1.000000e+00,0.000000e+00,0.000000e+00,0.000000e+00,0.000000e+00,0.000000e+00,0.000000e+00,0.000000e+00,0.000000e+00,0.000000e+00,0.000000e+00,0.000000e+00,0.000000e+00,0.000000e+00,0.000000e+00
1.000000e+00,0.000000e+00,0.000000e+00,0.000000e+00,0.000000e+00,0.000000e+00,0.000000e+00,0.000000e+00,0.000000e+00,0.000000e+00,0.000000e+00,0.000000e+00,0.000000e+00,0.000000e+00,0.000000e+00
1.000000e+00,0.000000e+00,0.000000e+00,0.000000e+00,0.000000e+00,0.000000e+00,0.000000e+00,0.000000e+00,0.000000e+00,0.000000e+00,0.000000e+00,0.000000e+00,0.000000e+00,0.000000e+00,0.000000e+00
1.000000e+00,0.000000e+00,0.000000e+00,0.000000e+00,0.000000e+00,0.000000e+00,0.000000e+00,0.000000e+00,0.000000e+00,0.000000e+00,0.000000e+00,0.000000e+00,0.000000e+00,0.000000e+00,0.000000e+00
1.000000e+00,0.000000e+00,0.000000e+00,0.000000e+00,0.000000e+00,0.000000e+00,0.000000e+00,0.000000e+00,0.000000e+00,0.000000e+00,0.000000e+00,0.000000e+00,0.000000e+00,0.000000e+00,0.000000e+00
1.000000e+00,0.000000e+00,0.000000e+00,0.000000e+00,0.000000e+00,0.000000e+00,0.000000e+00,0.000000e+00,0.000000e+00,0.000000e+00,0.000000e+00,0.000000e+00,0.000000e+00,0.000000e+00,0.000000e+00
1.000000e+00,0.000000e+00,0.000000e+00,0.000000e+00,0.000000e+00,0.000000e+00,0.000000e+00,0.000000e+00,0.000000e+00,0.000000e+00,0.000000e+00,0.000000e+00,0.000000e+00,0.000000e+00,0.000000e+00
1.000000e+00,0.000000e+00,0.000000e+00,0.000000e+00,0.000000e+00,0.000000e+00,0.000000e+00,0.000000e+00,0.000000e+00,0.000000e+00,0.000000e+00,0.000000e+00,0.000000e+00,0.000000e+00,0.000000e+00
1.000000e+00,0.000000e+00,0.000000e+00,0.000000e+00,0.000000e+00,0.000000e+00,0.000000e+00,0.000000e+00,0.000000e+00,0.000000e+00,0.000000e+00,0.000000e+00,0.000000e+00,0.000000e+00,0.000000e+00
1.000000e+00,0.000000e+00,0.000000e+00,0.000000e+00,0.000000e+00,0.000000e+00,0.000000e+00,0.000000e+00,0.000000e+00,0.000000e+00,0.000000e+00,0.000000e+00,0.000000e+00,0.000000e+00,0.000000e+00
1.000000e+00,0.000000e+00,0.000000e+00,0.000000e+00,0.000000e+00,0.000000e+00,0.000000e+00,0.000000e+00,0.000000e+00,0.000000e+00,0.000000e+00,0.000000e+00,0.000000e+00,0.000000e+00,0.000000e+00
1.000000e+00,0.000000e+00,0.000000e+00,0.000000e+00,0.000000e+00,0.000000e+00,0.000000e+00,0.000000e+00,0.000000e+00,0.000000e+00,0.000000e+00,0.000000e+00,0.000000e+00,0.000000e+00,0.000000e+00
1.000000e+00,0.000000e+00,0.000000e+00,0.000000e+00,0.000000e+00,0.000000e+00,0.000000e+00,0.000000e+00,0.000000e+00,0.000000e+00,0.000000e+00,0.000000e+00,0.000000e+00,0.000000e+00,0.000000e+00
1.000000e+00,0.000000e+00,0.000000e+00,0.000000e+00,0.000000e+00,0.000000e+00,0.000000e+00,0.000000e+00,0.000000e+00,0.000000e+00,0.000000e+00,0.000000e+00,0.000000e+00,0.000000e+00,0.000000e+00
1.000000e+00,0.000000e+00,0.000000e+00,0.000000e+00,0.000000e+00,0.000000e+00,0.000000e+00,0.000000e+00,0.000000e+00,0.000000e+00,0.000000e+00,0.000000e+00,0.000000e+00,0.000000e+00,0.000000e+00
1.000000e+00,0.000000e+00,0.000000e+00,0.000000e+00,0.000000e+00,0.000000e+00,0.000000e+00,0.000000e+00,0.000000e+00,0.000000e+00,0.000000e+00,0.000000e+00,0.000000e+00,0.000000e+00,0.000000e+00
1.000000e+00,0.000000e+00,0.000000e+00,0.000000e+00,0.000000e+00,0.000000e+00,0.000000e+00,0.000000e+00,0.000000e+00,0.000000e+00,0.000000e+00,0.000000e+00,0.000000e+00,0.000000e+00,0.000000e+00
1.000000e+00,0.000000e+00,0.000000e+00,0.000000e+00,0.000000e+00,0.000000e+00,0.000000e+00,0.000000e+00,0.000000e+00,0.000000e+00,0.000000e+00,0.000000e+00,0.000000e+00,0.000000e+00,0.000000e+00
1.000000e+00,0.000000e+00,0.000000e+00,0.000000e+00,0.000000e+00,0.000000e+00,0.000000e+00,0.000000e+00,0.000000e+00,0.000000e+00,0.000000e+00,0.000000e+00,0.000000e+00,0.000000e+00,0.000000e+00
1.000000e+00,0.000000e+00,0.000000e+00,0.000000e+00,0.000000e+00,0.000000e+00,0.000000e+00,0.000000e+00,0.000000e+00,0.000000e+00,0.000000e+00,0.000000e+00,0.000000e+00,0.000000e+00,0.000000e+00
1.000000e+00,0.000000e+00,0.000000e+00,0.000000e+00,0.000000e+00,0.000000e+00,0.000000e+00,0.000000e+00,0.000000e+00,0.000000e+00,0.000000e+00,0.000000e+00,0.000000e+00,0.000000e+00,0.000000e+00
1.000000e+00,0.000000e+00,0.000000e+00,0.000000e+00,0.000000e+00,0.000000e+00,0.000000e+00,0.000000e+00,0.000000e+00,0.000000e+00,0.000000e+00,0.000000e+00,0.000000e+00,0.000000e+00,0.000000e+00
1.000000e+00,0.000000e+00,0.000000e+00,0.000000e+00,0.000000e+00,0.000000e+00,0.000000e+00,0.000000e+00,0.000000e+00,0.000000e+00,0.000000e+00,0.000000e+00,0.000000e+00,0.000000e+00,0.000000e+00
1.000000e+00,0.000000e+00,0.000000e+00,0.000000e+00,0.000000e+00,0.000000e+00,0.000000e+00,0.000000e+00,0.000000e+00,0.000000e+00,0.000000e+00,0.000000e+00,0.000000e+00,0.000000e+00,0.000000e+00
1.000000e+00,0.000000e+00,0.000000e+00,0.000000e+00,0.000000e+00,0.000000e+00,0.000000e+00,0.000000e+00,0.000000e+00,0.000000e+00,0.000000e+00,0.000000e+00,0.000000e+00,0.000000e+00,0.000000e+00
1.000000e+00,0.000000e+00,0.000000e+00,0.000000e+00,0.000000e+00,0.000000e+00,0.000000e+00,0.000000e+00,0.000000e+00,0.000000e+00,0.000000e+00,0.000000e+00,0.000000e+00,0.000000e+00,0.000000e+00
1.000000e+00,0.000000e+00,0.000000e+00,0.000000e+00,0.000000e+00,0.000000e+00,0.000000e+00,0.000000e+00,0.000000e+00,0.000000e+00,0.000000e+00,0.000000e+00,0.000000e+00,0.000000e+00,0.000000e+00
1.000000e+00,0.000000e+00,0.000000e+00,0.000000e+00,0.000000e+00,0.000000e+00,0.000000e+00,0.000000e+00,0.000000e+00,0.000000e+00,0.000000e+00,0.000000e+00,0.000000e+00,0.000000e+00,0.000000e+00
1.000000e+00,0.000000e+00,0.000000e+00,0.000000e+00,0.000000e+00,0.000000e+00,0.000000e+00,0.000000e+00,0.000000e+00,0.000000e+00,0.000000e+00,0.000000e+00,0.000000e+00,0.000000e+00,0.000000e+00
1.000000e+00,0.000000e+00,0.000000e+00,0.000000e+00,0.000000e+00,0.000000e+00,0.000000e+00,0.000000e+00,0.000000e+00,0.000000e+00,0.000000e+00,0.000000e+00,0.000000e+00,0.000000e+00,0.000000e+00
1.000000e+00,0.000000e+00,0.000000e+00,0.000000e+00,0.000000e+00,0.000000e+00,0.000000e+00,0.000000e+00,0.000000e+00,0.000000e+00,0.000000e+00,0.000000e+00,0.000000e+00,0.000000e+00,0.000000e+00
1.000000e+00,0.000000e+00,0.000000e+00,0.000000e+00,0.000000e+00,0.000000e+00,0.000000e+00,0.000000e+00,0.000000e+00,0.000000e+00,0.000000e+00,0.000000e+00,0.000000e+00,0.000000e+00,0.000000e+00
1.000000e+00,0.000000e+00,0.000000e+00,0.000000e+00,0.000000e+00,0.000000e+00,0.000000e+00,0.000000e+00,0.000000e+00,0.000000e+00,0.000000e+00,0.000000e+00,0.000000e+00,0.000000e+00,0.000000e+00
1.000000e+00,0.000000e+00,0.000000e+00,0.000000e+00,0.000000e+00,0.000000e+00,0.000000e+00,0.000000e+00,0.000000e+00,0.000000e+00,0.000000e+00,0.000000e+00,0.000000e+00,0.000000e+00,0.000000e+00
1.000000e+00,0.000000e+00,0.000000e+00,0.000000e+00,0.000000e+00,0.000000e+00,0.000000e+00,0.000000e+00,0.000000e+00,0.000000e+00,0.000000e+00,0.000000e+00,0.000000e+00,0.000000e+00,0.000000e+00
1.000000e+00,0.000000e+00,0.000000e+00,0.000000e+00,0.000000e+00,0.000000e+00,0.000000e+00,0.000000e+00,0.000000e+00,0.000000e+00,0.000000e+00,0.000000e+00,0.000000e+00,0.000000e+00,0.000000e+00
1.000000e+00,0.000000e+00,0.000000e+00,0.000000e+00,0.000000e+00,0.000000e+00,0.000000e+00,0.000000e+00,0.000000e+00,0.000000e+00,0.000000e+00,0.000000e+00,0.000000e+00,0.000000e+00,0.000000e+00
1.000000e+00,0.000000e+00,0.000000e+00,0.000000e+00,0.000000e+00,0.000000e+00,0.000000e+00,0.000000e+00,0.000000e+00,0.000000e+00,0.000000e+00,0.000000e+00,0.000000e+00,0.000000e+00,0.000000e+00
1.000000e+00,0.000000e+00,0.000000e+00,0.000000e+00,0.000000e+00,0.000000e+00,0.000000e+00,0.000000e+00,0.000000e+00,0.000000e+00,0.000000e+00,0.000000e+00,0.000000e+00,0.000000e+00,0.000000e+00
1.000000e+00,0.000000e+00,0.000000e+00,0.000000e+00,0.000000e+00,0.000000e+00,0.000000e+00,0.000000e+00,0.000000e+00,0.000000e+00,0.000000e+00,0.000000e+00,0.000000e+00,0.000000e+00,0.000000e+00
1.000000e+00,0.000000e+00,0.000000e+00,0.000000e+00,0.000000e+00,0.000000e+00,0.000000e+00,0.000000e+00,0.000000e+00,0.000000e+00,0.000000e+00,0.000000e+00,0.000000e+00,0.000000e+00,0.000000e+00
1.000000e+00,0.000000e+00,0.000000e+00,0.000000e+00,0.000000e+00,0.000000e+00,0.000000e+00,0.000000e+00,0.000000e+00,0.000000e+00,0.000000e+00,0.000000e+00,0.000000e+00,0.000000e+00,0.000000e+00
1.000000e+00,0.000000e+00,0.000000e+00,0.000000e+00,0.000000e+00,0.000000e+00,0.000000e+00,0.000000e+00,0.000000e+00,0.000000e+00,0.000000e+00,0.000000e+00,0.000000e+00,0.000000e+00,0.000000e+00
1.000000e+00,0.000000e+00,0.000000e+00,0.000000e+00,0.000000e+00,0.000000e+00,0.000000e+00,0.000000e+00,0.000000e+00,0.000000e+00,0.000000e+00,0.000000e+00,0.000000e+00,0.000000e+00,0.000000e+00
1.000000e+00,0.000000e+00,0.000000e+00,0.000000e+00,0.000000e+00,0.000000e+00,0.000000e+00,0.000000e+00,0.000000e+00,0.000000e+00,0.000000e+00,0.000000e+00,0.000000e+00,0.000000e+00,0.000000e+00
1.000000e+00,0.000000e+00,0.000000e+00,0.000000e+00,0.000000e+00,0.000000e+00,0.000000e+00,0.000000e+00,0.000000e+00,0.000000e+00,0.000000e+00,0.000000e+00,0.000000e+00,0.000000e+00,0.000000e+00
1.000000e+00,0.000000e+00,0.000000e+00,0.000000e+00,0.000000e+00,0.000000e+00,0.000000e+00,0.000000e+00,0.000000e+00,0.000000e+00,0.000000e+00,0.000000e+00,0.000000e+00,0.000000e+00,0.000000e+00
1.000000e+00,0.000000e+00,0.000000e+00,0.000000e+00,0.000000e+00,0.000000e+00,0.000000e+00,0.000000e+00,0.000000e+00,0.000000e+00,0.000000e+00,0.000000e+00,0.000000e+00,0.000000e+00,0.000000e+00
1.000000e+00,0.000000e+00,0.000000e+00,0.000000e+00,0.000000e+00,0.000000e+00,0.000000e+00,0.000000e+00,0.000000e+00,0.000000e+00,0.000000e+00,0.000000e+00,0.000000e+00,0.000000e+00,0.000000e+00
1.000000e+00,0.000000e+00,0.000000e+00,0.000000e+00,0.000000e+00,0.000000e+00,0.000000e+00,0.000000e+00,0.000000e+00,0.000000e+00,0.000000e+00,0.000000e+00,0.000000e+00,0.000000e+00,0.000000e+00
1.000000e+00,0.000000e+00,0.000000e+00,0.000000e+00,0.000000e+00,0.000000e+00,0.000000e+00,0.000000e+00,0.000000e+00,0.000000e+00,0.000000e+00,0.000000e+00,0.000000e+00,0.000000e+00,0.000000e+00
1.000000e+00,0.000000e+00,0.000000e+00,0.000000e+00,0.000000e+00,0.000000e+00,0.000000e+00,0.000000e+00,0.000000e+00,0.000000e+00,0.000000e+00,0.000000e+00,0.000000e+00,0.000000e+00,0.000000e+00
1.000000e+00,0.000000e+00,0.000000e+00,0.000000e+00,0.000000e+00,0.000000e+00,0.000000e+00,0.000000e+00,0.000000e+00,0.000000e+00,0.000000e+00,0.000000e+00,0.000000e+00,0.000000e+00,0.000000e+00
1.000000e+00,0.000000e+00,0.000000e+00,0.000000e+00,0.000000e+00,0.000000e+00,0.000000e+00,0.000000e+00,0.000000e+00,0.000000e+00,0.000000e+00,0.000000e+00,0.000000e+00,0.000000e+00,0.000000e+00
1.000000e+00,0.000000e+00,0.000000e+00,0.000000e+00,0.000000e+00,0.000000e+00,0.000000e+00,0.000000e+00,0.000000e+00,0.000000e+00,0.000000e+00,0.000000e+00,0.000000e+00,0.000000e+00,0.000000e+00
1.000000e+00,0.000000e+00,0.000000e+00,0.000000e+00,0.000000e+00,0.000000e+00,0.000000e+00,0.000000e+00,0.000000e+00,0.000000e+00,0.000000e+00,0.000000e+00,0.000000e+00,0.000000e+00,0.000000e+00
1.000000e+00,0.000000e+00,0.000000e+00,0.000000e+00,0.000000e+00,0.000000e+00,0.000000e+00,0.000000e+00,0.000000e+00,0.000000e+00,0.000000e+00,0.000000e+00,0.000000e+00,0.000000e+00,0.000000e+00
1.000000e+00,0.000000e+00,0.000000e+00,0.000000e+00,0.000000e+00,0.000000e+00,0.000000e+00,0.000000e+00,0.000000e+00,0.000000e+00,0.000000e+00,0.000000e+00,0.000000e+00,0.000000e+00,0.000000e+00
1.000000e+00,0.000000e+00,0.000000e+00,0.000000e+00,0.000000e+00,0.000000e+00,0.000000e+00,0.000000e+00,0.000000e+00,0.000000e+00,0.000000e+00,0.000000e+00,0.000000e+00,0.000000e+00,0.000000e+00
1.000000e+00,0.000000e+00,0.000000e+00,0.000000e+00,0.000000e+00,0.000000e+00,0.000000e+00,0.000000e+00,0.000000e+00,0.000000e+00,0.000000e+00,0.000000e+00,0.000000e+00,0.000000e+00,0.000000e+00
1.000000e+00,0.000000e+00,0.000000e+00,0.000000e+00,0.000000e+00,0.000000e+00,0.000000e+00,0.000000e+00,0.000000e+00,0.000000e+00,0.000000e+00,0.000000e+00,0.000000e+00,0.000000e+00,0.000000e+00
1.000000e+00,0.000000e+00,0.000000e+00,0.000000e+00,0.000000e+00,0.000000e+00,0.000000e+00,0.000000e+00,0.000000e+00,0.000000e+00,0.000000e+00,0.000000e+00,0.000000e+00,0.000000e+00,0.000000e+00
3.695170e-01,5.826893e-02,1.536579e-02,2.577560e-01,3.874872e-03,1.917635e-02,2.800266e-03,6.375296e-03,9.559003e-02,3.531094e-02,1.862971e-02,1.614604e-02,1.831150e-02,2.481223e-03,8.039599e-02
2.606238e-01,4.815341e-02,4.136257e-02,3.164217e-01,3.097543e-03,1.404800e-02,2.051633e-03,5.137495e-03,1.136012e-01,6.456117e-02,2.265709e-02,1.234272e-02,1.704561e-02,1.941725e-03,7.695429e-02
1.841334e-01,3.958012e-02,1.343137e-01,2.486669e-01,2.331978e-03,1.091891e-02,1.471489e-03,3.980160e-03,9.545612e-02,1.426628e-01,2.582650e-02,8.971356e-03,1.442214e-02,1.778548e-03,8.548583e-02
1.400376e-01,3.894128e-02,1.480612e-01,1.872836e-01,2.314512e-03,1.037963e-02,1.130246e-03,3.666030e-03,1.045540e-01,1.500485e-01,7.184945e-02,8.026636e-03,3.466604e-02,4.852830e-03,9.418856e-02
9.886412e-02,3.963581e-02,1.401699e-01,2.157461e-01,1.888633e-03,7.621952e-03,8.523187e-04,2.703146e-03,1.434228e-01,1.520713e-01,5.326669e-02,6.029707e-03,2.519707e-02,3.748732e-03,1.087817e-01
8.659661e-02,3.222464e-02,1.088760e-01,1.635519e-01,1.714654e-03,6.651768e-03,7.318840e-04,2.198071e-03,1.508074e-01,1.342907e-01,4.077574e-02,5.490829e-03,1.865457e-02,2.570293e-02,2.217323e-01
1.201103e-01,2.577727e-02,8.377524e-02,1.173260e-01,2.172712e-03,6.340858e-03,6.069053e-04,1.929295e-03,1.518275e-01,1.091066e-01,3.234813e-02,6.985339e-03,1.593243e-02,4.543217e-02,2.803292e-01
1.543024e-01,2.103377e-02,6.044805e-02,8.263575e-02,3.026193e-03,5.452801e-03,5.509335e-04,1.653696e-03,1.227340e-01,8.392242e-02,2.778228e-02,6.300674e-03,1.275136e-02,1.604113e-01,2.569944e-01
1.333881e-01,1.525125e-02,4.261729e-02,5.798498e-02,2.196336e-03,4.517372e-03,4.468485e-04,1.258153e-03,1.042582e-01,6.308088e-02,2.366667e-02,4.825577e-03,9.702548e-03,3.271160e-01,2.096899e-01
1.351826e-01,1.251489e-02,3.174641e-02,4.241694e-02,1.918645e-03,4.686245e-03,5.891549e-04,1.413500e-03,1.367564e-01,4.955217e-02,2.076032e-02,4.355878e-03,8.467036e-03,3.629567e-01,1.866831e-01
2.130331e-01,1.065024e-02,2.425796e-02,3.092895e-02,1.974707e-03,1.244013e-02,1.221234e-03,1.568116e-03,9.941744e-02,3.604290e-02,1.634082e-02,3.928747e-03,7.134059e-03,3.849249e-01,1.561367e-01
2.734486e-01,1.067014e-02,1.850114e-02,2.452215e-02,2.571019e-03,2.026435e-02,1.230538e-03,1.422620e-03,7.824254e-02,2.748549e-02,1.424345e-02,3.977459e-03,8.616887e-03,3.541789e-01,1.606247e-01
2.799834e-01,9.010676e-03,1.608877e-02,1.952825e-02,2.459786e-03,2.188975e-02,1.847218e-03,1.589049e-03,6.124273e-02,2.073725e-02,1.180920e-02,4.438507e-03,7.980098e-03,3.996920e-01,1.417033e-01
3.285881e-01,7.823390e-03,1.334109e-02,1.705353e-02,2.363033e-03,2.030652e-02,1.863569e-03,1.577591e-03,4.948710e-02,1.579989e-02,1.047036e-02,4.895290e-03,8.167300e-03,3.993932e-01,1.188700e-01
3.583373e-01,9.887805e-03,1.243480e-02,1.734970e-02,3.082222e-03,2.095731e-02,1.997445e-03,2.126694e-03,4.561445e-02,1.302276e-02,1.048721e-02,5.243241e-03,8.386075e-03,3.667863e-01,1.242867e-01
3.608442e-01,1.105341e-02,1.101266e-02,2.016181e-02,5.041467e-03,1.942056e-02,2.681606e-03,3.699809e-03,7.929688e-02,1.395187e-02,1.174822e-02,5.119872e-03,9.045986e-03,3.270608e-01,1.198608e-01
3.033785e-01,1.009646e-02,1.251870e-02,2.129973e-02,5.436089e-03,1.599760e-02,2.140105e-03,2.902682e-03,9.294398e-02,1.629133e-02,1.100993e-02,4.112370e-03,6.848235e-03,3.608305e-01,1.341939e-01
2.166074e-01,8.592378e-03,1.552056e-02,1.547285e-02,5.728312e-03,1.172623e-02,1.532001e-03,2.061566e-03,9.631015e-02,2.501772e-02,9.193414e-03,3.100131e-03,5.068631e-03,4.437257e-01,1.403430e-01
1.630369e-01,1.029657e-02,1.570254e-02,1.228719e-02,6.023662e-03,9.015633e-03,1.144036e-03,1.651112e-03,1.076608e-01,4.419144e-02,1.153673e-02,3.083443e-03,4.439054e-03,4.884889e-01,1.214420e-01
1.300956e-01,1.298898e-02,1.457103e-02,1.137137e-02,5.675462e-03,7.444014e-03,8.607439e-04,1.246258e-03,1.169003e-01,5.559283e-02,9.951034e-03,2.707228e-03,4.236695e-03,4.496516e-01,1.767069e-01
1.220427e-01,1.346645e-02,3.969470e-02,2.645551e-02,6.566694e-03,6.993088e-03,7.654161e-04,1.062092e-03,1.861162e-01,5.278520e-02,1.089280e-02,2.912650e-03,3.761352e-03,3.588285e-01,1.676566e-01
1.020263e-01,1.161020e-02,4.312479e-02,2.189193e-02,5.169186e-03,5.821108e-03,6.673039e-04,8.242917e-04,2.124361e-01,5.405535e-02,9.301715e-03,3.322656e-03,3.741561e-03,3.449424e-01,1.810653e-01
8.373705e-02,9.976858e-03,5.801797e-02,1.685013e-02,4.050942e-03,4.989039e-03,5.604496e-04,6.653274e-04,1.764953e-01,4.961309e-02,9.804582e-03,3.467112e-03,3.556351e-03,4.026251e-01,1.755907e-01
8.025166e-02,1.304896e-02,4.511377e-02,1.303477e-02,3.135787e-03,5.477030e-03,7.575806e-04,7.107230e-04,1.357778e-01,4.337087e-02,1.347426e-02,7.580129e-03,7.066631e-03,3.940668e-01,2.371332e-01
8.627097e-02,1.253261e-02,3.468314e-02,1.013304e-02,3.041950e-03,5.512064e-03,7.322489e-04,7.632634e-04,1.149855e-01,4.356976e-02,1.978418e-02,8.212212e-03,6.434700e-03,3.974818e-01,2.558625e-01
7.625385e-02,1.244002e-02,2.469244e-02,7.420322e-03,2.718553e-03,8.090088e-03,6.577214e-04,8.550895e-04,9.797239e-02,5.325120e-02,3.811219e-02,7.822672e-03,5.781459e-03,4.539199e-01,2.100121e-01
6.123825e-02,1.694038e-02,1.820286e-02,5.646167e-03,2.553748e-03,1.083878e-02,1.252771e-03,1.814598e-03,1.029216e-01,1.053937e-01,4.625872e-02,7.465567e-03,5.785894e-03,4.515763e-01,1.621107e-01
6.408229e-02,3.794816e-02,1.624620e-02,5.639149e-03,7.504757e-03,1.344716e-02,2.252782e-03,4.703656e-03,1.826409e-01,1.252504e-01,3.939625e-02,6.163607e-03,8.350680e-03,3.599000e-01,1.264740e-01
7.180373e-02,5.529566e-02,2.386282e-02,7.870385e-03,2.311314e-02,1.276654e-02,3.005675e-03,3.968170e-02,2.432059e-01,1.198252e-01,3.123524e-02,5.326827e-03,7.368527e-03,2.626082e-01,9.303053e-02
7.606828e-02,5.032984e-02,1.296241e-01,1.321028e-02,6.404550e-02,1.269997e-02,4.185865e-03,4.322605e-02,2.159122e-01,9.841740e-02,2.460269e-02,4.269839e-03,6.071561e-03,1.885047e-01,6.883175e-02
6.996059e-02,4.281398e-02,2.152900e-01,1.291214e-02,6.888701e-02,1.530083e-02,3.831804e-03,3.339280e-02,1.629586e-01,1.504190e-01,2.029864e-02,5.878220e-03,8.898042e-03,1.339929e-01,5.516560e-02
6.896771e-02,4.710425e-02,2.836678e-01,1.190374e-02,7.867981e-02,1.959009e-02,3.450166e-03,3.545435e-02,1.310634e-01,1.482638e-01,1.677518e-02,5.706310e-03,9.595918e-03,9.590860e-02,4.386876e-02
7.304090e-02,5.227255e-02,3.226487e-01,1.993271e-02,7.179877e-02,2.927329e-02,8.763414e-03,6.038459e-02,9.904139e-02,1.190903e-01,1.351620e-02,5.584364e-03,2.048757e-02,6.785396e-02,3.631125e-02
8.710612e-02,4.722447e-02,2.841041e-01,1.672135e-02,6.144750e-02,2.946762e-02,3.609739e-02,1.050320e-01,7.779925e-02,1.325621e-01,9.835306e-03,4.618507e-03,1.951830e-02,4.998994e-02,3.847603e-02
9.104896e-02,4.254485e-02,2.212384e-01,1.550344e-02,4.979757e-02,2.323395e-02,5.535496e-02,2.075614e-01,6.480586e-02,1.232225e-01,7.263898e-03,3.735884e-03,1.520287e-02,3.666473e-02,4.282072e-02
1.705157e-01,3.730450e-02,1.749763e-01,1.516461e-02,4.287864e-02,2.373352e-02,5.804541e-02,2.206872e-01,6.341765e-02,1.022227e-01,5.869145e-03,4.593501e-03,1.588359e-02,2.790338e-02,3.680407e-02
1.915242e-01,3.546103e-02,1.432734e-01,1.332563e-02,3.548774e-02,1.977507e-02,7.028369e-02,2.615619e-01,7.219363e-02,8.347763e-02,4.633290e-03,4.546388e-03,1.339813e-02,2.095076e-02,3.010750e-02
2.389004e-01,3.128538e-02,1.394562e-01,1.542062e-02,2.797459e-02,2.187473e-02,7.583708e-02,2.583264e-01,6.585124e-02,5.969287e-02,4.052735e-03,6.959552e-03,1.237986e-02,1.611802e-02,2.587038e-02
2.482671e-01,2.814392e-02,1.399500e-01,1.590681e-02,2.465908e-02,1.705659e-02,7.265422e-02,2.999661e-01,5.691396e-02,4.277558e-02,3.141351e-03,5.934949e-03,9.452843e-03,1.290499e-02,2.227254e-02
2.794959e-01,2.726530e-02,1.281067e-01,1.592531e-02,2.205224e-02,1.499992e-02,6.891097e-02,3.142302e-01,5.135351e-02,3.143318e-02,2.628340e-03,6.475214e-03,8.871555e-03,1.007449e-02,1.817726e-02
2.988129e-01,2.432567e-02,1.197303e-01,1.901096e-02,1.770907e-02,1.646080e-02,5.588800e-02,3.438547e-01,4.121569e-02,2.306725e-02,2.166366e-03,6.685855e-03,8.773660e-03,7.430559e-03,1.486826e-02
3.315139e-01,1.938203e-02,1.116829e-01,2.231183e-02,1.353741e-02,2.612723e-02,4.773632e-02,3.407402e-01,3.058667e-02,1.796017e-02,1.853436e-03,6.694728e-03,1.065322e-02,5.603662e-03,1.361638e-02
2.831138e-01,1.606755e-02,9.679671e-02,2.511163e-02,1.119158e-02,2.677360e-02,4.061668e-02,4.278980e-01,2.308465e-02,1.380774e-02,1.771359e-03,5.348225e-03,1.216446e-02,4.150289e-03,1.210378e-02
2.069441e-01,1.147397e-02,7.598988e-02,3.302827e-02,9.400096e-03,2.023562e-02,3.080577e-02,5.567072e-01,1.649266e-02,1.187716e-02,1.321136e-03,3.914511e-03,9.481593e-03,2.956090e-03,9.371953e-03
1.705990e-01,9.465188e-03,5.756782e-02,2.550177e-02,7.019552e-03,2.102588e-02,2.220725e-02,4.246181e-01,4.149989e-02,1.785887e-01,4.920274e-03,5.450854e-03,1.062506e-02,5.560744e-03,1.535000e-02
1.889309e-01,8.613010e-03,4.505989e-02,2.293536e-02,5.339549e-03,1.815272e-02,1.628203e-02,3.202934e-01,3.954694e-02,2.809457e-01,9.032466e-03,7.370764e-03,9.412876e-03,9.025949e-03,1.905845e-02
2.586153e-01,7.135370e-03,3.473886e-02,1.814597e-02,4.248370e-03,1.706181e-02,1.450538e-02,2.454838e-01,3.552375e-02,2.504663e-01,2.458216e-02,9.576722e-03,1.044841e-02,4.363706e-02,2.583071e-02
2.140104e-01,6.174981e-03,2.660149e-02,1.524126e-02,4.712543e-03,1.920952e-02,1.520832e-02,1.784253e-01,3.487848e-02,2.182419e-01,1.143901e-01,9.249995e-03,9.657178e-03,1.088085e-01,2.519006e-02
1.659994e-01,5.264302e-03,2.005421e-02,1.188547e-02,5.105297e-03,1.574572e-02,1.197076e-02,1.260210e-01,2.902640e-02,1.650498e-01,2.440056e-01,8.468856e-03,7.544560e-03,1.642304e-01,1.962816e-02
1.209000e-01,4.392814e-03,1.443412e-02,8.606444e-03,4.556893e-03,1.208732e-02,9.594770e-03,8.905712e-02,2.432695e-02,1.172690e-01,3.428967e-01,1.082385e-02,5.813949e-03,2.209784e-01,1.426172e-02
1.045740e-01,4.061969e-03,1.054346e-02,7.400422e-03,4.207395e-03,1.085976e-02,7.411570e-03,6.352270e-02,2.046421e-02,8.312880e-02,3.801228e-01,1.048800e-02,5.203687e-03,2.777040e-01,1.030732e-02
7.673436e-02,4.413132e-03,7.499440e-03,5.742385e-03,3.463549e-03,9.154952e-03,5.462509e-03,4.500183e-02,1.806321e-02,5.899695e-02,4.490816e-01,1.096708e-02,4.382727e-03,2.936521e-01,7.384245e-03
5.573025e-02,1.352762e-02,5.949180e-03,5.039510e-03,3.266576e-03,4.291443e-02,4.011291e-03,3.178832e-02,2.067050e-02,4.190660e-02,4.268883e-01,1.303655e-02,3.921878e-03,3.256875e-01,5.661572e-03
3.956095e-02,1.312408e-02,4.369576e-03,3.880450e-03,2.511563e-03,4.485536e-02,2.907904e-03,2.228244e-02,1.830409e-02,2.963475e-02,3.987359e-01,1.374181e-02,3.834985e-03,3.981085e-01,4.147693e-03
2.806391e-02,1.184567e-02,4.496047e-03,3.070830e-03,2.365204e-03,4.168957e-02,2.139815e-03,1.575494e-02,1.645280e-02,2.120522e-02,3.882355e-01,1.244225e-02,3.643852e-03,4.455133e-01,3.081185e-03
1.979315e-02,8.615263e-03,6.043084e-03,2.298344e-03,2.878248e-03,3.327438e-02,1.579149e-03,1.120093e-02,1.292434e-02,1.528750e-02,4.431377e-01,1.246270e-02,4.837862e-03,4.234034e-01,2.263959e-03
1.392690e-02,6.717713e-03,5.291133e-03,1.678442e-03,2.603614e-03,3.867477e-02,1.155039e-03,7.910997e-03,1.121844e-02,1.164195e-02,4.682651e-01,1.152088e-02,4.645224e-03,4.130875e-01,1.662427e-03
1.002111e-02,1.358755e-02,6.025800e-03,1.248950e-03,3.222502e-03,7.166891e-02,8.784734e-04,5.678132e-03,1.771250e-02,1.054479e-02,4.638652e-01,1.146828e-02,4.014468e-03,3.785939e-01,1.469449e-03
7.505186e-03,1.557594e-02,7.374762e-03,1.059868e-03,3.494004e-03,6.664930e-02,6.888856e-04,4.139564e-03,2.728944e-02,1.007422e-02,4.327413e-01,9.923010e-03,3.628228e-03,4.079732e-01,1.883111e-03
6.096854e-03,2.856125e-02,8.062126e-03,9.788421e-04,3.903434e-03,1.573984e-01,5.999164e-04,3.483275e-03,5.703323e-02,9.758746e-03,3.509737e-01,7.861106e-03,2.967465e-03,3.602766e-01,2.044899e-03
5.085863e-03,3.028287e-02,6.324621e-03,1.128372e-03,4.167599e-03,3.262696e-01,4.689376e-04,3.194042e-03,8.883095e-02,1.070005e-02,2.528112e-01,5.659029e-03,2.273159e-03,2.607749e-01,2.028826e-03
4.047886e-03,3.272231e-02,4.646771e-03,1.066228e-03,3.801520e-03,4.677014e-01,3.709845e-04,2.840128e-03,9.781149e-02,1.255576e-02,1.785723e-01,4.010378e-03,1.749309e-03,1.858958e-01,2.207744e-03
4.618161e-03,4.771949e-02,3.666383e-03,1.019693e-03,3.396092e-03,5.391519e-01,2.912337e-04,2.889358e-03,9.217396e-02,3.644807e-02,1.268679e-01,2.956099e-03,1.534345e-03,1.335526e-01,3.714708e-03
6.327856e-03,4.763182e-02,2.888595e-03,1.178691e-03,3.417709e-03,5.947624e-01,2.440166e-04,2.552683e-03,8.545171e-02,6.265064e-02,9.030950e-02,2.262755e-03,1.710725e-03,9.398016e-02,4.630743e-03
8.124135e-03,4.560412e-02,2.205187e-03,1.423464e-03,4.395285e-03,6.549006e-01,2.252580e-04,3.172535e-03,8.004679e-02,6.071138e-02,6.471268e-02,1.725472e-03,1.712299e-03,6.625272e-02,4.788128e-03
1.157208e-02,6.967370e-02,5.119286e-03,5.882101e-03,4.344025e-03,5.227768e-01,2.288074e-04,8.157429e-03,1.010627e-01,1.541258e-01,4.637199e-02,1.747343e-03,2.667179e-03,4.673385e-02,1.953698e-02
1.205169e-02,9.578480e-02,8.808267e-03,9.119097e-03,4.212355e-03,4.159490e-01,2.360676e-04,1.302117e-02,1.074851e-01,2.291068e-01,3.471089e-02,2.358236e-03,3.719213e-03,3.311991e-02,3.031737e-02
1.201789e-02,1.201167e-01,2.546226e-02,1.229569e-02,5.607431e-03,3.114344e-01,4.355577e-04,9.957886e-02,1.101226e-01,2.176524e-01,2.647153e-02,2.247228e-03,6.372128e-03,2.377821e-02,2.640714e-02
1.149632e-02,1.057794e-01,3.654287e-02,9.683978e-03,5.096558e-03,2.204801e-01,8.021819e-04,3.028596e-01,8.759240e-02,1.570480e-01,1.874770e-02,1.610743e-03,5.686562e-03,1.677753e-02,1.979607e-02
9.810607e-03,8.570083e-02,3.947672e-02,7.147309e-03,4.753066e-03,1.556527e-01,1.943298e-03,4.708054e-01,6.603874e-02,1.116358e-01,1.326509e-02,1.171702e-03,5.448899e-03,1.184987e-02,1.529999e-02
8.789446e-03,6.360067e-02,3.947375e-02,5.149576e-03,4.639568e-03,1.091578e-01,3.354872e-03,6.043223e-01,4.749608e-02,7.840894e-02,9.377078e-03,8.590901e-04,4.805549e-03,8.609504e-03,1.195575e-02
8.112434e-03,4.553245e-02,3.618216e-02,3.775175e-03,4.553912e-03,7.675603e-02,3.436680e-03,7.041016e-01,3.400616e-02,5.504315e-02,6.674179e-03,6.491205e-04,5.926309e-03,6.418128e-03,8.832511e-03
9.722952e-03,3.235367e-02,2.872135e-02,2.851832e-03,4.329846e-03,5.412411e-02,3.234923e-03,7.795761e-01,2.450022e-02,3.855011e-02,4.718806e-03,4.764266e-04,5.962352e-03,4.638570e-03,6.238820e-03
1.096539e-02,2.296310e-02,2.225278e-02,2.310567e-03,6.136805e-03,3.815561e-02,4.138669e-03,8.314469e-01,1.780423e-02,2.699927e-02,3.339129e-03,3.554695e-04,5.306278e-03,3.409551e-03,4.416270e-03
1.190812e-02,1.626344e-02,1.727447e-02,2.111214e-03,5.083023e-03,2.730957e-02,6.411088e-03,8.684908e-01,1.288963e-02,1.891595e-02,2.389731e-03,3.182635e-04,4.953632e-03,2.511508e-03,3.169567e-03
1.717119e-02,1.165691e-02,1.681690e-02,3.048160e-03,5.115911e-03,2.020181e-02,1.878023e-02,8.705242e-01,9.738612e-03,1.332033e-02,1.784143e-03,4.851326e-04,6.963699e-03,1.874256e-03,2.518482e-03
2.654749e-02,8.654380e-03,1.588711e-02,3.749385e-03,4.541598e-03,1.714472e-02,1.718538e-02,8.735996e-01,7.773461e-03,9.834472e-03,1.676145e-03,1.320944e-03,7.098006e-03,1.654295e-03,3.332844e-03
5.102821e-02,6.521243e-03,1.241723e-02,3.968556e-03,3.684478e-03,1.308711e-02,1.235303e-02,8.654740e-01,6.768741e-03,7.392783e-03,1.869463e-03,4.454921e-03,6.184859e-03,1.783818e-03,3.011449e-03
1.419837e-01,4.985617e-03,9.528388e-03,3.901577e-03,3.081767e-03,1.060898e-02,9.007263e-03,7.838694e-01,6.152036e-03,5.715861e-03,2.319758e-03,7.139616e-03,6.718273e-03,1.885273e-03,3.102392e-03
2.349108e-01,4.020022e-03,7.212239e-03,3.558449e-03,2.464984e-03,9.270939e-03,6.747774e-03,6.623014e-01,8.694916e-03,1.575672e-02,6.201530e-03,1.382749e-02,1.306580e-02,4.313299e-03,7.653674e-03
2.437418e-01,3.273498e-03,5.576897e-03,4.485078e-03,2.458163e-03,8.344929e-03,5.043628e-03,4.918120e-01,3.670630e-02,7.553084e-02,1.343950e-02,1.589616e-02,7.302134e-02,8.455693e-03,1.221425e-02
2.991722e-01,2.904782e-03,4.428848e-03,5.333470e-03,2.327888e-03,8.698282e-03,3.836136e-03,3.624073e-01,4.092905e-02,1.255412e-01,2.086772e-02,1.789820e-02,7.759592e-02,1.002461e-02,1.803441e-02
2.227612e-01,2.432706e-03,3.219991e-03,6.319315e-03,2.315923e-03,6.717159e-03,2.765713e-03,2.559544e-01,2.198966e-01,1.551493e-01,1.795703e-02,1.358622e-02,6.499904e-02,7.855691e-03,1.806977e-02
1.598965e-01,1.858635e-03,2.353040e-03,4.759289e-03,2.670355e-03,4.940152e-03,1.968581e-03,1.796574e-01,1.783306e-01,3.599171e-01,1.316756e-02,9.841623e-03,5.313221e-02,6.269061e-03,2.123783e-02
1.150697e-01,4.584042e-03,2.090908e-03,3.622942e-03,3.182699e-03,3.679187e-03,1.417944e-03,1.261641e-01,1.384361e-01,3.803241e-01,1.230116e-02,7.158468e-03,5.048545e-02,5.797149e-03,1.456861e-01
8.122779e-02,4.491494e-03,1.613928e-03,2.849377e-03,3.782616e-03,2.851218e-03,1.009351e-03,8.862850e-02,1.051035e-01,2.901246e-01,1.019116e-02,5.325017e-03,4.153883e-02,5.993919e-03,3.552688e-01
5.702888e-02,3.723998e-03,1.316663e-03,2.577276e-03,3.003804e-03,2.143219e-03,7.081020e-04,6.207881e-02,7.580835e-02,2.061193e-01,8.880352e-03,3.889451e-03,3.078806e-02,6.357836e-03,5.355759e-01
4.019866e-02,3.721769e-03,2.413327e-02,4.275900e-03,3.212286e-03,1.770108e-03,5.290408e-04,4.465035e-02,6.587501e-02,1.445587e-01,9.191460e-03,2.929561e-03,2.503924e-02,5.604432e-03,6.243102e-01
2.842509e-02,1.089674e-02,2.373497e-02,3.720837e-03,2.672530e-03,1.347286e-03,4.136024e-04,3.198039e-02,9.191289e-02,1.016868e-01,7.479312e-03,2.114028e-03,1.848032e-02,5.578619e-03,6.695566e-01
2.015794e-02,1.102812e-02,3.396177e-02,5.508111e-03,2.155871e-03,1.069672e-03,4.046013e-04,2.465077e-02,1.184929e-01,7.140572e-02,6.352056e-03,1.598759e-03,1.418501e-02,5.562185e-03,6.834665e-01
1.445352e-02,8.427253e-03,2.165349e-01,5.037331e-03,1.809799e-03,8.319796e-04,1.129841e-03,2.289521e-02,1.471320e-01,5.035070e-02,5.183561e-03,1.310041e-03,1.062407e-02,4.653476e-03,5.096263e-01
1.057505e-02,7.023926e-03,3.736086e-01,4.211747e-03,1.623310e-03,7.198458e-04,3.297967e-03,4.039275e-02,1.296535e-01,3.551111e-02,4.307458e-03,1.126662e-03,8.172374e-03,3.410557e-03,3.763652e-01
8.753123e-03,7.107739e-03,5.187608e-01,4.325381e-03,1.484808e-03,9.151897e-04,2.870016e-03,3.485159e-02,1.083874e-01,3.104450e-02,3.235952e-03,9.593600e-04,6.128678e-03,2.419287e-03,2.687563e-01
1.571781e-02,1.895699e-02,5.429512e-01,6.856479e-03,5.846837e-03,1.210875e-03,2.663632e-03,7.299219e-02,8.858544e-02,2.485152e-02,2.666490e-03,8.057393e-04,4.891649e-03,2.036938e-03,2.089663e-01
2.237902e-02,2.321703e-02,5.621576e-01,9.575292e-03,9.008793e-03,1.979418e-03,3.816258e-03,1.095595e-01,7.133075e-02,1.953595e-02,2.105180e-03,7.271631e-04,4.316212e-03,1.789844e-03,1.585019e-01
4.611037e-02,2.441743e-02,5.342011e-01,2.398741e-02,1.495439e-02,3.725309e-03,4.977106e-03,1.298184e-01,5.754244e-02,2.748742e-02,2.289438e-03,1.320300e-03,4.528402e-03,2.096510e-03,1.225440e-01
7.124749e-02,2.540476e-02,4.243572e-01,3.438073e-02,2.005821e-02,5.639563e-03,5.367177e-03,2.055160e-01,5.094244e-02,3.756079e-02,2.690179e-03,2.013240e-03,4.453894e-03,2.484682e-03,1.078837e-01
8.258635e-02,2.197659e-02,3.311834e-01,3.815271e-02,2.330429e-02,5.528382e-03,5.312885e-03,3.060046e-01,4.178030e-02,3.210394e-02,2.346325e-03,2.049987e-03,3.516947e-03,2.518005e-03,1.016354e-01
9.717909e-02,1.972622e-02,2.501530e-01,3.598662e-02,2.079355e-02,5.581709e-03,6.739975e-03,3.958634e-01,3.393471e-02,2.764356e-02,2.518567e-03,2.876207e-03,3.010862e-03,4.137779e-03,9.385479e-02
1.114723e-01,1.772090e-02,1.906152e-01,3.202024e-02,1.905909e-02,5.736203e-03,7.580055e-03,4.670939e-01,2.653325e-02,2.600340e-02,2.435315e-03,3.204770e-03,2.661458e-03,4.777595e-03,8.308630e-02
1.377562e-01,1.584486e-02,1.392086e-01,2.521227e-02,1.692043e-02,7.405866e-03,7.596819e-03,5.253870e-01,2.095443e-02,2.309105e-02,3.122804e-03,6.375568e-03,2.794668e-03,4.181991e-03,6.414749e-02
1.341568e-01,1.325875e-02,1.013499e-01,2.039040e-02,1.402769e-02,7.757270e-03,6.475254e-03,5.982122e-01,1.612575e-02,1.964441e-02,3.545829e-03,7.473942e-03,2.640259e-03,3.254713e-03,5.168683e-02
1.013273e-01,1.039087e-02,9.012324e-02,1.898038e-02,9.890988e-03,7.607717e-03,4.814147e-03,4.217652e-01,1.844962e-01,5.223144e-02,1.075412e-02,8.370840e-03,3.443876e-03,7.990578e-03,6.781305e-02
7.851464e-02,8.169953e-03,6.651973e-02,1.503673e-02,7.077598e-03,6.099915e-03,3.816946e-03,3.000662e-01,3.134291e-01,4.964505e-02,3.384979e-02,1.861528e-02,6.036717e-03,4.150992e-02,5.161250e-02
5.534798e-02,6.335964e-03,4.822499e-02,1.123488e-02,5.117998e-03,4.586311e-03,2.813146e-03,2.107741e-01,3.404118e-01,3.867476e-02,7.768700e-02,2.116810e-02,5.888005e-03,1.319115e-01,3.982345e-02
3.922004e-02,4.930985e-03,3.419596e-02,8.188946e-03,3.795448e-03,3.650703e-03,2.038250e-03,1.481106e-01,2.762779e-01,2.821179e-02,1.683612e-01,1.830195e-02,4.942863e-03,2.310772e-01,2.869613e-02
2.766096e-02,3.751141e-03,2.438947e-02,5.881923e-03,2.718697e-03,3.277366e-03,1.460873e-03,1.038991e-01,2.195916e-01,2.026755e-02,2.292327e-01,1.835562e-02,4.625326e-03,3.137684e-01,2.111926e-02
1.941956e-02,3.090330e-03,1.708958e-02,4.233372e-03,1.918753e-03,2.627173e-03,1.026215e-03,7.274415e-02,1.588273e-01,1.441639e-02,3.123763e-01,1.591045e-02,3.533480e-03,3.572530e-01,1.553391e-02
1.364869e-02,2.956734e-03,1.196733e-02,3.015724e-03,1.367991e-03,5.232677e-03,7.208191e-04,5.093604e-02,1.126363e-01,1.033154e-02,3.453052e-01,1.277407e-02,2.690801e-03,4.152521e-01,1.116407e-02
9.619820e-03,3.429347e-03,8.398812e-03,2.161513e-03,1.007967e-03,1.085056e-02,5.090272e-04,3.568700e-02,8.078578e-02,7.466051e-03,3.336205e-01,1.005210e-02,2.101891e-03,4.862843e-01,8.025409e-03
6.777352e-03,8.606337e-03,5.900222e-03,1.696251e-03,7.784975e-04,1.524151e-02,3.612144e-04,2.499921e-02,6.654620e-02,5.298268e-03,3.287569e-01,8.589509e-03,1.560665e-03,5.191791e-01,5.708846e-03
4.803197e-03,9.801975e-03,4.172841e-03,1.857790e-03,6.149607e-04,3.494144e-02,2.591462e-04,1.755156e-02,5.888457e-02,3.782617e-03,3.124283e-01,7.346137e-03,1.175631e-03,5.383066e-01,4.073385e-03
3.427357e-03,7.803870e-03,2.945717e-03,2.292806e-03,5.014299e-04,4.547453e-02,1.944342e-04,1.230955e-02,5.044205e-02,2.761573e-03,2.946516e-01,6.361657e-03,1.132126e-03,5.668202e-01,2.881201e-03
2.499776e-03,8.820834e-03,2.610480e-03,5.176326e-03,2.572625e-03,4.918750e-02,2.976263e-04,9.486604e-03,5.331933e-02,2.312219e-03,2.878138e-01,4.864843e-03,1.586281e-03,5.672674e-01,2.184339e-03
1.865238e-03,7.703100e-03,2.190281e-03,8.633184e-03,6.599644e-03,5.094819e-02,3.610483e-04,7.682733e-03,7.287410e-02,2.438101e-03,2.728995e-01,3.949866e-03,2.410138e-03,5.577906e-01,1.654182e-03
1.787334e-03,7.043357e-03,1.779646e-03,8.358939e-03,9.161284e-03,4.505149e-02,3.664150e-04,6.836326e-03,1.468619e-01,2.831315e-03,2.794728e-01,4.335820e-03,3.814233e-03,4.810530e-01,1.246098e-03
1.591051e-03,7.540658e-03,1.503031e-03,8.117139e-03,1.315640e-02,3.782799e-02,4.000138e-04,9.315748e-03,2.750630e-01,3.012244e-03,2.417763e-01,4.290015e-03,3.991991e-03,3.914668e-01,9.476517e-04
1.966103e-03,1.360229e-02,1.464030e-03,1.151663e-02,1.496420e-02,3.303395e-02,4.061660e-04,7.881274e-03,3.435591e-01,7.973023e-03,2.520498e-01,7.061973e-03,6.696300e-03,2.953569e-01,2.468221e-03
2.711872e-03,1.269606e-02,1.400516e-03,9.559040e-03,1.799288e-02,4.746132e-02,6.702121e-04,1.322646e-02,4.558516e-01,6.653833e-03,2.105968e-01,5.319594e-03,6.064926e-03,2.077612e-01,2.033722e-03
5.264095e-03,1.910433e-02,4.621694e-03,7.712968e-03,5.296414e-02,6.047239e-02,2.278480e-03,1.593069e-02,5.035101e-01,5.192338e-03,1.662526e-01,3.863179e-03,5.385212e-03,1.456086e-01,1.839215e-03
7.744695e-03,1.639419e-02,1.061620e-02,1.369870e-02,5.794363e-02,4.949206e-02,2.595714e-03,5.476374e-02,5.531662e-01,3.797271e-03,1.189761e-01,2.948851e-03,4.154705e-03,1.021260e-01,1.582040e-03
1.093641e-02,1.745119e-02,8.910405e-03,1.159836e-02,6.037160e-02,6.097726e-02,2.655703e-03,6.297299e-02,5.944077e-01,2.947514e-03,8.593944e-02,2.321889e-03,3.668313e-03,7.169984e-02,3.141403e-03
3.905370e-02,2.417662e-02,7.299906e-03,1.077301e-02,8.777863e-02,6.495877e-02,2.217461e-03,5.916524e-02,5.612263e-01,2.207975e-03,8.187374e-02,2.200289e-03,2.994968e-03,5.086914e-02,3.204246e-03
4.177374e-02,2.689874e-02,5.655844e-03,8.482358e-03,7.662645e-02,7.488196e-02,1.845093e-03,6.086218e-02,5.912626e-01,1.624196e-03,6.650362e-02,2.003356e-03,2.460824e-03,3.637374e-02,2.745317e-03
4.770753e-02,3.050190e-02,4.591065e-03,7.997815e-03,8.974430e-02,8.960752e-02,1.843155e-03,5.326194e-02,5.888968e-01,1.309996e-03,5.071919e-02,2.046746e-03,2.277738e-03,2.605316e-02,3.441119e-03
6.579240e-02,3.146421e-02,4.611506e-03,4.988616e-02,1.082695e-01,6.905837e-02,1.997834e-03,1.167572e-01,4.840906e-01,1.170143e-03,3.597570e-02,1.881791e-03,2.216002e-03,1.845560e-02,8.373003e-03
8.076303e-02,3.075511e-02,3.533965e-03,4.215309e-02,1.616610e-01,6.333713e-02,2.130548e-03,1.261275e-01,4.399115e-01,8.597123e-04,2.561950e-02,1.618889e-03,1.853756e-03,1.315610e-02,6.519208e-03
8.977950e-02,3.312520e-02,2.646264e-03,3.192831e-02,1.479416e-01,9.181213e-02,1.765940e-03,9.361514e-02,4.690930e-01,6.637492e-04,1.844706e-02,1.788701e-03,2.149850e-03,9.544223e-03,5.699284e-03
1.133348e-01,3.351852e-02,5.280947e-03,3.551374e-02,1.327672e-01,7.738546e-02,1.728089e-03,1.571099e-01,4.126966e-01,6.379004e-04,1.359627e-02,1.958795e-03,2.337842e-03,6.935505e-03,5.198328e-03
9.327866e-02,2.646969e-02,4.890087e-03,2.644863e-02,1.067238e-01,6.005325e-02,1.399761e-03,3.297841e-01,3.282849e-01,4.748391e-04,9.808595e-03,1.622836e-03,1.898066e-03,4.995467e-03,3.867278e-03
6.999862e-02,1.916168e-02,3.823304e-03,1.924943e-02,7.611975e-02,4.280841e-02,1.028286e-03,5.175963e-01,2.340468e-01,3.419816e-04,7.016166e-03,1.168118e-03,1.369790e-03,3.518480e-03,2.752870e-03
5.335710e-02,1.356903e-02,2.796332e-03,1.369564e-02,5.419875e-02,3.010413e-02,7.684022e-04,6.555039e-01,1.645581e-01,2.475780e-04,4.985636e-03,8.291215e-04,9.746030e-04,2.468624e-03,1.943123e-03
3.952256e-02,9.546863e-03,2.304574e-03,9.932565e-03,3.816815e-02,2.147632e-02,6.027109e-04,7.548981e-01,1.152853e-01,1.847078e-04,3.606782e-03,6.171203e-04,7.172663e-04,1.743975e-03,1.393109e-03
3.049747e-02,6.757378e-03,1.720586e-03,7.036503e-03,2.720901e-02,1.522001e-02,5.101108e-04,8.243109e-01,8.077051e-02,1.362706e-04,2.621714e-03,4.543879e-04,5.363199e-04,1.228401e-03,9.905063e-04
2.282174e-02,4.744464e-03,1.249860e-03,4.971545e-03,1.997803e-02,1.071289e-02,4.091842e-04,8.742937e-01,5.657692e-02,9.671138e-05,1.871563e-03,3.240872e-04,3.870271e-04,8.637498e-04,6.986357e-04
1.699822e-02,3.333139e-03,8.910531e-04,3.499276e-03,1.472988e-02,7.568231e-03,3.256839e-04,9.099799e-01,3.962845e-02,6.892134e-05,1.341631e-03,2.361332e-04,2.941732e-04,6.076159e-04,4.977904e-04
1.290787e-02,2.356907e-03,6.531330e-04,2.486503e-03,1.125535e-02,5.342452e-03,2.793788e-04,9.347597e-01,2.777200e-02,4.952859e-05,9.587358e-04,1.732300e-04,2.192100e-04,4.287873e-04,3.572371e-04
1.188901e-02,1.662511e-03,5.210711e-04,1.837966e-03,8.291414e-03,3.805540e-03,2.380941e-04,9.506695e-01,1.946265e-02,3.746643e-05,6.937753e-04,1.460459e-04,1.766546e-04,3.061550e-04,2.622041e-04
1.322383e-02,1.180655e-03,4.305914e-04,1.418618e-03,6.535905e-03,3.221848e-03,2.919976e-04,9.586456e-01,1.364886e-02,2.948868e-05,5.133745e-04,1.556879e-04,2.852216e-04,2.174138e-04,2.009148e-04
2.224930e-02,9.688142e-04,5.635323e-04,3.522869e-03,6.574108e-03,3.182625e-03,3.528542e-04,9.465050e-01,1.004935e-02,8.739739e-05,9.289128e-04,2.367676e-03,2.193054e-03,1.999113e-04,2.546273e-04
2.521062e-02,1.428936e-03,1.132404e-03,5.189513e-02,1.111358e-02,4.186278e-03,5.574725e-04,7.362443e-01,1.530187e-02,2.105590e-04,2.926525e-02,5.163832e-02,7.022908e-02,6.791564e-04,9.070825e-04
2.898454e-02,1.521649e-03,1.227406e-03,4.743352e-02,1.123572e-02,5.198569e-03,5.455700e-04,5.407181e-01,1.297853e-02,1.182293e-03,1.162248e-01,7.077904e-02,1.577983e-01,2.268775e-03,1.903234e-03
