1.000000e+00,0.000000e+00,0.000000e+00,0.000000e+00,0.000000e+00,0.000000e+00,0.000000e+00,0.000000e+00,0.000000e+00,0.000000e+00,0.000000e+00,0.000000e+00,0.000000e+00,0.000000e+00,0.000000e+00
1.000000e+00,0.000000e+00,0.000000e+00,0.000000e+00,0.000000e+00,0.000000e+00,0.000000e+00,0.000000e+00,0.000000e+00,0.000000e+00,0.000000e+00,0.000000e+00,0.000000e+00,0.000000e+00,0.000000e+00
1.000000e+00,0.000000e+00,0.000000e+00,0.000000e+00,0.000000e+00,0.000000e+00,0.000000e+00,0.000000e+00,0.000000e+00,0.000000e+00,0.000000e+00,0.000000e+00,0.000000e+00,0.000000e+00,0.000000e+00
1.000000e+00,0.000000e+00,0.000000e+00,0.000000e+00,0.000000e+00,0.000000e+00,0.000000e+00,0.000000e+00,0.000000e+00,0.000000e+00,0.000000e+00,0.000000e+00,0.000000e+00,0.000000e+00,0.000000e+00
1.000000e+00,0.000000e+00,0.000000e+00,0.000000e+00,0.000000e+00,0.000000e+00,0.000000e+00,0.000000e+00,0.000000e+00,0.000000e+00,0.000000e+00,0.000000e+00,0.000000e+00,0.000000e+00,0.000000e+00
1.000000e+00,0.000000e+00,0.000000e+00,0.000000e+00,0.000000e+00,0.000000e+00,0.000000e+00,0.000000e+00,0.000000e+00,0.000000e+00,0.000000e+00,0.000000e+00,0.000000e+00,0.000000e+00,0.000000e+00
1.000000e+00,0.000000e+00,0.000000e+00,0.000000e+00,0.000000e+00,0.000000e+00,0.000000e+00,0.000000e+00,0.000000e+00,0.000000e+00,0.000000e+00,0.000000e+00,0.000000e+00,0.000000e+00,0.000000e+00
1.000000e+00,0.000000e+00,0.000000e+00,0.000000e+00,0.000000e+00,0.000000e+00,0.000000e+00,0.000000e+00,0.000000e+00,0.000000e+00,0.000000e+00,0.000000e+00,0.000000e+00,0.000000e+00,0.000000e+00
1.000000e+00,0.000000e+00,0.000000e+00,0.000000e+00,0.000000e+00,0.000000e+00,0.000000e+00,0.000000e+00,0.000000e+00,0.000000e+00,0.000000e+00,0.000000e+00,0.000000e+00,0.000000e+00,0.000000e+00
1.000000e+00,0.000000e+00,0.000000e+00,0.000000e+00,0.000000e+00,0.000000e+00,0.000000e+00,0.000000e+00,0.000000e+00,0.000000e+00,0.000000e+00,0.000000e+00,0.000000e+00,0.000000e+00,0.000000e+00
1.000000e+00,0.000000e+00,0.000000e+00,0.000000e+00,0.000000e+00,0.000000e+00,0.000000e+00,0.000000e+00,0.000000e+00,0.000000e+00,0.000000e+00,0.000000e+00,0.000000e+00,0.000000e+00,0.000000e+00
1.000000e+00,0.000000e+00,0.000000e+00,0.000000e+00,0.000000e+00,0.000000e+00,0.000000e+00,0.000000e+00,0.000000e+00,0.000000e+00,0.000000e+00,0.000000e+00,0.000000e+00,0.000000e+00,0.000000e+00
1.000000e+00,0.000000e+00,0.000000e+00,0.000000e+00,0.000000e+00,0.000000e+00,0.000000e+00,0.000000e+00,0.000000e+00,0.000000e+00,0.000000e+00,0.000000e+00,0.000000e+00,0.000000e+00,0.000000e+00
1.000000e+00,0.000000e+00,0.000000e+00,0.000000e+00,0.000000e+00,0.000000e+00,0.000000e+00,0.000000e+00,0.000000e+00,0.000000e+00,0.000000e+00,0.000000e+00,0.000000e+00,0.000000e+00,0.000000e+00
1.000000e+00,0.000000e+00,0.000000e+00,0.000000e+00,0.000000e+00,0.000000e+00,0.000000e+00,0.000000e+00,0.000000e+00,0.000000e+00,0.000000e+00,0.000000e+00,0.000000e+00,0.000000e+00,0.000000e+00
1.000000e+00,0.000000e+00,0.000000e+00,0.000000e+00,0.000000e+00,0.000000e+00,0.000000e+00,0.000000e+00,0.000000e+00,0.000000e+00,0.000000e+00,0.000000e+00,0.000000e+00,0.000000e+00,0.000000e+00
1.000000e+00,0.000000e+00,0.000000e+00,0.000000e+00,0.000000e+00,0.000000e+00,0.000000e+00,0.000000e+00,0.000000e+00,0.000000e+00,0.000000e+00,0.000000e+00,0.000000e+00,0.000000e+00,0.000000e+00
1.000000e+00,0.000000e+00,0.000000e+00,0.000000e+00,0.000000e+00,0.000000e+00,0.000000e+00,0.000000e+00,0.000000e+00,0.000000e+00,0.000000e+00,0.000000e+00,0.000000e+00,0.000000e+00,0.000000e+00
1.000000e+00,0.000000e+00,0.000000e+00,0.000000e+00,0.000000e+00,0.000000e+00,0.000000e+00,0.000000e+00,0.000000e+00,0.000000e+00,0.000000e+00,0.000000e+00,0.000000e+00,0.000000e+00,0.000000e+00
1.000000e+00,0.000000e+00,0.000000e+00,0.000000e+00,0.000000e+00,0.000000e+00,0.000000e+00,0.000000e+00,0.000000e+00,0.000000e+00,0.000000e+00,0.000000e+00,0.000000e+00,0.000000e+00,0.000000e+00
1.000000e+00,0.000000e+00,0.000000e+00,0.000000e+00,0.000000e+00,0.000000e+00,0.000000e+00,0.000000e+00,0.000000e+00,0.000000e+00,0.000000e+00,0.000000e+00,0.000000e+00,0.000000e+00,0.000000e+00
1.000000e+00,0.000000e+00,0.000000e+00,0.000000e+00,0.000000e+00,0.000000e+00,0.000000e+00,0.000000e+00,0.000000e+00,0.000000e+00,0.000000e+00,0.000000e+00,0.000000e+00,0.000000e+00,0.000000e+00
1.000000e+00,0.000000e+00,0.000000e+00,0.000000e+00,0.000000e+00,0.000000e+00,0.000000e+00,0.000000e+00,0.000000e+00,0.000000e+00,0.000000e+00,0.000000e+00,0.000000e+00,0.000000e+00,0.000000e+00
4.739468e-01,4.315502e-02,9.428991e-03,1.417160e-01,6.893211e-03,3.055373e-02,3.332786e-03,1.202782e-02,2.956656e-02,5.043590e-03,1.598625e-02,2.071313e-02,5.455619e-02,8.540470e-03,1.445395e-01
3.516195e-01,3.512389e-02,7.988433e-03,1.150869e-01,5.108465e-03,7.332674e-02,3.028968e-03,9.720463e-03,3.047042e-02,4.157157e-03,1.230967e-02,1.564199e-02,1.524214e-01,6.896803e-03,1.770992e-01
2.574431e-01,3.350026e-02,6.010524e-03,1.013972e-01,4.384439e-03,8.364180e-02,2.487450e-03,9.052820e-03,4.826095e-02,3.657428e-03,1.272615e-02,1.513891e-02,2.534047e-01,6.772147e-03,1.621221e-01
1.806906e-01,2.604288e-02,4.283619e-03,7.462625e-02,3.192656e-03,1.067456e-01,1.867557e-03,6.481824e-03,3.817413e-02,2.724346e-03,9.203857e-03,1.185013e-02,4.068143e-01,4.896883e-03,1.224054e-01
1.274913e-01,4.428094e-02,4.391190e-03,6.224997e-02,2.426665e-03,9.185912e-02,1.618571e-03,4.620533e-03,8.084813e-02,3.885488e-03,9.673067e-03,3.150946e-02,4.249585e-01,5.353299e-03,1.048339e-01
9.038737e-02,4.368604e-02,6.068014e-03,7.371603e-02,1.960618e-03,7.866997e-02,1.321514e-03,3.375942e-03,1.314266e-01,5.621406e-03,1.203996e-02,4.290207e-02,3.417277e-01,5.401344e-03,1.616954e-01
6.522772e-02,4.803823e-02,1.324117e-02,7.995889e-02,1.566982e-03,6.918935e-02,1.055747e-03,2.562279e-03,1.131748e-01,6.896150e-03,1.813892e-02,5.115673e-02,2.612904e-01,1.028507e-02,2.582175e-01
4.910754e-02,4.276942e-02,1.319806e-02,6.721497e-02,1.642989e-03,6.243474e-02,1.218025e-03,2.158171e-03,9.143496e-02,6.220745e-03,2.481659e-02,1.483457e-01,2.756732e-01,1.602513e-02,1.977398e-01
4.024449e-02,3.648236e-02,1.112695e-02,5.160782e-02,1.468776e-03,6.454924e-02,1.891086e-03,2.114570e-03,6.878179e-02,5.063508e-03,2.069008e-02,1.674456e-01,3.655262e-01,1.586233e-02,1.471452e-01
8.841641e-02,3.113778e-02,8.625162e-03,3.840076e-02,1.946022e-03,5.800046e-02,3.495156e-03,3.024064e-03,5.542514e-02,5.376344e-03,2.168306e-02,1.956210e-01,3.435775e-01,2.752722e-02,1.177440e-01
8.493994e-02,2.329196e-02,7.638055e-03,3.269099e-02,2.382535e-03,1.077930e-01,4.654681e-03,3.205946e-03,4.416095e-02,4.684228e-03,1.678753e-02,2.134665e-01,3.341410e-01,2.239031e-02,9.777232e-02
6.295025e-02,1.647860e-02,5.481636e-03,2.339892e-02,2.303663e-03,1.283419e-01,3.978363e-03,2.564501e-03,3.126644e-02,3.707751e-03,1.382877e-02,2.558262e-01,3.629931e-01,1.732164e-02,6.955837e-02
4.603156e-02,1.158626e-02,3.878233e-03,1.667974e-02,2.523975e-03,9.979315e-02,3.019620e-03,1.960259e-03,2.242860e-02,2.977180e-03,1.642778e-02,4.091889e-01,3.017446e-01,1.241363e-02,4.934656e-02
3.427301e-02,8.160296e-03,2.735405e-03,1.183519e-02,3.711489e-03,7.253093e-02,2.213540e-03,1.531055e-03,1.633928e-02,2.734015e-03,1.546120e-02,5.410577e-01,2.437034e-01,9.002512e-03,3.471106e-02
1.138930e-01,7.110186e-03,2.852375e-03,1.089385e-02,1.132173e-02,6.604209e-02,2.426939e-03,3.465419e-03,1.729149e-02,8.507953e-03,1.753280e-02,4.965478e-01,2.094374e-01,7.045495e-03,2.563163e-02
1.685671e-01,7.974738e-03,4.447782e-03,1.129690e-02,2.615561e-02,5.941287e-02,2.985376e-03,6.505142e-03,2.928578e-02,1.359846e-02,2.101994e-02,4.461946e-01,1.780813e-01,5.474298e-03,1.900009e-02
1.932740e-01,7.664686e-03,5.598285e-03,9.804856e-03,2.488253e-02,7.092561e-02,4.256841e-03,1.240104e-02,2.627908e-02,2.547464e-02,1.869010e-02,4.327462e-01,1.472842e-01,5.866465e-03,1.485146e-02
1.560042e-01,7.620749e-03,6.132320e-03,7.782158e-03,3.895017e-02,5.883036e-02,3.868086e-03,1.551183e-02,5.581021e-02,2.689706e-02,1.892927e-02,4.461552e-01,1.415289e-01,5.053640e-03,1.092598e-02
1.212483e-01,6.880076e-03,7.862653e-03,6.641069e-03,4.493189e-02,4.921814e-02,4.283767e-03,4.954008e-02,7.806435e-02,2.413053e-02,1.937186e-02,4.359034e-01,1.401199e-01,3.905360e-03,7.898733e-03
9.817428e-02,1.681564e-02,7.614554e-03,5.582785e-03,3.609095e-02,5.413392e-02,4.392712e-03,5.021405e-02,1.341558e-01,2.123536e-02,1.953105e-02,4.187775e-01,1.241284e-01,3.104702e-03,6.048373e-03
8.041992e-02,1.822985e-02,7.102643e-03,5.056050e-03,3.117988e-02,4.772376e-02,4.877967e-03,5.846078e-02,1.475600e-01,1.997023e-02,1.919585e-02,4.461198e-01,1.063156e-01,2.774909e-03,5.012813e-03
7.084380e-02,1.509990e-02,7.497414e-03,8.433118e-03,3.180140e-02,3.773898e-02,5.236845e-03,1.811170e-01,1.373322e-01,2.834265e-02,1.686146e-02,3.630674e-01,8.853557e-02,4.166265e-03,3.926064e-03
5.716801e-02,1.081056e-02,8.319356e-03,1.031282e-02,2.962164e-02,3.172170e-02,7.922584e-03,3.728138e-01,9.907365e-02,2.063187e-02,1.256241e-02,2.668240e-01,6.617782e-02,3.232531e-03,2.807314e-03
5.323246e-02,8.256908e-03,8.977219e-03,1.390321e-02,3.368344e-02,2.693302e-02,9.886220e-03,4.874778e-01,7.304405e-02,1.517166e-02,9.665069e-03,2.044925e-01,4.987537e-02,3.343283e-03,2.057903e-03
5.758397e-02,7.779740e-03,9.241273e-03,1.370766e-02,4.486811e-02,2.616393e-02,9.561799e-03,4.723735e-01,5.897403e-02,1.191857e-02,9.499405e-03,2.193937e-01,4.533423e-02,1.178459e-02,1.815545e-03
5.510308e-02,7.235217e-03,9.046659e-03,1.293346e-02,6.135402e-02,2.748960e-02,9.932059e-03,5.046946e-01,4.908603e-02,1.169987e-02,8.825075e-03,1.823309e-01,3.803385e-02,2.020018e-02,2.035474e-03
4.672451e-02,5.425729e-03,7.366576e-03,1.029492e-02,6.923748e-02,2.129186e-02,8.395145e-03,6.077449e-01,3.668146e-02,8.602268e-03,6.453871e-03,1.287183e-01,2.722991e-02,1.425745e-02,1.575588e-03
3.694203e-02,3.912136e-03,5.860810e-03,7.733911e-03,5.970316e-02,1.564018e-02,6.717903e-03,7.058136e-01,2.612297e-02,6.130268e-03,4.652685e-03,9.032751e-02,1.925796e-02,1.004000e-02,1.144862e-03
3.103220e-02,2.816847e-03,4.691152e-03,5.867586e-03,5.118255e-02,1.146995e-02,5.597611e-03,7.760638e-01,1.872823e-02,4.347187e-03,3.387378e-03,6.333295e-02,1.358111e-02,7.067991e-03,8.335420e-04
2.843423e-02,2.093014e-03,3.608623e-03,4.759447e-03,4.534665e-02,8.730584e-03,4.400605e-03,8.236768e-01,1.343375e-02,3.068708e-03,2.565850e-03,4.453901e-02,9.723741e-03,4.978499e-03,6.405060e-04
2.453022e-02,1.561617e-03,2.831034e-03,4.181835e-03,5.125824e-02,6.437300e-03,3.727627e-03,8.493751e-01,9.713645e-03,2.161715e-03,1.912249e-03,3.133408e-02,6.994181e-03,3.503328e-03,4.779086e-04
3.028540e-02,1.364285e-03,2.268026e-03,4.223393e-03,4.298179e-02,5.566712e-03,3.044985e-03,8.691447e-01,7.614307e-03,1.533723e-03,1.451843e-03,2.243701e-02,5.150129e-03,2.493138e-03,4.405616e-04
5.633651e-02,1.304073e-03,2.440253e-03,6.030804e-03,3.675836e-02,5.403494e-03,2.436799e-03,8.571940e-01,5.815377e-03,1.178361e-03,1.244152e-03,1.712357e-02,4.199564e-03,1.868945e-03,6.657498e-04
8.360133e-02,1.510868e-03,2.613671e-03,6.791915e-03,3.219146e-02,5.180805e-03,1.948021e-03,8.377671e-01,4.542660e-03,1.176595e-03,1.289642e-03,1.470141e-02,4.177798e-03,1.486450e-03,1.020326e-03
1.202374e-01,2.046124e-03,2.432005e-03,8.343360e-03,2.560310e-02,6.645906e-03,1.657894e-03,7.759733e-01,4.185263e-03,1.388300e-03,4.905264e-03,3.052260e-02,1.150709e-02,1.832653e-03,2.719732e-03
1.889747e-01,1.927875e-03,2.201643e-03,7.183926e-03,2.052995e-02,6.330741e-03,1.472056e-03,6.998309e-01,4.381429e-03,1.294268e-03,5.982469e-03,3.821542e-02,1.710883e-02,1.902602e-03,2.663187e-03
2.200640e-01,2.328632e-03,2.721562e-03,9.074776e-03,1.719417e-02,7.669064e-03,1.658330e-03,5.752288e-01,7.033813e-03,1.417405e-03,1.092418e-02,1.021337e-01,3.703487e-02,2.084262e-03,3.432504e-03
2.493960e-01,2.400041e-03,3.645109e-03,8.548544e-03,1.517359e-02,9.518519e-03,1.570554e-03,4.276189e-01,1.412123e-02,1.609695e-03,1.972701e-02,1.520800e-01,8.916111e-02,2.105473e-03,3.324233e-03
1.984040e-01,2.436775e-03,3.072603e-03,8.317262e-03,1.200487e-02,7.637202e-03,1.232421e-03,3.185714e-01,6.310669e-02,1.286154e-03,2.451515e-02,2.389100e-01,1.159149e-01,1.657852e-03,2.932726e-03
1.715457e-01,2.263588e-03,4.239713e-03,8.697035e-03,9.977357e-03,6.081158e-03,1.056290e-03,3.210633e-01,6.780476e-02,1.064046e-03,2.756970e-02,2.716990e-01,1.035503e-01,1.233126e-03,2.155016e-03
1.470560e-01,2.198492e-03,6.403783e-03,1.305493e-02,1.084138e-02,4.537143e-03,8.695709e-04,4.107729e-01,6.270145e-02,9.902951e-04,3.722224e-02,2.151050e-01,8.568478e-02,9.568924e-04,1.605128e-03
1.416578e-01,2.613374e-03,1.217553e-02,1.844016e-02,1.132533e-02,4.237541e-03,1.267624e-03,5.121658e-01,4.904567e-02,9.200273e-04,3.094504e-02,1.523677e-01,6.061393e-02,8.719913e-04,1.352542e-03
1.852293e-01,1.159176e-02,1.590739e-02,1.900811e-02,1.300280e-02,6.573726e-03,1.646513e-03,4.784524e-01,7.965006e-02,1.315286e-03,3.180980e-02,1.081810e-01,4.317955e-02,1.860743e-03,2.591480e-03
1.874125e-01,8.976010e-03,1.350882e-02,1.904766e-02,1.592514e-02,5.655496e-03,1.580096e-03,5.408024e-01,6.362800e-02,1.096374e-03,3.162785e-02,7.649906e-02,3.063530e-02,1.561135e-03,2.044180e-03
1.696921e-01,7.524330e-03,1.052896e-02,1.661997e-02,1.891407e-02,5.483400e-03,1.229735e-03,6.047207e-01,4.807125e-02,1.254797e-03,3.565398e-02,5.411194e-02,2.220478e-02,1.778847e-03,2.211152e-03
1.701093e-01,7.625142e-03,8.398157e-03,1.386407e-02,2.037599e-02,5.743432e-03,9.977989e-04,6.385239e-01,3.767324e-02,1.452445e-03,3.569091e-02,3.852575e-02,1.609162e-02,2.157786e-03,2.770361e-03
1.440754e-01,6.674496e-03,6.597741e-03,1.165197e-02,1.803435e-02,5.039825e-03,8.642645e-04,6.959155e-01,3.165016e-02,1.601667e-03,3.271357e-02,2.723452e-02,1.161137e-02,3.984838e-03,2.350301e-03
1.640962e-01,6.201295e-03,5.795173e-03,1.225721e-02,1.592263e-02,5.845859e-03,9.112576e-04,6.891385e-01,3.134672e-02,2.753917e-03,2.813375e-02,2.043883e-02,8.802675e-03,5.700507e-03,2.655410e-03
2.052049e-01,5.996355e-03,5.131933e-03,1.402378e-02,1.340644e-02,7.627476e-03,9.440836e-04,6.622891e-01,2.884698e-02,2.915446e-03,2.243727e-02,1.621576e-02,7.032386e-03,4.918886e-03,3.009130e-03
2.762626e-01,7.378763e-03,5.279648e-03,1.427213e-02,1.418739e-02,8.959012e-03,1.375807e-03,5.885582e-01,2.979317e-02,4.794009e-03,1.835731e-02,1.588801e-02,6.188555e-03,4.316747e-03,4.388570e-03
3.378662e-01,8.347947e-03,6.071085e-03,1.247778e-02,1.359833e-02,1.247050e-02,1.517455e-03,5.279093e-01,2.503747e-02,6.428989e-03,1.572428e-02,1.595505e-02,5.633422e-03,4.834170e-03,6.127957e-03
4.004783e-01,9.936577e-03,8.394447e-03,1.241161e-02,1.566305e-02,3.927035e-02,2.246775e-03,4.231385e-01,1.876026e-02,6.449051e-03,1.593766e-02,2.200857e-02,7.437543e-03,5.891959e-03,1.197532e-02
3.422080e-01,9.154891e-03,8.092843e-03,1.399356e-02,1.332247e-02,3.434263e-02,2.127807e-03,3.201685e-01,1.641881e-02,7.443282e-03,1.455190e-01,4.064817e-02,1.934849e-02,1.477620e-02,1.243530e-02
2.871864e-01,1.134664e-02,9.835040e-03,3.522899e-02,1.065318e-02,3.452015e-02,1.932030e-03,2.448604e-01,2.993179e-02,9.047569e-03,2.178631e-01,4.117043e-02,1.919091e-02,3.071747e-02,1.651593e-02
2.330080e-01,1.003812e-02,8.675666e-03,3.591049e-02,8.749502e-03,2.630989e-02,1.849600e-03,1.818263e-01,2.363170e-02,1.052892e-02,3.122622e-01,4.948971e-02,1.636061e-02,6.824241e-02,1.311687e-02
2.213386e-01,8.251701e-03,8.070976e-03,3.085867e-02,7.070722e-03,2.276470e-02,1.809394e-03,1.305116e-01,1.897163e-02,1.179152e-02,3.616029e-01,5.923155e-02,1.281901e-02,9.282106e-02,1.208596e-02
2.364496e-01,1.029553e-02,7.026982e-03,2.504692e-02,7.952221e-03,2.057817e-02,2.006635e-03,9.477463e-02,1.641851e-02,1.017382e-02,3.127063e-01,5.542320e-02,1.052232e-02,1.770534e-01,1.357183e-02
2.941742e-01,9.639304e-03,6.785391e-03,2.465835e-02,7.349700e-03,2.031197e-02,2.003684e-03,6.898498e-02,1.433930e-02,1.177024e-02,2.976684e-01,5.240908e-02,9.529825e-03,1.650834e-01,1.529229e-02
3.538647e-01,8.446924e-03,5.363727e-03,2.135194e-02,7.477161e-03,1.724158e-02,2.361657e-03,5.290619e-02,1.370250e-02,1.186622e-02,2.419658e-01,4.990713e-02,8.500863e-03,1.921954e-01,1.284836e-02
2.769298e-01,8.040340e-03,4.268222e-03,1.864912e-02,9.531626e-03,1.431386e-02,2.474681e-03,4.037923e-02,2.822994e-02,1.021438e-02,1.967306e-01,1.489182e-01,1.155982e-02,2.200263e-01,9.734010e-03
2.320443e-01,6.252233e-03,3.490941e-03,1.608689e-02,7.956368e-03,1.213644e-02,2.021291e-03,2.899874e-02,2.569241e-02,9.123608e-03,2.707213e-01,1.196148e-01,9.931498e-03,2.486852e-01,7.244145e-03
1.716358e-01,5.871803e-03,3.451548e-03,2.048124e-02,1.034882e-02,1.169597e-02,1.729995e-03,2.134568e-02,3.458764e-02,1.077820e-02,3.173995e-01,9.220032e-02,9.155942e-03,2.835540e-01,5.763560e-03
1.247847e-01,5.278047e-03,2.891091e-03,2.766123e-02,1.293337e-02,1.103905e-02,1.360264e-03,1.548469e-02,4.218873e-02,1.048486e-02,3.199909e-01,6.795514e-02,8.129479e-03,3.449667e-01,4.851712e-03
8.802098e-02,4.602924e-03,2.725090e-03,2.165011e-02,1.258276e-02,9.399290e-03,9.954149e-04,1.103714e-02,4.536096e-02,8.420786e-03,2.972152e-01,5.229518e-02,6.566131e-03,4.353960e-01,3.732088e-03
6.252991e-02,6.299995e-03,6.549888e-03,1.814410e-02,1.863888e-02,1.077114e-02,9.678062e-04,8.975257e-03,1.009781e-01,1.068381e-02,3.021635e-01,4.079876e-02,5.538401e-03,4.031378e-01,3.822633e-03
4.511104e-02,5.264142e-03,5.654935e-03,1.342873e-02,1.771268e-02,1.100668e-02,7.572278e-04,6.609237e-03,1.066856e-01,8.348840e-03,3.005553e-01,3.449632e-02,4.843020e-03,4.364220e-01,3.104301e-03
3.454527e-02,8.912836e-03,1.007973e-02,1.059535e-02,1.616246e-02,1.130990e-02,5.880177e-04,4.917938e-03,2.149939e-01,6.803517e-03,2.492266e-01,2.751130e-02,4.546095e-03,3.967205e-01,3.086563e-03
7.735910e-02,8.577053e-03,8.993974e-03,8.300426e-03,1.240749e-02,2.156307e-02,4.848550e-04,3.622797e-03,2.230161e-01,5.606625e-03,2.139342e-01,2.097723e-02,3.666162e-03,3.867759e-01,4.714997e-03
7.136634e-02,7.485651e-03,9.004183e-03,6.245317e-03,9.283479e-03,2.161934e-02,3.722819e-04,2.660213e-03,3.060080e-01,4.770513e-03,1.764552e-01,1.569637e-02,2.890712e-03,3.610982e-01,5.044287e-03
5.768521e-02,6.131274e-03,8.606292e-03,5.213114e-03,7.890024e-03,1.955481e-02,3.594997e-04,1.959307e-03,3.710662e-01,6.562442e-03,1.582942e-01,1.543081e-02,5.356035e-03,3.273591e-01,8.531704e-03
5.407169e-02,5.062619e-03,7.009380e-03,5.387375e-03,7.957184e-03,1.581126e-02,4.371533e-04,1.516000e-03,3.483202e-01,7.166561e-03,1.558624e-01,1.697231e-02,5.550306e-03,3.607619e-01,8.113565e-03
5.589648e-02,5.164252e-03,6.964345e-03,5.932214e-03,9.392050e-03,4.384372e-02,1.085668e-03,2.314703e-03,3.292941e-01,8.557876e-03,1.644715e-01,2.229088e-02,7.464356e-03,3.264174e-01,1.091042e-02
4.933483e-02,4.307841e-03,5.587068e-03,7.976704e-03,1.329132e-02,3.220017e-02,8.544132e-04,2.644773e-03,2.763178e-01,1.643049e-02,2.135085e-01,3.227469e-02,1.215865e-02,3.239231e-01,9.189660e-03
4.519223e-02,5.678026e-03,5.430038e-03,1.060863e-02,2.001912e-02,2.541034e-02,8.921195e-04,2.593819e-03,3.125504e-01,1.848158e-02,2.041351e-01,3.080570e-02,1.051394e-02,2.995307e-01,8.158209e-03
5.580131e-02,1.509270e-02,8.965044e-03,1.298258e-02,1.700843e-02,3.168083e-02,1.112265e-03,7.486282e-03,3.883891e-01,3.032108e-02,1.595460e-01,2.276877e-02,8.239044e-03,2.300690e-01,1.053760e-02
6.148332e-02,1.562239e-02,1.306940e-02,1.302870e-02,1.620087e-02,5.526705e-02,1.480886e-03,1.193715e-02,4.000968e-01,5.119292e-02,1.347971e-01,1.664055e-02,6.272167e-03,1.924509e-01,1.045983e-02
7.554081e-02,1.496371e-02,7.669809e-02,1.913123e-02,5.487823e-02,7.159492e-02,7.397423e-03,2.458389e-02,3.504275e-01,3.889136e-02,1.006656e-01,1.226626e-02,4.831137e-03,1.395946e-01,8.535258e-03
6.200482e-02,1.096761e-02,1.165994e-01,1.550263e-02,5.484055e-02,6.704210e-02,6.252224e-03,1.988334e-01,2.512859e-01,2.820759e-02,7.175434e-02,8.708384e-03,3.518688e-03,9.836465e-02,6.117858e-03
4.483276e-02,7.934867e-03,8.526600e-02,1.150738e-02,4.412599e-02,6.245566e-02,5.161267e-03,4.090828e-01,1.769873e-01,2.000936e-02,5.069546e-02,6.151111e-03,2.536329e-03,6.895091e-02,4.302783e-03
3.209271e-02,5.597538e-03,6.080413e-02,8.342734e-03,3.252598e-02,4.493151e-02,4.372845e-03,5.801576e-01,1.240401e-01,1.407382e-02,3.556698e-02,4.350520e-03,1.826392e-03,4.828964e-02,3.027484e-03
2.306781e-02,3.940961e-03,4.367225e-02,6.282447e-03,2.422734e-02,3.197452e-02,3.705054e-03,7.007817e-01,8.694872e-02,9.893230e-03,2.497320e-02,3.095100e-03,1.476533e-03,3.381665e-02,2.144539e-03
1.776343e-02,2.979965e-03,3.137944e-02,5.480447e-03,2.423091e-02,2.819121e-02,3.435132e-03,7.500753e-01,6.700128e-02,8.385878e-03,2.644048e-02,3.225174e-03,5.195205e-03,2.402721e-02,2.188956e-03
2.275135e-02,2.585167e-03,2.987161e-02,7.952826e-03,3.693551e-02,3.555947e-02,2.974691e-03,7.452377e-01,5.087035e-02,8.062493e-03,2.656556e-02,4.379170e-03,6.186551e-03,1.707962e-02,2.987972e-03
2.475505e-02,2.121192e-03,2.178986e-02,9.178627e-03,3.558020e-02,3.830217e-02,2.612164e-03,7.657882e-01,3.760146e-02,6.392062e-03,2.747162e-02,5.285453e-03,8.097677e-03,1.214582e-02,2.878457e-03
2.979460e-02,2.864701e-03,2.574775e-02,2.042241e-02,5.626860e-02,8.685801e-02,3.157262e-03,6.655495e-01,3.073560e-02,8.701243e-03,3.855748e-02,5.660379e-03,1.106367e-02,9.824635e-03,4.794228e-03
3.601285e-02,3.781371e-03,2.924060e-02,2.142514e-02,7.000204e-02,1.443014e-01,3.226061e-03,5.708719e-01,2.831401e-02,1.001441e-02,4.666975e-02,5.655739e-03,1.425408e-02,8.640123e-03,7.590469e-03
3.662256e-02,7.086135e-03,2.880335e-02,2.739721e-02,6.291240e-02,2.073056e-01,2.555685e-03,4.264634e-01,2.861974e-02,1.172151e-02,9.638488e-02,1.679078e-02,2.582292e-02,8.982620e-03,1.253123e-02
3.837987e-02,2.655232e-02,2.607965e-02,3.414550e-02,4.878503e-02,2.964472e-01,2.181594e-03,3.159146e-01,3.210817e-02,1.412609e-02,8.435815e-02,2.227576e-02,3.049637e-02,7.510171e-03,2.063958e-02
3.246304e-02,2.096609e-02,2.068792e-02,6.093387e-02,3.513753e-02,3.890329e-01,1.612298e-03,2.254650e-01,3.107754e-02,1.288522e-02,7.971512e-02,3.702793e-02,2.909769e-02,6.047016e-03,1.785093e-02
2.835077e-02,1.733032e-02,2.212673e-02,4.926509e-02,2.718622e-02,3.490734e-01,1.336068e-03,1.585027e-01,2.351373e-02,2.448975e-02,1.113094e-01,5.729207e-02,3.856308e-02,1.845313e-02,7.320756e-02
2.393381e-02,1.387162e-02,1.668665e-02,4.118803e-02,2.028895e-02,3.223379e-01,1.458649e-03,1.122726e-01,1.963913e-02,2.646682e-02,1.429956e-01,9.539804e-02,5.871024e-02,4.133871e-02,6.341334e-02
1.786138e-02,1.090058e-02,1.384124e-02,3.370944e-02,1.566436e-02,2.424805e-01,1.258572e-03,7.929988e-02,1.789046e-02,2.513026e-02,2.869615e-01,1.243664e-01,4.416535e-02,3.603615e-02,5.043391e-02
1.726141e-02,1.195877e-02,2.249006e-02,3.921682e-02,1.269066e-02,1.874559e-01,1.274707e-03,5.699585e-02,2.287771e-02,4.095058e-02,2.951176e-01,1.537816e-01,4.073123e-02,4.515772e-02,5.203938e-02
1.950295e-02,2.613179e-02,4.349886e-02,4.205766e-02,1.335255e-02,1.369067e-01,1.336131e-03,4.255749e-02,8.460900e-02,7.322285e-02,2.441444e-01,1.309257e-01,3.161788e-02,6.442748e-02,4.570847e-02
1.805415e-02,2.940077e-02,3.743287e-02,3.914335e-02,1.176210e-02,9.909341e-02,1.212552e-03,3.296223e-02,9.182017e-02,5.821744e-02,2.258653e-01,1.075137e-01,2.479515e-02,1.876349e-01,3.509191e-02
1.636204e-02,3.329268e-02,3.775533e-02,3.662125e-02,1.511378e-02,7.060900e-02,1.062440e-03,2.432380e-02,1.281736e-01,6.165031e-02,2.272291e-01,8.845389e-02,1.844097e-02,2.121124e-01,2.879933e-02
2.475550e-02,3.209961e-02,2.801776e-02,3.524316e-02,1.165173e-02,5.256225e-02,1.106662e-03,1.839891e-02,1.373168e-01,6.102384e-02,2.132245e-01,7.684924e-02,1.628014e-02,2.650406e-01,2.642916e-02
2.382428e-02,3.351945e-02,2.139627e-02,2.847605e-02,1.020266e-02,3.940259e-02,1.126855e-03,1.482055e-02,1.367653e-01,5.309553e-02,2.452125e-01,6.542788e-02,1.738161e-02,2.766748e-01,3.267365e-02
2.127722e-02,3.998001e-02,1.630370e-02,2.266959e-02,8.356900e-03,2.932901e-02,1.009685e-03,1.099499e-02,1.611892e-01,4.113579e-02,2.182626e-01,5.440190e-02,1.693936e-02,3.263887e-01,3.176134e-02
3.229292e-02,4.691128e-02,1.382806e-02,2.876058e-02,6.841610e-03,2.475301e-02,1.087504e-03,1.177236e-02,1.903302e-01,3.084691e-02,1.943096e-01,4.044512e-02,1.467520e-02,3.371570e-01,2.598868e-02
3.166687e-02,4.614293e-02,1.167570e-02,2.273588e-02,6.871142e-03,2.711716e-02,1.363403e-03,1.037850e-02,2.061441e-01,2.390628e-02,1.923920e-01,3.380257e-02,1.517807e-02,3.455017e-01,2.512369e-02
5.032714e-02,4.639590e-02,8.593315e-03,1.946587e-02,7.851674e-03,2.063691e-02,1.194042e-03,7.774862e-03,2.808856e-01,1.818830e-02,1.512177e-01,2.545834e-02,1.202755e-02,3.282291e-01,2.175367e-02
4.895022e-02,5.021353e-02,9.543997e-03,1.635051e-02,9.255184e-03,1.672383e-02,1.487561e-03,8.436972e-03,2.809633e-01,1.398350e-02,1.250139e-01,1.913294e-02,9.985901e-03,3.703312e-01,1.962746e-02
4.529648e-02,5.910715e-02,4.518063e-02,1.785273e-02,1.014960e-02,1.602390e-02,1.938984e-03,9.432619e-03,2.981502e-01,1.206957e-02,9.665393e-02,1.412319e-02,9.180955e-03,3.416123e-01,2.322767e-02
4.756952e-02,6.852958e-02,5.924600e-02,1.498114e-02,2.536108e-02,1.734583e-02,2.261063e-03,1.004860e-02,2.966022e-01,1.100033e-02,7.225130e-02,1.040930e-02,9.025069e-03,3.244591e-01,3.090990e-02
4.866694e-02,7.781765e-02,6.872461e-02,1.174434e-02,3.626118e-02,1.696372e-02,2.757209e-03,1.224562e-02,2.579055e-01,1.193201e-02,6.184007e-02,7.772552e-03,7.774577e-03,3.494216e-01,2.817241e-02
4.381157e-02,9.509726e-02,7.681051e-02,1.186712e-01,5.342208e-02,1.861887e-02,2.364821e-03,1.602142e-02,2.218892e-01,8.840923e-03,4.620437e-02,5.729825e-03,6.658631e-03,2.571754e-01,2.868397e-02
7.014306e-02,8.764774e-02,6.688526e-02,9.275794e-02,4.550335e-02,2.489501e-02,2.968275e-03,2.156640e-02,1.853892e-01,7.345251e-03,4.095699e-02,4.355007e-03,6.018910e-03,3.171838e-01,2.638377e-02
1.084125e-01,6.959423e-02,7.115050e-02,8.541730e-02,4.962775e-02,2.268332e-02,2.726578e-03,2.756861e-02,1.508094e-01,6.221566e-03,3.247454e-02,3.618723e-03,5.056317e-03,3.447754e-01,1.986328e-02
1.541302e-01,5.900320e-02,1.068634e-01,1.285240e-01,4.497392e-02,1.836826e-02,2.370743e-03,2.508617e-02,1.441760e-01,5.204984e-03,2.489001e-02,3.708553e-03,4.821572e-03,2.611950e-01,1.668404e-02
2.222925e-01,4.791040e-02,8.803891e-02,1.081703e-01,7.867863e-02,1.460499e-02,2.052699e-03,2.441714e-02,1.491623e-01,5.183974e-03,2.376126e-02,4.225606e-03,4.227451e-03,2.139617e-01,1.331224e-02
2.938038e-01,3.771508e-02,7.312628e-02,8.925871e-02,9.078895e-02,1.333707e-02,2.291977e-03,2.497961e-02,1.332663e-01,4.307623e-03,3.337573e-02,2.221680e-02,8.913165e-03,1.624176e-01,1.020133e-02
3.682151e-01,3.186560e-02,5.537094e-02,7.097591e-02,1.172870e-01,1.819890e-02,2.563312e-03,2.280006e-02,1.110208e-01,3.911823e-03,3.789069e-02,2.359721e-02,9.677064e-03,1.179443e-01,8.681221e-03
4.243668e-01,3.198951e-02,4.595486e-02,9.828120e-02,1.167737e-01,1.690160e-02,2.788710e-03,2.208740e-02,8.489726e-02,4.060080e-03,2.934254e-02,2.222219e-02,7.781068e-03,8.352323e-02,9.029940e-03
3.437848e-01,2.327501e-02,3.613097e-02,7.499304e-02,8.968198e-02,1.394921e-02,2.447171e-03,2.398151e-01,6.023167e-02,2.985029e-03,2.282817e-02,1.780476e-02,6.556792e-03,5.869970e-02,6.816604e-03
2.514974e-01,1.702710e-02,2.716490e-02,5.565101e-02,7.318351e-02,1.090973e-02,1.886875e-03,4.377019e-01,4.264068e-02,2.208136e-03,1.653001e-02,1.277429e-02,4.841155e-03,4.112507e-02,4.858370e-03
1.837163e-01,1.257423e-02,2.006740e-02,4.084897e-02,5.322352e-02,8.904295e-03,1.568888e-03,5.889932e-01,3.016168e-02,1.690818e-03,1.225827e-02,9.417614e-03,4.149970e-03,2.882349e-02,3.601436e-03
1.334028e-01,8.928417e-03,1.438666e-02,2.911956e-02,3.784261e-02,6.557974e-03,1.198655e-03,7.050009e-01,2.122249e-02,1.211655e-03,8.688916e-03,6.693210e-03,3.005989e-03,2.019152e-02,2.548624e-03
9.957647e-02,6.443948e-03,1.031473e-02,2.093541e-02,2.944793e-02,4.884961e-03,9.244448e-04,7.823693e-01,1.506025e-02,8.653903e-04,6.268874e-03,4.764664e-03,2.193371e-03,1.414855e-02,1.801781e-03
7.109396e-02,4.590955e-03,7.303310e-03,1.505775e-02,2.335315e-02,3.543998e-03,6.892205e-04,8.425713e-01,1.066014e-02,6.083963e-04,4.427547e-03,3.356557e-03,1.562051e-03,9.917567e-03,1.264143e-03
5.225101e-02,3.299072e-03,5.174179e-03,1.101155e-02,2.042912e-02,2.597476e-03,5.473198e-04,8.819857e-01,7.714760e-03,4.291766e-04,3.188220e-03,2.393320e-03,1.132409e-03,6.955440e-03,8.912868e-04
4.092873e-02,2.412162e-03,3.670500e-03,8.079749e-03,1.627969e-02,2.307257e-03,4.385221e-04,9.091399e-01,5.470275e-03,3.110979e-04,2.392311e-03,1.953835e-03,1.023995e-03,4.896070e-03,6.960098e-04
3.600191e-02,1.770311e-03,2.655735e-03,6.035618e-03,1.354829e-02,2.006630e-03,4.043008e-04,9.251481e-01,3.920513e-03,2.331294e-04,1.765968e-03,1.642706e-03,8.657101e-04,3.447216e-03,5.539117e-04
3.073823e-02,1.343935e-03,1.955853e-03,4.447140e-03,1.463683e-02,1.555086e-03,4.642987e-04,9.357668e-01,2.868970e-03,1.708211e-04,1.282181e-03,1.233505e-03,6.999254e-04,2.419538e-03,4.168702e-04
2.937539e-02,1.017944e-03,1.462201e-03,3.268120e-03,1.223635e-02,1.227891e-03,4.925481e-04,9.441704e-01,2.051512e-03,1.281417e-04,9.462127e-04,9.825120e-04,6.145022e-04,1.700392e-03,3.258924e-04
2.632552e-02,7.480540e-04,1.105324e-03,2.455398e-03,9.797663e-03,9.144056e-04,4.560110e-04,9.533436e-01,1.454793e-03,9.322671e-05,6.865147e-04,7.151923e-04,4.701239e-04,1.193570e-03,2.406276e-04
3.328057e-02,5.528945e-04,9.371265e-04,1.982142e-03,8.989757e-03,7.711413e-04,1.021907e-03,9.487646e-01,1.051723e-03,7.286619e-05,5.316480e-04,5.837647e-04,4.260382e-04,8.429660e-04,1.909461e-04
4.010656e-02,4.173374e-04,7.618377e-04,1.486075e-03,7.564620e-03,7.704259e-04,2.028794e-03,9.437855e-01,7.805827e-04,6.870222e-05,4.257809e-04,5.607685e-04,4.546024e-04,6.043976e-04,1.839405e-04
4.278674e-02,3.508286e-04,6.446330e-04,1.135824e-03,6.580454e-03,7.121403e-04,2.134761e-03,9.430646e-01,5.743538e-04,6.403498e-05,3.478620e-04,5.033790e-04,4.612079e-04,4.362584e-04,2.029291e-04
5.178105e-02,2.922047e-04,5.697693e-04,9.336676e-04,5.430507e-03,7.617369e-04,1.865159e-03,9.358473e-01,4.314995e-04,5.407127e-05,3.002368e-04,6.131533e-04,5.467252e-04,3.294604e-04,2.433829e-04
5.423225e-02,2.407572e-04,4.825490e-04,7.379321e-04,4.520194e-03,6.913184e-04,1.612970e-03,9.353366e-01,3.228579e-04,4.573493e-05,2.401894e-04,5.621085e-04,5.076544e-04,2.428099e-04,2.239879e-04
5.569993e-02,2.042634e-04,4.727198e-04,6.121208e-04,3.804281e-03,7.540049e-04,1.859356e-03,9.347548e-01,2.507180e-04,4.346736e-05,1.979859e-04,4.909912e-04,4.523126e-04,1.860240e-04,2.169840e-04
5.847643e-02,1.608129e-04,4.575011e-04,5.841939e-04,2.870734e-03,7.004371e-04,1.407079e-03,9.338471e-01,1.872315e-04,3.507315e-05,1.645859e-04,4.050759e-04,3.765670e-04,1.405659e-04,1.865583e-04
7.453887e-02,1.423531e-04,4.221824e-04,6.160986e-04,2.232026e-03,7.014332e-04,1.042605e-03,9.184934e-01,1.403506e-04,3.763754e-05,2.213344e-04,6.779985e-04,4.279892e-04,1.335323e-04,1.721327e-04
1.492673e-01,2.463409e-04,9.446532e-04,2.683073e-03,2.672633e-03,5.010587e-03,9.785441e-04,8.181907e-01,2.767844e-04,8.830666e-05,3.771831e-03,1.226835e-02,2.370044e-03,6.550372e-04,5.758172e-04
1.749747e-01,2.889879e-04,1.086219e-03,2.351581e-03,3.154599e-03,8.132267e-03,1.124590e-03,7.915404e-01,2.873500e-04,9.636357e-05,3.206943e-03,1.001740e-02,2.323723e-03,6.189422e-04,7.959952e-04
2.076962e-01,4.995386e-04,1.228185e-03,2.403279e-03,3.596056e-03,8.345760e-02,1.895936e-03,6.673970e-01,8.105292e-04,1.102793e-04,3.404269e-03,1.090169e-02,1.484600e-02,6.655150e-04,1.087890e-03
1.989993e-01,1.542602e-03,1.178209e-03,4.651832e-03,3.891715e-03,9.104884e-02,2.164718e-03,4.978218e-01,6.799539e-03,8.457757e-04,2.290493e-02,7.351812e-02,8.988665e-02,1.568234e-03,3.177615e-03
1.544527e-01,2.454375e-03,1.094249e-03,1.553061e-02,3.708777e-03,7.485218e-02,1.974877e-03,3.538038e-01,8.279590e-02,4.158891e-03,6.031573e-02,8.609968e-02,1.419902e-01,3.957821e-03,1.281008e-02
1.184441e-01,5.150979e-03,8.905109e-04,2.061098e-02,3.015489e-03,5.467699e-02,1.526295e-03,2.484342e-01,2.083433e-01,5.102169e-03,8.081568e-02,9.344981e-02,1.304857e-01,4.658571e-03,2.439519e-02
1.128917e-01,6.970019e-03,7.566591e-04,2.547995e-02,2.561299e-03,4.662671e-02,1.556364e-03,1.748859e-01,1.678972e-01,4.532183e-03,9.406497e-02,1.447989e-01,1.877623e-01,6.522115e-03,2.269381e-02
9.964795e-02,6.951173e-03,8.045094e-04,2.102830e-02,3.540358e-03,3.620182e-02,1.660068e-03,1.232785e-01,1.316969e-01,4.074524e-03,7.801683e-02,1.347570e-01,3.152454e-01,9.243772e-03,3.385299e-02
9.090482e-02,1.107988e-02,5.134270e-03,1.662466e-02,6.258353e-03,2.628889e-02,1.690242e-03,8.763564e-02,1.259683e-01,4.057996e-03,5.847080e-02,1.039410e-01,3.934697e-01,1.443942e-02,5.403600e-02
8.262374e-02,1.505287e-02,2.191486e-02,1.328689e-02,8.568406e-03,1.948577e-02,1.630849e-03,6.429148e-02,1.201306e-01,4.003871e-03,4.389321e-02,7.571606e-02,4.362332e-01,1.399216e-02,7.917602e-02
1.002976e-01,2.732746e-02,2.411059e-02,1.095854e-02,1.347216e-02,1.498635e-02,1.945346e-03,4.958237e-02,1.185951e-01,6.710062e-03,3.247120e-02,5.593903e-02,3.772567e-01,1.569766e-02,1.506498e-01
7.763081e-02,3.764394e-02,2.951112e-02,8.037337e-03,1.550539e-02,1.378214e-02,2.136911e-03,3.950415e-02,1.180583e-01,6.836512e-03,2.432051e-02,4.343171e-02,3.574074e-01,1.715530e-02,2.090385e-01
6.494723e-02,5.410794e-02,3.559259e-02,6.222515e-03,2.134429e-02,1.432459e-02,2.057747e-03,3.477800e-02,1.247641e-01,7.174117e-03,1.842113e-02,3.187016e-02,3.722408e-01,1.468740e-02,1.974675e-01
5.201148e-02,5.810277e-02,3.540116e-02,5.066448e-03,2.219115e-02,1.342990e-02,1.940944e-03,3.252939e-02,1.183438e-01,9.473043e-03,1.587978e-02,2.360493e-02,3.731638e-01,1.474868e-02,2.241128e-01
4.541188e-02,5.579154e-02,3.366921e-02,4.738927e-03,2.683724e-02,1.210511e-02,1.841437e-03,3.009439e-02,1.158747e-01,1.247895e-02,1.491060e-02,1.781297e-02,3.938460e-01,1.330668e-02,2.212804e-01
4.531037e-02,8.540298e-02,3.995601e-02,7.034977e-02,2.938776e-02,9.589964e-03,1.655545e-03,2.474468e-02,1.756594e-01,1.126322e-02,1.160554e-02,1.360526e-02,2.908770e-01,1.040240e-02,1.801901e-01
8.108671e-02,1.040445e-01,3.378816e-02,5.906410e-02,3.321987e-02,1.154752e-02,1.635865e-03,3.003108e-02,1.515025e-01,1.219252e-02,1.108891e-02,1.148738e-02,2.843021e-01,9.664437e-03,1.653444e-01
1.190287e-01,9.901293e-02,2.546409e-02,4.604139e-02,3.332021e-02,2.321361e-02,1.538196e-03,2.713824e-02,1.494603e-01,9.597401e-03,1.110073e-02,9.757600e-03,3.010326e-01,1.096334e-02,1.333307e-01
1.628073e-01,1.038675e-01,2.099151e-02,4.782552e-02,2.942911e-02,1.998893e-02,2.568951e-03,2.609400e-02,1.493272e-01,8.460501e-03,1.066044e-02,1.088867e-02,2.613532e-01,1.096156e-02,1.347756e-01
1.385311e-01,7.897551e-02,2.203249e-02,1.048511e-01,2.264040e-02,1.585178e-02,2.039420e-03,2.341390e-02,1.267704e-01,1.209331e-02,1.057650e-02,1.149610e-02,1.900163e-01,1.051486e-02,2.301968e-01
1.528799e-01,6.865165e-02,2.329384e-02,1.443205e-01,1.709707e-02,1.459170e-02,1.682687e-03,1.881652e-02,1.209490e-01,1.510106e-02,1.166255e-02,2.313544e-02,1.421125e-01,8.467937e-03,2.372376e-01
2.002800e-01,7.302459e-02,1.992619e-02,1.264043e-01,1.826305e-02,2.284013e-02,2.292754e-03,2.368196e-02,1.518126e-01,1.348910e-02,1.162360e-02,2.263379e-02,1.139242e-01,6.879409e-03,1.929242e-01
3.122310e-01,6.399639e-02,1.705866e-02,1.161812e-01,1.856431e-02,2.532927e-02,2.922762e-03,2.130589e-02,1.252824e-01,1.189333e-02,1.090057e-02,2.325902e-02,8.662565e-02,6.122932e-03,1.583266e-01
4.171886e-01,5.944079e-02,1.509107e-02,8.951835e-02,2.130566e-02,3.125678e-02,3.193401e-03,1.758272e-02,1.186566e-01,8.868626e-03,9.961875e-03,1.929276e-02,6.624553e-02,6.010028e-03,1.163873e-01
4.291872e-01,5.927127e-02,1.657703e-02,7.007891e-02,2.755291e-02,6.545163e-02,2.910688e-03,1.489968e-02,1.362534e-01,6.497816e-03,9.600567e-03,1.627344e-02,5.339918e-02,6.170585e-03,8.587573e-02
3.773764e-01,5.245650e-02,1.322994e-02,5.265148e-02,2.667783e-02,1.117631e-01,2.460669e-03,1.342259e-02,1.987969e-01,4.894358e-03,1.212436e-02,1.551473e-02,4.691096e-02,6.430133e-03,6.529003e-02
3.399512e-01,4.726347e-02,1.444945e-02,4.120089e-02,2.611528e-02,1.602275e-01,2.381911e-03,1.570288e-02,2.250539e-01,3.793439e-03,1.276458e-02,1.668372e-02,3.925336e-02,6.793933e-03,4.836458e-02
3.502236e-01,3.785459e-02,1.460511e-02,3.127770e-02,1.987330e-02,2.275403e-01,2.365267e-03,1.344564e-02,1.880932e-01,3.036374e-03,1.337447e-02,1.760997e-02,3.600102e-02,7.006456e-03,3.769303e-02
3.608659e-01,2.902793e-02,1.203430e-02,2.315671e-02,1.499689e-02,2.763776e-01,2.029216e-03,1.782591e-02,1.634861e-01,2.526802e-03,1.240716e-02,1.595799e-02,3.436836e-02,5.978175e-03,2.896090e-02
4.431491e-01,2.339507e-02,1.481118e-02,3.054526e-02,1.211158e-02,2.076592e-01,1.849552e-03,1.856775e-02,1.429714e-01,2.913901e-03,2.316308e-02,2.141890e-02,2.699039e-02,6.531368e-03,2.392217e-02
3.984762e-01,1.807676e-02,1.176884e-02,2.785954e-02,8.899694e-03,1.462575e-01,1.474268e-03,1.439031e-02,1.034365e-01,3.235146e-03,1.887973e-01,1.971350e-02,2.342184e-02,1.638955e-02,1.780307e-02
4.140841e-01,1.659799e-02,1.243912e-02,3.407002e-02,7.055747e-03,1.036026e-01,1.430778e-03,1.236691e-02,8.265597e-02,3.413799e-03,2.355820e-01,1.631111e-02,1.807475e-02,2.671575e-02,1.559940e-02
4.535711e-01,1.400691e-02,1.729036e-02,4.189789e-02,5.388107e-03,7.504034e-02,1.387205e-03,1.179072e-02,6.649947e-02,3.930498e-03,2.215922e-01,1.706372e-02,1.449340e-02,4.026286e-02,1.578530e-02
4.159555e-01,1.223249e-02,1.596157e-02,5.379835e-02,4.563380e-03,5.433688e-02,1.267532e-03,1.239420e-02,5.718807e-02,6.527418e-03,2.596306e-01,1.662987e-02,1.159757e-02,6.489825e-02,1.301829e-02
3.493110e-01,1.059417e-02,1.225309e-02,4.544985e-02,4.307236e-03,4.000316e-02,1.152514e-03,1.081571e-02,4.216349e-02,5.523669e-03,3.351535e-01,1.699648e-02,8.822713e-03,1.068668e-01,1.058679e-02
2.892694e-01,8.037328e-03,9.129293e-03,3.491453e-02,3.809910e-03,2.871883e-02,1.009905e-03,9.332452e-03,3.131394e-02,8.100875e-03,2.851971e-01,1.924867e-02,6.684872e-03,2.575780e-01,7.654982e-03
2.414112e-01,6.898515e-03,7.267870e-03,2.555022e-02,3.180540e-03,2.302621e-02,9.924114e-04,7.826995e-03,2.495477e-02,7.992320e-03,2.865106e-01,1.804766e-02,5.638934e-03,3.350289e-01,5.672744e-03
2.421506e-01,1.166361e-02,6.907856e-03,2.218178e-02,3.815392e-03,2.781685e-02,1.277511e-03,7.767970e-03,3.401968e-02,7.455666e-03,2.834193e-01,1.703154e-02,6.018416e-03,3.229991e-01,5.474712e-03
1.779798e-01,1.150406e-02,5.061899e-03,1.662881e-02,3.436560e-03,3.702381e-02,1.030612e-03,5.608045e-03,3.113592e-02,5.797656e-03,3.394213e-01,1.883898e-02,6.621704e-03,3.349582e-01,4.952756e-03
1.302092e-01,4.147018e-02,4.866195e-03,1.251577e-02,4.377694e-03,3.041758e-02,9.621932e-04,4.082446e-03,8.260118e-02,4.677435e-03,2.782021e-01,1.632144e-02,5.696474e-03,3.774751e-01,6.125093e-03
9.484013e-02,4.588795e-02,8.620493e-03,1.108347e-02,4.508145e-03,2.626431e-02,2.282917e-03,5.339063e-03,1.937164e-01,4.218181e-03,2.280267e-01,1.473544e-02,5.607270e-03,3.492419e-01,5.627777e-03
6.704684e-02,3.412462e-02,6.204262e-03,8.060568e-03,4.027672e-03,4.447454e-02,1.739447e-03,4.093779e-03,3.197668e-01,3.472592e-03,1.863935e-01,1.531275e-02,9.668624e-03,2.909411e-01,4.673001e-03
4.792287e-02,3.765681e-02,7.266839e-03,6.861257e-03,5.155801e-03,3.919351e-02,1.831528e-03,5.032283e-03,4.659855e-01,2.954261e-03,1.341064e-01,1.128656e-02,7.321472e-03,2.235797e-01,3.845114e-03
3.449550e-02,3.151873e-02,5.491574e-03,5.744259e-03,4.338345e-03,4.499042e-02,1.305587e-03,3.771472e-03,5.475948e-01,2.780319e-03,9.821957e-02,8.845763e-03,5.692230e-03,2.018536e-01,3.357791e-03
2.583447e-02,3.136017e-02,4.207453e-03,4.742424e-03,4.298805e-03,4.823259e-02,9.267646e-04,2.703970e-03,5.653081e-01,4.106593e-03,7.685412e-02,7.549432e-03,4.466051e-03,2.113502e-01,8.058869e-03
1.923523e-02,3.867755e-02,3.701461e-03,1.097629e-02,6.297952e-03,5.402862e-02,6.975053e-04,2.389258e-03,5.916659e-01,5.938702e-03,5.654792e-02,5.497545e-03,3.773611e-03,1.847478e-01,1.582473e-02
1.648194e-02,5.062731e-02,8.617999e-03,3.698771e-02,1.332478e-02,5.654248e-02,6.112346e-04,4.753867e-03,5.489190e-01,1.277546e-02,4.365154e-02,4.349435e-03,4.063890e-03,1.637912e-01,3.450212e-02
