1.000000e+00,0.000000e+00,0.000000e+00,0.000000e+00,0.000000e+00,0.000000e+00,0.000000e+00,0.000000e+00,0.000000e+00,0.000000e+00,0.000000e+00,0.000000e+00,0.000000e+00,0.000000e+00,0.000000e+00
1.000000e+00,0.000000e+00,0.000000e+00,0.000000e+00,0.000000e+00,0.000000e+00,0.000000e+00,0.000000e+00,0.000000e+00,0.000000e+00,0.000000e+00,0.000000e+00,0.000000e+00,0.000000e+00,0.000000e+00
1.000000e+00,0.000000e+00,0.000000e+00,0.000000e+00,0.000000e+00,0.000000e+00,0.000000e+00,0.000000e+00,0.000000e+00,0.000000e+00,0.000000e+00,0.000000e+00,0.000000e+00,0.000000e+00,0.000000e+00
1.000000e+00,0.000000e+00,0.000000e+00,0.000000e+00,0.000000e+00,0.000000e+00,0.000000e+00,0.000000e+00,0.000000e+00,0.000000e+00,0.000000e+00,0.000000e+00,0.000000e+00,0.000000e+00,0.000000e+00
1.000000e+00,0.000000e+00,0.000000e+00,0.000000e+00,0.000000e+00,0.000000e+00,0.000000e+00,0.000000e+00,0.000000e+00,0.000000e+00,0.000000e+00,0.000000e+00,0.000000e+00,0.000000e+00,0.000000e+00
1.000000e+00,0.000000e+00,0.000000e+00,0.000000e+00,0.000000e+00,0.000000e+00,0.000000e+00,0.000000e+00,0.000000e+00,0.000000e+00,0.000000e+00,0.000000e+00,0.000000e+00,0.000000e+00,0.000000e+00
1.000000e+00,0.000000e+00,0.000000e+00,0.000000e+00,0.000000e+00,0.000000e+00,0.000000e+00,0.000000e+00,0.000000e+00,0.000000e+00,0.000000e+00,0.000000e+00,0.000000e+00,0.000000e+00,0.000000e+00
1.000000e+00,0.000000e+00,0.000000e+00,0.000000e+00,0.000000e+00,0.000000e+00,0.000000e+00,0.000000e+00,0.000000e+00,0.000000e+00,0.000000e+00,0.000000e+00,0.000000e+00,0.000000e+00,0.000000e+00
1.000000e+00,0.000000e+00,0.000000e+00,0.000000e+00,0.000000e+00,0.000000e+00,0.000000e+00,0.000000e+00,0.000000e+00,0.000000e+00,0.000000e+00,0.000000e+00,0.000000e+00,0.000000e+00,0.000000e+00
1.000000e+00,0.000000e+00,0.000000e+00,0.000000e+00,0.000000e+00,0.000000e+00,0.000000e+00,0.000000e+00,0.000000e+00,0.000000e+00,0.000000e+00,0.000000e+00,0.000000e+00,0.000000e+00,0.000000e+00
1.000000e+00,0.000000e+00,0.000000e+00,0.000000e+00,0.000000e+00,0.000000e+00,0.000000e+00,0.000000e+00,0.000000e+00,0.000000e+00,0.000000e+00,0.000000e+00,0.000000e+00,0.000000e+00,0.000000e+00
1.000000e+00,0.000000e+00,0.000000e+00,0.000000e+00,0.000000e+00,0.000000e+00,0.000000e+00,0.000000e+00,0.000000e+00,0.000000e+00,0.000000e+00,0.000000e+00,0.000000e+00,0.000000e+00,0.000000e+00
4.326191e-01,2.165877e-02,1.494789e-02,3.486950e-01,2.010762e-02,1.610774e-02,3.051249e-03,1.472090e-02,4.270333e-03,2.400114e-03,5.536603e-02,3.141276e-02,2.133119e-02,2.928216e-03,1.038312e-02
3.040057e-01,1.567942e-02,1.076359e-02,4.079779e-01,1.791797e-02,1.163007e-02,2.198441e-03,1.034506e-02,3.454050e-03,4.623947e-03,9.079731e-02,6.776422e-02,4.306558e-02,2.263709e-03,7.513072e-03
2.128637e-01,1.099526e-02,7.580729e-03,2.948785e-01,1.309432e-02,8.431433e-03,1.544651e-03,7.246508e-03,2.541827e-03,4.107694e-03,8.417048e-02,2.962539e-01,4.938067e-02,1.605567e-03,5.304701e-03
1.491141e-01,7.710246e-03,5.340726e-03,2.101671e-01,1.046287e-02,8.730117e-03,1.124825e-03,5.102599e-03,2.332078e-03,2.969350e-03,6.325348e-02,4.409775e-01,8.769761e-02,1.199999e-03,3.817425e-03
1.044890e-01,5.407156e-03,3.775040e-03,1.484555e-01,9.190225e-03,9.308632e-03,8.157412e-04,3.620533e-03,2.368566e-03,2.160237e-03,4.643666e-02,5.586280e-01,1.016611e-01,8.924826e-04,2.791294e-03
7.415704e-02,3.924968e-03,2.768458e-03,1.107738e-01,1.605543e-02,5.380416e-02,8.445111e-04,3.165156e-03,1.092677e-02,2.114336e-03,3.516471e-02,5.763061e-01,1.070032e-01,9.501333e-04,2.041315e-03
5.233207e-02,2.805417e-03,2.004715e-03,8.144400e-02,1.724398e-02,5.143594e-02,6.858164e-04,2.347542e-03,1.099562e-02,1.829509e-03,2.695284e-02,6.443770e-01,1.031401e-01,9.218634e-04,1.483666e-03
3.671008e-02,1.999323e-03,1.603059e-03,5.785908e-02,1.450032e-02,4.655454e-02,5.644070e-04,1.934037e-03,9.177543e-03,1.621979e-03,2.035910e-02,7.164471e-01,8.868079e-02,8.586592e-04,1.130026e-03
2.573810e-02,1.423325e-03,1.172933e-03,4.060389e-02,1.079583e-02,7.159077e-02,4.316920e-04,1.609609e-03,7.832738e-03,1.395344e-03,1.493323e-02,7.492393e-01,7.175797e-02,6.536854e-04,8.215343e-04
1.805856e-02,1.007501e-03,8.872941e-04,2.855643e-02,8.406403e-03,6.809671e-02,3.528799e-04,1.602108e-03,6.120279e-03,1.265381e-03,1.081940e-02,7.992678e-01,5.446725e-02,4.905017e-04,6.015395e-04
1.307193e-02,8.601184e-04,7.645034e-04,2.025593e-02,6.207001e-03,7.443640e-02,3.488963e-04,1.566523e-03,6.018983e-03,1.272617e-03,7.863716e-03,8.176093e-01,4.880079e-02,3.843297e-04,5.389650e-04
9.393831e-03,8.270774e-04,6.762813e-04,1.465291e-02,4.453297e-03,9.156027e-02,3.060057e-04,1.297796e-03,5.460339e-03,1.225155e-03,5.878806e-03,8.188344e-01,4.456548e-02,2.875503e-04,5.808126e-04
6.740768e-03,6.463603e-04,5.692626e-04,1.041971e-02,3.433520e-03,7.323753e-02,4.326253e-04,1.395269e-03,7.007884e-03,9.899889e-04,4.934637e-03,8.511392e-01,3.835383e-02,2.328944e-04,4.665955e-04
5.382129e-03,7.603274e-04,4.924897e-04,7.485701e-03,3.040343e-03,6.677342e-02,4.768206e-04,1.382252e-03,1.342342e-02,7.644623e-04,3.783010e-03,8.538730e-01,4.181068e-02,1.734595e-04,3.785614e-04
4.894220e-03,1.000989e-03,8.387417e-04,5.358333e-03,5.695778e-03,5.231909e-02,7.186725e-04,1.486367e-03,2.172367e-02,6.159296e-04,3.060621e-03,8.663687e-01,3.544865e-02,1.602276e-04,3.100992e-04
3.336845e-02,2.640042e-03,1.968909e-03,4.434757e-03,2.138444e-02,5.160306e-02,3.106105e-03,5.309409e-03,2.368458e-02,7.057725e-04,2.736027e-03,8.080478e-01,4.023303e-02,3.038662e-04,4.739106e-04
5.076364e-02,4.038738e-03,2.322526e-03,3.487435e-03,3.091999e-02,3.846211e-02,3.867919e-03,6.227551e-03,2.501427e-02,6.334344e-04,2.319650e-03,7.862213e-01,4.474194e-02,4.753080e-04,5.042939e-04
8.181225e-02,8.672150e-03,2.793625e-03,2.884307e-03,2.947498e-02,3.060265e-02,4.345060e-03,6.870259e-03,3.039727e-02,6.127581e-04,2.352268e-03,7.526625e-01,4.477385e-02,1.123000e-03,6.231382e-04
1.155287e-01,1.491461e-02,4.253673e-03,2.727141e-03,2.820178e-02,2.483254e-02,4.787455e-03,7.379786e-03,3.277785e-02,7.941292e-04,3.701304e-03,7.110612e-01,4.547811e-02,2.599814e-03,9.620300e-04
1.396398e-01,2.577426e-02,7.457045e-03,3.372250e-03,2.996549e-02,2.501283e-02,8.245707e-03,8.002079e-03,4.717851e-02,1.384170e-03,5.358444e-03,6.495737e-01,4.191136e-02,3.771089e-03,3.353350e-03
1.324442e-01,2.425246e-02,7.498381e-03,3.902487e-03,2.886642e-02,3.164871e-02,1.476402e-02,1.032240e-02,5.025706e-02,1.226758e-03,4.591160e-03,5.839336e-01,9.914881e-02,3.103023e-03,4.040621e-03
1.190754e-01,2.220055e-02,6.638525e-03,3.766376e-03,2.506517e-02,3.752470e-02,1.622070e-02,1.149814e-02,4.822701e-02,1.179514e-03,4.321419e-03,5.703703e-01,1.261478e-01,2.750694e-03,5.013749e-03
1.126676e-01,3.476994e-02,7.667371e-03,4.235812e-03,2.323600e-02,6.888863e-02,1.637289e-02,1.015386e-02,6.536534e-02,1.914739e-03,4.077973e-03,4.974052e-01,1.379456e-01,3.507046e-03,1.179191e-02
1.101179e-01,3.401766e-02,7.318215e-03,4.718173e-03,2.164797e-02,1.018275e-01,1.818552e-02,1.462427e-02,7.638667e-02,1.756131e-03,3.546648e-03,3.930076e-01,1.981859e-01,3.185363e-03,1.147444e-02
1.085278e-01,3.237686e-02,3.675730e-02,3.835927e-02,2.154910e-02,1.470213e-01,2.059353e-02,2.141158e-02,7.409944e-02,3.262429e-03,2.853135e-03,2.804410e-01,1.923840e-01,2.602449e-03,1.776073e-02
9.587016e-02,2.308820e-02,3.615050e-02,3.666439e-02,1.711737e-02,1.271950e-01,1.608177e-02,1.794897e-01,5.630302e-02,2.324490e-03,2.158338e-03,1.979747e-01,1.949039e-01,1.928446e-03,1.275002e-02
9.359056e-02,1.741082e-02,2.891180e-02,3.048663e-02,1.432580e-02,1.398273e-01,1.356660e-02,1.832312e-01,4.778026e-02,1.729478e-03,1.813745e-03,1.403193e-01,2.760345e-01,1.582922e-03,9.389013e-03
7.964603e-02,1.300152e-02,2.201355e-02,2.332583e-02,1.211551e-02,1.110163e-01,1.253332e-02,3.614611e-01,3.584355e-02,1.376956e-03,1.484681e-03,9.958125e-02,2.186773e-01,1.158197e-03,6.764967e-03
7.192572e-02,9.939633e-03,1.665927e-02,1.836825e-02,9.446284e-03,8.647048e-02,1.034515e-02,4.941953e-01,2.669944e-02,1.041342e-03,1.185427e-03,7.128834e-02,1.766655e-01,8.488107e-04,4.921109e-03
5.474056e-02,7.093068e-03,1.272894e-02,1.397233e-02,6.937976e-03,6.132555e-02,7.471466e-03,6.302652e-01,1.890188e-02,7.609332e-04,8.591759e-04,5.011668e-02,1.306604e-01,6.143439e-04,3.551560e-03
4.233950e-02,5.365253e-03,9.516518e-03,1.029820e-02,5.568841e-03,4.363519e-02,5.443051e-03,7.262176e-01,1.369527e-02,5.566028e-04,6.630566e-04,3.515258e-02,9.845567e-02,4.525454e-04,2.640100e-03
3.665015e-02,4.822321e-03,7.270945e-03,7.757139e-03,4.529556e-03,3.133467e-02,3.942731e-03,7.872407e-01,1.013932e-02,4.916816e-04,1.035106e-03,2.527618e-02,7.602403e-02,6.048810e-04,2.880565e-03
3.560958e-02,3.663965e-03,5.796346e-03,5.653248e-03,3.367613e-03,2.244299e-02,3.048980e-03,8.367057e-01,7.460512e-03,3.646856e-04,8.908879e-04,1.793490e-02,5.435472e-02,4.660770e-04,2.239798e-03
5.182670e-02,2.749410e-03,4.461732e-03,4.203118e-03,2.663714e-03,1.615103e-02,2.305521e-03,8.553316e-01,5.843622e-03,2.736249e-04,7.440640e-04,1.286000e-02,3.853692e-02,3.674983e-04,1.681405e-03
8.459974e-02,2.938927e-03,3.614550e-03,5.018694e-03,3.022499e-03,1.313549e-02,1.897203e-03,8.220460e-01,7.278430e-03,4.614721e-04,2.570251e-03,1.809466e-02,3.139668e-02,1.224928e-03,2.700368e-03
8.338530e-02,3.831925e-03,3.633775e-03,6.746867e-03,4.203939e-03,2.827869e-02,1.724577e-03,5.793394e-01,7.889302e-03,8.946019e-04,2.473447e-02,1.808832e-01,6.487288e-02,4.119929e-03,5.461151e-03
2.034704e-01,5.332147e-03,4.605994e-03,9.798930e-03,1.364808e-02,3.251627e-02,2.172781e-03,4.177580e-01,1.315260e-02,1.588805e-03,2.798451e-02,1.744091e-01,7.736719e-02,7.204646e-03,8.990618e-03
2.278689e-01,7.527065e-03,4.875231e-03,1.353930e-02,1.329533e-02,3.908252e-02,1.916256e-03,2.945429e-01,2.001162e-02,3.608048e-03,3.713045e-02,1.976086e-01,1.071923e-01,1.597529e-02,1.582628e-02
3.630420e-01,1.059208e-02,5.765236e-03,1.428976e-02,1.180843e-02,3.773479e-02,2.783398e-03,2.079653e-01,1.965172e-02,4.334749e-03,2.966142e-02,1.634410e-01,8.875275e-02,1.800481e-02,2.217254e-02
3.511426e-01,1.154457e-02,6.617238e-03,1.418658e-02,1.115775e-02,3.871729e-02,3.708906e-03,1.470758e-01,2.303636e-02,5.963156e-03,2.650228e-02,2.002860e-01,8.846191e-02,4.267189e-02,2.892749e-02
3.622933e-01,9.258115e-03,7.557984e-03,1.153139e-02,1.056526e-02,3.187674e-02,4.285268e-03,1.069310e-01,2.324706e-02,7.984700e-03,2.302304e-02,2.533699e-01,7.812908e-02,4.780556e-02,2.214153e-02
3.845773e-01,7.624195e-03,7.142091e-03,9.709274e-03,1.062386e-02,2.556381e-02,4.245993e-03,8.001910e-02,2.881280e-02,9.974303e-03,2.057850e-02,2.842547e-01,7.251392e-02,3.822522e-02,1.613495e-02
3.289405e-01,6.063810e-03,6.139189e-03,9.664756e-03,1.153755e-02,2.147315e-02,4.711047e-03,5.890275e-02,3.567772e-02,2.436972e-02,1.910353e-02,3.497305e-01,7.312498e-02,3.817007e-02,1.239073e-02
2.423289e-01,5.556886e-03,5.624216e-03,1.059637e-02,1.812595e-02,1.752782e-02,4.048556e-03,4.428470e-02,6.944748e-02,6.663658e-02,2.155613e-02,3.700964e-01,7.758711e-02,3.568280e-02,1.090001e-02
1.707741e-01,8.284585e-03,2.704388e-02,8.255832e-03,4.046243e-02,1.320454e-02,3.054663e-03,3.177771e-02,8.689798e-02,1.315587e-01,2.341563e-02,3.411719e-01,7.263537e-02,3.199569e-02,9.467036e-03
1.398413e-01,1.107937e-02,4.106975e-02,1.155298e-02,5.827036e-02,1.102934e-02,2.796589e-03,2.880203e-02,1.264475e-01,1.209923e-01,2.675154e-02,2.851101e-01,8.393567e-02,4.071404e-02,1.160707e-02
1.150977e-01,1.351664e-02,4.356956e-02,9.855222e-03,5.298687e-02,8.573096e-03,2.378363e-03,2.343150e-02,1.488086e-01,1.059549e-01,3.335654e-02,2.484317e-01,7.781443e-02,9.702718e-02,1.919772e-02
1.137952e-01,2.057701e-02,6.761734e-02,9.761134e-03,6.098852e-02,8.460011e-03,2.385085e-03,2.321964e-02,1.769519e-01,9.287578e-02,3.062960e-02,1.880190e-01,6.475717e-02,1.169071e-01,2.305551e-02
1.056747e-01,2.971690e-02,1.384212e-01,1.518674e-02,6.385681e-02,1.158050e-02,3.288696e-03,2.772653e-02,1.884566e-01,7.861226e-02,2.607767e-02,1.347567e-01,5.049705e-02,1.007387e-01,2.540890e-02
9.217402e-02,3.840584e-02,1.341283e-01,1.413000e-02,6.664266e-02,1.234493e-02,3.158779e-03,2.312202e-02,2.341779e-01,8.222149e-02,2.325376e-02,1.004778e-01,4.207374e-02,1.009630e-01,3.272578e-02
8.403453e-02,4.643533e-02,9.696043e-02,1.251439e-02,6.446657e-02,1.260854e-02,2.591512e-03,1.999294e-02,3.371336e-01,6.594022e-02,2.419467e-02,8.115797e-02,3.400614e-02,8.802091e-02,2.994222e-02
8.286802e-02,5.535709e-02,7.486176e-02,1.421451e-02,7.123841e-02,1.568849e-02,2.755734e-03,2.773505e-02,3.741317e-01,5.398897e-02,2.135685e-02,6.243759e-02,2.856679e-02,8.646758e-02,2.833140e-02
8.227909e-02,7.312900e-02,5.878064e-02,1.311000e-02,7.250471e-02,1.379653e-02,2.147549e-03,2.472626e-02,4.041974e-01,4.640226e-02,2.203800e-02,4.974893e-02,2.239508e-02,8.516346e-02,2.958111e-02
9.272024e-02,9.004483e-02,4.654408e-02,1.600572e-02,6.680323e-02,1.241234e-02,1.791977e-03,2.470966e-02,4.317565e-01,4.109329e-02,1.989735e-02,3.856660e-02,1.727218e-02,7.417738e-02,2.620457e-02
1.329415e-01,9.754582e-02,3.916040e-02,1.947034e-02,5.734096e-02,1.226269e-02,1.634699e-03,2.231970e-02,3.855200e-01,5.096566e-02,2.155333e-02,3.706773e-02,1.504165e-02,7.401584e-02,3.315964e-02
2.549760e-01,7.684956e-02,3.270802e-02,2.596363e-02,4.815140e-02,1.423455e-02,3.092804e-03,2.338278e-02,3.067186e-01,3.909697e-02,2.536211e-02,3.453954e-02,1.449469e-02,6.776704e-02,3.266225e-02
3.282121e-01,7.696049e-02,2.708137e-02,2.812651e-02,3.878570e-02,1.303582e-02,2.764652e-03,1.896773e-02,2.381568e-01,3.303861e-02,3.544392e-02,3.188112e-02,1.271880e-02,8.193374e-02,3.289268e-02
3.689706e-01,7.448892e-02,2.136252e-02,4.535422e-02,3.338533e-02,1.422256e-02,2.876912e-03,1.792178e-02,2.204200e-01,2.681330e-02,3.055776e-02,3.134381e-02,1.150799e-02,6.513593e-02,3.563828e-02
4.052291e-01,6.883503e-02,1.808750e-02,4.979810e-02,2.685856e-02,1.461314e-02,2.692575e-03,1.636816e-02,1.905135e-01,2.065599e-02,3.554276e-02,3.974281e-02,1.309498e-02,5.903254e-02,3.893526e-02
4.331743e-01,6.207856e-02,2.807474e-02,7.451749e-02,2.407894e-02,1.404690e-02,3.154974e-03,1.862732e-02,1.511160e-01,1.608499e-02,4.081182e-02,3.848331e-02,1.271568e-02,4.912760e-02,3.390732e-02
4.819353e-01,7.583965e-02,3.518557e-02,6.809939e-02,1.970091e-02,1.329126e-02,2.930922e-03,2.001970e-02,1.203132e-01,1.220333e-02,3.825432e-02,3.277894e-02,1.103653e-02,3.995933e-02,2.845163e-02
1.000000e+00,0.000000e+00,0.000000e+00,0.000000e+00,0.000000e+00,0.000000e+00,0.000000e+00,0.000000e+00,0.000000e+00,0.000000e+00,0.000000e+00,0.000000e+00,0.000000e+00,0.000000e+00,0.000000e+00
4.983495e-01,7.057684e-02,3.700894e-02,5.458269e-02,1.353007e-02,2.154061e-02,2.655593e-03,1.536381e-02,8.207542e-02,9.153945e-03,4.672620e-02,4.502362e-02,1.386480e-02,4.401093e-02,4.553696e-02
4.782813e-01,6.443001e-02,4.257752e-02,7.853304e-02,1.801784e-02,2.160666e-02,2.671174e-03,1.380031e-02,7.147844e-02,9.777981e-03,4.362727e-02,4.362052e-02,1.443889e-02,4.497836e-02,5.216072e-02
4.441265e-01,5.485071e-02,4.013725e-02,9.282434e-02,2.923460e-02,2.410665e-02,4.859473e-03,1.945102e-02,8.433086e-02,1.040308e-02,3.761974e-02,4.863319e-02,2.105750e-02,3.937359e-02,4.899150e-02
4.817644e-01,4.398395e-02,3.831447e-02,1.018263e-01,3.716033e-02,2.144141e-02,4.914054e-03,1.741105e-02,7.614334e-02,9.509565e-03,3.104055e-02,4.592162e-02,1.904955e-02,3.034113e-02,4.117823e-02
4.889829e-01,3.593403e-02,4.474940e-02,1.162778e-01,3.993962e-02,2.080668e-02,4.339223e-03,1.467403e-02,6.350480e-02,1.004245e-02,3.021738e-02,4.634913e-02,1.767847e-02,2.729906e-02,3.920499e-02
4.292797e-01,4.324914e-02,4.366207e-02,1.341144e-01,3.306427e-02,1.925356e-02,4.632818e-03,1.388003e-02,5.005032e-02,1.028029e-02,3.808767e-02,8.395682e-02,2.116356e-02,2.571727e-02,4.960813e-02
3.192301e-01,4.096655e-02,3.183961e-02,1.462983e-01,2.528921e-02,1.830771e-02,3.658074e-03,1.054433e-02,5.901133e-02,9.925589e-03,4.582544e-02,1.182463e-01,4.846731e-02,2.620004e-02,9.619015e-02
2.594883e-01,4.332604e-02,2.360759e-02,1.376036e-01,2.054219e-02,1.459703e-02,3.029212e-03,8.077239e-03,8.427794e-02,1.859833e-02,4.656450e-02,9.157453e-02,5.088682e-02,2.074860e-02,1.770780e-01
2.041410e-01,3.961754e-02,1.936349e-02,1.474386e-01,1.611933e-02,1.167655e-02,2.347016e-03,8.432364e-03,1.521166e-01,1.747800e-02,5.140834e-02,7.608476e-02,6.704976e-02,1.946821e-02,1.672584e-01
1.895929e-01,3.394482e-02,1.557792e-02,1.441136e-01,1.351777e-02,1.188441e-02,2.142206e-03,8.226478e-03,1.370594e-01,1.632566e-02,5.936192e-02,8.119030e-02,9.772267e-02,2.477852e-02,1.645614e-01
1.699517e-01,2.802747e-02,1.257183e-02,1.255680e-01,1.148843e-02,1.268177e-02,2.100606e-03,8.198351e-03,1.182705e-01,1.661295e-02,9.681500e-02,7.958822e-02,1.121575e-01,5.447634e-02,1.514912e-01
1.547295e-01,2.343980e-02,1.467844e-02,1.074017e-01,2.724077e-02,1.041907e-02,2.139018e-03,1.065219e-02,1.100850e-01,1.691611e-02,1.487054e-01,8.462860e-02,1.168315e-01,5.620366e-02,1.159292e-01
1.398641e-01,1.804388e-02,6.770827e-02,8.782542e-02,3.498130e-02,9.012187e-03,2.233431e-03,1.210290e-02,9.607837e-02,1.544820e-02,1.715023e-01,8.220961e-02,1.262820e-01,4.956208e-02,8.714602e-02
1.477662e-01,1.787905e-02,6.097849e-02,6.616539e-02,3.640267e-02,1.349987e-02,3.581211e-03,1.690826e-02,1.283336e-01,1.938023e-02,1.384106e-01,6.425199e-02,9.792820e-02,7.126716e-02,1.172471e-01
1.699736e-01,2.339280e-02,6.244796e-02,5.079982e-02,4.366060e-02,1.852756e-02,4.692272e-03,2.423574e-02,1.576849e-01,2.660349e-02,1.214605e-01,4.899610e-02,7.570881e-02,6.552707e-02,1.062889e-01
2.041693e-01,3.244784e-02,6.350699e-02,4.056897e-02,5.485750e-02,4.457077e-02,5.833281e-03,2.188341e-02,1.242692e-01,2.985045e-02,1.138437e-01,3.605355e-02,5.658146e-02,5.788742e-02,1.136762e-01
1.739422e-01,6.404286e-02,6.275943e-02,3.441365e-02,6.590956e-02,9.640477e-02,7.650351e-03,2.141733e-02,1.009631e-01,2.708876e-02,8.394765e-02,2.587388e-02,4.117686e-02,4.840842e-02,1.460012e-01
1.449123e-01,7.506594e-02,7.774529e-02,1.214527e-01,5.448212e-02,7.906418e-02,6.309047e-03,1.754284e-02,9.843943e-02,3.659021e-02,6.046119e-02,1.852591e-02,2.952879e-02,3.645137e-02,1.434287e-01
1.582290e-01,7.443608e-02,1.846732e-01,9.790448e-02,4.367953e-02,6.065129e-02,5.435738e-03,1.595460e-02,8.624548e-02,3.917309e-02,4.481339e-02,1.391742e-02,2.176992e-02,2.974391e-02,1.233729e-01
2.022909e-01,1.069266e-01,1.736641e-01,7.223074e-02,3.524754e-02,4.860192e-02,4.335376e-03,1.376160e-02,8.141123e-02,5.030401e-02,3.400516e-02,1.067907e-02,1.701747e-02,2.664822e-02,1.228761e-01
2.513894e-01,8.694555e-02,1.899048e-01,6.235253e-02,2.935467e-02,3.974587e-02,3.680563e-03,1.377284e-02,6.735522e-02,4.526080e-02,2.981801e-02,1.535807e-02,1.514949e-02,2.723438e-02,1.226779e-01
2.344598e-01,8.340521e-02,2.176324e-01,1.174681e-01,2.439429e-02,3.089997e-02,3.121782e-03,1.221074e-02,6.108003e-02,3.669885e-02,2.433790e-02,1.543942e-02,1.273739e-02,2.086968e-02,1.052445e-01
3.418227e-01,6.650509e-02,1.753433e-01,1.287527e-01,2.083277e-02,2.438128e-02,2.543368e-03,1.194400e-02,4.968337e-02,3.053160e-02,2.069930e-02,1.638434e-02,1.107866e-02,1.697615e-02,8.252143e-02
3.401351e-01,5.049798e-02,1.280940e-01,1.295437e-01,2.074412e-02,1.776996e-02,2.072054e-03,1.409450e-01,3.938755e-02,2.215555e-02,1.640949e-02,1.217214e-02,8.387934e-03,1.250596e-02,5.917947e-02
2.910987e-01,3.682339e-02,9.156416e-02,9.942310e-02,2.008370e-02,1.331936e-02,1.730213e-03,3.237189e-01,2.870791e-02,1.558383e-02,1.215340e-02,8.743563e-03,6.201392e-03,8.955255e-03,4.189314e-02
2.269441e-01,2.700442e-02,6.673130e-02,8.116968e-02,2.034828e-02,1.263212e-02,1.640051e-03,4.730655e-01,2.095194e-02,1.105205e-02,9.700594e-03,7.088349e-03,4.915386e-03,6.490777e-03,3.026553e-02
1.685679e-01,1.916816e-02,4.769189e-02,5.794263e-02,1.722043e-02,9.692275e-03,1.381628e-03,6.137056e-01,1.506813e-02,7.893690e-03,7.078120e-03,5.081897e-03,3.570590e-03,4.586923e-03,2.135016e-02
1.224427e-01,1.349591e-02,3.398395e-02,4.126891e-02,1.694948e-02,7.549726e-03,1.080310e-03,7.173073e-01,1.073174e-02,5.576487e-03,5.181144e-03,3.596229e-03,2.583438e-03,3.232914e-03,1.501977e-02
9.057392e-02,9.492438e-03,2.395064e-02,2.913200e-02,1.449308e-02,5.540554e-03,8.471928e-04,7.936113e-01,7.562154e-03,3.917458e-03,3.712150e-03,2.532325e-03,1.837431e-03,2.270848e-03,1.052650e-02
6.797608e-02,6.673820e-03,1.680045e-02,2.048766e-02,1.223755e-02,4.002926e-03,6.795363e-04,8.483254e-01,5.324025e-03,2.751035e-03,2.665067e-03,1.790939e-03,1.317467e-03,1.593759e-03,7.374297e-03
4.931248e-02,4.682703e-03,1.177036e-02,1.438567e-02,8.745554e-03,2.910653e-03,5.124235e-04,8.915455e-01,3.752589e-03,1.927082e-03,1.926034e-03,1.284121e-03,9.488949e-04,1.128733e-03,5.167168e-03
3.638833e-02,3.283469e-03,8.250552e-03,1.011222e-02,6.288643e-03,2.110890e-03,3.833806e-04,9.217621e-01,2.641841e-03,1.349441e-03,1.380770e-03,9.296988e-04,7.004970e-04,7.982586e-04,3.619902e-03
2.787053e-02,2.309316e-03,5.811797e-03,7.142115e-03,4.917433e-03,1.686245e-03,3.391342e-04,9.417045e-01,1.869316e-03,9.462979e-04,1.017942e-03,6.960817e-04,5.755204e-04,5.704344e-04,2.543302e-03
2.196318e-02,1.655026e-03,4.115857e-03,5.035902e-03,3.742631e-03,1.254359e-03,4.668760e-04,9.557528e-01,1.333782e-03,6.695109e-04,7.650650e-04,5.366639e-04,4.726410e-04,4.200042e-04,1.815657e-03
1.798172e-02,1.195431e-03,2.975200e-03,3.615724e-03,2.963827e-03,9.390190e-04,5.353619e-04,9.653834e-01,9.745870e-04,4.742299e-04,5.770888e-04,4.175114e-04,3.727264e-04,3.015364e-04,1.292571e-03
1.529422e-02,8.521954e-04,2.210609e-03,2.661624e-03,2.158967e-03,7.077737e-04,4.747931e-04,9.724244e-01,7.077439e-04,3.367011e-04,4.270121e-04,3.220373e-04,2.817714e-04,2.181123e-04,9.220602e-04
3.847522e-02,7.047807e-04,2.053962e-03,2.397653e-03,1.840907e-03,8.650089e-04,5.873794e-04,9.499480e-01,6.602646e-04,2.793197e-04,4.272631e-04,4.145772e-04,3.263646e-04,2.042180e-04,8.151759e-04
1.029162e-01,7.985098e-04,2.100455e-03,2.422611e-03,2.144140e-03,4.955059e-03,1.175121e-03,8.683186e-01,9.539699e-04,3.931889e-04,1.601652e-03,4.034866e-03,6.384198e-03,4.262101e-04,1.375294e-03
1.583264e-01,7.485615e-04,1.956870e-03,2.796640e-03,2.222707e-03,4.922912e-03,1.080980e-03,8.081027e-01,1.245948e-03,4.215610e-04,3.337736e-03,5.509747e-03,6.861662e-03,7.103242e-04,1.755256e-03
2.000801e-01,1.429498e-03,5.521260e-03,6.536165e-03,3.217852e-03,6.627947e-03,9.852394e-04,7.472137e-01,2.007559e-03,8.363518e-04,4.131380e-03,8.958613e-03,8.785141e-03,9.592004e-04,2.710077e-03
1.916027e-01,3.710215e-03,6.868336e-03,1.042120e-02,5.323787e-03,1.838750e-02,1.154338e-03,5.633076e-01,4.326629e-03,2.508569e-03,1.758436e-02,8.416527e-02,7.305757e-02,3.447706e-03,1.413418e-02
2.055403e-01,4.537789e-03,5.425220e-03,1.088365e-02,4.960733e-03,3.805766e-02,1.643612e-03,3.989494e-01,7.930814e-03,2.331995e-03,1.653976e-02,8.146639e-02,2.069294e-01,2.746552e-03,1.205676e-02
2.071393e-01,4.907675e-03,4.129366e-03,9.172400e-03,4.187135e-03,4.048076e-02,2.141073e-03,2.824020e-01,1.030777e-02,1.849215e-03,1.390777e-02,7.917199e-02,3.282601e-01,2.136112e-03,9.807315e-03
2.108036e-01,8.098896e-03,7.043248e-03,2.943452e-02,5.644026e-03,4.297213e-02,2.238995e-03,1.984280e-01,2.640306e-02,2.448545e-03,1.365114e-02,1.750853e-01,2.622004e-01,2.393364e-03,1.315486e-02
1.732723e-01,7.075295e-03,5.226593e-03,2.978411e-02,6.015874e-03,4.034050e-02,1.775544e-03,1.392564e-01,3.371374e-02,2.372964e-03,1.604804e-02,3.013891e-01,2.270394e-01,3.039027e-03,1.365103e-02
1.281054e-01,5.372198e-03,4.040038e-03,2.300567e-02,4.682970e-03,3.647327e-02,1.543671e-03,9.758811e-02,3.163708e-02,1.969359e-03,1.762600e-02,4.287653e-01,2.012763e-01,6.047853e-03,1.186677e-02
1.487086e-01,4.829981e-03,4.264851e-03,1.955831e-02,8.902945e-03,5.142285e-02,2.285169e-03,7.027551e-02,3.544499e-02,3.883451e-03,2.565855e-02,4.460286e-01,1.602257e-01,7.395723e-03,1.111471e-02
2.158922e-01,5.319234e-03,5.988797e-03,1.673957e-02,1.260318e-02,8.635562e-02,3.137469e-03,5.107527e-02,3.702352e-02,6.849500e-03,2.361705e-02,3.960236e-01,1.202830e-01,8.445980e-03,1.064605e-02
2.488983e-01,5.596864e-03,5.834254e-03,1.687692e-02,1.076456e-02,7.848426e-02,3.363872e-03,3.639423e-02,3.836586e-02,6.884999e-03,2.012946e-02,4.225227e-01,8.736794e-02,7.722149e-03,1.079366e-02
2.301464e-01,5.312956e-03,6.433586e-03,1.362887e-02,8.652391e-03,9.485538e-02,2.945099e-03,2.597014e-02,3.414154e-02,6.152965e-03,1.783676e-02,4.739997e-01,6.433519e-02,6.726514e-03,8.862399e-03
1.936644e-01,4.778979e-03,6.265127e-03,1.079750e-02,7.864546e-03,8.320820e-02,2.628448e-03,1.860431e-02,3.311926e-02,6.389528e-03,1.731376e-02,5.564954e-01,4.718792e-02,5.084374e-03,6.598173e-03
1.561151e-01,4.419474e-03,4.797499e-03,7.708792e-03,8.802488e-03,6.025615e-02,2.402255e-03,1.335071e-02,3.863576e-02,7.058356e-03,2.949043e-02,6.224022e-01,3.564226e-02,4.082364e-03,4.836221e-03
1.194477e-01,3.619983e-03,3.525897e-03,5.492961e-03,7.228668e-03,4.335640e-02,1.865498e-03,9.517790e-03,3.334660e-02,6.766727e-03,4.146517e-02,6.914759e-01,2.609643e-02,3.252394e-03,3.541908e-03
9.862690e-02,4.380889e-03,3.501781e-03,4.118210e-03,9.442522e-03,3.248162e-02,1.635654e-03,8.272791e-03,5.239843e-02,6.956264e-03,4.389130e-02,7.092967e-01,1.955346e-02,2.710958e-03,2.732508e-03
7.484218e-02,3.792041e-03,2.765916e-03,3.164330e-03,3.200580e-02,2.410101e-02,2.801645e-03,6.856366e-03,1.239611e-01,6.089389e-03,3.398347e-02,6.662589e-01,1.520091e-02,2.167926e-03,2.009057e-03
6.113180e-02,3.613296e-03,2.982928e-03,2.786067e-03,5.164195e-02,2.317360e-02,4.454025e-03,6.463814e-03,1.348391e-01,5.460784e-03,2.912750e-02,6.580815e-01,1.268425e-02,1.969856e-03,1.589471e-03
4.462791e-02,3.019015e-03,2.201824e-03,2.052284e-03,4.090619e-02,1.764823e-02,3.331138e-03,4.992000e-03,1.585233e-01,4.464003e-03,2.398722e-02,6.769758e-01,1.427100e-02,1.823462e-03,1.176698e-03
3.508246e-02,3.420698e-03,2.777772e-03,1.637139e-03,8.251229e-02,1.893888e-02,4.321903e-03,4.860099e-03,2.338690e-01,3.958498e-03,2.170350e-02,5.701860e-01,1.425992e-02,1.552970e-03,9.188491e-04
3.711238e-02,3.533815e-03,2.704257e-03,1.673017e-03,9.190063e-02,1.564369e-02,3.307523e-03,7.163397e-03,2.174156e-01,4.574078e-03,2.758074e-02,5.683218e-01,1.632638e-02,1.930800e-03,8.118507e-04
3.897009e-02,3.102982e-03,2.325701e-03,1.321336e-03,1.181884e-01,1.961710e-02,2.912238e-03,7.940572e-03,2.253990e-01,4.143159e-03,2.790678e-02,5.249748e-01,2.014109e-02,2.358092e-03,6.985461e-04
4.595101e-02,4.012666e-03,3.651822e-03,2.623487e-03,1.205525e-01,2.694812e-02,2.749884e-03,2.206830e-02,1.745049e-01,3.555823e-03,2.655536e-02,5.406401e-01,2.171422e-02,3.818791e-03,6.530351e-04
5.522971e-02,5.016232e-03,3.999546e-03,4.707064e-03,1.160793e-01,2.821668e-02,2.708893e-03,4.945015e-02,1.576606e-01,3.122127e-03,2.914861e-02,5.174378e-01,2.132481e-02,4.693800e-03,1.204643e-03
8.439100e-02,5.107055e-03,5.328942e-03,5.861529e-03,1.373078e-01,3.777444e-02,3.651630e-03,4.739324e-02,1.428232e-01,3.395770e-03,5.044617e-02,4.491823e-01,1.974899e-02,6.274354e-03,1.313467e-03
1.714022e-01,6.193343e-03,5.047808e-03,9.169506e-03,1.217703e-01,3.513696e-02,4.633751e-03,4.706059e-02,1.154614e-01,3.654075e-03,8.053390e-02,3.694466e-01,1.780306e-02,8.705182e-03,3.981266e-03
2.113826e-01,6.997863e-03,4.055407e-03,9.303354e-03,1.142352e-01,4.463452e-02,4.532645e-03,3.845438e-02,1.138126e-01,3.627410e-03,1.086454e-01,3.047971e-01,1.654262e-02,9.973086e-03,9.005697e-03
2.462610e-01,6.266936e-03,7.477980e-03,2.069646e-02,1.079083e-01,4.464275e-02,5.898347e-03,8.933555e-02,9.432343e-02,2.997831e-03,9.456426e-02,2.469060e-01,1.594975e-02,9.852579e-03,6.918747e-03
3.060499e-01,5.757648e-03,7.928185e-03,2.122016e-02,1.031205e-01,7.786149e-02,7.027920e-03,7.345418e-02,8.490934e-02,2.912931e-03,8.466524e-02,1.935405e-01,1.489307e-02,9.888766e-03,6.770142e-03
3.091499e-01,4.974679e-03,1.303806e-02,2.777822e-02,9.621826e-02,8.554743e-02,1.023544e-02,1.005726e-01,6.597326e-02,3.222991e-03,9.116162e-02,1.617435e-01,1.592426e-02,8.603919e-03,5.855932e-03
2.745708e-01,4.157995e-03,1.664274e-02,2.751582e-02,8.082419e-02,7.047574e-02,1.708955e-02,2.490708e-01,4.792847e-02,3.011717e-03,6.593402e-02,1.182893e-01,1.302657e-02,6.955256e-03,4.506937e-03
2.192841e-01,3.264194e-03,1.810935e-02,2.434843e-02,6.403776e-02,5.965405e-02,2.762410e-02,3.926916e-01,3.484111e-02,3.022298e-03,4.741103e-02,8.519964e-02,1.156287e-02,5.538299e-03,3.411221e-03
2.596879e-01,3.202640e-03,1.753958e-02,2.107389e-02,5.452634e-02,5.370964e-02,4.857138e-02,3.886625e-01,2.697749e-02,4.291482e-03,3.454208e-02,6.423075e-02,1.433602e-02,5.054113e-03,3.594250e-03
2.658968e-01,3.322972e-03,1.925677e-02,1.986135e-02,4.397492e-02,4.506236e-02,4.827992e-02,4.331626e-01,2.119112e-02,4.711821e-03,2.494155e-02,5.012816e-02,1.236022e-02,4.141164e-03,3.708400e-03
2.726695e-01,3.781701e-03,1.887308e-02,2.088699e-02,3.349360e-02,4.023371e-02,4.777500e-02,4.591483e-01,1.830987e-02,3.909610e-03,1.795482e-02,4.343808e-02,1.173127e-02,3.189082e-03,4.605474e-03
2.130718e-01,2.895920e-03,1.499098e-02,1.545302e-02,2.538808e-02,3.236032e-02,5.985618e-02,5.594446e-01,1.419359e-02,2.847737e-03,1.271800e-02,3.184566e-02,8.980986e-03,2.300740e-03,3.652495e-03
1.721257e-01,2.282399e-03,1.250465e-02,1.159844e-02,2.006106e-02,2.804775e-02,8.313986e-02,6.110634e-01,1.105636e-02,2.201622e-03,9.097151e-03,2.379223e-02,8.255351e-03,1.736729e-03,3.037409e-03
1.582872e-01,2.137521e-03,1.411896e-02,9.471343e-03,1.930824e-02,2.582017e-02,1.018841e-01,6.189478e-01,8.654956e-03,1.764014e-03,6.657913e-03,1.919981e-02,9.366556e-03,1.342806e-03,3.038723e-03
1.454507e-01,2.103258e-03,1.393198e-02,7.171785e-03,2.067319e-02,2.369666e-02,1.151454e-01,6.280680e-01,7.008079e-03,1.355154e-03,4.964822e-03,1.523178e-02,1.149374e-02,1.068811e-03,2.636762e-03
1.324512e-01,2.005961e-03,1.235797e-02,5.548807e-03,2.212837e-02,2.147711e-02,1.192447e-01,6.473188e-01,5.613581e-03,1.041502e-03,3.783169e-03,1.227934e-02,1.158736e-02,8.729282e-04,2.289215e-03
1.140298e-01,1.562069e-03,9.514294e-03,4.177536e-03,1.911144e-02,1.694831e-02,1.511891e-01,6.536628e-01,4.495099e-03,7.853091e-04,2.790023e-03,9.164426e-03,1.013775e-02,6.652283e-04,1.766924e-03
1.042165e-01,1.224338e-03,7.316604e-03,3.178208e-03,1.685632e-02,1.593018e-02,1.755393e-01,6.487765e-01,3.684546e-03,6.014950e-04,2.225339e-03,7.544335e-03,1.091460e-02,5.472695e-04,1.444580e-03
1.186114e-01,1.179494e-03,6.450773e-03,2.821046e-03,1.425553e-02,2.295810e-02,2.375211e-01,5.655827e-01,3.251230e-03,5.500682e-04,1.917621e-03,9.209220e-03,1.324507e-02,5.151319e-04,1.931627e-03
1.743864e-01,1.500753e-03,6.873742e-03,3.406545e-03,1.393697e-02,3.021674e-02,2.221062e-01,5.082886e-01,3.865214e-03,6.759535e-04,2.060713e-03,1.547171e-02,1.324727e-02,6.681713e-04,3.295007e-03
1.837376e-01,1.441124e-03,6.648384e-03,3.212697e-03,1.252874e-02,3.339676e-02,2.574944e-01,4.628029e-01,3.538225e-03,6.551093e-04,1.857499e-03,1.560332e-02,1.306091e-02,6.100809e-04,3.412174e-03
2.486137e-01,1.710645e-03,6.238578e-03,3.390334e-03,1.158245e-02,3.140939e-02,2.372839e-01,4.193379e-01,3.876059e-03,8.954450e-04,2.130003e-03,1.661087e-02,1.193537e-02,6.849946e-04,4.300270e-03
3.055145e-01,2.131877e-03,6.369808e-03,3.881144e-03,1.118990e-02,3.218837e-02,2.060755e-01,3.898641e-01,3.801442e-03,1.040853e-03,2.352809e-03,1.796641e-02,1.157594e-02,7.986220e-04,5.248787e-03
3.129244e-01,2.240588e-03,7.481521e-03,4.401037e-03,1.058329e-02,3.187481e-02,2.090726e-01,3.794202e-01,3.439579e-03,9.918808e-04,2.115982e-03,1.752071e-02,1.147481e-02,8.102672e-04,5.648385e-03
2.878220e-01,1.888082e-03,6.325078e-03,3.621007e-03,9.325849e-03,2.740840e-02,1.928805e-01,4.365491e-01,2.678281e-03,8.330330e-04,1.714486e-03,1.394303e-02,9.612739e-03,7.058282e-04,4.692540e-03
2.939531e-01,1.666196e-03,5.541275e-03,3.618651e-03,7.960123e-03,2.490473e-02,1.763528e-01,4.556968e-01,2.278605e-03,7.935815e-04,1.462243e-03,1.233847e-02,8.416995e-03,6.455880e-04,4.370810e-03
2.546455e-01,1.779528e-03,4.600166e-03,3.407113e-03,6.953397e-03,2.101421e-02,1.864585e-01,4.958408e-01,1.888437e-03,8.020204e-04,1.394139e-03,9.733152e-03,7.040262e-03,6.013305e-04,3.841395e-03
2.578076e-01,1.753488e-03,3.524984e-03,2.993674e-03,5.816253e-03,1.601219e-02,1.601681e-01,5.292898e-01,1.512459e-03,7.167457e-04,1.308854e-03,8.741312e-03,6.508764e-03,5.683259e-04,3.277447e-03
2.292452e-01,1.604177e-03,2.640379e-03,2.506933e-03,5.254940e-03,1.250641e-02,1.305902e-01,5.958560e-01,1.153981e-03,5.868615e-04,1.148300e-03,7.407597e-03,6.385289e-03,4.781110e-04,2.635529e-03
2.746468e-01,1.871288e-03,2.201034e-03,3.146559e-03,5.523783e-03,1.325097e-02,1.323560e-01,5.418562e-01,1.034544e-03,6.089706e-04,1.700382e-03,9.446327e-03,9.041082e-03,5.894430e-04,2.726600e-03
2.331688e-01,6.843633e-03,2.576353e-03,1.498111e-02,1.088022e-02,2.877223e-02,1.299901e-01,4.464589e-01,2.699308e-03,1.122467e-03,5.330744e-03,4.496288e-02,5.879416e-02,1.400798e-03,1.201830e-02
1.655666e-01,5.215651e-03,1.879508e-03,1.302340e-02,8.034160e-03,2.711488e-02,9.168012e-02,3.131850e-01,3.048426e-03,9.736007e-04,6.016091e-03,1.011501e-01,2.481097e-01,1.228929e-03,1.377378e-02
1.232331e-01,4.107235e-03,1.411961e-03,1.088469e-02,6.761821e-03,3.044657e-02,6.583183e-02,2.206691e-01,3.049083e-03,7.794734e-04,5.546129e-03,9.527750e-02,4.200540e-01,9.443352e-04,1.100321e-02
9.453451e-02,3.035306e-03,1.190327e-03,8.341765e-03,7.206651e-03,3.893553e-02,4.816976e-02,1.558067e-01,4.008827e-03,6.901675e-04,6.297039e-03,9.190594e-02,5.307127e-01,8.406424e-04,8.324197e-03
8.508968e-02,2.697074e-03,1.495905e-03,6.581233e-03,2.698934e-02,2.871259e-02,3.604699e-02,1.137311e-01,2.171908e-02,1.399365e-03,1.209034e-02,8.993519e-02,5.629611e-01,8.262839e-04,9.724778e-03
1.056216e-01,3.606728e-03,2.612354e-03,8.306829e-03,4.297423e-02,2.398536e-02,2.889939e-02,9.083232e-02,6.188029e-02,2.389856e-03,1.711804e-02,9.447475e-02,5.061488e-01,8.149556e-04,1.033461e-02
7.623699e-02,2.714806e-03,3.272361e-03,6.912207e-03,4.407260e-02,1.750752e-02,2.233723e-02,2.723932e-01,4.692385e-02,2.458576e-03,2.088157e-02,6.936799e-02,4.059037e-01,6.229025e-04,8.394547e-03
6.015313e-02,2.152177e-03,3.068000e-03,1.093134e-02,4.663636e-02,1.542656e-02,1.806891e-02,4.306045e-01,3.935470e-02,2.039671e-03,1.837524e-02,5.194715e-02,2.945354e-01,4.608924e-04,6.245996e-03
7.657170e-02,2.292971e-03,3.174730e-03,1.129887e-02,4.684859e-02,3.081300e-02,1.881977e-02,4.978916e-01,4.132468e-02,1.578128e-03,1.469581e-02,3.984272e-02,2.092696e-01,5.270123e-04,5.050895e-03
8.599874e-02,2.963627e-03,5.210787e-03,1.098766e-02,4.774047e-02,2.998419e-02,2.264649e-02,5.496937e-01,4.130984e-02,1.275891e-03,1.341821e-02,3.100843e-02,1.531018e-01,6.415757e-04,4.018661e-03
7.281317e-02,2.543635e-03,5.095555e-03,8.519901e-03,5.207339e-02,3.502874e-02,1.370142e-01,5.023683e-01,3.313036e-02,1.153056e-03,1.077881e-02,2.305766e-02,1.121767e-01,5.236609e-04,3.722936e-03
5.462532e-02,1.839454e-03,3.796527e-03,6.057411e-03,3.813665e-02,3.542707e-02,3.545069e-01,3.697851e-01,2.337721e-02,8.430055e-04,7.602155e-03,1.623644e-02,8.467960e-02,3.752873e-04,2.711925e-03
4.385659e-02,1.398280e-03,3.028017e-03,4.351343e-03,2.822299e-02,3.752059e-02,4.959592e-01,2.830343e-01,1.666541e-02,6.154121e-04,5.415569e-03,1.158049e-02,6.599368e-02,2.709782e-04,2.087168e-03
3.701270e-02,1.105801e-03,2.422391e-03,3.157493e-03,2.044146e-02,3.257822e-02,6.190026e-01,2.068567e-01,1.198674e-02,4.605921e-04,3.862707e-03,8.496807e-03,5.058532e-02,2.054321e-04,1.825111e-03
3.349869e-02,9.360510e-04,2.081703e-03,2.287053e-03,1.526034e-02,2.760336e-02,7.104608e-01,1.495597e-01,8.707906e-03,3.466083e-04,2.946041e-03,6.460803e-03,3.803807e-02,1.648411e-04,1.648197e-03
2.629740e-02,1.418061e-03,3.122229e-03,1.757147e-03,1.322315e-02,2.267359e-02,7.719535e-01,1.095885e-01,6.406945e-03,4.332293e-04,3.420496e-03,5.120181e-03,3.106668e-02,2.406670e-04,3.278275e-03
3.031004e-02,4.381474e-03,5.572860e-03,2.598762e-03,1.509123e-02,2.640954e-02,7.525439e-01,8.504540e-02,5.636799e-03,1.133912e-03,8.525558e-03,5.024234e-03,2.357034e-02,6.659422e-04,3.349010e-02
6.118817e-02,6.543717e-03,9.523669e-03,3.974394e-03,2.025649e-02,4.169522e-02,7.022712e-01,6.633241e-02,5.168991e-03,1.712630e-03,1.037434e-02,4.958964e-03,1.783594e-02,1.850842e-03,4.631310e-02
7.627603e-02,6.854144e-03,1.066389e-02,3.454773e-03,2.141766e-02,2.149078e-01,5.349507e-01,5.083924e-02,3.852790e-03,4.403828e-03,9.779286e-03,4.419095e-03,1.350610e-02,3.297784e-03,4.137687e-02
6.728350e-02,5.530992e-03,9.404752e-03,2.846521e-03,1.970517e-02,3.740260e-01,4.176460e-01,4.230684e-02,2.991696e-03,4.105959e-03,7.317677e-03,3.372369e-03,9.730183e-03,2.704131e-03,3.102814e-02
6.563186e-02,4.480059e-03,8.339576e-03,2.794154e-03,1.893471e-02,4.562433e-01,3.516858e-01,4.243653e-02,2.465182e-03,4.604537e-03,5.918253e-03,2.785772e-03,7.167554e-03,2.359254e-03,2.415343e-02
1.105193e-01,3.975467e-03,7.209347e-03,4.019654e-03,1.939422e-02,4.079983e-01,3.409264e-01,5.792345e-02,2.168893e-03,4.241935e-03,7.582854e-03,3.479581e-03,5.874943e-03,2.652795e-03,2.203289e-02
1.776887e-01,3.800876e-03,6.978145e-03,5.073448e-03,1.971049e-02,3.429374e-01,3.063256e-01,8.132834e-02,1.792808e-03,4.009776e-03,1.419000e-02,5.002880e-03,5.292460e-03,4.335579e-03,2.153350e-02
1.820697e-01,3.132491e-03,6.210031e-03,4.125587e-03,1.575542e-02,4.342688e-01,2.176168e-01,6.080703e-02,1.393977e-03,3.991556e-03,3.531821e-02,6.047511e-03,4.393176e-03,7.039852e-03,1.782990e-02
1.382292e-01,2.517652e-03,5.781512e-03,3.030629e-03,1.191399e-02,4.908775e-01,1.526577e-01,4.340262e-02,1.078587e-03,4.303111e-03,1.145422e-01,8.093340e-03,3.466916e-03,7.087678e-03,1.301740e-02
1.045914e-01,2.210220e-03,5.475030e-03,2.236564e-03,9.078354e-03,5.177481e-01,1.072237e-01,3.078572e-02,8.243163e-04,1.029757e-02,1.753278e-01,1.376395e-02,2.845418e-03,7.950655e-03,9.641238e-03
7.878054e-02,4.233870e-03,6.583116e-03,2.455097e-03,7.428780e-03,3.943774e-01,7.528616e-02,2.170999e-02,9.020843e-04,1.786570e-02,3.267845e-01,4.514019e-02,2.283615e-03,7.215138e-03,8.953870e-03
5.722655e-02,3.849871e-03,5.671871e-03,2.002361e-03,5.368620e-03,3.152413e-01,5.284654e-02,1.529427e-02,9.968918e-04,2.941442e-02,4.003052e-01,9.642415e-02,1.785324e-03,6.133255e-03,7.439455e-03
4.136648e-02,1.384655e-02,7.191943e-03,1.519652e-03,4.952251e-03,2.264605e-01,3.724337e-02,1.079015e-02,3.201341e-03,1.191215e-01,3.526949e-01,1.660398e-01,1.741441e-03,6.880173e-03,6.950010e-03
3.237670e-02,1.100105e-02,5.807294e-03,1.411563e-03,4.127083e-03,1.632730e-01,2.649520e-02,7.850199e-03,5.982176e-03,1.008509e-01,4.220616e-01,2.049752e-01,1.407436e-03,6.805236e-03,5.575520e-03
2.291304e-02,1.141244e-02,5.226697e-03,1.060720e-03,3.108169e-03,1.156309e-01,1.870747e-02,5.619268e-03,8.770867e-03,7.652347e-02,5.176939e-01,2.012648e-01,1.144487e-03,6.713432e-03,4.210285e-03
1.806626e-02,9.118615e-03,1.264414e-02,1.596882e-03,3.385928e-03,1.280293e-01,1.568132e-02,7.566204e-03,9.918478e-03,6.607419e-02,5.069459e-01,2.103485e-01,1.081398e-03,6.228362e-03,3.314537e-03
1.330886e-02,7.220302e-03,1.015917e-02,1.246259e-03,2.816534e-03,9.163131e-02,1.136367e-02,5.495908e-03,1.083141e-02,5.084912e-02,5.510272e-01,2.336360e-01,1.054178e-03,6.832329e-03,2.527813e-03
1.844251e-02,7.530531e-03,1.242386e-02,2.414431e-03,6.713359e-03,7.006931e-02,9.281795e-03,1.137410e-02,2.271569e-02,4.376394e-02,5.321216e-01,2.488337e-01,1.562926e-03,1.036617e-02,2.386142e-03
1.792798e-02,1.859717e-02,1.857998e-02,3.021858e-03,1.291134e-02,5.277912e-02,7.201673e-03,2.807453e-02,6.200521e-02,3.341919e-02,4.556743e-01,2.680244e-01,1.765324e-03,1.678994e-02,3.227992e-03
1.535893e-02,2.318775e-02,1.909366e-02,3.217962e-03,2.861189e-02,3.867009e-02,5.396888e-03,2.421672e-02,1.469515e-01,2.526498e-02,3.875067e-01,2.608467e-01,1.544226e-03,1.619711e-02,3.934824e-03
5.648037e-02,2.993636e-02,2.358937e-02,4.835733e-03,3.889235e-02,3.231720e-02,4.382699e-03,2.472752e-02,1.419544e-01,1.925147e-02,3.688310e-01,1.985142e-01,2.444320e-03,3.877914e-02,1.506393e-02
1.160844e-01,3.037649e-02,4.313640e-02,2.547823e-02,4.117034e-02,3.294136e-02,4.280468e-03,3.048315e-02,1.308788e-01,1.527661e-02,3.115497e-01,1.539623e-01,5.373784e-03,4.110120e-02,1.790677e-02
