1.000000e+00,0.000000e+00,0.000000e+00,0.000000e+00,0.000000e+00,0.000000e+00,0.000000e+00,0.000000e+00,0.000000e+00,0.000000e+00,0.000000e+00,0.000000e+00,0.000000e+00,0.000000e+00,0.000000e+00
1.000000e+00,0.000000e+00,0.000000e+00,0.000000e+00,0.000000e+00,0.000000e+00,0.000000e+00,0.000000e+00,0.000000e+00,0.000000e+00,0.000000e+00,0.000000e+00,0.000000e+00,0.000000e+00,0.000000e+00
1.000000e+00,0.000000e+00,0.000000e+00,0.000000e+00,0.000000e+00,0.000000e+00,0.000000e+00,0.000000e+00,0.000000e+00,0.000000e+00,0.000000e+00,0.000000e+00,0.000000e+00,0.000000e+00,0.000000e+00
1.000000e+00,0.000000e+00,0.000000e+00,0.000000e+00,0.000000e+00,0.000000e+00,0.000000e+00,0.000000e+00,0.000000e+00,0.000000e+00,0.000000e+00,0.000000e+00,0.000000e+00,0.000000e+00,0.000000e+00
1.000000e+00,0.000000e+00,0.000000e+00,0.000000e+00,0.000000e+00,0.000000e+00,0.000000e+00,0.000000e+00,0.000000e+00,0.000000e+00,0.000000e+00,0.000000e+00,0.000000e+00,0.000000e+00,0.000000e+00
1.000000e+00,0.000000e+00,0.000000e+00,0.000000e+00,0.000000e+00,0.000000e+00,0.000000e+00,0.000000e+00,0.000000e+00,0.000000e+00,0.000000e+00,0.000000e+00,0.000000e+00,0.000000e+00,0.000000e+00
1.000000e+00,0.000000e+00,0.000000e+00,0.000000e+00,0.000000e+00,0.000000e+00,0.000000e+00,0.000000e+00,0.000000e+00,0.000000e+00,0.000000e+00,0.000000e+00,0.000000e+00,0.000000e+00,0.000000e+00
1.000000e+00,0.000000e+00,0.000000e+00,0.000000e+00,0.000000e+00,0.000000e+00,0.000000e+00,0.000000e+00,0.000000e+00,0.000000e+00,0.000000e+00,0.000000e+00,0.000000e+00,0.000000e+00,0.000000e+00
1.000000e+00,0.000000e+00,0.000000e+00,0.000000e+00,0.000000e+00,0.000000e+00,0.000000e+00,0.000000e+00,0.000000e+00,0.000000e+00,0.000000e+00,0.000000e+00,0.000000e+00,0.000000e+00,0.000000e+00
1.000000e+00,0.000000e+00,0.000000e+00,0.000000e+00,0.000000e+00,0.000000e+00,0.000000e+00,0.000000e+00,0.000000e+00,0.000000e+00,0.000000e+00,0.000000e+00,0.000000e+00,0.000000e+00,0.000000e+00
1.000000e+00,0.000000e+00,0.000000e+00,0.000000e+00,0.000000e+00,0.000000e+00,0.000000e+00,0.000000e+00,0.000000e+00,0.000000e+00,0.000000e+00,0.000000e+00,0.000000e+00,0.000000e+00,0.000000e+00
1.000000e+00,0.000000e+00,0.000000e+00,0.000000e+00,0.000000e+00,0.000000e+00,0.000000e+00,0.000000e+00,0.000000e+00,0.000000e+00,0.000000e+00,0.000000e+00,0.000000e+00,0.000000e+00,0.000000e+00
1.000000e+00,0.000000e+00,0.000000e+00,0.000000e+00,0.000000e+00,0.000000e+00,0.000000e+00,0.000000e+00,0.000000e+00,0.000000e+00,0.000000e+00,0.000000e+00,0.000000e+00,0.000000e+00,0.000000e+00
1.000000e+00,0.000000e+00,0.000000e+00,0.000000e+00,0.000000e+00,0.000000e+00,0.000000e+00,0.000000e+00,0.000000e+00,0.000000e+00,0.000000e+00,0.000000e+00,0.000000e+00,0.000000e+00,0.000000e+00
1.000000e+00,0.000000e+00,0.000000e+00,0.000000e+00,0.000000e+00,0.000000e+00,0.000000e+00,0.000000e+00,0.000000e+00,0.000000e+00,0.000000e+00,0.000000e+00,0.000000e+00,0.000000e+00,0.000000e+00
4.971862e-01,3.306053e-02,2.717263e-02,5.703317e-02,1.116140e-02,1.045997e-01,5.888145e-03,3.040533e-02,9.537418e-03,1.341877e-02,1.124395e-01,4.082581e-02,1.247584e-02,1.064208e-02,3.415341e-02
4.205521e-01,3.103972e-02,3.434174e-02,5.355958e-02,1.079599e-02,1.797966e-01,7.265024e-03,4.098152e-02,8.556179e-03,1.787712e-02,1.032912e-01,3.979313e-02,1.199971e-02,9.518876e-03,3.063145e-02
3.166209e-01,3.122800e-02,8.968791e-02,4.972180e-02,9.348759e-03,2.279686e-01,7.144759e-03,5.747938e-02,6.959691e-03,1.508739e-02,1.058567e-01,3.794241e-02,9.848403e-03,1.052480e-02,2.458036e-02
2.921634e-01,2.682450e-02,1.276557e-01,4.377516e-02,7.778072e-03,2.026610e-01,1.092930e-02,1.102723e-01,6.328251e-03,1.271056e-02,8.329760e-02,3.370068e-02,8.586825e-03,1.038155e-02,2.293515e-02
2.636901e-01,2.284253e-02,1.600575e-01,4.421545e-02,6.647656e-03,1.509788e-01,1.297325e-02,1.963560e-01,5.837038e-03,1.005673e-02,6.331930e-02,2.711661e-02,7.123779e-03,1.007624e-02,1.870904e-02
2.666515e-01,1.908184e-02,1.466058e-01,4.302663e-02,5.758605e-03,1.147837e-01,1.636664e-02,2.737390e-01,5.377371e-03,8.278570e-03,4.637067e-02,2.101803e-02,6.389102e-03,9.859103e-03,1.669335e-02
3.168698e-01,1.686268e-02,1.284468e-01,3.632122e-02,5.165366e-03,9.404772e-02,1.809209e-02,2.828351e-01,5.781836e-03,7.710526e-03,3.616224e-02,1.810781e-02,5.894319e-03,1.050210e-02,1.720040e-02
3.584642e-01,1.469960e-02,1.131711e-01,3.322148e-02,4.797219e-03,7.266406e-02,1.924763e-02,2.860090e-01,6.652631e-03,8.469867e-03,3.054140e-02,1.648608e-02,5.695242e-03,1.229107e-02,1.758945e-02
4.093514e-01,1.342276e-02,9.338363e-02,2.774816e-02,5.476550e-03,5.798250e-02,2.095040e-02,2.769199e-01,6.697121e-03,8.918472e-03,2.568940e-02,1.619247e-02,6.217553e-03,1.146977e-02,1.957988e-02
4.527173e-01,1.178147e-02,7.759229e-02,2.456309e-02,6.200037e-03,4.800520e-02,2.058258e-02,2.665272e-01,6.960343e-03,9.701568e-03,2.154325e-02,1.587677e-02,7.094616e-03,1.079958e-02,2.005472e-02
1.000000e+00,0.000000e+00,0.000000e+00,0.000000e+00,0.000000e+00,0.000000e+00,0.000000e+00,0.000000e+00,0.000000e+00,0.000000e+00,0.000000e+00,0.000000e+00,0.000000e+00,0.000000e+00,0.000000e+00
1.000000e+00,0.000000e+00,0.000000e+00,0.000000e+00,0.000000e+00,0.000000e+00,0.000000e+00,0.000000e+00,0.000000e+00,0.000000e+00,0.000000e+00,0.000000e+00,0.000000e+00,0.000000e+00,0.000000e+00
4.423845e-01,1.420933e-02,3.606375e-02,3.984363e-02,5.097690e-03,3.190637e-02,9.708422e-03,1.294983e-01,1.794360e-02,1.097014e-02,6.194891e-02,1.172294e-01,3.486758e-02,1.339421e-02,3.493416e-02
3.215090e-01,1.731106e-02,3.040118e-02,4.462389e-02,3.931686e-03,2.558038e-02,7.112745e-03,1.000223e-01,1.692977e-01,1.381440e-02,8.036359e-02,8.511228e-02,3.143455e-02,2.445338e-02,4.503184e-02
2.526540e-01,1.591208e-02,2.237416e-02,3.620125e-02,3.031454e-03,1.906282e-02,5.125236e-03,7.297245e-02,3.059404e-01,1.329868e-02,7.035013e-02,6.148810e-02,2.929088e-02,4.972304e-02,4.257539e-02
1.799121e-01,1.157863e-02,1.581900e-02,2.568768e-02,2.289335e-03,1.349847e-02,3.638180e-03,5.171074e-02,4.694719e-01,1.145081e-02,5.228926e-02,4.339538e-02,2.542386e-02,4.401815e-02,4.981655e-02
1.335152e-01,8.322889e-03,1.121930e-02,1.975616e-02,3.967791e-03,1.022969e-02,2.756650e-03,3.743175e-02,5.576558e-01,1.161704e-02,4.309209e-02,3.235983e-02,4.092621e-02,3.611830e-02,5.103139e-02
9.812932e-02,6.007148e-03,7.906303e-03,1.416277e-02,4.103166e-03,9.000466e-03,2.101043e-03,2.673915e-02,4.967487e-01,1.437102e-02,5.033111e-02,2.715931e-02,1.054502e-01,4.756359e-02,9.022675e-02
7.506225e-02,4.308165e-03,5.588167e-03,1.007956e-02,3.449454e-03,7.477650e-03,1.648805e-03,1.943997e-02,4.512410e-01,1.603561e-02,6.186917e-02,2.527565e-02,1.355314e-01,8.846842e-02,9.452474e-02
5.799358e-02,4.038926e-03,4.056387e-03,7.419000e-03,4.884641e-03,5.792740e-03,1.291589e-03,1.411422e-02,4.136773e-01,1.858442e-02,1.136356e-01,2.836598e-02,1.159974e-01,8.503364e-02,1.251146e-01
4.460971e-02,3.823608e-03,3.229141e-03,6.909344e-03,4.008412e-03,4.800920e-03,1.055380e-03,1.025010e-02,4.148583e-01,2.151193e-02,1.807892e-01,3.438534e-02,9.124772e-02,7.725321e-02,1.012677e-01
3.541699e-02,4.773719e-03,2.733788e-03,5.543082e-03,3.926030e-03,4.313860e-03,1.235449e-03,7.540827e-03,3.434662e-01,3.234487e-02,2.271762e-01,3.952206e-02,7.532799e-02,1.275281e-01,8.915078e-02
2.961663e-02,4.753683e-03,2.443565e-03,6.182936e-03,3.321049e-03,3.677530e-03,9.463487e-04,5.558790e-03,4.142908e-01,3.104816e-02,2.367817e-01,3.339935e-02,5.727937e-02,1.013258e-01,6.937420e-02
2.133943e-02,4.335365e-03,1.974474e-03,4.939170e-03,3.232541e-03,3.064323e-03,7.323867e-04,4.070993e-03,3.973355e-01,2.610896e-02,3.053565e-01,3.030540e-02,5.129991e-02,9.214125e-02,5.376379e-02
1.519483e-02,4.561475e-03,2.328154e-03,3.897880e-03,4.349804e-03,2.432569e-03,5.291254e-04,2.911746e-03,3.329247e-01,1.987054e-02,3.801726e-01,3.515024e-02,4.552814e-02,1.120584e-01,3.808982e-02
1.235302e-02,5.235113e-03,3.698929e-03,5.854829e-03,1.791468e-02,2.822665e-03,4.581422e-04,2.583635e-03,3.409513e-01,1.473442e-02,3.664123e-01,2.810038e-02,3.476417e-02,1.362007e-01,2.791572e-02
1.211966e-02,4.658671e-03,2.832370e-03,5.177027e-03,8.287149e-02,2.462750e-03,3.880720e-04,2.078898e-03,3.358459e-01,1.123413e-02,3.308653e-01,2.475134e-02,2.774079e-02,1.344390e-01,2.253453e-02
2.163943e-02,4.030185e-03,2.360866e-03,5.837890e-03,6.131559e-02,2.506795e-03,3.506956e-04,1.693530e-03,3.422886e-01,9.996809e-03,3.072498e-01,2.146699e-02,2.173915e-02,1.796608e-01,1.786275e-02
1.985872e-02,3.945416e-03,2.076891e-03,6.420312e-03,4.624968e-02,3.453306e-03,3.069279e-04,2.099229e-03,3.660744e-01,8.022161e-03,2.960908e-01,2.102614e-02,2.003292e-02,1.892491e-01,1.509397e-02
2.010573e-02,3.672739e-03,2.151279e-03,9.238386e-03,3.747629e-02,3.706082e-03,2.940823e-04,2.497497e-03,3.289657e-01,7.839778e-03,3.409472e-01,3.179039e-02,2.818657e-02,1.709394e-01,1.218892e-02
1.559784e-02,3.073255e-03,1.745782e-03,9.304110e-03,2.717075e-02,3.376276e-03,2.558650e-04,2.176007e-03,2.553577e-01,6.378521e-03,2.773545e-01,3.391175e-02,2.704253e-02,3.278170e-01,9.438183e-03
1.189486e-02,2.667256e-03,1.877291e-03,6.894422e-03,1.975723e-02,4.087520e-03,2.184924e-04,1.606287e-03,2.117912e-01,5.145298e-03,2.160266e-01,2.826715e-02,2.213955e-02,4.605558e-01,7.071112e-03
1.168440e-02,4.791068e-03,4.391651e-02,6.319499e-03,1.483763e-02,1.373972e-02,2.757969e-04,1.401172e-03,2.026366e-01,4.871591e-03,1.759076e-01,2.067204e-02,1.756679e-02,4.752633e-01,6.116282e-03
1.003386e-02,4.953085e-03,3.421358e-02,4.780490e-03,1.148797e-02,2.055941e-02,2.490133e-04,1.104848e-03,2.636369e-01,4.238065e-03,1.317226e-01,1.495410e-02,1.279089e-02,4.788841e-01,6.391050e-03
1.144163e-02,5.827578e-03,2.557964e-02,3.609367e-03,9.147443e-03,1.674950e-02,1.962826e-04,1.016736e-03,3.164089e-01,3.984098e-03,1.073376e-01,1.081195e-02,9.407041e-03,4.703719e-01,8.110300e-03
2.675276e-02,7.420033e-03,2.374042e-02,1.553999e-02,1.290165e-02,1.746427e-02,6.685433e-04,6.027911e-03,3.779767e-01,6.613937e-03,7.866636e-02,7.725181e-03,7.067188e-03,4.045751e-01,6.860006e-03
3.765284e-02,1.485890e-02,3.099374e-02,1.951153e-02,1.384050e-02,2.547944e-02,1.312885e-03,7.296476e-03,4.055492e-01,7.541204e-03,5.766523e-02,5.649698e-03,5.647523e-03,3.603905e-01,6.610309e-03
3.137287e-02,1.626879e-02,7.597981e-02,5.603572e-02,1.515240e-02,1.893801e-02,1.240886e-03,2.339763e-02,4.342506e-01,6.690543e-03,4.129330e-02,4.034679e-03,4.148870e-03,2.661172e-01,5.078756e-03
3.342042e-02,1.690414e-02,1.570851e-01,7.576495e-02,1.489207e-02,1.435552e-02,1.183351e-03,6.693633e-02,3.586375e-01,5.210609e-03,3.011158e-02,2.913467e-03,3.243617e-03,2.150331e-01,4.308238e-03
3.950037e-02,2.928359e-02,2.096229e-01,7.844616e-02,1.396718e-02,1.090513e-02,9.966544e-04,8.056109e-02,3.253445e-01,4.185713e-03,2.237911e-02,2.175248e-03,2.582394e-03,1.751646e-01,4.885422e-03
4.748781e-02,3.193651e-02,2.218039e-01,8.954200e-02,1.825481e-02,9.654140e-03,1.010358e-03,8.242429e-02,2.952879e-01,3.504222e-03,1.673530e-02,1.736378e-03,2.141256e-03,1.739355e-01,4.545679e-03
5.574923e-02,3.696733e-02,1.969989e-01,1.186976e-01,2.302007e-02,9.281148e-03,9.152618e-04,8.663249e-02,2.781591e-01,3.306972e-03,1.338508e-02,1.755913e-03,1.979497e-03,1.677656e-01,5.385863e-03
6.289407e-02,3.967303e-02,1.837952e-01,1.594045e-01,2.923074e-02,9.442664e-03,7.890410e-04,9.539249e-02,2.303046e-01,2.728514e-03,1.059845e-02,1.475816e-03,1.676875e-03,1.679966e-01,4.597357e-03
8.619462e-02,4.745528e-02,1.597111e-01,1.703594e-01,3.616899e-02,1.350324e-02,8.183597e-04,1.075986e-01,2.131872e-01,2.286497e-03,8.567329e-03,1.517270e-03,1.664634e-03,1.465722e-01,4.395260e-03
1.235800e-01,7.939596e-02,1.574639e-01,1.472501e-01,2.929277e-02,1.550455e-02,9.811793e-04,9.284700e-02,2.051487e-01,2.212839e-03,7.441740e-03,1.846861e-03,1.853128e-03,1.294351e-01,5.746148e-03
1.848367e-01,9.129331e-02,1.686442e-01,1.329888e-01,2.541922e-02,2.613313e-02,1.164942e-03,7.714117e-02,1.669684e-01,2.296078e-03,6.870512e-03,3.328242e-03,3.185901e-03,9.685409e-02,1.287525e-02
2.691066e-01,9.409115e-02,1.545729e-01,1.135310e-01,2.084312e-02,2.888129e-02,1.497025e-03,6.672111e-02,1.331483e-01,2.529844e-03,7.191166e-03,4.914252e-03,4.938115e-03,7.498450e-02,2.304970e-02
3.247000e-01,7.524861e-02,2.126695e-01,9.825121e-02,1.690187e-02,2.213931e-02,2.136839e-03,5.566106e-02,9.863402e-02,2.038348e-03,5.996100e-03,5.878753e-03,4.746898e-03,5.518534e-02,1.981216e-02
3.922772e-01,6.392942e-02,2.299388e-01,8.512043e-02,1.380842e-02,1.824518e-02,2.945281e-03,4.652044e-02,7.181346e-02,1.681952e-03,4.956506e-03,5.947893e-03,4.820190e-03,4.124725e-02,1.674758e-02
4.868191e-01,5.001561e-02,1.928425e-01,7.687478e-02,1.297929e-02,1.530618e-02,4.369291e-03,4.420651e-02,5.322858e-02,1.711964e-03,4.772357e-03,5.760034e-03,4.569522e-03,3.158234e-02,1.496186e-02
1.000000e+00,0.000000e+00,0.000000e+00,0.000000e+00,0.000000e+00,0.000000e+00,0.000000e+00,0.000000e+00,0.000000e+00,0.000000e+00,0.000000e+00,0.000000e+00,0.000000e+00,0.000000e+00,0.000000e+00
1.000000e+00,0.000000e+00,0.000000e+00,0.000000e+00,0.000000e+00,0.000000e+00,0.000000e+00,0.000000e+00,0.000000e+00,0.000000e+00,0.000000e+00,0.000000e+00,0.000000e+00,0.000000e+00,0.000000e+00
1.000000e+00,0.000000e+00,0.000000e+00,0.000000e+00,0.000000e+00,0.000000e+00,0.000000e+00,0.000000e+00,0.000000e+00,0.000000e+00,0.000000e+00,0.000000e+00,0.000000e+00,0.000000e+00,0.000000e+00
4.858308e-01,1.911582e-02,6.780834e-02,7.435928e-02,7.861786e-03,1.061940e-02,2.827958e-03,3.591051e-02,2.581350e-02,1.044163e-01,9.134157e-02,2.722002e-02,8.217038e-03,2.183140e-02,1.682624e-02
4.154713e-01,1.466059e-02,4.907960e-02,7.624029e-02,8.455349e-03,8.238065e-03,2.632501e-03,2.841414e-02,2.287012e-02,1.015280e-01,1.647177e-01,5.290878e-02,8.855870e-03,3.152657e-02,1.440124e-02
4.480029e-01,1.153068e-02,3.548862e-02,6.155836e-02,1.403654e-02,8.937418e-03,2.344572e-03,2.558836e-02,1.888544e-02,7.621086e-02,1.725210e-01,7.318048e-02,7.986704e-03,3.201477e-02,1.171329e-02
4.990660e-01,9.780578e-03,2.657444e-02,5.329811e-02,1.543628e-02,8.455456e-03,2.039658e-03,2.221163e-02,1.489328e-02,5.851476e-02,1.540896e-01,8.242299e-02,6.827721e-03,3.567586e-02,1.071365e-02
4.870189e-01,1.088221e-02,2.156588e-02,4.624832e-02,1.771099e-02,7.967228e-03,1.871164e-03,1.691902e-02,1.281753e-02,6.622206e-02,1.374958e-01,9.749566e-02,5.494970e-03,5.942037e-02,1.086994e-02
1.000000e+00,0.000000e+00,0.000000e+00,0.000000e+00,0.000000e+00,0.000000e+00,0.000000e+00,0.000000e+00,0.000000e+00,0.000000e+00,0.000000e+00,0.000000e+00,0.000000e+00,0.000000e+00,0.000000e+00
4.700300e-01,1.465349e-02,1.846691e-02,3.316212e-02,2.208289e-02,7.612517e-03,1.551756e-03,1.587564e-02,1.329039e-02,4.450605e-02,1.260218e-01,9.245253e-02,3.915074e-03,1.280026e-01,8.376237e-03
4.765392e-01,2.312827e-02,2.009708e-02,3.790507e-02,2.321523e-02,1.597624e-02,2.971812e-03,1.964326e-02,1.743892e-02,3.277681e-02,1.112449e-01,8.483840e-02,4.441701e-03,1.213189e-01,8.464215e-03
4.264148e-01,2.701707e-02,1.832578e-02,3.322611e-02,1.900023e-02,2.191038e-02,3.289700e-03,1.785414e-02,2.555116e-02,2.692659e-02,1.279808e-01,8.780715e-02,6.922436e-03,1.488052e-01,8.968421e-03
3.482668e-01,3.171919e-02,1.390148e-02,2.744908e-02,1.596491e-02,1.871569e-02,3.019383e-03,1.536739e-02,5.797966e-02,2.237714e-02,1.295371e-01,1.007431e-01,7.177866e-03,1.996649e-01,8.116296e-03
2.519087e-01,7.306340e-02,1.104647e-02,1.971690e-02,1.331285e-02,1.747970e-02,2.273717e-03,1.180733e-02,1.588617e-01,1.745663e-02,1.231382e-01,7.916564e-02,6.394922e-03,2.067518e-01,7.622139e-03
2.022409e-01,7.932287e-02,1.051269e-02,1.846249e-02,1.415568e-02,1.645114e-02,1.905242e-03,1.156451e-02,2.711201e-01,1.581680e-02,1.019357e-01,5.780604e-02,5.305229e-03,1.869980e-01,6.402597e-03
1.762993e-01,7.505415e-02,1.221630e-02,2.372100e-02,1.807874e-02,1.407975e-02,1.639568e-03,1.429403e-02,3.147789e-01,1.783417e-02,1.036858e-01,4.274147e-02,4.697813e-03,1.729160e-01,7.963054e-03
1.490601e-01,7.467989e-02,1.213117e-02,2.328532e-02,1.771028e-02,1.954960e-02,1.331583e-03,1.083882e-02,3.395471e-01,2.348839e-02,1.181970e-01,3.855924e-02,4.710613e-03,1.512096e-01,1.570136e-02
1.291505e-01,7.362992e-02,1.585494e-02,2.457180e-02,1.814589e-02,1.814640e-02,1.663739e-03,1.242530e-02,4.084504e-01,2.152270e-02,9.874234e-02,3.120811e-02,4.143780e-03,1.201642e-01,2.218005e-02
1.284585e-01,7.686639e-02,2.224799e-02,2.510415e-02,2.161951e-02,2.038710e-02,1.583723e-03,1.362444e-02,3.656189e-01,2.489112e-02,1.198142e-01,3.177319e-02,3.880005e-03,1.151617e-01,2.896917e-02
1.346462e-01,6.690550e-02,3.923463e-02,5.527822e-02,2.363271e-02,4.237074e-02,1.553176e-03,2.580091e-02,3.424380e-01,2.010583e-02,1.001683e-01,2.442515e-02,4.651361e-03,8.760929e-02,3.117999e-02
1.670553e-01,6.306636e-02,3.550407e-02,6.806319e-02,2.507834e-02,3.803635e-02,1.741759e-03,3.460663e-02,2.993942e-01,1.742795e-02,8.698255e-02,2.838799e-02,1.280723e-02,8.039467e-02,4.145346e-02
1.948804e-01,5.609861e-02,4.208736e-02,9.432488e-02,2.912109e-02,3.597687e-02,1.523948e-03,4.711624e-02,2.430659e-01,1.744926e-02,8.296917e-02,2.522647e-02,1.689598e-02,7.043178e-02,4.283203e-02
2.197299e-01,5.039511e-02,3.706651e-02,9.929818e-02,2.423167e-02,3.036200e-02,1.376966e-03,3.710005e-02,2.027079e-01,1.796107e-02,9.036353e-02,2.476225e-02,2.238844e-02,9.569024e-02,4.656617e-02
2.837862e-01,4.438981e-02,4.100135e-02,8.356407e-02,2.972769e-02,2.716633e-02,1.734135e-03,4.069313e-02,1.592471e-01,1.881362e-02,8.742139e-02,2.055910e-02,1.985339e-02,1.010213e-01,4.102142e-02
2.862155e-01,3.537570e-02,6.467120e-02,1.347855e-01,3.310766e-02,2.521275e-02,3.093397e-03,4.469614e-02,1.301699e-01,1.562684e-02,8.234389e-02,1.783182e-02,1.696751e-02,7.838244e-02,3.151973e-02
2.475931e-01,6.094534e-02,7.291380e-02,1.151884e-01,4.833215e-02,2.539043e-02,3.003197e-03,3.878983e-02,1.372772e-01,1.948422e-02,6.967478e-02,1.318843e-02,1.286638e-02,1.110425e-01,2.431036e-02
1.968746e-01,5.328906e-02,1.033780e-01,1.727973e-01,7.686571e-02,2.481073e-02,4.277809e-03,4.552604e-02,1.196477e-01,1.772401e-02,5.818627e-02,9.661905e-03,9.425045e-03,8.951013e-02,1.802566e-02
1.563797e-01,4.032524e-02,8.867633e-02,1.445184e-01,6.873028e-02,1.934890e-02,3.671270e-03,2.415448e-01,8.861858e-02,1.288621e-02,4.406504e-02,6.904226e-03,6.817013e-03,6.468419e-02,1.282976e-02
1.200966e-01,2.899252e-02,7.355162e-02,1.225724e-01,5.948160e-02,1.472016e-02,2.826755e-03,4.098486e-01,6.316897e-02,9.078505e-03,3.142468e-02,4.878857e-03,4.842605e-03,4.550220e-02,9.013977e-03
8.781069e-02,2.042265e-02,5.290352e-02,8.807348e-02,4.948686e-02,1.044458e-02,2.035510e-03,5.710032e-01,4.437830e-02,6.359268e-03,2.206507e-02,3.425124e-03,3.413066e-03,3.186454e-02,6.314113e-03
6.374681e-02,1.432076e-02,3.722434e-02,6.181521e-02,3.776103e-02,7.415224e-03,1.450590e-03,6.937035e-01,3.108801e-02,4.457904e-03,1.547763e-02,2.403870e-03,2.399304e-03,2.231417e-02,4.421607e-03
4.747318e-02,1.005959e-02,2.616368e-02,4.341079e-02,3.119916e-02,5.251596e-03,1.041275e-03,7.775124e-01,2.178375e-02,3.123820e-03,1.087575e-02,1.688323e-03,1.690846e-03,1.562920e-02,3.096652e-03
3.536785e-02,7.062457e-03,1.835266e-02,3.047159e-02,2.465769e-02,3.733275e-03,7.608132e-04,8.389755e-01,1.527451e-02,2.188357e-03,7.653445e-03,1.186765e-03,1.192633e-03,1.095342e-02,2.169076e-03
2.850390e-02,4.961571e-03,1.287731e-02,2.145500e-02,2.339601e-02,2.813055e-03,5.930330e-04,8.767629e-01,1.072603e-02,1.533305e-03,5.452952e-03,8.475425e-04,8.723736e-04,7.683148e-03,1.521883e-03
2.176301e-02,3.490338e-03,9.038702e-03,1.507553e-02,2.211273e-02,2.162957e-03,5.081851e-04,9.056613e-01,7.529714e-03,1.074050e-03,3.862125e-03,6.069910e-04,6.539176e-04,5.390760e-03,1.069796e-03
1.809746e-02,2.472042e-03,6.434349e-03,1.067100e-02,1.700313e-02,2.057837e-03,6.887146e-04,9.279969e-01,5.321939e-03,7.553120e-04,2.782734e-03,5.074788e-04,6.154308e-04,3.828576e-03,7.670844e-04
1.900139e-02,1.772561e-03,4.620974e-03,7.650771e-03,1.565535e-02,1.908304e-03,6.759409e-04,9.380114e-01,3.771672e-03,5.387014e-04,2.032025e-03,4.714909e-04,6.164161e-04,2.710105e-03,5.628790e-04
1.677915e-02,1.282739e-03,3.415242e-03,5.450043e-03,1.481408e-02,1.532292e-03,1.987419e-03,9.469867e-01,2.682765e-03,3.834618e-04,1.452920e-03,3.647817e-04,5.433582e-04,1.907604e-03,4.173940e-04
1.589543e-02,9.758159e-04,2.484920e-03,3.875058e-03,2.247618e-02,1.337092e-03,2.950227e-03,9.440206e-01,1.961873e-03,2.794997e-04,1.074403e-03,2.945497e-04,7.051109e-04,1.346553e-03,3.226085e-04
1.670808e-02,7.241588e-04,1.879897e-03,2.817766e-03,1.852601e-02,1.553079e-03,2.930220e-03,9.501104e-01,1.426669e-03,2.027383e-04,7.754839e-04,2.228100e-04,9.074638e-04,9.500227e-04,2.651236e-04
2.520265e-02,5.861780e-04,1.783893e-03,2.246538e-03,1.558178e-02,1.406960e-03,3.399117e-03,9.457644e-01,1.055637e-03,1.592193e-04,5.934967e-04,3.376620e-04,8.286764e-04,6.888059e-04,3.649711e-04
2.629264e-02,5.296635e-04,1.561379e-03,1.864865e-03,1.435655e-02,1.269659e-03,3.415346e-03,9.472128e-01,8.113051e-04,1.467257e-04,4.769479e-04,3.636786e-04,8.349312e-04,4.976046e-04,3.658720e-04
4.651141e-02,9.154227e-04,1.667507e-03,3.943202e-03,1.667766e-02,1.984610e-03,2.851303e-03,9.178515e-01,1.904767e-03,2.958857e-04,1.129968e-03,1.240812e-03,2.014605e-03,4.258646e-04,5.854841e-04
7.472999e-02,1.764969e-03,1.520975e-03,4.190580e-03,2.727381e-02,3.306623e-03,2.643864e-03,8.740397e-01,2.088539e-03,3.293052e-04,1.797585e-03,1.514415e-03,3.568132e-03,3.625818e-04,8.689470e-04
1.127190e-01,1.752095e-03,1.361782e-03,3.844741e-03,3.644274e-02,3.914693e-03,2.838840e-03,8.252923e-01,1.839706e-03,3.425376e-04,1.931916e-03,2.522377e-03,4.074828e-03,3.056159e-04,8.167514e-04
1.871910e-01,2.080316e-03,1.705366e-03,3.525172e-03,5.016492e-02,6.210189e-03,3.377841e-03,7.279274e-01,2.032293e-03,4.309024e-04,2.565246e-03,4.768835e-03,6.567262e-03,3.754142e-04,1.077768e-03
2.450633e-01,2.416641e-03,2.274082e-03,3.523539e-03,5.720451e-02,7.530096e-03,3.416595e-03,6.366397e-01,2.549346e-03,6.003486e-04,3.719424e-03,7.816860e-03,2.506909e-02,4.735023e-04,1.702877e-03
3.881905e-01,2.819090e-03,2.619669e-03,4.138335e-03,4.963343e-02,1.486031e-02,3.446551e-03,4.627901e-01,4.335513e-03,8.079661e-04,4.543501e-03,1.312690e-02,4.542105e-02,5.418643e-04,2.725263e-03
4.419733e-01,3.380194e-03,3.693361e-03,3.958866e-03,4.888488e-02,1.967882e-02,3.357892e-03,3.391803e-01,6.757464e-03,1.507027e-03,7.360478e-03,2.013313e-02,9.504621e-02,8.350052e-04,4.252997e-03
4.944879e-01,5.373296e-03,9.787468e-03,1.084963e-02,4.147257e-02,3.763331e-02,3.057421e-03,2.394180e-01,7.836770e-03,1.901253e-03,1.018118e-02,5.273438e-02,7.660773e-02,1.177083e-03,7.482006e-03
1.000000e+00,0.000000e+00,0.000000e+00,0.000000e+00,0.000000e+00,0.000000e+00,0.000000e+00,0.000000e+00,0.000000e+00,0.000000e+00,0.000000e+00,0.000000e+00,0.000000e+00,0.000000e+00,0.000000e+00
1.000000e+00,0.000000e+00,0.000000e+00,0.000000e+00,0.000000e+00,0.000000e+00,0.000000e+00,0.000000e+00,0.000000e+00,0.000000e+00,0.000000e+00,0.000000e+00,0.000000e+00,0.000000e+00,0.000000e+00
1.000000e+00,0.000000e+00,0.000000e+00,0.000000e+00,0.000000e+00,0.000000e+00,0.000000e+00,0.000000e+00,0.000000e+00,0.000000e+00,0.000000e+00,0.000000e+00,0.000000e+00,0.000000e+00,0.000000e+00
1.000000e+00,0.000000e+00,0.000000e+00,0.000000e+00,0.000000e+00,0.000000e+00,0.000000e+00,0.000000e+00,0.000000e+00,0.000000e+00,0.000000e+00,0.000000e+00,0.000000e+00,0.000000e+00,0.000000e+00
1.000000e+00,0.000000e+00,0.000000e+00,0.000000e+00,0.000000e+00,0.000000e+00,0.000000e+00,0.000000e+00,0.000000e+00,0.000000e+00,0.000000e+00,0.000000e+00,0.000000e+00,0.000000e+00,0.000000e+00
4.401212e-01,1.734515e-02,1.838941e-02,1.689524e-01,1.179332e-02,1.653999e-02,1.559592e-03,3.074340e-02,2.312553e-02,1.071392e-02,5.047214e-02,1.458298e-01,2.554125e-02,3.906153e-03,3.496679e-02
3.348410e-01,1.432640e-02,1.547824e-02,2.245570e-01,8.735761e-03,1.328058e-02,1.232232e-03,2.171401e-02,2.226465e-02,3.461218e-02,7.901990e-02,1.684710e-01,2.098516e-02,4.013104e-03,3.646888e-02
2.790286e-01,1.061646e-02,1.189344e-02,2.063506e-01,9.382891e-03,1.321634e-02,1.441317e-03,1.586314e-02,2.179090e-02,3.610798e-02,1.338756e-01,1.962367e-01,2.313876e-02,9.986471e-03,3.107081e-02
2.185441e-01,7.826351e-03,8.821767e-03,1.682657e-01,1.043034e-02,1.369448e-02,1.324927e-03,1.163889e-02,2.191946e-02,4.433829e-02,2.171096e-01,2.178490e-01,2.494261e-02,9.550873e-03,2.374369e-02
1.721278e-01,5.865063e-03,6.302663e-03,1.258809e-01,1.183512e-02,1.264611e-02,1.199537e-03,8.811683e-03,2.245584e-02,4.388335e-02,1.976153e-01,3.342322e-01,2.643124e-02,1.246171e-02,1.825149e-02
1.225909e-01,5.034648e-03,4.648805e-03,9.070631e-02,1.108732e-02,1.023565e-02,8.767564e-04,6.236108e-03,2.171523e-02,5.480479e-02,1.610721e-01,4.643627e-01,2.279380e-02,1.028640e-02,1.354851e-02
8.669648e-02,4.019344e-03,3.456913e-03,6.592304e-02,1.067869e-02,9.155429e-03,6.368966e-04,4.432262e-03,2.006318e-02,6.237651e-02,1.461024e-01,5.477296e-01,2.019534e-02,8.378300e-03,1.015566e-02
6.108548e-02,3.846745e-03,2.778600e-03,4.725401e-02,1.545239e-02,6.788724e-03,5.259906e-04,3.142822e-03,2.707747e-02,1.486028e-01,1.114040e-01,5.401500e-01,1.813835e-02,6.261071e-03,7.491467e-03
4.334603e-02,3.898565e-03,2.153432e-03,3.376275e-02,1.696263e-02,5.382142e-03,4.313243e-04,2.357737e-03,4.560006e-02,1.804622e-01,9.698394e-02,5.414003e-01,1.684497e-02,4.871245e-03,5.542650e-03
3.229981e-02,7.927879e-03,2.184880e-03,2.417942e-02,2.653012e-02,4.199906e-03,4.468228e-04,1.847478e-03,1.163690e-01,1.796242e-01,8.393415e-02,4.943023e-01,1.735034e-02,4.262696e-03,4.540985e-03
3.021752e-02,9.540217e-03,2.311972e-03,1.734899e-02,2.188441e-02,4.313042e-03,4.138296e-04,4.041557e-03,1.374978e-01,2.028334e-01,7.240944e-02,4.725038e-01,1.681629e-02,4.075587e-03,3.792028e-03
3.701364e-02,1.270077e-02,1.127447e-02,1.465958e-02,2.546779e-02,5.690119e-03,1.482542e-03,2.733381e-02,1.773195e-01,2.028088e-01,6.015911e-02,4.019335e-01,1.495774e-02,3.624485e-03,3.574032e-03
4.239372e-02,1.773384e-02,1.228723e-02,1.127837e-02,2.980035e-02,5.853625e-03,1.518344e-03,2.495291e-02,2.942350e-01,1.767810e-01,4.582911e-02,3.171759e-01,1.361056e-02,3.062604e-03,3.487429e-03
4.101055e-02,1.638708e-02,1.059568e-02,9.058845e-03,6.392356e-02,6.269470e-03,1.858032e-03,2.294246e-02,3.677584e-01,1.499366e-01,3.879498e-02,2.500824e-01,1.608919e-02,2.418764e-03,2.873979e-03
3.779112e-02,1.189953e-02,1.067254e-02,8.946138e-03,6.860255e-02,1.104676e-02,1.096301e-01,9.470171e-02,2.799650e-01,1.226711e-01,3.078203e-02,1.889971e-01,2.019267e-02,1.831109e-03,2.270580e-03
3.305684e-02,8.432641e-03,8.444688e-03,9.204116e-03,5.192852e-02,9.363975e-03,2.216707e-01,1.962126e-01,1.973523e-01,9.067848e-02,2.220747e-02,1.338103e-01,1.470039e-02,1.299884e-03,1.636988e-03
3.023960e-02,6.094283e-03,8.889298e-03,1.012108e-02,3.953493e-02,7.890091e-03,3.658964e-01,2.028458e-01,1.390471e-01,6.571689e-02,1.584653e-02,9.465776e-02,1.106626e-02,9.364584e-04,1.217494e-03
2.414032e-02,4.427677e-03,7.495144e-03,8.778575e-03,3.711806e-02,5.975099e-03,4.266168e-01,2.486088e-01,9.958074e-02,4.933042e-02,1.128088e-02,6.648090e-02,8.577478e-03,6.761340e-04,9.130641e-04
1.839383e-02,3.200067e-03,5.748259e-03,6.921676e-03,3.992402e-02,4.524869e-03,4.697676e-01,2.809974e-01,7.133032e-02,3.647543e-02,8.117163e-03,4.664623e-02,6.805922e-03,4.859536e-04,6.613714e-04
1.416930e-02,2.258169e-03,4.296554e-03,4.959077e-03,3.113161e-02,3.395235e-03,5.568398e-01,2.614592e-01,5.075106e-02,2.578804e-02,5.805125e-03,3.268734e-02,5.620555e-03,3.451706e-04,4.937608e-04
1.281046e-02,1.611351e-03,3.431943e-03,3.586695e-03,2.433206e-02,2.952361e-03,5.138288e-01,3.504615e-01,3.596720e-02,1.832333e-02,4.182684e-03,2.292745e-02,4.926891e-03,2.515444e-04,4.057647e-04
1.179941e-02,1.160248e-03,2.771337e-03,2.649028e-03,1.891440e-02,2.538597e-03,4.797777e-01,4.182788e-01,2.545195e-02,1.292855e-02,3.010530e-03,1.608623e-02,4.112573e-03,1.997789e-04,3.209838e-04
1.373970e-02,8.423374e-04,2.213961e-03,1.928486e-03,1.414353e-02,4.060151e-03,5.006329e-01,4.170136e-01,1.800844e-02,9.142428e-03,2.211438e-03,1.135133e-02,4.284968e-03,1.539852e-04,2.727289e-04
1.206101e-02,6.090568e-04,1.700567e-03,1.392326e-03,1.231985e-02,3.583636e-03,5.049135e-01,4.305520e-01,1.271815e-02,6.426041e-03,1.654088e-03,7.976626e-03,3.756461e-03,1.182786e-04,2.184400e-04
1.070650e-02,4.695711e-04,1.784835e-03,1.095622e-03,1.387437e-02,2.695998e-03,4.189597e-01,5.268618e-01,9.054277e-03,4.530013e-03,1.259267e-03,5.616684e-03,2.795279e-03,1.004446e-04,1.956264e-04
1.242195e-02,4.730051e-04,1.904470e-03,1.026665e-03,2.737601e-02,2.368398e-03,3.077976e-01,6.291350e-01,6.607328e-03,3.225541e-03,1.103349e-03,4.001147e-03,2.251444e-03,8.620248e-05,2.219141e-04
2.003927e-02,7.118184e-04,2.253893e-03,1.145535e-03,3.426261e-02,4.071895e-03,2.258855e-01,6.946281e-01,5.506786e-03,2.625527e-03,1.888378e-03,3.035278e-03,3.312645e-03,1.148465e-04,5.179133e-04
2.820631e-02,6.457246e-04,2.411833e-03,1.405138e-03,4.264807e-02,3.186117e-03,1.629992e-01,7.452717e-01,4.298356e-03,1.867319e-03,1.551818e-03,2.389628e-03,2.601526e-03,1.094574e-04,4.078423e-04
3.178896e-02,5.845414e-04,2.503665e-03,1.474903e-03,4.594905e-02,2.482161e-03,1.175743e-01,7.873188e-01,3.339783e-03,1.341262e-03,1.324463e-03,1.841227e-03,2.052422e-03,9.865318e-05,3.257857e-04
3.627715e-02,1.035929e-03,4.000843e-03,2.900717e-03,4.747657e-02,3.248385e-03,8.353111e-02,8.111299e-01,2.675623e-03,1.165198e-03,1.333164e-03,2.391398e-03,2.254781e-03,1.068098e-04,4.723245e-04
3.589271e-02,9.566959e-04,3.318993e-03,2.721145e-03,3.735925e-02,2.958514e-03,5.894073e-02,8.486778e-01,1.984154e-03,1.038778e-03,1.300321e-03,2.116020e-03,2.071300e-03,1.046819e-04,5.589016e-04
5.797502e-02,1.225257e-03,2.967446e-03,2.773653e-03,3.003959e-02,3.509545e-03,4.252057e-02,8.484638e-01,1.727744e-03,1.186924e-03,1.399108e-03,3.130062e-03,2.297775e-03,1.394222e-04,6.441146e-04
9.061806e-02,1.872017e-03,3.357613e-03,3.307248e-03,2.890802e-02,4.298592e-03,3.112754e-02,8.226528e-01,1.703530e-03,1.141703e-03,1.471780e-03,5.213972e-03,3.024793e-03,2.287508e-04,1.073653e-03
8.803742e-02,1.810304e-03,2.984109e-03,3.583187e-03,2.459732e-02,3.499980e-03,2.216276e-02,8.420529e-01,1.327725e-03,8.673791e-04,1.152132e-03,4.046649e-03,2.771610e-03,2.180794e-04,8.884943e-04
1.232144e-01,2.029201e-03,3.849431e-03,3.815121e-03,2.544381e-02,4.205984e-03,1.603867e-02,8.061114e-01,1.421182e-03,1.060190e-03,1.327914e-03,5.201591e-03,4.403575e-03,3.544031e-04,1.523194e-03
1.811321e-01,2.470018e-03,5.028286e-03,5.971307e-03,2.572069e-02,7.081540e-03,1.238021e-02,7.332487e-01,1.986655e-03,1.305401e-03,2.174691e-03,9.736663e-03,8.285419e-03,6.332535e-04,2.845172e-03
2.275525e-01,3.210618e-03,6.781611e-03,9.381782e-03,3.145892e-02,1.100991e-02,1.014044e-02,6.539631e-01,3.263450e-03,1.455227e-03,3.171291e-03,1.709929e-02,1.616103e-02,8.982438e-04,4.452607e-03
3.463760e-01,4.089532e-03,8.022198e-03,1.286399e-02,2.668784e-02,1.505499e-02,8.474553e-03,4.968076e-01,5.306751e-03,1.870247e-03,6.739496e-03,3.083281e-02,2.853347e-02,1.932830e-03,6.407734e-03
4.652815e-01,5.171411e-03,9.395847e-03,1.529418e-02,2.169131e-02,1.641257e-02,6.857036e-03,3.707025e-01,5.592293e-03,2.123083e-03,7.780197e-03,3.480471e-02,2.823588e-02,2.560717e-03,8.096825e-03
1.000000e+00,0.000000e+00,0.000000e+00,0.000000e+00,0.000000e+00,0.000000e+00,0.000000e+00,0.000000e+00,0.000000e+00,0.000000e+00,0.000000e+00,0.000000e+00,0.000000e+00,0.000000e+00,0.000000e+00
1.000000e+00,0.000000e+00,0.000000e+00,0.000000e+00,0.000000e+00,0.000000e+00,0.000000e+00,0.000000e+00,0.000000e+00,0.000000e+00,0.000000e+00,0.000000e+00,0.000000e+00,0.000000e+00,0.000000e+00
1.000000e+00,0.000000e+00,0.000000e+00,0.000000e+00,0.000000e+00,0.000000e+00,0.000000e+00,0.000000e+00,0.000000e+00,0.000000e+00,0.000000e+00,0.000000e+00,0.000000e+00,0.000000e+00,0.000000e+00
1.000000e+00,0.000000e+00,0.000000e+00,0.000000e+00,0.000000e+00,0.000000e+00,0.000000e+00,0.000000e+00,0.000000e+00,0.000000e+00,0.000000e+00,0.000000e+00,0.000000e+00,0.000000e+00,0.000000e+00
1.000000e+00,0.000000e+00,0.000000e+00,0.000000e+00,0.000000e+00,0.000000e+00,0.000000e+00,0.000000e+00,0.000000e+00,0.000000e+00,0.000000e+00,0.000000e+00,0.000000e+00,0.000000e+00,0.000000e+00
1.000000e+00,0.000000e+00,0.000000e+00,0.000000e+00,0.000000e+00,0.000000e+00,0.000000e+00,0.000000e+00,0.000000e+00,0.000000e+00,0.000000e+00,0.000000e+00,0.000000e+00,0.000000e+00,0.000000e+00
4.656518e-01,6.165416e-03,1.332011e-02,1.679068e-02,4.831730e-02,3.550919e-02,2.117856e-01,1.222285e-01,1.375855e-02,5.569926e-03,6.172968e-03,2.983449e-02,1.539090e-02,1.367945e-03,8.136739e-03
4.256424e-01,5.645460e-03,1.315004e-02,1.595240e-02,4.968275e-02,3.825111e-02,2.648612e-01,1.107223e-01,1.566361e-02,6.342568e-03,5.150215e-03,2.508782e-02,1.535024e-02,1.273146e-03,7.224720e-03
4.412801e-01,6.163793e-03,1.101829e-02,1.499032e-02,4.436826e-02,3.810665e-02,2.793515e-01,8.332819e-02,1.743687e-02,6.252760e-03,5.090951e-03,2.754645e-02,1.549885e-02,1.362721e-03,8.204237e-03
4.108318e-01,7.625520e-03,1.564786e-02,1.467649e-02,5.289043e-02,4.277463e-02,2.981920e-01,6.879461e-02,1.582644e-02,1.121832e-02,5.503745e-03,2.620976e-02,1.556750e-02,1.836807e-03,1.240410e-02
4.314889e-01,1.116241e-02,1.818669e-02,1.750576e-02,4.598156e-02,6.724632e-02,2.589003e-01,5.192763e-02,1.437187e-02,1.088695e-02,7.230484e-03,2.590988e-02,1.480864e-02,3.376951e-03,2.101574e-02
4.816238e-01,1.415403e-02,1.580542e-02,2.055584e-02,3.602953e-02,7.603651e-02,2.137584e-01,3.900807e-02,1.236340e-02,9.736540e-03,9.752865e-03,2.885853e-02,1.651646e-02,3.436583e-03,2.236408e-02
1.000000e+00,0.000000e+00,0.000000e+00,0.000000e+00,0.000000e+00,0.000000e+00,0.000000e+00,0.000000e+00,0.000000e+00,0.000000e+00,0.000000e+00,0.000000e+00,0.000000e+00,0.000000e+00,0.000000e+00
4.751238e-01,1.234039e-02,1.366370e-02,2.006494e-02,2.600284e-02,1.359492e-01,2.001744e-01,3.012452e-02,8.845038e-03,8.548891e-03,1.003448e-02,2.164354e-02,1.311440e-02,3.759449e-03,2.061041e-02
4.512352e-01,1.134746e-02,1.428471e-02,2.128585e-02,3.118011e-02,1.691708e-01,1.733908e-01,3.783466e-02,9.843829e-03,1.176274e-02,1.378231e-02,1.908806e-02,1.087090e-02,4.496471e-03,2.042610e-02
1.000000e+00,0.000000e+00,0.000000e+00,0.000000e+00,0.000000e+00,0.000000e+00,0.000000e+00,0.000000e+00,0.000000e+00,0.000000e+00,0.000000e+00,0.000000e+00,0.000000e+00,0.000000e+00,0.000000e+00
3.910298e-01,9.491130e-03,1.100296e-02,1.516839e-02,2.136257e-02,2.967853e-01,9.258380e-02,2.676371e-02,6.010416e-03,8.267688e-03,6.254059e-02,2.733747e-02,8.952387e-03,5.629888e-03,1.707389e-02
2.764237e-01,7.021539e-03,7.993218e-03,1.069923e-02,1.536445e-02,4.525846e-01,6.493717e-02,1.884266e-02,4.310159e-03,7.609405e-03,7.201737e-02,3.715124e-02,6.584124e-03,5.884723e-03,1.257637e-02
1.941165e-01,5.705871e-03,7.699188e-03,7.708286e-03,1.163781e-02,3.557274e-01,4.552228e-02,1.331696e-02,3.592895e-03,8.985840e-03,2.545922e-01,6.353472e-02,4.673636e-03,7.762202e-03,1.542410e-02
1.360639e-01,4.249230e-03,6.553519e-03,5.484069e-03,8.542423e-03,2.661682e-01,3.192432e-02,9.430558e-03,3.046077e-03,9.594457e-03,4.084474e-01,8.573562e-02,3.356699e-03,9.351067e-03,1.205226e-02
9.535397e-02,3.139566e-03,5.861832e-03,4.119755e-03,6.451232e-03,1.907685e-01,2.256907e-02,6.727256e-03,3.819851e-03,9.199969e-03,3.867083e-01,2.460951e-01,2.397258e-03,7.579644e-03,9.208715e-03
6.692956e-02,2.894470e-03,6.080401e-03,3.103807e-03,5.417029e-03,1.345935e-01,1.600660e-02,7.383448e-03,5.639299e-03,1.137678e-02,4.194125e-01,3.013021e-01,1.775635e-03,1.133552e-02,6.749371e-03
4.709426e-02,3.472411e-03,6.029002e-03,2.481358e-03,5.784506e-03,9.520929e-02,1.143178e-02,8.586669e-03,2.158930e-02,1.310809e-02,4.754617e-01,2.841067e-01,1.478993e-03,1.914804e-02,5.017953e-03
3.345146e-02,3.626045e-03,6.579003e-03,2.315649e-03,4.442264e-03,6.767783e-02,8.087969e-03,1.234760e-02,1.772037e-02,1.128314e-02,5.737334e-01,2.313438e-01,1.246091e-03,2.247408e-02,3.671357e-03
2.370755e-02,4.712466e-03,6.211245e-03,1.955417e-03,3.326183e-03,4.837910e-02,5.725268e-03,1.264885e-02,1.657735e-02,1.003116e-02,6.475175e-01,1.906410e-01,1.014720e-03,2.483401e-02,2.718198e-03
1.738760e-02,9.243954e-03,2.095065e-02,2.374428e-03,5.657979e-03,3.961194e-02,4.576616e-03,2.362446e-02,4.361725e-02,7.720343e-03,6.242866e-01,1.765734e-01,8.342814e-04,2.143025e-02,2.110353e-03
1.490075e-02,1.642215e-02,5.187970e-02,4.935971e-03,1.250938e-02,3.148775e-02,3.662940e-03,2.747789e-02,7.237601e-02,1.037940e-02,5.658059e-01,1.618311e-01,9.544228e-04,2.343992e-02,1.936776e-03
2.546022e-02,2.377963e-02,9.153023e-02,9.824343e-03,1.532399e-02,3.238795e-02,3.908285e-03,3.494144e-02,7.507760e-02,1.763856e-02,4.672540e-01,1.705305e-01,1.577239e-03,2.756873e-02,3.197225e-03
5.435703e-02,2.633620e-02,8.409007e-02,1.186694e-02,1.990713e-02,3.031435e-02,3.295155e-03,3.953779e-02,8.234594e-02,2.066620e-02,4.325933e-01,1.474945e-01,2.750922e-03,3.860781e-02,5.836692e-03
6.676811e-02,2.257238e-02,7.835302e-02,1.789479e-02,3.421727e-02,2.525554e-02,3.343111e-03,4.994408e-02,1.123583e-01,2.507802e-02,3.934346e-01,1.274527e-01,3.586113e-03,3.304007e-02,6.701930e-03
1.280205e-01,2.949600e-02,6.177443e-02,2.472216e-02,4.774391e-02,3.592491e-02,4.397057e-03,6.752451e-02,1.093365e-01,2.409838e-02,3.149355e-01,9.365468e-02,4.748569e-03,3.977551e-02,1.384744e-02
1.478320e-01,4.388067e-02,7.965501e-02,3.227595e-02,7.009947e-02,6.227377e-02,5.224217e-03,6.902472e-02,9.597091e-02,2.264076e-02,2.415367e-01,6.738101e-02,5.573504e-03,3.703775e-02,1.959355e-02
1.584109e-01,5.306334e-02,8.612283e-02,3.151574e-02,8.686183e-02,6.235631e-02,4.540817e-03,6.974111e-02,9.323565e-02,2.026898e-02,1.813410e-01,5.011872e-02,7.141342e-03,3.479832e-02,6.048315e-02
1.573925e-01,8.892927e-02,9.314559e-02,9.203148e-02,9.552824e-02,5.116058e-02,4.736048e-03,6.845176e-02,7.695403e-02,1.478767e-02,1.317178e-01,3.925424e-02,7.655266e-03,2.597319e-02,5.228230e-02
1.992436e-01,7.914028e-02,9.238666e-02,7.995647e-02,1.061058e-01,4.171918e-02,3.898677e-03,5.399752e-02,9.518468e-02,1.147617e-02,9.667835e-02,3.119030e-02,1.979859e-02,2.164013e-02,6.758355e-02
2.147452e-01,6.553423e-02,7.535594e-02,7.957733e-02,1.042159e-01,3.558205e-02,3.432440e-03,4.337303e-02,1.465556e-01,9.122441e-03,7.361531e-02,2.527767e-02,2.003733e-02,1.846550e-02,8.510994e-02
2.794106e-01,5.314800e-02,6.607350e-02,1.002292e-01,1.087102e-01,2.963489e-02,4.319522e-03,4.257485e-02,1.329860e-01,7.075274e-03,5.746236e-02,2.382883e-02,1.690837e-02,1.424197e-02,6.339639e-02
3.205925e-01,4.613746e-02,5.748724e-02,9.052326e-02,1.232230e-01,2.963306e-02,4.312174e-03,4.738809e-02,1.292832e-01,5.528911e-03,4.606157e-02,1.947385e-02,1.506287e-02,1.300156e-02,5.229121e-02
3.822128e-01,3.865906e-02,4.553608e-02,8.864313e-02,1.264107e-01,2.955122e-02,3.876089e-03,4.494544e-02,1.058025e-01,4.516507e-03,4.115464e-02,1.708959e-02,1.675575e-02,1.249492e-02,4.235158e-02
4.231551e-01,3.340889e-02,3.510730e-02,7.765573e-02,1.394083e-01,3.472430e-02,3.411545e-03,3.832891e-02,8.363460e-02,4.594029e-03,4.218557e-02,1.735746e-02,2.142782e-02,1.140074e-02,3.419970e-02
3.996159e-01,3.329496e-02,3.082065e-02,7.086839e-02,1.937002e-01,4.267561e-02,4.808576e-03,4.165395e-02,7.061696e-02,4.223483e-03,3.388503e-02,1.467133e-02,2.413621e-02,9.535094e-03,2.549358e-02
4.588409e-01,3.413819e-02,2.399280e-02,5.742083e-02,1.812057e-01,3.791650e-02,4.196771e-03,3.185499e-02,6.158921e-02,3.615664e-03,2.680967e-02,1.417080e-02,2.624001e-02,8.863047e-03,2.914485e-02
1.000000e+00,0.000000e+00,0.000000e+00,0.000000e+00,0.000000e+00,0.000000e+00,0.000000e+00,0.000000e+00,0.000000e+00,0.000000e+00,0.000000e+00,0.000000e+00,0.000000e+00,0.000000e+00,0.000000e+00
4.640452e-01,6.051579e-02,1.953241e-02,9.137832e-02,1.178556e-01,2.689599e-02,3.142220e-03,2.368711e-02,6.335721e-02,3.302821e-03,2.301334e-02,2.452540e-02,3.164579e-02,9.775450e-03,3.732735e-02
1.000000e+00,0.000000e+00,0.000000e+00,0.000000e+00,0.000000e+00,0.000000e+00,0.000000e+00,0.000000e+00,0.000000e+00,0.000000e+00,0.000000e+00,0.000000e+00,0.000000e+00,0.000000e+00,0.000000e+00
