1.000000e+00,0.000000e+00,0.000000e+00,0.000000e+00,0.000000e+00,0.000000e+00,0.000000e+00,0.000000e+00,0.000000e+00,0.000000e+00,0.000000e+00,0.000000e+00,0.000000e+00,0.000000e+00,0.000000e+00
1.000000e+00,0.000000e+00,0.000000e+00,0.000000e+00,0.000000e+00,0.000000e+00,0.000000e+00,0.000000e+00,0.000000e+00,0.000000e+00,0.000000e+00,0.000000e+00,0.000000e+00,0.000000e+00,0.000000e+00
1.000000e+00,0.000000e+00,0.000000e+00,0.000000e+00,0.000000e+00,0.000000e+00,0.000000e+00,0.000000e+00,0.000000e+00,0.000000e+00,0.000000e+00,0.000000e+00,0.000000e+00,0.000000e+00,0.000000e+00
1.000000e+00,0.000000e+00,0.000000e+00,0.000000e+00,0.000000e+00,0.000000e+00,0.000000e+00,0.000000e+00,0.000000e+00,0.000000e+00,0.000000e+00,0.000000e+00,0.000000e+00,0.000000e+00,0.000000e+00
1.000000e+00,0.000000e+00,0.000000e+00,0.000000e+00,0.000000e+00,0.000000e+00,0.000000e+00,0.000000e+00,0.000000e+00,0.000000e+00,0.000000e+00,0.000000e+00,0.000000e+00,0.000000e+00,0.000000e+00
1.000000e+00,0.000000e+00,0.000000e+00,0.000000e+00,0.000000e+00,0.000000e+00,0.000000e+00,0.000000e+00,0.000000e+00,0.000000e+00,0.000000e+00,0.000000e+00,0.000000e+00,0.000000e+00,0.000000e+00
1.000000e+00,0.000000e+00,0.000000e+00,0.000000e+00,0.000000e+00,0.000000e+00,0.000000e+00,0.000000e+00,0.000000e+00,0.000000e+00,0.000000e+00,0.000000e+00,0.000000e+00,0.000000e+00,0.000000e+00
1.000000e+00,0.000000e+00,0.000000e+00,0.000000e+00,0.000000e+00,0.000000e+00,0.000000e+00,0.000000e+00,0.000000e+00,0.000000e+00,0.000000e+00,0.000000e+00,0.000000e+00,0.000000e+00,0.000000e+00
1.000000e+00,0.000000e+00,0.000000e+00,0.000000e+00,0.000000e+00,0.000000e+00,0.000000e+00,0.000000e+00,0.000000e+00,0.000000e+00,0.000000e+00,0.000000e+00,0.000000e+00,0.000000e+00,0.000000e+00
1.000000e+00,0.000000e+00,0.000000e+00,0.000000e+00,0.000000e+00,0.000000e+00,0.000000e+00,0.000000e+00,0.000000e+00,0.000000e+00,0.000000e+00,0.000000e+00,0.000000e+00,0.000000e+00,0.000000e+00
1.000000e+00,0.000000e+00,0.000000e+00,0.000000e+00,0.000000e+00,0.000000e+00,0.000000e+00,0.000000e+00,0.000000e+00,0.000000e+00,0.000000e+00,0.000000e+00,0.000000e+00,0.000000e+00,0.000000e+00
1.000000e+00,0.000000e+00,0.000000e+00,0.000000e+00,0.000000e+00,0.000000e+00,0.000000e+00,0.000000e+00,0.000000e+00,0.000000e+00,0.000000e+00,0.000000e+00,0.000000e+00,0.000000e+00,0.000000e+00
1.000000e+00,0.000000e+00,0.000000e+00,0.000000e+00,0.000000e+00,0.000000e+00,0.000000e+00,0.000000e+00,0.000000e+00,0.000000e+00,0.000000e+00,0.000000e+00,0.000000e+00,0.000000e+00,0.000000e+00
1.000000e+00,0.000000e+00,0.000000e+00,0.000000e+00,0.000000e+00,0.000000e+00,0.000000e+00,0.000000e+00,0.000000e+00,0.000000e+00,0.000000e+00,0.000000e+00,0.000000e+00,0.000000e+00,0.000000e+00
1.000000e+00,0.000000e+00,0.000000e+00,0.000000e+00,0.000000e+00,0.000000e+00,0.000000e+00,0.000000e+00,0.000000e+00,0.000000e+00,0.000000e+00,0.000000e+00,0.000000e+00,0.000000e+00,0.000000e+00
1.000000e+00,0.000000e+00,0.000000e+00,0.000000e+00,0.000000e+00,0.000000e+00,0.000000e+00,0.000000e+00,0.000000e+00,0.000000e+00,0.000000e+00,0.000000e+00,0.000000e+00,0.000000e+00,0.000000e+00
1.000000e+00,0.000000e+00,0.000000e+00,0.000000e+00,0.000000e+00,0.000000e+00,0.000000e+00,0.000000e+00,0.000000e+00,0.000000e+00,0.000000e+00,0.000000e+00,0.000000e+00,0.000000e+00,0.000000e+00
1.000000e+00,0.000000e+00,0.000000e+00,0.000000e+00,0.000000e+00,0.000000e+00,0.000000e+00,0.000000e+00,0.000000e+00,0.000000e+00,0.000000e+00,0.000000e+00,0.000000e+00,0.000000e+00,0.000000e+00
1.000000e+00,0.000000e+00,0.000000e+00,0.000000e+00,0.000000e+00,0.000000e+00,0.000000e+00,0.000000e+00,0.000000e+00,0.000000e+00,0.000000e+00,0.000000e+00,0.000000e+00,0.000000e+00,0.000000e+00
1.000000e+00,0.000000e+00,0.000000e+00,0.000000e+00,0.000000e+00,0.000000e+00,0.000000e+00,0.000000e+00,0.000000e+00,0.000000e+00,0.000000e+00,0.000000e+00,0.000000e+00,0.000000e+00,0.000000e+00
1.000000e+00,0.000000e+00,0.000000e+00,0.000000e+00,0.000000e+00,0.000000e+00,0.000000e+00,0.000000e+00,0.000000e+00,0.000000e+00,0.000000e+00,0.000000e+00,0.000000e+00,0.000000e+00,0.000000e+00
1.000000e+00,0.000000e+00,0.000000e+00,0.000000e+00,0.000000e+00,0.000000e+00,0.000000e+00,0.000000e+00,0.000000e+00,0.000000e+00,0.000000e+00,0.000000e+00,0.000000e+00,0.000000e+00,0.000000e+00
1.000000e+00,0.000000e+00,0.000000e+00,0.000000e+00,0.000000e+00,0.000000e+00,0.000000e+00,0.000000e+00,0.000000e+00,0.000000e+00,0.000000e+00,0.000000e+00,0.000000e+00,0.000000e+00,0.000000e+00
1.000000e+00,0.000000e+00,0.000000e+00,0.000000e+00,0.000000e+00,0.000000e+00,0.000000e+00,0.000000e+00,0.000000e+00,0.000000e+00,0.000000e+00,0.000000e+00,0.000000e+00,0.000000e+00,0.000000e+00
1.000000e+00,0.000000e+00,0.000000e+00,0.000000e+00,0.000000e+00,0.000000e+00,0.000000e+00,0.000000e+00,0.000000e+00,0.000000e+00,0.000000e+00,0.000000e+00,0.000000e+00,0.000000e+00,0.000000e+00
1.000000e+00,0.000000e+00,0.000000e+00,0.000000e+00,0.000000e+00,0.000000e+00,0.000000e+00,0.000000e+00,0.000000e+00,0.000000e+00,0.000000e+00,0.000000e+00,0.000000e+00,0.000000e+00,0.000000e+00
1.000000e+00,0.000000e+00,0.000000e+00,0.000000e+00,0.000000e+00,0.000000e+00,0.000000e+00,0.000000e+00,0.000000e+00,0.000000e+00,0.000000e+00,0.000000e+00,0.000000e+00,0.000000e+00,0.000000e+00
1.000000e+00,0.000000e+00,0.000000e+00,0.000000e+00,0.000000e+00,0.000000e+00,0.000000e+00,0.000000e+00,0.000000e+00,0.000000e+00,0.000000e+00,0.000000e+00,0.000000e+00,0.000000e+00,0.000000e+00
1.000000e+00,0.000000e+00,0.000000e+00,0.000000e+00,0.000000e+00,0.000000e+00,0.000000e+00,0.000000e+00,0.000000e+00,0.000000e+00,0.000000e+00,0.000000e+00,0.000000e+00,0.000000e+00,0.000000e+00
1.000000e+00,0.000000e+00,0.000000e+00,0.000000e+00,0.000000e+00,0.000000e+00,0.000000e+00,0.000000e+00,0.000000e+00,0.000000e+00,0.000000e+00,0.000000e+00,0.000000e+00,0.000000e+00,0.000000e+00
1.000000e+00,0.000000e+00,0.000000e+00,0.000000e+00,0.000000e+00,0.000000e+00,0.000000e+00,0.000000e+00,0.000000e+00,0.000000e+00,0.000000e+00,0.000000e+00,0.000000e+00,0.000000e+00,0.000000e+00
1.000000e+00,0.000000e+00,0.000000e+00,0.000000e+00,0.000000e+00,0.000000e+00,0.000000e+00,0.000000e+00,0.000000e+00,0.000000e+00,0.000000e+00,0.000000e+00,0.000000e+00,0.000000e+00,0.000000e+00
1.000000e+00,0.000000e+00,0.000000e+00,0.000000e+00,0.000000e+00,0.000000e+00,0.000000e+00,0.000000e+00,0.000000e+00,0.000000e+00,0.000000e+00,0.000000e+00,0.000000e+00,0.000000e+00,0.000000e+00
1.000000e+00,0.000000e+00,0.000000e+00,0.000000e+00,0.000000e+00,0.000000e+00,0.000000e+00,0.000000e+00,0.000000e+00,0.000000e+00,0.000000e+00,0.000000e+00,0.000000e+00,0.000000e+00,0.000000e+00
1.000000e+00,0.000000e+00,0.000000e+00,0.000000e+00,0.000000e+00,0.000000e+00,0.000000e+00,0.000000e+00,0.000000e+00,0.000000e+00,0.000000e+00,0.000000e+00,0.000000e+00,0.000000e+00,0.000000e+00
4.180830e-01,1.395614e-02,1.893942e-02,3.928267e-02,4.003204e-03,7.814486e-02,7.323539e-03,6.406135e-02,1.464614e-02,5.697211e-03,1.977200e-02,1.619985e-01,7.024097e-02,1.280273e-02,7.104825e-02
3.587530e-01,2.613516e-02,1.369471e-02,5.212897e-02,4.240906e-03,8.806752e-02,8.539762e-03,4.592879e-02,3.273455e-02,6.926103e-03,2.321989e-02,1.595973e-01,9.287088e-02,1.245052e-02,7.471182e-02
2.613525e-01,5.116376e-02,1.032326e-02,7.826429e-02,4.122765e-03,8.107325e-02,7.344272e-03,3.246050e-02,6.987566e-02,8.058069e-03,2.083752e-02,1.202382e-01,1.475116e-01,9.868341e-03,9.750599e-02
1.855378e-01,6.392239e-02,7.603832e-03,8.377180e-02,3.780385e-03,6.361778e-02,5.750949e-03,2.291797e-02,1.181051e-01,9.397816e-03,2.019848e-02,9.761743e-02,1.967684e-01,7.974778e-03,1.130351e-01
1.318596e-01,9.688283e-02,5.810562e-03,7.295939e-02,3.122542e-03,4.938769e-02,4.187628e-03,1.625464e-02,1.879646e-01,1.199510e-02,2.215583e-02,9.455378e-02,1.579815e-01,9.960756e-03,1.349235e-01
1.231123e-01,9.892321e-02,4.891759e-03,6.446175e-02,6.487877e-03,5.009760e-02,3.503595e-03,1.281588e-02,1.951689e-01,9.848710e-03,2.539828e-02,8.348127e-02,1.732592e-01,1.548090e-02,1.330688e-01
1.267024e-01,7.503434e-02,4.194680e-03,5.173905e-02,8.068169e-03,4.512734e-02,3.473491e-03,1.018382e-02,1.726553e-01,8.065018e-03,2.481394e-02,8.491814e-02,2.538949e-01,2.184753e-02,1.092819e-01
1.081053e-01,5.731774e-02,6.247919e-03,4.550164e-02,1.036008e-02,3.514894e-02,3.021922e-03,1.198395e-02,1.626188e-01,7.471877e-03,4.109687e-02,7.304341e-02,3.043558e-01,4.658562e-02,8.714002e-02
1.167576e-01,4.300538e-02,1.113734e-02,4.228888e-02,1.548456e-02,2.937523e-02,3.206731e-03,1.547566e-02,1.445153e-01,8.342153e-03,5.527706e-02,6.355579e-02,3.070327e-01,7.510138e-02,6.944417e-02
1.153371e-01,3.223112e-02,1.660542e-02,3.563887e-02,1.270653e-02,2.460797e-02,2.670559e-03,1.269939e-02,1.530379e-01,1.903590e-02,6.101784e-02,7.446609e-02,2.345995e-01,1.294900e-01,7.585575e-02
8.822182e-02,2.650713e-02,5.684939e-02,3.024599e-02,1.478773e-02,2.153850e-02,2.237110e-03,1.071669e-02,1.913995e-01,4.167107e-02,9.582504e-02,6.178712e-02,1.727863e-01,1.102343e-01,7.519229e-02
6.900595e-02,3.585847e-02,4.929091e-02,2.424088e-02,2.118079e-02,1.684771e-02,2.020908e-03,8.567515e-03,3.011930e-01,4.291011e-02,9.655740e-02,5.420995e-02,1.305333e-01,8.430140e-02,6.328166e-02
4.977108e-02,5.853150e-02,4.291342e-02,3.004847e-02,1.823377e-02,1.584432e-02,1.597896e-03,9.044081e-03,3.709943e-01,4.149795e-02,9.067482e-02,4.446169e-02,9.871258e-02,6.478112e-02,6.289291e-02
3.643476e-02,7.463460e-02,3.683955e-02,2.611907e-02,1.981257e-02,2.205614e-02,1.333341e-03,7.146565e-03,4.512572e-01,3.659868e-02,7.944007e-02,3.200919e-02,7.289833e-02,4.777081e-02,5.564909e-02
2.644343e-02,6.662556e-02,6.240772e-02,8.163294e-02,1.921050e-02,3.667120e-02,1.391085e-03,1.519198e-02,4.531977e-01,2.758218e-02,5.817442e-02,2.270824e-02,5.270655e-02,3.393060e-02,4.212578e-02
2.537935e-02,5.168115e-02,4.622660e-02,7.489447e-02,3.090762e-02,7.933606e-02,3.250101e-03,1.677826e-02,4.980842e-01,2.023641e-02,4.149591e-02,1.597496e-02,3.938740e-02,2.412689e-02,3.224051e-02
3.512359e-02,3.938108e-02,3.405475e-02,6.350981e-02,7.155704e-02,1.491909e-01,4.497416e-03,2.222152e-02,4.466498e-01,1.480309e-02,2.962095e-02,1.136436e-02,3.294318e-02,1.727335e-02,2.780910e-02
4.643670e-02,3.098185e-02,2.609987e-02,1.052399e-01,8.280426e-02,1.568535e-01,4.332448e-03,6.260592e-02,3.806063e-01,1.151025e-02,2.199725e-02,8.115164e-03,2.426258e-02,1.239079e-02,2.576328e-02
5.787629e-02,3.091486e-02,2.106718e-02,9.908771e-02,1.239996e-01,1.599664e-01,5.087515e-03,7.334489e-02,3.452732e-01,8.696778e-03,1.614236e-02,5.897508e-03,1.984412e-02,9.007501e-03,2.379409e-02
6.955396e-02,2.907269e-02,2.354718e-02,1.137219e-01,1.317070e-01,1.260066e-01,4.124476e-03,1.222611e-01,3.108020e-01,6.967529e-03,1.216439e-02,4.483915e-03,1.464834e-02,6.676891e-03,2.426193e-02
8.308531e-02,5.346744e-02,1.911300e-02,9.477205e-02,1.190559e-01,9.518632e-02,3.439541e-03,1.371458e-01,3.064334e-01,8.136261e-03,9.564988e-03,3.513783e-03,1.288001e-02,5.291898e-03,4.891429e-02
7.994658e-02,6.605896e-02,2.206079e-02,8.799155e-02,9.856492e-02,6.821528e-02,2.945896e-03,1.853986e-01,2.898877e-01,9.026339e-03,9.555564e-03,3.159354e-03,1.894920e-02,4.348741e-03,5.389054e-02
7.118554e-02,7.235683e-02,1.904587e-02,6.499458e-02,7.677600e-02,4.855222e-02,2.281953e-03,3.455738e-01,2.220787e-01,7.107694e-03,8.879164e-03,2.500123e-03,1.479435e-02,3.604114e-03,4.026908e-02
6.191446e-02,5.685124e-02,1.576650e-02,4.950145e-02,5.900046e-02,3.470040e-02,1.912870e-03,4.983145e-01,1.651732e-01,5.121562e-03,7.415826e-03,1.971709e-03,1.081160e-02,2.732476e-03,2.881168e-02
5.087707e-02,4.070270e-02,1.490082e-02,3.806016e-02,4.484944e-02,2.478834e-02,1.567082e-03,6.256155e-01,1.175045e-01,3.651338e-03,5.785170e-03,1.481378e-03,7.760657e-03,2.005594e-03,2.045027e-02
4.558348e-02,2.907177e-02,1.198503e-02,2.771525e-02,3.398159e-02,1.783155e-02,1.427953e-03,7.183705e-01,8.367094e-02,2.707555e-03,4.709831e-03,1.176444e-03,5.667203e-03,1.546711e-03,1.455420e-02
4.457554e-02,2.082210e-02,9.319166e-03,1.994370e-02,2.548911e-02,1.313750e-02,1.419827e-03,7.834306e-01,5.908220e-02,1.978098e-03,3.946437e-03,9.962890e-04,4.264507e-03,1.220660e-03,1.037435e-02
4.513736e-02,1.498433e-02,7.579784e-03,1.430859e-02,2.079469e-02,9.476832e-03,1.395942e-03,8.278053e-01,4.169503e-02,1.423948e-03,3.047963e-03,8.239352e-04,3.152637e-03,9.557584e-04,7.417946e-03
4.164974e-02,1.068161e-02,6.064240e-03,1.032755e-02,1.648435e-02,6.806577e-03,1.287687e-03,8.651701e-01,2.931080e-02,1.019412e-03,2.237115e-03,6.377976e-04,2.303893e-03,7.498180e-04,5.269390e-03
4.918586e-02,7.849771e-03,5.266296e-03,8.028081e-03,1.333707e-02,5.218924e-03,1.339317e-03,8.796518e-01,2.066732e-02,7.678938e-04,1.743785e-03,6.904518e-04,1.814705e-03,5.962133e-04,3.842473e-03
8.098225e-02,6.018442e-03,5.690709e-03,7.169264e-03,1.296922e-02,4.889491e-03,1.665073e-03,8.558675e-01,1.479372e-02,6.462217e-04,1.699144e-03,1.754953e-03,1.966615e-03,5.988550e-04,3.288527e-03
1.053044e-01,5.161262e-03,8.089966e-03,7.839357e-03,1.544620e-02,6.430786e-03,4.077647e-03,8.222786e-01,1.115773e-02,6.399410e-04,1.998628e-03,4.440259e-03,3.461369e-03,7.834795e-04,2.890428e-03
1.611720e-01,4.159212e-03,7.999598e-03,7.199231e-03,1.444173e-02,6.641187e-03,4.667521e-03,7.679858e-01,8.457338e-03,6.788034e-04,2.199839e-03,6.627136e-03,4.232050e-03,8.487187e-04,2.689886e-03
2.121307e-01,3.315503e-03,7.182364e-03,6.558995e-03,1.483671e-02,6.666832e-03,4.893499e-03,7.176829e-01,6.578164e-03,6.509354e-04,2.351505e-03,8.825580e-03,4.916524e-03,8.580867e-04,2.551706e-03
2.925605e-01,3.010558e-03,6.554782e-03,6.396043e-03,1.215280e-02,9.318987e-03,5.436881e-03,6.308477e-01,5.298581e-03,8.620519e-04,3.022153e-03,1.352148e-02,6.011151e-03,1.258339e-03,3.748092e-03
3.558049e-01,3.812249e-03,5.985553e-03,9.150648e-03,1.058178e-02,1.389033e-02,5.402753e-03,5.493510e-01,4.728138e-03,1.012601e-03,4.092891e-03,1.882127e-02,7.738844e-03,2.012345e-03,7.614676e-03
3.901467e-01,5.152309e-03,7.791965e-03,1.865459e-02,1.033751e-02,1.890646e-02,4.727799e-03,4.745829e-01,5.558535e-03,1.921023e-03,6.636796e-03,2.879270e-02,1.112272e-02,2.688753e-03,1.297941e-02
4.276865e-01,5.491210e-03,9.656002e-03,2.193672e-02,1.053391e-02,2.087066e-02,4.200261e-03,4.193994e-01,5.351420e-03,1.929821e-03,8.443789e-03,3.404726e-02,1.204380e-02,3.265985e-03,1.514332e-02
4.595753e-01,6.612065e-03,1.048098e-02,2.441740e-02,1.069887e-02,2.407425e-02,3.740868e-03,3.721178e-01,4.998123e-03,2.130888e-03,8.914126e-03,3.793407e-02,1.446532e-02,3.270704e-03,1.656925e-02
4.851596e-01,7.745248e-03,1.347503e-02,2.356071e-02,1.348893e-02,2.289995e-02,5.114831e-03,3.344679e-01,4.126371e-03,2.420570e-03,7.894983e-03,4.936426e-02,1.356006e-02,2.671829e-03,1.404985e-02
1.000000e+00,0.000000e+00,0.000000e+00,0.000000e+00,0.000000e+00,0.000000e+00,0.000000e+00,0.000000e+00,0.000000e+00,0.000000e+00,0.000000e+00,0.000000e+00,0.000000e+00,0.000000e+00,0.000000e+00
1.000000e+00,0.000000e+00,0.000000e+00,0.000000e+00,0.000000e+00,0.000000e+00,0.000000e+00,0.000000e+00,0.000000e+00,0.000000e+00,0.000000e+00,0.000000e+00,0.000000e+00,0.000000e+00,0.000000e+00
1.000000e+00,0.000000e+00,0.000000e+00,0.000000e+00,0.000000e+00,0.000000e+00,0.000000e+00,0.000000e+00,0.000000e+00,0.000000e+00,0.000000e+00,0.000000e+00,0.000000e+00,0.000000e+00,0.000000e+00
1.000000e+00,0.000000e+00,0.000000e+00,0.000000e+00,0.000000e+00,0.000000e+00,0.000000e+00,0.000000e+00,0.000000e+00,0.000000e+00,0.000000e+00,0.000000e+00,0.000000e+00,0.000000e+00,0.000000e+00
1.000000e+00,0.000000e+00,0.000000e+00,0.000000e+00,0.000000e+00,0.000000e+00,0.000000e+00,0.000000e+00,0.000000e+00,0.000000e+00,0.000000e+00,0.000000e+00,0.000000e+00,0.000000e+00,0.000000e+00
1.000000e+00,0.000000e+00,0.000000e+00,0.000000e+00,0.000000e+00,0.000000e+00,0.000000e+00,0.000000e+00,0.000000e+00,0.000000e+00,0.000000e+00,0.000000e+00,0.000000e+00,0.000000e+00,0.000000e+00
1.000000e+00,0.000000e+00,0.000000e+00,0.000000e+00,0.000000e+00,0.000000e+00,0.000000e+00,0.000000e+00,0.000000e+00,0.000000e+00,0.000000e+00,0.000000e+00,0.000000e+00,0.000000e+00,0.000000e+00
1.000000e+00,0.000000e+00,0.000000e+00,0.000000e+00,0.000000e+00,0.000000e+00,0.000000e+00,0.000000e+00,0.000000e+00,0.000000e+00,0.000000e+00,0.000000e+00,0.000000e+00,0.000000e+00,0.000000e+00
4.895147e-01,1.225436e-02,2.591900e-03,9.871354e-03,8.968638e-03,2.653874e-02,4.016425e-03,2.818153e-02,2.694051e-02,2.640184e-03,2.216463e-02,1.226402e-01,2.199189e-01,1.596605e-02,7.791861e-03
4.779685e-01,1.915952e-02,2.353032e-03,9.905995e-03,7.449905e-03,2.294532e-02,3.435872e-03,2.144843e-02,3.413831e-02,3.420741e-03,2.434039e-02,1.150195e-01,2.208315e-01,2.810596e-02,9.477058e-03
4.587176e-01,2.038716e-02,3.090331e-03,9.347245e-03,8.550421e-03,2.069668e-02,3.503214e-03,1.713490e-02,3.157873e-02,3.623791e-03,2.414040e-02,1.077193e-01,2.525269e-01,2.862698e-02,1.035644e-02
3.979179e-01,1.893060e-02,2.735287e-03,8.988462e-03,8.844820e-03,1.887973e-02,3.172915e-03,1.413600e-02,2.949668e-02,3.562877e-03,2.534527e-02,1.162369e-01,3.154629e-01,2.693701e-02,9.352576e-03
3.346393e-01,2.420321e-02,3.608397e-03,9.523436e-03,9.730373e-03,2.030925e-02,2.994412e-03,1.284490e-02,3.604655e-02,3.256761e-03,2.757684e-02,1.371829e-01,3.440992e-01,2.516140e-02,8.823082e-03
2.667643e-01,2.066532e-02,3.644853e-03,7.587057e-03,9.684582e-03,1.616549e-02,2.534984e-03,1.106078e-02,3.275485e-02,2.718044e-03,2.547099e-02,1.221552e-01,4.507316e-01,2.116700e-02,6.895001e-03
2.084544e-01,2.412989e-02,4.780706e-03,5.637851e-03,9.889429e-03,1.694681e-02,2.703924e-03,1.099225e-02,3.670912e-02,2.267357e-03,2.011596e-02,1.147817e-01,5.198025e-01,1.739739e-02,5.390824e-03
1.569864e-01,4.296065e-02,7.572405e-03,4.156350e-03,1.195329e-02,2.933975e-02,3.874134e-03,1.336141e-02,5.282680e-02,1.891418e-03,1.469708e-02,1.080417e-01,5.335420e-01,1.387352e-02,4.923192e-03
1.187460e-01,5.978741e-02,9.615345e-03,3.065838e-03,1.293480e-02,3.788666e-02,4.581576e-03,1.716107e-02,7.384552e-02,1.542325e-03,1.062898e-02,1.014205e-01,5.333854e-01,1.058599e-02,4.812572e-03
8.930895e-02,6.006461e-02,1.036093e-02,2.422105e-03,1.913439e-02,5.098401e-02,6.871370e-03,2.951724e-02,1.251470e-01,1.490890e-03,7.680221e-03,9.062362e-02,4.930514e-01,8.235863e-03,5.107435e-03
7.026626e-02,8.626635e-02,1.109435e-02,1.876819e-03,1.975563e-02,6.056318e-02,8.403949e-03,3.947045e-02,1.227828e-01,1.265345e-03,5.537027e-03,7.261371e-02,4.881276e-01,6.402608e-03,5.573925e-03
6.222826e-02,1.010787e-01,9.942271e-03,1.538509e-03,2.023331e-02,6.727260e-02,7.823807e-03,4.269067e-02,1.246801e-01,1.056318e-03,4.223343e-03,5.542775e-02,4.915441e-01,5.404247e-03,4.855972e-03
6.015661e-02,8.746411e-02,8.323210e-03,1.233144e-03,2.042065e-02,9.206328e-02,6.527669e-03,3.726254e-02,1.164345e-01,8.463340e-04,3.160452e-03,3.980545e-02,5.168717e-01,4.701606e-03,4.728806e-03
5.564509e-02,8.708259e-02,6.556324e-03,1.034332e-03,2.203374e-02,9.867923e-02,5.200786e-03,3.053958e-02,1.045907e-01,7.151162e-04,2.363225e-03,2.916523e-02,5.476239e-01,4.074455e-03,4.695739e-03
6.004532e-02,1.004633e-01,7.054755e-03,1.260444e-03,2.230068e-02,1.287084e-01,5.739311e-03,2.913780e-02,1.054649e-01,9.663631e-04,2.195601e-03,3.523168e-02,4.846874e-01,4.061070e-03,1.268295e-02
5.508108e-02,9.531386e-02,5.823070e-03,1.221955e-03,1.944970e-02,2.151216e-01,4.857906e-03,2.995422e-02,1.103477e-01,1.303404e-03,2.185966e-03,3.051751e-02,4.094445e-01,6.382544e-03,1.299505e-02
5.313328e-02,7.849089e-02,4.656753e-03,1.710167e-03,1.839537e-02,3.484938e-01,5.039983e-03,2.840333e-02,1.085854e-01,1.468175e-03,1.984225e-03,2.717140e-02,3.032784e-01,6.199641e-03,1.298928e-02
5.519037e-02,6.184525e-02,3.930248e-03,1.928697e-03,1.557015e-02,4.410331e-01,5.666819e-03,3.020649e-02,9.213572e-02,1.425002e-03,1.867573e-03,2.518509e-02,2.427072e-01,5.981612e-03,1.532670e-02
5.247334e-02,5.095436e-02,7.446664e-03,1.309950e-02,1.595127e-02,4.869817e-01,6.297621e-03,3.283544e-02,7.556871e-02,5.019723e-03,2.191728e-03,2.293126e-02,1.891788e-01,5.105675e-03,3.396422e-02
4.801441e-02,7.069474e-02,8.458400e-03,1.333557e-02,1.467915e-02,5.126879e-01,6.829277e-03,3.218548e-02,6.810103e-02,1.685696e-02,2.225965e-03,1.905080e-02,1.377807e-01,4.038312e-03,4.506133e-02
5.331119e-02,5.700608e-02,7.736268e-03,1.032494e-02,1.595077e-02,5.869857e-01,7.358699e-03,2.710105e-02,5.672578e-02,1.233458e-02,1.764989e-03,1.752025e-02,1.075118e-01,3.041832e-03,3.532610e-02
8.762924e-02,4.811845e-02,1.132099e-02,2.564272e-02,1.816999e-02,5.715913e-01,6.745259e-03,2.986311e-02,4.623706e-02,9.903375e-03,2.237141e-03,1.370655e-02,9.370084e-02,2.344280e-03,3.278968e-02
1.331079e-01,4.414919e-02,1.084339e-02,3.125807e-02,2.062329e-02,5.378631e-01,6.942827e-03,3.320277e-02,4.927596e-02,7.913584e-03,2.862943e-03,1.218799e-02,7.648197e-02,2.254195e-03,3.103276e-02
1.571487e-01,4.008310e-02,8.323739e-03,2.528664e-02,2.363795e-02,5.256124e-01,6.494800e-03,2.709611e-02,7.138890e-02,5.768732e-03,2.551530e-03,9.610847e-03,6.802268e-02,1.866391e-03,2.710756e-02
2.400705e-01,3.704536e-02,7.276433e-03,3.408513e-02,3.248959e-02,4.233666e-01,7.722275e-03,2.661450e-02,6.539452e-02,4.299400e-03,4.322714e-03,1.280343e-02,8.002197e-02,1.987211e-03,2.250039e-02
3.011559e-01,3.294060e-02,6.019007e-03,2.863862e-02,3.857378e-02,3.734113e-01,1.277808e-02,2.677469e-02,6.118931e-02,3.167429e-03,5.065951e-03,1.370599e-02,7.539700e-02,2.003193e-03,1.917909e-02
3.261226e-01,3.422103e-02,6.019574e-03,3.497418e-02,3.794754e-02,3.443034e-01,1.116342e-02,2.718984e-02,6.676508e-02,2.429029e-03,5.234128e-03,1.387543e-02,7.211879e-02,2.162188e-03,1.547379e-02
3.844536e-01,4.282486e-02,5.120129e-03,2.822708e-02,3.630202e-02,2.856624e-01,8.887713e-03,2.192791e-02,7.848883e-02,2.036591e-03,5.221411e-03,1.346081e-02,6.998931e-02,2.820279e-03,1.457702e-02
4.320776e-01,4.007405e-02,1.027719e-02,3.784961e-02,3.306826e-02,2.323877e-01,8.269358e-03,1.939251e-02,7.443904e-02,2.051698e-03,6.739681e-03,2.015496e-02,6.299977e-02,4.574240e-03,1.564427e-02
1.000000e+00,0.000000e+00,0.000000e+00,0.000000e+00,0.000000e+00,0.000000e+00,0.000000e+00,0.000000e+00,0.000000e+00,0.000000e+00,0.000000e+00,0.000000e+00,0.000000e+00,0.000000e+00,0.000000e+00
1.000000e+00,0.000000e+00,0.000000e+00,0.000000e+00,0.000000e+00,0.000000e+00,0.000000e+00,0.000000e+00,0.000000e+00,0.000000e+00,0.000000e+00,0.000000e+00,0.000000e+00,0.000000e+00,0.000000e+00
4.954492e-01,2.863638e-02,1.686351e-01,6.112852e-02,1.555514e-02,9.330848e-02,4.105597e-03,1.407647e-02,3.523060e-02,2.197894e-03,6.679461e-03,2.053565e-02,3.044761e-02,6.231014e-03,1.778290e-02
1.000000e+00,0.000000e+00,0.000000e+00,0.000000e+00,0.000000e+00,0.000000e+00,0.000000e+00,0.000000e+00,0.000000e+00,0.000000e+00,0.000000e+00,0.000000e+00,0.000000e+00,0.000000e+00,0.000000e+00
1.000000e+00,0.000000e+00,0.000000e+00,0.000000e+00,0.000000e+00,0.000000e+00,0.000000e+00,0.000000e+00,0.000000e+00,0.000000e+00,0.000000e+00,0.000000e+00,0.000000e+00,0.000000e+00,0.000000e+00
1.000000e+00,0.000000e+00,0.000000e+00,0.000000e+00,0.000000e+00,0.000000e+00,0.000000e+00,0.000000e+00,0.000000e+00,0.000000e+00,0.000000e+00,0.000000e+00,0.000000e+00,0.000000e+00,0.000000e+00
1.000000e+00,0.000000e+00,0.000000e+00,0.000000e+00,0.000000e+00,0.000000e+00,0.000000e+00,0.000000e+00,0.000000e+00,0.000000e+00,0.000000e+00,0.000000e+00,0.000000e+00,0.000000e+00,0.000000e+00
1.000000e+00,0.000000e+00,0.000000e+00,0.000000e+00,0.000000e+00,0.000000e+00,0.000000e+00,0.000000e+00,0.000000e+00,0.000000e+00,0.000000e+00,0.000000e+00,0.000000e+00,0.000000e+00,0.000000e+00
1.000000e+00,0.000000e+00,0.000000e+00,0.000000e+00,0.000000e+00,0.000000e+00,0.000000e+00,0.000000e+00,0.000000e+00,0.000000e+00,0.000000e+00,0.000000e+00,0.000000e+00,0.000000e+00,0.000000e+00
1.000000e+00,0.000000e+00,0.000000e+00,0.000000e+00,0.000000e+00,0.000000e+00,0.000000e+00,0.000000e+00,0.000000e+00,0.000000e+00,0.000000e+00,0.000000e+00,0.000000e+00,0.000000e+00,0.000000e+00
1.000000e+00,0.000000e+00,0.000000e+00,0.000000e+00,0.000000e+00,0.000000e+00,0.000000e+00,0.000000e+00,0.000000e+00,0.000000e+00,0.000000e+00,0.000000e+00,0.000000e+00,0.000000e+00,0.000000e+00
4.058307e-01,5.564348e-03,5.212814e-02,3.419557e-02,4.153580e-03,3.832750e-01,1.520374e-02,2.710000e-02,7.545951e-03,5.813084e-04,4.081552e-03,1.168134e-02,3.543109e-02,2.902145e-03,1.032550e-02
3.565620e-01,4.450561e-03,5.271873e-02,3.006827e-02,3.335153e-03,4.371289e-01,1.659490e-02,3.104492e-02,6.653943e-03,4.763986e-04,3.278572e-03,9.441776e-03,3.648624e-02,2.891312e-03,8.868261e-03
3.252940e-01,4.590571e-03,5.763651e-02,4.944154e-02,3.655295e-03,4.414835e-01,1.387946e-02,3.245109e-02,7.920376e-03,9.353177e-04,4.351635e-03,1.337612e-02,3.161089e-02,3.582180e-03,9.791415e-03
3.006955e-01,4.615234e-03,6.573012e-02,4.979291e-02,3.682258e-03,4.583193e-01,1.171104e-02,2.980054e-02,1.043689e-02,1.370708e-03,6.081919e-03,1.593496e-02,2.668804e-02,3.770554e-03,1.136994e-02
2.639254e-01,5.031304e-03,5.995885e-02,4.040777e-02,4.050746e-03,4.804959e-01,1.195946e-02,3.133131e-02,9.595689e-03,1.838368e-03,5.503481e-03,1.305984e-02,5.875070e-02,3.023887e-03,1.106720e-02
3.390125e-01,6.675875e-03,5.805027e-02,3.433421e-02,4.388744e-03,4.059985e-01,1.171999e-02,2.852080e-02,1.149201e-02,5.028651e-03,5.437681e-03,1.214888e-02,6.165162e-02,2.809875e-03,1.273036e-02
3.937447e-01,7.865187e-03,5.167674e-02,3.416378e-02,3.945231e-03,3.225488e-01,1.224932e-02,2.473146e-02,1.393163e-02,6.742404e-03,1.284849e-02,3.222510e-02,6.301619e-02,2.866208e-03,1.744470e-02
4.503505e-01,1.000344e-02,4.268532e-02,3.402959e-02,4.345780e-03,2.326359e-01,9.843649e-03,2.280360e-02,1.656596e-02,6.692897e-03,1.938728e-02,3.281783e-02,9.326291e-02,4.345209e-03,2.023006e-02
4.266653e-01,1.444010e-02,3.205874e-02,3.432890e-02,4.376899e-03,1.666247e-01,7.474616e-03,1.835312e-02,2.488299e-02,6.252194e-03,3.092059e-02,3.142248e-02,1.763018e-01,6.006443e-03,1.989109e-02
3.756465e-01,1.689777e-02,2.514021e-02,2.742347e-02,4.193916e-03,1.204569e-01,6.494332e-03,1.571451e-02,2.707846e-02,6.395675e-03,4.258151e-02,5.966994e-02,2.444010e-01,9.602781e-03,1.830306e-02
3.714423e-01,2.023810e-02,1.986740e-02,2.428572e-02,6.132700e-03,8.958972e-02,5.533170e-03,1.578847e-02,3.238190e-02,5.786913e-03,4.260562e-02,5.873621e-02,2.810944e-01,8.981247e-03,1.753610e-02
3.232088e-01,2.338110e-02,1.542573e-02,1.850780e-02,6.228370e-03,6.725426e-02,4.818616e-03,1.546031e-02,4.349281e-02,4.953824e-03,4.008454e-02,7.691090e-02,3.287359e-01,1.162364e-02,1.991335e-02
2.495028e-01,3.116022e-02,1.363090e-02,1.352185e-02,6.179308e-03,5.034707e-02,4.388493e-03,1.552023e-02,5.461768e-02,4.638289e-03,3.768085e-02,9.754804e-02,3.769399e-01,1.874915e-02,2.557522e-02
1.867943e-01,2.858837e-02,1.037503e-02,1.007341e-02,6.900182e-03,3.741311e-02,3.319317e-03,1.361613e-02,5.596822e-02,3.538332e-03,3.271893e-02,8.635130e-02,4.869038e-01,1.437053e-02,2.306907e-02
1.641713e-01,2.249654e-02,8.495575e-03,8.263780e-03,1.299763e-02,2.953971e-02,2.723589e-03,1.325105e-02,4.558175e-02,2.777249e-03,2.815061e-02,9.005294e-02,5.439666e-01,1.081394e-02,1.671768e-02
1.897390e-01,1.874930e-02,1.813741e-02,7.297607e-03,1.975450e-02,4.000628e-02,4.918070e-03,2.689584e-02,3.894445e-02,2.438396e-03,2.303488e-02,7.320133e-02,5.151058e-01,8.852255e-03,1.292494e-02
1.877625e-01,1.807605e-02,2.983641e-02,6.121747e-03,1.704729e-02,3.403360e-02,5.884580e-03,8.563203e-02,3.238470e-02,2.336650e-03,1.657959e-02,5.541419e-02,4.912719e-01,7.423835e-03,1.019490e-02
1.752526e-01,1.814290e-02,3.054226e-02,4.809672e-03,1.464890e-02,2.648935e-02,6.324224e-03,1.122626e-01,2.804840e-02,2.026358e-03,1.208445e-02,4.133524e-02,5.134377e-01,6.514122e-03,8.081224e-03
1.649374e-01,1.911207e-02,3.178890e-02,4.059266e-03,1.496208e-02,2.263104e-02,1.040498e-02,1.261613e-01,2.602417e-02,1.675587e-03,9.111134e-03,3.077909e-02,5.260228e-01,5.563559e-03,6.766647e-03
1.679083e-01,1.899441e-02,2.444078e-02,3.389736e-03,1.266451e-02,2.258888e-02,8.721659e-03,1.089435e-01,3.061646e-02,1.596672e-03,7.221304e-03,2.402257e-02,5.554138e-01,4.827320e-03,8.650098e-03
1.771425e-01,1.618957e-02,1.777901e-02,2.936742e-03,9.879607e-03,2.306459e-02,7.328663e-03,8.870385e-02,3.237568e-02,1.320227e-03,5.754584e-03,1.889981e-02,5.858989e-01,4.364824e-03,8.361341e-03
1.779934e-01,1.455988e-02,1.420473e-02,3.127252e-03,9.060036e-03,2.146862e-02,8.744379e-03,9.619271e-02,3.269711e-02,1.232179e-03,4.714946e-03,2.559805e-02,5.785645e-01,3.697255e-03,8.144915e-03
2.071828e-01,1.217140e-02,1.249735e-02,3.388824e-03,7.129626e-03,1.912592e-02,8.845160e-03,1.346871e-01,2.671726e-02,1.153587e-03,3.780467e-03,2.321010e-02,5.285935e-01,3.097362e-03,8.419604e-03
2.621159e-01,1.390644e-02,1.094178e-02,3.893933e-03,5.906802e-03,2.193749e-02,9.356452e-03,1.467608e-01,2.502233e-02,1.277973e-03,3.379077e-03,2.066695e-02,4.622388e-01,3.094147e-03,9.501161e-03
2.409377e-01,1.119702e-02,1.257712e-02,5.879906e-03,5.600366e-03,1.981334e-02,9.216644e-03,2.635309e-01,2.042890e-02,1.106875e-03,3.308421e-03,1.740383e-02,3.784993e-01,2.626959e-03,7.872704e-03
2.316998e-01,8.780929e-03,1.289046e-02,6.517359e-03,5.471533e-03,1.894053e-02,1.065003e-02,3.597996e-01,1.642200e-02,1.014423e-03,3.401563e-03,1.427892e-02,3.015403e-01,2.124249e-03,6.468242e-03
2.133381e-01,6.758923e-03,1.223787e-02,5.859356e-03,5.709605e-03,1.673639e-02,1.092090e-02,4.612315e-01,1.298886e-02,8.774062e-04,3.059240e-03,1.122934e-02,2.319793e-01,1.677053e-03,5.396207e-03
1.937419e-01,5.299129e-03,1.142895e-02,5.835193e-03,6.556669e-03,1.346963e-02,9.534393e-03,5.623972e-01,9.720196e-03,8.031836e-04,2.607593e-03,8.998806e-03,1.640518e-01,1.291186e-03,4.264220e-03
1.915364e-01,4.490239e-03,1.421301e-02,7.438576e-03,8.696157e-03,1.088536e-02,9.384125e-03,6.129872e-01,8.213806e-03,7.403842e-04,2.191135e-03,8.666288e-03,1.158928e-01,1.058861e-03,3.605852e-03
1.823528e-01,4.140025e-03,1.213497e-02,1.896557e-02,9.823577e-03,8.830024e-03,6.682467e-03,6.330955e-01,6.168397e-03,1.794687e-03,6.306768e-03,2.058694e-02,8.441174e-02,1.593951e-03,3.112772e-03
1.906044e-01,3.571848e-03,9.777082e-03,1.611566e-02,1.244085e-02,7.968864e-03,4.964332e-03,6.442752e-01,4.724794e-03,1.787598e-03,9.341161e-03,2.403447e-02,6.263749e-02,3.110476e-03,4.645918e-03
2.063964e-01,3.695512e-03,7.329981e-03,3.245807e-02,1.191919e-02,6.609495e-03,3.627538e-03,5.215964e-01,5.024295e-03,4.236875e-03,5.214352e-02,6.108377e-02,7.321732e-02,5.602999e-03,5.058825e-03
1.651616e-01,3.719902e-03,5.949354e-03,2.680194e-02,1.453402e-02,7.243588e-03,3.625236e-03,3.920923e-01,7.721080e-03,9.184958e-03,9.628084e-02,5.769393e-02,9.257995e-02,1.051021e-01,1.230928e-02
1.242728e-01,3.883912e-03,6.612094e-03,2.862792e-02,1.584300e-02,7.424369e-03,3.213407e-03,3.087288e-01,1.243552e-02,1.059205e-02,1.270875e-01,7.322909e-02,1.379748e-01,1.277020e-01,1.237272e-02
1.076355e-01,4.291863e-03,5.176167e-03,2.873543e-02,1.412604e-02,1.084745e-02,3.154224e-03,2.252259e-01,3.978831e-02,9.793524e-03,1.637556e-01,5.531987e-02,1.209618e-01,1.919280e-01,1.926038e-02
7.903162e-02,3.786102e-03,3.854329e-03,2.593714e-02,1.986281e-02,9.818668e-03,3.417247e-03,1.605448e-01,1.324026e-01,7.541805e-03,1.822025e-01,4.612019e-02,1.047117e-01,2.041467e-01,1.662172e-02
5.868262e-02,4.565184e-03,6.737433e-03,1.988958e-02,1.583801e-02,3.905936e-02,3.122561e-03,1.154262e-01,2.531392e-01,5.791327e-03,1.502318e-01,3.517969e-02,8.513005e-02,1.867263e-01,2.048064e-02
4.790581e-02,4.486402e-03,5.669724e-03,1.453734e-02,1.177325e-02,2.955981e-02,2.286370e-03,8.110155e-02,4.163665e-01,4.406031e-03,1.137085e-01,2.597309e-02,6.380913e-02,1.618459e-01,1.657061e-02
3.608719e-02,4.889158e-03,5.472262e-03,1.106000e-02,8.424282e-03,2.425925e-02,1.636189e-03,5.684952e-02,5.605552e-01,3.852123e-03,8.237833e-02,1.836617e-02,4.556485e-02,1.253994e-01,1.520603e-02
4.983878e-02,8.410251e-03,7.813011e-03,8.925728e-03,6.425250e-03,7.068764e-02,1.444438e-03,4.030441e-02,5.186334e-01,3.229184e-03,7.208918e-02,1.345225e-02,3.273819e-02,1.512301e-01,1.477820e-02
4.084125e-02,9.939004e-03,7.119903e-03,6.975667e-03,5.002292e-03,6.086000e-02,1.043264e-03,2.834568e-02,5.188271e-01,2.953280e-03,6.956117e-02,9.791165e-03,2.351436e-02,2.028598e-01,1.236593e-02
3.084922e-02,1.823027e-02,6.826320e-03,5.758439e-03,3.811852e-03,4.711146e-02,7.486988e-04,1.993330e-02,4.847517e-01,2.576547e-03,6.117365e-02,7.491908e-03,1.708745e-02,2.832956e-01,1.035360e-02
2.603043e-02,2.239413e-02,5.682713e-03,4.696181e-03,3.482808e-03,3.626864e-02,5.395153e-04,1.399736e-02,4.968766e-01,2.320688e-03,5.431653e-02,5.618798e-03,1.247920e-02,3.072272e-01,8.069180e-03
1.927646e-02,1.763402e-02,4.380855e-03,3.437026e-03,2.795747e-03,2.679322e-02,3.828995e-04,9.812652e-03,4.808346e-01,2.292016e-03,4.388927e-02,4.122447e-03,9.001921e-03,3.685380e-01,6.808817e-03
1.556837e-02,2.499372e-02,2.262786e-02,2.972060e-03,3.332872e-03,2.032253e-02,3.157376e-04,7.007023e-03,4.750305e-01,2.459727e-03,3.461183e-02,3.028899e-03,6.733335e-03,3.750091e-01,5.986388e-03
1.242467e-02,2.192200e-02,1.710040e-02,2.270742e-03,3.494446e-03,1.477873e-02,2.262101e-04,4.940268e-03,5.072265e-01,2.365778e-03,2.593834e-02,2.229979e-03,4.879570e-03,3.743544e-01,5.847870e-03
1.030230e-02,1.848583e-02,1.380381e-02,1.638717e-03,2.878691e-03,1.100634e-02,1.623428e-04,3.683304e-03,4.513565e-01,1.917514e-03,1.874507e-02,1.598131e-03,3.487220e-03,4.554880e-01,5.446213e-03
1.245155e-02,1.962587e-02,1.747961e-02,2.233430e-03,5.546761e-03,8.717679e-03,1.319742e-04,4.829005e-03,4.715070e-01,2.018132e-03,1.398862e-02,1.189425e-03,2.639966e-03,4.291452e-01,8.495761e-03
2.043014e-02,1.962878e-02,3.410587e-02,2.692730e-03,8.932621e-03,7.402620e-03,1.313428e-04,1.081532e-02,4.809876e-01,1.923500e-03,1.033002e-02,8.641965e-04,1.966906e-03,3.907700e-01,9.018343e-03
2.699314e-02,2.447161e-02,9.694359e-02,1.332344e-02,2.047276e-02,6.082200e-03,1.929694e-04,2.434463e-02,4.390740e-01,3.054840e-03,7.655432e-03,6.609269e-04,1.536123e-03,3.099888e-01,2.520557e-02
3.641916e-02,2.570691e-02,1.074280e-01,2.015286e-02,4.062849e-02,4.987848e-03,2.278970e-04,5.205657e-02,4.283102e-01,5.750991e-03,5.633811e-03,5.157659e-04,1.153468e-03,2.396967e-01,3.133124e-02
5.817566e-02,2.220275e-02,1.091525e-01,2.188725e-02,5.820512e-02,4.078928e-03,2.422153e-04,7.069458e-02,4.107722e-01,9.973498e-03,4.491538e-03,4.061285e-04,8.841289e-04,1.913120e-01,3.752150e-02
7.991518e-02,1.999841e-02,1.201550e-01,2.192233e-02,5.526991e-02,3.833037e-03,2.780102e-04,7.759721e-02,4.112228e-01,9.567894e-03,3.885565e-03,4.366325e-04,7.753309e-04,1.549969e-01,4.014583e-02
9.355387e-02,2.160941e-02,1.236927e-01,2.321699e-02,4.884523e-02,3.590800e-03,2.741596e-04,1.013403e-01,3.771631e-01,1.110171e-02,3.535939e-03,4.327429e-04,6.812607e-04,1.433208e-01,4.764098e-02
9.440105e-02,2.780512e-02,1.704134e-01,2.220616e-02,4.167265e-02,3.063206e-03,2.641023e-04,9.715431e-02,3.327032e-01,9.644646e-03,4.090293e-03,3.729966e-04,5.539976e-04,1.564587e-01,3.919618e-02
1.103151e-01,2.712223e-02,1.463416e-01,1.941528e-02,3.951586e-02,2.817189e-03,2.898415e-04,1.259615e-01,3.434288e-01,1.002698e-02,4.475991e-03,4.339183e-04,4.815676e-04,1.364769e-01,3.289738e-02
1.354875e-01,2.941434e-02,1.366776e-01,2.039042e-02,3.890279e-02,3.235007e-03,4.374252e-04,1.498306e-01,3.107794e-01,8.551545e-03,5.384164e-03,4.316763e-04,4.302963e-04,1.327335e-01,2.731368e-02
1.814024e-01,5.504704e-02,1.580809e-01,1.772960e-02,3.356773e-02,3.647420e-03,1.724097e-03,1.315566e-01,2.573750e-01,7.083756e-03,8.122137e-03,5.378476e-04,4.942768e-04,1.206949e-01,2.293627e-02
2.192231e-01,7.476784e-02,1.881947e-01,1.489983e-02,2.758689e-02,3.898463e-03,2.395028e-03,1.209625e-01,2.054506e-01,6.117164e-03,8.385208e-03,6.420072e-04,5.141316e-04,1.063630e-01,2.059951e-02
2.491485e-01,1.047451e-01,2.188467e-01,1.184559e-02,2.093454e-02,3.879769e-03,2.847834e-03,1.098246e-01,1.546495e-01,4.746737e-03,9.358719e-03,9.054498e-04,6.572785e-04,9.067773e-02,1.693194e-02
2.979369e-01,1.182105e-01,2.221114e-01,9.743039e-03,1.577031e-02,4.043839e-03,2.931003e-03,1.127091e-01,1.179403e-01,4.056496e-03,8.898296e-03,1.462127e-03,8.463348e-04,6.847992e-02,1.486048e-02
3.831349e-01,9.868609e-02,2.332129e-01,8.773021e-03,1.172280e-02,4.994067e-03,3.145129e-03,9.510778e-02,8.538382e-02,3.750243e-03,6.644437e-03,2.064957e-03,1.131449e-03,4.918953e-02,1.305890e-02
4.823498e-01,7.464026e-02,2.107561e-01,9.139887e-03,9.167704e-03,4.810397e-03,2.889699e-03,7.914527e-02,6.543763e-02,4.237433e-03,5.311111e-03,2.774918e-03,1.434966e-03,3.660878e-02,1.129608e-02
1.000000e+00,0.000000e+00,0.000000e+00,0.000000e+00,0.000000e+00,0.000000e+00,0.000000e+00,0.000000e+00,0.000000e+00,0.000000e+00,0.000000e+00,0.000000e+00,0.000000e+00,0.000000e+00,0.000000e+00
1.000000e+00,0.000000e+00,0.000000e+00,0.000000e+00,0.000000e+00,0.000000e+00,0.000000e+00,0.000000e+00,0.000000e+00,0.000000e+00,0.000000e+00,0.000000e+00,0.000000e+00,0.000000e+00,0.000000e+00
1.000000e+00,0.000000e+00,0.000000e+00,0.000000e+00,0.000000e+00,0.000000e+00,0.000000e+00,0.000000e+00,0.000000e+00,0.000000e+00,0.000000e+00,0.000000e+00,0.000000e+00,0.000000e+00,0.000000e+00
3.590004e-01,2.968494e-02,1.024473e-01,9.426383e-03,3.570501e-03,3.632954e-03,1.102590e-03,2.941989e-02,2.481550e-02,8.087641e-03,3.629060e-01,1.115044e-02,3.304131e-03,4.470235e-02,6.748954e-03
2.524648e-01,2.139466e-02,7.231991e-02,8.250678e-03,2.625361e-03,3.025382e-03,7.885108e-04,2.072292e-02,2.057469e-02,6.430566e-03,5.254996e-01,9.704850e-03,2.875912e-03,4.767607e-02,5.646100e-03
1.784361e-01,1.575968e-02,5.157123e-02,9.040420e-03,1.960950e-03,2.881536e-03,5.931510e-04,1.470435e-02,2.130287e-02,6.794773e-03,6.371921e-01,9.784762e-03,2.858023e-03,4.235530e-02,4.764666e-03
1.263154e-01,1.210301e-02,3.875563e-02,1.112727e-02,2.278003e-03,3.583923e-03,6.297077e-04,1.064981e-02,1.596835e-02,6.239819e-03,6.990910e-01,1.042515e-02,2.269775e-03,5.700828e-02,3.554894e-03
9.117006e-02,1.039185e-02,2.965225e-02,1.696991e-02,5.818155e-03,4.082126e-03,1.039942e-03,8.545825e-03,1.229213e-02,7.393804e-03,7.321426e-01,1.144491e-02,2.727506e-03,6.256033e-02,3.768676e-03
6.470744e-02,7.965805e-03,2.121326e-02,1.269763e-02,9.982815e-03,3.861917e-03,8.901434e-04,6.244228e-03,9.542563e-03,7.049806e-03,7.478079e-01,1.630407e-02,2.920713e-03,8.530994e-02,3.501808e-03
4.600342e-02,6.391010e-03,1.521525e-02,9.199138e-03,9.053894e-03,4.999700e-03,6.668955e-04,4.564764e-03,9.082276e-03,6.002124e-03,6.997018e-01,2.235693e-02,2.606697e-03,1.613320e-01,2.824122e-03
3.241728e-02,7.682620e-03,1.147891e-02,6.775634e-03,1.091392e-02,4.022768e-03,5.399513e-04,3.330081e-03,1.020110e-02,5.166142e-03,7.227781e-01,2.002819e-02,2.127502e-03,1.596920e-01,2.845835e-03
2.337565e-02,1.079489e-02,1.694946e-02,5.871063e-03,2.177494e-02,5.520252e-03,1.382048e-03,3.043498e-03,2.617167e-02,1.013009e-02,6.347667e-01,2.337192e-02,2.736342e-03,2.091877e-01,4.923848e-03
1.786548e-02,1.214790e-02,1.629136e-02,4.789791e-03,2.354300e-02,6.095856e-03,1.312912e-03,2.678800e-03,6.257605e-02,1.005817e-02,5.362599e-01,2.450350e-02,2.411691e-03,2.739237e-01,5.541932e-03
2.580222e-02,2.631005e-02,2.218360e-02,4.303261e-03,1.916005e-02,1.089922e-02,1.304963e-03,2.921049e-03,1.287900e-01,1.000287e-02,4.176254e-01,2.026101e-02,2.041228e-03,3.026043e-01,5.790841e-03
2.343500e-02,3.217090e-02,2.041452e-02,3.191539e-03,1.384734e-02,1.080919e-02,9.590933e-04,2.520127e-03,1.685690e-01,8.939219e-03,3.042575e-01,1.483813e-02,1.714072e-03,3.882271e-01,6.107338e-03
2.050904e-02,3.478704e-02,9.832615e-02,4.727324e-03,1.105926e-02,1.970314e-02,8.874742e-04,8.163648e-03,2.303699e-01,7.965487e-03,2.252168e-01,1.083872e-02,1.711085e-03,3.204713e-01,5.263665e-03
2.903520e-02,3.444359e-02,1.692788e-01,1.827328e-02,1.084500e-02,2.381016e-02,8.067030e-04,8.080186e-03,2.343919e-01,7.939651e-03,1.675915e-01,7.839633e-03,1.717206e-03,2.759936e-01,9.953649e-03
3.495282e-02,4.183730e-02,1.476537e-01,1.599090e-02,1.095600e-02,3.025029e-02,7.124693e-04,8.367413e-03,2.124648e-01,6.991077e-03,1.435895e-01,5.789684e-03,1.584023e-03,3.291465e-01,9.713506e-03
