1.000000e+00,0.000000e+00,0.000000e+00,0.000000e+00,0.000000e+00,0.000000e+00,0.000000e+00,0.000000e+00,0.000000e+00,0.000000e+00,0.000000e+00,0.000000e+00,0.000000e+00,0.000000e+00,0.000000e+00
1.000000e+00,0.000000e+00,0.000000e+00,0.000000e+00,0.000000e+00,0.000000e+00,0.000000e+00,0.000000e+00,0.000000e+00,0.000000e+00,0.000000e+00,0.000000e+00,0.000000e+00,0.000000e+00,0.000000e+00
1.000000e+00,0.000000e+00,0.000000e+00,0.000000e+00,0.000000e+00,0.000000e+00,0.000000e+00,0.000000e+00,0.000000e+00,0.000000e+00,0.000000e+00,0.000000e+00,0.000000e+00,0.000000e+00,0.000000e+00
1.000000e+00,0.000000e+00,0.000000e+00,0.000000e+00,0.000000e+00,0.000000e+00,0.000000e+00,0.000000e+00,0.000000e+00,0.000000e+00,0.000000e+00,0.000000e+00,0.000000e+00,0.000000e+00,0.000000e+00
1.000000e+00,0.000000e+00,0.000000e+00,0.000000e+00,0.000000e+00,0.000000e+00,0.000000e+00,0.000000e+00,0.000000e+00,0.000000e+00,0.000000e+00,0.000000e+00,0.000000e+00,0.000000e+00,0.000000e+00
1.000000e+00,0.000000e+00,0.000000e+00,0.000000e+00,0.000000e+00,0.000000e+00,0.000000e+00,0.000000e+00,0.000000e+00,0.000000e+00,0.000000e+00,0.000000e+00,0.000000e+00,0.000000e+00,0.000000e+00
1.000000e+00,0.000000e+00,0.000000e+00,0.000000e+00,0.000000e+00,0.000000e+00,0.000000e+00,0.000000e+00,0.000000e+00,0.000000e+00,0.000000e+00,0.000000e+00,0.000000e+00,0.000000e+00,0.000000e+00
1.000000e+00,0.000000e+00,0.000000e+00,0.000000e+00,0.000000e+00,0.000000e+00,0.000000e+00,0.000000e+00,0.000000e+00,0.000000e+00,0.000000e+00,0.000000e+00,0.000000e+00,0.000000e+00,0.000000e+00
1.000000e+00,0.000000e+00,0.000000e+00,0.000000e+00,0.000000e+00,0.000000e+00,0.000000e+00,0.000000e+00,0.000000e+00,0.000000e+00,0.000000e+00,0.000000e+00,0.000000e+00,0.000000e+00,0.000000e+00
1.000000e+00,0.000000e+00,0.000000e+00,0.000000e+00,0.000000e+00,0.000000e+00,0.000000e+00,0.000000e+00,0.000000e+00,0.000000e+00,0.000000e+00,0.000000e+00,0.000000e+00,0.000000e+00,0.000000e+00
1.000000e+00,0.000000e+00,0.000000e+00,0.000000e+00,0.000000e+00,0.000000e+00,0.000000e+00,0.000000e+00,0.000000e+00,0.000000e+00,0.000000e+00,0.000000e+00,0.000000e+00,0.000000e+00,0.000000e+00
1.000000e+00,0.000000e+00,0.000000e+00,0.000000e+00,0.000000e+00,0.000000e+00,0.000000e+00,0.000000e+00,0.000000e+00,0.000000e+00,0.000000e+00,0.000000e+00,0.000000e+00,0.000000e+00,0.000000e+00
1.000000e+00,0.000000e+00,0.000000e+00,0.000000e+00,0.000000e+00,0.000000e+00,0.000000e+00,0.000000e+00,0.000000e+00,0.000000e+00,0.000000e+00,0.000000e+00,0.000000e+00,0.000000e+00,0.000000e+00
1.000000e+00,0.000000e+00,0.000000e+00,0.000000e+00,0.000000e+00,0.000000e+00,0.000000e+00,0.000000e+00,0.000000e+00,0.000000e+00,0.000000e+00,0.000000e+00,0.000000e+00,0.000000e+00,0.000000e+00
1.000000e+00,0.000000e+00,0.000000e+00,0.000000e+00,0.000000e+00,0.000000e+00,0.000000e+00,0.000000e+00,0.000000e+00,0.000000e+00,0.000000e+00,0.000000e+00,0.000000e+00,0.000000e+00,0.000000e+00
1.000000e+00,0.000000e+00,0.000000e+00,0.000000e+00,0.000000e+00,0.000000e+00,0.000000e+00,0.000000e+00,0.000000e+00,0.000000e+00,0.000000e+00,0.000000e+00,0.000000e+00,0.000000e+00,0.000000e+00
1.000000e+00,0.000000e+00,0.000000e+00,0.000000e+00,0.000000e+00,0.000000e+00,0.000000e+00,0.000000e+00,0.000000e+00,0.000000e+00,0.000000e+00,0.000000e+00,0.000000e+00,0.000000e+00,0.000000e+00
1.000000e+00,0.000000e+00,0.000000e+00,0.000000e+00,0.000000e+00,0.000000e+00,0.000000e+00,0.000000e+00,0.000000e+00,0.000000e+00,0.000000e+00,0.000000e+00,0.000000e+00,0.000000e+00,0.000000e+00
1.000000e+00,0.000000e+00,0.000000e+00,0.000000e+00,0.000000e+00,0.000000e+00,0.000000e+00,0.000000e+00,0.000000e+00,0.000000e+00,0.000000e+00,0.000000e+00,0.000000e+00,0.000000e+00,0.000000e+00
1.000000e+00,0.000000e+00,0.000000e+00,0.000000e+00,0.000000e+00,0.000000e+00,0.000000e+00,0.000000e+00,0.000000e+00,0.000000e+00,0.000000e+00,0.000000e+00,0.000000e+00,0.000000e+00,0.000000e+00
1.000000e+00,0.000000e+00,0.000000e+00,0.000000e+00,0.000000e+00,0.000000e+00,0.000000e+00,0.000000e+00,0.000000e+00,0.000000e+00,0.000000e+00,0.000000e+00,0.000000e+00,0.000000e+00,0.000000e+00
1.000000e+00,0.000000e+00,0.000000e+00,0.000000e+00,0.000000e+00,0.000000e+00,0.000000e+00,0.000000e+00,0.000000e+00,0.000000e+00,0.000000e+00,0.000000e+00,0.000000e+00,0.000000e+00,0.000000e+00
1.000000e+00,0.000000e+00,0.000000e+00,0.000000e+00,0.000000e+00,0.000000e+00,0.000000e+00,0.000000e+00,0.000000e+00,0.000000e+00,0.000000e+00,0.000000e+00,0.000000e+00,0.000000e+00,0.000000e+00
1.000000e+00,0.000000e+00,0.000000e+00,0.000000e+00,0.000000e+00,0.000000e+00,0.000000e+00,0.000000e+00,0.000000e+00,0.000000e+00,0.000000e+00,0.000000e+00,0.000000e+00,0.000000e+00,0.000000e+00
1.000000e+00,0.000000e+00,0.000000e+00,0.000000e+00,0.000000e+00,0.000000e+00,0.000000e+00,0.000000e+00,0.000000e+00,0.000000e+00,0.000000e+00,0.000000e+00,0.000000e+00,0.000000e+00,0.000000e+00
1.000000e+00,0.000000e+00,0.000000e+00,0.000000e+00,0.000000e+00,0.000000e+00,0.000000e+00,0.000000e+00,0.000000e+00,0.000000e+00,0.000000e+00,0.000000e+00,0.000000e+00,0.000000e+00,0.000000e+00
1.000000e+00,0.000000e+00,0.000000e+00,0.000000e+00,0.000000e+00,0.000000e+00,0.000000e+00,0.000000e+00,0.000000e+00,0.000000e+00,0.000000e+00,0.000000e+00,0.000000e+00,0.000000e+00,0.000000e+00
1.000000e+00,0.000000e+00,0.000000e+00,0.000000e+00,0.000000e+00,0.000000e+00,0.000000e+00,0.000000e+00,0.000000e+00,0.000000e+00,0.000000e+00,0.000000e+00,0.000000e+00,0.000000e+00,0.000000e+00
1.000000e+00,0.000000e+00,0.000000e+00,0.000000e+00,0.000000e+00,0.000000e+00,0.000000e+00,0.000000e+00,0.000000e+00,0.000000e+00,0.000000e+00,0.000000e+00,0.000000e+00,0.000000e+00,0.000000e+00
4.081936e-01,6.476048e-03,1.151929e-02,2.606043e-02,3.431361e-03,1.493240e-02,6.277648e-03,4.760841e-01,2.939620e-03,1.103772e-03,6.649239e-03,1.280693e-02,1.138859e-02,2.443945e-03,9.693076e-03
2.881311e-01,4.568188e-03,8.382267e-03,1.853374e-02,2.607310e-03,1.062364e-02,4.875217e-03,6.290858e-01,2.063904e-03,7.786762e-04,4.700830e-03,9.004503e-03,8.075980e-03,1.757878e-03,6.811037e-03
2.026928e-01,3.219891e-03,6.144133e-03,1.322020e-02,1.992453e-03,7.523373e-03,3.687839e-03,7.380502e-01,1.448598e-03,5.478066e-04,3.335957e-03,6.332664e-03,5.748915e-03,1.270733e-03,4.784497e-03
1.426343e-01,2.273379e-03,4.462228e-03,9.359104e-03,1.691621e-03,5.333784e-03,2.838407e-03,8.146801e-01,1.020614e-03,3.900693e-04,2.399914e-03,4.462119e-03,4.171913e-03,9.181253e-04,3.364355e-03
1.010850e-01,1.691813e-03,3.431597e-03,6.703541e-03,2.305083e-03,3.907265e-03,2.294091e-03,8.646729e-01,7.792732e-04,3.385093e-04,2.014756e-03,3.402477e-03,4.064475e-03,8.890098e-04,2.420166e-03
7.195857e-02,1.477857e-03,2.581965e-03,4.896841e-03,1.468276e-02,3.215814e-03,1.981028e-03,8.853433e-01,1.429497e-03,3.564479e-04,1.906887e-03,2.758340e-03,4.657981e-03,9.263358e-04,1.826428e-03
5.203592e-02,1.895731e-03,2.775882e-03,4.033050e-03,3.097423e-02,3.134039e-03,3.038837e-03,8.844845e-01,3.122421e-03,5.606048e-04,1.785414e-03,2.541280e-03,7.175965e-03,9.039659e-04,1.538234e-03
3.816283e-02,1.913398e-03,2.673020e-03,3.400262e-03,6.853884e-02,5.688168e-03,5.949136e-03,8.370512e-01,3.661495e-03,7.260188e-04,1.647698e-03,3.135687e-03,2.497858e-02,7.702048e-04,1.703589e-03
3.181700e-02,1.869253e-03,2.551701e-03,4.416495e-03,5.976542e-02,4.985582e-02,7.951022e-03,6.198235e-01,6.145387e-03,1.330707e-03,3.963444e-03,1.019533e-02,1.954752e-01,7.649048e-04,4.074864e-03
2.547195e-02,2.849448e-03,1.981120e-03,6.521521e-03,4.792774e-02,7.548958e-02,6.602076e-03,4.386888e-01,2.596716e-02,6.004303e-03,7.787323e-03,3.597727e-02,3.085057e-01,1.510432e-03,8.715559e-03
1.927661e-02,5.804831e-03,1.499834e-03,7.945016e-03,3.736205e-02,6.332712e-02,5.768462e-03,3.089866e-01,6.355731e-02,6.034049e-03,8.481855e-03,4.327136e-02,4.137795e-01,2.076772e-03,1.282862e-02
1.746956e-02,8.058620e-03,1.312961e-03,9.991206e-03,2.914361e-02,5.674626e-02,5.592899e-03,2.176024e-01,6.998121e-02,5.700093e-03,1.502159e-02,4.953301e-02,4.845774e-01,4.638737e-03,2.463052e-02
1.555606e-02,1.176703e-02,1.130039e-03,1.208213e-02,2.184609e-02,5.065185e-02,4.439039e-03,1.529118e-01,1.188737e-01,7.697218e-03,2.941743e-02,5.207857e-02,4.162067e-01,1.253170e-02,9.281070e-02
1.358786e-02,1.334783e-02,1.253272e-03,1.021178e-02,1.635049e-02,5.603631e-02,3.438090e-03,1.071537e-01,1.116975e-01,8.782180e-03,2.930974e-02,4.908141e-02,3.629558e-01,1.782200e-02,1.989720e-01
1.714991e-02,1.730789e-02,1.554053e-03,8.880864e-03,1.412367e-02,4.814545e-02,3.029869e-03,7.530227e-02,1.133337e-01,1.050323e-02,4.278333e-02,4.938362e-02,3.224778e-01,3.422007e-02,2.418042e-01
2.156810e-02,1.881493e-02,1.744133e-03,7.647226e-03,1.292147e-02,3.804045e-02,2.634659e-03,5.330381e-02,1.269963e-01,1.263089e-02,4.109295e-02,5.004748e-02,3.606346e-01,4.835997e-02,2.035630e-01
2.980023e-02,2.317738e-02,2.276123e-03,7.168652e-03,1.181612e-02,2.775867e-02,2.366412e-03,3.799519e-02,1.701734e-01,2.011331e-02,3.540307e-02,4.215368e-02,2.922482e-01,1.089089e-01,1.886407e-01
4.323182e-02,2.231156e-02,2.365083e-03,5.681107e-03,9.831564e-03,2.115733e-02,2.445558e-03,2.712027e-02,1.612802e-01,2.134524e-02,3.150032e-02,3.832031e-02,2.699064e-01,1.827398e-01,1.607634e-01
9.972080e-02,2.205742e-02,6.156819e-03,5.965918e-03,1.182012e-02,1.873785e-02,2.717456e-03,2.007159e-02,1.350030e-01,3.914259e-02,2.767946e-02,3.536183e-02,2.261255e-01,1.947321e-01,1.547076e-01
1.736016e-01,1.903510e-02,5.869567e-03,6.250599e-03,1.655586e-02,1.682329e-02,2.519888e-03,1.453611e-02,1.170016e-01,5.531933e-02,2.403399e-02,3.774719e-02,1.914649e-01,1.836861e-01,1.355549e-01
1.419942e-01,1.484720e-02,4.899393e-03,5.516481e-03,1.417249e-02,1.348861e-02,1.902261e-03,1.030303e-02,9.099503e-02,5.881669e-02,3.125505e-02,3.675736e-02,1.399686e-01,3.032580e-01,1.318255e-01
1.336555e-01,1.344819e-02,4.949743e-03,8.033619e-03,1.183879e-02,1.128376e-02,1.596925e-03,7.735033e-03,7.434631e-02,7.957797e-02,3.299006e-02,5.374032e-02,1.051636e-01,3.520619e-01,1.095783e-01
1.444342e-01,1.105066e-02,6.494461e-03,8.577170e-03,1.053685e-02,1.068717e-02,1.535877e-03,5.960729e-03,5.980603e-02,9.587017e-02,4.439324e-02,6.250206e-02,7.941305e-02,3.741817e-01,8.455656e-02
2.251358e-01,1.192828e-02,8.891541e-03,1.429547e-02,1.271862e-02,1.154496e-02,1.887157e-03,7.080408e-03,5.600096e-02,1.277737e-01,3.759466e-02,6.898870e-02,6.148214e-02,2.838198e-01,7.085763e-02
2.745875e-01,1.140373e-02,9.378450e-03,1.842045e-02,1.185341e-02,1.165656e-02,2.247163e-03,6.938605e-03,5.277896e-02,1.387248e-01,3.455564e-02,8.308864e-02,5.108695e-02,2.303892e-01,6.288975e-02
2.988167e-01,1.409454e-02,1.370439e-02,2.766310e-02,1.299112e-02,1.423102e-02,2.724798e-03,9.959204e-03,5.886680e-02,1.401809e-01,4.572391e-02,8.032062e-02,4.260401e-02,1.843611e-01,5.375775e-02
3.107537e-01,1.447076e-02,1.187540e-02,2.312496e-02,1.039438e-02,1.653690e-02,2.506864e-03,1.041438e-02,5.753133e-02,1.144150e-01,8.185397e-02,1.150755e-01,4.024560e-02,1.479540e-01,4.284726e-02
3.410055e-01,1.415700e-02,1.090308e-02,2.044877e-02,8.170467e-03,1.729235e-02,2.164985e-03,9.704822e-03,5.007031e-02,9.159467e-02,1.193272e-01,1.282486e-01,3.654283e-02,1.173037e-01,3.306570e-02
3.119642e-01,1.274121e-02,8.864198e-03,2.180976e-02,1.285368e-02,1.456465e-02,2.189854e-03,9.477803e-03,5.531169e-02,9.276516e-02,1.758453e-01,1.233360e-01,3.262690e-02,1.004796e-01,2.517000e-02
3.263033e-01,1.049064e-02,7.134418e-03,2.194536e-02,2.134106e-02,1.228195e-02,2.313589e-03,9.879209e-03,5.150972e-02,9.821095e-02,1.859570e-01,1.149658e-01,3.004538e-02,8.836419e-02,1.925739e-02
4.162313e-01,9.980122e-03,6.094722e-03,2.131999e-02,1.754855e-02,1.550216e-02,2.286527e-03,8.602437e-03,3.986318e-02,7.612269e-02,1.551218e-01,1.189423e-01,2.652431e-02,6.635666e-02,1.950329e-02
3.942989e-01,1.075933e-02,5.695983e-03,2.081853e-02,1.417440e-02,1.834153e-02,2.545572e-03,7.704581e-03,3.105736e-02,5.769762e-02,2.331598e-01,1.124242e-01,2.176400e-02,4.903988e-02,2.051823e-02
3.275153e-01,2.797388e-02,6.190556e-03,2.382098e-02,1.559458e-02,1.695134e-02,3.712732e-03,7.607762e-03,4.394858e-02,5.198551e-02,2.397646e-01,1.381384e-01,1.738525e-02,3.739654e-02,4.201405e-02
2.395682e-01,2.522323e-02,8.391801e-03,2.062835e-02,1.409331e-02,1.349516e-02,3.179333e-03,1.001919e-02,7.497430e-02,5.350215e-02,2.346009e-01,1.557025e-01,1.397965e-02,4.066589e-02,9.197593e-02
1.823974e-01,2.996563e-02,2.094943e-02,1.642882e-02,1.695077e-02,1.122244e-02,3.340365e-03,9.098975e-03,7.566817e-02,4.964259e-02,2.416051e-01,1.389309e-01,1.189461e-02,5.598910e-02,1.359157e-01
1.932067e-01,2.997569e-02,2.102950e-02,1.597502e-02,2.122138e-02,2.528065e-02,3.001911e-03,7.640229e-03,7.524211e-02,4.585262e-02,2.228512e-01,1.265822e-01,1.298148e-02,8.084668e-02,1.183127e-01
1.698322e-01,2.415399e-02,3.418220e-02,1.425350e-02,2.417489e-02,3.145253e-02,2.708897e-03,5.928494e-03,6.837080e-02,1.096813e-01,2.101820e-01,1.160569e-01,2.336255e-02,7.495015e-02,9.070955e-02
1.244144e-01,1.796207e-02,3.055810e-02,1.151026e-02,2.204262e-02,2.747651e-02,2.034170e-03,4.685298e-03,5.449006e-02,2.881724e-01,1.854499e-01,8.749256e-02,2.045101e-02,5.875161e-02,6.450903e-02
8.852652e-02,1.268547e-02,2.186199e-02,8.282902e-03,1.695834e-02,1.951525e-02,1.460962e-03,3.530505e-03,3.893603e-02,4.846173e-01,1.373286e-01,6.326254e-02,1.479002e-02,4.293316e-02,4.531041e-02
6.232672e-02,9.072863e-03,1.554993e-02,5.994566e-03,1.496599e-02,1.400648e-02,1.069477e-03,2.722108e-03,3.003737e-02,6.221007e-01,1.002625e-01,4.735405e-02,1.120811e-02,3.147406e-02,3.185506e-02
4.426328e-02,7.059692e-03,1.141589e-02,4.444198e-03,1.167623e-02,1.257155e-02,7.758220e-04,2.339408e-03,2.581435e-02,7.062655e-01,7.995346e-02,3.759545e-02,9.258248e-03,2.348806e-02,2.307888e-02
3.243556e-02,6.314462e-03,8.427111e-03,4.469780e-03,9.670842e-03,1.030314e-02,5.605402e-04,2.541874e-03,3.850540e-02,7.386378e-01,7.127608e-02,3.202453e-02,7.147155e-03,1.962285e-02,1.806288e-02
2.354714e-02,5.912454e-03,6.443975e-03,3.321780e-03,7.433159e-03,7.984150e-03,4.005516e-04,2.755725e-03,3.492533e-02,7.722780e-01,6.986576e-02,2.544257e-02,5.532718e-03,2.039897e-02,1.375772e-02
1.978516e-02,5.259595e-03,7.214342e-03,2.917046e-03,7.659992e-03,7.099431e-03,3.262484e-04,1.652717e-02,3.757253e-02,7.591749e-01,7.286672e-02,1.979689e-02,4.778978e-03,2.823633e-02,1.078465e-02
2.101903e-02,6.456878e-03,7.427134e-03,2.862846e-03,1.576694e-02,6.183007e-03,3.136949e-04,3.449598e-02,3.481174e-02,7.520219e-01,5.708573e-02,1.517240e-02,4.161621e-03,3.348373e-02,8.737326e-03
4.136848e-02,2.804706e-02,4.742134e-02,6.933229e-03,1.942051e-02,1.001812e-02,4.933854e-04,6.082807e-02,5.421293e-02,6.111766e-01,4.852594e-02,1.360477e-02,3.953580e-03,4.011619e-02,1.387979e-02
5.280452e-02,3.107762e-02,4.005881e-02,7.015008e-03,3.400911e-02,8.932582e-03,6.360566e-04,1.072340e-01,6.120928e-02,5.455962e-01,3.647966e-02,1.036653e-02,3.555870e-03,4.854313e-02,1.248169e-02
4.712995e-02,3.108427e-02,4.645502e-02,6.477525e-03,3.959786e-02,7.165064e-03,6.897314e-04,2.931314e-01,4.970035e-02,3.905246e-01,2.703480e-02,7.440303e-03,3.067110e-03,4.141873e-02,9.083356e-03
8.521992e-02,5.000972e-02,4.848062e-02,7.994371e-03,7.055914e-02,1.328978e-02,9.468859e-04,2.806220e-01,5.888341e-02,3.007442e-01,1.951629e-02,5.951687e-03,3.666926e-03,4.253019e-02,1.158486e-02
1.019119e-01,1.139997e-01,4.232931e-02,8.433191e-03,9.404403e-02,1.284379e-02,1.243272e-03,2.468529e-01,6.308685e-02,2.326887e-01,1.431631e-02,4.819956e-03,3.758746e-03,4.764616e-02,1.202517e-02
1.150297e-01,1.296375e-01,4.578719e-02,9.684948e-03,1.024073e-01,1.273246e-02,1.975249e-03,2.617259e-01,6.686393e-02,1.737541e-01,1.115124e-02,4.505558e-03,5.102149e-03,4.645077e-02,1.319202e-02
1.630658e-01,1.199004e-01,4.104314e-02,7.882768e-03,8.969633e-02,1.187499e-02,4.492345e-03,2.524478e-01,6.372178e-02,1.370447e-01,9.693254e-03,4.205555e-03,5.109689e-03,7.259983e-02,1.722166e-02
1.879549e-01,1.010717e-01,3.403620e-02,6.226206e-03,7.390714e-02,1.106878e-02,3.987974e-02,2.635424e-01,6.797072e-02,1.065465e-01,8.374153e-03,4.447565e-03,5.122392e-03,6.870917e-02,2.114241e-02
2.326895e-01,9.410590e-02,2.908488e-02,5.007458e-03,5.468111e-02,1.198502e-02,7.915711e-02,2.224469e-01,7.923518e-02,7.797149e-02,6.848489e-03,4.466850e-03,5.371437e-03,6.260895e-02,3.433971e-02
3.109795e-01,9.638450e-02,2.447683e-02,4.760907e-03,4.080531e-02,1.537158e-02,9.274621e-02,1.701807e-01,8.744507e-02,5.692562e-02,6.235215e-03,6.139607e-03,6.833786e-03,5.198262e-02,2.873244e-02
3.843592e-01,8.722152e-02,2.144375e-02,4.544774e-03,3.196239e-02,1.457664e-02,1.052902e-01,1.337296e-01,8.718213e-02,4.328280e-02,5.480686e-03,7.763158e-03,6.262664e-03,4.323595e-02,2.366443e-02
4.472508e-01,7.486701e-02,1.979446e-02,5.431619e-03,2.444452e-02,1.900831e-02,1.062067e-01,1.020230e-01,8.261081e-02,3.263799e-02,5.208083e-03,1.711064e-02,7.721616e-03,3.308726e-02,2.259718e-02
4.728388e-01,6.174187e-02,2.004656e-02,6.308875e-03,1.931099e-02,3.979218e-02,1.145031e-01,8.435243e-02,7.713749e-02,2.374076e-02,4.966628e-03,2.004597e-02,9.133160e-03,2.540894e-02,2.067212e-02
4.528248e-01,4.752165e-02,1.795870e-02,8.023147e-03,1.497836e-02,1.176449e-01,1.067262e-01,6.565183e-02,5.913332e-02,1.740303e-02,6.743877e-03,2.645760e-02,1.405771e-02,1.966696e-02,2.520788e-02
4.791440e-01,3.617311e-02,1.567602e-02,1.146402e-02,1.249371e-02,1.399213e-01,9.484814e-02,5.292198e-02,4.477172e-02,1.316259e-02,7.816270e-03,3.292916e-02,1.884317e-02,1.488492e-02,2.494984e-02
1.000000e+00,0.000000e+00,0.000000e+00,0.000000e+00,0.000000e+00,0.000000e+00,0.000000e+00,0.000000e+00,0.000000e+00,0.000000e+00,0.000000e+00,0.000000e+00,0.000000e+00,0.000000e+00,0.000000e+00
1.000000e+00,0.000000e+00,0.000000e+00,0.000000e+00,0.000000e+00,0.000000e+00,0.000000e+00,0.000000e+00,0.000000e+00,0.000000e+00,0.000000e+00,0.000000e+00,0.000000e+00,0.000000e+00,0.000000e+00
1.000000e+00,0.000000e+00,0.000000e+00,0.000000e+00,0.000000e+00,0.000000e+00,0.000000e+00,0.000000e+00,0.000000e+00,0.000000e+00,0.000000e+00,0.000000e+00,0.000000e+00,0.000000e+00,0.000000e+00
3.841861e-01,1.183695e-02,7.165508e-03,1.529666e-02,3.242793e-02,5.116565e-02,4.225475e-02,2.292169e-02,2.930975e-02,4.120626e-02,4.284726e-02,4.381691e-02,5.262033e-02,2.390881e-02,1.990355e-01
2.935825e-01,8.554031e-03,5.642817e-03,1.582474e-02,3.429226e-02,3.788634e-02,3.167525e-02,2.313579e-02,3.371889e-02,3.249267e-02,5.140703e-02,3.851710e-02,1.312652e-01,2.133088e-02,2.406745e-01
2.521282e-01,8.142677e-03,4.950325e-03,2.569530e-02,3.808917e-02,3.362390e-02,2.305448e-02,1.784973e-02,9.519139e-02,2.817526e-02,4.972179e-02,4.112225e-02,1.427782e-01,1.773511e-02,2.217422e-01
1.803072e-01,6.836155e-03,8.427416e-03,2.862405e-02,5.188921e-02,2.533247e-02,1.726245e-02,2.165932e-02,1.361408e-01,2.364654e-02,5.226818e-02,3.622107e-02,1.140877e-01,1.415641e-02,2.831410e-01
1.297945e-01,5.520824e-03,3.497474e-02,7.021804e-02,5.277218e-02,2.027052e-02,1.293605e-02,8.835829e-02,1.212457e-01,1.756825e-02,5.182451e-02,3.358308e-02,9.161896e-02,1.068687e-02,2.586274e-01
9.333064e-02,1.137339e-02,3.746860e-02,8.675738e-02,4.737397e-02,1.588731e-02,9.239363e-03,6.860928e-02,2.711089e-01,1.356371e-02,4.593438e-02,2.744637e-02,6.671324e-02,8.006190e-03,1.971873e-01
6.985991e-02,1.106545e-02,3.388638e-02,7.621070e-02,6.095489e-02,1.212635e-02,7.082509e-03,5.482519e-02,3.465266e-01,1.047017e-02,3.952974e-02,2.135660e-02,4.936705e-02,6.341748e-03,2.003967e-01
5.877021e-02,1.228570e-02,5.204634e-02,1.528838e-01,5.907412e-02,1.207728e-02,5.430122e-03,7.072224e-02,3.284951e-01,8.092760e-03,3.114683e-02,1.586881e-02,3.655938e-02,4.770884e-03,1.517763e-01
4.360754e-02,4.577643e-02,3.874625e-02,1.131254e-01,4.661660e-02,1.004532e-02,3.925943e-03,7.809348e-02,4.359978e-01,6.223468e-03,2.511174e-02,1.166860e-02,2.763092e-02,3.537553e-03,1.098930e-01
3.221725e-02,7.838444e-02,3.222767e-02,1.399480e-01,3.660618e-02,8.747801e-03,2.844571e-03,6.628318e-02,4.623299e-01,5.026272e-03,2.449069e-02,9.135159e-03,2.089254e-02,2.558996e-03,7.830735e-02
2.381757e-02,7.007397e-02,2.435553e-02,2.522693e-01,2.678954e-02,6.991383e-03,2.011269e-03,4.811113e-02,4.276659e-01,4.271959e-03,3.098141e-02,7.532534e-03,1.766649e-02,1.893800e-03,5.556817e-02
1.762047e-02,5.698118e-02,1.735392e-02,2.864294e-01,1.893711e-02,5.975856e-03,1.411473e-03,3.414777e-02,4.092279e-01,3.058972e-03,8.790203e-02,6.181963e-03,1.401110e-02,1.631595e-03,3.912922e-02
1.256186e-02,4.114114e-02,1.243380e-02,2.323150e-01,1.330781e-02,4.365170e-03,9.986617e-04,2.403633e-02,2.960865e-01,2.296627e-03,2.967379e-01,7.397145e-03,2.283162e-02,3.390282e-03,3.010000e-02
8.900113e-03,2.923601e-02,8.978248e-03,1.842061e-01,9.544244e-03,3.201106e-03,7.193226e-04,1.691837e-02,2.473226e-01,2.076669e-03,3.270747e-01,1.991639e-02,1.101547e-01,5.254969e-03,2.649643e-02
6.345762e-03,2.081224e-02,6.825172e-03,1.663937e-01,7.182888e-03,2.470981e-03,5.351492e-04,1.199997e-02,1.984729e-01,1.702445e-03,3.826746e-01,4.586459e-02,1.203203e-01,7.786314e-03,2.061290e-02
4.613291e-03,1.484808e-02,4.935208e-03,1.313808e-01,5.392387e-03,1.964612e-03,4.016784e-04,8.643605e-03,1.657307e-01,1.464378e-03,3.751152e-01,4.350016e-02,1.634146e-01,5.775546e-02,2.083982e-02
3.840022e-03,1.082373e-02,3.721820e-03,1.283275e-01,4.147651e-03,1.654482e-03,3.120196e-04,6.160790e-03,1.372985e-01,1.871583e-03,3.453134e-01,4.392482e-02,1.512702e-01,1.405178e-01,2.081578e-02
3.188380e-03,8.801291e-03,4.249400e-03,9.440881e-02,5.153452e-03,1.360507e-03,2.801868e-04,9.014797e-03,1.187036e-01,4.140844e-03,2.878667e-01,6.012344e-02,1.811784e-01,1.990530e-01,2.247729e-02
2.658547e-03,6.842054e-03,4.039636e-03,7.302464e-02,7.303718e-03,1.337876e-03,2.762188e-04,8.188051e-03,9.632132e-02,1.219656e-02,2.869601e-01,5.162945e-02,1.367835e-01,2.803426e-01,3.209572e-02
2.063615e-03,5.185605e-03,3.421292e-03,5.295994e-02,6.329963e-03,1.196321e-03,2.260821e-04,6.688520e-03,7.706305e-02,1.109030e-02,2.492929e-01,4.497866e-02,1.078708e-01,4.037452e-01,2.788774e-02
1.765252e-03,5.174340e-03,3.261829e-03,3.878774e-02,4.869882e-03,1.103703e-03,1.856705e-04,5.077487e-03,8.375102e-02,1.068767e-02,2.466416e-01,5.446730e-02,8.637308e-02,4.362764e-01,2.157704e-02
1.875984e-03,4.327330e-03,2.482734e-03,3.029633e-02,3.630274e-03,1.390103e-03,1.458865e-04,3.946705e-03,7.051326e-02,1.092820e-02,3.071043e-01,4.847214e-02,6.573662e-02,4.317717e-01,1.737848e-02
5.231360e-03,5.535759e-03,2.097811e-02,2.616641e-02,4.293910e-03,7.948576e-03,2.522230e-04,8.469535e-03,7.397058e-02,1.314730e-02,3.216591e-01,5.010128e-02,5.627136e-02,3.902943e-01,1.568027e-02
2.260424e-02,4.909234e-03,1.604850e-02,2.118789e-02,3.730682e-03,8.924443e-03,2.524291e-04,6.955199e-03,5.850191e-02,1.522554e-02,3.647525e-01,4.234922e-02,4.386695e-02,3.780563e-01,1.263498e-02
2.527089e-02,4.650119e-03,1.263359e-02,1.712562e-02,3.303376e-03,7.994571e-03,2.349853e-04,5.246812e-03,5.381190e-02,1.277915e-02,4.378213e-01,4.925433e-02,3.447702e-02,3.259580e-01,9.438371e-03
3.753615e-02,5.243485e-03,1.161249e-02,1.675183e-02,3.055317e-03,1.080645e-02,6.096282e-04,5.575446e-03,6.912212e-02,1.201987e-02,4.650613e-01,4.339179e-02,2.654517e-02,2.848349e-01,7.833997e-03
3.007683e-02,5.837669e-03,1.053146e-02,1.299552e-02,3.004064e-03,9.271584e-03,4.864680e-04,4.125825e-03,1.183992e-01,9.790278e-03,4.389099e-01,3.812653e-02,2.100737e-02,2.906697e-01,6.767489e-03
5.826563e-02,5.773448e-03,1.447345e-02,1.358665e-02,4.192737e-03,1.169336e-02,6.053203e-04,3.524087e-03,1.805121e-01,9.414354e-03,3.718353e-01,3.003043e-02,1.652787e-02,2.737604e-01,5.804874e-03
7.182711e-02,5.885507e-03,1.449097e-02,1.354071e-02,6.222912e-03,1.139236e-02,5.131643e-04,2.923997e-03,2.124297e-01,1.138377e-02,3.461427e-01,2.291523e-02,1.383421e-02,2.608781e-01,5.619502e-03
1.153257e-01,6.695430e-03,1.438527e-02,1.401125e-02,8.957762e-03,1.182883e-02,4.293206e-04,2.445551e-03,2.380514e-01,1.257087e-02,3.007063e-01,1.916367e-02,1.276966e-02,2.363694e-01,6.289615e-03
9.069371e-02,5.580528e-03,1.074720e-02,1.034587e-02,7.347968e-03,1.043279e-02,3.310153e-04,1.883445e-03,2.561093e-01,1.064481e-02,2.494851e-01,1.757276e-02,1.198175e-02,3.103644e-01,6.479336e-03
6.911793e-02,7.193244e-03,1.049036e-02,7.856863e-03,6.566102e-03,9.889919e-03,2.675308e-04,1.633165e-03,3.422901e-01,8.461656e-03,2.064773e-01,1.358929e-02,9.552611e-03,3.006092e-01,6.004712e-03
6.181945e-02,6.287100e-03,1.080891e-02,6.036109e-03,5.009093e-03,1.010993e-02,2.240129e-04,1.311912e-03,4.160154e-01,7.029244e-03,1.597925e-01,1.063996e-02,7.651465e-03,2.913543e-01,5.910576e-03
5.291790e-02,7.039562e-03,1.120287e-02,4.545141e-03,4.916695e-03,1.769019e-02,1.901755e-04,1.088306e-03,4.922179e-01,5.357706e-03,1.170235e-01,7.643906e-03,5.558868e-03,2.674606e-01,5.146727e-03
5.111472e-02,5.366593e-03,1.945909e-02,6.240539e-03,4.725030e-03,3.265672e-02,2.774308e-04,5.649692e-03,5.608277e-01,4.047947e-03,8.428522e-02,5.471305e-03,4.073222e-03,2.115449e-01,4.259872e-03
4.748496e-02,3.992199e-03,1.941460e-02,7.112809e-03,5.052421e-03,2.766381e-02,2.375748e-04,6.609507e-03,5.996400e-01,3.371327e-03,6.128929e-02,3.891178e-03,2.944516e-03,2.077328e-01,3.563080e-03
4.376192e-02,2.940655e-03,4.275010e-02,1.593663e-02,4.515868e-03,2.126626e-02,2.350950e-04,6.450452e-03,6.453483e-01,2.706679e-03,4.515091e-02,2.755475e-03,2.132593e-03,1.612619e-01,2.787293e-03
5.575894e-02,2.318156e-03,1.352386e-01,2.156266e-02,4.148809e-03,2.913143e-02,2.752933e-04,5.461519e-03,5.033592e-01,2.191007e-03,4.388785e-02,1.999454e-03,1.556977e-03,1.894491e-01,3.660972e-03
6.848911e-02,1.785100e-03,2.161918e-01,5.812567e-02,4.195497e-03,2.971478e-02,3.212661e-04,4.804194e-03,3.989678e-01,2.161683e-03,4.991144e-02,1.863220e-03,1.286131e-03,1.568204e-01,5.361956e-03
7.138621e-02,1.492298e-03,2.746665e-01,5.685958e-02,3.689471e-03,3.238038e-02,2.912398e-04,4.110634e-03,3.214493e-01,2.616096e-03,7.463048e-02,1.873828e-03,1.098084e-03,1.420940e-01,1.136188e-02
7.095940e-02,1.309693e-03,3.337907e-01,5.131660e-02,3.486180e-03,2.577497e-02,2.650316e-04,4.165312e-03,2.725142e-01,2.715390e-03,8.598370e-02,1.655063e-03,8.775478e-04,1.334945e-01,1.169170e-02
6.921653e-02,1.273420e-03,4.211806e-01,4.982756e-02,3.266433e-03,1.921659e-02,2.270554e-04,4.188774e-03,2.186296e-01,2.172990e-03,7.824636e-02,1.363517e-03,7.414952e-04,1.207611e-01,9.688036e-03
6.360251e-02,1.244116e-03,5.402151e-01,4.577361e-02,2.988889e-03,1.402138e-02,2.031621e-04,3.350060e-03,1.602477e-01,1.803705e-03,6.013500e-02,1.183567e-03,6.645950e-04,9.721673e-02,7.349912e-03
5.904774e-02,1.272437e-03,6.235719e-01,4.742959e-02,2.681102e-03,1.058606e-02,2.020288e-04,3.356993e-03,1.226622e-01,1.515225e-03,4.562122e-02,1.098657e-03,5.200118e-04,7.495865e-02,5.476125e-03
5.719360e-02,1.179639e-03,6.829013e-01,4.645901e-02,2.155820e-03,7.998242e-03,1.970741e-04,3.509340e-03,1.003506e-01,1.324683e-03,3.444204e-02,1.000807e-03,3.957762e-04,5.677582e-02,4.116202e-03
6.374113e-02,1.554561e-03,7.056741e-01,6.894098e-02,2.281853e-03,6.177634e-03,2.881574e-04,3.554645e-03,7.569208e-02,9.906773e-04,2.553062e-02,1.101754e-03,3.742942e-04,4.099362e-02,3.103900e-03
7.654223e-02,1.927078e-03,7.005163e-01,8.768091e-02,2.319026e-03,5.523550e-03,3.153388e-04,4.479086e-03,6.499112e-02,8.905148e-04,2.054380e-02,1.321201e-03,3.924366e-04,3.005678e-02,2.500642e-03
1.602851e-01,4.790250e-03,6.293762e-01,8.414714e-02,3.382075e-03,6.289271e-03,5.714183e-04,4.044711e-03,5.725842e-02,1.070977e-03,1.661019e-02,3.496235e-03,9.828680e-04,2.426932e-02,3.425776e-03
1.551390e-01,5.485974e-03,6.530576e-01,8.542920e-02,3.041196e-03,5.676217e-03,7.711830e-04,4.962640e-03,4.356605e-02,3.524468e-03,1.232535e-02,3.132770e-03,1.049198e-03,1.828466e-02,4.554492e-03
2.057446e-01,1.031042e-02,5.977364e-01,8.378592e-02,4.186306e-03,8.759647e-03,9.730561e-04,7.154746e-03,3.674631e-02,4.539816e-03,1.372618e-02,3.476723e-03,1.605231e-03,1.476271e-02,6.492026e-03
1.795537e-01,1.072064e-02,5.814244e-01,1.044080e-01,3.178222e-03,6.522140e-03,8.093580e-04,6.498878e-03,2.734276e-02,5.063364e-03,2.667459e-02,1.085459e-02,4.135989e-03,2.806561e-02,4.747899e-03
2.030108e-01,1.213029e-02,4.784746e-01,8.775396e-02,3.160626e-03,5.679130e-03,9.267005e-04,9.113202e-03,2.399413e-02,1.222597e-02,9.284432e-02,1.617022e-02,6.749521e-03,4.261743e-02,5.149099e-03
1.673590e-01,9.802789e-03,3.443291e-01,6.493236e-02,2.396309e-03,4.230453e-03,7.410751e-04,7.863112e-03,1.821429e-02,1.196559e-02,2.926074e-01,1.594873e-02,5.881038e-03,4.912543e-02,4.603419e-03
1.324628e-01,8.265835e-03,2.420528e-01,5.014886e-02,1.784918e-03,3.729353e-03,6.402828e-04,7.334548e-03,1.642506e-02,1.005744e-02,3.438560e-01,3.050033e-02,7.218936e-03,1.419410e-01,3.581874e-03
9.983362e-02,9.908821e-03,1.732975e-01,4.408101e-02,3.336581e-03,4.060160e-03,6.370621e-04,6.666532e-03,1.641200e-02,8.783210e-03,4.612290e-01,2.403059e-02,8.003462e-03,1.352407e-01,4.479789e-03
7.509465e-02,1.483395e-02,1.258119e-01,4.798906e-02,1.043968e-02,5.638211e-03,1.265723e-03,1.308664e-02,4.249065e-02,8.121990e-03,4.467689e-01,2.117978e-02,8.045273e-03,1.718629e-01,7.370855e-03
5.905646e-02,1.632289e-02,8.981898e-02,4.343634e-02,8.927991e-03,6.959812e-03,1.124055e-03,1.017814e-02,4.187486e-02,8.346419e-03,4.824845e-01,1.705396e-02,6.860051e-03,2.008785e-01,6.677121e-03
4.624311e-02,3.491651e-02,8.495586e-02,3.219768e-02,8.543821e-03,7.523937e-03,8.756503e-04,7.810590e-03,4.595133e-02,8.781794e-03,4.703538e-01,1.310293e-02,5.293352e-03,2.273216e-01,6.128025e-03
3.979805e-02,6.430928e-02,9.693312e-02,2.605087e-02,7.884756e-03,4.573319e-02,1.599595e-03,9.460304e-03,7.076747e-02,8.973761e-03,3.468486e-01,9.805935e-03,4.635101e-03,2.588599e-01,8.340154e-03
3.918391e-02,5.010463e-02,1.708379e-01,5.019044e-02,7.540465e-03,7.467919e-02,4.630633e-03,1.969326e-02,5.946490e-02,7.531532e-03,2.589205e-01,7.301991e-03,4.453176e-03,2.375668e-01,7.900685e-03
3.748974e-02,4.375130e-02,2.896808e-01,9.317271e-02,7.254443e-03,6.210525e-02,4.272263e-03,1.844541e-02,6.009852e-02,7.317203e-03,1.841712e-01,5.305109e-03,3.836672e-03,1.734345e-01,9.664946e-03
3.184386e-02,3.997860e-02,4.144328e-01,7.000942e-02,5.367951e-03,6.093714e-02,3.115805e-03,1.320204e-02,5.189413e-02,1.070726e-02,1.343169e-01,4.001665e-03,4.122002e-03,1.273526e-01,2.871780e-02
5.254122e-02,6.108882e-02,3.882217e-01,7.662766e-02,1.295154e-02,5.262127e-02,2.493630e-03,9.908951e-03,8.619833e-02,1.124936e-02,9.759816e-02,3.474781e-03,4.720347e-03,1.011318e-01,3.917238e-02
3.998819e-02,7.489392e-02,3.254367e-01,7.538944e-02,9.488016e-03,3.831915e-02,1.771688e-03,6.981115e-03,7.958075e-02,1.416431e-02,6.952675e-02,2.539156e-03,4.215143e-03,7.535989e-02,1.823457e-01
4.554455e-02,8.928780e-02,2.998590e-01,7.869531e-02,9.121854e-03,3.178302e-02,1.326371e-03,5.410664e-03,7.194819e-02,1.986260e-02,5.426211e-02,2.104224e-03,4.157197e-03,5.938355e-02,2.272536e-01
3.924137e-02,9.970895e-02,2.134848e-01,1.465564e-01,7.369776e-03,2.433759e-02,9.892634e-04,4.092056e-03,1.008338e-01,2.819113e-02,8.513782e-02,3.529716e-03,1.349945e-02,4.339199e-02,1.896359e-01
5.555227e-02,8.574549e-02,1.575858e-01,1.366587e-01,1.111772e-02,3.113186e-02,1.072334e-03,3.789620e-03,9.916157e-02,4.870398e-02,1.281206e-01,7.532758e-03,1.992550e-02,5.453083e-02,1.593709e-01
1.218399e-01,9.841860e-02,1.401023e-01,1.143727e-01,1.875810e-02,6.362333e-02,1.319896e-03,4.739754e-03,8.156142e-02,4.824118e-02,9.880050e-02,1.099817e-02,1.883383e-02,5.333509e-02,1.250552e-01
1.347032e-01,1.284393e-01,1.252579e-01,9.565852e-02,3.130325e-02,9.884670e-02,1.410147e-03,1.049669e-02,7.765442e-02,4.906076e-02,7.754232e-02,1.101713e-02,1.734027e-02,4.889190e-02,9.237757e-02
1.380004e-01,1.581130e-01,1.020444e-01,7.767975e-02,3.819159e-02,8.379933e-02,1.562773e-03,1.049577e-02,9.227884e-02,5.950551e-02,6.042226e-02,1.070020e-02,1.578317e-02,4.146649e-02,1.099564e-01
1.182873e-01,1.372828e-01,8.057866e-02,2.047788e-01,4.915968e-02,6.380980e-02,1.507686e-03,1.570502e-02,9.623332e-02,4.758727e-02,4.517210e-02,1.019617e-02,1.295506e-02,2.933294e-02,8.741340e-02
1.583739e-01,1.882111e-01,7.399213e-02,1.627027e-01,4.227972e-02,5.090100e-02,1.646268e-03,1.488813e-02,9.872058e-02,4.027898e-02,3.378454e-02,1.022786e-02,1.127864e-02,2.231372e-02,9.040077e-02
2.565367e-01,1.724450e-01,6.546888e-02,1.230046e-01,3.479145e-02,4.588319e-02,1.646174e-03,1.225937e-02,8.053581e-02,3.283428e-02,2.878007e-02,1.496755e-02,1.023865e-02,2.140906e-02,9.919932e-02
2.275396e-01,1.412233e-01,1.184411e-01,1.835094e-01,3.493673e-02,3.676014e-02,1.523690e-03,1.366865e-02,6.246738e-02,2.782488e-02,2.355710e-02,1.280629e-02,8.369575e-03,1.708433e-02,9.028782e-02
2.372240e-01,1.041721e-01,9.550171e-02,1.732005e-01,4.981060e-02,2.970078e-02,1.375892e-03,1.015845e-01,5.295892e-02,2.198540e-02,2.525989e-02,1.160191e-02,8.581903e-03,1.463813e-02,7.240373e-02
2.078451e-01,7.420793e-02,6.988161e-02,1.312728e-01,4.447545e-02,2.207608e-02,1.192812e-03,2.953985e-01,3.999418e-02,1.550622e-02,1.925099e-02,9.118537e-03,7.101533e-03,1.067664e-02,5.200168e-02
1.690674e-01,5.235390e-02,4.966139e-02,9.829662e-02,3.470151e-02,1.673386e-02,9.856630e-04,4.681784e-01,2.886259e-02,1.095314e-02,1.398253e-02,6.607471e-03,5.385842e-03,7.558577e-03,3.667115e-02
1.996115e-01,4.072614e-02,3.588441e-02,7.169898e-02,3.097430e-02,1.643103e-02,2.043804e-03,5.135461e-01,2.260566e-02,8.497669e-03,1.180470e-02,7.473054e-03,5.350682e-03,5.654911e-03,2.769708e-02
1.677674e-01,2.986416e-02,2.628026e-02,5.341867e-02,2.396788e-02,1.472525e-02,1.752101e-03,6.098964e-01,1.690256e-02,6.219388e-03,9.984064e-03,9.037899e-03,5.712472e-03,4.186444e-03,2.028515e-02
1.319942e-01,2.369933e-02,2.272738e-02,5.508577e-02,1.963989e-02,1.236205e-02,1.744359e-03,5.496520e-01,1.728416e-02,7.030176e-03,3.716901e-02,6.308363e-02,3.319228e-02,6.784372e-03,1.855149e-02
1.033968e-01,1.982977e-02,1.989827e-02,6.344062e-02,1.492987e-02,1.839693e-02,1.873361e-03,4.082320e-01,2.041286e-02,7.137896e-03,4.639338e-02,1.380226e-01,9.597161e-02,1.035576e-02,3.170820e-02
8.761249e-02,1.545679e-02,1.586132e-02,5.830138e-02,1.170906e-02,2.323930e-02,2.899215e-03,3.054827e-01,1.983926e-02,6.095096e-03,4.726530e-02,2.480912e-01,1.155021e-01,1.282144e-02,2.982330e-02
1.572424e-01,1.825313e-02,2.910663e-02,4.757205e-02,1.209865e-02,5.568472e-02,3.857342e-03,2.319960e-01,1.952155e-02,6.698853e-03,4.357630e-02,1.973924e-01,9.501369e-02,2.847625e-02,5.351002e-02
1.160310e-01,1.462063e-02,2.754416e-02,3.992030e-02,1.087505e-02,6.026388e-02,3.905309e-03,1.667011e-01,1.980360e-02,9.529449e-03,4.719370e-02,3.451069e-01,7.496829e-02,2.228469e-02,4.125202e-02
1.140890e-01,1.361905e-02,2.221388e-02,3.333377e-02,1.002748e-02,5.598743e-02,3.391186e-03,1.197361e-01,2.199892e-02,9.226400e-03,5.676934e-02,4.301449e-01,5.823117e-02,1.834535e-02,3.288611e-02
1.137738e-01,1.107327e-02,1.624373e-02,2.764012e-02,9.561008e-03,4.766210e-02,2.768896e-03,8.606424e-02,1.810987e-02,8.323238e-03,6.920111e-02,5.063210e-01,4.292721e-02,1.486852e-02,2.546198e-02
8.878702e-02,8.424908e-03,1.169884e-02,2.053183e-02,1.034779e-02,3.513481e-02,2.171267e-03,6.160333e-02,1.483408e-02,7.853687e-03,1.117390e-01,5.639130e-01,3.163448e-02,1.270582e-02,1.862019e-02
6.905225e-02,6.224739e-03,8.324387e-03,1.520923e-02,2.892763e-02,2.573731e-02,1.661228e-03,4.339914e-02,1.259301e-02,6.890880e-03,1.041740e-01,6.285452e-01,2.361758e-02,1.199479e-02,1.364864e-02
5.426595e-02,4.542928e-03,5.927199e-03,1.101823e-02,2.623397e-02,2.097639e-02,1.211278e-03,3.052537e-02,1.007713e-02,6.558798e-03,8.647265e-02,7.060443e-01,1.707586e-02,9.277488e-03,9.792500e-03
4.051363e-02,3.333515e-03,4.221519e-03,7.922245e-03,2.307818e-02,1.618947e-02,8.835038e-04,2.144622e-02,7.544794e-03,5.632299e-03,7.584006e-02,7.663649e-01,1.245801e-02,7.538009e-03,7.033645e-03
3.332334e-02,2.850587e-03,3.100133e-03,6.485710e-03,2.728115e-02,1.506414e-02,6.666869e-04,1.528350e-02,5.956729e-03,5.276788e-03,1.174758e-01,7.433237e-01,9.180660e-03,9.088357e-03,5.642703e-03
2.901316e-02,2.432425e-03,2.306352e-03,4.953767e-03,2.944214e-02,1.213097e-02,4.899562e-04,1.095861e-02,4.622626e-03,4.593587e-03,1.287781e-01,7.495837e-01,6.916914e-03,9.355758e-03,4.421894e-03
3.181766e-02,2.730123e-03,1.918618e-03,4.196282e-03,3.540218e-02,9.932726e-03,3.888650e-04,8.429532e-03,3.705484e-03,4.118489e-03,9.880789e-02,7.823545e-01,5.082341e-03,7.514119e-03,3.601107e-03
2.730935e-02,2.642948e-03,1.556699e-03,3.468087e-03,3.580069e-02,9.141816e-03,4.840150e-04,6.747966e-03,3.274217e-03,3.182023e-03,7.186284e-02,8.223515e-01,3.683391e-03,5.781480e-03,2.712974e-03
2.577554e-02,3.070612e-03,1.713161e-03,3.287471e-03,3.133026e-02,8.635506e-03,5.337099e-04,5.700232e-03,3.037409e-03,2.483130e-03,5.373520e-02,8.514811e-01,2.677655e-03,4.357736e-03,2.181157e-03
2.035392e-02,2.669458e-03,1.424654e-03,2.572841e-03,2.508420e-02,8.371074e-03,6.414656e-04,4.630630e-03,2.407698e-03,1.900950e-03,4.104893e-02,8.820900e-01,1.926826e-03,3.228241e-03,1.649069e-03
1.509862e-02,2.374421e-02,2.735261e-03,1.989135e-03,9.293059e-02,8.958085e-03,6.660143e-04,5.387631e-03,2.694444e-03,1.490741e-03,3.146456e-02,8.077202e-01,1.422086e-03,2.482801e-03,1.215580e-03
1.248830e-02,2.370521e-02,5.942020e-03,2.355361e-03,9.386611e-02,1.326613e-02,1.350980e-03,1.354990e-02,2.283460e-03,1.437519e-03,2.929987e-02,7.963378e-01,1.092057e-03,2.117776e-03,9.074296e-04
1.304372e-02,2.781375e-02,2.883174e-02,7.593908e-03,1.063219e-01,4.835053e-02,4.653371e-03,8.045718e-02,2.084955e-03,2.137935e-03,2.814605e-02,6.471323e-01,9.281839e-04,1.819247e-03,6.852170e-04
2.250054e-02,3.288569e-02,4.048015e-02,1.414277e-02,1.051918e-01,5.165812e-02,5.866905e-03,1.252352e-01,2.197491e-03,3.469630e-03,3.492720e-02,5.577896e-01,8.731490e-04,2.159725e-03,6.220163e-04
3.070789e-02,2.976071e-02,4.615907e-02,1.513606e-02,1.109484e-01,4.572887e-02,5.571480e-03,1.369024e-01,2.905342e-03,3.064138e-03,5.527158e-02,5.137361e-01,8.845330e-04,2.600056e-03,6.233790e-04
2.309351e-02,2.218043e-02,3.961537e-02,1.332019e-02,9.181028e-02,3.402213e-02,8.448367e-03,3.348511e-01,2.267455e-03,2.453666e-03,4.197361e-02,3.828403e-01,6.547882e-04,2.022257e-03,4.464692e-04
1.872945e-02,1.646671e-02,5.292705e-02,1.204164e-02,6.976160e-02,2.490873e-02,9.038533e-02,4.057868e-01,1.765865e-03,2.079819e-03,3.087250e-02,2.718927e-01,4.898594e-04,1.569369e-03,3.225083e-04
1.423276e-02,1.182167e-02,6.381373e-02,1.366807e-02,5.316155e-02,1.815959e-02,7.509088e-02,5.323087e-01,1.355745e-03,1.625055e-03,2.210009e-02,1.909292e-01,3.575184e-04,1.138893e-03,2.364434e-04
1.387483e-02,8.968583e-03,6.143802e-02,1.948100e-02,6.467805e-02,1.545136e-02,7.082653e-02,5.883312e-01,1.622646e-03,1.680990e-03,1.713561e-02,1.346920e-01,3.195101e-04,1.078203e-03,4.214941e-04
1.301881e-02,6.672384e-03,5.087785e-02,2.517108e-02,9.874028e-02,1.298086e-02,5.211269e-02,6.276268e-01,1.867646e-03,1.610162e-03,1.293598e-02,9.474781e-02,3.369618e-04,8.503339e-04,4.503285e-04
1.820394e-02,5.104993e-03,4.457610e-02,3.059763e-02,1.392026e-01,1.173750e-02,3.984629e-02,6.240199e-01,2.352195e-03,2.356810e-03,1.254486e-02,6.689751e-02,5.974632e-04,8.084269e-04,1.153780e-03
2.456565e-02,4.763788e-03,5.520467e-02,2.793782e-02,1.970687e-01,1.436443e-02,4.013013e-02,5.633076e-01,6.130251e-03,2.308787e-03,1.214669e-02,4.788974e-02,1.029006e-03,8.171556e-04,2.335522e-03
5.022087e-02,6.109582e-03,6.756938e-02,2.833285e-02,1.957947e-01,1.934662e-02,3.769415e-02,5.244478e-01,9.156261e-03,2.291587e-03,1.538889e-02,3.482660e-02,1.968466e-03,1.821122e-03,5.031048e-03
6.318511e-02,6.643825e-03,8.703494e-02,3.448055e-02,1.946356e-01,1.821859e-02,3.268659e-02,5.036492e-01,9.122137e-03,2.025719e-03,1.403179e-02,2.493824e-02,2.249156e-03,2.313436e-03,4.785053e-03
6.686475e-02,6.148566e-03,9.086367e-02,3.835961e-02,1.685553e-01,1.766210e-02,2.899304e-02,5.319811e-01,8.447548e-03,1.607967e-03,1.209234e-02,1.845148e-02,2.845160e-03,2.149120e-03,4.978286e-03
5.114026e-02,4.542642e-03,1.563647e-01,5.189127e-02,1.333501e-01,1.319449e-02,2.258904e-02,5.303404e-01,6.356143e-03,1.197530e-03,8.621170e-03,1.305673e-02,2.167803e-03,1.585204e-03,3.602374e-03
