1.000000e+00,0.000000e+00,0.000000e+00,0.000000e+00,0.000000e+00,0.000000e+00,0.000000e+00,0.000000e+00,0.000000e+00,0.000000e+00,0.000000e+00,0.000000e+00,0.000000e+00,0.000000e+00,0.000000e+00
1.000000e+00,0.000000e+00,0.000000e+00,0.000000e+00,0.000000e+00,0.000000e+00,0.000000e+00,0.000000e+00,0.000000e+00,0.000000e+00,0.000000e+00,0.000000e+00,0.000000e+00,0.000000e+00,0.000000e+00
1.000000e+00,0.000000e+00,0.000000e+00,0.000000e+00,0.000000e+00,0.000000e+00,0.000000e+00,0.000000e+00,0.000000e+00,0.000000e+00,0.000000e+00,0.000000e+00,0.000000e+00,0.000000e+00,0.000000e+00
1.000000e+00,0.000000e+00,0.000000e+00,0.000000e+00,0.000000e+00,0.000000e+00,0.000000e+00,0.000000e+00,0.000000e+00,0.000000e+00,0.000000e+00,0.000000e+00,0.000000e+00,0.000000e+00,0.000000e+00
1.000000e+00,0.000000e+00,0.000000e+00,0.000000e+00,0.000000e+00,0.000000e+00,0.000000e+00,0.000000e+00,0.000000e+00,0.000000e+00,0.000000e+00,0.000000e+00,0.000000e+00,0.000000e+00,0.000000e+00
1.000000e+00,0.000000e+00,0.000000e+00,0.000000e+00,0.000000e+00,0.000000e+00,0.000000e+00,0.000000e+00,0.000000e+00,0.000000e+00,0.000000e+00,0.000000e+00,0.000000e+00,0.000000e+00,0.000000e+00
1.000000e+00,0.000000e+00,0.000000e+00,0.000000e+00,0.000000e+00,0.000000e+00,0.000000e+00,0.000000e+00,0.000000e+00,0.000000e+00,0.000000e+00,0.000000e+00,0.000000e+00,0.000000e+00,0.000000e+00
1.000000e+00,0.000000e+00,0.000000e+00,0.000000e+00,0.000000e+00,0.000000e+00,0.000000e+00,0.000000e+00,0.000000e+00,0.000000e+00,0.000000e+00,0.000000e+00,0.000000e+00,0.000000e+00,0.000000e+00
1.000000e+00,0.000000e+00,0.000000e+00,0.000000e+00,0.000000e+00,0.000000e+00,0.000000e+00,0.000000e+00,0.000000e+00,0.000000e+00,0.000000e+00,0.000000e+00,0.000000e+00,0.000000e+00,0.000000e+00
1.000000e+00,0.000000e+00,0.000000e+00,0.000000e+00,0.000000e+00,0.000000e+00,0.000000e+00,0.000000e+00,0.000000e+00,0.000000e+00,0.000000e+00,0.000000e+00,0.000000e+00,0.000000e+00,0.000000e+00
1.000000e+00,0.000000e+00,0.000000e+00,0.000000e+00,0.000000e+00,0.000000e+00,0.000000e+00,0.000000e+00,0.000000e+00,0.000000e+00,0.000000e+00,0.000000e+00,0.000000e+00,0.000000e+00,0.000000e+00
1.000000e+00,0.000000e+00,0.000000e+00,0.000000e+00,0.000000e+00,0.000000e+00,0.000000e+00,0.000000e+00,0.000000e+00,0.000000e+00,0.000000e+00,0.000000e+00,0.000000e+00,0.000000e+00,0.000000e+00
1.000000e+00,0.000000e+00,0.000000e+00,0.000000e+00,0.000000e+00,0.000000e+00,0.000000e+00,0.000000e+00,0.000000e+00,0.000000e+00,0.000000e+00,0.000000e+00,0.000000e+00,0.000000e+00,0.000000e+00
1.000000e+00,0.000000e+00,0.000000e+00,0.000000e+00,0.000000e+00,0.000000e+00,0.000000e+00,0.000000e+00,0.000000e+00,0.000000e+00,0.000000e+00,0.000000e+00,0.000000e+00,0.000000e+00,0.000000e+00
1.000000e+00,0.000000e+00,0.000000e+00,0.000000e+00,0.000000e+00,0.000000e+00,0.000000e+00,0.000000e+00,0.000000e+00,0.000000e+00,0.000000e+00,0.000000e+00,0.000000e+00,0.000000e+00,0.000000e+00
4.765362e-01,4.071832e-02,2.581747e-02,1.460817e-01,1.116269e-02,1.770114e-02,3.037343e-03,1.912974e-02,7.393287e-03,3.132459e-03,5.439786e-02,1.371234e-01,1.787392e-02,1.041649e-02,2.947805e-02
3.347608e-01,3.681234e-02,1.932920e-02,1.187574e-01,8.031907e-03,1.422396e-02,2.190913e-03,1.368693e-02,5.436623e-03,2.744779e-03,1.070485e-01,2.918507e-01,1.416110e-02,9.524588e-03,2.144024e-02
2.494605e-01,2.867187e-02,1.959442e-02,1.140006e-01,6.685287e-03,1.982578e-02,2.007868e-03,1.287326e-02,4.785894e-03,2.489584e-03,1.013537e-01,4.028808e-01,1.106429e-02,7.300635e-03,1.700564e-02
1.901465e-01,2.216722e-02,1.757935e-02,1.020908e-01,5.788175e-03,2.447162e-02,1.909748e-03,1.291563e-02,5.536589e-03,2.557113e-03,8.842672e-02,4.977352e-01,8.830281e-03,5.852755e-03,1.399227e-02
1.333403e-01,1.695343e-02,1.293175e-02,7.289821e-02,6.752543e-03,2.250731e-02,1.592294e-03,9.281173e-03,1.152471e-02,2.682375e-03,7.574933e-02,6.105844e-01,7.248637e-03,4.346103e-03,1.160750e-02
9.344731e-02,1.247920e-02,1.042467e-02,5.139344e-02,5.691499e-03,1.786464e-02,1.236141e-03,6.645851e-03,1.226827e-02,6.310035e-03,6.277309e-02,7.004476e-01,6.177719e-03,3.515341e-03,9.325248e-03
6.564923e-02,9.459680e-03,8.378551e-03,3.709856e-02,4.577307e-03,1.577702e-02,1.370414e-03,4.964862e-03,1.496732e-02,1.200727e-02,5.265094e-02,7.559814e-01,5.222924e-03,3.167078e-03,8.727446e-03
4.627433e-02,7.597735e-03,7.301479e-03,2.621127e-02,1.165237e-01,1.140447e-02,1.745877e-03,4.014490e-03,1.362879e-01,8.595246e-03,5.317632e-02,5.677707e-01,4.471491e-03,2.379231e-03,6.245838e-03
3.426693e-02,6.475008e-03,9.327685e-03,1.879591e-02,9.733237e-02,9.161822e-03,2.009046e-03,3.884308e-03,2.373981e-01,1.062506e-02,4.796854e-02,5.111208e-01,4.541619e-03,2.027013e-03,5.065844e-03
3.022531e-02,4.945887e-03,8.152138e-03,1.369705e-02,7.852031e-02,2.024449e-02,2.161126e-03,3.627760e-03,2.060137e-01,1.111740e-02,4.649596e-02,5.635693e-01,4.862788e-03,1.948415e-03,4.418349e-03
6.468321e-02,4.637080e-03,8.252347e-03,1.366850e-02,5.862679e-02,4.838265e-02,4.307599e-03,7.589365e-03,1.601956e-01,1.464130e-02,5.201234e-02,5.450035e-01,8.188779e-03,3.925892e-03,5.884999e-03
1.430894e-01,5.091344e-03,7.865684e-03,1.419327e-02,4.882474e-02,4.413052e-02,5.474973e-03,1.076263e-02,1.367828e-01,1.214384e-02,6.905475e-02,4.736397e-01,1.462456e-02,5.238946e-03,9.082840e-03
1.680451e-01,5.887492e-03,9.882374e-03,1.292153e-02,5.664250e-02,3.812370e-02,1.134340e-02,1.809724e-02,1.696080e-01,1.520852e-02,6.730489e-02,3.842473e-01,2.599570e-02,7.286656e-03,9.405605e-03
2.637748e-01,5.708315e-03,1.046694e-02,1.154860e-02,6.620287e-02,3.701742e-02,1.135472e-02,1.997893e-02,1.533424e-01,1.358230e-02,5.397581e-02,2.887986e-01,4.403804e-02,1.003184e-02,1.017854e-02
3.763359e-01,5.438261e-03,8.895269e-03,1.289458e-02,5.288319e-02,4.212269e-02,1.244745e-02,1.754208e-02,1.322751e-01,1.335248e-02,4.219721e-02,2.144896e-01,4.156414e-02,1.412907e-02,1.343292e-02
4.169451e-01,7.175767e-03,9.753440e-03,2.624515e-02,4.318181e-02,4.929125e-02,2.452207e-02,3.063971e-02,1.155837e-01,1.210712e-02,3.300606e-02,1.611096e-01,4.210380e-02,1.341672e-02,1.491863e-02
4.034512e-01,1.063751e-02,9.511125e-03,4.593051e-02,3.733328e-02,5.113047e-02,2.418211e-02,4.721834e-02,1.125891e-01,1.170714e-02,3.068236e-02,1.269266e-01,5.772208e-02,1.178144e-02,1.919669e-02
3.923952e-01,2.259585e-02,1.040439e-02,4.177623e-02,3.602001e-02,4.251291e-02,1.974928e-02,7.995816e-02,1.146247e-01,1.708439e-02,3.299391e-02,1.016530e-01,5.099726e-02,1.403921e-02,2.319544e-02
4.067722e-01,2.746123e-02,1.011956e-02,4.268722e-02,3.638273e-02,3.669350e-02,1.602744e-02,8.529936e-02,1.091615e-01,2.071923e-02,3.688842e-02,8.281906e-02,4.118832e-02,1.280175e-02,3.497849e-02
3.455334e-01,3.469759e-02,1.466306e-02,1.152630e-01,4.632323e-02,3.358638e-02,1.322835e-02,6.377448e-02,1.341310e-01,1.943701e-02,3.030895e-02,6.556387e-02,3.411561e-02,9.781905e-03,3.959208e-02
3.053400e-01,3.393312e-02,1.770560e-02,1.074028e-01,6.518809e-02,3.297798e-02,1.347904e-02,9.511675e-02,1.303943e-01,2.693658e-02,3.302182e-02,5.759272e-02,3.644693e-02,8.215486e-03,3.624871e-02
2.725802e-01,2.992930e-02,1.811401e-02,9.386979e-02,9.814935e-02,3.920075e-02,1.415633e-02,1.299192e-01,1.157837e-01,2.878488e-02,2.611915e-02,6.474366e-02,3.392767e-02,7.349028e-03,2.737297e-02
2.063237e-01,2.834704e-02,1.815112e-02,6.869731e-02,7.841313e-02,3.033973e-02,1.079203e-02,3.341143e-01,8.715200e-02,2.059115e-02,1.910963e-02,4.637565e-02,2.464829e-02,6.851752e-03,2.009321e-02
2.027529e-01,5.478600e-02,1.695339e-02,5.154607e-02,7.831019e-02,3.789195e-02,9.676888e-03,3.447662e-01,9.227140e-02,1.575883e-02,1.506755e-02,3.603103e-02,1.859484e-02,7.017622e-03,1.857518e-02
1.863226e-01,6.563372e-02,1.384109e-02,4.373228e-02,6.408241e-02,4.600602e-02,8.226071e-03,3.682261e-01,1.138559e-01,1.188405e-02,1.188122e-02,2.942651e-02,1.594242e-02,5.434823e-03,1.550493e-02
2.172252e-01,6.956539e-02,1.122007e-02,3.338296e-02,5.877957e-02,5.598482e-02,6.989849e-03,3.020041e-01,1.688230e-01,8.802803e-03,1.024373e-02,2.401305e-02,1.652040e-02,4.286102e-03,1.215901e-02
2.502688e-01,6.916393e-02,9.656692e-03,2.795808e-02,4.820969e-02,8.050221e-02,5.781814e-03,2.580809e-01,1.767734e-01,7.103922e-03,1.065377e-02,2.187655e-02,1.669076e-02,4.200373e-03,1.307922e-02
3.331960e-01,5.398192e-02,8.226985e-03,2.454998e-02,3.837346e-02,7.687265e-02,4.835306e-03,2.075479e-01,1.791970e-01,5.599919e-03,1.147293e-02,2.245356e-02,1.819004e-02,4.061336e-03,1.144111e-02
4.382788e-01,4.100230e-02,7.567762e-03,2.378849e-02,3.706140e-02,5.810224e-02,4.289981e-03,1.654622e-01,1.540948e-01,4.548729e-03,1.208041e-02,2.340234e-02,1.610350e-02,3.861491e-03,1.035563e-02
4.495878e-01,4.574905e-02,8.561678e-03,7.296575e-02,3.355394e-02,4.727358e-02,3.895457e-03,1.213644e-01,1.139216e-01,5.016065e-03,1.674175e-02,5.180536e-02,1.484001e-02,3.806988e-03,1.091656e-02
4.828994e-01,3.724698e-02,8.715667e-03,8.700509e-02,2.653129e-02,3.806448e-02,3.585920e-03,8.902430e-02,8.538824e-02,1.034070e-02,3.115999e-02,6.418279e-02,1.789052e-02,5.012376e-03,1.295227e-02
4.161171e-01,3.378212e-02,1.013676e-02,9.258517e-02,2.054420e-02,3.187785e-02,3.427432e-03,6.636055e-02,6.438329e-02,1.374511e-02,4.186042e-02,1.610553e-01,2.394575e-02,4.985654e-03,1.519332e-02
3.364861e-01,2.593476e-02,1.030784e-02,7.520799e-02,1.723125e-02,3.009452e-02,3.336850e-03,4.792299e-02,5.122002e-02,1.662878e-02,4.303366e-02,2.934154e-01,2.026048e-02,1.390856e-02,1.501081e-02
2.741077e-01,2.082552e-02,9.716271e-03,6.144824e-02,1.397709e-02,3.174201e-02,3.658450e-03,3.483822e-02,4.054294e-02,1.721449e-02,4.451549e-02,3.969079e-01,1.622008e-02,1.894306e-02,1.534249e-02
2.332899e-01,1.624442e-02,7.802962e-03,4.677523e-02,1.320562e-02,2.412616e-02,3.529761e-03,2.562934e-02,3.076547e-02,1.531852e-02,5.034428e-02,4.913480e-01,1.231601e-02,1.648862e-02,1.281575e-02
2.021633e-01,1.188803e-02,5.681409e-03,3.600461e-02,1.824981e-02,2.137643e-02,4.655539e-03,1.871855e-02,2.391671e-02,1.630527e-02,5.517159e-02,5.494844e-01,9.937849e-03,1.624149e-02,1.020498e-02
2.054171e-01,9.221018e-03,4.182372e-03,2.857567e-02,4.160423e-02,2.250455e-02,5.054495e-03,1.444187e-02,2.504050e-02,1.311371e-02,4.850058e-02,5.523224e-01,8.556969e-03,1.368543e-02,7.779165e-03
1.856833e-01,6.749848e-03,3.012915e-03,2.038080e-02,3.416887e-02,1.841794e-02,4.090633e-03,1.048188e-02,2.004991e-02,1.073616e-02,4.570830e-02,6.144341e-01,7.877811e-03,1.247297e-02,5.734574e-03
1.758648e-01,4.814868e-03,2.159194e-03,1.459003e-02,2.690786e-02,1.759526e-02,3.345659e-03,7.692673e-03,1.485876e-02,8.288547e-03,4.012956e-02,6.621380e-01,6.815028e-03,1.060399e-02,4.195735e-03
1.268820e-01,3.441002e-03,1.533644e-03,1.029961e-02,3.926501e-02,1.361680e-02,2.489730e-03,5.632394e-03,1.194275e-02,6.151682e-03,4.009263e-02,7.189847e-01,7.448374e-03,9.244801e-03,2.974868e-03
9.162650e-02,2.564124e-03,1.221783e-03,7.340387e-03,5.960297e-02,1.081849e-02,2.044511e-03,4.321484e-03,1.083900e-02,5.187537e-03,3.864180e-02,7.437576e-01,1.026040e-02,9.605183e-03,2.168271e-03
6.821811e-02,2.592177e-03,1.541601e-03,5.311564e-03,8.021565e-02,1.837222e-02,1.922527e-03,3.348094e-03,1.084927e-02,5.387146e-03,3.541078e-02,7.429873e-01,1.253786e-02,9.528460e-03,1.777318e-03
5.138564e-02,2.415237e-03,1.460495e-03,3.902060e-03,8.106247e-02,4.063692e-02,1.856278e-03,2.833304e-03,1.032761e-02,6.397140e-03,4.146598e-02,7.348131e-01,1.103233e-02,8.949524e-03,1.461968e-03
5.009302e-02,2.171707e-03,1.604086e-03,3.065495e-03,8.974832e-02,4.164859e-02,2.257975e-03,3.577298e-03,1.151354e-02,9.088495e-03,3.997536e-02,7.252401e-01,1.093508e-02,7.851538e-03,1.229399e-03
5.150035e-02,1.761627e-03,1.347428e-03,2.236774e-03,8.136370e-02,4.442830e-02,2.218376e-03,3.039045e-03,1.285414e-02,7.279470e-03,3.561513e-02,7.382433e-01,1.106784e-02,6.097028e-03,9.475298e-04
4.339669e-02,1.549220e-03,1.419958e-03,1.719347e-03,6.852686e-02,5.612622e-02,1.960451e-03,3.951918e-03,1.497030e-02,5.478831e-03,2.760422e-02,7.594164e-01,8.707397e-03,4.454937e-03,7.172186e-04
3.541186e-02,1.319682e-03,1.514849e-03,1.448905e-03,6.442103e-02,5.907136e-02,1.826076e-03,5.919854e-03,1.601008e-02,4.296168e-03,2.148353e-02,7.760521e-01,7.281784e-03,3.366811e-03,5.759489e-04
2.661092e-02,9.860852e-04,1.165873e-03,1.156122e-03,4.846479e-02,6.431104e-02,1.533439e-03,5.387942e-03,1.188965e-02,3.268570e-03,1.712936e-02,8.036325e-01,1.118716e-02,2.749703e-03,5.268418e-04
1.975032e-02,7.105215e-04,8.439309e-04,8.798923e-04,3.602456e-02,5.807172e-02,1.182896e-03,4.479380e-03,8.590518e-03,2.376711e-03,1.318383e-02,8.346140e-01,1.670353e-02,2.186487e-03,4.017094e-04
2.159627e-02,7.252677e-04,1.123888e-03,9.688935e-04,3.632227e-02,5.312187e-02,1.236357e-03,6.057158e-03,7.679023e-03,2.156054e-03,1.375780e-02,8.217703e-01,2.979261e-02,3.168963e-03,5.233054e-04
4.034232e-02,2.810288e-03,3.622594e-03,3.866522e-03,8.446880e-02,4.541773e-02,4.458468e-03,7.241808e-03,1.070580e-02,1.783940e-03,4.200534e-02,7.215595e-01,2.593916e-02,4.513863e-03,1.263836e-03
5.595467e-02,4.714186e-03,1.472902e-02,1.252683e-02,1.583187e-01,4.556171e-02,6.890778e-03,1.288121e-02,2.355351e-02,1.968447e-03,5.119802e-02,5.796728e-01,2.373643e-02,6.188611e-03,2.105164e-03
6.812830e-02,9.118074e-03,2.721589e-02,1.327029e-01,1.631248e-01,5.048191e-02,6.282249e-03,1.740284e-02,2.899048e-02,1.845884e-03,4.438732e-02,4.234858e-01,1.977447e-02,4.663737e-03,2.395358e-03
1.009533e-01,1.211594e-02,3.059484e-02,1.873442e-01,1.463813e-01,5.068370e-02,5.890469e-03,1.539834e-02,4.245109e-02,2.244805e-03,4.021081e-02,3.136174e-01,3.936491e-02,5.497751e-03,7.251149e-03
1.222272e-01,1.390951e-02,4.592484e-02,2.007538e-01,1.938498e-01,5.028187e-02,1.027646e-02,1.538482e-02,4.662579e-02,2.004280e-03,3.380336e-02,2.216666e-01,3.003153e-02,5.030168e-03,8.230024e-03
1.476331e-01,1.998037e-02,7.128365e-02,1.549626e-01,2.288707e-01,7.764028e-02,1.131305e-02,1.231271e-02,4.038217e-02,1.779795e-03,3.548194e-02,1.613048e-01,2.293266e-02,6.183076e-03,7.939111e-03
1.472506e-01,3.886567e-02,6.448011e-02,2.073840e-01,2.200863e-01,7.516500e-02,1.135148e-02,1.528734e-02,3.624403e-02,1.830956e-03,2.794972e-02,1.162052e-01,1.835220e-02,5.311471e-03,1.423584e-02
2.624249e-01,3.743618e-02,5.340623e-02,1.749311e-01,1.799655e-01,6.071173e-02,9.241225e-03,1.358575e-02,4.286969e-02,2.394058e-03,2.227327e-02,8.723891e-02,1.554041e-02,6.315713e-03,3.166524e-02
3.512447e-01,3.884380e-02,4.481247e-02,1.561796e-01,1.493529e-01,5.284586e-02,7.750858e-03,1.214737e-02,4.368840e-02,2.271858e-03,2.087568e-02,6.832664e-02,1.420924e-02,7.425405e-03,3.002525e-02
3.828208e-01,4.975467e-02,3.455716e-02,1.344856e-01,1.665701e-01,4.685673e-02,8.429138e-03,9.763019e-03,4.554219e-02,1.833358e-03,1.900995e-02,5.338524e-02,1.438089e-02,7.095865e-03,2.551530e-02
3.147933e-01,6.243113e-02,2.619559e-02,1.591567e-01,2.138948e-01,4.288338e-02,1.583143e-02,1.451017e-02,5.671372e-02,1.792538e-03,1.465551e-02,3.838262e-02,1.298417e-02,5.339918e-03,2.043516e-02
2.830147e-01,5.547278e-02,2.024074e-02,1.369390e-01,2.798878e-01,4.160084e-02,3.203114e-02,2.706714e-02,4.870936e-02,1.768508e-03,1.224122e-02,2.739671e-02,1.357497e-02,3.963281e-03,1.609186e-02
2.569270e-01,4.786726e-02,2.841167e-02,1.075709e-01,3.017864e-01,3.579511e-02,4.752342e-02,6.204341e-02,4.360768e-02,1.797771e-03,1.274012e-02,2.098837e-02,1.463961e-02,3.630817e-03,1.467043e-02
2.782366e-01,4.016678e-02,2.364120e-02,8.562805e-02,2.722112e-01,3.765116e-02,6.277757e-02,5.180252e-02,4.463818e-02,2.644413e-03,1.797583e-02,2.814277e-02,3.528740e-02,3.628617e-03,1.556768e-02
2.741068e-01,3.121798e-02,1.895729e-02,6.946197e-02,2.360274e-01,4.043690e-02,6.962314e-02,4.037648e-02,4.174582e-02,5.853596e-03,4.271665e-02,5.555187e-02,5.377992e-02,4.531266e-03,1.561300e-02
3.461017e-01,2.348153e-02,1.478639e-02,5.242692e-02,2.149303e-01,3.458872e-02,6.042388e-02,3.053243e-02,3.630510e-02,6.976609e-03,4.991740e-02,4.802072e-02,5.350541e-02,4.543472e-03,2.345945e-02
3.552988e-01,1.802561e-02,1.121374e-02,4.159651e-02,1.865667e-01,3.200909e-02,6.953852e-02,2.249190e-02,2.984307e-02,9.160629e-03,5.748013e-02,4.608202e-02,8.596097e-02,4.909807e-03,2.982257e-02
3.630204e-01,1.418071e-02,8.226658e-03,3.076316e-02,1.467666e-01,2.680499e-02,5.796914e-02,1.620185e-02,2.524760e-02,1.085116e-02,6.471717e-02,4.717350e-02,1.361866e-01,7.801595e-03,4.408881e-02
4.044270e-01,1.058761e-02,5.843377e-03,2.223456e-02,1.081796e-01,2.307243e-02,4.490615e-02,1.153112e-02,2.160079e-02,1.105905e-02,5.874894e-02,8.824791e-02,1.481515e-01,7.566388e-03,3.384360e-02
3.328876e-01,1.179099e-02,5.214707e-03,2.420908e-02,9.376065e-02,1.888935e-02,3.209407e-02,9.008689e-03,4.145112e-02,1.094798e-02,5.517071e-02,1.518783e-01,1.800189e-01,7.407559e-03,2.527033e-02
2.575337e-01,1.348776e-02,7.264318e-03,2.642125e-02,7.280186e-02,1.648115e-02,2.292183e-02,9.814208e-03,8.027066e-02,1.189012e-02,4.940812e-02,1.662542e-01,2.351481e-01,1.075882e-02,1.954393e-02
1.876677e-01,1.221313e-02,8.130787e-03,2.059983e-02,5.912154e-02,1.267846e-02,1.628647e-02,1.177777e-02,9.759625e-02,2.136872e-02,4.971336e-02,1.881242e-01,2.862076e-01,1.354993e-02,1.496429e-02
1.318790e-01,1.066920e-02,6.481025e-03,1.526047e-02,4.474729e-02,9.533900e-03,1.146592e-02,8.662168e-03,8.962262e-02,5.073042e-02,5.311725e-02,2.608760e-01,2.685116e-01,2.641325e-02,1.202992e-02
9.358519e-02,9.108983e-03,5.512968e-03,1.247550e-02,3.565326e-02,7.336982e-03,8.111961e-03,8.519857e-03,9.769947e-02,5.720858e-02,6.624389e-02,3.155816e-01,2.378673e-01,3.510677e-02,9.987700e-03
7.587209e-02,8.899495e-03,4.896765e-03,1.386916e-02,2.642512e-02,6.896394e-03,5.986956e-03,8.379488e-03,1.317437e-01,9.328985e-02,6.476606e-02,2.846260e-01,1.797735e-01,8.336605e-02,1.120931e-02
6.321539e-02,7.976502e-03,5.556877e-03,1.343581e-02,2.195212e-02,5.874757e-03,4.465448e-03,7.728934e-03,1.580979e-01,9.741111e-02,8.299856e-02,2.742816e-01,1.445127e-01,9.960885e-02,1.288337e-02
4.989420e-02,6.709105e-03,5.938858e-03,1.146801e-02,1.824070e-02,4.884969e-03,3.312987e-03,6.989847e-03,1.792646e-01,9.879910e-02,1.201487e-01,2.302077e-01,1.193276e-01,1.268097e-01,1.800394e-02
4.479000e-02,6.564165e-03,6.284236e-03,1.082166e-02,1.736020e-02,4.310018e-03,2.475500e-03,5.778998e-03,1.923432e-01,1.123483e-01,1.512232e-01,1.822567e-01,9.510925e-02,1.453500e-01,2.298459e-02
5.703624e-02,5.354133e-03,5.374137e-03,8.677667e-03,2.208410e-02,3.749728e-03,1.888825e-03,5.287208e-03,2.386825e-01,9.624386e-02,1.453699e-01,1.415908e-01,8.172385e-02,1.682296e-01,1.870745e-02
9.574933e-02,6.468371e-03,4.563681e-03,6.881927e-03,2.795140e-02,4.452629e-03,1.658440e-03,6.121549e-03,2.559716e-01,8.516441e-02,1.295555e-01,1.050125e-01,6.528264e-02,1.888537e-01,1.631229e-02
8.921568e-02,7.401657e-03,5.490272e-03,5.753624e-03,3.805754e-02,6.327592e-03,1.618319e-03,8.250006e-03,3.281906e-01,6.476425e-02,1.052329e-01,7.636194e-02,4.967535e-02,1.972406e-01,1.641973e-02
8.060130e-02,1.079403e-02,7.992914e-03,5.652765e-03,3.637806e-02,8.288240e-03,1.710663e-03,1.953949e-02,4.066009e-01,5.233115e-02,8.119958e-02,5.451687e-02,3.651567e-02,1.838778e-01,1.400047e-02
6.860231e-02,1.032731e-02,9.619970e-03,6.694489e-03,3.261476e-02,1.135516e-02,1.913653e-03,2.199708e-02,4.640012e-01,4.805018e-02,6.048940e-02,3.839023e-02,2.612211e-02,1.882150e-01,1.160711e-02
6.381204e-02,1.196014e-02,1.061655e-02,6.648995e-03,4.290102e-02,1.910526e-02,2.666968e-03,2.213273e-02,4.655169e-01,4.385506e-02,4.548127e-02,2.703355e-02,1.864536e-02,2.091282e-01,1.049596e-02
7.669963e-02,2.000363e-02,8.999334e-03,7.509334e-03,4.017665e-02,1.969044e-02,2.192205e-03,1.707930e-02,4.975005e-01,3.950204e-02,3.881709e-02,1.923837e-02,1.371932e-02,1.787732e-01,2.009900e-02
6.526250e-02,2.660899e-02,8.393476e-03,7.635238e-03,3.050995e-02,8.588327e-02,1.795614e-03,1.386039e-02,4.913880e-01,3.571458e-02,3.004400e-02,1.438369e-02,1.230306e-02,1.293555e-01,4.686178e-02
5.081450e-02,3.801815e-02,9.629767e-03,7.294156e-03,2.240749e-02,9.104819e-02,1.450914e-03,1.046743e-02,5.301156e-01,3.219840e-02,2.301643e-02,1.111460e-02,1.274776e-02,9.169888e-02,6.797776e-02
4.619454e-02,5.405062e-02,1.283237e-02,8.355461e-03,2.004820e-02,8.710091e-02,1.515380e-03,9.451213e-03,5.564082e-01,2.559531e-02,2.109828e-02,8.779249e-03,2.637725e-02,6.624106e-02,5.595204e-02
5.280943e-02,6.893715e-02,1.288749e-02,8.657934e-03,1.660195e-02,1.197255e-01,1.972768e-03,9.992159e-03,5.156519e-01,1.989908e-02,1.883335e-02,7.775046e-03,4.182606e-02,5.563398e-02,4.879615e-02
6.886819e-02,1.032825e-01,1.168218e-02,1.117813e-02,1.439720e-02,1.063270e-01,2.498798e-03,1.130860e-02,4.487842e-01,1.792589e-02,3.440839e-02,1.581261e-02,6.748916e-02,4.521968e-02,4.081754e-02
7.322587e-02,1.061066e-01,1.166582e-02,1.224307e-02,2.111009e-02,8.134985e-02,2.647274e-03,2.781313e-02,3.582316e-01,1.428933e-02,3.882124e-02,1.683890e-02,1.694863e-01,3.380819e-02,3.236278e-02
8.432965e-02,1.202950e-01,1.953473e-02,1.397899e-02,2.514116e-02,7.168692e-02,3.042737e-03,3.518817e-02,3.149935e-01,1.071983e-02,3.954102e-02,1.731506e-02,1.912995e-01,2.601527e-02,2.691844e-02
1.411466e-01,9.812576e-02,1.791983e-02,1.330758e-02,2.493270e-02,1.097015e-01,3.535448e-03,2.908751e-02,2.491207e-01,8.642948e-03,5.078522e-02,4.014581e-02,1.692581e-01,1.979534e-02,2.449488e-02
1.815786e-01,7.765022e-02,1.661354e-02,1.184422e-02,2.511352e-02,1.030523e-01,3.621730e-03,2.333150e-02,1.918780e-01,6.914966e-03,7.194394e-02,8.125529e-02,1.702775e-01,1.521712e-02,1.970755e-02
1.720165e-01,7.005095e-02,2.270886e-02,1.245640e-02,4.302679e-02,9.275311e-02,3.762083e-03,1.879352e-02,1.617758e-01,7.157189e-03,5.593762e-02,6.759249e-02,2.283035e-01,1.229892e-02,3.136621e-02
1.252833e-01,6.724481e-02,1.971792e-02,1.008483e-02,3.331468e-02,1.476583e-01,3.656269e-03,1.397427e-02,1.265793e-01,9.743033e-03,3.986862e-02,4.913021e-02,2.907374e-01,9.171301e-03,5.383585e-02
9.389642e-02,6.818518e-02,1.563396e-02,8.237833e-03,2.692950e-02,1.247516e-01,3.712927e-03,1.109496e-02,1.202835e-01,1.221188e-02,2.863636e-02,3.567409e-02,3.669435e-01,6.959752e-03,7.684854e-02
7.002571e-02,5.671308e-02,1.260173e-02,7.939945e-03,2.076020e-02,9.496609e-02,3.263175e-03,9.523729e-03,1.048115e-01,1.297894e-02,2.065378e-02,2.611778e-02,4.340578e-01,5.570208e-03,1.200163e-01
5.465747e-02,4.139289e-02,1.922997e-02,6.579720e-03,2.219268e-02,7.144491e-02,4.935060e-03,2.094813e-02,8.612998e-02,1.099272e-02,1.540824e-02,1.937173e-02,4.746073e-01,4.276759e-03,1.478324e-01
4.248232e-02,3.229105e-02,2.062140e-02,1.001391e-02,1.945021e-02,5.271128e-02,6.608460e-03,7.317998e-02,7.034182e-02,9.911669e-03,1.156449e-02,1.468065e-02,4.563716e-01,3.149657e-03,1.766215e-01
3.049008e-02,2.273146e-02,1.604033e-02,7.349821e-03,1.422109e-02,3.743355e-02,6.176203e-03,3.178742e-01,4.984280e-02,7.058464e-03,8.325014e-03,1.065971e-02,3.270674e-01,2.256351e-03,1.424735e-01
2.184010e-02,1.596596e-02,1.214874e-02,5.353048e-03,1.083459e-02,2.653443e-02,5.069206e-03,5.082489e-01,3.573803e-02,4.983040e-03,6.001254e-03,7.600673e-03,2.314881e-01,1.591699e-03,1.066022e-01
1.606983e-02,1.125100e-02,9.958007e-03,3.903981e-03,1.113877e-02,1.893211e-02,4.290637e-03,6.464921e-01,2.522432e-02,3.510143e-03,4.264919e-03,5.352812e-03,1.627837e-01,1.149463e-03,7.567830e-02
1.239537e-02,7.941318e-03,7.877571e-03,2.914566e-03,1.406697e-02,1.391480e-02,3.302086e-03,7.418145e-01,1.778979e-02,2.466383e-03,3.057152e-03,3.770609e-03,1.144093e-01,8.941675e-04,5.338543e-02
1.021963e-02,5.589073e-03,5.935179e-03,2.261946e-03,1.266460e-02,1.046978e-02,2.357735e-03,8.131332e-01,1.248788e-02,1.732173e-03,2.199928e-03,2.657337e-03,8.018958e-02,6.733575e-04,3.742865e-02
1.476350e-02,3.971946e-03,4.407059e-03,2.509238e-03,1.088658e-02,8.566763e-03,1.685455e-03,8.555526e-01,8.903225e-03,1.252686e-03,2.101838e-03,2.022309e-03,5.650726e-02,5.474497e-04,2.632223e-02
2.184809e-02,3.242240e-03,3.345750e-03,2.675609e-03,1.025243e-02,6.523845e-03,1.215967e-03,8.777597e-01,7.072345e-03,9.753284e-04,3.735771e-03,1.929387e-03,4.036921e-02,4.539296e-04,1.860046e-02
2.464961e-02,2.425251e-03,2.576975e-03,2.371913e-03,9.635102e-03,4.798424e-03,9.367946e-04,8.998557e-01,5.088542e-03,7.637896e-04,3.549684e-03,1.504070e-03,2.843569e-02,3.554327e-04,1.305298e-02
2.491954e-02,1.817046e-03,1.939023e-03,1.997046e-03,7.899211e-03,3.477779e-03,6.936042e-04,9.192997e-01,3.668542e-03,5.621237e-04,3.132600e-03,1.163657e-03,2.000778e-02,2.689422e-04,9.153442e-03
2.642181e-02,1.362208e-03,1.637554e-03,2.020477e-03,6.095709e-03,2.494482e-03,5.460760e-04,9.323443e-01,2.647139e-03,4.050422e-04,2.427736e-03,8.899290e-04,1.408465e-02,1.950418e-04,6.427903e-03
3.266644e-02,1.053231e-03,1.569876e-03,2.236614e-03,4.904920e-03,1.928949e-03,6.124623e-04,9.348376e-01,2.170859e-03,3.291530e-04,2.092121e-03,7.764942e-04,1.006016e-02,1.557859e-04,4.605407e-03
3.219430e-02,8.023600e-04,1.347270e-03,2.067804e-03,3.686327e-03,1.476352e-03,5.995238e-04,9.430046e-01,1.691207e-03,2.647555e-04,1.659695e-03,6.429685e-04,7.140371e-03,1.249564e-04,3.297525e-03
3.105673e-02,6.340308e-04,1.342049e-03,1.907028e-03,2.795133e-03,1.188399e-03,6.618380e-04,9.493065e-01,1.281681e-03,2.035444e-04,1.310158e-03,6.521141e-04,5.123750e-03,1.282293e-04,2.408830e-03
3.184994e-02,5.221704e-04,1.321014e-03,1.838456e-03,2.282274e-03,9.316914e-04,6.633268e-04,9.522406e-01,1.019329e-03,1.810852e-04,1.044650e-03,5.539510e-04,3.653796e-03,1.195625e-04,1.778166e-03
3.887918e-02,4.795619e-04,1.282705e-03,1.760595e-03,2.092525e-03,8.332649e-04,8.494410e-04,9.473563e-01,8.628683e-04,1.556764e-04,8.866261e-04,4.772222e-04,2.652047e-03,1.095045e-04,1.322488e-03
4.400936e-02,3.708771e-04,9.930736e-04,1.369216e-03,1.709635e-03,9.454337e-04,8.395475e-04,9.442034e-01,6.861418e-04,1.254367e-04,8.051886e-04,5.176590e-04,2.112738e-03,1.314017e-04,1.180925e-03
5.814213e-02,3.369982e-04,7.764020e-04,1.059811e-03,1.598566e-03,1.140917e-03,7.583302e-04,9.295554e-01,5.365395e-04,1.008818e-04,7.279005e-04,1.117253e-03,2.975849e-03,1.630477e-04,1.009954e-03
7.831992e-02,7.040758e-04,9.594930e-04,2.720929e-03,4.297602e-03,2.312154e-03,7.717913e-04,8.939538e-01,6.720229e-04,1.359719e-04,2.047074e-03,6.639988e-03,4.240830e-03,5.230848e-04,1.701198e-03
1.045416e-01,8.341269e-04,9.945745e-04,2.797091e-03,7.298894e-03,3.498294e-03,1.123296e-03,8.618740e-01,6.614634e-04,1.663205e-04,2.092989e-03,6.761888e-03,4.477907e-03,6.183144e-04,2.259148e-03
1.519276e-01,9.570692e-04,1.224200e-03,2.953820e-03,9.268266e-03,5.684542e-03,2.637849e-03,8.039882e-01,6.592614e-04,2.343018e-04,2.328943e-03,9.541972e-03,5.865862e-03,6.397858e-04,2.088308e-03
2.840895e-01,1.513353e-03,1.720335e-03,3.305330e-03,1.095073e-02,1.541677e-02,4.056768e-03,6.365895e-01,7.925538e-04,3.354825e-04,4.315294e-03,1.920507e-02,1.391974e-02,1.282466e-03,2.507136e-03
3.860944e-01,2.453636e-03,2.131108e-03,4.184906e-03,1.402592e-02,1.793546e-02,5.596281e-03,4.796444e-01,1.493159e-03,6.812089e-04,9.356378e-03,4.217934e-02,2.861384e-02,2.094012e-03,3.515875e-03
3.998224e-01,2.857052e-03,2.220112e-03,3.685384e-03,1.249777e-02,1.880898e-02,6.388482e-03,3.419463e-01,2.870783e-03,1.009674e-03,1.407403e-02,1.109940e-01,7.394807e-02,5.530910e-03,3.345943e-03
3.964934e-01,3.054613e-03,1.899011e-03,3.353273e-03,1.143709e-02,1.463099e-02,5.239156e-03,2.439367e-01,1.206156e-02,9.853310e-04,1.633609e-02,1.332393e-01,1.486835e-01,5.968775e-03,2.681168e-03
4.196023e-01,2.624745e-03,1.945650e-03,3.486560e-03,9.840420e-03,1.167920e-02,4.601605e-03,1.750986e-01,1.481996e-02,1.801743e-03,1.808502e-02,1.734880e-01,1.505052e-01,1.009656e-02,2.324420e-03
4.684883e-01,2.471422e-03,1.796506e-03,5.667242e-03,9.793757e-03,1.345793e-02,4.634183e-03,1.246254e-01,2.331866e-02,6.370582e-03,2.064823e-02,1.707136e-01,1.228043e-01,2.172807e-02,3.481719e-03
4.096765e-01,2.492513e-03,1.694357e-03,6.570913e-03,1.077041e-02,1.208927e-02,4.172803e-03,8.955119e-02,3.428041e-02,2.473592e-02,2.582411e-02,2.003886e-01,1.137353e-01,5.923218e-02,4.785581e-03
3.896048e-01,2.795178e-03,2.668539e-03,7.317885e-03,2.645445e-02,1.051969e-02,3.489686e-03,6.554147e-02,5.032178e-02,3.342840e-02,4.340943e-02,1.710691e-01,9.680832e-02,9.004234e-02,6.528888e-03
3.158156e-01,5.517793e-03,2.272392e-02,6.952748e-03,7.241011e-02,1.428281e-02,3.160810e-03,5.457921e-02,7.933291e-02,3.366775e-02,6.492522e-02,1.299774e-01,7.791435e-02,1.124799e-01,6.259405e-03
2.547380e-01,6.663024e-03,3.570290e-02,5.376431e-03,6.136496e-02,1.303646e-02,2.504329e-03,4.026146e-02,1.393048e-01,4.032730e-02,5.083535e-02,9.487617e-02,5.646153e-02,1.893985e-01,9.148788e-03
1.976661e-01,1.129857e-02,4.211449e-02,4.255546e-03,6.417248e-02,2.096775e-02,2.148226e-03,3.036474e-02,1.512697e-01,3.745044e-02,3.750427e-02,6.681450e-02,4.060945e-02,2.794567e-01,1.390705e-02
1.488800e-01,3.634819e-02,4.218242e-02,3.823153e-03,6.811687e-02,2.924753e-02,1.897965e-03,2.843016e-02,1.461832e-01,2.934308e-02,2.814943e-02,4.698052e-02,2.931630e-02,3.445956e-01,1.650567e-02
1.152472e-01,5.737969e-02,5.299094e-02,1.050357e-02,6.989875e-02,2.858233e-02,1.919957e-03,4.876873e-02,1.876270e-01,2.346506e-02,2.753890e-02,3.370172e-02,2.206662e-02,2.907595e-01,2.955000e-02
8.645203e-02,5.993833e-02,4.713879e-02,7.841164e-03,7.644298e-02,2.881014e-02,1.488031e-03,5.451886e-02,2.075884e-01,1.836336e-02,2.432155e-02,2.439825e-02,1.856575e-02,3.188455e-01,2.528689e-02
7.098137e-02,8.734496e-02,3.927506e-02,1.969902e-02,7.804006e-02,3.096605e-02,1.159878e-03,5.855915e-02,2.710904e-01,1.371153e-02,2.739782e-02,1.821581e-02,1.434220e-02,2.444859e-01,2.473073e-02
6.627381e-02,9.249610e-02,3.248971e-02,1.861351e-02,6.656440e-02,4.152147e-02,1.001715e-03,5.461070e-02,2.858873e-01,1.362674e-02,3.151850e-02,1.424358e-02,1.213398e-02,2.147909e-01,5.422759e-02
9.702913e-02,8.544657e-02,3.358236e-02,3.449761e-02,5.861380e-02,3.851809e-02,1.061425e-03,6.438004e-02,2.678776e-01,1.282801e-02,2.639855e-02,1.195962e-02,9.442775e-03,1.925048e-01,6.585959e-02
1.628486e-01,7.004233e-02,5.871198e-02,5.645714e-02,5.405920e-02,3.044653e-02,1.182690e-03,5.943412e-02,2.508240e-01,1.026534e-02,2.218463e-02,1.352279e-02,7.955702e-03,1.422432e-01,5.982179e-02
2.109402e-01,5.396492e-02,4.635900e-02,4.597187e-02,5.275215e-02,2.416872e-02,1.254835e-03,6.291544e-02,3.032231e-01,7.897416e-03,2.036110e-02,1.236503e-02,6.989526e-03,1.049805e-01,4.585624e-02
3.197912e-01,4.453713e-02,4.315665e-02,4.981141e-02,4.366769e-02,2.097453e-02,2.481917e-03,5.017471e-02,2.682879e-01,6.170224e-03,1.725801e-02,1.309592e-02,7.819314e-03,7.537283e-02,3.740060e-02
4.037266e-01,3.515971e-02,3.495077e-02,3.997339e-02,3.240732e-02,2.098196e-02,3.831243e-03,4.033503e-02,2.604628e-01,5.041342e-03,1.467295e-02,1.159261e-02,1.165800e-02,5.388489e-02,3.132137e-02
4.795593e-01,2.969725e-02,2.773685e-02,3.217981e-02,2.797223e-02,2.549049e-02,4.432507e-03,4.040653e-02,2.270748e-01,3.989999e-03,1.347522e-02,1.034488e-02,1.210271e-02,3.901891e-02,2.651851e-02
4.702349e-01,2.787779e-02,3.261767e-02,5.080303e-02,3.740406e-02,3.049707e-02,6.245884e-03,3.940657e-02,2.168795e-01,3.280228e-03,1.334427e-02,9.186445e-03,1.373113e-02,2.818164e-02,2.030984e-02
4.627341e-01,2.848825e-02,2.736251e-02,5.535131e-02,5.363173e-02,4.468929e-02,8.112052e-03,4.051127e-02,1.901388e-01,2.867915e-03,1.300450e-02,1.004007e-02,2.178479e-02,2.118248e-02,2.010108e-02
4.315574e-01,3.711490e-02,2.305131e-02,4.853475e-02,8.775038e-02,4.909970e-02,6.882100e-03,3.469815e-02,1.692172e-01,3.739553e-03,1.212430e-02,1.054317e-02,4.965691e-02,1.610500e-02,1.992518e-02
3.490412e-01,3.542406e-02,1.725326e-02,4.212980e-02,7.167368e-02,5.171645e-02,5.943905e-03,2.794735e-02,2.491736e-01,4.333005e-03,1.135534e-02,1.055305e-02,9.337074e-02,1.166001e-02,1.842459e-02
2.930764e-01,3.822362e-02,1.293882e-02,3.275250e-02,5.580255e-02,6.121769e-02,4.950506e-03,2.269176e-02,2.003369e-01,4.206351e-03,1.064151e-02,1.422067e-02,2.212432e-01,8.669317e-03,1.902826e-02
2.520652e-01,3.303168e-02,1.183515e-02,2.680936e-02,4.544999e-02,1.380393e-01,5.500272e-03,1.985586e-02,1.493209e-01,4.284371e-03,1.010499e-02,1.372120e-02,2.607663e-01,7.435459e-03,2.178004e-02
3.096566e-01,3.589503e-02,9.783567e-03,3.219347e-02,3.896303e-02,1.195535e-01,6.461221e-03,1.760392e-02,1.175041e-01,4.486098e-03,9.125559e-03,1.601177e-02,2.495543e-01,6.322317e-03,2.688554e-02
2.989036e-01,4.998711e-02,1.419276e-02,5.654824e-02,3.396743e-02,1.455757e-01,7.295569e-03,1.364039e-02,9.453831e-02,7.471105e-03,1.224682e-02,2.539443e-02,2.000624e-01,5.017786e-03,3.515826e-02
2.697690e-01,6.851035e-02,1.404672e-02,5.073083e-02,2.623951e-02,1.185709e-01,7.335997e-03,1.109582e-02,9.909520e-02,1.246582e-02,1.518984e-02,3.187642e-02,2.354348e-01,5.220886e-03,3.441788e-02
2.049764e-01,1.270411e-01,1.557827e-02,6.970203e-02,1.891924e-02,9.472321e-02,5.414201e-03,8.142540e-03,1.316943e-01,1.911213e-02,2.092442e-02,3.311758e-02,1.784619e-01,5.221553e-03,6.697097e-02
2.373713e-01,1.329143e-01,1.218773e-02,5.886383e-02,1.469616e-02,6.953894e-02,4.143106e-03,6.707772e-03,1.408045e-01,1.397067e-02,2.464577e-02,3.256349e-02,1.916034e-01,5.040522e-03,5.494840e-02
2.252525e-01,1.005680e-01,1.349741e-02,4.590908e-02,1.545509e-02,5.136283e-02,4.617086e-03,8.013248e-03,1.621969e-01,1.018025e-02,5.136375e-02,2.921493e-02,2.365703e-01,4.356100e-03,4.144252e-02
1.927186e-01,7.861111e-02,1.723318e-02,3.477742e-02,2.241715e-02,6.991872e-02,6.200614e-03,1.119122e-02,1.307504e-01,7.306288e-03,4.053661e-02,2.413259e-02,3.281180e-01,3.291301e-03,3.279685e-02
1.727720e-01,7.277748e-02,2.678704e-02,3.642156e-02,2.620243e-02,9.128928e-02,5.702974e-03,1.457434e-02,9.806158e-02,6.788448e-03,3.114263e-02,1.807696e-02,3.474408e-01,3.712875e-03,4.824959e-02
1.514543e-01,6.806373e-02,2.621239e-02,3.948282e-02,2.329759e-02,1.514385e-01,4.633429e-03,1.386968e-02,7.693849e-02,6.777990e-03,2.822239e-02,2.172990e-02,3.176888e-01,4.250859e-03,6.593910e-02
1.494130e-01,7.770550e-02,2.217746e-02,3.604594e-02,1.964536e-02,1.200514e-01,3.979507e-03,1.469257e-02,7.334438e-02,6.249079e-03,2.889419e-02,5.201335e-02,3.370022e-01,5.971337e-03,5.281475e-02
1.510475e-01,7.594018e-02,1.970748e-02,3.467695e-02,2.228034e-02,9.706429e-02,4.431676e-03,1.489666e-02,6.737686e-02,7.161161e-03,2.928965e-02,4.598174e-02,3.775027e-01,6.862133e-03,4.578073e-02
1.818965e-01,6.599954e-02,1.737799e-02,2.789905e-02,2.456653e-02,7.942936e-02,3.561920e-03,1.277377e-02,6.021906e-02,6.352004e-03,2.257990e-02,3.486810e-02,4.153414e-01,7.076895e-03,4.005807e-02
1.861582e-01,5.963372e-02,1.348953e-02,2.092062e-02,1.975249e-02,6.783725e-02,2.746192e-03,1.123931e-02,5.413997e-02,6.012838e-03,1.821498e-02,2.742294e-02,4.753914e-01,6.373934e-03,3.066666e-02
1.482734e-01,4.800033e-02,1.026820e-02,1.523011e-02,1.668428e-02,6.307347e-02,2.095173e-03,9.059832e-03,4.752831e-02,4.956113e-03,1.531803e-02,2.533356e-02,5.662930e-01,5.145758e-03,2.274043e-02
1.245559e-01,4.415968e-02,8.035551e-03,1.148351e-02,1.472552e-02,5.197452e-02,1.827796e-03,8.603585e-03,4.692078e-02,4.334548e-03,2.490655e-02,3.907214e-02,5.966364e-01,5.166423e-03,1.759706e-02
1.077454e-01,4.213038e-02,6.066846e-03,8.610889e-03,1.474172e-02,5.202815e-02,1.589258e-03,7.201365e-03,6.070334e-02,3.362191e-03,2.359537e-02,4.505461e-02,6.075029e-01,5.447120e-03,1.422047e-02
9.200493e-02,4.589087e-02,4.961252e-03,6.743996e-03,1.713333e-02,6.402363e-02,1.565892e-03,8.896953e-03,7.551119e-02,3.028187e-03,1.953420e-02,4.989228e-02,5.862770e-01,7.796051e-03,1.674021e-02
8.665585e-02,4.617152e-02,5.333925e-03,6.467259e-03,1.602032e-02,9.454358e-02,1.690464e-03,1.406896e-02,7.931748e-02,2.661305e-03,1.545247e-02,4.693544e-02,5.628651e-01,8.131901e-03,1.368446e-02
9.795935e-02,4.836513e-02,4.459664e-03,5.450055e-03,1.560140e-02,9.242803e-02,1.722558e-03,1.497072e-02,8.484548e-02,2.264094e-03,1.396950e-02,4.709677e-02,5.530759e-01,6.890337e-03,1.090102e-02
1.043722e-01,5.253408e-02,5.583591e-03,4.724053e-03,1.852716e-02,9.231878e-02,1.834824e-03,1.500712e-02,8.754272e-02,1.687659e-03,1.135797e-02,4.549946e-02,5.459275e-01,5.129921e-03,7.952878e-03
1.351920e-01,5.314765e-02,4.034515e-03,3.576915e-03,1.490051e-02,9.547110e-02,1.462542e-03,1.152490e-02,7.954498e-02,1.228878e-03,8.558759e-03,3.474534e-02,5.465832e-01,3.801262e-03,6.227529e-03
1.727948e-01,4.222760e-02,3.170100e-03,3.113061e-03,1.197124e-02,1.236547e-01,1.847470e-03,1.253561e-02,7.697067e-02,9.084672e-04,6.564688e-03,2.894758e-02,5.076444e-01,2.869670e-03,4.779874e-03
2.394507e-01,3.272823e-02,2.776355e-03,2.614718e-03,1.025108e-02,1.130693e-01,2.135082e-03,1.149413e-02,7.106043e-02,6.699582e-04,5.053694e-03,2.734900e-02,4.753802e-01,2.156790e-03,3.810228e-03
2.814176e-01,2.597822e-02,2.425136e-03,2.412846e-03,9.903699e-03,1.205005e-01,2.672075e-03,1.054777e-02,6.961543e-02,5.449466e-04,3.881382e-03,2.443220e-02,4.409234e-01,1.622841e-03,3.121954e-03
3.603904e-01,2.089171e-02,4.894939e-03,3.299996e-03,9.269602e-03,1.113737e-01,6.829171e-03,3.655943e-02,6.827218e-02,4.416735e-04,3.551897e-03,1.915785e-02,3.504716e-01,1.458887e-03,3.136848e-03
4.533809e-01,1.579466e-02,4.715677e-03,3.923560e-03,7.259276e-03,1.023298e-01,6.157294e-03,2.850091e-02,5.275153e-02,3.877374e-04,2.911662e-03,1.566309e-02,3.011242e-01,1.228348e-03,3.871330e-03
1.000000e+00,0.000000e+00,0.000000e+00,0.000000e+00,0.000000e+00,0.000000e+00,0.000000e+00,0.000000e+00,0.000000e+00,0.000000e+00,0.000000e+00,0.000000e+00,0.000000e+00,0.000000e+00,0.000000e+00
1.000000e+00,0.000000e+00,0.000000e+00,0.000000e+00,0.000000e+00,0.000000e+00,0.000000e+00,0.000000e+00,0.000000e+00,0.000000e+00,0.000000e+00,0.000000e+00,0.000000e+00,0.000000e+00,0.000000e+00
1.000000e+00,0.000000e+00,0.000000e+00,0.000000e+00,0.000000e+00,0.000000e+00,0.000000e+00,0.000000e+00,0.000000e+00,0.000000e+00,0.000000e+00,0.000000e+00,0.000000e+00,0.000000e+00,0.000000e+00
1.000000e+00,0.000000e+00,0.000000e+00,0.000000e+00,0.000000e+00,0.000000e+00,0.000000e+00,0.000000e+00,0.000000e+00,0.000000e+00,0.000000e+00,0.000000e+00,0.000000e+00,0.000000e+00,0.000000e+00
1.000000e+00,0.000000e+00,0.000000e+00,0.000000e+00,0.000000e+00,0.000000e+00,0.000000e+00,0.000000e+00,0.000000e+00,0.000000e+00,0.000000e+00,0.000000e+00,0.000000e+00,0.000000e+00,0.000000e+00
1.000000e+00,0.000000e+00,0.000000e+00,0.000000e+00,0.000000e+00,0.000000e+00,0.000000e+00,0.000000e+00,0.000000e+00,0.000000e+00,0.000000e+00,0.000000e+00,0.000000e+00,0.000000e+00,0.000000e+00
1.000000e+00,0.000000e+00,0.000000e+00,0.000000e+00,0.000000e+00,0.000000e+00,0.000000e+00,0.000000e+00,0.000000e+00,0.000000e+00,0.000000e+00,0.000000e+00,0.000000e+00,0.000000e+00,0.000000e+00
1.000000e+00,0.000000e+00,0.000000e+00,0.000000e+00,0.000000e+00,0.000000e+00,0.000000e+00,0.000000e+00,0.000000e+00,0.000000e+00,0.000000e+00,0.000000e+00,0.000000e+00,0.000000e+00,0.000000e+00
1.000000e+00,0.000000e+00,0.000000e+00,0.000000e+00,0.000000e+00,0.000000e+00,0.000000e+00,0.000000e+00,0.000000e+00,0.000000e+00,0.000000e+00,0.000000e+00,0.000000e+00,0.000000e+00,0.000000e+00
1.000000e+00,0.000000e+00,0.000000e+00,0.000000e+00,0.000000e+00,0.000000e+00,0.000000e+00,0.000000e+00,0.000000e+00,0.000000e+00,0.000000e+00,0.000000e+00,0.000000e+00,0.000000e+00,0.000000e+00
1.000000e+00,0.000000e+00,0.000000e+00,0.000000e+00,0.000000e+00,0.000000e+00,0.000000e+00,0.000000e+00,0.000000e+00,0.000000e+00,0.000000e+00,0.000000e+00,0.000000e+00,0.000000e+00,0.000000e+00
1.000000e+00,0.000000e+00,0.000000e+00,0.000000e+00,0.000000e+00,0.000000e+00,0.000000e+00,0.000000e+00,0.000000e+00,0.000000e+00,0.000000e+00,0.000000e+00,0.000000e+00,0.000000e+00,0.000000e+00
1.000000e+00,0.000000e+00,0.000000e+00,0.000000e+00,0.000000e+00,0.000000e+00,0.000000e+00,0.000000e+00,0.000000e+00,0.000000e+00,0.000000e+00,0.000000e+00,0.000000e+00,0.000000e+00,0.000000e+00
1.000000e+00,0.000000e+00,0.000000e+00,0.000000e+00,0.000000e+00,0.000000e+00,0.000000e+00,0.000000e+00,0.000000e+00,0.000000e+00,0.000000e+00,0.000000e+00,0.000000e+00,0.000000e+00,0.000000e+00
1.000000e+00,0.000000e+00,0.000000e+00,0.000000e+00,0.000000e+00,0.000000e+00,0.000000e+00,0.000000e+00,0.000000e+00,0.000000e+00,0.000000e+00,0.000000e+00,0.000000e+00,0.000000e+00,0.000000e+00
