1.000000e+00,0.000000e+00,0.000000e+00,0.000000e+00,0.000000e+00,0.000000e+00,0.000000e+00,0.000000e+00,0.000000e+00,0.000000e+00,0.000000e+00,0.000000e+00,0.000000e+00,0.000000e+00,0.000000e+00
1.000000e+00,0.000000e+00,0.000000e+00,0.000000e+00,0.000000e+00,0.000000e+00,0.000000e+00,0.000000e+00,0.000000e+00,0.000000e+00,0.000000e+00,0.000000e+00,0.000000e+00,0.000000e+00,0.000000e+00
1.000000e+00,0.000000e+00,0.000000e+00,0.000000e+00,0.000000e+00,0.000000e+00,0.000000e+00,0.000000e+00,0.000000e+00,0.000000e+00,0.000000e+00,0.000000e+00,0.000000e+00,0.000000e+00,0.000000e+00
1.000000e+00,0.000000e+00,0.000000e+00,0.000000e+00,0.000000e+00,0.000000e+00,0.000000e+00,0.000000e+00,0.000000e+00,0.000000e+00,0.000000e+00,0.000000e+00,0.000000e+00,0.000000e+00,0.000000e+00
1.000000e+00,0.000000e+00,0.000000e+00,0.000000e+00,0.000000e+00,0.000000e+00,0.000000e+00,0.000000e+00,0.000000e+00,0.000000e+00,0.000000e+00,0.000000e+00,0.000000e+00,0.000000e+00,0.000000e+00
1.000000e+00,0.000000e+00,0.000000e+00,0.000000e+00,0.000000e+00,0.000000e+00,0.000000e+00,0.000000e+00,0.000000e+00,0.000000e+00,0.000000e+00,0.000000e+00,0.000000e+00,0.000000e+00,0.000000e+00
1.000000e+00,0.000000e+00,0.000000e+00,0.000000e+00,0.000000e+00,0.000000e+00,0.000000e+00,0.000000e+00,0.000000e+00,0.000000e+00,0.000000e+00,0.000000e+00,0.000000e+00,0.000000e+00,0.000000e+00
1.000000e+00,0.000000e+00,0.000000e+00,0.000000e+00,0.000000e+00,0.000000e+00,0.000000e+00,0.000000e+00,0.000000e+00,0.000000e+00,0.000000e+00,0.000000e+00,0.000000e+00,0.000000e+00,0.000000e+00
1.000000e+00,0.000000e+00,0.000000e+00,0.000000e+00,0.000000e+00,0.000000e+00,0.000000e+00,0.000000e+00,0.000000e+00,0.000000e+00,0.000000e+00,0.000000e+00,0.000000e+00,0.000000e+00,0.000000e+00
1.000000e+00,0.000000e+00,0.000000e+00,0.000000e+00,0.000000e+00,0.000000e+00,0.000000e+00,0.000000e+00,0.000000e+00,0.000000e+00,0.000000e+00,0.000000e+00,0.000000e+00,0.000000e+00,0.000000e+00
1.000000e+00,0.000000e+00,0.000000e+00,0.000000e+00,0.000000e+00,0.000000e+00,0.000000e+00,0.000000e+00,0.000000e+00,0.000000e+00,0.000000e+00,0.000000e+00,0.000000e+00,0.000000e+00,0.000000e+00
1.000000e+00,0.000000e+00,0.000000e+00,0.000000e+00,0.000000e+00,0.000000e+00,0.000000e+00,0.000000e+00,0.000000e+00,0.000000e+00,0.000000e+00,0.000000e+00,0.000000e+00,0.000000e+00,0.000000e+00
1.000000e+00,0.000000e+00,0.000000e+00,0.000000e+00,0.000000e+00,0.000000e+00,0.000000e+00,0.000000e+00,0.000000e+00,0.000000e+00,0.000000e+00,0.000000e+00,0.000000e+00,0.000000e+00,0.000000e+00
1.000000e+00,0.000000e+00,0.000000e+00,0.000000e+00,0.000000e+00,0.000000e+00,0.000000e+00,0.000000e+00,0.000000e+00,0.000000e+00,0.000000e+00,0.000000e+00,0.000000e+00,0.000000e+00,0.000000e+00
1.000000e+00,0.000000e+00,0.000000e+00,0.000000e+00,0.000000e+00,0.000000e+00,0.000000e+00,0.000000e+00,0.000000e+00,0.000000e+00,0.000000e+00,0.000000e+00,0.000000e+00,0.000000e+00,0.000000e+00
1.000000e+00,0.000000e+00,0.000000e+00,0.000000e+00,0.000000e+00,0.000000e+00,0.000000e+00,0.000000e+00,0.000000e+00,0.000000e+00,0.000000e+00,0.000000e+00,0.000000e+00,0.000000e+00,0.000000e+00
1.000000e+00,0.000000e+00,0.000000e+00,0.000000e+00,0.000000e+00,0.000000e+00,0.000000e+00,0.000000e+00,0.000000e+00,0.000000e+00,0.000000e+00,0.000000e+00,0.000000e+00,0.000000e+00,0.000000e+00
1.000000e+00,0.000000e+00,0.000000e+00,0.000000e+00,0.000000e+00,0.000000e+00,0.000000e+00,0.000000e+00,0.000000e+00,0.000000e+00,0.000000e+00,0.000000e+00,0.000000e+00,0.000000e+00,0.000000e+00
1.000000e+00,0.000000e+00,0.000000e+00,0.000000e+00,0.000000e+00,0.000000e+00,0.000000e+00,0.000000e+00,0.000000e+00,0.000000e+00,0.000000e+00,0.000000e+00,0.000000e+00,0.000000e+00,0.000000e+00
1.000000e+00,0.000000e+00,0.000000e+00,0.000000e+00,0.000000e+00,0.000000e+00,0.000000e+00,0.000000e+00,0.000000e+00,0.000000e+00,0.000000e+00,0.000000e+00,0.000000e+00,0.000000e+00,0.000000e+00
1.000000e+00,0.000000e+00,0.000000e+00,0.000000e+00,0.000000e+00,0.000000e+00,0.000000e+00,0.000000e+00,0.000000e+00,0.000000e+00,0.000000e+00,0.000000e+00,0.000000e+00,0.000000e+00,0.000000e+00
1.000000e+00,0.000000e+00,0.000000e+00,0.000000e+00,0.000000e+00,0.000000e+00,0.000000e+00,0.000000e+00,0.000000e+00,0.000000e+00,0.000000e+00,0.000000e+00,0.000000e+00,0.000000e+00,0.000000e+00
1.000000e+00,0.000000e+00,0.000000e+00,0.000000e+00,0.000000e+00,0.000000e+00,0.000000e+00,0.000000e+00,0.000000e+00,0.000000e+00,0.000000e+00,0.000000e+00,0.000000e+00,0.000000e+00,0.000000e+00
1.000000e+00,0.000000e+00,0.000000e+00,0.000000e+00,0.000000e+00,0.000000e+00,0.000000e+00,0.000000e+00,0.000000e+00,0.000000e+00,0.000000e+00,0.000000e+00,0.000000e+00,0.000000e+00,0.000000e+00
1.000000e+00,0.000000e+00,0.000000e+00,0.000000e+00,0.000000e+00,0.000000e+00,0.000000e+00,0.000000e+00,0.000000e+00,0.000000e+00,0.000000e+00,0.000000e+00,0.000000e+00,0.000000e+00,0.000000e+00
1.000000e+00,0.000000e+00,0.000000e+00,0.000000e+00,0.000000e+00,0.000000e+00,0.000000e+00,0.000000e+00,0.000000e+00,0.000000e+00,0.000000e+00,0.000000e+00,0.000000e+00,0.000000e+00,0.000000e+00
4.155173e-01,2.173892e-02,2.658583e-02,1.149325e-01,2.762754e-03,1.226180e-02,1.648285e-03,1.179923e-02,1.270856e-01,1.813923e-02,1.317267e-02,1.803148e-02,2.726597e-02,1.250083e-02,1.765576e-01
3.106538e-01,1.955550e-02,3.281534e-02,1.971915e-01,2.492964e-03,9.302828e-03,1.252398e-03,9.324027e-03,1.713163e-01,1.926507e-02,1.292871e-02,1.494006e-02,2.220213e-02,1.070633e-02,1.660529e-01
2.785391e-01,1.777601e-02,4.274376e-02,1.860481e-01,2.657058e-03,7.970331e-03,1.004409e-03,7.320634e-03,1.923215e-01,1.716312e-02,2.163748e-02,1.172580e-02,2.189018e-02,1.349158e-02,1.777110e-01
1.988976e-01,1.829918e-02,3.205272e-02,1.419317e-01,2.007551e-03,6.228871e-03,7.465003e-04,5.212464e-03,3.421257e-01,1.483633e-02,1.717799e-02,8.607122e-03,1.606065e-02,1.735955e-02,1.784561e-01
1.475793e-01,1.772786e-02,2.369712e-02,1.025298e-01,1.476973e-03,4.860780e-03,5.542588e-04,3.727976e-03,4.884214e-01,1.240629e-02,1.398997e-02,6.365289e-03,1.211108e-02,2.115746e-02,1.433944e-01
1.050478e-01,1.568024e-02,1.695487e-02,7.377353e-02,1.063094e-03,3.555732e-03,3.994891e-04,2.631403e-03,6.033792e-01,1.070312e-02,1.053862e-02,4.626043e-03,9.018196e-03,2.101748e-02,1.216112e-01
7.619267e-02,1.419677e-02,1.244998e-02,5.534933e-02,7.718185e-04,2.592945e-03,2.843443e-04,1.858774e-03,7.002442e-01,8.305208e-03,8.084652e-03,3.495170e-03,6.659742e-03,1.875612e-02,9.075832e-02
8.941019e-02,2.161681e-02,1.066345e-02,4.423350e-02,7.327658e-04,2.369750e-03,2.515633e-04,1.428466e-03,6.556021e-01,7.950127e-03,8.210965e-03,3.233686e-03,6.634720e-03,6.013954e-02,8.752240e-02
1.143467e-01,2.243415e-02,1.017546e-02,3.674478e-02,7.807444e-04,2.597208e-03,2.444316e-04,1.130449e-03,6.007929e-01,9.389133e-03,8.016543e-03,2.681799e-03,6.356751e-03,9.990560e-02,8.440329e-02
1.831699e-01,2.121691e-02,9.939389e-03,3.372980e-02,2.077148e-03,4.064364e-03,7.186325e-04,1.431996e-03,5.337444e-01,1.067949e-02,1.097186e-02,3.197073e-03,7.526238e-03,9.814568e-02,7.938709e-02
2.601738e-01,2.936658e-02,9.954237e-03,2.828214e-02,4.655239e-03,5.511670e-03,1.107216e-03,1.974055e-03,4.418614e-01,1.127570e-02,1.103325e-02,3.825275e-03,8.006468e-03,1.034862e-01,7.948676e-02
3.512999e-01,4.073185e-02,1.499476e-02,2.378773e-02,5.206341e-03,6.145706e-03,1.549748e-03,3.075225e-03,3.593078e-01,1.102326e-02,1.104880e-02,4.536336e-03,8.132920e-03,8.832298e-02,7.083660e-02
3.684775e-01,6.272465e-02,2.713282e-02,2.088544e-02,7.644835e-03,5.797245e-03,1.810685e-03,4.592979e-03,3.208384e-01,1.855651e-02,9.028263e-03,4.759188e-03,8.166923e-03,7.295769e-02,6.662685e-02
3.374348e-01,9.357375e-02,2.699633e-02,2.104906e-02,7.134126e-03,5.416227e-03,1.435747e-03,5.297588e-03,3.176492e-01,2.146750e-02,7.434642e-03,4.578860e-03,8.017546e-03,5.677762e-02,8.573696e-02
3.532732e-01,1.234884e-01,2.356450e-02,2.011867e-02,9.863582e-03,5.722539e-03,1.303591e-03,8.826433e-03,2.709900e-01,2.658808e-02,7.103954e-03,6.351592e-03,7.399600e-03,4.765476e-02,8.775100e-02
3.617155e-01,1.685765e-01,2.228661e-02,1.879507e-02,1.712950e-02,6.532148e-03,1.448293e-03,1.861215e-02,2.152813e-01,2.300207e-02,6.763642e-03,7.370139e-03,7.199897e-03,4.220423e-02,8.308284e-02
3.573133e-01,1.963070e-01,1.809595e-02,1.824574e-02,2.582326e-02,7.382547e-03,1.478585e-03,1.715459e-02,2.034193e-01,1.740278e-02,8.287215e-03,8.991593e-03,7.912213e-03,4.245157e-02,6.973436e-02
3.315729e-01,2.255868e-01,1.610372e-02,1.666487e-02,3.751052e-02,8.450374e-03,1.346788e-03,2.018962e-02,2.065901e-01,1.463415e-02,7.388063e-03,8.862714e-03,6.985161e-03,3.876175e-02,5.935245e-02
3.082595e-01,2.452257e-01,1.711102e-02,1.339659e-02,3.245159e-02,8.238084e-03,1.954073e-03,2.714918e-02,2.231243e-01,1.205927e-02,5.974085e-03,9.006051e-03,6.032884e-03,3.774526e-02,5.227235e-02
3.005528e-01,2.561437e-01,2.661555e-02,1.070340e-02,2.638884e-02,1.581739e-02,3.330990e-03,4.906869e-02,1.957275e-01,9.086055e-03,4.852581e-03,8.467715e-03,5.397045e-03,4.161136e-02,4.623638e-02
2.943147e-01,2.621952e-01,3.212513e-02,8.725983e-03,2.056314e-02,3.071345e-02,4.323862e-03,7.653119e-02,1.728969e-01,7.141902e-03,3.925211e-03,7.911772e-03,5.565715e-03,3.563560e-02,3.743015e-02
2.886893e-01,2.083537e-01,6.989556e-02,1.361442e-02,1.594810e-02,2.668686e-02,4.148948e-03,1.548202e-01,1.308576e-01,1.091281e-02,3.568606e-03,7.658453e-03,4.637447e-03,2.624481e-02,3.396309e-02
4.221540e-01,1.721284e-01,5.530235e-02,1.171194e-02,1.190005e-02,2.477599e-02,3.300207e-03,1.158767e-01,9.451099e-02,1.150157e-02,6.704660e-03,1.256158e-02,6.299053e-03,1.969456e-02,3.157796e-02
3.394180e-01,1.244396e-01,4.283042e-02,3.021713e-02,9.175735e-03,2.203477e-02,2.744159e-03,8.312806e-02,7.295109e-02,8.317957e-02,4.267544e-02,8.314317e-02,1.779611e-02,1.776454e-02,2.850219e-02
2.540612e-01,8.909205e-02,3.170383e-02,4.648650e-02,7.247180e-03,1.672153e-02,2.081137e-03,5.843898e-02,6.260074e-02,9.362236e-02,1.048787e-01,1.449932e-01,4.673690e-02,1.748164e-02,2.385409e-02
1.866613e-01,6.528485e-02,2.569818e-02,6.908314e-02,8.134226e-03,1.313671e-02,1.875279e-03,4.132288e-02,4.838701e-02,1.012022e-01,1.458960e-01,1.728339e-01,6.905736e-02,3.203185e-02,1.939518e-02
1.389161e-01,4.641344e-02,1.875852e-02,5.519410e-02,1.104693e-02,1.034812e-02,1.731737e-03,2.998978e-02,3.709754e-02,1.047470e-01,1.857757e-01,2.541679e-01,5.657491e-02,3.345548e-02,1.578275e-02
1.005163e-01,3.283045e-02,1.374544e-02,4.477820e-02,1.979282e-02,7.764398e-03,1.514208e-03,2.218304e-02,2.758456e-02,9.867449e-02,2.229278e-01,3.112820e-01,4.499927e-02,3.659303e-02,1.481408e-02
7.096212e-02,2.316641e-02,1.006403e-02,3.504600e-02,2.536305e-02,5.708680e-03,1.538531e-03,1.668984e-02,2.166805e-02,8.439395e-02,1.867705e-01,4.235930e-01,4.451893e-02,3.004587e-02,2.047101e-02
5.101397e-02,1.650850e-02,7.332730e-03,2.525308e-02,2.312318e-02,4.502886e-03,1.300054e-03,1.675001e-02,1.944707e-02,9.634206e-02,1.599830e-01,4.950126e-01,4.073162e-02,2.627486e-02,1.642426e-02
3.640864e-02,1.211277e-02,5.816357e-03,1.807470e-02,2.115748e-02,3.619029e-03,1.260910e-03,1.287865e-02,1.757266e-02,1.069111e-01,1.287452e-01,5.672235e-01,3.311987e-02,2.290799e-02,1.219106e-02
2.611774e-02,8.560696e-03,4.241397e-03,1.285872e-02,1.776571e-02,2.991006e-03,9.975855e-04,1.088445e-02,1.352841e-02,8.078476e-02,9.562644e-02,6.704005e-01,2.773621e-02,1.856487e-02,8.941440e-03
1.862597e-02,6.130181e-03,3.136351e-03,9.139155e-03,1.964252e-02,2.914604e-03,1.055152e-03,1.005139e-02,1.107319e-02,6.135886e-02,7.215549e-02,7.318497e-01,3.024079e-02,1.423494e-02,8.391678e-03
1.349608e-02,9.064620e-03,3.258588e-03,6.970972e-03,4.597788e-02,5.536099e-03,2.467150e-03,1.478086e-02,1.108550e-01,4.421116e-02,5.477928e-02,6.442944e-01,2.787362e-02,1.034080e-02,6.093442e-03
1.309175e-02,8.390578e-03,3.758390e-03,1.265210e-02,6.303943e-02,1.348019e-02,3.549060e-03,1.151873e-01,8.909857e-02,3.262923e-02,4.209075e-02,5.633501e-01,2.682594e-02,8.357766e-03,4.498787e-03
1.856757e-02,1.166483e-02,4.981055e-03,1.255553e-02,1.025888e-01,2.630111e-02,6.489947e-03,1.284073e-01,1.207577e-01,2.533049e-02,3.122449e-02,4.709060e-01,3.039694e-02,6.485896e-03,3.342386e-03
3.516482e-02,1.316451e-02,4.809170e-03,1.218744e-02,1.354701e-01,2.430149e-02,5.670994e-03,1.151658e-01,1.833750e-01,2.040206e-02,3.127396e-02,3.822112e-01,2.870413e-02,5.456070e-03,2.643164e-03
6.575269e-02,1.146060e-02,5.886231e-03,1.598364e-02,1.324902e-01,4.867914e-02,1.035568e-02,1.683443e-01,1.579154e-01,1.777948e-02,3.030627e-02,2.973498e-01,3.038048e-02,5.054423e-03,2.261627e-03
1.435940e-01,9.591367e-03,5.459484e-03,1.234232e-02,1.466955e-01,8.105816e-02,9.353054e-03,1.232394e-01,1.252427e-01,1.606014e-02,2.565454e-02,2.657478e-01,2.890285e-02,4.584546e-03,2.474121e-03
1.888875e-01,1.154489e-02,7.320104e-03,1.442009e-02,1.578488e-01,7.754871e-02,9.096240e-03,9.358218e-02,1.248249e-01,1.504295e-02,2.431148e-02,2.316831e-01,3.299108e-02,6.879521e-03,4.018444e-03
2.103559e-01,1.629568e-02,8.274697e-03,1.503436e-02,1.763755e-01,7.580096e-02,8.884924e-03,6.955771e-02,1.315248e-01,1.458078e-02,2.189775e-02,2.067477e-01,3.308526e-02,7.061299e-03,4.522688e-03
2.020170e-01,5.289462e-02,7.728384e-03,3.331283e-02,1.747353e-01,6.207097e-02,7.597440e-03,5.151830e-02,1.863627e-01,1.428054e-02,1.708389e-02,1.515175e-01,2.748623e-02,6.322733e-03,5.071620e-03
1.950150e-01,6.150738e-02,8.335626e-03,4.986732e-02,1.725063e-01,6.882331e-02,7.494689e-03,4.080362e-02,2.115910e-01,1.183832e-02,1.418316e-02,1.107404e-01,3.641531e-02,5.207358e-03,5.671212e-03
1.881471e-01,6.564710e-02,6.989079e-03,4.586804e-02,1.660175e-01,5.984963e-02,6.157420e-03,3.023091e-02,2.358663e-01,9.873579e-03,3.198807e-02,1.125948e-01,3.026929e-02,4.495364e-03,6.005751e-03
1.710202e-01,5.677786e-02,7.389540e-03,5.658522e-02,2.053033e-01,5.497149e-02,1.262974e-02,2.350061e-02,2.513772e-01,8.162306e-03,3.012541e-02,8.244136e-02,2.836433e-02,3.557321e-03,7.794152e-03
1.796881e-01,5.003794e-02,7.446488e-03,5.425465e-02,2.394722e-01,5.086056e-02,1.286523e-02,1.793664e-02,2.404647e-01,7.122545e-03,3.873763e-02,6.306050e-02,2.535509e-02,2.925094e-03,9.772677e-03
2.359569e-01,5.650099e-02,6.501884e-03,4.699544e-02,2.055894e-01,4.153971e-02,1.053757e-02,1.465026e-02,2.343928e-01,6.610890e-03,3.967470e-02,5.210429e-02,2.256312e-02,3.065418e-03,2.331673e-02
2.607554e-01,5.666913e-02,8.713648e-03,7.583258e-02,1.794112e-01,3.651540e-02,1.007801e-02,1.289668e-02,2.174814e-01,7.493872e-03,3.417169e-02,4.374362e-02,2.115148e-02,2.736497e-03,3.234940e-02
2.154929e-01,5.569955e-02,3.340084e-02,1.790028e-01,1.322012e-01,2.743549e-02,7.466586e-03,9.919786e-03,1.714883e-01,1.960833e-02,2.743911e-02,3.335304e-02,1.891378e-02,2.418129e-03,6.616022e-02
2.415967e-01,5.254440e-02,4.221736e-02,1.622175e-01,1.199934e-01,3.903281e-02,6.456660e-03,1.293043e-02,1.786398e-01,1.810719e-02,2.229413e-02,2.765691e-02,1.729638e-02,2.303343e-03,5.671299e-02
3.324879e-01,4.811733e-02,3.370384e-02,1.252969e-01,1.113463e-01,5.347845e-02,5.580639e-03,1.346604e-02,1.614837e-01,1.334626e-02,1.874694e-02,2.259736e-02,1.517510e-02,2.207765e-03,4.296540e-02
3.651892e-01,5.188179e-02,2.818149e-02,9.630913e-02,8.643071e-02,1.094997e-01,4.921310e-03,1.128338e-02,1.434813e-01,1.033337e-02,1.698546e-02,2.039333e-02,1.531983e-02,3.722675e-03,3.606738e-02
3.144645e-01,4.595014e-02,2.264603e-02,8.221972e-02,6.864464e-02,2.499735e-01,3.891306e-03,1.019664e-02,1.154894e-01,8.500308e-03,1.365968e-02,1.845017e-02,1.255237e-02,3.016158e-03,3.034545e-02
2.738189e-01,3.503007e-02,1.818375e-02,6.295171e-02,5.160248e-02,3.781987e-01,3.096510e-03,1.209656e-02,8.438366e-02,9.070432e-03,1.195840e-02,1.426589e-02,1.034871e-02,2.642782e-03,3.235145e-02
2.259184e-01,2.585540e-02,1.457564e-02,6.676067e-02,3.751455e-02,3.890707e-01,2.364705e-03,1.750158e-02,1.379075e-01,1.553958e-02,1.536853e-02,1.139808e-02,9.488639e-03,2.152974e-03,2.858301e-02
1.688729e-01,1.925307e-02,1.067415e-02,5.355548e-02,2.714342e-02,2.878400e-01,1.716066e-03,1.258964e-02,3.456985e-01,1.187811e-02,1.634734e-02,8.247112e-03,7.480946e-03,3.880781e-03,2.482239e-02
1.242923e-01,1.370489e-02,8.964600e-03,4.533564e-02,1.908423e-02,2.020896e-01,1.344448e-03,9.669655e-03,5.114819e-01,8.956313e-03,1.665303e-02,6.347511e-03,6.021494e-03,5.423238e-03,2.063115e-02
1.085775e-01,1.130386e-02,1.194542e-02,3.841919e-02,1.394436e-02,1.443093e-01,1.511795e-03,1.053699e-02,4.628717e-01,1.000779e-02,4.859366e-02,4.995254e-03,5.850547e-03,9.877258e-02,2.836012e-02
1.462908e-01,1.143833e-02,1.659335e-02,3.260265e-02,1.173836e-02,1.039720e-01,2.518186e-03,1.112267e-02,4.434415e-01,9.645257e-03,4.037323e-02,6.959775e-03,1.189157e-02,1.237153e-01,2.769697e-02
2.574337e-01,1.284422e-02,2.646579e-02,2.444148e-02,1.030899e-02,7.680348e-02,2.845429e-03,8.915106e-03,3.196542e-01,7.690382e-03,3.574293e-02,7.248085e-03,1.227175e-02,1.748641e-01,2.247038e-02
2.732884e-01,1.067859e-02,2.975610e-02,1.787792e-02,7.791110e-03,5.656702e-02,2.476623e-03,6.682091e-03,2.285089e-01,7.345859e-03,2.892200e-02,5.631139e-03,9.264819e-03,2.963288e-01,1.888073e-02
2.218498e-01,7.983662e-03,4.030456e-02,1.398107e-02,6.020427e-03,4.152892e-02,1.907705e-03,5.276728e-03,1.704672e-01,2.138337e-02,2.692455e-02,4.912170e-03,8.025704e-03,4.065189e-01,2.291516e-02
1.676681e-01,6.457059e-03,4.372191e-02,1.241758e-02,4.972484e-03,3.134231e-02,1.466957e-03,4.009535e-03,1.443158e-01,3.310468e-02,2.549570e-02,3.804634e-03,6.350460e-03,4.676192e-01,4.725366e-02
1.181878e-01,4.760389e-03,3.136432e-02,9.125466e-03,4.235453e-03,2.365199e-02,1.074914e-03,2.831944e-03,1.394441e-01,2.738503e-02,2.245006e-02,2.805307e-03,4.834790e-03,5.360202e-01,7.182828e-02
8.372558e-02,3.723562e-03,2.254109e-02,6.676673e-03,3.567543e-03,1.775037e-02,8.043543e-04,2.005099e-03,1.619603e-01,2.405470e-02,2.143792e-02,2.156759e-03,3.574455e-03,5.774669e-01,6.855464e-02
6.064416e-02,3.199315e-03,1.700860e-02,5.357572e-03,3.381051e-03,1.280527e-02,5.985628e-04,1.426548e-03,2.123176e-01,2.637750e-02,1.681274e-02,1.686130e-03,2.653525e-03,5.792361e-01,5.649535e-02
7.135489e-02,4.843270e-03,2.699688e-02,1.088124e-02,8.821590e-03,1.294617e-02,7.322409e-04,1.397339e-03,2.772613e-01,2.663217e-02,1.419768e-02,1.739921e-03,2.210136e-03,4.916728e-01,4.831233e-02
7.272299e-02,4.974044e-03,4.035915e-02,1.401006e-02,8.449743e-03,1.040497e-02,7.702187e-04,1.328013e-03,3.123975e-01,2.608531e-02,1.142330e-02,1.371046e-03,1.738006e-03,4.492958e-01,4.466978e-02
5.980538e-02,4.944432e-03,5.634262e-02,1.076888e-02,6.413893e-03,8.068005e-03,5.836826e-04,9.942582e-04,2.718730e-01,2.817180e-02,9.393811e-03,1.104786e-03,1.303449e-03,4.846600e-01,5.557198e-02
6.545378e-02,5.254051e-03,8.562410e-02,1.447281e-02,5.607476e-03,7.352048e-03,4.607472e-04,9.080561e-04,2.269798e-01,4.129940e-02,9.605654e-03,1.311797e-03,1.423631e-03,4.406247e-01,9.362194e-02
7.788965e-02,5.328602e-03,1.204724e-01,1.450481e-02,6.440016e-03,7.791122e-03,4.787195e-04,1.134053e-03,1.726861e-01,5.186943e-02,1.033092e-02,1.557242e-03,1.426236e-03,4.389938e-01,8.909689e-02
7.559019e-02,4.387303e-03,1.457257e-01,1.422316e-02,6.546140e-03,6.511165e-03,4.636689e-04,1.210091e-03,1.517464e-01,7.097175e-02,9.558177e-03,1.431808e-03,1.158171e-03,4.384562e-01,7.202005e-02
6.780952e-02,4.872560e-03,1.289868e-01,1.424889e-02,8.588674e-03,5.339416e-03,5.849663e-04,2.560216e-03,1.812768e-01,1.114709e-01,8.981392e-03,1.240282e-03,1.053972e-03,3.976140e-01,6.537157e-02
7.760116e-02,1.990897e-02,1.007695e-01,1.906027e-02,2.108638e-02,7.674067e-03,1.213642e-03,1.451676e-02,2.632838e-01,1.146894e-01,9.777105e-03,1.152219e-03,1.328722e-03,2.971420e-01,5.079612e-02
1.211817e-01,4.277811e-02,8.686249e-02,1.927645e-02,2.586769e-02,8.532682e-03,1.861421e-03,2.120672e-02,2.942834e-01,9.768189e-02,8.593077e-03,1.300274e-03,1.813286e-03,2.253307e-01,4.343016e-02
1.126784e-01,3.645931e-02,8.855844e-02,1.655608e-02,2.775799e-02,7.796280e-03,1.538112e-03,2.132032e-02,3.902279e-01,8.207073e-02,6.735233e-03,1.126009e-03,1.498424e-03,1.716962e-01,3.398069e-02
9.808896e-02,3.282701e-02,8.307163e-02,1.451326e-02,2.286715e-02,6.077601e-03,1.276256e-03,2.534176e-02,4.749647e-01,6.111527e-02,4.980728e-03,9.115490e-04,1.194718e-03,1.461515e-01,2.661794e-02
8.632652e-02,3.161388e-02,6.562632e-02,1.112020e-02,2.083277e-02,4.969332e-03,1.007241e-03,2.419896e-02,5.481262e-01,4.535960e-02,3.767012e-03,7.402880e-04,9.565486e-04,1.341865e-01,2.116863e-02
9.251635e-02,2.590747e-02,4.766389e-02,8.273287e-03,1.748601e-02,4.105003e-03,9.120494e-04,1.887220e-02,5.623739e-01,3.431996e-02,3.363483e-03,7.717952e-04,7.985722e-04,1.659132e-01,1.672300e-02
1.120499e-01,2.556533e-02,3.578738e-02,6.346626e-03,1.408939e-02,3.439897e-03,1.244748e-03,1.491563e-02,5.723953e-01,3.329173e-02,3.111708e-03,1.195694e-03,7.927364e-04,1.603383e-01,1.543578e-02
1.781837e-01,3.409029e-02,2.994884e-02,5.587962e-03,1.186593e-02,4.256832e-03,2.394773e-03,1.212947e-02,5.221014e-01,3.709852e-02,3.125585e-03,2.943367e-03,1.262273e-03,1.345754e-01,2.043575e-02
2.670294e-01,3.630668e-02,2.683283e-02,5.049840e-03,1.037898e-02,6.809451e-03,3.391141e-03,1.042458e-02,4.569474e-01,2.689254e-02,3.949930e-03,4.254603e-03,2.137910e-03,1.221971e-01,1.739768e-02
3.711634e-01,2.966230e-02,3.458901e-02,5.722017e-03,8.624747e-03,1.036396e-02,4.335987e-03,9.316988e-03,3.715505e-01,2.226732e-02,6.187252e-03,7.837275e-03,3.909726e-03,9.404904e-02,2.042054e-02
4.661273e-01,2.228777e-02,4.954392e-02,5.479274e-03,6.188306e-03,9.642925e-03,3.373523e-03,7.902429e-03,2.713480e-01,1.940153e-02,3.354714e-02,8.442514e-03,4.954167e-03,7.167462e-02,2.008661e-02
4.149314e-01,1.937180e-02,6.402589e-02,9.506724e-03,4.434243e-03,9.088325e-03,2.671571e-03,7.037050e-03,2.001509e-01,2.874655e-02,8.192344e-02,1.648987e-02,8.403498e-03,1.095797e-01,2.363910e-02
3.715711e-01,1.894944e-02,5.204697e-02,2.104641e-02,3.515301e-03,7.708143e-03,2.277020e-03,7.329524e-03,1.808236e-01,6.399210e-02,1.120225e-01,2.903523e-02,9.981506e-03,9.129029e-02,2.841086e-02
3.464394e-01,1.580791e-02,3.800889e-02,2.097453e-02,2.915448e-03,5.928299e-03,1.659473e-03,7.050027e-03,1.282820e-01,4.771448e-02,2.186979e-01,4.371760e-02,1.023616e-02,9.192844e-02,2.063946e-02
3.272207e-01,1.187144e-02,2.762112e-02,1.791896e-02,2.224453e-03,4.975541e-03,1.256510e-03,6.816323e-03,9.457062e-02,3.541034e-02,2.377979e-01,5.650085e-02,8.443725e-03,1.523863e-01,1.498528e-02
2.387296e-01,9.184455e-03,1.995801e-02,1.742026e-02,3.033387e-03,4.004165e-03,1.021202e-03,6.248298e-03,7.142752e-02,2.782165e-02,4.057772e-01,5.245491e-02,7.712402e-03,1.242102e-01,1.099674e-02
1.694919e-01,8.938950e-03,1.703002e-02,1.491100e-02,1.914623e-02,7.812943e-03,1.984960e-03,1.283434e-02,6.448641e-02,4.780109e-02,4.077808e-01,4.106433e-02,7.262699e-03,1.387408e-01,4.071359e-02
1.216997e-01,1.710899e-02,1.529310e-02,2.121342e-02,5.744369e-02,8.900088e-03,2.524025e-03,1.111099e-02,8.324622e-02,4.142653e-02,4.086534e-01,3.475573e-02,8.362066e-03,1.265826e-01,4.167948e-02
8.853007e-02,3.955846e-02,1.492422e-02,4.173875e-02,5.003174e-02,1.772796e-02,2.117190e-03,1.017652e-02,1.475517e-01,3.397328e-02,3.641072e-01,3.250661e-02,7.678593e-03,1.172521e-01,3.212554e-02
6.379774e-02,5.106048e-02,1.425801e-02,5.374260e-02,4.100134e-02,3.401229e-02,1.674481e-03,7.959323e-03,1.878432e-01,2.827029e-02,3.235529e-01,2.990432e-02,8.831706e-03,1.272640e-01,2.682733e-02
4.877373e-02,5.847238e-02,1.052459e-02,4.495030e-02,3.337706e-02,4.534973e-02,1.253493e-03,6.006066e-03,2.267004e-01,2.405526e-02,2.677425e-01,2.404539e-02,8.962927e-03,1.761163e-01,2.366978e-02
3.722597e-02,9.063391e-02,9.302450e-03,3.337015e-02,3.151007e-02,4.438283e-02,1.147763e-03,4.731126e-03,3.352486e-01,1.898084e-02,1.938441e-01,1.714194e-02,7.238756e-03,1.571012e-01,1.814023e-02
3.719870e-02,8.447845e-02,2.679275e-02,5.406971e-02,5.357222e-02,3.527127e-02,3.063351e-03,9.672428e-03,3.764113e-01,1.562038e-02,1.414244e-01,1.219997e-02,5.713534e-03,1.290565e-01,1.545504e-02
4.801156e-02,8.311266e-02,2.586674e-02,4.396255e-02,7.053510e-02,2.846132e-02,2.682528e-03,7.442209e-03,4.218776e-01,2.397777e-02,1.033521e-01,8.987088e-03,4.604039e-03,1.023332e-01,2.479360e-02
5.393090e-02,1.013203e-01,2.356368e-02,3.785961e-02,7.115761e-02,2.402245e-02,1.994253e-03,5.743512e-03,3.987829e-01,3.748452e-02,8.230415e-02,7.739106e-03,5.447314e-03,8.304694e-02,6.560271e-02
4.564237e-02,9.208234e-02,2.697854e-02,1.126390e-01,5.374698e-02,1.772453e-02,1.536253e-03,6.525016e-03,4.015176e-01,3.771039e-02,6.460122e-02,5.777903e-03,6.063925e-03,6.333120e-02,6.412268e-02
5.139687e-02,1.008185e-01,3.582763e-02,1.312295e-01,3.992632e-02,1.535418e-02,1.432535e-03,1.216779e-02,3.616533e-01,3.653625e-02,8.471771e-02,5.134957e-03,1.048591e-02,6.229661e-02,5.102193e-02
3.827767e-02,8.374652e-02,3.624557e-02,1.124154e-01,2.912658e-02,1.370873e-02,1.054601e-03,8.750660e-03,3.498168e-01,3.309691e-02,1.693092e-01,5.166338e-03,1.253952e-02,6.020468e-02,4.654085e-02
6.489512e-02,6.907298e-02,2.679580e-02,8.472032e-02,2.107189e-02,1.618916e-02,9.784575e-04,7.399658e-03,2.844935e-01,2.679541e-02,2.057368e-01,1.227343e-02,2.449959e-02,1.146130e-01,4.046480e-02
7.253364e-02,5.913821e-02,1.970544e-02,6.483642e-02,1.629316e-02,1.279244e-02,8.660235e-04,6.091160e-03,2.283806e-01,3.167858e-02,2.750173e-01,1.116965e-02,2.154842e-02,1.465567e-01,3.339215e-02
7.088899e-02,4.873974e-02,5.849757e-02,5.600637e-02,3.160506e-02,1.039961e-02,1.548482e-03,1.887946e-02,2.150670e-01,2.390428e-02,2.835559e-01,9.470535e-03,2.093345e-02,1.240140e-01,2.648959e-02
6.911593e-02,4.791071e-02,5.811170e-02,4.258073e-02,3.351346e-02,1.961842e-02,1.774026e-03,2.134299e-02,2.504212e-01,2.255699e-02,2.308447e-01,7.239704e-03,1.585918e-02,1.563517e-01,2.275859e-02
6.734728e-02,4.497883e-02,1.021340e-01,3.995432e-02,3.219720e-02,1.946810e-02,2.907698e-03,2.860289e-02,3.038747e-01,1.992518e-02,1.784966e-01,6.112492e-03,1.306201e-02,1.206011e-01,2.033755e-02
7.240695e-02,4.921941e-02,1.138118e-01,3.426341e-02,4.673067e-02,2.720940e-02,3.265661e-03,2.410802e-02,2.584275e-01,2.141372e-02,1.651299e-01,5.446712e-03,1.033210e-02,1.516230e-01,1.661187e-02
7.447555e-02,5.589783e-02,1.309167e-01,3.833665e-02,6.349687e-02,3.947022e-02,4.120492e-03,3.172299e-02,2.306639e-01,1.878653e-02,1.409286e-01,7.376291e-03,9.224609e-03,1.407604e-01,1.382226e-02
6.133031e-02,5.075768e-02,1.889367e-01,1.396390e-01,5.277870e-02,2.892268e-02,3.000992e-03,3.194823e-02,1.992026e-01,1.467247e-02,1.023120e-01,5.571865e-03,6.986860e-03,9.999551e-02,1.394444e-02
6.722738e-02,7.021491e-02,1.453944e-01,1.155644e-01,7.581435e-02,6.357909e-02,2.368595e-03,3.407837e-02,2.119205e-01,1.467200e-02,8.335392e-02,4.411743e-03,5.808468e-03,7.852600e-02,2.706591e-02
6.145754e-02,5.791945e-02,1.388539e-01,1.910906e-01,8.136863e-02,5.018787e-02,1.971778e-03,5.544294e-02,1.996077e-01,1.237987e-02,6.090921e-02,3.501534e-03,4.459688e-03,5.577199e-02,2.507738e-02
1.252944e-01,5.319151e-02,1.084015e-01,1.534160e-01,8.144783e-02,4.564061e-02,4.160739e-03,5.881698e-02,2.189463e-01,1.423546e-02,5.402056e-02,7.576635e-03,6.519439e-03,4.578336e-02,2.254868e-02
1.135802e-01,3.798598e-02,7.742433e-02,1.129077e-01,1.706163e-01,3.592089e-02,2.371726e-02,1.267481e-01,1.925569e-01,1.081111e-02,3.845876e-02,5.623019e-03,5.087983e-03,3.234759e-02,1.621388e-02
2.268365e-01,3.055870e-02,6.990194e-02,8.753783e-02,1.822143e-01,2.897876e-02,1.936640e-02,1.004304e-01,1.487999e-01,1.857964e-02,3.199532e-02,7.384489e-03,5.528193e-03,2.425315e-02,1.763439e-02
3.353227e-01,2.673502e-02,5.552281e-02,7.110494e-02,1.563331e-01,2.301096e-02,1.575959e-02,7.489091e-02,1.307391e-01,2.118703e-02,2.810812e-02,9.945689e-03,7.882454e-03,1.898620e-02,2.447143e-02
2.883070e-01,2.622714e-02,4.187632e-02,1.051518e-01,1.314178e-01,1.870396e-02,1.246222e-02,5.458462e-02,1.594324e-01,3.964982e-02,4.005759e-02,1.125989e-02,1.510284e-02,1.415632e-02,4.161037e-02
2.117176e-01,2.293423e-02,3.108366e-02,8.061919e-02,1.378236e-01,1.612720e-02,9.613593e-03,3.950381e-02,1.204251e-01,1.984767e-01,4.599447e-02,1.043945e-02,1.712685e-02,1.458417e-02,4.353040e-02
1.498317e-01,2.077872e-02,2.272132e-02,7.137442e-02,1.069228e-01,2.094799e-02,7.608421e-03,2.783303e-02,9.104346e-02,3.380644e-01,5.897897e-02,9.092534e-03,2.147521e-02,1.348583e-02,3.984118e-02
1.095416e-01,1.711618e-02,1.620289e-02,5.313738e-02,8.207417e-02,1.946269e-02,5.832035e-03,1.965692e-02,6.792035e-02,3.858638e-01,6.344216e-02,1.326246e-02,3.637276e-02,1.776590e-02,9.234872e-02
8.841469e-02,1.664225e-02,1.434297e-02,6.635341e-02,6.689432e-02,1.811747e-02,5.007956e-03,1.450064e-02,7.244226e-02,3.640267e-01,9.978339e-02,1.382555e-02,4.564813e-02,2.741157e-02,8.658879e-02
6.554940e-02,1.363840e-02,1.269055e-02,1.057344e-01,5.129695e-02,1.546120e-02,3.947033e-03,1.074525e-02,9.425328e-02,3.453698e-01,1.238926e-01,1.659356e-02,4.457455e-02,2.548638e-02,7.076677e-02
5.113763e-02,1.322670e-02,1.409726e-02,1.134011e-01,4.009892e-02,1.372866e-02,3.021258e-03,9.028361e-03,1.024503e-01,2.456834e-01,2.584341e-01,2.081595e-02,3.647349e-02,2.519712e-02,5.320573e-02
4.498990e-02,1.023421e-02,1.065994e-02,8.783596e-02,2.971685e-02,1.092592e-02,2.283566e-03,7.218766e-03,8.274674e-02,1.744850e-01,4.156116e-01,2.834610e-02,2.806551e-02,2.746031e-02,3.941968e-02
3.417350e-02,8.605092e-03,8.067477e-03,6.681332e-02,2.215344e-02,9.572925e-03,1.709691e-03,5.840705e-03,6.360880e-02,1.544700e-01,4.781831e-01,4.010787e-02,2.668516e-02,4.601154e-02,3.399734e-02
2.738378e-02,8.967657e-03,6.791605e-03,5.079921e-02,1.639997e-02,7.994943e-03,1.309604e-03,7.052413e-03,5.205198e-02,1.195367e-01,5.333519e-01,3.487546e-02,2.480416e-02,7.988649e-02,2.879415e-02
2.295266e-02,9.304429e-03,8.128371e-03,4.041363e-02,1.489840e-02,6.794934e-03,1.152898e-03,1.099650e-02,4.865599e-02,9.213874e-02,5.405704e-01,3.402310e-02,2.409380e-02,1.186419e-01,2.723429e-02
2.910057e-02,8.364521e-03,6.590465e-03,3.019551e-02,1.128896e-02,5.812397e-03,9.388399e-04,8.976981e-03,4.236151e-02,7.008123e-02,4.896194e-01,2.753686e-02,1.880401e-02,2.279841e-01,2.234461e-02
2.749209e-02,9.406390e-03,6.667844e-03,2.367114e-02,8.603925e-03,6.556999e-03,8.637462e-04,9.807919e-03,3.832745e-02,5.740764e-02,5.138014e-01,2.258153e-02,1.461562e-02,2.366944e-01,2.350192e-02
2.992361e-02,9.487037e-03,6.945337e-03,1.892896e-02,6.608509e-03,6.023222e-03,7.036219e-04,8.352015e-03,3.525481e-02,5.005112e-02,5.511749e-01,1.829420e-02,1.094441e-02,2.240449e-01,2.326340e-02
2.657438e-02,9.458961e-03,5.267560e-03,1.434025e-02,5.085025e-03,5.982531e-03,6.681334e-04,6.244337e-03,3.912222e-02,3.868278e-02,6.299134e-01,1.974816e-02,9.601086e-03,1.721923e-01,1.711886e-02
2.947429e-02,8.646308e-03,4.440158e-03,1.076044e-02,3.971573e-03,5.774923e-03,6.039839e-04,4.946303e-03,3.454941e-02,3.047526e-02,6.876741e-01,1.854314e-02,9.288123e-03,1.378499e-01,1.300212e-02
3.038718e-02,6.567943e-03,3.356798e-03,8.069148e-03,3.228134e-03,4.847871e-03,8.350819e-04,4.160578e-03,2.844237e-02,2.467685e-02,7.445835e-01,1.646743e-02,7.908699e-03,1.065627e-01,9.905831e-03
2.656735e-02,4.812871e-03,2.450181e-03,5.969408e-03,2.834163e-03,3.890747e-03,7.816624e-04,3.298755e-03,2.252250e-02,2.089634e-02,7.941984e-01,1.576095e-02,6.821830e-03,8.174754e-02,7.447341e-03
3.355930e-02,5.078405e-03,1.914622e-03,4.735225e-03,5.712494e-03,3.534298e-03,1.503994e-03,3.351854e-03,3.078993e-02,2.307258e-02,7.875333e-01,1.862390e-02,5.760651e-03,6.893121e-02,5.898270e-03
5.105424e-02,5.081284e-03,1.653836e-03,4.496804e-03,5.279641e-03,4.079402e-03,1.905791e-03,3.531050e-03,2.643779e-02,2.338571e-02,7.837385e-01,2.352916e-02,5.060595e-03,5.562815e-02,5.138041e-03
1.150392e-01,7.602951e-03,1.623357e-03,6.445487e-03,6.713447e-03,6.569411e-03,2.280874e-03,4.437031e-03,2.609750e-02,2.097161e-02,7.090274e-01,3.341637e-02,4.771408e-03,4.880994e-02,6.193979e-03
1.598582e-01,1.012705e-02,1.882997e-03,7.079042e-03,1.586957e-02,9.813074e-03,2.373092e-03,4.290342e-03,2.803729e-02,1.678844e-02,6.461365e-01,4.276306e-02,5.310135e-03,4.303594e-02,6.635222e-03
1.873231e-01,1.384606e-02,2.217178e-03,8.568851e-03,2.921264e-02,1.112607e-02,2.663809e-03,5.096366e-03,3.408425e-02,1.302541e-02,5.759003e-01,6.547569e-02,5.455798e-03,3.906620e-02,6.938277e-03
2.678663e-01,1.654547e-02,5.199743e-03,1.053678e-02,5.412617e-02,1.058611e-02,3.646054e-03,1.140202e-02,4.044193e-02,9.735332e-03,4.554385e-01,6.075113e-02,5.339290e-03,4.189112e-02,6.494064e-03
3.703738e-01,1.361741e-02,6.408868e-03,1.449379e-02,5.024054e-02,1.270236e-02,3.152718e-03,2.129008e-02,3.714526e-02,8.242719e-03,3.530006e-01,6.072441e-02,5.141729e-03,3.695561e-02,6.510100e-03
3.849158e-01,1.094736e-02,2.100562e-02,2.093978e-02,4.912355e-02,1.347447e-02,3.697946e-03,7.255524e-02,2.977733e-02,7.512240e-03,2.829136e-01,6.151667e-02,4.920921e-03,3.130590e-02,5.393440e-03
3.808014e-01,9.470668e-03,3.766031e-02,3.023515e-02,5.164406e-02,1.333503e-02,3.804964e-03,1.130421e-01,2.989185e-02,7.299101e-03,2.303478e-01,5.697063e-02,4.406523e-03,2.645026e-02,4.640000e-03
3.763244e-01,8.790256e-03,6.451344e-02,5.044482e-02,5.556885e-02,1.437031e-02,3.327852e-03,1.199719e-01,3.590454e-02,6.503986e-03,1.882809e-01,4.462101e-02,3.759580e-03,2.334150e-02,4.276670e-03
4.263876e-01,8.580237e-03,8.665667e-02,7.085965e-02,4.722812e-02,1.442609e-02,2.664153e-03,9.484245e-02,2.872995e-02,1.362435e-02,1.444993e-01,3.464248e-02,3.420946e-03,1.950444e-02,3.933506e-03
4.046055e-01,1.856672e-02,8.548348e-02,1.140367e-01,4.844490e-02,1.387672e-02,2.191503e-03,8.850466e-02,2.916680e-02,3.255610e-02,1.079993e-01,2.625968e-02,3.086567e-03,2.147036e-02,3.750905e-03
3.942571e-01,1.912528e-02,7.789946e-02,1.842386e-01,4.610031e-02,1.118006e-02,1.808910e-03,8.388925e-02,2.744218e-02,2.821888e-02,8.167025e-02,1.990795e-02,2.871639e-03,1.812949e-02,3.260578e-03
3.486553e-01,1.562898e-02,6.339607e-02,2.744879e-01,5.014798e-02,8.762459e-03,1.508424e-03,9.000722e-02,2.732709e-02,2.163626e-02,6.333040e-02,1.572619e-02,2.512279e-03,1.426435e-02,2.609110e-03
3.076301e-01,1.353243e-02,5.200456e-02,3.628634e-01,4.622912e-02,6.671159e-03,1.268869e-03,8.913980e-02,2.571170e-02,1.685807e-02,5.062081e-02,1.191062e-02,2.140425e-03,1.124681e-02,2.172159e-03
3.347506e-01,1.283044e-02,4.070707e-02,3.624797e-01,4.663324e-02,5.366937e-03,1.204276e-03,7.696415e-02,3.327909e-02,1.643291e-02,4.338434e-02,1.101579e-02,2.405477e-03,9.706733e-03,2.839219e-03
3.863102e-01,1.110814e-02,3.665116e-02,3.267902e-01,4.068604e-02,4.421276e-03,1.887924e-03,8.219966e-02,4.123705e-02,1.331595e-02,3.314985e-02,9.339265e-03,2.392832e-03,7.866737e-03,2.643719e-03
4.471062e-01,9.039649e-03,3.639214e-02,2.941614e-01,3.151228e-02,4.574120e-03,2.033517e-03,8.182117e-02,3.641186e-02,1.041491e-02,2.560579e-02,8.486872e-03,2.622080e-03,6.844892e-03,2.973132e-03
1.000000e+00,0.000000e+00,0.000000e+00,0.000000e+00,0.000000e+00,0.000000e+00,0.000000e+00,0.000000e+00,0.000000e+00,0.000000e+00,0.000000e+00,0.000000e+00,0.000000e+00,0.000000e+00,0.000000e+00
1.000000e+00,0.000000e+00,0.000000e+00,0.000000e+00,0.000000e+00,0.000000e+00,0.000000e+00,0.000000e+00,0.000000e+00,0.000000e+00,0.000000e+00,0.000000e+00,0.000000e+00,0.000000e+00,0.000000e+00
1.000000e+00,0.000000e+00,0.000000e+00,0.000000e+00,0.000000e+00,0.000000e+00,0.000000e+00,0.000000e+00,0.000000e+00,0.000000e+00,0.000000e+00,0.000000e+00,0.000000e+00,0.000000e+00,0.000000e+00
1.000000e+00,0.000000e+00,0.000000e+00,0.000000e+00,0.000000e+00,0.000000e+00,0.000000e+00,0.000000e+00,0.000000e+00,0.000000e+00,0.000000e+00,0.000000e+00,0.000000e+00,0.000000e+00,0.000000e+00
1.000000e+00,0.000000e+00,0.000000e+00,0.000000e+00,0.000000e+00,0.000000e+00,0.000000e+00,0.000000e+00,0.000000e+00,0.000000e+00,0.000000e+00,0.000000e+00,0.000000e+00,0.000000e+00,0.000000e+00
1.000000e+00,0.000000e+00,0.000000e+00,0.000000e+00,0.000000e+00,0.000000e+00,0.000000e+00,0.000000e+00,0.000000e+00,0.000000e+00,0.000000e+00,0.000000e+00,0.000000e+00,0.000000e+00,0.000000e+00
1.000000e+00,0.000000e+00,0.000000e+00,0.000000e+00,0.000000e+00,0.000000e+00,0.000000e+00,0.000000e+00,0.000000e+00,0.000000e+00,0.000000e+00,0.000000e+00,0.000000e+00,0.000000e+00,0.000000e+00
4.856984e-01,1.458588e-02,1.959176e-02,4.275329e-02,1.306113e-02,4.744507e-02,2.762938e-03,1.254344e-02,1.072176e-02,5.381577e-03,2.136866e-02,2.933147e-01,1.170910e-02,6.710364e-03,1.235186e-02
4.020413e-01,1.282522e-02,1.496739e-02,3.148267e-02,1.215854e-02,3.782853e-02,2.729722e-03,9.432570e-03,1.388139e-02,5.170518e-03,2.474534e-02,4.076336e-01,8.920565e-03,6.353280e-03,9.829305e-03
4.545557e-01,1.313465e-02,1.203691e-02,2.509603e-02,1.257940e-02,3.088778e-02,3.137313e-03,7.340573e-03,1.462059e-02,6.114298e-03,2.738334e-02,3.704868e-01,7.121415e-03,5.953887e-03,9.551179e-03
4.783949e-01,1.191348e-02,9.850587e-03,1.940951e-02,1.665250e-02,3.067984e-02,7.105816e-03,6.683215e-03,1.467155e-02,5.910605e-03,2.951985e-02,3.495342e-01,6.080911e-03,5.858383e-03,7.734638e-03
1.000000e+00,0.000000e+00,0.000000e+00,0.000000e+00,0.000000e+00,0.000000e+00,0.000000e+00,0.000000e+00,0.000000e+00,0.000000e+00,0.000000e+00,0.000000e+00,0.000000e+00,0.000000e+00,0.000000e+00
4.998270e-01,8.349061e-03,5.990973e-03,1.205128e-02,2.829992e-02,2.513655e-02,4.937164e-03,5.135358e-03,1.464567e-02,5.297723e-03,5.042145e-02,3.224573e-01,6.310876e-03,5.617400e-03,5.522222e-03
4.953106e-01,6.877881e-03,4.434610e-03,9.262545e-03,3.903798e-02,2.207303e-02,3.825775e-03,5.857064e-03,1.503181e-02,5.253532e-03,4.575057e-02,3.302908e-01,7.917624e-03,4.813662e-03,4.262520e-03
4.131839e-01,5.616684e-03,3.255682e-03,7.358649e-03,4.058561e-02,2.163625e-02,3.217014e-03,5.362872e-03,1.415722e-02,5.109617e-03,3.944919e-02,4.242857e-01,9.227868e-03,4.275614e-03,3.278159e-03
2.912481e-01,4.074497e-03,2.483315e-03,5.298314e-03,3.084876e-02,2.094106e-02,2.402927e-03,3.964635e-03,1.401801e-02,3.787055e-03,2.937317e-02,5.773183e-01,8.643827e-03,3.268953e-03,2.329146e-03
2.079071e-01,3.116307e-03,1.924027e-03,3.896441e-03,2.441175e-02,1.937348e-02,1.892197e-03,3.072547e-03,1.629352e-02,2.903135e-03,2.233592e-02,6.795204e-01,9.033510e-03,2.627498e-03,1.692178e-03
1.482792e-01,2.619291e-03,1.641753e-03,2.920051e-03,4.025668e-02,4.279258e-02,3.346099e-03,2.891127e-03,1.811148e-02,2.402263e-03,1.888799e-02,7.018150e-01,1.069957e-02,2.087923e-03,1.248925e-03
1.132863e-01,2.498125e-03,2.109579e-03,2.522403e-03,1.990538e-01,3.793927e-02,6.805113e-03,2.109504e-02,2.409528e-02,2.106731e-03,1.447798e-02,5.609900e-01,1.050772e-02,1.577660e-03,9.350106e-04
9.260208e-02,2.117727e-03,1.987763e-03,2.073104e-03,2.325592e-01,3.389439e-02,7.029647e-03,2.490662e-02,2.805348e-02,1.758952e-03,1.361046e-02,5.486646e-01,8.733788e-03,1.276880e-03,7.312984e-04
7.451615e-02,1.786210e-03,1.720923e-03,1.620795e-03,1.720042e-01,3.464397e-02,5.392415e-03,2.334120e-02,3.105154e-02,1.520500e-03,1.198277e-02,6.288169e-01,9.925878e-03,1.009080e-03,6.674437e-04
5.736238e-02,1.355472e-03,1.413630e-03,1.261616e-03,1.242269e-01,8.323301e-02,4.260119e-03,1.896641e-02,2.604010e-02,1.213043e-03,1.175107e-02,6.550087e-01,1.249910e-02,7.769020e-04,6.315800e-04
5.261043e-02,1.129740e-03,1.207258e-03,1.112442e-03,9.030886e-02,1.713276e-01,4.770242e-03,1.662590e-02,1.904044e-02,9.363974e-04,1.018870e-02,6.177150e-01,1.145510e-02,9.827605e-04,5.891991e-04
5.037194e-02,1.004074e-03,9.834270e-04,1.192253e-03,6.989555e-02,1.227419e-01,3.695121e-03,1.203769e-02,1.392739e-02,8.106784e-04,1.126860e-02,6.969149e-01,1.313918e-02,1.365307e-03,6.521167e-04
6.974280e-02,1.423167e-03,1.061133e-03,2.469920e-03,6.360912e-02,9.061481e-02,3.192235e-03,9.342000e-03,1.128941e-02,1.139732e-03,1.377430e-02,7.142409e-01,1.435244e-02,2.550656e-03,1.197383e-03
7.518522e-02,1.328800e-03,1.020131e-03,2.101698e-03,4.876370e-02,6.535803e-02,2.457913e-03,6.747977e-03,8.468899e-03,9.616537e-04,2.885196e-02,7.409462e-01,1.278659e-02,3.743018e-03,1.278188e-03
8.388364e-02,1.299052e-03,1.424814e-03,2.110645e-03,3.569536e-02,4.703962e-02,1.888048e-03,4.832869e-03,6.718914e-03,1.126110e-03,1.341533e-01,6.581335e-01,1.098192e-02,9.317374e-03,1.394804e-03
