1.000000e+00,0.000000e+00,0.000000e+00,0.000000e+00,0.000000e+00,0.000000e+00,0.000000e+00,0.000000e+00,0.000000e+00,0.000000e+00,0.000000e+00,0.000000e+00,0.000000e+00,0.000000e+00,0.000000e+00
1.000000e+00,0.000000e+00,0.000000e+00,0.000000e+00,0.000000e+00,0.000000e+00,0.000000e+00,0.000000e+00,0.000000e+00,0.000000e+00,0.000000e+00,0.000000e+00,0.000000e+00,0.000000e+00,0.000000e+00
1.000000e+00,0.000000e+00,0.000000e+00,0.000000e+00,0.000000e+00,0.000000e+00,0.000000e+00,0.000000e+00,0.000000e+00,0.000000e+00,0.000000e+00,0.000000e+00,0.000000e+00,0.000000e+00,0.000000e+00
1.000000e+00,0.000000e+00,0.000000e+00,0.000000e+00,0.000000e+00,0.000000e+00,0.000000e+00,0.000000e+00,0.000000e+00,0.000000e+00,0.000000e+00,0.000000e+00,0.000000e+00,0.000000e+00,0.000000e+00
1.000000e+00,0.000000e+00,0.000000e+00,0.000000e+00,0.000000e+00,0.000000e+00,0.000000e+00,0.000000e+00,0.000000e+00,0.000000e+00,0.000000e+00,0.000000e+00,0.000000e+00,0.000000e+00,0.000000e+00
1.000000e+00,0.000000e+00,0.000000e+00,0.000000e+00,0.000000e+00,0.000000e+00,0.000000e+00,0.000000e+00,0.000000e+00,0.000000e+00,0.000000e+00,0.000000e+00,0.000000e+00,0.000000e+00,0.000000e+00
1.000000e+00,0.000000e+00,0.000000e+00,0.000000e+00,0.000000e+00,0.000000e+00,0.000000e+00,0.000000e+00,0.000000e+00,0.000000e+00,0.000000e+00,0.000000e+00,0.000000e+00,0.000000e+00,0.000000e+00
1.000000e+00,0.000000e+00,0.000000e+00,0.000000e+00,0.000000e+00,0.000000e+00,0.000000e+00,0.000000e+00,0.000000e+00,0.000000e+00,0.000000e+00,0.000000e+00,0.000000e+00,0.000000e+00,0.000000e+00
1.000000e+00,0.000000e+00,0.000000e+00,0.000000e+00,0.000000e+00,0.000000e+00,0.000000e+00,0.000000e+00,0.000000e+00,0.000000e+00,0.000000e+00,0.000000e+00,0.000000e+00,0.000000e+00,0.000000e+00
1.000000e+00,0.000000e+00,0.000000e+00,0.000000e+00,0.000000e+00,0.000000e+00,0.000000e+00,0.000000e+00,0.000000e+00,0.000000e+00,0.000000e+00,0.000000e+00,0.000000e+00,0.000000e+00,0.000000e+00
1.000000e+00,0.000000e+00,0.000000e+00,0.000000e+00,0.000000e+00,0.000000e+00,0.000000e+00,0.000000e+00,0.000000e+00,0.000000e+00,0.000000e+00,0.000000e+00,0.000000e+00,0.000000e+00,0.000000e+00
1.000000e+00,0.000000e+00,0.000000e+00,0.000000e+00,0.000000e+00,0.000000e+00,0.000000e+00,0.000000e+00,0.000000e+00,0.000000e+00,0.000000e+00,0.000000e+00,0.000000e+00,0.000000e+00,0.000000e+00
1.000000e+00,0.000000e+00,0.000000e+00,0.000000e+00,0.000000e+00,0.000000e+00,0.000000e+00,0.000000e+00,0.000000e+00,0.000000e+00,0.000000e+00,0.000000e+00,0.000000e+00,0.000000e+00,0.000000e+00
1.000000e+00,0.000000e+00,0.000000e+00,0.000000e+00,0.000000e+00,0.000000e+00,0.000000e+00,0.000000e+00,0.000000e+00,0.000000e+00,0.000000e+00,0.000000e+00,0.000000e+00,0.000000e+00,0.000000e+00
1.000000e+00,0.000000e+00,0.000000e+00,0.000000e+00,0.000000e+00,0.000000e+00,0.000000e+00,0.000000e+00,0.000000e+00,0.000000e+00,0.000000e+00,0.000000e+00,0.000000e+00,0.000000e+00,0.000000e+00
1.000000e+00,0.000000e+00,0.000000e+00,0.000000e+00,0.000000e+00,0.000000e+00,0.000000e+00,0.000000e+00,0.000000e+00,0.000000e+00,0.000000e+00,0.000000e+00,0.000000e+00,0.000000e+00,0.000000e+00
1.000000e+00,0.000000e+00,0.000000e+00,0.000000e+00,0.000000e+00,0.000000e+00,0.000000e+00,0.000000e+00,0.000000e+00,0.000000e+00,0.000000e+00,0.000000e+00,0.000000e+00,0.000000e+00,0.000000e+00
1.000000e+00,0.000000e+00,0.000000e+00,0.000000e+00,0.000000e+00,0.000000e+00,0.000000e+00,0.000000e+00,0.000000e+00,0.000000e+00,0.000000e+00,0.000000e+00,0.000000e+00,0.000000e+00,0.000000e+00
4.245199e-01,9.288203e-03,3.408269e-03,1.201641e-02,5.403481e-03,4.874703e-01,1.974646e-03,8.477640e-03,2.447350e-03,1.915001e-03,9.404119e-03,1.192817e-02,9.050691e-03,2.988925e-03,9.707025e-03
3.095922e-01,8.480119e-03,6.763575e-03,1.080565e-02,4.530613e-03,5.816988e-01,1.488919e-03,3.620152e-02,2.617324e-03,2.056888e-03,9.836437e-03,8.903973e-03,6.590774e-03,2.816618e-03,7.616696e-03
2.214665e-01,6.834515e-03,5.619496e-03,9.362939e-03,3.548922e-03,6.807430e-01,1.131972e-03,3.232979e-02,2.674356e-03,6.903516e-03,9.608209e-03,6.346547e-03,4.678006e-03,2.249256e-03,6.502995e-03
1.613828e-01,5.949327e-03,4.715970e-03,7.347350e-03,2.848808e-03,7.380641e-01,8.773024e-04,2.375645e-02,3.435331e-03,2.300929e-02,1.029435e-02,4.555209e-03,3.377358e-03,1.838937e-03,8.547443e-03
1.877488e-01,5.852547e-03,8.034812e-03,9.753969e-03,2.920144e-03,6.974159e-01,9.678476e-04,1.942821e-02,5.246189e-03,2.489189e-02,1.586042e-02,3.973762e-03,2.800269e-03,2.873582e-03,1.223168e-02
1.785731e-01,6.232042e-03,1.196771e-02,1.273242e-02,3.248669e-03,6.736709e-01,1.365824e-03,1.658939e-02,9.622673e-03,2.819851e-02,3.223852e-02,3.681115e-03,2.607647e-03,5.296981e-03,1.397463e-02
2.358024e-01,7.922998e-03,1.813625e-02,1.352428e-02,4.575610e-03,5.772886e-01,2.638376e-03,1.788744e-02,1.141777e-02,2.601400e-02,3.997335e-02,4.257721e-03,3.840222e-03,1.384251e-02,2.287861e-02
3.372263e-01,8.230503e-03,1.918535e-02,1.648227e-02,6.185434e-03,4.452074e-01,4.350935e-03,2.428706e-02,1.144311e-02,2.170432e-02,3.681210e-02,5.799100e-03,5.196352e-03,1.973308e-02,3.815684e-02
3.682842e-01,1.002240e-02,2.195724e-02,2.301684e-02,7.432273e-03,3.509810e-01,4.554997e-03,2.921673e-02,1.493482e-02,2.058666e-02,4.203868e-02,1.122397e-02,7.971017e-03,3.613627e-02,5.164299e-02
4.275811e-01,1.724438e-02,2.200138e-02,2.697964e-02,6.816114e-03,2.561932e-01,4.288787e-03,2.465396e-02,1.469472e-02,1.687446e-02,4.084753e-02,1.300920e-02,8.911423e-03,4.591028e-02,7.399389e-02
3.921617e-01,1.687686e-02,1.895031e-02,2.698295e-02,8.202219e-03,1.971609e-01,4.006454e-03,1.865564e-02,2.064146e-02,1.421617e-02,1.524692e-01,1.611792e-02,8.108458e-03,4.153532e-02,6.391457e-02
2.883258e-01,1.323678e-02,1.424248e-02,1.952836e-02,5.926547e-03,1.646916e-01,3.018422e-03,1.330723e-02,1.596372e-02,1.042859e-02,3.332258e-01,2.549382e-02,5.896860e-03,3.983996e-02,4.687396e-02
2.208566e-01,1.066220e-02,1.099070e-02,1.492385e-02,4.412502e-03,1.238070e-01,3.092967e-03,1.034718e-02,1.342398e-02,8.741587e-03,4.395631e-01,3.890689e-02,4.424789e-03,6.010354e-02,3.574311e-02
1.688712e-01,2.072198e-02,1.144584e-02,1.355739e-02,4.836230e-03,8.961378e-02,4.135667e-03,1.035619e-02,1.737298e-02,8.481555e-03,4.840929e-01,6.596913e-02,3.286669e-03,5.345912e-02,4.379941e-02
1.225830e-01,1.714065e-02,8.934647e-03,1.099251e-02,4.623583e-03,6.868093e-02,3.596738e-03,8.670097e-03,1.723891e-02,8.853782e-03,5.356619e-01,9.592392e-02,2.637910e-03,6.183385e-02,3.262761e-02
8.611546e-02,1.645184e-02,8.642407e-03,7.807146e-03,4.740272e-03,4.832133e-02,2.604508e-03,6.359683e-03,1.585211e-02,7.565994e-03,6.173018e-01,9.289104e-02,1.912160e-03,6.007774e-02,2.335655e-02
6.151214e-02,1.244933e-02,6.953058e-03,5.529150e-03,3.540381e-03,3.424493e-02,1.894234e-03,4.748220e-03,1.746582e-02,6.365506e-03,6.675934e-01,7.547387e-02,1.428078e-03,8.427356e-02,1.652835e-02
4.414446e-02,9.028809e-03,5.275812e-03,3.902606e-03,2.584692e-03,2.464828e-02,1.346405e-03,3.476167e-03,1.764615e-02,6.946609e-03,6.433631e-01,5.894252e-02,1.088447e-03,1.659627e-01,1.164326e-02
3.110599e-02,6.469468e-03,4.309105e-03,2.760927e-03,2.010573e-03,1.750646e-02,9.503682e-04,2.531575e-03,1.559981e-02,5.278820e-03,7.131395e-01,4.455939e-02,7.859618e-04,1.447991e-01,8.192930e-03
2.216157e-02,4.729931e-03,5.269474e-03,2.107761e-03,3.269244e-03,1.329636e-02,6.889576e-04,2.171390e-03,1.865992e-02,4.823566e-03,7.455164e-01,3.607737e-02,6.586375e-04,1.347755e-01,5.793930e-03
1.604465e-02,3.547417e-03,4.553133e-03,1.624290e-03,3.370800e-03,1.090871e-02,4.976427e-04,2.012578e-03,2.462624e-02,4.172125e-03,7.513276e-01,2.919176e-02,6.448805e-04,1.433636e-01,4.114590e-03
1.486627e-02,3.296542e-03,6.949360e-03,2.300277e-03,4.258883e-03,1.171926e-02,4.405006e-04,2.922049e-03,5.040213e-02,5.276782e-03,6.270406e-01,2.283031e-02,8.625063e-04,2.435987e-01,3.235862e-03
1.773094e-02,3.285275e-03,8.029522e-03,6.775539e-03,1.084288e-02,9.974854e-03,4.718794e-04,5.584572e-03,9.084024e-02,8.019414e-03,4.936479e-01,1.776163e-02,3.161280e-03,3.205522e-01,3.321840e-03
2.223791e-02,3.268072e-03,8.979853e-03,1.243275e-02,3.737925e-02,8.286820e-03,8.261384e-04,5.698740e-03,1.034857e-01,7.771179e-03,4.647158e-01,1.419857e-02,5.510553e-03,3.014890e-01,3.719676e-03
3.509947e-02,7.729010e-03,1.098146e-02,1.759660e-02,7.016647e-02,8.834039e-03,1.241116e-03,9.420469e-03,1.729189e-01,7.442790e-03,3.422445e-01,1.160998e-02,1.149771e-02,2.869911e-01,6.226344e-03
4.106305e-02,1.508640e-02,1.472067e-02,1.782639e-02,6.908658e-02,8.886247e-03,1.111600e-03,1.002049e-02,2.135476e-01,8.234456e-03,2.797067e-01,1.138880e-02,1.978036e-02,2.803333e-01,9.207189e-03
5.819836e-02,2.038176e-02,2.495624e-02,1.483746e-02,5.580929e-02,8.643305e-03,1.102265e-03,8.201996e-03,2.098021e-01,8.002302e-03,2.386445e-01,9.298987e-03,1.811752e-02,3.067809e-01,1.722298e-02
1.003312e-01,2.135426e-02,2.336028e-02,3.314341e-02,8.244629e-02,1.249722e-02,1.568306e-03,8.622103e-03,2.071324e-01,7.409334e-03,1.840571e-01,9.249040e-03,1.707206e-02,2.717848e-01,1.997216e-02
1.316252e-01,2.193336e-02,2.005822e-02,3.418125e-02,9.355843e-02,1.776583e-02,1.978578e-03,8.319315e-03,1.880755e-01,6.814376e-03,1.577680e-01,9.991460e-03,1.471023e-02,2.701761e-01,2.304409e-02
1.382916e-01,3.146537e-02,2.614573e-02,6.962099e-02,1.296982e-01,3.479245e-02,3.751768e-03,2.230132e-02,1.578031e-01,6.325018e-03,1.228772e-01,1.523524e-02,1.378764e-02,2.086966e-01,1.920778e-02
1.303191e-01,3.021119e-02,3.213453e-02,7.194926e-02,1.159618e-01,3.167351e-02,5.392991e-03,2.254700e-02,1.300214e-01,8.606235e-03,1.343860e-01,4.742375e-02,4.286715e-02,1.772142e-01,1.929172e-02
1.339442e-01,3.391393e-02,3.959222e-02,7.139379e-02,1.474874e-01,3.169353e-02,5.427922e-03,4.133295e-02,1.004245e-01,9.281082e-03,1.159722e-01,6.165332e-02,5.649981e-02,1.360652e-01,1.531795e-02
1.800403e-01,3.126054e-02,3.585112e-02,6.370325e-02,1.714700e-01,2.806924e-02,4.386869e-03,3.345009e-02,8.310650e-02,1.206906e-02,1.085726e-01,7.069631e-02,5.244143e-02,1.076657e-01,1.721697e-02
1.920303e-01,2.751350e-02,3.256327e-02,5.704585e-02,1.636474e-01,2.960053e-02,3.690046e-03,2.799357e-02,7.775868e-02,1.252071e-02,1.028620e-01,9.443694e-02,6.718217e-02,8.807107e-02,2.308401e-02
2.542812e-01,2.514635e-02,3.742455e-02,4.761156e-02,1.621617e-01,2.585769e-02,3.219304e-03,2.909634e-02,7.660090e-02,1.176351e-02,8.390415e-02,7.928373e-02,5.762833e-02,7.157787e-02,3.444285e-02
2.866395e-01,2.230499e-02,5.111875e-02,3.942627e-02,1.321897e-01,2.291425e-02,5.192942e-03,5.978422e-02,7.295449e-02,1.738440e-02,7.615460e-02,7.228543e-02,5.498970e-02,5.674392e-02,2.991683e-02
3.655263e-01,1.992809e-02,5.338006e-02,3.884990e-02,1.014450e-01,3.130892e-02,4.630280e-03,4.672478e-02,6.800079e-02,1.481643e-02,6.013110e-02,6.909090e-02,4.947054e-02,4.537770e-02,3.131913e-02
4.702493e-01,1.726881e-02,4.974428e-02,3.596486e-02,7.736581e-02,2.932497e-02,3.827521e-03,3.641902e-02,5.881312e-02,1.197841e-02,4.528401e-02,5.719258e-02,3.990653e-02,3.867882e-02,2.798196e-02
1.000000e+00,0.000000e+00,0.000000e+00,0.000000e+00,0.000000e+00,0.000000e+00,0.000000e+00,0.000000e+00,0.000000e+00,0.000000e+00,0.000000e+00,0.000000e+00,0.000000e+00,0.000000e+00,0.000000e+00
1.000000e+00,0.000000e+00,0.000000e+00,0.000000e+00,0.000000e+00,0.000000e+00,0.000000e+00,0.000000e+00,0.000000e+00,0.000000e+00,0.000000e+00,0.000000e+00,0.000000e+00,0.000000e+00,0.000000e+00
1.000000e+00,0.000000e+00,0.000000e+00,0.000000e+00,0.000000e+00,0.000000e+00,0.000000e+00,0.000000e+00,0.000000e+00,0.000000e+00,0.000000e+00,0.000000e+00,0.000000e+00,0.000000e+00,0.000000e+00
1.000000e+00,0.000000e+00,0.000000e+00,0.000000e+00,0.000000e+00,0.000000e+00,0.000000e+00,0.000000e+00,0.000000e+00,0.000000e+00,0.000000e+00,0.000000e+00,0.000000e+00,0.000000e+00,0.000000e+00
1.000000e+00,0.000000e+00,0.000000e+00,0.000000e+00,0.000000e+00,0.000000e+00,0.000000e+00,0.000000e+00,0.000000e+00,0.000000e+00,0.000000e+00,0.000000e+00,0.000000e+00,0.000000e+00,0.000000e+00
1.000000e+00,0.000000e+00,0.000000e+00,0.000000e+00,0.000000e+00,0.000000e+00,0.000000e+00,0.000000e+00,0.000000e+00,0.000000e+00,0.000000e+00,0.000000e+00,0.000000e+00,0.000000e+00,0.000000e+00
1.000000e+00,0.000000e+00,0.000000e+00,0.000000e+00,0.000000e+00,0.000000e+00,0.000000e+00,0.000000e+00,0.000000e+00,0.000000e+00,0.000000e+00,0.000000e+00,0.000000e+00,0.000000e+00,0.000000e+00
1.000000e+00,0.000000e+00,0.000000e+00,0.000000e+00,0.000000e+00,0.000000e+00,0.000000e+00,0.000000e+00,0.000000e+00,0.000000e+00,0.000000e+00,0.000000e+00,0.000000e+00,0.000000e+00,0.000000e+00
1.000000e+00,0.000000e+00,0.000000e+00,0.000000e+00,0.000000e+00,0.000000e+00,0.000000e+00,0.000000e+00,0.000000e+00,0.000000e+00,0.000000e+00,0.000000e+00,0.000000e+00,0.000000e+00,0.000000e+00
1.000000e+00,0.000000e+00,0.000000e+00,0.000000e+00,0.000000e+00,0.000000e+00,0.000000e+00,0.000000e+00,0.000000e+00,0.000000e+00,0.000000e+00,0.000000e+00,0.000000e+00,0.000000e+00,0.000000e+00
1.000000e+00,0.000000e+00,0.000000e+00,0.000000e+00,0.000000e+00,0.000000e+00,0.000000e+00,0.000000e+00,0.000000e+00,0.000000e+00,0.000000e+00,0.000000e+00,0.000000e+00,0.000000e+00,0.000000e+00
1.000000e+00,0.000000e+00,0.000000e+00,0.000000e+00,0.000000e+00,0.000000e+00,0.000000e+00,0.000000e+00,0.000000e+00,0.000000e+00,0.000000e+00,0.000000e+00,0.000000e+00,0.000000e+00,0.000000e+00
1.000000e+00,0.000000e+00,0.000000e+00,0.000000e+00,0.000000e+00,0.000000e+00,0.000000e+00,0.000000e+00,0.000000e+00,0.000000e+00,0.000000e+00,0.000000e+00,0.000000e+00,0.000000e+00,0.000000e+00
1.000000e+00,0.000000e+00,0.000000e+00,0.000000e+00,0.000000e+00,0.000000e+00,0.000000e+00,0.000000e+00,0.000000e+00,0.000000e+00,0.000000e+00,0.000000e+00,0.000000e+00,0.000000e+00,0.000000e+00
1.000000e+00,0.000000e+00,0.000000e+00,0.000000e+00,0.000000e+00,0.000000e+00,0.000000e+00,0.000000e+00,0.000000e+00,0.000000e+00,0.000000e+00,0.000000e+00,0.000000e+00,0.000000e+00,0.000000e+00
1.000000e+00,0.000000e+00,0.000000e+00,0.000000e+00,0.000000e+00,0.000000e+00,0.000000e+00,0.000000e+00,0.000000e+00,0.000000e+00,0.000000e+00,0.000000e+00,0.000000e+00,0.000000e+00,0.000000e+00
4.697030e-01,2.296602e-02,9.245712e-03,1.154459e-01,1.876459e-02,5.039273e-02,7.377286e-03,1.571644e-02,2.725189e-02,5.685573e-03,6.748345e-02,1.272568e-01,3.545116e-02,5.285084e-03,2.197430e-02
3.299419e-01,2.281803e-02,7.191640e-03,3.076579e-01,1.717469e-02,3.677813e-02,5.238644e-03,1.123223e-02,2.303049e-02,4.525899e-03,7.891754e-02,1.099275e-01,2.579114e-02,3.909143e-03,1.586507e-02
2.321068e-01,1.668315e-02,5.217460e-03,2.352812e-01,1.463391e-02,2.670679e-02,3.704923e-03,8.189093e-03,1.986598e-02,3.452328e-03,1.580117e-01,2.398180e-01,2.132230e-02,3.325917e-03,1.168051e-02
1.749003e-01,1.254642e-02,3.934439e-03,2.168302e-01,1.691189e-02,2.161234e-02,2.797923e-03,6.965995e-03,2.053258e-02,3.825688e-03,2.302514e-01,2.500527e-01,2.432501e-02,5.484571e-03,9.028452e-03
1.436316e-01,9.921007e-03,3.071458e-03,1.744870e-01,2.467766e-02,2.126972e-02,2.399188e-03,8.882284e-03,2.087393e-02,3.731144e-03,2.498973e-01,2.968988e-01,2.646623e-02,6.948477e-03,6.844089e-03
1.226305e-01,8.109096e-03,2.454790e-03,1.328190e-01,2.630101e-02,1.677897e-02,1.785243e-03,6.871081e-03,1.689497e-02,3.436246e-03,2.463960e-01,3.746945e-01,2.377197e-02,1.152837e-02,5.528119e-03
1.209724e-01,6.491358e-03,2.157780e-03,1.140256e-01,2.360383e-02,1.483400e-02,1.362057e-03,5.552797e-03,1.345349e-02,3.541598e-03,2.769444e-01,3.678491e-01,2.310520e-02,2.111693e-02,4.989437e-03
9.603849e-02,4.975287e-03,1.617387e-03,8.437525e-02,1.882430e-02,1.321256e-02,9.929811e-04,3.995589e-03,1.039137e-02,4.032017e-03,3.185691e-01,3.874641e-01,1.869708e-02,3.181621e-02,4.998232e-03
7.443044e-02,4.435708e-03,1.495982e-03,6.838663e-02,5.792822e-02,1.091652e-02,7.940959e-04,3.865980e-03,1.118185e-02,4.254758e-03,2.932509e-01,3.995012e-01,1.557191e-02,4.835565e-02,5.630110e-03
5.737241e-02,4.709296e-03,1.476395e-03,5.018183e-02,6.228075e-02,9.511280e-03,6.536964e-04,3.143013e-03,9.221047e-03,4.044386e-03,3.836040e-01,3.436292e-01,1.190107e-02,5.210020e-02,6.171353e-03
4.947291e-02,4.915684e-03,1.604732e-03,3.708740e-02,5.945177e-02,9.395098e-03,6.025831e-04,2.580585e-03,1.120656e-02,4.910209e-03,4.067041e-01,3.033597e-01,9.086250e-03,9.064174e-02,8.980724e-03
3.879021e-02,4.730230e-03,1.307006e-03,2.766305e-02,5.376254e-02,9.768154e-03,4.679778e-04,2.027076e-03,1.761101e-02,4.104042e-03,4.231340e-01,2.640966e-01,7.637705e-03,1.366165e-01,8.283759e-03
3.117643e-02,4.214616e-03,1.572534e-03,2.300698e-02,6.564932e-02,1.043031e-02,4.747151e-04,1.722899e-03,2.196245e-02,5.468295e-03,4.735311e-01,2.284217e-01,7.000871e-03,1.167799e-01,8.587789e-03
2.533845e-02,3.325716e-03,1.258645e-03,1.655682e-02,7.317549e-02,7.587559e-03,5.941432e-04,1.423133e-03,1.874434e-02,5.026876e-03,5.492136e-01,1.822591e-01,6.132895e-03,1.027666e-01,6.596604e-03
3.411585e-02,2.844447e-03,1.294595e-03,1.205581e-02,7.499078e-02,6.003139e-03,7.295142e-04,1.844005e-03,1.527793e-02,4.939973e-03,5.804540e-01,1.472785e-01,5.795983e-03,1.070424e-01,5.333004e-03
3.216385e-02,8.131291e-03,2.229639e-03,1.072012e-02,6.324086e-02,5.862609e-03,6.022380e-04,2.182254e-03,4.349902e-02,6.489068e-03,5.305209e-01,1.542980e-01,4.927364e-03,1.265164e-01,8.616433e-03
2.432721e-02,1.225503e-02,4.481087e-03,8.528648e-03,5.074444e-02,4.628228e-03,4.743146e-04,2.143363e-03,1.191490e-01,5.937045e-03,4.892118e-01,1.517923e-01,4.135441e-03,1.129094e-01,9.282588e-03
1.748202e-02,9.316082e-03,4.231878e-03,6.659452e-03,3.737325e-02,3.715828e-03,3.478195e-04,1.820961e-03,2.334394e-01,4.659594e-03,4.331849e-01,1.427833e-01,3.364494e-03,9.474783e-02,6.873157e-03
1.382157e-02,7.782751e-03,4.961312e-03,6.040208e-03,3.123512e-02,4.048310e-03,2.830687e-04,1.604300e-03,2.921013e-01,4.405870e-03,4.104852e-01,1.300194e-01,2.820517e-03,8.385211e-02,6.538946e-03
1.085044e-02,6.175355e-03,5.085145e-03,4.923530e-03,2.405273e-02,5.328083e-03,2.228543e-04,1.458798e-03,2.990847e-01,3.962452e-03,4.300963e-01,1.220898e-01,2.508330e-03,7.824399e-02,5.917579e-03
1.189421e-02,6.152302e-03,4.863372e-03,3.984972e-03,1.807762e-02,5.219411e-03,1.898264e-04,1.578271e-03,3.405629e-01,5.552958e-03,3.934690e-01,9.941395e-02,2.122881e-03,1.009320e-01,5.986352e-03
1.393070e-02,4.702353e-03,5.061658e-03,3.883061e-03,1.396677e-02,4.614674e-03,1.726802e-04,2.983396e-03,3.419970e-01,6.157112e-03,4.238157e-01,7.602881e-02,1.712868e-03,9.642713e-02,4.546073e-03
1.631881e-02,3.844777e-03,6.641623e-03,3.651049e-03,1.086476e-02,4.374229e-03,1.362786e-04,2.754055e-03,3.773117e-01,4.884567e-03,3.985645e-01,5.638466e-02,1.313049e-03,1.095940e-01,3.361828e-03
1.523897e-02,2.926824e-03,5.567435e-03,2.951937e-03,8.211909e-03,4.842694e-03,1.229179e-04,2.543245e-03,4.194224e-01,4.490794e-03,3.642042e-01,4.150150e-02,1.136828e-03,1.242184e-01,2.619959e-03
1.239913e-02,2.176891e-03,4.220087e-03,2.235265e-03,5.976433e-03,4.128070e-03,9.744118e-05,1.859992e-03,3.522437e-01,3.365679e-03,3.520203e-01,3.088526e-02,1.020382e-03,2.253443e-01,2.027096e-03
1.098419e-02,4.509861e-03,4.633949e-03,1.858237e-03,4.520671e-03,4.014098e-03,8.529059e-05,1.349529e-03,3.952332e-01,3.827042e-03,2.856553e-01,2.316130e-02,9.873181e-04,2.552376e-01,3.942291e-03
8.572595e-03,4.034821e-03,4.368832e-03,1.424290e-03,3.365990e-03,3.580800e-03,6.760616e-05,9.601918e-04,4.829592e-01,4.035845e-03,2.102775e-01,1.671875e-02,7.612321e-04,2.541017e-01,4.770536e-03
7.094164e-03,3.929981e-03,5.751275e-03,1.699474e-03,2.853800e-03,3.445055e-03,5.953279e-05,7.680623e-04,6.040810e-01,4.465881e-03,1.538320e-01,1.204592e-02,5.868736e-04,1.942104e-01,5.176472e-03
8.640559e-03,3.040420e-03,7.967416e-03,1.823678e-03,3.879121e-03,5.850626e-03,1.260117e-04,1.113339e-03,6.655573e-01,3.522376e-03,1.429837e-01,8.546619e-03,4.694520e-04,1.424993e-01,3.980171e-03
1.515577e-02,2.373098e-03,2.793017e-02,5.444307e-03,5.973380e-03,1.063605e-02,2.402264e-04,3.834134e-03,7.033867e-01,2.994484e-03,1.110663e-01,6.129963e-03,4.074350e-04,1.011165e-01,3.311461e-03
3.779987e-02,5.866185e-03,4.956349e-02,9.947076e-03,8.566128e-03,1.915933e-02,2.290394e-04,3.011786e-03,6.544346e-01,3.204113e-03,1.157766e-01,4.476658e-03,4.087234e-04,7.756405e-02,9.992386e-03
4.905743e-02,8.073401e-03,5.224451e-02,1.020828e-02,1.260114e-02,3.077172e-02,2.206950e-04,2.321685e-03,6.187303e-01,3.611303e-03,1.257409e-01,3.290008e-03,4.763995e-04,6.955441e-02,1.309772e-02
5.758613e-02,8.632880e-03,8.916956e-02,1.381698e-02,1.476094e-02,3.157790e-02,2.687133e-04,1.976691e-03,5.817267e-01,3.264792e-03,1.142950e-01,2.750523e-03,5.875920e-04,6.466170e-02,1.492382e-02
6.741684e-02,8.766170e-03,1.163394e-01,1.634008e-02,1.680190e-02,3.344046e-02,3.103606e-04,2.005427e-03,5.363354e-01,3.358379e-03,1.179880e-01,2.700755e-03,7.722251e-04,5.814696e-02,1.927763e-02
7.267124e-02,7.682092e-03,1.231088e-01,1.761070e-02,1.503951e-02,3.279007e-02,3.328070e-04,2.121715e-03,5.381711e-01,3.341894e-03,1.125820e-01,3.058529e-03,8.984510e-04,5.061560e-02,1.997551e-02
8.556494e-02,6.272365e-03,1.021027e-01,1.664377e-02,1.352860e-02,2.592067e-02,4.177795e-04,2.290365e-03,5.544221e-01,2.731252e-03,1.217703e-01,3.821013e-03,1.253276e-03,4.718965e-02,1.607117e-02
1.121665e-01,7.481939e-03,1.071530e-01,2.696261e-02,1.574965e-02,2.263632e-02,1.186205e-03,4.543278e-03,5.210409e-01,2.628221e-03,1.122432e-01,8.729850e-03,2.394410e-03,4.116667e-02,1.391728e-02
1.993438e-01,1.043170e-02,1.317775e-01,3.170644e-02,1.357098e-02,3.068722e-02,1.748135e-03,5.534031e-03,3.932328e-01,4.196435e-03,9.635504e-02,1.483198e-02,4.707152e-03,4.216204e-02,1.971477e-02
2.609406e-01,1.053946e-02,1.554018e-01,4.390846e-02,1.388742e-02,2.588731e-02,2.163922e-03,6.976119e-03,2.941798e-01,5.194930e-03,8.263638e-02,2.582802e-02,6.788884e-03,4.517660e-02,2.049040e-02
3.306794e-01,1.165491e-02,1.404552e-01,5.017608e-02,2.096339e-02,2.356061e-02,2.745566e-03,9.166235e-03,2.304338e-01,6.144872e-03,7.221395e-02,2.921511e-02,8.047073e-03,4.411943e-02,2.042450e-02
3.556655e-01,1.809937e-02,1.421587e-01,6.723858e-02,2.824433e-02,2.638757e-02,3.985295e-03,1.443699e-02,1.702436e-01,6.810836e-03,5.848113e-02,3.683683e-02,1.016363e-02,4.093603e-02,2.031156e-02
3.524061e-01,2.337486e-02,1.130687e-01,7.459891e-02,2.569104e-02,2.706736e-02,3.962342e-03,1.386496e-02,1.421883e-01,1.467160e-02,5.222222e-02,5.005581e-02,2.049634e-02,4.306526e-02,4.326616e-02
2.979773e-01,3.191952e-02,8.560044e-02,7.780151e-02,2.021958e-02,2.617612e-02,3.658718e-03,1.186910e-02,1.084590e-01,1.369526e-02,5.043070e-02,1.086915e-01,4.674623e-02,4.905781e-02,6.769717e-02
2.657097e-01,2.807908e-02,1.502118e-01,9.915534e-02,1.596850e-02,2.097220e-02,3.025403e-03,1.159704e-02,9.424910e-02,1.538840e-02,4.331008e-02,9.162604e-02,4.292143e-02,3.774145e-02,8.004449e-02
3.161967e-01,2.459233e-02,1.457887e-01,9.245613e-02,1.302050e-02,1.999493e-02,2.674594e-03,1.071903e-02,7.273483e-02,1.371784e-02,4.252834e-02,8.995711e-02,4.677060e-02,3.184074e-02,7.700766e-02
3.054920e-01,2.034569e-02,1.939132e-01,7.245901e-02,1.102351e-02,1.876831e-02,2.420694e-03,1.026507e-02,5.804196e-02,2.914877e-02,3.907152e-02,7.443930e-02,4.230480e-02,5.019958e-02,7.210661e-02
4.039419e-01,1.863523e-02,1.522818e-01,5.832338e-02,1.246495e-02,2.183064e-02,2.887084e-03,1.092798e-02,4.870216e-02,2.398664e-02,3.346173e-02,6.529427e-02,4.340586e-02,4.220442e-02,6.165187e-02
4.145240e-01,2.531121e-02,1.240303e-01,8.958633e-02,1.340503e-02,2.272934e-02,4.538200e-03,1.479629e-02,4.716569e-02,2.138918e-02,3.235680e-02,6.039092e-02,3.657074e-02,3.388753e-02,5.931839e-02
1.000000e+00,0.000000e+00,0.000000e+00,0.000000e+00,0.000000e+00,0.000000e+00,0.000000e+00,0.000000e+00,0.000000e+00,0.000000e+00,0.000000e+00,0.000000e+00,0.000000e+00,0.000000e+00,0.000000e+00
1.000000e+00,0.000000e+00,0.000000e+00,0.000000e+00,0.000000e+00,0.000000e+00,0.000000e+00,0.000000e+00,0.000000e+00,0.000000e+00,0.000000e+00,0.000000e+00,0.000000e+00,0.000000e+00,0.000000e+00
1.000000e+00,0.000000e+00,0.000000e+00,0.000000e+00,0.000000e+00,0.000000e+00,0.000000e+00,0.000000e+00,0.000000e+00,0.000000e+00,0.000000e+00,0.000000e+00,0.000000e+00,0.000000e+00,0.000000e+00
1.000000e+00,0.000000e+00,0.000000e+00,0.000000e+00,0.000000e+00,0.000000e+00,0.000000e+00,0.000000e+00,0.000000e+00,0.000000e+00,0.000000e+00,0.000000e+00,0.000000e+00,0.000000e+00,0.000000e+00
1.000000e+00,0.000000e+00,0.000000e+00,0.000000e+00,0.000000e+00,0.000000e+00,0.000000e+00,0.000000e+00,0.000000e+00,0.000000e+00,0.000000e+00,0.000000e+00,0.000000e+00,0.000000e+00,0.000000e+00
1.000000e+00,0.000000e+00,0.000000e+00,0.000000e+00,0.000000e+00,0.000000e+00,0.000000e+00,0.000000e+00,0.000000e+00,0.000000e+00,0.000000e+00,0.000000e+00,0.000000e+00,0.000000e+00,0.000000e+00
1.000000e+00,0.000000e+00,0.000000e+00,0.000000e+00,0.000000e+00,0.000000e+00,0.000000e+00,0.000000e+00,0.000000e+00,0.000000e+00,0.000000e+00,0.000000e+00,0.000000e+00,0.000000e+00,0.000000e+00
1.000000e+00,0.000000e+00,0.000000e+00,0.000000e+00,0.000000e+00,0.000000e+00,0.000000e+00,0.000000e+00,0.000000e+00,0.000000e+00,0.000000e+00,0.000000e+00,0.000000e+00,0.000000e+00,0.000000e+00
1.000000e+00,0.000000e+00,0.000000e+00,0.000000e+00,0.000000e+00,0.000000e+00,0.000000e+00,0.000000e+00,0.000000e+00,0.000000e+00,0.000000e+00,0.000000e+00,0.000000e+00,0.000000e+00,0.000000e+00
1.000000e+00,0.000000e+00,0.000000e+00,0.000000e+00,0.000000e+00,0.000000e+00,0.000000e+00,0.000000e+00,0.000000e+00,0.000000e+00,0.000000e+00,0.000000e+00,0.000000e+00,0.000000e+00,0.000000e+00
1.000000e+00,0.000000e+00,0.000000e+00,0.000000e+00,0.000000e+00,0.000000e+00,0.000000e+00,0.000000e+00,0.000000e+00,0.000000e+00,0.000000e+00,0.000000e+00,0.000000e+00,0.000000e+00,0.000000e+00
1.000000e+00,0.000000e+00,0.000000e+00,0.000000e+00,0.000000e+00,0.000000e+00,0.000000e+00,0.000000e+00,0.000000e+00,0.000000e+00,0.000000e+00,0.000000e+00,0.000000e+00,0.000000e+00,0.000000e+00
1.000000e+00,0.000000e+00,0.000000e+00,0.000000e+00,0.000000e+00,0.000000e+00,0.000000e+00,0.000000e+00,0.000000e+00,0.000000e+00,0.000000e+00,0.000000e+00,0.000000e+00,0.000000e+00,0.000000e+00
1.000000e+00,0.000000e+00,0.000000e+00,0.000000e+00,0.000000e+00,0.000000e+00,0.000000e+00,0.000000e+00,0.000000e+00,0.000000e+00,0.000000e+00,0.000000e+00,0.000000e+00,0.000000e+00,0.000000e+00
1.000000e+00,0.000000e+00,0.000000e+00,0.000000e+00,0.000000e+00,0.000000e+00,0.000000e+00,0.000000e+00,0.000000e+00,0.000000e+00,0.000000e+00,0.000000e+00,0.000000e+00,0.000000e+00,0.000000e+00
4.586197e-01,2.001637e-02,3.285122e-02,5.117334e-02,1.988163e-02,1.546269e-02,4.704177e-03,2.805980e-01,3.952162e-02,1.166892e-02,1.508941e-02,1.202618e-02,8.507937e-03,8.981559e-03,2.089719e-02
3.388799e-01,1.493886e-02,2.386029e-02,3.814122e-02,1.578823e-02,1.331774e-02,4.377464e-03,4.655792e-01,2.821445e-02,8.267413e-03,1.123251e-02,9.001268e-03,6.762025e-03,6.458880e-03,1.518052e-02
2.397904e-01,1.066976e-02,1.754851e-02,2.740830e-02,1.268671e-02,9.811522e-03,3.265356e-03,6.184177e-01,1.987085e-02,5.804703e-03,8.060877e-03,6.390157e-03,4.889378e-03,4.589341e-03,1.079645e-02
1.703668e-01,7.550042e-03,1.260701e-02,1.960219e-02,1.073864e-02,7.133862e-03,2.480961e-03,7.269882e-01,1.395567e-02,4.067889e-03,5.719048e-03,4.488877e-03,3.464631e-03,3.256217e-03,7.579903e-03
1.212578e-01,5.318669e-03,9.115918e-03,1.396032e-02,8.901108e-03,5.179877e-03,1.940157e-03,8.043685e-01,9.796149e-03,2.851255e-03,4.056119e-03,3.163855e-03,2.462738e-03,2.303574e-03,5.323946e-03
8.934958e-02,3.797816e-03,6.580733e-03,1.004533e-02,9.815012e-03,3.915225e-03,1.512528e-03,8.537163e-01,6.929228e-03,2.005409e-03,2.913874e-03,2.245033e-03,1.774765e-03,1.648213e-03,3.751022e-03
6.803358e-02,2.733593e-03,4.830504e-03,7.288037e-03,7.945650e-03,2.944679e-03,1.282704e-03,8.897245e-01,4.930140e-03,1.412625e-03,2.081955e-03,1.647270e-03,1.292233e-03,1.191083e-03,2.661492e-03
5.584000e-02,1.940135e-03,3.559703e-03,5.347496e-03,6.339576e-03,2.431355e-03,1.151070e-03,9.124604e-01,3.478586e-03,1.007181e-03,1.490888e-03,1.242269e-03,9.581868e-04,8.496800e-04,1.903527e-03
4.755039e-02,1.396062e-03,2.826699e-03,4.058563e-03,5.735531e-03,1.879746e-03,1.093431e-03,9.274375e-01,2.513236e-03,7.384233e-04,1.077976e-03,9.693797e-04,7.280305e-04,6.084126e-04,1.386656e-03
4.990465e-02,1.142173e-03,2.236385e-03,3.270229e-03,4.823007e-03,1.830256e-03,9.911113e-04,9.288374e-01,2.079259e-03,6.279551e-04,8.575825e-04,9.999803e-04,7.210773e-04,4.537142e-04,1.225248e-03
6.257245e-02,8.951337e-04,2.034577e-03,2.839982e-03,4.378859e-03,1.902658e-03,8.503622e-04,9.181283e-01,1.597224e-03,4.850953e-04,7.061654e-04,1.394234e-03,8.389077e-04,3.622391e-04,1.013809e-03
7.547772e-02,6.789112e-04,1.745136e-03,2.270031e-03,3.296664e-03,1.940846e-03,7.400943e-04,9.071237e-01,1.273055e-03,3.829697e-04,6.279189e-04,2.227735e-03,1.039923e-03,3.030263e-04,8.722752e-04
1.207228e-01,1.545141e-03,2.604675e-03,2.608057e-03,6.056486e-03,3.833904e-03,1.357799e-03,8.403310e-01,1.635032e-03,4.796198e-04,1.534713e-03,1.021415e-02,5.501270e-03,3.956608e-04,1.179750e-03
9.125058e-02,2.937788e-03,2.186910e-03,4.417328e-03,1.003140e-02,1.604967e-02,1.273683e-03,5.991524e-01,1.939439e-03,4.168945e-04,6.297599e-03,2.411105e-01,2.118445e-02,4.203760e-04,1.330965e-03
6.403269e-02,2.113645e-03,1.556812e-03,3.292765e-03,7.302760e-03,1.251022e-02,9.085329e-04,4.195827e-01,2.685051e-03,3.368596e-04,8.535626e-03,4.497007e-01,2.612308e-02,3.359317e-04,9.826536e-04
4.639448e-02,1.550880e-03,1.175700e-03,2.533334e-03,6.316775e-03,9.212680e-03,6.866751e-04,2.939298e-01,2.095696e-02,4.042771e-04,9.808833e-03,5.642624e-01,4.180754e-02,2.460853e-04,7.136160e-04
3.678645e-02,1.304140e-03,9.809998e-04,1.961572e-03,6.047206e-03,7.531019e-03,6.604068e-04,2.061743e-01,3.616968e-02,7.736828e-04,1.089660e-02,6.284936e-01,6.146134e-02,2.201408e-04,5.389616e-04
2.791389e-02,1.158254e-03,7.723028e-04,1.468947e-03,4.868089e-03,6.089849e-03,6.431392e-04,1.446156e-01,4.273627e-02,1.379462e-03,1.003700e-02,7.049659e-01,5.263004e-02,3.075502e-04,4.137483e-04
2.365551e-02,9.980145e-04,6.925854e-04,1.135581e-03,4.350326e-03,5.123794e-03,7.019039e-04,1.013315e-01,3.732660e-02,2.002528e-03,1.022343e-02,7.702964e-01,4.128551e-02,5.406730e-04,3.357533e-04
2.568255e-02,1.249724e-03,1.061562e-03,1.035390e-03,5.478342e-03,7.107351e-03,8.592219e-04,7.149794e-02,3.925380e-02,5.807197e-03,1.674804e-02,7.893915e-01,3.322695e-02,1.141460e-03,4.590082e-04
5.116369e-02,2.820942e-03,2.208762e-03,1.126473e-03,8.051151e-03,7.917991e-03,8.874949e-04,5.450843e-02,4.666464e-02,1.526204e-02,3.245831e-02,7.446267e-01,3.035961e-02,1.289106e-03,6.547211e-04
5.841774e-02,3.806508e-03,1.923770e-03,1.147729e-03,7.332154e-03,6.173443e-03,7.031262e-04,3.902527e-02,5.271306e-02,2.305243e-02,4.342797e-02,7.354488e-01,2.446074e-02,1.561074e-03,8.062475e-04
5.040540e-02,3.389252e-03,1.425169e-03,9.094679e-04,5.399602e-03,4.847741e-03,5.107876e-04,2.748618e-02,5.088476e-02,1.961438e-02,4.246076e-02,7.722678e-01,1.829054e-02,1.369030e-03,7.391052e-04
3.883696e-02,2.888376e-03,1.044099e-03,7.075414e-04,4.353198e-03,3.721951e-03,4.074554e-04,1.945998e-02,7.357204e-02,1.534360e-02,3.315021e-02,7.913579e-01,1.351714e-02,1.034731e-03,6.048214e-04
3.138776e-02,1.516521e-02,1.119318e-03,5.538389e-04,3.409780e-03,2.733723e-03,3.029948e-04,1.377328e-02,7.235818e-02,1.230685e-02,4.373062e-02,7.912750e-01,1.028067e-02,9.880154e-04,6.147688e-04
2.982447e-02,1.197050e-02,1.043983e-03,5.772277e-04,2.910255e-03,2.244354e-03,2.400935e-04,1.045297e-02,6.492381e-02,1.128884e-02,4.157562e-02,8.135743e-01,7.651673e-03,9.938922e-04,7.280228e-04
3.125181e-02,9.714079e-03,2.364950e-03,1.159430e-03,2.839681e-03,2.159687e-03,2.310039e-04,1.042773e-02,6.286809e-02,1.047975e-02,3.431213e-02,8.246776e-01,5.622457e-03,1.031290e-03,8.603366e-04
3.189176e-02,8.933032e-03,3.642449e-03,1.832579e-03,3.660621e-03,2.158913e-03,2.758205e-04,1.228022e-02,7.225069e-02,8.391688e-03,2.772423e-02,8.205883e-01,4.170922e-03,1.032396e-03,1.166374e-03
4.161684e-02,9.478729e-03,9.944672e-03,4.959131e-03,7.495786e-03,4.836934e-03,1.215103e-03,5.256232e-02,9.794962e-02,6.760647e-03,2.238040e-02,7.353184e-01,3.544934e-03,8.960487e-04,1.040394e-03
1.165386e-01,1.115137e-02,2.008137e-02,1.157684e-02,9.252271e-03,8.898917e-03,2.966289e-03,9.828909e-02,8.295466e-02,9.135151e-03,2.208573e-02,5.995669e-01,4.528854e-03,9.755102e-04,1.998432e-03
1.837777e-01,1.126498e-02,1.961529e-02,1.301098e-02,1.662393e-02,1.031588e-02,4.432214e-03,9.842978e-02,8.349451e-02,1.397551e-02,2.561918e-02,5.094615e-01,5.978117e-03,1.532510e-03,2.467930e-03
1.538265e-01,8.536449e-03,5.929112e-02,2.751623e-02,1.523951e-02,8.834753e-03,9.209676e-03,2.477038e-01,6.272331e-02,1.086577e-02,2.045931e-02,3.678738e-01,4.956219e-03,1.191947e-03,1.771595e-03
1.335083e-01,7.831313e-03,9.575608e-02,1.111719e-01,1.872830e-02,9.121448e-03,7.513158e-03,2.505676e-01,5.312701e-02,9.336861e-03,2.468072e-02,2.715972e-01,3.958308e-03,1.740851e-03,1.360939e-03
1.712268e-01,7.284254e-03,8.747242e-02,1.445984e-01,2.276639e-02,9.323219e-03,6.158364e-03,2.217249e-01,4.367333e-02,1.626264e-02,6.090495e-02,1.995843e-01,3.600898e-03,4.118093e-03,1.300873e-03
2.366020e-01,6.730841e-03,6.849772e-02,1.267155e-01,2.654923e-02,8.412797e-03,4.699748e-03,1.716621e-01,6.176166e-02,2.979366e-02,9.727524e-02,1.457068e-01,3.534226e-03,9.908881e-03,2.149514e-03
2.446715e-01,7.192995e-03,6.051559e-02,1.247263e-01,3.661800e-02,8.742048e-03,3.532451e-03,1.378085e-01,9.025790e-02,3.907266e-02,1.153124e-01,1.044122e-01,3.892614e-03,1.906126e-02,4.183624e-03
2.809629e-01,6.635032e-03,5.723676e-02,1.334534e-01,3.350219e-02,9.444734e-03,2.669856e-03,1.097352e-01,8.554613e-02,5.843388e-02,1.115875e-01,7.577737e-02,4.108583e-03,2.260279e-02,8.303529e-03
3.889767e-01,6.049814e-03,4.849892e-02,1.207771e-01,3.314745e-02,9.453768e-03,2.399377e-03,9.003163e-02,7.249226e-02,4.881733e-02,8.889616e-02,5.803350e-02,3.845958e-03,2.033839e-02,8.241633e-03
4.877050e-01,5.621728e-03,4.143503e-02,1.083861e-01,3.044681e-02,9.091979e-03,2.169813e-03,7.322554e-02,5.887965e-02,4.030939e-02,6.903110e-02,4.462782e-02,3.386397e-03,1.791465e-02,7.768974e-03
1.000000e+00,0.000000e+00,0.000000e+00,0.000000e+00,0.000000e+00,0.000000e+00,0.000000e+00,0.000000e+00,0.000000e+00,0.000000e+00,0.000000e+00,0.000000e+00,0.000000e+00,0.000000e+00,0.000000e+00
1.000000e+00,0.000000e+00,0.000000e+00,0.000000e+00,0.000000e+00,0.000000e+00,0.000000e+00,0.000000e+00,0.000000e+00,0.000000e+00,0.000000e+00,0.000000e+00,0.000000e+00,0.000000e+00,0.000000e+00
1.000000e+00,0.000000e+00,0.000000e+00,0.000000e+00,0.000000e+00,0.000000e+00,0.000000e+00,0.000000e+00,0.000000e+00,0.000000e+00,0.000000e+00,0.000000e+00,0.000000e+00,0.000000e+00,0.000000e+00
1.000000e+00,0.000000e+00,0.000000e+00,0.000000e+00,0.000000e+00,0.000000e+00,0.000000e+00,0.000000e+00,0.000000e+00,0.000000e+00,0.000000e+00,0.000000e+00,0.000000e+00,0.000000e+00,0.000000e+00
1.000000e+00,0.000000e+00,0.000000e+00,0.000000e+00,0.000000e+00,0.000000e+00,0.000000e+00,0.000000e+00,0.000000e+00,0.000000e+00,0.000000e+00,0.000000e+00,0.000000e+00,0.000000e+00,0.000000e+00
4.090209e-01,1.757949e-01,3.576802e-02,5.339185e-02,2.478815e-02,9.309173e-02,1.992557e-03,1.704541e-02,3.357859e-02,2.133605e-02,5.268471e-02,1.494059e-02,5.993518e-03,2.627106e-02,3.430198e-02
3.079655e-01,1.504627e-01,3.602494e-02,4.654337e-02,1.792668e-02,6.579782e-02,1.491484e-03,1.227639e-02,3.248040e-02,2.151319e-02,1.980507e-01,1.861799e-02,8.330919e-03,3.355884e-02,4.895897e-02
2.582390e-01,1.231233e-01,2.968478e-02,3.646870e-02,1.432010e-02,4.721814e-02,1.308655e-03,9.994781e-03,2.459809e-02,1.979713e-02,3.067858e-01,2.046829e-02,7.791167e-03,6.144375e-02,3.875821e-02
1.964962e-01,8.972105e-02,2.175795e-02,2.660026e-02,1.389665e-02,3.507262e-02,1.505853e-03,8.764290e-03,1.883643e-02,2.140080e-02,3.737261e-01,3.386039e-02,6.506525e-03,1.218280e-01,3.002675e-02
1.422810e-01,6.422930e-02,1.556726e-02,1.913971e-02,1.435150e-02,2.536373e-02,1.281916e-03,6.581699e-03,1.499558e-02,2.002977e-02,3.974784e-01,3.209292e-02,5.335154e-03,2.173539e-01,2.391807e-02
1.130250e-01,4.961474e-02,1.786041e-02,1.400292e-02,1.776118e-02,1.854626e-02,1.082445e-03,4.877773e-03,1.395762e-02,2.087199e-02,4.247589e-01,3.194394e-02,6.367496e-03,2.396994e-01,2.562983e-02
8.149806e-02,8.089037e-02,2.022665e-02,1.052387e-02,1.423500e-02,1.982931e-02,9.375784e-04,3.780603e-03,2.989361e-02,1.865480e-02,3.532986e-01,2.324619e-02,4.990280e-03,3.173860e-01,2.060905e-02
5.857132e-02,6.586988e-02,1.937678e-02,7.699326e-03,1.107661e-02,1.892874e-02,7.460139e-04,3.127478e-03,2.642447e-02,1.841477e-02,3.186872e-01,1.675355e-02,3.833661e-03,4.093877e-01,2.110258e-02
4.222803e-02,5.425669e-02,1.526553e-02,6.113889e-03,8.130599e-03,1.601291e-02,5.820757e-04,2.327312e-03,2.456052e-02,1.558091e-02,2.468169e-01,1.215321e-02,2.857167e-03,5.355955e-01,1.751884e-02
3.060429e-02,5.019474e-02,1.154378e-02,4.511928e-03,5.835601e-03,1.524350e-02,4.435965e-04,1.835811e-03,2.905521e-02,1.327970e-02,1.980120e-01,8.881696e-03,2.228000e-03,6.149297e-01,1.340049e-02
2.564418e-02,5.261137e-02,2.373177e-02,1.192138e-02,5.478815e-03,2.000747e-02,9.218253e-04,5.514146e-03,6.550714e-02,1.222096e-02,1.826422e-01,6.785409e-03,2.096273e-03,5.742702e-01,1.064693e-02
2.763590e-02,4.556583e-02,3.738545e-02,6.382848e-02,7.328170e-03,2.771469e-02,1.639349e-03,8.224479e-03,1.147000e-01,1.984469e-02,1.575205e-01,5.739538e-03,3.762910e-03,4.672027e-01,1.190736e-02
4.474941e-02,3.547364e-02,2.888187e-02,5.866335e-02,9.372074e-03,2.546846e-02,1.715144e-03,8.292424e-03,1.954464e-01,1.985279e-02,1.556355e-01,9.504073e-03,7.943489e-03,3.888428e-01,1.015864e-02
4.415758e-02,3.095286e-02,2.178514e-02,5.882309e-02,8.702830e-03,2.098222e-02,1.310339e-03,6.523441e-03,2.199537e-01,2.423859e-02,1.731591e-01,4.279869e-02,1.997653e-02,3.171851e-01,9.450791e-03
3.465981e-02,2.704897e-02,1.673226e-02,6.355944e-02,8.452656e-03,1.719573e-02,9.992376e-04,5.297848e-03,2.920250e-01,3.025438e-02,1.548988e-01,6.251102e-02,2.363163e-02,2.526175e-01,1.011574e-02
4.971203e-02,2.570084e-02,1.682072e-02,6.875057e-02,1.167955e-02,2.024661e-02,2.057037e-03,1.511131e-02,2.646708e-01,2.719083e-02,2.104654e-01,6.179208e-02,2.603842e-02,1.870372e-01,1.272663e-02
5.061568e-02,4.522069e-02,1.523240e-02,5.948704e-02,1.361905e-02,1.896987e-02,1.837961e-03,1.921384e-02,2.527595e-01,2.354939e-02,2.553658e-01,5.377137e-02,2.184961e-02,1.456811e-01,2.282671e-02
3.691732e-02,4.726584e-02,1.103777e-02,4.286011e-02,1.470793e-02,1.711702e-02,1.406132e-03,1.379081e-02,4.372827e-01,1.705107e-02,1.830556e-01,3.927371e-02,1.620113e-02,1.048692e-01,1.716373e-02
3.114053e-02,9.565742e-02,1.125796e-02,3.279351e-02,2.032692e-02,2.291692e-02,1.454998e-03,1.171340e-02,5.012122e-01,1.275865e-02,1.311535e-01,2.786432e-02,1.177070e-02,7.412084e-02,1.385811e-02
2.989791e-02,9.240785e-02,2.548662e-02,3.681214e-02,5.518979e-02,2.006184e-02,2.416376e-03,3.964909e-02,5.019113e-01,9.412374e-03,9.418412e-02,2.002424e-02,8.899303e-03,5.213995e-02,1.150698e-02
2.743321e-02,7.637304e-02,2.753371e-02,3.003662e-02,1.088254e-01,1.784433e-02,2.776159e-03,4.894734e-02,5.144489e-01,6.704905e-03,7.307702e-02,1.442573e-02,6.456907e-03,3.675279e-02,8.363768e-03
3.029687e-02,8.642872e-02,8.164588e-02,5.433321e-02,1.115495e-01,1.351890e-02,2.766471e-03,6.795165e-02,4.430995e-01,5.049852e-03,5.274810e-02,1.033756e-02,4.902654e-03,2.592167e-02,9.449411e-03
4.463037e-02,8.375797e-02,1.208507e-01,6.794637e-02,1.235504e-01,1.027839e-02,3.042580e-03,1.250373e-01,3.409586e-01,3.811777e-03,3.789863e-02,7.473003e-03,3.709117e-03,1.837110e-02,8.683646e-03
6.396000e-02,8.950943e-02,1.274977e-01,5.669303e-02,1.195192e-01,8.413211e-03,2.511968e-03,2.032791e-01,2.659072e-01,3.075191e-03,2.902099e-02,5.746654e-03,3.080628e-03,1.363631e-02,8.149439e-03
4.974854e-02,6.694509e-02,1.013286e-01,4.304958e-02,8.835455e-02,5.957512e-03,1.775667e-03,4.112389e-01,1.874196e-01,2.158611e-03,2.039201e-02,4.041305e-03,2.233506e-03,9.622135e-03,5.734336e-03
