1.000000e+00,0.000000e+00,0.000000e+00,0.000000e+00,0.000000e+00,0.000000e+00,0.000000e+00,0.000000e+00,0.000000e+00,0.000000e+00,0.000000e+00,0.000000e+00,0.000000e+00,0.000000e+00,0.000000e+00
1.000000e+00,0.000000e+00,0.000000e+00,0.000000e+00,0.000000e+00,0.000000e+00,0.000000e+00,0.000000e+00,0.000000e+00,0.000000e+00,0.000000e+00,0.000000e+00,0.000000e+00,0.000000e+00,0.000000e+00
1.000000e+00,0.000000e+00,0.000000e+00,0.000000e+00,0.000000e+00,0.000000e+00,0.000000e+00,0.000000e+00,0.000000e+00,0.000000e+00,0.000000e+00,0.000000e+00,0.000000e+00,0.000000e+00,0.000000e+00
1.000000e+00,0.000000e+00,0.000000e+00,0.000000e+00,0.000000e+00,0.000000e+00,0.000000e+00,0.000000e+00,0.000000e+00,0.000000e+00,0.000000e+00,0.000000e+00,0.000000e+00,0.000000e+00,0.000000e+00
1.000000e+00,0.000000e+00,0.000000e+00,0.000000e+00,0.000000e+00,0.000000e+00,0.000000e+00,0.000000e+00,0.000000e+00,0.000000e+00,0.000000e+00,0.000000e+00,0.000000e+00,0.000000e+00,0.000000e+00
1.000000e+00,0.000000e+00,0.000000e+00,0.000000e+00,0.000000e+00,0.000000e+00,0.000000e+00,0.000000e+00,0.000000e+00,0.000000e+00,0.000000e+00,0.000000e+00,0.000000e+00,0.000000e+00,0.000000e+00
1.000000e+00,0.000000e+00,0.000000e+00,0.000000e+00,0.000000e+00,0.000000e+00,0.000000e+00,0.000000e+00,0.000000e+00,0.000000e+00,0.000000e+00,0.000000e+00,0.000000e+00,0.000000e+00,0.000000e+00
1.000000e+00,0.000000e+00,0.000000e+00,0.000000e+00,0.000000e+00,0.000000e+00,0.000000e+00,0.000000e+00,0.000000e+00,0.000000e+00,0.000000e+00,0.000000e+00,0.000000e+00,0.000000e+00,0.000000e+00
1.000000e+00,0.000000e+00,0.000000e+00,0.000000e+00,0.000000e+00,0.000000e+00,0.000000e+00,0.000000e+00,0.000000e+00,0.000000e+00,0.000000e+00,0.000000e+00,0.000000e+00,0.000000e+00,0.000000e+00
1.000000e+00,0.000000e+00,0.000000e+00,0.000000e+00,0.000000e+00,0.000000e+00,0.000000e+00,0.000000e+00,0.000000e+00,0.000000e+00,0.000000e+00,0.000000e+00,0.000000e+00,0.000000e+00,0.000000e+00
1.000000e+00,0.000000e+00,0.000000e+00,0.000000e+00,0.000000e+00,0.000000e+00,0.000000e+00,0.000000e+00,0.000000e+00,0.000000e+00,0.000000e+00,0.000000e+00,0.000000e+00,0.000000e+00,0.000000e+00
1.000000e+00,0.000000e+00,0.000000e+00,0.000000e+00,0.000000e+00,0.000000e+00,0.000000e+00,0.000000e+00,0.000000e+00,0.000000e+00,0.000000e+00,0.000000e+00,0.000000e+00,0.000000e+00,0.000000e+00
1.000000e+00,0.000000e+00,0.000000e+00,0.000000e+00,0.000000e+00,0.000000e+00,0.000000e+00,0.000000e+00,0.000000e+00,0.000000e+00,0.000000e+00,0.000000e+00,0.000000e+00,0.000000e+00,0.000000e+00
1.000000e+00,0.000000e+00,0.000000e+00,0.000000e+00,0.000000e+00,0.000000e+00,0.000000e+00,0.000000e+00,0.000000e+00,0.000000e+00,0.000000e+00,0.000000e+00,0.000000e+00,0.000000e+00,0.000000e+00
1.000000e+00,0.000000e+00,0.000000e+00,0.000000e+00,0.000000e+00,0.000000e+00,0.000000e+00,0.000000e+00,0.000000e+00,0.000000e+00,0.000000e+00,0.000000e+00,0.000000e+00,0.000000e+00,0.000000e+00
1.000000e+00,0.000000e+00,0.000000e+00,0.000000e+00,0.000000e+00,0.000000e+00,0.000000e+00,0.000000e+00,0.000000e+00,0.000000e+00,0.000000e+00,0.000000e+00,0.000000e+00,0.000000e+00,0.000000e+00
1.000000e+00,0.000000e+00,0.000000e+00,0.000000e+00,0.000000e+00,0.000000e+00,0.000000e+00,0.000000e+00,0.000000e+00,0.000000e+00,0.000000e+00,0.000000e+00,0.000000e+00,0.000000e+00,0.000000e+00
1.000000e+00,0.000000e+00,0.000000e+00,0.000000e+00,0.000000e+00,0.000000e+00,0.000000e+00,0.000000e+00,0.000000e+00,0.000000e+00,0.000000e+00,0.000000e+00,0.000000e+00,0.000000e+00,0.000000e+00
1.000000e+00,0.000000e+00,0.000000e+00,0.000000e+00,0.000000e+00,0.000000e+00,0.000000e+00,0.000000e+00,0.000000e+00,0.000000e+00,0.000000e+00,0.000000e+00,0.000000e+00,0.000000e+00,0.000000e+00
4.431081e-01,2.210312e-02,1.086116e-02,6.296729e-02,7.237836e-03,1.311653e-01,5.065680e-03,1.421260e-02,1.897675e-02,3.753872e-03,2.203507e-02,6.401317e-02,1.104477e-01,1.586436e-02,6.818806e-02
3.575246e-01,1.717557e-02,1.070349e-02,4.936614e-02,6.689456e-03,2.578114e-01,5.554814e-03,1.428923e-02,1.553316e-02,3.050485e-03,1.753235e-02,4.807087e-02,1.206885e-01,1.328131e-02,6.272867e-02
3.116857e-01,1.692061e-02,3.431047e-02,4.179801e-02,7.487559e-03,3.051066e-01,9.357216e-03,2.005496e-02,1.309745e-02,3.008176e-03,1.455859e-02,3.897655e-02,1.027126e-01,1.355501e-02,6.737065e-02
2.225754e-01,3.376863e-02,8.400144e-02,1.488282e-01,5.582184e-03,2.395248e-01,6.781170e-03,1.456053e-02,1.701656e-02,4.164062e-03,1.165876e-02,3.246610e-02,7.512812e-02,1.050916e-02,9.343490e-02
1.796559e-01,2.952628e-02,1.008471e-01,1.845970e-01,6.142434e-03,1.989102e-01,5.562053e-03,1.351766e-02,2.832651e-02,4.323538e-03,1.825384e-02,2.928094e-02,6.362811e-02,1.128743e-02,1.261410e-01
1.351846e-01,2.879309e-02,7.662889e-02,1.356664e-01,4.585839e-03,1.722484e-01,4.589536e-03,1.028065e-02,2.465779e-02,3.469320e-03,1.390656e-02,2.115979e-02,2.440969e-01,9.263268e-03,1.154690e-01
1.251278e-01,3.520660e-02,5.767132e-02,1.035819e-01,4.118195e-03,1.261447e-01,4.084460e-03,1.501421e-02,8.260256e-02,8.921976e-03,1.281891e-02,1.666993e-02,2.643189e-01,1.145121e-02,1.322673e-01
1.246211e-01,5.068973e-02,4.232468e-02,7.710284e-02,3.405547e-03,9.189547e-02,3.697125e-03,1.625368e-02,1.187824e-01,1.179790e-02,1.314750e-02,1.377765e-02,2.486135e-01,1.227351e-02,1.716174e-01
1.835693e-01,5.543382e-02,3.716382e-02,5.988169e-02,2.937987e-03,6.952484e-02,3.656488e-03,1.652469e-02,1.298301e-01,1.640531e-02,1.138598e-02,1.453180e-02,2.184971e-01,1.127218e-02,1.693850e-01
2.473967e-01,7.619721e-02,3.030278e-02,4.585933e-02,3.137367e-03,5.253482e-02,3.367361e-03,1.741695e-02,1.109693e-01,1.452992e-02,9.755413e-03,1.442051e-02,1.910815e-01,1.176220e-02,1.712687e-01
2.064862e-01,2.062100e-01,2.770625e-02,3.617297e-02,2.495641e-03,3.921815e-02,2.668653e-03,1.396641e-02,1.147041e-01,1.650177e-02,9.635353e-03,1.280168e-02,1.406582e-01,1.897306e-02,1.518015e-01
1.921443e-01,1.800386e-01,3.051194e-02,2.928632e-02,2.442787e-03,3.035928e-02,2.288883e-03,1.210792e-02,9.549129e-02,1.443386e-02,1.288387e-02,1.041901e-02,1.176079e-01,2.713086e-02,2.428532e-01
1.711928e-01,1.548728e-01,3.616235e-02,2.315011e-02,2.249907e-03,2.390829e-02,1.978886e-03,1.053854e-02,7.781821e-02,1.632945e-02,1.237747e-02,8.217271e-03,9.131476e-02,3.506929e-02,3.348199e-01
1.778599e-01,1.287548e-01,3.162840e-02,2.000285e-02,6.261388e-03,2.091163e-02,2.157977e-03,1.156977e-02,7.315516e-02,1.295903e-02,1.345031e-02,7.624411e-03,1.033428e-01,3.257215e-02,3.577495e-01
1.833428e-01,1.213759e-01,2.617042e-02,1.832011e-02,1.051685e-02,2.028976e-02,2.053489e-03,1.070521e-02,7.370704e-02,1.145973e-02,1.209201e-02,7.210278e-03,1.426100e-01,3.612436e-02,3.240221e-01
1.900163e-01,1.152426e-01,2.416392e-02,2.066105e-02,1.822203e-02,2.287263e-02,3.621490e-03,9.911333e-03,7.536644e-02,8.994379e-03,1.037175e-02,6.872601e-03,2.019478e-01,2.781637e-02,2.639194e-01
1.367905e-01,2.112395e-01,2.416855e-02,2.451641e-02,1.331850e-02,1.900726e-02,2.672963e-03,7.061636e-03,7.552212e-02,1.190308e-02,7.702990e-03,5.088837e-03,1.485566e-01,2.185549e-02,2.905956e-01
1.220687e-01,2.168558e-01,2.214567e-02,2.852185e-02,1.387118e-02,2.257441e-02,3.123395e-03,5.699075e-03,1.184101e-01,1.384681e-02,6.333795e-03,4.260533e-03,1.343076e-01,1.612800e-02,2.718531e-01
1.343310e-01,2.056682e-01,2.227985e-02,2.522606e-02,2.721310e-02,3.507225e-02,4.683335e-03,6.119217e-03,1.151100e-01,1.032652e-02,5.227338e-03,3.621517e-03,1.884130e-01,1.248878e-02,2.042199e-01
1.473023e-01,1.834181e-01,1.957879e-02,2.104437e-02,2.919141e-02,4.413001e-02,4.686383e-03,6.161673e-03,1.042740e-01,7.911617e-03,4.652004e-03,3.501254e-03,2.574364e-01,1.060497e-02,1.561067e-01
1.137156e-01,2.326736e-01,4.110596e-02,5.405889e-02,2.128237e-02,3.258330e-02,3.383355e-03,4.457953e-03,7.627486e-02,1.691230e-02,4.419383e-03,3.369942e-03,1.829109e-01,7.712729e-03,2.051390e-01
1.621436e-01,2.078437e-01,3.601550e-02,5.179360e-02,1.840199e-02,4.108304e-02,3.069649e-03,4.636644e-03,6.937909e-02,1.437833e-02,4.542961e-03,3.795661e-03,1.635067e-01,6.488479e-03,2.129211e-01
2.318386e-01,1.627593e-01,2.817874e-02,5.023510e-02,2.485866e-02,6.228904e-02,3.929201e-03,8.841584e-03,7.462457e-02,1.079536e-02,4.291516e-03,5.553294e-03,1.637406e-01,5.276981e-03,1.627874e-01
2.800498e-01,1.292888e-01,2.160740e-02,3.895522e-02,2.623430e-02,1.104138e-01,4.790677e-03,2.064251e-02,8.283533e-02,8.005658e-03,3.960286e-03,5.777878e-03,1.473496e-01,4.251068e-03,1.158376e-01
2.644455e-01,1.014288e-01,1.709841e-02,2.997933e-02,2.319004e-02,1.345356e-01,4.048453e-03,1.280341e-01,8.181931e-02,5.681335e-03,3.645673e-03,4.628706e-03,1.162699e-01,3.323338e-03,8.187154e-02
1.901525e-01,7.152005e-02,1.600438e-02,2.613586e-02,1.749808e-02,9.699652e-02,2.976791e-03,3.685669e-01,5.815655e-02,4.024578e-03,3.002665e-03,3.356887e-03,8.164395e-02,2.378641e-03,5.758556e-02
1.468862e-01,5.077908e-02,1.615879e-02,2.476052e-02,1.347453e-02,7.581901e-02,2.368319e-03,5.179592e-01,4.157893e-02,3.063513e-03,3.692650e-03,2.682251e-03,5.788253e-02,1.785180e-03,4.110926e-02
1.236147e-01,3.602674e-02,1.343184e-02,2.187248e-02,1.144612e-02,5.897445e-02,1.911877e-03,6.238968e-01,3.003790e-02,2.261605e-03,3.240271e-03,2.050240e-03,4.079935e-02,1.331332e-03,2.910411e-02
1.137727e-01,2.604198e-02,1.051362e-02,1.817547e-02,9.166257e-03,4.227736e-02,1.505253e-03,7.001544e-01,2.168805e-02,1.681310e-03,2.995403e-03,1.621334e-03,2.876902e-02,1.003581e-03,2.063411e-02
1.062376e-01,1.849849e-02,7.917022e-03,1.423696e-02,7.485212e-03,3.038277e-02,1.179397e-03,7.578337e-01,1.550825e-02,1.207780e-03,2.736165e-03,1.258756e-03,2.023772e-02,7.477586e-04,1.453240e-02
9.830788e-02,1.312536e-02,6.618060e-03,1.103173e-02,5.626465e-03,2.156924e-02,9.942877e-04,8.021361e-01,1.125204e-02,8.840451e-04,2.366610e-03,1.008931e-03,1.425581e-02,5.776384e-04,1.024577e-02
1.061567e-01,9.388727e-03,6.250505e-03,9.411775e-03,4.608023e-03,1.584377e-02,1.106542e-03,8.155499e-01,8.177927e-03,7.080823e-04,2.513208e-03,1.415924e-03,1.064523e-02,7.231829e-04,7.500537e-03
9.277699e-02,6.763907e-03,6.689250e-03,1.028084e-02,4.077498e-03,1.151818e-02,1.049094e-03,8.403442e-01,6.073523e-03,6.599050e-04,3.083355e-03,1.557854e-03,8.230818e-03,1.108311e-03,5.786308e-03
9.622539e-02,5.374391e-03,8.376783e-03,8.305288e-03,3.928676e-03,9.181177e-03,1.020101e-03,8.388640e-01,4.451663e-03,9.588868e-04,4.558108e-03,3.763073e-03,8.237468e-03,1.517267e-03,5.237724e-03
1.268889e-01,4.184037e-03,1.019286e-02,6.811596e-03,6.458038e-03,7.508285e-03,1.193635e-03,8.106778e-01,3.879172e-03,8.876713e-04,4.710735e-03,3.910630e-03,7.009858e-03,1.400031e-03,4.286772e-03
1.892841e-01,4.581451e-03,1.408737e-02,6.674009e-03,1.063148e-02,8.727199e-03,2.133477e-03,7.305099e-01,5.069545e-03,9.770076e-04,6.429777e-03,3.522016e-03,1.123282e-02,1.602013e-03,4.537903e-03
2.919880e-01,7.643180e-03,2.743571e-02,9.315848e-03,2.111892e-02,1.138081e-02,3.613430e-03,5.832412e-01,7.970838e-03,3.181783e-03,6.420816e-03,6.831004e-03,1.165404e-02,2.847242e-03,5.357093e-03
3.353177e-01,1.037830e-02,2.691295e-02,7.822664e-03,3.225317e-02,2.970681e-02,3.662259e-03,4.586301e-01,1.235410e-02,2.442073e-03,7.952717e-03,9.570828e-03,5.334954e-02,4.462928e-03,5.183947e-03
3.432738e-01,9.589353e-03,2.044899e-02,8.358153e-03,3.198064e-02,3.225972e-02,3.152257e-03,3.325552e-01,1.048015e-02,1.969930e-03,9.943114e-03,2.101162e-02,1.656779e-01,3.952751e-03,5.346451e-03
2.917818e-01,7.274445e-03,1.477546e-02,6.945581e-03,2.654031e-02,2.929329e-02,2.670571e-03,2.363184e-01,8.166254e-03,1.494794e-03,8.772391e-03,2.901219e-02,3.285558e-01,3.121426e-03,5.277225e-03
2.842152e-01,5.541522e-03,1.127439e-02,5.671898e-03,2.031978e-02,3.148300e-02,2.869237e-03,1.669055e-01,6.580006e-03,1.200701e-03,7.747253e-03,3.664992e-02,4.105373e-01,3.834951e-03,5.169383e-03
2.494840e-01,4.542203e-03,8.019534e-03,4.655684e-03,1.587138e-02,3.427234e-02,2.665430e-03,1.173149e-01,5.669060e-03,1.210005e-03,1.131608e-02,4.121569e-02,4.942456e-01,4.251949e-03,5.266164e-03
2.245302e-01,6.537193e-03,5.883918e-03,5.294975e-03,1.358679e-02,4.518233e-02,3.174873e-03,8.245807e-02,6.466054e-03,2.110489e-03,1.136655e-02,4.638167e-02,5.356482e-01,4.251945e-03,7.126739e-03
1.600301e-01,5.691923e-03,4.297066e-03,4.861140e-03,1.224667e-02,1.395385e-01,2.973526e-03,5.776405e-02,4.833799e-03,2.307137e-03,1.057475e-02,1.114217e-01,4.742818e-01,3.610232e-03,5.567571e-03
1.150140e-01,4.786235e-03,3.315464e-03,5.450791e-03,1.480669e-02,1.170799e-01,2.895105e-03,4.058118e-02,4.803509e-03,4.319525e-03,2.700873e-02,2.755963e-01,3.764084e-01,3.549939e-03,4.384283e-03
8.642311e-02,3.746476e-03,3.182408e-03,4.989382e-03,1.658899e-02,1.002596e-01,3.115896e-03,2.862809e-02,4.971253e-03,5.611245e-03,2.756145e-02,4.038999e-01,3.026403e-01,4.709767e-03,3.672054e-03
6.265828e-02,3.088066e-03,2.592514e-03,4.027499e-03,1.352004e-02,7.910843e-02,2.875179e-03,2.025103e-02,5.204777e-03,6.741734e-03,2.408042e-02,5.475874e-01,2.207419e-01,4.535588e-03,2.987048e-03
4.776394e-02,2.842687e-03,5.933967e-03,2.998201e-03,1.147763e-02,6.849469e-02,2.317930e-03,1.433667e-02,5.329568e-03,7.260541e-03,2.693337e-02,6.361296e-01,1.624098e-01,3.530805e-03,2.240515e-03
3.540155e-02,2.604842e-03,5.363585e-03,2.633095e-03,1.656884e-02,5.731241e-02,2.196476e-03,1.368947e-02,6.110488e-03,7.872527e-03,2.086344e-02,7.092540e-01,1.157652e-01,2.650619e-03,1.713411e-03
2.640499e-02,8.208761e-03,5.374520e-03,2.236383e-03,3.836720e-02,5.039524e-02,2.624473e-03,1.437664e-02,4.091495e-02,1.300403e-02,1.797206e-02,6.940437e-01,8.280231e-02,1.979711e-03,1.294984e-03
3.806314e-02,8.497495e-03,7.200355e-03,2.152965e-03,4.366676e-02,1.013767e-01,2.860115e-03,1.848106e-02,4.046341e-02,1.872981e-02,2.461001e-02,6.311905e-01,5.950363e-02,2.081887e-03,1.122189e-03
6.461251e-02,1.234962e-02,1.532278e-02,4.161794e-03,5.405670e-02,1.345412e-01,2.914286e-03,3.536838e-02,4.368645e-02,1.983258e-02,3.880272e-02,5.285841e-01,4.253434e-02,2.073037e-03,1.159470e-03
6.482515e-02,2.029396e-02,1.459223e-02,4.198979e-03,5.329375e-02,1.413095e-01,2.506024e-03,3.086864e-02,3.886306e-02,1.861958e-02,6.594751e-02,5.099031e-01,3.158703e-02,1.862975e-03,1.328505e-03
7.492079e-02,2.535792e-02,2.995068e-02,8.690000e-03,9.556849e-02,1.490859e-01,1.762788e-02,5.589690e-02,2.971199e-02,1.756454e-02,6.996185e-02,3.991022e-01,2.349689e-02,2.021030e-03,1.042880e-03
5.929298e-02,1.988265e-02,2.341539e-02,6.763078e-03,7.235719e-02,3.360318e-01,1.265520e-02,4.014478e-02,2.103377e-02,1.308923e-02,5.715027e-02,3.184547e-01,1.661332e-02,2.176773e-03,9.387837e-04
4.301497e-02,1.403260e-02,1.659315e-02,4.867653e-03,5.123958e-02,4.616501e-01,9.074259e-03,2.820219e-02,1.482774e-02,9.440554e-03,7.191525e-02,2.606189e-01,1.184617e-02,1.790761e-03,8.860297e-04
3.304660e-02,1.049756e-02,1.371522e-02,3.962517e-03,4.033710e-02,4.493698e-01,6.713631e-03,2.045241e-02,1.051617e-02,7.018914e-03,8.765659e-02,3.054879e-01,8.640407e-03,1.625142e-03,9.601131e-04
2.773893e-02,7.983487e-03,1.061460e-02,3.166222e-03,3.074205e-02,4.347906e-01,5.372801e-03,1.544394e-02,7.504252e-03,5.238101e-03,9.342915e-02,3.492386e-01,6.329823e-03,1.436337e-03,9.711025e-04
2.026836e-02,6.450698e-03,9.214069e-03,2.439510e-03,2.276283e-02,3.295776e-01,3.959252e-03,1.116759e-02,5.500750e-03,3.882014e-03,1.726481e-01,4.054472e-01,4.580776e-03,1.192808e-03,9.084444e-04
1.516655e-02,5.373381e-03,8.498745e-03,1.947692e-03,1.702996e-02,2.415361e-01,2.905326e-03,8.144232e-03,4.195709e-03,2.868171e-03,2.763721e-01,4.108348e-01,3.306746e-03,1.018081e-03,8.024532e-04
1.549694e-02,9.160739e-03,9.545282e-03,2.573328e-03,1.453521e-02,1.813851e-01,3.080782e-03,6.956335e-03,3.555208e-03,2.236863e-03,2.601186e-01,4.861452e-01,2.487197e-03,9.311436e-04,1.792071e-03
2.441348e-02,1.311966e-02,1.368107e-02,3.671192e-03,1.765649e-02,1.346864e-01,4.195328e-03,8.386484e-03,4.277955e-03,2.003960e-03,2.252205e-01,5.430220e-01,1.997134e-03,1.459677e-03,2.208702e-03
4.297897e-02,1.999456e-02,1.526968e-02,7.517934e-03,4.304513e-02,1.015310e-01,5.855956e-03,7.277056e-03,4.592900e-03,1.742656e-03,1.644233e-01,5.790626e-01,1.976529e-03,2.086374e-03,2.645522e-03
4.543506e-02,1.920050e-02,1.573421e-02,8.417351e-03,3.505252e-02,7.984409e-02,4.853364e-03,7.789236e-03,5.384523e-03,1.726871e-03,1.354379e-01,6.342678e-01,1.583381e-03,2.097495e-03,3.175772e-03
5.965790e-02,1.532023e-02,1.332940e-02,8.352913e-03,2.781345e-02,6.358204e-02,3.915003e-03,7.518131e-03,6.659269e-03,1.807724e-03,1.263591e-01,6.578470e-01,1.517169e-03,2.948873e-03,3.371798e-03
6.892671e-02,1.703121e-02,1.320894e-02,9.551536e-03,2.507146e-02,4.995512e-02,4.760541e-03,9.320667e-03,9.292762e-03,4.516568e-03,1.676020e-01,6.100447e-01,1.972340e-03,4.008293e-03,4.737136e-03
6.831252e-02,1.882371e-02,1.156942e-02,1.001889e-02,2.515807e-02,3.933365e-02,4.777511e-03,1.112964e-02,1.267408e-02,5.679022e-03,2.242503e-01,5.539930e-01,2.010286e-03,4.286468e-03,7.983478e-03
1.155324e-01,2.052099e-02,1.209304e-02,1.621496e-02,2.374051e-02,4.152760e-02,5.165436e-03,1.193327e-02,1.501110e-02,5.625841e-03,2.501353e-01,4.623447e-01,2.895031e-03,5.694686e-03,1.156522e-02
9.777755e-02,1.867942e-02,9.641058e-03,1.431753e-02,1.834711e-02,3.763890e-02,4.624524e-03,9.130726e-03,1.352512e-02,5.804234e-03,3.755800e-01,3.720037e-01,3.373813e-03,5.193655e-03,1.436268e-02
9.029467e-02,1.784398e-02,7.366935e-03,1.461440e-02,1.637617e-02,3.048615e-02,3.738573e-03,7.084158e-03,1.535893e-02,6.526644e-03,4.225252e-01,3.406482e-01,3.510806e-03,5.322401e-03,1.830286e-02
1.144642e-01,2.274125e-02,7.449592e-03,2.213522e-02,2.596199e-02,2.481031e-02,3.282827e-03,9.611538e-03,2.495033e-02,7.314378e-03,3.534528e-01,3.495339e-01,3.692470e-03,6.582244e-03,2.401697e-02
1.307101e-01,2.099109e-02,6.304940e-03,2.634757e-02,3.802270e-02,2.130328e-02,2.610027e-03,1.051965e-02,3.821203e-02,7.832934e-03,2.891670e-01,3.717666e-01,3.534091e-03,8.600531e-03,2.407746e-02
1.264546e-01,3.265461e-02,1.642270e-02,2.379130e-02,7.507283e-02,1.631709e-02,2.089648e-03,1.714778e-02,5.400661e-02,6.688721e-03,2.301041e-01,3.639343e-01,3.427191e-03,9.213788e-03,2.267460e-02
9.710602e-02,6.179496e-02,2.361452e-02,1.830105e-02,2.406823e-01,1.355866e-02,3.066822e-03,1.645736e-02,4.445193e-02,5.548362e-03,1.708867e-01,2.772081e-01,3.002178e-03,8.134943e-03,1.618605e-02
8.294777e-02,7.857470e-02,3.644410e-02,1.724073e-02,3.652039e-01,1.291155e-02,3.233298e-03,1.511217e-02,3.460667e-02,4.612477e-03,1.274304e-01,1.998557e-01,2.365031e-03,7.051798e-03,1.240972e-02
1.006332e-01,1.132587e-01,4.482347e-02,2.678271e-02,3.557616e-01,3.036218e-02,2.427727e-03,1.198583e-02,2.672478e-02,5.171091e-03,9.741833e-02,1.496120e-01,2.446150e-03,9.931781e-03,2.266042e-02
9.805070e-02,1.595332e-01,4.366127e-02,6.303385e-02,3.544556e-01,2.584154e-02,2.425565e-03,1.150456e-02,2.074790e-02,4.191188e-03,7.741323e-02,1.086294e-01,2.706883e-03,1.008156e-02,1.772342e-02
1.296980e-01,1.518094e-01,6.089438e-02,5.496269e-02,3.602793e-01,2.511425e-02,2.743519e-03,9.134524e-03,1.658364e-02,4.087816e-03,7.376550e-02,8.165958e-02,4.122065e-03,1.192939e-02,1.321590e-02
1.306994e-01,1.229540e-01,4.427724e-02,5.162270e-02,4.345791e-01,3.598580e-02,3.029602e-03,7.840570e-03,1.322033e-02,4.612146e-03,6.166605e-02,6.211325e-02,4.599769e-03,1.223280e-02,1.056716e-02
1.213447e-01,1.118209e-01,3.314900e-02,6.727226e-02,4.577672e-01,4.093069e-02,2.666574e-03,2.319499e-02,1.126796e-02,3.992423e-03,4.896445e-02,5.262997e-02,4.743603e-03,1.197297e-02,8.282294e-03
1.096429e-01,9.681325e-02,2.552626e-02,5.217049e-02,5.504298e-01,3.099300e-02,1.996207e-03,1.950076e-02,9.033481e-03,3.280911e-03,3.889599e-02,3.926144e-02,4.919662e-03,1.061733e-02,6.918509e-03
1.321320e-01,8.005192e-02,8.477159e-02,7.447603e-02,4.811259e-01,2.585348e-02,2.039737e-03,2.743719e-02,8.306076e-03,3.257290e-03,3.119472e-02,2.962573e-02,4.458931e-03,9.567580e-03,5.701788e-03
1.124293e-01,6.056910e-02,2.179820e-01,1.085376e-01,3.539615e-01,2.246658e-02,1.977551e-03,5.008435e-02,6.612131e-03,3.148287e-03,2.427794e-02,2.233946e-02,3.509390e-03,7.602809e-03,4.501969e-03
1.504986e-01,7.814312e-02,2.159969e-01,9.997554e-02,2.983882e-01,2.601726e-02,2.368605e-03,5.447092e-02,9.974923e-03,4.142105e-03,2.175158e-02,1.772793e-02,3.298175e-03,9.501830e-03,7.744379e-03
2.009104e-01,7.764730e-02,2.375896e-01,8.207013e-02,2.188273e-01,3.082627e-02,2.764345e-03,6.394287e-02,1.715539e-02,5.543947e-03,2.047423e-02,1.395574e-02,3.327901e-03,1.191870e-02,1.304594e-02
2.489750e-01,7.690240e-02,2.262756e-01,7.128954e-02,1.633571e-01,3.002705e-02,3.052624e-03,7.897425e-02,3.221735e-02,6.098882e-03,2.017324e-02,1.100882e-02,3.402969e-03,1.598856e-02,1.225653e-02
2.561171e-01,7.749402e-02,2.226812e-01,7.479065e-02,1.227456e-01,3.345529e-02,3.000748e-03,1.014299e-01,3.175137e-02,5.342313e-03,1.951051e-02,1.051982e-02,4.190905e-03,1.807267e-02,1.889783e-02
2.633201e-01,7.843405e-02,2.097071e-01,7.234690e-02,9.082541e-02,5.601950e-02,2.699799e-03,8.647010e-02,3.359338e-02,5.991761e-03,2.947771e-02,1.213458e-02,5.495070e-03,2.623307e-02,2.725144e-02
2.976686e-01,6.178770e-02,2.371829e-01,6.680784e-02,6.797660e-02,4.823887e-02,2.307219e-03,6.883533e-02,3.031477e-02,5.816291e-03,3.239806e-02,1.274079e-02,5.419321e-03,3.018403e-02,3.232170e-02
3.120341e-01,4.933827e-02,2.097250e-01,5.266063e-02,5.219261e-02,6.631415e-02,1.986467e-03,5.180671e-02,2.843038e-02,7.775203e-03,6.999926e-02,1.354640e-02,4.894656e-03,4.278743e-02,3.650883e-02
3.412719e-01,4.459415e-02,1.702973e-01,4.658803e-02,3.979210e-02,7.147349e-02,1.820248e-03,3.860329e-02,2.578630e-02,7.693895e-03,1.074639e-01,1.714976e-02,5.357448e-03,4.277741e-02,3.933074e-02
3.060745e-01,3.639284e-02,1.236434e-01,3.318835e-02,2.848891e-02,9.778699e-02,1.544774e-03,2.756796e-02,1.968099e-02,6.391394e-03,2.145682e-01,1.872345e-02,4.119328e-03,5.269061e-02,2.913824e-02
3.005177e-01,2.699080e-02,8.846675e-02,2.364165e-02,2.057992e-02,9.794118e-02,1.511100e-03,1.984495e-02,1.545140e-02,5.064957e-03,2.963207e-01,2.061031e-02,3.257696e-03,5.820738e-02,2.159342e-02
2.224369e-01,1.932553e-02,6.257772e-02,1.678933e-02,1.458474e-02,7.214137e-02,1.285772e-03,1.415793e-02,1.130587e-02,3.871408e-03,4.558553e-01,2.256571e-02,2.375562e-03,6.538916e-02,1.533761e-02
1.831464e-01,1.413480e-02,4.501986e-02,1.226792e-02,1.053637e-02,5.398837e-02,1.736092e-03,1.065570e-02,8.726161e-03,3.153531e-03,5.284387e-01,2.443270e-02,1.819924e-03,9.086396e-02,1.107947e-02
1.315664e-01,1.020542e-02,3.163829e-02,8.726146e-03,7.493995e-03,3.845078e-02,1.360804e-03,8.031201e-03,8.067243e-03,3.344552e-03,6.120824e-01,2.773934e-02,1.345380e-03,1.021331e-01,7.815014e-03
9.339125e-02,8.847545e-03,2.233766e-02,6.232846e-03,5.386608e-03,2.722489e-02,1.026370e-03,5.838708e-03,2.440965e-02,3.053688e-03,5.486757e-01,4.967122e-02,1.298679e-03,1.970219e-01,5.583357e-03
6.832663e-02,9.793242e-03,1.589634e-02,4.546192e-03,4.056707e-03,1.943512e-02,8.228313e-04,4.513493e-03,6.338741e-02,2.785835e-03,5.099126e-01,6.220260e-02,1.220415e-03,2.290490e-01,4.051547e-03
4.871332e-02,7.893514e-03,1.126820e-02,3.305809e-03,3.122465e-03,1.409379e-02,6.095175e-04,3.377058e-03,1.377641e-01,2.756675e-03,4.589157e-01,6.577983e-02,1.088392e-03,2.383676e-01,2.944132e-03
3.486875e-02,6.905062e-03,8.135165e-03,2.469057e-03,2.470308e-03,1.097388e-02,4.446609e-04,2.855143e-03,1.713603e-01,2.387568e-03,4.620663e-01,6.402560e-02,9.379232e-04,2.279631e-01,2.137109e-03
2.510413e-02,5.145481e-03,6.054219e-03,1.877816e-03,1.895311e-03,8.112104e-03,3.205173e-04,2.169704e-03,2.084804e-01,2.356554e-03,3.829447e-01,5.987843e-02,7.436714e-04,2.933984e-01,1.518513e-03
1.780031e-02,4.203691e-03,4.395570e-03,1.554882e-03,1.510107e-03,5.980153e-03,2.293552e-04,1.595486e-03,2.734953e-01,2.030051e-03,3.005778e-01,5.192259e-02,5.777038e-04,3.329743e-01,1.152821e-03
1.262165e-02,6.916308e-03,3.609581e-03,1.743372e-03,1.823545e-03,4.526889e-03,1.740839e-04,1.471516e-03,3.695271e-01,2.166051e-03,2.405021e-01,4.258323e-02,4.952959e-04,3.106617e-01,1.177515e-03
9.071287e-03,5.363183e-03,2.765449e-03,1.395121e-03,1.457452e-03,3.967168e-03,1.367683e-04,1.150048e-03,4.565817e-01,1.716632e-03,1.786579e-01,3.167209e-02,5.642264e-04,3.045466e-01,9.542955e-04
6.542953e-03,4.468148e-03,2.267484e-03,1.711251e-03,1.250481e-03,4.873906e-03,1.250717e-04,1.066612e-03,5.406878e-01,1.702071e-03,1.335674e-01,2.255339e-02,4.515354e-04,2.775598e-01,1.172192e-03
5.123085e-03,4.196891e-03,2.148826e-03,2.404716e-03,1.010498e-03,8.257815e-03,1.168988e-04,9.345546e-04,5.471230e-01,1.718655e-03,1.069820e-01,1.615136e-02,4.828189e-04,3.016235e-01,1.725381e-03
4.035072e-03,3.811384e-03,1.955520e-03,2.470538e-03,9.074855e-04,7.857135e-03,9.546308e-05,7.200141e-04,5.711124e-01,1.839747e-03,8.516140e-02,1.151683e-02,5.059764e-04,3.058288e-01,2.182333e-03
3.641236e-03,5.336680e-03,2.789322e-03,2.597046e-03,8.141014e-04,8.890416e-03,8.688420e-05,5.712275e-04,6.253017e-01,1.976444e-03,6.544406e-02,8.260015e-03,5.492833e-04,2.710168e-01,2.724742e-03
3.269804e-03,6.506217e-03,3.713857e-03,2.065961e-03,6.716403e-04,9.950684e-03,7.283418e-05,4.163216e-04,5.775273e-01,1.829319e-03,4.804274e-02,6.148541e-03,5.563256e-04,3.355766e-01,3.651836e-03
4.145429e-03,5.956192e-03,3.223180e-02,5.356827e-03,9.761938e-04,2.765238e-02,2.402056e-04,1.148006e-03,6.201343e-01,1.964378e-03,3.582994e-02,4.375939e-03,5.833606e-04,2.556461e-01,3.758940e-03
1.615637e-02,5.001665e-03,7.630450e-02,1.134498e-02,2.242502e-03,5.312370e-02,4.395531e-04,2.551936e-03,5.855486e-01,2.432602e-03,2.623988e-02,3.131739e-03,5.189044e-04,2.092258e-01,5.737218e-03
3.396542e-02,5.754353e-03,1.181519e-01,2.811844e-02,4.483706e-03,4.704288e-02,5.502541e-04,4.318839e-03,5.541817e-01,3.666919e-03,1.972230e-02,2.340832e-03,5.533772e-04,1.652637e-01,1.188545e-02
5.424821e-02,4.602722e-03,9.808569e-02,2.378505e-02,5.626153e-03,3.877883e-02,4.902727e-04,5.731205e-03,6.049497e-01,3.146338e-03,1.683773e-02,1.807589e-03,5.319625e-04,1.315115e-01,9.867107e-03
7.153778e-02,4.356957e-03,1.290061e-01,4.620504e-02,7.114993e-03,3.800776e-02,4.352623e-04,6.407854e-03,5.238246e-01,2.927431e-03,1.509346e-02,1.521463e-03,6.191339e-04,1.431728e-01,9.769293e-03
9.366501e-02,4.629428e-03,1.437948e-01,4.928822e-02,6.057974e-03,3.997474e-02,4.494459e-04,5.513995e-03,4.199408e-01,2.728200e-03,2.044503e-02,1.513792e-03,1.107159e-03,1.999210e-01,1.097041e-02
1.024265e-01,5.307291e-03,1.324326e-01,4.622226e-02,7.240345e-03,3.368613e-02,4.941292e-04,1.585932e-02,3.455262e-01,2.493591e-03,3.094352e-02,1.461778e-03,1.082579e-03,2.659124e-01,8.911365e-03
1.192410e-01,9.292237e-03,1.009018e-01,3.792963e-02,1.123445e-02,2.531638e-02,5.332061e-04,1.351116e-02,2.745110e-01,2.253287e-03,7.535841e-02,1.516086e-03,1.257736e-03,3.195719e-01,7.571702e-03
1.334893e-01,1.106561e-02,7.857145e-02,3.155233e-02,1.483477e-02,1.936430e-02,5.902327e-04,1.177023e-02,2.472661e-01,1.875814e-03,9.483065e-02,1.645489e-03,1.298766e-03,3.452345e-01,6.610413e-03
1.435595e-01,1.518899e-02,7.182231e-02,3.042701e-02,1.941404e-02,1.489390e-02,7.165500e-04,1.519121e-02,2.275202e-01,1.869465e-03,9.389646e-02,2.088820e-03,1.442858e-03,3.560511e-01,5.917469e-03
1.584601e-01,2.308083e-02,6.496855e-02,3.111588e-02,2.756000e-02,1.542762e-02,1.001841e-03,2.602788e-02,2.179612e-01,1.787428e-03,9.495543e-02,4.164606e-03,1.963685e-03,3.254660e-01,6.058830e-03
2.587677e-01,3.261293e-02,5.759825e-02,2.897791e-02,3.055350e-02,1.621582e-02,1.237509e-03,2.350851e-02,1.941698e-01,1.483866e-03,7.766119e-02,6.459285e-03,2.996319e-03,2.616340e-01,6.123324e-03
3.679770e-01,3.132791e-02,5.020032e-02,2.617696e-02,2.521259e-02,1.960910e-02,1.360780e-03,1.967901e-02,1.892051e-01,1.262456e-03,6.083348e-02,7.186405e-03,4.034573e-03,1.905349e-01,5.399430e-03
4.619769e-01,2.646203e-02,5.621888e-02,2.835245e-02,2.076546e-02,1.697565e-02,1.607058e-03,1.956978e-02,1.668856e-01,1.089795e-03,4.543350e-02,8.865071e-03,5.203881e-03,1.360281e-01,4.565791e-03
4.884574e-01,2.056859e-02,1.159849e-01,3.614017e-02,1.527160e-02,1.347962e-02,1.693435e-03,1.502922e-02,1.436410e-01,1.015900e-03,3.413191e-02,8.642638e-03,4.821650e-03,9.720585e-02,3.916094e-03
4.227743e-01,2.574382e-02,1.846455e-01,4.426707e-02,1.134356e-02,1.167139e-02,1.306449e-03,1.215781e-02,1.138555e-01,3.159587e-02,3.289567e-02,9.473664e-03,5.375939e-03,6.992776e-02,2.296572e-02
3.063472e-01,3.138426e-02,2.551036e-01,1.169627e-01,8.467148e-03,9.147012e-03,9.477215e-04,8.951566e-03,9.384009e-02,2.903607e-02,4.910505e-02,7.626935e-03,4.725838e-03,5.123162e-02,2.712321e-02
2.236980e-01,3.079119e-02,2.226674e-01,1.498915e-01,6.053010e-03,6.850735e-03,7.081319e-04,6.933024e-03,7.185042e-02,2.155498e-02,1.556746e-01,8.917330e-03,4.608767e-03,6.900148e-02,2.079935e-02
1.627412e-01,2.343776e-02,1.592429e-01,1.369627e-01,4.724100e-03,6.176107e-03,5.536221e-04,5.672572e-03,5.277441e-02,1.593999e-02,2.931634e-01,8.272897e-03,3.940878e-03,1.104421e-01,1.595528e-02
1.221411e-01,1.702171e-02,1.129123e-01,1.002304e-01,3.947971e-03,6.338116e-03,4.511474e-04,4.681049e-03,3.816898e-02,1.269505e-02,4.207162e-01,8.053082e-03,3.555323e-03,1.369966e-01,1.209097e-02
9.090817e-02,1.316680e-02,8.034176e-02,7.134315e-02,3.593996e-03,1.226126e-02,3.727797e-04,3.938422e-03,2.810897e-02,9.735392e-03,5.237508e-01,6.755735e-03,3.590100e-03,1.427522e-01,9.380391e-03
7.687202e-02,2.504208e-02,5.680756e-02,5.072037e-02,3.800514e-03,1.481736e-02,3.033567e-04,3.013961e-03,3.090499e-02,7.361554e-03,5.167146e-01,6.663005e-03,5.566036e-03,1.931064e-01,8.306172e-03
5.507726e-02,2.951435e-02,4.138844e-02,4.187261e-02,4.772143e-03,1.772259e-02,3.634703e-04,2.703938e-03,6.379715e-02,6.597579e-03,5.130252e-01,8.592581e-03,7.959984e-03,1.984966e-01,8.116108e-03
4.098910e-02,4.907209e-02,3.013757e-02,3.159968e-02,6.190491e-03,2.238963e-02,6.756245e-04,2.555295e-03,7.963102e-02,5.570985e-03,4.392153e-01,1.356700e-02,7.300217e-03,2.639901e-01,7.115922e-03
3.127818e-02,5.503252e-02,2.181008e-02,2.449759e-02,1.049965e-02,2.450581e-02,6.682375e-04,2.506901e-03,8.502668e-02,6.044591e-03,3.592387e-01,1.320057e-02,7.299538e-03,3.517940e-01,6.597045e-03
2.349522e-02,4.936042e-02,1.591338e-02,1.839045e-02,9.683315e-03,2.132758e-02,5.420688e-04,1.940369e-03,8.671667e-02,7.236157e-03,3.215427e-01,1.219486e-02,7.866051e-03,4.170462e-01,6.744608e-03
1.842521e-02,4.052725e-02,1.151114e-02,1.370914e-02,7.567070e-03,1.877787e-02,4.699611e-04,1.495005e-03,9.752622e-02,9.332949e-03,3.417636e-01,1.412093e-02,6.891654e-03,4.121264e-01,5.755594e-03
1.439501e-02,5.544670e-02,8.654269e-03,1.001480e-02,5.884650e-03,2.059408e-02,4.282776e-04,1.177685e-03,1.499594e-01,9.931732e-03,2.693147e-01,1.904686e-02,5.125860e-03,4.245448e-01,5.481165e-03
1.362699e-02,5.431365e-02,6.787482e-03,1.007601e-02,5.372017e-03,2.515921e-02,4.428441e-04,1.481725e-03,2.433686e-01,1.548791e-02,2.247639e-01,1.965292e-02,4.848753e-03,3.678779e-01,6.740125e-03
1.816241e-02,5.413703e-02,5.858182e-03,9.708755e-03,4.853814e-03,2.159650e-02,3.916725e-04,2.117866e-03,2.289651e-01,1.803821e-02,2.908733e-01,2.305524e-02,5.900105e-03,3.098478e-01,6.494058e-03
1.503389e-02,5.531368e-02,4.644466e-03,7.421514e-03,4.005419e-03,2.487245e-02,3.043694e-04,1.741910e-03,2.053462e-01,1.803142e-02,3.251699e-01,2.629064e-02,5.113693e-03,3.011831e-01,5.527386e-03
1.377975e-02,5.797352e-02,4.712001e-03,7.360098e-03,3.838702e-03,2.287555e-02,3.185081e-04,1.741137e-03,2.115207e-01,1.902767e-02,3.006257e-01,3.105711e-02,5.285437e-03,3.139015e-01,5.982616e-03
1.028820e-02,5.602578e-02,3.518736e-03,5.714644e-03,3.383084e-03,3.532859e-02,2.652871e-04,1.352099e-03,2.210626e-01,1.801746e-02,2.889622e-01,3.860860e-02,5.998811e-03,3.044485e-01,7.025433e-03
9.537134e-03,5.955906e-02,2.700162e-03,4.456824e-03,6.723091e-03,6.725667e-02,2.845563e-04,1.830540e-03,3.327794e-01,1.529187e-02,2.222006e-01,3.000111e-02,5.963197e-03,2.342743e-01,7.141526e-03
1.099807e-02,5.347360e-02,4.700365e-03,3.837404e-03,8.316183e-03,1.853867e-01,3.037151e-04,1.362163e-02,3.304187e-01,1.284603e-02,1.695420e-01,2.238649e-02,5.194540e-03,1.726915e-01,6.283013e-03
1.060505e-02,5.031649e-02,5.083972e-03,3.229892e-03,1.181798e-02,2.531591e-01,3.239635e-04,2.096129e-02,3.556789e-01,1.027159e-02,1.269433e-01,1.641392e-02,4.067968e-03,1.259715e-01,5.155057e-03
1.968463e-02,4.024171e-02,4.582070e-03,3.717596e-03,1.968556e-02,3.427185e-01,6.794436e-04,2.190366e-02,3.151163e-01,8.303992e-03,1.028454e-01,1.243064e-02,3.586813e-03,9.906858e-02,5.435094e-03
3.008984e-02,3.768083e-02,4.238418e-03,4.321820e-03,2.617681e-02,3.741812e-01,7.735988e-04,2.268414e-02,3.097471e-01,7.636675e-03,8.770397e-02,9.629495e-03,3.096282e-03,7.627204e-02,5.767760e-03
3.815942e-02,3.563462e-02,1.005779e-02,2.121934e-02,4.672496e-02,3.979359e-01,1.071043e-03,5.822489e-02,2.494297e-01,6.255861e-03,6.400558e-02,7.491497e-03,2.731741e-03,5.577749e-02,5.280124e-03
6.160875e-02,4.227953e-02,1.159864e-02,3.323312e-02,5.133551e-02,3.542665e-01,1.069902e-03,6.743871e-02,2.459917e-01,5.710968e-03,5.047161e-02,8.242095e-03,3.189150e-03,5.353655e-02,1.002725e-02
7.158993e-02,4.103677e-02,9.721936e-03,2.865493e-02,5.573715e-02,3.463060e-01,9.095905e-04,5.594670e-02,2.635680e-01,6.554088e-03,4.376893e-02,6.626425e-03,2.842204e-03,5.091334e-02,1.582399e-02
8.775596e-02,3.408027e-02,2.022444e-02,1.038670e-01,8.091907e-02,2.600618e-01,9.941646e-04,6.578829e-02,2.445860e-01,5.563104e-03,3.394642e-02,7.929380e-03,2.776688e-03,3.793500e-02,1.357239e-02
6.271614e-02,2.751566e-02,1.677017e-02,2.800245e-01,5.886094e-02,1.823418e-01,7.259142e-04,4.619491e-02,1.779511e-01,6.006790e-03,9.189307e-02,8.612148e-03,2.463342e-03,2.688321e-02,1.104019e-02
5.679167e-02,2.211967e-02,1.668915e-02,3.901244e-01,4.683859e-02,1.286713e-01,1.037800e-03,3.326751e-02,1.437301e-01,5.725867e-03,8.469406e-02,2.591146e-02,2.374061e-03,2.425381e-02,1.777048e-02
1.558844e-01,1.953124e-02,1.876879e-02,3.104182e-01,3.978162e-02,1.014706e-01,1.273551e-03,2.767090e-02,1.046853e-01,5.905319e-03,1.311691e-01,3.380543e-02,6.263455e-03,2.699273e-02,1.637931e-02
2.201324e-01,1.782221e-02,1.825821e-02,2.414180e-01,3.432665e-02,7.869911e-02,1.879981e-03,2.115725e-02,7.780529e-02,9.440918e-03,1.530999e-01,4.950002e-02,1.321639e-02,4.680333e-02,1.644042e-02
2.690226e-01,1.944841e-02,1.846521e-02,1.823775e-01,2.985327e-02,6.226210e-02,2.203392e-03,1.647574e-02,6.084529e-02,1.362390e-02,1.348788e-01,1.053078e-01,2.164136e-02,4.857443e-02,1.502021e-02
2.517107e-01,1.825735e-02,1.603160e-02,1.308889e-01,2.197462e-02,4.709719e-02,1.740855e-03,1.227522e-02,4.614425e-02,1.343582e-02,1.278124e-01,2.369346e-01,1.866527e-02,4.535462e-02,1.167665e-02
2.746239e-01,1.712568e-02,1.320592e-02,9.506732e-02,1.698140e-02,3.662253e-02,1.560550e-03,9.135627e-03,3.598134e-02,1.291056e-02,1.079102e-01,3.134935e-01,1.475600e-02,4.114693e-02,9.478600e-03
2.814861e-01,1.432081e-02,1.083766e-02,7.608482e-02,1.847318e-02,3.162087e-02,2.279085e-03,7.778646e-03,3.141661e-02,1.361168e-02,1.189833e-01,3.358485e-01,1.275891e-02,3.421419e-02,1.028572e-02
2.898946e-01,1.519674e-02,1.017428e-02,5.811513e-02,3.730083e-02,3.051618e-02,2.295628e-03,6.766602e-03,4.240216e-02,1.246472e-02,1.082261e-01,3.369169e-01,1.152355e-02,2.869035e-02,9.516269e-03
3.402628e-01,1.256195e-02,8.385760e-03,4.659942e-02,3.566299e-02,2.801965e-02,2.098707e-03,5.757814e-03,3.456470e-02,1.066067e-02,8.954678e-02,3.400675e-01,1.032835e-02,2.438017e-02,1.110276e-02
3.489736e-01,1.107604e-02,7.188481e-03,4.696624e-02,7.188946e-02,2.805592e-02,2.806505e-03,7.333477e-03,3.412688e-02,9.852214e-03,9.323606e-02,2.891753e-01,1.281743e-02,2.347873e-02,1.302372e-02
3.516046e-01,9.629870e-03,5.829127e-03,4.157578e-02,8.986355e-02,3.021354e-02,2.743522e-03,7.587810e-03,3.248616e-02,8.398768e-03,8.372998e-02,2.870764e-01,1.302776e-02,2.278701e-02,1.344621e-02
4.154117e-01,9.208111e-03,4.841147e-03,3.397576e-02,7.045972e-02,3.198261e-02,2.880459e-03,7.188553e-03,2.637333e-02,7.050106e-03,7.052541e-02,2.740989e-01,1.191259e-02,1.969512e-02,1.439659e-02
3.903920e-01,1.152269e-02,4.978730e-03,3.304404e-02,6.222521e-02,6.028696e-02,3.371247e-03,8.029953e-03,2.749940e-02,5.570423e-03,6.471882e-02,2.834444e-01,1.203701e-02,1.721165e-02,1.566752e-02
2.784915e-01,1.048765e-02,4.832302e-03,2.518190e-02,7.450111e-02,5.413344e-02,3.385046e-03,6.909671e-03,3.761651e-02,4.544413e-03,5.363303e-02,4.080896e-01,1.042053e-02,1.456531e-02,1.320809e-02
2.348653e-01,8.341333e-03,3.813470e-03,1.952450e-02,6.902727e-02,5.721180e-02,4.281411e-03,6.927629e-03,3.989828e-02,4.306232e-03,4.601818e-02,4.731532e-01,1.032881e-02,1.179531e-02,1.050734e-02
2.455092e-01,7.922909e-03,3.527276e-03,1.498140e-02,8.284652e-02,7.152963e-02,5.063373e-03,7.269033e-03,4.028659e-02,3.723350e-03,5.680956e-02,4.306273e-01,1.103160e-02,1.019151e-02,8.680722e-03
2.232750e-01,6.707193e-03,3.825765e-03,1.207852e-02,1.211152e-01,9.362639e-02,1.044145e-02,1.703022e-02,3.790917e-02,3.149088e-03,6.876212e-02,3.732924e-01,1.227088e-02,9.716915e-03,6.799666e-03
2.025991e-01,5.732281e-03,3.440066e-03,9.780906e-03,1.096919e-01,1.201278e-01,1.062062e-02,1.612538e-02,3.790019e-02,2.694374e-03,7.043099e-02,3.827485e-01,1.213660e-02,1.031146e-02,5.659832e-03
1.731476e-01,5.690721e-03,2.978940e-03,9.001473e-03,8.579630e-02,2.199298e-01,1.019776e-02,1.363321e-02,3.665717e-02,2.204086e-03,7.283975e-02,3.256697e-01,2.543400e-02,1.018735e-02,6.632091e-03
1.740912e-01,4.775051e-03,4.215729e-03,7.326959e-03,6.542582e-02,2.800760e-01,2.078078e-02,2.735163e-02,2.814930e-02,1.790874e-03,7.967948e-02,2.637486e-01,2.747849e-02,8.352173e-03,6.757790e-03
1.580724e-01,5.232626e-03,4.254254e-03,5.963925e-03,5.062079e-02,3.537720e-01,1.987381e-02,2.446818e-02,2.574174e-02,1.478412e-03,9.617640e-02,2.094003e-01,3.065335e-02,6.791573e-03,7.500172e-03
1.749526e-01,5.221066e-03,4.021728e-03,5.330006e-03,4.767179e-02,3.056006e-01,1.903565e-02,2.223052e-02,2.464248e-02,1.301198e-03,1.493213e-01,1.971010e-01,2.955121e-02,6.692178e-03,7.326666e-03
2.143724e-01,4.567462e-03,3.439977e-03,4.902784e-03,3.895823e-02,2.629330e-01,1.524670e-02,1.836281e-02,1.893805e-02,9.947583e-04,1.822786e-01,1.921462e-01,3.005838e-02,6.335732e-03,6.464919e-03
1.769547e-01,3.950470e-03,2.893085e-03,4.422147e-03,3.414849e-02,2.440543e-01,1.149452e-02,1.444102e-02,1.642514e-02,8.019350e-04,2.753248e-01,1.722137e-01,3.009172e-02,6.857280e-03,5.926670e-03
1.535279e-01,7.207986e-03,3.004446e-03,3.906466e-03,3.078437e-02,1.910180e-01,8.384354e-03,1.129675e-02,2.168290e-02,8.864191e-04,3.126712e-01,2.079159e-01,3.323016e-02,9.104112e-03,5.379017e-03
1.392608e-01,1.157180e-02,2.765825e-03,3.617493e-03,2.770165e-02,1.496740e-01,6.013593e-03,9.638799e-03,3.559610e-02,1.055707e-03,3.278029e-01,2.293927e-01,3.830528e-02,1.254837e-02,5.055031e-03
1.533338e-01,1.584131e-02,2.473444e-03,5.174026e-03,2.697125e-02,1.217164e-01,4.434190e-03,8.066313e-03,6.440738e-02,1.031600e-03,2.785932e-01,2.624122e-01,4.080977e-02,9.598024e-03,5.137231e-03
1.587609e-01,1.608339e-02,2.313117e-03,5.243842e-03,2.843574e-02,1.066247e-01,3.880653e-03,9.272732e-03,9.197746e-02,1.471442e-03,2.284055e-01,2.894176e-01,4.621360e-02,7.264308e-03,4.635092e-03
1.468747e-01,1.224174e-02,2.282722e-03,6.022252e-03,3.554439e-02,9.711954e-02,3.456366e-03,7.363606e-03,7.863218e-02,2.891711e-03,1.682588e-01,2.289498e-01,1.943080e-01,7.394680e-03,8.659566e-03
1.043135e-01,8.624640e-03,1.605933e-03,5.465177e-03,2.709945e-02,8.289822e-02,3.584776e-03,5.204165e-03,5.658802e-02,2.490325e-03,1.219524e-01,1.755694e-01,3.901213e-01,5.507708e-03,8.974917e-03
9.301548e-02,6.442878e-03,1.199579e-03,7.249490e-03,2.643656e-02,9.628999e-02,7.162664e-03,4.031126e-03,4.153755e-02,2.497388e-03,1.131499e-01,2.176227e-01,3.575028e-01,6.357640e-03,1.950423e-02
7.817411e-02,6.765520e-03,9.558427e-04,8.717311e-03,2.146327e-02,1.034267e-01,5.782548e-03,4.008811e-03,7.397837e-02,3.212828e-03,1.268267e-01,2.354226e-01,3.042080e-01,9.999466e-03,1.705800e-02
6.125997e-02,7.600286e-03,1.038318e-03,8.279969e-03,1.666804e-02,8.881932e-02,4.529628e-03,6.034695e-03,1.569183e-01,4.064653e-03,1.490243e-01,2.107411e-01,2.528098e-01,1.632422e-02,1.588740e-02
