1.000000e+00,0.000000e+00,0.000000e+00,0.000000e+00,0.000000e+00,0.000000e+00,0.000000e+00,0.000000e+00,0.000000e+00,0.000000e+00,0.000000e+00,0.000000e+00,0.000000e+00,0.000000e+00,0.000000e+00
1.000000e+00,0.000000e+00,0.000000e+00,0.000000e+00,0.000000e+00,0.000000e+00,0.000000e+00,0.000000e+00,0.000000e+00,0.000000e+00,0.000000e+00,0.000000e+00,0.000000e+00,0.000000e+00,0.000000e+00
1.000000e+00,0.000000e+00,0.000000e+00,0.000000e+00,0.000000e+00,0.000000e+00,0.000000e+00,0.000000e+00,0.000000e+00,0.000000e+00,0.000000e+00,0.000000e+00,0.000000e+00,0.000000e+00,0.000000e+00
1.000000e+00,0.000000e+00,0.000000e+00,0.000000e+00,0.000000e+00,0.000000e+00,0.000000e+00,0.000000e+00,0.000000e+00,0.000000e+00,0.000000e+00,0.000000e+00,0.000000e+00,0.000000e+00,0.000000e+00
1.000000e+00,0.000000e+00,0.000000e+00,0.000000e+00,0.000000e+00,0.000000e+00,0.000000e+00,0.000000e+00,0.000000e+00,0.000000e+00,0.000000e+00,0.000000e+00,0.000000e+00,0.000000e+00,0.000000e+00
1.000000e+00,0.000000e+00,0.000000e+00,0.000000e+00,0.000000e+00,0.000000e+00,0.000000e+00,0.000000e+00,0.000000e+00,0.000000e+00,0.000000e+00,0.000000e+00,0.000000e+00,0.000000e+00,0.000000e+00
1.000000e+00,0.000000e+00,0.000000e+00,0.000000e+00,0.000000e+00,0.000000e+00,0.000000e+00,0.000000e+00,0.000000e+00,0.000000e+00,0.000000e+00,0.000000e+00,0.000000e+00,0.000000e+00,0.000000e+00
1.000000e+00,0.000000e+00,0.000000e+00,0.000000e+00,0.000000e+00,0.000000e+00,0.000000e+00,0.000000e+00,0.000000e+00,0.000000e+00,0.000000e+00,0.000000e+00,0.000000e+00,0.000000e+00,0.000000e+00
1.000000e+00,0.000000e+00,0.000000e+00,0.000000e+00,0.000000e+00,0.000000e+00,0.000000e+00,0.000000e+00,0.000000e+00,0.000000e+00,0.000000e+00,0.000000e+00,0.000000e+00,0.000000e+00,0.000000e+00
1.000000e+00,0.000000e+00,0.000000e+00,0.000000e+00,0.000000e+00,0.000000e+00,0.000000e+00,0.000000e+00,0.000000e+00,0.000000e+00,0.000000e+00,0.000000e+00,0.000000e+00,0.000000e+00,0.000000e+00
1.000000e+00,0.000000e+00,0.000000e+00,0.000000e+00,0.000000e+00,0.000000e+00,0.000000e+00,0.000000e+00,0.000000e+00,0.000000e+00,0.000000e+00,0.000000e+00,0.000000e+00,0.000000e+00,0.000000e+00
1.000000e+00,0.000000e+00,0.000000e+00,0.000000e+00,0.000000e+00,0.000000e+00,0.000000e+00,0.000000e+00,0.000000e+00,0.000000e+00,0.000000e+00,0.000000e+00,0.000000e+00,0.000000e+00,0.000000e+00
1.000000e+00,0.000000e+00,0.000000e+00,0.000000e+00,0.000000e+00,0.000000e+00,0.000000e+00,0.000000e+00,0.000000e+00,0.000000e+00,0.000000e+00,0.000000e+00,0.000000e+00,0.000000e+00,0.000000e+00
1.000000e+00,0.000000e+00,0.000000e+00,0.000000e+00,0.000000e+00,0.000000e+00,0.000000e+00,0.000000e+00,0.000000e+00,0.000000e+00,0.000000e+00,0.000000e+00,0.000000e+00,0.000000e+00,0.000000e+00
1.000000e+00,0.000000e+00,0.000000e+00,0.000000e+00,0.000000e+00,0.000000e+00,0.000000e+00,0.000000e+00,0.000000e+00,0.000000e+00,0.000000e+00,0.000000e+00,0.000000e+00,0.000000e+00,0.000000e+00
1.000000e+00,0.000000e+00,0.000000e+00,0.000000e+00,0.000000e+00,0.000000e+00,0.000000e+00,0.000000e+00,0.000000e+00,0.000000e+00,0.000000e+00,0.000000e+00,0.000000e+00,0.000000e+00,0.000000e+00
1.000000e+00,0.000000e+00,0.000000e+00,0.000000e+00,0.000000e+00,0.000000e+00,0.000000e+00,0.000000e+00,0.000000e+00,0.000000e+00,0.000000e+00,0.000000e+00,0.000000e+00,0.000000e+00,0.000000e+00
1.000000e+00,0.000000e+00,0.000000e+00,0.000000e+00,0.000000e+00,0.000000e+00,0.000000e+00,0.000000e+00,0.000000e+00,0.000000e+00,0.000000e+00,0.000000e+00,0.000000e+00,0.000000e+00,0.000000e+00
1.000000e+00,0.000000e+00,0.000000e+00,0.000000e+00,0.000000e+00,0.000000e+00,0.000000e+00,0.000000e+00,0.000000e+00,0.000000e+00,0.000000e+00,0.000000e+00,0.000000e+00,0.000000e+00,0.000000e+00
1.000000e+00,0.000000e+00,0.000000e+00,0.000000e+00,0.000000e+00,0.000000e+00,0.000000e+00,0.000000e+00,0.000000e+00,0.000000e+00,0.000000e+00,0.000000e+00,0.000000e+00,0.000000e+00,0.000000e+00
3.878128e-01,9.078512e-03,6.056638e-03,2.364379e-02,5.775400e-03,9.746004e-03,2.982728e-03,4.958808e-01,3.676435e-03,1.860616e-03,8.580298e-03,1.734210e-02,1.159644e-02,4.243636e-03,1.172367e-02
2.719167e-01,6.382306e-03,4.430124e-03,1.668878e-02,4.122229e-03,6.969098e-03,2.322722e-03,6.456304e-01,2.581923e-03,1.304942e-03,6.053867e-03,1.216667e-02,8.170251e-03,3.017575e-03,8.242441e-03
1.911159e-01,4.543075e-03,3.471580e-03,1.182202e-02,3.130550e-03,5.106152e-03,1.851580e-03,7.490566e-01,1.820747e-03,9.188174e-04,4.541210e-03,8.583822e-03,5.833182e-03,2.407960e-03,5.796758e-03
1.343126e-01,3.316095e-03,2.651594e-03,8.402850e-03,2.905852e-03,3.900665e-03,1.795579e-03,8.194675e-01,1.333377e-03,6.620014e-04,3.851071e-03,6.265244e-03,4.515579e-03,2.520557e-03,4.099437e-03
9.599732e-02,2.928762e-03,2.143333e-03,6.746363e-03,5.822645e-03,3.479097e-03,1.556533e-03,8.406595e-01,2.146466e-03,6.898564e-04,1.098448e-02,6.507022e-03,9.459755e-03,7.837170e-03,3.041689e-03
7.600664e-02,3.459548e-03,1.994979e-03,5.238693e-03,3.000808e-02,6.440481e-03,2.749613e-03,8.072529e-01,4.549312e-03,6.397080e-04,1.081797e-02,6.388117e-03,2.902125e-02,1.272377e-02,2.708905e-03
5.736089e-02,3.282336e-03,1.890636e-03,4.307967e-03,4.425036e-02,2.171224e-02,7.302899e-03,6.906586e-01,5.537734e-03,6.733715e-04,9.920191e-03,6.092660e-03,1.334162e-01,1.050083e-02,3.093093e-03
5.766353e-02,3.213984e-03,2.313706e-03,4.452436e-03,3.996972e-02,4.566851e-02,2.023628e-02,5.334088e-01,6.185887e-03,1.023339e-03,9.485931e-03,6.530058e-03,2.567264e-01,7.779640e-03,5.341703e-03
1.160895e-01,4.811642e-03,2.757243e-03,4.817961e-03,4.321257e-02,5.469580e-02,2.610246e-02,4.186261e-01,6.391711e-03,1.167155e-03,1.014832e-02,8.118358e-03,2.901678e-01,6.392204e-03,6.501216e-03
2.711819e-01,8.644680e-03,3.001105e-03,6.468514e-03,3.573643e-02,4.511220e-02,2.041459e-02,3.069854e-01,8.169353e-03,1.104585e-03,9.861169e-03,1.098387e-02,2.592185e-01,6.823424e-03,6.294223e-03
3.882815e-01,1.442285e-02,3.535028e-03,1.238098e-02,2.815367e-02,4.133344e-02,1.586463e-02,2.182585e-01,9.815387e-03,1.451631e-03,1.026498e-02,1.640799e-02,2.223499e-01,6.490666e-03,1.098890e-02
3.550068e-01,2.573405e-02,5.587900e-03,2.825389e-02,2.118197e-02,6.324598e-02,1.263766e-02,1.551852e-01,3.148579e-02,1.166761e-02,1.420713e-02,4.633765e-02,1.885021e-01,7.555207e-03,3.341110e-02
4.204841e-01,2.708097e-02,5.766298e-03,3.103633e-02,1.661095e-02,6.526264e-02,9.513329e-03,1.096210e-01,3.483154e-02,1.023390e-02,1.461887e-02,4.533792e-02,1.462928e-01,8.778304e-03,5.453113e-02
1.000000e+00,0.000000e+00,0.000000e+00,0.000000e+00,0.000000e+00,0.000000e+00,0.000000e+00,0.000000e+00,0.000000e+00,0.000000e+00,0.000000e+00,0.000000e+00,0.000000e+00,0.000000e+00,0.000000e+00
4.213665e-01,3.503884e-02,4.694337e-03,2.664672e-02,1.023245e-02,5.483531e-02,5.439659e-03,5.499946e-02,8.911632e-02,1.497203e-02,1.878456e-02,3.968522e-02,9.383877e-02,2.556216e-02,1.047877e-01
4.147546e-01,4.584232e-02,3.808822e-03,2.512102e-02,1.004993e-02,4.221035e-02,4.598779e-03,3.955437e-02,9.377931e-02,1.643812e-02,1.784147e-02,3.511443e-02,1.221723e-01,2.594896e-02,1.027653e-01
3.714322e-01,5.265537e-02,4.919051e-03,2.489697e-02,9.688069e-03,3.382123e-02,4.952472e-03,2.886431e-02,1.303481e-01,3.087187e-02,1.719934e-02,2.993976e-02,1.281029e-01,2.774482e-02,1.045636e-01
2.937040e-01,5.109721e-02,9.434440e-03,4.715302e-02,1.246475e-02,2.631298e-02,4.519319e-03,2.284861e-02,2.035640e-01,3.012410e-02,2.241355e-02,2.608146e-02,1.245749e-01,2.794915e-02,9.775855e-02
3.064812e-01,4.208177e-02,7.654871e-03,4.022101e-02,1.510762e-02,2.318219e-02,4.991089e-03,1.873902e-02,1.616506e-01,2.315018e-02,3.315268e-02,3.343238e-02,1.715169e-01,3.181802e-02,8.682065e-02
2.424634e-01,3.796443e-02,8.832716e-03,3.270334e-02,2.014667e-02,1.949374e-02,5.443905e-03,1.504402e-02,1.505672e-01,1.800044e-02,2.865968e-02,2.609476e-02,2.502272e-01,5.351860e-02,9.083994e-02
2.009194e-01,3.876528e-02,1.666524e-02,3.097957e-02,2.545062e-02,1.819293e-02,6.429265e-03,1.654730e-02,1.338278e-01,2.055648e-02,3.398556e-02,2.547948e-02,2.491689e-01,7.026427e-02,1.127679e-01
1.762333e-01,3.354694e-02,1.683799e-02,2.397540e-02,2.601589e-02,1.601337e-02,6.867879e-03,1.643122e-02,1.059401e-01,1.852170e-02,3.011112e-02,2.430523e-02,3.405553e-01,5.746592e-02,1.071786e-01
1.871100e-01,3.490447e-02,2.266290e-02,2.410868e-02,2.890151e-02,3.423471e-02,6.206772e-03,1.671124e-02,8.137741e-02,1.730468e-02,3.047133e-02,2.462216e-02,3.074856e-01,6.611400e-02,1.177845e-01
1.895712e-01,3.402864e-02,2.241170e-02,2.449490e-02,3.225121e-02,4.488776e-02,5.510362e-03,1.503200e-02,6.877257e-02,1.752472e-02,2.681545e-02,2.368508e-02,2.762107e-01,7.611774e-02,1.426859e-01
2.544713e-01,2.999988e-02,2.139516e-02,2.505494e-02,3.345769e-02,4.069935e-02,5.091544e-03,1.694413e-02,5.582366e-02,1.551587e-02,2.295877e-02,2.348433e-02,2.584734e-01,6.594808e-02,1.306819e-01
2.744036e-01,2.791225e-02,1.977937e-02,3.776696e-02,3.478801e-02,4.773679e-02,5.995532e-03,1.570418e-02,5.243189e-02,1.409130e-02,2.301208e-02,3.908042e-02,2.267880e-01,5.420517e-02,1.263045e-01
2.550277e-01,2.747948e-02,1.840585e-02,4.614307e-02,3.257572e-02,4.294468e-02,5.161068e-03,1.317788e-02,6.110184e-02,1.415265e-02,1.930823e-02,3.323007e-02,2.167893e-01,4.156153e-02,1.729409e-01
2.299875e-01,2.239439e-02,1.502035e-02,4.444735e-02,2.634000e-02,3.411986e-02,3.810613e-03,1.441263e-02,1.683706e-01,1.702755e-02,2.114691e-02,2.844595e-02,1.753349e-01,3.631488e-02,1.628265e-01
2.571889e-01,2.141232e-02,1.279224e-02,3.896055e-02,2.569556e-02,3.085866e-02,3.428128e-03,1.665227e-02,1.638317e-01,1.478416e-02,1.960704e-02,3.350127e-02,1.946014e-01,3.046847e-02,1.362174e-01
1.995216e-01,1.884820e-02,9.832663e-03,3.268922e-02,1.854325e-02,2.488970e-02,2.689623e-03,1.256122e-02,2.245579e-01,1.255648e-02,2.380707e-02,5.162380e-02,2.006910e-01,3.501461e-02,1.321737e-01
2.050384e-01,1.632031e-02,7.879076e-03,2.500110e-02,1.458005e-02,3.976329e-02,2.267250e-03,9.733871e-03,2.225430e-01,9.760117e-03,2.228029e-02,4.408079e-02,2.299128e-01,4.487804e-02,1.059616e-01
2.263896e-01,1.592660e-02,1.370528e-02,2.323012e-02,1.356789e-02,4.097137e-02,2.764784e-03,1.221021e-02,2.190836e-01,8.545976e-03,2.182230e-02,3.766422e-02,2.400009e-01,3.789077e-02,8.622647e-02
1.689600e-01,1.329937e-02,1.331659e-02,2.146242e-02,1.024232e-02,4.931013e-02,2.203420e-03,8.732013e-03,2.998645e-01,9.114543e-03,2.824108e-02,5.305364e-02,1.760193e-01,5.009824e-02,9.608250e-02
1.424252e-01,1.129745e-02,1.029507e-02,1.860117e-02,8.173377e-03,5.274736e-02,2.344132e-03,6.722386e-03,2.524394e-01,9.360276e-03,3.058366e-02,6.084613e-02,1.574606e-01,8.728754e-02,1.494162e-01
2.242769e-01,1.003909e-02,9.685362e-03,1.863221e-02,1.249998e-02,4.133538e-02,2.672551e-03,6.197419e-03,1.931795e-01,8.616894e-03,5.866443e-02,6.813021e-02,1.259379e-01,9.781512e-02,1.223170e-01
1.795084e-01,8.049538e-03,7.598783e-03,1.433874e-02,9.384262e-03,3.337651e-02,2.316351e-03,4.784219e-03,1.573060e-01,1.299557e-02,6.858125e-02,6.091655e-02,9.325674e-02,2.252315e-01,1.223556e-01
1.444791e-01,7.350220e-03,6.739044e-03,1.155092e-02,7.421977e-03,2.879803e-02,2.411180e-03,3.701220e-03,1.184007e-01,1.404386e-02,5.975892e-02,6.254496e-02,7.797092e-02,3.273086e-01,1.275204e-01
1.479047e-01,7.259185e-03,6.053030e-03,1.030838e-02,1.080475e-02,2.511563e-02,7.775090e-03,6.634240e-03,9.610681e-02,3.027525e-02,6.239189e-02,7.984486e-02,6.462145e-02,3.183149e-01,1.265899e-01
1.207987e-01,6.430106e-03,5.003972e-03,7.936452e-03,8.424840e-03,1.969524e-02,8.830646e-03,5.337985e-03,7.570284e-02,3.400467e-02,5.803658e-02,8.292010e-02,5.690956e-02,3.624263e-01,1.475421e-01
1.006750e-01,5.839675e-03,4.837578e-03,6.274271e-03,8.243318e-03,1.818422e-02,1.169253e-02,4.583521e-03,6.060502e-02,4.854681e-02,4.984878e-02,8.997964e-02,5.408051e-02,3.962069e-01,1.404022e-01
7.890337e-02,4.860273e-03,3.895553e-03,4.663153e-03,6.509162e-03,1.350383e-02,8.894124e-03,3.668330e-03,5.279282e-02,6.041165e-02,4.409657e-02,8.161259e-02,4.422651e-02,4.675114e-01,1.244507e-01
8.536449e-02,4.470591e-03,3.647467e-03,3.619038e-03,5.010582e-03,1.150986e-02,6.998489e-03,3.112717e-03,4.372274e-02,6.476337e-02,4.593518e-02,9.294280e-02,3.785717e-02,4.916402e-01,9.940530e-02
8.950582e-02,5.242332e-03,3.444625e-03,3.028552e-03,4.217487e-03,9.564637e-03,5.175423e-03,2.331138e-03,3.864444e-02,1.148399e-01,5.097888e-02,9.997890e-02,3.235782e-02,4.590254e-01,8.166467e-02
1.510166e-01,5.570396e-03,3.914391e-03,2.753860e-03,3.772956e-03,8.456466e-03,3.851490e-03,1.997489e-03,3.491750e-02,1.525670e-01,4.585033e-02,8.891375e-02,3.106236e-02,3.855065e-01,7.984900e-02
2.827560e-01,5.678393e-03,5.524283e-03,3.307257e-03,3.453700e-03,9.153516e-03,3.504790e-03,2.120562e-03,2.893928e-02,1.371177e-01,3.795026e-02,8.997439e-02,2.841440e-02,2.984041e-01,6.370129e-02
2.675372e-01,5.275029e-03,4.669255e-03,2.915709e-03,4.194292e-03,8.466190e-03,2.757171e-03,1.777546e-03,2.156466e-02,2.791633e-01,4.028390e-02,7.365653e-02,2.054121e-02,2.202433e-01,4.695477e-02
2.977459e-01,5.091202e-03,3.832800e-03,2.429987e-03,3.835983e-03,8.414132e-03,2.276308e-03,1.496269e-03,1.582564e-02,3.515334e-01,3.652682e-02,5.977763e-02,1.506988e-02,1.601869e-01,3.595721e-02
2.359503e-01,4.033567e-03,2.890930e-03,2.065586e-03,4.454323e-03,9.401729e-03,1.852649e-03,1.342973e-03,1.335583e-02,4.662641e-01,4.802348e-02,5.702958e-02,1.344705e-02,1.132251e-01,2.666276e-02
1.987895e-01,4.034833e-03,2.733914e-03,1.826571e-03,3.777766e-03,1.022136e-02,1.636650e-03,1.336617e-03,1.015352e-02,5.547777e-01,4.106015e-02,5.601227e-02,1.228114e-02,8.050884e-02,2.084907e-02
1.430561e-01,4.664691e-03,3.922641e-03,1.525264e-03,4.639279e-03,7.446878e-03,1.183672e-03,1.016678e-03,1.011516e-02,6.453257e-01,3.741071e-02,5.442356e-02,1.094556e-02,5.749920e-02,1.682486e-02
1.016238e-01,3.999314e-03,3.184973e-03,1.404573e-03,4.013845e-03,5.664716e-03,8.527380e-04,8.134351e-04,9.907121e-03,6.883209e-01,4.511899e-02,5.829798e-02,9.597952e-03,5.403283e-02,1.316677e-02
8.010364e-02,3.296161e-03,2.575879e-03,3.196281e-03,4.614037e-03,5.922989e-03,6.644993e-04,9.061988e-04,1.616202e-02,7.244527e-01,4.365690e-02,5.110584e-02,8.312570e-03,4.241641e-02,1.261386e-02
5.680202e-02,2.691840e-03,2.229751e-03,4.225598e-03,4.346895e-03,5.106442e-03,4.849569e-04,8.178621e-04,1.440409e-02,6.224375e-01,1.381090e-01,8.112316e-02,1.336956e-02,4.135017e-02,1.250107e-02
4.068611e-02,2.999797e-03,3.815670e-03,6.014858e-03,5.564705e-03,3.964993e-03,3.774444e-04,1.079935e-03,1.732727e-02,5.008371e-01,2.381229e-01,8.541931e-02,1.999919e-02,6.292535e-02,1.086537e-02
2.894501e-02,3.290298e-03,4.735309e-03,4.742541e-03,6.016143e-03,3.053227e-03,2.824793e-04,9.700260e-04,2.300451e-02,4.554313e-01,2.465010e-01,7.772820e-02,1.831349e-02,1.178512e-01,9.135243e-03
2.261391e-02,5.155870e-03,6.972523e-03,5.670941e-03,1.236866e-02,3.221373e-03,3.235730e-04,3.743870e-03,6.123545e-02,4.541567e-01,1.864951e-01,5.677553e-02,1.459783e-02,1.567597e-01,9.909014e-03
2.074719e-02,7.335334e-03,1.336215e-02,4.474704e-03,1.039437e-02,2.823306e-03,3.004738e-04,3.515221e-03,6.510720e-02,3.872451e-01,1.520278e-01,4.098812e-02,1.177577e-02,2.623580e-01,1.754529e-02
2.005686e-02,8.861177e-03,1.549492e-02,5.712101e-03,1.193165e-02,2.656390e-03,4.161982e-04,1.046043e-02,9.767132e-02,3.853662e-01,1.139562e-01,2.922271e-02,9.371335e-03,2.734601e-01,1.536242e-02
1.704813e-02,6.892064e-03,1.273723e-02,7.679736e-03,1.089341e-02,2.415225e-03,3.934582e-04,7.630523e-03,3.245321e-01,2.811463e-01,8.392290e-02,2.114192e-02,8.715902e-03,2.013227e-01,1.352836e-02
1.622567e-02,6.936728e-03,1.262089e-02,1.061050e-02,1.032598e-02,3.634921e-03,3.504473e-04,5.662298e-03,4.108052e-01,2.094465e-01,1.164109e-01,1.919026e-02,7.397759e-03,1.593789e-01,1.100318e-02
1.198253e-02,5.247308e-03,9.225397e-03,8.002315e-03,2.117643e-02,2.869420e-03,2.643606e-04,4.041167e-03,3.028503e-01,1.474993e-01,1.489868e-01,1.683607e-02,7.540992e-03,3.048824e-01,8.595258e-03
8.719964e-03,3.995023e-03,7.043355e-03,5.976240e-03,2.388203e-02,2.703797e-03,2.020279e-04,2.898210e-03,2.187072e-01,1.036897e-01,2.150348e-01,1.454275e-02,6.426093e-03,3.797994e-01,6.379531e-03
6.189356e-03,2.964658e-03,5.248351e-03,4.364845e-03,1.788271e-02,1.999088e-03,1.464940e-04,2.055057e-03,1.575679e-01,7.267207e-02,2.323086e-01,1.242711e-02,4.738493e-03,4.748204e-01,4.614867e-03
4.480239e-03,2.416592e-03,4.245272e-03,3.294257e-03,1.517279e-02,1.674255e-03,1.086600e-04,1.465762e-03,1.168427e-01,5.098871e-02,2.341951e-01,9.646104e-03,3.785510e-03,5.482109e-01,3.473144e-03
3.310970e-03,2.851781e-03,4.024143e-03,2.669286e-03,1.128081e-02,3.694253e-03,8.324152e-05,1.042756e-03,9.788117e-02,3.631045e-02,1.858796e-01,7.039344e-03,2.829432e-03,6.375467e-01,3.556136e-03
2.696307e-03,4.126397e-03,5.403458e-03,2.300359e-03,8.573088e-03,4.110451e-03,8.074725e-05,7.471651e-04,1.347508e-01,2.620291e-02,1.402615e-01,5.024799e-03,2.112439e-03,6.606735e-01,2.936041e-03
2.476006e-03,5.482669e-03,6.492887e-03,1.998453e-03,6.405472e-03,3.060200e-02,1.116181e-04,6.986114e-04,1.354649e-01,1.859680e-02,1.040908e-01,3.633484e-03,1.569002e-03,6.797909e-01,2.586460e-03
2.027232e-03,5.137575e-03,1.081614e-02,1.892861e-03,4.680960e-03,2.411513e-02,9.893913e-05,5.341301e-04,1.324123e-01,1.330335e-02,7.372168e-02,2.608387e-03,1.137467e-03,7.254155e-01,2.098432e-03
1.608865e-03,4.061786e-03,8.876814e-03,1.483248e-03,3.448465e-03,1.764037e-02,7.676989e-05,3.825226e-04,1.589447e-01,9.692969e-03,5.306520e-02,1.869203e-03,8.420614e-04,7.360777e-01,1.929425e-03
2.123731e-03,5.907476e-03,1.510635e-02,1.078455e-02,5.353211e-03,1.458157e-02,1.648067e-04,3.743975e-03,2.652697e-01,7.403003e-03,4.067403e-02,1.534466e-03,1.087666e-03,6.242785e-01,1.986981e-03
3.004636e-03,5.631357e-03,1.621584e-02,1.048920e-02,5.241221e-03,1.145258e-02,1.338075e-04,3.378866e-03,3.055263e-01,6.795613e-03,3.088447e-02,1.363687e-03,1.284946e-03,5.940188e-01,4.578690e-03
3.644933e-03,6.491935e-03,1.339551e-02,1.774812e-02,4.950987e-03,8.573046e-03,1.208765e-04,3.564359e-03,4.375303e-01,7.740622e-03,2.290776e-02,1.081225e-03,1.422154e-03,4.624016e-01,8.426542e-03
4.043304e-03,5.624411e-03,1.190903e-02,2.044921e-02,3.898589e-03,6.186937e-03,1.064043e-04,2.643651e-03,5.853865e-01,5.819397e-03,1.660438e-02,8.445835e-04,1.191178e-03,3.281476e-01,7.144736e-03
1.402272e-02,5.976146e-03,2.073671e-02,2.040520e-02,6.649923e-03,5.684590e-03,1.885979e-04,4.438293e-03,5.970082e-01,4.775235e-03,1.376857e-02,9.650498e-04,1.469388e-03,2.963405e-01,7.570852e-03
3.469435e-02,4.907014e-03,1.650792e-02,1.968673e-02,7.154281e-03,5.622985e-03,2.087849e-04,3.960250e-03,5.976945e-01,3.999736e-03,1.246099e-02,1.206758e-03,1.891410e-03,2.816848e-01,8.319568e-03
4.436365e-02,5.348721e-03,2.048988e-02,2.256069e-02,7.196831e-03,5.161041e-03,2.591852e-04,3.808472e-03,6.110486e-01,8.551171e-03,1.216324e-02,1.197892e-03,2.205769e-03,2.258067e-01,2.983826e-02
7.028218e-02,5.562295e-03,1.862210e-02,2.046913e-02,8.293394e-03,7.253525e-03,3.446302e-04,3.225487e-03,5.116959e-01,1.036956e-02,1.161132e-02,1.100428e-03,2.465718e-03,2.330997e-01,9.560456e-02
9.490135e-02,1.051008e-02,1.465568e-02,1.802263e-02,8.117432e-03,1.014589e-02,4.768208e-04,4.796913e-03,4.152617e-01,8.313404e-03,1.274671e-02,9.527568e-04,2.348973e-03,3.135693e-01,8.518026e-02
1.300520e-01,1.018921e-02,1.124362e-02,1.501809e-02,1.399005e-02,2.656818e-02,7.799381e-04,1.644185e-02,4.011367e-01,7.030231e-03,1.392459e-02,8.942519e-04,2.494677e-03,2.855135e-01,6.472306e-02
1.503547e-01,1.121001e-02,2.408392e-02,2.369535e-02,2.945627e-02,2.551947e-02,3.878010e-03,9.059603e-02,3.350516e-01,6.140357e-03,1.826167e-02,1.494469e-03,7.911090e-03,2.216566e-01,5.069045e-02
1.534357e-01,2.839309e-02,3.091334e-02,2.698993e-02,3.008904e-02,3.571250e-02,3.640697e-03,1.145825e-01,3.078914e-01,7.094150e-03,1.770071e-02,1.929860e-03,8.566484e-03,1.843376e-01,4.872296e-02
1.362804e-01,3.074875e-02,4.514719e-02,5.144015e-02,2.937096e-02,2.895944e-02,2.954060e-03,1.407874e-01,2.972272e-01,7.680636e-03,1.887032e-02,2.254437e-03,8.617936e-03,1.385410e-01,6.112018e-02
1.096858e-01,3.402822e-02,6.129205e-02,4.698018e-02,4.695207e-02,2.689485e-02,4.389511e-03,2.129211e-01,2.717528e-01,6.275117e-03,1.493149e-02,1.810195e-03,7.860385e-03,1.048703e-01,4.935596e-02
9.981419e-02,4.007139e-02,5.086919e-02,3.981688e-02,7.206398e-02,3.063615e-02,4.487299e-03,2.780819e-01,2.313956e-01,5.472246e-03,1.145343e-02,1.773754e-03,7.116923e-03,8.473939e-02,4.220768e-02
9.273335e-02,3.508645e-02,3.945477e-02,3.057775e-02,6.350583e-02,2.294580e-02,3.457545e-03,4.171443e-01,1.733509e-01,5.149708e-03,8.372716e-03,1.555870e-03,6.316196e-03,6.327195e-02,3.707691e-02
1.079286e-01,2.739107e-02,3.167317e-02,2.323140e-02,5.983793e-02,1.747516e-02,2.885887e-03,4.940332e-01,1.357327e-01,4.915070e-03,6.223378e-03,2.034699e-03,5.208755e-03,5.302382e-02,2.840520e-02
1.356564e-01,2.259261e-02,3.051407e-02,2.065859e-02,5.141877e-02,1.517163e-02,3.058877e-03,5.337805e-01,1.046322e-01,4.143530e-03,4.975678e-03,3.624000e-03,4.905318e-03,4.155705e-02,2.331073e-02
1.660276e-01,1.812267e-02,2.371054e-02,1.648076e-02,5.517159e-02,1.373654e-02,3.098822e-03,5.442797e-01,8.339331e-02,4.601952e-03,4.133752e-03,4.852002e-03,4.601267e-03,3.770825e-02,2.008115e-02
1.928911e-01,1.544661e-02,2.002194e-02,1.455041e-02,5.058458e-02,1.350835e-02,4.780583e-03,5.350809e-01,6.631628e-02,4.373076e-03,4.216630e-03,7.294183e-03,5.468708e-03,4.044037e-02,2.502624e-02
1.992569e-01,1.466868e-02,1.895464e-02,1.205417e-02,4.286658e-02,1.152049e-02,6.219552e-03,5.566095e-01,5.601739e-02,3.626025e-03,3.407953e-03,6.612930e-03,5.429674e-03,3.131912e-02,3.143637e-02
1.886023e-01,1.278322e-02,1.786492e-02,1.268382e-02,3.649545e-02,1.066169e-02,7.322746e-03,6.046691e-01,4.453095e-02,3.159770e-03,3.216701e-03,6.113261e-03,4.832302e-03,2.264610e-02,2.441767e-02
1.805918e-01,1.014410e-02,1.730177e-02,1.333618e-02,3.039909e-02,9.470584e-03,9.919649e-03,6.452554e-01,3.475017e-02,2.477338e-03,2.745782e-03,5.187384e-03,4.055612e-03,1.619722e-02,1.816779e-02
1.677153e-01,7.981312e-03,1.410323e-02,1.077979e-02,2.433166e-02,9.177835e-03,8.581976e-03,6.927205e-01,2.700473e-02,1.986158e-03,2.200794e-03,4.762476e-03,3.279361e-03,1.153566e-02,1.383920e-02
1.650250e-01,6.250076e-03,1.416871e-02,1.020418e-02,1.930316e-02,8.545632e-03,8.003190e-03,7.185645e-01,2.065411e-02,1.581342e-03,1.883741e-03,4.451788e-03,2.715926e-03,8.252603e-03,1.039613e-02
1.640652e-01,4.828061e-03,1.141782e-02,1.026452e-02,1.515407e-02,7.752397e-03,6.805066e-03,7.410148e-01,1.524595e-02,1.381971e-03,1.729555e-03,4.164353e-03,2.451144e-03,5.906420e-03,7.818686e-03
1.994262e-01,3.812812e-03,9.675927e-03,9.783507e-03,1.206877e-02,7.349609e-03,5.586840e-03,7.202095e-01,1.176738e-02,1.197809e-03,1.614031e-03,4.421839e-03,2.563185e-03,4.340155e-03,6.182383e-03
2.436507e-01,3.206983e-03,8.713217e-03,1.025334e-02,1.057970e-02,7.589590e-03,4.827714e-03,6.816822e-01,9.459003e-03,1.079523e-03,1.679259e-03,5.217957e-03,3.195884e-03,3.334410e-03,5.530598e-03
2.348300e-01,2.507039e-03,7.309927e-03,8.904753e-03,9.890115e-03,6.992482e-03,3.962647e-03,6.998838e-01,7.185288e-03,8.490072e-04,1.533116e-03,5.370800e-03,3.489904e-03,2.540421e-03,4.750839e-03
2.021432e-01,2.088422e-03,6.309457e-03,7.956291e-03,8.631548e-03,6.786126e-03,3.031057e-03,7.392027e-01,5.342494e-03,8.256367e-04,1.486409e-03,5.641783e-03,3.640894e-03,1.954135e-03,4.959912e-03
1.889868e-01,1.731677e-03,5.521093e-03,7.620941e-03,7.350787e-03,6.531959e-03,2.410208e-03,7.599763e-01,3.921983e-03,6.509855e-04,1.301723e-03,5.026288e-03,3.503980e-03,1.461443e-03,4.004021e-03
1.691186e-01,1.459074e-03,4.805943e-03,8.199428e-03,7.328789e-03,5.874406e-03,2.034308e-03,7.845830e-01,2.834431e-03,5.527667e-04,1.132238e-03,4.463127e-03,3.412909e-03,1.104464e-03,3.096632e-03
1.815491e-01,1.337688e-03,4.703237e-03,8.540998e-03,7.395717e-03,5.931001e-03,1.860832e-03,7.719486e-01,2.142907e-03,5.392045e-04,1.201028e-03,5.192352e-03,4.017318e-03,9.252699e-04,2.714808e-03
2.352565e-01,1.945726e-03,6.152024e-03,1.039873e-02,1.022052e-02,1.272643e-02,3.238523e-03,6.894863e-01,2.137342e-03,1.040350e-03,2.209383e-03,1.160965e-02,7.742953e-03,1.153827e-03,4.681664e-03
2.892646e-01,2.665903e-03,8.022494e-03,1.122995e-02,1.225704e-02,1.368234e-02,3.761746e-03,6.188546e-01,2.411149e-03,1.850842e-03,2.865244e-03,1.461673e-02,9.995837e-03,1.416266e-03,7.105208e-03
3.361028e-01,2.705375e-03,7.773492e-03,1.037316e-02,1.380255e-02,1.242822e-02,3.399157e-03,5.720550e-01,2.149427e-03,1.658623e-03,3.052773e-03,1.512635e-02,1.033264e-02,1.467452e-03,7.573007e-03
4.263487e-01,3.430825e-03,8.433327e-03,1.222693e-02,1.376676e-02,1.170602e-02,3.108161e-03,4.739868e-01,2.374906e-03,1.859677e-03,3.813702e-03,1.642476e-02,1.090080e-02,2.020132e-03,9.598464e-03
1.000000e+00,0.000000e+00,0.000000e+00,0.000000e+00,0.000000e+00,0.000000e+00,0.000000e+00,0.000000e+00,0.000000e+00,0.000000e+00,0.000000e+00,0.000000e+00,0.000000e+00,0.000000e+00,0.000000e+00
1.000000e+00,0.000000e+00,0.000000e+00,0.000000e+00,0.000000e+00,0.000000e+00,0.000000e+00,0.000000e+00,0.000000e+00,0.000000e+00,0.000000e+00,0.000000e+00,0.000000e+00,0.000000e+00,0.000000e+00
1.000000e+00,0.000000e+00,0.000000e+00,0.000000e+00,0.000000e+00,0.000000e+00,0.000000e+00,0.000000e+00,0.000000e+00,0.000000e+00,0.000000e+00,0.000000e+00,0.000000e+00,0.000000e+00,0.000000e+00
4.614886e-01,1.934858e-02,9.261878e-03,1.228490e-01,1.197982e-02,2.967959e-02,3.026430e-03,1.323402e-01,7.754464e-03,5.552497e-03,1.512067e-02,8.842336e-02,6.707866e-02,3.170959e-03,2.292542e-02
3.312243e-01,1.551070e-02,7.284808e-03,1.275331e-01,9.781336e-03,2.268686e-02,2.241185e-03,9.292279e-02,3.381449e-02,6.617367e-03,4.058699e-02,1.895455e-01,8.758494e-02,4.122905e-03,2.854272e-02
2.423092e-01,1.174265e-02,5.944533e-03,1.088910e-01,9.396080e-03,1.722230e-02,1.842048e-03,6.534643e-02,5.261378e-02,7.091130e-03,7.289346e-02,2.319053e-01,1.412230e-01,4.692381e-03,2.688670e-02
1.836906e-01,8.900669e-03,1.253932e-02,8.309370e-02,1.211919e-02,2.699556e-02,4.988628e-03,5.999760e-02,5.890948e-02,3.342681e-02,1.156830e-01,1.936289e-01,1.746040e-01,4.359245e-03,2.706331e-02
1.621123e-01,9.301277e-03,1.485743e-02,8.815958e-02,1.816900e-02,2.558633e-02,4.990053e-03,4.743632e-02,1.581563e-01,3.786188e-02,1.004857e-01,1.480861e-01,1.542904e-01,4.731845e-03,2.577554e-02
1.308069e-01,1.426127e-02,1.860414e-02,1.072131e-01,2.074400e-02,3.467237e-02,3.948683e-03,3.409712e-02,1.646377e-01,4.440637e-02,9.200711e-02,1.341283e-01,1.273642e-01,1.697491e-02,5.613386e-02
1.285416e-01,1.308952e-02,2.034791e-02,9.081230e-02,1.901522e-02,3.548956e-02,3.332187e-03,2.605154e-02,1.254407e-01,3.511057e-02,2.163814e-01,1.070835e-01,1.175279e-01,1.842321e-02,4.335281e-02
1.118684e-01,9.859997e-03,7.778141e-02,6.617057e-02,1.852535e-02,2.721171e-02,1.047861e-02,2.810205e-02,9.041049e-02,2.970198e-02,2.758965e-01,7.847636e-02,1.282916e-01,1.356675e-02,3.365821e-02
1.683062e-01,1.682707e-02,1.540669e-01,5.376158e-02,2.819389e-02,4.268686e-02,7.998988e-03,2.114376e-02,6.840022e-02,2.996344e-02,2.071555e-01,6.121806e-02,9.338800e-02,1.421192e-02,3.267756e-02
2.227728e-01,1.997820e-02,1.556699e-01,4.517851e-02,2.817474e-02,7.527403e-02,6.764208e-03,1.615319e-02,6.069993e-02,3.670811e-02,1.535946e-01,5.406450e-02,7.172156e-02,1.386132e-02,3.938439e-02
2.256975e-01,3.913732e-02,1.669792e-01,7.615207e-02,2.365117e-02,5.849981e-02,5.895063e-03,1.181733e-02,8.239996e-02,3.144088e-02,1.193518e-01,4.518506e-02,5.692104e-02,1.067188e-02,4.619991e-02
2.300497e-01,4.170534e-02,2.004269e-01,9.017661e-02,2.977813e-02,4.473735e-02,4.976164e-03,1.043393e-02,8.946487e-02,2.626883e-02,1.001831e-01,3.356726e-02,4.623122e-02,9.462195e-03,4.253848e-02
2.310735e-01,4.202461e-02,2.172179e-01,7.043596e-02,4.864392e-02,4.345919e-02,5.549552e-03,8.408877e-03,1.112890e-01,2.066508e-02,8.189274e-02,2.509478e-02,3.750504e-02,9.471714e-03,4.726824e-02
2.285580e-01,6.363162e-02,1.830809e-01,5.613271e-02,8.472728e-02,7.448527e-02,9.042355e-03,1.156583e-02,9.935644e-02,1.665451e-02,6.292497e-02,1.885865e-02,3.054715e-02,1.109044e-02,4.934389e-02
2.262060e-01,8.019146e-02,1.461846e-01,5.409691e-02,1.291991e-01,9.081396e-02,1.196171e-02,1.241074e-02,7.822476e-02,1.430007e-02,4.676902e-02,1.416623e-02,2.401916e-02,9.752210e-03,6.170399e-02
2.201900e-01,1.351039e-01,1.140175e-01,4.435045e-02,1.471959e-01,1.140237e-01,1.480493e-02,1.200894e-02,5.794632e-02,1.224621e-02,3.461978e-02,1.075020e-02,1.814628e-02,9.499731e-03,5.509610e-02
1.813454e-01,1.649786e-01,1.060159e-01,5.022985e-02,1.849591e-01,1.247402e-01,1.386140e-02,1.775959e-02,4.968917e-02,9.407688e-03,2.602852e-02,7.969742e-03,1.352064e-02,7.785989e-03,4.170819e-02
2.034275e-01,1.374401e-01,8.332399e-02,5.152564e-02,2.319595e-01,1.170916e-01,1.338949e-02,2.191801e-02,4.627331e-02,9.298495e-03,2.020010e-02,8.134743e-03,1.166853e-02,8.226056e-03,3.612305e-02
2.729955e-01,1.096250e-01,6.292969e-02,5.100906e-02,2.222151e-01,9.702582e-02,1.101980e-02,2.722625e-02,4.656033e-02,1.537606e-02,2.297378e-02,9.693463e-03,1.261983e-02,1.053391e-02,2.819652e-02
3.294340e-01,8.695103e-02,5.351547e-02,6.635021e-02,2.019973e-01,7.915711e-02,8.861378e-03,3.184564e-02,4.543177e-02,1.198972e-02,2.260274e-02,1.552108e-02,1.184487e-02,1.082116e-02,2.367653e-02
4.575714e-01,6.537256e-02,4.279618e-02,5.859333e-02,1.546569e-01,5.896137e-02,6.977473e-03,2.599288e-02,3.553905e-02,9.583514e-03,2.004593e-02,2.081745e-02,1.173833e-02,1.028122e-02,2.107236e-02
1.000000e+00,0.000000e+00,0.000000e+00,0.000000e+00,0.000000e+00,0.000000e+00,0.000000e+00,0.000000e+00,0.000000e+00,0.000000e+00,0.000000e+00,0.000000e+00,0.000000e+00,0.000000e+00,0.000000e+00
1.000000e+00,0.000000e+00,0.000000e+00,0.000000e+00,0.000000e+00,0.000000e+00,0.000000e+00,0.000000e+00,0.000000e+00,0.000000e+00,0.000000e+00,0.000000e+00,0.000000e+00,0.000000e+00,0.000000e+00
1.000000e+00,0.000000e+00,0.000000e+00,0.000000e+00,0.000000e+00,0.000000e+00,0.000000e+00,0.000000e+00,0.000000e+00,0.000000e+00,0.000000e+00,0.000000e+00,0.000000e+00,0.000000e+00,0.000000e+00
1.000000e+00,0.000000e+00,0.000000e+00,0.000000e+00,0.000000e+00,0.000000e+00,0.000000e+00,0.000000e+00,0.000000e+00,0.000000e+00,0.000000e+00,0.000000e+00,0.000000e+00,0.000000e+00,0.000000e+00
1.000000e+00,0.000000e+00,0.000000e+00,0.000000e+00,0.000000e+00,0.000000e+00,0.000000e+00,0.000000e+00,0.000000e+00,0.000000e+00,0.000000e+00,0.000000e+00,0.000000e+00,0.000000e+00,0.000000e+00
4.427998e-01,1.036716e-02,1.265919e-02,2.713243e-02,2.988367e-02,1.269890e-02,4.630531e-03,4.202765e-01,7.692609e-03,1.897233e-03,5.383017e-03,9.569367e-03,7.908492e-03,2.601890e-03,4.499148e-03
3.141172e-01,7.337346e-03,9.120322e-03,1.943824e-02,2.149567e-02,9.112141e-03,3.633855e-03,5.873281e-01,5.441478e-03,1.340399e-03,3.874374e-03,6.891326e-03,5.767342e-03,1.881705e-03,3.220435e-03
2.230664e-01,5.169298e-03,6.560226e-03,1.378992e-02,1.542936e-02,6.675872e-03,2.913472e-03,7.062161e-01,3.822992e-03,9.436633e-04,2.751157e-03,4.894473e-03,4.131047e-03,1.358404e-03,2.277674e-03
1.618186e-01,3.664644e-03,4.795383e-03,9.924449e-03,1.145341e-02,5.190623e-03,2.711132e-03,7.859479e-01,2.692608e-03,6.699170e-04,1.961061e-03,3.520735e-03,3.040261e-03,9.892193e-04,1.620092e-03
1.235503e-01,2.663487e-03,3.601885e-03,7.235875e-03,9.047898e-03,4.790920e-03,4.047277e-03,8.337245e-01,1.908293e-03,5.047548e-04,1.474490e-03,2.801562e-03,2.614740e-03,7.950175e-04,1.239030e-03
9.973632e-02,1.952879e-03,2.684384e-03,5.276044e-03,7.498840e-03,4.519378e-03,4.926355e-03,8.640928e-01,1.390613e-03,4.226671e-04,1.194033e-03,2.303582e-03,2.374180e-03,6.035296e-04,1.024386e-03
7.742019e-02,1.501942e-03,2.241240e-03,4.000685e-03,6.418246e-03,4.445265e-03,5.624684e-03,8.858405e-01,1.122831e-03,4.864674e-04,1.163378e-03,2.435558e-03,5.777532e-03,5.158599e-04,1.005558e-03
6.584100e-02,1.389172e-03,1.985926e-03,2.927930e-03,9.607628e-03,5.317416e-03,6.281110e-03,8.926336e-01,1.196839e-03,5.091419e-04,1.338667e-03,2.384262e-03,6.851394e-03,4.943663e-04,1.241481e-03
7.967749e-02,1.157179e-03,1.752289e-03,2.164565e-03,9.260789e-03,5.768204e-03,5.505043e-03,8.825072e-01,9.339295e-04,4.428822e-04,1.213320e-03,2.352912e-03,5.609352e-03,4.011715e-04,1.253585e-03
7.843329e-02,3.517887e-03,4.700531e-03,2.065972e-03,8.500206e-02,6.682084e-03,1.634297e-02,7.867121e-01,1.633998e-03,1.095201e-03,1.723018e-03,3.288370e-03,6.488823e-03,5.748754e-04,1.738798e-03
9.571168e-02,3.577211e-03,5.658605e-03,1.953489e-03,6.930581e-02,6.532819e-03,1.280020e-02,7.897626e-01,1.483302e-03,9.458481e-04,1.755965e-03,3.043660e-03,5.333419e-03,5.015222e-04,1.633802e-03
1.463317e-01,4.165019e-03,6.573011e-03,2.251556e-03,5.844197e-02,6.913192e-03,1.051504e-02,7.466109e-01,1.941194e-03,1.134107e-03,2.471438e-03,4.266317e-03,5.537563e-03,6.444500e-04,2.202576e-03
2.515261e-01,5.246215e-03,5.986737e-03,3.774463e-03,5.018744e-02,6.026120e-03,9.101938e-03,6.319219e-01,4.248666e-03,2.765181e-03,5.984422e-03,8.214825e-03,9.861617e-03,1.392016e-03,3.762326e-03
3.750255e-01,6.370905e-03,5.572204e-03,4.990038e-03,4.214356e-02,5.841281e-03,7.901018e-03,5.023580e-01,7.413488e-03,3.492191e-03,7.049697e-03,1.118927e-02,1.370137e-02,1.979406e-03,4.972079e-03
4.667647e-01,1.537447e-02,5.574669e-03,6.283836e-03,3.357773e-02,6.358196e-03,6.539319e-03,3.651023e-01,2.727322e-02,4.719366e-03,1.012594e-02,1.697736e-02,2.624677e-02,3.085960e-03,5.996096e-03
1.000000e+00,0.000000e+00,0.000000e+00,0.000000e+00,0.000000e+00,0.000000e+00,0.000000e+00,0.000000e+00,0.000000e+00,0.000000e+00,0.000000e+00,0.000000e+00,0.000000e+00,0.000000e+00,0.000000e+00
1.000000e+00,0.000000e+00,0.000000e+00,0.000000e+00,0.000000e+00,0.000000e+00,0.000000e+00,0.000000e+00,0.000000e+00,0.000000e+00,0.000000e+00,0.000000e+00,0.000000e+00,0.000000e+00,0.000000e+00
1.000000e+00,0.000000e+00,0.000000e+00,0.000000e+00,0.000000e+00,0.000000e+00,0.000000e+00,0.000000e+00,0.000000e+00,0.000000e+00,0.000000e+00,0.000000e+00,0.000000e+00,0.000000e+00,0.000000e+00
1.000000e+00,0.000000e+00,0.000000e+00,0.000000e+00,0.000000e+00,0.000000e+00,0.000000e+00,0.000000e+00,0.000000e+00,0.000000e+00,0.000000e+00,0.000000e+00,0.000000e+00,0.000000e+00,0.000000e+00
1.000000e+00,0.000000e+00,0.000000e+00,0.000000e+00,0.000000e+00,0.000000e+00,0.000000e+00,0.000000e+00,0.000000e+00,0.000000e+00,0.000000e+00,0.000000e+00,0.000000e+00,0.000000e+00,0.000000e+00
1.000000e+00,0.000000e+00,0.000000e+00,0.000000e+00,0.000000e+00,0.000000e+00,0.000000e+00,0.000000e+00,0.000000e+00,0.000000e+00,0.000000e+00,0.000000e+00,0.000000e+00,0.000000e+00,0.000000e+00
1.000000e+00,0.000000e+00,0.000000e+00,0.000000e+00,0.000000e+00,0.000000e+00,0.000000e+00,0.000000e+00,0.000000e+00,0.000000e+00,0.000000e+00,0.000000e+00,0.000000e+00,0.000000e+00,0.000000e+00
1.000000e+00,0.000000e+00,0.000000e+00,0.000000e+00,0.000000e+00,0.000000e+00,0.000000e+00,0.000000e+00,0.000000e+00,0.000000e+00,0.000000e+00,0.000000e+00,0.000000e+00,0.000000e+00,0.000000e+00
1.000000e+00,0.000000e+00,0.000000e+00,0.000000e+00,0.000000e+00,0.000000e+00,0.000000e+00,0.000000e+00,0.000000e+00,0.000000e+00,0.000000e+00,0.000000e+00,0.000000e+00,0.000000e+00,0.000000e+00
4.627413e-01,3.535905e-02,4.377189e-02,5.004708e-02,1.918653e-02,1.810102e-02,2.722530e-03,2.036600e-02,7.005751e-02,1.574285e-02,1.364357e-02,2.928720e-02,1.287797e-01,9.249917e-03,8.094399e-02
4.634184e-01,3.006507e-02,7.484435e-02,6.229930e-02,1.987039e-02,1.599534e-02,2.432530e-03,1.721213e-02,6.212715e-02,1.503803e-02,1.261031e-02,2.408065e-02,1.182061e-01,7.831354e-03,7.396897e-02
4.486558e-01,2.983922e-02,6.787017e-02,7.243644e-02,1.668264e-02,1.526169e-02,2.072501e-03,1.388424e-02,5.871277e-02,1.602452e-02,1.624730e-02,2.089794e-02,9.504915e-02,8.175125e-03,1.181905e-01
3.153372e-01,4.456670e-02,5.281126e-02,9.766457e-02,1.243776e-02,1.147175e-02,1.607833e-03,1.002313e-02,8.086522e-02,1.867542e-02,1.769153e-02,1.642567e-02,7.468162e-02,8.909972e-03,2.368304e-01
2.234641e-01,8.091453e-02,3.969650e-02,8.526853e-02,1.022679e-02,9.229357e-03,1.278899e-03,7.355218e-03,1.220580e-01,2.143525e-02,1.595413e-02,1.227202e-02,5.554213e-02,1.132906e-02,3.039755e-01
1.573407e-01,8.356772e-02,3.482340e-02,1.312113e-01,7.384891e-03,6.738738e-03,9.211717e-04,5.355198e-03,1.423793e-01,1.960752e-02,1.365028e-02,9.028784e-03,4.065296e-02,9.216068e-03,3.381220e-01
1.180213e-01,6.089413e-02,5.299818e-02,2.122892e-01,6.774177e-03,5.459295e-03,7.910538e-04,1.935401e-02,1.768645e-01,2.034642e-02,2.087144e-02,6.825555e-03,3.026474e-02,8.057107e-03,2.601890e-01
1.062201e-01,4.428510e-02,4.188681e-02,1.638593e-01,1.105750e-02,4.399142e-03,8.266128e-04,1.774601e-01,1.947228e-01,1.448304e-02,1.972419e-02,5.042377e-03,2.315680e-02,7.099744e-03,1.857764e-01
9.536271e-02,3.207319e-02,3.282841e-02,1.247576e-01,1.101213e-02,4.771389e-03,9.847566e-04,3.694532e-01,1.402918e-01,1.043099e-02,1.534859e-02,4.085805e-03,1.700348e-02,7.015663e-03,1.345803e-01
9.785324e-02,2.384596e-02,2.637774e-02,9.603055e-02,1.108494e-02,6.497411e-03,1.384443e-03,4.940550e-01,9.941773e-02,7.505168e-03,1.208449e-02,3.674156e-03,1.549043e-02,6.375757e-03,9.832300e-02
9.140258e-02,1.767691e-02,2.380018e-02,6.987303e-02,9.555688e-03,1.476605e-02,2.010835e-03,5.878874e-01,7.053509e-02,5.420026e-03,9.856025e-03,3.510972e-03,1.619241e-02,5.018896e-03,7.249394e-02
1.298167e-01,1.328314e-02,1.937859e-02,5.181337e-02,7.259280e-03,3.908119e-02,2.255574e-03,5.339831e-01,5.282912e-02,5.895654e-03,1.953381e-02,1.357991e-02,5.039346e-02,5.107051e-03,5.579017e-02
1.362084e-01,1.076864e-02,1.510934e-02,4.044165e-02,5.786016e-03,4.509917e-02,3.233798e-03,4.421060e-01,4.005592e-02,7.411192e-03,4.755500e-02,4.539239e-02,1.071288e-01,6.659356e-03,4.704435e-02
1.290803e-01,8.179910e-03,1.103902e-02,3.237091e-02,4.724010e-03,3.981039e-02,1.964991e-02,3.242106e-01,3.100473e-02,6.504767e-03,4.385476e-02,8.829720e-02,2.017038e-01,7.971469e-03,5.159824e-02
1.217623e-01,6.098837e-03,8.384434e-03,2.410217e-02,4.183593e-03,3.692458e-02,1.971987e-02,2.391227e-01,2.413526e-02,6.983036e-03,4.164905e-02,9.059390e-02,2.562303e-01,9.676551e-03,1.104334e-01
1.393895e-01,6.911682e-03,9.235173e-03,1.784129e-02,6.693511e-02,2.790299e-02,1.781258e-02,1.758966e-01,2.356468e-02,6.446594e-03,3.373517e-02,7.368166e-02,2.758494e-01,1.390745e-02,1.108902e-01
1.600365e-01,7.611024e-03,9.159070e-03,1.626048e-02,5.406232e-02,2.249241e-02,1.287452e-02,1.246841e-01,1.420325e-01,7.012884e-03,3.014344e-02,5.286372e-02,2.300873e-01,1.902463e-02,1.116553e-01
1.409554e-01,7.914186e-03,9.737967e-03,1.441187e-02,8.572026e-02,1.812657e-02,1.001823e-02,9.222613e-02,1.884739e-01,7.757510e-03,3.101295e-02,3.960637e-02,2.070605e-01,2.505295e-02,1.219253e-01
2.146011e-01,8.954695e-03,9.930995e-03,1.387545e-02,6.591029e-02,1.745321e-02,7.867561e-03,6.747420e-02,2.508468e-01,7.318419e-03,2.676598e-02,2.997221e-02,1.549698e-01,2.282303e-02,1.012364e-01
3.537347e-01,8.737402e-03,8.625956e-03,1.245321e-02,4.827778e-02,1.493329e-02,6.251728e-03,4.857007e-02,1.993024e-01,7.835235e-03,2.741226e-02,2.227673e-02,1.161184e-01,3.411970e-02,9.135109e-02
4.987331e-01,7.170489e-03,7.322876e-03,9.369445e-03,3.471706e-02,1.171922e-02,4.611690e-03,3.487829e-02,1.466356e-01,7.555085e-03,2.929495e-02,1.681262e-02,8.542317e-02,3.426453e-02,7.149189e-02
1.000000e+00,0.000000e+00,0.000000e+00,0.000000e+00,0.000000e+00,0.000000e+00,0.000000e+00,0.000000e+00,0.000000e+00,0.000000e+00,0.000000e+00,0.000000e+00,0.000000e+00,0.000000e+00,0.000000e+00
1.000000e+00,0.000000e+00,0.000000e+00,0.000000e+00,0.000000e+00,0.000000e+00,0.000000e+00,0.000000e+00,0.000000e+00,0.000000e+00,0.000000e+00,0.000000e+00,0.000000e+00,0.000000e+00,0.000000e+00
1.000000e+00,0.000000e+00,0.000000e+00,0.000000e+00,0.000000e+00,0.000000e+00,0.000000e+00,0.000000e+00,0.000000e+00,0.000000e+00,0.000000e+00,0.000000e+00,0.000000e+00,0.000000e+00,0.000000e+00
1.000000e+00,0.000000e+00,0.000000e+00,0.000000e+00,0.000000e+00,0.000000e+00,0.000000e+00,0.000000e+00,0.000000e+00,0.000000e+00,0.000000e+00,0.000000e+00,0.000000e+00,0.000000e+00,0.000000e+00
