1.000000e+00,0.000000e+00,0.000000e+00,0.000000e+00,0.000000e+00,0.000000e+00,0.000000e+00,0.000000e+00,0.000000e+00,0.000000e+00,0.000000e+00,0.000000e+00,0.000000e+00,0.000000e+00,0.000000e+00
1.000000e+00,0.000000e+00,0.000000e+00,0.000000e+00,0.000000e+00,0.000000e+00,0.000000e+00,0.000000e+00,0.000000e+00,0.000000e+00,0.000000e+00,0.000000e+00,0.000000e+00,0.000000e+00,0.000000e+00
1.000000e+00,0.000000e+00,0.000000e+00,0.000000e+00,0.000000e+00,0.000000e+00,0.000000e+00,0.000000e+00,0.000000e+00,0.000000e+00,0.000000e+00,0.000000e+00,0.000000e+00,0.000000e+00,0.000000e+00
1.000000e+00,0.000000e+00,0.000000e+00,0.000000e+00,0.000000e+00,0.000000e+00,0.000000e+00,0.000000e+00,0.000000e+00,0.000000e+00,0.000000e+00,0.000000e+00,0.000000e+00,0.000000e+00,0.000000e+00
1.000000e+00,0.000000e+00,0.000000e+00,0.000000e+00,0.000000e+00,0.000000e+00,0.000000e+00,0.000000e+00,0.000000e+00,0.000000e+00,0.000000e+00,0.000000e+00,0.000000e+00,0.000000e+00,0.000000e+00
1.000000e+00,0.000000e+00,0.000000e+00,0.000000e+00,0.000000e+00,0.000000e+00,0.000000e+00,0.000000e+00,0.000000e+00,0.000000e+00,0.000000e+00,0.000000e+00,0.000000e+00,0.000000e+00,0.000000e+00
1.000000e+00,0.000000e+00,0.000000e+00,0.000000e+00,0.000000e+00,0.000000e+00,0.000000e+00,0.000000e+00,0.000000e+00,0.000000e+00,0.000000e+00,0.000000e+00,0.000000e+00,0.000000e+00,0.000000e+00
1.000000e+00,0.000000e+00,0.000000e+00,0.000000e+00,0.000000e+00,0.000000e+00,0.000000e+00,0.000000e+00,0.000000e+00,0.000000e+00,0.000000e+00,0.000000e+00,0.000000e+00,0.000000e+00,0.000000e+00
1.000000e+00,0.000000e+00,0.000000e+00,0.000000e+00,0.000000e+00,0.000000e+00,0.000000e+00,0.000000e+00,0.000000e+00,0.000000e+00,0.000000e+00,0.000000e+00,0.000000e+00,0.000000e+00,0.000000e+00
1.000000e+00,0.000000e+00,0.000000e+00,0.000000e+00,0.000000e+00,0.000000e+00,0.000000e+00,0.000000e+00,0.000000e+00,0.000000e+00,0.000000e+00,0.000000e+00,0.000000e+00,0.000000e+00,0.000000e+00
1.000000e+00,0.000000e+00,0.000000e+00,0.000000e+00,0.000000e+00,0.000000e+00,0.000000e+00,0.000000e+00,0.000000e+00,0.000000e+00,0.000000e+00,0.000000e+00,0.000000e+00,0.000000e+00,0.000000e+00
1.000000e+00,0.000000e+00,0.000000e+00,0.000000e+00,0.000000e+00,0.000000e+00,0.000000e+00,0.000000e+00,0.000000e+00,0.000000e+00,0.000000e+00,0.000000e+00,0.000000e+00,0.000000e+00,0.000000e+00
1.000000e+00,0.000000e+00,0.000000e+00,0.000000e+00,0.000000e+00,0.000000e+00,0.000000e+00,0.000000e+00,0.000000e+00,0.000000e+00,0.000000e+00,0.000000e+00,0.000000e+00,0.000000e+00,0.000000e+00
1.000000e+00,0.000000e+00,0.000000e+00,0.000000e+00,0.000000e+00,0.000000e+00,0.000000e+00,0.000000e+00,0.000000e+00,0.000000e+00,0.000000e+00,0.000000e+00,0.000000e+00,0.000000e+00,0.000000e+00
1.000000e+00,0.000000e+00,0.000000e+00,0.000000e+00,0.000000e+00,0.000000e+00,0.000000e+00,0.000000e+00,0.000000e+00,0.000000e+00,0.000000e+00,0.000000e+00,0.000000e+00,0.000000e+00,0.000000e+00
1.000000e+00,0.000000e+00,0.000000e+00,0.000000e+00,0.000000e+00,0.000000e+00,0.000000e+00,0.000000e+00,0.000000e+00,0.000000e+00,0.000000e+00,0.000000e+00,0.000000e+00,0.000000e+00,0.000000e+00
1.000000e+00,0.000000e+00,0.000000e+00,0.000000e+00,0.000000e+00,0.000000e+00,0.000000e+00,0.000000e+00,0.000000e+00,0.000000e+00,0.000000e+00,0.000000e+00,0.000000e+00,0.000000e+00,0.000000e+00
1.000000e+00,0.000000e+00,0.000000e+00,0.000000e+00,0.000000e+00,0.000000e+00,0.000000e+00,0.000000e+00,0.000000e+00,0.000000e+00,0.000000e+00,0.000000e+00,0.000000e+00,0.000000e+00,0.000000e+00
1.000000e+00,0.000000e+00,0.000000e+00,0.000000e+00,0.000000e+00,0.000000e+00,0.000000e+00,0.000000e+00,0.000000e+00,0.000000e+00,0.000000e+00,0.000000e+00,0.000000e+00,0.000000e+00,0.000000e+00
1.000000e+00,0.000000e+00,0.000000e+00,0.000000e+00,0.000000e+00,0.000000e+00,0.000000e+00,0.000000e+00,0.000000e+00,0.000000e+00,0.000000e+00,0.000000e+00,0.000000e+00,0.000000e+00,0.000000e+00
1.000000e+00,0.000000e+00,0.000000e+00,0.000000e+00,0.000000e+00,0.000000e+00,0.000000e+00,0.000000e+00,0.000000e+00,0.000000e+00,0.000000e+00,0.000000e+00,0.000000e+00,0.000000e+00,0.000000e+00
1.000000e+00,0.000000e+00,0.000000e+00,0.000000e+00,0.000000e+00,0.000000e+00,0.000000e+00,0.000000e+00,0.000000e+00,0.000000e+00,0.000000e+00,0.000000e+00,0.000000e+00,0.000000e+00,0.000000e+00
1.000000e+00,0.000000e+00,0.000000e+00,0.000000e+00,0.000000e+00,0.000000e+00,0.000000e+00,0.000000e+00,0.000000e+00,0.000000e+00,0.000000e+00,0.000000e+00,0.000000e+00,0.000000e+00,0.000000e+00
4.078699e-01,6.770063e-03,8.692483e-02,2.181702e-02,4.555815e-03,2.231747e-02,2.459014e-02,3.812260e-01,2.241339e-03,8.179314e-04,4.903781e-03,1.284253e-02,1.265368e-02,2.575490e-03,7.893943e-03
3.058387e-01,4.968214e-03,7.485785e-02,1.706431e-02,3.612377e-03,1.860016e-02,2.905962e-02,5.136472e-01,1.606821e-03,6.167950e-04,3.557648e-03,9.345620e-03,9.464125e-03,1.997785e-03,5.762723e-03
2.352976e-01,3.785016e-03,6.054518e-02,1.311271e-02,3.201091e-03,1.628536e-02,3.024565e-02,6.129687e-01,1.164574e-03,5.020756e-04,2.680588e-03,6.852551e-03,7.350142e-03,1.641772e-03,4.366972e-03
2.097255e-01,3.232576e-03,4.977617e-02,1.043768e-02,3.490366e-03,1.701058e-02,3.593744e-02,6.474538e-01,9.503309e-04,6.676212e-04,2.345992e-03,5.840418e-03,7.540454e-03,1.601209e-03,3.989836e-03
2.480284e-01,3.354242e-03,3.977948e-02,8.352063e-03,6.303735e-03,2.589552e-02,3.197167e-02,6.006802e-01,1.093860e-03,2.007913e-03,3.272733e-03,1.050854e-02,1.154053e-02,1.755358e-03,5.455717e-03
2.391538e-01,3.262876e-03,3.115505e-02,6.930426e-03,9.889483e-03,3.486984e-02,2.571902e-02,6.087430e-01,1.091782e-03,2.379115e-03,3.689721e-03,1.246515e-02,1.362917e-02,1.513947e-03,5.507682e-03
1.774745e-01,2.884328e-03,2.366990e-02,5.478100e-03,1.198003e-02,3.565311e-02,2.036578e-02,6.741756e-01,1.254225e-03,2.322295e-03,4.362316e-03,1.127512e-02,2.267068e-02,1.526785e-03,4.907339e-03
1.706740e-01,2.997533e-03,2.115168e-02,4.640729e-03,1.473927e-02,6.139833e-02,1.987644e-02,6.122112e-01,2.385117e-03,3.582929e-03,7.672537e-03,1.562491e-02,5.168216e-02,2.047573e-03,9.315683e-03
1.926671e-01,2.983995e-03,1.607461e-02,4.035452e-03,1.544297e-02,6.836732e-02,1.754166e-02,5.231046e-01,3.455758e-03,3.683866e-03,1.193633e-02,2.807742e-02,1.012951e-01,2.025271e-03,9.308537e-03
2.171330e-01,3.644936e-03,1.303391e-02,3.397275e-03,1.350572e-02,7.558317e-02,1.554916e-02,4.143080e-01,4.797904e-03,4.886315e-03,1.469259e-02,4.346525e-02,1.607074e-01,3.023510e-03,1.227188e-02
1.954835e-01,3.380422e-03,1.044318e-02,2.666285e-03,1.180781e-02,8.302623e-02,1.368232e-02,3.064460e-01,4.094553e-03,4.403627e-03,1.346801e-02,3.685769e-02,2.812775e-01,2.634694e-03,3.032818e-02
1.392283e-01,2.862936e-03,7.445285e-03,2.247025e-03,8.437162e-03,7.212289e-02,1.021387e-02,2.149243e-01,3.510047e-03,3.435367e-03,1.069080e-02,4.685093e-02,4.525092e-01,1.971464e-03,2.355045e-02
9.950167e-02,2.368353e-03,5.388843e-03,2.765581e-03,6.316011e-03,6.922607e-02,8.131105e-03,1.507696e-01,6.306862e-03,3.360126e-03,1.254047e-02,1.040679e-01,5.083242e-01,1.691360e-03,1.924182e-02
7.011426e-02,1.790884e-03,3.845163e-03,2.776616e-03,4.587949e-03,6.554616e-02,5.847368e-03,1.056496e-01,8.208944e-03,3.010266e-03,1.305590e-02,1.653884e-01,5.332758e-01,1.430651e-03,1.547205e-02
4.983695e-02,1.336695e-03,2.788168e-03,2.417629e-03,3.641315e-03,7.563798e-02,4.305970e-03,7.409044e-02,9.549192e-03,3.011057e-03,1.275251e-02,1.398176e-01,6.053513e-01,1.551122e-03,1.391204e-02
3.540884e-02,9.941219e-04,1.996287e-03,1.829953e-03,2.993752e-03,5.701549e-02,3.220941e-03,5.216303e-02,1.150677e-02,2.812426e-03,1.196290e-02,1.226172e-01,6.787234e-01,1.312051e-03,1.544290e-02
2.529211e-02,7.235060e-04,1.433932e-03,1.567116e-03,2.616099e-03,4.304548e-02,2.458103e-03,3.736784e-02,1.112434e-02,4.327246e-03,1.277918e-02,1.220730e-01,7.214762e-01,1.254495e-03,1.246129e-02
1.842614e-02,6.084593e-04,1.482100e-03,1.229802e-03,3.229663e-03,3.127591e-02,1.949420e-03,3.072902e-02,1.435220e-02,1.248419e-02,1.421438e-02,1.126494e-01,7.459222e-01,9.625360e-04,1.048452e-02
1.851259e-02,6.086468e-04,1.428280e-03,1.150202e-03,3.433168e-03,2.344596e-02,1.781680e-03,2.518082e-02,1.977764e-02,3.725863e-02,1.810243e-02,1.457053e-01,6.937276e-01,9.022665e-04,8.984814e-03
2.703938e-02,1.910828e-03,4.366108e-03,1.164940e-03,3.685012e-03,1.875201e-02,1.564339e-03,2.180911e-02,5.047234e-02,8.961704e-02,2.203660e-02,1.279360e-01,6.201590e-01,9.234318e-04,8.563809e-03
3.696070e-02,2.386129e-03,5.345079e-03,1.589376e-03,3.974533e-03,1.522938e-02,1.916595e-03,3.223288e-02,7.387604e-02,1.175483e-01,2.804965e-02,1.108548e-01,5.581183e-01,1.055428e-03,1.086282e-02
4.876124e-02,4.249987e-03,8.479567e-03,1.943585e-03,6.259766e-03,1.190578e-02,2.213434e-03,3.518385e-02,1.132194e-01,1.561979e-01,3.133677e-02,9.108485e-02,4.758047e-01,1.320240e-03,1.203893e-02
5.052426e-02,5.399045e-03,1.491360e-02,3.350887e-03,6.847113e-03,9.653650e-03,2.312447e-03,9.439657e-02,1.061262e-01,1.538199e-01,3.399389e-02,8.006155e-02,4.107500e-01,1.489530e-03,2.636133e-02
5.217702e-02,4.805961e-03,1.806975e-02,5.650264e-03,5.941184e-03,7.787991e-03,1.859604e-03,1.735778e-01,9.520990e-02,1.399865e-01,3.297067e-02,6.918860e-02,3.676400e-01,2.011623e-03,2.312310e-02
5.862988e-02,4.505319e-03,2.870305e-02,7.852160e-03,7.261533e-03,6.203888e-03,1.674010e-03,2.844450e-01,8.503281e-02,1.219227e-01,3.088643e-02,5.322087e-02,2.864362e-01,2.262353e-03,2.096381e-02
9.647934e-02,6.086920e-03,2.959714e-02,1.159531e-02,1.045193e-02,5.058553e-03,1.695564e-03,3.022861e-01,8.435337e-02,1.277682e-01,3.154669e-02,4.583803e-02,2.229786e-01,2.699439e-03,2.156480e-02
8.754773e-02,5.526185e-03,2.881062e-02,9.658618e-03,1.054619e-02,4.010773e-03,1.850341e-03,2.901416e-01,8.683924e-02,2.030719e-01,3.131590e-02,3.848509e-02,1.778038e-01,3.153429e-03,2.123858e-02
9.686686e-02,6.399732e-03,2.962219e-02,1.102009e-02,2.131026e-02,4.106047e-03,2.555606e-03,3.007711e-01,1.067114e-01,1.983861e-01,2.710418e-02,3.289610e-02,1.368467e-01,3.564329e-03,2.183947e-02
1.055146e-01,8.081813e-03,2.783153e-02,9.533210e-03,3.740906e-02,3.798431e-03,3.049623e-03,2.766968e-01,1.258165e-01,2.264228e-01,2.323885e-02,3.092845e-02,1.000485e-01,3.765306e-03,1.786445e-02
9.938224e-02,1.109419e-02,2.928774e-02,1.616890e-02,4.946810e-02,3.952476e-03,4.000435e-03,2.509046e-01,1.226178e-01,2.694408e-01,1.951664e-02,2.637808e-02,7.261188e-02,3.450304e-03,2.172585e-02
1.039759e-01,1.234975e-02,3.992989e-02,2.934483e-02,5.371942e-02,3.840652e-03,4.432947e-03,2.534493e-01,1.197014e-01,2.553323e-01,1.781162e-02,2.547048e-02,5.501739e-02,3.418375e-03,2.220586e-02
1.450502e-01,1.249199e-02,6.763237e-02,4.172383e-02,6.835105e-02,4.711481e-03,5.331116e-03,2.057629e-01,1.060186e-01,2.117227e-01,1.818008e-02,2.969822e-02,4.793091e-02,3.833468e-03,3.156109e-02
2.542010e-01,1.315518e-02,6.321608e-02,5.198023e-02,6.246389e-02,7.561251e-03,6.053058e-03,1.511855e-01,8.557593e-02,1.722793e-01,2.010549e-02,2.974810e-02,4.552847e-02,4.410336e-03,3.253616e-02
3.157560e-01,1.144379e-02,5.168227e-02,6.113417e-02,5.993332e-02,1.145599e-02,5.772392e-03,1.111186e-01,6.769409e-02,1.365608e-01,2.627287e-02,3.717484e-02,6.951448e-02,4.979877e-03,2.950654e-02
3.192979e-01,8.781265e-03,3.686514e-02,5.177817e-02,4.310698e-02,2.309975e-02,5.227970e-03,7.920493e-02,5.227467e-02,9.821859e-02,2.870358e-02,9.610879e-02,1.308005e-01,4.292489e-03,2.223933e-02
2.824914e-01,6.659681e-03,2.623508e-02,4.121448e-02,3.144502e-02,2.816677e-02,4.357903e-03,5.651979e-02,4.218462e-02,6.947798e-02,3.375944e-02,1.265951e-01,2.306248e-01,3.540360e-03,1.672750e-02
2.013618e-01,4.910084e-03,1.869070e-02,3.178379e-02,2.611900e-02,2.690350e-02,3.416776e-03,4.003377e-02,3.641631e-02,4.895986e-02,3.447176e-02,1.296883e-01,3.825084e-01,2.678320e-03,1.205764e-02
1.430796e-01,3.626073e-03,1.333117e-02,2.482675e-02,2.148848e-02,2.198635e-02,2.556371e-03,2.839238e-02,3.314610e-02,3.450774e-02,3.029491e-02,1.917754e-01,4.400823e-01,2.172648e-03,8.733847e-03
1.057881e-01,2.712873e-03,9.873548e-03,1.840940e-02,2.780453e-02,1.847742e-02,2.217399e-03,2.073743e-02,3.967054e-02,2.440568e-02,3.497627e-02,3.075534e-01,3.793234e-01,1.661367e-03,6.388734e-03
7.502517e-02,1.997995e-03,7.456308e-03,1.354087e-02,2.704713e-02,1.995203e-02,1.897265e-03,1.571010e-02,3.466202e-02,1.748497e-02,2.719628e-02,4.575084e-01,2.945749e-01,1.327524e-03,4.619059e-03
5.317245e-02,1.528275e-03,5.464121e-03,9.685457e-03,2.312312e-02,1.660537e-02,1.654448e-03,1.194888e-02,2.720274e-02,1.261895e-02,2.021958e-02,5.977595e-01,2.146804e-01,9.945948e-04,3.342083e-03
3.745692e-02,1.312142e-03,4.206564e-03,7.026709e-03,1.669514e-02,2.247678e-02,1.404102e-03,8.777874e-03,2.054738e-02,9.115531e-03,1.502608e-02,6.986037e-01,1.541345e-01,7.627000e-04,2.453835e-03
2.650561e-02,1.691557e-03,3.161924e-03,5.062674e-03,1.200541e-02,2.276719e-02,1.168585e-03,6.535755e-03,1.928721e-02,6.775910e-03,1.164869e-02,7.692960e-01,1.116260e-01,6.555406e-04,1.811896e-03
1.953571e-02,1.436293e-03,2.430732e-03,3.697133e-03,9.241441e-03,3.255634e-02,1.911250e-03,5.480764e-03,1.758253e-02,5.361230e-03,8.939478e-03,8.065046e-01,8.341508e-02,5.240209e-04,1.383397e-03
1.857226e-02,1.447428e-03,2.131551e-03,2.891487e-03,7.910428e-03,1.193088e-01,3.500945e-03,5.491171e-03,1.633558e-02,4.289621e-03,6.703691e-03,7.418635e-01,6.774798e-02,5.016630e-04,1.303917e-03
2.077132e-02,1.618951e-03,2.087048e-03,2.410505e-03,6.929640e-03,2.114516e-01,5.117201e-03,6.519036e-03,1.418014e-02,3.467324e-03,5.092367e-03,6.590814e-01,5.943616e-02,6.554852e-04,1.181814e-03
1.670849e-02,1.439908e-03,2.410332e-03,2.164891e-03,5.877213e-03,3.490975e-01,3.978020e-03,5.176631e-03,1.185924e-02,2.979341e-03,4.207684e-03,5.468547e-01,4.534859e-02,7.371966e-04,1.160362e-03
1.366175e-02,1.640597e-03,3.365739e-03,2.187456e-03,5.856514e-03,4.737947e-01,3.276405e-03,4.260756e-03,1.355724e-02,2.699278e-03,3.543378e-03,4.361100e-01,3.427792e-02,6.534177e-04,1.114900e-03
1.982101e-02,3.100966e-03,5.996458e-03,2.162450e-03,8.905480e-03,4.646714e-01,4.542596e-03,5.407959e-03,2.227808e-02,2.277839e-03,4.031218e-03,4.258468e-01,2.885887e-02,8.374514e-04,1.261540e-03
2.688816e-02,6.701651e-03,8.124853e-03,2.575496e-03,1.441270e-02,3.767631e-01,7.015370e-03,6.361458e-03,6.816335e-02,2.146171e-03,5.582323e-03,4.437227e-01,2.919066e-02,8.144454e-04,1.537660e-03
2.997820e-02,6.288154e-03,1.442550e-02,3.143307e-03,4.038334e-02,2.739001e-01,1.611628e-02,1.491525e-02,8.080222e-02,1.882717e-03,6.488959e-03,4.584107e-01,5.099415e-02,7.631115e-04,1.508094e-03
2.911434e-02,3.983659e-02,1.848021e-02,3.542305e-03,4.042135e-02,2.071895e-01,1.835399e-02,1.439382e-02,1.597208e-01,2.303522e-03,5.236034e-03,4.092805e-01,4.948149e-02,8.174031e-04,1.828226e-03
2.538149e-02,8.851262e-02,3.182776e-02,1.178806e-02,3.401225e-02,1.781235e-01,1.547375e-02,1.327024e-02,2.254245e-01,4.102865e-03,5.908447e-03,3.144448e-01,4.405385e-02,1.009001e-03,6.666875e-03
2.314917e-02,1.235424e-01,2.516553e-02,9.012615e-03,2.862383e-02,1.632810e-01,1.628541e-02,1.242871e-02,3.033443e-01,4.575243e-03,4.936895e-03,2.423310e-01,3.643293e-02,1.067331e-03,5.823649e-03
2.515107e-02,1.769373e-01,2.004670e-02,7.161567e-03,2.927649e-02,1.620483e-01,1.781294e-02,1.146649e-02,3.175297e-01,3.957144e-03,3.974959e-03,1.840631e-01,3.415032e-02,1.103426e-03,5.320448e-03
2.813079e-02,1.796293e-01,1.771786e-02,5.600721e-03,5.671614e-02,1.445330e-01,2.262117e-02,1.725528e-02,3.212762e-01,3.219450e-03,3.500037e-03,1.399780e-01,5.337605e-02,9.613775e-04,5.484671e-03
3.974331e-02,1.612641e-01,2.064509e-02,5.884819e-03,6.338126e-02,1.438518e-01,3.212007e-02,3.066681e-02,2.878849e-01,3.289211e-03,2.756344e-03,1.057331e-01,9.240478e-02,8.919059e-04,9.482470e-03
9.470788e-02,1.253152e-01,2.135263e-02,1.154410e-02,4.811266e-02,1.602942e-01,2.449473e-02,2.753988e-02,2.504257e-01,5.631896e-03,4.421706e-03,7.740670e-02,1.179400e-01,1.219350e-03,2.959348e-02
1.155340e-01,1.002640e-01,1.848581e-02,1.221455e-02,4.327057e-02,1.586193e-01,2.142197e-02,4.162527e-02,2.293807e-01,6.243531e-03,6.534053e-03,5.947426e-02,1.546991e-01,1.482431e-03,3.075034e-02
1.319709e-01,7.674020e-02,1.410909e-02,9.915688e-03,3.780445e-02,2.077652e-01,1.693837e-02,5.440336e-02,2.081898e-01,5.183896e-03,1.376529e-02,4.642837e-02,1.491246e-01,2.121272e-03,2.553952e-02
1.214765e-01,5.930487e-02,1.087998e-02,7.882423e-03,3.683338e-02,2.590633e-01,1.264911e-02,7.108179e-02,2.021642e-01,5.038900e-03,1.629200e-02,3.471045e-02,1.403472e-01,2.154905e-03,2.012095e-02
1.268104e-01,4.861886e-02,8.723251e-03,6.833763e-03,3.061137e-02,2.427193e-01,9.692019e-03,6.837431e-02,1.667057e-01,4.187804e-03,1.602519e-02,3.115672e-02,2.086014e-01,4.212521e-03,2.672745e-02
1.108324e-01,6.164236e-02,7.268108e-03,5.384976e-03,3.912972e-02,1.898588e-01,7.401033e-03,5.904581e-02,1.657253e-01,3.447089e-03,1.261322e-02,2.330147e-02,2.889769e-01,4.038856e-03,2.133393e-02
1.044943e-01,9.241652e-02,6.458934e-03,4.474298e-03,5.813732e-02,1.484042e-01,6.305725e-03,5.600538e-02,1.630765e-01,3.678786e-03,1.121030e-02,1.853034e-02,3.055271e-01,3.953092e-03,1.732726e-02
1.192144e-01,7.765957e-02,8.364349e-03,6.210180e-03,1.023958e-01,1.135374e-01,6.010818e-03,5.961463e-02,1.823911e-01,8.851553e-03,1.925977e-02,2.419637e-02,2.437356e-01,7.902731e-03,2.065565e-02
1.317138e-01,7.043210e-02,9.243956e-03,7.023189e-03,1.156572e-01,9.082302e-02,5.141588e-03,6.457815e-02,1.984675e-01,1.256954e-02,2.852525e-02,3.126352e-02,1.984877e-01,1.373071e-02,2.234282e-02
1.706294e-01,5.689768e-02,1.578405e-02,1.146132e-02,1.062775e-01,7.142746e-02,4.936947e-03,9.434618e-02,1.622661e-01,1.401953e-02,5.523451e-02,3.349452e-02,1.701511e-01,1.325166e-02,1.982211e-02
2.950189e-01,4.498326e-02,1.701545e-02,1.152930e-02,7.970442e-02,5.935418e-02,4.960295e-03,7.933054e-02,1.236465e-01,1.496035e-02,4.845885e-02,3.386158e-02,1.538213e-01,1.412383e-02,1.923123e-02
3.866259e-01,3.634707e-02,1.452369e-02,1.140624e-02,6.022777e-02,5.084652e-02,5.623873e-03,6.397295e-02,9.777052e-02,1.305229e-02,4.084226e-02,3.088652e-02,1.515626e-01,1.617877e-02,2.013300e-02
4.908192e-01,2.699006e-02,1.366483e-02,1.043431e-02,4.883406e-02,3.978255e-02,4.428527e-03,5.116556e-02,7.292002e-02,1.398567e-02,3.680810e-02,2.499180e-02,1.298416e-01,1.671092e-02,1.862280e-02
1.000000e+00,0.000000e+00,0.000000e+00,0.000000e+00,0.000000e+00,0.000000e+00,0.000000e+00,0.000000e+00,0.000000e+00,0.000000e+00,0.000000e+00,0.000000e+00,0.000000e+00,0.000000e+00,0.000000e+00
1.000000e+00,0.000000e+00,0.000000e+00,0.000000e+00,0.000000e+00,0.000000e+00,0.000000e+00,0.000000e+00,0.000000e+00,0.000000e+00,0.000000e+00,0.000000e+00,0.000000e+00,0.000000e+00,0.000000e+00
1.000000e+00,0.000000e+00,0.000000e+00,0.000000e+00,0.000000e+00,0.000000e+00,0.000000e+00,0.000000e+00,0.000000e+00,0.000000e+00,0.000000e+00,0.000000e+00,0.000000e+00,0.000000e+00,0.000000e+00
1.000000e+00,0.000000e+00,0.000000e+00,0.000000e+00,0.000000e+00,0.000000e+00,0.000000e+00,0.000000e+00,0.000000e+00,0.000000e+00,0.000000e+00,0.000000e+00,0.000000e+00,0.000000e+00,0.000000e+00
1.000000e+00,0.000000e+00,0.000000e+00,0.000000e+00,0.000000e+00,0.000000e+00,0.000000e+00,0.000000e+00,0.000000e+00,0.000000e+00,0.000000e+00,0.000000e+00,0.000000e+00,0.000000e+00,0.000000e+00
1.000000e+00,0.000000e+00,0.000000e+00,0.000000e+00,0.000000e+00,0.000000e+00,0.000000e+00,0.000000e+00,0.000000e+00,0.000000e+00,0.000000e+00,0.000000e+00,0.000000e+00,0.000000e+00,0.000000e+00
4.316564e-01,7.302453e-03,6.023134e-03,1.159284e-02,1.743760e-02,7.595201e-02,5.421727e-03,1.134356e-02,1.704739e-02,1.021382e-02,2.950254e-02,1.425380e-01,1.869567e-01,2.109556e-02,2.591639e-02
3.047092e-01,5.208834e-03,4.448429e-03,8.608332e-03,1.287932e-02,1.736956e-01,4.370883e-03,8.000487e-03,1.327794e-02,8.680537e-03,2.341921e-02,2.137681e-01,1.839377e-01,1.637586e-02,1.861968e-02
2.195000e-01,3.815134e-03,3.501530e-03,6.589695e-03,1.008674e-02,2.451920e-01,3.778878e-03,5.748793e-03,1.023346e-02,7.793155e-03,1.876640e-02,2.944831e-01,1.433168e-01,1.327053e-02,1.392386e-02
1.541179e-01,2.745949e-03,2.584166e-03,4.725636e-03,7.548822e-03,2.781311e-01,2.878927e-03,4.115049e-03,7.508568e-03,6.275839e-03,1.383614e-02,3.896338e-01,1.055043e-01,1.014165e-02,1.025220e-02
1.085024e-01,1.974263e-03,1.856786e-03,3.404746e-03,5.886767e-03,2.146777e-01,2.093935e-03,2.921293e-03,5.709545e-03,5.497762e-03,1.089976e-02,5.413807e-01,7.993101e-02,7.875453e-03,7.387933e-03
7.793290e-02,1.724876e-03,2.037357e-03,2.482182e-03,1.898380e-02,1.549011e-01,1.594819e-03,2.160350e-03,6.104494e-03,7.802727e-03,8.963037e-03,6.455497e-01,5.865159e-02,5.863400e-03,5.247701e-03
6.323235e-02,1.514807e-03,1.736362e-03,1.984423e-03,3.596039e-02,1.133391e-01,1.418179e-03,1.848196e-03,1.219320e-02,2.374790e-02,8.684970e-03,6.810437e-01,4.469952e-02,4.805924e-03,3.791096e-03
4.789769e-02,1.235215e-03,1.481008e-03,1.725764e-03,4.316663e-02,9.938700e-02,1.194608e-03,1.667040e-03,1.458327e-02,2.890614e-02,8.489899e-03,7.088814e-01,3.427289e-02,4.317916e-03,2.793657e-03
4.421943e-02,1.134792e-03,1.340439e-03,1.432659e-03,5.331925e-02,7.668614e-02,1.107100e-03,2.665055e-03,1.422337e-02,3.475705e-02,8.008134e-03,7.272155e-01,2.813547e-02,3.684109e-03,2.071589e-03
3.355812e-02,8.610994e-04,9.954723e-04,1.044007e-03,3.986961e-02,5.536398e-02,8.072163e-04,2.246722e-03,1.094594e-02,2.899018e-02,7.942789e-03,7.923440e-01,2.071207e-02,2.817889e-03,1.500960e-03
2.661785e-02,7.571829e-04,8.418512e-04,7.789698e-04,3.065541e-02,3.969913e-02,5.805067e-04,2.013243e-03,9.215472e-03,2.758001e-02,9.032438e-03,8.331608e-01,1.586080e-02,2.116078e-03,1.090304e-03
1.956272e-02,8.960745e-04,9.954820e-04,6.139264e-04,2.300656e-02,2.842609e-02,4.410706e-04,1.982199e-03,9.112108e-03,2.681604e-02,9.250210e-03,8.644162e-01,1.209619e-02,1.579173e-03,8.059343e-04
1.456906e-02,1.886017e-03,2.466236e-03,5.602110e-04,1.873272e-02,2.173810e-02,3.621872e-04,2.206874e-03,1.322786e-02,2.136479e-02,1.030447e-02,8.811752e-01,9.536579e-03,1.208325e-03,6.613935e-04
1.178128e-02,8.000467e-03,1.103571e-02,9.342937e-04,3.252707e-02,1.595657e-02,3.834003e-04,6.419287e-03,8.620068e-02,1.918442e-02,8.941574e-03,7.891174e-01,7.989220e-03,9.384906e-04,5.901186e-04
1.010606e-02,1.919419e-02,1.528505e-02,9.089166e-04,3.347711e-02,1.143921e-02,3.949725e-04,7.572934e-03,1.498532e-01,1.959741e-02,1.637278e-02,7.060959e-01,7.945028e-03,1.094445e-03,6.628209e-04
9.316832e-03,3.680121e-02,2.065422e-02,1.618200e-03,2.872536e-02,8.642054e-03,3.985720e-04,1.355990e-02,1.832733e-01,1.524237e-02,7.889107e-02,5.933678e-01,7.168586e-03,1.636005e-03,7.045714e-04
1.170917e-02,3.675961e-02,1.674776e-02,2.071920e-03,2.315627e-02,6.478141e-03,3.136932e-04,1.181960e-02,1.865656e-01,1.336744e-02,2.259807e-01,4.541773e-01,5.748175e-03,3.663747e-03,1.440795e-03
3.101595e-02,3.103004e-02,1.458497e-02,4.929937e-03,2.094461e-02,5.163134e-03,3.168115e-04,1.301121e-02,2.077360e-01,1.573884e-02,2.823041e-01,3.612175e-01,4.930277e-03,5.179389e-03,1.897202e-03
3.667550e-02,2.349307e-02,1.312041e-02,8.839551e-03,2.703514e-02,3.996880e-03,4.336218e-04,1.730891e-02,3.063500e-01,1.515011e-02,2.758858e-01,2.608873e-01,4.071495e-03,4.782505e-03,1.969746e-03
3.089318e-02,1.702199e-02,9.542242e-03,6.974698e-03,3.047888e-02,2.864637e-03,4.027851e-04,1.488770e-02,4.267612e-01,1.243027e-02,2.532760e-01,1.855559e-01,3.121786e-03,4.153425e-03,1.635367e-03
3.146489e-02,1.299897e-02,7.709749e-03,6.400469e-03,4.884122e-02,2.310602e-03,4.113836e-04,1.471127e-02,4.842301e-01,1.107467e-02,2.402715e-01,1.309353e-01,2.350311e-03,4.859210e-03,1.430396e-03
4.124110e-02,1.023151e-02,7.892557e-03,7.248433e-03,9.017423e-02,2.196578e-03,6.587775e-04,2.198309e-02,4.816451e-01,9.228551e-03,2.234716e-01,9.260440e-02,1.863672e-03,7.945841e-03,1.614611e-03
5.034039e-02,8.138233e-03,1.641536e-02,5.828488e-02,1.712685e-01,2.171517e-03,1.204328e-03,7.511645e-02,3.681369e-01,7.068958e-03,1.669602e-01,6.581496e-02,1.541252e-03,6.192110e-03,1.345937e-03
7.170734e-02,6.922415e-03,2.032846e-02,7.874692e-02,1.992791e-01,2.612945e-03,1.337984e-03,8.722942e-02,3.197547e-01,5.938886e-03,1.467158e-01,4.925405e-02,1.415301e-03,7.266606e-03,1.490112e-03
9.562606e-02,6.951946e-03,2.045882e-02,7.713473e-02,2.268973e-01,3.286102e-03,1.510601e-03,6.672353e-02,2.938567e-01,6.731250e-03,1.500691e-01,3.767091e-02,1.318518e-03,1.024743e-02,1.516914e-03
1.237425e-01,8.626213e-03,2.632622e-02,1.152284e-01,2.082140e-01,4.610007e-03,1.373893e-03,5.317110e-02,2.655063e-01,1.040704e-02,1.318464e-01,2.840147e-02,1.390122e-03,1.929028e-02,1.866125e-03
1.154675e-01,9.570220e-03,4.306488e-02,2.425007e-01,1.850214e-01,4.583402e-03,1.320210e-03,5.645593e-02,1.985386e-01,7.826625e-03,9.639243e-02,2.073911e-02,1.186028e-03,1.538266e-02,1.950406e-03
1.073506e-01,8.082453e-03,6.316000e-02,3.719019e-01,1.464412e-01,3.918298e-03,1.000192e-03,4.373558e-02,1.469366e-01,6.329649e-03,7.128622e-02,1.521313e-02,9.360022e-04,1.204479e-02,1.663417e-03
1.304973e-01,6.847330e-03,9.607863e-02,4.150589e-01,1.117724e-01,4.549463e-03,7.993890e-04,3.277731e-02,1.161017e-01,6.761102e-03,5.309559e-02,1.162972e-02,8.671476e-04,1.152059e-02,1.643475e-03
2.013121e-01,8.307791e-03,1.208580e-01,3.754358e-01,8.568011e-02,7.294748e-03,1.183185e-03,2.487536e-02,9.415520e-02,7.953235e-03,4.254798e-02,1.207686e-02,1.827938e-03,1.132785e-02,5.163865e-03
2.289401e-01,1.033399e-02,1.559378e-01,3.680027e-01,6.394138e-02,6.793251e-03,1.067016e-03,1.890386e-02,7.233331e-02,6.689092e-03,3.437920e-02,1.225573e-02,2.910472e-03,1.089127e-02,6.620809e-03
2.880937e-01,8.869817e-03,1.523647e-01,3.617275e-01,5.009612e-02,6.165752e-03,1.144991e-03,1.542957e-02,5.472578e-02,5.596584e-03,2.693871e-02,1.107871e-02,2.851823e-03,9.245646e-03,5.670632e-03
3.177144e-01,8.483555e-03,1.589052e-01,3.605273e-01,4.097749e-02,5.553228e-03,1.252070e-03,1.302820e-02,4.054873e-02,5.570386e-03,2.053060e-02,1.003438e-02,2.940026e-03,8.388934e-03,5.545544e-03
3.244575e-01,1.221992e-02,1.825440e-01,2.987363e-01,3.063711e-02,6.004222e-03,1.247104e-03,1.121949e-02,4.601785e-02,7.566505e-03,1.784343e-02,1.037583e-02,3.549885e-03,1.665978e-02,3.092106e-02
3.287843e-01,1.308798e-02,2.174168e-01,2.510740e-01,2.477924e-02,7.996568e-03,1.320498e-03,1.066510e-02,3.972282e-02,6.006882e-03,1.547373e-02,1.204180e-02,6.044368e-03,2.098386e-02,4.460195e-02
2.591455e-01,2.773098e-02,1.905276e-01,2.905881e-01,1.879412e-02,6.446247e-03,1.149304e-03,9.033646e-03,5.034037e-02,5.426504e-03,1.316452e-02,9.601176e-03,4.994537e-03,2.591254e-02,8.714474e-02
2.387235e-01,2.652765e-02,1.419798e-01,2.304961e-01,1.399122e-02,5.834206e-03,1.247965e-03,7.390143e-03,1.072504e-01,9.174421e-03,1.169547e-02,7.790990e-03,5.665244e-03,4.803745e-02,1.441955e-01
2.039714e-01,2.564676e-02,1.016667e-01,1.692836e-01,1.021664e-02,4.824631e-03,1.012601e-03,5.437482e-03,1.215453e-01,1.393076e-02,9.930621e-03,5.953805e-03,5.697073e-03,1.067518e-01,2.141310e-01
1.489051e-01,5.078358e-02,7.838572e-02,1.615123e-01,7.391054e-03,3.603154e-03,7.549240e-04,3.885624e-03,1.640478e-01,1.173212e-02,7.828739e-03,4.383157e-03,4.156501e-03,9.507503e-02,2.575552e-01
1.073654e-01,3.781731e-02,5.550947e-02,1.146816e-01,5.216587e-03,2.707088e-03,5.607956e-04,2.743583e-03,1.578991e-01,1.030619e-02,5.993945e-03,3.262518e-03,3.206152e-03,8.622674e-02,4.065036e-01
8.109514e-02,2.844948e-02,3.939107e-02,8.077453e-02,3.709137e-03,2.075989e-03,4.955578e-04,1.937944e-03,1.154100e-01,8.125343e-03,5.794238e-03,3.254725e-03,2.373919e-03,1.646741e-01,4.624389e-01
6.545733e-02,2.032733e-02,2.790629e-02,5.703264e-02,2.628476e-03,1.554550e-03,4.560735e-04,1.382416e-03,8.403393e-02,6.193080e-03,1.081480e-02,5.141525e-03,1.842113e-03,3.357959e-01,3.794336e-01
4.942037e-02,1.436680e-02,1.975590e-02,4.015872e-02,1.906739e-03,1.138779e-03,3.635561e-04,1.000903e-03,6.022422e-02,5.184268e-03,2.522236e-02,4.917407e-03,1.618486e-03,4.597085e-01,3.150131e-01
3.572856e-02,1.009446e-02,1.388916e-02,2.816169e-02,1.381582e-03,8.167567e-04,2.816988e-04,7.106933e-04,4.317491e-02,5.354783e-03,2.388981e-02,4.811228e-03,1.310066e-03,6.029643e-01,2.274303e-01
2.567063e-02,7.074368e-03,9.745362e-03,1.973566e-02,9.951146e-04,5.903027e-04,2.210848e-04,5.035920e-04,3.150194e-02,8.566769e-03,2.140899e-02,3.849589e-03,1.005189e-03,7.072114e-01,1.619200e-01
1.918043e-02,4.961818e-03,6.843235e-03,1.385555e-02,8.249291e-04,4.675096e-04,2.078067e-04,3.820822e-04,2.425084e-02,3.066761e-02,2.749984e-02,3.361827e-03,8.579906e-04,7.512857e-01,1.153529e-01
1.382401e-02,3.492336e-03,4.811391e-03,9.720890e-03,8.134576e-04,5.734242e-04,2.472347e-04,2.936059e-04,1.749389e-02,5.291115e-02,5.995575e-02,2.491576e-03,7.696596e-04,7.502173e-01,8.238429e-02
9.940095e-03,2.457185e-03,3.380349e-03,6.832186e-03,7.421423e-04,4.984206e-04,2.625160e-04,2.400456e-04,1.268835e-02,4.604941e-02,9.759207e-02,2.306464e-03,1.261327e-03,7.552434e-01,6.050603e-02
7.193038e-03,1.730823e-03,2.374879e-03,4.797049e-03,6.574547e-04,4.339503e-04,2.817122e-04,1.843264e-04,9.091711e-03,3.976678e-02,2.455121e-01,1.812381e-03,1.277290e-03,6.406747e-01,4.421183e-02
5.180177e-03,1.243760e-03,1.673435e-03,3.397917e-03,1.104151e-03,7.553252e-04,2.866143e-04,1.405413e-04,1.085797e-02,5.355898e-02,2.991432e-01,1.812401e-03,1.599256e-03,5.872200e-01,3.202638e-02
3.934762e-03,9.226496e-04,1.205035e-03,2.423758e-03,1.273760e-03,6.551231e-04,5.123669e-04,1.171540e-04,8.761823e-03,4.975038e-02,4.424583e-01,1.966547e-03,2.323917e-03,4.590431e-01,2.465134e-02
2.947983e-03,7.477999e-04,8.694041e-04,1.792138e-03,6.216793e-03,5.735820e-04,1.053004e-03,1.603394e-04,1.676187e-02,4.636244e-02,4.282834e-01,2.456180e-03,2.885116e-03,4.709851e-01,1.790489e-02
2.439436e-03,6.943117e-04,6.480103e-04,1.456618e-03,1.334304e-02,6.939228e-04,3.341699e-03,3.670199e-04,3.676927e-02,4.127988e-02,4.331161e-01,3.341481e-03,3.780846e-03,4.451102e-01,1.361807e-02
2.771555e-03,8.073972e-04,8.963941e-04,1.468488e-03,1.866419e-02,2.575522e-03,7.851025e-03,1.497455e-03,3.359822e-02,4.348379e-02,5.252416e-01,1.305261e-02,3.693496e-03,3.345172e-01,9.881069e-03
2.280574e-03,7.955329e-04,7.520004e-04,1.198243e-03,1.508490e-02,1.992618e-03,6.967444e-03,1.406547e-03,3.070440e-02,3.267510e-02,6.396197e-01,1.726701e-02,2.891041e-03,2.393701e-01,6.994844e-03
4.448290e-03,8.875473e-04,1.080188e-03,1.140846e-03,1.114002e-02,3.552434e-03,5.259129e-03,1.646048e-03,2.691179e-02,2.474131e-02,6.897051e-01,5.113216e-02,2.814251e-03,1.705880e-01,4.952900e-03
4.899994e-03,9.996155e-04,1.099720e-03,1.025937e-03,8.858342e-03,5.470419e-03,4.417093e-03,1.903428e-03,2.252873e-02,1.774884e-02,7.511189e-01,5.400285e-02,2.380187e-03,1.200028e-01,3.543097e-03
7.157285e-03,8.910547e-04,1.276541e-03,1.156675e-03,8.349422e-03,5.224197e-03,3.772986e-03,2.577325e-03,1.772996e-02,1.293537e-02,7.618642e-01,8.694924e-02,2.427491e-03,8.517277e-02,2.515505e-03
1.190157e-02,8.934719e-04,1.460698e-03,1.347492e-03,6.858146e-03,1.044005e-02,3.425210e-03,2.620932e-03,1.463471e-02,1.042444e-02,6.392848e-01,2.309630e-01,2.173147e-03,6.171835e-02,1.854008e-03
1.237800e-02,7.930181e-04,1.201379e-03,1.137244e-03,5.492720e-03,1.572464e-02,2.850376e-03,2.055187e-03,1.212633e-02,8.310815e-03,5.719684e-01,3.174771e-01,1.924659e-03,4.508004e-02,1.480095e-03
1.141563e-02,8.617879e-04,1.082075e-03,1.039364e-03,4.425518e-03,3.229547e-02,2.074699e-03,1.545398e-03,8.905600e-03,6.305122e-03,4.833279e-01,4.108008e-01,1.534680e-03,3.291969e-02,1.466363e-03
1.553492e-02,9.566785e-04,1.113505e-03,1.020138e-03,4.363057e-03,3.101823e-02,1.909576e-03,1.406146e-03,6.822502e-03,4.871192e-03,4.551637e-01,4.481261e-01,1.419842e-03,2.466843e-02,1.605959e-03
2.046569e-02,1.037331e-03,1.077581e-03,1.163802e-03,4.018222e-03,2.702068e-02,1.627643e-03,1.301591e-03,5.365142e-03,3.707989e-03,4.451337e-01,4.663889e-01,1.224139e-03,1.867010e-02,1.797418e-03
3.148749e-02,1.409972e-03,1.932020e-03,1.400781e-03,4.028442e-03,2.673974e-02,1.435389e-03,1.381555e-03,4.232579e-03,2.997203e-03,3.399299e-01,5.658985e-01,1.129803e-03,1.397264e-02,2.023918e-03
4.087439e-02,2.830634e-03,5.312123e-03,1.847487e-03,7.143213e-03,2.802896e-02,1.568018e-03,2.617366e-03,3.649876e-03,2.763034e-03,2.505009e-01,6.387773e-01,1.069460e-03,1.063958e-02,2.377711e-03
4.182051e-02,7.116350e-03,9.117119e-03,2.875517e-03,2.366267e-02,3.652103e-02,5.624581e-03,4.791056e-03,3.565380e-03,2.609655e-03,1.866555e-01,6.640299e-01,1.074955e-03,7.888327e-03,2.647404e-03
7.742602e-02,6.705127e-03,9.359977e-03,3.074774e-03,2.364933e-02,3.933809e-02,6.736591e-03,1.009775e-02,3.186877e-03,2.282122e-03,1.660500e-01,6.416118e-01,1.287255e-03,6.592052e-03,2.602250e-03
1.274724e-01,6.594761e-03,1.050344e-02,3.172368e-03,2.214541e-02,3.794228e-02,7.511178e-03,1.578481e-02,3.208441e-03,2.127589e-03,1.371319e-01,6.164741e-01,1.326792e-03,5.981885e-03,2.622615e-03
1.524785e-01,6.068378e-03,1.001411e-02,2.911422e-03,1.854003e-02,3.223514e-02,6.070940e-03,1.441280e-02,3.172022e-03,2.281986e-03,1.181511e-01,6.232393e-01,1.378601e-03,6.504608e-03,2.541111e-03
1.847817e-01,6.882298e-03,8.565937e-03,3.237526e-03,1.692873e-02,2.955601e-02,5.430778e-03,1.302787e-02,3.681210e-03,2.312491e-03,1.175818e-01,5.970985e-01,1.828199e-03,6.341886e-03,2.745029e-03
2.787068e-01,9.760656e-03,7.422189e-03,6.956146e-03,1.650001e-02,3.408929e-02,5.342772e-03,1.250060e-02,4.874579e-03,2.162845e-03,1.184518e-01,4.880656e-01,3.534346e-03,6.388390e-03,5.244056e-03
3.002960e-01,1.280088e-02,7.087613e-03,1.095233e-02,1.690873e-02,3.807531e-02,5.946800e-03,1.367329e-02,7.566109e-03,2.473786e-03,1.415535e-01,4.221388e-01,4.272136e-03,7.704983e-03,8.549785e-03
3.191385e-01,1.323700e-02,6.565625e-03,1.241268e-02,1.511216e-02,3.813566e-02,5.693228e-03,1.407834e-02,8.163922e-03,2.730420e-03,1.492669e-01,3.906249e-01,4.013707e-03,9.245292e-03,1.158172e-02
3.279748e-01,1.216382e-02,5.762908e-03,1.342287e-02,1.232292e-02,3.592349e-02,5.348263e-03,1.319442e-02,9.139549e-03,3.701246e-03,1.629627e-01,3.633989e-01,4.330486e-03,1.463181e-02,1.572177e-02
3.580050e-01,1.189049e-02,5.797609e-03,1.357435e-02,1.030005e-02,3.321677e-02,5.233322e-03,1.306153e-02,1.190981e-02,4.283961e-03,1.672790e-01,3.095325e-01,4.273464e-03,3.209086e-02,1.955131e-02
3.565050e-01,1.513301e-02,5.578512e-03,1.598342e-02,1.113119e-02,3.495023e-02,5.070487e-03,1.156018e-02,1.426965e-02,6.957482e-03,1.899104e-01,2.669219e-01,4.565555e-03,3.327889e-02,2.818413e-02
3.449739e-01,1.311016e-02,4.701860e-03,1.424794e-02,1.200449e-02,3.924062e-02,4.486965e-03,9.760168e-03,1.560169e-02,6.468145e-03,2.304261e-01,2.381064e-01,5.241828e-03,3.281078e-02,2.881887e-02
3.593278e-01,1.209019e-02,4.514023e-03,1.488866e-02,1.522771e-02,3.934665e-02,4.461050e-03,9.662431e-03,1.911072e-02,6.283889e-03,2.365437e-01,2.097023e-01,6.274281e-03,3.304528e-02,2.952126e-02
3.564554e-01,1.358283e-02,4.751494e-03,1.835075e-02,2.613428e-02,5.130323e-02,4.090060e-03,9.315858e-03,1.709286e-02,5.652472e-03,2.128838e-01,2.147162e-01,6.158758e-03,3.181417e-02,2.769777e-02
3.530864e-01,1.380550e-02,4.965169e-03,2.264928e-02,3.333865e-02,5.258599e-02,3.478293e-03,9.122286e-03,1.846995e-02,5.167894e-03,1.921489e-01,2.318670e-01,5.903277e-03,2.840269e-02,2.500861e-02
2.892484e-01,1.649024e-02,1.636269e-02,2.202123e-02,4.280804e-02,4.365236e-02,2.602183e-03,1.913076e-02,2.856753e-02,7.534305e-03,1.801949e-01,2.735269e-01,7.687666e-03,2.707674e-02,2.309606e-02
2.182104e-01,1.699252e-02,1.480349e-02,1.804836e-02,3.996118e-02,3.304918e-02,1.875058e-03,1.796333e-02,8.931302e-02,9.496099e-03,2.484925e-01,2.383217e-01,1.070104e-02,2.284547e-02,1.992663e-02
1.593679e-01,1.756619e-02,1.449621e-02,1.393581e-02,3.415469e-02,2.376206e-02,1.340579e-03,1.629333e-02,1.771087e-01,1.000471e-02,2.762330e-01,2.042146e-01,9.498794e-03,2.104961e-02,2.097379e-02
1.170205e-01,1.292220e-02,1.098709e-02,1.000697e-02,2.534784e-02,1.681489e-02,9.846335e-04,1.418375e-02,3.612443e-01,8.745674e-03,2.232640e-01,1.540044e-01,7.205505e-03,2.157108e-02,1.569704e-02
8.516825e-02,9.824929e-03,7.997991e-03,7.074004e-03,1.834799e-02,1.188451e-02,7.107591e-04,1.038402e-02,5.101811e-01,6.956154e-03,1.737778e-01,1.113253e-01,5.257893e-03,2.875152e-02,1.235779e-02
6.876078e-02,1.131322e-02,6.283507e-03,5.305254e-03,1.547380e-02,1.009786e-02,5.717666e-04,8.667691e-03,5.847560e-01,5.281915e-03,1.561125e-01,7.953234e-02,4.805991e-03,3.236295e-02,1.067444e-02
5.087223e-02,1.003446e-02,4.753028e-03,3.841149e-03,1.301196e-02,8.297741e-03,4.669892e-04,6.547411e-03,6.800139e-01,4.450213e-03,1.227511e-01,5.636713e-02,3.844828e-03,2.536497e-02,9.382932e-03
3.937156e-02,9.630251e-03,3.652403e-03,2.939528e-03,1.487914e-02,6.245174e-03,3.446271e-04,4.986817e-03,7.380585e-01,4.062537e-03,1.009175e-01,3.999849e-02,2.866631e-03,1.976777e-02,1.227904e-02
3.145013e-02,1.051292e-02,3.324884e-03,4.242885e-03,2.402830e-02,5.267502e-03,2.655886e-04,7.065775e-03,7.781142e-01,3.759761e-03,7.392584e-02,2.892999e-02,2.319637e-03,1.528237e-02,1.151022e-02
2.532618e-02,1.600872e-02,2.966695e-03,5.995513e-03,2.917951e-02,4.590602e-03,2.082463e-04,5.794499e-03,7.812197e-01,5.602963e-03,5.371023e-02,2.105764e-02,2.695776e-03,1.172742e-02,3.391634e-02
2.371900e-02,1.653388e-02,3.410021e-03,5.621948e-03,2.887620e-02,4.357048e-03,1.916100e-04,4.535728e-03,7.199755e-01,1.001501e-02,3.936078e-02,1.510238e-02,2.578365e-03,1.032403e-02,1.153985e-01
2.132526e-02,1.571749e-02,7.171483e-03,1.494390e-02,2.626607e-02,4.324245e-03,2.497669e-04,4.837266e-03,6.545468e-01,1.498741e-02,3.176964e-02,1.182101e-02,3.921333e-03,8.972617e-03,1.791457e-01
2.792493e-02,1.831968e-02,1.591736e-02,2.585871e-02,2.430398e-02,8.358492e-03,4.863712e-04,4.343231e-03,5.546181e-01,1.551539e-02,3.477685e-02,9.765949e-03,6.217221e-03,9.201824e-03,2.443919e-01
2.067797e-02,1.524004e-02,1.488745e-02,2.028512e-02,1.781751e-02,6.909717e-03,3.709359e-04,3.177538e-03,4.212279e-01,1.455452e-02,2.636938e-02,7.263308e-03,4.683700e-03,2.613829e-02,4.003966e-01
1.483262e-02,1.135683e-02,1.156660e-02,1.436921e-02,1.284357e-02,5.045898e-03,2.696420e-04,2.259921e-03,3.130772e-01,1.466795e-02,1.962561e-02,5.312788e-03,3.389010e-03,5.820961e-02,5.131735e-01
1.078731e-02,8.625270e-03,8.693192e-03,1.018179e-02,9.085889e-03,3.934084e-03,2.071659e-04,1.615514e-03,2.336540e-01,2.050779e-02,3.825936e-02,6.769846e-03,3.344441e-03,1.297545e-01,5.145798e-01
7.725476e-03,6.227900e-03,6.724493e-03,7.536461e-03,6.486423e-03,2.873013e-03,1.720093e-04,1.173572e-03,2.479220e-01,3.600186e-02,7.016535e-02,1.088793e-02,4.389231e-03,1.739086e-01,4.178058e-01
5.512157e-03,4.564342e-03,5.853415e-03,5.420219e-03,4.645881e-03,2.096038e-03,1.367290e-04,9.040011e-04,2.297355e-01,7.756293e-02,9.813599e-02,1.037749e-02,4.201815e-03,2.235008e-01,3.273527e-01
3.993272e-03,3.405716e-03,4.894958e-03,4.045719e-03,3.809770e-03,1.536934e-03,1.134698e-04,8.175923e-04,2.129087e-01,2.003838e-01,1.143033e-01,1.085856e-02,4.988853e-03,1.852052e-01,2.487341e-01
2.978918e-03,2.592751e-03,3.629156e-03,3.037641e-03,4.678067e-03,1.355672e-03,2.184476e-04,7.788941e-04,1.688489e-01,2.323897e-01,1.303338e-01,1.224683e-02,1.004778e-02,1.949704e-01,2.318931e-01
2.754111e-03,2.031436e-03,2.747935e-03,2.474849e-03,7.187645e-03,1.396178e-03,7.953471e-04,9.869505e-04,1.286020e-01,2.467964e-01,1.316998e-01,1.239798e-02,1.353811e-02,1.626595e-01,2.839318e-01
5.546974e-03,1.804697e-03,2.384714e-03,3.024732e-03,1.451956e-02,2.595227e-03,1.091429e-03,1.050177e-03,1.017684e-01,2.598865e-01,1.350444e-01,3.951371e-02,7.631940e-02,1.295935e-01,2.258565e-01
8.969294e-03,1.681956e-03,1.938513e-03,3.865234e-03,1.952005e-02,3.255719e-03,1.170410e-03,2.806600e-03,8.686374e-02,2.495257e-01,2.039535e-01,4.099748e-02,8.037852e-02,1.005429e-01,1.945304e-01
1.500094e-02,2.848198e-03,2.266584e-03,4.464791e-03,3.123968e-02,5.582859e-03,2.034632e-03,7.121512e-03,8.057705e-02,2.050313e-01,2.059192e-01,7.172526e-02,1.217848e-01,8.379060e-02,1.606126e-01
1.243728e-02,9.308120e-03,4.941912e-03,4.158347e-03,3.835946e-02,6.196169e-03,3.908242e-03,9.103561e-03,9.516342e-02,1.699049e-01,2.250883e-01,8.361870e-02,1.548390e-01,6.457505e-02,1.183975e-01
