1.000000e+00,0.000000e+00,0.000000e+00,0.000000e+00,0.000000e+00,0.000000e+00,0.000000e+00,0.000000e+00,0.000000e+00,0.000000e+00,0.000000e+00,0.000000e+00,0.000000e+00,0.000000e+00,0.000000e+00
1.000000e+00,0.000000e+00,0.000000e+00,0.000000e+00,0.000000e+00,0.000000e+00,0.000000e+00,0.000000e+00,0.000000e+00,0.000000e+00,0.000000e+00,0.000000e+00,0.000000e+00,0.000000e+00,0.000000e+00
1.000000e+00,0.000000e+00,0.000000e+00,0.000000e+00,0.000000e+00,0.000000e+00,0.000000e+00,0.000000e+00,0.000000e+00,0.000000e+00,0.000000e+00,0.000000e+00,0.000000e+00,0.000000e+00,0.000000e+00
1.000000e+00,0.000000e+00,0.000000e+00,0.000000e+00,0.000000e+00,0.000000e+00,0.000000e+00,0.000000e+00,0.000000e+00,0.000000e+00,0.000000e+00,0.000000e+00,0.000000e+00,0.000000e+00,0.000000e+00
1.000000e+00,0.000000e+00,0.000000e+00,0.000000e+00,0.000000e+00,0.000000e+00,0.000000e+00,0.000000e+00,0.000000e+00,0.000000e+00,0.000000e+00,0.000000e+00,0.000000e+00,0.000000e+00,0.000000e+00
1.000000e+00,0.000000e+00,0.000000e+00,0.000000e+00,0.000000e+00,0.000000e+00,0.000000e+00,0.000000e+00,0.000000e+00,0.000000e+00,0.000000e+00,0.000000e+00,0.000000e+00,0.000000e+00,0.000000e+00
1.000000e+00,0.000000e+00,0.000000e+00,0.000000e+00,0.000000e+00,0.000000e+00,0.000000e+00,0.000000e+00,0.000000e+00,0.000000e+00,0.000000e+00,0.000000e+00,0.000000e+00,0.000000e+00,0.000000e+00
1.000000e+00,0.000000e+00,0.000000e+00,0.000000e+00,0.000000e+00,0.000000e+00,0.000000e+00,0.000000e+00,0.000000e+00,0.000000e+00,0.000000e+00,0.000000e+00,0.000000e+00,0.000000e+00,0.000000e+00
1.000000e+00,0.000000e+00,0.000000e+00,0.000000e+00,0.000000e+00,0.000000e+00,0.000000e+00,0.000000e+00,0.000000e+00,0.000000e+00,0.000000e+00,0.000000e+00,0.000000e+00,0.000000e+00,0.000000e+00
1.000000e+00,0.000000e+00,0.000000e+00,0.000000e+00,0.000000e+00,0.000000e+00,0.000000e+00,0.000000e+00,0.000000e+00,0.000000e+00,0.000000e+00,0.000000e+00,0.000000e+00,0.000000e+00,0.000000e+00
1.000000e+00,0.000000e+00,0.000000e+00,0.000000e+00,0.000000e+00,0.000000e+00,0.000000e+00,0.000000e+00,0.000000e+00,0.000000e+00,0.000000e+00,0.000000e+00,0.000000e+00,0.000000e+00,0.000000e+00
1.000000e+00,0.000000e+00,0.000000e+00,0.000000e+00,0.000000e+00,0.000000e+00,0.000000e+00,0.000000e+00,0.000000e+00,0.000000e+00,0.000000e+00,0.000000e+00,0.000000e+00,0.000000e+00,0.000000e+00
1.000000e+00,0.000000e+00,0.000000e+00,0.000000e+00,0.000000e+00,0.000000e+00,0.000000e+00,0.000000e+00,0.000000e+00,0.000000e+00,0.000000e+00,0.000000e+00,0.000000e+00,0.000000e+00,0.000000e+00
1.000000e+00,0.000000e+00,0.000000e+00,0.000000e+00,0.000000e+00,0.000000e+00,0.000000e+00,0.000000e+00,0.000000e+00,0.000000e+00,0.000000e+00,0.000000e+00,0.000000e+00,0.000000e+00,0.000000e+00
1.000000e+00,0.000000e+00,0.000000e+00,0.000000e+00,0.000000e+00,0.000000e+00,0.000000e+00,0.000000e+00,0.000000e+00,0.000000e+00,0.000000e+00,0.000000e+00,0.000000e+00,0.000000e+00,0.000000e+00
1.000000e+00,0.000000e+00,0.000000e+00,0.000000e+00,0.000000e+00,0.000000e+00,0.000000e+00,0.000000e+00,0.000000e+00,0.000000e+00,0.000000e+00,0.000000e+00,0.000000e+00,0.000000e+00,0.000000e+00
1.000000e+00,0.000000e+00,0.000000e+00,0.000000e+00,0.000000e+00,0.000000e+00,0.000000e+00,0.000000e+00,0.000000e+00,0.000000e+00,0.000000e+00,0.000000e+00,0.000000e+00,0.000000e+00,0.000000e+00
1.000000e+00,0.000000e+00,0.000000e+00,0.000000e+00,0.000000e+00,0.000000e+00,0.000000e+00,0.000000e+00,0.000000e+00,0.000000e+00,0.000000e+00,0.000000e+00,0.000000e+00,0.000000e+00,0.000000e+00
1.000000e+00,0.000000e+00,0.000000e+00,0.000000e+00,0.000000e+00,0.000000e+00,0.000000e+00,0.000000e+00,0.000000e+00,0.000000e+00,0.000000e+00,0.000000e+00,0.000000e+00,0.000000e+00,0.000000e+00
1.000000e+00,0.000000e+00,0.000000e+00,0.000000e+00,0.000000e+00,0.000000e+00,0.000000e+00,0.000000e+00,0.000000e+00,0.000000e+00,0.000000e+00,0.000000e+00,0.000000e+00,0.000000e+00,0.000000e+00
1.000000e+00,0.000000e+00,0.000000e+00,0.000000e+00,0.000000e+00,0.000000e+00,0.000000e+00,0.000000e+00,0.000000e+00,0.000000e+00,0.000000e+00,0.000000e+00,0.000000e+00,0.000000e+00,0.000000e+00
1.000000e+00,0.000000e+00,0.000000e+00,0.000000e+00,0.000000e+00,0.000000e+00,0.000000e+00,0.000000e+00,0.000000e+00,0.000000e+00,0.000000e+00,0.000000e+00,0.000000e+00,0.000000e+00,0.000000e+00
1.000000e+00,0.000000e+00,0.000000e+00,0.000000e+00,0.000000e+00,0.000000e+00,0.000000e+00,0.000000e+00,0.000000e+00,0.000000e+00,0.000000e+00,0.000000e+00,0.000000e+00,0.000000e+00,0.000000e+00
1.000000e+00,0.000000e+00,0.000000e+00,0.000000e+00,0.000000e+00,0.000000e+00,0.000000e+00,0.000000e+00,0.000000e+00,0.000000e+00,0.000000e+00,0.000000e+00,0.000000e+00,0.000000e+00,0.000000e+00
1.000000e+00,0.000000e+00,0.000000e+00,0.000000e+00,0.000000e+00,0.000000e+00,0.000000e+00,0.000000e+00,0.000000e+00,0.000000e+00,0.000000e+00,0.000000e+00,0.000000e+00,0.000000e+00,0.000000e+00
1.000000e+00,0.000000e+00,0.000000e+00,0.000000e+00,0.000000e+00,0.000000e+00,0.000000e+00,0.000000e+00,0.000000e+00,0.000000e+00,0.000000e+00,0.000000e+00,0.000000e+00,0.000000e+00,0.000000e+00
1.000000e+00,0.000000e+00,0.000000e+00,0.000000e+00,0.000000e+00,0.000000e+00,0.000000e+00,0.000000e+00,0.000000e+00,0.000000e+00,0.000000e+00,0.000000e+00,0.000000e+00,0.000000e+00,0.000000e+00
1.000000e+00,0.000000e+00,0.000000e+00,0.000000e+00,0.000000e+00,0.000000e+00,0.000000e+00,0.000000e+00,0.000000e+00,0.000000e+00,0.000000e+00,0.000000e+00,0.000000e+00,0.000000e+00,0.000000e+00
4.978421e-01,3.110578e-02,1.248801e-01,2.388866e-01,3.559461e-03,1.048552e-02,2.255179e-03,7.922785e-03,5.060724e-03,3.708886e-03,8.704315e-03,1.151989e-02,1.046831e-02,5.177573e-03,3.842278e-02
1.000000e+00,0.000000e+00,0.000000e+00,0.000000e+00,0.000000e+00,0.000000e+00,0.000000e+00,0.000000e+00,0.000000e+00,0.000000e+00,0.000000e+00,0.000000e+00,0.000000e+00,0.000000e+00,0.000000e+00
1.000000e+00,0.000000e+00,0.000000e+00,0.000000e+00,0.000000e+00,0.000000e+00,0.000000e+00,0.000000e+00,0.000000e+00,0.000000e+00,0.000000e+00,0.000000e+00,0.000000e+00,0.000000e+00,0.000000e+00
1.000000e+00,0.000000e+00,0.000000e+00,0.000000e+00,0.000000e+00,0.000000e+00,0.000000e+00,0.000000e+00,0.000000e+00,0.000000e+00,0.000000e+00,0.000000e+00,0.000000e+00,0.000000e+00,0.000000e+00
1.000000e+00,0.000000e+00,0.000000e+00,0.000000e+00,0.000000e+00,0.000000e+00,0.000000e+00,0.000000e+00,0.000000e+00,0.000000e+00,0.000000e+00,0.000000e+00,0.000000e+00,0.000000e+00,0.000000e+00
1.000000e+00,0.000000e+00,0.000000e+00,0.000000e+00,0.000000e+00,0.000000e+00,0.000000e+00,0.000000e+00,0.000000e+00,0.000000e+00,0.000000e+00,0.000000e+00,0.000000e+00,0.000000e+00,0.000000e+00
1.000000e+00,0.000000e+00,0.000000e+00,0.000000e+00,0.000000e+00,0.000000e+00,0.000000e+00,0.000000e+00,0.000000e+00,0.000000e+00,0.000000e+00,0.000000e+00,0.000000e+00,0.000000e+00,0.000000e+00
3.629909e-01,1.493433e-02,3.089469e-02,1.271164e-01,2.644956e-03,1.066512e-02,1.321205e-03,7.336174e-03,2.363694e-01,1.013909e-02,1.019049e-02,9.162352e-03,1.434349e-02,2.879436e-02,1.330971e-01
2.784265e-01,1.222457e-02,2.267002e-02,9.732612e-02,2.152889e-03,8.058002e-03,1.512230e-03,6.712698e-03,3.672442e-01,9.056499e-03,8.518329e-03,9.819999e-03,1.641807e-02,2.516596e-02,1.346938e-01
2.009651e-01,9.579871e-03,1.637765e-02,6.908994e-02,1.647458e-03,6.382149e-03,1.220008e-03,5.108852e-03,3.142832e-01,1.663645e-02,2.112875e-02,2.120660e-02,2.804388e-02,4.190452e-02,2.464256e-01
1.410784e-01,6.813395e-03,1.154720e-02,4.851338e-02,1.166479e-03,4.625766e-03,8.855239e-04,3.619352e-03,4.195836e-01,1.382258e-02,2.103484e-02,2.280123e-02,2.064775e-02,3.251277e-02,2.513477e-01
1.382376e-01,5.829243e-03,8.256876e-03,3.548597e-02,1.574533e-02,4.616370e-03,8.955944e-04,4.089751e-03,3.211282e-01,1.223198e-02,1.109775e-01,7.215361e-02,2.649104e-02,2.767824e-02,2.161826e-01
1.033148e-01,4.728138e-03,5.902283e-03,2.567710e-02,2.556860e-02,3.781665e-03,8.930143e-04,8.750581e-03,2.385954e-01,1.082404e-02,9.062581e-02,1.246808e-01,1.284264e-01,4.813501e-02,1.800963e-01
8.823867e-02,3.470202e-03,4.263521e-03,1.907056e-02,2.624749e-02,2.988893e-03,8.491350e-04,1.093676e-02,1.742448e-01,1.275708e-02,1.167649e-01,1.851115e-01,1.225845e-01,6.219695e-02,1.702751e-01
6.227564e-02,2.456343e-03,3.035979e-03,1.341072e-02,2.027892e-02,2.303180e-03,7.529470e-04,8.036535e-03,1.237741e-01,1.673362e-02,1.161282e-01,1.521955e-01,9.893730e-02,5.158568e-02,3.280954e-01
4.401559e-02,1.749177e-03,2.195294e-03,9.442490e-03,1.914776e-02,2.331060e-03,1.005556e-03,6.543096e-03,8.885884e-02,2.511358e-02,1.164229e-01,1.207318e-01,7.735355e-02,4.403454e-02,4.410547e-01
4.197232e-02,1.670630e-03,3.959280e-03,7.057086e-03,3.143455e-02,8.997350e-03,1.216309e-02,8.652763e-03,7.192095e-02,3.658624e-02,1.259175e-01,9.564944e-02,6.173608e-02,3.986593e-02,4.524168e-01
3.159532e-02,1.356468e-03,3.683704e-03,5.148504e-03,5.951385e-02,1.073496e-02,1.135755e-02,8.838331e-03,5.358744e-02,3.119298e-02,9.481973e-02,6.890090e-02,4.804591e-02,3.159427e-02,5.396301e-01
2.743943e-02,1.284504e-03,4.665769e-03,4.276759e-03,9.769666e-02,1.168946e-02,1.020431e-02,1.686555e-02,4.262359e-02,3.349002e-02,9.742835e-02,5.129093e-02,4.055202e-02,2.571422e-02,5.347784e-01
2.087566e-02,1.419062e-03,4.908961e-03,3.595593e-03,3.207342e-01,1.188604e-02,8.764952e-03,1.817351e-02,3.143385e-02,3.347917e-02,7.306576e-02,3.654927e-02,2.982956e-02,1.863645e-02,3.866480e-01
1.684460e-02,2.255209e-03,4.056945e-03,2.935939e-03,4.667081e-01,9.495592e-03,6.440005e-03,1.578502e-02,5.087398e-02,2.957065e-02,5.453248e-02,2.775368e-02,2.331434e-02,1.338321e-02,2.760503e-01
2.408706e-02,2.729638e-03,3.734789e-03,4.382016e-03,5.704734e-01,8.921257e-03,5.986368e-03,1.289788e-02,5.869396e-02,2.269845e-02,3.988726e-02,2.175880e-02,1.917186e-02,1.005152e-02,1.945257e-01
3.076809e-02,3.624115e-03,6.580879e-03,5.332841e-03,5.584171e-01,1.531135e-02,9.098398e-03,1.577812e-02,9.168404e-02,1.776348e-02,3.020159e-02,2.786947e-02,4.003075e-02,9.953561e-03,1.375862e-01
4.596311e-02,3.904556e-03,6.448219e-03,7.445983e-03,5.797158e-01,1.578612e-02,8.903736e-03,1.932003e-02,9.877838e-02,1.681961e-02,2.252148e-02,3.091259e-02,3.733823e-02,8.696020e-03,9.744609e-02
5.863323e-02,4.508053e-03,6.623344e-03,9.770964e-03,4.851202e-01,1.279430e-02,9.031564e-03,1.601011e-01,9.725250e-02,1.202522e-02,1.662758e-02,2.499388e-02,2.769391e-02,6.301842e-03,6.852224e-02
5.655162e-02,6.068111e-03,5.759446e-03,9.646281e-03,3.803686e-01,1.107174e-02,8.329187e-03,3.100235e-01,9.865545e-02,8.511048e-03,1.208984e-02,1.961081e-02,2.074654e-02,4.525933e-03,4.804196e-02
5.081176e-02,6.794912e-03,5.319375e-03,7.528985e-03,2.857000e-01,9.297303e-03,7.020354e-03,4.729354e-01,7.314449e-02,6.006276e-03,8.751827e-03,1.451544e-02,1.523434e-02,3.222939e-03,3.371656e-02
6.242958e-02,5.849206e-03,5.353350e-03,5.994527e-03,2.043557e-01,2.218767e-02,6.421313e-03,5.616023e-01,5.224402e-02,4.421540e-03,1.160311e-02,1.444176e-02,1.629414e-02,2.448722e-03,2.435313e-02
9.250805e-02,4.738322e-03,5.564789e-03,5.046324e-03,1.457571e-01,4.031462e-02,7.049104e-03,5.650966e-01,3.810791e-02,3.945104e-03,1.520192e-02,2.315030e-02,3.360843e-02,2.143603e-03,1.776787e-02
1.746654e-01,5.581735e-03,5.452662e-03,5.015012e-03,1.057273e-01,9.092188e-02,8.571479e-03,4.548762e-01,3.083334e-02,3.001713e-03,1.379103e-02,4.812409e-02,3.763431e-02,2.285457e-03,1.351845e-02
2.097292e-01,8.114850e-03,8.711965e-03,5.532620e-03,7.936084e-02,9.675824e-02,1.078488e-02,3.948554e-01,2.447616e-02,2.412358e-03,1.456492e-02,5.892858e-02,7.288003e-02,2.218195e-03,1.067177e-02
2.648909e-01,2.032151e-02,1.811250e-02,7.571889e-03,6.362128e-02,9.453662e-02,1.126736e-02,3.056177e-01,2.337603e-02,3.174535e-03,1.743381e-02,8.102357e-02,7.372943e-02,3.530816e-03,1.179196e-02
2.476317e-01,2.072182e-02,1.860909e-02,8.951697e-03,4.686901e-02,9.186175e-02,9.237247e-03,2.164325e-01,2.590850e-02,8.440301e-03,2.209548e-02,1.810135e-01,7.939450e-02,8.220328e-03,1.461267e-02
2.204060e-01,2.615436e-02,1.777901e-02,9.119649e-03,4.132180e-02,8.394776e-02,8.340525e-03,1.553647e-01,3.037610e-02,1.335965e-02,2.774267e-02,2.626846e-01,7.804277e-02,1.025707e-02,1.510332e-02
2.927378e-01,2.583249e-02,1.649513e-02,1.309891e-02,3.278115e-02,7.035751e-02,9.832732e-03,1.123698e-01,2.829200e-02,1.603110e-02,2.558780e-02,2.671028e-01,6.347955e-02,1.110141e-02,1.489981e-02
3.449640e-01,2.321726e-02,1.564208e-02,1.173890e-02,2.550574e-02,5.669088e-02,9.569596e-03,8.018513e-02,2.389609e-02,2.692580e-02,2.327522e-02,2.825384e-01,4.826524e-02,1.261951e-02,1.496607e-02
4.489403e-01,1.870342e-02,1.262502e-02,1.319250e-02,1.934842e-02,4.659919e-02,7.704384e-03,5.809130e-02,1.819534e-02,2.226746e-02,2.094323e-02,2.521571e-01,3.584510e-02,1.044658e-02,1.494060e-02
4.815372e-01,1.481107e-02,1.008421e-02,1.507867e-02,1.575436e-02,4.001025e-02,5.779495e-03,4.124739e-02,1.563638e-02,1.741410e-02,2.239772e-02,2.709051e-01,2.606953e-02,9.727094e-03,1.354733e-02
1.000000e+00,0.000000e+00,0.000000e+00,0.000000e+00,0.000000e+00,0.000000e+00,0.000000e+00,0.000000e+00,0.000000e+00,0.000000e+00,0.000000e+00,0.000000e+00,0.000000e+00,0.000000e+00,0.000000e+00
1.000000e+00,0.000000e+00,0.000000e+00,0.000000e+00,0.000000e+00,0.000000e+00,0.000000e+00,0.000000e+00,0.000000e+00,0.000000e+00,0.000000e+00,0.000000e+00,0.000000e+00,0.000000e+00,0.000000e+00
1.000000e+00,0.000000e+00,0.000000e+00,0.000000e+00,0.000000e+00,0.000000e+00,0.000000e+00,0.000000e+00,0.000000e+00,0.000000e+00,0.000000e+00,0.000000e+00,0.000000e+00,0.000000e+00,0.000000e+00
4.515260e-01,9.757237e-03,4.391512e-03,1.306350e-02,2.641549e-02,2.486997e-02,2.138106e-03,1.164782e-02,1.059119e-02,9.328021e-03,2.735483e-02,3.794514e-01,7.748136e-03,8.434341e-03,1.328244e-02
4.104506e-01,1.859580e-02,6.172117e-03,1.788598e-02,4.868422e-02,2.618947e-02,2.129869e-03,1.035827e-02,1.252705e-02,9.848429e-03,2.834769e-02,3.748632e-01,5.679552e-03,6.901658e-03,2.136606e-02
3.414094e-01,2.873349e-02,1.211528e-02,2.699679e-02,7.697544e-02,6.069849e-02,3.431736e-03,1.913111e-02,1.107143e-02,9.823189e-03,2.837655e-02,3.510226e-01,4.500841e-03,5.243053e-03,2.047057e-02
3.378351e-01,2.488520e-02,1.199514e-02,3.956194e-02,8.069774e-02,5.545347e-02,4.728769e-03,2.873586e-02,1.272559e-02,8.789387e-03,2.942802e-02,3.344678e-01,4.804385e-03,4.588994e-03,2.130254e-02
2.822130e-01,2.231146e-02,1.070827e-02,3.727487e-02,1.204410e-01,5.297482e-02,6.272471e-03,3.450496e-02,2.060034e-02,7.821338e-03,2.992310e-02,3.483963e-01,4.610289e-03,4.090867e-03,1.785686e-02
2.309566e-01,1.643308e-02,2.690993e-02,3.004672e-02,1.566515e-01,4.607197e-02,1.033794e-02,1.053600e-01,1.685891e-02,7.292897e-03,2.641417e-02,3.058209e-01,4.506839e-03,3.411744e-03,1.292680e-02
1.686697e-01,1.229692e-02,2.051876e-02,2.162660e-02,3.483745e-01,5.761784e-02,1.356072e-02,7.547956e-02,1.337463e-02,5.893983e-03,2.100671e-02,2.253978e-01,4.356597e-03,2.649495e-03,9.176211e-03
1.243585e-01,1.016755e-02,1.635092e-02,1.572096e-02,4.403276e-01,1.121414e-01,1.455550e-02,5.439696e-02,1.071500e-02,4.486204e-03,1.655743e-02,1.677082e-01,3.914974e-03,2.069262e-03,6.529471e-03
9.299022e-02,9.669974e-03,1.448166e-02,1.820716e-02,5.087413e-01,1.260953e-01,2.723481e-02,4.978878e-02,7.755036e-03,3.290356e-03,1.214778e-02,1.203984e-01,3.050062e-03,1.530776e-03,4.618343e-03
7.690714e-02,1.013096e-02,1.380909e-02,2.253481e-02,5.535451e-01,1.366205e-01,3.210416e-02,3.919253e-02,6.226438e-03,2.890273e-03,1.115433e-02,8.739299e-02,2.512285e-03,1.587459e-03,3.391847e-03
7.980213e-02,1.041825e-02,1.623808e-02,4.281884e-02,5.687418e-01,1.149478e-01,2.755303e-02,4.325870e-02,6.396642e-03,2.867055e-03,1.190756e-02,6.665389e-02,3.109193e-03,2.175755e-03,3.111286e-03
9.451335e-02,9.281415e-03,1.506888e-02,6.945710e-02,5.724827e-01,9.597806e-02,2.422195e-02,3.877332e-02,6.269136e-03,2.729551e-03,1.141791e-02,5.137943e-02,3.501053e-03,2.237705e-03,2.688423e-03
8.841571e-02,8.364961e-03,1.113515e-02,9.571168e-02,5.780167e-01,7.032780e-02,1.865528e-02,6.632866e-02,5.437768e-03,2.019847e-03,9.771011e-03,3.865471e-02,3.255753e-03,1.828136e-03,2.076815e-03
9.736419e-02,8.806048e-03,1.153876e-02,2.044419e-01,4.463551e-01,5.289094e-02,1.367870e-02,7.469283e-02,1.566298e-02,3.583433e-03,2.726742e-02,3.341993e-02,5.856892e-03,1.915477e-03,2.525353e-03
1.545904e-01,7.789153e-03,1.570292e-02,2.347228e-01,3.661222e-01,4.005681e-02,1.028467e-02,7.139182e-02,1.924159e-02,3.630992e-03,3.427314e-02,3.119504e-02,6.301230e-03,2.179947e-03,2.517371e-03
2.248634e-01,8.333908e-03,1.702514e-02,2.261941e-01,3.117366e-01,3.240628e-02,7.703330e-03,5.684678e-02,2.066544e-02,3.496180e-03,4.317158e-02,3.075505e-02,1.030383e-02,3.133678e-03,3.364795e-03
2.450463e-01,1.136731e-02,2.000780e-02,2.408452e-01,2.608734e-01,3.042585e-02,5.848559e-03,4.790903e-02,3.870235e-02,4.294148e-03,4.381255e-02,2.572257e-02,1.144389e-02,6.495284e-03,7.205745e-03
2.702346e-01,1.287649e-02,2.083771e-02,2.617588e-01,2.211705e-01,2.656790e-02,4.624978e-03,4.455636e-02,4.451438e-02,4.270405e-03,4.341627e-02,2.018014e-02,1.037255e-02,6.592310e-03,8.026649e-03
2.558400e-01,1.570011e-02,3.813070e-02,2.092780e-01,1.633638e-01,2.451036e-02,3.410280e-03,3.368862e-02,1.174174e-01,6.610101e-03,4.465608e-02,1.672977e-02,1.159649e-02,2.721121e-02,3.185712e-02
2.868563e-01,2.649113e-02,3.518327e-02,1.584456e-01,1.405410e-01,2.585740e-02,3.014541e-03,2.965669e-02,1.414696e-01,7.621574e-03,4.313662e-02,1.447575e-02,1.206130e-02,3.479207e-02,4.039723e-02
3.952372e-01,2.486503e-02,2.970720e-02,1.228388e-01,1.196835e-01,2.408958e-02,2.997814e-03,2.556638e-02,1.170297e-01,6.478165e-03,3.687106e-02,1.332011e-02,1.092144e-02,3.072414e-02,3.966993e-02
3.754813e-01,2.884819e-02,5.488923e-02,1.048557e-01,9.220110e-02,2.308778e-02,3.012864e-03,2.147133e-02,1.526162e-01,5.986395e-03,3.078967e-02,1.287269e-02,8.575739e-03,4.145541e-02,4.385639e-02
4.300014e-01,2.781896e-02,8.009876e-02,8.475553e-02,6.727406e-02,2.127024e-02,2.873255e-03,1.783879e-02,1.218654e-01,5.328535e-03,2.825448e-02,1.305452e-02,7.831477e-03,4.979192e-02,4.194259e-02
3.058739e-01,2.052125e-02,6.109867e-02,7.177623e-02,4.723187e-02,1.528352e-02,2.054781e-03,1.303122e-02,1.025884e-01,1.077380e-02,3.136379e-02,1.208382e-02,1.363910e-02,2.377592e-01,5.492049e-02
2.307408e-01,1.790582e-02,5.170200e-02,5.916886e-02,3.443950e-02,1.166824e-02,1.611406e-03,1.004597e-02,8.970097e-02,1.045346e-02,5.224293e-02,2.108663e-02,2.408071e-02,3.071885e-01,7.796422e-02
2.671476e-01,1.681116e-02,4.865795e-02,5.839454e-02,2.611866e-02,1.367275e-02,1.898466e-03,9.056313e-03,7.621638e-02,1.116616e-02,4.754479e-02,2.478818e-02,2.377543e-02,2.891340e-01,8.561765e-02
2.488438e-01,2.168749e-02,4.262110e-02,5.470684e-02,2.112809e-02,1.143103e-02,2.499609e-03,9.364878e-03,9.435944e-02,1.533854e-02,4.544582e-02,2.216018e-02,2.162475e-02,3.121452e-01,7.664322e-02
2.002873e-01,3.577478e-02,3.443300e-02,5.106565e-02,1.775688e-02,1.248104e-02,2.564703e-03,8.344265e-03,1.133815e-01,1.589489e-02,4.550917e-02,2.747074e-02,2.306753e-02,3.444644e-01,6.750411e-02
1.522012e-01,9.296958e-02,2.667629e-02,6.356931e-02,1.480165e-02,1.106735e-02,2.366866e-03,6.805769e-03,1.362569e-01,1.569249e-02,4.337670e-02,2.966383e-02,2.147082e-02,3.084562e-01,7.462506e-02
1.364042e-01,9.874377e-02,2.234396e-02,5.601717e-02,1.483169e-02,1.507806e-02,2.723333e-03,6.563530e-03,1.861151e-01,1.488119e-02,4.539724e-02,3.810081e-02,2.670802e-02,2.732362e-01,6.285582e-02
1.203418e-01,1.145988e-01,1.672678e-02,4.305518e-02,1.550740e-02,3.598382e-02,2.435617e-03,6.202631e-03,1.922735e-01,1.431374e-02,4.100946e-02,4.859340e-02,8.695804e-02,2.115465e-01,5.045329e-02
1.077740e-01,1.485683e-01,1.254059e-02,3.299931e-02,1.474831e-02,5.872482e-02,2.279094e-03,6.531614e-03,2.282329e-01,1.387012e-02,3.234730e-02,4.354993e-02,8.849812e-02,1.634644e-01,4.587112e-02
1.147741e-01,1.612546e-01,9.590636e-03,2.806341e-02,1.482206e-02,6.374089e-02,2.124654e-03,7.391975e-03,2.099020e-01,1.209162e-02,3.398123e-02,4.242779e-02,1.392973e-01,1.203254e-01,4.021220e-02
8.488557e-02,1.996129e-01,7.345810e-03,3.815613e-02,1.189354e-02,5.845311e-02,1.643816e-03,5.939786e-03,2.250154e-01,1.119815e-02,2.563219e-02,3.364607e-02,1.316793e-01,8.580467e-02,7.909361e-02
1.379486e-01,1.865793e-01,8.632423e-03,3.604649e-02,1.558235e-02,5.751571e-02,1.786374e-03,6.362164e-03,2.200496e-01,1.153782e-02,2.388511e-02,3.080478e-02,1.238069e-01,6.664088e-02,7.282134e-02
1.447254e-01,1.854136e-01,7.976416e-03,3.529005e-02,1.853772e-02,5.655265e-02,1.678869e-03,5.848196e-03,2.436254e-01,1.541571e-02,1.929105e-02,2.494945e-02,1.024040e-01,5.229985e-02,8.599174e-02
1.517045e-01,1.869302e-01,8.230520e-03,3.258383e-02,3.262304e-02,6.389384e-02,2.010322e-03,7.234112e-03,2.412335e-01,1.191581e-02,1.742176e-02,1.931414e-02,1.147772e-01,3.875133e-02,7.137582e-02
1.496252e-01,1.581013e-01,1.161562e-02,3.195527e-02,7.125404e-02,8.680715e-02,3.867097e-03,1.418397e-02,2.380714e-01,1.028319e-02,1.466703e-02,1.495563e-02,1.080932e-01,2.900147e-02,5.751843e-02
1.408591e-01,1.772548e-01,1.221813e-02,1.181147e-01,5.213239e-02,6.409562e-02,3.027666e-03,1.074973e-02,1.764979e-01,1.009042e-02,1.176208e-02,1.217268e-02,7.788451e-02,2.055589e-02,1.125844e-01
2.183489e-01,1.473832e-01,2.217177e-02,1.366770e-01,4.326982e-02,5.434296e-02,3.386783e-03,1.319368e-02,1.442584e-01,1.056219e-02,1.196204e-02,1.553263e-02,6.174776e-02,1.510302e-02,1.020598e-01
2.457822e-01,1.769294e-01,2.113646e-02,1.083343e-01,4.430803e-02,5.494730e-02,3.433813e-03,1.900788e-02,1.417514e-01,8.565970e-03,1.047759e-02,1.741891e-02,5.726225e-02,1.147053e-02,7.917391e-02
2.838540e-01,1.609552e-01,1.810189e-02,8.361427e-02,4.036244e-02,9.247509e-02,3.278983e-03,1.937851e-02,1.367341e-01,7.945435e-03,1.005233e-02,1.523191e-02,5.473788e-02,1.007198e-02,6.320599e-02
3.120160e-01,1.384463e-01,1.603035e-02,6.671851e-02,3.975780e-02,1.037035e-01,2.891331e-03,6.933308e-02,1.228880e-01,5.741870e-03,8.320154e-03,1.197130e-02,4.712042e-02,8.299386e-03,4.676201e-02
2.417856e-01,1.022120e-01,1.461915e-02,5.025230e-02,3.124773e-02,7.431564e-02,2.280413e-03,3.012802e-01,9.037510e-02,4.103293e-03,6.117224e-03,8.682564e-03,3.364484e-02,5.939201e-03,3.314468e-02
1.837200e-01,7.322538e-02,1.114564e-02,3.628433e-02,2.424074e-02,5.268303e-02,1.849932e-03,4.868858e-01,6.531628e-02,2.901208e-03,4.416988e-03,6.162018e-03,2.372500e-02,4.184509e-03,2.325912e-02
1.395141e-01,5.209398e-02,8.781685e-03,2.583179e-02,1.887629e-02,3.726870e-02,1.618597e-03,6.233547e-01,4.706421e-02,2.068318e-03,3.172863e-03,4.342634e-03,1.668913e-02,2.971082e-03,1.635190e-02
1.481490e-01,3.810906e-02,7.395349e-03,1.922772e-02,1.618006e-02,2.796731e-02,2.420688e-03,6.700737e-01,3.587238e-02,1.745594e-03,2.696467e-03,3.760379e-03,1.217275e-02,2.175687e-03,1.205383e-02
1.481030e-01,2.764962e-02,6.177275e-03,1.424593e-02,1.428402e-02,2.076099e-02,2.401980e-03,7.126483e-01,2.707816e-02,1.328431e-03,2.236344e-03,3.621585e-03,8.970040e-03,1.626829e-03,8.867539e-03
1.612661e-01,2.177958e-02,6.827128e-03,1.079103e-02,1.191213e-02,1.675253e-02,2.601053e-03,7.258516e-01,2.158448e-02,1.015254e-03,1.793182e-03,3.128954e-03,6.624904e-03,1.231181e-03,6.840837e-03
2.066025e-01,1.683700e-02,7.612348e-03,8.523628e-03,1.103452e-02,1.416884e-02,2.493403e-03,6.974626e-01,1.763814e-02,8.380592e-04,1.616852e-03,3.391491e-03,5.167287e-03,1.106356e-03,5.506930e-03
3.077620e-01,1.467645e-02,1.400166e-02,9.432997e-03,1.495852e-02,2.076820e-02,4.571342e-03,5.686311e-01,1.753704e-02,1.050923e-03,2.808893e-03,9.698790e-03,6.094565e-03,1.798647e-03,6.208896e-03
4.441326e-01,1.178860e-02,1.222901e-02,9.835733e-03,1.465943e-02,2.847973e-02,5.103019e-03,4.259082e-01,1.432489e-02,1.147558e-03,3.989547e-03,1.045817e-02,8.579275e-03,1.955276e-03,7.408995e-03
1.000000e+00,0.000000e+00,0.000000e+00,0.000000e+00,0.000000e+00,0.000000e+00,0.000000e+00,0.000000e+00,0.000000e+00,0.000000e+00,0.000000e+00,0.000000e+00,0.000000e+00,0.000000e+00,0.000000e+00
1.000000e+00,0.000000e+00,0.000000e+00,0.000000e+00,0.000000e+00,0.000000e+00,0.000000e+00,0.000000e+00,0.000000e+00,0.000000e+00,0.000000e+00,0.000000e+00,0.000000e+00,0.000000e+00,0.000000e+00
1.000000e+00,0.000000e+00,0.000000e+00,0.000000e+00,0.000000e+00,0.000000e+00,0.000000e+00,0.000000e+00,0.000000e+00,0.000000e+00,0.000000e+00,0.000000e+00,0.000000e+00,0.000000e+00,0.000000e+00
1.000000e+00,0.000000e+00,0.000000e+00,0.000000e+00,0.000000e+00,0.000000e+00,0.000000e+00,0.000000e+00,0.000000e+00,0.000000e+00,0.000000e+00,0.000000e+00,0.000000e+00,0.000000e+00,0.000000e+00
1.000000e+00,0.000000e+00,0.000000e+00,0.000000e+00,0.000000e+00,0.000000e+00,0.000000e+00,0.000000e+00,0.000000e+00,0.000000e+00,0.000000e+00,0.000000e+00,0.000000e+00,0.000000e+00,0.000000e+00
1.000000e+00,0.000000e+00,0.000000e+00,0.000000e+00,0.000000e+00,0.000000e+00,0.000000e+00,0.000000e+00,0.000000e+00,0.000000e+00,0.000000e+00,0.000000e+00,0.000000e+00,0.000000e+00,0.000000e+00
1.000000e+00,0.000000e+00,0.000000e+00,0.000000e+00,0.000000e+00,0.000000e+00,0.000000e+00,0.000000e+00,0.000000e+00,0.000000e+00,0.000000e+00,0.000000e+00,0.000000e+00,0.000000e+00,0.000000e+00
1.000000e+00,0.000000e+00,0.000000e+00,0.000000e+00,0.000000e+00,0.000000e+00,0.000000e+00,0.000000e+00,0.000000e+00,0.000000e+00,0.000000e+00,0.000000e+00,0.000000e+00,0.000000e+00,0.000000e+00
1.000000e+00,0.000000e+00,0.000000e+00,0.000000e+00,0.000000e+00,0.000000e+00,0.000000e+00,0.000000e+00,0.000000e+00,0.000000e+00,0.000000e+00,0.000000e+00,0.000000e+00,0.000000e+00,0.000000e+00
1.000000e+00,0.000000e+00,0.000000e+00,0.000000e+00,0.000000e+00,0.000000e+00,0.000000e+00,0.000000e+00,0.000000e+00,0.000000e+00,0.000000e+00,0.000000e+00,0.000000e+00,0.000000e+00,0.000000e+00
1.000000e+00,0.000000e+00,0.000000e+00,0.000000e+00,0.000000e+00,0.000000e+00,0.000000e+00,0.000000e+00,0.000000e+00,0.000000e+00,0.000000e+00,0.000000e+00,0.000000e+00,0.000000e+00,0.000000e+00
1.000000e+00,0.000000e+00,0.000000e+00,0.000000e+00,0.000000e+00,0.000000e+00,0.000000e+00,0.000000e+00,0.000000e+00,0.000000e+00,0.000000e+00,0.000000e+00,0.000000e+00,0.000000e+00,0.000000e+00
1.000000e+00,0.000000e+00,0.000000e+00,0.000000e+00,0.000000e+00,0.000000e+00,0.000000e+00,0.000000e+00,0.000000e+00,0.000000e+00,0.000000e+00,0.000000e+00,0.000000e+00,0.000000e+00,0.000000e+00
4.409333e-01,1.093257e-01,1.535056e-02,1.001014e-01,1.415956e-02,2.487491e-02,2.538476e-03,1.308142e-02,1.727090e-02,7.227358e-03,1.653161e-02,3.667001e-02,3.174716e-02,1.425668e-02,1.559310e-01
4.801191e-01,9.214272e-02,2.236934e-02,9.847494e-02,1.318640e-02,2.256754e-02,3.249805e-03,1.271375e-02,1.897631e-02,6.821223e-03,1.462285e-02,3.428404e-02,2.753394e-02,1.291464e-02,1.400233e-01
4.635662e-01,8.588872e-02,4.584693e-02,1.005130e-01,1.348347e-02,2.228405e-02,4.247254e-03,1.196482e-02,2.161899e-02,8.792238e-03,1.317925e-02,3.151289e-02,2.285074e-02,1.067859e-02,1.435729e-01
4.944325e-01,7.015084e-02,3.923370e-02,7.829407e-02,1.631625e-02,1.864983e-02,4.174045e-03,2.579897e-02,4.061262e-02,7.200852e-03,1.049433e-02,2.461939e-02,4.437907e-02,1.033816e-02,1.153054e-01
1.000000e+00,0.000000e+00,0.000000e+00,0.000000e+00,0.000000e+00,0.000000e+00,0.000000e+00,0.000000e+00,0.000000e+00,0.000000e+00,0.000000e+00,0.000000e+00,0.000000e+00,0.000000e+00,0.000000e+00
1.000000e+00,0.000000e+00,0.000000e+00,0.000000e+00,0.000000e+00,0.000000e+00,0.000000e+00,0.000000e+00,0.000000e+00,0.000000e+00,0.000000e+00,0.000000e+00,0.000000e+00,0.000000e+00,0.000000e+00
4.621528e-01,4.486980e-02,4.000982e-02,3.621262e-02,1.393975e-02,5.337636e-02,5.482690e-03,3.294633e-02,7.260657e-02,4.517445e-03,5.124319e-03,1.489705e-02,1.502585e-01,6.803288e-03,5.680266e-02
4.204805e-01,4.103544e-02,3.251192e-02,3.125979e-02,1.204184e-02,6.309594e-02,5.850218e-03,2.667305e-02,6.380186e-02,4.628136e-03,4.833479e-03,1.509232e-02,2.067238e-01,5.790726e-03,6.618096e-02
3.540767e-01,6.038313e-02,2.756641e-02,4.184089e-02,9.646622e-03,8.309588e-02,5.028849e-03,2.083445e-02,6.311700e-02,1.357352e-02,9.811319e-03,3.681329e-02,1.637516e-01,7.970131e-03,1.024901e-01
3.760324e-01,5.926171e-02,2.087618e-02,3.793453e-02,8.604148e-03,1.101109e-01,4.723289e-03,1.701579e-02,6.638349e-02,1.196514e-02,8.572871e-03,3.166702e-02,1.502749e-01,6.534297e-03,9.004332e-02
2.670520e-01,1.044458e-01,3.309155e-02,1.277481e-01,6.314524e-03,7.788842e-02,3.348930e-03,1.194791e-02,5.246246e-02,1.409709e-02,8.285982e-03,2.636614e-02,1.082124e-01,4.851550e-03,1.538870e-01
2.202325e-01,9.319936e-02,2.565788e-02,1.150661e-01,4.813175e-03,5.921479e-02,2.601361e-03,9.273457e-03,4.723782e-02,1.039427e-02,2.399268e-02,1.293060e-01,1.395098e-01,3.948394e-03,1.155523e-01
2.017626e-01,8.105616e-02,2.349782e-02,1.217401e-01,6.684685e-03,5.021779e-02,2.289081e-03,7.563584e-03,5.393614e-02,8.847622e-03,4.817560e-02,1.337471e-01,1.712265e-01,3.249995e-03,8.600519e-02
2.146500e-01,6.356145e-02,1.723268e-02,9.186503e-02,7.747955e-03,4.085753e-02,2.366130e-03,6.052271e-03,5.090683e-02,6.783305e-03,3.790323e-02,1.690623e-01,2.232026e-01,3.169723e-03,6.463885e-02
1.792975e-01,5.826749e-02,1.700900e-02,8.948965e-02,8.688812e-03,3.618646e-02,2.369628e-03,5.362982e-03,7.097691e-02,7.648917e-03,3.759015e-02,1.910440e-01,2.374349e-01,5.608576e-03,5.302504e-02
1.356511e-01,4.879172e-02,1.723676e-02,7.375485e-02,6.749686e-03,4.650619e-02,1.941320e-03,4.081992e-03,5.634441e-02,9.068230e-03,3.735224e-02,2.882721e-01,2.225668e-01,8.572523e-03,4.311010e-02
1.040706e-01,3.618066e-02,1.308983e-02,5.320229e-02,9.824219e-03,3.624611e-02,2.925413e-03,7.776943e-03,6.647146e-02,1.213738e-02,6.355840e-02,2.993097e-01,2.354252e-01,1.007155e-02,4.971034e-02
8.962148e-02,2.618449e-02,1.026208e-02,3.916952e-02,1.724924e-02,2.672075e-02,5.625518e-03,7.669270e-03,9.292732e-02,1.639118e-02,8.607991e-02,2.705901e-01,2.374481e-01,1.233925e-02,6.172188e-02
1.278237e-01,2.458680e-02,1.190617e-02,2.949747e-02,2.712846e-02,2.066835e-02,8.588713e-03,8.388856e-03,1.257716e-01,1.901228e-02,7.589995e-02,2.283195e-01,1.952198e-01,1.123271e-02,8.595566e-02
1.789876e-01,2.049109e-02,1.797919e-02,2.568986e-02,2.696712e-02,2.003266e-02,7.146991e-03,2.333954e-02,1.271261e-01,1.906141e-02,6.667348e-02,1.849307e-01,1.902405e-01,1.066789e-02,8.066602e-02
1.440477e-01,1.521633e-02,5.004671e-02,2.274971e-02,2.664833e-02,1.518111e-02,6.036697e-03,4.253503e-02,1.088683e-01,1.700505e-02,7.878919e-02,1.396299e-01,1.661027e-01,1.049803e-02,1.566453e-01
1.031059e-01,1.082416e-02,7.604979e-02,2.060583e-02,2.251208e-02,1.119184e-02,4.525934e-03,1.002127e-01,8.026839e-02,1.379965e-02,1.089102e-01,1.032868e-01,1.558639e-01,1.072594e-02,1.781170e-01
7.349515e-02,7.834651e-03,1.447578e-01,1.963971e-02,1.761677e-02,8.529362e-03,4.043674e-03,1.132827e-01,5.871074e-02,1.276565e-02,1.062190e-01,7.482384e-02,1.304318e-01,1.211942e-02,2.157297e-01
5.424799e-02,7.565429e-03,1.401060e-01,2.648208e-02,2.320147e-02,1.056988e-02,3.080270e-03,1.003918e-01,6.330690e-02,1.344745e-02,1.258338e-01,6.014512e-02,1.093429e-01,1.343312e-02,2.488459e-01
3.894225e-02,5.869249e-03,2.806338e-01,8.216380e-02,1.919717e-02,8.075718e-03,2.214037e-03,8.349503e-02,5.222580e-02,9.858509e-03,9.917405e-02,4.343661e-02,8.289810e-02,1.000030e-02,1.818156e-01
2.885913e-02,4.479150e-03,4.330010e-01,1.025351e-01,1.412827e-02,6.140596e-03,1.581309e-03,6.227853e-02,3.935691e-02,7.322385e-03,7.533488e-02,3.094778e-02,5.912088e-02,7.152809e-03,1.277613e-01
2.950394e-02,6.089612e-03,5.242091e-01,1.149116e-01,1.177059e-02,4.966675e-03,1.145984e-03,4.770700e-02,3.107510e-02,8.550514e-03,5.716573e-02,2.210477e-02,4.272708e-02,6.036441e-03,9.203586e-02
3.090518e-02,1.004433e-02,5.922599e-01,1.127090e-01,1.110863e-02,3.884818e-03,8.423978e-04,4.037455e-02,2.512982e-02,7.904644e-03,4.367192e-02,1.572192e-02,3.069145e-02,5.688926e-03,6.906261e-02
4.944341e-02,1.762777e-02,6.259744e-01,8.705190e-02,1.214497e-02,3.497695e-03,6.634071e-04,3.542429e-02,2.079914e-02,9.643136e-03,3.455196e-02,1.131652e-02,2.185755e-02,1.119735e-02,5.880650e-02
7.887191e-02,2.719479e-02,6.252356e-01,7.215048e-02,1.321958e-02,3.663241e-03,5.701978e-04,3.052606e-02,1.826247e-02,1.071106e-02,3.041933e-02,8.746738e-03,1.607106e-02,1.474267e-02,4.961491e-02
1.246976e-01,4.784854e-02,5.302488e-01,7.299536e-02,1.780516e-02,4.034875e-03,7.034015e-04,4.301379e-02,2.296831e-02,1.740768e-02,2.962911e-02,1.371589e-02,1.446058e-02,1.215886e-02,4.831213e-02
1.549577e-01,7.370681e-02,4.103592e-01,8.943146e-02,3.227349e-02,8.474966e-03,1.923939e-03,4.698385e-02,3.446545e-02,2.227336e-02,2.624075e-02,1.343935e-02,1.447108e-02,9.269401e-03,6.172925e-02
1.142109e-01,7.410640e-02,3.147655e-01,2.698665e-01,3.744856e-02,7.685678e-03,1.874325e-03,3.456050e-02,2.799390e-02,1.686554e-02,1.945666e-02,1.042089e-02,1.068487e-02,6.613462e-03,5.344635e-02
1.712980e-01,7.106054e-02,2.371150e-01,2.226536e-01,5.089805e-02,9.179452e-03,2.521902e-03,5.263089e-02,5.078785e-02,1.826791e-02,1.671298e-02,9.535670e-03,1.121439e-02,5.442650e-03,7.068122e-02
2.205786e-01,8.587942e-02,1.800042e-01,1.922624e-01,7.679436e-02,1.363784e-02,5.748124e-03,6.106918e-02,4.874310e-02,1.425425e-02,1.504079e-02,9.150710e-03,1.205014e-02,4.663423e-03,6.012347e-02
3.289819e-01,7.279364e-02,1.338220e-01,1.526240e-01,7.059158e-02,1.223383e-02,5.771493e-03,6.768349e-02,5.434288e-02,1.101860e-02,1.438710e-02,1.239811e-02,1.138561e-02,4.664340e-03,4.730135e-02
4.178943e-01,6.216585e-02,9.953033e-02,1.198778e-01,6.638882e-02,1.076056e-02,5.370461e-03,5.871109e-02,5.991958e-02,8.904915e-03,1.538616e-02,1.928845e-02,1.201306e-02,4.917862e-03,3.887082e-02
4.058742e-01,5.761128e-02,8.954293e-02,1.464123e-01,6.574334e-02,9.692837e-03,4.512853e-03,6.838621e-02,5.381896e-02,7.048792e-03,1.614518e-02,2.624670e-02,1.283274e-02,5.211967e-03,3.091976e-02
4.154854e-01,4.679178e-02,9.434885e-02,1.688895e-01,5.586226e-02,1.010278e-02,3.793892e-03,6.571451e-02,4.237774e-02,6.432725e-03,1.473453e-02,3.141780e-02,1.519769e-02,4.449607e-03,2.440091e-02
4.389505e-01,3.606506e-02,1.218821e-01,1.460764e-01,4.850412e-02,9.930074e-03,3.384685e-03,7.818078e-02,3.315181e-02,5.348789e-03,1.260293e-02,2.913890e-02,1.373153e-02,3.744472e-03,1.930796e-02
3.157664e-01,2.583256e-02,3.322905e-01,1.318554e-01,3.482501e-02,7.565659e-03,2.396056e-03,6.302120e-02,2.382369e-02,5.559356e-03,9.370264e-03,2.061029e-02,9.799832e-03,2.654136e-03,1.462956e-02
2.324508e-01,2.223098e-02,4.678682e-01,1.205894e-01,2.556840e-02,7.185292e-03,1.744272e-03,4.877132e-02,1.807152e-02,4.924392e-03,1.427167e-02,1.626426e-02,7.130750e-03,2.248175e-03,1.068067e-02
1.781769e-01,2.036701e-02,5.708698e-01,9.782162e-02,1.979381e-02,8.129120e-03,1.657585e-03,3.914647e-02,1.339650e-02,5.794658e-03,1.564863e-02,1.413009e-02,5.460414e-03,1.812505e-03,7.794926e-03
1.351250e-01,1.772287e-02,5.815616e-01,7.817300e-02,1.417253e-02,8.797370e-03,1.248056e-03,3.101211e-02,1.174736e-02,1.062776e-02,6.704777e-02,2.475046e-02,5.635554e-03,6.335166e-03,6.043478e-03
1.122236e-01,1.716281e-02,5.870814e-01,6.148911e-02,1.063834e-02,1.109048e-02,1.285111e-03,2.859085e-02,9.792992e-03,1.008239e-02,9.206196e-02,4.146491e-02,5.355078e-03,6.917690e-03,4.763363e-03
9.914336e-02,1.405251e-02,4.348066e-01,4.606304e-02,7.762089e-03,1.007076e-02,1.290529e-03,2.142454e-02,8.011048e-03,9.995059e-03,2.101426e-01,1.204399e-01,4.480727e-03,7.798203e-03,4.519027e-03
9.762208e-02,1.234634e-02,3.077762e-01,3.520828e-02,6.902310e-03,9.022411e-03,1.824901e-03,1.625908e-02,7.303571e-03,1.364381e-02,2.635122e-01,2.105828e-01,3.821169e-03,9.456985e-03,4.717911e-03
1.049208e-01,1.033963e-02,2.174792e-01,2.694377e-02,5.602157e-03,7.406942e-03,1.644571e-03,1.252655e-02,7.767973e-03,1.806896e-02,2.841037e-01,2.808797e-01,4.531660e-03,1.315790e-02,4.626545e-03
9.607262e-02,8.021648e-03,1.525266e-01,2.061117e-02,6.242048e-03,7.380784e-03,1.505807e-03,9.092465e-03,6.837321e-03,1.459910e-02,3.244272e-01,3.301053e-01,4.205935e-03,1.420374e-02,4.168304e-03
9.741954e-02,7.032443e-03,1.072138e-01,1.782641e-02,1.285750e-02,1.096711e-02,1.704788e-03,7.112958e-03,6.234974e-03,1.278862e-02,3.065453e-01,3.888214e-01,4.029907e-03,1.537345e-02,4.071794e-03
8.374486e-02,5.826496e-03,7.531734e-02,1.515229e-02,1.559000e-02,1.078437e-02,1.512611e-03,5.434657e-03,5.393079e-03,1.064256e-02,3.588449e-01,3.872789e-01,3.556287e-03,1.697999e-02,3.941730e-03
1.243257e-01,7.543034e-03,5.436080e-02,1.330473e-02,2.487822e-02,1.607854e-02,1.899722e-03,5.196979e-03,6.141941e-03,9.061188e-03,3.529858e-01,3.584128e-01,3.090299e-03,1.688041e-02,5.839891e-03
1.777412e-01,8.784286e-03,3.932754e-02,1.254937e-02,2.544822e-02,2.043542e-02,1.891112e-03,4.631707e-03,6.966238e-03,8.019499e-03,3.240390e-01,3.424733e-01,3.048976e-03,1.587922e-02,8.764919e-03
2.250556e-01,9.752168e-03,2.877723e-02,1.458713e-02,2.396264e-02,2.002198e-02,1.929609e-03,4.807892e-03,7.583986e-03,6.723121e-03,2.969153e-01,3.321724e-01,2.711551e-03,1.538788e-02,9.611536e-03
3.181019e-01,1.034961e-02,2.156155e-02,1.796136e-02,2.199576e-02,2.099922e-02,1.819059e-03,4.455556e-03,7.235525e-03,5.255841e-03,2.291062e-01,3.136010e-01,2.464314e-03,1.462114e-02,1.047187e-02
3.460349e-01,1.227123e-02,1.846627e-02,2.295033e-02,1.978382e-02,2.138436e-02,2.517890e-03,6.604536e-03,6.868519e-03,4.226862e-03,1.879730e-01,3.231235e-01,2.187180e-03,1.434453e-02,1.126310e-02
3.666366e-01,1.850693e-02,2.208407e-02,3.838675e-02,3.580555e-02,2.440036e-02,4.773627e-03,1.763573e-02,8.134208e-03,3.462477e-03,1.453837e-01,2.875758e-01,2.810854e-03,1.328400e-02,1.111936e-02
3.016205e-01,2.853080e-02,2.370353e-02,3.598946e-02,1.393669e-01,3.010990e-02,6.218017e-03,1.918632e-02,9.556705e-03,2.849073e-03,1.157290e-01,2.612033e-01,2.361739e-03,1.354682e-02,1.002795e-02
2.894717e-01,3.423950e-02,2.252854e-02,3.332281e-02,1.348479e-01,3.186544e-02,9.598637e-03,3.010224e-02,2.126527e-02,4.519593e-03,1.197984e-01,2.376088e-01,3.899243e-03,1.275666e-02,1.417531e-02
3.369775e-01,3.200047e-02,2.500269e-02,3.680420e-02,1.092436e-01,3.229918e-02,1.118497e-02,4.565336e-02,2.214225e-02,4.659706e-03,9.839411e-02,2.125073e-01,5.789896e-03,1.147113e-02,1.586961e-02
3.491802e-01,3.678656e-02,2.512300e-02,3.927077e-02,1.006223e-01,2.855781e-02,9.245261e-03,5.569919e-02,3.354305e-02,6.438915e-03,9.058781e-02,1.906262e-01,6.749745e-03,1.154167e-02,1.602757e-02
3.292744e-01,3.707546e-02,2.506867e-02,5.347775e-02,1.377984e-01,3.011278e-02,8.882351e-03,4.706182e-02,4.117946e-02,7.261502e-03,8.560470e-02,1.627498e-01,6.249166e-03,1.079438e-02,1.740939e-02
2.766845e-01,4.635514e-02,2.199345e-02,5.525326e-02,2.073871e-01,2.808344e-02,1.007573e-02,3.809969e-02,5.612806e-02,7.978917e-03,8.106928e-02,1.336927e-01,6.079115e-03,1.327408e-02,1.784557e-02
2.155803e-01,5.697460e-02,2.411057e-02,9.501009e-02,2.619431e-01,4.295891e-02,1.051415e-02,3.888328e-02,4.705889e-02,6.037150e-03,6.791072e-02,1.033258e-01,5.644722e-03,1.058698e-02,1.346077e-02
1.885271e-01,6.612554e-02,2.067742e-02,9.896804e-02,2.760539e-01,4.599348e-02,9.584494e-03,3.345162e-02,6.402156e-02,9.092068e-03,7.819420e-02,8.060938e-02,6.402815e-03,9.965008e-03,1.233337e-02
1.925207e-01,5.237091e-02,2.117002e-02,8.518604e-02,2.722214e-01,3.881628e-02,7.032328e-03,2.996858e-02,7.783652e-02,1.276573e-02,1.014849e-01,6.637860e-02,7.273813e-03,2.380943e-02,1.116474e-02
2.119083e-01,4.547333e-02,2.883640e-02,7.218470e-02,2.587210e-01,3.083788e-02,5.372189e-03,3.025070e-02,9.638370e-02,1.581046e-02,9.897307e-02,5.508435e-02,7.245699e-03,3.351915e-02,9.399043e-03
2.217227e-01,4.346064e-02,2.609115e-02,6.882114e-02,2.101492e-01,2.775539e-02,4.087591e-03,2.652198e-02,1.458847e-01,2.107365e-02,1.006417e-01,5.237237e-02,6.761716e-03,3.613330e-02,8.522839e-03
3.033621e-01,4.504700e-02,2.709978e-02,6.828624e-02,1.833256e-01,2.302798e-02,3.548928e-03,2.164959e-02,1.257599e-01,1.753565e-02,7.852191e-02,4.989593e-02,8.670988e-03,3.241929e-02,1.184908e-02
3.766627e-01,3.762254e-02,3.381452e-02,7.163866e-02,1.358043e-01,2.197650e-02,3.235945e-03,2.000325e-02,1.087726e-01,1.526002e-02,6.183305e-02,4.760631e-02,1.136873e-02,3.299589e-02,2.140485e-02
