1.000000e+00,0.000000e+00,0.000000e+00,0.000000e+00,0.000000e+00,0.000000e+00,0.000000e+00,0.000000e+00,0.000000e+00,0.000000e+00,0.000000e+00,0.000000e+00,0.000000e+00,0.000000e+00,0.000000e+00
1.000000e+00,0.000000e+00,0.000000e+00,0.000000e+00,0.000000e+00,0.000000e+00,0.000000e+00,0.000000e+00,0.000000e+00,0.000000e+00,0.000000e+00,0.000000e+00,0.000000e+00,0.000000e+00,0.000000e+00
1.000000e+00,0.000000e+00,0.000000e+00,0.000000e+00,0.000000e+00,0.000000e+00,0.000000e+00,0.000000e+00,0.000000e+00,0.000000e+00,0.000000e+00,0.000000e+00,0.000000e+00,0.000000e+00,0.000000e+00
1.000000e+00,0.000000e+00,0.000000e+00,0.000000e+00,0.000000e+00,0.000000e+00,0.000000e+00,0.000000e+00,0.000000e+00,0.000000e+00,0.000000e+00,0.000000e+00,0.000000e+00,0.000000e+00,0.000000e+00
1.000000e+00,0.000000e+00,0.000000e+00,0.000000e+00,0.000000e+00,0.000000e+00,0.000000e+00,0.000000e+00,0.000000e+00,0.000000e+00,0.000000e+00,0.000000e+00,0.000000e+00,0.000000e+00,0.000000e+00
1.000000e+00,0.000000e+00,0.000000e+00,0.000000e+00,0.000000e+00,0.000000e+00,0.000000e+00,0.000000e+00,0.000000e+00,0.000000e+00,0.000000e+00,0.000000e+00,0.000000e+00,0.000000e+00,0.000000e+00
1.000000e+00,0.000000e+00,0.000000e+00,0.000000e+00,0.000000e+00,0.000000e+00,0.000000e+00,0.000000e+00,0.000000e+00,0.000000e+00,0.000000e+00,0.000000e+00,0.000000e+00,0.000000e+00,0.000000e+00
1.000000e+00,0.000000e+00,0.000000e+00,0.000000e+00,0.000000e+00,0.000000e+00,0.000000e+00,0.000000e+00,0.000000e+00,0.000000e+00,0.000000e+00,0.000000e+00,0.000000e+00,0.000000e+00,0.000000e+00
1.000000e+00,0.000000e+00,0.000000e+00,0.000000e+00,0.000000e+00,0.000000e+00,0.000000e+00,0.000000e+00,0.000000e+00,0.000000e+00,0.000000e+00,0.000000e+00,0.000000e+00,0.000000e+00,0.000000e+00
1.000000e+00,0.000000e+00,0.000000e+00,0.000000e+00,0.000000e+00,0.000000e+00,0.000000e+00,0.000000e+00,0.000000e+00,0.000000e+00,0.000000e+00,0.000000e+00,0.000000e+00,0.000000e+00,0.000000e+00
1.000000e+00,0.000000e+00,0.000000e+00,0.000000e+00,0.000000e+00,0.000000e+00,0.000000e+00,0.000000e+00,0.000000e+00,0.000000e+00,0.000000e+00,0.000000e+00,0.000000e+00,0.000000e+00,0.000000e+00
1.000000e+00,0.000000e+00,0.000000e+00,0.000000e+00,0.000000e+00,0.000000e+00,0.000000e+00,0.000000e+00,0.000000e+00,0.000000e+00,0.000000e+00,0.000000e+00,0.000000e+00,0.000000e+00,0.000000e+00
1.000000e+00,0.000000e+00,0.000000e+00,0.000000e+00,0.000000e+00,0.000000e+00,0.000000e+00,0.000000e+00,0.000000e+00,0.000000e+00,0.000000e+00,0.000000e+00,0.000000e+00,0.000000e+00,0.000000e+00
1.000000e+00,0.000000e+00,0.000000e+00,0.000000e+00,0.000000e+00,0.000000e+00,0.000000e+00,0.000000e+00,0.000000e+00,0.000000e+00,0.000000e+00,0.000000e+00,0.000000e+00,0.000000e+00,0.000000e+00
1.000000e+00,0.000000e+00,0.000000e+00,0.000000e+00,0.000000e+00,0.000000e+00,0.000000e+00,0.000000e+00,0.000000e+00,0.000000e+00,0.000000e+00,0.000000e+00,0.000000e+00,0.000000e+00,0.000000e+00
1.000000e+00,0.000000e+00,0.000000e+00,0.000000e+00,0.000000e+00,0.000000e+00,0.000000e+00,0.000000e+00,0.000000e+00,0.000000e+00,0.000000e+00,0.000000e+00,0.000000e+00,0.000000e+00,0.000000e+00
1.000000e+00,0.000000e+00,0.000000e+00,0.000000e+00,0.000000e+00,0.000000e+00,0.000000e+00,0.000000e+00,0.000000e+00,0.000000e+00,0.000000e+00,0.000000e+00,0.000000e+00,0.000000e+00,0.000000e+00
1.000000e+00,0.000000e+00,0.000000e+00,0.000000e+00,0.000000e+00,0.000000e+00,0.000000e+00,0.000000e+00,0.000000e+00,0.000000e+00,0.000000e+00,0.000000e+00,0.000000e+00,0.000000e+00,0.000000e+00
1.000000e+00,0.000000e+00,0.000000e+00,0.000000e+00,0.000000e+00,0.000000e+00,0.000000e+00,0.000000e+00,0.000000e+00,0.000000e+00,0.000000e+00,0.000000e+00,0.000000e+00,0.000000e+00,0.000000e+00
1.000000e+00,0.000000e+00,0.000000e+00,0.000000e+00,0.000000e+00,0.000000e+00,0.000000e+00,0.000000e+00,0.000000e+00,0.000000e+00,0.000000e+00,0.000000e+00,0.000000e+00,0.000000e+00,0.000000e+00
1.000000e+00,0.000000e+00,0.000000e+00,0.000000e+00,0.000000e+00,0.000000e+00,0.000000e+00,0.000000e+00,0.000000e+00,0.000000e+00,0.000000e+00,0.000000e+00,0.000000e+00,0.000000e+00,0.000000e+00
1.000000e+00,0.000000e+00,0.000000e+00,0.000000e+00,0.000000e+00,0.000000e+00,0.000000e+00,0.000000e+00,0.000000e+00,0.000000e+00,0.000000e+00,0.000000e+00,0.000000e+00,0.000000e+00,0.000000e+00
3.990711e-01,1.734439e-02,2.191474e-02,4.082520e-02,9.256349e-03,1.214753e-01,1.922552e-02,2.164588e-01,6.382484e-03,1.396557e-03,7.448360e-03,4.874007e-02,7.079488e-02,3.007888e-03,1.665835e-02
2.913069e-01,1.246571e-02,2.049432e-02,2.953305e-02,7.087568e-03,9.406193e-02,1.818254e-02,4.153435e-01,4.656566e-03,1.034156e-03,5.471596e-03,3.445079e-02,5.142324e-02,2.190580e-03,1.229753e-02
2.080443e-01,8.821041e-03,1.541859e-02,2.130094e-02,5.107285e-03,6.671642e-02,1.417238e-02,5.816325e-01,3.280508e-03,7.391704e-04,3.906836e-03,2.421897e-02,3.629006e-02,1.616979e-03,8.734053e-03
1.472972e-01,6.239025e-03,1.125008e-02,1.522881e-02,3.664812e-03,4.716804e-02,1.085010e-02,7.028230e-01,2.308018e-03,5.238802e-04,2.767568e-03,1.700156e-02,2.551822e-02,1.203787e-03,6.155893e-03
1.051686e-01,4.428319e-03,8.176953e-03,1.087341e-02,2.639934e-03,3.355826e-02,8.586809e-03,7.872816e-01,1.628500e-03,3.752430e-04,1.972335e-03,1.198519e-02,1.804494e-02,9.309420e-04,4.348994e-03
7.458728e-02,3.142495e-03,5.977717e-03,7.708022e-03,2.008905e-03,2.360129e-02,6.524550e-03,8.487294e-01,1.148729e-03,2.708921e-04,1.400648e-03,8.419966e-03,1.273170e-02,6.859062e-04,3.062495e-03
5.332530e-02,2.231854e-03,4.371697e-03,5.483171e-03,1.566204e-03,1.659964e-02,5.036790e-03,8.917384e-01,8.141143e-04,1.987183e-04,9.997576e-04,5.928830e-03,9.031774e-03,5.064814e-04,2.167258e-03
3.808011e-02,1.594679e-03,3.230449e-03,3.925654e-03,1.390182e-03,1.173802e-02,4.659941e-03,9.212043e-01,5.877108e-04,1.556674e-04,7.214670e-04,4.238530e-03,6.541167e-03,3.721880e-04,1.559885e-03
2.887854e-02,1.156111e-03,2.353978e-03,2.816014e-03,2.071214e-03,8.307536e-03,3.655548e-03,9.405658e-01,4.185486e-04,1.323021e-04,5.221938e-04,3.015625e-03,4.713363e-03,2.684729e-04,1.124758e-03
2.398361e-02,8.552916e-04,1.763391e-03,2.054989e-03,2.709113e-03,5.905147e-03,3.140529e-03,9.520003e-01,3.053797e-04,1.319002e-04,3.921538e-04,2.191627e-03,3.524134e-03,1.980789e-04,8.444304e-04
2.369954e-02,6.482636e-04,1.392817e-03,1.514980e-03,3.870010e-03,4.234862e-03,2.873083e-03,9.558591e-01,2.325533e-04,1.466228e-04,3.079160e-04,1.673370e-03,2.737814e-03,1.513005e-04,6.578382e-04
2.289914e-02,4.898570e-04,1.159058e-03,1.150876e-03,4.031364e-03,3.062777e-03,2.565566e-03,9.600091e-01,1.802790e-04,1.435973e-04,2.464330e-04,1.287626e-03,2.142074e-03,1.174967e-04,5.148278e-04
2.216911e-02,3.816827e-04,9.732620e-04,9.415459e-04,3.683693e-03,2.399108e-03,2.614841e-03,9.627372e-01,1.587420e-04,1.539994e-04,2.371334e-04,1.107096e-03,1.875739e-03,1.011158e-04,4.658004e-04
3.533841e-02,3.699369e-04,8.304690e-04,8.528706e-04,4.112404e-03,1.911825e-03,2.097087e-03,9.499526e-01,1.843346e-04,2.502674e-04,3.105165e-04,1.111822e-03,2.004905e-03,1.359012e-04,5.367141e-04
5.921399e-02,4.476309e-04,8.028809e-04,8.125348e-04,4.893150e-03,3.859216e-03,2.510070e-03,9.072458e-01,4.094783e-04,3.492486e-04,7.131416e-04,3.368704e-03,1.439120e-02,2.640816e-04,7.190440e-04
6.530771e-02,1.165376e-03,9.014399e-04,1.204532e-03,6.125515e-03,2.397323e-02,3.462791e-03,8.322747e-01,2.243915e-03,5.111807e-04,2.206403e-03,5.193511e-03,5.261209e-02,4.455842e-04,2.372124e-03
6.772950e-02,1.628328e-03,9.613861e-04,1.314730e-03,6.883228e-03,3.771972e-02,6.603927e-03,7.205663e-01,3.442047e-03,1.015426e-03,4.402633e-03,1.238231e-02,1.311658e-01,7.613592e-04,3.423299e-03
1.012795e-01,2.964789e-03,1.395147e-03,1.651932e-03,8.000811e-03,3.087297e-02,7.558392e-03,6.437164e-01,6.177247e-03,1.148563e-03,6.966112e-03,1.301498e-02,1.702758e-01,1.011569e-03,3.965827e-03
1.920496e-01,5.545287e-03,1.205357e-03,3.251755e-03,7.372567e-03,2.479592e-02,6.158777e-03,4.680386e-01,8.209087e-03,1.007642e-03,8.978952e-03,1.411987e-02,2.523127e-01,1.935821e-03,5.017948e-03
2.239628e-01,2.325730e-02,2.198410e-03,4.110837e-02,1.432352e-02,2.110883e-02,5.334047e-03,3.328758e-01,4.226529e-02,1.349484e-02,1.188207e-02,1.916332e-02,2.287941e-01,3.767164e-03,1.646415e-02
1.974046e-01,2.574051e-02,3.367632e-03,5.803553e-02,1.255557e-02,1.959721e-02,5.670172e-03,2.359250e-01,7.979938e-02,3.039252e-02,2.703415e-02,2.630223e-02,2.157438e-01,9.422863e-03,5.300895e-02
2.065034e-01,3.377176e-02,3.635725e-03,5.506307e-02,1.186433e-02,1.693505e-02,4.588290e-03,1.677637e-01,8.727510e-02,2.350926e-02,3.663920e-02,2.592173e-02,2.498219e-01,1.259934e-02,6.410805e-02
2.090352e-01,3.412738e-02,2.918803e-03,4.465004e-02,9.759417e-03,1.375346e-02,3.500141e-03,1.186421e-01,1.189527e-01,1.836197e-02,3.037405e-02,2.947102e-02,2.996841e-01,1.163338e-02,5.513636e-02
1.792035e-01,3.042207e-02,2.474431e-03,3.983703e-02,7.726860e-03,1.274435e-02,2.851951e-03,8.352324e-02,1.213775e-01,1.344167e-02,2.270864e-02,2.684895e-02,4.049981e-01,8.665599e-03,4.317608e-02
1.653705e-01,3.232270e-02,2.575821e-03,3.765702e-02,6.126977e-03,1.243399e-02,2.111096e-03,5.874705e-02,1.904727e-01,1.079076e-02,1.964617e-02,2.313743e-02,3.903875e-01,8.379127e-03,3.984118e-02
1.469847e-01,3.301476e-02,3.957083e-03,3.107706e-02,7.591037e-03,1.020132e-02,2.138179e-03,4.421043e-02,1.939938e-01,1.058941e-02,1.984117e-02,2.088263e-02,4.100503e-01,1.731561e-02,4.815241e-02
1.186883e-01,2.797970e-02,5.012770e-03,2.453112e-02,9.377731e-03,8.020754e-03,1.932851e-03,3.518282e-02,2.183589e-01,1.073404e-02,2.045087e-02,1.661524e-02,3.724330e-01,4.376507e-02,8.691682e-02
1.048253e-01,2.507297e-02,6.483462e-03,1.829388e-02,1.619536e-02,1.332178e-02,3.153416e-03,3.153134e-02,1.758297e-01,1.033748e-02,2.014615e-02,1.865763e-02,4.274938e-01,4.371072e-02,8.494700e-02
1.164417e-01,3.105684e-02,8.337097e-03,1.401641e-02,2.274877e-02,1.578780e-02,3.021133e-03,2.412660e-02,1.481712e-01,1.467303e-02,1.999383e-02,1.747897e-02,4.200934e-01,6.217263e-02,8.188058e-02
1.044111e-01,3.312691e-02,8.946969e-03,1.164535e-02,2.176248e-02,1.411281e-02,2.555768e-03,1.824507e-02,1.420047e-01,1.954320e-02,1.940471e-02,1.441275e-02,3.922412e-01,7.293142e-02,1.246556e-01
8.851191e-02,3.824162e-02,1.307472e-02,1.374425e-02,1.815044e-02,1.180351e-02,2.211800e-03,1.442540e-02,1.898304e-01,2.171619e-02,1.680892e-02,1.198512e-02,3.214077e-01,5.966973e-02,1.784184e-01
9.018551e-02,4.603231e-02,1.621068e-02,1.195748e-02,2.150816e-02,1.005540e-02,2.125668e-03,1.484694e-02,1.749239e-01,1.928616e-02,1.960132e-02,1.031942e-02,3.137693e-01,6.491212e-02,1.842657e-01
1.226544e-01,5.025221e-02,2.239594e-02,1.318718e-02,2.705885e-02,1.028415e-02,2.069067e-03,1.782296e-02,1.423697e-01,1.546268e-02,1.926878e-02,1.017247e-02,3.266905e-01,5.380958e-02,1.665016e-01
1.640354e-01,4.433861e-02,2.717837e-02,1.538018e-02,2.761548e-02,1.156028e-02,1.863602e-03,1.722092e-02,1.154157e-01,1.265153e-02,1.724149e-02,9.103621e-03,3.523978e-01,4.258803e-02,1.414090e-01
1.932777e-01,4.350568e-02,3.192886e-02,1.806153e-02,2.955790e-02,1.516559e-02,1.798049e-03,1.740910e-02,9.536801e-02,1.208756e-02,1.472870e-02,8.328703e-03,3.338367e-01,3.353383e-02,1.514122e-01
1.812232e-01,3.667797e-02,4.422459e-02,9.686916e-02,2.530812e-02,1.371921e-02,1.756248e-03,4.285004e-02,8.557047e-02,1.154896e-02,1.657121e-02,1.316780e-02,2.580013e-01,2.700363e-02,1.455083e-01
1.946892e-01,3.489538e-02,4.981811e-02,8.176439e-02,2.252697e-02,1.284901e-02,1.762673e-03,5.397060e-02,8.252609e-02,9.176525e-03,1.401336e-02,1.215083e-02,2.337306e-01,2.512071e-02,1.710056e-01
2.325344e-01,3.297098e-02,4.926186e-02,6.553941e-02,1.936306e-02,1.132365e-02,2.149115e-03,6.651933e-02,6.592990e-02,7.697155e-03,1.158030e-02,1.074283e-02,2.240608e-01,2.116235e-02,1.791649e-01
3.108827e-01,3.015735e-02,4.501703e-02,5.336509e-02,2.029347e-02,1.145324e-02,2.287098e-03,9.010302e-02,6.333089e-02,6.390156e-03,1.072992e-02,1.160200e-02,1.844257e-01,1.750202e-02,1.424603e-01
4.227279e-01,2.619617e-02,3.590821e-02,4.317752e-02,1.956508e-02,1.036984e-02,2.019420e-03,8.328278e-02,5.657545e-02,5.254684e-03,9.781525e-03,1.252539e-02,1.439415e-01,1.427431e-02,1.144002e-01
1.000000e+00,0.000000e+00,0.000000e+00,0.000000e+00,0.000000e+00,0.000000e+00,0.000000e+00,0.000000e+00,0.000000e+00,0.000000e+00,0.000000e+00,0.000000e+00,0.000000e+00,0.000000e+00,0.000000e+00
1.000000e+00,0.000000e+00,0.000000e+00,0.000000e+00,0.000000e+00,0.000000e+00,0.000000e+00,0.000000e+00,0.000000e+00,0.000000e+00,0.000000e+00,0.000000e+00,0.000000e+00,0.000000e+00,0.000000e+00
1.000000e+00,0.000000e+00,0.000000e+00,0.000000e+00,0.000000e+00,0.000000e+00,0.000000e+00,0.000000e+00,0.000000e+00,0.000000e+00,0.000000e+00,0.000000e+00,0.000000e+00,0.000000e+00,0.000000e+00
4.546853e-01,1.196013e-02,2.257224e-02,2.200662e-02,9.199201e-03,1.098215e-02,1.183983e-03,4.069708e-02,2.430107e-02,3.584967e-03,2.634906e-01,1.493224e-02,5.131759e-02,3.402711e-02,3.505975e-02
3.285421e-01,1.011830e-02,1.661795e-02,2.110324e-02,7.048257e-03,8.702761e-03,9.322382e-04,2.960750e-02,3.443627e-02,3.428523e-03,4.136533e-01,1.364227e-02,3.960918e-02,4.666710e-02,2.589111e-02
2.438451e-01,9.618864e-03,1.271636e-02,2.147533e-02,5.243636e-03,7.094759e-03,8.821808e-04,2.303209e-02,3.062241e-02,4.190065e-03,5.085404e-01,3.332606e-02,3.422246e-02,4.649130e-02,1.869895e-02
1.765853e-01,7.451523e-03,9.061779e-03,1.947239e-02,4.010458e-03,5.377768e-03,6.760596e-04,1.650451e-02,2.428510e-02,3.678130e-03,6.115295e-01,3.034172e-02,2.557902e-02,5.193001e-02,1.351674e-02
1.274074e-01,6.978603e-03,6.905408e-03,1.683506e-02,3.366058e-03,4.409535e-03,5.345322e-04,1.178217e-02,1.867619e-02,3.202808e-03,6.725498e-01,2.636885e-02,1.915597e-02,7.189898e-02,9.928605e-03
9.357619e-02,5.421966e-03,5.295041e-03,1.536544e-02,3.634075e-03,5.120212e-03,5.224111e-04,8.573224e-03,1.498186e-02,3.839103e-03,7.061549e-01,2.338793e-02,1.449432e-02,9.237044e-02,7.262858e-03
6.836773e-02,4.132138e-03,3.946379e-03,1.215247e-02,3.821408e-03,4.505960e-03,4.453698e-04,6.143463e-03,1.155121e-02,4.140856e-03,7.355195e-01,2.155454e-02,1.072846e-02,1.076576e-01,5.332872e-03
4.831132e-02,3.869885e-03,4.293640e-03,8.884538e-03,9.982998e-03,3.794992e-03,1.041618e-03,4.704195e-03,9.090637e-03,5.143897e-03,7.172448e-01,2.163215e-02,8.153954e-03,1.494154e-01,4.436042e-03
3.440491e-02,4.442561e-03,5.696559e-03,6.861970e-03,1.963219e-02,3.211899e-03,1.119909e-03,3.526670e-03,1.513283e-02,9.588397e-03,6.402582e-01,3.174127e-02,6.357408e-03,2.120120e-01,6.013242e-03
2.630059e-02,3.306669e-02,4.807570e-02,6.337692e-03,4.402761e-02,5.767570e-03,1.197384e-03,3.285966e-03,6.489214e-02,1.078235e-02,4.872040e-01,2.897194e-02,5.287829e-03,2.246663e-01,1.013632e-02
1.922434e-02,2.810473e-02,3.810816e-02,5.215333e-03,3.527151e-02,2.272404e-02,1.061570e-03,2.981877e-03,1.477356e-01,9.161748e-03,4.046774e-01,2.315789e-02,4.366245e-03,2.499756e-01,8.234001e-03
1.411609e-02,2.774231e-02,2.721090e-02,4.055701e-03,2.581057e-02,2.525196e-02,7.977503e-04,2.192693e-03,1.728195e-01,8.271920e-03,3.859352e-01,2.474554e-02,5.382234e-03,2.688974e-01,6.770229e-03
1.072667e-02,3.843735e-02,1.931483e-02,3.254395e-03,1.854470e-02,2.893864e-02,5.954467e-04,1.658448e-03,2.089707e-01,8.844401e-03,3.545335e-01,3.628192e-02,7.472416e-03,2.547156e-01,7.711073e-03
8.747615e-03,4.557346e-02,1.447710e-02,2.719937e-03,1.362782e-02,3.054127e-02,4.921662e-04,1.566712e-03,2.287100e-01,8.935615e-03,3.405057e-01,3.505605e-02,7.175189e-03,2.543904e-01,7.480975e-03
1.229314e-02,6.964426e-02,1.154548e-02,3.246609e-03,1.150488e-02,2.978806e-02,7.572270e-04,2.186726e-03,2.487137e-01,1.225452e-02,3.162926e-01,3.200598e-02,6.653246e-03,2.315915e-01,1.152209e-02
1.255142e-02,6.319316e-02,1.380703e-02,7.817765e-03,1.111874e-02,3.097645e-02,1.377806e-03,1.805711e-02,2.853843e-01,1.492977e-02,2.785071e-01,2.770109e-02,8.134358e-03,2.163452e-01,1.009864e-02
1.387186e-02,8.759451e-02,1.354384e-02,8.057915e-03,1.147436e-02,3.034722e-02,1.165460e-03,1.687878e-02,2.754443e-01,1.804935e-02,2.305499e-01,2.809922e-02,7.101530e-03,2.319649e-01,2.585698e-02
2.625171e-02,7.213734e-02,1.784719e-02,7.735651e-03,1.191551e-02,4.135347e-02,1.069001e-03,1.322454e-02,2.500348e-01,1.637345e-02,2.418234e-01,2.660154e-02,5.394557e-03,2.258615e-01,4.237637e-02
3.017305e-02,6.497730e-02,2.215561e-02,6.494459e-03,1.598589e-02,3.235376e-02,1.214508e-03,1.216269e-02,2.587893e-01,1.395364e-02,2.634093e-01,2.159227e-02,4.512192e-03,2.108344e-01,4.139171e-02
6.131875e-02,5.477595e-02,2.884657e-02,7.604494e-03,2.006858e-02,3.854125e-02,2.092079e-03,2.166909e-02,2.113197e-01,1.106613e-02,3.003735e-01,1.925430e-02,6.759817e-03,1.825739e-01,3.373592e-02
8.025879e-02,4.668763e-02,4.485057e-02,1.843186e-02,2.030314e-02,3.263573e-02,1.885184e-03,2.952057e-02,2.433224e-01,2.444200e-02,2.394124e-01,2.982991e-02,1.067923e-02,1.381214e-01,3.961906e-02
7.483368e-02,4.163417e-02,5.725854e-02,3.420873e-02,2.101594e-02,3.026475e-02,1.609592e-03,2.545979e-02,2.346768e-01,5.241404e-02,1.949473e-01,5.024777e-02,2.580955e-02,1.057789e-01,4.984041e-02
6.241113e-02,4.270863e-02,4.479351e-02,2.583312e-02,1.797023e-02,3.292391e-02,1.422721e-03,2.028745e-02,1.812851e-01,4.652628e-02,2.286425e-01,9.132549e-02,7.904558e-02,8.430886e-02,4.051539e-02
4.935604e-02,3.861109e-02,6.087206e-02,2.487403e-02,2.192818e-02,3.932496e-02,2.056281e-03,3.202708e-02,1.360481e-01,4.183456e-02,2.305359e-01,1.067675e-01,1.211369e-01,6.399462e-02,3.063276e-02
4.083213e-02,3.056818e-02,6.181422e-02,2.788347e-02,2.867009e-02,5.529613e-02,2.848515e-03,2.535494e-02,1.384754e-01,3.764602e-02,2.115416e-01,1.478043e-01,1.159246e-01,4.689334e-02,2.844711e-02
4.457788e-02,2.643852e-02,7.991129e-02,2.795750e-02,3.509687e-02,4.555541e-02,6.501962e-03,7.136093e-02,1.200145e-01,3.486476e-02,1.889382e-01,1.408273e-01,1.144186e-01,3.915169e-02,2.438468e-02
4.285134e-02,2.455024e-02,6.962538e-02,2.320609e-02,3.840514e-02,3.452990e-02,6.231648e-03,5.519053e-02,1.096362e-01,3.284328e-02,2.856849e-01,1.237038e-01,9.594789e-02,3.813527e-02,1.945839e-02
4.403385e-02,5.276784e-02,7.598431e-02,1.984378e-02,5.125531e-02,3.555372e-02,5.449484e-03,4.604641e-02,1.310450e-01,2.843659e-02,2.653483e-01,9.994795e-02,7.449757e-02,3.700082e-02,3.278907e-02
3.970887e-02,5.330469e-02,6.687766e-02,1.623112e-02,6.094881e-02,3.093704e-02,5.441850e-03,5.661519e-02,1.162570e-01,2.271715e-02,3.358290e-01,7.968593e-02,6.130979e-02,2.954839e-02,2.458748e-02
3.974178e-02,5.084258e-02,5.338497e-02,1.324036e-02,6.564004e-02,2.914501e-02,4.552766e-03,5.975490e-02,1.117892e-01,1.831174e-02,3.845542e-01,7.107367e-02,5.160921e-02,2.753977e-02,1.881981e-02
3.751163e-02,4.437666e-02,4.992495e-02,1.088594e-02,5.787235e-02,2.503211e-02,4.065962e-03,1.023399e-01,9.337091e-02,1.447451e-02,4.196365e-01,6.162414e-02,3.970612e-02,2.523496e-02,1.394322e-02
3.542480e-02,3.716329e-02,5.301589e-02,9.341016e-03,5.389184e-02,2.415968e-02,3.974524e-03,1.299819e-01,7.188968e-02,1.195540e-02,4.471438e-01,5.427846e-02,2.932654e-02,2.839218e-02,1.006104e-02
1.307817e-01,4.774116e-02,5.163312e-02,8.731276e-03,4.801019e-02,2.687540e-02,4.467613e-03,1.144216e-01,6.629150e-02,8.911714e-03,3.907491e-01,4.439926e-02,2.316911e-02,2.501524e-02,8.801979e-03
1.855645e-01,5.282844e-02,4.342586e-02,7.322549e-03,4.554378e-02,2.468370e-02,3.649157e-03,1.060396e-01,6.025188e-02,6.479790e-03,3.763750e-01,4.010767e-02,1.846683e-02,2.203449e-02,7.226704e-03
1.843644e-01,3.953642e-02,5.309341e-02,6.438780e-03,4.373470e-02,2.258077e-02,5.368147e-03,2.010647e-01,5.088013e-02,5.474826e-03,2.868053e-01,5.884447e-02,1.646248e-02,1.970370e-02,5.647813e-03
2.939236e-01,3.137941e-02,4.191282e-02,6.962751e-03,4.529633e-02,2.320464e-02,4.945290e-03,1.677602e-01,4.187302e-02,4.154461e-03,2.236700e-01,7.630357e-02,1.715690e-02,1.652994e-02,4.927097e-03
3.492573e-01,2.563330e-02,3.744645e-02,7.156618e-03,6.168382e-02,2.077645e-02,5.140360e-03,1.397830e-01,3.651451e-02,3.489293e-03,2.014201e-01,7.224028e-02,1.605542e-02,1.872515e-02,4.677829e-03
3.364201e-01,2.003651e-02,3.827551e-02,1.306649e-02,6.763248e-02,3.162565e-02,6.414582e-03,1.865000e-01,2.831760e-02,3.530898e-03,1.503703e-01,7.200731e-02,2.503171e-02,1.605560e-02,4.715197e-03
3.115149e-01,1.528608e-02,2.866247e-02,2.491366e-02,1.301354e-01,5.046990e-02,8.174815e-03,1.423548e-01,2.465646e-02,2.828701e-03,1.149969e-01,7.053983e-02,5.888576e-02,1.187874e-02,4.701514e-03
2.219157e-01,1.075518e-02,2.016727e-02,1.822840e-02,9.507641e-02,4.989742e-02,5.892957e-03,1.007841e-01,1.969136e-02,2.042487e-03,8.577058e-02,6.692418e-02,2.909242e-01,8.352138e-03,3.577512e-03
1.609786e-01,7.698327e-03,1.734965e-02,1.422668e-02,7.218641e-02,3.754776e-02,4.881533e-03,1.077994e-01,1.614466e-02,2.246615e-03,7.209371e-02,6.192240e-02,4.104981e-01,6.076363e-03,8.349739e-03
1.172984e-01,5.812913e-03,2.005074e-02,3.972007e-02,5.558752e-02,2.757171e-02,3.756284e-03,9.574494e-02,1.865862e-02,2.740855e-03,5.858751e-02,6.161291e-02,4.801909e-01,4.644687e-03,8.021909e-03
8.694220e-02,8.844923e-03,2.544823e-02,1.825458e-01,6.118207e-02,2.077084e-02,3.510422e-03,6.909645e-02,5.764667e-02,2.927115e-03,5.606110e-02,5.758874e-02,3.547717e-01,3.816626e-03,8.847114e-03
6.320799e-02,6.747980e-03,1.985607e-02,1.476312e-01,4.995723e-02,1.608043e-02,2.660028e-03,5.850103e-02,6.043731e-02,3.413674e-03,1.201426e-01,7.945387e-02,3.597731e-01,4.083443e-03,8.054035e-03
4.998718e-02,4.979262e-03,1.425584e-02,1.203493e-01,4.223241e-02,1.221603e-02,1.966552e-03,4.216844e-02,4.843936e-02,7.334296e-03,1.379570e-01,6.462461e-02,4.256861e-01,1.797432e-02,9.829329e-03
4.115569e-02,4.217826e-03,1.029687e-02,9.682675e-02,6.326386e-02,9.098122e-03,1.704310e-03,3.068500e-02,4.345233e-02,8.105579e-03,1.540679e-01,7.014775e-02,4.288636e-01,2.916347e-02,8.950936e-03
3.172900e-02,3.653622e-03,7.553966e-03,7.723227e-02,7.073007e-02,7.351257e-03,1.362937e-03,2.247921e-02,3.597976e-02,7.438637e-03,1.880689e-01,1.201576e-01,3.664601e-01,5.194927e-02,7.853299e-03
2.297269e-02,2.933379e-03,5.466747e-03,5.481915e-02,5.188477e-02,5.495042e-03,1.019362e-03,1.657331e-02,3.089029e-02,5.830740e-03,2.830942e-01,1.765647e-01,2.800557e-01,5.653545e-02,5.864505e-03
1.646547e-02,2.132668e-03,4.156273e-03,3.870947e-02,3.708800e-02,4.839895e-03,7.550874e-04,1.204651e-02,2.400573e-02,5.594063e-03,4.418307e-01,1.507068e-01,2.048605e-01,5.215988e-02,4.648963e-03
1.166659e-02,1.555377e-03,3.056946e-03,2.759970e-02,2.623641e-02,3.703240e-03,5.531406e-04,8.621285e-03,1.804147e-02,6.415939e-03,5.832335e-01,1.195280e-01,1.455407e-01,3.915888e-02,5.088828e-03
1.099402e-02,1.282315e-03,2.362957e-03,2.178865e-02,1.906586e-02,4.157506e-03,5.404613e-04,6.935629e-03,1.400788e-02,2.034678e-02,6.133534e-01,1.366137e-01,1.100448e-01,3.346352e-02,5.042611e-03
9.075773e-03,1.567307e-03,2.087521e-03,1.596050e-02,1.417528e-02,3.344256e-03,4.182035e-04,5.167692e-03,1.095310e-02,2.029981e-02,6.417899e-01,1.606270e-01,8.228117e-02,2.736070e-02,4.891763e-03
2.970099e-02,4.436182e-03,2.744590e-02,2.274977e-02,1.252942e-02,8.835919e-03,1.068995e-03,2.004332e-02,1.112831e-02,3.526086e-02,5.893744e-01,1.494844e-01,6.019839e-02,2.346833e-02,4.274854e-03
4.764171e-02,9.772355e-03,3.991660e-02,1.799149e-02,1.000752e-02,2.998033e-02,1.082802e-03,2.131836e-02,1.018045e-02,3.443784e-02,5.610704e-01,1.490795e-01,4.309924e-02,2.119443e-02,3.226987e-03
1.327277e-01,1.019731e-02,3.414102e-02,1.548191e-02,9.653026e-03,4.103004e-02,1.180277e-03,1.915479e-02,8.897156e-03,2.732162e-02,4.407723e-01,2.037424e-01,3.098260e-02,2.224803e-02,2.469878e-03
2.500115e-01,1.178632e-02,3.949116e-02,1.382165e-02,1.008240e-02,6.160567e-02,1.064811e-03,1.568267e-02,8.225445e-03,2.400495e-02,3.526734e-01,1.673423e-01,2.204907e-02,1.996406e-02,2.194538e-03
2.746755e-01,2.196855e-02,3.836895e-02,1.163617e-02,1.096193e-02,5.332626e-02,8.339244e-04,1.166455e-02,8.268476e-03,3.083351e-02,3.538565e-01,1.396513e-01,1.589595e-02,2.582864e-02,2.229850e-03
2.945747e-01,2.963886e-02,3.694788e-02,1.331371e-02,2.016415e-02,6.523945e-02,6.858359e-04,8.587403e-03,8.844489e-03,2.757391e-02,3.026029e-01,1.205489e-01,1.196002e-02,5.555867e-02,3.759060e-03
2.452739e-01,2.509092e-02,2.831221e-02,1.075676e-02,1.736161e-02,6.325547e-02,5.676086e-04,6.149651e-03,7.918442e-03,2.024470e-02,3.897488e-01,1.057213e-01,8.854499e-03,6.683688e-02,3.907251e-03
2.028332e-01,3.335793e-02,2.788438e-02,1.406574e-02,2.920279e-02,6.888962e-02,7.127901e-04,4.966435e-03,7.257324e-03,1.647089e-02,4.377839e-01,8.515833e-02,7.424841e-03,5.875191e-02,5.239980e-03
1.581378e-01,2.951825e-02,2.657315e-02,1.218434e-02,2.590806e-02,6.935880e-02,9.002106e-04,4.301126e-03,7.015420e-03,1.446862e-02,5.155362e-01,7.154255e-02,6.300242e-03,5.319973e-02,5.055483e-03
1.495524e-01,2.486576e-02,2.484405e-02,1.083747e-02,2.109084e-02,6.603442e-02,1.002874e-03,3.821306e-03,7.453265e-03,1.204119e-02,5.577237e-01,6.000832e-02,5.477439e-03,5.007290e-02,5.174129e-03
1.977438e-01,2.577980e-02,3.111833e-02,1.668895e-02,1.848182e-02,5.601634e-02,1.298307e-03,5.431660e-03,1.110122e-02,1.209206e-02,4.942653e-01,6.557542e-02,4.959131e-03,5.219468e-02,7.253249e-03
1.655480e-01,2.202082e-02,2.830274e-02,1.501760e-02,1.497466e-02,4.449151e-02,1.132548e-03,4.541409e-03,9.183026e-03,1.031917e-02,5.556957e-01,7.054894e-02,4.178320e-03,4.699086e-02,7.054799e-03
1.783091e-01,4.366507e-02,3.225734e-02,3.646221e-02,2.471893e-02,4.798835e-02,2.262946e-03,7.132597e-03,8.571437e-03,8.839448e-03,4.645493e-01,9.047429e-02,4.172353e-03,3.781869e-02,1.277791e-02
2.097322e-01,3.710483e-02,3.154304e-02,3.237975e-02,3.229063e-02,3.908310e-02,2.702057e-03,8.148777e-03,1.126352e-02,8.740693e-03,4.082981e-01,1.281595e-01,4.038568e-03,3.428755e-02,1.222769e-02
2.517488e-01,3.236852e-02,2.695421e-02,2.735733e-02,3.038194e-02,3.195936e-02,2.836834e-03,8.166698e-03,1.143600e-02,8.807397e-03,3.604382e-01,1.607904e-01,3.791336e-03,3.171861e-02,1.124433e-02
2.945305e-01,2.970422e-02,2.783888e-02,2.552547e-02,2.854021e-02,2.853834e-02,3.666971e-03,1.243888e-02,9.838585e-03,7.732943e-03,3.147299e-01,1.750679e-01,3.271339e-03,2.658649e-02,1.198935e-02
2.771333e-01,3.234635e-02,2.366984e-02,2.387818e-02,3.197080e-02,2.472267e-02,5.218429e-03,1.524555e-02,1.024714e-02,7.805030e-03,3.293797e-01,1.728702e-01,3.538085e-03,2.662709e-02,1.534758e-02
3.121237e-01,3.726082e-02,1.882300e-02,2.406935e-02,2.790596e-02,2.188127e-02,7.304232e-03,1.957916e-02,1.246434e-02,7.321365e-03,3.156573e-01,1.479897e-01,4.197889e-03,2.531841e-02,1.810358e-02
3.241916e-01,3.642840e-02,1.434590e-02,2.595416e-02,2.666070e-02,2.127558e-02,6.061621e-03,1.814059e-02,1.824299e-02,6.722155e-03,3.104872e-01,1.401992e-01,4.641082e-03,2.544152e-02,2.120731e-02
3.289436e-01,3.616230e-02,1.157703e-02,2.590860e-02,2.390416e-02,1.851903e-02,5.218849e-03,1.875331e-02,3.488660e-02,1.112407e-02,2.798054e-01,1.384655e-01,4.388685e-03,3.375861e-02,2.858419e-02
3.495369e-01,3.306398e-02,1.075242e-02,3.350984e-02,2.521585e-02,1.676959e-02,4.602722e-03,2.625285e-02,7.165296e-02,1.898199e-02,2.292460e-01,1.150834e-01,4.163677e-03,3.288503e-02,2.828271e-02
3.076834e-01,2.894107e-02,8.824236e-03,3.212021e-02,2.932528e-02,1.580976e-02,3.706068e-03,2.025431e-02,9.155050e-02,4.799390e-02,2.431962e-01,1.035247e-01,4.028720e-03,3.759829e-02,2.544333e-02
3.376700e-01,2.889967e-02,7.655314e-03,4.272563e-02,3.777869e-02,1.493675e-02,3.953494e-03,2.190768e-02,8.870305e-02,4.041106e-02,2.060547e-01,1.011699e-01,5.461205e-03,3.563670e-02,2.703618e-02
4.001743e-01,2.250548e-02,6.791609e-03,3.866660e-02,3.487999e-02,1.742914e-02,3.426472e-03,1.983848e-02,8.590730e-02,3.797590e-02,1.786747e-01,8.585354e-02,6.474617e-03,3.395204e-02,2.744997e-02
3.582967e-01,2.180108e-02,8.258373e-03,3.737821e-02,4.257758e-02,2.403847e-02,3.896092e-03,3.625386e-02,1.122514e-01,4.461552e-02,1.626535e-01,8.010553e-02,8.042833e-03,3.221221e-02,2.761871e-02
3.538859e-01,1.768537e-02,2.369243e-02,4.958662e-02,3.983901e-02,3.639901e-02,5.182348e-03,6.313995e-02,1.121117e-01,3.987421e-02,1.317194e-01,6.931943e-02,7.130231e-03,2.865091e-02,2.178356e-02
3.928742e-01,2.154485e-02,3.243622e-02,4.482327e-02,3.800119e-02,3.853009e-02,5.025663e-03,5.363014e-02,1.137290e-01,3.313798e-02,1.085238e-01,5.576205e-02,7.215991e-03,3.472545e-02,2.004020e-02
3.703372e-01,2.233857e-02,5.512231e-02,4.541071e-02,3.388963e-02,3.840393e-02,5.373358e-03,5.902015e-02,1.439649e-01,2.828109e-02,8.944849e-02,4.265261e-02,6.775375e-03,4.196234e-02,1.701946e-02
2.950090e-01,1.711687e-02,9.109122e-02,7.341757e-02,3.482680e-02,3.023624e-02,6.361220e-03,1.595131e-01,1.217251e-01,2.192510e-02,6.632765e-02,3.178686e-02,5.420922e-03,3.275311e-02,1.248930e-02
2.305271e-01,1.386289e-02,1.126912e-01,7.449387e-02,3.367300e-02,2.317563e-02,6.152762e-03,2.672282e-01,1.015998e-01,1.925426e-02,5.015204e-02,2.338205e-02,4.377017e-03,2.994464e-02,9.485488e-03
1.758108e-01,1.217456e-02,1.146873e-01,8.156607e-02,3.163235e-02,1.699090e-02,5.046707e-03,3.771804e-01,7.526159e-02,1.781602e-02,3.903077e-02,1.726845e-02,3.583767e-03,2.488667e-02,7.063692e-03
1.326916e-01,1.053760e-02,1.310654e-01,8.212374e-02,2.644191e-02,1.254198e-02,4.200181e-03,4.557827e-01,5.924240e-02,1.681906e-02,2.844055e-02,1.234148e-02,2.734801e-03,1.983438e-02,5.202104e-03
1.128232e-01,1.008086e-02,1.370968e-01,8.631022e-02,2.093894e-02,1.023933e-02,3.586018e-03,4.938851e-01,4.544649e-02,2.484253e-02,2.138978e-02,9.846755e-03,2.517452e-03,1.574185e-02,5.254693e-03
1.503394e-01,1.047002e-02,1.497896e-01,6.259967e-02,1.621586e-02,9.364250e-03,2.827814e-03,3.839073e-01,3.887436e-02,1.060172e-01,2.472577e-02,1.141986e-02,4.397838e-03,1.836317e-02,1.068784e-02
1.537663e-01,8.430347e-03,1.190763e-01,4.455950e-02,1.160347e-02,9.273080e-03,2.068901e-03,2.726816e-01,3.028985e-02,2.797424e-01,2.204594e-02,1.012468e-02,5.216516e-03,1.594336e-02,1.517795e-02
1.280445e-01,7.117382e-03,8.861956e-02,3.319368e-02,8.360694e-03,7.178299e-03,1.510519e-03,1.914231e-01,4.156489e-02,3.902533e-01,3.042804e-02,8.709706e-03,8.657532e-03,3.593975e-02,1.899903e-02
1.026088e-01,6.828631e-03,6.604129e-02,2.514905e-02,7.729343e-03,5.817974e-03,1.129201e-03,1.345572e-01,7.211736e-02,3.988818e-01,4.625238e-02,7.073156e-03,1.231296e-02,8.165792e-02,3.184297e-02
7.307136e-02,5.972389e-03,4.787813e-02,1.833690e-02,6.084733e-03,4.524918e-03,8.123381e-04,9.428256e-02,7.666288e-02,3.300840e-01,6.771488e-02,5.626259e-03,1.241210e-02,2.036155e-01,5.292103e-02
5.194302e-02,7.036541e-03,4.135170e-02,1.374151e-02,5.971954e-03,4.577070e-03,6.413735e-04,6.653642e-02,7.877377e-02,2.661495e-01,1.178452e-01,4.377082e-03,1.370999e-02,1.700147e-01,1.573302e-01
3.785662e-02,8.053716e-03,4.101334e-02,1.074477e-02,7.092165e-03,4.250393e-03,5.423603e-04,4.686517e-02,1.009644e-01,2.030571e-01,1.116807e-01,3.254891e-03,1.047465e-02,1.880855e-01,2.260642e-01
2.982338e-02,1.621163e-02,3.834892e-02,1.001747e-02,6.153618e-03,4.237983e-03,4.976885e-04,3.304072e-02,1.178256e-01,1.517839e-01,9.240776e-02,2.614099e-03,8.273898e-03,2.358477e-01,2.529156e-01
2.684047e-02,1.429600e-02,3.070884e-02,7.438879e-03,5.031438e-03,3.649039e-03,4.240249e-04,2.321432e-02,1.337210e-01,1.094467e-01,9.217184e-02,2.050163e-03,6.672035e-03,2.590172e-01,2.853180e-01
3.359058e-02,1.957493e-02,3.478628e-02,7.953789e-03,4.581398e-03,1.091711e-02,5.550256e-04,1.678480e-02,1.774285e-01,7.882578e-02,7.572155e-02,1.764555e-03,5.588252e-03,2.122758e-01,3.196517e-01
2.779146e-02,1.460408e-02,2.501381e-02,5.658897e-03,3.448132e-03,1.040758e-02,4.294428e-04,1.180227e-02,2.092237e-01,5.753985e-02,5.683267e-02,1.385224e-03,4.309434e-03,2.251734e-01,3.463801e-01
2.342923e-02,1.216424e-02,1.833588e-02,4.091489e-03,2.656906e-03,8.616660e-03,3.209702e-04,8.335510e-03,2.663206e-01,4.376077e-02,4.589820e-02,1.099878e-03,3.317475e-03,2.475332e-01,3.141190e-01
2.336144e-02,3.471922e-02,3.801868e-02,3.132127e-02,1.268415e-02,6.996274e-03,2.946115e-04,6.459001e-03,3.171785e-01,3.551514e-02,3.475581e-02,1.255808e-03,3.044343e-03,1.990528e-01,2.553428e-01
2.871925e-02,6.346765e-02,6.013904e-02,2.960634e-02,2.330762e-02,6.318470e-03,3.124358e-04,5.451248e-03,3.285246e-01,2.892646e-02,2.705618e-02,1.140555e-03,2.874607e-03,1.538393e-01,2.403162e-01
3.108035e-02,1.233336e-01,8.776799e-02,2.235915e-02,2.297797e-02,5.544926e-03,2.596945e-04,5.633631e-03,3.046029e-01,3.351644e-02,1.997722e-02,8.920520e-04,2.390933e-03,1.175952e-01,2.220679e-01
3.271493e-02,1.176484e-01,1.641725e-01,2.092349e-02,3.185079e-02,5.165351e-03,2.720977e-04,1.329948e-02,2.680453e-01,4.739118e-02,1.513578e-02,8.152201e-04,2.067643e-03,9.354444e-02,1.869534e-01
4.124858e-02,1.309687e-01,1.555003e-01,2.075420e-02,3.850197e-02,5.210188e-03,3.252723e-04,1.735999e-02,2.570151e-01,6.272879e-02,1.149134e-02,8.398264e-04,2.194449e-03,8.885384e-02,1.670074e-01
3.666391e-02,1.354637e-01,1.417450e-01,2.519033e-02,3.078606e-02,4.257442e-03,2.593598e-04,1.588792e-02,2.346648e-01,1.292509e-01,8.393808e-03,6.657506e-04,1.860002e-03,6.625428e-02,1.686568e-01
3.977828e-02,1.147380e-01,1.398045e-01,2.992347e-02,3.362998e-02,3.614629e-03,2.534990e-04,4.708341e-02,2.290044e-01,1.610103e-01,6.143779e-03,5.264697e-04,1.512822e-03,5.126863e-02,1.417078e-01
6.477772e-02,1.192842e-01,1.210835e-01,2.688511e-02,5.678641e-02,4.449053e-03,4.025533e-04,4.579978e-02,2.275188e-01,1.408631e-01,4.853133e-03,5.202051e-04,1.415395e-03,5.459315e-02,1.307679e-01
1.067573e-01,1.318540e-01,1.099396e-01,3.075310e-02,8.114907e-02,1.102317e-02,7.429600e-04,4.833516e-02,2.319594e-01,1.028584e-01,4.253692e-03,7.252215e-04,1.362859e-03,4.306626e-02,9.521978e-02
1.383803e-01,1.462594e-01,9.274855e-02,3.234395e-02,9.322199e-02,1.613934e-02,9.760485e-04,5.157582e-02,2.383886e-01,7.685027e-02,3.837208e-03,9.633651e-04,1.401145e-03,3.698996e-02,6.992413e-02
1.405885e-01,2.009482e-01,8.745220e-02,3.158252e-02,8.385873e-02,1.726583e-02,1.146692e-03,5.620339e-02,2.264449e-01,5.685173e-02,4.027467e-03,1.494639e-03,1.454099e-03,3.041944e-02,6.026170e-02
1.557834e-01,2.232447e-01,7.197227e-02,4.824502e-02,7.542172e-02,1.564815e-02,1.084017e-03,6.559163e-02,2.144144e-01,4.193784e-02,5.803911e-03,5.712564e-03,2.148200e-03,2.381060e-02,4.918158e-02
2.263553e-01,1.918362e-01,7.806936e-02,6.725414e-02,5.877686e-02,1.404281e-02,1.789161e-03,5.932177e-02,1.684296e-01,3.054336e-02,1.124997e-02,2.571118e-02,3.428795e-03,1.995027e-02,4.324121e-02
3.405506e-01,1.425462e-01,7.199933e-02,5.382431e-02,4.410068e-02,1.375640e-02,1.729232e-03,4.715995e-02,1.337126e-01,2.305989e-02,3.828730e-02,2.400445e-02,1.114655e-02,2.121254e-02,3.290991e-02
3.632595e-01,1.079463e-01,6.059951e-02,4.928888e-02,3.146188e-02,1.193835e-02,1.507328e-03,3.471113e-02,1.211609e-01,1.996217e-02,9.608240e-02,2.397867e-02,1.489307e-02,3.167144e-02,3.153852e-02
3.206909e-01,7.852481e-02,6.674080e-02,3.991503e-02,2.363831e-02,1.026816e-02,1.358977e-03,2.815759e-02,8.876821e-02,2.755672e-02,2.121437e-01,3.007541e-02,1.312021e-02,3.431302e-02,2.472814e-02
3.210866e-01,5.651879e-02,6.994846e-02,2.953776e-02,1.695696e-02,8.581694e-03,1.150999e-03,2.103932e-02,6.492040e-02,2.806466e-02,2.625411e-01,3.815563e-02,1.018570e-02,5.282638e-02,1.848567e-02
3.235164e-01,4.256652e-02,6.786688e-02,2.673411e-02,1.345374e-02,9.666971e-03,1.095020e-03,1.608924e-02,4.870473e-02,2.446992e-02,2.956093e-01,4.439843e-02,8.855599e-03,6.256397e-02,1.440915e-02
2.788604e-01,3.505756e-02,5.214518e-02,2.498645e-02,1.084646e-02,8.788710e-03,1.316753e-03,1.282949e-02,4.673034e-02,2.073869e-02,2.904564e-01,4.701975e-02,8.124513e-03,1.505572e-01,1.154220e-02
2.212111e-01,3.126292e-02,3.807142e-02,2.401305e-02,9.214495e-03,9.668176e-03,1.925292e-03,1.057243e-02,6.313919e-02,1.846784e-02,3.016034e-01,7.258661e-02,8.731766e-03,1.789001e-01,1.063217e-02
2.303220e-01,3.577916e-02,2.919687e-02,2.274827e-02,1.089152e-02,1.160792e-02,3.068130e-03,1.171275e-02,1.199117e-01,1.514416e-02,2.513780e-01,6.721429e-02,7.202274e-03,1.727811e-01,1.104199e-02
3.057338e-01,3.139949e-02,2.283001e-02,2.608583e-02,1.078832e-02,1.695593e-02,3.118195e-03,1.026530e-02,1.103282e-01,1.228547e-02,2.123251e-01,5.953734e-02,6.986267e-03,1.570561e-01,1.430464e-02
2.943417e-01,2.964422e-02,2.051592e-02,2.220798e-02,1.210640e-02,1.525312e-02,3.101435e-03,9.730276e-03,1.349595e-01,1.068021e-02,2.171266e-01,6.182827e-02,5.869953e-03,1.481956e-01,1.443884e-02
2.308535e-01,2.279077e-02,1.566332e-02,1.634272e-02,9.220348e-03,1.261738e-02,2.288507e-03,7.357464e-03,2.099566e-01,8.686418e-03,2.019110e-01,5.668750e-02,4.638828e-03,1.898108e-01,1.117483e-02
1.755415e-01,1.895964e-02,1.163715e-02,1.223371e-02,8.847841e-03,1.012903e-02,1.686326e-03,5.834679e-03,2.676736e-01,7.661648e-03,2.545884e-01,4.643652e-02,3.764808e-03,1.660618e-01,8.943380e-03
1.794402e-01,1.816851e-02,9.143436e-03,1.100948e-02,8.457188e-03,1.145915e-02,1.834752e-03,6.251781e-03,3.080035e-01,9.043853e-03,2.008742e-01,4.231513e-02,3.627144e-03,1.727630e-01,1.760877e-02
1.471772e-01,1.831689e-02,8.930257e-03,1.267229e-02,9.056842e-03,1.350524e-02,1.819326e-03,6.406367e-03,3.684605e-01,1.101206e-02,1.752218e-01,4.234271e-02,5.143641e-03,1.596130e-01,2.032186e-02
1.078203e-01,1.369617e-02,6.444642e-03,1.361086e-02,8.013152e-03,1.587822e-02,1.938703e-03,5.012704e-03,3.284224e-01,1.193108e-02,2.707830e-01,5.221180e-02,1.708057e-02,1.286737e-01,1.848278e-02
7.923082e-02,1.133529e-02,4.688651e-03,1.092078e-02,7.321295e-03,1.473934e-02,1.825838e-03,3.978290e-03,2.553203e-01,1.218311e-02,4.081036e-01,5.080257e-02,2.176757e-02,1.009172e-01,1.686542e-02
6.100113e-02,1.243693e-02,5.401302e-03,1.065202e-02,7.737656e-03,1.771232e-02,2.455806e-03,6.252219e-03,2.087443e-01,1.201568e-02,4.925317e-01,4.419576e-02,2.324620e-02,7.923728e-02,1.637967e-02
6.465825e-02,3.454825e-02,8.026959e-03,1.512418e-02,1.728085e-02,2.465116e-02,3.454200e-03,7.389658e-03,1.931729e-01,1.333732e-02,4.423068e-01,4.202923e-02,2.222431e-02,6.035095e-02,5.144496e-02
5.755730e-02,3.773648e-02,1.066968e-02,1.200038e-02,2.677525e-02,2.199639e-02,3.652523e-03,1.145362e-02,2.130485e-01,1.431078e-02,4.321335e-01,3.798142e-02,2.605519e-02,4.692001e-02,4.770905e-02
5.657787e-02,3.116127e-02,4.043213e-02,2.840021e-02,5.152264e-02,1.698248e-02,3.385071e-03,1.430785e-01,1.881432e-01,1.131259e-02,3.134016e-01,2.760506e-02,1.941469e-02,3.344664e-02,3.513601e-02
5.557315e-02,3.552421e-02,5.124994e-02,2.273070e-02,7.467684e-02,1.617711e-02,2.949307e-03,2.189947e-01,1.550593e-01,8.728328e-03,2.709808e-01,2.076902e-02,1.473277e-02,2.614079e-02,2.571294e-02
5.074754e-02,3.860929e-02,1.266421e-01,1.924870e-02,8.106946e-02,1.332761e-02,2.586317e-03,2.783118e-01,1.213037e-01,6.411361e-03,1.965544e-01,1.491689e-02,1.085752e-02,2.102283e-02,1.839045e-02
6.225780e-02,7.903405e-02,1.503909e-01,1.761612e-02,1.143510e-01,1.343889e-02,2.018113e-03,2.073156e-01,1.128474e-01,5.903851e-03,1.602419e-01,1.146363e-02,8.079245e-03,4.118149e-02,1.386004e-02
7.512899e-02,7.958512e-02,1.971183e-01,2.635689e-02,1.284466e-01,1.357536e-02,2.794922e-03,1.894403e-01,1.003230e-01,5.900152e-03,1.214929e-01,9.739639e-03,6.570530e-03,3.293597e-02,1.059128e-02
1.150918e-01,1.036798e-01,1.894419e-01,3.361967e-02,1.159661e-01,1.750234e-02,2.909741e-03,1.455823e-01,1.209656e-01,6.643364e-03,8.869614e-02,1.191118e-02,7.036238e-03,2.768901e-02,1.326481e-02
1.968747e-01,7.674612e-02,1.878513e-01,6.326712e-02,1.115710e-01,1.881303e-02,3.130271e-03,1.182066e-01,1.002843e-01,5.705898e-03,6.687644e-02,1.181602e-02,7.607989e-03,2.055373e-02,1.069542e-02
3.160925e-01,5.595312e-02,1.587836e-01,6.604198e-02,9.323171e-02,2.145118e-02,2.752722e-03,9.429371e-02,8.160289e-02,4.727546e-03,5.487628e-02,1.356216e-02,1.056957e-02,1.694470e-02,9.116307e-03
4.301644e-01,4.086981e-02,1.216653e-01,6.173834e-02,7.384466e-02,2.516520e-02,2.687895e-03,7.081780e-02,6.111269e-02,4.801165e-03,5.367463e-02,2.017981e-02,1.255226e-02,1.295759e-02,7.768428e-03
1.000000e+00,0.000000e+00,0.000000e+00,0.000000e+00,0.000000e+00,0.000000e+00,0.000000e+00,0.000000e+00,0.000000e+00,0.000000e+00,0.000000e+00,0.000000e+00,0.000000e+00,0.000000e+00,0.000000e+00
