1.000000e+00,0.000000e+00,0.000000e+00,0.000000e+00,0.000000e+00,0.000000e+00,0.000000e+00,0.000000e+00,0.000000e+00,0.000000e+00,0.000000e+00,0.000000e+00,0.000000e+00,0.000000e+00,0.000000e+00
1.000000e+00,0.000000e+00,0.000000e+00,0.000000e+00,0.000000e+00,0.000000e+00,0.000000e+00,0.000000e+00,0.000000e+00,0.000000e+00,0.000000e+00,0.000000e+00,0.000000e+00,0.000000e+00,0.000000e+00
1.000000e+00,0.000000e+00,0.000000e+00,0.000000e+00,0.000000e+00,0.000000e+00,0.000000e+00,0.000000e+00,0.000000e+00,0.000000e+00,0.000000e+00,0.000000e+00,0.000000e+00,0.000000e+00,0.000000e+00
1.000000e+00,0.000000e+00,0.000000e+00,0.000000e+00,0.000000e+00,0.000000e+00,0.000000e+00,0.000000e+00,0.000000e+00,0.000000e+00,0.000000e+00,0.000000e+00,0.000000e+00,0.000000e+00,0.000000e+00
1.000000e+00,0.000000e+00,0.000000e+00,0.000000e+00,0.000000e+00,0.000000e+00,0.000000e+00,0.000000e+00,0.000000e+00,0.000000e+00,0.000000e+00,0.000000e+00,0.000000e+00,0.000000e+00,0.000000e+00
1.000000e+00,0.000000e+00,0.000000e+00,0.000000e+00,0.000000e+00,0.000000e+00,0.000000e+00,0.000000e+00,0.000000e+00,0.000000e+00,0.000000e+00,0.000000e+00,0.000000e+00,0.000000e+00,0.000000e+00
1.000000e+00,0.000000e+00,0.000000e+00,0.000000e+00,0.000000e+00,0.000000e+00,0.000000e+00,0.000000e+00,0.000000e+00,0.000000e+00,0.000000e+00,0.000000e+00,0.000000e+00,0.000000e+00,0.000000e+00
1.000000e+00,0.000000e+00,0.000000e+00,0.000000e+00,0.000000e+00,0.000000e+00,0.000000e+00,0.000000e+00,0.000000e+00,0.000000e+00,0.000000e+00,0.000000e+00,0.000000e+00,0.000000e+00,0.000000e+00
1.000000e+00,0.000000e+00,0.000000e+00,0.000000e+00,0.000000e+00,0.000000e+00,0.000000e+00,0.000000e+00,0.000000e+00,0.000000e+00,0.000000e+00,0.000000e+00,0.000000e+00,0.000000e+00,0.000000e+00
1.000000e+00,0.000000e+00,0.000000e+00,0.000000e+00,0.000000e+00,0.000000e+00,0.000000e+00,0.000000e+00,0.000000e+00,0.000000e+00,0.000000e+00,0.000000e+00,0.000000e+00,0.000000e+00,0.000000e+00
1.000000e+00,0.000000e+00,0.000000e+00,0.000000e+00,0.000000e+00,0.000000e+00,0.000000e+00,0.000000e+00,0.000000e+00,0.000000e+00,0.000000e+00,0.000000e+00,0.000000e+00,0.000000e+00,0.000000e+00
1.000000e+00,0.000000e+00,0.000000e+00,0.000000e+00,0.000000e+00,0.000000e+00,0.000000e+00,0.000000e+00,0.000000e+00,0.000000e+00,0.000000e+00,0.000000e+00,0.000000e+00,0.000000e+00,0.000000e+00
1.000000e+00,0.000000e+00,0.000000e+00,0.000000e+00,0.000000e+00,0.000000e+00,0.000000e+00,0.000000e+00,0.000000e+00,0.000000e+00,0.000000e+00,0.000000e+00,0.000000e+00,0.000000e+00,0.000000e+00
1.000000e+00,0.000000e+00,0.000000e+00,0.000000e+00,0.000000e+00,0.000000e+00,0.000000e+00,0.000000e+00,0.000000e+00,0.000000e+00,0.000000e+00,0.000000e+00,0.000000e+00,0.000000e+00,0.000000e+00
1.000000e+00,0.000000e+00,0.000000e+00,0.000000e+00,0.000000e+00,0.000000e+00,0.000000e+00,0.000000e+00,0.000000e+00,0.000000e+00,0.000000e+00,0.000000e+00,0.000000e+00,0.000000e+00,0.000000e+00
1.000000e+00,0.000000e+00,0.000000e+00,0.000000e+00,0.000000e+00,0.000000e+00,0.000000e+00,0.000000e+00,0.000000e+00,0.000000e+00,0.000000e+00,0.000000e+00,0.000000e+00,0.000000e+00,0.000000e+00
1.000000e+00,0.000000e+00,0.000000e+00,0.000000e+00,0.000000e+00,0.000000e+00,0.000000e+00,0.000000e+00,0.000000e+00,0.000000e+00,0.000000e+00,0.000000e+00,0.000000e+00,0.000000e+00,0.000000e+00
1.000000e+00,0.000000e+00,0.000000e+00,0.000000e+00,0.000000e+00,0.000000e+00,0.000000e+00,0.000000e+00,0.000000e+00,0.000000e+00,0.000000e+00,0.000000e+00,0.000000e+00,0.000000e+00,0.000000e+00
1.000000e+00,0.000000e+00,0.000000e+00,0.000000e+00,0.000000e+00,0.000000e+00,0.000000e+00,0.000000e+00,0.000000e+00,0.000000e+00,0.000000e+00,0.000000e+00,0.000000e+00,0.000000e+00,0.000000e+00
1.000000e+00,0.000000e+00,0.000000e+00,0.000000e+00,0.000000e+00,0.000000e+00,0.000000e+00,0.000000e+00,0.000000e+00,0.000000e+00,0.000000e+00,0.000000e+00,0.000000e+00,0.000000e+00,0.000000e+00
1.000000e+00,0.000000e+00,0.000000e+00,0.000000e+00,0.000000e+00,0.000000e+00,0.000000e+00,0.000000e+00,0.000000e+00,0.000000e+00,0.000000e+00,0.000000e+00,0.000000e+00,0.000000e+00,0.000000e+00
1.000000e+00,0.000000e+00,0.000000e+00,0.000000e+00,0.000000e+00,0.000000e+00,0.000000e+00,0.000000e+00,0.000000e+00,0.000000e+00,0.000000e+00,0.000000e+00,0.000000e+00,0.000000e+00,0.000000e+00
1.000000e+00,0.000000e+00,0.000000e+00,0.000000e+00,0.000000e+00,0.000000e+00,0.000000e+00,0.000000e+00,0.000000e+00,0.000000e+00,0.000000e+00,0.000000e+00,0.000000e+00,0.000000e+00,0.000000e+00
1.000000e+00,0.000000e+00,0.000000e+00,0.000000e+00,0.000000e+00,0.000000e+00,0.000000e+00,0.000000e+00,0.000000e+00,0.000000e+00,0.000000e+00,0.000000e+00,0.000000e+00,0.000000e+00,0.000000e+00
1.000000e+00,0.000000e+00,0.000000e+00,0.000000e+00,0.000000e+00,0.000000e+00,0.000000e+00,0.000000e+00,0.000000e+00,0.000000e+00,0.000000e+00,0.000000e+00,0.000000e+00,0.000000e+00,0.000000e+00
4.710860e-01,1.758318e-02,2.899035e-02,4.272247e-02,6.505034e-03,1.344105e-02,5.091460e-03,3.120765e-01,9.316886e-03,2.307539e-03,1.710557e-02,1.961551e-02,1.604227e-02,1.249505e-02,2.562115e-02
3.337695e-01,1.289501e-02,4.748641e-02,5.594144e-02,5.226367e-03,9.949026e-03,3.692655e-03,4.566965e-01,6.804544e-03,1.640343e-03,1.304448e-02,1.405914e-02,1.152264e-02,9.040290e-03,1.823166e-02
2.429170e-01,9.745141e-03,4.882215e-02,4.745010e-02,4.527615e-03,8.742199e-03,2.837394e-03,5.789709e-01,4.972340e-03,1.222968e-03,1.062223e-02,1.032500e-02,8.521676e-03,7.155152e-03,1.316816e-02
1.711304e-01,7.122490e-03,3.495090e-02,6.254087e-02,3.448866e-03,6.395966e-03,2.109427e-03,5.237184e-01,3.854083e-03,3.337537e-03,9.645333e-02,2.034696e-02,2.867587e-02,2.638981e-02,9.525154e-03
1.198674e-01,5.011483e-03,2.449770e-02,5.097983e-02,2.577108e-03,4.497508e-03,1.499051e-03,3.790319e-01,2.825912e-03,5.299468e-03,1.355137e-01,3.453375e-02,2.699955e-02,2.001366e-01,6.729024e-03
8.393214e-02,3.539534e-03,1.715764e-02,4.028213e-02,1.942011e-03,3.185471e-03,1.078060e-03,2.668592e-01,2.159452e-03,6.133820e-03,1.057982e-01,2.795118e-02,2.520853e-02,4.091402e-01,5.632392e-03
5.875819e-02,2.509207e-03,1.201557e-02,3.000663e-02,1.447395e-03,2.248276e-03,7.593926e-04,1.870386e-01,2.617378e-03,4.975751e-03,8.592860e-02,2.172610e-02,2.579352e-02,5.600470e-01,4.128411e-03
4.120831e-02,1.939978e-03,8.517035e-03,2.210845e-02,1.271927e-03,1.691095e-03,5.643379e-04,1.311108e-01,7.345664e-03,4.182792e-03,6.715579e-02,1.648261e-02,2.067884e-02,6.724780e-01,3.264417e-03
2.892046e-02,1.566429e-03,6.176328e-03,1.583623e-02,1.308266e-03,1.366543e-03,4.231784e-04,9.184188e-02,1.108121e-02,3.772515e-03,5.257945e-02,1.228246e-02,1.618480e-02,7.541342e-01,2.526175e-03
2.036656e-02,1.478635e-03,4.592232e-03,1.166654e-02,1.384436e-03,2.922066e-03,3.288062e-04,6.437299e-02,1.528603e-02,2.717640e-03,4.179735e-02,9.009359e-03,1.187436e-02,8.102509e-01,1.952081e-03
1.482777e-02,2.723899e-03,4.442427e-03,9.953525e-03,1.463920e-03,1.472735e-02,3.760331e-04,4.527243e-02,3.835621e-02,2.112393e-03,3.609415e-02,7.120877e-03,9.270385e-03,8.112711e-01,1.987543e-03
1.089588e-02,5.756052e-03,3.492641e-03,7.988725e-03,1.206157e-03,2.777456e-02,3.313224e-04,3.174695e-02,5.382120e-02,1.713193e-03,3.298969e-02,5.512863e-03,7.298207e-03,8.071346e-01,2.337952e-03
8.420750e-03,3.188695e-02,4.263549e-03,5.938740e-03,1.034484e-03,2.559937e-02,2.821184e-04,2.225767e-02,7.643872e-02,1.531211e-03,2.694192e-02,4.137033e-03,5.338642e-03,7.810021e-01,4.926695e-03
6.640984e-03,2.444153e-02,3.781813e-03,4.324323e-03,9.244457e-04,2.499573e-02,2.426768e-04,1.563327e-02,8.418859e-02,1.253280e-03,2.018007e-02,2.993359e-03,3.887980e-03,8.014558e-01,5.056144e-03
6.115961e-03,2.020700e-02,3.231557e-03,3.200221e-03,1.024208e-03,2.245381e-02,2.125179e-04,1.133167e-02,1.030073e-01,1.142374e-03,1.470197e-02,2.230011e-03,2.976399e-03,8.034632e-01,4.701752e-03
4.937795e-03,1.471706e-02,2.545004e-03,2.335525e-03,1.004801e-03,1.671037e-02,1.568101e-04,7.963182e-03,1.364196e-01,1.425333e-03,1.192958e-02,1.832964e-03,2.772884e-03,7.890488e-01,6.200331e-03
4.601778e-03,1.164648e-02,2.372568e-03,1.899119e-03,1.894441e-03,1.319598e-02,1.227806e-04,5.616889e-03,2.135598e-01,2.020961e-03,1.402763e-02,1.870651e-03,2.736912e-03,7.164557e-01,7.978318e-03
4.021564e-03,1.052116e-02,3.751506e-03,1.737899e-03,2.240802e-03,1.042136e-02,1.124679e-04,3.983846e-03,2.422245e-01,2.529982e-03,1.564559e-02,1.658809e-03,2.366302e-03,6.913162e-01,7.467988e-03
3.175677e-03,8.641520e-03,3.721463e-03,1.466059e-03,1.861690e-03,7.682311e-03,8.810675e-05,2.831013e-03,2.505880e-01,2.938435e-03,1.435338e-02,1.322770e-03,1.906791e-03,6.929745e-01,6.448246e-03
2.583410e-03,8.923115e-03,3.717393e-03,1.325006e-03,1.494827e-03,5.688918e-03,6.767387e-05,1.998443e-03,2.399195e-01,3.262400e-03,1.174033e-02,1.034501e-03,1.460040e-03,7.104989e-01,6.285572e-03
5.514353e-03,1.331371e-02,7.438065e-03,2.413243e-03,1.929782e-03,5.812709e-03,1.341017e-04,2.042419e-03,2.522597e-01,3.575316e-03,9.672487e-03,8.727691e-04,1.216786e-03,6.875243e-01,6.280241e-03
2.798451e-02,1.802602e-02,8.299885e-03,2.513940e-03,2.623569e-03,7.381018e-03,2.106825e-04,2.562192e-03,3.004325e-01,3.960358e-03,8.732339e-03,9.400054e-04,1.099425e-03,6.085526e-01,6.680866e-03
4.427177e-02,2.615546e-02,9.831458e-03,2.384264e-03,3.730987e-03,8.329359e-03,2.994601e-04,3.684220e-03,2.839556e-01,3.815449e-03,1.186613e-02,8.458300e-04,1.054547e-03,5.919885e-01,7.786918e-03
4.739526e-02,3.304844e-02,1.025181e-02,3.640780e-03,4.611143e-03,9.873867e-03,3.674062e-04,4.284882e-03,2.644789e-01,4.067693e-03,1.141487e-02,1.422425e-03,1.498754e-03,5.823053e-01,2.133841e-02
6.173875e-02,4.953313e-02,1.290312e-02,4.675180e-03,9.650053e-03,8.596187e-03,9.352937e-04,7.748629e-03,2.446204e-01,4.317326e-03,1.394755e-02,1.386388e-03,1.526379e-03,5.509313e-01,2.749025e-02
8.353275e-02,7.206330e-02,1.418805e-02,1.289968e-02,1.920807e-02,9.289960e-03,1.055221e-03,1.321366e-02,2.198083e-01,4.433115e-03,1.335717e-02,1.992504e-03,1.812890e-03,4.992801e-01,3.386530e-02
8.983320e-02,7.292069e-02,2.560570e-02,5.729927e-02,2.457545e-02,1.086671e-02,1.124833e-03,1.307630e-02,2.254131e-01,6.336724e-03,1.169420e-02,2.337017e-03,2.230366e-03,3.990917e-01,5.759481e-02
1.013161e-01,1.256391e-01,3.180993e-02,4.628899e-02,2.776636e-02,8.395406e-03,1.026269e-03,2.266977e-02,2.403856e-01,7.129750e-03,1.077146e-02,2.343705e-03,1.939465e-03,3.275380e-01,4.498008e-02
1.085462e-01,1.484807e-01,3.765647e-02,3.581004e-02,3.388680e-02,7.177247e-03,9.768219e-04,3.102101e-02,2.598890e-01,6.025074e-03,1.051831e-02,2.249918e-03,1.667700e-03,2.816658e-01,3.442891e-02
1.496340e-01,1.520323e-01,3.115470e-02,2.594149e-02,6.280574e-02,8.822791e-03,1.309965e-03,3.728055e-02,2.680151e-01,4.480677e-03,8.196887e-03,2.331737e-03,2.027737e-03,2.194640e-01,2.650248e-02
1.983128e-01,1.454905e-01,3.782537e-02,1.978740e-02,7.284655e-02,1.119510e-02,2.648806e-03,7.939471e-02,2.389965e-01,3.365475e-03,7.009858e-03,2.355625e-03,2.068563e-03,1.589977e-01,1.970497e-02
2.697201e-01,1.360470e-01,3.239961e-02,1.468772e-02,6.763813e-02,1.096271e-02,4.641384e-03,8.212172e-02,2.325202e-01,2.830220e-03,6.486693e-03,2.895290e-03,2.466697e-03,1.191325e-01,1.545004e-02
3.404751e-01,1.190522e-01,2.455371e-02,1.145676e-02,5.889525e-02,9.960678e-03,4.786450e-03,8.666154e-02,2.282862e-01,2.605605e-03,5.537447e-03,5.360697e-03,2.594744e-03,8.656148e-02,1.321211e-02
3.979795e-01,9.994124e-02,2.026416e-02,9.340799e-03,5.505136e-02,9.828655e-03,5.169838e-03,7.569344e-02,2.330762e-01,2.684393e-03,5.115871e-03,8.345557e-03,3.566753e-03,6.205925e-02,1.188290e-02
4.777075e-01,8.421438e-02,1.585396e-02,8.195986e-03,4.422223e-02,9.044098e-03,4.700368e-03,5.958684e-02,2.186587e-01,2.843847e-03,4.879806e-03,1.068754e-02,4.131779e-03,4.417605e-02,1.109687e-02
1.000000e+00,0.000000e+00,0.000000e+00,0.000000e+00,0.000000e+00,0.000000e+00,0.000000e+00,0.000000e+00,0.000000e+00,0.000000e+00,0.000000e+00,0.000000e+00,0.000000e+00,0.000000e+00,0.000000e+00
1.000000e+00,0.000000e+00,0.000000e+00,0.000000e+00,0.000000e+00,0.000000e+00,0.000000e+00,0.000000e+00,0.000000e+00,0.000000e+00,0.000000e+00,0.000000e+00,0.000000e+00,0.000000e+00,0.000000e+00
1.000000e+00,0.000000e+00,0.000000e+00,0.000000e+00,0.000000e+00,0.000000e+00,0.000000e+00,0.000000e+00,0.000000e+00,0.000000e+00,0.000000e+00,0.000000e+00,0.000000e+00,0.000000e+00,0.000000e+00
1.000000e+00,0.000000e+00,0.000000e+00,0.000000e+00,0.000000e+00,0.000000e+00,0.000000e+00,0.000000e+00,0.000000e+00,0.000000e+00,0.000000e+00,0.000000e+00,0.000000e+00,0.000000e+00,0.000000e+00
1.000000e+00,0.000000e+00,0.000000e+00,0.000000e+00,0.000000e+00,0.000000e+00,0.000000e+00,0.000000e+00,0.000000e+00,0.000000e+00,0.000000e+00,0.000000e+00,0.000000e+00,0.000000e+00,0.000000e+00
4.043035e-01,2.710488e-02,1.102520e-02,8.131263e-02,1.529495e-02,4.354591e-02,5.593751e-03,1.810526e-02,4.532978e-02,5.144445e-03,2.372981e-02,3.590440e-02,2.581517e-01,7.776986e-03,1.767687e-02
4.069490e-01,2.010771e-02,1.094644e-02,6.084685e-02,1.515808e-02,3.372959e-02,4.596957e-03,1.532292e-02,3.333007e-02,4.040625e-03,2.052188e-02,2.772191e-02,3.264599e-01,5.735356e-03,1.453272e-02
3.585553e-01,1.563639e-02,8.676792e-03,4.494394e-02,1.439079e-02,3.413413e-02,3.859154e-03,1.286609e-02,2.580458e-02,3.208130e-03,1.670486e-02,2.828868e-02,4.163769e-01,4.943314e-03,1.161091e-02
2.945490e-01,1.320215e-02,7.827278e-03,3.451728e-02,1.929266e-02,2.974807e-02,3.399988e-03,1.052636e-02,2.292884e-02,2.656116e-03,1.361109e-02,2.763458e-02,5.064272e-01,4.009401e-03,9.669931e-03
2.180434e-01,1.101095e-02,6.206349e-03,2.502106e-02,1.771431e-02,2.171194e-02,2.658138e-03,8.446404e-03,1.906000e-02,2.310865e-03,1.072311e-02,3.130002e-02,6.112279e-01,3.189449e-03,1.137610e-02
1.557280e-01,1.130741e-02,8.676376e-03,1.804005e-02,2.100679e-02,1.706889e-02,2.635371e-03,6.683850e-03,1.683080e-02,2.635299e-03,8.830461e-03,3.279635e-02,6.793053e-01,3.278142e-03,1.517686e-02
1.128292e-01,1.239381e-02,1.267687e-02,1.371868e-02,1.877808e-02,1.465907e-02,2.348739e-03,5.654286e-03,1.963523e-02,4.067577e-03,9.091360e-03,2.958320e-02,7.225457e-01,4.658932e-03,1.735925e-02
8.830190e-02,1.313094e-02,2.893643e-02,1.165389e-02,2.416395e-02,1.367379e-02,2.452323e-03,5.846141e-03,2.180258e-02,4.996367e-03,1.021101e-02,2.701134e-02,7.128630e-01,7.098925e-03,2.785731e-02
9.595291e-02,2.443872e-02,2.730466e-02,1.187959e-02,2.505021e-02,1.530698e-02,2.737607e-03,8.364277e-03,3.728443e-02,5.707573e-03,9.445659e-03,3.988223e-02,6.591895e-01,6.220923e-03,3.123477e-02
2.003213e-01,2.412777e-02,3.558920e-02,1.244919e-02,2.763603e-02,2.006638e-02,3.592419e-03,1.083505e-02,3.667306e-02,4.999693e-03,7.741531e-03,3.583654e-02,5.495833e-01,5.325143e-03,2.522340e-02
1.979905e-01,4.805470e-02,1.206425e-01,5.034488e-02,2.747786e-02,1.907179e-02,3.546014e-03,1.024091e-02,4.926878e-02,7.798933e-03,6.863026e-03,2.668454e-02,3.989416e-01,3.809673e-03,2.926421e-02
2.281075e-01,5.245825e-02,1.189947e-01,6.731612e-02,3.283231e-02,1.826822e-02,4.750966e-03,1.237955e-02,6.368007e-02,1.030453e-02,1.021408e-02,2.204495e-02,2.999380e-01,3.075787e-03,5.563499e-02
2.244279e-01,6.882162e-02,1.022011e-01,5.127069e-02,4.439709e-02,3.048536e-02,1.529439e-02,1.617468e-02,8.901232e-02,8.226390e-03,8.692172e-03,2.034929e-02,2.712877e-01,2.527855e-03,4.683155e-02
2.118743e-01,8.682199e-02,8.199613e-02,3.836158e-02,5.261250e-02,4.269285e-02,1.844924e-02,2.605917e-02,1.204308e-01,6.200091e-03,6.654267e-03,2.130187e-02,2.443914e-01,2.336428e-03,3.981751e-02
2.506630e-01,7.972426e-02,6.138014e-02,3.030050e-02,5.653677e-02,5.346882e-02,1.752133e-02,2.977563e-02,1.171359e-01,4.927298e-03,5.384123e-03,1.979498e-02,2.318758e-01,2.396171e-03,3.911535e-02
2.408687e-01,8.517241e-02,4.839051e-02,2.559105e-02,4.700498e-02,9.471589e-02,1.699279e-02,4.479418e-02,1.160872e-01,5.164740e-03,4.430290e-03,1.994196e-02,2.073561e-01,2.620839e-03,4.086845e-02
2.417919e-01,9.131292e-02,4.257331e-02,2.287413e-02,3.890179e-02,1.565512e-01,1.801315e-02,4.780891e-02,1.028105e-01,6.061879e-03,3.424712e-03,1.923772e-02,1.610233e-01,2.523002e-03,4.509157e-02
3.111510e-01,8.174444e-02,3.052479e-02,1.737477e-02,3.219762e-02,1.887708e-01,1.409535e-02,3.906502e-02,9.909160e-02,4.656173e-03,2.818751e-03,1.516455e-02,1.245477e-01,2.455977e-03,3.634136e-02
3.624894e-01,7.547826e-02,2.344981e-02,1.358133e-02,2.784115e-02,2.033613e-01,1.116021e-02,3.600102e-02,9.474069e-02,3.593027e-03,2.514439e-03,1.248819e-02,9.944275e-02,2.400533e-03,3.145788e-02
3.783317e-01,6.140305e-02,2.261947e-02,4.790450e-02,2.370846e-02,1.804852e-01,8.541855e-03,5.008603e-02,8.434100e-02,5.091486e-03,3.185624e-03,1.629595e-02,7.330739e-02,2.805854e-03,4.189238e-02
4.091681e-01,5.449829e-02,4.674143e-02,4.273361e-02,1.875441e-02,1.830534e-01,6.443636e-03,4.334290e-02,7.520031e-02,7.298036e-03,3.421281e-03,1.484592e-02,5.513211e-02,2.693301e-03,3.667315e-02
3.528203e-01,4.572946e-02,1.659501e-01,4.097763e-02,1.530312e-02,1.483947e-01,5.191579e-03,4.130566e-02,6.064311e-02,1.956224e-02,4.978972e-03,1.137061e-02,4.062316e-02,3.803952e-03,4.334542e-02
3.098506e-01,5.953236e-02,1.792392e-01,4.715660e-02,1.666217e-02,1.082028e-01,4.032598e-03,3.199954e-02,5.338138e-02,1.645768e-02,6.477177e-02,9.392079e-03,3.471545e-02,1.624978e-02,4.835591e-02
2.264057e-01,4.894428e-02,1.380272e-01,3.996270e-02,1.236915e-02,7.763841e-02,2.976449e-03,2.335409e-02,4.768014e-02,1.596975e-02,2.319604e-01,8.603876e-03,2.696077e-02,6.021668e-02,3.893034e-02
1.603311e-01,3.483184e-02,9.729885e-02,2.882969e-02,8.891953e-03,5.486933e-02,2.108101e-03,1.649698e-02,3.600651e-02,1.362435e-02,3.691811e-01,7.349120e-03,2.050134e-02,1.191134e-01,3.056631e-02
1.124604e-01,2.465632e-02,6.881859e-02,2.130655e-02,6.628918e-03,4.045706e-02,1.582974e-03,1.168161e-02,2.715908e-02,1.373481e-02,5.293397e-01,7.282441e-03,1.519732e-02,9.758802e-02,2.210620e-02
7.920468e-02,1.753802e-02,4.853144e-02,1.612323e-02,5.198112e-03,3.185482e-02,1.265857e-03,8.349957e-03,2.070003e-02,1.170450e-02,6.421362e-01,6.708815e-03,1.172796e-02,8.249434e-02,1.646206e-02
5.709985e-02,1.264851e-02,3.468946e-02,1.230419e-02,4.091050e-03,2.439658e-02,1.035610e-03,5.926618e-03,1.487108e-02,9.252706e-03,7.006167e-01,8.328235e-03,8.896660e-03,9.394144e-02,1.190127e-02
4.157651e-02,9.144527e-03,2.542496e-02,9.538453e-03,3.859672e-03,2.121739e-02,9.162742e-04,4.359918e-03,1.142256e-02,8.296891e-03,6.962539e-01,1.352122e-02,7.302288e-03,1.379683e-01,9.197091e-03
2.994578e-02,6.984318e-03,1.826522e-02,7.583534e-03,5.832986e-03,1.583831e-02,1.042619e-03,3.259366e-03,1.130227e-02,8.586703e-03,7.379488e-01,1.797735e-02,6.266547e-03,1.221934e-01,6.972901e-03
2.142704e-02,1.837826e-02,1.387035e-02,6.745860e-03,1.727244e-02,1.322642e-02,1.115778e-03,2.738533e-03,1.050648e-01,1.110879e-02,6.057064e-01,2.078267e-02,4.855795e-03,1.472471e-01,1.045979e-02
1.579597e-02,2.361564e-02,1.052246e-02,6.277676e-03,1.586853e-02,1.319391e-02,9.925442e-04,2.211272e-03,2.022626e-01,1.043171e-02,5.008973e-01,2.319583e-02,3.895516e-03,1.569889e-01,1.385009e-02
1.494915e-02,1.840502e-02,8.133417e-03,6.033730e-03,1.301977e-02,1.104075e-02,9.873677e-04,2.892934e-03,2.067593e-01,9.343427e-03,4.691996e-01,2.312964e-02,3.365261e-03,2.012978e-01,1.144282e-02
1.587030e-02,1.469640e-02,6.641974e-03,6.437924e-03,1.069065e-02,1.146745e-02,1.421874e-03,4.602549e-03,1.984932e-01,9.511840e-03,4.997194e-01,2.222123e-02,4.020042e-03,1.842252e-01,9.979848e-03
1.775722e-02,1.286496e-02,6.284985e-03,9.243829e-03,9.431123e-03,1.235788e-02,1.462484e-03,6.042611e-03,1.934710e-01,1.184421e-02,5.011328e-01,2.963948e-02,7.662495e-03,1.701334e-01,1.067149e-02
2.225692e-02,1.022001e-02,5.369199e-03,1.211686e-02,1.693239e-02,1.106338e-02,1.685119e-03,1.980538e-02,1.836363e-01,1.645598e-02,4.853212e-01,3.924862e-02,2.317966e-02,1.428907e-01,9.818308e-03
3.162174e-02,8.418274e-03,5.097222e-03,1.967340e-02,2.029546e-02,1.243224e-02,1.826345e-03,2.453230e-02,1.685407e-01,1.954277e-02,4.665740e-01,4.746735e-02,3.107948e-02,1.326158e-01,1.028287e-02
1.093941e-01,9.047579e-03,6.532551e-03,2.346966e-02,1.998236e-02,2.200501e-02,1.837894e-03,1.847000e-02,1.324439e-01,1.714341e-02,4.437401e-01,5.285738e-02,2.975289e-02,1.022331e-01,1.109001e-02
1.257448e-01,9.862405e-03,6.736881e-03,2.147679e-02,1.861976e-02,2.210633e-02,1.868904e-03,1.473271e-02,1.050241e-01,1.745524e-02,4.613771e-01,7.048972e-02,2.773733e-02,8.538078e-02,1.138720e-02
2.044030e-01,1.334871e-02,1.684509e-02,1.841467e-02,1.951752e-02,2.951510e-02,3.337007e-03,1.722263e-02,8.335859e-02,1.583475e-02,3.875727e-01,8.170113e-02,2.506077e-02,7.127246e-02,1.259587e-02
1.933379e-01,4.060226e-02,2.758308e-02,1.475957e-02,3.107430e-02,3.247732e-02,3.834565e-03,2.184403e-02,9.984686e-02,1.851156e-02,3.391261e-01,7.213055e-02,2.065849e-02,7.151765e-02,1.269584e-02
1.432864e-01,1.085816e-01,2.135690e-02,1.058146e-02,2.862894e-02,3.122783e-02,3.072078e-03,1.700688e-02,2.454839e-01,1.485585e-02,2.421039e-01,5.169185e-02,1.497275e-02,5.767051e-02,9.479105e-03
1.276862e-01,1.796868e-01,1.816050e-02,8.973449e-03,3.822925e-02,3.684280e-02,2.584939e-03,1.771368e-02,2.719797e-01,1.382435e-02,1.765187e-01,3.698743e-02,1.127376e-02,4.822378e-02,1.131468e-02
1.141382e-01,2.232945e-01,1.944079e-02,7.244649e-03,9.232688e-02,3.377533e-02,2.782929e-03,2.425616e-02,2.593125e-01,1.366926e-02,1.259227e-01,2.639371e-02,8.435404e-03,3.851759e-02,1.048947e-02
1.374529e-01,2.120089e-01,1.495834e-02,6.470570e-03,1.440132e-01,3.373952e-02,3.450704e-03,3.258468e-02,2.355289e-01,2.017835e-02,8.949172e-02,1.894244e-02,6.481316e-03,3.371468e-02,1.098376e-02
1.422298e-01,2.028622e-01,1.172375e-02,5.718011e-03,1.643267e-01,2.763726e-02,3.261777e-03,5.189016e-02,2.440222e-01,2.403664e-02,6.423248e-02,1.416516e-02,5.109889e-03,2.968038e-02,9.103546e-03
1.539475e-01,1.943826e-01,9.156163e-03,5.072585e-03,1.506673e-01,2.526551e-02,2.619714e-03,4.946073e-02,2.783497e-01,2.786072e-02,4.844004e-02,1.164083e-02,4.378302e-03,3.024916e-02,8.509106e-03
1.987223e-01,1.842774e-01,7.736024e-03,7.498788e-03,1.313426e-01,2.027288e-02,2.327505e-03,6.725263e-02,2.674723e-01,2.431660e-02,3.745575e-02,1.370152e-02,4.706442e-03,2.454278e-02,8.374555e-03
1.666190e-01,1.388629e-01,6.251800e-03,8.149309e-03,1.178055e-01,1.458262e-02,1.990227e-03,2.583966e-01,2.041487e-01,1.728292e-02,2.709388e-02,1.094203e-02,3.986357e-03,1.750650e-02,6.381659e-03
1.525477e-01,1.281267e-01,8.336820e-03,1.031500e-02,9.470209e-02,1.069302e-02,1.696946e-03,3.740868e-01,1.575841e-01,1.251140e-02,1.966524e-02,8.365341e-03,3.133502e-03,1.309232e-02,5.142989e-03
1.671989e-01,9.464018e-02,7.291684e-03,9.124729e-03,7.552624e-02,8.105434e-03,1.842780e-03,4.735386e-01,1.161186e-01,9.144343e-03,1.445092e-02,6.715101e-03,2.663014e-03,9.486713e-03,4.152660e-03
2.167245e-01,7.017319e-02,7.989526e-03,9.558631e-03,6.918434e-02,8.508132e-03,3.040675e-03,4.887556e-01,8.544819e-02,7.799795e-03,1.125196e-02,7.566828e-03,3.072878e-03,7.085960e-03,3.839696e-03
3.533840e-01,5.164614e-02,1.084655e-02,9.649357e-03,5.618923e-02,8.841270e-03,3.111688e-03,3.966619e-01,6.107794e-02,5.925313e-03,1.187636e-02,1.509457e-02,4.152585e-03,6.565012e-03,4.978047e-03
4.601836e-01,3.734068e-02,9.558462e-03,1.120608e-02,4.463846e-02,1.048680e-02,2.912135e-03,3.188950e-01,4.381965e-02,4.649322e-03,1.307574e-02,2.730096e-02,5.347026e-03,6.237159e-03,4.348842e-03
4.003945e-01,2.852459e-02,1.083248e-02,1.870120e-02,3.518429e-02,9.778014e-03,2.390439e-03,2.391888e-01,3.206943e-02,4.412122e-03,3.275779e-02,1.521793e-01,2.174683e-02,7.354796e-03,4.485426e-03
4.499097e-01,2.429916e-02,1.176592e-02,1.877886e-02,3.478206e-02,1.176202e-02,2.882054e-03,1.811540e-01,2.695644e-02,3.978411e-03,3.523580e-02,1.496829e-01,3.780303e-02,6.785721e-03,4.223908e-03
1.000000e+00,0.000000e+00,0.000000e+00,0.000000e+00,0.000000e+00,0.000000e+00,0.000000e+00,0.000000e+00,0.000000e+00,0.000000e+00,0.000000e+00,0.000000e+00,0.000000e+00,0.000000e+00,0.000000e+00
4.997941e-01,2.055612e-02,1.095207e-02,1.479527e-02,4.128640e-02,1.692037e-02,3.975523e-03,9.764430e-02,2.706889e-02,6.000194e-03,3.101949e-02,1.920102e-01,2.756798e-02,5.488105e-03,4.921046e-03
4.910352e-01,2.028202e-02,1.031457e-02,1.178223e-02,4.768887e-02,1.991328e-02,4.278307e-03,7.135849e-02,2.428369e-02,6.611899e-03,3.817303e-02,2.233995e-01,2.102157e-02,5.069179e-03,4.788140e-03
1.000000e+00,0.000000e+00,0.000000e+00,0.000000e+00,0.000000e+00,0.000000e+00,0.000000e+00,0.000000e+00,0.000000e+00,0.000000e+00,0.000000e+00,0.000000e+00,0.000000e+00,0.000000e+00,0.000000e+00
1.000000e+00,0.000000e+00,0.000000e+00,0.000000e+00,0.000000e+00,0.000000e+00,0.000000e+00,0.000000e+00,0.000000e+00,0.000000e+00,0.000000e+00,0.000000e+00,0.000000e+00,0.000000e+00,0.000000e+00
1.000000e+00,0.000000e+00,0.000000e+00,0.000000e+00,0.000000e+00,0.000000e+00,0.000000e+00,0.000000e+00,0.000000e+00,0.000000e+00,0.000000e+00,0.000000e+00,0.000000e+00,0.000000e+00,0.000000e+00
1.000000e+00,0.000000e+00,0.000000e+00,0.000000e+00,0.000000e+00,0.000000e+00,0.000000e+00,0.000000e+00,0.000000e+00,0.000000e+00,0.000000e+00,0.000000e+00,0.000000e+00,0.000000e+00,0.000000e+00
4.740301e-01,7.853523e-03,4.209574e-03,1.147375e-02,4.102771e-02,2.342656e-02,1.485073e-03,1.451977e-02,7.085685e-03,4.110805e-03,4.036582e-02,3.549407e-01,5.083545e-03,4.871428e-03,5.515953e-03
4.416136e-01,8.726146e-03,5.211136e-03,2.225147e-02,4.396896e-02,3.235452e-02,1.338980e-03,1.154179e-02,7.164737e-03,3.427198e-03,3.832171e-02,3.678474e-01,4.381317e-03,4.640195e-03,7.210805e-03
3.402175e-01,8.270606e-03,4.482346e-03,1.903337e-02,4.354797e-02,3.019623e-02,1.064616e-03,8.564197e-03,6.292398e-03,2.616106e-03,3.427752e-02,4.879861e-01,3.367530e-03,3.956934e-03,6.126577e-03
2.572855e-01,7.489616e-03,3.670301e-03,1.510478e-02,3.747476e-02,2.883726e-02,8.337702e-04,6.222262e-03,4.971471e-03,1.990044e-03,3.511850e-02,5.899214e-01,2.508782e-03,3.378301e-03,5.193306e-03
1.992605e-01,8.137107e-03,3.053912e-03,1.276317e-02,3.656317e-02,2.206957e-02,8.147038e-04,4.665654e-03,4.307287e-03,1.564499e-03,3.164760e-02,6.661412e-01,1.867730e-03,2.920313e-03,4.223696e-03
1.565100e-01,1.026873e-02,2.884876e-03,1.123582e-02,4.046779e-02,1.699087e-02,1.064009e-03,3.794953e-03,5.114940e-03,1.230884e-03,2.659178e-02,7.164420e-01,1.467624e-03,2.414798e-03,3.520908e-03
1.190571e-01,8.814476e-03,2.598851e-03,8.957902e-03,3.392363e-02,1.524238e-02,1.930159e-03,4.490633e-03,4.568018e-03,9.605268e-04,2.696938e-02,7.664077e-01,1.496610e-03,1.921613e-03,2.661051e-03
8.712517e-02,6.394466e-03,2.113555e-03,6.409901e-03,2.504459e-02,1.157362e-02,1.691429e-03,3.943540e-03,3.674582e-03,9.418152e-04,2.227286e-02,8.240739e-01,1.161952e-03,1.633286e-03,1.945376e-03
6.323078e-02,4.799814e-03,1.759365e-03,4.592746e-03,1.959562e-02,9.141943e-03,1.706967e-03,3.681406e-03,3.152567e-03,8.981472e-04,2.404403e-02,8.597552e-01,9.218017e-04,1.292986e-03,1.426692e-03
5.287437e-02,4.517257e-03,2.671096e-03,3.703679e-03,1.873131e-02,1.017454e-02,2.669139e-03,7.220613e-03,5.050011e-03,1.239742e-03,3.103061e-02,8.559428e-01,9.323232e-04,1.583622e-03,1.658842e-03
4.363547e-02,5.814405e-03,4.173115e-03,3.190123e-03,1.820739e-02,1.221887e-02,3.567176e-03,1.220844e-02,9.821741e-03,2.013751e-03,3.579727e-02,8.437191e-01,8.716378e-04,1.623344e-03,3.138055e-03
5.272853e-02,3.714314e-02,2.450350e-02,4.016703e-03,3.330987e-02,1.204527e-02,3.075885e-03,2.033887e-02,2.534704e-02,6.854165e-03,6.573170e-02,6.997855e-01,1.705751e-03,2.944315e-03,1.046970e-02
5.402183e-02,5.197284e-02,2.667620e-02,4.110543e-03,3.457807e-02,1.184452e-02,2.821101e-03,2.138881e-02,6.154965e-02,4.913592e-02,8.416020e-02,5.751402e-01,2.856074e-03,7.509211e-03,1.223485e-02
5.324356e-02,7.957360e-02,2.767083e-02,4.228657e-03,5.125666e-02,1.399595e-02,2.847178e-03,2.497679e-02,1.459212e-01,3.899937e-02,8.690179e-02,4.484313e-01,3.677859e-03,7.580296e-03,1.069502e-02
8.758388e-02,8.250607e-02,5.940039e-02,6.981164e-03,5.755595e-02,1.436970e-02,4.382488e-03,7.589750e-02,1.262695e-01,3.446982e-02,8.016465e-02,3.457055e-01,5.309544e-03,8.138712e-03,1.126508e-02
9.938803e-02,8.545224e-02,1.666084e-01,1.180595e-02,7.707553e-02,1.822373e-02,3.859203e-03,6.076133e-02,1.051258e-01,2.700137e-02,7.060868e-02,2.503621e-01,4.902391e-03,7.704060e-03,1.112110e-02
1.395162e-01,9.842337e-02,1.792139e-01,1.850939e-02,8.315248e-02,2.474535e-02,4.001216e-03,5.392776e-02,8.591027e-02,2.402781e-02,6.533886e-02,1.957691e-01,5.237810e-03,9.033579e-03,1.319289e-02
1.659935e-01,9.563847e-02,1.516559e-01,2.464032e-02,1.023065e-01,3.252666e-02,3.710906e-03,5.053122e-02,8.493446e-02,3.803621e-02,5.998638e-02,1.570077e-01,5.842909e-03,1.010205e-02,1.708688e-02
1.894760e-01,8.806173e-02,1.413592e-01,6.157204e-02,1.184845e-01,3.101435e-02,3.503365e-03,5.805003e-02,6.688631e-02,3.477484e-02,5.508774e-02,1.220948e-01,5.682829e-03,8.890949e-03,1.506128e-02
2.481124e-01,7.114427e-02,1.221883e-01,7.824112e-02,1.194114e-01,3.033489e-02,2.827528e-03,4.441384e-02,5.303572e-02,5.951663e-02,4.611684e-02,9.577074e-02,5.627360e-03,9.558428e-03,1.370051e-02
2.754340e-01,5.818159e-02,9.665595e-02,8.684973e-02,1.202200e-01,3.447109e-02,2.675231e-03,3.682484e-02,4.796925e-02,9.756535e-02,3.912176e-02,7.372266e-02,6.428445e-03,1.242695e-02,1.145304e-02
2.293208e-01,4.813506e-02,1.089770e-01,1.842500e-01,1.288665e-01,3.347351e-02,2.531801e-03,4.200721e-02,3.835988e-02,7.536705e-02,2.986575e-02,5.502886e-02,5.061406e-03,1.031081e-02,8.444324e-03
2.049275e-01,3.522342e-02,9.987260e-02,2.789167e-01,1.223471e-01,2.964558e-02,2.428214e-03,5.727230e-02,2.960460e-02,5.397057e-02,2.342471e-02,4.254927e-02,4.954404e-03,8.174497e-03,6.688493e-03
1.700827e-01,2.501245e-02,8.355321e-02,2.887144e-01,1.105664e-01,2.141056e-02,2.162794e-03,1.761523e-01,2.116956e-02,3.787959e-02,1.704313e-02,3.081968e-02,4.798265e-03,5.836268e-03,4.798771e-03
1.287000e-01,1.762902e-02,6.743630e-02,2.399750e-01,9.198904e-02,1.542333e-02,1.668911e-03,3.505550e-01,1.502448e-02,2.657456e-02,1.217289e-02,2.177910e-02,3.572131e-03,4.110402e-03,3.389819e-03
1.016266e-01,1.249964e-02,5.475311e-02,2.067680e-01,7.321849e-02,1.144537e-02,1.391485e-03,4.768105e-01,1.070980e-02,1.864470e-02,8.729719e-03,1.538292e-02,2.675468e-03,2.904032e-03,2.440090e-03
8.827614e-02,9.003476e-03,4.339861e-02,1.740141e-01,6.319727e-02,9.842784e-03,1.241796e-03,5.666747e-01,7.610940e-03,1.312539e-02,6.364599e-03,1.097819e-02,2.213559e-03,2.142313e-03,1.916190e-03
1.349431e-01,7.269081e-03,3.086784e-02,1.267340e-01,5.107041e-02,1.057711e-02,1.049983e-03,5.553417e-01,7.106860e-03,9.574410e-03,3.360230e-02,1.556495e-02,1.095757e-02,3.105629e-03,2.235149e-03
1.263394e-01,5.341502e-03,2.175233e-02,9.343553e-02,3.672665e-02,7.835684e-03,7.718391e-04,4.094355e-01,5.869218e-03,8.198336e-03,1.819171e-01,6.748407e-02,2.519480e-02,7.191104e-03,2.506952e-03
9.715091e-02,4.202767e-03,1.572033e-02,8.830737e-02,2.748623e-02,6.123579e-03,5.850641e-04,2.922137e-01,8.859443e-03,1.120064e-02,2.250344e-01,1.619042e-01,5.003111e-02,7.393040e-03,3.787286e-03
7.169268e-02,3.341193e-03,1.159028e-02,8.761918e-02,2.108126e-02,5.150738e-03,4.619575e-04,2.086243e-01,1.028569e-02,1.439061e-02,2.580879e-01,2.263120e-01,7.027960e-02,7.269518e-03,3.813172e-03
6.146412e-02,3.356977e-03,9.312123e-03,8.335505e-02,2.100708e-02,5.524226e-03,4.372943e-04,1.490766e-01,3.024268e-02,1.205099e-02,2.564534e-01,2.539905e-01,1.035048e-01,6.508392e-03,3.715660e-03
6.889863e-02,5.568381e-03,7.265107e-03,8.010499e-02,1.582065e-02,6.907873e-03,4.822687e-04,1.072654e-01,5.591567e-02,1.108629e-02,2.686976e-01,2.584965e-01,9.721975e-02,1.206962e-02,4.201264e-03
6.125969e-02,6.529504e-03,5.336163e-03,7.624160e-02,1.143571e-02,6.874094e-03,4.121290e-04,7.676547e-02,7.235574e-02,8.535566e-03,2.680129e-01,3.031978e-01,8.392227e-02,1.516899e-02,3.952332e-03
6.395527e-02,7.255525e-03,3.961776e-03,6.848673e-02,8.899826e-03,6.408681e-03,4.047539e-04,5.467158e-02,7.343032e-02,6.995311e-03,2.971824e-01,3.222373e-01,6.770699e-02,1.439714e-02,4.006409e-03
6.433615e-02,8.180614e-03,3.232468e-03,5.608539e-02,7.923980e-03,5.620602e-03,3.594389e-04,3.894857e-02,6.177079e-02,7.424685e-03,3.655767e-01,2.966122e-01,6.314325e-02,1.708081e-02,3.704418e-03
5.412143e-02,7.188134e-03,3.655515e-03,5.704958e-02,1.913888e-02,6.195898e-03,5.953611e-04,3.780784e-02,5.669063e-02,9.901186e-03,4.481608e-01,2.296914e-01,4.957844e-02,1.724646e-02,2.978416e-03
1.223828e-01,6.944786e-03,3.291576e-03,4.971557e-02,2.707827e-02,1.048798e-02,8.880229e-04,3.059047e-02,5.323793e-02,1.541722e-02,4.153920e-01,1.951129e-01,4.009294e-02,2.635818e-02,3.009416e-03
1.389803e-01,7.026427e-03,3.418436e-03,3.834178e-02,2.466970e-02,1.102489e-02,8.887084e-04,2.501367e-02,4.316504e-02,1.842620e-02,4.226751e-01,2.022884e-01,3.273383e-02,2.800297e-02,3.344580e-03
1.903505e-01,6.026948e-03,4.532680e-03,2.988425e-02,2.635630e-02,1.008930e-02,1.153818e-03,2.770827e-02,3.599686e-02,1.962508e-02,3.668647e-01,2.236915e-01,2.576167e-02,2.853225e-02,3.425841e-03
2.899096e-01,6.030636e-03,7.068925e-03,2.507334e-02,2.705538e-02,1.110138e-02,1.356153e-03,4.326645e-02,2.870828e-02,1.729696e-02,2.978949e-01,1.918795e-01,2.141159e-02,2.873718e-02,3.209693e-03
4.485141e-01,5.946743e-03,8.057687e-03,2.097247e-02,2.142191e-02,1.320529e-02,1.504447e-03,4.012254e-02,2.079863e-02,1.467406e-02,2.198698e-01,1.425584e-01,1.684706e-02,2.166337e-02,3.843529e-03
1.000000e+00,0.000000e+00,0.000000e+00,0.000000e+00,0.000000e+00,0.000000e+00,0.000000e+00,0.000000e+00,0.000000e+00,0.000000e+00,0.000000e+00,0.000000e+00,0.000000e+00,0.000000e+00,0.000000e+00
1.000000e+00,0.000000e+00,0.000000e+00,0.000000e+00,0.000000e+00,0.000000e+00,0.000000e+00,0.000000e+00,0.000000e+00,0.000000e+00,0.000000e+00,0.000000e+00,0.000000e+00,0.000000e+00,0.000000e+00
1.000000e+00,0.000000e+00,0.000000e+00,0.000000e+00,0.000000e+00,0.000000e+00,0.000000e+00,0.000000e+00,0.000000e+00,0.000000e+00,0.000000e+00,0.000000e+00,0.000000e+00,0.000000e+00,0.000000e+00
4.871508e-01,3.372260e-02,2.952002e-02,5.240818e-02,3.238916e-02,2.723477e-02,5.500067e-03,4.475443e-02,4.366339e-02,4.174165e-02,9.973171e-02,5.608510e-02,1.265027e-02,1.796440e-02,1.548349e-02
4.553389e-01,3.579047e-02,3.980971e-02,6.662874e-02,4.066619e-02,2.898984e-02,5.536029e-03,3.390127e-02,4.450827e-02,6.233565e-02,9.372384e-02,4.587876e-02,1.407013e-02,1.830131e-02,1.452087e-02
3.734634e-01,4.030252e-02,3.951412e-02,9.840453e-02,3.425501e-02,2.788174e-02,4.983940e-03,2.708630e-02,9.701353e-02,5.489243e-02,7.648354e-02,3.766341e-02,1.503369e-02,1.673820e-02,5.628362e-02
3.532560e-01,4.150493e-02,3.252774e-02,8.696291e-02,3.999127e-02,2.551214e-02,4.903311e-03,2.473620e-02,1.142667e-01,6.430086e-02,8.613081e-02,3.482617e-02,1.864357e-02,1.563714e-02,5.680018e-02
3.448223e-01,3.358198e-02,3.326368e-02,1.135126e-01,5.538232e-02,2.286190e-02,4.424644e-03,3.271593e-02,1.125611e-01,5.979937e-02,8.271382e-02,3.192281e-02,1.933078e-02,1.172090e-02,4.138585e-02
2.902449e-01,3.661053e-02,2.669592e-02,9.431471e-02,8.082822e-02,2.688402e-02,3.681288e-03,2.692546e-02,1.839043e-01,6.445818e-02,7.861507e-02,2.660342e-02,1.975515e-02,1.055229e-02,2.992643e-02
2.994779e-01,3.613540e-02,2.415765e-02,1.001621e-01,8.941004e-02,2.789754e-02,3.349459e-03,2.652723e-02,1.859483e-01,6.593819e-02,6.067808e-02,2.765953e-02,1.743498e-02,8.690137e-03,2.653347e-02
3.036545e-01,4.323629e-02,2.197614e-02,8.665786e-02,8.656863e-02,2.760599e-02,2.930600e-03,2.146565e-02,1.989415e-01,4.824271e-02,4.760368e-02,2.875268e-02,2.422627e-02,8.088845e-03,5.004868e-02
3.182145e-01,3.942210e-02,1.969257e-02,1.167561e-01,7.677487e-02,2.464446e-02,3.138113e-03,2.077562e-02,1.977533e-01,3.952847e-02,3.898551e-02,3.302643e-02,2.275513e-02,6.569682e-03,4.196306e-02
4.064504e-01,3.403665e-02,1.508932e-02,1.059108e-01,6.735004e-02,2.174978e-02,2.882635e-03,1.677376e-02,1.718975e-01,2.972472e-02,2.972619e-02,3.032527e-02,2.325428e-02,5.681829e-03,3.914674e-02
4.600983e-01,3.023415e-02,1.215385e-02,8.869220e-02,6.621134e-02,2.657646e-02,2.638045e-03,1.361262e-02,1.596316e-01,2.304442e-02,2.346977e-02,2.767386e-02,2.204351e-02,5.095879e-03,3.882397e-02
4.770263e-01,2.788311e-02,9.182787e-03,7.432155e-02,5.641359e-02,2.664249e-02,2.169139e-03,1.088697e-02,1.653387e-01,1.779361e-02,1.882226e-02,2.561426e-02,2.480597e-02,5.733092e-03,5.736623e-02
3.908424e-01,3.003788e-02,1.057380e-02,1.468501e-01,4.141043e-02,2.119041e-02,1.867242e-03,9.577163e-03,2.039962e-01,1.378202e-02,1.525314e-02,2.096350e-02,2.052950e-02,5.169870e-03,6.795632e-02
3.749979e-01,2.712685e-02,8.281684e-03,1.276708e-01,3.209239e-02,2.043544e-02,1.698747e-03,8.133765e-03,2.263803e-01,1.051943e-02,1.680182e-02,2.237127e-02,5.000461e-02,6.307655e-03,6.717733e-02
3.293900e-01,2.952783e-02,7.242381e-03,1.102818e-01,2.426577e-02,2.191915e-02,1.527103e-03,8.459011e-03,2.234350e-01,8.977437e-03,3.045773e-02,2.388835e-02,8.500552e-02,1.806964e-02,7.755332e-02
3.181120e-01,3.077763e-02,9.657047e-03,9.005009e-02,1.986484e-02,2.631297e-02,1.803196e-03,1.009216e-02,1.748794e-01,7.663242e-03,3.395367e-02,1.980536e-02,1.584695e-01,2.029671e-02,7.826224e-02
2.731576e-01,4.495871e-02,9.572294e-03,6.994782e-02,1.545429e-02,2.853408e-02,2.802318e-03,1.303717e-02,1.438292e-01,1.073982e-02,2.941509e-02,1.749097e-02,2.118309e-01,4.197684e-02,8.725290e-02
2.744174e-01,5.388319e-02,9.014165e-03,5.488051e-02,1.245313e-02,2.601639e-02,2.663719e-03,1.208879e-02,1.093127e-01,9.785984e-03,2.340570e-02,1.387358e-02,2.961311e-01,3.219855e-02,6.987502e-02
3.186911e-01,5.123118e-02,7.877530e-03,4.443362e-02,1.110701e-02,2.373450e-02,2.374017e-03,1.152776e-02,8.331534e-02,9.722447e-03,1.891983e-02,1.147662e-02,3.208497e-01,2.493028e-02,5.980907e-02
3.678742e-01,4.200943e-02,7.818523e-03,3.566603e-02,9.715068e-03,2.392621e-02,2.561360e-03,1.200852e-02,6.478118e-02,1.034262e-02,1.635865e-02,1.214009e-02,3.175474e-01,2.045852e-02,5.679224e-02
3.961014e-01,3.693319e-02,7.277550e-03,2.960841e-02,8.723554e-03,2.197979e-02,2.808861e-03,1.221114e-02,5.464864e-02,9.808978e-03,1.498324e-02,1.207574e-02,3.298791e-01,1.584663e-02,4.711381e-02
4.223657e-01,3.393141e-02,8.852602e-03,2.677800e-02,8.748452e-03,2.719091e-02,3.768423e-03,1.246776e-02,4.538437e-02,9.062939e-03,1.222069e-02,1.368893e-02,3.211898e-01,1.370754e-02,4.064245e-02
4.708894e-01,2.832603e-02,8.469732e-03,2.405293e-02,8.949237e-03,2.445015e-02,3.528135e-03,1.084956e-02,3.781082e-02,8.577118e-03,1.063483e-02,1.648153e-02,3.018276e-01,1.191096e-02,3.324183e-02
4.860595e-01,2.357854e-02,1.520211e-02,2.065830e-02,1.313136e-02,3.216763e-02,2.506633e-02,2.143057e-02,3.394536e-02,8.787307e-03,1.081023e-02,1.854603e-02,2.504309e-01,9.373778e-03,3.081204e-02
4.790089e-01,2.268852e-02,1.815102e-02,2.550480e-02,2.212943e-02,3.222818e-02,2.298380e-02,1.693799e-02,4.148597e-02,9.296080e-03,1.401946e-02,3.668079e-02,2.182118e-01,9.082273e-03,3.159110e-02
4.501243e-01,2.205083e-02,1.918860e-02,2.994662e-02,2.945406e-02,5.454885e-02,2.323798e-02,1.398744e-02,4.760464e-02,1.035998e-02,2.146359e-02,6.085505e-02,1.743089e-01,8.740994e-03,3.412825e-02
4.719108e-01,2.204897e-02,1.872244e-02,3.170269e-02,3.380489e-02,5.171390e-02,2.096931e-02,1.287913e-02,4.826396e-02,1.050691e-02,2.026105e-02,6.042618e-02,1.492790e-01,8.727781e-03,3.878307e-02
4.170080e-01,3.004204e-02,6.194212e-02,6.219172e-02,3.606037e-02,6.959714e-02,1.667798e-02,1.179751e-02,4.236579e-02,1.214702e-02,1.896917e-02,6.675372e-02,1.119482e-01,7.647662e-03,3.485163e-02
3.379798e-01,2.743439e-02,5.431279e-02,1.149742e-01,3.832477e-02,8.808863e-02,1.330187e-02,5.174381e-02,3.748446e-02,1.022610e-02,2.478704e-02,8.012992e-02,8.718394e-02,6.888883e-03,2.713949e-02
3.829334e-01,2.555273e-02,5.701648e-02,9.157911e-02,4.665036e-02,8.211932e-02,1.166702e-02,5.867243e-02,3.914712e-02,8.942232e-03,2.163437e-02,6.352784e-02,8.228445e-02,6.158272e-03,2.211484e-02
4.404485e-01,2.405554e-02,4.690507e-02,8.057891e-02,5.802909e-02,7.361388e-02,1.092292e-02,4.567784e-02,3.419441e-02,1.159680e-02,2.091367e-02,5.000725e-02,7.481156e-02,5.851194e-03,2.239340e-02
