1.000000e+00,0.000000e+00,0.000000e+00,0.000000e+00,0.000000e+00,0.000000e+00,0.000000e+00,0.000000e+00,0.000000e+00,0.000000e+00,0.000000e+00,0.000000e+00,0.000000e+00,0.000000e+00,0.000000e+00
1.000000e+00,0.000000e+00,0.000000e+00,0.000000e+00,0.000000e+00,0.000000e+00,0.000000e+00,0.000000e+00,0.000000e+00,0.000000e+00,0.000000e+00,0.000000e+00,0.000000e+00,0.000000e+00,0.000000e+00
1.000000e+00,0.000000e+00,0.000000e+00,0.000000e+00,0.000000e+00,0.000000e+00,0.000000e+00,0.000000e+00,0.000000e+00,0.000000e+00,0.000000e+00,0.000000e+00,0.000000e+00,0.000000e+00,0.000000e+00
1.000000e+00,0.000000e+00,0.000000e+00,0.000000e+00,0.000000e+00,0.000000e+00,0.000000e+00,0.000000e+00,0.000000e+00,0.000000e+00,0.000000e+00,0.000000e+00,0.000000e+00,0.000000e+00,0.000000e+00
1.000000e+00,0.000000e+00,0.000000e+00,0.000000e+00,0.000000e+00,0.000000e+00,0.000000e+00,0.000000e+00,0.000000e+00,0.000000e+00,0.000000e+00,0.000000e+00,0.000000e+00,0.000000e+00,0.000000e+00
1.000000e+00,0.000000e+00,0.000000e+00,0.000000e+00,0.000000e+00,0.000000e+00,0.000000e+00,0.000000e+00,0.000000e+00,0.000000e+00,0.000000e+00,0.000000e+00,0.000000e+00,0.000000e+00,0.000000e+00
1.000000e+00,0.000000e+00,0.000000e+00,0.000000e+00,0.000000e+00,0.000000e+00,0.000000e+00,0.000000e+00,0.000000e+00,0.000000e+00,0.000000e+00,0.000000e+00,0.000000e+00,0.000000e+00,0.000000e+00
1.000000e+00,0.000000e+00,0.000000e+00,0.000000e+00,0.000000e+00,0.000000e+00,0.000000e+00,0.000000e+00,0.000000e+00,0.000000e+00,0.000000e+00,0.000000e+00,0.000000e+00,0.000000e+00,0.000000e+00
1.000000e+00,0.000000e+00,0.000000e+00,0.000000e+00,0.000000e+00,0.000000e+00,0.000000e+00,0.000000e+00,0.000000e+00,0.000000e+00,0.000000e+00,0.000000e+00,0.000000e+00,0.000000e+00,0.000000e+00
1.000000e+00,0.000000e+00,0.000000e+00,0.000000e+00,0.000000e+00,0.000000e+00,0.000000e+00,0.000000e+00,0.000000e+00,0.000000e+00,0.000000e+00,0.000000e+00,0.000000e+00,0.000000e+00,0.000000e+00
1.000000e+00,0.000000e+00,0.000000e+00,0.000000e+00,0.000000e+00,0.000000e+00,0.000000e+00,0.000000e+00,0.000000e+00,0.000000e+00,0.000000e+00,0.000000e+00,0.000000e+00,0.000000e+00,0.000000e+00
1.000000e+00,0.000000e+00,0.000000e+00,0.000000e+00,0.000000e+00,0.000000e+00,0.000000e+00,0.000000e+00,0.000000e+00,0.000000e+00,0.000000e+00,0.000000e+00,0.000000e+00,0.000000e+00,0.000000e+00
1.000000e+00,0.000000e+00,0.000000e+00,0.000000e+00,0.000000e+00,0.000000e+00,0.000000e+00,0.000000e+00,0.000000e+00,0.000000e+00,0.000000e+00,0.000000e+00,0.000000e+00,0.000000e+00,0.000000e+00
1.000000e+00,0.000000e+00,0.000000e+00,0.000000e+00,0.000000e+00,0.000000e+00,0.000000e+00,0.000000e+00,0.000000e+00,0.000000e+00,0.000000e+00,0.000000e+00,0.000000e+00,0.000000e+00,0.000000e+00
1.000000e+00,0.000000e+00,0.000000e+00,0.000000e+00,0.000000e+00,0.000000e+00,0.000000e+00,0.000000e+00,0.000000e+00,0.000000e+00,0.000000e+00,0.000000e+00,0.000000e+00,0.000000e+00,0.000000e+00
1.000000e+00,0.000000e+00,0.000000e+00,0.000000e+00,0.000000e+00,0.000000e+00,0.000000e+00,0.000000e+00,0.000000e+00,0.000000e+00,0.000000e+00,0.000000e+00,0.000000e+00,0.000000e+00,0.000000e+00
1.000000e+00,0.000000e+00,0.000000e+00,0.000000e+00,0.000000e+00,0.000000e+00,0.000000e+00,0.000000e+00,0.000000e+00,0.000000e+00,0.000000e+00,0.000000e+00,0.000000e+00,0.000000e+00,0.000000e+00
1.000000e+00,0.000000e+00,0.000000e+00,0.000000e+00,0.000000e+00,0.000000e+00,0.000000e+00,0.000000e+00,0.000000e+00,0.000000e+00,0.000000e+00,0.000000e+00,0.000000e+00,0.000000e+00,0.000000e+00
1.000000e+00,0.000000e+00,0.000000e+00,0.000000e+00,0.000000e+00,0.000000e+00,0.000000e+00,0.000000e+00,0.000000e+00,0.000000e+00,0.000000e+00,0.000000e+00,0.000000e+00,0.000000e+00,0.000000e+00
1.000000e+00,0.000000e+00,0.000000e+00,0.000000e+00,0.000000e+00,0.000000e+00,0.000000e+00,0.000000e+00,0.000000e+00,0.000000e+00,0.000000e+00,0.000000e+00,0.000000e+00,0.000000e+00,0.000000e+00
1.000000e+00,0.000000e+00,0.000000e+00,0.000000e+00,0.000000e+00,0.000000e+00,0.000000e+00,0.000000e+00,0.000000e+00,0.000000e+00,0.000000e+00,0.000000e+00,0.000000e+00,0.000000e+00,0.000000e+00
1.000000e+00,0.000000e+00,0.000000e+00,0.000000e+00,0.000000e+00,0.000000e+00,0.000000e+00,0.000000e+00,0.000000e+00,0.000000e+00,0.000000e+00,0.000000e+00,0.000000e+00,0.000000e+00,0.000000e+00
1.000000e+00,0.000000e+00,0.000000e+00,0.000000e+00,0.000000e+00,0.000000e+00,0.000000e+00,0.000000e+00,0.000000e+00,0.000000e+00,0.000000e+00,0.000000e+00,0.000000e+00,0.000000e+00,0.000000e+00
1.000000e+00,0.000000e+00,0.000000e+00,0.000000e+00,0.000000e+00,0.000000e+00,0.000000e+00,0.000000e+00,0.000000e+00,0.000000e+00,0.000000e+00,0.000000e+00,0.000000e+00,0.000000e+00,0.000000e+00
1.000000e+00,0.000000e+00,0.000000e+00,0.000000e+00,0.000000e+00,0.000000e+00,0.000000e+00,0.000000e+00,0.000000e+00,0.000000e+00,0.000000e+00,0.000000e+00,0.000000e+00,0.000000e+00,0.000000e+00
1.000000e+00,0.000000e+00,0.000000e+00,0.000000e+00,0.000000e+00,0.000000e+00,0.000000e+00,0.000000e+00,0.000000e+00,0.000000e+00,0.000000e+00,0.000000e+00,0.000000e+00,0.000000e+00,0.000000e+00
1.000000e+00,0.000000e+00,0.000000e+00,0.000000e+00,0.000000e+00,0.000000e+00,0.000000e+00,0.000000e+00,0.000000e+00,0.000000e+00,0.000000e+00,0.000000e+00,0.000000e+00,0.000000e+00,0.000000e+00
1.000000e+00,0.000000e+00,0.000000e+00,0.000000e+00,0.000000e+00,0.000000e+00,0.000000e+00,0.000000e+00,0.000000e+00,0.000000e+00,0.000000e+00,0.000000e+00,0.000000e+00,0.000000e+00,0.000000e+00
1.000000e+00,0.000000e+00,0.000000e+00,0.000000e+00,0.000000e+00,0.000000e+00,0.000000e+00,0.000000e+00,0.000000e+00,0.000000e+00,0.000000e+00,0.000000e+00,0.000000e+00,0.000000e+00,0.000000e+00
1.000000e+00,0.000000e+00,0.000000e+00,0.000000e+00,0.000000e+00,0.000000e+00,0.000000e+00,0.000000e+00,0.000000e+00,0.000000e+00,0.000000e+00,0.000000e+00,0.000000e+00,0.000000e+00,0.000000e+00
1.000000e+00,0.000000e+00,0.000000e+00,0.000000e+00,0.000000e+00,0.000000e+00,0.000000e+00,0.000000e+00,0.000000e+00,0.000000e+00,0.000000e+00,0.000000e+00,0.000000e+00,0.000000e+00,0.000000e+00
1.000000e+00,0.000000e+00,0.000000e+00,0.000000e+00,0.000000e+00,0.000000e+00,0.000000e+00,0.000000e+00,0.000000e+00,0.000000e+00,0.000000e+00,0.000000e+00,0.000000e+00,0.000000e+00,0.000000e+00
1.000000e+00,0.000000e+00,0.000000e+00,0.000000e+00,0.000000e+00,0.000000e+00,0.000000e+00,0.000000e+00,0.000000e+00,0.000000e+00,0.000000e+00,0.000000e+00,0.000000e+00,0.000000e+00,0.000000e+00
1.000000e+00,0.000000e+00,0.000000e+00,0.000000e+00,0.000000e+00,0.000000e+00,0.000000e+00,0.000000e+00,0.000000e+00,0.000000e+00,0.000000e+00,0.000000e+00,0.000000e+00,0.000000e+00,0.000000e+00
1.000000e+00,0.000000e+00,0.000000e+00,0.000000e+00,0.000000e+00,0.000000e+00,0.000000e+00,0.000000e+00,0.000000e+00,0.000000e+00,0.000000e+00,0.000000e+00,0.000000e+00,0.000000e+00,0.000000e+00
1.000000e+00,0.000000e+00,0.000000e+00,0.000000e+00,0.000000e+00,0.000000e+00,0.000000e+00,0.000000e+00,0.000000e+00,0.000000e+00,0.000000e+00,0.000000e+00,0.000000e+00,0.000000e+00,0.000000e+00
1.000000e+00,0.000000e+00,0.000000e+00,0.000000e+00,0.000000e+00,0.000000e+00,0.000000e+00,0.000000e+00,0.000000e+00,0.000000e+00,0.000000e+00,0.000000e+00,0.000000e+00,0.000000e+00,0.000000e+00
1.000000e+00,0.000000e+00,0.000000e+00,0.000000e+00,0.000000e+00,0.000000e+00,0.000000e+00,0.000000e+00,0.000000e+00,0.000000e+00,0.000000e+00,0.000000e+00,0.000000e+00,0.000000e+00,0.000000e+00
1.000000e+00,0.000000e+00,0.000000e+00,0.000000e+00,0.000000e+00,0.000000e+00,0.000000e+00,0.000000e+00,0.000000e+00,0.000000e+00,0.000000e+00,0.000000e+00,0.000000e+00,0.000000e+00,0.000000e+00
1.000000e+00,0.000000e+00,0.000000e+00,0.000000e+00,0.000000e+00,0.000000e+00,0.000000e+00,0.000000e+00,0.000000e+00,0.000000e+00,0.000000e+00,0.000000e+00,0.000000e+00,0.000000e+00,0.000000e+00
1.000000e+00,0.000000e+00,0.000000e+00,0.000000e+00,0.000000e+00,0.000000e+00,0.000000e+00,0.000000e+00,0.000000e+00,0.000000e+00,0.000000e+00,0.000000e+00,0.000000e+00,0.000000e+00,0.000000e+00
1.000000e+00,0.000000e+00,0.000000e+00,0.000000e+00,0.000000e+00,0.000000e+00,0.000000e+00,0.000000e+00,0.000000e+00,0.000000e+00,0.000000e+00,0.000000e+00,0.000000e+00,0.000000e+00,0.000000e+00
1.000000e+00,0.000000e+00,0.000000e+00,0.000000e+00,0.000000e+00,0.000000e+00,0.000000e+00,0.000000e+00,0.000000e+00,0.000000e+00,0.000000e+00,0.000000e+00,0.000000e+00,0.000000e+00,0.000000e+00
1.000000e+00,0.000000e+00,0.000000e+00,0.000000e+00,0.000000e+00,0.000000e+00,0.000000e+00,0.000000e+00,0.000000e+00,0.000000e+00,0.000000e+00,0.000000e+00,0.000000e+00,0.000000e+00,0.000000e+00
1.000000e+00,0.000000e+00,0.000000e+00,0.000000e+00,0.000000e+00,0.000000e+00,0.000000e+00,0.000000e+00,0.000000e+00,0.000000e+00,0.000000e+00,0.000000e+00,0.000000e+00,0.000000e+00,0.000000e+00
1.000000e+00,0.000000e+00,0.000000e+00,0.000000e+00,0.000000e+00,0.000000e+00,0.000000e+00,0.000000e+00,0.000000e+00,0.000000e+00,0.000000e+00,0.000000e+00,0.000000e+00,0.000000e+00,0.000000e+00
1.000000e+00,0.000000e+00,0.000000e+00,0.000000e+00,0.000000e+00,0.000000e+00,0.000000e+00,0.000000e+00,0.000000e+00,0.000000e+00,0.000000e+00,0.000000e+00,0.000000e+00,0.000000e+00,0.000000e+00
1.000000e+00,0.000000e+00,0.000000e+00,0.000000e+00,0.000000e+00,0.000000e+00,0.000000e+00,0.000000e+00,0.000000e+00,0.000000e+00,0.000000e+00,0.000000e+00,0.000000e+00,0.000000e+00,0.000000e+00
1.000000e+00,0.000000e+00,0.000000e+00,0.000000e+00,0.000000e+00,0.000000e+00,0.000000e+00,0.000000e+00,0.000000e+00,0.000000e+00,0.000000e+00,0.000000e+00,0.000000e+00,0.000000e+00,0.000000e+00
1.000000e+00,0.000000e+00,0.000000e+00,0.000000e+00,0.000000e+00,0.000000e+00,0.000000e+00,0.000000e+00,0.000000e+00,0.000000e+00,0.000000e+00,0.000000e+00,0.000000e+00,0.000000e+00,0.000000e+00
1.000000e+00,0.000000e+00,0.000000e+00,0.000000e+00,0.000000e+00,0.000000e+00,0.000000e+00,0.000000e+00,0.000000e+00,0.000000e+00,0.000000e+00,0.000000e+00,0.000000e+00,0.000000e+00,0.000000e+00
1.000000e+00,0.000000e+00,0.000000e+00,0.000000e+00,0.000000e+00,0.000000e+00,0.000000e+00,0.000000e+00,0.000000e+00,0.000000e+00,0.000000e+00,0.000000e+00,0.000000e+00,0.000000e+00,0.000000e+00
1.000000e+00,0.000000e+00,0.000000e+00,0.000000e+00,0.000000e+00,0.000000e+00,0.000000e+00,0.000000e+00,0.000000e+00,0.000000e+00,0.000000e+00,0.000000e+00,0.000000e+00,0.000000e+00,0.000000e+00
1.000000e+00,0.000000e+00,0.000000e+00,0.000000e+00,0.000000e+00,0.000000e+00,0.000000e+00,0.000000e+00,0.000000e+00,0.000000e+00,0.000000e+00,0.000000e+00,0.000000e+00,0.000000e+00,0.000000e+00
1.000000e+00,0.000000e+00,0.000000e+00,0.000000e+00,0.000000e+00,0.000000e+00,0.000000e+00,0.000000e+00,0.000000e+00,0.000000e+00,0.000000e+00,0.000000e+00,0.000000e+00,0.000000e+00,0.000000e+00
1.000000e+00,0.000000e+00,0.000000e+00,0.000000e+00,0.000000e+00,0.000000e+00,0.000000e+00,0.000000e+00,0.000000e+00,0.000000e+00,0.000000e+00,0.000000e+00,0.000000e+00,0.000000e+00,0.000000e+00
1.000000e+00,0.000000e+00,0.000000e+00,0.000000e+00,0.000000e+00,0.000000e+00,0.000000e+00,0.000000e+00,0.000000e+00,0.000000e+00,0.000000e+00,0.000000e+00,0.000000e+00,0.000000e+00,0.000000e+00
1.000000e+00,0.000000e+00,0.000000e+00,0.000000e+00,0.000000e+00,0.000000e+00,0.000000e+00,0.000000e+00,0.000000e+00,0.000000e+00,0.000000e+00,0.000000e+00,0.000000e+00,0.000000e+00,0.000000e+00
1.000000e+00,0.000000e+00,0.000000e+00,0.000000e+00,0.000000e+00,0.000000e+00,0.000000e+00,0.000000e+00,0.000000e+00,0.000000e+00,0.000000e+00,0.000000e+00,0.000000e+00,0.000000e+00,0.000000e+00
1.000000e+00,0.000000e+00,0.000000e+00,0.000000e+00,0.000000e+00,0.000000e+00,0.000000e+00,0.000000e+00,0.000000e+00,0.000000e+00,0.000000e+00,0.000000e+00,0.000000e+00,0.000000e+00,0.000000e+00
4.428248e-01,2.774344e-02,4.500789e-02,2.553212e-01,5.629904e-03,1.888443e-02,3.551145e-03,9.971310e-03,2.330778e-02,2.898528e-03,4.603747e-02,6.320417e-02,1.926914e-02,2.651541e-03,3.369725e-02
3.276250e-01,4.015606e-02,3.279107e-02,2.440568e-01,4.227668e-03,1.836682e-02,2.654457e-03,7.413003e-03,4.341897e-02,5.739551e-03,4.302045e-02,1.177053e-01,1.902643e-02,6.361001e-03,8.743746e-02
2.474783e-01,4.407326e-02,2.336785e-02,2.012440e-01,3.278316e-03,1.687790e-02,2.019215e-03,5.708153e-03,1.169342e-01,4.944165e-03,4.100705e-02,1.878540e-01,2.635083e-02,6.070194e-03,7.279263e-02
1.827662e-01,5.011596e-02,1.701077e-02,1.724240e-01,2.596995e-03,1.505237e-02,1.486756e-03,4.255186e-03,1.940157e-01,6.056022e-03,4.020752e-02,2.059882e-01,2.686329e-02,8.328045e-03,7.283301e-02
1.386591e-01,4.706877e-02,1.298974e-02,1.310490e-01,4.692671e-03,1.409842e-02,1.328503e-03,3.386079e-03,3.082819e-01,5.223337e-03,4.183947e-02,1.705434e-01,2.378473e-02,2.450503e-02,7.254985e-02
1.486344e-01,3.806245e-02,1.165141e-02,1.596509e-01,5.798020e-03,1.539553e-02,1.617187e-03,3.277014e-03,2.803610e-01,6.581707e-03,3.900411e-02,1.239953e-01,2.384754e-02,4.480802e-02,9.731545e-02
1.684237e-01,2.897665e-02,1.151511e-02,1.236359e-01,5.372082e-03,1.372689e-02,1.910710e-03,2.806220e-03,2.172568e-01,6.223367e-03,3.138025e-02,8.996111e-02,1.851156e-02,1.731943e-01,1.071054e-01
1.536024e-01,2.352408e-02,1.416514e-02,9.123411e-02,5.739943e-03,1.238021e-02,1.532845e-03,2.852774e-03,1.687393e-01,6.553002e-03,3.871030e-02,6.813020e-02,1.786914e-02,3.079111e-01,8.705543e-02
1.301232e-01,2.640375e-02,1.287845e-02,7.573517e-02,6.686571e-03,1.277178e-02,1.628529e-03,3.889489e-03,1.632971e-01,7.412353e-03,4.257939e-02,6.099563e-02,2.933669e-02,3.365642e-01,8.969770e-02
9.462892e-02,2.493254e-02,1.086053e-02,6.255937e-02,5.191798e-03,9.721919e-03,1.214064e-03,2.824899e-03,1.423863e-01,1.014734e-02,3.218582e-02,4.545452e-02,2.282437e-02,2.950345e-01,2.400330e-01
1.348924e-01,2.565305e-02,8.541331e-03,5.134522e-02,4.552572e-03,1.008273e-02,1.194202e-03,2.562823e-03,1.255129e-01,9.814838e-03,3.001262e-02,3.569068e-02,1.966940e-02,3.084611e-01,2.320142e-01
1.838905e-01,2.195875e-02,7.226262e-03,4.017816e-02,3.876376e-03,1.092916e-02,1.825936e-03,2.287633e-03,9.717305e-02,8.669823e-03,2.332808e-02,2.766664e-02,1.534289e-02,3.527706e-01,2.028761e-01
1.787597e-01,1.926073e-02,6.370041e-03,3.154199e-02,7.372361e-03,9.513637e-03,1.488070e-03,2.129389e-03,7.735816e-02,8.277232e-03,2.071957e-02,2.221072e-02,1.368109e-02,4.249200e-01,1.763974e-01
1.843386e-01,2.102231e-02,5.746036e-03,2.535671e-02,8.654690e-03,9.779449e-03,1.390305e-03,2.332791e-03,6.955808e-02,1.065705e-02,1.797418e-02,1.709252e-02,1.193572e-02,4.221320e-01,1.920296e-01
1.632125e-01,4.434909e-02,5.627075e-03,4.052106e-02,7.183063e-03,1.247765e-02,1.426064e-03,2.596695e-03,1.065505e-01,1.120439e-02,1.648389e-02,1.323339e-02,1.179659e-02,3.021933e-01,2.611447e-01
1.395880e-01,8.753221e-02,5.887846e-03,3.250427e-02,6.504421e-03,1.463070e-02,1.638461e-03,3.032576e-03,1.090053e-01,1.066428e-02,1.479832e-02,1.043351e-02,1.124283e-02,2.500120e-01,3.025252e-01
1.619078e-01,1.327143e-01,6.405142e-03,3.570634e-02,6.021116e-03,1.831753e-02,1.779632e-03,3.421121e-03,1.091368e-01,8.346147e-03,1.798698e-02,9.736790e-03,9.407429e-03,2.111817e-01,2.679312e-01
1.387080e-01,1.051201e-01,6.364071e-03,2.547927e-02,5.001907e-03,1.776291e-02,1.559653e-03,2.676788e-03,8.692203e-02,6.650203e-03,1.840860e-02,8.035105e-03,7.624386e-03,3.427992e-01,2.268878e-01
1.432127e-01,8.575089e-02,6.099781e-03,1.875908e-02,5.300825e-03,2.133984e-02,1.447218e-03,3.174607e-03,9.010348e-02,7.241973e-03,2.793200e-02,8.636314e-03,8.235350e-03,3.371176e-01,2.356483e-01
1.119795e-01,6.313978e-02,5.652161e-03,1.466792e-02,4.785466e-03,1.782827e-02,1.117923e-03,2.527140e-03,8.199833e-02,3.442674e-02,4.973914e-02,2.143663e-02,1.492176e-02,2.702125e-01,3.055668e-01
8.908938e-02,5.093210e-02,5.240830e-03,1.109418e-02,1.058780e-02,1.849872e-02,3.051717e-03,3.117081e-03,2.087592e-01,6.429718e-02,5.785235e-02,1.753948e-02,1.656557e-02,2.130761e-01,2.302982e-01
7.889487e-02,4.816130e-02,4.271547e-03,9.078600e-03,1.675212e-02,2.325032e-02,3.020232e-03,3.789594e-03,3.321805e-01,5.088606e-02,5.266204e-02,1.432061e-02,1.709070e-02,1.655424e-01,1.800991e-01
7.513508e-02,4.881719e-02,8.976654e-03,4.425670e-02,2.956349e-02,3.203493e-02,3.825857e-03,1.322380e-02,3.887149e-01,3.896723e-02,4.138909e-02,1.147199e-02,1.538937e-02,1.181485e-01,1.300852e-01
1.058510e-01,4.643436e-02,8.584168e-03,4.646375e-02,5.811505e-02,5.837391e-02,5.404446e-03,1.204541e-02,3.926120e-01,2.889844e-02,3.114429e-02,8.748022e-03,1.354792e-02,8.449229e-02,9.928496e-02
1.771053e-01,4.215079e-02,8.979131e-03,7.508756e-02,6.079191e-02,7.723272e-02,5.313197e-03,1.326447e-02,3.329493e-01,2.212687e-02,2.411693e-02,8.205490e-03,1.135573e-02,6.095619e-02,8.036436e-02
2.040020e-01,3.382010e-02,1.508281e-02,6.354073e-02,8.237563e-02,9.378832e-02,4.959817e-03,7.506976e-02,2.763014e-01,1.575685e-02,1.816874e-02,7.075986e-03,9.372135e-03,4.337574e-02,5.730990e-02
1.941444e-01,2.511328e-02,1.285789e-02,5.001388e-02,8.007713e-02,7.291679e-02,4.641012e-03,2.384337e-01,2.110032e-01,1.129100e-02,1.351658e-02,6.172421e-03,7.802792e-03,3.078277e-02,4.123308e-02
1.603219e-01,1.797600e-02,9.685853e-03,3.704051e-02,6.332180e-02,5.244992e-02,3.917611e-03,4.265481e-01,1.499036e-01,7.974826e-03,9.764569e-03,4.522404e-03,5.904248e-03,2.165782e-02,2.901085e-02
1.302537e-01,1.290089e-02,7.141924e-03,2.640739e-02,4.774472e-02,3.771181e-02,4.259825e-03,5.717094e-01,1.054202e-01,5.639212e-03,7.057040e-03,3.468114e-03,4.507744e-03,1.523721e-02,2.054082e-02
9.547094e-02,9.171262e-03,5.271833e-03,1.868711e-02,3.473175e-02,2.776127e-02,3.708170e-03,6.911670e-01,7.384901e-02,3.965075e-03,5.043739e-03,2.593683e-03,3.365632e-03,1.068408e-02,1.452950e-02
6.825104e-02,6.452755e-03,3.737834e-03,1.313702e-02,2.815797e-02,1.956780e-02,2.748874e-03,7.778951e-01,5.171272e-02,2.779461e-03,3.612213e-03,1.837089e-03,2.447146e-03,7.481876e-03,1.018118e-02
4.899898e-02,4.538523e-03,2.639603e-03,9.241933e-03,2.361976e-02,1.376499e-02,1.995857e-03,8.390610e-01,3.622096e-02,1.946555e-03,2.560702e-03,1.296899e-03,1.743731e-03,5.239166e-03,7.131362e-03
3.694214e-02,3.268876e-03,2.066409e-03,6.786373e-03,2.939526e-02,1.029108e-02,1.636039e-03,8.693585e-01,2.546511e-02,1.378267e-03,2.072666e-03,1.047612e-03,1.553232e-03,3.695177e-03,5.043252e-03
2.909985e-02,2.380982e-03,1.616745e-03,4.977881e-03,3.234376e-02,7.653188e-03,1.346860e-03,8.919399e-01,1.789296e-02,9.713706e-04,1.604996e-03,7.826803e-04,1.234783e-03,2.598515e-03,3.555552e-03
2.438125e-02,1.719287e-03,1.476045e-03,3.699580e-03,2.707268e-02,5.714039e-03,1.225200e-03,9.143476e-01,1.255229e-02,6.875317e-04,1.212996e-03,6.023251e-04,9.664843e-04,1.829004e-03,2.513641e-03
2.038285e-02,1.238120e-03,1.306026e-03,2.864658e-03,2.085978e-02,4.159729e-03,1.011196e-03,9.336424e-01,8.805591e-03,4.902498e-04,9.592602e-04,4.641932e-04,7.557954e-04,1.286971e-03,1.773182e-03
1.701843e-02,8.865991e-04,1.099737e-03,2.222352e-03,1.562645e-02,3.083923e-03,8.025017e-04,9.488286e-01,6.178130e-03,3.522878e-04,7.653607e-04,3.709916e-04,6.020924e-04,9.067060e-04,1.255788e-03
1.359812e-02,6.433467e-04,1.142328e-03,1.773730e-03,1.161750e-02,2.330612e-03,7.471503e-04,9.603617e-01,4.384794e-03,2.703104e-04,6.467988e-04,4.284649e-04,5.087043e-04,6.463694e-04,9.000353e-04
1.153941e-02,4.906019e-04,1.030774e-03,1.461976e-03,8.955794e-03,1.996574e-03,6.696859e-04,9.671469e-01,3.436512e-03,2.515138e-04,6.663613e-04,6.117673e-04,5.775662e-04,4.742915e-04,6.902582e-04
1.161736e-02,3.639868e-04,7.740665e-04,1.252603e-03,6.975788e-03,1.739061e-03,5.308127e-04,9.713587e-01,2.650892e-03,1.943648e-04,6.195251e-04,5.282403e-04,5.080955e-04,3.465339e-04,5.399875e-04
1.042621e-02,2.627670e-04,5.588203e-04,1.000412e-03,5.112073e-03,1.362087e-03,3.872818e-04,9.768634e-01,1.942345e-03,1.392886e-04,4.778996e-04,3.926232e-04,4.082869e-04,2.446944e-04,4.218001e-04
1.570032e-02,2.239083e-04,4.583060e-04,8.816757e-04,3.919054e-03,2.847458e-03,3.287831e-04,9.702488e-01,2.192045e-03,1.250155e-04,6.670551e-04,5.205048e-04,1.108197e-03,1.965566e-04,5.822932e-04
2.280864e-02,1.354604e-03,5.753912e-04,4.162225e-03,4.512691e-03,2.731506e-02,4.687645e-04,7.515683e-01,5.535356e-02,8.257118e-04,9.579927e-03,9.659949e-03,9.573574e-02,9.046583e-04,1.517483e-02
1.864021e-02,1.442138e-03,5.372012e-04,1.385374e-02,3.638457e-03,2.892621e-02,4.920526e-04,5.540845e-01,1.268445e-01,2.267775e-03,2.409256e-02,1.110745e-02,1.952446e-01,8.526560e-04,1.797587e-02
1.639950e-02,1.393952e-03,9.017515e-04,1.660499e-02,3.541303e-03,2.588852e-02,1.014097e-03,3.984707e-01,1.108035e-01,1.874328e-03,2.451964e-02,1.393041e-02,3.666195e-01,8.024306e-04,1.723537e-02
1.280408e-02,1.200490e-03,8.372713e-04,1.261411e-02,4.344690e-03,2.349589e-02,9.979075e-04,2.806726e-01,7.990576e-02,1.349775e-03,2.293557e-02,3.008908e-02,5.153270e-01,6.179664e-04,1.280784e-02
9.533124e-03,9.548799e-04,7.574271e-04,9.009928e-03,3.404315e-03,2.427007e-02,8.550134e-04,1.966628e-01,5.727091e-02,9.746600e-04,1.700094e-02,3.920754e-02,6.306050e-01,4.475047e-04,9.045917e-03
6.792935e-03,8.525585e-04,1.173341e-03,6.348413e-03,3.538178e-03,1.842216e-02,6.468722e-04,1.376733e-01,4.282774e-02,1.040371e-03,1.300201e-02,1.190495e-01,6.419275e-01,3.330305e-04,6.371988e-03
4.897861e-03,6.605245e-04,1.015882e-03,4.457715e-03,2.817929e-03,1.413964e-02,4.821046e-04,9.637572e-02,3.193831e-02,1.479242e-03,9.866644e-03,1.980250e-01,6.291175e-01,2.445891e-04,4.481392e-03
3.512742e-03,5.007628e-04,7.366640e-04,3.135772e-03,2.212975e-03,1.072758e-02,3.822965e-04,6.746889e-02,2.332793e-02,2.441320e-03,8.509773e-03,4.065779e-01,4.671078e-01,2.025491e-04,3.155097e-03
2.505143e-03,3.909608e-04,5.232089e-04,2.200120e-03,1.902067e-03,7.558455e-03,3.060402e-04,4.723392e-02,1.850052e-02,2.785183e-03,7.642115e-03,5.696666e-01,3.364137e-01,1.550905e-04,2.216991e-03
1.942640e-03,4.136395e-04,4.590943e-04,1.562743e-03,3.154288e-03,6.285154e-03,1.944941e-03,3.368727e-02,1.400413e-02,3.786160e-03,5.799300e-03,6.588195e-01,2.664627e-01,1.213199e-04,1.557143e-03
1.446793e-03,3.117521e-04,3.372845e-04,1.100100e-03,3.114505e-03,5.453258e-03,1.456349e-03,2.368807e-02,1.086653e-02,4.840984e-03,6.393868e-03,7.475328e-01,1.922491e-01,1.133598e-04,1.095226e-03
1.041134e-03,2.242135e-04,2.433878e-04,7.726041e-04,3.411673e-03,4.081556e-03,1.049647e-03,1.661675e-02,8.370208e-03,5.015575e-03,5.435797e-03,8.156816e-01,1.371933e-01,9.271441e-05,7.699026e-04
8.327035e-04,1.930187e-04,1.978450e-04,5.471279e-04,8.622179e-03,3.351796e-03,7.815213e-04,1.182954e-02,8.426107e-03,4.973233e-03,6.581077e-03,8.556589e-01,9.737536e-02,8.784058e-05,5.417854e-04
6.385096e-04,1.584086e-04,1.842767e-04,3.871095e-04,1.125921e-02,2.492962e-03,5.611916e-04,8.438994e-03,9.069790e-03,5.210911e-03,6.478073e-03,8.856276e-01,6.902558e-02,8.665577e-05,3.808168e-04
5.232638e-04,1.249919e-04,1.521702e-04,2.797820e-04,2.204463e-02,1.790546e-03,4.137585e-04,6.186828e-03,1.203090e-02,4.968029e-03,5.382889e-03,8.963998e-01,4.935428e-02,8.005881e-05,2.680885e-04
4.856087e-04,1.384505e-04,1.595311e-04,2.126696e-04,2.689569e-02,1.353981e-03,3.109637e-04,4.682629e-03,1.699885e-02,5.961621e-03,5.063855e-03,9.010831e-01,3.636072e-02,1.027552e-04,1.895098e-04
4.205394e-04,3.657530e-04,2.431866e-04,1.600633e-04,3.005277e-02,9.793302e-04,2.351818e-04,3.501427e-03,3.807425e-02,6.364750e-03,4.727556e-03,8.869682e-01,2.765229e-02,1.186382e-04,1.360106e-04
4.380123e-04,1.005614e-02,3.328939e-03,1.375025e-04,2.450010e-02,7.852654e-04,1.689594e-04,2.643920e-03,8.224167e-02,9.400768e-03,4.531444e-03,8.373369e-01,2.414990e-02,1.753364e-04,1.051370e-04
3.190138e-04,8.666269e-03,2.343342e-03,9.856000e-05,1.745232e-02,5.746288e-04,1.186065e-04,1.874152e-03,3.547211e-01,6.585327e-03,3.199707e-03,5.868902e-01,1.695881e-02,1.239172e-04,7.413929e-05
2.711857e-04,6.616867e-03,1.680567e-03,1.166097e-04,2.366043e-02,5.646885e-04,9.066399e-05,1.395665e-03,5.353220e-01,4.754545e-03,2.296275e-03,4.111336e-01,1.193415e-02,1.035149e-04,5.919313e-05
1.031261e-03,5.356628e-03,1.275419e-03,1.356789e-03,2.286970e-02,5.515730e-03,6.514225e-05,1.096771e-03,6.540989e-01,3.533128e-03,3.036210e-03,2.898324e-01,1.066937e-02,1.385587e-04,1.239399e-04
6.754222e-03,7.523756e-03,1.310051e-03,2.960643e-03,3.433842e-02,1.563242e-02,4.850802e-05,1.015555e-03,6.785538e-01,2.874097e-03,1.943703e-02,2.129256e-01,1.525872e-02,6.955937e-04,6.715803e-04
1.777394e-02,1.713968e-02,2.109508e-03,6.879915e-03,5.111035e-02,2.351484e-02,1.596292e-04,1.522175e-03,6.279058e-01,4.114895e-03,3.038814e-02,1.655148e-01,3.339400e-02,1.544357e-03,1.692789e-02
3.281678e-02,2.213518e-02,1.311759e-02,2.500591e-02,6.695169e-02,2.103590e-02,9.647578e-04,1.041214e-02,5.914341e-01,5.453716e-03,3.106914e-02,1.221708e-01,3.482727e-02,2.171355e-03,2.043371e-02
5.174625e-02,2.466283e-02,1.247990e-02,2.868330e-02,1.048925e-01,1.788958e-02,1.432181e-03,1.054680e-02,5.378812e-01,5.150459e-03,3.177182e-02,9.628261e-02,3.892493e-02,5.386918e-03,3.226877e-02
4.863263e-02,2.634509e-02,1.326530e-02,1.175200e-01,1.129292e-01,1.424682e-02,1.448391e-03,2.777718e-02,4.132637e-01,5.465239e-03,4.827657e-02,7.468928e-02,4.137976e-02,6.620010e-03,4.814089e-02
5.450814e-02,2.293683e-02,1.325198e-02,1.098437e-01,1.078422e-01,1.282780e-02,1.552478e-03,3.045943e-02,3.222111e-01,6.829894e-03,7.362732e-02,6.147318e-02,6.474718e-02,1.469181e-02,1.031970e-01
6.583299e-02,2.107965e-02,1.392229e-02,9.155927e-02,1.302633e-01,1.520731e-02,3.773071e-03,5.390982e-02,2.764624e-01,1.091737e-02,7.859160e-02,5.234396e-02,6.439935e-02,1.426475e-02,1.074728e-01
7.210444e-02,2.002163e-02,1.280048e-02,7.017407e-02,1.287614e-01,1.494402e-02,5.146728e-03,9.612963e-02,2.862068e-01,1.220165e-02,6.583293e-02,4.574564e-02,5.480830e-02,1.386641e-02,1.012559e-01
7.271961e-02,2.071315e-02,1.227766e-02,5.472412e-02,1.434647e-01,1.970456e-02,4.643657e-03,1.108198e-01,2.908860e-01,1.378895e-02,5.669399e-02,3.653073e-02,4.644354e-02,1.410412e-02,1.024854e-01
6.270624e-02,2.893101e-02,1.491664e-02,4.094801e-02,1.203873e-01,3.477161e-02,3.929678e-03,1.626316e-01,3.076587e-01,2.075456e-02,4.856540e-02,2.641103e-02,3.606855e-02,1.223924e-02,7.908045e-02
5.820491e-02,6.101678e-02,1.379981e-02,3.992177e-02,9.860529e-02,3.636019e-02,3.382774e-03,1.424980e-01,3.658858e-01,1.915745e-02,3.673278e-02,1.974547e-02,2.893977e-02,1.002573e-02,6.572349e-02
4.808390e-02,7.401010e-02,1.042144e-02,3.671636e-02,8.554426e-02,3.936956e-02,2.571641e-03,1.252983e-01,4.468879e-01,1.448449e-02,2.653646e-02,1.412363e-02,2.074930e-02,7.503458e-03,4.769925e-02
3.997748e-02,7.057017e-02,7.818555e-03,5.494158e-02,7.297523e-02,4.539058e-02,2.110841e-03,1.255589e-01,4.836333e-01,1.065972e-02,1.980440e-02,1.000351e-02,1.505448e-02,5.457151e-03,3.604405e-02
3.280272e-02,5.321903e-02,5.619566e-03,4.100971e-02,7.790755e-02,4.687251e-02,1.898528e-03,1.170080e-01,5.542125e-01,7.642793e-03,1.436455e-02,7.078632e-03,1.074830e-02,3.873055e-03,2.574258e-02
2.903523e-02,3.907192e-02,4.299284e-03,6.990727e-02,6.935116e-02,3.595802e-02,1.570671e-03,1.924223e-01,5.076369e-01,5.449294e-03,1.085130e-02,5.118992e-03,7.881491e-03,2.742326e-03,1.870385e-02
3.244077e-02,3.083806e-02,3.156928e-03,6.661979e-02,6.965767e-02,3.220180e-02,1.391291e-03,1.969512e-01,5.283912e-01,3.930524e-03,9.042103e-03,3.739843e-03,5.975932e-03,1.964270e-03,1.369857e-02
2.984847e-02,2.756961e-02,2.259865e-03,4.956173e-02,6.309618e-02,2.926898e-02,1.114740e-03,1.496336e-01,6.194254e-01,2.846141e-03,6.701650e-03,2.729140e-03,4.673250e-03,1.430282e-03,9.840944e-03
2.281205e-02,3.327473e-02,1.626435e-03,4.620875e-02,4.761275e-02,2.239680e-02,8.391091e-04,1.065449e-01,6.962093e-01,2.163331e-03,5.062139e-03,2.011620e-03,4.033365e-03,1.051937e-03,8.152721e-03
1.759754e-02,7.666443e-02,1.340742e-03,1.205948e-01,3.445985e-02,1.607047e-02,5.986993e-04,7.619049e-02,6.336370e-01,1.926507e-03,5.202067e-03,1.812959e-03,5.308771e-03,7.869736e-04,7.808686e-03
1.249809e-02,7.340033e-02,1.047537e-03,1.154041e-01,2.417147e-02,1.139427e-02,4.217573e-04,5.337984e-02,4.560080e-01,1.358168e-03,3.834561e-03,1.784088e-03,2.375707e-01,5.534032e-04,7.173706e-03
8.918299e-03,5.882184e-02,9.236948e-04,9.760273e-02,1.699583e-02,8.653968e-03,2.997275e-04,3.739116e-02,3.217543e-01,9.600958e-04,3.231762e-03,4.053022e-03,4.337754e-01,3.909588e-04,6.227293e-03
6.354054e-03,4.121378e-02,6.710445e-04,6.992986e-02,1.202239e-02,6.820253e-03,2.323332e-04,2.618847e-02,2.267810e-01,6.997723e-04,2.570480e-03,4.444613e-03,5.970792e-01,3.150139e-04,4.677780e-03
4.528031e-03,2.892725e-02,6.110220e-04,4.934384e-02,8.621669e-03,9.412218e-03,1.803076e-04,1.835178e-02,1.601570e-01,5.635431e-04,2.459910e-03,8.221881e-03,7.049661e-01,2.859722e-04,3.369542e-03
3.219363e-03,2.035630e-02,5.112070e-04,3.494440e-02,6.352426e-03,1.319569e-02,1.338578e-04,1.286701e-02,1.125318e-01,4.210324e-04,2.111942e-03,1.276224e-02,7.779584e-01,2.158795e-04,2.418480e-03
2.346472e-03,1.439608e-02,6.170028e-04,2.465445e-02,6.448654e-03,1.545192e-02,1.161479e-04,9.048679e-03,7.980873e-02,3.951782e-04,2.621597e-03,1.364558e-02,8.284647e-01,2.007768e-04,1.784001e-03
1.754413e-03,1.026500e-02,5.334257e-04,1.752934e-02,5.190108e-03,2.222332e-02,9.232147e-05,6.338103e-03,5.658315e-02,3.559509e-04,3.718082e-03,1.823572e-02,8.555740e-01,2.556834e-04,1.351405e-03
1.426565e-03,7.354904e-03,4.249802e-04,1.272741e-02,3.981515e-03,3.876521e-02,7.941160e-05,4.438234e-03,4.030481e-02,6.808613e-04,9.211815e-03,3.480797e-02,8.444728e-01,2.630228e-04,1.060539e-03
1.203825e-03,5.169607e-03,3.212857e-04,8.976583e-03,2.930085e-03,1.537397e-01,1.658989e-04,3.110351e-03,2.853502e-02,6.917014e-04,1.274836e-02,1.141278e-01,6.672164e-01,2.069255e-04,8.564125e-04
1.099081e-03,3.626606e-03,2.354010e-04,6.338198e-03,2.211079e-03,2.027677e-01,1.581009e-04,2.181037e-03,2.100250e-02,9.041124e-04,2.174165e-02,1.946412e-01,5.420344e-01,1.668632e-04,8.921365e-04
1.224268e-03,2.630957e-03,2.734435e-04,4.769324e-03,2.469614e-03,1.665476e-01,2.106876e-04,1.565754e-03,1.640618e-02,3.557214e-03,4.908052e-02,3.339835e-01,4.161323e-01,2.832951e-04,8.651888e-04
1.196011e-03,1.886510e-03,2.488672e-04,3.474349e-03,2.208240e-03,1.608484e-01,1.998400e-04,1.118777e-03,1.347390e-02,3.895973e-03,4.830496e-02,4.498007e-01,3.124081e-01,2.440446e-04,6.913178e-04
1.116492e-03,1.368068e-03,3.004394e-04,2.554575e-03,1.901596e-03,1.345942e-01,1.753983e-04,8.078690e-04,1.500589e-02,3.301628e-03,3.989875e-02,5.583580e-01,2.398888e-01,1.983104e-04,5.300487e-04
8.418175e-04,1.014779e-03,2.693828e-04,1.842061e-03,1.535977e-03,9.816422e-02,1.509730e-04,5.956431e-04,1.872377e-02,2.569458e-03,3.077574e-02,6.573469e-01,1.855862e-01,1.758147e-04,4.071959e-04
6.883230e-04,8.579148e-04,2.962207e-04,1.384967e-03,1.570359e-03,7.268396e-02,1.656060e-04,4.922185e-04,2.346300e-02,2.591558e-03,2.414127e-02,7.191137e-01,1.520639e-01,1.672127e-04,3.197597e-04
5.376908e-04,6.614508e-04,3.545211e-04,1.003365e-03,2.215826e-03,5.163255e-02,1.768551e-04,4.347942e-04,1.772535e-02,2.648101e-03,1.731943e-02,7.885824e-01,1.162655e-01,1.776043e-04,2.644684e-04
4.550340e-04,5.151610e-04,3.470107e-04,7.175288e-04,2.349728e-03,3.690325e-02,1.756748e-04,3.770717e-04,1.575183e-02,2.840444e-03,1.310548e-02,8.313700e-01,9.460665e-02,2.591648e-04,2.259674e-04
4.969531e-04,3.908692e-04,3.943146e-04,5.093653e-04,1.806334e-03,2.624790e-02,1.441624e-04,4.387235e-04,1.297073e-02,4.673922e-03,1.156778e-02,8.614633e-01,7.840752e-02,3.147516e-04,1.733974e-04
6.777900e-04,3.045847e-04,4.166139e-04,3.889320e-04,6.141082e-03,1.867186e-02,2.525951e-04,3.283982e-03,1.720533e-02,9.271820e-03,9.636894e-03,8.633107e-01,6.989224e-02,4.043736e-04,1.411836e-04
1.385545e-03,2.905201e-04,4.879792e-04,4.384384e-04,1.142042e-02,1.365672e-02,7.032198e-04,1.093227e-02,2.495638e-02,1.949693e-02,9.395489e-03,8.286744e-01,7.718863e-02,8.402083e-04,1.328830e-04
3.553121e-03,1.105060e-03,8.975037e-04,3.786309e-04,4.374232e-02,1.038118e-02,1.662162e-03,1.570405e-02,1.645243e-01,1.644929e-02,7.253493e-03,6.642325e-01,6.935167e-02,6.491157e-04,1.156593e-04
3.908770e-03,1.185923e-03,6.651667e-04,3.038253e-04,4.396776e-02,7.669255e-03,1.767740e-03,1.355957e-02,3.630248e-01,1.172130e-02,5.454253e-03,4.879561e-01,5.826500e-02,4.586349e-04,9.193292e-05
5.163796e-03,1.116650e-03,9.902851e-04,4.266595e-04,3.887201e-02,1.490001e-02,2.126479e-03,1.351923e-02,5.130622e-01,8.530226e-03,4.229386e-03,3.496278e-01,4.698974e-02,3.297970e-04,1.157851e-04
6.106176e-03,1.338039e-03,1.095937e-03,9.693854e-04,3.610977e-02,1.748272e-02,1.723199e-03,1.079465e-02,6.082613e-01,6.186272e-03,4.012567e-03,2.625558e-01,4.295006e-02,2.363970e-04,1.777033e-04
8.210613e-03,1.778328e-03,9.422983e-04,1.215728e-03,4.151539e-02,1.763793e-02,1.540071e-03,7.841651e-03,6.860303e-01,4.435453e-03,3.406136e-03,1.899401e-01,3.510034e-02,1.700089e-04,2.358096e-04
1.632278e-02,6.688327e-03,2.140906e-03,3.494231e-02,7.644536e-02,2.616087e-02,1.689973e-03,7.168405e-03,6.537097e-01,4.056514e-03,3.321053e-03,1.361915e-01,2.756264e-02,1.335920e-04,3.466163e-03
3.278435e-02,6.252323e-03,1.981073e-03,2.880597e-02,7.415742e-02,2.280863e-02,1.588420e-03,6.682006e-03,6.909159e-01,3.030418e-03,3.757259e-03,1.000371e-01,2.398319e-02,1.121510e-04,3.103707e-03
5.540624e-02,6.722878e-03,1.994918e-03,2.617637e-02,8.800727e-02,2.641793e-02,2.027503e-03,5.758121e-03,6.754749e-01,3.032119e-03,4.195588e-03,7.555737e-02,2.416571e-02,1.789535e-04,4.884141e-03
4.859402e-02,1.030901e-02,3.889356e-03,3.678092e-02,7.680632e-02,2.980329e-02,1.990076e-03,6.411514e-03,6.858270e-01,3.643611e-03,4.192632e-03,5.804394e-02,2.296858e-02,2.197128e-04,1.052000e-02
5.716765e-02,1.129452e-02,7.060883e-03,3.987548e-02,9.175348e-02,6.698530e-02,3.172996e-03,7.438296e-03,6.138077e-01,3.199847e-03,5.545394e-03,4.631356e-02,3.327728e-02,2.832750e-04,1.282436e-02
4.803906e-02,2.181258e-02,2.612012e-02,1.064937e-01,7.796618e-02,5.315387e-02,3.152657e-03,5.808018e-03,5.033405e-01,6.365391e-03,1.259412e-02,4.972300e-02,5.783287e-02,1.028470e-03,2.656955e-02
3.902054e-02,1.762076e-02,2.158055e-02,1.443377e-01,7.052723e-02,4.366540e-02,2.785261e-03,5.653951e-03,4.046155e-01,6.638716e-03,4.010725e-02,4.516891e-02,1.354856e-01,1.119987e-03,2.167267e-02
2.906551e-02,1.331418e-02,1.635869e-02,1.829825e-01,5.218560e-02,3.414097e-02,2.210833e-03,5.997511e-03,2.892483e-01,6.210054e-03,7.703826e-02,3.881453e-02,2.321261e-01,9.154615e-04,1.939148e-02
2.103056e-02,9.421823e-03,1.152429e-02,1.356825e-01,3.726151e-02,2.608410e-02,1.734253e-03,4.514489e-03,2.029682e-01,4.577099e-03,5.904309e-02,2.976201e-02,4.410695e-01,6.543747e-04,1.467228e-02
1.502166e-02,6.622124e-03,8.122681e-03,9.560078e-02,2.653958e-02,1.940070e-02,1.308391e-03,3.617160e-03,1.424494e-01,3.286948e-03,4.268633e-02,2.187884e-02,6.020665e-01,4.710995e-04,1.092783e-02
1.135636e-02,4.724494e-03,5.790920e-03,6.732690e-02,1.911336e-02,1.550954e-02,1.033986e-03,3.340700e-03,1.001866e-01,2.477025e-03,3.239719e-02,1.827516e-02,7.096762e-01,4.247239e-04,8.366873e-03
8.969692e-03,3.420948e-03,4.421868e-03,4.776446e-02,1.434671e-02,1.442076e-02,1.073688e-03,5.418467e-03,7.058528e-02,1.978468e-03,2.753001e-02,2.277388e-02,7.666409e-01,4.442382e-04,1.021063e-02
1.293690e-02,2.500441e-03,3.205852e-03,3.356348e-02,1.130650e-02,1.114792e-02,1.016600e-03,4.772525e-03,4.979685e-02,1.483522e-03,2.041793e-02,3.027184e-02,8.073758e-01,3.754942e-04,9.828296e-03
1.285024e-02,1.959492e-03,2.583134e-03,2.360997e-02,1.048993e-02,8.393186e-03,9.116902e-04,4.252893e-03,3.549283e-02,1.308915e-03,1.518157e-02,6.369527e-02,8.112849e-01,3.067254e-04,7.679252e-03
1.269938e-02,2.018582e-03,2.061815e-03,1.671674e-02,9.274449e-03,6.997051e-03,7.930169e-04,3.629801e-03,2.646548e-02,1.151023e-03,1.131649e-02,7.481465e-02,8.258065e-01,2.347802e-04,6.020186e-03
9.550663e-03,1.833944e-03,1.773060e-03,1.184900e-02,7.595928e-03,5.589485e-03,8.518066e-04,3.148582e-03,1.979266e-02,9.418217e-04,8.273195e-03,7.364995e-02,8.502868e-01,1.850688e-04,4.678004e-03
8.161278e-03,1.877266e-03,1.480415e-03,8.421802e-03,6.563274e-03,6.022545e-03,9.035679e-04,3.179402e-03,1.535139e-02,7.506884e-04,6.057793e-03,8.373483e-02,8.538576e-01,1.567588e-04,3.481378e-03
6.908995e-03,2.665011e-03,1.498037e-03,5.948327e-03,5.485254e-03,5.556790e-03,9.687018e-04,2.860267e-03,1.445862e-02,6.534269e-04,4.867765e-03,1.101945e-01,8.350082e-01,2.238816e-04,2.702183e-03
7.755662e-03,3.061218e-03,1.796915e-03,4.245511e-03,5.647463e-03,6.186951e-03,1.267721e-03,2.717905e-03,1.526166e-02,5.586381e-04,3.780865e-03,1.788825e-01,7.664814e-01,2.752596e-04,2.080352e-03
7.489965e-03,3.210807e-03,1.816729e-03,3.085186e-03,5.100449e-03,6.489457e-03,1.457014e-03,2.574842e-03,1.446889e-02,5.282246e-04,2.981630e-03,2.543755e-01,6.945036e-01,2.942926e-04,1.623424e-03
7.496618e-03,3.875782e-03,2.063908e-03,2.242958e-03,5.590767e-03,6.395026e-03,1.854130e-03,2.220679e-03,1.861433e-02,4.769005e-04,2.576009e-03,3.261439e-01,6.188948e-01,3.115185e-04,1.242671e-03
6.860219e-03,5.491962e-03,2.604004e-03,1.751413e-03,5.181330e-03,8.113679e-03,1.814054e-03,1.998106e-03,2.256672e-02,5.239270e-04,2.652214e-03,4.348819e-01,5.040873e-01,4.045877e-04,1.068690e-03
5.779513e-03,7.780335e-03,2.226472e-03,1.332230e-03,4.779315e-03,1.683843e-02,1.860266e-03,1.677279e-03,5.330378e-02,5.305093e-04,3.865218e-03,4.998853e-01,3.987390e-01,5.231918e-04,8.792228e-04
4.963301e-03,7.535768e-03,1.924373e-03,1.057077e-03,4.199580e-03,1.461856e-02,1.552409e-03,1.288935e-03,6.918760e-02,5.770344e-04,4.321150e-03,5.765588e-01,3.110097e-01,4.964099e-04,7.093243e-04
8.042040e-03,1.746151e-02,6.385976e-03,1.028220e-03,2.079887e-02,1.757284e-02,2.996538e-03,1.913668e-03,1.571564e-01,6.764149e-04,3.853467e-03,4.852337e-01,2.756299e-01,6.027233e-04,6.476830e-04
7.719688e-03,2.018363e-02,4.891712e-03,7.965787e-04,1.838809e-02,1.682969e-02,2.784144e-03,1.622939e-03,1.702601e-01,5.992259e-04,3.824082e-03,4.514075e-01,2.992035e-01,9.265693e-04,5.625309e-04
9.716435e-03,2.115432e-02,3.642148e-03,6.395103e-04,1.579625e-02,1.632930e-02,2.262128e-03,1.647547e-03,1.518666e-01,4.600453e-04,3.228623e-03,3.793217e-01,3.926164e-01,8.776111e-04,4.415079e-04
5.022034e-02,1.609322e-02,2.768387e-03,5.897725e-04,1.251421e-02,1.262280e-02,2.160358e-03,2.792690e-03,1.146288e-01,4.317302e-04,2.900667e-03,2.845781e-01,4.957696e-01,1.492923e-03,4.363862e-04
5.595063e-02,1.483820e-02,2.164876e-03,7.368344e-04,9.322233e-03,1.035001e-02,1.704652e-03,3.170399e-03,9.759361e-02,4.451075e-04,4.113548e-03,3.882853e-01,4.085006e-01,2.182715e-03,6.413691e-04
6.803067e-02,2.897566e-02,1.990184e-03,1.556257e-03,8.675578e-03,1.253800e-02,1.508869e-03,2.674759e-03,1.600773e-01,6.534321e-04,4.921681e-03,3.319579e-01,3.707408e-01,2.333854e-03,3.365046e-03
8.358811e-02,3.200251e-02,7.853659e-03,9.577922e-03,8.762828e-03,1.599058e-02,1.553174e-03,7.676675e-03,1.811921e-01,1.105649e-03,5.651440e-03,2.444198e-01,3.933429e-01,2.513579e-03,4.769119e-03
1.074511e-01,2.607340e-02,6.337977e-03,1.269255e-02,9.638742e-03,1.571871e-02,2.415494e-03,1.014331e-02,1.505306e-01,1.214974e-03,6.970680e-03,1.760401e-01,4.611827e-01,3.947084e-03,9.642645e-03
1.101522e-01,2.146509e-02,5.953676e-03,1.390034e-02,1.193951e-02,2.236848e-02,2.252666e-03,1.589632e-02,1.292456e-01,1.146438e-03,6.386502e-03,1.257191e-01,5.208299e-01,3.540787e-03,9.203354e-03
1.374708e-01,1.767917e-02,5.343348e-03,1.465197e-02,1.122175e-02,3.004505e-02,2.090288e-03,2.117998e-02,1.099186e-01,1.104591e-03,6.532844e-03,9.222689e-02,5.382819e-01,2.948380e-03,9.304402e-03
1.515100e-01,1.442594e-02,4.372504e-03,1.277021e-02,1.068387e-02,3.819373e-02,1.829723e-03,1.785337e-02,9.236945e-02,8.376180e-04,5.795506e-03,6.621768e-02,5.716612e-01,2.543083e-03,8.936127e-03
1.800486e-01,1.283640e-02,3.665253e-03,1.142578e-02,8.613437e-03,5.264995e-02,1.435206e-03,1.338656e-02,8.009835e-02,6.911437e-04,6.707544e-03,4.795215e-02,5.613462e-01,3.599098e-03,1.554439e-02
2.049416e-01,1.819829e-02,7.753365e-03,5.087826e-02,1.218840e-02,6.542041e-02,1.924775e-03,1.525884e-02,6.389251e-02,7.204099e-04,1.117558e-02,4.152437e-02,4.774184e-01,3.862235e-03,2.484247e-02
