1.000000e+00,0.000000e+00,0.000000e+00,0.000000e+00,0.000000e+00,0.000000e+00,0.000000e+00,0.000000e+00,0.000000e+00,0.000000e+00,0.000000e+00,0.000000e+00,0.000000e+00,0.000000e+00,0.000000e+00
1.000000e+00,0.000000e+00,0.000000e+00,0.000000e+00,0.000000e+00,0.000000e+00,0.000000e+00,0.000000e+00,0.000000e+00,0.000000e+00,0.000000e+00,0.000000e+00,0.000000e+00,0.000000e+00,0.000000e+00
1.000000e+00,0.000000e+00,0.000000e+00,0.000000e+00,0.000000e+00,0.000000e+00,0.000000e+00,0.000000e+00,0.000000e+00,0.000000e+00,0.000000e+00,0.000000e+00,0.000000e+00,0.000000e+00,0.000000e+00
1.000000e+00,0.000000e+00,0.000000e+00,0.000000e+00,0.000000e+00,0.000000e+00,0.000000e+00,0.000000e+00,0.000000e+00,0.000000e+00,0.000000e+00,0.000000e+00,0.000000e+00,0.000000e+00,0.000000e+00
1.000000e+00,0.000000e+00,0.000000e+00,0.000000e+00,0.000000e+00,0.000000e+00,0.000000e+00,0.000000e+00,0.000000e+00,0.000000e+00,0.000000e+00,0.000000e+00,0.000000e+00,0.000000e+00,0.000000e+00
1.000000e+00,0.000000e+00,0.000000e+00,0.000000e+00,0.000000e+00,0.000000e+00,0.000000e+00,0.000000e+00,0.000000e+00,0.000000e+00,0.000000e+00,0.000000e+00,0.000000e+00,0.000000e+00,0.000000e+00
1.000000e+00,0.000000e+00,0.000000e+00,0.000000e+00,0.000000e+00,0.000000e+00,0.000000e+00,0.000000e+00,0.000000e+00,0.000000e+00,0.000000e+00,0.000000e+00,0.000000e+00,0.000000e+00,0.000000e+00
1.000000e+00,0.000000e+00,0.000000e+00,0.000000e+00,0.000000e+00,0.000000e+00,0.000000e+00,0.000000e+00,0.000000e+00,0.000000e+00,0.000000e+00,0.000000e+00,0.000000e+00,0.000000e+00,0.000000e+00
1.000000e+00,0.000000e+00,0.000000e+00,0.000000e+00,0.000000e+00,0.000000e+00,0.000000e+00,0.000000e+00,0.000000e+00,0.000000e+00,0.000000e+00,0.000000e+00,0.000000e+00,0.000000e+00,0.000000e+00
1.000000e+00,0.000000e+00,0.000000e+00,0.000000e+00,0.000000e+00,0.000000e+00,0.000000e+00,0.000000e+00,0.000000e+00,0.000000e+00,0.000000e+00,0.000000e+00,0.000000e+00,0.000000e+00,0.000000e+00
1.000000e+00,0.000000e+00,0.000000e+00,0.000000e+00,0.000000e+00,0.000000e+00,0.000000e+00,0.000000e+00,0.000000e+00,0.000000e+00,0.000000e+00,0.000000e+00,0.000000e+00,0.000000e+00,0.000000e+00
1.000000e+00,0.000000e+00,0.000000e+00,0.000000e+00,0.000000e+00,0.000000e+00,0.000000e+00,0.000000e+00,0.000000e+00,0.000000e+00,0.000000e+00,0.000000e+00,0.000000e+00,0.000000e+00,0.000000e+00
1.000000e+00,0.000000e+00,0.000000e+00,0.000000e+00,0.000000e+00,0.000000e+00,0.000000e+00,0.000000e+00,0.000000e+00,0.000000e+00,0.000000e+00,0.000000e+00,0.000000e+00,0.000000e+00,0.000000e+00
1.000000e+00,0.000000e+00,0.000000e+00,0.000000e+00,0.000000e+00,0.000000e+00,0.000000e+00,0.000000e+00,0.000000e+00,0.000000e+00,0.000000e+00,0.000000e+00,0.000000e+00,0.000000e+00,0.000000e+00
1.000000e+00,0.000000e+00,0.000000e+00,0.000000e+00,0.000000e+00,0.000000e+00,0.000000e+00,0.000000e+00,0.000000e+00,0.000000e+00,0.000000e+00,0.000000e+00,0.000000e+00,0.000000e+00,0.000000e+00
1.000000e+00,0.000000e+00,0.000000e+00,0.000000e+00,0.000000e+00,0.000000e+00,0.000000e+00,0.000000e+00,0.000000e+00,0.000000e+00,0.000000e+00,0.000000e+00,0.000000e+00,0.000000e+00,0.000000e+00
1.000000e+00,0.000000e+00,0.000000e+00,0.000000e+00,0.000000e+00,0.000000e+00,0.000000e+00,0.000000e+00,0.000000e+00,0.000000e+00,0.000000e+00,0.000000e+00,0.000000e+00,0.000000e+00,0.000000e+00
1.000000e+00,0.000000e+00,0.000000e+00,0.000000e+00,0.000000e+00,0.000000e+00,0.000000e+00,0.000000e+00,0.000000e+00,0.000000e+00,0.000000e+00,0.000000e+00,0.000000e+00,0.000000e+00,0.000000e+00
1.000000e+00,0.000000e+00,0.000000e+00,0.000000e+00,0.000000e+00,0.000000e+00,0.000000e+00,0.000000e+00,0.000000e+00,0.000000e+00,0.000000e+00,0.000000e+00,0.000000e+00,0.000000e+00,0.000000e+00
1.000000e+00,0.000000e+00,0.000000e+00,0.000000e+00,0.000000e+00,0.000000e+00,0.000000e+00,0.000000e+00,0.000000e+00,0.000000e+00,0.000000e+00,0.000000e+00,0.000000e+00,0.000000e+00,0.000000e+00
1.000000e+00,0.000000e+00,0.000000e+00,0.000000e+00,0.000000e+00,0.000000e+00,0.000000e+00,0.000000e+00,0.000000e+00,0.000000e+00,0.000000e+00,0.000000e+00,0.000000e+00,0.000000e+00,0.000000e+00
1.000000e+00,0.000000e+00,0.000000e+00,0.000000e+00,0.000000e+00,0.000000e+00,0.000000e+00,0.000000e+00,0.000000e+00,0.000000e+00,0.000000e+00,0.000000e+00,0.000000e+00,0.000000e+00,0.000000e+00
1.000000e+00,0.000000e+00,0.000000e+00,0.000000e+00,0.000000e+00,0.000000e+00,0.000000e+00,0.000000e+00,0.000000e+00,0.000000e+00,0.000000e+00,0.000000e+00,0.000000e+00,0.000000e+00,0.000000e+00
1.000000e+00,0.000000e+00,0.000000e+00,0.000000e+00,0.000000e+00,0.000000e+00,0.000000e+00,0.000000e+00,0.000000e+00,0.000000e+00,0.000000e+00,0.000000e+00,0.000000e+00,0.000000e+00,0.000000e+00
1.000000e+00,0.000000e+00,0.000000e+00,0.000000e+00,0.000000e+00,0.000000e+00,0.000000e+00,0.000000e+00,0.000000e+00,0.000000e+00,0.000000e+00,0.000000e+00,0.000000e+00,0.000000e+00,0.000000e+00
1.000000e+00,0.000000e+00,0.000000e+00,0.000000e+00,0.000000e+00,0.000000e+00,0.000000e+00,0.000000e+00,0.000000e+00,0.000000e+00,0.000000e+00,0.000000e+00,0.000000e+00,0.000000e+00,0.000000e+00
1.000000e+00,0.000000e+00,0.000000e+00,0.000000e+00,0.000000e+00,0.000000e+00,0.000000e+00,0.000000e+00,0.000000e+00,0.000000e+00,0.000000e+00,0.000000e+00,0.000000e+00,0.000000e+00,0.000000e+00
1.000000e+00,0.000000e+00,0.000000e+00,0.000000e+00,0.000000e+00,0.000000e+00,0.000000e+00,0.000000e+00,0.000000e+00,0.000000e+00,0.000000e+00,0.000000e+00,0.000000e+00,0.000000e+00,0.000000e+00
1.000000e+00,0.000000e+00,0.000000e+00,0.000000e+00,0.000000e+00,0.000000e+00,0.000000e+00,0.000000e+00,0.000000e+00,0.000000e+00,0.000000e+00,0.000000e+00,0.000000e+00,0.000000e+00,0.000000e+00
1.000000e+00,0.000000e+00,0.000000e+00,0.000000e+00,0.000000e+00,0.000000e+00,0.000000e+00,0.000000e+00,0.000000e+00,0.000000e+00,0.000000e+00,0.000000e+00,0.000000e+00,0.000000e+00,0.000000e+00
1.000000e+00,0.000000e+00,0.000000e+00,0.000000e+00,0.000000e+00,0.000000e+00,0.000000e+00,0.000000e+00,0.000000e+00,0.000000e+00,0.000000e+00,0.000000e+00,0.000000e+00,0.000000e+00,0.000000e+00
1.000000e+00,0.000000e+00,0.000000e+00,0.000000e+00,0.000000e+00,0.000000e+00,0.000000e+00,0.000000e+00,0.000000e+00,0.000000e+00,0.000000e+00,0.000000e+00,0.000000e+00,0.000000e+00,0.000000e+00
1.000000e+00,0.000000e+00,0.000000e+00,0.000000e+00,0.000000e+00,0.000000e+00,0.000000e+00,0.000000e+00,0.000000e+00,0.000000e+00,0.000000e+00,0.000000e+00,0.000000e+00,0.000000e+00,0.000000e+00
1.000000e+00,0.000000e+00,0.000000e+00,0.000000e+00,0.000000e+00,0.000000e+00,0.000000e+00,0.000000e+00,0.000000e+00,0.000000e+00,0.000000e+00,0.000000e+00,0.000000e+00,0.000000e+00,0.000000e+00
1.000000e+00,0.000000e+00,0.000000e+00,0.000000e+00,0.000000e+00,0.000000e+00,0.000000e+00,0.000000e+00,0.000000e+00,0.000000e+00,0.000000e+00,0.000000e+00,0.000000e+00,0.000000e+00,0.000000e+00
1.000000e+00,0.000000e+00,0.000000e+00,0.000000e+00,0.000000e+00,0.000000e+00,0.000000e+00,0.000000e+00,0.000000e+00,0.000000e+00,0.000000e+00,0.000000e+00,0.000000e+00,0.000000e+00,0.000000e+00
1.000000e+00,0.000000e+00,0.000000e+00,0.000000e+00,0.000000e+00,0.000000e+00,0.000000e+00,0.000000e+00,0.000000e+00,0.000000e+00,0.000000e+00,0.000000e+00,0.000000e+00,0.000000e+00,0.000000e+00
1.000000e+00,0.000000e+00,0.000000e+00,0.000000e+00,0.000000e+00,0.000000e+00,0.000000e+00,0.000000e+00,0.000000e+00,0.000000e+00,0.000000e+00,0.000000e+00,0.000000e+00,0.000000e+00,0.000000e+00
1.000000e+00,0.000000e+00,0.000000e+00,0.000000e+00,0.000000e+00,0.000000e+00,0.000000e+00,0.000000e+00,0.000000e+00,0.000000e+00,0.000000e+00,0.000000e+00,0.000000e+00,0.000000e+00,0.000000e+00
1.000000e+00,0.000000e+00,0.000000e+00,0.000000e+00,0.000000e+00,0.000000e+00,0.000000e+00,0.000000e+00,0.000000e+00,0.000000e+00,0.000000e+00,0.000000e+00,0.000000e+00,0.000000e+00,0.000000e+00
1.000000e+00,0.000000e+00,0.000000e+00,0.000000e+00,0.000000e+00,0.000000e+00,0.000000e+00,0.000000e+00,0.000000e+00,0.000000e+00,0.000000e+00,0.000000e+00,0.000000e+00,0.000000e+00,0.000000e+00
1.000000e+00,0.000000e+00,0.000000e+00,0.000000e+00,0.000000e+00,0.000000e+00,0.000000e+00,0.000000e+00,0.000000e+00,0.000000e+00,0.000000e+00,0.000000e+00,0.000000e+00,0.000000e+00,0.000000e+00
1.000000e+00,0.000000e+00,0.000000e+00,0.000000e+00,0.000000e+00,0.000000e+00,0.000000e+00,0.000000e+00,0.000000e+00,0.000000e+00,0.000000e+00,0.000000e+00,0.000000e+00,0.000000e+00,0.000000e+00
1.000000e+00,0.000000e+00,0.000000e+00,0.000000e+00,0.000000e+00,0.000000e+00,0.000000e+00,0.000000e+00,0.000000e+00,0.000000e+00,0.000000e+00,0.000000e+00,0.000000e+00,0.000000e+00,0.000000e+00
1.000000e+00,0.000000e+00,0.000000e+00,0.000000e+00,0.000000e+00,0.000000e+00,0.000000e+00,0.000000e+00,0.000000e+00,0.000000e+00,0.000000e+00,0.000000e+00,0.000000e+00,0.000000e+00,0.000000e+00
1.000000e+00,0.000000e+00,0.000000e+00,0.000000e+00,0.000000e+00,0.000000e+00,0.000000e+00,0.000000e+00,0.000000e+00,0.000000e+00,0.000000e+00,0.000000e+00,0.000000e+00,0.000000e+00,0.000000e+00
1.000000e+00,0.000000e+00,0.000000e+00,0.000000e+00,0.000000e+00,0.000000e+00,0.000000e+00,0.000000e+00,0.000000e+00,0.000000e+00,0.000000e+00,0.000000e+00,0.000000e+00,0.000000e+00,0.000000e+00
1.000000e+00,0.000000e+00,0.000000e+00,0.000000e+00,0.000000e+00,0.000000e+00,0.000000e+00,0.000000e+00,0.000000e+00,0.000000e+00,0.000000e+00,0.000000e+00,0.000000e+00,0.000000e+00,0.000000e+00
1.000000e+00,0.000000e+00,0.000000e+00,0.000000e+00,0.000000e+00,0.000000e+00,0.000000e+00,0.000000e+00,0.000000e+00,0.000000e+00,0.000000e+00,0.000000e+00,0.000000e+00,0.000000e+00,0.000000e+00
1.000000e+00,0.000000e+00,0.000000e+00,0.000000e+00,0.000000e+00,0.000000e+00,0.000000e+00,0.000000e+00,0.000000e+00,0.000000e+00,0.000000e+00,0.000000e+00,0.000000e+00,0.000000e+00,0.000000e+00
1.000000e+00,0.000000e+00,0.000000e+00,0.000000e+00,0.000000e+00,0.000000e+00,0.000000e+00,0.000000e+00,0.000000e+00,0.000000e+00,0.000000e+00,0.000000e+00,0.000000e+00,0.000000e+00,0.000000e+00
1.000000e+00,0.000000e+00,0.000000e+00,0.000000e+00,0.000000e+00,0.000000e+00,0.000000e+00,0.000000e+00,0.000000e+00,0.000000e+00,0.000000e+00,0.000000e+00,0.000000e+00,0.000000e+00,0.000000e+00
1.000000e+00,0.000000e+00,0.000000e+00,0.000000e+00,0.000000e+00,0.000000e+00,0.000000e+00,0.000000e+00,0.000000e+00,0.000000e+00,0.000000e+00,0.000000e+00,0.000000e+00,0.000000e+00,0.000000e+00
1.000000e+00,0.000000e+00,0.000000e+00,0.000000e+00,0.000000e+00,0.000000e+00,0.000000e+00,0.000000e+00,0.000000e+00,0.000000e+00,0.000000e+00,0.000000e+00,0.000000e+00,0.000000e+00,0.000000e+00
1.000000e+00,0.000000e+00,0.000000e+00,0.000000e+00,0.000000e+00,0.000000e+00,0.000000e+00,0.000000e+00,0.000000e+00,0.000000e+00,0.000000e+00,0.000000e+00,0.000000e+00,0.000000e+00,0.000000e+00
1.000000e+00,0.000000e+00,0.000000e+00,0.000000e+00,0.000000e+00,0.000000e+00,0.000000e+00,0.000000e+00,0.000000e+00,0.000000e+00,0.000000e+00,0.000000e+00,0.000000e+00,0.000000e+00,0.000000e+00
1.000000e+00,0.000000e+00,0.000000e+00,0.000000e+00,0.000000e+00,0.000000e+00,0.000000e+00,0.000000e+00,0.000000e+00,0.000000e+00,0.000000e+00,0.000000e+00,0.000000e+00,0.000000e+00,0.000000e+00
1.000000e+00,0.000000e+00,0.000000e+00,0.000000e+00,0.000000e+00,0.000000e+00,0.000000e+00,0.000000e+00,0.000000e+00,0.000000e+00,0.000000e+00,0.000000e+00,0.000000e+00,0.000000e+00,0.000000e+00
1.000000e+00,0.000000e+00,0.000000e+00,0.000000e+00,0.000000e+00,0.000000e+00,0.000000e+00,0.000000e+00,0.000000e+00,0.000000e+00,0.000000e+00,0.000000e+00,0.000000e+00,0.000000e+00,0.000000e+00
1.000000e+00,0.000000e+00,0.000000e+00,0.000000e+00,0.000000e+00,0.000000e+00,0.000000e+00,0.000000e+00,0.000000e+00,0.000000e+00,0.000000e+00,0.000000e+00,0.000000e+00,0.000000e+00,0.000000e+00
3.979486e-01,1.111768e-02,4.702310e-03,1.695356e-01,3.901684e-03,1.454899e-02,2.330384e-03,5.087778e-03,8.039830e-03,1.664469e-03,2.117772e-01,1.463907e-01,9.497518e-03,4.736778e-03,8.720568e-03
2.788408e-01,7.936861e-03,3.406253e-03,1.727977e-01,3.886504e-03,1.054319e-02,1.653648e-03,3.601916e-03,6.655844e-03,1.435129e-03,2.969759e-01,1.925065e-01,6.725709e-03,6.678923e-03,6.355228e-03
1.952850e-01,5.639457e-03,2.463898e-03,1.300366e-01,1.968228e-02,7.783513e-03,1.165070e-03,2.556512e-03,5.042869e-03,1.135441e-03,2.999923e-01,3.054888e-01,4.838248e-03,1.430207e-02,4.587949e-03
1.368933e-01,3.987367e-03,1.774033e-03,9.419145e-02,5.343945e-02,7.730502e-03,8.508269e-04,1.843658e-03,3.848445e-03,1.098431e-03,2.893624e-01,3.825166e-01,3.563695e-03,1.559618e-02,3.303744e-03
9.595042e-02,2.809599e-03,1.270068e-03,6.653928e-02,1.592298e-01,7.369695e-03,6.383253e-04,1.390157e-03,2.936139e-03,8.440398e-04,2.519109e-01,3.916595e-01,2.653470e-03,1.246207e-02,2.336570e-03
6.735123e-02,2.003223e-03,9.270136e-04,4.695281e-02,1.818189e-01,7.376446e-03,4.714287e-04,1.073389e-03,2.206891e-03,7.845740e-04,2.222685e-01,4.515151e-01,2.069945e-03,1.148031e-02,1.700295e-03
4.727478e-02,1.428146e-03,6.802136e-04,3.323621e-02,1.449689e-01,7.126751e-03,3.588408e-04,1.009661e-03,1.678441e-03,9.524594e-04,2.040511e-01,5.441982e-01,1.596241e-03,1.023396e-02,1.206155e-03
3.320629e-02,1.147992e-03,5.547277e-04,2.357301e-02,1.235541e-01,5.634299e-03,2.600760e-04,8.013111e-04,1.424708e-03,8.014854e-04,1.807105e-01,6.169177e-01,1.292343e-03,9.224077e-03,8.973776e-04
2.335658e-02,9.375909e-04,8.084906e-04,1.699814e-02,1.317273e-01,4.099547e-03,1.951692e-04,1.177742e-03,1.403196e-03,7.976649e-04,1.544368e-01,6.535510e-01,9.945228e-04,8.872366e-03,6.439281e-04
1.669582e-02,7.590975e-04,1.047221e-03,1.240846e-02,1.212706e-01,3.418845e-03,1.840451e-04,2.271130e-03,1.386922e-03,1.283390e-03,1.641684e-01,6.622198e-01,9.306540e-04,1.147575e-02,4.798994e-04
1.245675e-02,6.034367e-04,9.530764e-04,9.059497e-03,9.453078e-02,3.616230e-03,1.924320e-04,3.172774e-03,1.357479e-03,2.137583e-03,1.455678e-01,7.150213e-01,8.857055e-04,1.008801e-02,3.572408e-04
9.639273e-03,6.075674e-04,1.121406e-03,7.043594e-03,7.832135e-02,3.216204e-03,2.749793e-04,6.060306e-03,2.269009e-03,2.844792e-03,1.174215e-01,7.613893e-01,8.450800e-04,8.675200e-03,2.704509e-04
1.279341e-02,1.583507e-02,4.136382e-03,5.227570e-03,5.753992e-02,3.546494e-03,3.711668e-04,9.867207e-03,6.026070e-03,3.131959e-03,1.189791e-01,7.494997e-01,7.461616e-04,1.057527e-02,1.724593e-03
1.074485e-02,1.473761e-02,6.113197e-03,3.990496e-03,4.426301e-02,3.830573e-03,3.534357e-04,1.135986e-02,8.866831e-03,2.837284e-03,1.010333e-01,7.808098e-01,6.391971e-04,8.798630e-03,1.622046e-03
8.919138e-03,1.175107e-01,1.326782e-02,3.202460e-03,5.114716e-02,3.505575e-03,5.115642e-04,3.874058e-02,3.730652e-02,3.229714e-03,7.955900e-02,6.343752e-01,8.911756e-04,6.388574e-03,1.444942e-03
6.467659e-03,1.832471e-01,1.059389e-02,2.428932e-03,4.436392e-02,2.534929e-03,3.823123e-04,2.762667e-02,2.115693e-01,2.350544e-03,5.643626e-02,4.457066e-01,7.575690e-04,4.489695e-03,1.044660e-03
4.888608e-03,2.300734e-01,2.664937e-02,5.807903e-03,5.845062e-02,2.370142e-03,3.894901e-04,2.132678e-02,2.908424e-01,1.907770e-03,3.992629e-02,3.127674e-01,6.171173e-04,3.159481e-03,8.231953e-04
5.063473e-03,3.115006e-01,2.211253e-02,1.396265e-02,7.691373e-02,2.843456e-03,2.968252e-04,1.626002e-02,2.973073e-01,1.758242e-03,2.866631e-02,2.192327e-01,7.097200e-04,2.265334e-03,1.107081e-03
7.091052e-03,3.228382e-01,1.892772e-02,3.649193e-02,1.013265e-01,3.491106e-03,2.413291e-04,1.549378e-02,3.109916e-01,2.468955e-03,2.113705e-02,1.538725e-01,8.559691e-04,1.657456e-03,3.114793e-03
1.158745e-02,2.788604e-01,4.702320e-02,1.325060e-01,1.018918e-01,3.106605e-03,3.944529e-04,3.182172e-02,2.549311e-01,3.583295e-03,1.618119e-02,1.083745e-01,1.812090e-03,1.387739e-03,6.538450e-03
1.688543e-02,2.574614e-01,4.337636e-02,2.515291e-01,9.140240e-02,3.624533e-03,3.271468e-04,3.469567e-02,1.907497e-01,3.406744e-03,1.603544e-02,7.704382e-02,2.331445e-03,1.238695e-03,9.892173e-03
2.861049e-02,2.742712e-01,3.860248e-02,2.076246e-01,1.567939e-01,4.028554e-03,3.570817e-04,3.223912e-02,1.634517e-01,3.711221e-03,1.376423e-02,5.459736e-02,2.155099e-03,1.399357e-03,1.839359e-02
5.772067e-02,2.850693e-01,4.526079e-02,1.561581e-01,1.907921e-01,1.980476e-02,8.166386e-04,2.697213e-02,1.438329e-01,3.178379e-03,1.195518e-02,3.867806e-02,2.170050e-03,1.688993e-03,1.590192e-02
7.563026e-02,3.060384e-01,5.166426e-02,1.419719e-01,1.820502e-01,3.374733e-02,1.795769e-03,2.161064e-02,1.214447e-01,3.171948e-03,1.039860e-02,2.778777e-02,2.425765e-03,1.906094e-03,1.835628e-02
1.204013e-01,2.968708e-01,5.766546e-02,1.198534e-01,1.855391e-01,3.214424e-02,2.322329e-03,1.637532e-02,1.140139e-01,2.432804e-03,1.199630e-02,2.011470e-02,3.905128e-03,2.385403e-03,1.397981e-02
1.292677e-01,2.352739e-01,4.980974e-02,1.731819e-01,1.619793e-01,2.815590e-02,2.623444e-03,1.572623e-02,1.153722e-01,2.312563e-03,1.897125e-02,2.028073e-02,8.806540e-03,6.056137e-03,3.218242e-02
1.743193e-01,2.324326e-01,5.714425e-02,1.509048e-01,1.349867e-01,2.613756e-02,2.769463e-03,1.327753e-02,1.104573e-01,3.077377e-03,2.668378e-02,2.129802e-02,1.033809e-02,7.496811e-03,2.867646e-02
1.353273e-01,1.741712e-01,4.445947e-02,3.207455e-01,1.290090e-01,1.972937e-02,2.427838e-03,1.756188e-02,8.363996e-02,2.417906e-03,2.062150e-02,1.581915e-02,7.804927e-03,5.545924e-03,2.071902e-02
1.652515e-01,1.349145e-01,6.206809e-02,3.558119e-01,1.086346e-01,1.648418e-02,2.179213e-03,1.971840e-02,7.009172e-02,3.161042e-03,1.791049e-02,1.312222e-02,6.859210e-03,5.042178e-03,1.875073e-02
2.166776e-01,9.717846e-02,8.351751e-02,3.551714e-01,8.658491e-02,1.448136e-02,2.038992e-03,2.544587e-02,5.931235e-02,2.566177e-03,1.714074e-02,1.465133e-02,6.915087e-03,4.416510e-03,1.390173e-02
1.537315e-01,8.025882e-02,6.342901e-02,2.625744e-01,6.128628e-02,1.033855e-02,1.486878e-03,1.816404e-02,4.590502e-02,1.929858e-03,2.601896e-01,1.646768e-02,5.131339e-03,8.919725e-03,1.018734e-02
1.090782e-01,5.812450e-02,4.605872e-02,1.988739e-01,4.435228e-02,7.753003e-03,1.087483e-03,1.294896e-02,3.384085e-02,1.493051e-03,3.942895e-01,1.902299e-02,3.773273e-03,6.181047e-02,7.492854e-03
7.660829e-02,4.096435e-02,3.378488e-02,1.443234e-01,3.128240e-02,6.476885e-03,7.856695e-04,9.147109e-03,2.388075e-02,1.196218e-03,4.316396e-01,3.617558e-02,2.783371e-03,1.556416e-01,5.309924e-03
5.389434e-02,2.880310e-02,2.415809e-02,1.019090e-01,2.222530e-02,5.745433e-03,5.863970e-04,6.428604e-03,1.696903e-02,9.632158e-04,4.893065e-01,4.966789e-02,2.043563e-03,1.935223e-01,3.777239e-03
3.793173e-02,2.031903e-02,1.708288e-02,7.151765e-02,1.614849e-02,4.862301e-03,4.273592e-04,4.508248e-03,1.197091e-02,8.114594e-04,5.138893e-01,6.739156e-02,1.633469e-03,2.287553e-01,2.750301e-03
2.661835e-02,1.431150e-02,1.204201e-02,5.012316e-02,1.205650e-02,3.971304e-03,3.103145e-04,3.164597e-03,8.514422e-03,6.973954e-04,5.529967e-01,6.263965e-02,1.319204e-03,2.492380e-01,1.996950e-03
1.871846e-02,1.021019e-02,8.492498e-03,3.536971e-02,4.975315e-02,3.248472e-03,2.982671e-04,2.255493e-03,6.368939e-03,9.505947e-04,5.015632e-01,5.860945e-02,1.236771e-03,3.013617e-01,1.563126e-03
1.312024e-02,7.254444e-03,5.995881e-03,2.479677e-02,5.307306e-02,2.750970e-03,4.948960e-04,1.623671e-03,4.806438e-03,1.303516e-03,5.819887e-01,5.500170e-02,1.432027e-03,2.451874e-01,1.170329e-03
9.230222e-03,5.281630e-03,4.308727e-03,1.738273e-02,4.687302e-02,2.957407e-03,5.453664e-04,1.201666e-03,3.739713e-03,2.054460e-03,6.153634e-01,5.498670e-02,1.368376e-03,2.337763e-01,9.303736e-04
6.515605e-03,3.867507e-03,3.047437e-03,1.218172e-02,3.869904e-02,2.669292e-03,4.131361e-04,8.656122e-04,2.791640e-03,1.634902e-03,6.971180e-01,4.910200e-02,1.278086e-03,1.791150e-01,7.009950e-04
4.735357e-03,2.794247e-03,2.154619e-03,8.542409e-03,2.935979e-02,2.354955e-03,3.082605e-04,6.405912e-04,2.072678e-03,1.315076e-03,7.526839e-01,4.845586e-02,1.285329e-03,1.427850e-01,5.118651e-04
3.474519e-03,2.149086e-03,1.552674e-03,6.006842e-03,2.326413e-02,2.115797e-03,2.285471e-04,4.882863e-04,1.946672e-03,1.123386e-03,7.645615e-01,7.058835e-02,1.225838e-03,1.208877e-01,3.866979e-04
2.667221e-03,2.042618e-03,1.142999e-03,4.222769e-03,1.701561e-02,1.912528e-03,1.893454e-04,3.774641e-04,1.610501e-03,1.265768e-03,7.985674e-01,6.781927e-02,1.235864e-03,9.961865e-02,3.120141e-04
1.978531e-03,1.890941e-03,8.768848e-04,2.966725e-03,1.229425e-02,1.991946e-03,1.543555e-04,2.834252e-04,1.302808e-03,1.619891e-03,8.253950e-01,6.384529e-02,1.173733e-03,8.395492e-02,2.712826e-04
1.532584e-03,4.719335e-03,8.822944e-04,2.097754e-03,1.063947e-02,2.809667e-03,2.572583e-04,2.337812e-04,1.266673e-03,5.854724e-03,8.335325e-01,5.698071e-02,1.030002e-03,7.749793e-02,6.653813e-04
1.164439e-03,2.274178e-02,1.867397e-03,1.517293e-03,1.690428e-02,5.138158e-03,6.928470e-04,2.174708e-04,1.386992e-03,1.206087e-02,8.058660e-01,4.581035e-02,8.090086e-04,8.120964e-02,2.613507e-03
9.012456e-04,2.790984e-02,3.056606e-03,1.222197e-03,2.918701e-02,1.077927e-02,2.711939e-03,3.031519e-04,1.872821e-03,1.669930e-02,7.555854e-01,4.531734e-02,9.255806e-04,9.559280e-02,7.935496e-03
7.436789e-04,2.346098e-02,5.690885e-03,1.077649e-03,3.478911e-02,1.133786e-02,3.817094e-03,1.513515e-03,6.416299e-03,2.825175e-02,6.697166e-01,4.274720e-02,2.676929e-03,1.326011e-01,3.515935e-02
1.182857e-03,2.113427e-02,1.152524e-02,1.064722e-03,4.424732e-02,2.028418e-02,2.202797e-02,9.294950e-03,1.418290e-02,4.203182e-02,5.746287e-01,4.440749e-02,1.200914e-02,1.354962e-01,4.648227e-02
1.312717e-03,1.625377e-02,1.114117e-02,8.946090e-04,3.452226e-02,2.681995e-02,1.883187e-02,8.980503e-03,1.200192e-02,3.181861e-02,6.333327e-01,3.344265e-02,1.280926e-02,9.628251e-02,6.155555e-02
1.762097e-03,1.490331e-02,1.356308e-02,1.545913e-03,3.503088e-02,2.360893e-02,2.259155e-02,1.651698e-02,9.303287e-03,2.500182e-02,6.737879e-01,2.594374e-02,1.374366e-02,6.787044e-02,5.482642e-02
2.442913e-03,1.361826e-02,1.766578e-02,1.631025e-03,2.956042e-02,2.343646e-02,2.242213e-02,1.776815e-02,7.342669e-03,2.432922e-02,6.771740e-01,2.059393e-02,1.839523e-02,4.838730e-02,7.523260e-02
5.676404e-03,1.058444e-02,1.809909e-02,1.564543e-03,2.599262e-02,2.242691e-02,2.250860e-02,3.736494e-02,6.389515e-03,2.476430e-02,6.521392e-01,2.190606e-02,3.308661e-02,3.676799e-02,8.072883e-02
1.427179e-02,1.229570e-02,2.260023e-02,1.467412e-03,2.400563e-02,2.101575e-02,1.976529e-02,5.416895e-02,9.736069e-03,3.846505e-02,5.721115e-01,2.431013e-02,5.680924e-02,3.757052e-02,9.140675e-02
2.289094e-02,1.245742e-02,2.554800e-02,1.335615e-03,2.190741e-02,1.972580e-02,1.583174e-02,7.455228e-02,1.802916e-02,6.956759e-02,5.242623e-01,2.370381e-02,5.668094e-02,3.886205e-02,7.464498e-02
3.208119e-02,1.214397e-02,2.231538e-02,1.676216e-03,2.076824e-02,2.168693e-02,1.566004e-02,1.013131e-01,3.105645e-02,5.510914e-02,5.064524e-01,2.469852e-02,5.726024e-02,3.944416e-02,5.833407e-02
3.521124e-02,1.284111e-02,1.756761e-02,2.342610e-03,1.766686e-02,2.677340e-02,1.386835e-02,8.784857e-02,5.746333e-02,6.025213e-02,4.405473e-01,3.274158e-02,1.008694e-01,4.663631e-02,4.737014e-02
3.200517e-02,1.147203e-02,1.311218e-02,2.318458e-03,1.305469e-02,2.841626e-02,9.930611e-03,6.394501e-02,5.682853e-02,5.715245e-02,3.634928e-01,5.641737e-02,2.134893e-01,4.201427e-02,3.635091e-02
2.455283e-02,8.824051e-03,9.798712e-03,1.869326e-03,9.427899e-03,2.360101e-02,7.103578e-03,4.556112e-02,4.404394e-02,4.583649e-02,2.708540e-01,5.306498e-02,3.850121e-01,3.539967e-02,3.505031e-02
1.783506e-02,6.512069e-03,8.343996e-03,1.458392e-03,6.749796e-03,1.704664e-02,5.011879e-03,3.260332e-02,3.214984e-02,3.395551e-02,1.922212e-01,4.142775e-02,4.937398e-01,2.783245e-02,8.311230e-02
1.266487e-02,4.617628e-03,6.592846e-03,1.288346e-03,4.831829e-03,1.380877e-02,3.623579e-03,2.313588e-02,2.277188e-02,2.518723e-02,1.373628e-01,3.098618e-02,4.836126e-01,2.051734e-02,2.089981e-01
9.324616e-03,3.491497e-03,4.923488e-03,2.275276e-03,3.674650e-03,1.384664e-02,2.701120e-03,1.642928e-02,1.729025e-02,2.040143e-02,1.027727e-01,2.442022e-02,5.116636e-01,1.580153e-02,2.509837e-01
6.996684e-03,2.540182e-03,3.497775e-03,1.891432e-03,2.729118e-03,1.126130e-02,1.994933e-03,1.155210e-02,1.246051e-02,1.675411e-02,9.858107e-02,2.321521e-02,4.650233e-01,1.246565e-02,3.290366e-01
5.256811e-03,1.864216e-03,2.687483e-03,2.120957e-03,2.645073e-03,8.436260e-03,2.720891e-03,8.282613e-03,9.382507e-03,1.911776e-02,1.349514e-01,2.647326e-02,3.644669e-01,1.116858e-02,4.004253e-01
3.797556e-03,1.377514e-03,2.051336e-03,1.831349e-03,3.154246e-03,6.740547e-03,3.160684e-03,6.851580e-03,8.031037e-03,2.264314e-02,2.794966e-01,2.872171e-02,3.225970e-01,8.473981e-03,3.010717e-01
2.760781e-03,1.002971e-03,1.534845e-03,1.492857e-03,2.978166e-03,5.516722e-03,2.693859e-03,5.714435e-03,6.874317e-03,2.024063e-02,4.028820e-01,2.663998e-02,2.933342e-01,6.236148e-03,2.200981e-01
2.014343e-03,7.580960e-04,1.246530e-03,1.285063e-03,3.828295e-03,4.017749e-03,2.249934e-03,4.598732e-03,9.303629e-03,1.654602e-02,4.479836e-01,2.871227e-02,2.875590e-01,4.709480e-03,1.851873e-01
1.500349e-03,7.183158e-04,1.246873e-03,9.963088e-04,3.860285e-03,2.918651e-03,1.820020e-03,3.702002e-03,1.907175e-02,1.354502e-02,4.815553e-01,3.492630e-02,2.958184e-01,3.470013e-03,1.348505e-01
1.280543e-03,8.528772e-04,1.670685e-03,1.013942e-03,3.219650e-03,2.250115e-03,1.336756e-03,7.114021e-03,2.140938e-02,1.120504e-02,5.584540e-01,3.516575e-02,2.560436e-01,2.534599e-03,9.644908e-02
1.628217e-03,1.061999e-03,1.922311e-03,3.235972e-03,3.111198e-03,2.112251e-03,1.108201e-03,2.311019e-02,3.057712e-02,1.215775e-02,5.864960e-01,3.449474e-02,2.266226e-01,1.917171e-03,7.044428e-02
3.020802e-03,1.293668e-03,2.066038e-03,5.300765e-03,1.774725e-02,1.649925e-03,8.322736e-04,5.294447e-02,1.779560e-01,1.228087e-02,4.484303e-01,2.959925e-02,1.957313e-01,1.419064e-03,4.972808e-02
3.110106e-03,1.222399e-03,2.672447e-03,7.582617e-03,1.904782e-02,1.381179e-03,6.212692e-04,1.454530e-01,2.685715e-01,1.073425e-02,3.247716e-01,2.528201e-02,1.535508e-01,1.039152e-03,3.495985e-02
3.738017e-03,9.599258e-04,4.951429e-03,1.171039e-02,1.705117e-02,1.170352e-03,5.287184e-04,2.967298e-01,2.572922e-01,8.709125e-03,2.331967e-01,2.007025e-02,1.185324e-01,7.444542e-04,2.461496e-02
5.160067e-03,1.192628e-03,8.984890e-03,1.823198e-02,1.914058e-02,1.109814e-03,4.201869e-04,3.281442e-01,3.212609e-01,7.647535e-03,1.676918e-01,1.649940e-02,8.639366e-02,5.455106e-04,1.757675e-02
1.030745e-02,1.508536e-03,1.110423e-02,2.436224e-02,2.521213e-02,5.577202e-03,3.288237e-04,3.521613e-01,3.557525e-01,6.660781e-03,1.185348e-01,1.327523e-02,6.208636e-02,4.123224e-04,1.271619e-02
1.334019e-02,1.987660e-03,1.023035e-02,2.029750e-02,3.246566e-02,4.040279e-03,2.594580e-04,4.063542e-01,3.597969e-01,4.832275e-03,8.362509e-02,9.686639e-03,4.376578e-02,3.273558e-04,8.990606e-03
1.712869e-02,2.661833e-03,8.717360e-03,1.639253e-02,3.504903e-02,3.051262e-03,2.274259e-04,4.833683e-01,3.265980e-01,3.485758e-03,5.892254e-02,6.988399e-03,3.074322e-02,2.771171e-04,6.388513e-03
3.012772e-02,9.250272e-03,8.955077e-03,1.685033e-02,3.813253e-02,2.590188e-03,2.308799e-04,4.899533e-01,3.258176e-01,2.809808e-03,4.253786e-02,5.299403e-03,2.170583e-02,4.367343e-04,5.302476e-03
4.015306e-02,1.378535e-02,7.378019e-03,1.546565e-02,4.271187e-02,2.274430e-03,2.486765e-04,4.531834e-01,3.663695e-01,2.484302e-03,3.106409e-02,4.115927e-03,1.534093e-02,6.524682e-04,4.772299e-03
4.531313e-02,1.796456e-02,5.643867e-03,1.246431e-02,3.890406e-02,2.079247e-03,2.661859e-04,4.014495e-01,4.294317e-01,2.769540e-03,2.384120e-02,3.484874e-03,1.094100e-02,7.914416e-04,4.655389e-03
5.960133e-02,1.949757e-02,4.270141e-03,9.550315e-03,3.488600e-02,2.167730e-03,3.218326e-04,3.141639e-01,5.117864e-01,5.176095e-03,1.943015e-02,3.837961e-03,8.007661e-03,1.663961e-03,5.638934e-03
9.345245e-02,1.878623e-02,3.456633e-03,8.228240e-03,3.173568e-02,2.857738e-03,4.448853e-04,2.635452e-01,5.281599e-01,7.442934e-03,1.735507e-02,6.163197e-03,6.561850e-03,2.679258e-03,9.130784e-03
1.670233e-01,2.236056e-02,3.194940e-03,7.130739e-03,3.008127e-02,3.892463e-03,8.393665e-04,2.221541e-01,4.812920e-01,1.654083e-02,1.531587e-02,8.264625e-03,5.522025e-03,6.418368e-03,9.969629e-03
2.224000e-01,3.315391e-02,6.016324e-03,5.013857e-02,2.357904e-02,5.976326e-03,8.728491e-04,1.663436e-01,3.429127e-01,1.757655e-02,7.100379e-02,2.564412e-02,8.449402e-03,1.006917e-02,1.586373e-02
1.665708e-01,4.243057e-02,8.065237e-03,1.843421e-01,1.782125e-02,5.422081e-03,6.971482e-04,1.203958e-01,2.525878e-01,1.550044e-02,1.260702e-01,1.933759e-02,1.011065e-02,1.207033e-02,1.857803e-02
1.169788e-01,3.058690e-02,6.025563e-03,1.432690e-01,1.296316e-02,3.917478e-03,5.015666e-04,8.479473e-02,1.978208e-01,1.649776e-02,2.873082e-01,2.039043e-02,2.319142e-02,1.404972e-02,4.170449e-02
8.209726e-02,2.158679e-02,4.493141e-03,1.079749e-01,1.016340e-02,2.936785e-03,3.706483e-04,5.956615e-02,1.657926e-01,4.468302e-02,3.194309e-01,5.352404e-02,4.546816e-02,1.998778e-02,6.192447e-02
5.751096e-02,1.513827e-02,3.190731e-03,7.664411e-02,8.975189e-03,2.155249e-03,2.711736e-04,4.174954e-02,1.194300e-01,4.350227e-02,4.055987e-01,1.006887e-01,3.970475e-02,1.804229e-02,6.739813e-02
4.027262e-02,1.060400e-02,2.260634e-03,5.410271e-02,1.171461e-02,1.527936e-03,2.080100e-04,2.925878e-02,8.457224e-02,3.576006e-02,5.121313e-01,9.505740e-02,3.009506e-02,1.704180e-02,7.539284e-02
2.820182e-02,7.424949e-03,1.603620e-03,3.796959e-02,2.639612e-02,1.091249e-03,1.535360e-04,2.055159e-02,5.936085e-02,3.352016e-02,5.382539e-01,9.373569e-02,2.207184e-02,1.952174e-02,1.101434e-01
1.975617e-02,5.206172e-03,1.431742e-03,2.666156e-02,2.095024e-02,7.883005e-04,1.208108e-04,1.447577e-02,4.165959e-02,2.943067e-02,5.108241e-01,1.778759e-01,1.769909e-02,2.697069e-02,1.061492e-01
1.384729e-02,3.656361e-03,1.406860e-03,1.870941e-02,1.654179e-02,6.316137e-04,1.062432e-04,1.039270e-02,2.934734e-02,3.325129e-02,5.052752e-01,2.144188e-01,1.447341e-02,2.645390e-02,1.114878e-01
9.755509e-03,2.579169e-03,1.429765e-03,1.313495e-02,1.879289e-02,5.996691e-04,2.371671e-04,7.618348e-03,2.179492e-02,3.012783e-02,5.336630e-01,1.806392e-01,1.176789e-02,2.424574e-02,1.436140e-01
7.184931e-03,2.047063e-03,2.695008e-03,9.332879e-03,5.036541e-02,1.323148e-03,4.586499e-04,7.005632e-03,2.132484e-02,4.073101e-02,4.981211e-01,1.591550e-01,1.059006e-02,2.999602e-02,1.596693e-01
8.837985e-03,1.450210e-02,1.353662e-02,7.066472e-03,6.070387e-02,6.885665e-03,1.923559e-03,1.957122e-02,6.279588e-02,6.564745e-02,3.981857e-01,1.466963e-01,1.381354e-02,4.842700e-02,1.314066e-01
1.188215e-02,2.173104e-02,1.236474e-02,5.825649e-03,6.554657e-02,6.503721e-03,1.846683e-03,2.776502e-02,1.124173e-01,9.808433e-02,3.309468e-01,1.355700e-01,1.885385e-02,5.510461e-02,9.555750e-02
1.340919e-02,3.028119e-02,1.009490e-02,5.115530e-03,7.127643e-02,6.707362e-03,1.505569e-03,2.578163e-02,2.210636e-01,9.186292e-02,2.795053e-01,1.136995e-01,1.951445e-02,4.203986e-02,6.814259e-02
1.495445e-02,5.144037e-02,7.871858e-03,4.787243e-03,6.011818e-02,8.021746e-03,1.762646e-03,2.339051e-02,3.751728e-01,6.925911e-02,2.025780e-01,8.476181e-02,1.661960e-02,3.052758e-02,4.873408e-02
1.640228e-02,5.856470e-02,6.098109e-03,5.544537e-03,5.420705e-02,7.408419e-03,1.544971e-03,1.841798e-02,4.978405e-01,5.618459e-02,1.457766e-01,6.190527e-02,1.347889e-02,2.184781e-02,3.477832e-02
2.142982e-02,4.548727e-02,4.745132e-03,7.701368e-03,1.024403e-01,7.022301e-03,2.011406e-03,1.462356e-02,5.531694e-01,4.378996e-02,1.034064e-01,4.384013e-02,1.022453e-02,1.543141e-02,2.467696e-02
2.336215e-02,4.104280e-02,3.854055e-03,4.660161e-02,9.830479e-02,9.467060e-03,1.715479e-03,1.299803e-02,5.864986e-01,3.192864e-02,7.383958e-02,3.162554e-02,9.317397e-03,1.095646e-02,1.848781e-02
5.048388e-02,3.250102e-02,3.193847e-03,4.609259e-02,1.080300e-01,1.068793e-02,2.036279e-03,1.495828e-02,5.956315e-01,2.463603e-02,5.476677e-02,2.497270e-02,9.870186e-03,8.255115e-03,1.388386e-02
1.060482e-01,3.037062e-02,3.535504e-03,4.645485e-02,9.017079e-02,1.421457e-02,2.558318e-03,1.221972e-02,5.546767e-01,2.007823e-02,4.923496e-02,3.338371e-02,1.706214e-02,6.384763e-03,1.360696e-02
9.429858e-02,2.641624e-02,2.702346e-03,3.440231e-02,8.048747e-02,1.237612e-02,2.273005e-03,9.289246e-03,6.156104e-01,1.467746e-02,4.251673e-02,2.919952e-02,2.086800e-02,4.736418e-03,1.014613e-02
7.599684e-02,3.102761e-02,2.628563e-03,5.768126e-02,6.421421e-02,1.005834e-02,1.693719e-03,1.701630e-02,6.292402e-01,1.197825e-02,3.757226e-02,2.552089e-02,2.331365e-02,3.635838e-03,8.422086e-03
5.762793e-02,2.905728e-02,3.348881e-03,1.573724e-01,4.811636e-02,8.075244e-03,1.299793e-03,1.886374e-02,5.825924e-01,9.677593e-03,3.194333e-02,2.068174e-02,2.079905e-02,2.786282e-03,7.757926e-03
5.561333e-02,2.726790e-02,6.771648e-03,2.088661e-01,4.046940e-02,7.373748e-03,1.209141e-03,1.991167e-02,5.430709e-01,1.309804e-02,2.880116e-02,1.727928e-02,1.929044e-02,2.165021e-03,8.812171e-03
4.441312e-02,2.859954e-02,1.264174e-02,3.446952e-01,2.994522e-02,6.327478e-03,9.936616e-04,1.495626e-02,4.245869e-01,1.757609e-02,2.847629e-02,1.324943e-02,1.637630e-02,2.001104e-03,1.516162e-02
3.876348e-02,2.574606e-02,1.340893e-02,3.452763e-01,2.476814e-02,6.621612e-03,1.049049e-03,2.012886e-02,3.995386e-01,1.497580e-02,4.950592e-02,1.078002e-02,1.643302e-02,2.170907e-03,3.083335e-02
4.011150e-02,2.295806e-02,1.229268e-02,3.402269e-01,2.258522e-02,5.689319e-03,1.176287e-03,2.726222e-02,3.298223e-01,1.232503e-02,9.049864e-02,1.065919e-02,3.008350e-02,4.065851e-03,5.024325e-02
3.242634e-02,4.349544e-02,1.572944e-02,3.127483e-01,1.858928e-02,5.992973e-03,1.044828e-03,2.118799e-02,3.104409e-01,1.291549e-02,1.034139e-01,1.156446e-02,3.481986e-02,6.458206e-03,6.917265e-02
2.390545e-02,6.502329e-02,1.914259e-02,2.725432e-01,1.440466e-02,4.351273e-03,8.236501e-04,1.502416e-02,3.826605e-01,9.711181e-03,1.002075e-01,1.053674e-02,2.605029e-02,5.688369e-03,4.992719e-02
1.773503e-02,4.963108e-02,1.872410e-02,2.390677e-01,1.220944e-02,3.543265e-03,7.373525e-04,1.122556e-02,3.512703e-01,7.697427e-03,2.099528e-01,9.896362e-03,1.955885e-02,1.300287e-02,3.574792e-02
1.288074e-02,3.522824e-02,1.358739e-02,1.755843e-01,1.113988e-02,2.929833e-03,5.774556e-04,8.657104e-03,2.666858e-01,5.878928e-03,3.513594e-01,1.072761e-02,1.427234e-02,6.405474e-02,2.643632e-02
9.130308e-03,2.499482e-02,1.000565e-02,1.237053e-01,8.726521e-03,2.726227e-03,4.828115e-04,6.622611e-03,1.890633e-01,4.324248e-03,4.255320e-01,2.220956e-02,1.173753e-02,1.411515e-01,1.958754e-02
6.560576e-03,1.764198e-02,7.320593e-03,8.715240e-02,7.346641e-03,2.579563e-03,4.107432e-04,5.228684e-03,1.347754e-01,3.218183e-03,5.332072e-01,1.754653e-02,8.962547e-03,1.541307e-01,1.391825e-02
5.457379e-03,1.320072e-02,5.946619e-03,6.152298e-02,1.102058e-02,3.152279e-03,3.521881e-04,3.846939e-03,1.012760e-01,2.881263e-03,5.219995e-01,1.322933e-02,6.621187e-03,2.394834e-01,1.000960e-02
4.251125e-03,1.041514e-02,4.607855e-03,4.340964e-02,1.910162e-02,4.461199e-03,2.900094e-04,2.844389e-03,1.027476e-01,2.930165e-03,4.544684e-01,9.663095e-03,4.918898e-03,3.283704e-01,7.520530e-03
3.193908e-03,7.934387e-03,3.692652e-03,3.051775e-02,1.541302e-02,9.620512e-03,2.345475e-04,2.165241e-03,9.816469e-02,2.626595e-03,3.510428e-01,7.044668e-03,3.550850e-03,4.590923e-01,5.706128e-03
2.448696e-03,7.037018e-03,3.027623e-03,2.204929e-02,1.142238e-02,9.016508e-03,1.809687e-04,1.563909e-03,1.492145e-01,3.515967e-03,2.609378e-01,5.065410e-03,2.555977e-03,5.174933e-01,4.470694e-03
1.847771e-03,5.216160e-03,3.220961e-03,1.804040e-02,8.247036e-03,7.858872e-03,1.507025e-04,1.158643e-03,2.474934e-01,4.967508e-03,1.865086e-01,3.734435e-03,2.487930e-03,5.053654e-01,3.702251e-03
1.445331e-03,3.961745e-03,3.439374e-03,1.370889e-02,5.920524e-03,6.947939e-03,1.232106e-04,8.777716e-04,2.389119e-01,5.312019e-03,1.332965e-01,2.818224e-03,2.318999e-03,5.776696e-01,3.248051e-03
1.152561e-03,3.571337e-03,3.311939e-03,9.694831e-03,4.214892e-03,6.843307e-03,9.609521e-05,6.453312e-04,1.888748e-01,4.037993e-03,9.485842e-02,2.070443e-03,1.852061e-03,6.757138e-01,3.062250e-03
9.802375e-04,3.128843e-03,2.767242e-03,6.843092e-03,2.987574e-03,7.806503e-03,7.421061e-05,5.025312e-04,1.626644e-01,3.034558e-03,6.732623e-02,1.483555e-03,1.418290e-03,7.361411e-01,2.841557e-03
9.034650e-04,5.109021e-03,2.850311e-03,4.865450e-03,2.138745e-03,1.916440e-02,5.827759e-05,4.664326e-04,1.424426e-01,2.377428e-03,4.798744e-02,1.055461e-03,1.041445e-03,7.670227e-01,2.516814e-03
2.250337e-03,7.004852e-03,7.670900e-03,4.161668e-03,1.740051e-03,3.255888e-02,9.487619e-05,9.920660e-04,1.486257e-01,2.189091e-03,3.482053e-02,7.845060e-04,1.107408e-03,7.527928e-01,3.206264e-03
3.276671e-03,6.250022e-03,6.672441e-03,3.204603e-03,1.621962e-03,2.538696e-02,1.023385e-04,1.032616e-03,1.504093e-01,1.828067e-03,2.546479e-02,5.758291e-04,9.236332e-04,7.704552e-01,2.795530e-03
6.811751e-03,5.333658e-03,7.521506e-03,2.442407e-03,1.739827e-03,1.910038e-02,1.038878e-04,1.386166e-03,1.519535e-01,1.549741e-03,2.140666e-02,4.405790e-04,7.560300e-04,7.763477e-01,3.106263e-03
1.444409e-02,6.165928e-03,2.144177e-02,8.120986e-03,2.917524e-03,1.690149e-02,1.785429e-04,2.595098e-03,1.652485e-01,3.331987e-03,1.841339e-02,6.435580e-04,1.830529e-03,7.160851e-01,2.168149e-02
2.188383e-02,2.419141e-02,4.295988e-02,1.913649e-02,1.962037e-02,1.632155e-02,1.270595e-03,1.684785e-02,2.026655e-01,3.339054e-03,1.567222e-02,6.333230e-04,1.993289e-03,5.971321e-01,1.633264e-02
2.682275e-02,2.443441e-02,3.851398e-02,1.749827e-02,3.422197e-02,1.928989e-02,1.199223e-03,2.290703e-02,2.008767e-01,6.826754e-03,1.464561e-02,5.197764e-04,1.766891e-03,5.757207e-01,1.475616e-02
4.039172e-02,1.930469e-02,3.270476e-02,2.257801e-02,8.847605e-02,1.629891e-02,7.851288e-03,5.033008e-02,2.224025e-01,5.948002e-03,1.187780e-02,4.418730e-04,1.374296e-03,4.686133e-01,1.140675e-02
5.729336e-02,1.762516e-02,2.877067e-02,1.791615e-02,8.403926e-02,2.562688e-02,1.675619e-02,7.802966e-02,1.909303e-01,4.905211e-03,1.129086e-02,5.283147e-04,2.806900e-03,4.542473e-01,9.233830e-03
6.399933e-02,1.638486e-02,3.131435e-02,1.644607e-02,8.702281e-02,4.748052e-02,2.141108e-02,1.225373e-01,1.779992e-01,4.597758e-03,1.095600e-02,5.971394e-04,3.961202e-03,3.878611e-01,7.431225e-03
6.262825e-02,1.646414e-02,3.630991e-02,1.370730e-02,9.409040e-02,4.651138e-02,5.494268e-02,1.644210e-01,1.698440e-01,4.245431e-03,1.145291e-02,9.951660e-04,5.556043e-03,3.124861e-01,6.345348e-03
7.853612e-02,1.603776e-02,3.408225e-02,1.056228e-02,7.663018e-02,1.136437e-01,7.730111e-02,1.594850e-01,1.749802e-01,4.509676e-03,9.194051e-03,1.489540e-03,6.063253e-03,2.324155e-01,5.069397e-03
1.048178e-01,1.403019e-02,3.050641e-02,8.857013e-03,5.990451e-02,1.828316e-01,9.005286e-02,1.460119e-01,1.659674e-01,4.000547e-03,7.554795e-03,2.388399e-03,6.783368e-03,1.718609e-01,4.432317e-03
1.006275e-01,1.861533e-02,2.748072e-02,6.804466e-03,4.654829e-02,1.354470e-01,1.124306e-01,1.904442e-01,2.149961e-01,3.709675e-03,5.608045e-03,2.578246e-03,5.552324e-03,1.248224e-01,4.335162e-03
9.202972e-02,2.834712e-02,2.294436e-02,5.056572e-03,3.459359e-02,9.683236e-02,2.199044e-01,1.849040e-01,2.064487e-01,3.350342e-03,4.097875e-03,2.350929e-03,4.937797e-03,9.012976e-02,4.072367e-03
8.370993e-02,2.765901e-02,1.853628e-02,3.839446e-03,2.565331e-02,6.953733e-02,3.282253e-01,1.735945e-01,1.871465e-01,2.948572e-03,3.295312e-03,2.775467e-03,4.283680e-03,6.515371e-02,3.641560e-03
9.508031e-02,3.660917e-02,1.406679e-02,2.879660e-03,1.853401e-02,5.014007e-02,3.597934e-01,1.703584e-01,1.851317e-01,3.350705e-03,2.780205e-03,3.164665e-03,3.811213e-03,5.008741e-02,4.212374e-03
1.073008e-01,3.732400e-02,1.129319e-02,2.206123e-03,1.373697e-02,3.665798e-02,4.125516e-01,1.603840e-01,1.645403e-01,3.023897e-03,2.255467e-03,3.506735e-03,3.760615e-03,3.763580e-02,3.822510e-03
1.086047e-01,2.995229e-02,9.367672e-03,1.787222e-03,1.029669e-02,2.789510e-02,4.725834e-01,1.652742e-01,1.296522e-01,3.303185e-03,1.924707e-03,3.933572e-03,3.788898e-03,2.772038e-02,3.915760e-03
1.200078e-01,2.391675e-02,9.672133e-03,1.507532e-03,8.448842e-03,2.240643e-02,5.022599e-01,1.591109e-01,1.137591e-01,3.659326e-03,1.854470e-03,4.970906e-03,3.672165e-03,2.028857e-02,4.465141e-03
