1.000000e+00,0.000000e+00,0.000000e+00,0.000000e+00,0.000000e+00,0.000000e+00,0.000000e+00,0.000000e+00,0.000000e+00,0.000000e+00,0.000000e+00,0.000000e+00,0.000000e+00,0.000000e+00,0.000000e+00
1.000000e+00,0.000000e+00,0.000000e+00,0.000000e+00,0.000000e+00,0.000000e+00,0.000000e+00,0.000000e+00,0.000000e+00,0.000000e+00,0.000000e+00,0.000000e+00,0.000000e+00,0.000000e+00,0.000000e+00
1.000000e+00,0.000000e+00,0.000000e+00,0.000000e+00,0.000000e+00,0.000000e+00,0.000000e+00,0.000000e+00,0.000000e+00,0.000000e+00,0.000000e+00,0.000000e+00,0.000000e+00,0.000000e+00,0.000000e+00
1.000000e+00,0.000000e+00,0.000000e+00,0.000000e+00,0.000000e+00,0.000000e+00,0.000000e+00,0.000000e+00,0.000000e+00,0.000000e+00,0.000000e+00,0.000000e+00,0.000000e+00,0.000000e+00,0.000000e+00
1.000000e+00,0.000000e+00,0.000000e+00,0.000000e+00,0.000000e+00,0.000000e+00,0.000000e+00,0.000000e+00,0.000000e+00,0.000000e+00,0.000000e+00,0.000000e+00,0.000000e+00,0.000000e+00,0.000000e+00
1.000000e+00,0.000000e+00,0.000000e+00,0.000000e+00,0.000000e+00,0.000000e+00,0.000000e+00,0.000000e+00,0.000000e+00,0.000000e+00,0.000000e+00,0.000000e+00,0.000000e+00,0.000000e+00,0.000000e+00
1.000000e+00,0.000000e+00,0.000000e+00,0.000000e+00,0.000000e+00,0.000000e+00,0.000000e+00,0.000000e+00,0.000000e+00,0.000000e+00,0.000000e+00,0.000000e+00,0.000000e+00,0.000000e+00,0.000000e+00
1.000000e+00,0.000000e+00,0.000000e+00,0.000000e+00,0.000000e+00,0.000000e+00,0.000000e+00,0.000000e+00,0.000000e+00,0.000000e+00,0.000000e+00,0.000000e+00,0.000000e+00,0.000000e+00,0.000000e+00
1.000000e+00,0.000000e+00,0.000000e+00,0.000000e+00,0.000000e+00,0.000000e+00,0.000000e+00,0.000000e+00,0.000000e+00,0.000000e+00,0.000000e+00,0.000000e+00,0.000000e+00,0.000000e+00,0.000000e+00
1.000000e+00,0.000000e+00,0.000000e+00,0.000000e+00,0.000000e+00,0.000000e+00,0.000000e+00,0.000000e+00,0.000000e+00,0.000000e+00,0.000000e+00,0.000000e+00,0.000000e+00,0.000000e+00,0.000000e+00
1.000000e+00,0.000000e+00,0.000000e+00,0.000000e+00,0.000000e+00,0.000000e+00,0.000000e+00,0.000000e+00,0.000000e+00,0.000000e+00,0.000000e+00,0.000000e+00,0.000000e+00,0.000000e+00,0.000000e+00
1.000000e+00,0.000000e+00,0.000000e+00,0.000000e+00,0.000000e+00,0.000000e+00,0.000000e+00,0.000000e+00,0.000000e+00,0.000000e+00,0.000000e+00,0.000000e+00,0.000000e+00,0.000000e+00,0.000000e+00
1.000000e+00,0.000000e+00,0.000000e+00,0.000000e+00,0.000000e+00,0.000000e+00,0.000000e+00,0.000000e+00,0.000000e+00,0.000000e+00,0.000000e+00,0.000000e+00,0.000000e+00,0.000000e+00,0.000000e+00
1.000000e+00,0.000000e+00,0.000000e+00,0.000000e+00,0.000000e+00,0.000000e+00,0.000000e+00,0.000000e+00,0.000000e+00,0.000000e+00,0.000000e+00,0.000000e+00,0.000000e+00,0.000000e+00,0.000000e+00
1.000000e+00,0.000000e+00,0.000000e+00,0.000000e+00,0.000000e+00,0.000000e+00,0.000000e+00,0.000000e+00,0.000000e+00,0.000000e+00,0.000000e+00,0.000000e+00,0.000000e+00,0.000000e+00,0.000000e+00
1.000000e+00,0.000000e+00,0.000000e+00,0.000000e+00,0.000000e+00,0.000000e+00,0.000000e+00,0.000000e+00,0.000000e+00,0.000000e+00,0.000000e+00,0.000000e+00,0.000000e+00,0.000000e+00,0.000000e+00
1.000000e+00,0.000000e+00,0.000000e+00,0.000000e+00,0.000000e+00,0.000000e+00,0.000000e+00,0.000000e+00,0.000000e+00,0.000000e+00,0.000000e+00,0.000000e+00,0.000000e+00,0.000000e+00,0.000000e+00
1.000000e+00,0.000000e+00,0.000000e+00,0.000000e+00,0.000000e+00,0.000000e+00,0.000000e+00,0.000000e+00,0.000000e+00,0.000000e+00,0.000000e+00,0.000000e+00,0.000000e+00,0.000000e+00,0.000000e+00
1.000000e+00,0.000000e+00,0.000000e+00,0.000000e+00,0.000000e+00,0.000000e+00,0.000000e+00,0.000000e+00,0.000000e+00,0.000000e+00,0.000000e+00,0.000000e+00,0.000000e+00,0.000000e+00,0.000000e+00
1.000000e+00,0.000000e+00,0.000000e+00,0.000000e+00,0.000000e+00,0.000000e+00,0.000000e+00,0.000000e+00,0.000000e+00,0.000000e+00,0.000000e+00,0.000000e+00,0.000000e+00,0.000000e+00,0.000000e+00
1.000000e+00,0.000000e+00,0.000000e+00,0.000000e+00,0.000000e+00,0.000000e+00,0.000000e+00,0.000000e+00,0.000000e+00,0.000000e+00,0.000000e+00,0.000000e+00,0.000000e+00,0.000000e+00,0.000000e+00
1.000000e+00,0.000000e+00,0.000000e+00,0.000000e+00,0.000000e+00,0.000000e+00,0.000000e+00,0.000000e+00,0.000000e+00,0.000000e+00,0.000000e+00,0.000000e+00,0.000000e+00,0.000000e+00,0.000000e+00
1.000000e+00,0.000000e+00,0.000000e+00,0.000000e+00,0.000000e+00,0.000000e+00,0.000000e+00,0.000000e+00,0.000000e+00,0.000000e+00,0.000000e+00,0.000000e+00,0.000000e+00,0.000000e+00,0.000000e+00
1.000000e+00,0.000000e+00,0.000000e+00,0.000000e+00,0.000000e+00,0.000000e+00,0.000000e+00,0.000000e+00,0.000000e+00,0.000000e+00,0.000000e+00,0.000000e+00,0.000000e+00,0.000000e+00,0.000000e+00
1.000000e+00,0.000000e+00,0.000000e+00,0.000000e+00,0.000000e+00,0.000000e+00,0.000000e+00,0.000000e+00,0.000000e+00,0.000000e+00,0.000000e+00,0.000000e+00,0.000000e+00,0.000000e+00,0.000000e+00
1.000000e+00,0.000000e+00,0.000000e+00,0.000000e+00,0.000000e+00,0.000000e+00,0.000000e+00,0.000000e+00,0.000000e+00,0.000000e+00,0.000000e+00,0.000000e+00,0.000000e+00,0.000000e+00,0.000000e+00
1.000000e+00,0.000000e+00,0.000000e+00,0.000000e+00,0.000000e+00,0.000000e+00,0.000000e+00,0.000000e+00,0.000000e+00,0.000000e+00,0.000000e+00,0.000000e+00,0.000000e+00,0.000000e+00,0.000000e+00
1.000000e+00,0.000000e+00,0.000000e+00,0.000000e+00,0.000000e+00,0.000000e+00,0.000000e+00,0.000000e+00,0.000000e+00,0.000000e+00,0.000000e+00,0.000000e+00,0.000000e+00,0.000000e+00,0.000000e+00
1.000000e+00,0.000000e+00,0.000000e+00,0.000000e+00,0.000000e+00,0.000000e+00,0.000000e+00,0.000000e+00,0.000000e+00,0.000000e+00,0.000000e+00,0.000000e+00,0.000000e+00,0.000000e+00,0.000000e+00
1.000000e+00,0.000000e+00,0.000000e+00,0.000000e+00,0.000000e+00,0.000000e+00,0.000000e+00,0.000000e+00,0.000000e+00,0.000000e+00,0.000000e+00,0.000000e+00,0.000000e+00,0.000000e+00,0.000000e+00
1.000000e+00,0.000000e+00,0.000000e+00,0.000000e+00,0.000000e+00,0.000000e+00,0.000000e+00,0.000000e+00,0.000000e+00,0.000000e+00,0.000000e+00,0.000000e+00,0.000000e+00,0.000000e+00,0.000000e+00
1.000000e+00,0.000000e+00,0.000000e+00,0.000000e+00,0.000000e+00,0.000000e+00,0.000000e+00,0.000000e+00,0.000000e+00,0.000000e+00,0.000000e+00,0.000000e+00,0.000000e+00,0.000000e+00,0.000000e+00
1.000000e+00,0.000000e+00,0.000000e+00,0.000000e+00,0.000000e+00,0.000000e+00,0.000000e+00,0.000000e+00,0.000000e+00,0.000000e+00,0.000000e+00,0.000000e+00,0.000000e+00,0.000000e+00,0.000000e+00
1.000000e+00,0.000000e+00,0.000000e+00,0.000000e+00,0.000000e+00,0.000000e+00,0.000000e+00,0.000000e+00,0.000000e+00,0.000000e+00,0.000000e+00,0.000000e+00,0.000000e+00,0.000000e+00,0.000000e+00
1.000000e+00,0.000000e+00,0.000000e+00,0.000000e+00,0.000000e+00,0.000000e+00,0.000000e+00,0.000000e+00,0.000000e+00,0.000000e+00,0.000000e+00,0.000000e+00,0.000000e+00,0.000000e+00,0.000000e+00
1.000000e+00,0.000000e+00,0.000000e+00,0.000000e+00,0.000000e+00,0.000000e+00,0.000000e+00,0.000000e+00,0.000000e+00,0.000000e+00,0.000000e+00,0.000000e+00,0.000000e+00,0.000000e+00,0.000000e+00
1.000000e+00,0.000000e+00,0.000000e+00,0.000000e+00,0.000000e+00,0.000000e+00,0.000000e+00,0.000000e+00,0.000000e+00,0.000000e+00,0.000000e+00,0.000000e+00,0.000000e+00,0.000000e+00,0.000000e+00
1.000000e+00,0.000000e+00,0.000000e+00,0.000000e+00,0.000000e+00,0.000000e+00,0.000000e+00,0.000000e+00,0.000000e+00,0.000000e+00,0.000000e+00,0.000000e+00,0.000000e+00,0.000000e+00,0.000000e+00
1.000000e+00,0.000000e+00,0.000000e+00,0.000000e+00,0.000000e+00,0.000000e+00,0.000000e+00,0.000000e+00,0.000000e+00,0.000000e+00,0.000000e+00,0.000000e+00,0.000000e+00,0.000000e+00,0.000000e+00
1.000000e+00,0.000000e+00,0.000000e+00,0.000000e+00,0.000000e+00,0.000000e+00,0.000000e+00,0.000000e+00,0.000000e+00,0.000000e+00,0.000000e+00,0.000000e+00,0.000000e+00,0.000000e+00,0.000000e+00
1.000000e+00,0.000000e+00,0.000000e+00,0.000000e+00,0.000000e+00,0.000000e+00,0.000000e+00,0.000000e+00,0.000000e+00,0.000000e+00,0.000000e+00,0.000000e+00,0.000000e+00,0.000000e+00,0.000000e+00
1.000000e+00,0.000000e+00,0.000000e+00,0.000000e+00,0.000000e+00,0.000000e+00,0.000000e+00,0.000000e+00,0.000000e+00,0.000000e+00,0.000000e+00,0.000000e+00,0.000000e+00,0.000000e+00,0.000000e+00
1.000000e+00,0.000000e+00,0.000000e+00,0.000000e+00,0.000000e+00,0.000000e+00,0.000000e+00,0.000000e+00,0.000000e+00,0.000000e+00,0.000000e+00,0.000000e+00,0.000000e+00,0.000000e+00,0.000000e+00
1.000000e+00,0.000000e+00,0.000000e+00,0.000000e+00,0.000000e+00,0.000000e+00,0.000000e+00,0.000000e+00,0.000000e+00,0.000000e+00,0.000000e+00,0.000000e+00,0.000000e+00,0.000000e+00,0.000000e+00
1.000000e+00,0.000000e+00,0.000000e+00,0.000000e+00,0.000000e+00,0.000000e+00,0.000000e+00,0.000000e+00,0.000000e+00,0.000000e+00,0.000000e+00,0.000000e+00,0.000000e+00,0.000000e+00,0.000000e+00
1.000000e+00,0.000000e+00,0.000000e+00,0.000000e+00,0.000000e+00,0.000000e+00,0.000000e+00,0.000000e+00,0.000000e+00,0.000000e+00,0.000000e+00,0.000000e+00,0.000000e+00,0.000000e+00,0.000000e+00
1.000000e+00,0.000000e+00,0.000000e+00,0.000000e+00,0.000000e+00,0.000000e+00,0.000000e+00,0.000000e+00,0.000000e+00,0.000000e+00,0.000000e+00,0.000000e+00,0.000000e+00,0.000000e+00,0.000000e+00
1.000000e+00,0.000000e+00,0.000000e+00,0.000000e+00,0.000000e+00,0.000000e+00,0.000000e+00,0.000000e+00,0.000000e+00,0.000000e+00,0.000000e+00,0.000000e+00,0.000000e+00,0.000000e+00,0.000000e+00
1.000000e+00,0.000000e+00,0.000000e+00,0.000000e+00,0.000000e+00,0.000000e+00,0.000000e+00,0.000000e+00,0.000000e+00,0.000000e+00,0.000000e+00,0.000000e+00,0.000000e+00,0.000000e+00,0.000000e+00
1.000000e+00,0.000000e+00,0.000000e+00,0.000000e+00,0.000000e+00,0.000000e+00,0.000000e+00,0.000000e+00,0.000000e+00,0.000000e+00,0.000000e+00,0.000000e+00,0.000000e+00,0.000000e+00,0.000000e+00
1.000000e+00,0.000000e+00,0.000000e+00,0.000000e+00,0.000000e+00,0.000000e+00,0.000000e+00,0.000000e+00,0.000000e+00,0.000000e+00,0.000000e+00,0.000000e+00,0.000000e+00,0.000000e+00,0.000000e+00
1.000000e+00,0.000000e+00,0.000000e+00,0.000000e+00,0.000000e+00,0.000000e+00,0.000000e+00,0.000000e+00,0.000000e+00,0.000000e+00,0.000000e+00,0.000000e+00,0.000000e+00,0.000000e+00,0.000000e+00
1.000000e+00,0.000000e+00,0.000000e+00,0.000000e+00,0.000000e+00,0.000000e+00,0.000000e+00,0.000000e+00,0.000000e+00,0.000000e+00,0.000000e+00,0.000000e+00,0.000000e+00,0.000000e+00,0.000000e+00
1.000000e+00,0.000000e+00,0.000000e+00,0.000000e+00,0.000000e+00,0.000000e+00,0.000000e+00,0.000000e+00,0.000000e+00,0.000000e+00,0.000000e+00,0.000000e+00,0.000000e+00,0.000000e+00,0.000000e+00
1.000000e+00,0.000000e+00,0.000000e+00,0.000000e+00,0.000000e+00,0.000000e+00,0.000000e+00,0.000000e+00,0.000000e+00,0.000000e+00,0.000000e+00,0.000000e+00,0.000000e+00,0.000000e+00,0.000000e+00
1.000000e+00,0.000000e+00,0.000000e+00,0.000000e+00,0.000000e+00,0.000000e+00,0.000000e+00,0.000000e+00,0.000000e+00,0.000000e+00,0.000000e+00,0.000000e+00,0.000000e+00,0.000000e+00,0.000000e+00
1.000000e+00,0.000000e+00,0.000000e+00,0.000000e+00,0.000000e+00,0.000000e+00,0.000000e+00,0.000000e+00,0.000000e+00,0.000000e+00,0.000000e+00,0.000000e+00,0.000000e+00,0.000000e+00,0.000000e+00
4.502124e-01,8.493658e-03,4.679601e-02,2.542124e-02,3.547883e-03,2.403625e-01,4.027660e-03,4.411846e-02,6.404287e-03,2.273726e-03,1.051380e-01,1.440001e-02,9.294681e-03,2.228707e-02,1.722248e-02
3.486543e-01,6.922479e-03,3.838342e-02,1.906025e-02,3.109462e-03,3.513796e-01,3.246825e-03,3.518895e-02,5.627576e-03,5.382353e-03,1.226417e-01,1.103084e-02,7.109805e-03,2.477180e-02,1.749070e-02
3.622790e-01,6.024712e-03,3.285530e-02,1.504878e-02,3.146828e-03,3.752905e-01,3.277945e-03,3.139370e-02,4.453927e-03,7.299975e-03,9.511128e-02,9.307959e-03,5.660355e-03,2.472967e-02,2.412007e-02
3.063746e-01,5.075815e-03,2.420456e-02,1.084918e-02,2.536980e-03,4.054411e-01,2.959971e-03,2.306220e-02,3.857695e-03,7.507901e-03,1.271811e-01,8.927439e-03,4.425896e-03,4.855857e-02,1.903704e-02
2.724233e-01,6.727119e-03,1.909680e-02,9.254687e-03,3.726194e-03,4.094953e-01,2.960923e-03,2.037695e-02,5.070562e-03,9.339979e-03,1.584740e-01,8.471392e-03,3.932242e-03,5.149077e-02,1.915989e-02
2.923791e-01,8.232031e-03,1.602820e-02,1.027414e-02,4.663734e-03,3.549775e-01,2.565159e-03,1.706573e-02,1.042865e-02,1.438525e-02,1.805643e-01,8.038675e-03,3.885519e-03,5.369730e-02,2.281470e-02
3.173212e-01,9.515939e-03,1.390777e-02,1.081650e-02,5.465165e-03,3.081384e-01,2.632313e-03,1.662818e-02,2.250734e-02,2.469022e-02,1.680189e-01,8.077489e-03,4.636767e-03,6.292415e-02,2.471966e-02
3.156701e-01,2.142031e-02,1.406476e-02,1.081734e-02,7.349527e-03,2.689815e-01,2.416336e-03,1.421191e-02,3.928868e-02,4.018692e-02,1.364563e-01,7.766154e-03,5.575524e-03,8.203825e-02,3.375654e-02
2.344837e-01,1.945097e-02,1.014746e-02,8.057197e-03,5.475812e-03,2.368446e-01,1.809841e-03,1.015007e-02,9.730259e-02,4.769536e-02,1.036239e-01,6.075871e-03,5.609842e-03,8.827835e-02,1.249945e-01
1.768820e-01,2.552517e-02,7.574278e-03,6.167239e-03,4.428496e-03,1.850262e-01,1.459260e-03,7.282480e-03,2.246618e-01,4.000195e-02,7.812054e-02,4.882868e-03,5.488991e-03,8.344001e-02,1.490587e-01
1.311667e-01,2.689286e-02,6.653243e-03,6.490898e-03,3.260067e-03,1.335492e-01,1.477147e-03,5.374685e-03,4.053008e-01,3.141876e-02,5.680805e-02,4.709477e-03,4.839627e-03,6.887551e-02,1.131831e-01
9.394545e-02,2.044449e-02,4.781296e-03,4.839809e-03,2.392548e-03,9.693143e-02,1.127418e-03,3.819244e-03,5.460458e-01,2.327588e-02,4.456668e-02,3.675993e-03,4.334618e-03,5.779096e-02,9.202840e-02
6.715196e-02,1.595789e-02,3.662097e-03,3.552058e-03,1.747948e-03,7.166041e-02,1.602796e-03,3.477366e-03,5.324187e-01,2.009741e-02,6.380719e-02,7.393928e-03,1.450494e-02,9.380911e-02,9.915619e-02
4.715952e-02,1.204148e-02,2.688425e-03,2.540986e-03,1.297437e-03,5.126055e-02,1.168466e-03,2.569217e-03,4.689463e-01,1.835636e-02,1.012691e-01,9.909756e-03,1.997632e-02,1.818618e-01,7.895426e-02
3.318083e-02,8.849119e-03,2.226717e-03,1.803839e-03,1.005553e-03,3.631129e-02,8.400201e-04,1.859103e-03,3.643598e-01,1.896282e-02,1.410042e-01,8.930022e-03,1.570886e-02,3.043284e-01,6.062946e-02
2.344489e-02,7.148406e-03,7.598925e-03,1.727792e-03,6.269140e-03,2.605250e-02,1.286227e-03,1.401803e-03,2.792472e-01,1.525813e-02,1.450523e-01,7.651236e-03,1.412747e-02,3.666651e-01,9.706897e-02
1.666517e-02,5.708353e-03,5.572429e-03,2.841560e-03,6.291318e-03,1.893761e-02,1.038315e-03,1.069951e-03,2.770532e-01,1.421532e-02,1.221760e-01,6.932624e-03,1.237082e-02,4.091986e-01,9.992881e-02
1.175705e-02,4.675071e-03,5.860643e-03,2.973228e-03,7.331626e-03,1.346313e-02,8.489751e-04,9.667748e-04,2.222971e-01,1.738514e-02,1.636579e-01,6.671719e-03,1.771420e-02,4.491746e-01,7.522281e-02
8.543745e-03,3.750840e-03,4.452323e-03,3.614193e-03,8.869512e-03,9.911723e-03,7.566581e-04,1.734448e-03,1.829214e-01,2.577655e-02,1.634516e-01,1.075485e-02,3.731553e-02,4.685003e-01,6.964643e-02
6.255166e-03,2.883247e-03,3.256613e-03,3.113027e-03,1.085695e-02,9.811513e-03,1.483337e-03,2.902102e-03,1.575935e-01,3.397073e-02,1.483229e-01,1.430388e-02,8.428966e-02,4.601992e-01,6.075819e-02
4.809774e-03,2.644170e-03,2.366477e-03,2.823963e-03,1.173966e-02,1.814731e-02,2.271094e-03,4.146560e-03,2.312436e-01,2.735982e-02,1.469528e-01,2.328734e-02,1.230295e-01,3.410509e-01,5.812707e-02
4.211566e-03,3.584279e-03,1.810446e-03,2.631158e-03,1.147278e-02,1.812272e-02,2.558361e-03,9.148781e-03,3.776062e-01,2.110468e-02,1.233573e-01,2.481571e-02,9.692612e-02,2.568327e-01,4.581719e-02
3.495062e-03,4.531550e-03,1.402824e-03,2.022221e-03,1.109585e-02,1.653143e-02,2.531413e-03,1.114419e-02,5.392981e-01,1.627639e-02,9.014206e-02,1.791516e-02,6.908642e-02,1.816416e-01,3.288572e-02
4.161027e-03,4.636125e-03,1.186853e-03,1.846560e-03,3.524832e-02,1.587714e-02,2.416645e-03,1.034619e-02,6.365421e-01,1.163161e-02,6.390981e-02,1.266790e-02,4.925197e-02,1.271787e-01,2.309914e-02
3.985673e-03,7.370845e-03,1.173723e-03,3.215227e-03,4.726386e-02,1.656456e-02,2.027714e-03,1.217804e-02,7.017853e-01,9.095867e-03,4.540201e-02,9.002138e-03,3.499750e-02,8.906059e-02,1.687700e-02
6.013895e-03,1.523613e-02,4.256575e-03,6.314838e-02,4.451849e-02,1.402474e-02,1.524796e-03,1.662435e-02,6.784945e-01,8.946586e-03,3.511699e-02,6.931042e-03,2.573362e-02,6.241708e-02,1.701290e-02
1.001260e-02,2.166469e-02,4.050409e-03,5.373014e-02,4.454707e-02,1.230078e-02,1.225486e-03,2.787148e-02,6.893874e-01,1.656585e-02,2.704987e-02,5.483446e-03,1.857525e-02,4.380032e-02,2.373522e-02
2.410926e-02,2.845534e-02,4.114934e-03,4.645361e-02,6.730390e-02,9.732905e-03,1.151997e-03,4.534239e-02,6.501653e-01,1.848748e-02,2.044323e-02,4.565558e-03,1.390938e-02,3.079359e-02,3.497127e-02
6.659149e-02,3.722423e-02,4.435915e-03,3.747557e-02,8.783818e-02,9.622372e-03,1.147670e-03,6.096473e-02,5.889707e-01,1.629798e-02,1.547186e-02,3.585431e-03,1.015292e-02,2.226356e-02,3.795760e-02
7.881279e-02,3.892879e-02,4.408884e-03,3.546639e-02,8.746789e-02,9.764920e-03,1.072522e-03,1.854081e-01,4.749258e-01,1.242394e-02,1.190919e-02,3.049759e-03,7.763330e-03,1.595462e-02,3.264321e-02
6.231181e-02,2.819999e-02,3.291500e-03,2.566513e-02,6.845679e-02,8.160122e-03,8.916330e-04,3.955472e-01,3.482439e-01,8.736730e-03,8.522369e-03,2.211667e-03,5.533994e-03,1.123038e-02,2.299696e-02
4.761005e-02,2.017831e-02,2.396624e-03,1.887184e-02,5.599217e-02,6.713550e-03,7.431084e-04,5.527490e-01,2.529632e-01,6.127357e-03,6.082579e-03,1.588370e-03,3.966182e-03,7.883261e-03,1.613444e-02
3.744668e-02,1.432092e-02,1.780877e-03,1.346284e-02,4.076234e-02,5.070105e-03,6.098129e-04,6.793343e-01,1.777378e-01,4.305919e-03,4.318050e-03,1.166717e-03,2.826273e-03,5.528384e-03,1.132896e-02
2.839630e-02,1.005833e-02,1.308970e-03,9.507698e-03,2.888531e-02,3.690036e-03,4.813138e-04,7.722390e-01,1.245745e-01,3.034314e-03,3.094391e-03,8.720826e-04,2.020617e-03,3.877128e-03,7.959963e-03
2.305471e-02,7.070856e-03,9.607260e-04,6.707903e-03,2.053885e-02,2.727507e-03,4.097894e-04,8.364810e-01,8.725536e-02,2.130451e-03,2.235646e-03,6.612508e-04,1.453214e-03,2.719491e-03,5.593242e-03
1.985849e-02,5.031838e-03,7.242539e-04,4.763429e-03,1.561983e-02,2.063644e-03,3.915008e-04,8.798633e-01,6.117426e-02,1.496019e-03,1.623246e-03,4.838418e-04,1.051435e-03,1.918429e-03,3.936445e-03
5.566622e-02,4.886255e-03,6.860375e-04,4.092481e-03,1.184206e-02,1.216592e-02,1.329768e-03,7.678783e-01,4.475430e-02,1.188856e-03,5.390069e-03,2.309447e-03,8.228427e-02,1.713625e-03,3.812335e-03
9.046063e-02,4.924003e-03,8.338474e-04,3.361031e-03,1.011611e-02,2.061844e-02,2.427336e-03,6.814422e-01,3.382863e-02,9.633424e-04,6.176252e-03,2.169990e-03,1.366123e-01,1.387990e-03,4.677908e-03
1.183296e-01,4.555080e-03,9.669623e-04,2.651101e-03,9.387666e-03,1.755019e-02,2.946533e-03,5.383422e-01,2.508393e-02,7.477346e-04,6.044683e-03,1.907110e-03,2.620173e-01,1.061631e-03,8.408332e-03
1.198984e-01,3.785942e-03,1.149230e-03,2.105806e-03,7.605432e-03,1.517915e-02,5.299371e-03,4.220268e-01,1.848972e-02,5.546485e-04,5.066845e-03,1.790394e-03,3.798544e-01,7.871001e-04,1.640663e-02
9.430008e-02,3.109880e-03,1.045993e-03,1.894727e-03,6.313940e-03,2.091599e-02,4.812326e-03,2.986051e-01,1.356857e-02,4.303156e-04,4.295359e-03,2.648602e-03,5.267425e-01,5.734040e-04,2.074330e-02
6.955589e-02,2.419091e-03,8.428558e-04,1.502891e-03,5.086652e-03,2.147596e-02,3.774763e-03,2.101054e-01,9.733467e-03,3.155013e-04,3.181453e-03,3.395360e-03,6.505393e-01,4.071049e-04,1.766434e-02
4.922303e-02,1.816985e-03,8.732101e-04,1.135289e-03,5.058005e-03,1.755630e-02,3.314702e-03,1.473024e-01,7.099984e-03,2.559013e-04,2.623075e-03,3.981861e-03,7.386441e-01,2.947688e-04,2.082041e-02
3.479911e-02,1.355142e-03,1.064890e-03,9.394077e-04,6.104257e-03,1.380793e-02,3.855508e-03,1.041903e-01,5.505133e-03,5.361122e-04,3.358330e-03,4.581045e-03,7.043754e-01,2.352476e-04,1.152922e-01
2.459835e-02,9.932279e-04,1.000318e-03,7.459377e-04,4.711446e-03,1.001483e-02,4.382674e-03,7.310806e-02,4.294049e-03,5.789645e-04,2.801500e-03,4.358603e-03,6.371883e-01,1.866401e-04,2.310371e-01
1.879321e-02,8.299589e-04,1.536851e-03,7.639766e-04,4.277958e-03,7.542337e-03,7.189880e-03,5.130746e-02,4.001236e-03,1.171693e-03,2.804067e-03,8.344990e-03,5.681018e-01,1.775088e-04,3.231571e-01
1.478705e-02,6.846198e-04,1.827161e-03,7.151397e-04,4.712644e-03,6.444918e-03,1.009467e-02,3.632582e-02,3.634222e-03,2.450864e-03,2.955202e-03,9.388555e-03,4.837297e-01,2.711006e-04,4.219784e-01
1.154493e-02,6.281970e-04,5.218826e-03,1.703972e-03,2.067141e-02,5.546781e-03,1.724164e-02,4.659048e-02,4.095346e-03,5.149948e-03,4.190955e-03,1.159549e-02,4.655658e-01,5.032376e-04,3.997531e-01
1.267207e-02,1.348202e-03,1.212377e-02,3.129172e-02,6.192837e-02,1.856931e-02,1.721703e-02,3.651353e-02,6.357188e-03,5.835085e-03,7.228973e-03,1.224648e-02,3.920006e-01,6.332154e-04,3.840345e-01
1.661932e-02,2.611466e-03,1.050577e-02,3.845701e-02,1.376896e-01,3.817387e-02,2.060642e-02,2.783822e-02,6.430486e-02,7.133575e-03,9.030700e-03,1.023599e-02,3.065405e-01,6.027177e-04,3.096500e-01
1.321492e-02,5.060246e-03,1.323919e-02,4.329723e-02,1.657091e-01,1.221879e-01,1.929704e-02,2.153060e-02,1.324036e-01,5.539067e-03,8.816050e-03,8.217814e-03,2.231239e-01,4.521578e-04,2.179112e-01
1.098465e-02,4.929702e-03,1.123547e-02,3.776634e-02,1.607682e-01,2.620089e-01,2.209017e-02,1.583158e-02,1.337285e-01,4.040123e-03,7.173769e-03,6.415939e-03,1.677215e-01,3.530391e-04,1.549520e-01
1.289134e-02,1.370007e-02,1.172029e-02,2.988230e-02,1.351156e-01,2.900530e-01,1.966340e-02,1.182188e-02,2.226662e-01,3.378636e-03,6.987256e-03,4.740540e-03,1.267596e-01,2.808350e-04,1.103390e-01
4.424889e-02,2.790281e-02,1.307975e-02,3.377318e-02,1.272694e-01,2.684549e-01,1.859976e-02,2.257779e-02,2.485592e-01,3.268425e-03,7.262507e-03,5.046171e-03,1.004603e-01,4.110725e-04,7.908572e-02
8.086250e-02,3.385440e-02,1.118054e-02,2.947666e-02,1.208419e-01,2.467633e-01,1.668507e-02,2.318203e-02,2.786321e-01,3.028376e-03,7.327795e-03,6.614340e-03,8.423170e-02,7.184769e-04,5.660086e-02
8.428897e-02,2.689110e-02,8.933719e-03,2.686545e-02,1.275729e-01,2.048157e-01,1.375167e-02,1.273686e-01,2.574671e-01,2.458325e-03,6.674613e-03,7.091699e-03,6.461615e-02,8.123032e-04,4.039171e-02
8.803062e-02,1.999367e-02,8.672827e-03,3.538825e-02,1.123378e-01,2.093997e-01,1.184900e-02,2.115467e-01,2.057801e-01,1.930009e-03,6.320365e-03,7.164387e-03,5.184110e-02,8.059693e-04,2.893947e-02
7.486480e-02,1.413517e-02,7.208316e-03,2.674727e-02,8.663854e-02,1.643964e-01,8.906837e-03,4.003759e-01,1.477546e-01,1.380047e-03,4.603757e-03,5.156129e-03,3.678554e-02,6.833226e-04,2.036330e-02
5.708090e-02,9.996467e-03,5.560398e-03,1.930909e-02,6.209540e-02,1.176787e-01,7.047883e-03,5.672110e-01,1.043572e-01,9.898723e-04,3.592047e-03,3.823865e-03,2.640019e-02,5.223785e-04,1.433454e-02
5.163650e-02,7.519895e-03,4.416388e-03,1.429404e-02,4.449171e-02,8.469333e-02,5.280412e-03,6.650255e-01,7.464395e-02,9.889264e-04,8.217270e-03,6.513664e-03,2.132136e-02,5.781754e-04,1.037885e-02
4.590175e-02,6.334637e-03,3.605531e-03,1.057648e-02,3.296499e-02,6.016769e-02,4.031361e-03,5.679373e-01,1.987873e-01,3.454044e-03,2.192664e-02,8.111801e-03,1.884827e-02,3.545976e-03,1.380633e-02
3.997009e-02,5.639469e-03,3.191292e-03,7.868014e-03,2.481193e-02,4.299812e-02,2.925704e-03,4.890769e-01,3.073435e-01,4.842716e-03,2.533050e-02,7.737289e-03,1.528328e-02,5.188570e-03,1.779276e-02
3.458864e-02,4.739853e-03,2.610608e-03,6.102425e-03,1.888028e-02,3.071864e-02,2.097811e-03,3.711625e-01,4.476092e-01,5.897304e-03,2.643246e-02,6.331081e-03,1.266180e-02,9.169269e-03,2.099830e-02
3.000939e-02,3.996573e-03,2.045282e-03,4.573618e-03,1.486982e-02,2.187908e-02,1.490954e-03,2.625557e-01,5.799932e-01,5.007504e-03,2.480271e-02,4.705062e-03,9.485621e-03,1.241645e-02,2.216907e-02
2.183718e-02,3.017341e-03,1.485590e-03,3.300010e-03,1.060430e-02,1.544431e-02,1.054241e-03,1.839153e-01,6.996689e-01,3.673176e-03,1.806756e-02,3.349987e-03,6.874120e-03,9.844137e-03,1.786397e-02
1.771154e-02,2.281342e-03,1.051762e-03,2.525480e-03,7.586381e-03,1.129586e-02,7.631900e-04,1.288537e-01,7.786361e-01,2.682426e-03,1.372075e-02,2.624535e-03,5.598973e-03,8.360097e-03,1.630796e-02
1.828854e-02,2.725305e-03,7.708907e-04,1.944687e-03,6.172249e-03,8.990812e-03,5.713393e-04,9.025665e-02,7.682903e-01,2.331843e-03,1.371296e-02,2.108259e-03,5.289966e-03,1.707228e-02,6.147402e-02
1.368394e-02,2.179466e-03,5.497197e-04,1.405075e-03,4.357022e-03,7.368460e-03,4.089984e-04,6.319004e-02,7.691234e-01,1.789899e-03,1.039839e-02,1.678881e-03,4.742303e-03,1.778067e-02,1.013438e-01
1.114734e-02,2.973937e-03,4.411057e-04,1.047977e-03,3.089626e-03,5.671527e-03,2.960708e-04,4.424312e-02,7.570983e-01,2.407942e-03,7.705336e-03,1.373401e-03,4.122491e-03,2.525815e-02,1.331237e-01
1.199114e-02,4.185906e-03,4.404315e-04,7.829504e-04,2.202481e-03,4.582643e-03,2.291843e-04,3.099899e-02,6.720129e-01,3.630274e-03,6.838614e-03,1.114795e-03,3.575959e-03,8.387244e-02,1.735413e-01
1.151804e-02,8.839757e-03,1.430336e-03,6.541165e-04,1.614537e-03,4.499492e-03,1.838196e-04,2.174580e-02,5.267356e-01,9.251984e-03,8.017729e-03,9.380053e-04,2.960615e-03,1.561214e-01,2.454888e-01
1.215599e-02,8.063599e-03,3.430433e-03,5.431367e-04,1.241871e-03,3.840013e-03,1.775132e-04,1.526392e-02,4.006935e-01,3.999551e-02,1.021397e-02,8.283992e-04,2.764023e-03,2.905359e-01,2.102523e-01
9.659174e-03,7.846921e-03,4.488835e-02,2.094916e-03,1.003843e-03,2.915286e-03,1.635401e-04,1.072574e-02,3.674197e-01,7.248655e-02,1.293757e-02,1.268743e-03,3.393383e-03,2.865731e-01,1.766232e-01
7.863413e-03,2.083780e-02,3.783252e-02,5.787816e-03,2.151414e-03,2.692999e-03,2.390483e-04,8.191599e-03,3.341201e-01,1.404962e-01,5.049272e-02,6.005684e-03,2.168953e-02,2.112013e-01,1.503978e-01
8.437471e-03,2.516165e-02,2.902615e-02,1.309624e-02,3.505142e-03,4.320167e-03,2.691403e-04,6.323504e-03,3.715795e-01,1.746769e-01,5.083742e-02,8.039050e-03,2.140188e-02,1.640236e-01,1.193022e-01
8.481462e-03,3.663585e-02,2.233156e-02,1.346303e-02,3.360305e-03,8.285534e-03,2.632077e-04,4.630823e-03,3.682837e-01,1.630547e-01,4.350398e-02,8.701755e-03,1.831281e-02,1.571337e-01,1.435576e-01
8.667635e-03,3.678595e-02,1.773287e-02,1.030662e-02,4.070078e-03,1.224192e-02,2.859527e-04,3.359333e-03,3.018857e-01,2.151975e-01,3.154738e-02,6.354971e-03,1.330073e-02,1.855754e-01,1.526880e-01
2.460093e-02,3.465439e-02,2.092653e-02,7.229176e-02,4.929910e-02,2.609376e-02,5.738898e-03,1.555733e-02,3.058662e-01,1.546252e-01,2.579952e-02,5.184162e-03,1.075969e-02,1.334147e-01,1.151879e-01
2.642281e-02,3.834211e-02,5.867359e-02,2.146457e-01,5.141305e-02,2.067034e-02,4.492704e-03,1.312109e-02,2.204592e-01,1.166450e-01,1.953439e-02,4.213083e-03,8.499809e-03,9.411547e-02,1.087517e-01
3.652052e-02,5.127577e-02,1.122063e-01,2.259046e-01,9.635878e-02,2.425717e-02,7.670179e-03,1.276638e-02,1.665768e-01,9.067698e-02,1.539250e-02,3.465371e-03,7.024639e-03,6.660567e-02,8.329832e-02
4.068251e-02,9.324023e-02,1.311672e-01,1.678260e-01,9.561830e-02,3.312631e-02,7.465619e-02,3.236689e-02,1.311597e-01,6.944298e-02,1.283465e-02,3.577647e-03,6.639667e-03,4.814242e-02,5.951921e-02
4.862267e-02,1.523190e-01,1.326203e-01,1.329080e-01,1.021722e-01,5.291263e-02,6.640363e-02,4.041533e-02,9.801203e-02,5.563845e-02,1.515759e-02,5.592925e-03,1.669921e-02,3.404085e-02,4.648519e-02
3.814855e-02,1.258347e-01,1.597357e-01,1.212610e-01,8.232309e-02,7.067642e-02,5.253326e-02,3.011117e-02,7.006028e-02,3.994471e-02,1.803093e-02,1.189554e-01,1.498096e-02,2.417216e-02,3.323166e-02
2.706604e-02,8.895841e-02,1.135731e-01,8.570229e-02,5.790755e-02,4.998238e-02,3.695763e-02,2.118376e-02,4.927935e-02,2.823846e-02,1.698973e-02,3.711258e-01,1.266909e-02,1.702043e-02,2.334595e-02
2.036587e-02,6.337167e-02,8.331208e-02,6.122432e-02,4.076713e-02,3.631270e-02,2.715785e-02,1.514923e-02,3.476090e-02,2.012360e-02,2.408264e-02,5.339730e-01,1.081852e-02,1.206905e-02,1.651147e-02
1.446586e-02,4.460523e-02,5.867075e-02,4.294454e-02,2.859213e-02,2.571252e-02,1.912113e-02,1.062354e-02,2.451354e-02,1.428029e-02,2.696593e-02,6.613175e-01,8.098135e-03,8.497054e-03,1.159183e-02
1.021660e-02,3.131310e-02,4.127120e-02,3.010756e-02,2.021098e-02,1.835584e-02,1.343052e-02,7.471214e-03,1.752735e-02,1.031654e-02,2.261063e-02,7.568553e-01,6.186632e-03,5.992283e-03,8.134247e-03
7.195336e-03,2.195933e-02,2.899465e-02,2.110222e-02,1.489399e-02,1.551068e-02,9.436560e-03,5.389989e-03,1.259442e-02,7.382153e-03,2.018109e-02,8.206609e-01,4.778539e-03,4.221252e-03,5.698902e-03
5.079089e-03,1.538647e-02,2.030763e-02,1.478349e-02,1.085665e-02,1.141599e-02,6.615775e-03,3.846102e-03,8.960024e-03,5.246187e-03,1.542144e-02,8.716549e-01,3.466652e-03,2.967752e-03,3.991792e-03
3.603082e-03,1.078288e-02,1.422213e-02,1.035440e-02,7.910757e-03,8.317653e-03,4.635099e-03,2.740829e-03,6.346782e-03,3.752421e-03,1.241493e-02,9.075199e-01,2.511701e-03,2.090832e-03,2.796625e-03
2.557221e-03,7.560816e-03,9.958021e-03,7.251614e-03,5.917175e-03,6.028700e-03,3.246933e-03,1.930465e-03,4.525652e-03,2.687226e-03,9.924505e-03,9.331306e-01,1.845480e-03,1.475142e-03,1.960526e-03
1.834274e-03,5.321861e-03,6.976605e-03,5.083007e-03,5.606795e-03,5.735798e-03,2.286387e-03,1.426956e-03,3.423066e-03,1.962698e-03,8.658328e-03,9.478430e-01,1.407677e-03,1.058233e-03,1.375408e-03
1.353467e-03,3.884919e-03,4.894297e-03,3.584442e-03,8.801386e-03,1.752470e-02,1.800659e-03,1.071818e-03,2.858080e-03,1.432827e-03,1.444578e-02,9.353163e-01,1.306837e-03,7.579689e-04,9.665195e-04
1.126726e-03,2.889700e-03,3.459020e-03,2.563237e-03,1.260962e-02,1.600996e-01,1.791075e-03,9.401345e-04,2.421776e-03,1.025047e-03,2.091036e-02,7.872627e-01,1.676393e-03,5.416681e-04,6.830370e-04
1.025465e-03,2.088126e-03,2.441155e-03,1.837245e-03,1.264749e-02,2.273954e-01,1.443176e-03,8.740501e-04,2.084113e-03,7.365500e-04,3.767826e-02,7.043918e-01,4.466515e-03,4.051717e-04,4.854418e-04
1.054587e-03,3.859626e-03,2.883160e-03,1.565980e-03,2.957688e-02,4.059470e-01,2.032057e-03,1.403019e-03,2.253241e-03,5.850473e-04,3.494469e-02,5.086515e-01,4.451816e-03,3.407173e-04,4.506260e-04
1.522007e-03,3.234445e-03,2.814769e-03,1.321862e-03,4.001411e-02,4.898826e-01,2.178936e-03,3.061157e-03,2.215298e-03,4.590523e-04,3.828507e-02,4.069019e-01,7.419149e-03,3.387513e-04,3.508219e-04
4.486251e-03,2.606494e-03,3.957917e-03,1.211454e-03,4.638518e-02,4.159085e-01,3.110053e-03,7.307186e-03,3.790519e-03,4.168433e-04,6.701198e-02,4.296309e-01,1.326982e-02,5.944592e-04,3.124693e-04
6.607008e-03,2.049973e-03,3.384164e-03,9.778495e-04,5.402872e-02,3.003449e-01,2.437952e-03,9.559233e-03,6.727031e-03,8.404313e-04,6.967433e-02,4.987368e-01,4.325543e-02,1.068461e-03,3.077381e-04
1.041953e-02,1.704480e-03,3.458553e-03,1.027373e-03,1.572725e-01,2.279421e-01,7.226680e-03,1.518394e-02,1.621496e-02,9.796569e-04,7.934044e-02,4.161680e-01,6.159733e-02,1.165793e-03,2.987062e-04
2.546217e-02,2.293191e-03,1.087265e-02,1.580990e-03,1.791763e-01,1.655314e-01,7.474903e-03,2.258890e-02,1.776902e-02,1.946650e-03,1.153070e-01,3.454638e-01,1.018464e-01,1.993057e-03,6.935778e-04
3.981312e-02,2.443955e-03,1.669113e-02,1.969573e-03,1.687357e-01,1.206233e-01,6.292005e-03,5.653669e-02,1.658433e-02,1.912966e-03,1.276731e-01,3.273495e-01,1.095715e-01,2.916465e-03,8.866672e-04
5.914016e-02,3.436695e-03,1.868804e-02,2.740622e-03,1.548848e-01,8.721215e-02,4.985891e-03,6.189247e-02,1.370687e-02,1.803548e-03,2.229850e-01,2.786125e-01,8.189160e-02,6.928440e-03,1.091319e-03
8.778614e-02,4.100167e-03,2.304356e-02,6.312323e-03,1.394540e-01,6.290340e-02,3.793806e-03,8.437045e-02,1.079117e-02,1.566581e-03,2.704519e-01,2.370291e-01,5.988887e-02,7.490322e-03,1.018235e-03
8.145302e-02,3.428005e-03,2.143998e-02,8.088180e-03,1.170749e-01,4.473111e-02,2.817048e-03,1.417823e-01,8.109981e-03,1.277034e-03,3.333481e-01,1.860697e-01,4.280099e-02,6.823511e-03,7.560486e-04
1.018841e-01,3.848222e-03,2.803041e-02,1.201656e-02,1.198603e-01,3.340928e-02,2.771184e-03,1.524265e-01,7.167751e-03,1.224983e-03,3.251689e-01,1.721373e-01,3.107875e-02,8.096985e-03,8.787650e-04
1.126591e-01,3.193809e-03,3.536654e-02,2.089448e-02,1.507613e-01,2.490683e-02,3.469841e-03,2.073627e-01,8.047329e-03,1.005629e-03,2.640608e-01,1.389376e-01,2.241811e-02,6.214822e-03,7.010562e-04
8.865315e-02,2.313870e-03,3.121896e-02,2.313781e-02,1.340934e-01,1.837306e-02,3.224876e-03,3.864413e-01,6.542443e-03,7.412661e-04,1.868033e-01,9.769706e-02,1.587319e-02,4.383102e-03,5.031975e-04
6.602088e-02,1.677183e-03,2.323747e-02,1.796247e-02,1.076078e-01,1.299271e-02,2.475107e-03,5.482935e-01,4.893870e-03,5.392318e-04,1.310980e-01,6.860495e-02,1.114533e-02,3.097158e-03,3.543338e-04
5.040104e-02,1.222386e-03,1.696025e-02,1.342043e-02,8.665574e-02,9.215329e-03,1.956085e-03,6.659799e-01,3.550351e-03,3.867153e-04,9.187151e-02,4.811229e-02,7.834570e-03,2.182634e-03,2.508012e-04
4.109072e-02,1.012701e-03,1.320624e-02,1.067390e-02,6.686232e-02,7.087557e-03,1.841533e-03,7.494528e-01,2.677173e-03,2.920255e-04,6.447813e-02,3.383731e-02,5.669847e-03,1.583300e-03,2.344641e-04
3.244597e-02,7.886262e-04,1.021165e-02,8.223440e-03,5.323364e-02,5.160578e-03,1.620897e-03,8.118576e-01,1.986889e-03,2.108019e-04,4.518063e-02,2.372922e-02,4.038290e-03,1.126490e-03,1.853448e-04
2.529271e-02,6.299918e-04,9.011870e-03,6.408948e-03,4.425076e-02,3.823580e-03,1.771118e-03,8.550156e-01,1.516720e-03,1.530310e-04,3.167076e-02,1.663011e-02,2.875536e-03,8.042363e-04,1.450451e-04
2.096164e-02,5.274843e-04,9.615928e-03,6.157474e-03,3.331516e-02,3.019777e-03,1.810597e-03,8.866831e-01,1.114655e-03,1.236638e-04,2.221553e-02,1.166450e-02,2.063720e-03,5.913762e-04,1.353814e-04
1.870112e-02,4.477171e-04,8.030588e-03,5.171427e-03,2.493248e-02,2.766175e-03,1.814376e-03,9.112862e-01,8.032760e-04,1.146737e-04,1.562427e-02,8.204532e-03,1.528035e-03,4.353983e-04,1.397918e-04
1.449186e-02,3.276800e-04,6.086972e-03,4.021620e-03,1.867709e-02,2.608102e-03,1.562251e-03,9.332432e-01,5.777206e-04,8.634510e-05,1.097189e-02,5.754905e-03,1.160971e-03,3.097418e-04,1.197405e-04
1.123470e-02,2.438900e-04,4.402928e-03,2.929313e-03,1.421010e-02,2.905266e-03,1.388033e-03,9.491304e-01,4.144825e-04,6.616899e-05,7.705829e-03,4.033518e-03,1.013277e-03,2.193104e-04,1.027700e-04
1.813356e-02,5.442363e-04,3.722407e-03,2.462309e-03,1.197181e-02,8.098417e-03,1.167421e-03,9.176258e-01,6.391112e-03,1.452757e-03,1.021956e-02,4.395668e-03,1.137403e-02,6.975097e-04,1.743403e-03
2.689987e-02,1.320021e-03,3.161855e-03,1.975490e-03,1.006898e-02,8.608364e-02,1.357975e-03,7.281919e-01,1.880478e-02,4.752427e-03,1.660678e-02,1.614743e-02,5.843092e-02,3.409675e-03,2.278830e-02
4.711680e-02,1.579770e-03,2.915116e-03,1.783105e-03,9.115564e-03,1.343914e-01,2.754588e-03,5.517073e-01,2.894668e-02,1.013228e-02,1.914944e-02,6.598956e-02,9.225909e-02,4.861249e-03,2.729808e-02
3.550471e-02,1.299959e-03,2.187425e-03,1.366254e-03,6.556687e-03,1.334910e-01,2.369416e-03,3.878137e-01,2.101352e-02,7.510608e-03,1.564751e-02,8.390895e-02,2.764363e-01,3.790466e-03,2.110355e-02
3.477962e-02,1.235440e-03,1.801789e-03,1.147064e-03,4.762545e-03,1.371154e-01,2.930051e-03,2.737336e-01,1.649716e-02,5.786225e-03,1.310106e-02,1.517463e-01,3.320037e-01,3.611371e-03,1.974864e-02
2.631636e-02,1.052235e-03,1.377967e-03,8.907032e-04,3.438154e-03,1.040879e-01,3.199484e-03,1.919847e-01,1.364393e-02,4.890515e-03,1.156211e-02,3.056532e-01,3.143933e-01,3.351320e-03,1.415821e-02
2.501289e-02,9.084725e-04,1.020252e-03,6.648498e-04,2.472964e-03,7.598523e-02,4.728667e-03,1.346349e-01,1.031428e-02,3.941453e-03,8.737689e-03,4.215356e-01,2.968899e-01,3.052337e-03,1.010056e-02
1.842435e-02,6.574077e-04,7.223797e-04,4.822359e-04,2.002238e-03,5.397305e-02,3.721406e-03,9.433047e-02,8.119686e-03,2.995326e-03,6.318280e-03,5.718030e-01,2.269452e-01,2.411925e-03,7.093037e-03
1.299780e-02,4.755745e-04,5.267495e-04,3.432741e-04,5.274879e-03,3.781906e-02,2.777871e-03,6.617666e-02,6.432673e-03,2.184500e-03,4.621456e-03,6.865221e-01,1.670712e-01,1.795766e-03,4.980343e-03
9.511716e-03,4.221357e-04,4.236356e-04,2.574335e-04,2.250929e-02,2.668277e-02,2.345046e-03,4.698379e-02,6.951133e-03,1.787009e-03,4.168557e-03,7.409997e-01,1.319840e-01,1.457431e-03,3.516383e-03
7.139720e-03,3.972943e-04,4.133622e-04,2.010792e-04,4.798448e-02,1.929146e-02,1.916637e-03,3.388797e-02,8.392299e-03,1.525345e-03,4.369783e-03,7.723244e-01,9.841148e-02,1.251486e-03,2.493104e-03
7.098648e-03,1.335690e-03,2.051735e-03,2.466868e-04,1.131820e-01,1.504564e-02,1.798062e-03,2.876912e-02,2.523823e-02,3.161497e-03,4.380134e-03,7.194945e-01,7.480499e-02,1.617037e-03,1.776066e-03
7.546093e-03,3.723992e-03,4.948793e-03,3.652695e-04,1.856445e-01,1.257237e-02,1.777701e-03,2.834271e-02,4.289259e-02,4.992192e-03,4.795776e-03,6.380090e-01,6.093058e-02,2.160209e-03,1.298304e-03
1.319847e-02,8.938811e-03,7.341852e-03,3.921161e-04,1.634225e-01,1.654082e-02,1.679207e-03,2.462873e-02,5.132694e-02,6.297621e-03,4.381908e-03,6.415997e-01,5.584390e-02,3.221290e-03,1.186125e-03
1.891533e-02,1.335486e-02,7.020787e-03,3.991831e-04,1.330326e-01,4.938282e-02,1.359778e-03,1.967684e-02,5.027021e-02,6.858578e-03,4.057588e-03,6.409533e-01,5.015469e-02,3.465567e-03,1.097876e-03
2.858085e-02,1.386513e-02,5.756528e-03,4.989831e-04,9.967059e-02,1.627128e-01,1.073892e-03,1.488000e-02,4.195527e-02,6.149941e-03,3.491765e-03,5.768076e-01,3.957064e-02,3.809521e-03,1.176612e-03
4.000190e-02,1.655308e-02,5.245436e-03,9.662865e-04,7.646027e-02,1.401372e-01,1.133092e-03,1.460768e-02,3.928642e-02,6.705165e-03,3.196901e-03,6.164705e-01,3.132025e-02,6.171536e-03,1.744389e-03
6.287303e-02,1.437118e-02,4.376782e-03,1.224999e-03,5.731532e-02,1.110473e-01,1.123741e-03,1.285404e-02,3.242715e-02,6.683368e-03,4.179668e-03,6.534180e-01,2.691470e-02,8.733842e-03,2.456957e-03
1.067502e-01,1.247929e-02,4.047028e-03,2.090406e-03,4.273428e-02,1.059198e-01,1.047536e-03,1.077991e-02,2.810590e-02,6.789519e-03,9.614975e-03,6.302357e-01,2.493917e-02,8.713322e-03,5.752919e-03
1.393459e-01,1.029792e-02,3.298597e-03,2.358705e-03,3.341438e-02,1.173847e-01,9.831061e-04,8.627716e-03,2.653466e-02,6.207839e-03,1.920583e-02,5.936661e-01,2.338084e-02,8.925199e-03,6.368528e-03
1.679673e-01,9.179396e-03,2.682236e-03,3.238491e-03,3.016010e-02,9.389449e-02,1.406528e-03,7.043127e-03,2.504288e-02,5.174052e-03,4.840418e-02,5.606752e-01,2.862251e-02,8.745846e-03,7.763675e-03
2.018386e-01,1.181810e-02,2.920628e-03,2.784719e-03,3.057314e-02,7.050701e-02,1.692176e-03,7.432697e-03,2.037378e-02,4.251932e-03,5.295981e-02,5.502332e-01,2.711871e-02,8.437246e-03,7.058302e-03
2.562763e-01,1.663992e-02,6.115579e-03,2.859411e-03,2.835000e-02,5.130147e-02,2.588180e-03,8.498055e-03,1.704110e-02,4.528881e-03,6.425147e-02,4.979667e-01,2.823810e-02,8.006793e-03,7.338084e-03
2.966474e-01,1.322364e-02,6.869172e-03,3.858405e-03,2.232317e-02,5.152020e-02,2.562471e-03,9.362826e-03,1.301801e-02,8.011495e-03,5.637921e-02,4.571689e-01,4.261886e-02,9.609651e-03,6.826646e-03
3.604380e-01,1.103102e-02,7.542537e-03,3.620017e-03,1.853211e-02,4.742349e-02,2.301500e-03,9.749431e-03,1.072685e-02,8.852337e-03,4.858944e-02,4.101166e-01,4.200421e-02,1.032546e-02,8.747037e-03
3.941781e-01,1.065579e-02,1.486348e-02,4.700426e-03,1.540608e-02,3.952096e-02,2.515669e-03,1.254748e-02,1.047896e-02,8.486649e-03,3.985340e-02,3.903272e-01,3.719609e-02,9.555759e-03,9.714052e-03
3.635568e-01,1.066449e-02,1.395116e-01,1.029577e-02,1.672910e-02,4.442056e-02,7.169960e-03,2.201413e-02,1.002296e-02,1.001390e-02,2.938725e-02,2.851914e-01,3.364543e-02,7.812080e-03,9.564576e-03
3.933951e-01,1.147081e-02,1.378431e-01,1.373295e-02,2.821713e-02,4.478670e-02,1.161296e-02,2.046590e-02,1.310340e-02,1.944169e-02,2.347230e-02,2.223130e-01,4.001338e-02,8.595665e-03,1.153601e-02
4.421921e-01,1.269819e-02,1.134425e-01,3.345653e-02,2.842745e-02,4.213967e-02,1.142408e-02,1.777861e-02,1.353131e-02,1.745935e-02,2.155059e-02,1.725984e-01,5.587905e-02,7.280214e-03,1.014188e-02
4.863182e-01,1.003572e-02,9.172396e-02,3.052266e-02,2.870871e-02,3.829142e-02,1.146379e-02,1.543778e-02,1.387789e-02,1.523160e-02,2.132273e-02,1.300851e-01,8.839384e-02,6.481642e-03,1.210488e-02
