1.000000e+00,0.000000e+00,0.000000e+00,0.000000e+00,0.000000e+00,0.000000e+00,0.000000e+00,0.000000e+00,0.000000e+00,0.000000e+00,0.000000e+00,0.000000e+00,0.000000e+00,0.000000e+00,0.000000e+00
1.000000e+00,0.000000e+00,0.000000e+00,0.000000e+00,0.000000e+00,0.000000e+00,0.000000e+00,0.000000e+00,0.000000e+00,0.000000e+00,0.000000e+00,0.000000e+00,0.000000e+00,0.000000e+00,0.000000e+00
1.000000e+00,0.000000e+00,0.000000e+00,0.000000e+00,0.000000e+00,0.000000e+00,0.000000e+00,0.000000e+00,0.000000e+00,0.000000e+00,0.000000e+00,0.000000e+00,0.000000e+00,0.000000e+00,0.000000e+00
1.000000e+00,0.000000e+00,0.000000e+00,0.000000e+00,0.000000e+00,0.000000e+00,0.000000e+00,0.000000e+00,0.000000e+00,0.000000e+00,0.000000e+00,0.000000e+00,0.000000e+00,0.000000e+00,0.000000e+00
1.000000e+00,0.000000e+00,0.000000e+00,0.000000e+00,0.000000e+00,0.000000e+00,0.000000e+00,0.000000e+00,0.000000e+00,0.000000e+00,0.000000e+00,0.000000e+00,0.000000e+00,0.000000e+00,0.000000e+00
1.000000e+00,0.000000e+00,0.000000e+00,0.000000e+00,0.000000e+00,0.000000e+00,0.000000e+00,0.000000e+00,0.000000e+00,0.000000e+00,0.000000e+00,0.000000e+00,0.000000e+00,0.000000e+00,0.000000e+00
1.000000e+00,0.000000e+00,0.000000e+00,0.000000e+00,0.000000e+00,0.000000e+00,0.000000e+00,0.000000e+00,0.000000e+00,0.000000e+00,0.000000e+00,0.000000e+00,0.000000e+00,0.000000e+00,0.000000e+00
1.000000e+00,0.000000e+00,0.000000e+00,0.000000e+00,0.000000e+00,0.000000e+00,0.000000e+00,0.000000e+00,0.000000e+00,0.000000e+00,0.000000e+00,0.000000e+00,0.000000e+00,0.000000e+00,0.000000e+00
1.000000e+00,0.000000e+00,0.000000e+00,0.000000e+00,0.000000e+00,0.000000e+00,0.000000e+00,0.000000e+00,0.000000e+00,0.000000e+00,0.000000e+00,0.000000e+00,0.000000e+00,0.000000e+00,0.000000e+00
1.000000e+00,0.000000e+00,0.000000e+00,0.000000e+00,0.000000e+00,0.000000e+00,0.000000e+00,0.000000e+00,0.000000e+00,0.000000e+00,0.000000e+00,0.000000e+00,0.000000e+00,0.000000e+00,0.000000e+00
1.000000e+00,0.000000e+00,0.000000e+00,0.000000e+00,0.000000e+00,0.000000e+00,0.000000e+00,0.000000e+00,0.000000e+00,0.000000e+00,0.000000e+00,0.000000e+00,0.000000e+00,0.000000e+00,0.000000e+00
1.000000e+00,0.000000e+00,0.000000e+00,0.000000e+00,0.000000e+00,0.000000e+00,0.000000e+00,0.000000e+00,0.000000e+00,0.000000e+00,0.000000e+00,0.000000e+00,0.000000e+00,0.000000e+00,0.000000e+00
1.000000e+00,0.000000e+00,0.000000e+00,0.000000e+00,0.000000e+00,0.000000e+00,0.000000e+00,0.000000e+00,0.000000e+00,0.000000e+00,0.000000e+00,0.000000e+00,0.000000e+00,0.000000e+00,0.000000e+00
1.000000e+00,0.000000e+00,0.000000e+00,0.000000e+00,0.000000e+00,0.000000e+00,0.000000e+00,0.000000e+00,0.000000e+00,0.000000e+00,0.000000e+00,0.000000e+00,0.000000e+00,0.000000e+00,0.000000e+00
1.000000e+00,0.000000e+00,0.000000e+00,0.000000e+00,0.000000e+00,0.000000e+00,0.000000e+00,0.000000e+00,0.000000e+00,0.000000e+00,0.000000e+00,0.000000e+00,0.000000e+00,0.000000e+00,0.000000e+00
1.000000e+00,0.000000e+00,0.000000e+00,0.000000e+00,0.000000e+00,0.000000e+00,0.000000e+00,0.000000e+00,0.000000e+00,0.000000e+00,0.000000e+00,0.000000e+00,0.000000e+00,0.000000e+00,0.000000e+00
1.000000e+00,0.000000e+00,0.000000e+00,0.000000e+00,0.000000e+00,0.000000e+00,0.000000e+00,0.000000e+00,0.000000e+00,0.000000e+00,0.000000e+00,0.000000e+00,0.000000e+00,0.000000e+00,0.000000e+00
1.000000e+00,0.000000e+00,0.000000e+00,0.000000e+00,0.000000e+00,0.000000e+00,0.000000e+00,0.000000e+00,0.000000e+00,0.000000e+00,0.000000e+00,0.000000e+00,0.000000e+00,0.000000e+00,0.000000e+00
1.000000e+00,0.000000e+00,0.000000e+00,0.000000e+00,0.000000e+00,0.000000e+00,0.000000e+00,0.000000e+00,0.000000e+00,0.000000e+00,0.000000e+00,0.000000e+00,0.000000e+00,0.000000e+00,0.000000e+00
1.000000e+00,0.000000e+00,0.000000e+00,0.000000e+00,0.000000e+00,0.000000e+00,0.000000e+00,0.000000e+00,0.000000e+00,0.000000e+00,0.000000e+00,0.000000e+00,0.000000e+00,0.000000e+00,0.000000e+00
1.000000e+00,0.000000e+00,0.000000e+00,0.000000e+00,0.000000e+00,0.000000e+00,0.000000e+00,0.000000e+00,0.000000e+00,0.000000e+00,0.000000e+00,0.000000e+00,0.000000e+00,0.000000e+00,0.000000e+00
1.000000e+00,0.000000e+00,0.000000e+00,0.000000e+00,0.000000e+00,0.000000e+00,0.000000e+00,0.000000e+00,0.000000e+00,0.000000e+00,0.000000e+00,0.000000e+00,0.000000e+00,0.000000e+00,0.000000e+00
1.000000e+00,0.000000e+00,0.000000e+00,0.000000e+00,0.000000e+00,0.000000e+00,0.000000e+00,0.000000e+00,0.000000e+00,0.000000e+00,0.000000e+00,0.000000e+00,0.000000e+00,0.000000e+00,0.000000e+00
1.000000e+00,0.000000e+00,0.000000e+00,0.000000e+00,0.000000e+00,0.000000e+00,0.000000e+00,0.000000e+00,0.000000e+00,0.000000e+00,0.000000e+00,0.000000e+00,0.000000e+00,0.000000e+00,0.000000e+00
1.000000e+00,0.000000e+00,0.000000e+00,0.000000e+00,0.000000e+00,0.000000e+00,0.000000e+00,0.000000e+00,0.000000e+00,0.000000e+00,0.000000e+00,0.000000e+00,0.000000e+00,0.000000e+00,0.000000e+00
1.000000e+00,0.000000e+00,0.000000e+00,0.000000e+00,0.000000e+00,0.000000e+00,0.000000e+00,0.000000e+00,0.000000e+00,0.000000e+00,0.000000e+00,0.000000e+00,0.000000e+00,0.000000e+00,0.000000e+00
1.000000e+00,0.000000e+00,0.000000e+00,0.000000e+00,0.000000e+00,0.000000e+00,0.000000e+00,0.000000e+00,0.000000e+00,0.000000e+00,0.000000e+00,0.000000e+00,0.000000e+00,0.000000e+00,0.000000e+00
1.000000e+00,0.000000e+00,0.000000e+00,0.000000e+00,0.000000e+00,0.000000e+00,0.000000e+00,0.000000e+00,0.000000e+00,0.000000e+00,0.000000e+00,0.000000e+00,0.000000e+00,0.000000e+00,0.000000e+00
1.000000e+00,0.000000e+00,0.000000e+00,0.000000e+00,0.000000e+00,0.000000e+00,0.000000e+00,0.000000e+00,0.000000e+00,0.000000e+00,0.000000e+00,0.000000e+00,0.000000e+00,0.000000e+00,0.000000e+00
1.000000e+00,0.000000e+00,0.000000e+00,0.000000e+00,0.000000e+00,0.000000e+00,0.000000e+00,0.000000e+00,0.000000e+00,0.000000e+00,0.000000e+00,0.000000e+00,0.000000e+00,0.000000e+00,0.000000e+00
1.000000e+00,0.000000e+00,0.000000e+00,0.000000e+00,0.000000e+00,0.000000e+00,0.000000e+00,0.000000e+00,0.000000e+00,0.000000e+00,0.000000e+00,0.000000e+00,0.000000e+00,0.000000e+00,0.000000e+00
1.000000e+00,0.000000e+00,0.000000e+00,0.000000e+00,0.000000e+00,0.000000e+00,0.000000e+00,0.000000e+00,0.000000e+00,0.000000e+00,0.000000e+00,0.000000e+00,0.000000e+00,0.000000e+00,0.000000e+00
1.000000e+00,0.000000e+00,0.000000e+00,0.000000e+00,0.000000e+00,0.000000e+00,0.000000e+00,0.000000e+00,0.000000e+00,0.000000e+00,0.000000e+00,0.000000e+00,0.000000e+00,0.000000e+00,0.000000e+00
1.000000e+00,0.000000e+00,0.000000e+00,0.000000e+00,0.000000e+00,0.000000e+00,0.000000e+00,0.000000e+00,0.000000e+00,0.000000e+00,0.000000e+00,0.000000e+00,0.000000e+00,0.000000e+00,0.000000e+00
1.000000e+00,0.000000e+00,0.000000e+00,0.000000e+00,0.000000e+00,0.000000e+00,0.000000e+00,0.000000e+00,0.000000e+00,0.000000e+00,0.000000e+00,0.000000e+00,0.000000e+00,0.000000e+00,0.000000e+00
1.000000e+00,0.000000e+00,0.000000e+00,0.000000e+00,0.000000e+00,0.000000e+00,0.000000e+00,0.000000e+00,0.000000e+00,0.000000e+00,0.000000e+00,0.000000e+00,0.000000e+00,0.000000e+00,0.000000e+00
1.000000e+00,0.000000e+00,0.000000e+00,0.000000e+00,0.000000e+00,0.000000e+00,0.000000e+00,0.000000e+00,0.000000e+00,0.000000e+00,0.000000e+00,0.000000e+00,0.000000e+00,0.000000e+00,0.000000e+00
1.000000e+00,0.000000e+00,0.000000e+00,0.000000e+00,0.000000e+00,0.000000e+00,0.000000e+00,0.000000e+00,0.000000e+00,0.000000e+00,0.000000e+00,0.000000e+00,0.000000e+00,0.000000e+00,0.000000e+00
1.000000e+00,0.000000e+00,0.000000e+00,0.000000e+00,0.000000e+00,0.000000e+00,0.000000e+00,0.000000e+00,0.000000e+00,0.000000e+00,0.000000e+00,0.000000e+00,0.000000e+00,0.000000e+00,0.000000e+00
1.000000e+00,0.000000e+00,0.000000e+00,0.000000e+00,0.000000e+00,0.000000e+00,0.000000e+00,0.000000e+00,0.000000e+00,0.000000e+00,0.000000e+00,0.000000e+00,0.000000e+00,0.000000e+00,0.000000e+00
1.000000e+00,0.000000e+00,0.000000e+00,0.000000e+00,0.000000e+00,0.000000e+00,0.000000e+00,0.000000e+00,0.000000e+00,0.000000e+00,0.000000e+00,0.000000e+00,0.000000e+00,0.000000e+00,0.000000e+00
1.000000e+00,0.000000e+00,0.000000e+00,0.000000e+00,0.000000e+00,0.000000e+00,0.000000e+00,0.000000e+00,0.000000e+00,0.000000e+00,0.000000e+00,0.000000e+00,0.000000e+00,0.000000e+00,0.000000e+00
1.000000e+00,0.000000e+00,0.000000e+00,0.000000e+00,0.000000e+00,0.000000e+00,0.000000e+00,0.000000e+00,0.000000e+00,0.000000e+00,0.000000e+00,0.000000e+00,0.000000e+00,0.000000e+00,0.000000e+00
1.000000e+00,0.000000e+00,0.000000e+00,0.000000e+00,0.000000e+00,0.000000e+00,0.000000e+00,0.000000e+00,0.000000e+00,0.000000e+00,0.000000e+00,0.000000e+00,0.000000e+00,0.000000e+00,0.000000e+00
1.000000e+00,0.000000e+00,0.000000e+00,0.000000e+00,0.000000e+00,0.000000e+00,0.000000e+00,0.000000e+00,0.000000e+00,0.000000e+00,0.000000e+00,0.000000e+00,0.000000e+00,0.000000e+00,0.000000e+00
1.000000e+00,0.000000e+00,0.000000e+00,0.000000e+00,0.000000e+00,0.000000e+00,0.000000e+00,0.000000e+00,0.000000e+00,0.000000e+00,0.000000e+00,0.000000e+00,0.000000e+00,0.000000e+00,0.000000e+00
1.000000e+00,0.000000e+00,0.000000e+00,0.000000e+00,0.000000e+00,0.000000e+00,0.000000e+00,0.000000e+00,0.000000e+00,0.000000e+00,0.000000e+00,0.000000e+00,0.000000e+00,0.000000e+00,0.000000e+00
1.000000e+00,0.000000e+00,0.000000e+00,0.000000e+00,0.000000e+00,0.000000e+00,0.000000e+00,0.000000e+00,0.000000e+00,0.000000e+00,0.000000e+00,0.000000e+00,0.000000e+00,0.000000e+00,0.000000e+00
1.000000e+00,0.000000e+00,0.000000e+00,0.000000e+00,0.000000e+00,0.000000e+00,0.000000e+00,0.000000e+00,0.000000e+00,0.000000e+00,0.000000e+00,0.000000e+00,0.000000e+00,0.000000e+00,0.000000e+00
1.000000e+00,0.000000e+00,0.000000e+00,0.000000e+00,0.000000e+00,0.000000e+00,0.000000e+00,0.000000e+00,0.000000e+00,0.000000e+00,0.000000e+00,0.000000e+00,0.000000e+00,0.000000e+00,0.000000e+00
1.000000e+00,0.000000e+00,0.000000e+00,0.000000e+00,0.000000e+00,0.000000e+00,0.000000e+00,0.000000e+00,0.000000e+00,0.000000e+00,0.000000e+00,0.000000e+00,0.000000e+00,0.000000e+00,0.000000e+00
1.000000e+00,0.000000e+00,0.000000e+00,0.000000e+00,0.000000e+00,0.000000e+00,0.000000e+00,0.000000e+00,0.000000e+00,0.000000e+00,0.000000e+00,0.000000e+00,0.000000e+00,0.000000e+00,0.000000e+00
1.000000e+00,0.000000e+00,0.000000e+00,0.000000e+00,0.000000e+00,0.000000e+00,0.000000e+00,0.000000e+00,0.000000e+00,0.000000e+00,0.000000e+00,0.000000e+00,0.000000e+00,0.000000e+00,0.000000e+00
1.000000e+00,0.000000e+00,0.000000e+00,0.000000e+00,0.000000e+00,0.000000e+00,0.000000e+00,0.000000e+00,0.000000e+00,0.000000e+00,0.000000e+00,0.000000e+00,0.000000e+00,0.000000e+00,0.000000e+00
1.000000e+00,0.000000e+00,0.000000e+00,0.000000e+00,0.000000e+00,0.000000e+00,0.000000e+00,0.000000e+00,0.000000e+00,0.000000e+00,0.000000e+00,0.000000e+00,0.000000e+00,0.000000e+00,0.000000e+00
1.000000e+00,0.000000e+00,0.000000e+00,0.000000e+00,0.000000e+00,0.000000e+00,0.000000e+00,0.000000e+00,0.000000e+00,0.000000e+00,0.000000e+00,0.000000e+00,0.000000e+00,0.000000e+00,0.000000e+00
1.000000e+00,0.000000e+00,0.000000e+00,0.000000e+00,0.000000e+00,0.000000e+00,0.000000e+00,0.000000e+00,0.000000e+00,0.000000e+00,0.000000e+00,0.000000e+00,0.000000e+00,0.000000e+00,0.000000e+00
3.504580e-01,1.469556e-02,1.319400e-02,5.363380e-02,7.754291e-03,1.063485e-02,2.155130e-03,5.012580e-01,3.883368e-03,1.103563e-03,1.024657e-02,8.778462e-03,7.392525e-03,3.818455e-03,1.099338e-02
2.455012e-01,1.030760e-02,9.281108e-03,3.760275e-02,5.619377e-03,7.499000e-03,1.581780e-03,6.501763e-01,2.725031e-03,7.729092e-04,7.219586e-03,6.147907e-03,5.184287e-03,2.681184e-03,7.699911e-03
1.721028e-01,7.234178e-03,6.542284e-03,2.635680e-02,4.075176e-03,5.310218e-03,1.170009e-03,7.540710e-01,1.923429e-03,5.434309e-04,5.225153e-03,4.319027e-03,3.657048e-03,2.064313e-03,5.405081e-03
1.207218e-01,5.249165e-03,4.601758e-03,1.876492e-02,3.261321e-03,3.954644e-03,1.846731e-03,7.453113e-01,1.759260e-03,4.949670e-04,5.590477e-03,4.199645e-03,7.744989e-02,1.776286e-03,5.017766e-03
8.465049e-02,3.783303e-03,3.236254e-03,1.331566e-02,2.797480e-03,3.069400e-03,1.955645e-03,5.996768e-01,1.507155e-03,3.821179e-04,5.371254e-03,7.715127e-03,2.652868e-01,1.759122e-03,5.493317e-03
5.941005e-02,2.683510e-03,2.290382e-03,9.446677e-03,2.482628e-03,3.906285e-03,2.696243e-03,4.585210e-01,1.279722e-03,2.833265e-04,4.957159e-03,6.695843e-03,4.377010e-01,1.301562e-03,6.344610e-03
4.179011e-02,1.910576e-03,1.753507e-03,6.836698e-03,2.618575e-03,8.000159e-03,4.286808e-03,3.558457e-01,1.267092e-03,2.096007e-04,4.304107e-03,5.880986e-03,5.586700e-01,9.420277e-04,5.683957e-03
2.935246e-02,1.356912e-03,1.255604e-03,4.892434e-03,2.330596e-03,7.716756e-03,3.469338e-03,2.505810e-01,9.874805e-04,1.588001e-04,4.188708e-03,5.649018e-03,6.819214e-01,6.714368e-04,5.468015e-03
2.064775e-02,1.003739e-03,1.010006e-03,3.646883e-03,1.950380e-03,8.469260e-03,2.478092e-03,1.756408e-01,9.801686e-04,1.164072e-04,3.209405e-03,6.457773e-03,7.699349e-01,4.754715e-04,3.978954e-03
1.455356e-02,7.667327e-04,7.270157e-04,2.627279e-03,1.462962e-03,1.554197e-02,1.779506e-03,1.231912e-01,8.358132e-04,8.408420e-05,2.457274e-03,6.199212e-03,8.265091e-01,3.360303e-04,2.928260e-03
1.085383e-02,1.250097e-03,6.242434e-04,2.172309e-03,1.163321e-03,3.412530e-02,1.329404e-03,8.634242e-02,1.580241e-03,8.901767e-05,2.109513e-03,7.241929e-03,8.485852e-01,2.504368e-04,2.282783e-03
8.138237e-03,1.310049e-03,4.943287e-04,1.678595e-03,1.065965e-03,5.928731e-02,1.009060e-03,6.070460e-02,1.701394e-03,7.328681e-05,1.775499e-03,6.753544e-03,8.539453e-01,1.886705e-04,1.874203e-03
6.370710e-03,1.610665e-03,4.857188e-04,1.318085e-03,1.201708e-03,7.977715e-02,8.217081e-04,4.262337e-02,2.410841e-03,7.386881e-05,1.508989e-03,6.328351e-03,8.534895e-01,1.580365e-04,1.821308e-03
6.834359e-03,1.506000e-03,1.048634e-03,1.050190e-03,1.813567e-03,1.074695e-01,1.059246e-03,3.000707e-02,3.665075e-03,3.025255e-04,2.202965e-03,1.327993e-02,8.215856e-01,3.060736e-04,7.869255e-03
8.045891e-03,1.438711e-03,1.607347e-03,1.107678e-03,3.397258e-03,8.483566e-02,1.005205e-03,2.175739e-02,4.087060e-03,4.526607e-04,2.181674e-03,1.452665e-02,8.447983e-01,3.426354e-04,1.041581e-02
1.575911e-02,3.687295e-03,7.578217e-03,1.561226e-03,6.317771e-03,7.215477e-02,1.130724e-03,1.777716e-02,1.407796e-02,4.457676e-03,2.992437e-03,1.552716e-02,8.039308e-01,1.365828e-03,3.168193e-02
2.156935e-02,1.526016e-02,1.046962e-02,2.195545e-03,7.190843e-03,6.608886e-02,1.247020e-03,1.407513e-02,3.046463e-02,6.235884e-03,2.983988e-03,1.433336e-02,7.586086e-01,1.625742e-03,4.765124e-02
2.866091e-02,2.703710e-02,1.222001e-02,2.234269e-03,8.993322e-03,6.317204e-02,1.652614e-03,1.161282e-02,1.238117e-01,5.522845e-03,4.095659e-03,1.368805e-02,6.056302e-01,1.730551e-03,8.993797e-02
3.268294e-02,3.905804e-02,1.578115e-02,3.216550e-03,1.049020e-02,6.295389e-02,2.495692e-03,1.954272e-02,2.385671e-01,5.351380e-03,5.290280e-03,1.281272e-02,4.612178e-01,1.851936e-03,8.868768e-02
3.852116e-02,4.718009e-02,2.686996e-02,3.280989e-03,1.465491e-02,6.205561e-02,4.733626e-03,3.160238e-02,2.869947e-01,4.568323e-03,4.703391e-03,1.379986e-02,3.718506e-01,1.814294e-03,8.737010e-02
3.553654e-02,4.844476e-02,2.159733e-02,3.405485e-03,1.659219e-02,5.351963e-02,6.356413e-03,2.788498e-02,4.020959e-01,3.812883e-03,3.613780e-03,1.031629e-02,2.641083e-01,1.429027e-03,1.012865e-01
2.965437e-02,4.480432e-02,1.593715e-02,2.781282e-03,1.524266e-02,4.700963e-02,5.376091e-03,2.088534e-02,5.113744e-01,3.063961e-03,2.668660e-03,7.276992e-03,1.861836e-01,1.078778e-03,1.066628e-01
3.028211e-02,6.669174e-02,1.279541e-02,3.912366e-03,2.528670e-02,5.369837e-02,6.044715e-03,1.736083e-02,5.335307e-01,2.979983e-03,2.037482e-03,5.155218e-03,1.324218e-01,8.744327e-04,1.069281e-01
3.760219e-02,6.686890e-02,1.151657e-02,7.047085e-03,4.561508e-02,9.387030e-02,7.284140e-03,2.032192e-02,5.090974e-01,2.315996e-03,1.468545e-03,3.677865e-03,9.312847e-02,6.875612e-04,9.949792e-02
3.815454e-02,6.430098e-02,9.702398e-03,7.509197e-03,4.824642e-02,9.882371e-02,6.071332e-03,1.259373e-01,4.533689e-01,1.757862e-03,1.079157e-03,2.632248e-03,6.548310e-02,5.350622e-04,7.639772e-02
3.636274e-02,5.095440e-02,1.366775e-02,4.481416e-02,5.077225e-02,7.349972e-02,5.568492e-03,2.788452e-01,3.319777e-01,3.815588e-03,1.026908e-03,2.004659e-03,4.634242e-02,4.105811e-04,5.993742e-02
3.100276e-02,3.778928e-02,1.097192e-02,3.286065e-02,5.015604e-02,5.415832e-02,4.769487e-03,4.533790e-01,2.444885e-01,2.718978e-03,8.652252e-04,1.439891e-03,3.269949e-02,3.087146e-04,4.239177e-02
2.963882e-02,2.693588e-02,8.275853e-03,2.365284e-02,4.020219e-02,4.045833e-02,4.270607e-03,5.967176e-01,1.721309e-01,2.042932e-03,8.970997e-04,1.088249e-03,2.343685e-02,2.447523e-04,3.000709e-02
2.496248e-02,1.916200e-02,6.318497e-03,1.721536e-02,2.911958e-02,2.960413e-02,3.257092e-03,7.083018e-01,1.206739e-01,1.546920e-03,8.945781e-04,8.286892e-04,1.668894e-02,1.911147e-04,2.123482e-02
2.058775e-02,1.348789e-02,4.769413e-03,1.227557e-02,2.078319e-02,2.194225e-02,2.583197e-03,7.892206e-01,8.455716e-02,1.139859e-03,8.411832e-04,6.626735e-04,1.197602e-02,1.735288e-04,1.499965e-02
1.773187e-02,9.472326e-03,3.425991e-03,8.774998e-03,1.512808e-02,1.576364e-02,1.911319e-03,8.474331e-01,5.922534e-02,8.048984e-04,6.868901e-04,4.974171e-04,8.490369e-03,1.355760e-04,1.051808e-02
2.286230e-02,6.672080e-03,2.465781e-03,6.325838e-03,1.193726e-02,1.138408e-02,1.434354e-03,8.802328e-01,4.153226e-02,5.701938e-04,6.561986e-04,3.980942e-04,6.045322e-03,1.081589e-04,7.375167e-03
2.303739e-02,4.690222e-03,1.824663e-03,4.571396e-03,9.315089e-03,8.174957e-03,1.215293e-03,9.071233e-01,2.911271e-02,4.030847e-04,6.038444e-04,3.321340e-04,4.339550e-03,8.501782e-05,5.171226e-03
2.038140e-02,3.316463e-03,1.395687e-03,3.315648e-03,7.420091e-03,5.973458e-03,1.108746e-03,9.283592e-01,2.040576e-02,2.916802e-04,6.758039e-04,3.234223e-04,3.297465e-03,8.891452e-05,3.646207e-03
1.917225e-02,2.360136e-03,1.094135e-03,2.473808e-03,6.821804e-03,4.398778e-03,1.045795e-03,9.419813e-01,1.432753e-02,2.129327e-04,6.566565e-04,3.138932e-04,2.481661e-03,7.654160e-05,2.582710e-03
1.705563e-02,1.678018e-03,1.155829e-03,1.924991e-03,5.734107e-03,3.207127e-03,1.235227e-03,9.531529e-01,1.004649e-02,1.578417e-04,6.171565e-04,2.628273e-04,1.850529e-03,7.132765e-05,1.849922e-03
1.523704e-02,1.189602e-03,9.720683e-04,1.463188e-03,4.716937e-03,2.340244e-03,1.087910e-03,9.623253e-01,7.040525e-03,1.186181e-04,5.435998e-04,2.113959e-04,1.370730e-03,5.568263e-05,1.327111e-03
1.231425e-02,8.425876e-04,8.028063e-04,1.066062e-03,3.627493e-03,1.860737e-03,1.630004e-03,9.701345e-01,4.940044e-03,8.911412e-05,4.284353e-04,2.005440e-04,1.057130e-03,4.429232e-05,9.619502e-04
1.048835e-02,5.943978e-04,6.373641e-04,8.132585e-04,2.904579e-03,1.365417e-03,1.298334e-03,9.763360e-01,3.474817e-03,6.693023e-05,3.405709e-04,1.728770e-04,7.888572e-04,3.391279e-05,6.842521e-04
9.202422e-03,4.248336e-04,5.556181e-04,6.495223e-04,2.397568e-03,1.113566e-03,1.106049e-03,9.803257e-01,2.470173e-03,5.740256e-05,3.144257e-04,1.813868e-04,6.592903e-04,3.087684e-05,5.110960e-04
8.711550e-03,3.043624e-04,4.652439e-04,5.458904e-04,2.204956e-03,8.775293e-04,1.080521e-03,9.827563e-01,1.743446e-03,4.572155e-05,2.503013e-04,1.455923e-04,4.770299e-04,2.470256e-05,3.669144e-04
9.447283e-03,2.225238e-04,4.004701e-04,4.797438e-04,2.046520e-03,7.206958e-04,8.896008e-04,9.835033e-01,1.245659e-03,4.562096e-05,2.191867e-04,1.266179e-04,3.589999e-04,2.082172e-05,2.728644e-04
2.467536e-02,5.053660e-04,4.878738e-04,7.001590e-04,2.382733e-03,1.339612e-03,8.156686e-04,9.584571e-01,5.486700e-03,5.188306e-04,1.781822e-03,6.481854e-04,1.482452e-03,1.322116e-04,5.859263e-04
2.688481e-02,7.026816e-04,4.158205e-04,7.478491e-04,4.977041e-03,2.527560e-03,9.960874e-04,8.570623e-01,7.333940e-03,4.396359e-04,3.390106e-03,1.921273e-03,8.974210e-02,1.861957e-04,2.672625e-03
2.246918e-02,6.282687e-04,3.369127e-04,1.038302e-03,4.690598e-03,3.782360e-03,9.451872e-04,6.571336e-01,9.701150e-03,4.163277e-04,3.938641e-03,2.628598e-03,2.885154e-01,1.823422e-04,3.593099e-03
2.372824e-02,9.007663e-04,9.999990e-04,2.402731e-03,6.037492e-03,5.486344e-03,1.615493e-03,5.748301e-01,2.026175e-02,8.222897e-04,7.078386e-03,5.812034e-03,3.442085e-01,2.273440e-04,5.588624e-03
2.049477e-02,1.011629e-03,9.874401e-04,2.320223e-03,6.154853e-03,5.869562e-03,1.729966e-03,4.367668e-01,1.932874e-02,8.666856e-04,8.827976e-03,5.378647e-03,4.808870e-01,1.962276e-04,9.179473e-03
1.460131e-02,9.000492e-04,7.794137e-04,1.796630e-03,4.638472e-03,4.532347e-03,1.337633e-03,3.073864e-01,1.448677e-02,6.419316e-04,7.122146e-03,4.471634e-03,6.289760e-01,1.474112e-04,8.181890e-03
1.060572e-02,8.543325e-04,9.983592e-04,1.508160e-03,4.063188e-03,3.976232e-03,1.360581e-03,2.157601e-01,1.186410e-02,5.709275e-04,6.306093e-03,4.259273e-03,7.297873e-01,1.449928e-04,7.940595e-03
7.887989e-03,7.152238e-04,9.363188e-04,1.138460e-03,3.304294e-03,3.054213e-03,1.336545e-03,1.514926e-01,9.097257e-03,4.301805e-04,5.111902e-03,3.731593e-03,8.044027e-01,1.317541e-04,7.228959e-03
6.161806e-03,7.102312e-04,1.100668e-03,8.374464e-04,3.263402e-03,2.860233e-03,1.150231e-03,1.062023e-01,7.151785e-03,3.550421e-04,3.868082e-03,3.889302e-03,8.556820e-01,1.398038e-04,6.627722e-03
5.299638e-03,2.132209e-03,3.308382e-03,6.879644e-04,3.227815e-03,5.606255e-03,1.410465e-03,7.457739e-02,6.061091e-03,3.586484e-04,3.317442e-03,3.792602e-03,8.826145e-01,1.450755e-04,7.460526e-03
3.970372e-03,6.705986e-03,1.025003e-01,5.766102e-04,1.126425e-02,5.103911e-03,1.580738e-03,5.283114e-02,5.380030e-03,5.745325e-04,2.480219e-03,4.050616e-03,7.971017e-01,1.282106e-04,5.751443e-03
4.163484e-03,7.922094e-03,2.423538e-01,2.154216e-03,2.479234e-02,1.772734e-02,2.194096e-03,3.977922e-02,6.192528e-03,1.390521e-03,1.871959e-03,3.061245e-03,6.395075e-01,2.050475e-04,6.684657e-03
3.597823e-03,6.661683e-03,3.990874e-01,2.789767e-03,3.407748e-02,1.489251e-02,8.091751e-03,3.121751e-02,8.971674e-03,3.244495e-03,1.373245e-03,2.302128e-03,4.740894e-01,2.032085e-04,9.399904e-03
1.467700e-02,2.237757e-02,3.974065e-01,6.138836e-03,6.528375e-02,2.437170e-02,1.277203e-02,2.549371e-02,1.848960e-02,6.876570e-03,1.974906e-03,2.269387e-03,3.579981e-01,4.171415e-04,4.345322e-02
3.635485e-02,2.226405e-02,3.486308e-01,7.495406e-03,1.513914e-01,2.442094e-02,2.134005e-02,1.995189e-02,2.136372e-02,6.767939e-03,1.702630e-03,1.905684e-03,2.878479e-01,4.938598e-04,4.806898e-02
5.262326e-02,2.148851e-02,3.123324e-01,1.193664e-02,1.827241e-01,2.799830e-02,2.934516e-02,2.040227e-02,1.823913e-02,6.257180e-03,1.421753e-03,1.678651e-03,2.661409e-01,6.091853e-04,4.680267e-02
8.608233e-02,2.421323e-02,2.301333e-01,1.225094e-02,1.724188e-01,3.038196e-02,2.610623e-02,1.827864e-02,1.808399e-02,7.808867e-03,1.502345e-03,1.477950e-03,3.130563e-01,7.243882e-04,5.748076e-02
1.034644e-01,2.601344e-02,1.649486e-01,1.209346e-02,1.487850e-01,2.970090e-02,2.006305e-02,1.482317e-02,1.893270e-02,5.966337e-03,1.483263e-03,2.327487e-03,4.037493e-01,7.824594e-04,4.686647e-02
1.088260e-01,2.544180e-02,1.212794e-01,1.583023e-02,1.171962e-01,3.458659e-02,1.647697e-02,1.246739e-02,1.897949e-02,4.700852e-03,1.583901e-03,4.563509e-03,4.772829e-01,1.475091e-03,3.930971e-02
1.046981e-01,2.095148e-02,8.532991e-02,1.225553e-02,8.589531e-02,2.662073e-02,1.283207e-02,9.529711e-03,1.972600e-02,3.498628e-03,1.463874e-03,5.465779e-03,5.747990e-01,1.447143e-03,3.548680e-02
1.350137e-01,1.956768e-02,6.296995e-02,2.625501e-02,7.026530e-02,3.335448e-02,1.045239e-02,1.586817e-02,1.842272e-02,3.074969e-03,3.016963e-03,9.138867e-03,5.609583e-01,2.251942e-03,2.938964e-02
2.351454e-01,1.611840e-02,4.721759e-02,1.988521e-02,5.200049e-02,2.890199e-02,8.350750e-03,1.361013e-02,2.120872e-02,2.681023e-03,3.646372e-03,9.381017e-03,5.145547e-01,3.145847e-03,2.415230e-02
2.780780e-01,1.703502e-02,4.221137e-02,1.883275e-02,5.483353e-02,3.766305e-02,1.768998e-02,1.360857e-02,1.993359e-02,4.066368e-03,4.595309e-03,1.044762e-02,4.507102e-01,4.584569e-03,2.571006e-02
4.039905e-01,1.485561e-02,3.257368e-02,1.491522e-02,4.012236e-02,3.251433e-02,1.865644e-02,1.299838e-02,1.592008e-02,3.135751e-03,4.501318e-03,1.457680e-02,3.633476e-01,5.195959e-03,2.269592e-02
1.000000e+00,0.000000e+00,0.000000e+00,0.000000e+00,0.000000e+00,0.000000e+00,0.000000e+00,0.000000e+00,0.000000e+00,0.000000e+00,0.000000e+00,0.000000e+00,0.000000e+00,0.000000e+00,0.000000e+00
1.000000e+00,0.000000e+00,0.000000e+00,0.000000e+00,0.000000e+00,0.000000e+00,0.000000e+00,0.000000e+00,0.000000e+00,0.000000e+00,0.000000e+00,0.000000e+00,0.000000e+00,0.000000e+00,0.000000e+00
1.000000e+00,0.000000e+00,0.000000e+00,0.000000e+00,0.000000e+00,0.000000e+00,0.000000e+00,0.000000e+00,0.000000e+00,0.000000e+00,0.000000e+00,0.000000e+00,0.000000e+00,0.000000e+00,0.000000e+00
1.000000e+00,0.000000e+00,0.000000e+00,0.000000e+00,0.000000e+00,0.000000e+00,0.000000e+00,0.000000e+00,0.000000e+00,0.000000e+00,0.000000e+00,0.000000e+00,0.000000e+00,0.000000e+00,0.000000e+00
4.830787e-01,4.759400e-02,1.343317e-02,1.965917e-02,1.295943e-02,1.358889e-01,9.782576e-03,1.944316e-02,2.606861e-02,3.835942e-03,5.736512e-03,2.464142e-02,1.784961e-01,3.646055e-03,1.573622e-02
3.431517e-01,3.665383e-02,9.988157e-03,1.469021e-02,9.218768e-03,2.483956e-01,7.226544e-03,1.377622e-02,2.051248e-02,3.193440e-03,4.390856e-03,2.004739e-02,2.533486e-01,2.687618e-03,1.271857e-02
2.404190e-01,2.568589e-02,7.020724e-03,1.032295e-02,6.512986e-03,2.054546e-01,5.169762e-03,9.661474e-03,1.450416e-02,2.245177e-03,3.160295e-03,1.961390e-02,4.393005e-01,1.899405e-03,9.029258e-03
1.687375e-01,1.814498e-02,4.968129e-03,7.306892e-03,4.722541e-03,1.534120e-01,3.981862e-03,6.783140e-03,1.136063e-02,1.597315e-03,2.769165e-03,5.875697e-02,5.495046e-01,1.449767e-03,6.504511e-03
1.182516e-01,1.324487e-02,3.494935e-03,5.141705e-03,3.365695e-03,1.110949e-01,2.901311e-03,4.765252e-03,8.780710e-03,1.198361e-03,3.448409e-03,2.573062e-01,4.611433e-01,1.132378e-03,4.730416e-03
8.281401e-02,9.797304e-03,2.467914e-03,3.626535e-03,2.386734e-03,8.556559e-02,2.101545e-03,3.363403e-03,7.758710e-03,9.269071e-04,3.667005e-03,3.129307e-01,4.782531e-01,8.687386e-04,3.471739e-03
5.801444e-02,7.127401e-03,1.746250e-03,2.560563e-03,1.702438e-03,7.418245e-02,1.501699e-03,2.378210e-03,7.430300e-03,7.264524e-04,4.036914e-03,2.723209e-01,5.630727e-01,6.714453e-04,2.527782e-03
4.061415e-02,5.330897e-03,1.246770e-03,1.799843e-03,1.211129e-03,5.399318e-02,1.065867e-03,1.670702e-03,7.505011e-03,6.128874e-04,3.557134e-03,4.300168e-01,4.489862e-01,5.187051e-04,1.870757e-03
2.843382e-02,4.801059e-03,8.848654e-04,1.261807e-03,8.604144e-04,3.850568e-02,7.494200e-04,1.174140e-03,1.121623e-02,4.701119e-04,3.531612e-03,5.859475e-01,3.203262e-01,4.642503e-04,1.372871e-03
1.994492e-02,1.216204e-02,8.104498e-04,8.918399e-04,7.071490e-04,2.786020e-02,5.337155e-04,8.544052e-04,2.418859e-02,4.143414e-04,4.273050e-03,6.677546e-01,2.378591e-01,6.402850e-04,1.105276e-03
1.403250e-02,1.508087e-02,6.056206e-04,6.350669e-04,6.316297e-04,2.310554e-02,4.361993e-04,6.809858e-04,5.592663e-02,4.128767e-04,3.723581e-03,6.982427e-01,1.848633e-01,6.232407e-04,9.992468e-04
9.941088e-03,1.883490e-02,4.514931e-04,4.561633e-04,5.112372e-04,2.191819e-02,3.663892e-04,5.809735e-04,8.169982e-02,4.285333e-04,3.298143e-03,7.176994e-01,1.424559e-01,5.421952e-04,8.155633e-04
7.421577e-03,3.467630e-02,3.846731e-04,4.228068e-04,4.868621e-04,3.476062e-02,3.600972e-04,6.716317e-04,1.373285e-01,7.094251e-04,3.247074e-03,6.615192e-01,1.168344e-01,4.900956e-04,6.867026e-04
5.873773e-03,3.131313e-02,2.763123e-04,3.275319e-04,1.103105e-03,2.925763e-02,5.237178e-04,5.415570e-04,3.774412e-01,5.350537e-04,2.438377e-03,4.647802e-01,8.468420e-02,3.465190e-04,5.576062e-04
5.335334e-03,3.941604e-02,2.915015e-04,1.148408e-03,4.538770e-03,2.890814e-02,7.284821e-04,9.055249e-04,5.258660e-01,7.122852e-04,1.944447e-03,3.268973e-01,6.207610e-02,2.629984e-04,9.685503e-04
6.327600e-03,3.663665e-02,7.696225e-04,1.816797e-02,9.445225e-03,3.222720e-02,9.261020e-04,2.228210e-03,5.978336e-01,1.371043e-03,6.254737e-03,2.338537e-01,4.908241e-02,2.863057e-04,4.589506e-03
1.143527e-02,3.638889e-02,1.075262e-03,1.513725e-02,3.164233e-02,3.126942e-02,3.795347e-03,4.366237e-03,6.432459e-01,1.640193e-03,5.700604e-03,1.644405e-01,4.056120e-02,2.472669e-04,9.054331e-03
3.028300e-02,3.994346e-02,1.403050e-03,1.426867e-02,7.168369e-02,2.958138e-02,7.858147e-03,1.360124e-02,6.254373e-01,1.793486e-03,4.778585e-03,1.154599e-01,3.386797e-02,2.526030e-04,9.787451e-03
5.896121e-02,5.818291e-02,3.765794e-03,3.327150e-02,6.859578e-02,3.192699e-02,6.694052e-03,2.759058e-02,5.467056e-01,2.619643e-03,4.975769e-03,8.196438e-02,2.647777e-02,8.791476e-04,4.738883e-02
7.900886e-02,7.415171e-02,8.987052e-03,3.626991e-02,9.516075e-02,3.077758e-02,8.030144e-03,4.467234e-02,4.698359e-01,2.518574e-03,4.711201e-03,5.815527e-02,2.039647e-02,1.976900e-03,6.534733e-02
9.472854e-02,7.446514e-02,1.261066e-02,4.734018e-02,1.084158e-01,3.219303e-02,6.609567e-03,3.812331e-02,3.693475e-01,4.378146e-03,9.496246e-03,4.268215e-02,1.718786e-02,4.390241e-03,1.380316e-01
9.653015e-02,8.415838e-02,1.147002e-02,3.816324e-02,1.240285e-01,7.124878e-02,6.899084e-03,3.406188e-02,3.552240e-01,3.583992e-03,9.415898e-03,3.099160e-02,1.502570e-02,3.786081e-03,1.154126e-01
9.271611e-02,1.211913e-01,9.551252e-03,5.011892e-02,1.347558e-01,6.168421e-02,8.085901e-03,3.153357e-02,3.239356e-01,3.187648e-03,8.560775e-03,2.407367e-02,1.306344e-02,3.218449e-03,1.143234e-01
1.171464e-01,1.349484e-01,1.473440e-02,9.222320e-02,1.048686e-01,7.017034e-02,6.091838e-03,2.769947e-02,2.748218e-01,9.762389e-03,1.109035e-02,2.166942e-02,1.059044e-02,4.042712e-03,1.001402e-01
1.658016e-01,1.041859e-01,1.225071e-02,7.455515e-02,1.014828e-01,1.152747e-01,6.325654e-03,6.581573e-02,2.342080e-01,8.760029e-03,1.059740e-02,1.642985e-02,9.284548e-03,3.086990e-03,7.194094e-02
1.368984e-01,7.737970e-02,1.570932e-02,6.016394e-02,1.371481e-01,9.496836e-02,1.533068e-02,2.002231e-01,1.703821e-01,1.066248e-02,8.854647e-03,1.175708e-02,7.277758e-03,2.237900e-03,5.100637e-02
1.129398e-01,5.701237e-02,1.459611e-02,4.488455e-02,1.327495e-01,7.202926e-02,1.978175e-02,3.521016e-01,1.227649e-01,1.164787e-02,7.956137e-03,8.477367e-03,5.431166e-03,1.624041e-03,3.600363e-02
8.275329e-02,4.309086e-02,1.521899e-02,3.239181e-02,9.488337e-02,5.095631e-02,1.530965e-02,5.282288e-01,8.608082e-02,8.604502e-03,6.033919e-03,6.006188e-03,3.878238e-03,1.148946e-03,2.541437e-02
5.875763e-02,3.281067e-02,2.211416e-02,2.395496e-02,6.995408e-02,3.758522e-02,1.101717e-02,6.431880e-01,6.069103e-02,9.107790e-03,4.447366e-03,4.224482e-03,2.910962e-03,8.554473e-04,1.838104e-02
4.207184e-02,2.473727e-02,2.030682e-02,1.759483e-02,5.243910e-02,3.041302e-02,8.008234e-03,7.270052e-01,4.352674e-02,1.046436e-02,3.399277e-03,2.993833e-03,2.244910e-03,6.977259e-04,1.409687e-02
3.114434e-02,1.822181e-02,1.531604e-02,1.323381e-02,4.054347e-02,2.410102e-02,5.943219e-03,7.942294e-01,3.098356e-02,8.175534e-03,2.620155e-03,2.156070e-03,1.729347e-03,6.172031e-04,1.098502e-02
2.514258e-02,1.330686e-02,1.207708e-02,1.054520e-02,3.023286e-02,1.857540e-02,4.408850e-03,8.385937e-01,2.256185e-02,7.637269e-03,2.652895e-03,1.639713e-03,1.415967e-03,8.647477e-04,1.034499e-02
2.548699e-02,1.074207e-02,9.496967e-03,8.627056e-03,2.381219e-02,1.525166e-02,3.322751e-03,8.575353e-01,1.786667e-02,8.769930e-03,3.036696e-03,1.576236e-03,1.558786e-03,1.209637e-03,1.170704e-02
3.894337e-02,1.213976e-02,1.097777e-02,8.659577e-03,2.152359e-02,1.532121e-02,2.557415e-03,8.114403e-01,2.769790e-02,1.387863e-02,4.265241e-03,3.545229e-03,3.588221e-03,3.776430e-03,2.168532e-02
4.690761e-02,1.141511e-02,9.624852e-03,7.713920e-03,1.917852e-02,1.399960e-02,2.004387e-03,7.437559e-01,4.697519e-02,1.529022e-02,6.309717e-03,4.414484e-03,4.776764e-03,1.023741e-02,5.739618e-02
6.429280e-02,1.107753e-02,1.486761e-02,1.701570e-02,1.743912e-02,1.177275e-02,2.485132e-03,6.527280e-01,8.480259e-02,1.170490e-02,1.014208e-02,1.137029e-02,7.884176e-03,1.860162e-02,6.381568e-02
9.626706e-02,1.148720e-02,1.735512e-02,1.464410e-02,3.090023e-02,1.235751e-02,2.516526e-03,5.090868e-01,9.134635e-02,8.958726e-03,1.443455e-02,8.979993e-03,7.164354e-03,5.919569e-02,1.153058e-01
1.584270e-01,1.078817e-02,1.464286e-02,1.150460e-02,2.382102e-02,1.144321e-02,2.317735e-03,3.678392e-01,1.125485e-01,6.902047e-03,1.401346e-02,7.600879e-03,8.643437e-03,9.320532e-02,1.563026e-01
2.087333e-01,7.921313e-03,1.077555e-02,1.178426e-02,2.192513e-02,9.254365e-03,2.051495e-03,2.586359e-01,9.679832e-02,7.872462e-03,2.539926e-02,1.207562e-02,1.459373e-02,1.673989e-01,1.447805e-01
1.775072e-01,5.671597e-03,7.899377e-03,8.653286e-03,1.648742e-02,7.150074e-03,1.736616e-03,1.814571e-01,7.758443e-02,1.008491e-02,2.284683e-02,1.018292e-02,1.261517e-02,3.346778e-01,1.254453e-01
1.266626e-01,4.103330e-03,5.638142e-03,6.228163e-03,1.178667e-02,5.593397e-03,1.326837e-03,1.271113e-01,7.341632e-02,2.443410e-02,1.959167e-02,7.288300e-03,9.182446e-03,4.272678e-01,1.503688e-01
8.962179e-02,3.128760e-03,4.012978e-03,4.586509e-03,8.446585e-03,6.665784e-03,1.166232e-03,8.908615e-02,7.178085e-02,6.983124e-02,2.213853e-02,5.426544e-03,7.558138e-03,4.458705e-01,1.706794e-01
6.418841e-02,2.299910e-03,3.094810e-03,7.844398e-03,6.199252e-03,6.331941e-03,1.173152e-03,6.337757e-02,9.557228e-02,1.171180e-01,4.406910e-02,8.096877e-03,1.928216e-02,3.696266e-01,1.917256e-01
4.575443e-02,2.258823e-03,2.494742e-03,8.360100e-03,5.788363e-03,7.053916e-03,1.281642e-03,4.487222e-02,1.049502e-01,1.112740e-01,5.853313e-02,8.896850e-03,2.617006e-02,3.202087e-01,2.521029e-01
3.265072e-02,2.664748e-03,4.399132e-03,1.296356e-02,3.072649e-02,5.556128e-03,1.535012e-03,3.949549e-02,1.428472e-01,9.474101e-02,6.391537e-02,6.956647e-03,2.983633e-02,2.422054e-01,2.895068e-01
2.295189e-02,6.491790e-03,4.682445e-03,9.924991e-03,2.487325e-02,7.767690e-03,1.220053e-03,2.821802e-02,3.782461e-01,6.671637e-02,4.822175e-02,5.014024e-03,2.165662e-02,1.700283e-01,2.039868e-01
1.614954e-02,8.201159e-03,4.038765e-03,7.975936e-03,2.188072e-02,1.807475e-02,9.751375e-04,1.993394e-02,5.397128e-01,4.688523e-02,3.511385e-02,3.557553e-03,1.536564e-02,1.191240e-01,1.430110e-01
1.208556e-02,7.548673e-03,4.728366e-03,1.631967e-02,2.771240e-02,2.717544e-02,1.277103e-03,1.456838e-02,6.318780e-01,3.363941e-02,2.534977e-02,2.563350e-03,1.104299e-02,8.340975e-02,1.007012e-01
1.002773e-02,1.014167e-02,7.551321e-03,8.461508e-02,3.518177e-02,2.521327e-02,1.322191e-03,1.257019e-02,6.249887e-01,2.570184e-02,1.877040e-02,1.943461e-03,9.143968e-03,5.846440e-02,7.436403e-02
7.084189e-03,7.278483e-03,6.381944e-03,3.477545e-01,2.581341e-02,1.774803e-02,9.332797e-04,9.082090e-03,4.430727e-01,1.804866e-02,1.553465e-02,1.511415e-03,6.735473e-03,4.093126e-02,5.208998e-02
4.962331e-03,5.149678e-03,4.799340e-03,4.166637e-01,2.062344e-02,1.247045e-02,6.925439e-04,6.654356e-03,3.133195e-01,1.274907e-02,1.276842e-01,2.057629e-03,6.445948e-03,2.891015e-02,3.681773e-02
3.474751e-03,3.619282e-03,3.383218e-03,3.794536e-01,1.618820e-02,8.762722e-03,4.937407e-04,4.680631e-03,2.209350e-01,9.329807e-03,2.822187e-01,1.787383e-03,1.310768e-02,2.604903e-02,2.651625e-02
2.435402e-03,2.628627e-03,2.480233e-03,2.995420e-01,1.579262e-02,6.284316e-03,3.495005e-04,3.318487e-03,1.578006e-01,7.368926e-03,3.836309e-01,1.876557e-03,1.255387e-02,8.420666e-02,1.973131e-02
1.717897e-03,1.880831e-03,2.084535e-03,2.329562e-01,1.427958e-02,4.979489e-03,2.819799e-04,2.531196e-03,1.176260e-01,6.313737e-03,4.598100e-01,1.692488e-02,1.555026e-02,1.066398e-01,1.642371e-02
1.210894e-03,1.341625e-03,1.534623e-03,1.664964e-01,1.091454e-02,3.676630e-03,2.103163e-04,1.799576e-03,8.320972e-02,4.780809e-03,5.513467e-01,1.441445e-02,1.310804e-02,1.333420e-01,1.261365e-02
9.045449e-04,1.053867e-03,1.340363e-03,1.178486e-01,8.068865e-03,2.747324e-03,1.555594e-04,1.339519e-03,5.974364e-02,3.769499e-03,5.796570e-01,1.218460e-02,1.169664e-02,1.886250e-01,1.086500e-02
6.456430e-04,7.798827e-04,1.082561e-03,8.294775e-02,5.778427e-03,1.939516e-03,1.139072e-04,9.845259e-04,4.284961e-02,3.834527e-03,6.456480e-01,1.036664e-02,9.093947e-03,1.791430e-01,1.479205e-02
5.331550e-04,9.035036e-04,1.179049e-03,5.825216e-02,4.682932e-03,1.524920e-03,9.081498e-05,1.072457e-03,3.013789e-02,2.953906e-03,6.988825e-01,9.116617e-03,6.873742e-03,1.720124e-01,1.178402e-02
4.092726e-04,6.463784e-04,8.697936e-04,4.086145e-02,3.335616e-03,1.165375e-03,6.633070e-05,7.871094e-04,2.111611e-02,2.204416e-03,7.544166e-01,6.850889e-03,4.869504e-03,1.535342e-01,8.867055e-03
3.131691e-04,4.706382e-04,6.769405e-04,2.873022e-02,2.383887e-03,9.426274e-04,4.889216e-05,5.868458e-04,1.481017e-02,1.896532e-03,7.962754e-01,5.217868e-03,3.523305e-03,1.370660e-01,7.057529e-03
2.697890e-04,3.688094e-04,5.565446e-04,2.016865e-02,1.693501e-03,7.553613e-04,3.595716e-05,4.209875e-04,1.039376e-02,1.447840e-03,8.320326e-01,4.668585e-03,2.545428e-03,1.194345e-01,5.207794e-03
2.132757e-04,2.792251e-04,4.559516e-04,1.413309e-02,1.195143e-03,5.562031e-04,2.573763e-05,2.976974e-04,7.298526e-03,1.190843e-03,8.708535e-01,3.785073e-03,1.851754e-03,9.386426e-02,3.999734e-03
2.214429e-04,2.285785e-04,3.810251e-04,9.924419e-03,8.488753e-04,4.490165e-04,1.910166e-05,2.140439e-04,5.136530e-03,1.103641e-03,9.032377e-01,3.450216e-03,1.414154e-03,7.029756e-02,3.073663e-03
2.545567e-04,1.849599e-04,3.318664e-04,6.961172e-03,6.215718e-04,3.897729e-04,1.604551e-05,1.570941e-04,3.654768e-03,2.077163e-03,9.207450e-01,4.035381e-03,1.158282e-03,5.672282e-02,2.689553e-03
2.900140e-04,2.087121e-03,1.327228e-03,4.899254e-03,8.468720e-04,5.136384e-04,2.493697e-05,1.630017e-04,2.629971e-03,1.977688e-03,9.330072e-01,4.773600e-03,9.276551e-04,4.385522e-02,2.676600e-03
1.082876e-03,1.647005e-03,3.443311e-03,3.463930e-03,7.810153e-04,3.922740e-03,1.053231e-04,4.144551e-04,2.196275e-03,5.472717e-03,9.079326e-01,7.622472e-03,8.053752e-04,5.736548e-02,3.744321e-03
4.048941e-03,1.486877e-03,5.404481e-03,2.460563e-03,7.565019e-04,8.249297e-03,1.990606e-04,7.905555e-04,1.873500e-03,1.278826e-02,8.740912e-01,9.552980e-03,7.576370e-04,7.375667e-02,3.783359e-03
2.562890e-02,2.242613e-03,1.120612e-02,1.962284e-03,3.610893e-03,3.006881e-02,7.083256e-04,4.087878e-03,4.404350e-03,3.852871e-02,7.797643e-01,1.120278e-02,1.288537e-03,8.118922e-02,4.106247e-03
2.952535e-02,2.250019e-03,8.868558e-03,1.402466e-03,3.299248e-03,2.604226e-02,5.318288e-04,3.286770e-03,4.380925e-03,3.342638e-02,7.801299e-01,1.072214e-02,1.105018e-03,9.202108e-02,3.008086e-03
3.270123e-02,2.885684e-03,7.710984e-03,1.096277e-03,3.720941e-03,2.147206e-02,4.475749e-04,3.127531e-03,5.045576e-03,3.376133e-02,7.670952e-01,1.182967e-02,1.079905e-03,1.053555e-01,2.670490e-03
4.384318e-02,6.687053e-03,8.955116e-03,1.566232e-03,6.086284e-03,1.715870e-02,4.902042e-04,5.122499e-03,1.206921e-02,4.146596e-02,7.239376e-01,1.282808e-02,1.110385e-03,1.149820e-01,3.697569e-03
5.784138e-02,6.440023e-03,8.906901e-03,1.877649e-03,5.315643e-03,1.360675e-02,4.058484e-04,4.668782e-03,1.306663e-02,5.104427e-02,7.100236e-01,1.004119e-02,9.426769e-04,1.125078e-01,3.310963e-03
6.400999e-02,5.153124e-03,1.605381e-02,3.591557e-03,5.516230e-03,1.820536e-02,5.715043e-04,1.341822e-02,1.912821e-02,8.863422e-02,6.531267e-01,8.018885e-03,9.649232e-04,1.007396e-01,2.867718e-03
6.878349e-02,4.484268e-03,1.461958e-02,3.448352e-03,5.671167e-03,1.502906e-02,4.707986e-04,1.245012e-02,2.705726e-02,9.348924e-02,6.175244e-01,7.325771e-03,8.065274e-04,1.261420e-01,2.698031e-03
7.661048e-02,4.380596e-03,1.365398e-02,5.367031e-03,6.883135e-03,1.479063e-02,5.491072e-04,1.402488e-02,3.060852e-02,9.376144e-02,6.085706e-01,9.116845e-03,8.258995e-04,1.178678e-01,2.989093e-03
9.318550e-02,4.926576e-03,1.696692e-02,6.078354e-03,8.752471e-03,1.274988e-02,7.278892e-04,1.414923e-02,3.247554e-02,9.505118e-02,5.870492e-01,8.750228e-03,7.721719e-04,1.148156e-01,3.549197e-03
9.142584e-02,4.307073e-03,1.347016e-02,6.319774e-03,7.229658e-03,1.043732e-02,5.632208e-04,1.092954e-02,3.199512e-02,8.531269e-02,6.036760e-01,6.908146e-03,6.510798e-04,1.227759e-01,3.998509e-03
