1.000000e+00,0.000000e+00,0.000000e+00,0.000000e+00,0.000000e+00,0.000000e+00,0.000000e+00,0.000000e+00,0.000000e+00,0.000000e+00,0.000000e+00,0.000000e+00,0.000000e+00,0.000000e+00,0.000000e+00
1.000000e+00,0.000000e+00,0.000000e+00,0.000000e+00,0.000000e+00,0.000000e+00,0.000000e+00,0.000000e+00,0.000000e+00,0.000000e+00,0.000000e+00,0.000000e+00,0.000000e+00,0.000000e+00,0.000000e+00
1.000000e+00,0.000000e+00,0.000000e+00,0.000000e+00,0.000000e+00,0.000000e+00,0.000000e+00,0.000000e+00,0.000000e+00,0.000000e+00,0.000000e+00,0.000000e+00,0.000000e+00,0.000000e+00,0.000000e+00
1.000000e+00,0.000000e+00,0.000000e+00,0.000000e+00,0.000000e+00,0.000000e+00,0.000000e+00,0.000000e+00,0.000000e+00,0.000000e+00,0.000000e+00,0.000000e+00,0.000000e+00,0.000000e+00,0.000000e+00
1.000000e+00,0.000000e+00,0.000000e+00,0.000000e+00,0.000000e+00,0.000000e+00,0.000000e+00,0.000000e+00,0.000000e+00,0.000000e+00,0.000000e+00,0.000000e+00,0.000000e+00,0.000000e+00,0.000000e+00
1.000000e+00,0.000000e+00,0.000000e+00,0.000000e+00,0.000000e+00,0.000000e+00,0.000000e+00,0.000000e+00,0.000000e+00,0.000000e+00,0.000000e+00,0.000000e+00,0.000000e+00,0.000000e+00,0.000000e+00
1.000000e+00,0.000000e+00,0.000000e+00,0.000000e+00,0.000000e+00,0.000000e+00,0.000000e+00,0.000000e+00,0.000000e+00,0.000000e+00,0.000000e+00,0.000000e+00,0.000000e+00,0.000000e+00,0.000000e+00
1.000000e+00,0.000000e+00,0.000000e+00,0.000000e+00,0.000000e+00,0.000000e+00,0.000000e+00,0.000000e+00,0.000000e+00,0.000000e+00,0.000000e+00,0.000000e+00,0.000000e+00,0.000000e+00,0.000000e+00
1.000000e+00,0.000000e+00,0.000000e+00,0.000000e+00,0.000000e+00,0.000000e+00,0.000000e+00,0.000000e+00,0.000000e+00,0.000000e+00,0.000000e+00,0.000000e+00,0.000000e+00,0.000000e+00,0.000000e+00
1.000000e+00,0.000000e+00,0.000000e+00,0.000000e+00,0.000000e+00,0.000000e+00,0.000000e+00,0.000000e+00,0.000000e+00,0.000000e+00,0.000000e+00,0.000000e+00,0.000000e+00,0.000000e+00,0.000000e+00
1.000000e+00,0.000000e+00,0.000000e+00,0.000000e+00,0.000000e+00,0.000000e+00,0.000000e+00,0.000000e+00,0.000000e+00,0.000000e+00,0.000000e+00,0.000000e+00,0.000000e+00,0.000000e+00,0.000000e+00
1.000000e+00,0.000000e+00,0.000000e+00,0.000000e+00,0.000000e+00,0.000000e+00,0.000000e+00,0.000000e+00,0.000000e+00,0.000000e+00,0.000000e+00,0.000000e+00,0.000000e+00,0.000000e+00,0.000000e+00
1.000000e+00,0.000000e+00,0.000000e+00,0.000000e+00,0.000000e+00,0.000000e+00,0.000000e+00,0.000000e+00,0.000000e+00,0.000000e+00,0.000000e+00,0.000000e+00,0.000000e+00,0.000000e+00,0.000000e+00
1.000000e+00,0.000000e+00,0.000000e+00,0.000000e+00,0.000000e+00,0.000000e+00,0.000000e+00,0.000000e+00,0.000000e+00,0.000000e+00,0.000000e+00,0.000000e+00,0.000000e+00,0.000000e+00,0.000000e+00
1.000000e+00,0.000000e+00,0.000000e+00,0.000000e+00,0.000000e+00,0.000000e+00,0.000000e+00,0.000000e+00,0.000000e+00,0.000000e+00,0.000000e+00,0.000000e+00,0.000000e+00,0.000000e+00,0.000000e+00
1.000000e+00,0.000000e+00,0.000000e+00,0.000000e+00,0.000000e+00,0.000000e+00,0.000000e+00,0.000000e+00,0.000000e+00,0.000000e+00,0.000000e+00,0.000000e+00,0.000000e+00,0.000000e+00,0.000000e+00
1.000000e+00,0.000000e+00,0.000000e+00,0.000000e+00,0.000000e+00,0.000000e+00,0.000000e+00,0.000000e+00,0.000000e+00,0.000000e+00,0.000000e+00,0.000000e+00,0.000000e+00,0.000000e+00,0.000000e+00
1.000000e+00,0.000000e+00,0.000000e+00,0.000000e+00,0.000000e+00,0.000000e+00,0.000000e+00,0.000000e+00,0.000000e+00,0.000000e+00,0.000000e+00,0.000000e+00,0.000000e+00,0.000000e+00,0.000000e+00
1.000000e+00,0.000000e+00,0.000000e+00,0.000000e+00,0.000000e+00,0.000000e+00,0.000000e+00,0.000000e+00,0.000000e+00,0.000000e+00,0.000000e+00,0.000000e+00,0.000000e+00,0.000000e+00,0.000000e+00
1.000000e+00,0.000000e+00,0.000000e+00,0.000000e+00,0.000000e+00,0.000000e+00,0.000000e+00,0.000000e+00,0.000000e+00,0.000000e+00,0.000000e+00,0.000000e+00,0.000000e+00,0.000000e+00,0.000000e+00
4.651254e-01,4.758859e-02,3.660244e-02,1.657274e-01,6.499925e-03,1.191028e-02,1.945251e-03,8.139059e-03,2.785346e-02,6.329087e-03,1.727727e-02,1.486493e-02,1.708809e-02,3.578180e-02,1.372671e-01
3.267907e-01,3.366835e-02,2.865999e-02,1.160976e-01,4.649987e-03,8.632254e-03,1.372151e-03,5.739520e-03,2.085322e-02,4.594696e-03,1.223543e-02,1.042885e-02,1.211149e-02,9.490872e-02,3.192571e-01
2.334276e-01,2.383967e-02,2.041835e-02,8.133905e-02,3.334991e-03,7.043792e-03,1.019387e-03,4.076443e-03,2.123031e-02,4.327360e-03,2.121266e-02,1.122390e-02,9.189421e-03,1.301184e-01,4.281988e-01
1.684874e-01,1.692446e-02,1.447588e-02,5.699522e-02,2.408943e-03,5.472508e-03,7.858458e-04,2.879298e-03,2.336232e-02,4.627252e-03,2.641157e-02,9.786149e-03,6.731251e-03,1.791743e-01,4.814776e-01
1.186778e-01,1.222394e-02,1.052603e-02,4.005177e-02,2.203685e-03,4.362534e-03,6.030732e-04,2.038284e-03,2.234064e-02,5.916471e-03,4.321481e-02,8.593562e-03,5.204137e-03,3.259358e-01,3.981075e-01
8.322150e-02,8.622097e-03,7.478463e-03,2.808084e-02,1.654782e-03,3.331034e-03,4.316098e-04,1.439770e-03,1.768421e-02,7.534956e-03,7.982313e-02,8.022401e-03,4.068736e-03,3.405738e-01,4.080327e-01
5.830281e-02,6.062082e-03,5.276746e-03,1.968737e-02,1.303587e-03,2.466802e-03,3.048270e-04,1.018837e-03,1.329360e-02,1.124502e-02,1.234057e-01,8.531492e-03,3.089224e-03,3.561739e-01,3.898380e-01
4.142329e-02,4.273719e-03,3.738608e-03,1.391695e-02,1.104456e-03,1.961539e-03,2.498095e-04,7.360913e-04,1.122333e-02,1.675698e-02,2.596911e-01,9.482351e-03,3.130065e-03,3.272800e-01,3.050316e-01
2.968373e-02,3.060106e-03,2.755644e-03,9.964316e-03,1.867112e-03,1.590124e-03,3.993226e-04,5.357640e-04,1.074245e-02,3.244801e-02,3.522065e-01,8.617471e-03,3.493621e-03,3.194807e-01,2.231551e-01
2.100718e-02,2.187039e-03,1.945363e-03,7.014769e-03,6.087643e-03,1.167364e-03,7.296259e-04,4.140605e-04,1.688929e-02,3.537404e-02,4.748146e-01,6.786018e-03,3.408683e-03,2.623148e-01,1.598595e-01
1.639913e-02,1.571677e-03,1.409634e-03,5.242546e-03,5.034055e-03,1.077034e-03,1.720183e-03,3.846161e-04,1.463340e-02,3.101428e-02,5.872658e-01,7.374375e-03,4.490303e-03,1.992221e-01,1.231609e-01
1.650083e-02,1.210417e-03,1.021590e-03,4.204315e-03,4.624048e-03,1.495193e-03,2.495982e-03,4.569410e-04,1.430462e-02,2.613203e-02,6.395804e-01,1.558155e-02,7.340218e-03,1.580105e-01,1.070414e-01
1.303104e-02,8.911735e-04,7.767549e-04,3.427896e-03,3.720518e-03,2.277596e-03,3.232729e-03,4.542092e-04,1.268678e-02,2.127935e-02,7.111592e-01,1.338195e-02,1.036149e-02,1.217949e-01,8.152447e-02
9.455048e-03,8.189734e-04,7.830973e-04,3.477301e-03,4.675296e-03,2.258197e-03,3.847783e-03,1.161341e-03,2.004354e-02,1.804178e-02,7.451451e-01,1.081640e-02,1.010475e-02,1.021777e-01,6.719373e-02
7.197791e-03,1.066654e-03,1.677373e-03,6.162449e-03,4.977639e-03,2.405421e-03,3.659497e-03,1.291477e-03,1.966498e-02,1.582133e-02,7.588713e-01,1.009008e-02,9.224978e-03,7.687366e-02,8.101532e-02
5.267746e-03,2.478359e-03,1.255902e-02,7.974647e-03,5.047801e-03,2.478001e-03,4.172014e-03,3.079815e-03,2.816130e-02,3.782052e-02,6.939375e-01,1.103928e-02,9.144980e-03,5.718752e-02,1.196514e-01
4.278896e-03,5.573884e-03,2.775985e-02,1.132701e-02,5.091842e-03,4.216770e-03,3.684227e-03,4.621269e-03,4.120878e-02,8.524930e-02,5.814580e-01,1.194908e-02,8.011874e-03,4.297363e-02,1.625956e-01
3.596587e-03,4.786543e-03,2.884166e-02,2.186223e-02,4.909837e-03,4.106425e-03,3.389647e-03,1.423614e-02,4.922146e-02,1.330287e-01,5.436549e-01,1.344671e-02,1.172215e-02,3.324267e-02,1.299544e-01
4.485955e-03,4.854474e-03,3.795617e-02,4.040651e-02,1.082774e-02,5.665932e-03,3.031278e-03,4.687824e-02,6.071682e-02,1.689682e-01,4.548030e-01,1.453561e-02,2.207333e-02,2.797153e-02,9.682524e-02
3.496767e-03,3.438990e-03,3.203184e-02,3.593101e-02,9.223126e-03,4.441331e-03,2.201677e-03,2.870981e-01,4.395977e-02,1.271870e-01,3.283314e-01,1.179683e-02,2.320153e-02,1.984461e-02,6.781614e-02
6.321896e-03,2.789300e-03,5.213792e-02,1.242351e-01,3.909670e-02,8.548722e-03,2.465401e-03,2.549770e-01,4.550268e-02,1.400314e-01,2.353084e-01,8.958099e-03,1.761054e-02,1.423060e-02,4.778627e-02
5.686684e-03,3.439585e-03,5.074216e-02,2.501469e-01,3.888757e-02,1.306047e-02,2.070575e-03,2.254079e-01,6.365302e-02,1.089741e-01,1.718812e-01,7.512399e-03,1.429433e-02,1.007317e-02,3.416995e-02
5.705222e-03,3.109881e-03,4.266882e-02,1.860587e-01,4.189616e-02,1.033732e-02,3.146717e-03,3.905057e-01,6.752145e-02,7.696882e-02,1.236951e-01,5.565123e-03,1.173429e-02,7.133252e-03,2.395341e-02
4.923524e-03,2.268370e-03,3.157111e-02,1.390964e-01,4.566927e-02,7.451295e-03,3.167692e-03,5.204493e-01,6.784908e-02,5.392819e-02,8.809603e-02,3.998722e-03,9.751313e-03,5.008497e-03,1.677115e-02
4.657491e-03,1.691476e-03,2.254034e-02,9.872224e-02,3.658907e-02,5.523967e-03,2.636201e-03,6.539571e-01,4.851772e-02,3.784117e-02,6.210636e-02,2.857405e-03,7.085680e-03,3.517646e-03,1.175608e-02
6.310354e-03,1.488041e-03,1.634518e-02,7.025959e-02,3.546736e-02,4.289848e-03,2.065688e-03,7.403638e-01,3.497436e-02,2.657615e-02,4.375811e-02,2.143515e-03,5.202026e-03,2.491002e-03,8.264917e-03
9.009490e-03,1.389737e-03,1.247201e-02,5.120034e-02,2.897032e-02,4.742623e-03,1.610847e-03,8.020391e-01,2.566769e-02,1.863356e-02,3.089746e-02,1.762153e-03,3.966067e-03,1.789862e-03,5.848732e-03
3.710835e-02,2.111314e-03,9.914200e-03,4.195881e-02,2.175030e-02,5.992962e-03,1.189959e-03,7.456646e-01,2.960722e-02,1.370740e-02,3.644849e-02,2.418346e-02,2.264937e-02,1.925716e-03,5.787915e-03
4.167422e-02,2.008242e-03,7.533692e-03,3.817926e-02,1.593416e-02,1.068344e-02,9.569232e-04,6.092869e-01,2.294208e-02,1.005836e-02,5.024741e-02,9.444919e-02,8.951380e-02,1.770582e-03,4.761793e-03
2.983893e-02,2.024539e-03,6.838060e-03,3.928442e-02,1.143661e-02,1.247881e-02,7.502870e-04,4.383355e-01,1.916438e-02,7.428137e-03,4.283100e-02,2.523927e-01,1.300510e-01,1.569190e-03,5.576374e-03
2.102791e-02,1.765557e-03,8.862723e-03,4.401957e-02,8.633501e-03,1.155305e-02,5.798236e-04,3.072998e-01,1.615756e-02,6.040468e-03,6.044938e-02,3.255098e-01,1.808206e-01,1.401141e-03,5.879275e-03
1.496840e-02,1.499489e-03,7.981122e-03,3.608069e-02,7.197264e-03,1.481070e-02,4.451735e-04,2.160998e-01,1.813936e-02,4.395814e-03,5.877293e-02,4.149578e-01,1.978627e-01,1.315039e-03,5.473820e-03
1.072437e-02,1.166210e-03,6.944509e-03,2.629957e-02,6.451027e-03,1.527058e-02,4.320301e-04,1.521260e-01,2.407227e-02,3.479694e-03,6.116779e-02,4.797648e-01,2.063940e-01,1.293822e-03,4.413405e-03
7.847153e-03,1.484757e-03,7.229908e-03,1.872363e-02,7.078900e-03,1.379087e-02,3.580640e-04,1.070499e-01,3.917958e-02,3.756462e-03,6.230622e-02,5.326396e-01,1.940543e-01,1.254444e-03,3.246299e-03
6.280472e-03,1.393871e-03,5.958362e-03,1.362990e-02,8.200851e-03,1.307524e-02,4.606528e-04,7.521335e-02,3.202325e-02,7.971703e-03,9.547834e-02,5.964067e-01,1.396326e-01,1.578170e-03,2.696604e-03
4.855351e-03,1.044977e-03,4.421614e-03,1.018777e-02,9.569470e-03,1.154207e-02,3.792691e-04,5.297901e-02,2.425566e-02,8.812645e-03,1.152957e-01,6.530631e-01,9.944145e-02,2.117786e-03,2.034212e-03
4.193447e-03,1.501396e-03,3.778355e-03,7.768940e-03,4.659741e-02,8.558244e-03,2.956892e-04,3.768657e-02,2.954974e-02,1.955803e-02,1.100734e-01,6.499389e-01,7.641022e-02,2.527075e-03,1.562539e-03
3.878408e-03,1.250683e-03,2.733532e-03,5.601514e-03,3.952161e-02,6.424726e-03,2.358855e-04,2.658030e-02,2.468467e-02,1.838079e-02,9.192368e-02,7.192374e-01,5.623006e-02,2.172525e-03,1.144150e-03
3.635348e-03,1.123525e-03,2.008564e-03,4.053213e-03,2.969057e-02,4.849818e-03,1.784037e-04,1.880108e-02,1.862578e-02,1.891856e-02,8.103552e-02,7.729047e-01,4.131580e-02,2.013595e-03,8.454547e-04
7.926230e-03,2.968714e-03,2.046195e-03,3.645355e-03,2.606334e-02,4.957127e-03,1.741088e-04,1.391042e-02,1.546745e-02,2.125152e-02,1.084249e-01,7.566764e-01,3.070369e-02,4.788405e-03,9.961249e-04
1.127249e-02,3.309295e-03,1.741425e-03,2.735923e-03,2.021367e-02,4.099109e-03,1.655299e-04,9.879338e-03,1.146297e-02,1.766728e-02,1.774901e-01,7.099296e-01,2.183697e-02,7.210626e-03,9.856659e-04
1.518438e-02,3.746177e-03,2.052493e-03,2.244634e-03,1.494204e-02,3.677597e-03,1.617646e-04,7.193607e-03,8.473016e-03,1.426240e-02,2.172764e-01,6.863837e-01,1.549756e-02,7.992957e-03,9.112206e-04
1.853098e-02,3.817596e-03,2.811097e-03,2.510372e-03,1.284618e-02,3.148273e-03,2.121888e-04,5.956313e-03,7.097958e-03,1.170649e-02,1.985271e-01,7.136354e-01,1.102482e-02,7.298830e-03,8.763074e-04
2.537642e-02,5.167728e-03,4.473347e-03,2.965883e-03,1.130517e-02,2.800384e-03,2.491219e-04,4.947795e-03,6.125823e-03,9.797884e-03,2.249203e-01,6.864156e-01,7.935778e-03,6.616708e-03,9.020672e-04
3.671892e-02,8.365578e-03,1.046375e-02,5.003357e-03,9.909324e-03,3.401157e-03,2.862537e-04,5.679506e-03,6.740085e-03,7.926094e-03,2.327663e-01,6.589453e-01,5.850095e-03,6.612986e-03,1.331288e-03
4.225977e-02,8.253714e-03,1.182076e-02,5.432464e-03,9.383826e-03,4.261230e-03,3.792818e-04,6.472111e-03,9.454133e-03,7.234777e-03,2.000651e-01,6.792260e-01,4.634308e-03,9.657767e-03,1.464756e-03
4.095577e-02,1.170352e-02,3.092973e-02,1.025647e-02,1.364197e-02,4.262741e-03,4.858005e-04,4.458463e-02,1.043266e-02,7.239703e-03,1.726648e-01,6.385747e-01,3.550248e-03,9.271625e-03,1.445730e-03
3.074610e-02,1.157195e-02,4.303811e-02,1.252446e-02,1.894822e-02,6.306289e-03,2.474640e-03,1.028142e-01,1.831116e-02,6.705455e-03,1.830059e-01,5.480681e-01,2.765800e-03,1.080473e-02,1.915059e-03
2.485588e-02,1.167635e-02,4.677571e-02,1.511422e-02,2.758719e-02,8.278022e-03,2.259750e-03,1.302600e-01,3.299576e-02,6.069231e-03,1.921973e-01,4.826337e-01,2.161650e-03,1.517515e-02,1.960191e-03
2.778920e-02,8.835063e-03,1.391188e-01,4.160583e-02,2.081101e-02,1.394866e-02,4.486539e-03,1.766221e-01,3.119713e-02,6.782815e-03,1.572482e-01,3.556274e-01,1.726574e-03,1.248456e-02,1.716202e-03
5.337516e-02,1.165128e-02,1.568640e-01,6.976035e-02,9.100698e-02,2.122685e-02,4.546601e-03,1.400167e-01,4.032157e-02,6.756637e-03,1.391154e-01,2.525282e-01,1.677672e-03,9.500893e-03,1.651702e-03
6.075701e-02,1.312999e-02,1.323232e-01,5.891446e-02,1.269446e-01,4.044777e-02,4.074923e-03,1.057976e-01,7.753597e-02,8.713964e-03,1.773406e-01,1.800571e-01,1.665831e-03,1.000709e-02,2.289862e-03
5.857488e-02,1.749904e-02,1.134227e-01,5.616762e-02,2.047039e-01,4.989825e-02,3.960778e-03,9.197497e-02,9.350165e-02,7.436910e-03,1.608328e-01,1.282118e-01,2.106819e-03,9.539748e-03,2.168135e-03
5.416454e-02,1.670972e-02,1.739299e-01,8.253144e-02,2.329145e-01,5.510157e-02,3.487826e-03,6.621582e-02,8.005135e-02,6.177003e-03,1.268545e-01,9.055443e-02,1.849453e-03,7.542360e-03,1.915563e-03
6.355169e-02,1.248288e-02,2.985173e-01,8.946021e-02,1.999234e-01,5.548364e-02,2.643015e-03,4.687327e-02,5.768116e-02,6.042958e-03,9.230345e-02,6.565116e-02,1.546491e-03,6.258895e-03,1.580482e-03
7.376884e-02,1.570895e-02,2.308351e-01,8.417526e-02,3.293157e-01,4.772341e-02,3.724658e-03,3.343650e-02,4.574214e-02,4.836816e-03,7.208274e-02,4.761555e-02,2.268030e-03,7.092508e-03,1.673782e-03
8.240834e-02,1.887559e-02,1.864784e-01,8.219045e-02,3.989543e-01,5.689026e-02,3.335836e-03,2.376610e-02,3.848808e-02,3.895278e-03,5.395172e-02,3.429463e-02,2.280566e-03,1.221938e-02,1.971039e-03
7.931689e-02,3.078812e-02,1.538077e-01,6.529310e-02,4.811032e-01,4.958300e-02,5.281992e-03,1.770889e-02,3.158553e-02,3.355454e-03,3.993718e-02,2.472897e-02,2.434399e-03,1.329158e-02,1.784096e-03
6.113245e-02,2.406678e-02,1.102884e-01,4.658347e-02,6.195157e-01,3.612742e-02,4.098128e-03,1.483058e-02,2.224109e-02,2.378593e-03,2.850778e-02,1.747169e-02,2.047435e-03,9.400355e-03,1.310184e-03
5.055080e-02,1.718652e-02,7.791328e-02,3.306711e-02,7.125129e-01,2.855495e-02,2.959314e-03,1.134135e-02,1.573643e-02,1.844290e-03,2.541805e-02,1.245181e-02,1.770156e-03,7.365050e-03,1.328010e-03
8.955672e-02,1.244300e-02,5.567038e-02,2.369661e-02,7.277417e-01,2.184774e-02,2.221608e-03,9.439302e-03,1.308338e-02,1.484458e-03,2.319742e-02,9.220776e-03,1.620479e-03,6.095085e-03,2.681396e-03
1.323838e-01,9.119129e-03,4.221794e-02,1.808487e-02,7.177117e-01,1.603101e-02,1.639039e-03,8.518704e-03,1.166031e-02,1.388278e-03,2.331492e-02,6.897442e-03,1.482306e-03,5.129430e-03,4.421115e-03
1.308881e-01,6.637950e-03,3.281473e-02,1.448261e-02,7.521667e-01,1.173978e-02,1.257674e-03,6.637075e-03,8.751505e-03,1.092160e-03,1.878199e-02,5.230685e-03,1.293459e-03,3.919764e-03,4.305792e-03
1.468147e-01,5.559413e-03,3.270688e-02,1.396495e-02,7.454612e-01,9.105715e-03,1.119262e-03,5.946619e-03,6.982614e-03,1.077676e-03,1.675632e-02,4.167693e-03,1.318066e-03,3.355925e-03,5.663077e-03
2.125630e-01,5.737000e-03,2.928864e-02,1.823359e-02,6.750978e-01,7.877072e-03,1.255237e-03,6.896715e-03,6.633176e-03,1.646105e-03,1.619463e-02,4.452594e-03,1.933130e-03,3.245807e-03,8.945558e-03
2.551497e-01,5.372958e-03,2.364251e-02,1.617418e-02,6.435014e-01,6.760567e-03,1.235632e-03,7.898743e-03,5.631631e-03,1.908722e-03,1.326131e-02,4.866596e-03,2.301767e-03,3.056023e-03,9.238328e-03
3.227092e-01,6.032571e-03,2.079495e-02,1.448651e-02,5.726119e-01,7.587607e-03,1.265176e-03,8.840382e-03,5.171962e-03,2.814207e-03,1.254079e-02,5.340400e-03,2.712378e-03,3.966123e-03,1.312593e-02
3.094166e-01,1.028379e-02,1.906815e-02,1.500170e-02,4.220498e-01,1.971749e-02,1.061821e-03,7.530094e-03,1.634159e-02,1.087466e-02,1.360045e-02,6.997360e-03,4.564344e-03,3.648926e-02,1.070029e-01
2.424737e-01,9.782371e-03,1.662367e-02,1.315726e-02,2.999366e-01,3.394793e-02,9.429555e-04,5.735992e-03,3.752660e-02,1.412440e-02,1.263251e-02,7.937925e-03,8.138677e-03,1.315520e-01,1.654874e-01
2.232753e-01,9.105409e-03,1.262578e-02,9.772093e-03,2.108048e-01,4.163137e-02,1.322948e-03,4.749079e-03,7.289972e-02,1.714693e-02,1.304646e-02,8.023228e-03,1.588617e-02,1.793272e-01,1.803834e-01
2.053085e-01,9.584122e-03,9.578760e-03,7.382153e-03,1.480039e-01,3.971320e-02,4.465627e-03,4.612836e-03,6.107975e-02,1.818095e-02,1.184043e-02,7.413807e-03,1.857970e-02,2.689613e-01,1.852950e-01
2.244251e-01,1.039697e-02,1.073405e-02,7.639512e-03,1.045590e-01,4.600411e-02,5.953700e-03,5.158286e-03,5.208715e-02,1.715837e-02,1.182882e-02,7.217417e-03,2.908163e-02,2.232244e-01,2.445314e-01
2.645679e-01,1.430689e-02,2.825579e-02,2.115366e-02,7.565309e-02,4.671573e-02,4.999251e-03,4.482695e-03,5.004299e-02,1.578078e-02,1.070403e-02,5.864254e-03,2.539570e-02,1.834290e-01,2.486482e-01
3.418019e-01,1.607242e-02,2.285657e-02,1.916505e-02,6.061277e-02,4.396985e-02,4.739151e-03,3.899748e-03,6.668863e-02,1.570461e-02,9.657111e-03,6.270104e-03,3.084896e-02,1.406493e-01,2.170638e-01
3.190107e-01,6.160665e-02,1.730751e-02,1.778163e-02,4.467781e-02,3.594951e-02,4.415906e-03,3.616228e-03,7.336887e-02,1.421384e-02,9.737951e-03,6.113753e-03,3.421804e-02,1.167983e-01,2.411834e-01
3.776104e-01,6.766313e-02,1.769345e-02,2.005263e-02,3.758287e-02,3.931763e-02,4.504048e-03,4.706087e-03,7.686294e-02,1.118454e-02,1.214588e-02,7.933208e-03,3.338865e-02,9.438653e-02,1.949680e-01
3.759318e-01,8.875991e-02,1.912867e-02,2.053402e-02,2.826783e-02,4.372344e-02,3.671015e-03,5.091007e-03,1.027376e-01,1.077565e-02,1.864799e-02,9.282248e-03,2.880313e-02,7.764840e-02,1.669973e-01
3.974404e-01,9.249032e-02,3.770998e-02,3.731294e-02,2.156335e-02,4.419922e-02,3.601348e-03,5.961003e-03,1.085624e-01,9.459579e-03,1.710656e-02,1.084368e-02,2.223467e-02,5.730328e-02,1.342112e-01
4.895145e-01,8.642065e-02,2.994001e-02,3.093639e-02,1.721652e-02,3.831048e-02,3.102033e-03,5.979815e-03,8.187765e-02,7.958205e-03,2.124692e-02,1.384068e-02,2.438370e-02,4.404924e-02,1.052232e-01
1.000000e+00,0.000000e+00,0.000000e+00,0.000000e+00,0.000000e+00,0.000000e+00,0.000000e+00,0.000000e+00,0.000000e+00,0.000000e+00,0.000000e+00,0.000000e+00,0.000000e+00,0.000000e+00,0.000000e+00
1.000000e+00,0.000000e+00,0.000000e+00,0.000000e+00,0.000000e+00,0.000000e+00,0.000000e+00,0.000000e+00,0.000000e+00,0.000000e+00,0.000000e+00,0.000000e+00,0.000000e+00,0.000000e+00,0.000000e+00
1.000000e+00,0.000000e+00,0.000000e+00,0.000000e+00,0.000000e+00,0.000000e+00,0.000000e+00,0.000000e+00,0.000000e+00,0.000000e+00,0.000000e+00,0.000000e+00,0.000000e+00,0.000000e+00,0.000000e+00
1.000000e+00,0.000000e+00,0.000000e+00,0.000000e+00,0.000000e+00,0.000000e+00,0.000000e+00,0.000000e+00,0.000000e+00,0.000000e+00,0.000000e+00,0.000000e+00,0.000000e+00,0.000000e+00,0.000000e+00
1.000000e+00,0.000000e+00,0.000000e+00,0.000000e+00,0.000000e+00,0.000000e+00,0.000000e+00,0.000000e+00,0.000000e+00,0.000000e+00,0.000000e+00,0.000000e+00,0.000000e+00,0.000000e+00,0.000000e+00
4.161507e-01,1.324805e-01,8.144280e-03,6.075960e-02,2.382749e-02,2.230098e-02,5.415084e-03,2.799322e-02,1.426751e-01,5.901899e-03,3.447126e-02,1.543292e-02,5.783841e-02,1.415988e-02,3.244874e-02
3.334902e-01,1.288405e-01,6.579965e-03,8.255407e-02,1.905458e-02,1.953455e-02,4.045702e-03,2.180547e-02,2.123843e-01,5.810270e-03,3.643724e-02,1.710828e-02,6.025207e-02,1.189058e-02,4.021227e-02
2.865069e-01,1.291288e-01,5.287897e-03,9.792013e-02,1.797489e-02,1.891435e-02,3.266601e-03,1.726791e-02,2.366905e-01,6.528396e-03,3.486975e-02,1.707168e-02,6.868093e-02,1.017566e-02,4.971556e-02
2.772359e-01,1.211610e-01,4.515618e-03,9.381861e-02,2.825423e-02,2.180334e-02,3.331892e-03,1.653671e-02,2.327345e-01,6.345049e-03,3.054504e-02,1.614164e-02,8.529853e-02,8.576756e-03,5.370116e-02
2.823147e-01,1.098836e-01,4.179647e-03,8.753444e-02,5.623233e-02,3.505307e-02,4.369455e-03,1.799509e-02,2.064306e-01,5.501029e-03,2.454729e-02,1.383695e-02,8.476181e-02,6.657328e-03,6.070257e-02
2.119202e-01,1.095905e-01,6.905795e-03,2.100645e-01,4.819102e-02,2.733724e-02,3.365442e-03,1.527474e-02,1.662536e-01,5.765460e-03,1.935800e-02,1.128521e-02,6.037807e-02,5.067254e-03,9.924284e-02
1.827112e-01,8.890723e-02,1.377300e-02,2.862645e-01,6.423848e-02,3.465807e-02,2.901161e-03,2.856348e-02,1.350809e-01,5.249911e-03,1.481695e-02,9.058033e-03,4.382405e-02,3.740795e-03,8.621226e-02
1.781756e-01,8.844694e-02,1.178654e-02,2.320871e-01,7.687657e-02,9.608881e-02,3.377695e-03,3.888919e-02,1.276950e-01,4.584232e-03,1.127213e-02,6.952435e-03,3.392505e-02,2.990943e-03,8.685181e-02
1.735167e-01,9.947650e-02,2.427045e-02,2.190253e-01,9.085035e-02,1.101616e-01,4.676032e-03,4.674775e-02,1.091139e-01,5.280495e-03,8.981274e-03,5.749508e-03,2.496656e-02,2.466673e-03,7.471691e-02
1.848489e-01,1.004999e-01,2.453471e-02,1.915435e-01,9.023266e-02,1.413153e-01,4.635994e-03,4.405476e-02,1.109831e-01,5.723252e-03,7.412876e-03,5.682302e-03,2.070427e-02,2.342236e-03,6.548633e-02
2.158376e-01,9.249371e-02,1.116370e-01,1.679068e-01,7.420325e-02,1.067000e-01,4.439808e-03,3.927483e-02,9.634815e-02,5.816052e-03,6.278492e-03,6.800018e-03,1.715143e-02,2.245302e-03,5.286751e-02
2.952233e-01,8.344238e-02,1.262889e-01,1.545432e-01,6.497677e-02,8.117498e-02,4.869921e-03,3.300820e-02,8.019912e-02,4.791821e-03,5.665169e-03,6.982691e-03,1.588584e-02,2.180441e-03,4.076724e-02
3.558290e-01,7.341300e-02,1.100530e-01,1.282693e-01,7.558469e-02,7.286184e-02,5.260439e-03,2.884377e-02,8.123475e-02,3.901114e-03,4.897325e-03,6.456476e-03,1.570700e-02,2.211801e-03,3.547654e-02
4.499519e-01,6.087318e-02,9.050592e-02,1.171113e-01,6.409232e-02,5.590142e-02,5.754112e-03,2.885604e-02,6.209232e-02,3.639061e-03,5.536875e-03,9.228560e-03,1.402790e-02,2.641704e-03,2.978739e-02
1.000000e+00,0.000000e+00,0.000000e+00,0.000000e+00,0.000000e+00,0.000000e+00,0.000000e+00,0.000000e+00,0.000000e+00,0.000000e+00,0.000000e+00,0.000000e+00,0.000000e+00,0.000000e+00,0.000000e+00
4.953409e-01,4.391233e-02,6.756068e-02,7.267641e-02,6.655248e-02,3.331292e-02,6.529950e-03,1.339009e-01,3.571992e-02,2.304426e-03,4.118179e-03,7.105323e-03,9.992382e-03,2.267860e-03,1.870544e-02
1.000000e+00,0.000000e+00,0.000000e+00,0.000000e+00,0.000000e+00,0.000000e+00,0.000000e+00,0.000000e+00,0.000000e+00,0.000000e+00,0.000000e+00,0.000000e+00,0.000000e+00,0.000000e+00,0.000000e+00
1.000000e+00,0.000000e+00,0.000000e+00,0.000000e+00,0.000000e+00,0.000000e+00,0.000000e+00,0.000000e+00,0.000000e+00,0.000000e+00,0.000000e+00,0.000000e+00,0.000000e+00,0.000000e+00,0.000000e+00
1.000000e+00,0.000000e+00,0.000000e+00,0.000000e+00,0.000000e+00,0.000000e+00,0.000000e+00,0.000000e+00,0.000000e+00,0.000000e+00,0.000000e+00,0.000000e+00,0.000000e+00,0.000000e+00,0.000000e+00
1.000000e+00,0.000000e+00,0.000000e+00,0.000000e+00,0.000000e+00,0.000000e+00,0.000000e+00,0.000000e+00,0.000000e+00,0.000000e+00,0.000000e+00,0.000000e+00,0.000000e+00,0.000000e+00,0.000000e+00
1.000000e+00,0.000000e+00,0.000000e+00,0.000000e+00,0.000000e+00,0.000000e+00,0.000000e+00,0.000000e+00,0.000000e+00,0.000000e+00,0.000000e+00,0.000000e+00,0.000000e+00,0.000000e+00,0.000000e+00
1.000000e+00,0.000000e+00,0.000000e+00,0.000000e+00,0.000000e+00,0.000000e+00,0.000000e+00,0.000000e+00,0.000000e+00,0.000000e+00,0.000000e+00,0.000000e+00,0.000000e+00,0.000000e+00,0.000000e+00
1.000000e+00,0.000000e+00,0.000000e+00,0.000000e+00,0.000000e+00,0.000000e+00,0.000000e+00,0.000000e+00,0.000000e+00,0.000000e+00,0.000000e+00,0.000000e+00,0.000000e+00,0.000000e+00,0.000000e+00
1.000000e+00,0.000000e+00,0.000000e+00,0.000000e+00,0.000000e+00,0.000000e+00,0.000000e+00,0.000000e+00,0.000000e+00,0.000000e+00,0.000000e+00,0.000000e+00,0.000000e+00,0.000000e+00,0.000000e+00
1.000000e+00,0.000000e+00,0.000000e+00,0.000000e+00,0.000000e+00,0.000000e+00,0.000000e+00,0.000000e+00,0.000000e+00,0.000000e+00,0.000000e+00,0.000000e+00,0.000000e+00,0.000000e+00,0.000000e+00
1.000000e+00,0.000000e+00,0.000000e+00,0.000000e+00,0.000000e+00,0.000000e+00,0.000000e+00,0.000000e+00,0.000000e+00,0.000000e+00,0.000000e+00,0.000000e+00,0.000000e+00,0.000000e+00,0.000000e+00
1.000000e+00,0.000000e+00,0.000000e+00,0.000000e+00,0.000000e+00,0.000000e+00,0.000000e+00,0.000000e+00,0.000000e+00,0.000000e+00,0.000000e+00,0.000000e+00,0.000000e+00,0.000000e+00,0.000000e+00
1.000000e+00,0.000000e+00,0.000000e+00,0.000000e+00,0.000000e+00,0.000000e+00,0.000000e+00,0.000000e+00,0.000000e+00,0.000000e+00,0.000000e+00,0.000000e+00,0.000000e+00,0.000000e+00,0.000000e+00
1.000000e+00,0.000000e+00,0.000000e+00,0.000000e+00,0.000000e+00,0.000000e+00,0.000000e+00,0.000000e+00,0.000000e+00,0.000000e+00,0.000000e+00,0.000000e+00,0.000000e+00,0.000000e+00,0.000000e+00
1.000000e+00,0.000000e+00,0.000000e+00,0.000000e+00,0.000000e+00,0.000000e+00,0.000000e+00,0.000000e+00,0.000000e+00,0.000000e+00,0.000000e+00,0.000000e+00,0.000000e+00,0.000000e+00,0.000000e+00
4.386790e-01,7.712442e-03,6.495255e-03,1.646676e-02,8.842752e-03,4.118857e-02,6.945628e-03,4.266714e-02,9.064930e-03,2.066077e-03,5.524746e-03,1.685455e-02,3.859369e-01,1.530787e-03,1.002445e-02
3.489468e-01,6.881634e-03,4.918471e-03,1.225695e-02,9.052295e-03,3.130936e-02,5.801648e-03,3.235810e-02,8.522969e-03,1.970407e-03,5.500487e-03,1.442429e-02,5.078592e-01,1.155723e-03,9.041715e-03
2.890984e-01,6.831760e-03,3.854457e-03,9.076983e-03,8.555401e-03,2.536500e-02,4.697916e-03,2.451192e-02,8.486480e-03,1.732595e-03,6.072019e-03,1.504289e-02,5.875320e-01,9.227709e-04,8.219444e-03
2.210384e-01,6.316849e-03,3.433369e-03,6.444319e-03,7.068203e-03,1.871910e-02,3.964253e-03,1.790892e-02,7.959517e-03,1.474186e-03,5.886168e-03,2.103729e-02,6.675632e-01,9.344281e-04,1.025183e-02
1.749420e-01,5.181766e-03,3.082339e-03,4.790988e-03,5.976479e-03,1.549358e-02,4.128224e-03,1.324530e-02,7.602211e-03,1.244553e-03,5.934841e-03,2.008661e-02,7.274419e-01,9.649721e-04,9.884221e-03
1.347452e-01,3.855640e-03,2.522938e-03,3.514673e-03,6.397601e-03,1.287432e-02,3.246519e-03,9.647507e-03,6.389715e-03,1.015372e-03,5.484388e-03,1.888178e-02,7.813866e-01,9.442649e-04,9.093503e-03
1.023544e-01,2.990133e-03,1.891545e-03,2.579639e-03,6.307827e-03,1.048107e-02,2.465856e-03,7.064086e-03,5.913376e-03,1.003609e-03,5.409186e-03,1.991199e-02,8.216152e-01,1.438249e-03,8.573810e-03
8.365051e-02,2.389312e-03,1.418803e-03,2.021910e-03,5.261754e-03,1.006968e-02,1.939317e-03,5.231405e-03,5.958284e-03,1.321519e-03,7.702933e-03,4.680265e-02,8.172240e-01,2.019523e-03,6.988395e-03
7.661211e-02,3.355925e-03,1.589202e-03,1.970072e-03,6.332876e-03,2.119464e-02,2.296928e-03,4.677023e-03,1.241018e-02,1.910426e-03,9.972207e-03,5.177851e-02,7.980703e-01,1.955708e-03,5.873909e-03
6.734443e-02,2.635862e-03,1.970287e-03,1.990992e-03,1.109763e-02,3.391794e-02,2.238074e-03,4.633125e-03,1.180160e-02,1.833983e-03,2.007503e-02,4.508595e-02,7.882065e-01,1.704359e-03,5.464166e-03
5.571021e-02,1.238029e-02,3.218267e-03,1.832695e-03,1.151777e-02,1.579647e-01,1.672807e-03,3.550670e-03,2.856068e-02,1.453615e-03,1.761928e-02,3.412027e-02,6.646702e-01,1.479058e-03,4.249425e-03
4.907229e-02,9.882507e-03,8.984786e-03,3.140009e-03,1.666879e-02,1.840857e-01,1.956038e-03,7.462354e-03,2.629973e-02,1.188320e-03,1.554755e-02,2.465263e-02,6.458779e-01,1.207958e-03,3.973410e-03
4.119565e-02,1.061534e-02,8.329513e-03,3.142320e-03,1.548298e-02,3.055425e-01,1.779842e-03,6.804513e-03,3.333364e-02,9.723008e-04,1.178609e-02,1.755543e-02,5.390710e-01,9.194338e-04,3.469444e-03
3.413712e-02,1.034307e-02,7.179448e-03,2.831301e-03,1.397345e-02,3.347594e-01,2.335409e-03,5.716195e-03,3.604777e-02,7.677751e-04,8.407305e-03,1.325808e-02,5.263290e-01,7.194582e-04,3.195176e-03
2.854117e-02,9.167419e-03,5.445192e-03,2.519147e-03,1.170627e-02,3.888964e-01,2.707095e-03,4.326757e-03,3.158786e-02,6.464767e-04,6.028720e-03,1.008442e-02,4.951214e-01,5.737273e-04,2.647905e-03
3.372954e-02,9.299346e-03,4.490190e-03,3.670026e-03,1.201103e-02,4.746071e-01,5.448979e-03,6.931338e-03,3.042934e-02,1.035003e-03,4.392073e-03,7.557741e-03,4.024376e-01,5.955488e-04,3.365061e-03
5.013772e-02,9.875522e-03,4.076028e-03,5.343389e-03,1.674865e-02,4.496185e-01,7.435685e-03,1.215128e-02,3.576536e-02,8.903418e-04,3.255590e-03,5.772557e-03,3.938639e-01,6.685627e-04,4.396881e-03
5.864777e-02,9.503268e-03,2.934854e-03,4.165467e-03,1.609287e-02,5.114293e-01,7.916266e-03,1.044060e-02,3.932749e-02,7.072283e-04,2.398554e-03,4.272730e-03,3.281682e-01,5.578352e-04,3.437501e-03
8.548918e-02,9.792743e-03,2.825401e-03,1.498532e-02,1.924925e-02,4.625498e-01,7.718859e-03,1.339697e-02,5.250436e-02,5.666137e-04,1.977768e-03,3.589816e-03,3.218697e-01,4.623196e-04,3.021812e-03
1.408255e-01,8.925412e-03,7.318678e-03,4.239106e-02,1.776167e-02,4.308385e-01,6.362296e-03,1.591631e-02,4.779969e-02,6.327674e-04,2.088174e-03,2.928954e-03,2.725621e-01,4.156465e-04,3.233370e-03
2.034169e-01,7.649194e-03,3.486057e-02,7.467247e-02,1.526411e-02,3.536741e-01,4.820104e-03,1.518506e-02,3.665853e-02,9.717928e-04,2.662414e-03,2.997987e-03,2.424894e-01,3.646072e-04,4.312768e-03
2.549995e-01,6.263446e-03,9.799443e-02,1.248579e-01,1.258678e-02,2.559511e-01,3.562777e-03,2.007935e-02,2.666508e-02,7.902221e-04,2.894899e-03,2.600901e-03,1.863502e-01,4.550127e-04,3.948404e-03
3.370636e-01,4.838284e-03,9.671669e-02,1.510586e-01,1.053588e-02,1.895818e-01,2.833435e-03,4.196036e-02,2.053718e-02,6.024656e-04,3.169692e-03,2.273289e-03,1.349371e-01,6.223937e-04,3.269185e-03
2.902622e-01,3.673934e-03,1.218489e-01,2.601106e-01,7.966104e-03,1.334071e-01,2.184144e-03,6.220829e-02,1.508728e-02,5.533370e-04,2.578978e-03,1.860036e-03,9.505730e-02,5.871091e-04,2.614675e-03
3.147686e-01,2.977235e-03,1.335200e-01,2.619949e-01,6.528785e-03,9.397179e-02,1.774910e-03,1.000107e-01,1.125195e-02,4.241796e-04,2.051177e-03,1.419389e-03,6.672949e-02,5.613145e-04,2.015459e-03
3.578733e-01,3.682019e-03,1.241728e-01,2.261550e-01,5.707154e-03,6.722206e-02,1.959767e-03,1.492218e-01,1.010797e-02,4.519079e-04,1.813529e-03,1.367033e-03,4.733103e-02,6.984536e-04,2.236185e-03
3.859972e-01,3.988457e-03,1.169910e-01,2.240927e-01,6.906181e-03,5.506894e-02,2.781406e-03,1.513164e-01,8.971130e-03,5.684288e-04,1.741603e-03,1.846378e-03,3.555870e-02,9.740249e-04,3.197379e-03
4.262821e-01,5.292371e-03,1.053301e-01,1.921538e-01,6.870835e-03,7.564893e-02,2.703511e-03,1.200344e-01,8.913450e-03,2.008038e-03,2.722594e-03,4.451303e-03,3.396684e-02,2.064390e-03,1.155732e-02
4.338264e-01,8.506960e-03,1.138030e-01,1.553988e-01,8.500283e-03,7.846490e-02,3.499428e-03,1.145077e-01,7.898875e-03,3.330903e-03,3.925778e-03,1.334612e-02,3.961714e-02,2.708041e-03,1.266564e-02
4.927847e-01,8.657131e-03,9.322374e-02,1.263111e-01,1.249275e-02,6.310368e-02,4.653856e-03,1.218398e-01,8.018545e-03,3.227734e-03,3.838986e-03,1.358202e-02,3.378658e-02,2.443015e-03,1.203637e-02
4.743968e-01,1.937525e-02,7.868057e-02,1.059980e-01,1.471108e-02,6.667715e-02,6.815807e-03,9.080025e-02,1.341071e-02,6.177637e-03,6.117030e-03,2.799425e-02,6.745842e-02,2.735889e-03,1.865121e-02
4.732485e-01,2.018913e-02,7.167388e-02,9.678154e-02,1.349841e-02,5.514776e-02,6.341649e-03,6.614064e-02,2.007918e-02,9.176780e-03,8.665262e-03,6.593870e-02,6.410752e-02,3.840524e-03,2.517060e-02
1.000000e+00,0.000000e+00,0.000000e+00,0.000000e+00,0.000000e+00,0.000000e+00,0.000000e+00,0.000000e+00,0.000000e+00,0.000000e+00,0.000000e+00,0.000000e+00,0.000000e+00,0.000000e+00,0.000000e+00
4.827994e-01,2.358539e-02,4.334830e-02,5.686710e-02,1.072028e-02,3.292453e-02,6.112415e-03,3.727139e-02,2.797100e-02,8.454780e-03,8.512324e-03,7.634037e-02,1.440652e-01,4.887021e-03,3.614055e-02
4.836603e-01,2.372865e-02,3.186519e-02,4.197897e-02,8.855772e-03,3.014025e-02,5.137426e-03,2.736074e-02,2.811524e-02,6.485166e-03,1.027845e-02,6.814315e-02,1.889999e-01,5.222599e-03,4.002831e-02
4.732089e-01,2.849227e-02,2.482617e-02,3.084476e-02,7.414230e-03,2.393002e-02,5.288136e-03,2.083990e-02,2.831870e-02,6.212858e-03,9.196527e-03,6.475325e-02,2.343166e-01,5.666743e-03,3.669098e-02
4.685026e-01,2.640761e-02,2.228889e-02,2.602402e-02,7.366526e-03,2.474313e-02,4.988580e-03,1.569884e-02,2.657263e-02,6.835524e-03,8.582712e-03,6.615530e-02,2.611040e-01,5.104372e-03,2.962525e-02
4.272227e-01,2.351465e-02,1.696262e-02,1.945672e-02,6.180800e-03,2.421559e-02,4.413766e-03,1.203013e-02,2.487586e-02,7.144356e-03,9.751222e-03,9.999925e-02,2.938274e-01,6.111920e-03,2.429314e-02
3.857460e-01,2.106538e-02,1.440463e-02,1.462147e-02,8.127674e-03,2.232802e-02,4.100668e-03,9.900612e-03,2.313506e-02,6.773015e-03,8.646066e-03,1.144971e-01,3.423028e-01,4.924287e-03,1.942727e-02
3.313024e-01,2.234281e-02,1.276371e-02,1.069667e-02,7.676510e-03,1.774667e-02,4.339539e-03,8.374678e-03,2.293850e-02,5.897769e-03,7.333614e-03,1.175696e-01,4.104910e-01,4.808404e-03,1.571830e-02
2.744078e-01,1.659333e-02,9.793193e-03,7.824406e-03,6.535992e-03,2.114391e-02,3.443546e-03,6.529530e-03,2.137834e-02,6.227531e-03,8.733572e-03,1.196371e-01,4.801070e-01,5.572143e-03,1.207264e-02
2.367780e-01,1.184698e-02,7.309873e-03,6.525316e-03,7.128684e-03,3.462189e-02,3.483084e-03,6.633477e-03,2.421078e-02,8.230755e-03,2.216053e-02,1.510361e-01,4.502363e-01,5.329479e-03,2.446888e-02
2.430209e-01,8.660221e-03,6.130552e-03,7.267541e-03,1.088742e-02,3.853855e-02,5.323133e-03,6.171603e-03,2.451091e-02,1.594590e-02,2.567713e-02,1.334723e-01,3.811162e-01,7.084623e-03,8.619304e-02
2.034277e-01,6.220970e-03,5.778436e-03,9.220211e-03,1.520991e-02,3.565791e-02,5.642754e-03,9.718206e-03,2.344339e-02,1.681501e-02,3.026822e-02,1.076379e-01,3.670892e-01,6.329777e-03,1.575404e-01
1.446601e-01,4.402571e-03,4.469966e-03,9.193378e-03,1.684686e-02,2.747387e-02,4.720990e-03,7.562210e-03,1.908132e-02,1.325209e-02,2.982368e-02,9.843616e-02,4.234951e-01,4.847792e-03,1.917339e-01
1.069164e-01,3.213481e-03,7.005968e-03,7.261273e-03,2.687243e-02,2.005962e-02,6.301261e-03,6.455237e-03,1.681662e-02,1.181695e-02,2.690024e-02,9.698331e-02,4.710352e-01,3.798047e-03,1.885639e-01
8.776334e-02,2.548415e-03,1.777520e-02,7.657602e-03,5.217501e-02,1.634534e-02,1.052190e-02,1.313241e-02,1.618364e-02,1.124232e-02,2.408712e-02,7.629123e-02,4.401578e-01,2.843349e-03,2.212753e-01
6.985071e-02,2.577306e-03,2.474603e-02,8.361164e-03,1.014506e-01,1.818517e-02,1.912215e-02,2.245591e-02,2.191284e-02,9.415048e-03,3.241972e-02,6.223884e-02,3.991849e-01,2.375094e-03,2.057045e-01
5.848353e-02,2.581481e-03,3.079593e-02,1.430442e-02,1.113605e-01,2.024612e-02,1.926863e-02,9.541161e-02,4.012071e-02,7.314565e-03,3.369556e-02,5.374275e-02,3.563564e-01,2.042039e-03,1.542758e-01
6.582201e-02,2.970954e-03,2.947997e-02,1.237910e-02,1.267890e-01,2.024168e-02,3.143233e-02,1.561511e-01,3.722678e-02,5.984311e-03,3.253594e-02,4.423659e-02,2.835944e-01,1.724834e-03,1.494310e-01
1.729646e-01,4.182651e-03,3.335586e-02,1.060647e-02,1.116153e-01,4.031752e-02,4.700046e-02,1.617647e-01,3.782407e-02,4.700104e-03,2.401122e-02,3.360678e-02,2.069250e-01,1.422138e-03,1.097031e-01
1.881624e-01,4.697771e-03,2.918689e-02,9.485043e-03,8.390912e-02,7.397474e-02,1.174249e-01,1.663949e-01,3.198169e-02,3.592537e-03,1.747343e-02,2.637519e-02,1.679280e-01,1.077452e-03,7.833586e-02
1.830572e-01,3.724532e-03,2.336867e-02,7.302232e-03,6.434091e-02,5.890154e-02,2.693599e-01,1.518969e-01,2.446353e-02,2.670158e-03,1.259165e-02,2.081969e-02,1.211085e-01,8.366984e-04,5.555791e-02
1.715286e-01,3.070617e-03,1.833032e-02,5.635556e-03,4.640945e-02,5.292948e-02,3.841624e-01,1.413355e-01,1.872700e-02,1.954245e-03,9.102394e-03,1.751438e-02,8.832968e-02,6.285256e-04,4.034176e-02
1.467738e-01,2.399177e-03,1.378992e-02,4.176244e-03,3.369290e-02,4.336623e-02,5.003562e-01,1.256278e-01,1.379299e-02,1.433826e-03,6.592565e-03,1.407427e-02,6.438895e-02,4.732440e-04,2.906189e-02
1.214246e-01,1.821090e-03,1.026539e-02,3.033940e-03,2.496591e-02,3.677886e-02,5.830110e-01,1.228692e-01,9.809376e-03,1.030584e-03,4.712727e-03,1.124231e-02,4.799703e-02,3.580781e-04,2.067989e-02
9.003308e-02,1.303429e-03,7.362685e-03,2.170360e-03,1.773378e-02,2.817861e-02,6.239812e-01,1.600034e-01,6.940970e-03,7.280025e-04,3.334567e-03,8.118794e-03,3.530367e-02,2.575502e-04,1.454987e-02
6.807654e-02,9.450735e-04,5.356130e-03,1.559534e-03,1.319571e-02,2.702952e-02,6.715830e-01,1.583603e-01,4.949733e-03,5.219032e-04,2.422728e-03,6.280035e-03,2.922014e-02,1.909367e-04,1.030874e-02
5.392634e-02,7.560225e-04,4.035510e-03,1.188077e-03,1.082784e-02,2.041246e-02,6.966704e-01,1.683271e-01,4.064265e-03,3.888912e-04,1.826603e-03,4.703606e-03,2.536650e-02,1.558643e-04,7.350521e-03
4.957133e-02,7.680532e-04,3.398110e-03,1.017585e-03,8.649722e-03,1.632489e-02,6.745363e-01,2.058946e-01,4.031669e-03,3.480540e-04,1.501393e-03,3.913498e-03,2.444370e-02,1.595664e-04,5.441478e-03
5.038847e-02,8.256426e-04,3.560803e-03,1.058708e-03,7.180376e-03,1.351241e-02,5.868012e-01,3.039089e-01,4.799065e-03,3.483512e-04,1.268813e-03,3.229314e-03,1.888120e-02,1.822018e-04,4.054567e-03
7.451664e-02,9.716764e-04,6.117409e-03,1.285419e-03,8.208770e-03,1.094891e-02,5.298812e-01,3.372918e-01,7.753578e-03,4.889510e-04,1.325810e-03,3.018548e-03,1.455512e-02,2.685376e-04,3.367556e-03
1.047440e-01,1.086611e-03,6.976728e-03,1.345824e-03,7.808031e-03,9.500181e-03,4.479488e-01,3.902747e-01,9.685265e-03,5.835345e-04,1.551815e-03,3.449354e-03,1.160664e-02,3.351316e-04,3.103360e-03
1.542028e-01,1.268440e-03,8.565870e-03,1.519528e-03,7.871144e-03,9.710774e-03,3.787340e-01,4.047410e-01,1.081987e-02,1.105687e-03,1.932627e-03,4.416769e-03,1.024194e-02,6.625984e-04,4.206909e-03
2.062711e-01,1.294839e-03,7.946510e-03,1.544649e-03,7.323432e-03,9.447968e-03,2.985572e-01,4.341466e-01,9.949327e-03,1.463385e-03,2.333814e-03,5.554696e-03,8.395457e-03,8.268389e-04,4.944189e-03
2.856984e-01,1.353393e-03,7.181777e-03,1.550956e-03,6.349734e-03,8.794820e-03,2.262910e-01,4.313313e-01,7.660400e-03,1.774900e-03,2.524762e-03,5.666369e-03,7.130239e-03,9.162846e-04,5.775648e-03
3.565222e-01,1.622600e-03,6.214356e-03,1.816358e-03,6.284467e-03,9.338357e-03,1.906672e-01,3.987162e-01,6.108810e-03,1.794660e-03,2.674009e-03,5.431619e-03,6.227039e-03,9.054997e-04,5.676648e-03
4.122715e-01,3.144115e-03,6.138069e-03,7.038096e-03,7.343108e-03,1.592658e-02,1.562300e-01,3.371835e-01,6.718270e-03,3.742436e-03,7.103418e-03,1.025397e-02,1.132835e-02,1.690708e-03,1.388791e-02
4.580448e-01,3.633081e-03,5.246409e-03,8.063958e-03,6.883292e-03,1.461028e-02,1.196883e-01,2.802626e-01,9.749364e-03,7.705583e-03,1.072165e-02,1.711397e-02,1.659340e-02,2.698999e-03,3.898437e-02
1.000000e+00,0.000000e+00,0.000000e+00,0.000000e+00,0.000000e+00,0.000000e+00,0.000000e+00,0.000000e+00,0.000000e+00,0.000000e+00,0.000000e+00,0.000000e+00,0.000000e+00,0.000000e+00,0.000000e+00
