1.000000e+00,0.000000e+00,0.000000e+00,0.000000e+00,0.000000e+00,0.000000e+00,0.000000e+00,0.000000e+00,0.000000e+00,0.000000e+00,0.000000e+00,0.000000e+00,0.000000e+00,0.000000e+00,0.000000e+00
1.000000e+00,0.000000e+00,0.000000e+00,0.000000e+00,0.000000e+00,0.000000e+00,0.000000e+00,0.000000e+00,0.000000e+00,0.000000e+00,0.000000e+00,0.000000e+00,0.000000e+00,0.000000e+00,0.000000e+00
1.000000e+00,0.000000e+00,0.000000e+00,0.000000e+00,0.000000e+00,0.000000e+00,0.000000e+00,0.000000e+00,0.000000e+00,0.000000e+00,0.000000e+00,0.000000e+00,0.000000e+00,0.000000e+00,0.000000e+00
1.000000e+00,0.000000e+00,0.000000e+00,0.000000e+00,0.000000e+00,0.000000e+00,0.000000e+00,0.000000e+00,0.000000e+00,0.000000e+00,0.000000e+00,0.000000e+00,0.000000e+00,0.000000e+00,0.000000e+00
1.000000e+00,0.000000e+00,0.000000e+00,0.000000e+00,0.000000e+00,0.000000e+00,0.000000e+00,0.000000e+00,0.000000e+00,0.000000e+00,0.000000e+00,0.000000e+00,0.000000e+00,0.000000e+00,0.000000e+00
1.000000e+00,0.000000e+00,0.000000e+00,0.000000e+00,0.000000e+00,0.000000e+00,0.000000e+00,0.000000e+00,0.000000e+00,0.000000e+00,0.000000e+00,0.000000e+00,0.000000e+00,0.000000e+00,0.000000e+00
1.000000e+00,0.000000e+00,0.000000e+00,0.000000e+00,0.000000e+00,0.000000e+00,0.000000e+00,0.000000e+00,0.000000e+00,0.000000e+00,0.000000e+00,0.000000e+00,0.000000e+00,0.000000e+00,0.000000e+00
1.000000e+00,0.000000e+00,0.000000e+00,0.000000e+00,0.000000e+00,0.000000e+00,0.000000e+00,0.000000e+00,0.000000e+00,0.000000e+00,0.000000e+00,0.000000e+00,0.000000e+00,0.000000e+00,0.000000e+00
1.000000e+00,0.000000e+00,0.000000e+00,0.000000e+00,0.000000e+00,0.000000e+00,0.000000e+00,0.000000e+00,0.000000e+00,0.000000e+00,0.000000e+00,0.000000e+00,0.000000e+00,0.000000e+00,0.000000e+00
1.000000e+00,0.000000e+00,0.000000e+00,0.000000e+00,0.000000e+00,0.000000e+00,0.000000e+00,0.000000e+00,0.000000e+00,0.000000e+00,0.000000e+00,0.000000e+00,0.000000e+00,0.000000e+00,0.000000e+00
1.000000e+00,0.000000e+00,0.000000e+00,0.000000e+00,0.000000e+00,0.000000e+00,0.000000e+00,0.000000e+00,0.000000e+00,0.000000e+00,0.000000e+00,0.000000e+00,0.000000e+00,0.000000e+00,0.000000e+00
1.000000e+00,0.000000e+00,0.000000e+00,0.000000e+00,0.000000e+00,0.000000e+00,0.000000e+00,0.000000e+00,0.000000e+00,0.000000e+00,0.000000e+00,0.000000e+00,0.000000e+00,0.000000e+00,0.000000e+00
1.000000e+00,0.000000e+00,0.000000e+00,0.000000e+00,0.000000e+00,0.000000e+00,0.000000e+00,0.000000e+00,0.000000e+00,0.000000e+00,0.000000e+00,0.000000e+00,0.000000e+00,0.000000e+00,0.000000e+00
1.000000e+00,0.000000e+00,0.000000e+00,0.000000e+00,0.000000e+00,0.000000e+00,0.000000e+00,0.000000e+00,0.000000e+00,0.000000e+00,0.000000e+00,0.000000e+00,0.000000e+00,0.000000e+00,0.000000e+00
1.000000e+00,0.000000e+00,0.000000e+00,0.000000e+00,0.000000e+00,0.000000e+00,0.000000e+00,0.000000e+00,0.000000e+00,0.000000e+00,0.000000e+00,0.000000e+00,0.000000e+00,0.000000e+00,0.000000e+00
1.000000e+00,0.000000e+00,0.000000e+00,0.000000e+00,0.000000e+00,0.000000e+00,0.000000e+00,0.000000e+00,0.000000e+00,0.000000e+00,0.000000e+00,0.000000e+00,0.000000e+00,0.000000e+00,0.000000e+00
1.000000e+00,0.000000e+00,0.000000e+00,0.000000e+00,0.000000e+00,0.000000e+00,0.000000e+00,0.000000e+00,0.000000e+00,0.000000e+00,0.000000e+00,0.000000e+00,0.000000e+00,0.000000e+00,0.000000e+00
4.179424e-01,2.124931e-01,2.302637e-02,1.427207e-01,8.550665e-03,1.134874e-02,3.821372e-03,9.741245e-03,9.323060e-03,2.935263e-02,5.535940e-02,2.751617e-02,1.847940e-02,5.373422e-03,2.495124e-02
2.926260e-01,2.610590e-01,1.741673e-02,1.044201e-01,6.078952e-03,7.968873e-03,2.681498e-03,6.838425e-03,7.898722e-03,2.157196e-02,2.145337e-01,2.023220e-02,1.363066e-02,4.410165e-03,1.863299e-02
2.048477e-01,1.861442e-01,1.234406e-02,7.447001e-02,4.705586e-03,5.599047e-03,1.879548e-03,4.802612e-03,6.376769e-03,1.602821e-02,4.384493e-01,1.717850e-02,9.846400e-03,3.895221e-03,1.343296e-02
1.434042e-01,1.304467e-01,8.659954e-03,5.251152e-02,6.930114e-03,3.951536e-03,1.322549e-03,3.450877e-03,4.604145e-03,1.143808e-02,5.921409e-01,1.832000e-02,6.993195e-03,6.355279e-03,9.471022e-03
1.003996e-01,9.139611e-02,6.079560e-03,3.762238e-02,4.274895e-02,2.823572e-03,9.349530e-04,2.599473e-03,3.492602e-03,8.175110e-03,6.632946e-01,1.948291e-02,5.115001e-03,9.166724e-03,6.668512e-03
7.029105e-02,6.397928e-02,4.260215e-03,2.662682e-02,3.865557e-02,2.130296e-03,6.570114e-04,1.856310e-03,2.461619e-03,5.812540e-03,7.534525e-01,1.430874e-02,3.611043e-03,7.192594e-03,4.704394e-03
4.921774e-02,4.478909e-02,2.990499e-03,1.940394e-02,3.297812e-02,1.585841e-03,4.607397e-04,1.319975e-03,1.743187e-03,4.110146e-03,8.186635e-01,1.093260e-02,2.597812e-03,5.886380e-03,3.320403e-03
3.466812e-02,3.137551e-02,2.123262e-03,1.473083e-02,2.903736e-02,1.482703e-03,3.331199e-04,9.678111e-04,1.329001e-03,3.299097e-03,8.514833e-01,1.654088e-02,2.027241e-03,8.224082e-03,2.377580e-03
2.436013e-02,2.198943e-02,1.513265e-03,1.146703e-02,2.912176e-02,1.195457e-03,2.357176e-04,7.322874e-04,1.116727e-03,3.093282e-03,8.767806e-01,1.689060e-02,1.467177e-03,8.336365e-03,1.700129e-03
1.720092e-02,1.549291e-02,1.107948e-03,9.126267e-03,3.661138e-02,1.036490e-03,1.666186e-04,5.653729e-04,1.231926e-03,2.599190e-03,8.769726e-01,2.142663e-02,1.134243e-03,1.399762e-02,1.329803e-03
1.537200e-02,1.124560e-02,1.010825e-03,7.146571e-03,3.215033e-02,2.118459e-03,1.286123e-04,5.175716e-04,2.348645e-03,2.432649e-03,8.161448e-01,5.297779e-02,1.132249e-03,5.332180e-02,1.952034e-03
1.263287e-02,8.058855e-03,8.853044e-04,5.587347e-03,2.791884e-02,3.690634e-03,1.003429e-04,4.532024e-04,2.937657e-03,2.178369e-03,7.423851e-01,9.817262e-02,1.215631e-03,9.148871e-02,2.294396e-03
1.171609e-02,6.074036e-03,1.065357e-03,4.478429e-03,2.539085e-02,4.702783e-03,8.750703e-05,4.936192e-04,3.113637e-03,2.251981e-03,7.011739e-01,1.129727e-01,1.139142e-03,1.226807e-01,2.659124e-03
1.030617e-02,4.563031e-03,8.450663e-04,3.194888e-03,1.854990e-02,4.020327e-03,8.761353e-05,3.847307e-04,2.612047e-03,2.095316e-03,7.024156e-01,9.483885e-02,9.942738e-04,1.525231e-01,2.569033e-03
8.854117e-03,3.930266e-03,8.819242e-04,2.348844e-03,1.480395e-02,3.700834e-03,2.109099e-04,3.859494e-04,2.297393e-03,2.028992e-03,7.423626e-01,7.703186e-02,9.065744e-04,1.374411e-01,2.814539e-03
7.328693e-03,2.889510e-03,6.649941e-04,1.657965e-03,1.077315e-02,2.870468e-03,3.221258e-04,3.370750e-04,1.791250e-03,1.852863e-03,7.917554e-01,6.223021e-02,7.948120e-04,1.125247e-01,2.206658e-03
8.361852e-03,3.023873e-03,7.236872e-04,1.206380e-03,8.748064e-03,2.736092e-03,3.630597e-04,3.385172e-04,1.784061e-03,2.989381e-03,8.070244e-01,6.093184e-02,6.716559e-04,9.834016e-02,2.756901e-03
6.841885e-03,3.478982e-03,6.294984e-04,8.799498e-04,7.790786e-03,2.419532e-03,4.441796e-04,3.163688e-04,1.725548e-03,3.508488e-03,8.248392e-01,5.813136e-02,5.735170e-04,8.561401e-02,2.806543e-03
6.055270e-03,6.249493e-03,7.895609e-04,7.271183e-04,1.042622e-02,2.625905e-03,8.249708e-04,4.715332e-04,2.445230e-03,5.599330e-03,8.117974e-01,6.204041e-02,6.242149e-04,8.444998e-02,4.873218e-03
6.024620e-03,1.473035e-02,1.068620e-03,8.408293e-04,2.218776e-02,8.042769e-03,1.361585e-03,8.917706e-04,4.182219e-03,9.717681e-03,7.694132e-01,6.703064e-02,1.012506e-03,8.567747e-02,7.817952e-03
4.649096e-03,1.101734e-02,1.365421e-03,6.232749e-04,2.352097e-02,8.452449e-03,2.729247e-03,8.093488e-04,4.859569e-03,1.278769e-02,7.929934e-01,5.474583e-02,2.683619e-03,6.964976e-02,9.112917e-03
4.240854e-03,8.243023e-03,2.332998e-03,4.867616e-04,2.014821e-02,1.385073e-02,1.339820e-02,1.456951e-03,4.854590e-03,1.734606e-02,7.949640e-01,4.250277e-02,8.505873e-03,5.493954e-02,1.272946e-02
4.296670e-03,7.298747e-03,3.195891e-03,4.880284e-04,3.200574e-02,1.556407e-02,1.534356e-02,2.161504e-03,4.902591e-03,1.378472e-02,8.032098e-01,3.208691e-02,1.472015e-02,3.885810e-02,1.208348e-02
4.386626e-03,7.568715e-03,4.322273e-03,6.256406e-04,4.132665e-02,1.308944e-02,1.374850e-02,2.937624e-03,6.405459e-03,9.946732e-03,8.206294e-01,2.488235e-02,1.336048e-02,2.733643e-02,9.433731e-03
3.813646e-03,6.405969e-03,3.538928e-03,7.545215e-04,4.095753e-02,1.731145e-02,1.168197e-02,4.129768e-03,8.768318e-03,6.993548e-03,8.336651e-01,2.331410e-02,1.265848e-02,1.921678e-02,6.789894e-03
4.239157e-03,4.737105e-03,3.028709e-03,8.154353e-04,8.793645e-02,1.349719e-02,9.107541e-03,9.980718e-03,8.970142e-03,4.967856e-03,8.039467e-01,1.874111e-02,1.052290e-02,1.469275e-02,4.816231e-03
6.687131e-03,3.920624e-03,2.925029e-03,1.045125e-03,9.412546e-02,1.306211e-02,7.826309e-03,2.245649e-02,1.024637e-02,3.604039e-03,7.897655e-01,1.791759e-02,9.603593e-03,1.327688e-02,3.537687e-03
1.373089e-02,3.238362e-03,4.749162e-03,1.507640e-03,8.125295e-02,1.305742e-02,6.206945e-03,4.334167e-02,1.541247e-02,2.664427e-03,7.726484e-01,1.631181e-02,1.077246e-02,1.231172e-02,2.793712e-03
1.724515e-02,2.620945e-03,6.517977e-03,1.550369e-03,6.513665e-02,1.374210e-02,4.904006e-03,1.814598e-01,2.192245e-02,2.287924e-03,6.428528e-01,1.427976e-02,1.112364e-02,1.212212e-02,2.234419e-03
2.248540e-02,2.588491e-03,8.005444e-03,1.591144e-03,5.898878e-02,3.119024e-02,5.348624e-03,1.901165e-01,4.015653e-02,2.305151e-03,5.888821e-01,1.819811e-02,1.295616e-02,1.519400e-02,1.993358e-03
2.953815e-02,2.849308e-03,1.111114e-02,1.933480e-03,5.879228e-02,6.770799e-02,7.906755e-03,2.283984e-01,8.558569e-02,2.114982e-03,4.336545e-01,2.389427e-02,2.741506e-02,1.699835e-02,2.099646e-03
3.444258e-02,4.945577e-03,1.339482e-02,2.663793e-03,6.198876e-02,6.549447e-02,6.457445e-03,1.791484e-01,1.457365e-01,1.870428e-03,3.707028e-01,4.162637e-02,3.882668e-02,3.046334e-02,2.238125e-03
4.105287e-02,5.988820e-03,1.519813e-02,4.402404e-03,8.824125e-02,5.656224e-02,5.014488e-03,1.460714e-01,1.435681e-01,1.605024e-03,3.215998e-01,7.049598e-02,6.802255e-02,2.894187e-02,3.235209e-03
5.931483e-02,1.092026e-02,2.100014e-02,6.710542e-03,8.986621e-02,4.758053e-02,4.331862e-03,1.118273e-01,1.298999e-01,2.027501e-03,2.518373e-01,7.590193e-02,1.517791e-01,2.473281e-02,1.226994e-02
5.929914e-02,9.883422e-03,2.771939e-02,8.818582e-03,8.187301e-02,3.864092e-02,3.940275e-03,9.420235e-02,1.070842e-01,1.695971e-03,1.855526e-01,8.460215e-02,2.548053e-01,1.803871e-02,2.384406e-02
4.973830e-02,7.862221e-03,3.052637e-02,8.295358e-03,7.298467e-02,3.417010e-02,9.265617e-03,8.048484e-02,8.533228e-02,1.344267e-03,1.312995e-01,7.755929e-02,3.644570e-01,1.289782e-02,3.378242e-02
4.616889e-02,6.076423e-03,2.406386e-02,7.821581e-03,5.496353e-02,3.196779e-02,7.937132e-03,5.978156e-02,6.096765e-02,1.086307e-03,9.660672e-02,7.139948e-02,4.902536e-01,9.347161e-03,3.155834e-02
3.560628e-02,4.689858e-03,1.703904e-02,6.740137e-03,3.940904e-02,3.573199e-02,6.373712e-03,4.190500e-02,4.329478e-02,1.002343e-03,7.831742e-02,6.660688e-02,5.927908e-01,6.886910e-03,2.360586e-02
2.570277e-02,3.360585e-03,1.194804e-02,4.961912e-03,2.783783e-02,3.913693e-02,4.757132e-03,2.934814e-02,3.057201e-02,9.728203e-04,6.815086e-02,5.932670e-02,6.692311e-01,4.903696e-03,1.978948e-02
1.818892e-02,2.365508e-03,8.373492e-03,3.566127e-03,1.954518e-02,3.760849e-02,3.418797e-03,2.055160e-02,2.149997e-02,7.867218e-04,5.217560e-02,4.839565e-02,7.458050e-01,3.454027e-03,1.426488e-02
1.277749e-02,1.658695e-03,5.867588e-03,2.538977e-03,1.373905e-02,2.720484e-02,2.416697e-03,1.440914e-02,1.519195e-02,8.668520e-04,4.766655e-02,4.239122e-02,8.004690e-01,2.429884e-03,1.037205e-02
8.973550e-03,1.164439e-03,4.116010e-03,1.800283e-03,9.689408e-03,1.975930e-02,1.708045e-03,1.009357e-02,1.077826e-02,1.000262e-03,3.756014e-02,3.790835e-02,8.459055e-01,1.719303e-03,7.823585e-03
6.505161e-03,8.631668e-04,4.547738e-03,1.369795e-03,7.172842e-03,2.503268e-02,1.781925e-03,7.158992e-03,8.140560e-03,4.975894e-03,5.514223e-02,7.014538e-02,7.980740e-01,1.281017e-03,7.808592e-03
4.662714e-03,6.915813e-04,4.895343e-03,1.058892e-03,5.592170e-03,1.839834e-02,1.397959e-03,5.144924e-03,6.249017e-03,2.625429e-02,7.299464e-02,1.020349e-01,7.413319e-01,1.143119e-03,8.150213e-03
3.416178e-03,7.439529e-04,3.605279e-03,9.759928e-04,5.079691e-03,1.350607e-02,1.152392e-03,3.978255e-03,5.249662e-03,7.004663e-02,9.595396e-02,1.149583e-01,6.665066e-01,1.308983e-03,1.351809e-02
2.459443e-03,1.402683e-03,2.787193e-03,7.484243e-04,5.878467e-03,9.490932e-03,8.354982e-04,3.065650e-03,6.016420e-03,6.939703e-02,7.204280e-02,1.193758e-01,6.878757e-01,2.915069e-03,1.570885e-02
1.756809e-03,1.411797e-03,2.136690e-03,6.090602e-04,4.694042e-03,6.657870e-03,6.163122e-04,2.489471e-03,2.440264e-02,7.292714e-02,5.290372e-02,1.364749e-01,6.727535e-01,3.232888e-03,1.693334e-02
2.067100e-03,4.617343e-03,4.203666e-03,1.983553e-03,4.105776e-03,5.578170e-03,7.679911e-04,3.246827e-02,7.749913e-02,1.119663e-01,4.596969e-02,1.162916e-01,5.689424e-01,3.098312e-03,2.044084e-02
1.712177e-03,3.544615e-03,3.326829e-03,4.621618e-03,5.108197e-03,4.010289e-03,5.483095e-04,6.668123e-02,1.316255e-01,9.792584e-02,4.022510e-02,9.847541e-02,5.201131e-01,2.599562e-03,1.948231e-02
1.552205e-03,5.141759e-03,6.117299e-03,4.080445e-03,5.637943e-03,2.882369e-03,3.912064e-04,5.041900e-02,3.038419e-01,7.614231e-02,3.766376e-02,7.322026e-02,4.097436e-01,2.423500e-03,2.074250e-02
3.820438e-03,5.090223e-03,4.830170e-02,5.905135e-03,4.745868e-03,6.337620e-03,4.014942e-04,3.776476e-02,3.417771e-01,1.040009e-01,5.614845e-02,5.324446e-02,2.974549e-01,5.498868e-03,2.950809e-02
5.588531e-03,4.110684e-03,5.579402e-02,7.402271e-03,3.846925e-03,5.400222e-03,3.413855e-04,2.773101e-02,4.416474e-01,1.068290e-01,4.904081e-02,3.745034e-02,2.089021e-01,1.133920e-02,3.457620e-02
1.458757e-02,3.176735e-03,8.010383e-02,1.280704e-02,3.432530e-03,4.348329e-03,7.168148e-04,2.456947e-02,4.522276e-01,1.068454e-01,4.709096e-02,2.634350e-02,1.465204e-01,3.994192e-02,3.728800e-02
2.981642e-02,2.881005e-03,2.177213e-01,2.372768e-02,3.931719e-03,4.113431e-03,8.781449e-04,2.200558e-02,3.785807e-01,8.523516e-02,4.346861e-02,1.857398e-02,1.027908e-01,3.844959e-02,2.782593e-02
4.725267e-02,2.360423e-03,3.327874e-01,4.193548e-02,3.837083e-03,3.701338e-03,1.430167e-03,2.143374e-02,2.891119e-01,7.025814e-02,4.018715e-02,1.311883e-02,7.216778e-02,3.967975e-02,2.073814e-02
6.258427e-02,2.413576e-03,3.666203e-01,6.147567e-02,3.289317e-03,3.027925e-03,1.127391e-03,2.601597e-02,2.137157e-01,5.801225e-02,6.982582e-02,9.390188e-03,5.072222e-02,5.415244e-02,1.762697e-02
7.823482e-02,2.553775e-03,3.851925e-01,6.830731e-02,3.135018e-03,2.560228e-03,9.005452e-04,2.332061e-02,1.646505e-01,5.249055e-02,8.750857e-02,6.842439e-03,3.569945e-02,7.333471e-02,1.526902e-02
9.262095e-02,5.852492e-03,4.127650e-01,5.785667e-02,3.719888e-03,2.658188e-03,8.197734e-04,2.265904e-02,1.216630e-01,3.911383e-02,7.104658e-02,5.116013e-03,2.540433e-02,1.254023e-01,1.330192e-02
9.517454e-02,5.982331e-03,3.804711e-01,4.930266e-02,3.317379e-03,2.808321e-03,7.569286e-04,2.021320e-02,8.739716e-02,3.425232e-02,5.820472e-02,3.853337e-03,1.818867e-02,2.300324e-01,1.004491e-02
9.443676e-02,5.989474e-03,4.209631e-01,4.686728e-02,2.947666e-03,2.538153e-03,7.183571e-04,2.471633e-02,6.451932e-02,2.860728e-02,4.624348e-02,3.007943e-03,1.315155e-02,2.377664e-01,7.526896e-03
1.428195e-01,8.208724e-03,4.095794e-01,4.499572e-02,3.973512e-03,3.474565e-03,1.056646e-03,3.484392e-02,5.013641e-02,2.386573e-02,3.685098e-02,3.788745e-03,1.030057e-02,2.182540e-01,7.851633e-03
1.938187e-01,8.749410e-03,3.968428e-01,5.896775e-02,6.062133e-03,3.917390e-03,1.338565e-03,4.331267e-02,4.140881e-02,2.299951e-02,3.009241e-02,4.569951e-03,8.381577e-03,1.706607e-01,8.877630e-03
2.408849e-01,8.275475e-03,3.604454e-01,1.041393e-01,7.495996e-03,4.529062e-03,1.503587e-03,4.044517e-02,3.754947e-02,2.240161e-02,2.459495e-02,5.210676e-03,6.757630e-03,1.262067e-01,9.560190e-03
2.773534e-01,1.402681e-02,3.567112e-01,7.850044e-02,1.168210e-02,5.634569e-03,1.356800e-03,3.510242e-02,5.656505e-02,2.538964e-02,2.047634e-02,4.586468e-03,5.568435e-03,9.141945e-02,1.562689e-02
2.176788e-01,1.480503e-02,3.482487e-01,5.791942e-02,1.072281e-02,1.330636e-02,1.142019e-03,2.774162e-02,1.412963e-01,1.860664e-02,2.034898e-02,3.580108e-03,4.220027e-03,6.999464e-02,5.038854e-02
1.541243e-01,1.082167e-02,2.509710e-01,4.088154e-02,8.113812e-03,9.830561e-03,8.675611e-04,1.970773e-02,1.456844e-01,1.099679e-01,2.133670e-02,3.055827e-03,4.273396e-03,1.691250e-01,5.123855e-02
1.102713e-01,8.059195e-03,1.793840e-01,2.902398e-02,6.052399e-03,7.759423e-03,7.055395e-04,1.423633e-02,1.494021e-01,2.470096e-01,1.869779e-02,2.738411e-03,5.595652e-03,1.608900e-01,6.017421e-02
7.780546e-02,5.935247e-03,1.261178e-01,2.045492e-02,4.472394e-03,5.710321e-03,5.648809e-04,1.008929e-02,1.225016e-01,4.058991e-01,1.873148e-02,2.345585e-03,5.187628e-03,1.467321e-01,4.745219e-02
5.460656e-02,4.197299e-03,8.833742e-02,1.433944e-02,3.440098e-03,4.198815e-03,4.245113e-04,7.094020e-03,9.091099e-02,3.977415e-01,1.977121e-02,2.010385e-03,4.401666e-03,2.730954e-01,3.543074e-02
3.824582e-02,2.964604e-03,6.184763e-02,1.004026e-02,2.501338e-03,3.035506e-03,3.012899e-04,4.970151e-03,6.485169e-02,3.792079e-01,2.339861e-02,1.615166e-03,3.385779e-03,3.762762e-01,2.735806e-02
2.832953e-02,2.609947e-03,4.342999e-02,7.368856e-03,2.162381e-03,6.614460e-03,2.708389e-04,3.730497e-03,5.117567e-02,4.910684e-01,2.995599e-02,2.714299e-03,4.739256e-03,3.019700e-01,2.385988e-02
2.367974e-02,2.260408e-03,3.056354e-02,6.090574e-03,2.076802e-03,9.922508e-03,4.381246e-04,3.014653e-03,4.207008e-02,5.357475e-01,5.002295e-02,4.708403e-03,6.389759e-03,2.565425e-01,2.647243e-02
1.737680e-02,2.182786e-03,2.237633e-02,4.466095e-03,1.839330e-03,2.562813e-02,4.204628e-04,2.160381e-03,3.069881e-02,5.851507e-01,6.179561e-02,4.889995e-03,7.088920e-03,2.015521e-01,3.237348e-02
1.234126e-02,1.698722e-03,1.572982e-02,3.144448e-03,1.428295e-03,2.819725e-02,2.974234e-04,1.518416e-03,2.183485e-02,6.489676e-01,7.459156e-02,4.006470e-03,5.629844e-03,1.556002e-01,2.501381e-02
8.914901e-03,1.604341e-03,1.106724e-02,2.236257e-03,1.247040e-03,3.137967e-02,2.124795e-04,1.074864e-03,1.628627e-02,6.760596e-01,9.831476e-02,3.682471e-03,5.295121e-03,1.221017e-01,2.052336e-02
6.339618e-03,4.044484e-03,8.023486e-03,1.587370e-03,9.642621e-04,2.382982e-02,1.523875e-04,7.545535e-04,1.179998e-02,7.368819e-01,9.080738e-02,3.054652e-03,4.562065e-03,8.960727e-02,1.759087e-02
4.600078e-03,9.182966e-03,6.929381e-03,1.148880e-03,9.973128e-04,1.775108e-02,1.137243e-04,5.353906e-04,9.944298e-03,7.758255e-01,8.127642e-02,3.093407e-03,5.579939e-03,6.686439e-02,1.615730e-02
3.713951e-03,1.332677e-02,6.054040e-03,8.771435e-04,1.055630e-03,2.081783e-02,8.785869e-05,4.141147e-04,9.500939e-03,8.088282e-01,6.617621e-02,2.575540e-03,4.978933e-03,4.842236e-02,1.317050e-02
3.184806e-03,1.034111e-02,5.175864e-03,6.661502e-04,1.114785e-03,1.744476e-02,6.740075e-05,3.099852e-04,7.819868e-03,8.509501e-01,4.925074e-02,2.202694e-03,5.925553e-03,3.554912e-02,9.997037e-03
2.628118e-03,8.002629e-03,4.856565e-03,4.870870e-04,1.002257e-03,1.386553e-02,5.058354e-05,2.345821e-04,7.051666e-03,8.798083e-01,3.896571e-02,2.047146e-03,5.969652e-03,2.749066e-02,7.539479e-03
2.105210e-03,6.144162e-03,7.760057e-03,3.545064e-04,8.424286e-04,9.891742e-03,4.286888e-05,2.592021e-04,6.721593e-03,9.052142e-01,2.835316e-02,1.499572e-03,4.871991e-03,2.034344e-02,5.595876e-03
2.351377e-03,6.177628e-03,9.177447e-03,3.013000e-04,7.565797e-04,7.272570e-03,4.080254e-05,3.454472e-04,7.615435e-03,9.185522e-01,2.136527e-02,1.124108e-03,4.068586e-03,1.648960e-02,4.361744e-03
6.159501e-03,5.838081e-03,1.761305e-02,3.392959e-04,1.369132e-03,5.583109e-03,6.626495e-05,8.936576e-04,7.371403e-03,9.147572e-01,1.570910e-02,8.466812e-04,3.151073e-03,1.675002e-02,3.552430e-03
1.686552e-02,6.455766e-03,4.944182e-02,8.091261e-04,6.760546e-03,7.378447e-03,4.826231e-04,5.236425e-03,8.364270e-03,8.625541e-01,1.142186e-02,8.008450e-04,2.656401e-03,1.709124e-02,3.681041e-03
3.920740e-02,2.105669e-02,4.040447e-02,1.179771e-03,1.172324e-02,7.566766e-03,5.320698e-04,1.035669e-02,1.147260e-02,8.153341e-01,8.358506e-03,8.338570e-04,2.126662e-03,2.010945e-02,9.737775e-03
4.974937e-02,2.764427e-02,3.239186e-02,1.809069e-03,1.951545e-02,6.915246e-03,6.331513e-04,1.908681e-02,1.142011e-02,7.967610e-01,6.287711e-03,7.960373e-04,1.710404e-03,1.727195e-02,8.007563e-03
5.974949e-02,2.615573e-02,2.610721e-02,2.394898e-03,2.978499e-02,7.710007e-03,9.631605e-04,2.850964e-02,1.171207e-02,7.760106e-01,4.790006e-03,7.665472e-04,1.520924e-03,1.546498e-02,8.359802e-03
6.965659e-02,3.309919e-02,2.629891e-02,4.117208e-03,4.223354e-02,1.025718e-02,1.767839e-03,2.919575e-02,1.200655e-02,7.352949e-01,3.867514e-03,7.056412e-04,1.670526e-03,1.790973e-02,1.191896e-02
8.961070e-02,5.242216e-02,2.645921e-02,7.493850e-03,4.231278e-02,9.839737e-03,1.739997e-03,3.073972e-02,1.522056e-02,6.396648e-01,4.484653e-03,6.581797e-04,1.664046e-03,6.454702e-02,1.314260e-02
1.121554e-01,7.944281e-02,2.193145e-02,1.192547e-02,4.472761e-02,9.601052e-03,1.666874e-03,3.002919e-02,2.256852e-02,5.332236e-01,6.977242e-03,6.662992e-04,1.707362e-03,1.090769e-01,1.430024e-02
1.474039e-01,1.003387e-01,1.875325e-02,1.085729e-02,5.000165e-02,9.740166e-03,1.411704e-03,2.394454e-02,3.340413e-02,4.338362e-01,9.104632e-03,1.177110e-03,1.953444e-03,1.412734e-01,1.679985e-02
1.829969e-01,1.362473e-01,1.432249e-02,9.061036e-03,4.018504e-02,9.612653e-03,1.282407e-03,1.943619e-02,4.330046e-02,3.261423e-01,9.935187e-03,1.368288e-03,1.903377e-03,1.890877e-01,1.511857e-02
2.693155e-01,1.199811e-01,1.225573e-02,8.934746e-03,3.121854e-02,8.940443e-03,1.882217e-03,1.787830e-02,4.754043e-02,2.338738e-01,1.244470e-02,4.529964e-03,2.706558e-03,2.122098e-01,1.628815e-02
4.391405e-01,9.075420e-02,9.977701e-03,9.371120e-03,2.538556e-02,8.274198e-03,2.166481e-03,1.462696e-02,3.927979e-02,1.649479e-01,1.209711e-02,7.251495e-03,3.294123e-03,1.584973e-01,1.493562e-02
1.000000e+00,0.000000e+00,0.000000e+00,0.000000e+00,0.000000e+00,0.000000e+00,0.000000e+00,0.000000e+00,0.000000e+00,0.000000e+00,0.000000e+00,0.000000e+00,0.000000e+00,0.000000e+00,0.000000e+00
1.000000e+00,0.000000e+00,0.000000e+00,0.000000e+00,0.000000e+00,0.000000e+00,0.000000e+00,0.000000e+00,0.000000e+00,0.000000e+00,0.000000e+00,0.000000e+00,0.000000e+00,0.000000e+00,0.000000e+00
1.000000e+00,0.000000e+00,0.000000e+00,0.000000e+00,0.000000e+00,0.000000e+00,0.000000e+00,0.000000e+00,0.000000e+00,0.000000e+00,0.000000e+00,0.000000e+00,0.000000e+00,0.000000e+00,0.000000e+00
4.940227e-01,1.047450e-01,3.328945e-02,1.222327e-02,1.021773e-02,1.263794e-02,1.670178e-03,1.011426e-02,1.655678e-02,1.239249e-01,6.914923e-02,2.228878e-02,1.184524e-02,6.025149e-02,1.706314e-02
4.234944e-01,9.508856e-02,2.605385e-02,1.071129e-02,7.759789e-03,1.548780e-02,1.453457e-03,1.034556e-02,1.385839e-02,1.307192e-01,1.462458e-01,2.426018e-02,1.833818e-02,5.934856e-02,1.683498e-02
3.181420e-01,7.977722e-02,2.167840e-02,9.091369e-03,6.742184e-03,1.766435e-02,1.424911e-03,9.655120e-03,1.181032e-02,1.271687e-01,2.450420e-01,2.961842e-02,1.647862e-02,9.048726e-02,1.521922e-02
2.331031e-01,6.571003e-02,1.756562e-02,8.348566e-03,5.366192e-03,1.876562e-02,1.170397e-03,8.256886e-03,1.096905e-02,1.109733e-01,3.689319e-01,3.781279e-02,1.350615e-02,8.705304e-02,1.246741e-02
1.643698e-01,4.755162e-02,1.320363e-02,6.611000e-03,4.185177e-03,2.882036e-02,9.173220e-04,6.179555e-03,8.915011e-03,8.712207e-02,4.931368e-01,4.102736e-02,1.043585e-02,7.808116e-02,9.443340e-03
1.167249e-01,3.363679e-02,9.536178e-03,5.068634e-03,3.160754e-03,2.415999e-02,7.784318e-04,4.581633e-03,6.748530e-03,6.223990e-02,6.029036e-01,5.024071e-02,7.733429e-03,6.560969e-02,6.876871e-03
8.414347e-02,2.366754e-02,6.780190e-03,3.733786e-03,2.447877e-03,2.009616e-02,5.954370e-04,3.425867e-03,5.408859e-03,4.572893e-02,6.442081e-01,6.493095e-02,5.851756e-03,8.393742e-02,5.043657e-03
6.154598e-02,1.669875e-02,4.822155e-03,2.787319e-03,2.213187e-03,1.499894e-02,4.839402e-04,2.503974e-03,4.263142e-03,3.263552e-02,6.841865e-01,6.034564e-02,4.641308e-03,1.042023e-01,3.671366e-03
4.345731e-02,1.191648e-02,3.501854e-03,2.048771e-03,2.108745e-03,1.081321e-02,3.852209e-04,1.849156e-03,3.681560e-03,2.336553e-02,6.774318e-01,7.093254e-02,3.440223e-03,1.424444e-01,2.623145e-03
3.070147e-02,8.492084e-03,2.633074e-03,1.525546e-03,2.172230e-03,8.000955e-03,3.357344e-04,1.394618e-03,3.116066e-03,1.720165e-02,6.884757e-01,6.754819e-02,2.564728e-03,1.639468e-01,1.891222e-03
2.197620e-02,6.078580e-03,1.949519e-03,1.132210e-03,1.794908e-03,5.804927e-03,3.442230e-04,1.100451e-03,2.330059e-03,1.231101e-02,7.557484e-01,5.265934e-02,1.916466e-03,1.335066e-01,1.347147e-03
1.614733e-02,4.421140e-03,1.511044e-03,8.517785e-04,1.577367e-03,4.334148e-03,3.411886e-04,9.722355e-04,1.910534e-03,8.847371e-03,8.158063e-01,3.888235e-02,1.433721e-03,1.019890e-01,9.745137e-04
1.256524e-02,3.254540e-03,1.131595e-03,6.297397e-04,1.323576e-03,3.233341e-03,3.217502e-04,8.018416e-04,1.708420e-03,6.339104e-03,8.608452e-01,2.909458e-02,1.087843e-03,7.693744e-02,7.257862e-04
1.043551e-02,2.397191e-03,8.527222e-04,4.700747e-04,1.074878e-03,2.429195e-03,3.939264e-04,7.404980e-04,1.626180e-03,4.684752e-03,8.919572e-01,2.370787e-02,8.191051e-04,5.785074e-02,5.601998e-04
7.978308e-03,1.739999e-03,6.086992e-04,3.387402e-04,8.725140e-04,1.779384e-03,3.765540e-04,5.594104e-04,1.564902e-03,3.449166e-03,9.179200e-01,1.916229e-02,6.185455e-04,4.261475e-02,4.167081e-04
6.445869e-03,1.436717e-03,4.571060e-04,2.563918e-04,2.043864e-03,1.640300e-03,8.754503e-04,5.768625e-04,5.099857e-03,2.829320e-03,9.286520e-01,1.575318e-02,5.403431e-04,3.305374e-02,3.389130e-04
5.160490e-03,1.423395e-03,3.961237e-04,1.997092e-04,3.775178e-03,1.414317e-03,1.006837e-03,5.121854e-04,1.564738e-02,2.598724e-03,9.266589e-01,1.297629e-02,5.842914e-04,2.733999e-02,3.061679e-04
4.054998e-03,8.338680e-03,5.313857e-04,1.553770e-04,1.519587e-02,1.497923e-03,1.319564e-03,9.885430e-04,2.692510e-01,2.324479e-03,6.638443e-01,9.640994e-03,5.603303e-04,2.202397e-02,2.724406e-04
3.106071e-03,8.031848e-03,3.943818e-04,1.287462e-04,1.287394e-02,6.705237e-03,9.771362e-04,9.445040e-04,4.768943e-01,1.760235e-03,4.652611e-01,6.770142e-03,4.031907e-04,1.553865e-02,2.104452e-04
2.576461e-03,9.822656e-03,3.173709e-04,1.179635e-04,1.070492e-02,3.251636e-02,7.198840e-04,9.478526e-04,5.989220e-01,1.357037e-03,3.258045e-01,4.744341e-03,3.090820e-04,1.090602e-02,2.335091e-04
2.544718e-03,1.096615e-02,3.671079e-04,2.104182e-04,1.289837e-02,3.135371e-02,5.304021e-04,1.242178e-03,6.970258e-01,1.548728e-03,2.281428e-01,3.344346e-03,4.077582e-04,7.698766e-03,1.718780e-03
3.433780e-03,9.950822e-03,3.873104e-04,7.719911e-04,2.297904e-02,2.556147e-02,4.224254e-04,8.219586e-03,7.570153e-01,1.242463e-03,1.597401e-01,2.383765e-03,3.782266e-04,5.447759e-03,2.065916e-03
1.103363e-02,1.033995e-02,3.950308e-04,9.081572e-04,5.650942e-02,2.058745e-02,4.393741e-04,1.476304e-02,7.623126e-01,1.066501e-03,1.118518e-01,1.699062e-03,3.184017e-04,3.876303e-03,3.899291e-03
4.612668e-02,1.694630e-02,4.921347e-04,1.312763e-03,6.177546e-02,1.886036e-02,3.890972e-04,2.193690e-02,7.329620e-01,1.101636e-03,7.861738e-02,1.427574e-03,4.165826e-04,2.869792e-03,1.476533e-02
5.601180e-02,2.753748e-02,1.794064e-03,3.861706e-03,6.531075e-02,1.774120e-02,4.652135e-04,5.966985e-02,6.691440e-01,1.825589e-03,5.566724e-02,2.027605e-03,7.887956e-04,2.269955e-03,3.588469e-02
6.589787e-02,3.185579e-02,6.040551e-03,5.103325e-03,6.797346e-02,1.788326e-02,4.500116e-04,8.181983e-02,6.430316e-01,2.157332e-03,3.943797e-02,2.209157e-03,8.452369e-04,1.746435e-03,3.354812e-02
6.938134e-02,2.669882e-02,5.367401e-03,5.649963e-03,7.544858e-02,1.370095e-02,4.509169e-04,2.163216e-01,5.263564e-01,1.690209e-03,2.778640e-02,1.828333e-03,7.163461e-04,1.367552e-03,2.723521e-02
7.066043e-02,2.174676e-02,4.893122e-03,7.493399e-03,6.971387e-02,1.105282e-02,4.621197e-04,3.600734e-01,4.028605e-01,1.763569e-03,1.970003e-02,1.627511e-03,6.901203e-04,1.136616e-03,2.612574e-02
6.175816e-02,1.684497e-02,4.252883e-03,9.068067e-03,5.276303e-02,9.404819e-03,4.303469e-04,5.148541e-01,2.930280e-01,1.326298e-03,1.400152e-02,1.313174e-03,6.175765e-04,9.838822e-04,1.935323e-02
5.296613e-02,1.380576e-02,4.011553e-03,9.710010e-03,3.888747e-02,7.808476e-03,4.719555e-04,6.324003e-01,2.127767e-01,9.504927e-04,9.924359e-03,1.032220e-03,5.179957e-04,7.679424e-04,1.396865e-02
4.895214e-02,1.050451e-02,4.041573e-03,9.053120e-03,2.876542e-02,6.074345e-03,6.184613e-04,7.167401e-01,1.548043e-01,6.963208e-04,7.257388e-03,1.002993e-03,5.427863e-04,6.674895e-04,1.027909e-02
7.590275e-02,8.701442e-03,3.823551e-03,7.046832e-03,2.178252e-02,7.948456e-03,1.443560e-03,7.418521e-01,1.143696e-01,5.134774e-04,5.966517e-03,1.121058e-03,9.774721e-04,6.868523e-04,7.863863e-03
1.265520e-01,7.966562e-03,4.458420e-03,1.370624e-02,1.796809e-02,1.142751e-02,1.633312e-03,6.646720e-01,8.502029e-02,9.745986e-04,1.155772e-02,8.026500e-03,3.576411e-02,2.705060e-03,7.567573e-03
1.872888e-01,6.198086e-03,3.485632e-03,1.550562e-02,1.565591e-02,1.231172e-02,3.065056e-03,5.113564e-01,6.404170e-02,1.059652e-03,1.240508e-02,2.415862e-02,1.342332e-01,2.644726e-03,6.589822e-03
1.833517e-01,5.205842e-03,2.598477e-03,1.356552e-02,1.252922e-02,1.549309e-02,4.034204e-03,3.594118e-01,4.602002e-02,9.529856e-04,1.126596e-02,2.903461e-02,3.077187e-01,2.268167e-03,6.549701e-03
2.106092e-01,5.012929e-03,2.083909e-03,1.023889e-02,1.033039e-02,1.888025e-02,6.382101e-03,2.536590e-01,3.415278e-02,8.433793e-04,8.816699e-03,3.967346e-02,3.920647e-01,1.942983e-03,5.309219e-03
1.796364e-01,4.533296e-03,1.626782e-03,7.355716e-03,8.525129e-03,1.551763e-02,5.783414e-03,1.777782e-01,2.580838e-02,1.045411e-03,7.408855e-03,5.771292e-02,5.003583e-01,1.497846e-03,5.411617e-03
1.394445e-01,4.145731e-03,1.283083e-03,5.240627e-03,6.403056e-03,1.156646e-02,5.102761e-03,1.245708e-01,1.955351e-02,1.435715e-03,6.086778e-03,7.923289e-02,5.894666e-01,1.240169e-03,5.227261e-03
1.045547e-01,3.073135e-03,1.082268e-03,3.701776e-03,4.756602e-03,1.066545e-02,4.580281e-03,8.733554e-02,1.497399e-02,3.526110e-03,5.886560e-03,2.372260e-01,5.135117e-01,1.127789e-03,3.997951e-03
8.359161e-02,2.230254e-03,8.208540e-04,2.639883e-03,3.504402e-03,9.973321e-03,3.785161e-03,6.122804e-02,1.144979e-02,6.066376e-03,5.979813e-03,3.816170e-01,4.229321e-01,1.214761e-03,2.966623e-03
6.075536e-02,1.993963e-03,9.839869e-04,1.974920e-03,3.033140e-03,7.454477e-03,2.850337e-03,4.306787e-02,9.676503e-03,2.733209e-02,1.392575e-02,4.796410e-01,3.430785e-01,1.680171e-03,2.551846e-03
4.275819e-02,1.426766e-03,6.972147e-04,1.415450e-03,2.327883e-03,5.313418e-03,2.016285e-03,3.020691e-02,7.464974e-03,2.232533e-02,1.406929e-02,6.228073e-01,2.438322e-01,1.494364e-03,1.844444e-03
3.005664e-02,1.048343e-03,5.047852e-04,1.019299e-03,2.048304e-03,3.752090e-03,1.421601e-03,2.120952e-02,6.900520e-03,2.185139e-02,1.395719e-02,7.193077e-01,1.740984e-01,1.429899e-03,1.394339e-03
2.122773e-02,1.123051e-03,5.415297e-04,8.006552e-04,1.795537e-03,2.648358e-03,1.008369e-03,1.512298e-02,6.612444e-03,2.592265e-02,1.678086e-02,7.799315e-01,1.235905e-01,1.828124e-03,1.065684e-03
1.510728e-02,1.280570e-03,7.114667e-04,6.251383e-04,1.931018e-03,1.892125e-03,7.120463e-04,1.070694e-02,8.477339e-03,3.910530e-02,3.937254e-02,7.884550e-01,8.775574e-02,3.025577e-03,8.418908e-04
1.325877e-02,1.549837e-03,2.007867e-03,2.321937e-03,4.478414e-03,1.822239e-03,6.101405e-04,1.070678e-02,9.415083e-03,7.632753e-02,6.522318e-02,7.384807e-01,6.453857e-02,8.403421e-03,8.555599e-04
1.725390e-02,1.453484e-03,1.830063e-03,2.040566e-03,4.159238e-03,1.562952e-03,5.388533e-04,8.167607e-03,1.339886e-02,6.885168e-02,1.554180e-01,6.480237e-01,4.665630e-02,2.996931e-02,6.754727e-04
3.740397e-02,2.162548e-03,3.646262e-03,2.444339e-03,3.444898e-03,1.872774e-03,4.850131e-04,7.339843e-03,1.908826e-02,7.330301e-02,1.882045e-01,5.777976e-01,3.454233e-02,4.764387e-02,6.208244e-04
3.234320e-02,2.654394e-03,6.518096e-03,2.943099e-03,2.862533e-03,2.532342e-03,4.338167e-04,6.350855e-03,2.373451e-02,5.686927e-02,2.770292e-01,5.216631e-01,2.439827e-02,3.899977e-02,6.675614e-04
2.639868e-02,2.345853e-03,5.710639e-03,3.141891e-03,2.386069e-03,2.378581e-03,3.723472e-04,5.265870e-03,2.396723e-02,4.167713e-02,4.055691e-01,4.297816e-01,1.728181e-02,3.309965e-02,6.234900e-04
2.885064e-02,2.493097e-03,4.923203e-03,2.944104e-03,1.977231e-03,2.448008e-03,3.252651e-04,4.028815e-03,2.089426e-02,3.915511e-02,3.967817e-01,4.305360e-01,1.248388e-02,5.155964e-02,5.990083e-04
2.115103e-02,2.983979e-03,4.332521e-03,2.199020e-03,1.843268e-03,2.016440e-03,2.425251e-04,3.005863e-03,2.052576e-02,3.606809e-02,4.490813e-01,4.006479e-01,8.892731e-03,4.646327e-02,5.462416e-04
1.506968e-02,2.685647e-03,3.931980e-03,1.787518e-03,2.213109e-03,1.752759e-03,1.874609e-04,2.519183e-03,2.770968e-02,2.989756e-02,5.572575e-01,3.102492e-01,6.281372e-03,3.763960e-02,8.177035e-04
1.129950e-02,2.526018e-03,7.399268e-03,1.657892e-03,2.313482e-03,2.119612e-03,1.892748e-04,3.189848e-03,4.782311e-02,2.649907e-02,6.182246e-01,2.367550e-01,4.499707e-03,3.449482e-02,1.008733e-03
8.470938e-03,2.577788e-03,6.868944e-03,1.379814e-03,2.149066e-03,2.128419e-03,1.443849e-04,2.896066e-03,8.110764e-02,1.987352e-02,6.512823e-01,1.808089e-01,3.205698e-03,3.621605e-02,8.903669e-04
6.150146e-03,2.079019e-03,5.221932e-03,1.056157e-03,1.616922e-03,1.612926e-03,1.024488e-04,2.080396e-03,9.977558e-02,1.444562e-02,7.012653e-01,1.300435e-01,2.257128e-03,3.159628e-02,6.966505e-04
8.524160e-03,1.797397e-03,8.209456e-02,3.572167e-03,1.508998e-03,2.948121e-03,7.962182e-05,3.507831e-03,1.284705e-01,1.078332e-02,6.396540e-01,9.158377e-02,1.623868e-03,2.322939e-02,6.222937e-04
7.603610e-03,1.315456e-03,5.921417e-02,2.953408e-03,1.823640e-03,2.376753e-03,5.745544e-05,2.598754e-03,1.355189e-01,7.859930e-03,6.938064e-01,6.421626e-02,1.148418e-03,1.896794e-02,5.389581e-04
6.203754e-03,9.929489e-04,4.179318e-02,2.253669e-03,1.776546e-03,1.892603e-03,4.189909e-05,1.902606e-03,1.286007e-01,5.738833e-03,7.474704e-01,4.499712e-02,8.100276e-04,1.501091e-02,5.147531e-04
6.405446e-03,7.279369e-04,2.970197e-02,1.821561e-03,1.737484e-03,1.575072e-03,3.116618e-05,1.448410e-03,1.451622e-01,4.587933e-03,7.619544e-01,3.153956e-02,5.762615e-04,1.216104e-02,5.695085e-04
6.627200e-03,5.364222e-04,2.114359e-02,1.566075e-03,1.515443e-03,1.204863e-03,2.390866e-05,1.269012e-03,1.246121e-01,3.360512e-03,8.053913e-01,2.211943e-02,4.148247e-04,9.742139e-03,4.731725e-04
7.017933e-03,4.313808e-04,1.513520e-02,1.749551e-03,1.403919e-03,9.362075e-04,2.099997e-05,1.641430e-03,1.128434e-01,2.551881e-03,8.291316e-01,1.555242e-02,3.062387e-04,1.088709e-02,3.908161e-04
6.915399e-03,3.185612e-04,1.066898e-02,1.672706e-03,1.096285e-03,7.157994e-04,1.716126e-05,1.420516e-03,9.894520e-02,1.887761e-03,8.524805e-01,1.094707e-02,2.217396e-04,1.237805e-02,3.143188e-04
1.086695e-02,3.285060e-04,7.985327e-03,4.056998e-03,1.067658e-03,7.055571e-04,2.487582e-05,2.507258e-03,1.069239e-01,1.572158e-03,8.369557e-01,7.775570e-03,1.882297e-04,1.837191e-02,6.693449e-04
1.439783e-02,3.050586e-04,6.219105e-03,3.643408e-03,1.153727e-03,6.125824e-04,3.408425e-05,3.031399e-03,1.269203e-01,1.315272e-03,8.121054e-01,5.543930e-03,1.619875e-04,2.385070e-02,7.052216e-04
2.769362e-02,4.841223e-04,5.826375e-03,5.018974e-03,1.580590e-03,7.536067e-04,1.070766e-04,6.661456e-03,1.340856e-01,1.404521e-03,7.815711e-01,4.235124e-03,2.377519e-04,2.936336e-02,9.767107e-04
5.624498e-02,1.192637e-03,7.384348e-03,4.439820e-03,1.716856e-03,9.615252e-04,2.759912e-04,7.553026e-03,1.635673e-01,2.470857e-03,6.619120e-01,3.318928e-03,3.208719e-04,8.742464e-02,1.216232e-03
7.510473e-02,1.765984e-03,6.743989e-03,4.357544e-03,2.692384e-03,2.012393e-03,4.252382e-04,7.481984e-03,2.232562e-01,2.836754e-03,5.412120e-01,2.728640e-03,5.355999e-04,1.269478e-01,1.898720e-03
8.435537e-02,5.103725e-03,6.444814e-03,8.571613e-03,5.460836e-03,5.294707e-03,4.227929e-04,7.509490e-03,3.051247e-01,3.125021e-03,4.498336e-01,2.369099e-03,5.951553e-04,1.135072e-01,2.281873e-03
1.282355e-01,1.064318e-02,6.459617e-03,1.207017e-02,7.533726e-03,1.161568e-02,5.677012e-04,7.931406e-03,3.372690e-01,5.497102e-03,3.415856e-01,2.374416e-03,6.601424e-04,1.238097e-01,3.746930e-03
1.720510e-01,1.880344e-02,2.063373e-02,2.324592e-02,2.966807e-02,2.061131e-02,1.447594e-03,4.289260e-02,2.878096e-01,5.131581e-03,2.510833e-01,4.432417e-03,2.186271e-03,1.147995e-01,5.203762e-03
2.943249e-01,2.690496e-02,2.354752e-02,2.544227e-02,2.765160e-02,2.350440e-02,1.426324e-03,3.227618e-02,2.254745e-01,6.697940e-03,1.923952e-01,5.926064e-03,2.443441e-03,1.041426e-01,7.841991e-03
3.551093e-01,2.510906e-02,3.296217e-02,6.077321e-02,3.302402e-02,2.033702e-02,2.059152e-03,2.800789e-02,1.759253e-01,6.201788e-03,1.441566e-01,1.488475e-02,3.983798e-03,8.602382e-02,1.144211e-02
2.661821e-01,2.640955e-02,2.807609e-02,4.614336e-02,2.357198e-02,1.569418e-02,1.513940e-03,1.990915e-02,1.341519e-01,4.925833e-03,1.114855e-01,1.139968e-02,3.648529e-03,1.530891e-01,1.537990e-01
1.893373e-01,1.947257e-02,1.981626e-02,3.255839e-02,1.655496e-02,1.113164e-02,1.062843e-03,1.400014e-02,1.109018e-01,4.401042e-03,1.399506e-01,1.012534e-02,2.931775e-03,1.372558e-01,2.904995e-01
1.337085e-01,1.449251e-02,1.437973e-02,2.298814e-02,1.191796e-02,8.415270e-03,7.855173e-04,9.956357e-03,8.458535e-02,7.765516e-03,2.261057e-01,1.105619e-02,4.566150e-03,2.037900e-01,2.454871e-01
9.390005e-02,1.039876e-02,1.044148e-02,1.625402e-02,8.720309e-03,6.086570e-03,5.719156e-04,7.042229e-03,6.588608e-02,1.107310e-02,3.356422e-01,1.269665e-02,5.375481e-03,2.161149e-01,1.997962e-01
6.590023e-02,7.344780e-03,7.423449e-03,1.150403e-02,6.719947e-03,4.520598e-03,4.313570e-04,5.022641e-03,4.731247e-02,1.194816e-02,4.878340e-01,1.212162e-02,5.391633e-03,1.803148e-01,1.462102e-01
4.649076e-02,5.238103e-03,5.224913e-03,8.241234e-03,8.018243e-03,3.289675e-03,4.879052e-04,3.568634e-03,3.581863e-02,1.329107e-02,5.817181e-01,1.673162e-02,6.100417e-03,1.600622e-01,1.057184e-01
3.286827e-02,3.686800e-03,3.670412e-03,5.884784e-03,6.473128e-03,2.423030e-03,4.910686e-04,2.528731e-03,2.622106e-02,1.030306e-02,6.616661e-01,2.104574e-02,6.264714e-03,1.359135e-01,8.055958e-02
2.313730e-02,2.599573e-03,2.585750e-03,4.290198e-03,5.261499e-03,1.765090e-03,4.943453e-04,1.804123e-03,1.955385e-02,8.720106e-03,7.286403e-01,2.000004e-02,5.309775e-03,1.145332e-01,6.130481e-02
1.647218e-02,1.826737e-03,1.823967e-03,3.053173e-03,3.804737e-03,1.305077e-03,4.131263e-04,1.281246e-03,1.410452e-02,7.521064e-03,7.921659e-01,1.762054e-02,4.408787e-03,8.641902e-02,4.777992e-02
1.226516e-02,1.364094e-03,1.328996e-03,2.334225e-03,3.041699e-03,1.015533e-03,4.458644e-04,1.010827e-03,1.224951e-02,8.771590e-03,8.175397e-01,2.186249e-02,4.251079e-03,7.123540e-02,4.128375e-02
9.698433e-03,1.029486e-03,1.002621e-03,1.885291e-03,2.507798e-03,8.726410e-04,7.328205e-04,9.869407e-04,1.068448e-02,7.881741e-03,8.489216e-01,2.080061e-02,4.594761e-03,5.733205e-02,3.106862e-02
8.761943e-03,8.409079e-04,7.462003e-04,1.569809e-03,1.938977e-03,7.663368e-04,8.696438e-04,8.417561e-04,1.167790e-02,1.206112e-02,8.576999e-01,2.640385e-02,4.944369e-03,4.768844e-02,2.318888e-02
1.976350e-02,1.305176e-03,1.008446e-03,2.654076e-03,2.662485e-03,1.295540e-03,1.181189e-03,1.728822e-03,1.835719e-02,1.245915e-02,8.087318e-01,5.034611e-02,5.071606e-03,4.893814e-02,2.449676e-02
2.833055e-02,2.020480e-03,1.645874e-03,2.860532e-03,4.928111e-03,1.431592e-03,1.346605e-03,1.790929e-03,3.735368e-02,1.652021e-02,7.656766e-01,5.943902e-02,5.077592e-03,4.809222e-02,2.348597e-02
3.804942e-02,1.758727e-03,1.311465e-03,2.604513e-03,4.091640e-03,1.368435e-03,1.205337e-03,1.883142e-03,4.476714e-02,1.520604e-02,7.599828e-01,6.291606e-02,4.643408e-03,4.114625e-02,1.906561e-02
4.744021e-02,1.701645e-03,1.123936e-03,2.163214e-03,3.710677e-03,1.356723e-03,1.094184e-03,1.581162e-03,4.574882e-02,1.811552e-02,7.521455e-01,6.755906e-02,4.655279e-03,3.618839e-02,1.541562e-02
5.173689e-02,2.038040e-03,1.292192e-03,2.705938e-03,5.257520e-03,1.736734e-03,1.416892e-03,2.433453e-03,3.997961e-02,2.088601e-02,6.766292e-01,1.374352e-01,4.253533e-03,4.025240e-02,1.194634e-02
