1.000000e+00,0.000000e+00,0.000000e+00,0.000000e+00,0.000000e+00,0.000000e+00,0.000000e+00,0.000000e+00,0.000000e+00,0.000000e+00,0.000000e+00,0.000000e+00,0.000000e+00,0.000000e+00,0.000000e+00
1.000000e+00,0.000000e+00,0.000000e+00,0.000000e+00,0.000000e+00,0.000000e+00,0.000000e+00,0.000000e+00,0.000000e+00,0.000000e+00,0.000000e+00,0.000000e+00,0.000000e+00,0.000000e+00,0.000000e+00
1.000000e+00,0.000000e+00,0.000000e+00,0.000000e+00,0.000000e+00,0.000000e+00,0.000000e+00,0.000000e+00,0.000000e+00,0.000000e+00,0.000000e+00,0.000000e+00,0.000000e+00,0.000000e+00,0.000000e+00
1.000000e+00,0.000000e+00,0.000000e+00,0.000000e+00,0.000000e+00,0.000000e+00,0.000000e+00,0.000000e+00,0.000000e+00,0.000000e+00,0.000000e+00,0.000000e+00,0.000000e+00,0.000000e+00,0.000000e+00
1.000000e+00,0.000000e+00,0.000000e+00,0.000000e+00,0.000000e+00,0.000000e+00,0.000000e+00,0.000000e+00,0.000000e+00,0.000000e+00,0.000000e+00,0.000000e+00,0.000000e+00,0.000000e+00,0.000000e+00
1.000000e+00,0.000000e+00,0.000000e+00,0.000000e+00,0.000000e+00,0.000000e+00,0.000000e+00,0.000000e+00,0.000000e+00,0.000000e+00,0.000000e+00,0.000000e+00,0.000000e+00,0.000000e+00,0.000000e+00
1.000000e+00,0.000000e+00,0.000000e+00,0.000000e+00,0.000000e+00,0.000000e+00,0.000000e+00,0.000000e+00,0.000000e+00,0.000000e+00,0.000000e+00,0.000000e+00,0.000000e+00,0.000000e+00,0.000000e+00
1.000000e+00,0.000000e+00,0.000000e+00,0.000000e+00,0.000000e+00,0.000000e+00,0.000000e+00,0.000000e+00,0.000000e+00,0.000000e+00,0.000000e+00,0.000000e+00,0.000000e+00,0.000000e+00,0.000000e+00
1.000000e+00,0.000000e+00,0.000000e+00,0.000000e+00,0.000000e+00,0.000000e+00,0.000000e+00,0.000000e+00,0.000000e+00,0.000000e+00,0.000000e+00,0.000000e+00,0.000000e+00,0.000000e+00,0.000000e+00
1.000000e+00,0.000000e+00,0.000000e+00,0.000000e+00,0.000000e+00,0.000000e+00,0.000000e+00,0.000000e+00,0.000000e+00,0.000000e+00,0.000000e+00,0.000000e+00,0.000000e+00,0.000000e+00,0.000000e+00
1.000000e+00,0.000000e+00,0.000000e+00,0.000000e+00,0.000000e+00,0.000000e+00,0.000000e+00,0.000000e+00,0.000000e+00,0.000000e+00,0.000000e+00,0.000000e+00,0.000000e+00,0.000000e+00,0.000000e+00
4.574113e-01,4.679195e-03,2.091081e-02,1.252597e-02,9.358386e-03,4.710706e-02,1.094478e-01,2.463230e-01,3.314020e-03,1.340646e-03,9.199984e-03,4.408025e-02,2.590179e-02,2.478333e-03,5.921484e-03
4.717016e-01,4.853980e-03,2.503840e-02,1.061638e-02,8.782716e-03,6.584333e-02,1.036033e-01,2.307105e-01,2.737935e-03,1.229818e-03,8.001011e-03,3.444181e-02,2.372180e-02,2.497678e-03,6.219649e-03
1.000000e+00,0.000000e+00,0.000000e+00,0.000000e+00,0.000000e+00,0.000000e+00,0.000000e+00,0.000000e+00,0.000000e+00,0.000000e+00,0.000000e+00,0.000000e+00,0.000000e+00,0.000000e+00,0.000000e+00
1.000000e+00,0.000000e+00,0.000000e+00,0.000000e+00,0.000000e+00,0.000000e+00,0.000000e+00,0.000000e+00,0.000000e+00,0.000000e+00,0.000000e+00,0.000000e+00,0.000000e+00,0.000000e+00,0.000000e+00
1.000000e+00,0.000000e+00,0.000000e+00,0.000000e+00,0.000000e+00,0.000000e+00,0.000000e+00,0.000000e+00,0.000000e+00,0.000000e+00,0.000000e+00,0.000000e+00,0.000000e+00,0.000000e+00,0.000000e+00
1.000000e+00,0.000000e+00,0.000000e+00,0.000000e+00,0.000000e+00,0.000000e+00,0.000000e+00,0.000000e+00,0.000000e+00,0.000000e+00,0.000000e+00,0.000000e+00,0.000000e+00,0.000000e+00,0.000000e+00
1.000000e+00,0.000000e+00,0.000000e+00,0.000000e+00,0.000000e+00,0.000000e+00,0.000000e+00,0.000000e+00,0.000000e+00,0.000000e+00,0.000000e+00,0.000000e+00,0.000000e+00,0.000000e+00,0.000000e+00
4.654293e-01,1.284380e-02,1.090203e-02,2.384624e-02,4.572023e-03,8.526056e-02,3.047368e-02,3.847281e-02,1.509972e-02,2.259747e-03,4.469196e-03,1.662763e-02,2.593061e-01,2.098406e-03,2.833883e-02
3.629715e-01,1.062333e-02,8.261461e-03,2.344501e-02,4.784275e-03,7.286749e-02,2.508339e-02,2.833783e-02,1.286325e-02,1.854190e-03,4.119080e-03,1.534822e-02,4.022318e-01,1.563193e-03,2.564601e-02
2.985311e-01,8.080305e-03,6.164260e-03,1.884728e-02,3.966080e-03,8.790811e-02,1.991229e-02,2.056728e-02,1.031394e-02,1.416429e-03,4.555594e-03,1.445204e-02,4.815541e-01,1.338869e-03,2.239231e-02
2.604984e-01,6.106685e-03,4.563557e-03,1.475324e-02,3.356327e-03,2.045135e-01,1.811135e-02,1.521554e-02,8.317810e-03,1.143189e-03,6.698857e-03,2.378220e-02,4.112781e-01,1.216862e-03,2.044442e-02
2.222469e-01,5.830324e-03,4.296280e-03,1.362094e-02,4.025401e-03,2.054842e-01,1.431145e-02,1.158286e-02,1.077744e-02,2.042127e-03,9.935075e-03,3.808879e-02,4.349497e-01,1.603100e-03,2.120548e-02
1.626330e-01,4.462230e-03,3.328784e-03,1.176571e-02,5.232033e-03,1.664965e-01,1.097908e-02,8.762149e-03,3.319155e-02,1.717804e-03,1.333431e-02,4.572460e-02,5.090876e-01,1.356184e-03,2.192846e-02
1.172124e-01,3.916529e-03,3.197908e-03,1.037873e-02,4.583647e-03,1.707114e-01,7.987629e-03,6.675100e-03,6.040625e-02,2.007739e-03,1.426718e-02,9.571598e-02,4.857783e-01,1.238689e-03,1.592261e-02
8.235407e-02,3.053688e-03,2.698602e-03,8.393626e-03,3.670810e-03,1.687967e-01,5.894012e-03,4.842692e-03,6.659093e-02,1.897128e-03,1.890278e-02,1.694975e-01,4.507564e-01,1.081698e-03,1.156933e-02
5.851309e-02,2.401619e-03,2.428183e-03,7.030273e-03,1.835169e-02,1.216773e-01,5.043866e-03,3.977586e-03,1.567389e-01,2.082408e-03,2.326516e-02,1.787821e-01,4.095210e-01,1.037617e-03,9.149216e-03
4.393242e-02,2.492662e-03,5.577043e-03,5.480848e-03,1.582760e-02,8.917814e-02,4.144141e-03,6.655437e-03,1.518144e-01,2.883450e-03,2.295159e-02,1.745374e-01,4.641551e-01,1.093816e-03,9.275973e-03
3.362913e-02,3.928720e-03,5.001510e-03,4.317306e-03,1.604898e-02,6.413584e-02,3.520274e-03,9.980632e-03,2.657544e-01,3.724983e-03,2.169184e-02,1.435101e-01,4.129859e-01,1.109592e-03,1.066086e-02
3.981228e-02,6.914263e-03,2.194234e-02,5.245915e-03,1.527027e-02,4.935998e-02,3.235084e-03,4.775642e-02,2.958001e-01,5.687383e-03,1.823128e-02,1.241591e-01,3.531357e-01,1.315068e-03,1.213472e-02
3.740828e-02,1.054653e-02,1.706995e-02,5.214983e-03,1.682495e-02,4.672170e-02,2.869847e-03,3.433798e-02,4.572123e-01,4.974177e-03,1.336505e-02,8.874854e-02,2.514251e-01,1.314761e-03,1.196585e-02
3.978596e-02,1.006526e-02,1.910261e-02,1.575189e-02,1.792574e-02,4.336599e-02,2.366316e-03,2.619652e-02,5.411469e-01,6.201210e-03,1.157120e-02,6.742932e-02,1.841711e-01,1.785839e-03,1.313416e-02
7.566149e-02,1.322646e-02,1.526614e-02,1.749936e-02,2.335048e-02,3.642717e-02,2.435221e-03,1.940561e-02,5.713717e-01,8.606240e-03,9.104552e-03,4.962930e-02,1.324628e-01,1.679519e-03,2.387406e-02
1.225520e-01,1.444299e-02,1.176495e-02,1.938060e-02,3.960980e-02,3.619900e-02,3.245118e-03,1.587899e-02,5.587995e-01,1.026099e-02,7.345987e-03,3.719230e-02,9.535286e-02,1.496405e-03,2.647850e-02
1.390071e-01,2.772446e-02,1.353148e-02,1.167821e-01,2.893058e-02,2.761620e-02,2.459464e-03,1.174114e-02,4.583911e-01,1.153303e-02,7.991135e-03,2.833453e-02,7.003321e-02,1.803031e-03,5.412148e-02
2.136177e-01,3.026027e-02,1.046825e-02,9.039194e-02,2.977801e-02,2.394226e-02,3.283931e-03,9.795515e-03,4.213776e-01,9.472956e-03,8.201208e-03,2.353106e-02,5.399832e-02,2.107885e-03,6.977314e-02
2.516148e-01,3.519841e-02,1.007015e-02,9.722574e-02,2.475419e-02,2.003391e-02,3.022489e-03,9.005373e-03,3.763253e-01,8.351607e-03,8.481942e-03,1.952766e-02,4.127357e-02,2.170777e-03,9.294403e-02
2.990971e-01,5.006400e-02,8.437517e-03,7.216090e-02,2.820297e-02,1.862642e-02,2.922498e-03,1.364327e-02,3.255143e-01,8.181932e-03,7.250519e-03,1.637251e-02,3.105536e-02,2.565346e-03,1.159054e-01
3.295649e-01,4.333163e-02,7.645196e-03,6.389630e-02,4.931127e-02,1.796680e-02,5.298320e-03,6.022510e-02,2.853131e-01,6.084074e-03,6.116716e-03,1.346102e-02,2.383501e-02,2.196279e-03,8.575431e-02
3.241632e-01,4.152405e-02,1.131128e-02,6.154705e-02,6.021533e-02,4.596037e-02,4.177374e-03,5.992776e-02,2.266757e-01,6.824624e-03,6.978599e-03,1.086329e-02,1.949072e-02,5.647206e-03,1.146935e-01
2.712241e-01,4.079725e-02,3.510115e-02,1.142138e-01,6.536781e-02,4.066333e-02,3.692875e-03,1.188831e-01,1.776585e-01,6.123456e-03,6.638083e-03,9.423229e-03,1.638712e-02,4.568148e-03,8.925803e-02
2.693727e-01,3.921474e-02,2.870558e-02,9.011010e-02,6.247197e-02,5.405743e-02,3.087959e-03,1.261043e-01,2.235237e-01,4.607907e-03,5.860782e-03,8.464168e-03,1.306414e-02,4.472507e-03,6.688207e-02
2.554348e-01,3.265836e-02,4.646597e-02,1.196725e-01,6.628703e-02,4.181446e-02,2.988468e-03,1.664432e-01,1.827227e-01,3.677546e-03,6.029994e-03,1.050268e-02,1.094588e-02,3.822041e-03,5.053447e-02
2.719825e-01,2.737709e-02,4.759232e-02,1.244906e-01,6.942052e-02,5.431873e-02,3.208739e-03,1.314884e-01,1.997929e-01,2.829049e-03,5.318155e-03,1.108884e-02,1.110175e-02,3.167226e-03,3.682318e-02
3.156611e-01,2.510555e-02,3.859253e-02,9.353150e-02,6.852156e-02,8.764715e-02,2.959518e-03,9.643085e-02,2.072889e-01,2.120505e-03,4.478922e-03,1.049332e-02,1.690538e-02,2.598711e-03,2.766456e-02
4.273721e-01,2.365413e-02,3.821521e-02,7.036419e-02,5.706809e-02,6.816322e-02,3.378525e-03,7.281201e-02,1.753388e-01,1.849159e-03,4.324045e-03,1.126497e-02,2.214824e-02,2.307486e-03,2.173995e-02
1.000000e+00,0.000000e+00,0.000000e+00,0.000000e+00,0.000000e+00,0.000000e+00,0.000000e+00,0.000000e+00,0.000000e+00,0.000000e+00,0.000000e+00,0.000000e+00,0.000000e+00,0.000000e+00,0.000000e+00
4.535018e-01,1.904659e-02,3.307408e-02,4.331439e-02,4.010161e-02,7.562055e-02,5.383126e-03,4.184863e-02,9.365543e-02,1.434178e-03,4.469347e-03,1.956156e-02,1.528791e-01,1.697210e-03,1.441249e-02
3.805820e-01,1.739606e-02,3.331112e-02,3.799215e-02,3.287821e-02,7.828476e-02,4.548213e-03,3.055206e-02,6.807905e-02,1.485989e-03,4.591474e-03,2.343833e-02,2.726235e-01,1.321769e-03,1.291533e-02
2.853534e-01,1.281190e-02,2.395783e-02,2.719528e-02,2.352426e-02,6.099451e-02,3.569399e-03,2.185173e-02,4.906742e-02,1.236138e-03,4.676847e-03,4.396278e-02,4.303348e-01,1.040836e-03,1.042290e-02
2.150892e-01,9.418111e-03,1.720646e-02,1.923738e-02,1.781875e-02,6.923334e-02,3.410739e-03,1.604476e-02,3.571833e-02,1.099928e-03,6.248527e-03,5.242880e-02,5.280319e-01,1.123593e-03,7.890217e-03
1.624300e-01,7.361222e-03,1.221011e-02,1.356474e-02,1.313687e-02,5.686276e-02,2.517698e-03,1.143634e-02,2.739535e-02,9.585855e-04,7.429831e-03,4.762808e-02,6.302861e-01,9.215391e-04,5.860869e-03
1.152258e-01,5.489520e-03,8.612702e-03,9.533953e-03,9.655814e-03,4.150726e-02,2.155716e-03,8.252262e-03,2.114802e-02,1.002822e-03,5.850134e-03,4.700072e-02,7.195343e-01,6.690220e-04,4.361995e-03
8.128060e-02,4.450320e-03,6.066375e-03,6.739486e-03,6.998537e-03,3.213895e-02,1.735180e-03,5.985212e-03,1.662790e-02,8.899964e-04,4.665136e-03,5.758427e-02,7.710046e-01,4.916984e-04,3.341790e-03
5.741396e-02,3.424729e-03,4.352648e-03,4.732662e-03,9.261974e-03,2.387337e-02,1.630019e-03,4.313589e-03,1.464158e-02,7.356393e-04,3.545030e-03,8.381061e-02,7.852566e-01,3.829659e-04,2.624595e-03
4.093323e-02,2.978172e-03,3.180481e-03,3.354058e-03,8.175472e-03,1.832217e-02,1.467987e-03,3.326298e-03,1.190216e-02,5.631347e-04,2.885307e-03,1.120958e-01,7.883071e-01,3.988476e-04,2.109883e-03
2.936406e-02,2.630198e-03,2.302398e-03,2.376167e-03,7.863595e-03,1.389586e-02,1.170224e-03,2.525269e-03,9.409578e-03,4.494362e-04,2.733666e-03,1.412149e-01,7.820330e-01,3.238326e-04,1.707811e-03
2.134147e-02,2.555703e-03,1.779944e-03,1.702263e-03,9.953535e-03,1.154110e-02,1.085853e-03,2.016709e-03,9.448401e-03,4.525968e-04,3.393029e-03,1.605540e-01,7.725087e-01,2.827239e-04,1.383963e-03
1.683411e-02,2.383038e-03,2.332367e-03,1.246199e-03,1.571825e-02,1.190455e-02,1.126024e-03,1.840589e-03,7.632586e-03,4.445716e-04,3.738388e-03,2.042538e-01,7.291011e-01,2.515723e-04,1.192902e-03
1.651696e-02,2.886048e-03,1.133325e-02,9.278252e-04,4.060142e-02,1.389397e-02,1.156220e-03,2.007237e-03,6.182057e-03,5.220713e-04,3.661379e-03,2.254669e-01,6.734478e-01,3.130758e-04,1.083755e-03
1.756795e-02,2.735521e-03,1.454644e-02,7.241634e-04,4.371986e-02,1.164611e-02,1.310954e-03,2.270589e-03,4.901940e-03,7.169237e-04,2.964851e-03,2.275810e-01,6.680098e-01,3.282903e-04,9.757409e-04
1.874092e-02,6.624787e-03,5.838184e-02,6.074963e-04,4.795206e-02,1.075863e-02,1.288076e-03,2.960807e-03,4.538553e-03,9.628594e-04,2.876010e-03,2.088297e-01,6.338096e-01,4.116011e-04,1.257130e-03
2.722018e-02,9.884869e-03,7.270379e-02,6.099353e-04,5.083333e-02,9.599053e-03,1.994864e-03,6.514875e-03,7.970355e-03,1.464138e-03,2.577781e-03,2.281745e-01,5.768061e-01,5.541610e-04,3.092114e-03
2.187798e-02,8.119618e-03,7.410039e-02,4.681743e-04,8.225124e-02,7.356040e-03,8.092055e-03,4.741798e-02,7.638788e-03,1.502905e-03,2.016906e-03,2.284146e-01,5.068643e-01,4.366424e-04,3.442402e-03
1.908135e-02,6.930050e-03,9.615883e-02,4.174355e-04,7.918341e-02,6.212790e-03,4.237343e-02,1.360796e-01,6.355048e-03,2.386703e-03,1.700236e-03,1.793659e-01,4.172427e-01,4.023810e-04,6.110112e-03
1.637216e-02,5.103806e-03,9.695178e-02,3.816950e-04,6.091536e-02,5.160885e-03,6.090746e-02,3.017364e-01,4.629725e-03,2.449157e-03,1.246095e-03,1.266948e-01,3.083132e-01,3.326870e-04,8.804854e-03
1.258781e-02,3.645648e-03,8.303453e-02,2.994355e-04,4.504415e-02,3.846686e-03,1.119862e-01,4.186112e-01,3.311995e-03,1.987930e-03,8.893546e-04,8.901195e-02,2.174484e-01,2.619479e-04,8.032803e-03
9.864517e-03,2.695232e-03,6.215449e-02,2.450045e-04,3.257341e-02,3.332957e-03,2.463273e-01,4.157075e-01,2.617314e-03,1.516986e-03,6.301210e-04,6.237726e-02,1.527508e-01,1.898614e-04,7.017330e-03
7.354907e-03,1.942588e-03,4.486969e-02,2.019342e-04,2.387302e-02,2.583546e-03,3.108879e-01,4.481665e-01,2.050817e-03,1.105663e-03,4.473284e-04,4.368918e-02,1.071355e-01,1.355610e-04,5.555743e-03
7.143615e-03,1.541953e-03,3.335731e-02,3.117348e-04,2.277882e-02,2.384351e-03,4.104194e-01,4.052492e-01,2.916836e-03,8.307895e-04,3.574262e-04,3.068369e-02,7.642075e-02,1.044369e-04,5.499760e-03
1.023494e-02,1.507023e-03,2.433785e-02,3.640940e-04,2.186936e-02,2.137474e-03,4.793010e-01,3.681428e-01,8.595685e-03,6.408012e-04,3.416658e-04,2.157955e-02,5.550934e-02,8.412935e-05,5.354248e-03
1.295302e-02,1.372237e-03,1.764022e-02,3.312788e-04,2.016229e-02,2.045097e-03,5.193958e-01,3.522711e-01,1.173281e-02,5.199470e-04,3.920780e-04,1.522854e-02,4.107459e-02,6.896501e-05,4.812150e-03
1.290492e-02,1.025205e-03,1.256130e-02,2.672202e-04,1.474164e-02,2.653557e-03,6.356455e-01,2.662323e-01,8.567231e-03,3.871585e-04,3.640987e-04,1.082416e-02,3.018992e-02,5.705536e-05,3.578803e-03
1.213129e-02,7.521110e-04,8.994080e-03,2.114143e-04,1.091761e-02,2.309269e-03,7.189616e-01,2.068669e-01,6.205443e-03,2.791934e-04,2.975465e-04,7.627670e-03,2.175798e-02,4.847891e-05,2.639435e-03
1.168246e-02,5.785049e-04,6.457866e-03,2.019240e-04,9.370958e-03,2.039136e-03,7.720346e-01,1.681542e-01,5.209694e-03,2.057877e-04,5.732124e-04,5.411089e-03,1.612657e-02,4.693901e-05,1.907038e-03
1.390143e-02,4.786335e-04,4.928567e-03,2.079923e-04,7.595788e-03,2.271350e-03,7.623117e-01,1.852872e-01,4.524369e-03,1.624650e-04,6.701737e-04,3.900195e-03,1.229560e-02,4.704130e-05,1.417448e-03
1.676675e-02,4.142957e-04,3.943878e-03,1.871522e-04,7.712932e-03,2.059946e-03,6.961292e-01,2.540146e-01,4.961245e-03,1.308955e-04,7.469027e-04,2.787090e-03,9.027599e-03,4.260642e-05,1.074817e-03
2.803920e-02,5.909812e-04,4.319475e-03,4.423779e-04,8.673960e-03,2.710050e-03,5.749208e-01,3.632960e-01,3.676938e-03,4.870234e-04,7.832561e-04,2.106161e-03,6.784199e-03,1.067504e-04,3.062807e-03
3.567265e-02,6.060366e-04,3.679660e-03,5.678133e-04,1.025469e-02,3.201545e-03,4.495536e-01,4.815133e-01,2.959431e-03,5.958960e-04,9.932064e-04,1.686376e-03,5.208610e-03,1.213705e-04,3.385822e-03
3.148076e-02,4.900620e-04,2.835144e-03,5.620778e-04,9.063035e-03,3.277628e-03,3.424962e-01,5.965249e-01,2.304364e-03,6.397869e-04,1.787860e-03,1.576920e-03,4.147266e-03,1.251475e-04,2.688780e-03
2.902381e-02,4.742382e-04,2.114825e-03,5.489093e-04,8.160073e-03,4.119974e-03,3.104778e-01,5.088373e-01,1.857498e-03,4.679820e-03,2.539729e-02,3.320236e-02,2.047276e-02,4.285910e-02,7.774268e-03
2.248380e-02,4.912135e-04,1.535934e-03,6.199734e-04,8.401709e-03,4.655048e-03,2.697779e-01,4.127441e-01,3.203535e-03,6.723533e-03,6.562758e-02,8.593594e-02,2.151038e-02,8.973177e-02,6.557625e-03
1.822515e-02,5.130343e-04,1.121503e-03,7.121656e-04,6.883526e-03,3.591162e-03,2.362956e-01,2.947899e-01,6.815496e-03,8.168777e-03,9.663330e-02,1.426885e-01,3.475387e-02,1.360929e-01,1.271517e-02
1.684359e-02,6.687085e-04,8.482542e-04,9.430703e-04,7.551659e-03,2.942584e-03,1.965007e-01,2.115126e-01,1.300963e-02,6.822778e-02,8.506988e-02,1.504242e-01,5.532011e-02,1.476938e-01,4.244345e-02
3.133685e-02,3.235098e-03,9.591166e-04,2.187328e-03,1.381422e-02,5.459607e-03,1.544416e-01,1.518088e-01,1.970923e-02,6.641835e-02,1.067711e-01,1.683265e-01,5.385720e-02,1.866029e-01,3.507213e-02
3.347997e-02,6.263697e-03,9.360077e-04,2.076351e-03,1.650977e-02,5.923256e-03,1.235842e-01,1.068533e-01,1.844831e-02,7.790010e-02,1.687516e-01,1.625541e-01,4.120037e-02,2.040604e-01,3.145861e-02
2.826152e-02,8.797209e-03,9.508549e-04,1.583829e-03,1.826288e-02,5.931663e-03,9.508878e-02,7.500512e-02,1.424494e-02,8.502965e-02,1.547663e-01,2.489601e-01,3.137327e-02,2.078184e-01,2.392550e-02
2.105034e-02,8.992348e-03,9.534794e-04,1.150052e-03,1.745536e-02,6.035084e-03,6.962809e-02,5.262680e-02,1.044395e-02,7.467861e-02,1.493738e-01,3.831853e-01,2.286020e-02,1.643569e-01,1.720974e-02
2.327236e-02,9.896205e-03,1.607268e-03,1.003638e-03,1.666722e-02,6.312997e-03,5.251652e-02,3.740145e-02,7.942685e-03,5.787897e-02,1.440511e-01,4.625272e-01,1.809616e-02,1.481783e-01,1.264785e-02
2.447269e-02,8.187803e-03,1.519265e-03,8.728546e-04,1.378716e-02,5.945832e-03,3.922107e-02,2.651180e-02,7.057257e-03,4.993604e-02,1.399719e-01,4.704933e-01,1.712475e-02,1.849193e-01,9.978931e-03
1.939580e-02,8.048494e-03,1.800957e-03,7.326052e-04,1.079403e-02,5.265635e-03,2.752860e-02,1.870625e-02,5.862969e-03,3.820495e-02,1.265764e-01,5.714085e-01,1.252468e-02,1.458548e-01,7.295462e-03
1.646624e-02,7.623028e-03,2.328881e-03,7.050613e-04,9.704433e-03,4.099276e-03,1.932669e-02,1.343333e-02,5.480253e-03,3.033786e-02,1.193624e-01,6.422356e-01,9.238514e-03,1.143709e-01,5.287585e-03
1.187577e-02,6.582621e-03,2.357136e-03,5.804161e-04,8.069706e-03,2.984975e-03,1.354057e-02,9.607175e-03,1.588174e-02,2.204548e-02,2.553622e-01,5.438532e-01,6.728756e-03,9.673542e-02,3.794944e-03
9.634569e-03,6.464970e-03,2.283863e-03,6.429435e-04,9.686247e-03,2.321780e-03,9.518686e-03,7.029569e-03,6.087617e-02,1.662907e-02,3.404031e-01,4.340951e-01,5.234376e-03,9.231379e-02,2.865886e-03
9.916227e-03,6.478109e-03,2.483172e-03,7.387418e-04,1.072130e-02,1.800279e-03,6.700505e-03,5.516661e-03,8.366428e-02,1.265541e-02,4.431470e-01,3.239230e-01,4.067647e-03,8.582036e-02,2.367346e-03
1.736048e-02,5.473217e-03,3.896832e-03,1.630617e-03,1.229937e-02,2.631084e-03,5.014437e-03,5.387769e-03,7.690974e-02,1.085673e-02,4.958129e-01,2.921990e-01,3.830278e-03,6.466576e-02,2.031845e-03
1.549865e-02,5.857576e-03,6.472972e-03,2.334117e-03,1.151866e-02,2.095740e-03,3.627593e-03,6.554566e-03,7.545204e-02,8.383170e-03,5.856907e-01,2.212680e-01,3.062304e-03,5.058735e-02,1.596537e-03
3.816666e-02,5.310674e-03,5.730711e-03,2.834924e-03,1.083104e-02,2.149694e-03,2.644770e-03,6.716941e-03,1.075978e-01,7.526213e-03,5.868005e-01,1.728563e-01,3.024877e-03,4.638913e-02,1.419918e-03
5.953506e-02,6.033440e-03,5.585161e-03,3.931700e-03,1.289587e-02,2.405677e-03,1.981187e-03,5.592651e-03,1.468041e-01,8.001859e-03,5.552337e-01,1.486454e-01,2.950674e-03,3.822289e-02,2.180747e-03
5.059598e-02,8.895442e-03,4.872008e-03,3.380074e-03,1.333240e-02,3.532255e-03,1.557814e-03,4.876155e-03,2.857537e-01,6.968003e-03,4.665161e-01,1.161473e-01,2.478126e-03,2.864682e-02,2.447903e-03
5.334308e-02,9.191665e-03,9.849025e-03,3.716503e-03,1.496583e-02,1.750158e-02,3.036238e-03,1.735262e-02,2.797318e-01,1.028030e-02,4.496421e-01,9.380738e-02,3.902257e-03,2.926585e-02,4.413950e-03
5.386505e-02,1.085622e-02,1.322494e-02,4.747448e-03,1.655930e-02,2.630402e-02,3.532957e-03,2.337264e-02,3.180342e-01,1.378411e-02,4.056489e-01,7.230294e-02,4.049155e-03,2.880033e-02,4.917800e-03
5.458040e-02,1.543009e-02,1.186826e-02,3.989467e-03,1.765519e-02,6.793621e-02,2.771433e-03,2.006854e-02,3.167762e-01,2.053603e-02,3.707371e-01,5.638330e-02,4.922464e-03,2.774977e-02,8.595566e-03
5.741677e-02,1.611517e-02,1.061156e-02,3.351350e-03,1.566252e-02,7.125503e-02,2.815350e-03,1.710832e-02,2.913100e-01,2.035163e-02,4.077822e-01,4.568657e-02,6.211171e-03,2.618401e-02,8.138369e-03
5.704556e-02,1.976969e-02,8.025590e-03,3.488948e-03,1.444325e-02,1.318993e-01,2.200608e-03,1.312066e-02,2.376357e-01,1.650475e-02,4.070467e-01,3.849262e-02,1.733095e-02,2.159462e-02,1.140103e-02
5.190026e-02,2.232509e-02,6.010993e-03,3.365998e-03,1.429734e-02,1.172107e-01,1.715290e-03,1.017625e-02,2.072518e-01,1.249647e-02,4.723471e-01,2.993085e-02,2.156071e-02,1.652836e-02,1.288288e-02
4.331243e-02,2.100021e-02,4.837305e-03,3.195196e-03,2.049123e-02,9.000763e-02,1.675106e-03,9.448186e-03,1.704612e-01,9.854382e-03,5.606768e-01,2.301112e-02,1.893992e-02,1.239216e-02,1.069720e-02
5.304787e-02,2.775191e-02,4.024352e-03,4.634845e-03,2.210178e-02,7.667515e-02,1.379045e-03,9.211186e-03,1.846652e-01,7.448974e-03,5.466436e-01,2.293570e-02,2.057172e-02,9.213853e-03,9.694840e-03
5.493859e-02,3.593674e-02,3.680782e-03,4.160654e-03,3.112851e-02,6.201699e-02,1.509240e-03,9.186037e-03,1.877660e-01,5.714316e-03,5.467929e-01,2.340857e-02,1.875871e-02,7.058530e-03,7.943477e-03
7.766388e-02,4.189468e-02,5.075083e-02,8.274861e-03,3.140058e-02,6.680264e-02,2.393083e-03,8.862487e-03,1.650542e-01,5.156021e-03,4.638375e-01,4.050092e-02,2.101608e-02,8.043823e-03,8.348357e-03
1.111327e-01,3.450932e-02,1.296877e-01,1.127461e-02,3.064197e-02,5.571622e-02,3.374835e-03,2.495217e-02,1.417417e-01,3.904946e-03,3.722162e-01,4.104208e-02,2.223643e-02,9.346367e-03,8.222820e-03
1.494869e-01,2.987934e-02,1.052226e-01,9.548547e-03,3.317811e-02,6.600466e-02,3.311835e-03,2.789765e-02,1.379503e-01,2.990344e-03,3.494164e-01,3.924548e-02,2.347605e-02,1.397017e-02,8.421728e-03
1.744243e-01,2.259459e-02,7.646365e-02,7.384271e-03,3.358023e-02,6.188221e-02,2.729846e-03,2.381324e-02,1.061545e-01,2.443498e-03,3.384426e-01,9.179579e-02,3.079302e-02,2.060066e-02,6.897569e-03
1.551527e-01,1.719393e-02,5.537729e-02,5.511906e-03,3.625091e-02,5.756995e-02,2.047595e-03,1.918926e-02,8.223459e-02,1.870744e-03,3.608599e-01,1.402505e-01,4.292224e-02,1.839443e-02,5.174030e-03
1.632346e-01,1.347059e-02,7.427523e-02,4.911827e-03,5.495495e-02,4.773000e-02,1.050520e-02,2.715833e-02,6.432090e-02,1.690291e-03,2.870912e-01,1.836705e-01,4.669067e-02,1.554588e-02,4.749753e-03
1.455561e-01,1.050600e-02,5.772153e-02,4.203706e-03,4.253445e-02,6.616774e-02,1.177832e-02,3.296222e-02,5.056058e-02,1.859907e-03,2.063871e-01,2.998122e-01,5.352511e-02,1.221315e-02,4.211780e-03
1.275390e-01,1.033359e-02,4.634330e-02,3.499619e-03,3.448563e-02,7.854822e-02,1.108495e-02,3.115864e-02,3.905135e-02,2.262175e-03,1.490634e-01,3.865608e-01,6.444406e-02,1.101693e-02,4.608273e-03
9.446852e-02,8.856209e-03,4.725794e-02,2.757691e-03,2.753851e-02,6.147703e-02,1.567833e-02,2.846520e-02,2.935018e-02,1.902097e-03,1.048988e-01,3.452458e-01,1.822529e-01,8.891162e-03,4.095960e-02
8.452798e-02,7.384797e-03,5.284356e-02,2.383044e-03,2.296111e-02,4.996069e-02,1.873785e-02,2.306492e-02,2.175637e-02,1.579097e-03,7.387847e-02,2.797625e-01,2.846138e-01,7.110624e-03,6.943519e-02
8.505128e-02,5.758319e-03,4.002019e-02,2.487966e-03,1.690894e-02,7.506627e-02,1.582737e-02,1.639747e-02,1.576080e-02,1.473402e-03,5.255146e-02,1.998452e-01,3.904889e-01,5.113943e-03,7.724849e-02
6.088077e-02,4.056559e-03,2.853511e-02,1.886908e-03,1.233228e-02,6.229553e-02,1.215865e-02,1.159392e-02,1.119109e-02,1.250536e-03,3.783160e-02,1.447673e-01,4.488364e-01,3.634361e-03,1.587490e-01
4.289533e-02,2.845032e-03,2.005178e-02,1.411590e-03,8.844660e-03,4.846954e-02,8.835220e-03,8.235492e-03,7.898334e-03,1.216755e-03,2.765763e-02,1.044045e-01,4.753042e-01,2.612062e-03,2.393178e-01
3.022296e-02,2.036656e-03,1.405638e-02,1.034271e-03,6.222088e-03,3.747366e-02,6.235348e-03,5.790018e-03,5.681363e-03,2.196216e-03,2.052607e-02,7.604542e-02,6.023265e-01,2.030701e-03,1.881224e-01
2.126178e-02,1.433760e-03,9.956291e-03,7.983648e-04,4.494665e-03,2.808560e-02,4.525138e-03,4.138791e-03,4.050040e-03,2.566668e-03,1.598809e-02,5.539966e-02,6.913616e-01,1.456812e-03,1.544828e-01
1.489782e-02,1.009975e-03,6.994774e-03,6.620708e-04,4.345618e-03,2.028004e-02,3.379033e-03,3.304579e-03,2.979727e-03,2.753410e-03,1.410099e-02,4.185419e-02,7.625895e-01,1.065566e-03,1.197827e-01
1.047783e-02,7.266246e-04,4.943776e-03,9.952439e-04,4.656138e-03,1.546210e-02,2.491782e-03,3.601812e-03,2.636798e-03,5.436610e-03,1.647141e-02,3.617529e-02,8.019758e-01,9.711800e-04,9.297755e-02
7.460587e-03,5.351828e-04,3.551963e-03,1.757267e-03,5.872604e-03,1.230158e-02,1.864127e-03,3.904768e-03,2.935309e-03,9.159039e-03,2.564116e-02,3.466048e-02,7.907925e-01,9.389856e-04,9.862438e-02
5.346856e-03,4.452410e-04,2.774245e-03,2.085974e-03,1.315218e-02,1.027392e-02,1.572669e-03,3.441725e-03,3.623523e-03,1.546169e-02,3.861701e-02,4.396451e-02,7.806811e-01,8.859009e-04,7.767348e-02
3.786715e-03,3.443107e-04,2.030441e-03,1.989515e-03,1.212731e-02,8.340223e-03,1.312833e-03,4.143915e-03,3.280074e-03,1.523207e-02,3.975968e-02,7.004003e-02,7.781231e-01,7.057744e-04,5.878400e-02
2.676970e-03,2.504501e-04,1.463409e-03,1.446905e-03,9.642957e-03,6.037380e-03,9.457794e-04,3.277106e-03,3.266021e-03,1.507851e-02,3.566955e-02,1.575734e-01,7.202652e-01,6.014750e-04,4.180491e-02
1.901597e-03,1.927937e-04,1.073244e-03,1.073789e-03,1.461922e-02,4.267405e-03,7.198608e-04,3.906836e-03,1.410352e-02,1.324238e-02,2.794631e-02,1.922027e-01,6.946127e-01,4.415098e-04,2.969609e-02
1.367095e-03,1.521176e-04,7.988591e-04,8.616924e-04,1.542378e-02,3.068616e-03,5.611630e-04,5.569466e-03,1.773796e-02,1.454579e-02,2.236955e-02,2.539631e-01,6.421471e-01,3.520357e-04,2.108180e-02
1.062696e-03,1.533094e-04,6.888390e-04,8.726431e-04,1.325936e-02,2.731393e-03,4.864713e-04,9.380239e-03,1.964391e-02,2.059892e-02,1.856003e-02,3.199318e-01,5.775508e-01,2.792615e-04,1.480043e-02
8.331921e-04,1.261117e-04,5.827437e-04,7.254914e-04,2.031563e-02,2.237854e-03,4.646383e-04,9.442347e-03,2.236423e-02,2.647895e-02,1.572678e-02,4.235641e-01,4.664274e-01,2.474888e-04,1.046303e-02
8.107821e-04,1.015823e-04,5.933411e-04,8.874580e-04,1.821899e-02,2.770519e-03,6.972774e-04,1.641561e-02,1.986831e-02,6.478257e-02,1.397041e-02,4.721130e-01,3.811326e-01,2.760542e-04,7.361502e-03
1.689730e-03,9.957029e-05,7.747238e-04,9.175737e-04,4.099553e-02,4.524969e-03,1.140969e-03,3.220993e-02,2.806633e-02,6.989334e-02,1.164768e-02,4.946519e-01,3.077623e-01,3.933701e-04,5.232038e-03
2.056181e-03,9.352159e-05,6.481142e-04,8.206140e-04,4.629240e-02,4.532032e-03,9.662584e-04,3.435445e-02,3.285604e-02,6.564329e-02,9.879838e-03,5.665123e-01,2.312443e-01,4.149154e-04,3.685766e-03
3.123552e-03,1.725302e-04,4.914218e-04,9.375517e-04,8.746938e-02,3.643437e-03,1.071305e-03,3.416950e-02,7.476491e-02,5.294349e-02,1.094315e-02,5.498625e-01,1.774888e-01,3.259803e-04,2.592484e-03
3.761604e-03,1.433629e-04,4.133835e-04,7.573891e-04,1.566693e-01,3.089020e-03,1.671864e-03,3.014888e-02,7.417528e-02,3.898757e-02,1.648445e-02,5.362719e-01,1.353390e-01,2.657973e-04,1.821336e-03
3.574669e-03,1.725718e-04,5.440166e-04,6.781498e-04,2.832317e-01,2.904132e-03,2.046698e-03,3.095318e-02,9.672330e-02,2.752675e-02,1.320995e-02,4.377095e-01,9.924234e-02,2.015521e-04,1.281459e-03
3.694227e-03,1.719187e-04,1.375817e-03,9.760046e-04,3.563942e-01,2.195385e-03,2.003330e-03,8.278880e-02,1.122501e-01,1.947104e-02,1.011996e-02,3.344775e-01,7.300653e-02,1.696387e-04,9.055563e-04
3.907790e-03,2.737590e-04,2.467964e-03,1.095007e-03,4.121061e-01,1.717475e-03,1.876432e-03,1.111642e-01,1.418903e-01,1.378934e-02,7.806367e-03,2.472615e-01,5.384780e-02,1.533623e-04,6.426719e-04
7.507666e-03,3.475604e-04,3.365244e-03,8.600976e-04,4.564310e-01,1.997662e-03,2.363564e-03,1.155665e-01,1.316433e-01,9.794360e-03,7.400985e-03,2.178460e-01,4.415023e-02,2.394904e-04,4.862518e-04
1.558845e-02,4.269018e-04,3.669569e-03,6.810127e-04,5.350074e-01,1.788108e-03,2.333154e-03,9.099121e-02,1.289021e-01,6.949214e-03,6.254368e-03,1.698994e-01,3.691148e-02,2.310018e-04,3.665683e-04
6.847990e-02,7.769398e-04,1.004975e-02,7.558522e-04,5.279934e-01,1.686381e-03,3.768737e-03,8.137798e-02,1.203316e-01,5.102236e-03,6.143043e-03,1.366833e-01,3.602023e-02,5.141681e-04,3.163637e-04
1.283100e-01,9.994977e-04,9.965503e-03,6.256636e-04,5.432848e-01,3.390541e-03,3.891604e-03,5.894205e-02,9.730526e-02,3.911864e-03,9.255676e-03,1.095367e-01,2.926787e-02,7.369828e-04,5.760073e-04
1.619614e-01,1.116329e-03,8.996239e-03,6.163492e-04,5.590826e-01,4.426406e-03,4.214518e-03,4.278420e-02,7.945503e-02,2.863023e-03,1.103095e-02,9.836321e-02,2.368477e-02,7.068886e-04,6.979491e-04
1.714610e-01,1.109605e-03,7.279618e-03,6.697724e-04,6.051786e-01,4.018916e-03,3.459250e-03,3.154987e-02,5.995853e-02,2.053046e-03,1.378603e-02,8.002025e-02,1.821150e-02,5.663602e-04,6.776165e-04
1.691786e-01,1.522308e-03,5.941614e-03,1.029342e-03,6.263030e-01,3.900492e-03,4.043090e-03,3.445859e-02,4.565579e-02,1.508929e-03,1.325292e-02,7.303755e-02,1.897125e-02,5.089018e-04,6.876598e-04
1.679980e-01,1.503909e-03,4.571240e-03,1.051453e-03,6.487134e-01,4.400258e-03,3.390055e-03,2.578333e-02,3.561613e-02,1.117898e-03,2.277797e-02,6.433748e-02,1.758925e-02,4.637423e-04,6.858715e-04
1.605100e-01,2.236757e-03,3.459252e-03,1.666595e-03,5.147249e-01,2.685733e-02,4.472736e-03,2.094362e-02,3.660945e-02,1.012268e-03,1.862954e-02,5.525796e-02,1.520375e-01,3.581391e-04,1.224005e-03
1.212888e-01,1.884192e-03,2.452035e-03,1.480442e-03,3.638985e-01,5.783825e-02,3.652038e-03,1.494252e-02,2.868296e-02,7.532857e-04,1.325925e-02,4.063091e-02,3.479453e-01,2.582027e-04,1.033349e-03
9.332725e-02,1.382395e-03,1.780121e-03,1.345808e-03,2.557769e-01,1.714036e-01,2.741495e-03,1.065439e-02,2.082640e-02,5.404277e-04,9.452810e-03,2.938137e-02,4.000649e-01,1.853807e-04,1.136771e-03
6.590097e-02,1.055157e-03,1.320063e-03,1.840486e-03,1.791681e-01,2.181794e-01,2.068738e-03,7.534242e-03,1.553202e-02,4.075362e-04,6.798198e-03,2.381505e-02,4.740417e-01,1.358947e-04,2.202472e-03
4.639731e-02,9.039983e-04,9.584757e-04,1.472427e-03,1.255848e-01,1.622848e-01,1.594353e-03,5.304207e-03,1.150299e-02,3.246207e-04,4.981838e-03,1.901081e-02,6.040556e-01,1.012150e-04,1.552258e-02
3.268954e-02,6.960136e-04,7.551773e-04,1.241134e-03,8.817603e-02,1.279421e-01,1.266712e-03,3.715846e-03,8.209483e-03,3.317872e-04,3.943998e-03,1.634832e-02,6.934097e-01,8.515338e-05,2.118908e-02
2.297609e-02,5.263920e-04,5.417136e-04,1.016304e-03,6.190263e-02,1.077078e-01,1.000989e-03,2.604340e-03,6.079816e-03,4.025261e-04,7.986617e-03,1.980907e-02,7.424971e-01,3.711956e-04,2.457746e-02
1.629608e-02,3.857005e-04,3.904507e-04,9.346551e-04,4.380520e-02,1.136131e-01,8.157812e-04,1.894312e-03,4.773878e-03,3.863169e-03,7.198276e-02,5.058379e-02,6.397524e-01,7.387055e-04,5.017018e-02
1.160047e-02,3.036119e-04,2.893546e-04,1.173666e-03,3.129316e-02,8.551350e-02,7.133303e-04,1.493635e-03,8.896932e-03,1.859313e-02,1.055845e-01,6.347182e-02,5.744033e-01,1.020611e-02,8.646353e-02
8.251009e-03,2.838756e-04,2.450268e-04,1.168583e-03,2.264886e-02,6.409052e-02,6.117029e-04,1.206320e-03,3.562434e-02,5.595541e-02,1.168036e-01,5.779520e-02,4.656097e-01,2.587642e-02,1.438294e-01
5.970599e-03,4.823400e-04,3.157993e-04,1.327119e-03,1.668730e-02,4.607328e-02,5.172043e-04,1.093823e-03,7.314058e-02,7.609116e-02,1.108306e-01,4.969281e-02,3.489613e-01,5.902015e-02,2.097960e-01
4.460220e-03,7.366793e-04,6.744439e-04,1.847751e-03,1.245276e-02,3.384279e-02,4.994565e-04,1.033543e-03,1.664776e-01,7.995478e-02,9.306357e-02,4.041412e-02,2.544681e-01,8.564989e-02,2.244243e-01
3.963711e-03,9.657039e-04,8.960476e-04,2.445668e-03,8.991312e-03,2.539570e-02,4.113402e-04,7.968269e-04,2.041387e-01,6.171682e-02,6.732190e-02,2.856004e-02,1.789267e-01,6.787197e-02,3.475975e-01
5.312727e-03,9.104399e-04,7.998153e-04,2.584445e-03,6.416546e-03,2.094770e-02,3.290431e-04,6.084545e-04,2.160367e-01,4.768263e-02,5.100746e-02,2.023887e-02,1.264892e-01,6.085152e-02,4.397845e-01
1.836914e-02,1.380403e-03,9.623023e-04,3.023788e-03,4.663064e-03,1.914313e-02,2.828652e-04,4.920266e-04,2.411763e-01,3.504227e-02,4.184906e-02,1.488310e-02,9.039035e-02,7.216921e-02,4.561730e-01
2.327308e-02,1.809440e-03,1.378558e-03,2.314234e-03,3.459503e-03,1.486880e-02,2.561379e-04,5.129809e-04,2.853490e-01,2.494394e-02,3.122531e-02,1.074750e-02,6.485219e-02,8.802743e-02,4.469820e-01
2.589285e-02,1.834092e-03,3.085415e-03,2.064322e-03,3.136039e-03,1.228135e-02,2.711303e-04,1.580171e-03,3.145864e-01,1.779277e-02,2.291523e-02,7.662738e-03,4.620105e-02,1.043139e-01,4.363827e-01
2.873616e-02,2.905156e-03,4.429210e-03,1.924870e-03,3.444388e-03,1.320742e-02,2.360082e-04,2.062521e-03,2.878565e-01,1.300519e-02,1.676897e-02,5.450747e-03,3.279119e-02,1.087295e-01,4.784521e-01
2.806250e-02,5.230542e-03,5.577614e-03,1.947532e-03,3.882510e-03,1.447101e-02,2.720978e-04,2.536106e-03,3.113103e-01,1.056921e-02,1.262651e-02,4.046303e-03,2.491960e-02,1.144264e-01,4.601217e-01
2.265571e-02,6.783787e-03,6.657838e-03,3.649714e-03,4.928344e-03,1.135916e-02,2.454780e-04,3.000877e-03,4.332870e-01,9.814018e-03,1.132324e-02,3.641861e-03,2.094733e-02,9.209573e-02,3.696100e-01
2.729634e-02,7.359781e-03,2.739860e-02,1.296041e-02,7.576341e-03,8.889877e-03,3.646608e-04,2.420896e-02,3.898652e-01,8.974918e-03,1.536246e-02,4.192594e-03,2.034632e-02,1.143010e-01,3.309026e-01
3.461434e-02,1.005457e-02,4.053761e-02,2.010691e-02,1.192429e-02,6.919420e-03,4.156129e-04,5.567583e-02,3.165729e-01,9.233840e-03,1.933656e-02,4.994042e-03,1.753554e-02,1.020541e-01,3.500244e-01
4.755870e-02,1.331177e-02,4.837541e-02,1.755871e-02,1.140718e-02,5.466608e-03,5.989405e-04,6.813814e-02,2.438857e-01,7.525316e-03,1.579638e-02,3.694288e-03,1.310318e-02,1.059517e-01,3.976279e-01
6.188596e-02,2.571622e-02,4.711608e-02,1.649254e-02,9.830869e-03,4.538331e-03,9.864976e-04,7.378307e-02,2.267378e-01,8.760457e-03,1.212127e-02,2.680515e-03,1.053000e-02,1.070911e-01,3.917292e-01
6.033154e-02,2.898373e-02,9.411985e-02,4.085695e-02,1.161885e-02,3.968939e-03,1.279165e-03,1.061199e-01,2.023135e-01,7.840801e-03,9.695632e-03,2.012129e-03,8.588071e-03,8.905686e-02,3.332141e-01
5.681917e-02,4.132143e-02,2.202374e-01,3.879096e-02,1.811712e-02,3.481763e-03,1.130361e-03,9.583496e-02,1.587180e-01,7.037401e-03,7.191733e-03,1.499453e-03,6.452439e-03,6.370087e-02,2.796669e-01
5.835252e-02,5.868578e-02,3.075438e-01,3.787217e-02,2.405174e-02,3.224761e-03,9.918088e-04,8.170933e-02,1.285359e-01,1.148053e-02,5.644844e-03,1.291979e-03,5.227867e-03,4.564374e-02,2.297432e-01
5.660790e-02,5.979192e-02,4.143554e-01,3.674082e-02,2.926799e-02,3.164272e-03,8.578600e-04,7.438689e-02,1.009247e-01,9.448316e-03,4.228546e-03,1.060649e-03,4.410331e-03,3.348649e-02,1.712679e-01
6.646184e-02,1.081629e-01,4.164423e-01,3.264309e-02,3.884032e-02,3.390845e-03,8.646574e-04,7.721606e-02,8.931544e-02,7.006761e-03,3.206870e-03,9.698902e-04,3.430275e-03,2.574264e-02,1.263061e-01
8.687150e-02,1.053270e-01,4.418057e-01,4.159921e-02,3.762702e-02,3.815183e-03,1.045878e-03,6.465243e-02,7.967146e-02,6.228157e-03,3.266732e-03,2.239733e-03,3.634162e-03,2.135233e-02,1.008635e-01
1.811370e-01,9.497714e-02,3.510532e-01,5.122948e-02,4.312921e-02,8.678048e-03,1.175749e-03,5.939785e-02,8.448564e-02,6.383065e-03,4.442734e-03,3.444764e-03,6.193234e-03,1.753785e-02,8.673503e-02
2.054909e-01,8.160734e-02,2.987184e-01,1.008894e-01,4.212796e-02,9.685086e-03,1.146360e-03,6.146930e-02,7.265361e-02,8.709623e-03,5.518382e-03,4.517993e-03,5.943723e-03,1.434306e-02,8.717891e-02
3.133003e-01,5.988189e-02,2.517841e-01,1.065568e-01,3.405057e-02,8.368766e-03,1.518609e-03,7.091378e-02,5.326956e-02,7.712529e-03,5.167926e-03,4.984616e-03,5.438306e-03,1.149097e-02,6.556135e-02
3.014134e-01,4.264856e-02,2.262111e-01,1.154528e-01,2.832252e-02,6.765371e-03,2.285966e-03,1.652900e-01,3.829877e-02,5.919530e-03,4.189368e-03,4.170800e-03,4.167064e-03,8.271892e-03,4.659289e-02
2.522320e-01,3.030184e-02,2.530189e-01,1.290803e-01,2.043093e-02,5.458298e-03,2.686533e-03,2.260161e-01,2.740561e-02,4.463503e-03,3.342221e-03,3.152438e-03,3.064578e-03,5.982811e-03,3.336397e-02
2.551013e-01,2.149570e-02,2.190175e-01,1.072002e-01,1.492541e-02,4.691050e-03,2.930536e-03,3.140122e-01,2.089914e-02,3.651320e-03,2.796463e-03,2.489514e-03,2.284636e-03,4.546646e-03,2.395842e-02
2.458851e-01,1.548480e-02,1.969502e-01,8.206618e-02,1.088206e-02,6.034639e-03,2.500464e-03,3.811710e-01,1.642701e-02,5.950425e-03,6.236695e-03,3.747868e-03,3.244893e-03,5.154592e-03,1.826406e-02
2.193499e-01,1.137416e-02,1.420308e-01,6.286255e-02,7.741582e-03,5.229384e-03,1.820520e-03,3.121710e-01,1.689902e-02,2.098635e-02,5.267395e-02,7.626031e-02,1.280720e-02,4.295604e-02,1.483708e-02
1.862237e-01,8.623471e-03,1.013251e-01,4.785595e-02,5.484551e-03,4.355284e-03,1.333830e-03,2.501913e-01,1.443245e-02,2.150126e-02,1.065028e-01,9.787779e-02,7.818679e-02,6.239327e-02,1.371235e-02
1.344457e-01,6.287193e-03,7.129579e-02,3.507181e-02,3.881087e-03,3.513267e-03,9.561130e-04,1.780444e-01,2.319186e-02,2.769000e-02,1.099975e-01,9.468498e-02,2.328985e-01,6.645671e-02,1.158510e-02
9.868544e-02,5.924609e-03,5.057866e-02,2.597727e-02,2.825876e-03,3.662540e-03,7.003278e-04,1.269063e-01,5.052931e-02,8.943063e-02,1.173669e-01,7.763071e-02,1.902359e-01,1.400181e-01,1.952740e-02
7.106447e-02,8.096309e-03,3.579228e-02,1.921128e-02,2.053106e-03,3.785362e-03,5.133334e-04,8.941562e-02,4.789897e-02,1.622918e-01,9.519204e-02,5.858721e-02,1.417905e-01,2.348288e-01,2.947892e-02
5.083018e-02,2.841669e-02,2.779136e-02,1.697479e-02,1.544059e-03,4.702933e-03,4.026254e-04,6.315786e-02,7.659334e-02,1.396910e-01,7.918816e-02,4.212198e-02,1.011153e-01,3.112575e-01,5.621231e-02
3.628187e-02,5.383305e-02,2.424852e-02,1.530231e-02,1.342662e-03,4.436623e-03,3.156440e-04,4.475817e-02,1.202594e-01,1.196264e-01,6.401542e-02,3.069201e-02,7.227534e-02,3.383244e-01,7.428816e-02
2.618420e-02,6.638821e-02,2.034281e-02,1.521445e-02,1.678094e-03,4.362116e-03,3.340692e-04,3.239487e-02,2.710201e-01,8.615489e-02,4.990366e-02,2.342425e-02,5.190910e-02,2.943275e-01,5.636165e-02
1.880916e-02,7.240553e-02,1.490101e-02,1.152022e-02,1.444656e-03,4.895133e-03,3.133907e-04,2.298851e-02,3.291803e-01,6.159883e-02,3.758299e-02,1.850953e-02,3.715217e-02,3.246194e-01,4.407914e-02
1.385070e-02,7.909500e-02,1.081594e-02,9.934335e-03,1.261779e-03,6.057526e-03,2.687281e-04,1.640490e-02,3.541117e-01,4.571188e-02,3.827059e-02,1.707402e-02,2.737405e-02,3.444495e-01,3.531937e-02
9.772372e-03,6.929598e-02,8.963076e-03,1.429175e-02,1.112476e-03,6.410467e-03,2.011898e-04,1.172251e-02,4.955592e-01,3.339026e-02,2.899168e-02,1.338503e-02,2.027644e-02,2.591637e-01,2.746389e-02
7.699822e-03,6.093926e-02,7.907208e-03,1.551447e-02,2.283986e-03,4.276908e-02,2.830377e-04,9.280525e-03,5.298087e-01,2.454280e-02,3.464271e-02,1.236931e-02,1.974306e-02,2.043888e-01,2.782726e-02
6.192249e-03,5.087567e-02,6.468959e-03,2.973497e-02,2.551095e-03,3.733014e-02,2.237587e-04,1.047357e-02,5.486101e-01,2.151462e-02,5.418387e-02,1.043422e-02,1.529205e-02,1.768570e-01,2.925778e-02
4.554729e-03,4.458550e-02,4.828479e-03,2.745944e-02,2.409104e-03,2.953285e-02,1.634169e-04,7.541319e-03,6.255606e-01,1.957285e-02,4.338512e-02,8.101443e-03,1.171342e-02,1.335248e-01,3.706690e-02
3.401271e-03,3.952001e-02,3.983847e-03,2.516082e-02,3.127426e-03,2.323416e-02,1.234119e-04,5.523061e-03,6.685386e-01,2.134919e-02,3.385469e-02,6.023302e-03,8.811227e-03,9.732049e-02,6.002847e-02
2.505956e-03,3.181427e-02,2.863952e-03,1.873790e-02,2.432771e-03,1.785774e-02,9.154953e-05,3.947300e-03,7.186514e-01,1.790680e-02,2.416006e-02,4.326851e-03,6.746359e-03,7.297716e-02,7.497992e-02
1.898346e-03,2.497776e-02,2.116265e-03,1.398521e-02,2.840660e-03,1.504477e-02,7.515896e-05,2.896434e-03,7.662367e-01,1.587287e-02,1.801662e-02,3.154112e-03,5.718466e-03,5.558772e-02,7.157899e-02
