1.000000e+00,0.000000e+00,0.000000e+00,0.000000e+00,0.000000e+00,0.000000e+00,0.000000e+00,0.000000e+00,0.000000e+00,0.000000e+00,0.000000e+00,0.000000e+00,0.000000e+00,0.000000e+00,0.000000e+00
1.000000e+00,0.000000e+00,0.000000e+00,0.000000e+00,0.000000e+00,0.000000e+00,0.000000e+00,0.000000e+00,0.000000e+00,0.000000e+00,0.000000e+00,0.000000e+00,0.000000e+00,0.000000e+00,0.000000e+00
1.000000e+00,0.000000e+00,0.000000e+00,0.000000e+00,0.000000e+00,0.000000e+00,0.000000e+00,0.000000e+00,0.000000e+00,0.000000e+00,0.000000e+00,0.000000e+00,0.000000e+00,0.000000e+00,0.000000e+00
1.000000e+00,0.000000e+00,0.000000e+00,0.000000e+00,0.000000e+00,0.000000e+00,0.000000e+00,0.000000e+00,0.000000e+00,0.000000e+00,0.000000e+00,0.000000e+00,0.000000e+00,0.000000e+00,0.000000e+00
1.000000e+00,0.000000e+00,0.000000e+00,0.000000e+00,0.000000e+00,0.000000e+00,0.000000e+00,0.000000e+00,0.000000e+00,0.000000e+00,0.000000e+00,0.000000e+00,0.000000e+00,0.000000e+00,0.000000e+00
1.000000e+00,0.000000e+00,0.000000e+00,0.000000e+00,0.000000e+00,0.000000e+00,0.000000e+00,0.000000e+00,0.000000e+00,0.000000e+00,0.000000e+00,0.000000e+00,0.000000e+00,0.000000e+00,0.000000e+00
1.000000e+00,0.000000e+00,0.000000e+00,0.000000e+00,0.000000e+00,0.000000e+00,0.000000e+00,0.000000e+00,0.000000e+00,0.000000e+00,0.000000e+00,0.000000e+00,0.000000e+00,0.000000e+00,0.000000e+00
1.000000e+00,0.000000e+00,0.000000e+00,0.000000e+00,0.000000e+00,0.000000e+00,0.000000e+00,0.000000e+00,0.000000e+00,0.000000e+00,0.000000e+00,0.000000e+00,0.000000e+00,0.000000e+00,0.000000e+00
1.000000e+00,0.000000e+00,0.000000e+00,0.000000e+00,0.000000e+00,0.000000e+00,0.000000e+00,0.000000e+00,0.000000e+00,0.000000e+00,0.000000e+00,0.000000e+00,0.000000e+00,0.000000e+00,0.000000e+00
1.000000e+00,0.000000e+00,0.000000e+00,0.000000e+00,0.000000e+00,0.000000e+00,0.000000e+00,0.000000e+00,0.000000e+00,0.000000e+00,0.000000e+00,0.000000e+00,0.000000e+00,0.000000e+00,0.000000e+00
1.000000e+00,0.000000e+00,0.000000e+00,0.000000e+00,0.000000e+00,0.000000e+00,0.000000e+00,0.000000e+00,0.000000e+00,0.000000e+00,0.000000e+00,0.000000e+00,0.000000e+00,0.000000e+00,0.000000e+00
1.000000e+00,0.000000e+00,0.000000e+00,0.000000e+00,0.000000e+00,0.000000e+00,0.000000e+00,0.000000e+00,0.000000e+00,0.000000e+00,0.000000e+00,0.000000e+00,0.000000e+00,0.000000e+00,0.000000e+00
1.000000e+00,0.000000e+00,0.000000e+00,0.000000e+00,0.000000e+00,0.000000e+00,0.000000e+00,0.000000e+00,0.000000e+00,0.000000e+00,0.000000e+00,0.000000e+00,0.000000e+00,0.000000e+00,0.000000e+00
1.000000e+00,0.000000e+00,0.000000e+00,0.000000e+00,0.000000e+00,0.000000e+00,0.000000e+00,0.000000e+00,0.000000e+00,0.000000e+00,0.000000e+00,0.000000e+00,0.000000e+00,0.000000e+00,0.000000e+00
1.000000e+00,0.000000e+00,0.000000e+00,0.000000e+00,0.000000e+00,0.000000e+00,0.000000e+00,0.000000e+00,0.000000e+00,0.000000e+00,0.000000e+00,0.000000e+00,0.000000e+00,0.000000e+00,0.000000e+00
1.000000e+00,0.000000e+00,0.000000e+00,0.000000e+00,0.000000e+00,0.000000e+00,0.000000e+00,0.000000e+00,0.000000e+00,0.000000e+00,0.000000e+00,0.000000e+00,0.000000e+00,0.000000e+00,0.000000e+00
3.625363e-01,1.781515e-02,1.755006e-02,5.224091e-02,2.125757e-02,8.213584e-02,3.176636e-01,7.093015e-02,3.828024e-03,1.096314e-03,6.651060e-03,2.179410e-02,1.446641e-02,1.847279e-03,8.187136e-03
2.548739e-01,1.265181e-02,1.351112e-02,3.679916e-02,1.929210e-02,6.154943e-02,5.061834e-01,5.379682e-02,2.707501e-03,7.955027e-04,4.754349e-03,1.533885e-02,1.062907e-02,1.312125e-03,5.804779e-03
1.860656e-01,9.178936e-03,1.321812e-02,2.748984e-02,8.035601e-02,5.252806e-02,5.447364e-01,4.654366e-02,2.071975e-03,1.692166e-03,8.402803e-03,1.154591e-02,9.896953e-03,1.065277e-03,5.208184e-03
1.304244e-01,6.465325e-03,9.308049e-03,1.935805e-02,5.830216e-02,3.745332e-02,6.508932e-01,3.288875e-02,1.563565e-03,1.416578e-03,1.734135e-02,9.776233e-03,1.240253e-02,9.573222e-04,1.144913e-02
9.362109e-02,4.724994e-03,6.541324e-03,1.369343e-02,4.273906e-02,2.853610e-02,6.073236e-01,2.320277e-02,1.229875e-03,1.347856e-03,3.373370e-02,3.645338e-02,6.381939e-02,1.575266e-03,4.145813e-02
7.734548e-02,3.826477e-03,4.609657e-03,9.953084e-03,3.243556e-02,2.470261e-02,5.013210e-01,1.661489e-02,1.166061e-03,1.489361e-03,4.628487e-02,5.989428e-02,1.364841e-01,3.180952e-03,8.069162e-02
7.661524e-02,3.926813e-03,3.341024e-03,8.638120e-03,2.792560e-02,3.099166e-02,4.023855e-01,1.362478e-02,3.320181e-03,1.621386e-03,9.219646e-02,7.331490e-02,1.832705e-01,1.339057e-02,6.543719e-02
9.280327e-02,4.224776e-03,2.442542e-03,9.025103e-03,2.410064e-02,4.266609e-02,3.245504e-01,1.017120e-02,8.262925e-03,2.049097e-03,9.389447e-02,7.819131e-02,2.378926e-01,1.695143e-02,5.277407e-02
7.065798e-02,3.735728e-03,1.793620e-03,8.860580e-03,1.792867e-02,3.886640e-02,2.457641e-01,7.516934e-03,1.191823e-02,2.890484e-03,8.398072e-02,8.316212e-02,3.539088e-01,2.386984e-02,4.514581e-02
5.219334e-02,4.340540e-03,3.920416e-03,4.035842e-02,1.458882e-02,3.884370e-02,1.738415e-01,8.544597e-03,1.262928e-01,8.800198e-03,7.226530e-02,7.745381e-02,2.920603e-01,2.722272e-02,5.927356e-02
3.773699e-02,4.822256e-03,4.251261e-03,5.605444e-02,1.133207e-02,3.832331e-02,1.234080e-01,7.263149e-03,1.446547e-01,1.710470e-02,9.476258e-02,1.172874e-01,2.472093e-01,3.809414e-02,5.769572e-02
2.758955e-02,3.799678e-03,4.454882e-03,4.353130e-02,9.505713e-03,2.750622e-02,8.717514e-02,6.254790e-03,1.172564e-01,4.489199e-02,1.540014e-01,9.800245e-02,1.860992e-01,1.299772e-01,5.995402e-02
2.002652e-02,3.888115e-03,1.016715e-02,3.416912e-02,8.407499e-03,1.956464e-02,6.128290e-02,4.762629e-03,9.492079e-02,5.403448e-02,1.921881e-01,9.287013e-02,1.362969e-01,2.113754e-01,5.604565e-02
1.570772e-02,2.993065e-03,8.274486e-03,2.634186e-02,7.185369e-03,1.468155e-02,4.318541e-02,4.607684e-03,7.378701e-02,6.969467e-02,1.472781e-01,7.054495e-02,9.846218e-02,3.653097e-01,5.194626e-02
2.307440e-02,3.573918e-03,7.241675e-03,2.379481e-02,1.042845e-02,1.189908e-02,3.099582e-02,4.392048e-03,7.408340e-02,9.692638e-02,1.365207e-01,6.788532e-02,8.519582e-02,3.559810e-01,6.800711e-02
2.213795e-02,3.353113e-03,7.220408e-03,1.787922e-02,1.011173e-02,8.890229e-03,2.188655e-02,3.396558e-03,5.635359e-02,7.787861e-02,1.450310e-01,5.632252e-02,7.625578e-02,4.236810e-01,6.960166e-02
2.423672e-02,3.112929e-03,1.112935e-02,1.854880e-02,8.442506e-03,7.737535e-03,1.577021e-02,3.497996e-03,4.655780e-02,6.025957e-02,1.950410e-01,4.823121e-02,6.383860e-02,4.298981e-01,6.369771e-02
2.164781e-02,2.634641e-03,1.005261e-02,1.818670e-02,6.719144e-03,6.415874e-03,1.115316e-02,2.678788e-03,3.756154e-02,4.852169e-02,2.418974e-01,4.579046e-02,5.550773e-02,4.377347e-01,5.349775e-02
3.864686e-02,3.706423e-03,2.055233e-02,1.561959e-02,6.821044e-03,1.466387e-02,8.479629e-03,2.643884e-03,3.048654e-02,4.714452e-02,2.670881e-01,3.792331e-02,4.544633e-02,3.822490e-01,7.852860e-02
4.933905e-02,3.524362e-03,1.689145e-02,1.513948e-02,6.937248e-03,1.635070e-02,6.569402e-03,2.438784e-03,2.936175e-02,7.079940e-02,3.687380e-01,3.119366e-02,3.598825e-02,2.855906e-01,6.113793e-02
4.409942e-02,7.076205e-03,1.343419e-02,1.531985e-02,7.890728e-03,1.244988e-02,4.991914e-03,2.459578e-03,2.377653e-01,6.846373e-02,2.806558e-01,2.848555e-02,2.687473e-02,2.035777e-01,4.645545e-02
4.936446e-02,1.212162e-02,1.152608e-02,1.294418e-02,8.294682e-03,2.504395e-02,1.319927e-02,2.840520e-02,2.475618e-01,6.372100e-02,2.487005e-01,5.152037e-02,2.274066e-02,1.613351e-01,4.352119e-02
4.269573e-02,2.962396e-02,1.101022e-02,1.211890e-02,9.264642e-03,2.156520e-02,1.129104e-02,2.751537e-02,3.366828e-01,6.017967e-02,2.098553e-01,4.829822e-02,1.806711e-02,1.190922e-01,4.273969e-02
4.063038e-02,2.181901e-02,1.238009e-02,9.657921e-03,1.530261e-02,2.067947e-02,2.449012e-02,1.460681e-01,3.109133e-01,6.505256e-02,1.630130e-01,3.929877e-02,1.439721e-02,8.586784e-02,3.042967e-02
4.173937e-02,1.728228e-02,5.863761e-02,1.373058e-02,1.448790e-02,3.311541e-02,2.990941e-02,2.081855e-01,2.692182e-01,5.828135e-02,1.305791e-01,2.962404e-02,1.142285e-02,6.125763e-02,2.252884e-02
3.512984e-02,1.363074e-02,5.832078e-02,2.453836e-02,1.358330e-02,7.595057e-02,2.503925e-02,3.124750e-01,2.034877e-01,4.715685e-02,9.534023e-02,2.321949e-02,1.035094e-02,4.310429e-02,1.867268e-02
2.959786e-02,1.300768e-02,5.823005e-02,1.921527e-02,1.380674e-02,5.903640e-02,2.732432e-02,4.414070e-01,1.583888e-01,3.762976e-02,7.136072e-02,1.698612e-02,9.491785e-03,3.112336e-02,1.339422e-02
2.379842e-02,9.884958e-03,5.368673e-02,1.492113e-02,1.285751e-02,4.347197e-02,2.533916e-02,5.645132e-01,1.184915e-01,2.920723e-02,5.183046e-02,1.209561e-02,7.978262e-03,2.241449e-02,9.509343e-03
1.901074e-02,7.719037e-03,4.965513e-02,1.327876e-02,1.516734e-02,3.113713e-02,2.033369e-02,6.465186e-01,9.215234e-02,2.356317e-02,4.317112e-02,8.777071e-03,6.567790e-03,1.605142e-02,6.896682e-03
2.216981e-02,9.803401e-03,5.178764e-02,1.262534e-02,1.862929e-02,2.270320e-02,1.613880e-02,6.860946e-01,8.117944e-02,1.909707e-02,3.125618e-02,6.332307e-03,5.274351e-03,1.140513e-02,5.503464e-03
2.460763e-02,1.058163e-02,6.559870e-02,1.483805e-02,2.401950e-02,1.644566e-02,1.248171e-02,6.984358e-01,7.419788e-02,1.447618e-02,2.251128e-02,4.709239e-03,4.383401e-03,8.152667e-03,4.560689e-03
3.561293e-02,2.066360e-02,7.479205e-02,1.716944e-02,2.357735e-02,1.236559e-02,1.278658e-02,6.757099e-01,8.013076e-02,1.188492e-02,1.635599e-02,3.632664e-03,4.005072e-03,6.602263e-03,4.710889e-03
4.491423e-02,4.365276e-02,8.815395e-02,1.548083e-02,2.193292e-02,9.266349e-03,1.228805e-02,6.333336e-01,9.165531e-02,9.647391e-03,1.223474e-02,2.876307e-03,3.331040e-03,6.231860e-03,5.000716e-03
5.046117e-02,4.584670e-02,8.907014e-02,1.324041e-02,2.274518e-02,7.651888e-03,1.414312e-02,6.235407e-01,9.916775e-02,7.830540e-03,9.085010e-03,2.368603e-03,3.212659e-03,6.978977e-03,4.657174e-03
7.082689e-02,3.950789e-02,7.022091e-02,1.199629e-02,2.056268e-02,7.051842e-03,1.618376e-02,6.047218e-01,1.279713e-01,6.011265e-03,7.433576e-03,3.851844e-03,3.484109e-03,5.509060e-03,4.666815e-03
9.188519e-02,3.617106e-02,6.114874e-02,1.220165e-02,1.759332e-02,6.917133e-03,1.630151e-02,6.024498e-01,1.247167e-01,4.949959e-03,6.195969e-03,6.357360e-03,3.713672e-03,4.467493e-03,4.930535e-03
1.338487e-01,2.810637e-02,4.791197e-02,1.086220e-02,1.452421e-02,8.541758e-03,1.469135e-02,5.994405e-01,1.086185e-01,4.006609e-03,5.742682e-03,9.971818e-03,4.474307e-03,3.576476e-03,5.682539e-03
1.750513e-01,2.439006e-02,3.590659e-02,1.616720e-02,1.099995e-02,1.222147e-02,1.101476e-02,5.294329e-01,8.499809e-02,4.550477e-03,2.099305e-02,3.970957e-02,2.303814e-02,3.524780e-03,8.001737e-03
2.794023e-01,1.946426e-02,2.747122e-02,1.731496e-02,9.382376e-03,1.837404e-02,8.741737e-03,4.148076e-01,6.703880e-02,6.180570e-03,2.862747e-02,4.337865e-02,4.758668e-02,3.832692e-03,8.396713e-03
2.907722e-01,1.607914e-02,1.994463e-02,2.226926e-02,7.314565e-03,1.598367e-02,6.542644e-03,2.992451e-01,5.930251e-02,9.592986e-03,3.089758e-02,3.858707e-02,1.653725e-01,4.084655e-03,1.401160e-02
3.115688e-01,1.315620e-02,1.496826e-02,2.656974e-02,6.201122e-03,1.366492e-02,5.039860e-03,2.159905e-01,5.465107e-02,1.196873e-02,3.340951e-02,3.271435e-02,2.361647e-01,5.356267e-03,1.857602e-02
2.920950e-01,1.120570e-02,1.191943e-02,2.426238e-02,6.828653e-03,1.055514e-02,4.214642e-03,1.552111e-01,5.721784e-02,9.319842e-03,3.556398e-02,2.560803e-02,3.334998e-01,6.148191e-03,1.635027e-02
2.718549e-01,1.024603e-02,9.626223e-03,3.130791e-02,9.024788e-03,8.480490e-03,3.941885e-03,1.122993e-01,7.257145e-02,7.212847e-03,3.731261e-02,1.987420e-02,3.827760e-01,7.098357e-03,1.637300e-02
3.263886e-01,9.799553e-03,7.812810e-03,2.744341e-02,9.993061e-03,7.922680e-03,3.573250e-03,8.030400e-02,6.663348e-02,6.218524e-03,3.175505e-02,1.902920e-02,3.788805e-01,7.044686e-03,1.720117e-02
2.324008e-01,7.240645e-03,5.670156e-03,2.363175e-02,8.615644e-03,5.950428e-03,2.758789e-03,5.688754e-02,5.056863e-02,5.843065e-03,2.751775e-02,1.483602e-02,4.914400e-01,6.336255e-03,6.030247e-02
1.661900e-01,5.472780e-03,4.263817e-03,1.718127e-02,7.177051e-03,4.445560e-03,2.134209e-03,4.012170e-02,4.208107e-02,4.779130e-03,2.092833e-02,1.210021e-02,5.831320e-01,5.796348e-03,8.419658e-02
1.179280e-01,3.883423e-03,3.172260e-03,1.305351e-02,6.105998e-03,3.651624e-03,1.596912e-03,2.851139e-02,3.812305e-02,4.213491e-03,1.943342e-02,1.136036e-02,6.378953e-01,5.755569e-03,1.053156e-01
8.376482e-02,2.831404e-03,2.805781e-03,1.023833e-02,5.458082e-03,2.747676e-03,1.180566e-03,2.045967e-02,3.444789e-02,3.674852e-03,1.760014e-02,1.000555e-02,6.239970e-01,4.505165e-03,1.762830e-01
6.039833e-02,2.120756e-03,2.464725e-03,9.449807e-03,5.036463e-03,2.473257e-03,9.020719e-04,1.466568e-02,3.489824e-02,2.965370e-03,1.397602e-02,7.889905e-03,5.509607e-01,3.832035e-03,2.879667e-01
4.309323e-02,1.971873e-03,4.129725e-03,2.156055e-02,1.922795e-02,1.822085e-03,7.141649e-04,1.227665e-02,4.644472e-02,2.413919e-03,1.636789e-02,6.271138e-03,4.206448e-01,3.314780e-03,3.997466e-01
3.091015e-02,1.821312e-03,4.683556e-03,3.686129e-02,1.664438e-02,1.629252e-03,5.206605e-04,1.032563e-02,9.418492e-02,2.127981e-03,1.642304e-02,5.194290e-03,3.143056e-01,2.663064e-03,4.617049e-01
2.288452e-02,2.164200e-03,4.026324e-02,4.844952e-02,1.766060e-02,1.312343e-03,4.059714e-04,1.999385e-02,7.972490e-02,1.710052e-03,2.405362e-02,4.114745e-03,2.570448e-01,3.976490e-03,4.762412e-01
1.951215e-02,2.512918e-03,1.260089e-01,9.631567e-02,2.110956e-02,1.065223e-03,3.272209e-04,2.379642e-02,5.957004e-02,1.288472e-03,2.299212e-02,3.075954e-03,1.907705e-01,3.798545e-03,4.278564e-01
1.521745e-02,5.362369e-03,1.528583e-01,7.936358e-02,1.921290e-02,9.175476e-04,3.042727e-04,8.998046e-02,5.199442e-02,1.155790e-03,2.031875e-02,2.413634e-03,1.406688e-01,4.411881e-03,4.158199e-01
1.328995e-02,6.216160e-03,1.831695e-01,6.672387e-02,1.618757e-02,8.704779e-04,3.067511e-04,1.172443e-01,4.038892e-02,9.387996e-04,1.498988e-02,1.749572e-03,9.986723e-02,4.172824e-03,4.338842e-01
1.359482e-02,7.418334e-03,2.488800e-01,6.995255e-02,1.449178e-02,8.391413e-04,3.449474e-04,1.198284e-01,3.305778e-02,7.662235e-04,1.117757e-02,1.278299e-03,7.091763e-02,4.417636e-03,4.030348e-01
1.250385e-02,6.413742e-03,2.786306e-01,8.645377e-02,1.280783e-02,7.486759e-04,3.324462e-04,1.598232e-01,2.747031e-02,6.671430e-04,8.445723e-03,9.665748e-04,5.056995e-02,3.713008e-03,3.504532e-01
1.532725e-02,6.926775e-03,2.915611e-01,8.956184e-02,1.351645e-02,7.483911e-04,3.676996e-04,1.883428e-01,2.326465e-02,7.181918e-04,6.640302e-03,8.320425e-04,3.602230e-02,3.565157e-03,3.226050e-01
1.833840e-02,1.117544e-02,3.438997e-01,8.863199e-02,1.288205e-02,7.632216e-04,4.119067e-04,1.597763e-01,2.637765e-02,1.106036e-03,5.379797e-03,8.241109e-04,2.562042e-02,6.190254e-03,2.986228e-01
2.866089e-02,1.281701e-02,3.250286e-01,7.457196e-02,1.516105e-02,8.353481e-04,4.416491e-04,1.407892e-01,3.403745e-02,3.249710e-03,4.738280e-03,9.496820e-04,1.866063e-02,1.824658e-02,3.218120e-01
4.377414e-02,1.644702e-02,2.781766e-01,6.408747e-02,2.309325e-02,9.439101e-04,5.636040e-04,1.561620e-01,4.139428e-02,6.674479e-03,4.268965e-03,1.143651e-03,1.366955e-02,3.974718e-02,3.098540e-01
5.512629e-02,1.712643e-02,2.296329e-01,6.190347e-02,4.186795e-02,1.580173e-03,8.370912e-04,2.380559e-01,4.337188e-02,1.022791e-02,4.774705e-03,1.856425e-03,1.011484e-02,3.490273e-02,2.486213e-01
9.269427e-02,1.866560e-02,1.923205e-01,5.402846e-02,5.244511e-02,2.303642e-03,1.313014e-03,2.779523e-01,4.707754e-02,9.322569e-03,5.210301e-03,3.283771e-03,8.278482e-03,3.344867e-02,2.016559e-01
1.430345e-01,1.756712e-02,1.443854e-01,5.287043e-02,4.829910e-02,2.848086e-03,1.607759e-03,3.485834e-01,4.283575e-02,7.348370e-03,5.063344e-03,3.383456e-03,6.589022e-03,2.700206e-02,1.485822e-01
2.038835e-01,1.452033e-02,1.051749e-01,4.642502e-02,4.258130e-02,3.556627e-03,1.994487e-03,3.923631e-01,3.715583e-02,6.439718e-03,5.022464e-03,4.982145e-03,5.844948e-03,2.211387e-02,1.079419e-01
2.887409e-01,1.320725e-02,7.765104e-02,4.196462e-02,3.749631e-02,4.644613e-03,2.447355e-03,3.753160e-01,3.494018e-02,7.329548e-03,6.068923e-03,7.207870e-03,5.750882e-03,1.779279e-02,7.944172e-02
3.374600e-01,1.067592e-02,6.103578e-02,3.807154e-02,2.949851e-02,5.744681e-03,2.922688e-03,3.850588e-01,3.015533e-02,6.758155e-03,6.310295e-03,8.525076e-03,5.344135e-03,1.403913e-02,5.839994e-02
3.699871e-01,8.713281e-03,5.185318e-02,4.401959e-02,2.368951e-02,7.331628e-03,3.989740e-03,3.757730e-01,2.381379e-02,7.769203e-03,8.080643e-03,1.151000e-02,6.217805e-03,1.168205e-02,4.556946e-02
3.637194e-01,7.331831e-03,3.992585e-02,4.108502e-02,1.885853e-02,6.897212e-03,3.419599e-03,4.308379e-01,1.803995e-02,6.438558e-03,6.369899e-03,9.251419e-03,5.082688e-03,8.878345e-03,3.386369e-02
3.916978e-01,6.109126e-03,3.041415e-02,3.261955e-02,1.596529e-02,6.705072e-03,3.058330e-03,4.444293e-01,1.322626e-02,5.103542e-03,5.485727e-03,8.322422e-03,4.581736e-03,6.753331e-03,2.552823e-02
4.057572e-01,4.787364e-03,2.291759e-02,2.476962e-02,1.265509e-02,6.430874e-03,2.562477e-03,4.649843e-01,9.797519e-03,4.012607e-03,4.898270e-03,7.617560e-03,4.305018e-03,5.158155e-03,1.934619e-02
4.634005e-01,4.126330e-03,1.716517e-02,1.952540e-02,1.042195e-02,6.680374e-03,2.085846e-03,4.263130e-01,7.719920e-03,3.165919e-03,4.960267e-03,8.686281e-03,5.187146e-03,4.577606e-03,1.598438e-02
1.000000e+00,0.000000e+00,0.000000e+00,0.000000e+00,0.000000e+00,0.000000e+00,0.000000e+00,0.000000e+00,0.000000e+00,0.000000e+00,0.000000e+00,0.000000e+00,0.000000e+00,0.000000e+00,0.000000e+00
1.000000e+00,0.000000e+00,0.000000e+00,0.000000e+00,0.000000e+00,0.000000e+00,0.000000e+00,0.000000e+00,0.000000e+00,0.000000e+00,0.000000e+00,0.000000e+00,0.000000e+00,0.000000e+00,0.000000e+00
1.000000e+00,0.000000e+00,0.000000e+00,0.000000e+00,0.000000e+00,0.000000e+00,0.000000e+00,0.000000e+00,0.000000e+00,0.000000e+00,0.000000e+00,0.000000e+00,0.000000e+00,0.000000e+00,0.000000e+00
1.000000e+00,0.000000e+00,0.000000e+00,0.000000e+00,0.000000e+00,0.000000e+00,0.000000e+00,0.000000e+00,0.000000e+00,0.000000e+00,0.000000e+00,0.000000e+00,0.000000e+00,0.000000e+00,0.000000e+00
1.000000e+00,0.000000e+00,0.000000e+00,0.000000e+00,0.000000e+00,0.000000e+00,0.000000e+00,0.000000e+00,0.000000e+00,0.000000e+00,0.000000e+00,0.000000e+00,0.000000e+00,0.000000e+00,0.000000e+00
4.735212e-01,8.594483e-03,4.551059e-03,6.530470e-02,5.861428e-03,2.175817e-02,2.379302e-03,7.838520e-02,4.897903e-02,6.658909e-03,8.225566e-02,9.423300e-02,4.423520e-02,1.755933e-02,4.572334e-02
3.739032e-01,7.976624e-03,3.670617e-03,8.562940e-02,6.068755e-03,1.719142e-02,1.813338e-03,5.633778e-02,2.099875e-01,5.383066e-03,6.857291e-02,6.761459e-02,4.341073e-02,1.541652e-02,3.702354e-02
3.092984e-01,6.955410e-03,3.497927e-03,7.324482e-02,1.564788e-02,1.309913e-02,1.614114e-03,4.089206e-02,1.642510e-01,4.993739e-03,1.309038e-01,5.433455e-02,8.773150e-02,3.554553e-02,5.799010e-02
2.384696e-01,5.595882e-03,2.821794e-03,5.964237e-02,2.256254e-02,9.860136e-03,1.279673e-03,2.907933e-02,1.356944e-01,4.180015e-03,1.760669e-01,4.129256e-02,9.162843e-02,5.463209e-02,1.271943e-01
1.679052e-01,4.300978e-03,2.189216e-03,4.488475e-02,1.827983e-02,7.649380e-03,9.155049e-04,2.044488e-02,2.859973e-01,4.140410e-03,1.453617e-01,2.958591e-02,9.160504e-02,4.170613e-02,1.350338e-01
1.186752e-01,3.317424e-03,2.019149e-03,3.600029e-02,1.441252e-02,6.086875e-03,7.071533e-04,1.443367e-02,3.179697e-01,4.597060e-03,1.663566e-01,2.342980e-02,1.189184e-01,3.561277e-02,1.374634e-01
8.336978e-02,2.425455e-03,1.564504e-03,2.974361e-02,1.064589e-02,4.668785e-03,5.446340e-04,1.016291e-02,3.042884e-01,3.967732e-03,2.561014e-01,2.231424e-02,1.133183e-01,4.156233e-02,1.153219e-01
5.854660e-02,1.870059e-03,1.231127e-03,2.381245e-02,7.997709e-03,3.497170e-03,4.002584e-04,7.184463e-03,2.638240e-01,5.038047e-03,3.262756e-01,2.517684e-02,9.150912e-02,8.857603e-02,9.506063e-02
4.108149e-02,1.442561e-03,9.890390e-04,1.903230e-02,5.913154e-03,2.520400e-03,2.888799e-04,5.061803e-03,1.998835e-01,8.858313e-03,3.909003e-01,2.534644e-02,7.412732e-02,1.167235e-01,1.078311e-01
2.917655e-02,1.388395e-03,9.442649e-04,1.355162e-02,4.615214e-03,1.850077e-03,2.139323e-04,3.650670e-03,1.420129e-01,8.787079e-03,3.793247e-01,2.452332e-02,5.479859e-02,2.254352e-01,1.097275e-01
2.150214e-02,1.293468e-03,9.127571e-04,9.607036e-03,3.355528e-03,1.375256e-03,1.605446e-04,2.686501e-03,9.996471e-02,1.525291e-02,4.251052e-01,2.573607e-02,3.951902e-02,2.384410e-01,1.150878e-01
1.511719e-02,1.189796e-03,9.015943e-04,6.766062e-03,2.428134e-03,1.003551e-03,1.145485e-04,2.010972e-03,7.024999e-02,1.553191e-02,5.290034e-01,2.478399e-02,2.847967e-02,2.165865e-01,8.583263e-02
1.079924e-02,1.221812e-03,9.106948e-04,4.785118e-03,1.921488e-03,7.679394e-04,8.251855e-05,1.506173e-03,4.940405e-02,1.676656e-02,5.958946e-01,2.082334e-02,2.036655e-02,2.097623e-01,6.498755e-02
8.007472e-03,4.470802e-03,3.923226e-03,3.382144e-03,1.741433e-03,7.935365e-04,6.370655e-05,1.985719e-03,3.477428e-02,1.944200e-02,6.471916e-01,1.742322e-02,1.483004e-02,1.910240e-01,5.094681e-02
7.554885e-03,1.171307e-02,4.682849e-03,2.411016e-03,1.790858e-03,9.564566e-04,5.699693e-05,2.443905e-03,2.447192e-02,2.094990e-02,6.636618e-01,1.548580e-02,1.075835e-02,1.922858e-01,4.077639e-02
6.691065e-03,2.225604e-02,5.568450e-03,1.699885e-03,1.532547e-03,9.096731e-04,4.324113e-05,2.274305e-03,1.719351e-02,2.159319e-02,7.097971e-01,1.245329e-02,7.704239e-03,1.607582e-01,2.952524e-02
1.136492e-02,4.662457e-02,6.697098e-03,1.289394e-03,4.505973e-03,6.258710e-03,6.112801e-05,3.953205e-03,1.222296e-02,2.681292e-02,7.102860e-01,9.120245e-03,5.466549e-03,1.337062e-01,2.163012e-02
3.836592e-02,5.548935e-02,5.663759e-02,3.222394e-03,7.364398e-03,1.091972e-02,5.423735e-04,1.753758e-02,9.697160e-03,2.568107e-02,6.375833e-01,7.124745e-03,3.942441e-03,1.095111e-01,1.638085e-02
6.626420e-02,8.625986e-02,1.321400e-01,5.821536e-03,9.476820e-03,1.414002e-02,6.836464e-04,2.154362e-02,8.887727e-03,2.122817e-02,5.252681e-01,5.904664e-03,2.965738e-03,8.752623e-02,1.188959e-02
7.270335e-02,7.431217e-02,1.074122e-01,6.256469e-03,1.147280e-02,2.449388e-02,6.061819e-04,2.318591e-02,7.213088e-03,2.360254e-02,5.617215e-01,4.492968e-03,2.361343e-03,7.156037e-02,8.605238e-03
7.143539e-02,7.924579e-02,8.159994e-02,6.143023e-03,1.438490e-02,2.939947e-02,4.903928e-04,1.966086e-02,7.003647e-03,2.977003e-02,5.795143e-01,3.447128e-03,1.920635e-03,6.945483e-02,6.529725e-03
8.673178e-02,6.500830e-02,7.900201e-02,1.027532e-02,1.317650e-02,2.717351e-02,4.692582e-04,1.674480e-02,9.407142e-03,2.967275e-02,5.999722e-01,2.851217e-03,1.710654e-03,5.285091e-02,4.953607e-03
8.336447e-02,4.861824e-02,6.565990e-02,9.437820e-03,1.129042e-02,2.275035e-02,3.792330e-04,1.252637e-02,9.562047e-03,2.569884e-02,6.603285e-01,2.435259e-03,1.342190e-03,4.290970e-02,3.696622e-03
8.728290e-02,3.980955e-02,5.565282e-02,8.545296e-03,1.010342e-02,1.926880e-02,3.003396e-04,9.510115e-03,9.925843e-03,2.127817e-02,6.878542e-01,2.332042e-03,1.194955e-03,4.363398e-02,3.307578e-03
1.497171e-01,3.231442e-02,4.401927e-02,9.372311e-03,8.367149e-03,1.531412e-02,2.858514e-04,7.564847e-03,2.421455e-02,1.773421e-02,6.176269e-01,4.326197e-03,1.609630e-03,6.320930e-02,4.324125e-03
2.262897e-01,2.699903e-02,3.737709e-02,9.972645e-03,7.766207e-03,1.266060e-02,3.346122e-04,6.717653e-03,3.563783e-02,1.527311e-02,5.307171e-01,7.190445e-03,2.031292e-03,7.522381e-02,5.808875e-03
3.315166e-01,2.342092e-02,3.091999e-02,1.243478e-02,8.669434e-03,1.213520e-02,5.447351e-04,6.173087e-03,4.530234e-02,1.603354e-02,4.175283e-01,1.053467e-02,2.310153e-03,7.520346e-02,7.272794e-03
4.441603e-01,2.702070e-02,2.802407e-02,1.674724e-02,7.729311e-03,1.095347e-02,6.641911e-04,5.117422e-03,4.714291e-02,1.762817e-02,3.080679e-01,1.058125e-02,2.573028e-03,6.479004e-02,8.800038e-03
1.000000e+00,0.000000e+00,0.000000e+00,0.000000e+00,0.000000e+00,0.000000e+00,0.000000e+00,0.000000e+00,0.000000e+00,0.000000e+00,0.000000e+00,0.000000e+00,0.000000e+00,0.000000e+00,0.000000e+00
1.000000e+00,0.000000e+00,0.000000e+00,0.000000e+00,0.000000e+00,0.000000e+00,0.000000e+00,0.000000e+00,0.000000e+00,0.000000e+00,0.000000e+00,0.000000e+00,0.000000e+00,0.000000e+00,0.000000e+00
1.000000e+00,0.000000e+00,0.000000e+00,0.000000e+00,0.000000e+00,0.000000e+00,0.000000e+00,0.000000e+00,0.000000e+00,0.000000e+00,0.000000e+00,0.000000e+00,0.000000e+00,0.000000e+00,0.000000e+00
4.969923e-01,4.206432e-02,1.519131e-02,2.203807e-01,1.499479e-02,9.190354e-03,7.162648e-04,4.003732e-03,3.052442e-02,8.160818e-03,8.981066e-02,1.211699e-02,3.114564e-03,3.821107e-02,1.452780e-02
3.610308e-01,4.100722e-02,1.120117e-02,1.572176e-01,1.079016e-02,7.194052e-03,5.285259e-04,3.125255e-03,2.270249e-02,6.637371e-03,3.084434e-01,2.402790e-02,2.661355e-03,3.212146e-02,1.131129e-02
2.614580e-01,3.010364e-02,8.762243e-03,1.118591e-01,7.864438e-03,7.568815e-03,4.079296e-04,2.435000e-03,1.641463e-02,5.058768e-03,4.677972e-01,4.122469e-02,1.998664e-03,2.844891e-02,8.597984e-03
1.840104e-01,2.129889e-02,6.459747e-03,7.852242e-02,5.604191e-03,6.624915e-03,3.123415e-04,1.752821e-03,1.186019e-02,5.010773e-03,5.859164e-01,5.195866e-02,1.559663e-03,3.195357e-02,7.154971e-03
1.294065e-01,1.519749e-02,4.671907e-03,5.511747e-02,4.035320e-03,5.171985e-03,2.453928e-04,1.274927e-03,8.706129e-03,5.553008e-03,6.835121e-01,5.169079e-02,1.264136e-03,2.772984e-02,6.423076e-03
9.094968e-02,1.306546e-02,4.270182e-03,3.895456e-02,5.751294e-03,4.484198e-03,6.484262e-04,1.081625e-03,1.107629e-02,6.208424e-02,6.350015e-01,8.228364e-02,1.123600e-03,2.916119e-02,2.006414e-02
6.395529e-02,1.083465e-02,3.512905e-03,2.743526e-02,4.684307e-03,5.342743e-03,7.471634e-04,1.001719e-03,1.167691e-02,1.361266e-01,5.786756e-01,9.163412e-02,9.337122e-04,3.872757e-02,2.471140e-02
4.496316e-02,1.218282e-02,3.433524e-03,1.946137e-02,4.970995e-03,4.549474e-03,8.543989e-04,8.905537e-04,1.484489e-02,2.260483e-01,4.834888e-01,1.223280e-01,8.903721e-04,3.449357e-02,2.659981e-02
3.178010e-02,1.151502e-02,3.376610e-03,1.509452e-02,5.072008e-03,4.628306e-03,9.281316e-04,1.231505e-03,2.127856e-02,3.370734e-01,4.061006e-01,1.077808e-01,1.211918e-03,2.875649e-02,2.417206e-02
2.247206e-02,2.593894e-02,3.532527e-03,1.117684e-02,4.026139e-03,4.252948e-03,1.046899e-03,1.382451e-03,3.762746e-02,3.718146e-01,3.355397e-01,1.052469e-01,1.100126e-03,3.969554e-02,3.514688e-02
1.610615e-02,2.133453e-02,2.938952e-03,8.982459e-03,3.149852e-03,8.948307e-03,8.066235e-04,1.364713e-03,5.217663e-02,4.054252e-01,2.790119e-01,1.117740e-01,1.468769e-03,4.541554e-02,4.109639e-02
1.161794e-02,1.840785e-02,2.219111e-03,6.719672e-03,3.742022e-03,9.377078e-03,6.031084e-04,1.142677e-03,6.047598e-02,4.895597e-01,2.382958e-01,8.528679e-02,1.836135e-03,4.114906e-02,2.956712e-02
8.501064e-03,1.578222e-02,1.675293e-03,6.207209e-03,3.342632e-03,2.113718e-02,5.961711e-04,3.126956e-03,5.944440e-02,4.205583e-01,3.068150e-01,8.999671e-02,4.334240e-03,3.682092e-02,2.166167e-02
6.100345e-03,1.285708e-02,1.237638e-03,4.801790e-03,2.716996e-03,1.899949e-02,6.406521e-04,2.229347e-03,4.392897e-02,3.100120e-01,4.636945e-01,8.482364e-02,4.470909e-03,2.759877e-02,1.588791e-02
4.763830e-03,1.357093e-02,1.038861e-03,4.485761e-03,3.112582e-03,1.794539e-02,7.249507e-04,2.454279e-03,4.224109e-02,2.364372e-01,5.212825e-01,1.040134e-01,5.644306e-03,2.843535e-02,1.384964e-02
4.112743e-03,3.614585e-02,2.398970e-03,4.456499e-03,5.204237e-03,2.050233e-02,7.241676e-04,5.671299e-03,6.590040e-02,2.236942e-01,4.446061e-01,1.000693e-01,5.871359e-03,6.025595e-02,2.038655e-02
3.346287e-03,3.893657e-02,2.564051e-03,3.647066e-03,5.229489e-03,1.866705e-02,5.308577e-04,4.065363e-03,7.471742e-02,3.339886e-01,3.359421e-01,9.465501e-02,5.349288e-03,6.055095e-02,1.780995e-02
3.369483e-03,3.762976e-02,2.755654e-03,5.202929e-03,1.247929e-02,1.781050e-02,6.472619e-04,3.339714e-03,1.084926e-01,4.038544e-01,2.524779e-01,7.290707e-02,4.691259e-03,5.462933e-02,1.971282e-02
5.706441e-03,4.692236e-02,6.980376e-03,7.773918e-03,2.022143e-02,2.407515e-02,9.583753e-04,9.879023e-03,1.119855e-01,4.527240e-01,1.824878e-01,5.709045e-02,7.445917e-03,4.962173e-02,1.612764e-02
1.093207e-02,4.822518e-02,1.137179e-02,7.577929e-03,2.803761e-02,2.415538e-02,2.129189e-03,1.282551e-02,1.151354e-01,4.934803e-01,1.317770e-01,4.312667e-02,6.838954e-03,5.060806e-02,1.377897e-02
1.188830e-02,3.861067e-02,1.211691e-02,7.652156e-03,2.853268e-02,1.967120e-02,1.971050e-03,6.611386e-02,1.006639e-01,5.155996e-01,9.681664e-02,3.322343e-02,6.914129e-03,4.920048e-02,1.102506e-02
1.074460e-02,3.442738e-02,1.107851e-02,9.065294e-03,2.372753e-02,1.626195e-02,1.645842e-03,7.050284e-02,1.023818e-01,5.235887e-01,7.577959e-02,4.201237e-02,2.628972e-02,4.100501e-02,1.148891e-02
8.952877e-03,2.571174e-02,8.907551e-03,1.349429e-02,2.954831e-02,1.271673e-02,1.676611e-03,7.464416e-02,9.824814e-02,4.945472e-01,6.948183e-02,5.795524e-02,5.402100e-02,3.962102e-02,1.047331e-02
1.360706e-02,3.509124e-02,2.771451e-02,1.246784e-02,4.069855e-02,1.020657e-02,1.820119e-03,6.583816e-02,1.615271e-01,3.668374e-01,7.789997e-02,6.564132e-02,6.126118e-02,4.681096e-02,1.257809e-02
1.088945e-02,2.510673e-02,3.040873e-02,1.093330e-02,3.536564e-02,8.047019e-03,1.517035e-03,2.247992e-01,1.311753e-01,2.702590e-01,7.190555e-02,5.474639e-02,5.752126e-02,5.705400e-02,1.027149e-02
9.806231e-03,1.998561e-02,3.584244e-02,1.147951e-02,3.778922e-02,7.623475e-03,1.390634e-03,2.999970e-01,1.584369e-01,1.983082e-01,6.418428e-02,4.223695e-02,5.462701e-02,4.860253e-02,9.690047e-03
8.256596e-03,1.537030e-02,3.858775e-02,8.229517e-03,3.208903e-02,5.954876e-03,3.195045e-03,4.426219e-01,1.355411e-01,1.424158e-01,4.910208e-02,2.997251e-02,4.145049e-02,3.944260e-02,7.770495e-03
7.383677e-03,1.111944e-02,4.349418e-02,6.126976e-03,3.417296e-02,5.205840e-03,1.067418e-02,5.518835e-01,1.051082e-01,1.014877e-01,3.624218e-02,2.119149e-02,3.061691e-02,2.932638e-02,5.966369e-03
1.050810e-02,1.690044e-02,4.043546e-02,5.318741e-03,4.445738e-02,8.666610e-03,1.451996e-02,4.436347e-01,2.515664e-01,7.156381e-02,2.684458e-02,1.519077e-02,2.385001e-02,2.077977e-02,5.763212e-03
9.932347e-03,2.197148e-02,3.619154e-02,5.450858e-03,4.430172e-02,9.218721e-03,1.803638e-02,4.450627e-01,2.888569e-01,5.056511e-02,1.974979e-02,1.090632e-02,1.980346e-02,1.475897e-02,5.193716e-03
1.238979e-02,2.192436e-02,3.231004e-02,8.063792e-03,9.185205e-02,8.399142e-03,2.419235e-02,3.748432e-01,3.365872e-01,3.583698e-02,1.501522e-02,7.835773e-03,1.598289e-02,1.037895e-02,4.388271e-03
1.286042e-02,1.654268e-02,2.649060e-02,7.869907e-03,9.538219e-02,6.316993e-03,2.131670e-02,4.548650e-01,2.907554e-01,2.539882e-02,1.215754e-02,5.868141e-03,1.345138e-02,7.285141e-03,3.439041e-03
1.400329e-02,1.240365e-02,2.336753e-02,2.885075e-02,1.037628e-01,4.975415e-03,2.174075e-02,4.962556e-01,2.399391e-01,1.787205e-02,9.799117e-03,4.549833e-03,1.469985e-02,5.122266e-03,2.658049e-03
1.606259e-02,1.051681e-02,3.168878e-02,1.088530e-01,1.065400e-01,7.568014e-03,1.748806e-02,3.623927e-01,1.939405e-01,1.325068e-02,2.388336e-02,1.155132e-02,8.449782e-02,4.105131e-03,7.661341e-03
1.523463e-02,8.789785e-03,2.420822e-02,1.215473e-01,8.758253e-02,8.006221e-03,1.338563e-02,2.676527e-01,1.549622e-01,9.658381e-03,9.195646e-02,1.794500e-02,1.659649e-01,3.108373e-03,9.997694e-03
1.263337e-02,6.537341e-03,1.794381e-02,1.138182e-01,6.979984e-02,7.670409e-03,9.760178e-03,1.882849e-01,1.136380e-01,7.213582e-03,9.994406e-02,3.213024e-02,3.084873e-01,2.281975e-03,9.856848e-03
1.205924e-02,4.785140e-03,1.293451e-02,1.043295e-01,4.961996e-02,1.061075e-02,6.936308e-03,1.321866e-01,8.113752e-02,5.375915e-03,7.406393e-02,3.082714e-02,4.652045e-01,1.683009e-03,8.245946e-03
1.198578e-02,3.661021e-03,9.529558e-03,7.788363e-02,3.650503e-02,1.003556e-02,5.015038e-03,9.304264e-02,6.054315e-02,4.240020e-03,5.493341e-02,3.918554e-02,5.839056e-01,1.262692e-03,8.271397e-03
9.828590e-03,2.780820e-03,7.077846e-03,5.496879e-02,2.589484e-02,7.892238e-03,3.583003e-03,6.551421e-02,4.304329e-02,3.247847e-03,4.152731e-02,4.177636e-02,6.780814e-01,2.263340e-03,1.252010e-02
1.114209e-02,2.781959e-03,5.755063e-03,3.891788e-02,1.896510e-02,9.134191e-03,2.989356e-03,4.864597e-02,3.296899e-02,2.795694e-03,3.923880e-02,8.392673e-02,6.523846e-01,3.614876e-03,4.673874e-02
2.016103e-02,3.410313e-03,7.626201e-03,2.996297e-02,1.665948e-02,1.192654e-02,2.805306e-03,5.031043e-02,3.087270e-02,5.107162e-03,3.531946e-02,1.291626e-01,6.068535e-01,9.819941e-03,4.000241e-02
1.856207e-02,2.994257e-03,5.895049e-03,2.288862e-02,1.390032e-02,2.186845e-02,2.200883e-03,4.003198e-02,3.892215e-02,4.309561e-03,5.112452e-02,1.967739e-01,5.405185e-01,8.584545e-03,3.142517e-02
1.528899e-02,2.516821e-03,4.493325e-03,1.807945e-02,1.218542e-02,2.349873e-02,1.692096e-03,2.958388e-02,4.156550e-02,4.047521e-03,7.343949e-02,2.834737e-01,4.597518e-01,7.362131e-03,2.302114e-02
1.137707e-02,1.902375e-03,3.315842e-03,1.314949e-02,1.857514e-02,1.704955e-02,1.669791e-03,2.102489e-02,1.191355e-01,3.647006e-03,8.924369e-02,3.049175e-01,3.729278e-01,5.362657e-03,1.670168e-02
9.789720e-03,1.677554e-03,2.497731e-03,1.077049e-02,1.471066e-02,1.543570e-02,1.393637e-03,1.580680e-02,1.073655e-01,3.986686e-03,1.612296e-01,3.233221e-01,3.142323e-01,5.482642e-03,1.229892e-02
7.214669e-03,2.770162e-03,2.123977e-03,8.050176e-03,1.092926e-02,1.147587e-02,1.006759e-03,1.153897e-02,1.622159e-01,4.297535e-03,1.953949e-01,3.172533e-01,2.499078e-01,6.412291e-03,9.408312e-03
5.571521e-03,3.811330e-03,2.548626e-03,6.136296e-03,8.005102e-03,8.482617e-03,7.240863e-04,9.236031e-03,1.646288e-01,4.123671e-03,3.208643e-01,2.566921e-01,1.915004e-01,9.852229e-03,7.822808e-03
5.515935e-03,1.705342e-02,3.533792e-03,4.816427e-03,5.878995e-03,6.396235e-03,5.225291e-04,7.022104e-03,1.418283e-01,5.192848e-03,3.101080e-01,2.203244e-01,1.592681e-01,9.529079e-02,1.724805e-02
4.753461e-03,1.738174e-02,1.111637e-02,1.496168e-02,5.692699e-03,1.617462e-02,4.451824e-04,7.910785e-03,2.600337e-01,1.041482e-02,2.439400e-01,1.911337e-01,1.195084e-01,7.816173e-02,1.837111e-02
9.385898e-03,2.280889e-02,1.862728e-02,1.494701e-02,6.663126e-03,1.547269e-02,4.962487e-04,1.477081e-02,3.182974e-01,1.211905e-02,2.170791e-01,1.676608e-01,8.942047e-02,7.410834e-02,1.814286e-02
1.046760e-02,2.739152e-02,1.914475e-02,1.317621e-02,6.978212e-03,1.329372e-02,3.910383e-04,2.001712e-02,3.105040e-01,1.233852e-02,2.653605e-01,1.455057e-01,6.923682e-02,7.127704e-02,1.491719e-02
2.017589e-02,2.519661e-02,3.782798e-02,1.377195e-02,1.599201e-02,1.449345e-02,9.750125e-04,3.073763e-02,3.037010e-01,1.619521e-02,2.580750e-01,1.333929e-01,5.370324e-02,6.286692e-02,1.289533e-02
3.394053e-02,2.910471e-02,7.045307e-02,1.361224e-02,2.461046e-02,1.289705e-02,1.563857e-03,4.568505e-02,3.153225e-01,1.795020e-02,2.043752e-01,1.138319e-01,4.039351e-02,6.587230e-02,1.038747e-02
4.639643e-02,3.143080e-02,7.407563e-02,1.228629e-02,2.648929e-02,1.078548e-02,1.433049e-03,6.657776e-02,3.205001e-01,1.717964e-02,1.613744e-01,8.623596e-02,3.135132e-02,1.038448e-01,1.003908e-02
6.258120e-02,3.300276e-02,7.146847e-02,1.270393e-02,2.876399e-02,9.476272e-03,1.443889e-03,8.035222e-02,2.906801e-01,1.821864e-02,1.408607e-01,6.577355e-02,2.603547e-02,1.451006e-01,1.353832e-02
8.527787e-02,2.837243e-02,9.781170e-02,1.411099e-02,3.438196e-02,9.688159e-03,3.381897e-03,1.221848e-01,2.269170e-01,2.287491e-02,1.217191e-01,4.944969e-02,2.322390e-02,1.439990e-01,1.660661e-02
1.141624e-01,2.887611e-02,9.028573e-02,1.316530e-02,5.092667e-02,9.586936e-03,3.671399e-03,1.098815e-01,1.955877e-01,2.096325e-02,1.201458e-01,5.090332e-02,2.973590e-02,1.416808e-01,2.042728e-02
1.356715e-01,2.737060e-02,7.745247e-02,1.184903e-02,4.812248e-02,9.128919e-03,2.882360e-03,1.091337e-01,2.109992e-01,2.011519e-02,1.161615e-01,5.030747e-02,2.811487e-02,1.283160e-01,2.437488e-02
1.746074e-01,3.325752e-02,6.198110e-02,1.086881e-02,4.020121e-02,1.309368e-02,2.573443e-03,8.814780e-02,1.958244e-01,2.176091e-02,1.162382e-01,4.850113e-02,3.569478e-02,1.344124e-01,2.283720e-02
2.106743e-01,3.499861e-02,4.708345e-02,9.458442e-03,3.469092e-02,1.761909e-02,2.436581e-03,7.356626e-02,1.681586e-01,1.993284e-02,1.087950e-01,4.191153e-02,4.261307e-02,1.682671e-01,1.979418e-02
2.048159e-01,3.379021e-02,3.716266e-02,8.340315e-03,3.358911e-02,5.269857e-02,2.289968e-03,6.159765e-02,1.529994e-01,1.959797e-02,1.131534e-01,6.846367e-02,4.142000e-02,1.494445e-01,2.063681e-02
2.431363e-01,2.932981e-02,2.919344e-02,7.393215e-03,3.205119e-02,5.416710e-02,2.810080e-03,5.738936e-02,1.219148e-01,1.735363e-02,1.086872e-01,1.123722e-01,3.711344e-02,1.308638e-01,1.622439e-02
2.802687e-01,2.663493e-02,2.249208e-02,7.382007e-03,3.750651e-02,4.738536e-02,2.942778e-03,5.124369e-02,1.010239e-01,1.587978e-02,9.444093e-02,1.501818e-01,3.758699e-02,1.108710e-01,1.415948e-02
3.022184e-01,2.457148e-02,1.819607e-02,9.312215e-03,4.610390e-02,4.261459e-02,4.972217e-03,4.796947e-02,7.980411e-02,1.323753e-02,7.166600e-02,1.880184e-01,5.454037e-02,8.292198e-02,1.385326e-02
2.983136e-01,2.402079e-02,1.419774e-02,8.960317e-03,5.202233e-02,4.230910e-02,6.287991e-03,4.056516e-02,6.312387e-02,1.007086e-02,5.660820e-02,2.498221e-01,6.032417e-02,6.042190e-02,1.295185e-02
2.614174e-01,1.983548e-02,1.126689e-02,8.772707e-03,5.943578e-02,4.343723e-02,7.025570e-03,3.314535e-02,4.869917e-02,7.427291e-03,4.960895e-02,2.575996e-01,1.388277e-01,4.325379e-02,1.024709e-02
2.875054e-01,1.969240e-02,1.157365e-02,1.245731e-02,6.157769e-02,3.973806e-02,9.342906e-03,3.419355e-02,3.893691e-02,5.547784e-03,4.248002e-02,2.070384e-01,1.880029e-01,3.168732e-02,1.022563e-02
3.010701e-01,2.051329e-02,2.208233e-02,1.620263e-02,6.503540e-02,3.897139e-02,1.310764e-02,3.477542e-02,3.201520e-02,4.521993e-03,4.052210e-02,1.623717e-01,2.092997e-01,2.520478e-02,1.430622e-02
3.203522e-01,2.125853e-02,1.853551e-02,1.410631e-02,5.184943e-02,4.356289e-02,1.173946e-02,2.717682e-02,2.655930e-02,3.528671e-03,3.186605e-02,1.247345e-01,2.683556e-01,2.025373e-02,1.612092e-02
3.090982e-01,2.543512e-02,1.527175e-02,1.316786e-02,5.149099e-02,5.033935e-02,1.212966e-02,2.282888e-02,3.017967e-02,2.973309e-03,2.744183e-02,1.114740e-01,2.977166e-01,1.582761e-02,1.462507e-02
2.704675e-01,2.314907e-02,1.616561e-02,1.163994e-02,5.380375e-02,5.062344e-02,2.307554e-02,5.167520e-02,2.885531e-02,2.555891e-03,2.382615e-02,1.136097e-01,3.059144e-01,1.231657e-02,1.232184e-02
2.781889e-01,2.753814e-02,1.540179e-02,1.095580e-02,5.283556e-02,4.948803e-02,2.199130e-02,4.982947e-02,3.409127e-02,2.133522e-03,2.142033e-02,1.319123e-01,2.836687e-01,9.350849e-03,1.119396e-02
2.726022e-01,3.029904e-02,2.275560e-02,1.537875e-02,5.091392e-02,5.762594e-02,2.823704e-02,7.211917e-02,4.338233e-02,3.681174e-03,1.788843e-02,1.169482e-01,2.369896e-01,8.013722e-03,2.316481e-02
2.041202e-01,4.092706e-02,4.936900e-02,5.727077e-02,4.258502e-02,4.979175e-02,2.417411e-02,5.496261e-02,5.761854e-02,8.320802e-03,1.711407e-02,1.086477e-01,1.935066e-01,6.945543e-03,8.464622e-02
1.493872e-01,4.641864e-02,4.627230e-02,5.768929e-02,3.472544e-02,5.728114e-02,2.417114e-02,4.437562e-02,6.261636e-02,7.275562e-03,1.271442e-02,7.819770e-02,2.708521e-01,5.230755e-03,1.027923e-01
1.244374e-01,3.442485e-02,3.317993e-02,4.235180e-02,2.609247e-02,7.092755e-02,2.063812e-02,4.301362e-02,4.724350e-02,5.256485e-03,9.268977e-03,5.528957e-02,4.078358e-01,4.009108e-03,7.603073e-02
9.086322e-02,2.572889e-02,2.347581e-02,3.007602e-02,1.875621e-02,5.515531e-02,1.474384e-02,3.034802e-02,3.522564e-02,3.809164e-03,6.677772e-03,3.945217e-02,5.626876e-01,2.871489e-03,6.012874e-02
6.678265e-02,1.886002e-02,1.660326e-02,2.125543e-02,1.384655e-02,4.050086e-02,1.075083e-02,2.156232e-02,2.603177e-02,2.730970e-03,4.831942e-03,2.819381e-02,6.771328e-01,2.040419e-03,4.887630e-02
4.766022e-02,1.454834e-02,1.206087e-02,1.497011e-02,1.025274e-02,2.925682e-02,7.839577e-03,1.533490e-02,1.936231e-02,2.000718e-03,3.513859e-03,2.022598e-02,7.609245e-01,1.466715e-03,4.058237e-02
3.489494e-02,1.096932e-02,8.608297e-03,1.059900e-02,7.562548e-03,2.183666e-02,5.715593e-03,1.099130e-02,1.425017e-02,1.434404e-03,2.569579e-03,1.487585e-02,8.185394e-01,1.046936e-03,3.610600e-02
