1.000000e+00,0.000000e+00,0.000000e+00,0.000000e+00,0.000000e+00,0.000000e+00,0.000000e+00,0.000000e+00,0.000000e+00,0.000000e+00,0.000000e+00,0.000000e+00,0.000000e+00,0.000000e+00,0.000000e+00
1.000000e+00,0.000000e+00,0.000000e+00,0.000000e+00,0.000000e+00,0.000000e+00,0.000000e+00,0.000000e+00,0.000000e+00,0.000000e+00,0.000000e+00,0.000000e+00,0.000000e+00,0.000000e+00,0.000000e+00
1.000000e+00,0.000000e+00,0.000000e+00,0.000000e+00,0.000000e+00,0.000000e+00,0.000000e+00,0.000000e+00,0.000000e+00,0.000000e+00,0.000000e+00,0.000000e+00,0.000000e+00,0.000000e+00,0.000000e+00
1.000000e+00,0.000000e+00,0.000000e+00,0.000000e+00,0.000000e+00,0.000000e+00,0.000000e+00,0.000000e+00,0.000000e+00,0.000000e+00,0.000000e+00,0.000000e+00,0.000000e+00,0.000000e+00,0.000000e+00
1.000000e+00,0.000000e+00,0.000000e+00,0.000000e+00,0.000000e+00,0.000000e+00,0.000000e+00,0.000000e+00,0.000000e+00,0.000000e+00,0.000000e+00,0.000000e+00,0.000000e+00,0.000000e+00,0.000000e+00
1.000000e+00,0.000000e+00,0.000000e+00,0.000000e+00,0.000000e+00,0.000000e+00,0.000000e+00,0.000000e+00,0.000000e+00,0.000000e+00,0.000000e+00,0.000000e+00,0.000000e+00,0.000000e+00,0.000000e+00
1.000000e+00,0.000000e+00,0.000000e+00,0.000000e+00,0.000000e+00,0.000000e+00,0.000000e+00,0.000000e+00,0.000000e+00,0.000000e+00,0.000000e+00,0.000000e+00,0.000000e+00,0.000000e+00,0.000000e+00
1.000000e+00,0.000000e+00,0.000000e+00,0.000000e+00,0.000000e+00,0.000000e+00,0.000000e+00,0.000000e+00,0.000000e+00,0.000000e+00,0.000000e+00,0.000000e+00,0.000000e+00,0.000000e+00,0.000000e+00
1.000000e+00,0.000000e+00,0.000000e+00,0.000000e+00,0.000000e+00,0.000000e+00,0.000000e+00,0.000000e+00,0.000000e+00,0.000000e+00,0.000000e+00,0.000000e+00,0.000000e+00,0.000000e+00,0.000000e+00
1.000000e+00,0.000000e+00,0.000000e+00,0.000000e+00,0.000000e+00,0.000000e+00,0.000000e+00,0.000000e+00,0.000000e+00,0.000000e+00,0.000000e+00,0.000000e+00,0.000000e+00,0.000000e+00,0.000000e+00
1.000000e+00,0.000000e+00,0.000000e+00,0.000000e+00,0.000000e+00,0.000000e+00,0.000000e+00,0.000000e+00,0.000000e+00,0.000000e+00,0.000000e+00,0.000000e+00,0.000000e+00,0.000000e+00,0.000000e+00
1.000000e+00,0.000000e+00,0.000000e+00,0.000000e+00,0.000000e+00,0.000000e+00,0.000000e+00,0.000000e+00,0.000000e+00,0.000000e+00,0.000000e+00,0.000000e+00,0.000000e+00,0.000000e+00,0.000000e+00
1.000000e+00,0.000000e+00,0.000000e+00,0.000000e+00,0.000000e+00,0.000000e+00,0.000000e+00,0.000000e+00,0.000000e+00,0.000000e+00,0.000000e+00,0.000000e+00,0.000000e+00,0.000000e+00,0.000000e+00
1.000000e+00,0.000000e+00,0.000000e+00,0.000000e+00,0.000000e+00,0.000000e+00,0.000000e+00,0.000000e+00,0.000000e+00,0.000000e+00,0.000000e+00,0.000000e+00,0.000000e+00,0.000000e+00,0.000000e+00
1.000000e+00,0.000000e+00,0.000000e+00,0.000000e+00,0.000000e+00,0.000000e+00,0.000000e+00,0.000000e+00,0.000000e+00,0.000000e+00,0.000000e+00,0.000000e+00,0.000000e+00,0.000000e+00,0.000000e+00
1.000000e+00,0.000000e+00,0.000000e+00,0.000000e+00,0.000000e+00,0.000000e+00,0.000000e+00,0.000000e+00,0.000000e+00,0.000000e+00,0.000000e+00,0.000000e+00,0.000000e+00,0.000000e+00,0.000000e+00
1.000000e+00,0.000000e+00,0.000000e+00,0.000000e+00,0.000000e+00,0.000000e+00,0.000000e+00,0.000000e+00,0.000000e+00,0.000000e+00,0.000000e+00,0.000000e+00,0.000000e+00,0.000000e+00,0.000000e+00
1.000000e+00,0.000000e+00,0.000000e+00,0.000000e+00,0.000000e+00,0.000000e+00,0.000000e+00,0.000000e+00,0.000000e+00,0.000000e+00,0.000000e+00,0.000000e+00,0.000000e+00,0.000000e+00,0.000000e+00
1.000000e+00,0.000000e+00,0.000000e+00,0.000000e+00,0.000000e+00,0.000000e+00,0.000000e+00,0.000000e+00,0.000000e+00,0.000000e+00,0.000000e+00,0.000000e+00,0.000000e+00,0.000000e+00,0.000000e+00
4.893148e-01,1.796983e-02,2.588527e-02,1.349797e-01,9.824133e-03,2.187986e-02,8.546271e-03,1.590846e-01,1.926763e-02,5.795965e-03,2.745913e-02,3.087625e-02,2.974337e-02,4.552646e-03,1.482056e-02
4.282727e-01,1.605183e-02,2.131777e-02,1.305234e-01,7.660836e-03,3.788044e-02,7.319552e-03,1.216455e-01,1.543158e-02,4.460212e-03,2.148966e-02,2.274115e-02,1.478787e-01,3.395117e-03,1.393163e-02
4.048976e-01,1.530655e-02,1.745197e-02,1.218016e-01,6.641989e-03,6.709534e-02,5.957019e-03,8.779074e-02,1.212781e-02,3.639289e-03,1.624570e-02,1.648097e-02,2.028220e-01,2.441532e-03,1.930000e-02
2.939644e-01,1.138800e-02,1.253939e-02,8.745811e-02,5.163985e-03,5.643695e-02,4.799121e-03,6.237039e-02,9.138231e-03,2.741690e-03,1.218453e-02,1.266309e-02,4.035168e-01,1.744169e-03,2.389121e-02
2.083286e-01,8.194617e-03,8.930155e-03,6.194978e-02,3.838131e-03,4.387445e-02,3.703142e-03,4.385955e-02,6.811265e-03,1.980264e-03,8.733699e-03,9.814433e-03,5.676962e-01,1.234868e-03,2.105087e-02
1.503482e-01,5.842583e-03,6.349823e-03,4.354121e-02,3.051542e-03,5.478299e-02,3.857059e-03,3.085196e-02,5.132103e-03,1.422740e-03,7.801908e-03,1.325876e-02,6.570745e-01,9.562817e-04,1.572835e-02
1.087802e-01,4.224083e-03,4.589459e-03,3.065674e-02,2.320775e-03,6.059866e-02,3.224713e-03,2.168942e-02,4.024026e-03,1.079982e-03,1.075479e-02,4.058153e-02,6.905275e-01,7.595682e-04,1.618864e-02
7.851483e-02,3.036329e-03,3.294556e-03,2.177243e-02,1.772287e-03,1.917163e-01,2.742503e-03,1.523706e-02,3.074440e-03,8.158638e-04,9.480994e-03,5.499881e-02,6.006704e-01,5.827739e-04,1.229046e-02
5.846314e-02,2.230231e-03,2.563860e-03,1.556526e-02,1.756046e-03,2.528767e-01,2.149615e-03,1.072031e-02,2.473238e-03,8.274958e-04,1.054950e-02,5.142685e-02,5.783393e-01,9.296409e-04,9.128904e-03
4.424373e-02,1.774334e-03,1.877030e-03,1.120178e-02,1.472658e-03,2.731535e-01,1.698265e-03,7.570138e-03,3.302019e-03,8.736221e-04,2.162878e-02,1.009949e-01,5.210264e-01,1.798467e-03,7.384550e-03
3.374569e-02,1.443141e-03,1.434415e-03,8.134069e-03,1.421042e-03,2.096127e-01,1.364445e-03,5.438367e-03,3.892429e-03,1.366979e-03,6.008692e-02,1.706799e-01,4.917940e-01,3.527609e-03,6.058392e-03
2.454700e-02,1.455319e-03,1.058317e-03,5.862372e-03,1.441376e-03,1.642509e-01,1.071122e-03,3.925453e-03,7.828619e-03,1.717600e-03,5.349643e-02,2.979949e-01,4.270549e-01,3.613169e-03,4.682560e-03
1.747215e-02,2.513003e-03,9.828527e-04,4.400759e-03,1.317690e-03,1.292789e-01,8.206945e-04,2.837931e-03,1.561041e-02,2.726168e-03,4.536288e-02,4.098884e-01,3.589000e-01,3.118470e-03,4.769740e-03
1.259221e-02,5.411567e-03,7.273106e-04,3.144676e-03,1.118699e-03,1.096634e-01,5.942780e-04,2.018182e-03,4.212371e-02,2.465075e-03,3.610782e-02,5.035537e-01,2.741216e-01,2.484659e-03,3.873130e-03
9.114153e-03,5.395737e-02,7.088854e-04,2.277497e-03,9.916249e-04,1.040295e-01,4.261306e-04,1.441121e-03,1.813428e-01,2.056600e-03,3.119896e-02,3.949929e-01,2.118376e-01,2.058499e-03,3.566399e-03
6.432297e-03,4.726374e-02,5.456171e-04,1.800632e-03,9.354581e-04,2.212581e-01,3.218777e-04,1.061517e-03,2.509699e-01,1.724200e-03,2.276132e-02,2.881380e-01,1.513021e-01,1.674906e-03,3.810431e-03
4.546045e-03,4.074606e-02,5.732130e-04,2.356565e-03,1.189072e-03,2.829780e-01,3.653454e-04,1.090757e-03,3.145075e-01,1.583726e-03,1.676495e-02,2.091529e-01,1.088849e-01,1.573483e-03,1.368745e-02
3.334795e-03,3.236531e-02,8.413905e-04,5.398694e-03,3.233229e-03,2.888649e-01,6.879091e-04,3.460669e-03,4.071333e-01,1.824656e-03,1.201427e-02,1.480014e-01,7.792619e-02,1.174794e-03,1.373859e-02
4.988196e-03,2.798476e-02,2.432280e-03,9.853599e-03,4.727634e-02,3.012126e-01,1.525044e-02,6.715749e-03,3.974210e-01,4.191754e-03,8.833643e-03,1.041424e-01,5.538700e-02,1.298876e-03,1.301144e-02
7.610504e-03,2.212221e-02,5.339746e-03,2.939915e-02,5.506889e-02,3.304006e-01,1.508666e-02,8.182121e-02,3.203631e-01,3.454789e-03,6.447530e-03,7.299635e-02,3.911659e-02,1.022653e-03,9.749931e-03
9.121856e-03,4.160047e-02,7.475566e-03,3.924455e-02,6.296268e-02,3.429376e-01,1.355080e-02,6.715962e-02,3.020203e-01,7.578278e-03,5.432964e-03,5.151675e-02,2.841861e-02,7.810599e-04,2.019884e-02
8.948829e-03,3.596932e-02,1.334882e-02,1.390776e-01,5.070825e-02,2.673026e-01,1.082590e-02,5.498714e-02,2.981777e-01,1.774331e-02,5.330290e-03,3.664859e-02,2.105468e-02,6.571743e-04,3.921979e-02
1.996658e-02,3.049398e-02,1.280598e-02,1.038386e-01,5.417205e-02,2.237095e-01,9.207452e-03,4.131887e-02,2.817707e-01,1.890490e-02,6.872109e-03,2.621631e-02,1.556136e-02,4.398671e-03,1.507630e-01
1.804857e-02,2.506479e-02,9.966817e-03,9.573673e-02,4.197445e-02,1.588111e-01,6.560289e-03,3.249624e-02,4.389829e-01,1.484223e-02,6.283843e-03,1.900461e-02,1.208697e-02,3.256534e-03,1.168840e-01
4.964463e-02,2.683703e-02,8.691933e-03,7.733691e-02,4.763521e-02,1.591846e-01,5.687289e-03,3.160813e-02,4.359113e-01,1.121571e-02,7.537732e-03,1.519764e-02,1.232398e-02,3.259362e-03,1.079287e-01
4.720563e-02,2.057055e-02,1.056671e-02,8.223765e-02,3.896915e-02,1.155139e-01,4.186613e-03,4.093236e-02,5.137312e-01,8.669575e-03,6.273277e-03,1.129254e-02,9.252394e-03,2.501157e-03,8.809733e-02
7.176556e-02,2.013260e-02,1.032777e-02,7.310078e-02,3.364545e-02,8.967900e-02,3.116642e-03,3.090248e-02,5.293130e-01,6.677837e-03,8.482690e-03,9.812889e-03,8.426352e-03,4.508225e-03,1.001088e-01
1.116735e-01,1.946927e-02,1.330712e-02,1.020838e-01,4.344826e-02,6.626467e-02,3.353247e-03,5.497283e-02,4.766701e-01,4.836403e-03,8.642608e-03,8.170203e-03,7.647891e-03,3.618492e-03,7.584153e-02
1.566579e-01,2.188941e-02,3.286903e-02,1.175068e-01,4.208085e-02,5.162115e-02,3.385333e-03,4.524221e-02,4.054001e-01,4.409624e-03,1.343148e-02,9.110318e-03,7.486834e-03,8.872500e-03,8.003648e-02
2.418381e-01,2.627017e-02,2.820544e-02,1.008768e-01,5.217710e-02,4.652489e-02,3.120958e-03,6.394289e-02,3.277301e-01,3.667865e-03,1.498364e-02,1.026866e-02,7.922404e-03,9.539768e-03,6.293117e-02
2.696488e-01,2.471937e-02,3.232948e-02,9.469314e-02,6.072963e-02,3.766401e-02,3.081993e-03,5.990397e-02,2.663300e-01,3.199892e-03,2.516165e-02,1.350567e-02,1.087335e-02,2.442586e-02,7.373318e-02
1.921461e-01,2.156773e-02,2.552003e-02,6.698903e-02,4.331904e-02,2.696073e-02,2.197934e-03,4.202279e-02,2.230266e-01,4.389193e-03,2.270868e-02,9.978870e-03,8.445324e-03,2.205908e-01,9.013720e-02
1.374904e-01,2.012530e-02,2.457925e-02,4.873685e-02,3.092290e-02,1.971464e-02,1.626368e-03,2.947184e-02,1.818798e-01,4.765859e-03,2.219060e-02,7.530414e-03,7.176253e-03,3.488948e-01,1.148948e-01
1.047794e-01,1.518731e-02,1.853751e-02,3.447798e-02,2.181986e-02,1.488722e-02,1.171256e-03,2.067758e-02,1.460998e-01,1.880208e-02,2.763095e-02,6.346075e-03,6.191699e-03,4.343292e-01,1.290620e-01
9.838663e-02,1.360157e-02,1.536875e-02,2.565062e-02,1.659008e-02,2.165838e-02,9.954101e-04,1.499288e-02,1.389290e-01,3.322645e-02,3.369502e-02,5.348071e-03,1.136741e-02,4.314459e-01,1.387438e-01
7.183862e-02,9.925649e-03,1.084507e-02,1.828886e-02,1.699659e-02,1.568556e-02,8.180494e-04,1.076630e-02,9.943526e-02,1.085834e-01,4.586264e-02,6.116817e-03,9.301157e-03,4.031177e-01,1.724184e-01
5.445689e-02,7.445108e-03,7.743456e-03,1.341507e-02,1.300375e-02,1.222971e-02,9.500750e-04,7.710328e-03,7.511446e-02,1.119641e-01,8.383642e-02,4.033500e-02,2.753789e-02,3.165495e-01,2.277083e-01
8.642751e-02,5.794748e-03,5.682186e-03,1.197543e-02,1.031882e-02,1.957275e-02,1.786406e-03,6.118142e-03,6.322902e-02,1.248771e-01,1.120877e-01,7.356030e-02,3.228210e-02,2.606141e-01,1.856737e-01
1.030562e-01,4.221894e-03,4.110368e-03,9.215209e-03,8.076418e-03,1.914320e-02,2.460001e-03,4.746358e-03,5.082161e-02,1.165470e-01,1.451629e-01,1.093107e-01,3.731475e-02,2.139091e-01,1.719043e-01
8.950324e-02,3.254167e-03,3.055772e-03,8.050783e-03,7.152821e-03,2.000675e-02,2.581090e-03,4.141302e-03,4.904320e-02,1.056421e-01,2.036691e-01,1.619460e-01,4.090413e-02,1.730920e-01,1.279576e-01
6.930980e-02,2.405298e-03,2.194119e-03,6.472711e-03,5.552555e-03,1.599901e-02,2.217883e-03,3.093065e-03,4.786810e-02,9.834259e-02,3.291844e-01,1.488764e-01,3.505262e-02,1.367154e-01,9.671608e-02
5.065659e-02,1.734173e-03,1.575439e-03,4.608884e-03,4.260327e-03,1.161380e-02,1.904980e-03,2.314224e-03,3.492406e-02,7.491188e-02,4.996402e-01,1.146359e-01,2.544539e-02,1.034606e-01,6.831361e-02
4.706374e-02,1.498199e-03,1.340461e-03,3.513832e-03,3.626312e-03,1.046429e-02,1.576889e-03,1.912489e-03,2.668212e-02,6.292544e-02,4.882030e-01,2.011108e-01,1.880936e-02,8.253055e-02,4.874256e-02
3.958523e-02,1.350467e-03,1.024945e-03,2.759450e-03,2.863893e-03,9.789303e-03,1.435564e-03,1.519756e-03,2.022249e-02,5.543169e-02,5.131378e-01,2.399845e-01,1.422273e-02,6.194849e-02,3.472378e-02
3.301392e-02,1.190211e-03,7.950482e-04,2.124493e-03,2.305216e-03,8.372448e-03,1.352853e-03,1.240225e-03,1.494765e-02,4.270298e-02,4.967082e-01,3.141335e-01,1.039647e-02,4.598029e-02,2.473650e-02
2.883742e-02,1.103570e-03,6.516621e-04,1.757642e-03,2.481827e-03,7.211140e-03,2.879359e-03,1.235635e-03,1.200159e-02,3.221402e-02,5.153937e-01,3.308506e-01,7.888249e-03,3.719946e-02,1.829412e-02
2.459209e-02,9.091594e-04,5.678523e-04,1.425868e-03,3.301256e-03,5.713876e-03,2.600836e-03,1.336979e-03,1.025693e-02,2.445341e-02,4.827917e-01,3.942434e-01,5.794347e-03,2.898703e-02,1.302534e-02
2.391138e-02,1.052194e-03,6.419342e-04,1.213169e-03,3.535018e-03,8.420017e-03,2.385198e-03,1.572152e-03,8.612730e-03,2.214031e-02,4.016473e-01,4.887176e-01,4.350984e-03,2.248046e-02,9.319511e-03
2.397582e-02,9.774764e-04,7.120325e-04,9.180387e-04,4.195420e-03,2.590029e-02,2.178729e-03,1.960880e-03,6.890784e-03,2.884630e-02,3.360716e-01,5.398928e-01,3.499393e-03,1.737790e-02,6.602555e-03
2.001741e-02,1.004884e-03,7.235776e-04,6.804134e-04,4.309528e-03,3.253171e-02,2.158927e-03,2.162002e-03,5.352835e-03,2.433561e-02,2.768886e-01,6.092252e-01,2.623262e-03,1.328522e-02,4.700863e-03
1.843189e-02,3.518493e-03,2.057832e-03,5.675008e-04,2.553272e-02,1.168799e-01,3.033201e-03,4.542637e-03,1.064387e-02,1.977382e-02,2.393657e-01,5.385827e-01,2.138834e-03,1.109206e-02,3.838921e-03
1.491405e-02,3.138990e-03,3.671146e-03,7.202895e-04,3.308827e-02,1.490974e-01,2.171589e-02,1.902017e-02,1.355136e-02,1.694532e-02,2.084378e-01,5.022709e-01,2.035524e-03,8.605749e-03,2.787128e-03
1.362386e-02,3.982093e-03,3.728929e-03,6.926479e-04,3.793068e-02,1.610803e-01,1.763328e-02,1.883101e-02,3.279534e-02,2.013246e-02,1.745455e-01,5.028535e-01,1.955000e-03,8.058110e-03,2.157302e-03
1.442853e-02,1.640151e-02,4.210912e-03,8.148100e-04,5.632742e-02,1.527378e-01,1.375553e-02,1.919246e-02,1.753250e-01,3.083391e-02,1.290674e-01,3.759415e-01,2.358748e-03,6.473711e-03,2.130823e-03
1.150480e-02,2.253422e-02,3.194198e-03,7.090322e-04,6.027386e-02,1.136408e-01,1.022531e-02,1.885488e-02,3.631592e-01,2.611516e-02,9.139694e-02,2.699742e-01,2.071710e-03,4.750144e-03,1.595600e-03
9.506961e-03,2.373443e-02,2.432647e-03,5.534990e-04,8.296667e-02,9.759898e-02,7.509776e-03,1.536353e-02,4.788923e-01,2.051015e-02,6.513231e-02,1.894825e-01,1.707817e-03,3.382304e-03,1.226171e-03
8.718543e-03,1.873778e-02,2.804348e-03,5.727372e-04,1.936645e-01,7.161384e-02,6.174459e-03,4.823205e-02,4.515092e-01,1.468533e-02,4.585112e-02,1.327415e-01,1.311785e-03,2.389026e-03,9.938062e-04
9.347081e-03,1.522109e-02,2.375552e-03,5.531157e-04,2.069070e-01,6.054541e-02,5.457348e-03,4.469533e-02,5.143648e-01,1.090730e-02,3.250599e-02,9.317121e-02,1.087423e-03,1.733075e-03,1.128375e-03
1.655910e-02,3.195567e-02,2.547227e-03,6.898091e-04,2.501765e-01,5.568733e-02,4.324789e-03,3.517180e-02,5.030938e-01,7.852184e-03,2.339417e-02,6.543486e-02,8.343875e-04,1.288842e-03,9.895102e-04
2.552885e-02,3.431203e-02,2.191186e-03,8.603643e-04,2.526486e-01,4.885987e-02,3.642209e-03,3.205955e-02,5.265713e-01,5.862900e-03,1.720402e-02,4.660237e-02,8.800780e-04,1.097310e-03,1.679370e-03
4.004310e-02,5.630927e-02,1.638392e-03,1.403755e-03,1.946478e-01,4.193234e-02,2.660721e-03,2.883350e-02,5.783988e-01,4.382444e-03,1.306870e-02,3.347960e-02,7.550277e-04,9.378680e-04,1.508720e-03
6.061552e-02,6.186132e-02,1.552585e-03,9.716141e-03,1.833444e-01,3.197144e-02,3.026939e-03,8.801084e-02,5.191920e-01,3.162603e-03,9.996247e-03,2.464622e-02,8.618727e-04,7.137646e-04,1.328151e-03
7.324544e-02,7.397012e-02,1.586629e-03,1.318096e-02,1.576800e-01,2.723972e-02,2.312828e-03,8.627131e-02,5.327750e-01,2.314453e-03,7.844910e-03,1.851541e-02,9.148092e-04,5.735601e-04,1.574874e-03
1.384420e-01,6.086486e-02,2.451450e-03,1.144937e-02,1.388621e-01,2.260276e-02,1.117722e-01,6.725440e-02,4.185086e-01,1.885954e-03,6.172122e-03,1.446565e-02,2.667726e-03,5.711903e-04,2.029578e-03
2.180606e-01,5.815888e-02,5.171221e-03,1.012940e-02,1.140173e-01,2.047954e-02,1.493375e-01,7.922626e-02,3.191398e-01,1.699190e-03,5.052192e-03,1.188294e-02,4.142216e-03,6.883949e-04,2.814578e-03
2.109301e-01,4.246916e-02,6.828503e-03,8.098966e-03,1.115073e-01,2.205624e-02,2.432557e-01,9.243460e-02,2.345281e-01,1.962648e-03,6.352849e-03,1.176351e-02,4.387548e-03,6.938077e-04,2.730895e-03
1.880717e-01,3.006175e-02,5.925275e-03,6.007344e-03,9.487447e-02,1.811302e-02,3.240430e-01,1.331193e-01,1.714909e-01,1.936874e-03,6.158873e-03,1.153262e-02,5.664794e-03,5.710475e-04,2.428948e-03
1.694886e-01,2.169584e-02,4.723044e-03,4.787447e-03,7.674020e-02,1.413558e-02,3.810959e-01,1.273863e-01,1.236255e-01,4.507145e-03,2.787640e-02,2.227706e-02,1.438719e-02,2.190580e-03,5.083199e-03
1.247520e-01,1.548996e-02,3.384520e-03,3.812256e-03,5.741536e-02,1.235950e-02,4.261981e-01,9.192111e-02,8.944575e-02,5.044701e-03,8.708156e-02,4.882161e-02,1.670478e-02,8.621626e-03,8.947069e-03
9.383100e-02,1.112360e-02,2.487081e-03,3.356324e-03,4.211135e-02,1.010800e-02,3.689056e-01,6.571589e-02,6.654819e-02,6.219126e-03,2.051092e-01,6.704368e-02,3.180686e-02,1.399347e-02,1.164059e-02
6.821166e-02,7.907212e-03,1.838366e-03,3.244943e-03,2.992077e-02,7.382120e-03,2.664157e-01,4.646327e-02,4.968100e-02,5.916002e-03,3.806569e-01,7.014450e-02,3.880062e-02,1.271988e-02,1.069706e-02
4.978827e-02,5.975428e-03,1.736182e-03,4.937931e-03,2.202760e-02,5.851442e-03,2.048587e-01,3.300625e-02,4.350591e-02,1.351975e-02,4.484372e-01,5.857769e-02,4.856067e-02,4.032887e-02,1.888815e-02
3.505718e-02,4.701984e-03,1.827569e-03,2.040396e-01,1.669735e-02,4.823241e-03,1.462868e-01,2.324844e-02,5.621406e-02,1.096656e-02,3.535741e-01,4.264270e-02,3.860987e-02,3.491250e-02,2.639812e-02
2.460565e-02,3.678219e-03,3.232907e-03,3.727314e-01,1.231707e-02,3.659922e-03,1.028673e-01,1.632624e-02,6.706314e-02,9.129941e-03,2.753076e-01,3.086872e-02,2.845605e-02,2.582543e-02,2.393039e-02
1.726240e-02,2.692834e-03,2.453772e-03,2.933303e-01,9.563840e-03,2.702212e-03,7.253757e-02,1.144950e-02,4.872208e-02,8.911975e-03,4.405483e-01,2.228558e-02,2.551949e-02,2.202861e-02,1.999159e-02
1.212990e-02,1.929256e-03,1.785691e-03,2.255019e-01,6.935495e-03,1.975137e-03,5.078903e-02,8.016927e-03,3.728111e-02,3.657959e-02,4.959877e-01,1.604522e-02,2.032026e-02,6.863090e-02,1.609182e-02
8.619332e-03,1.392647e-03,1.422524e-03,1.631103e-01,5.620501e-03,1.852043e-03,3.560959e-02,5.659044e-03,2.803679e-02,5.705485e-02,4.392753e-01,1.286441e-02,1.858239e-02,2.039470e-01,1.695340e-02
6.119732e-03,1.001931e-03,1.052698e-03,1.144829e-01,4.530739e-03,1.688937e-02,2.520940e-02,4.576259e-03,1.992328e-02,4.570283e-02,5.453861e-01,1.051720e-02,1.898435e-02,1.634390e-01,2.218423e-02
5.897424e-03,9.965881e-04,1.275964e-03,8.347355e-02,5.063459e-03,4.011677e-02,1.863349e-02,4.531745e-03,1.643419e-02,7.079329e-02,4.388165e-01,1.042657e-02,4.275481e-02,1.582948e-01,1.024908e-01
5.614454e-03,9.075845e-04,1.306005e-03,6.151899e-02,4.396212e-03,1.282336e-01,1.384069e-02,3.567236e-03,1.315162e-02,6.746528e-02,3.513445e-01,1.526502e-02,6.943765e-02,1.209995e-01,1.429516e-01
6.253163e-03,7.185722e-04,1.348236e-03,4.445125e-02,3.818039e-03,1.099116e-01,1.009053e-02,3.000599e-03,1.120022e-02,4.878128e-02,3.014737e-01,2.610971e-02,7.385352e-02,9.214275e-02,2.668468e-01
8.478174e-03,7.927959e-04,2.465202e-03,3.219257e-02,6.336628e-03,8.035447e-02,7.503975e-03,3.358134e-03,1.624405e-02,4.041717e-02,2.863790e-01,4.085232e-02,6.027593e-02,7.990462e-02,3.344450e-01
8.682257e-03,1.199756e-02,1.006801e-02,2.314275e-02,2.439879e-02,5.776247e-02,5.421077e-03,3.619976e-03,1.139236e-01,3.232747e-02,2.468418e-01,4.465137e-02,5.255983e-02,6.319292e-02,3.014101e-01
9.515120e-03,1.064018e-02,3.254496e-02,1.783215e-02,2.212398e-02,4.262967e-02,4.153810e-03,9.832045e-02,1.077881e-01,2.797739e-02,2.320908e-01,6.055598e-02,5.537724e-02,5.719306e-02,2.212572e-01
1.311678e-02,1.371318e-02,3.895592e-02,1.724040e-02,1.992708e-02,3.701396e-02,3.553637e-03,1.298269e-01,1.556516e-01,2.462003e-02,2.321307e-01,5.557711e-02,4.555406e-02,5.416181e-02,1.589570e-01
1.538087e-02,1.596241e-02,4.532021e-02,2.490314e-02,2.063866e-02,3.115756e-02,2.703011e-03,1.639885e-01,2.240382e-01,2.298309e-02,1.859017e-01,5.209754e-02,3.998587e-02,4.211687e-02,1.128224e-01
1.653815e-02,1.382106e-02,3.850960e-02,2.003022e-02,2.009664e-02,2.329445e-02,2.154435e-03,2.881217e-01,2.198970e-01,1.864981e-02,1.541364e-01,3.967747e-02,3.188000e-02,3.373136e-02,7.946177e-02
1.606820e-02,1.003235e-02,2.806923e-02,1.517207e-02,1.561657e-02,1.660126e-02,1.716267e-03,4.388584e-01,1.603418e-01,1.560222e-02,1.442369e-01,3.138555e-02,2.581114e-02,2.478036e-02,5.570761e-02
1.494958e-02,7.850098e-03,2.281745e-02,1.279125e-02,1.225690e-02,1.437086e-02,1.425078e-03,5.791711e-01,1.155589e-01,1.165461e-02,1.087819e-01,2.251834e-02,1.884158e-02,1.780876e-02,3.920352e-02
1.191852e-02,5.915367e-03,1.772341e-02,9.924771e-03,9.339262e-03,1.088509e-02,1.091750e-03,6.956787e-01,8.193608e-02,8.350036e-03,7.789661e-02,1.591033e-02,1.331819e-02,1.260912e-02,2.750277e-02
8.975885e-03,4.220551e-03,1.290108e-02,7.223998e-03,7.147994e-03,8.094979e-03,7.891317e-04,7.837734e-01,5.751443e-02,5.915606e-03,5.467097e-02,1.119203e-02,9.375391e-03,8.917308e-03,1.928719e-02
1.056517e-02,3.538823e-03,9.746805e-03,6.177085e-03,7.480802e-03,9.326497e-03,6.535043e-04,8.318024e-01,4.143334e-02,4.682519e-03,3.862689e-02,8.151182e-03,7.382230e-03,6.786757e-03,1.364604e-02
1.483729e-02,2.949616e-03,8.122500e-03,6.353556e-03,1.020400e-02,9.513143e-03,6.397200e-04,8.589325e-01,2.985396e-02,3.941369e-03,2.736035e-02,5.932670e-03,6.517508e-03,5.187320e-03,9.654472e-03
1.993523e-02,3.939486e-03,7.759781e-03,7.435582e-03,1.314038e-02,9.907333e-03,7.705358e-04,8.704593e-01,2.290549e-02,3.080002e-03,1.944769e-02,4.323897e-03,5.700386e-03,4.303646e-03,6.891275e-03
2.514808e-02,4.558632e-03,6.740048e-03,9.127658e-03,1.567084e-02,9.092599e-03,7.920160e-04,8.785099e-01,1.835008e-02,2.321210e-03,1.381968e-02,3.231144e-03,4.448228e-03,3.236619e-03,4.953237e-03
2.542881e-02,4.009740e-03,5.287245e-03,7.774574e-03,1.201893e-02,6.895992e-03,6.155474e-04,9.013841e-01,1.361400e-02,1.738127e-03,9.792997e-03,2.403812e-03,3.190055e-03,2.308203e-03,3.537889e-03
2.540367e-02,2.939146e-03,3.835662e-03,6.242030e-03,8.862724e-03,4.925814e-03,4.514202e-04,9.206814e-01,1.005707e-02,1.244645e-03,6.964405e-03,1.921990e-03,2.311237e-03,1.638232e-03,2.520660e-03
3.570691e-02,2.235163e-03,2.956956e-03,6.774685e-03,6.925737e-03,3.735421e-03,3.629765e-04,9.177119e-01,8.315295e-03,9.656369e-04,5.733834e-03,3.041514e-03,2.322993e-03,1.197727e-03,2.013322e-03
4.450574e-02,2.218645e-03,2.570257e-03,3.310019e-02,5.675251e-03,3.275753e-03,3.123345e-04,8.538770e-01,1.622858e-02,1.666935e-03,1.205704e-02,1.454981e-02,5.792219e-03,9.736112e-04,3.196668e-03
4.478874e-02,2.038460e-03,2.188206e-03,1.810246e-01,5.465558e-03,6.152908e-03,3.602500e-04,6.453318e-01,1.930134e-02,1.427760e-03,1.984196e-02,1.474112e-02,5.365180e-02,7.536365e-04,2.931883e-03
3.819093e-02,1.784349e-03,1.867455e-03,2.020714e-01,4.301877e-03,9.842899e-03,4.500617e-04,4.581110e-01,1.742717e-02,1.196941e-03,1.937709e-02,1.390256e-02,2.279370e-01,5.879455e-04,2.951199e-03
3.767620e-02,1.612814e-03,1.798356e-03,1.429040e-01,6.460275e-03,1.375438e-02,8.617800e-04,3.233646e-01,1.317824e-02,8.866459e-04,1.808141e-02,1.426718e-02,4.207003e-01,4.511414e-04,4.002581e-03
2.778903e-02,1.235077e-03,1.497426e-03,1.003722e-01,6.306547e-03,1.625560e-02,8.330427e-04,2.267614e-01,9.718247e-03,6.518054e-04,1.811409e-02,1.726621e-02,5.688646e-01,3.510960e-04,3.983550e-03
1.968228e-02,9.182053e-04,1.197692e-03,7.037779e-02,6.932396e-03,1.445099e-02,7.953096e-04,1.588243e-01,7.460679e-03,5.215101e-04,1.763554e-02,1.392351e-02,6.787760e-01,2.648027e-04,8.238947e-03
1.470057e-02,1.127967e-03,1.034851e-03,4.946623e-02,7.452674e-03,1.676246e-02,9.381565e-04,1.112369e-01,5.866421e-03,8.600310e-04,2.289685e-02,1.656152e-02,7.387151e-01,4.241609e-04,1.195618e-02
1.112496e-02,9.646909e-04,1.561555e-03,3.488348e-02,6.232251e-03,1.346696e-02,9.398108e-04,7.793742e-02,5.294343e-03,1.853597e-03,2.907859e-02,1.839064e-02,7.793644e-01,8.001064e-04,1.810718e-02
8.432092e-03,8.047430e-04,1.368409e-03,2.461170e-02,5.880745e-03,1.036452e-02,1.001430e-03,5.470624e-02,1.241961e-02,1.335225e-02,4.944205e-02,2.725057e-02,7.681969e-01,9.530816e-04,2.121562e-02
6.712927e-03,6.804182e-04,1.111662e-03,1.747775e-02,5.445478e-03,1.015127e-02,9.884466e-04,3.839191e-02,1.243741e-02,4.079593e-02,4.953573e-02,4.219258e-02,7.547329e-01,1.027087e-03,1.831847e-02
5.229021e-03,6.294431e-04,9.339846e-04,1.248956e-02,7.022125e-03,8.937031e-03,8.450623e-04,2.702264e-02,1.261129e-02,8.451982e-02,5.010492e-02,5.839564e-02,7.115638e-01,9.054360e-04,1.879026e-02
4.075461e-03,6.569739e-04,7.680283e-04,8.992251e-03,9.928662e-03,7.876370e-03,7.576282e-04,1.905290e-02,1.677888e-02,1.198029e-01,5.119161e-02,8.539507e-02,6.510609e-01,9.898115e-04,2.267260e-02
3.152111e-03,9.818501e-04,7.551034e-04,6.511170e-03,9.875170e-03,6.670478e-03,6.249178e-04,1.346943e-02,2.662799e-02,1.093570e-01,5.679537e-02,1.304015e-01,6.108537e-01,9.187275e-04,2.300551e-02
2.540518e-03,1.413567e-03,9.890505e-04,4.718219e-03,1.042782e-02,5.909085e-03,5.987291e-04,9.580713e-03,3.603829e-02,1.004981e-01,5.875629e-02,2.077294e-01,5.411127e-01,1.095810e-03,1.859167e-02
2.110412e-03,1.945332e-03,9.897063e-04,3.381835e-03,1.384317e-02,4.544081e-03,9.191690e-04,7.037280e-03,1.489441e-01,8.327153e-02,5.354822e-02,2.144327e-01,4.498831e-01,1.053387e-03,1.409593e-02
2.259749e-03,1.845516e-03,1.905419e-03,2.562153e-03,1.984916e-02,3.973773e-03,5.081830e-03,1.491077e-02,3.162640e-01,6.179038e-02,4.750187e-02,1.731905e-01,3.377587e-01,8.511288e-04,1.025505e-02
2.208124e-03,1.429245e-03,5.653484e-03,2.013699e-03,2.426152e-02,2.978270e-03,1.158443e-01,1.087779e-01,2.504603e-01,4.510533e-02,4.848704e-02,1.359453e-01,2.484415e-01,9.018554e-04,7.492058e-03
1.819093e-03,1.609735e-03,4.702994e-03,1.428537e-03,2.137557e-02,2.630509e-03,8.209154e-02,7.908056e-02,4.632879e-01,3.172825e-02,3.442695e-02,9.580214e-02,1.740903e-01,6.448970e-04,5.281021e-03
2.193595e-03,4.129137e-03,4.429958e-03,1.052102e-03,2.480622e-02,2.798253e-03,5.772409e-02,5.638631e-02,6.059701e-01,2.245754e-02,2.454544e-02,6.716276e-02,1.220424e-01,4.594580e-04,3.842589e-03
2.808712e-03,3.585294e-03,4.392844e-03,9.832345e-04,6.355445e-02,3.797540e-03,4.276074e-02,4.311390e-02,6.655282e-01,1.598072e-02,1.733407e-02,4.703879e-02,8.591527e-02,3.313862e-04,2.874805e-03
9.859172e-03,5.440996e-03,5.067839e-03,2.314278e-03,7.534906e-02,1.490020e-02,3.188456e-02,3.299376e-02,6.968052e-01,1.175413e-02,1.235851e-02,3.297538e-02,6.408982e-02,2.625270e-04,3.944596e-03
2.409951e-02,5.868349e-03,4.550351e-03,3.226030e-03,8.549152e-02,2.059213e-02,2.517098e-02,2.846218e-02,7.094743e-01,8.699714e-03,9.150610e-03,2.317700e-02,4.814112e-02,2.176080e-04,3.678648e-03
5.553532e-02,6.416501e-03,3.490356e-03,5.431361e-03,9.587097e-02,2.678395e-02,1.929571e-02,2.616288e-02,6.926148e-01,6.371323e-03,6.830180e-03,1.640328e-02,3.444744e-02,2.088470e-04,4.137118e-03
6.042665e-02,5.163276e-03,3.067795e-03,4.931207e-03,1.462080e-01,6.421293e-02,1.151906e-01,2.409407e-02,5.217955e-01,5.426182e-03,5.026557e-03,1.170424e-02,2.897560e-02,2.148957e-04,3.562414e-03
4.474301e-02,3.764237e-03,2.521108e-03,3.625824e-03,1.372163e-01,6.549758e-02,3.095842e-01,2.140637e-02,3.688812e-01,4.105492e-03,3.614226e-03,8.246590e-03,2.385435e-02,1.752742e-04,2.764250e-03
3.320362e-02,2.860154e-03,2.449169e-03,2.640201e-03,1.229010e-01,8.922653e-02,4.175324e-01,3.301413e-02,2.618729e-01,3.211592e-03,3.348232e-03,5.902199e-03,1.835014e-02,1.623187e-04,3.325435e-03
2.850425e-02,2.282330e-03,2.272446e-03,1.962521e-03,1.109918e-01,9.228779e-02,4.908404e-01,4.813831e-02,1.878716e-01,2.558224e-03,7.880474e-03,4.436636e-03,1.581158e-02,1.580647e-04,4.003537e-03
2.700268e-02,2.368671e-03,3.493392e-03,1.805371e-03,1.743601e-01,8.588063e-02,4.475634e-01,4.255676e-02,1.334484e-01,3.003390e-02,1.782968e-02,3.416643e-03,1.396752e-02,2.652868e-03,1.361986e-02
4.296070e-02,1.901674e-03,4.039354e-03,3.136938e-03,2.553138e-01,7.310249e-02,4.144772e-01,3.165200e-02,9.483330e-02,2.945728e-02,1.471763e-02,3.205667e-03,1.056805e-02,2.258918e-03,1.837496e-02
4.128033e-02,1.691172e-03,3.771706e-03,6.385167e-03,3.075308e-01,5.947291e-02,3.652908e-01,2.284442e-02,7.096551e-02,5.927598e-02,1.746416e-02,3.584025e-03,8.457616e-03,3.730346e-03,2.825509e-02
4.849555e-02,1.552505e-03,3.199831e-03,1.048566e-02,3.300290e-01,5.831707e-02,3.455053e-01,1.711579e-02,5.168199e-02,5.095739e-02,3.485031e-02,7.408107e-03,8.221295e-03,4.314195e-03,2.786596e-02
5.546878e-02,1.414548e-03,2.470728e-03,1.006743e-02,3.890068e-01,6.060352e-02,3.168157e-01,1.328838e-02,3.725730e-02,3.783230e-02,3.256118e-02,7.882571e-03,8.199625e-03,3.687180e-03,2.344397e-02
4.948976e-02,1.964320e-03,2.637194e-03,8.930089e-03,3.430213e-01,1.133367e-01,2.923540e-01,1.112703e-02,2.774846e-02,4.643763e-02,4.672612e-02,9.759369e-03,9.885661e-03,1.182816e-02,2.475422e-02
4.686350e-02,1.596980e-03,2.151201e-03,6.748887e-03,2.453512e-01,2.358035e-01,2.124296e-01,1.025902e-02,1.958779e-02,3.537156e-02,4.760975e-02,1.098547e-02,1.084592e-02,8.174382e-02,3.265170e-02
3.486262e-02,1.176446e-03,1.558412e-03,4.767926e-03,1.733481e-01,3.267571e-01,1.495576e-01,7.606091e-03,1.376439e-02,3.461525e-02,5.732888e-02,8.899809e-03,8.194217e-03,1.320933e-01,4.546992e-02
2.477878e-02,8.551938e-04,1.095937e-03,3.357858e-03,1.215492e-01,2.648420e-01,1.049760e-01,5.497491e-03,9.964245e-03,2.628471e-02,5.303242e-02,1.394630e-02,6.530918e-03,3.255758e-01,3.771319e-02
1.749742e-02,6.239465e-04,7.701472e-04,2.361815e-03,8.515543e-02,1.941974e-01,7.357375e-02,3.950660e-03,7.302905e-03,2.041717e-02,4.318137e-02,1.451470e-02,5.053141e-03,4.980313e-01,3.336887e-02
1.243727e-02,4.687463e-04,5.427617e-04,1.668651e-03,5.963546e-02,1.378254e-01,5.153560e-02,2.911521e-03,6.885363e-03,1.919425e-02,4.408163e-02,1.203566e-02,4.367649e-03,6.203685e-01,2.604160e-02
9.504266e-03,3.941762e-04,4.504073e-04,1.203513e-03,4.177415e-02,1.104371e-01,3.613245e-02,2.201507e-03,5.548668e-03,1.765241e-02,2.145095e-01,1.012596e-02,4.198711e-03,5.244011e-01,2.146614e-02
6.839055e-03,3.293139e-04,3.274568e-04,8.496926e-04,2.925641e-02,7.942744e-02,2.530567e-02,1.572629e-03,4.997311e-03,1.631115e-02,2.053087e-01,8.480406e-03,3.644997e-03,6.005422e-01,1.680750e-02
4.931986e-03,9.216106e-04,2.567101e-04,5.996318e-04,2.048920e-02,5.795402e-02,1.772477e-02,1.150071e-03,7.199834e-03,1.506290e-02,2.606406e-01,9.429022e-03,2.665376e-03,5.886899e-01,1.228440e-02
3.491681e-03,1.390175e-03,1.985542e-04,4.237095e-04,1.435182e-02,4.268506e-02,1.241239e-02,8.168726e-04,1.501165e-02,1.141359e-02,2.256339e-01,1.099153e-02,1.905453e-03,6.501924e-01,9.081138e-03
2.455188e-03,8.138930e-03,1.724427e-04,2.990011e-04,1.005403e-02,3.254807e-02,8.690025e-03,5.826041e-04,1.654532e-02,8.057075e-03,1.796885e-01,8.368066e-03,1.345677e-03,7.162428e-01,6.812192e-03
1.728745e-03,1.428633e-02,1.352703e-04,2.105293e-04,7.049077e-03,2.730306e-02,6.083848e-03,4.377588e-04,1.749282e-02,5.682450e-03,1.413843e-01,6.534784e-03,9.542297e-04,7.654423e-01,5.274526e-03
1.248870e-03,6.296431e-02,1.959900e-04,1.564706e-04,4.974870e-03,2.708178e-02,4.263763e-03,4.508275e-04,2.210660e-02,4.188091e-03,1.150616e-01,5.145005e-03,7.204771e-04,7.467452e-01,4.696268e-03
1.052949e-03,8.276489e-02,3.358380e-04,1.362811e-04,3.634338e-03,2.216096e-02,2.994856e-03,4.793835e-04,3.594350e-02,3.981923e-03,1.596072e-01,5.967985e-03,7.859499e-04,6.762308e-01,3.923147e-03
8.879886e-04,1.533822e-01,5.275847e-04,1.401075e-04,2.773461e-03,2.909967e-02,2.118322e-03,7.198609e-04,1.061390e-01,4.293818e-03,1.430655e-01,4.780132e-03,1.091278e-03,5.478613e-01,3.119718e-03
9.801667e-04,1.618869e-01,4.301044e-04,2.796548e-04,2.475545e-03,2.795529e-02,1.501478e-03,1.005662e-03,2.379455e-01,4.347938e-03,1.366738e-01,4.734431e-03,1.203811e-03,4.162250e-01,2.354769e-03
9.221860e-04,1.633843e-01,3.654138e-04,3.762629e-04,2.092921e-03,3.805069e-02,1.064437e-03,9.396282e-04,3.050911e-01,5.050405e-03,1.414228e-01,5.650841e-03,1.294946e-03,3.324491e-01,1.845020e-03
1.214557e-03,1.634813e-01,5.031937e-04,7.849920e-04,3.166985e-03,4.166253e-02,7.798415e-04,1.176034e-03,3.333313e-01,8.486490e-03,1.613049e-01,6.460438e-03,1.437309e-03,2.736105e-01,2.599667e-03
2.814311e-03,1.373159e-01,4.128592e-03,2.208752e-03,5.051681e-03,6.947881e-02,6.427310e-04,6.581525e-03,3.475356e-01,1.037478e-02,1.483627e-01,6.060912e-03,2.380649e-03,2.543608e-01,2.702303e-03
6.401591e-03,1.182955e-01,9.475511e-03,2.123419e-03,4.536662e-03,8.403388e-02,5.169708e-04,1.086955e-02,3.405695e-01,9.315635e-03,1.460111e-01,5.204463e-03,2.001295e-03,2.584577e-01,2.187348e-03
1.594074e-02,1.223451e-01,9.152310e-03,3.471707e-03,4.669639e-03,8.076967e-02,3.875767e-04,1.512272e-02,2.862831e-01,8.204007e-03,1.529856e-01,5.528590e-03,1.814226e-03,2.910690e-01,2.255999e-03
2.621719e-02,1.316931e-01,1.347019e-02,5.645077e-03,9.482065e-03,1.159446e-01,5.430070e-04,2.251826e-02,2.541770e-01,1.072529e-02,1.472405e-01,7.119683e-03,1.881957e-03,2.502232e-01,3.118895e-03
3.968143e-02,1.411002e-01,3.698552e-02,1.993916e-02,1.545427e-02,9.512220e-02,7.675758e-04,4.517362e-02,2.317291e-01,1.152550e-02,1.465515e-01,8.650989e-03,2.693862e-03,1.994968e-01,5.128244e-03
4.315835e-02,1.042104e-01,3.645230e-02,2.228288e-02,6.686412e-02,7.163689e-02,1.872516e-03,6.652549e-02,2.821329e-01,8.857748e-03,1.192430e-01,1.116569e-02,3.931969e-03,1.568174e-01,4.848357e-03
4.501501e-02,7.835183e-02,4.366456e-02,3.683583e-02,7.326615e-02,5.388710e-02,1.840429e-03,1.552741e-01,2.682758e-01,7.206772e-03,1.024829e-01,1.100760e-02,5.313871e-03,1.134797e-01,4.098327e-03
5.770979e-02,6.465357e-02,4.644874e-02,6.110598e-02,7.975411e-02,6.596240e-02,3.006835e-03,1.757726e-01,2.508965e-01,8.522060e-03,8.482643e-02,1.027030e-02,4.704301e-03,8.277126e-02,3.595115e-03
6.344812e-02,4.720391e-02,5.866927e-02,7.206701e-02,7.706408e-02,5.121115e-02,2.532901e-03,3.047491e-01,1.805590e-01,6.677919e-03,6.253474e-02,8.085361e-03,3.607083e-03,5.872917e-02,2.861205e-03
1.049708e-01,3.605942e-02,1.106063e-01,5.802953e-02,6.856056e-02,3.850158e-02,1.115554e-02,3.334833e-01,1.348095e-01,5.107237e-03,4.544338e-02,6.139631e-03,2.945623e-03,4.177970e-02,2.407772e-03
1.389870e-01,2.794937e-02,1.549180e-01,4.820144e-02,5.650594e-02,2.857644e-02,1.906392e-02,3.438883e-01,1.043518e-01,4.936255e-03,3.337909e-02,4.911249e-03,2.456780e-03,3.000080e-02,1.873460e-03
2.225382e-01,2.151793e-02,1.531766e-01,4.479754e-02,5.344851e-02,2.189961e-02,2.867454e-02,3.074557e-01,7.817388e-02,1.211189e-02,2.518503e-02,4.320634e-03,2.385487e-03,2.268778e-02,1.626655e-03
2.849933e-01,1.633875e-02,1.455768e-01,4.573663e-02,4.059394e-02,2.308698e-02,8.504140e-02,2.408539e-01,5.629337e-02,1.109790e-02,1.826405e-02,7.164250e-03,6.125513e-03,1.625886e-02,2.574417e-03
3.354393e-01,1.494203e-02,1.332905e-01,4.666756e-02,3.410519e-02,2.133374e-02,1.117695e-01,2.033277e-01,4.289572e-02,8.893850e-03,1.488581e-02,8.504262e-03,8.143345e-03,1.230001e-02,3.501349e-03
3.878298e-01,1.309007e-02,1.185823e-01,4.040093e-02,2.833473e-02,1.840495e-02,1.313772e-01,1.768137e-01,3.575300e-02,6.766852e-03,1.182798e-02,9.845532e-03,7.910408e-03,9.123174e-03,3.939143e-03
4.617717e-01,1.190785e-02,9.354348e-02,3.190351e-02,2.278260e-02,1.683397e-02,1.276439e-01,1.475968e-01,3.051205e-02,6.099783e-03,9.934528e-03,1.509366e-02,9.335745e-03,7.555992e-03,7.484449e-03
4.988703e-01,1.139992e-02,7.411465e-02,2.622155e-02,1.952583e-02,1.685117e-02,1.376141e-01,1.268004e-01,2.577222e-02,6.735584e-03,8.697241e-03,1.936679e-02,1.104999e-02,6.151233e-03,1.082907e-02
1.000000e+00,0.000000e+00,0.000000e+00,0.000000e+00,0.000000e+00,0.000000e+00,0.000000e+00,0.000000e+00,0.000000e+00,0.000000e+00,0.000000e+00,0.000000e+00,0.000000e+00,0.000000e+00,0.000000e+00
1.000000e+00,0.000000e+00,0.000000e+00,0.000000e+00,0.000000e+00,0.000000e+00,0.000000e+00,0.000000e+00,0.000000e+00,0.000000e+00,0.000000e+00,0.000000e+00,0.000000e+00,0.000000e+00,0.000000e+00
1.000000e+00,0.000000e+00,0.000000e+00,0.000000e+00,0.000000e+00,0.000000e+00,0.000000e+00,0.000000e+00,0.000000e+00,0.000000e+00,0.000000e+00,0.000000e+00,0.000000e+00,0.000000e+00,0.000000e+00
1.000000e+00,0.000000e+00,0.000000e+00,0.000000e+00,0.000000e+00,0.000000e+00,0.000000e+00,0.000000e+00,0.000000e+00,0.000000e+00,0.000000e+00,0.000000e+00,0.000000e+00,0.000000e+00,0.000000e+00
1.000000e+00,0.000000e+00,0.000000e+00,0.000000e+00,0.000000e+00,0.000000e+00,0.000000e+00,0.000000e+00,0.000000e+00,0.000000e+00,0.000000e+00,0.000000e+00,0.000000e+00,0.000000e+00,0.000000e+00
1.000000e+00,0.000000e+00,0.000000e+00,0.000000e+00,0.000000e+00,0.000000e+00,0.000000e+00,0.000000e+00,0.000000e+00,0.000000e+00,0.000000e+00,0.000000e+00,0.000000e+00,0.000000e+00,0.000000e+00
1.000000e+00,0.000000e+00,0.000000e+00,0.000000e+00,0.000000e+00,0.000000e+00,0.000000e+00,0.000000e+00,0.000000e+00,0.000000e+00,0.000000e+00,0.000000e+00,0.000000e+00,0.000000e+00,0.000000e+00
1.000000e+00,0.000000e+00,0.000000e+00,0.000000e+00,0.000000e+00,0.000000e+00,0.000000e+00,0.000000e+00,0.000000e+00,0.000000e+00,0.000000e+00,0.000000e+00,0.000000e+00,0.000000e+00,0.000000e+00
1.000000e+00,0.000000e+00,0.000000e+00,0.000000e+00,0.000000e+00,0.000000e+00,0.000000e+00,0.000000e+00,0.000000e+00,0.000000e+00,0.000000e+00,0.000000e+00,0.000000e+00,0.000000e+00,0.000000e+00
1.000000e+00,0.000000e+00,0.000000e+00,0.000000e+00,0.000000e+00,0.000000e+00,0.000000e+00,0.000000e+00,0.000000e+00,0.000000e+00,0.000000e+00,0.000000e+00,0.000000e+00,0.000000e+00,0.000000e+00
1.000000e+00,0.000000e+00,0.000000e+00,0.000000e+00,0.000000e+00,0.000000e+00,0.000000e+00,0.000000e+00,0.000000e+00,0.000000e+00,0.000000e+00,0.000000e+00,0.000000e+00,0.000000e+00,0.000000e+00
1.000000e+00,0.000000e+00,0.000000e+00,0.000000e+00,0.000000e+00,0.000000e+00,0.000000e+00,0.000000e+00,0.000000e+00,0.000000e+00,0.000000e+00,0.000000e+00,0.000000e+00,0.000000e+00,0.000000e+00
4.382240e-01,2.040296e-02,9.399192e-03,4.205993e-02,1.243490e-02,2.497122e-02,1.461896e-02,3.928234e-02,2.571566e-02,7.219460e-03,1.597168e-02,8.046156e-02,2.203371e-01,6.711027e-03,4.219009e-02
4.168071e-01,1.732489e-02,8.181033e-03,3.691823e-02,1.346734e-02,2.204557e-02,1.101456e-02,2.887127e-02,3.086483e-02,6.264198e-03,1.799516e-02,8.061168e-02,2.671896e-01,6.216429e-03,3.622812e-02
3.926376e-01,1.455914e-02,7.687182e-03,3.271120e-02,1.577781e-02,2.184382e-02,8.675857e-03,2.241557e-02,3.902326e-02,5.401626e-03,1.963617e-02,8.521581e-02,2.975680e-01,4.892014e-03,3.195493e-02
3.745901e-01,2.067248e-02,1.201689e-02,2.688438e-02,1.105310e-01,1.910340e-02,8.812224e-03,1.716081e-02,3.923804e-02,3.969288e-03,2.065710e-02,6.705609e-02,2.519781e-01,3.563334e-03,2.376675e-02
3.319509e-01,1.727133e-02,1.248966e-02,2.996772e-02,1.712056e-01,3.051903e-02,1.100684e-02,1.789479e-02,5.925545e-02,4.564893e-03,1.788542e-02,5.931864e-02,2.130239e-01,3.076217e-03,2.056951e-02
3.659410e-01,1.483669e-02,1.174139e-02,3.194170e-02,1.435837e-01,4.814237e-02,1.392954e-02,2.064392e-02,6.019473e-02,5.440441e-03,1.872830e-02,5.422949e-02,1.861686e-01,2.839530e-03,2.163866e-02
3.963418e-01,1.256450e-02,9.129549e-03,3.294194e-02,1.430684e-01,5.060367e-02,1.375527e-02,2.104126e-02,4.855262e-02,5.093428e-03,2.861119e-02,5.519382e-02,1.617537e-01,2.666523e-03,1.868233e-02
4.636069e-01,1.257883e-02,7.412872e-03,3.145119e-02,1.131726e-01,4.794051e-02,1.207269e-02,1.792448e-02,4.291191e-02,4.633686e-03,2.879987e-02,5.707071e-02,1.402536e-01,2.449631e-03,1.772053e-02
