1.000000e+00,0.000000e+00,0.000000e+00,0.000000e+00,0.000000e+00,0.000000e+00,0.000000e+00,0.000000e+00,0.000000e+00,0.000000e+00,0.000000e+00,0.000000e+00,0.000000e+00,0.000000e+00,0.000000e+00
1.000000e+00,0.000000e+00,0.000000e+00,0.000000e+00,0.000000e+00,0.000000e+00,0.000000e+00,0.000000e+00,0.000000e+00,0.000000e+00,0.000000e+00,0.000000e+00,0.000000e+00,0.000000e+00,0.000000e+00
1.000000e+00,0.000000e+00,0.000000e+00,0.000000e+00,0.000000e+00,0.000000e+00,0.000000e+00,0.000000e+00,0.000000e+00,0.000000e+00,0.000000e+00,0.000000e+00,0.000000e+00,0.000000e+00,0.000000e+00
1.000000e+00,0.000000e+00,0.000000e+00,0.000000e+00,0.000000e+00,0.000000e+00,0.000000e+00,0.000000e+00,0.000000e+00,0.000000e+00,0.000000e+00,0.000000e+00,0.000000e+00,0.000000e+00,0.000000e+00
1.000000e+00,0.000000e+00,0.000000e+00,0.000000e+00,0.000000e+00,0.000000e+00,0.000000e+00,0.000000e+00,0.000000e+00,0.000000e+00,0.000000e+00,0.000000e+00,0.000000e+00,0.000000e+00,0.000000e+00
1.000000e+00,0.000000e+00,0.000000e+00,0.000000e+00,0.000000e+00,0.000000e+00,0.000000e+00,0.000000e+00,0.000000e+00,0.000000e+00,0.000000e+00,0.000000e+00,0.000000e+00,0.000000e+00,0.000000e+00
1.000000e+00,0.000000e+00,0.000000e+00,0.000000e+00,0.000000e+00,0.000000e+00,0.000000e+00,0.000000e+00,0.000000e+00,0.000000e+00,0.000000e+00,0.000000e+00,0.000000e+00,0.000000e+00,0.000000e+00
1.000000e+00,0.000000e+00,0.000000e+00,0.000000e+00,0.000000e+00,0.000000e+00,0.000000e+00,0.000000e+00,0.000000e+00,0.000000e+00,0.000000e+00,0.000000e+00,0.000000e+00,0.000000e+00,0.000000e+00
1.000000e+00,0.000000e+00,0.000000e+00,0.000000e+00,0.000000e+00,0.000000e+00,0.000000e+00,0.000000e+00,0.000000e+00,0.000000e+00,0.000000e+00,0.000000e+00,0.000000e+00,0.000000e+00,0.000000e+00
1.000000e+00,0.000000e+00,0.000000e+00,0.000000e+00,0.000000e+00,0.000000e+00,0.000000e+00,0.000000e+00,0.000000e+00,0.000000e+00,0.000000e+00,0.000000e+00,0.000000e+00,0.000000e+00,0.000000e+00
1.000000e+00,0.000000e+00,0.000000e+00,0.000000e+00,0.000000e+00,0.000000e+00,0.000000e+00,0.000000e+00,0.000000e+00,0.000000e+00,0.000000e+00,0.000000e+00,0.000000e+00,0.000000e+00,0.000000e+00
1.000000e+00,0.000000e+00,0.000000e+00,0.000000e+00,0.000000e+00,0.000000e+00,0.000000e+00,0.000000e+00,0.000000e+00,0.000000e+00,0.000000e+00,0.000000e+00,0.000000e+00,0.000000e+00,0.000000e+00
1.000000e+00,0.000000e+00,0.000000e+00,0.000000e+00,0.000000e+00,0.000000e+00,0.000000e+00,0.000000e+00,0.000000e+00,0.000000e+00,0.000000e+00,0.000000e+00,0.000000e+00,0.000000e+00,0.000000e+00
1.000000e+00,0.000000e+00,0.000000e+00,0.000000e+00,0.000000e+00,0.000000e+00,0.000000e+00,0.000000e+00,0.000000e+00,0.000000e+00,0.000000e+00,0.000000e+00,0.000000e+00,0.000000e+00,0.000000e+00
1.000000e+00,0.000000e+00,0.000000e+00,0.000000e+00,0.000000e+00,0.000000e+00,0.000000e+00,0.000000e+00,0.000000e+00,0.000000e+00,0.000000e+00,0.000000e+00,0.000000e+00,0.000000e+00,0.000000e+00
4.268435e-01,2.090654e-02,6.568451e-02,1.187851e-01,7.416625e-03,1.153092e-02,2.380952e-03,2.056462e-02,4.455324e-02,7.940304e-03,2.012070e-02,1.759153e-02,1.658543e-02,1.309826e-02,2.059979e-01
3.210265e-01,1.593128e-02,6.884899e-02,1.088790e-01,5.448658e-03,8.790972e-03,1.990141e-03,1.644101e-02,5.569191e-02,9.823274e-03,2.191938e-02,1.362191e-02,1.370453e-02,1.955575e-02,3.183267e-01
2.675482e-01,1.313732e-02,9.268042e-02,1.644686e-01,4.635064e-03,7.855406e-03,1.610248e-03,1.529479e-02,6.103726e-02,9.364638e-03,4.888163e-02,1.512021e-02,2.096375e-02,2.369590e-02,2.537065e-01
2.653804e-01,1.254210e-02,8.974073e-02,1.294280e-01,6.042324e-03,6.909017e-03,1.282711e-03,1.327784e-02,5.315956e-02,1.066171e-02,8.384167e-02,1.257573e-02,2.874358e-02,4.904322e-02,2.373714e-01
2.040702e-01,1.140419e-02,7.918286e-02,9.155729e-02,4.566726e-03,5.389197e-03,9.594003e-04,9.357618e-03,4.339018e-02,1.178405e-02,5.982815e-02,9.377925e-03,2.044131e-02,1.946843e-01,2.540066e-01
1.932067e-01,1.334443e-02,6.391725e-02,6.634625e-02,3.565491e-03,4.836619e-03,7.582633e-04,6.637640e-03,3.789348e-02,2.161330e-02,4.731425e-02,1.151550e-02,1.557325e-02,1.807829e-01,3.326946e-01
1.926731e-01,1.171389e-02,4.822123e-02,4.752504e-02,3.431756e-03,3.924276e-03,6.361178e-04,4.800222e-03,3.261545e-02,2.621481e-02,3.693941e-02,9.803000e-03,1.266474e-02,3.119180e-01,2.569190e-01
1.421779e-01,8.532561e-03,3.440858e-02,3.361168e-02,3.052364e-03,3.099442e-03,4.893012e-04,3.419133e-03,2.831740e-02,1.255929e-01,3.039582e-02,8.031986e-03,9.546609e-03,3.810465e-01,1.882778e-01
9.972288e-02,5.992246e-03,2.412834e-02,2.354020e-02,2.224914e-03,2.256216e-03,3.510133e-04,2.403045e-03,2.077853e-02,2.911580e-01,2.292857e-02,5.902449e-03,6.828861e-03,3.575054e-01,1.342793e-01
7.037620e-02,4.210419e-03,1.697849e-02,1.648942e-02,1.600346e-03,1.711266e-03,2.605134e-04,1.701126e-03,1.513859e-02,4.121674e-01,1.916133e-02,4.784429e-03,4.998842e-03,3.340585e-01,9.636314e-02
5.070969e-02,3.157344e-03,1.217163e-02,1.162897e-02,1.266859e-03,1.609701e-03,2.208735e-04,1.214469e-03,1.428967e-02,5.216469e-01,1.926575e-02,6.152854e-03,4.526383e-03,2.814778e-01,7.066117e-02
3.798031e-02,3.216026e-03,8.990266e-03,8.537533e-03,1.153628e-03,1.899780e-03,1.975113e-04,9.067320e-04,2.209131e-02,6.031020e-01,2.930749e-02,9.149087e-03,6.314575e-03,2.144179e-01,5.273582e-02
2.886599e-02,2.587447e-03,6.490121e-03,7.173842e-03,4.413425e-03,2.153891e-03,4.377720e-04,1.226962e-03,3.066709e-02,6.154928e-01,3.518233e-02,9.575920e-03,7.786285e-03,1.994267e-01,4.851948e-02
2.122754e-02,2.394907e-03,4.717875e-03,5.856088e-03,4.098868e-03,4.061113e-03,4.392015e-04,1.146499e-03,4.584035e-02,5.630875e-01,1.006025e-01,1.667471e-02,1.179893e-02,1.751380e-01,4.291592e-02
2.154829e-02,2.253703e-03,3.341566e-03,4.883301e-03,3.417746e-03,4.199839e-03,3.844820e-04,9.462803e-04,4.694141e-02,4.827780e-01,2.133963e-01,2.673427e-02,1.404785e-02,1.402187e-01,3.490839e-02
1.786014e-02,2.015310e-03,2.354119e-03,4.263673e-03,2.917613e-03,4.689482e-03,4.081492e-04,7.486279e-04,4.228210e-02,4.127563e-01,2.830674e-01,3.771108e-02,2.015752e-02,1.063347e-01,6.243381e-02
1.342361e-02,1.966556e-03,1.663170e-03,4.225079e-03,2.543700e-03,6.530118e-03,4.731897e-04,6.307202e-04,3.746837e-02,3.263600e-01,3.888375e-01,4.128533e-02,2.192581e-02,8.520830e-02,6.745864e-02
9.744287e-03,2.548885e-03,1.196361e-03,3.309467e-03,7.383154e-03,4.854001e-03,4.950232e-04,8.671022e-04,2.460449e-01,2.413577e-01,3.123615e-01,3.746820e-02,1.962985e-02,6.085175e-02,5.188787e-02
7.645316e-03,4.068363e-03,8.834236e-04,2.641330e-03,8.619940e-03,4.093264e-03,4.819649e-04,1.593018e-03,4.005587e-01,1.720778e-01,2.612216e-01,3.713113e-02,1.804538e-02,4.350310e-02,3.743573e-02
5.645156e-03,5.073220e-03,6.613273e-04,1.913292e-03,6.910927e-03,3.542758e-03,3.781294e-04,2.157510e-03,5.668511e-01,1.209150e-01,1.884064e-01,2.752071e-02,1.314261e-02,3.055505e-02,2.632677e-02
4.381493e-03,4.932362e-03,7.719269e-04,1.775955e-03,8.021829e-03,3.984750e-03,3.875125e-04,4.652193e-03,6.749877e-01,8.507156e-02,1.388914e-01,1.983257e-02,1.060404e-02,2.207546e-02,1.962931e-02
3.430111e-03,4.069228e-03,7.152105e-04,1.290340e-03,8.814101e-03,5.310114e-03,3.189870e-04,5.791311e-03,7.604252e-01,5.959458e-02,9.891445e-02,1.397805e-02,7.984377e-03,1.555633e-02,1.380758e-02
4.125586e-03,3.407922e-03,6.326303e-04,1.569312e-03,9.509621e-03,7.134663e-03,2.435704e-04,1.390578e-02,8.116084e-01,4.176951e-02,6.960460e-02,9.890405e-03,5.732167e-03,1.099843e-02,9.867400e-03
4.507645e-03,2.833103e-03,5.334949e-04,1.209641e-03,1.243821e-02,2.473289e-02,1.834593e-04,1.300979e-02,8.363806e-01,2.927185e-02,4.895170e-02,6.966160e-03,4.162266e-03,7.790102e-03,7.029017e-03
4.405917e-03,2.835446e-03,4.019771e-04,1.894369e-03,1.934506e-02,3.360690e-02,1.942672e-04,1.261763e-02,8.512217e-01,2.052466e-02,3.437250e-02,4.950074e-03,3.008605e-03,5.523316e-03,5.097472e-03
4.108820e-03,3.986127e-03,3.268400e-04,2.660787e-03,3.283694e-02,3.677570e-02,4.478485e-04,1.038744e-02,8.558141e-01,1.451918e-02,2.423736e-02,3.544983e-03,2.280322e-03,3.929434e-03,4.144039e-03
4.329327e-03,5.274780e-03,2.591539e-04,4.093469e-03,3.933161e-02,3.859944e-02,8.135149e-04,1.106508e-02,8.571128e-01,1.043775e-02,1.732585e-02,2.718556e-03,2.425627e-03,2.816923e-03,3.396055e-03
1.812690e-02,4.389940e-03,1.901024e-04,2.273486e-02,3.392717e-02,3.212007e-02,6.046143e-04,8.715624e-03,8.048213e-01,7.546830e-03,2.600553e-02,1.075231e-02,2.325042e-02,2.578263e-03,4.236045e-03
2.252531e-02,3.217921e-03,1.442023e-04,3.761891e-02,2.666331e-02,2.497483e-02,4.552060e-04,6.401395e-03,7.663433e-01,5.332176e-03,2.540580e-02,3.084489e-02,4.415429e-02,2.239072e-03,3.679415e-03
1.723796e-02,2.386664e-03,1.809094e-04,3.324485e-02,1.992282e-02,1.856407e-02,3.356735e-04,4.826053e-03,5.614107e-01,4.195645e-03,7.012219e-02,9.879309e-02,1.638957e-01,2.051707e-03,2.831940e-03
1.298030e-02,1.852256e-03,2.730825e-04,2.702103e-02,1.601015e-02,1.585850e-02,3.737896e-04,3.497996e-03,4.237006e-01,3.480390e-03,7.766160e-02,2.387131e-01,1.715813e-01,3.587400e-03,3.408580e-03
9.363892e-03,1.367603e-03,2.536330e-04,1.952323e-02,1.295469e-02,1.358054e-02,3.178641e-04,2.541938e-03,3.144392e-01,2.838661e-03,8.786055e-02,3.318788e-01,1.923693e-01,5.879207e-03,4.830955e-03
6.617401e-03,9.811724e-04,2.181426e-04,1.423963e-02,1.026486e-02,1.140533e-02,2.482358e-04,1.827253e-03,2.227832e-01,2.353583e-03,7.373985e-02,4.233720e-01,2.225110e-01,4.809973e-03,4.628328e-03
4.703389e-03,7.007616e-04,1.658239e-04,1.012632e-02,1.315428e-02,9.366829e-03,1.848800e-04,1.515019e-03,1.596179e-01,1.987867e-03,7.359629e-02,4.112640e-01,3.062600e-01,3.685472e-03,3.671174e-03
3.398287e-03,5.144509e-04,1.471470e-04,7.134791e-03,1.048964e-02,7.748443e-03,1.797023e-04,1.174411e-03,1.140262e-01,1.534502e-03,6.083383e-02,4.452080e-01,3.419530e-01,2.820382e-03,2.837245e-03
2.486798e-03,4.133708e-04,2.387223e-04,5.070480e-03,9.967049e-03,7.771813e-03,2.142045e-04,1.239046e-03,9.147804e-02,1.449518e-03,4.967230e-02,4.972688e-01,3.283843e-01,2.135977e-03,2.209529e-03
1.873462e-03,3.658647e-04,7.756396e-04,3.632401e-03,1.306015e-02,7.453623e-03,6.100669e-04,2.006815e-03,8.348252e-02,1.586471e-03,4.714065e-02,4.858272e-01,3.486614e-01,1.744851e-03,1.778899e-03
1.506099e-03,3.189496e-04,1.040295e-03,2.564626e-03,1.203176e-02,6.642906e-03,8.201612e-04,1.733301e-03,6.443030e-02,1.971871e-03,3.806367e-02,5.289406e-01,3.369772e-01,1.413026e-03,1.545191e-03
1.321019e-03,3.362238e-04,1.033668e-03,1.812096e-03,1.011901e-02,2.036936e-02,8.329722e-04,1.423364e-03,4.841905e-02,1.662696e-03,2.944081e-02,6.074951e-01,2.735169e-01,1.066314e-03,1.151355e-03
9.881937e-04,2.774871e-04,7.838251e-04,1.273514e-03,7.308761e-03,2.391904e-02,6.393741e-04,1.023504e-03,3.444004e-02,1.236960e-03,2.127957e-02,7.095186e-01,1.957019e-01,7.846819e-04,8.245373e-04
1.174402e-03,2.739756e-04,1.693280e-03,9.291847e-04,1.443687e-02,1.920018e-02,1.940267e-03,2.703173e-03,3.104163e-02,1.272371e-03,1.770797e-02,7.443462e-01,1.617273e-01,7.121318e-04,8.410223e-04
1.536136e-03,2.346519e-04,2.667859e-03,7.010495e-04,1.943955e-02,1.546150e-02,4.911891e-03,3.268930e-02,2.465449e-02,1.169611e-03,1.735754e-02,7.067480e-01,1.707887e-01,7.184238e-04,9.212698e-04
2.867605e-03,2.378128e-03,1.158052e-02,8.757029e-04,3.254756e-02,1.399299e-02,4.569773e-03,2.676852e-02,3.813653e-02,1.620228e-03,2.460611e-02,6.426596e-01,1.952763e-01,9.377951e-04,1.182632e-03
3.184027e-03,2.317035e-03,1.239349e-02,9.690869e-04,3.055380e-02,1.370327e-02,3.893289e-03,2.277926e-02,3.392172e-02,2.373923e-03,3.460353e-02,6.216206e-01,2.147750e-01,1.049637e-03,1.862393e-03
5.109916e-03,2.044597e-03,2.146285e-02,1.318135e-03,3.149854e-02,1.217099e-02,4.399381e-03,3.069980e-02,3.589427e-02,2.580755e-03,4.828043e-02,5.265300e-01,2.716634e-01,2.848793e-03,3.498157e-03
4.713671e-03,1.667789e-03,2.154565e-01,1.121610e-03,2.266384e-02,8.867846e-03,3.342950e-03,5.806823e-02,2.743909e-02,1.940999e-03,3.912586e-02,3.732044e-01,2.371135e-01,2.378333e-03,2.895424e-03
6.521555e-03,2.978534e-03,2.490665e-01,1.374186e-03,1.905464e-02,1.058955e-02,3.469198e-03,8.801584e-02,1.069093e-01,1.520329e-03,3.352816e-02,2.684917e-01,2.039789e-01,1.786089e-03,2.715472e-03
9.416290e-03,3.043982e-03,3.812236e-01,1.413110e-03,1.807550e-02,8.463945e-03,5.422294e-03,9.944068e-02,1.063088e-01,1.166961e-03,2.523530e-02,1.896009e-01,1.472154e-01,1.325321e-03,2.648043e-03
1.095576e-02,2.945027e-03,5.140945e-01,1.385321e-03,1.598309e-02,7.539595e-03,5.535736e-03,8.711090e-02,9.506355e-02,8.700913e-04,1.802731e-02,1.334949e-01,1.038525e-01,9.709494e-04,2.170825e-03
1.227014e-02,2.715888e-03,6.369308e-01,2.570045e-03,1.457480e-02,6.392310e-03,4.098202e-03,6.806730e-02,7.051446e-02,6.283567e-04,1.267051e-02,9.346452e-02,7.283520e-02,6.852577e-04,1.582205e-03
2.344352e-02,4.522199e-03,7.045149e-01,3.717218e-03,1.799265e-02,6.153342e-03,3.304279e-03,5.000401e-02,5.773841e-02,5.138412e-04,8.901821e-03,6.544361e-02,5.147238e-02,5.059365e-04,1.771946e-03
3.626015e-02,5.819178e-03,7.462205e-01,5.392787e-03,2.349630e-02,5.255836e-03,2.624339e-03,3.657011e-02,4.688398e-02,5.276409e-04,6.279103e-03,4.584850e-02,3.642481e-02,4.264148e-04,1.970421e-03
4.109112e-02,6.080131e-03,7.925516e-01,7.597785e-03,1.907184e-02,4.037901e-03,1.989776e-03,2.728078e-02,3.497452e-02,6.555983e-04,4.446073e-03,3.215643e-02,2.562908e-02,4.492696e-04,1.988042e-03
5.568244e-02,6.049078e-03,8.110256e-01,9.418359e-03,1.650029e-02,3.231043e-03,1.573995e-03,2.161925e-02,2.786954e-02,6.955845e-04,3.203299e-03,2.261009e-02,1.810708e-02,5.260948e-04,1.888352e-03
6.402400e-02,5.634621e-03,8.310125e-01,9.741150e-03,1.363500e-02,2.461320e-03,1.179528e-03,1.654996e-02,2.108245e-02,9.134942e-04,2.409598e-03,1.612988e-02,1.286712e-02,5.872581e-04,1.772243e-03
7.720924e-02,6.229737e-03,8.291383e-01,1.471079e-02,1.220770e-02,2.269982e-03,9.818408e-04,1.284295e-02,1.567809e-02,1.443903e-03,2.086380e-03,1.258042e-02,9.816954e-03,6.951150e-04,2.108719e-03
9.766097e-02,8.420642e-03,8.065001e-01,2.200235e-02,1.167997e-02,2.210752e-03,1.054710e-03,9.672156e-03,1.185231e-02,1.996274e-03,2.203490e-03,1.172500e-02,8.961565e-03,8.699988e-04,3.189694e-03
1.349485e-01,8.435863e-03,7.568253e-01,3.388071e-02,1.056078e-02,2.664415e-03,1.119046e-03,7.986084e-03,9.336630e-03,2.782794e-03,2.841285e-03,1.262017e-02,8.819170e-03,1.144979e-03,6.034269e-03
1.665941e-01,7.857018e-03,6.865467e-01,6.027661e-02,8.757416e-03,2.885240e-03,1.077796e-03,6.662857e-03,1.001913e-02,7.385227e-03,3.919162e-03,1.209563e-02,8.442800e-03,2.058719e-03,1.542164e-02
1.873255e-01,7.473616e-03,5.867800e-01,1.111749e-01,6.920834e-03,4.107455e-03,9.575785e-04,8.021353e-03,1.127829e-02,1.351743e-02,1.291414e-02,1.538854e-02,1.040495e-02,3.135165e-03,2.060023e-02
1.315216e-01,6.755748e-03,4.459412e-01,2.252711e-01,4.938228e-03,3.255766e-03,6.769177e-04,6.460359e-03,6.081096e-02,1.494888e-02,3.054905e-02,1.297642e-02,1.817756e-02,1.022708e-02,2.748914e-02
9.217373e-02,6.697507e-03,3.220297e-01,1.774241e-01,3.523727e-03,2.363668e-03,4.895577e-04,5.250145e-03,2.499067e-01,2.397202e-02,3.861660e-02,1.363453e-02,1.666480e-02,1.971047e-02,2.754281e-02
6.490160e-02,5.525398e-03,2.276568e-01,1.275549e-01,2.609492e-03,1.818686e-03,3.499739e-04,3.933008e-03,2.102139e-01,3.329080e-02,2.054369e-01,2.181641e-02,1.553580e-02,5.899009e-02,2.036629e-02
4.568556e-02,4.411800e-03,1.603919e-01,9.394494e-02,2.135822e-03,1.433362e-03,2.587377e-04,2.988641e-03,1.893678e-01,3.158337e-02,2.905399e-01,4.292954e-02,1.599593e-02,1.030021e-01,1.533060e-02
3.217759e-02,3.216462e-03,1.130639e-01,6.731711e-02,1.874734e-03,1.319448e-03,2.412317e-04,2.494124e-03,1.365108e-01,2.474749e-02,3.721610e-01,8.073767e-02,1.242279e-02,1.407849e-01,1.093066e-02
2.268755e-02,2.282505e-03,7.918128e-02,4.739668e-02,1.820804e-03,1.012021e-03,1.878942e-04,1.853587e-03,9.602939e-02,1.899999e-02,5.098547e-01,7.146576e-02,8.959278e-03,1.303967e-01,7.871871e-03
1.646099e-02,1.737939e-03,5.562896e-02,3.351760e-02,1.885787e-03,1.197737e-03,1.672409e-04,1.474741e-03,6.856485e-02,1.711295e-02,5.519257e-01,9.532731e-02,6.558043e-03,1.428090e-01,5.631184e-03
1.164620e-02,1.479146e-03,3.910051e-02,2.359764e-02,2.795328e-03,9.962039e-04,1.252915e-04,1.135818e-03,4.999898e-02,1.227989e-02,6.254150e-01,9.675908e-02,4.715849e-03,1.259788e-01,3.976147e-03
8.373236e-03,1.114073e-03,2.745814e-02,1.661670e-02,2.612510e-03,9.498723e-04,1.032296e-04,8.396880e-04,3.588886e-02,9.357205e-03,5.878032e-01,1.257150e-01,3.544417e-03,1.768043e-01,2.819560e-03
6.186696e-03,8.664802e-04,1.925127e-02,1.179168e-02,2.454548e-03,7.997538e-04,8.514057e-05,6.131681e-04,2.552813e-02,6.915149e-03,6.171654e-01,1.140529e-01,2.701765e-03,1.895821e-01,2.005770e-03
5.145313e-03,1.073088e-03,1.525955e-02,8.550701e-03,3.822435e-03,1.887222e-03,2.829423e-04,1.101642e-03,1.842747e-02,5.534473e-03,6.261577e-01,1.243629e-01,2.241063e-03,1.847041e-01,1.449541e-03
3.854172e-03,1.001375e-03,1.090704e-02,6.065378e-03,3.522912e-03,1.863346e-03,2.527637e-04,9.196936e-04,1.326985e-02,4.267449e-03,6.847033e-01,1.091443e-01,1.823082e-03,1.573750e-01,1.030341e-03
3.330729e-03,1.984947e-03,8.683494e-03,4.602859e-03,5.235284e-03,4.374945e-03,7.741101e-04,1.447382e-03,1.009558e-02,3.502342e-03,7.262165e-01,9.222304e-02,1.508997e-03,1.352303e-01,7.895781e-04
3.310376e-03,2.060338e-03,7.166569e-03,3.585575e-03,5.548570e-03,5.049175e-03,7.538759e-04,1.568743e-03,7.811376e-03,2.936392e-03,7.592355e-01,7.808203e-02,1.344270e-03,1.209152e-01,6.320571e-04
2.959985e-03,1.642152e-03,5.092298e-03,2.572263e-03,4.884860e-03,3.844242e-03,7.983980e-04,1.268504e-03,6.101132e-03,2.562354e-03,8.173239e-01,5.798034e-02,1.126039e-03,9.134594e-02,4.976480e-04
2.410766e-03,1.242426e-03,3.614149e-03,1.842859e-03,4.144776e-03,2.797846e-03,6.424777e-04,1.035442e-03,4.867153e-03,2.031146e-03,8.598849e-01,4.442289e-02,9.839747e-04,6.970498e-02,3.742611e-04
2.498376e-03,9.880393e-04,2.602100e-03,1.428626e-03,4.660427e-03,2.188131e-03,5.625995e-04,1.158615e-03,5.139897e-03,1.616932e-03,8.871380e-01,3.534423e-02,1.125392e-03,5.323282e-02,3.158371e-04
3.095906e-03,1.414755e-03,2.158122e-03,1.336726e-03,7.796614e-03,2.191391e-03,6.338219e-04,2.068894e-03,1.322719e-02,1.481966e-03,8.817592e-01,3.967595e-02,1.376502e-03,4.129291e-02,4.901202e-04
3.259110e-03,3.024397e-03,1.935892e-03,1.542004e-03,2.887719e-02,2.673630e-03,1.117238e-03,4.932691e-03,2.306967e-01,1.289329e-03,6.484631e-01,3.849561e-02,1.499143e-03,3.168472e-02,5.092954e-04
4.230301e-03,6.993998e-03,5.819255e-03,2.218474e-03,3.999762e-02,4.684781e-03,1.775319e-03,3.511751e-02,3.689390e-01,2.042459e-03,4.712251e-01,3.153909e-02,1.537651e-03,2.325696e-02,6.224943e-04
4.307066e-03,7.910013e-03,8.625587e-03,5.112763e-03,4.173371e-02,6.929990e-03,1.444136e-03,2.920516e-02,5.216446e-01,1.794008e-03,3.308368e-01,2.214552e-02,1.191164e-03,1.637281e-02,7.466619e-04
6.818253e-03,1.611293e-02,1.024938e-02,6.839948e-03,4.221578e-02,2.412846e-02,1.391572e-03,2.357413e-02,5.941810e-01,2.757110e-03,2.330980e-01,1.570288e-02,1.938082e-03,1.183212e-02,9.160364e-03
1.291458e-02,1.883498e-02,9.342081e-03,5.918566e-03,7.833977e-02,3.683618e-02,1.324107e-03,2.202995e-02,6.115835e-01,2.802779e-03,1.645744e-01,1.127617e-02,2.211735e-03,8.632176e-03,1.337899e-02
1.842482e-02,1.761092e-02,7.106566e-03,4.823507e-03,8.729148e-02,3.421266e-02,1.188265e-03,2.457481e-02,6.590264e-01,2.193881e-03,1.165130e-01,8.441329e-03,1.784149e-03,6.481315e-03,1.032692e-02
3.495282e-02,1.909771e-02,5.406580e-03,4.206433e-03,1.212018e-01,3.141669e-02,1.298974e-03,4.443171e-02,6.312451e-01,1.579345e-03,8.279543e-02,6.801300e-03,2.064181e-03,5.615751e-03,7.886152e-03
7.481475e-02,1.965909e-02,4.360854e-03,4.991781e-03,1.234773e-01,3.008224e-02,1.182767e-03,4.500619e-02,5.804330e-01,1.262514e-03,6.155926e-02,1.732559e-02,1.739343e-02,7.683088e-03,1.076825e-02
8.813669e-02,1.849818e-02,3.302354e-03,4.551048e-03,1.430824e-01,2.391934e-02,8.991561e-04,1.103566e-01,5.182624e-01,9.204185e-04,4.455128e-02,1.503521e-02,1.435355e-02,6.169700e-03,7.961764e-03
1.067362e-01,1.661829e-02,2.679704e-03,3.920581e-03,1.600778e-01,1.941898e-02,7.799871e-04,1.067964e-01,5.121421e-01,7.535801e-04,3.302509e-02,1.428032e-02,1.163615e-02,5.002578e-03,6.132360e-03
1.307125e-01,1.635680e-02,2.361047e-03,3.327800e-03,1.680845e-01,1.730087e-02,6.857510e-04,8.631343e-02,5.175969e-01,6.701221e-04,2.533996e-02,1.269515e-02,9.128303e-03,4.313922e-03,5.112965e-03
1.447184e-01,1.637637e-02,2.610521e-03,3.122823e-03,1.690426e-01,1.439848e-02,8.142290e-04,7.257257e-02,5.256079e-01,6.960275e-04,2.034120e-02,1.377383e-02,7.889302e-03,3.604096e-03,4.431619e-03
2.552112e-01,1.432166e-02,3.714112e-03,3.268432e-03,1.370526e-01,1.539909e-02,2.224472e-03,6.091286e-02,4.554313e-01,7.680203e-04,1.647327e-02,1.697934e-02,9.027918e-03,3.745914e-03,5.469832e-03
3.349456e-01,1.668745e-02,5.975099e-03,5.320922e-03,1.000111e-01,2.170596e-02,3.806421e-03,6.654071e-02,3.661667e-01,1.281156e-03,1.466576e-02,2.348064e-02,2.793901e-02,4.286137e-03,7.187388e-03
4.207745e-01,1.709358e-02,9.329740e-03,7.927259e-03,7.359404e-02,2.802230e-02,3.794147e-03,5.680785e-02,2.732333e-01,1.490469e-03,1.306156e-02,2.628152e-02,5.544726e-02,4.139057e-03,9.003367e-03
4.785813e-01,1.513411e-02,1.782908e-02,9.393037e-03,5.287747e-02,4.128837e-02,3.412916e-03,4.295704e-02,1.944605e-01,1.318928e-03,1.027927e-02,2.086872e-02,9.474745e-02,4.600778e-03,1.225098e-02
4.095573e-01,1.187298e-02,1.510965e-02,7.297023e-03,3.761546e-02,4.720376e-02,2.960511e-03,3.103233e-02,1.377388e-01,1.047907e-03,8.052637e-03,2.246328e-02,2.543356e-01,3.917855e-03,9.794919e-03
4.272286e-01,9.350989e-03,1.112018e-02,5.548974e-03,2.692703e-02,5.670749e-02,3.247484e-03,2.201086e-02,9.747052e-02,8.711746e-04,6.815043e-03,2.863077e-02,2.939341e-01,2.896164e-03,7.240581e-03
4.662044e-01,6.884199e-03,8.143357e-03,4.230396e-03,1.931247e-02,5.077015e-02,2.764757e-03,1.559212e-02,6.907644e-02,7.810263e-04,6.220244e-03,3.008690e-02,3.125525e-01,2.158362e-03,5.222715e-03
4.357567e-01,5.513278e-03,5.908073e-03,3.574915e-03,1.438934e-02,4.226889e-02,2.753218e-03,1.111705e-02,4.988428e-02,2.897986e-03,8.205654e-03,1.063778e-01,3.050793e-01,1.760342e-03,4.513090e-03
3.767605e-01,4.201775e-03,4.258897e-03,2.811539e-03,1.071421e-02,4.182670e-02,2.870325e-03,7.917053e-03,3.620834e-02,5.076327e-03,9.370249e-03,2.074684e-01,2.855501e-01,1.579221e-03,3.386310e-03
2.676527e-01,3.147815e-03,3.072574e-03,1.998687e-03,7.729075e-03,3.095160e-02,2.440779e-03,5.627045e-03,2.612483e-02,1.300084e-02,8.331726e-03,3.827454e-01,2.431736e-01,1.540047e-03,2.463299e-03
1.879011e-01,2.216665e-03,2.163551e-03,1.420994e-03,5.477142e-03,2.244358e-02,1.824606e-03,3.991337e-03,1.858071e-02,1.496484e-02,8.462655e-03,5.534356e-01,1.740467e-01,1.314944e-03,1.755673e-03
1.324245e-01,1.635741e-03,1.588597e-03,1.073829e-03,3.968411e-03,1.616892e-02,1.404646e-03,2.924916e-03,1.368220e-02,2.068616e-02,1.645952e-02,6.548055e-01,1.298675e-01,1.956237e-03,1.353272e-03
9.317405e-02,1.183168e-03,1.145435e-03,8.142337e-04,3.023204e-03,1.180303e-02,1.058822e-03,2.263208e-03,9.955747e-03,1.917695e-02,2.586018e-02,7.353735e-01,9.224234e-02,1.950925e-03,9.751827e-04
6.535640e-02,9.289614e-04,9.089131e-04,7.195291e-04,3.179814e-03,8.311862e-03,7.520926e-04,1.814985e-03,7.412793e-03,1.684511e-02,3.039891e-02,7.940218e-01,6.612425e-02,2.518360e-03,7.061569e-04
4.621492e-02,5.808618e-03,1.054093e-03,1.379177e-03,1.732061e-02,6.040630e-03,5.370916e-04,3.269764e-03,7.465448e-03,2.572574e-02,2.804744e-02,8.043556e-01,5.008650e-02,2.150627e-03,5.437687e-04
3.483194e-02,4.266769e-03,1.187071e-03,1.348594e-03,1.353122e-02,4.405965e-03,4.218229e-04,3.225721e-03,8.237554e-03,5.695907e-02,5.574998e-02,7.726047e-01,3.768921e-02,4.953360e-03,5.869863e-04
2.752339e-02,3.247245e-03,1.177631e-03,1.153653e-03,9.978208e-03,3.228441e-03,3.372863e-04,2.780095e-03,8.089209e-03,7.918122e-02,8.409066e-02,7.413143e-01,2.852708e-02,8.780440e-03,5.911071e-04
2.234722e-02,2.399665e-03,1.006856e-03,9.255561e-04,7.555347e-03,3.009066e-03,3.831993e-04,2.200956e-03,6.731591e-03,6.990629e-02,1.098659e-01,7.359358e-01,2.120966e-02,1.600769e-02,5.152386e-04
2.359823e-02,2.976371e-03,1.039617e-03,7.679051e-04,5.820815e-03,2.477354e-03,3.222516e-04,1.809360e-03,5.094579e-03,6.718268e-02,1.098765e-01,7.504070e-01,1.537128e-02,1.279956e-02,4.564874e-04
6.964181e-02,4.003975e-03,3.264967e-03,1.985078e-03,5.893508e-03,5.133527e-03,6.105078e-04,3.898418e-03,5.196061e-03,5.354794e-02,9.419207e-02,7.281078e-01,1.157655e-02,1.232690e-02,6.208991e-04
7.513041e-02,4.445991e-03,3.975945e-03,2.431162e-03,7.038016e-03,6.467613e-03,1.256293e-03,3.959401e-03,5.097812e-03,4.027916e-02,9.136788e-02,7.394081e-01,8.528312e-03,9.879380e-03,7.345009e-04
7.545456e-02,4.473675e-03,4.960203e-03,2.261433e-03,5.885251e-03,7.344749e-03,1.459246e-03,3.694485e-03,4.103097e-03,3.089981e-02,9.321097e-02,7.506936e-01,6.457723e-03,8.358946e-03,7.422607e-04
6.877975e-02,3.880210e-03,4.680300e-03,1.772503e-03,5.485083e-03,7.198028e-03,1.676005e-03,3.754660e-03,3.439004e-03,2.365071e-02,1.141407e-01,7.478967e-01,5.388843e-03,7.505210e-03,7.522183e-04
6.126185e-02,3.127221e-03,3.504807e-03,1.420823e-03,5.474662e-03,5.832057e-03,1.326533e-03,3.186901e-03,3.494059e-03,1.822402e-02,1.691813e-01,7.110986e-01,5.006904e-03,7.098453e-03,7.617899e-04
5.030933e-02,3.223377e-03,2.635980e-03,1.147803e-03,7.246114e-03,4.945070e-03,1.210672e-03,2.649579e-03,3.357296e-03,1.691400e-02,2.705304e-01,6.219144e-01,4.467546e-03,8.573092e-03,8.752808e-04
4.219262e-02,6.197741e-03,2.449998e-03,1.223125e-03,3.610830e-02,6.565155e-03,3.285968e-03,3.470187e-03,1.497071e-02,1.812316e-02,3.610176e-01,4.885240e-01,3.571644e-03,1.040130e-02,1.898516e-03
3.263636e-02,5.016403e-03,1.926707e-03,9.576435e-04,3.371124e-02,5.964954e-03,3.584928e-03,2.827214e-03,1.746693e-02,1.373271e-02,4.877974e-01,3.807640e-01,3.377493e-03,8.327797e-03,1.908278e-03
2.914365e-02,5.499575e-03,2.157887e-03,1.080783e-03,8.073829e-02,7.487073e-03,5.962849e-03,4.619944e-03,5.566805e-02,1.088862e-02,4.737982e-01,3.101739e-01,3.116820e-03,7.058740e-03,2.605672e-03
2.668741e-02,5.404648e-03,4.408256e-03,1.632558e-03,1.307035e-01,7.694555e-03,6.896011e-03,1.082583e-02,5.583011e-02,9.425777e-03,4.735407e-01,2.535392e-01,3.265239e-03,6.782047e-03,3.364177e-03
3.129143e-02,7.385937e-03,1.620011e-02,1.521871e-03,1.183901e-01,7.622548e-03,6.126621e-03,1.278008e-02,4.903039e-02,1.137466e-02,5.281279e-01,1.926322e-01,4.427961e-03,8.416315e-03,4.671814e-03
3.108981e-02,7.292250e-03,1.575392e-02,1.659131e-03,9.959776e-02,6.238068e-03,4.694231e-03,1.189743e-02,4.199877e-02,8.649467e-03,5.976387e-01,1.523150e-01,9.194989e-03,6.937174e-03,5.043348e-03
3.116704e-02,7.019491e-03,1.347832e-02,1.554698e-03,1.857988e-01,7.235743e-03,7.188821e-03,1.332031e-02,9.596913e-02,6.673721e-03,4.939144e-01,1.154995e-01,1.189309e-02,5.302855e-03,3.984109e-03
4.167613e-02,5.244717e-03,3.852135e-02,1.840709e-03,2.092898e-01,7.536165e-03,1.007688e-02,4.044156e-02,7.747188e-02,4.918135e-03,4.600340e-01,8.329210e-02,1.257179e-02,4.163662e-03,2.921239e-03
4.435567e-02,4.348821e-03,4.076874e-02,1.476124e-03,2.812667e-01,1.326961e-02,9.280669e-03,3.697866e-02,6.230549e-02,3.533976e-03,4.263700e-01,5.964357e-02,1.087224e-02,3.367573e-03,2.162234e-03
4.639490e-02,3.592857e-03,3.245668e-02,1.259063e-03,2.841988e-01,1.037826e-02,6.884469e-03,2.933267e-02,4.647577e-02,2.526161e-03,4.801301e-01,4.318461e-02,8.199719e-03,3.392790e-03,1.593229e-03
5.282271e-02,2.932200e-03,2.417466e-02,1.110975e-03,2.447592e-01,8.340402e-03,5.020546e-03,2.368359e-02,3.724974e-02,1.845486e-03,5.541548e-01,3.206911e-02,6.218767e-03,4.400982e-03,1.216895e-03
8.453222e-02,2.794992e-03,1.959234e-02,1.217654e-03,2.402624e-01,7.902950e-03,3.950366e-03,2.107255e-02,3.199020e-02,1.582953e-03,5.436128e-01,2.952882e-02,5.708863e-03,5.116452e-03,1.134434e-03
9.982567e-02,3.164843e-03,1.839524e-02,2.336518e-03,3.132596e-01,8.223417e-03,3.181798e-03,2.120406e-02,2.951123e-02,1.639901e-03,4.592751e-01,2.855831e-02,4.800072e-03,5.564113e-03,1.060074e-03
1.025012e-01,3.828722e-03,2.052644e-02,3.411065e-03,3.259111e-01,7.951184e-03,2.409184e-03,1.771801e-02,2.362307e-02,1.812463e-03,4.375877e-01,3.908089e-02,3.877358e-03,8.834929e-03,9.266452e-04
1.357772e-01,4.956664e-03,1.781563e-02,6.562768e-03,3.200181e-01,7.697050e-03,1.911015e-03,1.575559e-02,3.310309e-02,2.032829e-03,3.597746e-01,8.128811e-02,3.526175e-03,8.903909e-03,8.772533e-04
2.038291e-01,5.696706e-03,1.555213e-02,1.191877e-02,3.032019e-01,7.259144e-03,1.912208e-03,1.444708e-02,3.698744e-02,2.848363e-03,2.770226e-01,1.077273e-01,3.387646e-03,7.005633e-03,1.203915e-03
2.986603e-01,6.339755e-03,1.544313e-02,1.559644e-02,2.650302e-01,7.651627e-03,2.210111e-03,1.519157e-02,4.045795e-02,6.533782e-03,2.264881e-01,8.645540e-02,4.940061e-03,7.379265e-03,1.622322e-03
3.071195e-01,8.052435e-03,1.366432e-02,1.901905e-02,1.970290e-01,2.637813e-02,5.009577e-03,3.405672e-02,3.751437e-02,1.173289e-02,1.774092e-01,9.392413e-02,5.147332e-02,8.186962e-03,9.430435e-03
3.094678e-01,8.549562e-03,1.113626e-02,2.405029e-02,1.432700e-01,4.383165e-02,6.906479e-03,3.859057e-02,3.871830e-02,1.404811e-02,1.337025e-01,9.945859e-02,9.979473e-02,8.815962e-03,1.965910e-02
4.185698e-01,8.199595e-03,9.149423e-03,2.576875e-02,1.033161e-01,5.444807e-02,7.996791e-03,3.134224e-02,3.540453e-02,1.363754e-02,9.719615e-02,8.184338e-02,8.311877e-02,7.334867e-03,2.267400e-02
2.966168e-01,6.433966e-03,6.538299e-03,2.232932e-02,7.258147e-02,4.953188e-02,5.742379e-03,2.249479e-02,2.667948e-02,9.938451e-03,6.826393e-02,5.783435e-02,3.324664e-01,5.150444e-03,1.739806e-02
2.210876e-01,5.486755e-03,4.811882e-03,1.779810e-02,5.123299e-02,5.592679e-02,4.449074e-03,1.684438e-02,2.155847e-02,7.296101e-03,4.803358e-02,4.124276e-02,4.820693e-01,3.649649e-03,1.851256e-02
1.549234e-01,5.167672e-03,3.920970e-03,1.337251e-02,3.597875e-02,4.479826e-02,3.229300e-03,1.190588e-02,2.039161e-02,5.259239e-03,3.369164e-02,2.960788e-02,6.122543e-01,2.566286e-03,2.293234e-02
1.085469e-01,4.188067e-03,2.933860e-03,9.766490e-03,2.541817e-02,3.677031e-02,2.463812e-03,8.394364e-03,1.727780e-02,3.730553e-03,2.364167e-02,2.109093e-02,7.118338e-01,1.799288e-03,2.214405e-02
7.609475e-02,3.200498e-03,2.098130e-03,6.948674e-03,1.795883e-02,2.729641e-02,1.833807e-03,5.910700e-03,1.275609e-02,2.633341e-03,1.659594e-02,1.514524e-02,7.916891e-01,1.262063e-03,1.857649e-02
5.331288e-02,2.523137e-03,1.509399e-03,4.913659e-03,1.264888e-02,1.950428e-02,1.315051e-03,4.154824e-03,9.449660e-03,1.907951e-03,1.166077e-02,1.087569e-02,8.494711e-01,8.859557e-04,1.586685e-02
3.740568e-02,2.240292e-03,1.157216e-03,3.523927e-03,8.994536e-03,1.404031e-02,9.982957e-04,2.953319e-03,7.613355e-03,1.455432e-03,8.232109e-03,7.847909e-03,8.861321e-01,6.285086e-04,1.677703e-02
2.643119e-02,3.102723e-03,9.144358e-04,2.594564e-03,6.426902e-03,1.014676e-02,7.651905e-04,2.249363e-03,7.725758e-03,1.168556e-03,5.929417e-03,5.704681e-03,8.888492e-01,4.844279e-04,3.750685e-02
1.873172e-02,5.169404e-03,7.607795e-04,1.921184e-03,4.580430e-03,7.916491e-03,6.125511e-04,1.730138e-03,7.143988e-03,1.007579e-03,4.303982e-03,4.118159e-03,8.687001e-01,3.784274e-04,7.292509e-02
1.336144e-02,5.506200e-03,9.427150e-04,1.686043e-03,3.373815e-03,6.695170e-03,6.631552e-04,1.349234e-03,7.971147e-03,1.154553e-03,3.226331e-03,3.177825e-03,7.588652e-01,3.074079e-04,1.917197e-01
9.543510e-03,4.931250e-03,9.218727e-04,1.339917e-03,2.466813e-03,5.583696e-03,8.172655e-04,1.036911e-03,7.140737e-03,1.411812e-03,2.373358e-03,2.438604e-03,6.486933e-01,2.274147e-04,3.110735e-01
7.019834e-03,4.097847e-03,8.977550e-04,1.087865e-03,1.981150e-03,5.055205e-03,1.780849e-03,9.027111e-04,6.724632e-03,1.503112e-03,1.797609e-03,1.939607e-03,5.941408e-01,1.714447e-04,3.708996e-01
5.734765e-03,3.043735e-03,9.161578e-04,1.129689e-03,2.449011e-03,5.468082e-03,3.338014e-03,8.805647e-04,6.433554e-03,1.364802e-03,1.606407e-03,2.106663e-03,5.323499e-01,1.426502e-04,4.330360e-01
5.279776e-03,2.279163e-03,8.567005e-04,1.385884e-03,2.744814e-03,5.853535e-03,3.408877e-03,6.866789e-04,5.904851e-03,1.151828e-03,1.404290e-03,2.814639e-03,5.722169e-01,1.244023e-04,3.938877e-01
4.126937e-03,1.736667e-03,6.932993e-04,1.626649e-03,4.197261e-03,9.228040e-03,3.943600e-03,5.573665e-04,5.138919e-03,1.179682e-03,2.157093e-03,3.926005e-03,6.694022e-01,1.133517e-04,2.919729e-01
3.380454e-03,1.281930e-03,5.378593e-04,1.423558e-03,3.918017e-03,1.665981e-02,2.982344e-03,4.176106e-04,4.007294e-03,1.478685e-03,6.107800e-03,2.315557e-02,7.281476e-01,1.332071e-04,2.063682e-01
2.633831e-03,9.276717e-04,4.130371e-04,1.125012e-03,3.608427e-03,1.406915e-02,2.317870e-03,3.339418e-04,3.304578e-03,2.433109e-03,2.344159e-02,7.674056e-02,7.221814e-01,1.613526e-04,1.463084e-01
2.123791e-03,7.236293e-04,6.982926e-04,9.052878e-04,3.003311e-03,1.071943e-02,2.009640e-03,2.939926e-04,3.395772e-03,5.018796e-03,3.489241e-02,8.430660e-02,7.455108e-01,5.145411e-04,1.058837e-01
2.391778e-03,5.692545e-04,1.093554e-03,7.995958e-04,2.501225e-03,8.338151e-03,2.681190e-03,3.585114e-04,4.138777e-03,1.308791e-02,7.271506e-02,1.322661e-01,6.734914e-01,1.061460e-03,8.450606e-02
2.217757e-03,4.441635e-04,1.350562e-03,7.846755e-04,5.298248e-03,6.531347e-03,5.693283e-03,7.455435e-04,4.357307e-03,4.339404e-02,9.763195e-02,1.665371e-01,5.893682e-01,2.801425e-03,7.284442e-02
2.234937e-03,6.835277e-04,4.649912e-03,1.300712e-03,1.799705e-02,6.278084e-03,1.106131e-02,3.140877e-03,1.521041e-02,6.197979e-02,9.514143e-02,1.719355e-01,5.281845e-01,3.241339e-03,7.696062e-02
2.026704e-03,9.191882e-04,1.626299e-02,2.401842e-03,4.592508e-02,7.989901e-03,1.371778e-02,3.734426e-02,3.408093e-02,4.705279e-02,8.907431e-02,1.500308e-01,4.880769e-01,2.676889e-03,6.241967e-02
2.842500e-03,8.758844e-04,3.279419e-02,1.724798e-02,5.647167e-02,1.231265e-02,1.170985e-02,1.698247e-01,2.857376e-02,3.732531e-02,8.003375e-02,1.087490e-01,3.900977e-01,2.047692e-03,4.909343e-02
2.916357e-03,6.927487e-04,4.361019e-02,2.016629e-02,4.384093e-02,9.776919e-03,8.636023e-03,2.822677e-01,2.204824e-02,2.947624e-02,7.430831e-02,7.976934e-02,3.414655e-01,1.541343e-03,3.948385e-02
6.465163e-03,7.564502e-04,4.902375e-02,3.324737e-02,4.562460e-02,1.267177e-02,7.878935e-03,2.959444e-01,1.863117e-02,2.656876e-02,8.273383e-02,6.097691e-02,3.285002e-01,1.287334e-03,2.968925e-02
8.233837e-03,6.352307e-04,3.803761e-02,4.166614e-02,4.387779e-02,1.718172e-02,5.800089e-03,2.762166e-01,1.534595e-02,2.019545e-02,1.012673e-01,6.599404e-02,3.429100e-01,9.690177e-04,2.166926e-02
7.718467e-03,7.643876e-04,3.826985e-02,9.284461e-02,4.292556e-02,1.582080e-02,4.457131e-03,2.213404e-01,1.220510e-02,1.499285e-02,1.330024e-01,7.216080e-02,3.270317e-01,7.207342e-04,1.574526e-02
5.559079e-03,5.603097e-04,2.717940e-02,6.936258e-02,3.187636e-02,1.165144e-02,3.169491e-03,1.576300e-01,9.378722e-03,1.229443e-02,2.089944e-01,8.333209e-02,3.672959e-01,5.458231e-04,1.117004e-02
3.947794e-03,4.037181e-04,1.909644e-02,5.250785e-02,2.535403e-02,8.481763e-03,2.238651e-03,1.115808e-01,6.963626e-03,1.113212e-02,2.125167e-01,8.145473e-02,4.559245e-01,4.059054e-04,7.991385e-03
2.977530e-03,3.052121e-04,1.339879e-02,3.920474e-02,2.591459e-02,7.348167e-03,1.612771e-03,7.977859e-02,6.397143e-03,9.978442e-03,2.660770e-01,9.942837e-02,4.415010e-01,4.126883e-04,5.665033e-03
2.179567e-03,2.375968e-04,9.401348e-03,2.807545e-02,2.076358e-02,6.525251e-03,1.167790e-03,5.610058e-02,5.649918e-03,7.722085e-03,2.203722e-01,2.869124e-01,3.501766e-01,6.968674e-04,4.018841e-03
1.665395e-03,2.231224e-04,6.598644e-03,1.991200e-02,1.572092e-02,5.758818e-03,8.417945e-04,3.935216e-02,4.884417e-03,5.905841e-03,1.832784e-01,4.479500e-01,2.640087e-01,1.059914e-03,2.839911e-03
1.241731e-03,1.731480e-04,4.653248e-03,1.408839e-02,1.266481e-02,4.768932e-03,5.969761e-04,2.766235e-02,3.895519e-03,4.564303e-03,1.381888e-01,5.943431e-01,1.901083e-01,1.050681e-03,1.999715e-03
9.329432e-04,1.314188e-04,3.269148e-03,9.916562e-03,1.022103e-02,3.551922e-03,4.213868e-04,1.940283e-02,3.141833e-03,4.136760e-03,1.122578e-01,6.927286e-01,1.371205e-01,1.353483e-03,1.413904e-03
9.508524e-04,1.113511e-04,2.304693e-03,6.972708e-03,7.544468e-03,2.740273e-03,3.000196e-04,1.360073e-02,2.430198e-03,6.602105e-03,1.135775e-01,7.428082e-01,9.773808e-02,1.318034e-03,1.000811e-03
1.687279e-03,1.553503e-04,1.668922e-03,5.030632e-03,6.447145e-03,2.338529e-03,2.275360e-04,9.779910e-03,2.617604e-03,1.175671e-02,1.053743e-01,7.805880e-01,7.021509e-02,1.395669e-03,7.173114e-04
2.105037e-03,3.000230e-04,1.221153e-03,3.593327e-03,4.983727e-03,1.745675e-03,1.664696e-04,6.980840e-03,2.422258e-03,1.218672e-02,1.948081e-01,7.178988e-01,4.967163e-02,1.404149e-03,5.121807e-04
3.265910e-03,3.888104e-04,8.860689e-04,2.556300e-03,4.445202e-03,1.378107e-03,1.264952e-04,5.006631e-03,2.398992e-03,1.138411e-02,1.920614e-01,7.395313e-01,3.511660e-02,1.077412e-03,3.766780e-04
3.137944e-03,3.652414e-04,6.345877e-04,1.815648e-03,3.445485e-03,1.092657e-03,9.152881e-05,3.570506e-03,2.177693e-03,9.470604e-03,1.668802e-01,7.813764e-01,2.480587e-02,8.532905e-04,2.822939e-04
2.815571e-03,5.600366e-04,4.775958e-04,1.292392e-03,2.717337e-03,8.272849e-04,6.737281e-05,2.583383e-03,2.976126e-03,7.980794e-03,1.258211e-01,8.334707e-01,1.749196e-02,6.986935e-04,2.197227e-04
2.078130e-03,6.172637e-04,5.819587e-04,9.687663e-04,7.422884e-03,6.849086e-04,1.215176e-04,1.913114e-03,5.682200e-03,6.135280e-03,9.219048e-02,8.684046e-01,1.233137e-02,6.443272e-04,2.232160e-04
1.649691e-03,1.630574e-03,8.091788e-04,7.270439e-04,1.047241e-02,5.603012e-04,1.214149e-04,1.752999e-03,1.720770e-02,4.567766e-03,6.990796e-02,8.810846e-01,8.770397e-03,5.383415e-04,1.996609e-04
1.438208e-03,7.068898e-03,1.930988e-03,5.703681e-04,1.104172e-02,4.660077e-04,1.110491e-04,2.269852e-03,3.707463e-02,4.024117e-03,7.012957e-02,8.564860e-01,6.298277e-03,8.798207e-04,2.105771e-04
1.167828e-03,6.743263e-03,2.756528e-03,5.287880e-04,1.158099e-02,5.368459e-04,2.109237e-04,6.312264e-03,5.925867e-02,3.439338e-03,5.684774e-02,8.450247e-01,4.542840e-03,8.661332e-04,1.831868e-04
1.268489e-03,7.586005e-03,5.380531e-03,1.399670e-03,1.282200e-02,8.756345e-04,2.895255e-04,1.596517e-02,9.106138e-02,4.191395e-03,5.377707e-02,8.008449e-01,3.597589e-03,7.389440e-04,2.017502e-04
1.516892e-03,9.785553e-03,7.688269e-03,2.022343e-03,1.242429e-02,7.314529e-04,2.685272e-04,2.080333e-02,1.026253e-01,4.201483e-03,1.268095e-01,7.066065e-01,3.044746e-03,1.185691e-03,2.861104e-04
2.433775e-03,9.125829e-03,1.062768e-02,3.682147e-03,1.318203e-02,9.754957e-04,4.886272e-04,3.752397e-02,1.130021e-01,4.959687e-03,1.351338e-01,6.640764e-01,3.189261e-03,1.320212e-03,2.789733e-04
3.729028e-03,8.236530e-03,2.215116e-02,6.279785e-03,6.111915e-02,1.366863e-03,5.440815e-04,5.691479e-02,1.786470e-01,4.005833e-03,1.369995e-01,5.151013e-01,3.035195e-03,1.625871e-03,2.439352e-04
7.620261e-03,1.319158e-02,4.292050e-02,1.079345e-02,1.255968e-01,2.011221e-03,5.446979e-04,7.974312e-02,1.884959e-01,3.620518e-03,1.328999e-01,3.862551e-01,3.108006e-03,2.913682e-03,2.853122e-04
2.720883e-02,1.352239e-02,9.107118e-02,1.097949e-02,1.522925e-01,3.691156e-03,1.481753e-03,1.272114e-01,1.490546e-01,3.886091e-03,1.090344e-01,2.988659e-01,3.309202e-03,7.206202e-03,1.184860e-03
3.054736e-02,1.120667e-02,1.452578e-01,1.045378e-02,1.441304e-01,5.137067e-03,1.391904e-03,2.256081e-01,1.126842e-01,3.289864e-03,8.382627e-02,2.144777e-01,3.643258e-03,6.924085e-03,1.421666e-03
3.712484e-02,9.023652e-03,2.706932e-01,1.166103e-02,1.387168e-01,4.674960e-03,1.472962e-03,2.120430e-01,8.218383e-02,2.859519e-03,6.591224e-02,1.534047e-01,3.395172e-03,5.606016e-03,1.228231e-03
4.094730e-02,8.665069e-03,3.645228e-01,3.594118e-02,1.400148e-01,4.537863e-03,1.237217e-03,1.758602e-01,6.224499e-02,2.480830e-03,4.711780e-02,1.081848e-01,2.598303e-03,4.176341e-03,1.470521e-03
6.079533e-02,1.286029e-02,3.845330e-01,4.843839e-02,1.621864e-01,5.703754e-03,1.151572e-03,1.375026e-01,5.991091e-02,3.718702e-03,3.538959e-02,7.720876e-02,2.187938e-03,4.387508e-03,4.025261e-03
