1.000000e+00,0.000000e+00,0.000000e+00,0.000000e+00,0.000000e+00,0.000000e+00,0.000000e+00,0.000000e+00,0.000000e+00,0.000000e+00,0.000000e+00,0.000000e+00,0.000000e+00,0.000000e+00,0.000000e+00
1.000000e+00,0.000000e+00,0.000000e+00,0.000000e+00,0.000000e+00,0.000000e+00,0.000000e+00,0.000000e+00,0.000000e+00,0.000000e+00,0.000000e+00,0.000000e+00,0.000000e+00,0.000000e+00,0.000000e+00
1.000000e+00,0.000000e+00,0.000000e+00,0.000000e+00,0.000000e+00,0.000000e+00,0.000000e+00,0.000000e+00,0.000000e+00,0.000000e+00,0.000000e+00,0.000000e+00,0.000000e+00,0.000000e+00,0.000000e+00
1.000000e+00,0.000000e+00,0.000000e+00,0.000000e+00,0.000000e+00,0.000000e+00,0.000000e+00,0.000000e+00,0.000000e+00,0.000000e+00,0.000000e+00,0.000000e+00,0.000000e+00,0.000000e+00,0.000000e+00
1.000000e+00,0.000000e+00,0.000000e+00,0.000000e+00,0.000000e+00,0.000000e+00,0.000000e+00,0.000000e+00,0.000000e+00,0.000000e+00,0.000000e+00,0.000000e+00,0.000000e+00,0.000000e+00,0.000000e+00
1.000000e+00,0.000000e+00,0.000000e+00,0.000000e+00,0.000000e+00,0.000000e+00,0.000000e+00,0.000000e+00,0.000000e+00,0.000000e+00,0.000000e+00,0.000000e+00,0.000000e+00,0.000000e+00,0.000000e+00
1.000000e+00,0.000000e+00,0.000000e+00,0.000000e+00,0.000000e+00,0.000000e+00,0.000000e+00,0.000000e+00,0.000000e+00,0.000000e+00,0.000000e+00,0.000000e+00,0.000000e+00,0.000000e+00,0.000000e+00
1.000000e+00,0.000000e+00,0.000000e+00,0.000000e+00,0.000000e+00,0.000000e+00,0.000000e+00,0.000000e+00,0.000000e+00,0.000000e+00,0.000000e+00,0.000000e+00,0.000000e+00,0.000000e+00,0.000000e+00
1.000000e+00,0.000000e+00,0.000000e+00,0.000000e+00,0.000000e+00,0.000000e+00,0.000000e+00,0.000000e+00,0.000000e+00,0.000000e+00,0.000000e+00,0.000000e+00,0.000000e+00,0.000000e+00,0.000000e+00
1.000000e+00,0.000000e+00,0.000000e+00,0.000000e+00,0.000000e+00,0.000000e+00,0.000000e+00,0.000000e+00,0.000000e+00,0.000000e+00,0.000000e+00,0.000000e+00,0.000000e+00,0.000000e+00,0.000000e+00
1.000000e+00,0.000000e+00,0.000000e+00,0.000000e+00,0.000000e+00,0.000000e+00,0.000000e+00,0.000000e+00,0.000000e+00,0.000000e+00,0.000000e+00,0.000000e+00,0.000000e+00,0.000000e+00,0.000000e+00
1.000000e+00,0.000000e+00,0.000000e+00,0.000000e+00,0.000000e+00,0.000000e+00,0.000000e+00,0.000000e+00,0.000000e+00,0.000000e+00,0.000000e+00,0.000000e+00,0.000000e+00,0.000000e+00,0.000000e+00
1.000000e+00,0.000000e+00,0.000000e+00,0.000000e+00,0.000000e+00,0.000000e+00,0.000000e+00,0.000000e+00,0.000000e+00,0.000000e+00,0.000000e+00,0.000000e+00,0.000000e+00,0.000000e+00,0.000000e+00
1.000000e+00,0.000000e+00,0.000000e+00,0.000000e+00,0.000000e+00,0.000000e+00,0.000000e+00,0.000000e+00,0.000000e+00,0.000000e+00,0.000000e+00,0.000000e+00,0.000000e+00,0.000000e+00,0.000000e+00
1.000000e+00,0.000000e+00,0.000000e+00,0.000000e+00,0.000000e+00,0.000000e+00,0.000000e+00,0.000000e+00,0.000000e+00,0.000000e+00,0.000000e+00,0.000000e+00,0.000000e+00,0.000000e+00,0.000000e+00
1.000000e+00,0.000000e+00,0.000000e+00,0.000000e+00,0.000000e+00,0.000000e+00,0.000000e+00,0.000000e+00,0.000000e+00,0.000000e+00,0.000000e+00,0.000000e+00,0.000000e+00,0.000000e+00,0.000000e+00
1.000000e+00,0.000000e+00,0.000000e+00,0.000000e+00,0.000000e+00,0.000000e+00,0.000000e+00,0.000000e+00,0.000000e+00,0.000000e+00,0.000000e+00,0.000000e+00,0.000000e+00,0.000000e+00,0.000000e+00
1.000000e+00,0.000000e+00,0.000000e+00,0.000000e+00,0.000000e+00,0.000000e+00,0.000000e+00,0.000000e+00,0.000000e+00,0.000000e+00,0.000000e+00,0.000000e+00,0.000000e+00,0.000000e+00,0.000000e+00
1.000000e+00,0.000000e+00,0.000000e+00,0.000000e+00,0.000000e+00,0.000000e+00,0.000000e+00,0.000000e+00,0.000000e+00,0.000000e+00,0.000000e+00,0.000000e+00,0.000000e+00,0.000000e+00,0.000000e+00
1.000000e+00,0.000000e+00,0.000000e+00,0.000000e+00,0.000000e+00,0.000000e+00,0.000000e+00,0.000000e+00,0.000000e+00,0.000000e+00,0.000000e+00,0.000000e+00,0.000000e+00,0.000000e+00,0.000000e+00
1.000000e+00,0.000000e+00,0.000000e+00,0.000000e+00,0.000000e+00,0.000000e+00,0.000000e+00,0.000000e+00,0.000000e+00,0.000000e+00,0.000000e+00,0.000000e+00,0.000000e+00,0.000000e+00,0.000000e+00
4.923958e-01,5.721572e-03,8.059222e-03,1.315851e-01,6.833378e-03,8.442388e-03,2.348284e-03,2.311626e-01,3.031371e-03,4.916440e-03,3.798061e-02,3.604163e-02,1.277374e-02,1.058395e-02,8.123875e-03
3.474000e-01,4.366366e-03,5.985679e-03,2.795685e-01,5.150928e-03,6.131542e-03,1.680278e-03,1.700267e-01,3.993025e-03,4.417449e-03,8.222895e-02,5.895907e-02,1.201739e-02,1.202600e-02,6.048116e-03
2.440692e-01,3.105025e-03,4.255151e-03,2.432092e-01,3.810844e-03,4.378913e-03,1.191949e-03,1.202522e-01,3.162938e-03,4.053580e-03,2.305136e-01,1.017779e-01,1.514212e-02,1.678765e-02,4.289777e-03
1.724893e-01,2.264891e-03,3.048497e-03,1.977985e-01,5.498480e-03,3.266356e-03,8.860131e-04,8.469429e-02,3.813035e-03,3.338619e-03,2.467054e-01,2.353521e-01,1.317540e-02,2.452561e-02,3.143538e-03
1.216097e-01,1.662110e-03,2.293821e-03,1.718202e-01,1.326593e-02,3.254088e-03,7.314483e-04,5.938484e-02,4.895648e-03,3.328084e-03,2.253684e-01,3.576560e-01,1.059483e-02,2.149147e-02,2.643383e-03
8.552195e-02,1.204795e-03,1.701124e-03,1.289923e-01,1.701109e-02,2.609948e-03,5.433659e-04,4.160565e-02,5.379706e-03,3.355942e-03,2.896293e-01,3.912061e-01,1.048472e-02,1.857580e-02,2.178254e-03
6.070869e-02,9.365132e-04,1.410047e-03,9.562375e-02,3.282502e-02,2.691417e-03,4.140434e-04,2.920537e-02,5.452623e-03,3.009880e-03,2.941928e-01,4.414065e-01,1.215920e-02,1.822292e-02,1.741219e-03
4.287577e-02,8.518713e-04,1.317031e-03,6.902713e-02,6.424591e-02,2.561189e-03,2.984192e-04,2.050300e-02,5.321408e-03,2.444210e-03,2.914737e-01,4.710681e-01,1.209254e-02,1.451872e-02,1.400922e-03
3.087762e-02,6.441100e-04,1.105777e-03,5.004205e-02,6.614310e-02,2.246883e-03,2.322669e-04,1.454761e-02,4.856470e-03,2.351445e-03,2.515672e-01,5.497095e-01,1.109388e-02,1.354641e-02,1.035695e-03
2.283659e-02,9.394764e-04,1.230960e-03,3.549239e-02,6.355144e-02,2.681721e-03,1.856006e-04,1.050520e-02,4.382725e-03,2.081381e-03,1.914448e-01,6.432327e-01,9.018174e-03,1.159699e-02,8.198821e-04
1.678696e-02,9.254017e-04,1.043068e-03,2.512008e-02,5.484679e-02,2.565322e-03,1.428542e-04,7.613669e-03,3.847152e-03,1.724064e-03,1.418722e-01,7.264928e-01,7.123456e-03,9.281164e-03,6.150536e-04
1.202959e-02,7.483798e-04,7.866606e-04,1.777405e-02,5.952582e-02,2.141747e-03,1.359601e-04,5.401254e-03,4.760197e-03,1.306398e-03,1.039140e-01,7.781100e-01,5.817775e-03,7.096477e-03,4.516982e-04
8.679328e-03,7.135816e-04,6.772524e-04,1.255065e-02,5.854387e-02,4.102975e-03,2.271920e-04,3.956792e-03,5.936017e-03,1.003822e-03,7.612041e-02,8.170668e-01,4.662582e-03,5.416498e-03,3.422924e-04
6.300222e-03,1.524042e-03,5.826473e-04,8.836915e-03,4.644611e-02,4.881531e-03,4.946776e-04,3.158673e-03,1.177948e-02,8.067880e-04,6.481815e-02,8.423009e-01,3.816424e-03,3.934673e-03,3.188160e-04
4.769310e-03,4.438097e-03,6.879050e-04,6.241511e-03,3.729547e-02,4.357147e-03,6.614082e-04,2.794188e-03,3.000546e-02,8.053195e-04,6.468932e-02,8.366311e-01,3.276945e-03,2.976849e-03,3.700679e-04
4.021437e-03,8.788477e-03,9.116025e-04,4.491002e-03,2.913595e-02,5.860485e-03,8.041998e-04,3.726767e-03,4.418472e-02,1.125077e-03,6.307461e-02,8.280592e-01,2.901616e-03,2.353349e-03,5.615458e-04
5.522325e-03,8.849556e-03,6.463472e-03,4.555063e-03,6.768054e-02,1.908900e-02,1.860287e-03,4.467442e-02,9.699856e-02,1.308444e-03,8.912905e-02,6.474412e-01,3.615335e-03,1.882456e-03,9.302608e-04
6.598855e-03,9.588399e-03,7.595913e-03,3.912385e-03,1.124480e-01,2.413699e-02,2.593906e-03,4.932836e-02,2.180079e-01,1.348429e-03,8.658618e-02,4.716272e-01,3.639000e-03,1.478985e-03,1.109398e-03
5.989593e-03,8.623459e-03,7.948261e-03,3.625348e-03,1.044080e-01,3.781025e-02,2.099473e-03,5.523251e-02,3.558320e-01,1.272461e-03,6.910353e-02,3.422910e-01,3.511533e-03,1.189187e-03,1.063394e-03
4.855476e-03,7.040298e-03,6.070868e-03,3.703572e-03,9.109683e-02,6.079211e-02,1.720795e-03,4.442132e-02,4.806950e-01,1.147071e-03,5.121400e-02,2.419506e-01,3.510824e-03,9.035702e-04,8.776131e-04
5.539712e-03,8.749546e-03,4.605948e-03,3.063621e-03,9.503503e-02,8.311228e-02,1.640548e-03,3.523483e-02,5.504335e-01,1.016002e-03,3.738659e-02,1.699467e-01,2.731773e-03,7.270012e-04,7.769461e-04
7.189705e-03,1.101965e-02,3.546774e-03,3.376542e-03,8.799176e-02,1.010987e-01,1.735537e-03,3.065581e-02,6.017910e-01,9.860294e-04,2.731878e-02,1.192269e-01,2.359359e-03,6.047089e-04,1.098722e-03
8.202136e-03,1.484948e-02,2.735277e-03,2.864873e-03,9.931155e-02,9.826306e-02,1.882373e-03,2.758116e-02,6.363095e-01,8.010609e-04,1.983901e-02,8.370790e-02,1.851391e-03,5.636527e-04,1.237563e-03
1.051228e-02,1.458517e-02,2.173070e-03,2.669918e-03,1.890776e-01,7.501689e-02,2.455215e-03,3.343520e-02,5.928354e-01,6.280273e-04,1.403207e-02,5.865966e-02,1.385340e-03,6.235832e-04,1.910557e-03
1.851417e-02,1.381730e-02,1.874034e-03,2.857358e-03,2.579108e-01,5.386516e-02,2.534318e-03,1.184821e-01,4.757284e-01,4.527933e-04,9.850072e-03,4.111253e-02,1.012727e-03,4.847612e-04,1.503463e-03
4.396868e-02,1.624690e-02,1.841604e-03,3.020680e-03,2.530286e-01,4.059622e-02,2.161849e-03,1.949333e-01,4.049531e-01,3.508713e-04,6.998877e-03,2.897470e-02,8.440257e-04,4.730520e-04,1.607487e-03
6.712985e-02,2.265144e-02,2.564506e-03,9.231724e-03,2.181586e-01,3.072283e-02,2.542171e-03,2.737326e-01,3.407711e-01,4.985022e-04,5.142871e-03,2.100912e-02,1.497779e-03,3.987652e-04,3.948108e-03
7.608669e-02,1.866795e-02,2.015314e-03,7.624603e-03,1.755178e-01,2.219964e-02,2.062765e-03,3.996098e-01,2.726225e-01,3.667856e-04,3.691477e-03,1.496498e-02,1.350155e-03,2.975449e-04,2.921995e-03
1.179114e-01,1.557791e-02,1.785650e-03,7.421039e-03,1.354943e-01,1.660991e-02,1.738426e-03,4.843094e-01,1.999317e-01,3.098655e-04,2.844774e-03,1.160247e-02,1.514065e-03,2.585100e-04,2.690661e-03
1.149631e-01,1.175966e-02,1.339735e-03,6.175535e-03,9.696176e-02,1.238543e-02,1.362904e-03,5.934074e-01,1.471583e-01,2.276176e-04,2.219268e-03,8.502908e-03,1.253977e-03,2.071766e-04,2.075277e-03
1.032224e-01,9.103129e-03,1.095245e-03,5.189800e-03,6.977147e-02,9.546704e-03,1.185177e-03,6.815432e-01,1.085330e-01,1.651497e-04,1.701834e-03,6.154326e-03,1.055970e-03,1.783461e-04,1.554230e-03
7.852133e-02,6.552986e-03,8.915934e-04,3.818516e-03,4.955252e-02,7.039079e-03,9.547578e-04,7.654057e-01,7.946242e-02,1.177321e-04,1.252490e-03,4.347773e-03,7.881450e-04,1.708318e-04,1.124128e-03
6.293721e-02,4.669088e-03,6.863904e-04,2.768959e-03,3.522655e-02,5.066684e-03,7.289903e-04,8.238218e-01,5.849284e-02,8.459193e-05,9.200902e-04,3.076505e-03,5.814136e-04,1.362440e-04,8.026029e-04
6.069373e-02,3.402867e-03,6.104112e-04,2.180634e-03,2.495909e-02,3.985302e-03,6.218014e-04,8.564439e-01,4.276352e-02,6.171013e-05,7.174851e-04,2.305343e-03,4.849612e-04,1.425403e-04,6.266892e-04
7.227309e-02,2.518963e-03,5.270002e-04,2.078956e-03,1.763021e-02,3.213201e-03,4.816667e-04,8.650051e-01,3.118518e-02,5.372609e-05,7.982727e-04,2.655506e-03,7.417757e-04,2.063821e-04,6.308957e-04
1.255217e-01,2.171600e-03,5.757324e-04,2.899589e-03,1.274874e-02,4.608962e-03,5.661257e-04,8.180424e-01,2.409854e-02,6.729496e-05,1.081371e-03,3.534622e-03,3.156028e-03,2.633976e-04,6.638052e-04
1.133354e-01,1.742031e-03,4.465399e-04,4.204055e-03,9.217810e-03,1.580432e-02,6.551719e-04,6.421164e-01,2.115145e-02,7.213717e-05,3.778761e-03,6.674954e-02,1.193489e-01,3.261674e-04,1.051325e-03
1.400738e-01,1.343771e-03,4.490096e-04,5.437046e-03,7.480936e-03,3.363875e-02,1.099753e-03,5.219125e-01,1.864542e-02,8.787903e-05,4.603635e-03,6.389204e-02,1.999024e-01,3.259890e-04,1.107089e-03
1.038975e-01,1.119912e-03,5.836919e-04,4.891459e-03,7.365468e-03,2.807291e-02,1.023621e-03,3.710370e-01,1.639532e-02,1.377084e-04,8.380929e-03,5.952324e-02,3.961504e-01,3.582831e-04,1.062484e-03
7.288069e-02,8.048472e-04,4.784506e-04,3.696585e-03,7.288093e-03,2.069185e-02,7.514727e-04,2.599232e-01,1.343335e-02,1.453021e-04,7.084258e-03,5.163961e-02,5.600650e-01,3.105265e-04,8.066965e-04
5.110471e-02,6.151635e-04,3.972470e-04,2.859368e-03,6.626091e-03,1.514289e-02,5.649411e-04,1.820832e-01,1.242239e-02,1.823823e-04,5.968709e-03,5.294636e-02,6.680688e-01,3.550808e-04,6.626663e-04
3.582237e-02,7.544089e-04,6.069503e-04,2.062321e-03,5.341316e-03,1.067618e-02,4.678466e-04,1.274828e-01,1.127475e-02,4.418047e-03,5.664493e-03,5.372754e-02,7.407112e-01,3.195948e-04,6.701256e-04
2.514122e-02,6.823122e-04,7.800626e-04,1.492634e-03,4.724069e-03,7.604145e-03,3.853076e-04,8.931148e-02,1.079775e-02,7.551752e-03,6.299005e-03,6.392325e-02,7.801524e-01,3.949005e-04,7.595363e-04
1.890056e-02,5.649894e-04,6.624610e-04,1.247317e-03,8.214727e-03,7.155650e-03,1.110105e-03,6.273582e-02,1.295382e-02,1.251237e-02,5.962371e-03,2.151475e-01,6.516261e-01,6.302960e-04,5.758787e-04
1.346110e-02,5.215041e-04,5.072551e-04,9.366826e-04,7.607817e-03,6.320111e-03,8.853273e-04,4.400566e-02,3.076276e-02,1.278749e-02,5.657545e-03,3.541890e-01,5.213766e-01,5.060480e-04,4.749962e-04
1.007886e-02,1.423111e-03,8.297762e-04,7.402038e-04,6.053704e-03,5.662320e-03,7.640373e-04,3.091612e-02,2.949845e-02,2.687257e-02,1.205234e-02,4.576657e-01,4.165418e-01,5.184137e-04,3.826028e-04
7.169012e-03,1.204186e-03,6.540720e-04,5.318499e-04,5.110946e-03,4.030912e-03,5.466521e-04,2.167482e-02,2.352361e-02,2.763529e-02,1.594470e-02,5.881578e-01,3.031050e-01,4.312353e-04,2.798654e-04
5.081857e-03,9.099970e-04,5.218289e-04,3.853978e-04,5.528181e-03,2.868854e-03,4.011549e-04,1.522624e-02,2.051354e-02,2.464713e-02,1.187257e-02,6.927109e-01,2.187817e-01,3.489346e-04,2.016565e-04
3.716190e-03,6.692424e-04,3.814884e-04,2.848807e-04,4.910659e-03,2.041032e-03,2.897538e-04,1.070139e-02,2.039197e-02,1.998625e-02,1.019311e-02,7.689732e-01,1.570241e-01,2.896544e-04,1.470370e-04
2.751870e-03,7.023381e-04,3.113734e-04,2.531108e-04,6.937285e-03,1.585269e-03,2.876629e-04,7.934771e-03,9.761684e-02,1.577886e-02,9.952978e-03,7.399611e-01,1.155459e-01,2.525221e-04,1.279730e-04
2.124042e-03,6.739387e-04,2.307226e-04,2.114969e-04,8.011295e-03,1.154777e-03,2.831061e-04,6.119642e-03,2.268070e-01,1.156757e-02,8.235903e-03,6.498535e-01,8.442905e-02,1.919873e-04,1.059602e-04
1.780744e-03,9.670972e-04,1.897438e-04,1.621028e-04,8.138238e-03,9.558572e-04,3.455225e-04,5.099098e-03,3.524384e-01,8.858292e-03,6.300965e-03,5.531733e-01,6.135379e-02,1.498158e-04,8.698073e-05
1.765060e-03,9.952609e-04,1.751196e-04,1.373539e-04,2.181966e-02,8.255080e-04,6.719207e-04,4.599037e-03,5.030785e-01,6.351699e-03,5.438716e-03,4.101860e-01,4.377738e-02,1.107120e-04,6.809406e-05
1.639105e-03,1.176881e-03,1.606584e-04,1.132109e-04,2.560090e-02,9.647656e-04,5.636400e-04,4.016140e-03,6.374412e-01,4.488689e-03,3.884275e-03,2.889023e-01,3.091379e-02,8.215273e-05,5.234376e-05
2.750452e-03,1.202151e-03,4.237975e-04,1.909833e-04,3.966434e-02,2.974520e-03,7.109761e-04,6.791860e-03,7.148060e-01,3.227087e-03,2.787999e-03,2.024348e-01,2.191929e-02,6.086575e-05,5.489951e-05
6.989216e-03,2.194580e-03,6.909225e-04,8.822243e-04,6.799543e-02,1.139181e-02,8.902865e-04,6.584463e-03,7.382076e-01,2.489758e-03,2.252671e-03,1.424539e-01,1.665028e-02,5.921548e-05,2.676042e-04
1.351638e-02,2.460625e-03,5.880554e-04,1.109121e-03,9.984767e-02,1.831518e-02,1.337114e-03,6.661418e-03,7.330235e-01,1.982857e-03,2.540843e-03,1.009321e-01,1.668990e-02,7.222288e-05,9.228726e-04
2.168695e-02,2.211130e-03,5.309043e-04,1.157636e-03,1.439771e-01,1.539939e-02,1.846122e-03,8.585536e-03,7.100345e-01,1.426678e-03,3.648731e-03,7.172051e-02,1.693550e-02,7.827894e-05,7.609557e-04
3.890463e-02,2.720823e-03,1.600848e-03,3.746220e-03,2.660515e-01,1.291998e-02,4.694541e-03,2.183809e-02,5.772418e-01,1.048967e-03,3.548457e-03,5.097631e-02,1.384565e-02,1.162800e-04,7.459379e-04
5.123866e-02,4.025901e-03,1.789582e-03,8.986680e-03,2.995295e-01,1.021235e-02,4.877261e-03,3.580713e-02,5.279598e-01,8.476293e-04,4.319746e-03,3.762453e-02,1.160918e-02,2.162069e-04,9.558887e-04
5.293205e-02,5.029481e-03,1.441271e-03,7.608798e-03,2.839603e-01,9.760370e-03,4.103539e-03,2.877863e-02,5.648704e-01,6.857246e-04,3.690034e-03,2.699383e-02,8.782660e-03,2.863845e-04,1.076492e-03
4.687920e-02,4.646351e-03,1.223755e-03,6.432842e-03,2.846025e-01,9.142389e-03,3.025963e-03,2.066706e-02,5.931535e-01,5.326816e-04,3.122497e-03,1.918831e-02,6.281242e-03,2.853922e-04,8.163562e-04
5.537394e-02,3.842951e-03,9.486582e-04,5.273124e-03,2.633558e-01,6.907145e-03,1.636245e-02,1.514926e-02,6.100130e-01,4.509469e-04,2.546699e-03,1.430693e-02,4.593707e-03,2.452339e-04,6.301443e-04
7.246299e-02,3.754277e-03,1.047591e-03,4.517828e-03,2.002757e-01,6.846793e-03,1.485942e-01,1.489657e-02,5.290357e-01,9.318349e-04,2.076208e-03,1.047947e-02,4.249620e-03,2.317019e-04,5.995461e-04
7.599154e-02,3.037293e-03,1.022286e-03,3.279194e-03,1.471405e-01,5.423335e-03,3.338096e-01,1.561961e-02,3.988554e-01,2.313099e-03,1.661176e-03,7.625863e-03,3.313354e-03,3.409706e-04,5.667646e-04
6.674659e-02,2.311669e-03,8.140945e-04,2.336898e-03,1.042716e-01,4.055543e-03,5.092248e-01,1.251343e-02,2.854271e-01,2.191075e-03,1.238147e-03,5.586328e-03,2.508868e-03,2.882624e-04,4.855936e-04
5.713088e-02,2.166511e-03,7.936854e-04,1.738700e-03,7.518575e-02,3.993542e-03,6.352274e-01,9.050488e-03,2.021079e-01,2.007327e-03,1.683426e-03,4.721595e-03,2.891124e-03,2.505979e-04,1.051024e-03
6.269258e-02,2.602702e-03,9.212266e-04,1.572642e-03,6.053513e-02,5.819350e-03,6.996419e-01,6.610936e-03,1.436892e-01,2.233933e-03,2.662530e-03,5.090102e-03,3.720771e-03,2.359311e-04,1.971024e-03
7.247315e-02,3.147278e-03,1.175045e-03,2.445494e-03,5.441257e-02,3.624619e-02,6.840006e-01,4.915729e-03,1.013669e-01,6.263652e-03,8.633358e-03,8.952921e-03,8.911808e-03,8.413774e-04,6.213878e-03
7.961494e-02,2.405294e-03,1.221454e-03,2.644252e-03,4.615220e-02,3.054247e-02,7.297539e-01,3.792417e-03,7.230093e-02,4.636733e-03,6.531198e-03,7.469459e-03,6.885180e-03,7.518142e-04,5.297815e-03
1.095070e-01,2.306348e-03,1.692192e-03,3.696524e-03,4.322012e-02,6.818758e-02,6.830474e-01,3.072673e-03,5.250630e-02,3.846532e-03,7.546891e-03,7.390640e-03,6.245472e-03,1.615020e-03,6.119185e-03
8.671216e-02,1.769147e-03,1.317530e-03,2.929769e-03,3.366832e-02,3.028584e-01,4.926221e-01,2.370873e-03,3.712386e-02,2.965330e-03,1.276751e-02,6.392958e-03,6.725256e-03,3.981861e-03,5.794821e-03
7.167653e-02,1.348525e-03,1.076992e-03,2.304568e-03,2.665533e-02,4.474831e-01,3.645939e-01,1.868262e-03,2.643261e-02,2.763825e-03,2.873940e-02,6.131446e-03,6.417090e-03,7.100775e-03,5.407607e-03
6.231148e-02,1.088297e-03,9.258316e-04,1.707363e-03,1.987785e-02,4.595963e-01,2.632095e-01,1.966522e-03,1.868707e-02,3.286537e-03,8.851194e-02,8.572766e-03,6.147722e-03,5.668443e-02,7.426288e-03
4.479768e-02,7.895877e-04,6.714351e-04,1.247742e-03,1.406278e-02,3.551700e-01,1.847039e-01,1.799586e-03,1.386793e-02,4.223758e-03,1.132429e-01,2.427766e-02,5.723576e-03,2.273867e-01,8.034852e-03
3.170616e-02,5.747954e-04,4.783166e-04,8.971982e-04,9.905148e-03,2.573766e-01,1.294350e-01,1.491172e-03,1.021125e-02,5.597149e-03,1.292364e-01,1.979240e-02,4.543162e-03,3.875790e-01,1.117622e-02
2.229769e-02,4.551244e-04,3.452215e-04,6.556658e-04,6.951578e-03,1.817262e-01,9.064239e-02,1.085267e-03,9.207898e-03,5.884890e-03,1.619428e-01,1.904825e-02,3.812927e-03,4.875247e-01,8.419391e-03
1.574778e-02,4.555517e-04,2.926076e-04,4.922212e-04,4.892515e-03,1.344639e-01,6.350280e-02,8.092914e-04,1.243202e-02,5.769210e-03,2.788243e-01,2.864121e-02,3.988765e-03,4.427464e-01,6.941481e-03
1.162623e-02,6.233656e-03,6.436154e-03,6.705101e-04,3.533204e-03,1.806009e-01,4.460715e-02,1.605498e-03,2.409840e-02,4.572424e-03,2.983167e-01,3.094041e-02,3.190693e-03,3.783384e-01,5.229767e-03
8.368520e-03,6.644285e-03,4.762472e-03,4.851351e-04,2.532182e-03,1.291580e-01,3.125691e-02,1.251397e-03,2.601836e-02,3.505468e-03,2.605488e-01,2.829945e-02,2.311773e-03,4.909337e-01,3.923527e-03
6.077242e-03,1.188613e-02,3.576899e-03,3.529117e-04,1.811942e-03,9.247354e-02,2.189499e-02,9.900900e-04,2.243740e-02,2.592831e-03,1.933736e-01,2.150116e-02,1.647909e-03,6.164609e-01,2.922505e-03
5.482585e-03,2.760307e-02,3.010898e-03,2.831099e-04,1.407544e-03,6.791414e-02,1.536763e-02,1.095335e-03,2.230680e-02,2.140943e-03,1.505087e-01,1.891168e-02,1.218326e-03,6.803883e-01,2.360970e-03
4.515907e-03,4.171816e-02,2.349861e-03,2.280066e-04,1.224263e-03,5.287368e-02,1.077844e-02,1.253000e-03,3.429124e-02,2.218966e-03,1.157178e-01,1.695540e-02,9.666752e-04,7.128707e-01,2.037937e-03
3.740428e-03,7.134223e-02,2.040543e-03,1.888407e-04,1.056532e-03,3.834437e-02,7.559349e-03,1.109292e-03,3.981373e-02,2.122168e-03,9.319403e-02,1.768747e-02,9.168453e-04,7.191688e-01,1.715416e-03
2.982492e-03,1.132833e-01,1.665847e-03,1.814275e-04,9.758731e-04,2.931315e-02,5.300159e-03,8.696815e-04,8.970044e-02,2.095259e-03,7.427187e-02,1.429488e-02,7.688823e-04,6.628783e-01,1.418443e-03
2.702907e-03,1.752443e-01,1.724517e-03,2.665399e-04,1.484305e-03,2.199921e-02,3.734184e-03,1.782574e-03,1.764915e-01,1.902145e-03,5.489896e-02,1.049105e-02,7.401627e-04,5.452491e-01,1.288544e-03
7.905153e-03,1.802300e-01,3.815656e-03,1.097884e-03,1.842293e-03,1.967734e-02,2.680672e-03,2.001500e-03,2.072742e-01,2.662978e-03,5.918595e-02,8.726400e-03,1.706613e-03,4.982864e-01,2.906996e-03
1.561163e-02,1.640642e-01,3.215235e-03,1.240515e-03,1.855049e-03,1.570216e-02,1.904663e-03,1.627744e-03,2.249923e-01,3.374288e-03,6.588559e-02,7.030020e-03,1.668063e-03,4.879798e-01,3.848811e-03
1.479087e-02,1.444194e-01,2.634582e-03,2.308156e-03,2.367260e-03,1.300331e-02,1.368211e-03,1.360429e-03,2.833895e-01,9.026555e-03,1.264031e-01,1.013136e-02,2.656885e-03,3.820916e-01,4.048879e-03
1.965562e-02,1.142536e-01,2.100776e-03,5.362070e-03,3.891253e-03,1.301814e-02,1.021552e-03,1.195886e-03,3.152073e-01,2.201929e-02,1.744611e-01,1.130538e-02,5.118013e-03,3.059874e-01,5.402714e-03
3.291101e-02,9.745290e-02,1.885370e-03,6.693959e-03,7.615160e-03,1.990084e-02,9.265912e-04,1.334431e-03,3.545567e-01,2.801983e-02,1.785966e-01,1.144059e-02,5.211280e-03,2.475962e-01,5.858618e-03
2.707670e-02,7.319088e-02,2.533901e-03,1.362048e-02,1.644069e-02,2.709872e-02,1.103212e-03,1.008232e-02,4.182292e-01,3.565177e-02,1.594329e-01,9.080299e-03,4.996687e-03,1.960619e-01,5.400339e-03
4.391120e-02,8.105463e-02,9.701714e-03,2.632508e-02,1.935816e-02,2.494755e-02,1.184802e-03,1.314576e-02,4.550215e-01,3.202812e-02,1.260287e-01,7.216402e-03,4.901561e-03,1.498639e-01,5.310943e-03
6.150630e-02,1.138737e-01,7.189707e-02,3.407615e-02,2.554328e-02,2.411725e-02,1.348626e-03,2.059045e-02,3.970655e-01,2.541018e-02,1.016325e-01,5.465136e-03,4.137747e-03,1.082714e-01,5.064740e-03
6.637941e-02,9.057008e-02,1.453394e-01,3.229684e-02,6.118712e-02,2.894551e-02,5.928916e-03,5.075053e-02,3.273602e-01,2.202163e-02,7.767107e-02,4.646648e-03,4.409389e-03,7.714871e-02,5.344606e-03
7.964309e-02,6.914161e-02,1.619125e-01,2.442980e-02,8.057190e-02,2.872665e-02,9.680118e-02,7.382175e-02,2.434483e-01,1.812859e-02,5.606949e-02,3.494697e-03,4.734792e-03,5.454231e-02,4.533357e-03
7.042632e-02,5.305127e-02,1.637663e-01,1.788808e-02,6.644437e-02,2.325740e-02,2.426957e-01,7.825858e-02,1.819597e-01,1.397653e-02,3.981642e-02,2.659349e-03,3.895441e-03,3.865257e-02,3.252039e-03
6.527875e-02,4.189931e-02,1.405385e-01,1.302249e-02,5.376798e-02,1.899850e-02,3.910868e-01,6.863097e-02,1.325974e-01,1.051821e-02,2.836613e-02,2.128082e-03,3.383966e-03,2.739674e-02,2.386253e-03
7.389256e-02,3.055101e-02,1.106924e-01,9.621972e-03,4.310199e-02,1.411318e-02,4.884269e-01,7.646989e-02,9.626426e-02,8.680729e-03,2.036908e-02,2.102769e-03,4.150707e-03,1.948694e-02,2.075639e-03
1.333197e-01,2.339613e-02,9.205796e-02,1.017179e-02,3.499179e-02,1.137988e-02,5.014696e-01,7.311758e-02,7.328935e-02,7.024137e-03,1.466987e-02,3.173860e-03,5.247492e-03,1.409212e-02,2.598803e-03
1.636894e-01,1.779904e-02,8.014812e-02,1.053995e-02,2.957933e-02,9.596070e-03,5.174825e-01,7.343897e-02,5.880534e-02,5.845497e-03,1.081980e-02,4.034113e-03,5.324849e-03,1.011471e-02,2.782359e-03
2.013160e-01,1.389056e-02,6.276300e-02,8.512780e-03,2.390715e-02,1.026559e-02,5.200322e-01,7.480997e-02,4.743455e-02,5.011366e-03,8.408034e-03,6.109762e-03,6.209231e-03,7.397688e-03,3.932181e-03
2.353140e-01,1.123867e-02,4.716818e-02,6.918473e-03,1.919651e-02,1.089974e-02,5.230306e-01,7.123569e-02,3.731401e-02,4.437077e-03,6.473457e-03,8.485062e-03,8.357471e-03,5.360140e-03,4.570968e-03
3.050812e-01,1.036286e-02,3.784536e-02,6.954500e-03,1.572222e-02,1.341568e-02,4.702912e-01,6.118420e-02,2.870292e-02,3.870875e-03,6.086688e-03,1.660587e-02,1.249931e-02,4.144129e-03,7.233071e-03
3.167099e-01,9.957638e-03,2.928098e-02,6.637666e-03,1.273898e-02,1.559477e-02,4.740638e-01,5.360053e-02,2.209953e-02,3.231573e-03,6.287335e-03,2.083253e-02,1.689100e-02,3.236784e-03,8.836959e-03
2.962582e-01,9.153368e-03,2.287696e-02,6.043504e-03,1.117146e-02,1.701615e-02,5.119617e-01,5.174324e-02,1.674495e-02,2.833084e-03,5.916201e-03,1.984784e-02,1.691528e-02,2.571073e-03,8.947054e-03
3.062640e-01,8.226632e-03,1.787478e-02,5.479169e-03,9.678119e-03,1.865909e-02,5.184374e-01,4.802302e-02,1.277190e-02,2.986750e-03,6.056891e-03,1.924221e-02,1.521995e-02,2.211366e-03,8.868695e-03
3.347797e-01,8.375735e-03,1.379581e-02,5.447947e-03,8.564590e-03,2.261974e-02,4.946545e-01,4.449647e-02,9.659534e-03,2.937575e-03,6.426385e-03,2.003864e-02,1.612699e-02,2.145730e-03,9.930658e-03
3.968512e-01,7.889727e-03,1.144771e-02,6.671083e-03,8.362797e-03,2.702675e-02,4.218417e-01,3.739896e-02,8.071166e-03,5.485597e-03,1.094703e-02,2.627144e-02,1.563937e-02,2.676955e-03,1.341847e-02
4.447073e-01,8.286979e-03,1.301756e-02,1.091922e-02,9.877747e-03,2.476265e-02,3.414118e-01,3.500591e-02,7.846760e-03,2.087022e-02,1.367619e-02,3.357981e-02,1.524276e-02,3.683141e-03,1.711199e-02
4.570314e-01,8.624861e-03,1.241470e-02,1.598196e-02,1.133482e-02,2.426488e-02,2.665851e-01,3.172434e-02,7.464390e-03,6.564751e-02,1.604970e-02,3.845168e-02,1.810135e-02,5.122577e-03,2.120070e-02
4.371840e-01,8.778535e-03,1.090388e-02,1.859318e-02,1.397591e-02,2.583311e-02,1.971660e-01,2.516793e-02,8.054649e-03,1.284154e-01,1.846673e-02,4.312088e-02,3.639539e-02,5.114670e-03,2.282968e-02
4.638820e-01,1.105271e-02,1.019678e-02,2.024470e-02,1.291118e-02,2.452920e-02,1.455113e-01,1.908397e-02,8.026943e-03,1.361021e-01,1.953666e-02,4.699031e-02,4.549649e-02,6.648751e-03,2.978690e-02
4.569159e-01,1.113606e-02,9.901127e-03,3.483368e-02,1.127691e-02,3.407431e-02,1.034726e-01,1.412802e-02,1.647451e-02,1.068298e-01,1.912379e-02,9.643514e-02,4.162373e-02,8.338610e-03,3.543580e-02
3.500931e-01,8.813150e-03,7.622216e-03,4.069534e-02,1.053628e-02,4.535247e-02,7.338356e-02,1.012214e-02,1.724975e-02,1.005543e-01,3.966479e-02,1.706532e-01,7.106127e-02,1.157095e-02,4.262748e-02
2.589143e-01,6.503230e-03,5.570562e-03,5.921010e-02,8.859899e-03,4.634192e-02,5.214231e-02,7.206637e-03,1.982313e-02,7.872447e-02,4.898168e-02,2.419605e-01,1.183219e-01,1.147764e-02,3.596181e-02
1.862207e-01,4.726584e-03,4.114182e-03,7.246039e-02,7.844536e-03,3.926334e-02,3.696148e-02,5.119912e-03,5.964957e-02,9.348641e-02,7.207726e-02,2.026987e-01,1.558943e-01,2.398981e-02,3.549289e-02
1.313096e-01,3.344785e-03,3.435200e-03,5.704881e-02,9.460453e-03,2.778826e-02,2.604970e-02,4.298199e-03,5.354962e-02,7.311147e-02,1.726551e-01,2.350008e-01,1.557874e-01,1.872822e-02,2.843241e-02
9.269354e-02,2.381789e-03,7.463832e-03,4.767641e-02,1.118342e-02,1.977352e-02,1.843866e-02,5.678539e-02,4.222482e-02,6.413458e-02,1.926733e-01,1.989697e-01,1.548689e-01,1.685268e-02,7.387947e-02
6.590100e-02,2.527211e-03,3.563789e-02,1.284221e-01,6.106838e-02,1.588657e-02,1.582281e-02,6.137882e-02,4.860387e-02,6.008973e-02,1.626493e-01,1.447594e-01,1.181064e-01,1.248570e-02,6.666077e-02
4.692488e-02,2.225859e-03,5.324205e-02,1.313991e-01,7.134375e-02,1.185828e-02,1.370119e-02,1.864459e-01,4.134241e-02,5.274881e-02,1.255019e-01,1.032511e-01,9.082000e-02,9.011129e-03,6.018374e-02
3.382164e-02,2.709333e-03,5.833402e-02,2.190225e-01,8.114424e-02,9.144422e-03,1.085150e-02,1.636161e-01,1.068823e-01,3.813794e-02,8.933836e-02,7.241412e-02,6.430490e-02,6.453034e-03,4.382567e-02
3.196830e-02,3.580353e-03,6.188955e-02,2.782363e-01,1.025050e-01,7.512062e-03,9.317827e-03,1.333616e-01,1.404834e-01,2.780937e-02,6.745322e-02,5.139710e-02,4.729505e-02,4.747919e-03,3.244302e-02
3.792243e-02,6.828213e-03,7.416879e-02,2.500624e-01,1.357288e-01,6.339106e-03,7.910773e-03,1.179488e-01,1.908135e-01,2.228196e-02,5.097201e-02,3.657032e-02,3.458300e-02,3.623320e-03,2.424658e-02
5.229392e-02,1.149113e-02,6.672189e-02,1.942841e-01,2.037670e-01,6.236996e-03,7.937328e-03,1.246959e-01,1.973296e-01,2.107473e-02,3.849995e-02,2.595516e-02,2.616722e-02,3.168504e-03,2.037662e-02
7.251162e-02,1.562470e-02,5.621758e-02,1.458852e-01,2.741876e-01,5.169423e-03,6.400068e-03,1.094945e-01,1.983884e-01,2.193713e-02,3.182470e-02,1.864462e-02,2.060061e-02,3.261734e-03,1.985221e-02
6.206799e-02,1.564470e-02,4.196057e-02,2.222814e-01,2.589372e-01,4.023489e-03,4.825114e-03,1.588545e-01,1.463531e-01,1.589807e-02,2.405623e-02,1.382078e-02,1.483999e-02,2.376547e-03,1.406040e-02
6.588206e-02,1.385265e-02,3.166457e-02,3.001082e-01,2.364142e-01,3.300452e-03,4.244391e-03,1.539424e-01,1.220039e-01,1.378160e-02,2.073614e-02,1.107985e-02,1.089460e-02,1.838313e-03,1.025677e-02
9.201283e-02,1.209764e-02,2.512820e-02,2.354413e-01,3.280585e-01,2.999609e-03,3.636250e-03,1.170011e-01,1.258095e-01,1.260462e-02,1.821340e-02,9.412630e-03,8.258782e-03,1.500075e-03,7.825551e-03
1.538772e-01,9.491953e-03,1.939242e-02,2.676686e-01,2.761385e-01,4.317755e-03,3.011075e-03,1.177426e-01,9.388409e-02,1.149912e-02,1.832629e-02,9.640466e-03,7.457701e-03,1.460086e-03,6.092086e-03
1.841211e-01,7.369199e-03,1.730762e-02,2.429442e-01,2.071136e-01,5.612130e-03,4.300078e-03,2.121784e-01,6.853292e-02,8.711530e-03,2.032932e-02,8.888123e-03,6.834700e-03,1.182264e-03,4.574870e-03
2.853084e-01,8.962748e-03,3.174421e-02,2.251789e-01,1.628113e-01,1.353536e-02,4.007844e-03,1.610963e-01,5.159499e-02,8.776005e-03,1.843696e-02,1.169793e-02,7.061937e-03,2.393062e-03,7.394144e-03
4.086112e-01,1.322959e-02,4.435537e-02,1.808054e-01,1.237401e-01,1.348136e-02,3.424160e-03,1.202143e-01,3.879948e-02,8.042367e-03,1.583958e-02,1.123800e-02,6.801315e-03,2.802280e-03,8.615541e-03
1.000000e+00,0.000000e+00,0.000000e+00,0.000000e+00,0.000000e+00,0.000000e+00,0.000000e+00,0.000000e+00,0.000000e+00,0.000000e+00,0.000000e+00,0.000000e+00,0.000000e+00,0.000000e+00,0.000000e+00
1.000000e+00,0.000000e+00,0.000000e+00,0.000000e+00,0.000000e+00,0.000000e+00,0.000000e+00,0.000000e+00,0.000000e+00,0.000000e+00,0.000000e+00,0.000000e+00,0.000000e+00,0.000000e+00,0.000000e+00
1.000000e+00,0.000000e+00,0.000000e+00,0.000000e+00,0.000000e+00,0.000000e+00,0.000000e+00,0.000000e+00,0.000000e+00,0.000000e+00,0.000000e+00,0.000000e+00,0.000000e+00,0.000000e+00,0.000000e+00
1.000000e+00,0.000000e+00,0.000000e+00,0.000000e+00,0.000000e+00,0.000000e+00,0.000000e+00,0.000000e+00,0.000000e+00,0.000000e+00,0.000000e+00,0.000000e+00,0.000000e+00,0.000000e+00,0.000000e+00
1.000000e+00,0.000000e+00,0.000000e+00,0.000000e+00,0.000000e+00,0.000000e+00,0.000000e+00,0.000000e+00,0.000000e+00,0.000000e+00,0.000000e+00,0.000000e+00,0.000000e+00,0.000000e+00,0.000000e+00
1.000000e+00,0.000000e+00,0.000000e+00,0.000000e+00,0.000000e+00,0.000000e+00,0.000000e+00,0.000000e+00,0.000000e+00,0.000000e+00,0.000000e+00,0.000000e+00,0.000000e+00,0.000000e+00,0.000000e+00
1.000000e+00,0.000000e+00,0.000000e+00,0.000000e+00,0.000000e+00,0.000000e+00,0.000000e+00,0.000000e+00,0.000000e+00,0.000000e+00,0.000000e+00,0.000000e+00,0.000000e+00,0.000000e+00,0.000000e+00
4.135024e-01,2.365457e-02,2.698802e-02,3.791999e-02,2.110860e-02,2.229009e-02,2.119811e-03,1.503195e-02,4.048888e-02,6.939474e-02,2.671701e-02,2.811466e-02,7.613845e-03,7.378735e-02,1.912681e-01
3.701763e-01,2.330382e-02,2.173439e-02,3.509545e-02,2.202841e-02,2.189406e-02,1.826595e-03,1.262547e-02,8.636037e-02,5.477148e-02,3.132351e-02,2.247597e-02,1.022775e-02,9.445387e-02,1.917025e-01
3.215319e-01,1.886442e-02,1.735285e-02,2.563363e-02,1.796298e-02,2.054879e-02,1.560578e-03,9.611477e-03,6.695073e-02,6.312839e-02,2.530121e-02,1.665048e-02,9.033929e-03,1.552512e-01,2.306173e-01
2.767354e-01,1.563614e-02,1.370379e-02,1.850560e-02,1.359385e-02,2.247155e-02,1.800937e-03,6.980576e-03,5.471377e-02,7.824950e-02,2.003676e-02,1.209687e-02,7.159231e-03,1.720657e-01,2.862503e-01
2.448110e-01,1.384007e-02,1.383558e-02,1.381998e-02,1.035033e-02,4.139936e-02,2.328271e-03,5.337296e-03,4.350960e-02,6.323428e-02,2.518454e-02,9.376641e-03,6.243537e-03,2.126293e-01,2.941002e-01
2.379474e-01,1.377036e-02,1.078360e-02,1.129082e-02,8.010002e-03,3.388110e-02,1.973910e-03,4.040982e-03,4.293664e-02,5.216637e-02,2.907930e-02,7.640298e-03,6.869395e-03,2.948974e-01,2.447124e-01
1.845016e-01,9.702346e-02,8.183385e-03,8.302568e-03,6.126382e-03,2.645873e-02,1.508642e-03,2.980688e-03,5.147818e-02,4.096052e-02,3.149651e-02,6.837295e-03,6.088607e-03,2.672959e-01,2.607576e-01
1.488357e-01,1.662085e-01,6.950345e-03,6.241960e-03,5.004836e-03,1.997440e-02,1.234429e-03,2.217977e-03,7.488428e-02,3.929843e-02,3.104975e-02,5.542165e-03,5.744221e-03,2.437584e-01,2.430547e-01
1.171270e-01,2.002976e-01,5.606341e-03,5.655435e-03,4.030124e-03,1.533193e-02,1.041638e-03,1.761613e-03,1.132647e-01,3.886728e-02,2.933131e-02,4.334920e-03,5.829462e-03,2.718330e-01,1.856877e-01
9.518152e-02,2.738938e-01,4.537913e-03,4.448143e-03,3.842174e-03,1.238122e-02,9.288574e-04,1.691377e-03,1.377396e-01,4.259435e-02,2.565143e-02,3.589657e-03,5.219365e-03,2.503741e-01,1.379265e-01
7.745872e-02,2.975768e-01,3.893043e-03,3.664044e-03,4.362085e-03,1.061585e-02,8.295263e-04,1.571424e-03,1.927566e-01,5.617943e-02,2.199940e-02,3.347546e-03,5.180795e-03,2.172102e-01,1.033546e-01
7.406195e-02,3.854936e-01,4.722965e-03,9.510982e-03,9.641123e-03,8.544224e-03,7.815388e-04,2.726051e-03,1.725363e-01,4.544460e-02,1.979830e-02,3.771495e-03,4.941156e-03,1.686228e-01,8.940296e-02
8.673620e-02,4.224445e-01,4.296284e-03,1.158787e-02,1.049934e-02,1.009741e-02,8.807505e-04,2.966941e-03,1.716469e-01,4.649007e-02,1.793086e-02,4.352181e-03,5.826415e-03,1.332123e-01,7.103194e-02
1.337982e-01,3.813943e-01,5.762766e-03,1.464028e-02,1.361941e-02,1.209140e-02,1.027206e-03,3.905742e-03,1.539020e-01,7.813671e-02,1.598849e-02,6.533084e-03,6.143619e-03,1.073209e-01,6.573596e-02
2.006622e-01,3.360583e-01,8.563225e-03,1.630150e-02,2.172506e-02,1.267614e-02,1.346173e-03,9.527368e-03,1.405007e-01,7.150397e-02,1.861629e-02,1.122474e-02,9.711867e-03,8.709968e-02,5.448273e-02
2.460435e-01,2.696114e-01,1.007859e-02,3.527853e-02,2.032850e-02,1.151026e-02,1.647277e-03,1.121081e-02,1.505416e-01,5.810059e-02,2.679585e-02,1.124435e-02,1.298661e-02,7.063610e-02,6.398606e-02
3.224141e-01,2.084907e-01,1.015784e-02,3.848530e-02,1.624619e-02,1.267004e-02,1.740709e-03,1.178503e-02,1.352897e-01,5.143770e-02,2.456185e-02,1.257757e-02,1.773789e-02,5.835626e-02,7.804911e-02
4.330932e-01,1.572965e-01,9.700011e-03,3.850759e-02,1.396995e-02,1.509158e-02,1.835290e-03,1.119354e-02,1.070523e-01,3.839212e-02,2.200059e-02,1.459803e-02,1.807053e-02,4.811323e-02,7.108545e-02
4.556121e-01,1.163930e-01,2.696218e-02,5.351299e-02,1.332850e-02,1.891661e-02,2.459520e-03,1.618675e-02,9.237404e-02,2.846583e-02,2.068122e-02,2.031928e-02,2.502108e-02,3.748342e-02,7.228348e-02
1.000000e+00,0.000000e+00,0.000000e+00,0.000000e+00,0.000000e+00,0.000000e+00,0.000000e+00,0.000000e+00,0.000000e+00,0.000000e+00,0.000000e+00,0.000000e+00,0.000000e+00,0.000000e+00,0.000000e+00
1.000000e+00,0.000000e+00,0.000000e+00,0.000000e+00,0.000000e+00,0.000000e+00,0.000000e+00,0.000000e+00,0.000000e+00,0.000000e+00,0.000000e+00,0.000000e+00,0.000000e+00,0.000000e+00,0.000000e+00
1.000000e+00,0.000000e+00,0.000000e+00,0.000000e+00,0.000000e+00,0.000000e+00,0.000000e+00,0.000000e+00,0.000000e+00,0.000000e+00,0.000000e+00,0.000000e+00,0.000000e+00,0.000000e+00,0.000000e+00
1.000000e+00,0.000000e+00,0.000000e+00,0.000000e+00,0.000000e+00,0.000000e+00,0.000000e+00,0.000000e+00,0.000000e+00,0.000000e+00,0.000000e+00,0.000000e+00,0.000000e+00,0.000000e+00,0.000000e+00
1.000000e+00,0.000000e+00,0.000000e+00,0.000000e+00,0.000000e+00,0.000000e+00,0.000000e+00,0.000000e+00,0.000000e+00,0.000000e+00,0.000000e+00,0.000000e+00,0.000000e+00,0.000000e+00,0.000000e+00
1.000000e+00,0.000000e+00,0.000000e+00,0.000000e+00,0.000000e+00,0.000000e+00,0.000000e+00,0.000000e+00,0.000000e+00,0.000000e+00,0.000000e+00,0.000000e+00,0.000000e+00,0.000000e+00,0.000000e+00
1.000000e+00,0.000000e+00,0.000000e+00,0.000000e+00,0.000000e+00,0.000000e+00,0.000000e+00,0.000000e+00,0.000000e+00,0.000000e+00,0.000000e+00,0.000000e+00,0.000000e+00,0.000000e+00,0.000000e+00
1.000000e+00,0.000000e+00,0.000000e+00,0.000000e+00,0.000000e+00,0.000000e+00,0.000000e+00,0.000000e+00,0.000000e+00,0.000000e+00,0.000000e+00,0.000000e+00,0.000000e+00,0.000000e+00,0.000000e+00
1.000000e+00,0.000000e+00,0.000000e+00,0.000000e+00,0.000000e+00,0.000000e+00,0.000000e+00,0.000000e+00,0.000000e+00,0.000000e+00,0.000000e+00,0.000000e+00,0.000000e+00,0.000000e+00,0.000000e+00
1.000000e+00,0.000000e+00,0.000000e+00,0.000000e+00,0.000000e+00,0.000000e+00,0.000000e+00,0.000000e+00,0.000000e+00,0.000000e+00,0.000000e+00,0.000000e+00,0.000000e+00,0.000000e+00,0.000000e+00
1.000000e+00,0.000000e+00,0.000000e+00,0.000000e+00,0.000000e+00,0.000000e+00,0.000000e+00,0.000000e+00,0.000000e+00,0.000000e+00,0.000000e+00,0.000000e+00,0.000000e+00,0.000000e+00,0.000000e+00
1.000000e+00,0.000000e+00,0.000000e+00,0.000000e+00,0.000000e+00,0.000000e+00,0.000000e+00,0.000000e+00,0.000000e+00,0.000000e+00,0.000000e+00,0.000000e+00,0.000000e+00,0.000000e+00,0.000000e+00
4.063561e-01,4.345931e-02,2.281799e-02,5.484072e-02,1.904042e-02,3.066869e-02,5.517623e-03,9.449372e-03,4.183889e-02,7.051555e-03,1.177676e-02,1.507565e-02,2.950778e-01,9.132505e-03,2.789669e-02
3.353800e-01,3.152824e-02,1.625422e-02,4.325909e-02,1.393863e-02,2.769216e-02,4.040963e-03,6.871030e-03,3.120219e-02,4.984327e-03,1.003273e-02,1.283288e-02,4.349416e-01,6.487672e-03,2.055424e-02
2.447717e-01,2.219089e-02,1.142310e-02,3.057237e-02,9.913621e-03,2.014567e-02,2.871211e-03,4.854367e-03,2.203916e-02,3.509774e-03,7.367282e-03,1.170739e-02,5.892214e-01,4.575716e-03,1.483649e-02
1.735505e-01,1.557403e-02,8.017247e-03,2.145646e-02,7.056398e-03,1.455390e-02,2.058539e-03,3.433006e-03,1.552519e-02,2.475664e-03,5.412701e-03,1.140619e-02,7.057215e-01,3.227787e-03,1.053099e-02
1.270400e-01,1.106855e-02,5.667027e-03,1.510528e-02,5.231089e-03,1.138829e-02,1.630031e-03,2.604618e-03,1.132413e-02,1.764913e-03,4.246651e-03,9.951644e-03,7.829227e-01,2.526002e-03,7.529113e-03
9.202141e-02,9.344678e-03,4.042496e-03,1.066132e-02,3.807166e-03,1.036984e-02,1.244644e-03,2.034256e-03,9.813177e-03,1.273377e-03,3.794745e-03,1.268665e-02,8.315452e-01,1.950200e-03,5.410891e-03
6.663521e-02,7.734429e-03,2.877818e-03,7.503353e-03,2.907082e-03,1.063639e-02,1.029385e-03,1.872114e-03,8.893355e-03,9.041762e-04,2.916794e-03,1.025908e-02,8.705001e-01,1.452988e-03,3.877845e-03
4.925118e-02,7.454042e-03,2.061435e-03,5.276267e-03,2.336039e-03,9.773623e-03,8.887391e-04,1.808147e-03,1.099329e-02,6.592860e-04,2.785694e-03,9.590206e-03,8.932181e-01,1.071267e-03,2.832771e-03
4.444272e-02,8.907955e-03,1.918042e-03,3.766046e-03,2.267559e-03,1.570983e-02,9.959975e-04,1.731213e-03,1.296810e-02,4.939989e-04,2.389570e-03,1.539226e-02,8.857770e-01,1.007063e-03,2.232720e-03
5.927628e-02,1.167285e-02,1.616275e-03,2.768246e-03,3.023152e-03,1.864169e-02,8.620158e-04,1.711936e-03,2.162375e-02,3.842666e-04,2.291218e-03,1.415448e-02,8.592121e-01,8.793091e-04,1.882444e-03
5.701341e-02,1.098688e-02,1.210446e-03,2.019710e-03,2.935328e-03,1.767782e-02,7.098623e-04,1.544639e-03,2.459402e-02,2.909988e-04,1.806628e-03,1.373928e-02,8.633628e-01,6.841059e-04,1.424149e-03
4.963891e-02,1.081022e-02,1.073820e-03,1.505939e-03,3.232001e-03,1.591037e-02,6.827017e-04,1.907389e-03,2.579459e-02,2.252016e-04,1.374937e-03,1.418525e-02,8.720660e-01,5.154045e-04,1.077278e-03
