1.000000e+00,0.000000e+00,0.000000e+00,0.000000e+00,0.000000e+00,0.000000e+00,0.000000e+00,0.000000e+00,0.000000e+00,0.000000e+00,0.000000e+00,0.000000e+00,0.000000e+00,0.000000e+00,0.000000e+00
1.000000e+00,0.000000e+00,0.000000e+00,0.000000e+00,0.000000e+00,0.000000e+00,0.000000e+00,0.000000e+00,0.000000e+00,0.000000e+00,0.000000e+00,0.000000e+00,0.000000e+00,0.000000e+00,0.000000e+00
1.000000e+00,0.000000e+00,0.000000e+00,0.000000e+00,0.000000e+00,0.000000e+00,0.000000e+00,0.000000e+00,0.000000e+00,0.000000e+00,0.000000e+00,0.000000e+00,0.000000e+00,0.000000e+00,0.000000e+00
1.000000e+00,0.000000e+00,0.000000e+00,0.000000e+00,0.000000e+00,0.000000e+00,0.000000e+00,0.000000e+00,0.000000e+00,0.000000e+00,0.000000e+00,0.000000e+00,0.000000e+00,0.000000e+00,0.000000e+00
1.000000e+00,0.000000e+00,0.000000e+00,0.000000e+00,0.000000e+00,0.000000e+00,0.000000e+00,0.000000e+00,0.000000e+00,0.000000e+00,0.000000e+00,0.000000e+00,0.000000e+00,0.000000e+00,0.000000e+00
1.000000e+00,0.000000e+00,0.000000e+00,0.000000e+00,0.000000e+00,0.000000e+00,0.000000e+00,0.000000e+00,0.000000e+00,0.000000e+00,0.000000e+00,0.000000e+00,0.000000e+00,0.000000e+00,0.000000e+00
1.000000e+00,0.000000e+00,0.000000e+00,0.000000e+00,0.000000e+00,0.000000e+00,0.000000e+00,0.000000e+00,0.000000e+00,0.000000e+00,0.000000e+00,0.000000e+00,0.000000e+00,0.000000e+00,0.000000e+00
1.000000e+00,0.000000e+00,0.000000e+00,0.000000e+00,0.000000e+00,0.000000e+00,0.000000e+00,0.000000e+00,0.000000e+00,0.000000e+00,0.000000e+00,0.000000e+00,0.000000e+00,0.000000e+00,0.000000e+00
1.000000e+00,0.000000e+00,0.000000e+00,0.000000e+00,0.000000e+00,0.000000e+00,0.000000e+00,0.000000e+00,0.000000e+00,0.000000e+00,0.000000e+00,0.000000e+00,0.000000e+00,0.000000e+00,0.000000e+00
1.000000e+00,0.000000e+00,0.000000e+00,0.000000e+00,0.000000e+00,0.000000e+00,0.000000e+00,0.000000e+00,0.000000e+00,0.000000e+00,0.000000e+00,0.000000e+00,0.000000e+00,0.000000e+00,0.000000e+00
1.000000e+00,0.000000e+00,0.000000e+00,0.000000e+00,0.000000e+00,0.000000e+00,0.000000e+00,0.000000e+00,0.000000e+00,0.000000e+00,0.000000e+00,0.000000e+00,0.000000e+00,0.000000e+00,0.000000e+00
1.000000e+00,0.000000e+00,0.000000e+00,0.000000e+00,0.000000e+00,0.000000e+00,0.000000e+00,0.000000e+00,0.000000e+00,0.000000e+00,0.000000e+00,0.000000e+00,0.000000e+00,0.000000e+00,0.000000e+00
1.000000e+00,0.000000e+00,0.000000e+00,0.000000e+00,0.000000e+00,0.000000e+00,0.000000e+00,0.000000e+00,0.000000e+00,0.000000e+00,0.000000e+00,0.000000e+00,0.000000e+00,0.000000e+00,0.000000e+00
1.000000e+00,0.000000e+00,0.000000e+00,0.000000e+00,0.000000e+00,0.000000e+00,0.000000e+00,0.000000e+00,0.000000e+00,0.000000e+00,0.000000e+00,0.000000e+00,0.000000e+00,0.000000e+00,0.000000e+00
1.000000e+00,0.000000e+00,0.000000e+00,0.000000e+00,0.000000e+00,0.000000e+00,0.000000e+00,0.000000e+00,0.000000e+00,0.000000e+00,0.000000e+00,0.000000e+00,0.000000e+00,0.000000e+00,0.000000e+00
4.208537e-01,1.115795e-02,1.473214e-01,3.575733e-02,6.246490e-03,1.679532e-02,5.287731e-03,2.899949e-01,3.978202e-03,2.125420e-03,5.648671e-03,2.132102e-02,1.776965e-02,2.992831e-03,1.274947e-02
3.149239e-01,8.204200e-03,2.377439e-01,4.031018e-02,4.680959e-03,1.426493e-02,4.098915e-03,3.252359e-01,2.898346e-03,1.791385e-03,4.811350e-03,1.596029e-02,1.324191e-02,2.282093e-03,9.551791e-03
2.262877e-01,8.255969e-03,2.541545e-01,4.346745e-02,3.701417e-03,1.199115e-02,3.158673e-03,3.580570e-01,3.920706e-03,5.308916e-03,2.906436e-02,1.755447e-02,1.208346e-02,1.307341e-02,9.920802e-03
1.593051e-01,5.942336e-03,1.801763e-01,1.066605e-01,2.681293e-03,8.653169e-03,2.231533e-03,2.590662e-01,9.529453e-03,8.048786e-03,1.343387e-01,8.101620e-02,1.759440e-02,1.741423e-02,7.341808e-03
1.115735e-01,4.190160e-03,1.262196e-01,9.709289e-02,1.942892e-03,6.107586e-03,1.569080e-03,1.818855e-01,7.336351e-03,7.361610e-03,1.399054e-01,2.593034e-01,2.826552e-02,2.204163e-02,5.205000e-03
7.824176e-02,3.003096e-03,8.863000e-02,7.343917e-02,2.114777e-03,4.492582e-03,1.132171e-03,1.277813e-01,7.467675e-03,7.366239e-03,1.259469e-01,4.301042e-01,2.325509e-02,2.317248e-02,3.852562e-03
5.529884e-02,2.232393e-03,6.231118e-02,6.294555e-02,3.090916e-03,3.478068e-03,8.474215e-04,9.112354e-02,8.696363e-03,5.428544e-03,1.394501e-01,5.239217e-01,1.803344e-02,2.033495e-02,2.806929e-03
3.884521e-02,1.830757e-03,4.418083e-02,1.049672e-01,8.121217e-03,2.722710e-03,6.110756e-04,6.399213e-02,7.251018e-03,6.282695e-03,2.149800e-01,4.722548e-01,1.333212e-02,1.855317e-02,2.075009e-03
2.810017e-02,1.629113e-03,3.160390e-02,1.000432e-01,1.123790e-02,2.176794e-03,4.435847e-04,4.487143e-02,7.073637e-03,6.328716e-03,2.909839e-01,4.441621e-01,1.060106e-02,1.891113e-02,1.833419e-03
2.041329e-02,1.617227e-03,2.239363e-02,7.438801e-02,1.344649e-01,1.699189e-03,3.249848e-04,3.149598e-02,1.355209e-02,5.165291e-03,2.813869e-01,3.871266e-01,8.772738e-03,1.562853e-02,1.570535e-03
1.539097e-02,1.327120e-03,1.593657e-02,5.824836e-02,1.281866e-01,2.143215e-03,2.411813e-04,2.227468e-02,1.087050e-02,4.187605e-03,2.673576e-01,4.498226e-01,7.620235e-03,1.506525e-02,1.327452e-03
1.236982e-02,1.174513e-03,1.140837e-02,4.658871e-02,1.100805e-01,2.398133e-03,1.837167e-04,1.579296e-02,8.372644e-03,3.517946e-03,2.458909e-01,5.187804e-01,6.649118e-03,1.555171e-02,1.240724e-03
1.159265e-02,9.835368e-04,8.223562e-03,3.561867e-02,8.683783e-02,4.160613e-03,1.532805e-04,1.123721e-02,6.397948e-03,2.881667e-03,2.072289e-01,6.024482e-01,5.849911e-03,1.501495e-02,1.371149e-03
1.127088e-02,1.727717e-03,6.194209e-03,2.732565e-02,9.942509e-02,4.275260e-03,1.681815e-04,8.070760e-03,7.303242e-03,3.034858e-03,1.614306e-01,6.500875e-01,5.347073e-03,1.279128e-02,1.547807e-03
1.284174e-02,1.592395e-03,4.665549e-03,2.012220e-02,7.372738e-02,7.184876e-03,2.128936e-04,5.878383e-03,6.006205e-03,2.513562e-03,1.234185e-01,7.237093e-01,4.541677e-03,1.197402e-02,1.611344e-03
1.172437e-02,1.185265e-03,3.434828e-03,1.430039e-02,5.300435e-02,1.100448e-02,3.556503e-04,4.447312e-03,4.638025e-03,2.670080e-03,1.051987e-01,7.735977e-01,3.785586e-03,9.432007e-03,1.221305e-03
1.278974e-02,9.262179e-04,2.478892e-03,1.027682e-02,3.920818e-02,1.512596e-02,7.572492e-04,3.422663e-03,3.853887e-03,2.492567e-03,1.358309e-01,7.608857e-01,3.248337e-03,7.750696e-03,9.522338e-04
1.359439e-02,8.411853e-04,1.827112e-03,7.436326e-03,2.888818e-02,1.922788e-02,1.485919e-03,2.834867e-03,4.184248e-03,3.222011e-03,2.504989e-01,6.550627e-01,3.460871e-03,6.382021e-03,1.053457e-03
1.426597e-02,8.486181e-04,1.529923e-03,5.689428e-03,2.555382e-02,2.460878e-02,2.389909e-03,2.862002e-03,5.507881e-03,2.869751e-03,3.489848e-01,5.544005e-01,3.775093e-03,5.488487e-03,1.225104e-03
1.284451e-02,1.672013e-03,3.692874e-03,4.460277e-03,8.840390e-02,2.122241e-02,4.201451e-03,2.999073e-03,6.823463e-03,2.200656e-03,3.882759e-01,4.508555e-01,5.332525e-03,5.391357e-03,1.624170e-03
1.467528e-02,1.784290e-03,5.987215e-03,3.597962e-03,1.023290e-01,1.839675e-02,4.836328e-03,9.034198e-03,1.736231e-02,1.635138e-03,4.129885e-01,3.843196e-01,1.651890e-02,5.147994e-03,1.386566e-03
1.475623e-02,2.028296e-03,8.696058e-03,3.270389e-03,1.336584e-01,1.498312e-02,6.331410e-03,1.031808e-02,2.568257e-02,1.219738e-03,3.931842e-01,3.515861e-01,2.755141e-02,5.292085e-03,1.441901e-03
2.123033e-02,2.973228e-03,3.725114e-02,2.849525e-03,1.613631e-01,1.366586e-02,1.265516e-02,3.455061e-02,2.801120e-02,1.227557e-03,3.551203e-01,2.866221e-01,3.492544e-02,5.172918e-03,2.381572e-03
2.887127e-02,3.749509e-03,5.606002e-02,2.702059e-03,1.587242e-01,1.228777e-02,1.599353e-02,5.185740e-02,4.081511e-02,1.318788e-03,3.677556e-01,2.163683e-01,3.632838e-02,4.363688e-03,2.804410e-03
4.833603e-02,4.367048e-03,4.793762e-02,3.118353e-03,1.696150e-01,1.727407e-02,1.631985e-02,8.277830e-02,9.757743e-02,1.442144e-03,3.001560e-01,1.658043e-01,3.808584e-02,3.432084e-03,3.755980e-03
6.010506e-02,4.025632e-03,4.691876e-02,6.745225e-03,2.000611e-01,1.498128e-02,1.222846e-02,1.039213e-01,1.042114e-01,1.404862e-03,2.881406e-01,1.203052e-01,3.037026e-02,3.793680e-03,2.787225e-03
7.441051e-02,4.655681e-03,4.656325e-02,9.728111e-03,2.418379e-01,2.913696e-02,1.133075e-02,1.165031e-01,1.102850e-01,1.326705e-03,2.288996e-01,8.875412e-02,2.978600e-02,3.605190e-03,3.177172e-03
7.026844e-02,3.721418e-03,3.319876e-02,7.365173e-03,2.487660e-01,8.226344e-02,8.727079e-03,8.465141e-02,8.634884e-02,9.878137e-04,1.721332e-01,8.064209e-02,1.153288e-01,2.856000e-03,2.741608e-03
6.256750e-02,3.399998e-03,2.380376e-02,5.774958e-03,3.162712e-01,9.203188e-02,8.745407e-03,6.535295e-02,9.220870e-02,7.292267e-04,1.297496e-01,7.823315e-02,1.164704e-01,2.337191e-03,2.324163e-03
5.466436e-02,2.760267e-03,1.751272e-02,6.014666e-03,2.808564e-01,7.069892e-02,7.302643e-03,9.022781e-02,7.626024e-02,5.653902e-04,1.062269e-01,1.807359e-01,1.025441e-01,1.891161e-03,1.738538e-03
5.469756e-02,2.665083e-03,1.358726e-02,5.091300e-03,3.031496e-01,6.638111e-02,6.371813e-03,1.227380e-01,6.832693e-02,4.687773e-04,8.757348e-02,1.848383e-01,8.102979e-02,1.775424e-03,1.305573e-03
5.612566e-02,2.415482e-03,1.071088e-02,4.074683e-03,2.559464e-01,6.410949e-02,5.823618e-03,2.099616e-01,5.217553e-02,4.065750e-04,8.329346e-02,1.877333e-01,6.334268e-02,2.898466e-03,9.822163e-04
5.313573e-02,1.993146e-03,7.885649e-03,4.065108e-03,2.058905e-01,7.737477e-02,4.938535e-03,2.193689e-01,3.962328e-02,3.970298e-04,6.756514e-02,2.095638e-01,1.041048e-01,3.339671e-03,7.539308e-04
4.530210e-02,1.546006e-03,5.713154e-03,4.472716e-03,1.593895e-01,7.170707e-02,3.847971e-03,3.810747e-01,2.974198e-02,3.471071e-04,4.879517e-02,1.618612e-01,8.311483e-02,2.510568e-03,5.760052e-04
3.743698e-02,1.128386e-03,4.079565e-03,3.708432e-03,1.182266e-01,5.745652e-02,3.053777e-03,5.384048e-01,2.210130e-02,2.710180e-04,3.497605e-02,1.156674e-01,6.116918e-02,1.880986e-03,4.389290e-04
4.063501e-02,1.383215e-03,3.053446e-03,3.811407e-03,9.342538e-02,4.660935e-02,3.891975e-03,6.063927e-01,2.026917e-02,5.854830e-04,2.520250e-02,8.743267e-02,6.527472e-02,1.616269e-03,4.166613e-04
3.714605e-02,1.210994e-03,2.295611e-03,3.614182e-03,6.852361e-02,3.631316e-02,3.786366e-03,6.887214e-01,1.489925e-02,9.806065e-04,1.826565e-02,6.931744e-02,5.310116e-02,1.464539e-03,3.599357e-04
4.085999e-02,1.111381e-03,1.808372e-03,3.343921e-03,5.054127e-02,2.873220e-02,3.069614e-03,7.490975e-01,1.146328e-02,8.313206e-04,1.391004e-02,5.094134e-02,4.272555e-02,1.245981e-03,3.182878e-04
4.095870e-02,9.298088e-04,1.412255e-03,2.717679e-03,3.697724e-02,2.222083e-02,2.444239e-03,8.013787e-01,8.498956e-03,6.274352e-04,1.036641e-02,3.680800e-02,3.346488e-02,9.234798e-04,2.713581e-04
3.972244e-02,8.839640e-04,1.296158e-03,2.903299e-03,2.812082e-02,1.643966e-02,2.095969e-03,8.426226e-01,6.295646e-03,4.713788e-04,7.453590e-03,2.654359e-02,2.419145e-02,6.975614e-04,2.618452e-04
4.406819e-02,9.305606e-04,1.561247e-03,3.822026e-03,2.160498e-02,1.302091e-02,1.852710e-03,8.634803e-01,4.818241e-03,3.692197e-04,5.584682e-03,2.018615e-02,1.783691e-02,5.608065e-04,3.030149e-04
4.919286e-02,8.678423e-04,1.744355e-03,4.473239e-03,1.656097e-02,1.026084e-02,1.681534e-03,8.780757e-01,3.682308e-03,2.923936e-04,4.158943e-03,1.530589e-02,1.293219e-02,4.619962e-04,3.089063e-04
5.296179e-02,7.358532e-04,1.840335e-03,4.704790e-03,1.260047e-02,7.708337e-03,1.606832e-03,8.901942e-01,2.750531e-03,2.460512e-04,3.089176e-03,1.148699e-02,9.418515e-03,3.670290e-04,2.890541e-04
6.498802e-02,6.766206e-04,1.917971e-03,4.758469e-03,1.012598e-02,5.998280e-03,1.569050e-03,8.884670e-01,2.197089e-03,2.140268e-04,2.415962e-03,9.032765e-03,7.041258e-03,3.143316e-04,2.832327e-04
8.993296e-02,7.938576e-04,2.162588e-03,4.259431e-03,9.384476e-03,5.718281e-03,2.431693e-03,8.669688e-01,1.835641e-03,2.201989e-04,2.106259e-03,7.632227e-03,5.754545e-03,3.336916e-04,4.653421e-04
1.119137e-01,7.532174e-04,2.092747e-03,3.880303e-03,8.856895e-03,5.240554e-03,2.545732e-03,8.481649e-01,1.515391e-03,2.519409e-04,1.827286e-03,6.971193e-03,4.816911e-03,3.654538e-04,8.038360e-04
1.597258e-01,7.490299e-04,2.163026e-03,3.650211e-03,8.182561e-03,4.950354e-03,2.574664e-03,8.025224e-01,1.298478e-03,2.935708e-04,1.669107e-03,6.705097e-03,4.054696e-03,4.090109e-04,1.052047e-03
1.761813e-01,6.843941e-04,2.025351e-03,3.644081e-03,7.093542e-03,4.325160e-03,2.119078e-03,7.893845e-01,1.131376e-03,3.345544e-04,1.565292e-03,6.158856e-03,3.574906e-03,4.253814e-04,1.352288e-03
2.521321e-01,1.340663e-03,2.343447e-03,4.768813e-03,7.561020e-03,7.164878e-03,2.315286e-03,6.987638e-01,2.030923e-03,8.274369e-04,2.314025e-03,8.266870e-03,6.766491e-03,5.737051e-04,2.830563e-03
2.619973e-01,4.687794e-03,8.646389e-03,3.577426e-02,7.345542e-03,8.110469e-03,2.000168e-03,5.830712e-01,1.145298e-02,1.136676e-02,7.857786e-03,2.549981e-02,1.905850e-02,1.495674e-03,1.163543e-02
2.613748e-01,5.603732e-03,8.309558e-03,3.018363e-02,9.541571e-03,3.571978e-02,2.631311e-03,5.247957e-01,1.137545e-02,9.326694e-03,8.099211e-03,2.820725e-02,4.840279e-02,1.759487e-03,1.466920e-02
2.932868e-01,5.552544e-03,7.944661e-03,3.082489e-02,1.206929e-02,4.599241e-02,2.914272e-03,4.113927e-01,1.682627e-02,1.083826e-02,1.036277e-02,3.973722e-02,9.081005e-02,1.978704e-03,1.946926e-02
3.210467e-01,6.071354e-03,9.476142e-03,4.143954e-02,2.458986e-02,3.601454e-02,3.154110e-03,3.745900e-01,2.678086e-02,9.604865e-03,1.070955e-02,3.745437e-02,8.033352e-02,2.054025e-03,1.668055e-02
3.866221e-01,6.127781e-03,7.807997e-03,3.839137e-02,2.949193e-02,3.200997e-02,4.110322e-03,2.880444e-01,2.745174e-02,7.233380e-03,1.109662e-02,3.249988e-02,1.124246e-01,2.005020e-03,1.468300e-02
4.054321e-01,5.737102e-03,7.590957e-03,3.505269e-02,3.384898e-02,2.666173e-02,5.585041e-03,2.188863e-01,4.922729e-02,7.267028e-03,1.379154e-02,2.936923e-02,1.441838e-01,2.337387e-03,1.502883e-02
3.223255e-01,4.477563e-03,5.506909e-03,2.490620e-02,2.647746e-02,1.959942e-02,4.362974e-03,1.542957e-01,3.856867e-02,5.274383e-03,1.379117e-02,2.802683e-02,3.383215e-01,1.995948e-03,1.206982e-02
2.687143e-01,5.357932e-03,4.299403e-03,1.853990e-02,2.232694e-02,1.632624e-02,3.542088e-03,1.098660e-01,4.452894e-02,4.357960e-03,2.547657e-02,2.513262e-02,4.358733e-01,4.751500e-03,1.090631e-02
2.333815e-01,8.291703e-03,3.499865e-03,1.362345e-02,1.686489e-02,1.552844e-02,3.099596e-03,7.878274e-02,4.464204e-02,3.596427e-03,2.264038e-02,4.737923e-02,4.936932e-01,4.845321e-03,1.013126e-02
1.931431e-01,2.611176e-02,3.172531e-03,1.040743e-02,1.283560e-02,1.590183e-02,2.804894e-03,5.641073e-02,6.749162e-02,3.008753e-03,1.769321e-02,4.115449e-02,5.305964e-01,4.665869e-03,1.460180e-02
1.612965e-01,6.412560e-02,3.356402e-03,8.705843e-03,1.119612e-02,2.306196e-02,2.295766e-03,4.058836e-02,1.371052e-01,2.542011e-03,1.320852e-02,3.169545e-02,4.596436e-01,3.744716e-03,3.743405e-02
1.232284e-01,1.087434e-01,4.528061e-03,8.974495e-03,1.235065e-02,2.478556e-02,2.811838e-03,3.138859e-02,1.959956e-01,2.414670e-03,1.010658e-02,2.573896e-02,3.782667e-01,3.490090e-03,6.717645e-02
1.115027e-01,1.509765e-01,5.091556e-03,1.294971e-02,1.243903e-02,2.258556e-02,2.669650e-03,2.432804e-02,2.331044e-01,2.991749e-03,9.079952e-03,2.117022e-02,3.064683e-01,3.514696e-03,8.112802e-02
1.431474e-01,1.261186e-01,5.685625e-03,3.122041e-02,1.951498e-02,2.905331e-02,4.130898e-03,3.157979e-02,2.782357e-01,2.822747e-03,8.833717e-03,1.712793e-02,2.274791e-01,4.118449e-03,7.093120e-02
1.856688e-01,1.128798e-01,4.438599e-03,3.200663e-02,2.411225e-02,4.055811e-02,5.214421e-03,4.090590e-02,2.733290e-01,3.117355e-03,8.995758e-03,1.563630e-02,1.814269e-01,4.816569e-03,6.689358e-02
1.922728e-01,9.531552e-02,4.036277e-03,3.382917e-02,4.391328e-02,6.124082e-02,6.421891e-03,4.209809e-02,2.988929e-01,3.966605e-03,8.958703e-03,1.523233e-02,1.337128e-01,4.461983e-03,5.564676e-02
1.786315e-01,8.854209e-02,4.300905e-03,6.732134e-02,4.512851e-02,8.115207e-02,5.653681e-03,5.895076e-02,2.933469e-01,5.604962e-03,7.956594e-03,1.170004e-02,9.855418e-02,4.540273e-03,4.861614e-02
1.849801e-01,7.933037e-02,4.071116e-03,6.799912e-02,4.795579e-02,7.823605e-02,5.246518e-03,6.129923e-02,3.185000e-01,7.465414e-03,6.842763e-03,1.034967e-02,7.770166e-02,4.160008e-03,4.586212e-02
1.940318e-01,6.616594e-02,4.057482e-03,5.465069e-02,6.454092e-02,1.432153e-01,5.343526e-03,5.951776e-02,2.832540e-01,7.679238e-03,6.158037e-03,8.170206e-03,5.712459e-02,4.137233e-03,4.195317e-02
1.734763e-01,5.414861e-02,3.638763e-03,5.268686e-02,5.544189e-02,1.679458e-01,4.454738e-03,6.524836e-02,3.197097e-01,6.854855e-03,5.572549e-03,7.008679e-03,4.309792e-02,3.369524e-03,3.734539e-02
1.808188e-01,4.953158e-02,4.283288e-03,4.688846e-02,6.038845e-02,1.938758e-01,3.898333e-03,6.737661e-02,2.932688e-01,6.216081e-03,5.288878e-03,6.314368e-03,3.194973e-02,3.442211e-03,4.645850e-02
1.949123e-01,5.112237e-02,4.730150e-03,4.102249e-02,6.558099e-02,2.074067e-01,4.778034e-03,7.082801e-02,2.681466e-01,5.187669e-03,4.358675e-03,5.111141e-03,2.407073e-02,4.145665e-03,4.859837e-02
2.196902e-01,6.581958e-02,4.636067e-03,3.710780e-02,6.407708e-02,1.836424e-01,4.771098e-03,6.413859e-02,2.633219e-01,5.427088e-03,3.589100e-03,4.249393e-03,1.888533e-02,4.208755e-03,5.643556e-02
2.270380e-01,7.122660e-02,4.724245e-03,5.626559e-02,5.006544e-02,1.307650e-01,3.616260e-03,5.068646e-02,2.720975e-01,6.507460e-03,3.509978e-03,5.517858e-03,1.517337e-02,3.255633e-03,9.955047e-02
2.765977e-01,8.103293e-02,4.243675e-03,4.898963e-02,4.761391e-02,1.267101e-01,3.273098e-03,5.267775e-02,2.487133e-01,5.040186e-03,3.140240e-03,4.845372e-03,1.214747e-02,2.737059e-03,8.223750e-02
2.779184e-01,6.351325e-02,5.816900e-03,1.204505e-01,5.033930e-02,9.260685e-02,2.984915e-03,8.180258e-02,2.114903e-01,3.792048e-03,3.481993e-03,5.651128e-03,1.012004e-02,2.174379e-03,6.785732e-02
2.123311e-01,4.526871e-02,4.473045e-03,8.950546e-02,4.105283e-02,6.530327e-02,2.131931e-03,3.118317e-01,1.606961e-01,2.695366e-03,3.471489e-03,4.245128e-03,7.557850e-03,1.578158e-03,4.785795e-02
1.546583e-01,3.193364e-02,3.453262e-03,6.460950e-02,3.085546e-02,4.588770e-02,1.537919e-03,5.012296e-01,1.174200e-01,1.901260e-03,3.188892e-03,3.097541e-03,5.455334e-03,1.127612e-03,3.364390e-02
1.169336e-01,2.259612e-02,2.672726e-03,4.559921e-02,2.380093e-02,3.239478e-02,1.158876e-03,6.377257e-01,8.254629e-02,1.386398e-03,2.611075e-03,2.259372e-03,3.901298e-03,8.003613e-04,2.361325e-02
9.150659e-02,1.592204e-02,2.015329e-03,3.211315e-02,1.826327e-02,2.296051e-02,9.589097e-04,7.336796e-01,5.791221e-02,1.012474e-03,2.035904e-03,1.679049e-03,2.803791e-03,5.670222e-04,1.657021e-02
6.741104e-02,1.117229e-02,1.487659e-03,2.255520e-02,1.357537e-02,1.618799e-02,7.045629e-04,8.089030e-01,4.056733e-02,7.188375e-04,1.498214e-03,1.200535e-03,2.012540e-03,3.995496e-04,1.160606e-02
5.732621e-02,7.874359e-03,1.096966e-03,1.589232e-02,9.978198e-03,1.525718e-02,1.014161e-03,8.477404e-01,2.849799e-02,5.152471e-04,1.555297e-03,1.250846e-03,3.535857e-03,3.048762e-04,8.160205e-03
5.627296e-02,5.617279e-03,9.296407e-04,1.183102e-02,7.334926e-03,2.527341e-02,9.876674e-04,8.169726e-01,2.037004e-02,4.388150e-04,3.653064e-03,6.000121e-03,3.790046e-02,3.856566e-04,6.032435e-03
6.926921e-02,4.313760e-03,1.043016e-03,9.453775e-03,7.142843e-03,6.484662e-02,2.935283e-03,7.222099e-01,1.517376e-02,4.993911e-04,5.594673e-03,1.633810e-02,7.518197e-02,1.062317e-03,4.935412e-03
6.135915e-02,3.737164e-03,2.054444e-03,1.020585e-02,6.285308e-03,1.181581e-01,6.556396e-03,5.668948e-01,1.179279e-02,4.918730e-04,5.754139e-03,1.792995e-02,1.810173e-01,1.061863e-03,6.700899e-03
5.813403e-02,3.722773e-03,2.817215e-03,9.982794e-03,8.871481e-03,1.006515e-01,1.414532e-02,4.248136e-01,1.304073e-02,5.284545e-04,7.692324e-03,1.875331e-02,3.237250e-01,9.242861e-04,1.219713e-02
5.991478e-02,3.598968e-03,2.192724e-03,7.949282e-03,9.050824e-03,1.096216e-01,1.524875e-02,2.994730e-01,1.611907e-02,7.984380e-04,1.988717e-02,7.293533e-02,3.702000e-01,1.063418e-03,1.194663e-02
4.677884e-02,2.874307e-03,1.646903e-03,6.077776e-03,6.861028e-03,1.044856e-01,1.265754e-02,2.100408e-01,1.251296e-02,1.115463e-03,2.895080e-02,1.576035e-01,3.970979e-01,1.435033e-03,9.861515e-03
3.585845e-02,2.666823e-03,1.382234e-03,6.266944e-03,6.538128e-03,8.342548e-02,1.165154e-02,1.490251e-01,1.387193e-02,3.906689e-03,3.843270e-02,2.575306e-01,3.799701e-01,1.783711e-03,7.689610e-03
2.590378e-02,1.983618e-03,1.221657e-03,4.749325e-03,1.381742e-02,5.910271e-02,8.906703e-03,1.051567e-01,1.664391e-02,3.288410e-03,4.158863e-02,2.857478e-01,4.247209e-01,1.509602e-03,5.658789e-03
1.846622e-02,1.617561e-03,1.094288e-03,3.497275e-03,1.763596e-02,4.152441e-02,6.526082e-03,7.391375e-02,1.405697e-02,3.925381e-03,3.899974e-02,2.802006e-01,4.925789e-01,1.510125e-03,4.452766e-03
1.615321e-02,1.305670e-03,9.345928e-04,3.272268e-03,2.105948e-02,3.073833e-02,5.410640e-03,5.234004e-02,1.420770e-02,1.615058e-02,3.098764e-02,3.535810e-01,4.489683e-01,1.514486e-03,3.376073e-03
1.690521e-02,1.080046e-03,8.721080e-04,3.125545e-03,1.931025e-02,2.306768e-02,4.140464e-03,3.741398e-02,1.405590e-02,1.779818e-02,2.720013e-02,3.963174e-01,4.349934e-01,1.287182e-03,2.432523e-03
1.335315e-02,9.469083e-04,1.018966e-03,2.327108e-03,1.582884e-02,1.700821e-02,3.200730e-03,2.637832e-02,1.139073e-02,1.893618e-02,2.313949e-02,5.104005e-01,3.526224e-01,1.503813e-03,1.944709e-03
1.211300e-02,9.343850e-04,1.313773e-03,1.706315e-03,1.269415e-02,1.286013e-02,2.337469e-03,1.865071e-02,9.793361e-03,2.666207e-02,1.915335e-02,6.037049e-01,2.748878e-01,1.676922e-03,1.511635e-03
1.081756e-02,8.252208e-04,1.073768e-03,1.249932e-03,1.034488e-02,1.036826e-02,1.679562e-03,1.319063e-02,7.747464e-03,2.534378e-02,2.626899e-02,6.910343e-01,1.971965e-01,1.740704e-03,1.118472e-03
1.975491e-02,1.348297e-03,9.263034e-04,1.016641e-03,8.551688e-03,7.893414e-03,1.191942e-03,9.341275e-03,7.159629e-03,3.067806e-02,2.832609e-02,7.400393e-01,1.412790e-01,1.617419e-03,8.760519e-04
4.728243e-02,2.358963e-03,1.440242e-03,1.774250e-03,1.433235e-02,7.127228e-03,9.944077e-04,8.994004e-03,1.058271e-02,3.270983e-02,2.901335e-02,7.377744e-01,1.030477e-01,1.732245e-03,8.359330e-04
8.546489e-02,3.194375e-03,2.150150e-03,4.258761e-03,4.039256e-02,8.035994e-03,1.112286e-03,1.493038e-02,1.818411e-02,2.875271e-02,2.860017e-02,6.852142e-01,7.628866e-02,2.415075e-03,1.005758e-03
8.623516e-02,8.207603e-03,2.355156e-03,3.615309e-03,5.821814e-02,7.227526e-03,9.044259e-04,1.552916e-02,4.706299e-02,3.328640e-02,2.664180e-02,6.469351e-01,5.992410e-02,2.752925e-03,1.104203e-03
1.055631e-01,8.608542e-03,2.815762e-03,3.336941e-03,4.513194e-02,6.368361e-03,1.023979e-03,1.800705e-02,7.296658e-02,3.828551e-02,2.177356e-02,6.253405e-01,4.585455e-02,3.556322e-03,1.367313e-03
9.741587e-02,8.025342e-03,2.808279e-03,3.249383e-03,4.343172e-02,6.641613e-03,2.160996e-03,4.265699e-02,1.639353e-01,2.943857e-02,1.724860e-02,5.444095e-01,3.467282e-02,2.798343e-03,1.106621e-03
1.125259e-01,1.006609e-02,2.657004e-03,2.866820e-03,3.996297e-02,6.673076e-03,3.195395e-03,5.368510e-02,2.198687e-01,2.183735e-02,1.386993e-02,4.825096e-01,2.675650e-02,2.278460e-03,1.247153e-03
9.089131e-02,9.531910e-03,2.445085e-03,2.455129e-03,3.269308e-02,5.969050e-03,2.553176e-03,4.947443e-02,2.758670e-01,1.607155e-02,1.202264e-02,4.760338e-01,2.092482e-02,1.959965e-03,1.107052e-03
6.853948e-02,8.037036e-03,1.824719e-03,1.878834e-03,2.830551e-02,4.657438e-03,2.165117e-03,3.951372e-02,4.147609e-01,1.171817e-02,1.080864e-02,3.892568e-01,1.620099e-02,1.488637e-03,8.440635e-04
4.970134e-02,6.537884e-03,1.371360e-03,1.493310e-03,2.536150e-02,3.700855e-03,1.708091e-03,3.015758e-02,5.651349e-01,8.832112e-03,9.531682e-03,2.822245e-01,1.254750e-02,1.081301e-03,6.160619e-04
3.629902e-02,4.913225e-03,1.046734e-03,1.330812e-03,2.669710e-02,5.113490e-03,1.285708e-03,2.269913e-02,6.777443e-01,6.358854e-03,7.238006e-03,1.989844e-01,9.074833e-03,7.719717e-04,4.424042e-04
2.673784e-02,3.827338e-03,8.292305e-04,1.084786e-03,4.588673e-02,4.408956e-03,1.048803e-03,1.680122e-02,7.428358e-01,4.523426e-03,5.249784e-03,1.394290e-01,6.469788e-03,5.498054e-04,3.175760e-04
1.992994e-02,3.639567e-03,6.452329e-04,9.988139e-04,9.948722e-02,4.406682e-03,8.429398e-04,1.467200e-02,7.455725e-01,3.194744e-03,3.765538e-03,9.763789e-02,4.574943e-03,4.024502e-04,2.295377e-04
1.561110e-02,3.554040e-03,5.266184e-04,8.803830e-04,1.721681e-01,3.810901e-03,7.693127e-04,1.342001e-02,7.121312e-01,2.264360e-03,2.724316e-03,6.839864e-02,3.259135e-03,3.038767e-04,1.780178e-04
1.372033e-02,3.957313e-03,1.019063e-03,2.577613e-03,2.826565e-01,2.970385e-03,2.365703e-03,5.536702e-02,5.810388e-01,1.631103e-03,1.963463e-03,4.790881e-02,2.391897e-03,2.230929e-04,2.089147e-04
1.512458e-02,3.840197e-03,9.909135e-04,3.400491e-03,3.511713e-01,2.752915e-03,2.151710e-03,8.862290e-02,4.934296e-01,1.250900e-03,1.426938e-03,3.356383e-02,1.722323e-03,2.034848e-04,3.478850e-04
1.823956e-02,3.774692e-03,8.752671e-04,2.915910e-03,3.945745e-01,2.720641e-03,2.069777e-03,7.937776e-02,4.681756e-01,9.088814e-04,1.042323e-03,2.351606e-02,1.247275e-03,2.142798e-04,3.474646e-04
3.422157e-02,5.604713e-03,9.049008e-04,3.249665e-03,3.223887e-01,2.747476e-03,1.935605e-03,6.991391e-02,5.374717e-01,8.701538e-04,1.211817e-03,1.694507e-02,1.166279e-03,3.391540e-04,1.029253e-03
5.195095e-02,1.058777e-02,1.260452e-03,3.525620e-03,2.566076e-01,3.218922e-03,1.605375e-03,5.438490e-02,5.989245e-01,9.813419e-04,1.739575e-03,1.240382e-02,9.887924e-04,7.951436e-04,1.025217e-03
6.412687e-02,2.165129e-02,1.687917e-03,3.761592e-03,2.017836e-01,9.918002e-03,1.592078e-03,4.216474e-02,6.362691e-01,1.106557e-03,3.321078e-03,9.326609e-03,1.131486e-03,1.015689e-03,1.143330e-03
9.484340e-02,3.437289e-02,4.142366e-03,1.035150e-02,1.651685e-01,1.721010e-02,2.950486e-03,5.530908e-02,5.935717e-01,1.183885e-03,6.895582e-03,9.061229e-03,1.722337e-03,1.526720e-03,1.690191e-03
1.346006e-01,5.079112e-02,3.724591e-03,1.401126e-02,1.253244e-01,3.702563e-02,2.437904e-03,4.015952e-02,5.501918e-01,1.212195e-03,2.130239e-02,1.133670e-02,2.176583e-03,2.784662e-03,2.920678e-03
1.625049e-01,4.535318e-02,2.866426e-03,1.335222e-02,9.171802e-02,1.193617e-01,2.050487e-03,2.892357e-02,4.896310e-01,1.399199e-03,2.119351e-02,1.177041e-02,3.804922e-03,2.508002e-03,3.562430e-03
2.319131e-01,4.375232e-02,2.514040e-03,1.476305e-02,6.630561e-02,1.653684e-01,2.042478e-03,2.184275e-02,4.026369e-01,1.893102e-03,2.120314e-02,1.238146e-02,6.384213e-03,2.530987e-03,4.468357e-03
2.898840e-01,3.516734e-02,3.048365e-03,9.045781e-02,5.724160e-02,1.197451e-01,2.244448e-03,3.385827e-02,3.056730e-01,1.757637e-03,2.501613e-02,2.238007e-02,5.976273e-03,2.907718e-03,4.642172e-03
4.140259e-01,3.175430e-02,3.132572e-03,8.198702e-02,4.589842e-02,8.699913e-02,2.529847e-03,2.670808e-02,2.380688e-01,1.873121e-03,2.277906e-02,2.657246e-02,7.541816e-03,3.040914e-03,7.088555e-03
1.000000e+00,0.000000e+00,0.000000e+00,0.000000e+00,0.000000e+00,0.000000e+00,0.000000e+00,0.000000e+00,0.000000e+00,0.000000e+00,0.000000e+00,0.000000e+00,0.000000e+00,0.000000e+00,0.000000e+00
1.000000e+00,0.000000e+00,0.000000e+00,0.000000e+00,0.000000e+00,0.000000e+00,0.000000e+00,0.000000e+00,0.000000e+00,0.000000e+00,0.000000e+00,0.000000e+00,0.000000e+00,0.000000e+00,0.000000e+00
1.000000e+00,0.000000e+00,0.000000e+00,0.000000e+00,0.000000e+00,0.000000e+00,0.000000e+00,0.000000e+00,0.000000e+00,0.000000e+00,0.000000e+00,0.000000e+00,0.000000e+00,0.000000e+00,0.000000e+00
1.000000e+00,0.000000e+00,0.000000e+00,0.000000e+00,0.000000e+00,0.000000e+00,0.000000e+00,0.000000e+00,0.000000e+00,0.000000e+00,0.000000e+00,0.000000e+00,0.000000e+00,0.000000e+00,0.000000e+00
1.000000e+00,0.000000e+00,0.000000e+00,0.000000e+00,0.000000e+00,0.000000e+00,0.000000e+00,0.000000e+00,0.000000e+00,0.000000e+00,0.000000e+00,0.000000e+00,0.000000e+00,0.000000e+00,0.000000e+00
1.000000e+00,0.000000e+00,0.000000e+00,0.000000e+00,0.000000e+00,0.000000e+00,0.000000e+00,0.000000e+00,0.000000e+00,0.000000e+00,0.000000e+00,0.000000e+00,0.000000e+00,0.000000e+00,0.000000e+00
1.000000e+00,0.000000e+00,0.000000e+00,0.000000e+00,0.000000e+00,0.000000e+00,0.000000e+00,0.000000e+00,0.000000e+00,0.000000e+00,0.000000e+00,0.000000e+00,0.000000e+00,0.000000e+00,0.000000e+00
1.000000e+00,0.000000e+00,0.000000e+00,0.000000e+00,0.000000e+00,0.000000e+00,0.000000e+00,0.000000e+00,0.000000e+00,0.000000e+00,0.000000e+00,0.000000e+00,0.000000e+00,0.000000e+00,0.000000e+00
1.000000e+00,0.000000e+00,0.000000e+00,0.000000e+00,0.000000e+00,0.000000e+00,0.000000e+00,0.000000e+00,0.000000e+00,0.000000e+00,0.000000e+00,0.000000e+00,0.000000e+00,0.000000e+00,0.000000e+00
1.000000e+00,0.000000e+00,0.000000e+00,0.000000e+00,0.000000e+00,0.000000e+00,0.000000e+00,0.000000e+00,0.000000e+00,0.000000e+00,0.000000e+00,0.000000e+00,0.000000e+00,0.000000e+00,0.000000e+00
1.000000e+00,0.000000e+00,0.000000e+00,0.000000e+00,0.000000e+00,0.000000e+00,0.000000e+00,0.000000e+00,0.000000e+00,0.000000e+00,0.000000e+00,0.000000e+00,0.000000e+00,0.000000e+00,0.000000e+00
1.000000e+00,0.000000e+00,0.000000e+00,0.000000e+00,0.000000e+00,0.000000e+00,0.000000e+00,0.000000e+00,0.000000e+00,0.000000e+00,0.000000e+00,0.000000e+00,0.000000e+00,0.000000e+00,0.000000e+00
1.000000e+00,0.000000e+00,0.000000e+00,0.000000e+00,0.000000e+00,0.000000e+00,0.000000e+00,0.000000e+00,0.000000e+00,0.000000e+00,0.000000e+00,0.000000e+00,0.000000e+00,0.000000e+00,0.000000e+00
1.000000e+00,0.000000e+00,0.000000e+00,0.000000e+00,0.000000e+00,0.000000e+00,0.000000e+00,0.000000e+00,0.000000e+00,0.000000e+00,0.000000e+00,0.000000e+00,0.000000e+00,0.000000e+00,0.000000e+00
1.000000e+00,0.000000e+00,0.000000e+00,0.000000e+00,0.000000e+00,0.000000e+00,0.000000e+00,0.000000e+00,0.000000e+00,0.000000e+00,0.000000e+00,0.000000e+00,0.000000e+00,0.000000e+00,0.000000e+00
1.000000e+00,0.000000e+00,0.000000e+00,0.000000e+00,0.000000e+00,0.000000e+00,0.000000e+00,0.000000e+00,0.000000e+00,0.000000e+00,0.000000e+00,0.000000e+00,0.000000e+00,0.000000e+00,0.000000e+00
1.000000e+00,0.000000e+00,0.000000e+00,0.000000e+00,0.000000e+00,0.000000e+00,0.000000e+00,0.000000e+00,0.000000e+00,0.000000e+00,0.000000e+00,0.000000e+00,0.000000e+00,0.000000e+00,0.000000e+00
1.000000e+00,0.000000e+00,0.000000e+00,0.000000e+00,0.000000e+00,0.000000e+00,0.000000e+00,0.000000e+00,0.000000e+00,0.000000e+00,0.000000e+00,0.000000e+00,0.000000e+00,0.000000e+00,0.000000e+00
1.000000e+00,0.000000e+00,0.000000e+00,0.000000e+00,0.000000e+00,0.000000e+00,0.000000e+00,0.000000e+00,0.000000e+00,0.000000e+00,0.000000e+00,0.000000e+00,0.000000e+00,0.000000e+00,0.000000e+00
1.000000e+00,0.000000e+00,0.000000e+00,0.000000e+00,0.000000e+00,0.000000e+00,0.000000e+00,0.000000e+00,0.000000e+00,0.000000e+00,0.000000e+00,0.000000e+00,0.000000e+00,0.000000e+00,0.000000e+00
1.000000e+00,0.000000e+00,0.000000e+00,0.000000e+00,0.000000e+00,0.000000e+00,0.000000e+00,0.000000e+00,0.000000e+00,0.000000e+00,0.000000e+00,0.000000e+00,0.000000e+00,0.000000e+00,0.000000e+00
1.000000e+00,0.000000e+00,0.000000e+00,0.000000e+00,0.000000e+00,0.000000e+00,0.000000e+00,0.000000e+00,0.000000e+00,0.000000e+00,0.000000e+00,0.000000e+00,0.000000e+00,0.000000e+00,0.000000e+00
1.000000e+00,0.000000e+00,0.000000e+00,0.000000e+00,0.000000e+00,0.000000e+00,0.000000e+00,0.000000e+00,0.000000e+00,0.000000e+00,0.000000e+00,0.000000e+00,0.000000e+00,0.000000e+00,0.000000e+00
3.962129e-01,9.992253e-03,4.129916e-01,3.484514e-02,4.679890e-03,1.931731e-02,7.157549e-03,6.465508e-02,2.641773e-03,4.008965e-03,9.553516e-03,1.487342e-02,8.914695e-03,1.787074e-03,8.368887e-03
3.322854e-01,9.056456e-03,3.408855e-01,2.854825e-02,3.641995e-03,2.922150e-02,5.575974e-03,5.407426e-02,5.793495e-03,1.113868e-01,1.377906e-02,2.195004e-02,1.630403e-02,6.627526e-03,2.086968e-02
2.562964e-01,1.220653e-02,2.832864e-01,3.865650e-02,2.974712e-03,2.367119e-02,4.063057e-03,4.198745e-02,4.046215e-02,1.612381e-01,1.412403e-02,2.106843e-02,1.971377e-02,6.280752e-03,7.397045e-02
2.991153e-01,1.152543e-02,2.116746e-01,2.836249e-02,3.773349e-03,2.094259e-02,3.058424e-03,3.146622e-02,3.820461e-02,1.858155e-01,2.822634e-02,1.613218e-02,2.800533e-02,1.308894e-02,8.060873e-02
3.508644e-01,1.852135e-02,1.580488e-01,3.128286e-02,3.952490e-03,1.818798e-02,2.689627e-03,2.392701e-02,5.077482e-02,1.568275e-01,2.382070e-02,1.385864e-02,2.322121e-02,1.308922e-02,1.109334e-01
3.280717e-01,2.914429e-02,1.168943e-01,3.379611e-02,3.765188e-03,2.317223e-02,2.459754e-03,1.775214e-02,4.782756e-02,1.678442e-01,2.050774e-02,1.551858e-02,2.026618e-02,1.702090e-02,1.559591e-01
3.315228e-01,3.256052e-02,9.334702e-02,6.651741e-02,3.249016e-03,2.412413e-02,2.135447e-03,1.341655e-02,4.844586e-02,1.244182e-01,1.833305e-02,2.097159e-02,1.963900e-02,1.513914e-02,1.861803e-01
3.347092e-01,2.861069e-02,6.963372e-02,5.070271e-02,2.846959e-03,2.337712e-02,2.055472e-03,1.050631e-02,4.009481e-02,8.900488e-02,1.483541e-02,1.731653e-02,1.737040e-02,2.749880e-02,2.714370e-01
3.033263e-01,2.353365e-02,5.239393e-02,4.578795e-02,3.167316e-03,1.979353e-02,2.235107e-03,8.074922e-03,5.624171e-02,6.432717e-02,1.230218e-02,1.477245e-02,1.530766e-02,4.923935e-02,3.294969e-01
3.727684e-01,2.071826e-02,3.989632e-02,3.768253e-02,3.249673e-03,2.038162e-02,2.379936e-03,6.874867e-03,4.387557e-02,4.530428e-02,1.460946e-02,1.437838e-02,1.555223e-02,6.777691e-02,2.945516e-01
3.488328e-01,1.899661e-02,3.232034e-02,3.457081e-02,2.857072e-03,1.753623e-02,2.203709e-03,5.791122e-03,3.927201e-02,3.268401e-02,1.157320e-02,1.236541e-02,1.274593e-02,7.715958e-02,3.510913e-01
2.839973e-01,1.522046e-02,2.354651e-02,2.656263e-02,2.502929e-03,1.412211e-02,1.829913e-03,4.410288e-03,4.944432e-02,2.495576e-02,1.003848e-02,1.019714e-02,1.071770e-02,1.143437e-01,4.081108e-01
2.676055e-01,1.304023e-02,1.710578e-02,2.140325e-02,3.705355e-03,1.255878e-02,1.688896e-03,3.459552e-03,6.086243e-02,1.858271e-02,1.313792e-02,9.004013e-03,1.276378e-02,1.529816e-01,3.921002e-01
3.195454e-01,1.358326e-02,1.283786e-02,2.618483e-02,7.235416e-03,1.387018e-02,2.238213e-03,4.192074e-03,6.578322e-02,1.421494e-02,1.799475e-02,9.693719e-03,1.596061e-02,1.323778e-01,3.442877e-01
3.629543e-01,1.203097e-02,9.530106e-03,2.404597e-02,6.574041e-03,1.419836e-02,2.101397e-03,3.689955e-03,5.862410e-02,1.100411e-02,1.603571e-02,8.937144e-03,1.396978e-02,1.190243e-01,3.372797e-01
3.227534e-01,1.649325e-02,7.759602e-03,4.272284e-02,5.714908e-03,1.237130e-02,2.126309e-03,3.178808e-03,1.313414e-01,1.045296e-02,1.362275e-02,8.242713e-03,1.183371e-02,8.652148e-02,3.248646e-01
2.721024e-01,1.393945e-02,7.565217e-03,3.301416e-02,4.911797e-03,9.472500e-03,1.828574e-03,2.347290e-03,1.124881e-01,1.106583e-02,1.068436e-02,6.880071e-03,8.850505e-03,1.575374e-01,3.473124e-01
2.577128e-01,1.171320e-02,6.834974e-03,2.398465e-02,4.746962e-03,7.560168e-03,1.639716e-03,1.823049e-03,8.723487e-02,1.014278e-02,1.050673e-02,5.600917e-03,7.111848e-03,2.784933e-01,2.848941e-01
2.781450e-01,9.296318e-03,6.499034e-03,1.804240e-02,4.560583e-03,7.178849e-03,1.354796e-03,1.659147e-03,7.289001e-02,5.188174e-02,1.099285e-02,8.140776e-03,1.176085e-02,2.306674e-01,2.869301e-01
2.637150e-01,6.666158e-03,6.333766e-03,1.388951e-02,3.849449e-03,7.854373e-03,1.024897e-03,1.404270e-03,6.101065e-02,9.289988e-02,2.755941e-02,1.074804e-02,2.793632e-02,1.829569e-01,2.921514e-01
2.211995e-01,4.859081e-03,5.641327e-03,1.100198e-02,3.436839e-03,9.026755e-03,7.888338e-04,1.597381e-03,5.532141e-02,8.109412e-02,9.125756e-02,1.508460e-02,1.033648e-01,1.339244e-01,2.624014e-01
1.680657e-01,3.939721e-03,1.278188e-02,1.219284e-02,6.595265e-03,9.496456e-03,6.896356e-04,4.712044e-03,5.062652e-02,1.200443e-01,1.066158e-01,1.370959e-02,1.796667e-01,9.695992e-02,2.139035e-01
1.404789e-01,3.660500e-03,2.039738e-02,2.074764e-02,1.362219e-02,9.960089e-03,8.149130e-04,3.268392e-02,4.226091e-02,1.220881e-01,1.395661e-01,1.302074e-02,1.872168e-01,6.955615e-02,1.839257e-01
1.167525e-01,1.447484e-02,6.652978e-02,3.527128e-02,2.787988e-02,8.831143e-03,2.232971e-03,5.751373e-02,1.016084e-01,9.681076e-02,1.076501e-01,1.118908e-02,1.500446e-01,4.990463e-02,1.533063e-01
1.005598e-01,1.855103e-02,8.727603e-02,3.324519e-02,4.241163e-02,9.267942e-03,3.910444e-03,5.793447e-02,1.884025e-01,8.991450e-02,8.403617e-02,8.289875e-03,1.127993e-01,3.626795e-02,1.271332e-01
8.453808e-02,2.215016e-02,6.851321e-02,2.844894e-02,7.067396e-02,1.065290e-02,7.758436e-03,4.936572e-02,2.917060e-01,8.538540e-02,6.120770e-02,6.035914e-03,8.178569e-02,2.572098e-02,1.060569e-01
7.333849e-02,1.990220e-02,5.531230e-02,8.512398e-02,1.112484e-01,1.237515e-02,1.483722e-02,7.981880e-02,2.679677e-01,6.486674e-02,4.401274e-02,4.843474e-03,6.080439e-02,1.820641e-02,8.734202e-02
7.220873e-02,1.937593e-02,4.863897e-02,9.634180e-02,1.650637e-01,1.469963e-02,2.224892e-02,9.460472e-02,2.391659e-01,5.755113e-02,3.246000e-02,3.980959e-03,4.558275e-02,1.310996e-02,7.496690e-02
9.114203e-02,1.784598e-02,3.694232e-02,8.811927e-02,1.966773e-01,1.607338e-02,1.928674e-02,7.261668e-02,1.984496e-01,8.363178e-02,2.951797e-02,3.531405e-03,4.713869e-02,1.067346e-02,8.835350e-02
7.458202e-02,1.494141e-02,2.620234e-02,6.909604e-02,3.078068e-01,2.707089e-02,8.543049e-02,6.099869e-02,1.400213e-01,6.237582e-02,2.088868e-02,2.588394e-03,3.347461e-02,7.515692e-03,6.700683e-02
5.370932e-02,1.076348e-02,1.864659e-02,4.909261e-02,2.692824e-01,3.262488e-02,2.818767e-01,4.917538e-02,9.825292e-02,4.421144e-02,1.469729e-02,1.845044e-03,2.348983e-02,5.266195e-03,4.706604e-02
4.245160e-02,8.222167e-03,1.581232e-02,3.547209e-02,2.469481e-01,1.314765e-01,2.946966e-01,4.022028e-02,6.929515e-02,3.637370e-02,1.948400e-02,2.332767e-03,1.860247e-02,3.897627e-03,3.471463e-02
3.150964e-02,6.210962e-03,1.238496e-02,2.577719e-02,2.008007e-01,1.071421e-01,3.621983e-01,3.042112e-02,5.057415e-02,8.757889e-02,3.217729e-02,3.647448e-03,1.709569e-02,3.499563e-03,2.898201e-02
2.781256e-02,4.835071e-03,8.889224e-03,2.356735e-02,1.437236e-01,8.580329e-02,3.626587e-01,2.181880e-02,3.781448e-02,1.034971e-01,8.084847e-02,5.623230e-02,1.488713e-02,5.150158e-03,2.246172e-02
2.534788e-02,3.822250e-03,6.517325e-03,1.897752e-02,1.034717e-01,7.510651e-02,3.216481e-01,1.574814e-02,2.740851e-02,1.655105e-01,1.224678e-01,8.073667e-02,1.131854e-02,5.730600e-03,1.618788e-02
1.925454e-02,2.772529e-03,4.617127e-03,1.356775e-02,7.294696e-02,5.339032e-02,2.376056e-01,1.112254e-02,1.955632e-02,1.242180e-01,2.471783e-01,1.677715e-01,8.663557e-03,5.909812e-03,1.142517e-02
1.404831e-02,1.963327e-03,3.295603e-03,9.715629e-03,5.216409e-02,3.801004e-02,1.681983e-01,8.032994e-03,1.496341e-02,8.977436e-02,3.688487e-01,2.075928e-01,7.265200e-03,7.924021e-03,8.203249e-03
1.051890e-02,1.436491e-03,2.491677e-03,6.914449e-03,3.765330e-02,2.724313e-02,1.217202e-01,5.886989e-03,1.286237e-02,6.935115e-02,3.346819e-01,3.469818e-01,6.835455e-03,9.469748e-03,5.952527e-03
1.184054e-02,1.398577e-03,2.452347e-03,4.973707e-03,2.792490e-02,2.201701e-02,8.721817e-02,4.822158e-03,1.270582e-02,5.729420e-02,3.294458e-01,4.156703e-01,6.697481e-03,1.108184e-02,4.457172e-03
1.110863e-02,1.143355e-03,1.941213e-03,3.549347e-03,2.022113e-02,1.721420e-02,6.221713e-02,3.760182e-03,1.020525e-02,4.839386e-02,3.281792e-01,4.718746e-01,5.628780e-03,1.136557e-02,3.197539e-03
9.317174e-03,1.046907e-03,1.568605e-03,2.584753e-03,1.543968e-02,1.356757e-02,4.416793e-02,3.053251e-03,7.640031e-03,4.221150e-02,3.440505e-01,4.946898e-01,4.797674e-03,1.350485e-02,2.359769e-03
9.018390e-03,9.673713e-04,1.261884e-03,1.972653e-03,1.228617e-02,1.038048e-02,3.123365e-02,2.493607e-03,5.807312e-03,3.144992e-02,3.448262e-01,5.285181e-01,3.791159e-03,1.424659e-02,1.746515e-03
1.542858e-02,9.592706e-04,9.975227e-04,1.776226e-03,1.035265e-02,8.552902e-03,2.230893e-02,2.136189e-03,4.968015e-03,2.298476e-02,3.637670e-01,5.288380e-01,3.080523e-03,1.236994e-02,1.479530e-03
4.095239e-02,1.155485e-03,8.763082e-04,1.490963e-03,9.194738e-03,7.383818e-03,1.681753e-02,1.730612e-03,4.192375e-03,1.692488e-02,4.360330e-01,4.479500e-01,2.646320e-03,1.095772e-02,1.693837e-03
3.426316e-02,1.845264e-03,8.047807e-04,1.135917e-03,8.276996e-03,6.027052e-03,1.255153e-02,1.363818e-03,3.869328e-03,1.346517e-02,4.168767e-01,4.859388e-01,2.160956e-03,9.885213e-03,1.535374e-03
