1.000000e+00,0.000000e+00,0.000000e+00,0.000000e+00,0.000000e+00,0.000000e+00,0.000000e+00,0.000000e+00,0.000000e+00,0.000000e+00,0.000000e+00,0.000000e+00,0.000000e+00,0.000000e+00,0.000000e+00
1.000000e+00,0.000000e+00,0.000000e+00,0.000000e+00,0.000000e+00,0.000000e+00,0.000000e+00,0.000000e+00,0.000000e+00,0.000000e+00,0.000000e+00,0.000000e+00,0.000000e+00,0.000000e+00,0.000000e+00
1.000000e+00,0.000000e+00,0.000000e+00,0.000000e+00,0.000000e+00,0.000000e+00,0.000000e+00,0.000000e+00,0.000000e+00,0.000000e+00,0.000000e+00,0.000000e+00,0.000000e+00,0.000000e+00,0.000000e+00
1.000000e+00,0.000000e+00,0.000000e+00,0.000000e+00,0.000000e+00,0.000000e+00,0.000000e+00,0.000000e+00,0.000000e+00,0.000000e+00,0.000000e+00,0.000000e+00,0.000000e+00,0.000000e+00,0.000000e+00
1.000000e+00,0.000000e+00,0.000000e+00,0.000000e+00,0.000000e+00,0.000000e+00,0.000000e+00,0.000000e+00,0.000000e+00,0.000000e+00,0.000000e+00,0.000000e+00,0.000000e+00,0.000000e+00,0.000000e+00
1.000000e+00,0.000000e+00,0.000000e+00,0.000000e+00,0.000000e+00,0.000000e+00,0.000000e+00,0.000000e+00,0.000000e+00,0.000000e+00,0.000000e+00,0.000000e+00,0.000000e+00,0.000000e+00,0.000000e+00
1.000000e+00,0.000000e+00,0.000000e+00,0.000000e+00,0.000000e+00,0.000000e+00,0.000000e+00,0.000000e+00,0.000000e+00,0.000000e+00,0.000000e+00,0.000000e+00,0.000000e+00,0.000000e+00,0.000000e+00
1.000000e+00,0.000000e+00,0.000000e+00,0.000000e+00,0.000000e+00,0.000000e+00,0.000000e+00,0.000000e+00,0.000000e+00,0.000000e+00,0.000000e+00,0.000000e+00,0.000000e+00,0.000000e+00,0.000000e+00
1.000000e+00,0.000000e+00,0.000000e+00,0.000000e+00,0.000000e+00,0.000000e+00,0.000000e+00,0.000000e+00,0.000000e+00,0.000000e+00,0.000000e+00,0.000000e+00,0.000000e+00,0.000000e+00,0.000000e+00
1.000000e+00,0.000000e+00,0.000000e+00,0.000000e+00,0.000000e+00,0.000000e+00,0.000000e+00,0.000000e+00,0.000000e+00,0.000000e+00,0.000000e+00,0.000000e+00,0.000000e+00,0.000000e+00,0.000000e+00
1.000000e+00,0.000000e+00,0.000000e+00,0.000000e+00,0.000000e+00,0.000000e+00,0.000000e+00,0.000000e+00,0.000000e+00,0.000000e+00,0.000000e+00,0.000000e+00,0.000000e+00,0.000000e+00,0.000000e+00
1.000000e+00,0.000000e+00,0.000000e+00,0.000000e+00,0.000000e+00,0.000000e+00,0.000000e+00,0.000000e+00,0.000000e+00,0.000000e+00,0.000000e+00,0.000000e+00,0.000000e+00,0.000000e+00,0.000000e+00
1.000000e+00,0.000000e+00,0.000000e+00,0.000000e+00,0.000000e+00,0.000000e+00,0.000000e+00,0.000000e+00,0.000000e+00,0.000000e+00,0.000000e+00,0.000000e+00,0.000000e+00,0.000000e+00,0.000000e+00
1.000000e+00,0.000000e+00,0.000000e+00,0.000000e+00,0.000000e+00,0.000000e+00,0.000000e+00,0.000000e+00,0.000000e+00,0.000000e+00,0.000000e+00,0.000000e+00,0.000000e+00,0.000000e+00,0.000000e+00
1.000000e+00,0.000000e+00,0.000000e+00,0.000000e+00,0.000000e+00,0.000000e+00,0.000000e+00,0.000000e+00,0.000000e+00,0.000000e+00,0.000000e+00,0.000000e+00,0.000000e+00,0.000000e+00,0.000000e+00
1.000000e+00,0.000000e+00,0.000000e+00,0.000000e+00,0.000000e+00,0.000000e+00,0.000000e+00,0.000000e+00,0.000000e+00,0.000000e+00,0.000000e+00,0.000000e+00,0.000000e+00,0.000000e+00,0.000000e+00
1.000000e+00,0.000000e+00,0.000000e+00,0.000000e+00,0.000000e+00,0.000000e+00,0.000000e+00,0.000000e+00,0.000000e+00,0.000000e+00,0.000000e+00,0.000000e+00,0.000000e+00,0.000000e+00,0.000000e+00
1.000000e+00,0.000000e+00,0.000000e+00,0.000000e+00,0.000000e+00,0.000000e+00,0.000000e+00,0.000000e+00,0.000000e+00,0.000000e+00,0.000000e+00,0.000000e+00,0.000000e+00,0.000000e+00,0.000000e+00
1.000000e+00,0.000000e+00,0.000000e+00,0.000000e+00,0.000000e+00,0.000000e+00,0.000000e+00,0.000000e+00,0.000000e+00,0.000000e+00,0.000000e+00,0.000000e+00,0.000000e+00,0.000000e+00,0.000000e+00
1.000000e+00,0.000000e+00,0.000000e+00,0.000000e+00,0.000000e+00,0.000000e+00,0.000000e+00,0.000000e+00,0.000000e+00,0.000000e+00,0.000000e+00,0.000000e+00,0.000000e+00,0.000000e+00,0.000000e+00
4.329597e-01,3.017528e-02,5.715197e-02,5.807851e-02,2.856580e-02,2.252642e-02,6.236722e-02,2.006832e-01,9.303637e-03,2.253833e-03,1.566011e-02,2.703893e-02,1.631889e-02,7.871415e-03,2.904513e-02
3.407876e-01,2.349432e-02,5.262695e-02,4.256305e-02,3.371193e-02,1.978146e-02,1.438635e-01,2.634432e-01,6.789202e-03,1.794648e-03,1.185803e-02,1.973325e-02,1.254675e-02,5.826053e-03,2.118012e-02
2.450574e-01,2.048093e-02,5.223741e-02,3.517308e-02,2.929071e-02,1.510115e-02,1.372651e-01,3.114658e-01,8.626929e-03,6.953279e-02,1.750157e-02,1.589917e-02,1.357767e-02,6.713132e-03,2.207714e-02
1.739904e-01,1.482815e-02,3.749016e-02,4.982954e-02,2.185684e-02,1.191621e-02,1.313609e-01,2.436362e-01,7.274763e-03,5.461280e-02,6.774694e-02,9.988799e-02,4.147844e-02,2.697443e-02,1.711630e-02
1.226599e-01,1.055184e-02,2.645366e-02,3.899440e-02,1.634033e-02,9.055620e-03,1.110748e-01,1.766327e-01,5.671429e-03,3.953623e-02,1.313822e-01,1.990762e-01,5.042604e-02,4.885691e-02,1.328772e-02
9.068377e-02,1.029289e-02,1.895959e-02,5.432407e-02,1.750170e-02,7.714995e-03,8.202914e-02,1.262321e-01,8.706613e-03,2.937647e-02,2.309866e-01,1.873046e-01,6.964408e-02,5.256325e-02,1.368015e-02
7.050842e-02,1.191515e-02,1.368475e-02,6.335296e-02,1.805882e-02,8.240793e-03,6.596482e-02,9.481186e-02,3.112322e-02,2.323970e-02,2.022315e-01,1.690065e-01,1.468814e-01,6.762826e-02,1.335183e-02
5.549022e-02,1.240258e-02,9.951766e-03,1.264262e-01,1.600349e-02,9.725095e-03,4.651557e-02,6.783953e-02,8.744437e-02,2.072240e-02,2.012861e-01,1.289818e-01,1.177223e-01,8.613024e-02,1.335840e-02
3.905335e-02,8.958011e-03,7.350046e-03,1.117039e-01,1.208937e-02,7.000690e-03,3.271851e-02,4.787592e-02,7.226543e-02,1.525307e-02,3.404916e-01,1.059756e-01,8.969656e-02,9.889171e-02,1.067620e-02
2.806421e-02,6.727732e-03,5.882682e-03,9.899211e-02,8.938459e-03,5.509631e-03,2.293086e-02,3.388292e-02,5.316616e-02,1.791776e-02,3.711118e-01,8.176277e-02,6.924224e-02,1.873588e-01,8.511971e-03
2.005174e-02,5.223518e-03,7.396528e-03,2.118612e-01,6.600746e-03,4.880738e-03,1.608051e-02,2.415560e-02,1.009685e-01,1.762249e-02,3.036930e-01,5.900526e-02,6.003149e-02,1.552905e-01,7.138239e-03
1.499954e-02,4.020554e-03,2.341239e-02,2.929618e-01,5.383825e-03,5.057660e-03,1.132058e-02,1.831485e-02,8.991924e-02,3.180523e-02,2.670816e-01,4.326572e-02,5.350807e-02,1.322679e-01,6.681052e-03
1.414724e-02,4.050583e-03,2.518263e-02,2.280431e-01,5.070177e-03,5.453131e-03,8.011945e-03,1.581143e-02,7.052802e-02,4.979935e-02,2.819440e-01,3.346793e-02,4.680982e-02,2.056659e-01,6.014796e-03
2.135001e-02,3.509281e-03,4.482593e-02,3.025160e-01,6.231122e-03,6.506355e-03,5.839642e-03,1.482156e-02,5.433621e-02,5.842441e-02,2.133174e-01,2.473393e-02,3.993040e-02,1.982776e-01,5.380170e-03
4.896704e-02,4.325575e-03,5.502766e-02,2.502606e-01,9.223247e-03,7.464035e-03,4.642295e-03,2.449230e-02,4.492427e-02,5.793066e-02,1.902614e-01,2.248580e-02,4.099308e-02,2.313555e-01,7.646591e-03
9.770987e-02,5.848020e-03,6.761482e-02,1.945465e-01,7.684298e-03,7.731720e-03,3.621656e-03,2.110517e-02,3.798229e-02,4.811363e-02,2.217673e-01,2.141377e-02,4.326416e-02,2.144150e-01,7.181799e-03
1.462757e-01,7.081671e-03,5.408209e-02,1.440238e-01,6.647522e-03,7.995742e-03,2.780303e-03,1.731358e-02,4.050747e-02,4.029238e-02,2.457929e-01,2.513502e-02,5.645107e-02,1.915449e-01,1.407595e-02
1.217726e-01,8.491174e-03,5.296721e-02,1.252553e-01,6.659292e-03,7.760531e-03,2.542670e-03,1.561319e-02,1.089145e-01,3.700768e-02,2.284145e-01,2.086799e-02,4.763361e-02,2.014776e-01,1.462217e-02
9.584646e-02,8.722282e-03,4.863867e-02,9.833991e-02,6.090959e-03,1.026419e-02,2.368284e-03,2.510503e-02,1.098503e-01,3.341887e-02,2.258376e-01,1.845190e-02,4.065635e-02,2.620769e-01,1.433229e-02
1.022196e-01,1.227430e-02,5.231754e-02,8.581867e-02,7.106191e-03,1.438552e-02,3.216852e-03,7.247134e-02,1.062698e-01,3.315138e-02,1.976306e-01,1.653445e-02,3.820171e-02,2.460639e-01,1.233814e-02
9.162337e-02,9.440937e-03,8.160320e-02,1.727504e-01,6.210048e-03,1.173685e-02,3.437106e-03,1.084261e-01,1.078347e-01,2.731844e-02,1.554403e-01,1.268716e-02,2.782513e-02,1.741140e-01,9.552229e-03
7.579694e-02,7.157443e-03,9.825866e-02,1.449867e-01,5.319147e-03,8.934412e-03,3.160207e-03,2.709599e-01,8.547586e-02,2.104007e-02,1.200801e-01,9.155465e-03,1.980343e-02,1.228021e-01,7.069456e-03
5.975655e-02,5.458870e-03,7.530086e-02,1.090016e-01,5.460448e-03,7.698814e-03,2.905368e-03,4.584985e-01,6.234820e-02,1.563087e-02,8.558973e-02,6.552696e-03,1.395714e-02,8.674023e-02,5.100131e-03
4.834595e-02,4.093688e-03,5.434573e-02,7.844760e-02,5.461693e-03,6.160666e-03,2.386432e-03,6.048306e-01,4.456719e-02,1.116057e-02,6.082352e-02,4.713779e-03,9.885862e-03,6.109216e-02,3.684564e-03
4.507623e-02,3.086292e-03,4.051835e-02,5.580995e-02,5.057551e-03,7.306216e-03,1.848066e-03,7.005473e-01,3.318020e-02,7.898443e-03,4.316973e-02,3.571562e-03,7.179699e-03,4.306443e-02,2.686047e-03
3.777642e-02,2.257562e-03,2.869204e-02,3.948095e-02,6.245974e-03,5.520730e-03,1.379064e-03,7.785316e-01,2.365411e-02,5.602913e-03,3.080954e-02,2.564444e-03,5.165430e-03,3.041923e-02,1.900065e-03
3.215937e-02,1.651356e-03,2.031295e-02,2.798910e-02,6.093679e-03,4.094324e-03,1.013204e-03,8.354853e-01,1.680155e-02,3.944445e-03,2.194455e-02,1.848956e-03,3.723276e-03,2.158889e-02,1.349068e-03
3.195958e-02,1.216534e-03,1.457343e-02,2.048615e-02,5.738170e-03,3.221587e-03,8.279113e-04,8.709254e-01,1.210436e-02,2.777790e-03,1.569898e-02,1.365480e-03,2.707161e-03,1.543172e-02,9.657593e-04
3.341936e-02,9.132469e-04,1.047498e-02,1.546275e-02,6.078756e-03,2.587351e-03,6.842233e-04,8.932242e-01,8.889275e-03,1.961886e-03,1.130882e-02,1.059813e-03,2.019212e-03,1.122024e-02,6.959703e-04
3.372331e-02,7.118847e-04,8.076277e-03,1.204560e-02,5.602988e-03,2.053573e-03,6.089294e-04,9.100386e-01,6.568923e-03,1.387986e-03,8.196476e-03,9.539287e-04,1.530792e-03,7.989253e-03,5.114696e-04
3.316153e-02,5.820806e-04,6.094161e-03,9.865242e-03,4.611174e-03,1.678084e-03,5.570443e-04,9.233369e-01,4.923490e-03,9.814624e-04,5.967181e-03,9.541803e-04,1.212641e-03,5.673105e-03,4.017503e-04
3.189658e-02,4.590956e-04,4.695871e-03,8.120782e-03,3.600667e-03,1.417367e-03,4.618717e-04,9.342234e-01,3.735384e-03,6.985796e-04,4.337254e-03,1.002855e-03,1.007726e-03,4.009966e-03,3.325908e-04
3.838665e-02,3.666356e-04,4.095302e-03,8.183062e-03,2.948173e-03,1.321275e-03,6.644261e-04,9.321265e-01,2.897721e-03,5.119814e-04,3.243204e-03,1.196089e-03,9.144399e-04,2.852378e-03,2.921729e-04
4.374617e-02,3.275884e-04,3.411744e-03,7.887319e-03,2.876473e-03,1.156950e-03,6.743078e-04,9.304890e-01,2.244001e-03,3.911478e-04,2.493539e-03,1.184973e-03,8.151010e-04,2.033084e-03,2.685516e-04
4.568039e-02,3.406264e-04,2.681437e-03,6.847111e-03,3.734530e-03,1.055122e-03,6.380967e-04,9.313765e-01,1.759858e-03,3.003415e-04,1.949506e-03,1.121020e-03,7.514540e-04,1.465158e-03,2.988532e-04
4.266247e-02,3.342957e-04,2.066765e-03,5.317415e-03,3.719676e-03,1.075813e-03,5.493559e-04,9.378734e-01,1.330294e-03,2.384415e-04,1.585643e-03,9.385664e-04,7.183668e-04,1.068333e-03,5.211368e-04
4.602025e-02,3.295069e-04,1.784905e-03,4.363512e-03,4.001493e-03,1.165103e-03,5.281648e-04,9.354656e-01,1.086195e-03,2.333777e-04,1.413116e-03,7.839696e-04,6.750566e-04,8.146038e-04,1.335151e-03
7.009241e-02,4.352850e-04,1.574154e-03,3.622767e-03,4.413379e-03,1.430059e-03,4.960658e-04,9.101739e-01,1.216819e-03,2.789144e-04,1.695440e-03,9.425165e-04,9.856493e-04,7.201291e-04,1.922510e-03
8.364227e-02,4.950206e-04,1.388120e-03,3.143401e-03,4.338741e-03,1.626695e-03,4.402784e-04,8.958362e-01,1.322913e-03,3.232676e-04,2.046789e-03,1.187867e-03,1.335288e-03,6.866519e-04,2.186466e-03
1.142384e-01,7.175348e-04,1.469638e-03,3.230244e-03,5.146501e-03,2.185515e-03,4.847750e-04,8.613634e-01,1.219771e-03,3.512640e-04,2.355940e-03,1.862685e-03,2.215836e-03,7.724944e-04,2.385985e-03
1.702145e-01,1.262339e-03,1.932689e-03,3.965531e-03,6.466847e-03,3.165513e-03,6.989287e-04,7.956945e-01,1.302218e-03,4.920951e-04,3.065805e-03,3.626814e-03,3.484864e-03,1.072356e-03,3.555052e-03
2.391756e-01,2.834430e-03,2.975523e-03,1.108072e-02,7.647974e-03,6.930050e-03,1.037005e-03,6.645308e-01,5.205420e-03,2.440977e-03,6.962504e-03,1.806916e-02,1.017649e-02,3.232058e-03,1.770131e-02
3.259216e-01,5.546434e-03,4.179675e-03,2.745584e-02,7.192965e-03,1.213292e-02,1.205124e-03,4.990077e-01,7.113817e-03,4.128613e-03,1.306579e-02,3.480336e-02,1.769972e-02,4.067507e-03,3.647894e-02
3.218939e-01,6.524651e-03,4.687464e-03,7.172721e-02,6.016352e-03,1.503159e-02,1.122841e-03,3.732467e-01,1.820874e-02,8.021284e-03,2.739204e-02,6.359844e-02,2.598982e-02,5.043657e-03,5.149522e-02
2.534323e-01,7.978392e-03,6.966884e-03,1.766762e-01,5.366088e-03,1.458516e-02,1.044102e-03,2.639923e-01,4.141566e-02,7.082416e-03,3.054982e-02,1.012737e-01,2.807923e-02,6.430198e-03,5.512756e-02
1.964010e-01,6.127109e-03,5.076691e-03,1.419908e-01,4.190101e-03,1.147418e-02,8.674741e-04,1.851121e-01,4.221173e-02,5.296538e-03,4.600224e-02,2.538023e-01,5.287831e-02,6.507424e-03,4.206209e-02
1.457478e-01,7.112070e-03,6.554470e-03,1.120150e-01,9.738439e-03,8.834890e-03,1.434770e-03,1.303855e-01,1.531135e-01,4.017274e-03,9.729884e-02,2.353844e-01,4.806882e-02,8.020801e-03,3.227345e-02
1.162612e-01,8.453229e-03,1.173266e-02,1.030410e-01,9.064253e-03,7.113734e-03,1.790681e-03,1.081053e-01,1.968647e-01,3.712931e-03,1.029140e-01,2.057655e-01,4.463505e-02,4.174476e-02,3.880095e-02
8.192952e-02,6.902562e-03,9.203021e-03,7.650678e-02,9.561917e-03,5.409101e-03,1.353811e-03,7.949870e-02,2.133125e-01,2.896674e-03,8.528721e-02,1.483940e-01,3.746120e-02,9.910615e-02,1.431769e-01
5.904502e-02,6.489303e-03,9.654261e-03,5.779105e-02,4.197596e-02,4.090775e-03,1.074895e-03,6.318507e-02,3.036538e-01,2.114668e-03,6.638121e-02,1.041050e-01,2.733389e-02,9.589188e-02,1.572132e-01
4.399763e-02,9.294739e-03,1.582813e-02,4.430690e-02,4.295670e-02,3.940280e-03,1.044516e-03,5.593054e-02,4.115650e-01,1.618881e-03,4.786820e-02,7.299671e-02,1.994195e-02,8.487969e-02,1.438301e-01
3.125046e-02,7.533280e-03,1.690370e-02,3.649566e-02,3.358046e-02,2.998039e-03,8.038178e-04,4.010870e-02,5.659244e-01,1.229803e-03,3.401186e-02,5.113944e-02,1.441101e-02,5.995117e-02,1.036582e-01
3.123873e-02,1.251399e-02,2.487311e-02,2.878117e-02,4.687600e-02,4.515780e-03,7.219149e-04,3.262906e-02,5.711086e-01,1.191879e-03,2.587525e-02,3.610330e-02,1.170446e-02,4.392444e-02,1.279423e-01
3.619930e-02,2.125814e-02,3.175297e-02,2.512725e-02,6.429654e-02,1.584039e-02,7.025229e-04,2.733383e-02,4.742016e-01,1.055790e-03,1.940516e-02,2.545033e-02,9.771390e-03,3.865046e-02,2.089543e-01
8.371779e-02,2.099903e-02,3.307541e-02,2.498964e-02,5.283435e-02,2.008413e-02,1.027112e-03,2.189407e-02,4.686078e-01,2.517471e-03,1.932674e-02,1.985621e-02,1.565550e-02,3.404349e-02,1.813712e-01
6.226281e-02,1.558754e-02,5.665676e-02,2.717386e-02,3.729962e-02,1.454876e-02,7.661435e-04,1.564282e-02,5.303782e-01,5.541435e-03,1.990071e-02,1.512535e-02,2.895383e-02,2.426102e-02,1.459012e-01
5.525942e-02,1.316381e-02,1.092630e-01,3.414955e-02,2.724533e-02,1.214632e-02,7.359706e-04,1.167789e-02,4.588183e-01,2.125495e-02,3.969337e-02,1.268548e-02,4.615426e-02,2.694968e-02,1.308026e-01
4.302581e-02,1.394579e-02,1.302165e-01,4.771222e-02,2.195702e-02,1.056684e-02,6.041527e-04,8.864370e-03,3.408974e-01,2.230889e-02,1.165621e-01,1.328444e-02,8.126660e-02,2.901636e-02,1.197715e-01
3.380158e-02,1.193519e-02,1.057129e-01,4.244348e-02,1.961379e-02,9.212403e-03,4.928490e-04,7.130990e-03,2.510444e-01,1.828042e-02,2.171268e-01,1.104960e-02,1.146060e-01,4.544235e-02,1.121072e-01
2.395333e-02,9.746822e-03,7.855583e-02,3.056540e-02,1.589846e-02,7.422722e-03,3.846725e-04,5.205268e-03,1.977042e-01,1.536353e-02,2.098161e-01,8.853099e-03,9.667580e-02,1.159041e-01,1.839506e-01
1.739778e-02,8.397359e-03,6.251794e-02,2.844924e-02,1.243550e-02,5.960979e-03,3.591354e-04,4.090290e-03,3.034191e-01,1.557089e-02,1.940353e-01,7.637713e-03,7.575811e-02,1.048421e-01,1.591285e-01
2.965846e-02,7.322525e-03,4.611473e-02,2.659492e-02,9.289118e-03,1.664686e-02,9.357902e-04,3.803696e-03,2.871374e-01,9.826220e-02,1.597086e-01,8.973176e-03,6.123395e-02,8.998926e-02,1.543294e-01
3.000674e-02,6.830164e-03,3.435441e-02,2.033802e-02,7.693252e-03,1.357701e-02,8.540303e-04,3.153074e-03,2.398348e-01,1.894015e-01,1.366820e-01,9.666420e-03,5.161749e-02,9.361660e-02,1.623746e-01
4.102032e-02,6.848566e-03,2.555833e-02,1.764696e-02,8.656968e-03,1.139709e-02,1.078654e-03,3.196250e-03,1.913143e-01,1.684372e-01,1.442954e-01,9.675788e-03,5.696612e-02,1.149937e-01,1.989144e-01
3.177188e-02,6.277031e-03,1.918358e-02,1.339488e-02,6.811884e-03,8.343673e-03,8.008138e-04,2.387239e-03,1.495007e-01,1.346649e-01,1.612272e-01,1.052657e-02,5.518714e-02,1.897205e-01,2.102020e-01
2.710399e-02,6.335420e-03,1.454151e-02,1.116232e-02,5.322502e-03,6.881181e-03,7.031554e-04,2.073240e-03,1.147497e-01,1.083544e-01,2.482269e-01,1.076496e-02,4.597443e-02,1.695023e-01,2.283041e-01
2.128308e-02,6.109418e-03,1.215709e-02,8.895451e-03,4.297788e-03,6.034803e-03,5.368955e-04,1.651427e-03,8.757651e-02,9.062887e-02,3.237948e-01,1.059914e-02,3.912257e-02,1.907103e-01,1.966019e-01
1.768363e-02,5.626532e-03,1.079088e-02,7.182113e-03,4.259313e-03,5.336378e-03,4.976150e-04,1.516289e-03,6.688923e-02,9.436361e-02,3.226185e-01,1.230145e-02,3.408540e-02,2.121065e-01,2.047427e-01
1.504731e-02,4.650059e-03,9.630148e-03,8.041204e-03,8.723035e-03,7.955384e-03,8.647538e-04,1.589427e-03,5.705383e-02,9.382235e-02,2.800754e-01,1.332076e-02,3.586280e-02,1.820852e-01,2.812784e-01
1.857097e-02,3.477675e-03,7.726324e-03,7.467344e-03,1.036633e-02,1.590665e-02,1.374821e-03,1.421196e-03,4.907748e-02,7.834549e-02,3.354347e-01,1.972114e-02,4.018033e-02,1.468025e-01,2.641271e-01
4.103683e-02,3.519604e-03,8.045890e-03,7.200324e-03,9.592321e-03,1.400706e-02,1.325016e-03,1.285301e-03,5.054653e-02,8.636287e-02,2.885026e-01,5.068586e-02,4.634035e-02,1.806657e-01,2.108838e-01
3.421691e-02,2.822965e-03,7.216557e-03,7.529878e-03,3.160927e-02,1.087789e-02,1.338637e-03,1.330147e-03,4.662638e-02,7.881738e-02,3.258792e-01,8.381274e-02,4.006132e-02,1.429017e-01,1.849591e-01
2.684940e-02,7.033234e-03,9.235129e-03,5.720973e-03,1.334487e-01,9.453076e-03,1.669593e-03,3.309277e-03,6.407440e-02,6.667309e-02,3.153062e-01,7.483626e-02,2.947247e-02,1.166613e-01,1.362569e-01
2.092944e-02,8.498784e-03,9.908133e-03,4.261204e-03,2.827764e-01,8.556594e-03,2.677200e-03,1.500190e-02,9.909044e-02,4.892653e-02,2.396277e-01,5.701304e-02,2.110455e-02,8.394355e-02,9.768452e-02
1.729950e-02,1.574933e-02,1.120040e-02,4.061483e-03,2.293232e-01,6.772765e-03,2.144908e-03,1.044140e-01,2.122758e-01,3.470260e-02,1.750343e-01,4.196478e-02,1.538550e-02,6.007366e-02,6.959784e-02
2.068551e-02,1.333500e-02,1.167194e-02,3.928786e-03,2.648793e-01,1.858745e-02,3.988184e-03,7.803486e-02,3.033485e-01,2.456369e-02,1.249125e-01,2.968484e-02,1.113833e-02,4.223146e-02,4.900966e-02
3.000944e-02,1.265902e-02,1.157357e-02,4.277932e-03,3.143338e-01,1.902100e-02,4.417154e-03,6.246292e-02,3.380724e-01,1.749941e-02,9.208623e-02,2.109744e-02,8.040902e-03,2.996352e-02,3.448527e-02
4.821113e-02,1.884511e-02,1.208869e-02,1.436862e-02,3.420767e-01,3.129315e-02,5.314571e-03,5.289668e-02,3.142979e-01,1.324104e-02,7.846041e-02,1.560518e-02,6.251695e-03,2.238106e-02,2.466804e-02
4.744739e-02,1.593740e-02,9.917665e-03,1.348812e-02,4.270612e-01,3.785200e-02,1.634382e-02,5.488079e-02,2.586190e-01,9.825192e-03,5.935868e-02,1.127107e-02,4.617262e-03,1.603334e-02,1.734710e-02
4.027188e-02,1.209928e-02,8.552745e-03,9.894959e-03,4.776228e-01,3.121906e-02,8.016294e-02,6.954823e-02,1.856658e-01,7.414662e-03,4.246693e-02,7.978084e-03,3.444594e-03,1.143875e-02,1.221933e-02
3.388409e-02,8.720333e-03,7.034592e-03,7.192103e-03,3.969812e-01,2.401135e-02,1.338076e-01,1.926683e-01,1.329724e-01,7.109987e-03,3.025665e-02,5.705721e-03,2.677692e-03,8.357700e-03,8.620192e-03
3.130959e-02,6.320130e-03,5.539416e-03,5.267272e-03,3.014462e-01,1.769925e-02,2.419750e-01,2.462524e-01,9.678125e-02,7.097132e-03,2.140999e-02,4.129888e-03,2.477963e-03,6.150882e-03,6.143631e-03
3.096655e-02,4.895185e-03,4.556799e-03,4.627303e-03,2.353468e-01,1.465389e-02,3.687749e-01,2.234854e-01,6.925160e-02,6.537776e-03,1.835667e-02,3.484234e-03,2.883276e-03,4.542552e-03,7.637123e-03
5.373652e-02,4.521181e-03,4.585052e-03,5.415370e-03,1.873763e-01,1.588713e-02,4.421866e-01,1.813420e-01,4.996928e-02,6.147460e-03,1.910271e-02,4.972868e-03,6.996969e-03,4.540227e-03,1.322038e-02
6.176444e-02,3.987981e-03,4.424760e-03,6.619189e-03,1.523385e-01,1.876795e-02,5.351658e-01,1.344557e-01,3.590376e-02,5.209043e-03,1.426629e-02,4.250803e-03,5.832864e-03,3.749325e-03,1.326368e-02
6.828465e-02,3.261122e-03,4.273600e-03,6.686068e-03,1.300703e-01,2.450429e-02,5.925350e-01,1.016676e-01,2.653460e-02,4.637644e-03,1.151575e-02,4.085539e-03,5.523846e-03,2.954488e-03,1.346567e-02
8.410898e-02,3.036767e-03,4.176321e-03,8.530625e-03,1.158772e-01,4.610910e-02,5.931467e-01,7.720496e-02,2.111111e-02,5.305359e-03,1.204364e-02,5.334757e-03,6.200295e-03,2.621955e-03,1.519237e-02
8.791033e-02,6.078162e-03,8.585535e-03,2.158783e-02,1.203578e-01,1.487562e-01,4.725410e-01,6.663971e-02,1.571941e-02,7.347607e-03,1.049902e-02,4.939407e-03,5.390537e-03,3.480664e-03,2.016683e-02
7.333913e-02,5.706543e-03,9.794164e-03,2.392402e-02,1.003319e-01,3.041446e-01,3.628517e-01,5.074541e-02,1.212411e-02,7.583321e-03,1.785257e-02,5.340050e-03,5.326397e-03,4.385280e-03,1.655084e-02
5.889326e-02,4.424765e-03,7.816890e-03,1.751692e-02,7.561854e-02,4.748652e-01,2.593941e-01,3.749711e-02,8.668457e-03,5.885834e-03,2.325450e-02,4.200900e-03,4.556686e-03,4.667982e-03,1.273886e-02
4.190365e-02,3.150759e-03,5.592343e-03,1.229646e-02,5.350463e-02,5.663227e-01,1.816523e-01,2.671525e-02,6.098475e-03,7.010463e-03,5.152969e-02,4.131658e-03,4.022339e-03,2.476740e-02,1.130194e-02
3.069411e-02,2.261600e-03,3.957863e-03,8.680367e-03,3.812089e-02,4.915650e-01,1.274058e-01,1.933282e-02,4.489248e-03,7.379170e-03,5.447224e-02,1.037031e-02,5.538519e-03,1.762427e-01,1.948937e-02
2.179563e-02,1.633622e-03,2.790624e-03,6.145503e-03,2.671918e-02,3.511291e-01,8.923402e-02,1.377767e-02,5.433984e-03,1.060381e-02,9.536277e-02,1.008099e-02,5.187390e-03,3.311945e-01,2.891128e-02
1.585138e-02,1.209020e-03,1.972051e-03,4.346072e-03,1.875941e-02,2.517645e-01,6.251641e-02,9.854182e-03,1.043621e-02,1.000418e-02,9.470966e-02,1.715272e-02,5.021113e-03,4.737190e-01,2.268414e-02
1.237012e-02,1.154277e-03,1.442964e-03,3.193144e-03,1.323888e-02,1.850561e-01,4.384300e-02,7.035831e-03,9.070133e-03,1.506131e-02,1.991201e-01,1.680915e-02,6.132889e-03,4.533663e-01,3.310570e-02
9.005569e-03,9.989764e-04,1.020932e-03,2.246689e-03,9.276703e-03,1.299656e-01,3.069778e-02,4.956534e-03,7.270665e-03,1.681025e-02,3.375540e-01,1.335177e-02,5.005021e-03,4.030065e-01,2.883301e-02
6.928851e-03,3.945334e-03,1.215103e-03,1.589469e-03,6.518356e-03,9.476043e-02,2.157902e-02,3.935355e-03,1.036723e-02,2.336323e-02,4.365162e-01,1.123062e-02,3.855220e-03,3.460961e-01,2.809945e-02
6.079750e-03,2.258677e-02,5.609301e-03,1.264572e-03,4.917066e-03,7.967936e-02,1.764987e-02,6.427947e-03,3.814565e-02,2.016736e-02,4.287418e-01,1.161459e-02,3.074586e-03,3.329980e-01,2.104334e-02
4.903001e-03,3.489946e-02,4.759691e-03,1.123787e-03,3.982249e-03,8.016274e-02,1.284809e-02,5.574367e-03,8.071606e-02,1.824108e-02,4.082713e-01,1.100307e-02,2.381488e-03,3.139118e-01,1.722183e-02
3.634792e-03,6.981732e-02,4.146890e-03,8.919757e-04,3.337033e-03,6.512278e-02,9.281577e-03,4.870366e-03,9.557927e-02,1.472199e-02,3.701843e-01,9.821970e-03,1.932078e-03,3.343203e-01,1.233736e-02
2.637581e-03,6.873678e-02,3.180499e-03,6.437197e-04,2.503627e-03,5.037736e-02,6.537290e-03,3.561532e-03,9.814036e-02,1.271706e-02,4.102566e-01,1.052210e-02,1.561168e-03,3.192259e-01,9.398390e-03
1.952366e-03,1.006988e-01,2.524583e-03,4.715857e-04,1.901979e-03,4.306632e-02,4.622094e-03,2.629515e-03,1.001026e-01,1.169919e-02,4.362066e-01,1.039475e-02,1.271845e-03,2.754648e-01,6.992847e-03
1.596521e-03,8.022426e-02,1.946009e-03,6.689238e-04,2.663313e-03,3.777859e-02,3.312195e-03,2.489011e-03,1.296008e-01,1.433788e-02,4.402691e-01,9.367170e-03,1.917794e-03,2.687348e-01,5.093623e-03
1.480321e-03,7.430302e-02,1.788750e-03,6.367121e-04,2.383816e-03,3.224105e-02,2.369737e-03,1.956039e-03,1.268952e-01,1.290802e-02,4.186899e-01,8.593735e-03,1.579981e-03,3.101001e-01,4.073588e-03
2.410150e-03,6.248160e-02,1.992563e-03,9.157466e-04,2.207542e-03,4.074189e-02,1.740983e-03,2.513852e-03,1.115408e-01,1.231363e-02,4.001590e-01,9.356666e-03,1.536002e-03,3.470457e-01,3.043864e-03
2.515038e-03,5.450559e-02,2.107580e-03,1.197074e-03,2.752996e-03,6.533806e-02,1.336150e-03,2.285419e-03,1.143904e-01,1.200331e-02,3.684660e-01,7.942266e-03,1.353375e-03,3.613988e-01,2.407913e-03
5.482060e-03,5.320516e-02,4.743038e-03,2.983918e-03,4.135629e-03,8.603330e-02,1.439004e-03,4.128158e-03,1.599971e-01,1.255648e-02,3.286934e-01,6.812387e-03,1.318139e-03,3.260676e-01,2.404622e-03
5.984116e-03,4.509016e-02,4.263446e-03,2.884681e-03,1.200185e-02,1.524784e-01,1.683948e-03,1.114741e-02,2.683269e-01,9.824498e-03,2.346507e-01,4.859897e-03,1.119582e-03,2.438868e-01,1.797730e-03
1.005535e-02,3.721163e-02,8.863424e-03,8.430213e-03,3.613467e-02,1.208250e-01,2.217262e-03,1.206153e-01,2.841201e-01,8.291692e-03,1.784679e-01,3.791405e-03,1.696974e-03,1.777546e-01,1.524590e-03
1.517691e-02,3.223000e-02,6.244374e-02,3.252771e-02,6.878912e-02,1.919850e-01,2.838314e-03,1.063318e-01,2.110928e-01,1.628519e-02,1.280552e-01,2.802653e-03,1.507603e-03,1.256330e-01,2.300938e-03
1.699516e-02,2.381137e-02,1.950642e-01,2.346095e-02,6.928416e-02,1.419332e-01,4.124146e-02,1.405064e-01,1.506298e-01,1.268884e-02,9.026240e-02,2.047430e-03,2.132114e-03,8.813120e-02,1.811270e-03
1.691177e-02,1.753249e-02,2.905619e-01,1.672571e-02,6.307085e-02,1.085046e-01,6.058233e-02,1.795124e-01,1.069598e-01,9.506145e-03,6.342003e-02,1.479316e-03,1.839791e-03,6.204086e-02,1.352113e-03
1.349540e-02,1.266792e-02,3.252025e-01,1.223573e-02,5.256957e-02,7.903232e-02,1.545348e-01,1.718040e-01,7.877479e-02,7.599007e-03,4.447159e-02,1.070257e-03,2.013375e-03,4.353895e-02,9.898585e-04
1.147977e-02,9.461245e-03,3.704620e-01,9.169006e-03,4.364124e-02,5.762053e-02,2.203549e-01,1.467102e-01,6.045201e-02,5.528314e-03,3.120402e-02,7.735525e-04,1.865927e-03,3.054965e-02,7.276666e-04
2.488191e-02,7.255409e-03,3.300635e-01,1.265221e-02,3.703078e-02,4.092891e-02,3.034508e-01,1.443546e-01,4.815608e-02,4.206668e-03,2.202391e-02,7.322755e-04,2.002921e-03,2.154595e-02,7.141753e-04
4.537473e-02,5.513251e-03,2.702838e-01,1.152070e-02,2.839548e-02,2.961974e-02,4.001808e-01,1.319869e-01,3.889164e-02,3.283743e-03,1.554788e-02,8.809088e-04,2.303510e-03,1.537246e-02,8.445255e-04
6.043933e-02,4.403959e-03,2.084537e-01,9.278820e-03,2.305247e-02,2.219159e-02,4.748011e-01,1.313710e-01,3.554278e-02,2.707761e-03,1.113075e-02,1.081012e-03,3.627116e-03,1.089241e-02,1.026255e-03
5.215796e-02,3.470528e-03,1.653829e-01,6.957565e-03,1.822390e-02,1.663741e-02,5.293144e-01,1.500348e-01,3.164865e-02,2.709007e-03,8.391890e-03,1.070382e-03,4.949699e-03,7.709322e-03,1.341541e-03
5.765566e-02,3.535449e-03,1.348952e-01,5.370294e-03,1.578674e-02,1.267018e-02,5.526190e-01,1.636323e-01,2.955068e-02,3.298363e-03,6.499738e-03,1.360317e-03,5.493525e-03,5.508665e-03,2.123889e-03
5.727171e-02,3.399598e-03,1.124184e-01,4.462169e-03,1.289335e-02,9.828533e-03,5.797829e-01,1.729478e-01,2.262484e-02,4.587273e-03,5.157612e-03,1.673572e-03,5.156260e-03,4.129905e-03,3.666086e-03
1.296638e-01,4.242900e-03,8.266895e-02,4.132221e-03,1.133572e-02,1.101579e-02,5.524293e-01,1.550069e-01,1.685715e-02,5.546444e-03,6.559161e-03,4.382017e-03,5.746365e-03,3.677796e-03,6.735397e-03
2.159251e-01,5.090670e-03,6.067467e-02,5.880783e-03,1.499946e-02,1.346762e-02,4.730443e-01,1.350046e-01,1.233396e-02,1.930392e-02,1.238444e-02,5.710728e-03,6.047079e-03,7.534016e-03,1.259862e-02
2.826750e-01,5.351365e-03,5.252241e-02,7.597157e-03,1.569219e-02,1.348504e-02,3.677181e-01,1.149284e-01,1.383553e-02,3.980863e-02,2.175881e-02,7.240207e-03,1.218677e-02,2.432479e-02,2.087569e-02
2.955561e-01,5.840360e-03,4.363951e-02,1.239100e-02,1.928778e-02,1.414642e-02,2.702436e-01,9.350514e-02,2.292966e-02,1.198099e-01,2.148061e-02,1.033769e-02,1.379837e-02,2.816761e-02,2.886629e-02
3.490433e-01,6.198590e-03,3.291261e-02,1.403075e-02,2.071092e-02,2.119929e-02,2.077928e-01,7.059952e-02,2.374108e-02,1.253056e-01,2.206239e-02,1.569008e-02,2.439789e-02,2.954363e-02,3.677158e-02
3.204221e-01,5.571564e-03,2.444511e-02,1.944975e-02,3.147087e-02,2.742837e-02,1.662479e-01,5.384286e-02,3.741326e-02,1.057308e-01,3.288161e-02,1.971614e-02,7.029554e-02,3.933247e-02,4.575158e-02
2.365362e-01,4.199690e-03,1.747174e-02,3.062041e-02,2.761388e-02,2.075923e-02,1.181456e-01,3.974038e-02,3.658241e-02,1.083184e-01,7.848342e-02,8.851871e-02,1.011691e-01,4.250060e-02,4.934030e-02
1.775025e-01,3.519586e-03,1.338294e-02,4.824396e-02,2.172612e-02,1.568799e-02,8.316796e-02,4.349247e-02,5.257425e-02,8.560082e-02,1.101131e-01,1.653082e-01,1.010641e-01,3.738453e-02,4.123145e-02
1.366065e-01,4.535654e-03,1.977777e-02,1.109333e-01,4.935872e-02,1.299321e-02,5.966252e-02,4.330383e-02,5.706029e-02,6.396524e-02,1.501305e-01,1.500144e-01,7.733165e-02,3.206127e-02,3.226523e-02
1.817573e-01,9.593236e-03,2.856728e-02,2.104026e-01,5.463839e-02,1.507268e-02,4.495247e-02,3.208423e-02,4.662250e-02,4.672408e-02,1.159107e-01,1.095140e-01,5.552723e-02,2.406467e-02,2.456861e-02
1.873055e-01,1.815358e-02,3.856590e-02,2.052982e-01,1.340996e-01,3.194764e-02,4.420679e-02,2.500806e-02,3.498478e-02,3.532679e-02,8.825842e-02,7.890411e-02,4.020187e-02,1.775285e-02,1.998599e-02
1.384746e-01,1.785449e-02,3.487353e-02,3.304795e-01,1.574575e-01,3.111782e-02,3.704878e-02,2.179127e-02,2.866804e-02,2.521984e-02,6.451855e-02,5.601653e-02,2.897350e-02,1.265190e-02,1.485419e-02
1.202188e-01,1.924536e-02,2.714683e-02,3.488422e-01,2.234647e-01,2.757057e-02,3.282065e-02,1.705801e-02,3.289626e-02,1.866161e-02,4.984651e-02,4.042133e-02,2.188251e-02,8.946639e-03,1.097804e-02
1.053107e-01,1.999360e-02,2.244426e-02,3.916528e-01,2.519887e-01,2.399348e-02,2.919826e-02,1.423912e-02,2.769668e-02,1.418233e-02,3.995437e-02,2.878387e-02,1.624420e-02,6.319500e-03,7.998114e-03
7.536757e-02,1.749589e-02,2.504127e-02,5.452833e-01,1.821195e-01,1.726875e-02,2.053569e-02,1.015433e-02,2.138456e-02,1.014931e-02,3.302827e-02,2.036151e-02,1.165300e-02,4.430111e-03,5.726867e-03
5.282283e-02,1.276238e-02,1.782332e-02,4.614954e-01,1.281261e-01,1.212285e-02,1.437883e-02,7.133873e-03,2.182830e-02,7.341804e-03,2.330669e-01,1.479063e-02,8.970439e-03,3.267898e-03,4.068405e-03
3.709063e-02,9.285642e-03,1.270672e-02,4.273445e-01,9.024461e-02,8.573808e-03,1.007362e-02,5.184570e-03,2.506003e-02,5.520383e-03,3.401727e-01,1.571934e-02,7.386773e-03,2.730174e-03,2.906451e-03
2.615967e-02,6.615762e-03,9.038346e-03,3.390839e-01,6.364316e-02,6.512948e-03,7.072026e-03,3.883528e-03,2.052386e-02,4.711575e-03,4.503036e-01,4.038094e-02,6.621887e-03,1.339359e-02,2.055194e-03
1.850322e-02,4.888690e-03,6.438241e-03,2.758064e-01,4.686128e-02,4.995179e-03,4.963852e-03,2.782753e-03,1.794220e-02,4.059311e-03,4.594346e-01,6.276532e-02,6.766233e-03,8.232412e-02,1.468567e-03
1.324944e-02,3.684919e-03,4.588439e-03,1.983902e-01,4.330118e-02,4.549437e-03,3.492988e-03,2.032380e-03,1.353933e-02,4.004486e-03,5.459872e-01,7.050820e-02,5.648113e-03,8.597495e-02,1.048789e-03
9.389412e-03,3.031268e-03,3.320225e-03,1.414943e-01,6.267005e-02,3.888399e-03,2.450209e-03,1.453055e-03,9.746841e-03,3.450644e-03,6.237611e-01,5.726463e-02,4.200034e-03,7.307038e-02,8.095424e-04
6.860064e-03,3.390179e-03,3.104967e-03,9.984017e-02,8.336720e-02,3.073689e-03,1.723598e-03,1.126879e-03,7.227414e-03,3.167850e-03,6.742091e-01,4.362982e-02,3.229049e-03,6.543388e-02,6.162563e-04
5.192036e-03,2.604639e-03,2.605432e-03,7.054595e-02,6.968403e-02,2.593776e-03,1.216236e-03,9.300887e-04,5.324454e-03,3.641247e-03,6.865489e-01,3.379145e-02,2.532994e-03,1.123042e-01,4.845692e-04
3.965230e-03,2.149274e-03,2.142454e-03,4.994926e-02,5.362566e-02,2.273380e-03,8.611073e-04,7.947604e-04,4.056498e-03,4.241653e-03,7.072995e-01,2.761408e-02,2.070541e-03,1.385331e-01,4.235082e-04
3.853921e-03,2.107689e-03,2.474130e-03,3.562225e-02,4.257849e-02,2.095565e-03,6.329914e-04,8.509387e-04,3.013703e-03,7.101228e-03,6.704393e-01,2.551203e-02,1.771983e-03,2.014549e-01,4.909155e-04
3.657803e-03,3.210457e-03,6.172849e-03,2.526866e-02,3.685667e-02,1.773454e-03,4.578406e-04,9.610893e-04,2.402188e-03,8.106527e-03,7.223365e-01,2.308916e-02,1.687732e-03,1.628216e-01,1.197511e-03
4.082076e-03,5.880833e-02,1.982301e-02,1.812142e-02,4.941837e-02,1.026266e-02,4.018105e-04,2.838637e-03,3.623563e-03,6.728409e-03,6.866912e-01,1.861309e-02,1.521043e-03,1.176718e-01,1.394601e-03
8.719293e-03,9.652582e-02,1.586445e-01,2.165247e-02,4.674432e-02,2.876812e-02,4.148846e-04,1.875491e-02,4.669928e-03,4.945501e-03,5.066997e-01,1.332517e-02,1.197673e-03,8.754305e-02,1.394720e-03
1.178325e-02,9.181303e-02,3.178778e-01,2.649798e-02,3.752973e-02,3.500338e-02,3.689981e-04,1.763741e-02,1.237918e-02,4.374667e-03,3.650159e-01,9.576101e-03,1.000196e-03,6.729619e-02,1.846242e-03
8.882293e-03,6.689459e-02,4.790958e-01,4.943386e-02,2.801652e-02,2.523406e-02,2.715114e-04,1.280575e-02,1.257911e-02,3.264623e-03,2.568117e-01,6.749272e-03,8.360707e-04,4.746131e-02,1.663539e-03
1.224109e-02,5.560168e-02,5.965584e-01,4.177070e-02,2.125646e-02,2.193958e-02,2.904646e-04,9.516049e-03,9.739870e-03,3.174333e-03,1.841234e-01,4.827154e-03,9.695974e-04,3.659350e-02,1.397701e-03
2.561753e-02,5.246973e-02,6.460367e-01,3.363386e-02,1.718431e-02,1.720410e-02,2.440025e-04,7.064893e-03,8.077760e-03,4.605763e-03,1.456143e-01,3.662839e-03,1.711998e-03,3.570056e-02,1.171661e-03
6.598368e-02,7.050521e-02,5.563090e-01,3.666813e-02,2.583128e-02,1.670476e-02,2.418992e-04,6.515419e-03,9.935617e-03,6.759035e-03,1.471130e-01,3.165429e-03,2.047656e-03,5.069312e-02,1.526750e-03
9.349971e-02,9.118722e-02,4.410232e-01,3.957217e-02,2.694679e-02,1.513832e-02,3.006231e-04,6.588486e-03,1.625057e-02,7.508805e-03,1.302566e-01,2.661699e-03,1.876024e-03,1.253870e-01,1.802787e-03
1.238941e-01,7.513869e-02,3.861343e-01,1.228138e-01,3.217594e-02,1.201423e-02,2.653702e-04,5.515853e-03,1.563781e-02,7.472444e-03,1.031940e-01,2.444054e-03,2.232539e-03,1.094282e-01,1.638724e-03
1.943187e-01,6.423186e-02,3.186055e-01,1.402856e-01,5.418256e-02,1.024767e-02,5.176909e-04,6.076255e-03,2.272690e-02,8.874707e-03,8.748905e-02,4.522235e-03,3.137224e-03,8.224045e-02,2.543531e-03
2.945854e-01,5.762054e-02,2.375153e-01,1.170938e-01,7.482235e-02,9.067545e-03,1.001461e-03,8.510773e-03,3.416514e-02,8.138614e-03,7.420669e-02,9.561084e-03,5.084042e-03,6.373353e-02,4.893702e-03
3.840846e-01,4.600538e-02,1.702988e-01,1.343050e-01,6.328992e-02,1.173635e-02,1.854193e-03,1.527282e-02,3.201158e-02,8.553492e-03,5.910324e-02,1.465616e-02,5.613826e-03,4.663066e-02,6.583986e-03
4.855772e-01,3.725901e-02,1.237641e-01,1.131898e-01,5.906247e-02,1.036699e-02,2.228573e-03,1.649678e-02,3.290293e-02,7.746981e-03,4.669371e-02,1.760658e-02,5.720276e-03,3.409519e-02,7.289406e-03
1.000000e+00,0.000000e+00,0.000000e+00,0.000000e+00,0.000000e+00,0.000000e+00,0.000000e+00,0.000000e+00,0.000000e+00,0.000000e+00,0.000000e+00,0.000000e+00,0.000000e+00,0.000000e+00,0.000000e+00
1.000000e+00,0.000000e+00,0.000000e+00,0.000000e+00,0.000000e+00,0.000000e+00,0.000000e+00,0.000000e+00,0.000000e+00,0.000000e+00,0.000000e+00,0.000000e+00,0.000000e+00,0.000000e+00,0.000000e+00
1.000000e+00,0.000000e+00,0.000000e+00,0.000000e+00,0.000000e+00,0.000000e+00,0.000000e+00,0.000000e+00,0.000000e+00,0.000000e+00,0.000000e+00,0.000000e+00,0.000000e+00,0.000000e+00,0.000000e+00
1.000000e+00,0.000000e+00,0.000000e+00,0.000000e+00,0.000000e+00,0.000000e+00,0.000000e+00,0.000000e+00,0.000000e+00,0.000000e+00,0.000000e+00,0.000000e+00,0.000000e+00,0.000000e+00,0.000000e+00
3.949988e-01,5.155494e-02,3.713455e-02,4.557141e-02,1.679064e-02,8.695761e-03,1.256683e-03,8.649735e-03,2.555065e-02,2.495036e-01,5.760011e-02,1.157105e-02,1.066378e-02,1.823039e-02,6.222782e-02
2.814880e-01,4.180404e-02,2.638958e-02,3.295966e-02,1.207583e-02,6.976356e-03,1.010924e-03,6.405638e-03,1.981353e-02,4.202391e-01,6.485246e-02,1.052239e-02,8.189808e-03,1.870313e-02,4.856960e-02
1.983059e-01,3.186506e-02,1.902243e-02,2.364692e-02,8.886116e-03,8.072710e-03,8.857759e-04,5.078677e-03,1.471769e-02,3.532661e-01,2.257588e-01,1.558947e-02,7.253114e-03,5.225558e-02,3.539568e-02
1.401484e-01,2.410326e-02,1.369516e-02,1.686463e-02,6.618007e-03,9.089066e-03,7.994989e-04,4.002402e-03,1.078803e-02,2.764153e-01,3.795865e-01,2.280078e-02,5.912655e-03,6.366833e-02,2.550802e-02
9.845305e-02,1.704424e-02,9.719068e-03,1.220366e-02,4.868438e-03,7.464829e-03,6.024247e-04,2.895689e-03,7.765817e-03,1.939459e-01,5.465513e-01,2.211366e-02,4.403150e-03,5.381236e-02,1.815634e-02
6.934062e-02,1.202342e-02,6.886713e-03,8.833361e-03,3.601581e-03,7.272141e-03,4.529417e-04,2.125553e-03,5.707372e-03,1.367686e-01,6.413135e-01,2.931722e-02,3.528938e-03,5.957062e-02,1.325735e-02
4.892958e-02,8.498185e-03,4.913655e-03,6.348707e-03,3.709476e-03,7.402680e-03,3.693512e-04,1.576803e-03,4.361243e-03,9.953279e-02,6.690414e-01,4.901442e-02,3.225666e-03,8.129148e-02,1.178453e-02
3.532261e-02,6.031602e-03,3.693642e-03,4.552439e-03,2.849909e-03,6.715727e-03,3.332305e-04,1.374603e-03,4.334380e-03,7.596639e-02,6.522798e-01,5.546336e-02,3.081544e-03,1.376967e-01,1.030405e-02
2.619067e-02,4.349318e-03,3.386318e-03,3.444280e-03,2.794165e-03,6.886623e-03,3.488972e-04,1.956371e-03,3.920320e-03,5.623094e-02,6.405160e-01,5.583088e-02,2.561960e-03,1.832977e-01,8.285485e-03
1.931481e-02,3.131729e-03,2.509508e-03,2.480395e-03,2.133650e-03,5.141050e-03,2.584204e-04,1.491622e-03,3.036582e-03,3.997076e-02,6.345969e-01,5.458858e-02,2.021425e-03,2.234235e-01,5.901145e-03
1.486043e-02,2.334741e-03,1.964413e-03,1.888845e-03,1.636820e-03,4.081371e-03,2.059779e-04,1.221426e-03,3.503282e-03,2.928726e-02,6.366112e-01,5.511108e-02,1.717686e-03,2.413503e-01,4.225195e-03
1.136277e-02,2.227560e-03,1.642063e-03,1.539803e-03,1.298117e-03,3.531133e-03,2.100271e-04,1.394630e-03,4.077712e-03,2.188370e-02,6.846355e-01,5.927317e-02,1.456469e-03,2.024318e-01,3.035505e-03
8.560034e-03,4.422942e-03,1.198112e-03,1.133723e-03,1.319096e-03,5.230969e-03,3.683268e-04,1.281264e-03,8.506593e-03,1.671673e-02,7.361858e-01,4.709681e-02,1.169330e-03,1.646115e-01,2.198734e-03
6.246644e-03,3.517177e-03,8.546081e-04,8.123541e-04,1.070278e-03,4.260509e-03,3.767943e-04,9.827265e-04,6.843806e-03,1.242088e-02,8.008214e-01,3.748640e-02,9.070585e-04,1.218254e-01,1.574017e-03
4.718732e-03,2.654982e-03,6.091608e-04,5.825891e-04,1.071128e-03,3.183166e-03,3.079191e-04,7.132315e-04,6.945702e-03,8.967365e-03,8.521581e-01,2.883548e-02,8.220299e-04,8.727725e-02,1.153256e-03
4.171749e-03,2.109576e-03,4.631758e-04,4.519869e-04,1.885066e-03,2.508107e-03,2.969753e-04,7.100911e-04,1.237610e-02,6.583219e-03,8.757610e-01,2.701738e-02,8.681067e-04,6.394342e-02,8.541033e-04
3.501069e-03,2.094679e-03,4.475064e-04,3.663433e-04,4.391507e-03,1.943557e-03,4.375576e-04,6.087215e-04,2.195858e-02,4.841082e-03,8.880696e-01,2.319264e-02,1.072083e-03,4.638709e-02,6.880430e-04
3.710266e-03,5.479774e-02,7.550105e-03,3.899961e-04,9.466683e-03,2.951629e-03,4.702752e-04,1.182748e-03,8.214270e-02,4.609544e-03,7.787925e-01,1.712622e-02,1.684145e-03,3.334125e-02,1.784183e-03
4.355992e-03,6.534574e-02,1.322959e-02,5.764696e-04,1.134683e-02,7.873006e-03,5.315476e-04,1.041060e-02,1.237196e-01,4.672682e-03,7.153753e-01,1.287043e-02,2.539581e-03,2.510612e-02,2.046477e-03
7.005441e-03,1.297205e-01,1.621360e-02,5.855655e-04,1.903250e-02,2.347140e-02,7.094379e-04,1.488588e-02,1.935808e-01,4.747569e-03,5.566945e-01,9.162704e-03,2.326674e-03,1.941313e-02,2.450213e-03
9.002760e-03,1.384156e-01,3.151418e-02,7.649719e-04,2.108406e-02,4.479193e-02,8.722491e-04,8.154396e-02,2.122345e-01,4.618968e-03,4.272214e-01,6.537216e-03,2.464646e-03,1.577322e-02,3.160293e-03
