1.000000e+00,0.000000e+00,0.000000e+00,0.000000e+00,0.000000e+00,0.000000e+00,0.000000e+00,0.000000e+00,0.000000e+00,0.000000e+00,0.000000e+00,0.000000e+00,0.000000e+00,0.000000e+00,0.000000e+00
1.000000e+00,0.000000e+00,0.000000e+00,0.000000e+00,0.000000e+00,0.000000e+00,0.000000e+00,0.000000e+00,0.000000e+00,0.000000e+00,0.000000e+00,0.000000e+00,0.000000e+00,0.000000e+00,0.000000e+00
1.000000e+00,0.000000e+00,0.000000e+00,0.000000e+00,0.000000e+00,0.000000e+00,0.000000e+00,0.000000e+00,0.000000e+00,0.000000e+00,0.000000e+00,0.000000e+00,0.000000e+00,0.000000e+00,0.000000e+00
1.000000e+00,0.000000e+00,0.000000e+00,0.000000e+00,0.000000e+00,0.000000e+00,0.000000e+00,0.000000e+00,0.000000e+00,0.000000e+00,0.000000e+00,0.000000e+00,0.000000e+00,0.000000e+00,0.000000e+00
1.000000e+00,0.000000e+00,0.000000e+00,0.000000e+00,0.000000e+00,0.000000e+00,0.000000e+00,0.000000e+00,0.000000e+00,0.000000e+00,0.000000e+00,0.000000e+00,0.000000e+00,0.000000e+00,0.000000e+00
1.000000e+00,0.000000e+00,0.000000e+00,0.000000e+00,0.000000e+00,0.000000e+00,0.000000e+00,0.000000e+00,0.000000e+00,0.000000e+00,0.000000e+00,0.000000e+00,0.000000e+00,0.000000e+00,0.000000e+00
1.000000e+00,0.000000e+00,0.000000e+00,0.000000e+00,0.000000e+00,0.000000e+00,0.000000e+00,0.000000e+00,0.000000e+00,0.000000e+00,0.000000e+00,0.000000e+00,0.000000e+00,0.000000e+00,0.000000e+00
1.000000e+00,0.000000e+00,0.000000e+00,0.000000e+00,0.000000e+00,0.000000e+00,0.000000e+00,0.000000e+00,0.000000e+00,0.000000e+00,0.000000e+00,0.000000e+00,0.000000e+00,0.000000e+00,0.000000e+00
1.000000e+00,0.000000e+00,0.000000e+00,0.000000e+00,0.000000e+00,0.000000e+00,0.000000e+00,0.000000e+00,0.000000e+00,0.000000e+00,0.000000e+00,0.000000e+00,0.000000e+00,0.000000e+00,0.000000e+00
1.000000e+00,0.000000e+00,0.000000e+00,0.000000e+00,0.000000e+00,0.000000e+00,0.000000e+00,0.000000e+00,0.000000e+00,0.000000e+00,0.000000e+00,0.000000e+00,0.000000e+00,0.000000e+00,0.000000e+00
1.000000e+00,0.000000e+00,0.000000e+00,0.000000e+00,0.000000e+00,0.000000e+00,0.000000e+00,0.000000e+00,0.000000e+00,0.000000e+00,0.000000e+00,0.000000e+00,0.000000e+00,0.000000e+00,0.000000e+00
1.000000e+00,0.000000e+00,0.000000e+00,0.000000e+00,0.000000e+00,0.000000e+00,0.000000e+00,0.000000e+00,0.000000e+00,0.000000e+00,0.000000e+00,0.000000e+00,0.000000e+00,0.000000e+00,0.000000e+00
1.000000e+00,0.000000e+00,0.000000e+00,0.000000e+00,0.000000e+00,0.000000e+00,0.000000e+00,0.000000e+00,0.000000e+00,0.000000e+00,0.000000e+00,0.000000e+00,0.000000e+00,0.000000e+00,0.000000e+00
1.000000e+00,0.000000e+00,0.000000e+00,0.000000e+00,0.000000e+00,0.000000e+00,0.000000e+00,0.000000e+00,0.000000e+00,0.000000e+00,0.000000e+00,0.000000e+00,0.000000e+00,0.000000e+00,0.000000e+00
1.000000e+00,0.000000e+00,0.000000e+00,0.000000e+00,0.000000e+00,0.000000e+00,0.000000e+00,0.000000e+00,0.000000e+00,0.000000e+00,0.000000e+00,0.000000e+00,0.000000e+00,0.000000e+00,0.000000e+00
1.000000e+00,0.000000e+00,0.000000e+00,0.000000e+00,0.000000e+00,0.000000e+00,0.000000e+00,0.000000e+00,0.000000e+00,0.000000e+00,0.000000e+00,0.000000e+00,0.000000e+00,0.000000e+00,0.000000e+00
1.000000e+00,0.000000e+00,0.000000e+00,0.000000e+00,0.000000e+00,0.000000e+00,0.000000e+00,0.000000e+00,0.000000e+00,0.000000e+00,0.000000e+00,0.000000e+00,0.000000e+00,0.000000e+00,0.000000e+00
1.000000e+00,0.000000e+00,0.000000e+00,0.000000e+00,0.000000e+00,0.000000e+00,0.000000e+00,0.000000e+00,0.000000e+00,0.000000e+00,0.000000e+00,0.000000e+00,0.000000e+00,0.000000e+00,0.000000e+00
1.000000e+00,0.000000e+00,0.000000e+00,0.000000e+00,0.000000e+00,0.000000e+00,0.000000e+00,0.000000e+00,0.000000e+00,0.000000e+00,0.000000e+00,0.000000e+00,0.000000e+00,0.000000e+00,0.000000e+00
1.000000e+00,0.000000e+00,0.000000e+00,0.000000e+00,0.000000e+00,0.000000e+00,0.000000e+00,0.000000e+00,0.000000e+00,0.000000e+00,0.000000e+00,0.000000e+00,0.000000e+00,0.000000e+00,0.000000e+00
1.000000e+00,0.000000e+00,0.000000e+00,0.000000e+00,0.000000e+00,0.000000e+00,0.000000e+00,0.000000e+00,0.000000e+00,0.000000e+00,0.000000e+00,0.000000e+00,0.000000e+00,0.000000e+00,0.000000e+00
1.000000e+00,0.000000e+00,0.000000e+00,0.000000e+00,0.000000e+00,0.000000e+00,0.000000e+00,0.000000e+00,0.000000e+00,0.000000e+00,0.000000e+00,0.000000e+00,0.000000e+00,0.000000e+00,0.000000e+00
4.685682e-01,8.969999e-03,2.020272e-02,1.825013e-02,2.610291e-03,2.615957e-02,4.364110e-03,1.333888e-02,2.973583e-01,1.060475e-02,1.197471e-02,9.381950e-03,1.955011e-02,2.645382e-02,6.221251e-02
4.770115e-01,1.207999e-02,1.493698e-02,1.567925e-02,4.065945e-03,2.579246e-02,3.835590e-03,1.101140e-02,2.694083e-01,9.212023e-03,1.264863e-02,8.572971e-03,2.500892e-02,2.832174e-02,8.241434e-02
3.659176e-01,1.214705e-02,1.133582e-02,1.240514e-02,3.010608e-03,2.292641e-02,3.028923e-03,7.911935e-03,3.838170e-01,1.100994e-02,1.012037e-02,6.581229e-03,2.183683e-02,3.454447e-02,9.340671e-02
3.011309e-01,1.102161e-02,1.255908e-02,9.552893e-03,2.315105e-03,1.743717e-02,2.374646e-03,5.731042e-03,3.551535e-01,1.009626e-02,1.037777e-02,5.544695e-03,1.835422e-02,1.494731e-01,8.887798e-02
3.063183e-01,9.127090e-03,1.119996e-02,7.324995e-03,1.946709e-03,1.452904e-02,2.104836e-03,4.433912e-03,2.592101e-01,8.917885e-03,1.692496e-02,5.026840e-03,1.646386e-02,2.384226e-01,9.804891e-02
2.266508e-01,7.964067e-03,8.821019e-03,5.259743e-03,1.440986e-03,1.253431e-02,1.549007e-03,3.141808e-03,1.886098e-01,1.243070e-02,1.787850e-02,3.686548e-03,1.243014e-02,3.212841e-01,1.763185e-01
1.605942e-01,5.973993e-03,6.789879e-03,3.848098e-03,1.091323e-03,9.452328e-03,1.127321e-03,2.225510e-03,1.418452e-01,1.619969e-02,2.484367e-02,2.744285e-03,1.019323e-02,3.727152e-01,2.403560e-01
1.193492e-01,4.662082e-03,5.664442e-03,4.376115e-03,1.106360e-03,8.772593e-03,9.109026e-04,1.836222e-03,1.865986e-01,2.599569e-02,4.548121e-02,6.157189e-03,2.997178e-02,3.194066e-01,2.397110e-01
8.725791e-02,3.721892e-03,4.532610e-03,5.300152e-03,1.404008e-03,7.043401e-03,7.706085e-04,1.476180e-03,2.566287e-01,2.404332e-02,7.145080e-02,1.725836e-02,5.222907e-02,2.440842e-01,2.227987e-01
6.194848e-02,3.256714e-03,3.679202e-03,4.566413e-03,1.801508e-03,5.715757e-03,7.267476e-04,1.095146e-03,2.835086e-01,2.225285e-02,1.279517e-01,3.682923e-02,6.820434e-02,1.981094e-01,1.803538e-01
4.645376e-02,2.772742e-03,2.720616e-03,4.010142e-03,3.498625e-03,6.295323e-03,1.255532e-03,1.153474e-03,2.436999e-01,3.205140e-02,1.528236e-01,4.910182e-02,8.023678e-02,1.573948e-01,2.165314e-01
3.559150e-02,2.242961e-03,2.081026e-03,3.624848e-03,3.100092e-03,5.730206e-03,1.158807e-03,1.036656e-03,2.027697e-01,3.521091e-02,2.569069e-01,6.589094e-02,7.244910e-02,1.304614e-01,1.817449e-01
3.206199e-02,2.673475e-03,2.092968e-03,3.064128e-03,4.006780e-03,5.280635e-03,1.595251e-03,1.582658e-03,1.619269e-01,4.080867e-02,3.200195e-01,7.028762e-02,6.730308e-02,1.139180e-01,1.733782e-01
2.561418e-02,9.733863e-03,9.848149e-03,3.169189e-03,8.892790e-03,4.916715e-03,2.120748e-03,2.201180e-03,1.307911e-01,4.801105e-02,3.171716e-01,7.501508e-02,7.310084e-02,1.383199e-01,1.510936e-01
1.929761e-02,1.188364e-02,1.049758e-02,4.268822e-03,1.169611e-02,6.226650e-03,5.174533e-03,3.079454e-03,1.333642e-01,4.379657e-02,3.256270e-01,7.437541e-02,7.237571e-02,1.431974e-01,1.351393e-01
1.559705e-02,1.176258e-02,2.507018e-02,7.649659e-03,7.788379e-02,6.875581e-03,7.796233e-03,7.735777e-03,1.406026e-01,3.382702e-02,2.979983e-01,7.249353e-02,6.315396e-02,1.101720e-01,1.213817e-01
1.140045e-02,9.442362e-03,2.407084e-02,6.537649e-03,8.383785e-02,7.446292e-03,8.262923e-03,1.234108e-02,3.105688e-01,2.409058e-02,2.244462e-01,6.055349e-02,4.872689e-02,7.969005e-02,8.858456e-02
8.515711e-03,6.886477e-03,1.308022e-01,1.071267e-02,6.210861e-02,6.334830e-03,6.251344e-03,1.374485e-01,2.310491e-01,1.721738e-02,1.707332e-01,4.885527e-02,4.267474e-02,5.764268e-02,6.276744e-02
6.363553e-03,6.324329e-03,1.123375e-01,2.574849e-02,5.418862e-02,1.336509e-02,4.600945e-03,1.103533e-01,3.780925e-01,1.224900e-02,1.249824e-01,3.550739e-02,3.086640e-02,4.081463e-02,4.420593e-02
4.984929e-03,6.323104e-03,9.582651e-02,4.520625e-02,4.945959e-02,1.359713e-02,3.540091e-03,9.498979e-02,4.790544e-01,8.785293e-03,8.999639e-02,2.606454e-02,2.227020e-02,2.876310e-02,3.113877e-02
5.499256e-03,4.987192e-03,7.095480e-02,4.979402e-02,1.166424e-01,1.217606e-02,6.202769e-03,1.051745e-01,4.825839e-01,6.313711e-03,6.336214e-02,1.833388e-02,1.588573e-02,2.017106e-02,2.191868e-02
7.524047e-03,4.347057e-03,5.182380e-02,6.291685e-02,2.055068e-01,1.084695e-02,9.718191e-03,1.158264e-01,4.284887e-01,4.493751e-03,4.456412e-02,1.291741e-02,1.143126e-02,1.415270e-02,1.544205e-02
3.228180e-02,4.891666e-03,4.004338e-02,6.685062e-02,2.364664e-01,9.445341e-03,1.017048e-02,1.140758e-01,4.122157e-01,3.259216e-03,3.188480e-02,9.167932e-03,8.296436e-03,9.993652e-03,1.095671e-02
5.638859e-02,8.116455e-03,3.052572e-02,5.867522e-02,2.332707e-01,1.022524e-02,8.992270e-03,1.132845e-01,4.259079e-01,2.444770e-03,2.326606e-02,6.880342e-03,6.682325e-03,7.286265e-03,8.053617e-03
5.983226e-02,8.826580e-03,2.433516e-02,6.649084e-02,2.373447e-01,8.823475e-03,8.474761e-03,1.367384e-01,4.086107e-01,1.806040e-03,1.706483e-02,5.277968e-03,5.307356e-03,5.195210e-03,5.871715e-03
6.535798e-02,1.269209e-02,2.450070e-02,1.591838e-01,2.156444e-01,7.987234e-03,8.288534e-03,1.106651e-01,3.600367e-01,1.997558e-03,1.318312e-02,5.373325e-03,5.480099e-03,3.782807e-03,5.826427e-03
9.398478e-02,1.281280e-02,2.277894e-02,1.555998e-01,1.993336e-01,7.105310e-03,7.999750e-03,8.498546e-02,3.838370e-01,1.917748e-03,1.132374e-02,5.700440e-03,5.102538e-03,2.828333e-03,4.689715e-03
1.581469e-01,1.567751e-02,2.529729e-02,1.514772e-01,1.746582e-01,7.448472e-03,8.479717e-03,7.002188e-02,3.429904e-01,2.072868e-03,1.397840e-02,1.423313e-02,7.320592e-03,2.942888e-03,5.254546e-03
2.779578e-01,1.464960e-02,2.059924e-02,1.510311e-01,1.327059e-01,7.265058e-03,7.107699e-03,6.059391e-02,2.553707e-01,2.057995e-03,1.967041e-02,3.048811e-02,1.006446e-02,4.573777e-03,5.864196e-03
3.930375e-01,1.376396e-02,1.666841e-02,1.356362e-01,1.028085e-01,6.770960e-03,6.336138e-03,5.032850e-02,1.921210e-01,2.232284e-03,2.360220e-02,3.463494e-02,1.030354e-02,5.462121e-03,6.293777e-03
3.637659e-01,1.774067e-02,2.789558e-02,2.002741e-01,8.696464e-02,6.971207e-03,5.330699e-03,5.972642e-02,1.454974e-01,2.432202e-03,2.410044e-02,3.402635e-02,1.021433e-02,6.611723e-03,8.448333e-03
4.676411e-01,1.803703e-02,2.256752e-02,1.654547e-01,6.639852e-02,7.895974e-03,4.262333e-03,4.545228e-02,1.103548e-01,2.190383e-03,2.656193e-02,3.548823e-02,9.868120e-03,7.980327e-03,9.846731e-03
4.624913e-01,1.875552e-02,2.817540e-02,1.551363e-01,5.074523e-02,1.147667e-02,4.427841e-03,4.449946e-02,9.021290e-02,2.289165e-03,4.069982e-02,5.447754e-02,1.034559e-02,1.084314e-02,1.542417e-02
3.562814e-01,1.469052e-02,1.311973e-01,1.281438e-01,3.738043e-02,1.662093e-02,4.793110e-03,1.311083e-01,6.409143e-02,1.826984e-03,3.304679e-02,4.997240e-02,8.644890e-03,8.735815e-03,1.346582e-02
2.696097e-01,1.098306e-02,2.648821e-01,1.088695e-01,2.777951e-02,1.439864e-02,5.586874e-03,1.661157e-01,4.533449e-02,1.376029e-03,2.487480e-02,3.697133e-02,6.573421e-03,6.486719e-03,1.015805e-02
2.280021e-01,8.528312e-03,3.055465e-01,1.000545e-01,2.181296e-02,2.151977e-02,2.380926e-02,1.860960e-01,3.278476e-02,1.392045e-03,1.842828e-02,2.681777e-02,1.100473e-02,5.047728e-03,9.155309e-03
2.118986e-01,6.915905e-03,2.852746e-01,8.787720e-02,1.745250e-02,2.991314e-02,3.865247e-02,2.411448e-01,2.340332e-02,1.295343e-03,1.399468e-02,2.016247e-02,1.047846e-02,4.077757e-03,7.458748e-03
1.846449e-01,5.319266e-03,2.188610e-01,6.576755e-02,1.352370e-02,7.588642e-02,4.289874e-02,3.306272e-01,1.673560e-02,1.086581e-03,1.051467e-02,1.519733e-02,9.478136e-03,3.146344e-03,6.312559e-03
1.586973e-01,4.207351e-03,1.636475e-01,4.930252e-02,1.215474e-02,7.183716e-02,3.585485e-02,4.568922e-01,1.250304e-02,9.139697e-04,8.195367e-03,1.091488e-02,7.590575e-03,2.302931e-03,4.985627e-03
1.406722e-01,4.203164e-03,1.229422e-01,3.761107e-02,1.390720e-02,1.030607e-01,3.025061e-02,5.060335e-01,1.212940e-02,9.355161e-04,7.091271e-03,8.012167e-03,6.982116e-03,1.775472e-03,4.393370e-03
1.424821e-01,3.431496e-03,9.047899e-02,2.846120e-02,1.305640e-02,1.273025e-01,2.689995e-02,5.328182e-01,9.178667e-03,8.387492e-04,5.451682e-03,6.709317e-03,7.388540e-03,1.373244e-03,4.129035e-03
1.432570e-01,3.191832e-03,6.664453e-02,2.138863e-02,1.222521e-02,2.342496e-01,2.404608e-02,4.543792e-01,7.419644e-03,1.055886e-03,5.054968e-03,6.735203e-03,1.404623e-02,1.259036e-03,5.047008e-03
1.169683e-01,4.106569e-03,4.905212e-02,1.778581e-02,1.153695e-02,3.639333e-01,1.919041e-02,3.381508e-01,1.235714e-02,2.900887e-03,6.117508e-03,8.013364e-03,4.014458e-02,1.379793e-03,8.362448e-03
9.258154e-02,4.706610e-03,3.565732e-02,2.861977e-02,1.034598e-02,2.819291e-01,1.459013e-02,2.390893e-01,9.888718e-02,1.032463e-02,7.155980e-03,3.022213e-02,1.289442e-01,1.924310e-03,1.502188e-02
6.726422e-02,5.465729e-03,2.550953e-02,3.359726e-02,8.018649e-03,2.280169e-01,1.077072e-02,1.684652e-01,9.943429e-02,1.037347e-02,9.496902e-03,3.002410e-02,2.737708e-01,2.553503e-03,2.723878e-02
4.845922e-02,4.181440e-03,1.944464e-02,2.794084e-02,6.139647e-03,1.635729e-01,8.212192e-03,1.181528e-01,7.243175e-02,9.215950e-03,8.192020e-03,5.197746e-02,4.363840e-01,3.132883e-03,2.256219e-02
3.542310e-02,3.109066e-03,1.451526e-02,2.129724e-02,4.588050e-03,1.189283e-01,6.364052e-03,8.285349e-02,5.342669e-02,7.684064e-03,7.099873e-03,7.414971e-02,5.490940e-01,3.581551e-03,1.788560e-02
2.531491e-02,2.229265e-03,1.049419e-02,1.499397e-02,3.445494e-03,8.844687e-02,4.825226e-03,5.806746e-02,3.899860e-02,8.425621e-03,6.417927e-03,1.173394e-01,6.041438e-01,3.212200e-03,1.364506e-02
1.869491e-02,1.692957e-03,7.626867e-03,1.054343e-02,2.749308e-03,6.298482e-02,3.624952e-03,4.074359e-02,3.144019e-02,7.748152e-03,6.243979e-03,2.391224e-01,5.526777e-01,2.935165e-03,1.117163e-02
1.401911e-02,1.884277e-03,5.826398e-03,7.411688e-03,2.332120e-03,4.470273e-02,2.596324e-03,2.853713e-02,2.892024e-02,7.235192e-03,5.360599e-03,3.297158e-01,5.106163e-01,2.362059e-03,8.480068e-03
1.122985e-02,1.652359e-03,4.343267e-03,5.352471e-03,3.995186e-03,3.191805e-02,2.104428e-03,2.017269e-02,3.021555e-02,1.297091e-02,4.595293e-03,3.587853e-01,5.038949e-01,2.120122e-03,6.649654e-03
8.719339e-03,1.607859e-03,3.296011e-03,3.897435e-03,7.452755e-03,2.254726e-02,1.569557e-03,1.477525e-02,4.225139e-02,1.759191e-02,4.150069e-03,3.510103e-01,5.142664e-01,1.908122e-03,4.956297e-03
6.411302e-03,2.058787e-03,2.716139e-03,3.001474e-03,7.221223e-03,1.606515e-02,1.170427e-03,1.083953e-02,6.932679e-02,2.085799e-02,4.778635e-03,3.858122e-01,4.645226e-01,1.568740e-03,3.649015e-03
5.119139e-03,3.812721e-03,2.561142e-03,2.254192e-03,8.245337e-03,1.187775e-02,1.010751e-03,1.013486e-02,1.071565e-01,2.230764e-02,4.679750e-03,3.741345e-01,4.425929e-01,1.286116e-03,2.826706e-03
3.958521e-03,6.615115e-03,2.098471e-03,1.693345e-03,8.990670e-03,8.536041e-03,7.456425e-04,7.984249e-03,2.578903e-01,1.832497e-02,4.781269e-03,3.025665e-01,3.727827e-01,9.707690e-04,2.061417e-03
2.876138e-03,5.060113e-03,1.621653e-03,1.528881e-03,8.309277e-03,6.178726e-03,5.895000e-04,8.649752e-03,3.935255e-01,1.358564e-02,7.112498e-03,2.424894e-01,3.062537e-01,7.293818e-04,1.489879e-03
2.125626e-03,4.192570e-03,1.223142e-03,1.251796e-03,7.040530e-03,4.481643e-03,4.585297e-04,6.630597e-03,5.602166e-01,9.683072e-03,5.752660e-03,1.757405e-01,2.195896e-01,5.233356e-04,1.089780e-03
1.828292e-03,3.543168e-03,2.198542e-03,4.282393e-03,8.991558e-03,4.757092e-03,4.051757e-04,1.320392e-02,6.616533e-01,7.130616e-03,4.715296e-03,1.271359e-01,1.588150e-01,3.912018e-04,9.485219e-04
1.604619e-03,3.571672e-03,1.869887e-03,1.155571e-02,1.207233e-02,4.994371e-03,3.692863e-04,1.142831e-02,7.399278e-01,5.322367e-03,3.780927e-03,8.961937e-02,1.123597e-01,3.337408e-04,1.189925e-03
1.843014e-03,2.952046e-03,2.187518e-03,2.068841e-02,1.831274e-02,4.934494e-03,3.111120e-04,4.046982e-02,7.569795e-01,3.885404e-03,3.654272e-03,6.307565e-02,7.942219e-02,2.659614e-04,1.017845e-03
8.568700e-03,4.291237e-03,6.055466e-03,4.984530e-02,2.359158e-02,1.896300e-02,3.788777e-04,4.690564e-02,7.289884e-01,3.214624e-03,5.203986e-03,4.530989e-02,5.671218e-02,2.883782e-04,1.682653e-03
2.132632e-02,8.366876e-03,6.934776e-03,6.969202e-02,2.708965e-02,3.327152e-02,6.253356e-04,4.198040e-02,7.031415e-01,2.747462e-03,6.099694e-03,3.411020e-02,4.127780e-02,3.596594e-04,2.976749e-03
2.294470e-02,7.802760e-03,5.471074e-03,5.376000e-02,3.923784e-02,2.612021e-02,9.861885e-04,7.448549e-02,7.010868e-01,2.105675e-03,8.364466e-03,2.450926e-02,3.007419e-02,3.729436e-04,2.678297e-03
2.125953e-02,6.511676e-03,3.968325e-03,4.127123e-02,4.288726e-02,2.107889e-02,8.502638e-04,7.780875e-02,7.353896e-01,1.544332e-03,6.397860e-03,1.726509e-02,2.139168e-02,2.957540e-04,2.079760e-03
1.804130e-02,7.179380e-03,2.950343e-03,3.613446e-02,3.508906e-02,1.816711e-02,6.673448e-04,7.431021e-02,7.717028e-01,1.168441e-03,4.954881e-03,1.220916e-02,1.538661e-02,2.456907e-04,1.793241e-03
1.477592e-02,6.073151e-03,3.031531e-03,7.349652e-02,2.950077e-02,1.491471e-02,5.554331e-04,1.115715e-01,7.192897e-01,9.171108e-04,4.309135e-03,8.602140e-03,1.112359e-02,1.975993e-04,1.641233e-03
1.693187e-02,5.504095e-03,2.667368e-03,8.398092e-02,3.232648e-02,1.328241e-02,5.347333e-04,1.170911e-01,7.074979e-01,7.624279e-04,3.854156e-03,6.067498e-03,7.958770e-03,1.710151e-04,1.369169e-03
1.195835e-02,4.070073e-03,2.469518e-03,2.838722e-01,2.392983e-02,9.427375e-03,3.842962e-04,8.204083e-02,5.296148e-01,7.009677e-04,3.743256e-02,4.399091e-03,8.094262e-03,1.429206e-04,1.462792e-03
8.436658e-03,2.991607e-03,1.922705e-03,2.817345e-01,1.708396e-02,6.653728e-03,2.746764e-04,5.748074e-02,3.770361e-01,5.729434e-04,2.305491e-01,6.040061e-03,6.908078e-03,1.176404e-03,1.138640e-03
5.953815e-03,2.198745e-03,1.545252e-03,2.584618e-01,1.241440e-02,4.778709e-03,2.007256e-04,4.031027e-02,2.706698e-01,5.697833e-04,3.633828e-01,2.665022e-02,6.821641e-03,5.160232e-03,8.818585e-04
4.262208e-03,1.576293e-03,1.195570e-03,1.884087e-01,1.612142e-02,3.592928e-03,1.558435e-04,2.826717e-02,1.901829e-01,7.686402e-04,5.138663e-01,2.883253e-02,6.899536e-03,1.517148e-02,6.984584e-04
4.337208e-03,1.213556e-03,1.154912e-03,1.401954e-01,3.694018e-02,2.740619e-03,1.316590e-04,1.989846e-02,1.347673e-01,1.467673e-03,5.734619e-01,3.598355e-02,1.096085e-02,3.607949e-02,6.671538e-04
5.441970e-03,1.189522e-03,1.246965e-03,1.056695e-01,4.532430e-02,2.232659e-03,1.214590e-04,1.412851e-02,9.626462e-02,4.517859e-03,6.113116e-01,3.365525e-02,1.392898e-02,6.309064e-02,1.876160e-03
5.780107e-03,1.086901e-03,1.886768e-03,8.007579e-02,3.695275e-02,2.841974e-03,1.762839e-04,1.020221e-02,6.999416e-02,1.077288e-02,6.441342e-01,3.498631e-02,2.013485e-02,7.510760e-02,5.867239e-03
4.558421e-03,8.502378e-04,5.495384e-03,6.206612e-02,3.619367e-02,2.243910e-03,1.450310e-04,7.972934e-03,5.222808e-02,1.078107e-02,6.709619e-01,3.806169e-02,2.151842e-02,8.011719e-02,6.805942e-03
4.692768e-03,7.821860e-04,1.355704e-02,4.844698e-02,2.910408e-02,2.096082e-03,1.509146e-04,1.061163e-02,3.830584e-02,1.018297e-02,6.307306e-01,3.584867e-02,1.923425e-02,1.472230e-01,9.032956e-03
6.416571e-03,2.583576e-03,1.732224e-02,3.612043e-02,6.674255e-02,2.035248e-03,1.423080e-04,8.610895e-03,3.216890e-02,1.110174e-02,6.247846e-01,3.098780e-02,1.627719e-02,1.337645e-01,1.094148e-02
6.858580e-03,2.497661e-03,4.992975e-02,2.756703e-02,5.766961e-02,4.621363e-03,5.246180e-04,1.671843e-01,3.056685e-02,1.023445e-02,4.711592e-01,2.358356e-02,1.638320e-02,1.201354e-01,1.108443e-02
1.551850e-02,4.587742e-03,1.129746e-01,2.922829e-02,6.788503e-02,8.653635e-03,1.171860e-03,2.208576e-01,4.289608e-02,7.608557e-03,3.420884e-01,1.752945e-02,1.352250e-02,1.060616e-01,9.416125e-03
3.102333e-02,5.983873e-03,1.224132e-01,3.669359e-02,6.877324e-02,2.016716e-02,1.343003e-03,2.398696e-01,5.044040e-02,6.538837e-03,2.770450e-01,1.392106e-02,1.517548e-02,1.017577e-01,8.854577e-03
7.962004e-02,8.171283e-03,9.622621e-02,7.585062e-02,8.871689e-02,5.593118e-02,1.879721e-03,1.912732e-01,5.148124e-02,1.072805e-02,2.236516e-01,1.044533e-02,1.253861e-02,8.678094e-02,6.705110e-03
1.175770e-01,9.556566e-03,7.571773e-02,9.158981e-02,1.063679e-01,9.436078e-02,2.295495e-03,1.555143e-01,5.215850e-02,1.758832e-02,1.855569e-01,8.075179e-03,1.073354e-02,6.752849e-02,5.379641e-03
1.146916e-01,9.586064e-03,6.372230e-02,1.596128e-01,1.461624e-01,7.554789e-02,2.474116e-03,1.462267e-01,4.725344e-02,1.719842e-02,1.485125e-01,6.194057e-03,9.188385e-03,4.944565e-02,4.183816e-03
1.522883e-01,1.866003e-02,4.593889e-02,1.384869e-01,1.593198e-01,6.172297e-02,2.147486e-03,1.055642e-01,6.119018e-02,3.121979e-02,1.695302e-01,5.480987e-03,7.664714e-03,3.691420e-02,3.871293e-03
1.783165e-01,1.913956e-02,3.351368e-02,1.521979e-01,1.537690e-01,4.884948e-02,1.814531e-03,8.440298e-02,7.558275e-02,4.008648e-02,1.665621e-01,6.628860e-03,7.854747e-03,2.752436e-02,3.757166e-03
1.824319e-01,1.923667e-02,2.608342e-02,1.954702e-01,1.298031e-01,3.668119e-02,2.117625e-03,1.077309e-01,7.369745e-02,4.767218e-02,1.419946e-01,7.197497e-03,6.895454e-03,1.974020e-02,3.247632e-03
1.712645e-01,1.608937e-02,2.085480e-02,1.684711e-01,1.189884e-01,2.721291e-02,2.315289e-03,2.254192e-01,6.528630e-02,4.304325e-02,1.124558e-01,6.180935e-03,5.725097e-03,1.406808e-02,2.624973e-03
2.481370e-01,1.972405e-02,2.011980e-02,1.448420e-01,1.049369e-01,2.727652e-02,2.551909e-03,1.697545e-01,7.633241e-02,4.790223e-02,9.782585e-02,1.189368e-02,9.091506e-03,1.256770e-02,7.043952e-03
3.508198e-01,2.098446e-02,1.936776e-02,1.132490e-01,8.615411e-02,2.300255e-02,2.308142e-03,1.221603e-01,7.266705e-02,4.404406e-02,8.723477e-02,1.575941e-02,1.067028e-02,1.597532e-02,1.560295e-02
4.641962e-01,2.133350e-02,1.607993e-02,8.868394e-02,7.296296e-02,2.004344e-02,2.143318e-03,8.739957e-02,5.589221e-02,3.398510e-02,6.922218e-02,1.785306e-02,1.082656e-02,1.677579e-02,2.260230e-02
1.000000e+00,0.000000e+00,0.000000e+00,0.000000e+00,0.000000e+00,0.000000e+00,0.000000e+00,0.000000e+00,0.000000e+00,0.000000e+00,0.000000e+00,0.000000e+00,0.000000e+00,0.000000e+00,0.000000e+00
1.000000e+00,0.000000e+00,0.000000e+00,0.000000e+00,0.000000e+00,0.000000e+00,0.000000e+00,0.000000e+00,0.000000e+00,0.000000e+00,0.000000e+00,0.000000e+00,0.000000e+00,0.000000e+00,0.000000e+00
1.000000e+00,0.000000e+00,0.000000e+00,0.000000e+00,0.000000e+00,0.000000e+00,0.000000e+00,0.000000e+00,0.000000e+00,0.000000e+00,0.000000e+00,0.000000e+00,0.000000e+00,0.000000e+00,0.000000e+00
1.000000e+00,0.000000e+00,0.000000e+00,0.000000e+00,0.000000e+00,0.000000e+00,0.000000e+00,0.000000e+00,0.000000e+00,0.000000e+00,0.000000e+00,0.000000e+00,0.000000e+00,0.000000e+00,0.000000e+00
4.569394e-01,2.512200e-02,1.408945e-02,3.159359e-02,2.063795e-02,1.669122e-01,1.100532e-03,1.837297e-02,4.641120e-02,1.911649e-02,3.321626e-02,1.695598e-02,9.431520e-03,4.288989e-02,9.721056e-02
3.339783e-01,1.881913e-02,1.081192e-02,2.310102e-02,1.481067e-02,1.298287e-01,9.831660e-04,1.315183e-02,2.009106e-01,2.330475e-02,2.622519e-02,1.262915e-02,7.322590e-03,6.544520e-02,1.186778e-01
2.500342e-01,1.538307e-02,8.396923e-03,1.651034e-02,1.048690e-02,1.054353e-01,1.130161e-03,9.422169e-03,1.790535e-01,1.982726e-02,2.086229e-02,9.344654e-03,5.434462e-03,1.869373e-01,1.617415e-01
2.125204e-01,1.238242e-02,6.877281e-03,1.198431e-02,7.456154e-03,9.036950e-02,1.865935e-03,7.187393e-03,1.344522e-01,1.793568e-02,2.145394e-02,7.848946e-03,5.403073e-03,2.766463e-01,1.856165e-01
1.923730e-01,2.009735e-02,6.106127e-03,8.890686e-03,5.616351e-03,7.648870e-02,3.131742e-03,5.680538e-03,1.089913e-01,2.162174e-02,3.170008e-02,7.493319e-03,8.204545e-03,3.281238e-01,1.754806e-01
1.496012e-01,2.018413e-02,4.628884e-03,6.508112e-03,4.062289e-03,5.591783e-02,2.493278e-03,4.240615e-03,8.637027e-02,2.772565e-02,3.697396e-02,6.915640e-03,7.292333e-03,4.282417e-01,1.588441e-01
1.100523e-01,4.569796e-02,5.047277e-03,6.100676e-03,3.426438e-03,4.143868e-02,2.389859e-03,3.783329e-03,1.210433e-01,2.362642e-02,3.892706e-02,6.300364e-03,7.114490e-03,3.922835e-01,1.927684e-01
7.875603e-02,7.072151e-02,3.834617e-03,4.859483e-03,2.914679e-03,3.237012e-02,1.754005e-03,2.790968e-03,1.418964e-01,1.875963e-02,3.188670e-02,5.249311e-03,5.955112e-03,4.363082e-01,1.619433e-01
5.832777e-02,2.323606e-01,4.191176e-03,4.060526e-03,3.279260e-03,2.430591e-02,1.508895e-03,3.336034e-03,1.518396e-01,1.585029e-02,2.433009e-02,3.799850e-03,4.898421e-03,3.505501e-01,1.173615e-01
4.213650e-02,2.770074e-01,3.674103e-03,3.326933e-03,4.557366e-03,2.369443e-02,1.176307e-03,3.519082e-03,2.390847e-01,1.398490e-02,1.805134e-02,3.130640e-03,4.840441e-03,2.757926e-01,8.602332e-02
3.004850e-02,3.207453e-01,3.269626e-03,2.766386e-03,5.668218e-03,2.299725e-02,1.335256e-03,3.161225e-03,2.878375e-01,1.137022e-02,1.345781e-02,2.412990e-03,4.402679e-03,2.274908e-01,6.303632e-02
2.204397e-02,3.055063e-01,3.123780e-03,5.624982e-03,6.435775e-03,3.731814e-02,1.171287e-03,1.045167e-02,3.136978e-01,1.588614e-02,1.420929e-02,2.390872e-03,6.239721e-03,1.999984e-01,5.590183e-02
1.793096e-02,2.817772e-01,3.301161e-03,4.999205e-03,1.187977e-02,4.808109e-02,1.323766e-03,1.341901e-02,3.268149e-01,1.588765e-02,2.512699e-02,3.949171e-03,1.461291e-02,1.706796e-01,6.021675e-02
2.244988e-02,2.449482e-01,3.605747e-03,5.519631e-03,1.877493e-02,8.422567e-02,1.356990e-03,3.382330e-02,3.301170e-01,1.260769e-02,3.075631e-02,7.541939e-03,2.363213e-02,1.334755e-01,4.716517e-02
2.557593e-02,3.267989e-01,3.960320e-03,7.519149e-03,2.093278e-02,7.392889e-02,1.140971e-03,3.423423e-02,3.013046e-01,9.379548e-03,2.476714e-02,1.082854e-02,2.853669e-02,9.625786e-02,3.483458e-02
3.035586e-02,3.784970e-01,4.710656e-03,7.027237e-03,3.104758e-02,6.418057e-02,1.132316e-03,5.731033e-02,2.573105e-01,7.007599e-03,2.127292e-02,1.212898e-02,3.212414e-02,6.973062e-02,2.616391e-02
4.891772e-02,3.483408e-01,7.241066e-03,1.439512e-02,3.477984e-02,5.103122e-02,1.424662e-03,1.186766e-01,2.191274e-01,5.246344e-03,1.815510e-02,1.159144e-02,4.503766e-02,5.047603e-02,2.555902e-02
6.153765e-02,2.904293e-01,6.295616e-03,1.280187e-02,6.027547e-02,5.485117e-02,2.121205e-03,1.108087e-01,2.215542e-01,3.835492e-03,1.607611e-02,1.116414e-02,9.041622e-02,3.602083e-02,2.181205e-02
9.160399e-02,2.621558e-01,4.910604e-03,1.272020e-02,9.644631e-02,5.451614e-02,2.611328e-03,1.009725e-01,2.004578e-01,2.808782e-03,1.376979e-02,9.853371e-03,1.024114e-01,2.584697e-02,1.891497e-02
1.203374e-01,2.332334e-01,5.232021e-03,1.423991e-02,1.142668e-01,6.421903e-02,4.902081e-03,1.087312e-01,1.850097e-01,2.214069e-03,1.052043e-02,8.202108e-03,9.226549e-02,1.879872e-02,1.782767e-02
1.154330e-01,2.316411e-01,4.970513e-03,1.251388e-02,1.420229e-01,7.721410e-02,5.276518e-03,1.014959e-01,1.844794e-01,1.751807e-03,8.204210e-03,6.770543e-03,8.031867e-02,1.369972e-02,1.420780e-02
1.410958e-01,1.811509e-01,8.537465e-03,3.962179e-02,1.321552e-01,8.489537e-02,5.180192e-03,1.331975e-01,1.589037e-01,1.587546e-03,6.725226e-03,7.380543e-03,7.594620e-02,1.010069e-02,1.352198e-02
1.626305e-01,1.336606e-01,6.849186e-03,3.233542e-02,1.157559e-01,7.402273e-02,5.136333e-03,2.402197e-01,1.383384e-01,1.244351e-03,5.051643e-03,5.949665e-03,6.176096e-02,7.180197e-03,9.864450e-03
2.573614e-01,1.040501e-01,5.555907e-03,2.429767e-02,9.463842e-02,1.065840e-01,4.060857e-03,1.806603e-01,1.231754e-01,1.040594e-03,4.381421e-03,5.355580e-03,7.530649e-02,5.424272e-03,8.107660e-03
3.248426e-01,8.017974e-02,7.750226e-03,1.834169e-02,7.420281e-02,1.609557e-01,4.404205e-03,1.388255e-01,1.056092e-01,8.390918e-04,3.721296e-03,4.884190e-03,6.454627e-02,4.113636e-03,6.783949e-03
3.843522e-01,6.143405e-02,7.412768e-03,1.371155e-02,6.028458e-02,1.938686e-01,3.803174e-03,1.021199e-01,9.210308e-02,7.242629e-04,3.301836e-03,4.787568e-03,6.239540e-02,3.380387e-03,6.320656e-03
4.788380e-01,4.722874e-02,1.952690e-02,1.153913e-02,4.421486e-02,1.427145e-01,9.949218e-03,1.018308e-01,7.197606e-02,8.708044e-04,3.376951e-03,7.504573e-03,4.949481e-02,3.378696e-03,7.555965e-03
1.000000e+00,0.000000e+00,0.000000e+00,0.000000e+00,0.000000e+00,0.000000e+00,0.000000e+00,0.000000e+00,0.000000e+00,0.000000e+00,0.000000e+00,0.000000e+00,0.000000e+00,0.000000e+00,0.000000e+00
1.000000e+00,0.000000e+00,0.000000e+00,0.000000e+00,0.000000e+00,0.000000e+00,0.000000e+00,0.000000e+00,0.000000e+00,0.000000e+00,0.000000e+00,0.000000e+00,0.000000e+00,0.000000e+00,0.000000e+00
1.000000e+00,0.000000e+00,0.000000e+00,0.000000e+00,0.000000e+00,0.000000e+00,0.000000e+00,0.000000e+00,0.000000e+00,0.000000e+00,0.000000e+00,0.000000e+00,0.000000e+00,0.000000e+00,0.000000e+00
1.000000e+00,0.000000e+00,0.000000e+00,0.000000e+00,0.000000e+00,0.000000e+00,0.000000e+00,0.000000e+00,0.000000e+00,0.000000e+00,0.000000e+00,0.000000e+00,0.000000e+00,0.000000e+00,0.000000e+00
1.000000e+00,0.000000e+00,0.000000e+00,0.000000e+00,0.000000e+00,0.000000e+00,0.000000e+00,0.000000e+00,0.000000e+00,0.000000e+00,0.000000e+00,0.000000e+00,0.000000e+00,0.000000e+00,0.000000e+00
1.000000e+00,0.000000e+00,0.000000e+00,0.000000e+00,0.000000e+00,0.000000e+00,0.000000e+00,0.000000e+00,0.000000e+00,0.000000e+00,0.000000e+00,0.000000e+00,0.000000e+00,0.000000e+00,0.000000e+00
1.000000e+00,0.000000e+00,0.000000e+00,0.000000e+00,0.000000e+00,0.000000e+00,0.000000e+00,0.000000e+00,0.000000e+00,0.000000e+00,0.000000e+00,0.000000e+00,0.000000e+00,0.000000e+00,0.000000e+00
1.000000e+00,0.000000e+00,0.000000e+00,0.000000e+00,0.000000e+00,0.000000e+00,0.000000e+00,0.000000e+00,0.000000e+00,0.000000e+00,0.000000e+00,0.000000e+00,0.000000e+00,0.000000e+00,0.000000e+00
4.720966e-01,4.291930e-03,5.024639e-03,5.028724e-03,3.329091e-03,7.177419e-02,1.749862e-02,1.025118e-02,6.474143e-03,9.170385e-04,4.175116e-03,1.006881e-02,3.702348e-01,1.001251e-03,1.783392e-02
3.343450e-01,3.025043e-03,3.590025e-03,3.590564e-03,2.548382e-03,6.145880e-02,1.427949e-02,7.208735e-03,4.644850e-03,1.045304e-03,4.646458e-03,1.273374e-02,4.847943e-01,8.206770e-04,6.126866e-02
2.342336e-01,2.124597e-03,2.529764e-03,2.529038e-03,1.944487e-03,4.427752e-02,1.012246e-02,5.048139e-03,3.289649e-03,8.920485e-04,4.054918e-03,1.488618e-02,6.072456e-01,6.394384e-04,6.618262e-02
1.641704e-01,1.496074e-03,1.802432e-03,1.801120e-03,1.658356e-03,3.872121e-02,7.345965e-03,3.545882e-03,2.344561e-03,1.652447e-03,4.819981e-03,2.056669e-02,6.542091e-01,6.112159e-04,9.525460e-02
1.150888e-01,1.062348e-03,1.472861e-03,1.273514e-03,1.819212e-03,2.960027e-02,5.534597e-03,2.579653e-03,1.723378e-03,2.810371e-03,5.221333e-03,1.897874e-02,5.609187e-01,5.207083e-04,2.513956e-01
8.063328e-02,7.559116e-04,1.165889e-03,9.061288e-04,1.818679e-03,2.287021e-02,4.090695e-03,1.850999e-03,1.260061e-03,4.579417e-03,5.714121e-03,1.809765e-02,5.698251e-01,5.184003e-04,2.859135e-01
5.650226e-02,5.356975e-04,1.156931e-03,6.827007e-04,3.196761e-03,1.613238e-02,6.556645e-03,1.469657e-03,9.425682e-04,2.430516e-02,1.222214e-02,2.720159e-02,4.586002e-01,4.841671e-04,3.900112e-01
3.960218e-02,3.833458e-04,9.306899e-04,5.474936e-04,2.871237e-03,1.137767e-02,6.420440e-03,1.200575e-03,7.526125e-04,5.336615e-02,1.383681e-02,2.458998e-02,3.472555e-01,5.182661e-04,4.963471e-01
2.778073e-02,2.963702e-04,9.618140e-04,6.021250e-04,3.010920e-03,8.228608e-03,6.194804e-03,1.768795e-03,7.277149e-04,4.681718e-02,1.205157e-02,2.146893e-02,2.771537e-01,5.544823e-04,5.923823e-01
1.950000e-02,2.412417e-04,9.563490e-04,7.006028e-04,3.892517e-03,5.860687e-03,4.690305e-03,2.794599e-03,9.779343e-04,5.708518e-02,1.424624e-02,1.695451e-02,2.614915e-01,6.189565e-04,6.099895e-01
1.370334e-02,1.800043e-04,1.053098e-03,1.134672e-03,5.646584e-03,4.134697e-03,3.371807e-03,1.634893e-02,1.056983e-03,6.759767e-02,2.011885e-02,1.308386e-02,3.272491e-01,5.354721e-04,5.247850e-01
1.054558e-02,1.800784e-04,1.124545e-03,2.805532e-03,1.019803e-02,2.988793e-03,2.561231e-03,9.576732e-02,2.026969e-03,8.081542e-02,2.367450e-02,1.133376e-02,3.198481e-01,4.730201e-04,4.356572e-01
7.724734e-03,1.608740e-04,1.260586e-03,4.767127e-03,9.858971e-03,2.113130e-03,1.838252e-03,3.253582e-01,1.748399e-03,6.323411e-02,1.979224e-02,8.307140e-03,2.379978e-01,3.609014e-04,3.154777e-01
7.301381e-03,2.521079e-04,4.531678e-03,1.228493e-02,1.662006e-02,1.816781e-03,1.911692e-03,4.853372e-01,2.023186e-03,4.773125e-02,1.677516e-02,6.223826e-03,1.732747e-01,3.327047e-04,2.235834e-01
6.677944e-03,2.256849e-04,4.749526e-03,1.058723e-02,1.607270e-02,1.885872e-03,1.683827e-03,6.254534e-01,1.553889e-03,3.443273e-02,1.248821e-02,4.455613e-03,1.224623e-01,2.581645e-04,1.570131e-01
6.491140e-03,2.145182e-04,5.369192e-03,1.247815e-02,1.563310e-02,1.766219e-03,1.367424e-03,7.209777e-01,1.229041e-03,2.438102e-02,9.113269e-03,3.225563e-03,8.660610e-02,2.012415e-04,1.109464e-01
9.009659e-03,2.200348e-04,5.184816e-03,1.213427e-02,2.313134e-02,2.180171e-03,1.401159e-03,7.802497e-01,9.250100e-04,1.730563e-02,6.487001e-03,2.293107e-03,6.084716e-02,1.888702e-04,7.844200e-02
1.321669e-02,2.335440e-04,4.565979e-03,1.102569e-02,2.446469e-02,2.310705e-03,1.333847e-03,8.251311e-01,7.568334e-04,1.217018e-02,4.651821e-03,1.640522e-03,4.270865e-02,1.680726e-04,5.562165e-02
1.508891e-02,2.557508e-04,4.565733e-03,9.741793e-03,2.394377e-02,1.879781e-03,1.163897e-03,8.604034e-01,6.249378e-04,8.558616e-03,3.389866e-03,1.234639e-03,2.998803e-02,1.599463e-04,3.900083e-02
1.422274e-02,2.076778e-04,3.433885e-03,7.678525e-03,1.803342e-02,1.419999e-03,9.336068e-04,8.956572e-01,5.089741e-04,6.026817e-03,2.434206e-03,9.355255e-04,2.103774e-02,1.287022e-04,2.734096e-02
1.635282e-02,2.079265e-04,2.770893e-03,6.338333e-03,1.364635e-02,1.213618e-03,8.827304e-04,9.169573e-01,4.449954e-04,4.255116e-03,1.781200e-03,9.300446e-04,1.485109e-02,1.340540e-04,1.923361e-02
1.661955e-02,2.132064e-04,2.257292e-03,5.207802e-03,1.067313e-02,1.007860e-03,7.965628e-04,9.335264e-01,3.747685e-04,2.999239e-03,1.341901e-03,8.375548e-04,1.049259e-02,1.168219e-04,1.353534e-02
1.657064e-02,2.273219e-04,1.721567e-03,4.246679e-03,8.500488e-03,8.787194e-04,7.017892e-04,9.456531e-01,3.470765e-04,2.132685e-03,1.034857e-03,8.557077e-04,7.468577e-03,1.156633e-04,9.545170e-03
2.687704e-02,3.415216e-04,1.931438e-03,4.587194e-03,7.540788e-03,1.285220e-03,9.022988e-04,9.392737e-01,5.257941e-04,1.572580e-03,1.034184e-03,1.487008e-03,5.523913e-03,2.001749e-04,6.917248e-03
4.885976e-02,6.368919e-04,2.945232e-03,5.362041e-03,6.665820e-03,2.703076e-03,1.726481e-03,9.133199e-01,9.427929e-04,1.424016e-03,1.336663e-03,3.484688e-03,4.610421e-03,3.767684e-04,5.605468e-03
7.096366e-02,7.720469e-04,3.290757e-03,4.998509e-03,5.412346e-03,3.186651e-03,1.818545e-03,8.924710e-01,1.045441e-03,1.208551e-03,1.421182e-03,4.356172e-03,3.872394e-03,5.249464e-04,4.657869e-03
1.180681e-01,1.444501e-03,4.624086e-03,6.000106e-03,4.971971e-03,8.105440e-03,1.801807e-03,8.329247e-01,1.253351e-03,1.345852e-03,1.733523e-03,5.076154e-03,4.432566e-03,1.136806e-03,7.080969e-03
1.925378e-01,2.094548e-03,5.479821e-03,6.383934e-03,5.188975e-03,8.877642e-03,1.656960e-03,7.407373e-01,1.844010e-03,1.996794e-03,3.582540e-03,9.689017e-03,7.221155e-03,1.889591e-03,1.081991e-02
2.860785e-01,4.863872e-03,7.282740e-03,1.105979e-02,5.651597e-03,1.343644e-02,1.399570e-03,5.541634e-01,1.354041e-02,9.128935e-03,9.816413e-03,1.574659e-02,1.198910e-02,6.095295e-03,4.974731e-02
3.254841e-01,6.612063e-03,7.510327e-03,1.578834e-02,5.128762e-03,1.574795e-02,1.192870e-03,4.189297e-01,3.135373e-02,2.647001e-02,1.119664e-02,1.764715e-02,1.732423e-02,6.965101e-03,9.264905e-02
3.608206e-01,6.074556e-03,7.838566e-03,1.351605e-02,4.918224e-03,1.634291e-02,1.153881e-03,3.463599e-01,3.673634e-02,3.663369e-02,1.196844e-02,1.505882e-02,1.634530e-02,1.132913e-02,1.149036e-01
4.539216e-01,5.698714e-03,7.257228e-03,1.250560e-02,5.107747e-03,1.698678e-02,1.113417e-03,2.788099e-01,3.301629e-02,2.846720e-02,1.021310e-02,1.300804e-02,1.385612e-02,1.778821e-02,1.022500e-01
1.000000e+00,0.000000e+00,0.000000e+00,0.000000e+00,0.000000e+00,0.000000e+00,0.000000e+00,0.000000e+00,0.000000e+00,0.000000e+00,0.000000e+00,0.000000e+00,0.000000e+00,0.000000e+00,0.000000e+00
4.459154e-01,6.297063e-03,4.337667e-03,1.173988e-02,3.993859e-03,2.796893e-02,9.265193e-04,1.420192e-01,1.140924e-01,2.739295e-02,9.793359e-03,1.168435e-02,1.391476e-02,2.050642e-02,1.594172e-01
3.696600e-01,6.549958e-03,3.129384e-03,8.817164e-03,3.203825e-03,2.429887e-02,7.055271e-04,9.959660e-02,1.155182e-01,2.476475e-02,9.034473e-03,9.152259e-03,1.256063e-02,2.034854e-02,2.926599e-01
3.177890e-01,6.720735e-03,3.655763e-03,8.821737e-03,4.368988e-03,2.202081e-02,6.497396e-04,6.999244e-02,1.451787e-01,1.847580e-02,9.236846e-03,8.104976e-03,1.086870e-02,1.669976e-02,3.574160e-01
2.934373e-01,6.566175e-03,5.110100e-03,6.800658e-03,3.402741e-03,2.266457e-02,4.824150e-04,4.905983e-02,1.464308e-01,1.593829e-02,8.345325e-03,6.054935e-03,8.321612e-03,1.820784e-02,4.091774e-01
2.141872e-01,5.991756e-03,5.718275e-03,4.927643e-03,2.453503e-03,1.738654e-02,3.494323e-04,3.439083e-02,2.569947e-01,1.627954e-02,6.784711e-03,4.299857e-03,6.255369e-03,2.797086e-02,3.960098e-01
1.565044e-01,4.830337e-03,3.343910e-02,3.692837e-03,1.846955e-03,1.399565e-02,2.910800e-04,2.412144e-02,2.816207e-01,6.106149e-02,6.690391e-03,3.182237e-03,5.549853e-03,5.342420e-02,3.497493e-01
1.119486e-01,4.778127e-03,5.826656e-02,4.453266e-03,1.500310e-03,1.082372e-02,2.446470e-04,1.693835e-02,2.877995e-01,5.249533e-02,2.187078e-02,3.142184e-03,2.575027e-02,4.382977e-02,3.561586e-01
7.938603e-02,3.739415e-03,4.833721e-02,4.059152e-03,1.378767e-03,8.602071e-03,2.592565e-04,1.196493e-02,3.111857e-01,4.297244e-02,4.203029e-02,3.963810e-03,8.454915e-02,4.163155e-02,3.159403e-01
5.654382e-02,3.129516e-03,3.577676e-02,4.507399e-03,1.481425e-02,6.542806e-03,7.370929e-04,8.627838e-03,2.557291e-01,3.918976e-02,4.492051e-02,5.254510e-03,1.878146e-01,2.998812e-02,3.064239e-01
4.012243e-02,2.859774e-03,2.641825e-02,4.006436e-03,3.036607e-02,5.031016e-03,2.247849e-03,7.027916e-03,1.911399e-01,3.281830e-02,5.178843e-02,5.445630e-03,2.594098e-01,2.308086e-02,3.182374e-01
2.923795e-02,9.601821e-03,2.036452e-02,3.309324e-03,3.781281e-02,1.338101e-02,3.415398e-03,6.303845e-03,2.886354e-01,2.359137e-02,4.662228e-02,5.457840e-03,2.228402e-01,1.715516e-02,2.722710e-01
2.738619e-02,2.321860e-02,3.526600e-02,2.351199e-02,8.858518e-02,1.735830e-02,6.690998e-03,1.015355e-02,3.074981e-01,1.911294e-02,3.528254e-02,4.786512e-03,1.662194e-01,1.260516e-02,2.223245e-01
4.182076e-02,2.712485e-02,3.526913e-02,3.560991e-02,9.671058e-02,2.093959e-02,6.792571e-03,1.479006e-02,2.952279e-01,1.498446e-02,2.803718e-02,4.539076e-03,1.291951e-01,9.580426e-03,2.393784e-01
6.160562e-02,3.440470e-02,3.989387e-02,3.438151e-02,1.517592e-01,2.763292e-02,9.922625e-03,1.506352e-02,2.873912e-01,1.278898e-02,2.071940e-02,3.915815e-03,1.081597e-01,7.066624e-03,1.852942e-01
9.357701e-02,5.427589e-02,4.317306e-02,5.354691e-02,1.589635e-01,2.738319e-02,1.017950e-02,2.239471e-02,2.739185e-01,1.448196e-02,1.610037e-02,3.735392e-03,8.032023e-02,5.249652e-03,1.427000e-01
1.611640e-01,5.967585e-02,3.600600e-02,4.553016e-02,1.403954e-01,2.302857e-02,1.179558e-02,3.458037e-02,2.635729e-01,1.158057e-02,1.268895e-02,4.394253e-03,6.573445e-02,4.277916e-03,1.255749e-01
2.071793e-01,5.505624e-02,3.138691e-02,5.161287e-02,1.342553e-01,1.976230e-02,1.088322e-02,8.138330e-02,2.308759e-01,1.051030e-02,1.047701e-02,4.345957e-03,5.378454e-02,3.833730e-03,9.465310e-02
2.140175e-01,5.092845e-02,4.055351e-02,5.717269e-02,1.313623e-01,2.501417e-02,1.117233e-02,9.412599e-02,2.264129e-01,9.855656e-03,9.117197e-03,5.306615e-03,4.948968e-02,3.321112e-03,7.214985e-02
2.422308e-01,3.928533e-02,4.706796e-02,5.218847e-02,1.146339e-01,2.693394e-02,1.061981e-02,1.114586e-01,2.431819e-01,8.072205e-03,7.413701e-03,5.897474e-03,3.719875e-02,2.498061e-03,5.131897e-02
2.817495e-01,3.074062e-02,4.109747e-02,4.448110e-02,1.110453e-01,3.032338e-02,1.289526e-02,1.178117e-01,2.434289e-01,6.730452e-03,5.948265e-03,6.726060e-03,2.827360e-02,1.883391e-03,3.686489e-02
