1.000000e+00,0.000000e+00,0.000000e+00,0.000000e+00,0.000000e+00,0.000000e+00,0.000000e+00,0.000000e+00,0.000000e+00,0.000000e+00,0.000000e+00,0.000000e+00,0.000000e+00,0.000000e+00,0.000000e+00
1.000000e+00,0.000000e+00,0.000000e+00,0.000000e+00,0.000000e+00,0.000000e+00,0.000000e+00,0.000000e+00,0.000000e+00,0.000000e+00,0.000000e+00,0.000000e+00,0.000000e+00,0.000000e+00,0.000000e+00
1.000000e+00,0.000000e+00,0.000000e+00,0.000000e+00,0.000000e+00,0.000000e+00,0.000000e+00,0.000000e+00,0.000000e+00,0.000000e+00,0.000000e+00,0.000000e+00,0.000000e+00,0.000000e+00,0.000000e+00
1.000000e+00,0.000000e+00,0.000000e+00,0.000000e+00,0.000000e+00,0.000000e+00,0.000000e+00,0.000000e+00,0.000000e+00,0.000000e+00,0.000000e+00,0.000000e+00,0.000000e+00,0.000000e+00,0.000000e+00
1.000000e+00,0.000000e+00,0.000000e+00,0.000000e+00,0.000000e+00,0.000000e+00,0.000000e+00,0.000000e+00,0.000000e+00,0.000000e+00,0.000000e+00,0.000000e+00,0.000000e+00,0.000000e+00,0.000000e+00
1.000000e+00,0.000000e+00,0.000000e+00,0.000000e+00,0.000000e+00,0.000000e+00,0.000000e+00,0.000000e+00,0.000000e+00,0.000000e+00,0.000000e+00,0.000000e+00,0.000000e+00,0.000000e+00,0.000000e+00
1.000000e+00,0.000000e+00,0.000000e+00,0.000000e+00,0.000000e+00,0.000000e+00,0.000000e+00,0.000000e+00,0.000000e+00,0.000000e+00,0.000000e+00,0.000000e+00,0.000000e+00,0.000000e+00,0.000000e+00
1.000000e+00,0.000000e+00,0.000000e+00,0.000000e+00,0.000000e+00,0.000000e+00,0.000000e+00,0.000000e+00,0.000000e+00,0.000000e+00,0.000000e+00,0.000000e+00,0.000000e+00,0.000000e+00,0.000000e+00
1.000000e+00,0.000000e+00,0.000000e+00,0.000000e+00,0.000000e+00,0.000000e+00,0.000000e+00,0.000000e+00,0.000000e+00,0.000000e+00,0.000000e+00,0.000000e+00,0.000000e+00,0.000000e+00,0.000000e+00
1.000000e+00,0.000000e+00,0.000000e+00,0.000000e+00,0.000000e+00,0.000000e+00,0.000000e+00,0.000000e+00,0.000000e+00,0.000000e+00,0.000000e+00,0.000000e+00,0.000000e+00,0.000000e+00,0.000000e+00
1.000000e+00,0.000000e+00,0.000000e+00,0.000000e+00,0.000000e+00,0.000000e+00,0.000000e+00,0.000000e+00,0.000000e+00,0.000000e+00,0.000000e+00,0.000000e+00,0.000000e+00,0.000000e+00,0.000000e+00
1.000000e+00,0.000000e+00,0.000000e+00,0.000000e+00,0.000000e+00,0.000000e+00,0.000000e+00,0.000000e+00,0.000000e+00,0.000000e+00,0.000000e+00,0.000000e+00,0.000000e+00,0.000000e+00,0.000000e+00
4.835898e-01,6.264294e-03,2.441673e-02,1.087331e-02,7.508531e-03,6.774794e-02,2.079996e-01,1.428348e-01,2.032697e-03,1.154673e-03,3.447099e-03,1.840178e-02,1.466139e-02,1.538261e-03,7.529076e-03
4.068814e-01,4.819588e-03,2.807938e-02,8.456026e-03,6.626958e-03,5.133474e-02,2.134682e-01,2.441446e-01,1.524669e-03,8.949765e-04,2.540940e-03,1.323562e-02,1.106489e-02,1.191032e-03,5.737121e-03
3.486546e-01,3.658195e-03,2.507938e-02,6.606283e-03,5.475908e-03,4.147263e-02,1.817284e-01,3.585345e-01,1.197230e-03,7.145568e-04,2.065372e-03,1.016761e-02,8.968020e-03,9.443334e-04,4.733000e-03
2.749568e-01,2.703073e-03,2.137513e-02,5.147065e-03,4.745851e-03,3.219878e-02,1.430537e-01,4.938142e-01,9.011671e-04,5.672741e-04,1.635869e-03,7.629078e-03,6.894166e-03,7.077421e-04,3.670325e-03
2.140318e-01,2.025138e-03,2.104040e-02,4.228166e-03,4.938416e-03,2.413784e-02,1.199778e-01,5.929354e-01,6.635835e-04,4.733368e-04,1.262043e-03,5.734743e-03,5.267344e-03,5.266629e-04,2.757443e-03
2.322149e-01,1.778046e-03,1.885217e-02,3.453145e-03,7.953406e-03,2.016101e-02,9.195013e-02,6.046812e-01,7.594596e-04,8.807827e-04,1.780135e-03,6.518742e-03,5.200844e-03,5.523582e-04,3.263756e-03
1.987827e-01,1.631675e-03,3.181100e-02,4.320821e-03,1.006655e-02,1.501037e-02,6.763180e-02,6.540286e-01,6.888981e-04,9.335257e-04,1.559939e-03,5.574667e-03,4.593813e-03,5.729144e-04,2.792850e-03
2.121770e-01,1.720501e-03,4.704485e-02,5.140342e-03,1.640885e-02,1.250825e-02,5.164835e-02,6.325399e-01,1.102624e-03,1.574484e-03,1.977686e-03,6.362020e-03,5.731473e-03,8.820696e-04,3.181541e-03
1.833137e-01,1.423482e-03,4.153829e-02,4.449363e-03,1.578102e-02,9.987821e-03,4.099604e-02,6.849672e-01,9.035217e-04,1.330042e-03,1.701728e-03,5.301950e-03,4.891883e-03,7.337679e-04,2.680295e-03
1.767854e-01,1.204525e-03,4.337173e-02,3.954775e-03,1.259440e-02,9.588435e-03,5.122102e-02,6.852487e-01,7.722989e-04,1.052393e-03,1.432852e-03,5.165869e-03,4.553238e-03,6.529078e-04,2.401469e-03
1.365653e-01,1.072846e-03,5.814546e-02,4.170593e-03,1.019622e-02,1.052795e-02,7.376765e-02,6.921724e-01,5.799537e-04,9.157907e-04,1.185081e-03,4.143021e-03,3.867889e-03,6.173936e-04,2.072531e-03
1.318505e-01,9.693694e-04,5.625131e-02,4.267403e-03,9.060673e-03,1.092690e-02,7.334210e-02,7.001739e-01,5.355095e-04,9.986295e-04,1.230906e-03,3.739712e-03,3.985963e-03,5.979526e-04,2.069230e-03
1.551455e-01,1.488500e-03,6.188370e-02,6.281619e-03,9.526993e-03,1.770571e-02,6.495781e-02,6.570830e-01,2.411381e-03,3.844844e-03,2.891319e-03,5.368664e-03,6.780477e-03,9.899614e-04,3.640448e-03
1.951937e-01,1.999700e-03,4.907757e-02,5.044696e-03,1.030766e-02,1.948809e-02,5.211576e-02,5.986374e-01,1.602292e-02,6.040792e-03,1.151233e-02,7.762365e-03,1.918530e-02,2.421702e-03,5.190014e-03
1.532890e-01,2.293675e-03,3.685062e-02,4.448213e-03,1.003516e-02,1.639174e-02,4.885712e-02,5.355177e-01,3.192984e-02,1.547305e-02,1.483580e-02,5.259937e-02,6.151223e-02,9.058747e-03,6.907729e-03
1.165816e-01,2.000620e-03,2.606403e-02,1.069380e-02,9.077173e-03,1.354903e-02,4.781099e-02,4.116545e-01,4.371496e-02,1.355744e-02,1.237661e-02,1.662382e-01,1.093239e-01,1.036442e-02,6.992653e-03
1.064674e-01,3.057807e-03,1.894578e-02,1.306008e-02,1.364652e-02,1.132006e-02,3.558867e-02,3.017816e-01,4.328493e-02,1.147305e-02,2.696327e-02,1.524472e-01,2.388052e-01,1.176462e-02,1.139379e-02
8.145513e-02,2.982286e-03,1.509003e-02,1.016982e-02,1.302626e-02,8.341666e-03,2.566469e-02,2.149408e-01,3.571439e-02,9.671703e-03,2.243194e-02,1.919210e-01,3.210476e-01,1.603337e-02,3.150931e-02
5.946143e-02,2.288691e-03,1.151266e-02,7.464819e-03,1.377680e-02,6.412200e-03,1.810391e-02,1.529914e-01,2.872642e-02,7.283933e-03,1.837060e-02,1.601128e-01,4.713431e-01,1.373318e-02,2.841809e-02
4.280274e-02,1.852703e-03,8.440155e-03,5.519581e-03,1.333218e-02,4.892887e-03,1.287048e-02,1.080221e-01,2.692974e-02,7.791794e-03,1.692727e-02,1.740357e-01,5.186803e-01,1.656896e-02,4.133344e-02
3.022722e-02,9.256853e-03,7.171744e-03,3.970113e-03,1.665565e-02,3.901319e-03,9.092497e-03,7.576536e-02,1.002938e-01,6.854676e-03,1.573038e-02,1.561727e-01,5.090833e-01,1.347836e-02,4.234606e-02
2.163396e-02,7.111800e-03,6.038386e-03,2.866603e-03,1.991906e-02,3.033627e-03,6.536528e-03,5.692367e-02,8.358704e-02,6.123379e-03,1.686748e-02,1.476680e-01,5.710678e-01,1.077099e-02,3.985179e-02
1.523362e-02,5.126721e-03,4.994556e-03,2.069705e-03,2.525716e-02,2.258169e-03,4.705696e-03,4.132339e-02,8.267606e-02,4.999015e-03,1.879878e-02,1.401838e-01,6.137273e-01,7.924547e-03,3.072153e-02
1.091799e-02,3.699964e-03,3.877043e-03,1.995945e-03,2.536121e-02,1.850669e-03,3.338254e-03,3.159685e-02,7.632124e-02,6.378204e-03,2.840898e-02,1.429897e-01,6.338878e-01,5.885049e-03,2.349114e-02
8.333705e-03,3.851205e-03,5.362125e-03,2.624588e-03,4.973495e-02,2.429407e-03,2.434877e-03,2.895977e-02,1.205408e-01,7.756973e-03,3.227280e-02,1.203535e-01,5.910525e-01,4.493186e-03,1.979968e-02
6.820698e-03,4.901259e-03,1.871422e-02,3.825307e-03,1.062009e-01,2.921955e-03,2.259652e-03,3.065710e-02,1.540664e-01,6.934829e-03,3.853994e-02,1.003300e-01,5.025700e-01,3.947618e-03,1.731013e-02
6.032443e-03,7.152366e-03,1.635609e-02,3.339102e-03,1.766087e-01,3.165072e-03,2.018653e-03,4.147453e-02,2.006936e-01,7.386539e-03,3.841501e-02,7.480233e-02,4.026223e-01,3.366562e-03,1.656658e-02
7.339738e-03,8.863142e-03,1.793263e-02,3.467551e-03,1.755389e-01,3.518736e-03,1.609260e-03,1.265439e-01,2.109198e-01,6.692972e-03,3.364165e-02,5.957045e-02,3.217579e-01,2.920845e-03,1.968247e-02
8.362800e-03,9.118157e-03,1.663347e-02,3.637251e-03,1.467870e-01,5.300955e-03,1.361093e-03,1.817251e-01,2.607011e-01,6.164135e-03,3.211888e-02,4.780409e-02,2.475597e-01,3.090829e-03,2.963552e-02
9.660021e-03,8.285419e-03,1.722722e-02,9.825276e-03,1.142474e-01,8.778183e-03,1.372332e-03,2.444581e-01,3.139643e-01,4.916267e-03,2.470004e-02,3.821856e-02,1.792189e-01,2.476408e-03,2.265163e-02
1.045991e-02,9.682018e-03,1.624597e-02,9.799292e-03,8.509079e-02,2.084771e-02,1.370165e-03,2.414067e-01,4.065377e-01,3.860604e-03,1.834583e-02,2.770355e-02,1.280874e-01,1.921788e-03,1.864063e-02
1.881084e-02,1.055177e-02,1.250759e-02,1.074981e-02,8.281101e-02,3.797329e-02,3.637705e-03,1.951193e-01,4.771244e-01,3.037387e-03,1.431806e-02,2.260117e-02,9.514350e-02,1.809179e-03,1.380503e-02
2.966028e-02,8.845301e-03,9.315602e-03,1.122539e-02,1.037720e-01,4.513016e-02,6.408495e-03,1.469577e-01,5.206774e-01,2.504885e-03,1.143697e-02,1.827516e-02,7.285178e-02,1.648654e-03,1.129013e-02
3.189800e-02,1.090303e-02,6.777618e-03,1.186372e-02,1.101178e-01,5.186876e-02,6.069620e-03,1.202766e-01,5.589966e-01,2.041134e-03,8.792763e-03,1.465187e-02,5.477951e-02,1.765555e-03,9.197463e-03
3.464432e-02,9.086124e-03,5.662010e-03,1.388870e-02,1.266011e-01,4.046608e-02,7.392187e-03,1.791069e-01,5.144320e-01,1.653242e-03,6.941055e-03,1.164712e-02,4.025866e-02,1.332897e-03,6.887599e-03
4.095019e-02,8.623273e-03,5.001761e-03,1.946359e-02,1.343864e-01,3.448974e-02,8.304726e-03,1.990591e-01,4.965993e-01,1.453263e-03,5.426561e-03,8.833363e-03,3.083031e-02,1.014350e-03,5.564029e-03
4.947844e-02,7.910554e-03,3.940003e-03,1.829107e-02,1.796100e-01,3.933550e-02,1.126638e-02,1.621565e-01,4.861900e-01,1.065837e-03,4.213590e-03,7.712571e-03,2.367395e-02,8.900632e-04,4.265554e-03
5.403844e-02,7.270233e-03,4.187959e-03,8.020944e-02,1.637301e-01,3.235384e-02,9.297661e-03,2.353926e-01,3.789534e-01,1.096040e-03,3.707339e-03,6.734744e-03,1.799430e-02,7.073637e-04,4.326604e-03
7.138343e-02,1.284278e-02,3.659244e-03,7.491879e-02,1.357196e-01,2.842965e-02,9.252464e-03,2.333258e-01,3.928542e-01,1.093066e-03,3.482226e-03,6.307465e-03,1.882145e-02,8.041635e-04,7.105643e-03
7.636226e-02,1.312147e-02,3.764557e-03,6.474817e-02,1.301722e-01,2.133303e-02,2.244792e-02,2.025842e-01,4.253608e-01,1.370011e-03,3.722021e-03,5.150646e-03,2.245456e-02,7.854545e-04,6.622810e-03
1.087334e-01,1.228613e-02,4.237566e-03,4.709007e-02,1.032017e-01,1.647966e-02,2.784683e-02,1.986347e-01,4.488925e-01,1.320330e-03,3.317130e-03,4.788098e-03,1.721353e-02,6.457751e-04,5.312652e-03
1.338423e-01,1.025490e-02,4.093733e-03,3.448448e-02,7.968850e-02,1.391274e-02,1.209841e-01,2.010749e-01,3.724369e-01,1.049183e-03,2.853182e-03,4.391477e-03,1.605869e-02,5.542602e-04,4.320736e-03
1.132291e-01,7.526506e-03,3.408936e-03,2.430449e-02,5.805137e-02,1.205545e-02,2.732006e-01,1.916047e-01,2.860157e-01,8.332827e-04,2.546567e-03,4.045895e-03,1.906959e-02,4.133272e-04,3.694444e-03
8.107687e-02,5.472329e-03,2.512392e-03,1.723978e-02,4.301075e-02,9.160124e-03,4.717818e-01,1.378843e-01,2.014423e-01,8.997045e-04,3.232508e-03,4.557925e-03,1.603835e-02,4.115098e-04,5.279425e-03
5.926337e-02,4.405593e-03,1.995671e-03,1.263596e-02,3.451655e-02,7.548703e-03,5.747122e-01,1.007766e-01,1.420945e-01,2.282106e-03,1.276750e-02,8.925991e-03,2.222731e-02,1.266112e-03,1.458183e-02
6.900407e-02,5.089245e-03,1.591339e-03,1.001380e-02,2.690262e-02,1.051888e-02,5.173839e-01,7.122073e-02,1.006969e-01,3.255266e-03,2.455446e-02,4.480822e-02,1.003023e-01,1.521107e-03,1.313713e-02
8.329566e-02,4.215584e-03,1.215449e-03,7.752396e-03,2.059361e-02,1.288962e-02,3.998423e-01,5.032742e-02,7.139959e-02,4.277640e-03,3.866478e-02,6.652217e-02,2.187228e-01,1.689823e-03,1.859117e-02
7.630755e-02,4.329280e-03,1.178904e-03,6.438374e-03,1.547902e-02,1.297060e-02,3.040671e-01,3.622385e-02,5.229656e-02,5.238483e-03,3.559838e-02,6.977260e-02,3.610111e-01,1.994134e-03,1.709405e-02
6.865393e-02,3.185216e-03,9.530111e-04,5.120870e-03,1.317889e-02,1.249321e-02,2.299720e-01,2.723836e-02,4.013377e-02,1.123854e-02,3.948733e-02,9.666471e-02,4.131205e-01,2.601043e-03,3.595854e-02
6.769623e-02,2.584977e-03,8.800324e-04,4.247397e-03,1.075108e-02,1.061613e-02,1.665491e-01,1.989119e-02,3.215072e-02,1.544217e-02,3.715549e-02,1.212734e-01,4.619148e-01,3.059354e-03,4.578789e-02
5.216424e-02,2.236683e-03,1.074769e-03,3.280611e-03,3.232324e-02,7.867377e-03,1.196676e-01,1.614060e-02,3.006565e-02,1.521300e-02,3.045304e-02,1.394633e-01,5.055285e-01,3.180439e-03,4.134097e-02
3.710439e-02,1.736753e-03,1.024254e-03,2.403135e-03,3.432869e-02,5.706130e-03,8.547755e-02,1.483244e-02,2.473809e-02,1.751555e-02,2.424042e-02,1.384074e-01,5.664269e-01,3.353102e-03,4.270529e-02
2.642593e-02,1.370313e-03,1.377399e-03,1.771587e-03,3.304504e-02,4.560100e-03,6.060278e-02,1.120020e-02,2.090085e-02,2.685698e-02,2.062972e-02,2.012462e-01,5.543350e-01,2.835866e-03,3.284214e-02
2.002691e-02,1.382404e-03,2.574042e-03,1.329597e-03,3.245878e-02,3.981512e-03,4.304942e-02,9.925586e-03,2.523050e-02,2.393800e-02,1.845383e-02,2.990340e-01,4.916174e-01,2.913710e-03,2.408433e-02
1.658029e-02,1.491307e-03,3.286140e-03,1.064204e-03,2.830546e-02,3.972078e-03,3.029003e-02,7.717167e-03,2.576939e-02,2.566162e-02,1.666871e-02,4.047472e-01,4.097760e-01,5.847549e-03,1.882291e-02
1.516964e-02,3.087697e-03,1.361309e-02,1.022058e-03,3.733799e-02,1.116705e-02,2.186660e-02,8.532584e-03,3.160766e-02,5.334872e-02,2.232642e-02,4.193826e-01,3.361940e-01,9.371228e-03,1.597269e-02
1.433175e-02,2.899889e-03,1.178719e-02,9.134070e-04,4.091420e-02,9.572885e-03,1.544628e-02,7.003591e-03,2.940925e-02,7.325682e-02,2.687481e-02,4.799259e-01,2.606995e-01,1.410708e-02,1.285743e-02
3.556516e-02,2.465819e-03,8.809129e-03,1.054601e-03,3.177202e-02,8.381706e-03,1.087106e-02,5.303251e-03,2.457554e-02,6.638608e-02,3.666269e-02,5.594277e-01,1.865962e-01,1.275990e-02,9.369218e-03
4.943996e-02,3.183377e-03,1.376768e-02,2.024077e-03,3.560178e-02,9.354439e-03,7.808860e-03,1.064881e-02,2.972722e-02,6.082828e-02,6.037734e-02,5.625312e-01,1.363972e-01,1.117578e-02,7.133908e-03
6.950109e-02,5.931658e-03,1.720689e-02,3.006921e-03,6.647399e-02,1.722844e-02,6.035183e-03,3.179405e-02,4.324757e-02,5.574593e-02,7.289917e-02,4.949166e-01,1.003474e-01,9.871341e-03,5.793713e-03
9.098019e-02,2.011091e-02,1.870544e-02,3.167118e-03,9.166697e-02,3.103901e-02,4.649037e-03,3.719181e-02,3.982564e-02,5.824310e-02,1.093085e-01,3.993759e-01,7.404611e-02,1.598921e-02,5.700965e-03
9.516184e-02,3.974964e-02,2.155322e-02,3.246216e-03,8.024385e-02,4.550292e-02,3.843048e-03,4.415267e-02,4.530877e-02,9.130885e-02,9.669547e-02,3.511762e-01,5.360604e-02,2.071772e-02,7.733510e-03
1.145488e-01,3.984503e-02,2.096917e-02,3.174253e-03,5.843348e-02,4.480661e-02,3.011646e-03,3.988660e-02,4.133715e-02,1.189211e-01,1.231347e-01,2.874320e-01,3.832058e-02,2.625141e-02,3.992758e-02
1.276156e-01,3.243303e-02,2.650328e-02,3.341838e-03,4.235489e-02,8.533698e-02,4.072737e-03,5.339783e-02,3.945039e-02,1.283520e-01,1.252168e-01,2.155963e-01,2.804685e-02,4.483275e-02,4.344873e-02
1.255168e-01,2.485836e-02,5.820669e-02,4.781138e-03,3.218975e-02,1.031224e-01,1.299747e-02,1.154790e-01,3.298769e-02,1.039605e-01,1.236927e-01,1.689810e-01,2.142885e-02,3.746317e-02,3.433442e-02
1.648426e-01,2.233057e-02,6.717549e-02,9.923771e-03,2.831092e-02,9.232850e-02,1.227105e-02,1.095261e-01,4.206170e-02,8.844273e-02,1.434378e-01,1.273727e-01,1.623230e-02,4.321736e-02,3.252652e-02
1.785180e-01,2.004548e-02,6.404673e-02,2.157390e-02,2.541730e-02,7.847713e-02,1.134143e-02,1.662017e-01,5.023220e-02,8.219858e-02,1.285048e-01,9.404247e-02,1.240573e-02,3.846275e-02,2.853183e-02
2.023879e-01,1.942960e-02,6.020811e-02,3.145579e-02,2.485247e-02,6.165789e-02,9.779857e-03,1.855858e-01,5.392515e-02,8.372378e-02,1.221014e-01,6.743743e-02,9.250802e-03,4.421256e-02,2.399148e-02
2.417781e-01,2.564999e-02,5.219270e-02,3.872465e-02,2.585742e-02,5.109308e-02,7.423585e-03,1.433915e-01,6.207595e-02,9.405404e-02,1.046163e-01,4.932733e-02,7.248896e-03,7.130827e-02,2.525815e-02
2.505148e-01,3.253813e-02,4.554389e-02,4.306427e-02,2.841801e-02,4.194251e-02,5.664210e-03,1.173910e-01,6.940658e-02,7.620835e-02,9.615324e-02,3.637155e-02,5.971940e-03,1.270264e-01,2.378508e-02
2.683716e-01,3.950819e-02,3.693504e-02,4.069028e-02,2.498141e-02,3.411423e-02,4.340915e-03,1.011971e-01,6.968147e-02,6.910460e-02,8.891372e-02,2.873992e-02,5.366812e-03,1.642154e-01,2.383938e-02
2.857526e-01,4.233035e-02,3.191568e-02,3.964410e-02,2.200335e-02,2.831373e-02,3.879505e-03,9.634060e-02,6.734572e-02,6.139372e-02,8.338826e-02,2.317047e-02,5.045189e-03,1.869582e-01,2.251858e-02
3.231331e-01,4.193210e-02,2.433217e-02,3.843071e-02,1.740658e-02,2.290515e-02,3.338443e-03,7.382357e-02,5.573218e-02,5.233495e-02,8.266376e-02,1.841814e-02,4.631900e-03,2.180457e-01,2.287157e-02
3.535101e-01,8.554769e-02,1.918293e-02,3.555638e-02,1.373421e-02,1.864260e-02,3.042904e-03,5.472038e-02,4.757297e-02,4.308717e-02,7.808864e-02,1.621895e-02,4.652754e-03,2.046090e-01,2.183328e-02
3.827004e-01,1.178851e-01,1.710669e-02,3.663659e-02,1.118216e-02,1.680674e-02,2.946898e-03,4.318613e-02,4.272635e-02,3.562419e-02,7.243246e-02,1.849395e-02,5.341492e-03,1.688756e-01,2.805524e-02
4.417109e-01,1.243868e-01,1.664004e-02,3.931523e-02,9.543048e-03,1.558719e-02,3.533907e-03,3.505287e-02,3.506816e-02,3.038660e-02,6.563018e-02,2.285061e-02,6.538863e-03,1.225904e-01,3.116523e-02
4.891723e-01,1.339230e-01,1.407281e-02,3.915176e-02,7.940389e-03,1.447962e-02,3.723999e-03,2.748140e-02,2.854540e-02,2.352728e-02,5.743531e-02,2.680572e-02,6.929640e-03,9.010717e-02,3.670416e-02
3.784435e-01,2.469561e-01,1.409287e-02,7.060092e-02,6.067169e-03,1.115135e-02,2.686121e-03,2.026054e-02,2.569620e-02,1.753275e-02,6.255538e-02,2.030169e-02,6.101592e-03,6.840639e-02,4.914745e-02
2.849322e-01,3.121181e-01,1.263535e-02,5.884645e-02,4.609956e-03,8.993299e-03,1.933791e-03,1.464279e-02,2.072508e-02,1.427664e-02,1.493893e-01,1.858803e-02,6.615751e-03,5.413072e-02,3.756262e-02
2.131026e-01,2.438700e-01,9.832461e-03,4.551425e-02,3.854598e-03,6.706232e-03,1.381718e-03,1.083388e-02,1.580448e-02,2.216575e-02,3.212235e-01,1.773369e-02,5.946762e-03,5.504970e-02,2.698031e-02
1.824762e-01,1.863549e-01,7.968039e-03,3.985809e-02,9.593804e-03,6.319658e-03,1.048653e-03,9.228933e-03,1.398503e-02,3.101576e-02,4.021968e-01,2.902619e-02,5.568634e-03,5.491891e-02,2.044032e-02
1.789550e-01,1.321438e-01,7.324988e-03,3.121964e-02,1.609609e-02,8.236973e-03,9.063549e-04,8.321868e-03,1.085428e-02,3.850602e-02,4.432764e-01,4.159188e-02,4.750750e-03,6.249347e-02,1.532249e-02
1.672919e-01,9.343284e-02,6.351052e-03,2.663174e-02,1.749828e-02,9.579512e-03,8.892886e-04,8.023763e-03,8.915813e-03,3.565044e-02,4.861375e-01,4.885621e-02,4.148490e-03,7.529486e-02,1.129826e-02
1.231976e-01,6.568146e-02,4.865227e-03,1.984712e-02,1.419642e-02,1.055600e-02,6.726721e-04,6.057840e-03,7.377381e-03,2.889234e-02,5.036706e-01,6.801473e-02,3.491378e-03,1.353422e-01,8.136929e-03
8.907203e-02,4.617678e-02,3.757363e-03,1.441895e-02,1.125429e-02,8.871969e-03,5.192735e-04,4.437651e-03,6.349818e-03,2.346303e-02,4.536677e-01,8.141713e-02,2.882714e-03,2.479093e-01,5.801897e-03
6.451399e-02,3.248632e-02,2.771568e-03,1.062247e-02,8.397221e-03,7.659693e-03,3.907341e-04,3.207090e-03,7.060586e-03,1.838824e-02,4.742571e-01,8.496152e-02,2.233328e-03,2.787758e-01,4.274275e-03
4.863356e-02,2.298408e-02,2.055044e-03,8.058700e-03,6.933862e-03,6.718940e-03,3.206781e-04,2.416659e-03,8.356088e-03,1.466106e-02,4.698502e-01,8.175480e-02,1.937671e-03,3.220468e-01,3.271826e-03
4.008025e-02,1.671488e-02,1.851329e-03,6.039931e-03,8.421490e-03,6.094976e-03,4.322679e-04,2.035292e-03,8.057227e-03,1.304757e-02,4.931853e-01,7.325131e-02,2.269689e-03,3.257815e-01,2.736907e-03
2.983618e-02,1.230314e-02,1.485761e-03,4.389598e-03,8.557917e-03,5.520190e-03,6.843755e-04,1.852495e-03,1.110030e-02,1.046222e-02,5.494008e-01,6.768852e-02,2.222505e-03,2.925084e-01,1.987536e-03
2.303206e-02,9.031989e-03,1.202292e-03,3.163463e-03,6.700586e-03,5.328789e-03,6.056380e-04,1.502071e-03,1.001682e-02,8.260585e-03,6.299915e-01,5.489980e-02,2.115135e-03,2.426738e-01,1.475477e-03
1.783364e-02,6.914206e-03,1.157954e-03,2.361010e-03,5.286230e-03,4.424510e-03,6.620697e-04,1.182244e-03,1.088514e-02,8.602920e-03,7.098508e-01,4.385040e-02,1.802479e-03,1.840030e-01,1.183416e-03
1.395678e-02,5.777649e-03,1.104107e-03,1.700998e-03,4.273244e-03,4.561399e-03,6.191737e-04,9.131674e-04,1.242040e-02,7.983303e-03,7.630396e-01,3.772220e-02,1.610197e-03,1.434052e-01,9.125806e-04
1.040269e-02,4.464901e-03,8.001315e-04,1.229005e-03,3.759649e-03,3.989036e-03,7.017967e-04,7.005612e-04,1.637981e-02,6.022675e-03,8.162229e-01,2.920062e-02,1.600653e-03,1.038159e-01,7.096341e-04
7.397421e-03,4.497731e-03,6.377916e-04,8.939606e-04,3.628134e-03,3.119070e-03,5.589465e-04,5.229862e-04,3.139412e-02,4.750583e-03,8.411356e-01,2.198067e-02,1.761237e-03,7.711634e-02,6.053385e-04
5.383322e-03,1.003466e-02,1.032175e-03,7.384943e-04,6.604468e-03,3.256730e-03,7.268836e-04,8.075348e-04,1.795342e-01,4.582984e-03,7.071236e-01,1.681162e-02,3.646706e-03,5.906808e-02,6.484971e-04
4.488336e-03,3.491310e-02,2.444192e-03,8.806915e-04,8.025076e-03,1.023680e-02,7.253133e-04,8.324640e-03,3.514002e-01,4.001716e-03,5.144098e-01,1.209573e-02,4.696737e-03,4.231903e-02,1.038597e-03
3.544911e-03,6.164212e-02,3.141304e-03,8.134022e-04,9.739978e-03,1.217991e-02,6.298377e-04,1.088456e-02,4.866005e-01,3.019863e-03,3.647868e-01,8.514076e-03,3.902055e-03,2.973652e-02,8.641288e-04
3.507172e-03,8.666313e-02,2.903789e-03,8.317363e-04,1.643762e-02,2.687269e-02,5.626237e-04,1.197784e-02,5.601282e-01,2.310760e-03,2.566181e-01,5.979235e-03,3.006175e-03,2.085200e-02,1.349009e-03
4.493888e-03,1.398863e-01,2.982543e-03,8.765546e-04,3.062104e-02,2.606028e-02,6.031973e-04,1.491324e-02,5.740377e-01,1.793770e-03,1.798113e-01,4.197643e-03,2.202748e-03,1.463339e-02,2.886481e-03
5.552927e-03,1.659300e-01,6.526240e-03,4.517486e-03,4.482664e-02,2.037560e-02,6.628676e-04,1.001046e-01,5.050127e-01,1.520432e-03,1.259546e-01,2.958050e-03,1.686151e-03,1.026148e-02,4.110271e-03
1.011587e-02,2.174993e-01,8.336502e-03,1.354349e-02,4.310839e-02,1.460108e-02,5.351962e-04,1.671135e-01,4.101890e-01,2.403278e-03,8.836997e-02,2.288475e-03,1.293995e-03,7.224197e-03,1.337768e-02
1.351957e-02,2.109882e-01,6.921547e-03,1.179600e-02,4.886068e-02,1.057082e-02,4.466826e-04,2.705320e-01,3.441024e-01,1.828232e-03,6.192980e-02,1.654575e-03,9.545882e-04,5.075546e-03,1.081937e-02
1.250694e-02,1.520517e-01,5.215500e-03,8.850070e-03,4.036490e-02,7.510369e-03,3.291754e-04,4.659113e-01,2.492788e-01,1.299964e-03,4.340514e-02,1.180550e-03,6.789568e-04,3.565182e-03,7.851486e-03
1.038872e-02,1.076911e-01,3.851579e-03,6.523801e-03,3.031558e-02,5.365639e-03,2.411472e-04,6.173980e-01,1.771082e-01,9.232276e-04,3.042384e-02,8.746000e-04,5.060373e-04,2.505236e-03,5.883266e-03
9.077782e-03,7.640826e-02,3.066123e-03,5.030120e-03,2.247623e-02,4.019272e-03,1.970080e-04,7.243026e-01,1.259320e-01,6.736468e-04,2.136151e-02,7.056149e-04,4.131016e-04,1.764131e-03,4.572486e-03
1.229215e-02,5.405815e-02,2.503358e-03,3.813535e-03,1.658408e-02,2.951794e-03,1.767101e-04,7.961971e-01,8.997916e-02,5.067273e-04,1.508906e-02,6.195602e-04,3.576840e-04,1.261935e-03,3.608983e-03
1.722262e-02,3.835940e-02,1.973893e-03,3.200189e-03,1.225554e-02,2.617315e-03,1.674403e-04,8.427576e-01,6.456542e-02,3.786448e-04,1.094398e-02,8.236408e-04,5.569412e-04,9.361227e-04,3.241271e-03
3.074466e-02,2.694752e-02,1.474626e-03,2.670289e-03,8.701943e-03,4.086314e-03,1.643698e-04,8.627315e-01,4.554090e-02,2.892563e-04,8.378061e-03,2.432361e-03,2.314834e-03,7.466088e-04,2.776745e-03
3.168216e-02,1.902390e-02,1.375708e-03,1.061951e-02,6.352380e-03,7.315705e-03,1.791218e-04,6.431546e-01,3.299147e-02,3.852409e-04,1.429974e-02,2.999365e-02,1.982017e-01,1.029699e-03,3.395504e-03
3.189224e-02,1.371240e-02,2.296556e-03,2.032491e-02,4.868807e-03,1.333179e-02,5.490937e-04,5.061488e-01,2.724931e-02,6.788392e-04,1.681332e-02,8.980253e-02,2.617903e-01,3.761029e-03,6.780048e-03
2.429049e-02,9.684835e-03,1.713079e-03,1.577805e-02,3.460875e-03,1.013242e-02,4.385277e-04,3.557861e-01,1.968703e-02,1.019518e-03,1.842653e-02,8.754743e-02,4.443362e-01,2.797500e-03,4.901463e-03
2.171407e-02,6.926890e-03,1.358160e-03,1.181559e-02,2.656943e-03,7.705675e-03,3.542877e-04,2.502102e-01,1.551706e-02,1.057183e-03,1.717871e-02,1.419509e-01,5.155597e-01,2.395123e-03,3.599517e-03
1.633030e-02,4.984345e-03,1.153851e-03,8.601440e-03,2.618478e-03,5.871357e-03,3.713571e-04,1.755506e-01,1.262517e-02,2.165797e-03,1.600063e-02,3.114839e-01,4.374551e-01,2.061158e-03,2.726576e-03
1.245040e-02,3.677705e-03,1.066709e-03,6.121919e-03,2.329418e-03,4.340159e-03,3.771442e-04,1.230046e-01,1.214580e-02,9.719987e-03,1.603691e-02,4.674534e-01,3.363841e-01,2.804469e-03,2.087273e-03
9.656702e-03,2.826764e-03,9.176546e-04,4.333006e-03,2.278466e-03,3.515032e-03,4.082141e-04,8.631330e-02,1.080708e-02,1.278983e-02,3.346495e-02,5.786784e-01,2.494722e-01,3.011902e-03,1.526602e-03
6.913962e-03,2.097006e-03,6.858812e-04,3.057584e-03,2.345241e-03,2.636965e-03,3.193478e-04,6.050566e-02,7.914287e-03,1.148767e-02,3.421275e-02,6.864289e-01,1.773883e-01,2.918988e-03,1.087544e-03
4.858613e-03,2.331697e-03,6.489917e-04,2.157428e-03,4.367529e-03,1.900507e-03,2.262529e-04,4.240649e-02,6.015242e-03,9.702973e-03,2.706879e-02,7.670590e-01,1.278548e-01,2.628726e-03,7.730041e-04
4.811787e-03,1.341837e-02,7.189287e-03,1.906918e-03,9.686242e-02,3.129635e-03,2.013416e-04,3.757841e-02,7.255051e-03,1.766925e-02,2.211827e-02,6.907815e-01,9.429258e-02,2.219432e-03,5.657729e-04
6.167090e-03,9.787632e-03,5.376928e-03,1.968912e-03,9.296507e-02,2.884465e-03,2.331095e-04,2.969956e-02,7.002653e-03,1.652956e-02,2.379418e-02,7.330768e-01,6.812188e-02,1.972884e-03,4.193205e-04
1.003669e-02,9.825733e-03,4.863102e-03,2.061659e-03,1.283022e-01,5.582451e-03,4.888361e-04,2.383057e-02,1.066512e-02,2.448186e-02,3.063320e-02,6.954526e-01,5.099334e-02,2.315894e-03,4.667923e-04
1.302301e-02,8.005216e-03,3.796433e-03,1.541970e-03,9.366959e-02,5.340128e-03,7.211289e-04,1.695062e-02,7.882102e-03,2.534925e-02,5.889344e-02,7.256101e-01,3.632288e-02,2.435430e-03,4.586593e-04
1.782311e-02,6.733363e-03,3.231151e-03,1.203085e-03,6.796958e-02,4.575112e-03,6.103885e-04,1.228439e-02,6.282843e-03,2.591976e-02,7.376251e-02,7.503639e-01,2.630454e-02,2.504881e-03,4.313225e-04
5.734379e-02,5.919306e-03,2.616001e-03,1.449321e-03,4.978441e-02,5.561555e-03,5.588097e-04,9.241593e-03,6.365757e-03,4.083224e-02,8.135143e-02,7.149916e-01,1.937709e-02,3.390714e-03,1.216310e-03
6.871173e-02,5.696174e-03,2.763889e-03,2.074207e-03,3.679304e-02,7.470747e-03,9.538089e-04,8.028384e-03,8.954816e-03,6.703860e-02,8.194377e-02,6.888578e-01,1.452745e-02,3.470348e-03,2.715143e-03
9.053963e-02,6.227043e-03,7.725171e-03,3.676806e-03,3.230665e-02,9.404374e-03,2.176628e-03,8.733765e-03,1.366773e-02,7.602118e-02,8.676595e-02,6.426375e-01,1.125825e-02,3.983126e-03,4.876084e-03
9.092001e-02,7.189231e-03,8.190756e-03,4.201398e-03,2.766846e-02,1.371535e-02,2.402918e-03,9.093049e-03,3.120586e-02,1.862119e-01,9.868094e-02,4.949037e-01,9.383199e-03,6.780359e-03,9.452759e-03
6.701460e-02,7.649851e-03,6.433512e-03,3.681104e-03,2.651326e-02,1.492222e-02,2.548889e-03,7.590343e-03,8.064921e-02,3.003125e-01,8.990907e-02,3.710346e-01,7.274630e-03,6.182775e-03,8.283380e-03
5.233627e-02,6.625041e-03,4.727384e-03,3.471101e-03,6.973785e-02,1.185527e-02,2.848949e-03,6.187940e-03,1.768300e-01,3.130367e-01,6.875083e-02,2.650535e-01,6.101351e-03,6.155950e-03,6.281875e-03
3.955110e-02,5.229720e-03,3.423437e-03,2.783558e-03,1.159152e-01,9.785190e-03,2.372042e-03,4.863946e-03,3.386145e-01,2.280707e-01,4.942140e-02,1.861924e-01,4.555935e-03,4.493222e-03,4.727589e-03
3.468575e-02,5.195299e-03,2.647128e-03,2.486230e-03,1.580843e-01,1.192857e-02,2.594585e-03,3.668346e-03,4.383491e-01,1.634221e-01,3.550142e-02,1.308087e-01,3.533973e-03,3.204460e-03,3.889943e-03
4.159629e-02,4.699473e-03,2.695241e-03,2.535681e-03,2.123593e-01,1.104223e-02,3.475844e-03,4.262262e-03,4.755973e-01,1.163792e-01,2.549817e-02,9.193512e-02,2.658423e-03,2.335520e-03,2.929887e-03
5.111998e-02,1.164517e-02,2.494204e-03,2.670907e-03,1.819003e-01,1.001835e-02,2.945271e-03,3.298372e-03,5.493110e-01,9.043992e-02,2.019839e-02,6.680515e-02,2.642432e-03,1.901180e-03,2.609335e-03
6.801891e-02,1.305267e-02,1.519293e-02,6.374852e-03,1.585270e-01,1.190410e-02,3.318234e-03,1.133487e-02,5.659618e-01,6.802877e-02,1.891819e-02,5.188545e-02,2.824945e-03,2.249992e-03,2.407150e-03
8.448450e-02,1.568488e-02,1.259823e-02,9.196398e-03,1.200630e-01,1.099448e-02,2.587113e-03,1.320221e-02,6.138125e-01,4.959964e-02,1.887346e-02,4.127375e-02,3.003948e-03,2.477810e-03,2.147914e-03
1.206573e-01,1.609604e-02,1.060861e-02,1.047080e-02,9.237524e-02,1.003641e-02,1.967745e-03,1.234616e-02,6.163550e-01,3.773743e-02,2.477439e-02,3.783126e-02,2.977578e-03,3.536589e-03,2.229328e-03
1.711250e-01,1.461446e-02,8.731116e-03,1.410802e-02,9.066410e-02,8.847035e-03,1.530617e-03,1.050081e-02,5.560071e-01,3.919444e-02,3.315744e-02,3.918215e-02,4.143249e-03,5.263153e-03,2.931233e-03
1.794930e-01,1.145691e-02,6.573705e-03,1.689667e-02,1.569251e-01,1.576007e-02,2.786401e-02,1.537535e-02,4.135125e-01,3.243743e-02,5.945196e-02,4.710362e-02,6.471086e-03,8.332174e-03,2.346554e-03
1.301209e-01,8.345618e-03,4.819521e-03,1.231730e-02,1.358369e-01,1.505569e-02,2.701644e-01,1.569258e-02,2.940654e-01,2.285333e-02,4.299892e-02,3.414757e-02,5.699081e-03,5.995507e-03,1.887187e-03
1.003575e-01,6.724082e-03,4.470321e-03,9.350776e-03,1.339946e-01,2.101681e-02,4.122661e-01,2.117519e-02,2.069755e-01,1.631035e-02,3.162238e-02,2.520355e-02,4.696255e-03,4.343723e-03,1.492797e-03
9.995832e-02,5.989987e-03,4.341291e-03,7.291404e-03,1.459697e-01,8.359411e-02,3.910940e-01,1.878873e-02,1.470569e-01,1.212766e-02,2.920896e-02,4.083556e-02,7.767843e-03,3.851100e-03,2.124407e-03
7.678056e-02,4.448470e-03,3.333369e-03,6.662332e-03,1.078508e-01,6.634922e-02,4.034121e-01,1.416966e-02,1.075873e-01,1.912063e-02,4.519417e-02,1.223105e-01,1.386463e-02,4.024989e-03,4.891296e-03
5.955906e-02,3.281516e-03,2.441851e-03,5.858670e-03,7.900694e-02,4.958405e-02,4.275894e-01,1.036579e-02,7.723831e-02,1.902805e-02,5.726377e-02,1.806667e-01,1.668790e-02,6.588923e-03,4.839052e-03
4.359581e-02,2.467292e-03,1.740304e-03,4.786059e-03,5.564129e-02,3.549163e-02,3.182141e-01,7.501001e-03,5.426925e-02,1.559147e-02,1.970379e-01,2.374650e-01,1.438853e-02,7.974997e-03,3.835419e-03
3.374093e-02,2.225830e-03,1.293582e-03,3.965811e-03,3.938723e-02,2.568646e-02,2.289494e-01,5.726697e-03,3.985506e-02,1.606157e-02,3.194734e-01,2.542244e-01,1.392345e-02,1.209524e-02,3.390823e-03
2.650198e-02,2.475084e-03,1.475610e-03,2.941539e-03,2.832765e-02,1.975793e-02,1.627718e-01,4.763322e-03,3.797447e-02,1.681171e-02,3.819594e-01,2.759248e-01,1.542836e-02,2.002610e-02,2.860261e-03
1.980685e-02,2.308035e-03,1.974280e-03,2.248560e-03,2.203902e-02,1.442830e-02,1.181905e-01,4.886078e-03,5.251564e-02,1.942638e-02,3.838614e-01,3.191877e-01,1.457643e-02,2.222801e-02,2.322846e-03
1.504028e-02,1.981434e-03,2.044244e-03,1.690194e-03,1.645158e-02,1.134167e-02,8.818820e-02,4.499228e-03,4.621623e-02,2.855135e-02,3.895215e-01,3.533195e-01,1.289134e-02,2.606934e-02,2.193907e-03
1.138723e-02,3.487299e-03,3.100773e-03,1.272637e-03,1.253513e-02,9.065181e-03,6.231262e-02,3.710742e-03,3.678314e-02,3.214317e-02,3.450613e-01,3.857707e-01,1.070989e-02,7.985410e-02,2.806103e-03
9.754396e-03,4.009419e-03,4.053278e-03,1.014799e-03,9.497920e-03,8.569784e-03,4.373305e-02,3.275303e-03,2.753123e-02,3.743143e-02,2.895865e-01,4.329065e-01,8.263096e-03,1.176095e-01,2.763831e-03
1.417675e-02,6.696364e-03,6.323215e-03,9.945950e-04,7.512621e-03,8.058394e-03,3.073097e-02,3.599408e-03,2.226062e-02,5.265868e-02,2.948042e-01,3.908288e-01,6.347092e-03,1.523530e-01,2.655398e-03
1.655564e-02,1.039441e-02,9.021904e-03,9.170897e-04,6.278908e-03,6.273281e-03,2.157637e-02,3.719060e-03,2.548230e-02,4.124175e-02,3.120191e-01,3.962601e-01,5.072360e-03,1.429536e-01,2.234217e-03
1.883934e-02,1.139069e-02,1.167068e-02,1.050807e-03,5.422957e-03,5.161430e-03,1.520557e-02,3.861497e-03,3.250285e-02,3.114735e-02,3.968083e-01,3.396652e-01,4.125149e-03,1.213430e-01,1.805262e-03
1.904305e-02,1.767762e-02,2.236317e-02,2.376745e-03,7.553588e-03,4.678806e-03,1.094509e-02,4.374515e-03,7.258989e-02,2.340260e-02,4.712666e-01,2.503866e-01,3.139425e-03,8.829127e-02,1.911084e-03
6.049278e-02,3.579273e-02,3.597667e-02,5.823975e-03,9.511543e-03,9.969026e-03,8.058267e-03,6.862300e-03,8.801925e-02,1.879824e-02,4.275695e-01,2.066621e-01,3.161733e-03,7.832006e-02,4.981881e-03
6.497583e-02,4.819075e-02,4.126262e-02,7.527072e-03,1.137229e-02,8.726047e-03,5.736732e-03,8.228293e-03,1.243661e-01,1.469224e-02,4.261478e-01,1.667867e-01,3.220513e-03,6.368726e-02,5.079807e-03
5.307848e-02,3.712014e-02,3.387041e-02,7.125596e-03,1.085120e-02,7.107646e-03,4.075245e-03,8.425507e-03,1.700649e-01,1.161305e-02,4.641310e-01,1.327595e-01,2.788697e-03,5.208126e-02,4.907344e-03
4.105135e-02,3.148186e-02,2.847729e-02,8.346958e-03,1.454477e-02,6.719122e-03,2.941302e-03,1.186876e-02,1.777429e-01,1.029633e-02,5.140352e-01,1.038925e-01,2.454605e-03,4.185495e-02,4.292144e-03
3.368618e-02,2.615695e-02,2.518943e-02,1.045911e-02,1.566692e-02,7.121079e-03,2.239109e-03,1.811824e-02,2.147321e-01,9.334763e-03,5.173644e-01,7.965800e-02,2.302027e-03,3.408518e-02,3.886560e-03
2.699421e-02,2.490110e-02,2.479396e-02,1.038922e-02,2.115197e-02,8.035911e-03,1.649096e-03,1.878718e-02,2.328895e-01,8.301132e-03,5.251610e-01,6.157308e-02,1.821476e-03,3.032850e-02,3.222666e-03
2.311371e-02,2.723549e-02,2.276538e-02,8.746189e-03,2.478324e-02,9.153042e-03,1.245162e-03,1.819875e-02,2.642425e-01,7.378329e-03,5.110996e-01,4.936960e-02,1.481142e-03,2.851527e-02,2.672618e-03
2.034961e-02,2.806822e-02,2.955789e-02,9.096838e-03,3.146707e-02,7.921621e-03,1.001092e-03,2.489367e-02,2.591694e-01,6.235669e-03,5.183229e-01,3.773347e-02,1.231764e-03,2.264855e-02,2.302259e-03
2.097916e-02,3.165830e-02,2.655979e-02,7.781258e-03,3.529103e-02,1.075723e-02,8.053440e-04,2.056131e-02,2.788080e-01,5.321803e-03,5.077300e-01,3.066544e-02,1.213433e-03,1.931180e-02,2.556088e-03
2.483735e-02,6.017566e-02,3.657884e-02,1.062332e-02,3.679537e-02,1.881940e-02,7.007797e-04,3.550080e-02,2.927758e-01,5.876319e-03,4.324132e-01,2.216914e-02,1.010935e-03,1.881010e-02,2.913095e-03
2.386214e-02,5.984410e-02,2.908184e-02,8.538260e-03,4.094251e-02,6.896581e-02,6.897521e-04,3.532492e-02,3.763756e-01,6.115476e-03,3.154528e-01,1.574982e-02,8.550264e-04,1.465077e-02,3.551173e-03
3.077096e-02,5.939893e-02,2.495481e-02,8.802021e-03,9.658644e-02,8.167788e-02,8.389901e-04,4.375282e-02,3.905576e-01,5.457300e-03,2.304887e-01,1.108656e-02,7.799329e-04,1.148678e-02,3.360240e-03
5.246105e-02,6.593044e-02,1.839749e-02,7.206234e-03,1.118866e-01,1.307258e-01,8.134447e-04,3.431305e-02,3.638329e-01,6.184351e-03,1.815539e-01,7.950488e-03,8.585100e-04,1.469103e-02,3.194779e-03
6.593192e-02,6.896507e-02,1.393836e-02,6.909028e-03,1.139405e-01,1.556086e-01,8.898594e-04,3.184813e-02,3.545101e-01,7.230184e-03,1.455768e-01,6.312225e-03,2.322039e-03,1.725823e-02,8.758889e-03
7.389262e-02,6.202804e-02,2.237629e-02,2.185458e-02,1.192665e-01,1.957262e-01,9.572085e-04,3.585194e-02,3.071405e-01,7.720304e-03,1.200259e-01,5.143484e-03,2.297248e-03,1.554519e-02,1.017400e-02
1.008948e-01,5.163435e-02,6.626353e-02,4.468992e-02,1.255441e-01,1.561025e-01,9.708301e-04,3.502041e-02,2.915494e-01,7.670518e-03,8.800326e-02,4.707662e-03,1.951396e-03,1.341336e-02,1.158393e-02
1.266945e-01,4.164112e-02,1.850142e-01,7.282729e-02,9.991650e-02,1.140276e-01,9.876110e-04,2.771398e-02,2.333835e-01,6.666393e-03,6.424364e-02,4.573162e-03,1.645951e-03,1.111363e-02,9.550926e-03
2.299410e-01,3.782398e-02,1.770369e-01,1.020027e-01,7.651054e-02,8.418170e-02,1.078565e-03,2.332195e-02,1.869156e-01,6.367947e-03,4.830822e-02,4.044500e-03,1.731254e-03,1.306167e-02,7.673576e-03
2.923614e-01,3.827675e-02,1.661448e-01,1.345102e-01,5.958569e-02,6.254696e-02,1.115158e-03,2.195047e-02,1.573319e-01,5.517757e-03,3.617787e-02,3.986351e-03,1.506534e-03,1.243708e-02,6.551210e-03
3.630189e-01,3.406754e-02,1.557072e-01,1.463176e-01,4.704910e-02,5.113701e-02,1.090690e-03,1.922173e-02,1.286052e-01,4.021137e-03,2.661774e-02,4.607894e-03,1.606336e-03,1.121404e-02,5.718031e-03
3.590547e-01,2.983315e-02,2.134861e-01,1.662841e-01,3.472855e-02,3.720087e-02,1.234065e-03,1.605004e-02,9.682332e-02,3.035295e-03,2.009061e-02,4.788219e-03,1.876401e-03,9.095863e-03,6.418826e-03
3.482454e-01,3.158471e-02,2.697835e-01,1.721919e-01,2.527254e-02,2.825986e-02,1.121576e-03,1.221627e-02,7.316685e-02,2.511994e-03,1.504520e-02,4.404415e-03,1.940312e-03,7.806149e-03,6.449296e-03
3.629864e-01,3.915928e-02,3.022572e-01,1.345510e-01,1.863590e-02,2.269701e-02,1.420278e-03,9.351622e-03,5.261752e-02,2.622196e-03,1.210604e-02,6.351126e-03,2.804799e-03,1.058447e-02,2.185523e-02
3.518335e-01,3.384732e-02,2.930978e-01,9.857847e-02,1.343716e-02,2.093828e-02,1.163505e-03,7.076011e-03,4.169104e-02,3.440093e-03,1.027388e-02,5.567343e-03,3.071300e-03,3.793196e-02,7.805243e-02
2.912233e-01,3.395026e-02,2.702141e-01,7.759734e-02,1.007640e-02,1.579006e-02,1.019628e-03,5.299773e-03,5.265263e-02,5.401621e-03,1.308183e-02,6.713315e-03,2.845024e-03,1.110532e-01,1.030816e-01
4.143074e-01,2.720649e-02,2.081605e-01,5.631319e-02,8.143540e-03,1.392755e-02,1.106079e-03,4.495197e-03,4.062030e-02,5.300220e-03,1.168740e-02,5.845321e-03,2.879233e-03,1.145825e-01,8.542512e-02
3.606857e-01,2.637218e-02,2.280625e-01,7.721019e-02,7.269653e-03,1.168616e-02,1.338316e-03,5.065741e-03,4.236931e-02,6.102143e-03,1.466002e-02,8.236829e-03,3.650187e-03,1.097309e-01,9.756021e-02
3.719756e-01,2.280194e-02,2.294617e-01,6.046969e-02,6.826647e-03,1.117233e-02,1.663541e-03,4.369101e-03,3.288953e-02,5.574828e-03,1.339500e-02,9.105866e-03,3.298440e-03,1.438581e-01,8.313773e-02
3.437456e-01,1.925361e-02,1.849896e-01,4.941016e-02,6.274501e-03,1.088416e-02,1.644024e-03,3.872954e-03,2.934358e-02,9.316359e-03,1.366040e-02,8.261054e-03,3.193574e-03,2.337240e-01,8.242656e-02
3.695727e-01,1.806675e-02,1.586024e-01,6.176745e-02,6.066593e-03,1.142300e-02,1.765132e-03,3.754016e-03,2.696279e-02,9.078646e-03,1.308665e-02,7.777579e-03,2.760130e-03,2.190767e-01,9.023944e-02
3.816898e-01,1.845007e-02,1.452211e-01,1.004616e-01,5.340716e-03,1.370889e-02,1.615668e-03,3.068620e-03,2.434099e-02,8.677893e-03,1.925880e-02,8.958898e-03,2.354666e-03,1.792162e-01,8.763611e-02
3.455992e-01,1.599993e-02,1.251262e-01,9.475359e-02,4.891123e-03,1.194909e-02,1.568020e-03,2.543809e-03,3.442348e-02,2.517157e-02,2.005702e-02,7.929168e-03,2.973040e-03,1.833856e-01,1.236291e-01
3.150918e-01,1.393692e-02,9.920879e-02,7.465755e-02,4.418032e-03,9.685795e-03,1.459497e-03,2.356985e-03,5.239761e-02,4.398207e-02,3.019915e-02,6.534311e-03,3.196910e-03,2.186049e-01,1.242697e-01
2.634499e-01,1.581936e-02,8.287277e-02,5.664980e-02,3.618416e-03,8.389778e-03,1.632974e-03,2.499550e-03,7.920031e-02,5.156028e-02,5.585134e-02,6.052558e-03,2.905069e-03,2.690822e-01,1.004157e-01
2.147080e-01,1.506002e-02,6.500719e-02,4.101863e-02,2.751650e-03,7.420249e-03,1.468753e-03,1.911384e-03,6.921012e-02,8.176671e-02,9.765647e-02,7.260264e-03,3.758795e-03,3.080859e-01,8.291586e-02
2.187366e-01,1.194274e-02,4.756292e-02,2.943428e-02,2.518679e-03,9.416927e-03,2.238688e-03,2.275308e-03,5.293658e-02,1.554753e-01,9.385562e-02,7.967460e-03,6.107584e-03,2.944705e-01,6.506088e-02
2.259730e-01,9.742651e-03,3.494688e-02,2.195811e-02,3.092639e-03,1.201578e-02,2.662901e-03,3.153586e-03,4.525779e-02,1.526068e-01,1.163578e-01,1.108062e-02,9.512316e-03,2.985883e-01,5.305083e-02
2.686769e-01,8.829841e-03,2.845807e-02,1.998624e-02,4.378369e-03,1.234679e-02,3.738744e-03,1.118198e-02,3.757618e-02,1.819817e-01,1.065470e-01,1.061001e-02,1.105542e-02,2.502696e-01,4.436322e-02
2.608797e-01,1.379704e-02,2.558153e-02,2.122813e-02,1.264869e-02,1.229020e-02,3.797831e-03,1.506943e-02,4.309760e-02,1.851131e-01,9.797023e-02,9.034027e-03,1.110991e-02,2.477669e-01,4.061561e-02
