1.000000e+00,0.000000e+00,0.000000e+00,0.000000e+00,0.000000e+00,0.000000e+00,0.000000e+00,0.000000e+00,0.000000e+00,0.000000e+00,0.000000e+00,0.000000e+00,0.000000e+00,0.000000e+00,0.000000e+00
1.000000e+00,0.000000e+00,0.000000e+00,0.000000e+00,0.000000e+00,0.000000e+00,0.000000e+00,0.000000e+00,0.000000e+00,0.000000e+00,0.000000e+00,0.000000e+00,0.000000e+00,0.000000e+00,0.000000e+00
1.000000e+00,0.000000e+00,0.000000e+00,0.000000e+00,0.000000e+00,0.000000e+00,0.000000e+00,0.000000e+00,0.000000e+00,0.000000e+00,0.000000e+00,0.000000e+00,0.000000e+00,0.000000e+00,0.000000e+00
1.000000e+00,0.000000e+00,0.000000e+00,0.000000e+00,0.000000e+00,0.000000e+00,0.000000e+00,0.000000e+00,0.000000e+00,0.000000e+00,0.000000e+00,0.000000e+00,0.000000e+00,0.000000e+00,0.000000e+00
1.000000e+00,0.000000e+00,0.000000e+00,0.000000e+00,0.000000e+00,0.000000e+00,0.000000e+00,0.000000e+00,0.000000e+00,0.000000e+00,0.000000e+00,0.000000e+00,0.000000e+00,0.000000e+00,0.000000e+00
1.000000e+00,0.000000e+00,0.000000e+00,0.000000e+00,0.000000e+00,0.000000e+00,0.000000e+00,0.000000e+00,0.000000e+00,0.000000e+00,0.000000e+00,0.000000e+00,0.000000e+00,0.000000e+00,0.000000e+00
1.000000e+00,0.000000e+00,0.000000e+00,0.000000e+00,0.000000e+00,0.000000e+00,0.000000e+00,0.000000e+00,0.000000e+00,0.000000e+00,0.000000e+00,0.000000e+00,0.000000e+00,0.000000e+00,0.000000e+00
1.000000e+00,0.000000e+00,0.000000e+00,0.000000e+00,0.000000e+00,0.000000e+00,0.000000e+00,0.000000e+00,0.000000e+00,0.000000e+00,0.000000e+00,0.000000e+00,0.000000e+00,0.000000e+00,0.000000e+00
1.000000e+00,0.000000e+00,0.000000e+00,0.000000e+00,0.000000e+00,0.000000e+00,0.000000e+00,0.000000e+00,0.000000e+00,0.000000e+00,0.000000e+00,0.000000e+00,0.000000e+00,0.000000e+00,0.000000e+00
1.000000e+00,0.000000e+00,0.000000e+00,0.000000e+00,0.000000e+00,0.000000e+00,0.000000e+00,0.000000e+00,0.000000e+00,0.000000e+00,0.000000e+00,0.000000e+00,0.000000e+00,0.000000e+00,0.000000e+00
1.000000e+00,0.000000e+00,0.000000e+00,0.000000e+00,0.000000e+00,0.000000e+00,0.000000e+00,0.000000e+00,0.000000e+00,0.000000e+00,0.000000e+00,0.000000e+00,0.000000e+00,0.000000e+00,0.000000e+00
1.000000e+00,0.000000e+00,0.000000e+00,0.000000e+00,0.000000e+00,0.000000e+00,0.000000e+00,0.000000e+00,0.000000e+00,0.000000e+00,0.000000e+00,0.000000e+00,0.000000e+00,0.000000e+00,0.000000e+00
1.000000e+00,0.000000e+00,0.000000e+00,0.000000e+00,0.000000e+00,0.000000e+00,0.000000e+00,0.000000e+00,0.000000e+00,0.000000e+00,0.000000e+00,0.000000e+00,0.000000e+00,0.000000e+00,0.000000e+00
1.000000e+00,0.000000e+00,0.000000e+00,0.000000e+00,0.000000e+00,0.000000e+00,0.000000e+00,0.000000e+00,0.000000e+00,0.000000e+00,0.000000e+00,0.000000e+00,0.000000e+00,0.000000e+00,0.000000e+00
4.910526e-01,1.833960e-02,1.735324e-02,3.842565e-02,1.511661e-02,1.013329e-01,1.322800e-01,2.590783e-02,7.546520e-03,2.527235e-03,1.640058e-02,5.233610e-02,5.749558e-02,4.911216e-03,1.897424e-02
3.667129e-01,1.338411e-02,2.662912e-02,2.758208e-02,1.133372e-02,1.317508e-01,2.663300e-01,3.329706e-02,5.487642e-03,1.865954e-03,1.180932e-02,3.865150e-02,4.756791e-02,3.547487e-03,1.405049e-02
2.872598e-01,9.808472e-03,5.044957e-02,2.191269e-02,8.665401e-03,1.540096e-01,3.077787e-01,6.493969e-02,3.999019e-03,1.384873e-03,8.583783e-03,2.880011e-02,3.915959e-02,2.598070e-03,1.065056e-02
2.225374e-01,7.072618e-03,4.632221e-02,1.654213e-02,6.484675e-03,1.866729e-01,3.468712e-01,9.552735e-02,2.861018e-03,1.048781e-03,6.151848e-03,2.104468e-02,3.100857e-02,1.935941e-03,7.918720e-03
2.121864e-01,5.359075e-03,3.965031e-02,1.274520e-02,5.340752e-03,2.093795e-01,3.249011e-01,1.327618e-01,2.128622e-03,1.001245e-03,4.544658e-03,1.582148e-02,2.609509e-02,1.645333e-03,6.439404e-03
2.259493e-01,4.166006e-03,3.037357e-02,9.832544e-03,4.640795e-03,2.269177e-01,3.087367e-01,1.403181e-01,1.659478e-03,8.874463e-04,3.549280e-03,1.350542e-02,2.244811e-02,1.402336e-03,5.613309e-03
2.657114e-01,3.745266e-03,2.476445e-02,9.762807e-03,4.451029e-03,2.557810e-01,2.402066e-01,1.248826e-01,2.366668e-03,1.807213e-03,3.588325e-03,1.346138e-02,4.037080e-02,1.302580e-03,7.797869e-03
2.971680e-01,3.521093e-03,1.824527e-02,9.795444e-03,3.381333e-03,2.580980e-01,1.749069e-01,9.083157e-02,2.565339e-03,1.932560e-03,3.101923e-03,1.108275e-02,1.157522e-01,1.081401e-03,8.536284e-03
2.238105e-01,2.785081e-03,1.298331e-02,7.256342e-03,2.606727e-03,1.879110e-01,1.245050e-01,6.459751e-02,2.253232e-03,1.684695e-03,2.409759e-03,8.096354e-03,3.452921e-01,8.083482e-04,1.300012e-02
2.137276e-01,3.261589e-03,1.016503e-02,7.778264e-03,2.444861e-03,1.502668e-01,9.155754e-02,4.692008e-02,3.372753e-03,1.744058e-03,2.621740e-03,8.276954e-03,4.407814e-01,7.551109e-04,1.632628e-02
1.694429e-01,2.549095e-03,7.282520e-03,5.825704e-03,2.830049e-03,1.153313e-01,8.516911e-02,3.647620e-02,3.474289e-03,1.935924e-03,3.683488e-03,8.211566e-03,4.934078e-01,1.020837e-03,6.335919e-02
1.756390e-01,4.168442e-03,6.347227e-03,5.530950e-03,3.065664e-03,1.170740e-01,6.754983e-02,2.710635e-02,3.849653e-03,1.754814e-03,3.750706e-03,1.198620e-02,5.131153e-01,1.185756e-03,5.787606e-02
1.772921e-01,3.573953e-03,4.827325e-03,4.450514e-03,2.867057e-03,1.446042e-01,5.216018e-02,2.087408e-02,3.583916e-03,1.488378e-03,4.768829e-03,1.561556e-02,4.896459e-01,1.160030e-03,7.308800e-02
1.342554e-01,3.010709e-03,3.729713e-03,3.730675e-03,3.819974e-03,1.389588e-01,4.131062e-02,1.542309e-02,3.206846e-03,1.227812e-03,3.771226e-03,1.468117e-02,5.710131e-01,9.015437e-04,6.095926e-02
1.038182e-01,2.338468e-03,2.940746e-03,3.001686e-03,4.184083e-03,1.428568e-01,3.168330e-02,1.283672e-02,2.916889e-03,1.091383e-03,3.414267e-03,1.756869e-02,6.052569e-01,7.827572e-04,6.530914e-02
7.504469e-02,1.910374e-03,3.056668e-03,2.662370e-03,6.020721e-03,1.371882e-01,3.013958e-02,1.108166e-02,3.722648e-03,1.549023e-03,3.234431e-03,2.032418e-02,6.490950e-01,6.280252e-04,5.434240e-02
5.749592e-02,1.469324e-03,2.610932e-03,2.045342e-03,5.419371e-03,1.481061e-01,2.305519e-02,8.180358e-03,3.240347e-03,1.674974e-03,3.136546e-03,2.507499e-02,6.645947e-01,5.117994e-04,5.338407e-02
4.433164e-02,1.396627e-03,3.116391e-03,1.537397e-03,6.936017e-03,1.078043e-01,1.839584e-02,6.129522e-03,3.299006e-03,1.826113e-03,3.003839e-03,3.493606e-02,7.169548e-01,4.290685e-04,4.990328e-02
4.014778e-02,1.200234e-03,5.559746e-03,1.181338e-03,8.857394e-03,7.732065e-02,1.514822e-02,4.711859e-03,2.604452e-03,2.383853e-03,2.604636e-03,3.732236e-02,7.523896e-01,6.779642e-04,4.788988e-02
3.375946e-02,1.020267e-03,5.934116e-03,1.080219e-03,8.502968e-03,6.984849e-02,1.171033e-02,4.152637e-03,1.969386e-03,2.860340e-03,2.745726e-03,1.378105e-01,6.785555e-01,1.029135e-03,3.902084e-02
3.080144e-02,1.103793e-03,1.018225e-02,1.106073e-03,1.653710e-02,4.998872e-02,9.846309e-03,4.543927e-03,2.906801e-03,2.925519e-03,2.867580e-03,1.546604e-01,6.826263e-01,1.115991e-03,2.878779e-02
2.273332e-02,8.926193e-04,1.477785e-02,8.053790e-04,1.777856e-02,3.580634e-02,2.008245e-02,2.613842e-02,2.495269e-03,2.387789e-03,2.567942e-03,2.236005e-01,6.045413e-01,9.734507e-04,2.441882e-02
1.764450e-02,1.330116e-03,5.494760e-02,7.582599e-04,4.761518e-02,2.700195e-02,2.248715e-02,2.761201e-02,3.104356e-03,1.836871e-03,1.960063e-03,2.010218e-01,5.737298e-01,7.201049e-04,1.823029e-02
1.393296e-02,1.558885e-03,2.699942e-01,1.344829e-03,4.250755e-02,2.202022e-02,1.702715e-02,2.230437e-02,2.494067e-03,1.435742e-03,1.651474e-03,1.468907e-01,4.395032e-01,6.065859e-04,1.672812e-02
1.211672e-02,1.475230e-03,4.386139e-01,5.598700e-03,4.013542e-02,1.852812e-02,1.266400e-02,1.901511e-02,2.560120e-03,1.217327e-03,1.684003e-03,1.042788e-01,3.229707e-01,5.299620e-04,1.861186e-02
1.756884e-02,1.333604e-03,5.818582e-01,7.592762e-03,2.902217e-02,1.528755e-02,8.998675e-03,1.512890e-02,2.887079e-03,1.387846e-03,1.474155e-03,7.308811e-02,2.272061e-01,3.959562e-04,1.677011e-02
2.128312e-02,1.949219e-03,6.675543e-01,8.148523e-03,2.680286e-02,1.162982e-02,7.192656e-03,1.458056e-02,8.762641e-03,1.938277e-03,1.580625e-03,5.132943e-02,1.616748e-01,4.212486e-04,1.515192e-02
5.262526e-02,2.686255e-03,6.623030e-01,7.747534e-03,4.674710e-02,1.306012e-02,9.417437e-03,1.260637e-02,1.251507e-02,1.741973e-03,1.316568e-03,3.607531e-02,1.168455e-01,8.048278e-04,2.350765e-02
9.456357e-02,8.452985e-03,5.367625e-01,9.537550e-03,1.524258e-01,1.674166e-02,1.004398e-02,1.070774e-02,2.229040e-02,1.881869e-03,1.224303e-03,2.535168e-02,8.402619e-02,8.133060e-04,2.517641e-02
1.185197e-01,2.060020e-02,4.395826e-01,1.170544e-02,2.131763e-01,2.797461e-02,1.072940e-02,1.001206e-02,3.474977e-02,1.722152e-03,1.374612e-03,1.816472e-02,6.466141e-02,7.554961e-04,2.627147e-02
1.378750e-01,3.086016e-02,3.361218e-01,2.346862e-02,2.378644e-01,3.646275e-02,1.044173e-02,1.326840e-02,3.409134e-02,1.572725e-03,1.635259e-03,1.493951e-02,8.991832e-02,7.998181e-04,3.068009e-02
1.582262e-01,3.915695e-02,2.531820e-01,4.997319e-02,2.211515e-01,3.896563e-02,1.225561e-02,3.440650e-02,2.792815e-02,1.840127e-03,2.410047e-03,1.256113e-02,1.022843e-01,1.011963e-03,4.464670e-02
1.804258e-01,4.097955e-02,2.023221e-01,5.291292e-02,2.001195e-01,4.147416e-02,1.576368e-02,4.257713e-02,2.354548e-02,1.759522e-03,2.495036e-03,1.121573e-02,1.050308e-01,1.135825e-03,7.824273e-02
2.479901e-01,4.636911e-02,1.753376e-01,5.315015e-02,1.619588e-01,4.250180e-02,1.567159e-02,3.538603e-02,1.948766e-02,2.049432e-03,3.091274e-03,1.135680e-02,1.064045e-01,2.060195e-03,7.718492e-02
2.303284e-01,8.684522e-02,1.387904e-01,1.218222e-01,1.423798e-01,3.849204e-02,1.532411e-02,2.694480e-02,1.826960e-02,2.947531e-03,4.258947e-03,1.098762e-02,8.097593e-02,2.935526e-03,7.869793e-02
3.388345e-01,8.013251e-02,1.129923e-01,1.046628e-01,1.066994e-01,3.040694e-02,1.268948e-02,1.968763e-02,1.909518e-02,3.913282e-03,5.433181e-03,1.188394e-02,7.547094e-02,5.303249e-03,7.279471e-02
4.301847e-01,6.819560e-02,8.964300e-02,9.543718e-02,8.635139e-02,2.642367e-02,1.053857e-02,1.896207e-02,1.732341e-02,3.497492e-03,7.572564e-03,1.573849e-02,6.690530e-02,6.146305e-03,5.708029e-02
4.283566e-01,5.523060e-02,9.803727e-02,1.164669e-01,7.056712e-02,2.356615e-02,1.038447e-02,4.477739e-02,1.545755e-02,2.958035e-03,1.203868e-02,2.071899e-02,5.338622e-02,5.922441e-03,4.213170e-02
4.900914e-01,4.181731e-02,9.990616e-02,1.049696e-01,5.171721e-02,2.485316e-02,8.388427e-03,3.388951e-02,1.275402e-02,2.782060e-03,1.232854e-02,2.938103e-02,4.875645e-02,5.533407e-03,3.283176e-02
4.282905e-01,5.033180e-02,1.149111e-01,1.910526e-01,3.808796e-02,2.025752e-02,6.229418e-03,2.454483e-02,1.002243e-02,3.376175e-03,1.202366e-02,2.639642e-02,4.419801e-02,4.209931e-03,2.606767e-02
3.049141e-01,3.585053e-02,8.332220e-02,3.476284e-01,2.738782e-02,1.525789e-02,4.408656e-03,1.733325e-02,7.585933e-03,3.203839e-03,4.201828e-02,3.372378e-02,5.588300e-02,3.034960e-03,1.844733e-02
2.141633e-01,2.511367e-02,5.843549e-02,2.553585e-01,1.944454e-02,1.123651e-02,3.094593e-03,1.215070e-02,5.434338e-03,4.748828e-03,9.228457e-02,9.267612e-02,1.906058e-01,2.189468e-03,1.306364e-02
1.500327e-01,1.758606e-02,4.097943e-02,1.817240e-01,1.449757e-02,8.060440e-03,2.183611e-03,8.532990e-03,4.217764e-03,3.724371e-03,1.633196e-01,7.993352e-02,3.143896e-01,1.592595e-03,9.225742e-03
1.052093e-01,1.231373e-02,2.874136e-02,1.279960e-01,1.660714e-02,6.430784e-03,1.567675e-03,6.079507e-03,5.048359e-03,3.028201e-03,1.327845e-01,8.299663e-02,4.635296e-01,1.132995e-03,6.534194e-03
7.416476e-02,8.632913e-03,2.030861e-02,9.097741e-02,2.283775e-02,1.691954e-02,1.701810e-03,5.291291e-03,1.148557e-02,2.723620e-03,9.880529e-02,1.067913e-01,5.338500e-01,8.100636e-04,4.700170e-03
5.197861e-02,6.104351e-03,1.432843e-02,6.422953e-02,1.625422e-02,1.530392e-02,1.301526e-03,4.553089e-03,1.682217e-02,2.167944e-03,6.984465e-02,1.088370e-01,6.243503e-01,5.724552e-04,3.351794e-03
3.640283e-02,4.309008e-03,1.012644e-02,4.506592e-02,1.141715e-02,1.319682e-02,9.276317e-04,3.295785e-03,1.594222e-02,1.648060e-03,4.924336e-02,9.478952e-02,7.107793e-01,4.162934e-04,2.439655e-03
2.554155e-02,3.056516e-03,7.240265e-03,3.166721e-02,8.113623e-03,1.196913e-02,7.006981e-04,2.762268e-03,1.720976e-02,1.473860e-03,3.505575e-02,8.105811e-02,7.720452e-01,3.263334e-04,1.779752e-03
1.789200e-02,2.169919e-03,5.071335e-03,2.217765e-02,5.701139e-03,7.841521e-02,5.028362e-04,2.097632e-03,1.345003e-02,1.201185e-03,2.460116e-02,6.353671e-02,7.616631e-01,2.552682e-04,1.264853e-03
1.253091e-02,1.535750e-03,3.552241e-03,1.552991e-02,4.010872e-03,1.630139e-01,3.599540e-04,1.625207e-03,1.071237e-02,9.409830e-04,1.727578e-02,5.028043e-02,7.175353e-01,2.011199e-04,8.952067e-04
8.842506e-03,1.167277e-03,2.497200e-03,1.091115e-02,2.891812e-03,1.985399e-01,2.844298e-04,1.394380e-03,1.042221e-02,1.155267e-03,1.229815e-02,7.433020e-02,6.743969e-01,2.129565e-04,6.555737e-04
6.583950e-03,1.190508e-03,1.775503e-03,7.662388e-03,2.891622e-03,1.849504e-01,2.737243e-04,1.130175e-03,1.460081e-02,1.152893e-03,9.136857e-03,2.450553e-01,5.228335e-01,2.504509e-04,5.118986e-04
5.700250e-03,9.858850e-04,1.265964e-03,5.380289e-03,2.297863e-03,1.392649e-01,2.605109e-04,9.481105e-04,1.114384e-02,9.691418e-04,6.710744e-03,4.349079e-01,3.895053e-01,2.659468e-04,3.933482e-04
4.746400e-03,7.141553e-04,8.965531e-04,3.768863e-03,2.144177e-03,1.014262e-01,2.244966e-04,7.491057e-04,8.266838e-03,7.211047e-04,4.840252e-03,5.943725e-01,2.766489e-01,1.983716e-04,2.820350e-04
4.436772e-03,6.304373e-04,6.802843e-04,2.645708e-03,2.336164e-03,7.373191e-02,2.880441e-04,8.510782e-04,6.783285e-03,5.572661e-04,3.499229e-03,7.044824e-01,1.987079e-01,1.600968e-04,2.094246e-04
4.143239e-03,5.826658e-04,7.655261e-04,1.870745e-03,2.432337e-03,5.241802e-02,3.818989e-04,2.983644e-03,6.078838e-03,4.174891e-04,2.586436e-03,7.831538e-01,1.418890e-01,1.292623e-04,1.670906e-04
4.158753e-03,5.329758e-04,1.578756e-03,1.392104e-03,3.336358e-03,4.336435e-02,5.391474e-04,2.912628e-02,4.889831e-03,3.221853e-04,2.166174e-03,8.042657e-01,1.040313e-01,1.553000e-04,1.407691e-04
4.928393e-03,6.987617e-04,2.390299e-03,1.099078e-03,7.258693e-03,3.264008e-02,1.553479e-03,7.553420e-02,6.986383e-03,2.533108e-04,2.005188e-03,7.834322e-01,8.093502e-02,1.714817e-04,1.133453e-04
9.513693e-03,6.659300e-04,9.743278e-03,1.363916e-03,1.635093e-02,2.486924e-02,1.431624e-02,2.155989e-01,5.956576e-03,2.311692e-04,1.695809e-03,6.383178e-01,6.098136e-02,2.683637e-04,1.266892e-04
3.333687e-02,1.073469e-03,1.174833e-02,5.496508e-03,2.458026e-02,2.408338e-02,1.718115e-02,1.850930e-01,6.400083e-03,2.220194e-04,1.352672e-03,6.414524e-01,4.756272e-02,2.397222e-04,1.773452e-04
4.440605e-02,6.598811e-03,1.810043e-02,7.354724e-03,3.111809e-02,3.934081e-02,2.418042e-02,1.787057e-01,2.852425e-02,3.769974e-04,1.393682e-03,5.821927e-01,3.703881e-02,2.966717e-04,3.717833e-04
5.665171e-02,7.990408e-03,2.460023e-02,9.444090e-03,4.263888e-02,5.523377e-02,4.493533e-02,1.432777e-01,3.327526e-02,5.474181e-04,1.981531e-03,5.427492e-01,3.498168e-02,5.410780e-04,1.151630e-03
7.431331e-02,7.566242e-03,3.877910e-02,1.892997e-02,3.874198e-02,4.741380e-02,4.678526e-02,1.625590e-01,3.107135e-02,6.226214e-04,2.081703e-03,5.009252e-01,2.866824e-02,5.365399e-04,1.005662e-03
8.098616e-02,1.432669e-02,9.520853e-02,8.534044e-02,5.923851e-02,5.107313e-02,4.796079e-02,1.260893e-01,2.829813e-02,1.240236e-03,2.147972e-03,3.806016e-01,2.457858e-02,5.035919e-04,2.406327e-03
8.826175e-02,1.468369e-02,1.099910e-01,1.010137e-01,6.659479e-02,5.855373e-02,4.706606e-02,1.328853e-01,2.673401e-02,1.429216e-03,2.147349e-03,3.203787e-01,2.692445e-02,5.060190e-04,2.830192e-03
1.020081e-01,1.622666e-02,9.130204e-02,8.424185e-02,5.485829e-02,6.642605e-02,3.681130e-02,1.040370e-01,2.830742e-02,1.333112e-03,4.974931e-03,3.724243e-01,3.339542e-02,9.475069e-04,2.706054e-03
1.694148e-01,2.019806e-02,7.827179e-02,7.902213e-02,5.010134e-02,5.905289e-02,2.972437e-02,8.460130e-02,3.290184e-02,2.074840e-03,7.055447e-03,3.121094e-01,6.488127e-02,2.113982e-03,8.476565e-03
2.355054e-01,2.103004e-02,8.376083e-02,7.670353e-02,4.473992e-02,5.726167e-02,2.413544e-02,8.785505e-02,3.446312e-02,1.988295e-03,6.488418e-03,2.479919e-01,6.646827e-02,2.491607e-03,9.116459e-03
3.282326e-01,2.501176e-02,6.634466e-02,6.044575e-02,3.694556e-02,5.954206e-02,1.789466e-02,8.440132e-02,3.501886e-02,1.697799e-03,5.724990e-03,1.985186e-01,6.961279e-02,2.715470e-03,7.893118e-03
4.538793e-01,2.464056e-02,5.085881e-02,4.593209e-02,2.953120e-02,6.084745e-02,1.345921e-02,6.807297e-02,3.046435e-02,1.393239e-03,5.294011e-03,1.449498e-01,6.000995e-02,3.060324e-03,7.606749e-03
1.000000e+00,0.000000e+00,0.000000e+00,0.000000e+00,0.000000e+00,0.000000e+00,0.000000e+00,0.000000e+00,0.000000e+00,0.000000e+00,0.000000e+00,0.000000e+00,0.000000e+00,0.000000e+00,0.000000e+00
1.000000e+00,0.000000e+00,0.000000e+00,0.000000e+00,0.000000e+00,0.000000e+00,0.000000e+00,0.000000e+00,0.000000e+00,0.000000e+00,0.000000e+00,0.000000e+00,0.000000e+00,0.000000e+00,0.000000e+00
1.000000e+00,0.000000e+00,0.000000e+00,0.000000e+00,0.000000e+00,0.000000e+00,0.000000e+00,0.000000e+00,0.000000e+00,0.000000e+00,0.000000e+00,0.000000e+00,0.000000e+00,0.000000e+00,0.000000e+00
1.000000e+00,0.000000e+00,0.000000e+00,0.000000e+00,0.000000e+00,0.000000e+00,0.000000e+00,0.000000e+00,0.000000e+00,0.000000e+00,0.000000e+00,0.000000e+00,0.000000e+00,0.000000e+00,0.000000e+00
1.000000e+00,0.000000e+00,0.000000e+00,0.000000e+00,0.000000e+00,0.000000e+00,0.000000e+00,0.000000e+00,0.000000e+00,0.000000e+00,0.000000e+00,0.000000e+00,0.000000e+00,0.000000e+00,0.000000e+00
1.000000e+00,0.000000e+00,0.000000e+00,0.000000e+00,0.000000e+00,0.000000e+00,0.000000e+00,0.000000e+00,0.000000e+00,0.000000e+00,0.000000e+00,0.000000e+00,0.000000e+00,0.000000e+00,0.000000e+00
1.000000e+00,0.000000e+00,0.000000e+00,0.000000e+00,0.000000e+00,0.000000e+00,0.000000e+00,0.000000e+00,0.000000e+00,0.000000e+00,0.000000e+00,0.000000e+00,0.000000e+00,0.000000e+00,0.000000e+00
1.000000e+00,0.000000e+00,0.000000e+00,0.000000e+00,0.000000e+00,0.000000e+00,0.000000e+00,0.000000e+00,0.000000e+00,0.000000e+00,0.000000e+00,0.000000e+00,0.000000e+00,0.000000e+00,0.000000e+00
1.000000e+00,0.000000e+00,0.000000e+00,0.000000e+00,0.000000e+00,0.000000e+00,0.000000e+00,0.000000e+00,0.000000e+00,0.000000e+00,0.000000e+00,0.000000e+00,0.000000e+00,0.000000e+00,0.000000e+00
4.531825e-01,4.666268e-03,3.013014e-03,6.086424e-03,2.798199e-03,5.588452e-02,2.024396e-03,6.011478e-03,2.581915e-02,1.218066e-02,1.874423e-02,3.623493e-02,3.336313e-01,3.696135e-03,3.602676e-02
3.487843e-01,5.433882e-03,3.262689e-03,5.531389e-03,3.009198e-03,4.608031e-02,1.750654e-03,4.637240e-03,3.874484e-02,1.375882e-02,2.394900e-02,4.551841e-02,3.402013e-01,6.217311e-03,1.131206e-01
2.690433e-01,6.613651e-03,3.157244e-03,5.543378e-03,3.318379e-03,3.824083e-02,2.015807e-03,4.734648e-03,5.906423e-02,2.254550e-02,2.797580e-02,5.286216e-02,3.053600e-01,6.193406e-03,1.933317e-01
2.014426e-01,6.887049e-03,2.830051e-03,5.861070e-03,3.233270e-03,3.125433e-02,1.948899e-03,4.808301e-03,9.632193e-02,2.446971e-02,3.198577e-02,6.082144e-02,2.869777e-01,5.395534e-03,2.357623e-01
1.444407e-01,7.732620e-03,2.298715e-03,5.157901e-03,3.036684e-03,2.684812e-02,1.904945e-03,4.573333e-03,2.208892e-01,2.359862e-02,3.316916e-02,6.615004e-02,2.267820e-01,4.317567e-03,2.291005e-01
1.023971e-01,8.776396e-03,2.566037e-03,5.424511e-03,2.796917e-03,2.644394e-02,2.438980e-03,1.031625e-02,3.387932e-01,1.943859e-02,3.491957e-02,6.036336e-02,1.723406e-01,3.660777e-03,2.093237e-01
7.256053e-02,1.577490e-02,4.249638e-03,1.070978e-02,2.412840e-03,4.774646e-02,6.305550e-03,2.440229e-02,4.065930e-01,1.502524e-02,2.767036e-02,4.657714e-02,1.302858e-01,3.280438e-03,1.864060e-01
5.174751e-02,1.623033e-02,3.636079e-03,9.682866e-03,2.301993e-03,6.188138e-02,4.642765e-03,1.910979e-02,5.191438e-01,1.089882e-02,2.280162e-02,3.688002e-02,9.318321e-02,2.730391e-03,1.451295e-01
3.680972e-02,1.533348e-02,2.982670e-03,1.005880e-02,3.429229e-03,7.440284e-02,3.354846e-03,1.366274e-02,6.109883e-01,8.233302e-03,1.706870e-02,2.657443e-02,6.796165e-02,2.295786e-03,1.068435e-01
2.664654e-02,1.418729e-02,2.262956e-03,2.444356e-02,6.100287e-03,6.908277e-02,2.460045e-03,9.874512e-03,6.773912e-01,7.109085e-03,1.229137e-02,1.887357e-02,4.992457e-02,1.713801e-03,7.763851e-02
1.934169e-02,1.409863e-02,1.788073e-03,2.849226e-02,1.871542e-02,7.856619e-02,2.042012e-03,8.052659e-03,7.062520e-01,5.913940e-03,8.775165e-03,1.335315e-02,3.652989e-02,1.266346e-03,5.681256e-02
1.475729e-02,1.883795e-02,1.539342e-03,2.421294e-02,3.751389e-02,1.198287e-01,2.218035e-03,1.040055e-02,6.780499e-01,4.833809e-03,6.232037e-03,9.421253e-03,2.674959e-02,9.649935e-04,4.443980e-02
1.382801e-02,1.775194e-02,4.505171e-03,3.772160e-02,8.069374e-02,1.242451e-01,7.849542e-03,3.472017e-02,6.056774e-01,4.587014e-03,4.557196e-03,6.692692e-03,2.097596e-02,7.194856e-04,3.547503e-02
1.757330e-02,1.886226e-02,5.910174e-03,3.086602e-02,9.265917e-02,1.266392e-01,8.427156e-03,1.147944e-01,5.290563e-01,3.620048e-03,3.264600e-03,4.729863e-03,1.500859e-02,5.225807e-04,2.806635e-02
2.105241e-02,1.825641e-02,5.663416e-03,2.674262e-02,7.249385e-02,1.219152e-01,7.204907e-03,2.872582e-01,3.882453e-01,3.527142e-03,2.482640e-03,3.361610e-03,1.097071e-02,3.900272e-04,3.043552e-02
2.062811e-02,1.647444e-02,5.415169e-03,2.071236e-02,5.568514e-02,9.648096e-02,5.666825e-03,4.596884e-01,2.801464e-01,2.859809e-03,1.883413e-03,2.376227e-03,7.933400e-03,2.816930e-04,2.376759e-02
1.967778e-02,1.447436e-02,6.104155e-03,1.646207e-02,4.219535e-02,7.052621e-02,4.442490e-03,5.910836e-01,2.018443e-01,2.539271e-03,1.515536e-03,1.720847e-03,5.981429e-03,2.112975e-04,2.122129e-02
1.844340e-02,1.161658e-02,8.494526e-03,1.240934e-02,3.235531e-02,5.009621e-02,3.486494e-03,6.933540e-01,1.435003e-01,2.131369e-03,1.195176e-03,1.231993e-03,4.999739e-03,1.719634e-04,1.651377e-02
1.724244e-02,8.496397e-03,7.525021e-03,9.043444e-03,2.653174e-02,3.590129e-02,2.908045e-03,7.715084e-01,1.014235e-01,1.551881e-03,9.106879e-04,8.754413e-04,4.052776e-03,1.366939e-04,1.189224e-02
1.573974e-02,6.391540e-03,6.676775e-03,6.628934e-03,1.929715e-02,2.549491e-02,2.144173e-03,8.319263e-01,7.136904e-02,1.113694e-03,8.488361e-04,6.418703e-04,3.109077e-03,1.363922e-04,8.481499e-03
1.443377e-02,4.752171e-03,5.883776e-03,4.873894e-03,1.415299e-02,1.816688e-02,1.672381e-03,8.753896e-01,5.025408e-02,7.924718e-04,6.784148e-04,4.682457e-04,2.330551e-03,1.161443e-04,6.034649e-03
1.680163e-02,3.717455e-03,5.830572e-03,3.781880e-03,1.046413e-02,1.380029e-02,1.441801e-03,8.998860e-01,3.564925e-02,6.005811e-04,7.805968e-04,4.685757e-04,2.078318e-03,1.734737e-04,4.525460e-03
1.658383e-02,2.777017e-03,4.934816e-03,2.969695e-03,7.611875e-03,1.001978e-02,1.296888e-03,9.220310e-01,2.513250e-02,4.480589e-04,7.096703e-04,4.062205e-04,1.551744e-03,1.557372e-04,3.371136e-03
1.888092e-02,2.013974e-03,5.071681e-03,2.724652e-03,5.891194e-03,7.511212e-03,1.505856e-03,9.332598e-01,1.777701e-02,3.481924e-04,7.237986e-04,3.961370e-04,1.185066e-03,1.628191e-04,2.547745e-03
2.315145e-02,1.471654e-03,8.138186e-03,3.088056e-03,4.524488e-03,6.108769e-03,1.907838e-03,9.342161e-01,1.268720e-02,3.345459e-04,7.109518e-04,4.989963e-04,9.793495e-04,1.649833e-04,2.017459e-03
2.860027e-02,1.089740e-03,7.469587e-03,3.138915e-03,3.570730e-03,6.092162e-03,2.396602e-03,9.344072e-01,9.007137e-03,3.330168e-04,6.888094e-04,5.870331e-04,9.595123e-04,1.420147e-04,1.517308e-03
5.082796e-02,8.152928e-04,7.404459e-03,3.254214e-03,2.674345e-03,1.347616e-02,4.278694e-03,9.061320e-01,6.428332e-03,3.494949e-04,6.837214e-04,1.080527e-03,1.272239e-03,1.323928e-04,1.190163e-03
4.419383e-02,5.821173e-04,5.537046e-03,2.523536e-03,2.074344e-03,1.081513e-02,3.761521e-03,9.221122e-01,4.606100e-03,3.024095e-04,5.716007e-04,9.178934e-04,9.903782e-04,1.039909e-04,9.078986e-04
4.005491e-02,4.311900e-04,4.080432e-03,1.989954e-03,1.899244e-03,1.058656e-02,3.539551e-03,9.301089e-01,3.438165e-03,3.474235e-04,6.141062e-04,9.939824e-04,1.039665e-03,8.603905e-05,7.898344e-04
3.690073e-02,3.289787e-04,3.146303e-03,1.696295e-03,2.867611e-03,1.220945e-02,3.287436e-03,9.332368e-01,2.539457e-03,2.921223e-04,5.876096e-04,9.471516e-04,1.235435e-03,7.189337e-05,6.526320e-04
4.403609e-02,4.618826e-04,2.626142e-03,1.559826e-03,5.479707e-03,2.482976e-02,2.731736e-03,8.424801e-01,3.016706e-03,6.284266e-04,6.142262e-03,4.870208e-03,5.855481e-02,2.858138e-04,2.296493e-03
5.542375e-02,8.450078e-04,2.298716e-03,1.919530e-03,7.101986e-03,2.838087e-02,2.460731e-03,7.058182e-01,4.830082e-03,9.299939e-04,2.100798e-02,2.142977e-02,1.397625e-01,1.087149e-03,6.703855e-03
4.072183e-02,6.886466e-04,1.879754e-03,1.655561e-03,7.383867e-03,2.590897e-02,2.269863e-03,5.098335e-01,3.939213e-03,7.427072e-04,1.811990e-02,1.909268e-02,3.590159e-01,9.453861e-04,7.802334e-03
2.995802e-02,5.515372e-04,1.464852e-03,1.264570e-03,5.814325e-03,1.982586e-02,1.696096e-03,3.605778e-01,2.959791e-03,5.642350e-04,1.575837e-02,1.822853e-02,5.348071e-01,7.442305e-04,5.784724e-03
2.337931e-02,5.193561e-04,1.298478e-03,1.069422e-03,8.984175e-03,1.418059e-02,1.271233e-03,2.548285e-01,6.069180e-03,5.257737e-04,1.307149e-02,1.722931e-02,6.511184e-01,6.840726e-04,5.770800e-03
1.846820e-02,4.788382e-04,1.132782e-03,1.030081e-03,1.220999e-02,1.013640e-02,9.529723e-04,1.802565e-01,1.340961e-02,7.171108e-04,1.091019e-02,1.959925e-02,7.246435e-01,6.906299e-04,5.363942e-03
1.491325e-02,5.187714e-04,1.536192e-03,1.401084e-03,1.102070e-02,7.413066e-03,7.155214e-04,1.292961e-01,1.535996e-02,9.718992e-04,9.287762e-03,1.789346e-02,7.837445e-01,7.235386e-04,5.204220e-03
1.253664e-02,6.651634e-04,1.251859e-03,1.663613e-03,9.081002e-03,5.457894e-03,5.627510e-04,9.212665e-02,2.518174e-02,3.643910e-03,7.708159e-03,3.200192e-02,7.976736e-01,1.107386e-03,9.337662e-03
1.063807e-02,1.229263e-03,1.377961e-03,1.777672e-03,8.084250e-03,4.158767e-03,5.532731e-04,7.025875e-02,3.516991e-02,6.195411e-03,7.893072e-03,4.694963e-02,7.933676e-01,1.914783e-03,1.043157e-02
1.275254e-02,4.530439e-02,1.223905e-02,3.042959e-03,2.748213e-02,3.371842e-03,5.638659e-04,5.282027e-02,1.037242e-01,9.235948e-03,1.124934e-02,4.109560e-02,6.565705e-01,2.811797e-03,1.773554e-02
1.756334e-02,4.139719e-02,1.450301e-02,1.496740e-02,3.846331e-02,4.881060e-03,1.130201e-03,4.357075e-02,1.613675e-01,2.054385e-02,1.672817e-02,3.634783e-02,5.454411e-01,5.887582e-03,3.720777e-02
2.468256e-02,3.712467e-02,1.986427e-02,1.360087e-02,4.255387e-02,6.387772e-03,1.085594e-03,3.639704e-02,1.879368e-01,2.607758e-02,1.961292e-02,3.411244e-02,4.472518e-01,8.957002e-03,9.435492e-02
1.877577e-02,2.965273e-02,1.802523e-02,1.168074e-02,4.624224e-02,5.690184e-03,1.869584e-03,3.675511e-02,2.853003e-01,2.900996e-02,2.128820e-02,3.238713e-02,3.474029e-01,1.257467e-02,1.033452e-01
1.444721e-02,2.162580e-02,1.653244e-02,1.034413e-02,4.131771e-02,5.061215e-03,1.894674e-03,1.424904e-01,2.755640e-01,2.528714e-02,2.430925e-02,3.801469e-02,2.824991e-01,1.762313e-02,8.298913e-02
1.187720e-02,1.611301e-02,1.260757e-02,1.488348e-02,3.219357e-02,8.763229e-03,1.393013e-03,1.506291e-01,2.850077e-01,2.584264e-02,2.806518e-02,4.838156e-02,2.465572e-01,3.072724e-02,8.695829e-02
9.426799e-03,1.194893e-02,1.004673e-02,1.703783e-02,2.397556e-02,8.638274e-03,1.053059e-03,1.337818e-01,3.433409e-01,2.029991e-02,2.454308e-02,3.981137e-02,1.855070e-01,6.525484e-02,1.053339e-01
7.643340e-03,1.193453e-02,1.121098e-02,1.675957e-02,2.303856e-02,1.334232e-02,1.239539e-03,1.085182e-01,3.527843e-01,1.571860e-02,2.431289e-02,3.300536e-02,1.368601e-01,8.926579e-02,1.543659e-01
6.251893e-03,1.244017e-02,1.148934e-02,3.076793e-02,1.881305e-02,1.375887e-02,1.188173e-03,8.966345e-02,3.997028e-01,1.279348e-02,2.200143e-02,2.479926e-02,9.972326e-02,9.946162e-02,1.571453e-01
5.861604e-03,1.461864e-02,1.041690e-02,3.889389e-02,1.826875e-02,2.247521e-02,1.488789e-03,7.536259e-02,4.183695e-01,1.114567e-02,1.708175e-02,1.905542e-02,7.363713e-02,9.798822e-02,1.753359e-01
5.853189e-03,2.498865e-02,8.544031e-03,4.912625e-02,1.877443e-02,3.311840e-02,1.244984e-03,5.684591e-02,4.582461e-01,9.095273e-03,1.309769e-02,1.376688e-02,5.310432e-02,7.614148e-02,1.780523e-01
6.424187e-03,4.198607e-02,8.721398e-03,3.908998e-02,2.125181e-02,3.245032e-02,1.070517e-03,4.460032e-02,4.439450e-01,6.944318e-03,9.518530e-03,9.772249e-03,3.870396e-02,6.518496e-02,2.303363e-01
1.002035e-02,5.315314e-02,8.347765e-03,4.138262e-02,3.301847e-02,3.540312e-02,1.275341e-03,4.062392e-02,4.604742e-01,6.227352e-03,7.261910e-03,7.047828e-03,2.859444e-02,5.289232e-02,2.142772e-01
1.237716e-02,5.089750e-02,9.007466e-03,3.090849e-02,4.517099e-02,3.869126e-02,2.009921e-03,3.438158e-02,5.082702e-01,6.087339e-03,5.925349e-03,5.035373e-03,2.229840e-02,4.114073e-02,1.877982e-01
1.464447e-02,4.374505e-02,1.092864e-02,2.611839e-02,7.960346e-02,3.530749e-02,5.381852e-03,4.032629e-02,5.178204e-01,5.843217e-03,4.611863e-03,3.782884e-03,1.837911e-02,3.008966e-02,1.634173e-01
1.159467e-02,3.322119e-02,9.829570e-03,3.008034e-02,5.731014e-02,2.615508e-02,3.892939e-03,2.876903e-02,6.260130e-01,6.137225e-03,3.852405e-03,3.007513e-03,1.390933e-02,2.119136e-02,1.250362e-01
1.197156e-02,2.665455e-02,1.233606e-02,2.752528e-02,4.419366e-02,1.993039e-02,3.289257e-03,2.218115e-02,6.584594e-01,8.885618e-03,4.425117e-03,2.529540e-03,1.242744e-02,1.507770e-02,1.301133e-01
1.094698e-02,2.799653e-02,1.497679e-02,2.639605e-02,3.907797e-02,2.133504e-02,3.123137e-03,1.852827e-02,5.986578e-01,9.190396e-03,1.412636e-02,6.587821e-03,8.103448e-02,1.305656e-02,1.149657e-01
8.093677e-03,2.219953e-02,1.179082e-02,2.167641e-02,2.821849e-02,1.587737e-02,2.672814e-03,1.323262e-02,4.787019e-01,7.563349e-03,1.299318e-02,1.187781e-02,2.608966e-01,9.774973e-03,9.443047e-02
7.262376e-03,1.682458e-02,9.991388e-03,2.108771e-02,2.132888e-02,1.656119e-02,2.843768e-03,9.435242e-03,3.630538e-01,7.871222e-03,2.309021e-02,2.590938e-02,3.846375e-01,8.145010e-03,8.195775e-02
5.610353e-03,1.189966e-02,7.366889e-03,1.507075e-02,1.534616e-02,1.692247e-02,2.355773e-03,6.614098e-03,2.573074e-01,7.380721e-03,5.502167e-02,5.168423e-02,4.800013e-01,6.356902e-03,6.106162e-02
4.082077e-03,8.774081e-03,5.505639e-03,1.077111e-02,1.093233e-02,3.042261e-02,1.938904e-03,4.638243e-03,1.818109e-01,7.210580e-03,1.053792e-01,1.492558e-01,4.283565e-01,4.911963e-03,4.601011e-02
2.971024e-03,6.667378e-03,3.882416e-03,7.562948e-03,7.672044e-03,2.370396e-02,1.455752e-03,3.250842e-03,1.312797e-01,6.379103e-03,1.343707e-01,2.968287e-01,3.379075e-01,3.526379e-03,3.254137e-02
2.334477e-03,4.804231e-03,2.722088e-03,5.308048e-03,5.395905e-03,1.735579e-02,1.092109e-03,2.283152e-03,9.328658e-02,5.776805e-03,1.247009e-01,4.561618e-01,2.533596e-01,2.525490e-03,2.289295e-02
2.567931e-03,3.590538e-03,1.909331e-03,3.725795e-03,3.838763e-03,1.264410e-02,8.726208e-04,1.621580e-03,6.952859e-02,5.551337e-03,1.410954e-01,5.308841e-01,2.042359e-01,1.809583e-03,1.612433e-02
3.062187e-03,2.553097e-03,1.343541e-03,2.620850e-03,2.813099e-03,9.767794e-03,6.778440e-04,1.151799e-03,4.927267e-02,4.928598e-03,1.111992e-01,6.477230e-01,1.502761e-01,1.299776e-03,1.131043e-02
3.139462e-03,1.811499e-03,9.441901e-04,1.848108e-03,2.247222e-03,7.203645e-03,5.434583e-04,8.261176e-04,3.614506e-02,4.073219e-03,9.033944e-02,7.316945e-01,1.103198e-01,9.294537e-04,7.934792e-03
2.429342e-03,1.283650e-03,6.631612e-04,1.296747e-03,1.883271e-03,5.556207e-03,4.408493e-04,5.913076e-04,2.894529e-02,3.786916e-03,6.830044e-02,7.982497e-01,8.034238e-02,6.622486e-04,5.568526e-03
1.744628e-03,9.033521e-04,4.661459e-04,9.102524e-04,2.031444e-03,3.999024e-03,4.335867e-04,4.772955e-04,2.653623e-02,3.010365e-03,5.240201e-02,8.448517e-01,5.785883e-02,4.725057e-04,3.902644e-03
1.251291e-03,6.393400e-04,3.299927e-04,6.395162e-04,2.008159e-03,2.878717e-03,3.582030e-04,4.249863e-04,2.458475e-02,2.691165e-03,4.021544e-02,8.790939e-01,4.180631e-02,3.431409e-04,2.735080e-03
1.101616e-03,4.616914e-04,2.453296e-04,4.523557e-04,3.025640e-03,2.394262e-03,3.523643e-04,5.087275e-04,2.471988e-02,2.563784e-03,3.163293e-02,8.988216e-01,3.155419e-02,2.492413e-04,1.916467e-03
1.023773e-03,3.387022e-04,1.806894e-04,3.203916e-04,4.615831e-03,1.812273e-03,3.162229e-04,5.809847e-04,3.211633e-02,2.194216e-03,2.454356e-02,9.057214e-01,2.471314e-02,1.798364e-04,1.342714e-03
1.642170e-03,2.749023e-04,1.767461e-04,2.813521e-04,1.405297e-02,1.519770e-03,3.291384e-04,1.903412e-03,4.395095e-02,2.821491e-03,1.863656e-02,8.923034e-01,2.102847e-02,1.371094e-04,9.416659e-04
2.536904e-03,3.793245e-04,2.406382e-04,2.269961e-04,1.505362e-02,1.173375e-03,2.980249e-04,4.140128e-03,7.699962e-02,2.971745e-03,1.383146e-02,8.635968e-01,1.775631e-02,1.335806e-04,6.615461e-04
3.858771e-03,3.695676e-04,1.985062e-04,1.888794e-04,1.624282e-02,1.020130e-03,3.028725e-04,5.520773e-03,1.046494e-01,3.268516e-03,1.067684e-02,8.363691e-01,1.673738e-02,1.294191e-04,4.670874e-04
3.469041e-03,3.491671e-04,1.614493e-04,1.493949e-04,3.355002e-02,8.148990e-04,8.706521e-04,5.414339e-03,2.866514e-01,2.708647e-03,8.119962e-03,6.414406e-01,1.587234e-02,9.707397e-05,3.311423e-04
2.912342e-03,3.515357e-04,1.207127e-04,1.247990e-04,2.764935e-02,6.287050e-04,8.135240e-04,4.513208e-03,4.757432e-01,1.943890e-03,5.969882e-03,4.646885e-01,1.423757e-02,6.959697e-05,2.333187e-04
4.524075e-03,5.283438e-04,2.290158e-04,4.264193e-04,3.389001e-02,2.426986e-03,7.094440e-04,6.382393e-03,5.930512e-01,1.586007e-03,4.633545e-03,3.350573e-01,1.630798e-02,6.456122e-05,1.828188e-04
8.008796e-03,1.379420e-03,7.362768e-04,1.669078e-03,4.607245e-02,2.333547e-03,7.945489e-04,1.288253e-02,6.641977e-01,1.254648e-03,4.123099e-03,2.404390e-01,1.584392e-02,6.085418e-05,2.042370e-04
2.134376e-02,2.878693e-03,1.021404e-03,6.454038e-03,1.063633e-01,3.068429e-03,1.396854e-03,1.544462e-02,6.508780e-01,1.208632e-03,3.600749e-03,1.710483e-01,1.427478e-02,7.962719e-05,9.388828e-04
4.473303e-02,8.026335e-03,5.505449e-03,5.884583e-02,1.469942e-01,5.570959e-03,2.870146e-03,1.349754e-02,5.627843e-01,2.154892e-03,3.393379e-03,1.235669e-01,1.440846e-02,1.165937e-04,7.532067e-03
6.983162e-02,8.288333e-03,5.025954e-03,6.198534e-02,1.914431e-01,8.733959e-03,4.024435e-03,1.034644e-02,5.139796e-01,2.016635e-03,4.728851e-03,8.958686e-02,1.826876e-02,2.118687e-04,1.152825e-02
8.571814e-02,1.307526e-02,5.229067e-03,1.276217e-01,2.570703e-01,1.028421e-02,8.460594e-03,9.928801e-03,3.857509e-01,1.646452e-03,4.857698e-03,6.523079e-02,1.521767e-02,2.173436e-04,9.690991e-03
9.982190e-02,1.456743e-02,4.459675e-03,9.864561e-02,3.552092e-01,1.020242e-02,6.673270e-03,8.404679e-03,3.273227e-01,1.300651e-03,5.275763e-03,4.727833e-02,1.193887e-02,3.606411e-04,8.538884e-03
1.675687e-01,1.854911e-02,4.277399e-03,9.580759e-02,3.301527e-01,1.090271e-02,7.185743e-03,8.879086e-03,2.786216e-01,1.453303e-03,7.454827e-03,4.387687e-02,1.284588e-02,6.196852e-04,1.180490e-02
1.815216e-01,2.312381e-02,3.513543e-03,1.051236e-01,3.449670e-01,1.204593e-02,9.877771e-03,8.867196e-03,2.454105e-01,1.238525e-03,7.260066e-03,3.411510e-02,1.157296e-02,6.117978e-04,1.075067e-02
1.947909e-01,2.267610e-02,3.075270e-03,8.821066e-02,3.571370e-01,1.472497e-02,8.959771e-03,7.089556e-03,2.463165e-01,1.076239e-03,7.629280e-03,2.807893e-02,1.048324e-02,6.245812e-04,9.126960e-03
1.667569e-01,5.259617e-02,2.763612e-03,2.219034e-01,2.883863e-01,1.185133e-02,7.128296e-03,1.233910e-02,1.884349e-01,9.976203e-04,6.782224e-03,2.160136e-02,8.615660e-03,5.940051e-04,9.249058e-03
1.607877e-01,4.072384e-02,9.125359e-03,3.315501e-01,2.384636e-01,9.637835e-03,6.030722e-03,1.537467e-02,1.496123e-01,1.039294e-03,6.014431e-03,1.635189e-02,6.988193e-03,5.511751e-04,7.748866e-03
2.119249e-01,3.776013e-02,1.098261e-02,2.982036e-01,2.010693e-01,1.114546e-02,5.584406e-03,1.380793e-02,1.582032e-01,1.552922e-03,7.699139e-03,1.604034e-02,8.787101e-03,1.202566e-03,1.603649e-02
2.730309e-01,3.367643e-02,1.047027e-02,2.354007e-01,1.798719e-01,2.714803e-02,4.592455e-03,1.114798e-02,1.731190e-01,1.410041e-03,8.083972e-03,1.738354e-02,8.725306e-03,1.960063e-03,1.397944e-02
3.341889e-01,3.100197e-02,1.112465e-02,2.222749e-01,1.457716e-01,2.537118e-02,4.571560e-03,1.211622e-02,1.490978e-01,1.957486e-03,1.004484e-02,2.284817e-02,9.893122e-03,4.586920e-03,1.515077e-02
4.217555e-01,3.063671e-02,1.209108e-02,1.868529e-01,1.201088e-01,2.462805e-02,4.057505e-03,1.150825e-02,1.288159e-01,1.774929e-03,9.192338e-03,2.067033e-02,9.209784e-03,4.648542e-03,1.404955e-02
1.000000e+00,0.000000e+00,0.000000e+00,0.000000e+00,0.000000e+00,0.000000e+00,0.000000e+00,0.000000e+00,0.000000e+00,0.000000e+00,0.000000e+00,0.000000e+00,0.000000e+00,0.000000e+00,0.000000e+00
1.000000e+00,0.000000e+00,0.000000e+00,0.000000e+00,0.000000e+00,0.000000e+00,0.000000e+00,0.000000e+00,0.000000e+00,0.000000e+00,0.000000e+00,0.000000e+00,0.000000e+00,0.000000e+00,0.000000e+00
1.000000e+00,0.000000e+00,0.000000e+00,0.000000e+00,0.000000e+00,0.000000e+00,0.000000e+00,0.000000e+00,0.000000e+00,0.000000e+00,0.000000e+00,0.000000e+00,0.000000e+00,0.000000e+00,0.000000e+00
1.000000e+00,0.000000e+00,0.000000e+00,0.000000e+00,0.000000e+00,0.000000e+00,0.000000e+00,0.000000e+00,0.000000e+00,0.000000e+00,0.000000e+00,0.000000e+00,0.000000e+00,0.000000e+00,0.000000e+00
1.000000e+00,0.000000e+00,0.000000e+00,0.000000e+00,0.000000e+00,0.000000e+00,0.000000e+00,0.000000e+00,0.000000e+00,0.000000e+00,0.000000e+00,0.000000e+00,0.000000e+00,0.000000e+00,0.000000e+00
1.000000e+00,0.000000e+00,0.000000e+00,0.000000e+00,0.000000e+00,0.000000e+00,0.000000e+00,0.000000e+00,0.000000e+00,0.000000e+00,0.000000e+00,0.000000e+00,0.000000e+00,0.000000e+00,0.000000e+00
1.000000e+00,0.000000e+00,0.000000e+00,0.000000e+00,0.000000e+00,0.000000e+00,0.000000e+00,0.000000e+00,0.000000e+00,0.000000e+00,0.000000e+00,0.000000e+00,0.000000e+00,0.000000e+00,0.000000e+00
1.000000e+00,0.000000e+00,0.000000e+00,0.000000e+00,0.000000e+00,0.000000e+00,0.000000e+00,0.000000e+00,0.000000e+00,0.000000e+00,0.000000e+00,0.000000e+00,0.000000e+00,0.000000e+00,0.000000e+00
1.000000e+00,0.000000e+00,0.000000e+00,0.000000e+00,0.000000e+00,0.000000e+00,0.000000e+00,0.000000e+00,0.000000e+00,0.000000e+00,0.000000e+00,0.000000e+00,0.000000e+00,0.000000e+00,0.000000e+00
1.000000e+00,0.000000e+00,0.000000e+00,0.000000e+00,0.000000e+00,0.000000e+00,0.000000e+00,0.000000e+00,0.000000e+00,0.000000e+00,0.000000e+00,0.000000e+00,0.000000e+00,0.000000e+00,0.000000e+00
1.000000e+00,0.000000e+00,0.000000e+00,0.000000e+00,0.000000e+00,0.000000e+00,0.000000e+00,0.000000e+00,0.000000e+00,0.000000e+00,0.000000e+00,0.000000e+00,0.000000e+00,0.000000e+00,0.000000e+00
1.000000e+00,0.000000e+00,0.000000e+00,0.000000e+00,0.000000e+00,0.000000e+00,0.000000e+00,0.000000e+00,0.000000e+00,0.000000e+00,0.000000e+00,0.000000e+00,0.000000e+00,0.000000e+00,0.000000e+00
1.000000e+00,0.000000e+00,0.000000e+00,0.000000e+00,0.000000e+00,0.000000e+00,0.000000e+00,0.000000e+00,0.000000e+00,0.000000e+00,0.000000e+00,0.000000e+00,0.000000e+00,0.000000e+00,0.000000e+00
1.000000e+00,0.000000e+00,0.000000e+00,0.000000e+00,0.000000e+00,0.000000e+00,0.000000e+00,0.000000e+00,0.000000e+00,0.000000e+00,0.000000e+00,0.000000e+00,0.000000e+00,0.000000e+00,0.000000e+00
1.000000e+00,0.000000e+00,0.000000e+00,0.000000e+00,0.000000e+00,0.000000e+00,0.000000e+00,0.000000e+00,0.000000e+00,0.000000e+00,0.000000e+00,0.000000e+00,0.000000e+00,0.000000e+00,0.000000e+00
1.000000e+00,0.000000e+00,0.000000e+00,0.000000e+00,0.000000e+00,0.000000e+00,0.000000e+00,0.000000e+00,0.000000e+00,0.000000e+00,0.000000e+00,0.000000e+00,0.000000e+00,0.000000e+00,0.000000e+00
4.907248e-01,5.590243e-02,7.934275e-02,1.569665e-01,5.611381e-03,1.304608e-02,2.246026e-03,1.274485e-02,1.358177e-02,2.825278e-03,8.140164e-02,3.777464e-02,1.081180e-02,1.809856e-02,1.892158e-02
3.557104e-01,6.521461e-02,6.303419e-02,1.192746e-01,4.189175e-03,1.123015e-02,1.666184e-03,9.870456e-03,1.557842e-02,3.342926e-03,2.144878e-01,3.531798e-02,9.000097e-03,6.990364e-02,2.217941e-02
2.635174e-01,7.352738e-02,5.902193e-02,1.106342e-01,3.491345e-03,1.005920e-02,1.256649e-03,8.349044e-03,1.557813e-02,4.888019e-03,3.055770e-01,2.870905e-02,7.994303e-03,8.611418e-02,2.128209e-02
