1.000000e+00,0.000000e+00,0.000000e+00,0.000000e+00,0.000000e+00,0.000000e+00,0.000000e+00,0.000000e+00,0.000000e+00,0.000000e+00,0.000000e+00,0.000000e+00,0.000000e+00,0.000000e+00,0.000000e+00
1.000000e+00,0.000000e+00,0.000000e+00,0.000000e+00,0.000000e+00,0.000000e+00,0.000000e+00,0.000000e+00,0.000000e+00,0.000000e+00,0.000000e+00,0.000000e+00,0.000000e+00,0.000000e+00,0.000000e+00
1.000000e+00,0.000000e+00,0.000000e+00,0.000000e+00,0.000000e+00,0.000000e+00,0.000000e+00,0.000000e+00,0.000000e+00,0.000000e+00,0.000000e+00,0.000000e+00,0.000000e+00,0.000000e+00,0.000000e+00
1.000000e+00,0.000000e+00,0.000000e+00,0.000000e+00,0.000000e+00,0.000000e+00,0.000000e+00,0.000000e+00,0.000000e+00,0.000000e+00,0.000000e+00,0.000000e+00,0.000000e+00,0.000000e+00,0.000000e+00
1.000000e+00,0.000000e+00,0.000000e+00,0.000000e+00,0.000000e+00,0.000000e+00,0.000000e+00,0.000000e+00,0.000000e+00,0.000000e+00,0.000000e+00,0.000000e+00,0.000000e+00,0.000000e+00,0.000000e+00
1.000000e+00,0.000000e+00,0.000000e+00,0.000000e+00,0.000000e+00,0.000000e+00,0.000000e+00,0.000000e+00,0.000000e+00,0.000000e+00,0.000000e+00,0.000000e+00,0.000000e+00,0.000000e+00,0.000000e+00
1.000000e+00,0.000000e+00,0.000000e+00,0.000000e+00,0.000000e+00,0.000000e+00,0.000000e+00,0.000000e+00,0.000000e+00,0.000000e+00,0.000000e+00,0.000000e+00,0.000000e+00,0.000000e+00,0.000000e+00
1.000000e+00,0.000000e+00,0.000000e+00,0.000000e+00,0.000000e+00,0.000000e+00,0.000000e+00,0.000000e+00,0.000000e+00,0.000000e+00,0.000000e+00,0.000000e+00,0.000000e+00,0.000000e+00,0.000000e+00
1.000000e+00,0.000000e+00,0.000000e+00,0.000000e+00,0.000000e+00,0.000000e+00,0.000000e+00,0.000000e+00,0.000000e+00,0.000000e+00,0.000000e+00,0.000000e+00,0.000000e+00,0.000000e+00,0.000000e+00
1.000000e+00,0.000000e+00,0.000000e+00,0.000000e+00,0.000000e+00,0.000000e+00,0.000000e+00,0.000000e+00,0.000000e+00,0.000000e+00,0.000000e+00,0.000000e+00,0.000000e+00,0.000000e+00,0.000000e+00
1.000000e+00,0.000000e+00,0.000000e+00,0.000000e+00,0.000000e+00,0.000000e+00,0.000000e+00,0.000000e+00,0.000000e+00,0.000000e+00,0.000000e+00,0.000000e+00,0.000000e+00,0.000000e+00,0.000000e+00
1.000000e+00,0.000000e+00,0.000000e+00,0.000000e+00,0.000000e+00,0.000000e+00,0.000000e+00,0.000000e+00,0.000000e+00,0.000000e+00,0.000000e+00,0.000000e+00,0.000000e+00,0.000000e+00,0.000000e+00
1.000000e+00,0.000000e+00,0.000000e+00,0.000000e+00,0.000000e+00,0.000000e+00,0.000000e+00,0.000000e+00,0.000000e+00,0.000000e+00,0.000000e+00,0.000000e+00,0.000000e+00,0.000000e+00,0.000000e+00
3.739113e-01,1.428794e-02,1.559697e-02,3.028648e-02,1.333908e-02,4.718578e-02,4.077404e-01,1.197379e-02,4.491727e-03,1.758264e-03,9.756349e-03,2.424875e-02,2.878253e-02,2.920595e-03,1.372012e-02
2.739110e-01,1.045417e-02,1.325504e-02,2.147491e-02,1.068606e-02,4.232024e-02,5.507261e-01,1.390531e-02,3.277117e-03,1.367641e-03,7.112657e-03,1.774236e-02,2.171287e-02,2.149826e-03,9.904712e-03
1.979607e-01,7.433809e-03,9.970182e-03,1.511449e-02,7.878394e-03,3.102406e-02,6.720124e-01,1.338568e-02,2.319561e-03,9.889397e-04,5.130319e-03,1.264384e-02,1.553500e-02,1.585973e-03,7.016596e-03
1.466884e-01,5.288453e-03,7.429537e-03,1.065371e-02,6.105334e-03,2.319093e-02,7.538285e-01,1.411877e-02,1.681318e-03,7.141250e-04,3.767743e-03,9.128151e-03,1.122875e-02,1.172167e-03,5.004085e-03
1.156558e-01,3.782848e-03,5.736910e-03,7.541007e-03,4.769746e-03,1.811568e-02,8.049803e-01,1.548265e-02,1.257826e-03,5.170985e-04,2.781267e-03,6.616088e-03,8.205481e-03,8.817745e-04,3.675560e-03
1.063687e-01,2.789752e-03,4.838707e-03,5.524081e-03,4.529843e-03,1.663519e-02,8.165015e-01,2.386594e-02,1.176963e-03,3.965020e-04,2.253737e-03,5.067821e-03,6.421474e-03,7.281057e-04,2.901630e-03
1.520088e-01,2.304175e-03,4.406196e-03,4.460111e-03,4.490835e-03,1.756473e-02,7.635930e-01,3.352902e-02,1.329640e-03,3.621888e-04,1.936914e-03,4.523424e-03,5.666483e-03,7.063515e-04,3.118148e-03
1.376290e-01,1.824391e-03,3.779117e-03,3.341501e-03,4.279779e-03,1.637781e-02,7.788305e-01,3.914371e-02,1.063398e-03,3.453968e-04,1.478734e-03,3.808691e-03,4.729202e-03,5.639490e-04,2.804726e-03
1.176652e-01,1.447718e-03,3.887324e-03,2.596284e-03,3.648621e-03,1.549488e-02,8.037598e-01,3.929689e-02,8.245675e-04,2.990812e-04,1.114952e-03,3.145084e-03,3.935547e-03,4.548531e-04,2.429204e-03
1.094062e-01,1.276436e-03,3.599260e-03,2.034005e-03,3.478865e-03,1.551287e-02,7.925561e-01,6.011034e-02,6.646094e-04,3.083431e-04,9.334039e-04,3.046985e-03,4.124794e-03,3.968796e-04,2.550914e-03
1.132601e-01,1.109642e-03,3.326799e-03,1.793468e-03,3.112443e-03,1.734415e-02,7.725191e-01,7.434102e-02,5.523675e-04,3.298314e-04,8.586303e-04,3.149149e-03,4.915263e-03,4.031989e-04,2.984772e-03
1.056485e-01,9.123947e-04,2.961765e-03,1.419193e-03,2.906898e-03,1.497662e-02,7.528639e-01,1.057230e-01,4.716859e-04,2.874578e-04,8.033322e-04,2.927030e-03,4.894034e-03,3.827867e-04,2.821364e-03
1.137960e-01,1.194714e-03,3.052518e-03,1.528380e-03,3.572610e-03,1.532708e-02,7.131660e-01,1.315360e-01,4.965268e-04,4.318331e-04,9.002861e-04,4.083210e-03,5.809660e-03,4.457585e-04,4.659409e-03
1.127811e-01,1.247239e-03,2.744617e-03,1.431145e-03,4.672057e-03,1.564990e-02,6.691236e-01,1.725442e-01,5.950934e-04,5.480548e-04,1.450866e-03,5.054533e-03,6.292228e-03,5.132001e-04,5.352224e-03
1.634125e-01,1.558705e-03,2.423353e-03,2.500786e-03,4.772456e-03,2.818872e-02,5.638751e-01,2.044506e-01,9.114327e-04,7.815802e-04,1.891743e-03,9.295648e-03,8.188951e-03,7.405916e-04,7.007824e-03
1.570275e-01,2.093077e-03,2.178577e-03,3.432840e-03,5.999045e-03,2.907194e-02,4.856031e-01,2.366957e-01,2.600900e-03,2.601500e-03,7.309213e-03,1.429387e-02,3.971430e-02,1.194994e-03,1.018338e-02
1.176231e-01,1.959101e-03,1.622661e-03,4.669656e-03,5.211151e-03,2.458385e-02,4.460599e-01,1.860572e-01,2.161195e-03,2.312720e-03,9.000774e-03,2.763651e-02,1.606025e-01,1.541631e-03,8.958095e-03
8.437545e-02,1.494913e-03,1.167993e-03,3.621545e-03,4.231264e-03,1.771264e-02,3.902209e-01,1.328333e-01,1.859232e-03,1.749320e-03,1.391183e-02,2.617780e-02,3.082900e-01,1.287515e-03,1.106617e-02
6.615506e-02,1.430459e-03,8.675796e-04,3.669643e-03,4.075608e-03,1.361656e-02,4.378991e-01,9.560888e-02,3.495107e-03,1.419496e-03,1.247257e-02,5.061638e-02,2.988189e-01,1.572961e-03,8.281778e-03
5.363134e-02,4.048207e-03,9.206296e-04,3.354180e-03,5.219785e-03,1.225865e-02,3.374199e-01,6.776033e-02,6.790608e-03,1.265130e-03,1.082317e-02,7.334167e-02,4.125975e-01,3.107513e-03,7.461494e-03
4.289578e-02,4.485047e-03,8.145372e-04,2.515114e-03,1.444767e-02,9.290633e-03,2.378171e-01,4.797819e-02,6.919068e-03,1.020404e-03,1.298245e-02,1.049307e-01,4.982899e-01,3.405367e-03,1.220805e-02
3.223104e-02,3.785980e-03,6.338804e-04,1.793837e-03,1.313582e-02,7.007698e-03,1.700086e-01,3.373202e-02,5.858622e-03,9.510860e-04,9.476645e-03,1.790647e-01,5.263572e-01,2.937540e-03,1.302536e-02
2.309890e-02,3.155962e-03,5.534866e-04,1.270677e-03,1.126939e-02,5.404588e-03,1.202688e-01,2.366056e-02,6.161139e-03,1.703533e-03,7.637397e-03,2.199945e-01,5.636178e-01,2.512818e-03,9.690485e-03
1.777463e-02,3.123705e-03,2.447747e-03,1.004870e-03,1.300524e-02,6.161317e-03,8.714677e-02,1.692780e-02,8.722688e-03,5.474047e-03,6.930100e-03,2.473462e-01,5.740629e-01,2.637136e-03,7.234799e-03
1.383269e-02,3.736711e-03,2.296948e-03,7.827369e-04,9.088114e-02,5.119441e-03,6.262590e-02,1.438035e-02,1.112082e-01,8.342849e-03,5.446492e-03,2.492880e-01,4.245470e-01,1.968177e-03,5.543363e-03
1.136579e-02,6.201876e-03,2.317166e-03,6.111421e-04,1.156002e-01,6.061447e-03,4.637044e-02,1.443362e-02,2.085188e-01,1.795376e-02,4.765159e-03,2.394406e-01,3.200100e-01,1.718595e-03,4.631330e-03
8.966972e-03,5.093891e-03,2.130145e-03,5.023650e-04,1.170794e-01,4.926546e-03,3.281348e-02,1.300207e-02,2.170238e-01,1.781648e-02,4.323465e-03,3.188159e-01,2.518735e-01,1.671405e-03,3.960514e-03
8.995725e-03,7.709124e-03,2.852529e-03,1.118870e-03,1.282762e-01,6.230176e-03,2.326518e-02,2.540394e-02,2.905323e-01,1.761532e-02,5.518715e-03,2.807557e-01,1.961897e-01,1.812584e-03,3.723865e-03
1.285563e-02,1.784921e-02,3.585544e-03,1.333122e-03,1.337855e-01,9.833262e-03,1.682426e-02,3.391714e-02,3.508764e-01,1.584039e-02,6.101098e-03,2.455912e-01,1.454718e-01,2.302588e-03,3.832900e-03
1.289824e-02,2.325116e-02,3.355470e-03,1.287858e-03,1.525292e-01,2.374469e-02,1.242921e-02,3.156185e-02,4.230962e-01,1.367041e-02,5.256345e-03,1.863033e-01,1.050807e-01,1.973522e-03,3.561801e-03
1.366145e-02,2.372628e-02,2.898142e-03,1.374407e-03,1.412316e-01,5.003602e-02,9.662201e-03,2.759107e-02,4.955333e-01,1.061509e-02,4.347281e-03,1.379029e-01,7.627697e-02,1.733781e-03,3.409456e-03
1.757024e-02,2.208436e-02,2.555022e-03,1.932443e-03,1.267069e-01,6.617308e-02,7.341475e-03,2.604999e-02,5.563822e-01,8.074916e-03,3.645895e-03,1.021469e-01,5.469602e-02,1.461327e-03,3.179129e-03
2.337493e-02,2.994512e-02,2.076829e-03,4.449806e-03,1.213290e-01,8.391510e-02,5.892381e-03,2.640209e-02,5.736840e-01,6.117754e-03,2.972761e-03,7.611515e-02,3.942686e-02,1.549381e-03,2.748788e-03
3.799189e-02,3.450632e-02,1.943290e-03,1.777663e-02,1.134306e-01,7.447685e-02,4.728629e-03,3.390162e-02,5.846543e-01,5.131167e-03,2.407892e-03,5.466644e-02,2.885732e-02,1.513470e-03,4.013565e-03
5.264248e-02,2.962362e-02,1.667087e-03,1.583408e-02,1.345606e-01,6.284615e-02,5.559989e-03,5.034203e-02,5.764647e-01,3.859333e-03,1.819202e-03,3.883789e-02,2.069553e-02,1.239675e-03,4.007637e-03
7.958867e-02,2.947135e-02,1.425244e-03,1.782559e-02,1.345405e-01,5.274443e-02,6.465343e-03,5.674028e-02,5.659840e-01,3.126906e-03,1.445963e-03,2.793084e-02,1.687460e-02,1.050677e-03,4.785643e-03
8.153409e-02,3.077269e-02,1.457543e-03,2.065362e-02,1.117135e-01,4.388077e-02,6.671704e-03,7.829002e-02,5.786707e-01,2.646700e-03,1.246989e-03,1.988186e-02,1.485117e-02,8.699913e-04,6.858586e-03
8.938266e-02,2.763390e-02,1.289871e-03,2.501578e-02,1.091009e-01,4.347550e-02,6.157482e-03,1.267513e-01,5.321931e-01,2.194280e-03,1.280658e-03,1.414825e-02,1.142565e-02,7.884154e-04,9.162199e-03
9.379693e-02,2.332393e-02,1.159076e-03,2.161962e-02,1.383935e-01,5.607504e-02,6.905693e-03,1.816360e-01,4.487604e-01,1.561473e-03,1.028218e-03,9.989114e-03,8.262111e-03,6.136787e-04,6.875049e-03
1.119601e-01,1.977897e-02,1.285896e-03,2.857218e-02,1.539564e-01,5.275049e-02,6.493217e-03,2.273957e-01,3.753105e-01,1.183361e-03,9.439221e-04,7.403637e-03,6.570727e-03,4.821031e-04,5.912840e-03
1.297885e-01,1.852071e-02,1.306406e-03,3.415293e-02,1.315860e-01,4.874453e-02,6.923007e-03,2.890863e-01,3.169198e-01,1.052719e-03,9.865885e-04,5.787216e-03,7.870120e-03,4.090776e-04,6.866115e-03
1.019856e-01,1.390522e-02,1.507903e-03,3.163923e-02,1.009949e-01,4.697812e-02,7.849088e-03,4.377995e-01,2.396013e-01,8.129546e-04,1.062479e-03,4.273026e-03,6.106468e-03,3.693342e-04,5.114834e-03
1.041085e-01,1.060560e-02,1.532749e-03,2.288046e-02,8.528479e-02,3.675852e-02,1.226273e-01,4.094508e-01,1.912573e-01,6.740298e-04,1.244585e-03,3.149770e-03,6.129668e-03,2.760085e-04,4.019958e-03
1.035691e-01,8.135194e-03,1.909370e-03,1.718589e-02,1.117228e-01,2.834832e-02,1.398774e-01,4.134423e-01,1.592459e-01,6.306096e-04,2.614891e-03,4.111479e-03,5.632910e-03,3.173867e-04,3.256462e-03
1.957085e-01,7.386970e-03,1.763163e-03,1.436175e-02,1.088252e-01,2.430538e-02,1.783556e-01,2.927395e-01,1.439905e-01,9.921091e-04,4.504147e-03,1.375787e-02,1.002716e-02,3.807296e-04,2.901455e-03
2.790903e-01,6.265040e-03,1.504522e-03,1.249031e-02,1.066766e-01,2.177579e-02,1.837837e-01,2.067668e-01,1.293510e-01,1.307113e-03,1.020618e-02,2.158157e-02,1.499663e-02,7.248734e-04,3.479496e-03
3.325838e-01,5.847608e-03,1.359925e-03,1.170641e-02,8.331027e-02,1.806360e-02,1.370637e-01,1.453062e-01,9.762187e-02,2.879735e-03,2.871798e-02,8.972809e-02,4.176916e-02,1.109004e-03,2.932657e-03
3.079967e-01,5.320144e-03,1.205390e-03,9.947231e-03,6.011814e-02,1.717951e-02,9.840538e-02,1.023093e-01,7.528719e-02,4.647261e-03,3.794600e-02,1.777192e-01,9.806980e-02,1.327261e-03,2.521494e-03
2.332159e-01,6.678500e-03,2.274636e-03,8.902825e-03,4.540998e-02,1.501842e-02,6.931724e-02,7.191041e-02,7.089908e-02,9.691726e-03,6.172231e-02,2.207808e-01,1.773404e-01,3.747376e-03,3.090482e-03
1.736994e-01,5.224529e-03,2.316189e-03,6.802778e-03,3.517357e-02,1.234989e-02,4.884947e-02,5.058478e-02,5.630909e-02,1.745771e-02,7.975531e-02,2.465030e-01,2.530803e-01,6.296013e-03,5.597960e-03
1.527482e-01,4.839856e-03,3.452603e-03,6.381170e-03,3.889065e-02,1.145277e-02,3.542505e-02,3.635413e-02,5.838633e-02,2.649585e-02,8.480800e-02,2.729575e-01,2.537237e-01,8.137734e-03,5.946475e-03
1.431565e-01,9.180066e-03,4.834602e-03,6.542712e-03,4.550693e-02,1.213181e-02,2.546623e-02,2.656715e-02,5.017533e-02,3.581683e-02,6.935762e-02,3.386834e-01,2.149506e-01,1.121658e-02,6.413594e-03
1.061011e-01,8.482523e-03,5.114218e-03,5.598235e-03,4.077791e-02,9.679271e-03,1.809369e-02,1.905927e-02,3.728557e-02,4.516107e-02,5.914590e-02,4.374460e-01,1.835461e-01,1.634450e-02,8.164640e-03
8.466193e-02,7.101032e-03,6.414941e-03,4.621828e-03,3.459692e-02,8.308647e-03,1.283364e-02,1.401222e-02,2.819641e-02,5.020843e-02,6.619470e-02,5.072639e-01,1.469819e-01,2.134641e-02,7.257183e-03
6.713661e-02,8.381533e-03,1.804395e-02,3.872580e-03,2.870775e-02,8.845715e-03,9.116158e-03,1.044788e-02,2.390101e-02,4.867880e-02,7.704537e-02,5.300430e-01,1.122747e-01,4.719265e-02,6.312312e-03
6.318823e-02,7.361726e-03,1.929321e-02,3.220993e-03,2.297811e-02,8.761206e-03,6.535340e-03,7.779202e-03,1.868001e-02,1.451561e-01,8.671771e-02,4.546286e-01,8.677058e-02,6.247365e-02,6.455373e-03
6.191048e-02,6.260586e-03,1.900507e-02,2.724983e-03,1.888155e-02,2.385950e-02,4.850164e-03,6.417041e-03,1.435131e-02,1.710903e-01,9.874687e-02,4.387958e-01,6.667303e-02,5.991447e-02,6.518765e-03
5.051987e-02,7.511499e-03,1.706518e-02,2.074390e-03,1.479221e-02,1.780460e-02,3.450316e-03,4.636943e-03,1.127755e-02,1.926367e-01,1.108073e-01,3.980237e-01,4.999314e-02,1.108905e-01,8.516125e-03
5.652390e-02,1.006806e-02,1.310363e-02,1.690887e-03,1.085957e-02,1.430023e-02,2.471453e-03,3.576347e-03,9.649711e-03,1.610086e-01,1.352561e-01,4.003848e-01,3.690150e-02,1.339981e-01,1.020709e-02
5.131541e-02,1.161335e-02,9.948982e-03,1.263290e-03,7.883187e-03,1.197195e-02,1.783044e-03,2.809170e-03,9.538351e-03,1.283952e-01,1.532109e-01,4.673814e-01,2.625629e-02,1.056675e-01,1.096208e-02
4.228561e-02,4.949367e-02,1.850363e-02,1.070391e-03,5.990695e-03,1.388638e-02,1.722685e-03,5.431510e-03,1.151517e-02,1.051113e-01,1.564986e-01,4.678383e-01,1.936106e-02,9.084260e-02,1.044845e-02
3.234872e-02,6.001830e-02,3.675769e-02,1.189785e-03,6.357192e-03,1.201519e-02,1.585304e-03,9.662151e-03,3.755461e-02,8.416927e-02,2.110807e-01,4.036843e-01,1.390103e-02,7.744980e-02,1.222597e-02
2.762124e-02,6.818429e-02,3.578739e-02,1.320969e-03,7.703817e-03,1.791861e-02,1.991934e-03,1.222188e-02,7.161106e-02,9.065783e-02,2.469349e-01,3.076012e-01,1.013796e-02,8.163889e-02,1.866815e-02
3.189144e-02,5.911804e-02,3.193926e-02,2.205217e-03,7.722680e-03,4.050116e-02,4.197103e-03,2.683389e-02,7.193331e-02,8.949848e-02,2.892460e-01,2.370789e-01,7.676972e-03,8.140127e-02,1.875635e-02
4.271125e-02,5.243528e-02,4.217751e-02,5.543026e-03,1.805350e-02,3.779914e-02,5.895357e-03,8.940636e-02,9.819109e-02,8.721138e-02,2.416649e-01,1.886208e-01,6.399726e-03,6.227324e-02,2.161745e-02
6.156467e-02,4.818924e-02,3.776034e-02,1.642542e-02,2.999644e-02,3.321844e-02,5.730232e-03,1.068534e-01,1.485076e-01,7.505488e-02,2.113717e-01,1.472394e-01,5.839984e-03,5.241770e-02,1.983069e-02
6.168830e-02,3.902904e-02,4.215263e-02,3.268528e-02,2.771625e-02,2.423964e-02,4.870727e-03,2.107700e-01,1.780386e-01,5.909322e-02,1.556851e-01,1.044768e-01,4.732868e-03,4.025802e-02,1.456354e-02
9.465198e-02,3.942864e-02,3.511018e-02,3.629914e-02,3.466083e-02,2.643068e-02,3.986180e-03,1.824192e-01,2.004853e-01,5.202707e-02,1.417892e-01,7.463930e-02,4.401946e-03,5.853072e-02,1.513975e-02
9.936978e-02,3.614572e-02,2.715150e-02,3.703271e-02,4.155632e-02,3.125169e-02,3.149634e-03,1.475188e-01,2.428277e-01,4.086430e-02,1.549402e-01,5.332463e-02,3.730627e-03,6.814605e-02,1.299033e-02
1.048406e-01,4.007980e-02,2.238496e-02,5.299578e-02,4.273490e-02,3.734732e-02,2.578497e-03,1.430025e-01,2.635106e-01,3.124150e-02,1.322483e-01,3.831803e-02,3.183722e-03,7.466034e-02,1.087312e-02
1.160768e-01,4.813248e-02,1.894254e-02,5.013470e-02,4.572880e-02,3.844022e-02,2.284212e-03,1.458151e-01,2.792600e-01,2.498326e-02,1.095164e-01,2.801381e-02,2.814602e-03,8.055223e-02,9.304952e-03
1.669407e-01,4.602858e-02,1.566978e-02,4.856893e-02,3.779349e-02,4.483339e-02,2.345955e-03,1.085524e-01,2.567468e-01,2.036607e-02,8.816050e-02,2.244380e-02,3.128984e-03,1.290281e-01,9.392644e-03
2.442337e-01,5.697551e-02,1.672055e-02,5.896663e-02,3.198057e-02,3.690335e-02,3.909757e-03,8.641347e-02,2.256045e-01,1.834377e-02,6.986849e-02,2.041819e-02,4.148411e-03,1.161652e-01,9.347945e-03
3.352712e-01,6.109551e-02,1.539104e-02,5.754480e-02,2.573336e-02,3.142120e-02,4.968026e-03,6.612399e-02,2.018771e-01,1.551942e-02,5.813509e-02,2.227516e-02,5.089888e-03,8.896563e-02,1.058859e-02
4.186972e-01,6.405679e-02,1.343933e-02,5.724549e-02,2.139336e-02,2.541921e-02,4.913187e-03,5.059008e-02,1.841047e-01,1.316358e-02,4.677323e-02,2.009177e-02,5.424157e-03,6.419039e-02,1.049754e-02
4.007608e-01,7.144038e-02,1.106780e-02,1.174663e-01,1.914595e-02,1.978239e-02,3.827074e-03,3.845957e-02,1.406241e-01,1.048257e-02,5.242448e-02,3.147380e-02,1.420242e-02,4.818352e-02,2.065897e-02
2.840619e-01,2.946176e-01,1.249721e-02,8.765994e-02,1.365031e-02,1.412338e-02,2.693921e-03,2.723865e-02,9.892465e-02,1.041823e-02,6.154769e-02,2.280874e-02,1.257612e-02,4.102909e-02,1.615257e-02
2.030739e-01,2.438723e-01,1.255390e-02,6.347700e-02,9.755984e-03,1.038348e-02,1.950958e-03,1.978843e-02,7.022317e-02,1.188363e-02,2.036716e-01,2.469878e-02,1.381999e-02,9.743849e-02,1.340838e-02
1.447370e-01,1.850059e-01,9.029577e-03,4.490849e-02,8.703254e-03,7.631062e-03,1.403971e-03,1.549779e-02,4.956688e-02,1.068289e-02,3.896265e-01,2.108832e-02,1.146709e-02,8.925110e-02,1.140017e-02
1.058220e-01,1.423355e-01,8.362635e-03,3.309967e-02,1.057904e-02,7.351477e-03,1.182530e-03,1.272314e-02,3.639387e-02,8.822295e-03,4.914703e-01,2.542371e-02,1.108337e-02,9.640613e-02,8.944438e-03
7.865336e-02,1.012647e-01,6.719610e-03,2.443684e-02,1.019947e-02,7.357073e-03,9.586123e-04,1.014509e-02,2.660438e-02,7.010841e-03,5.805267e-01,3.317871e-02,9.264600e-03,9.702474e-02,6.655269e-03
5.936505e-02,7.121781e-02,5.293960e-03,1.831996e-02,8.728603e-03,9.442594e-03,7.453525e-04,7.809732e-03,1.967442e-02,5.924612e-03,6.362989e-01,4.291282e-02,7.101370e-03,1.023396e-01,4.825287e-03
4.379734e-02,5.017343e-02,4.074657e-03,1.308370e-02,6.668690e-03,7.249588e-03,5.487000e-04,5.543618e-03,1.437672e-02,7.205370e-03,6.592196e-01,5.655767e-02,5.228930e-03,1.227688e-01,3.503263e-03
3.122180e-02,3.532656e-02,3.015926e-03,9.319596e-03,5.844811e-03,5.404640e-03,4.331558e-04,3.925376e-03,1.043197e-02,6.630269e-03,6.869110e-01,5.115444e-02,4.120954e-03,1.434940e-01,2.765560e-03
2.671605e-02,2.545129e-02,2.591599e-03,6.878978e-03,1.134836e-02,5.411595e-03,4.725299e-04,3.226747e-03,8.588063e-03,5.780853e-03,6.180027e-01,5.788467e-02,3.177898e-03,2.222979e-01,2.170784e-03
2.117272e-02,1.814803e-02,1.978919e-03,5.004346e-03,1.166278e-02,4.297098e-03,4.080378e-04,2.444212e-03,6.626600e-03,4.928089e-03,6.063479e-01,4.998134e-02,2.576819e-03,2.627270e-01,1.696052e-03
1.582307e-02,1.297198e-02,1.512046e-03,3.645245e-03,1.146701e-02,3.272508e-03,3.199098e-04,1.860800e-03,5.694106e-03,3.945748e-03,6.286239e-01,4.209236e-02,2.028612e-03,2.654074e-01,1.335229e-03
1.215808e-02,9.381210e-03,1.134508e-03,2.607334e-03,8.601543e-03,2.416401e-03,2.614336e-04,1.369925e-03,4.305928e-03,3.314430e-03,7.008204e-01,3.343672e-02,1.626591e-03,2.175511e-01,1.014260e-03
1.107460e-02,7.057976e-03,1.133009e-03,1.990985e-03,1.005508e-02,2.485795e-03,3.693460e-04,1.258788e-03,3.538063e-03,2.826656e-03,7.207492e-01,2.854186e-02,1.401526e-03,2.067019e-01,8.151517e-04
9.232121e-03,5.150551e-03,8.514658e-04,1.470777e-03,8.088565e-03,2.244218e-03,4.405613e-04,1.064096e-03,3.128038e-03,2.331696e-03,7.878507e-01,2.270790e-02,1.168955e-03,1.536420e-01,6.282869e-04
8.649562e-03,3.931507e-03,6.695198e-04,1.148865e-03,6.863964e-03,2.280299e-03,4.267870e-04,8.992188e-04,3.523953e-03,2.151381e-03,8.262028e-01,1.978881e-02,1.099794e-03,1.218230e-01,5.405636e-04
7.831812e-03,3.323450e-03,5.395981e-04,9.344352e-04,7.031737e-03,2.078712e-03,4.615055e-04,9.030708e-04,4.684267e-03,2.084533e-03,8.535082e-01,1.816116e-02,1.021732e-03,9.692642e-02,5.093294e-04
8.902557e-03,2.877205e-03,1.030172e-03,8.243022e-04,9.849675e-03,1.852943e-03,7.221206e-04,1.929261e-03,5.962756e-03,2.140082e-03,8.671273e-01,1.806096e-02,1.050364e-03,7.718219e-02,4.880556e-04
1.090496e-02,2.873854e-03,9.968694e-04,8.178201e-04,1.332815e-02,1.777722e-03,1.130401e-03,2.521804e-03,1.324216e-02,1.860930e-03,8.715906e-01,1.795297e-02,1.150762e-03,5.936123e-02,4.897796e-04
1.230163e-02,1.178071e-02,1.970478e-03,8.046149e-04,1.678960e-02,5.379763e-03,1.971074e-03,4.128489e-03,9.433996e-02,1.905387e-03,7.874779e-01,1.550751e-02,1.601690e-03,4.321235e-02,8.288742e-04
1.243188e-02,1.829243e-02,2.933547e-03,8.641651e-04,1.526565e-02,3.725915e-02,2.128114e-03,6.397929e-03,2.021905e-01,1.782058e-03,6.540497e-01,1.171946e-02,2.607711e-03,3.113908e-02,9.386133e-04
1.109760e-02,2.409492e-02,3.809872e-03,9.126060e-04,1.597912e-02,5.368321e-02,1.706659e-03,7.084869e-03,3.793685e-01,1.539548e-03,4.664591e-01,8.396166e-03,2.504281e-03,2.195058e-02,1.412936e-03
1.515632e-02,5.995411e-02,5.153948e-03,1.091559e-03,4.135262e-02,7.913233e-02,1.608197e-03,9.558251e-03,4.213638e-01,1.560690e-03,3.334886e-01,6.485137e-03,4.158088e-03,1.579049e-02,4.145831e-03
1.871287e-02,7.581733e-02,6.634311e-03,4.752004e-03,1.119484e-01,6.623135e-02,2.628058e-03,7.404421e-02,3.784404e-01,1.271959e-03,2.352563e-01,4.880338e-03,3.949937e-03,1.120554e-02,4.227008e-03
3.337418e-02,9.334622e-02,9.916351e-03,1.248861e-02,1.073477e-01,5.390491e-02,3.276603e-03,1.016297e-01,3.707703e-01,2.289549e-03,1.655935e-01,8.563917e-03,4.928912e-03,8.322385e-03,2.424702e-02
5.731915e-02,1.025486e-01,8.083595e-03,1.240590e-02,9.962614e-02,4.439491e-02,2.867797e-03,1.034752e-01,4.076275e-01,2.064869e-03,1.177408e-01,9.593455e-03,4.059046e-03,6.177368e-03,2.201577e-02
8.323471e-02,8.606225e-02,6.147861e-03,1.562357e-02,1.101504e-01,4.642768e-02,2.351959e-03,1.383261e-01,3.955122e-01,1.568800e-03,8.316097e-02,7.628222e-03,3.175581e-03,4.455712e-03,1.617399e-02
1.011340e-01,7.447567e-02,5.051850e-03,1.351352e-02,1.042791e-01,4.213045e-02,1.973065e-03,2.014885e-01,3.664093e-01,1.675877e-03,6.030125e-02,7.368007e-03,2.753580e-03,3.542294e-03,1.390359e-02
1.181348e-01,5.817331e-02,3.862063e-03,1.381007e-02,9.495531e-02,4.142734e-02,1.893593e-03,2.535382e-01,3.439434e-01,1.490941e-03,4.329356e-02,7.471476e-03,3.026459e-03,2.869021e-03,1.211048e-02
1.005920e-01,4.844435e-02,3.833797e-03,1.629407e-02,7.776346e-02,3.755403e-02,1.717434e-03,3.864949e-01,2.732959e-01,1.410654e-03,3.073859e-02,6.759129e-03,2.534231e-03,2.217747e-03,1.034974e-02
1.116889e-01,4.214040e-02,3.327654e-03,1.621936e-02,6.278656e-02,3.414554e-02,1.441841e-03,4.681593e-01,2.128735e-01,1.246940e-03,2.230146e-02,1.006588e-02,2.953912e-03,1.772494e-03,8.876262e-03
1.933023e-01,3.339483e-02,3.068941e-03,1.370793e-02,5.004559e-02,2.677934e-02,1.259398e-03,4.680871e-01,1.621682e-01,1.231430e-03,1.886398e-02,1.309142e-02,4.593013e-03,1.708050e-03,8.698429e-03
3.918887e-01,2.501701e-02,2.407570e-03,1.363922e-02,3.611013e-02,2.688767e-02,1.264852e-03,3.321033e-01,1.192844e-01,1.154343e-03,1.466153e-02,1.053330e-02,1.647551e-02,1.327917e-03,7.244449e-03
1.000000e+00,0.000000e+00,0.000000e+00,0.000000e+00,0.000000e+00,0.000000e+00,0.000000e+00,0.000000e+00,0.000000e+00,0.000000e+00,0.000000e+00,0.000000e+00,0.000000e+00,0.000000e+00,0.000000e+00
4.321367e-01,1.691706e-02,2.167434e-03,1.300884e-02,2.016167e-02,3.737193e-02,2.692165e-03,1.645896e-01,6.502617e-02,9.809404e-04,1.087861e-02,1.333738e-02,2.130556e-01,1.296569e-03,6.379351e-03
3.156883e-01,1.265383e-02,1.631032e-03,9.869759e-03,1.471795e-02,4.368384e-02,2.554505e-03,1.154304e-01,4.671684e-02,9.032130e-04,1.182733e-02,1.809540e-02,3.996212e-01,1.225226e-03,5.381227e-03
2.263982e-01,9.338686e-03,1.301800e-03,7.018811e-03,1.058128e-02,3.171491e-02,1.899725e-03,8.083652e-02,3.592230e-02,1.678369e-03,1.181122e-02,4.137452e-02,5.340407e-01,1.042563e-03,5.040421e-03
1.932261e-01,7.030230e-03,1.169274e-03,5.132699e-03,7.846373e-03,2.619925e-02,2.363133e-03,5.673934e-02,2.759527e-02,6.085755e-03,1.414856e-02,1.402486e-01,5.053673e-01,1.551395e-03,5.296737e-03
1.409734e-01,5.321294e-03,1.009042e-03,3.740275e-03,5.876656e-03,2.046879e-02,2.265900e-03,3.980622e-02,2.112275e-02,1.053502e-02,1.217846e-02,3.081560e-01,4.230504e-01,1.425007e-03,4.070915e-03
9.943348e-02,3.933214e-03,8.007478e-04,2.662151e-03,4.198064e-03,1.519448e-02,1.801403e-03,2.788696e-02,1.565610e-02,2.008402e-02,1.002727e-02,4.660026e-01,3.281271e-01,1.254426e-03,2.938025e-03
7.030645e-02,2.883253e-03,6.389619e-04,1.887115e-03,3.011803e-03,1.135134e-02,1.601460e-03,1.958191e-02,1.176091e-02,3.230767e-02,8.939923e-03,5.770853e-01,2.554347e-01,1.095053e-03,2.114295e-03
5.021740e-02,2.142515e-03,5.923562e-04,1.351068e-03,2.192897e-03,8.802036e-03,1.287459e-03,1.388686e-02,8.789175e-03,3.438815e-02,2.849187e-02,6.581465e-01,1.868766e-01,1.319190e-03,1.516035e-03
3.518867e-02,1.637407e-03,5.517763e-04,9.738862e-04,3.975421e-03,6.179980e-03,9.044735e-04,9.985123e-03,6.703047e-03,2.812424e-02,2.199695e-02,7.465882e-01,1.348699e-01,1.247622e-03,1.073312e-03
2.466759e-02,1.202326e-03,4.098687e-04,7.043779e-04,4.280865e-03,4.330904e-03,6.344530e-04,7.168080e-03,5.178546e-03,2.307226e-02,2.069926e-02,8.090942e-01,9.569915e-02,2.090139e-03,7.679725e-04
1.755708e-02,1.890463e-03,9.982507e-04,5.743834e-04,1.097432e-02,3.095390e-03,4.537187e-04,5.654417e-03,4.869469e-03,4.944254e-02,4.436982e-02,7.832924e-01,6.958836e-02,6.632499e-03,6.068419e-04
1.271963e-02,1.636653e-03,1.569343e-03,5.230170e-04,9.080870e-03,2.269730e-03,3.272056e-04,4.528340e-03,5.289011e-03,5.056312e-02,6.588691e-02,7.857241e-01,4.974094e-02,9.673428e-03,4.676754e-04
9.860260e-03,1.311861e-03,1.382503e-03,4.487656e-04,7.197130e-03,2.003374e-03,2.453710e-04,3.474366e-03,4.053988e-03,4.145898e-02,6.468406e-02,8.192292e-01,3.529977e-02,8.981442e-03,3.688575e-04
8.782830e-03,9.978822e-04,1.038512e-03,4.051511e-04,5.662507e-03,1.769440e-03,2.399310e-04,2.560092e-03,3.269147e-03,3.113904e-02,8.020508e-02,8.268850e-01,2.517230e-02,1.155159e-02,3.214673e-04
8.286354e-03,8.126739e-04,8.431508e-04,4.264908e-04,5.157266e-03,1.449736e-03,2.020223e-04,2.095058e-03,2.535529e-03,2.273448e-02,6.318168e-02,8.639431e-01,1.803013e-02,1.005228e-02,2.499958e-04
1.081592e-02,8.867322e-04,1.046063e-03,4.856281e-04,4.884950e-03,2.068051e-03,4.001848e-04,2.007201e-03,2.320461e-03,1.704588e-02,6.084640e-02,8.754678e-01,1.281516e-02,8.665063e-03,2.444717e-04
1.284137e-02,2.209891e-03,1.604146e-03,7.827308e-04,1.548314e-02,2.255073e-03,5.951192e-04,2.278825e-03,3.149466e-03,1.272831e-02,6.029628e-02,8.694427e-01,9.223558e-03,6.764594e-03,3.447667e-04
1.234526e-02,3.980155e-03,2.136140e-03,6.589061e-04,8.512278e-02,2.502301e-03,2.404988e-03,3.027659e-03,5.904973e-03,1.078132e-02,6.665530e-02,7.910627e-01,6.929655e-03,5.903406e-03,5.843714e-04
1.018484e-02,3.384833e-03,2.332186e-03,6.470468e-04,1.211203e-01,4.273740e-03,8.655553e-03,9.051359e-03,1.295369e-02,9.159686e-03,1.830917e-01,6.232232e-01,6.010125e-03,5.327079e-03,5.845242e-04
9.175597e-03,2.776246e-03,2.493320e-03,5.110865e-04,1.024247e-01,5.041711e-03,1.070732e-02,8.480637e-03,1.395228e-02,7.145407e-03,3.661156e-01,4.599091e-01,6.098647e-03,4.536603e-03,6.317510e-04
7.497791e-03,2.649401e-03,2.977535e-03,4.057180e-04,7.776674e-02,4.400249e-03,8.597595e-03,6.322498e-03,1.303397e-02,5.488729e-03,5.347475e-01,3.263175e-01,5.213626e-03,3.317544e-03,1.263656e-03
6.953090e-03,2.833471e-03,3.636303e-03,4.917486e-04,7.025855e-02,4.256791e-03,7.079636e-03,8.166604e-03,2.093125e-02,4.274393e-03,6.301066e-01,2.322164e-01,4.954894e-03,2.387190e-03,1.452999e-03
5.705113e-03,2.978196e-03,3.226085e-03,4.027104e-04,5.660360e-02,4.428769e-03,6.371798e-03,7.598943e-03,2.684690e-02,3.105715e-03,7.108531e-01,1.639062e-01,4.915349e-03,1.712280e-03,1.345203e-03
7.550537e-03,3.718897e-03,1.337130e-02,6.455835e-04,6.006400e-02,5.832083e-03,5.957858e-03,2.334984e-02,5.017406e-02,2.526287e-03,7.013515e-01,1.161946e-01,6.340568e-03,1.365062e-03,1.557829e-03
1.049731e-02,4.697305e-03,1.964672e-02,8.513064e-04,5.270642e-02,8.181366e-03,5.076737e-03,3.113454e-02,7.494013e-02,2.100371e-03,6.977965e-01,8.246934e-02,7.233445e-03,1.214707e-03,1.453815e-03
1.340332e-02,5.602457e-03,2.280045e-02,1.050357e-03,6.008720e-02,2.352808e-02,6.836536e-03,4.818783e-02,1.041420e-01,1.822504e-03,6.372317e-01,5.939282e-02,1.308715e-02,1.538338e-03,1.289278e-03
2.001222e-02,1.679363e-02,2.069356e-02,1.441666e-03,5.688925e-02,2.931560e-02,5.268930e-03,4.242402e-02,1.841099e-01,1.397058e-03,5.400233e-01,4.408145e-02,3.367583e-02,2.547901e-03,1.325701e-03
2.596718e-02,3.328047e-02,3.755591e-02,3.761820e-03,6.793219e-02,3.347693e-02,5.820484e-03,4.963037e-02,2.716168e-01,1.635576e-03,3.909195e-01,3.199442e-02,4.205817e-02,2.156409e-03,2.193790e-03
3.436726e-02,4.067878e-02,2.954148e-02,3.877382e-03,6.290508e-02,6.280129e-02,5.479753e-03,4.330045e-02,3.096220e-01,1.503523e-03,2.932967e-01,2.503025e-02,7.967815e-02,4.516908e-03,3.400964e-03
4.277828e-02,4.012303e-02,2.247634e-02,3.461639e-03,1.001740e-01,7.417138e-02,7.541027e-03,4.183245e-02,3.214699e-01,1.234865e-03,2.214865e-01,2.545632e-02,8.891892e-02,5.382864e-03,3.492403e-03
4.200346e-02,3.505219e-02,1.648515e-02,2.973099e-03,9.752030e-02,1.362838e-01,9.654262e-03,3.376037e-02,2.702209e-01,1.097424e-03,1.586832e-01,4.810583e-02,1.389158e-01,4.374078e-03,4.870110e-03
3.664704e-02,3.009253e-02,1.226892e-02,2.854976e-03,8.013529e-02,1.590085e-01,8.368003e-03,2.461617e-02,2.213218e-01,1.227689e-03,1.120546e-01,3.752033e-02,2.618142e-01,3.852147e-03,8.217818e-03
3.253032e-02,5.936335e-02,1.689495e-02,1.538786e-02,5.832030e-02,1.463808e-01,6.221998e-03,1.794535e-02,1.715260e-01,1.152818e-02,8.028264e-02,2.760310e-02,2.060776e-01,3.102812e-03,1.468348e-01
4.808664e-02,7.189249e-02,2.020719e-02,1.756250e-02,7.154778e-02,1.144095e-01,9.135927e-03,2.032746e-02,1.743043e-01,1.991103e-02,6.048547e-02,2.169447e-02,1.670590e-01,4.336238e-03,1.790401e-01
5.575407e-02,7.786604e-02,1.861337e-02,1.926308e-02,9.365711e-02,1.044880e-01,1.300294e-02,2.910083e-02,2.130002e-01,1.747278e-02,4.507435e-02,1.644904e-02,1.417148e-01,4.718958e-03,1.498244e-01
5.972861e-02,8.103786e-02,2.055957e-02,1.542943e-02,8.013222e-02,9.274855e-02,1.568437e-02,4.055716e-02,1.779765e-01,1.407117e-02,3.664203e-02,2.166536e-02,2.212778e-01,4.702905e-03,1.177864e-01
6.150123e-02,8.617723e-02,1.925629e-02,1.348916e-02,7.008839e-02,1.158593e-01,1.439158e-02,4.225256e-02,1.645148e-01,1.130622e-02,2.787262e-02,1.890401e-02,2.318922e-01,5.165224e-03,1.173291e-01
6.182377e-02,8.977972e-02,1.881866e-02,1.066789e-02,5.717643e-02,1.018571e-01,1.119607e-02,3.484616e-02,1.315541e-01,8.464162e-03,2.087565e-02,1.554002e-02,3.393796e-01,4.569892e-03,9.345075e-02
5.902961e-02,7.535860e-02,1.474640e-02,7.918299e-03,5.525481e-02,9.449857e-02,8.915281e-03,2.922854e-02,1.029876e-01,6.006001e-03,1.546632e-02,1.345660e-02,4.459685e-01,3.449937e-03,6.771494e-02
6.380554e-02,7.492494e-02,1.123065e-02,6.768606e-03,5.139764e-02,1.132756e-01,6.826546e-03,2.658261e-02,8.829213e-02,4.567716e-03,1.249122e-02,1.557581e-02,4.683149e-01,3.233569e-03,5.271242e-02
6.943722e-02,6.991153e-02,9.816862e-03,6.774915e-03,4.739006e-02,1.115839e-01,6.518812e-03,2.545639e-02,8.281305e-02,3.720185e-03,1.090908e-02,1.858605e-02,4.915823e-01,3.040555e-03,4.245904e-02
9.098595e-02,6.424201e-02,1.516380e-02,1.126040e-02,4.590695e-02,1.269498e-01,8.675925e-03,3.134861e-02,8.317903e-02,3.642892e-03,1.013350e-02,1.837125e-02,4.448978e-01,5.228869e-03,4.001309e-02
1.182295e-01,5.225929e-02,7.476002e-02,4.429732e-02,5.175736e-02,1.047852e-01,1.863791e-02,3.366188e-02,7.308473e-02,4.319340e-03,8.256036e-03,1.803314e-02,3.596589e-01,4.294478e-03,3.396479e-02
1.727053e-01,3.852796e-02,1.058173e-01,7.426666e-02,4.385000e-02,9.312212e-02,1.524413e-02,3.681729e-02,5.840077e-02,3.530089e-03,6.489019e-03,1.518069e-02,3.076889e-01,3.309031e-03,2.505068e-02
1.990411e-01,3.156820e-02,9.107472e-02,7.906133e-02,4.810503e-02,1.133993e-01,1.555459e-02,6.382471e-02,5.963898e-02,2.774476e-03,5.355617e-03,1.329746e-02,2.545314e-01,2.876027e-03,1.989697e-02
2.978221e-01,2.565782e-02,8.518147e-02,8.047800e-02,4.046724e-02,9.389963e-02,1.235943e-02,8.172017e-02,4.776306e-02,2.471970e-03,5.239089e-03,1.072825e-02,1.959294e-01,3.490672e-03,1.679171e-02
3.095655e-01,2.001177e-02,9.175590e-02,8.935024e-02,3.233390e-02,7.353382e-02,9.414422e-03,1.639755e-01,3.709799e-02,1.875572e-03,4.485091e-03,8.530446e-03,1.412010e-01,3.199637e-03,1.366918e-02
2.479511e-01,1.434663e-02,7.424609e-02,7.398714e-02,2.378980e-02,5.296924e-02,7.007131e-03,3.560331e-01,2.652863e-02,1.346848e-03,3.399673e-03,6.425401e-03,9.968551e-02,2.351395e-03,9.932306e-03
2.653119e-01,1.128934e-02,5.610115e-02,6.199939e-02,1.863087e-02,3.878778e-02,6.050630e-03,4.292806e-01,2.084100e-02,1.034344e-03,2.785711e-03,5.256790e-03,7.282579e-02,1.913457e-03,7.891257e-03
2.772815e-01,9.600856e-03,4.225255e-02,5.286092e-02,1.443247e-02,2.935690e-02,4.886283e-03,4.804454e-01,1.590282e-02,9.511615e-04,3.085404e-03,5.873445e-03,5.374143e-02,1.761684e-03,7.567060e-03
2.313406e-01,6.891281e-03,3.074765e-02,4.022155e-02,1.047739e-02,2.226618e-02,3.825203e-03,5.893602e-01,1.166846e-02,7.049171e-04,2.408323e-03,4.646076e-03,3.838848e-02,1.304442e-03,5.749150e-03
2.933056e-01,6.693903e-03,2.355684e-02,3.321020e-02,8.075939e-03,3.061822e-02,3.378645e-03,5.254411e-01,9.521291e-03,1.774505e-03,5.006871e-03,8.377280e-03,4.292690e-02,1.558918e-03,6.553698e-03
3.466102e-01,5.833760e-03,1.796991e-02,2.823993e-02,7.021821e-03,4.270585e-02,3.002325e-03,3.881416e-01,8.100949e-03,1.468580e-03,5.470158e-03,6.551470e-03,1.289477e-01,1.300917e-03,8.634779e-03
3.055210e-01,4.519367e-03,1.367477e-02,2.112540e-02,5.252025e-03,5.375692e-02,2.945157e-03,2.727329e-01,6.319749e-03,1.207686e-03,4.935511e-03,5.854274e-03,2.896139e-01,1.476293e-03,1.106513e-02
2.235361e-01,3.563511e-03,9.601280e-03,1.517366e-02,4.231551e-03,7.343964e-02,3.074065e-03,1.910955e-01,5.166923e-03,1.106002e-03,8.902450e-03,1.159333e-02,4.351494e-01,2.555486e-03,1.181109e-02
1.662287e-01,2.534488e-03,6.729237e-03,1.080429e-02,3.072795e-03,8.355243e-02,2.456957e-03,1.338141e-01,4.443678e-03,2.022196e-03,3.260684e-02,8.965957e-02,4.462840e-01,3.784015e-03,1.200672e-02
1.188363e-01,1.850319e-03,4.725382e-03,7.621130e-03,2.181893e-03,6.684446e-02,1.813591e-03,9.368132e-02,5.784527e-03,3.597287e-03,4.742284e-02,1.774817e-01,4.523972e-01,4.331170e-03,1.143087e-02
8.475827e-02,1.471855e-03,3.312603e-03,5.383774e-03,1.551942e-03,4.946305e-02,1.296298e-03,6.558415e-02,1.229664e-02,5.617251e-03,5.828837e-02,2.923411e-01,4.017400e-01,5.704836e-03,1.118995e-02
6.059584e-02,4.129274e-03,2.340382e-03,3.998972e-03,1.180098e-03,3.783327e-02,9.231844e-04,4.592136e-02,3.533165e-02,1.414707e-02,5.759076e-02,2.923812e-01,3.721305e-01,1.930372e-02,5.219284e-02
4.262683e-02,3.110223e-02,1.848962e-03,2.856927e-03,9.277862e-04,2.688409e-02,6.565343e-04,3.215288e-02,9.437677e-02,2.241007e-02,4.967745e-02,2.691246e-01,3.222955e-01,1.889037e-02,8.416913e-02
2.996247e-02,3.315894e-02,1.421206e-03,2.303938e-03,7.993423e-04,2.023106e-02,6.071179e-04,2.261345e-02,2.273502e-01,3.736324e-02,3.894782e-02,2.182012e-01,2.459743e-01,1.416483e-02,1.069009e-01
2.101545e-02,3.025711e-02,1.095120e-03,2.559057e-03,6.869792e-04,1.544585e-02,5.215243e-04,1.594049e-02,3.742529e-01,3.289047e-02,3.129163e-02,1.724745e-01,1.795087e-01,1.048059e-02,1.115796e-01
1.485591e-02,3.282632e-02,1.143931e-03,3.177683e-03,8.240565e-04,1.144069e-02,3.940541e-04,1.122003e-02,4.414707e-01,3.122950e-02,2.429039e-02,1.237649e-01,1.269919e-01,8.161875e-03,1.682081e-01
1.053149e-02,3.897870e-02,9.265448e-04,2.613318e-03,8.168767e-04,9.453997e-03,3.062678e-04,7.892697e-03,3.984897e-01,3.233481e-02,1.905460e-02,8.769487e-02,8.983232e-02,8.481182e-03,2.925926e-01
7.529621e-03,4.009840e-02,7.559185e-04,2.300236e-03,9.092845e-04,7.992222e-03,2.423235e-04,5.672282e-03,3.950259e-01,2.708378e-02,1.756961e-02,6.301805e-02,6.380755e-02,1.520586e-02,3.527889e-01
5.803900e-03,5.464349e-02,7.121281e-04,2.019267e-03,1.521063e-03,8.342761e-03,1.827580e-04,4.370478e-03,4.536873e-01,2.262144e-02,1.876248e-02,4.461892e-02,4.513900e-02,4.413396e-02,2.934411e-01
4.257118e-03,6.014919e-02,5.819815e-04,1.773156e-03,1.410758e-03,1.122893e-02,1.395537e-04,3.275062e-03,5.436548e-01,1.673342e-02,1.615204e-02,3.157746e-02,3.195479e-02,5.415665e-02,2.229551e-01
3.140753e-03,4.498785e-02,4.237363e-04,1.906732e-03,2.150856e-03,8.623337e-03,2.264207e-04,2.755104e-03,6.606108e-01,1.248723e-02,1.203530e-02,2.232126e-02,2.271293e-02,4.654800e-02,1.590697e-01
2.417134e-03,4.193608e-02,3.321813e-04,3.595856e-03,5.103404e-03,1.183362e-02,2.762590e-04,2.255461e-03,7.337466e-01,9.723394e-03,8.698674e-03,1.570364e-02,1.669280e-02,3.437706e-02,1.133077e-01
2.026949e-03,5.524313e-02,3.075140e-04,3.425930e-03,1.061072e-02,2.026516e-02,3.840234e-04,1.912081e-03,7.616673e-01,7.599408e-03,6.322694e-03,1.104648e-02,1.230854e-02,2.524335e-02,8.163674e-02
2.396622e-03,4.536580e-02,1.633600e-03,1.979115e-02,2.565225e-02,4.996808e-02,9.068886e-04,8.535538e-03,7.251741e-01,9.336908e-03,4.574073e-03,7.773997e-03,9.102180e-03,1.857210e-02,7.121666e-02
6.266196e-03,3.906649e-02,3.615768e-03,2.057685e-02,5.884556e-02,1.002764e-01,2.548849e-03,9.281194e-03,6.561661e-01,8.733727e-03,3.264509e-03,5.454073e-03,6.575211e-03,1.337790e-02,6.595121e-02
8.560638e-03,3.063640e-02,5.805036e-03,1.723733e-02,5.006862e-02,8.896614e-02,2.264165e-03,7.946074e-03,5.204760e-01,2.532449e-02,2.424388e-03,3.835575e-03,4.943126e-03,9.831677e-03,2.216804e-01
1.795876e-02,4.759121e-02,5.267113e-03,1.383856e-02,4.693553e-02,7.763850e-02,2.015497e-03,6.637576e-03,4.200546e-01,3.530570e-02,2.190467e-03,2.709870e-03,4.236190e-03,7.682491e-03,3.099381e-01
4.125599e-02,5.433882e-02,5.627177e-03,2.038027e-02,6.660038e-02,8.840696e-02,4.022945e-03,9.268768e-03,3.406369e-01,4.202027e-02,2.670829e-03,1.953391e-03,3.805802e-03,7.872340e-03,3.111392e-01
4.534568e-02,4.837556e-02,5.872215e-03,1.517502e-02,6.142690e-02,8.423150e-02,3.692272e-03,7.882712e-03,2.797045e-01,3.758544e-02,3.134888e-03,1.399279e-03,3.375204e-03,8.363796e-03,3.944351e-01
4.395314e-02,4.171070e-02,5.129755e-03,1.388828e-02,5.408011e-02,6.582007e-02,5.206353e-03,8.775344e-03,2.453362e-01,3.492155e-02,2.694566e-03,1.038234e-03,8.006831e-03,6.628319e-03,4.628105e-01
4.113677e-02,4.091905e-02,3.421436e-02,1.965724e-02,4.666276e-02,5.009972e-02,5.951291e-03,1.082563e-02,2.068899e-01,3.815711e-02,2.067661e-03,7.753237e-04,6.954201e-03,5.551797e-03,4.901372e-01
4.809788e-02,4.340931e-02,5.248379e-02,1.610398e-02,8.023778e-02,4.101884e-02,1.120869e-01,6.014987e-02,1.502219e-01,2.782673e-02,1.997661e-03,5.626216e-04,1.156530e-02,4.743601e-03,3.494938e-01
5.275820e-02,3.448772e-02,4.355220e-02,1.175537e-02,7.166774e-02,3.117360e-02,2.413125e-01,1.131803e-01,1.120972e-01,2.061131e-02,2.256017e-03,4.419698e-04,1.085722e-02,5.703209e-03,2.481456e-01
3.798545e-02,2.422768e-02,3.122584e-02,8.292606e-03,5.977664e-02,2.302265e-02,4.390293e-01,8.414232e-02,7.886436e-02,1.578641e-02,9.092068e-03,8.857461e-04,8.703860e-03,4.129071e-03,1.748361e-01
2.675034e-02,1.698551e-02,2.190040e-02,5.832979e-03,4.307343e-02,1.622807e-02,5.941961e-01,6.087112e-02,5.532436e-02,1.177932e-02,9.576202e-03,3.814180e-03,6.483351e-03,3.247663e-03,1.239370e-01
