1.000000e+00,0.000000e+00,0.000000e+00,0.000000e+00,0.000000e+00,0.000000e+00,0.000000e+00,0.000000e+00,0.000000e+00,0.000000e+00,0.000000e+00,0.000000e+00,0.000000e+00,0.000000e+00,0.000000e+00
1.000000e+00,0.000000e+00,0.000000e+00,0.000000e+00,0.000000e+00,0.000000e+00,0.000000e+00,0.000000e+00,0.000000e+00,0.000000e+00,0.000000e+00,0.000000e+00,0.000000e+00,0.000000e+00,0.000000e+00
1.000000e+00,0.000000e+00,0.000000e+00,0.000000e+00,0.000000e+00,0.000000e+00,0.000000e+00,0.000000e+00,0.000000e+00,0.000000e+00,0.000000e+00,0.000000e+00,0.000000e+00,0.000000e+00,0.000000e+00
1.000000e+00,0.000000e+00,0.000000e+00,0.000000e+00,0.000000e+00,0.000000e+00,0.000000e+00,0.000000e+00,0.000000e+00,0.000000e+00,0.000000e+00,0.000000e+00,0.000000e+00,0.000000e+00,0.000000e+00
1.000000e+00,0.000000e+00,0.000000e+00,0.000000e+00,0.000000e+00,0.000000e+00,0.000000e+00,0.000000e+00,0.000000e+00,0.000000e+00,0.000000e+00,0.000000e+00,0.000000e+00,0.000000e+00,0.000000e+00
1.000000e+00,0.000000e+00,0.000000e+00,0.000000e+00,0.000000e+00,0.000000e+00,0.000000e+00,0.000000e+00,0.000000e+00,0.000000e+00,0.000000e+00,0.000000e+00,0.000000e+00,0.000000e+00,0.000000e+00
1.000000e+00,0.000000e+00,0.000000e+00,0.000000e+00,0.000000e+00,0.000000e+00,0.000000e+00,0.000000e+00,0.000000e+00,0.000000e+00,0.000000e+00,0.000000e+00,0.000000e+00,0.000000e+00,0.000000e+00
1.000000e+00,0.000000e+00,0.000000e+00,0.000000e+00,0.000000e+00,0.000000e+00,0.000000e+00,0.000000e+00,0.000000e+00,0.000000e+00,0.000000e+00,0.000000e+00,0.000000e+00,0.000000e+00,0.000000e+00
1.000000e+00,0.000000e+00,0.000000e+00,0.000000e+00,0.000000e+00,0.000000e+00,0.000000e+00,0.000000e+00,0.000000e+00,0.000000e+00,0.000000e+00,0.000000e+00,0.000000e+00,0.000000e+00,0.000000e+00
1.000000e+00,0.000000e+00,0.000000e+00,0.000000e+00,0.000000e+00,0.000000e+00,0.000000e+00,0.000000e+00,0.000000e+00,0.000000e+00,0.000000e+00,0.000000e+00,0.000000e+00,0.000000e+00,0.000000e+00
1.000000e+00,0.000000e+00,0.000000e+00,0.000000e+00,0.000000e+00,0.000000e+00,0.000000e+00,0.000000e+00,0.000000e+00,0.000000e+00,0.000000e+00,0.000000e+00,0.000000e+00,0.000000e+00,0.000000e+00
1.000000e+00,0.000000e+00,0.000000e+00,0.000000e+00,0.000000e+00,0.000000e+00,0.000000e+00,0.000000e+00,0.000000e+00,0.000000e+00,0.000000e+00,0.000000e+00,0.000000e+00,0.000000e+00,0.000000e+00
1.000000e+00,0.000000e+00,0.000000e+00,0.000000e+00,0.000000e+00,0.000000e+00,0.000000e+00,0.000000e+00,0.000000e+00,0.000000e+00,0.000000e+00,0.000000e+00,0.000000e+00,0.000000e+00,0.000000e+00
4.691222e-01,1.189054e-02,1.339915e-02,2.524875e-02,7.877748e-03,9.749180e-02,2.700915e-01,1.654644e-02,3.705692e-03,1.371963e-03,6.527121e-03,3.477254e-02,2.794892e-02,2.500744e-03,1.150494e-02
4.242671e-01,9.315601e-03,2.338405e-02,1.950426e-02,6.410532e-03,9.957647e-02,3.150297e-01,3.176482e-02,2.836869e-03,1.145342e-03,5.019652e-03,2.794483e-02,2.245510e-02,1.878245e-03,9.467463e-03
3.132352e-01,6.635053e-03,1.906970e-02,1.375651e-02,4.724049e-03,7.623015e-02,4.857578e-01,2.929642e-02,2.026741e-03,8.200915e-04,3.581091e-03,1.996492e-02,1.670877e-02,1.341140e-03,6.852378e-03
2.293095e-01,4.710038e-03,1.468924e-02,9.700422e-03,3.467470e-03,5.818737e-02,6.138076e-01,2.880836e-02,1.450096e-03,5.918654e-04,2.547061e-03,1.427968e-02,1.248376e-02,9.646164e-04,5.002968e-03
1.855490e-01,3.469380e-03,1.143109e-02,6.929390e-03,2.623641e-03,4.480471e-02,6.701478e-01,4.719133e-02,1.068105e-03,4.474476e-04,1.868753e-03,1.034538e-02,9.513986e-03,7.380531e-04,3.872033e-03
1.666767e-01,2.661735e-03,9.025140e-03,5.063613e-03,2.071184e-03,3.588911e-02,6.953882e-01,6.085281e-02,8.249347e-04,3.505007e-04,1.427968e-03,7.783193e-03,8.088328e-03,5.950213e-04,3.301605e-03
1.367666e-01,2.046494e-03,7.673498e-03,3.793448e-03,1.770337e-03,3.171738e-02,7.362238e-01,6.112221e-02,6.683614e-04,2.883626e-04,1.099994e-03,6.074250e-03,7.416170e-03,4.851390e-04,2.853944e-03
9.823568e-02,1.479462e-03,5.676012e-03,2.703326e-03,1.331219e-03,2.511561e-02,7.968695e-01,5.426873e-02,4.819201e-04,2.156737e-04,7.881991e-04,4.432184e-03,5.913925e-03,3.516765e-04,2.136957e-03
7.328036e-02,1.105612e-03,4.311610e-03,1.986334e-03,1.138565e-03,2.244411e-02,8.101246e-01,7.393439e-02,3.611243e-04,1.696159e-04,5.967889e-04,3.299049e-03,5.265477e-03,2.648218e-04,1.717551e-03
7.091867e-02,9.100633e-04,3.684616e-03,1.535179e-03,1.227456e-03,2.391604e-02,7.665540e-01,1.191998e-01,3.311910e-04,1.876915e-04,5.635234e-04,3.214683e-03,5.616757e-03,2.634948e-04,1.876851e-03
6.440286e-02,7.496671e-04,2.980757e-03,1.161912e-03,1.149004e-03,2.360050e-02,7.609492e-01,1.335284e-01,2.800858e-04,1.948114e-04,4.779241e-04,3.071348e-03,5.386303e-03,2.333069e-04,1.833895e-03
5.368933e-02,5.864413e-04,2.513586e-03,9.305929e-04,1.495608e-03,2.332775e-02,7.254658e-01,1.821041e-01,2.419637e-04,1.777275e-04,4.273264e-04,2.598811e-03,4.755850e-03,1.913640e-04,1.493750e-03
5.115368e-02,4.949535e-04,2.107252e-03,7.657514e-04,1.892012e-03,1.986491e-02,6.930641e-01,2.213950e-01,2.333056e-04,1.979812e-04,4.345769e-04,2.426616e-03,4.404414e-03,1.746508e-04,1.390731e-03
4.913756e-02,5.060727e-04,1.840527e-03,6.641480e-04,2.621252e-03,1.925808e-02,6.878774e-01,2.271072e-01,2.503684e-04,3.003138e-04,5.975002e-04,2.898766e-03,5.129525e-03,1.957887e-04,1.615391e-03
9.927294e-02,9.136492e-04,2.200525e-03,1.357597e-03,4.242358e-03,2.242638e-02,6.175259e-01,2.330723e-01,4.733029e-04,6.687961e-04,1.098290e-03,6.744175e-03,6.298066e-03,3.755498e-04,3.330158e-03
1.425941e-01,1.262774e-03,2.078575e-03,1.596676e-03,4.794576e-03,2.371810e-02,5.704114e-01,2.320726e-01,4.892396e-04,7.445742e-04,1.280075e-03,7.901036e-03,6.475225e-03,4.211767e-04,4.159900e-03
1.056019e-01,1.724132e-03,1.843500e-03,1.669854e-03,5.011184e-03,1.772881e-02,5.523815e-01,2.284101e-01,7.087978e-04,4.408594e-03,5.363882e-03,1.419033e-02,3.877682e-02,1.073935e-03,2.110673e-02
7.995526e-02,1.429114e-03,1.343352e-03,2.062312e-03,4.169362e-03,1.332197e-02,4.549564e-01,1.695335e-01,1.774369e-03,3.477993e-03,2.091883e-02,1.784586e-02,1.952613e-01,1.220586e-03,3.272982e-02
6.134426e-02,1.229159e-03,9.769893e-04,1.974374e-03,3.209224e-03,1.026786e-02,4.832881e-01,1.213535e-01,2.468326e-03,2.604689e-03,1.745363e-02,4.195235e-02,2.257808e-01,2.500035e-03,2.359667e-02
4.978668e-02,1.925877e-03,7.745582e-04,1.957759e-03,3.002048e-03,9.019670e-03,4.065982e-01,8.575832e-02,3.475801e-03,2.029574e-03,1.594726e-02,5.735620e-02,3.401273e-01,4.226862e-03,1.801391e-02
3.689183e-02,2.138396e-03,6.101894e-04,1.592332e-03,5.345240e-03,6.671586e-03,2.919634e-01,6.050861e-02,4.386812e-03,1.567284e-03,2.195221e-02,1.388127e-01,3.842489e-01,5.792609e-03,3.751803e-02
2.903234e-02,2.761894e-03,4.991613e-04,1.365188e-03,1.279491e-02,5.823537e-03,2.128032e-01,4.301818e-02,6.954874e-03,1.497271e-03,1.647151e-02,1.973421e-01,4.325862e-01,7.530883e-03,2.951879e-02
2.056264e-02,2.127428e-03,3.760621e-04,9.773951e-04,1.843898e-02,4.222490e-03,1.496424e-01,3.022025e-02,6.292297e-03,1.433634e-03,1.220815e-02,3.755077e-01,3.494017e-01,5.909445e-03,2.267948e-02
1.478651e-02,1.608928e-03,2.831914e-04,7.020399e-04,2.953409e-02,3.118705e-03,1.050073e-01,2.124482e-02,5.591424e-03,1.356992e-03,9.556586e-03,5.178463e-01,2.671000e-01,4.415396e-03,1.784775e-02
1.049182e-02,1.277410e-03,2.951008e-04,5.070402e-04,4.474530e-02,2.404370e-03,7.365898e-02,1.516390e-02,5.550351e-03,1.560213e-03,7.172746e-03,6.178056e-01,2.029387e-01,3.569854e-03,1.285869e-02
7.627418e-03,1.078282e-03,5.146023e-04,3.854408e-04,8.978660e-02,1.988093e-03,5.162318e-02,1.226526e-02,8.885492e-03,1.818211e-03,6.852916e-03,6.378796e-01,1.670137e-01,2.997220e-03,9.284007e-03
5.648435e-03,8.596400e-04,1.304321e-03,3.648633e-04,1.989299e-01,2.023419e-03,3.626729e-02,1.186559e-02,2.792510e-02,2.649715e-03,6.705507e-03,5.411974e-01,1.555114e-01,2.215088e-03,6.532386e-03
4.696599e-03,1.376702e-03,4.473207e-03,3.557901e-04,2.545412e-01,2.142555e-03,2.670164e-02,1.750964e-02,5.794416e-02,4.463703e-03,5.949292e-03,4.695748e-01,1.431432e-01,2.241461e-03,4.886090e-03
4.456615e-03,3.403506e-03,4.438569e-03,2.980305e-04,3.281791e-01,1.951482e-03,1.920659e-02,1.827777e-02,9.745786e-02,4.581725e-03,4.873559e-03,3.927800e-01,1.136753e-01,2.673543e-03,3.746418e-03
5.075802e-03,3.904483e-03,4.173228e-03,4.448429e-04,3.378971e-01,1.816164e-03,1.399502e-02,1.692328e-02,1.842201e-01,5.517129e-03,5.993928e-03,3.167177e-01,9.771486e-02,2.618563e-03,2.987740e-03
5.047537e-03,4.280178e-03,1.665116e-02,1.116828e-03,3.009349e-01,2.111228e-03,1.151958e-02,5.649557e-02,2.428869e-01,5.411298e-03,8.363854e-03,2.409182e-01,9.705894e-02,3.242820e-03,3.960985e-03
6.489203e-03,4.891417e-03,2.164545e-02,9.604398e-03,2.382960e-01,4.148793e-03,8.253363e-03,7.691034e-02,3.354623e-01,6.086777e-03,8.896591e-03,1.872324e-01,8.375722e-02,3.480496e-03,4.845294e-03
6.927750e-03,5.607887e-03,1.621604e-02,7.760749e-03,1.736939e-01,5.608816e-03,6.108450e-03,6.000929e-02,4.957921e-01,5.035990e-03,7.582182e-03,1.388155e-01,6.316436e-02,3.049398e-03,4.627583e-03
7.217048e-03,6.575640e-03,1.345635e-02,1.612093e-02,1.283451e-01,5.541650e-03,4.535857e-03,5.345524e-02,5.974401e-01,4.303573e-03,7.118582e-03,1.001834e-01,4.854437e-02,2.861102e-03,4.300996e-03
8.836435e-03,9.916131e-03,1.000983e-02,1.751477e-02,1.192669e-01,5.350584e-03,3.681781e-03,3.799155e-02,6.671185e-01,3.601644e-03,5.542391e-03,7.068254e-02,3.448817e-02,2.236997e-03,3.761833e-03
1.020468e-02,9.423069e-03,7.576643e-03,5.443518e-02,1.074879e-01,6.587730e-03,2.773543e-03,3.059741e-02,6.825282e-01,3.176589e-03,4.569034e-03,5.037487e-02,2.512539e-02,1.853323e-03,3.286528e-03
2.142752e-02,1.239643e-02,5.868252e-03,4.950709e-02,1.080131e-01,6.518373e-03,2.490239e-03,2.399534e-02,7.004375e-01,3.503823e-03,4.036128e-03,3.636667e-02,1.902078e-02,1.749258e-03,4.669556e-03
2.361722e-02,1.269349e-02,4.902080e-03,1.595910e-01,1.005078e-01,5.462303e-03,1.926767e-03,1.797274e-02,6.149481e-01,4.893837e-03,4.490044e-03,2.587936e-02,1.449088e-02,1.353999e-03,7.270489e-03
2.810718e-02,1.210380e-02,3.794270e-03,1.219742e-01,1.375455e-01,6.597526e-03,1.720184e-03,1.531734e-02,6.260935e-01,4.036100e-03,3.719738e-03,1.835446e-02,1.078936e-02,1.074548e-03,8.772343e-03
3.986672e-02,1.880013e-02,4.372484e-03,1.977469e-01,1.232209e-01,6.950592e-03,1.456065e-03,1.829199e-02,5.411507e-01,4.234415e-03,4.041796e-03,1.378221e-02,9.284718e-03,8.967976e-04,1.590364e-02
5.187922e-02,1.909926e-02,3.435890e-03,1.425634e-01,1.304692e-01,1.117499e-02,2.013967e-03,4.527560e-02,5.569239e-01,3.113247e-03,3.222572e-03,9.817140e-03,6.863584e-03,8.040701e-04,1.334416e-02
4.880248e-02,1.413452e-02,2.901463e-03,1.048902e-01,1.388193e-01,8.976826e-03,2.743849e-03,1.898724e-01,4.621800e-01,2.197803e-03,2.480690e-03,6.959809e-03,4.991879e-03,5.993210e-04,9.449519e-03
8.931419e-02,1.317249e-02,6.273343e-03,1.187882e-01,1.375118e-01,1.744925e-02,3.412271e-03,1.587051e-01,4.254363e-01,2.361634e-03,3.376617e-03,6.928175e-03,5.740555e-03,8.059915e-04,1.072404e-02
9.438585e-02,9.739726e-03,6.182253e-03,9.354205e-02,1.535167e-01,1.582710e-02,6.347946e-03,2.505050e-01,3.471402e-01,1.719478e-03,2.734482e-03,5.364230e-03,4.632730e-03,6.316581e-04,7.730645e-03
9.928258e-02,7.625872e-03,9.414855e-03,6.818483e-02,1.366715e-01,1.357855e-02,1.316479e-01,2.157872e-01,2.961432e-01,1.443319e-03,2.895230e-03,4.234103e-03,6.452018e-03,5.702962e-04,6.068516e-03
1.422969e-01,6.579176e-03,1.067638e-02,4.874151e-02,1.224297e-01,1.126287e-02,1.601007e-01,2.225592e-01,2.534944e-01,1.362750e-03,3.270056e-03,3.665483e-03,8.143718e-03,4.721530e-04,4.944961e-03
1.618355e-01,5.486818e-03,1.001948e-02,3.617423e-02,1.255024e-01,2.010935e-02,2.265069e-01,1.642807e-01,2.037942e-01,1.816702e-03,6.895314e-03,1.939611e-02,1.343768e-02,4.752598e-04,4.269363e-03
1.832082e-01,4.882859e-03,8.076317e-03,3.103360e-02,9.228295e-02,2.192254e-02,2.158614e-01,1.159216e-01,1.484213e-01,7.711010e-03,2.295405e-02,5.208260e-02,9.091920e-02,5.580503e-04,4.164240e-03
1.425367e-01,4.725338e-03,6.766882e-03,3.079148e-02,7.097452e-02,1.965516e-02,1.796801e-01,8.294712e-02,1.068179e-01,8.760751e-03,4.090420e-02,5.968325e-02,2.408969e-01,8.083521e-04,4.051417e-03
1.056181e-01,6.527593e-03,5.657680e-03,2.596632e-02,5.219064e-02,1.732838e-02,1.293642e-01,5.921689e-02,8.056345e-02,8.225706e-03,4.483335e-02,1.171823e-01,3.429444e-01,1.141941e-03,3.238996e-03
7.630160e-02,4.917021e-03,4.079842e-03,1.963560e-02,3.824587e-02,1.375781e-02,9.174646e-02,4.234385e-02,6.067798e-02,6.641141e-03,4.886036e-02,1.434269e-01,4.455997e-01,1.201438e-03,2.564350e-03
5.392246e-02,3.712317e-03,3.001087e-03,1.448263e-02,2.937733e-02,1.012038e-02,6.457020e-02,2.997503e-02,4.544246e-02,5.683177e-03,4.465484e-02,2.166737e-01,4.750815e-01,1.065209e-03,2.237662e-03
3.788083e-02,2.797880e-03,2.522262e-03,1.036014e-02,2.220878e-02,7.640524e-03,4.556210e-02,2.119235e-02,3.439050e-02,7.185344e-03,3.517237e-02,3.533713e-01,4.167078e-01,9.465124e-04,2.061244e-03
2.668497e-02,2.391819e-03,1.982147e-03,7.360335e-03,2.379296e-02,8.820703e-03,3.336779e-02,1.632955e-02,4.852415e-02,7.312026e-03,2.688958e-02,4.155972e-01,3.784015e-01,7.119844e-04,1.833336e-03
1.940184e-02,1.891655e-03,1.600735e-03,5.264977e-03,2.630432e-02,9.481726e-03,2.448070e-02,1.189720e-02,3.925449e-02,6.727481e-03,2.004572e-02,5.472611e-01,2.836468e-01,9.270429e-04,1.814243e-03
1.414789e-02,1.424407e-03,1.210738e-03,3.749293e-03,2.695295e-02,7.774792e-03,1.746060e-02,8.458440e-03,3.374710e-02,7.869480e-03,1.671141e-02,6.480796e-01,2.101360e-01,8.576241e-04,1.419674e-03
1.100241e-02,1.119796e-03,1.009404e-03,2.697305e-03,2.592744e-02,5.578947e-03,1.238392e-02,6.128803e-03,3.315308e-02,7.927585e-03,1.499911e-02,7.101268e-01,1.659571e-01,8.493300e-04,1.139044e-03
8.995144e-03,8.264316e-04,7.407078e-04,1.935182e-03,1.934368e-02,4.215861e-03,8.706948e-03,4.495392e-03,2.832469e-02,7.126375e-03,1.354723e-02,7.591861e-01,1.409183e-01,8.000436e-04,8.379383e-04
8.013838e-03,1.983671e-03,6.629113e-04,1.398876e-03,1.429784e-02,3.134040e-03,6.118249e-03,3.317630e-03,6.072479e-02,8.715044e-03,1.363102e-02,7.390038e-01,1.375988e-01,6.909405e-04,7.085169e-04
5.753449e-03,5.611142e-03,6.950411e-04,1.015374e-03,1.080104e-02,2.414512e-03,4.292387e-03,2.533617e-03,2.860959e-01,6.344318e-03,1.180735e-02,5.510117e-01,1.106093e-01,4.981020e-04,5.169045e-04
4.893543e-03,5.768032e-03,4.000609e-03,5.835063e-03,9.002261e-03,2.762771e-03,3.367128e-03,5.043351e-02,3.046762e-01,6.809839e-03,1.357427e-02,4.595411e-01,1.285532e-01,4.002195e-04,3.821754e-04
4.650076e-03,4.432519e-03,2.026104e-02,1.665167e-02,7.613006e-03,2.427587e-03,2.591390e-03,1.702624e-01,2.475008e-01,5.529127e-03,1.827381e-02,3.832535e-01,1.159271e-01,3.479239e-04,2.779885e-04
5.283537e-03,3.725321e-03,2.843156e-02,2.481573e-02,1.786113e-02,4.938657e-03,2.040232e-03,1.630468e-01,3.231427e-01,5.976876e-03,1.745006e-02,3.119767e-01,9.058241e-02,4.787977e-04,2.495341e-04
4.580290e-03,3.524140e-03,2.163328e-02,1.841238e-02,1.761553e-02,3.851243e-03,1.445091e-03,1.233029e-01,4.724135e-01,4.559851e-03,1.564423e-02,2.407676e-01,7.150010e-02,5.317833e-04,2.181182e-04
5.776754e-03,3.619403e-03,1.610123e-02,1.530246e-02,1.773215e-02,4.010146e-03,1.128673e-03,1.141934e-01,5.279135e-01,3.537826e-03,2.010473e-02,1.925236e-01,7.597683e-02,1.633764e-03,4.454924e-04
5.943592e-03,3.795736e-03,1.235334e-02,1.334376e-02,2.038344e-02,4.086697e-03,8.763153e-04,1.090994e-01,5.757673e-01,2.837870e-03,2.637014e-02,1.515268e-01,7.089572e-02,2.032548e-03,6.872739e-04
7.952161e-03,3.770932e-03,1.076305e-02,1.444186e-02,4.571010e-02,4.083016e-03,7.710759e-04,1.617003e-01,5.626106e-01,2.075503e-03,2.233095e-02,1.087069e-01,5.266691e-02,1.827294e-03,5.893271e-04
1.566473e-02,7.723947e-03,9.275472e-03,1.951354e-02,7.578757e-02,1.094759e-02,8.779694e-04,1.579925e-01,5.635386e-01,2.192185e-03,1.727111e-02,7.791001e-02,3.833841e-02,1.840348e-03,1.126057e-03
1.639068e-02,1.019340e-02,7.104328e-03,2.037791e-02,1.033588e-01,1.219427e-02,1.067498e-03,1.427401e-01,5.851257e-01,1.955509e-03,1.329727e-02,5.569589e-02,2.759790e-02,1.504240e-03,1.396561e-03
1.536025e-02,1.018742e-02,5.279466e-03,1.606668e-02,1.046144e-01,1.332702e-02,9.058390e-04,1.202081e-01,6.405650e-01,1.526084e-03,1.085704e-02,3.916169e-02,1.966462e-02,1.228927e-03,1.047387e-03
1.487260e-02,9.090288e-03,4.637278e-03,1.594682e-02,9.160818e-02,1.294100e-02,8.133355e-04,1.895981e-01,6.062803e-01,1.221935e-03,9.422649e-03,2.770924e-02,1.407461e-02,9.885078e-04,7.952187e-04
2.371742e-02,1.036356e-02,5.630259e-03,1.556858e-02,7.745460e-02,2.826694e-02,7.303686e-04,1.554068e-01,6.376033e-01,1.271916e-03,8.741615e-03,2.070866e-02,1.109912e-02,1.916041e-03,1.520757e-03
6.315963e-02,1.243372e-02,1.056848e-02,2.187376e-02,6.109258e-02,7.002141e-02,1.199989e-03,1.346102e-01,5.706948e-01,2.215758e-03,1.278125e-02,2.157311e-02,1.171361e-02,2.634104e-03,3.427603e-03
8.931400e-02,1.385276e-02,9.737723e-03,2.478315e-02,4.928979e-02,1.361082e-01,1.709625e-03,1.250530e-01,4.914901e-01,2.366317e-03,1.860625e-02,2.042644e-02,9.513902e-03,3.094135e-03,4.654652e-03
1.521892e-01,2.130034e-02,1.983806e-02,2.876253e-02,5.490663e-02,1.152817e-01,2.024824e-03,1.047541e-01,4.324601e-01,7.268770e-03,2.346683e-02,1.675944e-02,9.824735e-03,3.066039e-03,8.096626e-03
1.716849e-01,3.714414e-02,2.501667e-02,3.208304e-02,5.907723e-02,1.107951e-01,2.281680e-03,9.287128e-02,3.929880e-01,1.414823e-02,2.096224e-02,1.500631e-02,9.446574e-03,3.186169e-03,1.330842e-02
2.356630e-01,4.179408e-02,1.956180e-02,2.717523e-02,5.019853e-02,9.621206e-02,2.367699e-03,7.344906e-02,3.790693e-01,1.492305e-02,1.789797e-02,1.403270e-02,9.047525e-03,3.299202e-03,1.530885e-02
3.382287e-01,4.024778e-02,1.781463e-02,2.527745e-02,5.004799e-02,7.096326e-02,3.106454e-03,5.878693e-02,3.192439e-01,1.658648e-02,1.638164e-02,1.465508e-02,1.015752e-02,3.748562e-03,1.475368e-02
3.936933e-01,3.357169e-02,1.564739e-02,2.218342e-02,4.702680e-02,5.512070e-02,3.760799e-03,4.588935e-02,3.013445e-01,1.375265e-02,1.905928e-02,1.865326e-02,9.379609e-03,5.156903e-03,1.576047e-02
4.878221e-01,2.689563e-02,1.451999e-02,2.075492e-02,4.021420e-02,5.184453e-02,4.817285e-03,3.686834e-02,2.208793e-01,1.511524e-02,2.355195e-02,2.676461e-02,8.789951e-03,6.380623e-03,1.478140e-02
1.000000e+00,0.000000e+00,0.000000e+00,0.000000e+00,0.000000e+00,0.000000e+00,0.000000e+00,0.000000e+00,0.000000e+00,0.000000e+00,0.000000e+00,0.000000e+00,0.000000e+00,0.000000e+00,0.000000e+00
1.000000e+00,0.000000e+00,0.000000e+00,0.000000e+00,0.000000e+00,0.000000e+00,0.000000e+00,0.000000e+00,0.000000e+00,0.000000e+00,0.000000e+00,0.000000e+00,0.000000e+00,0.000000e+00,0.000000e+00
4.484985e-01,2.692793e-02,1.475388e-02,2.938001e-02,2.306029e-02,1.307225e-01,4.133290e-03,1.894259e-02,8.691929e-02,1.080236e-02,8.581928e-02,5.960628e-02,1.681324e-02,1.094873e-02,3.267184e-02
3.378297e-01,2.006564e-02,1.137416e-02,2.159378e-02,1.640764e-02,2.508886e-01,3.223589e-03,1.345347e-02,6.134177e-02,8.461617e-03,1.155540e-01,9.371023e-02,1.290821e-02,8.379472e-03,2.480815e-02
2.557784e-01,1.434674e-02,8.481300e-03,1.549983e-02,1.154258e-02,2.476365e-01,2.389784e-03,9.543837e-03,4.321426e-02,6.621367e-03,1.685561e-01,1.825802e-01,9.383222e-03,6.470196e-03,1.795580e-02
1.850740e-01,1.014369e-02,6.153623e-03,1.094453e-02,8.113433e-03,2.002247e-01,1.766533e-03,6.748409e-03,3.035803e-02,5.064278e-03,1.892904e-01,3.214784e-01,6.728951e-03,5.135017e-03,1.277591e-02
1.337084e-01,7.554115e-03,4.575074e-03,7.756774e-03,6.016990e-03,1.447903e-01,1.462196e-03,4.801271e-03,2.197744e-02,3.698102e-03,1.970921e-01,4.485558e-01,4.848747e-03,3.999937e-03,9.162712e-03
9.531277e-02,5.579695e-03,3.376850e-03,5.488286e-03,5.102920e-03,1.040648e-01,1.174002e-03,3.512920e-03,1.575556e-02,2.825602e-03,1.660799e-01,5.785580e-01,3.469877e-03,3.215808e-03,6.483047e-03
6.925695e-02,4.472435e-03,2.674676e-03,3.975793e-03,9.546950e-03,7.620282e-02,1.251388e-03,2.812960e-03,1.194353e-02,2.280027e-03,1.632423e-01,6.422900e-01,2.588483e-03,2.817214e-03,4.644524e-03
5.046194e-02,4.152061e-03,3.390892e-03,2.959576e-03,1.301073e-02,5.541064e-02,1.182056e-03,2.290041e-03,1.020323e-02,1.978366e-03,1.588823e-01,6.876865e-01,2.075653e-03,2.594090e-03,3.721939e-03
3.653269e-02,4.677089e-03,7.582417e-03,2.342741e-03,1.698430e-02,4.288936e-02,1.099763e-03,1.803022e-03,8.977731e-03,2.074330e-03,1.616187e-01,7.049634e-01,1.903584e-03,2.443083e-03,4.107914e-03
2.687169e-02,4.850974e-03,1.705563e-02,1.975868e-03,5.802592e-02,3.273043e-02,1.254555e-03,2.294057e-03,1.020953e-02,2.122857e-03,1.412038e-01,6.933967e-01,1.680516e-03,2.336344e-03,3.991253e-03
2.054415e-02,6.260415e-03,2.635286e-02,2.286080e-03,6.439911e-02,3.145808e-02,1.010465e-03,2.051487e-03,9.428556e-03,2.538879e-03,1.898600e-01,6.309277e-01,3.350180e-03,4.200411e-03,5.331696e-03
1.530156e-02,7.104706e-03,2.646558e-02,2.269276e-03,6.582482e-02,2.615719e-02,7.609801e-04,2.325535e-03,1.035650e-02,2.927110e-03,2.870385e-01,5.315505e-01,6.686482e-03,9.095930e-03,6.135419e-03
1.315129e-02,6.956442e-03,2.612918e-02,2.618204e-03,8.070235e-02,2.108173e-02,6.208694e-04,2.723678e-03,1.036878e-02,2.902190e-03,2.506575e-01,5.458633e-01,2.018673e-02,1.078578e-02,5.252021e-03
2.546325e-02,1.125767e-02,3.240565e-02,4.737779e-03,1.049623e-01,1.937459e-02,6.820759e-04,5.033763e-03,1.344232e-02,3.317799e-03,2.323804e-01,4.963951e-01,3.185765e-02,1.237397e-02,6.315674e-03
8.240582e-02,1.288719e-02,3.139326e-02,7.966486e-03,9.865862e-02,2.012452e-02,1.144201e-03,1.746411e-02,2.114415e-02,4.455050e-03,1.899383e-01,4.612628e-01,3.128155e-02,1.066435e-02,9.209603e-03
1.120479e-01,1.753794e-02,4.247323e-02,8.172156e-03,8.890241e-02,1.707992e-02,1.289230e-03,4.705430e-02,4.307133e-02,6.491486e-03,1.579203e-01,3.973260e-01,3.549714e-02,1.155662e-02,1.358003e-02
1.295595e-01,1.504200e-02,5.314614e-02,6.734186e-03,9.004021e-02,1.415303e-02,1.802419e-03,1.242322e-01,4.412103e-02,7.429019e-03,1.373404e-01,3.177798e-01,3.779221e-02,1.013604e-02,1.069178e-02
1.806299e-01,1.194109e-02,5.751633e-02,1.118251e-02,7.848110e-02,2.174800e-02,3.349013e-03,1.987678e-01,3.626905e-02,7.137049e-03,1.089788e-01,2.349969e-01,3.266646e-02,7.601514e-03,8.734538e-03
2.623090e-01,1.041326e-02,6.017554e-02,1.452112e-02,6.558742e-02,2.704421e-02,4.071273e-03,2.238951e-01,2.877093e-02,5.516046e-03,8.288757e-02,1.745142e-01,2.680928e-02,5.731914e-03,7.753117e-03
2.371388e-01,8.500455e-03,7.372944e-02,2.121436e-02,6.290399e-02,2.472956e-02,4.262521e-03,3.149213e-01,2.387275e-02,4.160964e-03,6.633972e-02,1.273807e-01,2.031892e-02,4.228745e-03,6.297723e-03
1.915918e-01,7.377769e-03,8.139475e-02,2.775575e-02,5.784097e-02,2.142472e-02,3.423537e-03,4.239396e-01,1.860275e-02,3.204322e-03,4.898759e-02,9.163227e-02,1.483127e-02,3.148188e-03,4.844749e-03
1.581981e-01,6.166297e-03,8.624263e-02,4.825037e-02,5.788726e-02,1.682615e-02,2.784243e-03,4.859840e-01,1.489335e-02,2.766643e-03,3.641856e-02,6.652559e-02,1.097528e-02,2.414336e-03,3.667289e-03
1.227825e-01,5.007086e-03,9.255890e-02,4.991446e-02,5.506114e-02,1.270229e-02,2.305599e-03,5.599346e-01,1.123417e-02,2.453733e-03,2.628157e-02,4.713259e-02,8.110988e-03,1.847998e-03,2.672459e-03
9.773462e-02,4.228804e-03,9.662397e-02,4.511409e-02,4.843794e-02,1.019580e-02,1.962245e-03,6.208205e-01,8.965599e-03,3.124681e-03,1.959064e-02,3.348017e-02,5.933401e-03,1.754993e-03,2.032504e-03
7.548692e-02,3.438274e-03,7.874242e-02,3.775019e-02,5.376751e-02,7.484728e-03,1.657664e-03,6.858160e-01,7.649803e-03,3.433287e-03,1.384113e-02,2.350717e-02,4.228471e-03,1.715898e-03,1.480509e-03
6.353988e-02,3.000803e-03,5.829918e-02,2.979459e-02,3.987026e-02,6.634376e-03,1.643071e-03,7.536240e-01,6.685054e-03,3.997356e-03,9.878607e-03,1.672508e-02,3.235932e-03,1.811199e-03,1.260608e-03
5.594092e-02,2.558767e-03,4.463582e-02,2.298800e-02,2.936342e-02,6.350201e-03,1.435158e-03,8.028413e-01,5.384643e-03,3.585102e-03,7.108684e-03,1.210170e-02,2.511702e-03,1.834071e-03,1.360501e-03
5.499328e-02,2.149296e-03,4.206406e-02,1.991891e-02,2.406459e-02,8.092613e-03,1.366076e-03,8.203049e-01,4.560733e-03,2.841352e-03,5.174616e-03,9.117164e-03,2.088603e-03,1.584262e-03,1.679579e-03
6.096857e-02,1.833952e-03,3.276154e-02,1.866830e-02,2.073932e-02,1.460800e-02,1.265704e-03,8.235955e-01,4.532734e-03,2.201490e-03,4.198795e-03,8.553931e-03,2.228328e-03,1.375170e-03,2.468657e-03
1.190752e-01,2.026005e-03,2.530304e-02,2.010117e-02,1.645261e-02,7.757002e-02,1.342916e-03,6.601489e-01,4.845807e-03,2.703161e-03,2.814783e-02,1.535466e-02,1.068105e-02,3.847204e-03,1.240048e-02
1.071736e-01,1.985019e-03,1.864453e-02,1.581912e-02,1.200453e-02,1.937710e-01,1.418130e-03,4.681934e-01,9.931650e-03,2.788031e-03,5.461235e-02,1.713707e-02,3.334730e-02,3.589005e-02,2.728410e-02
9.701940e-02,2.911837e-03,1.694125e-02,2.619367e-02,9.203356e-03,2.035785e-01,1.250830e-03,3.310636e-01,2.380522e-02,4.477323e-03,1.341458e-01,2.030658e-02,5.228654e-02,4.351442e-02,3.330173e-02
8.274336e-02,3.418862e-03,2.734271e-02,9.147617e-02,9.071395e-03,1.625262e-01,1.290901e-03,2.335667e-01,4.373856e-02,9.604201e-03,1.775156e-01,2.444005e-02,4.827452e-02,3.671768e-02,4.827307e-02
8.613613e-02,5.067589e-03,2.106809e-02,7.964595e-02,7.907735e-03,1.535631e-01,1.616457e-03,1.655413e-01,1.012615e-01,1.103703e-02,1.696123e-01,3.304689e-02,4.564689e-02,6.180393e-02,5.704501e-02
6.848625e-02,5.410591e-03,1.507262e-02,5.658913e-02,5.811218e-03,1.123361e-01,1.414729e-03,1.175806e-01,2.041088e-01,1.254237e-02,1.408038e-01,4.982060e-02,4.335031e-02,1.118728e-01,5.479998e-02
6.861383e-02,8.459645e-03,1.076321e-02,4.015992e-02,4.389107e-03,8.545256e-02,1.376042e-03,8.306585e-02,2.548819e-01,1.352506e-02,1.149483e-01,3.845270e-02,3.294391e-02,1.951370e-01,4.783089e-02
8.088748e-02,1.736615e-02,1.578720e-02,2.874069e-02,3.723779e-03,9.073325e-02,1.981864e-03,6.635533e-02,2.779599e-01,1.150995e-02,9.513219e-02,3.008472e-02,2.478220e-02,2.136460e-01,4.130929e-02
8.433305e-02,2.785434e-02,1.295031e-02,2.051513e-02,3.083357e-03,7.884201e-02,1.616578e-03,4.842190e-02,2.226612e-01,9.646822e-03,1.386146e-01,2.461239e-02,1.890368e-02,2.776768e-01,3.026788e-02
6.722070e-02,4.485033e-02,9.579266e-03,1.469538e-02,2.920116e-03,6.430127e-02,1.195424e-03,3.417121e-02,1.999787e-01,8.438678e-03,1.280326e-01,1.953389e-02,1.379690e-02,3.688826e-01,2.240284e-02
5.243447e-02,1.157185e-01,9.087015e-03,1.096076e-02,3.427744e-03,5.436936e-02,1.062259e-03,2.473621e-02,1.892697e-01,9.621192e-03,1.296170e-01,1.656425e-02,1.115905e-02,3.555001e-01,1.647236e-02
4.009999e-02,9.510472e-02,6.781817e-03,7.956374e-03,3.148895e-03,4.211168e-02,9.185821e-04,1.795815e-02,1.735264e-01,1.510658e-02,2.458802e-01,2.016722e-02,1.051515e-02,3.081594e-01,1.256483e-02
2.896149e-02,7.619145e-02,5.821025e-03,6.212451e-03,3.428811e-03,3.335881e-02,1.014157e-03,1.313022e-02,1.534838e-01,1.819228e-02,3.619772e-01,2.473560e-02,1.695770e-02,2.468010e-01,9.733967e-03
3.408228e-02,9.397061e-02,1.035275e-02,5.586754e-03,4.956624e-03,2.842842e-02,1.627519e-03,1.354081e-02,1.575068e-01,3.211833e-02,3.428151e-01,2.238096e-02,1.406317e-02,2.308109e-01,7.758961e-03
2.873191e-02,9.641780e-02,1.322928e-02,5.014690e-03,5.972131e-03,2.514186e-02,1.283897e-03,1.129756e-02,1.429158e-01,5.155113e-02,3.425499e-01,1.933087e-02,1.085182e-02,2.391515e-01,6.559818e-03
2.146049e-02,8.505447e-02,1.034611e-02,4.049912e-03,4.594766e-03,2.481713e-02,9.324602e-04,8.425605e-03,1.167641e-01,4.290999e-02,4.068346e-01,1.859732e-02,8.334614e-03,2.415013e-01,5.377132e-03
1.653396e-02,7.265162e-02,8.388127e-03,4.682647e-03,4.649159e-03,2.530580e-02,7.204756e-04,6.398093e-03,1.304664e-01,3.586653e-02,3.913552e-01,1.686523e-02,6.619551e-03,2.747004e-01,4.796787e-03
1.700636e-02,8.371174e-02,7.153644e-03,5.348803e-03,6.878887e-03,3.091236e-02,5.890040e-04,4.879174e-03,1.410619e-01,3.401808e-02,3.595639e-01,1.667789e-02,6.167507e-03,2.806048e-01,5.425982e-03
2.198793e-02,8.141936e-02,6.488549e-03,4.897392e-03,1.185171e-02,2.966262e-02,6.344053e-04,4.037957e-03,1.242899e-01,6.065976e-02,3.212688e-01,1.891305e-02,5.031049e-03,2.993468e-01,9.510655e-03
3.494003e-02,8.425382e-02,7.833255e-03,7.220900e-03,1.613393e-02,2.594101e-02,1.484695e-03,7.649228e-03,1.432899e-01,7.405449e-02,2.957972e-01,2.001375e-02,4.232087e-03,2.662822e-01,1.087353e-02
5.210505e-02,7.020760e-02,3.636640e-02,1.321867e-02,1.898510e-02,2.725024e-02,1.454481e-02,7.398568e-02,1.292296e-01,6.919215e-02,2.578729e-01,1.767854e-02,4.819504e-03,2.047304e-01,9.813307e-03
6.635232e-02,5.438084e-02,5.706153e-02,2.212760e-02,1.866783e-02,2.289999e-02,1.423223e-02,1.931147e-01,1.019274e-01,5.948646e-02,2.089073e-01,1.369338e-02,3.848566e-03,1.560631e-01,7.236792e-03
1.135570e-01,5.768257e-02,1.127447e-01,2.038040e-02,2.493405e-02,3.370982e-02,2.110923e-02,1.601843e-01,1.022986e-01,5.085108e-02,1.658564e-01,1.302160e-02,4.022480e-03,1.126730e-01,6.974665e-03
1.404313e-01,5.282785e-02,1.031932e-01,1.500853e-02,2.060996e-02,2.999969e-02,1.184109e-01,1.574120e-01,9.487173e-02,4.170127e-02,1.244057e-01,1.103078e-02,3.923551e-03,8.038998e-02,5.783509e-03
1.232809e-01,4.000451e-02,8.435166e-02,1.060282e-02,1.614190e-02,2.276181e-02,3.004408e-01,1.399062e-01,6.968524e-02,3.055524e-02,8.872548e-02,8.673448e-03,3.623964e-03,5.689809e-02,4.347947e-03
9.472001e-02,2.870898e-02,6.335524e-02,7.449422e-03,1.175015e-02,1.648654e-02,4.870915e-01,1.045643e-01,4.971149e-02,2.156024e-02,6.235558e-02,6.337223e-03,2.846407e-03,3.995134e-02,3.111599e-03
7.586904e-02,2.060590e-02,4.494736e-02,5.277436e-03,9.202814e-03,1.201362e-02,6.193841e-01,7.638194e-02,3.905185e-02,1.531036e-02,4.386786e-02,4.860945e-03,2.747067e-03,2.818458e-02,2.295145e-03
6.423873e-02,1.472968e-02,3.222130e-02,3.765395e-03,7.103590e-03,8.895828e-03,7.124698e-01,5.708135e-02,2.964405e-02,1.083510e-02,3.096455e-02,3.775567e-03,2.594542e-03,1.989133e-02,1.789236e-03
5.314671e-02,1.046704e-02,2.303018e-02,2.674920e-03,5.337691e-03,6.484426e-03,7.816494e-01,4.176999e-02,2.553979e-02,7.650324e-03,2.174934e-02,2.794914e-03,2.274576e-03,1.402867e-02,1.402064e-03
5.584738e-02,7.532735e-03,1.661418e-02,2.019191e-03,4.339049e-03,5.082651e-03,8.199335e-01,3.084058e-02,2.091385e-02,5.445071e-03,1.533895e-02,2.515165e-03,2.260407e-03,9.969121e-03,1.348094e-03
6.298677e-02,5.639665e-03,1.196524e-02,1.494607e-03,3.315012e-03,4.015435e-03,8.445149e-01,2.303480e-02,1.568066e-02,3.897599e-03,1.086353e-02,2.121463e-03,1.878524e-03,7.348041e-03,1.243738e-03
6.146112e-02,4.138668e-03,8.813446e-03,1.091483e-03,2.451859e-03,3.247259e-03,8.676161e-01,1.855831e-02,1.204867e-02,2.803447e-03,7.821076e-03,1.834738e-03,1.598078e-03,5.288536e-03,1.227268e-03
6.319215e-02,3.427651e-03,6.638346e-03,8.491678e-04,2.089128e-03,3.085764e-03,8.746573e-01,1.638397e-02,1.250689e-02,2.057652e-03,6.207029e-03,1.738083e-03,1.789350e-03,3.820928e-03,1.556589e-03
5.385360e-02,2.706907e-03,4.866888e-03,6.664746e-04,2.327319e-03,2.641333e-03,8.946273e-01,1.361450e-02,1.070096e-02,1.511572e-03,5.151395e-03,1.451517e-03,1.608317e-03,2.730723e-03,1.541142e-03
4.853069e-02,2.616552e-03,3.630872e-03,5.694996e-04,2.746255e-03,3.099462e-03,9.033613e-01,1.212148e-02,8.699277e-03,1.183998e-03,5.335412e-03,1.449241e-03,2.974969e-03,2.021483e-03,1.659511e-03
7.030293e-02,2.255653e-03,2.962646e-03,6.938697e-04,4.185198e-03,3.442196e-03,8.769526e-01,1.623843e-02,7.720360e-03,1.187531e-03,5.255487e-03,2.138907e-03,2.933807e-03,1.747727e-03,1.982627e-03
9.849757e-02,2.163011e-03,3.288204e-03,1.555138e-03,9.328971e-03,3.492884e-03,8.181166e-01,3.484292e-02,8.240296e-03,2.811267e-03,5.741317e-03,3.988961e-03,3.238559e-03,1.693122e-03,3.001223e-03
1.276170e-01,2.880108e-03,4.415953e-03,2.584639e-03,1.469264e-02,4.159773e-03,7.336243e-01,5.695928e-02,8.894146e-03,1.527971e-02,8.711781e-03,7.569159e-03,5.031361e-03,2.307386e-03,5.272766e-03
1.727124e-01,2.830554e-03,6.352460e-03,3.501372e-03,1.943648e-02,5.532256e-03,6.125379e-01,6.636399e-02,1.010900e-02,4.799508e-02,1.177548e-02,1.728364e-02,1.224964e-02,3.451559e-03,7.868258e-03
2.431647e-01,3.130668e-03,6.606373e-03,4.593356e-03,1.938961e-02,6.787542e-03,4.859871e-01,7.014155e-02,1.137177e-02,5.683820e-02,1.567802e-02,3.262990e-02,2.779133e-02,4.462340e-03,1.142757e-02
2.534477e-01,3.098138e-03,5.136176e-03,7.880632e-03,1.904152e-02,1.169479e-02,3.509733e-01,5.066093e-02,1.457311e-02,5.473522e-02,2.423637e-02,7.237877e-02,1.108048e-01,5.295255e-03,1.604318e-02
2.260071e-01,2.996475e-03,3.887645e-03,1.239996e-02,3.072507e-02,2.089155e-02,2.486262e-01,3.572766e-02,1.897330e-02,4.541092e-02,2.517287e-02,9.381485e-02,2.097635e-01,4.765855e-03,2.083701e-02
1.641720e-01,2.394916e-03,2.903629e-03,1.268333e-02,2.740767e-02,2.336672e-02,1.751302e-01,2.510187e-02,1.890922e-02,3.618069e-02,2.834474e-02,1.777377e-01,2.832883e-01,4.198039e-03,1.818092e-02
1.173862e-01,1.818295e-03,2.132878e-03,1.345135e-02,2.053732e-02,2.417647e-02,1.245323e-01,1.761818e-02,1.740379e-02,3.256535e-02,3.078066e-02,1.774097e-01,3.952054e-01,4.504631e-03,2.047744e-02
9.534183e-02,1.603911e-03,1.766550e-03,1.287789e-02,1.780056e-02,2.152185e-02,9.119938e-02,1.259649e-02,1.555457e-02,3.348922e-02,4.967772e-02,1.772624e-01,4.246998e-01,4.189970e-03,4.041790e-02
8.301102e-02,1.248271e-03,2.680479e-03,1.081599e-02,2.432647e-02,2.144029e-02,7.386272e-02,1.658953e-02,1.338563e-02,3.714103e-02,8.498042e-02,1.507318e-01,3.785669e-01,4.299124e-03,9.692036e-02
6.278212e-02,9.790183e-04,4.413604e-03,8.246401e-03,2.822486e-02,2.075887e-02,7.948907e-02,7.520629e-02,1.082321e-02,2.869595e-02,8.653449e-02,1.097084e-01,3.122646e-01,3.393822e-03,1.684793e-01
5.993106e-02,3.046741e-03,1.259410e-02,8.281700e-03,3.545617e-02,4.099373e-02,6.403981e-02,8.837092e-02,2.933558e-02,2.934314e-02,8.211483e-02,8.910560e-02,2.572190e-01,3.159381e-03,1.970083e-01
4.634346e-02,3.052407e-03,1.078902e-02,8.524925e-03,3.552797e-02,3.079863e-02,4.770539e-02,2.260614e-01,3.620904e-02,2.408157e-02,8.483373e-02,6.878810e-02,2.217521e-01,3.006303e-03,1.525259e-01
3.951655e-02,3.601186e-03,8.792334e-03,8.356484e-03,3.990939e-02,2.812213e-02,3.502977e-02,2.451892e-01,5.045933e-02,1.892817e-02,8.611517e-02,5.679204e-02,2.553568e-01,3.249366e-03,1.205820e-01
3.162204e-02,3.003858e-03,9.830909e-03,7.480914e-03,1.097333e-01,2.100085e-02,3.203742e-02,2.503940e-01,1.001190e-01,1.359458e-02,8.509292e-02,4.290872e-02,2.048448e-01,2.428078e-03,8.590857e-02
3.120975e-02,3.867812e-03,1.966562e-02,1.856986e-02,1.288231e-01,1.609499e-02,2.563830e-02,3.192140e-01,1.085461e-01,1.058062e-02,7.143595e-02,3.084577e-02,1.523074e-01,1.994586e-03,6.120618e-02
3.475282e-02,7.482820e-03,2.097710e-02,1.782058e-02,1.688546e-01,1.319891e-02,2.022358e-02,2.888314e-01,1.804738e-01,8.202879e-03,6.088501e-02,2.231755e-02,1.106181e-01,1.721712e-03,4.363923e-02
3.361580e-02,6.656380e-03,1.944373e-02,2.617834e-02,2.225180e-01,1.041390e-02,1.696609e-02,2.833914e-01,1.941212e-01,6.217536e-03,5.159593e-02,1.629323e-02,8.027230e-02,1.365038e-03,3.095117e-02
3.308443e-02,5.944116e-03,1.624970e-02,2.038693e-02,2.386439e-01,1.026795e-02,1.660619e-02,2.647715e-01,2.528497e-01,4.824084e-03,4.179754e-02,1.188411e-02,5.959539e-02,1.073903e-03,2.202056e-02
3.072522e-02,4.503985e-03,1.163190e-02,1.560209e-02,1.940591e-01,7.739366e-03,1.320416e-02,3.383872e-01,2.836698e-01,3.399257e-03,3.004462e-02,8.568187e-03,4.226243e-02,7.639106e-04,1.543875e-02
9.703990e-02,4.324516e-03,8.600625e-03,2.032889e-02,1.611445e-01,6.397103e-03,1.097925e-02,2.614077e-01,3.513427e-01,2.572880e-03,2.403015e-02,8.790949e-03,3.143213e-02,6.027281e-04,1.100602e-02
1.140304e-01,4.126023e-03,6.304665e-03,4.153966e-02,1.544309e-01,5.086259e-03,9.937273e-03,2.540798e-01,3.482935e-01,1.891530e-03,1.940140e-02,9.015740e-03,2.347461e-02,5.108364e-04,7.877421e-03
1.460603e-01,3.938471e-03,6.271255e-03,7.876022e-02,1.290509e-01,4.527132e-03,7.500139e-03,2.835375e-01,2.883443e-01,1.535311e-03,1.629946e-02,1.012649e-02,1.770904e-02,5.006437e-04,5.838901e-03
1.236969e-01,2.909398e-03,4.571541e-03,5.805062e-02,1.194187e-01,3.319119e-03,5.703072e-03,4.236914e-01,2.208929e-01,1.085180e-03,1.194198e-02,7.449877e-03,1.277599e-02,3.710520e-04,4.122379e-03
1.167110e-01,2.178267e-03,5.151633e-03,4.559366e-02,1.040990e-01,3.011613e-03,5.560761e-03,5.251559e-01,1.642407e-01,7.942090e-04,9.191664e-03,5.840075e-03,9.242817e-03,2.887840e-04,2.939951e-03
1.679078e-01,3.537052e-03,5.726574e-03,3.629144e-02,9.008591e-02,3.902596e-03,5.463574e-03,4.771325e-01,1.821469e-01,1.241928e-03,8.929599e-03,7.211137e-03,7.694691e-03,3.119867e-04,2.416228e-03
2.226155e-01,4.866501e-03,7.231463e-03,3.105292e-02,8.184119e-02,5.162260e-03,6.527540e-03,4.487149e-01,1.665694e-01,1.166282e-03,7.750744e-03,7.404993e-03,6.606808e-03,3.240281e-04,2.165471e-03
3.031534e-01,4.338326e-03,6.056841e-03,2.299707e-02,7.625721e-02,6.492144e-03,6.994711e-03,4.135127e-01,1.390509e-01,9.227852e-04,5.949650e-03,6.491235e-03,5.450922e-03,3.155805e-04,2.016564e-03
4.345259e-01,4.386594e-03,5.057476e-03,1.763942e-02,6.724311e-02,6.945083e-03,6.724026e-03,3.211940e-01,1.167540e-01,8.227613e-04,4.749891e-03,6.328523e-03,4.776720e-03,3.961234e-04,2.456433e-03
1.000000e+00,0.000000e+00,0.000000e+00,0.000000e+00,0.000000e+00,0.000000e+00,0.000000e+00,0.000000e+00,0.000000e+00,0.000000e+00,0.000000e+00,0.000000e+00,0.000000e+00,0.000000e+00,0.000000e+00
1.000000e+00,0.000000e+00,0.000000e+00,0.000000e+00,0.000000e+00,0.000000e+00,0.000000e+00,0.000000e+00,0.000000e+00,0.000000e+00,0.000000e+00,0.000000e+00,0.000000e+00,0.000000e+00,0.000000e+00
1.000000e+00,0.000000e+00,0.000000e+00,0.000000e+00,0.000000e+00,0.000000e+00,0.000000e+00,0.000000e+00,0.000000e+00,0.000000e+00,0.000000e+00,0.000000e+00,0.000000e+00,0.000000e+00,0.000000e+00
1.000000e+00,0.000000e+00,0.000000e+00,0.000000e+00,0.000000e+00,0.000000e+00,0.000000e+00,0.000000e+00,0.000000e+00,0.000000e+00,0.000000e+00,0.000000e+00,0.000000e+00,0.000000e+00,0.000000e+00
1.000000e+00,0.000000e+00,0.000000e+00,0.000000e+00,0.000000e+00,0.000000e+00,0.000000e+00,0.000000e+00,0.000000e+00,0.000000e+00,0.000000e+00,0.000000e+00,0.000000e+00,0.000000e+00,0.000000e+00
1.000000e+00,0.000000e+00,0.000000e+00,0.000000e+00,0.000000e+00,0.000000e+00,0.000000e+00,0.000000e+00,0.000000e+00,0.000000e+00,0.000000e+00,0.000000e+00,0.000000e+00,0.000000e+00,0.000000e+00
1.000000e+00,0.000000e+00,0.000000e+00,0.000000e+00,0.000000e+00,0.000000e+00,0.000000e+00,0.000000e+00,0.000000e+00,0.000000e+00,0.000000e+00,0.000000e+00,0.000000e+00,0.000000e+00,0.000000e+00
1.000000e+00,0.000000e+00,0.000000e+00,0.000000e+00,0.000000e+00,0.000000e+00,0.000000e+00,0.000000e+00,0.000000e+00,0.000000e+00,0.000000e+00,0.000000e+00,0.000000e+00,0.000000e+00,0.000000e+00
4.588683e-01,5.044637e-03,1.288880e-02,1.351951e-02,8.672981e-03,5.270973e-02,3.499926e-02,5.305916e-02,1.304568e-02,6.999839e-03,1.155189e-02,2.763482e-02,2.526506e-01,5.940123e-03,4.241468e-02
3.974433e-01,5.272129e-03,9.326602e-03,1.006804e-02,6.947714e-03,4.088729e-02,2.496572e-02,3.718970e-02,1.054580e-02,5.886345e-03,9.379818e-03,2.499447e-02,3.763875e-01,4.634716e-03,3.607083e-02
3.729763e-01,5.763490e-03,8.005404e-03,8.349311e-03,5.904630e-03,4.992194e-02,1.813672e-02,2.616248e-02,1.108243e-02,8.686932e-03,1.157072e-02,9.761751e-02,3.430771e-01,4.309222e-03,2.843575e-02
3.679939e-01,5.417789e-03,6.854710e-03,6.993799e-03,5.037545e-03,4.782990e-02,1.305067e-02,1.887403e-02,1.160354e-02,9.546295e-03,1.550337e-02,1.604660e-01,3.044975e-01,5.414465e-03,2.091640e-02
3.363075e-01,9.690659e-03,5.651287e-03,5.446019e-03,4.510624e-03,3.588720e-02,9.278616e-03,1.350236e-02,1.534083e-02,1.158257e-02,2.053440e-02,2.339066e-01,2.747027e-01,7.826042e-03,1.583262e-02
2.818577e-01,1.144265e-02,4.471478e-03,3.887457e-03,3.415612e-03,2.664261e-02,6.614957e-03,9.698205e-03,1.328657e-02,1.210088e-02,4.915034e-02,3.288152e-01,2.263511e-01,1.057414e-02,1.169118e-02
2.427876e-01,1.415368e-02,3.911057e-03,2.868851e-03,2.680495e-03,2.063738e-02,4.811883e-03,7.370532e-03,1.256180e-02,1.261675e-02,8.551256e-02,3.893558e-01,1.744704e-01,1.781164e-02,8.449616e-03
