1.000000e+00,0.000000e+00,0.000000e+00,0.000000e+00,0.000000e+00,0.000000e+00,0.000000e+00,0.000000e+00,0.000000e+00,0.000000e+00,0.000000e+00,0.000000e+00,0.000000e+00,0.000000e+00,0.000000e+00
1.000000e+00,0.000000e+00,0.000000e+00,0.000000e+00,0.000000e+00,0.000000e+00,0.000000e+00,0.000000e+00,0.000000e+00,0.000000e+00,0.000000e+00,0.000000e+00,0.000000e+00,0.000000e+00,0.000000e+00
1.000000e+00,0.000000e+00,0.000000e+00,0.000000e+00,0.000000e+00,0.000000e+00,0.000000e+00,0.000000e+00,0.000000e+00,0.000000e+00,0.000000e+00,0.000000e+00,0.000000e+00,0.000000e+00,0.000000e+00
1.000000e+00,0.000000e+00,0.000000e+00,0.000000e+00,0.000000e+00,0.000000e+00,0.000000e+00,0.000000e+00,0.000000e+00,0.000000e+00,0.000000e+00,0.000000e+00,0.000000e+00,0.000000e+00,0.000000e+00
1.000000e+00,0.000000e+00,0.000000e+00,0.000000e+00,0.000000e+00,0.000000e+00,0.000000e+00,0.000000e+00,0.000000e+00,0.000000e+00,0.000000e+00,0.000000e+00,0.000000e+00,0.000000e+00,0.000000e+00
1.000000e+00,0.000000e+00,0.000000e+00,0.000000e+00,0.000000e+00,0.000000e+00,0.000000e+00,0.000000e+00,0.000000e+00,0.000000e+00,0.000000e+00,0.000000e+00,0.000000e+00,0.000000e+00,0.000000e+00
1.000000e+00,0.000000e+00,0.000000e+00,0.000000e+00,0.000000e+00,0.000000e+00,0.000000e+00,0.000000e+00,0.000000e+00,0.000000e+00,0.000000e+00,0.000000e+00,0.000000e+00,0.000000e+00,0.000000e+00
1.000000e+00,0.000000e+00,0.000000e+00,0.000000e+00,0.000000e+00,0.000000e+00,0.000000e+00,0.000000e+00,0.000000e+00,0.000000e+00,0.000000e+00,0.000000e+00,0.000000e+00,0.000000e+00,0.000000e+00
1.000000e+00,0.000000e+00,0.000000e+00,0.000000e+00,0.000000e+00,0.000000e+00,0.000000e+00,0.000000e+00,0.000000e+00,0.000000e+00,0.000000e+00,0.000000e+00,0.000000e+00,0.000000e+00,0.000000e+00
1.000000e+00,0.000000e+00,0.000000e+00,0.000000e+00,0.000000e+00,0.000000e+00,0.000000e+00,0.000000e+00,0.000000e+00,0.000000e+00,0.000000e+00,0.000000e+00,0.000000e+00,0.000000e+00,0.000000e+00
1.000000e+00,0.000000e+00,0.000000e+00,0.000000e+00,0.000000e+00,0.000000e+00,0.000000e+00,0.000000e+00,0.000000e+00,0.000000e+00,0.000000e+00,0.000000e+00,0.000000e+00,0.000000e+00,0.000000e+00
1.000000e+00,0.000000e+00,0.000000e+00,0.000000e+00,0.000000e+00,0.000000e+00,0.000000e+00,0.000000e+00,0.000000e+00,0.000000e+00,0.000000e+00,0.000000e+00,0.000000e+00,0.000000e+00,0.000000e+00
1.000000e+00,0.000000e+00,0.000000e+00,0.000000e+00,0.000000e+00,0.000000e+00,0.000000e+00,0.000000e+00,0.000000e+00,0.000000e+00,0.000000e+00,0.000000e+00,0.000000e+00,0.000000e+00,0.000000e+00
1.000000e+00,0.000000e+00,0.000000e+00,0.000000e+00,0.000000e+00,0.000000e+00,0.000000e+00,0.000000e+00,0.000000e+00,0.000000e+00,0.000000e+00,0.000000e+00,0.000000e+00,0.000000e+00,0.000000e+00
1.000000e+00,0.000000e+00,0.000000e+00,0.000000e+00,0.000000e+00,0.000000e+00,0.000000e+00,0.000000e+00,0.000000e+00,0.000000e+00,0.000000e+00,0.000000e+00,0.000000e+00,0.000000e+00,0.000000e+00
1.000000e+00,0.000000e+00,0.000000e+00,0.000000e+00,0.000000e+00,0.000000e+00,0.000000e+00,0.000000e+00,0.000000e+00,0.000000e+00,0.000000e+00,0.000000e+00,0.000000e+00,0.000000e+00,0.000000e+00
1.000000e+00,0.000000e+00,0.000000e+00,0.000000e+00,0.000000e+00,0.000000e+00,0.000000e+00,0.000000e+00,0.000000e+00,0.000000e+00,0.000000e+00,0.000000e+00,0.000000e+00,0.000000e+00,0.000000e+00
1.000000e+00,0.000000e+00,0.000000e+00,0.000000e+00,0.000000e+00,0.000000e+00,0.000000e+00,0.000000e+00,0.000000e+00,0.000000e+00,0.000000e+00,0.000000e+00,0.000000e+00,0.000000e+00,0.000000e+00
1.000000e+00,0.000000e+00,0.000000e+00,0.000000e+00,0.000000e+00,0.000000e+00,0.000000e+00,0.000000e+00,0.000000e+00,0.000000e+00,0.000000e+00,0.000000e+00,0.000000e+00,0.000000e+00,0.000000e+00
1.000000e+00,0.000000e+00,0.000000e+00,0.000000e+00,0.000000e+00,0.000000e+00,0.000000e+00,0.000000e+00,0.000000e+00,0.000000e+00,0.000000e+00,0.000000e+00,0.000000e+00,0.000000e+00,0.000000e+00
1.000000e+00,0.000000e+00,0.000000e+00,0.000000e+00,0.000000e+00,0.000000e+00,0.000000e+00,0.000000e+00,0.000000e+00,0.000000e+00,0.000000e+00,0.000000e+00,0.000000e+00,0.000000e+00,0.000000e+00
1.000000e+00,0.000000e+00,0.000000e+00,0.000000e+00,0.000000e+00,0.000000e+00,0.000000e+00,0.000000e+00,0.000000e+00,0.000000e+00,0.000000e+00,0.000000e+00,0.000000e+00,0.000000e+00,0.000000e+00
1.000000e+00,0.000000e+00,0.000000e+00,0.000000e+00,0.000000e+00,0.000000e+00,0.000000e+00,0.000000e+00,0.000000e+00,0.000000e+00,0.000000e+00,0.000000e+00,0.000000e+00,0.000000e+00,0.000000e+00
1.000000e+00,0.000000e+00,0.000000e+00,0.000000e+00,0.000000e+00,0.000000e+00,0.000000e+00,0.000000e+00,0.000000e+00,0.000000e+00,0.000000e+00,0.000000e+00,0.000000e+00,0.000000e+00,0.000000e+00
1.000000e+00,0.000000e+00,0.000000e+00,0.000000e+00,0.000000e+00,0.000000e+00,0.000000e+00,0.000000e+00,0.000000e+00,0.000000e+00,0.000000e+00,0.000000e+00,0.000000e+00,0.000000e+00,0.000000e+00
1.000000e+00,0.000000e+00,0.000000e+00,0.000000e+00,0.000000e+00,0.000000e+00,0.000000e+00,0.000000e+00,0.000000e+00,0.000000e+00,0.000000e+00,0.000000e+00,0.000000e+00,0.000000e+00,0.000000e+00
1.000000e+00,0.000000e+00,0.000000e+00,0.000000e+00,0.000000e+00,0.000000e+00,0.000000e+00,0.000000e+00,0.000000e+00,0.000000e+00,0.000000e+00,0.000000e+00,0.000000e+00,0.000000e+00,0.000000e+00
1.000000e+00,0.000000e+00,0.000000e+00,0.000000e+00,0.000000e+00,0.000000e+00,0.000000e+00,0.000000e+00,0.000000e+00,0.000000e+00,0.000000e+00,0.000000e+00,0.000000e+00,0.000000e+00,0.000000e+00
4.551209e-01,2.509640e-03,2.839775e-02,6.035188e-03,5.651845e-03,1.400594e-02,2.488815e-02,4.326645e-01,1.237438e-03,1.045428e-03,2.105521e-03,1.211899e-02,7.083016e-03,1.037994e-03,6.097714e-03
4.218611e-01,2.197071e-03,2.191306e-02,4.866279e-03,6.221258e-03,1.289239e-02,2.268081e-02,4.756370e-01,1.197646e-03,1.209674e-03,2.254480e-03,1.222574e-02,6.772750e-03,1.130327e-03,6.940376e-03
4.224285e-01,2.174334e-03,1.681928e-02,4.588342e-03,7.208318e-03,1.409245e-02,2.101610e-02,4.719539e-01,1.410877e-03,1.387142e-03,3.059111e-03,1.475569e-02,8.041442e-03,1.544080e-03,9.520389e-03
3.713828e-01,1.945976e-03,1.268790e-02,4.046321e-03,7.569506e-03,1.401963e-02,1.884402e-02,5.303662e-01,1.408698e-03,1.263518e-03,3.275820e-03,1.492222e-02,8.038539e-03,1.466257e-03,8.762468e-03
3.595025e-01,3.195626e-03,1.042559e-02,4.742323e-03,6.713252e-03,1.416241e-02,1.622267e-02,4.964742e-01,2.686824e-03,2.288397e-03,5.143220e-03,2.055456e-02,4.545867e-02,1.655066e-03,1.077461e-02
3.958130e-01,3.453224e-03,8.090897e-03,5.327769e-03,5.754961e-03,1.252768e-02,1.366142e-02,3.983583e-01,3.386199e-03,2.780945e-03,5.860696e-03,3.849910e-02,9.146578e-02,2.572927e-03,1.244706e-02
3.065645e-01,3.124035e-03,6.228251e-03,1.181322e-02,7.749398e-03,1.362219e-02,1.439868e-02,2.870991e-01,1.127587e-02,4.088930e-03,1.051006e-02,1.344164e-01,1.692998e-01,4.791067e-03,1.501843e-02
2.417111e-01,4.233864e-03,5.219083e-03,1.924883e-02,1.291930e-02,1.500516e-02,1.129156e-02,2.031506e-01,3.877170e-02,4.417607e-03,1.335757e-02,1.167666e-01,2.906844e-01,7.795968e-03,1.542672e-02
2.371652e-01,6.136147e-03,4.481759e-03,1.880069e-02,2.017790e-02,1.369639e-02,9.229652e-03,1.439377e-01,5.442209e-02,4.854557e-03,1.529071e-02,1.043689e-01,3.385385e-01,1.421649e-02,1.468342e-02
2.158073e-01,6.026625e-03,4.343854e-03,1.846675e-02,2.287730e-02,1.517231e-02,8.807978e-03,1.027300e-01,6.718355e-02,6.733911e-03,1.655696e-02,1.581266e-01,3.238465e-01,1.469384e-02,1.862656e-02
2.159222e-01,5.279858e-03,3.717342e-03,1.904875e-02,2.633366e-02,1.449026e-02,6.781839e-03,7.331625e-02,7.905874e-02,7.630785e-03,1.634534e-02,1.789311e-01,3.245003e-01,1.245466e-02,1.618887e-02
1.516352e-01,3.804984e-03,2.855697e-03,1.545606e-02,2.551256e-02,1.268466e-02,5.163801e-03,5.185066e-02,6.780223e-02,6.500309e-03,1.631563e-02,2.921340e-01,3.251918e-01,1.039126e-02,1.270114e-02
1.075342e-01,2.842354e-03,3.771624e-03,1.108756e-02,2.555157e-02,1.045389e-02,4.312202e-03,3.911334e-02,6.408903e-02,5.494146e-03,1.418581e-02,3.912355e-01,2.968397e-01,1.228788e-02,1.120114e-02
7.717387e-02,2.251127e-03,4.480763e-03,7.988644e-03,1.090866e-01,1.148594e-02,7.577116e-03,3.417379e-02,1.403354e-01,4.261852e-03,1.222938e-02,3.304283e-01,2.392043e-01,1.004676e-02,9.276113e-03
5.904892e-02,1.899982e-03,7.072715e-03,8.584712e-03,1.361158e-01,2.016140e-02,6.207235e-03,6.110379e-02,1.680887e-01,4.423738e-03,1.734561e-02,3.139288e-01,1.809465e-01,8.254608e-03,6.817497e-03
4.351135e-02,1.673926e-03,6.852639e-03,7.214654e-03,1.711117e-01,1.752017e-02,7.386563e-03,6.412640e-02,2.590919e-01,3.560659e-03,1.790018e-02,2.568589e-01,1.310621e-01,7.018712e-03,5.110205e-03
3.237165e-02,1.629857e-03,1.061058e-02,8.169200e-03,1.252533e-01,1.425440e-02,5.442365e-03,1.150504e-01,2.822678e-01,3.136638e-03,1.939709e-02,2.632487e-01,1.099487e-01,5.457646e-03,3.761745e-03
2.583544e-02,4.160809e-03,1.069132e-02,8.486237e-03,9.374351e-02,1.238084e-02,3.917995e-03,1.036763e-01,4.395267e-01,2.629158e-03,1.532532e-02,1.925135e-01,7.957555e-02,4.477668e-03,3.059709e-03
2.041836e-02,5.292910e-03,1.310063e-02,8.694245e-03,7.056099e-02,1.001958e-02,2.837734e-03,1.020606e-01,5.525186e-01,2.227991e-03,1.167550e-02,1.376772e-01,5.724756e-02,3.334406e-03,2.333658e-03
1.574007e-02,8.770179e-03,2.422188e-02,1.349707e-01,5.054015e-02,9.237563e-03,2.022946e-03,7.278734e-02,5.260394e-01,2.964345e-03,8.780649e-03,9.683606e-02,4.086261e-02,2.415874e-03,3.810234e-03
1.429044e-02,1.208657e-02,2.015294e-02,1.026565e-01,4.473014e-02,9.954397e-03,1.818120e-03,5.399404e-02,6.281264e-01,2.665717e-03,6.657657e-03,6.812356e-02,2.944547e-02,1.850349e-03,3.447636e-03
1.141845e-02,2.603482e-02,2.560854e-02,2.412576e-01,3.222455e-02,7.675512e-03,1.308002e-03,3.810845e-02,5.255893e-01,3.826008e-03,5.746962e-03,4.827022e-02,2.240144e-02,1.392485e-03,9.137537e-03
1.435293e-02,3.641037e-02,2.017227e-02,1.999820e-01,3.078919e-02,7.410335e-03,1.349479e-03,2.753242e-02,5.861241e-01,4.696507e-03,4.724780e-03,3.440062e-02,1.923647e-02,1.193293e-03,1.162516e-02
1.602733e-02,4.156086e-02,2.001059e-02,2.727862e-01,2.550604e-02,6.179159e-03,1.126702e-03,2.100948e-02,5.237857e-01,6.265704e-03,4.993914e-03,2.518490e-02,1.623799e-02,1.038155e-03,1.828728e-02
4.641818e-02,3.612141e-02,1.626394e-02,2.000401e-01,4.841957e-02,1.029806e-02,1.272726e-03,1.872728e-02,5.189309e-01,8.077246e-03,4.815756e-03,1.814706e-02,1.220147e-02,1.210499e-03,5.905575e-02
6.830037e-02,3.297663e-02,1.348106e-02,1.529588e-01,9.169155e-02,1.253645e-02,2.206356e-03,4.981288e-02,4.970213e-01,6.155409e-03,4.042025e-03,1.307862e-02,9.377340e-03,1.002226e-03,4.535897e-02
1.094690e-01,3.267750e-02,1.235629e-02,1.198996e-01,1.015989e-01,6.251024e-02,3.929972e-03,4.914327e-02,4.302768e-01,5.124318e-03,3.715407e-03,9.754639e-03,7.933948e-03,1.966549e-03,4.964365e-02
1.082464e-01,3.834168e-02,2.610264e-02,1.839206e-01,9.353087e-02,6.461988e-02,3.923569e-03,6.558050e-02,3.226901e-01,5.608948e-03,4.884829e-03,9.082157e-03,1.011189e-02,2.187231e-03,6.116877e-02
1.220567e-01,3.253343e-02,4.631147e-02,1.867438e-01,7.608959e-02,5.778959e-02,4.214375e-03,1.129948e-01,2.509142e-01,5.486451e-03,4.911272e-03,7.877820e-03,1.138251e-02,2.154640e-03,7.853948e-02
1.335873e-01,2.437804e-02,4.209666e-02,1.405675e-01,5.908243e-02,4.975116e-02,8.637670e-03,2.677779e-01,1.915505e-01,4.096744e-03,4.269111e-03,6.084921e-03,9.844084e-03,1.801773e-03,5.647425e-02
1.592208e-01,1.791327e-02,3.473030e-02,9.966923e-02,5.176285e-02,3.846478e-02,1.071446e-01,2.781456e-01,1.496070e-01,3.121306e-03,3.758163e-03,4.548029e-03,1.055887e-02,1.313871e-03,4.004128e-02
1.504339e-01,1.357299e-02,3.042716e-02,7.159135e-02,6.379770e-02,4.439588e-02,1.702023e-01,2.770730e-01,1.109346e-01,3.033388e-03,6.049593e-03,4.036574e-03,2.385134e-02,9.822940e-04,2.961785e-02
1.568965e-01,1.001326e-02,2.163056e-02,5.132812e-02,5.258663e-02,3.786231e-02,3.049474e-01,2.003498e-01,8.005196e-02,4.363215e-03,1.434574e-02,1.557017e-02,2.775967e-02,8.437827e-04,2.145084e-02
1.453808e-01,7.472971e-03,1.526301e-02,3.701092e-02,4.224593e-02,3.520146e-02,3.940293e-01,1.414675e-01,5.909289e-02,6.737977e-03,3.265802e-02,2.351661e-02,4.047065e-02,7.912319e-04,1.866071e-02
1.408426e-01,6.813564e-03,1.082840e-02,3.067837e-02,3.519398e-02,2.935668e-02,3.276868e-01,9.957134e-02,4.464265e-02,1.082104e-02,4.991144e-02,3.849758e-02,1.553633e-01,9.159401e-04,1.887632e-02
2.024258e-01,5.684663e-03,7.627583e-03,2.295147e-02,2.645598e-02,3.148040e-02,2.536629e-01,7.001518e-02,3.522515e-02,1.100119e-02,5.170079e-02,4.030004e-02,2.218529e-01,1.192841e-03,1.842319e-02
1.793841e-01,4.196388e-03,5.398166e-03,1.712102e-02,2.236533e-02,2.591545e-02,1.818675e-01,4.985135e-02,2.873112e-02,9.856130e-03,7.074353e-02,6.155992e-02,3.239109e-01,1.493104e-03,1.760600e-02
1.434225e-01,3.065807e-03,3.921314e-03,1.241534e-02,1.817578e-02,2.000721e-02,1.314010e-01,3.643823e-02,2.171247e-02,8.464157e-03,1.088016e-01,7.183167e-02,4.039997e-01,1.458142e-03,1.488509e-02
1.070336e-01,2.336283e-03,2.935795e-03,8.846777e-03,1.580765e-02,1.506435e-02,9.338292e-02,2.814843e-02,1.653199e-02,6.518719e-03,1.113307e-01,7.089894e-02,5.080762e-01,1.263630e-03,1.182402e-02
7.746977e-02,2.299044e-03,3.572891e-03,6.428521e-03,1.734800e-02,1.308894e-02,6.598940e-02,2.196043e-02,1.438582e-02,5.762427e-03,9.471500e-02,7.757220e-02,5.850306e-01,1.349556e-03,1.302740e-02
6.882434e-02,2.314024e-03,3.251119e-03,5.059652e-03,2.590770e-02,1.192488e-02,4.715886e-02,1.706997e-02,2.091272e-02,5.471325e-03,9.098250e-02,8.540362e-02,6.011428e-01,1.390322e-03,1.318614e-02
4.897142e-02,1.792925e-03,3.095865e-03,3.796094e-03,3.542293e-02,9.134878e-03,3.326597e-02,1.496223e-02,2.037322e-02,4.551181e-03,7.437517e-02,1.754061e-01,5.637856e-01,1.254195e-03,9.812234e-03
3.804234e-02,2.477213e-03,1.616762e-02,2.994505e-03,4.826754e-02,6.751914e-03,2.370998e-02,1.928115e-02,3.986619e-02,5.890979e-03,5.931024e-02,2.071236e-01,5.143546e-01,3.527276e-03,1.223484e-02
2.910795e-02,2.247110e-03,2.843665e-02,2.739237e-03,9.134088e-02,4.904187e-03,1.677952e-02,2.083203e-02,4.280353e-02,5.590506e-03,4.785572e-02,2.306673e-01,4.605294e-01,4.985974e-03,1.117993e-02
2.363580e-02,1.698437e-03,2.784646e-02,2.919768e-03,1.302560e-01,3.769030e-03,1.198828e-02,5.547611e-02,5.127013e-02,4.673558e-03,4.756583e-02,2.688357e-01,3.571447e-01,4.791554e-03,8.128573e-03
1.903627e-02,2.106463e-03,2.335798e-02,3.265057e-03,1.128138e-01,3.318718e-03,8.514290e-03,9.372488e-02,1.701936e-01,3.536594e-03,4.424796e-02,2.400995e-01,2.653558e-01,4.492699e-03,5.936330e-03
1.381984e-02,3.271086e-03,1.708781e-02,2.544824e-03,8.785386e-02,2.687959e-03,6.010442e-03,7.494520e-02,3.934632e-01,2.589075e-03,3.178181e-02,1.701634e-01,1.863845e-01,3.192818e-03,4.204215e-03
1.040169e-02,4.026229e-03,1.233056e-02,2.767715e-03,6.827784e-02,2.350162e-03,4.242113e-03,5.544247e-02,5.587688e-01,2.130477e-03,2.305375e-02,1.197992e-01,1.310403e-01,2.251367e-03,3.117379e-03
8.811530e-03,3.597434e-03,9.060381e-03,5.185401e-03,6.664020e-02,2.367073e-03,3.050934e-03,4.520223e-02,6.565444e-01,1.830433e-03,1.675032e-02,8.461823e-02,9.230367e-02,1.597053e-03,2.440659e-03
8.616932e-03,3.828102e-03,6.621056e-03,9.303262e-03,7.314603e-02,2.716433e-03,2.281707e-03,3.456425e-02,7.178051e-01,1.508210e-03,1.188529e-02,5.964421e-02,6.487079e-02,1.133983e-03,2.074625e-03
1.037641e-02,4.699873e-03,4.785660e-03,9.540109e-03,7.991548e-02,2.506153e-03,1.816797e-03,2.704694e-02,7.592943e-01,1.208793e-03,8.473756e-03,4.214935e-02,4.562879e-02,8.087478e-04,1.748804e-03
2.024431e-02,4.681266e-03,4.581428e-03,2.526304e-02,9.538282e-02,2.529182e-03,1.560979e-03,4.570226e-02,7.281143e-01,1.282535e-03,6.134909e-03,2.990416e-02,3.215912e-02,5.823985e-04,1.877286e-03
2.960854e-02,4.685807e-03,3.424797e-03,2.069550e-02,1.033758e-01,2.067226e-03,1.272949e-03,4.740034e-02,7.350681e-01,1.520709e-03,4.607310e-03,2.121469e-02,2.264295e-02,4.488229e-04,1.966562e-03
3.286458e-02,4.663159e-03,2.716824e-03,1.968281e-02,8.915360e-02,1.876908e-03,1.004153e-03,6.840958e-02,7.404251e-01,1.680921e-03,3.875645e-03,1.532473e-02,1.608304e-02,3.555157e-04,1.883521e-03
2.716235e-02,6.218253e-03,2.792669e-03,9.071998e-02,6.924780e-02,3.205960e-03,7.154929e-04,4.926313e-02,6.988207e-01,3.450493e-03,1.565760e-02,1.406881e-02,1.435328e-02,4.683800e-04,3.855187e-03
2.169302e-02,5.712322e-03,2.410071e-03,1.213729e-01,5.699024e-02,2.995746e-03,5.174021e-04,3.494161e-02,6.548123e-01,2.934032e-03,6.278195e-02,1.247225e-02,1.528993e-02,1.058281e-03,4.018012e-03
1.677698e-02,4.765663e-03,2.102884e-03,1.387433e-01,4.613598e-02,2.613977e-03,3.922063e-04,2.509703e-02,5.340967e-01,2.215604e-03,1.657905e-01,2.937201e-02,2.496370e-02,3.477774e-03,3.455795e-03
2.204230e-02,3.986466e-03,1.819764e-03,1.477485e-01,3.454870e-02,3.490177e-03,4.113146e-04,1.829789e-02,4.174099e-01,1.791796e-03,2.458603e-01,6.645711e-02,2.268596e-02,1.040189e-02,3.047986e-03
2.550791e-02,3.244509e-03,1.419834e-03,1.229089e-01,2.642561e-02,3.873180e-03,3.534455e-04,1.306804e-02,3.150918e-01,1.838647e-03,3.024266e-01,1.379259e-01,2.516924e-02,1.802805e-02,2.718458e-03
2.094949e-02,2.461755e-03,1.080093e-03,1.038338e-01,2.219846e-02,3.799380e-03,2.777623e-04,9.244103e-03,2.250238e-01,2.887369e-03,3.710659e-01,1.924146e-01,2.341214e-02,1.907508e-02,2.276304e-03
1.583416e-02,1.806062e-03,7.884572e-04,7.768359e-02,1.743107e-02,3.329494e-03,2.147351e-04,6.535755e-03,1.615984e-01,2.922908e-03,4.345058e-01,2.370008e-01,2.145280e-02,1.715836e-02,1.737689e-03
1.169442e-02,1.457055e-03,6.824099e-04,5.681972e-02,2.452388e-02,3.015369e-03,1.898655e-04,4.786858e-03,1.405587e-01,8.930888e-03,4.644118e-01,2.460323e-01,2.116505e-02,1.434026e-02,1.391461e-03
1.016535e-02,1.285244e-03,8.144520e-04,4.261032e-02,2.644572e-02,6.584715e-03,2.083067e-04,3.577478e-03,1.018000e-01,1.356115e-02,4.242379e-01,3.369536e-01,1.775251e-02,1.269794e-02,1.305266e-03
7.737474e-03,9.222160e-04,7.017055e-04,3.029595e-02,3.595458e-02,5.461715e-03,2.042296e-04,2.880191e-03,7.598054e-02,1.354154e-02,4.950881e-01,3.062639e-01,1.384655e-02,1.015398e-02,9.673027e-04
6.398606e-03,8.575002e-04,6.143507e-04,2.123485e-02,7.436171e-02,4.104408e-03,1.390395e-03,2.457224e-03,2.396106e-01,1.042658e-02,3.945987e-01,2.258454e-01,1.008321e-02,7.273168e-03,7.433249e-04
4.543700e-03,6.483641e-04,4.334923e-04,1.486753e-02,5.268027e-02,2.892806e-03,1.111105e-03,1.773041e-03,4.610449e-01,7.346525e-03,2.805631e-01,1.593783e-01,7.094592e-03,5.097283e-03,5.250010e-04
3.414540e-03,4.665744e-04,3.125086e-04,1.043197e-02,3.893960e-02,2.286837e-03,9.007456e-04,1.296654e-03,6.180263e-01,5.195795e-03,1.980055e-01,1.117697e-01,5.006199e-03,3.575626e-03,3.715227e-04
3.203670e-03,4.057314e-04,2.636563e-04,7.308949e-03,4.540746e-02,2.034157e-02,1.206408e-02,1.142058e-03,6.819938e-01,3.694523e-03,1.392153e-01,7.838155e-02,3.800016e-03,2.510851e-03,2.667927e-04
6.075638e-03,4.536014e-04,2.139653e-04,5.128385e-03,4.511593e-02,1.808877e-02,9.661779e-03,9.881076e-04,7.526498e-01,2.699249e-03,9.873319e-02,5.508580e-02,3.128184e-03,1.768401e-03,2.091770e-04
1.113103e-02,5.090701e-04,1.745103e-04,3.629228e-03,4.388018e-02,1.303134e-02,6.927143e-03,9.745168e-04,8.049338e-01,2.036705e-03,7.016131e-02,3.884377e-02,2.325827e-03,1.249790e-03,1.918577e-04
1.840195e-02,7.196828e-04,2.511632e-04,2.644628e-03,5.116516e-02,9.469996e-03,5.709660e-03,1.559597e-03,8.265854e-01,1.526552e-03,5.145935e-02,2.758039e-02,1.815706e-03,9.128017e-04,1.979360e-04
3.019348e-02,1.198871e-03,3.103413e-04,2.171083e-03,4.431699e-02,7.242131e-03,4.180658e-03,2.128728e-03,8.461542e-01,1.115733e-03,3.768881e-02,2.069685e-02,1.566883e-03,7.417892e-04,2.934814e-04
3.640281e-02,1.243373e-03,3.162530e-04,2.480317e-03,6.667263e-02,5.301198e-03,3.069980e-03,1.994742e-03,8.373849e-01,8.486561e-04,2.702695e-02,1.514635e-02,1.282551e-03,5.688401e-04,2.604892e-04
3.684209e-02,1.061910e-03,2.481203e-04,2.145741e-03,1.121629e-01,3.821870e-03,2.190297e-03,1.570348e-03,8.074785e-01,6.329797e-04,1.922842e-02,1.100475e-02,9.790094e-04,4.214100e-04,2.117088e-04
6.830486e-02,1.627547e-03,3.844206e-04,4.580549e-03,1.355289e-01,3.547122e-03,7.007157e-03,4.328748e-03,7.476231e-01,6.841059e-04,1.473521e-02,9.266961e-03,1.681893e-03,3.564555e-04,3.430884e-04
8.479364e-02,1.897742e-03,6.174334e-04,6.908486e-03,1.728842e-01,4.006310e-03,4.372042e-02,3.976897e-02,6.230850e-01,6.280781e-04,1.142766e-02,7.262307e-03,2.166368e-03,3.537106e-04,4.797676e-04
1.330365e-01,2.958654e-03,8.699195e-04,7.006301e-03,1.845014e-01,5.114118e-03,3.301163e-02,3.010336e-02,5.815278e-01,1.008946e-03,1.061790e-02,6.287316e-03,2.390662e-03,4.599374e-04,1.105583e-03
1.001215e-01,3.221523e-03,1.686043e-03,4.546755e-02,2.428938e-01,7.456576e-03,3.795083e-02,2.184487e-02,4.215136e-01,3.230688e-03,7.100627e-02,2.666855e-02,1.107596e-02,9.012070e-04,4.961153e-03
7.166888e-02,3.645718e-03,1.815899e-03,4.719956e-02,2.956808e-01,8.489412e-03,6.078487e-02,1.618494e-02,3.048790e-01,6.282827e-03,1.216404e-01,4.103836e-02,1.063917e-02,4.693063e-03,5.357096e-03
5.503232e-02,2.845475e-03,1.386550e-03,3.681603e-02,2.108736e-01,7.250089e-03,6.689889e-02,1.189636e-02,2.148893e-01,6.524105e-03,2.616420e-01,1.051308e-01,9.705915e-03,5.120887e-03,3.987696e-03
4.146193e-02,2.049791e-03,1.018656e-03,2.657601e-02,1.496256e-01,5.694163e-03,7.579002e-02,8.512658e-03,1.507026e-01,7.404500e-03,3.796674e-01,1.352176e-01,8.069819e-03,5.178281e-03,3.030913e-03
3.450055e-02,1.504122e-03,1.060428e-03,1.925682e-02,1.092251e-01,6.821833e-03,9.537422e-02,6.499554e-03,1.059456e-01,1.180917e-02,4.276542e-01,1.501984e-01,7.464155e-03,2.007822e-02,2.607636e-03
2.482546e-02,1.123602e-03,1.061109e-03,1.415873e-02,8.341563e-02,7.590130e-03,9.593332e-02,4.780170e-03,7.684872e-02,1.442369e-02,4.840629e-01,1.603278e-01,6.575422e-03,2.256916e-02,2.304225e-03
1.808716e-02,8.397533e-04,1.168879e-03,1.057221e-02,6.423135e-02,8.597115e-03,1.073556e-01,3.986774e-03,5.477983e-02,1.651217e-02,5.262303e-01,1.603641e-01,5.848618e-03,1.938706e-02,2.039116e-03
1.282243e-02,6.790928e-04,9.278283e-04,7.496241e-03,4.686081e-02,7.477757e-03,7.608756e-02,2.961040e-03,3.856726e-02,1.352446e-02,5.842547e-01,1.855129e-01,5.752956e-03,1.552508e-02,1.549981e-03
9.239323e-03,1.621385e-03,1.198039e-03,5.331752e-03,3.428032e-02,5.972594e-03,5.348406e-02,2.191208e-03,2.741156e-02,1.109496e-02,4.525859e-01,3.741174e-01,4.532648e-03,1.569631e-02,1.242623e-03
6.883058e-03,2.298499e-03,1.228362e-03,3.829359e-03,2.519899e-02,5.637257e-03,3.751853e-02,1.760249e-03,1.990684e-02,9.649178e-03,4.041203e-01,4.601265e-01,3.524582e-03,1.734091e-02,9.774129e-04
6.266702e-03,7.900810e-03,2.550874e-03,2.924171e-03,1.869317e-02,4.823886e-03,2.632804e-02,1.602757e-03,1.572724e-02,8.822777e-03,3.418601e-01,5.377914e-01,3.101001e-03,2.083871e-02,7.683173e-04
4.783925e-03,1.309177e-02,2.596559e-03,2.168191e-03,1.476012e-02,4.841156e-03,1.855779e-02,1.314640e-03,1.366169e-02,7.838376e-03,3.122141e-01,5.704637e-01,2.585864e-03,3.050978e-02,6.122761e-04
4.051680e-03,1.709940e-02,9.466483e-03,2.039580e-03,1.174353e-02,4.035593e-03,1.304068e-02,1.423377e-03,1.238191e-02,6.071100e-03,2.938207e-01,5.946189e-01,1.935164e-03,2.782329e-02,4.484845e-04
5.831358e-03,2.085262e-02,1.475353e-02,3.016725e-03,1.048499e-02,3.886497e-03,9.269297e-03,2.706929e-03,1.319443e-02,5.025635e-03,3.044022e-01,5.756995e-01,1.595404e-03,2.893823e-02,3.425568e-04
8.457734e-03,1.897617e-02,3.005182e-02,4.639401e-03,7.872953e-03,3.249638e-03,6.545016e-03,4.522034e-03,1.490737e-02,3.614865e-03,3.895698e-01,4.822954e-01,1.238976e-03,2.378583e-02,2.730124e-04
6.222712e-03,1.521649e-02,2.387444e-02,4.779714e-03,6.357230e-03,2.412218e-03,4.614781e-03,5.109154e-03,3.206304e-02,2.902664e-03,4.062724e-01,4.700299e-01,9.114759e-04,1.901405e-02,2.196897e-04
4.740198e-03,1.413855e-02,1.914910e-02,5.552872e-03,6.457278e-03,2.022352e-03,3.364388e-03,5.643006e-03,7.304213e-02,2.590560e-03,4.375126e-01,4.084780e-01,7.172512e-04,1.634550e-02,2.461181e-04
3.785670e-03,1.060116e-02,3.072591e-02,1.335603e-02,5.075519e-03,1.569753e-03,2.393311e-03,1.543654e-02,8.566155e-02,2.183789e-03,5.099146e-01,3.065013e-01,5.361104e-04,1.205496e-02,2.037738e-04
3.231754e-03,8.770299e-03,2.571658e-02,1.392403e-02,4.479557e-03,1.309222e-03,1.698204e-03,1.478899e-02,1.284998e-01,1.935050e-03,5.638102e-01,2.215510e-01,4.119198e-04,9.622230e-03,2.511282e-04
5.426184e-03,7.209998e-03,3.130413e-02,1.790544e-02,1.002954e-02,2.606723e-03,1.388194e-03,2.415017e-02,1.544835e-01,2.826644e-03,5.739771e-01,1.601005e-01,3.902505e-04,7.613936e-03,5.876570e-04
6.492133e-03,5.867464e-03,3.116964e-02,1.805248e-02,2.363923e-02,3.559381e-03,1.099839e-03,2.796791e-02,2.032977e-01,3.431845e-03,5.529279e-01,1.153632e-01,4.131058e-04,5.795201e-03,9.230353e-04
8.322131e-03,4.729042e-03,2.487839e-02,1.618524e-02,2.913206e-02,3.234094e-03,8.259328e-04,2.322532e-02,2.093058e-01,4.727029e-03,5.858149e-01,8.234122e-02,4.182944e-04,5.253291e-03,1.607322e-03
1.546487e-02,4.178327e-03,2.630160e-02,1.882583e-02,3.974636e-02,3.642145e-03,7.548961e-04,3.041163e-02,2.387217e-01,6.102338e-03,5.474526e-01,5.966089e-02,6.845337e-04,5.222977e-03,2.829351e-03
2.438993e-02,3.825604e-03,2.716916e-02,1.924850e-02,4.600213e-02,4.982949e-03,6.506633e-04,3.411483e-02,2.291445e-01,7.285309e-03,5.481359e-01,4.257422e-02,9.239977e-04,6.427981e-03,5.124442e-03
3.524525e-02,3.366743e-03,3.629562e-02,2.244521e-02,5.952455e-02,6.133626e-03,6.636048e-04,3.903145e-02,2.084834e-01,6.200853e-03,5.408303e-01,3.053217e-02,1.220156e-03,5.618101e-03,4.409010e-03
3.879924e-02,4.624711e-03,6.839839e-02,2.424977e-02,6.683739e-02,1.718315e-02,8.055156e-04,8.796241e-02,2.052608e-01,6.075396e-03,4.422778e-01,2.331704e-02,1.714708e-03,7.796358e-03,4.697342e-03
4.183620e-02,5.406186e-03,1.173567e-01,3.099620e-02,7.121694e-02,1.793204e-02,1.089027e-03,1.481279e-01,1.905829e-01,7.733124e-03,3.302771e-01,1.847990e-02,3.286059e-03,8.844460e-03,6.835295e-03
4.791094e-02,1.442363e-02,1.572897e-01,3.596231e-02,6.731892e-02,2.557337e-02,1.264305e-03,1.914625e-01,1.755810e-01,6.611887e-03,2.433340e-01,1.383606e-02,2.741761e-03,1.080671e-02,5.883040e-03
5.712232e-02,2.856667e-02,1.834641e-01,3.548989e-02,7.681990e-02,6.873281e-02,1.260533e-03,1.678050e-01,1.621526e-01,5.080656e-03,1.804737e-01,1.037090e-02,2.327407e-03,1.308286e-02,7.250579e-03
7.062006e-02,3.180418e-02,1.544264e-01,4.797898e-02,7.075320e-02,7.090296e-02,1.304190e-03,2.217457e-01,1.613968e-01,4.050565e-03,1.337584e-01,8.354682e-03,1.972921e-03,1.464182e-02,6.289269e-03
1.011237e-01,2.949060e-02,1.203452e-01,5.022018e-02,5.892139e-02,6.549571e-02,1.482371e-03,2.643691e-01,1.756563e-01,3.015464e-03,1.009007e-01,6.881282e-03,1.601952e-03,1.573380e-02,4.762246e-03
1.527774e-01,2.818911e-02,9.485614e-02,5.412582e-02,5.039272e-02,8.654436e-02,1.624688e-03,2.237061e-01,1.873347e-01,2.432759e-03,8.557620e-02,6.448636e-03,1.441593e-03,2.055449e-02,3.995364e-03
2.002876e-01,2.806679e-02,7.487784e-02,4.357406e-02,4.544313e-02,1.546043e-01,1.425846e-03,1.672896e-01,1.650642e-01,2.040039e-03,8.437426e-02,6.950653e-03,1.634530e-03,2.024277e-02,4.124392e-03
2.447747e-01,2.811738e-02,6.210767e-02,4.090558e-02,4.862221e-02,1.722312e-01,1.319312e-03,1.266823e-01,1.597565e-01,1.870348e-03,7.987680e-02,7.352102e-03,1.946661e-03,1.993064e-02,4.506524e-03
3.173824e-01,3.348955e-02,4.546860e-02,3.616874e-02,5.881181e-02,1.526332e-01,1.426009e-03,9.336904e-02,1.531896e-01,1.697167e-03,7.037440e-02,9.369308e-03,2.825694e-03,1.911294e-02,4.681626e-03
4.072596e-01,3.717969e-02,3.418182e-02,2.914165e-02,6.752901e-02,1.126486e-01,1.791753e-03,6.831961e-02,1.477318e-01,1.422020e-03,5.430692e-02,1.323964e-02,3.622331e-03,1.667930e-02,4.946288e-03
1.000000e+00,0.000000e+00,0.000000e+00,0.000000e+00,0.000000e+00,0.000000e+00,0.000000e+00,0.000000e+00,0.000000e+00,0.000000e+00,0.000000e+00,0.000000e+00,0.000000e+00,0.000000e+00,0.000000e+00
1.000000e+00,0.000000e+00,0.000000e+00,0.000000e+00,0.000000e+00,0.000000e+00,0.000000e+00,0.000000e+00,0.000000e+00,0.000000e+00,0.000000e+00,0.000000e+00,0.000000e+00,0.000000e+00,0.000000e+00
1.000000e+00,0.000000e+00,0.000000e+00,0.000000e+00,0.000000e+00,0.000000e+00,0.000000e+00,0.000000e+00,0.000000e+00,0.000000e+00,0.000000e+00,0.000000e+00,0.000000e+00,0.000000e+00,0.000000e+00
1.000000e+00,0.000000e+00,0.000000e+00,0.000000e+00,0.000000e+00,0.000000e+00,0.000000e+00,0.000000e+00,0.000000e+00,0.000000e+00,0.000000e+00,0.000000e+00,0.000000e+00,0.000000e+00,0.000000e+00
1.000000e+00,0.000000e+00,0.000000e+00,0.000000e+00,0.000000e+00,0.000000e+00,0.000000e+00,0.000000e+00,0.000000e+00,0.000000e+00,0.000000e+00,0.000000e+00,0.000000e+00,0.000000e+00,0.000000e+00
1.000000e+00,0.000000e+00,0.000000e+00,0.000000e+00,0.000000e+00,0.000000e+00,0.000000e+00,0.000000e+00,0.000000e+00,0.000000e+00,0.000000e+00,0.000000e+00,0.000000e+00,0.000000e+00,0.000000e+00
1.000000e+00,0.000000e+00,0.000000e+00,0.000000e+00,0.000000e+00,0.000000e+00,0.000000e+00,0.000000e+00,0.000000e+00,0.000000e+00,0.000000e+00,0.000000e+00,0.000000e+00,0.000000e+00,0.000000e+00
1.000000e+00,0.000000e+00,0.000000e+00,0.000000e+00,0.000000e+00,0.000000e+00,0.000000e+00,0.000000e+00,0.000000e+00,0.000000e+00,0.000000e+00,0.000000e+00,0.000000e+00,0.000000e+00,0.000000e+00
1.000000e+00,0.000000e+00,0.000000e+00,0.000000e+00,0.000000e+00,0.000000e+00,0.000000e+00,0.000000e+00,0.000000e+00,0.000000e+00,0.000000e+00,0.000000e+00,0.000000e+00,0.000000e+00,0.000000e+00
4.818667e-01,1.951066e-02,4.761684e-02,7.880753e-02,6.843758e-03,8.367234e-03,1.006211e-03,5.304102e-03,7.840855e-02,2.165879e-02,1.155109e-02,8.646834e-03,6.286529e-03,2.834385e-02,1.957813e-01
3.620385e-01,1.727842e-02,7.237741e-02,6.934234e-02,5.342099e-03,7.151199e-03,8.204478e-04,4.541115e-03,6.616215e-02,3.054623e-02,1.071346e-02,7.658856e-03,5.537129e-03,3.528808e-02,3.052026e-01
2.580153e-01,1.248127e-02,5.454769e-02,4.871313e-02,3.794651e-03,5.497619e-03,5.885424e-04,3.243756e-03,4.727300e-02,2.568327e-02,7.842265e-03,5.526067e-03,3.964795e-03,1.070406e-01,4.157881e-01
1.885091e-01,9.065729e-03,3.892100e-02,3.419601e-02,2.685453e-03,4.282227e-03,4.493448e-04,2.337428e-03,3.460456e-02,2.283405e-02,7.406531e-03,5.555504e-03,2.980543e-03,1.237754e-01,5.223972e-01
1.428698e-01,6.992288e-03,2.834920e-02,2.447867e-02,2.000380e-03,3.390706e-03,4.134702e-04,1.675757e-03,2.562406e-02,3.453743e-02,7.732842e-03,4.465101e-03,2.187603e-03,2.456632e-01,4.696196e-01
1.069174e-01,5.832172e-03,2.107922e-02,1.765529e-02,1.688592e-03,2.526543e-03,3.514680e-04,1.202667e-03,2.080466e-02,3.581806e-02,7.908346e-03,4.328627e-03,1.825074e-03,3.981437e-01,3.739182e-01
8.058418e-02,4.557362e-03,1.505357e-02,1.263057e-02,1.320263e-03,1.957247e-03,3.135584e-04,8.673960e-04,1.646652e-02,3.115825e-02,6.798233e-03,3.414052e-03,1.515790e-03,5.448568e-01,2.785062e-01
5.856991e-02,3.522054e-03,1.082384e-02,8.936466e-03,1.002867e-03,1.597721e-03,3.360855e-04,6.538510e-04,1.372741e-02,3.019278e-02,7.410179e-03,3.068498e-03,1.298516e-03,6.500022e-01,2.088577e-01
5.403220e-02,3.380538e-03,1.361185e-02,6.760928e-03,1.369915e-03,3.217263e-03,1.200495e-03,1.005910e-03,1.433690e-02,5.252970e-02,1.307645e-02,5.247329e-03,2.411196e-03,6.738358e-01,1.539836e-01
3.846790e-02,2.532060e-03,1.542088e-02,4.808917e-03,1.237987e-03,2.375065e-03,8.529419e-04,7.157793e-04,1.087824e-02,5.109075e-02,1.032324e-02,3.949570e-03,1.888294e-03,7.269651e-01,1.284933e-01
3.856995e-02,2.655691e-03,1.911041e-02,4.845904e-03,1.994814e-03,3.430099e-03,9.416924e-04,1.023524e-03,1.416034e-02,1.122514e-01,1.620872e-02,5.614880e-03,6.927340e-03,6.476424e-01,1.246228e-01
3.476235e-02,2.231518e-03,1.928640e-02,4.522015e-03,1.809774e-03,3.752421e-03,8.415510e-04,1.077749e-03,1.303105e-02,2.031297e-01,1.537486e-02,4.860953e-03,6.183793e-03,5.875472e-01,1.015886e-01
4.933034e-02,2.877140e-03,1.753444e-02,6.122705e-03,2.097944e-03,3.760703e-03,9.675303e-04,1.406288e-03,1.201377e-02,2.977194e-01,1.703895e-02,4.722473e-03,5.680429e-03,4.891544e-01,8.957347e-02
6.540832e-02,2.616787e-03,1.286748e-02,6.909302e-03,2.259401e-03,4.275006e-03,1.302280e-03,1.720671e-03,1.469173e-02,3.075991e-01,3.780567e-02,8.371931e-03,1.290806e-02,4.168528e-01,1.044115e-01
5.960555e-02,3.019989e-03,9.600953e-03,7.444173e-03,4.586576e-03,3.921130e-03,1.116681e-03,1.662814e-03,1.437017e-02,2.263069e-01,5.344377e-02,8.861816e-03,1.836694e-02,2.970953e-01,2.905973e-01
6.559134e-02,2.633672e-03,8.087299e-03,1.023572e-02,2.590303e-02,5.408544e-03,5.207240e-03,8.108676e-03,2.733170e-02,1.736786e-01,5.469491e-02,1.290007e-02,8.323661e-02,2.558375e-01,2.611451e-01
6.125705e-02,2.653356e-03,7.255408e-03,9.327780e-03,5.486690e-02,6.452048e-03,7.148029e-03,7.970677e-03,3.072239e-02,1.274337e-01,4.447342e-02,2.918931e-02,1.227841e-01,2.821393e-01,2.063265e-01
4.649060e-02,3.664093e-03,5.580718e-03,7.007551e-03,5.211106e-02,8.615621e-02,6.252566e-03,7.714482e-03,4.869153e-02,8.999460e-02,3.394851e-02,5.137277e-02,1.679840e-01,2.425466e-01,1.504847e-01
3.369214e-02,3.509660e-03,4.172374e-03,5.102791e-03,4.872442e-02,1.953130e-01,5.025170e-03,7.212359e-03,5.305032e-02,6.312778e-02,2.485353e-02,6.120171e-02,2.078065e-01,1.757929e-01,1.114153e-01
2.800959e-02,3.643979e-03,4.360260e-03,3.745892e-03,4.193928e-02,2.859926e-01,4.895278e-03,6.747174e-03,5.047195e-02,4.435648e-02,1.815589e-02,5.660127e-02,2.437369e-01,1.271776e-01,8.016589e-02
2.607664e-02,1.727305e-02,1.087841e-02,4.853591e-03,4.411375e-02,2.797709e-01,6.122841e-03,8.636801e-03,6.032085e-02,3.457077e-02,1.292405e-02,4.095890e-02,3.028598e-01,8.971711e-02,6.092249e-02
3.116940e-02,2.910016e-02,5.600640e-02,8.391054e-03,6.216865e-02,2.563695e-01,1.071900e-02,1.437041e-02,7.780894e-02,3.062047e-02,9.362366e-03,2.917364e-02,2.696162e-01,6.332330e-02,5.180050e-02
3.347759e-02,2.949719e-02,4.149316e-02,8.242814e-03,5.577826e-02,2.564874e-01,8.641051e-03,1.112376e-02,9.705446e-02,2.163436e-02,6.651764e-03,2.091282e-02,3.265055e-01,4.447266e-02,3.802715e-02
3.686453e-02,3.078510e-02,3.125032e-02,6.848277e-03,4.789018e-02,2.382130e-01,7.663105e-03,9.332960e-03,1.048664e-01,1.532032e-02,4.814056e-03,1.563787e-02,3.914097e-01,3.130037e-02,2.780379e-02
5.863566e-02,4.642854e-02,2.634680e-02,6.674324e-03,4.680603e-02,1.823009e-01,8.640490e-03,9.267902e-03,8.709411e-02,1.208116e-02,4.636633e-03,1.332805e-02,4.068335e-01,2.263780e-02,6.828807e-02
6.126790e-02,4.572828e-02,2.152522e-02,5.122886e-03,3.763612e-02,1.449096e-01,1.015398e-02,8.558574e-03,9.178509e-02,9.678246e-03,5.364264e-03,1.311238e-02,4.701289e-01,1.688478e-02,5.814379e-02
6.570617e-02,4.108356e-02,1.703007e-02,4.336164e-03,2.855285e-02,1.116390e-01,9.543606e-03,7.913773e-03,8.567104e-02,7.564165e-03,5.406224e-03,1.242243e-02,5.429080e-01,1.225690e-02,4.796606e-02
5.776252e-02,3.162562e-02,1.414935e-02,1.071515e-02,2.127026e-02,8.889853e-02,7.613672e-03,7.334849e-03,6.933188e-02,6.357292e-03,5.278077e-03,1.738552e-02,6.132567e-01,8.698553e-03,4.032199e-02
6.469793e-02,2.436123e-02,1.126587e-02,1.497583e-02,1.559685e-02,8.390939e-02,6.175454e-03,5.881311e-03,5.208408e-02,4.957984e-03,4.815450e-03,2.006190e-02,6.504476e-01,6.304995e-03,3.446408e-02
6.030913e-02,1.804082e-02,8.326536e-03,1.235436e-02,1.134048e-02,1.025703e-01,4.688599e-03,4.492863e-03,3.923814e-02,4.362937e-03,1.037369e-02,2.495841e-02,6.621403e-01,4.821267e-03,3.198223e-02
4.912752e-02,1.306719e-02,6.061310e-03,9.573323e-03,8.228772e-03,8.935399e-02,3.492327e-03,3.318277e-03,3.025471e-02,4.166056e-03,5.219933e-02,9.355012e-02,6.098647e-01,3.699204e-03,2.404317e-02
6.150989e-02,9.403531e-03,4.335536e-03,7.046842e-03,6.166635e-03,6.757129e-02,2.705308e-03,2.517103e-03,2.643820e-02,3.862353e-03,7.724185e-02,1.173918e-01,5.924933e-01,2.748422e-03,1.856802e-02
7.164403e-02,7.060935e-03,3.279207e-03,5.432632e-03,4.484272e-03,1.071757e-01,2.160174e-03,1.806830e-03,2.061558e-02,4.085200e-03,6.289425e-02,1.593102e-01,5.347072e-01,2.110482e-03,1.323327e-02
6.332081e-02,5.203031e-03,2.605420e-03,3.990327e-03,3.330893e-03,1.101751e-01,1.608136e-03,1.276812e-03,1.588138e-02,3.842751e-03,5.238174e-02,1.597151e-01,5.651774e-01,1.569633e-03,9.921385e-03
5.886135e-02,3.823510e-03,2.203572e-03,3.123457e-03,2.617110e-03,1.064848e-01,1.480632e-03,9.689655e-04,1.329440e-02,4.808970e-03,4.749383e-02,2.093515e-01,5.361765e-01,1.679777e-03,7.631593e-03
4.461169e-02,2.730922e-03,1.914062e-03,2.566726e-03,4.477351e-03,8.379965e-02,1.331088e-03,1.012861e-03,1.021974e-02,4.946019e-03,5.241017e-02,2.157018e-01,5.654239e-01,1.329148e-03,7.524807e-03
3.289532e-02,2.009277e-03,1.861397e-03,2.499599e-03,6.448524e-03,6.180398e-02,1.317424e-03,9.881101e-04,8.160347e-03,5.583164e-03,4.692237e-02,2.273956e-01,5.932012e-01,1.125974e-03,7.787682e-03
2.436879e-02,1.431913e-03,1.790672e-03,1.864961e-03,7.144200e-03,4.484930e-02,1.290492e-03,1.473055e-03,6.253191e-03,5.693092e-03,3.609588e-02,2.242574e-01,6.356903e-01,9.070299e-04,6.889681e-03
1.792273e-02,1.021939e-03,1.614044e-03,1.384480e-03,7.110596e-03,3.287922e-02,1.580903e-03,2.132460e-03,5.216777e-03,6.483840e-03,2.856137e-02,2.374638e-01,6.496041e-01,7.643985e-04,6.259250e-03
1.322182e-02,7.790287e-04,1.428040e-03,1.027779e-03,2.387297e-02,2.323509e-02,1.537394e-03,3.840138e-03,1.566562e-02,6.272296e-03,2.275087e-02,2.390147e-01,6.409827e-01,6.153322e-04,5.756100e-03
9.447555e-03,5.602591e-04,1.121314e-03,7.312111e-04,2.148622e-02,1.643001e-02,1.283457e-03,4.752601e-03,1.335925e-02,4.914942e-03,1.692969e-02,3.599267e-01,5.440017e-01,5.884730e-04,4.466538e-03
6.831134e-03,4.170160e-04,9.397768e-04,5.257535e-04,1.870200e-02,1.170375e-02,1.022777e-03,5.747779e-03,1.133124e-02,4.258477e-03,1.244525e-02,5.126431e-01,4.096895e-01,4.798012e-04,3.262627e-03
6.220947e-03,4.487778e-04,8.575067e-04,4.260310e-04,3.230076e-02,1.018051e-02,1.749484e-03,1.026224e-02,1.809702e-02,4.596140e-03,9.902204e-03,5.996778e-01,3.023112e-01,4.317702e-04,2.537571e-03
5.813189e-03,4.161372e-04,7.172490e-04,3.429726e-04,3.612065e-02,1.218830e-02,1.920144e-03,9.649173e-03,1.722421e-02,4.038469e-03,7.985503e-03,6.830322e-01,2.182631e-01,3.591653e-04,1.929598e-03
6.055069e-03,4.323147e-04,6.468273e-04,3.104415e-04,4.857037e-02,1.100531e-02,2.331615e-03,9.145097e-03,1.341636e-02,3.276673e-03,5.992800e-03,7.355042e-01,1.614994e-01,3.230821e-04,1.490504e-03
9.640983e-03,3.904190e-04,5.485637e-04,2.734633e-04,3.616543e-02,1.004716e-02,1.970521e-03,7.476262e-03,9.784793e-03,2.548109e-03,4.397712e-03,7.907948e-01,1.244263e-01,4.010274e-04,1.134429e-03
1.313525e-02,3.237943e-04,4.377484e-04,2.416562e-04,2.645047e-02,1.548679e-02,2.066087e-03,5.796162e-03,7.050336e-03,2.115994e-03,3.334945e-03,8.274119e-01,9.458037e-02,6.762116e-04,8.922301e-04
3.539974e-02,3.123324e-04,5.415779e-04,3.126316e-04,2.085612e-02,2.267773e-02,2.122917e-03,5.360140e-03,5.119327e-03,1.857238e-03,2.973587e-03,8.300626e-01,7.015366e-02,1.505535e-03,7.447645e-04
6.796943e-02,4.509326e-04,4.910848e-04,5.132137e-04,1.686357e-02,2.881872e-02,1.948296e-03,4.565456e-03,3.958917e-03,1.785587e-03,2.879328e-03,8.086095e-01,5.718698e-02,3.068685e-03,8.903164e-04
8.939184e-02,5.089105e-04,3.945215e-04,7.182230e-04,1.333965e-02,2.671319e-02,1.734070e-03,3.737232e-03,3.012402e-03,1.385709e-03,2.774655e-03,8.089973e-01,4.413388e-02,2.411271e-03,7.472088e-04
1.435244e-01,9.027211e-04,9.009314e-04,1.213168e-03,1.080743e-02,2.597951e-02,2.282728e-03,6.897511e-03,2.731266e-03,1.323207e-03,5.008625e-03,7.609307e-01,3.371014e-02,2.958139e-03,8.294790e-04
1.639039e-01,1.173631e-03,9.273294e-04,1.515779e-03,9.393129e-03,2.364599e-02,2.013457e-03,6.662958e-03,2.453293e-03,1.180357e-03,7.779594e-03,7.483720e-01,2.753798e-02,2.607710e-03,8.329019e-04
2.261671e-01,1.601986e-03,9.374690e-04,2.253598e-03,8.402782e-03,2.281161e-02,2.296142e-03,8.017593e-03,2.677229e-03,1.072091e-03,9.541215e-03,6.815778e-01,2.919997e-02,2.401003e-03,1.042406e-03
2.717402e-01,1.875766e-03,8.914768e-04,2.992858e-03,8.149731e-03,2.383400e-02,2.189458e-03,7.811809e-03,2.799701e-03,1.007539e-03,1.314106e-02,6.329195e-01,2.631074e-02,2.478709e-03,1.857477e-03
