1.000000e+00,0.000000e+00,0.000000e+00,0.000000e+00,0.000000e+00,0.000000e+00,0.000000e+00,0.000000e+00,0.000000e+00,0.000000e+00,0.000000e+00,0.000000e+00,0.000000e+00,0.000000e+00,0.000000e+00
1.000000e+00,0.000000e+00,0.000000e+00,0.000000e+00,0.000000e+00,0.000000e+00,0.000000e+00,0.000000e+00,0.000000e+00,0.000000e+00,0.000000e+00,0.000000e+00,0.000000e+00,0.000000e+00,0.000000e+00
1.000000e+00,0.000000e+00,0.000000e+00,0.000000e+00,0.000000e+00,0.000000e+00,0.000000e+00,0.000000e+00,0.000000e+00,0.000000e+00,0.000000e+00,0.000000e+00,0.000000e+00,0.000000e+00,0.000000e+00
1.000000e+00,0.000000e+00,0.000000e+00,0.000000e+00,0.000000e+00,0.000000e+00,0.000000e+00,0.000000e+00,0.000000e+00,0.000000e+00,0.000000e+00,0.000000e+00,0.000000e+00,0.000000e+00,0.000000e+00
1.000000e+00,0.000000e+00,0.000000e+00,0.000000e+00,0.000000e+00,0.000000e+00,0.000000e+00,0.000000e+00,0.000000e+00,0.000000e+00,0.000000e+00,0.000000e+00,0.000000e+00,0.000000e+00,0.000000e+00
1.000000e+00,0.000000e+00,0.000000e+00,0.000000e+00,0.000000e+00,0.000000e+00,0.000000e+00,0.000000e+00,0.000000e+00,0.000000e+00,0.000000e+00,0.000000e+00,0.000000e+00,0.000000e+00,0.000000e+00
1.000000e+00,0.000000e+00,0.000000e+00,0.000000e+00,0.000000e+00,0.000000e+00,0.000000e+00,0.000000e+00,0.000000e+00,0.000000e+00,0.000000e+00,0.000000e+00,0.000000e+00,0.000000e+00,0.000000e+00
1.000000e+00,0.000000e+00,0.000000e+00,0.000000e+00,0.000000e+00,0.000000e+00,0.000000e+00,0.000000e+00,0.000000e+00,0.000000e+00,0.000000e+00,0.000000e+00,0.000000e+00,0.000000e+00,0.000000e+00
1.000000e+00,0.000000e+00,0.000000e+00,0.000000e+00,0.000000e+00,0.000000e+00,0.000000e+00,0.000000e+00,0.000000e+00,0.000000e+00,0.000000e+00,0.000000e+00,0.000000e+00,0.000000e+00,0.000000e+00
1.000000e+00,0.000000e+00,0.000000e+00,0.000000e+00,0.000000e+00,0.000000e+00,0.000000e+00,0.000000e+00,0.000000e+00,0.000000e+00,0.000000e+00,0.000000e+00,0.000000e+00,0.000000e+00,0.000000e+00
1.000000e+00,0.000000e+00,0.000000e+00,0.000000e+00,0.000000e+00,0.000000e+00,0.000000e+00,0.000000e+00,0.000000e+00,0.000000e+00,0.000000e+00,0.000000e+00,0.000000e+00,0.000000e+00,0.000000e+00
1.000000e+00,0.000000e+00,0.000000e+00,0.000000e+00,0.000000e+00,0.000000e+00,0.000000e+00,0.000000e+00,0.000000e+00,0.000000e+00,0.000000e+00,0.000000e+00,0.000000e+00,0.000000e+00,0.000000e+00
1.000000e+00,0.000000e+00,0.000000e+00,0.000000e+00,0.000000e+00,0.000000e+00,0.000000e+00,0.000000e+00,0.000000e+00,0.000000e+00,0.000000e+00,0.000000e+00,0.000000e+00,0.000000e+00,0.000000e+00
1.000000e+00,0.000000e+00,0.000000e+00,0.000000e+00,0.000000e+00,0.000000e+00,0.000000e+00,0.000000e+00,0.000000e+00,0.000000e+00,0.000000e+00,0.000000e+00,0.000000e+00,0.000000e+00,0.000000e+00
1.000000e+00,0.000000e+00,0.000000e+00,0.000000e+00,0.000000e+00,0.000000e+00,0.000000e+00,0.000000e+00,0.000000e+00,0.000000e+00,0.000000e+00,0.000000e+00,0.000000e+00,0.000000e+00,0.000000e+00
1.000000e+00,0.000000e+00,0.000000e+00,0.000000e+00,0.000000e+00,0.000000e+00,0.000000e+00,0.000000e+00,0.000000e+00,0.000000e+00,0.000000e+00,0.000000e+00,0.000000e+00,0.000000e+00,0.000000e+00
1.000000e+00,0.000000e+00,0.000000e+00,0.000000e+00,0.000000e+00,0.000000e+00,0.000000e+00,0.000000e+00,0.000000e+00,0.000000e+00,0.000000e+00,0.000000e+00,0.000000e+00,0.000000e+00,0.000000e+00
1.000000e+00,0.000000e+00,0.000000e+00,0.000000e+00,0.000000e+00,0.000000e+00,0.000000e+00,0.000000e+00,0.000000e+00,0.000000e+00,0.000000e+00,0.000000e+00,0.000000e+00,0.000000e+00,0.000000e+00
1.000000e+00,0.000000e+00,0.000000e+00,0.000000e+00,0.000000e+00,0.000000e+00,0.000000e+00,0.000000e+00,0.000000e+00,0.000000e+00,0.000000e+00,0.000000e+00,0.000000e+00,0.000000e+00,0.000000e+00
1.000000e+00,0.000000e+00,0.000000e+00,0.000000e+00,0.000000e+00,0.000000e+00,0.000000e+00,0.000000e+00,0.000000e+00,0.000000e+00,0.000000e+00,0.000000e+00,0.000000e+00,0.000000e+00,0.000000e+00
1.000000e+00,0.000000e+00,0.000000e+00,0.000000e+00,0.000000e+00,0.000000e+00,0.000000e+00,0.000000e+00,0.000000e+00,0.000000e+00,0.000000e+00,0.000000e+00,0.000000e+00,0.000000e+00,0.000000e+00
1.000000e+00,0.000000e+00,0.000000e+00,0.000000e+00,0.000000e+00,0.000000e+00,0.000000e+00,0.000000e+00,0.000000e+00,0.000000e+00,0.000000e+00,0.000000e+00,0.000000e+00,0.000000e+00,0.000000e+00
1.000000e+00,0.000000e+00,0.000000e+00,0.000000e+00,0.000000e+00,0.000000e+00,0.000000e+00,0.000000e+00,0.000000e+00,0.000000e+00,0.000000e+00,0.000000e+00,0.000000e+00,0.000000e+00,0.000000e+00
1.000000e+00,0.000000e+00,0.000000e+00,0.000000e+00,0.000000e+00,0.000000e+00,0.000000e+00,0.000000e+00,0.000000e+00,0.000000e+00,0.000000e+00,0.000000e+00,0.000000e+00,0.000000e+00,0.000000e+00
1.000000e+00,0.000000e+00,0.000000e+00,0.000000e+00,0.000000e+00,0.000000e+00,0.000000e+00,0.000000e+00,0.000000e+00,0.000000e+00,0.000000e+00,0.000000e+00,0.000000e+00,0.000000e+00,0.000000e+00
1.000000e+00,0.000000e+00,0.000000e+00,0.000000e+00,0.000000e+00,0.000000e+00,0.000000e+00,0.000000e+00,0.000000e+00,0.000000e+00,0.000000e+00,0.000000e+00,0.000000e+00,0.000000e+00,0.000000e+00
1.000000e+00,0.000000e+00,0.000000e+00,0.000000e+00,0.000000e+00,0.000000e+00,0.000000e+00,0.000000e+00,0.000000e+00,0.000000e+00,0.000000e+00,0.000000e+00,0.000000e+00,0.000000e+00,0.000000e+00
1.000000e+00,0.000000e+00,0.000000e+00,0.000000e+00,0.000000e+00,0.000000e+00,0.000000e+00,0.000000e+00,0.000000e+00,0.000000e+00,0.000000e+00,0.000000e+00,0.000000e+00,0.000000e+00,0.000000e+00
1.000000e+00,0.000000e+00,0.000000e+00,0.000000e+00,0.000000e+00,0.000000e+00,0.000000e+00,0.000000e+00,0.000000e+00,0.000000e+00,0.000000e+00,0.000000e+00,0.000000e+00,0.000000e+00,0.000000e+00
1.000000e+00,0.000000e+00,0.000000e+00,0.000000e+00,0.000000e+00,0.000000e+00,0.000000e+00,0.000000e+00,0.000000e+00,0.000000e+00,0.000000e+00,0.000000e+00,0.000000e+00,0.000000e+00,0.000000e+00
1.000000e+00,0.000000e+00,0.000000e+00,0.000000e+00,0.000000e+00,0.000000e+00,0.000000e+00,0.000000e+00,0.000000e+00,0.000000e+00,0.000000e+00,0.000000e+00,0.000000e+00,0.000000e+00,0.000000e+00
1.000000e+00,0.000000e+00,0.000000e+00,0.000000e+00,0.000000e+00,0.000000e+00,0.000000e+00,0.000000e+00,0.000000e+00,0.000000e+00,0.000000e+00,0.000000e+00,0.000000e+00,0.000000e+00,0.000000e+00
1.000000e+00,0.000000e+00,0.000000e+00,0.000000e+00,0.000000e+00,0.000000e+00,0.000000e+00,0.000000e+00,0.000000e+00,0.000000e+00,0.000000e+00,0.000000e+00,0.000000e+00,0.000000e+00,0.000000e+00
1.000000e+00,0.000000e+00,0.000000e+00,0.000000e+00,0.000000e+00,0.000000e+00,0.000000e+00,0.000000e+00,0.000000e+00,0.000000e+00,0.000000e+00,0.000000e+00,0.000000e+00,0.000000e+00,0.000000e+00
1.000000e+00,0.000000e+00,0.000000e+00,0.000000e+00,0.000000e+00,0.000000e+00,0.000000e+00,0.000000e+00,0.000000e+00,0.000000e+00,0.000000e+00,0.000000e+00,0.000000e+00,0.000000e+00,0.000000e+00
1.000000e+00,0.000000e+00,0.000000e+00,0.000000e+00,0.000000e+00,0.000000e+00,0.000000e+00,0.000000e+00,0.000000e+00,0.000000e+00,0.000000e+00,0.000000e+00,0.000000e+00,0.000000e+00,0.000000e+00
1.000000e+00,0.000000e+00,0.000000e+00,0.000000e+00,0.000000e+00,0.000000e+00,0.000000e+00,0.000000e+00,0.000000e+00,0.000000e+00,0.000000e+00,0.000000e+00,0.000000e+00,0.000000e+00,0.000000e+00
1.000000e+00,0.000000e+00,0.000000e+00,0.000000e+00,0.000000e+00,0.000000e+00,0.000000e+00,0.000000e+00,0.000000e+00,0.000000e+00,0.000000e+00,0.000000e+00,0.000000e+00,0.000000e+00,0.000000e+00
1.000000e+00,0.000000e+00,0.000000e+00,0.000000e+00,0.000000e+00,0.000000e+00,0.000000e+00,0.000000e+00,0.000000e+00,0.000000e+00,0.000000e+00,0.000000e+00,0.000000e+00,0.000000e+00,0.000000e+00
1.000000e+00,0.000000e+00,0.000000e+00,0.000000e+00,0.000000e+00,0.000000e+00,0.000000e+00,0.000000e+00,0.000000e+00,0.000000e+00,0.000000e+00,0.000000e+00,0.000000e+00,0.000000e+00,0.000000e+00
1.000000e+00,0.000000e+00,0.000000e+00,0.000000e+00,0.000000e+00,0.000000e+00,0.000000e+00,0.000000e+00,0.000000e+00,0.000000e+00,0.000000e+00,0.000000e+00,0.000000e+00,0.000000e+00,0.000000e+00
1.000000e+00,0.000000e+00,0.000000e+00,0.000000e+00,0.000000e+00,0.000000e+00,0.000000e+00,0.000000e+00,0.000000e+00,0.000000e+00,0.000000e+00,0.000000e+00,0.000000e+00,0.000000e+00,0.000000e+00
1.000000e+00,0.000000e+00,0.000000e+00,0.000000e+00,0.000000e+00,0.000000e+00,0.000000e+00,0.000000e+00,0.000000e+00,0.000000e+00,0.000000e+00,0.000000e+00,0.000000e+00,0.000000e+00,0.000000e+00
1.000000e+00,0.000000e+00,0.000000e+00,0.000000e+00,0.000000e+00,0.000000e+00,0.000000e+00,0.000000e+00,0.000000e+00,0.000000e+00,0.000000e+00,0.000000e+00,0.000000e+00,0.000000e+00,0.000000e+00
1.000000e+00,0.000000e+00,0.000000e+00,0.000000e+00,0.000000e+00,0.000000e+00,0.000000e+00,0.000000e+00,0.000000e+00,0.000000e+00,0.000000e+00,0.000000e+00,0.000000e+00,0.000000e+00,0.000000e+00
1.000000e+00,0.000000e+00,0.000000e+00,0.000000e+00,0.000000e+00,0.000000e+00,0.000000e+00,0.000000e+00,0.000000e+00,0.000000e+00,0.000000e+00,0.000000e+00,0.000000e+00,0.000000e+00,0.000000e+00
1.000000e+00,0.000000e+00,0.000000e+00,0.000000e+00,0.000000e+00,0.000000e+00,0.000000e+00,0.000000e+00,0.000000e+00,0.000000e+00,0.000000e+00,0.000000e+00,0.000000e+00,0.000000e+00,0.000000e+00
1.000000e+00,0.000000e+00,0.000000e+00,0.000000e+00,0.000000e+00,0.000000e+00,0.000000e+00,0.000000e+00,0.000000e+00,0.000000e+00,0.000000e+00,0.000000e+00,0.000000e+00,0.000000e+00,0.000000e+00
1.000000e+00,0.000000e+00,0.000000e+00,0.000000e+00,0.000000e+00,0.000000e+00,0.000000e+00,0.000000e+00,0.000000e+00,0.000000e+00,0.000000e+00,0.000000e+00,0.000000e+00,0.000000e+00,0.000000e+00
1.000000e+00,0.000000e+00,0.000000e+00,0.000000e+00,0.000000e+00,0.000000e+00,0.000000e+00,0.000000e+00,0.000000e+00,0.000000e+00,0.000000e+00,0.000000e+00,0.000000e+00,0.000000e+00,0.000000e+00
1.000000e+00,0.000000e+00,0.000000e+00,0.000000e+00,0.000000e+00,0.000000e+00,0.000000e+00,0.000000e+00,0.000000e+00,0.000000e+00,0.000000e+00,0.000000e+00,0.000000e+00,0.000000e+00,0.000000e+00
1.000000e+00,0.000000e+00,0.000000e+00,0.000000e+00,0.000000e+00,0.000000e+00,0.000000e+00,0.000000e+00,0.000000e+00,0.000000e+00,0.000000e+00,0.000000e+00,0.000000e+00,0.000000e+00,0.000000e+00
1.000000e+00,0.000000e+00,0.000000e+00,0.000000e+00,0.000000e+00,0.000000e+00,0.000000e+00,0.000000e+00,0.000000e+00,0.000000e+00,0.000000e+00,0.000000e+00,0.000000e+00,0.000000e+00,0.000000e+00
1.000000e+00,0.000000e+00,0.000000e+00,0.000000e+00,0.000000e+00,0.000000e+00,0.000000e+00,0.000000e+00,0.000000e+00,0.000000e+00,0.000000e+00,0.000000e+00,0.000000e+00,0.000000e+00,0.000000e+00
1.000000e+00,0.000000e+00,0.000000e+00,0.000000e+00,0.000000e+00,0.000000e+00,0.000000e+00,0.000000e+00,0.000000e+00,0.000000e+00,0.000000e+00,0.000000e+00,0.000000e+00,0.000000e+00,0.000000e+00
1.000000e+00,0.000000e+00,0.000000e+00,0.000000e+00,0.000000e+00,0.000000e+00,0.000000e+00,0.000000e+00,0.000000e+00,0.000000e+00,0.000000e+00,0.000000e+00,0.000000e+00,0.000000e+00,0.000000e+00
4.191934e-01,5.455582e-02,1.234893e-02,2.483614e-01,3.817522e-03,9.770436e-03,2.354203e-03,4.356941e-03,1.578003e-01,5.315347e-03,7.340532e-03,1.455616e-02,1.446784e-02,2.172162e-03,4.358896e-02
2.935933e-01,6.091864e-02,8.887801e-03,2.535358e-01,2.773355e-03,9.334698e-03,1.735739e-03,3.079373e-03,2.386747e-01,4.916449e-03,9.246020e-03,1.149290e-02,1.874494e-02,1.858241e-03,8.120807e-02
2.060852e-01,6.677596e-02,6.375637e-03,2.029190e-01,2.029130e-03,7.965330e-03,1.295472e-03,2.266002e-03,3.761968e-01,4.297010e-03,1.132636e-02,9.980728e-03,2.559667e-02,1.613904e-03,7.527685e-02
1.443234e-01,1.033008e-01,4.603120e-03,1.886752e-01,1.441777e-03,5.665663e-03,9.100927e-04,1.593167e-03,4.377589e-01,4.034982e-03,8.441401e-03,7.179793e-03,1.899243e-02,1.442103e-03,7.163712e-02
1.012624e-01,8.798422e-02,3.289877e-03,1.335878e-01,1.123331e-03,4.136634e-03,6.496114e-04,1.128384e-03,5.836062e-01,2.919805e-03,6.771358e-03,5.136127e-03,1.438871e-02,1.196113e-03,5.281950e-02
7.106139e-02,8.856972e-02,3.189813e-03,1.296082e-01,8.491896e-04,3.041929e-03,4.600362e-04,8.076743e-04,6.272894e-01,2.565259e-03,5.055446e-03,3.755675e-03,1.052488e-02,1.046804e-03,5.217467e-02
6.666097e-02,6.763411e-02,5.849021e-03,1.106816e-01,4.192573e-03,6.294895e-03,5.372112e-04,1.162357e-03,6.485441e-01,4.739767e-03,4.839383e-03,3.264572e-03,1.067596e-02,1.646894e-03,6.327655e-02
7.822406e-02,5.737416e-02,1.275906e-02,1.280779e-01,5.536431e-03,7.277180e-03,6.115916e-04,1.959821e-03,5.937871e-01,6.966403e-03,4.671893e-03,2.779422e-03,9.702276e-03,1.850869e-03,8.842184e-02
6.167640e-02,4.508474e-02,1.519166e-02,1.103908e-01,4.016545e-03,5.617720e-03,4.501827e-04,1.479538e-03,4.465005e-01,8.066626e-03,7.205768e-03,3.343083e-03,1.024358e-02,5.128670e-03,2.756042e-01
6.242777e-02,4.076407e-02,1.270479e-02,1.120080e-01,3.325129e-03,4.611134e-03,4.693074e-04,1.487457e-03,4.190071e-01,7.735197e-03,1.731395e-02,2.293228e-02,1.449344e-02,1.327402e-02,2.674464e-01
4.849856e-02,3.051662e-02,1.091418e-02,8.066169e-02,2.549331e-03,3.506555e-03,3.403171e-04,1.051859e-03,3.144921e-01,6.027034e-03,2.046386e-02,1.649705e-02,1.078263e-02,6.171723e-02,3.919810e-01
5.391855e-02,2.346597e-02,9.427378e-03,5.945027e-02,2.502626e-03,3.117208e-03,3.213993e-04,8.518847e-04,2.553944e-01,6.242199e-03,2.303085e-02,1.515167e-02,1.158919e-02,9.011792e-02,4.454185e-01
9.367365e-02,1.872812e-02,7.986957e-03,4.453007e-02,3.115637e-03,5.229627e-03,3.486119e-04,7.436866e-04,2.046302e-01,6.315924e-03,2.051548e-02,1.283613e-02,1.306358e-02,1.440000e-01,4.242823e-01
1.101089e-01,1.600279e-02,6.310103e-03,3.212440e-02,2.786987e-03,7.082684e-03,3.001292e-04,8.428148e-04,1.583952e-01,7.684829e-03,2.073132e-02,1.088639e-02,1.215947e-02,2.191787e-01,3.954053e-01
1.313247e-01,1.269911e-02,1.066451e-02,2.535575e-02,5.761564e-03,1.223494e-02,1.019988e-03,2.232037e-03,1.254285e-01,3.883849e-02,2.227685e-02,1.075814e-02,2.064177e-02,2.640840e-01,3.166797e-01
9.452371e-02,9.937222e-03,2.946867e-02,2.061902e-02,5.889852e-03,1.210033e-02,1.184720e-03,2.343500e-03,1.068235e-01,1.558540e-01,2.080087e-02,9.392756e-03,2.044039e-02,2.561848e-01,2.544367e-01
6.941417e-02,1.110283e-02,3.108581e-02,1.528080e-02,5.011800e-03,1.055936e-02,1.566733e-03,2.794198e-03,1.066902e-01,2.718105e-01,1.819572e-02,6.976869e-03,1.594913e-02,2.025737e-01,2.309882e-01
5.756897e-02,1.216165e-02,2.744165e-02,1.157379e-02,4.498601e-03,1.704864e-02,2.955840e-03,4.472592e-03,9.200352e-02,3.601226e-01,1.781732e-02,5.669864e-03,1.475400e-02,1.695364e-01,2.023745e-01
7.266665e-02,2.279289e-02,4.303375e-02,2.495806e-02,1.149095e-02,5.105145e-02,5.640768e-03,1.087948e-02,1.125813e-01,2.861270e-01,1.925512e-02,5.107048e-03,1.297550e-02,1.310736e-01,1.903664e-01
5.247622e-02,2.054499e-02,1.529541e-01,1.163889e-01,2.312840e-02,3.821284e-02,4.348029e-03,8.125528e-03,1.221105e-01,2.032950e-01,1.473356e-02,4.071241e-03,1.109814e-02,9.186388e-02,1.366486e-01
5.070936e-02,2.193658e-02,1.589612e-01,1.508987e-01,3.486943e-02,4.695602e-02,3.728222e-03,7.530889e-03,1.282248e-01,1.466824e-01,2.197241e-02,1.335669e-02,4.082792e-02,6.712996e-02,1.062154e-01
4.311031e-02,3.007467e-02,1.964123e-01,1.898366e-01,4.431636e-02,3.774777e-02,3.371122e-03,6.313596e-03,1.425070e-01,1.048996e-01,1.945925e-02,2.016650e-02,3.402181e-02,4.732367e-02,8.043941e-02
6.769110e-02,4.872385e-02,1.708610e-01,1.773160e-01,6.946898e-02,3.570192e-02,4.604804e-03,5.489213e-03,1.798299e-01,7.491305e-02,1.797747e-02,1.940897e-02,2.896287e-02,3.349063e-02,6.556015e-02
5.112889e-02,5.466101e-02,2.313886e-01,2.549042e-01,6.399066e-02,2.612830e-02,3.656281e-03,4.196410e-03,1.339796e-01,5.304162e-02,1.302657e-02,1.426850e-02,2.127742e-02,2.348986e-02,5.086214e-02
9.587082e-02,4.388199e-02,2.139173e-01,2.796391e-01,6.899659e-02,2.078914e-02,3.202630e-03,2.961206e-02,1.122263e-01,3.771953e-02,1.320298e-02,1.060127e-02,1.691768e-02,1.661858e-02,3.680411e-02
1.047290e-01,4.058985e-02,1.847205e-01,2.562405e-01,7.685913e-02,1.565345e-02,3.189098e-03,1.135845e-01,1.068918e-01,2.676835e-02,1.181140e-02,7.642322e-03,1.314703e-02,1.179993e-02,2.637312e-02
1.024809e-01,2.879432e-02,1.350623e-01,1.906106e-01,6.094192e-02,1.145269e-02,3.162871e-03,3.210304e-01,7.647741e-02,1.883795e-02,9.139726e-03,5.488989e-03,9.639489e-03,8.295358e-03,1.858499e-02
7.760780e-02,2.035439e-02,9.661899e-02,1.375049e-01,4.789431e-02,8.311567e-03,2.659735e-03,5.053716e-01,5.399579e-02,1.321236e-02,6.734590e-03,3.880048e-03,6.963222e-03,5.830087e-03,1.306061e-02
5.947028e-02,1.428775e-02,6.794445e-02,9.652779e-02,3.683190e-02,6.530366e-03,3.253481e-03,6.423107e-01,3.783202e-02,9.258985e-03,4.748335e-03,2.734287e-03,5.020437e-03,4.086954e-03,9.162275e-03
4.470828e-02,1.007825e-02,4.777637e-02,6.772132e-02,2.794845e-02,5.084554e-03,3.102318e-03,7.421033e-01,2.653121e-02,6.496671e-03,3.408959e-03,1.971785e-03,3.750969e-03,2.880204e-03,6.437440e-03
3.290451e-02,7.102376e-03,3.351451e-02,4.750318e-02,2.086425e-02,3.897113e-03,2.732215e-03,8.149946e-01,1.863055e-02,4.552147e-03,2.465847e-03,1.462101e-03,2.820662e-03,2.025517e-03,4.530474e-03
2.630850e-02,4.999995e-03,2.359633e-02,3.349851e-02,1.512319e-02,3.777547e-03,2.864998e-03,8.638019e-01,1.308968e-02,3.194018e-03,1.796461e-03,1.177466e-03,2.146113e-03,1.427562e-03,3.197768e-03
2.532416e-02,3.528655e-03,1.670730e-02,2.373461e-02,1.109426e-02,3.808434e-03,3.210672e-03,8.937562e-01,9.209231e-03,2.245815e-03,1.372095e-03,1.026332e-03,1.698453e-03,1.010045e-03,2.273867e-03
2.589454e-02,2.512354e-03,1.185612e-02,1.686907e-02,8.407365e-03,3.512996e-03,2.861171e-03,9.142666e-01,6.490504e-03,1.605202e-03,1.043257e-03,9.238681e-04,1.345689e-03,7.189382e-04,1.692347e-03
3.836433e-02,2.025010e-03,9.003806e-03,1.295432e-02,9.194833e-03,6.351430e-03,3.155424e-03,9.060479e-01,4.996801e-03,1.379503e-03,1.103123e-03,1.656130e-03,1.552315e-03,5.716936e-04,1.643313e-03
4.483662e-02,1.670744e-03,6.986649e-03,1.113146e-02,1.011592e-02,7.257695e-03,2.709656e-03,9.035878e-01,3.934344e-03,1.151773e-03,1.158068e-03,1.889494e-03,1.630425e-03,4.531032e-04,1.486254e-03
7.048368e-02,1.870024e-03,5.814577e-03,1.308043e-02,9.251714e-03,2.237411e-02,2.424035e-03,8.407016e-01,9.687932e-03,1.316603e-03,3.628549e-03,9.168759e-03,4.886227e-03,9.303337e-04,4.381360e-03
6.601728e-02,3.510936e-03,4.913419e-03,1.495415e-02,8.177703e-03,4.217873e-02,2.041429e-03,6.290020e-01,1.372125e-01,2.111761e-03,1.815332e-02,1.980457e-02,3.467019e-02,3.512105e-03,1.373998e-02
4.635680e-02,2.891190e-03,3.565721e-03,3.864891e-02,5.840871e-03,2.971486e-02,1.467116e-03,4.408348e-01,3.549995e-01,1.701350e-03,1.484501e-02,1.475717e-02,3.148214e-02,2.518815e-03,1.037568e-02
3.310816e-02,2.193569e-03,2.674124e-03,4.647226e-02,5.807537e-03,2.246433e-02,1.458959e-03,3.094848e-01,2.591470e-01,1.287179e-03,2.032294e-02,2.430290e-02,2.605830e-01,2.262447e-03,8.430836e-03
2.373964e-02,1.741552e-03,2.302425e-03,3.847418e-02,6.504069e-03,1.646419e-02,1.309633e-03,2.172482e-01,1.906865e-01,1.020918e-03,2.616997e-02,3.582687e-02,4.294913e-01,2.011173e-03,7.009312e-03
1.777609e-02,1.607055e-03,2.149796e-03,2.847949e-02,7.522072e-03,1.346494e-02,1.520894e-03,1.523529e-01,1.394540e-01,1.013829e-03,2.196732e-02,1.518890e-01,4.526960e-01,2.082825e-03,6.023789e-03
1.286200e-02,1.462109e-03,1.704555e-03,2.009859e-02,6.382672e-03,9.922970e-03,1.305493e-03,1.067034e-01,9.965715e-02,8.975982e-04,1.664438e-02,2.080062e-01,5.064720e-01,2.961591e-03,4.919237e-03
9.096141e-03,1.167645e-03,1.622463e-03,1.409054e-02,5.285177e-03,7.164689e-03,1.067294e-03,7.472264e-02,7.004531e-02,9.654058e-04,1.269323e-02,2.271472e-01,5.685856e-01,2.753032e-03,3.593585e-03
6.557321e-03,1.301622e-03,1.393864e-03,9.890008e-03,5.204710e-03,5.232192e-03,1.466931e-03,5.237298e-02,4.976170e-02,2.779787e-03,1.111607e-02,3.790152e-01,4.682998e-01,3.004646e-03,2.603077e-03
4.838621e-03,2.287126e-03,1.374777e-03,6.935440e-03,5.139518e-03,4.767755e-03,1.368804e-03,3.670618e-02,3.575334e-02,3.617993e-03,8.943153e-03,4.274031e-01,4.562540e-01,2.679561e-03,1.930622e-03
4.001668e-03,5.139121e-03,2.278626e-03,4.903706e-03,5.302143e-03,4.878135e-03,1.425019e-03,2.600362e-02,3.164534e-02,1.738205e-02,3.472658e-02,4.912406e-01,3.673883e-01,2.257162e-03,1.427929e-03
3.101696e-03,4.346359e-03,1.833576e-03,3.453461e-03,6.502470e-03,4.465790e-03,1.116498e-03,1.836133e-02,2.696623e-02,2.742714e-02,3.097828e-02,5.963450e-01,2.722161e-01,1.846176e-03,1.039951e-03
2.860122e-03,3.616595e-03,1.395543e-03,2.485098e-03,2.062703e-02,4.557074e-03,1.006075e-03,1.319136e-02,3.560637e-02,2.512915e-02,2.578964e-02,6.691966e-01,1.924037e-01,1.394857e-03,7.408135e-04
2.549471e-03,2.766393e-03,1.088648e-03,1.813522e-03,4.936026e-02,3.481674e-03,9.600088e-04,9.626186e-03,5.884147e-02,2.771897e-02,2.443893e-02,6.798693e-01,1.358425e-01,1.107973e-03,5.347158e-04
3.342206e-03,2.938461e-03,1.053126e-03,1.409747e-03,6.070391e-02,2.779699e-03,8.656310e-04,7.943422e-03,1.030905e-01,3.322366e-02,3.399339e-02,6.508789e-01,9.626944e-02,1.099148e-03,4.087988e-04
3.353686e-03,2.309298e-03,8.348027e-04,1.083540e-03,5.439576e-02,2.423452e-03,7.382777e-04,6.124923e-03,9.135684e-02,2.874030e-02,4.414806e-02,6.953205e-01,6.791372e-02,9.607877e-04,2.960978e-04
5.534256e-03,3.068838e-03,9.964834e-04,9.936382e-04,7.011513e-02,4.575389e-03,8.551464e-04,7.914339e-03,1.079823e-01,2.894789e-02,4.427264e-02,6.754138e-01,4.820520e-02,8.973619e-04,2.276691e-04
7.963773e-03,3.807822e-03,1.276835e-03,8.035129e-04,8.169765e-02,1.022406e-02,1.016140e-03,8.104209e-03,1.014773e-01,2.956115e-02,6.784388e-02,6.498033e-01,3.462649e-02,1.562946e-03,2.308966e-04
9.891130e-03,4.280706e-03,1.954417e-03,7.075361e-04,1.154691e-01,2.548820e-02,1.104549e-03,7.771038e-03,1.031101e-01,2.702810e-02,6.422431e-02,6.114141e-01,2.560411e-02,1.699500e-03,2.530231e-04
1.328222e-02,6.026171e-03,2.282512e-03,6.485627e-04,1.167686e-01,2.945811e-02,1.143189e-03,1.192598e-02,1.228693e-01,2.232665e-02,6.420854e-02,5.870246e-01,1.939064e-02,2.414993e-03,2.299606e-04
1.627708e-02,8.707539e-03,3.729352e-03,9.685959e-04,1.218992e-01,3.273712e-02,1.682883e-03,3.528256e-02,1.913483e-01,1.727632e-02,5.461921e-02,4.965309e-01,1.621256e-02,2.512868e-03,2.154907e-04
1.749073e-02,1.462100e-02,3.982193e-03,8.691850e-04,1.104308e-01,6.783769e-02,2.536787e-03,4.593981e-02,2.816054e-01,1.335065e-02,4.247154e-02,3.838221e-01,1.237590e-02,2.421688e-03,2.445130e-04
1.617667e-02,1.599569e-02,3.203443e-03,8.976371e-04,8.342503e-02,1.550073e-01,2.260551e-03,4.210230e-02,3.348586e-01,1.065165e-02,3.238961e-02,2.912243e-01,9.465065e-03,1.883916e-03,4.582516e-04
1.526812e-02,1.411022e-02,3.049349e-03,9.925344e-04,7.521518e-02,2.394386e-01,2.824825e-03,3.890171e-02,3.607540e-01,7.882454e-03,2.393495e-02,2.085509e-01,6.854509e-03,1.492477e-03,7.301962e-04
1.621770e-02,1.228523e-02,3.554087e-03,1.469187e-03,7.154551e-02,3.062089e-01,4.571558e-03,4.578924e-02,3.598930e-01,5.707186e-03,1.738570e-02,1.481903e-01,5.241779e-03,1.110125e-03,8.305695e-04
1.619999e-02,1.344787e-02,4.416172e-03,2.722838e-03,7.629748e-02,3.224279e-01,5.610155e-03,6.678182e-02,3.637446e-01,4.848863e-03,1.259287e-02,1.041923e-01,3.954241e-03,8.592029e-04,1.903667e-03
1.992816e-02,2.107801e-02,4.893119e-03,3.499810e-03,8.130140e-02,3.257925e-01,6.299787e-03,9.056376e-02,3.520495e-01,4.270921e-03,9.625736e-03,7.426897e-02,2.991363e-03,8.862607e-04,2.550689e-03
2.959954e-02,2.286943e-02,7.059594e-03,5.132417e-03,1.145819e-01,3.096180e-01,7.593520e-03,1.009998e-01,3.295950e-01,3.471265e-03,7.352735e-03,5.407277e-02,2.525610e-03,9.626590e-04,4.565697e-03
4.653028e-02,2.567580e-02,5.647397e-03,6.298915e-03,1.795388e-01,2.650274e-01,7.655976e-03,1.042040e-01,3.063462e-01,2.487163e-03,5.482913e-03,3.856210e-02,1.997469e-03,1.047556e-03,3.498033e-03
9.261978e-02,3.463082e-02,4.913143e-03,1.200811e-02,1.947008e-01,2.296519e-01,6.640806e-03,1.007364e-01,2.820503e-01,2.021526e-03,4.354964e-03,2.760374e-02,2.328560e-03,1.221252e-03,4.517903e-03
8.249059e-02,5.625239e-02,6.572967e-03,1.443094e-01,1.776692e-01,1.618157e-01,4.954056e-03,9.972824e-02,2.253163e-01,2.129135e-03,3.715510e-03,2.073334e-02,2.461351e-03,9.526392e-04,1.089926e-02
1.108952e-01,7.876945e-02,2.621830e-02,1.673061e-01,1.592638e-01,1.157557e-01,3.797357e-03,8.827698e-02,1.991257e-01,4.482138e-03,3.757243e-03,1.621004e-02,2.679051e-03,8.919073e-04,2.257090e-02
1.111303e-01,6.635421e-02,7.979226e-02,2.118933e-01,1.302539e-01,8.362369e-02,3.363511e-03,1.031882e-01,1.735510e-01,3.274670e-03,3.023187e-03,1.163464e-02,2.111579e-03,6.590220e-04,1.614656e-02
1.636447e-01,4.985990e-02,7.344750e-02,1.678329e-01,9.807480e-02,6.120703e-02,2.961363e-02,1.913201e-01,1.362482e-01,2.506919e-03,2.567416e-03,8.368946e-03,2.854975e-03,5.321595e-04,1.192087e-02
1.611527e-01,3.701014e-02,5.846992e-02,1.201111e-01,7.054407e-02,4.418470e-02,5.439526e-02,3.323793e-01,1.003066e-01,1.863919e-03,2.055700e-03,5.987003e-03,2.513166e-03,3.919001e-04,8.634505e-03
1.816726e-01,2.685488e-02,4.679347e-02,8.468451e-02,5.086298e-02,3.355509e-02,8.607102e-02,3.993721e-01,7.328550e-02,1.477310e-03,1.695288e-03,4.513674e-03,2.317833e-03,3.623368e-04,6.481389e-03
1.758364e-01,1.947711e-02,3.794660e-02,6.035292e-02,3.869504e-02,3.022106e-02,1.824863e-01,3.862927e-01,5.250382e-02,1.348947e-03,1.451437e-03,3.740574e-03,4.097948e-03,3.568653e-04,5.192280e-03
2.104681e-01,1.494696e-02,3.062566e-02,4.280296e-02,2.988371e-02,3.886641e-02,2.521202e-01,3.221899e-01,3.832575e-02,1.509377e-03,1.604668e-03,4.238209e-03,6.668004e-03,5.207289e-04,5.229268e-03
2.088319e-01,1.261433e-02,2.645514e-02,3.120905e-02,2.584190e-02,4.778646e-02,3.339406e-01,2.411765e-01,2.871284e-02,4.419123e-03,2.849292e-03,6.994561e-03,2.048261e-02,8.665072e-04,7.819184e-03
1.723258e-01,1.078358e-02,2.129010e-02,2.360369e-02,2.354051e-02,5.525617e-02,4.434819e-01,1.751307e-01,2.097942e-02,4.790694e-03,3.635757e-03,5.946972e-03,3.018413e-02,9.284405e-04,8.122143e-03
1.695249e-01,9.652805e-03,1.847664e-02,1.874621e-02,3.048215e-02,5.811373e-02,4.999494e-01,1.288697e-01,1.519026e-02,6.618700e-03,3.420653e-03,4.791311e-03,2.478604e-02,1.247660e-03,1.012987e-02
1.664947e-01,8.307984e-03,1.615357e-02,1.542347e-02,3.681686e-02,5.290743e-02,5.267288e-01,9.987978e-02,1.122868e-02,2.282293e-02,3.026084e-03,3.754946e-03,2.194914e-02,1.585072e-03,1.292058e-02
1.539187e-01,1.263508e-02,2.341640e-02,2.674644e-02,5.951066e-02,6.396759e-02,3.917291e-01,7.244943e-02,9.222855e-03,1.376131e-01,6.344335e-03,7.166295e-03,1.775696e-02,2.811715e-03,1.471134e-02
1.668335e-01,3.120288e-02,7.699474e-02,6.663485e-02,5.782963e-02,5.390796e-02,2.763526e-01,5.265892e-02,1.022216e-02,1.359853e-01,1.682419e-02,1.937927e-02,1.663812e-02,3.047296e-03,1.548860e-02
1.177539e-01,5.216055e-02,9.726039e-02,5.570708e-02,4.529982e-02,4.726796e-02,1.948017e-01,3.703914e-02,1.350681e-02,2.287084e-01,2.543791e-02,1.940446e-02,1.770435e-02,1.412485e-02,3.382262e-02
8.326120e-02,4.114200e-02,7.244768e-02,4.142403e-02,3.329497e-02,3.659022e-02,1.367165e-01,2.617080e-02,3.832065e-02,2.448156e-01,4.198580e-02,5.568665e-02,5.342015e-02,1.603636e-02,7.868741e-02
5.919151e-02,3.765313e-02,6.814168e-02,3.320044e-02,2.417971e-02,5.561937e-02,9.694938e-02,1.834688e-02,1.061761e-01,2.138274e-01,3.287189e-02,1.192255e-01,3.925928e-02,1.721113e-02,7.814658e-02
4.191336e-02,2.716927e-02,4.964830e-02,2.607127e-02,2.068111e-02,4.998026e-02,7.134371e-02,1.299363e-02,7.804596e-02,1.535519e-01,3.264315e-02,3.354727e-01,2.842383e-02,1.444952e-02,5.761204e-02
2.977320e-02,1.952395e-02,3.530199e-02,1.868845e-02,1.665828e-02,3.620484e-02,5.008320e-02,9.158683e-03,5.589885e-02,1.081880e-01,6.033726e-02,4.885744e-01,2.023230e-02,1.083842e-02,4.053812e-02
2.092306e-02,1.376517e-02,2.488503e-02,1.318895e-02,1.263345e-02,2.558662e-02,3.508344e-02,6.476607e-03,4.014207e-02,7.588305e-02,1.455504e-01,5.350189e-01,1.440571e-02,8.046551e-03,2.841097e-02
1.477251e-02,9.778498e-03,1.761049e-02,9.319132e-03,1.060349e-02,1.807735e-02,2.458029e-02,4.603514e-03,2.860072e-02,5.401949e-02,1.354402e-01,6.357205e-01,1.025078e-02,6.684356e-03,1.993866e-02
1.037623e-02,6.953050e-03,1.238312e-02,6.568316e-03,7.754579e-03,1.269289e-02,1.720860e-02,3.243217e-03,2.053527e-02,3.798828e-02,1.629646e-01,6.745694e-01,7.313082e-03,5.474011e-03,1.397548e-02
7.276330e-03,5.290605e-03,8.754230e-03,4.620654e-03,6.085792e-03,8.900573e-03,1.205683e-02,2.289535e-03,1.528564e-02,2.675645e-02,2.549702e-01,6.275033e-01,5.542286e-03,4.871149e-03,9.796407e-03
5.105503e-03,8.708870e-03,6.352278e-03,3.257617e-03,4.435709e-03,6.245968e-03,8.442644e-03,1.673213e-03,2.003552e-02,1.881642e-02,4.249924e-01,4.763047e-01,4.080004e-03,4.679542e-03,6.869613e-03
3.624037e-03,1.318368e-02,5.047331e-03,2.398357e-03,3.711331e-03,4.491920e-03,5.931901e-03,1.546220e-03,2.538775e-02,1.351332e-02,5.450830e-01,3.633648e-01,3.114611e-03,4.771566e-03,4.830170e-03
2.548099e-03,9.510360e-03,3.555110e-03,1.695446e-03,2.662683e-03,3.179156e-03,4.158960e-03,1.153209e-03,2.878482e-02,9.487875e-03,6.667430e-01,2.563544e-01,2.243895e-03,4.532911e-03,3.390038e-03
1.832013e-03,7.766967e-03,2.552478e-03,1.238175e-03,2.772489e-03,2.427590e-03,2.942157e-03,9.353291e-04,6.485897e-02,6.761133e-03,7.167002e-01,1.804852e-01,1.619329e-03,4.698256e-03,2.409725e-03
1.304183e-03,5.981274e-03,1.820902e-03,9.096745e-04,2.191139e-03,1.750514e-03,2.064806e-03,7.428172e-04,8.425848e-02,4.779249e-03,7.571175e-01,1.265678e-01,1.152958e-03,7.641249e-03,1.717566e-03
1.006773e-03,4.440761e-03,1.313714e-03,7.184418e-04,1.971994e-03,1.385246e-03,1.457913e-03,7.851645e-04,8.175670e-02,3.449275e-03,7.932053e-01,8.866863e-02,8.377775e-04,1.774622e-02,1.256207e-03
8.901287e-04,6.024493e-03,1.020107e-03,7.295955e-04,1.798164e-03,1.114235e-03,1.034149e-03,1.381681e-03,9.641564e-02,2.494182e-03,8.048410e-01,6.212800e-02,6.001876e-04,1.862130e-02,9.071587e-04
4.017452e-03,1.498879e-02,3.840076e-03,5.656581e-03,6.570057e-03,2.411653e-03,7.667879e-04,5.697476e-03,1.854371e-01,2.643949e-03,6.926424e-01,4.360903e-02,5.438002e-04,2.693461e-02,4.240310e-03
6.811877e-03,2.463946e-02,3.511610e-03,4.958006e-03,9.383081e-03,2.225520e-03,5.620518e-04,4.906290e-03,3.052686e-01,2.499114e-03,5.592239e-01,3.063069e-02,4.557841e-04,3.594203e-02,8.982012e-03
1.463239e-02,3.599851e-02,6.389508e-03,7.833144e-03,1.565205e-02,3.277143e-03,4.408931e-04,6.138091e-03,3.411638e-01,2.118390e-03,4.711902e-01,2.156417e-02,4.632415e-04,6.126434e-02,1.187410e-02
2.863564e-02,2.913992e-02,1.499607e-02,2.007619e-02,1.843013e-02,4.391038e-03,4.204743e-04,9.476455e-03,3.112961e-01,2.744243e-03,4.052981e-01,1.538278e-02,6.971414e-04,5.808301e-02,8.093277e-02
4.530694e-02,2.298659e-02,5.648607e-02,6.364171e-02,2.778762e-02,4.700457e-03,3.528684e-04,1.530389e-02,2.771441e-01,3.209482e-03,3.166086e-01,1.101882e-02,7.760135e-04,5.371404e-02,1.009628e-01
5.549401e-02,2.160603e-02,9.610648e-02,1.175400e-01,4.294953e-02,6.252125e-03,3.509303e-04,1.934128e-02,2.624585e-01,3.200183e-03,2.254252e-01,8.060639e-03,1.027812e-03,4.351577e-02,9.667142e-02
8.678497e-02,1.885730e-02,9.174683e-02,1.079302e-01,4.391649e-02,7.507612e-03,4.277166e-04,2.043176e-02,2.980396e-01,3.418395e-03,1.610236e-01,6.244951e-03,1.303546e-03,3.590715e-02,1.164599e-01
1.294708e-01,3.516160e-02,1.050630e-01,1.184603e-01,4.263051e-02,4.518180e-02,4.665786e-04,1.818094e-02,2.510249e-01,2.729324e-03,1.266882e-01,4.820391e-03,1.595921e-03,3.163144e-02,8.689423e-02
1.647175e-01,6.212004e-02,1.126522e-01,1.467354e-01,3.670916e-02,5.268864e-02,4.525861e-04,1.488678e-02,1.972276e-01,2.317459e-03,9.209297e-02,3.710470e-03,2.552268e-03,4.691789e-02,6.421896e-02
1.623783e-01,7.803436e-02,1.229923e-01,1.980065e-01,3.985172e-02,4.420898e-02,8.031332e-04,1.594909e-02,1.501922e-01,1.947736e-03,6.566374e-02,3.439778e-03,3.144743e-03,3.861669e-02,7.477073e-02
1.966586e-01,6.969041e-02,1.506909e-01,2.282965e-01,3.331396e-02,3.368251e-02,1.137718e-03,1.389083e-02,1.145033e-01,1.794572e-03,4.790044e-02,4.391850e-03,3.193917e-03,2.887898e-02,7.197544e-02
2.571501e-01,7.801698e-02,1.517139e-01,2.191433e-01,3.020754e-02,2.913451e-02,1.471558e-03,1.166009e-02,8.900864e-02,1.765540e-03,3.622404e-02,5.067862e-03,3.267019e-03,2.253407e-02,6.363484e-02
2.947316e-01,5.796444e-02,2.028584e-01,2.089221e-01,2.208383e-02,2.286141e-02,1.697473e-03,9.059374e-03,6.594098e-02,1.965192e-03,2.719046e-02,5.690486e-03,2.888788e-03,1.777756e-02,5.836795e-02
3.337846e-01,4.348952e-02,1.976715e-01,2.379123e-01,1.807615e-02,1.748925e-02,1.826100e-03,8.415096e-03,5.008372e-02,2.114311e-03,2.014527e-02,5.153466e-03,2.509934e-03,1.494408e-02,4.638478e-02
2.853963e-01,3.806988e-02,2.244908e-01,1.782748e-01,1.371534e-02,1.626535e-02,1.521607e-03,6.630101e-03,4.311732e-02,3.400031e-03,1.776739e-02,5.132455e-03,2.144260e-03,1.029920e-01,6.108233e-02
2.662764e-01,3.285252e-02,2.833328e-01,1.617194e-01,1.542804e-02,1.851152e-02,1.467279e-03,8.545673e-03,3.565978e-02,3.252601e-03,1.587179e-02,7.429149e-03,2.712759e-03,8.113684e-02,6.580346e-02
2.728967e-01,2.907003e-02,2.841012e-01,1.376929e-01,1.356104e-02,2.143945e-02,1.644607e-03,8.515010e-03,3.246571e-02,5.460307e-03,1.367856e-02,1.020168e-02,3.709141e-03,7.150595e-02,9.405769e-02
1.919349e-01,2.074336e-02,2.087818e-01,9.671716e-02,9.532846e-03,1.519370e-02,1.159554e-03,5.965239e-03,2.887565e-02,6.763908e-03,1.012270e-02,7.201932e-03,2.639483e-03,1.867032e-01,2.076645e-01
1.348009e-01,1.469606e-02,1.469522e-01,6.777967e-02,6.782171e-03,1.072870e-02,8.401230e-04,4.181573e-03,5.742163e-02,7.956237e-03,7.628405e-03,5.323013e-03,2.088819e-03,2.965943e-01,2.362263e-01
9.500770e-02,1.042628e-02,1.032974e-01,4.751951e-02,4.884909e-03,7.577177e-03,6.401782e-04,2.940785e-03,6.273632e-02,1.467000e-02,6.980958e-03,4.202284e-03,1.616061e-03,3.851618e-01,2.523386e-01
6.859733e-02,7.754738e-03,7.367074e-02,3.380968e-02,3.592917e-03,5.392077e-03,5.237451e-04,2.073309e-03,5.290633e-02,1.771441e-02,6.030952e-03,4.568890e-03,1.721679e-03,5.083994e-01,2.132438e-01
4.868511e-02,5.608150e-03,5.221532e-02,2.374279e-02,2.548290e-03,3.825324e-03,3.813727e-04,1.454832e-03,3.972522e-02,1.613310e-02,4.596502e-03,3.378403e-03,1.309313e-03,6.275576e-01,1.688387e-01
3.418422e-02,3.983241e-03,3.657516e-02,1.664136e-02,1.799088e-03,2.700516e-03,2.825566e-04,1.019643e-03,2.895688e-02,1.386913e-02,3.804441e-03,2.462761e-03,9.669929e-04,7.283936e-01,1.243605e-01
2.398876e-02,2.865481e-03,2.560936e-02,1.166215e-02,1.262705e-03,1.905905e-03,2.058882e-04,7.145510e-04,2.176129e-02,1.124822e-02,3.775614e-03,2.136978e-03,8.036332e-04,8.004493e-01,9.161017e-02
1.680155e-02,2.039522e-03,1.793657e-02,8.164315e-03,8.871478e-04,1.337642e-03,1.456384e-04,5.003644e-04,1.582289e-02,1.191762e-02,3.081227e-03,1.547727e-03,5.787766e-04,8.523846e-01,6.685438e-02
1.189195e-02,1.516105e-03,1.261446e-02,5.723700e-03,6.399223e-04,1.036631e-03,1.115007e-04,3.554008e-04,1.293056e-02,2.057102e-02,4.955592e-03,1.175661e-03,4.617547e-04,8.734358e-01,5.257992e-02
8.396721e-03,1.098740e-03,8.859373e-03,4.014159e-03,4.686752e-04,7.540365e-04,8.454934e-05,2.503133e-04,1.284196e-02,2.884365e-02,4.197089e-03,8.708416e-04,3.571512e-04,8.851074e-01,4.385538e-02
6.047173e-03,8.863284e-04,6.236570e-03,2.820437e-03,3.601665e-04,5.811151e-04,7.223820e-05,1.785511e-04,5.229645e-02,5.612544e-02,6.688943e-03,7.240491e-04,2.961954e-04,8.206318e-01,4.605453e-02
4.481809e-03,6.537918e-04,4.404726e-03,1.982100e-03,2.828743e-04,5.777042e-04,5.878068e-05,1.289749e-04,5.106046e-02,6.939171e-02,1.025492e-02,5.664423e-04,2.582101e-04,8.172770e-01,3.862054e-02
3.488803e-03,5.546471e-04,3.131699e-03,1.400404e-03,2.454289e-04,5.374243e-04,5.210375e-05,9.768080e-05,5.977980e-02,7.290319e-02,1.647507e-02,5.160983e-04,2.524860e-04,8.015995e-01,3.896565e-02
2.729403e-03,4.583614e-04,2.275658e-03,9.858313e-04,2.258838e-04,7.519919e-04,4.428346e-05,9.096743e-05,4.685137e-02,1.037117e-01,2.167583e-02,3.978586e-04,2.347499e-04,7.865912e-01,3.297490e-02
2.731880e-03,4.121099e-04,1.682341e-03,7.732083e-04,4.134591e-04,7.389996e-04,5.260378e-05,1.742902e-04,7.291327e-02,1.261664e-01,3.154130e-02,3.845869e-04,3.123333e-04,7.196513e-01,4.205189e-02
3.600150e-03,9.756917e-04,1.555279e-03,6.772771e-04,7.357602e-04,6.905835e-03,9.254057e-05,3.045738e-04,1.009252e-01,1.259247e-01,5.845406e-02,5.908048e-04,6.350781e-04,6.633754e-01,3.524763e-02
4.396491e-03,1.315965e-03,1.291174e-03,1.329074e-03,1.750938e-03,1.359539e-02,2.891085e-04,8.096161e-04,1.112470e-01,1.850718e-01,8.534347e-02,2.383975e-03,6.219494e-03,5.498281e-01,3.512846e-02
7.063724e-03,3.166663e-03,1.294368e-03,2.403473e-03,8.344200e-03,1.801397e-02,4.045964e-04,1.264024e-03,1.497697e-01,1.876019e-01,1.280393e-01,3.653288e-03,9.983843e-03,4.500728e-01,2.892416e-02
6.179088e-03,6.599900e-03,5.601706e-03,5.092801e-03,3.960039e-02,2.425100e-02,1.868498e-03,1.524135e-02,2.404969e-01,1.835086e-01,1.092141e-01,3.496309e-03,9.033378e-03,3.266904e-01,2.312556e-02
5.780089e-03,1.088472e-02,1.569850e-02,8.466143e-03,3.738549e-02,3.147684e-02,2.222245e-03,2.374478e-02,2.817863e-01,2.123074e-01,9.370324e-02,3.505395e-03,8.398199e-03,2.433523e-01,2.128828e-02
5.049134e-03,1.474714e-02,1.278078e-02,9.926233e-03,2.762037e-02,2.988043e-02,1.634460e-03,1.846331e-02,3.868757e-01,2.130100e-01,6.852588e-02,3.006790e-03,7.055748e-03,1.778059e-01,2.361816e-02
5.223754e-03,2.565311e-02,1.209956e-02,1.256502e-02,2.024312e-02,2.360210e-02,1.177221e-03,1.386308e-02,4.844136e-01,1.636277e-01,5.710869e-02,3.430027e-03,9.064343e-03,1.303484e-01,3.758034e-02
9.168573e-03,3.174611e-02,1.888259e-02,1.312634e-02,2.100042e-02,2.394063e-02,9.654237e-04,1.415827e-02,4.897971e-01,1.350862e-01,6.014271e-02,4.884222e-03,1.346143e-02,1.058051e-01,5.783486e-02
1.176444e-02,2.875675e-02,1.457634e-02,1.080760e-02,1.798989e-02,3.712552e-02,7.518091e-04,1.225355e-02,4.602476e-01,1.444796e-01,4.849576e-02,4.132932e-03,1.142032e-02,8.576786e-02,1.114300e-01
1.810098e-02,3.022531e-02,1.227710e-02,9.083623e-03,1.932355e-02,5.089972e-02,6.443242e-04,1.620515e-02,4.471010e-01,1.411459e-01,4.306979e-02,3.855667e-03,1.118964e-02,8.448106e-02,1.123972e-01
1.929333e-02,5.651624e-02,9.948097e-03,1.385626e-02,1.449669e-02,3.761616e-02,5.127440e-04,1.212673e-02,5.021150e-01,1.187190e-01,3.512084e-02,3.527290e-03,1.029909e-02,6.048714e-02,1.053654e-01
1.365582e-02,4.139888e-02,7.432037e-03,1.040416e-02,1.019709e-02,2.644836e-02,3.955739e-04,8.559063e-03,5.827786e-01,8.842464e-02,4.405856e-02,7.393730e-03,1.172175e-02,4.796181e-02,9.916995e-02
9.972958e-03,2.961126e-02,6.052196e-03,7.991219e-03,7.389941e-03,1.884035e-02,3.794018e-04,6.138011e-03,5.823863e-01,6.766449e-02,8.372322e-02,1.185815e-02,1.298357e-02,5.979016e-02,9.521876e-02
7.048551e-03,2.088907e-02,4.499247e-03,5.887649e-03,7.091281e-03,1.357331e-02,2.885435e-04,4.364010e-03,4.221402e-01,4.759830e-02,7.608940e-02,1.141083e-02,1.132660e-02,2.967829e-01,7.101011e-02
4.950943e-03,1.531721e-02,3.614861e-03,4.198336e-03,9.264888e-03,1.204205e-02,2.223832e-04,3.086664e-03,3.031358e-01,3.349480e-02,6.529693e-02,9.254816e-03,9.313197e-03,4.744555e-01,5.235163e-02
3.496530e-03,1.245562e-02,3.078261e-03,3.014740e-03,7.010856e-03,1.700561e-02,1.623701e-04,2.182436e-03,2.214894e-01,2.366861e-02,8.115342e-02,6.721905e-03,6.754121e-03,5.732371e-01,3.856905e-02
2.511422e-03,1.134231e-02,3.410181e-03,2.259641e-03,5.208025e-03,2.664671e-02,1.171324e-04,1.542171e-03,1.721149e-01,1.684914e-02,8.409589e-02,4.854341e-03,4.892435e-03,6.346166e-01,2.953916e-02
1.810693e-03,9.200476e-03,3.061677e-03,1.828563e-03,3.796934e-03,2.349627e-02,9.558344e-05,1.102741e-03,1.402133e-01,1.246240e-02,8.883304e-02,3.604863e-03,3.673459e-03,6.843662e-01,2.245374e-02
1.308812e-03,1.001306e-02,2.842250e-03,1.320236e-03,2.697703e-03,3.137563e-02,7.806777e-05,7.830526e-04,1.698153e-01,9.060062e-03,7.740124e-02,3.203062e-03,2.763195e-03,6.698787e-01,1.745958e-02
9.614837e-04,9.335522e-03,2.357548e-03,9.719121e-04,1.921023e-03,2.978971e-02,6.348772e-05,5.508158e-04,1.844182e-01,6.713441e-03,6.148319e-02,2.487412e-03,2.040674e-03,6.837500e-01,1.315560e-02
