1.000000e+00,0.000000e+00,0.000000e+00,0.000000e+00,0.000000e+00,0.000000e+00,0.000000e+00,0.000000e+00,0.000000e+00,0.000000e+00,0.000000e+00,0.000000e+00,0.000000e+00,0.000000e+00,0.000000e+00
1.000000e+00,0.000000e+00,0.000000e+00,0.000000e+00,0.000000e+00,0.000000e+00,0.000000e+00,0.000000e+00,0.000000e+00,0.000000e+00,0.000000e+00,0.000000e+00,0.000000e+00,0.000000e+00,0.000000e+00
1.000000e+00,0.000000e+00,0.000000e+00,0.000000e+00,0.000000e+00,0.000000e+00,0.000000e+00,0.000000e+00,0.000000e+00,0.000000e+00,0.000000e+00,0.000000e+00,0.000000e+00,0.000000e+00,0.000000e+00
1.000000e+00,0.000000e+00,0.000000e+00,0.000000e+00,0.000000e+00,0.000000e+00,0.000000e+00,0.000000e+00,0.000000e+00,0.000000e+00,0.000000e+00,0.000000e+00,0.000000e+00,0.000000e+00,0.000000e+00
1.000000e+00,0.000000e+00,0.000000e+00,0.000000e+00,0.000000e+00,0.000000e+00,0.000000e+00,0.000000e+00,0.000000e+00,0.000000e+00,0.000000e+00,0.000000e+00,0.000000e+00,0.000000e+00,0.000000e+00
1.000000e+00,0.000000e+00,0.000000e+00,0.000000e+00,0.000000e+00,0.000000e+00,0.000000e+00,0.000000e+00,0.000000e+00,0.000000e+00,0.000000e+00,0.000000e+00,0.000000e+00,0.000000e+00,0.000000e+00
1.000000e+00,0.000000e+00,0.000000e+00,0.000000e+00,0.000000e+00,0.000000e+00,0.000000e+00,0.000000e+00,0.000000e+00,0.000000e+00,0.000000e+00,0.000000e+00,0.000000e+00,0.000000e+00,0.000000e+00
1.000000e+00,0.000000e+00,0.000000e+00,0.000000e+00,0.000000e+00,0.000000e+00,0.000000e+00,0.000000e+00,0.000000e+00,0.000000e+00,0.000000e+00,0.000000e+00,0.000000e+00,0.000000e+00,0.000000e+00
1.000000e+00,0.000000e+00,0.000000e+00,0.000000e+00,0.000000e+00,0.000000e+00,0.000000e+00,0.000000e+00,0.000000e+00,0.000000e+00,0.000000e+00,0.000000e+00,0.000000e+00,0.000000e+00,0.000000e+00
1.000000e+00,0.000000e+00,0.000000e+00,0.000000e+00,0.000000e+00,0.000000e+00,0.000000e+00,0.000000e+00,0.000000e+00,0.000000e+00,0.000000e+00,0.000000e+00,0.000000e+00,0.000000e+00,0.000000e+00
1.000000e+00,0.000000e+00,0.000000e+00,0.000000e+00,0.000000e+00,0.000000e+00,0.000000e+00,0.000000e+00,0.000000e+00,0.000000e+00,0.000000e+00,0.000000e+00,0.000000e+00,0.000000e+00,0.000000e+00
1.000000e+00,0.000000e+00,0.000000e+00,0.000000e+00,0.000000e+00,0.000000e+00,0.000000e+00,0.000000e+00,0.000000e+00,0.000000e+00,0.000000e+00,0.000000e+00,0.000000e+00,0.000000e+00,0.000000e+00
1.000000e+00,0.000000e+00,0.000000e+00,0.000000e+00,0.000000e+00,0.000000e+00,0.000000e+00,0.000000e+00,0.000000e+00,0.000000e+00,0.000000e+00,0.000000e+00,0.000000e+00,0.000000e+00,0.000000e+00
1.000000e+00,0.000000e+00,0.000000e+00,0.000000e+00,0.000000e+00,0.000000e+00,0.000000e+00,0.000000e+00,0.000000e+00,0.000000e+00,0.000000e+00,0.000000e+00,0.000000e+00,0.000000e+00,0.000000e+00
1.000000e+00,0.000000e+00,0.000000e+00,0.000000e+00,0.000000e+00,0.000000e+00,0.000000e+00,0.000000e+00,0.000000e+00,0.000000e+00,0.000000e+00,0.000000e+00,0.000000e+00,0.000000e+00,0.000000e+00
1.000000e+00,0.000000e+00,0.000000e+00,0.000000e+00,0.000000e+00,0.000000e+00,0.000000e+00,0.000000e+00,0.000000e+00,0.000000e+00,0.000000e+00,0.000000e+00,0.000000e+00,0.000000e+00,0.000000e+00
1.000000e+00,0.000000e+00,0.000000e+00,0.000000e+00,0.000000e+00,0.000000e+00,0.000000e+00,0.000000e+00,0.000000e+00,0.000000e+00,0.000000e+00,0.000000e+00,0.000000e+00,0.000000e+00,0.000000e+00
1.000000e+00,0.000000e+00,0.000000e+00,0.000000e+00,0.000000e+00,0.000000e+00,0.000000e+00,0.000000e+00,0.000000e+00,0.000000e+00,0.000000e+00,0.000000e+00,0.000000e+00,0.000000e+00,0.000000e+00
1.000000e+00,0.000000e+00,0.000000e+00,0.000000e+00,0.000000e+00,0.000000e+00,0.000000e+00,0.000000e+00,0.000000e+00,0.000000e+00,0.000000e+00,0.000000e+00,0.000000e+00,0.000000e+00,0.000000e+00
1.000000e+00,0.000000e+00,0.000000e+00,0.000000e+00,0.000000e+00,0.000000e+00,0.000000e+00,0.000000e+00,0.000000e+00,0.000000e+00,0.000000e+00,0.000000e+00,0.000000e+00,0.000000e+00,0.000000e+00
1.000000e+00,0.000000e+00,0.000000e+00,0.000000e+00,0.000000e+00,0.000000e+00,0.000000e+00,0.000000e+00,0.000000e+00,0.000000e+00,0.000000e+00,0.000000e+00,0.000000e+00,0.000000e+00,0.000000e+00
1.000000e+00,0.000000e+00,0.000000e+00,0.000000e+00,0.000000e+00,0.000000e+00,0.000000e+00,0.000000e+00,0.000000e+00,0.000000e+00,0.000000e+00,0.000000e+00,0.000000e+00,0.000000e+00,0.000000e+00
1.000000e+00,0.000000e+00,0.000000e+00,0.000000e+00,0.000000e+00,0.000000e+00,0.000000e+00,0.000000e+00,0.000000e+00,0.000000e+00,0.000000e+00,0.000000e+00,0.000000e+00,0.000000e+00,0.000000e+00
1.000000e+00,0.000000e+00,0.000000e+00,0.000000e+00,0.000000e+00,0.000000e+00,0.000000e+00,0.000000e+00,0.000000e+00,0.000000e+00,0.000000e+00,0.000000e+00,0.000000e+00,0.000000e+00,0.000000e+00
1.000000e+00,0.000000e+00,0.000000e+00,0.000000e+00,0.000000e+00,0.000000e+00,0.000000e+00,0.000000e+00,0.000000e+00,0.000000e+00,0.000000e+00,0.000000e+00,0.000000e+00,0.000000e+00,0.000000e+00
1.000000e+00,0.000000e+00,0.000000e+00,0.000000e+00,0.000000e+00,0.000000e+00,0.000000e+00,0.000000e+00,0.000000e+00,0.000000e+00,0.000000e+00,0.000000e+00,0.000000e+00,0.000000e+00,0.000000e+00
1.000000e+00,0.000000e+00,0.000000e+00,0.000000e+00,0.000000e+00,0.000000e+00,0.000000e+00,0.000000e+00,0.000000e+00,0.000000e+00,0.000000e+00,0.000000e+00,0.000000e+00,0.000000e+00,0.000000e+00
1.000000e+00,0.000000e+00,0.000000e+00,0.000000e+00,0.000000e+00,0.000000e+00,0.000000e+00,0.000000e+00,0.000000e+00,0.000000e+00,0.000000e+00,0.000000e+00,0.000000e+00,0.000000e+00,0.000000e+00
1.000000e+00,0.000000e+00,0.000000e+00,0.000000e+00,0.000000e+00,0.000000e+00,0.000000e+00,0.000000e+00,0.000000e+00,0.000000e+00,0.000000e+00,0.000000e+00,0.000000e+00,0.000000e+00,0.000000e+00
1.000000e+00,0.000000e+00,0.000000e+00,0.000000e+00,0.000000e+00,0.000000e+00,0.000000e+00,0.000000e+00,0.000000e+00,0.000000e+00,0.000000e+00,0.000000e+00,0.000000e+00,0.000000e+00,0.000000e+00
1.000000e+00,0.000000e+00,0.000000e+00,0.000000e+00,0.000000e+00,0.000000e+00,0.000000e+00,0.000000e+00,0.000000e+00,0.000000e+00,0.000000e+00,0.000000e+00,0.000000e+00,0.000000e+00,0.000000e+00
1.000000e+00,0.000000e+00,0.000000e+00,0.000000e+00,0.000000e+00,0.000000e+00,0.000000e+00,0.000000e+00,0.000000e+00,0.000000e+00,0.000000e+00,0.000000e+00,0.000000e+00,0.000000e+00,0.000000e+00
1.000000e+00,0.000000e+00,0.000000e+00,0.000000e+00,0.000000e+00,0.000000e+00,0.000000e+00,0.000000e+00,0.000000e+00,0.000000e+00,0.000000e+00,0.000000e+00,0.000000e+00,0.000000e+00,0.000000e+00
1.000000e+00,0.000000e+00,0.000000e+00,0.000000e+00,0.000000e+00,0.000000e+00,0.000000e+00,0.000000e+00,0.000000e+00,0.000000e+00,0.000000e+00,0.000000e+00,0.000000e+00,0.000000e+00,0.000000e+00
1.000000e+00,0.000000e+00,0.000000e+00,0.000000e+00,0.000000e+00,0.000000e+00,0.000000e+00,0.000000e+00,0.000000e+00,0.000000e+00,0.000000e+00,0.000000e+00,0.000000e+00,0.000000e+00,0.000000e+00
1.000000e+00,0.000000e+00,0.000000e+00,0.000000e+00,0.000000e+00,0.000000e+00,0.000000e+00,0.000000e+00,0.000000e+00,0.000000e+00,0.000000e+00,0.000000e+00,0.000000e+00,0.000000e+00,0.000000e+00
1.000000e+00,0.000000e+00,0.000000e+00,0.000000e+00,0.000000e+00,0.000000e+00,0.000000e+00,0.000000e+00,0.000000e+00,0.000000e+00,0.000000e+00,0.000000e+00,0.000000e+00,0.000000e+00,0.000000e+00
1.000000e+00,0.000000e+00,0.000000e+00,0.000000e+00,0.000000e+00,0.000000e+00,0.000000e+00,0.000000e+00,0.000000e+00,0.000000e+00,0.000000e+00,0.000000e+00,0.000000e+00,0.000000e+00,0.000000e+00
1.000000e+00,0.000000e+00,0.000000e+00,0.000000e+00,0.000000e+00,0.000000e+00,0.000000e+00,0.000000e+00,0.000000e+00,0.000000e+00,0.000000e+00,0.000000e+00,0.000000e+00,0.000000e+00,0.000000e+00
1.000000e+00,0.000000e+00,0.000000e+00,0.000000e+00,0.000000e+00,0.000000e+00,0.000000e+00,0.000000e+00,0.000000e+00,0.000000e+00,0.000000e+00,0.000000e+00,0.000000e+00,0.000000e+00,0.000000e+00
1.000000e+00,0.000000e+00,0.000000e+00,0.000000e+00,0.000000e+00,0.000000e+00,0.000000e+00,0.000000e+00,0.000000e+00,0.000000e+00,0.000000e+00,0.000000e+00,0.000000e+00,0.000000e+00,0.000000e+00
1.000000e+00,0.000000e+00,0.000000e+00,0.000000e+00,0.000000e+00,0.000000e+00,0.000000e+00,0.000000e+00,0.000000e+00,0.000000e+00,0.000000e+00,0.000000e+00,0.000000e+00,0.000000e+00,0.000000e+00
1.000000e+00,0.000000e+00,0.000000e+00,0.000000e+00,0.000000e+00,0.000000e+00,0.000000e+00,0.000000e+00,0.000000e+00,0.000000e+00,0.000000e+00,0.000000e+00,0.000000e+00,0.000000e+00,0.000000e+00
1.000000e+00,0.000000e+00,0.000000e+00,0.000000e+00,0.000000e+00,0.000000e+00,0.000000e+00,0.000000e+00,0.000000e+00,0.000000e+00,0.000000e+00,0.000000e+00,0.000000e+00,0.000000e+00,0.000000e+00
1.000000e+00,0.000000e+00,0.000000e+00,0.000000e+00,0.000000e+00,0.000000e+00,0.000000e+00,0.000000e+00,0.000000e+00,0.000000e+00,0.000000e+00,0.000000e+00,0.000000e+00,0.000000e+00,0.000000e+00
1.000000e+00,0.000000e+00,0.000000e+00,0.000000e+00,0.000000e+00,0.000000e+00,0.000000e+00,0.000000e+00,0.000000e+00,0.000000e+00,0.000000e+00,0.000000e+00,0.000000e+00,0.000000e+00,0.000000e+00
1.000000e+00,0.000000e+00,0.000000e+00,0.000000e+00,0.000000e+00,0.000000e+00,0.000000e+00,0.000000e+00,0.000000e+00,0.000000e+00,0.000000e+00,0.000000e+00,0.000000e+00,0.000000e+00,0.000000e+00
1.000000e+00,0.000000e+00,0.000000e+00,0.000000e+00,0.000000e+00,0.000000e+00,0.000000e+00,0.000000e+00,0.000000e+00,0.000000e+00,0.000000e+00,0.000000e+00,0.000000e+00,0.000000e+00,0.000000e+00
1.000000e+00,0.000000e+00,0.000000e+00,0.000000e+00,0.000000e+00,0.000000e+00,0.000000e+00,0.000000e+00,0.000000e+00,0.000000e+00,0.000000e+00,0.000000e+00,0.000000e+00,0.000000e+00,0.000000e+00
1.000000e+00,0.000000e+00,0.000000e+00,0.000000e+00,0.000000e+00,0.000000e+00,0.000000e+00,0.000000e+00,0.000000e+00,0.000000e+00,0.000000e+00,0.000000e+00,0.000000e+00,0.000000e+00,0.000000e+00
1.000000e+00,0.000000e+00,0.000000e+00,0.000000e+00,0.000000e+00,0.000000e+00,0.000000e+00,0.000000e+00,0.000000e+00,0.000000e+00,0.000000e+00,0.000000e+00,0.000000e+00,0.000000e+00,0.000000e+00
1.000000e+00,0.000000e+00,0.000000e+00,0.000000e+00,0.000000e+00,0.000000e+00,0.000000e+00,0.000000e+00,0.000000e+00,0.000000e+00,0.000000e+00,0.000000e+00,0.000000e+00,0.000000e+00,0.000000e+00
1.000000e+00,0.000000e+00,0.000000e+00,0.000000e+00,0.000000e+00,0.000000e+00,0.000000e+00,0.000000e+00,0.000000e+00,0.000000e+00,0.000000e+00,0.000000e+00,0.000000e+00,0.000000e+00,0.000000e+00
1.000000e+00,0.000000e+00,0.000000e+00,0.000000e+00,0.000000e+00,0.000000e+00,0.000000e+00,0.000000e+00,0.000000e+00,0.000000e+00,0.000000e+00,0.000000e+00,0.000000e+00,0.000000e+00,0.000000e+00
1.000000e+00,0.000000e+00,0.000000e+00,0.000000e+00,0.000000e+00,0.000000e+00,0.000000e+00,0.000000e+00,0.000000e+00,0.000000e+00,0.000000e+00,0.000000e+00,0.000000e+00,0.000000e+00,0.000000e+00
1.000000e+00,0.000000e+00,0.000000e+00,0.000000e+00,0.000000e+00,0.000000e+00,0.000000e+00,0.000000e+00,0.000000e+00,0.000000e+00,0.000000e+00,0.000000e+00,0.000000e+00,0.000000e+00,0.000000e+00
1.000000e+00,0.000000e+00,0.000000e+00,0.000000e+00,0.000000e+00,0.000000e+00,0.000000e+00,0.000000e+00,0.000000e+00,0.000000e+00,0.000000e+00,0.000000e+00,0.000000e+00,0.000000e+00,0.000000e+00
1.000000e+00,0.000000e+00,0.000000e+00,0.000000e+00,0.000000e+00,0.000000e+00,0.000000e+00,0.000000e+00,0.000000e+00,0.000000e+00,0.000000e+00,0.000000e+00,0.000000e+00,0.000000e+00,0.000000e+00
4.560785e-01,4.036666e-02,2.443433e-02,1.542440e-01,7.485656e-03,2.234326e-02,2.463698e-03,7.917110e-03,3.267526e-02,9.539515e-03,1.765619e-02,2.184214e-02,2.168849e-02,2.384643e-02,1.574188e-01
3.584664e-01,3.256917e-02,1.909126e-02,1.121260e-01,5.702940e-03,1.818928e-02,1.805262e-03,5.766711e-03,4.403030e-02,1.041525e-02,1.454481e-02,1.658282e-02,1.847367e-02,6.768810e-02,2.745480e-01
2.688441e-01,2.460138e-02,1.687004e-02,8.264506e-02,4.713075e-03,1.437168e-02,1.515669e-03,4.345414e-03,5.112933e-02,1.338759e-02,1.170257e-02,1.372263e-02,1.452113e-02,1.073070e-01,3.703234e-01
2.193342e-01,1.980497e-02,1.745035e-02,6.094776e-02,3.931072e-03,1.277176e-02,1.364865e-03,3.462762e-03,4.617035e-02,2.065014e-02,9.581434e-03,1.183837e-02,1.186758e-02,1.914724e-01,3.693520e-01
1.686740e-01,1.576202e-02,1.334723e-02,4.562917e-02,3.039961e-03,9.521339e-03,1.386573e-03,2.843419e-03,6.423016e-02,3.849550e-02,1.066673e-02,1.184362e-02,9.103909e-03,2.934614e-01,3.119949e-01
1.277661e-01,1.248231e-02,1.013651e-02,3.265488e-02,2.401694e-03,7.005505e-03,1.167899e-03,2.200884e-03,5.154780e-02,3.635039e-02,8.764882e-03,9.626300e-03,7.129820e-03,4.391619e-01,2.516032e-01
9.044133e-02,9.218227e-03,7.329265e-03,2.311375e-02,2.018656e-03,5.053328e-03,8.359989e-04,1.555487e-03,3.892884e-02,5.274630e-02,9.225751e-03,7.219510e-03,5.243687e-03,5.549440e-01,1.921259e-01
6.427931e-02,7.073072e-03,5.336400e-03,1.633387e-02,1.471086e-03,3.806818e-03,6.096383e-04,1.102690e-03,4.876271e-02,4.791788e-02,1.050875e-02,5.573739e-03,4.074564e-03,5.773283e-01,2.058212e-01
4.526677e-02,5.401524e-03,3.900206e-03,1.150052e-02,1.075547e-03,2.806485e-03,4.434078e-04,7.812076e-04,5.506388e-02,4.686140e-02,9.134497e-03,4.038196e-03,3.038099e-03,6.349761e-01,1.757122e-01
3.424644e-02,5.397244e-03,4.012744e-03,9.462960e-03,1.136156e-03,2.518491e-03,5.007054e-04,7.181406e-04,1.768774e-01,5.619738e-02,1.283739e-02,5.015144e-03,5.716690e-03,5.429600e-01,1.424032e-01
2.469368e-02,4.624799e-03,3.005061e-03,6.952605e-03,1.130690e-03,1.964733e-03,3.834165e-04,5.233227e-04,1.665036e-01,4.979424e-02,9.853360e-03,3.719812e-03,4.377372e-03,5.999029e-01,1.225705e-01
3.081369e-02,4.538401e-03,2.289761e-03,5.823064e-03,1.233283e-03,3.530297e-03,4.568530e-04,4.910423e-04,2.212770e-01,3.955270e-02,1.150440e-02,4.055015e-03,5.555733e-03,5.510076e-01,1.178712e-01
3.769588e-02,5.702174e-03,1.809922e-03,5.310550e-03,1.021463e-03,4.788645e-03,4.007917e-04,3.878196e-04,2.485225e-01,3.145306e-02,1.067245e-02,4.498726e-03,5.938259e-03,5.341020e-01,1.076958e-01
3.672345e-02,1.005327e-02,2.682913e-03,5.061987e-03,1.624526e-03,4.463068e-03,3.445332e-04,3.614548e-04,2.647026e-01,2.488340e-02,3.078657e-02,4.069071e-03,7.710492e-03,5.180001e-01,8.853257e-02
5.831555e-02,1.236191e-02,5.765396e-03,5.989697e-03,1.891144e-03,9.304062e-03,3.295821e-04,3.667299e-04,2.560460e-01,2.134132e-02,2.708197e-02,4.237942e-03,7.570973e-03,4.520290e-01,1.373687e-01
7.090750e-02,1.244023e-02,1.302810e-02,9.046277e-03,3.203472e-03,1.048176e-02,3.938171e-04,1.069634e-03,2.848967e-01,2.005893e-02,3.294527e-02,3.791490e-03,7.043040e-03,3.829834e-01,1.477104e-01
8.385675e-02,1.228351e-02,1.346147e-01,1.335313e-02,5.998560e-03,1.675028e-02,4.774044e-04,2.334244e-03,2.399188e-01,1.907139e-02,2.796682e-02,2.839712e-03,5.574954e-03,2.955618e-01,1.393979e-01
7.323336e-02,1.085816e-02,2.798360e-01,1.843991e-02,1.249261e-02,1.833853e-02,6.939872e-04,5.877102e-03,1.783966e-01,2.696289e-02,2.015955e-02,2.007080e-03,4.145013e-03,2.229779e-01,1.255814e-01
5.916759e-02,8.784465e-03,3.526480e-01,3.731677e-02,3.516731e-02,2.283513e-02,7.952225e-04,7.836298e-03,1.383566e-01,3.532645e-02,1.447491e-02,1.465478e-03,3.161664e-03,1.720894e-01,1.105747e-01
4.666857e-02,6.721540e-03,4.856688e-01,3.442084e-02,2.684809e-02,1.832293e-02,6.487301e-04,6.635856e-03,1.022254e-01,4.810600e-02,1.029496e-02,1.034236e-03,2.460606e-03,1.223870e-01,8.755646e-02
5.327002e-02,6.974480e-03,5.269607e-01,3.372087e-02,2.328773e-02,2.050806e-02,7.268057e-04,1.225507e-02,7.909779e-02,5.655517e-02,7.634574e-03,7.402062e-04,1.881487e-03,1.010549e-01,7.533216e-02
6.014429e-02,6.185653e-03,5.065364e-01,6.009569e-02,1.915572e-02,2.082547e-02,1.686739e-03,6.327423e-02,6.096094e-02,5.130932e-02,5.708723e-03,5.315458e-04,1.518402e-03,8.308785e-02,5.897905e-02
5.530906e-02,4.756979e-03,5.222676e-01,7.061756e-02,1.535960e-02,1.892522e-02,9.164246e-03,1.078845e-01,4.549414e-02,4.068325e-02,4.109025e-03,4.033932e-04,1.252897e-03,5.998381e-02,4.378880e-02
4.714799e-02,3.853932e-03,5.627825e-01,6.085151e-02,1.268583e-02,1.774663e-02,8.434423e-03,1.374107e-01,3.357843e-02,3.514461e-02,2.965096e-03,3.173705e-04,9.373185e-04,4.293584e-02,3.320790e-02
3.609947e-02,3.252180e-03,6.287124e-01,4.629602e-02,9.461324e-03,1.519290e-02,8.309480e-03,1.311234e-01,2.468865e-02,3.856184e-02,2.131300e-03,2.414766e-04,7.674264e-04,3.031353e-02,2.484858e-02
2.821233e-02,2.830427e-03,6.626605e-01,3.743809e-02,7.262893e-03,1.398776e-02,1.069210e-02,1.255651e-01,1.933202e-02,4.964449e-02,1.589825e-03,2.166668e-04,6.807966e-04,2.147284e-02,1.841415e-02
2.751185e-02,3.608944e-03,5.917744e-01,3.108672e-02,7.349201e-03,1.354648e-02,1.803834e-02,1.698112e-01,1.681175e-02,8.503741e-02,1.308923e-03,5.428629e-04,1.043564e-03,1.545744e-02,1.707089e-02
2.005663e-02,2.907318e-03,5.264481e-01,2.399096e-02,5.239259e-03,9.709995e-03,1.310283e-02,1.231306e-01,1.110651e-01,1.143903e-01,2.401362e-03,6.243015e-04,1.320248e-03,2.243053e-02,2.318250e-02
1.409821e-02,2.187949e-03,4.156150e-01,1.877606e-02,3.679996e-03,6.886004e-03,9.338954e-03,8.805018e-02,8.531164e-02,3.014612e-01,1.416304e-02,3.017789e-03,1.476918e-03,1.858165e-02,1.735553e-02
9.952458e-03,1.630504e-03,3.022506e-01,1.342610e-02,2.589176e-03,4.908302e-03,6.610909e-03,6.208504e-02,1.101960e-01,3.083525e-01,8.108496e-02,1.686484e-02,5.175445e-03,3.062425e-02,4.424891e-02
6.991912e-03,1.217689e-03,2.139478e-01,9.531301e-03,1.836543e-03,3.461647e-03,4.676145e-03,4.355291e-02,1.391746e-01,2.567897e-01,1.158397e-01,6.346074e-02,1.225058e-02,2.841713e-02,9.885167e-02
4.950909e-03,9.632282e-04,1.503341e-01,7.011141e-03,1.413741e-03,2.468859e-03,3.342531e-03,3.058304e-02,1.052635e-01,2.107479e-01,1.447890e-01,1.821130e-01,1.500747e-02,3.046140e-02,1.105502e-01
3.478355e-03,7.058873e-04,1.053439e-01,5.258741e-03,1.183485e-03,1.758825e-03,2.363722e-03,2.144714e-02,7.671092e-02,1.695045e-01,1.415069e-01,2.854628e-01,2.260496e-02,2.497971e-02,1.376902e-01
2.440449e-03,5.093533e-04,7.374685e-02,3.867198e-03,1.522136e-03,1.249644e-03,1.683824e-03,1.503504e-02,5.431395e-02,1.845705e-01,1.778429e-01,2.734859e-01,1.976724e-02,2.310329e-02,1.668617e-01
1.718018e-03,3.849578e-04,5.164761e-02,2.887630e-03,3.968038e-03,9.234860e-04,1.243300e-03,1.086686e-02,3.874939e-02,2.034875e-01,2.123275e-01,2.622473e-01,1.623126e-02,1.902847e-02,1.742886e-01
1.207641e-03,3.190115e-04,3.620588e-02,2.103647e-03,4.311305e-03,6.743448e-04,9.759912e-04,7.705427e-03,2.817131e-02,2.244540e-01,2.038258e-01,3.005094e-01,1.457063e-02,1.853978e-02,1.564258e-01
8.591934e-04,3.968489e-04,2.567105e-02,1.539210e-03,4.780465e-03,5.705684e-04,1.322869e-03,6.382070e-03,2.181678e-02,2.592072e-01,1.527903e-01,3.763297e-01,1.785262e-02,1.664525e-02,1.138358e-01
6.530590e-04,5.658010e-04,1.855349e-02,1.284129e-03,5.229593e-03,7.291401e-04,1.120044e-03,5.567153e-03,1.764123e-02,2.584933e-01,1.301703e-01,4.345546e-01,2.420942e-02,1.723441e-02,8.399437e-02
6.758014e-04,5.156727e-03,1.699627e-02,1.305609e-03,3.852905e-02,2.315101e-03,2.119312e-03,1.021281e-02,7.530013e-02,2.326198e-01,1.162429e-01,3.868987e-01,3.008306e-02,2.079869e-02,6.074607e-02
1.111158e-03,2.136571e-02,1.881916e-02,1.381823e-03,8.120662e-02,4.187243e-03,4.134683e-03,2.064582e-02,1.372373e-01,1.884550e-01,8.814351e-02,3.270738e-01,3.489890e-02,2.679962e-02,4.453969e-02
1.031732e-03,5.548573e-02,1.548893e-02,1.216473e-03,8.709221e-02,6.067418e-03,4.433505e-03,2.233924e-02,2.902813e-01,1.355285e-01,6.285003e-02,2.357699e-01,2.643144e-02,2.419496e-02,3.178874e-02
1.822883e-03,4.579638e-02,1.955033e-02,5.075257e-03,1.089491e-01,5.815996e-03,6.689212e-03,1.636714e-01,2.685598e-01,9.589543e-02,4.531699e-02,1.716067e-01,1.991285e-02,1.901006e-02,2.232768e-02
1.553711e-03,1.535775e-01,2.048573e-02,4.031982e-03,9.992740e-02,6.067117e-03,4.950545e-03,1.152380e-01,3.301340e-01,6.788192e-02,3.198411e-02,1.205678e-01,1.430781e-02,1.350491e-02,1.578747e-02
1.378510e-03,2.351477e-01,4.282571e-02,6.004822e-03,7.933525e-02,8.578931e-03,3.615832e-03,8.144665e-02,3.524700e-01,4.875118e-02,2.312110e-02,8.514394e-02,1.085726e-02,9.535529e-03,1.178761e-02
1.408038e-03,2.622407e-01,4.072615e-02,6.605089e-03,6.510112e-02,9.264980e-03,3.026113e-03,5.821493e-02,4.167522e-01,3.473232e-02,1.716186e-02,6.069545e-02,8.410947e-03,6.758627e-03,8.901572e-03
2.892228e-03,2.405838e-01,3.452110e-02,5.898545e-03,7.684745e-02,1.075932e-02,3.316708e-03,4.516591e-02,4.800195e-01,2.503395e-02,1.327222e-02,4.290731e-02,6.594793e-03,4.908625e-03,7.278580e-03
1.104257e-02,2.225358e-01,3.067410e-02,7.649947e-03,1.072727e-01,1.331148e-02,3.842471e-03,4.651514e-02,4.710095e-01,2.141525e-02,1.134834e-02,3.064731e-02,5.827341e-03,3.842992e-03,1.306507e-02
2.842744e-02,1.790377e-01,3.099423e-02,2.175131e-02,1.620239e-01,1.822730e-02,6.831102e-03,8.068277e-02,4.065890e-01,1.561722e-02,8.615882e-03,2.182505e-02,4.711560e-03,2.975248e-03,1.169024e-02
4.735808e-02,1.380186e-01,2.487632e-02,2.635058e-02,2.394632e-01,2.570830e-02,8.423178e-03,1.160917e-01,3.248485e-01,1.158736e-02,6.400627e-03,1.559435e-02,3.711330e-03,2.373284e-03,9.194643e-03
4.493283e-02,1.008747e-01,2.091286e-02,2.017982e-02,2.014934e-01,2.966248e-02,1.180600e-02,3.032682e-01,2.320054e-01,8.132185e-03,4.662438e-03,1.099213e-02,2.858591e-03,1.709007e-03,6.509983e-03
4.192373e-02,7.292023e-02,1.709592e-02,1.525740e-02,1.792284e-01,5.505113e-02,8.229222e-02,3.380837e-01,1.700080e-01,5.968489e-03,3.788504e-03,7.855832e-03,4.472865e-03,1.298701e-03,4.754802e-03
4.742233e-02,5.371390e-02,1.404959e-02,1.269882e-02,1.701271e-01,4.361361e-02,1.417662e-01,3.531324e-01,1.301104e-01,5.143108e-03,5.144023e-03,6.343571e-03,1.075898e-02,1.225288e-03,4.750650e-03
4.722063e-02,3.853390e-02,1.564034e-02,1.043121e-02,1.686040e-01,3.491307e-02,1.102108e-01,4.533420e-01,9.287662e-02,4.470720e-03,5.053336e-03,4.990306e-03,9.007912e-03,9.087509e-04,3.796465e-03
3.792679e-02,2.797717e-02,1.983120e-02,1.225002e-02,1.369866e-01,3.658706e-02,8.525934e-02,5.156579e-01,6.713448e-02,7.479561e-03,1.844840e-02,1.001008e-02,1.962121e-02,1.033221e-03,3.796925e-03
3.572837e-02,2.531651e-02,1.641630e-02,1.088885e-02,1.233697e-01,3.701812e-02,6.354210e-02,5.446429e-01,5.406457e-02,7.654791e-03,3.849241e-02,1.221199e-02,2.436519e-02,1.235449e-03,5.052749e-03
3.362975e-02,2.145262e-02,1.233308e-02,9.168830e-03,1.041206e-01,3.375533e-02,4.812164e-02,6.148947e-01,4.136043e-02,6.422317e-03,3.592923e-02,1.014717e-02,2.098201e-02,1.552993e-03,6.129326e-03
4.700662e-02,2.193153e-02,1.174598e-02,1.297145e-02,1.228061e-01,5.011781e-02,3.761179e-02,5.992411e-01,3.215882e-02,5.524479e-03,2.689517e-02,8.043688e-03,1.589552e-02,1.561831e-03,6.488214e-03
4.185086e-02,2.709449e-02,1.534442e-02,1.005175e-01,1.006960e-01,1.083600e-01,2.704058e-02,4.262512e-01,3.630778e-02,1.029853e-02,4.905855e-02,2.087265e-02,1.781203e-02,5.293348e-03,1.320200e-02
4.451507e-02,2.730781e-02,1.444239e-02,8.880489e-02,7.731476e-02,1.962045e-01,1.985666e-02,3.038859e-01,3.417197e-02,1.149049e-02,8.090164e-02,4.231379e-02,2.177480e-02,1.706033e-02,1.995505e-02
3.487734e-02,3.018521e-02,1.164163e-02,6.857720e-02,5.690116e-02,1.891440e-01,1.410842e-02,2.134808e-01,2.841601e-02,1.213537e-02,2.434249e-01,3.783414e-02,1.932669e-02,2.117550e-02,1.877169e-02
3.096906e-02,4.541828e-02,1.257536e-02,8.018368e-02,4.165047e-02,1.910473e-01,1.006313e-02,1.502842e-01,3.021551e-02,1.227827e-02,2.667047e-01,3.966574e-02,1.546123e-02,2.136904e-02,5.211406e-02
2.367088e-02,4.991290e-02,1.025964e-02,5.789340e-02,2.937432e-02,2.021351e-01,7.355536e-03,1.056310e-01,3.127462e-02,1.940581e-02,2.953048e-01,4.501161e-02,1.259731e-02,5.957335e-02,5.059972e-02
1.700311e-02,3.823618e-02,7.527351e-03,4.085098e-02,2.062441e-02,1.524106e-01,5.199665e-03,7.406865e-02,2.732943e-02,1.568237e-02,2.397884e-01,4.028495e-02,1.094879e-02,2.621716e-01,4.787350e-02
1.317533e-02,2.948863e-02,5.611013e-03,2.937242e-02,1.460839e-02,1.190004e-01,3.717802e-03,5.209619e-02,3.550825e-02,1.525675e-02,1.987285e-01,5.016780e-02,1.297088e-02,3.666149e-01,5.368268e-02
1.105391e-02,2.407115e-02,4.115405e-03,2.091556e-02,1.040471e-02,9.328731e-02,2.684138e-03,3.683339e-02,3.716032e-02,1.220702e-02,2.236802e-01,4.039563e-02,1.229869e-02,4.265306e-01,4.436198e-02
8.686760e-03,1.854142e-02,2.997266e-03,1.471209e-02,7.451216e-03,6.910994e-02,1.905594e-03,2.586675e-02,4.189475e-02,9.380032e-03,2.159749e-01,3.597975e-02,1.061985e-02,5.021669e-01,3.471282e-02
7.335310e-03,2.360494e-02,2.379260e-03,1.070953e-02,5.552413e-03,5.164360e-02,1.374321e-03,1.826039e-02,1.002750e-01,8.624058e-03,2.097721e-01,2.812545e-02,8.352792e-03,4.978094e-01,2.618144e-02
7.794608e-03,5.882739e-02,2.649212e-03,7.623342e-03,4.076963e-03,4.266329e-02,1.043959e-03,1.322032e-02,1.722201e-01,8.487015e-03,1.680508e-01,2.214140e-02,6.519217e-03,4.634714e-01,2.121114e-02
9.423262e-03,9.920587e-02,3.438689e-03,5.558249e-03,3.199546e-03,4.175364e-02,8.030428e-04,9.758295e-03,2.286167e-01,9.139236e-03,1.344245e-01,1.776271e-02,5.600353e-03,4.142961e-01,1.701988e-02
7.493808e-03,1.118655e-01,3.370008e-03,4.164863e-03,2.744189e-03,5.355060e-02,6.183282e-04,7.044169e-03,2.543101e-01,1.635722e-02,1.288593e-01,1.666125e-02,5.761730e-03,3.727638e-01,1.443515e-02
6.578244e-03,1.566981e-01,3.514716e-03,3.126358e-03,2.658480e-03,8.357311e-02,4.710588e-04,5.376548e-03,3.002396e-01,1.855323e-02,9.655569e-02,1.282099e-02,4.826922e-03,2.930557e-01,1.195128e-02
6.295305e-03,1.377071e-01,3.054272e-03,3.094885e-03,3.368582e-03,7.223011e-02,3.648507e-04,4.221810e-03,3.318994e-01,3.592812e-02,9.788851e-02,1.336248e-02,4.884327e-03,2.760023e-01,9.697962e-03
6.728950e-03,1.320911e-01,3.543368e-03,2.805515e-03,5.760356e-03,1.076196e-01,3.120704e-04,4.768250e-03,3.513067e-01,3.725003e-02,7.677393e-02,1.088798e-02,4.598137e-03,2.473009e-01,8.253074e-03
8.084472e-03,1.296623e-01,3.499365e-03,2.725347e-03,8.243011e-03,1.272486e-01,2.618337e-04,4.635965e-03,3.683624e-01,4.160585e-02,5.854565e-02,8.461695e-03,3.733309e-03,2.256253e-01,9.304854e-03
1.480901e-02,1.333228e-01,4.017253e-03,3.169117e-03,1.467581e-02,1.362546e-01,2.577666e-04,5.270500e-03,3.680656e-01,6.287069e-02,4.477222e-02,6.222186e-03,3.026911e-03,1.778152e-01,2.545043e-02
2.156343e-02,1.363692e-01,5.663164e-03,7.283038e-03,2.682830e-02,1.160293e-01,4.021842e-04,3.549607e-02,3.880796e-01,5.499127e-02,3.424815e-02,5.143952e-03,3.243817e-03,1.326611e-01,3.199752e-02
6.569893e-02,1.560530e-01,1.571661e-02,1.542099e-02,2.884562e-02,8.405568e-02,5.467753e-04,3.556959e-02,3.306193e-01,5.309052e-02,2.641515e-02,4.950819e-03,3.227812e-03,9.981997e-02,7.996927e-02
1.281964e-01,1.656245e-01,1.492436e-02,2.338897e-02,3.519607e-02,6.446296e-02,7.676840e-04,4.718191e-02,2.983431e-01,4.070848e-02,2.010300e-02,7.986456e-03,6.736912e-03,8.205052e-02,6.432869e-02
2.241639e-01,1.530325e-01,1.291237e-02,2.026260e-02,3.731403e-02,4.854222e-02,8.161098e-04,3.794263e-02,2.591493e-01,3.242791e-02,1.612119e-02,1.253657e-02,1.335438e-02,7.726638e-02,5.415788e-02
2.584810e-01,1.307453e-01,2.319431e-02,1.890885e-02,3.216697e-02,4.202002e-02,4.882366e-03,3.473058e-02,2.308256e-01,2.350001e-02,1.558675e-02,3.140089e-02,4.532452e-02,6.342313e-02,4.480976e-02
2.933831e-01,1.169956e-01,2.514312e-02,1.717281e-02,2.670908e-02,4.255562e-02,1.048646e-02,3.039782e-02,2.114680e-01,1.805160e-02,1.721120e-02,4.232412e-02,5.376922e-02,5.660063e-02,3.773157e-02
2.449187e-01,8.423124e-02,3.336460e-02,1.443911e-02,2.485742e-02,5.030091e-02,5.106024e-02,1.577601e-01,1.582939e-01,1.319143e-02,1.804402e-02,3.660818e-02,4.213113e-02,4.304886e-02,2.775014e-02
2.132217e-01,6.185970e-02,3.804747e-02,1.061106e-02,1.864156e-02,3.892197e-02,2.238553e-01,1.412803e-01,1.155871e-01,9.820011e-03,1.470879e-02,2.902560e-02,3.058028e-02,3.352094e-02,2.031825e-02
1.763112e-01,4.479393e-02,4.033208e-02,7.941897e-03,1.413144e-02,2.973308e-02,3.631645e-01,1.345509e-01,8.532785e-02,7.213301e-03,1.158545e-02,2.236305e-02,2.235251e-02,2.522401e-02,1.497480e-02
1.988545e-01,3.509603e-02,5.310271e-02,9.607567e-03,1.258831e-02,2.599925e-02,3.628723e-01,1.448989e-01,6.263126e-02,6.458071e-03,9.297718e-03,2.850676e-02,1.750725e-02,1.874881e-02,1.383049e-02
1.953989e-01,2.749458e-02,5.808869e-02,1.103086e-02,1.073168e-02,2.313956e-02,3.842713e-01,1.634185e-01,4.609981e-02,5.840071e-03,7.340584e-03,2.596300e-02,1.381059e-02,1.402404e-02,1.334794e-02
1.828853e-01,2.048770e-02,4.936181e-02,9.336933e-03,9.166133e-03,2.074602e-02,4.569337e-01,1.495344e-01,3.473320e-02,5.171715e-03,6.320101e-03,2.173359e-02,1.077214e-02,1.031509e-02,1.250222e-02
1.562728e-01,1.527495e-02,3.830348e-02,7.810844e-03,8.027903e-03,1.942781e-02,5.416922e-01,1.288117e-01,2.605494e-02,4.032892e-03,5.870445e-03,1.953257e-02,9.400541e-03,7.530781e-03,1.195616e-02
1.345653e-01,1.125452e-02,2.975992e-02,6.240352e-03,6.758623e-03,1.624252e-02,6.195183e-01,1.086053e-01,1.898414e-02,3.032835e-03,4.837013e-03,1.683671e-02,7.836875e-03,5.483777e-03,1.004384e-02
1.306308e-01,9.006751e-03,2.838589e-02,5.532956e-03,8.283314e-03,1.518233e-02,6.128977e-01,1.308795e-01,1.506511e-02,2.560021e-03,4.674642e-03,1.490229e-02,7.820077e-03,4.305350e-03,9.873323e-03
1.344456e-01,7.264767e-03,2.630032e-02,4.972416e-03,1.127455e-02,1.452348e-02,5.923360e-01,1.530614e-01,1.229157e-02,2.673056e-03,4.956853e-03,1.282202e-02,8.345141e-03,3.885386e-03,1.084752e-02
1.691448e-01,6.950807e-03,3.140631e-02,5.879149e-03,1.805450e-02,1.755896e-02,4.943934e-01,1.961947e-01,1.096270e-02,3.024586e-03,5.774027e-03,1.295011e-02,9.805932e-03,3.935143e-03,1.396487e-02
1.708920e-01,6.141973e-03,3.712898e-02,6.797510e-03,1.638740e-02,1.595285e-02,4.786762e-01,2.106011e-01,8.757900e-03,4.990118e-03,5.283798e-03,1.150797e-02,8.779547e-03,3.381282e-03,1.472136e-02
1.985499e-01,6.578811e-03,4.176769e-02,7.720369e-03,1.525329e-02,1.942628e-02,4.208547e-01,2.257742e-01,7.910355e-03,6.271637e-03,4.820094e-03,1.565335e-02,1.048706e-02,3.062611e-03,1.586970e-02
2.210929e-01,8.587383e-03,4.127745e-02,1.138067e-02,1.545154e-02,2.410499e-02,3.359099e-01,2.648751e-01,7.514440e-03,7.685450e-03,5.401151e-03,1.639956e-02,1.111308e-02,3.844034e-03,2.536244e-02
2.130135e-01,9.721108e-03,3.541597e-02,1.385988e-02,1.756665e-02,3.723516e-02,3.071093e-01,2.486591e-01,7.840402e-03,1.799740e-02,1.131961e-02,2.970923e-02,1.600784e-02,3.780032e-03,3.076495e-02
2.498684e-01,1.091522e-02,2.893923e-02,1.536314e-02,1.849620e-02,3.603487e-02,2.386909e-01,2.114196e-01,7.631058e-03,6.067048e-02,2.217451e-02,3.212275e-02,2.486092e-02,5.136360e-03,3.767635e-02
1.859628e-01,8.259061e-03,2.073699e-02,1.228519e-02,1.442072e-02,2.805849e-02,1.685650e-01,1.516345e-01,7.425161e-03,2.747842e-01,2.118146e-02,2.559852e-02,3.814287e-02,4.319091e-03,3.862600e-02
1.378820e-01,7.435279e-03,1.539851e-02,1.227546e-02,1.211680e-02,2.610293e-02,1.209445e-01,1.083869e-01,1.043773e-02,3.881859e-01,2.295151e-02,2.920009e-02,6.468384e-02,3.623717e-03,4.037485e-02
1.212507e-01,6.656243e-03,1.230196e-02,1.672375e-02,1.607383e-02,3.109546e-02,9.662642e-02,7.697785e-02,1.319449e-02,4.239613e-01,2.173818e-02,2.992271e-02,7.444070e-02,8.702664e-03,5.033372e-02
8.753098e-02,4.821182e-03,9.563223e-03,1.453049e-02,1.539394e-02,2.685627e-02,6.883612e-02,5.411319e-02,1.007719e-02,4.715953e-01,2.511419e-02,3.321720e-02,1.035251e-01,8.034113e-03,6.679150e-02
8.161210e-02,3.524939e-03,8.250494e-03,1.307635e-02,1.359688e-02,3.314036e-02,4.999833e-02,3.818190e-02,8.844338e-03,5.015192e-01,2.836261e-02,4.236600e-02,1.021856e-01,7.154330e-03,6.818660e-02
5.965681e-02,2.507867e-03,6.192201e-03,1.264277e-02,1.196479e-02,2.845923e-02,3.583824e-02,2.684232e-02,1.234931e-02,5.198160e-01,3.660705e-02,4.979679e-02,1.117103e-01,8.431501e-03,7.718475e-02
4.565151e-02,1.785392e-03,4.532542e-03,1.122554e-02,9.430608e-03,2.273425e-02,2.535700e-02,1.885282e-02,1.027102e-02,5.555031e-01,3.896841e-02,4.953725e-02,1.003219e-01,8.172675e-03,9.765598e-02
3.428264e-02,1.282384e-03,3.497484e-03,9.258114e-03,7.767131e-03,1.694991e-02,1.791919e-02,1.406893e-02,1.082359e-02,5.966944e-01,4.059604e-02,5.119251e-02,9.469472e-02,7.358481e-03,9.361444e-02
2.635214e-02,9.265695e-04,2.992293e-03,7.765961e-03,6.558672e-03,1.258453e-02,1.293944e-02,1.007515e-02,1.055202e-02,5.686620e-01,4.789283e-02,4.488797e-02,1.146154e-01,7.847786e-03,1.253472e-01
1.926050e-02,1.141006e-03,3.520934e-03,6.210561e-03,6.136499e-03,9.538271e-03,9.178224e-03,7.179878e-03,1.452893e-02,5.968987e-01,5.419859e-02,3.759405e-02,1.058752e-01,6.811073e-03,1.219275e-01
1.414608e-02,1.456959e-03,2.964046e-03,4.766811e-03,4.898016e-03,7.746167e-03,6.450441e-03,5.141523e-03,2.119735e-02,5.983120e-01,8.049355e-02,5.766536e-02,9.542538e-02,6.159383e-03,9.317689e-02
1.051516e-02,1.554963e-03,2.239314e-03,3.679701e-03,4.065618e-03,7.303054e-03,4.546919e-03,3.679460e-03,2.373421e-02,5.807905e-01,1.083822e-01,8.232464e-02,9.468269e-02,5.309805e-03,6.719178e-02
7.793328e-03,1.462050e-03,1.724823e-03,2.836540e-03,3.026235e-03,5.931797e-03,3.195344e-03,2.615946e-03,2.040399e-02,5.765827e-01,1.305659e-01,9.896902e-02,9.019675e-02,4.519394e-03,5.017618e-02
5.702722e-03,1.619687e-03,1.379238e-03,2.273504e-03,2.564125e-03,4.968828e-03,2.265640e-03,1.870914e-03,2.108023e-02,5.570116e-01,1.410577e-01,1.124578e-01,9.393082e-02,4.158207e-03,4.765903e-02
4.268748e-03,2.244981e-03,1.221330e-03,2.258807e-03,2.159973e-03,4.539469e-03,1.601714e-03,1.367017e-03,2.289572e-02,4.975502e-01,1.854363e-01,1.290430e-01,9.738331e-02,3.742103e-03,4.428741e-02
3.663665e-03,4.665392e-03,2.508783e-03,3.415406e-03,6.530948e-03,4.365009e-03,1.225915e-03,1.449279e-03,6.914102e-02,4.965749e-01,1.608906e-01,1.257965e-01,8.238076e-02,4.953677e-03,3.243813e-02
6.582275e-03,6.854733e-03,4.781062e-03,4.159498e-03,4.826878e-02,3.890782e-03,1.494108e-03,2.429233e-03,1.910354e-01,3.881500e-01,1.400234e-01,1.106505e-01,6.478266e-02,3.713757e-03,2.318382e-02
5.247457e-03,6.214294e-03,3.797027e-03,3.414832e-03,5.377312e-02,3.543675e-03,1.146847e-03,2.606851e-03,4.004405e-01,2.755115e-01,1.007253e-01,7.886060e-02,4.574323e-02,2.649854e-03,1.632503e-02
5.596526e-03,6.009138e-03,3.502320e-03,2.867318e-03,5.675283e-02,2.910182e-03,1.147168e-03,2.153071e-03,5.463921e-01,1.990470e-01,7.244423e-02,5.559187e-02,3.224913e-02,1.874687e-03,1.146249e-02
7.082491e-03,7.165339e-03,4.137805e-03,2.742933e-03,5.460883e-02,1.185109e-02,1.180325e-03,1.721964e-03,6.410027e-01,1.452390e-01,5.169405e-02,3.910655e-02,2.284632e-02,1.367402e-03,8.253289e-03
8.383475e-03,1.176559e-02,4.495395e-03,4.237982e-03,6.600147e-02,1.119716e-02,1.916676e-03,2.385020e-03,6.911287e-01,1.086307e-01,3.776066e-02,2.801021e-02,1.692552e-02,1.054619e-03,6.106856e-03
1.220806e-02,1.008206e-02,3.831916e-03,4.521528e-03,1.157962e-01,9.099631e-03,2.332948e-03,3.090751e-03,6.899877e-01,8.313239e-02,2.796547e-02,1.996669e-02,1.254596e-02,8.062676e-04,4.632473e-03
2.241834e-02,1.087422e-02,3.816769e-03,1.344531e-02,1.319012e-01,7.076558e-03,1.939659e-03,3.464279e-02,6.652495e-01,6.036511e-02,2.024606e-02,1.421445e-02,9.009606e-03,6.677316e-04,4.132731e-03
4.173594e-02,1.129834e-02,3.612301e-03,1.794311e-02,2.076017e-01,6.162928e-03,1.953187e-03,5.134533e-02,5.771192e-01,4.491160e-02,1.458044e-02,1.006227e-02,6.468980e-03,5.239389e-04,4.680771e-03
4.493073e-02,1.040085e-02,1.441616e-02,2.007409e-02,2.681385e-01,4.716360e-03,2.838035e-03,1.041019e-01,4.701756e-01,3.322696e-02,1.045323e-02,7.099980e-03,4.643605e-03,4.156403e-04,4.368334e-03
6.127277e-02,1.042840e-02,2.703031e-02,5.804040e-02,2.881371e-01,4.421414e-03,3.309117e-03,1.115483e-01,3.880727e-01,2.561513e-02,7.964904e-03,5.247581e-03,3.492691e-03,4.112033e-04,5.007927e-03
8.340780e-02,1.089011e-02,8.445328e-02,7.716787e-02,2.960409e-01,4.898818e-03,3.898436e-03,9.979188e-02,3.005757e-01,2.038239e-02,6.023193e-03,3.932853e-03,2.635069e-03,4.186753e-04,5.483007e-03
1.508438e-01,1.778945e-02,6.587909e-02,7.416631e-02,2.833702e-01,8.924683e-03,7.428701e-03,7.913570e-02,2.786888e-01,1.631870e-02,4.785022e-03,3.445058e-03,2.390465e-03,5.254815e-04,6.308591e-03
2.168514e-01,2.207470e-02,5.035903e-02,6.220164e-02,2.859662e-01,1.361253e-02,8.399267e-03,6.439840e-02,2.473729e-01,1.269121e-02,3.805032e-03,3.133121e-03,2.164051e-03,7.567124e-04,6.213780e-03
3.394942e-01,2.810980e-02,3.927367e-02,5.448303e-02,2.383555e-01,1.459001e-02,1.028565e-02,4.998969e-02,1.964934e-01,1.003060e-02,3.466304e-03,4.233440e-03,2.845300e-03,7.889877e-04,7.560425e-03
4.588925e-01,2.843906e-02,3.151641e-02,4.862013e-02,1.848694e-01,1.528915e-02,9.343009e-03,3.747487e-02,1.564457e-01,7.489707e-03,3.523279e-03,6.374775e-03,4.326180e-03,8.433234e-04,6.552490e-03
4.839551e-01,3.564967e-02,2.749705e-02,1.084337e-01,1.392649e-01,1.395444e-02,7.998643e-03,3.050948e-02,1.156152e-01,7.487384e-03,3.808295e-03,9.157538e-03,4.840147e-03,1.276328e-03,1.055203e-02
1.000000e+00,0.000000e+00,0.000000e+00,0.000000e+00,0.000000e+00,0.000000e+00,0.000000e+00,0.000000e+00,0.000000e+00,0.000000e+00,0.000000e+00,0.000000e+00,0.000000e+00,0.000000e+00,0.000000e+00
1.000000e+00,0.000000e+00,0.000000e+00,0.000000e+00,0.000000e+00,0.000000e+00,0.000000e+00,0.000000e+00,0.000000e+00,0.000000e+00,0.000000e+00,0.000000e+00,0.000000e+00,0.000000e+00,0.000000e+00
4.431244e-01,1.914038e-02,1.839868e-02,4.944816e-02,7.099781e-02,1.012466e-02,2.677930e-02,2.920526e-01,4.586171e-02,3.316577e-03,3.660832e-03,5.605824e-03,4.315265e-03,1.104538e-03,6.069230e-03
3.763774e-01,1.410895e-02,1.400259e-02,3.545308e-02,5.420929e-02,9.489383e-03,3.223497e-02,4.122249e-01,3.266542e-02,2.543526e-03,2.995157e-03,4.582765e-03,3.591133e-03,8.385422e-04,4.682880e-03
2.898694e-01,1.014007e-02,1.139321e-02,2.534837e-02,3.932786e-02,8.882532e-03,3.112081e-02,5.466853e-01,2.303429e-02,1.829197e-03,2.205201e-03,3.389978e-03,2.720360e-03,6.369880e-04,3.416358e-03
2.272205e-01,7.252272e-03,9.501131e-03,1.812436e-02,2.881925e-02,7.580550e-03,2.825351e-02,6.466607e-01,1.620555e-02,1.318818e-03,1.594877e-03,2.489517e-03,1.986735e-03,5.199521e-04,2.472298e-03
1.762825e-01,5.200278e-03,8.715263e-03,1.316000e-02,2.140803e-02,7.010067e-03,3.833505e-02,7.105054e-01,1.147546e-02,9.604904e-04,1.150944e-03,1.851796e-03,1.696128e-03,4.428374e-04,1.805896e-03
1.449111e-01,3.773734e-03,6.865949e-03,9.479327e-03,1.717317e-02,7.434576e-03,5.578157e-02,7.395002e-01,8.239100e-03,7.213764e-04,8.749509e-04,1.436988e-03,2.096604e-03,3.440373e-04,1.367385e-03
1.170035e-01,2.746459e-03,7.030636e-03,7.029956e-03,1.319993e-02,9.132838e-03,8.706577e-02,7.426016e-01,5.898741e-03,6.701260e-04,6.842471e-04,1.225456e-03,4.169643e-03,2.886066e-04,1.252548e-03
1.061729e-01,2.101211e-03,7.093747e-03,5.350722e-03,1.012937e-02,1.067789e-02,9.977801e-02,7.452209e-01,4.341395e-03,6.315130e-04,5.474799e-04,1.131966e-03,5.284911e-03,2.596916e-04,1.278277e-03
9.158652e-02,1.595021e-03,6.185066e-03,4.114579e-03,8.055095e-03,1.181279e-02,1.391594e-01,7.236886e-01,3.196368e-03,9.243102e-04,5.391076e-04,1.036947e-03,6.089955e-03,2.771764e-04,1.739076e-03
1.005751e-01,1.406895e-03,7.329991e-03,3.594685e-03,7.228666e-03,1.735316e-02,1.864045e-01,6.584016e-01,2.471315e-03,1.575291e-03,6.337284e-04,1.223492e-03,8.155169e-03,5.332856e-04,3.113088e-03
1.535080e-01,1.306249e-03,8.648625e-03,3.045616e-03,6.100774e-03,2.104329e-02,1.804795e-01,6.025733e-01,1.968121e-03,2.266380e-03,9.810098e-04,2.064454e-03,8.525690e-03,9.296740e-04,6.559269e-03
2.046700e-01,1.428147e-03,9.900534e-03,3.172878e-03,7.017273e-03,2.236141e-02,1.689832e-01,5.537387e-01,1.629568e-03,3.582262e-03,1.743773e-03,2.558455e-03,7.954073e-03,1.144690e-03,1.011498e-02
2.944498e-01,1.846598e-03,1.434028e-02,4.004300e-03,9.731622e-03,2.462470e-02,1.494985e-01,4.659402e-01,1.438204e-03,4.484973e-03,2.136454e-03,3.414382e-03,8.457890e-03,1.612928e-03,1.401911e-02
3.270712e-01,1.755671e-03,1.392411e-02,3.283299e-03,8.199867e-03,2.075750e-02,1.331769e-01,4.588074e-01,1.125293e-03,3.889736e-03,1.874095e-03,3.025982e-03,6.962316e-03,1.478886e-03,1.466762e-02
3.701857e-01,2.092019e-03,1.379987e-02,3.025381e-03,7.512400e-03,1.914574e-02,1.327449e-01,4.155217e-01,9.080125e-04,4.037579e-03,1.935719e-03,3.418721e-03,6.763173e-03,1.513923e-03,1.739506e-02
