1.000000e+00,0.000000e+00,0.000000e+00,0.000000e+00,0.000000e+00,0.000000e+00,0.000000e+00,0.000000e+00,0.000000e+00,0.000000e+00,0.000000e+00,0.000000e+00,0.000000e+00,0.000000e+00,0.000000e+00
1.000000e+00,0.000000e+00,0.000000e+00,0.000000e+00,0.000000e+00,0.000000e+00,0.000000e+00,0.000000e+00,0.000000e+00,0.000000e+00,0.000000e+00,0.000000e+00,0.000000e+00,0.000000e+00,0.000000e+00
1.000000e+00,0.000000e+00,0.000000e+00,0.000000e+00,0.000000e+00,0.000000e+00,0.000000e+00,0.000000e+00,0.000000e+00,0.000000e+00,0.000000e+00,0.000000e+00,0.000000e+00,0.000000e+00,0.000000e+00
1.000000e+00,0.000000e+00,0.000000e+00,0.000000e+00,0.000000e+00,0.000000e+00,0.000000e+00,0.000000e+00,0.000000e+00,0.000000e+00,0.000000e+00,0.000000e+00,0.000000e+00,0.000000e+00,0.000000e+00
1.000000e+00,0.000000e+00,0.000000e+00,0.000000e+00,0.000000e+00,0.000000e+00,0.000000e+00,0.000000e+00,0.000000e+00,0.000000e+00,0.000000e+00,0.000000e+00,0.000000e+00,0.000000e+00,0.000000e+00
1.000000e+00,0.000000e+00,0.000000e+00,0.000000e+00,0.000000e+00,0.000000e+00,0.000000e+00,0.000000e+00,0.000000e+00,0.000000e+00,0.000000e+00,0.000000e+00,0.000000e+00,0.000000e+00,0.000000e+00
1.000000e+00,0.000000e+00,0.000000e+00,0.000000e+00,0.000000e+00,0.000000e+00,0.000000e+00,0.000000e+00,0.000000e+00,0.000000e+00,0.000000e+00,0.000000e+00,0.000000e+00,0.000000e+00,0.000000e+00
1.000000e+00,0.000000e+00,0.000000e+00,0.000000e+00,0.000000e+00,0.000000e+00,0.000000e+00,0.000000e+00,0.000000e+00,0.000000e+00,0.000000e+00,0.000000e+00,0.000000e+00,0.000000e+00,0.000000e+00
1.000000e+00,0.000000e+00,0.000000e+00,0.000000e+00,0.000000e+00,0.000000e+00,0.000000e+00,0.000000e+00,0.000000e+00,0.000000e+00,0.000000e+00,0.000000e+00,0.000000e+00,0.000000e+00,0.000000e+00
1.000000e+00,0.000000e+00,0.000000e+00,0.000000e+00,0.000000e+00,0.000000e+00,0.000000e+00,0.000000e+00,0.000000e+00,0.000000e+00,0.000000e+00,0.000000e+00,0.000000e+00,0.000000e+00,0.000000e+00
1.000000e+00,0.000000e+00,0.000000e+00,0.000000e+00,0.000000e+00,0.000000e+00,0.000000e+00,0.000000e+00,0.000000e+00,0.000000e+00,0.000000e+00,0.000000e+00,0.000000e+00,0.000000e+00,0.000000e+00
1.000000e+00,0.000000e+00,0.000000e+00,0.000000e+00,0.000000e+00,0.000000e+00,0.000000e+00,0.000000e+00,0.000000e+00,0.000000e+00,0.000000e+00,0.000000e+00,0.000000e+00,0.000000e+00,0.000000e+00
1.000000e+00,0.000000e+00,0.000000e+00,0.000000e+00,0.000000e+00,0.000000e+00,0.000000e+00,0.000000e+00,0.000000e+00,0.000000e+00,0.000000e+00,0.000000e+00,0.000000e+00,0.000000e+00,0.000000e+00
1.000000e+00,0.000000e+00,0.000000e+00,0.000000e+00,0.000000e+00,0.000000e+00,0.000000e+00,0.000000e+00,0.000000e+00,0.000000e+00,0.000000e+00,0.000000e+00,0.000000e+00,0.000000e+00,0.000000e+00
1.000000e+00,0.000000e+00,0.000000e+00,0.000000e+00,0.000000e+00,0.000000e+00,0.000000e+00,0.000000e+00,0.000000e+00,0.000000e+00,0.000000e+00,0.000000e+00,0.000000e+00,0.000000e+00,0.000000e+00
1.000000e+00,0.000000e+00,0.000000e+00,0.000000e+00,0.000000e+00,0.000000e+00,0.000000e+00,0.000000e+00,0.000000e+00,0.000000e+00,0.000000e+00,0.000000e+00,0.000000e+00,0.000000e+00,0.000000e+00
1.000000e+00,0.000000e+00,0.000000e+00,0.000000e+00,0.000000e+00,0.000000e+00,0.000000e+00,0.000000e+00,0.000000e+00,0.000000e+00,0.000000e+00,0.000000e+00,0.000000e+00,0.000000e+00,0.000000e+00
1.000000e+00,0.000000e+00,0.000000e+00,0.000000e+00,0.000000e+00,0.000000e+00,0.000000e+00,0.000000e+00,0.000000e+00,0.000000e+00,0.000000e+00,0.000000e+00,0.000000e+00,0.000000e+00,0.000000e+00
1.000000e+00,0.000000e+00,0.000000e+00,0.000000e+00,0.000000e+00,0.000000e+00,0.000000e+00,0.000000e+00,0.000000e+00,0.000000e+00,0.000000e+00,0.000000e+00,0.000000e+00,0.000000e+00,0.000000e+00
1.000000e+00,0.000000e+00,0.000000e+00,0.000000e+00,0.000000e+00,0.000000e+00,0.000000e+00,0.000000e+00,0.000000e+00,0.000000e+00,0.000000e+00,0.000000e+00,0.000000e+00,0.000000e+00,0.000000e+00
1.000000e+00,0.000000e+00,0.000000e+00,0.000000e+00,0.000000e+00,0.000000e+00,0.000000e+00,0.000000e+00,0.000000e+00,0.000000e+00,0.000000e+00,0.000000e+00,0.000000e+00,0.000000e+00,0.000000e+00
1.000000e+00,0.000000e+00,0.000000e+00,0.000000e+00,0.000000e+00,0.000000e+00,0.000000e+00,0.000000e+00,0.000000e+00,0.000000e+00,0.000000e+00,0.000000e+00,0.000000e+00,0.000000e+00,0.000000e+00
1.000000e+00,0.000000e+00,0.000000e+00,0.000000e+00,0.000000e+00,0.000000e+00,0.000000e+00,0.000000e+00,0.000000e+00,0.000000e+00,0.000000e+00,0.000000e+00,0.000000e+00,0.000000e+00,0.000000e+00
1.000000e+00,0.000000e+00,0.000000e+00,0.000000e+00,0.000000e+00,0.000000e+00,0.000000e+00,0.000000e+00,0.000000e+00,0.000000e+00,0.000000e+00,0.000000e+00,0.000000e+00,0.000000e+00,0.000000e+00
1.000000e+00,0.000000e+00,0.000000e+00,0.000000e+00,0.000000e+00,0.000000e+00,0.000000e+00,0.000000e+00,0.000000e+00,0.000000e+00,0.000000e+00,0.000000e+00,0.000000e+00,0.000000e+00,0.000000e+00
1.000000e+00,0.000000e+00,0.000000e+00,0.000000e+00,0.000000e+00,0.000000e+00,0.000000e+00,0.000000e+00,0.000000e+00,0.000000e+00,0.000000e+00,0.000000e+00,0.000000e+00,0.000000e+00,0.000000e+00
1.000000e+00,0.000000e+00,0.000000e+00,0.000000e+00,0.000000e+00,0.000000e+00,0.000000e+00,0.000000e+00,0.000000e+00,0.000000e+00,0.000000e+00,0.000000e+00,0.000000e+00,0.000000e+00,0.000000e+00
1.000000e+00,0.000000e+00,0.000000e+00,0.000000e+00,0.000000e+00,0.000000e+00,0.000000e+00,0.000000e+00,0.000000e+00,0.000000e+00,0.000000e+00,0.000000e+00,0.000000e+00,0.000000e+00,0.000000e+00
1.000000e+00,0.000000e+00,0.000000e+00,0.000000e+00,0.000000e+00,0.000000e+00,0.000000e+00,0.000000e+00,0.000000e+00,0.000000e+00,0.000000e+00,0.000000e+00,0.000000e+00,0.000000e+00,0.000000e+00
1.000000e+00,0.000000e+00,0.000000e+00,0.000000e+00,0.000000e+00,0.000000e+00,0.000000e+00,0.000000e+00,0.000000e+00,0.000000e+00,0.000000e+00,0.000000e+00,0.000000e+00,0.000000e+00,0.000000e+00
1.000000e+00,0.000000e+00,0.000000e+00,0.000000e+00,0.000000e+00,0.000000e+00,0.000000e+00,0.000000e+00,0.000000e+00,0.000000e+00,0.000000e+00,0.000000e+00,0.000000e+00,0.000000e+00,0.000000e+00
1.000000e+00,0.000000e+00,0.000000e+00,0.000000e+00,0.000000e+00,0.000000e+00,0.000000e+00,0.000000e+00,0.000000e+00,0.000000e+00,0.000000e+00,0.000000e+00,0.000000e+00,0.000000e+00,0.000000e+00
1.000000e+00,0.000000e+00,0.000000e+00,0.000000e+00,0.000000e+00,0.000000e+00,0.000000e+00,0.000000e+00,0.000000e+00,0.000000e+00,0.000000e+00,0.000000e+00,0.000000e+00,0.000000e+00,0.000000e+00
1.000000e+00,0.000000e+00,0.000000e+00,0.000000e+00,0.000000e+00,0.000000e+00,0.000000e+00,0.000000e+00,0.000000e+00,0.000000e+00,0.000000e+00,0.000000e+00,0.000000e+00,0.000000e+00,0.000000e+00
1.000000e+00,0.000000e+00,0.000000e+00,0.000000e+00,0.000000e+00,0.000000e+00,0.000000e+00,0.000000e+00,0.000000e+00,0.000000e+00,0.000000e+00,0.000000e+00,0.000000e+00,0.000000e+00,0.000000e+00
1.000000e+00,0.000000e+00,0.000000e+00,0.000000e+00,0.000000e+00,0.000000e+00,0.000000e+00,0.000000e+00,0.000000e+00,0.000000e+00,0.000000e+00,0.000000e+00,0.000000e+00,0.000000e+00,0.000000e+00
1.000000e+00,0.000000e+00,0.000000e+00,0.000000e+00,0.000000e+00,0.000000e+00,0.000000e+00,0.000000e+00,0.000000e+00,0.000000e+00,0.000000e+00,0.000000e+00,0.000000e+00,0.000000e+00,0.000000e+00
1.000000e+00,0.000000e+00,0.000000e+00,0.000000e+00,0.000000e+00,0.000000e+00,0.000000e+00,0.000000e+00,0.000000e+00,0.000000e+00,0.000000e+00,0.000000e+00,0.000000e+00,0.000000e+00,0.000000e+00
1.000000e+00,0.000000e+00,0.000000e+00,0.000000e+00,0.000000e+00,0.000000e+00,0.000000e+00,0.000000e+00,0.000000e+00,0.000000e+00,0.000000e+00,0.000000e+00,0.000000e+00,0.000000e+00,0.000000e+00
1.000000e+00,0.000000e+00,0.000000e+00,0.000000e+00,0.000000e+00,0.000000e+00,0.000000e+00,0.000000e+00,0.000000e+00,0.000000e+00,0.000000e+00,0.000000e+00,0.000000e+00,0.000000e+00,0.000000e+00
1.000000e+00,0.000000e+00,0.000000e+00,0.000000e+00,0.000000e+00,0.000000e+00,0.000000e+00,0.000000e+00,0.000000e+00,0.000000e+00,0.000000e+00,0.000000e+00,0.000000e+00,0.000000e+00,0.000000e+00
1.000000e+00,0.000000e+00,0.000000e+00,0.000000e+00,0.000000e+00,0.000000e+00,0.000000e+00,0.000000e+00,0.000000e+00,0.000000e+00,0.000000e+00,0.000000e+00,0.000000e+00,0.000000e+00,0.000000e+00
1.000000e+00,0.000000e+00,0.000000e+00,0.000000e+00,0.000000e+00,0.000000e+00,0.000000e+00,0.000000e+00,0.000000e+00,0.000000e+00,0.000000e+00,0.000000e+00,0.000000e+00,0.000000e+00,0.000000e+00
1.000000e+00,0.000000e+00,0.000000e+00,0.000000e+00,0.000000e+00,0.000000e+00,0.000000e+00,0.000000e+00,0.000000e+00,0.000000e+00,0.000000e+00,0.000000e+00,0.000000e+00,0.000000e+00,0.000000e+00
1.000000e+00,0.000000e+00,0.000000e+00,0.000000e+00,0.000000e+00,0.000000e+00,0.000000e+00,0.000000e+00,0.000000e+00,0.000000e+00,0.000000e+00,0.000000e+00,0.000000e+00,0.000000e+00,0.000000e+00
1.000000e+00,0.000000e+00,0.000000e+00,0.000000e+00,0.000000e+00,0.000000e+00,0.000000e+00,0.000000e+00,0.000000e+00,0.000000e+00,0.000000e+00,0.000000e+00,0.000000e+00,0.000000e+00,0.000000e+00
1.000000e+00,0.000000e+00,0.000000e+00,0.000000e+00,0.000000e+00,0.000000e+00,0.000000e+00,0.000000e+00,0.000000e+00,0.000000e+00,0.000000e+00,0.000000e+00,0.000000e+00,0.000000e+00,0.000000e+00
4.521312e-01,2.188778e-02,2.195090e-01,8.593731e-02,8.932641e-03,2.415288e-02,7.678656e-03,4.749815e-02,6.842311e-03,1.984357e-03,2.052036e-02,5.255029e-02,2.452749e-02,3.999628e-03,2.184795e-02
3.836612e-01,1.639266e-02,3.379429e-01,7.893633e-02,7.004890e-03,1.823240e-02,6.094914e-03,5.496203e-02,5.010904e-03,1.501369e-03,1.527924e-02,3.817324e-02,1.794419e-02,2.975740e-03,1.588797e-02
3.815685e-01,1.270951e-02,3.689804e-01,7.579894e-02,5.501005e-03,1.641648e-02,5.357511e-03,5.676051e-02,3.752216e-03,1.251779e-03,1.200253e-02,3.106143e-02,1.429600e-02,2.321368e-03,1.222190e-02
2.966722e-01,9.038525e-03,4.705614e-01,6.913908e-02,4.091246e-03,1.257908e-02,4.652430e-03,7.677749e-02,2.717237e-03,1.001496e-03,8.809174e-03,2.284311e-02,1.053138e-02,1.770151e-03,8.816103e-03
2.831557e-01,6.563044e-03,5.172849e-01,5.759517e-02,3.259629e-03,1.018128e-02,3.975358e-03,7.419930e-02,2.206557e-03,1.089889e-03,6.878926e-03,1.723770e-02,8.169387e-03,1.513583e-03,6.689593e-03
3.372143e-01,5.034839e-03,4.892025e-01,4.659715e-02,3.155941e-03,8.779773e-03,3.746153e-03,6.915247e-02,2.037295e-03,1.659760e-03,5.287876e-03,1.395294e-02,6.792962e-03,1.276382e-03,6.109715e-03
3.905367e-01,4.149027e-03,4.533017e-01,3.796865e-02,3.709519e-03,7.574964e-03,3.556510e-03,6.731570e-02,1.987229e-03,2.061711e-03,4.116708e-03,1.128831e-02,5.641798e-03,1.108140e-03,5.683321e-03
4.599589e-01,3.317233e-03,3.910047e-01,3.234877e-02,3.436106e-03,8.827167e-03,4.884041e-03,6.581555e-02,1.755595e-03,1.945738e-03,3.430583e-03,1.131656e-02,5.595530e-03,1.086759e-03,5.276707e-03
4.367667e-01,2.623784e-03,4.046935e-01,3.167756e-02,3.072559e-03,9.759174e-03,6.015536e-03,7.593405e-02,1.564323e-03,1.968057e-03,2.859324e-03,1.179619e-02,5.707633e-03,1.046942e-03,4.514671e-03
3.208126e-01,2.478139e-03,5.250738e-01,5.220903e-02,2.862265e-03,7.429000e-03,4.472938e-03,5.908015e-02,1.391059e-03,2.254291e-03,2.347387e-03,1.089715e-02,4.405660e-03,8.025202e-04,3.483974e-03
2.536960e-01,2.523303e-03,5.856549e-01,6.108789e-02,2.763491e-03,7.133747e-03,3.993858e-03,5.269041e-02,1.467109e-03,8.165201e-03,2.432019e-03,1.021511e-02,3.796496e-03,9.335021e-04,3.446926e-03
1.849302e-01,3.027773e-03,6.127261e-01,8.895874e-02,2.466509e-03,5.580034e-03,3.084678e-03,4.010180e-02,1.937898e-03,2.005254e-02,1.153722e-02,1.547062e-02,3.685944e-03,3.035760e-03,3.404274e-03
1.314712e-01,6.334887e-03,5.610815e-01,9.709485e-02,1.894503e-03,4.331618e-03,2.257504e-03,2.899837e-02,6.560285e-03,1.528762e-02,7.338704e-02,1.837611e-02,2.859164e-03,4.515940e-02,4.905919e-03
9.275556e-02,5.068939e-03,4.194126e-01,7.567571e-02,1.411607e-03,3.181163e-03,1.598571e-03,2.063044e-02,5.263922e-03,1.101199e-02,1.250102e-01,1.316638e-02,2.039908e-03,2.199651e-01,3.807843e-03
6.621803e-02,4.229222e-03,2.954730e-01,5.531415e-02,1.195450e-03,3.262228e-03,1.147100e-03,1.477504e-02,5.501082e-03,8.001209e-03,2.241484e-01,1.092355e-02,1.575443e-03,3.052865e-01,2.949571e-03
4.653761e-02,3.218763e-03,2.069394e-01,3.978771e-02,1.366319e-03,2.864297e-03,8.628513e-04,1.062309e-02,4.991779e-03,6.583856e-03,3.001314e-01,9.573760e-03,2.124744e-03,3.620593e-01,2.335150e-03
3.270800e-02,2.398506e-03,1.449523e-01,2.898845e-02,1.469769e-03,2.342939e-03,6.405772e-04,7.773401e-03,4.074330e-03,4.913583e-03,2.957757e-01,9.251295e-03,2.273750e-03,4.606568e-01,1.780640e-03
2.299366e-02,1.868980e-03,1.015094e-01,2.096970e-02,2.033100e-03,1.890622e-03,4.855502e-04,5.536237e-03,4.677560e-03,3.649584e-03,3.178120e-01,8.288230e-03,2.497678e-03,5.044323e-01,1.355428e-03
1.612539e-02,1.382710e-03,7.110208e-02,1.485862e-02,1.969379e-03,1.502111e-03,3.670199e-04,3.912292e-03,3.534869e-03,2.704096e-03,3.050661e-01,6.688470e-03,2.337737e-03,5.674511e-01,9.980265e-04
1.133555e-02,1.065032e-03,4.991573e-02,1.056175e-02,2.334823e-03,1.670161e-03,2.825708e-04,2.798892e-03,2.803046e-03,2.094786e-03,3.302121e-01,6.113971e-03,2.247682e-03,5.757986e-01,7.652708e-04
7.993287e-03,1.249969e-03,3.538542e-02,7.449318e-03,5.449775e-03,1.875579e-03,2.259853e-04,2.057294e-03,3.077422e-03,1.631400e-03,3.958200e-01,6.853387e-03,1.763037e-03,5.285070e-01,6.612042e-04
5.638708e-03,9.682964e-04,2.555692e-02,5.314657e-03,5.035631e-03,6.660003e-03,1.961560e-04,1.665837e-03,3.327824e-03,1.416934e-03,4.113306e-01,5.734265e-03,1.349519e-03,5.252190e-01,5.856644e-04
3.978155e-03,1.175777e-03,1.862007e-02,3.765643e-03,4.145078e-03,5.450047e-03,1.766205e-04,1.250590e-03,5.279578e-03,2.393369e-03,4.937039e-01,4.908829e-03,1.069145e-03,4.535462e-01,5.370736e-04
2.881035e-03,1.055763e-03,1.416614e-02,2.795869e-03,3.842789e-03,4.507569e-03,3.849331e-04,1.567462e-03,7.192486e-03,6.136870e-03,5.068832e-01,4.043014e-03,1.019655e-03,4.430094e-01,5.138717e-04
2.057639e-03,1.109799e-03,1.012255e-02,2.087762e-03,5.542710e-03,4.376939e-03,6.174188e-04,1.314289e-03,1.002562e-02,8.936640e-03,5.438927e-01,3.796117e-03,9.147027e-04,4.047014e-01,5.036065e-04
1.613272e-03,1.069444e-03,7.571000e-03,2.012572e-03,2.132304e-02,4.019436e-03,1.779040e-03,2.738330e-03,2.115975e-02,1.398987e-02,5.759939e-01,3.495891e-03,1.201469e-03,3.413241e-01,7.088718e-04
1.340411e-03,1.912049e-03,6.010916e-03,2.418983e-03,2.837472e-02,4.449958e-03,2.251628e-03,4.869532e-03,4.880441e-02,1.793263e-02,5.456536e-01,4.357295e-03,1.416608e-03,3.294724e-01,7.348368e-04
1.801510e-03,5.553730e-03,5.605988e-03,3.303445e-03,6.623880e-02,1.546480e-02,1.906006e-03,5.661044e-03,7.435443e-02,2.653607e-02,4.688726e-01,5.406985e-03,1.786858e-03,3.148727e-01,2.634941e-03
7.205181e-03,9.361351e-03,2.134948e-02,6.625884e-03,1.443937e-01,3.102319e-02,1.822414e-03,7.419760e-02,7.830647e-02,1.998159e-02,3.626209e-01,4.293854e-03,2.093395e-03,2.337612e-01,2.963890e-03
2.142005e-02,2.303895e-02,3.834934e-02,1.108184e-02,1.958507e-01,3.598588e-02,1.805675e-03,1.066886e-01,9.713787e-02,1.559976e-02,2.693622e-01,3.449722e-03,1.820852e-03,1.725124e-01,5.896223e-03
1.980033e-02,8.356837e-02,3.548849e-02,9.521626e-03,1.617326e-01,6.378432e-02,1.547046e-03,7.977418e-02,1.742816e-01,1.254473e-02,1.898355e-01,2.509633e-03,1.603623e-03,1.227538e-01,4.125407e-02
1.961646e-02,1.141746e-01,8.034319e-02,1.252555e-02,1.301486e-01,6.296775e-02,1.539765e-03,6.494232e-02,2.359460e-01,1.004005e-02,1.343861e-01,1.895961e-03,1.417231e-03,8.672773e-02,4.332869e-02
1.587482e-02,1.106739e-01,1.787520e-01,2.013580e-02,9.329138e-02,4.628479e-02,1.193196e-03,5.851352e-02,1.983935e-01,8.651664e-03,9.506261e-02,1.871935e-03,1.835744e-03,6.101911e-02,1.084459e-01
2.164889e-02,1.083465e-01,1.650760e-01,3.063418e-02,7.444839e-02,4.245151e-02,1.170005e-03,9.107785e-02,2.570387e-01,6.586093e-03,6.863008e-02,2.618534e-03,2.180297e-03,4.430815e-02,8.378474e-02
3.181858e-02,1.044273e-01,1.805436e-01,4.010130e-02,7.898265e-02,5.548358e-02,1.306444e-03,8.929431e-02,2.582504e-01,5.068882e-03,4.937284e-02,2.191440e-03,2.170308e-03,3.208120e-02,6.890719e-02
4.355473e-02,9.414949e-02,2.266082e-01,3.447725e-02,1.374633e-01,5.914647e-02,1.284795e-03,7.453882e-02,2.123586e-01,3.689841e-03,3.507798e-02,1.650536e-03,1.742881e-03,2.348449e-02,5.077266e-02
4.106881e-02,9.364854e-02,2.731290e-01,4.186917e-02,1.542631e-01,6.956977e-02,1.743955e-03,7.942870e-02,1.596248e-01,2.727324e-03,2.507542e-02,1.258006e-03,1.459086e-03,1.695617e-02,3.817818e-02
3.279563e-02,6.722959e-02,1.988603e-01,3.204210e-02,1.391605e-01,6.097863e-02,1.498052e-03,2.943980e-01,1.128519e-01,1.912888e-03,1.761261e-02,9.127018e-04,1.083635e-03,1.189304e-02,2.677030e-02
2.506011e-02,4.726839e-02,1.411149e-01,2.335158e-02,1.020458e-01,4.447964e-02,1.177426e-03,4.941885e-01,7.907227e-02,1.343431e-03,1.235473e-02,6.532246e-04,7.928400e-04,8.328418e-03,1.876872e-02
2.091855e-02,3.338147e-02,9.957536e-02,1.673115e-02,7.506628e-02,3.210936e-02,9.106658e-04,6.360155e-01,5.548599e-02,9.647418e-04,8.711306e-03,4.771026e-04,6.367896e-04,5.834482e-03,1.318122e-02
1.775886e-02,2.348907e-02,7.018647e-02,1.208090e-02,5.406002e-02,2.349442e-02,7.801892e-04,7.369025e-01,3.904153e-02,8.780327e-04,6.626680e-03,4.354567e-04,7.838085e-04,4.111293e-03,9.370859e-03
1.442449e-02,1.652189e-02,4.981090e-02,8.896562e-03,3.864347e-02,1.697092e-02,6.883417e-04,8.104514e-01,2.741560e-02,7.428245e-04,4.873464e-03,3.322264e-04,7.086106e-04,2.887388e-03,6.632005e-03
1.265587e-02,1.172601e-02,3.548478e-02,6.758774e-03,2.816767e-02,1.231048e-02,5.934278e-04,8.606713e-01,1.935948e-02,5.668486e-04,3.912943e-03,2.838997e-04,7.242520e-04,2.043021e-03,4.741294e-03
4.358648e-02,9.089688e-03,2.513949e-02,5.763162e-03,2.201210e-02,1.207350e-02,9.199767e-04,8.264583e-01,1.526747e-02,7.722529e-04,2.019889e-02,2.572075e-03,1.032824e-02,1.969482e-03,3.848967e-03
3.221795e-02,6.763564e-03,1.791340e-02,5.617550e-03,1.592601e-02,9.134912e-03,1.180225e-03,6.497067e-01,1.146167e-02,9.549495e-04,1.889762e-02,1.050819e-02,2.140549e-01,1.646015e-03,4.016257e-03
2.363838e-02,4.963059e-03,1.320428e-02,4.767425e-03,1.167899e-02,7.354958e-03,2.717589e-03,4.774010e-01,8.750260e-03,8.529006e-04,1.461127e-02,3.520338e-02,3.897908e-01,1.451470e-03,3.614267e-03
1.753807e-02,3.761369e-03,1.018178e-02,4.729431e-03,9.587337e-03,6.387426e-03,4.968436e-03,3.366561e-01,8.642815e-03,8.139679e-04,1.120818e-02,5.883294e-02,5.216307e-01,1.204538e-03,3.856900e-03
1.416750e-02,2.754821e-03,7.291704e-03,3.458316e-03,9.104332e-03,8.760413e-03,7.014430e-03,2.366043e-01,7.209776e-03,6.979455e-04,9.020798e-03,3.055706e-01,3.841982e-01,1.231576e-03,2.915267e-03
1.349388e-02,2.037517e-03,5.308961e-03,2.443898e-03,6.518424e-03,1.637406e-02,5.447572e-03,1.657615e-01,5.407750e-03,5.446789e-04,9.161482e-03,4.910514e-01,2.733929e-01,9.309975e-04,2.125082e-03
1.079517e-02,1.552629e-03,3.835629e-03,1.729907e-03,4.678655e-03,1.411121e-02,4.260921e-03,1.161334e-01,4.182313e-03,6.309095e-04,1.274976e-02,6.284369e-01,1.945976e-01,7.407697e-04,1.564249e-03
8.379037e-03,1.131877e-03,2.703006e-03,1.219033e-03,3.339371e-03,1.065260e-02,3.116882e-03,8.132236e-02,3.091166e-03,8.252307e-04,1.217137e-02,7.336359e-01,1.367315e-01,5.690304e-04,1.111669e-03
6.789598e-03,8.414110e-04,1.928012e-03,8.695158e-04,2.471802e-03,8.317285e-03,2.514170e-03,5.695616e-02,2.447193e-03,1.581077e-03,1.931706e-02,7.983657e-01,9.629631e-02,4.900278e-04,8.146913e-04
4.841599e-03,5.974566e-04,1.352210e-03,6.098420e-04,1.751117e-03,5.956147e-03,1.799198e-03,3.987651e-02,1.850153e-03,1.513457e-03,2.194373e-02,8.494192e-01,6.752543e-02,3.880642e-04,5.758617e-04
3.421840e-03,4.335962e-04,9.496570e-04,4.275700e-04,1.244529e-03,4.201525e-03,1.263175e-03,2.791772e-02,1.702495e-03,1.382663e-03,2.442722e-02,8.846208e-01,4.732304e-02,2.799764e-04,4.042803e-04
2.423610e-03,3.247883e-04,6.727568e-04,3.039257e-04,9.141751e-04,3.159768e-03,8.932532e-04,1.956671e-02,1.299593e-03,1.345751e-03,2.400614e-02,9.114542e-01,3.315094e-02,2.011645e-04,2.833323e-04
1.820668e-03,2.353858e-04,4.739752e-04,2.233847e-04,6.584766e-04,2.270882e-03,6.289394e-04,1.372956e-02,9.851479e-04,1.439965e-03,2.706985e-02,9.268999e-01,2.321288e-02,1.522785e-04,1.987616e-04
1.367641e-03,1.700761e-04,3.334277e-04,1.633461e-04,4.790200e-04,1.613207e-03,4.419089e-04,9.630540e-03,7.605373e-04,1.218661e-03,2.525910e-02,9.420428e-01,1.625412e-02,1.259871e-04,1.396610e-04
1.066087e-03,2.638092e-04,2.918543e-04,1.520844e-04,7.352465e-04,1.458798e-03,3.130760e-04,6.828466e-03,6.895122e-04,1.656215e-03,1.941829e-02,9.554526e-01,1.139849e-02,1.727934e-04,1.027214e-04
8.391598e-04,2.206781e-04,2.341729e-04,1.192240e-04,6.248547e-04,1.227471e-03,2.229942e-04,4.801603e-03,5.190715e-04,1.704880e-03,1.733484e-02,9.637541e-01,7.996340e-03,3.208731e-04,7.980644e-05
6.606843e-04,1.930248e-04,2.567573e-04,1.087095e-04,6.087095e-04,1.100940e-03,1.743250e-04,3.463139e-03,4.028984e-04,1.594847e-03,1.437660e-02,9.709455e-01,5.612142e-03,4.384014e-04,6.332555e-05
5.540328e-04,1.843890e-04,2.169490e-04,1.416843e-04,4.341691e-03,2.269087e-03,3.581516e-04,2.865892e-03,3.470891e-04,1.308291e-03,2.176771e-02,9.608336e-01,4.002038e-03,7.548763e-04,5.451105e-05
4.633107e-04,2.446665e-04,2.015730e-04,1.311264e-04,7.237704e-03,2.037979e-03,5.003308e-04,2.235502e-03,3.914407e-04,1.087255e-03,3.517097e-02,9.463693e-01,2.916550e-03,9.578168e-04,5.451984e-05
3.593157e-04,5.306925e-04,3.689572e-04,1.092381e-04,1.425797e-02,2.582559e-03,9.565023e-04,1.899138e-03,4.467494e-04,8.138762e-04,3.421707e-02,9.399235e-01,2.086193e-03,1.390158e-03,5.801182e-05
3.335779e-04,9.118415e-04,5.757807e-04,1.361770e-04,2.663205e-02,2.303584e-03,2.853407e-03,1.985295e-03,1.446815e-03,8.007219e-04,8.542700e-02,8.713794e-01,1.594331e-03,3.474759e-03,1.452242e-04
4.953560e-04,2.585675e-03,1.714189e-03,1.510968e-04,2.899812e-02,4.455055e-03,4.510303e-03,2.009184e-03,1.481547e-03,9.716835e-04,1.807633e-01,7.663943e-01,1.316144e-03,3.782744e-03,3.714226e-04
1.241061e-03,2.379869e-03,3.149295e-03,1.338780e-04,2.521447e-02,4.221920e-03,4.478752e-03,1.841061e-03,1.734071e-03,1.183076e-03,3.904918e-01,5.587241e-01,1.256640e-03,3.249897e-03,7.001794e-04
2.963258e-03,2.403226e-03,1.328054e-02,2.625533e-04,2.665269e-02,7.460938e-03,5.397322e-03,5.060324e-03,2.824307e-03,2.104020e-03,5.160866e-01,4.093364e-01,1.311185e-03,3.223072e-03,1.633594e-03
7.471904e-03,3.980245e-03,5.577802e-02,4.169623e-04,5.961440e-02,6.378931e-02,4.704711e-03,3.079426e-02,8.735705e-03,2.324150e-03,4.598721e-01,2.950445e-01,1.420772e-03,2.909178e-03,3.143775e-03
7.968283e-03,3.051411e-03,2.037438e-01,6.743097e-04,4.799846e-02,4.885469e-02,3.609941e-03,1.259389e-01,7.596082e-03,1.771533e-03,3.355991e-01,2.075112e-01,1.101371e-03,2.199298e-03,2.381605e-03
1.177132e-02,2.969827e-03,3.309978e-01,3.432785e-03,4.418123e-02,7.892819e-02,2.755125e-03,1.074850e-01,7.852682e-03,1.428760e-03,2.572847e-01,1.460212e-01,1.032270e-03,1.619685e-03,2.239313e-03
1.584459e-02,5.285937e-03,3.493067e-01,1.159757e-02,6.613642e-02,1.085353e-01,3.799160e-03,1.233550e-01,8.294339e-03,1.201388e-03,1.995373e-01,1.027747e-01,1.075177e-03,1.227177e-03,2.029257e-03
3.129402e-02,1.069202e-02,2.909905e-01,2.986752e-02,1.566131e-01,1.230514e-01,8.031910e-03,9.544665e-02,1.524140e-02,1.389051e-03,1.587409e-01,7.304583e-02,1.657417e-03,1.282999e-03,2.655295e-03
5.336601e-02,1.582329e-02,3.322864e-01,3.116661e-02,2.070249e-01,9.497111e-02,8.733513e-03,6.941740e-02,1.350311e-02,1.144825e-03,1.149702e-01,5.204353e-02,1.480034e-03,1.533737e-03,2.535306e-03
7.319389e-02,2.596176e-02,2.795239e-01,7.868309e-02,2.446011e-01,7.336042e-02,1.415545e-02,5.364985e-02,1.311417e-02,1.184588e-03,9.300172e-02,4.166321e-02,2.420650e-03,2.898640e-03,2.587565e-03
1.018712e-01,3.101694e-02,2.457965e-01,1.019208e-01,2.483236e-01,5.988402e-02,1.376684e-02,4.431940e-02,1.549724e-02,1.399130e-03,8.356125e-02,4.081749e-02,3.785471e-03,5.227417e-03,2.812763e-03
1.354916e-01,2.876895e-02,1.888235e-01,1.201037e-01,2.498210e-01,4.773378e-02,1.070201e-02,6.922817e-02,1.511045e-02,1.279968e-03,8.264903e-02,3.726540e-02,4.176327e-03,6.218194e-03,2.627955e-03
1.123691e-01,2.072251e-02,1.342534e-01,8.986855e-02,2.545201e-01,3.447588e-02,7.900595e-03,2.328642e-01,1.249478e-02,9.278558e-04,6.131718e-02,2.775761e-02,3.964288e-03,4.630342e-03,1.933737e-03
8.339412e-02,1.472521e-02,9.462211e-02,6.419906e-02,2.019349e-01,2.447394e-02,5.753977e-03,4.304264e-01,9.552279e-03,6.599832e-04,4.310137e-02,1.950008e-02,3.024457e-03,3.263353e-03,1.368820e-03
5.996159e-02,1.035334e-02,6.662116e-02,4.652586e-02,1.481958e-01,1.743917e-02,4.191986e-03,5.900341e-01,6.838273e-03,4.720799e-04,3.022958e-02,1.367889e-02,2.191330e-03,2.303817e-03,9.630203e-04
4.320761e-02,7.278120e-03,4.685731e-02,3.352754e-02,1.084749e-01,1.242720e-02,3.079114e-03,7.052490e-01,4.890299e-03,3.355939e-04,2.119126e-02,9.596788e-03,1.587231e-03,1.620067e-03,6.779620e-04
4.822483e-02,5.246355e-03,3.307580e-02,2.402452e-02,8.752975e-02,1.088314e-02,2.461229e-03,7.583356e-01,3.625883e-03,2.588966e-04,1.555222e-02,7.072599e-03,1.982416e-03,1.170584e-03,5.561374e-04
6.928492e-02,3.850416e-03,2.322536e-02,1.807914e-02,6.655008e-02,9.917608e-03,1.969280e-03,6.653561e-01,4.468246e-03,1.106176e-03,6.252591e-02,2.558724e-02,4.548437e-02,1.476798e-03,1.118319e-03
5.053854e-02,2.713123e-03,1.629899e-02,1.443056e-02,4.697191e-02,8.298905e-03,1.653723e-03,4.792805e-01,3.329873e-03,9.562106e-04,4.990653e-02,4.325224e-02,2.799430e-01,1.073389e-03,1.352496e-03
4.002894e-02,1.941995e-03,1.148082e-02,1.116214e-02,3.362607e-02,9.810780e-03,3.599955e-03,3.483484e-01,3.440247e-03,8.883183e-04,3.717978e-02,1.331276e-01,3.623010e-01,1.732892e-03,1.331074e-03
3.258294e-02,1.431245e-03,8.092748e-03,8.237136e-03,2.451035e-02,8.823335e-03,9.920351e-03,2.500378e-01,3.902020e-03,8.347480e-04,2.776507e-02,3.221818e-01,2.966353e-01,3.932487e-03,1.112636e-03
2.573216e-02,1.049619e-03,5.700159e-03,5.841646e-03,1.725122e-02,8.094678e-03,7.344866e-03,1.757042e-01,3.648197e-03,7.144592e-04,2.079097e-02,5.028141e-01,2.209871e-01,3.510822e-03,8.157837e-04
1.883115e-02,7.566382e-04,4.017305e-03,4.109180e-03,1.211555e-02,6.519137e-03,5.279299e-03,1.231541e-01,2.782654e-03,5.909335e-04,1.713002e-02,6.414545e-01,1.595501e-01,3.124583e-03,5.847588e-04
1.373065e-02,5.432448e-04,2.833926e-03,2.890737e-03,8.495719e-03,4.632402e-03,3.723680e-03,8.629557e-02,2.449480e-03,5.377760e-04,1.261740e-02,7.454476e-01,1.127330e-01,2.648726e-03,4.200480e-04
9.787454e-03,3.952342e-04,1.991511e-03,2.051205e-03,6.009821e-03,3.384409e-03,2.660006e-03,6.065485e-02,4.382368e-03,4.884869e-04,1.389264e-02,8.114860e-01,7.931685e-02,3.185859e-03,3.132259e-04
6.883743e-03,3.884258e-04,1.406637e-03,1.445726e-03,4.258283e-03,2.433624e-03,1.874657e-03,4.252711e-02,1.270016e-02,4.173443e-04,1.997720e-02,8.459868e-01,5.597954e-02,3.481906e-03,2.387456e-04
4.834110e-03,3.958677e-04,1.020988e-03,1.022467e-03,3.006386e-03,1.825377e-03,1.319153e-03,2.978985e-02,2.283278e-02,4.243201e-04,3.199119e-02,8.580784e-01,3.956116e-02,3.719280e-03,1.786174e-04
3.425315e-03,9.612882e-04,8.417407e-04,7.640334e-04,2.193924e-03,1.949854e-03,9.307979e-04,2.089273e-02,5.171848e-02,8.884930e-04,5.455714e-02,8.231756e-01,2.826764e-02,9.260431e-03,1.724873e-04
2.496068e-03,7.826995e-02,1.538845e-03,5.618836e-04,2.344377e-03,2.418983e-03,6.592380e-04,1.473159e-02,1.190357e-01,2.025987e-03,1.117993e-01,6.161450e-01,2.088513e-02,2.624050e-02,8.473279e-04
1.794948e-03,6.355321e-02,1.255326e-03,4.496270e-04,2.098748e-03,2.621845e-03,4.636505e-04,1.032421e-02,2.575601e-01,2.528271e-03,1.735784e-01,4.380717e-01,1.484047e-02,2.972930e-02,1.130109e-03
1.286060e-03,4.636781e-02,9.123418e-04,3.571524e-04,1.716139e-03,2.141087e-03,3.255478e-04,7.233967e-03,3.420918e-01,2.206471e-03,2.460327e-01,3.130282e-01,1.053287e-02,2.476855e-02,9.992232e-04
9.213231e-04,4.360371e-02,7.188191e-04,2.777760e-04,1.294286e-03,2.064890e-03,2.287527e-04,5.068413e-03,4.353269e-01,1.898159e-03,2.548124e-01,2.218110e-01,7.446848e-03,2.318751e-02,1.339135e-03
6.905969e-04,4.094623e-02,6.474854e-04,2.712601e-04,1.095169e-03,3.419379e-03,1.626892e-04,3.588577e-03,4.710855e-01,1.905269e-03,2.878945e-01,1.583521e-01,5.379006e-03,2.219887e-02,2.363178e-03
5.282590e-04,2.981079e-02,5.479735e-04,3.709263e-04,1.165115e-03,4.113873e-03,1.174439e-04,2.939716e-03,5.803664e-01,1.762907e-03,2.428944e-01,1.120598e-01,4.029092e-03,1.701647e-02,2.276763e-03
4.825731e-04,2.136768e-02,5.113569e-04,8.157310e-04,1.446701e-03,4.070869e-03,9.206107e-05,5.257523e-03,6.820276e-01,1.830003e-03,1.842775e-01,7.931929e-02,3.192963e-03,1.321133e-02,2.096761e-03
6.333143e-04,1.537152e-02,1.445194e-03,5.756547e-03,4.050109e-03,4.172766e-03,1.256263e-04,1.103565e-02,7.392560e-01,2.330428e-03,1.391940e-01,5.818880e-02,3.773928e-03,1.113097e-02,3.535189e-03
1.027075e-03,1.125897e-02,3.284016e-03,1.452505e-02,7.562510e-03,1.011054e-02,2.401021e-04,7.858106e-02,6.923918e-01,3.115260e-03,1.040123e-01,4.926828e-02,7.085431e-03,1.348579e-02,4.051894e-03
9.889514e-04,8.305584e-03,2.615677e-03,1.210152e-02,7.500002e-03,1.122519e-02,2.424455e-04,6.113566e-02,7.623450e-01,2.938077e-03,7.417516e-02,3.568479e-02,5.884902e-03,1.031729e-02,4.539803e-03
1.075690e-03,6.358689e-03,1.981495e-03,1.310456e-02,2.019097e-02,9.950914e-03,3.334529e-04,4.428079e-02,8.076061e-01,2.200647e-03,5.210709e-02,2.505765e-02,4.181291e-03,7.312391e-03,4.258274e-03
1.148571e-03,5.764330e-03,1.510957e-03,2.254407e-02,4.962649e-02,1.022394e-02,6.859314e-04,3.385354e-02,8.064227e-01,1.659747e-03,3.659351e-02,1.758152e-02,2.999675e-03,5.191543e-03,4.193531e-03
1.556295e-03,4.798552e-03,2.031025e-03,4.288922e-02,7.172390e-02,1.371692e-02,1.515468e-03,5.846950e-02,7.538987e-01,1.423438e-03,2.571786e-02,1.235661e-02,2.175619e-03,3.718754e-03,4.008156e-03
2.557717e-03,6.587529e-03,3.207140e-03,6.746053e-02,9.896914e-02,1.533580e-02,1.967170e-03,1.069177e-01,6.592104e-01,1.401302e-03,1.816976e-02,8.691275e-03,1.617625e-03,2.705757e-03,5.201132e-03
1.316176e-02,9.582059e-03,3.134431e-03,6.759115e-02,1.545006e-01,5.007615e-02,2.585783e-03,1.066494e-01,5.630397e-01,1.320768e-03,1.289803e-02,6.106742e-03,1.214084e-03,2.115018e-03,6.024414e-03
2.593528e-02,1.470857e-02,3.376139e-02,1.836262e-01,1.260534e-01,4.037508e-02,2.457878e-03,1.197579e-01,4.130858e-01,1.692478e-03,9.804560e-03,4.367118e-03,1.122064e-03,1.628778e-03,2.162356e-02
3.488817e-02,1.428650e-02,4.053988e-02,1.993301e-01,1.351142e-01,3.567497e-02,3.095580e-03,1.769623e-01,3.291000e-01,1.311154e-03,7.460063e-03,3.133719e-03,1.121993e-03,1.333704e-03,1.664761e-02
5.852702e-02,3.037915e-02,4.336465e-02,1.682468e-01,1.432063e-01,4.871910e-02,3.608209e-03,1.740402e-01,3.027650e-01,1.289342e-03,6.347879e-03,2.315991e-03,1.219556e-03,1.318606e-03,1.465214e-02
6.727064e-02,5.831916e-02,3.624652e-02,1.367263e-01,1.427175e-01,4.011260e-02,3.447297e-03,1.996086e-01,2.909519e-01,1.135789e-03,5.656620e-03,1.982909e-03,2.393695e-03,1.291166e-03,1.213943e-02
7.088560e-02,8.520502e-02,3.947521e-02,1.346882e-01,1.382063e-01,3.414311e-02,4.636073e-03,2.085889e-01,2.540521e-01,1.041211e-03,5.107510e-03,1.828425e-03,8.293418e-03,1.229387e-03,1.261958e-02
9.611493e-02,1.177177e-01,5.041278e-02,1.207350e-01,1.120601e-01,2.824364e-02,6.708065e-03,2.088664e-01,2.275982e-01,9.272058e-04,3.955385e-03,1.537709e-03,1.323573e-02,9.682690e-04,1.091883e-02
2.148470e-01,9.447910e-02,4.832166e-02,9.280508e-02,9.323789e-02,3.409413e-02,9.511925e-03,1.829915e-01,1.987895e-01,8.539436e-04,3.262127e-03,2.269849e-03,1.417639e-02,8.983563e-04,9.461505e-03
3.056663e-01,7.304304e-02,6.260438e-02,7.140146e-02,6.945591e-02,5.086323e-02,2.251658e-02,1.461203e-01,1.588846e-01,7.662451e-04,2.732019e-03,2.868259e-03,2.370789e-02,8.716637e-04,8.498168e-03
3.679506e-01,5.598968e-02,8.554532e-02,5.284742e-02,4.991367e-02,7.274795e-02,4.959332e-02,1.123412e-01,1.155530e-01,8.151324e-04,2.354388e-03,3.773461e-03,2.158888e-02,9.088463e-04,8.077149e-03
4.032505e-01,4.586904e-02,1.050968e-01,3.965969e-02,3.578364e-02,8.775644e-02,7.510216e-02,8.508498e-02,8.320419e-02,1.111281e-03,1.976333e-03,5.672800e-03,1.990894e-02,1.113120e-03,9.409994e-03
4.445875e-01,3.358138e-02,8.849856e-02,2.934167e-02,2.568331e-02,1.138147e-01,9.460683e-02,6.657423e-02,5.945515e-02,1.419568e-03,1.952242e-03,8.757619e-03,1.946349e-02,1.221644e-03,1.104202e-02
1.000000e+00,0.000000e+00,0.000000e+00,0.000000e+00,0.000000e+00,0.000000e+00,0.000000e+00,0.000000e+00,0.000000e+00,0.000000e+00,0.000000e+00,0.000000e+00,0.000000e+00,0.000000e+00,0.000000e+00
1.000000e+00,0.000000e+00,0.000000e+00,0.000000e+00,0.000000e+00,0.000000e+00,0.000000e+00,0.000000e+00,0.000000e+00,0.000000e+00,0.000000e+00,0.000000e+00,0.000000e+00,0.000000e+00,0.000000e+00
1.000000e+00,0.000000e+00,0.000000e+00,0.000000e+00,0.000000e+00,0.000000e+00,0.000000e+00,0.000000e+00,0.000000e+00,0.000000e+00,0.000000e+00,0.000000e+00,0.000000e+00,0.000000e+00,0.000000e+00
1.000000e+00,0.000000e+00,0.000000e+00,0.000000e+00,0.000000e+00,0.000000e+00,0.000000e+00,0.000000e+00,0.000000e+00,0.000000e+00,0.000000e+00,0.000000e+00,0.000000e+00,0.000000e+00,0.000000e+00
1.000000e+00,0.000000e+00,0.000000e+00,0.000000e+00,0.000000e+00,0.000000e+00,0.000000e+00,0.000000e+00,0.000000e+00,0.000000e+00,0.000000e+00,0.000000e+00,0.000000e+00,0.000000e+00,0.000000e+00
1.000000e+00,0.000000e+00,0.000000e+00,0.000000e+00,0.000000e+00,0.000000e+00,0.000000e+00,0.000000e+00,0.000000e+00,0.000000e+00,0.000000e+00,0.000000e+00,0.000000e+00,0.000000e+00,0.000000e+00
1.000000e+00,0.000000e+00,0.000000e+00,0.000000e+00,0.000000e+00,0.000000e+00,0.000000e+00,0.000000e+00,0.000000e+00,0.000000e+00,0.000000e+00,0.000000e+00,0.000000e+00,0.000000e+00,0.000000e+00
1.000000e+00,0.000000e+00,0.000000e+00,0.000000e+00,0.000000e+00,0.000000e+00,0.000000e+00,0.000000e+00,0.000000e+00,0.000000e+00,0.000000e+00,0.000000e+00,0.000000e+00,0.000000e+00,0.000000e+00
1.000000e+00,0.000000e+00,0.000000e+00,0.000000e+00,0.000000e+00,0.000000e+00,0.000000e+00,0.000000e+00,0.000000e+00,0.000000e+00,0.000000e+00,0.000000e+00,0.000000e+00,0.000000e+00,0.000000e+00
1.000000e+00,0.000000e+00,0.000000e+00,0.000000e+00,0.000000e+00,0.000000e+00,0.000000e+00,0.000000e+00,0.000000e+00,0.000000e+00,0.000000e+00,0.000000e+00,0.000000e+00,0.000000e+00,0.000000e+00
1.000000e+00,0.000000e+00,0.000000e+00,0.000000e+00,0.000000e+00,0.000000e+00,0.000000e+00,0.000000e+00,0.000000e+00,0.000000e+00,0.000000e+00,0.000000e+00,0.000000e+00,0.000000e+00,0.000000e+00
1.000000e+00,0.000000e+00,0.000000e+00,0.000000e+00,0.000000e+00,0.000000e+00,0.000000e+00,0.000000e+00,0.000000e+00,0.000000e+00,0.000000e+00,0.000000e+00,0.000000e+00,0.000000e+00,0.000000e+00
1.000000e+00,0.000000e+00,0.000000e+00,0.000000e+00,0.000000e+00,0.000000e+00,0.000000e+00,0.000000e+00,0.000000e+00,0.000000e+00,0.000000e+00,0.000000e+00,0.000000e+00,0.000000e+00,0.000000e+00
4.370453e-01,9.317833e-03,9.875951e-03,1.354599e-02,8.114379e-03,2.615173e-02,1.273180e-02,8.759952e-03,1.078495e-02,1.451393e-03,5.080464e-03,1.566895e-02,3.871386e-01,1.711538e-03,5.262109e-02
3.727822e-01,6.839567e-03,1.171977e-02,9.929664e-03,1.110490e-02,4.282440e-02,2.113316e-02,1.124327e-02,8.432966e-03,1.176932e-03,4.367558e-03,1.563269e-02,4.233924e-01,1.351990e-03,5.806840e-02
2.752870e-01,4.881105e-03,1.226902e-02,8.292579e-03,1.148709e-02,4.055214e-02,1.725736e-02,1.453323e-01,6.552866e-03,9.381369e-04,3.916164e-03,1.204256e-02,4.036494e-01,1.003598e-03,5.653871e-02
2.181864e-01,3.483051e-03,1.354930e-02,1.051229e-02,1.247559e-02,9.200878e-02,3.769432e-02,2.100606e-01,5.008694e-03,7.809193e-04,3.779275e-03,9.208349e-03,3.283235e-01,7.723178e-04,5.415662e-02
1.558338e-01,2.457029e-03,1.114942e-02,8.074787e-03,1.064362e-02,1.597073e-01,1.442994e-01,2.012683e-01,3.608203e-03,5.887139e-04,2.752854e-03,6.555696e-03,2.543149e-01,5.425372e-04,3.820350e-02
1.105935e-01,1.731396e-03,8.447439e-03,5.920635e-03,9.919673e-03,1.222701e-01,3.461324e-01,1.675602e-01,2.593477e-03,4.649950e-04,2.003082e-03,4.656314e-03,1.904281e-01,3.832434e-04,2.689532e-02
7.861526e-02,1.240278e-03,6.273894e-03,4.369240e-03,8.653560e-03,1.176259e-01,4.655110e-01,1.459768e-01,1.939585e-03,3.697760e-04,1.568199e-03,3.342737e-03,1.453082e-01,2.708826e-04,1.893461e-02
5.664385e-02,9.238143e-04,4.511022e-03,3.212450e-03,7.585732e-03,1.105639e-01,5.339795e-01,1.358331e-01,1.527066e-03,2.829208e-04,1.755785e-03,2.473714e-03,1.270099e-01,1.914868e-04,1.350570e-02
4.046531e-02,6.600387e-04,3.302258e-03,2.308849e-03,5.595066e-03,9.274863e-02,6.203210e-01,1.162315e-01,1.107374e-03,2.035764e-04,1.281522e-03,1.772386e-03,1.043870e-01,1.349076e-04,9.480546e-03
2.849753e-02,4.647544e-04,2.393360e-03,1.639762e-03,3.972413e-03,6.877977e-02,7.205328e-01,8.733675e-02,7.826978e-04,1.445417e-04,9.342135e-04,1.270636e-03,7.649526e-02,9.506863e-05,6.660401e-03
2.050765e-02,3.315435e-04,1.867118e-03,1.195838e-03,2.879829e-03,6.263424e-02,7.680655e-01,7.153833e-02,5.715173e-04,1.043413e-04,6.855604e-04,9.517898e-04,6.391979e-02,6.816668e-05,4.678741e-03
1.548083e-02,2.427489e-04,1.835238e-03,9.602957e-04,2.217956e-03,4.874794e-02,8.017260e-01,7.482013e-02,4.196709e-04,8.438472e-05,5.816694e-04,7.783496e-04,4.870983e-02,5.827575e-05,3.336694e-03
1.108593e-02,1.967442e-04,1.546755e-03,7.226598e-04,1.697791e-03,3.664892e-02,8.475645e-01,6.182110e-02,2.992435e-04,7.461452e-05,4.828436e-04,6.233504e-04,3.478317e-02,5.198007e-05,2.400498e-03
8.410508e-03,1.966008e-04,1.609762e-03,6.451883e-04,1.488104e-03,2.909236e-02,8.782438e-01,5.178929e-02,2.181248e-04,8.293822e-05,4.878425e-04,5.269537e-04,2.530885e-02,5.326000e-05,1.846459e-03
9.932131e-03,4.208951e-04,2.305954e-03,7.778420e-04,2.642042e-03,4.858114e-02,8.348756e-01,7.165397e-02,2.587055e-04,1.619397e-04,1.456923e-03,6.027805e-04,2.380271e-02,7.877433e-05,2.448613e-03
1.627087e-02,1.022437e-03,3.136190e-03,1.010421e-03,5.570449e-03,6.415315e-02,7.733148e-01,1.019944e-01,3.165373e-04,3.392546e-04,2.527504e-03,7.485113e-04,2.424188e-02,1.237440e-04,5.229778e-03
2.538914e-02,1.052813e-03,3.723423e-03,1.335498e-03,6.941796e-03,6.360650e-02,7.032333e-01,1.614240e-01,3.401533e-04,9.940848e-04,3.686065e-03,8.030713e-04,2.017988e-02,1.313860e-04,7.158821e-03
4.998761e-02,1.195258e-03,3.161079e-03,1.466577e-03,8.220442e-03,5.544834e-02,5.452911e-01,2.941272e-01,5.474887e-04,2.086035e-03,8.281318e-03,1.128712e-03,1.616430e-02,2.242423e-04,1.267020e-02
5.612007e-02,1.621708e-03,3.537251e-03,5.649459e-03,7.178035e-03,5.895852e-02,4.134186e-01,2.659773e-01,9.332357e-03,3.558049e-02,5.787781e-02,6.047473e-03,2.094145e-02,7.445716e-03,5.031379e-02
4.424643e-02,1.870742e-03,3.612739e-03,5.326446e-03,5.645374e-03,6.818943e-02,2.966691e-01,2.135571e-01,1.107161e-02,2.655808e-02,4.300151e-02,4.776341e-03,2.233935e-01,5.920736e-03,4.616094e-02
3.301964e-02,1.966572e-03,2.993655e-03,4.649551e-03,4.198356e-03,5.501198e-02,2.105924e-01,1.577079e-01,1.041645e-02,1.974233e-02,3.152405e-02,3.690799e-03,4.116514e-01,4.265959e-03,4.856901e-02
2.531029e-02,1.546903e-03,2.802810e-03,3.999982e-03,4.167584e-03,4.166159e-02,1.533117e-01,1.125221e-01,1.003030e-02,1.412086e-02,2.273554e-02,3.922366e-03,5.636672e-01,3.148080e-03,3.705271e-02
1.876376e-02,1.118803e-03,2.143603e-03,3.374492e-03,4.744549e-03,7.814395e-02,1.080277e-01,7.888716e-02,7.647967e-03,1.002263e-02,2.179398e-02,1.245793e-02,6.215791e-01,2.418258e-03,2.887619e-02
1.382888e-02,8.179671e-04,1.682540e-03,2.619783e-03,4.061853e-03,6.771132e-02,7.668353e-02,5.527568e-02,5.649413e-03,7.309631e-03,2.203602e-02,1.804514e-02,7.012450e-01,2.289582e-03,2.074374e-02
9.847886e-03,5.800389e-04,1.241858e-03,1.922126e-03,3.300356e-03,5.581864e-02,5.405657e-02,3.876585e-02,4.084963e-03,6.098011e-03,3.697556e-02,3.069885e-02,7.316391e-01,2.047180e-03,2.292309e-02
7.080266e-03,4.467944e-04,1.591084e-03,1.744097e-03,8.239960e-03,3.946734e-02,3.798772e-02,2.763975e-02,6.764208e-03,6.406176e-03,5.500685e-02,1.117317e-01,6.728278e-01,1.697525e-03,2.136880e-02
