1.000000e+00,0.000000e+00,0.000000e+00,0.000000e+00,0.000000e+00,0.000000e+00,0.000000e+00,0.000000e+00,0.000000e+00,0.000000e+00,0.000000e+00,0.000000e+00,0.000000e+00,0.000000e+00,0.000000e+00
1.000000e+00,0.000000e+00,0.000000e+00,0.000000e+00,0.000000e+00,0.000000e+00,0.000000e+00,0.000000e+00,0.000000e+00,0.000000e+00,0.000000e+00,0.000000e+00,0.000000e+00,0.000000e+00,0.000000e+00
1.000000e+00,0.000000e+00,0.000000e+00,0.000000e+00,0.000000e+00,0.000000e+00,0.000000e+00,0.000000e+00,0.000000e+00,0.000000e+00,0.000000e+00,0.000000e+00,0.000000e+00,0.000000e+00,0.000000e+00
1.000000e+00,0.000000e+00,0.000000e+00,0.000000e+00,0.000000e+00,0.000000e+00,0.000000e+00,0.000000e+00,0.000000e+00,0.000000e+00,0.000000e+00,0.000000e+00,0.000000e+00,0.000000e+00,0.000000e+00
1.000000e+00,0.000000e+00,0.000000e+00,0.000000e+00,0.000000e+00,0.000000e+00,0.000000e+00,0.000000e+00,0.000000e+00,0.000000e+00,0.000000e+00,0.000000e+00,0.000000e+00,0.000000e+00,0.000000e+00
1.000000e+00,0.000000e+00,0.000000e+00,0.000000e+00,0.000000e+00,0.000000e+00,0.000000e+00,0.000000e+00,0.000000e+00,0.000000e+00,0.000000e+00,0.000000e+00,0.000000e+00,0.000000e+00,0.000000e+00
1.000000e+00,0.000000e+00,0.000000e+00,0.000000e+00,0.000000e+00,0.000000e+00,0.000000e+00,0.000000e+00,0.000000e+00,0.000000e+00,0.000000e+00,0.000000e+00,0.000000e+00,0.000000e+00,0.000000e+00
1.000000e+00,0.000000e+00,0.000000e+00,0.000000e+00,0.000000e+00,0.000000e+00,0.000000e+00,0.000000e+00,0.000000e+00,0.000000e+00,0.000000e+00,0.000000e+00,0.000000e+00,0.000000e+00,0.000000e+00
1.000000e+00,0.000000e+00,0.000000e+00,0.000000e+00,0.000000e+00,0.000000e+00,0.000000e+00,0.000000e+00,0.000000e+00,0.000000e+00,0.000000e+00,0.000000e+00,0.000000e+00,0.000000e+00,0.000000e+00
1.000000e+00,0.000000e+00,0.000000e+00,0.000000e+00,0.000000e+00,0.000000e+00,0.000000e+00,0.000000e+00,0.000000e+00,0.000000e+00,0.000000e+00,0.000000e+00,0.000000e+00,0.000000e+00,0.000000e+00
1.000000e+00,0.000000e+00,0.000000e+00,0.000000e+00,0.000000e+00,0.000000e+00,0.000000e+00,0.000000e+00,0.000000e+00,0.000000e+00,0.000000e+00,0.000000e+00,0.000000e+00,0.000000e+00,0.000000e+00
1.000000e+00,0.000000e+00,0.000000e+00,0.000000e+00,0.000000e+00,0.000000e+00,0.000000e+00,0.000000e+00,0.000000e+00,0.000000e+00,0.000000e+00,0.000000e+00,0.000000e+00,0.000000e+00,0.000000e+00
1.000000e+00,0.000000e+00,0.000000e+00,0.000000e+00,0.000000e+00,0.000000e+00,0.000000e+00,0.000000e+00,0.000000e+00,0.000000e+00,0.000000e+00,0.000000e+00,0.000000e+00,0.000000e+00,0.000000e+00
1.000000e+00,0.000000e+00,0.000000e+00,0.000000e+00,0.000000e+00,0.000000e+00,0.000000e+00,0.000000e+00,0.000000e+00,0.000000e+00,0.000000e+00,0.000000e+00,0.000000e+00,0.000000e+00,0.000000e+00
1.000000e+00,0.000000e+00,0.000000e+00,0.000000e+00,0.000000e+00,0.000000e+00,0.000000e+00,0.000000e+00,0.000000e+00,0.000000e+00,0.000000e+00,0.000000e+00,0.000000e+00,0.000000e+00,0.000000e+00
1.000000e+00,0.000000e+00,0.000000e+00,0.000000e+00,0.000000e+00,0.000000e+00,0.000000e+00,0.000000e+00,0.000000e+00,0.000000e+00,0.000000e+00,0.000000e+00,0.000000e+00,0.000000e+00,0.000000e+00
1.000000e+00,0.000000e+00,0.000000e+00,0.000000e+00,0.000000e+00,0.000000e+00,0.000000e+00,0.000000e+00,0.000000e+00,0.000000e+00,0.000000e+00,0.000000e+00,0.000000e+00,0.000000e+00,0.000000e+00
1.000000e+00,0.000000e+00,0.000000e+00,0.000000e+00,0.000000e+00,0.000000e+00,0.000000e+00,0.000000e+00,0.000000e+00,0.000000e+00,0.000000e+00,0.000000e+00,0.000000e+00,0.000000e+00,0.000000e+00
1.000000e+00,0.000000e+00,0.000000e+00,0.000000e+00,0.000000e+00,0.000000e+00,0.000000e+00,0.000000e+00,0.000000e+00,0.000000e+00,0.000000e+00,0.000000e+00,0.000000e+00,0.000000e+00,0.000000e+00
1.000000e+00,0.000000e+00,0.000000e+00,0.000000e+00,0.000000e+00,0.000000e+00,0.000000e+00,0.000000e+00,0.000000e+00,0.000000e+00,0.000000e+00,0.000000e+00,0.000000e+00,0.000000e+00,0.000000e+00
1.000000e+00,0.000000e+00,0.000000e+00,0.000000e+00,0.000000e+00,0.000000e+00,0.000000e+00,0.000000e+00,0.000000e+00,0.000000e+00,0.000000e+00,0.000000e+00,0.000000e+00,0.000000e+00,0.000000e+00
1.000000e+00,0.000000e+00,0.000000e+00,0.000000e+00,0.000000e+00,0.000000e+00,0.000000e+00,0.000000e+00,0.000000e+00,0.000000e+00,0.000000e+00,0.000000e+00,0.000000e+00,0.000000e+00,0.000000e+00
1.000000e+00,0.000000e+00,0.000000e+00,0.000000e+00,0.000000e+00,0.000000e+00,0.000000e+00,0.000000e+00,0.000000e+00,0.000000e+00,0.000000e+00,0.000000e+00,0.000000e+00,0.000000e+00,0.000000e+00
1.000000e+00,0.000000e+00,0.000000e+00,0.000000e+00,0.000000e+00,0.000000e+00,0.000000e+00,0.000000e+00,0.000000e+00,0.000000e+00,0.000000e+00,0.000000e+00,0.000000e+00,0.000000e+00,0.000000e+00
1.000000e+00,0.000000e+00,0.000000e+00,0.000000e+00,0.000000e+00,0.000000e+00,0.000000e+00,0.000000e+00,0.000000e+00,0.000000e+00,0.000000e+00,0.000000e+00,0.000000e+00,0.000000e+00,0.000000e+00
1.000000e+00,0.000000e+00,0.000000e+00,0.000000e+00,0.000000e+00,0.000000e+00,0.000000e+00,0.000000e+00,0.000000e+00,0.000000e+00,0.000000e+00,0.000000e+00,0.000000e+00,0.000000e+00,0.000000e+00
1.000000e+00,0.000000e+00,0.000000e+00,0.000000e+00,0.000000e+00,0.000000e+00,0.000000e+00,0.000000e+00,0.000000e+00,0.000000e+00,0.000000e+00,0.000000e+00,0.000000e+00,0.000000e+00,0.000000e+00
1.000000e+00,0.000000e+00,0.000000e+00,0.000000e+00,0.000000e+00,0.000000e+00,0.000000e+00,0.000000e+00,0.000000e+00,0.000000e+00,0.000000e+00,0.000000e+00,0.000000e+00,0.000000e+00,0.000000e+00
1.000000e+00,0.000000e+00,0.000000e+00,0.000000e+00,0.000000e+00,0.000000e+00,0.000000e+00,0.000000e+00,0.000000e+00,0.000000e+00,0.000000e+00,0.000000e+00,0.000000e+00,0.000000e+00,0.000000e+00
1.000000e+00,0.000000e+00,0.000000e+00,0.000000e+00,0.000000e+00,0.000000e+00,0.000000e+00,0.000000e+00,0.000000e+00,0.000000e+00,0.000000e+00,0.000000e+00,0.000000e+00,0.000000e+00,0.000000e+00
1.000000e+00,0.000000e+00,0.000000e+00,0.000000e+00,0.000000e+00,0.000000e+00,0.000000e+00,0.000000e+00,0.000000e+00,0.000000e+00,0.000000e+00,0.000000e+00,0.000000e+00,0.000000e+00,0.000000e+00
1.000000e+00,0.000000e+00,0.000000e+00,0.000000e+00,0.000000e+00,0.000000e+00,0.000000e+00,0.000000e+00,0.000000e+00,0.000000e+00,0.000000e+00,0.000000e+00,0.000000e+00,0.000000e+00,0.000000e+00
1.000000e+00,0.000000e+00,0.000000e+00,0.000000e+00,0.000000e+00,0.000000e+00,0.000000e+00,0.000000e+00,0.000000e+00,0.000000e+00,0.000000e+00,0.000000e+00,0.000000e+00,0.000000e+00,0.000000e+00
1.000000e+00,0.000000e+00,0.000000e+00,0.000000e+00,0.000000e+00,0.000000e+00,0.000000e+00,0.000000e+00,0.000000e+00,0.000000e+00,0.000000e+00,0.000000e+00,0.000000e+00,0.000000e+00,0.000000e+00
1.000000e+00,0.000000e+00,0.000000e+00,0.000000e+00,0.000000e+00,0.000000e+00,0.000000e+00,0.000000e+00,0.000000e+00,0.000000e+00,0.000000e+00,0.000000e+00,0.000000e+00,0.000000e+00,0.000000e+00
1.000000e+00,0.000000e+00,0.000000e+00,0.000000e+00,0.000000e+00,0.000000e+00,0.000000e+00,0.000000e+00,0.000000e+00,0.000000e+00,0.000000e+00,0.000000e+00,0.000000e+00,0.000000e+00,0.000000e+00
1.000000e+00,0.000000e+00,0.000000e+00,0.000000e+00,0.000000e+00,0.000000e+00,0.000000e+00,0.000000e+00,0.000000e+00,0.000000e+00,0.000000e+00,0.000000e+00,0.000000e+00,0.000000e+00,0.000000e+00
1.000000e+00,0.000000e+00,0.000000e+00,0.000000e+00,0.000000e+00,0.000000e+00,0.000000e+00,0.000000e+00,0.000000e+00,0.000000e+00,0.000000e+00,0.000000e+00,0.000000e+00,0.000000e+00,0.000000e+00
1.000000e+00,0.000000e+00,0.000000e+00,0.000000e+00,0.000000e+00,0.000000e+00,0.000000e+00,0.000000e+00,0.000000e+00,0.000000e+00,0.000000e+00,0.000000e+00,0.000000e+00,0.000000e+00,0.000000e+00
1.000000e+00,0.000000e+00,0.000000e+00,0.000000e+00,0.000000e+00,0.000000e+00,0.000000e+00,0.000000e+00,0.000000e+00,0.000000e+00,0.000000e+00,0.000000e+00,0.000000e+00,0.000000e+00,0.000000e+00
1.000000e+00,0.000000e+00,0.000000e+00,0.000000e+00,0.000000e+00,0.000000e+00,0.000000e+00,0.000000e+00,0.000000e+00,0.000000e+00,0.000000e+00,0.000000e+00,0.000000e+00,0.000000e+00,0.000000e+00
1.000000e+00,0.000000e+00,0.000000e+00,0.000000e+00,0.000000e+00,0.000000e+00,0.000000e+00,0.000000e+00,0.000000e+00,0.000000e+00,0.000000e+00,0.000000e+00,0.000000e+00,0.000000e+00,0.000000e+00
1.000000e+00,0.000000e+00,0.000000e+00,0.000000e+00,0.000000e+00,0.000000e+00,0.000000e+00,0.000000e+00,0.000000e+00,0.000000e+00,0.000000e+00,0.000000e+00,0.000000e+00,0.000000e+00,0.000000e+00
1.000000e+00,0.000000e+00,0.000000e+00,0.000000e+00,0.000000e+00,0.000000e+00,0.000000e+00,0.000000e+00,0.000000e+00,0.000000e+00,0.000000e+00,0.000000e+00,0.000000e+00,0.000000e+00,0.000000e+00
1.000000e+00,0.000000e+00,0.000000e+00,0.000000e+00,0.000000e+00,0.000000e+00,0.000000e+00,0.000000e+00,0.000000e+00,0.000000e+00,0.000000e+00,0.000000e+00,0.000000e+00,0.000000e+00,0.000000e+00
1.000000e+00,0.000000e+00,0.000000e+00,0.000000e+00,0.000000e+00,0.000000e+00,0.000000e+00,0.000000e+00,0.000000e+00,0.000000e+00,0.000000e+00,0.000000e+00,0.000000e+00,0.000000e+00,0.000000e+00
1.000000e+00,0.000000e+00,0.000000e+00,0.000000e+00,0.000000e+00,0.000000e+00,0.000000e+00,0.000000e+00,0.000000e+00,0.000000e+00,0.000000e+00,0.000000e+00,0.000000e+00,0.000000e+00,0.000000e+00
1.000000e+00,0.000000e+00,0.000000e+00,0.000000e+00,0.000000e+00,0.000000e+00,0.000000e+00,0.000000e+00,0.000000e+00,0.000000e+00,0.000000e+00,0.000000e+00,0.000000e+00,0.000000e+00,0.000000e+00
1.000000e+00,0.000000e+00,0.000000e+00,0.000000e+00,0.000000e+00,0.000000e+00,0.000000e+00,0.000000e+00,0.000000e+00,0.000000e+00,0.000000e+00,0.000000e+00,0.000000e+00,0.000000e+00,0.000000e+00
1.000000e+00,0.000000e+00,0.000000e+00,0.000000e+00,0.000000e+00,0.000000e+00,0.000000e+00,0.000000e+00,0.000000e+00,0.000000e+00,0.000000e+00,0.000000e+00,0.000000e+00,0.000000e+00,0.000000e+00
1.000000e+00,0.000000e+00,0.000000e+00,0.000000e+00,0.000000e+00,0.000000e+00,0.000000e+00,0.000000e+00,0.000000e+00,0.000000e+00,0.000000e+00,0.000000e+00,0.000000e+00,0.000000e+00,0.000000e+00
1.000000e+00,0.000000e+00,0.000000e+00,0.000000e+00,0.000000e+00,0.000000e+00,0.000000e+00,0.000000e+00,0.000000e+00,0.000000e+00,0.000000e+00,0.000000e+00,0.000000e+00,0.000000e+00,0.000000e+00
1.000000e+00,0.000000e+00,0.000000e+00,0.000000e+00,0.000000e+00,0.000000e+00,0.000000e+00,0.000000e+00,0.000000e+00,0.000000e+00,0.000000e+00,0.000000e+00,0.000000e+00,0.000000e+00,0.000000e+00
1.000000e+00,0.000000e+00,0.000000e+00,0.000000e+00,0.000000e+00,0.000000e+00,0.000000e+00,0.000000e+00,0.000000e+00,0.000000e+00,0.000000e+00,0.000000e+00,0.000000e+00,0.000000e+00,0.000000e+00
1.000000e+00,0.000000e+00,0.000000e+00,0.000000e+00,0.000000e+00,0.000000e+00,0.000000e+00,0.000000e+00,0.000000e+00,0.000000e+00,0.000000e+00,0.000000e+00,0.000000e+00,0.000000e+00,0.000000e+00
1.000000e+00,0.000000e+00,0.000000e+00,0.000000e+00,0.000000e+00,0.000000e+00,0.000000e+00,0.000000e+00,0.000000e+00,0.000000e+00,0.000000e+00,0.000000e+00,0.000000e+00,0.000000e+00,0.000000e+00
1.000000e+00,0.000000e+00,0.000000e+00,0.000000e+00,0.000000e+00,0.000000e+00,0.000000e+00,0.000000e+00,0.000000e+00,0.000000e+00,0.000000e+00,0.000000e+00,0.000000e+00,0.000000e+00,0.000000e+00
4.740772e-01,2.942569e-02,6.646469e-02,9.406779e-02,6.487418e-03,5.101478e-02,3.158216e-03,9.393664e-02,4.846391e-03,2.575518e-03,1.333439e-01,1.259210e-02,6.999169e-03,6.523188e-03,1.448736e-02
1.000000e+00,0.000000e+00,0.000000e+00,0.000000e+00,0.000000e+00,0.000000e+00,0.000000e+00,0.000000e+00,0.000000e+00,0.000000e+00,0.000000e+00,0.000000e+00,0.000000e+00,0.000000e+00,0.000000e+00
3.781906e-01,3.425266e-02,6.692293e-02,5.787972e-02,1.356447e-02,7.661413e-02,2.852095e-03,5.530243e-02,7.907289e-02,1.182671e-01,8.234033e-02,7.107313e-03,5.531408e-03,5.866156e-03,1.623578e-02
2.690280e-01,2.508794e-02,5.311940e-02,4.586770e-02,1.054489e-02,6.987476e-02,2.398771e-03,3.954375e-02,2.037695e-01,1.047600e-01,7.663801e-02,5.959065e-03,1.313011e-02,8.095736e-03,7.218228e-02
1.899581e-01,1.846531e-02,3.860225e-02,3.306850e-02,8.846004e-03,5.712637e-02,1.838934e-03,2.842918e-02,2.724288e-01,9.300289e-02,6.706843e-02,4.613490e-03,1.475892e-02,1.490809e-02,1.568848e-01
1.343207e-01,1.339690e-02,2.732460e-02,2.319504e-02,6.297562e-03,4.022348e-02,1.331700e-03,1.994074e-02,2.355496e-01,8.156057e-02,4.982498e-02,3.313576e-03,1.078242e-02,9.217828e-02,2.607599e-01
9.803884e-02,1.070570e-02,1.956439e-02,1.674179e-02,4.661208e-03,2.908204e-02,9.798191e-04,1.403851e-02,2.386396e-01,6.364590e-02,3.686390e-02,2.511240e-03,8.031328e-03,8.294537e-02,3.735504e-01
7.531762e-02,9.084759e-03,1.479365e-02,1.313869e-02,3.608868e-03,2.295920e-02,7.672798e-04,9.916325e-03,1.841058e-01,5.313658e-02,4.760266e-02,2.728949e-03,7.211823e-03,9.376068e-02,4.618672e-01
7.385123e-02,7.997099e-03,1.115103e-02,1.406119e-02,2.948578e-03,1.874482e-02,7.553045e-04,7.103248e-03,1.920534e-01,4.469081e-02,4.473420e-02,4.056958e-03,6.636064e-03,1.632851e-01,4.079310e-01
6.240203e-02,6.613155e-03,8.226035e-03,1.064812e-02,2.312990e-03,1.531627e-02,6.916066e-04,5.078733e-03,1.463220e-01,3.462453e-02,3.458162e-02,3.691019e-03,5.391254e-03,3.294993e-01,3.346013e-01
4.573971e-02,6.280786e-03,6.228169e-03,7.558383e-03,2.113201e-03,1.408260e-02,5.132258e-04,3.585901e-03,1.135325e-01,2.753972e-02,2.852740e-02,2.848537e-03,4.599934e-03,4.690596e-01,2.677903e-01
4.396229e-02,8.060242e-03,4.982380e-03,5.798770e-03,1.914176e-03,2.443271e-02,6.654783e-04,2.770892e-03,1.213614e-01,2.585215e-02,2.516751e-02,3.647735e-03,5.592586e-03,4.911001e-01,2.346917e-01
3.577739e-02,6.598383e-02,4.612040e-03,4.793205e-03,2.046537e-03,2.271834e-02,5.539990e-04,2.079098e-03,1.177620e-01,2.216158e-02,2.104055e-02,3.091447e-03,4.847175e-03,4.654003e-01,2.271325e-01
2.752827e-02,9.243265e-02,5.536103e-03,3.985025e-03,2.319638e-03,1.830499e-02,5.277517e-04,1.699029e-03,1.103264e-01,1.736991e-02,1.546644e-02,2.772355e-03,4.368310e-03,4.864520e-01,2.109111e-01
2.204619e-02,1.041008e-01,1.066212e-02,6.891229e-03,4.240852e-03,1.495107e-02,4.913558e-04,1.634022e-03,1.141328e-01,1.496788e-02,1.164275e-02,2.309416e-03,3.758380e-03,4.239609e-01,2.642103e-01
2.336858e-02,1.027508e-01,1.001393e-02,5.760057e-03,4.705527e-03,1.243061e-02,4.591214e-04,1.671306e-03,1.367641e-01,1.475042e-02,9.100819e-03,1.900238e-03,3.359850e-03,3.998930e-01,2.730717e-01
3.264427e-02,9.812024e-02,8.942255e-03,4.837879e-03,7.091268e-03,1.016179e-02,7.440294e-04,2.225199e-03,1.478738e-01,1.424356e-02,7.504123e-03,1.494031e-03,3.334421e-03,4.250375e-01,2.357457e-01
4.123680e-02,9.001176e-02,1.002406e-02,2.504412e-02,1.382228e-02,1.024906e-02,9.126450e-04,4.300983e-03,1.476573e-01,1.423719e-02,6.629803e-03,1.623720e-03,3.442769e-03,3.334479e-01,2.973595e-01
3.744555e-02,8.894702e-02,8.538141e-03,1.934924e-02,1.121034e-02,8.135409e-03,7.982993e-04,3.899969e-03,1.601258e-01,1.466327e-02,7.193483e-03,1.878838e-03,3.741118e-03,2.864705e-01,3.476031e-01
3.538735e-02,8.501098e-02,1.301653e-02,2.858064e-02,1.103154e-02,6.344583e-03,6.921209e-04,5.149701e-03,1.987975e-01,1.805775e-02,8.018228e-03,1.997447e-03,3.926616e-03,2.232021e-01,3.607869e-01
5.180582e-02,6.787235e-02,1.594591e-02,3.358199e-02,8.770203e-03,6.287504e-03,7.053051e-04,6.000409e-03,2.082212e-01,2.007256e-02,8.298381e-03,2.616868e-03,3.985230e-03,1.865798e-01,3.792564e-01
7.003682e-02,8.088836e-02,2.032472e-02,2.820739e-02,1.299863e-02,5.619496e-03,6.546264e-04,1.799418e-02,2.453454e-01,1.744315e-02,7.666986e-03,2.443926e-03,3.728748e-03,1.589935e-01,3.276540e-01
9.450455e-02,7.042199e-02,3.509616e-02,5.224643e-02,1.737758e-02,5.649113e-03,9.153216e-04,3.767945e-02,2.452836e-01,2.429171e-02,7.103865e-03,2.276344e-03,2.968263e-03,1.245110e-01,2.796747e-01
1.406337e-01,6.784748e-02,4.936643e-02,6.077162e-02,1.796103e-02,6.221112e-03,1.335068e-03,3.665588e-02,2.351333e-01,2.391968e-02,7.016639e-03,2.994986e-03,2.849887e-03,9.772348e-02,2.495697e-01
1.563708e-01,6.282774e-02,7.712643e-02,5.897545e-02,1.451541e-02,5.527729e-03,1.718435e-03,3.905641e-02,2.459951e-01,2.513526e-02,6.773580e-03,3.099584e-03,2.509547e-03,7.587662e-02,2.244919e-01
2.077985e-01,1.092016e-01,7.430084e-02,4.791158e-02,2.020115e-02,1.526262e-02,1.466900e-03,4.050522e-02,2.136898e-01,2.131802e-02,6.277557e-03,2.884429e-03,2.629103e-03,6.059505e-02,1.759576e-01
3.104951e-01,1.154819e-01,5.883953e-02,3.827920e-02,3.014711e-02,2.388486e-02,1.550189e-03,3.895196e-02,1.810240e-01,1.551741e-02,6.071616e-03,3.022827e-03,3.271783e-03,4.527967e-02,1.281828e-01
3.066935e-01,9.541184e-02,7.938705e-02,3.526895e-02,4.222871e-02,6.849851e-02,3.210627e-03,5.294316e-02,1.609778e-01,1.143921e-02,5.469025e-03,2.744193e-03,9.046122e-03,3.265502e-02,9.402627e-02
2.999554e-01,1.011666e-01,6.583144e-02,3.188087e-02,4.890522e-02,7.647090e-02,2.806298e-03,4.671431e-02,1.554610e-01,1.058179e-02,5.384134e-03,3.568195e-03,9.289244e-03,2.567678e-02,1.163078e-01
2.475110e-01,8.108102e-02,5.448800e-02,6.083407e-02,3.936497e-02,5.720094e-02,2.077681e-03,3.368001e-02,1.394759e-01,9.629955e-03,6.894284e-03,5.265774e-03,9.141732e-03,2.520584e-02,2.281489e-01
3.044690e-01,6.179121e-02,4.059185e-02,5.047938e-02,7.907538e-02,6.285933e-02,1.919381e-03,2.778741e-02,1.522241e-01,6.939150e-03,7.578666e-03,5.785122e-03,8.406936e-03,2.304910e-02,1.670440e-01
3.188326e-01,4.656104e-02,3.007850e-02,4.101051e-02,1.355510e-01,8.184876e-02,1.844783e-03,2.207008e-02,1.536567e-01,5.001449e-03,8.195205e-03,6.724654e-03,9.233869e-03,1.848442e-02,1.209064e-01
2.337554e-01,4.190027e-02,2.529311e-02,2.942741e-02,1.022340e-01,5.810987e-02,1.469911e-03,1.554431e-02,1.123956e-01,4.660663e-03,7.513702e-03,5.471649e-03,7.430280e-03,1.318615e-01,2.229324e-01
1.803330e-01,3.186392e-02,1.861670e-02,2.239480e-02,7.372424e-02,4.143167e-02,1.233488e-03,1.109331e-02,9.176353e-02,5.518741e-03,8.498043e-03,5.957399e-03,1.037454e-02,1.731874e-01,3.240092e-01
1.439267e-01,2.365680e-02,1.354936e-02,1.662089e-02,5.324581e-02,2.985875e-02,1.143111e-03,8.148425e-03,7.439900e-02,5.791446e-03,9.867834e-03,6.833066e-03,1.239657e-02,2.026394e-01,3.979228e-01
1.265491e-01,1.811888e-02,1.014502e-02,1.274698e-02,3.811513e-02,2.168372e-02,1.241376e-03,5.936664e-03,6.065246e-02,5.061729e-03,8.959226e-03,8.563704e-03,1.087717e-02,3.181887e-01,3.531602e-01
9.107514e-02,1.385548e-02,7.682212e-03,9.099280e-03,2.699823e-02,1.561950e-02,9.339449e-04,4.196566e-03,5.252850e-02,9.441725e-03,8.762344e-03,7.158047e-03,8.554039e-03,3.691089e-01,3.749861e-01
7.553361e-02,1.084150e-02,6.327582e-03,6.748888e-03,1.961370e-02,1.260468e-02,1.965783e-03,3.469102e-03,4.350601e-02,1.707541e-02,8.682448e-03,6.291339e-03,7.689508e-03,4.861033e-01,2.935471e-01
5.407883e-02,7.768622e-03,4.552231e-03,4.789562e-03,1.377945e-02,9.034608e-03,1.401596e-03,2.438674e-03,3.296252e-02,1.378139e-02,7.161896e-03,4.946701e-03,5.515793e-03,6.196675e-01,2.181207e-01
3.817075e-02,5.684109e-03,3.305479e-03,3.486006e-03,9.720454e-03,6.483537e-03,1.014012e-03,1.720491e-03,2.561691e-02,1.261705e-02,5.774340e-03,3.720335e-03,3.959602e-03,7.173600e-01,1.613669e-01
2.697197e-02,4.069419e-03,2.379179e-03,2.509910e-03,6.873894e-03,4.583820e-03,7.306191e-04,1.214043e-03,1.923700e-02,1.234188e-02,5.118382e-03,2.833065e-03,2.810844e-03,7.920508e-01,1.162752e-01
1.892397e-02,2.979414e-03,1.766009e-03,1.775006e-03,4.864899e-03,3.285360e-03,5.131778e-04,8.505991e-04,1.590480e-02,9.635910e-03,4.194985e-03,2.081193e-03,2.000198e-03,8.287461e-01,1.024784e-01
1.345599e-02,2.305807e-03,1.413324e-03,1.284899e-03,3.675298e-03,2.482001e-03,3.705756e-04,6.063800e-04,1.955387e-02,2.366597e-02,8.461049e-03,1.759566e-03,1.516596e-03,8.330517e-01,8.639696e-02
9.470901e-03,1.651389e-03,1.023328e-03,9.060733e-04,2.613108e-03,1.842962e-03,2.632238e-04,4.249668e-04,1.654085e-02,3.776727e-02,7.676136e-03,1.280023e-03,1.088188e-03,8.536916e-01,6.375997e-02
6.708783e-03,1.211383e-03,8.332788e-04,6.443879e-04,1.885288e-03,1.507305e-03,1.888876e-04,2.998245e-04,1.843971e-02,6.032748e-02,7.912822e-03,1.028175e-03,8.030846e-04,8.500862e-01,4.812327e-02
4.916207e-03,8.945750e-04,8.274338e-04,4.553309e-04,1.353636e-03,1.203025e-03,1.493489e-04,2.193407e-04,1.395080e-02,1.198131e-01,8.013033e-03,8.792316e-04,6.646984e-04,8.103563e-01,3.630390e-02
3.857173e-03,8.758057e-04,8.117169e-04,3.858697e-04,1.135832e-03,1.332268e-03,1.338609e-04,1.914183e-04,2.461498e-02,1.732265e-01,1.224471e-02,7.120826e-04,5.436445e-04,7.372365e-01,4.269758e-02
4.080906e-03,9.228158e-04,9.204163e-04,4.874667e-04,2.195470e-03,2.177188e-03,2.653752e-04,7.582294e-04,4.694953e-02,2.633533e-01,2.875543e-02,9.999226e-04,1.212328e-03,6.131619e-01,3.375972e-02
3.944219e-03,9.378130e-04,7.973121e-04,7.091621e-04,2.087744e-03,2.005762e-03,2.316666e-04,9.184710e-04,4.727738e-02,4.070360e-01,3.504043e-02,1.206590e-03,1.870579e-03,4.668841e-01,2.905277e-02
3.966930e-03,1.745653e-03,9.423516e-04,2.076864e-03,1.305988e-02,3.139376e-03,2.710844e-04,4.093604e-03,9.407210e-02,4.189343e-01,4.548050e-02,1.345027e-03,2.395495e-03,3.861845e-01,2.229227e-02
6.409901e-03,2.517933e-03,3.128047e-03,8.547029e-03,3.193837e-02,2.966707e-03,4.158818e-04,2.004346e-02,1.618043e-01,4.234999e-01,3.685011e-02,1.179527e-03,2.660998e-03,2.796724e-01,1.836536e-02
1.295087e-02,3.074058e-03,1.045096e-02,1.386760e-02,3.983052e-02,2.688835e-03,5.049417e-04,6.448255e-02,1.779425e-01,4.160118e-01,2.984916e-02,1.084018e-03,2.924918e-03,2.085592e-01,1.577806e-02
3.420486e-02,4.246632e-03,1.050494e-02,1.282368e-02,6.427293e-02,4.413159e-03,5.420386e-04,6.833802e-02,1.643230e-01,3.946034e-01,2.506686e-02,1.383209e-03,3.744293e-03,1.946769e-01,1.685607e-02
4.815046e-02,7.262460e-03,2.154904e-02,2.631669e-02,1.230233e-01,6.318635e-03,3.930890e-03,9.025799e-02,1.637586e-01,3.107388e-01,2.116815e-02,1.640854e-03,3.937623e-03,1.460325e-01,2.591389e-02
8.418875e-02,8.253392e-03,2.122759e-02,2.640866e-02,1.847497e-01,1.260706e-02,5.596656e-03,7.850765e-02,1.579034e-01,2.420180e-01,1.760620e-02,1.715075e-03,3.794173e-03,1.101733e-01,4.525035e-02
6.828409e-02,1.028942e-02,2.924656e-02,7.868190e-02,2.660273e-01,1.017209e-02,5.381425e-03,1.165948e-01,1.173161e-01,1.700932e-01,1.279151e-02,1.631449e-03,3.030626e-03,7.738591e-02,3.307357e-02
9.393874e-02,1.522898e-02,4.805448e-02,1.474589e-01,2.418550e-01,9.531805e-03,4.250975e-03,9.669334e-02,1.093123e-01,1.214312e-01,1.063029e-02,2.864592e-03,3.205860e-03,5.635760e-02,3.918592e-02
1.383513e-01,1.865320e-02,1.172034e-01,1.197143e-01,2.260988e-01,9.944094e-03,3.413069e-03,7.369523e-02,1.089631e-01,8.833475e-02,8.649121e-03,2.987762e-03,2.502516e-03,4.537594e-02,3.611340e-02
1.414508e-01,2.553510e-02,2.479184e-01,1.115232e-01,1.827855e-01,1.086657e-02,3.048661e-03,5.623679e-02,7.965825e-02,6.255199e-02,7.475745e-03,2.909526e-03,2.490497e-03,3.601918e-02,2.952982e-02
1.662197e-01,3.230935e-02,3.149451e-01,8.869915e-02,1.665015e-01,1.328719e-02,2.914817e-03,4.177187e-02,5.896436e-02,4.507111e-02,6.269107e-03,3.263097e-03,2.613026e-03,3.076602e-02,2.640456e-02
1.474735e-01,2.742715e-02,4.432995e-01,8.165605e-02,1.245609e-01,1.333945e-02,2.214550e-03,2.979347e-02,4.284548e-02,3.225693e-02,4.815021e-03,2.686947e-03,2.571350e-03,2.399164e-02,2.106803e-02
1.542669e-01,5.823965e-02,3.599026e-01,8.970420e-02,1.520986e-01,5.422432e-02,6.043956e-03,2.451876e-02,3.109194e-02,2.395462e-02,4.587337e-03,3.327609e-03,2.970576e-03,1.748728e-02,1.758174e-02
1.269943e-01,5.325796e-02,2.550985e-01,6.695053e-02,1.897673e-01,1.964731e-01,1.421036e-02,2.187673e-02,2.273608e-02,1.747531e-02,4.218828e-03,2.666475e-03,2.820090e-03,1.243377e-02,1.302072e-02
1.058890e-01,4.228693e-02,1.838892e-01,5.179332e-02,1.712594e-01,2.032489e-01,1.418740e-02,1.720788e-01,1.610521e-02,1.263745e-02,4.016683e-03,1.956694e-03,2.331885e-03,8.885932e-03,9.433265e-03
8.528222e-02,3.123977e-02,1.314445e-01,3.893872e-02,1.530326e-01,1.693604e-01,1.657723e-02,3.339084e-01,1.138094e-02,9.050920e-03,3.371351e-03,1.423163e-03,1.772759e-03,6.307925e-03,6.909021e-03
7.947229e-02,2.396925e-02,9.473272e-02,2.893399e-02,1.313153e-01,1.463512e-01,6.499390e-02,3.959868e-01,8.763879e-03,7.125929e-03,3.525275e-03,1.308298e-03,2.496296e-03,4.508977e-03,6.515901e-03
1.268035e-01,1.962286e-02,7.457462e-02,2.178447e-02,1.406890e-01,1.360956e-01,7.143648e-02,3.746204e-01,7.734514e-03,7.223728e-03,3.507791e-03,1.827285e-03,3.678221e-03,3.626216e-03,6.775416e-03
1.565491e-01,1.451078e-02,5.927003e-02,1.658097e-02,1.166679e-01,1.156697e-01,5.472954e-02,4.201098e-01,7.292389e-03,1.305151e-02,3.148245e-03,3.914322e-03,5.396801e-03,2.958826e-03,1.015008e-02
1.567984e-01,1.099817e-02,4.364378e-02,1.325825e-02,9.392237e-02,9.962207e-02,6.142072e-02,4.743979e-01,5.655245e-03,1.138684e-02,2.962811e-03,3.961874e-03,6.059367e-03,2.352094e-03,1.356011e-02
1.731158e-01,8.881161e-03,3.272879e-02,1.042757e-02,7.556219e-02,8.632730e-02,5.659828e-02,4.995836e-01,4.520715e-03,1.775718e-02,2.495319e-03,3.635572e-03,5.632569e-03,2.044332e-03,2.068957e-02
1.290641e-01,9.824811e-03,2.624199e-02,8.874208e-03,5.794104e-02,7.295385e-02,5.292157e-02,3.969283e-01,7.176740e-03,1.776810e-01,7.493442e-03,4.856331e-03,1.331216e-02,5.712342e-03,2.901823e-02
9.229266e-02,7.399811e-03,1.965518e-02,6.856296e-03,4.161517e-02,5.188578e-02,4.343724e-02,2.865085e-01,9.367137e-03,3.716272e-01,1.021508e-02,4.398038e-03,1.700647e-02,7.645373e-03,3.009008e-02
6.585211e-02,9.107197e-03,1.674796e-02,9.567605e-03,3.034738e-02,3.678655e-02,3.108450e-02,2.028430e-01,1.533547e-01,3.702855e-01,1.194547e-02,4.294964e-03,2.021381e-02,6.749162e-03,3.082008e-02
5.433277e-02,8.516680e-03,1.394681e-02,9.880392e-03,2.250682e-02,2.630083e-02,2.297277e-02,1.444374e-01,1.700924e-01,4.074585e-01,1.721562e-02,8.246481e-03,3.055256e-02,8.982534e-03,5.455739e-02
6.157625e-02,1.067005e-02,1.130343e-02,1.128948e-02,1.694520e-02,2.025324e-02,1.696161e-02,1.028570e-01,1.417890e-01,3.893680e-01,2.079912e-02,1.223001e-02,4.834362e-02,1.207807e-02,1.235360e-01
5.385929e-02,1.556968e-02,8.406521e-03,1.804741e-02,1.244413e-02,1.635759e-02,1.237772e-02,7.312405e-02,1.452394e-01,3.498284e-01,2.087473e-02,1.127514e-02,5.365716e-02,1.075023e-02,1.981886e-01
5.075651e-02,3.245322e-02,6.694409e-03,3.371659e-02,9.067177e-03,1.558641e-02,8.817734e-03,5.161026e-02,1.563295e-01,3.545793e-01,1.941423e-02,1.271060e-02,4.433213e-02,1.080182e-02,1.931302e-01
3.664359e-02,3.397662e-02,5.219431e-03,3.491876e-02,6.644130e-03,1.357977e-02,6.238324e-03,3.655507e-02,1.507832e-01,2.720817e-01,2.145540e-02,1.281255e-02,4.257451e-02,1.175148e-02,3.147655e-01
2.632034e-02,4.757796e-02,5.620047e-03,4.830948e-02,5.667294e-03,1.014899e-02,4.703961e-03,3.824195e-02,2.667358e-01,1.928991e-01,2.076015e-02,1.035640e-02,3.768572e-02,9.279189e-03,2.756936e-01
1.929131e-02,5.493956e-02,1.778793e-02,2.177282e-01,4.790038e-03,8.463438e-03,3.327433e-03,2.753213e-02,2.434736e-01,1.388371e-01,2.292987e-02,8.895484e-03,2.868015e-02,7.282479e-03,1.960413e-01
1.498063e-02,4.107494e-02,1.650473e-02,1.998184e-01,3.782331e-03,7.372344e-03,2.371322e-03,2.054906e-02,2.068383e-01,1.016416e-01,1.315118e-01,1.550198e-02,8.296311e-02,6.129829e-03,1.489597e-01
1.130587e-02,3.088548e-02,1.384002e-02,1.634619e-01,3.465483e-03,5.729863e-03,1.749827e-03,1.514144e-02,2.070207e-01,8.501684e-02,2.533374e-01,1.879409e-02,7.925768e-02,4.731194e-03,1.062622e-01
9.368917e-03,2.572592e-02,1.748762e-02,1.357140e-01,3.620408e-03,5.491216e-03,1.297417e-03,2.560511e-02,2.960384e-01,7.388250e-02,2.214303e-01,1.978039e-02,8.187670e-02,4.124158e-03,7.855694e-02
8.721616e-03,3.512339e-02,3.380131e-02,1.226415e-01,5.693478e-03,5.463696e-03,1.068572e-03,2.445425e-02,3.848628e-01,7.371023e-02,1.647931e-01,1.595722e-02,6.305431e-02,3.161960e-03,5.749264e-02
7.989052e-03,4.827948e-02,4.215817e-02,1.014494e-01,6.709705e-03,4.699116e-03,9.128295e-04,3.013898e-02,4.601859e-01,6.391624e-02,1.213082e-01,1.337884e-02,5.076071e-02,2.777389e-03,4.533599e-02
1.005051e-02,4.477359e-02,3.284060e-02,7.231173e-02,6.360192e-03,1.344827e-02,9.519452e-04,2.888381e-02,4.164193e-01,1.998386e-01,8.997245e-02,9.904534e-03,3.682039e-02,2.191117e-03,3.523295e-02
1.200248e-02,4.020705e-02,2.573997e-02,5.481493e-02,6.457103e-03,1.297337e-02,1.994292e-03,3.821437e-02,3.375097e-01,3.367303e-01,6.905138e-02,7.409724e-03,2.735407e-02,1.769070e-03,2.777219e-02
2.607371e-02,3.780447e-02,2.234890e-02,4.546538e-02,7.030090e-03,2.171799e-02,2.314171e-03,4.752876e-02,2.874702e-01,3.932554e-01,5.368037e-02,8.481348e-03,2.312788e-02,1.543801e-03,2.215759e-02
3.881755e-02,3.815772e-02,1.761581e-02,3.441866e-02,8.841971e-03,1.689735e-02,2.685307e-03,4.865227e-02,2.507117e-01,4.581817e-01,3.925962e-02,7.563061e-03,1.856859e-02,1.267716e-03,1.836098e-02
4.214713e-02,3.966506e-02,1.412370e-02,2.947786e-02,1.681887e-02,1.267217e-02,2.775524e-03,1.112215e-01,2.279625e-01,4.372045e-01,2.876648e-02,5.918155e-03,1.534974e-02,1.126045e-03,1.477076e-02
6.516543e-02,3.238785e-02,1.120864e-02,2.368439e-02,1.812167e-02,9.683850e-03,4.651793e-03,1.118111e-01,1.936028e-01,4.698843e-01,2.266414e-02,5.436257e-03,1.222351e-02,1.605118e-03,1.786916e-02
7.570809e-02,2.985564e-02,8.647284e-03,1.808495e-02,1.922198e-02,8.360039e-03,7.437216e-03,1.148354e-01,1.679395e-01,4.915589e-01,1.797269e-02,4.968806e-03,9.850925e-03,2.838172e-03,2.272041e-02
1.073208e-01,3.450086e-02,6.828609e-03,1.366238e-02,1.642632e-02,7.441135e-03,2.024464e-02,1.067955e-01,1.482586e-01,4.709304e-01,1.388722e-02,4.782759e-03,7.487484e-03,4.315829e-03,3.711745e-02
1.661251e-01,3.313838e-02,5.365093e-03,1.036834e-02,1.449026e-02,6.600030e-03,1.705397e-02,8.632094e-02,1.342768e-01,4.650604e-01,1.140177e-02,4.838240e-03,5.865361e-03,5.159611e-03,3.393567e-02
2.159662e-01,2.959517e-02,4.932737e-03,8.314833e-03,1.471712e-02,7.074980e-03,1.667652e-02,7.769761e-02,1.314957e-01,4.376302e-01,1.156909e-02,5.180887e-03,5.008824e-03,6.816227e-03,2.732397e-02
2.907029e-01,2.506563e-02,4.664700e-03,6.922198e-03,1.393133e-02,7.749290e-03,1.661255e-02,6.452696e-02,1.168799e-01,3.973805e-01,1.213516e-02,6.722577e-03,4.788201e-03,8.327256e-03,2.359079e-02
3.594814e-01,2.119854e-02,4.246112e-03,5.691905e-03,1.242533e-02,7.218498e-03,1.722846e-02,5.106339e-02,1.028842e-01,3.639887e-01,1.083474e-02,6.633219e-03,5.221983e-03,9.527831e-03,2.235571e-02
3.804070e-01,1.805464e-02,5.318361e-03,5.500733e-03,1.154993e-02,8.384817e-03,1.727282e-02,4.103081e-02,8.686195e-02,3.744185e-01,9.868952e-03,7.714993e-03,5.514787e-03,8.442877e-03,1.965889e-02
4.438859e-01,1.495810e-02,5.666448e-03,5.486507e-03,9.835918e-03,9.953428e-03,1.412737e-02,3.275022e-02,6.871476e-02,3.455515e-01,8.719366e-03,9.233667e-03,5.262001e-03,7.813810e-03,1.804104e-02
4.948518e-01,1.437972e-02,8.468760e-03,6.706445e-03,1.089150e-02,1.379828e-02,1.602887e-02,3.060470e-02,5.527285e-02,2.884526e-01,1.021538e-02,1.252902e-02,5.915795e-03,8.039194e-03,2.384512e-02
4.918591e-01,1.860590e-02,1.495457e-02,1.627414e-02,1.286534e-02,2.083324e-02,1.575339e-02,2.923248e-02,4.325058e-02,2.339123e-01,1.621623e-02,2.026587e-02,8.224636e-03,9.225477e-03,4.852684e-02
4.443821e-01,1.893824e-02,1.621581e-02,2.021044e-02,1.299066e-02,2.729112e-02,1.540897e-02,2.775699e-02,6.152514e-02,2.204062e-01,1.763659e-02,1.825362e-02,1.121449e-02,9.630308e-03,7.813938e-02
3.146098e-01,1.503660e-02,1.183299e-02,1.468036e-02,9.369303e-03,2.342031e-02,1.099211e-02,1.982516e-02,1.249034e-01,1.886603e-01,1.372445e-02,1.300376e-02,9.714938e-03,1.093498e-02,2.192915e-01
2.223304e-01,1.065511e-02,8.379096e-03,1.030702e-02,7.379510e-03,1.692733e-02,7.764387e-03,1.406000e-02,9.364554e-02,1.746159e-01,1.230396e-02,9.143420e-03,7.254447e-03,3.161579e-02,3.736180e-01
1.564741e-01,7.510035e-03,5.885033e-03,7.225201e-03,5.360362e-03,1.217928e-02,5.494629e-03,9.883556e-03,7.215174e-02,1.297297e-01,9.390582e-03,6.416888e-03,5.257758e-03,3.648758e-02,5.305536e-01
1.099105e-01,5.291859e-03,4.133898e-03,5.070024e-03,3.870073e-03,8.644558e-03,3.859276e-03,6.927646e-03,5.550389e-02,9.364091e-02,6.972446e-03,4.500339e-03,3.831342e-03,4.528209e-02,6.425611e-01
7.734187e-02,3.804890e-03,2.931001e-03,3.564116e-03,2.754738e-03,7.111126e-03,2.711579e-03,4.860785e-03,6.954102e-02,7.040490e-02,5.479790e-03,3.190883e-03,2.893178e-03,5.314779e-02,6.902623e-01
5.458702e-02,2.778870e-03,2.103398e-03,2.503211e-03,1.943914e-03,5.713227e-03,1.905283e-03,3.405482e-03,6.600062e-02,6.421628e-02,6.432250e-03,2.266877e-03,2.317365e-03,1.173386e-01,6.664876e-01
3.883189e-02,2.057622e-03,1.606955e-03,1.759415e-03,1.365046e-03,4.689412e-03,1.335352e-03,2.385068e-03,5.703914e-02,5.065934e-02,9.364765e-03,1.607958e-03,1.768309e-03,2.840682e-01,5.414616e-01
2.845004e-02,1.757017e-03,1.283592e-03,1.270666e-03,9.693779e-04,4.327141e-03,9.390442e-04,1.673608e-03,5.187651e-02,4.128282e-02,1.153794e-02,1.182406e-03,1.415497e-03,2.857685e-01,5.662658e-01
2.096258e-02,1.441760e-03,9.506523e-04,8.980870e-04,7.203813e-04,3.452128e-03,6.625181e-04,1.173517e-03,4.389699e-02,3.069419e-02,1.180684e-02,8.563662e-04,1.143276e-03,3.028293e-01,5.785115e-01
1.686029e-02,1.180261e-03,7.659976e-04,6.466324e-04,5.668664e-04,2.597872e-03,4.726554e-04,8.275505e-04,3.844845e-02,2.506826e-02,1.094035e-02,6.313029e-04,9.372354e-04,3.511556e-01,5.489007e-01
1.377145e-02,1.464671e-03,6.993474e-04,5.095456e-04,4.722848e-04,2.051043e-03,3.369227e-04,5.861690e-04,4.027972e-02,2.537978e-02,8.556046e-03,4.512262e-04,8.263161e-04,4.387901e-01,4.658254e-01
1.033763e-02,1.309449e-03,6.017284e-04,3.676411e-04,3.634171e-04,1.863066e-03,2.440033e-04,4.165960e-04,4.659388e-02,6.351276e-02,6.615160e-03,3.725802e-04,1.109922e-03,5.070938e-01,3.591984e-01
1.146374e-02,5.268862e-03,1.843647e-03,6.017137e-04,2.365906e-03,5.067670e-03,3.207491e-04,1.182486e-03,1.632094e-01,1.235406e-01,8.205461e-03,3.635512e-04,3.456707e-03,3.737018e-01,2.994077e-01
9.811549e-03,6.947436e-02,4.660937e-03,1.003080e-03,5.928887e-03,5.364924e-03,3.017361e-04,1.010613e-03,1.581993e-01,1.566845e-01,6.735115e-03,3.094137e-04,2.825092e-03,2.688470e-01,3.088435e-01
1.037008e-02,6.000060e-02,5.055563e-03,1.247910e-03,8.203314e-03,5.083853e-03,2.575654e-04,8.766878e-04,1.560989e-01,2.077167e-01,5.047625e-03,2.414497e-04,2.151101e-03,1.933908e-01,3.442578e-01
2.035785e-02,7.298549e-02,4.948044e-03,1.339749e-03,1.418730e-02,7.218785e-03,2.644053e-04,1.213628e-03,1.318518e-01,1.775019e-01,3.706077e-03,2.015804e-04,1.812865e-03,1.388381e-01,4.235724e-01
2.295195e-02,6.066614e-02,3.786715e-03,1.799214e-03,1.711812e-02,7.337193e-03,2.690160e-04,1.429985e-03,1.002372e-01,1.686279e-01,2.930901e-03,2.463013e-04,2.054500e-03,9.817487e-02,5.123700e-01
2.352053e-02,5.892266e-02,2.780925e-03,1.659407e-03,1.338737e-02,6.502364e-03,2.481662e-04,1.278863e-03,7.870021e-02,1.374889e-01,2.704775e-03,3.437081e-04,5.909360e-03,7.010316e-02,5.964496e-01
4.132269e-02,7.729159e-02,5.496589e-03,5.116308e-03,3.548723e-02,1.523197e-02,1.298016e-03,2.964669e-02,8.742855e-02,1.222535e-01,4.398988e-03,1.479397e-03,1.960346e-02,5.754053e-02,4.964045e-01
4.264453e-02,6.895286e-02,9.289800e-03,4.300252e-02,4.335919e-02,1.476137e-02,1.181749e-03,2.623124e-02,1.435735e-01,9.816491e-02,3.623021e-03,1.345411e-03,1.505932e-02,4.155941e-02,4.472512e-01
3.162768e-02,5.234013e-02,6.678461e-02,9.598703e-02,3.113099e-02,1.071495e-02,8.806292e-04,1.876003e-02,1.481768e-01,8.911624e-02,3.692516e-03,1.066876e-03,1.086656e-02,2.945099e-02,4.094040e-01
2.390743e-02,4.961504e-02,1.704270e-01,1.187893e-01,2.287833e-02,7.953015e-03,6.743459e-04,1.337923e-02,1.446275e-01,8.124126e-02,6.209444e-03,1.216422e-03,8.377921e-03,2.192259e-02,3.287811e-01
2.181534e-02,5.248175e-02,2.160716e-01,1.137332e-01,1.885258e-02,6.925744e-03,6.122722e-04,1.024383e-02,1.377896e-01,9.015547e-02,1.029476e-02,2.118127e-03,7.214619e-03,1.974474e-02,2.919463e-01
1.960625e-02,5.511516e-02,2.816176e-01,1.226410e-01,1.918340e-02,6.351675e-03,7.267788e-04,8.440129e-03,1.345873e-01,7.677051e-02,1.485979e-02,2.987256e-03,6.933804e-03,1.618840e-02,2.339909e-01
2.855041e-02,5.211688e-02,2.706170e-01,1.611637e-01,3.557774e-02,8.815302e-03,2.051192e-03,1.042879e-02,1.326647e-01,5.742161e-02,3.623612e-02,3.490431e-03,1.174176e-02,1.287865e-02,1.762458e-01
2.233426e-02,4.419801e-02,2.467800e-01,2.174205e-01,2.905972e-02,7.002235e-03,1.706591e-03,8.126507e-03,1.906837e-01,4.613261e-02,3.121509e-02,3.672655e-03,9.320381e-03,9.376083e-03,1.329717e-01
3.222488e-02,4.457565e-02,2.298364e-01,1.898910e-01,2.928982e-02,1.038272e-02,2.725293e-03,8.553326e-03,2.216168e-01,3.804122e-02,2.814302e-02,8.739502e-03,2.861573e-02,1.106902e-02,1.162956e-01
5.486517e-02,3.846388e-02,1.706495e-01,1.436098e-01,2.712907e-02,1.509124e-02,4.852574e-03,7.738922e-03,1.805281e-01,2.799574e-02,3.149838e-02,2.359657e-02,1.595271e-01,1.243183e-02,1.020222e-01
5.430040e-02,2.989878e-02,1.213671e-01,1.034665e-01,2.457196e-02,2.040320e-02,5.828871e-03,1.052011e-02,1.739384e-01,2.045839e-02,2.512580e-02,2.351723e-02,2.968405e-01,1.011509e-02,7.964762e-02
4.868086e-02,2.245372e-02,8.547021e-02,7.310443e-02,2.654424e-02,3.044494e-02,5.101749e-03,8.314994e-03,1.271365e-01,1.463703e-02,1.901995e-02,2.623904e-02,4.445086e-01,8.809058e-03,5.953468e-02
5.503723e-02,1.898020e-02,6.084329e-02,5.319863e-02,2.713469e-02,3.089293e-02,6.408684e-03,6.738216e-03,1.030795e-01,1.133765e-02,1.677142e-02,2.461506e-02,5.300053e-01,8.569202e-03,4.638793e-02
4.169119e-02,1.543437e-02,4.289270e-02,3.843731e-02,1.995868e-02,2.767422e-02,4.688955e-03,4.738762e-03,7.463744e-02,9.702861e-03,2.407362e-02,8.238231e-02,5.711199e-01,6.957873e-03,3.560977e-02
3.456605e-02,1.245885e-02,3.034110e-02,2.953339e-02,1.507929e-02,2.987611e-02,3.800753e-03,3.392376e-03,5.968687e-02,9.095002e-03,2.721358e-02,1.224627e-01,5.898015e-01,6.197858e-03,2.649451e-02
3.562527e-02,1.399951e-02,2.472336e-02,2.701907e-02,1.153267e-02,4.083381e-02,3.081562e-03,2.558568e-03,7.609695e-02,1.135008e-02,3.443122e-02,1.673737e-01,5.193577e-01,1.040031e-02,2.161625e-02
2.940434e-02,1.086336e-02,1.769600e-02,2.026525e-02,8.467860e-03,7.117936e-02,2.603570e-03,1.871231e-03,5.693558e-02,1.012930e-02,4.305876e-02,2.632990e-01,4.396028e-01,8.749029e-03,1.587448e-02
3.091377e-02,8.404191e-03,1.348263e-02,1.509641e-02,7.253936e-03,5.295407e-02,2.084674e-03,1.419545e-03,4.259696e-02,1.646338e-02,9.377784e-02,3.016528e-01,3.943939e-01,7.125813e-03,1.237998e-02
2.817625e-02,6.335695e-03,1.028788e-02,1.151911e-02,7.047801e-03,4.027206e-02,1.944643e-03,1.111218e-03,3.163498e-02,1.844307e-02,1.537005e-01,3.470163e-01,3.247721e-01,6.001692e-03,1.173665e-02
2.418763e-02,4.975496e-03,8.152462e-03,9.442550e-03,8.886808e-03,3.903303e-02,2.288171e-03,1.067410e-03,2.400313e-02,1.918184e-02,1.899992e-01,3.841330e-01,2.685134e-01,5.773494e-03,1.036239e-02
1.878360e-02,3.721254e-03,5.757922e-03,6.787166e-03,6.970122e-03,3.246138e-02,1.879483e-03,7.945719e-04,1.775628e-02,1.655321e-02,1.582079e-01,5.081231e-01,2.092125e-01,4.908774e-03,8.082732e-03
1.389079e-02,2.755489e-03,4.078669e-03,4.826554e-03,5.684774e-03,2.410992e-02,1.555363e-03,6.296634e-04,1.343898e-02,1.743449e-02,1.440197e-01,5.843881e-01,1.726688e-01,4.474857e-03,6.043761e-03
1.003404e-02,2.157207e-03,3.093611e-03,3.405013e-03,4.696805e-03,1.715764e-02,1.194891e-03,5.147890e-04,1.067540e-02,1.972723e-02,1.244977e-01,6.625960e-01,1.319871e-01,3.793651e-03,4.468865e-03
8.405362e-03,2.387582e-03,2.673095e-03,2.490140e-03,6.988305e-03,1.289877e-02,9.845301e-04,7.367688e-04,1.577878e-02,3.534573e-02,9.601228e-02,7.008016e-01,1.075916e-01,3.600870e-03,3.304573e-03
8.960103e-03,3.008489e-03,2.804963e-03,1.914666e-03,3.003012e-02,1.171678e-02,1.402720e-03,8.626162e-04,3.747753e-02,5.575196e-02,7.380664e-02,6.807622e-01,8.463746e-02,4.272643e-03,2.591113e-03
1.277380e-02,3.158536e-03,2.316070e-03,1.606624e-03,4.140452e-02,1.039684e-02,1.484016e-03,1.844456e-03,7.751702e-02,5.531108e-02,5.526464e-02,6.664024e-01,6.463560e-02,3.957785e-03,1.926596e-03
1.920060e-02,4.451325e-03,3.754992e-03,2.283605e-03,5.309413e-02,1.165172e-02,1.592268e-03,1.064024e-02,8.896421e-02,8.088983e-02,4.112872e-02,6.261691e-01,5.018770e-02,4.460467e-03,1.531091e-03
