1.000000e+00,0.000000e+00,0.000000e+00,0.000000e+00,0.000000e+00,0.000000e+00,0.000000e+00,0.000000e+00,0.000000e+00,0.000000e+00,0.000000e+00,0.000000e+00,0.000000e+00,0.000000e+00,0.000000e+00
1.000000e+00,0.000000e+00,0.000000e+00,0.000000e+00,0.000000e+00,0.000000e+00,0.000000e+00,0.000000e+00,0.000000e+00,0.000000e+00,0.000000e+00,0.000000e+00,0.000000e+00,0.000000e+00,0.000000e+00
1.000000e+00,0.000000e+00,0.000000e+00,0.000000e+00,0.000000e+00,0.000000e+00,0.000000e+00,0.000000e+00,0.000000e+00,0.000000e+00,0.000000e+00,0.000000e+00,0.000000e+00,0.000000e+00,0.000000e+00
1.000000e+00,0.000000e+00,0.000000e+00,0.000000e+00,0.000000e+00,0.000000e+00,0.000000e+00,0.000000e+00,0.000000e+00,0.000000e+00,0.000000e+00,0.000000e+00,0.000000e+00,0.000000e+00,0.000000e+00
1.000000e+00,0.000000e+00,0.000000e+00,0.000000e+00,0.000000e+00,0.000000e+00,0.000000e+00,0.000000e+00,0.000000e+00,0.000000e+00,0.000000e+00,0.000000e+00,0.000000e+00,0.000000e+00,0.000000e+00
1.000000e+00,0.000000e+00,0.000000e+00,0.000000e+00,0.000000e+00,0.000000e+00,0.000000e+00,0.000000e+00,0.000000e+00,0.000000e+00,0.000000e+00,0.000000e+00,0.000000e+00,0.000000e+00,0.000000e+00
1.000000e+00,0.000000e+00,0.000000e+00,0.000000e+00,0.000000e+00,0.000000e+00,0.000000e+00,0.000000e+00,0.000000e+00,0.000000e+00,0.000000e+00,0.000000e+00,0.000000e+00,0.000000e+00,0.000000e+00
1.000000e+00,0.000000e+00,0.000000e+00,0.000000e+00,0.000000e+00,0.000000e+00,0.000000e+00,0.000000e+00,0.000000e+00,0.000000e+00,0.000000e+00,0.000000e+00,0.000000e+00,0.000000e+00,0.000000e+00
1.000000e+00,0.000000e+00,0.000000e+00,0.000000e+00,0.000000e+00,0.000000e+00,0.000000e+00,0.000000e+00,0.000000e+00,0.000000e+00,0.000000e+00,0.000000e+00,0.000000e+00,0.000000e+00,0.000000e+00
1.000000e+00,0.000000e+00,0.000000e+00,0.000000e+00,0.000000e+00,0.000000e+00,0.000000e+00,0.000000e+00,0.000000e+00,0.000000e+00,0.000000e+00,0.000000e+00,0.000000e+00,0.000000e+00,0.000000e+00
1.000000e+00,0.000000e+00,0.000000e+00,0.000000e+00,0.000000e+00,0.000000e+00,0.000000e+00,0.000000e+00,0.000000e+00,0.000000e+00,0.000000e+00,0.000000e+00,0.000000e+00,0.000000e+00,0.000000e+00
1.000000e+00,0.000000e+00,0.000000e+00,0.000000e+00,0.000000e+00,0.000000e+00,0.000000e+00,0.000000e+00,0.000000e+00,0.000000e+00,0.000000e+00,0.000000e+00,0.000000e+00,0.000000e+00,0.000000e+00
1.000000e+00,0.000000e+00,0.000000e+00,0.000000e+00,0.000000e+00,0.000000e+00,0.000000e+00,0.000000e+00,0.000000e+00,0.000000e+00,0.000000e+00,0.000000e+00,0.000000e+00,0.000000e+00,0.000000e+00
1.000000e+00,0.000000e+00,0.000000e+00,0.000000e+00,0.000000e+00,0.000000e+00,0.000000e+00,0.000000e+00,0.000000e+00,0.000000e+00,0.000000e+00,0.000000e+00,0.000000e+00,0.000000e+00,0.000000e+00
1.000000e+00,0.000000e+00,0.000000e+00,0.000000e+00,0.000000e+00,0.000000e+00,0.000000e+00,0.000000e+00,0.000000e+00,0.000000e+00,0.000000e+00,0.000000e+00,0.000000e+00,0.000000e+00,0.000000e+00
1.000000e+00,0.000000e+00,0.000000e+00,0.000000e+00,0.000000e+00,0.000000e+00,0.000000e+00,0.000000e+00,0.000000e+00,0.000000e+00,0.000000e+00,0.000000e+00,0.000000e+00,0.000000e+00,0.000000e+00
1.000000e+00,0.000000e+00,0.000000e+00,0.000000e+00,0.000000e+00,0.000000e+00,0.000000e+00,0.000000e+00,0.000000e+00,0.000000e+00,0.000000e+00,0.000000e+00,0.000000e+00,0.000000e+00,0.000000e+00
1.000000e+00,0.000000e+00,0.000000e+00,0.000000e+00,0.000000e+00,0.000000e+00,0.000000e+00,0.000000e+00,0.000000e+00,0.000000e+00,0.000000e+00,0.000000e+00,0.000000e+00,0.000000e+00,0.000000e+00
1.000000e+00,0.000000e+00,0.000000e+00,0.000000e+00,0.000000e+00,0.000000e+00,0.000000e+00,0.000000e+00,0.000000e+00,0.000000e+00,0.000000e+00,0.000000e+00,0.000000e+00,0.000000e+00,0.000000e+00
1.000000e+00,0.000000e+00,0.000000e+00,0.000000e+00,0.000000e+00,0.000000e+00,0.000000e+00,0.000000e+00,0.000000e+00,0.000000e+00,0.000000e+00,0.000000e+00,0.000000e+00,0.000000e+00,0.000000e+00
1.000000e+00,0.000000e+00,0.000000e+00,0.000000e+00,0.000000e+00,0.000000e+00,0.000000e+00,0.000000e+00,0.000000e+00,0.000000e+00,0.000000e+00,0.000000e+00,0.000000e+00,0.000000e+00,0.000000e+00
1.000000e+00,0.000000e+00,0.000000e+00,0.000000e+00,0.000000e+00,0.000000e+00,0.000000e+00,0.000000e+00,0.000000e+00,0.000000e+00,0.000000e+00,0.000000e+00,0.000000e+00,0.000000e+00,0.000000e+00
1.000000e+00,0.000000e+00,0.000000e+00,0.000000e+00,0.000000e+00,0.000000e+00,0.000000e+00,0.000000e+00,0.000000e+00,0.000000e+00,0.000000e+00,0.000000e+00,0.000000e+00,0.000000e+00,0.000000e+00
1.000000e+00,0.000000e+00,0.000000e+00,0.000000e+00,0.000000e+00,0.000000e+00,0.000000e+00,0.000000e+00,0.000000e+00,0.000000e+00,0.000000e+00,0.000000e+00,0.000000e+00,0.000000e+00,0.000000e+00
1.000000e+00,0.000000e+00,0.000000e+00,0.000000e+00,0.000000e+00,0.000000e+00,0.000000e+00,0.000000e+00,0.000000e+00,0.000000e+00,0.000000e+00,0.000000e+00,0.000000e+00,0.000000e+00,0.000000e+00
1.000000e+00,0.000000e+00,0.000000e+00,0.000000e+00,0.000000e+00,0.000000e+00,0.000000e+00,0.000000e+00,0.000000e+00,0.000000e+00,0.000000e+00,0.000000e+00,0.000000e+00,0.000000e+00,0.000000e+00
1.000000e+00,0.000000e+00,0.000000e+00,0.000000e+00,0.000000e+00,0.000000e+00,0.000000e+00,0.000000e+00,0.000000e+00,0.000000e+00,0.000000e+00,0.000000e+00,0.000000e+00,0.000000e+00,0.000000e+00
1.000000e+00,0.000000e+00,0.000000e+00,0.000000e+00,0.000000e+00,0.000000e+00,0.000000e+00,0.000000e+00,0.000000e+00,0.000000e+00,0.000000e+00,0.000000e+00,0.000000e+00,0.000000e+00,0.000000e+00
1.000000e+00,0.000000e+00,0.000000e+00,0.000000e+00,0.000000e+00,0.000000e+00,0.000000e+00,0.000000e+00,0.000000e+00,0.000000e+00,0.000000e+00,0.000000e+00,0.000000e+00,0.000000e+00,0.000000e+00
1.000000e+00,0.000000e+00,0.000000e+00,0.000000e+00,0.000000e+00,0.000000e+00,0.000000e+00,0.000000e+00,0.000000e+00,0.000000e+00,0.000000e+00,0.000000e+00,0.000000e+00,0.000000e+00,0.000000e+00
1.000000e+00,0.000000e+00,0.000000e+00,0.000000e+00,0.000000e+00,0.000000e+00,0.000000e+00,0.000000e+00,0.000000e+00,0.000000e+00,0.000000e+00,0.000000e+00,0.000000e+00,0.000000e+00,0.000000e+00
1.000000e+00,0.000000e+00,0.000000e+00,0.000000e+00,0.000000e+00,0.000000e+00,0.000000e+00,0.000000e+00,0.000000e+00,0.000000e+00,0.000000e+00,0.000000e+00,0.000000e+00,0.000000e+00,0.000000e+00
1.000000e+00,0.000000e+00,0.000000e+00,0.000000e+00,0.000000e+00,0.000000e+00,0.000000e+00,0.000000e+00,0.000000e+00,0.000000e+00,0.000000e+00,0.000000e+00,0.000000e+00,0.000000e+00,0.000000e+00
1.000000e+00,0.000000e+00,0.000000e+00,0.000000e+00,0.000000e+00,0.000000e+00,0.000000e+00,0.000000e+00,0.000000e+00,0.000000e+00,0.000000e+00,0.000000e+00,0.000000e+00,0.000000e+00,0.000000e+00
1.000000e+00,0.000000e+00,0.000000e+00,0.000000e+00,0.000000e+00,0.000000e+00,0.000000e+00,0.000000e+00,0.000000e+00,0.000000e+00,0.000000e+00,0.000000e+00,0.000000e+00,0.000000e+00,0.000000e+00
1.000000e+00,0.000000e+00,0.000000e+00,0.000000e+00,0.000000e+00,0.000000e+00,0.000000e+00,0.000000e+00,0.000000e+00,0.000000e+00,0.000000e+00,0.000000e+00,0.000000e+00,0.000000e+00,0.000000e+00
1.000000e+00,0.000000e+00,0.000000e+00,0.000000e+00,0.000000e+00,0.000000e+00,0.000000e+00,0.000000e+00,0.000000e+00,0.000000e+00,0.000000e+00,0.000000e+00,0.000000e+00,0.000000e+00,0.000000e+00
1.000000e+00,0.000000e+00,0.000000e+00,0.000000e+00,0.000000e+00,0.000000e+00,0.000000e+00,0.000000e+00,0.000000e+00,0.000000e+00,0.000000e+00,0.000000e+00,0.000000e+00,0.000000e+00,0.000000e+00
1.000000e+00,0.000000e+00,0.000000e+00,0.000000e+00,0.000000e+00,0.000000e+00,0.000000e+00,0.000000e+00,0.000000e+00,0.000000e+00,0.000000e+00,0.000000e+00,0.000000e+00,0.000000e+00,0.000000e+00
1.000000e+00,0.000000e+00,0.000000e+00,0.000000e+00,0.000000e+00,0.000000e+00,0.000000e+00,0.000000e+00,0.000000e+00,0.000000e+00,0.000000e+00,0.000000e+00,0.000000e+00,0.000000e+00,0.000000e+00
1.000000e+00,0.000000e+00,0.000000e+00,0.000000e+00,0.000000e+00,0.000000e+00,0.000000e+00,0.000000e+00,0.000000e+00,0.000000e+00,0.000000e+00,0.000000e+00,0.000000e+00,0.000000e+00,0.000000e+00
1.000000e+00,0.000000e+00,0.000000e+00,0.000000e+00,0.000000e+00,0.000000e+00,0.000000e+00,0.000000e+00,0.000000e+00,0.000000e+00,0.000000e+00,0.000000e+00,0.000000e+00,0.000000e+00,0.000000e+00
1.000000e+00,0.000000e+00,0.000000e+00,0.000000e+00,0.000000e+00,0.000000e+00,0.000000e+00,0.000000e+00,0.000000e+00,0.000000e+00,0.000000e+00,0.000000e+00,0.000000e+00,0.000000e+00,0.000000e+00
1.000000e+00,0.000000e+00,0.000000e+00,0.000000e+00,0.000000e+00,0.000000e+00,0.000000e+00,0.000000e+00,0.000000e+00,0.000000e+00,0.000000e+00,0.000000e+00,0.000000e+00,0.000000e+00,0.000000e+00
1.000000e+00,0.000000e+00,0.000000e+00,0.000000e+00,0.000000e+00,0.000000e+00,0.000000e+00,0.000000e+00,0.000000e+00,0.000000e+00,0.000000e+00,0.000000e+00,0.000000e+00,0.000000e+00,0.000000e+00
1.000000e+00,0.000000e+00,0.000000e+00,0.000000e+00,0.000000e+00,0.000000e+00,0.000000e+00,0.000000e+00,0.000000e+00,0.000000e+00,0.000000e+00,0.000000e+00,0.000000e+00,0.000000e+00,0.000000e+00
1.000000e+00,0.000000e+00,0.000000e+00,0.000000e+00,0.000000e+00,0.000000e+00,0.000000e+00,0.000000e+00,0.000000e+00,0.000000e+00,0.000000e+00,0.000000e+00,0.000000e+00,0.000000e+00,0.000000e+00
1.000000e+00,0.000000e+00,0.000000e+00,0.000000e+00,0.000000e+00,0.000000e+00,0.000000e+00,0.000000e+00,0.000000e+00,0.000000e+00,0.000000e+00,0.000000e+00,0.000000e+00,0.000000e+00,0.000000e+00
1.000000e+00,0.000000e+00,0.000000e+00,0.000000e+00,0.000000e+00,0.000000e+00,0.000000e+00,0.000000e+00,0.000000e+00,0.000000e+00,0.000000e+00,0.000000e+00,0.000000e+00,0.000000e+00,0.000000e+00
1.000000e+00,0.000000e+00,0.000000e+00,0.000000e+00,0.000000e+00,0.000000e+00,0.000000e+00,0.000000e+00,0.000000e+00,0.000000e+00,0.000000e+00,0.000000e+00,0.000000e+00,0.000000e+00,0.000000e+00
1.000000e+00,0.000000e+00,0.000000e+00,0.000000e+00,0.000000e+00,0.000000e+00,0.000000e+00,0.000000e+00,0.000000e+00,0.000000e+00,0.000000e+00,0.000000e+00,0.000000e+00,0.000000e+00,0.000000e+00
1.000000e+00,0.000000e+00,0.000000e+00,0.000000e+00,0.000000e+00,0.000000e+00,0.000000e+00,0.000000e+00,0.000000e+00,0.000000e+00,0.000000e+00,0.000000e+00,0.000000e+00,0.000000e+00,0.000000e+00
1.000000e+00,0.000000e+00,0.000000e+00,0.000000e+00,0.000000e+00,0.000000e+00,0.000000e+00,0.000000e+00,0.000000e+00,0.000000e+00,0.000000e+00,0.000000e+00,0.000000e+00,0.000000e+00,0.000000e+00
1.000000e+00,0.000000e+00,0.000000e+00,0.000000e+00,0.000000e+00,0.000000e+00,0.000000e+00,0.000000e+00,0.000000e+00,0.000000e+00,0.000000e+00,0.000000e+00,0.000000e+00,0.000000e+00,0.000000e+00
1.000000e+00,0.000000e+00,0.000000e+00,0.000000e+00,0.000000e+00,0.000000e+00,0.000000e+00,0.000000e+00,0.000000e+00,0.000000e+00,0.000000e+00,0.000000e+00,0.000000e+00,0.000000e+00,0.000000e+00
1.000000e+00,0.000000e+00,0.000000e+00,0.000000e+00,0.000000e+00,0.000000e+00,0.000000e+00,0.000000e+00,0.000000e+00,0.000000e+00,0.000000e+00,0.000000e+00,0.000000e+00,0.000000e+00,0.000000e+00
1.000000e+00,0.000000e+00,0.000000e+00,0.000000e+00,0.000000e+00,0.000000e+00,0.000000e+00,0.000000e+00,0.000000e+00,0.000000e+00,0.000000e+00,0.000000e+00,0.000000e+00,0.000000e+00,0.000000e+00
1.000000e+00,0.000000e+00,0.000000e+00,0.000000e+00,0.000000e+00,0.000000e+00,0.000000e+00,0.000000e+00,0.000000e+00,0.000000e+00,0.000000e+00,0.000000e+00,0.000000e+00,0.000000e+00,0.000000e+00
1.000000e+00,0.000000e+00,0.000000e+00,0.000000e+00,0.000000e+00,0.000000e+00,0.000000e+00,0.000000e+00,0.000000e+00,0.000000e+00,0.000000e+00,0.000000e+00,0.000000e+00,0.000000e+00,0.000000e+00
3.829446e-01,2.264405e-02,6.588533e-02,4.058878e-01,3.900832e-03,9.679764e-03,2.208839e-03,9.614361e-03,1.196531e-02,1.479787e-03,2.773124e-02,2.015187e-02,9.226013e-03,5.082747e-03,2.159755e-02
2.683430e-01,2.645243e-02,5.088452e-02,3.016903e-01,2.873329e-03,6.823121e-03,1.555881e-03,6.745452e-03,1.193297e-02,1.624661e-03,2.454012e-01,2.287708e-02,6.628112e-03,7.941036e-03,3.822689e-02
1.880205e-01,2.474998e-02,4.402789e-02,2.375300e-01,3.552363e-03,5.178983e-03,1.108839e-03,4.866563e-03,1.499439e-02,2.465862e-03,3.179529e-01,2.798376e-02,5.075758e-03,6.194795e-02,6.054424e-02
1.316993e-01,1.784053e-02,3.117764e-02,1.686731e-01,5.598478e-03,4.359131e-03,7.812113e-04,3.573807e-03,1.182880e-02,2.111635e-03,4.690145e-01,3.661260e-02,4.033672e-03,5.568852e-02,5.700710e-02
9.225523e-02,1.266701e-02,2.196928e-02,1.198164e-01,7.853790e-03,4.106580e-03,5.570127e-04,2.606932e-03,9.226038e-03,2.362569e-03,5.141947e-01,8.069899e-02,3.327134e-03,8.501972e-02,4.333854e-02
6.461207e-02,8.934279e-03,1.542387e-02,8.418205e-02,1.676707e-02,3.181549e-03,3.993132e-04,1.840544e-03,7.131998e-03,3.498618e-03,5.402514e-01,8.746125e-02,2.691951e-03,1.325367e-01,3.108730e-02
4.525495e-02,6.306136e-03,1.085755e-02,5.901516e-02,1.565459e-02,2.797952e-03,2.910601e-04,1.297488e-03,6.598043e-03,4.032608e-03,5.437417e-01,8.662980e-02,2.348301e-03,1.930039e-01,2.217077e-02
3.169429e-02,4.500137e-03,7.633179e-03,4.135378e-02,1.443801e-02,2.079347e-03,2.093923e-04,9.159559e-04,5.818876e-03,4.035898e-03,5.664113e-01,7.202169e-02,1.762831e-03,2.311215e-01,1.600382e-02
2.219880e-02,3.212724e-03,5.362975e-03,2.902587e-02,1.297629e-02,1.598300e-03,1.564358e-04,6.496247e-04,4.905150e-03,3.496594e-03,5.997817e-01,5.688548e-02,1.343591e-03,2.467741e-01,1.163241e-02
1.555072e-02,2.314935e-03,3.772812e-03,2.039050e-02,1.404413e-02,1.207203e-03,1.257153e-04,4.614377e-04,4.120692e-03,4.054188e-03,6.062034e-01,4.931643e-02,1.073532e-03,2.685561e-01,8.808193e-03
1.093289e-02,1.703622e-03,2.685720e-03,1.437770e-02,1.917405e-02,1.153825e-03,1.182186e-04,3.641040e-04,3.338597e-03,4.116168e-03,6.454376e-01,4.555694e-02,8.818048e-04,2.434092e-01,6.749543e-03
7.696450e-03,1.340487e-03,1.919851e-03,1.027910e-02,1.728034e-02,1.201418e-03,1.003108e-04,2.907373e-04,2.802589e-03,5.040589e-03,6.866494e-01,5.842161e-02,8.041364e-04,2.010007e-01,5.172205e-03
5.430447e-03,1.024994e-03,1.450380e-03,7.277233e-03,1.949563e-02,1.645551e-03,1.190060e-04,3.166430e-04,2.315586e-03,5.697408e-03,7.130008e-01,5.941308e-02,8.255711e-04,1.780739e-01,3.913686e-03
4.398597e-03,9.321643e-04,1.311539e-03,5.298268e-03,1.786632e-02,3.309302e-03,1.606197e-04,5.852698e-04,1.900997e-03,4.734994e-03,7.326884e-01,7.510687e-02,7.434938e-04,1.479890e-01,2.974183e-03
3.184713e-03,7.158985e-04,9.627099e-04,3.774401e-03,1.351519e-02,2.973832e-03,1.180950e-04,4.494328e-04,1.574996e-03,3.555488e-03,7.430956e-01,8.018578e-02,7.492895e-04,1.429434e-01,2.201035e-03
2.300024e-03,8.338057e-04,7.258201e-04,2.672616e-03,1.029207e-02,2.482337e-03,9.018232e-05,3.222147e-04,1.244657e-03,2.765442e-03,7.634543e-01,7.761005e-02,7.945399e-04,1.327912e-01,1.620651e-03
1.664305e-03,7.539260e-04,5.495517e-04,1.882506e-03,7.600627e-03,2.059897e-03,8.413939e-05,2.366653e-04,9.715513e-04,2.184441e-03,7.893164e-01,7.214145e-02,9.369591e-04,1.184265e-01,1.191121e-03
1.244836e-03,1.531715e-03,5.290821e-04,1.350785e-03,7.912816e-03,2.088725e-03,1.979144e-04,1.947850e-04,1.013087e-03,3.148168e-03,7.867826e-01,7.122666e-02,9.748345e-04,1.205398e-01,1.264127e-03
9.883051e-04,3.872916e-03,9.403233e-04,1.025111e-03,1.184817e-02,2.604000e-03,6.571361e-04,1.902452e-04,1.393746e-03,6.324189e-03,8.156115e-01,5.676340e-02,1.455729e-03,9.266415e-02,3.661053e-03
8.198974e-04,6.814104e-03,1.662124e-03,9.621823e-04,1.478332e-02,3.244299e-03,1.727988e-03,1.961633e-04,1.930381e-03,8.583263e-03,8.220693e-01,4.624911e-02,2.445766e-03,7.396079e-02,1.455134e-02
8.635714e-04,1.979683e-02,9.013148e-03,3.625928e-03,1.718033e-02,4.299896e-03,1.939539e-03,3.876186e-04,7.164635e-03,1.136415e-02,6.687381e-01,3.742164e-02,2.520858e-03,5.793362e-02,1.577502e-01
1.019431e-03,1.570083e-02,1.137781e-02,1.642799e-02,2.195602e-02,3.381272e-02,4.833886e-03,4.386893e-03,1.844019e-02,1.042507e-02,6.327893e-01,4.588223e-02,4.563237e-03,4.376353e-02,1.346209e-01
1.576350e-03,1.370652e-02,1.286482e-02,2.118892e-02,4.154309e-02,4.214701e-02,1.601871e-02,1.050795e-02,2.040924e-02,8.825265e-03,6.177037e-01,4.487389e-02,8.087592e-03,3.174453e-02,1.088024e-01
1.494166e-03,1.243856e-02,1.365999e-02,2.026962e-02,6.526508e-02,4.564325e-02,2.152664e-02,2.017474e-02,2.319349e-02,6.365722e-03,6.156528e-01,3.923775e-02,1.113300e-02,2.260154e-02,8.134367e-02
1.412442e-03,1.056663e-02,1.231476e-02,1.785693e-02,1.485891e-01,3.733733e-02,2.627904e-02,3.465730e-02,2.101261e-02,4.577263e-03,5.666010e-01,3.294646e-02,1.145050e-02,1.602780e-02,5.837085e-02
1.524311e-03,7.778852e-03,1.292996e-02,1.418085e-02,1.206399e-01,3.777589e-02,1.947961e-02,1.785743e-01,1.633871e-02,3.237762e-03,4.911206e-01,3.265191e-02,1.071663e-02,1.155496e-02,4.149575e-02
2.165833e-03,5.515254e-03,9.760576e-03,1.094756e-02,9.114001e-02,3.544375e-02,1.390887e-02,2.388570e-01,1.234703e-02,2.287706e-03,4.968307e-01,3.005426e-02,1.289972e-02,8.528611e-03,2.931303e-02
3.725237e-03,3.938667e-03,8.178957e-03,8.712505e-03,6.891757e-02,3.239283e-02,1.013482e-02,3.059551e-01,9.243727e-03,1.648875e-03,4.791054e-01,2.530646e-02,1.543879e-02,6.417871e-03,2.088318e-02
7.061238e-03,2.854926e-03,1.000040e-02,7.044874e-03,6.131483e-02,3.374267e-02,8.012393e-03,3.591247e-01,8.492095e-03,1.272182e-03,4.168357e-01,2.788392e-02,3.605029e-02,5.465862e-03,1.484392e-02
1.976046e-02,2.282266e-03,1.163899e-02,5.757814e-03,5.571259e-02,6.735370e-02,6.896914e-03,2.929097e-01,1.227441e-02,1.073149e-03,4.234499e-01,2.666330e-02,5.778144e-02,5.806300e-03,1.063913e-02
2.925768e-02,4.808137e-03,4.411850e-02,5.212428e-03,8.427554e-02,5.006496e-02,6.679753e-03,2.283059e-01,6.312566e-02,1.055837e-03,3.909101e-01,2.437215e-02,5.329438e-02,6.438308e-03,8.080728e-03
3.482350e-02,6.903490e-03,5.843882e-02,6.877396e-03,8.347341e-02,3.944914e-02,5.176227e-03,1.858927e-01,1.172704e-01,2.516854e-03,3.451008e-01,4.558227e-02,4.901048e-02,1.275258e-02,6.731920e-03
4.135492e-02,1.103861e-02,8.913353e-02,8.172596e-03,7.229768e-02,3.149176e-02,4.293913e-03,1.500267e-01,1.340923e-01,3.764231e-03,3.093273e-01,8.149988e-02,4.192604e-02,1.564975e-02,5.930706e-03
3.876827e-02,1.633628e-02,1.300048e-01,1.291544e-02,6.444774e-02,2.828279e-02,3.784680e-03,1.252846e-01,1.276895e-01,3.597527e-03,2.391222e-01,1.478918e-01,4.391972e-02,1.263981e-02,5.314810e-03
3.394544e-02,2.523207e-02,1.621227e-01,1.309918e-02,5.215052e-02,2.824305e-02,3.430558e-03,9.928899e-02,1.163629e-01,4.164582e-03,1.708443e-01,2.148749e-01,5.267324e-02,9.687526e-03,1.388005e-02
2.508170e-02,2.119858e-02,1.567807e-01,1.343041e-02,4.010282e-02,2.987406e-02,3.775568e-03,8.206728e-02,1.015336e-01,4.700589e-03,1.208579e-01,1.742776e-01,9.409645e-02,7.880171e-03,1.243425e-01
2.086509e-02,1.800166e-02,1.168246e-01,1.858379e-02,3.009525e-02,2.985943e-02,3.845701e-03,5.961801e-02,8.545928e-02,6.909450e-03,8.851525e-02,1.310995e-01,1.062042e-01,6.714380e-03,2.774044e-01
2.426147e-02,4.186328e-02,8.770315e-02,1.173434e-01,2.399408e-02,2.945849e-02,3.200161e-03,4.248755e-02,1.267167e-01,1.126314e-02,6.750475e-02,9.653962e-02,8.734048e-02,9.059474e-03,2.312643e-01
2.050531e-02,2.993787e-02,6.173774e-02,9.271206e-02,1.881078e-02,2.354985e-02,3.459485e-03,3.104057e-02,9.948188e-02,1.069256e-02,8.735888e-02,1.102415e-01,1.815061e-01,9.978383e-03,2.189870e-01
1.631953e-02,2.114963e-02,4.401770e-02,6.896731e-02,1.833828e-02,1.865849e-02,5.265045e-03,2.480428e-02,7.294416e-02,9.077619e-03,9.378145e-02,9.068709e-02,2.585918e-01,9.780540e-03,2.476171e-01
1.408935e-02,1.504122e-02,3.591209e-02,6.279115e-02,1.625670e-02,1.618399e-02,4.153990e-03,2.002678e-02,8.525610e-02,9.426864e-03,1.331531e-01,8.966075e-02,3.004419e-01,1.283594e-02,1.847701e-01
1.129430e-02,1.070488e-02,2.678840e-02,4.828250e-02,1.227840e-02,1.244195e-02,3.071799e-03,1.618790e-02,7.346647e-02,1.009544e-02,1.675569e-01,1.194672e-01,3.455016e-01,1.023772e-02,1.326245e-01
9.489208e-03,7.804523e-03,1.974272e-02,3.552566e-02,1.007541e-02,9.502408e-03,2.341744e-03,1.397231e-02,5.972450e-02,8.849844e-03,1.931530e-01,1.249874e-01,3.996922e-01,8.328271e-03,9.681082e-02
7.983554e-03,5.784048e-03,1.485463e-02,2.818663e-02,1.141809e-02,8.691918e-03,2.477990e-03,1.074957e-02,5.087252e-02,1.397899e-02,1.809928e-01,1.195343e-01,4.599488e-01,8.807155e-03,7.571910e-02
7.198703e-03,4.279323e-03,1.137868e-02,2.067011e-02,1.233719e-02,8.891749e-03,1.986616e-03,1.014742e-02,7.979977e-02,1.135413e-02,1.731772e-01,1.010916e-01,4.968158e-01,6.422361e-03,5.444930e-02
6.068076e-03,3.062898e-03,9.084020e-03,1.519814e-02,1.137293e-02,9.525926e-03,1.797789e-03,1.553742e-02,6.495424e-02,9.727269e-03,1.512175e-01,9.914850e-02,5.591343e-01,4.650645e-03,3.952035e-02
5.371916e-03,2.420419e-03,6.909069e-03,1.156249e-02,2.221704e-02,1.243822e-02,1.818857e-03,1.162010e-02,5.168315e-02,1.212832e-02,1.288177e-01,1.560718e-01,5.394191e-01,4.306130e-03,3.321569e-02
4.395652e-03,1.816616e-03,5.494040e-03,8.563734e-03,2.247056e-02,1.009572e-02,1.477165e-03,8.905207e-03,3.944956e-02,1.117733e-02,1.098448e-01,1.812158e-01,5.626417e-01,3.630362e-03,2.882166e-02
3.737370e-03,1.602056e-03,4.357745e-03,7.030951e-03,1.960786e-02,1.010661e-02,1.281449e-03,6.675872e-03,2.916251e-02,1.292381e-02,9.546646e-02,2.500029e-01,5.316390e-01,3.159716e-03,2.324567e-02
2.941874e-03,1.238987e-03,3.692765e-03,5.882711e-03,2.350674e-02,8.323159e-03,1.114246e-03,5.128613e-03,2.239907e-02,1.424330e-02,9.703003e-02,2.385356e-01,5.518122e-01,3.414716e-03,2.073599e-02
2.415276e-03,8.899441e-04,2.725198e-03,4.218426e-03,1.492207e-01,6.153695e-03,1.180394e-03,4.228931e-03,2.159603e-02,1.153114e-02,8.744749e-02,2.077217e-01,4.801278e-01,2.582401e-03,1.796097e-02
2.773487e-03,6.837228e-04,2.221010e-03,3.069018e-03,3.146611e-01,5.301186e-03,2.297517e-03,4.579082e-03,2.669922e-02,1.045312e-02,6.578418e-02,1.588875e-01,3.879577e-01,1.866215e-03,1.276598e-02
4.200112e-03,5.204492e-04,2.132559e-03,2.240360e-03,3.780805e-01,1.047912e-02,5.600410e-02,9.755466e-03,2.677985e-02,1.046009e-02,4.873833e-02,1.279236e-01,3.120587e-01,1.423310e-03,9.203310e-03
1.693507e-02,5.039239e-04,2.385280e-03,1.714949e-03,3.758310e-01,4.837415e-02,1.064894e-01,4.055783e-02,2.752540e-02,8.592281e-03,3.508448e-02,1.061428e-01,2.219050e-01,1.092538e-03,6.865859e-03
2.603490e-02,5.641663e-04,1.885440e-03,1.517422e-03,4.619346e-01,7.274350e-02,7.922161e-02,3.403009e-02,3.664313e-02,6.611844e-03,2.571834e-02,8.681835e-02,1.602548e-01,8.524110e-04,5.169340e-03
4.458866e-02,8.973421e-04,1.890682e-03,1.537869e-03,5.097305e-01,5.669459e-02,9.714673e-02,2.660212e-02,3.203523e-02,5.155865e-03,1.963599e-02,8.273521e-02,1.169234e-01,6.614194e-04,3.764421e-03
8.074151e-02,2.332491e-03,3.136879e-03,3.992262e-03,4.722648e-01,4.726578e-02,1.674583e-01,1.943657e-02,3.147456e-02,4.480252e-03,1.497583e-02,6.410186e-02,8.471267e-02,6.543406e-04,2.971964e-03
1.125387e-01,2.919996e-03,2.904197e-03,5.411524e-03,4.481596e-01,4.182687e-02,2.197563e-01,1.381923e-02,2.578871e-02,3.824903e-03,1.105250e-02,4.816856e-02,6.084325e-02,5.366158e-04,2.449020e-03
1.575373e-01,4.471220e-03,2.307867e-03,5.990600e-03,4.777671e-01,4.231654e-02,1.800344e-01,9.804962e-03,2.049042e-02,2.907926e-03,8.689913e-03,3.800023e-02,4.701282e-02,5.276862e-04,2.141052e-03
1.729975e-01,4.456332e-03,2.243547e-03,1.486198e-02,5.300961e-01,3.798413e-02,1.325212e-01,7.924544e-03,1.621261e-02,2.259850e-03,6.938751e-03,3.143140e-02,3.793048e-02,4.294021e-04,1.712227e-03
1.530927e-01,3.569852e-03,3.711507e-03,2.602657e-02,5.796314e-01,2.882051e-02,1.102531e-01,1.937284e-02,1.342554e-02,1.659726e-03,5.207813e-03,2.369233e-02,2.989178e-02,3.342199e-04,1.310149e-03
1.503157e-01,3.526063e-03,7.524254e-03,2.199709e-02,5.292419e-01,3.401159e-02,1.181863e-01,2.932863e-02,1.519185e-02,1.606068e-03,4.176319e-03,2.790636e-02,5.481985e-02,4.840717e-04,1.683880e-03
1.330711e-01,2.973870e-03,9.220345e-03,1.871071e-02,4.398544e-01,2.934491e-02,2.050655e-01,3.562786e-02,1.454123e-02,1.548408e-03,3.278625e-03,2.074458e-02,8.376385e-02,4.192185e-04,1.835378e-03
1.208446e-01,2.263507e-03,7.923204e-03,1.530541e-02,3.522933e-01,2.427692e-02,3.154915e-01,6.360213e-02,1.161205e-02,1.251636e-03,2.498524e-03,1.491829e-02,6.581785e-02,3.281291e-04,1.572923e-03
1.267772e-01,1.858854e-03,6.748386e-03,1.318900e-02,2.950637e-01,2.397905e-02,3.417182e-01,1.110758e-01,1.023910e-02,1.029535e-03,1.950407e-03,1.107150e-02,5.362137e-02,2.703248e-04,1.407658e-03
1.256503e-01,2.012294e-03,7.090187e-03,1.096904e-02,2.216284e-01,2.478402e-02,3.777899e-01,1.637938e-01,9.865908e-03,9.440602e-04,1.681654e-03,8.352163e-03,4.375662e-02,2.771465e-04,1.404604e-03
1.199963e-01,2.533621e-03,6.478501e-03,9.020173e-03,1.726236e-01,2.762055e-02,4.386398e-01,1.630078e-01,9.601618e-03,1.727901e-03,1.814049e-03,6.738998e-03,3.724395e-02,4.018255e-04,2.551278e-03
1.148833e-01,2.553230e-03,7.361810e-03,7.394321e-03,1.401105e-01,2.389792e-02,5.012496e-01,1.522530e-01,8.322427e-03,2.461193e-03,1.587342e-03,5.282947e-03,2.890822e-02,4.688997e-04,3.265391e-03
1.089880e-01,2.387444e-03,6.347893e-03,5.926691e-03,1.151729e-01,2.624863e-02,5.277364e-01,1.589626e-01,6.463182e-03,3.443970e-03,1.693203e-03,4.932538e-03,2.481329e-02,5.075579e-04,6.375715e-03
9.109052e-02,2.432913e-03,5.308449e-03,5.421482e-03,9.863919e-02,3.714022e-02,5.338500e-01,1.598099e-01,4.823373e-03,1.096509e-02,1.913069e-03,4.350811e-03,2.880668e-02,8.930821e-04,1.455528e-02
6.909168e-02,2.606025e-03,5.630125e-03,5.790512e-03,7.482937e-02,4.281911e-02,5.430593e-01,1.493444e-01,3.902361e-03,3.676337e-02,2.578767e-03,3.546824e-03,3.688289e-02,1.621464e-03,2.153374e-02
7.341488e-02,2.257679e-03,4.527753e-03,5.017786e-03,5.724451e-02,3.690770e-02,5.751791e-01,1.619090e-01,2.922436e-03,2.787752e-02,2.145743e-03,2.979486e-03,2.763384e-02,1.353529e-03,1.862902e-02
1.000030e-01,2.426623e-03,3.905015e-03,4.541034e-03,4.385313e-02,3.529738e-02,5.716881e-01,1.474055e-01,3.186091e-03,2.271383e-02,5.462081e-03,3.986239e-03,2.432257e-02,2.765749e-03,2.844362e-02
7.812252e-02,1.270024e-02,6.197897e-03,1.641176e-02,3.531397e-02,6.877521e-02,4.463602e-01,1.054110e-01,5.293595e-02,6.210675e-02,2.817478e-02,1.998412e-02,2.380932e-02,3.862108e-03,3.983410e-02
6.236884e-02,1.844712e-02,5.436042e-03,2.447635e-02,2.661645e-02,6.487209e-02,3.425431e-01,7.491512e-02,9.589722e-02,5.526178e-02,8.645507e-02,7.010127e-02,3.067720e-02,4.099886e-03,3.783239e-02
4.385025e-02,1.892208e-02,4.045831e-03,2.042669e-02,1.889055e-02,4.579298e-02,2.403263e-01,5.250340e-02,3.473763e-01,3.895985e-02,6.491303e-02,5.146288e-02,2.228288e-02,3.138460e-03,2.710843e-02
3.113760e-02,1.460458e-02,3.090689e-03,1.794950e-02,1.360724e-02,3.227031e-02,1.689114e-01,3.693572e-02,4.700194e-01,2.773546e-02,7.872698e-02,5.445933e-02,1.647451e-02,1.321233e-02,2.086496e-02
2.238788e-02,1.067685e-02,2.633906e-03,1.884466e-02,1.023605e-02,2.301230e-02,1.187242e-01,2.637289e-02,4.360780e-01,1.970386e-02,1.910726e-01,7.150734e-02,1.198078e-02,2.160338e-02,1.516535e-02
1.594951e-02,7.557989e-03,2.120539e-03,1.418357e-02,8.108694e-03,1.628351e-02,8.319791e-02,1.859797e-02,3.149121e-01,1.389812e-02,3.633730e-01,1.055376e-01,8.829351e-03,1.675187e-02,1.069824e-02
1.130446e-02,5.659175e-03,2.209315e-03,1.010965e-02,1.882166e-02,1.161309e-02,5.836073e-02,1.319432e-02,2.240334e-01,9.862830e-03,4.488572e-01,1.550988e-01,6.591225e-03,1.671417e-02,7.570007e-03
8.020519e-03,4.505653e-03,2.479141e-03,7.204782e-03,1.714940e-02,8.257619e-03,4.093125e-02,9.474957e-03,1.573465e-01,7.069090e-03,5.492082e-01,1.576317e-01,5.024450e-03,2.036077e-02,5.336011e-03
5.691159e-03,3.395646e-03,2.182809e-03,5.154194e-03,2.261182e-02,5.978473e-03,2.872834e-02,6.790247e-03,1.125400e-01,5.358752e-03,6.120830e-01,1.611749e-01,3.771544e-03,2.069690e-02,3.842274e-03
3.994361e-03,3.223780e-03,2.085827e-03,3.718830e-03,1.915570e-02,4.231230e-03,2.011866e-02,4.829803e-03,9.641728e-02,4.187255e-03,6.749486e-01,1.372532e-01,2.747952e-03,2.035158e-02,2.736057e-03
2.850249e-03,3.127717e-03,3.449088e-03,2.979076e-03,1.512439e-02,3.533216e-03,1.409478e-02,3.980444e-03,9.320780e-02,3.108007e-03,7.221789e-01,1.055840e-01,2.188173e-03,2.260535e-02,1.988714e-03
2.001162e-03,2.366479e-03,2.478243e-03,2.099200e-03,1.153220e-02,2.523655e-03,9.868287e-03,2.808712e-03,8.010619e-02,2.268830e-03,7.741727e-01,7.568842e-02,1.581398e-03,2.904922e-02,1.455260e-03
1.453611e-03,3.489777e-03,1.872731e-03,1.495660e-03,8.855604e-03,2.572107e-03,6.915838e-03,2.181942e-03,8.465294e-02,1.834011e-03,7.864196e-01,5.321964e-02,1.170330e-03,4.270450e-02,1.161681e-03
1.453209e-03,2.812875e-03,2.396640e-03,1.689123e-03,9.241143e-03,8.637935e-03,4.946935e-03,4.916517e-03,8.042076e-02,3.036540e-03,7.934530e-01,3.741093e-02,1.043623e-03,4.750919e-02,1.031546e-03
2.713267e-03,3.063789e-03,2.910326e-03,2.775488e-03,9.098593e-03,1.077224e-02,3.662910e-03,9.167673e-03,8.337759e-02,4.739634e-03,7.771876e-01,2.631833e-02,9.296779e-04,6.189656e-02,1.386323e-03
5.070889e-03,1.399731e-02,2.714440e-03,3.911580e-03,8.051125e-03,8.589949e-03,2.653547e-03,1.045837e-02,1.483660e-01,4.923689e-03,6.847770e-01,1.860985e-02,9.208077e-04,8.357440e-02,3.381068e-03
5.816781e-03,1.736039e-02,2.317193e-03,3.892477e-03,7.392280e-03,6.302014e-03,1.920723e-03,1.089964e-02,3.272518e-01,4.832017e-03,5.159025e-01,1.318834e-02,8.140493e-04,7.800420e-02,4.105628e-03
7.863589e-03,1.865654e-02,4.178327e-03,6.467476e-03,8.197358e-03,6.277758e-03,1.414363e-03,1.333044e-02,3.831651e-01,1.574471e-02,3.845727e-01,9.938108e-03,1.097292e-03,6.040339e-02,7.869285e-02
1.983223e-02,1.978154e-02,3.409833e-02,8.680737e-03,6.876864e-03,9.126342e-03,1.025312e-03,1.206843e-02,3.112759e-01,1.841782e-02,3.012586e-01,7.527454e-03,2.201947e-03,8.243611e-02,1.653924e-01
2.613149e-02,1.762609e-02,7.859482e-02,2.001526e-02,6.249706e-03,1.145859e-02,8.224509e-04,1.254109e-02,2.723344e-01,1.460567e-02,2.230112e-01,6.355504e-03,6.812915e-03,7.975309e-02,2.236877e-01
4.554559e-02,1.880330e-02,1.021678e-01,5.387426e-02,5.963000e-03,1.167633e-02,7.326638e-04,1.224650e-02,2.295885e-01,1.120010e-02,1.590681e-01,5.742299e-03,7.442103e-03,7.672954e-02,2.592199e-01
7.449545e-02,1.855078e-02,9.028285e-02,5.519591e-02,5.776247e-03,1.609556e-02,6.754491e-04,1.325520e-02,1.974876e-01,9.207621e-03,1.149982e-01,4.616848e-03,7.690558e-03,8.186664e-02,3.098051e-01
7.920781e-02,1.513783e-02,7.088476e-02,5.619436e-02,5.172506e-03,1.972559e-02,7.646590e-04,1.519105e-02,1.661877e-01,9.285945e-03,8.223900e-02,3.329583e-03,5.682772e-03,6.588937e-02,4.051071e-01
8.744328e-02,2.187096e-02,7.350778e-02,1.242626e-01,7.859796e-03,2.183957e-02,9.878112e-04,1.499021e-02,1.409536e-01,8.069950e-03,5.896178e-02,2.543607e-03,4.479107e-03,4.892306e-02,3.833068e-01
9.548072e-02,2.311996e-02,6.890293e-02,1.190739e-01,9.562422e-03,3.098888e-02,1.501348e-03,1.695504e-02,1.511499e-01,8.406970e-03,4.332080e-02,1.965806e-03,3.580480e-03,4.048326e-02,3.855076e-01
8.752103e-02,4.288734e-02,9.045899e-02,1.780363e-01,1.392281e-02,2.547595e-02,1.337392e-03,1.422924e-02,1.327211e-01,1.106876e-02,3.119336e-02,1.529817e-03,2.656543e-03,2.861232e-02,3.383490e-01
7.034291e-02,4.292233e-02,8.374802e-02,1.450673e-01,1.099805e-02,1.839124e-02,1.075528e-03,1.034378e-02,1.092476e-01,1.634886e-02,2.314106e-02,1.250057e-03,2.132294e-03,2.255324e-02,4.424377e-01
8.495709e-02,4.202276e-02,1.645485e-01,1.448704e-01,9.966456e-03,1.707097e-02,1.034023e-03,8.840786e-03,7.810118e-02,1.400751e-02,1.761477e-02,1.052714e-03,1.614192e-03,5.159054e-02,3.627081e-01
7.457715e-02,6.438660e-02,2.172734e-01,1.431220e-01,1.546108e-02,1.971664e-02,1.508917e-03,9.432293e-03,5.794091e-02,1.541783e-02,1.516458e-02,2.871384e-03,2.002707e-03,5.718310e-02,3.039414e-01
5.514124e-02,7.136442e-02,2.193550e-01,2.494225e-01,2.563927e-02,1.557606e-02,1.364564e-03,7.332620e-03,4.440123e-02,1.345888e-02,1.582929e-02,2.769766e-03,2.458697e-03,4.467542e-02,2.312111e-01
4.175524e-02,5.603282e-02,2.207520e-01,2.459415e-01,2.308667e-02,1.190945e-02,1.067234e-03,5.608737e-03,6.011169e-02,1.677024e-02,2.024313e-02,2.971423e-03,2.601189e-03,8.638510e-02,2.047636e-01
2.950974e-02,4.039587e-02,1.569610e-01,1.730908e-01,1.643683e-02,8.478216e-03,7.588105e-04,3.941873e-03,4.881610e-02,1.513322e-02,1.473917e-02,2.121757e-03,1.884921e-03,1.281223e-01,3.596094e-01
2.391870e-02,3.054792e-02,1.121138e-01,1.224519e-01,1.237759e-02,6.449674e-03,6.020755e-04,2.832122e-03,4.078234e-02,1.209779e-02,1.128656e-02,2.045096e-03,1.843145e-03,2.230455e-01,3.976058e-01
1.682643e-02,2.151544e-02,7.869232e-02,8.572315e-02,8.687362e-03,4.558882e-03,4.273777e-04,1.984084e-03,2.908773e-02,1.629995e-02,8.125815e-03,1.578536e-03,1.319123e-03,4.106548e-01,3.145190e-01
2.211169e-02,1.746500e-02,5.735783e-02,6.119527e-02,7.360021e-03,4.629576e-03,3.703024e-04,1.627431e-03,2.691524e-02,1.397272e-02,7.692617e-03,2.700484e-03,2.534383e-03,3.803120e-01,3.937554e-01
1.696002e-02,1.252394e-02,4.028090e-02,4.290578e-02,5.221519e-03,3.315475e-03,3.072695e-04,1.164880e-03,1.983357e-02,1.127675e-02,7.370797e-03,2.236772e-03,1.846344e-03,4.635994e-01,3.711567e-01
1.204580e-02,8.843111e-03,2.823816e-02,3.004074e-02,3.665335e-03,2.349312e-03,2.198657e-04,8.165592e-04,1.437016e-02,1.406873e-02,5.497428e-03,1.651671e-03,1.307501e-03,5.699819e-01,3.069037e-01
9.015271e-03,6.276486e-03,1.979839e-02,2.103326e-02,2.587601e-03,1.667686e-03,1.628659e-04,5.737488e-04,1.050308e-02,1.230841e-02,5.326624e-03,1.226137e-03,9.360273e-04,6.468509e-01,2.617335e-01
6.347032e-03,4.398129e-03,1.386291e-02,1.472386e-02,1.817451e-03,1.170657e-03,1.152757e-04,4.017709e-04,7.615135e-03,1.209137e-02,4.743377e-03,8.742785e-04,6.654580e-04,7.425087e-01,1.886646e-01
4.494004e-03,3.083675e-03,9.710693e-03,1.030818e-02,1.288048e-03,8.271799e-04,8.413362e-05,2.814926e-04,6.512833e-03,1.845364e-02,3.982463e-03,6.348775e-04,4.789390e-04,7.952715e-01,1.445883e-01
3.170904e-03,2.160168e-03,6.803296e-03,7.218984e-03,9.077261e-04,5.810366e-04,6.201876e-05,1.973681e-04,5.326750e-03,1.645999e-02,4.048205e-03,4.742684e-04,3.497114e-04,8.439758e-01,1.082638e-01
2.223786e-03,1.512735e-03,4.770349e-03,5.053698e-03,6.375510e-04,4.126095e-04,4.413722e-05,1.383031e-04,4.059834e-03,5.328613e-02,3.766017e-03,3.512962e-04,2.656514e-04,8.433957e-01,8.008220e-02
1.580772e-03,1.064556e-03,3.392209e-03,3.539077e-03,4.619411e-04,3.085434e-04,4.263951e-05,9.768120e-05,3.070356e-03,1.789834e-01,6.049307e-03,3.110562e-04,2.114563e-04,7.416690e-01,5.921803e-02
1.145817e-03,7.591844e-04,2.403142e-03,2.499276e-03,3.530728e-04,3.034632e-04,5.871841e-05,8.234136e-05,3.308265e-03,3.164585e-01,9.820106e-03,4.151102e-04,2.604664e-04,6.158628e-01,4.626974e-02
9.017348e-04,5.512770e-04,1.700742e-03,1.874416e-03,6.211564e-04,7.348098e-04,9.108644e-04,3.201402e-04,8.171649e-03,3.682258e-01,3.168533e-02,7.331246e-04,7.055934e-04,5.361492e-01,4.671417e-02
8.259076e-04,4.838228e-04,1.229639e-03,2.252907e-03,1.571517e-03,2.879300e-03,2.002828e-03,1.523810e-03,1.607542e-02,3.765181e-01,5.465009e-02,1.568343e-03,3.172010e-03,4.808565e-01,5.438983e-02
8.445258e-04,5.738013e-04,9.180966e-04,3.624585e-03,3.539870e-03,6.910437e-03,2.351853e-03,4.338998e-03,6.079912e-02,3.683968e-01,1.222540e-01,3.556991e-03,8.011194e-03,3.662281e-01,4.765156e-02
9.866074e-04,5.393046e-04,9.977033e-04,6.709484e-03,1.943235e-02,5.571543e-03,1.979282e-03,8.612842e-02,6.158824e-02,3.022861e-01,1.741350e-01,5.180935e-03,1.480475e-02,2.841986e-01,3.546173e-02
8.672075e-04,7.356917e-04,7.916149e-04,5.704122e-03,1.447331e-02,5.643515e-03,1.639492e-03,6.310251e-02,4.714808e-02,2.137431e-01,1.239026e-01,5.392175e-03,2.541875e-02,4.661469e-01,2.529082e-02
9.236916e-04,8.383046e-04,6.439292e-04,4.745943e-03,1.352742e-02,6.342488e-03,1.230882e-03,4.484778e-02,4.313253e-02,1.508614e-01,8.840859e-02,7.468359e-03,6.356352e-02,5.548542e-01,1.861095e-02
1.889788e-03,8.266150e-04,6.021694e-04,3.498495e-03,1.111006e-02,9.360211e-03,1.058121e-03,3.968535e-02,4.120737e-02,1.063202e-01,6.366683e-02,9.439366e-03,6.581972e-02,6.319836e-01,1.353203e-02
3.861731e-03,1.455031e-03,7.071808e-04,3.150064e-03,9.917312e-03,2.102543e-02,1.112609e-03,3.387035e-02,4.828534e-02,7.530839e-02,4.750916e-02,9.841017e-03,1.062715e-01,6.271253e-01,1.055956e-02
4.414923e-03,1.529419e-03,5.361254e-04,2.286786e-03,8.370668e-03,2.061085e-02,8.470542e-04,2.458083e-02,4.438750e-02,5.280002e-02,3.477475e-02,1.421970e-02,2.557122e-01,5.272952e-01,7.633967e-03
7.251029e-03,4.908745e-03,2.398265e-03,1.867234e-03,1.156169e-02,2.473984e-02,8.348869e-04,3.072785e-02,7.439801e-02,3.724556e-02,2.951055e-02,2.269270e-02,2.536400e-01,4.923741e-01,5.849568e-03
1.222120e-02,7.936098e-03,2.311505e-03,1.855291e-03,1.273192e-02,2.838014e-02,1.225449e-03,2.793516e-02,9.829727e-02,2.624978e-02,2.375267e-02,3.497840e-02,3.201169e-01,3.970170e-01,4.991265e-03
1.422341e-02,6.376290e-03,4.457538e-03,1.770792e-03,1.356506e-02,2.669108e-02,1.647745e-03,3.068277e-02,8.557764e-02,1.842116e-02,2.243054e-02,3.541061e-02,4.518507e-01,2.831910e-01,3.703665e-03
1.713750e-02,5.488615e-03,4.013720e-03,1.476832e-03,1.217942e-02,4.021986e-02,1.574221e-03,2.570743e-02,8.065210e-02,1.296593e-02,2.855666e-02,5.581080e-02,5.040023e-01,2.068452e-01,3.369377e-03
2.671415e-02,4.598267e-03,4.283327e-03,1.463047e-03,1.404455e-02,6.289905e-02,2.073351e-03,2.065799e-02,6.977829e-02,9.155432e-03,3.966671e-02,7.548903e-02,5.103695e-01,1.556011e-01,3.206158e-03
3.037913e-02,4.188525e-03,5.523521e-03,1.448081e-03,1.221799e-02,1.734360e-01,2.248013e-03,1.598507e-02,5.541492e-02,6.545821e-03,3.579749e-02,6.866547e-02,4.705583e-01,1.138998e-01,3.691912e-03
2.451129e-02,3.237579e-03,4.098264e-03,1.272628e-03,9.429097e-03,2.471319e-01,1.755601e-03,1.181261e-02,4.042847e-02,4.660484e-03,2.827331e-02,5.622928e-02,4.834868e-01,8.045183e-02,3.220825e-03
3.697681e-02,9.303648e-03,1.242364e-02,9.657988e-03,1.392074e-02,1.950740e-01,2.787743e-03,1.237064e-02,6.297368e-02,4.280811e-03,2.670521e-02,1.267220e-01,4.192635e-01,6.048706e-02,7.052507e-03
3.781801e-02,7.411195e-03,9.637428e-03,7.012208e-03,1.272329e-02,2.091229e-01,2.762739e-03,1.360804e-02,5.003287e-02,3.038285e-03,2.913935e-02,1.333930e-01,4.340337e-01,4.484493e-02,5.421983e-03
3.575920e-02,8.790725e-03,2.290130e-02,9.503929e-03,1.308826e-02,1.839462e-01,3.009342e-03,1.021887e-02,4.076779e-02,2.382211e-03,2.212703e-02,1.081776e-01,5.003616e-01,3.169799e-02,7.267936e-03
4.680503e-02,1.194066e-02,2.309715e-02,9.800509e-03,1.545104e-02,1.923045e-01,9.008752e-03,1.124491e-02,3.923494e-02,2.072932e-03,1.674835e-02,8.080821e-02,5.087168e-01,2.282148e-02,9.944794e-03
3.972938e-02,9.746641e-03,1.674501e-02,7.814107e-03,1.933877e-02,1.850527e-01,1.008250e-02,1.259667e-02,3.382729e-02,1.526554e-03,1.412415e-02,6.174548e-02,5.606666e-01,1.617595e-02,1.082824e-02
3.508360e-02,8.364215e-03,1.375985e-02,8.185343e-03,2.135972e-02,1.382852e-01,1.213809e-02,9.194357e-03,6.114736e-02,1.685437e-03,1.057173e-02,4.613687e-02,6.102391e-01,1.161021e-02,1.223889e-02
4.103396e-02,6.688984e-03,1.136601e-02,6.538382e-03,2.822266e-02,1.110396e-01,1.899390e-02,6.859826e-03,5.039061e-02,1.637384e-03,8.941723e-03,3.555236e-02,6.491809e-01,8.383455e-03,1.517015e-02
4.775757e-02,8.761953e-03,1.475961e-01,7.529574e-03,4.973778e-02,8.126494e-02,1.474507e-02,8.007735e-03,5.005431e-02,1.908905e-03,7.395511e-03,2.638705e-02,5.286269e-01,5.965856e-03,1.426071e-02
3.967987e-02,7.289525e-03,3.504929e-01,3.144357e-02,4.178363e-02,5.735911e-02,1.091088e-02,6.241606e-03,4.077493e-02,2.188897e-03,5.278295e-03,1.858105e-02,3.722735e-01,4.185591e-03,1.151662e-02
4.819506e-02,6.983366e-03,4.732195e-01,3.124898e-02,3.826268e-02,4.088263e-02,1.061822e-02,5.555756e-03,5.003607e-02,1.909038e-03,3.842542e-03,1.315402e-02,2.619738e-01,2.948626e-03,1.116982e-02
7.711762e-02,9.653118e-03,4.378037e-01,5.309561e-02,6.184519e-02,3.066887e-02,1.720093e-02,6.260085e-03,9.493761e-02,1.671798e-03,2.937199e-03,9.463787e-03,1.848272e-01,2.179077e-03,1.033833e-02
1.321981e-01,1.094598e-02,3.543360e-01,5.672009e-02,9.255715e-02,2.465134e-02,2.848000e-02,8.265480e-03,1.235540e-01,1.528444e-03,2.498131e-03,7.137212e-03,1.359806e-01,1.866278e-03,1.928121e-02
