1.000000e+00,0.000000e+00,0.000000e+00,0.000000e+00,0.000000e+00,0.000000e+00,0.000000e+00,0.000000e+00,0.000000e+00,0.000000e+00,0.000000e+00,0.000000e+00,0.000000e+00,0.000000e+00,0.000000e+00
1.000000e+00,0.000000e+00,0.000000e+00,0.000000e+00,0.000000e+00,0.000000e+00,0.000000e+00,0.000000e+00,0.000000e+00,0.000000e+00,0.000000e+00,0.000000e+00,0.000000e+00,0.000000e+00,0.000000e+00
1.000000e+00,0.000000e+00,0.000000e+00,0.000000e+00,0.000000e+00,0.000000e+00,0.000000e+00,0.000000e+00,0.000000e+00,0.000000e+00,0.000000e+00,0.000000e+00,0.000000e+00,0.000000e+00,0.000000e+00
1.000000e+00,0.000000e+00,0.000000e+00,0.000000e+00,0.000000e+00,0.000000e+00,0.000000e+00,0.000000e+00,0.000000e+00,0.000000e+00,0.000000e+00,0.000000e+00,0.000000e+00,0.000000e+00,0.000000e+00
1.000000e+00,0.000000e+00,0.000000e+00,0.000000e+00,0.000000e+00,0.000000e+00,0.000000e+00,0.000000e+00,0.000000e+00,0.000000e+00,0.000000e+00,0.000000e+00,0.000000e+00,0.000000e+00,0.000000e+00
1.000000e+00,0.000000e+00,0.000000e+00,0.000000e+00,0.000000e+00,0.000000e+00,0.000000e+00,0.000000e+00,0.000000e+00,0.000000e+00,0.000000e+00,0.000000e+00,0.000000e+00,0.000000e+00,0.000000e+00
1.000000e+00,0.000000e+00,0.000000e+00,0.000000e+00,0.000000e+00,0.000000e+00,0.000000e+00,0.000000e+00,0.000000e+00,0.000000e+00,0.000000e+00,0.000000e+00,0.000000e+00,0.000000e+00,0.000000e+00
1.000000e+00,0.000000e+00,0.000000e+00,0.000000e+00,0.000000e+00,0.000000e+00,0.000000e+00,0.000000e+00,0.000000e+00,0.000000e+00,0.000000e+00,0.000000e+00,0.000000e+00,0.000000e+00,0.000000e+00
1.000000e+00,0.000000e+00,0.000000e+00,0.000000e+00,0.000000e+00,0.000000e+00,0.000000e+00,0.000000e+00,0.000000e+00,0.000000e+00,0.000000e+00,0.000000e+00,0.000000e+00,0.000000e+00,0.000000e+00
1.000000e+00,0.000000e+00,0.000000e+00,0.000000e+00,0.000000e+00,0.000000e+00,0.000000e+00,0.000000e+00,0.000000e+00,0.000000e+00,0.000000e+00,0.000000e+00,0.000000e+00,0.000000e+00,0.000000e+00
1.000000e+00,0.000000e+00,0.000000e+00,0.000000e+00,0.000000e+00,0.000000e+00,0.000000e+00,0.000000e+00,0.000000e+00,0.000000e+00,0.000000e+00,0.000000e+00,0.000000e+00,0.000000e+00,0.000000e+00
1.000000e+00,0.000000e+00,0.000000e+00,0.000000e+00,0.000000e+00,0.000000e+00,0.000000e+00,0.000000e+00,0.000000e+00,0.000000e+00,0.000000e+00,0.000000e+00,0.000000e+00,0.000000e+00,0.000000e+00
1.000000e+00,0.000000e+00,0.000000e+00,0.000000e+00,0.000000e+00,0.000000e+00,0.000000e+00,0.000000e+00,0.000000e+00,0.000000e+00,0.000000e+00,0.000000e+00,0.000000e+00,0.000000e+00,0.000000e+00
1.000000e+00,0.000000e+00,0.000000e+00,0.000000e+00,0.000000e+00,0.000000e+00,0.000000e+00,0.000000e+00,0.000000e+00,0.000000e+00,0.000000e+00,0.000000e+00,0.000000e+00,0.000000e+00,0.000000e+00
1.000000e+00,0.000000e+00,0.000000e+00,0.000000e+00,0.000000e+00,0.000000e+00,0.000000e+00,0.000000e+00,0.000000e+00,0.000000e+00,0.000000e+00,0.000000e+00,0.000000e+00,0.000000e+00,0.000000e+00
1.000000e+00,0.000000e+00,0.000000e+00,0.000000e+00,0.000000e+00,0.000000e+00,0.000000e+00,0.000000e+00,0.000000e+00,0.000000e+00,0.000000e+00,0.000000e+00,0.000000e+00,0.000000e+00,0.000000e+00
1.000000e+00,0.000000e+00,0.000000e+00,0.000000e+00,0.000000e+00,0.000000e+00,0.000000e+00,0.000000e+00,0.000000e+00,0.000000e+00,0.000000e+00,0.000000e+00,0.000000e+00,0.000000e+00,0.000000e+00
1.000000e+00,0.000000e+00,0.000000e+00,0.000000e+00,0.000000e+00,0.000000e+00,0.000000e+00,0.000000e+00,0.000000e+00,0.000000e+00,0.000000e+00,0.000000e+00,0.000000e+00,0.000000e+00,0.000000e+00
1.000000e+00,0.000000e+00,0.000000e+00,0.000000e+00,0.000000e+00,0.000000e+00,0.000000e+00,0.000000e+00,0.000000e+00,0.000000e+00,0.000000e+00,0.000000e+00,0.000000e+00,0.000000e+00,0.000000e+00
1.000000e+00,0.000000e+00,0.000000e+00,0.000000e+00,0.000000e+00,0.000000e+00,0.000000e+00,0.000000e+00,0.000000e+00,0.000000e+00,0.000000e+00,0.000000e+00,0.000000e+00,0.000000e+00,0.000000e+00
1.000000e+00,0.000000e+00,0.000000e+00,0.000000e+00,0.000000e+00,0.000000e+00,0.000000e+00,0.000000e+00,0.000000e+00,0.000000e+00,0.000000e+00,0.000000e+00,0.000000e+00,0.000000e+00,0.000000e+00
1.000000e+00,0.000000e+00,0.000000e+00,0.000000e+00,0.000000e+00,0.000000e+00,0.000000e+00,0.000000e+00,0.000000e+00,0.000000e+00,0.000000e+00,0.000000e+00,0.000000e+00,0.000000e+00,0.000000e+00
1.000000e+00,0.000000e+00,0.000000e+00,0.000000e+00,0.000000e+00,0.000000e+00,0.000000e+00,0.000000e+00,0.000000e+00,0.000000e+00,0.000000e+00,0.000000e+00,0.000000e+00,0.000000e+00,0.000000e+00
1.000000e+00,0.000000e+00,0.000000e+00,0.000000e+00,0.000000e+00,0.000000e+00,0.000000e+00,0.000000e+00,0.000000e+00,0.000000e+00,0.000000e+00,0.000000e+00,0.000000e+00,0.000000e+00,0.000000e+00
1.000000e+00,0.000000e+00,0.000000e+00,0.000000e+00,0.000000e+00,0.000000e+00,0.000000e+00,0.000000e+00,0.000000e+00,0.000000e+00,0.000000e+00,0.000000e+00,0.000000e+00,0.000000e+00,0.000000e+00
1.000000e+00,0.000000e+00,0.000000e+00,0.000000e+00,0.000000e+00,0.000000e+00,0.000000e+00,0.000000e+00,0.000000e+00,0.000000e+00,0.000000e+00,0.000000e+00,0.000000e+00,0.000000e+00,0.000000e+00
1.000000e+00,0.000000e+00,0.000000e+00,0.000000e+00,0.000000e+00,0.000000e+00,0.000000e+00,0.000000e+00,0.000000e+00,0.000000e+00,0.000000e+00,0.000000e+00,0.000000e+00,0.000000e+00,0.000000e+00
1.000000e+00,0.000000e+00,0.000000e+00,0.000000e+00,0.000000e+00,0.000000e+00,0.000000e+00,0.000000e+00,0.000000e+00,0.000000e+00,0.000000e+00,0.000000e+00,0.000000e+00,0.000000e+00,0.000000e+00
1.000000e+00,0.000000e+00,0.000000e+00,0.000000e+00,0.000000e+00,0.000000e+00,0.000000e+00,0.000000e+00,0.000000e+00,0.000000e+00,0.000000e+00,0.000000e+00,0.000000e+00,0.000000e+00,0.000000e+00
1.000000e+00,0.000000e+00,0.000000e+00,0.000000e+00,0.000000e+00,0.000000e+00,0.000000e+00,0.000000e+00,0.000000e+00,0.000000e+00,0.000000e+00,0.000000e+00,0.000000e+00,0.000000e+00,0.000000e+00
1.000000e+00,0.000000e+00,0.000000e+00,0.000000e+00,0.000000e+00,0.000000e+00,0.000000e+00,0.000000e+00,0.000000e+00,0.000000e+00,0.000000e+00,0.000000e+00,0.000000e+00,0.000000e+00,0.000000e+00
1.000000e+00,0.000000e+00,0.000000e+00,0.000000e+00,0.000000e+00,0.000000e+00,0.000000e+00,0.000000e+00,0.000000e+00,0.000000e+00,0.000000e+00,0.000000e+00,0.000000e+00,0.000000e+00,0.000000e+00
1.000000e+00,0.000000e+00,0.000000e+00,0.000000e+00,0.000000e+00,0.000000e+00,0.000000e+00,0.000000e+00,0.000000e+00,0.000000e+00,0.000000e+00,0.000000e+00,0.000000e+00,0.000000e+00,0.000000e+00
1.000000e+00,0.000000e+00,0.000000e+00,0.000000e+00,0.000000e+00,0.000000e+00,0.000000e+00,0.000000e+00,0.000000e+00,0.000000e+00,0.000000e+00,0.000000e+00,0.000000e+00,0.000000e+00,0.000000e+00
1.000000e+00,0.000000e+00,0.000000e+00,0.000000e+00,0.000000e+00,0.000000e+00,0.000000e+00,0.000000e+00,0.000000e+00,0.000000e+00,0.000000e+00,0.000000e+00,0.000000e+00,0.000000e+00,0.000000e+00
1.000000e+00,0.000000e+00,0.000000e+00,0.000000e+00,0.000000e+00,0.000000e+00,0.000000e+00,0.000000e+00,0.000000e+00,0.000000e+00,0.000000e+00,0.000000e+00,0.000000e+00,0.000000e+00,0.000000e+00
1.000000e+00,0.000000e+00,0.000000e+00,0.000000e+00,0.000000e+00,0.000000e+00,0.000000e+00,0.000000e+00,0.000000e+00,0.000000e+00,0.000000e+00,0.000000e+00,0.000000e+00,0.000000e+00,0.000000e+00
1.000000e+00,0.000000e+00,0.000000e+00,0.000000e+00,0.000000e+00,0.000000e+00,0.000000e+00,0.000000e+00,0.000000e+00,0.000000e+00,0.000000e+00,0.000000e+00,0.000000e+00,0.000000e+00,0.000000e+00
1.000000e+00,0.000000e+00,0.000000e+00,0.000000e+00,0.000000e+00,0.000000e+00,0.000000e+00,0.000000e+00,0.000000e+00,0.000000e+00,0.000000e+00,0.000000e+00,0.000000e+00,0.000000e+00,0.000000e+00
1.000000e+00,0.000000e+00,0.000000e+00,0.000000e+00,0.000000e+00,0.000000e+00,0.000000e+00,0.000000e+00,0.000000e+00,0.000000e+00,0.000000e+00,0.000000e+00,0.000000e+00,0.000000e+00,0.000000e+00
1.000000e+00,0.000000e+00,0.000000e+00,0.000000e+00,0.000000e+00,0.000000e+00,0.000000e+00,0.000000e+00,0.000000e+00,0.000000e+00,0.000000e+00,0.000000e+00,0.000000e+00,0.000000e+00,0.000000e+00
1.000000e+00,0.000000e+00,0.000000e+00,0.000000e+00,0.000000e+00,0.000000e+00,0.000000e+00,0.000000e+00,0.000000e+00,0.000000e+00,0.000000e+00,0.000000e+00,0.000000e+00,0.000000e+00,0.000000e+00
1.000000e+00,0.000000e+00,0.000000e+00,0.000000e+00,0.000000e+00,0.000000e+00,0.000000e+00,0.000000e+00,0.000000e+00,0.000000e+00,0.000000e+00,0.000000e+00,0.000000e+00,0.000000e+00,0.000000e+00
1.000000e+00,0.000000e+00,0.000000e+00,0.000000e+00,0.000000e+00,0.000000e+00,0.000000e+00,0.000000e+00,0.000000e+00,0.000000e+00,0.000000e+00,0.000000e+00,0.000000e+00,0.000000e+00,0.000000e+00
1.000000e+00,0.000000e+00,0.000000e+00,0.000000e+00,0.000000e+00,0.000000e+00,0.000000e+00,0.000000e+00,0.000000e+00,0.000000e+00,0.000000e+00,0.000000e+00,0.000000e+00,0.000000e+00,0.000000e+00
1.000000e+00,0.000000e+00,0.000000e+00,0.000000e+00,0.000000e+00,0.000000e+00,0.000000e+00,0.000000e+00,0.000000e+00,0.000000e+00,0.000000e+00,0.000000e+00,0.000000e+00,0.000000e+00,0.000000e+00
1.000000e+00,0.000000e+00,0.000000e+00,0.000000e+00,0.000000e+00,0.000000e+00,0.000000e+00,0.000000e+00,0.000000e+00,0.000000e+00,0.000000e+00,0.000000e+00,0.000000e+00,0.000000e+00,0.000000e+00
1.000000e+00,0.000000e+00,0.000000e+00,0.000000e+00,0.000000e+00,0.000000e+00,0.000000e+00,0.000000e+00,0.000000e+00,0.000000e+00,0.000000e+00,0.000000e+00,0.000000e+00,0.000000e+00,0.000000e+00
1.000000e+00,0.000000e+00,0.000000e+00,0.000000e+00,0.000000e+00,0.000000e+00,0.000000e+00,0.000000e+00,0.000000e+00,0.000000e+00,0.000000e+00,0.000000e+00,0.000000e+00,0.000000e+00,0.000000e+00
4.897102e-01,1.052910e-02,1.043431e-02,1.737484e-02,3.268494e-02,2.424641e-01,8.376575e-02,2.774342e-02,3.797668e-03,7.025350e-04,4.738495e-03,1.598102e-02,5.124428e-02,1.747520e-03,7.081829e-03
3.551735e-01,8.144580e-03,9.260787e-03,1.294330e-02,2.591208e-02,2.896848e-01,1.564644e-01,4.113559e-02,2.793741e-03,6.384158e-04,3.628750e-03,1.343774e-02,7.408445e-02,1.329435e-03,5.368329e-03
2.575135e-01,6.432414e-03,1.060825e-02,1.030464e-02,2.128673e-02,2.543940e-01,2.623187e-01,7.516264e-02,2.059013e-03,5.459835e-04,2.702135e-03,1.106495e-02,8.044271e-02,1.035671e-03,4.128716e-03
1.845758e-01,4.676244e-03,8.406495e-03,8.402922e-03,1.730196e-02,1.886750e-01,3.651567e-01,1.406083e-01,1.500296e-03,4.772213e-04,1.953258e-03,8.067303e-03,6.637438e-02,7.741432e-04,3.050021e-03
1.313869e-01,3.331295e-03,6.775742e-03,6.330547e-03,1.303595e-02,1.379673e-01,4.687153e-01,1.732461e-01,1.062527e-03,3.971323e-04,1.395525e-03,5.729604e-03,4.784370e-02,5.731213e-04,2.209119e-03
9.238593e-02,2.524452e-03,7.932934e-03,5.289393e-03,1.062392e-02,1.037093e-01,5.120633e-01,2.223999e-01,7.618549e-04,4.286338e-04,1.002479e-03,4.121198e-03,3.464758e-02,4.236425e-04,1.685404e-03
6.773790e-02,2.722095e-03,9.034649e-03,5.505409e-03,1.468693e-02,8.178127e-02,4.953125e-01,2.902601e-01,6.383095e-04,6.579019e-04,9.473015e-04,3.235512e-03,2.527869e-02,3.813230e-04,1.820076e-03
4.799614e-02,2.505675e-03,7.388681e-03,4.572822e-03,2.066128e-02,6.874382e-02,5.372773e-01,2.816283e-01,6.457563e-04,1.703750e-03,1.163383e-03,3.033941e-03,2.005895e-02,4.598290e-04,2.160373e-03
3.594211e-02,2.197943e-03,6.309093e-03,4.138809e-03,2.635614e-02,6.612597e-02,4.899889e-01,3.028746e-01,1.011771e-03,5.911344e-03,3.639110e-03,3.084842e-03,2.635748e-02,6.796665e-04,2.538226e-02
3.855856e-02,2.349901e-03,5.240377e-03,4.479141e-03,4.835390e-02,6.982851e-02,3.791230e-01,3.857441e-01,1.297596e-03,5.859161e-03,3.987062e-03,3.433546e-03,2.875667e-02,8.181158e-04,2.217029e-02
9.684399e-02,4.941296e-03,5.371959e-03,4.771872e-03,8.173941e-02,6.257983e-02,2.842705e-01,3.958497e-01,1.733589e-03,5.670893e-03,4.410500e-03,4.849288e-03,2.723723e-02,1.103568e-03,1.862637e-02
7.509261e-02,4.239524e-03,4.764357e-03,4.149941e-03,6.439110e-02,1.451391e-01,2.015455e-01,2.781855e-01,3.713835e-03,3.508196e-02,2.174127e-02,3.065067e-02,5.892113e-02,1.085225e-02,6.153134e-02
5.465410e-02,7.471104e-03,3.939611e-03,5.193582e-03,4.890892e-02,1.633589e-01,1.418541e-01,1.951619e-01,1.609028e-02,4.190686e-02,6.441433e-02,3.996446e-02,5.460835e-02,5.062312e-02,1.118504e-01
4.475008e-02,8.549714e-03,3.743415e-03,8.818468e-03,3.644684e-02,1.596950e-01,1.020263e-01,1.367466e-01,5.778863e-02,3.726901e-02,8.766413e-02,1.232277e-01,4.408294e-02,5.304847e-02,9.614275e-02
3.306624e-02,6.289921e-03,3.008476e-03,8.171210e-03,2.683263e-02,1.412504e-01,7.435692e-02,9.596495e-02,4.540840e-02,2.956226e-02,7.174096e-02,2.820392e-01,4.787492e-02,6.402111e-02,7.041241e-02
2.350217e-02,4.460699e-03,2.154277e-03,5.940707e-03,1.903227e-02,1.000439e-01,5.230233e-02,6.747764e-02,3.275368e-02,2.109350e-02,6.017704e-02,4.691038e-01,4.097322e-02,5.144969e-02,4.953511e-02
1.781557e-02,3.245886e-03,1.663337e-03,4.537561e-03,1.406755e-02,7.252915e-02,3.724327e-02,4.759400e-02,2.660232e-02,1.671557e-02,1.614682e-01,4.811929e-01,3.337462e-02,4.683701e-02,3.511301e-02
1.760322e-02,2.486278e-03,1.421353e-03,4.520844e-03,1.102134e-02,5.147185e-02,2.625384e-02,3.377163e-02,2.315084e-02,1.619818e-02,2.304633e-01,4.827154e-01,2.644287e-02,4.756625e-02,2.491271e-02
1.253405e-02,2.059978e-03,1.102397e-03,3.327044e-03,8.052029e-03,3.617816e-02,1.841305e-02,2.381836e-02,2.839062e-02,1.200491e-02,1.953124e-01,5.787680e-01,2.079795e-02,4.172131e-02,1.751977e-02
8.893062e-03,3.198036e-03,1.027124e-03,2.511053e-03,6.595836e-03,2.536154e-02,1.291377e-02,1.681279e-02,5.282034e-02,9.233567e-03,1.630818e-01,6.347423e-01,1.644480e-02,3.400056e-02,1.236334e-02
6.322503e-03,3.211418e-03,1.342763e-03,2.030200e-03,5.225008e-03,1.787446e-02,9.055058e-03,1.191134e-02,1.502957e-01,7.079522e-03,1.721797e-01,5.621296e-01,1.250153e-02,3.010717e-02,8.734007e-03
5.096787e-03,6.104735e-03,1.673822e-03,2.069694e-03,4.624830e-03,1.307698e-02,6.370167e-03,9.335718e-03,2.199238e-01,5.559222e-03,2.498766e-01,4.267382e-01,9.584944e-03,3.376570e-02,6.198777e-03
3.877680e-03,6.207121e-03,1.428696e-03,1.662285e-03,3.484897e-03,9.339154e-03,4.463853e-03,6.760721e-03,2.980293e-01,4.173412e-03,2.852820e-01,3.259236e-01,7.140054e-03,3.783847e-02,4.388706e-03
2.764911e-03,6.715319e-03,1.425813e-03,1.273022e-03,2.620650e-03,6.806585e-03,3.125826e-03,4.804622e-03,4.290096e-01,3.130035e-03,2.693571e-01,2.301152e-01,5.074819e-03,3.066568e-02,3.110837e-03
1.989886e-03,1.126107e-02,1.273825e-03,9.155571e-04,1.920700e-03,5.502584e-03,2.189043e-03,3.408301e-03,4.984720e-01,2.341857e-03,2.492930e-01,1.625796e-01,3.629401e-03,5.289491e-02,2.328284e-03
1.788313e-03,2.528758e-02,1.645074e-03,9.881700e-04,2.030292e-03,9.420402e-03,1.537378e-03,2.848263e-03,5.011382e-01,1.742713e-03,2.728701e-01,1.141941e-01,2.623554e-03,6.007418e-02,1.811689e-03
1.719683e-03,2.361741e-02,1.617630e-03,8.300225e-04,1.711112e-03,7.189011e-03,1.077880e-03,2.112019e-03,4.498408e-01,1.374615e-03,2.792280e-01,8.000677e-02,1.857312e-03,1.463377e-01,1.480077e-03
3.945170e-03,2.022427e-02,3.757429e-03,1.731464e-03,2.082609e-03,6.770564e-03,7.856106e-04,2.837280e-03,3.886411e-01,1.296542e-03,2.784261e-01,5.606626e-02,1.359772e-03,2.299212e-01,2.154783e-03
5.463828e-03,1.970330e-02,7.898600e-03,1.730239e-03,1.735064e-03,9.040240e-03,5.647530e-04,3.456652e-03,3.422673e-01,1.472342e-03,2.181750e-01,3.933257e-02,1.082187e-03,3.409117e-01,7.166173e-03
5.876149e-03,1.620931e-02,7.043996e-03,1.323002e-03,1.325243e-03,8.613968e-03,4.028234e-04,3.122973e-03,2.744417e-01,1.233959e-03,1.696045e-01,2.759194e-02,8.143031e-04,4.754012e-01,6.994911e-03
1.363788e-02,1.807702e-02,7.349300e-03,2.644450e-03,2.169306e-03,1.581232e-02,5.944972e-04,5.440150e-03,3.626238e-01,1.149960e-03,1.338731e-01,1.992415e-02,1.501882e-03,4.071535e-01,8.048720e-03
2.129608e-02,1.698641e-02,5.883817e-03,3.808360e-03,3.538176e-03,1.640524e-01,4.631795e-04,4.780921e-03,3.087188e-01,1.248091e-03,1.053555e-01,1.401247e-02,1.222350e-03,3.336149e-01,1.501845e-02
2.188084e-02,1.364537e-02,4.265103e-03,5.296253e-03,3.973281e-03,3.346914e-01,3.656493e-04,4.100628e-03,2.495623e-01,1.095816e-03,8.426272e-02,9.943163e-03,1.206026e-03,2.467063e-01,1.900510e-02
2.378884e-02,1.396177e-02,3.038699e-03,5.968932e-03,3.773411e-03,4.360635e-01,3.034083e-04,3.705152e-03,2.122910e-01,1.097327e-03,6.112169e-02,7.107757e-03,1.264390e-03,1.801180e-01,4.639617e-02
2.831646e-02,1.466530e-02,3.304007e-03,1.812840e-02,5.810645e-03,5.210406e-01,5.136276e-04,6.090637e-03,1.695221e-01,1.250231e-03,4.374020e-02,5.092328e-03,1.109120e-03,1.307477e-01,5.066871e-02
3.423212e-02,1.770459e-02,6.673679e-03,6.213364e-02,2.313828e-02,4.616571e-01,8.322934e-04,1.248491e-02,1.291036e-01,2.877314e-03,3.126056e-02,3.661324e-03,9.067766e-04,9.236603e-02,1.209678e-01
6.279671e-02,2.374039e-02,7.512425e-03,6.358497e-02,3.189793e-02,4.080526e-01,1.092838e-03,1.348098e-02,1.010432e-01,8.382311e-03,2.361359e-02,2.727805e-03,9.296316e-04,6.710133e-02,1.840433e-01
8.482076e-02,2.398659e-02,6.437115e-03,4.922468e-02,3.614048e-02,4.031198e-01,1.246673e-03,1.152774e-02,9.397461e-02,6.955443e-03,1.769296e-02,2.025992e-03,1.402845e-03,4.820810e-02,2.132363e-01
6.941359e-02,3.464107e-02,1.350972e-02,9.945253e-02,3.148448e-02,2.835940e-01,9.211621e-04,9.512256e-03,8.606863e-02,5.856617e-03,1.387034e-02,1.676042e-03,1.576937e-03,3.411762e-02,3.143051e-01
5.432002e-02,2.767236e-02,1.548461e-02,7.747182e-02,2.274528e-02,1.993518e-01,6.684010e-04,7.735053e-03,7.146501e-02,5.824342e-03,1.162727e-02,1.345372e-03,1.491212e-03,2.587005e-02,4.769275e-01
7.874277e-02,3.489302e-02,3.029340e-02,7.724045e-02,2.281892e-02,1.592767e-01,6.639946e-04,9.497913e-03,7.276547e-02,5.074769e-03,1.210136e-02,1.448805e-03,1.452929e-03,4.039391e-02,4.533357e-01
7.378090e-02,3.070934e-02,4.008346e-02,1.030933e-01,2.035553e-02,1.125770e-01,5.694602e-04,7.861764e-03,8.300549e-02,7.145871e-03,1.110457e-02,1.461538e-03,1.444237e-03,3.315884e-02,4.736487e-01
5.723905e-02,2.744611e-02,5.186980e-02,2.490775e-01,1.773309e-02,7.960045e-02,4.724688e-04,6.041347e-03,9.171019e-02,5.970930e-03,9.277813e-03,1.198368e-03,1.320088e-03,2.406308e-02,3.769798e-01
4.113043e-02,2.090245e-02,7.072554e-02,2.245831e-01,1.278317e-02,5.592176e-02,3.502435e-04,4.358457e-03,1.210300e-01,6.089196e-03,1.849038e-02,1.389092e-03,1.374524e-03,3.611975e-02,3.847519e-01
2.908084e-02,1.525642e-02,5.967088e-02,1.574841e-01,9.057884e-03,3.922932e-02,2.535970e-04,3.058528e-03,8.929173e-02,4.784395e-03,1.404077e-02,1.022926e-03,1.015493e-03,4.435343e-02,5.323998e-01
2.411616e-02,1.488093e-02,4.792214e-02,1.122318e-01,7.711487e-03,2.852627e-02,2.830860e-04,2.251695e-03,7.280117e-02,6.479838e-03,1.260494e-02,1.880329e-03,1.407388e-03,1.177209e-01,5.491819e-01
1.940821e-02,1.138093e-02,3.418350e-02,7.916535e-02,5.657405e-03,2.027961e-02,2.369001e-04,1.606963e-03,5.739244e-02,7.501381e-03,1.015815e-02,2.194901e-03,1.454461e-03,2.912419e-01,4.581379e-01
1.394863e-02,8.284103e-03,2.446317e-02,5.546708e-02,4.000959e-03,1.427638e-02,1.744623e-04,1.129841e-03,4.151481e-02,6.358269e-03,7.692029e-03,1.808121e-03,1.087502e-03,4.796267e-01,3.401679e-01
1.052845e-02,6.462811e-03,1.745955e-02,3.925742e-02,2.985231e-03,1.013085e-02,1.350603e-04,7.970613e-04,3.281738e-02,7.249344e-03,7.010324e-03,1.550639e-03,8.407213e-04,6.026667e-01,2.601085e-01
7.399384e-03,4.586024e-03,1.225934e-02,2.749405e-02,2.102035e-03,7.110294e-03,9.635936e-05,5.583828e-04,2.478693e-02,5.738482e-03,5.120228e-03,1.153339e-03,6.068139e-04,7.091140e-01,1.918744e-01
5.394745e-03,3.367245e-03,8.614869e-03,1.926999e-02,1.482869e-03,5.011585e-03,7.420211e-05,3.924978e-04,1.961669e-02,4.819518e-03,4.678764e-03,9.630927e-04,4.717204e-04,7.869502e-01,1.388920e-01
3.804155e-03,2.370236e-03,6.037269e-03,1.349066e-02,1.039914e-03,3.512288e-03,5.272565e-05,2.749400e-04,1.433360e-02,3.947233e-03,3.604088e-03,6.979888e-04,3.374596e-04,8.479280e-01,9.856941e-02
2.676742e-03,1.663105e-03,4.229617e-03,9.444295e-03,7.287270e-04,2.461620e-03,3.783742e-05,1.926280e-04,1.025828e-02,3.727677e-03,2.730592e-03,5.053769e-04,2.431012e-04,8.911349e-01,6.996555e-02
2.056585e-03,1.185814e-03,3.041693e-03,6.612299e-03,5.194545e-04,1.746545e-03,3.551357e-05,1.373211e-04,7.616888e-03,9.562803e-03,2.335279e-03,4.252248e-04,2.305156e-04,9.129319e-01,5.156219e-02
1.472250e-03,8.352685e-04,2.141661e-03,4.631100e-03,3.676256e-04,1.228130e-03,2.826914e-05,9.651932e-05,5.950022e-03,1.449867e-02,1.717204e-03,3.040188e-04,1.673984e-04,9.274052e-01,3.915669e-02
1.178570e-03,5.952696e-04,1.513990e-03,3.244240e-03,2.706748e-04,8.799570e-04,2.602999e-05,6.996912e-05,5.285020e-03,2.060067e-02,1.636972e-03,2.218926e-04,1.295935e-04,9.312834e-01,3.306375e-02
1.115696e-03,4.244777e-04,1.073725e-03,2.279937e-03,2.094736e-04,6.306689e-04,2.407438e-05,5.193565e-05,1.982342e-02,3.475397e-02,2.441420e-03,1.722861e-04,1.274507e-04,8.895999e-01,4.727155e-02
9.568391e-04,3.079042e-04,7.705103e-04,1.600627e-03,1.571212e-04,4.706986e-04,2.337059e-05,3.970193e-05,2.579788e-02,3.497557e-02,5.802431e-03,1.376601e-04,1.255626e-04,8.824027e-01,4.643147e-02
9.831450e-04,2.212112e-04,5.768166e-04,1.124190e-03,1.420663e-04,3.580287e-04,2.777735e-05,3.589821e-05,2.383895e-02,6.297762e-02,9.718426e-03,1.474671e-04,2.197928e-04,8.586354e-01,4.099321e-02
8.598039e-04,1.635522e-04,4.336749e-04,7.914194e-04,1.240532e-04,2.736522e-04,2.847283e-05,3.308971e-05,2.168467e-02,9.152612e-02,1.634426e-02,1.351371e-04,2.386865e-04,8.322274e-01,3.513598e-02
8.391746e-04,1.264460e-04,3.579213e-04,5.851247e-04,1.326177e-04,2.285017e-04,6.557568e-05,4.234533e-05,1.801870e-02,2.383862e-01,2.221242e-02,1.982108e-04,5.074951e-04,6.650626e-01,5.323659e-02
1.051202e-03,1.179160e-04,3.382537e-04,6.060051e-04,2.444221e-04,3.548921e-04,9.956861e-05,1.271865e-04,1.775919e-02,3.306955e-01,6.299450e-02,1.307743e-03,2.619542e-03,5.370142e-01,4.466990e-02
1.326815e-03,1.072686e-04,3.211010e-04,9.286723e-04,5.353285e-04,5.411402e-04,2.751482e-04,6.443929e-04,1.473842e-02,3.943051e-01,9.694986e-02,2.221687e-03,5.244817e-03,4.466370e-01,3.522322e-02
2.099670e-03,1.347682e-04,2.977052e-04,3.076931e-03,2.168225e-03,6.308204e-03,2.336185e-03,2.850654e-03,1.274297e-02,3.313360e-01,1.193874e-01,4.696668e-03,1.910570e-02,4.512254e-01,4.223357e-02
3.027906e-03,4.548170e-04,5.858189e-04,4.040179e-03,4.581144e-03,1.774901e-02,3.725538e-03,4.537646e-03,1.430522e-02,3.259440e-01,1.817672e-01,1.210231e-02,4.095547e-02,3.484118e-01,3.781193e-02
6.520989e-03,6.407450e-04,1.351251e-03,8.496625e-03,1.411843e-02,1.071368e-01,2.040627e-02,7.239780e-03,1.350507e-02,2.607000e-01,1.689786e-01,1.274957e-02,4.982959e-02,2.962797e-01,3.204660e-02
5.510758e-03,6.322199e-04,1.121270e-03,6.669712e-03,1.353819e-02,8.311927e-02,1.570796e-02,6.456163e-03,1.194994e-02,1.847806e-01,1.347593e-01,9.590309e-03,3.644083e-02,4.670982e-01,2.262517e-02
5.807346e-03,7.107029e-04,1.169310e-03,8.291442e-03,4.538137e-02,5.878808e-02,1.198993e-02,6.412513e-03,2.455039e-02,1.493360e-01,1.036572e-01,6.965263e-03,2.672384e-02,5.341312e-01,1.608537e-02
8.026296e-03,1.624404e-03,1.550842e-03,6.798620e-03,1.120734e-01,4.497500e-02,9.494286e-03,6.293648e-03,1.169528e-01,1.061607e-01,7.820017e-02,5.029812e-03,1.988674e-02,4.715231e-01,1.141026e-02
1.143500e-02,1.316223e-03,1.539231e-03,5.306094e-03,1.159165e-01,3.357803e-02,8.619437e-03,4.786693e-03,1.051132e-01,7.551292e-02,6.613969e-02,3.989404e-03,1.543468e-02,5.431142e-01,8.198819e-03
3.128237e-02,2.343857e-03,3.770514e-03,5.979436e-03,2.167840e-01,3.659042e-02,1.012396e-02,1.236868e-02,1.166539e-01,5.401653e-02,6.661173e-02,4.402731e-03,1.589629e-02,4.163872e-01,6.788356e-03
4.462145e-02,3.537387e-03,2.419294e-02,1.256821e-02,3.398135e-01,3.485659e-02,1.021399e-02,1.778786e-02,1.032220e-01,3.800854e-02,5.464736e-02,5.290510e-03,1.393557e-02,2.923044e-01,4.999750e-03
6.226549e-02,4.111746e-03,2.196611e-02,1.207571e-02,4.339616e-01,3.503378e-02,8.079454e-03,1.533601e-02,1.068271e-01,2.685138e-02,4.518622e-02,5.676553e-03,1.101187e-02,2.078072e-01,3.809812e-03
8.712012e-02,4.821618e-03,1.783135e-02,1.464507e-02,5.063149e-01,4.187643e-02,7.515795e-03,1.278187e-02,8.342604e-02,1.893274e-02,3.954712e-02,6.216638e-03,9.607315e-03,1.464199e-01,2.943199e-03
1.152180e-01,5.892430e-03,1.505500e-02,1.350689e-02,5.361590e-01,4.117166e-02,6.360775e-03,1.043734e-02,6.488233e-02,1.345245e-02,5.383403e-02,8.006177e-03,8.462486e-03,1.051888e-01,2.372557e-03
1.273806e-01,1.274683e-02,1.164906e-02,1.698273e-02,3.975638e-01,5.699946e-02,6.118539e-03,8.069044e-03,4.958946e-02,9.732717e-03,3.920325e-02,1.703843e-02,1.690943e-01,7.492781e-02,2.903950e-03
9.766102e-02,1.040031e-02,8.652750e-03,1.955519e-02,2.833058e-01,5.311553e-02,9.136169e-03,8.054191e-03,5.134274e-02,7.423287e-03,2.848483e-02,1.558955e-02,3.517247e-01,5.256339e-02,2.990518e-03
6.993517e-02,1.169020e-02,7.456762e-03,1.983088e-02,1.998196e-01,6.124292e-02,8.964034e-03,5.917966e-03,1.010492e-01,8.516213e-03,2.131688e-02,2.070231e-02,4.115731e-01,3.698707e-02,1.499763e-02
5.253407e-02,1.657722e-02,1.168016e-02,3.806832e-02,1.433027e-01,6.894669e-02,1.034460e-02,7.015686e-03,1.351399e-01,9.663677e-03,1.967390e-02,3.681946e-02,4.046133e-01,2.630530e-02,1.931500e-02
4.165270e-02,1.560865e-02,9.477168e-03,3.271041e-02,1.035607e-01,1.170290e-01,1.388784e-02,8.499286e-03,1.343702e-01,7.438746e-03,1.917191e-02,4.025906e-02,4.180624e-01,1.864635e-02,1.962555e-02
3.043055e-02,2.105307e-02,9.359755e-03,4.441897e-02,7.337645e-02,8.497643e-02,1.067482e-02,6.237527e-03,2.649109e-01,7.360977e-03,1.459325e-02,3.022746e-02,3.711340e-01,1.316583e-02,1.807998e-02
2.426333e-02,1.736146e-02,6.863166e-03,3.369809e-02,5.316903e-02,7.144605e-02,8.307604e-03,4.551627e-03,2.008492e-01,5.199358e-03,1.132475e-02,2.232242e-02,5.156391e-01,9.367947e-03,1.563687e-02
2.954074e-02,1.808231e-02,5.929947e-03,4.364863e-02,4.098568e-02,5.477040e-02,6.868498e-03,3.813447e-03,2.316770e-01,4.131548e-03,9.527382e-03,1.787852e-02,5.094990e-01,7.064854e-03,1.658194e-02
4.056460e-02,1.660173e-02,4.834068e-03,3.229500e-02,3.113094e-02,4.585898e-02,5.912779e-03,4.690378e-03,1.872856e-01,3.001721e-03,8.032389e-03,1.780546e-02,5.797575e-01,5.446061e-03,1.678281e-02
3.641105e-02,1.374927e-02,3.676578e-03,2.340721e-02,2.432103e-02,4.705011e-02,5.291102e-03,4.520681e-03,1.351909e-01,2.131240e-03,6.446224e-03,1.802919e-02,6.613482e-01,3.944125e-03,1.448304e-02
3.037414e-02,1.506690e-02,6.748624e-03,2.615735e-02,1.835148e-02,4.040693e-02,3.989099e-03,3.343036e-03,2.778307e-01,2.101640e-03,5.597361e-03,1.687557e-02,5.359519e-01,3.116505e-03,1.408883e-02
2.220193e-02,1.273925e-02,5.498157e-03,1.874745e-02,1.384066e-02,7.164773e-02,4.493030e-03,2.622089e-03,2.060804e-01,1.581218e-03,6.103624e-03,1.808162e-02,5.986061e-01,2.616476e-03,1.514026e-02
1.604486e-02,9.298170e-03,4.264132e-03,1.329635e-02,1.012916e-02,1.079230e-01,4.426876e-03,1.970813e-03,1.461148e-01,1.182985e-03,5.252928e-03,1.952670e-02,6.425403e-01,1.996374e-03,1.603248e-02
1.208920e-02,7.351651e-03,4.039382e-03,9.428780e-03,1.837724e-02,7.709198e-02,4.058985e-03,1.595622e-03,1.051720e-01,2.252025e-03,6.179526e-03,1.581755e-02,6.771086e-01,1.543974e-03,5.789345e-02
1.054566e-02,7.476006e-03,5.265403e-02,7.015027e-03,3.748871e-02,5.568607e-02,8.978845e-03,1.606916e-03,7.587694e-02,3.712994e-03,5.858384e-03,1.260839e-02,6.640763e-01,1.244517e-03,5.517123e-02
2.363919e-02,1.105779e-02,2.681131e-01,7.527165e-03,4.754478e-02,3.967469e-02,6.862356e-03,1.299065e-03,5.496908e-02,3.215068e-03,4.412167e-03,8.996001e-03,4.808323e-01,9.002661e-04,4.095701e-02
1.720831e-02,8.222084e-03,4.709646e-01,8.957394e-03,3.837793e-02,2.813294e-02,4.972648e-03,1.039508e-03,4.066019e-02,3.912398e-03,4.196502e-03,6.356534e-03,3.372236e-01,6.470450e-04,2.912838e-02
1.883372e-02,1.631898e-02,4.927488e-01,8.508625e-03,8.349444e-02,2.616201e-02,4.974890e-03,1.088486e-03,6.950486e-02,3.684520e-03,7.496247e-03,4.903693e-03,2.385252e-01,5.885843e-04,2.316702e-02
1.753973e-02,1.337254e-02,3.977140e-01,1.719518e-01,1.168172e-01,2.263781e-02,5.679984e-03,1.449491e-03,5.443889e-02,2.811698e-03,6.044993e-03,3.628848e-03,1.673127e-01,4.949307e-04,1.810538e-02
2.901747e-02,1.335904e-02,3.200374e-01,1.743260e-01,1.782569e-01,6.656542e-02,1.156453e-02,1.362682e-03,5.743984e-02,2.520470e-03,5.923938e-03,3.148278e-03,1.180143e-01,4.287928e-04,1.803492e-02
8.907390e-02,1.675877e-02,2.405405e-01,1.528445e-01,2.306740e-01,7.525697e-02,1.278067e-02,3.706600e-03,5.884943e-02,2.787687e-03,5.847941e-03,5.097726e-03,8.573128e-02,7.663380e-04,1.928362e-02
1.127868e-01,1.861632e-02,2.201049e-01,1.934075e-01,2.151811e-01,7.813839e-02,1.129504e-02,8.486429e-03,5.078628e-02,3.100149e-03,5.163486e-03,4.602372e-03,6.071839e-02,9.873013e-04,1.662546e-02
1.577660e-01,3.312957e-02,1.729530e-01,1.662953e-01,2.137721e-01,8.117577e-02,1.094491e-02,1.207157e-02,7.583596e-02,3.483789e-03,4.969073e-03,4.119793e-03,4.535474e-02,1.127494e-03,1.700101e-02
1.864021e-01,4.348131e-02,1.380674e-01,2.208743e-01,1.713515e-01,7.206868e-02,1.069910e-02,1.630515e-02,6.668447e-02,3.575864e-03,7.225504e-03,7.650950e-03,3.414742e-02,2.725156e-03,1.874119e-02
2.346764e-01,4.689874e-02,1.107219e-01,2.080740e-01,1.489769e-01,7.323898e-02,1.095707e-02,1.572041e-02,7.817678e-02,3.067023e-03,7.655483e-03,1.010362e-02,2.677517e-02,3.031212e-03,2.192626e-02
1.693519e-01,3.463263e-02,7.821391e-02,4.077868e-01,1.059565e-01,5.198752e-02,7.698343e-03,1.120647e-02,5.607176e-02,2.399898e-03,2.250290e-02,1.220764e-02,2.172305e-02,2.222784e-03,1.603791e-02
1.186879e-01,3.568481e-02,5.605227e-02,4.939676e-01,7.639878e-02,3.651512e-02,5.400646e-03,8.000945e-03,4.550373e-02,2.119956e-03,8.072169e-02,1.097065e-02,1.576117e-02,2.448240e-03,1.176658e-02
8.334384e-02,2.867841e-02,4.090498e-02,4.930098e-01,5.526705e-02,2.574826e-02,3.794160e-03,6.111131e-03,3.440700e-02,1.645709e-03,9.161709e-02,1.116062e-01,1.158815e-02,3.583402e-03,8.694914e-03
5.842670e-02,2.018537e-02,2.883272e-02,3.580622e-01,3.908361e-02,1.822188e-02,2.658724e-03,4.520196e-03,2.420726e-02,1.196951e-03,1.437591e-01,2.797023e-01,8.183572e-03,6.823019e-03,6.136444e-03
4.099261e-02,1.417696e-02,2.030526e-02,2.555182e-01,3.035324e-02,1.312178e-02,1.865621e-03,3.344134e-03,1.706813e-02,8.767635e-04,1.530329e-01,4.301152e-01,5.766657e-03,9.108992e-03,4.353588e-03
2.872947e-02,9.928755e-03,1.423415e-02,1.793220e-01,2.818098e-02,9.937159e-03,1.306686e-03,2.367936e-03,1.199060e-02,6.223877e-04,1.258654e-01,5.731883e-01,4.074806e-03,7.197029e-03,3.054391e-03
2.012204e-02,7.047301e-03,9.976100e-03,1.256677e-01,4.655336e-02,8.565173e-03,9.193820e-04,1.666410e-03,8.577668e-03,4.521491e-04,9.507907e-02,6.642373e-01,2.927193e-03,6.056303e-03,2.152880e-03
1.409860e-02,5.023737e-03,6.997273e-03,8.809070e-02,5.688796e-02,7.655890e-03,6.509345e-04,1.176055e-03,6.137992e-03,3.344799e-04,8.095428e-02,7.216429e-01,2.127533e-03,6.681626e-03,1.540023e-03
9.921980e-03,3.722182e-03,5.059838e-03,6.180022e-02,9.778680e-02,6.929693e-03,4.870554e-04,1.015645e-03,4.401776e-03,2.911789e-04,6.797916e-02,7.322485e-01,1.515738e-03,5.732714e-03,1.107503e-03
6.973914e-03,2.691329e-03,3.583415e-03,4.333835e-02,1.153219e-01,6.212289e-03,3.857488e-04,7.807388e-04,3.240420e-03,2.972899e-04,6.855643e-02,7.396919e-01,1.115372e-03,7.001008e-03,8.100512e-04
5.008000e-03,2.063007e-03,2.693088e-03,3.038442e-02,1.716851e-01,4.907968e-03,2.972701e-04,6.062707e-04,2.446831e-03,3.880995e-04,8.705609e-02,6.804954e-01,9.522671e-04,1.035671e-02,6.595060e-04
3.583228e-03,1.563288e-03,1.927798e-03,2.129542e-02,1.439365e-01,3.619873e-03,2.690056e-04,4.941843e-04,1.787778e-03,3.838290e-04,1.976477e-01,6.048992e-01,1.179411e-03,1.693477e-02,4.781185e-04
2.565020e-03,1.219755e-03,1.423790e-03,1.497803e-02,1.400700e-01,2.854866e-03,3.013584e-04,6.675617e-04,1.498316e-03,4.635316e-04,2.375814e-01,5.723311e-01,1.191834e-03,2.249359e-02,3.599418e-04
1.945584e-03,9.423478e-04,1.360568e-03,1.078790e-02,1.184122e-01,3.186324e-03,9.557714e-04,5.723327e-03,1.348448e-03,5.470421e-04,2.494317e-01,5.829549e-01,1.132427e-03,2.100030e-02,2.712450e-04
1.633011e-03,7.839040e-04,1.215494e-03,7.840164e-03,1.065705e-01,2.770844e-03,1.613762e-03,8.496849e-03,1.572306e-03,6.691882e-04,2.375892e-01,6.095861e-01,1.068815e-03,1.837716e-02,2.126863e-04
1.321043e-03,7.180503e-04,1.056520e-03,5.861101e-03,8.865700e-02,2.617333e-03,1.324630e-03,1.069640e-02,3.194156e-03,1.048624e-03,2.201874e-01,6.387003e-01,9.070566e-04,2.354562e-02,1.648555e-04
1.428110e-03,6.706004e-04,1.737171e-03,5.315950e-03,1.257430e-01,3.553793e-03,1.593121e-03,2.512755e-02,7.133303e-03,1.297450e-03,1.979218e-01,5.986893e-01,8.503156e-04,2.880527e-02,1.333319e-04
2.088141e-03,8.178472e-04,2.526655e-03,4.663180e-03,2.094775e-01,4.868126e-03,3.073447e-03,3.011080e-02,1.581022e-02,1.519811e-03,1.880363e-01,5.075294e-01,8.844872e-04,2.846931e-02,1.248827e-04
5.997550e-03,2.089958e-03,1.207774e-02,5.777181e-03,2.595515e-01,8.883028e-03,3.423095e-03,4.866067e-02,2.501890e-02,1.557334e-03,1.931179e-01,3.930686e-01,1.441390e-03,3.906387e-02,2.712010e-04
1.260274e-02,3.971645e-03,2.173002e-02,5.745553e-03,3.201312e-01,1.146417e-02,4.607888e-03,5.169862e-02,5.023102e-02,2.087000e-03,1.804250e-01,2.943147e-01,1.976875e-03,3.834987e-02,6.636637e-04
1.599212e-02,4.366152e-03,7.033705e-02,5.629400e-03,3.007426e-01,1.071777e-02,3.672777e-03,1.468313e-01,5.491603e-02,1.756304e-03,1.416656e-01,2.112228e-01,2.100328e-03,2.935055e-02,6.990606e-04
1.626319e-02,4.213599e-03,1.179172e-01,4.794441e-03,2.556913e-01,9.645008e-03,3.024986e-03,2.580186e-01,4.925727e-02,1.353768e-03,1.036168e-01,1.515592e-01,2.834659e-03,2.116000e-02,6.499505e-04
1.874458e-02,4.926313e-03,1.196835e-01,4.506546e-03,3.412769e-01,1.685142e-02,8.192247e-03,2.389421e-01,4.274676e-02,1.015135e-03,7.765429e-02,1.071767e-01,2.676488e-03,1.505391e-02,5.531897e-04
2.179560e-02,6.050505e-03,1.033648e-01,4.252362e-03,4.032475e-01,1.959559e-02,1.059477e-02,2.148858e-01,6.576513e-02,8.892378e-04,5.984451e-02,7.568106e-02,2.464309e-03,1.086310e-02,7.057805e-04
2.554671e-02,5.416134e-03,8.179673e-02,4.322142e-03,4.934444e-01,1.983995e-02,1.287068e-02,1.770416e-01,6.641173e-02,8.300013e-04,4.845938e-02,5.335790e-02,2.042382e-03,7.906693e-03,7.136318e-04
2.491067e-02,5.582239e-03,9.067601e-02,1.118606e-02,4.895106e-01,1.582977e-02,1.618684e-02,2.109104e-01,5.391387e-02,6.455440e-04,3.507433e-02,3.766660e-02,1.664090e-03,5.570740e-03,6.722581e-04
2.846777e-02,4.383856e-03,1.332841e-01,2.463067e-02,4.313339e-01,1.166469e-02,1.325377e-02,2.533184e-01,4.202319e-02,5.155395e-04,2.483674e-02,2.656949e-02,1.254363e-03,3.941173e-03,5.223305e-04
4.530971e-02,4.471912e-03,1.571725e-01,3.435779e-02,4.130281e-01,9.897212e-03,1.320178e-02,2.327200e-01,4.724505e-02,6.711315e-04,1.792139e-02,1.905788e-02,1.267299e-03,2.908121e-03,7.700558e-04
8.182319e-02,4.366581e-03,1.947323e-01,4.165389e-02,3.654436e-01,9.758442e-03,1.055141e-02,2.164329e-01,4.394314e-02,5.857712e-04,1.289293e-02,1.383868e-02,1.091663e-03,2.170121e-03,7.153926e-04
1.446272e-01,4.626956e-03,1.521369e-01,3.609438e-02,4.133569e-01,1.001205e-02,8.417828e-03,1.596529e-01,4.342339e-02,1.451960e-03,1.140342e-02,1.054887e-02,1.045226e-03,1.775617e-03,1.426467e-03
1.933847e-01,1.253744e-02,1.180156e-01,5.605112e-02,3.215255e-01,1.355360e-02,8.080048e-03,1.231634e-01,8.284828e-02,6.230526e-03,2.801347e-02,1.548145e-02,6.599154e-03,2.763140e-03,1.175268e-02
1.430086e-01,1.449762e-02,9.623632e-02,1.195854e-01,2.302743e-01,1.129143e-02,6.009224e-03,9.479139e-02,7.497934e-02,1.343588e-02,9.421555e-02,1.878754e-02,5.473341e-02,2.416193e-03,2.573783e-02
1.016122e-01,1.314524e-02,7.300171e-02,1.113537e-01,1.618914e-01,1.188500e-02,4.540698e-03,6.736243e-02,9.434743e-02,4.438479e-02,1.141331e-01,1.464026e-02,5.842380e-02,6.073468e-03,1.232049e-01
7.199883e-02,1.051309e-02,5.315466e-02,1.119014e-01,1.157990e-01,9.321156e-03,3.280235e-03,4.796337e-02,1.344547e-01,3.652041e-02,2.175023e-01,1.327005e-02,7.704823e-02,5.426879e-03,9.184574e-02
5.181410e-02,1.145187e-02,3.838407e-02,1.350693e-01,8.231550e-02,1.133402e-02,2.773307e-03,3.414741e-02,1.646696e-01,5.791531e-02,2.211169e-01,1.601391e-02,6.269681e-02,1.653585e-02,9.376207e-02
3.800165e-02,9.865893e-03,2.793621e-02,1.117829e-01,6.020103e-02,2.267518e-02,2.670641e-03,2.475173e-02,1.776441e-01,8.100504e-02,2.196613e-01,1.860728e-02,4.896479e-02,5.927286e-02,9.695941e-02
2.785148e-02,7.375932e-03,1.997329e-02,8.760270e-02,4.426314e-02,1.690681e-02,1.999459e-03,1.781739e-02,1.402327e-01,6.022833e-02,2.131154e-01,1.911275e-02,4.506150e-02,2.115155e-01,8.694361e-02
2.085674e-02,5.425450e-03,1.421301e-02,6.730760e-02,3.154128e-02,1.241273e-02,1.486812e-03,1.273727e-02,1.143813e-01,4.524880e-02,2.577564e-01,1.893183e-02,3.665933e-02,2.757513e-01,8.529017e-02
1.565702e-02,4.103998e-03,1.114761e-02,5.021869e-02,2.332710e-02,9.288951e-03,1.098499e-03,9.241374e-03,8.788338e-02,3.744014e-02,3.436401e-01,1.778583e-02,3.211144e-02,2.592787e-01,9.777711e-02
1.124828e-02,2.979845e-03,8.069447e-03,3.715576e-02,1.678075e-02,6.585380e-03,7.898321e-04,6.520913e-03,6.699935e-02,3.561921e-02,4.126512e-01,1.424343e-02,2.406548e-02,2.507958e-01,1.054953e-01
7.987995e-03,2.221566e-03,7.572044e-03,2.650776e-02,1.237579e-02,4.655292e-03,5.658637e-04,4.670118e-03,4.798325e-02,3.978832e-02,4.453432e-01,1.201265e-02,1.791270e-02,2.121044e-01,1.582991e-01
5.733008e-03,1.595236e-03,5.520688e-03,1.938139e-02,1.044856e-02,3.327585e-03,4.062129e-04,3.476096e-03,3.415442e-02,5.640161e-02,4.183115e-01,9.451286e-03,1.324211e-02,1.768431e-01,2.417073e-01
4.045883e-03,1.217323e-03,4.300020e-03,1.370601e-02,8.308267e-03,2.445102e-03,2.884330e-04,2.533014e-03,2.408437e-02,5.788568e-02,4.264177e-01,7.448967e-03,1.008059e-02,1.515054e-01,2.857333e-01
2.856705e-03,8.558418e-04,3.094826e-03,9.643549e-03,1.062512e-02,1.793600e-03,2.190938e-04,1.891022e-03,1.699192e-02,4.784809e-02,3.276245e-01,5.486656e-03,7.237301e-03,1.113102e-01,4.525216e-01
2.069849e-03,6.180388e-04,2.629564e-03,6.901804e-03,1.553100e-02,1.460596e-03,1.739630e-04,1.521857e-03,1.226615e-02,4.086140e-02,3.205963e-01,4.715627e-03,5.656857e-03,8.488248e-02,5.001144e-01
1.650518e-03,5.564411e-04,3.468325e-03,4.960197e-03,3.772541e-02,1.690302e-03,2.274021e-04,1.683097e-03,9.219278e-03,3.528054e-02,3.583144e-01,4.165214e-03,4.869293e-03,6.891652e-02,4.672730e-01
1.860535e-03,1.071680e-03,1.665138e-02,3.540337e-03,8.856201e-02,3.195642e-03,2.129109e-03,8.066565e-03,2.026949e-02,2.683908e-02,3.764089e-01,3.798560e-03,4.827127e-03,5.563831e-02,3.871413e-01
2.779995e-03,1.068600e-03,1.934318e-02,2.561609e-03,1.602714e-01,4.412702e-03,2.969446e-02,2.218943e-02,3.296614e-02,1.993323e-02,3.494595e-01,3.534517e-03,5.061863e-03,4.887435e-02,2.978490e-01
3.631011e-03,3.712676e-03,2.038038e-02,1.991159e-03,2.666191e-01,5.548065e-03,4.176548e-02,2.462823e-02,1.201178e-01,1.483031e-02,2.460158e-01,2.543403e-03,3.773276e-03,3.537597e-02,2.090673e-01
8.297497e-03,7.248431e-03,4.449355e-02,1.725499e-03,3.120816e-01,1.246769e-02,5.988735e-02,2.038507e-02,1.714543e-01,1.172099e-02,1.731739e-01,1.810099e-03,2.911362e-03,2.514253e-02,1.472001e-01
1.326079e-02,1.112587e-02,1.838323e-01,3.083413e-03,2.912051e-01,1.772187e-02,7.219201e-02,1.625013e-02,1.314656e-01,1.199230e-02,1.212976e-01,1.280249e-03,2.449663e-03,1.764388e-02,1.051992e-01
2.641630e-02,1.506144e-02,1.606332e-01,3.085923e-03,3.778656e-01,5.021803e-02,7.216669e-02,1.210806e-02,9.946526e-02,8.707087e-03,8.496469e-02,9.149083e-04,1.930217e-03,1.242094e-02,7.404169e-02
3.117502e-02,2.111634e-02,1.174471e-01,4.498280e-03,4.472883e-01,8.367330e-02,8.103338e-02,1.005635e-02,7.452600e-02,6.296589e-03,5.954692e-02,6.725304e-04,1.675695e-03,8.820101e-03,5.217415e-02
3.077833e-02,1.705266e-02,8.359444e-02,1.101760e-02,4.954680e-01,7.755627e-02,1.175177e-01,2.005531e-02,5.426893e-02,5.343223e-03,4.188797e-02,6.999673e-04,1.526850e-03,6.274261e-03,3.695844e-02
2.349774e-02,1.225044e-02,5.873518e-02,8.080736e-03,4.267375e-01,5.682072e-02,2.894186e-01,1.944291e-02,3.812882e-02,4.989210e-03,2.940851e-02,5.409822e-04,1.397408e-03,4.429552e-03,2.612175e-02
