1.000000e+00,0.000000e+00,0.000000e+00,0.000000e+00,0.000000e+00,0.000000e+00,0.000000e+00,0.000000e+00,0.000000e+00,0.000000e+00,0.000000e+00,0.000000e+00,0.000000e+00,0.000000e+00,0.000000e+00
1.000000e+00,0.000000e+00,0.000000e+00,0.000000e+00,0.000000e+00,0.000000e+00,0.000000e+00,0.000000e+00,0.000000e+00,0.000000e+00,0.000000e+00,0.000000e+00,0.000000e+00,0.000000e+00,0.000000e+00
1.000000e+00,0.000000e+00,0.000000e+00,0.000000e+00,0.000000e+00,0.000000e+00,0.000000e+00,0.000000e+00,0.000000e+00,0.000000e+00,0.000000e+00,0.000000e+00,0.000000e+00,0.000000e+00,0.000000e+00
1.000000e+00,0.000000e+00,0.000000e+00,0.000000e+00,0.000000e+00,0.000000e+00,0.000000e+00,0.000000e+00,0.000000e+00,0.000000e+00,0.000000e+00,0.000000e+00,0.000000e+00,0.000000e+00,0.000000e+00
1.000000e+00,0.000000e+00,0.000000e+00,0.000000e+00,0.000000e+00,0.000000e+00,0.000000e+00,0.000000e+00,0.000000e+00,0.000000e+00,0.000000e+00,0.000000e+00,0.000000e+00,0.000000e+00,0.000000e+00
1.000000e+00,0.000000e+00,0.000000e+00,0.000000e+00,0.000000e+00,0.000000e+00,0.000000e+00,0.000000e+00,0.000000e+00,0.000000e+00,0.000000e+00,0.000000e+00,0.000000e+00,0.000000e+00,0.000000e+00
1.000000e+00,0.000000e+00,0.000000e+00,0.000000e+00,0.000000e+00,0.000000e+00,0.000000e+00,0.000000e+00,0.000000e+00,0.000000e+00,0.000000e+00,0.000000e+00,0.000000e+00,0.000000e+00,0.000000e+00
1.000000e+00,0.000000e+00,0.000000e+00,0.000000e+00,0.000000e+00,0.000000e+00,0.000000e+00,0.000000e+00,0.000000e+00,0.000000e+00,0.000000e+00,0.000000e+00,0.000000e+00,0.000000e+00,0.000000e+00
1.000000e+00,0.000000e+00,0.000000e+00,0.000000e+00,0.000000e+00,0.000000e+00,0.000000e+00,0.000000e+00,0.000000e+00,0.000000e+00,0.000000e+00,0.000000e+00,0.000000e+00,0.000000e+00,0.000000e+00
1.000000e+00,0.000000e+00,0.000000e+00,0.000000e+00,0.000000e+00,0.000000e+00,0.000000e+00,0.000000e+00,0.000000e+00,0.000000e+00,0.000000e+00,0.000000e+00,0.000000e+00,0.000000e+00,0.000000e+00
1.000000e+00,0.000000e+00,0.000000e+00,0.000000e+00,0.000000e+00,0.000000e+00,0.000000e+00,0.000000e+00,0.000000e+00,0.000000e+00,0.000000e+00,0.000000e+00,0.000000e+00,0.000000e+00,0.000000e+00
1.000000e+00,0.000000e+00,0.000000e+00,0.000000e+00,0.000000e+00,0.000000e+00,0.000000e+00,0.000000e+00,0.000000e+00,0.000000e+00,0.000000e+00,0.000000e+00,0.000000e+00,0.000000e+00,0.000000e+00
1.000000e+00,0.000000e+00,0.000000e+00,0.000000e+00,0.000000e+00,0.000000e+00,0.000000e+00,0.000000e+00,0.000000e+00,0.000000e+00,0.000000e+00,0.000000e+00,0.000000e+00,0.000000e+00,0.000000e+00
1.000000e+00,0.000000e+00,0.000000e+00,0.000000e+00,0.000000e+00,0.000000e+00,0.000000e+00,0.000000e+00,0.000000e+00,0.000000e+00,0.000000e+00,0.000000e+00,0.000000e+00,0.000000e+00,0.000000e+00
1.000000e+00,0.000000e+00,0.000000e+00,0.000000e+00,0.000000e+00,0.000000e+00,0.000000e+00,0.000000e+00,0.000000e+00,0.000000e+00,0.000000e+00,0.000000e+00,0.000000e+00,0.000000e+00,0.000000e+00
1.000000e+00,0.000000e+00,0.000000e+00,0.000000e+00,0.000000e+00,0.000000e+00,0.000000e+00,0.000000e+00,0.000000e+00,0.000000e+00,0.000000e+00,0.000000e+00,0.000000e+00,0.000000e+00,0.000000e+00
1.000000e+00,0.000000e+00,0.000000e+00,0.000000e+00,0.000000e+00,0.000000e+00,0.000000e+00,0.000000e+00,0.000000e+00,0.000000e+00,0.000000e+00,0.000000e+00,0.000000e+00,0.000000e+00,0.000000e+00
1.000000e+00,0.000000e+00,0.000000e+00,0.000000e+00,0.000000e+00,0.000000e+00,0.000000e+00,0.000000e+00,0.000000e+00,0.000000e+00,0.000000e+00,0.000000e+00,0.000000e+00,0.000000e+00,0.000000e+00
1.000000e+00,0.000000e+00,0.000000e+00,0.000000e+00,0.000000e+00,0.000000e+00,0.000000e+00,0.000000e+00,0.000000e+00,0.000000e+00,0.000000e+00,0.000000e+00,0.000000e+00,0.000000e+00,0.000000e+00
1.000000e+00,0.000000e+00,0.000000e+00,0.000000e+00,0.000000e+00,0.000000e+00,0.000000e+00,0.000000e+00,0.000000e+00,0.000000e+00,0.000000e+00,0.000000e+00,0.000000e+00,0.000000e+00,0.000000e+00
1.000000e+00,0.000000e+00,0.000000e+00,0.000000e+00,0.000000e+00,0.000000e+00,0.000000e+00,0.000000e+00,0.000000e+00,0.000000e+00,0.000000e+00,0.000000e+00,0.000000e+00,0.000000e+00,0.000000e+00
1.000000e+00,0.000000e+00,0.000000e+00,0.000000e+00,0.000000e+00,0.000000e+00,0.000000e+00,0.000000e+00,0.000000e+00,0.000000e+00,0.000000e+00,0.000000e+00,0.000000e+00,0.000000e+00,0.000000e+00
1.000000e+00,0.000000e+00,0.000000e+00,0.000000e+00,0.000000e+00,0.000000e+00,0.000000e+00,0.000000e+00,0.000000e+00,0.000000e+00,0.000000e+00,0.000000e+00,0.000000e+00,0.000000e+00,0.000000e+00
1.000000e+00,0.000000e+00,0.000000e+00,0.000000e+00,0.000000e+00,0.000000e+00,0.000000e+00,0.000000e+00,0.000000e+00,0.000000e+00,0.000000e+00,0.000000e+00,0.000000e+00,0.000000e+00,0.000000e+00
1.000000e+00,0.000000e+00,0.000000e+00,0.000000e+00,0.000000e+00,0.000000e+00,0.000000e+00,0.000000e+00,0.000000e+00,0.000000e+00,0.000000e+00,0.000000e+00,0.000000e+00,0.000000e+00,0.000000e+00
1.000000e+00,0.000000e+00,0.000000e+00,0.000000e+00,0.000000e+00,0.000000e+00,0.000000e+00,0.000000e+00,0.000000e+00,0.000000e+00,0.000000e+00,0.000000e+00,0.000000e+00,0.000000e+00,0.000000e+00
1.000000e+00,0.000000e+00,0.000000e+00,0.000000e+00,0.000000e+00,0.000000e+00,0.000000e+00,0.000000e+00,0.000000e+00,0.000000e+00,0.000000e+00,0.000000e+00,0.000000e+00,0.000000e+00,0.000000e+00
1.000000e+00,0.000000e+00,0.000000e+00,0.000000e+00,0.000000e+00,0.000000e+00,0.000000e+00,0.000000e+00,0.000000e+00,0.000000e+00,0.000000e+00,0.000000e+00,0.000000e+00,0.000000e+00,0.000000e+00
1.000000e+00,0.000000e+00,0.000000e+00,0.000000e+00,0.000000e+00,0.000000e+00,0.000000e+00,0.000000e+00,0.000000e+00,0.000000e+00,0.000000e+00,0.000000e+00,0.000000e+00,0.000000e+00,0.000000e+00
1.000000e+00,0.000000e+00,0.000000e+00,0.000000e+00,0.000000e+00,0.000000e+00,0.000000e+00,0.000000e+00,0.000000e+00,0.000000e+00,0.000000e+00,0.000000e+00,0.000000e+00,0.000000e+00,0.000000e+00
1.000000e+00,0.000000e+00,0.000000e+00,0.000000e+00,0.000000e+00,0.000000e+00,0.000000e+00,0.000000e+00,0.000000e+00,0.000000e+00,0.000000e+00,0.000000e+00,0.000000e+00,0.000000e+00,0.000000e+00
1.000000e+00,0.000000e+00,0.000000e+00,0.000000e+00,0.000000e+00,0.000000e+00,0.000000e+00,0.000000e+00,0.000000e+00,0.000000e+00,0.000000e+00,0.000000e+00,0.000000e+00,0.000000e+00,0.000000e+00
1.000000e+00,0.000000e+00,0.000000e+00,0.000000e+00,0.000000e+00,0.000000e+00,0.000000e+00,0.000000e+00,0.000000e+00,0.000000e+00,0.000000e+00,0.000000e+00,0.000000e+00,0.000000e+00,0.000000e+00
1.000000e+00,0.000000e+00,0.000000e+00,0.000000e+00,0.000000e+00,0.000000e+00,0.000000e+00,0.000000e+00,0.000000e+00,0.000000e+00,0.000000e+00,0.000000e+00,0.000000e+00,0.000000e+00,0.000000e+00
1.000000e+00,0.000000e+00,0.000000e+00,0.000000e+00,0.000000e+00,0.000000e+00,0.000000e+00,0.000000e+00,0.000000e+00,0.000000e+00,0.000000e+00,0.000000e+00,0.000000e+00,0.000000e+00,0.000000e+00
1.000000e+00,0.000000e+00,0.000000e+00,0.000000e+00,0.000000e+00,0.000000e+00,0.000000e+00,0.000000e+00,0.000000e+00,0.000000e+00,0.000000e+00,0.000000e+00,0.000000e+00,0.000000e+00,0.000000e+00
1.000000e+00,0.000000e+00,0.000000e+00,0.000000e+00,0.000000e+00,0.000000e+00,0.000000e+00,0.000000e+00,0.000000e+00,0.000000e+00,0.000000e+00,0.000000e+00,0.000000e+00,0.000000e+00,0.000000e+00
1.000000e+00,0.000000e+00,0.000000e+00,0.000000e+00,0.000000e+00,0.000000e+00,0.000000e+00,0.000000e+00,0.000000e+00,0.000000e+00,0.000000e+00,0.000000e+00,0.000000e+00,0.000000e+00,0.000000e+00
1.000000e+00,0.000000e+00,0.000000e+00,0.000000e+00,0.000000e+00,0.000000e+00,0.000000e+00,0.000000e+00,0.000000e+00,0.000000e+00,0.000000e+00,0.000000e+00,0.000000e+00,0.000000e+00,0.000000e+00
1.000000e+00,0.000000e+00,0.000000e+00,0.000000e+00,0.000000e+00,0.000000e+00,0.000000e+00,0.000000e+00,0.000000e+00,0.000000e+00,0.000000e+00,0.000000e+00,0.000000e+00,0.000000e+00,0.000000e+00
1.000000e+00,0.000000e+00,0.000000e+00,0.000000e+00,0.000000e+00,0.000000e+00,0.000000e+00,0.000000e+00,0.000000e+00,0.000000e+00,0.000000e+00,0.000000e+00,0.000000e+00,0.000000e+00,0.000000e+00
1.000000e+00,0.000000e+00,0.000000e+00,0.000000e+00,0.000000e+00,0.000000e+00,0.000000e+00,0.000000e+00,0.000000e+00,0.000000e+00,0.000000e+00,0.000000e+00,0.000000e+00,0.000000e+00,0.000000e+00
1.000000e+00,0.000000e+00,0.000000e+00,0.000000e+00,0.000000e+00,0.000000e+00,0.000000e+00,0.000000e+00,0.000000e+00,0.000000e+00,0.000000e+00,0.000000e+00,0.000000e+00,0.000000e+00,0.000000e+00
1.000000e+00,0.000000e+00,0.000000e+00,0.000000e+00,0.000000e+00,0.000000e+00,0.000000e+00,0.000000e+00,0.000000e+00,0.000000e+00,0.000000e+00,0.000000e+00,0.000000e+00,0.000000e+00,0.000000e+00
1.000000e+00,0.000000e+00,0.000000e+00,0.000000e+00,0.000000e+00,0.000000e+00,0.000000e+00,0.000000e+00,0.000000e+00,0.000000e+00,0.000000e+00,0.000000e+00,0.000000e+00,0.000000e+00,0.000000e+00
1.000000e+00,0.000000e+00,0.000000e+00,0.000000e+00,0.000000e+00,0.000000e+00,0.000000e+00,0.000000e+00,0.000000e+00,0.000000e+00,0.000000e+00,0.000000e+00,0.000000e+00,0.000000e+00,0.000000e+00
1.000000e+00,0.000000e+00,0.000000e+00,0.000000e+00,0.000000e+00,0.000000e+00,0.000000e+00,0.000000e+00,0.000000e+00,0.000000e+00,0.000000e+00,0.000000e+00,0.000000e+00,0.000000e+00,0.000000e+00
1.000000e+00,0.000000e+00,0.000000e+00,0.000000e+00,0.000000e+00,0.000000e+00,0.000000e+00,0.000000e+00,0.000000e+00,0.000000e+00,0.000000e+00,0.000000e+00,0.000000e+00,0.000000e+00,0.000000e+00
1.000000e+00,0.000000e+00,0.000000e+00,0.000000e+00,0.000000e+00,0.000000e+00,0.000000e+00,0.000000e+00,0.000000e+00,0.000000e+00,0.000000e+00,0.000000e+00,0.000000e+00,0.000000e+00,0.000000e+00
1.000000e+00,0.000000e+00,0.000000e+00,0.000000e+00,0.000000e+00,0.000000e+00,0.000000e+00,0.000000e+00,0.000000e+00,0.000000e+00,0.000000e+00,0.000000e+00,0.000000e+00,0.000000e+00,0.000000e+00
1.000000e+00,0.000000e+00,0.000000e+00,0.000000e+00,0.000000e+00,0.000000e+00,0.000000e+00,0.000000e+00,0.000000e+00,0.000000e+00,0.000000e+00,0.000000e+00,0.000000e+00,0.000000e+00,0.000000e+00
1.000000e+00,0.000000e+00,0.000000e+00,0.000000e+00,0.000000e+00,0.000000e+00,0.000000e+00,0.000000e+00,0.000000e+00,0.000000e+00,0.000000e+00,0.000000e+00,0.000000e+00,0.000000e+00,0.000000e+00
1.000000e+00,0.000000e+00,0.000000e+00,0.000000e+00,0.000000e+00,0.000000e+00,0.000000e+00,0.000000e+00,0.000000e+00,0.000000e+00,0.000000e+00,0.000000e+00,0.000000e+00,0.000000e+00,0.000000e+00
1.000000e+00,0.000000e+00,0.000000e+00,0.000000e+00,0.000000e+00,0.000000e+00,0.000000e+00,0.000000e+00,0.000000e+00,0.000000e+00,0.000000e+00,0.000000e+00,0.000000e+00,0.000000e+00,0.000000e+00
1.000000e+00,0.000000e+00,0.000000e+00,0.000000e+00,0.000000e+00,0.000000e+00,0.000000e+00,0.000000e+00,0.000000e+00,0.000000e+00,0.000000e+00,0.000000e+00,0.000000e+00,0.000000e+00,0.000000e+00
1.000000e+00,0.000000e+00,0.000000e+00,0.000000e+00,0.000000e+00,0.000000e+00,0.000000e+00,0.000000e+00,0.000000e+00,0.000000e+00,0.000000e+00,0.000000e+00,0.000000e+00,0.000000e+00,0.000000e+00
4.233824e-01,2.090112e-01,1.330056e-02,3.577783e-02,9.336111e-03,1.979122e-01,9.239528e-03,1.062898e-02,6.645117e-03,1.353756e-03,6.780319e-03,2.685142e-02,3.546653e-02,2.255909e-03,1.205822e-02
3.652985e-01,2.583678e-01,1.008999e-02,2.601966e-02,7.039269e-03,2.329867e-01,7.960145e-03,1.099475e-02,8.620851e-03,1.139189e-03,5.297192e-03,1.936617e-02,3.417372e-02,1.794279e-03,1.085174e-02
4.106809e-01,2.411867e-01,7.752195e-03,1.978856e-02,5.618077e-03,2.111667e-01,8.635849e-03,1.265112e-02,1.301416e-02,1.087575e-03,5.709245e-03,1.588374e-02,3.356855e-02,2.154718e-03,1.110185e-02
4.115186e-01,2.565475e-01,6.259188e-03,1.718578e-02,4.670318e-03,1.859120e-01,7.549041e-03,1.319971e-02,1.395633e-02,1.120541e-03,7.046317e-03,1.435773e-02,4.519102e-02,2.073588e-03,1.341226e-02
4.549945e-01,2.144995e-01,7.711193e-03,1.580920e-02,4.898383e-03,1.695979e-01,6.329664e-03,1.302919e-02,1.410145e-02,1.433344e-03,7.516816e-03,1.265528e-02,5.537376e-02,2.753156e-03,1.929663e-02
4.595242e-01,1.995246e-01,1.177008e-02,1.342116e-02,8.257090e-03,1.597699e-01,6.477778e-03,1.983320e-02,1.728815e-02,1.645629e-03,7.460102e-03,1.119202e-02,5.995800e-02,3.183289e-03,2.069472e-02
3.790284e-01,1.485666e-01,9.267009e-03,9.684865e-03,6.826294e-03,1.824522e-01,5.114321e-03,1.496715e-02,1.551378e-02,2.221741e-03,1.267684e-02,2.874479e-02,1.623050e-01,3.463611e-03,1.916741e-02
2.655121e-01,1.043021e-01,6.509983e-03,6.810667e-03,4.828657e-03,2.594576e-01,3.676585e-03,1.048854e-02,1.110314e-02,1.600101e-03,9.935273e-03,2.116261e-02,2.763689e-01,2.472466e-03,1.577121e-02
1.859624e-01,7.346057e-02,4.576194e-03,4.792945e-03,3.462138e-03,2.130539e-01,2.604990e-03,7.348099e-03,8.873178e-03,1.137621e-03,7.247954e-03,1.610673e-02,4.550427e-01,1.766058e-03,1.456467e-02
1.301789e-01,5.144859e-02,3.209387e-03,3.365296e-03,2.479459e-03,1.522082e-01,1.843817e-03,5.151336e-03,6.350817e-03,8.039707e-04,5.117439e-03,1.269455e-02,6.132958e-01,1.240639e-03,1.061181e-02
9.113238e-02,3.605452e-02,2.260169e-03,2.371990e-03,1.781926e-03,1.145043e-01,1.335659e-03,3.613151e-03,4.625170e-03,5.711942e-04,3.621433e-03,9.760126e-03,7.198510e-01,8.706083e-04,7.646452e-03
6.381355e-02,2.529569e-02,1.603229e-03,1.672235e-03,1.382692e-03,8.119777e-02,1.159169e-03,2.547853e-03,3.420040e-03,4.537872e-04,2.647595e-03,7.730166e-03,8.005424e-01,6.123168e-04,5.921486e-03
4.472298e-02,1.778444e-02,1.135307e-03,1.188417e-03,1.014135e-03,6.214590e-02,1.112307e-03,1.807114e-03,2.540518e-03,3.388674e-04,1.949796e-03,6.296791e-03,8.530445e-01,4.336701e-04,4.485204e-03
3.138597e-02,1.303850e-02,8.228518e-04,8.771568e-04,8.006091e-04,5.296542e-02,8.398347e-04,1.302053e-03,4.719233e-03,2.681632e-04,1.803089e-03,6.319238e-03,8.806571e-01,3.143648e-04,3.886427e-03
2.215391e-02,1.108961e-02,6.951183e-04,8.212168e-04,7.436097e-04,4.387961e-02,7.624867e-04,1.063952e-03,1.480948e-02,3.006220e-04,2.111572e-03,6.430175e-03,8.913877e-01,2.741218e-04,3.476825e-03
1.597895e-02,1.099376e-02,1.171037e-03,2.696052e-03,8.763820e-04,4.657809e-02,7.985235e-04,1.462765e-03,4.238464e-02,5.051662e-04,2.594840e-03,5.515770e-03,8.640804e-01,3.064043e-04,4.057214e-03
1.281962e-02,2.793724e-02,2.121026e-03,2.450897e-02,2.217389e-03,9.075342e-02,7.389716e-04,4.150636e-03,1.509416e-01,7.646530e-04,2.776311e-03,5.736268e-03,6.691469e-01,3.793625e-04,5.007707e-03
1.077907e-02,3.759021e-02,2.952208e-03,2.002333e-02,4.146931e-03,1.583758e-01,9.335964e-04,4.917833e-03,2.415828e-01,6.320566e-04,2.839133e-03,4.709556e-03,5.058393e-01,3.260253e-04,4.352079e-03
8.722806e-03,4.802622e-02,2.980536e-03,2.610287e-02,7.331565e-03,1.850549e-01,1.301259e-03,4.024898e-03,3.445948e-01,6.181591e-04,2.277674e-03,3.497214e-03,3.603276e-01,2.496325e-04,4.889867e-03
6.943116e-03,5.330516e-02,2.342761e-03,2.758735e-02,7.768461e-03,2.207874e-01,1.196515e-03,3.140169e-03,4.131302e-01,6.933283e-04,2.106877e-03,2.597739e-03,2.538875e-01,2.066696e-04,4.306668e-03
6.432020e-03,5.876335e-02,2.228181e-03,2.449379e-02,1.374042e-02,2.328739e-01,1.656811e-03,3.347664e-03,4.680479e-01,9.795658e-04,1.837051e-03,1.961479e-03,1.786572e-01,1.769870e-04,4.803768e-03
6.705710e-03,4.769643e-02,2.347970e-03,6.080449e-02,1.594732e-02,2.862269e-01,2.676302e-03,7.930122e-03,4.263399e-01,1.980041e-03,2.123432e-03,1.791608e-03,1.285792e-01,2.075935e-04,8.643021e-03
1.096652e-02,4.747680e-02,4.039535e-03,6.403536e-02,2.905110e-02,3.057671e-01,5.495743e-03,9.415545e-03,4.138139e-01,2.296561e-03,1.808016e-03,1.408813e-03,9.111332e-02,1.919643e-04,1.311980e-02
3.704812e-02,4.255746e-02,4.001472e-03,6.086872e-02,6.333439e-02,2.946283e-01,8.689092e-03,3.880654e-02,3.568477e-01,2.195936e-03,1.508091e-03,1.111650e-03,6.464569e-02,2.280076e-04,2.352884e-02
3.864193e-02,4.128321e-02,3.967055e-03,4.832146e-02,5.125657e-02,2.325565e-01,1.459953e-02,5.066343e-02,3.004414e-01,2.023561e-03,1.505090e-03,8.720993e-04,1.879518e-01,2.088539e-04,2.570754e-02
3.426458e-02,3.220874e-02,7.381103e-03,3.636551e-02,4.443605e-02,1.706983e-01,1.256604e-01,1.095656e-01,2.292088e-01,2.258332e-03,1.475401e-03,6.688601e-04,1.809786e-01,2.603333e-04,2.456940e-02
2.917857e-02,2.511150e-02,9.164657e-03,2.652317e-02,3.971328e-02,1.415404e-01,2.365308e-01,8.706337e-02,1.853683e-01,1.958081e-03,1.482554e-03,5.384599e-04,1.958515e-01,2.264838e-04,1.974904e-02
3.379848e-02,2.292780e-02,1.094658e-02,1.994254e-02,4.494246e-02,1.302309e-01,2.433742e-01,9.252789e-02,1.950531e-01,1.662893e-03,1.991030e-03,6.150060e-04,1.858345e-01,2.338678e-04,1.591889e-02
3.722189e-02,1.948310e-02,9.722853e-03,1.458902e-02,3.546518e-02,1.417780e-01,2.274027e-01,7.030125e-02,1.472910e-01,1.312105e-03,1.622052e-03,7.694995e-04,2.797345e-01,1.899685e-04,1.311688e-02
3.233575e-02,1.620086e-02,9.590997e-03,1.084175e-02,2.788844e-02,1.668543e-01,2.089741e-01,5.111912e-02,1.090900e-01,1.376135e-03,1.549341e-03,1.450398e-03,3.513308e-01,1.903555e-04,1.120771e-02
2.531467e-02,1.271377e-02,8.290838e-03,8.212871e-03,2.200184e-02,1.395903e-01,2.189451e-01,3.659262e-02,7.835468e-02,2.254716e-03,3.155433e-03,2.976129e-03,4.302428e-01,2.470223e-04,1.110720e-02
3.737777e-02,1.290334e-02,6.740139e-03,8.371073e-03,2.005976e-02,1.581851e-01,1.719680e-01,2.608245e-02,6.519001e-02,6.194497e-03,2.045931e-02,1.382457e-02,4.240107e-01,7.030895e-04,2.793027e-02
6.922613e-02,1.600168e-02,5.628059e-03,1.355550e-02,2.088428e-02,1.374921e-01,1.346872e-01,1.908458e-02,7.415269e-02,6.150136e-03,2.574434e-02,1.537033e-02,4.265972e-01,7.724187e-04,3.465335e-02
1.251160e-01,1.764486e-02,5.792225e-03,3.442604e-02,2.302713e-02,1.189243e-01,9.834465e-02,1.452425e-02,9.629475e-02,8.798846e-03,2.178808e-02,2.060674e-02,3.806694e-01,1.528224e-03,3.251443e-02
9.965119e-02,1.311904e-02,4.226052e-03,2.660886e-02,1.638514e-02,1.077328e-01,6.916273e-02,1.030672e-02,9.484079e-02,7.182076e-03,2.250107e-02,1.009723e-01,4.019954e-01,1.495206e-03,2.382072e-02
8.927168e-02,1.056850e-02,3.743806e-03,2.671584e-02,1.473844e-02,9.113808e-02,4.908204e-02,7.542304e-03,1.018687e-01,6.760722e-03,4.225541e-02,1.297272e-01,4.033799e-01,3.042588e-03,2.016479e-02
8.573131e-02,9.106399e-03,4.772846e-03,2.614799e-02,1.252738e-02,8.186278e-02,3.670781e-02,5.785532e-03,1.057239e-01,6.467715e-03,3.590515e-02,2.306967e-01,3.377752e-01,4.729431e-03,1.605994e-02
7.741839e-02,9.606319e-03,4.308451e-03,2.286372e-02,1.027829e-02,7.253292e-02,2.660871e-02,4.794502e-03,1.062670e-01,6.375222e-03,4.166325e-02,2.179652e-01,3.708789e-01,9.168014e-03,1.927103e-02
6.365314e-02,7.571078e-03,3.365846e-03,1.922378e-02,4.464933e-02,5.234288e-02,2.516621e-02,5.468516e-03,1.611813e-01,6.553140e-03,4.493307e-02,1.724543e-01,3.712606e-01,6.865373e-03,1.531145e-02
8.785962e-02,8.801633e-03,8.037140e-03,2.626405e-02,4.705613e-02,4.996659e-02,1.885375e-02,1.231232e-02,1.879598e-01,7.326687e-03,3.703341e-02,1.425137e-01,3.479151e-01,5.813130e-03,1.228683e-02
1.023169e-01,8.116193e-03,7.556807e-03,2.277787e-02,4.562936e-02,4.060502e-02,1.445221e-02,1.865890e-02,2.030502e-01,5.871181e-03,3.638872e-02,1.171249e-01,3.631584e-01,4.741024e-03,9.552293e-03
1.132504e-01,7.406740e-03,6.784208e-03,1.855479e-02,1.521561e-01,3.056498e-02,1.224083e-02,2.410144e-02,2.148922e-01,4.247895e-03,2.914683e-02,8.563377e-02,2.896029e-01,3.647085e-03,7.769686e-03
9.635530e-02,6.645345e-03,6.392585e-03,1.785652e-02,2.508421e-01,2.404562e-02,1.021994e-02,3.599173e-02,2.237702e-01,3.073647e-03,2.354987e-02,6.162349e-02,2.302563e-01,2.798813e-03,6.578553e-03
8.029407e-02,1.423713e-02,6.080593e-03,1.412543e-02,2.304371e-01,2.153260e-02,8.278096e-03,3.211989e-02,3.435552e-01,2.424388e-03,1.804505e-02,4.643962e-02,1.705092e-01,2.200561e-03,9.721024e-03
1.059366e-01,1.903840e-02,2.306808e-02,8.414686e-02,1.853385e-01,1.939146e-02,6.433221e-03,3.415223e-02,3.154071e-01,4.145363e-03,1.614103e-02,3.669737e-02,1.244673e-01,1.871968e-03,2.376460e-02
1.438183e-01,2.154078e-02,2.427953e-02,1.121609e-01,1.455449e-01,1.730006e-02,5.373677e-03,3.441595e-02,3.013893e-01,5.829873e-03,2.552139e-02,3.191318e-02,1.020714e-01,2.551066e-03,2.628964e-02
1.403896e-01,2.896551e-02,3.113395e-02,1.010638e-01,1.085188e-01,1.550986e-02,4.118719e-03,3.491652e-02,3.027244e-01,1.100675e-02,3.846528e-02,2.864780e-02,1.076771e-01,3.532141e-03,4.332976e-02
1.374819e-01,3.791033e-02,2.663694e-02,7.790796e-02,8.413962e-02,1.900066e-02,3.533668e-03,2.621517e-02,3.678457e-01,1.087792e-02,4.106055e-02,2.298386e-02,8.868454e-02,3.703667e-03,5.201756e-02
1.479563e-01,6.197760e-02,2.070810e-02,5.862778e-02,6.464158e-02,1.733913e-02,3.144111e-03,1.930395e-02,4.161769e-01,1.227844e-02,3.510726e-02,1.859714e-02,6.819576e-02,3.302964e-03,5.264299e-02
1.906151e-01,7.102637e-02,1.774722e-02,4.861382e-02,5.749305e-02,2.362353e-02,3.665898e-03,1.738964e-02,3.819425e-01,1.690661e-02,2.696156e-02,1.538567e-02,5.248165e-02,3.476026e-03,7.267131e-02
1.868271e-01,5.853173e-02,2.548735e-02,5.492127e-02,8.483244e-02,2.390183e-02,7.810090e-03,4.101828e-02,3.729520e-01,1.378923e-02,2.097184e-02,1.179432e-02,3.903898e-02,2.847356e-03,5.527616e-02
2.261988e-01,5.790721e-02,2.387838e-02,4.887878e-02,9.500779e-02,3.569722e-02,9.264902e-03,3.842244e-02,3.456612e-01,1.222126e-02,1.628804e-02,9.416256e-03,2.970353e-02,3.329264e-03,4.812498e-02
2.668409e-01,5.579837e-02,2.342086e-02,5.627504e-02,9.353171e-02,5.203047e-02,1.086757e-02,4.237274e-02,2.996070e-01,1.048638e-02,1.230921e-02,8.401828e-03,2.252741e-02,3.426598e-03,4.210398e-02
3.120534e-01,4.640946e-02,5.156025e-02,6.284770e-02,7.743044e-02,5.946077e-02,8.750726e-03,4.861103e-02,2.471221e-01,9.075335e-03,1.035103e-02,8.459942e-03,1.974792e-02,3.640792e-03,3.447912e-02
2.280890e-01,3.274713e-02,3.867891e-02,4.874057e-02,6.169978e-02,4.265930e-02,6.388913e-03,2.993252e-01,1.810369e-01,6.377584e-03,7.468982e-03,5.972186e-03,1.400021e-02,2.593514e-03,2.422183e-02
1.705264e-01,2.317936e-02,2.756261e-02,3.526894e-02,4.822424e-02,3.013961e-02,4.573160e-03,4.864463e-01,1.312357e-01,4.483277e-03,5.400885e-03,4.211025e-03,9.927322e-03,1.832615e-03,1.698859e-02
1.269117e-01,1.636345e-02,2.032037e-02,2.570399e-02,3.716468e-02,2.171203e-02,3.464537e-03,6.255162e-01,9.207629e-02,3.256245e-03,4.078038e-03,3.009551e-03,7.094807e-03,1.315527e-03,1.201269e-02
9.486777e-02,1.151592e-02,1.540846e-02,1.858411e-02,2.879233e-02,1.661180e-02,2.867253e-03,7.245861e-01,6.462687e-02,2.353723e-03,3.026878e-03,2.152449e-03,5.177360e-03,9.477327e-04,8.481326e-03
7.849180e-02,8.764994e-03,1.441170e-02,1.382086e-02,2.190981e-02,2.364527e-02,2.230464e-03,7.582371e-01,4.579031e-02,3.007618e-03,1.145436e-02,2.812361e-03,7.527946e-03,1.435006e-03,6.460436e-03
5.672093e-02,6.285813e-03,1.015216e-02,1.071609e-02,1.545678e-02,1.785410e-02,1.663134e-03,5.642449e-01,3.263582e-02,7.464518e-03,6.611781e-02,8.307485e-02,1.173407e-01,4.963528e-03,5.308895e-03
4.064127e-02,4.553331e-03,7.167312e-03,8.975055e-03,1.098171e-02,1.314937e-02,1.310875e-03,4.114976e-01,2.326941e-02,2.222203e-02,7.295574e-02,2.383982e-01,1.215146e-01,1.888373e-02,4.479783e-03
2.914641e-02,3.328133e-03,5.859086e-03,7.345534e-03,7.964236e-03,1.359032e-02,1.574291e-03,2.958412e-01,1.745145e-02,1.563030e-02,5.411139e-02,4.269997e-01,1.037839e-01,1.387728e-02,3.496752e-03
2.113316e-02,2.514311e-03,4.584277e-03,5.751338e-03,5.877122e-03,1.040626e-02,1.635206e-03,2.141575e-01,1.398940e-02,1.177460e-02,4.102976e-02,5.610920e-01,9.141268e-02,1.190164e-02,2.740832e-03
1.578540e-02,2.015368e-03,4.258506e-03,4.437379e-03,4.455225e-03,1.159245e-02,1.226706e-03,1.527133e-01,1.182436e-02,8.460498e-03,3.540324e-02,6.701930e-01,6.653415e-02,8.601407e-03,2.499150e-03
1.115509e-02,1.526211e-03,3.372097e-03,3.219645e-03,3.186981e-03,1.032608e-02,8.785272e-04,1.071394e-01,8.528984e-03,6.069208e-03,3.232611e-02,7.574408e-01,4.685233e-02,6.061686e-03,1.916904e-03
7.936891e-03,1.127982e-03,2.464124e-03,2.283870e-03,2.281289e-03,8.109597e-03,6.297191e-04,7.515217e-02,6.204784e-03,4.380448e-03,3.470042e-02,8.160590e-01,3.293863e-02,4.305878e-03,1.425200e-03
5.636452e-03,8.333257e-04,1.759325e-03,1.602388e-03,1.688272e-03,6.125878e-03,4.613724e-04,5.263237e-02,4.452844e-03,3.262997e-03,3.301397e-02,8.612621e-01,2.315274e-02,3.095830e-03,1.020081e-03
4.005753e-03,6.645042e-04,1.284563e-03,1.125784e-03,1.453068e-03,4.813370e-03,3.302623e-04,3.686317e-02,3.367772e-03,2.487993e-03,3.177010e-02,8.925720e-01,1.629995e-02,2.227963e-03,7.336388e-04
2.845943e-03,6.167352e-04,9.412539e-04,7.968382e-04,4.014136e-03,4.625574e-03,2.402959e-04,2.585080e-02,2.805470e-03,1.909892e-03,3.488387e-02,9.069001e-01,1.145509e-02,1.589458e-03,5.244921e-04
2.001981e-03,4.407815e-04,6.621905e-04,5.598204e-04,3.342361e-03,3.429404e-03,1.699032e-04,1.810209e-02,2.051911e-03,1.374768e-03,2.973261e-02,9.285916e-01,8.031814e-03,1.139799e-03,3.688727e-04
1.413846e-03,3.183083e-04,4.676434e-04,3.951786e-04,2.657891e-03,2.537257e-03,1.195955e-04,1.268043e-02,1.473558e-03,9.918764e-04,2.801988e-02,9.422010e-01,5.632077e-03,8.310921e-04,2.603159e-04
9.968297e-04,2.320774e-04,3.299735e-04,2.793332e-04,2.083702e-03,1.810579e-03,8.424333e-05,8.878821e-03,1.059162e-03,7.191453e-04,2.208267e-02,9.566891e-01,3.949686e-03,6.191979e-04,1.855310e-04
7.077139e-04,1.847155e-04,2.369476e-04,2.006981e-04,1.769651e-03,1.307543e-03,6.048993e-05,6.219757e-03,7.900636e-04,5.467050e-04,1.739975e-02,9.671838e-01,2.770998e-03,4.857206e-04,1.354850e-04
5.135884e-04,1.087659e-03,6.877653e-04,1.747368e-04,8.010115e-03,1.100053e-03,5.629536e-05,4.432740e-03,8.661965e-04,6.759122e-04,2.352451e-02,9.562858e-01,1.953637e-03,4.469749e-04,1.840013e-04
4.157683e-04,1.151255e-03,8.509376e-04,4.617523e-04,1.973682e-02,1.054188e-03,1.032386e-04,7.458785e-03,9.411699e-04,6.509449e-04,1.771731e-02,9.474632e-01,1.398153e-03,4.630458e-04,1.335067e-04
3.000654e-04,8.570768e-04,7.464516e-04,4.765604e-04,2.037443e-02,8.420183e-04,1.218798e-04,7.302935e-03,1.242142e-03,5.251456e-04,1.313836e-02,9.525350e-01,1.002337e-03,4.396339e-04,9.595427e-05
2.212960e-04,6.164378e-04,1.080813e-03,5.784851e-04,2.030535e-02,6.642395e-04,1.443643e-04,1.939631e-02,2.931283e-03,3.891984e-04,9.643678e-03,9.427592e-01,7.496676e-04,4.495031e-04,7.024278e-05
1.726731e-04,4.462852e-04,1.100812e-03,7.385305e-04,1.826557e-02,5.603586e-04,1.606471e-04,3.425279e-02,5.660659e-03,3.071197e-04,7.848842e-03,9.292827e-01,6.073409e-04,5.426984e-04,5.301473e-05
3.160384e-04,3.374755e-04,1.597307e-03,1.263731e-03,2.096091e-02,5.970115e-04,3.009393e-04,1.838822e-01,7.974559e-03,2.794567e-04,6.909845e-03,7.740410e-01,9.124773e-04,5.846754e-04,4.234194e-05
4.804637e-04,4.740305e-04,1.584617e-03,1.268461e-03,4.999888e-02,1.027863e-03,3.850380e-04,1.545851e-01,2.252723e-01,2.221326e-04,6.486552e-03,5.567254e-01,8.892523e-04,5.593802e-04,4.061639e-05
6.359270e-04,3.736427e-04,1.796037e-03,1.338105e-03,4.257079e-02,8.938435e-04,1.638672e-03,3.597824e-01,1.669289e-01,2.340217e-04,6.382273e-03,4.154027e-01,1.498301e-03,4.865101e-04,3.793110e-05
2.593599e-03,1.008835e-03,6.470313e-03,1.358521e-02,8.114731e-02,1.299108e-02,1.641666e-03,3.146540e-01,2.606515e-01,6.039382e-04,5.507997e-03,2.965404e-01,1.994620e-03,3.656673e-04,2.438719e-04
6.496789e-03,1.525305e-03,1.130148e-02,1.635964e-02,1.666058e-01,1.135005e-02,1.929742e-03,2.375775e-01,3.307817e-01,7.139611e-04,5.213337e-03,2.081212e-01,1.497186e-03,2.870118e-04,2.393543e-04
1.002579e-02,2.810003e-03,2.315897e-02,1.339532e-01,1.738535e-01,1.164473e-02,1.640665e-03,2.014613e-01,2.845071e-01,1.738235e-03,4.414941e-03,1.461533e-01,2.716728e-03,2.856017e-04,1.635804e-03
1.764944e-02,4.024318e-03,2.587470e-02,1.549994e-01,1.666853e-01,9.319031e-03,2.025589e-03,2.175963e-01,2.887003e-01,1.699181e-03,4.043166e-03,1.026994e-01,2.501039e-03,3.493621e-04,1.833506e-03
2.743628e-02,6.918838e-03,2.437904e-02,1.558992e-01,2.016223e-01,1.016139e-02,3.551540e-03,2.035204e-01,2.783272e-01,3.362975e-03,4.565144e-03,7.246403e-02,3.201572e-03,4.151898e-04,4.174858e-03
2.838776e-02,2.475428e-02,1.921883e-02,1.307372e-01,1.955766e-01,1.015100e-02,2.696167e-03,1.745087e-01,3.391578e-01,5.187121e-03,5.279065e-03,5.176458e-02,2.824275e-03,5.319738e-04,9.224668e-03
2.085892e-02,2.369241e-02,2.033178e-02,2.661956e-01,1.418357e-01,7.418077e-03,1.947704e-03,1.260210e-01,3.214926e-01,6.891256e-03,1.114658e-02,3.691811e-02,3.811849e-03,4.277130e-04,1.101076e-02
1.514492e-02,2.245654e-02,1.623785e-02,2.942406e-01,1.005974e-01,5.385547e-03,1.390374e-03,9.278355e-02,2.357184e-01,6.976973e-03,1.531055e-01,2.780447e-02,1.757406e-02,5.504027e-04,1.003348e-02
1.065343e-02,1.617088e-02,1.175906e-02,2.252936e-01,7.059618e-02,4.025641e-03,9.895420e-04,6.509931e-02,1.730328e-01,7.779037e-03,3.384824e-01,2.138682e-02,4.416727e-02,1.044867e-03,9.519158e-03
7.649572e-03,1.184436e-02,8.462356e-03,1.830155e-01,5.023761e-02,2.954570e-03,7.158127e-04,4.586823e-02,1.417273e-01,6.119580e-03,4.584356e-01,1.653297e-02,5.471390e-02,3.441452e-03,8.281229e-03
5.661882e-03,8.757565e-03,6.713679e-03,1.777492e-01,3.935732e-02,2.288557e-03,5.363697e-04,3.263980e-02,2.566320e-01,7.306980e-03,3.895444e-01,1.472891e-02,4.155507e-02,6.287012e-03,1.024127e-02
4.053880e-03,6.313041e-03,4.922450e-03,1.381123e-01,2.839681e-02,2.272589e-03,4.223437e-04,2.319152e-02,2.160925e-01,6.131301e-03,4.562388e-01,1.626227e-02,5.419523e-02,2.588881e-02,1.750616e-02
2.911643e-03,4.582416e-03,3.594224e-03,1.029552e-01,2.073934e-02,1.895408e-03,3.115135e-04,1.634629e-02,1.667578e-01,5.729411e-03,5.149455e-01,1.301534e-02,4.308998e-02,8.830993e-02,1.481603e-02
2.084913e-03,3.348050e-03,2.707559e-03,7.711646e-02,1.504607e-02,1.588777e-03,2.364568e-04,1.156241e-02,1.587256e-01,1.027789e-02,4.867552e-01,1.914971e-02,4.240086e-02,1.295401e-01,3.946014e-02
1.561352e-03,2.537704e-03,2.378107e-03,5.655303e-02,1.321523e-02,1.393971e-03,2.070176e-04,8.593720e-03,1.218058e-01,2.300639e-02,4.499165e-01,2.078540e-02,3.979849e-02,1.654888e-01,9.275858e-02
1.103596e-03,1.795644e-03,1.741158e-03,3.963953e-02,9.611130e-03,9.920233e-04,1.511508e-04,6.068011e-03,8.592188e-02,2.157342e-02,4.932649e-01,1.774456e-02,2.933170e-02,1.789019e-01,1.121595e-01
8.014918e-04,1.303169e-03,2.538540e-03,2.781139e-02,8.955430e-03,7.734895e-04,1.130824e-04,4.787782e-03,6.063722e-02,2.133201e-02,4.713245e-01,1.568498e-02,2.380015e-02,1.530080e-01,2.071288e-01
8.660854e-04,1.005606e-03,2.936765e-03,1.973110e-02,7.236547e-03,7.569419e-04,1.078206e-04,4.281062e-03,4.578324e-02,3.697398e-02,4.630096e-01,1.500378e-02,1.850831e-02,1.723826e-01,2.114166e-01
8.640788e-04,1.371942e-03,1.154397e-02,1.390949e-02,6.455035e-03,1.066289e-03,8.560141e-05,3.336636e-03,3.439224e-02,3.736968e-02,4.831289e-01,1.329310e-02,1.429620e-02,1.679857e-01,2.109011e-01
1.193350e-03,1.523146e-03,3.265470e-02,9.911074e-03,7.483416e-03,1.302568e-03,9.063874e-05,3.158575e-03,2.677211e-02,3.834045e-02,5.112383e-01,1.229555e-02,1.141571e-02,1.577470e-01,1.848735e-01
3.170126e-03,1.756778e-03,5.148185e-02,7.490805e-03,7.199659e-03,1.714663e-03,1.041168e-04,3.787871e-03,2.598600e-02,3.901560e-02,4.587422e-01,9.495039e-03,8.610311e-03,2.278562e-01,1.535888e-01
4.164994e-03,3.330438e-03,1.222838e-01,5.511948e-03,7.273920e-03,3.955098e-03,1.123735e-04,5.221528e-03,2.129771e-02,3.294329e-02,3.589927e-01,6.880826e-03,6.338128e-03,2.924688e-01,1.292245e-01
6.928869e-03,1.046015e-02,2.628032e-01,4.846393e-03,6.371122e-03,3.402199e-03,4.238852e-04,2.080571e-02,2.642028e-02,2.816437e-02,2.682837e-01,4.952520e-03,4.747916e-03,2.581795e-01,9.321013e-02
7.355534e-03,1.187653e-02,4.528221e-01,4.469649e-03,5.560982e-03,3.254385e-03,4.556233e-04,1.678692e-02,2.071356e-02,2.191124e-02,1.908303e-01,3.499810e-03,3.431002e-03,1.916758e-01,6.535654e-02
7.822974e-03,2.224804e-02,5.738263e-01,3.954861e-03,5.680152e-03,3.649127e-03,3.728972e-04,1.463319e-02,1.780589e-02,1.932913e-02,1.350700e-01,2.474538e-03,2.505923e-03,1.447129e-01,4.591406e-02
7.745288e-03,3.425884e-02,6.590037e-01,1.143311e-02,5.800395e-03,4.320906e-03,2.786820e-04,1.056493e-02,1.634529e-02,1.538016e-02,9.520939e-02,1.786840e-03,1.873514e-03,1.019014e-01,3.409750e-02
1.447455e-02,6.321107e-02,6.687858e-01,1.502146e-02,1.027497e-02,4.565501e-03,2.369833e-04,8.522924e-03,2.216367e-02,1.893943e-02,6.802173e-02,1.332646e-03,1.482071e-03,7.347472e-02,2.949246e-02
1.392834e-02,5.449610e-02,7.249603e-01,2.677970e-02,9.006039e-03,3.681501e-03,1.851172e-04,6.896045e-03,1.861507e-02,1.519812e-02,4.842499e-02,1.187022e-03,1.409091e-03,5.159023e-02,2.364233e-02
1.483889e-02,4.264489e-02,7.216138e-01,6.951976e-02,7.389423e-03,2.859839e-03,1.517670e-04,5.361712e-03,2.187791e-02,1.401207e-02,3.609472e-02,1.256564e-03,1.624333e-03,3.629098e-02,2.446339e-02
2.180276e-02,3.540906e-02,6.681244e-01,1.262346e-01,6.069798e-03,2.776618e-03,1.496889e-04,4.239184e-03,2.274131e-02,1.814643e-02,3.815378e-02,3.134758e-03,4.225611e-03,2.567826e-02,2.311374e-02
1.575281e-02,2.677674e-02,4.868521e-01,2.928528e-01,4.499393e-03,2.051891e-03,1.467569e-04,3.046371e-03,2.554026e-02,1.719002e-02,7.516597e-02,3.954224e-03,3.875179e-03,1.869340e-02,2.360211e-02
1.131565e-02,2.028722e-02,3.631919e-01,3.885368e-01,3.446064e-03,1.543449e-03,1.731663e-04,2.176949e-03,2.684422e-02,1.406822e-02,1.020860e-01,1.101291e-02,5.178641e-03,1.484782e-02,3.529092e-02
9.208187e-03,1.487910e-02,2.587222e-01,3.946020e-01,2.898623e-03,1.469224e-03,3.188453e-04,1.557022e-03,3.457470e-02,1.635373e-02,1.192655e-01,4.142448e-02,1.014229e-02,4.419761e-02,5.038643e-02
1.388885e-02,1.133277e-02,1.849208e-01,3.409193e-01,2.780758e-03,3.210229e-03,1.746359e-03,1.338670e-03,3.147709e-02,1.629762e-02,1.107234e-01,1.462277e-01,1.900116e-02,6.278604e-02,5.334929e-02
1.670575e-02,8.127419e-03,1.306956e-01,2.494982e-01,3.227656e-03,6.889842e-03,1.927168e-03,1.362532e-03,2.871560e-02,1.383536e-02,1.266596e-01,2.625767e-01,4.626428e-02,6.146250e-02,4.205165e-02
1.480570e-02,6.106570e-03,9.176167e-02,1.759349e-01,2.794335e-03,7.815961e-03,2.253590e-03,1.567633e-03,2.517551e-02,1.163862e-02,9.320918e-02,4.167765e-01,3.968170e-02,7.769421e-02,3.278396e-02
1.382630e-02,4.940853e-03,6.476772e-02,1.238423e-01,2.213173e-02,2.001317e-02,3.512913e-03,5.818232e-03,5.065686e-02,9.289980e-03,7.270668e-02,4.784962e-01,4.887436e-02,5.790219e-02,2.322053e-02
9.827001e-03,4.024267e-03,4.545736e-02,8.689167e-02,1.950121e-02,3.474326e-02,2.694209e-03,4.395385e-03,4.262276e-02,6.733946e-03,5.247286e-02,5.929092e-01,4.065914e-02,4.071148e-02,1.635628e-02
7.224243e-03,4.987875e-03,3.203513e-02,6.094086e-02,1.489583e-02,5.172822e-02,2.536576e-03,3.729851e-03,4.222871e-02,4.913648e-03,3.854354e-02,6.622831e-01,3.388440e-02,2.858240e-02,1.148571e-02
5.333621e-03,4.329777e-03,2.262582e-02,4.277320e-02,1.123831e-02,4.287581e-02,2.012506e-03,2.781173e-03,3.176414e-02,3.669563e-03,2.888870e-02,7.460896e-01,2.737128e-02,2.013879e-02,8.107755e-03
5.268900e-03,5.300130e-03,1.650070e-02,3.012615e-02,9.058300e-03,3.757411e-02,1.635013e-03,2.454464e-03,3.172083e-02,3.364450e-03,2.132290e-02,7.938073e-01,2.127362e-02,1.471408e-02,5.879058e-03
4.459680e-03,4.766932e-03,1.184228e-02,2.134142e-02,7.102545e-03,3.036473e-02,1.232102e-03,1.938722e-03,2.612142e-02,3.007518e-03,1.570602e-02,8.413275e-01,1.603820e-02,1.050294e-02,4.248050e-03
4.857537e-03,8.437070e-03,8.974230e-03,1.524355e-02,8.947359e-03,2.651907e-02,1.293782e-03,4.624842e-03,4.447065e-02,2.435370e-03,1.247578e-02,8.359224e-01,1.478302e-02,7.803179e-03,3.212208e-03
4.320905e-03,8.430579e-03,6.635866e-03,1.074877e-02,6.934131e-03,1.934856e-02,1.044050e-03,4.488343e-03,3.813970e-02,1.850197e-03,8.993405e-03,8.694658e-01,1.169945e-02,5.561309e-03,2.338962e-03
4.495244e-03,1.087159e-02,5.470026e-03,7.682096e-03,6.101873e-03,1.492637e-02,1.026397e-03,6.040297e-03,4.544909e-02,1.532237e-03,6.883670e-03,8.731027e-01,1.060272e-02,4.062778e-03,1.752954e-03
4.875860e-03,9.168722e-03,5.073799e-03,6.467358e-03,6.146825e-03,1.727861e-02,1.070668e-03,6.725593e-03,3.988829e-02,1.677054e-03,8.054193e-03,8.678514e-01,2.085531e-02,3.093100e-03,1.773193e-03
5.701809e-03,7.315719e-03,3.908328e-03,4.869638e-03,7.424429e-03,1.543040e-02,1.299475e-03,6.849400e-03,3.714518e-02,1.371578e-03,7.329223e-03,8.714852e-01,2.624074e-02,2.312271e-03,1.316644e-03
1.289089e-02,8.368474e-03,7.152985e-03,4.149871e-03,1.141096e-02,1.651171e-02,3.540682e-03,2.405282e-02,6.235922e-02,1.474231e-03,9.434044e-03,7.972638e-01,3.723827e-02,3.031360e-03,1.120715e-03
1.481243e-02,8.787664e-03,6.081853e-03,3.017214e-03,1.660288e-02,1.527179e-02,3.551298e-03,2.102929e-02,5.015309e-02,1.067334e-03,7.781720e-03,8.177954e-01,3.096238e-02,2.258868e-03,8.268465e-04
3.084172e-02,7.897655e-03,5.815287e-03,2.251503e-03,2.611043e-02,1.391413e-02,4.532151e-03,2.021614e-02,3.868553e-02,8.222131e-04,8.175578e-03,8.141078e-01,2.416725e-02,1.830113e-03,6.325206e-04
7.938427e-02,7.072285e-03,4.665202e-03,2.036750e-03,3.400294e-02,2.637161e-02,4.225607e-03,1.533789e-02,3.482116e-02,7.227758e-04,1.154504e-02,7.345813e-01,4.293928e-02,1.555824e-03,7.380943e-04
1.068725e-01,8.403067e-03,5.053421e-03,2.186674e-03,3.420365e-02,3.394159e-02,6.126130e-03,1.687723e-02,4.380536e-02,8.406753e-04,1.329300e-02,6.819211e-01,4.413368e-02,1.562550e-03,7.793240e-04
1.261672e-01,2.594407e-02,6.362837e-03,1.032917e-02,2.752795e-02,5.689915e-02,5.421930e-03,1.699061e-02,7.339330e-02,1.592698e-03,1.990188e-02,5.657364e-01,5.796216e-02,2.567447e-03,3.203142e-03
1.380798e-01,2.747012e-02,6.274719e-03,9.492764e-03,2.585655e-02,6.194978e-02,7.417638e-03,2.034524e-02,8.921347e-02,1.700550e-03,1.913628e-02,5.173981e-01,7.043827e-02,2.324719e-03,2.902052e-03
1.320926e-01,2.507997e-02,5.035818e-03,8.480097e-03,2.580333e-02,1.020948e-01,9.854475e-03,1.959142e-02,1.342908e-01,1.418711e-03,1.593183e-02,4.108355e-01,1.050083e-01,1.790286e-03,2.691994e-03
1.145721e-01,1.926898e-02,4.361437e-03,6.419682e-03,2.812422e-02,9.708821e-02,1.359485e-02,1.861742e-02,1.170927e-01,1.155059e-03,1.229573e-02,3.171422e-01,2.464850e-01,1.560765e-03,2.221606e-03
1.223058e-01,1.588646e-02,3.890690e-03,4.907178e-03,2.914493e-02,9.700944e-02,1.466360e-02,1.630008e-02,1.102156e-01,8.618923e-04,1.010484e-02,2.707741e-01,3.006840e-01,1.399505e-03,1.851878e-03
1.342046e-01,1.423960e-02,3.559247e-03,6.461596e-03,3.176584e-02,8.858775e-02,1.335530e-02,1.479291e-02,8.290023e-02,9.329895e-04,8.808834e-03,2.044429e-01,3.912074e-01,1.680405e-03,3.060450e-03
1.384591e-01,1.610320e-02,1.989394e-02,2.359011e-02,5.515043e-02,1.153268e-01,2.099444e-02,1.919846e-02,6.401306e-02,1.020661e-03,7.082778e-03,1.533262e-01,3.607323e-01,1.603170e-03,3.505446e-03
1.700985e-01,1.457675e-02,1.489020e-02,1.997682e-02,6.121303e-02,1.160586e-01,2.278761e-02,1.588495e-02,5.062279e-02,1.121615e-03,6.202923e-03,1.115799e-01,3.853266e-01,1.911926e-03,7.747904e-03
2.063434e-01,1.316930e-02,1.260690e-02,2.622360e-02,5.314291e-02,1.231195e-01,3.050050e-02,1.744756e-02,4.582070e-02,1.882733e-03,9.569291e-03,1.098863e-01,3.395230e-01,2.459318e-03,8.305036e-03
2.791752e-01,1.189377e-02,9.975269e-03,2.470797e-02,5.368011e-02,1.142823e-01,2.509463e-02,1.384489e-02,4.079552e-02,1.904711e-03,9.317699e-03,9.517562e-02,3.083363e-01,2.860744e-03,8.955264e-03
4.012195e-01,1.317573e-02,1.018975e-02,2.108381e-02,5.061525e-02,8.625821e-02,1.900091e-02,1.132277e-02,3.329406e-02,1.661980e-03,9.417903e-03,7.625515e-02,2.531644e-01,3.790509e-03,9.550043e-03
3.860139e-01,2.847309e-02,2.249025e-02,9.465430e-02,3.854292e-02,6.498168e-02,1.419314e-02,9.186996e-03,2.860316e-02,2.644005e-03,1.174041e-02,7.979684e-02,1.952940e-01,3.669819e-03,1.971548e-02
3.452387e-01,3.033917e-02,5.932281e-02,1.357799e-01,2.824046e-02,5.046171e-02,1.054264e-02,7.505571e-03,2.795796e-02,6.604263e-03,1.399568e-02,7.705077e-02,1.481300e-01,5.019099e-03,5.381115e-02
3.110587e-01,3.069175e-02,4.592990e-02,1.131458e-01,2.080525e-02,5.392139e-02,9.382315e-03,6.132929e-03,3.933258e-02,6.175893e-03,1.308332e-02,6.185998e-02,2.215448e-01,5.253694e-03,6.168165e-02
3.774132e-01,2.455407e-02,3.654480e-02,9.466417e-02,1.594231e-02,6.090818e-02,8.638913e-03,7.969121e-03,3.628825e-02,7.861732e-03,1.517973e-02,4.911777e-02,2.099291e-01,4.217430e-03,5.077118e-02
