1.000000e+00,0.000000e+00,0.000000e+00,0.000000e+00,0.000000e+00,0.000000e+00,0.000000e+00,0.000000e+00,0.000000e+00,0.000000e+00,0.000000e+00,0.000000e+00,0.000000e+00,0.000000e+00,0.000000e+00
1.000000e+00,0.000000e+00,0.000000e+00,0.000000e+00,0.000000e+00,0.000000e+00,0.000000e+00,0.000000e+00,0.000000e+00,0.000000e+00,0.000000e+00,0.000000e+00,0.000000e+00,0.000000e+00,0.000000e+00
1.000000e+00,0.000000e+00,0.000000e+00,0.000000e+00,0.000000e+00,0.000000e+00,0.000000e+00,0.000000e+00,0.000000e+00,0.000000e+00,0.000000e+00,0.000000e+00,0.000000e+00,0.000000e+00,0.000000e+00
1.000000e+00,0.000000e+00,0.000000e+00,0.000000e+00,0.000000e+00,0.000000e+00,0.000000e+00,0.000000e+00,0.000000e+00,0.000000e+00,0.000000e+00,0.000000e+00,0.000000e+00,0.000000e+00,0.000000e+00
1.000000e+00,0.000000e+00,0.000000e+00,0.000000e+00,0.000000e+00,0.000000e+00,0.000000e+00,0.000000e+00,0.000000e+00,0.000000e+00,0.000000e+00,0.000000e+00,0.000000e+00,0.000000e+00,0.000000e+00
1.000000e+00,0.000000e+00,0.000000e+00,0.000000e+00,0.000000e+00,0.000000e+00,0.000000e+00,0.000000e+00,0.000000e+00,0.000000e+00,0.000000e+00,0.000000e+00,0.000000e+00,0.000000e+00,0.000000e+00
1.000000e+00,0.000000e+00,0.000000e+00,0.000000e+00,0.000000e+00,0.000000e+00,0.000000e+00,0.000000e+00,0.000000e+00,0.000000e+00,0.000000e+00,0.000000e+00,0.000000e+00,0.000000e+00,0.000000e+00
1.000000e+00,0.000000e+00,0.000000e+00,0.000000e+00,0.000000e+00,0.000000e+00,0.000000e+00,0.000000e+00,0.000000e+00,0.000000e+00,0.000000e+00,0.000000e+00,0.000000e+00,0.000000e+00,0.000000e+00
1.000000e+00,0.000000e+00,0.000000e+00,0.000000e+00,0.000000e+00,0.000000e+00,0.000000e+00,0.000000e+00,0.000000e+00,0.000000e+00,0.000000e+00,0.000000e+00,0.000000e+00,0.000000e+00,0.000000e+00
1.000000e+00,0.000000e+00,0.000000e+00,0.000000e+00,0.000000e+00,0.000000e+00,0.000000e+00,0.000000e+00,0.000000e+00,0.000000e+00,0.000000e+00,0.000000e+00,0.000000e+00,0.000000e+00,0.000000e+00
1.000000e+00,0.000000e+00,0.000000e+00,0.000000e+00,0.000000e+00,0.000000e+00,0.000000e+00,0.000000e+00,0.000000e+00,0.000000e+00,0.000000e+00,0.000000e+00,0.000000e+00,0.000000e+00,0.000000e+00
1.000000e+00,0.000000e+00,0.000000e+00,0.000000e+00,0.000000e+00,0.000000e+00,0.000000e+00,0.000000e+00,0.000000e+00,0.000000e+00,0.000000e+00,0.000000e+00,0.000000e+00,0.000000e+00,0.000000e+00
1.000000e+00,0.000000e+00,0.000000e+00,0.000000e+00,0.000000e+00,0.000000e+00,0.000000e+00,0.000000e+00,0.000000e+00,0.000000e+00,0.000000e+00,0.000000e+00,0.000000e+00,0.000000e+00,0.000000e+00
1.000000e+00,0.000000e+00,0.000000e+00,0.000000e+00,0.000000e+00,0.000000e+00,0.000000e+00,0.000000e+00,0.000000e+00,0.000000e+00,0.000000e+00,0.000000e+00,0.000000e+00,0.000000e+00,0.000000e+00
1.000000e+00,0.000000e+00,0.000000e+00,0.000000e+00,0.000000e+00,0.000000e+00,0.000000e+00,0.000000e+00,0.000000e+00,0.000000e+00,0.000000e+00,0.000000e+00,0.000000e+00,0.000000e+00,0.000000e+00
1.000000e+00,0.000000e+00,0.000000e+00,0.000000e+00,0.000000e+00,0.000000e+00,0.000000e+00,0.000000e+00,0.000000e+00,0.000000e+00,0.000000e+00,0.000000e+00,0.000000e+00,0.000000e+00,0.000000e+00
1.000000e+00,0.000000e+00,0.000000e+00,0.000000e+00,0.000000e+00,0.000000e+00,0.000000e+00,0.000000e+00,0.000000e+00,0.000000e+00,0.000000e+00,0.000000e+00,0.000000e+00,0.000000e+00,0.000000e+00
1.000000e+00,0.000000e+00,0.000000e+00,0.000000e+00,0.000000e+00,0.000000e+00,0.000000e+00,0.000000e+00,0.000000e+00,0.000000e+00,0.000000e+00,0.000000e+00,0.000000e+00,0.000000e+00,0.000000e+00
1.000000e+00,0.000000e+00,0.000000e+00,0.000000e+00,0.000000e+00,0.000000e+00,0.000000e+00,0.000000e+00,0.000000e+00,0.000000e+00,0.000000e+00,0.000000e+00,0.000000e+00,0.000000e+00,0.000000e+00
1.000000e+00,0.000000e+00,0.000000e+00,0.000000e+00,0.000000e+00,0.000000e+00,0.000000e+00,0.000000e+00,0.000000e+00,0.000000e+00,0.000000e+00,0.000000e+00,0.000000e+00,0.000000e+00,0.000000e+00
1.000000e+00,0.000000e+00,0.000000e+00,0.000000e+00,0.000000e+00,0.000000e+00,0.000000e+00,0.000000e+00,0.000000e+00,0.000000e+00,0.000000e+00,0.000000e+00,0.000000e+00,0.000000e+00,0.000000e+00
1.000000e+00,0.000000e+00,0.000000e+00,0.000000e+00,0.000000e+00,0.000000e+00,0.000000e+00,0.000000e+00,0.000000e+00,0.000000e+00,0.000000e+00,0.000000e+00,0.000000e+00,0.000000e+00,0.000000e+00
1.000000e+00,0.000000e+00,0.000000e+00,0.000000e+00,0.000000e+00,0.000000e+00,0.000000e+00,0.000000e+00,0.000000e+00,0.000000e+00,0.000000e+00,0.000000e+00,0.000000e+00,0.000000e+00,0.000000e+00
1.000000e+00,0.000000e+00,0.000000e+00,0.000000e+00,0.000000e+00,0.000000e+00,0.000000e+00,0.000000e+00,0.000000e+00,0.000000e+00,0.000000e+00,0.000000e+00,0.000000e+00,0.000000e+00,0.000000e+00
1.000000e+00,0.000000e+00,0.000000e+00,0.000000e+00,0.000000e+00,0.000000e+00,0.000000e+00,0.000000e+00,0.000000e+00,0.000000e+00,0.000000e+00,0.000000e+00,0.000000e+00,0.000000e+00,0.000000e+00
1.000000e+00,0.000000e+00,0.000000e+00,0.000000e+00,0.000000e+00,0.000000e+00,0.000000e+00,0.000000e+00,0.000000e+00,0.000000e+00,0.000000e+00,0.000000e+00,0.000000e+00,0.000000e+00,0.000000e+00
1.000000e+00,0.000000e+00,0.000000e+00,0.000000e+00,0.000000e+00,0.000000e+00,0.000000e+00,0.000000e+00,0.000000e+00,0.000000e+00,0.000000e+00,0.000000e+00,0.000000e+00,0.000000e+00,0.000000e+00
1.000000e+00,0.000000e+00,0.000000e+00,0.000000e+00,0.000000e+00,0.000000e+00,0.000000e+00,0.000000e+00,0.000000e+00,0.000000e+00,0.000000e+00,0.000000e+00,0.000000e+00,0.000000e+00,0.000000e+00
1.000000e+00,0.000000e+00,0.000000e+00,0.000000e+00,0.000000e+00,0.000000e+00,0.000000e+00,0.000000e+00,0.000000e+00,0.000000e+00,0.000000e+00,0.000000e+00,0.000000e+00,0.000000e+00,0.000000e+00
1.000000e+00,0.000000e+00,0.000000e+00,0.000000e+00,0.000000e+00,0.000000e+00,0.000000e+00,0.000000e+00,0.000000e+00,0.000000e+00,0.000000e+00,0.000000e+00,0.000000e+00,0.000000e+00,0.000000e+00
1.000000e+00,0.000000e+00,0.000000e+00,0.000000e+00,0.000000e+00,0.000000e+00,0.000000e+00,0.000000e+00,0.000000e+00,0.000000e+00,0.000000e+00,0.000000e+00,0.000000e+00,0.000000e+00,0.000000e+00
1.000000e+00,0.000000e+00,0.000000e+00,0.000000e+00,0.000000e+00,0.000000e+00,0.000000e+00,0.000000e+00,0.000000e+00,0.000000e+00,0.000000e+00,0.000000e+00,0.000000e+00,0.000000e+00,0.000000e+00
1.000000e+00,0.000000e+00,0.000000e+00,0.000000e+00,0.000000e+00,0.000000e+00,0.000000e+00,0.000000e+00,0.000000e+00,0.000000e+00,0.000000e+00,0.000000e+00,0.000000e+00,0.000000e+00,0.000000e+00
1.000000e+00,0.000000e+00,0.000000e+00,0.000000e+00,0.000000e+00,0.000000e+00,0.000000e+00,0.000000e+00,0.000000e+00,0.000000e+00,0.000000e+00,0.000000e+00,0.000000e+00,0.000000e+00,0.000000e+00
1.000000e+00,0.000000e+00,0.000000e+00,0.000000e+00,0.000000e+00,0.000000e+00,0.000000e+00,0.000000e+00,0.000000e+00,0.000000e+00,0.000000e+00,0.000000e+00,0.000000e+00,0.000000e+00,0.000000e+00
1.000000e+00,0.000000e+00,0.000000e+00,0.000000e+00,0.000000e+00,0.000000e+00,0.000000e+00,0.000000e+00,0.000000e+00,0.000000e+00,0.000000e+00,0.000000e+00,0.000000e+00,0.000000e+00,0.000000e+00
1.000000e+00,0.000000e+00,0.000000e+00,0.000000e+00,0.000000e+00,0.000000e+00,0.000000e+00,0.000000e+00,0.000000e+00,0.000000e+00,0.000000e+00,0.000000e+00,0.000000e+00,0.000000e+00,0.000000e+00
1.000000e+00,0.000000e+00,0.000000e+00,0.000000e+00,0.000000e+00,0.000000e+00,0.000000e+00,0.000000e+00,0.000000e+00,0.000000e+00,0.000000e+00,0.000000e+00,0.000000e+00,0.000000e+00,0.000000e+00
1.000000e+00,0.000000e+00,0.000000e+00,0.000000e+00,0.000000e+00,0.000000e+00,0.000000e+00,0.000000e+00,0.000000e+00,0.000000e+00,0.000000e+00,0.000000e+00,0.000000e+00,0.000000e+00,0.000000e+00
1.000000e+00,0.000000e+00,0.000000e+00,0.000000e+00,0.000000e+00,0.000000e+00,0.000000e+00,0.000000e+00,0.000000e+00,0.000000e+00,0.000000e+00,0.000000e+00,0.000000e+00,0.000000e+00,0.000000e+00
1.000000e+00,0.000000e+00,0.000000e+00,0.000000e+00,0.000000e+00,0.000000e+00,0.000000e+00,0.000000e+00,0.000000e+00,0.000000e+00,0.000000e+00,0.000000e+00,0.000000e+00,0.000000e+00,0.000000e+00
1.000000e+00,0.000000e+00,0.000000e+00,0.000000e+00,0.000000e+00,0.000000e+00,0.000000e+00,0.000000e+00,0.000000e+00,0.000000e+00,0.000000e+00,0.000000e+00,0.000000e+00,0.000000e+00,0.000000e+00
1.000000e+00,0.000000e+00,0.000000e+00,0.000000e+00,0.000000e+00,0.000000e+00,0.000000e+00,0.000000e+00,0.000000e+00,0.000000e+00,0.000000e+00,0.000000e+00,0.000000e+00,0.000000e+00,0.000000e+00
1.000000e+00,0.000000e+00,0.000000e+00,0.000000e+00,0.000000e+00,0.000000e+00,0.000000e+00,0.000000e+00,0.000000e+00,0.000000e+00,0.000000e+00,0.000000e+00,0.000000e+00,0.000000e+00,0.000000e+00
1.000000e+00,0.000000e+00,0.000000e+00,0.000000e+00,0.000000e+00,0.000000e+00,0.000000e+00,0.000000e+00,0.000000e+00,0.000000e+00,0.000000e+00,0.000000e+00,0.000000e+00,0.000000e+00,0.000000e+00
1.000000e+00,0.000000e+00,0.000000e+00,0.000000e+00,0.000000e+00,0.000000e+00,0.000000e+00,0.000000e+00,0.000000e+00,0.000000e+00,0.000000e+00,0.000000e+00,0.000000e+00,0.000000e+00,0.000000e+00
1.000000e+00,0.000000e+00,0.000000e+00,0.000000e+00,0.000000e+00,0.000000e+00,0.000000e+00,0.000000e+00,0.000000e+00,0.000000e+00,0.000000e+00,0.000000e+00,0.000000e+00,0.000000e+00,0.000000e+00
1.000000e+00,0.000000e+00,0.000000e+00,0.000000e+00,0.000000e+00,0.000000e+00,0.000000e+00,0.000000e+00,0.000000e+00,0.000000e+00,0.000000e+00,0.000000e+00,0.000000e+00,0.000000e+00,0.000000e+00
1.000000e+00,0.000000e+00,0.000000e+00,0.000000e+00,0.000000e+00,0.000000e+00,0.000000e+00,0.000000e+00,0.000000e+00,0.000000e+00,0.000000e+00,0.000000e+00,0.000000e+00,0.000000e+00,0.000000e+00
1.000000e+00,0.000000e+00,0.000000e+00,0.000000e+00,0.000000e+00,0.000000e+00,0.000000e+00,0.000000e+00,0.000000e+00,0.000000e+00,0.000000e+00,0.000000e+00,0.000000e+00,0.000000e+00,0.000000e+00
1.000000e+00,0.000000e+00,0.000000e+00,0.000000e+00,0.000000e+00,0.000000e+00,0.000000e+00,0.000000e+00,0.000000e+00,0.000000e+00,0.000000e+00,0.000000e+00,0.000000e+00,0.000000e+00,0.000000e+00
1.000000e+00,0.000000e+00,0.000000e+00,0.000000e+00,0.000000e+00,0.000000e+00,0.000000e+00,0.000000e+00,0.000000e+00,0.000000e+00,0.000000e+00,0.000000e+00,0.000000e+00,0.000000e+00,0.000000e+00
1.000000e+00,0.000000e+00,0.000000e+00,0.000000e+00,0.000000e+00,0.000000e+00,0.000000e+00,0.000000e+00,0.000000e+00,0.000000e+00,0.000000e+00,0.000000e+00,0.000000e+00,0.000000e+00,0.000000e+00
1.000000e+00,0.000000e+00,0.000000e+00,0.000000e+00,0.000000e+00,0.000000e+00,0.000000e+00,0.000000e+00,0.000000e+00,0.000000e+00,0.000000e+00,0.000000e+00,0.000000e+00,0.000000e+00,0.000000e+00
1.000000e+00,0.000000e+00,0.000000e+00,0.000000e+00,0.000000e+00,0.000000e+00,0.000000e+00,0.000000e+00,0.000000e+00,0.000000e+00,0.000000e+00,0.000000e+00,0.000000e+00,0.000000e+00,0.000000e+00
1.000000e+00,0.000000e+00,0.000000e+00,0.000000e+00,0.000000e+00,0.000000e+00,0.000000e+00,0.000000e+00,0.000000e+00,0.000000e+00,0.000000e+00,0.000000e+00,0.000000e+00,0.000000e+00,0.000000e+00
1.000000e+00,0.000000e+00,0.000000e+00,0.000000e+00,0.000000e+00,0.000000e+00,0.000000e+00,0.000000e+00,0.000000e+00,0.000000e+00,0.000000e+00,0.000000e+00,0.000000e+00,0.000000e+00,0.000000e+00
1.000000e+00,0.000000e+00,0.000000e+00,0.000000e+00,0.000000e+00,0.000000e+00,0.000000e+00,0.000000e+00,0.000000e+00,0.000000e+00,0.000000e+00,0.000000e+00,0.000000e+00,0.000000e+00,0.000000e+00
1.000000e+00,0.000000e+00,0.000000e+00,0.000000e+00,0.000000e+00,0.000000e+00,0.000000e+00,0.000000e+00,0.000000e+00,0.000000e+00,0.000000e+00,0.000000e+00,0.000000e+00,0.000000e+00,0.000000e+00
1.000000e+00,0.000000e+00,0.000000e+00,0.000000e+00,0.000000e+00,0.000000e+00,0.000000e+00,0.000000e+00,0.000000e+00,0.000000e+00,0.000000e+00,0.000000e+00,0.000000e+00,0.000000e+00,0.000000e+00
1.000000e+00,0.000000e+00,0.000000e+00,0.000000e+00,0.000000e+00,0.000000e+00,0.000000e+00,0.000000e+00,0.000000e+00,0.000000e+00,0.000000e+00,0.000000e+00,0.000000e+00,0.000000e+00,0.000000e+00
3.700882e-01,1.417007e-02,2.223997e-02,2.660103e-02,5.411127e-03,1.970186e-02,2.395200e-03,4.390746e-02,3.788610e-02,4.079969e-03,2.248432e-01,1.521607e-02,7.055833e-03,1.395380e-01,6.686591e-02
2.592224e-01,1.037084e-02,1.610189e-02,1.961079e-02,3.861354e-03,1.444015e-02,1.708115e-03,3.086280e-02,5.158640e-02,3.368580e-03,3.675414e-01,1.380152e-02,5.025782e-03,1.501106e-01,5.238736e-02
1.816145e-01,7.646449e-03,1.141496e-02,1.462910e-02,2.777908e-03,1.101926e-02,1.222127e-03,2.171813e-02,5.058597e-02,2.571158e-03,5.212522e-01,1.443491e-02,3.641260e-03,1.160381e-01,3.943397e-02
1.273332e-01,5.507133e-03,8.083644e-03,1.064449e-02,2.161551e-03,8.271572e-03,9.178541e-04,1.543638e-02,4.107052e-02,2.021641e-03,6.230448e-01,1.875051e-02,2.800694e-03,1.054250e-01,2.853099e-02
8.918579e-02,3.934031e-03,5.723472e-03,7.643556e-03,2.748075e-03,6.508109e-03,8.206672e-04,1.098051e-02,2.944651e-02,1.527154e-03,6.965566e-01,3.602503e-02,2.283972e-03,8.651859e-02,2.009792e-02
6.248532e-02,2.801211e-03,4.043045e-03,5.569354e-03,3.543772e-03,5.054747e-03,7.492576e-04,7.815842e-03,2.105853e-02,1.175132e-03,7.528834e-01,4.435717e-02,2.004607e-03,7.232456e-02,1.413398e-02
4.375636e-02,2.008982e-03,2.874699e-03,3.983197e-03,3.857211e-03,3.780869e-03,5.542852e-04,5.515417e-03,1.584110e-02,1.105208e-03,7.873116e-01,4.831857e-02,1.577444e-03,6.955168e-02,9.963326e-03
3.065529e-02,1.428124e-03,2.062779e-03,2.842041e-03,4.029103e-03,2.837984e-03,4.456903e-04,3.944231e-03,1.156321e-02,9.930022e-04,7.824569e-01,5.029182e-02,1.307311e-03,9.814109e-02,7.001366e-03
2.147457e-02,1.097604e-03,1.543777e-03,2.087652e-03,1.396860e-02,2.058274e-03,3.835231e-04,2.811330e-03,1.529492e-02,1.123643e-03,6.936956e-01,4.936394e-02,1.129745e-03,1.890131e-01,4.953661e-03
1.513899e-02,8.959497e-04,1.534009e-03,1.658231e-03,1.185101e-02,2.047124e-03,3.675575e-04,2.424654e-03,1.526526e-02,1.181453e-03,6.921017e-01,4.115779e-02,1.014566e-03,2.098529e-01,3.508723e-03
1.066141e-02,7.812409e-04,1.293174e-03,1.270977e-03,9.739184e-03,1.644755e-03,2.997102e-04,1.858316e-03,2.611468e-02,1.597330e-03,6.631466e-01,4.210249e-02,9.872195e-04,2.360216e-01,2.481297e-03
7.515997e-03,7.545692e-04,9.799554e-04,1.289273e-03,1.304037e-02,1.512800e-03,3.740765e-04,1.826129e-03,2.913819e-02,2.371304e-03,6.813177e-01,4.240303e-02,1.020879e-03,2.146824e-01,1.773317e-03
5.366181e-03,1.271823e-03,8.226110e-04,1.366115e-03,2.020475e-02,2.161810e-03,3.956155e-04,2.266240e-03,3.230584e-02,2.680811e-03,6.726305e-01,4.147699e-02,8.355759e-04,2.149300e-01,1.285059e-03
4.094514e-03,4.461022e-03,1.302254e-03,3.761870e-03,4.571666e-02,3.281025e-03,3.411478e-04,4.217567e-02,1.118539e-01,4.935820e-03,5.499361e-01,3.930338e-02,1.487567e-03,1.862745e-01,1.074482e-03
2.893786e-03,7.467511e-03,9.534157e-04,2.854440e-03,3.702844e-02,3.421271e-03,2.513603e-04,3.036342e-02,3.657824e-01,3.493405e-03,3.854982e-01,2.770431e-02,1.064508e-03,1.304675e-01,7.559943e-04
2.080474e-03,9.272533e-03,7.762408e-04,2.554236e-03,3.362544e-02,4.397510e-03,1.829058e-04,2.151228e-02,5.409156e-01,2.468975e-03,2.700635e-01,1.949955e-02,7.639516e-04,9.134799e-02,5.388576e-04
1.639111e-03,1.101648e-02,6.501600e-04,5.532891e-03,6.536952e-02,2.771077e-02,1.407566e-04,1.534788e-02,6.027920e-01,1.787519e-03,1.891031e-01,1.368531e-02,5.763088e-04,6.396126e-02,6.870029e-04
1.429204e-03,1.038770e-02,5.698723e-04,8.418798e-03,8.467581e-02,3.136047e-02,1.176906e-04,1.149582e-02,6.617680e-01,1.354311e-03,1.324074e-01,9.632996e-03,4.678832e-04,4.478876e-02,1.125362e-03
1.655814e-03,1.283620e-02,6.303807e-04,2.524644e-02,9.339234e-02,4.139113e-02,1.591054e-04,9.870831e-03,6.771009e-01,1.236734e-03,9.283133e-02,6.978329e-03,1.179891e-03,3.139266e-02,4.097897e-03
3.221046e-03,2.049959e-02,8.039152e-04,2.618352e-02,1.004287e-01,7.141995e-02,4.874019e-04,2.008339e-02,6.583253e-01,1.042812e-03,6.511804e-02,5.007410e-03,1.400799e-03,2.201163e-02,3.966491e-03
4.925346e-03,3.596487e-02,1.753934e-03,5.648648e-02,9.076536e-02,1.235797e-01,6.912170e-04,3.255285e-02,5.760106e-01,1.788625e-03,4.590279e-02,3.759821e-03,1.929787e-03,1.544693e-02,8.441745e-03
1.242510e-02,5.915661e-02,2.035146e-03,5.788725e-02,7.914835e-02,1.480128e-01,7.842374e-04,3.755017e-02,5.422984e-01,2.736325e-03,3.245073e-02,2.761394e-03,2.597293e-03,1.083802e-02,9.318108e-03
2.884537e-02,4.650824e-02,2.665604e-03,5.090639e-02,1.214621e-01,1.954566e-01,2.008131e-03,4.050461e-02,4.663250e-01,2.325329e-03,2.292408e-02,2.000461e-03,2.120762e-03,7.605424e-03,8.341968e-03
4.937476e-02,5.426931e-02,3.067231e-03,4.776857e-02,1.322198e-01,1.681203e-01,1.805566e-03,3.662460e-02,4.679815e-01,2.072254e-03,1.626366e-02,1.634029e-03,1.836514e-03,5.364705e-03,1.159728e-02
5.332485e-02,6.039809e-02,3.191565e-03,4.359905e-02,1.540807e-01,1.295080e-01,1.685320e-03,4.521418e-02,4.784561e-01,1.944445e-03,1.158401e-02,1.258046e-03,1.451723e-03,3.807343e-03,1.049657e-02
5.883685e-02,7.916207e-02,6.546436e-03,6.108942e-02,1.541690e-01,1.058517e-01,2.091265e-03,6.075953e-02,4.453415e-01,1.813924e-03,8.315627e-03,9.934840e-04,1.211048e-03,2.728644e-03,1.108949e-02
4.919787e-02,7.734287e-02,1.408264e-02,2.525000e-01,1.233987e-01,7.462011e-02,1.596675e-03,5.193852e-02,3.282037e-01,1.807288e-03,6.082358e-03,8.828344e-04,9.691813e-04,1.927232e-03,1.545008e-02
6.484114e-02,8.703621e-02,1.253795e-02,2.118265e-01,1.023630e-01,6.199579e-02,1.341757e-03,4.237669e-02,3.862986e-01,1.549265e-03,4.793956e-03,8.868921e-04,8.229609e-04,1.431227e-03,1.989813e-02
5.683019e-02,6.869631e-02,3.152822e-02,3.599411e-01,8.029000e-02,4.509720e-02,1.009754e-03,4.777072e-02,2.812515e-01,1.467810e-03,4.659057e-03,9.211527e-04,7.835053e-04,1.099053e-03,1.865442e-02
4.101567e-02,5.163667e-02,2.624236e-02,4.901854e-01,5.903834e-02,3.495303e-02,8.532645e-04,3.380753e-02,2.065112e-01,4.355079e-03,2.043367e-02,1.404171e-03,1.147237e-02,9.073225e-04,1.718387e-02
2.892157e-02,3.755806e-02,2.053217e-02,5.607663e-01,4.292791e-02,2.557645e-02,7.179507e-04,2.400465e-02,1.501964e-01,4.057038e-03,2.374833e-02,3.202288e-03,6.426866e-02,6.587156e-04,1.286350e-02
2.034618e-02,2.641338e-02,1.478854e-02,4.413767e-01,3.036798e-02,1.803786e-02,5.111401e-04,1.683962e-02,1.054359e-01,2.880513e-03,1.714415e-02,2.583284e-03,2.936772e-01,4.618983e-04,9.135747e-03
1.445722e-02,1.860472e-02,1.046908e-02,3.168223e-01,2.174579e-02,1.281789e-02,3.697802e-04,1.182041e-02,7.404027e-02,2.030388e-03,1.204634e-02,2.000161e-03,4.959946e-01,3.241582e-04,6.456973e-03
1.033795e-02,1.304097e-02,7.360225e-03,2.219707e-01,1.539505e-02,9.889458e-03,3.525697e-04,8.380895e-03,5.199075e-02,1.429736e-03,8.599601e-03,3.000492e-03,6.434625e-01,2.346138e-04,4.554572e-03
7.387096e-03,9.137334e-03,5.169449e-03,1.554244e-01,1.082589e-02,1.008685e-02,3.674708e-04,6.156969e-03,3.643410e-02,1.003441e-03,6.072912e-03,4.211704e-03,7.443402e-01,1.652950e-04,3.216888e-03
5.251205e-03,6.399363e-03,3.620281e-03,1.088108e-01,7.609802e-03,7.408194e-03,2.686470e-04,4.366642e-03,2.551206e-02,7.026575e-04,4.269983e-03,3.800734e-03,8.196064e-01,1.160839e-04,2.257178e-03
4.347508e-03,4.526346e-03,2.580734e-03,7.618997e-02,5.887499e-03,9.373752e-03,4.282940e-04,3.844627e-03,1.850070e-02,4.950529e-04,3.081321e-03,9.646038e-03,8.593689e-01,1.113753e-04,1.617947e-03
8.318549e-03,3.374763e-03,2.014010e-03,5.343855e-02,6.687474e-03,1.908058e-02,8.557634e-04,5.646599e-03,1.609479e-02,3.594648e-04,2.544247e-03,2.526915e-02,8.549138e-01,1.681529e-04,1.234153e-03
1.541944e-02,2.792931e-03,1.619317e-03,3.745067e-02,8.281359e-03,4.831509e-02,8.323903e-04,5.085179e-03,1.519094e-02,3.009254e-04,2.741352e-03,3.438176e-02,8.263868e-01,2.453334e-04,9.564799e-04
1.270648e-02,1.100751e-02,1.541756e-03,2.626470e-02,1.540784e-02,8.499034e-02,9.525337e-04,4.100064e-03,4.312818e-02,2.705573e-04,2.948280e-03,2.983255e-02,7.657929e-01,2.628112e-04,7.934761e-04
1.080107e-02,1.265355e-02,1.720028e-03,1.847810e-02,2.391258e-02,7.698292e-02,1.286745e-03,4.159085e-03,5.100939e-02,2.698608e-04,2.710035e-03,2.745271e-02,7.675959e-01,2.693359e-04,6.986617e-04
8.322647e-03,3.263544e-02,1.644908e-03,1.301297e-02,1.750867e-02,1.288531e-01,1.009608e-03,4.152424e-03,9.263294e-02,3.528005e-04,3.124765e-03,2.964800e-02,6.658058e-01,3.057351e-04,9.903130e-04
7.480772e-03,3.776856e-02,1.682732e-03,9.316898e-03,1.363389e-02,1.449837e-01,8.188228e-04,6.265949e-03,1.501279e-01,3.679219e-04,3.175324e-03,2.375762e-02,5.992718e-01,2.907074e-04,1.057542e-03
9.060223e-03,4.376220e-02,2.361191e-03,6.778767e-03,1.233038e-02,1.468130e-01,1.378788e-03,1.029776e-02,1.962533e-01,6.814400e-04,2.944296e-03,2.170206e-02,5.440567e-01,4.497962e-04,1.130029e-03
7.729270e-03,1.073186e-01,2.150322e-03,4.808405e-03,1.101922e-02,1.141144e-01,1.554799e-03,8.023294e-03,3.008921e-01,5.117132e-04,2.292312e-03,1.564616e-02,4.225970e-01,3.246988e-04,1.017801e-03
6.151339e-03,1.686455e-01,1.854198e-03,3.410963e-03,1.119007e-02,8.432434e-02,1.684126e-03,5.991646e-03,3.984193e-01,3.836394e-04,1.709676e-03,1.102191e-02,3.040690e-01,2.323096e-04,9.120677e-04
6.829577e-03,1.549165e-01,1.731213e-03,2.507200e-03,3.103872e-02,6.317473e-02,2.142758e-02,9.472169e-03,4.773125e-01,3.438902e-04,1.313294e-03,7.820195e-03,2.211134e-01,1.666750e-04,8.324008e-04
7.691941e-03,1.395947e-01,1.614972e-03,2.121873e-03,4.081495e-02,4.983063e-02,2.302030e-02,1.129692e-02,5.566862e-01,4.043728e-04,1.136586e-03,5.586502e-03,1.590995e-01,1.257403e-04,9.749041e-04
1.105759e-02,1.180762e-01,2.090887e-03,3.982930e-03,7.016382e-02,3.614274e-02,2.465920e-02,1.458163e-01,4.685712e-01,3.750456e-04,1.093847e-03,4.057402e-03,1.127462e-01,1.034152e-04,1.063102e-03
2.135392e-02,8.791180e-02,2.199444e-03,3.473562e-03,8.784855e-02,2.735636e-02,2.390653e-02,3.093896e-01,3.516847e-01,2.972691e-04,9.263470e-04,2.938780e-03,7.967021e-02,9.268522e-05,9.502135e-04
3.184015e-02,6.460040e-02,2.177219e-03,3.165293e-03,8.646881e-02,2.042019e-02,4.615415e-02,3.902009e-01,2.931364e-01,2.717155e-04,9.756347e-04,2.268958e-03,5.728224e-02,9.023301e-05,9.478113e-04
2.949912e-02,4.650677e-02,2.039020e-03,2.722800e-03,7.119800e-02,1.586473e-02,3.728604e-02,5.368150e-01,2.139619e-01,2.155697e-04,8.410949e-04,1.666132e-03,4.054734e-02,7.620946e-05,7.602184e-04
2.546085e-02,3.287948e-02,1.957910e-03,2.148245e-03,5.602289e-02,1.246477e-02,2.786049e-02,6.578984e-01,1.517994e-01,1.674014e-04,6.798859e-04,1.217589e-03,2.879276e-02,5.932185e-05,5.905642e-04
3.556348e-02,2.660026e-02,4.001140e-03,3.744050e-03,4.289151e-02,1.197217e-02,2.007582e-02,7.015846e-01,1.083209e-01,1.177169e-03,9.131486e-03,4.632274e-03,2.592792e-02,1.175084e-03,3.202164e-03
4.467647e-02,3.010280e-02,5.839724e-03,8.410592e-03,4.575007e-02,1.110215e-02,1.573373e-02,7.162140e-01,8.505879e-02,1.236982e-03,7.904936e-03,4.501169e-03,1.900222e-02,9.843596e-04,3.481970e-03
4.669670e-02,2.281736e-02,8.550920e-03,1.297397e-02,5.293153e-02,1.113010e-02,1.215915e-02,7.367892e-01,6.286538e-02,1.334067e-03,7.388608e-03,4.774666e-03,1.548626e-02,8.924460e-04,3.209583e-03
5.550192e-02,1.809829e-02,1.226070e-02,1.065708e-02,5.510423e-02,1.218468e-02,9.889948e-03,7.539129e-01,4.597390e-02,1.210826e-03,6.163348e-03,3.982437e-03,1.153715e-02,7.811381e-04,2.741450e-03
6.612779e-02,1.348197e-02,1.322445e-02,8.732753e-03,4.933141e-02,1.091982e-02,9.301366e-03,7.739333e-01,3.408192e-02,1.044175e-03,4.870301e-03,3.345348e-03,8.600183e-03,6.769355e-04,2.328241e-03
8.458625e-02,1.081680e-02,2.923870e-02,8.361315e-03,4.028369e-02,2.388125e-02,1.904646e-02,7.397408e-01,2.458166e-02,9.781865e-04,3.831828e-03,2.882292e-03,8.567978e-03,6.126020e-04,2.590183e-03
1.349065e-01,8.174861e-03,2.866476e-02,7.977807e-03,3.167571e-02,4.033355e-02,2.026335e-02,6.872718e-01,1.824032e-02,9.287696e-04,3.295362e-03,4.770019e-03,9.381461e-03,7.069764e-04,3.408758e-03
1.401295e-01,6.750884e-03,3.850649e-02,8.698745e-03,2.613718e-02,5.625617e-02,2.639889e-02,6.473767e-01,1.402658e-02,2.013995e-03,3.315418e-03,6.713509e-03,1.675167e-02,9.895330e-04,5.934739e-03
9.870569e-02,5.465354e-03,3.338729e-02,8.849885e-03,1.939443e-02,4.117260e-02,2.307327e-02,4.990208e-01,1.403643e-02,7.660706e-02,1.009703e-01,3.779144e-02,2.303201e-02,1.194895e-02,6.544527e-03
6.931490e-02,4.268765e-03,4.066214e-02,7.267350e-03,1.392166e-02,2.975008e-02,5.567887e-02,3.576431e-01,1.080864e-02,1.763718e-01,8.259069e-02,1.134584e-01,2.332171e-02,9.738796e-03,5.203099e-03
4.894945e-02,3.116421e-03,2.951674e-02,5.671536e-03,1.091583e-02,2.240939e-02,7.852590e-02,2.520874e-01,8.711663e-03,1.540164e-01,1.066371e-01,2.505546e-01,1.689897e-02,8.057531e-03,3.931028e-03
3.462030e-02,2.284104e-03,2.081907e-02,4.665937e-03,1.021546e-02,1.676885e-02,8.352484e-02,1.778548e-01,6.748541e-03,1.105860e-01,1.734841e-01,3.334281e-01,1.303658e-02,9.096762e-03,2.866529e-03
2.451395e-02,1.737942e-03,1.466270e-02,3.724655e-03,9.615190e-03,1.248699e-02,6.512913e-02,1.249160e-01,5.206014e-03,7.868510e-02,2.039139e-01,4.327967e-01,1.005532e-02,1.035888e-02,2.197561e-03
1.723099e-02,1.394112e-03,1.038774e-02,2.740196e-03,8.124942e-03,8.857978e-03,4.600270e-02,8.754418e-02,4.022707e-03,5.547761e-02,2.694185e-01,4.693433e-01,7.318143e-03,1.051262e-02,1.624175e-03
1.210886e-02,1.299397e-03,7.472715e-03,1.981665e-03,7.769015e-03,6.345731e-03,3.235335e-02,6.139000e-02,3.328771e-03,3.915162e-02,3.296514e-01,4.787747e-01,5.402513e-03,1.178686e-02,1.183391e-03
8.494106e-03,1.648960e-03,5.996255e-03,1.524535e-03,8.693861e-03,4.729096e-03,2.297982e-02,4.313032e-02,4.412241e-03,2.765678e-02,3.734697e-01,4.806870e-01,4.123287e-03,1.154792e-02,9.061170e-04
5.973089e-03,1.574082e-03,4.683374e-03,1.125490e-03,8.809550e-03,3.516416e-03,1.635133e-02,3.024788e-02,5.448923e-03,1.959691e-02,3.651105e-01,5.215216e-01,3.474130e-03,1.185414e-02,7.126073e-04
4.194866e-03,2.305639e-03,4.360480e-03,8.455855e-04,8.867243e-03,2.596491e-03,1.156079e-02,2.124197e-02,9.994596e-03,1.394325e-02,3.417063e-01,5.623338e-01,2.758377e-03,1.272243e-02,5.681684e-04
2.955276e-03,2.273550e-03,3.268213e-03,6.245549e-04,6.831085e-03,1.975259e-03,8.128976e-03,1.490633e-02,1.159215e-02,1.002542e-02,3.837281e-01,5.376157e-01,2.223328e-03,1.341953e-02,4.325294e-04
2.094651e-03,7.443369e-03,3.098879e-03,4.795069e-04,6.052204e-03,1.791318e-03,5.750431e-03,1.052715e-02,3.948889e-02,7.434001e-03,3.749130e-01,5.245849e-01,1.903755e-03,1.404380e-02,3.941740e-04
1.511399e-03,6.748360e-03,2.519615e-03,5.058752e-04,8.014440e-03,1.915305e-03,4.180567e-03,7.443755e-03,8.617403e-02,6.630574e-03,4.154150e-01,4.428841e-01,1.815728e-03,1.367008e-02,5.711503e-04
1.102742e-03,4.936228e-03,1.881496e-03,5.822154e-04,9.167020e-03,2.536959e-03,3.291010e-03,5.509060e-03,7.240004e-02,5.449981e-03,5.319299e-01,3.458643e-01,1.646375e-03,1.315641e-02,5.462699e-04
8.544995e-04,3.980581e-03,1.590632e-03,5.342487e-04,8.876096e-03,3.460522e-03,2.951552e-03,4.941760e-03,6.903099e-02,4.581676e-03,6.035351e-01,2.808522e-01,1.755042e-03,1.250967e-02,5.455252e-04
9.099671e-04,6.779929e-03,1.771155e-03,5.088944e-04,7.909771e-03,3.916271e-03,2.689230e-03,5.257920e-03,8.859288e-02,4.987373e-03,6.302415e-01,2.276131e-01,1.663163e-03,1.625579e-02,9.030418e-04
1.758121e-03,7.224466e-03,2.931744e-03,1.162462e-03,1.407178e-02,3.577061e-03,4.289331e-03,1.182085e-01,1.146209e-01,4.232196e-03,4.884398e-01,2.117018e-01,1.707041e-03,2.534409e-02,7.306293e-04
2.557908e-03,1.162431e-02,2.968239e-03,1.402344e-03,2.490661e-02,7.630971e-03,4.145417e-03,1.160149e-01,2.848413e-01,3.353842e-03,3.635571e-01,1.525866e-01,1.360026e-03,2.244726e-02,6.031613e-04
1.847321e-03,1.539501e-02,2.173941e-03,1.241685e-03,1.897544e-02,8.442278e-03,2.917734e-03,8.137683e-02,4.863054e-01,2.439317e-03,2.547644e-01,1.068535e-01,9.590787e-04,1.585136e-02,4.565763e-04
1.380638e-03,1.401981e-02,1.599527e-03,1.080404e-03,1.986075e-02,9.650169e-03,2.079708e-03,5.710867e-02,6.261716e-01,1.739520e-03,1.783845e-01,7.480702e-02,6.758909e-04,1.110638e-02,3.354070e-04
2.170953e-03,1.170033e-02,1.395617e-03,1.821143e-03,7.970252e-02,2.213652e-02,1.736634e-03,4.803471e-02,6.437633e-01,1.241483e-03,1.250287e-01,5.240281e-02,7.490955e-04,7.802727e-03,3.134333e-04
5.305039e-03,9.970404e-03,1.702306e-03,6.765271e-03,9.578061e-02,2.428532e-02,1.354993e-03,3.868849e-02,6.819963e-01,1.084524e-03,8.839463e-02,3.698359e-02,1.000644e-03,5.773803e-03,9.139818e-04
1.106459e-02,8.525040e-03,1.433322e-03,7.456115e-03,9.510995e-02,1.828500e-02,1.144179e-03,3.379652e-02,7.250395e-01,9.137823e-04,6.368700e-02,2.678060e-02,1.302575e-03,4.363904e-03,1.097862e-03
3.320946e-02,9.823069e-03,2.030499e-03,8.812036e-03,1.231190e-01,1.587648e-02,9.545732e-04,3.517608e-02,6.992385e-01,7.269286e-04,4.604549e-02,1.899076e-02,1.139259e-03,3.560547e-03,1.297243e-03
2.735467e-02,7.787498e-03,1.596529e-03,8.307220e-03,3.342963e-01,1.151664e-02,8.835294e-04,3.183782e-02,5.251725e-01,5.335435e-04,3.253150e-02,1.342174e-02,9.521956e-04,2.583411e-03,1.224818e-03
2.258585e-02,5.677475e-03,1.337514e-03,6.421836e-03,5.204370e-01,1.110524e-02,7.768850e-04,2.409939e-02,3.688393e-01,3.911702e-04,2.434417e-02,9.565540e-03,1.380189e-03,1.855657e-03,1.182690e-03
2.777416e-02,4.315982e-03,1.330608e-03,4.877470e-03,6.313806e-01,1.045358e-02,6.213324e-04,1.813036e-02,2.607423e-01,4.843481e-04,2.747009e-02,7.121918e-03,2.066933e-03,1.453658e-03,1.776626e-03
5.073708e-02,3.604895e-03,1.161795e-03,4.792594e-03,5.585006e-01,1.091975e-02,1.555652e-03,1.349674e-02,1.929975e-01,1.630151e-03,1.187084e-01,1.003882e-02,1.886118e-02,1.410161e-03,1.158462e-02
3.603579e-02,2.634229e-03,9.221809e-04,9.228092e-03,4.706875e-01,8.727011e-03,1.716321e-03,1.001203e-02,1.434634e-01,3.232346e-03,2.261766e-01,4.374567e-02,3.073278e-02,2.615305e-03,1.007076e-02
2.543350e-02,1.962740e-03,6.765754e-04,9.467633e-03,3.535230e-01,6.391719e-03,1.551099e-03,7.209580e-03,1.036299e-01,3.249440e-03,3.795269e-01,6.487282e-02,2.974998e-02,3.695048e-03,9.060050e-03
1.833508e-02,1.776138e-03,6.809715e-04,9.301770e-03,2.539655e-01,5.556032e-03,1.326808e-03,5.142337e-03,7.886805e-02,2.890836e-03,4.547658e-01,1.346165e-01,2.244570e-02,3.854186e-03,6.474289e-03
1.306442e-02,1.462026e-03,6.393698e-04,7.914685e-03,1.830647e-01,4.754107e-03,1.051006e-03,3.668476e-03,5.731600e-02,3.229306e-03,5.124151e-01,1.861631e-01,1.638457e-02,4.228751e-03,4.644420e-03
9.705107e-03,1.387132e-03,7.022794e-04,6.130711e-03,1.306810e-01,5.211450e-03,7.740263e-04,2.733903e-03,4.301049e-02,3.997132e-03,5.316651e-01,2.412296e-01,1.206615e-02,7.402394e-03,3.303505e-03
7.231982e-03,1.265341e-03,6.094827e-04,4.778820e-03,9.257594e-02,4.664108e-03,5.547325e-04,1.990523e-03,3.440285e-02,4.008265e-03,5.440389e-01,2.816075e-01,8.770857e-03,1.115305e-02,2.347544e-03
6.912757e-03,1.437627e-03,6.023059e-04,3.847094e-03,6.704339e-02,4.614759e-03,4.232978e-04,1.503680e-03,2.789103e-02,1.044714e-02,5.622392e-01,2.894276e-01,6.655405e-03,1.519877e-02,1.755971e-03
5.760174e-03,6.641953e-03,2.158516e-03,3.716832e-03,5.359864e-02,4.510140e-03,3.398648e-04,1.755351e-03,2.456314e-02,1.296057e-02,5.364839e-01,3.089295e-01,5.274268e-03,3.154428e-02,1.762832e-03
5.872693e-03,7.839190e-03,2.235006e-03,2.957899e-03,3.979161e-02,3.928126e-03,2.479666e-04,1.416351e-03,2.223283e-02,1.396957e-02,5.201340e-01,3.082441e-01,4.181918e-03,6.532162e-02,1.627031e-03
6.571527e-03,2.701920e-02,5.822324e-03,2.231523e-03,2.923736e-02,3.719299e-03,1.829543e-04,1.420921e-03,2.920960e-02,1.109989e-02,5.532806e-01,2.571004e-01,3.341818e-03,6.841989e-02,1.342638e-03
4.682352e-03,2.030804e-02,5.657592e-03,1.668806e-03,2.099600e-02,2.837318e-03,1.356693e-04,1.152317e-03,3.919165e-02,7.935794e-03,6.467073e-01,1.950117e-01,2.368273e-03,5.031716e-02,1.029976e-03
3.299468e-03,1.487240e-02,4.234217e-03,1.205460e-03,1.485348e-02,2.049955e-03,9.619025e-05,8.356887e-04,3.701310e-02,5.597806e-03,7.363795e-01,1.408413e-01,1.665886e-03,3.630202e-02,7.534038e-04
2.377460e-03,1.078327e-02,4.725592e-03,1.097325e-03,1.065215e-02,2.104987e-03,7.708629e-05,1.028359e-03,3.575209e-02,4.033807e-03,7.991529e-01,1.003433e-01,1.173905e-03,2.612423e-02,5.734206e-04
1.728813e-03,7.653759e-03,3.462778e-03,8.149164e-04,7.503427e-03,1.639391e-03,5.654319e-05,7.971069e-04,3.626207e-02,2.896244e-03,8.447406e-01,7.158117e-02,8.332205e-04,1.960547e-02,4.243733e-04
1.303669e-03,5.484531e-03,2.580446e-03,6.579118e-04,5.298749e-03,1.222135e-03,4.498970e-05,7.677638e-04,3.169740e-02,2.106939e-03,8.829409e-01,5.056756e-02,5.885786e-04,1.443357e-02,3.047914e-04
9.551361e-04,3.857678e-03,1.861815e-03,5.079837e-04,3.727228e-03,8.798437e-04,3.465761e-05,5.676331e-04,2.646875e-02,1.531744e-03,9.131697e-01,3.549995e-02,4.147562e-04,1.030753e-02,2.154796e-04
7.422773e-04,2.803781e-03,1.362673e-03,3.993551e-04,2.642208e-03,6.320770e-04,2.670303e-05,4.290140e-04,2.186541e-02,1.143097e-03,9.352490e-01,2.487251e-02,2.915117e-04,7.382502e-03,1.578737e-04
1.606232e-03,2.274070e-03,1.441738e-03,1.959243e-03,7.390028e-03,6.116318e-04,2.879908e-05,1.372371e-03,7.887118e-02,1.291522e-03,8.797755e-01,1.746563e-02,2.178347e-04,5.343853e-03,3.503208e-04
3.787893e-03,2.840417e-03,1.414999e-03,3.353432e-03,1.055844e-02,5.656406e-04,3.186996e-05,3.191803e-03,1.455813e-01,1.468457e-03,8.096610e-01,1.228452e-02,1.684737e-04,4.255931e-03,8.357615e-04
4.096986e-03,3.552722e-03,1.289728e-03,3.561852e-03,1.274758e-02,5.974768e-04,2.988271e-05,5.328537e-03,2.870532e-01,2.282113e-03,6.651571e-01,8.619394e-03,1.261516e-04,3.680427e-03,1.876810e-03
7.734265e-03,4.678752e-03,1.425447e-03,4.488436e-03,2.167449e-02,8.750090e-04,3.600314e-05,1.248040e-02,3.353246e-01,2.835647e-03,5.944002e-01,6.205098e-03,1.235704e-04,4.158931e-03,3.559101e-03
1.715089e-02,4.793546e-03,2.326036e-03,8.631955e-03,3.090852e-02,1.869589e-03,5.725292e-05,1.844794e-02,3.559085e-01,3.574482e-03,5.377542e-01,4.802563e-03,1.916806e-04,4.320904e-03,9.261834e-03
2.586038e-02,7.690473e-03,2.965674e-03,9.187944e-03,6.755576e-02,4.407027e-03,1.454745e-04,1.838733e-02,3.647116e-01,2.684992e-03,4.785954e-01,3.867630e-03,2.697278e-04,5.326185e-03,8.344287e-03
4.658333e-02,1.412620e-02,2.794734e-03,7.793837e-03,7.593185e-02,1.111137e-02,1.851212e-04,1.620521e-02,3.500655e-01,1.983149e-03,4.557138e-01,2.948321e-03,3.998455e-04,6.533269e-03,7.624492e-03
7.280672e-02,2.524939e-02,3.651835e-03,6.134645e-03,6.751895e-02,2.090341e-02,2.953727e-04,1.652998e-02,2.930346e-01,1.562119e-03,4.553870e-01,2.257905e-03,5.461313e-04,2.281218e-02,1.130978e-02
1.430460e-01,4.439319e-02,6.750490e-03,8.002325e-03,5.452561e-02,1.954978e-02,1.059770e-03,1.927495e-02,2.549096e-01,1.493957e-03,3.686381e-01,4.338346e-03,3.004135e-03,3.693297e-02,3.408090e-02
1.676425e-01,6.044295e-02,1.049319e-02,1.987745e-02,4.908790e-02,2.323216e-02,4.322119e-03,3.030735e-02,2.122187e-01,3.054579e-03,2.713306e-01,7.914949e-03,5.405331e-03,3.728963e-02,9.738071e-02
1.768010e-01,7.229374e-02,2.287411e-02,6.511817e-02,4.498776e-02,2.207545e-02,4.073380e-03,2.519308e-02,1.620585e-01,3.292202e-03,1.920817e-01,8.743787e-03,5.673737e-03,3.199147e-02,1.627420e-01
2.370550e-01,9.148246e-02,2.987934e-02,7.214765e-02,4.659682e-02,2.204057e-02,3.480271e-03,1.974817e-02,1.354627e-01,3.696860e-03,1.362235e-01,8.905705e-03,4.955614e-03,2.590385e-02,1.624216e-01
2.273044e-01,1.086428e-01,4.621165e-02,1.466531e-01,4.581698e-02,1.883348e-02,3.050979e-03,1.512250e-02,1.027370e-01,3.541515e-03,9.820775e-02,8.640951e-03,4.448419e-03,1.957809e-02,1.512104e-01
2.143667e-01,8.068835e-02,9.483192e-02,2.461351e-01,3.590394e-02,1.461032e-02,2.499098e-03,1.482062e-02,7.413432e-02,3.318483e-03,7.184635e-02,9.769756e-03,6.085193e-03,1.655802e-02,1.144319e-01
1.558408e-01,7.213815e-02,1.102452e-01,2.154650e-01,2.609668e-02,1.094854e-02,1.780560e-03,1.044243e-02,6.299470e-02,4.515027e-03,5.663718e-02,7.390813e-03,4.856332e-03,2.343150e-02,2.372171e-01
1.095596e-01,6.161379e-02,9.513551e-02,3.619945e-01,1.984814e-02,7.815894e-03,1.293207e-03,7.446004e-03,4.720183e-02,3.625358e-03,8.594827e-02,1.099218e-02,3.835132e-03,1.700721e-02,1.666835e-01
7.763930e-02,4.863550e-02,7.845259e-02,4.154781e-01,1.501459e-02,5.917968e-03,9.411044e-04,5.385757e-03,3.474448e-02,2.773002e-03,8.284016e-02,9.994672e-02,2.945207e-03,1.211750e-02,1.171681e-01
5.469887e-02,3.435185e-02,5.609398e-02,3.078850e-01,1.067562e-02,4.602116e-03,6.619407e-04,3.839016e-03,2.452071e-02,2.077400e-03,8.476941e-02,3.230468e-01,2.162716e-03,8.508422e-03,8.210617e-02
3.833190e-02,2.405267e-02,3.928660e-02,2.160931e-01,8.507067e-03,3.889287e-03,4.647481e-04,2.704442e-03,1.740090e-02,1.476206e-03,7.087433e-02,5.118800e-01,1.574411e-03,5.980140e-03,5.748422e-02
2.686658e-02,1.683871e-02,2.750937e-02,1.515561e-01,1.009064e-02,4.753066e-03,3.285204e-04,1.904490e-03,1.236049e-02,1.048578e-03,6.099192e-02,6.401392e-01,1.146434e-03,4.220902e-03,4.024498e-02
1.883340e-02,1.179021e-02,1.926010e-02,1.062127e-01,2.017967e-02,5.528819e-03,2.450627e-04,1.364996e-03,8.946151e-03,7.397723e-04,5.067229e-02,7.242225e-01,8.398150e-04,2.989356e-03,2.817516e-02
1.320988e-02,8.257578e-03,1.348598e-02,7.450578e-02,3.435853e-02,6.804698e-03,1.806812e-04,9.889873e-04,6.689642e-03,5.212988e-04,4.494174e-02,7.735933e-01,6.166509e-04,2.118623e-03,1.972662e-02
9.285457e-03,5.868623e-03,9.562965e-03,5.258169e-02,1.326901e-01,6.180390e-03,1.374464e-04,7.084146e-04,5.029324e-03,4.915090e-04,4.421559e-02,7.172204e-01,4.639892e-04,1.599441e-03,1.396462e-02
6.544748e-03,4.122215e-03,6.721720e-03,3.682635e-02,1.023467e-01,4.486028e-03,1.049304e-04,5.228589e-04,3.601063e-03,3.854595e-04,3.272720e-02,7.902622e-01,3.524976e-04,1.213679e-03,9.782425e-03
4.651965e-03,2.906869e-03,4.725098e-03,2.578714e-02,7.524321e-02,3.278824e-03,8.260051e-05,4.189681e-04,2.536327e-03,3.093018e-04,2.484428e-02,8.471206e-01,2.798346e-04,9.627616e-04,6.852243e-03
3.340928e-03,2.171954e-03,3.426403e-03,1.806743e-02,7.976072e-02,2.966289e-03,1.294932e-04,5.763674e-04,2.035906e-03,2.828624e-04,2.000786e-02,8.610494e-01,2.599459e-04,1.118663e-03,4.805838e-03
2.399770e-03,1.613118e-03,2.458367e-03,1.266804e-02,6.638880e-02,3.016195e-03,1.208354e-04,8.410658e-04,1.705428e-03,2.348020e-04,1.540261e-02,8.885707e-01,2.246123e-04,9.874941e-04,3.368264e-03
1.786896e-03,1.178406e-03,1.806554e-03,8.948791e-03,5.096173e-02,2.756145e-03,2.320207e-04,3.793927e-03,2.008496e-03,2.222990e-04,1.232822e-02,9.106096e-01,1.928339e-04,8.134847e-04,2.360630e-03
1.544400e-03,8.819744e-04,1.348403e-03,6.393491e-03,5.535958e-02,2.277718e-03,3.121130e-04,9.700388e-03,3.625180e-03,2.000312e-04,9.382503e-03,9.064333e-01,2.403532e-04,6.464818e-04,1.654087e-03
2.083498e-03,1.019782e-03,1.523371e-03,4.877151e-03,1.438362e-01,3.117203e-03,1.151582e-03,1.712252e-02,8.865282e-03,2.006276e-04,7.955003e-03,8.060852e-01,4.213995e-04,5.764464e-04,1.164787e-03
2.529219e-03,1.000030e-03,2.237993e-03,3.696989e-03,2.728879e-01,3.270145e-03,2.784069e-03,2.951843e-02,2.594778e-02,2.205622e-04,6.379276e-03,6.475304e-01,7.186153e-04,4.526610e-04,8.259613e-04
3.520526e-03,1.477618e-03,4.633958e-03,3.498087e-03,3.515246e-01,2.806973e-03,2.822025e-03,3.434899e-02,3.311073e-02,3.795914e-04,6.886615e-03,5.528459e-01,1.117888e-03,4.028275e-04,6.237162e-04
6.052580e-03,1.329961e-03,8.546642e-03,4.621517e-03,3.468795e-01,7.359284e-03,2.442013e-03,4.734238e-02,3.851015e-02,1.069907e-03,1.649760e-02,5.162572e-01,2.161882e-03,4.022065e-04,5.272037e-04
7.141226e-03,1.275973e-03,1.028598e-02,4.404159e-03,4.188267e-01,5.446480e-03,2.215142e-03,9.300176e-02,5.650789e-02,1.181558e-03,1.639941e-02,3.806271e-01,1.905471e-03,3.656361e-04,4.155929e-04
9.087118e-03,2.274461e-03,1.515738e-02,4.330512e-03,5.375810e-01,5.596308e-03,2.194038e-03,8.782172e-02,4.584706e-02,1.067336e-03,1.814464e-02,2.688017e-01,1.452022e-03,3.119861e-04,3.327314e-04
1.919270e-02,3.128862e-03,5.129936e-02,1.572070e-02,4.684621e-01,5.982183e-03,1.963280e-03,1.824202e-01,3.823237e-02,9.803247e-04,2.099642e-02,1.897310e-01,1.126252e-03,4.233510e-04,3.408809e-04
2.814224e-02,3.836150e-03,1.255725e-01,2.364611e-02,4.261376e-01,7.212282e-03,1.989598e-03,1.908855e-01,3.244211e-02,9.115360e-04,2.228808e-02,1.350862e-01,9.260039e-04,5.927007e-04,3.313429e-04
