1.000000e+00,0.000000e+00,0.000000e+00,0.000000e+00,0.000000e+00,0.000000e+00,0.000000e+00,0.000000e+00,0.000000e+00,0.000000e+00,0.000000e+00,0.000000e+00,0.000000e+00,0.000000e+00,0.000000e+00
1.000000e+00,0.000000e+00,0.000000e+00,0.000000e+00,0.000000e+00,0.000000e+00,0.000000e+00,0.000000e+00,0.000000e+00,0.000000e+00,0.000000e+00,0.000000e+00,0.000000e+00,0.000000e+00,0.000000e+00
1.000000e+00,0.000000e+00,0.000000e+00,0.000000e+00,0.000000e+00,0.000000e+00,0.000000e+00,0.000000e+00,0.000000e+00,0.000000e+00,0.000000e+00,0.000000e+00,0.000000e+00,0.000000e+00,0.000000e+00
1.000000e+00,0.000000e+00,0.000000e+00,0.000000e+00,0.000000e+00,0.000000e+00,0.000000e+00,0.000000e+00,0.000000e+00,0.000000e+00,0.000000e+00,0.000000e+00,0.000000e+00,0.000000e+00,0.000000e+00
1.000000e+00,0.000000e+00,0.000000e+00,0.000000e+00,0.000000e+00,0.000000e+00,0.000000e+00,0.000000e+00,0.000000e+00,0.000000e+00,0.000000e+00,0.000000e+00,0.000000e+00,0.000000e+00,0.000000e+00
1.000000e+00,0.000000e+00,0.000000e+00,0.000000e+00,0.000000e+00,0.000000e+00,0.000000e+00,0.000000e+00,0.000000e+00,0.000000e+00,0.000000e+00,0.000000e+00,0.000000e+00,0.000000e+00,0.000000e+00
1.000000e+00,0.000000e+00,0.000000e+00,0.000000e+00,0.000000e+00,0.000000e+00,0.000000e+00,0.000000e+00,0.000000e+00,0.000000e+00,0.000000e+00,0.000000e+00,0.000000e+00,0.000000e+00,0.000000e+00
1.000000e+00,0.000000e+00,0.000000e+00,0.000000e+00,0.000000e+00,0.000000e+00,0.000000e+00,0.000000e+00,0.000000e+00,0.000000e+00,0.000000e+00,0.000000e+00,0.000000e+00,0.000000e+00,0.000000e+00
1.000000e+00,0.000000e+00,0.000000e+00,0.000000e+00,0.000000e+00,0.000000e+00,0.000000e+00,0.000000e+00,0.000000e+00,0.000000e+00,0.000000e+00,0.000000e+00,0.000000e+00,0.000000e+00,0.000000e+00
1.000000e+00,0.000000e+00,0.000000e+00,0.000000e+00,0.000000e+00,0.000000e+00,0.000000e+00,0.000000e+00,0.000000e+00,0.000000e+00,0.000000e+00,0.000000e+00,0.000000e+00,0.000000e+00,0.000000e+00
1.000000e+00,0.000000e+00,0.000000e+00,0.000000e+00,0.000000e+00,0.000000e+00,0.000000e+00,0.000000e+00,0.000000e+00,0.000000e+00,0.000000e+00,0.000000e+00,0.000000e+00,0.000000e+00,0.000000e+00
1.000000e+00,0.000000e+00,0.000000e+00,0.000000e+00,0.000000e+00,0.000000e+00,0.000000e+00,0.000000e+00,0.000000e+00,0.000000e+00,0.000000e+00,0.000000e+00,0.000000e+00,0.000000e+00,0.000000e+00
1.000000e+00,0.000000e+00,0.000000e+00,0.000000e+00,0.000000e+00,0.000000e+00,0.000000e+00,0.000000e+00,0.000000e+00,0.000000e+00,0.000000e+00,0.000000e+00,0.000000e+00,0.000000e+00,0.000000e+00
1.000000e+00,0.000000e+00,0.000000e+00,0.000000e+00,0.000000e+00,0.000000e+00,0.000000e+00,0.000000e+00,0.000000e+00,0.000000e+00,0.000000e+00,0.000000e+00,0.000000e+00,0.000000e+00,0.000000e+00
1.000000e+00,0.000000e+00,0.000000e+00,0.000000e+00,0.000000e+00,0.000000e+00,0.000000e+00,0.000000e+00,0.000000e+00,0.000000e+00,0.000000e+00,0.000000e+00,0.000000e+00,0.000000e+00,0.000000e+00
1.000000e+00,0.000000e+00,0.000000e+00,0.000000e+00,0.000000e+00,0.000000e+00,0.000000e+00,0.000000e+00,0.000000e+00,0.000000e+00,0.000000e+00,0.000000e+00,0.000000e+00,0.000000e+00,0.000000e+00
1.000000e+00,0.000000e+00,0.000000e+00,0.000000e+00,0.000000e+00,0.000000e+00,0.000000e+00,0.000000e+00,0.000000e+00,0.000000e+00,0.000000e+00,0.000000e+00,0.000000e+00,0.000000e+00,0.000000e+00
1.000000e+00,0.000000e+00,0.000000e+00,0.000000e+00,0.000000e+00,0.000000e+00,0.000000e+00,0.000000e+00,0.000000e+00,0.000000e+00,0.000000e+00,0.000000e+00,0.000000e+00,0.000000e+00,0.000000e+00
1.000000e+00,0.000000e+00,0.000000e+00,0.000000e+00,0.000000e+00,0.000000e+00,0.000000e+00,0.000000e+00,0.000000e+00,0.000000e+00,0.000000e+00,0.000000e+00,0.000000e+00,0.000000e+00,0.000000e+00
1.000000e+00,0.000000e+00,0.000000e+00,0.000000e+00,0.000000e+00,0.000000e+00,0.000000e+00,0.000000e+00,0.000000e+00,0.000000e+00,0.000000e+00,0.000000e+00,0.000000e+00,0.000000e+00,0.000000e+00
1.000000e+00,0.000000e+00,0.000000e+00,0.000000e+00,0.000000e+00,0.000000e+00,0.000000e+00,0.000000e+00,0.000000e+00,0.000000e+00,0.000000e+00,0.000000e+00,0.000000e+00,0.000000e+00,0.000000e+00
1.000000e+00,0.000000e+00,0.000000e+00,0.000000e+00,0.000000e+00,0.000000e+00,0.000000e+00,0.000000e+00,0.000000e+00,0.000000e+00,0.000000e+00,0.000000e+00,0.000000e+00,0.000000e+00,0.000000e+00
1.000000e+00,0.000000e+00,0.000000e+00,0.000000e+00,0.000000e+00,0.000000e+00,0.000000e+00,0.000000e+00,0.000000e+00,0.000000e+00,0.000000e+00,0.000000e+00,0.000000e+00,0.000000e+00,0.000000e+00
1.000000e+00,0.000000e+00,0.000000e+00,0.000000e+00,0.000000e+00,0.000000e+00,0.000000e+00,0.000000e+00,0.000000e+00,0.000000e+00,0.000000e+00,0.000000e+00,0.000000e+00,0.000000e+00,0.000000e+00
1.000000e+00,0.000000e+00,0.000000e+00,0.000000e+00,0.000000e+00,0.000000e+00,0.000000e+00,0.000000e+00,0.000000e+00,0.000000e+00,0.000000e+00,0.000000e+00,0.000000e+00,0.000000e+00,0.000000e+00
1.000000e+00,0.000000e+00,0.000000e+00,0.000000e+00,0.000000e+00,0.000000e+00,0.000000e+00,0.000000e+00,0.000000e+00,0.000000e+00,0.000000e+00,0.000000e+00,0.000000e+00,0.000000e+00,0.000000e+00
1.000000e+00,0.000000e+00,0.000000e+00,0.000000e+00,0.000000e+00,0.000000e+00,0.000000e+00,0.000000e+00,0.000000e+00,0.000000e+00,0.000000e+00,0.000000e+00,0.000000e+00,0.000000e+00,0.000000e+00
1.000000e+00,0.000000e+00,0.000000e+00,0.000000e+00,0.000000e+00,0.000000e+00,0.000000e+00,0.000000e+00,0.000000e+00,0.000000e+00,0.000000e+00,0.000000e+00,0.000000e+00,0.000000e+00,0.000000e+00
1.000000e+00,0.000000e+00,0.000000e+00,0.000000e+00,0.000000e+00,0.000000e+00,0.000000e+00,0.000000e+00,0.000000e+00,0.000000e+00,0.000000e+00,0.000000e+00,0.000000e+00,0.000000e+00,0.000000e+00
1.000000e+00,0.000000e+00,0.000000e+00,0.000000e+00,0.000000e+00,0.000000e+00,0.000000e+00,0.000000e+00,0.000000e+00,0.000000e+00,0.000000e+00,0.000000e+00,0.000000e+00,0.000000e+00,0.000000e+00
1.000000e+00,0.000000e+00,0.000000e+00,0.000000e+00,0.000000e+00,0.000000e+00,0.000000e+00,0.000000e+00,0.000000e+00,0.000000e+00,0.000000e+00,0.000000e+00,0.000000e+00,0.000000e+00,0.000000e+00
1.000000e+00,0.000000e+00,0.000000e+00,0.000000e+00,0.000000e+00,0.000000e+00,0.000000e+00,0.000000e+00,0.000000e+00,0.000000e+00,0.000000e+00,0.000000e+00,0.000000e+00,0.000000e+00,0.000000e+00
1.000000e+00,0.000000e+00,0.000000e+00,0.000000e+00,0.000000e+00,0.000000e+00,0.000000e+00,0.000000e+00,0.000000e+00,0.000000e+00,0.000000e+00,0.000000e+00,0.000000e+00,0.000000e+00,0.000000e+00
1.000000e+00,0.000000e+00,0.000000e+00,0.000000e+00,0.000000e+00,0.000000e+00,0.000000e+00,0.000000e+00,0.000000e+00,0.000000e+00,0.000000e+00,0.000000e+00,0.000000e+00,0.000000e+00,0.000000e+00
1.000000e+00,0.000000e+00,0.000000e+00,0.000000e+00,0.000000e+00,0.000000e+00,0.000000e+00,0.000000e+00,0.000000e+00,0.000000e+00,0.000000e+00,0.000000e+00,0.000000e+00,0.000000e+00,0.000000e+00
1.000000e+00,0.000000e+00,0.000000e+00,0.000000e+00,0.000000e+00,0.000000e+00,0.000000e+00,0.000000e+00,0.000000e+00,0.000000e+00,0.000000e+00,0.000000e+00,0.000000e+00,0.000000e+00,0.000000e+00
1.000000e+00,0.000000e+00,0.000000e+00,0.000000e+00,0.000000e+00,0.000000e+00,0.000000e+00,0.000000e+00,0.000000e+00,0.000000e+00,0.000000e+00,0.000000e+00,0.000000e+00,0.000000e+00,0.000000e+00
1.000000e+00,0.000000e+00,0.000000e+00,0.000000e+00,0.000000e+00,0.000000e+00,0.000000e+00,0.000000e+00,0.000000e+00,0.000000e+00,0.000000e+00,0.000000e+00,0.000000e+00,0.000000e+00,0.000000e+00
1.000000e+00,0.000000e+00,0.000000e+00,0.000000e+00,0.000000e+00,0.000000e+00,0.000000e+00,0.000000e+00,0.000000e+00,0.000000e+00,0.000000e+00,0.000000e+00,0.000000e+00,0.000000e+00,0.000000e+00
1.000000e+00,0.000000e+00,0.000000e+00,0.000000e+00,0.000000e+00,0.000000e+00,0.000000e+00,0.000000e+00,0.000000e+00,0.000000e+00,0.000000e+00,0.000000e+00,0.000000e+00,0.000000e+00,0.000000e+00
1.000000e+00,0.000000e+00,0.000000e+00,0.000000e+00,0.000000e+00,0.000000e+00,0.000000e+00,0.000000e+00,0.000000e+00,0.000000e+00,0.000000e+00,0.000000e+00,0.000000e+00,0.000000e+00,0.000000e+00
1.000000e+00,0.000000e+00,0.000000e+00,0.000000e+00,0.000000e+00,0.000000e+00,0.000000e+00,0.000000e+00,0.000000e+00,0.000000e+00,0.000000e+00,0.000000e+00,0.000000e+00,0.000000e+00,0.000000e+00
1.000000e+00,0.000000e+00,0.000000e+00,0.000000e+00,0.000000e+00,0.000000e+00,0.000000e+00,0.000000e+00,0.000000e+00,0.000000e+00,0.000000e+00,0.000000e+00,0.000000e+00,0.000000e+00,0.000000e+00
1.000000e+00,0.000000e+00,0.000000e+00,0.000000e+00,0.000000e+00,0.000000e+00,0.000000e+00,0.000000e+00,0.000000e+00,0.000000e+00,0.000000e+00,0.000000e+00,0.000000e+00,0.000000e+00,0.000000e+00
1.000000e+00,0.000000e+00,0.000000e+00,0.000000e+00,0.000000e+00,0.000000e+00,0.000000e+00,0.000000e+00,0.000000e+00,0.000000e+00,0.000000e+00,0.000000e+00,0.000000e+00,0.000000e+00,0.000000e+00
1.000000e+00,0.000000e+00,0.000000e+00,0.000000e+00,0.000000e+00,0.000000e+00,0.000000e+00,0.000000e+00,0.000000e+00,0.000000e+00,0.000000e+00,0.000000e+00,0.000000e+00,0.000000e+00,0.000000e+00
1.000000e+00,0.000000e+00,0.000000e+00,0.000000e+00,0.000000e+00,0.000000e+00,0.000000e+00,0.000000e+00,0.000000e+00,0.000000e+00,0.000000e+00,0.000000e+00,0.000000e+00,0.000000e+00,0.000000e+00
1.000000e+00,0.000000e+00,0.000000e+00,0.000000e+00,0.000000e+00,0.000000e+00,0.000000e+00,0.000000e+00,0.000000e+00,0.000000e+00,0.000000e+00,0.000000e+00,0.000000e+00,0.000000e+00,0.000000e+00
1.000000e+00,0.000000e+00,0.000000e+00,0.000000e+00,0.000000e+00,0.000000e+00,0.000000e+00,0.000000e+00,0.000000e+00,0.000000e+00,0.000000e+00,0.000000e+00,0.000000e+00,0.000000e+00,0.000000e+00
1.000000e+00,0.000000e+00,0.000000e+00,0.000000e+00,0.000000e+00,0.000000e+00,0.000000e+00,0.000000e+00,0.000000e+00,0.000000e+00,0.000000e+00,0.000000e+00,0.000000e+00,0.000000e+00,0.000000e+00
1.000000e+00,0.000000e+00,0.000000e+00,0.000000e+00,0.000000e+00,0.000000e+00,0.000000e+00,0.000000e+00,0.000000e+00,0.000000e+00,0.000000e+00,0.000000e+00,0.000000e+00,0.000000e+00,0.000000e+00
1.000000e+00,0.000000e+00,0.000000e+00,0.000000e+00,0.000000e+00,0.000000e+00,0.000000e+00,0.000000e+00,0.000000e+00,0.000000e+00,0.000000e+00,0.000000e+00,0.000000e+00,0.000000e+00,0.000000e+00
1.000000e+00,0.000000e+00,0.000000e+00,0.000000e+00,0.000000e+00,0.000000e+00,0.000000e+00,0.000000e+00,0.000000e+00,0.000000e+00,0.000000e+00,0.000000e+00,0.000000e+00,0.000000e+00,0.000000e+00
1.000000e+00,0.000000e+00,0.000000e+00,0.000000e+00,0.000000e+00,0.000000e+00,0.000000e+00,0.000000e+00,0.000000e+00,0.000000e+00,0.000000e+00,0.000000e+00,0.000000e+00,0.000000e+00,0.000000e+00
1.000000e+00,0.000000e+00,0.000000e+00,0.000000e+00,0.000000e+00,0.000000e+00,0.000000e+00,0.000000e+00,0.000000e+00,0.000000e+00,0.000000e+00,0.000000e+00,0.000000e+00,0.000000e+00,0.000000e+00
1.000000e+00,0.000000e+00,0.000000e+00,0.000000e+00,0.000000e+00,0.000000e+00,0.000000e+00,0.000000e+00,0.000000e+00,0.000000e+00,0.000000e+00,0.000000e+00,0.000000e+00,0.000000e+00,0.000000e+00
3.513440e-01,2.226997e-02,4.868954e-03,3.280881e-02,3.676249e-03,6.763794e-03,1.860285e-03,3.380710e-03,1.523664e-02,5.113510e-03,5.900717e-03,1.133557e-02,9.753668e-03,4.899907e-03,5.207872e-01
2.463323e-01,1.612531e-02,3.467694e-03,2.335188e-02,2.599183e-03,4.801190e-03,1.310072e-03,2.373835e-03,1.313969e-02,4.450314e-03,4.478819e-03,8.267346e-03,7.060582e-03,1.170821e-02,6.505336e-01
1.725776e-01,1.148652e-02,2.497542e-03,1.685460e-02,1.835853e-03,3.403465e-03,9.252659e-04,1.663695e-03,1.048014e-02,3.863836e-03,3.694671e-03,6.367323e-03,5.157537e-03,1.329728e-02,7.458947e-01
1.215703e-01,8.313940e-03,2.045701e-03,1.302009e-02,1.359292e-03,2.513356e-03,6.646111e-04,1.181157e-03,8.026832e-03,3.486853e-03,3.477913e-03,4.717129e-03,3.719901e-03,3.144323e-02,7.944597e-01
8.651923e-02,6.391540e-03,1.569415e-03,9.638821e-03,1.013987e-03,1.896253e-03,5.154866e-04,8.403566e-04,6.937234e-03,2.891331e-03,3.641844e-03,3.873274e-03,2.687407e-03,7.365702e-02,7.979268e-01
6.229680e-02,4.852145e-03,1.197002e-03,6.948005e-03,7.794084e-04,1.449808e-03,3.924835e-04,6.063847e-04,5.526074e-03,2.406835e-03,3.277037e-03,3.095131e-03,1.997554e-03,1.527292e-01,7.524462e-01
4.553953e-02,4.469401e-03,1.227089e-03,5.529566e-03,7.099532e-04,1.192584e-03,2.908553e-04,4.507494e-04,4.973428e-03,2.747341e-03,2.883960e-03,2.249855e-03,1.550659e-03,1.504042e-01,7.757809e-01
3.503384e-02,5.877911e-03,1.165637e-03,5.255925e-03,6.693573e-04,1.047999e-03,2.316962e-04,3.410070e-04,6.679905e-03,5.162584e-03,2.338392e-03,1.641462e-03,1.617626e-03,1.240173e-01,8.089193e-01
2.710616e-02,7.200914e-03,5.118698e-03,1.318533e-02,7.194140e-04,9.091360e-04,2.139989e-04,2.703776e-04,1.763103e-02,7.472536e-03,1.979754e-03,1.306662e-03,1.223240e-03,1.084239e-01,8.072389e-01
2.171471e-02,1.753953e-02,5.404478e-03,1.721022e-02,7.121625e-04,9.285760e-04,1.986703e-04,2.283496e-04,4.219209e-02,1.000156e-02,2.873711e-03,2.838123e-03,1.424195e-03,1.305678e-01,7.461658e-01
1.902637e-02,2.067743e-02,5.590706e-03,1.407012e-02,1.848143e-03,1.129425e-03,2.031629e-04,2.184797e-04,4.666495e-02,1.182043e-02,3.232294e-03,2.267822e-03,1.394806e-03,1.620089e-01,7.098470e-01
1.605444e-02,1.722411e-02,7.256602e-03,1.023967e-02,1.642968e-03,1.439276e-03,1.868435e-04,2.051117e-04,5.599217e-02,1.825454e-02,3.227841e-03,1.728005e-03,1.481476e-03,1.261427e-01,7.389241e-01
1.459873e-02,1.705083e-02,2.275147e-02,9.464758e-03,1.853654e-03,1.703086e-03,2.223575e-04,2.986056e-04,6.323787e-02,5.385068e-02,2.744729e-03,1.392869e-03,1.657642e-03,9.279865e-02,7.163740e-01
1.485894e-02,1.458698e-02,4.582413e-02,9.905819e-03,1.930182e-03,1.925544e-03,2.415716e-04,3.138627e-04,5.147912e-02,7.167594e-02,2.179057e-03,1.070638e-03,1.886650e-03,7.008865e-02,7.120329e-01
1.391463e-02,3.262317e-02,5.954457e-02,8.022210e-03,2.325987e-03,2.054196e-03,2.437975e-04,3.459771e-04,5.904328e-02,9.009580e-02,2.021899e-03,8.884562e-04,3.315586e-03,5.458979e-02,6.709707e-01
2.450904e-02,3.836435e-02,6.562286e-02,7.396297e-03,4.375212e-03,5.382871e-03,3.012456e-04,4.638557e-04,6.056559e-02,8.678346e-02,2.846348e-03,7.947388e-04,4.101501e-03,6.362259e-02,6.348701e-01
2.828198e-02,4.674201e-02,6.017193e-02,6.272956e-03,3.488705e-03,5.846585e-03,2.613319e-04,5.090132e-04,6.297906e-02,2.418852e-01,3.436391e-03,9.366862e-04,3.963200e-03,4.767500e-02,4.875500e-01
8.277154e-02,5.285188e-02,6.656113e-02,1.359414e-02,7.744880e-03,1.913619e-02,3.270599e-03,8.729824e-03,8.571507e-02,2.243825e-01,1.457383e-02,3.295254e-03,1.377936e-02,3.797349e-02,3.656203e-01
9.372973e-02,6.141108e-02,9.181742e-02,2.466809e-02,1.419494e-02,3.433341e-02,3.076161e-03,8.667139e-03,7.760347e-02,2.472428e-01,1.206880e-02,2.645549e-03,1.171577e-02,2.895558e-02,2.878701e-01
9.291031e-02,6.354366e-02,1.131276e-01,2.250663e-02,2.330486e-02,5.035179e-02,2.874627e-02,7.821654e-02,6.112952e-02,2.011104e-01,9.807790e-03,2.031276e-03,1.087202e-02,2.108108e-02,2.212602e-01
8.625949e-02,5.919602e-02,1.092542e-01,1.744693e-02,2.356729e-02,4.950068e-02,4.709851e-02,1.389835e-01,5.484946e-02,1.890220e-01,7.881356e-03,1.612068e-03,1.169720e-02,1.746009e-02,1.861713e-01
8.355196e-02,5.572901e-02,8.758462e-02,1.514046e-02,2.384208e-02,4.083981e-02,5.850503e-02,1.842290e-01,4.746881e-02,1.976347e-01,7.861087e-03,3.135223e-03,2.091991e-02,1.328784e-02,1.602704e-01
7.941008e-02,4.933258e-02,6.652212e-02,1.170970e-02,1.938505e-02,3.133317e-02,1.456827e-01,2.236587e-01,3.872339e-02,1.439073e-01,6.341370e-03,3.135311e-03,2.051489e-02,1.003588e-02,1.503078e-01
9.061110e-02,4.655441e-02,5.551062e-02,1.133544e-02,1.576085e-02,2.609831e-02,1.699522e-01,2.649041e-01,3.296554e-02,1.063124e-01,6.032057e-03,4.081930e-03,1.732001e-02,8.188374e-03,1.443727e-01
1.153300e-01,3.830459e-02,4.732325e-02,9.808709e-03,1.393577e-02,2.098232e-02,1.968734e-01,2.894641e-01,2.837030e-02,7.742109e-02,6.689244e-03,3.960346e-03,1.396703e-02,6.469031e-03,1.311008e-01
1.262250e-01,3.176058e-02,4.507598e-02,8.055189e-03,1.095426e-02,1.760293e-02,2.658995e-01,2.802826e-01,2.345239e-02,5.657405e-02,5.933133e-03,3.767481e-03,1.262365e-02,5.138215e-03,1.066550e-01
1.186243e-01,2.386215e-02,5.260993e-02,6.923296e-03,8.761695e-03,1.631580e-02,3.547925e-01,2.395798e-01,2.142855e-02,4.618805e-02,6.848923e-03,4.338569e-03,1.147185e-02,4.786236e-03,8.346833e-02
1.241206e-01,1.849698e-02,5.626477e-02,6.011078e-03,7.574525e-03,1.473130e-02,4.187391e-01,2.030797e-01,2.574490e-02,3.633245e-02,6.284232e-03,4.703716e-03,1.026168e-02,3.868874e-03,6.378612e-02
1.446413e-01,1.808510e-02,6.393658e-02,5.918167e-03,8.026198e-03,1.362049e-02,3.998375e-01,2.044341e-01,3.828198e-02,2.930743e-02,5.488598e-03,4.538018e-03,8.405528e-03,3.991439e-03,5.148758e-02
2.129097e-01,1.486246e-02,4.987793e-02,5.370805e-03,1.050558e-02,1.181031e-02,3.286406e-01,2.114902e-01,6.343696e-02,2.635550e-02,5.488858e-03,4.664365e-03,6.486542e-03,3.807383e-03,4.429276e-02
2.547500e-01,1.168671e-02,4.161727e-02,6.225371e-03,1.465443e-02,1.105210e-02,2.931861e-01,2.187503e-01,6.864337e-02,2.419484e-02,6.136205e-03,5.865635e-03,5.408102e-03,3.744214e-03,3.408534e-02
2.295614e-01,9.017812e-03,3.301684e-02,6.382936e-03,1.744340e-02,1.076507e-02,2.836213e-01,2.736294e-01,6.620186e-02,1.985355e-02,7.801780e-03,7.952342e-03,5.315207e-03,2.997171e-03,2.643988e-02
2.178356e-01,7.104361e-03,2.524083e-02,6.356905e-03,2.075704e-02,1.032207e-02,2.705965e-01,3.133395e-01,6.446417e-02,1.673304e-02,8.180131e-03,1.037228e-02,5.958968e-03,2.246480e-03,2.049210e-02
1.961445e-01,5.659494e-03,1.958824e-02,5.932794e-03,1.996334e-02,9.751606e-03,2.847238e-01,3.431449e-01,5.466983e-02,1.359372e-02,9.257258e-03,1.153707e-02,5.896738e-03,1.784714e-03,1.835207e-02
1.712036e-01,6.958337e-03,1.439731e-02,1.146087e-02,2.168905e-02,2.319201e-02,2.161635e-01,2.759011e-01,5.153326e-02,1.606861e-02,4.673075e-02,2.915842e-02,3.852559e-02,6.655400e-03,7.036215e-02
1.479039e-01,1.338558e-02,1.101785e-02,3.400385e-02,1.721712e-02,2.195244e-02,1.615155e-01,2.203728e-01,7.051188e-02,2.489699e-02,7.356542e-02,5.662072e-02,4.211840e-02,9.153556e-03,9.576405e-02
1.122299e-01,1.417996e-02,8.450869e-03,2.727218e-02,1.367851e-02,1.750554e-02,1.161865e-01,1.569410e-01,1.278155e-01,2.612594e-02,1.643375e-01,5.839260e-02,4.645861e-02,1.120917e-02,9.921647e-02
8.404117e-02,2.242916e-02,6.499696e-03,2.780700e-02,1.340830e-02,1.407614e-02,8.570489e-02,1.127230e-01,2.710386e-01,1.987612e-02,1.417287e-01,4.919035e-02,6.216818e-02,9.165931e-03,8.014274e-02
7.360348e-02,3.234685e-02,5.578117e-03,6.683652e-02,1.167782e-02,1.368767e-02,6.163915e-02,8.160565e-02,3.492473e-01,1.645593e-02,1.071890e-01,3.950649e-02,4.981475e-02,9.999326e-03,8.081195e-02
6.150332e-02,2.491414e-02,4.213654e-03,8.308837e-02,9.686676e-03,3.310207e-02,4.421850e-02,5.903428e-02,3.685004e-01,1.255813e-02,1.028614e-01,5.602531e-02,4.935006e-02,1.866246e-02,7.228126e-02
5.574354e-02,2.031119e-02,3.311793e-03,8.204859e-02,9.873860e-03,3.222870e-02,3.111676e-02,4.232812e-02,3.007405e-01,1.111901e-02,1.288970e-01,8.083271e-02,8.507523e-02,2.915806e-02,8.721501e-02
4.488432e-02,1.765414e-02,3.190017e-03,6.581409e-02,9.085912e-03,4.896852e-02,2.215926e-02,3.070520e-02,2.435746e-01,8.691712e-03,1.032758e-01,1.158804e-01,1.997989e-01,2.085875e-02,6.545837e-02
5.086774e-02,2.925127e-02,3.642224e-03,5.159619e-02,9.610696e-03,5.830427e-02,1.574235e-02,2.327008e-02,2.385779e-01,6.511370e-03,7.639764e-02,1.101165e-01,2.516374e-01,1.550374e-02,5.897062e-02
4.626628e-02,4.285711e-02,3.489178e-03,3.884056e-02,8.861111e-03,7.973560e-02,1.151140e-02,1.800185e-02,2.237714e-01,5.082889e-03,5.547556e-02,9.913634e-02,3.025189e-01,1.192800e-02,5.252388e-02
4.052792e-02,5.792403e-02,7.552119e-03,1.188650e-01,8.586083e-03,1.036340e-01,8.576141e-03,1.446084e-02,1.921479e-01,6.306513e-03,4.280342e-02,7.250922e-02,2.416621e-01,9.307586e-03,7.513723e-02
4.284880e-02,7.138318e-02,7.340447e-03,9.129067e-02,1.234577e-02,1.274184e-01,7.753193e-03,1.664892e-02,1.713259e-01,5.197390e-03,3.251501e-02,5.211161e-02,2.826279e-01,8.136570e-03,7.105626e-02
3.588108e-02,2.104700e-01,1.062620e-02,1.337583e-01,9.540466e-03,9.176478e-02,5.553781e-03,1.184706e-02,1.461634e-01,4.890467e-03,2.508278e-02,3.718787e-02,2.001121e-01,6.023744e-03,7.109813e-02
6.076627e-02,2.167120e-01,1.082183e-02,1.026821e-01,8.438972e-03,8.337685e-02,4.425446e-03,1.007334e-02,1.247912e-01,4.015581e-03,2.229443e-02,2.846309e-02,1.971032e-01,5.419074e-03,1.206167e-01
7.191501e-02,1.762905e-01,1.028104e-02,7.533655e-02,8.849727e-03,7.318703e-02,3.385259e-03,9.111714e-03,1.046316e-01,3.077892e-03,1.729154e-02,2.254858e-02,3.291170e-01,4.349961e-03,9.062651e-02
1.015860e-01,1.409263e-01,1.596509e-02,5.516987e-02,7.086590e-03,1.113244e-01,2.877196e-03,7.644599e-03,8.281130e-02,2.321309e-03,1.326132e-02,1.960625e-02,3.684977e-01,3.459967e-03,6.746213e-02
1.237713e-01,1.152575e-01,1.525998e-02,3.980428e-02,7.757916e-03,1.051246e-01,2.487825e-03,7.387527e-03,7.724075e-02,1.697075e-03,1.042832e-02,1.554066e-02,4.253498e-01,2.990633e-03,4.990187e-02
1.377550e-01,9.781240e-02,1.866700e-02,3.105380e-02,7.055211e-03,1.003978e-01,2.438353e-03,6.513438e-03,8.646630e-02,2.436247e-03,8.773045e-03,1.628213e-02,4.415331e-01,2.624695e-03,4.019148e-02
1.222738e-01,7.992364e-02,1.454549e-02,2.262254e-02,7.006892e-03,1.077063e-01,2.634811e-03,6.484542e-03,8.355100e-02,2.070425e-03,7.145355e-03,1.358153e-02,4.978498e-01,2.020227e-03,3.058367e-02
9.719331e-02,5.895183e-02,1.041027e-02,1.604637e-02,6.424567e-03,8.152749e-02,2.702762e-03,7.445721e-03,6.654804e-02,1.511399e-03,5.133550e-03,1.246467e-02,6.101621e-01,1.460284e-03,2.201759e-02
7.788391e-02,4.395848e-02,7.460537e-03,1.156629e-02,5.201234e-03,5.960551e-02,2.176492e-03,5.736040e-03,5.095381e-02,1.178114e-03,3.805997e-03,1.383168e-02,6.995327e-01,1.067186e-03,1.604200e-02
6.596206e-02,3.893227e-02,5.490693e-03,8.918144e-03,4.627240e-03,4.400534e-02,1.763163e-03,4.443729e-03,4.471410e-02,9.679777e-04,2.869650e-03,1.198961e-02,7.518256e-01,8.022669e-04,1.268809e-02
4.865038e-02,2.840138e-02,4.000199e-03,6.843382e-03,4.212776e-03,3.302033e-02,1.466782e-03,3.361727e-03,3.469841e-02,7.296555e-04,2.251190e-03,1.345269e-02,8.088198e-01,5.870403e-04,9.504315e-03
3.833431e-02,2.277499e-02,3.278580e-03,5.654479e-03,4.114663e-03,2.863787e-02,1.308379e-03,2.609537e-03,2.980894e-02,5.719606e-04,1.874090e-03,1.282396e-02,8.395030e-01,5.218589e-04,8.183357e-03
2.906594e-02,1.646962e-02,3.219995e-03,4.902540e-03,5.076512e-03,2.928524e-02,1.404461e-03,2.022782e-03,2.235505e-02,5.434447e-04,1.605147e-03,1.380757e-02,8.609430e-01,4.782525e-04,8.820557e-03
2.231936e-02,1.174318e-02,2.469965e-03,3.550026e-03,6.683347e-03,2.834721e-02,1.413723e-03,1.562600e-03,1.624577e-02,4.681904e-04,1.375357e-03,1.126135e-02,8.847629e-01,3.547929e-04,7.442274e-03
3.270758e-02,9.937732e-03,4.736035e-03,4.942226e-03,3.158158e-02,3.624106e-02,4.416679e-03,1.702786e-03,2.972752e-02,7.600301e-04,2.088244e-03,1.433760e-02,8.173272e-01,5.253223e-04,8.968415e-03
3.019719e-02,7.532148e-03,3.571580e-03,4.087193e-03,2.725311e-02,5.728422e-02,3.896066e-03,1.394944e-03,3.561059e-02,9.177872e-04,7.624665e-03,2.660639e-02,7.837241e-01,5.989255e-04,9.701086e-03
4.414597e-02,5.581893e-03,2.911713e-03,3.219516e-03,2.521313e-02,4.674971e-02,3.520452e-03,1.169239e-03,2.932940e-02,9.514018e-04,7.040726e-03,3.731080e-02,7.793130e-01,5.278075e-04,1.301526e-02
4.068864e-02,4.349545e-03,2.932799e-03,2.484695e-03,3.974054e-02,3.483165e-02,3.152831e-03,1.167284e-03,2.638629e-02,1.410565e-03,6.071897e-03,7.854328e-02,7.431853e-01,5.257736e-04,1.452887e-02
3.666586e-02,7.203658e-03,1.302262e-02,2.009095e-03,3.718819e-02,2.894902e-02,3.853332e-03,6.659553e-03,2.588359e-02,2.094402e-03,4.595971e-03,1.225247e-01,6.840349e-01,1.155797e-03,2.415917e-02
2.949917e-02,5.641795e-03,1.330724e-02,1.925042e-03,3.358584e-02,2.912193e-02,3.180268e-03,1.663897e-02,2.146525e-02,1.643266e-03,3.553218e-03,1.207552e-01,6.906817e-01,1.199754e-03,2.780131e-02
3.982307e-02,7.042035e-03,6.385049e-02,2.586504e-02,7.035509e-02,3.602346e-02,5.961839e-03,2.466502e-02,2.280427e-02,1.702325e-03,3.088215e-03,8.730428e-02,5.769683e-01,1.213181e-03,3.333334e-02
5.100892e-02,7.406430e-03,6.428081e-02,2.494579e-02,7.885631e-02,5.638717e-02,1.675711e-02,2.935327e-02,3.008509e-02,1.578420e-03,2.442838e-03,6.310010e-02,5.283784e-01,1.177765e-03,4.424151e-02
6.212630e-02,1.378489e-02,5.728348e-02,2.060099e-02,9.504898e-02,7.752337e-02,2.250989e-02,2.540348e-02,6.439376e-02,2.510095e-03,2.075298e-03,4.495161e-02,4.525452e-01,1.370247e-03,5.787243e-02
8.691327e-02,1.306156e-02,4.988327e-02,3.444564e-02,9.576865e-02,6.857473e-02,2.212810e-02,2.513540e-02,7.582100e-02,2.836304e-03,2.115923e-03,3.248978e-02,4.438345e-01,1.177705e-03,4.581408e-02
1.271536e-01,1.325780e-02,3.642681e-02,2.997752e-02,8.684832e-02,6.810305e-02,1.897248e-02,2.100099e-02,9.220274e-02,2.245759e-03,1.971441e-03,2.360058e-02,4.359854e-01,1.006253e-03,4.124718e-02
1.958891e-01,1.425602e-02,2.847487e-02,5.818050e-02,7.037687e-02,5.932879e-02,1.440021e-02,1.984234e-02,7.998994e-02,2.159812e-03,3.881128e-03,2.006237e-02,3.904915e-01,1.785177e-03,4.088137e-02
2.331295e-01,1.373219e-02,2.223185e-02,4.523620e-02,5.811181e-02,8.749163e-02,1.121174e-02,1.604638e-02,6.320360e-02,1.756677e-03,7.381466e-03,1.644416e-02,3.912601e-01,2.679306e-03,3.008331e-02
1.779990e-01,1.042421e-02,1.689544e-02,3.467289e-02,4.191360e-02,3.094837e-01,8.365898e-03,1.367478e-02,4.512093e-02,1.847304e-03,5.831737e-03,1.187547e-02,2.975426e-01,2.468111e-03,2.188437e-02
1.808865e-01,8.073297e-03,1.317598e-02,2.965182e-02,3.031524e-02,4.123791e-01,6.431248e-03,1.341922e-02,3.811293e-02,2.818517e-03,1.299700e-02,8.985216e-03,2.164180e-01,3.280065e-03,2.305590e-02
1.342313e-01,6.313071e-03,9.639390e-03,3.103303e-02,2.171417e-02,3.645725e-01,4.671300e-03,1.008415e-02,9.663170e-02,1.932153e-02,1.919991e-02,6.716620e-03,1.526424e-01,2.797606e-03,1.204314e-01
9.428564e-02,4.479468e-03,6.794335e-03,2.273226e-02,1.524276e-02,2.846971e-01,3.306781e-03,7.089662e-03,8.564618e-02,3.792585e-02,1.686718e-02,4.792791e-03,1.074539e-01,2.105706e-03,3.065805e-01
6.717486e-02,3.334322e-03,4.803738e-03,1.740233e-02,1.081371e-02,2.365033e-01,2.373156e-03,5.038443e-03,8.382205e-02,3.307174e-02,2.357893e-02,3.541322e-03,7.943340e-02,3.926658e-03,4.251820e-01
4.707506e-02,2.365502e-03,3.369511e-03,1.221408e-02,7.612720e-03,1.686547e-01,1.670937e-03,3.531038e-03,6.376808e-02,2.354523e-02,1.689105e-02,2.503965e-03,5.668558e-02,3.445375e-03,5.866672e-01
3.297134e-02,1.677924e-03,2.364499e-03,8.557597e-03,5.424143e-03,1.188941e-01,1.175830e-03,2.478955e-03,4.918007e-02,1.691215e-02,1.265970e-02,1.801710e-03,4.125061e-02,4.082834e-03,7.005686e-01
2.309533e-02,1.223317e-03,1.663017e-03,6.008871e-03,4.314319e-03,8.522001e-02,8.345299e-04,1.752761e-03,3.885500e-02,1.329137e-02,9.914378e-03,1.442276e-03,3.136598e-02,5.224179e-03,7.757947e-01
1.617280e-02,8.727868e-04,1.167802e-03,4.251886e-03,3.825216e-03,5.989199e-02,5.863240e-04,1.238735e-03,2.840900e-02,9.745463e-03,7.270491e-03,1.100203e-03,2.219201e-02,4.066525e-03,8.392088e-01
1.133099e-02,6.501976e-04,8.296623e-04,3.109654e-03,3.735813e-03,4.236358e-02,4.139298e-04,8.759569e-04,2.116750e-02,7.868626e-03,6.943303e-03,1.180321e-03,1.614677e-02,4.034253e-03,8.793495e-01
7.936608e-03,4.585812e-04,5.853369e-04,2.248757e-03,4.819303e-03,2.977764e-02,2.918206e-04,6.190392e-04,1.510608e-02,5.740853e-03,6.340737e-03,1.251455e-03,1.155524e-02,3.657188e-03,9.096114e-01
5.558965e-03,3.223401e-04,4.122287e-04,1.593121e-03,5.177101e-03,2.084645e-02,2.048897e-04,4.356570e-04,1.060780e-02,4.516589e-03,7.088308e-03,9.781076e-04,8.109874e-03,3.998274e-03,9.301504e-01
3.915759e-03,2.446709e-04,3.313617e-04,1.157206e-03,7.974375e-03,1.460819e-02,1.463512e-04,3.176021e-04,7.699087e-03,4.503376e-03,2.278465e-02,1.243769e-03,5.744975e-03,9.794487e-03,9.195342e-01
2.917150e-03,5.033382e-04,4.845636e-03,9.103593e-04,1.302128e-02,1.032593e-02,1.250194e-04,3.897921e-04,7.623067e-03,1.008618e-02,8.951667e-02,3.518716e-03,4.693118e-03,9.034251e-02,7.611814e-01
2.375528e-03,4.893066e-04,1.153630e-02,9.050003e-04,1.889078e-02,7.768884e-03,3.806661e-04,2.711827e-03,7.198209e-03,8.870795e-03,1.103357e-01,4.389264e-03,3.704081e-03,9.684491e-02,7.235989e-01
1.944937e-03,5.373611e-04,9.757034e-03,7.700886e-04,2.680692e-02,5.775995e-03,9.686941e-04,6.205758e-03,6.593434e-03,1.090255e-02,1.450072e-01,6.010802e-03,3.710049e-03,9.378777e-02,6.812215e-01
3.394128e-03,8.220385e-04,8.705013e-03,1.107143e-03,8.785285e-02,4.448405e-03,2.401619e-03,1.793279e-02,2.041584e-02,1.246089e-02,1.913231e-01,5.600855e-03,4.404612e-03,8.310784e-02,5.560230e-01
4.784669e-03,3.130319e-03,9.530085e-03,1.610320e-03,8.204620e-02,4.656271e-03,7.170134e-03,3.680566e-02,4.677873e-02,1.540209e-02,2.563720e-01,1.056622e-02,8.422472e-03,9.483790e-02,4.178870e-01
9.628223e-03,2.299691e-02,8.282213e-03,1.812154e-03,6.574679e-02,4.206643e-03,6.048698e-03,3.842242e-02,1.556966e-01,2.901148e-02,2.504430e-01,1.379729e-02,7.914310e-03,8.864724e-02,2.973461e-01
1.016691e-02,3.539025e-02,6.875877e-03,1.586961e-03,5.603982e-02,3.831573e-03,4.728491e-03,3.120637e-02,3.256374e-01,3.552957e-02,1.935985e-01,1.090714e-02,5.947815e-03,6.833443e-02,2.102190e-01
8.922312e-03,3.778122e-02,6.056191e-03,1.370348e-03,4.294394e-02,4.110003e-03,3.424945e-03,2.331461e-02,4.948531e-01,3.019888e-02,1.387822e-01,7.796624e-03,4.279398e-03,4.887359e-02,1.472928e-01
1.894986e-02,3.107703e-02,1.121332e-02,2.185836e-03,1.091854e-01,7.172442e-03,7.536132e-03,2.184212e-02,5.233588e-01,2.231137e-02,9.851238e-02,5.583994e-03,3.120551e-03,3.466573e-02,1.032851e-01
3.357357e-02,3.882877e-02,1.631228e-02,3.970106e-03,2.040299e-01,1.437932e-02,8.418691e-03,1.886579e-02,4.683681e-01,1.785889e-02,7.003854e-02,4.047304e-03,2.487437e-03,2.570774e-02,7.311360e-02
5.690427e-02,4.951414e-02,2.140167e-02,8.279108e-03,2.141163e-01,2.006206e-02,8.416017e-03,1.579734e-02,4.452014e-01,2.956716e-02,5.165951e-02,3.853457e-03,2.356396e-03,2.040284e-02,5.246832e-02
7.749295e-02,4.149745e-02,2.376522e-02,1.584415e-02,2.547317e-01,2.681040e-02,7.969734e-03,1.410304e-02,3.571762e-01,8.182137e-02,3.875520e-02,3.380818e-03,2.118135e-03,1.694988e-02,3.758382e-02
1.053803e-01,3.789886e-02,2.737236e-02,3.211126e-02,2.970290e-01,2.983636e-02,8.777104e-03,2.280751e-02,2.899676e-01,7.413457e-02,2.839445e-02,3.671065e-03,2.010316e-03,1.305264e-02,2.755662e-02
1.674190e-01,4.284138e-02,3.022382e-02,5.616155e-02,2.761877e-01,3.196560e-02,1.010006e-02,4.545787e-02,2.180062e-01,5.872673e-02,2.281605e-02,6.345030e-03,2.591121e-03,1.009804e-02,2.105991e-02
1.450848e-01,3.425868e-02,2.235029e-02,5.361782e-02,4.101399e-01,2.947148e-02,8.873997e-03,5.189168e-02,1.564722e-01,4.169494e-02,1.663484e-02,4.994910e-03,2.223027e-03,7.228397e-03,1.506299e-02
1.113184e-01,2.473812e-02,1.636284e-02,3.845007e-02,5.499150e-01,2.123640e-02,6.427928e-03,5.785811e-02,1.097220e-01,2.921312e-02,1.325489e-02,3.843952e-03,1.940185e-03,5.108799e-03,1.061023e-02
9.848520e-02,1.763207e-02,1.252376e-02,2.763827e-02,6.416075e-01,1.540595e-02,4.730957e-03,5.535194e-02,7.686917e-02,2.053857e-02,1.326153e-02,2.884216e-03,1.649433e-03,3.682191e-03,7.739222e-03
1.205985e-01,1.254804e-02,9.506177e-03,2.003882e-02,6.721255e-01,1.200875e-02,4.483153e-03,5.435164e-02,5.403141e-02,1.460894e-02,1.217414e-02,2.521817e-03,1.661015e-03,2.898532e-03,6.443586e-03
9.332457e-02,8.915684e-03,7.112035e-03,1.441529e-02,7.328593e-01,9.959565e-03,3.438494e-03,4.152619e-02,3.798476e-02,2.435801e-02,1.156732e-02,1.985710e-03,1.602470e-03,2.305326e-03,8.645227e-03
7.286111e-02,6.397060e-03,5.193323e-03,1.036036e-02,7.756132e-01,9.012302e-03,2.517968e-03,3.152654e-02,2.677247e-02,3.502355e-02,9.808408e-03,1.534698e-03,1.336545e-03,1.824286e-03,1.021811e-02
7.239246e-02,4.917097e-03,3.865477e-03,7.611808e-03,7.767587e-01,2.100975e-02,2.253213e-03,2.313810e-02,1.896869e-02,4.788736e-02,8.206361e-03,1.517782e-03,1.166436e-03,1.836988e-03,8.469782e-03
7.521447e-02,4.726738e-03,3.188038e-03,6.196699e-03,7.756675e-01,3.637342e-02,2.097295e-03,1.826212e-02,1.351974e-02,4.430448e-02,7.704949e-03,1.720216e-03,1.184053e-03,2.526631e-03,7.313546e-03
7.367174e-02,5.418702e-03,3.830580e-03,7.804877e-03,7.359169e-01,7.126404e-02,1.876347e-03,1.559949e-02,1.000628e-02,4.594153e-02,1.345499e-02,2.943127e-03,1.444393e-03,3.872385e-03,6.954597e-03
5.938227e-02,7.209401e-03,4.598508e-03,5.583873e-02,5.633925e-01,1.282267e-01,2.148149e-03,1.281968e-02,1.990189e-02,3.501897e-02,3.810480e-02,5.212060e-02,7.572235e-03,3.787589e-03,9.878028e-03
4.550709e-02,9.596143e-03,6.951376e-03,5.843546e-02,4.143368e-01,2.262997e-01,1.991386e-03,9.371616e-03,2.133204e-02,4.570569e-02,6.369903e-02,6.606073e-02,9.568551e-03,4.459924e-03,1.668454e-02
3.353739e-02,6.094416e-02,1.643714e-02,9.087675e-02,2.958743e-01,1.649635e-01,2.841951e-03,7.517453e-03,1.265334e-01,3.766241e-02,7.019152e-02,5.271767e-02,8.932807e-03,3.973521e-03,2.699595e-02
2.993126e-02,1.159490e-01,3.124805e-02,8.133427e-02,2.132084e-01,1.229345e-01,2.727627e-03,6.066073e-03,1.964639e-01,4.240793e-02,8.158943e-02,3.893828e-02,7.242064e-03,3.778856e-03,2.618037e-02
2.490219e-02,2.017815e-01,3.797980e-02,1.279114e-01,1.511129e-01,8.903489e-02,1.970658e-03,4.489440e-03,1.594493e-01,3.274216e-02,6.181653e-02,2.835315e-02,5.700762e-03,3.470369e-03,6.928501e-02
4.347307e-02,1.577467e-01,4.024887e-02,1.518631e-01,1.139065e-01,7.868712e-02,1.731238e-03,5.063259e-03,1.261131e-01,2.707455e-02,5.882064e-02,2.745761e-02,4.969539e-03,3.046848e-02,1.323761e-01
3.923407e-02,1.193516e-01,3.379147e-02,1.145961e-01,8.123907e-02,7.222356e-02,1.348726e-03,4.170147e-03,1.006259e-01,2.295481e-02,5.996237e-02,2.266821e-02,4.427546e-03,1.344660e-01,1.889404e-01
3.119885e-02,8.661783e-02,2.441125e-02,8.091738e-02,5.776699e-02,5.236120e-02,1.042314e-03,3.220637e-03,8.599513e-02,2.210848e-02,5.537585e-02,1.999713e-02,4.744304e-03,3.292043e-01,1.450385e-01
3.566298e-02,7.442496e-02,1.842268e-02,5.838259e-02,4.370204e-02,4.084783e-02,9.467596e-04,2.926406e-03,1.203515e-01,2.747525e-02,5.204204e-02,1.947537e-02,7.224651e-03,3.832328e-01,1.148822e-01
3.699947e-02,7.883950e-02,1.374700e-02,4.223851e-02,3.175077e-02,2.968537e-02,7.687055e-04,2.275767e-03,1.396484e-01,2.828264e-02,3.885927e-02,1.435805e-02,5.752716e-03,4.210090e-01,1.157849e-01
3.588947e-02,9.284525e-02,1.136456e-02,3.051893e-02,2.430918e-02,2.458880e-02,9.348423e-04,2.455801e-03,1.653682e-01,3.841328e-02,2.934706e-02,1.104827e-02,5.013356e-03,4.108522e-01,1.170509e-01
4.319828e-02,1.298790e-01,9.198460e-03,2.235760e-02,2.016174e-02,2.521475e-02,8.033743e-04,2.436384e-03,1.706096e-01,4.821517e-02,2.339825e-02,8.106962e-03,4.266827e-03,3.820564e-01,1.100973e-01
3.585611e-02,1.405022e-01,1.610143e-02,3.269115e-02,1.822353e-02,2.334062e-02,1.093858e-03,8.281939e-03,2.385644e-01,6.097689e-02,1.911332e-02,6.688731e-03,4.083901e-03,2.895488e-01,1.049331e-01
3.141282e-02,1.587692e-01,1.735575e-02,6.954512e-02,1.412757e-02,2.276249e-02,9.072844e-04,6.406251e-03,2.594435e-01,6.375551e-02,1.492819e-02,5.263464e-03,3.747975e-03,2.196249e-01,1.119499e-01
3.119314e-02,1.578574e-01,3.497573e-02,5.870985e-02,1.477887e-02,1.828652e-02,1.073736e-03,5.703067e-03,2.471717e-01,6.442680e-02,1.294827e-02,4.031001e-03,3.400832e-03,2.108393e-01,1.346037e-01
2.440023e-02,1.593147e-01,8.434250e-02,5.460468e-02,1.211537e-02,1.436875e-02,9.003723e-04,4.375641e-03,2.090908e-01,7.368380e-02,1.235567e-02,4.663659e-03,4.225584e-03,1.880277e-01,1.535305e-01
3.029711e-02,1.290736e-01,1.001447e-01,4.145221e-02,1.088291e-02,1.352917e-02,1.185937e-03,4.210899e-03,1.790675e-01,9.442274e-02,1.406788e-02,4.947690e-03,3.949671e-03,2.096304e-01,1.631375e-01
4.474359e-02,1.073909e-01,1.401002e-01,3.560870e-02,1.129059e-02,1.412234e-02,1.526016e-03,6.850781e-03,1.928534e-01,9.874983e-02,1.746238e-02,8.315461e-03,4.906422e-03,1.870799e-01,1.289994e-01
5.612667e-02,8.987051e-02,1.226774e-01,4.298979e-02,1.760395e-02,1.494769e-02,1.383526e-03,2.745551e-02,1.925626e-01,1.026979e-01,2.381258e-02,7.415903e-03,5.414769e-03,1.742471e-01,1.207941e-01
6.793770e-02,8.028027e-02,9.280532e-02,3.499298e-02,2.077350e-02,2.089553e-02,1.252430e-03,4.258975e-02,2.588267e-01,8.315024e-02,2.602225e-02,6.563609e-03,4.977479e-03,1.405763e-01,1.183560e-01
7.681716e-02,8.093165e-02,7.656158e-02,4.429834e-02,2.528820e-02,3.009904e-02,1.705691e-03,7.492906e-02,2.769888e-01,7.209699e-02,2.243426e-02,7.177864e-03,4.639123e-03,1.089397e-01,9.709253e-02
8.006176e-02,6.440497e-02,6.164655e-02,3.438083e-02,2.988921e-02,2.989889e-02,3.660149e-03,1.940794e-01,2.319506e-01,8.304854e-02,2.154103e-02,6.695668e-03,5.744372e-03,7.934008e-02,7.365791e-02
1.001973e-01,5.459379e-02,5.262525e-02,2.746575e-02,3.107438e-02,4.284379e-02,5.784910e-03,2.474750e-01,2.167432e-01,7.350937e-02,2.027769e-02,5.493169e-03,8.427981e-03,5.739399e-02,5.609443e-02
8.291123e-02,4.428460e-02,4.635274e-02,2.049490e-02,2.905744e-02,4.413623e-02,5.044809e-02,3.266749e-01,1.676102e-01,7.079118e-02,1.709412e-02,4.091810e-03,1.086743e-02,4.078470e-02,4.440042e-02
6.468296e-02,3.255363e-02,3.820934e-02,1.460010e-02,2.189918e-02,3.462283e-02,1.486169e-01,3.775186e-01,1.223016e-01,5.661503e-02,1.317221e-02,3.054950e-03,1.007618e-02,2.889869e-02,3.317770e-02
6.285706e-02,2.363764e-02,2.983993e-02,1.071444e-02,1.636609e-02,2.602421e-02,2.493426e-01,3.785991e-01,9.225226e-02,4.307848e-02,1.033700e-02,2.456323e-03,9.959304e-03,2.049152e-02,2.404403e-02
8.035056e-02,1.761563e-02,2.203606e-02,7.753664e-03,1.263951e-02,2.002179e-02,3.566042e-01,3.300810e-01,7.001308e-02,3.195283e-02,8.175769e-03,2.419133e-03,8.286336e-03,1.467902e-02,1.737140e-02
1.193596e-01,1.484730e-02,1.752384e-02,6.168851e-03,1.028583e-02,1.588895e-02,3.855636e-01,2.710608e-01,9.059970e-02,2.506254e-02,8.688351e-03,2.881547e-03,7.516239e-03,1.082864e-02,1.372428e-02
1.391483e-01,1.205323e-02,1.345425e-02,4.601568e-03,8.736639e-03,1.230450e-02,4.162438e-01,2.242206e-01,1.144073e-01,1.910789e-02,7.862209e-03,3.148217e-03,6.192191e-03,8.088537e-03,1.043079e-02
1.382692e-01,1.059546e-02,1.064414e-02,3.503994e-03,7.290374e-03,9.574557e-03,4.580994e-01,1.774029e-01,1.401354e-01,1.434199e-02,6.978644e-03,3.669259e-03,5.120667e-03,6.166070e-03,8.207961e-03
1.331319e-01,1.312555e-02,8.827250e-03,2.671171e-03,6.116134e-03,8.007823e-03,4.508291e-01,1.413877e-01,1.990437e-01,1.162079e-02,5.291146e-03,3.736102e-03,4.408245e-03,5.072156e-03,6.731171e-03
1.404929e-01,2.225797e-02,8.334498e-03,2.269220e-03,5.727471e-03,7.920777e-03,3.817331e-01,1.135150e-01,2.864018e-01,9.740000e-03,4.049818e-03,3.350781e-03,3.947725e-03,4.405876e-03,5.853095e-03
1.681278e-01,4.378131e-02,8.198403e-03,1.902919e-03,5.385767e-03,7.406625e-03,3.400546e-01,8.593304e-02,3.108988e-01,8.890666e-03,3.352871e-03,2.864680e-03,3.681510e-03,3.879751e-03,5.641222e-03
2.107529e-01,4.456328e-02,7.695457e-03,1.883253e-03,5.796322e-03,7.522425e-03,2.998416e-01,6.533460e-02,3.241909e-01,1.294372e-02,3.155922e-03,2.807329e-03,4.258117e-03,3.487730e-03,5.766415e-03
2.469615e-01,3.953530e-02,9.917689e-03,4.269986e-03,7.058816e-03,1.088879e-02,2.727089e-01,5.042300e-02,2.927762e-01,3.253547e-02,4.752073e-03,6.928882e-03,4.137394e-03,3.376949e-03,1.372915e-02
2.382559e-01,3.792229e-02,1.766597e-02,6.769586e-03,1.117027e-02,1.296965e-02,2.449109e-01,4.560944e-02,2.976252e-01,3.873029e-02,6.818053e-03,1.293512e-02,4.753016e-03,2.968344e-03,2.089601e-02
2.167922e-01,3.447325e-02,1.926237e-02,7.362237e-03,1.251531e-02,2.299260e-02,2.405898e-01,3.955291e-02,2.640953e-01,3.627909e-02,2.546785e-02,3.752559e-02,7.308248e-03,2.583253e-03,3.320007e-02
1.602741e-01,3.381541e-02,1.447797e-02,1.552697e-02,1.096136e-02,3.924726e-02,1.881806e-01,3.001580e-02,2.274791e-01,7.664316e-02,6.337003e-02,3.718457e-02,2.280762e-02,6.590669e-03,7.342540e-02
1.169064e-01,2.569482e-02,1.034601e-02,1.497439e-02,1.068296e-02,3.075146e-02,1.422866e-01,2.230349e-02,1.922222e-01,7.836148e-02,1.400215e-01,4.399107e-02,4.848751e-02,1.468540e-02,1.082847e-01
