1.000000e+00,0.000000e+00,0.000000e+00,0.000000e+00,0.000000e+00,0.000000e+00,0.000000e+00,0.000000e+00,0.000000e+00,0.000000e+00,0.000000e+00,0.000000e+00,0.000000e+00,0.000000e+00,0.000000e+00
1.000000e+00,0.000000e+00,0.000000e+00,0.000000e+00,0.000000e+00,0.000000e+00,0.000000e+00,0.000000e+00,0.000000e+00,0.000000e+00,0.000000e+00,0.000000e+00,0.000000e+00,0.000000e+00,0.000000e+00
1.000000e+00,0.000000e+00,0.000000e+00,0.000000e+00,0.000000e+00,0.000000e+00,0.000000e+00,0.000000e+00,0.000000e+00,0.000000e+00,0.000000e+00,0.000000e+00,0.000000e+00,0.000000e+00,0.000000e+00
1.000000e+00,0.000000e+00,0.000000e+00,0.000000e+00,0.000000e+00,0.000000e+00,0.000000e+00,0.000000e+00,0.000000e+00,0.000000e+00,0.000000e+00,0.000000e+00,0.000000e+00,0.000000e+00,0.000000e+00
1.000000e+00,0.000000e+00,0.000000e+00,0.000000e+00,0.000000e+00,0.000000e+00,0.000000e+00,0.000000e+00,0.000000e+00,0.000000e+00,0.000000e+00,0.000000e+00,0.000000e+00,0.000000e+00,0.000000e+00
1.000000e+00,0.000000e+00,0.000000e+00,0.000000e+00,0.000000e+00,0.000000e+00,0.000000e+00,0.000000e+00,0.000000e+00,0.000000e+00,0.000000e+00,0.000000e+00,0.000000e+00,0.000000e+00,0.000000e+00
1.000000e+00,0.000000e+00,0.000000e+00,0.000000e+00,0.000000e+00,0.000000e+00,0.000000e+00,0.000000e+00,0.000000e+00,0.000000e+00,0.000000e+00,0.000000e+00,0.000000e+00,0.000000e+00,0.000000e+00
1.000000e+00,0.000000e+00,0.000000e+00,0.000000e+00,0.000000e+00,0.000000e+00,0.000000e+00,0.000000e+00,0.000000e+00,0.000000e+00,0.000000e+00,0.000000e+00,0.000000e+00,0.000000e+00,0.000000e+00
1.000000e+00,0.000000e+00,0.000000e+00,0.000000e+00,0.000000e+00,0.000000e+00,0.000000e+00,0.000000e+00,0.000000e+00,0.000000e+00,0.000000e+00,0.000000e+00,0.000000e+00,0.000000e+00,0.000000e+00
1.000000e+00,0.000000e+00,0.000000e+00,0.000000e+00,0.000000e+00,0.000000e+00,0.000000e+00,0.000000e+00,0.000000e+00,0.000000e+00,0.000000e+00,0.000000e+00,0.000000e+00,0.000000e+00,0.000000e+00
1.000000e+00,0.000000e+00,0.000000e+00,0.000000e+00,0.000000e+00,0.000000e+00,0.000000e+00,0.000000e+00,0.000000e+00,0.000000e+00,0.000000e+00,0.000000e+00,0.000000e+00,0.000000e+00,0.000000e+00
1.000000e+00,0.000000e+00,0.000000e+00,0.000000e+00,0.000000e+00,0.000000e+00,0.000000e+00,0.000000e+00,0.000000e+00,0.000000e+00,0.000000e+00,0.000000e+00,0.000000e+00,0.000000e+00,0.000000e+00
1.000000e+00,0.000000e+00,0.000000e+00,0.000000e+00,0.000000e+00,0.000000e+00,0.000000e+00,0.000000e+00,0.000000e+00,0.000000e+00,0.000000e+00,0.000000e+00,0.000000e+00,0.000000e+00,0.000000e+00
1.000000e+00,0.000000e+00,0.000000e+00,0.000000e+00,0.000000e+00,0.000000e+00,0.000000e+00,0.000000e+00,0.000000e+00,0.000000e+00,0.000000e+00,0.000000e+00,0.000000e+00,0.000000e+00,0.000000e+00
1.000000e+00,0.000000e+00,0.000000e+00,0.000000e+00,0.000000e+00,0.000000e+00,0.000000e+00,0.000000e+00,0.000000e+00,0.000000e+00,0.000000e+00,0.000000e+00,0.000000e+00,0.000000e+00,0.000000e+00
1.000000e+00,0.000000e+00,0.000000e+00,0.000000e+00,0.000000e+00,0.000000e+00,0.000000e+00,0.000000e+00,0.000000e+00,0.000000e+00,0.000000e+00,0.000000e+00,0.000000e+00,0.000000e+00,0.000000e+00
1.000000e+00,0.000000e+00,0.000000e+00,0.000000e+00,0.000000e+00,0.000000e+00,0.000000e+00,0.000000e+00,0.000000e+00,0.000000e+00,0.000000e+00,0.000000e+00,0.000000e+00,0.000000e+00,0.000000e+00
1.000000e+00,0.000000e+00,0.000000e+00,0.000000e+00,0.000000e+00,0.000000e+00,0.000000e+00,0.000000e+00,0.000000e+00,0.000000e+00,0.000000e+00,0.000000e+00,0.000000e+00,0.000000e+00,0.000000e+00
1.000000e+00,0.000000e+00,0.000000e+00,0.000000e+00,0.000000e+00,0.000000e+00,0.000000e+00,0.000000e+00,0.000000e+00,0.000000e+00,0.000000e+00,0.000000e+00,0.000000e+00,0.000000e+00,0.000000e+00
1.000000e+00,0.000000e+00,0.000000e+00,0.000000e+00,0.000000e+00,0.000000e+00,0.000000e+00,0.000000e+00,0.000000e+00,0.000000e+00,0.000000e+00,0.000000e+00,0.000000e+00,0.000000e+00,0.000000e+00
1.000000e+00,0.000000e+00,0.000000e+00,0.000000e+00,0.000000e+00,0.000000e+00,0.000000e+00,0.000000e+00,0.000000e+00,0.000000e+00,0.000000e+00,0.000000e+00,0.000000e+00,0.000000e+00,0.000000e+00
1.000000e+00,0.000000e+00,0.000000e+00,0.000000e+00,0.000000e+00,0.000000e+00,0.000000e+00,0.000000e+00,0.000000e+00,0.000000e+00,0.000000e+00,0.000000e+00,0.000000e+00,0.000000e+00,0.000000e+00
1.000000e+00,0.000000e+00,0.000000e+00,0.000000e+00,0.000000e+00,0.000000e+00,0.000000e+00,0.000000e+00,0.000000e+00,0.000000e+00,0.000000e+00,0.000000e+00,0.000000e+00,0.000000e+00,0.000000e+00
1.000000e+00,0.000000e+00,0.000000e+00,0.000000e+00,0.000000e+00,0.000000e+00,0.000000e+00,0.000000e+00,0.000000e+00,0.000000e+00,0.000000e+00,0.000000e+00,0.000000e+00,0.000000e+00,0.000000e+00
1.000000e+00,0.000000e+00,0.000000e+00,0.000000e+00,0.000000e+00,0.000000e+00,0.000000e+00,0.000000e+00,0.000000e+00,0.000000e+00,0.000000e+00,0.000000e+00,0.000000e+00,0.000000e+00,0.000000e+00
1.000000e+00,0.000000e+00,0.000000e+00,0.000000e+00,0.000000e+00,0.000000e+00,0.000000e+00,0.000000e+00,0.000000e+00,0.000000e+00,0.000000e+00,0.000000e+00,0.000000e+00,0.000000e+00,0.000000e+00
1.000000e+00,0.000000e+00,0.000000e+00,0.000000e+00,0.000000e+00,0.000000e+00,0.000000e+00,0.000000e+00,0.000000e+00,0.000000e+00,0.000000e+00,0.000000e+00,0.000000e+00,0.000000e+00,0.000000e+00
1.000000e+00,0.000000e+00,0.000000e+00,0.000000e+00,0.000000e+00,0.000000e+00,0.000000e+00,0.000000e+00,0.000000e+00,0.000000e+00,0.000000e+00,0.000000e+00,0.000000e+00,0.000000e+00,0.000000e+00
1.000000e+00,0.000000e+00,0.000000e+00,0.000000e+00,0.000000e+00,0.000000e+00,0.000000e+00,0.000000e+00,0.000000e+00,0.000000e+00,0.000000e+00,0.000000e+00,0.000000e+00,0.000000e+00,0.000000e+00
1.000000e+00,0.000000e+00,0.000000e+00,0.000000e+00,0.000000e+00,0.000000e+00,0.000000e+00,0.000000e+00,0.000000e+00,0.000000e+00,0.000000e+00,0.000000e+00,0.000000e+00,0.000000e+00,0.000000e+00
1.000000e+00,0.000000e+00,0.000000e+00,0.000000e+00,0.000000e+00,0.000000e+00,0.000000e+00,0.000000e+00,0.000000e+00,0.000000e+00,0.000000e+00,0.000000e+00,0.000000e+00,0.000000e+00,0.000000e+00
1.000000e+00,0.000000e+00,0.000000e+00,0.000000e+00,0.000000e+00,0.000000e+00,0.000000e+00,0.000000e+00,0.000000e+00,0.000000e+00,0.000000e+00,0.000000e+00,0.000000e+00,0.000000e+00,0.000000e+00
1.000000e+00,0.000000e+00,0.000000e+00,0.000000e+00,0.000000e+00,0.000000e+00,0.000000e+00,0.000000e+00,0.000000e+00,0.000000e+00,0.000000e+00,0.000000e+00,0.000000e+00,0.000000e+00,0.000000e+00
1.000000e+00,0.000000e+00,0.000000e+00,0.000000e+00,0.000000e+00,0.000000e+00,0.000000e+00,0.000000e+00,0.000000e+00,0.000000e+00,0.000000e+00,0.000000e+00,0.000000e+00,0.000000e+00,0.000000e+00
1.000000e+00,0.000000e+00,0.000000e+00,0.000000e+00,0.000000e+00,0.000000e+00,0.000000e+00,0.000000e+00,0.000000e+00,0.000000e+00,0.000000e+00,0.000000e+00,0.000000e+00,0.000000e+00,0.000000e+00
1.000000e+00,0.000000e+00,0.000000e+00,0.000000e+00,0.000000e+00,0.000000e+00,0.000000e+00,0.000000e+00,0.000000e+00,0.000000e+00,0.000000e+00,0.000000e+00,0.000000e+00,0.000000e+00,0.000000e+00
1.000000e+00,0.000000e+00,0.000000e+00,0.000000e+00,0.000000e+00,0.000000e+00,0.000000e+00,0.000000e+00,0.000000e+00,0.000000e+00,0.000000e+00,0.000000e+00,0.000000e+00,0.000000e+00,0.000000e+00
1.000000e+00,0.000000e+00,0.000000e+00,0.000000e+00,0.000000e+00,0.000000e+00,0.000000e+00,0.000000e+00,0.000000e+00,0.000000e+00,0.000000e+00,0.000000e+00,0.000000e+00,0.000000e+00,0.000000e+00
1.000000e+00,0.000000e+00,0.000000e+00,0.000000e+00,0.000000e+00,0.000000e+00,0.000000e+00,0.000000e+00,0.000000e+00,0.000000e+00,0.000000e+00,0.000000e+00,0.000000e+00,0.000000e+00,0.000000e+00
1.000000e+00,0.000000e+00,0.000000e+00,0.000000e+00,0.000000e+00,0.000000e+00,0.000000e+00,0.000000e+00,0.000000e+00,0.000000e+00,0.000000e+00,0.000000e+00,0.000000e+00,0.000000e+00,0.000000e+00
1.000000e+00,0.000000e+00,0.000000e+00,0.000000e+00,0.000000e+00,0.000000e+00,0.000000e+00,0.000000e+00,0.000000e+00,0.000000e+00,0.000000e+00,0.000000e+00,0.000000e+00,0.000000e+00,0.000000e+00
1.000000e+00,0.000000e+00,0.000000e+00,0.000000e+00,0.000000e+00,0.000000e+00,0.000000e+00,0.000000e+00,0.000000e+00,0.000000e+00,0.000000e+00,0.000000e+00,0.000000e+00,0.000000e+00,0.000000e+00
1.000000e+00,0.000000e+00,0.000000e+00,0.000000e+00,0.000000e+00,0.000000e+00,0.000000e+00,0.000000e+00,0.000000e+00,0.000000e+00,0.000000e+00,0.000000e+00,0.000000e+00,0.000000e+00,0.000000e+00
1.000000e+00,0.000000e+00,0.000000e+00,0.000000e+00,0.000000e+00,0.000000e+00,0.000000e+00,0.000000e+00,0.000000e+00,0.000000e+00,0.000000e+00,0.000000e+00,0.000000e+00,0.000000e+00,0.000000e+00
1.000000e+00,0.000000e+00,0.000000e+00,0.000000e+00,0.000000e+00,0.000000e+00,0.000000e+00,0.000000e+00,0.000000e+00,0.000000e+00,0.000000e+00,0.000000e+00,0.000000e+00,0.000000e+00,0.000000e+00
1.000000e+00,0.000000e+00,0.000000e+00,0.000000e+00,0.000000e+00,0.000000e+00,0.000000e+00,0.000000e+00,0.000000e+00,0.000000e+00,0.000000e+00,0.000000e+00,0.000000e+00,0.000000e+00,0.000000e+00
1.000000e+00,0.000000e+00,0.000000e+00,0.000000e+00,0.000000e+00,0.000000e+00,0.000000e+00,0.000000e+00,0.000000e+00,0.000000e+00,0.000000e+00,0.000000e+00,0.000000e+00,0.000000e+00,0.000000e+00
1.000000e+00,0.000000e+00,0.000000e+00,0.000000e+00,0.000000e+00,0.000000e+00,0.000000e+00,0.000000e+00,0.000000e+00,0.000000e+00,0.000000e+00,0.000000e+00,0.000000e+00,0.000000e+00,0.000000e+00
1.000000e+00,0.000000e+00,0.000000e+00,0.000000e+00,0.000000e+00,0.000000e+00,0.000000e+00,0.000000e+00,0.000000e+00,0.000000e+00,0.000000e+00,0.000000e+00,0.000000e+00,0.000000e+00,0.000000e+00
1.000000e+00,0.000000e+00,0.000000e+00,0.000000e+00,0.000000e+00,0.000000e+00,0.000000e+00,0.000000e+00,0.000000e+00,0.000000e+00,0.000000e+00,0.000000e+00,0.000000e+00,0.000000e+00,0.000000e+00
1.000000e+00,0.000000e+00,0.000000e+00,0.000000e+00,0.000000e+00,0.000000e+00,0.000000e+00,0.000000e+00,0.000000e+00,0.000000e+00,0.000000e+00,0.000000e+00,0.000000e+00,0.000000e+00,0.000000e+00
1.000000e+00,0.000000e+00,0.000000e+00,0.000000e+00,0.000000e+00,0.000000e+00,0.000000e+00,0.000000e+00,0.000000e+00,0.000000e+00,0.000000e+00,0.000000e+00,0.000000e+00,0.000000e+00,0.000000e+00
1.000000e+00,0.000000e+00,0.000000e+00,0.000000e+00,0.000000e+00,0.000000e+00,0.000000e+00,0.000000e+00,0.000000e+00,0.000000e+00,0.000000e+00,0.000000e+00,0.000000e+00,0.000000e+00,0.000000e+00
1.000000e+00,0.000000e+00,0.000000e+00,0.000000e+00,0.000000e+00,0.000000e+00,0.000000e+00,0.000000e+00,0.000000e+00,0.000000e+00,0.000000e+00,0.000000e+00,0.000000e+00,0.000000e+00,0.000000e+00
1.000000e+00,0.000000e+00,0.000000e+00,0.000000e+00,0.000000e+00,0.000000e+00,0.000000e+00,0.000000e+00,0.000000e+00,0.000000e+00,0.000000e+00,0.000000e+00,0.000000e+00,0.000000e+00,0.000000e+00
1.000000e+00,0.000000e+00,0.000000e+00,0.000000e+00,0.000000e+00,0.000000e+00,0.000000e+00,0.000000e+00,0.000000e+00,0.000000e+00,0.000000e+00,0.000000e+00,0.000000e+00,0.000000e+00,0.000000e+00
4.687135e-01,5.760970e-03,1.799419e-02,2.494938e-02,3.718724e-03,1.193604e-02,4.733614e-03,4.234314e-01,1.761691e-03,4.780980e-04,6.696290e-03,1.608049e-02,8.065144e-03,1.046137e-03,4.634302e-03
3.427224e-01,4.120423e-03,1.314108e-02,1.821140e-02,2.980839e-03,8.812124e-03,3.661930e-03,5.786076e-01,1.258000e-03,3.544464e-04,4.834176e-03,1.140468e-02,5.781229e-03,8.132861e-04,3.296410e-03
2.779354e-01,3.093483e-03,9.741345e-03,1.324535e-02,2.673534e-03,7.233381e-03,3.348727e-03,6.617741e-01,9.333027e-04,3.027270e-04,3.584680e-03,8.513091e-03,4.435819e-03,6.884253e-04,2.496543e-03
2.016297e-01,2.332080e-03,8.251306e-03,9.817590e-03,2.342039e-03,5.432289e-03,2.824929e-03,7.520740e-01,6.762505e-04,2.308582e-04,2.614091e-03,6.123813e-03,3.213767e-03,6.152210e-04,1.822045e-03
1.504550e-01,1.715249e-03,6.032840e-03,7.109679e-03,2.459182e-03,4.270052e-03,2.597151e-03,8.139461e-01,4.928680e-04,1.967631e-04,1.912235e-03,4.502991e-03,2.483820e-03,4.802690e-04,1.345750e-03
1.171473e-01,1.265752e-03,4.417020e-03,5.168798e-03,2.659725e-03,3.295417e-03,2.188597e-03,8.551978e-01,3.670201e-04,1.789266e-04,1.414040e-03,3.384339e-03,1.943631e-03,3.738424e-04,9.978317e-04
9.235023e-02,9.705804e-04,3.339990e-03,3.853514e-03,4.959884e-03,2.591290e-03,1.680434e-03,8.831743e-01,3.390537e-04,1.984714e-04,1.090357e-03,2.734399e-03,1.662997e-03,2.856525e-04,7.688138e-04
8.739744e-02,7.633517e-04,2.586573e-03,2.931322e-03,4.554606e-03,2.182157e-03,1.315113e-03,8.918800e-01,3.062979e-04,2.442609e-04,8.766758e-04,2.529199e-03,1.478655e-03,2.378022e-04,7.164991e-04
6.887607e-02,5.745751e-04,2.179395e-03,2.430081e-03,5.552284e-03,1.651111e-03,1.214542e-03,9.122025e-01,2.479175e-04,2.234857e-04,6.931931e-04,2.117536e-03,1.278227e-03,1.980913e-04,5.610762e-04
5.324431e-02,4.294863e-04,1.714607e-03,1.842089e-03,5.422981e-03,1.259820e-03,1.195116e-03,9.307033e-01,2.049213e-04,1.852339e-04,5.275834e-04,1.628560e-03,1.047655e-03,1.577631e-04,4.366046e-04
4.085916e-02,3.336599e-04,1.343753e-03,1.401630e-03,5.096337e-03,9.662437e-04,1.062344e-03,9.453933e-01,2.136917e-04,1.737107e-04,4.399371e-04,1.327425e-03,8.877616e-04,1.381692e-04,3.629707e-04
3.556596e-02,2.718093e-04,1.116452e-03,1.156316e-03,5.259771e-03,7.865036e-04,1.130386e-03,9.518798e-01,1.840878e-04,1.521104e-04,3.467232e-04,1.056464e-03,6.903175e-04,1.076191e-04,2.956905e-04
3.555049e-02,2.248486e-04,1.034788e-03,1.019438e-03,5.322048e-03,6.845949e-04,1.281703e-03,9.522725e-01,1.882714e-04,1.669995e-04,3.094708e-04,9.824326e-04,5.921627e-04,1.001140e-04,2.701457e-04
3.064085e-02,1.879561e-04,9.140760e-04,9.480073e-04,6.482188e-03,6.433534e-04,1.240139e-03,9.566867e-01,1.785289e-04,1.540582e-04,2.642543e-04,8.388396e-04,5.132976e-04,8.310203e-05,2.245678e-04
3.314456e-02,1.950271e-04,8.377586e-04,8.863393e-04,6.378646e-03,5.791566e-04,1.188259e-03,9.547076e-01,1.583126e-04,1.346273e-04,2.515886e-04,7.461062e-04,4.913764e-04,7.333420e-05,2.272337e-04
3.844555e-02,2.022693e-04,7.428232e-04,8.304556e-04,5.974461e-03,5.637239e-04,1.053594e-03,9.500721e-01,1.372148e-04,1.284763e-04,2.502830e-04,7.648889e-04,5.199517e-04,6.697507e-05,2.472130e-04
6.044387e-02,3.885706e-04,8.561694e-04,9.050117e-04,6.262959e-03,7.399490e-04,8.670217e-04,9.247152e-01,2.412845e-04,2.280067e-04,4.181938e-04,1.839709e-03,1.374734e-03,1.129366e-04,6.063965e-04
8.019386e-02,8.793175e-04,7.174027e-04,9.530420e-03,9.623010e-03,8.876272e-04,6.346991e-04,8.281230e-01,3.038612e-03,1.130459e-03,5.790956e-03,1.673455e-02,3.975929e-02,6.231873e-04,2.333565e-03
6.675904e-02,1.463224e-03,6.297837e-04,3.472452e-02,1.223385e-02,1.299938e-03,4.666672e-04,6.501070e-01,1.162663e-02,1.543672e-03,3.184061e-02,1.745509e-02,1.582622e-01,1.164240e-03,1.042341e-02
4.960560e-02,1.358854e-03,5.784174e-04,5.354913e-02,1.060318e-02,1.145880e-03,3.573794e-04,4.881258e-01,1.198114e-02,2.094480e-03,4.370173e-02,1.339044e-02,3.093694e-01,8.790866e-04,1.325946e-02
3.813666e-02,1.367560e-03,5.884035e-04,4.920225e-02,1.004951e-02,1.027971e-03,3.260714e-04,3.539735e-01,1.673182e-02,2.049260e-03,4.836126e-02,1.031811e-02,4.528375e-01,6.998638e-04,1.433025e-02
2.716325e-02,1.142350e-03,4.928322e-04,3.771283e-02,7.483144e-03,7.663632e-04,3.394191e-04,2.507609e-01,1.523936e-02,1.916731e-03,4.797036e-02,7.672828e-03,5.820994e-01,5.468047e-04,1.869339e-02
1.974509e-02,1.204634e-03,4.352045e-04,3.147655e-02,5.478439e-03,6.524076e-04,4.784450e-04,1.783555e-01,1.933462e-02,2.111716e-03,4.263073e-02,5.872071e-03,6.600381e-01,4.722193e-04,3.171437e-02
1.426771e-02,9.785168e-04,3.983723e-04,2.287484e-02,4.433159e-03,6.617960e-04,5.268247e-04,1.261545e-01,2.761974e-02,1.609596e-03,5.129827e-02,5.232674e-03,6.623847e-01,4.209770e-04,8.113844e-02
1.000484e-02,7.060993e-04,3.302812e-04,1.618184e-02,3.247451e-03,5.863179e-04,3.815062e-04,8.927177e-02,2.498209e-02,1.141463e-03,4.201555e-02,4.389415e-03,6.984138e-01,3.241237e-04,1.080235e-01
7.043921e-03,5.538249e-04,4.858840e-04,1.184571e-02,2.704936e-03,6.398864e-04,3.980657e-04,6.700096e-02,4.008559e-02,8.591141e-04,3.994195e-02,4.296889e-03,6.977007e-01,3.785962e-04,1.260640e-01
4.987551e-03,4.606031e-04,1.476309e-03,8.590916e-03,5.493846e-03,5.193957e-04,1.473171e-02,1.428820e-01,3.677394e-02,8.038158e-04,3.376900e-02,3.783686e-03,5.720077e-01,4.127101e-04,1.733067e-01
3.568694e-03,4.090236e-04,2.160562e-03,6.233513e-03,6.908947e-03,5.548351e-04,1.378059e-01,2.274885e-01,2.709024e-02,7.304125e-04,2.598708e-02,2.815755e-03,4.170401e-01,3.186539e-04,1.408878e-01
2.593722e-03,3.319278e-04,2.344873e-03,4.437950e-03,5.238946e-03,4.768388e-04,2.762952e-01,2.747127e-01,1.903766e-02,5.345956e-04,1.836261e-02,1.990241e-03,2.931789e-01,2.256812e-04,1.002381e-01
1.992038e-03,2.830279e-04,1.942525e-03,3.138791e-03,4.701349e-03,6.458939e-04,3.445085e-01,3.257883e-01,1.366674e-02,4.061173e-04,1.310849e-02,1.410776e-03,2.167555e-01,1.649311e-04,7.148702e-02
2.432217e-03,2.339036e-04,1.588051e-03,2.349036e-03,4.915886e-03,1.703945e-03,2.864230e-01,4.580858e-01,9.902612e-03,3.845047e-04,9.778326e-03,1.036127e-03,1.683968e-01,1.427194e-04,5.262703e-02
3.049418e-03,2.410220e-04,1.752713e-03,1.994649e-03,5.545445e-03,5.475353e-03,2.767441e-01,4.875259e-01,7.194289e-03,5.634732e-04,8.159447e-03,9.543524e-04,1.588374e-01,1.934288e-04,4.176885e-02
4.227537e-03,3.408661e-04,2.158032e-03,1.757213e-03,6.161216e-03,8.307159e-03,2.589143e-01,5.134040e-01,7.215387e-03,9.219695e-04,9.986793e-03,1.152757e-03,1.443376e-01,2.909663e-04,4.082416e-02
4.348365e-03,2.778180e-04,1.979666e-03,1.796458e-03,5.747581e-03,7.501213e-03,2.613962e-01,5.658106e-01,6.405295e-03,7.745875e-04,9.159750e-03,9.777343e-04,1.025949e-01,2.595591e-04,3.097015e-02
5.838113e-03,2.705679e-04,2.769000e-03,1.898223e-03,4.784664e-03,6.428248e-03,2.533250e-01,6.158349e-01,4.965255e-03,5.871626e-04,7.328008e-03,8.359883e-04,7.275148e-02,2.310668e-04,2.215238e-02
6.841320e-03,2.703186e-04,3.005880e-03,2.116498e-03,4.321970e-03,4.794808e-03,1.866864e-01,7.143375e-01,3.579461e-03,4.444900e-04,5.874564e-03,6.566756e-04,5.129974e-02,1.850649e-04,1.558532e-02
7.776987e-03,5.642567e-04,4.366762e-03,2.269275e-03,4.591983e-03,4.416493e-03,1.422240e-01,7.764781e-01,2.750675e-03,4.545614e-04,4.981379e-03,5.558503e-04,3.656598e-02,2.567762e-04,1.174690e-02
7.748794e-03,6.700455e-04,3.926210e-03,1.989746e-03,6.033123e-03,4.071560e-03,1.312205e-01,7.998163e-01,2.142738e-03,5.338774e-04,4.947452e-03,4.945050e-04,2.734245e-02,2.869306e-04,8.775871e-03
8.072054e-03,1.186894e-03,5.170759e-03,1.812889e-03,6.673392e-03,4.419505e-03,1.500706e-01,7.812371e-01,1.861933e-03,1.508084e-03,5.418406e-03,7.387896e-04,2.297235e-02,4.867836e-04,8.370491e-03
1.335810e-02,1.934846e-03,5.827380e-03,1.833094e-03,7.680701e-03,1.336753e-02,1.211909e-01,7.005151e-01,6.668889e-03,1.963774e-02,4.191013e-02,3.318747e-03,3.960777e-02,3.717993e-03,1.943117e-02
1.130765e-02,2.975822e-03,4.835065e-03,1.446920e-03,7.760401e-03,1.280106e-02,9.119879e-02,5.905524e-01,1.492558e-02,9.228998e-02,4.534429e-02,4.303425e-03,5.354489e-02,6.376320e-03,6.033740e-02
9.773117e-03,2.442020e-03,3.644580e-03,1.257716e-03,7.530218e-03,9.967802e-03,6.967469e-02,4.356618e-01,1.451230e-02,1.826983e-01,4.173672e-02,3.679114e-03,4.962426e-02,6.365733e-03,1.614316e-01
7.598639e-03,1.849909e-03,2.718633e-03,9.936052e-04,6.790434e-03,7.230429e-03,5.076310e-02,3.115325e-01,1.416956e-02,2.690979e-01,3.247841e-02,2.888579e-03,4.561146e-02,5.332659e-03,2.409442e-01
5.504098e-03,1.320080e-03,1.987915e-03,8.443905e-04,5.046625e-03,5.195752e-03,3.582128e-02,2.184799e-01,1.087337e-02,2.425314e-01,2.409726e-02,2.107735e-03,3.786567e-02,3.986289e-03,4.043383e-01
4.112315e-03,9.615959e-04,1.437235e-03,8.053406e-04,3.730682e-03,3.768082e-03,2.521456e-02,1.534198e-01,8.520050e-03,1.876763e-01,1.893987e-02,1.716858e-03,4.123802e-02,3.417788e-03,5.450416e-01
3.084965e-03,7.013671e-04,1.049423e-03,6.877175e-04,2.774749e-03,2.735838e-03,1.773421e-02,1.077254e-01,7.142697e-03,1.373695e-01,1.480144e-02,1.433942e-03,3.949889e-02,3.240329e-03,6.600196e-01
2.479167e-03,5.084747e-04,8.247725e-04,5.843815e-04,2.646391e-03,2.063116e-03,1.244647e-02,7.719959e-02,6.959633e-03,9.751620e-02,1.446806e-02,1.312765e-03,4.879703e-02,2.578616e-03,7.296153e-01
1.971936e-03,3.979452e-04,8.068146e-04,1.070464e-03,3.541565e-03,1.588061e-03,8.740740e-03,1.053853e-01,1.331907e-02,6.864648e-02,1.789201e-02,1.606044e-03,1.261314e-01,1.933057e-03,6.469691e-01
2.056920e-03,4.389660e-04,3.038240e-03,2.728932e-02,2.075295e-02,2.721743e-03,6.199121e-03,2.267849e-01,3.229216e-02,4.824748e-02,1.812533e-02,1.392747e-03,9.510397e-02,1.566102e-03,5.139900e-01
3.524061e-03,6.557860e-04,3.302160e-03,1.542398e-01,6.962421e-02,1.426049e-02,4.743553e-03,2.422977e-01,2.679747e-02,3.382847e-02,1.440156e-02,1.025670e-03,6.682548e-02,1.137110e-03,3.633365e-01
6.246307e-03,9.743554e-04,2.832990e-03,2.493455e-01,1.195175e-01,1.583802e-02,4.169225e-03,2.375232e-01,2.132424e-02,2.370741e-02,1.082969e-02,7.804484e-04,4.702115e-02,8.309804e-04,2.590589e-01
1.568129e-02,2.558986e-03,2.242420e-03,3.145188e-01,1.897171e-01,1.347722e-02,6.201961e-03,1.952594e-01,1.837606e-02,1.667886e-02,8.468615e-03,6.671591e-04,3.376059e-02,5.934665e-04,1.817981e-01
1.827951e-02,3.936246e-03,1.810970e-03,4.433885e-01,1.806962e-01,1.082873e-02,6.833591e-03,1.483196e-01,1.463239e-02,1.180002e-02,6.402378e-03,5.731344e-04,2.443031e-02,4.268633e-04,1.276415e-01
1.609882e-02,3.121363e-03,1.373983e-03,4.688976e-01,2.462628e-01,9.279425e-03,7.005245e-03,1.150443e-01,1.089644e-02,8.397634e-03,5.350000e-03,4.341443e-04,1.786836e-02,3.176476e-04,8.965220e-02
3.135471e-02,2.416778e-03,1.068784e-03,3.295173e-01,2.818761e-01,7.247548e-03,5.265582e-03,2.458463e-01,7.888444e-03,5.880789e-03,4.608765e-03,3.428609e-04,1.365585e-02,2.311625e-04,6.279906e-02
3.278238e-02,1.762421e-03,8.469681e-04,2.309141e-01,2.935953e-01,5.529140e-03,4.356299e-03,3.618094e-01,5.596771e-03,4.120080e-03,4.099154e-03,2.716175e-04,1.011258e-02,1.688315e-04,4.403502e-02
2.551131e-02,1.253881e-03,6.350802e-04,1.617217e-01,2.418409e-01,4.408863e-03,3.960029e-03,5.110661e-01,3.924763e-03,2.889179e-03,3.612829e-03,2.118605e-04,7.936145e-03,1.215612e-04,3.090592e-02
1.953112e-02,8.885094e-04,4.788905e-04,1.133168e-01,1.798533e-01,3.353799e-03,3.052060e-03,6.440526e-01,2.751451e-03,2.027171e-03,3.026393e-03,1.637301e-04,5.756145e-03,8.723574e-05,2.166079e-02
1.873320e-02,6.592552e-04,3.605356e-04,7.972062e-02,1.324429e-01,2.980706e-03,2.560834e-03,6.413113e-01,2.170921e-03,1.730503e-03,4.624255e-02,1.627804e-02,3.825146e-02,8.086863e-04,1.574857e-02
1.681177e-02,5.350073e-04,2.736581e-04,5.600218e-02,9.356581e-02,4.099008e-03,1.961621e-03,4.622858e-01,2.251953e-03,1.897878e-03,7.595703e-02,6.174373e-02,2.101458e-01,7.126139e-04,1.175612e-02
1.241067e-02,4.216926e-04,2.245759e-04,3.958715e-02,6.602687e-02,8.400120e-03,1.588310e-03,3.291866e-01,2.088163e-03,4.911699e-03,8.424960e-02,6.881597e-02,3.663099e-01,6.966931e-04,1.508202e-02
9.252099e-03,3.742808e-04,2.355717e-04,2.815242e-02,4.681987e-02,9.961624e-03,7.743195e-03,2.327457e-01,2.060708e-03,6.601424e-03,6.717884e-02,6.995325e-02,4.651569e-01,3.209902e-03,5.055427e-02
6.682660e-03,4.497105e-04,2.386701e-04,1.993192e-02,3.358693e-02,7.460380e-03,9.145061e-03,1.633160e-01,3.304949e-03,7.116201e-03,6.223083e-02,5.983432e-02,5.401543e-01,1.691035e-02,6.963764e-02
4.690419e-03,4.010647e-04,1.762840e-04,1.408518e-02,2.366577e-02,5.298962e-03,6.457799e-03,1.143946e-01,1.844273e-02,6.786629e-03,4.983309e-02,4.557637e-02,6.293539e-01,2.593781e-02,5.489938e-02
3.390487e-03,1.196797e-03,3.143654e-04,1.096435e-02,1.900787e-02,8.672526e-03,4.637757e-03,8.013031e-02,1.169613e-01,1.617105e-02,5.597889e-02,5.779653e-02,4.776322e-01,4.711891e-02,1.000267e-01
2.517907e-03,1.559241e-03,4.446442e-04,8.999299e-03,1.671058e-02,1.033909e-02,3.411822e-03,5.622648e-02,1.899629e-01,2.245069e-02,9.075082e-02,6.378873e-02,3.860664e-01,5.829235e-02,8.847901e-02
1.945305e-03,1.227919e-03,3.297053e-04,7.855805e-03,1.370325e-02,8.415631e-03,2.528992e-03,3.943355e-02,1.822161e-01,1.953230e-02,7.734222e-02,7.762706e-02,3.683871e-01,1.355116e-01,6.394349e-02
1.452267e-03,1.491278e-03,7.387737e-04,7.384267e-03,1.009742e-02,8.368861e-03,1.864352e-03,2.768907e-02,2.445620e-01,1.692381e-02,8.052813e-02,8.282963e-02,3.183485e-01,1.517571e-01,4.596455e-02
1.284383e-03,6.948063e-03,3.315271e-03,6.411766e-03,7.327414e-03,1.532967e-02,1.356043e-03,1.948292e-02,3.489082e-01,1.439937e-02,7.674928e-02,6.174707e-02,2.286834e-01,1.692665e-01,3.879074e-02
1.246250e-03,6.753684e-03,2.610494e-03,4.670968e-03,5.217973e-03,1.152226e-02,9.521025e-04,1.366414e-02,3.077017e-01,1.100247e-02,5.633079e-02,4.359777e-02,1.604031e-01,3.445064e-01,2.981986e-02
1.268973e-03,6.379162e-03,2.020981e-03,3.410622e-03,3.729830e-03,8.591809e-03,6.699131e-04,9.573051e-03,2.662922e-01,8.072022e-03,4.172515e-02,3.111020e-02,1.127768e-01,4.773307e-01,2.704868e-02
1.137334e-03,1.786561e-02,6.770995e-03,2.525752e-03,2.733476e-03,8.720137e-03,4.785267e-04,6.725982e-03,2.589122e-01,5.886551e-03,3.229076e-02,2.213383e-02,7.914285e-02,5.280607e-01,2.661533e-02
9.591603e-04,1.362897e-02,5.495542e-03,1.824012e-03,1.990141e-03,6.584867e-03,3.357634e-04,4.713043e-03,2.721587e-01,4.264029e-03,2.304428e-02,1.561329e-02,5.549835e-02,5.738292e-01,2.006069e-02
8.767293e-04,9.991910e-03,4.053900e-03,1.314947e-03,1.416904e-03,5.067721e-03,2.355129e-04,3.303772e-03,2.154731e-01,3.045233e-03,1.649624e-02,1.097017e-02,3.889648e-02,6.743762e-01,1.448120e-02
2.070709e-03,1.174391e-02,2.987600e-02,1.212672e-03,1.191942e-03,5.039868e-03,1.808211e-04,2.501129e-03,1.855946e-01,2.264701e-03,1.241513e-02,7.702334e-03,2.735621e-02,6.994848e-01,1.136519e-02
4.291172e-03,2.341579e-02,2.746343e-02,9.898588e-04,1.029887e-03,4.513682e-03,1.426620e-04,2.073043e-03,1.625919e-01,1.735526e-03,9.308702e-03,5.405186e-03,1.925830e-02,7.287527e-01,9.028206e-03
8.744746e-03,2.665497e-02,4.061389e-02,1.487050e-03,3.438261e-03,3.914883e-03,1.328015e-04,2.648638e-03,1.945128e-01,1.702655e-03,7.228332e-03,3.795324e-03,1.356741e-02,6.818041e-01,9.754153e-03
1.115009e-02,2.549084e-02,1.247430e-01,5.895271e-03,6.547385e-03,3.857421e-03,2.366496e-04,8.730315e-03,1.964850e-01,1.378928e-03,6.270085e-03,2.689730e-03,9.590990e-03,5.881028e-01,8.831499e-03
1.334322e-02,1.896455e-02,2.747769e-01,2.810554e-02,9.296599e-03,3.544065e-03,2.146645e-04,8.767580e-03,1.662048e-01,1.054366e-03,5.724087e-03,1.907859e-03,6.778773e-03,4.539602e-01,7.356796e-03
2.671305e-02,1.884085e-02,3.680754e-01,2.605037e-02,2.973986e-02,1.229815e-02,3.080076e-04,8.094454e-03,1.265094e-01,9.731899e-04,5.289587e-03,1.364845e-03,4.894457e-03,3.616580e-01,9.190339e-03
4.289631e-02,1.692049e-02,2.938420e-01,2.130086e-02,3.125791e-02,3.358887e-02,4.693199e-04,6.127279e-03,1.063495e-01,1.003260e-03,6.849498e-03,9.850546e-04,3.674144e-03,4.239156e-01,1.081987e-02
4.311458e-02,7.101239e-02,2.829560e-01,7.670625e-02,3.283090e-02,4.374350e-02,5.502749e-04,4.883489e-03,7.911453e-02,9.655952e-04,5.672236e-03,7.757577e-04,2.791305e-03,3.238038e-01,3.107945e-02
4.369482e-02,6.665474e-02,3.572527e-01,7.402259e-02,2.889778e-02,3.698523e-02,6.447255e-04,4.391030e-03,6.265445e-02,9.958117e-04,9.851190e-03,6.940045e-04,2.167642e-03,2.767612e-01,3.433213e-02
4.281815e-02,6.316478e-02,4.404560e-01,6.774482e-02,2.423355e-02,4.173284e-02,5.828679e-04,4.047077e-03,5.578221e-02,1.681470e-03,7.874396e-03,6.409444e-04,1.781158e-03,2.073859e-01,4.007382e-02
3.381722e-02,6.471035e-02,3.110553e-01,4.772703e-02,1.838147e-02,2.735937e-01,4.321045e-04,2.986576e-03,3.919156e-02,1.208815e-02,8.575818e-03,6.085547e-04,1.302248e-03,1.470963e-01,3.843371e-02
2.790351e-02,6.314590e-02,2.187880e-01,3.362067e-02,1.484953e-02,4.169334e-01,3.287996e-04,2.196622e-03,2.785141e-02,3.917880e-02,8.413056e-03,5.016281e-04,9.399813e-04,1.081051e-01,3.724354e-02
2.072131e-02,4.578855e-02,1.534003e-01,2.438705e-02,1.197914e-02,4.719653e-01,2.859097e-04,2.292775e-03,2.052664e-02,1.359798e-01,6.674033e-03,3.937636e-04,8.731731e-04,7.625897e-02,2.847328e-02
1.491338e-02,3.972180e-02,1.093182e-01,2.136228e-02,9.032011e-03,5.036414e-01,3.397963e-04,1.815332e-03,4.488668e-02,1.250993e-01,3.707414e-02,2.283614e-03,1.325057e-03,5.978535e-02,2.940159e-02
1.057025e-02,3.791642e-02,7.917465e-02,1.673811e-02,7.270615e-03,3.919556e-01,4.610773e-04,1.594589e-03,1.359883e-01,1.443135e-01,9.911478e-02,4.324879e-03,1.820517e-03,4.660853e-02,2.214822e-02
7.527880e-03,2.689384e-02,5.573100e-02,1.219416e-02,5.414554e-03,2.763020e-01,3.864647e-04,1.479432e-03,9.942326e-02,1.060579e-01,2.160722e-01,7.998766e-03,2.676392e-03,1.641014e-01,1.774072e-02
5.407204e-03,1.889100e-02,3.927610e-02,8.888835e-03,4.297982e-03,1.936730e-01,3.263018e-04,1.272322e-03,7.942195e-02,8.502445e-02,3.914612e-01,1.025132e-02,2.835450e-03,1.405401e-01,1.843279e-02
3.882458e-03,1.328419e-02,2.779075e-02,7.054688e-03,5.668605e-03,1.359688e-01,5.590213e-04,1.286188e-03,6.218092e-02,6.515415e-02,4.978237e-01,1.130169e-02,3.047550e-03,1.423267e-01,2.267055e-02
3.026647e-03,9.892024e-03,2.066782e-02,5.668018e-03,7.440732e-03,9.625677e-02,9.630049e-04,2.411537e-03,5.497551e-02,5.188378e-02,4.943550e-01,1.482319e-02,4.889595e-03,1.877601e-01,4.498629e-02
2.578881e-03,7.683655e-03,1.497857e-02,4.966679e-03,9.281155e-03,6.917307e-02,3.171503e-03,6.070175e-03,5.607024e-02,4.576665e-02,3.723332e-01,1.486690e-02,9.791914e-03,3.085785e-01,7.468890e-02
2.935068e-03,6.216734e-03,1.503840e-02,5.881215e-03,1.061165e-02,4.938474e-02,1.151711e-02,6.986834e-02,6.962526e-02,3.942486e-02,2.672239e-01,1.102082e-02,7.825778e-03,3.735874e-01,5.983865e-02
2.975586e-03,1.402587e-02,1.683897e-02,5.648938e-03,9.053970e-03,4.142338e-02,1.087312e-02,8.327767e-02,1.368388e-01,3.725360e-02,1.964400e-01,1.053765e-02,7.611570e-03,3.733975e-01,5.380337e-02
5.282493e-03,1.497543e-02,6.200328e-02,8.550511e-03,1.694718e-02,3.030186e-02,9.162086e-03,1.748624e-01,1.678673e-01,3.054656e-02,1.402560e-01,7.573285e-03,5.813856e-03,2.856920e-01,4.016571e-02
1.053593e-02,2.498398e-02,8.011438e-02,9.462226e-03,2.094470e-02,2.553299e-02,7.396776e-03,1.546329e-01,2.184879e-01,3.078721e-02,9.990959e-02,5.534859e-03,4.613316e-03,2.737429e-01,3.332034e-02
3.691052e-02,2.352391e-02,7.442909e-02,8.327873e-03,5.130466e-02,5.867636e-02,1.252626e-02,1.232953e-01,2.367361e-01,5.402123e-02,7.158695e-02,4.207578e-03,4.389703e-03,2.148601e-01,2.520434e-02
6.776958e-02,3.017229e-02,6.185848e-02,8.604945e-03,1.046270e-01,8.389531e-02,3.559011e-02,9.053922e-02,1.831490e-01,8.341579e-02,5.184853e-02,3.529045e-03,4.357901e-03,1.721093e-01,1.853346e-02
8.521790e-02,3.229755e-02,5.496628e-02,2.149437e-02,1.285186e-01,1.053783e-01,3.618296e-02,7.606586e-02,1.529066e-01,9.409221e-02,4.039985e-02,4.172380e-03,4.813462e-03,1.483746e-01,1.511906e-02
8.592558e-02,3.970771e-02,5.201314e-02,2.460622e-02,1.660939e-01,9.994803e-02,3.803910e-02,8.135480e-02,1.155405e-01,1.307376e-01,3.259502e-02,4.832251e-03,4.962426e-03,1.115780e-01,1.206567e-02
8.082429e-02,3.318612e-02,4.777859e-02,2.211132e-02,1.980990e-01,8.927847e-02,5.013248e-02,1.456867e-01,8.481342e-02,1.255760e-01,2.526461e-02,3.907082e-03,4.475608e-03,8.000521e-02,8.861234e-03
7.619535e-02,2.730203e-02,5.633072e-02,2.122428e-02,2.113794e-01,7.205500e-02,4.314255e-02,2.435199e-01,6.139140e-02,9.618753e-02,1.956410e-02,3.568396e-03,4.495485e-03,5.661468e-02,7.029199e-03
6.587724e-02,2.008902e-02,4.853119e-02,2.096085e-02,1.594131e-01,5.314777e-02,3.335019e-02,4.181979e-01,4.381482e-02,7.045273e-02,1.424679e-02,2.725890e-03,3.614494e-03,4.000255e-02,5.575514e-03
8.931172e-02,1.677607e-02,5.374624e-02,2.241882e-02,1.333334e-01,4.323674e-02,3.079933e-02,4.684378e-01,3.296871e-02,5.292226e-02,1.223612e-02,3.382546e-03,3.974868e-03,2.879522e-02,7.660242e-03
8.107083e-02,1.359384e-02,6.060274e-02,2.064759e-02,1.144549e-01,6.008640e-02,2.520021e-02,5.034822e-01,2.489898e-02,4.427024e-02,1.089626e-02,3.717595e-03,3.873487e-03,2.079945e-02,1.240537e-02
9.710865e-02,1.262051e-02,5.196567e-02,2.385728e-02,9.937375e-02,7.219120e-02,2.076116e-02,5.136730e-01,1.923108e-02,3.678783e-02,1.059777e-02,6.510701e-03,4.341319e-03,1.514361e-02,1.583648e-02
9.843114e-02,1.872514e-02,4.766364e-02,2.713165e-02,1.081687e-01,8.429530e-02,1.651949e-02,4.962932e-01,1.699506e-02,2.841083e-02,1.050873e-02,7.162385e-03,5.114215e-03,1.143785e-02,2.314266e-02
9.741246e-02,1.755199e-02,3.937905e-02,2.614796e-02,1.041742e-01,9.218094e-02,1.370911e-02,5.215162e-01,1.270824e-02,2.171676e-02,9.274615e-03,7.592259e-03,6.123131e-03,8.462623e-03,2.205049e-02
1.036348e-01,1.767100e-02,3.937953e-02,3.051142e-02,9.399804e-02,1.563452e-01,1.216217e-02,4.528327e-01,9.902570e-03,1.929760e-02,9.972136e-03,1.006536e-02,6.976538e-03,7.027838e-03,3.022304e-02
8.574013e-02,2.006200e-02,3.771614e-02,5.310780e-02,8.244722e-02,2.586621e-01,9.468310e-03,3.216656e-01,1.442955e-02,2.017447e-02,2.005972e-02,2.197061e-02,1.307146e-02,6.100837e-03,3.532406e-02
6.379490e-02,2.549816e-02,4.627135e-02,1.100158e-01,6.378312e-02,2.697352e-01,7.407690e-03,2.257369e-01,2.500376e-02,2.433389e-02,2.704649e-02,2.823013e-02,2.469268e-02,4.817663e-03,5.363216e-02
4.565938e-02,3.797096e-02,8.800554e-02,1.511781e-01,4.736605e-02,1.953408e-01,6.127927e-03,1.581174e-01,7.364807e-02,2.527189e-02,2.432954e-02,2.674758e-02,2.739797e-02,3.966621e-03,8.887222e-02
3.545630e-02,1.026979e-01,8.212759e-02,1.269028e-01,3.401639e-02,1.556736e-01,4.521023e-03,1.109226e-01,1.292106e-01,2.331165e-02,2.151369e-02,2.276131e-02,2.121839e-02,5.871101e-03,1.237952e-01
3.024790e-02,1.158954e-01,1.112251e-01,1.101030e-01,2.625653e-02,1.194102e-01,3.779850e-03,7.810783e-02,1.286953e-01,4.262569e-02,2.602775e-02,2.142564e-02,2.039653e-02,5.049403e-03,1.607539e-01
4.007193e-02,9.589285e-02,1.735874e-01,8.437249e-02,2.663303e-02,9.435943e-02,3.184507e-03,5.776468e-02,1.155728e-01,3.806182e-02,6.918279e-02,1.818167e-02,1.773680e-02,2.339650e-02,1.420013e-01
3.865407e-02,7.971079e-02,1.922561e-01,6.263734e-02,2.393965e-02,7.454181e-02,2.670895e-03,4.252619e-02,1.371632e-01,3.075300e-02,7.041672e-02,1.421609e-02,1.474385e-02,5.947060e-02,1.562996e-01
3.598464e-02,6.810775e-02,1.366994e-01,4.612023e-02,1.756162e-02,5.433092e-02,1.980791e-03,3.076530e-02,1.929311e-01,3.080091e-02,6.017460e-02,1.113933e-02,1.172006e-02,1.355641e-01,1.661192e-01
3.287425e-02,5.165800e-02,1.359266e-01,1.106591e-01,1.501981e-02,4.241104e-02,2.020535e-03,2.468166e-02,2.595064e-01,2.752982e-02,5.547153e-02,9.386013e-03,1.037449e-02,1.006894e-01,1.217913e-01
2.612918e-02,3.938239e-02,2.135264e-01,1.454127e-01,1.417153e-02,3.117090e-02,1.702780e-03,1.766098e-02,2.405286e-01,2.880338e-02,5.305762e-02,8.348445e-03,8.856179e-03,7.916940e-02,9.207936e-02
1.985024e-02,3.734282e-02,2.358825e-01,1.137657e-01,1.089978e-02,2.234236e-02,1.237246e-03,1.256454e-02,2.955697e-01,3.145154e-02,4.341465e-02,7.879253e-03,7.124695e-03,7.564540e-02,8.502939e-02
1.808225e-02,3.692212e-02,2.214251e-01,8.309121e-02,8.749349e-03,1.666092e-02,9.472407e-04,9.030889e-03,2.955793e-01,3.631428e-02,4.430108e-02,6.930435e-03,6.515749e-03,1.229817e-01,9.246840e-02
1.671225e-02,3.231214e-02,2.123705e-01,5.985972e-02,6.805815e-03,1.324128e-02,7.407253e-04,6.544885e-03,2.371899e-01,6.030145e-02,4.203254e-02,5.682064e-03,5.445783e-03,2.010822e-01,9.967872e-02
1.990525e-02,2.766480e-02,2.015519e-01,4.354007e-02,6.321152e-03,1.211598e-02,6.184817e-04,5.581050e-03,1.997098e-01,8.017839e-02,4.110644e-02,5.141019e-03,4.561261e-03,2.534121e-01,9.859235e-02
1.624080e-02,2.977688e-02,2.664012e-01,8.094857e-02,7.289938e-03,9.622734e-03,4.954551e-04,4.978509e-03,1.646219e-01,8.291582e-02,3.222775e-02,4.567801e-03,3.796419e-03,1.825419e-01,1.135742e-01
1.268112e-02,2.739069e-02,3.092471e-01,8.781994e-02,6.288062e-03,7.302759e-03,4.031105e-04,3.640535e-03,1.500727e-01,8.880723e-02,2.831783e-02,4.689982e-03,3.536857e-03,1.484527e-01,1.213494e-01
1.042021e-02,2.593983e-02,2.600533e-01,7.014351e-02,5.161709e-03,6.045310e-03,3.464687e-04,2.669489e-03,1.701979e-01,1.461744e-01,3.218318e-02,4.362563e-03,3.980685e-03,1.203041e-01,1.420173e-01
1.423402e-02,5.529484e-02,2.017832e-01,5.458847e-02,4.069566e-03,4.879365e-03,3.204289e-04,2.078438e-03,1.734487e-01,1.688171e-01,2.786383e-02,6.005284e-03,4.696098e-03,1.181333e-01,1.637872e-01
2.498966e-02,6.380378e-02,2.057139e-01,5.579451e-02,3.970412e-03,4.796917e-03,4.094949e-04,2.345213e-03,1.653050e-01,1.710529e-01,2.434927e-02,7.192149e-03,7.621019e-03,9.354848e-02,1.691072e-01
5.059566e-02,7.793820e-02,2.056383e-01,5.275310e-02,6.115680e-03,5.999229e-03,4.410433e-04,3.916792e-03,1.480324e-01,1.881069e-01,2.111489e-02,5.984485e-03,7.071145e-03,7.337895e-02,1.529133e-01
5.725472e-02,7.322435e-02,3.247295e-01,4.105003e-02,1.064543e-02,9.418136e-03,4.106624e-03,2.272028e-02,1.177154e-01,1.403194e-01,1.627990e-02,5.256506e-03,7.270372e-03,5.298228e-02,1.170271e-01
6.123537e-02,8.089277e-02,3.664923e-01,3.059795e-02,1.253159e-02,1.276913e-02,2.757174e-02,4.362904e-02,9.288756e-02,1.061944e-01,1.288062e-02,4.902943e-03,7.390944e-03,3.957098e-02,1.004527e-01
7.572679e-02,8.494265e-02,3.586761e-01,2.562835e-02,1.647788e-02,3.560047e-02,3.430330e-02,6.195339e-02,7.244714e-02,9.213344e-02,1.345628e-02,4.426505e-03,6.939875e-03,3.068023e-02,8.660763e-02
7.792895e-02,7.797296e-02,2.758415e-01,1.937563e-02,1.538563e-02,4.567739e-02,9.569744e-02,1.361513e-01,6.101555e-02,7.419295e-02,1.068164e-02,3.805870e-03,6.459993e-03,2.323277e-02,7.658039e-02
7.314432e-02,6.819542e-02,2.050435e-01,1.521198e-02,1.231412e-02,4.373151e-02,1.508378e-01,2.199297e-01,4.778569e-02,5.715808e-02,8.353560e-03,3.299307e-03,5.337069e-03,1.803713e-02,7.162086e-02
9.592997e-02,6.553024e-02,1.506283e-01,1.260484e-02,1.057171e-02,3.873349e-02,1.526382e-01,2.840505e-01,5.239107e-02,4.967589e-02,6.870604e-03,2.939428e-03,4.380404e-03,1.470559e-02,5.834977e-02
1.034902e-01,6.664932e-02,1.183879e-01,1.135837e-02,1.019176e-02,3.725560e-02,2.090949e-01,2.796940e-01,5.202983e-02,4.064772e-02,5.659493e-03,2.872741e-03,3.788251e-03,1.167679e-02,4.720322e-02
1.754102e-01,5.997425e-02,9.673259e-02,9.353337e-03,8.431165e-03,3.089958e-02,2.201528e-01,2.498683e-01,5.660759e-02,3.157652e-02,4.656305e-03,4.138281e-03,3.113918e-03,1.142448e-02,3.766067e-02
2.810636e-01,4.621424e-02,7.693687e-02,7.619666e-03,6.851099e-03,2.806615e-02,2.078110e-01,2.120243e-01,5.778579e-02,2.629660e-02,3.789131e-03,4.721293e-03,3.092807e-03,9.539583e-03,2.818799e-02
3.335883e-01,3.766536e-02,7.357167e-02,7.637256e-03,6.334054e-03,2.361425e-02,2.209834e-01,1.719122e-01,5.941780e-02,2.251788e-02,3.714491e-03,5.332095e-03,3.416821e-03,8.294564e-03,2.199985e-02
3.676332e-01,2.778020e-02,7.252426e-02,6.835341e-03,5.733997e-03,2.342630e-02,2.340041e-01,1.484761e-01,4.863030e-02,2.291444e-02,4.298897e-03,7.386964e-03,4.437636e-03,6.994270e-03,1.892411e-02
4.137994e-01,2.057787e-02,6.067007e-02,6.064055e-03,5.397289e-03,2.495768e-02,2.336222e-01,1.304623e-01,3.784166e-02,2.223925e-02,4.249294e-03,9.928001e-03,6.160895e-03,5.845584e-03,1.818432e-02
1.000000e+00,0.000000e+00,0.000000e+00,0.000000e+00,0.000000e+00,0.000000e+00,0.000000e+00,0.000000e+00,0.000000e+00,0.000000e+00,0.000000e+00,0.000000e+00,0.000000e+00,0.000000e+00,0.000000e+00
1.000000e+00,0.000000e+00,0.000000e+00,0.000000e+00,0.000000e+00,0.000000e+00,0.000000e+00,0.000000e+00,0.000000e+00,0.000000e+00,0.000000e+00,0.000000e+00,0.000000e+00,0.000000e+00,0.000000e+00
4.499100e-01,9.085135e-03,4.624911e-02,4.258244e-03,6.526020e-03,3.870744e-02,2.379955e-01,8.617131e-02,1.864565e-02,2.358152e-02,4.521747e-03,3.818918e-02,1.654843e-02,3.250575e-03,1.636012e-02
3.324106e-01,7.612676e-03,3.962776e-02,3.977568e-03,8.613062e-03,4.223528e-02,3.171614e-01,7.568964e-02,1.400468e-02,2.660241e-02,2.547307e-02,4.245197e-02,4.105313e-02,3.622103e-03,1.946477e-02
2.383678e-01,5.997723e-03,2.953001e-02,3.308832e-03,9.996722e-03,4.835291e-02,3.282836e-01,6.347296e-02,1.093150e-02,9.088698e-02,3.949024e-02,4.794551e-02,4.746332e-02,6.419693e-03,2.955231e-02
