1.000000e+00,0.000000e+00,0.000000e+00,0.000000e+00,0.000000e+00,0.000000e+00,0.000000e+00,0.000000e+00,0.000000e+00,0.000000e+00,0.000000e+00,0.000000e+00,0.000000e+00,0.000000e+00,0.000000e+00
1.000000e+00,0.000000e+00,0.000000e+00,0.000000e+00,0.000000e+00,0.000000e+00,0.000000e+00,0.000000e+00,0.000000e+00,0.000000e+00,0.000000e+00,0.000000e+00,0.000000e+00,0.000000e+00,0.000000e+00
1.000000e+00,0.000000e+00,0.000000e+00,0.000000e+00,0.000000e+00,0.000000e+00,0.000000e+00,0.000000e+00,0.000000e+00,0.000000e+00,0.000000e+00,0.000000e+00,0.000000e+00,0.000000e+00,0.000000e+00
1.000000e+00,0.000000e+00,0.000000e+00,0.000000e+00,0.000000e+00,0.000000e+00,0.000000e+00,0.000000e+00,0.000000e+00,0.000000e+00,0.000000e+00,0.000000e+00,0.000000e+00,0.000000e+00,0.000000e+00
1.000000e+00,0.000000e+00,0.000000e+00,0.000000e+00,0.000000e+00,0.000000e+00,0.000000e+00,0.000000e+00,0.000000e+00,0.000000e+00,0.000000e+00,0.000000e+00,0.000000e+00,0.000000e+00,0.000000e+00
1.000000e+00,0.000000e+00,0.000000e+00,0.000000e+00,0.000000e+00,0.000000e+00,0.000000e+00,0.000000e+00,0.000000e+00,0.000000e+00,0.000000e+00,0.000000e+00,0.000000e+00,0.000000e+00,0.000000e+00
1.000000e+00,0.000000e+00,0.000000e+00,0.000000e+00,0.000000e+00,0.000000e+00,0.000000e+00,0.000000e+00,0.000000e+00,0.000000e+00,0.000000e+00,0.000000e+00,0.000000e+00,0.000000e+00,0.000000e+00
1.000000e+00,0.000000e+00,0.000000e+00,0.000000e+00,0.000000e+00,0.000000e+00,0.000000e+00,0.000000e+00,0.000000e+00,0.000000e+00,0.000000e+00,0.000000e+00,0.000000e+00,0.000000e+00,0.000000e+00
1.000000e+00,0.000000e+00,0.000000e+00,0.000000e+00,0.000000e+00,0.000000e+00,0.000000e+00,0.000000e+00,0.000000e+00,0.000000e+00,0.000000e+00,0.000000e+00,0.000000e+00,0.000000e+00,0.000000e+00
1.000000e+00,0.000000e+00,0.000000e+00,0.000000e+00,0.000000e+00,0.000000e+00,0.000000e+00,0.000000e+00,0.000000e+00,0.000000e+00,0.000000e+00,0.000000e+00,0.000000e+00,0.000000e+00,0.000000e+00
1.000000e+00,0.000000e+00,0.000000e+00,0.000000e+00,0.000000e+00,0.000000e+00,0.000000e+00,0.000000e+00,0.000000e+00,0.000000e+00,0.000000e+00,0.000000e+00,0.000000e+00,0.000000e+00,0.000000e+00
1.000000e+00,0.000000e+00,0.000000e+00,0.000000e+00,0.000000e+00,0.000000e+00,0.000000e+00,0.000000e+00,0.000000e+00,0.000000e+00,0.000000e+00,0.000000e+00,0.000000e+00,0.000000e+00,0.000000e+00
1.000000e+00,0.000000e+00,0.000000e+00,0.000000e+00,0.000000e+00,0.000000e+00,0.000000e+00,0.000000e+00,0.000000e+00,0.000000e+00,0.000000e+00,0.000000e+00,0.000000e+00,0.000000e+00,0.000000e+00
1.000000e+00,0.000000e+00,0.000000e+00,0.000000e+00,0.000000e+00,0.000000e+00,0.000000e+00,0.000000e+00,0.000000e+00,0.000000e+00,0.000000e+00,0.000000e+00,0.000000e+00,0.000000e+00,0.000000e+00
1.000000e+00,0.000000e+00,0.000000e+00,0.000000e+00,0.000000e+00,0.000000e+00,0.000000e+00,0.000000e+00,0.000000e+00,0.000000e+00,0.000000e+00,0.000000e+00,0.000000e+00,0.000000e+00,0.000000e+00
1.000000e+00,0.000000e+00,0.000000e+00,0.000000e+00,0.000000e+00,0.000000e+00,0.000000e+00,0.000000e+00,0.000000e+00,0.000000e+00,0.000000e+00,0.000000e+00,0.000000e+00,0.000000e+00,0.000000e+00
1.000000e+00,0.000000e+00,0.000000e+00,0.000000e+00,0.000000e+00,0.000000e+00,0.000000e+00,0.000000e+00,0.000000e+00,0.000000e+00,0.000000e+00,0.000000e+00,0.000000e+00,0.000000e+00,0.000000e+00
1.000000e+00,0.000000e+00,0.000000e+00,0.000000e+00,0.000000e+00,0.000000e+00,0.000000e+00,0.000000e+00,0.000000e+00,0.000000e+00,0.000000e+00,0.000000e+00,0.000000e+00,0.000000e+00,0.000000e+00
1.000000e+00,0.000000e+00,0.000000e+00,0.000000e+00,0.000000e+00,0.000000e+00,0.000000e+00,0.000000e+00,0.000000e+00,0.000000e+00,0.000000e+00,0.000000e+00,0.000000e+00,0.000000e+00,0.000000e+00
1.000000e+00,0.000000e+00,0.000000e+00,0.000000e+00,0.000000e+00,0.000000e+00,0.000000e+00,0.000000e+00,0.000000e+00,0.000000e+00,0.000000e+00,0.000000e+00,0.000000e+00,0.000000e+00,0.000000e+00
1.000000e+00,0.000000e+00,0.000000e+00,0.000000e+00,0.000000e+00,0.000000e+00,0.000000e+00,0.000000e+00,0.000000e+00,0.000000e+00,0.000000e+00,0.000000e+00,0.000000e+00,0.000000e+00,0.000000e+00
1.000000e+00,0.000000e+00,0.000000e+00,0.000000e+00,0.000000e+00,0.000000e+00,0.000000e+00,0.000000e+00,0.000000e+00,0.000000e+00,0.000000e+00,0.000000e+00,0.000000e+00,0.000000e+00,0.000000e+00
1.000000e+00,0.000000e+00,0.000000e+00,0.000000e+00,0.000000e+00,0.000000e+00,0.000000e+00,0.000000e+00,0.000000e+00,0.000000e+00,0.000000e+00,0.000000e+00,0.000000e+00,0.000000e+00,0.000000e+00
1.000000e+00,0.000000e+00,0.000000e+00,0.000000e+00,0.000000e+00,0.000000e+00,0.000000e+00,0.000000e+00,0.000000e+00,0.000000e+00,0.000000e+00,0.000000e+00,0.000000e+00,0.000000e+00,0.000000e+00
1.000000e+00,0.000000e+00,0.000000e+00,0.000000e+00,0.000000e+00,0.000000e+00,0.000000e+00,0.000000e+00,0.000000e+00,0.000000e+00,0.000000e+00,0.000000e+00,0.000000e+00,0.000000e+00,0.000000e+00
1.000000e+00,0.000000e+00,0.000000e+00,0.000000e+00,0.000000e+00,0.000000e+00,0.000000e+00,0.000000e+00,0.000000e+00,0.000000e+00,0.000000e+00,0.000000e+00,0.000000e+00,0.000000e+00,0.000000e+00
1.000000e+00,0.000000e+00,0.000000e+00,0.000000e+00,0.000000e+00,0.000000e+00,0.000000e+00,0.000000e+00,0.000000e+00,0.000000e+00,0.000000e+00,0.000000e+00,0.000000e+00,0.000000e+00,0.000000e+00
1.000000e+00,0.000000e+00,0.000000e+00,0.000000e+00,0.000000e+00,0.000000e+00,0.000000e+00,0.000000e+00,0.000000e+00,0.000000e+00,0.000000e+00,0.000000e+00,0.000000e+00,0.000000e+00,0.000000e+00
1.000000e+00,0.000000e+00,0.000000e+00,0.000000e+00,0.000000e+00,0.000000e+00,0.000000e+00,0.000000e+00,0.000000e+00,0.000000e+00,0.000000e+00,0.000000e+00,0.000000e+00,0.000000e+00,0.000000e+00
1.000000e+00,0.000000e+00,0.000000e+00,0.000000e+00,0.000000e+00,0.000000e+00,0.000000e+00,0.000000e+00,0.000000e+00,0.000000e+00,0.000000e+00,0.000000e+00,0.000000e+00,0.000000e+00,0.000000e+00
1.000000e+00,0.000000e+00,0.000000e+00,0.000000e+00,0.000000e+00,0.000000e+00,0.000000e+00,0.000000e+00,0.000000e+00,0.000000e+00,0.000000e+00,0.000000e+00,0.000000e+00,0.000000e+00,0.000000e+00
1.000000e+00,0.000000e+00,0.000000e+00,0.000000e+00,0.000000e+00,0.000000e+00,0.000000e+00,0.000000e+00,0.000000e+00,0.000000e+00,0.000000e+00,0.000000e+00,0.000000e+00,0.000000e+00,0.000000e+00
1.000000e+00,0.000000e+00,0.000000e+00,0.000000e+00,0.000000e+00,0.000000e+00,0.000000e+00,0.000000e+00,0.000000e+00,0.000000e+00,0.000000e+00,0.000000e+00,0.000000e+00,0.000000e+00,0.000000e+00
1.000000e+00,0.000000e+00,0.000000e+00,0.000000e+00,0.000000e+00,0.000000e+00,0.000000e+00,0.000000e+00,0.000000e+00,0.000000e+00,0.000000e+00,0.000000e+00,0.000000e+00,0.000000e+00,0.000000e+00
1.000000e+00,0.000000e+00,0.000000e+00,0.000000e+00,0.000000e+00,0.000000e+00,0.000000e+00,0.000000e+00,0.000000e+00,0.000000e+00,0.000000e+00,0.000000e+00,0.000000e+00,0.000000e+00,0.000000e+00
1.000000e+00,0.000000e+00,0.000000e+00,0.000000e+00,0.000000e+00,0.000000e+00,0.000000e+00,0.000000e+00,0.000000e+00,0.000000e+00,0.000000e+00,0.000000e+00,0.000000e+00,0.000000e+00,0.000000e+00
1.000000e+00,0.000000e+00,0.000000e+00,0.000000e+00,0.000000e+00,0.000000e+00,0.000000e+00,0.000000e+00,0.000000e+00,0.000000e+00,0.000000e+00,0.000000e+00,0.000000e+00,0.000000e+00,0.000000e+00
1.000000e+00,0.000000e+00,0.000000e+00,0.000000e+00,0.000000e+00,0.000000e+00,0.000000e+00,0.000000e+00,0.000000e+00,0.000000e+00,0.000000e+00,0.000000e+00,0.000000e+00,0.000000e+00,0.000000e+00
1.000000e+00,0.000000e+00,0.000000e+00,0.000000e+00,0.000000e+00,0.000000e+00,0.000000e+00,0.000000e+00,0.000000e+00,0.000000e+00,0.000000e+00,0.000000e+00,0.000000e+00,0.000000e+00,0.000000e+00
1.000000e+00,0.000000e+00,0.000000e+00,0.000000e+00,0.000000e+00,0.000000e+00,0.000000e+00,0.000000e+00,0.000000e+00,0.000000e+00,0.000000e+00,0.000000e+00,0.000000e+00,0.000000e+00,0.000000e+00
1.000000e+00,0.000000e+00,0.000000e+00,0.000000e+00,0.000000e+00,0.000000e+00,0.000000e+00,0.000000e+00,0.000000e+00,0.000000e+00,0.000000e+00,0.000000e+00,0.000000e+00,0.000000e+00,0.000000e+00
1.000000e+00,0.000000e+00,0.000000e+00,0.000000e+00,0.000000e+00,0.000000e+00,0.000000e+00,0.000000e+00,0.000000e+00,0.000000e+00,0.000000e+00,0.000000e+00,0.000000e+00,0.000000e+00,0.000000e+00
1.000000e+00,0.000000e+00,0.000000e+00,0.000000e+00,0.000000e+00,0.000000e+00,0.000000e+00,0.000000e+00,0.000000e+00,0.000000e+00,0.000000e+00,0.000000e+00,0.000000e+00,0.000000e+00,0.000000e+00
1.000000e+00,0.000000e+00,0.000000e+00,0.000000e+00,0.000000e+00,0.000000e+00,0.000000e+00,0.000000e+00,0.000000e+00,0.000000e+00,0.000000e+00,0.000000e+00,0.000000e+00,0.000000e+00,0.000000e+00
1.000000e+00,0.000000e+00,0.000000e+00,0.000000e+00,0.000000e+00,0.000000e+00,0.000000e+00,0.000000e+00,0.000000e+00,0.000000e+00,0.000000e+00,0.000000e+00,0.000000e+00,0.000000e+00,0.000000e+00
1.000000e+00,0.000000e+00,0.000000e+00,0.000000e+00,0.000000e+00,0.000000e+00,0.000000e+00,0.000000e+00,0.000000e+00,0.000000e+00,0.000000e+00,0.000000e+00,0.000000e+00,0.000000e+00,0.000000e+00
1.000000e+00,0.000000e+00,0.000000e+00,0.000000e+00,0.000000e+00,0.000000e+00,0.000000e+00,0.000000e+00,0.000000e+00,0.000000e+00,0.000000e+00,0.000000e+00,0.000000e+00,0.000000e+00,0.000000e+00
1.000000e+00,0.000000e+00,0.000000e+00,0.000000e+00,0.000000e+00,0.000000e+00,0.000000e+00,0.000000e+00,0.000000e+00,0.000000e+00,0.000000e+00,0.000000e+00,0.000000e+00,0.000000e+00,0.000000e+00
1.000000e+00,0.000000e+00,0.000000e+00,0.000000e+00,0.000000e+00,0.000000e+00,0.000000e+00,0.000000e+00,0.000000e+00,0.000000e+00,0.000000e+00,0.000000e+00,0.000000e+00,0.000000e+00,0.000000e+00
1.000000e+00,0.000000e+00,0.000000e+00,0.000000e+00,0.000000e+00,0.000000e+00,0.000000e+00,0.000000e+00,0.000000e+00,0.000000e+00,0.000000e+00,0.000000e+00,0.000000e+00,0.000000e+00,0.000000e+00
1.000000e+00,0.000000e+00,0.000000e+00,0.000000e+00,0.000000e+00,0.000000e+00,0.000000e+00,0.000000e+00,0.000000e+00,0.000000e+00,0.000000e+00,0.000000e+00,0.000000e+00,0.000000e+00,0.000000e+00
1.000000e+00,0.000000e+00,0.000000e+00,0.000000e+00,0.000000e+00,0.000000e+00,0.000000e+00,0.000000e+00,0.000000e+00,0.000000e+00,0.000000e+00,0.000000e+00,0.000000e+00,0.000000e+00,0.000000e+00
1.000000e+00,0.000000e+00,0.000000e+00,0.000000e+00,0.000000e+00,0.000000e+00,0.000000e+00,0.000000e+00,0.000000e+00,0.000000e+00,0.000000e+00,0.000000e+00,0.000000e+00,0.000000e+00,0.000000e+00
1.000000e+00,0.000000e+00,0.000000e+00,0.000000e+00,0.000000e+00,0.000000e+00,0.000000e+00,0.000000e+00,0.000000e+00,0.000000e+00,0.000000e+00,0.000000e+00,0.000000e+00,0.000000e+00,0.000000e+00
1.000000e+00,0.000000e+00,0.000000e+00,0.000000e+00,0.000000e+00,0.000000e+00,0.000000e+00,0.000000e+00,0.000000e+00,0.000000e+00,0.000000e+00,0.000000e+00,0.000000e+00,0.000000e+00,0.000000e+00
1.000000e+00,0.000000e+00,0.000000e+00,0.000000e+00,0.000000e+00,0.000000e+00,0.000000e+00,0.000000e+00,0.000000e+00,0.000000e+00,0.000000e+00,0.000000e+00,0.000000e+00,0.000000e+00,0.000000e+00
4.548971e-01,2.829958e-01,5.472542e-03,3.458025e-02,6.073529e-03,7.357892e-03,1.636329e-03,3.667579e-03,4.724421e-03,1.225588e-03,3.965387e-02,1.165198e-01,2.305412e-02,9.516841e-03,8.624347e-03
3.210546e-01,3.022486e-01,6.290869e-03,3.797009e-02,5.789766e-03,5.788591e-03,1.171687e-03,2.807379e-03,4.748027e-03,1.259332e-03,1.688909e-01,9.749548e-02,1.671973e-02,1.646206e-02,1.130294e-02
2.255524e-01,2.382037e-01,5.414329e-03,3.302644e-02,7.913699e-03,5.290650e-03,8.277224e-04,2.097297e-03,4.642208e-03,1.167491e-03,3.265434e-01,9.959760e-02,1.221273e-02,2.400332e-02,1.350708e-02
1.584650e-01,1.675220e-01,3.979482e-03,2.375212e-02,4.363903e-02,6.161978e-03,6.011055e-04,1.552991e-03,3.459403e-03,9.523502e-04,3.810942e-01,1.419775e-01,8.890716e-03,4.773582e-02,1.021640e-02
1.110669e-01,1.173123e-01,2.825245e-03,1.688284e-02,9.536265e-02,5.047723e-03,4.259153e-04,1.105319e-03,2.495042e-03,7.758344e-04,4.748368e-01,1.167265e-01,6.486281e-03,4.139046e-02,7.260242e-03
7.794414e-02,8.220962e-02,2.119993e-03,1.206688e-02,1.412322e-01,6.172489e-03,3.293313e-04,8.240340e-04,1.931857e-03,8.240566e-04,5.075828e-01,1.167754e-01,5.052406e-03,3.966612e-02,5.268700e-03
5.471986e-02,5.765408e-02,1.885089e-03,9.000925e-03,1.652884e-01,6.299445e-03,3.711750e-04,7.066607e-04,1.923374e-03,1.054118e-03,4.295319e-01,1.923825e-01,4.083149e-03,7.127441e-02,3.824831e-03
3.844087e-02,4.058956e-02,1.511195e-03,6.659867e-03,2.693744e-01,5.435721e-03,3.033202e-04,5.571535e-04,1.933625e-03,1.151734e-03,3.496230e-01,2.140602e-01,3.306153e-03,6.412523e-02,2.927948e-03
2.701861e-02,2.869150e-02,1.118506e-03,5.019673e-03,2.258169e-01,4.198735e-03,2.659482e-04,4.657643e-04,2.061737e-03,1.124058e-03,4.432332e-01,1.860651e-01,2.712062e-03,7.009721e-02,2.111067e-03
1.913486e-02,2.058384e-02,8.608542e-04,3.708258e-03,1.766744e-01,3.057446e-03,2.105868e-04,3.923208e-04,1.761070e-03,9.558690e-04,5.491878e-01,1.554745e-01,2.178387e-03,6.429483e-02,1.524955e-03
1.367495e-02,1.498094e-02,6.850301e-04,2.711646e-03,1.363241e-01,2.328223e-03,1.697481e-04,3.327013e-04,1.406117e-03,8.964440e-04,6.193923e-01,1.494032e-01,1.919342e-03,5.463635e-02,1.138933e-03
9.781870e-03,1.203920e-02,6.461184e-04,1.981776e-03,1.110506e-01,2.025360e-03,1.951351e-04,3.519193e-04,1.289699e-03,2.190890e-03,6.565992e-01,1.558020e-01,1.732485e-03,4.325324e-02,1.060533e-03
7.585809e-03,1.001689e-02,1.141307e-03,1.850868e-03,9.434341e-02,2.378182e-03,4.078705e-04,1.427358e-03,1.386490e-03,2.204872e-03,6.940172e-01,1.394942e-01,1.828118e-03,4.087382e-02,1.043661e-03
8.130870e-03,8.751398e-03,1.040155e-03,1.499054e-03,7.035685e-02,2.985301e-03,5.262705e-04,1.586854e-03,1.243251e-03,1.736458e-03,7.224596e-01,1.446855e-01,2.204794e-03,3.186189e-02,9.317957e-04
7.418258e-03,7.942936e-03,9.143302e-04,1.111599e-03,5.414641e-02,3.000877e-03,5.751823e-04,1.383749e-03,1.228225e-03,1.563053e-03,7.386227e-01,1.542956e-01,2.025132e-03,2.483283e-02,9.391356e-04
7.727058e-03,9.034978e-03,8.795548e-04,8.594577e-04,4.599039e-02,3.223181e-03,9.565508e-04,1.312754e-03,1.375600e-03,1.685747e-03,7.458960e-01,1.579659e-01,1.765302e-03,2.005190e-02,1.275590e-03
6.748234e-03,8.285006e-03,9.892739e-04,6.748858e-04,4.084913e-02,5.628412e-03,2.820804e-03,1.306665e-03,1.301073e-03,4.640368e-03,7.731972e-01,1.343369e-01,1.649887e-03,1.535556e-02,2.216593e-03
5.118853e-03,1.250272e-02,5.132688e-03,5.488339e-04,3.655084e-02,6.263553e-03,4.854489e-03,1.073696e-03,1.414866e-03,1.315215e-02,7.791203e-01,1.113402e-01,1.512501e-03,1.201193e-02,9.402270e-03
4.518346e-03,9.766591e-03,7.790640e-03,5.886187e-04,8.463165e-02,6.732262e-03,9.739683e-03,5.011648e-03,2.673762e-03,2.006024e-02,7.395914e-01,8.639396e-02,1.647806e-03,1.046099e-02,1.039232e-02
4.261580e-03,8.164101e-03,1.153338e-02,1.944581e-03,7.611257e-02,9.604286e-03,7.946348e-03,5.305701e-02,7.400617e-03,2.055741e-02,7.003683e-01,6.937671e-02,3.390454e-03,8.034536e-03,1.824798e-02
4.028850e-03,7.485886e-03,1.216092e-02,1.962108e-03,7.618732e-02,2.022334e-02,7.166350e-03,5.743491e-02,7.164224e-03,1.623593e-02,7.097573e-01,5.209877e-02,5.786791e-03,5.783851e-03,1.652342e-02
4.667121e-03,6.755075e-03,9.916633e-03,1.623645e-03,8.169092e-02,2.310213e-02,1.070746e-02,4.338042e-02,5.912122e-03,1.186931e-02,7.359172e-01,3.917087e-02,7.146367e-03,4.225920e-03,1.391479e-02
4.154520e-03,5.017897e-03,7.460956e-03,1.755888e-03,7.395858e-02,3.200706e-02,1.315855e-02,4.407527e-02,5.082575e-03,8.405652e-03,7.367539e-01,3.171724e-02,2.260512e-02,3.131951e-03,1.071482e-02
3.785443e-03,3.590063e-03,5.378644e-03,1.610843e-03,7.005529e-02,4.253336e-02,1.170696e-02,5.540803e-02,4.668049e-03,5.950750e-03,7.251555e-01,2.616236e-02,3.381092e-02,2.520383e-03,7.663399e-03
4.387008e-03,2.624901e-03,3.925185e-03,1.286073e-03,5.938590e-02,4.840824e-02,9.357672e-03,5.399394e-02,4.880361e-03,4.298111e-03,7.212449e-01,2.478194e-02,5.261634e-02,3.237240e-03,5.572218e-03
6.201876e-03,2.854994e-03,3.878140e-03,1.314731e-03,7.634543e-02,4.238165e-02,8.864005e-03,5.269573e-02,1.447224e-02,3.374978e-03,6.948997e-01,2.687881e-02,5.481266e-02,6.043368e-03,4.981659e-03
1.146422e-02,2.882100e-03,8.259697e-03,2.179037e-03,7.360648e-02,4.239302e-02,9.114392e-03,9.182514e-02,2.133574e-02,5.863104e-03,6.000966e-01,4.055257e-02,7.387175e-02,1.009383e-02,6.462339e-03
1.760957e-02,3.940511e-03,2.012087e-02,2.856378e-03,6.524407e-02,4.262889e-02,9.069296e-03,7.518773e-02,2.653692e-02,9.643001e-03,5.022939e-01,5.318322e-02,1.477397e-01,1.248864e-02,1.145728e-02
1.639137e-02,4.685245e-03,5.170289e-02,2.352808e-03,4.830283e-02,3.137130e-02,7.023402e-03,5.525644e-02,2.161547e-02,1.371659e-02,3.669165e-01,6.340858e-02,2.609071e-01,1.114431e-02,4.520526e-02
1.555414e-02,5.974314e-03,8.716136e-02,1.998078e-03,3.575663e-02,2.427857e-02,5.405267e-03,4.325864e-02,1.776218e-02,1.724878e-02,2.615213e-01,8.795273e-02,2.554476e-01,9.887705e-03,1.307928e-01
1.286701e-02,6.321604e-03,1.165042e-01,1.641842e-03,2.644782e-02,1.877974e-02,4.493667e-03,3.686893e-02,1.421196e-02,1.513440e-02,1.852762e-01,1.002233e-01,2.307589e-01,7.648034e-03,2.228225e-01
1.018096e-02,4.999686e-03,9.168067e-02,1.388685e-03,1.884826e-02,1.611012e-02,3.588674e-03,2.763355e-02,1.069099e-02,2.521477e-02,1.309016e-01,8.412486e-02,3.076226e-01,7.897466e-03,2.591170e-01
8.086824e-03,3.930486e-03,7.029206e-02,1.193628e-03,1.339530e-02,1.244725e-02,3.325371e-03,2.064812e-02,7.996517e-03,3.266896e-02,9.248937e-02,6.240813e-02,2.631884e-01,6.296457e-03,4.016332e-01
8.250006e-03,8.369629e-03,6.744699e-02,9.718633e-03,1.035462e-02,1.218615e-02,3.825780e-03,2.911179e-02,2.557814e-02,3.735951e-02,6.831321e-02,5.272092e-02,2.542308e-01,5.516061e-03,4.070178e-01
9.148649e-03,6.243403e-03,4.843472e-02,2.743631e-02,1.044982e-02,1.871837e-02,3.940792e-03,2.349732e-02,2.704142e-02,3.040290e-02,6.809314e-02,5.249214e-02,3.747151e-01,4.559235e-03,2.948267e-01
9.066677e-03,4.707338e-03,3.589495e-02,2.453683e-02,1.572422e-02,1.686440e-02,3.858316e-03,1.700932e-02,2.066007e-02,2.271743e-02,7.754132e-02,5.569286e-02,4.602047e-01,3.750985e-03,2.317707e-01
8.508170e-03,3.623418e-03,2.530862e-02,2.237658e-02,2.579781e-02,1.337160e-02,3.108012e-03,1.260770e-02,1.781152e-02,1.677689e-02,1.143128e-01,1.104989e-01,4.555689e-01,3.135901e-03,1.671932e-01
6.407585e-03,2.575778e-03,1.778447e-02,1.692010e-02,2.602008e-02,9.900490e-03,2.294805e-03,9.325473e-03,1.410364e-02,1.194223e-02,1.256400e-01,1.617454e-01,4.759055e-01,2.212828e-03,1.172217e-01
5.739409e-03,2.033777e-03,1.291887e-02,1.337075e-02,2.138603e-02,1.076420e-02,1.783086e-03,6.847107e-03,1.260332e-02,9.564112e-03,1.506835e-01,2.146122e-01,4.533288e-01,1.791197e-03,8.257363e-02
4.144014e-03,1.461525e-03,9.181822e-03,9.741098e-03,1.594334e-02,8.454815e-03,1.306931e-03,4.865905e-03,9.819651e-03,9.229856e-03,1.314952e-01,3.291792e-01,4.058697e-01,1.307734e-03,5.799926e-02
2.975377e-03,1.035844e-03,6.468507e-03,6.848967e-03,1.180237e-02,6.965240e-03,9.754293e-04,3.437071e-03,8.380417e-03,7.077847e-03,1.159912e-01,3.797902e-01,4.064755e-01,9.591170e-04,4.081695e-02
2.125762e-03,7.427449e-04,4.549018e-03,4.806690e-03,8.776365e-03,5.187540e-03,7.102175e-04,2.413488e-03,6.401223e-03,5.534754e-03,8.719642e-02,5.174190e-01,3.247582e-01,7.204274e-04,2.865823e-02
1.549167e-03,5.373230e-04,3.196525e-03,3.374201e-03,9.771217e-03,4.420151e-03,6.176837e-04,1.722215e-03,8.413518e-03,4.532573e-03,7.162385e-02,5.643007e-01,3.052001e-01,5.546757e-04,2.018623e-02
1.098939e-03,3.814720e-04,2.244140e-03,2.365458e-03,7.213960e-03,3.603189e-03,4.420627e-04,1.217672e-03,5.990380e-03,3.964026e-03,5.038049e-02,6.865417e-01,2.199891e-01,4.237753e-04,1.414369e-02
7.874148e-04,2.718858e-04,1.577209e-03,1.657578e-03,5.675086e-03,3.758754e-03,3.241803e-04,8.840843e-04,4.456904e-03,3.366731e-03,3.548233e-02,7.729078e-01,1.586360e-01,3.072448e-04,9.906891e-03
5.654618e-04,1.911890e-04,1.106229e-03,1.161779e-03,4.685517e-03,2.761680e-03,2.324745e-04,6.600359e-04,3.205495e-03,2.736236e-03,2.496457e-02,8.378362e-01,1.127275e-01,2.279255e-04,6.937800e-03
1.118677e-03,1.632701e-04,9.273509e-04,9.823999e-04,5.425110e-02,2.224792e-03,2.578741e-03,1.690760e-02,8.931081e-03,9.639631e-03,1.882287e-02,7.931108e-01,8.514981e-02,3.000866e-04,4.891867e-03
2.905334e-03,2.101442e-04,2.048214e-03,1.723572e-03,1.031570e-01,2.325136e-03,6.780091e-03,5.981236e-02,1.631427e-02,8.502612e-03,1.410698e-02,7.141875e-01,6.415906e-02,2.901006e-04,3.477724e-03
1.248042e-02,1.141249e-03,4.263678e-03,9.497452e-03,1.492257e-01,9.755659e-03,1.158646e-02,6.482475e-02,4.267336e-02,8.015333e-03,1.071249e-02,6.243426e-01,4.742570e-02,3.315316e-04,3.723648e-03
2.295506e-02,1.729530e-03,6.229758e-03,1.656067e-02,1.312250e-01,3.072234e-02,1.661626e-02,9.014112e-02,3.971355e-02,6.986455e-03,7.777645e-03,5.922190e-01,3.379879e-02,3.988864e-04,2.925925e-03
5.387048e-02,4.282809e-03,6.994344e-03,3.696977e-02,1.258488e-01,3.394724e-02,2.472633e-02,7.935852e-02,4.178962e-02,7.580575e-03,6.006587e-03,5.477413e-01,2.713124e-02,4.679839e-04,3.284351e-03
7.701075e-02,9.732579e-03,8.046791e-03,1.285422e-01,1.586110e-01,3.096481e-02,4.054277e-02,6.973179e-02,3.590492e-02,5.670556e-03,4.739560e-03,4.070358e-01,2.022619e-02,4.037380e-04,2.836477e-03
1.438844e-01,1.033264e-02,8.675737e-03,1.171390e-01,1.764855e-01,2.710015e-02,5.468873e-02,5.424164e-02,3.216719e-02,4.338667e-03,4.198522e-03,3.488927e-01,1.481195e-02,4.001704e-04,2.643134e-03
1.474964e-01,9.694230e-03,1.038696e-02,2.145920e-01,1.783626e-01,2.094795e-02,4.631726e-02,5.547340e-02,2.720325e-02,3.370378e-03,4.315457e-03,2.678310e-01,1.105994e-02,4.272308e-04,2.521870e-03
1.670551e-01,8.071496e-03,1.330932e-02,2.132509e-01,1.883557e-01,1.738131e-02,4.980353e-02,8.482620e-02,2.720174e-02,2.537998e-03,5.053841e-03,2.116106e-01,9.045856e-03,4.054005e-04,2.091058e-03
1.442757e-01,5.910144e-03,1.102714e-02,1.590636e-01,1.792104e-01,1.423043e-02,4.377284e-02,2.510709e-01,2.562428e-02,1.849246e-03,4.360881e-03,1.505410e-01,7.213358e-03,3.132806e-04,1.536810e-03
1.095831e-01,4.198408e-03,7.906999e-03,1.128962e-01,1.430565e-01,1.026480e-02,3.292601e-02,4.434443e-01,1.932347e-02,1.299368e-03,3.121515e-03,1.054301e-01,5.244027e-03,2.222904e-04,1.083008e-03
8.451819e-02,3.010460e-03,5.607758e-03,7.966967e-02,1.084276e-01,7.425359e-03,2.359106e-02,5.920464e-01,1.396333e-02,9.134389e-04,2.249560e-03,7.383576e-02,3.819787e-03,1.577174e-04,7.638860e-04
6.574454e-02,2.154898e-03,3.972631e-03,5.608661e-02,7.899728e-02,5.558857e-03,1.660861e-02,7.033917e-01,9.882634e-03,6.443606e-04,1.691958e-03,5.178951e-02,2.811717e-03,1.141362e-04,5.505052e-04
5.021363e-02,1.529586e-03,2.816373e-03,3.937861e-02,5.707693e-02,4.020336e-03,1.166769e-02,7.857970e-01,6.958817e-03,4.525492e-04,1.259289e-03,3.631970e-02,2.032363e-03,8.397204e-05,3.930573e-04
3.987245e-02,1.107684e-03,2.018264e-03,2.768325e-02,4.097853e-02,3.030550e-03,8.196836e-03,8.434555e-01,4.903037e-03,3.191039e-04,1.035532e-03,2.553116e-02,1.507643e-03,6.941919e-05,2.909635e-04
3.701092e-02,8.413458e-04,1.489024e-03,1.949587e-02,2.972262e-02,2.697337e-03,5.795981e-03,8.782388e-01,3.494194e-03,2.282624e-04,1.094672e-03,1.817946e-02,1.372967e-03,7.748160e-05,2.609691e-04
4.157348e-02,6.986452e-04,1.235928e-03,1.383535e-02,2.205438e-02,4.898625e-03,4.175763e-03,8.880934e-01,2.665415e-03,2.574357e-04,2.805211e-03,1.407171e-02,2.984908e-03,2.343763e-04,4.152756e-04
3.443759e-02,5.212547e-04,9.357448e-04,1.294887e-02,1.560978e-02,1.133002e-02,3.119075e-03,6.449211e-01,2.135773e-03,3.768716e-04,1.043902e-02,4.084046e-02,2.207411e-01,2.880472e-04,1.355176e-03
2.912268e-02,4.370016e-04,7.710102e-04,9.753588e-03,1.154980e-02,1.234163e-02,5.420910e-03,4.630954e-01,2.677150e-03,3.963143e-04,8.701224e-03,2.189868e-01,2.346900e-01,8.252611e-04,1.231092e-03
2.347271e-02,3.593476e-04,6.897554e-04,7.191010e-03,9.511562e-03,1.549348e-02,1.096465e-02,3.322032e-01,2.730062e-03,3.546092e-04,1.425039e-02,4.104169e-01,1.695574e-01,1.644291e-03,1.160683e-03
1.799957e-02,3.592281e-04,6.640338e-04,5.496789e-03,7.672790e-03,1.885470e-02,9.008607e-03,2.366397e-01,2.906740e-03,6.202708e-04,2.330599e-02,5.530019e-01,1.207073e-01,1.562216e-03,1.200187e-03
1.364227e-02,4.512373e-04,6.617848e-04,4.162420e-03,6.634719e-03,2.328450e-02,7.446705e-03,1.678538e-01,3.082867e-03,1.066659e-03,2.733012e-02,6.565100e-01,8.548560e-02,1.251103e-03,1.136304e-03
9.725886e-03,3.749500e-04,4.893572e-04,2.963647e-03,5.905261e-03,1.837658e-02,5.315844e-03,1.178628e-01,2.655077e-03,9.100916e-04,3.173445e-02,7.408746e-01,6.074518e-02,1.206286e-03,8.599384e-04
6.859721e-03,2.804784e-04,3.487980e-04,2.078478e-03,4.194762e-03,1.305906e-02,3.732367e-03,8.257370e-02,1.970780e-03,7.951683e-04,2.664314e-02,8.132910e-01,4.259587e-02,9.652231e-04,6.115689e-04
4.855850e-03,2.450398e-04,2.630550e-04,1.457170e-03,3.008222e-03,9.304073e-03,2.618843e-03,5.781705e-02,1.603134e-03,6.485733e-04,2.840344e-02,8.585857e-01,2.993585e-02,8.131071e-04,4.409270e-04
3.514872e-03,5.310418e-04,8.338319e-04,1.238406e-03,2.825690e-03,8.668454e-03,2.142828e-03,4.121438e-02,1.493968e-03,8.409685e-04,2.358649e-02,8.911346e-01,2.101841e-02,6.451799e-04,3.109233e-04
2.517551e-03,4.039196e-04,5.930031e-04,8.910366e-04,2.134211e-03,6.473152e-03,1.506527e-03,2.890131e-02,1.149660e-03,7.481588e-04,2.878011e-02,9.104543e-01,1.473864e-02,4.897399e-04,2.187257e-04
1.807539e-03,2.946850e-04,4.164029e-04,6.338570e-04,1.598368e-03,4.710282e-03,1.056651e-03,2.023905e-02,9.476343e-04,7.215280e-04,3.723062e-02,9.193922e-01,1.034018e-02,4.564212e-04,1.545014e-04
1.341368e-03,2.432405e-04,2.986623e-04,4.690741e-04,1.494520e-03,3.451104e-03,7.481570e-04,1.417461e-02,9.526627e-04,6.809318e-04,3.297046e-02,9.349329e-01,7.258951e-03,8.708600e-04,1.124227e-04
9.854434e-04,3.571291e-04,2.328895e-04,3.730428e-04,2.487568e-03,2.860504e-03,5.583885e-04,9.991208e-03,8.749139e-04,7.065453e-04,2.986896e-02,9.440274e-01,5.116852e-03,1.474096e-03,8.501099e-05
7.231934e-04,3.646252e-04,1.887109e-04,2.839043e-04,3.084442e-03,2.163747e-03,4.118192e-04,7.029125e-03,6.835629e-04,5.752998e-04,3.892094e-02,9.402797e-01,3.617401e-03,1.606916e-03,6.658900e-05
5.116198e-04,4.472531e-04,1.790797e-04,2.175874e-04,3.717232e-03,1.568005e-03,3.010670e-04,4.946086e-03,6.886316e-04,4.695670e-04,4.277242e-02,9.400098e-01,2.544649e-03,1.561631e-03,6.531637e-05
3.837843e-04,1.553360e-03,5.521386e-04,4.095600e-04,3.786524e-02,1.435288e-03,3.229916e-04,4.845773e-03,1.180553e-03,4.094657e-04,4.012518e-02,9.059978e-01,1.814040e-03,3.010249e-03,9.458937e-05
3.273680e-04,1.824186e-03,5.966971e-03,8.968909e-04,8.715911e-02,2.741135e-03,8.453052e-04,8.262930e-03,3.494866e-03,4.985482e-04,4.767553e-02,8.280758e-01,1.406043e-03,1.052911e-02,2.962025e-04
3.246157e-04,3.521072e-03,1.684155e-02,2.562584e-03,1.734499e-01,8.649694e-03,1.758548e-03,1.203908e-02,7.092121e-03,4.248748e-04,4.740692e-02,7.134143e-01,1.079307e-03,1.108220e-02,3.532046e-04
1.484645e-03,3.619502e-03,2.457065e-02,2.856186e-03,1.716376e-01,4.255236e-02,2.583996e-03,2.518006e-02,6.384148e-02,8.703528e-04,7.593673e-02,5.643287e-01,1.567947e-03,9.600226e-03,9.369531e-03
3.829808e-03,4.849329e-03,3.097769e-02,3.112944e-03,2.683571e-01,4.350885e-02,2.580141e-03,3.998943e-02,8.478846e-02,9.462973e-04,8.638722e-02,4.126467e-01,1.446621e-03,7.487579e-03,9.091784e-03
4.655479e-03,7.930624e-03,4.588264e-02,5.728262e-03,2.740720e-01,9.055522e-02,3.777360e-03,4.635422e-02,1.439030e-01,1.137183e-03,6.475530e-02,2.901025e-01,2.077454e-03,5.456225e-03,1.361253e-02
4.848061e-03,8.768359e-03,1.064999e-01,1.880213e-02,3.183236e-01,8.056587e-02,7.046390e-03,5.744322e-02,1.315718e-01,1.016672e-03,4.579703e-02,2.033448e-01,1.794823e-03,3.859048e-03,1.031827e-02
5.889242e-03,1.338956e-02,9.490418e-02,2.389117e-02,3.379865e-01,1.842875e-01,1.221837e-02,4.233870e-02,9.731548e-02,7.843790e-04,3.249570e-02,1.424001e-01,1.370402e-03,2.737093e-03,7.991640e-03
1.134653e-02,2.740746e-02,8.920591e-02,6.338450e-02,3.734094e-01,1.747173e-01,2.007120e-02,3.326327e-02,7.099003e-02,7.619554e-04,2.304151e-02,9.978208e-02,1.592394e-03,1.986979e-03,9.039552e-03
1.678164e-02,5.351207e-02,7.691531e-02,1.014426e-01,4.030172e-01,1.474400e-01,2.484194e-02,2.560666e-02,5.254547e-02,6.207482e-04,1.643354e-02,6.997475e-02,1.938791e-03,1.446855e-03,7.482348e-03
3.593466e-02,7.323661e-02,8.890055e-02,1.356208e-01,3.801987e-01,1.293851e-01,2.208753e-02,2.120960e-02,4.238356e-02,5.529583e-04,1.208898e-02,4.931213e-02,1.696056e-03,1.100058e-03,6.292745e-03
3.293565e-02,7.272067e-02,6.727061e-02,2.910883e-01,2.960503e-01,1.226946e-01,1.756771e-02,1.669496e-02,3.121259e-02,5.469647e-04,8.826383e-03,3.474015e-02,1.457774e-03,8.091396e-04,5.384294e-03
2.457582e-02,5.353459e-02,4.771676e-02,2.165087e-01,2.122090e-01,3.614009e-01,1.282280e-02,1.195391e-02,2.216789e-02,4.569832e-04,6.558386e-03,2.442261e-02,1.108300e-03,5.887127e-04,3.974635e-03
1.835759e-02,3.829015e-02,3.364786e-02,1.528934e-01,1.496470e-01,5.395364e-01,9.157535e-03,8.493542e-03,1.584934e-02,6.379693e-03,5.099862e-03,1.715714e-02,8.979027e-04,5.750934e-04,4.017541e-03
1.388240e-02,2.727320e-02,2.361523e-02,1.082730e-01,1.052192e-01,6.544238e-01,6.497815e-03,6.202203e-03,1.388194e-02,1.129231e-02,6.822011e-03,1.210021e-02,9.725033e-04,7.938743e-04,8.750388e-03
1.175088e-02,2.088601e-02,1.706829e-02,8.993403e-02,7.456699e-02,6.447293e-01,4.726488e-03,5.140712e-03,5.137545e-02,1.974340e-02,2.676937e-02,8.795715e-03,1.302416e-03,3.362701e-03,1.984827e-02
8.406556e-03,1.618156e-02,1.214004e-02,6.373800e-02,5.242107e-02,6.134313e-01,3.444459e-03,3.762516e-03,1.439477e-01,2.082993e-02,2.663338e-02,6.241714e-03,1.239622e-03,5.469769e-03,2.211240e-02
6.491830e-03,1.298171e-02,8.677311e-03,4.542936e-02,3.729596e-02,5.476074e-01,2.568963e-03,3.489200e-03,1.698273e-01,2.324228e-02,6.026534e-02,4.803416e-03,5.290291e-03,1.664871e-02,5.538093e-02
5.202357e-03,1.004733e-02,6.583670e-03,3.350916e-02,2.687036e-02,3.982535e-01,1.851415e-03,2.727838e-03,3.040812e-01,2.294548e-02,5.489328e-02,3.548039e-03,5.759344e-03,2.048810e-02,1.032390e-01
4.024602e-03,7.397201e-03,4.926679e-03,2.357330e-02,1.970943e-02,2.850387e-01,1.381370e-03,2.024212e-03,2.846973e-01,5.603059e-02,4.774043e-02,3.120404e-03,9.508552e-03,4.072852e-02,2.100988e-01
2.916316e-03,5.326881e-03,3.730256e-03,1.653324e-02,1.431696e-02,2.006152e-01,1.021216e-03,1.484619e-03,2.227352e-01,6.860007e-02,3.907300e-02,2.653202e-03,8.543167e-03,4.710330e-02,3.653474e-01
2.144472e-03,3.811042e-03,2.780348e-03,1.164961e-02,1.055623e-02,1.410001e-01,7.487506e-04,1.244309e-03,1.643549e-01,8.576895e-02,3.458833e-02,2.293718e-03,7.219517e-03,1.015619e-01,4.302779e-01
1.629387e-03,2.789731e-03,2.089890e-03,8.202769e-03,7.735692e-03,9.889189e-02,5.640419e-04,1.025805e-03,1.232594e-01,1.491895e-01,3.614319e-02,2.238921e-03,5.958133e-03,1.222587e-01,4.380230e-01
1.830302e-03,3.217498e-03,5.918638e-03,6.717402e-03,6.017403e-03,7.359312e-02,7.138250e-04,4.367844e-03,9.606550e-02,2.197993e-01,4.640999e-02,3.797154e-03,7.399525e-03,1.750193e-01,3.491333e-01
1.724699e-03,2.496396e-03,4.403898e-03,4.843947e-03,4.704238e-03,5.190612e-02,5.493640e-04,3.520810e-03,8.149649e-02,2.955054e-01,6.237272e-02,6.878312e-03,8.908869e-03,1.906760e-01,2.800127e-01
1.962071e-03,3.572660e-03,3.524781e-03,3.549738e-03,3.536562e-03,3.652252e-02,3.952383e-04,2.636684e-03,9.415863e-02,3.409363e-01,7.194545e-02,1.029377e-02,1.395064e-02,2.102255e-01,2.027894e-01
2.004011e-03,3.452657e-03,2.631116e-03,2.587272e-03,2.732237e-03,2.579963e-02,2.834994e-04,1.996933e-03,2.019086e-01,2.992321e-01,8.921368e-02,1.363679e-02,1.268998e-02,1.969042e-01,1.449273e-01
1.867428e-03,3.971966e-03,2.102319e-03,1.880567e-03,2.164241e-03,1.817715e-02,2.025914e-04,1.492369e-03,3.537167e-01,2.189234e-01,7.807397e-02,1.404162e-02,1.167591e-02,1.843943e-01,1.073155e-01
1.983072e-03,5.732243e-03,1.789690e-03,1.455917e-03,1.702250e-03,1.352075e-02,1.489042e-04,1.084654e-03,4.878664e-01,1.537165e-01,6.743773e-02,1.068126e-02,8.616765e-03,1.669939e-01,7.726984e-02
1.756808e-03,7.936703e-03,1.476499e-03,1.093299e-03,1.283863e-03,9.816171e-03,1.079051e-04,7.724316e-04,5.907301e-01,1.078659e-01,5.379895e-02,8.210024e-03,6.351353e-03,1.538176e-01,5.498236e-02
1.576759e-03,1.288523e-02,1.587762e-03,8.685241e-04,1.115434e-03,7.462909e-03,7.762238e-05,5.796833e-04,6.671572e-01,7.578665e-02,4.000521e-02,5.841260e-03,4.510243e-03,1.405508e-01,3.999473e-02
1.570942e-03,9.458669e-03,2.373460e-03,6.889712e-04,9.481412e-04,6.348586e-03,5.786077e-05,1.092559e-03,7.153965e-01,5.311589e-02,2.893825e-02,4.102863e-03,3.180108e-03,1.444161e-01,2.831116e-02
7.373199e-03,7.642040e-03,4.120938e-02,3.400897e-03,2.402950e-03,7.090856e-03,9.598726e-05,7.492131e-03,7.143125e-01,3.749676e-02,2.111528e-02,2.941465e-03,2.307012e-03,1.251084e-01,2.001117e-02
2.266529e-02,6.230053e-03,8.220470e-02,1.856350e-02,7.271587e-03,6.827480e-03,1.444893e-04,1.216975e-02,6.742831e-01,2.689901e-02,1.582323e-02,2.130027e-03,1.747761e-03,1.082151e-01,1.482488e-02
2.690316e-02,5.114763e-03,9.480463e-02,2.516427e-02,8.678541e-03,5.740564e-03,1.196087e-04,1.911682e-02,6.653255e-01,1.924969e-02,1.194774e-02,1.589896e-03,1.316579e-03,1.039945e-01,1.093375e-02
3.933629e-02,3.843689e-03,8.399197e-02,2.074158e-02,7.325505e-03,4.746448e-03,1.110849e-04,1.496471e-02,7.004442e-01,1.405693e-02,1.053966e-02,1.169142e-03,9.735017e-04,8.789815e-02,9.857138e-03
4.961875e-02,3.295357e-03,6.797806e-02,1.544127e-02,6.456645e-03,4.954359e-03,1.566176e-04,1.107258e-02,6.646486e-01,1.012364e-02,1.051866e-02,8.778893e-04,7.666079e-04,1.460568e-01,8.034173e-03
4.652978e-02,2.791385e-03,5.319621e-02,1.136111e-02,5.381928e-03,4.650443e-03,1.778157e-04,7.988842e-03,6.247084e-01,7.308509e-03,1.207191e-02,6.591583e-04,5.906099e-04,2.160149e-01,6.569098e-03
5.697170e-02,3.058054e-03,4.422641e-02,1.012467e-02,5.531693e-03,8.356888e-03,3.639926e-04,6.602461e-03,5.800648e-01,5.662475e-03,1.695766e-02,6.084202e-04,6.767983e-04,2.524384e-01,8.355565e-03
7.668965e-02,3.310911e-03,4.512798e-02,1.359876e-02,5.920932e-03,1.131661e-02,7.962679e-04,7.200882e-03,5.495742e-01,4.629499e-03,1.759263e-02,7.653530e-04,7.215178e-04,2.523993e-01,1.035552e-02
1.185010e-01,3.399781e-03,7.597868e-02,1.574496e-02,5.100606e-03,1.090824e-02,1.193726e-03,8.713741e-03,5.130818e-01,4.368047e-03,2.964465e-02,1.135743e-03,6.380104e-04,1.997080e-01,1.188306e-02
1.771244e-01,4.004954e-03,1.095941e-01,1.652838e-02,4.808335e-03,9.747138e-03,1.530504e-03,8.946330e-03,4.424126e-01,4.201205e-03,4.326743e-02,1.326666e-03,6.667834e-04,1.650308e-01,1.081037e-02
2.505568e-01,8.545992e-03,1.414970e-01,1.976205e-02,5.922872e-03,9.815119e-03,2.240233e-03,8.311224e-03,3.592368e-01,4.479980e-03,3.658542e-02,2.480432e-03,7.620228e-04,1.375603e-01,1.224368e-02
3.662125e-01,1.691096e-02,1.401210e-01,2.504758e-02,7.472444e-03,1.061699e-02,3.292035e-03,1.115667e-02,2.617501e-01,5.066763e-03,2.697747e-02,3.054625e-03,8.357824e-04,1.098889e-01,1.159623e-02
4.742815e-01,2.355766e-02,1.227870e-01,2.378642e-02,9.024973e-03,9.848798e-03,4.852206e-03,1.520270e-02,1.918451e-01,4.695775e-03,2.058449e-02,3.060996e-03,1.122009e-03,8.491500e-02,1.043536e-02
1.000000e+00,0.000000e+00,0.000000e+00,0.000000e+00,0.000000e+00,0.000000e+00,0.000000e+00,0.000000e+00,0.000000e+00,0.000000e+00,0.000000e+00,0.000000e+00,0.000000e+00,0.000000e+00,0.000000e+00
3.665479e-01,3.927493e-02,7.325434e-02,1.673364e-02,9.290064e-03,1.188416e-02,4.262868e-03,1.628186e-02,1.161013e-01,3.956802e-03,4.228260e-02,2.968769e-03,2.009011e-03,1.095148e-01,1.856370e-01
2.581407e-01,3.276633e-02,5.216152e-02,1.253569e-02,7.858130e-03,9.431978e-03,3.029730e-03,1.156051e-02,9.670056e-02,3.842096e-03,1.281513e-01,3.123929e-03,2.203465e-03,1.541931e-01,2.243008e-01
1.835688e-01,2.594209e-02,3.670944e-02,9.489284e-03,6.708268e-03,7.674397e-03,2.218393e-03,8.195744e-03,7.491999e-02,5.571173e-03,2.257311e-01,5.286734e-03,2.799153e-03,1.822361e-01,2.229492e-01
1.293276e-01,1.868870e-02,2.582790e-02,7.576666e-03,5.793075e-03,5.935757e-03,1.661960e-03,5.869699e-03,5.646219e-02,7.253552e-03,3.096017e-01,5.091835e-03,2.554816e-03,2.529506e-01,1.654039e-01
9.081610e-02,1.316257e-02,1.809894e-02,5.575881e-03,4.765796e-03,4.307839e-03,1.418450e-03,4.227737e-03,4.201884e-02,7.824364e-03,4.618552e-01,6.533099e-03,3.233163e-03,2.154804e-01,1.206816e-01
6.366743e-02,9.251080e-03,1.269039e-02,3.966400e-03,3.650405e-03,3.139753e-03,1.146142e-03,3.012808e-03,3.010529e-02,6.724252e-03,5.998693e-01,8.429106e-03,2.966933e-03,1.656065e-01,8.577420e-02
4.465534e-02,6.506462e-03,8.920860e-03,2.839770e-03,3.516867e-03,2.483929e-03,9.563098e-04,2.198180e-03,2.176445e-02,5.687675e-03,6.922551e-01,1.402969e-02,2.741725e-03,1.305986e-01,6.084493e-02
3.127783e-02,4.564520e-03,6.251523e-03,2.032075e-03,2.917401e-03,1.885113e-03,7.020578e-04,1.552265e-03,1.598874e-02,5.169384e-03,7.620236e-01,1.549389e-02,2.215830e-03,1.048627e-01,4.306312e-02
2.192981e-02,3.209558e-03,4.404609e-03,1.494507e-03,2.745181e-03,1.562561e-03,6.147667e-04,1.124352e-03,1.215382e-02,6.127131e-03,8.014344e-01,1.473385e-02,1.925447e-03,9.562124e-02,3.091879e-02
1.540875e-02,2.271373e-03,3.128576e-03,1.096720e-03,2.865842e-03,1.260765e-03,5.415232e-04,8.535853e-04,1.048467e-02,5.994626e-03,8.300992e-01,2.018546e-02,1.694627e-03,8.194099e-02,2.217330e-02
1.085317e-02,1.692402e-03,2.272845e-03,7.969167e-04,2.956651e-03,9.967609e-04,4.512339e-04,6.660635e-04,8.842030e-03,5.728737e-03,8.392277e-01,3.934595e-02,1.416059e-03,6.897402e-02,1.577955e-02
7.874937e-03,2.555217e-03,1.821606e-03,5.949452e-04,2.980348e-03,8.304307e-04,4.544760e-04,5.641042e-04,8.162516e-03,6.019755e-03,8.278670e-01,7.362098e-02,1.145265e-03,5.315398e-02,1.235447e-02
5.591544e-03,7.389999e-03,4.374190e-03,5.654520e-04,7.930229e-03,1.675262e-03,6.396039e-04,3.626795e-03,2.201709e-02,6.686652e-03,6.568955e-01,2.259386e-01,1.252970e-03,4.622808e-02,9.188092e-03
4.088370e-03,7.782906e-02,4.293193e-02,6.949070e-04,1.450491e-02,5.264359e-03,1.480559e-03,6.977651e-03,5.268531e-02,9.323869e-03,4.781506e-01,2.598282e-01,1.293143e-03,3.689670e-02,8.050549e-03
3.172536e-03,7.124908e-02,5.580237e-02,8.842356e-04,2.186250e-02,5.090492e-03,3.295111e-03,7.234291e-02,1.840368e-01,7.207365e-03,3.355288e-01,2.064665e-01,1.131139e-03,2.620875e-02,5.721523e-03
2.265867e-03,1.143853e-01,8.376613e-02,2.389296e-03,2.668855e-02,3.849261e-03,2.435020e-03,5.145932e-02,3.043104e-01,5.352283e-03,2.349172e-01,1.448612e-01,8.368316e-04,1.835436e-02,4.128959e-03
1.815827e-03,1.484974e-01,1.295975e-01,2.566445e-03,8.927714e-02,3.237264e-03,1.955075e-03,3.725701e-02,2.994989e-01,3.869717e-03,1.644886e-01,1.014921e-01,6.339368e-04,1.285480e-02,2.958445e-03
2.973260e-03,1.206973e-01,1.853491e-01,1.175046e-02,1.077520e-01,2.768626e-03,1.505760e-03,3.228078e-02,3.329431e-01,3.212776e-03,1.152666e-01,7.109004e-02,6.076203e-04,9.019727e-03,2.782870e-03
5.527709e-03,1.350782e-01,2.057638e-01,1.373142e-02,1.050918e-01,3.830223e-03,1.220194e-03,2.513173e-02,3.553035e-01,3.579466e-03,8.114833e-02,5.000473e-02,9.662394e-04,6.373475e-03,7.249199e-03
1.420984e-02,1.428480e-01,1.525415e-01,1.139282e-02,1.338225e-01,6.190644e-03,1.251235e-03,2.254372e-02,4.032709e-01,3.343763e-03,5.704692e-02,3.517396e-02,1.000789e-03,4.552844e-03,1.081056e-02
2.479624e-02,1.330509e-01,1.190333e-01,5.134955e-02,1.817469e-01,5.242303e-03,1.369500e-03,8.074506e-02,3.218617e-01,2.411909e-03,4.022820e-02,2.501714e-02,1.031572e-03,3.233126e-03,8.882672e-03
4.589749e-02,1.437137e-01,8.735235e-02,3.846693e-02,2.917640e-01,8.148583e-03,1.040731e-03,6.100855e-02,2.644827e-01,1.725208e-03,2.836687e-02,1.763880e-02,9.378647e-04,2.352070e-03,7.104170e-03
4.340589e-02,1.173517e-01,6.629506e-02,1.917269e-01,2.767591e-01,7.034308e-03,9.805290e-04,6.029120e-02,1.911142e-01,1.417055e-03,2.119512e-02,1.279460e-02,1.088117e-03,1.732491e-03,6.813666e-03
5.565078e-02,1.011797e-01,4.992275e-02,2.176345e-01,3.189352e-01,7.377801e-03,9.072997e-04,4.557877e-02,1.457615e-01,1.879160e-03,1.704734e-02,9.751908e-03,1.748014e-03,1.815111e-03,2.481015e-02
