1.000000e+00,0.000000e+00,0.000000e+00,0.000000e+00,0.000000e+00,0.000000e+00,0.000000e+00,0.000000e+00,0.000000e+00,0.000000e+00,0.000000e+00,0.000000e+00,0.000000e+00,0.000000e+00,0.000000e+00
1.000000e+00,0.000000e+00,0.000000e+00,0.000000e+00,0.000000e+00,0.000000e+00,0.000000e+00,0.000000e+00,0.000000e+00,0.000000e+00,0.000000e+00,0.000000e+00,0.000000e+00,0.000000e+00,0.000000e+00
1.000000e+00,0.000000e+00,0.000000e+00,0.000000e+00,0.000000e+00,0.000000e+00,0.000000e+00,0.000000e+00,0.000000e+00,0.000000e+00,0.000000e+00,0.000000e+00,0.000000e+00,0.000000e+00,0.000000e+00
1.000000e+00,0.000000e+00,0.000000e+00,0.000000e+00,0.000000e+00,0.000000e+00,0.000000e+00,0.000000e+00,0.000000e+00,0.000000e+00,0.000000e+00,0.000000e+00,0.000000e+00,0.000000e+00,0.000000e+00
1.000000e+00,0.000000e+00,0.000000e+00,0.000000e+00,0.000000e+00,0.000000e+00,0.000000e+00,0.000000e+00,0.000000e+00,0.000000e+00,0.000000e+00,0.000000e+00,0.000000e+00,0.000000e+00,0.000000e+00
1.000000e+00,0.000000e+00,0.000000e+00,0.000000e+00,0.000000e+00,0.000000e+00,0.000000e+00,0.000000e+00,0.000000e+00,0.000000e+00,0.000000e+00,0.000000e+00,0.000000e+00,0.000000e+00,0.000000e+00
1.000000e+00,0.000000e+00,0.000000e+00,0.000000e+00,0.000000e+00,0.000000e+00,0.000000e+00,0.000000e+00,0.000000e+00,0.000000e+00,0.000000e+00,0.000000e+00,0.000000e+00,0.000000e+00,0.000000e+00
1.000000e+00,0.000000e+00,0.000000e+00,0.000000e+00,0.000000e+00,0.000000e+00,0.000000e+00,0.000000e+00,0.000000e+00,0.000000e+00,0.000000e+00,0.000000e+00,0.000000e+00,0.000000e+00,0.000000e+00
1.000000e+00,0.000000e+00,0.000000e+00,0.000000e+00,0.000000e+00,0.000000e+00,0.000000e+00,0.000000e+00,0.000000e+00,0.000000e+00,0.000000e+00,0.000000e+00,0.000000e+00,0.000000e+00,0.000000e+00
1.000000e+00,0.000000e+00,0.000000e+00,0.000000e+00,0.000000e+00,0.000000e+00,0.000000e+00,0.000000e+00,0.000000e+00,0.000000e+00,0.000000e+00,0.000000e+00,0.000000e+00,0.000000e+00,0.000000e+00
1.000000e+00,0.000000e+00,0.000000e+00,0.000000e+00,0.000000e+00,0.000000e+00,0.000000e+00,0.000000e+00,0.000000e+00,0.000000e+00,0.000000e+00,0.000000e+00,0.000000e+00,0.000000e+00,0.000000e+00
1.000000e+00,0.000000e+00,0.000000e+00,0.000000e+00,0.000000e+00,0.000000e+00,0.000000e+00,0.000000e+00,0.000000e+00,0.000000e+00,0.000000e+00,0.000000e+00,0.000000e+00,0.000000e+00,0.000000e+00
1.000000e+00,0.000000e+00,0.000000e+00,0.000000e+00,0.000000e+00,0.000000e+00,0.000000e+00,0.000000e+00,0.000000e+00,0.000000e+00,0.000000e+00,0.000000e+00,0.000000e+00,0.000000e+00,0.000000e+00
1.000000e+00,0.000000e+00,0.000000e+00,0.000000e+00,0.000000e+00,0.000000e+00,0.000000e+00,0.000000e+00,0.000000e+00,0.000000e+00,0.000000e+00,0.000000e+00,0.000000e+00,0.000000e+00,0.000000e+00
1.000000e+00,0.000000e+00,0.000000e+00,0.000000e+00,0.000000e+00,0.000000e+00,0.000000e+00,0.000000e+00,0.000000e+00,0.000000e+00,0.000000e+00,0.000000e+00,0.000000e+00,0.000000e+00,0.000000e+00
1.000000e+00,0.000000e+00,0.000000e+00,0.000000e+00,0.000000e+00,0.000000e+00,0.000000e+00,0.000000e+00,0.000000e+00,0.000000e+00,0.000000e+00,0.000000e+00,0.000000e+00,0.000000e+00,0.000000e+00
1.000000e+00,0.000000e+00,0.000000e+00,0.000000e+00,0.000000e+00,0.000000e+00,0.000000e+00,0.000000e+00,0.000000e+00,0.000000e+00,0.000000e+00,0.000000e+00,0.000000e+00,0.000000e+00,0.000000e+00
1.000000e+00,0.000000e+00,0.000000e+00,0.000000e+00,0.000000e+00,0.000000e+00,0.000000e+00,0.000000e+00,0.000000e+00,0.000000e+00,0.000000e+00,0.000000e+00,0.000000e+00,0.000000e+00,0.000000e+00
1.000000e+00,0.000000e+00,0.000000e+00,0.000000e+00,0.000000e+00,0.000000e+00,0.000000e+00,0.000000e+00,0.000000e+00,0.000000e+00,0.000000e+00,0.000000e+00,0.000000e+00,0.000000e+00,0.000000e+00
1.000000e+00,0.000000e+00,0.000000e+00,0.000000e+00,0.000000e+00,0.000000e+00,0.000000e+00,0.000000e+00,0.000000e+00,0.000000e+00,0.000000e+00,0.000000e+00,0.000000e+00,0.000000e+00,0.000000e+00
1.000000e+00,0.000000e+00,0.000000e+00,0.000000e+00,0.000000e+00,0.000000e+00,0.000000e+00,0.000000e+00,0.000000e+00,0.000000e+00,0.000000e+00,0.000000e+00,0.000000e+00,0.000000e+00,0.000000e+00
1.000000e+00,0.000000e+00,0.000000e+00,0.000000e+00,0.000000e+00,0.000000e+00,0.000000e+00,0.000000e+00,0.000000e+00,0.000000e+00,0.000000e+00,0.000000e+00,0.000000e+00,0.000000e+00,0.000000e+00
1.000000e+00,0.000000e+00,0.000000e+00,0.000000e+00,0.000000e+00,0.000000e+00,0.000000e+00,0.000000e+00,0.000000e+00,0.000000e+00,0.000000e+00,0.000000e+00,0.000000e+00,0.000000e+00,0.000000e+00
1.000000e+00,0.000000e+00,0.000000e+00,0.000000e+00,0.000000e+00,0.000000e+00,0.000000e+00,0.000000e+00,0.000000e+00,0.000000e+00,0.000000e+00,0.000000e+00,0.000000e+00,0.000000e+00,0.000000e+00
1.000000e+00,0.000000e+00,0.000000e+00,0.000000e+00,0.000000e+00,0.000000e+00,0.000000e+00,0.000000e+00,0.000000e+00,0.000000e+00,0.000000e+00,0.000000e+00,0.000000e+00,0.000000e+00,0.000000e+00
1.000000e+00,0.000000e+00,0.000000e+00,0.000000e+00,0.000000e+00,0.000000e+00,0.000000e+00,0.000000e+00,0.000000e+00,0.000000e+00,0.000000e+00,0.000000e+00,0.000000e+00,0.000000e+00,0.000000e+00
1.000000e+00,0.000000e+00,0.000000e+00,0.000000e+00,0.000000e+00,0.000000e+00,0.000000e+00,0.000000e+00,0.000000e+00,0.000000e+00,0.000000e+00,0.000000e+00,0.000000e+00,0.000000e+00,0.000000e+00
1.000000e+00,0.000000e+00,0.000000e+00,0.000000e+00,0.000000e+00,0.000000e+00,0.000000e+00,0.000000e+00,0.000000e+00,0.000000e+00,0.000000e+00,0.000000e+00,0.000000e+00,0.000000e+00,0.000000e+00
1.000000e+00,0.000000e+00,0.000000e+00,0.000000e+00,0.000000e+00,0.000000e+00,0.000000e+00,0.000000e+00,0.000000e+00,0.000000e+00,0.000000e+00,0.000000e+00,0.000000e+00,0.000000e+00,0.000000e+00
1.000000e+00,0.000000e+00,0.000000e+00,0.000000e+00,0.000000e+00,0.000000e+00,0.000000e+00,0.000000e+00,0.000000e+00,0.000000e+00,0.000000e+00,0.000000e+00,0.000000e+00,0.000000e+00,0.000000e+00
1.000000e+00,0.000000e+00,0.000000e+00,0.000000e+00,0.000000e+00,0.000000e+00,0.000000e+00,0.000000e+00,0.000000e+00,0.000000e+00,0.000000e+00,0.000000e+00,0.000000e+00,0.000000e+00,0.000000e+00
1.000000e+00,0.000000e+00,0.000000e+00,0.000000e+00,0.000000e+00,0.000000e+00,0.000000e+00,0.000000e+00,0.000000e+00,0.000000e+00,0.000000e+00,0.000000e+00,0.000000e+00,0.000000e+00,0.000000e+00
1.000000e+00,0.000000e+00,0.000000e+00,0.000000e+00,0.000000e+00,0.000000e+00,0.000000e+00,0.000000e+00,0.000000e+00,0.000000e+00,0.000000e+00,0.000000e+00,0.000000e+00,0.000000e+00,0.000000e+00
1.000000e+00,0.000000e+00,0.000000e+00,0.000000e+00,0.000000e+00,0.000000e+00,0.000000e+00,0.000000e+00,0.000000e+00,0.000000e+00,0.000000e+00,0.000000e+00,0.000000e+00,0.000000e+00,0.000000e+00
1.000000e+00,0.000000e+00,0.000000e+00,0.000000e+00,0.000000e+00,0.000000e+00,0.000000e+00,0.000000e+00,0.000000e+00,0.000000e+00,0.000000e+00,0.000000e+00,0.000000e+00,0.000000e+00,0.000000e+00
1.000000e+00,0.000000e+00,0.000000e+00,0.000000e+00,0.000000e+00,0.000000e+00,0.000000e+00,0.000000e+00,0.000000e+00,0.000000e+00,0.000000e+00,0.000000e+00,0.000000e+00,0.000000e+00,0.000000e+00
1.000000e+00,0.000000e+00,0.000000e+00,0.000000e+00,0.000000e+00,0.000000e+00,0.000000e+00,0.000000e+00,0.000000e+00,0.000000e+00,0.000000e+00,0.000000e+00,0.000000e+00,0.000000e+00,0.000000e+00
1.000000e+00,0.000000e+00,0.000000e+00,0.000000e+00,0.000000e+00,0.000000e+00,0.000000e+00,0.000000e+00,0.000000e+00,0.000000e+00,0.000000e+00,0.000000e+00,0.000000e+00,0.000000e+00,0.000000e+00
1.000000e+00,0.000000e+00,0.000000e+00,0.000000e+00,0.000000e+00,0.000000e+00,0.000000e+00,0.000000e+00,0.000000e+00,0.000000e+00,0.000000e+00,0.000000e+00,0.000000e+00,0.000000e+00,0.000000e+00
1.000000e+00,0.000000e+00,0.000000e+00,0.000000e+00,0.000000e+00,0.000000e+00,0.000000e+00,0.000000e+00,0.000000e+00,0.000000e+00,0.000000e+00,0.000000e+00,0.000000e+00,0.000000e+00,0.000000e+00
1.000000e+00,0.000000e+00,0.000000e+00,0.000000e+00,0.000000e+00,0.000000e+00,0.000000e+00,0.000000e+00,0.000000e+00,0.000000e+00,0.000000e+00,0.000000e+00,0.000000e+00,0.000000e+00,0.000000e+00
1.000000e+00,0.000000e+00,0.000000e+00,0.000000e+00,0.000000e+00,0.000000e+00,0.000000e+00,0.000000e+00,0.000000e+00,0.000000e+00,0.000000e+00,0.000000e+00,0.000000e+00,0.000000e+00,0.000000e+00
1.000000e+00,0.000000e+00,0.000000e+00,0.000000e+00,0.000000e+00,0.000000e+00,0.000000e+00,0.000000e+00,0.000000e+00,0.000000e+00,0.000000e+00,0.000000e+00,0.000000e+00,0.000000e+00,0.000000e+00
1.000000e+00,0.000000e+00,0.000000e+00,0.000000e+00,0.000000e+00,0.000000e+00,0.000000e+00,0.000000e+00,0.000000e+00,0.000000e+00,0.000000e+00,0.000000e+00,0.000000e+00,0.000000e+00,0.000000e+00
1.000000e+00,0.000000e+00,0.000000e+00,0.000000e+00,0.000000e+00,0.000000e+00,0.000000e+00,0.000000e+00,0.000000e+00,0.000000e+00,0.000000e+00,0.000000e+00,0.000000e+00,0.000000e+00,0.000000e+00
1.000000e+00,0.000000e+00,0.000000e+00,0.000000e+00,0.000000e+00,0.000000e+00,0.000000e+00,0.000000e+00,0.000000e+00,0.000000e+00,0.000000e+00,0.000000e+00,0.000000e+00,0.000000e+00,0.000000e+00
1.000000e+00,0.000000e+00,0.000000e+00,0.000000e+00,0.000000e+00,0.000000e+00,0.000000e+00,0.000000e+00,0.000000e+00,0.000000e+00,0.000000e+00,0.000000e+00,0.000000e+00,0.000000e+00,0.000000e+00
1.000000e+00,0.000000e+00,0.000000e+00,0.000000e+00,0.000000e+00,0.000000e+00,0.000000e+00,0.000000e+00,0.000000e+00,0.000000e+00,0.000000e+00,0.000000e+00,0.000000e+00,0.000000e+00,0.000000e+00
1.000000e+00,0.000000e+00,0.000000e+00,0.000000e+00,0.000000e+00,0.000000e+00,0.000000e+00,0.000000e+00,0.000000e+00,0.000000e+00,0.000000e+00,0.000000e+00,0.000000e+00,0.000000e+00,0.000000e+00
1.000000e+00,0.000000e+00,0.000000e+00,0.000000e+00,0.000000e+00,0.000000e+00,0.000000e+00,0.000000e+00,0.000000e+00,0.000000e+00,0.000000e+00,0.000000e+00,0.000000e+00,0.000000e+00,0.000000e+00
1.000000e+00,0.000000e+00,0.000000e+00,0.000000e+00,0.000000e+00,0.000000e+00,0.000000e+00,0.000000e+00,0.000000e+00,0.000000e+00,0.000000e+00,0.000000e+00,0.000000e+00,0.000000e+00,0.000000e+00
1.000000e+00,0.000000e+00,0.000000e+00,0.000000e+00,0.000000e+00,0.000000e+00,0.000000e+00,0.000000e+00,0.000000e+00,0.000000e+00,0.000000e+00,0.000000e+00,0.000000e+00,0.000000e+00,0.000000e+00
1.000000e+00,0.000000e+00,0.000000e+00,0.000000e+00,0.000000e+00,0.000000e+00,0.000000e+00,0.000000e+00,0.000000e+00,0.000000e+00,0.000000e+00,0.000000e+00,0.000000e+00,0.000000e+00,0.000000e+00
1.000000e+00,0.000000e+00,0.000000e+00,0.000000e+00,0.000000e+00,0.000000e+00,0.000000e+00,0.000000e+00,0.000000e+00,0.000000e+00,0.000000e+00,0.000000e+00,0.000000e+00,0.000000e+00,0.000000e+00
1.000000e+00,0.000000e+00,0.000000e+00,0.000000e+00,0.000000e+00,0.000000e+00,0.000000e+00,0.000000e+00,0.000000e+00,0.000000e+00,0.000000e+00,0.000000e+00,0.000000e+00,0.000000e+00,0.000000e+00
1.000000e+00,0.000000e+00,0.000000e+00,0.000000e+00,0.000000e+00,0.000000e+00,0.000000e+00,0.000000e+00,0.000000e+00,0.000000e+00,0.000000e+00,0.000000e+00,0.000000e+00,0.000000e+00,0.000000e+00
1.000000e+00,0.000000e+00,0.000000e+00,0.000000e+00,0.000000e+00,0.000000e+00,0.000000e+00,0.000000e+00,0.000000e+00,0.000000e+00,0.000000e+00,0.000000e+00,0.000000e+00,0.000000e+00,0.000000e+00
4.258505e-01,1.296472e-02,3.085962e-01,1.470932e-01,7.232238e-03,1.133648e-02,2.140685e-03,3.335477e-02,4.022967e-03,1.519352e-03,8.218378e-03,1.429233e-02,9.585063e-03,1.465271e-03,1.232785e-02
3.075407e-01,9.618691e-03,4.269498e-01,1.469036e-01,5.661980e-03,9.033486e-03,1.735562e-03,5.367779e-02,3.047911e-03,1.705176e-03,6.304894e-03,1.024720e-02,7.238587e-03,1.094533e-03,9.240172e-03
2.732640e-01,7.283643e-03,3.583575e-01,1.198588e-01,7.102263e-03,6.854470e-03,1.695113e-03,1.881465e-01,3.022699e-03,1.531740e-03,1.088530e-02,7.313839e-03,6.772211e-03,9.316271e-04,6.980269e-03
1.977879e-01,5.232989e-03,2.596428e-01,8.765899e-02,6.324488e-03,5.278524e-03,1.745295e-03,4.091066e-01,2.236948e-03,1.126432e-03,7.924160e-03,5.196300e-03,4.952914e-03,7.068477e-04,5.078850e-03
1.413937e-01,3.772365e-03,1.929375e-01,6.495370e-02,5.885654e-03,4.003039e-03,1.651886e-03,5.654936e-01,1.660886e-03,8.340883e-04,5.752634e-03,3.703573e-03,3.662967e-03,5.491448e-04,3.745263e-03
1.002938e-01,2.733946e-03,1.412612e-01,4.639683e-02,5.610172e-03,3.001011e-03,1.572466e-03,6.836833e-01,1.267021e-03,6.682269e-04,4.267945e-03,2.711570e-03,3.331832e-03,4.407520e-04,2.759950e-03
7.104851e-02,1.986844e-03,1.030715e-01,3.302774e-02,5.192752e-03,2.200868e-03,1.514165e-03,7.705389e-01,9.338583e-04,5.043992e-04,3.090877e-03,1.950344e-03,2.566814e-03,3.386430e-04,2.033872e-03
5.053238e-02,1.430113e-03,7.361490e-02,2.347221e-02,4.738282e-03,1.639424e-03,1.397418e-03,8.346962e-01,6.787095e-04,3.911907e-04,2.254866e-03,1.400052e-03,2.013438e-03,2.662357e-04,1.474591e-03
3.719446e-02,1.045779e-03,5.263020e-02,1.675316e-02,4.937617e-03,1.300056e-03,1.817495e-03,8.779797e-01,4.946167e-04,3.139336e-04,1.637312e-03,1.032387e-03,1.579128e-03,2.008601e-04,1.083270e-03
2.937281e-02,7.868369e-04,3.863762e-02,1.207517e-02,5.407693e-03,1.150609e-03,2.909335e-03,9.047005e-01,3.626295e-04,2.781425e-04,1.210573e-03,8.004481e-04,1.329406e-03,1.529494e-04,8.252531e-04
2.562211e-02,6.339547e-04,2.835065e-02,8.927084e-03,8.195180e-03,1.100436e-03,4.065861e-03,9.185954e-01,3.287639e-04,3.206886e-04,9.726947e-04,7.225162e-04,1.309842e-03,1.330479e-04,7.216526e-04
2.101268e-02,5.165481e-04,2.145854e-02,6.659934e-03,9.793617e-03,1.196164e-03,5.999126e-03,9.291494e-01,3.114786e-04,2.971448e-04,8.291128e-04,6.671002e-04,1.309730e-03,1.325261e-04,6.668540e-04
2.699628e-02,4.812164e-04,1.654236e-02,5.012718e-03,1.051074e-02,1.987611e-03,7.624514e-03,9.256270e-01,2.900292e-04,3.183859e-04,8.696275e-04,8.286481e-04,1.948011e-03,1.939181e-04,7.689015e-04
9.343580e-02,8.121439e-04,1.561698e-02,4.542788e-03,1.116972e-02,8.421717e-03,1.383750e-02,8.376634e-01,4.328534e-04,9.335435e-04,1.392294e-03,3.174143e-03,4.362707e-03,6.825468e-04,3.521901e-03
1.329567e-01,1.152318e-03,1.517674e-02,4.867930e-03,1.150363e-02,1.230033e-02,1.645597e-02,7.842746e-01,6.255734e-04,1.575980e-03,1.813835e-03,4.700908e-03,5.241218e-03,1.185835e-03,6.168500e-03
1.189117e-01,1.710422e-03,1.290621e-02,4.342122e-03,1.059492e-02,3.350013e-02,2.601650e-02,7.451426e-01,1.722800e-03,2.603512e-03,3.268183e-03,5.160084e-03,2.248484e-02,1.370731e-03,1.026522e-02
9.124897e-02,3.231358e-03,1.243737e-02,3.673390e-03,1.091419e-02,4.796053e-02,2.846039e-02,6.779296e-01,6.637509e-03,7.483460e-03,8.127848e-03,7.193570e-03,7.434370e-02,2.902201e-03,1.745590e-02
6.456652e-02,7.083681e-03,1.202934e-02,6.585189e-03,8.251939e-03,3.653471e-02,2.073761e-02,4.834376e-01,1.388139e-01,5.462894e-02,8.523390e-03,6.875179e-03,1.002785e-01,2.996850e-03,4.865658e-02
4.648373e-02,7.339791e-03,8.722211e-03,5.910702e-03,6.072197e-03,2.831568e-02,1.582007e-02,3.403741e-01,1.048755e-01,4.005044e-02,7.355667e-03,6.634752e-03,3.322447e-01,2.278669e-03,4.752178e-02
3.376722e-02,7.906591e-03,6.366044e-03,4.748080e-03,4.882119e-03,2.084462e-02,1.187007e-02,2.396731e-01,7.964799e-02,3.036828e-02,6.253168e-03,6.391439e-03,5.002522e-01,1.803795e-03,4.522527e-02
2.903947e-02,8.216789e-03,6.303201e-03,7.924857e-03,7.233249e-03,2.207582e-02,8.918373e-03,1.693001e-01,6.921316e-02,2.240632e-02,7.503554e-03,9.861804e-03,5.859967e-01,4.234158e-03,4.177241e-02
2.510759e-02,8.789254e-03,5.695706e-03,7.414789e-03,8.000848e-03,2.219672e-02,6.458109e-03,1.189655e-01,5.710475e-02,1.773797e-02,9.184028e-03,9.617884e-03,5.276973e-01,7.056520e-03,1.689730e-01
1.925304e-02,8.542003e-03,4.459144e-03,5.492030e-03,6.412051e-03,1.739127e-02,4.553607e-03,8.336357e-02,4.238223e-02,1.383109e-02,7.120867e-03,7.684092e-03,3.984821e-01,6.158155e-03,3.748748e-01
1.386976e-02,6.321363e-03,3.422655e-03,3.906931e-03,6.671863e-03,1.237294e-02,3.708839e-03,5.842445e-02,3.110001e-02,1.025181e-02,5.267967e-03,1.082154e-02,3.295084e-01,4.724662e-03,4.996268e-01
1.029634e-02,4.781918e-03,2.573688e-03,2.799403e-03,6.048346e-03,8.793369e-03,3.601549e-03,4.110305e-02,2.323256e-02,7.480970e-03,4.043059e-03,1.409535e-02,2.774246e-01,3.572754e-03,5.901531e-01
9.297900e-03,6.240818e-03,2.710186e-03,3.661547e-03,6.710990e-03,7.930324e-03,2.810257e-03,2.937149e-02,2.239000e-02,6.792317e-03,4.467058e-03,2.291190e-02,3.208239e-01,3.307777e-03,5.505735e-01
7.690542e-03,1.058902e-02,3.656019e-03,3.252800e-03,6.903984e-03,7.374617e-03,3.373481e-03,2.262888e-02,3.325069e-02,5.643752e-03,6.051718e-03,2.074911e-02,2.698614e-01,2.659632e-03,5.963144e-01
7.886925e-03,2.164786e-02,4.170700e-03,2.865790e-03,8.181722e-03,1.060473e-02,2.588368e-03,1.816310e-02,1.026542e-01,5.694184e-03,1.108238e-02,1.781523e-02,2.060841e-01,2.062654e-03,5.784981e-01
1.006012e-02,2.058113e-02,2.191460e-02,7.494695e-03,1.341981e-02,1.854303e-02,3.662087e-03,7.746512e-02,1.470879e-01,6.421663e-03,1.512125e-02,1.361901e-02,1.659391e-01,1.612256e-03,4.770582e-01
2.249820e-02,2.460971e-02,2.074486e-02,1.065851e-02,2.805214e-02,2.435746e-02,4.565262e-03,7.406687e-02,1.748093e-01,5.296601e-03,1.260823e-02,1.014298e-02,1.730798e-01,1.270076e-03,4.132400e-01
5.423463e-02,2.389538e-02,2.873559e-02,8.494213e-02,6.718985e-02,2.684822e-02,6.123771e-03,8.103273e-02,1.481238e-01,4.805086e-03,1.020637e-02,8.242400e-03,1.595687e-01,1.224735e-03,2.948266e-01
8.349967e-02,2.813661e-02,2.921489e-02,7.138567e-02,6.944917e-02,4.081689e-02,9.876033e-03,8.080808e-02,1.485406e-01,9.851425e-03,9.269785e-03,7.216273e-03,1.323860e-01,1.307387e-03,2.782415e-01
7.944532e-02,2.341490e-02,3.149027e-02,1.067132e-01,9.300315e-02,4.263784e-02,1.872393e-02,9.927891e-02,1.500948e-01,1.097949e-02,7.868475e-03,8.334968e-03,1.194022e-01,1.167654e-03,2.074449e-01
1.286258e-01,1.764296e-02,2.748575e-02,9.497301e-02,9.961791e-02,3.453114e-02,4.567761e-02,1.110868e-01,1.439271e-01,9.137492e-03,6.466588e-03,6.574031e-03,1.128960e-01,1.005701e-03,1.603521e-01
1.761336e-01,1.319320e-02,2.321389e-02,7.666735e-02,1.289848e-01,2.863332e-02,7.377114e-02,1.008115e-01,1.378696e-01,7.854343e-03,5.352132e-03,5.154368e-03,9.863480e-02,8.633008e-04,1.228626e-01
1.669250e-01,1.026815e-02,2.072676e-02,6.020435e-02,2.345726e-01,2.239969e-02,1.008265e-01,8.722943e-02,1.012123e-01,2.507847e-02,5.104862e-03,3.986286e-03,7.011373e-02,8.644731e-04,9.048729e-02
1.293706e-01,8.078433e-03,1.549434e-02,4.967517e-02,1.931827e-01,1.739861e-02,1.142150e-01,6.737399e-02,7.273500e-02,1.760689e-01,2.184627e-02,5.205452e-03,5.223385e-02,1.192183e-03,7.592946e-02
9.114712e-02,5.800734e-03,1.090821e-02,3.565501e-02,1.353667e-01,1.231843e-02,8.470161e-02,4.793175e-02,5.131014e-02,4.043684e-01,2.013112e-02,4.353569e-03,3.884747e-02,1.219019e-03,5.594079e-02
6.417762e-02,4.270395e-03,7.676632e-03,2.511060e-02,9.488381e-02,8.762388e-03,6.044888e-02,3.363097e-02,3.736919e-02,5.439757e-01,1.675623e-02,3.396631e-03,3.159242e-02,2.576972e-03,6.537163e-02
4.503252e-02,3.139679e-03,5.415188e-03,1.766454e-02,6.652726e-02,6.238779e-03,4.276207e-02,2.359923e-02,2.863413e-02,6.211128e-01,1.291913e-02,2.560586e-03,2.520352e-02,3.201745e-03,9.598884e-02
3.157625e-02,2.465098e-03,3.865961e-03,1.238095e-02,4.670999e-02,4.478057e-03,2.997452e-02,1.653348e-02,3.159574e-02,4.763420e-01,9.619087e-03,1.850367e-03,1.897555e-02,5.994309e-03,3.076387e-01
2.224701e-02,2.205465e-03,2.928258e-03,8.727953e-03,3.314376e-02,3.298058e-03,2.104008e-02,1.160588e-02,4.628045e-02,3.481017e-01,1.266364e-02,1.424576e-03,1.542784e-02,1.350824e-02,4.573971e-01
1.585793e-02,2.920702e-03,2.932591e-03,6.313421e-03,2.423165e-02,3.730267e-03,1.478262e-02,8.151181e-03,7.547320e-02,2.517247e-01,2.198819e-02,1.203410e-03,1.221116e-02,3.436042e-02,5.241185e-01
1.133966e-02,2.851371e-03,2.569200e-03,4.464710e-03,1.855681e-02,2.932398e-03,1.035894e-02,5.711058e-03,8.305711e-02,1.771960e-01,2.487462e-02,8.995287e-04,9.068150e-03,3.643507e-02,6.096854e-01
8.664444e-03,6.141535e-03,3.082435e-03,3.171524e-03,1.517652e-02,3.385767e-03,7.310311e-03,4.025718e-03,1.126583e-01,1.251903e-01,2.387022e-02,8.437362e-04,7.311476e-03,3.704985e-02,6.421179e-01
6.931746e-03,1.568383e-02,3.460568e-03,2.331126e-03,1.111055e-02,2.091493e-02,5.266947e-03,2.903990e-03,2.189395e-01,9.304985e-02,2.945657e-02,7.877117e-04,5.796948e-03,3.554708e-02,5.478188e-01
6.217048e-03,1.610844e-02,2.925411e-03,1.761122e-03,8.013652e-03,2.296666e-02,3.750653e-03,2.063125e-03,3.435500e-01,7.468764e-02,2.725116e-02,7.171936e-04,4.736393e-03,3.926722e-02,4.459843e-01
4.438168e-03,5.455334e-02,2.125317e-03,1.379519e-03,5.740038e-03,1.887244e-02,2.627890e-03,1.446252e-03,4.426506e-01,5.521114e-02,1.971667e-02,5.379410e-04,3.809438e-03,2.896571e-02,3.579257e-01
3.159543e-03,8.569902e-02,1.528197e-03,1.222580e-03,4.202064e-03,1.376556e-02,1.840315e-03,1.013798e-03,5.325933e-01,4.043074e-02,1.423834e-02,3.855019e-04,2.800275e-03,2.068735e-02,2.764334e-01
2.471232e-03,1.773042e-01,1.277456e-03,1.526322e-03,4.838340e-03,1.189439e-02,1.292359e-03,7.210647e-04,4.935516e-01,3.826643e-02,1.186361e-02,2.905535e-04,2.199458e-03,1.500138e-02,2.375016e-01
2.130492e-03,2.079439e-01,9.780040e-04,3.451248e-03,7.301855e-03,1.160063e-02,9.147851e-04,5.624566e-04,4.997585e-01,3.139162e-02,9.345337e-03,2.859979e-04,1.851219e-03,1.149450e-02,2.109896e-01
1.895008e-03,2.200667e-01,7.922090e-04,6.481056e-03,1.090311e-02,1.186282e-02,6.536733e-04,4.462214e-04,4.867824e-01,3.060360e-02,7.355463e-03,2.644661e-04,1.802358e-03,8.748548e-03,2.113425e-01
1.485076e-03,1.788809e-01,6.875937e-04,9.088127e-03,9.399728e-03,9.092318e-03,4.694662e-04,3.873818e-04,5.835413e-01,2.412967e-02,5.249764e-03,1.992060e-04,1.922108e-03,6.246551e-03,1.692210e-01
1.210329e-03,1.383767e-01,6.349161e-04,1.761291e-02,9.733724e-03,7.891415e-03,3.536952e-04,4.448790e-04,6.635188e-01,1.887829e-02,3.867935e-03,1.516721e-04,3.198690e-03,4.420516e-03,1.297057e-01
1.003454e-03,1.092057e-01,7.986692e-04,2.797684e-02,1.071185e-02,7.815753e-03,3.057572e-04,5.592583e-04,7.186438e-01,1.576159e-02,2.965216e-03,1.203847e-04,4.763300e-03,3.120702e-03,9.624786e-02
9.121446e-04,9.367298e-02,1.077124e-03,2.256396e-02,1.058099e-02,7.013958e-03,2.742880e-04,6.666300e-04,7.491150e-01,1.493747e-02,2.238715e-03,9.360239e-05,3.823934e-03,2.245644e-03,9.078364e-02
2.297641e-03,8.833716e-02,1.205336e-03,2.247677e-02,3.713288e-02,1.661042e-02,7.002311e-04,1.355739e-03,7.243931e-01,1.318020e-02,1.940228e-03,9.815136e-05,4.265136e-03,1.655149e-03,8.435187e-02
5.790030e-03,8.451425e-02,2.119332e-03,4.045689e-02,8.988278e-02,3.701597e-02,2.066570e-03,1.282426e-02,6.425969e-01,9.798059e-03,1.687575e-03,1.260772e-04,3.637909e-03,1.272477e-03,6.621095e-02
1.722078e-02,8.372916e-02,7.544184e-03,1.115087e-01,1.287524e-01,5.080236e-02,4.036509e-03,1.422897e-02,5.119017e-01,7.370088e-03,1.521923e-03,1.851818e-04,3.269060e-03,9.535596e-04,5.697542e-02
2.165619e-02,7.202893e-02,4.122800e-02,2.266101e-01,1.162384e-01,4.231796e-02,3.726108e-03,1.357062e-02,3.959708e-01,6.309425e-03,1.433625e-03,2.044662e-04,2.576645e-03,7.096165e-04,5.541909e-02
8.012182e-02,6.312734e-02,5.574418e-02,2.144382e-01,1.030130e-01,4.872672e-02,3.323251e-03,1.113666e-02,3.034135e-01,8.670431e-03,3.212514e-03,2.701536e-04,2.313549e-03,1.583438e-03,1.009052e-01
1.277668e-01,6.439835e-02,5.589760e-02,1.805620e-01,8.196543e-02,4.541220e-02,2.806518e-03,9.288238e-03,2.302774e-01,9.233704e-03,4.383464e-03,2.712663e-04,1.965032e-03,2.831028e-03,1.829409e-01
1.140320e-01,1.764648e-01,5.124771e-02,1.678564e-01,6.016532e-02,3.521138e-02,2.353286e-03,7.038849e-03,1.755667e-01,9.993553e-03,4.897440e-03,2.802259e-04,1.685091e-03,2.632577e-03,1.905746e-01
8.337857e-02,1.307734e-01,1.408130e-01,1.350150e-01,4.372476e-02,2.505251e-02,1.880786e-03,5.119270e-03,1.434939e-01,1.168704e-02,3.768424e-03,2.385377e-04,1.328139e-03,2.432430e-03,2.712943e-01
8.902460e-02,9.758139e-02,2.174979e-01,1.028505e-01,3.505317e-02,1.873503e-02,1.758502e-03,3.988335e-03,1.082461e-01,1.198104e-02,3.573818e-03,3.462407e-04,1.192279e-03,3.825787e-03,3.043453e-01
7.367536e-02,7.359880e-02,2.411972e-01,2.225328e-01,3.766863e-02,1.652621e-02,3.562316e-03,3.220157e-03,7.875466e-02,9.020453e-03,3.528749e-03,4.604307e-04,1.221662e-03,3.409480e-03,2.316230e-01
5.689789e-02,5.575942e-02,1.993774e-01,3.880860e-01,4.151061e-02,1.499198e-02,3.025629e-03,2.716410e-03,5.626047e-02,6.401323e-03,4.930382e-03,6.147794e-04,1.047186e-03,3.203081e-03,1.651774e-01
4.297000e-02,4.838993e-02,1.450340e-01,3.042265e-01,9.174999e-02,1.835665e-01,6.281201e-03,7.602619e-03,3.988604e-02,4.578946e-03,5.835961e-03,7.667446e-04,9.494736e-04,2.302777e-03,1.158593e-01
3.711589e-02,4.198387e-02,1.081538e-01,2.265707e-01,1.365624e-01,2.755536e-01,5.932676e-03,9.187371e-03,3.309323e-02,4.685457e-03,1.450428e-02,4.727591e-03,1.510352e-02,1.750459e-03,8.507519e-02
2.803252e-02,3.215557e-02,7.685174e-02,2.347781e-01,9.886499e-02,2.712643e-01,8.502970e-03,7.749388e-03,5.747480e-02,1.008582e-02,5.280464e-02,7.394448e-03,5.055296e-02,1.338575e-03,6.214908e-02
2.256892e-02,2.687395e-02,5.441575e-02,2.014553e-01,7.030573e-02,2.087693e-01,9.244645e-03,6.433545e-03,5.813703e-02,8.732558e-03,5.798444e-02,6.481133e-02,1.644228e-01,1.024755e-03,4.481997e-02
1.743307e-02,2.045496e-02,3.865451e-02,1.538319e-01,5.058567e-02,1.612199e-01,9.254506e-03,5.546322e-03,4.355097e-02,6.426726e-03,4.714993e-02,7.904249e-02,3.341998e-01,7.434252e-04,3.190583e-02
1.254626e-02,1.452952e-02,2.722853e-02,1.088657e-01,3.603856e-02,1.166168e-01,7.543437e-03,4.713686e-03,3.128596e-02,4.642519e-03,3.390643e-02,6.423445e-02,5.145017e-01,5.285823e-04,2.281785e-02
9.649636e-03,1.028634e-02,1.916088e-02,7.630794e-02,2.592814e-02,8.295117e-02,5.858280e-03,3.600295e-03,2.210309e-02,3.291214e-03,2.437935e-02,5.438323e-02,6.451538e-01,3.749723e-04,1.657171e-02
7.709459e-03,7.284411e-03,1.348708e-02,5.344214e-02,1.846350e-02,5.952290e-02,4.364697e-03,2.619948e-03,1.559092e-02,2.323838e-03,1.783615e-02,5.407745e-02,7.309625e-01,2.772042e-04,1.203782e-02
6.179043e-03,5.148353e-03,9.513570e-03,3.742827e-02,1.304297e-02,4.571426e-02,3.180987e-03,1.871714e-03,1.099600e-02,1.683242e-03,1.400477e-02,5.423917e-02,7.881611e-01,2.761991e-04,8.560392e-03
4.920026e-03,3.658344e-03,6.702906e-03,2.623133e-02,9.296246e-03,4.014177e-02,2.324156e-03,1.336958e-03,7.800685e-03,1.354388e-03,1.398828e-02,6.576744e-02,8.096337e-01,2.456884e-04,6.598082e-03
3.591506e-03,2.608963e-03,4.708879e-03,1.841106e-02,6.565018e-03,7.817198e-02,1.663853e-03,9.504721e-04,5.565370e-03,1.093552e-03,1.537493e-02,7.549548e-02,7.807710e-01,3.365439e-04,4.691394e-03
2.669580e-03,1.846595e-03,3.344440e-03,1.292683e-02,4.685261e-03,5.748209e-02,1.242276e-03,6.984537e-04,4.012000e-03,1.828459e-03,2.965169e-02,1.074652e-01,7.680879e-01,3.272152e-04,3.732122e-03
2.478827e-03,1.332732e-03,2.395870e-03,9.227285e-03,3.547419e-03,7.328359e-02,1.220709e-03,6.009631e-04,2.961646e-03,4.133543e-03,4.489781e-02,1.838838e-01,6.664602e-01,5.582075e-04,3.017511e-03
1.958247e-03,9.499202e-04,1.717894e-03,6.746444e-03,2.654273e-03,7.930190e-02,1.261126e-03,5.113325e-04,2.212314e-03,8.398948e-03,5.134103e-02,1.988832e-01,6.409191e-01,7.968413e-04,2.347432e-03
1.432650e-03,6.700631e-04,1.227973e-03,4.837585e-03,2.156470e-03,6.000652e-02,9.763640e-04,4.461951e-04,1.693349e-03,1.145490e-02,6.038641e-02,1.702988e-01,6.817791e-01,8.093281e-04,1.824254e-03
1.192636e-03,4.988511e-04,1.160211e-03,3.660992e-03,1.695329e-03,4.380175e-02,7.910983e-04,5.216379e-04,1.652754e-03,2.796110e-02,6.975612e-02,1.872141e-01,6.578269e-01,8.223971e-04,1.444091e-03
9.147174e-04,4.984062e-04,1.191007e-03,2.805794e-03,1.430999e-03,3.092303e-02,6.673846e-04,5.605022e-04,2.764546e-02,6.042533e-02,6.339101e-02,2.429416e-01,5.636384e-01,1.371354e-03,1.594983e-03
7.639360e-04,1.726990e-03,2.456846e-03,2.268111e-03,1.780673e-03,2.221024e-02,5.390389e-04,8.189997e-04,5.007252e-02,1.642285e-01,6.608277e-02,2.002248e-01,4.834592e-01,1.409651e-03,1.957687e-03
5.731052e-04,1.381231e-03,1.801304e-03,1.794569e-03,1.446251e-03,1.562593e-02,3.860118e-04,1.110672e-03,2.130184e-01,1.320632e-01,5.084642e-02,1.639631e-01,4.128499e-01,1.610502e-03,1.529284e-03
4.737242e-04,2.368502e-03,1.537254e-03,1.477192e-03,1.341718e-03,1.102205e-02,2.814196e-04,1.710370e-03,4.025036e-01,1.115379e-01,3.896657e-02,1.199161e-01,3.041288e-01,1.361838e-03,1.372887e-03
8.294610e-04,1.008913e-02,1.674563e-02,1.619898e-03,2.183079e-03,1.060171e-02,3.564256e-04,7.518570e-03,4.998166e-01,1.013783e-01,3.384186e-02,8.722422e-02,2.240430e-01,1.538672e-03,2.213348e-03
5.076362e-03,9.202187e-03,1.907011e-02,1.973023e-03,4.459027e-03,9.820749e-03,2.892964e-04,1.949813e-02,5.667239e-01,9.642744e-02,2.494198e-02,6.154782e-02,1.587221e-01,2.011954e-03,2.023594e-02
5.773751e-03,1.029567e-02,3.040447e-02,4.588543e-03,4.908537e-03,1.072810e-02,2.554214e-04,3.745610e-02,6.028810e-01,8.194219e-02,1.810578e-02,4.380668e-02,1.126766e-01,1.968138e-03,3.420908e-02
6.623599e-03,1.190265e-02,2.421350e-02,4.849360e-03,5.630726e-03,9.764316e-03,2.352689e-04,3.736110e-02,6.444431e-01,8.246771e-02,1.306963e-02,3.176320e-02,7.958508e-02,2.356426e-03,4.573439e-02
9.807997e-03,1.257729e-02,2.240578e-02,5.038678e-03,5.981674e-03,9.106874e-03,2.824737e-04,7.650018e-02,6.536530e-01,7.336919e-02,9.618731e-03,2.327624e-02,5.643119e-02,3.107978e-03,3.884275e-02
2.424459e-02,1.618972e-02,3.758536e-02,7.968184e-03,1.045343e-02,1.203312e-02,7.571678e-04,8.694939e-02,6.040072e-01,8.075429e-02,9.637533e-03,1.715772e-02,4.131753e-02,6.948391e-03,4.399638e-02
3.804716e-02,1.670583e-02,3.737290e-02,9.124242e-03,1.259614e-02,1.271877e-02,1.175720e-03,8.177102e-02,5.043594e-01,1.394553e-01,1.017351e-02,1.283735e-02,2.992510e-02,1.166700e-02,8.207063e-02
4.388420e-02,2.190762e-02,3.918177e-02,1.032683e-02,1.669308e-02,1.914911e-02,1.298899e-03,1.413049e-01,4.422331e-01,1.188484e-01,9.919705e-03,1.249553e-02,2.340921e-02,2.298871e-02,7.635899e-02
5.566640e-02,2.171676e-02,3.725441e-02,9.849915e-03,2.005723e-02,1.713634e-02,1.725105e-03,1.994511e-01,4.013603e-01,8.876246e-02,8.124857e-03,9.317398e-03,1.713119e-02,5.190001e-02,6.054655e-02
6.212022e-02,1.946376e-02,3.505605e-02,9.282257e-03,2.173569e-02,1.775368e-02,2.113172e-03,2.761714e-01,3.517681e-01,6.780904e-02,6.634253e-03,7.142271e-03,1.318512e-02,6.108605e-02,4.867898e-02
6.285967e-02,2.137869e-02,3.755265e-02,1.020987e-02,2.074794e-02,1.470013e-02,5.396394e-03,3.971054e-01,2.570685e-01,4.999745e-02,5.293071e-03,5.275701e-03,1.002590e-02,6.391613e-02,3.847258e-02
8.982046e-02,2.367884e-02,4.542637e-02,1.132569e-02,1.709886e-02,1.354695e-02,1.552505e-02,4.312837e-01,1.892251e-01,3.627395e-02,4.863299e-03,4.233517e-03,7.900012e-03,7.900949e-02,3.078875e-02
9.298259e-02,2.245823e-02,5.552763e-02,1.153829e-02,1.333520e-02,1.177564e-02,1.504679e-02,5.124284e-01,1.405849e-01,2.599090e-02,3.841394e-03,3.578381e-03,5.918245e-03,6.120039e-02,2.379308e-02
9.689574e-02,1.762422e-02,4.633454e-02,9.714864e-03,1.052137e-02,9.347828e-03,1.283262e-02,6.032895e-01,1.028268e-01,1.857650e-02,2.912240e-03,3.094200e-03,4.273660e-03,4.408074e-02,1.767525e-02
1.007266e-01,1.404438e-02,3.926832e-02,8.795599e-03,8.919486e-03,7.958685e-03,1.091144e-02,6.662846e-01,7.504155e-02,1.377564e-02,2.397452e-03,3.035967e-03,3.258449e-03,3.151018e-02,1.407168e-02
1.498762e-01,1.196515e-02,3.668769e-02,1.005663e-02,9.176807e-03,7.701498e-03,9.356157e-03,6.506708e-01,5.576775e-02,1.242203e-02,2.684420e-03,4.225985e-03,2.876360e-03,2.276808e-02,1.376452e-02
1.721724e-01,1.087873e-02,2.933777e-02,1.002720e-02,8.251668e-03,7.959500e-03,7.198623e-03,6.556954e-01,4.178137e-02,1.268917e-02,3.414259e-03,5.904407e-03,2.985693e-03,1.667527e-02,1.502862e-02
1.371875e-01,1.373322e-02,2.720081e-02,1.466122e-02,7.583522e-03,1.462237e-02,5.332199e-03,4.752458e-01,4.709285e-02,1.574735e-01,1.628581e-02,9.618428e-03,7.154928e-03,1.535154e-02,5.145635e-02
1.053317e-01,2.135804e-02,2.299432e-02,2.257194e-02,7.121393e-03,1.191809e-02,3.975363e-03,3.409728e-01,6.531949e-02,2.183102e-01,3.438848e-02,1.148226e-02,1.247829e-02,1.471834e-02,1.070594e-01
7.549532e-02,4.149474e-02,2.865669e-02,4.222625e-02,7.068033e-03,1.068386e-02,2.955497e-03,2.401495e-01,6.771703e-02,2.468164e-01,3.400811e-02,1.055154e-02,1.191137e-02,1.098575e-02,1.692799e-01
5.296771e-02,3.340644e-02,2.279438e-02,3.274848e-02,4.997742e-03,7.773519e-03,2.079155e-03,1.681493e-01,5.598699e-02,3.459491e-01,2.482532e-02,7.787709e-03,9.554863e-03,7.834246e-03,2.231450e-01
3.737686e-02,3.733402e-02,2.436192e-02,2.914835e-02,3.637720e-03,5.961538e-03,1.474556e-03,1.177769e-01,5.927429e-02,3.354722e-01,2.089865e-02,6.635088e-03,2.445568e-02,5.810696e-03,2.903815e-01
2.623752e-02,2.752666e-02,2.811968e-02,2.424953e-02,2.644629e-03,4.896580e-03,1.055791e-03,8.256125e-02,4.556364e-02,3.977182e-01,2.085238e-02,6.077632e-03,5.187665e-02,4.173774e-03,2.764461e-01
1.857468e-02,2.469242e-02,2.396436e-02,5.673110e-02,2.151091e-03,4.345988e-03,7.723671e-04,5.814865e-02,3.814853e-02,2.845078e-01,9.452621e-02,7.427732e-03,9.652726e-02,3.828357e-03,2.856534e-01
1.320569e-02,2.936624e-02,1.844219e-02,5.973741e-02,1.636550e-03,3.949978e-03,5.618879e-04,4.083759e-02,3.574085e-02,2.058028e-01,9.303524e-02,7.552332e-03,9.505058e-02,3.969234e-03,3.911114e-01
9.620637e-03,2.744632e-02,1.496496e-02,8.037356e-02,1.752325e-03,3.306709e-03,4.102496e-04,2.904712e-02,3.271592e-02,1.462037e-01,1.040812e-01,6.458419e-03,8.227200e-02,3.836985e-03,4.575099e-01
1.189491e-02,9.033368e-02,2.000609e-02,1.253378e-01,3.215928e-03,3.648213e-03,3.573889e-04,2.077197e-02,7.061649e-02,1.038837e-01,9.081369e-02,4.776360e-03,5.990824e-02,3.084897e-03,3.913506e-01
2.697162e-02,1.475088e-01,2.955241e-02,1.298159e-01,1.036235e-02,6.799296e-03,5.867316e-04,1.743845e-02,1.174705e-01,7.384863e-02,7.018845e-02,3.443624e-03,4.302334e-02,2.740210e-03,3.202496e-01
2.136620e-02,1.376702e-01,4.537684e-02,2.854588e-01,1.508584e-02,6.782580e-03,8.522559e-04,1.337143e-02,9.763041e-02,5.363539e-02,4.949057e-02,2.457161e-03,3.023178e-02,1.974837e-03,2.386156e-01
1.640529e-02,1.098147e-01,7.096174e-02,3.526178e-01,1.299148e-02,6.441333e-03,6.882185e-04,9.673808e-03,8.165474e-02,4.679123e-02,3.620024e-02,1.811171e-03,2.141129e-02,1.782322e-03,2.307546e-01
2.028115e-02,1.304888e-01,1.678595e-01,2.699282e-01,2.386140e-02,1.244931e-02,1.152578e-03,8.257154e-03,6.839149e-02,3.939201e-02,2.669082e-02,1.374581e-03,1.537019e-02,3.186394e-03,2.113164e-01
4.102110e-02,1.431714e-01,1.749481e-01,2.101494e-01,4.827917e-02,2.018397e-02,2.428947e-03,1.613304e-02,6.071849e-02,3.139475e-02,2.413344e-02,1.190861e-03,1.228006e-02,3.502896e-03,2.104643e-01
4.693143e-02,1.270556e-01,1.999279e-01,1.850187e-01,5.418514e-02,2.076653e-02,3.417123e-03,2.087880e-02,5.335968e-02,2.967075e-02,1.924602e-02,1.056899e-03,9.506488e-03,3.740731e-03,2.252381e-01
3.627410e-02,9.240787e-02,3.543038e-01,1.639674e-01,4.284622e-02,1.502570e-02,2.653955e-03,3.890014e-02,4.036792e-02,2.301706e-02,1.460570e-02,8.834608e-04,7.000900e-03,2.877313e-03,1.648685e-01
3.268670e-02,6.672688e-02,3.859243e-01,1.687797e-01,3.480896e-02,1.216200e-02,2.231550e-03,1.004041e-01,3.241647e-02,1.841701e-02,1.579183e-02,1.122913e-03,6.646549e-03,2.371667e-03,1.195095e-01
5.881219e-02,5.327656e-02,3.413194e-01,1.464470e-01,2.903601e-02,1.591099e-02,1.945274e-03,1.450147e-01,3.932843e-02,1.716776e-02,2.974934e-02,3.285337e-03,1.028309e-02,4.947810e-03,1.034761e-01
7.246689e-02,3.868599e-02,2.466944e-01,1.201431e-01,2.198513e-02,1.611386e-02,1.753211e-03,1.429941e-01,3.162655e-02,1.377176e-02,1.052487e-01,2.530727e-02,8.470540e-02,4.497624e-03,7.400603e-02
5.305850e-02,2.769660e-02,1.902915e-01,1.332899e-01,1.666677e-02,1.478221e-02,1.726611e-03,1.440414e-01,2.490182e-02,1.054312e-02,8.910386e-02,1.538506e-01,8.344007e-02,4.311674e-03,5.229543e-02
3.786105e-02,1.961853e-02,1.380949e-01,1.053550e-01,1.198971e-02,1.088647e-02,1.470401e-03,1.100740e-01,1.861291e-02,7.831747e-03,6.946847e-02,3.564056e-01,7.137836e-02,4.240613e-03,3.671239e-02
2.714611e-02,1.384899e-02,9.933951e-02,8.089455e-02,8.947186e-03,8.710723e-03,1.171399e-03,8.346649e-02,1.467468e-02,5.611913e-03,5.498431e-02,5.159920e-01,5.611070e-02,3.325870e-03,2.577553e-02
1.981021e-02,9.734931e-03,6.994713e-02,5.742230e-02,6.763071e-03,8.846533e-03,8.778078e-04,6.192955e-02,1.064188e-02,3.963162e-03,4.749084e-02,6.425875e-01,3.949691e-02,2.386006e-03,1.810212e-02
1.409859e-02,6.838520e-03,4.903059e-02,4.072129e-02,5.178808e-03,8.211961e-03,6.263575e-04,4.410494e-02,7.683302e-03,2.883261e-03,5.256046e-02,7.257438e-01,2.780545e-02,1.808186e-03,1.270446e-02
9.910498e-03,4.820481e-03,3.436018e-02,2.866342e-02,4.704170e-03,6.366047e-03,4.450031e-04,3.131931e-02,5.520699e-03,2.177982e-03,4.366529e-02,7.982394e-01,1.955514e-02,1.348391e-03,8.904038e-03
6.954624e-03,3.437091e-03,2.408133e-02,2.007882e-02,5.761255e-03,4.565437e-03,3.142761e-04,2.195535e-02,3.988989e-03,1.692512e-03,4.053335e-02,8.456742e-01,1.373335e-02,9.919256e-04,6.237512e-03
4.891125e-03,2.429629e-03,1.686459e-02,1.406868e-02,5.357075e-03,3.273064e-03,2.217253e-04,1.537724e-02,2.859907e-03,1.320155e-03,3.408904e-02,8.844699e-01,9.672878e-03,7.358982e-04,4.369124e-03
3.429220e-03,1.875772e-03,1.190674e-02,9.860889e-03,2.360392e-02,2.361459e-03,1.693171e-04,1.076832e-02,2.255700e-03,1.073711e-03,2.587463e-02,8.962862e-01,6.847648e-03,6.124474e-04,3.073986e-03
2.428623e-03,1.537467e-03,8.450562e-03,6.914945e-03,2.477850e-02,1.750448e-03,1.219980e-04,7.544430e-03,1.799252e-03,9.996445e-04,2.702127e-02,9.088975e-01,4.883421e-03,6.903224e-04,2.181645e-03
1.752574e-03,1.596213e-03,6.153944e-03,4.866991e-03,2.537767e-02,1.313295e-03,9.296834e-05,5.315646e-03,1.868949e-03,1.295371e-03,4.385654e-02,9.006294e-01,3.475283e-03,8.449286e-04,1.560233e-03
1.278786e-03,3.003472e-03,4.973277e-03,3.482271e-03,5.948617e-02,1.155888e-03,1.680720e-04,3.748708e-03,2.022188e-03,2.123391e-03,4.051391e-02,8.732408e-01,2.518506e-03,9.407563e-04,1.343823e-03
9.381196e-04,2.409068e-03,3.630829e-03,2.479268e-03,4.913493e-02,8.618491e-04,1.350333e-04,2.649949e-03,1.663713e-03,1.768879e-03,3.497828e-02,8.955871e-01,1.837156e-03,9.454019e-04,9.804423e-04
7.677597e-04,1.808244e-03,2.775481e-03,1.779405e-03,5.114423e-02,7.494043e-04,1.878321e-04,2.742472e-03,1.350595e-03,1.800253e-03,3.189819e-02,8.994260e-01,1.406778e-03,1.452617e-03,7.107577e-04
5.770000e-04,1.324566e-03,2.097041e-03,1.283824e-03,4.414338e-02,5.797619e-04,1.667371e-04,3.725975e-03,1.218515e-03,1.419501e-03,2.398414e-02,9.164947e-01,1.092423e-03,1.389644e-03,5.027923e-04
4.570344e-04,1.406519e-03,2.428549e-03,9.401041e-04,5.651298e-02,6.398779e-04,3.001067e-04,4.065248e-03,2.168545e-03,1.192737e-03,1.819264e-02,9.093038e-01,8.644440e-04,1.150999e-03,3.765030e-04
4.171083e-04,2.314414e-03,2.842254e-02,7.862689e-04,7.067707e-02,7.501113e-04,3.916677e-04,6.923489e-03,3.712561e-03,1.210585e-03,1.553768e-02,8.666456e-01,7.390312e-04,1.081376e-03,3.905631e-04
4.194251e-04,2.975835e-03,4.590300e-02,7.661233e-04,8.659236e-02,1.260046e-03,8.688149e-04,1.737069e-02,2.193183e-02,1.198739e-03,1.270253e-02,8.058006e-01,6.803902e-04,1.198768e-03,3.308710e-04
5.246378e-04,2.167270e-03,5.825880e-02,2.059543e-03,6.258991e-02,1.044133e-03,8.011310e-04,2.593683e-01,1.617034e-02,9.778080e-04,9.493698e-03,5.846686e-01,7.279424e-04,9.026142e-04,2.453609e-04
1.273912e-03,2.166981e-03,2.968750e-01,7.346714e-03,6.426115e-02,1.981550e-03,8.559084e-04,1.903428e-01,1.545613e-02,9.722732e-04,6.919871e-03,4.100566e-01,5.433480e-04,6.489347e-04,2.989993e-04
2.785677e-03,2.801909e-03,4.777297e-01,8.033132e-03,5.986971e-02,3.040039e-03,1.021053e-03,1.361632e-01,1.334271e-02,9.269239e-04,5.283511e-03,2.877436e-01,4.303354e-04,4.999781e-04,3.285569e-04
9.123223e-03,8.537698e-03,5.493296e-01,1.280176e-02,9.120084e-02,8.486959e-03,1.196532e-03,9.847556e-02,1.177461e-02,8.555644e-04,4.456727e-03,2.017627e-01,4.426270e-04,8.218807e-04,7.337558e-04
2.178939e-02,1.726604e-02,5.760870e-01,1.442792e-02,1.246712e-01,1.420153e-02,1.157134e-03,7.060132e-02,1.093430e-02,7.403907e-04,3.903690e-03,1.414816e-01,4.674111e-04,1.404537e-03,8.665465e-04
