1.000000e+00,0.000000e+00,0.000000e+00,0.000000e+00,0.000000e+00,0.000000e+00,0.000000e+00,0.000000e+00,0.000000e+00,0.000000e+00,0.000000e+00,0.000000e+00,0.000000e+00,0.000000e+00,0.000000e+00
1.000000e+00,0.000000e+00,0.000000e+00,0.000000e+00,0.000000e+00,0.000000e+00,0.000000e+00,0.000000e+00,0.000000e+00,0.000000e+00,0.000000e+00,0.000000e+00,0.000000e+00,0.000000e+00,0.000000e+00
1.000000e+00,0.000000e+00,0.000000e+00,0.000000e+00,0.000000e+00,0.000000e+00,0.000000e+00,0.000000e+00,0.000000e+00,0.000000e+00,0.000000e+00,0.000000e+00,0.000000e+00,0.000000e+00,0.000000e+00
1.000000e+00,0.000000e+00,0.000000e+00,0.000000e+00,0.000000e+00,0.000000e+00,0.000000e+00,0.000000e+00,0.000000e+00,0.000000e+00,0.000000e+00,0.000000e+00,0.000000e+00,0.000000e+00,0.000000e+00
1.000000e+00,0.000000e+00,0.000000e+00,0.000000e+00,0.000000e+00,0.000000e+00,0.000000e+00,0.000000e+00,0.000000e+00,0.000000e+00,0.000000e+00,0.000000e+00,0.000000e+00,0.000000e+00,0.000000e+00
1.000000e+00,0.000000e+00,0.000000e+00,0.000000e+00,0.000000e+00,0.000000e+00,0.000000e+00,0.000000e+00,0.000000e+00,0.000000e+00,0.000000e+00,0.000000e+00,0.000000e+00,0.000000e+00,0.000000e+00
1.000000e+00,0.000000e+00,0.000000e+00,0.000000e+00,0.000000e+00,0.000000e+00,0.000000e+00,0.000000e+00,0.000000e+00,0.000000e+00,0.000000e+00,0.000000e+00,0.000000e+00,0.000000e+00,0.000000e+00
1.000000e+00,0.000000e+00,0.000000e+00,0.000000e+00,0.000000e+00,0.000000e+00,0.000000e+00,0.000000e+00,0.000000e+00,0.000000e+00,0.000000e+00,0.000000e+00,0.000000e+00,0.000000e+00,0.000000e+00
1.000000e+00,0.000000e+00,0.000000e+00,0.000000e+00,0.000000e+00,0.000000e+00,0.000000e+00,0.000000e+00,0.000000e+00,0.000000e+00,0.000000e+00,0.000000e+00,0.000000e+00,0.000000e+00,0.000000e+00
1.000000e+00,0.000000e+00,0.000000e+00,0.000000e+00,0.000000e+00,0.000000e+00,0.000000e+00,0.000000e+00,0.000000e+00,0.000000e+00,0.000000e+00,0.000000e+00,0.000000e+00,0.000000e+00,0.000000e+00
1.000000e+00,0.000000e+00,0.000000e+00,0.000000e+00,0.000000e+00,0.000000e+00,0.000000e+00,0.000000e+00,0.000000e+00,0.000000e+00,0.000000e+00,0.000000e+00,0.000000e+00,0.000000e+00,0.000000e+00
1.000000e+00,0.000000e+00,0.000000e+00,0.000000e+00,0.000000e+00,0.000000e+00,0.000000e+00,0.000000e+00,0.000000e+00,0.000000e+00,0.000000e+00,0.000000e+00,0.000000e+00,0.000000e+00,0.000000e+00
1.000000e+00,0.000000e+00,0.000000e+00,0.000000e+00,0.000000e+00,0.000000e+00,0.000000e+00,0.000000e+00,0.000000e+00,0.000000e+00,0.000000e+00,0.000000e+00,0.000000e+00,0.000000e+00,0.000000e+00
1.000000e+00,0.000000e+00,0.000000e+00,0.000000e+00,0.000000e+00,0.000000e+00,0.000000e+00,0.000000e+00,0.000000e+00,0.000000e+00,0.000000e+00,0.000000e+00,0.000000e+00,0.000000e+00,0.000000e+00
1.000000e+00,0.000000e+00,0.000000e+00,0.000000e+00,0.000000e+00,0.000000e+00,0.000000e+00,0.000000e+00,0.000000e+00,0.000000e+00,0.000000e+00,0.000000e+00,0.000000e+00,0.000000e+00,0.000000e+00
1.000000e+00,0.000000e+00,0.000000e+00,0.000000e+00,0.000000e+00,0.000000e+00,0.000000e+00,0.000000e+00,0.000000e+00,0.000000e+00,0.000000e+00,0.000000e+00,0.000000e+00,0.000000e+00,0.000000e+00
1.000000e+00,0.000000e+00,0.000000e+00,0.000000e+00,0.000000e+00,0.000000e+00,0.000000e+00,0.000000e+00,0.000000e+00,0.000000e+00,0.000000e+00,0.000000e+00,0.000000e+00,0.000000e+00,0.000000e+00
1.000000e+00,0.000000e+00,0.000000e+00,0.000000e+00,0.000000e+00,0.000000e+00,0.000000e+00,0.000000e+00,0.000000e+00,0.000000e+00,0.000000e+00,0.000000e+00,0.000000e+00,0.000000e+00,0.000000e+00
4.949186e-01,2.973769e-02,4.304479e-02,1.202109e-01,2.556907e-02,4.364697e-02,9.705857e-03,2.419844e-02,1.421778e-02,2.711537e-03,1.886793e-02,1.097951e-01,3.533365e-02,4.123816e-03,2.391791e-02
3.762915e-01,2.599524e-02,1.568229e-01,1.518093e-01,2.168313e-02,3.581370e-02,8.040227e-03,2.815506e-02,1.173976e-02,2.427817e-03,1.909781e-02,1.062219e-01,3.034484e-02,3.367870e-03,2.218898e-02
3.920737e-01,2.286281e-02,1.640902e-01,1.559686e-01,2.167097e-02,3.242867e-02,7.060920e-03,2.775048e-02,1.157780e-02,2.355403e-03,1.952040e-02,8.969203e-02,2.889196e-02,3.278100e-03,2.077796e-02
4.953133e-01,1.951186e-02,1.219441e-01,1.254984e-01,1.858388e-02,3.082325e-02,6.081491e-03,2.208543e-02,1.143567e-02,2.072568e-03,1.764384e-02,7.580175e-02,2.989679e-02,3.180925e-03,2.012678e-02
4.790456e-01,2.510335e-02,1.051643e-01,1.535693e-01,1.905341e-02,3.010048e-02,6.107470e-03,2.301549e-02,1.321433e-02,1.937397e-03,2.257353e-02,6.817444e-02,2.739718e-02,3.851476e-03,2.169236e-02
1.000000e+00,0.000000e+00,0.000000e+00,0.000000e+00,0.000000e+00,0.000000e+00,0.000000e+00,0.000000e+00,0.000000e+00,0.000000e+00,0.000000e+00,0.000000e+00,0.000000e+00,0.000000e+00,0.000000e+00
1.000000e+00,0.000000e+00,0.000000e+00,0.000000e+00,0.000000e+00,0.000000e+00,0.000000e+00,0.000000e+00,0.000000e+00,0.000000e+00,0.000000e+00,0.000000e+00,0.000000e+00,0.000000e+00,0.000000e+00
1.000000e+00,0.000000e+00,0.000000e+00,0.000000e+00,0.000000e+00,0.000000e+00,0.000000e+00,0.000000e+00,0.000000e+00,0.000000e+00,0.000000e+00,0.000000e+00,0.000000e+00,0.000000e+00,0.000000e+00
1.000000e+00,0.000000e+00,0.000000e+00,0.000000e+00,0.000000e+00,0.000000e+00,0.000000e+00,0.000000e+00,0.000000e+00,0.000000e+00,0.000000e+00,0.000000e+00,0.000000e+00,0.000000e+00,0.000000e+00
1.000000e+00,0.000000e+00,0.000000e+00,0.000000e+00,0.000000e+00,0.000000e+00,0.000000e+00,0.000000e+00,0.000000e+00,0.000000e+00,0.000000e+00,0.000000e+00,0.000000e+00,0.000000e+00,0.000000e+00
1.000000e+00,0.000000e+00,0.000000e+00,0.000000e+00,0.000000e+00,0.000000e+00,0.000000e+00,0.000000e+00,0.000000e+00,0.000000e+00,0.000000e+00,0.000000e+00,0.000000e+00,0.000000e+00,0.000000e+00
1.000000e+00,0.000000e+00,0.000000e+00,0.000000e+00,0.000000e+00,0.000000e+00,0.000000e+00,0.000000e+00,0.000000e+00,0.000000e+00,0.000000e+00,0.000000e+00,0.000000e+00,0.000000e+00,0.000000e+00
1.000000e+00,0.000000e+00,0.000000e+00,0.000000e+00,0.000000e+00,0.000000e+00,0.000000e+00,0.000000e+00,0.000000e+00,0.000000e+00,0.000000e+00,0.000000e+00,0.000000e+00,0.000000e+00,0.000000e+00
1.000000e+00,0.000000e+00,0.000000e+00,0.000000e+00,0.000000e+00,0.000000e+00,0.000000e+00,0.000000e+00,0.000000e+00,0.000000e+00,0.000000e+00,0.000000e+00,0.000000e+00,0.000000e+00,0.000000e+00
1.000000e+00,0.000000e+00,0.000000e+00,0.000000e+00,0.000000e+00,0.000000e+00,0.000000e+00,0.000000e+00,0.000000e+00,0.000000e+00,0.000000e+00,0.000000e+00,0.000000e+00,0.000000e+00,0.000000e+00
1.000000e+00,0.000000e+00,0.000000e+00,0.000000e+00,0.000000e+00,0.000000e+00,0.000000e+00,0.000000e+00,0.000000e+00,0.000000e+00,0.000000e+00,0.000000e+00,0.000000e+00,0.000000e+00,0.000000e+00
1.000000e+00,0.000000e+00,0.000000e+00,0.000000e+00,0.000000e+00,0.000000e+00,0.000000e+00,0.000000e+00,0.000000e+00,0.000000e+00,0.000000e+00,0.000000e+00,0.000000e+00,0.000000e+00,0.000000e+00
1.000000e+00,0.000000e+00,0.000000e+00,0.000000e+00,0.000000e+00,0.000000e+00,0.000000e+00,0.000000e+00,0.000000e+00,0.000000e+00,0.000000e+00,0.000000e+00,0.000000e+00,0.000000e+00,0.000000e+00
1.000000e+00,0.000000e+00,0.000000e+00,0.000000e+00,0.000000e+00,0.000000e+00,0.000000e+00,0.000000e+00,0.000000e+00,0.000000e+00,0.000000e+00,0.000000e+00,0.000000e+00,0.000000e+00,0.000000e+00
1.000000e+00,0.000000e+00,0.000000e+00,0.000000e+00,0.000000e+00,0.000000e+00,0.000000e+00,0.000000e+00,0.000000e+00,0.000000e+00,0.000000e+00,0.000000e+00,0.000000e+00,0.000000e+00,0.000000e+00
1.000000e+00,0.000000e+00,0.000000e+00,0.000000e+00,0.000000e+00,0.000000e+00,0.000000e+00,0.000000e+00,0.000000e+00,0.000000e+00,0.000000e+00,0.000000e+00,0.000000e+00,0.000000e+00,0.000000e+00
4.398089e-01,7.972687e-03,1.096483e-02,2.206757e-02,5.722821e-03,1.677635e-01,2.692883e-01,1.851499e-02,3.272194e-03,8.713421e-04,5.275664e-03,2.013393e-02,1.978180e-02,1.084289e-03,7.477202e-03
3.503752e-01,5.899674e-03,1.189723e-02,1.600459e-02,4.627163e-03,1.636331e-01,3.636901e-01,3.808312e-02,2.473684e-03,7.099395e-04,3.984838e-03,1.578239e-02,1.601070e-02,8.891845e-04,5.938933e-03
2.686451e-01,4.313830e-03,1.484977e-02,1.224207e-02,3.894502e-03,1.277096e-01,4.581856e-01,7.495391e-02,1.872515e-03,5.514551e-04,2.930033e-03,1.173235e-02,1.288648e-02,7.084247e-04,4.524351e-03
2.080630e-01,3.214116e-03,2.186650e-02,1.027645e-02,3.444456e-03,9.755084e-02,4.843563e-01,1.435459e-01,1.414828e-03,4.611700e-04,2.183288e-03,8.780750e-03,1.089675e-02,5.883615e-04,3.357174e-03
1.893690e-01,2.547608e-03,2.403027e-02,8.346674e-03,2.942942e-03,7.919119e-02,4.614657e-01,2.099862e-01,1.119108e-03,4.225410e-04,1.631775e-03,6.551501e-03,9.072989e-03,5.562742e-04,2.766103e-03
1.967408e-01,2.203036e-03,2.314395e-02,7.157687e-03,2.843617e-03,6.106902e-02,4.078634e-01,2.807637e-01,9.332160e-04,3.902135e-04,1.289550e-03,5.093496e-03,7.466142e-03,5.544451e-04,2.487788e-03
2.742217e-01,2.377813e-03,1.919069e-02,6.991832e-03,3.887543e-03,5.182483e-02,3.101920e-01,3.096455e-01,9.219439e-04,5.766113e-04,1.351459e-03,6.705201e-03,8.139743e-03,6.656002e-04,3.307621e-03
2.709046e-01,2.472236e-03,2.491582e-02,7.538668e-03,4.240774e-03,4.571153e-02,2.481675e-01,3.735927e-01,9.075331e-04,6.990867e-04,1.270569e-03,7.175945e-03,7.809198e-03,6.298552e-04,3.964054e-03
3.200604e-01,2.520016e-03,2.248235e-02,6.551767e-03,5.826565e-03,4.083133e-02,2.006000e-01,3.740481e-01,9.534638e-04,1.042264e-03,1.478915e-03,9.356190e-03,8.368399e-03,7.662720e-04,5.114071e-03
3.538610e-01,2.911897e-03,1.991856e-02,6.744984e-03,7.392871e-03,3.825337e-02,1.526480e-01,3.810247e-01,1.091643e-03,1.436268e-03,2.388763e-03,1.455136e-02,9.587736e-03,1.122762e-03,7.066084e-03
3.207796e-01,2.343993e-03,1.871268e-02,5.750936e-03,7.226031e-03,3.282779e-02,1.156696e-01,4.613854e-01,9.684734e-04,1.211146e-03,2.248472e-03,1.423714e-02,9.345996e-03,1.158533e-03,6.134246e-03
3.077085e-01,4.168403e-03,2.149800e-02,6.315837e-03,8.450210e-03,3.212550e-02,8.879219e-02,4.850467e-01,2.016810e-03,2.607529e-03,2.570736e-03,1.683093e-02,1.192808e-02,1.524339e-03,8.416237e-03
2.159867e-01,3.069601e-03,1.735249e-02,5.795695e-03,7.057918e-03,2.287498e-02,1.668003e-01,4.546192e-01,1.883678e-03,1.257891e-02,9.452637e-03,4.597599e-02,2.453025e-02,4.337372e-03,7.684242e-03
1.513332e-01,2.204845e-03,1.285677e-02,4.458235e-03,5.128278e-03,1.617595e-02,2.379075e-01,3.249196e-01,1.666970e-03,1.161607e-02,1.982081e-02,1.670554e-01,2.619233e-02,1.046785e-02,8.196151e-03
1.060964e-01,1.580880e-03,9.146745e-03,3.458608e-03,3.968291e-03,1.147120e-02,3.003497e-01,2.296156e-01,1.586390e-03,9.299157e-03,2.770480e-02,2.579167e-01,2.049461e-02,1.126639e-02,6.044444e-03
7.446004e-02,1.243145e-03,6.608767e-03,2.698311e-03,4.106229e-03,8.488307e-03,3.060038e-01,1.612743e-01,1.641940e-03,7.102556e-03,1.281845e-01,2.691199e-01,1.491051e-02,9.779014e-03,4.378769e-03
5.220437e-02,9.781154e-04,4.710219e-03,2.206008e-03,5.270340e-03,6.713793e-03,2.326741e-01,1.129578e-01,1.555137e-03,6.062853e-03,1.477824e-01,4.055722e-01,1.067210e-02,7.290354e-03,3.350284e-03
3.655905e-02,7.057260e-04,3.339797e-03,1.615046e-03,4.202677e-03,5.206390e-03,1.701691e-01,7.910143e-02,1.290319e-03,4.480469e-03,2.267839e-01,4.507882e-01,7.569283e-03,5.814365e-03,2.374272e-03
2.561836e-02,5.415145e-04,2.368926e-03,1.170494e-03,3.265756e-03,3.910439e-03,1.199814e-01,5.540903e-02,1.236615e-03,3.191754e-03,3.129788e-01,4.584765e-01,5.387005e-03,4.778163e-03,1.685284e-03
1.797105e-02,4.169686e-04,1.696016e-03,8.601067e-04,2.590328e-03,3.208000e-03,8.474474e-02,3.886231e-02,1.083682e-03,2.419314e-03,2.768628e-01,5.596412e-01,3.913355e-03,4.519870e-03,1.210259e-03
1.259520e-02,1.284170e-03,1.613786e-03,6.456131e-04,6.430151e-03,2.705988e-03,5.981491e-02,2.732749e-02,1.965288e-03,1.866561e-03,2.236659e-01,6.524525e-01,2.997518e-03,3.664741e-03,9.701660e-04
8.823384e-03,1.297817e-03,1.495507e-03,4.697251e-04,6.844721e-03,1.996401e-03,4.195873e-02,1.916693e-02,2.047826e-03,1.396323e-03,1.871128e-01,7.216505e-01,2.144800e-03,2.891621e-03,7.029808e-04
6.190672e-03,1.673330e-03,1.930005e-03,3.582020e-04,7.765257e-03,1.466563e-03,2.941988e-02,1.346256e-02,3.099447e-03,1.283959e-03,1.686915e-01,7.598943e-01,1.542628e-03,2.702454e-03,5.193505e-04
4.351016e-03,1.430388e-03,2.206729e-03,2.638010e-04,5.907565e-03,1.134075e-03,2.061606e-02,9.466838e-03,5.408047e-03,1.339529e-03,2.818704e-01,6.583935e-01,1.112003e-03,6.097663e-03,4.023589e-04
3.065315e-03,1.070850e-03,1.878027e-03,2.066761e-04,4.365833e-03,9.510315e-04,1.444749e-02,6.652485e-03,6.225352e-03,1.402979e-03,2.992482e-01,6.529739e-01,8.521376e-04,6.345768e-03,3.139571e-04
2.185749e-03,8.771549e-04,1.703037e-03,2.394078e-04,3.317760e-03,8.974160e-04,1.012705e-02,4.683508e-03,1.105511e-02,2.059111e-03,3.734970e-01,5.792292e-01,6.912134e-04,9.150425e-03,2.868383e-04
1.572333e-03,7.670966e-04,1.331889e-03,2.252309e-04,2.370259e-03,8.431512e-04,7.093410e-03,3.378229e-03,1.284455e-02,1.588008e-03,5.358827e-01,4.203221e-01,5.176457e-04,1.102589e-02,2.375223e-04
1.127750e-03,7.926645e-04,1.014776e-03,1.909445e-04,1.733846e-03,6.750916e-04,4.967607e-03,2.436538e-03,1.418895e-02,1.208661e-03,6.619785e-01,2.986329e-01,3.810816e-04,1.046924e-02,2.014231e-04
9.361706e-04,5.539006e-03,3.435572e-03,1.130359e-03,2.548895e-03,1.323511e-03,3.551654e-03,5.314309e-03,2.917610e-02,1.566848e-03,7.221967e-01,2.136024e-01,2.790314e-04,9.142445e-03,2.569908e-04
8.693514e-04,6.253018e-03,3.037484e-03,1.715026e-03,2.682582e-03,1.320512e-03,2.522992e-03,8.197737e-03,3.703631e-02,1.603366e-03,7.741231e-01,1.515792e-01,2.097822e-04,8.621603e-03,2.279497e-04
1.345737e-03,6.339408e-03,2.335473e-03,1.915633e-03,8.269094e-03,2.587606e-03,1.829891e-03,7.503370e-03,1.131509e-01,1.342276e-03,7.388412e-01,1.066311e-01,1.693348e-04,7.512623e-03,2.263307e-04
1.121322e-02,1.618168e-02,6.157634e-03,8.398258e-03,2.281262e-02,1.007695e-02,3.510168e-03,9.159905e-02,1.516947e-01,3.410764e-03,5.872416e-01,7.565540e-02,4.468494e-04,1.061215e-02,9.888752e-04
1.505143e-02,1.434587e-02,1.465287e-02,2.229013e-02,3.114383e-02,1.628575e-02,5.484315e-03,2.437822e-01,1.322411e-01,3.902120e-03,4.369438e-01,5.341581e-02,4.858527e-04,9.027855e-03,9.470033e-04
2.922195e-02,1.493397e-02,2.808466e-02,3.897871e-02,4.593785e-02,2.073134e-02,4.879771e-03,2.007527e-01,2.186410e-01,4.115196e-03,3.413259e-01,3.911531e-02,6.949836e-04,1.168210e-02,9.046157e-04
4.480303e-02,1.348328e-02,2.561646e-02,4.176616e-02,4.721190e-02,4.407411e-02,3.802956e-03,1.511659e-01,2.871090e-01,3.634240e-03,2.911112e-01,2.913490e-02,8.624385e-04,1.508222e-02,1.142272e-03
5.440968e-02,1.131895e-02,5.060596e-02,5.705523e-02,4.679801e-02,5.650759e-02,2.852354e-03,1.179572e-01,2.884075e-01,2.867639e-03,2.599688e-01,2.199832e-02,9.254640e-04,2.705798e-02,1.269334e-03
6.556830e-02,9.995736e-03,4.558623e-02,5.537900e-02,4.394784e-02,5.023265e-02,2.142715e-03,9.080043e-02,2.804439e-01,2.408472e-03,2.952206e-01,1.808647e-02,1.081336e-03,3.758941e-02,1.516868e-03
8.391946e-02,9.944479e-03,6.253915e-02,5.032315e-02,3.959118e-02,5.979522e-02,1.698318e-03,7.101881e-02,2.350761e-01,1.938242e-03,3.221454e-01,1.527444e-02,1.056529e-03,4.379239e-02,1.887033e-03
1.213748e-01,1.944732e-02,1.530956e-01,4.541037e-02,3.609060e-02,4.651830e-02,1.611543e-03,6.114122e-02,1.922771e-01,1.554767e-03,2.615779e-01,1.330408e-02,1.120410e-03,4.361923e-02,1.856770e-03
1.445707e-01,2.032923e-02,2.442032e-01,3.738780e-02,3.090660e-02,3.995469e-02,2.160791e-03,4.921026e-02,1.503050e-01,1.204847e-03,2.098330e-01,1.390984e-02,1.147627e-03,5.287985e-02,1.996488e-03
1.816841e-01,2.060040e-02,2.817123e-01,3.188841e-02,2.873063e-02,4.117709e-02,3.036519e-03,5.246333e-02,1.143425e-01,1.085818e-03,1.710489e-01,1.441664e-02,1.731212e-03,5.347011e-02,2.612046e-03
1.842362e-01,2.407644e-02,2.739959e-01,2.715233e-02,2.491533e-02,1.121200e-01,2.534464e-03,4.907470e-02,8.499800e-02,1.354185e-03,1.495189e-01,1.298675e-02,2.970681e-03,4.585472e-02,4.211366e-03
1.744265e-01,2.852122e-02,2.279976e-01,2.381642e-02,2.854823e-02,1.923706e-01,2.341076e-03,4.027816e-02,6.239560e-02,2.485173e-03,1.526341e-01,1.561834e-02,4.021482e-03,3.934657e-02,5.198864e-03
1.281963e-01,2.279259e-02,1.662526e-01,1.922019e-02,2.285414e-02,2.748533e-01,1.763485e-03,2.861034e-02,4.482530e-02,2.732563e-03,2.252713e-01,2.180339e-02,4.462673e-03,3.024843e-02,6.113372e-03
9.482740e-02,1.859031e-02,1.212141e-01,1.550268e-02,2.012497e-02,3.160585e-01,1.492728e-03,2.049020e-02,3.385276e-02,3.236887e-03,2.830210e-01,3.555090e-02,4.933855e-03,2.431700e-02,6.786696e-03
7.091789e-02,4.310542e-02,9.197626e-02,2.920369e-02,1.863366e-02,2.572149e-01,1.494049e-03,1.462221e-02,5.905759e-02,9.768231e-03,3.220912e-01,4.816786e-02,4.896455e-03,1.824114e-02,1.060950e-02
5.017786e-02,3.288957e-02,6.488728e-02,2.104842e-02,1.338866e-02,1.940570e-01,1.300017e-03,1.026367e-02,4.351543e-02,7.016912e-03,4.442964e-01,9.085263e-02,3.642209e-03,1.349011e-02,9.173845e-03
3.546231e-02,2.352717e-02,4.616906e-02,1.511542e-02,9.837438e-03,1.648036e-01,1.002684e-03,7.230911e-03,3.141327e-02,5.068596e-03,5.160571e-01,1.236917e-01,2.617220e-03,1.108157e-02,6.921923e-03
2.505492e-02,1.661415e-02,3.275803e-02,1.081244e-02,8.090622e-03,1.253707e-01,8.084659e-04,5.287434e-03,2.263838e-02,3.636808e-03,5.013334e-01,2.282914e-01,1.924187e-03,1.235519e-02,5.023864e-03
1.763533e-02,1.171008e-02,2.306553e-02,7.713226e-03,6.403437e-03,9.056594e-02,6.509205e-04,3.777862e-03,1.606983e-02,2.720289e-03,4.911389e-01,3.125257e-01,1.470651e-03,1.092452e-02,3.627817e-03
1.280174e-02,8.470778e-03,1.656994e-02,5.716226e-03,8.946065e-03,6.464171e-02,7.812791e-04,3.066632e-03,1.171176e-02,2.130052e-03,4.827775e-01,3.669207e-01,1.405872e-03,1.137361e-02,2.686173e-03
9.149304e-03,6.277209e-03,1.297590e-02,4.140018e-03,7.825497e-03,4.597386e-02,8.386851e-04,2.547820e-03,8.558501e-03,1.795482e-03,3.701247e-01,5.145236e-01,1.086277e-03,1.226234e-02,1.920739e-03
6.642230e-03,6.397051e-03,1.196293e-02,3.297465e-03,2.039478e-02,3.883711e-02,1.571860e-03,2.753232e-03,1.641740e-02,2.542465e-03,2.872647e-01,5.869256e-01,9.923209e-04,1.242187e-02,1.578971e-03
4.746852e-03,5.426780e-03,1.142803e-02,2.355139e-03,1.567097e-02,2.948651e-02,1.648779e-03,2.236095e-03,1.344940e-02,1.272914e-02,2.388693e-01,6.460772e-01,8.523961e-04,1.371004e-02,1.313395e-03
3.359353e-03,4.129000e-03,8.717273e-03,1.664166e-03,1.118357e-02,2.145750e-02,1.464772e-03,1.711140e-03,1.019714e-02,1.441381e-02,2.088828e-01,6.963390e-01,7.158019e-04,1.480961e-02,9.551013e-04
2.443344e-03,4.060877e-03,1.153648e-02,1.277782e-03,1.249652e-02,1.979081e-02,2.051646e-03,2.790249e-03,2.294351e-02,2.071344e-02,2.258918e-01,6.508222e-01,9.024091e-04,2.144445e-02,8.344783e-04
1.824980e-03,9.097005e-03,1.289634e-02,9.867152e-04,9.911128e-03,1.525150e-02,1.650593e-03,2.479798e-03,2.253235e-02,2.181988e-02,2.568083e-01,6.165588e-01,9.182635e-04,2.626932e-02,9.950743e-04
1.680641e-03,1.731662e-02,2.453809e-02,9.445184e-04,9.291880e-03,1.411665e-02,1.592224e-03,3.884931e-03,3.449845e-02,3.435550e-02,3.076139e-01,5.182275e-01,1.229699e-03,2.880208e-02,1.907306e-03
3.112529e-03,1.489247e-02,3.322501e-02,2.696796e-03,1.485111e-02,1.302081e-02,3.196791e-03,2.528102e-02,3.976179e-02,4.208988e-02,3.184155e-01,4.450347e-01,1.732912e-03,4.059780e-02,2.090886e-03
2.953221e-03,1.632232e-02,3.570951e-02,2.459940e-03,2.941092e-02,1.497136e-02,3.826990e-03,1.888510e-02,4.174756e-02,4.681610e-02,2.778037e-01,4.673423e-01,2.096821e-03,3.621274e-02,3.441454e-03
3.300986e-03,1.463329e-02,6.285241e-02,2.745214e-03,3.556409e-02,1.213415e-02,3.101512e-03,1.974818e-02,5.046087e-02,4.320201e-02,2.952130e-01,4.113768e-01,4.811199e-03,3.780768e-02,3.048597e-03
3.527156e-03,1.480765e-02,5.347015e-02,3.210610e-03,2.341705e-01,2.078290e-02,3.844430e-03,1.745223e-02,4.459739e-02,3.231085e-02,2.197753e-01,3.122185e-01,4.227884e-03,3.220940e-02,3.395055e-03
4.231447e-03,1.521886e-02,4.448275e-02,2.755326e-03,4.258504e-01,1.702085e-02,4.850949e-03,1.325919e-02,3.892771e-02,2.279837e-02,1.560781e-01,2.256626e-01,3.541348e-03,2.274390e-02,2.578280e-03
3.390880e-03,1.098441e-02,3.411438e-02,2.412882e-03,5.853900e-01,1.209909e-02,3.665519e-03,1.562999e-02,2.808525e-02,1.597091e-02,1.094090e-01,1.585592e-01,2.540227e-03,1.593057e-02,1.817692e-03
5.453713e-03,9.394346e-03,2.758395e-02,3.008645e-03,6.895317e-01,9.234185e-03,4.030586e-03,1.393251e-02,2.339582e-02,1.119992e-02,7.724597e-02,1.116260e-01,1.846633e-03,1.116477e-02,1.351261e-03
1.182655e-02,9.521509e-03,2.680884e-02,3.928671e-03,7.480503e-01,8.287033e-03,4.358320e-03,1.701168e-02,1.831863e-02,7.897727e-03,5.504479e-02,7.848395e-02,1.410543e-03,7.878648e-03,1.172804e-03
2.145976e-02,7.870446e-03,2.221374e-02,3.360089e-03,7.999240e-01,6.318504e-03,3.506985e-03,1.497177e-02,1.329723e-02,5.571194e-03,3.879237e-02,5.514561e-02,1.066779e-03,5.625039e-03,8.764409e-04
2.710314e-02,7.299308e-03,1.772192e-02,3.431027e-03,8.364043e-01,5.152317e-03,2.724701e-03,1.424172e-02,9.959701e-03,3.967507e-03,2.747779e-02,3.879515e-02,8.140532e-04,4.240507e-03,6.668140e-04
3.476332e-02,1.077974e-02,1.411636e-02,1.553415e-02,8.310187e-01,4.499661e-03,2.310110e-03,2.433693e-02,7.805801e-03,2.836853e-03,1.956084e-02,2.795537e-02,7.698027e-04,3.077490e-03,6.347880e-04
4.776676e-02,8.715190e-03,1.152482e-02,1.405786e-02,8.432317e-01,4.386976e-03,1.787771e-03,2.009316e-02,7.960863e-03,2.060320e-03,1.445881e-02,2.041874e-02,7.174115e-04,2.276399e-03,5.432967e-04
9.859219e-02,8.783486e-03,1.059139e-02,2.552320e-02,7.850156e-01,6.285989e-03,1.744209e-03,1.890850e-02,7.254811e-03,1.934355e-03,1.302899e-02,1.843325e-02,1.356121e-03,1.780332e-03,7.676170e-04
1.686769e-01,8.611534e-03,1.039440e-02,5.669554e-02,6.771934e-01,7.575794e-03,2.077932e-03,2.233178e-02,7.372592e-03,1.716910e-03,1.083112e-02,2.028800e-02,3.561111e-03,1.636164e-03,1.036904e-03
2.742896e-01,8.998189e-03,9.985928e-03,6.484821e-02,5.577260e-01,8.839022e-03,2.033934e-03,1.746236e-02,1.229698e-02,1.830966e-03,1.003636e-02,2.282089e-02,5.336759e-03,1.791093e-03,1.703722e-03
3.779764e-01,1.030293e-02,9.303320e-03,7.911002e-02,4.294040e-01,9.782866e-03,1.954180e-03,1.397625e-02,1.336682e-02,2.189967e-03,1.046471e-02,2.886231e-02,8.310697e-03,2.223327e-03,2.772303e-03
4.241721e-01,1.063418e-02,9.651144e-03,1.168869e-01,3.153445e-01,8.988712e-03,2.189743e-03,1.488002e-02,1.316608e-02,2.857650e-03,1.390077e-02,4.571379e-02,1.317995e-02,4.266643e-03,4.167858e-03
1.000000e+00,0.000000e+00,0.000000e+00,0.000000e+00,0.000000e+00,0.000000e+00,0.000000e+00,0.000000e+00,0.000000e+00,0.000000e+00,0.000000e+00,0.000000e+00,0.000000e+00,0.000000e+00,0.000000e+00
4.201349e-01,2.050305e-02,1.275284e-02,2.423552e-01,1.631650e-01,7.776876e-03,1.909035e-03,1.051248e-02,1.209825e-02,2.708636e-03,2.050126e-02,5.272579e-02,1.185031e-02,7.353600e-03,1.365279e-02
2.952214e-01,2.585662e-01,1.360684e-02,1.729778e-01,1.170357e-01,5.835123e-03,1.374566e-03,7.502920e-03,1.259026e-02,2.030254e-03,4.649350e-02,3.853501e-02,8.506011e-03,7.071588e-03,1.265272e-02
2.079325e-01,2.026754e-01,1.200715e-02,1.249352e-01,8.210938e-02,4.519975e-03,9.675173e-04,5.309682e-03,9.619505e-03,1.512263e-03,2.890723e-01,3.477151e-02,6.229645e-03,7.721743e-03,1.061614e-02
1.466127e-01,1.510221e-01,9.495331e-03,9.102217e-02,5.763254e-02,5.130267e-03,6.911088e-04,3.768035e-03,7.351995e-03,1.166349e-03,4.494320e-01,5.615756e-02,4.532937e-03,7.769520e-03,8.215400e-03
1.029417e-01,1.063710e-01,6.855922e-03,6.506643e-02,4.104763e-02,5.203017e-03,5.291018e-04,2.685488e-03,5.408501e-03,8.934182e-04,5.055940e-01,1.361480e-01,3.248972e-03,1.208375e-02,5.923035e-03
7.208912e-02,7.466101e-02,4.851926e-03,4.568652e-02,3.467667e-02,4.233932e-03,4.521197e-04,1.893243e-03,4.028170e-03,7.662298e-04,5.449813e-01,1.899600e-01,2.468874e-03,1.499866e-02,4.252253e-03
5.049266e-02,5.244408e-02,3.462232e-03,3.208901e-02,3.037960e-02,3.422481e-03,3.603212e-04,1.334147e-03,3.157353e-03,6.919008e-04,5.487642e-01,2.517958e-01,1.871544e-03,1.667143e-02,3.063199e-03
3.537535e-02,3.687694e-02,2.480453e-03,2.251406e-02,2.443657e-02,2.744938e-03,2.768441e-04,9.517947e-04,3.217935e-03,7.409999e-04,5.489311e-01,3.014386e-01,1.447375e-03,1.636699e-02,2.200019e-03
2.477767e-02,2.596187e-02,1.764170e-03,1.580391e-02,2.039979e-02,2.099178e-03,2.266888e-04,6.818678e-04,2.981529e-03,8.422057e-04,6.085469e-01,2.766079e-01,1.138337e-03,1.657414e-02,1.593860e-03
1.735455e-02,1.828828e-02,1.271689e-03,1.108835e-02,1.652401e-02,1.554110e-03,1.810658e-04,4.968551e-04,2.744802e-03,1.098963e-03,6.825185e-01,2.263868e-01,9.018007e-04,1.844119e-02,1.149071e-03
1.216409e-02,1.291196e-02,9.507643e-04,7.772399e-03,1.460574e-02,1.235870e-03,1.414059e-04,3.690242e-04,2.389653e-03,3.983703e-03,7.214915e-01,1.993784e-01,7.845045e-04,2.093728e-02,8.837160e-04
8.541535e-03,9.388921e-03,7.680586e-04,5.506228e-03,1.313602e-02,1.079832e-03,1.447127e-04,3.422661e-04,3.661822e-03,4.602546e-03,7.000989e-01,2.297979e-01,8.291490e-04,2.136233e-02,7.396807e-04
6.006877e-03,8.807482e-03,6.567332e-04,3.944403e-03,1.361004e-02,1.136860e-03,2.946636e-04,3.527557e-04,5.910981e-03,6.741706e-03,6.848682e-01,2.458820e-01,9.809498e-04,1.955418e-02,1.252093e-03
4.281416e-03,6.843921e-03,1.009061e-03,2.924366e-03,1.274510e-02,1.850948e-03,8.231533e-04,1.089453e-03,5.438427e-03,6.228235e-03,7.166227e-01,2.194958e-01,9.972510e-04,1.856079e-02,1.089396e-03
3.452540e-03,5.456273e-03,1.290279e-03,2.152815e-03,1.441930e-02,6.077659e-03,1.163431e-03,1.353174e-03,4.209282e-03,5.325497e-03,7.444230e-01,1.906842e-01,1.437882e-03,1.745945e-02,1.095164e-03
3.364895e-03,5.198128e-03,1.614735e-03,1.667965e-03,1.380524e-02,8.035680e-03,1.754606e-03,1.630959e-03,6.657417e-03,1.081466e-02,7.341617e-01,1.825734e-01,1.381014e-03,2.268133e-02,4.658310e-03
3.570311e-03,5.396349e-03,2.111404e-03,1.335742e-03,2.030769e-02,1.185387e-02,3.758880e-03,2.308873e-03,7.753254e-03,1.300396e-02,7.557061e-01,1.418159e-01,1.429277e-03,2.115195e-02,8.496511e-03
3.001163e-03,4.491317e-03,2.846223e-03,1.091334e-03,1.988717e-02,2.147160e-02,4.046266e-03,2.121123e-03,6.098968e-03,1.057309e-02,7.955171e-01,1.029473e-01,1.582374e-03,1.533559e-02,8.989390e-03
3.451261e-03,3.811520e-03,3.295482e-03,9.905396e-04,2.871982e-02,4.444295e-02,1.221722e-02,3.117894e-03,4.901938e-03,8.403841e-03,7.905166e-01,7.579944e-02,1.774593e-03,1.107497e-02,7.481900e-03
3.061440e-03,3.299257e-03,3.118286e-03,1.096435e-03,4.597539e-02,3.332424e-02,9.535577e-03,3.595703e-03,4.036928e-03,6.076247e-03,8.176515e-01,5.383690e-02,1.822898e-03,7.776142e-03,5.792950e-03
4.738704e-03,2.999397e-03,4.054140e-03,1.917215e-03,6.527916e-02,2.843507e-02,7.091626e-03,7.674552e-03,6.861598e-03,4.342949e-03,8.096331e-01,4.434783e-02,2.660824e-03,5.543965e-03,4.419825e-03
5.251253e-03,2.226572e-03,3.349636e-03,2.271355e-03,6.817424e-02,2.176544e-02,5.302850e-03,1.302292e-02,6.275068e-03,3.057188e-03,8.266525e-01,3.307492e-02,2.494084e-03,3.904600e-03,3.177310e-03
1.063998e-02,2.782814e-03,3.194323e-03,1.982557e-03,7.137494e-02,4.267699e-02,4.892885e-03,1.223457e-02,2.596299e-02,2.254266e-03,7.655810e-01,3.852845e-02,1.196391e-02,3.112900e-03,2.817400e-03
1.364804e-02,2.640311e-03,2.629797e-03,1.709622e-03,6.119504e-02,9.975110e-02,4.079833e-03,1.090665e-02,4.311709e-02,1.730273e-03,6.671131e-01,6.049372e-02,2.539204e-02,3.033031e-03,2.560297e-03
1.495926e-02,2.464728e-03,2.911459e-03,1.507931e-03,7.086800e-02,7.604192e-02,3.434371e-03,1.570834e-02,5.185760e-02,1.288753e-03,6.847931e-01,4.583354e-02,2.131703e-02,5.031060e-03,1.982870e-03
1.617112e-02,5.709623e-03,8.280452e-03,1.283893e-03,6.199878e-02,5.712627e-02,3.107890e-03,1.873509e-02,5.600809e-02,1.167961e-03,6.904129e-01,5.000738e-02,1.720107e-02,1.080937e-02,1.980154e-03
2.073425e-02,5.925894e-03,1.333251e-02,1.327858e-03,4.978054e-02,4.707079e-02,2.738355e-03,2.029221e-02,5.486456e-02,1.260916e-03,6.826486e-01,6.798457e-02,1.656229e-02,1.346327e-02,2.013416e-03
2.400496e-02,6.025286e-03,6.986417e-02,1.646688e-03,4.110381e-02,4.079639e-02,2.602103e-03,2.047798e-02,4.796542e-02,2.002188e-03,5.254714e-01,1.518176e-01,3.837405e-02,1.930494e-02,8.543010e-03
2.412819e-02,6.015891e-03,1.491183e-01,1.887264e-03,3.143786e-02,3.173953e-02,2.277646e-03,2.186907e-02,3.609702e-02,2.275867e-03,3.795079e-01,2.033430e-01,6.132301e-02,1.636081e-02,3.261860e-02
1.907845e-02,4.469355e-03,1.563567e-01,2.288976e-03,2.625873e-02,2.343510e-02,5.828070e-03,6.730049e-02,2.611517e-02,3.248191e-03,2.681769e-01,2.145289e-01,7.944559e-02,1.188994e-02,9.157944e-02
1.394553e-02,3.203578e-03,1.152386e-01,1.814708e-03,1.940204e-02,1.697780e-02,5.328644e-03,4.802677e-02,1.864782e-02,3.596981e-03,1.908063e-01,1.536916e-01,7.213767e-02,8.701767e-03,3.284802e-01
1.011460e-02,2.283359e-03,8.240935e-02,1.392808e-03,1.390461e-02,1.207568e-02,4.103194e-03,3.381115e-02,1.329728e-02,3.692223e-03,1.345916e-01,1.089062e-01,5.936210e-02,6.508373e-03,5.135474e-01
7.831164e-03,1.652807e-03,5.842122e-02,1.549167e-03,1.003997e-02,9.728426e-03,3.559180e-03,2.427845e-02,1.018917e-02,5.797049e-03,9.788130e-02,7.832153e-02,6.427582e-02,6.152842e-03,6.203219e-01
5.902494e-03,1.186429e-03,4.186372e-02,3.296914e-03,7.480202e-03,7.770451e-03,3.587332e-03,1.967217e-02,7.688493e-03,9.614606e-03,7.570454e-02,5.906270e-02,1.016820e-01,5.808925e-03,6.496789e-01
4.698397e-03,8.752657e-04,2.962332e-02,9.742158e-03,5.543836e-03,8.877153e-03,2.989149e-03,1.565035e-02,7.198417e-03,1.127611e-02,8.558948e-02,5.060289e-02,2.354765e-01,5.884324e-03,5.259726e-01
3.477140e-03,7.413386e-04,2.089319e-02,2.490738e-02,4.164435e-03,8.473982e-03,2.558740e-03,1.125216e-02,7.321275e-03,3.253198e-02,9.375083e-02,5.590368e-02,3.507436e-01,5.164511e-03,3.781157e-01
3.353937e-03,6.285983e-04,1.483882e-02,2.463861e-02,3.951004e-03,1.049559e-02,2.246347e-03,8.225037e-03,1.505035e-02,3.691486e-02,1.119516e-01,5.731727e-02,4.270422e-01,5.954172e-03,2.773915e-01
2.685277e-03,4.898566e-04,1.051093e-02,2.499636e-02,5.146510e-03,1.030943e-02,1.994329e-03,6.102823e-03,1.481422e-02,4.306142e-02,1.887020e-01,5.760487e-02,4.212629e-01,6.895354e-03,2.054237e-01
1.948089e-03,3.489868e-04,7.404828e-03,2.239088e-02,6.022687e-03,7.858235e-03,1.542415e-03,4.509864e-03,1.229911e-02,4.136625e-02,2.356972e-01,6.166558e-02,4.393005e-01,5.614405e-03,1.520309e-01
1.464836e-03,2.590530e-04,5.304603e-03,1.770875e-02,6.451294e-03,6.771532e-03,1.124580e-03,4.625580e-03,9.350080e-03,3.466086e-02,2.594578e-01,8.924678e-02,4.483300e-01,4.335857e-03,1.109083e-01
1.185108e-03,2.066261e-04,4.085921e-03,1.362799e-02,3.952529e-02,6.766371e-03,1.376311e-03,6.809398e-03,8.105919e-03,2.981520e-02,2.743221e-01,1.018414e-01,4.237004e-01,3.307247e-03,8.532461e-02
1.195894e-03,1.661693e-04,3.291278e-03,1.092035e-02,8.921346e-02,6.910894e-03,1.641898e-03,1.266590e-02,9.709110e-03,2.905117e-02,2.606990e-01,1.222531e-01,3.827897e-01,2.620232e-03,6.687182e-02
1.118282e-03,1.301746e-04,2.458996e-03,7.864701e-03,1.743094e-01,5.445411e-03,4.145319e-03,4.770431e-02,1.350318e-02,2.124788e-02,1.977734e-01,1.028643e-01,3.724648e-01,1.894562e-03,4.707523e-02
1.044978e-03,1.931560e-04,1.763942e-03,5.605059e-03,1.633169e-01,4.350021e-03,3.638178e-03,4.390709e-02,1.173197e-01,1.562836e-02,1.493189e-01,9.786932e-02,3.615882e-01,1.347358e-03,3.310883e-02
1.404835e-03,2.749434e-04,1.934248e-03,4.054180e-03,2.083446e-01,3.168789e-03,3.379524e-03,1.097845e-01,1.308671e-01,1.251733e-02,1.116303e-01,7.942757e-02,3.087999e-01,1.006044e-03,2.340608e-02
2.706392e-03,4.756014e-04,3.556544e-03,3.248601e-03,1.968361e-01,2.635026e-03,4.288841e-03,2.123198e-01,1.310038e-01,9.896186e-03,8.693982e-02,6.199186e-02,2.665485e-01,8.118301e-04,1.674112e-02
5.294549e-03,6.414955e-04,5.131753e-03,5.745105e-03,3.063315e-01,2.462766e-03,5.365756e-03,1.708122e-01,1.707700e-01,8.084788e-03,6.833740e-02,4.527225e-02,1.931004e-01,6.621276e-04,1.198781e-02
9.394493e-03,9.050212e-04,8.172143e-03,2.250664e-02,3.170527e-01,7.107008e-03,5.418330e-03,1.372871e-01,2.595834e-01,6.028741e-03,4.878579e-02,3.244694e-02,1.363304e-01,4.774310e-04,8.503876e-03
1.699821e-02,1.467203e-03,7.540919e-03,2.206764e-02,2.923814e-01,6.367216e-03,6.678804e-03,1.061185e-01,3.745956e-01,4.392647e-03,3.498428e-02,2.348900e-02,9.648228e-02,3.514692e-04,6.084822e-03
2.942803e-02,1.333355e-03,1.497917e-02,2.331317e-02,2.826583e-01,6.548268e-03,9.826636e-03,1.062453e-01,4.081905e-01,3.137481e-03,2.487190e-02,1.671926e-02,6.818558e-02,2.569728e-04,4.306010e-03
8.033131e-02,6.685974e-03,1.497207e-02,2.870408e-02,3.351358e-01,6.695154e-03,1.483167e-02,7.882290e-02,3.480280e-01,2.272662e-03,1.848299e-02,1.232404e-02,4.902530e-02,2.417301e-04,3.446289e-03
1.223709e-01,1.316608e-02,1.246296e-02,3.279723e-02,3.809423e-01,5.980504e-03,1.564873e-02,5.755368e-02,2.957285e-01,1.658692e-03,1.418922e-02,9.286232e-03,3.511063e-02,2.248883e-04,2.879515e-03
1.013138e-01,2.464413e-02,1.259448e-02,2.031777e-01,3.384877e-01,4.664686e-03,1.139625e-02,4.638627e-02,2.105182e-01,1.229631e-03,1.064601e-02,7.066365e-03,2.500641e-02,2.073757e-04,2.660939e-03
8.389391e-02,2.674612e-02,1.691888e-02,2.737674e-01,3.624917e-01,3.946929e-03,8.341248e-03,3.663972e-02,1.511950e-01,1.043371e-03,8.281975e-03,5.296107e-03,1.783859e-02,1.816954e-04,3.417377e-03
1.138648e-01,2.187976e-02,1.815174e-02,2.054466e-01,4.631160e-01,3.765420e-03,6.755563e-03,3.028079e-02,1.099293e-01,8.219606e-04,6.395901e-03,4.011256e-03,1.275321e-02,1.669780e-04,2.660683e-03
1.453066e-01,2.559141e-02,1.754648e-02,2.582832e-01,3.992641e-01,6.393290e-03,7.338104e-03,3.304012e-02,7.868844e-02,1.444433e-03,7.476099e-03,5.614049e-03,1.039498e-02,4.180494e-04,3.200651e-03
2.069647e-01,3.064022e-02,1.741985e-02,2.792390e-01,3.362382e-01,7.629279e-03,6.918564e-03,3.011812e-02,5.693753e-02,1.935707e-03,7.176593e-03,6.330635e-03,8.542455e-03,6.497258e-04,3.259465e-03
2.597216e-01,2.532185e-02,1.577798e-02,3.089224e-01,2.817568e-01,8.223479e-03,5.805454e-03,2.961223e-02,4.143783e-02,1.826526e-03,5.917215e-03,5.180932e-03,7.041918e-03,6.967117e-04,2.757287e-03
1.845953e-01,2.846108e-02,1.721529e-02,2.235716e-01,1.976118e-01,8.178536e-03,4.122518e-03,2.082532e-02,8.201899e-02,2.094777e-02,7.341007e-03,3.843952e-03,6.729312e-03,1.033243e-02,1.842052e-01
1.315872e-01,2.251619e-02,1.319147e-02,1.613279e-01,1.386279e-01,6.957269e-03,2.928346e-03,1.483296e-02,2.703434e-01,1.917837e-02,8.825174e-03,3.181722e-03,6.092385e-03,1.246884e-02,1.879409e-01
9.404349e-02,1.672744e-02,1.010244e-02,1.136413e-01,9.769503e-02,5.328974e-03,2.118927e-03,1.069485e-02,3.375349e-01,4.600165e-02,1.668230e-02,3.117485e-03,1.024139e-02,5.476214e-02,1.813077e-01
6.946606e-02,1.265904e-02,7.669203e-03,8.010590e-02,6.935337e-02,4.516203e-03,1.705903e-03,7.814721e-03,3.653193e-01,7.411291e-02,3.982486e-02,2.609314e-03,1.292066e-02,5.091924e-02,2.010034e-01
4.896916e-02,1.047724e-02,6.136468e-03,5.646894e-02,4.893002e-02,3.504405e-03,1.227098e-03,5.515865e-03,4.329119e-01,6.319284e-02,2.941437e-02,1.922685e-03,9.559403e-03,3.991820e-02,2.418514e-01
3.472458e-02,8.656442e-03,5.292845e-03,3.959294e-02,3.469166e-02,2.694509e-03,9.123953e-04,3.899929e-03,3.708256e-01,6.425129e-02,2.109870e-02,1.385910e-03,7.005901e-03,4.695266e-02,3.580147e-01
2.548282e-02,7.202716e-03,4.962843e-03,2.777963e-02,2.437658e-02,2.243537e-03,6.499179e-04,2.739421e-03,3.631009e-01,1.017978e-01,1.554048e-02,1.043242e-03,5.061592e-03,5.233941e-02,3.656792e-01
1.880945e-02,7.176924e-03,5.297698e-03,1.947134e-02,1.714150e-02,2.154741e-03,4.718541e-04,1.965822e-03,3.048489e-01,1.160668e-01,1.278535e-02,8.143398e-04,3.798726e-03,8.703297e-02,4.021636e-01
1.407704e-02,6.776637e-03,4.667236e-03,1.365895e-02,1.204327e-02,1.746509e-03,3.424392e-04,1.387515e-03,2.401084e-01,1.105841e-01,1.090365e-02,6.020317e-04,2.793889e-03,1.128848e-01,4.674235e-01
1.094194e-02,6.204093e-03,4.234387e-03,9.652434e-03,8.476983e-03,1.473673e-03,2.480465e-04,9.842428e-04,1.960531e-01,8.976395e-02,9.616628e-03,5.247965e-04,2.351166e-03,1.364273e-01,5.230473e-01
1.035230e-02,5.876098e-03,3.500923e-03,6.890217e-03,6.017208e-03,1.222129e-03,1.838834e-04,7.223189e-04,1.572817e-01,7.450984e-02,9.302697e-03,5.006471e-04,2.387318e-03,1.576288e-01,5.636240e-01
1.151946e-02,5.292922e-03,3.639611e-03,4.864220e-03,4.246666e-03,1.181292e-03,1.520731e-04,5.361853e-04,1.198574e-01,6.963784e-02,8.522865e-03,3.943599e-04,2.028807e-03,2.140860e-01,5.540402e-01
9.489858e-03,5.044828e-03,3.839140e-03,3.430202e-03,3.044946e-03,1.295992e-03,1.236752e-04,4.185335e-04,1.016435e-01,1.103956e-01,7.309261e-03,3.258739e-04,1.695453e-03,2.401831e-01,5.117600e-01
8.100499e-03,6.663643e-03,4.149905e-03,2.424808e-03,2.193309e-03,2.187045e-03,1.005085e-04,3.567303e-04,8.957773e-02,1.401903e-01,6.265314e-03,2.757430e-04,1.398136e-03,2.335152e-01,5.026012e-01
9.755181e-03,8.406873e-03,1.084267e-02,2.070969e-03,2.222720e-03,2.350529e-03,1.891671e-04,9.882194e-04,1.055424e-01,1.281297e-01,6.013193e-03,3.370075e-04,1.445580e-03,2.277313e-01,4.939745e-01
9.746464e-03,8.837407e-03,4.013203e-02,1.686835e-03,2.968939e-03,3.649411e-03,1.718895e-04,1.524305e-03,1.253175e-01,1.497640e-01,5.558897e-03,3.166173e-04,1.368091e-03,1.907584e-01,4.581993e-01
1.101040e-02,8.090190e-03,1.421526e-01,1.510484e-03,6.183721e-03,5.915628e-03,1.726455e-04,1.845799e-03,1.241584e-01,1.666889e-01,4.217781e-03,2.619931e-04,1.058051e-03,1.418690e-01,3.848645e-01
2.412122e-02,1.333210e-02,1.842203e-01,2.988668e-03,3.119276e-02,1.079816e-02,4.252031e-04,1.298302e-02,1.213186e-01,1.611729e-01,3.304507e-03,2.352857e-04,8.596897e-04,1.067106e-01,3.263370e-01
3.758575e-02,1.644234e-02,2.463803e-01,3.628187e-03,3.461925e-02,1.055797e-02,4.414479e-04,1.757399e-02,1.101592e-01,1.626047e-01,2.571635e-03,2.269320e-04,7.562935e-04,8.029421e-02,2.761577e-01
6.671555e-02,1.993470e-02,2.574365e-01,8.648198e-03,4.972357e-02,1.671262e-02,9.721576e-04,2.375755e-02,9.474989e-02,1.784346e-01,1.930978e-03,2.207650e-04,1.194767e-03,6.329539e-02,2.162728e-01
1.007082e-01,1.712414e-02,1.921145e-01,6.619007e-03,4.957882e-02,1.585991e-02,9.276234e-04,2.154680e-02,9.451330e-02,2.169223e-01,1.487823e-03,1.930771e-04,1.023871e-03,5.977004e-02,2.216106e-01
1.120908e-01,1.616064e-02,1.357946e-01,5.224962e-03,3.986913e-02,1.421298e-02,7.319733e-04,1.535398e-02,1.223668e-01,2.030660e-01,1.405946e-03,2.000538e-04,9.387905e-04,6.504963e-02,2.675336e-01
1.226698e-01,1.327699e-02,9.616900e-02,4.514134e-03,3.228149e-02,5.517003e-02,6.991226e-04,1.109636e-02,1.798503e-01,1.434314e-01,1.614382e-03,6.703614e-04,1.015935e-03,9.057760e-02,2.469630e-01
9.152865e-02,9.490137e-03,6.736136e-02,3.284623e-03,2.297276e-02,3.285975e-01,5.870260e-04,7.876788e-03,1.271010e-01,1.009774e-01,1.201720e-03,5.061862e-04,8.005159e-04,6.426749e-02,1.734469e-01
6.974019e-02,6.960987e-03,4.727182e-02,2.476112e-03,1.637814e-02,4.966779e-01,5.957516e-04,6.036474e-03,9.066744e-02,9.006572e-02,1.761002e-03,7.793229e-04,6.916455e-04,4.700124e-02,1.228962e-01
6.303762e-02,5.306791e-03,3.332487e-02,2.191627e-03,1.248229e-02,5.732522e-01,7.823666e-04,5.060471e-03,8.341736e-02,8.062384e-02,9.544794e-03,2.303336e-03,1.342958e-03,3.789489e-02,8.943456e-02
7.502933e-02,4.489621e-03,2.353707e-02,5.339007e-03,9.564992e-03,5.229506e-01,7.439026e-04,4.703168e-03,7.518306e-02,8.890289e-02,5.192872e-02,3.695456e-03,3.673405e-03,3.156719e-02,9.869153e-02
5.318384e-02,3.857136e-03,1.667284e-02,4.700548e-03,6.898147e-03,4.675665e-01,5.943598e-04,3.631675e-03,5.568321e-02,7.075181e-02,1.330104e-01,3.466039e-03,4.100698e-03,3.052123e-02,1.453615e-01
3.772330e-02,3.156636e-03,1.186406e-02,3.980758e-03,5.874297e-03,4.018072e-01,5.239029e-04,3.552368e-03,4.601613e-02,5.901595e-02,1.729904e-01,2.986906e-03,4.668314e-03,2.995354e-02,2.158863e-01
2.650124e-02,2.320354e-03,8.358524e-03,3.066440e-03,5.628797e-03,2.868333e-01,3.794137e-04,2.633990e-03,3.320388e-02,4.455948e-02,1.629076e-01,2.426537e-03,3.497057e-03,2.428866e-02,3.933946e-01
1.913939e-02,2.028019e-03,6.213660e-03,3.531584e-03,8.052625e-03,2.063844e-01,3.026572e-04,2.277843e-03,2.491231e-02,4.659715e-02,1.840962e-01,3.964196e-03,5.284891e-03,1.040825e-01,3.831325e-01
