1.000000e+00,0.000000e+00,0.000000e+00,0.000000e+00,0.000000e+00,0.000000e+00,0.000000e+00,0.000000e+00,0.000000e+00,0.000000e+00,0.000000e+00,0.000000e+00,0.000000e+00,0.000000e+00,0.000000e+00
1.000000e+00,0.000000e+00,0.000000e+00,0.000000e+00,0.000000e+00,0.000000e+00,0.000000e+00,0.000000e+00,0.000000e+00,0.000000e+00,0.000000e+00,0.000000e+00,0.000000e+00,0.000000e+00,0.000000e+00
1.000000e+00,0.000000e+00,0.000000e+00,0.000000e+00,0.000000e+00,0.000000e+00,0.000000e+00,0.000000e+00,0.000000e+00,0.000000e+00,0.000000e+00,0.000000e+00,0.000000e+00,0.000000e+00,0.000000e+00
1.000000e+00,0.000000e+00,0.000000e+00,0.000000e+00,0.000000e+00,0.000000e+00,0.000000e+00,0.000000e+00,0.000000e+00,0.000000e+00,0.000000e+00,0.000000e+00,0.000000e+00,0.000000e+00,0.000000e+00
1.000000e+00,0.000000e+00,0.000000e+00,0.000000e+00,0.000000e+00,0.000000e+00,0.000000e+00,0.000000e+00,0.000000e+00,0.000000e+00,0.000000e+00,0.000000e+00,0.000000e+00,0.000000e+00,0.000000e+00
1.000000e+00,0.000000e+00,0.000000e+00,0.000000e+00,0.000000e+00,0.000000e+00,0.000000e+00,0.000000e+00,0.000000e+00,0.000000e+00,0.000000e+00,0.000000e+00,0.000000e+00,0.000000e+00,0.000000e+00
1.000000e+00,0.000000e+00,0.000000e+00,0.000000e+00,0.000000e+00,0.000000e+00,0.000000e+00,0.000000e+00,0.000000e+00,0.000000e+00,0.000000e+00,0.000000e+00,0.000000e+00,0.000000e+00,0.000000e+00
1.000000e+00,0.000000e+00,0.000000e+00,0.000000e+00,0.000000e+00,0.000000e+00,0.000000e+00,0.000000e+00,0.000000e+00,0.000000e+00,0.000000e+00,0.000000e+00,0.000000e+00,0.000000e+00,0.000000e+00
1.000000e+00,0.000000e+00,0.000000e+00,0.000000e+00,0.000000e+00,0.000000e+00,0.000000e+00,0.000000e+00,0.000000e+00,0.000000e+00,0.000000e+00,0.000000e+00,0.000000e+00,0.000000e+00,0.000000e+00
1.000000e+00,0.000000e+00,0.000000e+00,0.000000e+00,0.000000e+00,0.000000e+00,0.000000e+00,0.000000e+00,0.000000e+00,0.000000e+00,0.000000e+00,0.000000e+00,0.000000e+00,0.000000e+00,0.000000e+00
1.000000e+00,0.000000e+00,0.000000e+00,0.000000e+00,0.000000e+00,0.000000e+00,0.000000e+00,0.000000e+00,0.000000e+00,0.000000e+00,0.000000e+00,0.000000e+00,0.000000e+00,0.000000e+00,0.000000e+00
1.000000e+00,0.000000e+00,0.000000e+00,0.000000e+00,0.000000e+00,0.000000e+00,0.000000e+00,0.000000e+00,0.000000e+00,0.000000e+00,0.000000e+00,0.000000e+00,0.000000e+00,0.000000e+00,0.000000e+00
1.000000e+00,0.000000e+00,0.000000e+00,0.000000e+00,0.000000e+00,0.000000e+00,0.000000e+00,0.000000e+00,0.000000e+00,0.000000e+00,0.000000e+00,0.000000e+00,0.000000e+00,0.000000e+00,0.000000e+00
1.000000e+00,0.000000e+00,0.000000e+00,0.000000e+00,0.000000e+00,0.000000e+00,0.000000e+00,0.000000e+00,0.000000e+00,0.000000e+00,0.000000e+00,0.000000e+00,0.000000e+00,0.000000e+00,0.000000e+00
1.000000e+00,0.000000e+00,0.000000e+00,0.000000e+00,0.000000e+00,0.000000e+00,0.000000e+00,0.000000e+00,0.000000e+00,0.000000e+00,0.000000e+00,0.000000e+00,0.000000e+00,0.000000e+00,0.000000e+00
1.000000e+00,0.000000e+00,0.000000e+00,0.000000e+00,0.000000e+00,0.000000e+00,0.000000e+00,0.000000e+00,0.000000e+00,0.000000e+00,0.000000e+00,0.000000e+00,0.000000e+00,0.000000e+00,0.000000e+00
1.000000e+00,0.000000e+00,0.000000e+00,0.000000e+00,0.000000e+00,0.000000e+00,0.000000e+00,0.000000e+00,0.000000e+00,0.000000e+00,0.000000e+00,0.000000e+00,0.000000e+00,0.000000e+00,0.000000e+00
1.000000e+00,0.000000e+00,0.000000e+00,0.000000e+00,0.000000e+00,0.000000e+00,0.000000e+00,0.000000e+00,0.000000e+00,0.000000e+00,0.000000e+00,0.000000e+00,0.000000e+00,0.000000e+00,0.000000e+00
1.000000e+00,0.000000e+00,0.000000e+00,0.000000e+00,0.000000e+00,0.000000e+00,0.000000e+00,0.000000e+00,0.000000e+00,0.000000e+00,0.000000e+00,0.000000e+00,0.000000e+00,0.000000e+00,0.000000e+00
1.000000e+00,0.000000e+00,0.000000e+00,0.000000e+00,0.000000e+00,0.000000e+00,0.000000e+00,0.000000e+00,0.000000e+00,0.000000e+00,0.000000e+00,0.000000e+00,0.000000e+00,0.000000e+00,0.000000e+00
1.000000e+00,0.000000e+00,0.000000e+00,0.000000e+00,0.000000e+00,0.000000e+00,0.000000e+00,0.000000e+00,0.000000e+00,0.000000e+00,0.000000e+00,0.000000e+00,0.000000e+00,0.000000e+00,0.000000e+00
1.000000e+00,0.000000e+00,0.000000e+00,0.000000e+00,0.000000e+00,0.000000e+00,0.000000e+00,0.000000e+00,0.000000e+00,0.000000e+00,0.000000e+00,0.000000e+00,0.000000e+00,0.000000e+00,0.000000e+00
1.000000e+00,0.000000e+00,0.000000e+00,0.000000e+00,0.000000e+00,0.000000e+00,0.000000e+00,0.000000e+00,0.000000e+00,0.000000e+00,0.000000e+00,0.000000e+00,0.000000e+00,0.000000e+00,0.000000e+00
1.000000e+00,0.000000e+00,0.000000e+00,0.000000e+00,0.000000e+00,0.000000e+00,0.000000e+00,0.000000e+00,0.000000e+00,0.000000e+00,0.000000e+00,0.000000e+00,0.000000e+00,0.000000e+00,0.000000e+00
1.000000e+00,0.000000e+00,0.000000e+00,0.000000e+00,0.000000e+00,0.000000e+00,0.000000e+00,0.000000e+00,0.000000e+00,0.000000e+00,0.000000e+00,0.000000e+00,0.000000e+00,0.000000e+00,0.000000e+00
1.000000e+00,0.000000e+00,0.000000e+00,0.000000e+00,0.000000e+00,0.000000e+00,0.000000e+00,0.000000e+00,0.000000e+00,0.000000e+00,0.000000e+00,0.000000e+00,0.000000e+00,0.000000e+00,0.000000e+00
1.000000e+00,0.000000e+00,0.000000e+00,0.000000e+00,0.000000e+00,0.000000e+00,0.000000e+00,0.000000e+00,0.000000e+00,0.000000e+00,0.000000e+00,0.000000e+00,0.000000e+00,0.000000e+00,0.000000e+00
1.000000e+00,0.000000e+00,0.000000e+00,0.000000e+00,0.000000e+00,0.000000e+00,0.000000e+00,0.000000e+00,0.000000e+00,0.000000e+00,0.000000e+00,0.000000e+00,0.000000e+00,0.000000e+00,0.000000e+00
1.000000e+00,0.000000e+00,0.000000e+00,0.000000e+00,0.000000e+00,0.000000e+00,0.000000e+00,0.000000e+00,0.000000e+00,0.000000e+00,0.000000e+00,0.000000e+00,0.000000e+00,0.000000e+00,0.000000e+00
1.000000e+00,0.000000e+00,0.000000e+00,0.000000e+00,0.000000e+00,0.000000e+00,0.000000e+00,0.000000e+00,0.000000e+00,0.000000e+00,0.000000e+00,0.000000e+00,0.000000e+00,0.000000e+00,0.000000e+00
1.000000e+00,0.000000e+00,0.000000e+00,0.000000e+00,0.000000e+00,0.000000e+00,0.000000e+00,0.000000e+00,0.000000e+00,0.000000e+00,0.000000e+00,0.000000e+00,0.000000e+00,0.000000e+00,0.000000e+00
1.000000e+00,0.000000e+00,0.000000e+00,0.000000e+00,0.000000e+00,0.000000e+00,0.000000e+00,0.000000e+00,0.000000e+00,0.000000e+00,0.000000e+00,0.000000e+00,0.000000e+00,0.000000e+00,0.000000e+00
1.000000e+00,0.000000e+00,0.000000e+00,0.000000e+00,0.000000e+00,0.000000e+00,0.000000e+00,0.000000e+00,0.000000e+00,0.000000e+00,0.000000e+00,0.000000e+00,0.000000e+00,0.000000e+00,0.000000e+00
1.000000e+00,0.000000e+00,0.000000e+00,0.000000e+00,0.000000e+00,0.000000e+00,0.000000e+00,0.000000e+00,0.000000e+00,0.000000e+00,0.000000e+00,0.000000e+00,0.000000e+00,0.000000e+00,0.000000e+00
1.000000e+00,0.000000e+00,0.000000e+00,0.000000e+00,0.000000e+00,0.000000e+00,0.000000e+00,0.000000e+00,0.000000e+00,0.000000e+00,0.000000e+00,0.000000e+00,0.000000e+00,0.000000e+00,0.000000e+00
1.000000e+00,0.000000e+00,0.000000e+00,0.000000e+00,0.000000e+00,0.000000e+00,0.000000e+00,0.000000e+00,0.000000e+00,0.000000e+00,0.000000e+00,0.000000e+00,0.000000e+00,0.000000e+00,0.000000e+00
1.000000e+00,0.000000e+00,0.000000e+00,0.000000e+00,0.000000e+00,0.000000e+00,0.000000e+00,0.000000e+00,0.000000e+00,0.000000e+00,0.000000e+00,0.000000e+00,0.000000e+00,0.000000e+00,0.000000e+00
1.000000e+00,0.000000e+00,0.000000e+00,0.000000e+00,0.000000e+00,0.000000e+00,0.000000e+00,0.000000e+00,0.000000e+00,0.000000e+00,0.000000e+00,0.000000e+00,0.000000e+00,0.000000e+00,0.000000e+00
1.000000e+00,0.000000e+00,0.000000e+00,0.000000e+00,0.000000e+00,0.000000e+00,0.000000e+00,0.000000e+00,0.000000e+00,0.000000e+00,0.000000e+00,0.000000e+00,0.000000e+00,0.000000e+00,0.000000e+00
1.000000e+00,0.000000e+00,0.000000e+00,0.000000e+00,0.000000e+00,0.000000e+00,0.000000e+00,0.000000e+00,0.000000e+00,0.000000e+00,0.000000e+00,0.000000e+00,0.000000e+00,0.000000e+00,0.000000e+00
1.000000e+00,0.000000e+00,0.000000e+00,0.000000e+00,0.000000e+00,0.000000e+00,0.000000e+00,0.000000e+00,0.000000e+00,0.000000e+00,0.000000e+00,0.000000e+00,0.000000e+00,0.000000e+00,0.000000e+00
1.000000e+00,0.000000e+00,0.000000e+00,0.000000e+00,0.000000e+00,0.000000e+00,0.000000e+00,0.000000e+00,0.000000e+00,0.000000e+00,0.000000e+00,0.000000e+00,0.000000e+00,0.000000e+00,0.000000e+00
1.000000e+00,0.000000e+00,0.000000e+00,0.000000e+00,0.000000e+00,0.000000e+00,0.000000e+00,0.000000e+00,0.000000e+00,0.000000e+00,0.000000e+00,0.000000e+00,0.000000e+00,0.000000e+00,0.000000e+00
1.000000e+00,0.000000e+00,0.000000e+00,0.000000e+00,0.000000e+00,0.000000e+00,0.000000e+00,0.000000e+00,0.000000e+00,0.000000e+00,0.000000e+00,0.000000e+00,0.000000e+00,0.000000e+00,0.000000e+00
1.000000e+00,0.000000e+00,0.000000e+00,0.000000e+00,0.000000e+00,0.000000e+00,0.000000e+00,0.000000e+00,0.000000e+00,0.000000e+00,0.000000e+00,0.000000e+00,0.000000e+00,0.000000e+00,0.000000e+00
1.000000e+00,0.000000e+00,0.000000e+00,0.000000e+00,0.000000e+00,0.000000e+00,0.000000e+00,0.000000e+00,0.000000e+00,0.000000e+00,0.000000e+00,0.000000e+00,0.000000e+00,0.000000e+00,0.000000e+00
1.000000e+00,0.000000e+00,0.000000e+00,0.000000e+00,0.000000e+00,0.000000e+00,0.000000e+00,0.000000e+00,0.000000e+00,0.000000e+00,0.000000e+00,0.000000e+00,0.000000e+00,0.000000e+00,0.000000e+00
1.000000e+00,0.000000e+00,0.000000e+00,0.000000e+00,0.000000e+00,0.000000e+00,0.000000e+00,0.000000e+00,0.000000e+00,0.000000e+00,0.000000e+00,0.000000e+00,0.000000e+00,0.000000e+00,0.000000e+00
1.000000e+00,0.000000e+00,0.000000e+00,0.000000e+00,0.000000e+00,0.000000e+00,0.000000e+00,0.000000e+00,0.000000e+00,0.000000e+00,0.000000e+00,0.000000e+00,0.000000e+00,0.000000e+00,0.000000e+00
1.000000e+00,0.000000e+00,0.000000e+00,0.000000e+00,0.000000e+00,0.000000e+00,0.000000e+00,0.000000e+00,0.000000e+00,0.000000e+00,0.000000e+00,0.000000e+00,0.000000e+00,0.000000e+00,0.000000e+00
1.000000e+00,0.000000e+00,0.000000e+00,0.000000e+00,0.000000e+00,0.000000e+00,0.000000e+00,0.000000e+00,0.000000e+00,0.000000e+00,0.000000e+00,0.000000e+00,0.000000e+00,0.000000e+00,0.000000e+00
1.000000e+00,0.000000e+00,0.000000e+00,0.000000e+00,0.000000e+00,0.000000e+00,0.000000e+00,0.000000e+00,0.000000e+00,0.000000e+00,0.000000e+00,0.000000e+00,0.000000e+00,0.000000e+00,0.000000e+00
1.000000e+00,0.000000e+00,0.000000e+00,0.000000e+00,0.000000e+00,0.000000e+00,0.000000e+00,0.000000e+00,0.000000e+00,0.000000e+00,0.000000e+00,0.000000e+00,0.000000e+00,0.000000e+00,0.000000e+00
1.000000e+00,0.000000e+00,0.000000e+00,0.000000e+00,0.000000e+00,0.000000e+00,0.000000e+00,0.000000e+00,0.000000e+00,0.000000e+00,0.000000e+00,0.000000e+00,0.000000e+00,0.000000e+00,0.000000e+00
1.000000e+00,0.000000e+00,0.000000e+00,0.000000e+00,0.000000e+00,0.000000e+00,0.000000e+00,0.000000e+00,0.000000e+00,0.000000e+00,0.000000e+00,0.000000e+00,0.000000e+00,0.000000e+00,0.000000e+00
1.000000e+00,0.000000e+00,0.000000e+00,0.000000e+00,0.000000e+00,0.000000e+00,0.000000e+00,0.000000e+00,0.000000e+00,0.000000e+00,0.000000e+00,0.000000e+00,0.000000e+00,0.000000e+00,0.000000e+00
1.000000e+00,0.000000e+00,0.000000e+00,0.000000e+00,0.000000e+00,0.000000e+00,0.000000e+00,0.000000e+00,0.000000e+00,0.000000e+00,0.000000e+00,0.000000e+00,0.000000e+00,0.000000e+00,0.000000e+00
1.000000e+00,0.000000e+00,0.000000e+00,0.000000e+00,0.000000e+00,0.000000e+00,0.000000e+00,0.000000e+00,0.000000e+00,0.000000e+00,0.000000e+00,0.000000e+00,0.000000e+00,0.000000e+00,0.000000e+00
1.000000e+00,0.000000e+00,0.000000e+00,0.000000e+00,0.000000e+00,0.000000e+00,0.000000e+00,0.000000e+00,0.000000e+00,0.000000e+00,0.000000e+00,0.000000e+00,0.000000e+00,0.000000e+00,0.000000e+00
1.000000e+00,0.000000e+00,0.000000e+00,0.000000e+00,0.000000e+00,0.000000e+00,0.000000e+00,0.000000e+00,0.000000e+00,0.000000e+00,0.000000e+00,0.000000e+00,0.000000e+00,0.000000e+00,0.000000e+00
4.005431e-01,2.179171e-02,8.396227e-03,9.998389e-02,3.961863e-03,9.753475e-03,2.322569e-03,4.890088e-03,5.758945e-03,1.613137e-03,2.824419e-01,1.153321e-01,9.452307e-03,2.508102e-02,8.677701e-03
2.804962e-01,1.583500e-02,6.085180e-03,1.744227e-01,3.706557e-03,7.022736e-03,1.648154e-03,3.612819e-03,5.442076e-03,1.404485e-03,3.714274e-01,8.483754e-02,7.038271e-03,3.067808e-02,6.342694e-03
1.965320e-01,1.297251e-02,5.903941e-03,1.478620e-01,3.950498e-03,6.290037e-03,1.171436e-03,3.024762e-03,5.465809e-03,1.327558e-03,4.764266e-01,9.068895e-02,5.215236e-03,3.702361e-02,6.145013e-03
1.376166e-01,9.733846e-03,4.904910e-03,1.207156e-01,6.527225e-03,5.602418e-03,8.317126e-04,2.280611e-03,4.201334e-03,1.106898e-03,5.123284e-01,1.516829e-01,3.888310e-03,3.366794e-02,4.911120e-03
9.669693e-02,6.953327e-03,3.728806e-03,8.664399e-02,1.913576e-02,6.394587e-03,5.974626e-04,1.700278e-03,2.992561e-03,8.676788e-04,5.810450e-01,1.353213e-01,2.939408e-03,5.149573e-02,3.487073e-03
6.797490e-02,4.894461e-03,2.684528e-03,6.197065e-02,1.562900e-02,5.888587e-03,4.224186e-04,1.284652e-03,2.191598e-03,6.304754e-04,5.454458e-01,1.048534e-01,2.238599e-03,1.814256e-01,2.465290e-03
4.767267e-02,3.487190e-03,1.922238e-03,4.388231e-02,1.241611e-02,5.683668e-03,3.001232e-04,9.683185e-04,1.685626e-03,4.605299e-04,4.875615e-01,8.312862e-02,1.722625e-03,3.073706e-01,1.737908e-03
3.339084e-02,2.558546e-03,1.358399e-03,3.079493e-02,1.236437e-02,4.182534e-03,2.113989e-04,6.846114e-04,2.406671e-03,3.513799e-04,4.287208e-01,7.483818e-02,1.231518e-03,4.056334e-01,1.272485e-03
2.338159e-02,1.927966e-03,9.659961e-04,2.167995e-02,1.242251e-02,3.067517e-03,1.523673e-04,4.992394e-04,5.299600e-03,3.462979e-04,3.558487e-01,6.313608e-02,8.753203e-04,5.094234e-01,9.735358e-04
1.637544e-02,1.485904e-03,7.153981e-04,1.522643e-02,9.569785e-03,2.560136e-03,1.081777e-04,3.671760e-04,2.344501e-02,4.936965e-04,3.397144e-01,5.121572e-02,6.261319e-04,5.372812e-01,8.154106e-04
1.148078e-02,1.312506e-03,5.817562e-04,1.070784e-02,7.157922e-03,3.240450e-03,7.797600e-05,2.777787e-04,9.321662e-02,1.303502e-03,3.675330e-01,3.740709e-02,4.661168e-04,4.643118e-01,9.248807e-04
8.063052e-03,1.076718e-03,4.741128e-04,7.540030e-03,5.239829e-03,3.473192e-03,5.653752e-05,2.179135e-04,1.292155e-01,1.557242e-03,3.780231e-01,2.772626e-02,3.476940e-04,4.360849e-01,9.039418e-04
5.771731e-03,9.666567e-04,4.543648e-04,5.365105e-03,3.722921e-03,3.774311e-03,4.291777e-05,2.156423e-04,2.660806e-01,4.024614e-03,3.137751e-01,2.003531e-02,2.758048e-04,3.742890e-01,1.205954e-03
4.206687e-03,7.762320e-04,5.011061e-04,3.887981e-03,2.636883e-03,4.417754e-03,3.401897e-05,2.306968e-04,3.625181e-01,5.634507e-03,2.596718e-01,1.444467e-02,2.503113e-04,3.396509e-01,1.138456e-03
3.036873e-03,8.011949e-04,6.166007e-04,3.077165e-03,1.877103e-03,5.740664e-03,2.577869e-05,1.894977e-04,4.477418e-01,6.990175e-03,2.484030e-01,1.050036e-02,2.705209e-04,2.696596e-01,1.069710e-03
2.598603e-03,9.152732e-04,1.160006e-03,2.903962e-03,1.423316e-03,5.907712e-02,1.732194e-04,7.611016e-04,5.008903e-01,1.079230e-02,1.998179e-01,7.646993e-03,7.115075e-04,2.093363e-01,1.792067e-03
2.584026e-03,1.128101e-03,2.694962e-03,2.600608e-03,1.072194e-03,9.105176e-02,3.525133e-04,2.548079e-03,5.253184e-01,1.435893e-02,1.695800e-01,5.866885e-03,8.815570e-04,1.778179e-01,2.144081e-03
7.081332e-03,4.974033e-03,1.084667e-02,8.122254e-03,2.497853e-03,8.153594e-02,5.919182e-04,1.313680e-02,5.448475e-01,2.095864e-02,1.521489e-01,5.894166e-03,2.302264e-03,1.332254e-01,1.183634e-02
1.115212e-02,6.246415e-03,1.732961e-02,1.059288e-02,4.259243e-03,1.046468e-01,5.352806e-04,2.812751e-02,5.373102e-01,2.302654e-02,1.311618e-01,5.364020e-03,2.834997e-03,9.983116e-02,1.758135e-02
1.171643e-02,7.571986e-03,1.964103e-02,9.361278e-03,6.747563e-03,1.306839e-01,5.189811e-04,4.630766e-02,5.349401e-01,2.197637e-02,1.039761e-01,4.250883e-03,3.246347e-03,7.427705e-02,2.478433e-02
2.593146e-02,7.095881e-03,4.117946e-02,1.578340e-02,2.936660e-02,1.280739e-01,1.057120e-03,8.596846e-02,4.920444e-01,1.601916e-02,7.939484e-02,3.075164e-03,2.586052e-03,5.289692e-02,1.952723e-02
3.754436e-02,1.016628e-02,4.030552e-02,2.377357e-02,5.726154e-02,1.583178e-01,2.455967e-03,6.932596e-02,4.681604e-01,1.151614e-02,6.292679e-02,2.223123e-03,2.350869e-03,3.812699e-02,1.554478e-02
3.912713e-02,1.693609e-02,3.229845e-02,2.873805e-02,1.878053e-01,1.932179e-01,1.603345e-02,5.102808e-02,3.384567e-01,8.134009e-03,4.438842e-02,1.586602e-03,2.341192e-03,2.691663e-02,1.299200e-02
4.904428e-02,2.064180e-02,2.367873e-02,3.158896e-02,2.598864e-01,2.187042e-01,2.257568e-02,3.653770e-02,2.661740e-01,5.840571e-03,3.135855e-02,1.151108e-03,2.177551e-03,1.950965e-02,1.113092e-02
8.036497e-02,2.999529e-02,1.771623e-02,3.911005e-02,2.491886e-01,2.437136e-01,2.376051e-02,2.593444e-02,2.282481e-01,4.330817e-03,2.285177e-02,1.059212e-03,2.768504e-03,1.561607e-02,1.534178e-02
8.075911e-02,6.962016e-02,1.888570e-02,1.377660e-01,2.170667e-01,1.870571e-01,2.009662e-02,1.948339e-02,1.905861e-01,3.409894e-03,1.868835e-02,1.598863e-03,2.779298e-03,1.267527e-02,1.952741e-02
1.160595e-01,6.459582e-02,3.051088e-02,1.506203e-01,1.921101e-01,1.493985e-01,1.684929e-02,1.501188e-02,2.064310e-01,2.972960e-03,1.712433e-02,2.408247e-03,3.865363e-03,1.379219e-02,1.824969e-02
1.439058e-01,5.275429e-02,7.955273e-02,2.286043e-01,1.567394e-01,1.070601e-01,1.259982e-02,1.206812e-02,1.570811e-01,3.572245e-03,1.336394e-02,2.238039e-03,3.237747e-03,1.014040e-02,1.708193e-02
2.808469e-01,4.154412e-02,8.549555e-02,1.957700e-01,1.223863e-01,8.028920e-02,9.139509e-03,9.375465e-03,1.283790e-01,3.891903e-03,1.175016e-02,2.808644e-03,3.212092e-03,8.526178e-03,1.658503e-02
2.732050e-01,3.399272e-02,1.757959e-01,2.182817e-01,9.318718e-02,5.672153e-02,6.590135e-03,7.404019e-03,9.309138e-02,4.144439e-03,9.716406e-03,3.631644e-03,2.912349e-03,6.419945e-03,1.490554e-02
3.683630e-01,2.544774e-02,1.622188e-01,1.862948e-01,7.905997e-02,4.288844e-02,7.286402e-03,1.802209e-02,6.820731e-02,3.169036e-03,1.061960e-02,7.776553e-03,4.062359e-03,4.901044e-03,1.168276e-02
4.311582e-01,1.948398e-02,1.329219e-01,1.346002e-01,9.235901e-02,3.757049e-02,2.022556e-02,4.247048e-02,5.022399e-02,2.767995e-03,9.705056e-03,8.826604e-03,4.384862e-03,3.700452e-03,9.601177e-03
4.000655e-01,1.517929e-02,1.188773e-01,9.696862e-02,1.079842e-01,3.486745e-02,7.630732e-02,7.953263e-02,3.678168e-02,2.907837e-03,8.180876e-03,7.949170e-03,3.662013e-03,3.087125e-03,7.648962e-03
3.867883e-01,1.219167e-02,1.104310e-01,7.357663e-02,1.110174e-01,3.226797e-02,1.104548e-01,1.032897e-01,2.666404e-02,2.979976e-03,6.856428e-03,7.920328e-03,4.783692e-03,3.301514e-03,7.476546e-03
3.927222e-01,9.855585e-03,8.813154e-02,5.678347e-02,9.841951e-02,2.718144e-02,1.208134e-01,1.521790e-01,1.980965e-02,2.925840e-03,7.241716e-03,6.916749e-03,4.887419e-03,2.916072e-03,9.216414e-03
4.478190e-01,1.210036e-02,6.557140e-02,4.667514e-02,8.616963e-02,2.794402e-02,1.066195e-01,1.265054e-01,1.630532e-02,4.192718e-03,9.624340e-03,1.716524e-02,8.357757e-03,3.055751e-03,2.189449e-02
4.460671e-01,1.280251e-02,4.964381e-02,3.878259e-02,6.705989e-02,3.000128e-02,1.022023e-01,1.316686e-01,1.501262e-02,7.214878e-03,1.443925e-02,3.835976e-02,1.727454e-02,3.375493e-03,2.609545e-02
1.000000e+00,0.000000e+00,0.000000e+00,0.000000e+00,0.000000e+00,0.000000e+00,0.000000e+00,0.000000e+00,0.000000e+00,0.000000e+00,0.000000e+00,0.000000e+00,0.000000e+00,0.000000e+00,0.000000e+00
4.049116e-01,1.346448e-02,2.709348e-02,3.259469e-02,3.689818e-02,2.270292e-02,6.773941e-02,9.784915e-02,1.687160e-02,8.647931e-02,3.925662e-02,6.638721e-02,3.338993e-02,7.679070e-03,4.668232e-02
3.332475e-01,2.046074e-02,1.994364e-02,4.988223e-02,2.979243e-02,1.868087e-02,4.785144e-02,7.022382e-02,8.619536e-02,1.332885e-01,3.701531e-02,5.952759e-02,3.544215e-02,8.511129e-03,4.993717e-02
2.953257e-01,1.689707e-02,1.478874e-02,6.124652e-02,2.244602e-02,1.970667e-02,3.396111e-02,5.753198e-02,8.390350e-02,1.189625e-01,5.046035e-02,5.835121e-02,1.001758e-01,1.209020e-02,5.415256e-02
2.734940e-01,1.485461e-02,1.134715e-02,6.076257e-02,1.684173e-02,1.722256e-02,2.410829e-02,4.239784e-02,9.109817e-02,1.332015e-01,6.132860e-02,5.450773e-02,1.362869e-01,1.218846e-02,5.035983e-02
2.328444e-01,1.143780e-02,8.608238e-03,5.201001e-02,1.456609e-02,2.034428e-02,1.760667e-02,3.019200e-02,8.632835e-02,1.505530e-01,7.507344e-02,6.889275e-02,1.693661e-01,1.179254e-02,5.038433e-02
1.735994e-01,8.785822e-03,6.859229e-03,5.243888e-02,2.355995e-02,1.658013e-02,1.292044e-02,2.572521e-02,8.202000e-02,1.433232e-01,8.880778e-02,6.136600e-02,1.965918e-01,1.201490e-02,9.540723e-02
1.399949e-01,7.447001e-03,6.030462e-03,8.460364e-02,2.421866e-02,1.487511e-02,9.312537e-03,1.961368e-02,8.158052e-02,1.119038e-01,1.355522e-01,4.900894e-02,1.954897e-01,1.420532e-02,1.061635e-01
1.020395e-01,5.753300e-03,4.881616e-03,7.720061e-02,2.069696e-02,1.592235e-02,6.751268e-03,1.520518e-02,7.853517e-02,9.435153e-02,1.756608e-01,4.542398e-02,2.432848e-01,1.366088e-02,1.006321e-01
7.373055e-02,4.572588e-03,4.033734e-03,6.185172e-02,2.280884e-02,1.266408e-02,5.167933e-03,1.305969e-02,8.395439e-02,7.475864e-02,2.498596e-01,3.832048e-02,2.278097e-01,1.162291e-02,1.157852e-01
5.535540e-02,4.756832e-03,4.990064e-03,8.639614e-02,2.905853e-02,1.375468e-02,3.925444e-03,1.788276e-02,8.412196e-02,5.681940e-02,2.469908e-01,3.643596e-02,2.418004e-01,1.070128e-02,1.070104e-01
4.158156e-02,5.861487e-03,6.847883e-03,7.216236e-02,2.835301e-02,1.196772e-02,3.008652e-03,2.397116e-02,8.232708e-02,4.438061e-02,2.447416e-01,3.870965e-02,2.372341e-01,1.116547e-02,1.476878e-01
3.640225e-02,1.326288e-02,1.913259e-02,5.412243e-02,2.445798e-02,9.699142e-03,2.510015e-03,2.099970e-02,1.148127e-01,3.279077e-02,1.882800e-01,4.601984e-02,2.322114e-01,9.547848e-03,1.957504e-01
2.810203e-02,1.786223e-02,1.647829e-02,3.906139e-02,2.790947e-02,7.839028e-03,3.109619e-03,1.893036e-02,3.236896e-01,2.312562e-02,1.349657e-01,3.655456e-02,1.742504e-01,6.753430e-03,1.413683e-01
2.817956e-02,1.881472e-02,3.980052e-02,3.258749e-02,2.778512e-02,8.969058e-03,1.801757e-02,1.308699e-01,2.813090e-01,1.692267e-02,1.031519e-01,2.988764e-02,1.486337e-01,5.075149e-03,1.099960e-01
3.853480e-02,2.172110e-02,6.281528e-02,3.301549e-02,9.114394e-02,4.590585e-02,1.443673e-02,1.082984e-01,2.832628e-01,1.250944e-02,7.499184e-02,2.219076e-02,1.078084e-01,3.661356e-03,7.970385e-02
5.248868e-02,2.431335e-02,6.074103e-02,2.726549e-02,1.665806e-01,3.730611e-02,1.335773e-02,8.056545e-02,3.156431e-01,9.129656e-03,5.397514e-02,1.605466e-02,8.189203e-02,2.747461e-03,5.793948e-02
6.089928e-02,3.927458e-02,5.914313e-02,2.504953e-02,2.311740e-01,4.172577e-02,1.404852e-02,5.836444e-02,3.056135e-01,7.178671e-03,3.976021e-02,1.222184e-02,5.976059e-02,2.045546e-03,4.374046e-02
5.432441e-02,5.263478e-02,5.727718e-02,3.627887e-02,3.141636e-01,4.368375e-02,2.672420e-02,5.253351e-02,2.405585e-01,5.486176e-03,2.977152e-02,9.287366e-03,4.440706e-02,1.608442e-03,3.126064e-02
4.006878e-02,1.002600e-01,4.987929e-02,2.126620e-01,2.490135e-01,3.139040e-02,1.930514e-02,4.020195e-02,1.702824e-01,3.978963e-03,2.132983e-02,6.673300e-03,3.125218e-02,1.147659e-03,2.255462e-02
3.410800e-02,7.462776e-02,1.799422e-01,2.771555e-01,1.808969e-01,2.253184e-02,1.392153e-02,3.190750e-02,1.214311e-01,3.362423e-03,1.594553e-02,4.834515e-03,2.224951e-02,8.383374e-04,1.624736e-02
3.080118e-02,5.439210e-02,3.449952e-01,2.384079e-01,1.388071e-01,1.665327e-02,1.297185e-02,2.675021e-02,8.808967e-02,3.507113e-03,1.225512e-02,3.557036e-03,1.627247e-02,6.459237e-04,1.189388e-02
3.171840e-02,4.029050e-02,3.411031e-01,2.743453e-01,1.224528e-01,1.270723e-02,2.742718e-02,4.596522e-02,6.578663e-02,2.828276e-03,1.117020e-02,2.655116e-03,1.260731e-02,4.753703e-04,8.467443e-03
3.206646e-02,3.131160e-02,2.722003e-01,2.073102e-01,9.684087e-02,1.026860e-02,2.872569e-02,2.406846e-01,4.689899e-02,2.243312e-03,1.061282e-02,1.913980e-03,1.249008e-02,3.563035e-04,6.076134e-03
3.052619e-02,2.548078e-02,2.011167e-01,1.567070e-01,7.947350e-02,1.038823e-02,4.612269e-02,3.799458e-01,3.350776e-02,1.790718e-03,9.341568e-03,1.371219e-03,1.949600e-02,2.689733e-04,4.462965e-03
2.335439e-02,1.995525e-02,1.514164e-01,1.120187e-01,7.378536e-02,1.186545e-02,7.670961e-02,4.694933e-01,2.386389e-02,1.754016e-03,6.889653e-03,1.045335e-03,2.378804e-02,2.418653e-04,3.818775e-03
1.943439e-02,1.797407e-02,1.115685e-01,8.122256e-02,7.196630e-02,1.744919e-02,1.103572e-01,5.117642e-01,1.776599e-02,2.217999e-03,5.512141e-03,9.239200e-04,2.791866e-02,3.154692e-04,3.609496e-03
2.142458e-02,1.415603e-02,7.928514e-02,5.783096e-02,5.542997e-02,1.744413e-02,1.281714e-01,5.790877e-01,1.341173e-02,2.026637e-03,4.645165e-03,1.376156e-03,2.251052e-02,3.273409e-04,2.872512e-03
2.935226e-02,1.341977e-02,5.857025e-02,4.285561e-02,4.967133e-02,1.881757e-02,2.133870e-01,5.291097e-01,1.162179e-02,3.228833e-03,4.267605e-03,1.722612e-03,2.007774e-02,4.231628e-04,3.474867e-03
3.703237e-02,1.520279e-02,5.031341e-02,3.180104e-02,4.982181e-02,2.066936e-02,2.883625e-01,4.283015e-01,1.186590e-02,6.693893e-03,4.152365e-03,1.733656e-03,4.362523e-02,8.672286e-04,9.556929e-03
4.960569e-02,1.178556e-02,3.984455e-02,2.408315e-02,4.262699e-02,2.729732e-02,3.768176e-01,3.368856e-01,9.647721e-03,1.057050e-02,5.583096e-03,2.229981e-03,4.838461e-02,3.016133e-03,1.162151e-02
6.872310e-02,9.764915e-03,2.878159e-02,1.877688e-02,4.043249e-02,2.564090e-02,3.009362e-01,2.421686e-01,8.525639e-03,1.246108e-02,6.732148e-03,2.582093e-03,1.974135e-01,2.560199e-03,3.450061e-02
7.081574e-02,7.412327e-03,2.048639e-02,1.405656e-02,3.457169e-02,2.060436e-02,2.162117e-01,1.714000e-01,7.393132e-03,1.031903e-02,6.190811e-03,2.489551e-03,3.547328e-01,1.986721e-03,6.132918e-02
5.934618e-02,5.436162e-03,1.458221e-02,1.021392e-02,3.265956e-02,1.860155e-02,1.559385e-01,1.216188e-01,6.373626e-03,8.091990e-03,5.354837e-03,3.318103e-03,4.884439e-01,1.560026e-03,6.846061e-02
4.568879e-02,3.872985e-03,1.027495e-02,7.217700e-03,2.727436e-02,1.701099e-02,1.124587e-01,8.573093e-02,4.829271e-03,5.992016e-03,4.167752e-03,4.995688e-03,6.067045e-01,1.200931e-03,6.258040e-02
3.315012e-02,2.785709e-03,7.205916e-03,5.233603e-03,1.935989e-02,2.050749e-02,7.934979e-02,6.007817e-02,3.798912e-03,4.487416e-03,3.385825e-03,5.848869e-03,7.021329e-01,8.651562e-04,5.181018e-02
2.408898e-02,2.078603e-03,5.054614e-03,3.791071e-03,1.373066e-02,2.424560e-02,5.580876e-02,4.211733e-02,3.464986e-03,3.459356e-03,2.969997e-03,9.294055e-03,7.666224e-01,6.502238e-04,4.262336e-02
1.693443e-02,1.894053e-03,3.561265e-03,2.892616e-03,9.721043e-03,2.129105e-02,3.910885e-02,2.952692e-02,8.122733e-03,2.683324e-03,3.293931e-03,8.940458e-03,8.131068e-01,4.755414e-04,3.844696e-02
1.210875e-02,2.349365e-03,2.646612e-03,2.493580e-03,7.236497e-03,2.367100e-02,2.752878e-02,2.092612e-02,2.582983e-02,3.334039e-03,4.915140e-03,1.397872e-02,7.842127e-01,4.834563e-04,6.828544e-02
8.865072e-03,7.665768e-03,2.114205e-03,2.574035e-03,5.726557e-03,2.662166e-02,1.939067e-02,1.502051e-02,9.872468e-02,3.075548e-03,5.114504e-03,1.799767e-02,7.149580e-01,4.305774e-04,7.172060e-02
6.538383e-03,1.820550e-02,3.014333e-03,2.962649e-03,4.935375e-03,6.393602e-02,1.382228e-02,1.308154e-02,2.115380e-01,2.497027e-03,4.604525e-03,1.860137e-02,5.586147e-01,3.750450e-04,7.727320e-02
5.054228e-03,3.493078e-02,3.684448e-03,3.388951e-03,3.928882e-03,1.076199e-01,9.894998e-03,1.267775e-02,2.829832e-01,2.044833e-03,3.857992e-03,1.612027e-02,4.288456e-01,4.081336e-04,8.456003e-02
4.039165e-03,3.364003e-02,2.908330e-03,6.509249e-03,3.395893e-03,1.351486e-01,7.054902e-03,9.873431e-03,3.856425e-01,1.559825e-03,3.340139e-03,1.177954e-02,3.113201e-01,3.313129e-04,8.345691e-02
3.617221e-03,2.676315e-02,2.100443e-03,1.225636e-02,3.847046e-03,2.113267e-01,5.107190e-03,8.944341e-03,4.208851e-01,1.272408e-03,2.859211e-03,8.689078e-03,2.238841e-01,3.102983e-04,6.813727e-02
3.495177e-03,2.405176e-02,1.589650e-03,1.276315e-02,6.441055e-03,2.378620e-01,3.943406e-03,7.987780e-03,4.651520e-01,1.056007e-03,2.216515e-03,6.412235e-03,1.621800e-01,2.717933e-04,6.457748e-02
3.862048e-03,2.245596e-02,1.704956e-03,2.151733e-02,2.407623e-02,2.640043e-01,3.732563e-03,6.427029e-03,4.772322e-01,8.429763e-04,1.733679e-03,4.579303e-03,1.162131e-01,2.229505e-04,5.139552e-02
3.746068e-03,2.148917e-02,1.650552e-03,6.861917e-02,2.585660e-02,2.963008e-01,3.445347e-03,1.003741e-02,4.360024e-01,8.917655e-04,1.507069e-03,3.289795e-03,8.756989e-02,1.748021e-04,3.941917e-02
3.519392e-03,1.677107e-02,3.606340e-03,2.278746e-01,2.598910e-02,2.525021e-01,3.488991e-03,1.613338e-02,3.505914e-01,1.066603e-03,3.397084e-03,2.510311e-03,6.246373e-02,1.539575e-04,2.993199e-02
2.355924e-02,2.103600e-02,1.168409e-02,2.835716e-01,3.704812e-02,2.331646e-01,4.154651e-03,1.488099e-02,2.886538e-01,1.934177e-03,4.373255e-03,2.048241e-03,4.479785e-02,1.793750e-04,2.891403e-02
5.639728e-02,3.178366e-02,1.816579e-02,2.794570e-01,6.397310e-02,2.193789e-01,6.390518e-03,1.356149e-02,2.456846e-01,1.653651e-03,3.760990e-03,1.616957e-03,3.260296e-02,2.135425e-04,2.535953e-02
4.358862e-02,2.843001e-02,7.131231e-02,4.041421e-01,5.413228e-02,1.556561e-01,5.062927e-03,1.217956e-02,1.773780e-01,1.439534e-03,2.969368e-03,1.173147e-03,2.296392e-02,1.667466e-04,1.940543e-02
3.397861e-02,2.095925e-02,6.174051e-02,5.007969e-01,6.289571e-02,1.101073e-01,4.171735e-03,3.133256e-02,1.379144e-01,1.217543e-03,3.256275e-03,9.038425e-04,1.634224e-02,2.026071e-04,1.418054e-02
3.649985e-02,1.651479e-02,5.108285e-02,3.570260e-01,9.334943e-02,8.565227e-02,3.696191e-03,1.758901e-01,1.493274e-01,8.760718e-04,4.012330e-03,7.055598e-04,1.362986e-02,2.285318e-04,1.150888e-02
2.839035e-02,1.173671e-02,3.610549e-02,2.503644e-01,7.211044e-02,6.025235e-02,2.730791e-03,4.109858e-01,1.050471e-01,6.264856e-04,3.052579e-03,5.034577e-04,9.736939e-03,1.651505e-04,8.192068e-03
2.073102e-02,8.247784e-03,2.533732e-02,1.753543e-01,5.509366e-02,4.248014e-02,2.123624e-03,5.812337e-01,7.356125e-02,4.477120e-04,2.181472e-03,3.613349e-04,6.972031e-03,1.190965e-04,5.755577e-03
1.564236e-02,5.783319e-03,1.778113e-02,1.228030e-01,3.917064e-02,3.015309e-02,1.745144e-03,7.040683e-01,5.150287e-02,3.240041e-04,1.602451e-03,2.666549e-04,5.031786e-03,8.733063e-05,4.037868e-03
1.647750e-02,4.093587e-03,1.254561e-02,8.618126e-02,2.922111e-02,2.520614e-02,1.525167e-03,7.774824e-01,3.618193e-02,2.430387e-04,2.228560e-03,5.892457e-04,5.008032e-03,9.272813e-05,2.923691e-03
1.331551e-02,2.914637e-03,8.976652e-03,6.167376e-02,2.072380e-02,1.792062e-02,1.137346e-03,6.725520e-01,2.548284e-02,6.203775e-03,2.985759e-02,7.343384e-02,6.108218e-02,2.367964e-03,2.357444e-03
9.630418e-03,2.074142e-03,6.337419e-03,4.355553e-02,1.473846e-02,1.288969e-02,1.111499e-03,4.925095e-01,1.816474e-02,4.980147e-03,2.330325e-02,2.327046e-01,1.337611e-01,2.499389e-03,1.740054e-03
6.831641e-03,1.483312e-03,4.496996e-03,3.118684e-02,1.054263e-02,9.324452e-03,1.210447e-03,3.565032e-01,1.319361e-02,5.722431e-03,1.955776e-02,3.632524e-01,1.722364e-01,3.147421e-03,1.310473e-03
4.867462e-03,1.110851e-03,3.563252e-03,2.204960e-02,7.848886e-03,6.818533e-03,2.047097e-03,2.585004e-01,1.133046e-02,4.766406e-03,1.521410e-02,4.786440e-01,1.794063e-01,2.768056e-03,1.064682e-03
3.558848e-03,8.537445e-04,2.788598e-03,1.555225e-02,6.098042e-03,5.953960e-03,1.885643e-03,1.822371e-01,9.217620e-03,3.391928e-03,1.392443e-02,6.168194e-01,1.346448e-01,2.271301e-03,8.023447e-04
2.632570e-03,8.295568e-04,2.231550e-03,1.114981e-02,4.883534e-03,6.681161e-03,1.379550e-03,1.278459e-01,7.999080e-03,2.450810e-03,1.277220e-02,7.167558e-01,9.990446e-02,1.818135e-03,6.658789e-04
2.009874e-03,6.726211e-04,1.646907e-03,7.895451e-03,4.044417e-03,7.335246e-03,1.043486e-03,8.990809e-02,6.346032e-03,1.987339e-03,1.458333e-02,7.904108e-01,7.018983e-02,1.385709e-03,5.409052e-04
1.461944e-03,5.356229e-04,1.181732e-03,5.541338e-03,4.633749e-03,5.660480e-03,7.476888e-04,6.309725e-02,4.680491e-03,1.628602e-03,1.994360e-02,8.400724e-01,4.934749e-02,1.072221e-03,3.953991e-04
1.104673e-03,4.217868e-04,8.454954e-04,3.906894e-03,4.386395e-03,4.628903e-03,5.332835e-04,4.421703e-02,3.387705e-03,1.288712e-03,2.539969e-02,8.740804e-01,3.466628e-02,8.513052e-04,2.814488e-04
7.882743e-04,3.240515e-04,5.966228e-04,2.737897e-03,3.356957e-03,3.348443e-03,3.753894e-04,3.095612e-02,2.432893e-03,9.869295e-04,3.000628e-02,8.989724e-01,2.429417e-02,6.250602e-04,1.985276e-04
6.029026e-04,5.860304e-04,8.862427e-04,2.005646e-03,3.538797e-03,3.968192e-03,2.706537e-04,2.184547e-02,1.835544e-03,8.677984e-04,2.499278e-02,9.209656e-01,1.703634e-02,4.576801e-04,1.403631e-04
4.446303e-04,6.669275e-04,6.802694e-04,1.473433e-03,2.863482e-03,3.279655e-03,1.962031e-04,1.537091e-02,1.389966e-03,6.730858e-04,2.255237e-02,9.380277e-01,1.194119e-02,3.414870e-04,9.860110e-05
3.428310e-04,1.432583e-03,5.752876e-04,1.094266e-03,2.966668e-03,2.783088e-03,1.418638e-04,1.079734e-02,1.142738e-03,5.878086e-04,2.715397e-02,9.422427e-01,8.391193e-03,2.778625e-04,6.979570e-05
2.732089e-04,1.531665e-03,4.601036e-04,8.207620e-04,3.134210e-03,3.108260e-03,1.028392e-04,7.607663e-03,8.762422e-04,4.820176e-04,2.180581e-02,9.534436e-01,5.899084e-03,4.049576e-04,4.949571e-05
2.217606e-04,1.241324e-03,3.555479e-04,6.352832e-04,3.360288e-03,2.293375e-03,7.877438e-05,5.374044e-03,7.228170e-04,5.200687e-04,1.867938e-02,9.613539e-01,4.143280e-03,9.844773e-04,3.572899e-05
1.745075e-04,9.035936e-04,2.862909e-04,4.638232e-04,3.009694e-03,1.640550e-03,7.492247e-05,3.786095e-03,5.356395e-04,3.979134e-04,3.620252e-02,9.479905e-01,2.929505e-03,1.578260e-03,2.614829e-05
1.330678e-04,1.272279e-03,2.680417e-04,3.479226e-04,1.007541e-02,1.242130e-03,1.242381e-04,2.691420e-03,4.911922e-04,3.944190e-04,5.251351e-02,9.251839e-01,2.189369e-03,3.015328e-03,5.774100e-05
1.348558e-04,1.109281e-03,8.665494e-04,3.707529e-04,1.690749e-02,1.325099e-03,4.522730e-04,2.463567e-03,4.364216e-04,3.964573e-04,6.429081e-02,9.033571e-01,1.797888e-03,6.031825e-03,5.957760e-05
1.789170e-04,2.229382e-03,1.381642e-03,3.425936e-04,2.930990e-02,1.555407e-03,1.213094e-03,2.433341e-03,6.455842e-04,4.792431e-04,8.145697e-02,8.697442e-01,1.436732e-03,7.433905e-03,1.590934e-04
3.843899e-04,1.860698e-03,3.613275e-03,8.543878e-04,2.480623e-02,2.715492e-03,3.003537e-03,1.002634e-02,7.265552e-04,7.534894e-04,9.501599e-02,8.428924e-01,1.119776e-03,1.206214e-02,1.652955e-04
9.094217e-04,2.535319e-03,3.694370e-02,3.520901e-03,2.800596e-02,3.295835e-03,5.092089e-03,1.670086e-01,6.317340e-04,9.121263e-04,8.799432e-02,6.505578e-01,8.266670e-04,1.163912e-02,1.262972e-04
1.119314e-02,5.228978e-03,5.304509e-02,7.768734e-03,5.276835e-02,1.337225e-02,7.607038e-03,2.617244e-01,7.628667e-03,1.759083e-03,9.064899e-02,4.742341e-01,8.000368e-04,1.097256e-02,1.248627e-03
3.233252e-02,7.453323e-03,6.737788e-02,1.332510e-02,6.587221e-02,5.197367e-02,8.344029e-03,2.339854e-01,2.040418e-02,3.594986e-03,1.219397e-01,3.506662e-01,2.044051e-03,1.528082e-02,5.405912e-03
4.125356e-02,6.016339e-03,6.926437e-02,1.894458e-02,5.818330e-02,1.806465e-01,1.103923e-02,2.205824e-01,2.059972e-02,3.268680e-03,1.000129e-01,2.491475e-01,1.883725e-03,1.488335e-02,4.273797e-03
5.109458e-02,5.020334e-03,7.210652e-02,2.707762e-02,6.536844e-02,1.981025e-01,1.092032e-02,2.638165e-01,2.002514e-02,3.118778e-03,8.676610e-02,1.769707e-01,2.391844e-03,1.381713e-02,3.403408e-03
4.454965e-02,3.813072e-03,1.023735e-01,2.059769e-02,5.248816e-02,1.436126e-01,3.470078e-02,3.784278e-01,1.604514e-02,2.283018e-03,6.227941e-02,1.242073e-01,2.271473e-03,9.919574e-03,2.430900e-03
4.629990e-02,3.117238e-03,9.957416e-02,1.711046e-02,4.485244e-02,1.205820e-01,8.063985e-02,4.258475e-01,1.384803e-02,1.786372e-03,4.527530e-02,8.766176e-02,4.020644e-03,7.518680e-03,1.865632e-03
4.260117e-02,2.681706e-03,7.798817e-02,1.472991e-02,3.724027e-02,1.052509e-01,7.703570e-02,5.220649e-01,1.114533e-02,1.331803e-03,3.239528e-02,6.217065e-02,6.307295e-03,5.604433e-03,1.452537e-03
3.604242e-02,2.185381e-03,5.639936e-02,1.239895e-02,3.106862e-02,8.202113e-02,6.058557e-02,6.317627e-01,8.163216e-03,9.596971e-04,2.317395e-02,4.373966e-02,6.390254e-03,4.033931e-03,1.075241e-03
2.778753e-02,1.658613e-03,4.013669e-02,1.019547e-02,2.638438e-02,5.934183e-02,4.359685e-02,7.288800e-01,5.788371e-03,6.909751e-04,1.635714e-02,3.067248e-02,4.872556e-03,2.868462e-03,7.686468e-04
2.114506e-02,1.253996e-03,2.853690e-02,8.497766e-03,2.786489e-02,4.256463e-02,3.141749e-02,7.949746e-01,4.155321e-03,4.895125e-04,1.149310e-02,2.149183e-02,3.502813e-03,2.057052e-03,5.550857e-04
1.736057e-02,1.000349e-03,2.070317e-02,6.808617e-03,2.632213e-02,3.162354e-02,2.346061e-02,8.414935e-01,3.022444e-03,3.592754e-04,8.089393e-03,1.507609e-02,2.733391e-03,1.500178e-03,4.467857e-04
1.450213e-02,8.999411e-04,1.515282e-02,5.698875e-03,2.786023e-02,2.381542e-02,1.764089e-02,8.718013e-01,2.263349e-03,2.719221e-04,5.725527e-03,1.060788e-02,2.245567e-03,1.116203e-03,3.979615e-04
1.307611e-02,8.827980e-04,1.183363e-02,4.691996e-03,2.450799e-02,2.407168e-02,1.432904e-02,8.896281e-01,1.710552e-03,2.407473e-04,4.103028e-03,7.528229e-03,2.149209e-03,8.133598e-04,4.335071e-04
1.534073e-02,1.331804e-03,1.966677e-02,4.221184e-03,1.973264e-02,1.866147e-02,1.106114e-02,8.619469e-01,2.316904e-03,8.764960e-03,8.985147e-03,1.468705e-02,4.894504e-03,5.931146e-03,2.457744e-03
1.145829e-02,1.088403e-03,3.296891e-02,4.511881e-03,1.533522e-02,1.349939e-02,1.023291e-02,6.257418e-01,1.753818e-03,9.580650e-03,6.434238e-02,1.923233e-01,7.428470e-03,7.755823e-03,1.978732e-03
8.283441e-03,8.785393e-04,2.520085e-02,3.464991e-03,1.312421e-02,1.016292e-02,1.935526e-02,4.418269e-01,1.558024e-03,7.396757e-03,1.336711e-01,3.191804e-01,5.727586e-03,8.729257e-03,1.439743e-03
5.856343e-03,6.544590e-04,1.797380e-02,2.501844e-03,1.065349e-02,7.226699e-03,1.714436e-02,3.108290e-01,1.211495e-03,5.553506e-03,2.677729e-01,3.341979e-01,4.163651e-03,1.324014e-02,1.020459e-03
4.225493e-03,5.190505e-04,1.283544e-02,1.831747e-03,9.179907e-03,5.214936e-03,1.319777e-02,2.182495e-01,9.750177e-04,4.459660e-03,3.635678e-01,3.464030e-01,3.131930e-03,1.547546e-02,7.333515e-04
3.005695e-03,4.177318e-04,9.063700e-03,1.373385e-03,7.528943e-03,3.809707e-03,1.044557e-02,1.531696e-01,9.697902e-04,3.687834e-03,3.829620e-01,3.992362e-01,2.325324e-03,2.147190e-02,5.326562e-04
2.150427e-03,4.532379e-03,6.605956e-03,1.105387e-03,1.811651e-02,2.789553e-03,7.593243e-03,1.073757e-01,2.186718e-03,2.903527e-03,4.496486e-01,3.604973e-01,2.006259e-03,3.198461e-02,5.039180e-04
1.546237e-03,3.388182e-03,4.661922e-03,1.039781e-03,2.021316e-02,2.068294e-03,5.579831e-03,7.527857e-02,3.262898e-03,2.505420e-03,5.375763e-01,3.104955e-01,1.815066e-03,2.974674e-02,8.221029e-04
1.107057e-03,3.900565e-03,3.338767e-03,8.015553e-04,2.280626e-02,1.555675e-03,4.044878e-03,5.283405e-02,9.895509e-03,1.960312e-03,4.698140e-01,3.945791e-01,1.774208e-03,3.090203e-02,6.859730e-04
7.901383e-04,4.153813e-03,3.112303e-03,6.150866e-04,3.081239e-02,1.188239e-03,2.886618e-03,3.713400e-02,9.178494e-03,1.795819e-03,4.861924e-01,3.964367e-01,1.551364e-03,2.364122e-02,5.114133e-04
5.729184e-04,5.783695e-03,3.277313e-03,4.642053e-04,3.062711e-02,9.083300e-04,2.049732e-03,2.606187e-02,7.662905e-03,2.111164e-03,4.484887e-01,4.498618e-01,1.657306e-03,2.008145e-02,3.914697e-04
5.687588e-04,7.926628e-03,6.192207e-03,6.390549e-04,3.704937e-02,6.461180e-03,2.126464e-03,2.319131e-02,6.021990e-03,1.768372e-03,4.618596e-01,4.258712e-01,1.786355e-03,1.824963e-02,2.878466e-04
4.910746e-04,7.914889e-03,6.066845e-03,5.605854e-04,9.108968e-02,1.075695e-02,3.787838e-03,1.675780e-02,1.341541e-02,3.205343e-03,4.751309e-01,3.509259e-01,2.246583e-03,1.730086e-02,3.493765e-04
6.308070e-04,8.657360e-03,5.827695e-03,5.742694e-04,7.586917e-02,1.078082e-02,1.161183e-02,1.907317e-02,5.399493e-02,3.932311e-03,4.985637e-01,2.925503e-01,2.422077e-03,1.516410e-02,3.474306e-04
9.186430e-04,6.630043e-03,1.119447e-02,1.056137e-03,5.777940e-02,1.179548e-02,3.019958e-02,2.396928e-01,4.402126e-02,4.142602e-03,3.574095e-01,2.204855e-01,2.199213e-03,1.221856e-02,2.568869e-04
1.446558e-03,1.272767e-02,1.060958e-02,1.062202e-03,4.731584e-02,1.169004e-02,3.353724e-02,2.326407e-01,2.105799e-01,3.914652e-03,2.614602e-01,1.616257e-01,1.847801e-03,9.305700e-03,2.362319e-04
