1.000000e+00,0.000000e+00,0.000000e+00,0.000000e+00,0.000000e+00,0.000000e+00,0.000000e+00,0.000000e+00,0.000000e+00,0.000000e+00,0.000000e+00,0.000000e+00,0.000000e+00,0.000000e+00,0.000000e+00
1.000000e+00,0.000000e+00,0.000000e+00,0.000000e+00,0.000000e+00,0.000000e+00,0.000000e+00,0.000000e+00,0.000000e+00,0.000000e+00,0.000000e+00,0.000000e+00,0.000000e+00,0.000000e+00,0.000000e+00
1.000000e+00,0.000000e+00,0.000000e+00,0.000000e+00,0.000000e+00,0.000000e+00,0.000000e+00,0.000000e+00,0.000000e+00,0.000000e+00,0.000000e+00,0.000000e+00,0.000000e+00,0.000000e+00,0.000000e+00
1.000000e+00,0.000000e+00,0.000000e+00,0.000000e+00,0.000000e+00,0.000000e+00,0.000000e+00,0.000000e+00,0.000000e+00,0.000000e+00,0.000000e+00,0.000000e+00,0.000000e+00,0.000000e+00,0.000000e+00
1.000000e+00,0.000000e+00,0.000000e+00,0.000000e+00,0.000000e+00,0.000000e+00,0.000000e+00,0.000000e+00,0.000000e+00,0.000000e+00,0.000000e+00,0.000000e+00,0.000000e+00,0.000000e+00,0.000000e+00
1.000000e+00,0.000000e+00,0.000000e+00,0.000000e+00,0.000000e+00,0.000000e+00,0.000000e+00,0.000000e+00,0.000000e+00,0.000000e+00,0.000000e+00,0.000000e+00,0.000000e+00,0.000000e+00,0.000000e+00
1.000000e+00,0.000000e+00,0.000000e+00,0.000000e+00,0.000000e+00,0.000000e+00,0.000000e+00,0.000000e+00,0.000000e+00,0.000000e+00,0.000000e+00,0.000000e+00,0.000000e+00,0.000000e+00,0.000000e+00
1.000000e+00,0.000000e+00,0.000000e+00,0.000000e+00,0.000000e+00,0.000000e+00,0.000000e+00,0.000000e+00,0.000000e+00,0.000000e+00,0.000000e+00,0.000000e+00,0.000000e+00,0.000000e+00,0.000000e+00
1.000000e+00,0.000000e+00,0.000000e+00,0.000000e+00,0.000000e+00,0.000000e+00,0.000000e+00,0.000000e+00,0.000000e+00,0.000000e+00,0.000000e+00,0.000000e+00,0.000000e+00,0.000000e+00,0.000000e+00
1.000000e+00,0.000000e+00,0.000000e+00,0.000000e+00,0.000000e+00,0.000000e+00,0.000000e+00,0.000000e+00,0.000000e+00,0.000000e+00,0.000000e+00,0.000000e+00,0.000000e+00,0.000000e+00,0.000000e+00
1.000000e+00,0.000000e+00,0.000000e+00,0.000000e+00,0.000000e+00,0.000000e+00,0.000000e+00,0.000000e+00,0.000000e+00,0.000000e+00,0.000000e+00,0.000000e+00,0.000000e+00,0.000000e+00,0.000000e+00
1.000000e+00,0.000000e+00,0.000000e+00,0.000000e+00,0.000000e+00,0.000000e+00,0.000000e+00,0.000000e+00,0.000000e+00,0.000000e+00,0.000000e+00,0.000000e+00,0.000000e+00,0.000000e+00,0.000000e+00
1.000000e+00,0.000000e+00,0.000000e+00,0.000000e+00,0.000000e+00,0.000000e+00,0.000000e+00,0.000000e+00,0.000000e+00,0.000000e+00,0.000000e+00,0.000000e+00,0.000000e+00,0.000000e+00,0.000000e+00
1.000000e+00,0.000000e+00,0.000000e+00,0.000000e+00,0.000000e+00,0.000000e+00,0.000000e+00,0.000000e+00,0.000000e+00,0.000000e+00,0.000000e+00,0.000000e+00,0.000000e+00,0.000000e+00,0.000000e+00
1.000000e+00,0.000000e+00,0.000000e+00,0.000000e+00,0.000000e+00,0.000000e+00,0.000000e+00,0.000000e+00,0.000000e+00,0.000000e+00,0.000000e+00,0.000000e+00,0.000000e+00,0.000000e+00,0.000000e+00
1.000000e+00,0.000000e+00,0.000000e+00,0.000000e+00,0.000000e+00,0.000000e+00,0.000000e+00,0.000000e+00,0.000000e+00,0.000000e+00,0.000000e+00,0.000000e+00,0.000000e+00,0.000000e+00,0.000000e+00
4.638746e-01,2.768218e-02,1.773248e-01,1.477021e-01,1.132984e-02,1.845533e-02,4.544675e-03,1.898625e-02,1.012151e-02,2.756444e-03,1.654134e-02,3.826546e-02,2.561663e-02,3.697304e-03,3.310150e-02
4.349601e-01,2.514905e-02,2.089258e-01,1.680007e-01,1.417001e-02,1.522105e-02,4.323371e-03,1.855545e-02,8.820426e-03,2.269041e-03,1.506239e-02,3.342355e-02,2.140000e-02,3.471613e-03,2.624738e-02
1.000000e+00,0.000000e+00,0.000000e+00,0.000000e+00,0.000000e+00,0.000000e+00,0.000000e+00,0.000000e+00,0.000000e+00,0.000000e+00,0.000000e+00,0.000000e+00,0.000000e+00,0.000000e+00,0.000000e+00
1.000000e+00,0.000000e+00,0.000000e+00,0.000000e+00,0.000000e+00,0.000000e+00,0.000000e+00,0.000000e+00,0.000000e+00,0.000000e+00,0.000000e+00,0.000000e+00,0.000000e+00,0.000000e+00,0.000000e+00
1.000000e+00,0.000000e+00,0.000000e+00,0.000000e+00,0.000000e+00,0.000000e+00,0.000000e+00,0.000000e+00,0.000000e+00,0.000000e+00,0.000000e+00,0.000000e+00,0.000000e+00,0.000000e+00,0.000000e+00
1.000000e+00,0.000000e+00,0.000000e+00,0.000000e+00,0.000000e+00,0.000000e+00,0.000000e+00,0.000000e+00,0.000000e+00,0.000000e+00,0.000000e+00,0.000000e+00,0.000000e+00,0.000000e+00,0.000000e+00
1.000000e+00,0.000000e+00,0.000000e+00,0.000000e+00,0.000000e+00,0.000000e+00,0.000000e+00,0.000000e+00,0.000000e+00,0.000000e+00,0.000000e+00,0.000000e+00,0.000000e+00,0.000000e+00,0.000000e+00
1.000000e+00,0.000000e+00,0.000000e+00,0.000000e+00,0.000000e+00,0.000000e+00,0.000000e+00,0.000000e+00,0.000000e+00,0.000000e+00,0.000000e+00,0.000000e+00,0.000000e+00,0.000000e+00,0.000000e+00
1.000000e+00,0.000000e+00,0.000000e+00,0.000000e+00,0.000000e+00,0.000000e+00,0.000000e+00,0.000000e+00,0.000000e+00,0.000000e+00,0.000000e+00,0.000000e+00,0.000000e+00,0.000000e+00,0.000000e+00
1.000000e+00,0.000000e+00,0.000000e+00,0.000000e+00,0.000000e+00,0.000000e+00,0.000000e+00,0.000000e+00,0.000000e+00,0.000000e+00,0.000000e+00,0.000000e+00,0.000000e+00,0.000000e+00,0.000000e+00
1.000000e+00,0.000000e+00,0.000000e+00,0.000000e+00,0.000000e+00,0.000000e+00,0.000000e+00,0.000000e+00,0.000000e+00,0.000000e+00,0.000000e+00,0.000000e+00,0.000000e+00,0.000000e+00,0.000000e+00
1.000000e+00,0.000000e+00,0.000000e+00,0.000000e+00,0.000000e+00,0.000000e+00,0.000000e+00,0.000000e+00,0.000000e+00,0.000000e+00,0.000000e+00,0.000000e+00,0.000000e+00,0.000000e+00,0.000000e+00
1.000000e+00,0.000000e+00,0.000000e+00,0.000000e+00,0.000000e+00,0.000000e+00,0.000000e+00,0.000000e+00,0.000000e+00,0.000000e+00,0.000000e+00,0.000000e+00,0.000000e+00,0.000000e+00,0.000000e+00
1.000000e+00,0.000000e+00,0.000000e+00,0.000000e+00,0.000000e+00,0.000000e+00,0.000000e+00,0.000000e+00,0.000000e+00,0.000000e+00,0.000000e+00,0.000000e+00,0.000000e+00,0.000000e+00,0.000000e+00
1.000000e+00,0.000000e+00,0.000000e+00,0.000000e+00,0.000000e+00,0.000000e+00,0.000000e+00,0.000000e+00,0.000000e+00,0.000000e+00,0.000000e+00,0.000000e+00,0.000000e+00,0.000000e+00,0.000000e+00
1.000000e+00,0.000000e+00,0.000000e+00,0.000000e+00,0.000000e+00,0.000000e+00,0.000000e+00,0.000000e+00,0.000000e+00,0.000000e+00,0.000000e+00,0.000000e+00,0.000000e+00,0.000000e+00,0.000000e+00
1.000000e+00,0.000000e+00,0.000000e+00,0.000000e+00,0.000000e+00,0.000000e+00,0.000000e+00,0.000000e+00,0.000000e+00,0.000000e+00,0.000000e+00,0.000000e+00,0.000000e+00,0.000000e+00,0.000000e+00
1.000000e+00,0.000000e+00,0.000000e+00,0.000000e+00,0.000000e+00,0.000000e+00,0.000000e+00,0.000000e+00,0.000000e+00,0.000000e+00,0.000000e+00,0.000000e+00,0.000000e+00,0.000000e+00,0.000000e+00
1.000000e+00,0.000000e+00,0.000000e+00,0.000000e+00,0.000000e+00,0.000000e+00,0.000000e+00,0.000000e+00,0.000000e+00,0.000000e+00,0.000000e+00,0.000000e+00,0.000000e+00,0.000000e+00,0.000000e+00
1.000000e+00,0.000000e+00,0.000000e+00,0.000000e+00,0.000000e+00,0.000000e+00,0.000000e+00,0.000000e+00,0.000000e+00,0.000000e+00,0.000000e+00,0.000000e+00,0.000000e+00,0.000000e+00,0.000000e+00
1.000000e+00,0.000000e+00,0.000000e+00,0.000000e+00,0.000000e+00,0.000000e+00,0.000000e+00,0.000000e+00,0.000000e+00,0.000000e+00,0.000000e+00,0.000000e+00,0.000000e+00,0.000000e+00,0.000000e+00
1.000000e+00,0.000000e+00,0.000000e+00,0.000000e+00,0.000000e+00,0.000000e+00,0.000000e+00,0.000000e+00,0.000000e+00,0.000000e+00,0.000000e+00,0.000000e+00,0.000000e+00,0.000000e+00,0.000000e+00
1.000000e+00,0.000000e+00,0.000000e+00,0.000000e+00,0.000000e+00,0.000000e+00,0.000000e+00,0.000000e+00,0.000000e+00,0.000000e+00,0.000000e+00,0.000000e+00,0.000000e+00,0.000000e+00,0.000000e+00
1.000000e+00,0.000000e+00,0.000000e+00,0.000000e+00,0.000000e+00,0.000000e+00,0.000000e+00,0.000000e+00,0.000000e+00,0.000000e+00,0.000000e+00,0.000000e+00,0.000000e+00,0.000000e+00,0.000000e+00
1.000000e+00,0.000000e+00,0.000000e+00,0.000000e+00,0.000000e+00,0.000000e+00,0.000000e+00,0.000000e+00,0.000000e+00,0.000000e+00,0.000000e+00,0.000000e+00,0.000000e+00,0.000000e+00,0.000000e+00
1.000000e+00,0.000000e+00,0.000000e+00,0.000000e+00,0.000000e+00,0.000000e+00,0.000000e+00,0.000000e+00,0.000000e+00,0.000000e+00,0.000000e+00,0.000000e+00,0.000000e+00,0.000000e+00,0.000000e+00
1.000000e+00,0.000000e+00,0.000000e+00,0.000000e+00,0.000000e+00,0.000000e+00,0.000000e+00,0.000000e+00,0.000000e+00,0.000000e+00,0.000000e+00,0.000000e+00,0.000000e+00,0.000000e+00,0.000000e+00
1.000000e+00,0.000000e+00,0.000000e+00,0.000000e+00,0.000000e+00,0.000000e+00,0.000000e+00,0.000000e+00,0.000000e+00,0.000000e+00,0.000000e+00,0.000000e+00,0.000000e+00,0.000000e+00,0.000000e+00
1.000000e+00,0.000000e+00,0.000000e+00,0.000000e+00,0.000000e+00,0.000000e+00,0.000000e+00,0.000000e+00,0.000000e+00,0.000000e+00,0.000000e+00,0.000000e+00,0.000000e+00,0.000000e+00,0.000000e+00
1.000000e+00,0.000000e+00,0.000000e+00,0.000000e+00,0.000000e+00,0.000000e+00,0.000000e+00,0.000000e+00,0.000000e+00,0.000000e+00,0.000000e+00,0.000000e+00,0.000000e+00,0.000000e+00,0.000000e+00
1.000000e+00,0.000000e+00,0.000000e+00,0.000000e+00,0.000000e+00,0.000000e+00,0.000000e+00,0.000000e+00,0.000000e+00,0.000000e+00,0.000000e+00,0.000000e+00,0.000000e+00,0.000000e+00,0.000000e+00
1.000000e+00,0.000000e+00,0.000000e+00,0.000000e+00,0.000000e+00,0.000000e+00,0.000000e+00,0.000000e+00,0.000000e+00,0.000000e+00,0.000000e+00,0.000000e+00,0.000000e+00,0.000000e+00,0.000000e+00
1.000000e+00,0.000000e+00,0.000000e+00,0.000000e+00,0.000000e+00,0.000000e+00,0.000000e+00,0.000000e+00,0.000000e+00,0.000000e+00,0.000000e+00,0.000000e+00,0.000000e+00,0.000000e+00,0.000000e+00
1.000000e+00,0.000000e+00,0.000000e+00,0.000000e+00,0.000000e+00,0.000000e+00,0.000000e+00,0.000000e+00,0.000000e+00,0.000000e+00,0.000000e+00,0.000000e+00,0.000000e+00,0.000000e+00,0.000000e+00
1.000000e+00,0.000000e+00,0.000000e+00,0.000000e+00,0.000000e+00,0.000000e+00,0.000000e+00,0.000000e+00,0.000000e+00,0.000000e+00,0.000000e+00,0.000000e+00,0.000000e+00,0.000000e+00,0.000000e+00
1.000000e+00,0.000000e+00,0.000000e+00,0.000000e+00,0.000000e+00,0.000000e+00,0.000000e+00,0.000000e+00,0.000000e+00,0.000000e+00,0.000000e+00,0.000000e+00,0.000000e+00,0.000000e+00,0.000000e+00
1.000000e+00,0.000000e+00,0.000000e+00,0.000000e+00,0.000000e+00,0.000000e+00,0.000000e+00,0.000000e+00,0.000000e+00,0.000000e+00,0.000000e+00,0.000000e+00,0.000000e+00,0.000000e+00,0.000000e+00
1.000000e+00,0.000000e+00,0.000000e+00,0.000000e+00,0.000000e+00,0.000000e+00,0.000000e+00,0.000000e+00,0.000000e+00,0.000000e+00,0.000000e+00,0.000000e+00,0.000000e+00,0.000000e+00,0.000000e+00
1.000000e+00,0.000000e+00,0.000000e+00,0.000000e+00,0.000000e+00,0.000000e+00,0.000000e+00,0.000000e+00,0.000000e+00,0.000000e+00,0.000000e+00,0.000000e+00,0.000000e+00,0.000000e+00,0.000000e+00
1.000000e+00,0.000000e+00,0.000000e+00,0.000000e+00,0.000000e+00,0.000000e+00,0.000000e+00,0.000000e+00,0.000000e+00,0.000000e+00,0.000000e+00,0.000000e+00,0.000000e+00,0.000000e+00,0.000000e+00
1.000000e+00,0.000000e+00,0.000000e+00,0.000000e+00,0.000000e+00,0.000000e+00,0.000000e+00,0.000000e+00,0.000000e+00,0.000000e+00,0.000000e+00,0.000000e+00,0.000000e+00,0.000000e+00,0.000000e+00
4.546979e-01,2.394616e-02,6.346282e-02,8.822967e-02,5.219601e-03,3.587721e-02,2.862229e-03,2.331007e-02,5.037646e-02,9.091191e-03,4.393545e-02,2.660494e-02,9.673838e-03,8.555034e-02,7.716215e-02
1.000000e+00,0.000000e+00,0.000000e+00,0.000000e+00,0.000000e+00,0.000000e+00,0.000000e+00,0.000000e+00,0.000000e+00,0.000000e+00,0.000000e+00,0.000000e+00,0.000000e+00,0.000000e+00,0.000000e+00
1.000000e+00,0.000000e+00,0.000000e+00,0.000000e+00,0.000000e+00,0.000000e+00,0.000000e+00,0.000000e+00,0.000000e+00,0.000000e+00,0.000000e+00,0.000000e+00,0.000000e+00,0.000000e+00,0.000000e+00
1.000000e+00,0.000000e+00,0.000000e+00,0.000000e+00,0.000000e+00,0.000000e+00,0.000000e+00,0.000000e+00,0.000000e+00,0.000000e+00,0.000000e+00,0.000000e+00,0.000000e+00,0.000000e+00,0.000000e+00
4.130165e-01,3.713086e-02,4.693015e-02,4.538082e-02,5.392218e-03,3.168689e-02,1.573358e-03,1.083043e-02,3.722902e-02,8.561783e-03,1.381090e-01,1.338221e-02,6.434341e-03,1.135073e-01,9.083514e-02
2.895291e-01,4.463730e-02,3.651126e-02,3.214381e-02,3.830243e-03,4.117946e-02,1.131469e-03,7.755617e-03,3.464063e-02,6.728250e-03,2.783993e-01,1.157488e-02,4.848927e-03,1.206745e-01,8.641531e-02
2.029206e-01,4.827590e-02,2.704631e-02,2.301916e-02,2.808801e-03,3.313048e-02,8.146104e-04,5.534534e-03,3.587974e-02,5.934980e-03,3.702662e-01,9.440387e-03,3.769191e-03,1.079949e-01,1.231642e-01
1.425292e-01,3.585090e-02,1.908499e-02,1.666252e-02,2.195678e-03,2.461297e-02,6.200200e-04,4.002689e-03,2.943641e-02,4.762032e-03,5.128725e-01,1.080898e-02,2.914681e-03,1.013383e-01,9.230810e-02
9.998461e-02,2.541254e-02,1.339698e-02,1.183752e-02,2.003024e-03,1.770563e-02,5.407576e-04,2.954425e-03,2.180883e-02,3.710844e-03,6.389240e-01,1.120730e-02,2.339158e-03,8.223324e-02,6.594108e-02
7.024074e-02,1.806965e-02,9.428315e-03,8.620114e-03,2.211585e-03,1.282240e-02,6.653654e-04,2.254174e-03,1.802742e-02,3.237668e-03,7.016991e-01,1.603924e-02,2.213359e-03,8.723176e-02,4.723904e-02
4.932648e-02,1.279726e-02,6.650361e-03,6.216148e-03,1.962164e-03,9.353700e-03,5.802799e-04,1.691748e-03,1.431477e-02,2.873368e-03,7.656269e-01,1.640456e-02,2.007017e-03,7.672773e-02,3.346744e-02
3.462202e-02,9.032049e-03,4.687068e-03,4.572488e-03,1.957766e-03,6.887598e-03,6.060307e-04,1.304965e-03,1.145912e-02,2.547538e-03,8.007318e-01,1.551070e-02,1.819705e-03,8.057091e-02,2.369018e-02
2.428135e-02,7.018677e-03,3.729550e-03,3.467899e-03,8.732017e-03,5.098470e-03,8.880590e-04,1.127836e-03,1.152875e-02,4.360450e-03,7.645836e-01,1.476095e-02,1.761585e-03,1.309064e-01,1.775426e-02
1.709917e-02,5.063839e-03,2.785487e-03,2.714045e-03,9.512558e-03,3.815915e-03,8.342232e-04,1.633017e-03,1.309597e-02,4.449763e-03,7.141187e-01,1.313608e-02,1.804340e-03,1.972987e-01,1.263815e-02
1.205608e-02,3.628978e-03,2.041979e-03,2.068843e-03,8.273999e-03,2.836309e-03,6.591463e-04,2.212401e-03,1.577805e-02,4.146403e-03,7.165407e-01,1.306723e-02,1.684770e-03,2.060694e-01,8.935681e-03
8.504316e-03,2.864936e-03,1.648299e-03,1.695384e-03,7.785844e-03,2.110094e-03,4.892919e-04,2.445634e-03,2.665158e-02,4.706630e-03,7.353041e-01,1.477271e-02,1.449852e-03,1.832477e-01,6.323627e-03
6.003611e-03,2.168461e-03,1.280822e-03,1.442697e-03,7.532750e-03,1.652805e-03,3.806016e-04,2.229551e-03,3.448232e-02,4.679403e-03,7.457423e-01,2.140620e-02,1.364083e-03,1.651450e-01,4.489374e-03
4.326786e-03,3.588086e-03,1.221198e-03,1.740722e-03,4.123186e-02,2.326695e-03,5.329431e-04,2.520402e-03,1.420965e-01,5.445010e-03,6.189553e-01,2.451245e-02,1.339009e-03,1.469433e-01,3.219739e-03
3.869660e-03,4.323278e-03,4.952915e-03,1.022189e-02,6.590547e-02,3.037792e-03,4.818126e-04,1.246248e-01,1.490795e-01,6.615914e-03,4.656631e-01,2.661988e-02,2.565995e-03,1.296917e-01,2.346234e-03
2.903169e-03,2.611237e-02,3.868953e-03,9.047674e-03,6.448352e-02,2.859388e-03,4.757905e-04,9.493171e-02,3.463696e-01,4.816005e-03,3.291456e-01,1.991162e-02,1.904637e-03,9.149383e-02,1.676158e-03
2.137655e-03,2.254337e-02,2.910858e-03,6.861444e-03,6.297207e-02,3.005995e-03,3.751884e-04,6.727477e-02,5.170195e-01,3.430435e-03,2.305722e-01,1.412637e-02,1.397961e-03,6.406095e-02,1.311329e-03
1.584438e-03,1.811667e-02,2.422126e-03,9.956931e-03,6.541386e-02,2.449823e-03,2.937680e-04,4.955924e-02,6.292993e-01,2.455372e-03,1.615524e-01,9.976635e-03,1.066146e-03,4.485615e-02,9.971540e-04
6.677479e-03,1.544274e-02,5.070790e-03,5.448919e-02,8.119515e-02,3.770578e-03,2.966263e-04,6.870462e-02,6.041116e-01,1.934742e-03,1.147899e-01,8.102097e-03,2.568111e-03,3.147245e-02,1.374021e-03
1.572970e-02,1.946377e-02,6.450012e-03,5.389362e-02,9.821452e-02,5.379201e-03,2.729173e-04,6.419843e-02,6.211694e-01,1.573387e-03,8.135729e-02,6.016632e-03,2.213820e-03,2.212322e-02,1.944164e-03
2.212138e-02,2.118874e-02,5.657834e-03,4.198485e-02,1.067915e-01,8.745613e-03,2.273889e-04,6.222656e-02,6.478073e-01,1.250153e-03,5.760007e-02,4.361292e-03,1.652697e-03,1.567416e-02,2.710531e-03
2.569979e-02,3.699318e-02,4.789603e-03,3.500119e-02,9.442452e-02,1.200153e-02,2.423830e-04,7.725969e-02,6.460606e-01,1.597013e-03,4.140768e-02,3.536505e-03,1.372969e-03,1.133782e-02,8.275495e-03
3.187623e-02,3.986076e-02,7.245398e-03,3.532850e-02,8.663212e-02,1.251264e-02,4.183471e-04,9.654365e-02,6.333246e-01,1.859489e-03,3.022833e-02,3.173285e-03,1.252437e-03,8.080818e-03,1.166336e-02
7.514052e-02,3.725519e-02,1.884444e-02,7.035691e-02,9.481218e-02,1.280256e-02,5.093846e-04,8.010907e-02,5.628580e-01,2.023241e-03,2.229258e-02,2.960091e-03,1.144927e-03,5.823026e-03,1.306774e-02
7.960268e-02,6.911090e-02,4.772551e-02,1.910924e-01,7.908752e-02,1.240047e-02,5.925963e-04,6.125638e-02,4.143722e-01,3.781789e-03,1.653598e-02,2.669967e-03,1.149272e-03,4.201423e-03,1.642077e-02
1.027339e-01,1.246629e-01,5.674560e-02,1.410440e-01,7.618305e-02,1.457472e-02,5.760216e-04,5.036255e-02,3.407539e-01,6.164332e-03,1.338539e-02,2.212052e-03,1.461999e-03,3.204683e-03,6.593483e-02
7.573812e-02,1.009294e-01,7.374121e-02,3.089340e-01,6.939191e-02,1.154034e-02,6.730160e-04,4.378891e-02,2.457111e-01,5.293556e-03,1.046132e-02,1.668012e-03,1.466599e-03,2.277187e-03,4.838525e-02
1.018767e-01,1.094685e-01,1.026460e-01,2.527680e-01,8.022389e-02,1.235664e-02,1.234093e-03,6.472011e-02,2.115845e-01,4.167246e-03,9.462046e-03,2.000307e-03,1.652762e-03,2.032787e-03,4.380652e-02
8.401807e-02,8.708843e-02,7.468963e-02,3.136512e-01,8.516289e-02,1.315767e-02,1.167143e-03,6.095070e-02,2.095363e-01,7.439408e-03,1.972701e-02,2.606747e-03,3.576582e-03,1.740751e-03,3.548751e-02
6.092864e-02,8.835032e-02,5.718783e-02,2.718981e-01,6.169270e-02,1.078777e-02,1.016317e-03,4.277714e-02,1.537341e-01,6.425339e-03,1.490225e-02,2.850777e-03,1.988157e-01,1.295328e-03,2.733779e-02
4.277987e-02,7.407313e-02,4.129046e-02,2.053374e-01,4.339707e-02,8.380889e-03,7.502381e-04,3.002984e-02,1.095457e-01,4.715638e-03,1.062403e-02,2.570974e-03,4.049754e-01,9.140552e-04,2.061527e-02
3.002134e-02,5.212366e-02,2.951526e-02,1.489665e-01,3.065738e-02,7.237654e-03,5.380598e-04,2.115621e-02,7.689636e-02,3.310045e-03,7.612932e-03,2.431651e-03,5.741471e-01,6.415850e-04,1.474420e-02
2.106191e-02,3.654814e-02,2.071392e-02,1.047143e-01,2.161392e-02,6.404115e-03,3.932888e-04,1.486611e-02,5.393854e-02,2.321333e-03,5.414200e-03,2.632287e-03,6.984718e-01,4.505383e-04,1.045552e-02
1.476977e-02,2.561180e-02,1.452534e-02,7.334060e-02,1.531192e-02,1.022086e-02,4.734930e-04,1.050378e-02,3.781877e-02,1.626541e-03,3.942093e-03,5.713759e-03,7.784119e-01,3.206883e-04,7.408721e-03
1.059797e-02,1.793369e-02,1.017765e-02,5.135198e-02,1.083672e-02,7.948746e-03,3.685523e-04,7.431351e-03,2.652358e-02,1.145180e-03,3.025600e-03,1.337534e-02,8.337939e-01,2.863915e-04,5.203377e-03
7.808827e-03,1.256771e-02,7.138931e-03,3.599480e-02,7.806349e-03,7.307769e-03,2.800009e-04,5.387072e-03,1.865911e-02,8.121999e-04,2.643433e-03,2.363886e-02,8.660012e-01,2.514219e-04,3.702341e-03
5.951067e-03,8.824329e-03,5.035733e-03,2.523539e-02,6.291243e-03,9.999318e-03,2.439344e-04,4.160574e-03,1.314661e-02,5.885127e-04,2.143224e-03,3.258321e-02,8.828270e-01,1.937704e-04,2.776072e-03
4.943066e-03,6.224161e-03,3.554932e-03,1.769724e-02,5.503395e-03,1.209127e-02,4.296696e-04,3.253000e-03,9.526455e-03,4.276884e-04,1.999404e-03,3.392572e-02,8.982411e-01,1.572721e-04,2.025637e-03
4.005048e-03,4.644738e-03,2.508297e-03,1.239353e-02,4.363953e-03,1.330672e-02,3.501665e-04,2.334662e-03,7.803787e-03,3.118434e-04,1.954201e-03,2.684451e-02,9.176124e-01,1.263881e-04,1.439731e-03
3.475270e-03,4.033352e-03,1.805446e-03,8.687989e-03,3.468245e-03,5.955353e-02,3.148417e-04,1.862999e-03,9.959063e-03,2.429099e-04,1.987635e-03,2.364206e-02,8.797162e-01,1.663783e-04,1.084118e-03
3.244328e-03,4.381564e-03,1.339094e-03,6.111215e-03,3.435268e-03,5.553514e-02,4.245720e-04,1.595312e-03,1.242116e-02,2.061445e-04,1.704756e-03,2.115234e-02,8.874429e-01,1.798541e-04,8.262754e-04
4.195822e-03,6.857952e-03,1.407222e-03,4.336822e-03,9.073138e-03,4.853082e-02,5.727907e-04,1.563187e-03,2.177671e-02,1.833634e-04,1.469313e-03,3.057892e-02,8.684844e-01,2.787766e-04,6.907530e-04
5.207120e-03,7.013413e-03,1.381106e-03,3.124195e-03,2.028055e-02,4.450042e-02,7.274887e-04,2.178377e-03,2.997575e-02,1.485575e-04,1.231536e-03,3.613254e-02,8.472720e-01,2.569181e-04,5.699953e-04
5.721110e-03,1.233221e-02,4.238117e-03,2.884709e-03,2.124198e-02,3.709717e-02,9.367409e-04,3.829385e-02,4.877741e-02,1.628837e-04,1.139123e-03,3.272050e-02,7.936017e-01,3.022413e-04,5.502645e-04
5.394384e-03,8.881249e-03,6.604002e-03,2.332210e-03,1.871077e-02,2.634793e-02,1.416052e-03,2.546652e-01,3.659414e-02,1.623751e-04,1.045002e-03,2.410233e-02,6.129361e-01,3.272153e-04,4.810195e-04
4.558639e-03,6.387475e-03,8.094027e-03,1.704919e-03,1.508491e-02,1.861837e-02,1.673338e-03,4.558593e-01,2.671942e-02,1.342413e-04,8.129271e-04,1.707966e-02,4.426093e-01,2.747173e-04,3.888461e-04
3.475096e-03,4.650822e-03,6.462283e-03,1.369096e-03,1.207737e-02,1.349856e-02,1.655327e-03,6.123958e-01,1.925225e-02,1.044758e-04,6.739038e-04,1.199420e-02,3.118942e-01,1.976593e-04,2.989633e-04
3.260419e-03,3.451901e-03,5.449963e-03,1.069059e-03,1.266273e-02,1.008874e-02,5.869247e-03,7.152293e-01,1.414820e-02,7.696475e-05,5.269743e-04,8.433328e-03,2.193700e-01,1.418697e-04,2.213369e-04
3.709674e-03,2.506645e-03,4.226523e-03,8.965569e-04,1.958323e-02,7.761243e-03,7.775164e-03,7.817545e-01,1.051911e-02,5.696555e-05,3.968714e-04,5.923546e-03,1.546155e-01,1.026905e-04,1.717376e-04
5.035736e-03,1.962524e-03,3.420299e-03,1.061636e-03,1.760622e-02,6.117428e-03,5.949794e-03,8.242473e-01,7.806255e-03,1.239795e-04,8.904905e-04,4.463958e-03,1.209985e-01,1.057613e-04,2.101124e-04
8.961097e-03,1.743867e-03,3.199800e-03,2.097224e-03,1.549670e-02,5.472893e-03,4.455744e-03,8.545839e-01,5.862462e-03,2.137633e-04,1.856772e-03,3.844297e-03,9.177194e-02,1.586936e-04,2.808778e-04
9.338684e-03,1.299043e-03,3.129024e-03,2.383421e-03,1.395136e-02,4.309889e-03,3.352232e-03,8.882515e-01,4.297081e-03,1.748190e-04,1.495879e-03,2.793366e-03,6.486464e-02,1.393288e-04,2.196458e-04
1.007238e-02,9.940363e-04,2.594515e-03,2.073860e-03,1.203455e-02,3.295148e-03,2.544613e-03,9.138754e-01,3.131578e-03,1.563332e-04,1.151798e-03,2.032041e-03,4.575490e-02,1.171936e-04,1.715744e-04
1.330213e-02,7.589156e-04,2.759057e-03,2.354197e-03,1.292137e-02,2.611603e-03,1.867823e-03,9.254991e-01,2.305380e-03,1.349431e-04,9.047204e-04,1.625638e-03,3.269684e-02,1.021323e-04,1.561276e-04
1.308387e-02,5.565922e-04,2.363735e-03,1.907271e-03,1.015340e-02,2.068158e-03,1.367647e-03,9.415176e-01,1.685540e-03,1.058874e-04,7.046144e-04,1.253488e-03,2.300852e-02,8.602761e-05,1.376208e-04
1.324128e-02,4.354811e-04,1.875218e-03,1.470412e-03,7.545569e-03,1.682224e-03,1.055214e-03,9.532837e-01,1.290407e-03,8.954197e-05,5.678963e-04,1.037823e-03,1.619929e-02,7.815693e-05,1.478719e-04
1.371825e-02,3.552455e-04,1.454011e-03,1.168966e-03,5.416936e-03,1.612264e-03,8.662749e-04,9.611293e-01,9.550580e-04,8.578353e-05,4.986583e-04,9.787788e-04,1.145791e-02,6.748836e-05,2.350374e-04
1.317440e-02,2.722348e-04,1.192586e-03,9.541889e-04,3.858387e-03,1.678668e-03,6.979568e-04,9.672762e-01,7.012900e-04,1.275093e-04,4.909184e-04,1.011451e-03,8.141150e-03,7.278001e-05,3.502773e-04
1.177895e-02,2.740645e-04,2.306477e-03,1.545744e-03,2.859817e-03,2.543526e-03,1.004326e-03,7.406356e-01,1.865789e-03,3.767214e-03,3.085816e-02,1.561271e-01,1.729260e-02,2.638955e-02,7.511197e-04
9.250013e-03,2.340899e-04,1.689754e-03,1.334957e-03,2.374146e-03,2.223279e-03,1.183598e-03,5.267882e-01,2.204733e-03,4.232673e-03,6.078560e-02,3.263015e-01,1.871436e-02,4.190852e-02,7.744584e-04
7.106409e-03,1.951699e-04,1.240808e-03,1.054623e-03,2.420546e-03,1.838265e-03,1.776498e-03,3.736196e-01,1.884259e-03,3.450586e-03,8.862212e-02,4.540598e-01,1.453493e-02,4.753916e-02,6.572544e-04
5.196131e-03,2.094864e-04,8.924742e-04,9.165779e-04,3.735208e-03,1.564618e-03,1.375379e-03,2.622798e-01,1.525058e-03,2.752853e-03,8.828963e-02,5.829034e-01,1.054018e-02,3.725411e-02,5.650499e-04
3.770447e-03,8.187772e-04,6.926939e-04,6.974494e-04,4.932212e-03,1.287057e-03,1.033791e-03,1.840702e-01,1.321884e-03,2.281572e-03,1.068967e-01,6.504771e-01,7.715141e-03,3.354447e-02,4.604949e-04
2.739734e-03,1.282740e-03,7.414813e-04,5.292956e-04,6.978676e-03,1.047266e-03,7.575380e-04,1.290396e-01,2.005032e-03,2.134963e-03,1.944959e-01,6.184728e-01,5.695576e-03,3.371098e-02,3.683605e-04
1.953023e-03,1.275276e-03,7.627792e-04,4.224982e-04,5.987352e-03,8.371867e-04,6.254290e-04,9.038187e-02,2.208144e-03,1.893223e-03,2.425438e-01,6.175663e-01,4.218985e-03,2.901272e-02,3.114513e-04
1.388504e-03,1.355939e-03,1.092251e-03,3.686199e-04,6.737438e-03,6.747697e-04,6.545132e-04,6.334762e-02,2.656224e-03,1.625153e-03,2.627608e-01,6.294730e-01,3.172687e-03,2.442025e-02,2.721910e-04
9.949009e-04,3.476193e-03,2.202366e-03,2.953790e-04,1.076380e-02,6.226319e-04,5.405734e-04,4.441557e-02,5.545829e-03,1.755862e-03,3.076988e-01,5.957977e-01,2.655135e-03,2.299122e-02,2.441187e-04
7.131523e-04,2.542256e-03,1.635801e-03,2.345411e-04,7.893064e-03,4.962967e-04,3.942419e-04,3.111717e-02,5.064473e-03,1.730567e-03,3.054499e-01,6.207226e-01,2.067046e-03,1.975555e-02,1.833699e-04
5.078040e-04,3.850450e-03,1.296240e-03,1.791175e-04,5.586179e-03,3.893780e-04,2.811930e-04,2.180606e-02,9.306633e-03,1.263580e-03,3.948212e-01,5.433234e-01,1.548335e-03,1.568508e-02,1.553835e-04
3.669620e-04,3.495576e-03,1.015691e-03,1.721548e-04,4.254933e-03,3.421727e-04,2.022396e-04,1.532128e-02,1.048846e-02,9.533295e-04,5.084792e-01,4.412794e-01,1.136248e-03,1.236511e-02,1.272097e-04
4.836891e-04,4.345322e-03,4.641308e-03,1.084995e-03,8.340448e-03,1.689828e-03,6.260675e-04,1.373957e-02,2.734905e-02,1.262015e-03,4.964696e-01,4.265266e-01,1.071007e-03,1.207856e-02,2.920142e-04
6.279373e-04,3.952926e-03,4.157421e-03,2.076081e-03,4.459316e-02,1.990043e-03,5.994540e-04,1.361019e-02,8.557528e-02,1.185363e-03,4.258283e-01,4.022731e-01,1.455166e-03,1.174198e-02,3.336357e-04
6.071341e-04,4.268688e-03,3.207323e-03,1.563842e-03,1.989273e-01,2.562798e-03,8.033045e-04,1.023548e-02,1.165774e-01,9.446437e-04,3.400250e-01,3.088037e-01,1.247913e-03,9.948695e-03,2.768315e-04
9.944895e-04,5.512754e-03,3.539521e-03,1.725800e-03,2.007809e-01,5.299176e-03,2.019584e-03,9.654414e-03,2.264996e-01,1.985598e-03,2.770983e-01,2.536640e-01,1.710531e-03,8.650282e-03,8.651023e-04
2.307899e-03,6.210855e-03,5.950446e-03,2.936088e-03,1.526079e-01,8.972466e-03,4.677643e-03,1.297867e-01,2.705000e-01,2.286360e-03,2.091840e-01,1.941711e-01,2.957401e-03,6.690135e-03,7.610422e-04
2.135483e-03,4.944421e-03,4.217404e-03,2.120269e-03,1.090861e-01,7.309427e-03,3.392498e-03,9.434862e-02,4.765083e-01,1.681641e-03,1.485035e-01,1.379345e-01,2.486716e-03,4.782497e-03,5.486832e-04
1.573039e-03,3.983242e-03,3.046872e-03,2.200658e-03,9.496139e-02,6.592795e-03,2.430402e-03,6.608424e-02,6.112555e-01,1.225597e-03,1.042012e-01,9.665053e-02,1.947619e-03,3.373209e-03,4.737250e-04
2.075125e-03,3.607802e-03,2.338518e-03,2.071129e-03,8.872195e-02,6.688108e-03,2.065124e-03,4.678382e-02,6.992440e-01,9.293259e-04,7.331384e-02,6.773929e-02,1.613139e-03,2.386652e-03,4.222750e-04
4.162604e-03,3.645585e-03,1.889954e-03,2.788586e-03,1.474906e-01,8.106512e-03,1.932775e-03,3.389771e-02,6.895025e-01,1.021137e-03,5.166009e-02,4.749919e-02,1.328628e-03,1.730517e-03,3.343698e-03
1.255629e-02,4.095809e-03,3.761967e-03,1.515983e-02,1.884801e-01,8.001675e-03,2.459047e-03,4.115478e-02,6.485150e-01,7.837585e-04,3.651172e-02,3.340575e-02,1.052973e-03,1.342448e-03,2.718881e-03
2.309618e-02,4.436975e-03,3.527685e-03,1.580100e-02,2.310845e-01,1.347210e-02,2.680021e-03,3.211471e-02,6.200150e-01,5.789731e-04,2.585788e-02,2.344531e-02,8.074331e-04,1.091548e-03,1.990729e-03
1.994257e-02,8.718889e-03,3.637527e-03,3.786041e-02,4.064261e-01,1.208439e-02,2.274463e-03,2.393429e-02,4.465034e-01,4.689729e-04,1.841792e-02,1.653560e-02,7.497109e-04,8.020792e-04,1.643694e-03
1.650194e-02,6.605674e-03,2.864188e-03,3.170311e-02,5.693871e-01,9.750251e-03,1.730550e-03,1.854438e-02,3.138589e-01,3.510395e-04,1.344808e-02,1.163874e-02,1.635861e-03,5.888924e-04,1.391313e-03
6.138988e-02,9.183693e-03,5.205297e-03,2.929511e-02,5.495530e-01,1.631709e-02,2.412593e-03,6.628937e-02,2.230364e-01,7.657553e-04,2.078035e-02,8.416830e-03,4.976601e-03,5.703541e-04,1.807731e-03
4.948932e-02,6.740247e-03,4.111588e-03,2.950644e-02,4.279176e-01,2.006114e-02,3.949253e-03,4.764223e-02,1.625717e-01,2.254721e-03,1.481268e-01,2.518758e-02,5.809471e-02,9.411383e-04,1.340559e-02
3.635598e-02,5.011050e-03,3.230865e-03,3.192955e-02,3.229845e-01,1.805711e-02,4.922851e-03,3.369566e-02,1.183267e-01,3.334932e-03,2.636755e-01,4.148149e-02,8.631492e-02,1.458540e-03,2.922036e-02
2.829903e-02,4.099013e-03,2.524221e-03,2.800065e-02,2.541193e-01,1.494815e-02,4.712418e-03,2.409006e-02,8.912678e-02,2.849345e-03,2.289227e-01,1.975031e-01,9.319489e-02,5.979369e-03,2.163101e-02
2.610568e-02,3.313446e-03,1.965993e-03,2.289701e-02,2.031617e-01,1.337320e-02,6.210874e-03,1.758079e-02,7.124017e-02,2.295065e-03,2.224260e-01,3.115622e-01,6.923746e-02,1.317808e-02,1.545228e-02
2.166994e-02,2.576177e-03,1.551394e-03,1.698572e-02,1.452868e-01,1.140953e-02,4.848928e-03,1.357714e-02,5.234108e-02,2.050526e-03,2.788454e-01,3.682228e-01,5.018051e-02,1.942391e-02,1.103015e-02
1.551894e-02,1.883314e-03,1.259296e-03,1.231960e-02,1.032963e-01,8.913560e-03,3.564970e-03,9.939311e-03,3.722310e-02,1.589210e-03,3.387231e-01,4.029739e-01,3.625125e-02,1.876895e-02,7.775200e-03
1.114353e-02,1.405307e-03,1.009141e-03,9.005007e-03,7.360175e-02,7.131692e-03,2.717138e-03,7.458931e-03,2.662676e-02,1.356940e-03,4.117875e-01,3.947041e-01,2.677040e-02,1.978302e-02,5.498892e-03
7.917333e-03,1.167861e-03,8.547246e-04,6.550060e-03,5.252020e-02,5.668221e-03,1.927486e-03,5.384117e-03,1.912864e-02,1.549251e-03,4.857082e-01,3.649568e-01,1.942801e-02,2.334430e-02,3.894882e-03
5.786858e-03,1.117868e-03,8.084794e-04,4.702432e-03,3.801519e-02,4.906158e-03,1.369618e-03,4.087790e-03,1.420132e-02,1.868238e-03,5.281677e-01,3.446414e-01,1.479069e-02,3.276221e-02,2.774073e-03
4.422359e-03,1.881297e-03,9.602178e-04,3.438512e-03,4.049661e-02,3.780035e-03,1.079257e-03,3.047985e-03,1.192355e-02,2.466039e-03,5.685650e-01,2.879685e-01,1.088520e-02,5.691218e-02,2.173243e-03
3.896785e-03,3.835643e-03,1.776711e-03,2.605264e-03,2.946420e-02,3.309534e-03,7.805803e-04,2.335605e-03,1.275280e-02,3.308033e-03,5.979438e-01,2.654906e-01,8.104415e-03,6.279048e-02,1.605564e-03
3.915783e-03,6.778594e-03,2.825235e-03,1.971357e-03,2.136595e-02,3.073583e-03,5.575696e-04,1.952491e-03,1.493922e-02,4.274872e-03,5.811462e-01,2.719100e-01,6.182727e-03,7.792884e-02,1.177512e-03
4.079289e-03,1.143827e-02,8.145355e-03,1.727353e-03,1.780254e-02,3.315742e-03,4.790213e-04,2.815205e-03,2.515610e-02,6.093094e-03,6.112741e-01,2.120354e-01,4.722506e-03,8.956117e-02,1.354729e-03
6.566692e-03,1.124230e-02,8.854249e-03,1.587528e-03,1.344873e-02,3.205961e-03,3.680889e-04,2.854199e-03,3.976429e-02,5.002102e-03,6.258866e-01,1.748527e-01,3.532247e-03,1.016631e-01,1.171223e-03
1.275133e-02,1.021027e-02,1.989485e-02,2.466537e-03,9.945252e-03,7.679723e-03,2.947343e-04,6.587911e-03,7.308492e-02,4.911195e-03,6.121083e-01,1.419207e-01,2.816172e-03,9.419819e-02,1.129876e-03
9.898923e-03,7.910687e-03,1.930239e-02,2.504683e-03,7.281890e-03,8.246453e-03,2.165518e-04,5.593057e-03,1.174226e-01,4.665084e-03,6.045716e-01,1.166093e-01,2.474642e-03,9.232207e-02,9.800526e-04
7.215583e-03,6.328511e-03,1.522573e-02,2.147928e-03,5.299160e-03,6.130646e-03,1.533412e-04,4.177462e-03,1.191258e-01,3.559116e-03,6.724539e-01,8.658068e-02,1.769495e-03,6.904477e-02,7.877566e-04
5.677316e-03,7.765359e-03,1.624884e-02,2.243774e-03,4.618867e-03,4.993318e-03,1.167261e-04,3.241511e-03,1.550143e-01,3.282007e-03,6.824201e-01,6.196416e-02,1.262276e-03,4.944004e-02,1.711334e-03
5.155811e-03,9.519992e-03,1.517469e-02,2.209560e-03,6.888431e-03,4.237567e-03,1.265340e-04,2.652996e-03,1.420091e-01,3.054642e-03,7.271429e-01,4.374886e-02,9.065953e-04,3.508406e-02,2.088170e-03
9.611528e-03,7.935524e-02,2.583634e-02,3.046331e-03,2.132842e-02,4.144070e-03,1.830750e-04,2.789701e-03,1.221599e-01,3.125177e-03,6.626655e-01,3.085136e-02,6.636545e-04,2.572119e-02,8.518470e-03
1.109125e-02,1.500749e-01,8.260332e-02,4.044347e-02,2.445510e-02,4.186437e-03,1.782863e-04,4.711051e-03,9.417929e-02,4.311772e-03,4.680590e-01,2.173042e-02,5.462397e-04,1.813724e-02,7.529225e-02
1.630511e-02,2.635447e-01,9.189458e-02,4.073167e-02,3.577980e-02,3.971559e-03,2.896949e-04,9.543079e-03,7.345212e-02,4.825602e-03,3.657832e-01,1.532485e-02,4.213452e-04,1.328448e-02,6.484822e-02
2.772978e-02,3.172550e-01,8.489413e-02,4.538545e-02,6.295966e-02,1.089428e-02,7.731143e-04,1.145711e-02,6.026438e-02,3.991375e-03,2.961287e-01,1.083503e-02,4.721190e-04,1.062373e-02,5.633627e-02
5.270435e-02,3.202997e-01,6.957490e-02,4.788462e-02,1.333760e-01,1.685582e-02,1.227339e-03,1.546126e-02,5.324518e-02,3.015654e-03,2.248318e-01,7.741239e-03,7.024467e-04,1.003919e-02,4.304053e-02
9.209560e-02,2.755566e-01,1.097093e-01,3.533043e-02,1.842458e-01,3.659448e-02,1.164597e-03,1.132313e-02,4.120502e-02,2.192470e-03,1.611087e-01,5.613039e-03,9.415626e-04,1.183094e-02,3.108842e-02
1.047503e-01,3.043444e-01,9.276067e-02,4.452778e-02,1.984881e-01,3.701743e-02,1.662938e-03,1.714553e-02,3.830124e-02,1.684521e-03,1.165957e-01,4.719249e-03,1.638504e-03,1.203140e-02,2.433225e-02
1.291955e-01,3.608824e-01,8.637442e-02,3.624985e-02,1.685058e-01,3.321730e-02,1.382111e-03,1.559642e-02,4.496349e-02,1.396862e-03,8.555409e-02,4.278257e-03,2.183301e-03,1.019051e-02,2.002962e-02
1.643600e-01,3.346356e-01,7.809062e-02,7.108237e-02,1.606035e-01,3.752160e-02,1.563359e-03,1.267588e-02,3.835150e-02,1.334791e-03,6.174532e-02,6.947062e-03,3.075269e-03,7.994663e-03,2.001859e-02
2.438362e-01,3.113573e-01,7.863954e-02,5.766506e-02,1.427973e-01,3.383595e-02,1.472256e-03,9.703995e-03,3.596190e-02,1.557881e-03,4.478979e-02,7.492120e-03,3.334518e-03,6.614639e-03,2.094150e-02
3.018241e-01,2.425557e-01,6.565110e-02,1.108371e-01,1.088344e-01,2.919211e-02,2.130938e-03,8.422350e-03,2.933278e-02,2.485767e-03,3.512128e-02,1.466286e-02,5.083693e-03,6.955250e-03,3.691058e-02
3.026987e-01,2.060260e-01,5.373681e-02,1.386977e-01,7.854363e-02,2.328942e-02,1.877331e-03,7.911864e-03,2.637481e-02,4.412913e-03,3.441203e-02,1.411281e-02,6.687724e-03,2.162801e-02,7.959014e-02
2.120958e-01,2.036183e-01,4.324085e-02,2.801545e-01,5.909834e-02,1.657717e-02,1.360479e-03,5.695636e-03,2.803032e-02,5.580895e-03,4.290376e-02,1.844206e-02,5.191260e-03,1.644600e-02,6.156463e-02
1.503543e-01,1.448988e-01,3.168996e-02,3.054384e-01,4.169339e-02,1.302483e-02,9.804562e-04,4.103807e-03,2.208260e-02,4.576106e-03,7.655621e-02,1.437993e-01,4.797117e-03,1.184451e-02,4.416011e-02
1.060113e-01,1.021098e-01,2.275046e-02,2.620366e-01,3.025869e-02,1.156787e-02,7.297878e-04,3.034601e-03,1.599829e-02,3.390848e-03,7.468014e-02,3.234959e-01,4.025916e-03,8.505882e-03,3.140393e-02
7.462765e-02,7.154824e-02,1.605484e-02,1.872785e-01,2.347508e-02,1.243169e-02,5.365883e-04,2.176472e-03,1.144163e-02,2.406929e-03,7.909636e-02,4.877006e-01,3.083343e-03,6.096301e-03,2.204577e-02
5.248039e-02,5.012070e-02,1.127988e-02,1.314977e-01,2.526923e-02,9.347715e-03,3.787516e-04,1.556299e-03,8.470247e-03,1.748904e-03,1.034630e-01,5.819587e-01,2.332692e-03,4.641208e-03,1.545457e-02
3.752945e-02,3.526383e-02,7.995003e-03,9.256480e-02,9.040906e-02,7.146255e-03,2.712681e-04,1.192992e-03,6.799215e-03,1.403647e-03,9.478266e-02,6.076038e-01,2.053903e-03,4.124626e-03,1.085951e-02
2.665421e-02,2.509724e-02,6.093176e-03,6.614126e-02,9.048565e-02,8.381056e-03,2.510464e-04,2.374342e-03,5.396002e-03,1.204574e-03,8.040553e-02,6.741568e-01,1.704900e-03,4.016346e-03,7.637808e-03
1.883583e-02,1.773175e-02,4.348172e-03,4.684525e-02,8.007104e-02,8.348932e-03,2.080848e-04,2.393609e-03,4.254649e-03,9.997243e-04,6.500788e-02,7.408319e-01,1.426467e-03,3.332323e-03,5.364421e-03
1.331568e-02,1.243617e-02,3.105589e-03,3.288039e-02,6.484444e-02,6.325413e-03,1.638066e-04,1.774979e-03,3.078493e-03,7.722657e-04,4.797125e-02,8.057600e-01,1.184163e-03,2.625113e-03,3.762186e-03
9.411282e-03,8.724818e-03,2.216578e-03,2.305181e-02,5.303975e-02,4.944469e-03,1.524552e-04,1.361385e-03,2.374583e-03,6.229795e-04,3.783574e-02,8.499408e-01,1.025078e-03,2.655196e-03,2.643072e-03
6.719389e-03,6.143607e-03,1.630422e-03,1.618775e-02,4.453383e-02,4.165285e-03,1.639933e-04,1.199833e-03,1.909188e-03,5.452782e-04,3.427765e-02,8.768901e-01,9.047706e-04,2.869693e-03,1.859237e-03
4.993564e-03,4.378234e-03,1.363378e-03,1.159325e-02,6.271990e-02,3.976268e-03,5.230523e-04,7.313274e-03,2.584575e-03,6.871414e-04,3.298468e-02,8.604122e-01,1.313638e-03,3.842242e-03,1.314608e-03
3.681700e-03,3.159644e-03,1.096460e-03,8.181095e-03,8.167969e-02,3.319055e-03,5.267566e-04,6.590415e-03,6.154840e-03,6.659364e-04,2.644962e-02,8.523548e-01,1.834534e-03,3.373576e-03,9.319168e-04
2.842155e-03,2.449885e-03,8.787528e-04,5.800396e-03,2.437840e-01,4.438115e-03,5.317524e-04,5.580761e-03,1.074478e-02,5.224328e-04,2.069682e-02,6.961043e-01,2.051732e-03,2.916801e-03,6.572306e-04
2.134234e-03,1.855962e-03,1.171246e-03,4.458217e-03,2.571505e-01,3.770843e-03,6.876204e-04,1.483976e-02,2.521873e-02,4.416723e-04,1.593266e-02,6.670045e-01,2.428132e-03,2.442225e-03,4.636369e-04
1.932709e-03,1.525253e-03,2.135783e-03,4.432756e-03,2.499468e-01,3.538791e-03,8.865601e-04,9.897130e-02,4.247335e-02,4.278100e-04,1.381823e-02,5.746840e-01,2.643744e-03,2.248292e-03,3.345581e-04
3.507462e-03,1.583717e-03,4.875604e-03,6.279127e-03,2.585616e-01,3.472922e-03,8.696505e-04,1.793777e-01,6.248849e-02,5.329904e-04,1.728423e-02,4.564249e-01,2.537792e-03,1.939220e-03,2.646756e-04
6.059281e-03,1.956830e-03,1.515849e-02,9.911657e-03,2.590301e-01,2.976561e-03,9.011083e-04,2.803752e-01,7.350795e-02,6.116556e-04,1.591008e-02,3.292785e-01,2.612151e-03,1.481188e-03,2.292725e-04
9.608027e-03,2.576970e-03,1.114378e-01,2.343976e-02,2.181846e-01,2.812695e-03,8.278494e-04,3.274958e-01,5.440348e-02,5.137774e-04,1.395234e-02,2.312317e-01,2.197276e-03,1.120138e-03,1.978700e-04
1.045140e-02,3.074491e-03,1.315588e-01,5.528751e-02,1.696082e-01,4.275170e-03,9.092169e-04,4.097705e-01,3.854700e-02,4.708141e-04,1.110249e-02,1.622138e-01,1.657980e-03,8.991607e-04,1.734488e-04
1.124282e-02,3.529559e-03,1.642128e-01,9.639867e-02,1.360445e-01,3.902338e-03,8.236281e-04,4.308247e-01,2.755018e-02,4.786886e-04,8.766951e-03,1.139092e-01,1.255649e-03,9.172105e-04,1.430598e-04
1.246226e-02,2.709410e-03,1.367502e-01,2.103705e-01,1.212282e-01,3.730131e-03,6.932300e-04,4.023278e-01,2.014957e-02,1.055823e-03,6.657262e-03,7.991713e-02,9.387626e-04,8.980501e-04,1.116420e-04
1.537361e-02,2.230246e-03,1.114849e-01,3.199407e-01,1.087463e-01,3.664043e-03,6.398783e-04,3.543496e-01,1.695898e-02,2.532885e-03,5.693823e-03,5.632468e-02,7.789850e-04,1.180143e-03,1.012318e-04
2.041436e-02,1.770624e-03,1.009113e-01,3.680131e-01,9.231957e-02,4.162133e-03,5.999694e-04,3.453920e-01,1.478406e-02,3.857048e-03,5.650060e-03,3.983166e-02,7.008119e-04,1.500907e-03,9.246965e-05
2.809157e-02,1.495145e-03,8.298542e-02,3.460174e-01,8.123697e-02,4.391505e-03,6.094152e-04,3.994594e-01,1.365490e-02,3.778579e-03,6.501704e-03,2.819891e-02,6.997904e-04,2.682225e-03,1.970389e-04
3.455247e-02,1.144211e-03,7.441153e-02,3.297188e-01,6.642787e-02,3.517702e-03,6.476501e-04,4.447152e-01,1.159939e-02,3.035456e-03,6.743455e-03,1.998516e-02,6.397902e-04,2.665401e-03,1.959976e-04
4.850066e-02,8.355799e-04,6.920842e-02,3.076462e-01,4.861755e-02,3.624133e-03,1.265818e-03,4.863131e-01,8.571860e-03,2.326393e-03,5.718625e-03,1.434318e-02,7.859453e-04,2.055479e-03,1.870132e-04
6.589891e-02,6.509732e-04,6.618461e-02,2.972274e-01,3.552704e-02,4.781924e-03,1.705619e-03,5.008311e-01,6.398826e-03,1.769851e-03,5.356891e-03,1.055302e-02,9.869513e-04,1.839184e-03,2.877258e-04
