1.000000e+00,0.000000e+00,0.000000e+00,0.000000e+00,0.000000e+00,0.000000e+00,0.000000e+00,0.000000e+00,0.000000e+00,0.000000e+00,0.000000e+00,0.000000e+00,0.000000e+00,0.000000e+00,0.000000e+00
1.000000e+00,0.000000e+00,0.000000e+00,0.000000e+00,0.000000e+00,0.000000e+00,0.000000e+00,0.000000e+00,0.000000e+00,0.000000e+00,0.000000e+00,0.000000e+00,0.000000e+00,0.000000e+00,0.000000e+00
1.000000e+00,0.000000e+00,0.000000e+00,0.000000e+00,0.000000e+00,0.000000e+00,0.000000e+00,0.000000e+00,0.000000e+00,0.000000e+00,0.000000e+00,0.000000e+00,0.000000e+00,0.000000e+00,0.000000e+00
1.000000e+00,0.000000e+00,0.000000e+00,0.000000e+00,0.000000e+00,0.000000e+00,0.000000e+00,0.000000e+00,0.000000e+00,0.000000e+00,0.000000e+00,0.000000e+00,0.000000e+00,0.000000e+00,0.000000e+00
1.000000e+00,0.000000e+00,0.000000e+00,0.000000e+00,0.000000e+00,0.000000e+00,0.000000e+00,0.000000e+00,0.000000e+00,0.000000e+00,0.000000e+00,0.000000e+00,0.000000e+00,0.000000e+00,0.000000e+00
1.000000e+00,0.000000e+00,0.000000e+00,0.000000e+00,0.000000e+00,0.000000e+00,0.000000e+00,0.000000e+00,0.000000e+00,0.000000e+00,0.000000e+00,0.000000e+00,0.000000e+00,0.000000e+00,0.000000e+00
1.000000e+00,0.000000e+00,0.000000e+00,0.000000e+00,0.000000e+00,0.000000e+00,0.000000e+00,0.000000e+00,0.000000e+00,0.000000e+00,0.000000e+00,0.000000e+00,0.000000e+00,0.000000e+00,0.000000e+00
1.000000e+00,0.000000e+00,0.000000e+00,0.000000e+00,0.000000e+00,0.000000e+00,0.000000e+00,0.000000e+00,0.000000e+00,0.000000e+00,0.000000e+00,0.000000e+00,0.000000e+00,0.000000e+00,0.000000e+00
1.000000e+00,0.000000e+00,0.000000e+00,0.000000e+00,0.000000e+00,0.000000e+00,0.000000e+00,0.000000e+00,0.000000e+00,0.000000e+00,0.000000e+00,0.000000e+00,0.000000e+00,0.000000e+00,0.000000e+00
1.000000e+00,0.000000e+00,0.000000e+00,0.000000e+00,0.000000e+00,0.000000e+00,0.000000e+00,0.000000e+00,0.000000e+00,0.000000e+00,0.000000e+00,0.000000e+00,0.000000e+00,0.000000e+00,0.000000e+00
1.000000e+00,0.000000e+00,0.000000e+00,0.000000e+00,0.000000e+00,0.000000e+00,0.000000e+00,0.000000e+00,0.000000e+00,0.000000e+00,0.000000e+00,0.000000e+00,0.000000e+00,0.000000e+00,0.000000e+00
1.000000e+00,0.000000e+00,0.000000e+00,0.000000e+00,0.000000e+00,0.000000e+00,0.000000e+00,0.000000e+00,0.000000e+00,0.000000e+00,0.000000e+00,0.000000e+00,0.000000e+00,0.000000e+00,0.000000e+00
1.000000e+00,0.000000e+00,0.000000e+00,0.000000e+00,0.000000e+00,0.000000e+00,0.000000e+00,0.000000e+00,0.000000e+00,0.000000e+00,0.000000e+00,0.000000e+00,0.000000e+00,0.000000e+00,0.000000e+00
1.000000e+00,0.000000e+00,0.000000e+00,0.000000e+00,0.000000e+00,0.000000e+00,0.000000e+00,0.000000e+00,0.000000e+00,0.000000e+00,0.000000e+00,0.000000e+00,0.000000e+00,0.000000e+00,0.000000e+00
1.000000e+00,0.000000e+00,0.000000e+00,0.000000e+00,0.000000e+00,0.000000e+00,0.000000e+00,0.000000e+00,0.000000e+00,0.000000e+00,0.000000e+00,0.000000e+00,0.000000e+00,0.000000e+00,0.000000e+00
1.000000e+00,0.000000e+00,0.000000e+00,0.000000e+00,0.000000e+00,0.000000e+00,0.000000e+00,0.000000e+00,0.000000e+00,0.000000e+00,0.000000e+00,0.000000e+00,0.000000e+00,0.000000e+00,0.000000e+00
1.000000e+00,0.000000e+00,0.000000e+00,0.000000e+00,0.000000e+00,0.000000e+00,0.000000e+00,0.000000e+00,0.000000e+00,0.000000e+00,0.000000e+00,0.000000e+00,0.000000e+00,0.000000e+00,0.000000e+00
1.000000e+00,0.000000e+00,0.000000e+00,0.000000e+00,0.000000e+00,0.000000e+00,0.000000e+00,0.000000e+00,0.000000e+00,0.000000e+00,0.000000e+00,0.000000e+00,0.000000e+00,0.000000e+00,0.000000e+00
1.000000e+00,0.000000e+00,0.000000e+00,0.000000e+00,0.000000e+00,0.000000e+00,0.000000e+00,0.000000e+00,0.000000e+00,0.000000e+00,0.000000e+00,0.000000e+00,0.000000e+00,0.000000e+00,0.000000e+00
1.000000e+00,0.000000e+00,0.000000e+00,0.000000e+00,0.000000e+00,0.000000e+00,0.000000e+00,0.000000e+00,0.000000e+00,0.000000e+00,0.000000e+00,0.000000e+00,0.000000e+00,0.000000e+00,0.000000e+00
1.000000e+00,0.000000e+00,0.000000e+00,0.000000e+00,0.000000e+00,0.000000e+00,0.000000e+00,0.000000e+00,0.000000e+00,0.000000e+00,0.000000e+00,0.000000e+00,0.000000e+00,0.000000e+00,0.000000e+00
1.000000e+00,0.000000e+00,0.000000e+00,0.000000e+00,0.000000e+00,0.000000e+00,0.000000e+00,0.000000e+00,0.000000e+00,0.000000e+00,0.000000e+00,0.000000e+00,0.000000e+00,0.000000e+00,0.000000e+00
1.000000e+00,0.000000e+00,0.000000e+00,0.000000e+00,0.000000e+00,0.000000e+00,0.000000e+00,0.000000e+00,0.000000e+00,0.000000e+00,0.000000e+00,0.000000e+00,0.000000e+00,0.000000e+00,0.000000e+00
1.000000e+00,0.000000e+00,0.000000e+00,0.000000e+00,0.000000e+00,0.000000e+00,0.000000e+00,0.000000e+00,0.000000e+00,0.000000e+00,0.000000e+00,0.000000e+00,0.000000e+00,0.000000e+00,0.000000e+00
1.000000e+00,0.000000e+00,0.000000e+00,0.000000e+00,0.000000e+00,0.000000e+00,0.000000e+00,0.000000e+00,0.000000e+00,0.000000e+00,0.000000e+00,0.000000e+00,0.000000e+00,0.000000e+00,0.000000e+00
1.000000e+00,0.000000e+00,0.000000e+00,0.000000e+00,0.000000e+00,0.000000e+00,0.000000e+00,0.000000e+00,0.000000e+00,0.000000e+00,0.000000e+00,0.000000e+00,0.000000e+00,0.000000e+00,0.000000e+00
1.000000e+00,0.000000e+00,0.000000e+00,0.000000e+00,0.000000e+00,0.000000e+00,0.000000e+00,0.000000e+00,0.000000e+00,0.000000e+00,0.000000e+00,0.000000e+00,0.000000e+00,0.000000e+00,0.000000e+00
1.000000e+00,0.000000e+00,0.000000e+00,0.000000e+00,0.000000e+00,0.000000e+00,0.000000e+00,0.000000e+00,0.000000e+00,0.000000e+00,0.000000e+00,0.000000e+00,0.000000e+00,0.000000e+00,0.000000e+00
1.000000e+00,0.000000e+00,0.000000e+00,0.000000e+00,0.000000e+00,0.000000e+00,0.000000e+00,0.000000e+00,0.000000e+00,0.000000e+00,0.000000e+00,0.000000e+00,0.000000e+00,0.000000e+00,0.000000e+00
1.000000e+00,0.000000e+00,0.000000e+00,0.000000e+00,0.000000e+00,0.000000e+00,0.000000e+00,0.000000e+00,0.000000e+00,0.000000e+00,0.000000e+00,0.000000e+00,0.000000e+00,0.000000e+00,0.000000e+00
1.000000e+00,0.000000e+00,0.000000e+00,0.000000e+00,0.000000e+00,0.000000e+00,0.000000e+00,0.000000e+00,0.000000e+00,0.000000e+00,0.000000e+00,0.000000e+00,0.000000e+00,0.000000e+00,0.000000e+00
1.000000e+00,0.000000e+00,0.000000e+00,0.000000e+00,0.000000e+00,0.000000e+00,0.000000e+00,0.000000e+00,0.000000e+00,0.000000e+00,0.000000e+00,0.000000e+00,0.000000e+00,0.000000e+00,0.000000e+00
1.000000e+00,0.000000e+00,0.000000e+00,0.000000e+00,0.000000e+00,0.000000e+00,0.000000e+00,0.000000e+00,0.000000e+00,0.000000e+00,0.000000e+00,0.000000e+00,0.000000e+00,0.000000e+00,0.000000e+00
1.000000e+00,0.000000e+00,0.000000e+00,0.000000e+00,0.000000e+00,0.000000e+00,0.000000e+00,0.000000e+00,0.000000e+00,0.000000e+00,0.000000e+00,0.000000e+00,0.000000e+00,0.000000e+00,0.000000e+00
1.000000e+00,0.000000e+00,0.000000e+00,0.000000e+00,0.000000e+00,0.000000e+00,0.000000e+00,0.000000e+00,0.000000e+00,0.000000e+00,0.000000e+00,0.000000e+00,0.000000e+00,0.000000e+00,0.000000e+00
1.000000e+00,0.000000e+00,0.000000e+00,0.000000e+00,0.000000e+00,0.000000e+00,0.000000e+00,0.000000e+00,0.000000e+00,0.000000e+00,0.000000e+00,0.000000e+00,0.000000e+00,0.000000e+00,0.000000e+00
1.000000e+00,0.000000e+00,0.000000e+00,0.000000e+00,0.000000e+00,0.000000e+00,0.000000e+00,0.000000e+00,0.000000e+00,0.000000e+00,0.000000e+00,0.000000e+00,0.000000e+00,0.000000e+00,0.000000e+00
1.000000e+00,0.000000e+00,0.000000e+00,0.000000e+00,0.000000e+00,0.000000e+00,0.000000e+00,0.000000e+00,0.000000e+00,0.000000e+00,0.000000e+00,0.000000e+00,0.000000e+00,0.000000e+00,0.000000e+00
1.000000e+00,0.000000e+00,0.000000e+00,0.000000e+00,0.000000e+00,0.000000e+00,0.000000e+00,0.000000e+00,0.000000e+00,0.000000e+00,0.000000e+00,0.000000e+00,0.000000e+00,0.000000e+00,0.000000e+00
1.000000e+00,0.000000e+00,0.000000e+00,0.000000e+00,0.000000e+00,0.000000e+00,0.000000e+00,0.000000e+00,0.000000e+00,0.000000e+00,0.000000e+00,0.000000e+00,0.000000e+00,0.000000e+00,0.000000e+00
1.000000e+00,0.000000e+00,0.000000e+00,0.000000e+00,0.000000e+00,0.000000e+00,0.000000e+00,0.000000e+00,0.000000e+00,0.000000e+00,0.000000e+00,0.000000e+00,0.000000e+00,0.000000e+00,0.000000e+00
4.946893e-01,2.514792e-02,1.272406e-01,1.976701e-01,9.646409e-03,1.860984e-02,4.500623e-03,2.705615e-02,8.504152e-03,1.621821e-03,1.573600e-02,3.115325e-02,1.581044e-02,3.274324e-03,1.933898e-02
1.000000e+00,0.000000e+00,0.000000e+00,0.000000e+00,0.000000e+00,0.000000e+00,0.000000e+00,0.000000e+00,0.000000e+00,0.000000e+00,0.000000e+00,0.000000e+00,0.000000e+00,0.000000e+00,0.000000e+00
1.000000e+00,0.000000e+00,0.000000e+00,0.000000e+00,0.000000e+00,0.000000e+00,0.000000e+00,0.000000e+00,0.000000e+00,0.000000e+00,0.000000e+00,0.000000e+00,0.000000e+00,0.000000e+00,0.000000e+00
1.000000e+00,0.000000e+00,0.000000e+00,0.000000e+00,0.000000e+00,0.000000e+00,0.000000e+00,0.000000e+00,0.000000e+00,0.000000e+00,0.000000e+00,0.000000e+00,0.000000e+00,0.000000e+00,0.000000e+00
1.000000e+00,0.000000e+00,0.000000e+00,0.000000e+00,0.000000e+00,0.000000e+00,0.000000e+00,0.000000e+00,0.000000e+00,0.000000e+00,0.000000e+00,0.000000e+00,0.000000e+00,0.000000e+00,0.000000e+00
1.000000e+00,0.000000e+00,0.000000e+00,0.000000e+00,0.000000e+00,0.000000e+00,0.000000e+00,0.000000e+00,0.000000e+00,0.000000e+00,0.000000e+00,0.000000e+00,0.000000e+00,0.000000e+00,0.000000e+00
1.000000e+00,0.000000e+00,0.000000e+00,0.000000e+00,0.000000e+00,0.000000e+00,0.000000e+00,0.000000e+00,0.000000e+00,0.000000e+00,0.000000e+00,0.000000e+00,0.000000e+00,0.000000e+00,0.000000e+00
1.000000e+00,0.000000e+00,0.000000e+00,0.000000e+00,0.000000e+00,0.000000e+00,0.000000e+00,0.000000e+00,0.000000e+00,0.000000e+00,0.000000e+00,0.000000e+00,0.000000e+00,0.000000e+00,0.000000e+00
1.000000e+00,0.000000e+00,0.000000e+00,0.000000e+00,0.000000e+00,0.000000e+00,0.000000e+00,0.000000e+00,0.000000e+00,0.000000e+00,0.000000e+00,0.000000e+00,0.000000e+00,0.000000e+00,0.000000e+00
1.000000e+00,0.000000e+00,0.000000e+00,0.000000e+00,0.000000e+00,0.000000e+00,0.000000e+00,0.000000e+00,0.000000e+00,0.000000e+00,0.000000e+00,0.000000e+00,0.000000e+00,0.000000e+00,0.000000e+00
1.000000e+00,0.000000e+00,0.000000e+00,0.000000e+00,0.000000e+00,0.000000e+00,0.000000e+00,0.000000e+00,0.000000e+00,0.000000e+00,0.000000e+00,0.000000e+00,0.000000e+00,0.000000e+00,0.000000e+00
1.000000e+00,0.000000e+00,0.000000e+00,0.000000e+00,0.000000e+00,0.000000e+00,0.000000e+00,0.000000e+00,0.000000e+00,0.000000e+00,0.000000e+00,0.000000e+00,0.000000e+00,0.000000e+00,0.000000e+00
1.000000e+00,0.000000e+00,0.000000e+00,0.000000e+00,0.000000e+00,0.000000e+00,0.000000e+00,0.000000e+00,0.000000e+00,0.000000e+00,0.000000e+00,0.000000e+00,0.000000e+00,0.000000e+00,0.000000e+00
1.000000e+00,0.000000e+00,0.000000e+00,0.000000e+00,0.000000e+00,0.000000e+00,0.000000e+00,0.000000e+00,0.000000e+00,0.000000e+00,0.000000e+00,0.000000e+00,0.000000e+00,0.000000e+00,0.000000e+00
1.000000e+00,0.000000e+00,0.000000e+00,0.000000e+00,0.000000e+00,0.000000e+00,0.000000e+00,0.000000e+00,0.000000e+00,0.000000e+00,0.000000e+00,0.000000e+00,0.000000e+00,0.000000e+00,0.000000e+00
1.000000e+00,0.000000e+00,0.000000e+00,0.000000e+00,0.000000e+00,0.000000e+00,0.000000e+00,0.000000e+00,0.000000e+00,0.000000e+00,0.000000e+00,0.000000e+00,0.000000e+00,0.000000e+00,0.000000e+00
1.000000e+00,0.000000e+00,0.000000e+00,0.000000e+00,0.000000e+00,0.000000e+00,0.000000e+00,0.000000e+00,0.000000e+00,0.000000e+00,0.000000e+00,0.000000e+00,0.000000e+00,0.000000e+00,0.000000e+00
1.000000e+00,0.000000e+00,0.000000e+00,0.000000e+00,0.000000e+00,0.000000e+00,0.000000e+00,0.000000e+00,0.000000e+00,0.000000e+00,0.000000e+00,0.000000e+00,0.000000e+00,0.000000e+00,0.000000e+00
1.000000e+00,0.000000e+00,0.000000e+00,0.000000e+00,0.000000e+00,0.000000e+00,0.000000e+00,0.000000e+00,0.000000e+00,0.000000e+00,0.000000e+00,0.000000e+00,0.000000e+00,0.000000e+00,0.000000e+00
4.302198e-01,1.178195e-02,1.241421e-01,1.238426e-01,2.877794e-02,1.198373e-02,2.706419e-03,2.238026e-01,2.178589e-03,9.132333e-04,6.786753e-03,1.383099e-02,9.782756e-03,1.098279e-03,8.152267e-03
3.031923e-01,8.766500e-03,9.285786e-02,9.451616e-02,2.726815e-02,9.647844e-03,2.091718e-03,4.290673e-01,1.556501e-03,6.897789e-04,6.267533e-03,9.801330e-03,7.760270e-03,7.818832e-04,5.734836e-03
2.126336e-01,6.257071e-03,6.521837e-02,7.007201e-02,2.561795e-01,7.355721e-03,1.852604e-03,3.315009e-01,1.144025e-03,5.067332e-04,2.592475e-02,7.339215e-03,8.512966e-03,7.956267e-04,4.706908e-03
1.489386e-01,4.501820e-03,4.711230e-02,6.271894e-02,2.200043e-01,5.515918e-03,1.879409e-03,2.907646e-01,1.843404e-03,1.411239e-03,1.114038e-01,6.319647e-02,1.765255e-02,1.917268e-02,3.884060e-03
1.043341e-01,3.219435e-03,3.343444e-02,6.266138e-02,1.610753e-01,4.158743e-03,1.477574e-03,2.066695e-01,3.534647e-03,1.495050e-03,1.511590e-01,2.275370e-01,1.752480e-02,1.866977e-02,3.049252e-03
7.319289e-02,2.393581e-03,2.353018e-02,4.817236e-02,1.180047e-01,3.315401e-03,2.076623e-03,1.453987e-01,4.304170e-03,2.469435e-03,1.558868e-01,3.828092e-01,1.512489e-02,2.060524e-02,2.715775e-03
5.136360e-02,1.889792e-03,1.658778e-02,3.539440e-02,8.869557e-02,3.121642e-03,1.826736e-03,1.029625e-01,5.897834e-03,2.523014e-03,1.858208e-01,4.677811e-01,1.216662e-02,2.157068e-02,2.397958e-03
3.599288e-02,1.351146e-03,1.172245e-02,2.501425e-02,6.763972e-02,2.989333e-03,1.417069e-03,7.223672e-02,5.943977e-03,2.414790e-03,2.953894e-01,4.302544e-01,9.268891e-03,3.653688e-02,1.828163e-03
2.524299e-02,1.009542e-03,8.303529e-03,1.801994e-02,5.283354e-02,3.155492e-03,1.224280e-03,5.075945e-02,5.080641e-03,2.243470e-03,4.120443e-01,3.476449e-01,7.273764e-03,6.372496e-02,1.439257e-03
1.771590e-02,7.619727e-04,5.966437e-03,1.305054e-02,3.935859e-02,5.957121e-03,1.094561e-03,3.584513e-02,4.574484e-03,1.817314e-03,4.621316e-01,3.330397e-01,5.720046e-03,7.190484e-02,1.061836e-03
1.245974e-02,6.886376e-04,4.268131e-03,9.824513e-03,2.902839e-02,4.794852e-03,8.257879e-04,2.547261e-02,8.220494e-03,1.439142e-03,4.976702e-01,3.223100e-01,4.855740e-03,7.735739e-02,7.844223e-04
8.784550e-03,5.532553e-04,3.068749e-03,7.482835e-03,2.101407e-02,4.253239e-03,6.364539e-04,1.802126e-02,1.061679e-02,1.201631e-03,5.660266e-01,2.631127e-01,3.971988e-03,9.063160e-02,6.243645e-04
6.191109e-03,5.436475e-04,2.205761e-03,5.600418e-03,1.541352e-02,3.472769e-03,4.725721e-04,1.277641e-02,3.048465e-02,9.668883e-04,5.861494e-01,2.134834e-01,3.165929e-03,1.185732e-01,5.003376e-04
4.496386e-03,7.025576e-04,1.768124e-03,4.636756e-03,1.129773e-02,4.816370e-03,3.582881e-04,9.275477e-03,6.477966e-02,8.733218e-04,5.678458e-01,1.620358e-01,2.529360e-03,1.641576e-01,4.267548e-04
3.215737e-03,8.802915e-04,1.589334e-03,3.665698e-03,8.205697e-03,3.691909e-03,2.539411e-04,6.654662e-03,1.264588e-01,7.388752e-04,5.363965e-01,1.312248e-01,1.965248e-03,1.747345e-01,3.238973e-04
2.356367e-03,3.963737e-03,3.136907e-03,2.967005e-03,5.912708e-03,6.161523e-03,1.846475e-04,4.891403e-03,1.967546e-01,9.949908e-04,4.834023e-01,9.996422e-02,1.488469e-03,1.875429e-01,2.782297e-04
1.736726e-03,8.476300e-03,4.851150e-03,3.208007e-03,4.449075e-03,1.107052e-02,1.367540e-04,3.910114e-03,3.106020e-01,1.059646e-03,3.867937e-01,7.379722e-02,1.098437e-03,1.885175e-01,2.928322e-04
1.328536e-03,9.267837e-03,4.725265e-03,2.968413e-03,3.711422e-03,1.611925e-02,9.874410e-05,3.330320e-03,4.393122e-01,1.183996e-03,3.156882e-01,5.310421e-02,7.927720e-04,1.480525e-01,3.163133e-04
1.042516e-03,8.331289e-03,4.190307e-03,2.341126e-03,2.813081e-03,1.502333e-02,7.067892e-05,2.688451e-03,5.583183e-01,1.021377e-03,2.443678e-01,3.795394e-02,5.749810e-04,1.209518e-01,3.110042e-04
1.074504e-03,1.076309e-02,7.680755e-03,2.250387e-03,2.705833e-03,3.290994e-02,5.592845e-05,2.823985e-03,5.898952e-01,1.577644e-03,2.015145e-01,2.769409e-02,5.126870e-04,1.181460e-01,3.953935e-04
1.279852e-03,1.139998e-02,9.470498e-03,1.770588e-03,2.134179e-03,3.742613e-02,4.095987e-05,2.281765e-03,6.495056e-01,1.465000e-03,1.503390e-01,1.973813e-02,4.075346e-04,1.123299e-01,4.109524e-04
1.892551e-03,1.437476e-02,1.023578e-02,1.399632e-03,1.880324e-03,4.040738e-02,3.095498e-05,1.904366e-03,6.930155e-01,1.503625e-03,1.123708e-01,1.400297e-02,3.421686e-04,1.057110e-01,9.282370e-04
4.022169e-03,1.261848e-02,1.190965e-02,1.681521e-03,2.919260e-03,3.934225e-02,2.930521e-05,4.638006e-03,7.284928e-01,1.863299e-03,9.602202e-02,9.930976e-03,3.429392e-04,8.473112e-02,1.456212e-03
5.393738e-03,1.108102e-02,9.544842e-03,1.581477e-03,2.735001e-03,5.317881e-02,2.979031e-05,7.316096e-03,7.450181e-01,2.369692e-03,8.744679e-02,6.992904e-03,2.912623e-04,6.507963e-02,1.940941e-03
8.223315e-03,9.254009e-03,8.044451e-03,1.294407e-03,3.190896e-03,5.973625e-02,3.311931e-05,9.576464e-03,7.470477e-01,2.553026e-03,8.878687e-02,5.019190e-03,2.937217e-04,5.369839e-02,3.248220e-03
1.198788e-02,1.010725e-02,8.297815e-03,1.151711e-03,3.816107e-03,7.295591e-02,3.731271e-05,2.204318e-02,6.846023e-01,2.262735e-03,1.277010e-01,3.744677e-03,2.831296e-04,4.750068e-02,3.508365e-03
1.865701e-02,1.121771e-02,8.743200e-03,1.227648e-03,5.461821e-03,6.954589e-02,5.557783e-05,2.998733e-02,6.096616e-01,2.480555e-03,1.930120e-01,2.845130e-03,3.768858e-04,4.065233e-02,6.075315e-03
2.323674e-02,1.157159e-02,1.256534e-02,1.235058e-03,7.292894e-03,7.017470e-02,1.016449e-04,5.212770e-02,5.264945e-01,2.204592e-03,2.445316e-01,2.124943e-03,4.277615e-04,3.997562e-02,5.935391e-03
2.640506e-02,1.024838e-02,1.524534e-02,1.296278e-03,7.279819e-03,6.350270e-02,9.281504e-05,5.425998e-02,4.770986e-01,1.856185e-03,2.996970e-01,1.634532e-03,3.810838e-04,3.572727e-02,5.274969e-03
3.287466e-02,1.210316e-02,2.971730e-02,2.475226e-03,9.332620e-03,5.540346e-02,1.211576e-04,6.186849e-02,4.514023e-01,1.563519e-03,2.982731e-01,1.385793e-03,4.239971e-04,3.847340e-02,4.581855e-03
6.190377e-02,1.516029e-02,3.939407e-02,4.105903e-03,1.018435e-02,5.088210e-02,3.703800e-04,5.664353e-02,3.602057e-01,1.830224e-03,3.511747e-01,2.285103e-03,7.663637e-04,3.919109e-02,5.902487e-03
7.712460e-02,3.055631e-02,4.063639e-02,1.529615e-02,1.785673e-02,5.254542e-02,5.470185e-04,7.846040e-02,2.962131e-01,4.279706e-03,3.120445e-01,3.353235e-03,1.899418e-03,3.925276e-02,2.993425e-02
8.892186e-02,4.552937e-02,6.138259e-02,5.941084e-02,3.241830e-02,4.063713e-02,1.045035e-03,1.383462e-01,2.335520e-01,4.040820e-03,2.223951e-01,6.150520e-03,2.854501e-03,3.376736e-02,2.954838e-02
1.124273e-01,6.341434e-02,7.677120e-02,5.719208e-02,3.913446e-02,4.005830e-02,1.514855e-03,1.665362e-01,2.104222e-01,4.246938e-03,1.623438e-01,6.784001e-03,3.213059e-03,3.084904e-02,2.509220e-02
1.331562e-01,7.202199e-02,9.385184e-02,5.256641e-02,3.340358e-02,3.509978e-02,1.773507e-03,2.092667e-01,1.863422e-01,5.908868e-03,1.161047e-01,8.003033e-03,3.433883e-03,2.492522e-02,2.414223e-02
1.724073e-01,6.194139e-02,1.447236e-01,4.671581e-02,3.177697e-02,2.753002e-02,2.698563e-03,2.117591e-01,1.498167e-01,5.266782e-03,8.439288e-02,6.830249e-03,3.281419e-03,3.084877e-02,2.001038e-02
1.919975e-01,4.572526e-02,2.216779e-01,4.320413e-02,2.737474e-02,2.247940e-02,3.918214e-03,2.119846e-01,1.144304e-01,5.406024e-03,6.101955e-02,5.513443e-03,2.871169e-03,2.564323e-02,1.675447e-02
2.737255e-01,3.795063e-02,1.975706e-01,4.181265e-02,3.812467e-02,1.942389e-02,4.343031e-03,1.966057e-01,9.520510e-02,5.857712e-03,4.550006e-02,5.254343e-03,2.596441e-03,2.249315e-02,1.353653e-02
3.449309e-01,3.681748e-02,1.636855e-01,3.957523e-02,5.739275e-02,2.167133e-02,4.226224e-03,1.574313e-01,9.113414e-02,6.927243e-03,3.733941e-02,5.602982e-03,2.554671e-03,1.893798e-02,1.177276e-02
3.701077e-01,3.874478e-02,1.570524e-01,4.342084e-02,6.316830e-02,2.547489e-02,4.185355e-03,1.344760e-01,7.996446e-02,9.572588e-03,3.393986e-02,6.631371e-03,2.513865e-03,1.628961e-02,1.445796e-02
3.001252e-01,3.538083e-02,1.496039e-01,5.450400e-02,4.792439e-02,2.838033e-02,3.329104e-03,9.706811e-02,7.370105e-02,2.871825e-02,3.415047e-02,1.305263e-02,4.023897e-03,2.756800e-02,1.024698e-01
2.356311e-01,3.084834e-02,1.168883e-01,4.138576e-02,3.424881e-02,3.093133e-02,2.525081e-03,6.912754e-02,6.689606e-02,5.118079e-02,3.563451e-02,1.570127e-02,7.532832e-03,4.166076e-02,2.198075e-01
1.799019e-01,2.938569e-02,8.628697e-02,3.072252e-02,2.419741e-02,2.432713e-02,1.997848e-03,4.890595e-02,8.765584e-02,9.107141e-02,3.236718e-02,1.363987e-02,8.776990e-03,5.059189e-02,2.901714e-01
1.482391e-01,2.244694e-02,6.696219e-02,2.183762e-02,1.711631e-02,2.092692e-02,1.491972e-03,3.447449e-02,7.853838e-02,1.537577e-01,2.701277e-02,1.010270e-02,6.926933e-03,6.568369e-02,3.244823e-01
1.114226e-01,1.693044e-02,4.790990e-02,1.540015e-02,1.206727e-02,1.743695e-02,1.154608e-03,2.443425e-02,8.450266e-02,2.595096e-01,2.088744e-02,8.186637e-03,6.044205e-03,6.934475e-02,3.047687e-01
8.102154e-02,1.472792e-02,3.402855e-02,1.112954e-02,8.484664e-03,1.275270e-02,8.249733e-04,1.715774e-02,1.304861e-01,3.424549e-01,1.598318e-02,6.161751e-03,4.865213e-03,5.976849e-02,2.601528e-01
5.928555e-02,1.394780e-02,2.418727e-02,7.895182e-03,5.996689e-03,9.692543e-03,6.441898e-04,1.215984e-02,1.126254e-01,3.810567e-01,1.345623e-02,4.934091e-03,5.119517e-03,6.800820e-02,2.809908e-01
4.261673e-02,2.462064e-02,2.049702e-02,8.231923e-03,4.342392e-03,7.549651e-03,5.020114e-04,8.698012e-03,1.678002e-01,3.504353e-01,1.276815e-02,4.556619e-03,9.159391e-03,5.114834e-02,2.870736e-01
3.024506e-02,2.058179e-02,1.492038e-02,6.230773e-03,3.101480e-03,5.603762e-03,4.406581e-04,6.207320e-03,1.687280e-01,3.124891e-01,1.916547e-02,5.301975e-03,1.672212e-02,5.195379e-02,3.383084e-01
2.167389e-02,2.285285e-02,1.385830e-02,7.944169e-03,2.302295e-03,4.313159e-03,3.539044e-04,4.407579e-03,1.777774e-01,2.868400e-01,3.600283e-02,9.886486e-03,4.932522e-02,3.982012e-02,3.226418e-01
1.719054e-02,2.121093e-02,1.130735e-02,7.489766e-03,2.266332e-03,4.074888e-03,5.415227e-04,4.844947e-03,1.466508e-01,2.021804e-01,7.031974e-02,1.075194e-02,1.167818e-01,3.045994e-02,3.539290e-01
1.424370e-02,2.271860e-02,1.935695e-02,1.949480e-02,4.368872e-03,4.398711e-03,5.261481e-04,9.159485e-03,1.495174e-01,1.429459e-01,6.846678e-02,1.018083e-02,1.350092e-01,2.307721e-02,3.765355e-01
1.657164e-02,3.315051e-02,3.868758e-02,9.263956e-02,1.441273e-02,5.853491e-03,9.863186e-04,1.011468e-02,2.230097e-01,1.009326e-01,4.947918e-02,8.008070e-03,9.812983e-02,1.661212e-02,2.914121e-01
1.768002e-02,6.110083e-02,4.340937e-02,8.372550e-02,2.767659e-02,9.584228e-03,1.492921e-03,1.112974e-02,3.223566e-01,7.188769e-02,3.544762e-02,6.013147e-03,7.027386e-02,1.197186e-02,2.262501e-01
1.864772e-02,6.996638e-02,7.927404e-02,1.925792e-01,2.785089e-02,7.807826e-03,1.331518e-03,1.903543e-02,2.614386e-01,5.578993e-02,2.595214e-02,4.434277e-03,4.979056e-02,8.582637e-03,1.775188e-01
1.701128e-02,5.747495e-02,9.201559e-02,3.278065e-01,3.068926e-02,7.141229e-03,1.362318e-03,1.706617e-02,2.070682e-01,4.137337e-02,1.961727e-02,3.312002e-03,3.523096e-02,6.136904e-03,1.366940e-01
1.757694e-02,5.107724e-02,1.385261e-01,3.891762e-01,3.020565e-02,7.818943e-03,1.371933e-03,1.465561e-02,1.659043e-01,3.187459e-02,1.514130e-02,2.413640e-03,2.484469e-02,4.413467e-03,1.049994e-01
3.057943e-02,3.880038e-02,1.679839e-01,4.123696e-01,3.295617e-02,6.698099e-03,1.677120e-03,2.696863e-02,1.377889e-01,2.530248e-02,1.729769e-02,2.553921e-03,2.036425e-02,3.245961e-03,7.541354e-02
3.903842e-02,3.014515e-02,1.450717e-01,2.940172e-01,6.044678e-02,5.375412e-03,1.940820e-03,1.991550e-01,1.152176e-01,1.821412e-02,1.691403e-02,2.092029e-03,1.645694e-02,2.394269e-03,5.352065e-02
3.310362e-02,2.217241e-02,1.080316e-01,2.077199e-01,5.078734e-02,4.200889e-03,3.759100e-03,4.050365e-01,8.283504e-02,1.308086e-02,1.466474e-02,1.653925e-03,1.257180e-02,1.777388e-03,3.860496e-02
2.768889e-02,1.580431e-02,7.648017e-02,1.460766e-01,4.170305e-02,5.142180e-03,3.295885e-03,5.665092e-01,5.829510e-02,9.290537e-03,1.077093e-02,1.296861e-03,9.244781e-03,1.268625e-03,2.713285e-02
2.515201e-02,1.147452e-02,5.412152e-02,1.027955e-01,3.676620e-02,7.455307e-03,2.976243e-03,6.744181e-01,4.118363e-02,6.579596e-03,7.908276e-03,1.188103e-03,7.839354e-03,9.133701e-04,1.922828e-02
4.514319e-02,8.494825e-03,3.968296e-02,7.378913e-02,2.807547e-02,1.075378e-02,3.457797e-03,6.445346e-01,3.063014e-02,4.999823e-03,2.418726e-02,1.292975e-02,5.762986e-02,1.102293e-03,1.458914e-02
3.505294e-02,6.001676e-03,2.819652e-02,5.397795e-02,2.027921e-02,9.141602e-03,3.043986e-03,5.410237e-01,2.194172e-02,4.635130e-03,3.857987e-02,2.862045e-02,1.965556e-01,1.549112e-03,1.140060e-02
2.648994e-02,4.277365e-03,2.004322e-02,4.072761e-02,1.499417e-02,9.138624e-03,1.156769e-02,4.064611e-01,1.682049e-02,4.028469e-03,3.331359e-02,1.583007e-01,2.399842e-01,5.454355e-03,8.398579e-03
2.106111e-02,3.245091e-03,1.434690e-02,2.972359e-02,1.152864e-02,7.875907e-03,2.146095e-02,2.995314e-01,1.449236e-02,4.154263e-03,3.984305e-02,3.016119e-01,1.830266e-01,4.182438e-02,6.273886e-03
1.622189e-02,2.327242e-03,1.012849e-02,2.123448e-02,8.621470e-03,6.492607e-03,1.885347e-02,2.200382e-01,1.092535e-02,3.702855e-03,4.732637e-02,4.258842e-01,1.344383e-01,6.921956e-02,4.585467e-03
1.157076e-02,1.664741e-03,7.126163e-03,1.510977e-02,6.451137e-03,4.991758e-03,1.345586e-02,1.551708e-01,8.236119e-03,3.625681e-03,6.068605e-02,5.470519e-01,9.546908e-02,6.614758e-02,3.242637e-03
8.131068e-03,1.191938e-03,5.007306e-03,1.072850e-02,4.973636e-03,3.579343e-03,9.496232e-03,1.092541e-01,7.067291e-03,3.140060e-03,5.215950e-02,6.608921e-01,6.818412e-02,5.389900e-02,2.295847e-03
5.702537e-03,9.333768e-04,3.514534e-03,7.765782e-03,4.406068e-03,2.509679e-03,6.650870e-03,7.654078e-02,1.244299e-02,2.329975e-03,4.192359e-02,7.365816e-01,4.816559e-02,4.868148e-02,1.851234e-03
4.004223e-03,6.823116e-04,2.508119e-03,5.669098e-03,4.133761e-03,1.815032e-03,4.677627e-03,5.366846e-02,3.263655e-02,1.993805e-03,4.389522e-02,7.713711e-01,3.404035e-02,3.748810e-02,1.416301e-03
2.847678e-03,5.100198e-04,1.791392e-03,4.234347e-03,3.431208e-03,1.469606e-03,3.304115e-03,3.769200e-02,4.418869e-02,1.644143e-03,3.767400e-02,8.061016e-01,2.426470e-02,2.975499e-02,1.091504e-03
2.053073e-03,3.801138e-04,1.269619e-03,3.035212e-03,2.595224e-03,1.232954e-03,2.315746e-03,2.641773e-02,1.334674e-01,1.377564e-03,3.318827e-02,7.485347e-01,1.754517e-02,2.579962e-02,7.876115e-04
1.455928e-03,3.551361e-04,9.944822e-04,2.169151e-03,2.234527e-03,9.560973e-04,1.622304e-03,1.852425e-02,3.351140e-01,1.024079e-03,3.953933e-02,5.597488e-01,1.253277e-02,2.315391e-02,5.752140e-04
1.031659e-03,4.315492e-04,1.704016e-03,1.704418e-03,2.113543e-03,8.747092e-04,1.138674e-03,1.300491e-02,5.232510e-01,8.500749e-04,3.104366e-02,3.950451e-01,8.796201e-03,1.860169e-02,4.088494e-04
7.651501e-04,4.233198e-04,3.112659e-03,1.394689e-03,2.225993e-03,1.026419e-03,8.002364e-04,9.192174e-03,6.426620e-01,1.440422e-03,3.052632e-02,2.778515e-01,7.209378e-03,2.105922e-02,3.104967e-04
6.342002e-04,4.792316e-04,4.882676e-03,1.101707e-03,1.724276e-03,2.967480e-03,5.631155e-04,6.498676e-03,7.325395e-01,1.495661e-03,2.476737e-02,1.948563e-01,5.426887e-03,2.175978e-02,3.031921e-04
1.545989e-03,5.912386e-04,6.226859e-03,1.595343e-03,1.896782e-03,4.171355e-02,5.468804e-04,5.135191e-03,7.119995e-01,2.093647e-03,3.549574e-02,1.386416e-01,6.449245e-03,4.550350e-02,5.649268e-04
3.854105e-03,6.818946e-04,1.016721e-02,2.839220e-03,1.876101e-03,7.908185e-02,8.344182e-04,8.210413e-03,6.478442e-01,4.077530e-03,5.546586e-02,1.002487e-01,8.016256e-03,7.614823e-02,6.540110e-04
5.129547e-03,5.500004e-03,1.372778e-02,6.643664e-03,4.321225e-03,6.983012e-02,1.099252e-03,1.590569e-02,6.724692e-01,3.607000e-03,5.128689e-02,7.132248e-02,7.489031e-03,7.088020e-02,7.879479e-04
1.019097e-02,4.720503e-03,5.026675e-02,2.918324e-02,8.354886e-03,5.321933e-02,3.161309e-03,1.478494e-01,5.306498e-01,3.422883e-03,4.597370e-02,5.172519e-02,7.037934e-03,5.350373e-02,7.404699e-04
3.232285e-02,6.220311e-03,1.274052e-01,5.882429e-02,2.870987e-02,4.812326e-02,2.925485e-03,1.136106e-01,4.608628e-01,3.220734e-03,3.513601e-02,3.651188e-02,5.297334e-03,3.949524e-02,1.334204e-03
4.324576e-02,1.231505e-02,1.310376e-01,1.068727e-01,6.660922e-02,6.742167e-02,5.301368e-03,8.240034e-02,3.950338e-01,2.650286e-03,2.641506e-02,2.561840e-02,4.287259e-03,2.909389e-02,1.697659e-03
5.198335e-02,1.625923e-02,1.040885e-01,1.541513e-01,9.572600e-02,7.774195e-02,5.348931e-03,6.002411e-02,3.615083e-01,3.767568e-03,2.057872e-02,1.797001e-02,4.713507e-03,2.163220e-02,4.506440e-03
8.661109e-02,1.621106e-02,7.491472e-02,1.445044e-01,2.062146e-01,8.105959e-02,6.434176e-03,4.267412e-02,2.817505e-01,2.793098e-03,1.752304e-02,1.271494e-02,4.492318e-03,1.702234e-02,5.080083e-03
8.626204e-02,3.255014e-02,5.686457e-02,2.215733e-01,2.297737e-01,7.271002e-02,7.947981e-03,3.598532e-02,2.088275e-01,2.089624e-03,1.418488e-02,9.322152e-03,3.817890e-03,1.361190e-02,4.479029e-03
7.897830e-02,3.286976e-02,5.238029e-02,3.391001e-01,1.977725e-01,5.612785e-02,7.783999e-03,3.706182e-02,1.592057e-01,1.828201e-03,1.234550e-02,6.812647e-03,3.299905e-03,1.012123e-02,4.312280e-03
6.914091e-02,2.390074e-02,3.870974e-02,2.498721e-01,1.966085e-01,4.045322e-02,6.208579e-03,2.313707e-01,1.142875e-01,1.300688e-03,1.031525e-02,4.904575e-03,2.647910e-03,7.170738e-03,3.108929e-03
5.407830e-02,1.700917e-02,2.801471e-02,1.776745e-01,1.705857e-01,2.884020e-02,4.706910e-03,4.171494e-01,8.046092e-02,9.164734e-04,7.908737e-03,3.452313e-03,1.964717e-03,5.041180e-03,2.196898e-03
3.888455e-02,1.198547e-02,1.984418e-02,1.252855e-01,1.278274e-01,2.054011e-02,3.541148e-03,5.802042e-01,5.640874e-02,6.460662e-04,5.781093e-03,2.434327e-03,1.523568e-03,3.544256e-03,1.549434e-03
2.812696e-02,8.449119e-03,1.402461e-02,8.828402e-02,9.326401e-02,1.457116e-02,2.669195e-03,7.000924e-01,3.951675e-02,4.600787e-04,4.117269e-03,1.712908e-03,1.129828e-03,2.487324e-03,1.094419e-03
2.119486e-02,6.043193e-03,9.987053e-03,6.241690e-02,6.975781e-02,1.048331e-02,2.076921e-03,7.823510e-01,2.771493e-02,3.334686e-04,3.003982e-03,1.219908e-03,8.741860e-04,1.756333e-03,7.861539e-04
1.774582e-02,4.269382e-03,7.054678e-03,4.428652e-02,5.367134e-02,7.607195e-03,1.605040e-03,8.384393e-01,1.942854e-02,2.360973e-04,2.242637e-03,8.867420e-04,7.332220e-04,1.234319e-03,5.590851e-04
1.495278e-02,3.022492e-03,4.997207e-03,3.144475e-02,4.346831e-02,5.509899e-03,1.305130e-03,8.773103e-01,1.362053e-02,1.671591e-04,1.689110e-03,6.379036e-04,6.091269e-04,8.684510e-04,3.967817e-04
1.369471e-02,2.215661e-03,3.638359e-03,2.241081e-02,3.617321e-02,4.294048e-03,1.164343e-03,9.033700e-01,9.581286e-03,1.225423e-04,1.282941e-03,5.049128e-04,6.156708e-04,6.219416e-04,3.095046e-04
1.454914e-02,1.644896e-03,3.106506e-03,1.651114e-02,3.379669e-02,3.391839e-03,1.331153e-03,9.159976e-01,6.738498e-03,9.470587e-05,9.939313e-04,5.077097e-04,6.409290e-04,4.485187e-04,2.467569e-04
1.783881e-02,1.301788e-03,3.853891e-03,1.246317e-02,3.585837e-02,3.099630e-03,2.060342e-03,9.155002e-01,4.759846e-03,9.529314e-05,8.639555e-04,7.827412e-04,9.319200e-04,3.473616e-04,2.427207e-04
3.022972e-02,1.076218e-03,5.346294e-03,9.607824e-03,3.240751e-02,3.714934e-03,3.181283e-03,9.067150e-01,3.387712e-03,1.017563e-04,7.932345e-04,1.208890e-03,1.517012e-03,3.042871e-04,4.084121e-04
4.775592e-02,9.877294e-04,7.587406e-03,7.732063e-03,2.890521e-02,4.774963e-03,4.550482e-03,8.878793e-01,2.463616e-03,2.132834e-04,9.775260e-04,2.128801e-03,2.736603e-03,3.526309e-04,9.545253e-04
6.330790e-02,9.776790e-04,7.973053e-03,6.728494e-03,2.621717e-02,5.563337e-03,6.421481e-03,8.723747e-01,1.808462e-03,3.119172e-04,1.081084e-03,2.228059e-03,3.177444e-03,4.080627e-04,1.421207e-03
1.221611e-01,1.246082e-03,9.049909e-03,6.731569e-03,2.650589e-02,6.809302e-03,7.857835e-03,8.040054e-01,1.651029e-03,6.291855e-04,1.288977e-03,4.344326e-03,4.286346e-03,7.391980e-04,2.693938e-03
1.682637e-01,1.614743e-03,9.206346e-03,6.647500e-03,2.615575e-02,7.828930e-03,8.341969e-03,7.515670e-01,1.461126e-03,1.010724e-03,1.520177e-03,5.475673e-03,5.007816e-03,1.139642e-03,4.758906e-03
1.815506e-01,1.685146e-03,8.461066e-03,6.351817e-03,2.516229e-02,1.536021e-02,9.850804e-03,7.297001e-01,1.629941e-03,1.026302e-03,1.761086e-03,5.531252e-03,4.896439e-03,1.323229e-03,5.709804e-03
1.855078e-01,1.832537e-03,7.563697e-03,5.840144e-03,2.310205e-02,1.826571e-02,9.619638e-03,7.263213e-01,1.473153e-03,9.930336e-04,1.940275e-03,5.220063e-03,4.637909e-03,1.433015e-03,6.249689e-03
2.149491e-01,2.098152e-03,6.919164e-03,6.810675e-03,2.065900e-02,2.060876e-02,9.311327e-03,6.945537e-01,1.494993e-03,1.125767e-03,1.964658e-03,5.796304e-03,4.788166e-03,1.536893e-03,7.383394e-03
2.379270e-01,6.509302e-03,1.097537e-02,2.203645e-02,1.772300e-02,7.564045e-02,7.819286e-03,5.095992e-01,9.253925e-03,1.178210e-02,1.045794e-02,1.777977e-02,2.354776e-02,3.997758e-03,3.495078e-02
2.784376e-01,1.415008e-02,1.013167e-02,2.934100e-02,1.727944e-02,7.243089e-02,7.827898e-03,3.861719e-01,1.853338e-02,1.480891e-02,1.422466e-02,2.258508e-02,3.761303e-02,4.838394e-03,7.162616e-02
2.356376e-01,1.855035e-02,8.746649e-03,3.225701e-02,1.465876e-02,8.911914e-02,9.385058e-03,2.811424e-01,4.189542e-02,1.493977e-02,1.261508e-02,1.863736e-02,1.516229e-01,4.088963e-03,6.670357e-02
2.515625e-01,1.444575e-02,6.987570e-03,2.786656e-02,1.358566e-02,7.857526e-02,8.006495e-03,2.240539e-01,3.168777e-02,1.080095e-02,9.953558e-03,1.405985e-02,2.554945e-01,3.024863e-03,4.989481e-02
2.106588e-01,1.081583e-02,5.326733e-03,2.048426e-02,1.103293e-02,6.123641e-02,6.591890e-03,1.634170e-01,2.371843e-02,8.283627e-03,8.044380e-03,1.057252e-02,4.059033e-01,2.207670e-03,5.170622e-02
1.527783e-01,7.911694e-03,4.033977e-03,1.460129e-02,8.349916e-03,4.702849e-02,6.134867e-03,1.159171e-01,1.707543e-02,6.164244e-03,6.074517e-03,7.835913e-03,4.842140e-01,1.593770e-03,1.202865e-01
1.085347e-01,5.688098e-03,2.900369e-03,1.029061e-02,6.314376e-03,3.463456e-02,5.240768e-03,8.160578e-02,1.260226e-02,4.504289e-03,4.470549e-03,5.716518e-03,5.305399e-01,1.146991e-03,1.858103e-01
7.648235e-02,4.104936e-03,2.206343e-03,7.246054e-03,4.747572e-03,2.532888e-02,4.618193e-03,5.719306e-02,9.838679e-03,3.770598e-03,3.425353e-03,4.368570e-03,5.422243e-01,8.638584e-04,2.535812e-01
5.400648e-02,3.043178e-03,2.256663e-03,5.163550e-03,3.543902e-03,1.904576e-02,4.839110e-03,4.011115e-02,8.433806e-03,3.429274e-03,2.726096e-03,3.338220e-03,5.987130e-01,7.052885e-04,2.506445e-01
3.786602e-02,2.211522e-03,1.865896e-03,3.657815e-03,2.565713e-03,1.385016e-02,4.220899e-03,2.816393e-02,6.445090e-03,3.101351e-03,2.025260e-03,2.491348e-03,5.692621e-01,5.053923e-04,3.217674e-01
2.656677e-02,1.635631e-03,1.480434e-03,2.606377e-03,1.836819e-03,1.046346e-02,3.798132e-03,1.978495e-02,4.845561e-03,3.006358e-03,1.553671e-03,1.955122e-03,5.369307e-01,3.595705e-04,3.831764e-01
1.867843e-02,1.254013e-03,1.192891e-03,1.872926e-03,1.337425e-03,8.199625e-03,5.021021e-03,1.392892e-02,3.896900e-03,3.662800e-03,1.261129e-03,1.609629e-03,5.037448e-01,2.594409e-04,4.340800e-01
1.314058e-02,9.727650e-04,1.174937e-03,1.567285e-03,1.380117e-03,6.222347e-03,6.702455e-02,1.096595e-02,3.338590e-03,4.636960e-03,1.253723e-03,1.578811e-03,4.362686e-01,1.918992e-04,4.502829e-01
9.377728e-03,7.662507e-04,9.985218e-04,1.371966e-03,1.202161e-03,5.279140e-03,8.184810e-02,7.954328e-03,3.331271e-03,7.292171e-03,1.521481e-03,2.475787e-03,4.736932e-01,1.496625e-04,4.027382e-01
6.857893e-03,7.178734e-04,9.159168e-04,1.266154e-03,9.524984e-04,4.582730e-03,7.365237e-02,5.664557e-03,3.991133e-03,1.276092e-02,1.674153e-03,3.870906e-03,5.683987e-01,1.297733e-04,3.145644e-01
5.261525e-03,7.201167e-04,1.041849e-03,1.175761e-03,7.754746e-04,3.930369e-03,5.739861e-02,4.048559e-03,3.927163e-03,1.583606e-02,2.008987e-03,1.402640e-02,6.353906e-01,1.846634e-04,2.542739e-01
4.125489e-03,6.013332e-04,1.007284e-03,1.237886e-03,6.176596e-04,3.495886e-03,4.247291e-02,2.896537e-03,3.771283e-03,2.226201e-02,2.374632e-03,2.250413e-02,6.863323e-01,2.437801e-04,2.060569e-01
3.402288e-03,4.717691e-04,9.316187e-04,1.277023e-03,5.073447e-04,3.341992e-03,3.047246e-02,2.071617e-03,3.556104e-03,2.127982e-02,4.621600e-03,4.980322e-02,7.153219e-01,3.475545e-04,1.625937e-01
2.717576e-03,4.498308e-04,7.275195e-04,1.141809e-03,4.370837e-04,3.317601e-03,2.148798e-02,1.485776e-03,3.003910e-03,2.119185e-02,7.228930e-03,8.155315e-02,7.325292e-01,5.546443e-04,1.221732e-01
2.829524e-03,4.574435e-04,5.431091e-04,1.658562e-03,4.281281e-04,9.062433e-03,1.511203e-02,1.142774e-03,3.918310e-03,1.974847e-02,1.909664e-02,1.160031e-01,7.225099e-01,1.314946e-03,8.617477e-02
2.074054e-03,3.731404e-04,3.937830e-04,2.183266e-03,3.871149e-04,9.670077e-03,1.062169e-02,8.407556e-04,3.217832e-03,2.252025e-02,4.239339e-02,1.043837e-01,7.389688e-01,1.324256e-03,6.064795e-02
1.740436e-03,2.737413e-04,3.275527e-04,1.774489e-03,3.962886e-04,1.058549e-02,7.661933e-03,9.227571e-04,3.253053e-03,3.107973e-02,1.539958e-01,1.163904e-01,6.263763e-01,2.196110e-03,4.302604e-02
1.234013e-03,1.966323e-04,2.359076e-04,1.749151e-03,4.460112e-03,7.443347e-03,5.445589e-03,6.767579e-04,3.125000e-03,2.639703e-02,2.913075e-01,1.005582e-01,5.239558e-01,1.668465e-03,3.154650e-02
8.767444e-04,1.481948e-04,1.755398e-04,1.949855e-03,6.629357e-03,5.272570e-03,3.869167e-03,5.170952e-04,2.705755e-03,2.913992e-02,3.687272e-01,8.853221e-02,4.662057e-01,1.441074e-03,2.380959e-02
7.529621e-04,5.883063e-04,7.713202e-04,2.510286e-03,8.327856e-03,4.639163e-03,3.013620e-03,7.869990e-04,3.811910e-03,6.342101e-02,3.758185e-01,1.064864e-01,4.094004e-01,1.371088e-03,1.830013e-02
6.220208e-04,5.388680e-04,9.641775e-04,1.914498e-03,1.008953e-02,3.825972e-03,2.190389e-03,9.591273e-04,4.185657e-03,8.851320e-02,3.416028e-01,1.315431e-01,3.968053e-01,3.103645e-03,1.314173e-02
5.171930e-04,4.913068e-04,1.029790e-03,1.595673e-03,8.881712e-03,2.848803e-03,1.563800e-03,1.824036e-03,4.570927e-03,9.958884e-02,2.772776e-01,1.817689e-01,4.041615e-01,4.506913e-03,9.372997e-03
5.072899e-04,1.132797e-03,8.352614e-04,1.171920e-03,6.539975e-03,2.028156e-03,1.112399e-03,1.559506e-03,1.092775e-02,1.250025e-01,2.187173e-01,2.128868e-01,4.049212e-01,5.989568e-03,6.667598e-03
4.085543e-04,1.046760e-02,1.684239e-03,8.813204e-04,5.006807e-03,1.476481e-03,7.927850e-04,1.176110e-03,1.101860e-02,2.331798e-01,1.854553e-01,2.012579e-01,3.369039e-01,5.385520e-03,4.905134e-03
3.614978e-04,9.052617e-03,2.162339e-03,6.842802e-04,4.469148e-03,1.114536e-03,6.108026e-04,1.084804e-03,1.587643e-02,3.290114e-01,1.407689e-01,2.138520e-01,2.717874e-01,5.472519e-03,3.691276e-03
4.295205e-04,1.108961e-02,7.552859e-03,5.668374e-04,4.400690e-03,8.408495e-04,4.671380e-04,2.243618e-03,1.832580e-02,4.409900e-01,1.023145e-01,1.847029e-01,2.173326e-01,5.995523e-03,2.747589e-03
8.936527e-04,1.182019e-02,1.045107e-02,5.106461e-04,4.034054e-03,7.987310e-04,3.818434e-04,4.364896e-03,2.312810e-02,5.116560e-01,7.565421e-02,1.746871e-01,1.679885e-01,1.146802e-02,2.162878e-03
2.514881e-03,2.860732e-02,3.218272e-02,4.860220e-04,3.524749e-03,1.511883e-03,3.353289e-04,4.030826e-03,6.796629e-02,4.835811e-01,6.162906e-02,1.288562e-01,1.214075e-01,5.906443e-02,4.301638e-03
5.213862e-03,7.417395e-02,4.278582e-02,4.176527e-04,3.217650e-03,3.127367e-03,3.165908e-04,3.476730e-03,1.006929e-01,3.722199e-01,5.375552e-02,9.270748e-02,8.630335e-02,1.531932e-01,8.397968e-03
1.032519e-02,5.667542e-02,3.269625e-02,3.795712e-04,2.715943e-03,2.946641e-03,2.446828e-04,2.525354e-03,1.207381e-01,2.836142e-01,4.683195e-02,6.502682e-02,6.049260e-02,2.970799e-01,1.770737e-02
1.871524e-02,4.311154e-02,2.889380e-02,1.527733e-03,4.570131e-03,1.990492e-02,6.346570e-04,2.039291e-03,1.789727e-01,2.065710e-01,8.211443e-02,4.662061e-02,4.253954e-02,3.053357e-01,1.844872e-02
3.384642e-02,6.503972e-02,6.365260e-02,1.983566e-02,7.951238e-03,4.028758e-02,8.304437e-04,2.723202e-03,1.533292e-01,1.494478e-01,8.042432e-02,3.312531e-02,2.996450e-02,2.813083e-01,3.823365e-02
4.681813e-02,7.508653e-02,1.520881e-01,4.303642e-02,1.412375e-02,4.681816e-02,9.783187e-04,3.121141e-03,1.202199e-01,1.080015e-01,7.085636e-02,2.414237e-02,2.156145e-02,2.356234e-01,3.752446e-02
7.327305e-02,6.178160e-02,2.049295e-01,5.432203e-02,2.587505e-02,4.340956e-02,9.299036e-04,3.165031e-03,1.042591e-01,8.083973e-02,6.010354e-02,1.803675e-02,1.610081e-02,1.939825e-01,5.899174e-02
