1.000000e+00,0.000000e+00,0.000000e+00,0.000000e+00,0.000000e+00,0.000000e+00,0.000000e+00,0.000000e+00,0.000000e+00,0.000000e+00,0.000000e+00,0.000000e+00,0.000000e+00,0.000000e+00,0.000000e+00
1.000000e+00,0.000000e+00,0.000000e+00,0.000000e+00,0.000000e+00,0.000000e+00,0.000000e+00,0.000000e+00,0.000000e+00,0.000000e+00,0.000000e+00,0.000000e+00,0.000000e+00,0.000000e+00,0.000000e+00
1.000000e+00,0.000000e+00,0.000000e+00,0.000000e+00,0.000000e+00,0.000000e+00,0.000000e+00,0.000000e+00,0.000000e+00,0.000000e+00,0.000000e+00,0.000000e+00,0.000000e+00,0.000000e+00,0.000000e+00
1.000000e+00,0.000000e+00,0.000000e+00,0.000000e+00,0.000000e+00,0.000000e+00,0.000000e+00,0.000000e+00,0.000000e+00,0.000000e+00,0.000000e+00,0.000000e+00,0.000000e+00,0.000000e+00,0.000000e+00
1.000000e+00,0.000000e+00,0.000000e+00,0.000000e+00,0.000000e+00,0.000000e+00,0.000000e+00,0.000000e+00,0.000000e+00,0.000000e+00,0.000000e+00,0.000000e+00,0.000000e+00,0.000000e+00,0.000000e+00
1.000000e+00,0.000000e+00,0.000000e+00,0.000000e+00,0.000000e+00,0.000000e+00,0.000000e+00,0.000000e+00,0.000000e+00,0.000000e+00,0.000000e+00,0.000000e+00,0.000000e+00,0.000000e+00,0.000000e+00
1.000000e+00,0.000000e+00,0.000000e+00,0.000000e+00,0.000000e+00,0.000000e+00,0.000000e+00,0.000000e+00,0.000000e+00,0.000000e+00,0.000000e+00,0.000000e+00,0.000000e+00,0.000000e+00,0.000000e+00
1.000000e+00,0.000000e+00,0.000000e+00,0.000000e+00,0.000000e+00,0.000000e+00,0.000000e+00,0.000000e+00,0.000000e+00,0.000000e+00,0.000000e+00,0.000000e+00,0.000000e+00,0.000000e+00,0.000000e+00
1.000000e+00,0.000000e+00,0.000000e+00,0.000000e+00,0.000000e+00,0.000000e+00,0.000000e+00,0.000000e+00,0.000000e+00,0.000000e+00,0.000000e+00,0.000000e+00,0.000000e+00,0.000000e+00,0.000000e+00
1.000000e+00,0.000000e+00,0.000000e+00,0.000000e+00,0.000000e+00,0.000000e+00,0.000000e+00,0.000000e+00,0.000000e+00,0.000000e+00,0.000000e+00,0.000000e+00,0.000000e+00,0.000000e+00,0.000000e+00
1.000000e+00,0.000000e+00,0.000000e+00,0.000000e+00,0.000000e+00,0.000000e+00,0.000000e+00,0.000000e+00,0.000000e+00,0.000000e+00,0.000000e+00,0.000000e+00,0.000000e+00,0.000000e+00,0.000000e+00
1.000000e+00,0.000000e+00,0.000000e+00,0.000000e+00,0.000000e+00,0.000000e+00,0.000000e+00,0.000000e+00,0.000000e+00,0.000000e+00,0.000000e+00,0.000000e+00,0.000000e+00,0.000000e+00,0.000000e+00
1.000000e+00,0.000000e+00,0.000000e+00,0.000000e+00,0.000000e+00,0.000000e+00,0.000000e+00,0.000000e+00,0.000000e+00,0.000000e+00,0.000000e+00,0.000000e+00,0.000000e+00,0.000000e+00,0.000000e+00
1.000000e+00,0.000000e+00,0.000000e+00,0.000000e+00,0.000000e+00,0.000000e+00,0.000000e+00,0.000000e+00,0.000000e+00,0.000000e+00,0.000000e+00,0.000000e+00,0.000000e+00,0.000000e+00,0.000000e+00
1.000000e+00,0.000000e+00,0.000000e+00,0.000000e+00,0.000000e+00,0.000000e+00,0.000000e+00,0.000000e+00,0.000000e+00,0.000000e+00,0.000000e+00,0.000000e+00,0.000000e+00,0.000000e+00,0.000000e+00
1.000000e+00,0.000000e+00,0.000000e+00,0.000000e+00,0.000000e+00,0.000000e+00,0.000000e+00,0.000000e+00,0.000000e+00,0.000000e+00,0.000000e+00,0.000000e+00,0.000000e+00,0.000000e+00,0.000000e+00
1.000000e+00,0.000000e+00,0.000000e+00,0.000000e+00,0.000000e+00,0.000000e+00,0.000000e+00,0.000000e+00,0.000000e+00,0.000000e+00,0.000000e+00,0.000000e+00,0.000000e+00,0.000000e+00,0.000000e+00
1.000000e+00,0.000000e+00,0.000000e+00,0.000000e+00,0.000000e+00,0.000000e+00,0.000000e+00,0.000000e+00,0.000000e+00,0.000000e+00,0.000000e+00,0.000000e+00,0.000000e+00,0.000000e+00,0.000000e+00
1.000000e+00,0.000000e+00,0.000000e+00,0.000000e+00,0.000000e+00,0.000000e+00,0.000000e+00,0.000000e+00,0.000000e+00,0.000000e+00,0.000000e+00,0.000000e+00,0.000000e+00,0.000000e+00,0.000000e+00
1.000000e+00,0.000000e+00,0.000000e+00,0.000000e+00,0.000000e+00,0.000000e+00,0.000000e+00,0.000000e+00,0.000000e+00,0.000000e+00,0.000000e+00,0.000000e+00,0.000000e+00,0.000000e+00,0.000000e+00
1.000000e+00,0.000000e+00,0.000000e+00,0.000000e+00,0.000000e+00,0.000000e+00,0.000000e+00,0.000000e+00,0.000000e+00,0.000000e+00,0.000000e+00,0.000000e+00,0.000000e+00,0.000000e+00,0.000000e+00
1.000000e+00,0.000000e+00,0.000000e+00,0.000000e+00,0.000000e+00,0.000000e+00,0.000000e+00,0.000000e+00,0.000000e+00,0.000000e+00,0.000000e+00,0.000000e+00,0.000000e+00,0.000000e+00,0.000000e+00
1.000000e+00,0.000000e+00,0.000000e+00,0.000000e+00,0.000000e+00,0.000000e+00,0.000000e+00,0.000000e+00,0.000000e+00,0.000000e+00,0.000000e+00,0.000000e+00,0.000000e+00,0.000000e+00,0.000000e+00
1.000000e+00,0.000000e+00,0.000000e+00,0.000000e+00,0.000000e+00,0.000000e+00,0.000000e+00,0.000000e+00,0.000000e+00,0.000000e+00,0.000000e+00,0.000000e+00,0.000000e+00,0.000000e+00,0.000000e+00
1.000000e+00,0.000000e+00,0.000000e+00,0.000000e+00,0.000000e+00,0.000000e+00,0.000000e+00,0.000000e+00,0.000000e+00,0.000000e+00,0.000000e+00,0.000000e+00,0.000000e+00,0.000000e+00,0.000000e+00
1.000000e+00,0.000000e+00,0.000000e+00,0.000000e+00,0.000000e+00,0.000000e+00,0.000000e+00,0.000000e+00,0.000000e+00,0.000000e+00,0.000000e+00,0.000000e+00,0.000000e+00,0.000000e+00,0.000000e+00
1.000000e+00,0.000000e+00,0.000000e+00,0.000000e+00,0.000000e+00,0.000000e+00,0.000000e+00,0.000000e+00,0.000000e+00,0.000000e+00,0.000000e+00,0.000000e+00,0.000000e+00,0.000000e+00,0.000000e+00
1.000000e+00,0.000000e+00,0.000000e+00,0.000000e+00,0.000000e+00,0.000000e+00,0.000000e+00,0.000000e+00,0.000000e+00,0.000000e+00,0.000000e+00,0.000000e+00,0.000000e+00,0.000000e+00,0.000000e+00
1.000000e+00,0.000000e+00,0.000000e+00,0.000000e+00,0.000000e+00,0.000000e+00,0.000000e+00,0.000000e+00,0.000000e+00,0.000000e+00,0.000000e+00,0.000000e+00,0.000000e+00,0.000000e+00,0.000000e+00
1.000000e+00,0.000000e+00,0.000000e+00,0.000000e+00,0.000000e+00,0.000000e+00,0.000000e+00,0.000000e+00,0.000000e+00,0.000000e+00,0.000000e+00,0.000000e+00,0.000000e+00,0.000000e+00,0.000000e+00
1.000000e+00,0.000000e+00,0.000000e+00,0.000000e+00,0.000000e+00,0.000000e+00,0.000000e+00,0.000000e+00,0.000000e+00,0.000000e+00,0.000000e+00,0.000000e+00,0.000000e+00,0.000000e+00,0.000000e+00
1.000000e+00,0.000000e+00,0.000000e+00,0.000000e+00,0.000000e+00,0.000000e+00,0.000000e+00,0.000000e+00,0.000000e+00,0.000000e+00,0.000000e+00,0.000000e+00,0.000000e+00,0.000000e+00,0.000000e+00
1.000000e+00,0.000000e+00,0.000000e+00,0.000000e+00,0.000000e+00,0.000000e+00,0.000000e+00,0.000000e+00,0.000000e+00,0.000000e+00,0.000000e+00,0.000000e+00,0.000000e+00,0.000000e+00,0.000000e+00
1.000000e+00,0.000000e+00,0.000000e+00,0.000000e+00,0.000000e+00,0.000000e+00,0.000000e+00,0.000000e+00,0.000000e+00,0.000000e+00,0.000000e+00,0.000000e+00,0.000000e+00,0.000000e+00,0.000000e+00
1.000000e+00,0.000000e+00,0.000000e+00,0.000000e+00,0.000000e+00,0.000000e+00,0.000000e+00,0.000000e+00,0.000000e+00,0.000000e+00,0.000000e+00,0.000000e+00,0.000000e+00,0.000000e+00,0.000000e+00
1.000000e+00,0.000000e+00,0.000000e+00,0.000000e+00,0.000000e+00,0.000000e+00,0.000000e+00,0.000000e+00,0.000000e+00,0.000000e+00,0.000000e+00,0.000000e+00,0.000000e+00,0.000000e+00,0.000000e+00
1.000000e+00,0.000000e+00,0.000000e+00,0.000000e+00,0.000000e+00,0.000000e+00,0.000000e+00,0.000000e+00,0.000000e+00,0.000000e+00,0.000000e+00,0.000000e+00,0.000000e+00,0.000000e+00,0.000000e+00
1.000000e+00,0.000000e+00,0.000000e+00,0.000000e+00,0.000000e+00,0.000000e+00,0.000000e+00,0.000000e+00,0.000000e+00,0.000000e+00,0.000000e+00,0.000000e+00,0.000000e+00,0.000000e+00,0.000000e+00
1.000000e+00,0.000000e+00,0.000000e+00,0.000000e+00,0.000000e+00,0.000000e+00,0.000000e+00,0.000000e+00,0.000000e+00,0.000000e+00,0.000000e+00,0.000000e+00,0.000000e+00,0.000000e+00,0.000000e+00
1.000000e+00,0.000000e+00,0.000000e+00,0.000000e+00,0.000000e+00,0.000000e+00,0.000000e+00,0.000000e+00,0.000000e+00,0.000000e+00,0.000000e+00,0.000000e+00,0.000000e+00,0.000000e+00,0.000000e+00
1.000000e+00,0.000000e+00,0.000000e+00,0.000000e+00,0.000000e+00,0.000000e+00,0.000000e+00,0.000000e+00,0.000000e+00,0.000000e+00,0.000000e+00,0.000000e+00,0.000000e+00,0.000000e+00,0.000000e+00
1.000000e+00,0.000000e+00,0.000000e+00,0.000000e+00,0.000000e+00,0.000000e+00,0.000000e+00,0.000000e+00,0.000000e+00,0.000000e+00,0.000000e+00,0.000000e+00,0.000000e+00,0.000000e+00,0.000000e+00
1.000000e+00,0.000000e+00,0.000000e+00,0.000000e+00,0.000000e+00,0.000000e+00,0.000000e+00,0.000000e+00,0.000000e+00,0.000000e+00,0.000000e+00,0.000000e+00,0.000000e+00,0.000000e+00,0.000000e+00
1.000000e+00,0.000000e+00,0.000000e+00,0.000000e+00,0.000000e+00,0.000000e+00,0.000000e+00,0.000000e+00,0.000000e+00,0.000000e+00,0.000000e+00,0.000000e+00,0.000000e+00,0.000000e+00,0.000000e+00
1.000000e+00,0.000000e+00,0.000000e+00,0.000000e+00,0.000000e+00,0.000000e+00,0.000000e+00,0.000000e+00,0.000000e+00,0.000000e+00,0.000000e+00,0.000000e+00,0.000000e+00,0.000000e+00,0.000000e+00
1.000000e+00,0.000000e+00,0.000000e+00,0.000000e+00,0.000000e+00,0.000000e+00,0.000000e+00,0.000000e+00,0.000000e+00,0.000000e+00,0.000000e+00,0.000000e+00,0.000000e+00,0.000000e+00,0.000000e+00
1.000000e+00,0.000000e+00,0.000000e+00,0.000000e+00,0.000000e+00,0.000000e+00,0.000000e+00,0.000000e+00,0.000000e+00,0.000000e+00,0.000000e+00,0.000000e+00,0.000000e+00,0.000000e+00,0.000000e+00
1.000000e+00,0.000000e+00,0.000000e+00,0.000000e+00,0.000000e+00,0.000000e+00,0.000000e+00,0.000000e+00,0.000000e+00,0.000000e+00,0.000000e+00,0.000000e+00,0.000000e+00,0.000000e+00,0.000000e+00
1.000000e+00,0.000000e+00,0.000000e+00,0.000000e+00,0.000000e+00,0.000000e+00,0.000000e+00,0.000000e+00,0.000000e+00,0.000000e+00,0.000000e+00,0.000000e+00,0.000000e+00,0.000000e+00,0.000000e+00
1.000000e+00,0.000000e+00,0.000000e+00,0.000000e+00,0.000000e+00,0.000000e+00,0.000000e+00,0.000000e+00,0.000000e+00,0.000000e+00,0.000000e+00,0.000000e+00,0.000000e+00,0.000000e+00,0.000000e+00
1.000000e+00,0.000000e+00,0.000000e+00,0.000000e+00,0.000000e+00,0.000000e+00,0.000000e+00,0.000000e+00,0.000000e+00,0.000000e+00,0.000000e+00,0.000000e+00,0.000000e+00,0.000000e+00,0.000000e+00
1.000000e+00,0.000000e+00,0.000000e+00,0.000000e+00,0.000000e+00,0.000000e+00,0.000000e+00,0.000000e+00,0.000000e+00,0.000000e+00,0.000000e+00,0.000000e+00,0.000000e+00,0.000000e+00,0.000000e+00
1.000000e+00,0.000000e+00,0.000000e+00,0.000000e+00,0.000000e+00,0.000000e+00,0.000000e+00,0.000000e+00,0.000000e+00,0.000000e+00,0.000000e+00,0.000000e+00,0.000000e+00,0.000000e+00,0.000000e+00
1.000000e+00,0.000000e+00,0.000000e+00,0.000000e+00,0.000000e+00,0.000000e+00,0.000000e+00,0.000000e+00,0.000000e+00,0.000000e+00,0.000000e+00,0.000000e+00,0.000000e+00,0.000000e+00,0.000000e+00
4.709072e-01,3.307052e-02,1.255744e-02,7.665954e-02,1.161188e-01,1.887551e-01,7.041092e-03,2.067598e-02,4.093505e-03,1.269552e-03,2.159621e-02,1.898653e-02,1.215170e-02,4.492070e-03,1.162484e-02
3.318647e-01,2.677403e-02,9.938477e-03,5.397595e-02,8.953390e-02,3.919574e-01,6.376135e-03,3.410251e-02,3.305910e-03,9.403978e-04,1.719090e-02,1.342025e-02,9.024752e-03,3.327790e-03,8.267006e-03
2.373261e-01,2.100559e-02,8.130282e-03,3.820409e-02,7.865804e-02,5.352871e-01,6.957636e-03,2.979879e-02,3.005470e-03,8.400270e-04,1.481236e-02,9.567197e-03,7.776820e-03,2.608052e-03,6.022435e-03
1.739993e-01,1.614647e-02,8.839929e-03,2.863324e-02,6.849092e-02,6.145744e-01,5.964346e-03,4.412828e-02,4.211746e-03,1.844687e-03,1.248911e-02,6.907647e-03,7.165942e-03,1.909804e-03,4.694210e-03
1.483136e-01,1.240224e-02,6.950175e-03,2.089815e-02,8.908236e-02,6.236244e-01,5.719481e-03,3.977007e-02,1.154226e-02,6.095672e-03,1.456893e-02,5.324861e-03,9.974306e-03,1.500097e-03,4.233393e-03
1.983741e-01,9.322275e-03,5.190380e-03,1.656391e-02,1.571733e-01,4.799521e-01,5.171150e-03,4.379997e-02,2.006311e-02,8.436111e-03,2.021647e-02,6.421162e-03,1.936392e-02,3.012684e-03,6.939450e-03
1.706079e-01,1.060500e-02,4.060453e-03,1.533311e-02,1.926326e-01,3.447549e-01,4.935153e-03,4.238905e-02,2.993098e-02,1.491600e-02,4.917526e-02,2.098133e-02,6.558104e-02,7.970979e-03,2.612627e-02
1.214130e-01,9.699916e-03,3.373103e-03,1.748129e-02,1.439152e-01,2.453277e-01,3.936745e-03,3.208020e-02,1.092715e-01,2.309264e-02,5.128384e-02,2.850562e-02,1.540516e-01,8.437367e-03,4.813035e-02
8.503480e-02,7.166220e-03,2.404246e-03,1.283577e-02,1.010524e-01,1.719299e-01,2.784134e-03,2.248615e-02,3.034237e-01,2.417172e-02,4.014783e-02,2.044861e-02,1.478824e-01,6.623813e-03,5.160828e-02
5.955607e-02,5.471107e-03,1.696684e-03,9.292427e-03,7.096455e-02,1.204718e-01,2.006408e-03,1.575644e-02,4.677207e-01,1.894205e-02,3.093048e-02,1.457117e-02,1.229083e-01,5.970748e-03,5.374106e-02
4.172786e-02,4.743161e-03,1.216957e-03,7.287202e-03,4.988575e-02,8.519077e-02,1.423614e-03,1.103894e-02,4.477192e-01,1.470140e-02,2.234752e-02,1.426753e-02,2.278289e-01,5.150527e-03,6.547069e-02
2.928552e-02,3.522037e-03,8.987738e-04,6.096646e-03,3.504541e-02,6.146270e-02,1.021331e-03,7.740286e-03,3.511710e-01,1.063766e-02,1.618882e-02,1.529213e-02,3.868924e-01,4.095708e-03,7.064956e-02
2.064250e-02,3.072998e-03,7.568480e-04,5.701398e-03,2.502965e-02,4.483024e-02,7.491021e-04,5.433674e-03,2.692801e-01,7.702510e-03,1.359778e-02,2.036717e-02,4.765968e-01,4.024138e-03,1.022150e-01
1.467554e-02,2.288366e-03,6.002145e-04,5.047747e-03,1.831458e-02,3.297049e-02,6.446331e-04,3.827245e-03,1.920505e-01,5.678917e-03,1.239670e-02,2.959799e-02,5.909060e-01,3.448526e-03,8.755255e-02
1.048041e-02,1.971678e-03,4.986198e-04,4.029844e-03,1.378457e-02,2.434252e-02,5.192990e-04,2.695672e-03,1.408556e-01,4.199896e-03,1.094291e-02,3.722978e-02,6.722903e-01,2.885536e-03,7.327336e-02
7.550758e-03,1.584256e-03,4.085158e-04,2.947891e-03,1.088263e-02,1.746094e-02,4.170403e-04,1.907394e-03,1.037486e-01,3.409357e-03,1.065176e-02,3.753626e-02,7.145365e-01,3.681035e-03,8.327711e-02
5.607383e-03,1.459262e-03,3.305619e-04,2.232626e-03,8.175425e-03,1.311986e-02,3.151520e-04,1.359009e-03,7.550485e-02,2.778028e-03,1.024663e-02,3.426440e-02,7.719046e-01,3.524502e-03,6.917774e-02
4.626860e-03,1.490552e-03,4.493867e-04,2.213027e-03,7.943585e-03,1.054137e-02,2.629797e-04,1.109920e-03,5.942371e-02,2.685334e-03,1.335212e-02,3.631547e-02,7.974887e-01,3.619813e-03,5.847718e-02
5.026571e-03,2.259911e-03,2.679091e-03,3.151940e-03,2.228188e-02,9.319542e-03,7.703791e-04,3.296975e-03,5.725837e-02,4.528665e-03,1.552701e-02,3.674775e-02,7.780922e-01,3.908975e-03,5.515075e-02
5.022427e-03,2.796187e-03,2.424539e-03,2.818354e-03,2.064893e-02,1.596819e-02,7.690191e-04,3.059400e-03,4.621246e-02,4.346677e-03,1.422600e-02,4.592896e-02,7.862299e-01,3.369288e-03,4.617965e-02
4.418114e-03,2.695472e-03,9.411335e-03,2.292934e-03,2.813152e-02,2.078463e-02,5.290562e-02,6.262472e-02,4.296558e-02,1.017931e-02,1.964544e-02,4.180880e-02,6.409112e-01,3.695728e-03,5.752961e-02
4.691200e-03,8.270941e-03,1.053932e-02,2.135182e-03,3.321826e-02,4.264452e-02,3.886938e-02,5.023111e-02,5.045653e-02,8.407159e-03,1.954274e-02,4.138535e-02,6.427030e-01,3.369995e-03,4.353528e-02
4.360705e-03,6.927423e-03,1.550458e-02,3.145198e-03,2.798695e-02,3.963062e-02,2.871310e-02,1.540041e-01,4.623856e-02,7.226637e-03,1.915503e-02,4.693036e-02,5.641816e-01,4.269443e-03,3.172570e-02
4.560142e-03,7.424408e-03,1.619430e-02,5.154964e-03,3.180894e-02,4.296115e-02,2.088390e-02,1.641748e-01,7.109603e-02,6.238684e-03,2.452464e-02,4.076779e-02,5.321814e-01,6.742963e-03,2.528587e-02
5.013640e-03,8.758456e-03,1.386191e-02,5.981279e-03,3.022585e-02,6.367265e-02,1.535508e-02,1.798386e-01,9.234046e-02,5.733353e-03,2.544641e-02,3.665786e-02,4.885986e-01,7.927353e-03,2.058844e-02
5.065238e-03,7.350876e-03,1.322755e-02,4.497471e-03,2.568412e-02,4.897356e-02,1.195014e-02,3.470128e-01,8.226220e-02,4.228826e-03,2.018553e-02,2.741191e-02,3.784376e-01,5.804138e-03,1.790804e-02
4.215603e-03,5.548538e-03,1.048616e-02,3.220007e-03,1.872347e-02,3.537382e-02,1.055080e-02,5.280251e-01,5.956195e-02,2.981324e-03,1.424493e-02,1.924452e-02,2.710347e-01,4.073671e-03,1.271548e-02
4.142866e-03,4.216259e-03,8.915897e-03,2.348033e-03,1.503925e-02,2.566048e-02,1.092715e-02,6.555989e-01,4.282372e-02,2.104003e-03,1.003525e-02,1.350568e-02,1.928109e-01,2.857022e-03,9.014616e-03
4.395160e-03,3.038865e-03,6.479134e-03,1.784853e-03,1.788008e-02,1.860334e-02,1.560215e-02,7.379646e-01,3.040984e-02,1.500079e-03,7.099375e-03,9.496300e-03,1.372785e-01,2.008699e-03,6.459003e-03
4.596157e-03,2.177971e-03,4.658258e-03,1.338915e-03,1.675623e-02,1.410950e-02,1.597162e-02,8.020217e-01,2.144974e-02,1.068460e-03,5.042674e-03,6.676997e-03,9.812114e-02,1.413483e-03,4.597122e-03
8.376893e-03,1.623097e-03,3.744202e-03,2.020191e-03,1.649807e-02,1.251901e-02,1.551373e-02,8.410387e-01,1.514137e-02,8.170273e-04,3.917696e-03,4.756899e-03,6.969590e-02,1.016767e-03,3.320428e-03
1.713989e-02,1.301168e-03,3.413547e-03,9.351836e-03,1.604997e-02,1.073102e-02,1.143561e-02,8.567526e-01,1.125822e-02,7.567713e-04,4.853898e-03,3.891988e-03,4.984362e-02,7.738432e-04,2.446034e-03
2.207963e-02,1.072433e-03,3.030919e-03,1.182874e-02,1.561505e-02,8.175087e-03,8.314298e-03,8.751003e-01,9.165443e-03,6.373450e-04,4.295857e-03,3.082363e-03,3.517310e-02,5.914048e-04,1.838057e-03
2.067921e-02,1.030241e-03,2.353066e-03,1.583953e-02,1.405191e-02,6.924292e-03,6.956588e-03,7.052426e-01,9.247037e-03,2.815919e-03,7.438599e-02,4.937442e-02,8.581874e-02,2.658828e-03,2.621616e-03
1.528289e-02,8.796843e-04,1.839609e-03,2.171397e-02,1.090916e-02,5.531556e-03,5.738184e-03,5.426903e-01,7.164631e-03,2.904761e-03,7.070049e-02,2.295934e-01,6.833529e-02,1.464689e-02,2.069251e-03
1.296823e-02,7.935610e-04,1.690650e-03,2.552483e-02,9.087822e-03,5.441057e-03,4.588634e-03,4.017378e-01,8.973900e-03,2.612146e-03,1.024006e-01,3.547480e-01,5.164353e-02,1.584944e-02,1.939915e-03
1.070039e-02,6.876608e-04,1.788717e-03,2.124165e-02,7.182950e-03,1.255528e-02,3.914541e-03,2.915657e-01,1.047107e-02,2.022826e-03,2.047007e-01,3.678071e-01,3.719880e-02,2.654301e-02,1.619656e-03
8.097127e-03,5.686025e-04,1.698233e-03,1.641040e-02,5.442810e-03,1.193348e-02,2.867477e-03,2.064033e-01,9.945385e-03,1.673651e-03,3.337281e-01,3.433997e-01,2.655901e-02,3.001576e-02,1.256925e-03
5.989397e-03,5.316138e-04,1.302887e-03,1.175952e-02,4.386326e-03,9.107151e-03,2.032988e-03,1.447542e-01,7.830455e-03,1.489870e-03,4.522450e-01,3.121758e-01,1.913751e-02,2.624506e-02,1.012220e-03
4.502239e-03,7.371520e-04,1.130566e-03,8.533600e-03,3.976690e-03,7.342375e-03,1.483284e-03,1.015230e-01,7.388320e-03,1.361205e-03,4.423903e-01,3.766004e-01,1.410190e-02,2.811621e-02,8.127482e-04
3.259101e-03,1.851765e-03,1.082594e-03,6.100872e-03,4.640192e-03,5.285230e-03,1.073948e-03,7.146440e-02,9.883973e-03,1.099244e-03,3.682904e-01,4.917092e-01,1.034193e-02,2.332172e-02,5.954626e-04
2.373380e-03,1.441461e-03,9.082120e-04,4.366752e-03,3.926685e-03,4.001907e-03,7.966019e-04,5.030216e-02,2.630184e-02,8.193423e-04,3.632489e-01,5.135159e-01,7.580272e-03,1.998469e-02,4.319521e-04
1.883402e-03,1.335806e-03,1.536309e-03,3.494411e-03,4.417286e-03,3.746247e-03,6.628182e-04,3.580431e-02,6.989676e-02,7.932657e-04,3.402768e-01,4.991899e-01,5.956613e-03,3.064959e-02,3.565158e-04
1.432111e-03,1.179516e-03,1.468936e-03,2.766691e-03,6.544091e-03,2.902433e-03,5.157929e-04,2.512243e-02,5.801732e-02,8.547097e-04,4.505865e-01,4.027411e-01,4.823349e-03,4.075385e-02,2.911479e-04
1.154283e-03,1.081217e-03,1.526153e-03,2.043195e-03,6.562472e-03,2.177693e-03,3.877809e-04,1.761451e-02,4.419169e-02,1.101990e-03,5.648686e-01,3.079538e-01,4.063008e-03,4.504241e-02,2.312308e-04
9.296926e-04,8.703129e-04,1.176695e-03,1.490298e-03,5.454199e-03,1.703021e-03,2.964317e-04,1.234440e-02,3.117063e-02,9.650462e-04,6.807597e-01,2.210443e-01,3.852940e-03,3.776476e-02,1.776117e-04
1.001324e-03,8.585179e-04,1.015377e-03,1.119005e-03,5.180161e-03,1.664000e-03,2.604282e-04,8.723879e-03,2.235712e-02,1.017605e-03,7.500137e-01,1.575149e-01,3.621165e-03,4.546000e-02,1.927876e-04
1.673361e-03,3.828172e-03,4.523436e-03,9.535967e-04,1.297198e-02,2.373429e-03,9.322627e-04,6.847882e-03,2.038397e-02,1.933314e-03,7.589434e-01,1.173479e-01,3.681406e-03,6.304489e-02,5.609530e-04
1.875447e-03,4.458118e-02,3.891239e-03,7.907972e-04,5.833348e-02,6.391825e-03,1.302380e-03,5.371002e-03,2.018006e-01,1.551437e-03,5.404406e-01,8.325320e-02,2.749734e-03,4.702320e-02,6.438044e-04
1.952084e-03,1.085985e-01,3.523886e-03,6.523288e-04,6.469367e-02,5.721828e-03,1.070394e-03,4.235685e-03,3.325132e-01,1.285655e-03,3.802051e-01,5.856713e-02,2.008504e-03,3.414655e-02,8.253831e-04
1.892629e-03,1.983607e-01,5.483629e-03,1.812704e-03,4.953387e-02,6.034118e-03,7.643219e-04,3.429596e-03,3.908013e-01,2.350414e-03,2.666998e-01,4.105690e-02,1.535267e-03,2.403436e-02,6.210291e-03
2.558973e-03,2.418840e-01,1.012097e-02,5.336302e-03,3.677920e-02,8.624200e-03,5.672263e-04,2.987341e-03,4.268422e-01,2.726798e-03,1.923891e-01,2.987701e-02,3.173157e-03,1.716380e-02,1.896970e-02
5.696923e-03,2.082765e-01,1.298074e-02,5.551798e-03,2.977951e-02,1.057478e-02,5.648108e-04,3.222539e-03,4.984485e-01,2.452807e-03,1.466915e-01,2.817387e-02,1.476065e-02,1.301049e-02,1.981448e-02
1.478470e-02,1.737508e-01,2.438755e-02,5.899367e-03,2.923544e-02,1.021837e-02,7.097798e-04,7.621954e-03,5.217546e-01,4.201562e-03,1.147180e-01,2.970971e-02,2.917097e-02,1.009731e-02,2.373980e-02
3.618223e-02,1.662561e-01,2.053194e-02,4.968637e-03,5.136931e-02,1.465232e-02,7.190375e-04,9.695624e-03,5.264322e-01,3.342220e-03,8.357664e-02,2.365052e-02,2.469835e-02,8.394041e-03,2.553085e-02
7.813783e-02,1.673677e-01,2.070140e-02,8.828062e-03,8.737621e-02,1.294937e-02,9.864478e-04,1.320332e-02,4.555255e-01,2.937478e-03,6.218659e-02,1.904698e-02,2.141891e-02,7.771466e-03,4.156271e-02
1.059681e-01,1.520689e-01,1.927130e-02,1.393972e-02,1.141093e-01,1.681399e-02,1.764517e-03,2.058811e-02,3.973430e-01,3.771833e-03,4.961833e-02,1.824339e-02,2.025386e-02,9.424062e-03,5.682157e-02
1.357842e-01,1.226641e-01,1.671290e-02,1.369176e-02,1.563261e-01,2.290681e-02,2.937572e-03,2.083775e-02,3.727173e-01,4.623843e-03,3.823842e-02,1.479450e-02,1.594748e-02,9.023046e-03,5.279422e-02
1.235347e-01,1.031046e-01,2.882319e-02,7.643455e-02,1.746098e-01,3.362906e-02,3.492416e-03,3.364947e-02,2.942719e-01,5.758748e-03,3.043199e-02,1.505832e-02,1.396440e-02,9.680469e-03,5.355653e-02
1.325478e-01,1.025032e-01,2.315647e-02,7.311786e-02,1.526088e-01,3.544735e-02,4.074344e-03,2.658020e-02,2.679492e-01,6.091422e-03,2.275015e-02,1.263187e-02,7.400779e-02,8.003377e-03,5.853010e-02
9.519438e-02,1.035945e-01,2.035798e-02,1.303311e-01,1.080463e-01,2.580420e-02,3.075025e-03,1.895151e-02,3.375977e-01,7.661255e-03,1.731429e-02,9.615206e-03,5.876317e-02,6.078566e-03,5.761481e-02
6.772875e-02,8.351048e-02,1.516109e-02,9.916255e-02,7.647894e-02,1.909243e-02,2.237505e-03,1.337648e-02,4.909851e-01,5.957912e-03,1.297483e-02,6.877652e-03,5.786126e-02,4.363397e-03,4.423157e-02
4.820745e-02,6.890867e-02,1.231648e-02,8.116339e-02,5.375241e-02,1.386209e-02,1.648094e-03,9.438644e-03,5.888416e-01,5.222570e-03,1.047235e-02,5.193084e-03,5.097611e-02,3.630121e-03,4.636691e-02
3.637585e-02,5.326427e-02,9.698922e-03,5.901591e-02,3.872523e-02,1.216772e-02,1.254879e-03,6.944610e-03,6.383056e-01,4.665622e-03,2.023696e-02,4.823890e-03,6.725584e-02,4.245224e-03,4.301949e-02
2.784594e-02,4.199017e-02,7.161931e-03,4.295714e-02,2.767548e-02,1.061672e-02,1.016363e-03,5.106086e-03,6.598039e-01,3.864708e-03,1.513511e-02,3.813926e-03,1.131050e-01,3.351977e-03,3.655564e-02
2.417109e-02,2.991145e-02,5.399089e-03,3.115231e-02,2.047971e-02,9.981081e-03,1.152674e-03,3.982478e-03,5.018437e-01,2.849460e-03,1.159035e-02,5.614033e-03,3.095632e-01,3.289016e-03,3.902046e-02
1.838400e-02,2.117038e-02,3.933332e-03,2.247416e-02,1.463126e-02,7.835246e-03,9.624840e-04,2.880709e-03,3.743829e-01,2.066049e-03,8.505378e-03,5.714033e-03,4.852668e-01,2.518790e-03,2.927444e-02
1.622548e-02,1.524548e-02,2.868928e-03,1.616406e-02,1.077792e-02,8.929547e-03,9.703691e-04,2.176737e-03,2.692682e-01,1.557815e-03,6.842506e-03,7.522275e-03,6.148999e-01,2.159530e-03,2.439126e-02
1.552404e-02,1.094326e-02,3.688807e-03,1.258044e-02,1.669969e-02,9.806361e-03,2.542783e-03,2.482663e-03,1.915828e-01,1.401119e-03,7.578229e-03,7.735846e-03,6.965352e-01,1.939885e-03,1.895887e-02
1.241005e-02,7.900453e-03,2.727285e-03,9.225285e-03,1.488809e-02,1.029909e-02,1.955980e-03,1.842898e-03,1.348750e-01,1.007440e-03,6.517077e-03,1.182722e-02,7.694257e-01,1.680463e-03,1.341791e-02
9.523438e-03,5.696279e-03,1.943833e-03,6.620583e-03,1.161752e-02,9.823671e-03,1.461030e-03,1.330056e-03,9.768016e-02,7.498004e-04,9.331036e-03,3.977992e-02,7.923443e-01,2.539056e-03,9.559309e-03
8.361072e-03,4.389240e-03,1.395001e-03,4.720958e-03,8.705759e-03,1.068302e-02,1.066795e-03,9.655694e-04,7.399743e-02,7.061508e-04,1.412713e-02,1.318911e-01,7.289286e-01,2.757174e-03,7.305048e-03
6.735745e-03,3.248886e-03,9.943176e-04,3.332276e-03,6.216592e-03,1.091934e-02,7.654847e-04,6.863510e-04,5.373894e-02,6.851846e-04,1.846238e-02,3.085983e-01,5.781147e-01,2.270209e-03,5.231278e-03
6.170675e-03,3.624800e-03,7.848233e-04,2.506715e-03,4.622223e-03,1.345045e-02,5.632185e-04,5.315960e-04,6.716983e-02,9.407133e-04,1.853604e-02,3.854444e-01,4.897597e-01,2.078760e-03,3.815970e-03
5.483750e-03,1.309267e-02,9.452216e-04,2.190477e-03,5.440627e-03,7.683042e-02,6.334322e-04,6.127527e-04,1.864477e-01,1.180234e-03,1.925857e-02,2.993807e-01,3.837114e-01,1.654325e-03,3.137705e-03
4.126735e-03,1.376163e-02,7.315807e-04,1.714149e-03,4.563231e-03,9.692080e-02,5.059195e-04,5.045697e-04,3.780185e-01,9.900854e-04,1.404518e-02,2.101317e-01,2.704622e-01,1.175811e-03,2.347825e-03
3.215447e-03,1.170128e-02,2.112511e-03,3.113821e-02,5.755592e-03,8.971154e-02,3.873631e-04,4.688732e-04,4.984670e-01,1.141054e-03,1.350887e-02,1.483869e-01,1.910643e-01,8.928237e-04,2.048156e-03
5.459931e-03,1.083317e-02,2.171217e-03,2.985935e-02,6.453077e-03,8.584402e-02,3.873776e-04,5.145647e-04,5.152030e-01,2.981416e-03,5.374204e-02,1.178574e-01,1.593158e-01,1.287552e-03,8.090067e-03
1.372951e-02,1.099755e-02,4.350831e-03,2.960759e-02,1.348363e-02,6.903544e-02,7.166525e-04,1.341950e-03,4.317104e-01,8.370887e-03,6.531373e-02,8.926927e-02,1.392286e-01,1.497905e-03,1.213460e-01
1.865621e-02,1.102696e-02,8.215396e-03,2.405437e-02,3.336403e-02,6.957192e-02,1.748811e-03,1.869472e-03,3.730758e-01,7.568062e-03,7.374325e-02,6.635428e-02,1.122182e-01,2.270320e-03,1.962629e-01
3.464438e-02,1.371926e-02,2.107049e-02,3.749494e-02,5.612434e-02,5.767912e-02,2.845694e-03,9.350207e-03,3.361609e-01,7.465575e-03,5.693780e-02,4.705677e-02,8.073862e-02,2.063710e-03,2.366481e-01
3.720517e-02,1.277200e-02,5.132079e-02,5.756112e-02,4.425371e-02,4.253693e-02,2.162280e-03,1.281005e-02,2.417240e-01,2.090633e-02,4.191729e-02,3.333473e-02,5.753008e-02,1.860057e-03,3.421054e-01
5.325034e-02,1.813330e-02,8.622622e-02,7.203972e-02,5.393249e-02,3.550531e-02,1.926228e-03,1.316437e-02,2.047241e-01,3.463690e-02,3.109337e-02,2.603293e-02,4.270945e-02,1.876309e-03,3.247489e-01
5.313730e-02,1.878463e-02,2.641509e-01,6.301954e-02,5.251134e-02,4.115700e-02,1.949895e-03,1.113249e-02,1.558655e-01,3.381625e-02,2.214644e-02,1.850547e-02,3.017770e-02,1.560837e-03,2.320847e-01
6.711932e-02,1.875614e-02,3.670127e-01,6.247274e-02,4.187137e-02,4.530970e-02,1.676576e-03,1.964437e-02,1.180971e-01,2.895417e-02,1.799766e-02,1.389152e-02,2.228076e-02,1.585732e-03,1.733302e-01
5.027467e-02,1.408857e-02,3.562587e-01,5.769817e-02,3.045871e-02,3.456314e-02,1.436551e-03,1.597427e-02,1.351765e-01,1.194142e-01,2.502727e-02,1.041603e-02,1.867195e-02,1.889392e-03,1.286521e-01
3.702791e-02,1.088863e-02,2.624205e-01,4.102600e-02,2.418050e-02,2.584169e-02,1.385922e-03,1.171863e-02,9.716788e-02,3.501768e-01,2.132861e-02,7.383052e-03,1.460241e-02,1.866154e-03,9.298540e-02
2.679982e-02,8.893442e-03,1.896131e-01,2.920675e-02,1.734849e-02,1.831931e-02,1.038799e-03,8.383144e-03,9.566517e-02,4.914577e-01,2.124520e-02,5.250038e-03,1.151734e-02,1.778971e-03,7.348283e-02
1.916010e-02,8.652652e-03,1.346480e-01,2.428150e-02,1.240309e-02,1.297900e-02,7.886639e-04,5.980210e-03,2.356971e-01,4.475025e-01,1.954403e-02,3.832984e-03,9.194082e-03,1.812755e-03,6.352336e-02
1.392962e-02,8.710135e-03,9.548160e-02,1.875663e-02,9.296503e-03,9.589985e-03,6.483198e-04,4.302953e-03,3.310615e-01,3.891174e-01,2.332103e-02,2.933971e-03,7.926215e-03,4.019076e-03,8.090518e-02
9.998865e-03,8.333064e-03,6.846218e-02,1.345246e-02,8.665870e-03,6.867634e-03,5.213820e-04,3.068555e-03,4.153267e-01,2.993202e-01,3.331364e-02,2.663725e-03,9.003405e-03,1.617317e-02,1.048292e-01
7.068490e-03,6.126843e-03,4.796812e-02,9.569580e-03,6.494723e-03,5.107663e-03,3.797848e-04,2.167638e-03,5.376400e-01,2.099859e-01,2.601418e-02,2.128448e-03,8.187962e-03,1.767603e-02,1.134847e-01
4.990174e-03,4.484432e-03,3.359811e-02,6.814708e-03,4.869587e-03,3.939445e-03,2.774552e-04,1.530123e-03,6.101716e-01,1.473532e-01,1.981993e-02,1.775870e-03,7.945365e-03,1.837092e-02,1.340591e-01
3.917515e-03,4.007080e-03,2.360019e-02,4.892441e-03,6.576699e-03,3.278964e-03,2.412836e-04,1.097227e-03,6.200429e-01,1.069157e-01,1.838623e-02,2.604338e-03,1.407699e-02,3.331740e-02,1.570451e-01
3.012415e-03,3.153560e-03,1.655054e-02,3.568782e-03,5.021182e-03,3.361402e-03,1.963726e-04,7.763328e-04,6.578617e-01,7.844064e-02,1.629174e-02,2.783899e-03,1.838340e-02,4.369535e-02,1.469027e-01
2.456931e-03,2.346878e-03,1.170793e-02,3.502156e-03,6.079794e-03,3.279008e-03,2.599710e-04,7.839524e-04,6.462595e-01,5.733961e-02,2.856450e-02,1.279795e-02,7.072579e-02,3.786498e-02,1.160311e-01
1.819655e-03,1.822056e-03,8.449191e-03,8.942027e-03,5.338472e-03,3.930203e-03,2.477685e-04,6.947070e-04,5.429958e-01,4.204213e-02,8.057584e-02,2.224832e-02,1.555973e-01,2.996395e-02,9.533259e-02
1.543046e-03,1.416231e-03,1.033257e-02,1.864324e-02,8.064860e-03,4.021524e-03,1.011646e-03,9.000571e-03,4.255108e-01,3.221241e-02,1.495488e-01,3.251131e-02,1.925884e-01,2.459081e-02,8.900376e-02
1.485105e-03,1.272332e-03,1.958566e-01,3.722208e-02,1.781773e-02,3.318103e-03,1.123219e-03,2.269303e-02,3.007622e-01,2.322184e-02,1.354126e-01,2.431936e-02,1.527123e-01,1.734346e-02,6.544009e-02
1.546529e-03,1.946452e-03,3.257344e-01,6.208603e-02,3.849506e-02,9.666357e-03,6.077128e-03,2.054167e-02,2.180363e-01,1.648719e-02,1.091260e-01,1.759516e-02,1.135769e-01,1.217336e-02,4.691141e-02
1.989835e-03,3.021379e-03,2.967593e-01,8.010004e-02,1.759465e-01,1.847239e-02,1.635654e-02,1.639253e-02,1.677539e-01,1.164482e-02,7.751594e-02,1.236585e-02,8.004212e-02,8.545073e-03,3.309386e-02
1.801410e-03,2.408697e-03,2.179948e-01,5.735305e-02,1.988157e-01,1.598474e-02,2.060008e-01,1.606543e-02,1.179517e-01,1.270383e-02,5.440941e-02,8.667516e-03,6.027609e-02,6.024687e-03,2.354210e-02
2.357015e-03,6.839845e-03,1.610093e-01,4.285697e-02,2.386785e-01,1.702901e-02,2.002429e-01,1.748003e-02,1.569878e-01,2.115222e-02,4.633589e-02,6.257301e-03,5.970607e-02,4.419380e-03,1.864769e-02
1.767324e-03,5.204850e-03,1.147928e-01,3.154463e-02,1.774447e-01,1.295850e-02,2.568356e-01,1.391385e-02,1.794780e-01,3.664613e-02,7.462755e-02,6.055911e-03,6.258363e-02,3.537190e-03,2.260926e-02
1.315387e-03,3.994325e-03,8.429441e-02,2.384551e-02,1.319242e-01,1.058150e-02,3.823293e-01,1.059385e-02,1.491122e-01,3.895402e-02,6.639099e-02,2.448448e-02,5.140601e-02,2.934520e-03,1.783931e-02
9.969951e-04,2.889595e-03,5.948145e-02,1.773341e-02,9.464956e-02,7.872535e-03,3.589587e-01,7.562499e-03,1.057691e-01,2.881090e-02,6.417838e-02,1.849962e-01,4.849108e-02,2.982087e-03,1.462755e-02
1.058636e-03,2.135179e-03,4.177365e-02,1.288042e-02,6.743685e-02,6.156018e-03,2.834290e-01,5.400354e-03,7.512987e-02,2.109073e-02,6.531301e-02,3.640351e-01,3.891623e-02,4.453716e-03,1.079129e-02
1.274345e-03,1.702089e-03,2.940905e-02,9.885305e-03,4.898032e-02,5.402979e-03,2.305833e-01,4.105709e-03,5.550263e-02,1.704803e-02,7.319844e-02,4.708781e-01,3.143703e-02,1.193233e-02,8.660392e-03
9.750037e-04,1.221428e-03,2.059929e-02,7.050290e-03,3.467772e-02,3.934650e-03,1.630283e-01,3.178712e-03,3.969000e-02,1.295982e-02,7.626804e-02,5.896706e-01,2.380728e-02,1.657180e-02,6.367131e-03
7.944491e-04,9.103805e-04,1.445406e-02,5.088889e-03,2.550356e-02,2.906161e-03,1.151286e-01,2.751625e-03,2.815443e-02,9.397357e-03,6.931706e-02,6.863775e-01,1.884434e-02,1.561338e-02,4.758228e-03
6.295593e-04,6.909309e-04,1.014823e-02,3.599642e-03,1.971494e-02,2.083287e-03,8.061868e-02,2.372152e-03,2.021122e-02,7.108248e-03,6.104335e-02,7.605144e-01,1.431518e-02,1.338919e-02,3.561029e-03
5.356983e-04,6.683851e-04,7.194169e-03,2.561460e-03,1.435887e-02,1.549204e-03,5.645739e-02,1.917120e-03,1.679749e-02,5.634156e-03,7.539593e-02,7.874967e-01,1.051937e-02,1.630960e-02,2.604485e-03
5.152344e-04,7.243342e-04,5.191679e-03,1.932318e-03,1.113252e-02,1.242285e-03,3.954051e-02,1.839489e-03,2.189526e-02,5.157380e-03,1.190978e-01,7.584121e-01,7.686916e-03,2.368974e-02,1.942444e-03
5.278650e-04,8.744395e-04,3.939648e-03,1.623787e-03,1.001594e-02,1.258372e-03,2.771868e-02,1.516291e-03,4.216404e-02,4.639366e-03,1.992809e-01,6.684297e-01,5.614979e-03,3.067764e-02,1.718372e-03
1.384772e-03,1.461659e-03,2.973310e-03,1.450941e-03,8.908672e-03,1.216381e-03,1.942095e-02,1.290761e-03,3.552889e-02,6.463085e-03,2.922718e-01,5.863775e-01,4.574113e-03,3.407859e-02,2.598603e-03
2.220614e-03,1.186849e-03,2.142884e-03,1.209726e-03,8.929444e-03,9.824769e-04,1.360970e-02,1.031268e-03,2.718779e-02,9.431697e-03,3.602304e-01,5.307059e-01,4.222333e-03,3.085472e-02,6.054169e-03
1.199696e-02,1.164839e-03,1.789392e-03,1.604157e-03,1.426656e-02,2.287901e-03,9.608493e-03,9.242721e-04,2.146848e-02,1.548581e-02,3.863268e-01,4.843147e-01,7.193699e-03,3.547875e-02,6.089129e-03
2.090411e-02,1.312896e-03,1.735984e-03,1.520343e-03,1.847213e-02,3.267635e-03,6.843487e-03,1.084209e-03,1.667537e-02,2.254714e-02,4.352078e-01,4.084356e-01,7.932605e-03,4.705144e-02,7.009247e-03
1.912224e-02,1.144539e-03,1.567680e-03,1.214079e-03,2.139583e-02,4.146991e-03,5.250579e-03,1.229923e-03,1.224717e-02,1.896096e-02,4.754604e-01,3.548760e-01,6.995710e-03,7.037473e-02,6.013185e-03
1.688656e-02,1.423307e-03,1.951561e-03,1.004433e-03,2.475993e-02,5.557206e-03,3.930386e-03,1.155536e-03,9.521350e-03,1.483899e-02,4.405020e-01,3.973616e-01,5.909673e-03,7.061710e-02,4.580293e-03
1.380156e-02,1.958671e-03,2.458269e-03,8.860086e-04,2.299987e-02,5.898285e-03,2.934467e-03,1.044110e-03,9.124094e-03,1.196923e-02,3.499365e-01,5.111927e-01,5.138595e-03,5.694216e-02,3.715467e-03
1.133190e-02,2.016292e-03,3.537740e-03,8.855372e-04,7.478604e-02,4.628599e-03,2.307406e-03,1.926229e-03,8.069766e-03,9.950675e-03,3.208209e-01,5.029396e-01,5.008340e-03,4.896966e-02,2.821188e-03
1.060034e-02,2.396901e-03,4.237652e-03,8.504659e-04,7.854317e-02,3.735746e-03,1.740757e-03,1.947056e-03,9.335969e-03,9.053051e-03,3.356345e-01,4.916791e-01,4.545166e-03,4.353033e-02,2.169761e-03
1.310265e-02,3.520072e-03,8.090889e-03,8.338377e-04,7.256953e-02,3.133924e-03,1.310271e-03,2.490311e-03,1.190435e-02,1.282943e-02,3.434523e-01,4.830568e-01,3.920821e-03,3.795899e-02,1.825801e-03
1.005544e-02,3.941299e-03,1.480459e-02,1.056871e-03,5.564121e-02,4.592246e-03,9.594156e-04,4.678050e-03,1.243289e-02,1.031259e-02,3.031976e-01,5.418234e-01,3.946890e-03,3.105503e-02,1.502486e-03
8.374976e-03,6.331473e-03,2.202112e-02,1.910954e-03,4.499098e-02,9.829670e-03,7.326988e-04,9.427483e-03,2.765761e-02,8.288812e-03,2.652511e-01,5.586683e-01,6.018719e-03,2.874526e-02,1.750814e-03
7.842651e-03,7.698836e-03,5.670070e-02,2.304502e-03,3.943701e-02,1.249279e-01,1.206451e-03,8.608984e-03,1.164523e-01,6.719570e-03,1.982644e-01,3.928939e-01,4.742790e-03,2.493829e-02,7.261762e-03
6.583246e-03,7.702407e-03,6.993908e-02,2.720373e-03,4.560900e-02,3.035051e-01,1.807625e-03,7.002017e-03,9.592542e-02,4.824872e-03,1.481576e-01,2.754366e-01,3.517316e-03,2.133159e-02,5.937697e-03
8.121472e-03,1.077404e-02,7.719491e-02,2.810759e-03,4.354254e-02,4.525987e-01,1.524093e-03,5.466322e-03,7.242822e-02,3.501883e-03,1.048609e-01,1.928394e-01,2.556912e-03,1.625198e-02,5.527923e-03
1.098985e-02,1.829224e-02,7.040858e-02,3.067286e-03,4.085764e-02,5.563772e-01,1.179944e-03,4.230071e-03,5.589969e-02,2.527652e-03,7.602047e-02,1.350037e-01,1.891996e-03,1.785018e-02,5.403449e-03
1.317244e-02,3.904987e-02,5.365513e-02,5.235145e-03,3.799496e-02,6.194690e-01,9.514488e-04,3.703696e-03,4.848722e-02,1.976713e-03,5.441725e-02,9.454008e-02,1.439837e-03,1.606513e-02,9.841954e-03
2.465349e-02,6.572814e-02,5.039824e-02,7.074480e-03,4.854859e-02,6.048553e-01,7.672784e-04,3.817469e-03,4.897177e-02,1.644071e-03,3.981276e-02,6.625700e-02,1.287004e-03,2.399208e-02,1.219225e-02
2.680396e-02,1.530005e-01,4.335408e-02,7.408113e-02,5.222325e-02,4.747390e-01,7.807045e-04,5.585220e-03,5.970690e-02,1.314064e-03,2.974128e-02,4.677558e-02,1.189363e-03,1.786924e-02,1.283567e-02
2.576109e-02,1.961983e-01,4.432586e-02,6.652860e-02,4.368740e-02,4.545537e-01,6.557007e-04,4.620934e-03,4.513986e-02,1.521079e-03,2.229013e-02,3.294237e-02,9.718057e-04,1.429167e-02,4.651156e-02
4.586505e-02,1.817611e-01,6.404290e-02,5.494734e-02,3.721327e-02,3.590652e-01,5.385226e-04,3.676141e-03,3.513930e-02,2.278788e-03,1.753931e-02,2.350578e-02,1.380337e-03,1.904227e-02,1.540047e-01
4.978993e-02,1.405322e-01,5.102804e-02,4.270405e-02,2.722847e-02,2.642498e-01,4.160387e-04,2.872593e-03,2.706335e-02,3.138851e-03,1.475137e-02,1.720701e-02,1.823678e-03,4.094717e-02,3.162475e-01
8.616504e-02,1.218437e-01,4.603264e-02,3.737603e-02,2.268025e-02,2.154786e-01,5.002199e-04,2.985925e-03,2.050289e-02,3.878597e-03,1.363003e-02,1.386543e-02,2.439748e-03,4.494286e-02,3.676781e-01
6.055992e-02,8.672182e-02,3.236679e-02,2.679708e-02,1.596989e-02,1.509792e-01,3.607202e-04,2.098555e-03,1.755288e-02,4.976084e-03,1.032818e-02,9.869182e-03,2.005318e-03,3.819875e-02,5.412157e-01
4.255587e-02,6.140212e-02,2.274936e-02,1.899592e-02,1.121337e-02,1.057085e-01,2.568014e-04,1.478870e-03,1.678041e-02,4.434472e-03,8.689785e-03,7.737060e-03,1.603800e-03,4.060601e-02,6.557877e-01
3.001082e-02,4.351766e-02,1.598798e-02,1.337202e-02,7.901045e-03,7.403871e-02,1.875589e-04,1.043931e-03,1.254348e-02,3.965401e-03,6.916880e-03,5.657606e-03,1.243453e-03,5.513903e-02,7.284745e-01
2.111383e-02,3.115555e-02,1.126960e-02,9.571579e-03,5.542377e-03,5.187541e-02,1.409033e-04,7.340844e-04,1.030625e-02,4.023183e-03,1.036276e-02,5.858391e-03,1.207413e-03,8.579955e-02,7.510391e-01
1.550142e-02,2.219797e-02,7.949118e-03,6.941114e-03,3.903953e-03,3.646249e-02,1.269494e-04,5.216252e-04,8.494481e-03,3.707781e-03,1.169612e-02,6.809318e-03,1.018507e-03,1.707048e-01,7.039644e-01
1.139884e-02,1.588842e-02,5.626955e-03,5.202534e-03,2.769084e-03,2.573343e-02,1.296372e-04,3.815277e-04,6.791436e-03,3.724505e-03,2.794249e-02,9.496145e-03,1.046228e-03,2.564482e-01,6.274205e-01
9.333660e-03,1.164952e-02,4.024116e-03,4.577726e-03,2.055175e-03,1.871356e-02,1.302466e-04,2.839537e-04,6.446959e-03,3.793695e-03,3.909877e-02,2.732609e-02,1.582496e-03,3.557777e-01,5.152063e-01
7.683685e-03,8.598749e-03,2.861246e-03,3.740245e-03,1.556396e-03,1.335194e-02,1.472705e-04,2.229396e-04,8.840104e-03,4.267361e-03,3.585923e-02,2.871325e-02,1.626722e-03,5.103384e-01,3.721925e-01
7.104941e-03,2.951876e-02,4.418237e-03,3.977912e-03,2.671025e-03,1.632640e-02,2.072488e-04,3.123335e-04,6.857611e-02,2.473295e-02,4.218062e-02,3.381872e-02,2.624022e-03,4.855342e-01,2.779965e-01
5.778361e-03,2.515358e-02,3.923411e-03,3.266392e-03,2.171521e-03,1.830421e-02,1.942019e-04,3.299886e-04,7.349677e-02,2.551417e-02,4.376062e-02,3.806004e-02,2.645693e-03,5.538222e-01,2.035788e-01
4.296455e-03,2.499288e-02,1.144184e-02,3.553403e-03,1.977871e-03,4.063275e-02,2.276687e-04,4.023524e-04,9.282081e-02,4.240521e-02,5.251893e-02,3.925651e-02,1.009864e-02,5.247484e-01,1.506263e-01
3.256295e-03,2.098797e-02,1.042010e-02,2.969608e-03,1.533177e-03,3.790955e-02,1.803573e-04,4.129233e-04,1.165139e-01,5.605644e-02,6.570480e-02,5.227474e-02,1.017391e-02,5.141503e-01,1.074561e-01
2.390233e-03,2.106649e-02,9.690829e-03,2.432123e-03,1.581566e-03,7.853847e-02,1.589673e-04,6.712275e-04,1.963770e-01,7.396688e-02,6.230466e-02,4.893781e-02,7.888348e-03,4.180239e-01,7.597151e-02
