1.000000e+00,0.000000e+00,0.000000e+00,0.000000e+00,0.000000e+00,0.000000e+00,0.000000e+00,0.000000e+00,0.000000e+00,0.000000e+00,0.000000e+00,0.000000e+00,0.000000e+00,0.000000e+00,0.000000e+00
1.000000e+00,0.000000e+00,0.000000e+00,0.000000e+00,0.000000e+00,0.000000e+00,0.000000e+00,0.000000e+00,0.000000e+00,0.000000e+00,0.000000e+00,0.000000e+00,0.000000e+00,0.000000e+00,0.000000e+00
1.000000e+00,0.000000e+00,0.000000e+00,0.000000e+00,0.000000e+00,0.000000e+00,0.000000e+00,0.000000e+00,0.000000e+00,0.000000e+00,0.000000e+00,0.000000e+00,0.000000e+00,0.000000e+00,0.000000e+00
1.000000e+00,0.000000e+00,0.000000e+00,0.000000e+00,0.000000e+00,0.000000e+00,0.000000e+00,0.000000e+00,0.000000e+00,0.000000e+00,0.000000e+00,0.000000e+00,0.000000e+00,0.000000e+00,0.000000e+00
1.000000e+00,0.000000e+00,0.000000e+00,0.000000e+00,0.000000e+00,0.000000e+00,0.000000e+00,0.000000e+00,0.000000e+00,0.000000e+00,0.000000e+00,0.000000e+00,0.000000e+00,0.000000e+00,0.000000e+00
1.000000e+00,0.000000e+00,0.000000e+00,0.000000e+00,0.000000e+00,0.000000e+00,0.000000e+00,0.000000e+00,0.000000e+00,0.000000e+00,0.000000e+00,0.000000e+00,0.000000e+00,0.000000e+00,0.000000e+00
1.000000e+00,0.000000e+00,0.000000e+00,0.000000e+00,0.000000e+00,0.000000e+00,0.000000e+00,0.000000e+00,0.000000e+00,0.000000e+00,0.000000e+00,0.000000e+00,0.000000e+00,0.000000e+00,0.000000e+00
1.000000e+00,0.000000e+00,0.000000e+00,0.000000e+00,0.000000e+00,0.000000e+00,0.000000e+00,0.000000e+00,0.000000e+00,0.000000e+00,0.000000e+00,0.000000e+00,0.000000e+00,0.000000e+00,0.000000e+00
1.000000e+00,0.000000e+00,0.000000e+00,0.000000e+00,0.000000e+00,0.000000e+00,0.000000e+00,0.000000e+00,0.000000e+00,0.000000e+00,0.000000e+00,0.000000e+00,0.000000e+00,0.000000e+00,0.000000e+00
1.000000e+00,0.000000e+00,0.000000e+00,0.000000e+00,0.000000e+00,0.000000e+00,0.000000e+00,0.000000e+00,0.000000e+00,0.000000e+00,0.000000e+00,0.000000e+00,0.000000e+00,0.000000e+00,0.000000e+00
1.000000e+00,0.000000e+00,0.000000e+00,0.000000e+00,0.000000e+00,0.000000e+00,0.000000e+00,0.000000e+00,0.000000e+00,0.000000e+00,0.000000e+00,0.000000e+00,0.000000e+00,0.000000e+00,0.000000e+00
1.000000e+00,0.000000e+00,0.000000e+00,0.000000e+00,0.000000e+00,0.000000e+00,0.000000e+00,0.000000e+00,0.000000e+00,0.000000e+00,0.000000e+00,0.000000e+00,0.000000e+00,0.000000e+00,0.000000e+00
1.000000e+00,0.000000e+00,0.000000e+00,0.000000e+00,0.000000e+00,0.000000e+00,0.000000e+00,0.000000e+00,0.000000e+00,0.000000e+00,0.000000e+00,0.000000e+00,0.000000e+00,0.000000e+00,0.000000e+00
1.000000e+00,0.000000e+00,0.000000e+00,0.000000e+00,0.000000e+00,0.000000e+00,0.000000e+00,0.000000e+00,0.000000e+00,0.000000e+00,0.000000e+00,0.000000e+00,0.000000e+00,0.000000e+00,0.000000e+00
1.000000e+00,0.000000e+00,0.000000e+00,0.000000e+00,0.000000e+00,0.000000e+00,0.000000e+00,0.000000e+00,0.000000e+00,0.000000e+00,0.000000e+00,0.000000e+00,0.000000e+00,0.000000e+00,0.000000e+00
1.000000e+00,0.000000e+00,0.000000e+00,0.000000e+00,0.000000e+00,0.000000e+00,0.000000e+00,0.000000e+00,0.000000e+00,0.000000e+00,0.000000e+00,0.000000e+00,0.000000e+00,0.000000e+00,0.000000e+00
1.000000e+00,0.000000e+00,0.000000e+00,0.000000e+00,0.000000e+00,0.000000e+00,0.000000e+00,0.000000e+00,0.000000e+00,0.000000e+00,0.000000e+00,0.000000e+00,0.000000e+00,0.000000e+00,0.000000e+00
1.000000e+00,0.000000e+00,0.000000e+00,0.000000e+00,0.000000e+00,0.000000e+00,0.000000e+00,0.000000e+00,0.000000e+00,0.000000e+00,0.000000e+00,0.000000e+00,0.000000e+00,0.000000e+00,0.000000e+00
1.000000e+00,0.000000e+00,0.000000e+00,0.000000e+00,0.000000e+00,0.000000e+00,0.000000e+00,0.000000e+00,0.000000e+00,0.000000e+00,0.000000e+00,0.000000e+00,0.000000e+00,0.000000e+00,0.000000e+00
1.000000e+00,0.000000e+00,0.000000e+00,0.000000e+00,0.000000e+00,0.000000e+00,0.000000e+00,0.000000e+00,0.000000e+00,0.000000e+00,0.000000e+00,0.000000e+00,0.000000e+00,0.000000e+00,0.000000e+00
1.000000e+00,0.000000e+00,0.000000e+00,0.000000e+00,0.000000e+00,0.000000e+00,0.000000e+00,0.000000e+00,0.000000e+00,0.000000e+00,0.000000e+00,0.000000e+00,0.000000e+00,0.000000e+00,0.000000e+00
1.000000e+00,0.000000e+00,0.000000e+00,0.000000e+00,0.000000e+00,0.000000e+00,0.000000e+00,0.000000e+00,0.000000e+00,0.000000e+00,0.000000e+00,0.000000e+00,0.000000e+00,0.000000e+00,0.000000e+00
1.000000e+00,0.000000e+00,0.000000e+00,0.000000e+00,0.000000e+00,0.000000e+00,0.000000e+00,0.000000e+00,0.000000e+00,0.000000e+00,0.000000e+00,0.000000e+00,0.000000e+00,0.000000e+00,0.000000e+00
1.000000e+00,0.000000e+00,0.000000e+00,0.000000e+00,0.000000e+00,0.000000e+00,0.000000e+00,0.000000e+00,0.000000e+00,0.000000e+00,0.000000e+00,0.000000e+00,0.000000e+00,0.000000e+00,0.000000e+00
1.000000e+00,0.000000e+00,0.000000e+00,0.000000e+00,0.000000e+00,0.000000e+00,0.000000e+00,0.000000e+00,0.000000e+00,0.000000e+00,0.000000e+00,0.000000e+00,0.000000e+00,0.000000e+00,0.000000e+00
1.000000e+00,0.000000e+00,0.000000e+00,0.000000e+00,0.000000e+00,0.000000e+00,0.000000e+00,0.000000e+00,0.000000e+00,0.000000e+00,0.000000e+00,0.000000e+00,0.000000e+00,0.000000e+00,0.000000e+00
1.000000e+00,0.000000e+00,0.000000e+00,0.000000e+00,0.000000e+00,0.000000e+00,0.000000e+00,0.000000e+00,0.000000e+00,0.000000e+00,0.000000e+00,0.000000e+00,0.000000e+00,0.000000e+00,0.000000e+00
1.000000e+00,0.000000e+00,0.000000e+00,0.000000e+00,0.000000e+00,0.000000e+00,0.000000e+00,0.000000e+00,0.000000e+00,0.000000e+00,0.000000e+00,0.000000e+00,0.000000e+00,0.000000e+00,0.000000e+00
1.000000e+00,0.000000e+00,0.000000e+00,0.000000e+00,0.000000e+00,0.000000e+00,0.000000e+00,0.000000e+00,0.000000e+00,0.000000e+00,0.000000e+00,0.000000e+00,0.000000e+00,0.000000e+00,0.000000e+00
1.000000e+00,0.000000e+00,0.000000e+00,0.000000e+00,0.000000e+00,0.000000e+00,0.000000e+00,0.000000e+00,0.000000e+00,0.000000e+00,0.000000e+00,0.000000e+00,0.000000e+00,0.000000e+00,0.000000e+00
1.000000e+00,0.000000e+00,0.000000e+00,0.000000e+00,0.000000e+00,0.000000e+00,0.000000e+00,0.000000e+00,0.000000e+00,0.000000e+00,0.000000e+00,0.000000e+00,0.000000e+00,0.000000e+00,0.000000e+00
1.000000e+00,0.000000e+00,0.000000e+00,0.000000e+00,0.000000e+00,0.000000e+00,0.000000e+00,0.000000e+00,0.000000e+00,0.000000e+00,0.000000e+00,0.000000e+00,0.000000e+00,0.000000e+00,0.000000e+00
1.000000e+00,0.000000e+00,0.000000e+00,0.000000e+00,0.000000e+00,0.000000e+00,0.000000e+00,0.000000e+00,0.000000e+00,0.000000e+00,0.000000e+00,0.000000e+00,0.000000e+00,0.000000e+00,0.000000e+00
1.000000e+00,0.000000e+00,0.000000e+00,0.000000e+00,0.000000e+00,0.000000e+00,0.000000e+00,0.000000e+00,0.000000e+00,0.000000e+00,0.000000e+00,0.000000e+00,0.000000e+00,0.000000e+00,0.000000e+00
1.000000e+00,0.000000e+00,0.000000e+00,0.000000e+00,0.000000e+00,0.000000e+00,0.000000e+00,0.000000e+00,0.000000e+00,0.000000e+00,0.000000e+00,0.000000e+00,0.000000e+00,0.000000e+00,0.000000e+00
1.000000e+00,0.000000e+00,0.000000e+00,0.000000e+00,0.000000e+00,0.000000e+00,0.000000e+00,0.000000e+00,0.000000e+00,0.000000e+00,0.000000e+00,0.000000e+00,0.000000e+00,0.000000e+00,0.000000e+00
1.000000e+00,0.000000e+00,0.000000e+00,0.000000e+00,0.000000e+00,0.000000e+00,0.000000e+00,0.000000e+00,0.000000e+00,0.000000e+00,0.000000e+00,0.000000e+00,0.000000e+00,0.000000e+00,0.000000e+00
1.000000e+00,0.000000e+00,0.000000e+00,0.000000e+00,0.000000e+00,0.000000e+00,0.000000e+00,0.000000e+00,0.000000e+00,0.000000e+00,0.000000e+00,0.000000e+00,0.000000e+00,0.000000e+00,0.000000e+00
1.000000e+00,0.000000e+00,0.000000e+00,0.000000e+00,0.000000e+00,0.000000e+00,0.000000e+00,0.000000e+00,0.000000e+00,0.000000e+00,0.000000e+00,0.000000e+00,0.000000e+00,0.000000e+00,0.000000e+00
1.000000e+00,0.000000e+00,0.000000e+00,0.000000e+00,0.000000e+00,0.000000e+00,0.000000e+00,0.000000e+00,0.000000e+00,0.000000e+00,0.000000e+00,0.000000e+00,0.000000e+00,0.000000e+00,0.000000e+00
1.000000e+00,0.000000e+00,0.000000e+00,0.000000e+00,0.000000e+00,0.000000e+00,0.000000e+00,0.000000e+00,0.000000e+00,0.000000e+00,0.000000e+00,0.000000e+00,0.000000e+00,0.000000e+00,0.000000e+00
1.000000e+00,0.000000e+00,0.000000e+00,0.000000e+00,0.000000e+00,0.000000e+00,0.000000e+00,0.000000e+00,0.000000e+00,0.000000e+00,0.000000e+00,0.000000e+00,0.000000e+00,0.000000e+00,0.000000e+00
1.000000e+00,0.000000e+00,0.000000e+00,0.000000e+00,0.000000e+00,0.000000e+00,0.000000e+00,0.000000e+00,0.000000e+00,0.000000e+00,0.000000e+00,0.000000e+00,0.000000e+00,0.000000e+00,0.000000e+00
1.000000e+00,0.000000e+00,0.000000e+00,0.000000e+00,0.000000e+00,0.000000e+00,0.000000e+00,0.000000e+00,0.000000e+00,0.000000e+00,0.000000e+00,0.000000e+00,0.000000e+00,0.000000e+00,0.000000e+00
1.000000e+00,0.000000e+00,0.000000e+00,0.000000e+00,0.000000e+00,0.000000e+00,0.000000e+00,0.000000e+00,0.000000e+00,0.000000e+00,0.000000e+00,0.000000e+00,0.000000e+00,0.000000e+00,0.000000e+00
1.000000e+00,0.000000e+00,0.000000e+00,0.000000e+00,0.000000e+00,0.000000e+00,0.000000e+00,0.000000e+00,0.000000e+00,0.000000e+00,0.000000e+00,0.000000e+00,0.000000e+00,0.000000e+00,0.000000e+00
1.000000e+00,0.000000e+00,0.000000e+00,0.000000e+00,0.000000e+00,0.000000e+00,0.000000e+00,0.000000e+00,0.000000e+00,0.000000e+00,0.000000e+00,0.000000e+00,0.000000e+00,0.000000e+00,0.000000e+00
1.000000e+00,0.000000e+00,0.000000e+00,0.000000e+00,0.000000e+00,0.000000e+00,0.000000e+00,0.000000e+00,0.000000e+00,0.000000e+00,0.000000e+00,0.000000e+00,0.000000e+00,0.000000e+00,0.000000e+00
1.000000e+00,0.000000e+00,0.000000e+00,0.000000e+00,0.000000e+00,0.000000e+00,0.000000e+00,0.000000e+00,0.000000e+00,0.000000e+00,0.000000e+00,0.000000e+00,0.000000e+00,0.000000e+00,0.000000e+00
1.000000e+00,0.000000e+00,0.000000e+00,0.000000e+00,0.000000e+00,0.000000e+00,0.000000e+00,0.000000e+00,0.000000e+00,0.000000e+00,0.000000e+00,0.000000e+00,0.000000e+00,0.000000e+00,0.000000e+00
1.000000e+00,0.000000e+00,0.000000e+00,0.000000e+00,0.000000e+00,0.000000e+00,0.000000e+00,0.000000e+00,0.000000e+00,0.000000e+00,0.000000e+00,0.000000e+00,0.000000e+00,0.000000e+00,0.000000e+00
1.000000e+00,0.000000e+00,0.000000e+00,0.000000e+00,0.000000e+00,0.000000e+00,0.000000e+00,0.000000e+00,0.000000e+00,0.000000e+00,0.000000e+00,0.000000e+00,0.000000e+00,0.000000e+00,0.000000e+00
1.000000e+00,0.000000e+00,0.000000e+00,0.000000e+00,0.000000e+00,0.000000e+00,0.000000e+00,0.000000e+00,0.000000e+00,0.000000e+00,0.000000e+00,0.000000e+00,0.000000e+00,0.000000e+00,0.000000e+00
1.000000e+00,0.000000e+00,0.000000e+00,0.000000e+00,0.000000e+00,0.000000e+00,0.000000e+00,0.000000e+00,0.000000e+00,0.000000e+00,0.000000e+00,0.000000e+00,0.000000e+00,0.000000e+00,0.000000e+00
1.000000e+00,0.000000e+00,0.000000e+00,0.000000e+00,0.000000e+00,0.000000e+00,0.000000e+00,0.000000e+00,0.000000e+00,0.000000e+00,0.000000e+00,0.000000e+00,0.000000e+00,0.000000e+00,0.000000e+00
1.000000e+00,0.000000e+00,0.000000e+00,0.000000e+00,0.000000e+00,0.000000e+00,0.000000e+00,0.000000e+00,0.000000e+00,0.000000e+00,0.000000e+00,0.000000e+00,0.000000e+00,0.000000e+00,0.000000e+00
1.000000e+00,0.000000e+00,0.000000e+00,0.000000e+00,0.000000e+00,0.000000e+00,0.000000e+00,0.000000e+00,0.000000e+00,0.000000e+00,0.000000e+00,0.000000e+00,0.000000e+00,0.000000e+00,0.000000e+00
1.000000e+00,0.000000e+00,0.000000e+00,0.000000e+00,0.000000e+00,0.000000e+00,0.000000e+00,0.000000e+00,0.000000e+00,0.000000e+00,0.000000e+00,0.000000e+00,0.000000e+00,0.000000e+00,0.000000e+00
1.000000e+00,0.000000e+00,0.000000e+00,0.000000e+00,0.000000e+00,0.000000e+00,0.000000e+00,0.000000e+00,0.000000e+00,0.000000e+00,0.000000e+00,0.000000e+00,0.000000e+00,0.000000e+00,0.000000e+00
1.000000e+00,0.000000e+00,0.000000e+00,0.000000e+00,0.000000e+00,0.000000e+00,0.000000e+00,0.000000e+00,0.000000e+00,0.000000e+00,0.000000e+00,0.000000e+00,0.000000e+00,0.000000e+00,0.000000e+00
1.000000e+00,0.000000e+00,0.000000e+00,0.000000e+00,0.000000e+00,0.000000e+00,0.000000e+00,0.000000e+00,0.000000e+00,0.000000e+00,0.000000e+00,0.000000e+00,0.000000e+00,0.000000e+00,0.000000e+00
4.606016e-01,1.109305e-02,3.411562e-02,5.733133e-02,5.405184e-03,1.557299e-02,5.989620e-03,3.481985e-01,5.538586e-03,1.024512e-03,8.191082e-03,2.087507e-02,1.425183e-02,1.880548e-03,9.930477e-03
3.273457e-01,7.842805e-03,2.541876e-02,4.181575e-02,3.998791e-03,1.134796e-02,4.613229e-03,5.336565e-01,3.915366e-03,7.295940e-04,5.905367e-03,1.480185e-02,1.017407e-02,1.402174e-03,7.032121e-03
2.327363e-01,5.542447e-03,1.846476e-02,2.979507e-02,2.988356e-03,8.224594e-03,3.719190e-03,6.672519e-01,2.755276e-03,5.183541e-04,4.239510e-03,1.046030e-02,7.249996e-03,1.066927e-03,4.986970e-03
1.633939e-01,3.899622e-03,1.347794e-02,2.142682e-02,2.190080e-03,5.837920e-03,2.745626e-03,7.649889e-01,1.932566e-03,3.641952e-04,3.003335e-03,7.335186e-03,5.103262e-03,8.016661e-04,3.499071e-03
1.145704e-01,2.747514e-03,9.710082e-03,1.518017e-02,1.680707e-03,4.154070e-03,2.083004e-03,8.341901e-01,1.356103e-03,2.564093e-04,2.194445e-03,5.156541e-03,3.630544e-03,6.354569e-04,2.454534e-03
8.035869e-02,1.935202e-03,6.949543e-03,1.077461e-02,1.336621e-03,3.007656e-03,1.698498e-03,8.826557e-01,9.528837e-04,1.810674e-04,1.631689e-03,3.633825e-03,2.662828e-03,4.983863e-04,1.722875e-03
5.722546e-02,1.389648e-03,4.997130e-03,7.662280e-03,1.322674e-03,2.191882e-03,1.561528e-03,8.871630e-01,7.678967e-04,2.995528e-04,3.744284e-03,4.773613e-03,2.386965e-02,1.450752e-03,1.580654e-03
4.037411e-02,1.012516e-03,3.594717e-03,5.556646e-03,1.330292e-03,1.920585e-03,1.770636e-03,7.435800e-01,7.545909e-04,3.693463e-04,7.704687e-03,9.804741e-03,1.769550e-01,1.429306e-03,3.842853e-03
2.848918e-02,7.648264e-04,2.591417e-03,3.966377e-03,1.735553e-03,1.955803e-03,2.517700e-03,5.547600e-01,1.027307e-03,5.371680e-04,8.023982e-03,4.793171e-02,3.381792e-01,2.469675e-03,5.050059e-03
2.021087e-02,6.702838e-04,1.918994e-03,2.930407e-03,1.503330e-03,2.838425e-03,2.421849e-03,3.969557e-01,2.512887e-03,7.625057e-04,1.104210e-02,8.644862e-02,4.582768e-01,3.184979e-03,8.322204e-03
1.440978e-02,7.362332e-04,1.555614e-03,2.405862e-03,1.309860e-03,3.738575e-03,2.440150e-03,2.827111e-01,7.802326e-03,1.883005e-03,1.380004e-02,2.120803e-01,4.431627e-01,4.960687e-03,7.003761e-03
1.113987e-02,1.169492e-03,2.025456e-03,4.448079e-03,2.479284e-03,5.980957e-03,1.934127e-03,1.991168e-01,1.530483e-02,3.471605e-03,1.808278e-02,3.241742e-01,3.922078e-01,8.836512e-03,9.628216e-03
8.000321e-03,1.392926e-03,2.402663e-03,4.107195e-03,4.324367e-03,4.714889e-03,1.550350e-03,1.403921e-01,1.775731e-02,4.735380e-03,2.021751e-02,3.264904e-01,4.444856e-01,1.201947e-02,7.409472e-03
6.769448e-03,2.829009e-03,4.830278e-03,3.885929e-03,6.385375e-03,3.846100e-03,1.407560e-03,1.000664e-01,2.372706e-02,1.414499e-02,2.848295e-02,4.083400e-01,3.662180e-01,2.249558e-02,6.571245e-03
6.078599e-03,2.220107e-03,4.016883e-03,3.982587e-03,7.141840e-03,3.114883e-03,1.325861e-03,7.061815e-02,2.342250e-02,2.259015e-02,4.089230e-02,5.074626e-01,2.743317e-01,2.771714e-02,5.084640e-03
4.608245e-03,1.698187e-03,3.206853e-03,3.279497e-03,6.032018e-03,2.355832e-03,1.095758e-03,5.014784e-02,2.768468e-02,2.126444e-02,4.175184e-02,5.777907e-01,2.166217e-01,3.864732e-02,3.814975e-03
3.516250e-03,1.873429e-03,3.739648e-03,2.392704e-03,4.852067e-03,1.774994e-03,7.908464e-04,3.542236e-02,2.504036e-02,1.668958e-02,4.224586e-02,6.382104e-01,1.681457e-01,5.242189e-02,2.883814e-03
2.607854e-03,1.484611e-03,3.946154e-03,2.006091e-03,5.048768e-03,1.357814e-03,5.658499e-04,2.512638e-02,3.236508e-02,1.717781e-02,4.440147e-02,6.767545e-01,1.243566e-01,6.051656e-02,2.284517e-03
2.851434e-03,1.243306e-03,3.309289e-03,1.978688e-03,6.748137e-03,1.119600e-03,4.392842e-04,1.793100e-02,2.894756e-02,1.863687e-02,9.364811e-02,6.808681e-01,8.887348e-02,5.088925e-02,2.515921e-03
2.686567e-03,1.142661e-03,3.047773e-03,1.863329e-03,1.096516e-02,1.031780e-03,3.718642e-04,1.279000e-02,2.468697e-02,1.818341e-02,1.921789e-01,6.097322e-01,6.384842e-02,5.465257e-02,2.818476e-03
2.635615e-03,1.578226e-03,3.346934e-03,1.766494e-03,1.138887e-02,8.774932e-04,2.832935e-04,9.220625e-03,2.980029e-02,1.536402e-02,1.878446e-01,6.294230e-01,4.630059e-02,5.770838e-02,2.461572e-03
3.924150e-03,1.804939e-03,3.887838e-03,2.153073e-03,1.575193e-02,1.231902e-03,2.419590e-04,7.214217e-03,3.532116e-02,2.092037e-02,2.807198e-01,4.963872e-01,3.442683e-02,8.762910e-02,8.385611e-03
4.238946e-03,2.695925e-03,3.752336e-03,1.874013e-03,1.295909e-02,1.491214e-03,1.976550e-04,5.383529e-03,3.213389e-02,2.861141e-02,3.601408e-01,3.742202e-01,2.566298e-02,1.292767e-01,1.736138e-02
4.309025e-03,4.194717e-03,3.594512e-03,1.418135e-03,1.002230e-02,1.635860e-03,1.584471e-04,3.922409e-03,2.446634e-02,3.129207e-02,4.433489e-01,2.787548e-01,1.855180e-02,1.601810e-01,1.414967e-02
8.690723e-03,3.677931e-03,2.973284e-03,1.129684e-03,8.281832e-03,2.286138e-03,2.090269e-04,2.869813e-03,1.779785e-02,2.708550e-02,4.537348e-01,2.091320e-01,1.354443e-02,2.382396e-01,1.034747e-02
2.439506e-02,4.557207e-03,4.996165e-03,1.179165e-03,7.917213e-03,3.394426e-03,6.933761e-04,3.210407e-03,1.373654e-02,2.711010e-02,4.721893e-01,1.657693e-01,1.012614e-02,2.524924e-01,8.233117e-03
2.856733e-02,5.004921e-03,5.590547e-03,1.252301e-03,1.242223e-02,1.078888e-02,3.755229e-03,4.429998e-03,1.214360e-02,4.136028e-02,4.789234e-01,1.264836e-01,8.444013e-03,2.532760e-01,7.557657e-03
2.443524e-02,5.727504e-03,6.355919e-03,1.455588e-03,1.644423e-02,2.120509e-02,3.234783e-03,5.059438e-03,1.127992e-02,3.627115e-02,4.465565e-01,9.316647e-02,6.408374e-03,3.163732e-01,6.026541e-03
1.923147e-02,4.743421e-03,7.818567e-03,3.760869e-03,1.604123e-02,3.367171e-02,2.889517e-03,2.602405e-02,1.201715e-02,3.130175e-02,4.082868e-01,7.871894e-02,6.270828e-03,3.435249e-01,5.698850e-03
1.450551e-02,3.600820e-03,9.293836e-03,5.195503e-03,1.545726e-02,3.274921e-02,2.478561e-03,8.667719e-02,3.437909e-02,3.070219e-02,3.497464e-01,6.386033e-02,7.559102e-03,3.360843e-01,7.710768e-03
2.008750e-02,5.065942e-03,2.267412e-02,4.894861e-03,3.520283e-02,7.096243e-02,8.730568e-03,1.579966e-01,3.950968e-02,2.572924e-02,2.800439e-01,5.004542e-02,8.116151e-03,2.634594e-01,7.481419e-03
3.079541e-02,5.589885e-03,4.597156e-02,7.646184e-03,4.214786e-02,1.346873e-01,7.795331e-03,2.094777e-01,4.714812e-02,1.959081e-02,2.031109e-01,3.577249e-02,9.110681e-03,1.926686e-01,8.487147e-03
4.371810e-02,4.743982e-03,6.707017e-02,1.318751e-02,4.257761e-02,1.525102e-01,6.351858e-03,2.291131e-01,8.569071e-02,1.486226e-02,1.452037e-01,2.523407e-02,1.139143e-02,1.475656e-01,1.077970e-02
4.806056e-02,4.519353e-03,8.354989e-02,1.572568e-02,4.524289e-02,1.532032e-01,6.230982e-03,1.927147e-01,1.781109e-01,1.097513e-02,1.023310e-01,1.771282e-02,1.742793e-02,1.123728e-01,1.182214e-02
4.438834e-02,5.266693e-03,2.428381e-01,2.090344e-02,3.923455e-02,1.144701e-01,4.607948e-03,1.444265e-01,1.786601e-01,8.251648e-03,7.191090e-02,1.244992e-02,1.636659e-02,8.200692e-02,1.421815e-02
3.986718e-02,5.600840e-03,3.401107e-01,2.077557e-02,4.789798e-02,8.867452e-02,4.138987e-03,1.707051e-01,1.307063e-01,5.883591e-03,5.056019e-02,8.760267e-03,1.267043e-02,6.315969e-02,1.048870e-02
3.426444e-02,9.701656e-03,4.615606e-01,1.789246e-02,5.008245e-02,7.522274e-02,4.699885e-03,1.406384e-01,9.400571e-02,4.200798e-03,3.571377e-02,6.167340e-03,9.223854e-03,4.888740e-02,7.738526e-03
3.622722e-02,1.722676e-02,4.914312e-01,1.752594e-02,7.546939e-02,6.604058e-02,5.899924e-03,1.368296e-01,6.849064e-02,3.138124e-03,2.562239e-02,4.518487e-03,7.176276e-03,3.855017e-02,5.853366e-03
3.354485e-02,1.765439e-02,5.798157e-01,1.548312e-02,7.060245e-02,4.869989e-02,5.835031e-03,1.176837e-01,4.891343e-02,2.357517e-03,1.810836e-02,3.228233e-03,5.519892e-03,2.786670e-02,4.686672e-03
3.610558e-02,1.693575e-02,5.622875e-01,1.449423e-02,6.930560e-02,3.756947e-02,9.559711e-03,1.724332e-01,3.536367e-02,1.898840e-03,1.281908e-02,2.343706e-03,4.753268e-03,2.028537e-02,3.844951e-03
3.503558e-02,1.495985e-02,4.348125e-01,1.243276e-02,6.769891e-02,2.812148e-02,8.901108e-03,3.385637e-01,2.567516e-02,1.501169e-03,9.097518e-03,1.712877e-03,3.738607e-03,1.478211e-02,2.966592e-03
3.731104e-02,1.195797e-02,3.471083e-01,1.176605e-02,6.066058e-02,2.109746e-02,9.656870e-03,4.556364e-01,1.926870e-02,1.380883e-03,6.494671e-03,1.331788e-03,3.080805e-03,1.073322e-02,2.515231e-03
4.285260e-02,9.914089e-03,2.951598e-01,1.497663e-02,5.977269e-02,1.661027e-02,1.189097e-02,5.117171e-01,1.696514e-02,1.450770e-03,4.685632e-03,1.136201e-03,2.561517e-03,7.793919e-03,2.512691e-03
6.658717e-02,9.001138e-03,2.474051e-01,2.217569e-02,4.750608e-02,1.521021e-02,1.313277e-02,5.432843e-01,1.549135e-02,2.587412e-03,4.027352e-03,1.789424e-03,2.373527e-03,6.191434e-03,3.237137e-03
6.971901e-02,6.655995e-03,1.926517e-01,1.836588e-02,3.523381e-02,1.228289e-02,1.303775e-02,6.242435e-01,1.161905e-02,2.176604e-03,3.202352e-03,1.759514e-03,1.958285e-03,4.474086e-03,2.619598e-03
6.608196e-02,4.834804e-03,1.508860e-01,1.462561e-02,2.659860e-02,1.013712e-02,1.245467e-02,6.929843e-01,8.375310e-03,1.894630e-03,2.559211e-03,1.493779e-03,1.574455e-03,3.234528e-03,2.264999e-03
7.986590e-02,3.952326e-03,1.661409e-01,1.556349e-02,2.001424e-02,1.234723e-02,1.646128e-02,6.639208e-01,6.076870e-03,3.209135e-03,2.480780e-03,1.917118e-03,2.529423e-03,2.466626e-03,3.053893e-03
7.591945e-02,3.389371e-03,1.614084e-01,1.305110e-02,1.554575e-02,1.697530e-02,3.506608e-02,6.497915e-01,4.597519e-03,5.059238e-03,2.433005e-03,2.831621e-03,7.947981e-03,1.981377e-03,4.002355e-03
6.768801e-02,2.635215e-03,1.227750e-01,1.080507e-02,1.250513e-02,1.716787e-02,3.618908e-02,7.019646e-01,3.553418e-03,4.789585e-03,2.430563e-03,2.774073e-03,8.638762e-03,1.569142e-03,4.514564e-03
5.856640e-02,1.971000e-03,8.763655e-02,8.443989e-03,1.147911e-02,1.329335e-02,2.825728e-02,7.681904e-01,2.640192e-03,3.539792e-03,2.019501e-03,2.326059e-03,6.666538e-03,1.183399e-03,3.786429e-03
4.754891e-02,2.330716e-03,6.411041e-02,6.666630e-03,1.289761e-02,1.325811e-02,2.680655e-02,7.674261e-01,8.624013e-03,8.527304e-03,5.221110e-03,4.034863e-03,2.115294e-02,2.194548e-03,9.200083e-03
3.624097e-02,2.042828e-03,4.543237e-02,4.888120e-03,1.191955e-02,1.204941e-02,2.071134e-02,6.733254e-01,9.680098e-03,8.785740e-03,1.150404e-02,6.082304e-03,1.318049e-01,2.670141e-03,2.286279e-02
3.065227e-02,1.709192e-03,3.239913e-02,3.628695e-03,1.075540e-02,1.178262e-02,1.574119e-02,5.516605e-01,1.071515e-02,7.256423e-03,1.961697e-02,7.614022e-03,2.516444e-01,3.831008e-03,4.099292e-02
2.491212e-02,2.250191e-03,2.389286e-02,3.553793e-03,1.100719e-02,9.822346e-03,1.330715e-02,4.122383e-01,5.259150e-02,2.259318e-02,1.928398e-02,1.172758e-02,3.083933e-01,2.315255e-02,6.127392e-02
1.998118e-02,2.285308e-03,1.750988e-02,3.245785e-03,9.665748e-03,8.398551e-03,9.758317e-03,2.909064e-01,5.838336e-02,1.914495e-02,1.681579e-02,1.613658e-02,4.315993e-01,2.032730e-02,7.584158e-02
1.710954e-02,2.378424e-03,1.246174e-02,3.427675e-03,7.274391e-03,9.862760e-03,8.621258e-03,2.048420e-01,5.943027e-02,1.429586e-02,1.374218e-02,4.063245e-02,5.314363e-01,1.552013e-02,5.896492e-02
1.592316e-02,1.879711e-03,8.811816e-03,2.745281e-03,5.925184e-03,9.055546e-03,6.745676e-03,1.440774e-01,4.672045e-02,1.046954e-02,1.055965e-02,1.248473e-01,5.556611e-01,1.173511e-02,4.484303e-02
1.222865e-02,1.460798e-03,6.307159e-03,2.109563e-03,5.749157e-03,8.449057e-03,5.425281e-03,1.014177e-01,3.555970e-02,7.575154e-03,8.040520e-03,1.573698e-01,6.033325e-01,9.370476e-03,3.560453e-02
9.454769e-03,1.669010e-03,5.475482e-03,1.917529e-03,8.967116e-03,8.395661e-03,5.629459e-03,7.561032e-02,3.028792e-02,7.088660e-03,7.294715e-03,1.371545e-01,6.529304e-01,1.035753e-02,3.776696e-02
6.937468e-03,2.278471e-03,4.234335e-03,1.388885e-03,7.167454e-03,1.493530e-02,4.335243e-03,5.328104e-02,2.652418e-02,5.506413e-03,6.120901e-03,1.357056e-01,6.948655e-01,8.451862e-03,2.826740e-02
5.559133e-03,3.632590e-03,3.933957e-03,1.201014e-03,8.672668e-03,1.677404e-02,3.486443e-03,3.779149e-02,2.606010e-02,5.548627e-03,7.041673e-03,1.373176e-01,7.106922e-01,1.095684e-02,2.133163e-02
6.363657e-03,8.559340e-03,4.333449e-03,1.135009e-03,2.458187e-02,2.992882e-02,3.396711e-03,2.841442e-02,6.422192e-02,5.232844e-03,6.624576e-03,1.134819e-01,6.790129e-01,8.204537e-03,1.650802e-02
9.297129e-03,3.260911e-02,5.520996e-03,1.303176e-03,3.037496e-02,6.072441e-02,3.286105e-03,2.771950e-02,1.504760e-01,6.161513e-03,6.433027e-03,9.575368e-02,5.501823e-01,6.523151e-03,1.363491e-02
7.166744e-03,3.175172e-02,4.078168e-03,1.049156e-03,2.288565e-02,1.507482e-01,2.430707e-03,1.996814e-02,2.768879e-01,4.443489e-03,5.081313e-03,6.787016e-02,3.912319e-01,4.622042e-03,9.784667e-03
5.245523e-03,3.028156e-02,2.952158e-03,1.002186e-03,1.668767e-02,2.530814e-01,1.740535e-03,1.401674e-02,3.357117e-01,3.192836e-03,3.734419e-03,4.759162e-02,2.744456e-01,3.256764e-03,7.059257e-03
4.448956e-03,2.725252e-02,2.211158e-03,9.419638e-04,1.351744e-02,3.080382e-01,1.516103e-03,9.854012e-03,3.932809e-01,2.410096e-03,2.782423e-03,3.337499e-02,1.925649e-01,2.302900e-03,5.503461e-03
3.890937e-03,2.622413e-02,1.798452e-03,2.504104e-03,1.264572e-02,4.067350e-01,1.488556e-03,7.244924e-03,3.666584e-01,2.346224e-03,2.141999e-03,2.349601e-02,1.356667e-01,1.639498e-03,5.519457e-03
3.415313e-03,2.902948e-02,1.426173e-03,3.795735e-03,1.015028e-02,4.930111e-01,1.255909e-03,5.334583e-03,3.276835e-01,2.220224e-03,1.725188e-03,1.666321e-02,9.592626e-02,1.177927e-03,7.185204e-03
3.446945e-03,3.022212e-02,1.135235e-03,5.104499e-03,1.060919e-02,5.610567e-01,1.236910e-03,4.489782e-03,2.780938e-01,3.070163e-03,1.614331e-03,1.181996e-02,6.897432e-02,9.005685e-04,1.822540e-02
5.604515e-03,4.398071e-02,8.404850e-04,6.498647e-03,9.657796e-03,5.806693e-01,1.115786e-03,5.300484e-03,2.450683e-01,3.242286e-03,1.591338e-03,8.677932e-03,5.668740e-02,9.212713e-04,3.014381e-02
7.774195e-03,4.533824e-02,6.403159e-04,7.050573e-03,7.646967e-03,5.555113e-01,1.140717e-03,6.816762e-03,2.170764e-01,3.323827e-03,1.668735e-03,6.518914e-03,9.631792e-02,8.815879e-04,4.229354e-02
1.297969e-02,5.410831e-02,4.834903e-04,7.038017e-03,5.870497e-03,4.878275e-01,8.710225e-04,6.370611e-03,1.827526e-01,2.531677e-03,2.855132e-03,5.525682e-03,1.895253e-01,9.735719e-04,4.028694e-02
1.504390e-02,6.376401e-02,4.105279e-04,1.037528e-02,5.009530e-03,4.077879e-01,6.732190e-04,5.247111e-03,1.707062e-01,1.988931e-03,3.820419e-03,7.563398e-03,2.691113e-01,1.081294e-03,3.741705e-02
1.546977e-02,5.866300e-02,4.232006e-04,1.569699e-02,3.957003e-03,3.169978e-01,6.604351e-04,3.886750e-03,2.051570e-01,1.800122e-03,4.779286e-03,9.438828e-03,3.227921e-01,1.881123e-03,3.839680e-02
1.590527e-02,6.017541e-02,6.228723e-04,2.173013e-02,3.099983e-03,2.469961e-01,6.347283e-04,2.820933e-03,1.714829e-01,2.038833e-03,1.323264e-02,3.232542e-02,3.823437e-01,2.967553e-03,4.362354e-02
1.569739e-02,4.776438e-02,6.661266e-04,2.012704e-02,2.401289e-03,2.155230e-01,6.128530e-04,2.003408e-03,1.305557e-01,1.858149e-03,2.286505e-02,6.625992e-02,4.304596e-01,3.656649e-03,3.954951e-02
1.165167e-02,3.359062e-02,5.101033e-04,1.469521e-02,1.720992e-03,2.393475e-01,4.835473e-04,1.406835e-03,9.247149e-02,1.854552e-03,3.174567e-02,1.368912e-01,4.021143e-01,3.077605e-03,2.843871e-02
8.483535e-03,2.359106e-02,3.814660e-04,1.060468e-02,1.235783e-03,2.511928e-01,3.736270e-04,9.875213e-04,6.567066e-02,1.867312e-03,3.410567e-02,2.271106e-01,3.518227e-01,2.449625e-03,2.012286e-02
6.102907e-03,1.655600e-02,3.453325e-04,7.530267e-03,8.821712e-04,2.731282e-01,3.335940e-04,6.930937e-04,4.642673e-02,1.893767e-03,2.855991e-02,3.109094e-01,2.905495e-01,1.839608e-03,1.424952e-02
4.430916e-03,1.161816e-02,2.640426e-04,5.356092e-03,6.452266e-04,2.327372e-01,3.276051e-04,4.949311e-04,3.315810e-02,2.443142e-03,2.797037e-02,4.577869e-01,2.114485e-01,1.312675e-03,1.000617e-02
3.241924e-03,8.178647e-03,2.023089e-04,3.807261e-03,4.862324e-04,1.968213e-01,2.967331e-04,3.549681e-04,2.421753e-02,3.223712e-03,2.814386e-02,5.670143e-01,1.560360e-01,9.363721e-04,7.038822e-03
2.308933e-03,5.739336e-03,1.488820e-04,2.691656e-03,3.733497e-04,1.723582e-01,2.524872e-04,2.606442e-04,1.792863e-02,3.265485e-03,2.401358e-02,6.532626e-01,1.117954e-01,6.623835e-04,4.938390e-03
1.659685e-03,4.028417e-03,1.088003e-04,1.910181e-03,2.963789e-04,1.416140e-01,2.223752e-04,2.039223e-04,1.373641e-02,3.796432e-03,2.437776e-02,7.235731e-01,8.053238e-02,4.731580e-04,3.466992e-03
1.188440e-03,2.830778e-03,8.698042e-05,1.370794e-03,2.875381e-04,1.051973e-01,2.553647e-04,1.794668e-04,1.259802e-02,4.008743e-03,2.468053e-02,7.860048e-01,5.852308e-02,3.520329e-04,2.436180e-03
8.440167e-04,1.991573e-03,8.933200e-05,9.759249e-04,6.630839e-04,7.474834e-02,3.754562e-04,1.918579e-04,1.348574e-02,3.621746e-03,2.087453e-02,8.376001e-01,4.255284e-02,2.728766e-04,1.712665e-03
6.011039e-04,1.425161e-03,3.665801e-04,7.070620e-04,8.862059e-03,5.281865e-02,7.395417e-04,3.626467e-04,3.568925e-02,3.380905e-03,1.768267e-02,8.442505e-01,3.169272e-02,2.164095e-04,1.204790e-03
4.318837e-04,1.073357e-03,1.646566e-03,5.129007e-04,2.626989e-02,3.746979e-02,1.519840e-03,2.828987e-03,9.115101e-02,2.825221e-03,1.580301e-02,7.935244e-01,2.391773e-02,1.764799e-04,8.489822e-04
3.211372e-04,8.158966e-04,2.171588e-03,3.816468e-04,2.646407e-02,2.746716e-02,1.661709e-03,1.011267e-02,1.274496e-01,2.342306e-03,1.492296e-02,7.655820e-01,1.955455e-02,1.518031e-04,6.010792e-04
2.903863e-04,6.276956e-04,2.373697e-03,2.918400e-04,2.476963e-02,2.020968e-02,1.438274e-03,2.682871e-02,2.230407e-01,1.775349e-03,1.385989e-02,6.684440e-01,1.550575e-02,1.154143e-04,4.289942e-04
2.207050e-04,6.270594e-04,1.683083e-03,2.075313e-04,1.995101e-02,1.540775e-02,1.214519e-03,2.414885e-02,4.437454e-01,1.255036e-03,9.822263e-03,4.701299e-01,1.119695e-02,8.363361e-05,3.064080e-04
2.012744e-04,6.487938e-04,1.232924e-03,1.762229e-04,2.463421e-02,1.396691e-02,1.339272e-03,2.256467e-02,5.888121e-01,9.096056e-04,6.948549e-03,3.300055e-01,8.257089e-03,6.114904e-05,2.418115e-04
2.939959e-04,1.343300e-03,1.057115e-03,4.394697e-04,4.744325e-02,2.329005e-02,1.183843e-03,1.769333e-02,6.620566e-01,1.042063e-03,4.987262e-03,2.311946e-01,7.356262e-03,5.256365e-05,5.664377e-04
4.926489e-04,1.429598e-03,9.180562e-04,4.164087e-04,1.111037e-01,3.140005e-02,1.823373e-03,1.265096e-02,6.673555e-01,8.978974e-04,3.523560e-03,1.618533e-01,5.368671e-03,4.324792e-05,7.230826e-04
1.819722e-03,2.493703e-03,8.244609e-04,2.051168e-03,2.166640e-01,8.049759e-02,5.641273e-03,9.089802e-03,5.583752e-01,7.846036e-04,2.506613e-03,1.133187e-01,4.743659e-03,3.517818e-05,1.154387e-03
2.741358e-02,1.297472e-02,8.002032e-04,3.892380e-03,2.567810e-01,1.405916e-01,1.167361e-02,6.526860e-03,4.511593e-01,6.850670e-04,1.831020e-03,7.940447e-02,4.036583e-03,3.724736e-05,2.192363e-03
4.766395e-02,3.195141e-02,7.636254e-04,5.986691e-03,2.857152e-01,1.806384e-01,1.556640e-02,4.666878e-03,3.639506e-01,5.508707e-04,1.389893e-03,5.563629e-02,3.099739e-03,3.913542e-05,2.380963e-03
4.235008e-02,2.430728e-02,6.095181e-04,5.274746e-03,2.655453e-01,2.667229e-01,7.890353e-02,3.361387e-03,2.626858e-01,4.967788e-04,9.960138e-04,3.897743e-02,7.675267e-03,3.540259e-05,2.058591e-03
4.178705e-02,3.305787e-02,6.581059e-04,6.293057e-03,3.489068e-01,2.343757e-01,6.169254e-02,2.642854e-03,2.296748e-01,1.548423e-03,9.493064e-04,2.749554e-02,7.568993e-03,5.538479e-05,3.293585e-03
5.903105e-02,2.520937e-02,1.174827e-03,4.713432e-03,4.348040e-01,1.720429e-01,4.423978e-02,2.023619e-03,1.731091e-01,5.367763e-03,4.174934e-03,1.936504e-02,5.680713e-03,4.406369e-03,4.465715e-02
6.985757e-02,2.091936e-02,1.497198e-03,3.712634e-03,3.445250e-01,1.815525e-01,3.125324e-02,1.527241e-03,1.325159e-01,8.028023e-03,1.113991e-02,1.363212e-02,4.388503e-03,1.980284e-02,1.556479e-01
9.316735e-02,2.027372e-02,1.842306e-03,2.990873e-03,2.981625e-01,1.787765e-01,2.219271e-02,1.183871e-03,1.073164e-01,9.761697e-03,1.525058e-02,9.632100e-03,3.523814e-03,4.567231e-02,1.902533e-01
9.358785e-02,2.050928e-02,2.435192e-03,2.411645e-03,2.474003e-01,1.783467e-01,1.586662e-02,9.321958e-04,9.291411e-02,3.093743e-02,1.830734e-02,7.048334e-03,3.356706e-03,6.547433e-02,2.204719e-01
9.506971e-02,2.059914e-02,2.321016e-03,2.100016e-03,1.991532e-01,1.646128e-01,1.148036e-02,7.209849e-04,7.014809e-02,3.058992e-02,1.548828e-02,5.138267e-03,2.785190e-03,7.608835e-02,3.037046e-01
7.633338e-02,1.647992e-02,2.234990e-03,2.345924e-03,1.417723e-01,2.377953e-01,8.634076e-03,5.532515e-04,5.746030e-02,3.106328e-02,1.230402e-02,3.853105e-03,3.309850e-03,7.959442e-02,3.262659e-01
5.768875e-02,1.352323e-02,2.564269e-03,2.364169e-03,9.959650e-02,2.031875e-01,6.185330e-03,4.683556e-04,6.058469e-02,4.670933e-02,9.326039e-03,3.271468e-03,3.277857e-03,7.614492e-02,4.151076e-01
5.893422e-02,1.366232e-02,3.115405e-03,2.280087e-03,7.093581e-02,1.793596e-01,4.643379e-03,5.327005e-04,5.880614e-02,4.977648e-02,8.616902e-03,3.016524e-03,4.466328e-03,1.021893e-01,4.396649e-01
6.885615e-02,1.189295e-02,2.796981e-03,1.742259e-03,4.981631e-02,1.652241e-01,3.642180e-03,5.731679e-04,5.290722e-02,4.251880e-02,7.415794e-03,2.668407e-03,5.069945e-03,1.053896e-01,4.794861e-01
6.884547e-02,1.127685e-02,2.244426e-03,1.338299e-03,3.499525e-02,1.537399e-01,3.145955e-03,4.889953e-04,5.969193e-02,3.884808e-02,9.009525e-03,3.266669e-03,5.043651e-03,1.070388e-01,5.010262e-01
5.316342e-02,1.469068e-02,2.026136e-03,1.227014e-03,2.475253e-02,1.160882e-01,2.691868e-03,4.609295e-04,8.044787e-02,5.461799e-02,3.092132e-02,8.307064e-03,5.250140e-03,1.368303e-01,4.685245e-01
3.828299e-02,1.613325e-02,1.527077e-03,1.254486e-03,1.745694e-02,8.270460e-02,1.959010e-03,3.510185e-04,7.898299e-02,5.160785e-02,1.112495e-01,5.386410e-02,1.280371e-02,1.588926e-01,3.729298e-01
2.744853e-02,2.116121e-02,1.187053e-03,1.011662e-03,1.231264e-02,5.829001e-02,1.419558e-03,2.668146e-04,6.639303e-02,4.413062e-02,1.500502e-01,4.535365e-02,1.352107e-02,2.506053e-01,3.068486e-01
1.936788e-02,2.247384e-02,1.095528e-03,9.362696e-04,8.682796e-03,4.110704e-02,1.035221e-03,2.173998e-04,7.403255e-02,3.816917e-02,1.664345e-01,3.330344e-02,1.030219e-02,3.174786e-01,2.653636e-01
1.383412e-02,3.178953e-02,8.247277e-04,8.814410e-04,6.138946e-03,2.943719e-02,7.686164e-04,1.742084e-04,7.604104e-02,2.983767e-02,1.627887e-01,2.492291e-02,8.181414e-03,3.828149e-01,2.315646e-01
1.037438e-02,5.438394e-02,6.242211e-04,8.013483e-04,4.345007e-03,2.271840e-02,5.693862e-04,1.377829e-04,8.495845e-02,2.720773e-02,1.455420e-01,2.025724e-02,6.848234e-03,3.992833e-01,2.219485e-01
7.709652e-03,9.708834e-02,9.871800e-04,9.762585e-04,3.596554e-03,9.405777e-02,5.711470e-04,3.736644e-04,1.595821e-01,2.442764e-02,1.050152e-01,1.459317e-02,5.551890e-03,3.236605e-01,1.618089e-01
5.450371e-03,7.917079e-02,7.149833e-04,7.426339e-04,2.723962e-03,2.579274e-01,4.265843e-04,3.665593e-04,2.027660e-01,1.753278e-02,7.373304e-02,1.025924e-02,3.989100e-03,2.304966e-01,1.137000e-01
3.847983e-03,8.451481e-02,5.599039e-04,1.013767e-03,5.374969e-03,3.408830e-01,3.260956e-04,4.569165e-04,2.452347e-01,1.293356e-02,5.167400e-02,7.202249e-03,2.984824e-03,1.621673e-01,8.082594e-02
2.730765e-03,7.011023e-02,4.531012e-04,8.718678e-04,6.704288e-03,4.607582e-01,2.516191e-04,3.983778e-04,2.336001e-01,9.452594e-03,3.622371e-02,5.053862e-03,2.210096e-03,1.137275e-01,5.745368e-02
2.167630e-03,5.560882e-02,1.560172e-03,9.651143e-03,1.795922e-02,5.270752e-01,4.524189e-04,3.608178e-03,2.132011e-01,9.616744e-03,2.557292e-02,3.567469e-03,2.416546e-03,7.969140e-02,4.785101e-02
2.301536e-03,4.114842e-02,9.432347e-03,7.184954e-02,2.962416e-02,4.828928e-01,6.077994e-04,9.677229e-03,1.811374e-01,1.906635e-02,1.805588e-02,2.558383e-03,1.893130e-03,5.583589e-02,7.391915e-02
5.074697e-03,3.260282e-02,1.155474e-02,7.729338e-02,4.820836e-02,5.195711e-01,1.301634e-03,1.170276e-02,1.440264e-01,1.888872e-02,1.281043e-02,1.832636e-03,1.491262e-03,3.916410e-02,7.447698e-02
2.274238e-02,2.599575e-02,1.321412e-02,7.519990e-02,6.066341e-02,5.099094e-01,2.182226e-03,5.293110e-02,1.188735e-01,1.618068e-02,9.555482e-03,1.330173e-03,1.255791e-03,2.755454e-02,6.241155e-02
2.122827e-02,1.940292e-02,1.153496e-02,5.719041e-02,5.337857e-02,3.991864e-01,2.508539e-03,2.602295e-01,8.812299e-02,1.177216e-02,6.990363e-03,9.586066e-04,1.278856e-03,1.935983e-02,4.685766e-02
1.792617e-02,1.395631e-02,8.455477e-03,4.048073e-02,4.350936e-02,2.832763e-01,2.262084e-03,4.606250e-01,6.816066e-02,8.243749e-03,5.011713e-03,6.782339e-04,1.030801e-03,1.355812e-02,3.282534e-02
1.566617e-02,1.012831e-02,6.156160e-03,2.862299e-02,3.245600e-02,1.986410e-01,1.777508e-03,6.142814e-01,4.899465e-02,5.790876e-03,3.633843e-03,4.834725e-04,8.621194e-04,9.501542e-03,2.300402e-02
1.465782e-02,7.217042e-03,4.652105e-03,2.044827e-02,2.446857e-02,1.398548e-01,1.642079e-03,7.213748e-01,3.452551e-02,4.072148e-03,2.741698e-03,3.798722e-04,1.107695e-03,6.672489e-03,1.618521e-02
1.140872e-02,5.099097e-03,3.436118e-03,1.447505e-02,1.759896e-02,9.885211e-02,1.389003e-03,8.013595e-01,2.422188e-02,2.856479e-03,2.070171e-03,3.022836e-04,8.609391e-04,4.695733e-03,1.137393e-02
1.140620e-02,3.647339e-03,2.661096e-03,1.038804e-02,1.421036e-02,6.973746e-02,1.216216e-03,8.534364e-01,1.709733e-02,2.012650e-03,1.831987e-03,2.787964e-04,7.623241e-04,3.316722e-03,7.997123e-03
1.043709e-02,2.600704e-03,2.015350e-03,7.429240e-03,1.118772e-02,4.895903e-02,1.264826e-03,8.924495e-01,1.205059e-02,1.412073e-03,1.416501e-03,2.269178e-04,5.838738e-04,2.332794e-03,5.633788e-03
9.649374e-03,1.847085e-03,1.500708e-03,5.318423e-03,8.631450e-03,3.439011e-02,1.353365e-03,9.205405e-01,8.491868e-03,9.901420e-04,1.062499e-03,1.736500e-04,4.515302e-04,1.638009e-03,3.961219e-03
1.087640e-02,1.347136e-03,1.210811e-03,3.868295e-03,6.784265e-03,2.427135e-02,1.432975e-03,9.381155e-01,6.058677e-03,6.987528e-04,8.168385e-04,1.609361e-04,3.925526e-04,1.154373e-03,2.811158e-03
1.520420e-02,1.074579e-03,1.249083e-03,3.200539e-03,5.575004e-03,1.716014e-02,1.430201e-03,9.460201e-01,4.379925e-03,5.255693e-04,6.588269e-04,2.839911e-04,3.799164e-04,8.255370e-04,2.032420e-03
1.664739e-02,8.429997e-04,1.276236e-03,2.694950e-03,5.058081e-03,1.221344e-02,1.601695e-03,9.525472e-01,3.152112e-03,4.075707e-04,5.897296e-04,3.805993e-04,4.394546e-04,6.027150e-04,1.545931e-03
3.044914e-02,1.109298e-03,1.966972e-03,2.587004e-03,4.738435e-03,1.023456e-02,3.909591e-03,9.329475e-01,3.101081e-03,6.477888e-04,1.589202e-03,1.362374e-03,2.202659e-03,7.150740e-04,2.439483e-03
4.091235e-02,1.935884e-03,5.946012e-03,4.327140e-03,7.414965e-03,9.706958e-03,3.588572e-03,8.579944e-01,2.079711e-02,5.431971e-03,9.083044e-03,3.824503e-03,2.149012e-02,1.445954e-03,6.101083e-03
5.365140e-02,3.699599e-03,5.552951e-03,5.763827e-03,8.421564e-03,1.297287e-02,3.170752e-03,7.705704e-01,4.456926e-02,4.964401e-03,1.853096e-02,1.014334e-02,4.355100e-02,2.561029e-03,1.187675e-02
6.452026e-02,8.398318e-03,8.347443e-03,1.121753e-02,3.019775e-02,2.758234e-02,8.600608e-03,5.851570e-01,6.387995e-02,2.224182e-02,2.421098e-02,3.708766e-02,7.817285e-02,4.837290e-03,2.554823e-02
7.696628e-02,9.683014e-03,8.994970e-03,1.487527e-02,3.668920e-02,7.108723e-02,1.016951e-02,4.383188e-01,6.605822e-02,1.870835e-02,2.033413e-02,3.076736e-02,1.647504e-01,4.489553e-03,2.810778e-02
6.241592e-02,9.711110e-03,6.660103e-03,1.425683e-02,2.734950e-02,6.209522e-02,7.595555e-03,3.146532e-01,6.717381e-02,1.479560e-02,1.736158e-02,2.647562e-02,3.416467e-01,3.462790e-03,2.434644e-02
4.937312e-02,7.252061e-03,5.183499e-03,1.093654e-02,2.113049e-02,4.770821e-02,5.778740e-03,2.230325e-01,5.346972e-02,1.075839e-02,1.342557e-02,1.988419e-02,5.103437e-01,2.518544e-03,1.920475e-02
4.192248e-02,5.817072e-03,3.924152e-03,8.850723e-03,1.647584e-02,3.539303e-02,4.347142e-03,1.576380e-01,4.733020e-02,7.867711e-03,9.722541e-03,1.462458e-02,6.290199e-01,1.842908e-03,1.522381e-02
3.402086e-02,4.496239e-03,3.034493e-03,7.313314e-03,1.427760e-02,2.852984e-02,3.328796e-03,1.175578e-01,3.492270e-02,5.697037e-03,8.143924e-03,1.251886e-02,7.116642e-01,1.654469e-03,1.283993e-02
2.924117e-02,3.465906e-03,2.315447e-03,5.458786e-03,1.139659e-02,2.373988e-02,2.613354e-03,8.311234e-02,2.526087e-02,4.048854e-03,6.237216e-03,1.024038e-02,7.821491e-01,1.189398e-03,9.530784e-03
