1.000000e+00,0.000000e+00,0.000000e+00,0.000000e+00,0.000000e+00,0.000000e+00,0.000000e+00,0.000000e+00,0.000000e+00,0.000000e+00,0.000000e+00,0.000000e+00,0.000000e+00,0.000000e+00,0.000000e+00
1.000000e+00,0.000000e+00,0.000000e+00,0.000000e+00,0.000000e+00,0.000000e+00,0.000000e+00,0.000000e+00,0.000000e+00,0.000000e+00,0.000000e+00,0.000000e+00,0.000000e+00,0.000000e+00,0.000000e+00
1.000000e+00,0.000000e+00,0.000000e+00,0.000000e+00,0.000000e+00,0.000000e+00,0.000000e+00,0.000000e+00,0.000000e+00,0.000000e+00,0.000000e+00,0.000000e+00,0.000000e+00,0.000000e+00,0.000000e+00
1.000000e+00,0.000000e+00,0.000000e+00,0.000000e+00,0.000000e+00,0.000000e+00,0.000000e+00,0.000000e+00,0.000000e+00,0.000000e+00,0.000000e+00,0.000000e+00,0.000000e+00,0.000000e+00,0.000000e+00
1.000000e+00,0.000000e+00,0.000000e+00,0.000000e+00,0.000000e+00,0.000000e+00,0.000000e+00,0.000000e+00,0.000000e+00,0.000000e+00,0.000000e+00,0.000000e+00,0.000000e+00,0.000000e+00,0.000000e+00
1.000000e+00,0.000000e+00,0.000000e+00,0.000000e+00,0.000000e+00,0.000000e+00,0.000000e+00,0.000000e+00,0.000000e+00,0.000000e+00,0.000000e+00,0.000000e+00,0.000000e+00,0.000000e+00,0.000000e+00
1.000000e+00,0.000000e+00,0.000000e+00,0.000000e+00,0.000000e+00,0.000000e+00,0.000000e+00,0.000000e+00,0.000000e+00,0.000000e+00,0.000000e+00,0.000000e+00,0.000000e+00,0.000000e+00,0.000000e+00
1.000000e+00,0.000000e+00,0.000000e+00,0.000000e+00,0.000000e+00,0.000000e+00,0.000000e+00,0.000000e+00,0.000000e+00,0.000000e+00,0.000000e+00,0.000000e+00,0.000000e+00,0.000000e+00,0.000000e+00
1.000000e+00,0.000000e+00,0.000000e+00,0.000000e+00,0.000000e+00,0.000000e+00,0.000000e+00,0.000000e+00,0.000000e+00,0.000000e+00,0.000000e+00,0.000000e+00,0.000000e+00,0.000000e+00,0.000000e+00
1.000000e+00,0.000000e+00,0.000000e+00,0.000000e+00,0.000000e+00,0.000000e+00,0.000000e+00,0.000000e+00,0.000000e+00,0.000000e+00,0.000000e+00,0.000000e+00,0.000000e+00,0.000000e+00,0.000000e+00
1.000000e+00,0.000000e+00,0.000000e+00,0.000000e+00,0.000000e+00,0.000000e+00,0.000000e+00,0.000000e+00,0.000000e+00,0.000000e+00,0.000000e+00,0.000000e+00,0.000000e+00,0.000000e+00,0.000000e+00
1.000000e+00,0.000000e+00,0.000000e+00,0.000000e+00,0.000000e+00,0.000000e+00,0.000000e+00,0.000000e+00,0.000000e+00,0.000000e+00,0.000000e+00,0.000000e+00,0.000000e+00,0.000000e+00,0.000000e+00
1.000000e+00,0.000000e+00,0.000000e+00,0.000000e+00,0.000000e+00,0.000000e+00,0.000000e+00,0.000000e+00,0.000000e+00,0.000000e+00,0.000000e+00,0.000000e+00,0.000000e+00,0.000000e+00,0.000000e+00
1.000000e+00,0.000000e+00,0.000000e+00,0.000000e+00,0.000000e+00,0.000000e+00,0.000000e+00,0.000000e+00,0.000000e+00,0.000000e+00,0.000000e+00,0.000000e+00,0.000000e+00,0.000000e+00,0.000000e+00
1.000000e+00,0.000000e+00,0.000000e+00,0.000000e+00,0.000000e+00,0.000000e+00,0.000000e+00,0.000000e+00,0.000000e+00,0.000000e+00,0.000000e+00,0.000000e+00,0.000000e+00,0.000000e+00,0.000000e+00
1.000000e+00,0.000000e+00,0.000000e+00,0.000000e+00,0.000000e+00,0.000000e+00,0.000000e+00,0.000000e+00,0.000000e+00,0.000000e+00,0.000000e+00,0.000000e+00,0.000000e+00,0.000000e+00,0.000000e+00
1.000000e+00,0.000000e+00,0.000000e+00,0.000000e+00,0.000000e+00,0.000000e+00,0.000000e+00,0.000000e+00,0.000000e+00,0.000000e+00,0.000000e+00,0.000000e+00,0.000000e+00,0.000000e+00,0.000000e+00
1.000000e+00,0.000000e+00,0.000000e+00,0.000000e+00,0.000000e+00,0.000000e+00,0.000000e+00,0.000000e+00,0.000000e+00,0.000000e+00,0.000000e+00,0.000000e+00,0.000000e+00,0.000000e+00,0.000000e+00
1.000000e+00,0.000000e+00,0.000000e+00,0.000000e+00,0.000000e+00,0.000000e+00,0.000000e+00,0.000000e+00,0.000000e+00,0.000000e+00,0.000000e+00,0.000000e+00,0.000000e+00,0.000000e+00,0.000000e+00
1.000000e+00,0.000000e+00,0.000000e+00,0.000000e+00,0.000000e+00,0.000000e+00,0.000000e+00,0.000000e+00,0.000000e+00,0.000000e+00,0.000000e+00,0.000000e+00,0.000000e+00,0.000000e+00,0.000000e+00
1.000000e+00,0.000000e+00,0.000000e+00,0.000000e+00,0.000000e+00,0.000000e+00,0.000000e+00,0.000000e+00,0.000000e+00,0.000000e+00,0.000000e+00,0.000000e+00,0.000000e+00,0.000000e+00,0.000000e+00
1.000000e+00,0.000000e+00,0.000000e+00,0.000000e+00,0.000000e+00,0.000000e+00,0.000000e+00,0.000000e+00,0.000000e+00,0.000000e+00,0.000000e+00,0.000000e+00,0.000000e+00,0.000000e+00,0.000000e+00
1.000000e+00,0.000000e+00,0.000000e+00,0.000000e+00,0.000000e+00,0.000000e+00,0.000000e+00,0.000000e+00,0.000000e+00,0.000000e+00,0.000000e+00,0.000000e+00,0.000000e+00,0.000000e+00,0.000000e+00
1.000000e+00,0.000000e+00,0.000000e+00,0.000000e+00,0.000000e+00,0.000000e+00,0.000000e+00,0.000000e+00,0.000000e+00,0.000000e+00,0.000000e+00,0.000000e+00,0.000000e+00,0.000000e+00,0.000000e+00
1.000000e+00,0.000000e+00,0.000000e+00,0.000000e+00,0.000000e+00,0.000000e+00,0.000000e+00,0.000000e+00,0.000000e+00,0.000000e+00,0.000000e+00,0.000000e+00,0.000000e+00,0.000000e+00,0.000000e+00
1.000000e+00,0.000000e+00,0.000000e+00,0.000000e+00,0.000000e+00,0.000000e+00,0.000000e+00,0.000000e+00,0.000000e+00,0.000000e+00,0.000000e+00,0.000000e+00,0.000000e+00,0.000000e+00,0.000000e+00
1.000000e+00,0.000000e+00,0.000000e+00,0.000000e+00,0.000000e+00,0.000000e+00,0.000000e+00,0.000000e+00,0.000000e+00,0.000000e+00,0.000000e+00,0.000000e+00,0.000000e+00,0.000000e+00,0.000000e+00
1.000000e+00,0.000000e+00,0.000000e+00,0.000000e+00,0.000000e+00,0.000000e+00,0.000000e+00,0.000000e+00,0.000000e+00,0.000000e+00,0.000000e+00,0.000000e+00,0.000000e+00,0.000000e+00,0.000000e+00
1.000000e+00,0.000000e+00,0.000000e+00,0.000000e+00,0.000000e+00,0.000000e+00,0.000000e+00,0.000000e+00,0.000000e+00,0.000000e+00,0.000000e+00,0.000000e+00,0.000000e+00,0.000000e+00,0.000000e+00
1.000000e+00,0.000000e+00,0.000000e+00,0.000000e+00,0.000000e+00,0.000000e+00,0.000000e+00,0.000000e+00,0.000000e+00,0.000000e+00,0.000000e+00,0.000000e+00,0.000000e+00,0.000000e+00,0.000000e+00
1.000000e+00,0.000000e+00,0.000000e+00,0.000000e+00,0.000000e+00,0.000000e+00,0.000000e+00,0.000000e+00,0.000000e+00,0.000000e+00,0.000000e+00,0.000000e+00,0.000000e+00,0.000000e+00,0.000000e+00
1.000000e+00,0.000000e+00,0.000000e+00,0.000000e+00,0.000000e+00,0.000000e+00,0.000000e+00,0.000000e+00,0.000000e+00,0.000000e+00,0.000000e+00,0.000000e+00,0.000000e+00,0.000000e+00,0.000000e+00
1.000000e+00,0.000000e+00,0.000000e+00,0.000000e+00,0.000000e+00,0.000000e+00,0.000000e+00,0.000000e+00,0.000000e+00,0.000000e+00,0.000000e+00,0.000000e+00,0.000000e+00,0.000000e+00,0.000000e+00
1.000000e+00,0.000000e+00,0.000000e+00,0.000000e+00,0.000000e+00,0.000000e+00,0.000000e+00,0.000000e+00,0.000000e+00,0.000000e+00,0.000000e+00,0.000000e+00,0.000000e+00,0.000000e+00,0.000000e+00
4.862768e-01,1.926025e-02,1.833911e-01,1.391097e-01,1.011883e-02,1.383021e-02,4.837364e-03,1.884448e-02,8.755072e-03,2.843007e-03,2.175219e-02,4.412363e-02,1.896973e-02,4.256167e-03,2.363149e-02
1.000000e+00,0.000000e+00,0.000000e+00,0.000000e+00,0.000000e+00,0.000000e+00,0.000000e+00,0.000000e+00,0.000000e+00,0.000000e+00,0.000000e+00,0.000000e+00,0.000000e+00,0.000000e+00,0.000000e+00
1.000000e+00,0.000000e+00,0.000000e+00,0.000000e+00,0.000000e+00,0.000000e+00,0.000000e+00,0.000000e+00,0.000000e+00,0.000000e+00,0.000000e+00,0.000000e+00,0.000000e+00,0.000000e+00,0.000000e+00
1.000000e+00,0.000000e+00,0.000000e+00,0.000000e+00,0.000000e+00,0.000000e+00,0.000000e+00,0.000000e+00,0.000000e+00,0.000000e+00,0.000000e+00,0.000000e+00,0.000000e+00,0.000000e+00,0.000000e+00
1.000000e+00,0.000000e+00,0.000000e+00,0.000000e+00,0.000000e+00,0.000000e+00,0.000000e+00,0.000000e+00,0.000000e+00,0.000000e+00,0.000000e+00,0.000000e+00,0.000000e+00,0.000000e+00,0.000000e+00
1.000000e+00,0.000000e+00,0.000000e+00,0.000000e+00,0.000000e+00,0.000000e+00,0.000000e+00,0.000000e+00,0.000000e+00,0.000000e+00,0.000000e+00,0.000000e+00,0.000000e+00,0.000000e+00,0.000000e+00
1.000000e+00,0.000000e+00,0.000000e+00,0.000000e+00,0.000000e+00,0.000000e+00,0.000000e+00,0.000000e+00,0.000000e+00,0.000000e+00,0.000000e+00,0.000000e+00,0.000000e+00,0.000000e+00,0.000000e+00
1.000000e+00,0.000000e+00,0.000000e+00,0.000000e+00,0.000000e+00,0.000000e+00,0.000000e+00,0.000000e+00,0.000000e+00,0.000000e+00,0.000000e+00,0.000000e+00,0.000000e+00,0.000000e+00,0.000000e+00
1.000000e+00,0.000000e+00,0.000000e+00,0.000000e+00,0.000000e+00,0.000000e+00,0.000000e+00,0.000000e+00,0.000000e+00,0.000000e+00,0.000000e+00,0.000000e+00,0.000000e+00,0.000000e+00,0.000000e+00
1.000000e+00,0.000000e+00,0.000000e+00,0.000000e+00,0.000000e+00,0.000000e+00,0.000000e+00,0.000000e+00,0.000000e+00,0.000000e+00,0.000000e+00,0.000000e+00,0.000000e+00,0.000000e+00,0.000000e+00
1.000000e+00,0.000000e+00,0.000000e+00,0.000000e+00,0.000000e+00,0.000000e+00,0.000000e+00,0.000000e+00,0.000000e+00,0.000000e+00,0.000000e+00,0.000000e+00,0.000000e+00,0.000000e+00,0.000000e+00
1.000000e+00,0.000000e+00,0.000000e+00,0.000000e+00,0.000000e+00,0.000000e+00,0.000000e+00,0.000000e+00,0.000000e+00,0.000000e+00,0.000000e+00,0.000000e+00,0.000000e+00,0.000000e+00,0.000000e+00
1.000000e+00,0.000000e+00,0.000000e+00,0.000000e+00,0.000000e+00,0.000000e+00,0.000000e+00,0.000000e+00,0.000000e+00,0.000000e+00,0.000000e+00,0.000000e+00,0.000000e+00,0.000000e+00,0.000000e+00
1.000000e+00,0.000000e+00,0.000000e+00,0.000000e+00,0.000000e+00,0.000000e+00,0.000000e+00,0.000000e+00,0.000000e+00,0.000000e+00,0.000000e+00,0.000000e+00,0.000000e+00,0.000000e+00,0.000000e+00
1.000000e+00,0.000000e+00,0.000000e+00,0.000000e+00,0.000000e+00,0.000000e+00,0.000000e+00,0.000000e+00,0.000000e+00,0.000000e+00,0.000000e+00,0.000000e+00,0.000000e+00,0.000000e+00,0.000000e+00
1.000000e+00,0.000000e+00,0.000000e+00,0.000000e+00,0.000000e+00,0.000000e+00,0.000000e+00,0.000000e+00,0.000000e+00,0.000000e+00,0.000000e+00,0.000000e+00,0.000000e+00,0.000000e+00,0.000000e+00
1.000000e+00,0.000000e+00,0.000000e+00,0.000000e+00,0.000000e+00,0.000000e+00,0.000000e+00,0.000000e+00,0.000000e+00,0.000000e+00,0.000000e+00,0.000000e+00,0.000000e+00,0.000000e+00,0.000000e+00
4.900199e-01,2.011507e-02,1.590345e-01,1.106889e-01,6.737881e-03,2.085775e-02,3.945278e-03,3.793902e-02,6.512064e-03,1.735563e-03,3.408862e-02,6.556816e-02,2.175567e-02,3.764839e-03,1.723683e-02
3.921842e-01,1.528427e-02,2.679534e-01,1.060281e-01,5.341451e-03,1.803218e-02,3.256677e-03,7.504572e-02,4.975396e-03,1.330048e-03,2.671021e-02,5.105411e-02,1.682082e-02,3.037291e-03,1.294613e-02
3.100854e-01,1.149192e-02,3.725121e-01,9.698196e-02,4.201346e-03,1.553146e-02,2.750387e-03,9.652595e-02,3.722843e-03,1.027190e-03,2.117884e-02,3.903278e-02,1.270761e-02,2.401487e-03,9.848732e-03
2.422634e-01,8.244102e-03,4.254763e-01,8.936414e-02,3.124333e-03,1.200137e-02,2.431537e-03,1.511317e-01,2.723461e-03,8.219164e-04,1.550775e-02,2.824856e-02,9.431981e-03,1.987430e-03,7.242023e-03
2.838549e-01,6.249008e-03,3.866852e-01,7.109798e-02,2.631462e-03,1.076481e-02,3.804485e-03,1.833235e-01,2.162796e-03,9.556891e-04,1.173079e-02,2.109149e-02,7.813996e-03,1.708863e-03,6.125061e-03
2.806722e-01,4.755306e-03,4.200558e-01,5.785888e-02,2.291084e-03,9.035240e-03,3.965326e-03,1.790569e-01,2.015472e-03,1.718561e-03,9.015418e-03,1.588047e-02,6.408575e-03,1.470452e-03,5.800288e-03
3.088755e-01,3.880893e-03,3.743930e-01,4.806912e-02,2.410450e-03,7.763061e-03,3.943773e-03,2.097835e-01,3.158276e-03,3.086886e-03,7.442880e-03,1.276247e-02,5.752816e-03,1.919524e-03,6.757807e-03
2.383977e-01,2.958969e-03,3.839887e-01,4.354586e-02,1.823152e-03,5.929503e-03,3.044938e-03,1.852246e-01,1.368418e-02,7.238339e-03,7.931648e-03,1.247120e-02,6.908618e-03,7.737604e-02,9.476550e-03
1.697591e-01,3.197279e-03,3.663506e-01,4.048861e-02,1.394997e-03,4.297251e-03,2.289338e-03,1.561121e-01,1.722036e-02,1.851051e-02,5.325794e-02,3.743728e-02,8.349130e-03,1.082828e-01,1.305268e-02
1.194345e-01,2.453565e-03,2.671411e-01,3.504159e-02,1.236853e-03,3.146399e-03,1.760376e-03,1.218372e-01,1.348433e-02,1.386190e-02,2.297859e-01,6.928043e-02,6.812054e-03,1.053079e-01,9.415901e-03
8.403999e-02,1.775172e-03,1.902975e-01,2.863392e-02,9.922897e-04,2.349478e-03,1.383309e-03,9.058593e-02,1.038622e-02,1.036711e-02,3.342730e-01,1.283974e-01,5.318129e-03,1.045303e-01,6.670368e-03
5.957804e-02,1.302009e-03,1.337046e-01,2.278113e-02,1.030885e-03,1.875319e-03,1.156814e-03,6.508594e-02,9.107496e-03,8.632168e-03,4.022692e-01,1.698315e-01,3.996295e-03,1.149051e-01,4.743497e-03
4.205914e-02,1.060935e-03,9.368265e-02,1.678768e-02,8.391045e-04,1.438523e-03,8.350757e-04,4.601417e-02,8.181321e-03,7.851916e-03,4.817917e-01,1.802037e-01,2.934366e-03,1.129128e-01,3.406879e-03
3.002494e-02,8.173190e-04,6.565004e-02,1.346079e-02,8.559790e-04,1.399306e-03,6.288873e-04,3.275431e-02,9.031106e-03,6.420945e-03,4.507543e-01,1.960898e-01,2.238945e-03,1.874257e-01,2.447576e-03
2.113894e-02,6.111491e-04,4.598737e-02,1.040837e-02,9.917911e-04,1.236098e-03,4.553008e-04,2.298542e-02,8.773103e-03,5.500713e-03,5.524043e-01,1.600457e-01,1.666914e-03,1.660534e-01,1.741443e-03
1.488672e-02,5.226470e-04,3.226266e-02,7.851709e-03,1.095171e-03,1.010215e-03,3.300510e-04,1.614047e-02,1.189348e-02,5.123156e-03,6.060612e-01,1.547082e-01,1.321902e-03,1.455475e-01,1.244957e-03
1.045542e-02,1.222049e-03,2.282185e-02,5.648563e-03,1.446524e-03,9.410593e-04,2.409819e-04,1.133421e-02,5.237852e-02,4.918607e-03,5.099236e-01,1.505947e-01,1.146959e-03,2.259930e-01,9.340102e-04
7.352756e-03,1.636548e-02,2.082016e-02,4.174823e-03,4.014179e-03,8.686678e-04,1.776147e-04,7.959215e-03,8.871158e-02,3.792986e-03,4.581563e-01,1.115504e-01,8.793630e-04,2.742729e-01,9.034901e-04
5.239382e-03,1.172361e-02,1.481755e-02,4.516205e-03,3.547902e-03,2.119549e-03,1.316094e-04,5.635479e-03,8.083019e-02,3.530284e-03,3.833252e-01,8.039290e-02,1.418751e-03,4.016495e-01,1.121887e-03
3.736952e-03,8.323672e-03,1.060920e-02,5.318233e-03,3.299861e-03,4.392612e-03,1.196923e-04,4.065983e-03,7.861836e-02,3.908938e-03,3.478709e-01,5.983583e-02,2.356783e-02,4.442517e-01,2.080119e-03
2.884250e-03,6.081206e-03,7.784317e-03,5.584490e-03,3.210738e-03,1.952325e-02,2.582861e-04,3.036747e-03,6.925863e-02,5.109834e-03,3.350927e-01,4.718235e-02,2.660406e-02,4.659383e-01,2.450873e-03
2.295833e-03,4.366834e-03,5.649709e-03,5.393008e-03,3.011855e-03,1.537896e-02,2.479028e-04,2.247131e-03,5.198462e-02,4.712043e-03,4.826366e-01,4.010928e-02,2.468266e-02,3.551914e-01,2.092151e-03
2.102918e-03,3.769625e-03,4.338810e-03,9.178468e-03,6.652210e-03,1.271660e-02,4.167894e-04,2.102972e-03,5.583546e-02,6.007901e-03,5.117055e-01,5.847756e-02,2.961291e-02,2.951951e-01,1.887197e-03
1.713758e-03,4.439995e-03,3.536242e-03,1.746330e-02,7.083008e-02,1.279326e-02,1.960186e-03,2.749534e-03,9.671693e-02,8.426717e-03,4.467678e-01,5.398790e-02,2.239850e-02,2.532417e-01,2.974069e-03
1.417944e-03,3.806804e-03,2.941431e-03,4.492819e-02,5.337793e-02,9.697913e-03,1.428346e-03,2.277766e-02,2.718038e-01,1.007558e-02,3.194986e-01,4.400392e-02,1.919014e-02,1.912106e-01,3.841156e-03
2.411048e-03,4.137160e-03,3.625334e-03,3.918593e-02,4.308295e-02,8.157188e-03,1.183930e-03,1.913691e-01,2.478972e-01,1.100502e-02,2.391077e-01,4.408389e-02,1.983097e-02,1.415685e-01,3.354069e-03
2.400331e-03,6.082283e-03,3.642805e-03,3.491605e-02,3.529832e-02,7.044645e-03,8.849684e-04,1.554338e-01,4.249399e-01,8.355577e-03,1.708630e-01,3.154650e-02,1.450541e-02,1.001095e-01,3.976821e-03
7.624584e-03,1.101309e-02,5.969264e-03,2.989836e-02,4.469907e-02,7.987857e-03,7.991917e-04,1.327166e-01,5.194699e-01,6.398965e-03,1.234119e-01,2.223765e-02,1.060252e-02,7.080339e-02,6.367622e-03
1.227247e-02,9.941341e-03,2.414391e-02,4.928000e-02,6.564438e-02,7.192366e-03,1.070454e-03,2.029106e-01,4.558764e-01,5.225536e-03,8.792272e-02,1.564630e-02,7.573162e-03,4.981545e-02,5.484855e-03
1.265739e-02,1.173084e-02,1.875548e-02,3.928331e-02,6.196904e-02,5.371843e-03,8.479607e-04,3.478276e-01,3.797179e-01,3.755708e-03,6.187981e-02,1.107179e-02,5.508770e-03,3.499434e-02,4.628171e-03
1.077127e-02,9.101268e-03,1.390609e-02,2.904663e-02,5.182506e-02,4.031775e-03,7.480435e-04,5.239058e-01,2.711415e-01,2.636248e-03,4.338547e-02,7.769870e-03,3.926819e-03,2.451815e-02,3.285993e-03
9.679301e-03,6.652483e-03,1.026102e-02,2.166231e-02,4.109871e-02,3.047516e-03,5.430537e-04,6.559300e-01,1.911255e-01,1.850300e-03,3.042200e-02,5.449302e-03,2.775408e-03,1.717513e-02,2.327885e-03
8.241072e-03,4.779031e-03,7.296304e-03,1.622709e-02,3.373708e-02,2.236910e-03,3.977940e-04,7.508014e-01,1.342262e-01,1.297648e-03,2.131658e-02,3.819821e-03,1.958136e-03,1.203175e-02,1.633157e-03
8.053257e-03,3.449636e-03,5.384103e-03,1.224248e-02,2.567704e-02,1.712642e-03,2.979150e-04,8.194965e-01,9.412367e-02,9.116289e-04,1.496470e-02,2.689890e-03,1.390685e-03,8.442799e-03,1.163083e-03
1.183595e-02,2.606546e-03,4.111205e-03,9.108979e-03,2.177259e-02,1.444808e-03,3.317383e-04,8.617787e-01,6.609604e-02,6.407327e-04,1.053336e-02,1.912950e-03,1.021234e-03,5.970195e-03,8.349994e-04
1.477792e-02,2.011638e-03,3.450782e-03,7.191429e-03,2.110977e-02,1.616337e-03,5.266821e-04,8.878589e-01,4.644660e-02,4.522750e-04,7.447738e-03,1.382749e-03,8.013687e-04,4.312818e-03,6.130693e-04
1.461782e-02,1.572640e-03,2.995928e-03,5.505738e-03,2.581275e-02,1.901593e-03,1.975407e-03,9.018714e-01,3.265686e-02,3.250515e-04,5.279902e-03,9.926714e-04,8.159088e-04,3.210478e-03,4.658833e-04
1.638960e-02,1.472225e-03,2.899799e-03,4.328985e-03,2.402968e-02,2.162040e-03,2.332081e-03,9.149129e-01,2.308621e-02,2.357509e-04,3.773210e-03,7.352796e-04,7.907266e-04,2.469650e-03,3.818130e-04
2.523852e-02,1.328075e-03,2.762949e-03,3.617381e-03,1.977476e-02,2.722133e-03,2.880484e-03,9.181943e-01,1.646151e-02,1.869191e-04,2.825643e-03,7.953669e-04,9.886388e-04,1.832432e-03,3.908650e-04
3.234124e-02,1.171639e-03,2.403174e-03,3.053953e-03,1.677662e-02,3.095257e-03,2.606165e-03,9.209999e-01,1.180224e-02,1.511575e-04,2.116180e-03,8.243258e-04,8.971184e-04,1.352607e-03,4.084107e-04
9.506142e-02,1.977520e-03,3.676780e-03,3.118641e-03,1.737587e-02,4.576673e-03,2.988796e-03,8.351317e-01,9.791780e-03,7.785326e-04,3.746531e-03,7.926391e-03,1.001775e-02,1.839472e-03,1.992200e-03
1.515934e-01,3.437994e-03,3.775887e-03,5.041222e-03,1.508718e-02,1.363357e-02,3.631537e-03,6.792281e-01,1.305344e-02,2.997334e-03,1.417968e-02,2.220203e-02,5.446263e-02,4.836708e-03,1.283920e-02
2.173475e-01,3.590826e-03,4.032110e-03,6.800340e-03,2.358409e-02,4.879677e-02,5.708833e-03,5.362617e-01,1.448663e-02,3.518410e-03,1.385332e-02,2.186657e-02,8.169453e-02,4.885602e-03,1.357274e-02
1.596847e-01,2.939894e-03,3.800886e-03,6.981187e-03,2.888770e-02,5.958969e-02,8.369830e-03,3.857265e-01,1.729139e-02,3.070191e-03,1.266677e-02,1.701725e-02,2.628795e-01,3.647076e-03,2.744739e-02
1.170031e-01,2.280126e-03,3.931618e-03,5.303665e-03,4.506443e-02,6.106132e-02,1.019911e-02,2.798150e-01,1.387070e-02,2.351673e-03,1.276657e-02,1.387916e-02,3.866144e-01,2.602497e-03,4.325667e-02
8.494721e-02,1.687000e-03,4.701308e-03,4.130739e-03,5.474091e-02,6.223528e-02,9.468937e-03,2.051311e-01,1.128054e-02,1.902484e-03,1.740972e-02,1.387403e-02,4.624965e-01,1.864393e-03,6.412982e-02
5.994462e-02,1.291466e-03,4.586495e-03,3.296290e-03,4.230235e-02,4.482335e-02,7.128606e-03,1.458795e-01,9.263327e-03,2.197535e-03,1.468719e-02,1.126162e-02,4.225953e-01,1.375989e-03,2.293664e-01
4.353654e-02,3.534978e-03,7.584972e-03,2.558127e-03,3.292716e-02,3.202758e-02,5.420266e-03,1.034910e-01,9.092108e-03,3.283058e-03,1.290314e-02,8.831254e-03,3.576480e-01,1.146329e-03,3.760155e-01
3.160466e-02,6.174326e-03,1.194796e-02,2.206094e-03,2.956742e-02,2.430612e-02,4.065476e-03,7.762043e-02,9.622824e-03,4.764258e-03,1.097393e-02,6.442298e-03,2.855035e-01,1.485258e-03,4.937155e-01
2.930171e-02,1.589887e-01,1.372014e-02,4.323695e-03,3.739370e-02,3.080634e-02,3.277561e-03,5.479037e-02,1.372082e-02,4.235038e-03,8.727487e-03,4.549113e-03,2.043611e-01,1.110969e-03,4.306933e-01
2.575049e-02,3.200266e-01,2.378677e-02,9.099709e-03,4.259929e-02,2.759568e-02,2.512452e-03,3.848788e-02,1.885992e-02,4.705040e-03,6.415654e-03,3.211947e-03,1.438270e-01,8.134495e-04,3.323081e-01
3.123342e-02,4.369981e-01,1.856839e-02,9.231430e-03,5.956765e-02,2.338068e-02,2.095563e-03,2.708462e-02,1.857949e-02,4.035546e-03,4.623148e-03,2.334883e-03,1.017915e-01,6.010397e-04,2.598745e-01
3.781248e-02,5.125325e-01,1.406047e-02,1.132695e-02,7.501926e-02,2.029263e-02,1.933835e-03,1.940165e-02,1.989424e-02,3.875499e-03,3.411513e-03,1.691145e-03,7.177462e-02,4.603818e-04,2.065128e-01
3.715575e-02,5.574028e-01,1.177332e-02,8.979266e-03,5.841389e-02,3.468408e-02,1.509417e-03,1.384674e-02,1.957064e-02,3.887327e-03,3.602677e-03,1.308857e-03,5.068348e-02,1.286510e-03,1.958952e-01
5.628352e-02,4.768304e-01,1.500081e-02,9.674200e-03,5.878012e-02,6.899719e-02,2.976475e-03,1.295510e-02,5.388935e-02,6.072016e-03,9.218018e-03,1.454919e-03,3.761389e-02,3.855237e-03,1.863988e-01
6.748199e-02,4.105523e-01,1.770816e-02,1.100005e-02,5.291013e-02,8.672421e-02,3.303491e-03,1.042176e-02,7.716630e-02,1.284717e-02,1.082054e-02,1.510954e-03,2.732837e-02,8.358591e-03,2.018660e-01
5.409840e-02,3.205352e-01,2.469956e-02,1.356275e-02,4.146871e-02,9.553772e-02,2.914073e-03,7.689477e-03,6.420911e-02,3.034484e-02,8.151081e-03,1.233366e-03,1.943011e-02,1.907172e-02,2.970539e-01
4.648727e-02,2.322067e-01,2.091993e-02,1.002081e-02,3.090332e-02,8.376097e-02,2.340489e-03,5.682508e-03,5.094378e-02,6.507502e-02,6.354910e-03,1.201373e-03,1.400911e-02,2.482108e-02,4.052727e-01
3.730908e-02,2.165726e-01,1.668137e-02,7.359732e-03,2.380640e-02,8.126387e-02,1.703757e-03,4.190137e-03,4.179096e-02,1.281840e-01,5.562735e-03,1.265115e-03,1.031656e-02,2.164343e-02,4.023502e-01
6.909233e-02,1.883277e-01,1.756405e-02,7.879264e-03,2.707765e-02,7.412639e-02,1.373249e-03,3.493918e-03,3.121245e-02,1.828708e-01,7.122449e-03,2.347501e-03,8.244978e-03,1.950724e-02,3.597601e-01
8.233011e-02,1.562563e-01,1.523512e-02,7.250056e-03,2.464231e-02,7.192322e-02,1.067395e-03,2.690618e-03,2.365914e-02,2.941624e-01,7.425345e-03,2.618477e-03,6.659308e-03,1.627758e-02,2.878026e-01
1.710142e-01,1.328330e-01,1.453569e-02,8.276466e-03,2.924009e-02,6.313094e-02,1.070960e-03,2.672045e-03,1.924724e-02,2.941779e-01,6.679477e-03,3.205617e-03,5.439652e-03,1.821249e-02,2.302642e-01
2.154342e-01,1.226891e-01,1.262944e-02,7.881581e-03,2.979604e-02,5.212860e-02,1.145286e-03,2.792037e-03,1.910105e-02,3.182707e-01,5.931602e-03,3.282044e-03,4.610108e-03,1.721976e-02,1.870883e-01
2.694085e-01,1.203507e-01,1.940758e-02,4.324256e-02,3.130893e-02,5.594088e-02,2.231139e-03,4.273738e-03,1.690693e-02,2.359331e-01,7.403495e-03,1.018092e-02,6.817052e-03,1.487230e-02,1.617221e-01
3.768396e-01,9.406371e-02,2.112272e-02,5.383258e-02,2.480778e-02,5.117629e-02,2.707995e-03,4.599320e-03,1.419127e-02,1.685358e-01,1.244478e-02,1.738679e-02,9.314074e-03,1.490849e-02,1.340687e-01
3.471110e-01,8.341302e-02,2.801111e-02,5.776019e-02,1.991904e-02,4.580493e-02,2.360444e-03,4.625652e-03,1.802932e-02,1.487753e-01,1.993031e-02,2.061175e-02,1.251115e-02,3.245103e-02,1.586857e-01
2.468904e-01,7.831034e-02,2.494236e-02,1.923519e-01,1.514498e-02,3.289172e-02,1.782835e-03,3.532427e-03,5.043324e-02,1.075784e-01,1.980904e-02,1.659471e-02,1.255796e-02,2.407854e-02,1.731011e-01
1.783202e-01,6.081008e-02,1.872085e-02,1.356908e-01,1.072778e-02,2.338315e-02,1.261947e-03,2.508099e-03,4.945137e-02,7.720538e-02,1.426809e-02,1.177439e-02,9.200731e-03,2.207567e-02,3.846014e-01
1.410092e-01,5.132680e-02,1.603680e-02,1.081120e-01,9.075737e-03,1.770043e-02,1.045139e-03,2.264334e-03,1.657530e-01,5.835287e-02,1.271378e-02,9.298867e-03,8.385997e-03,2.556211e-02,3.733629e-01
1.759215e-01,4.052400e-02,1.393280e-02,8.744322e-02,8.228838e-03,1.471278e-02,1.003536e-03,2.375677e-03,1.467286e-01,4.558720e-02,1.526807e-02,1.192738e-02,1.037187e-02,7.313991e-02,3.528346e-01
1.764437e-01,3.215627e-02,1.397310e-02,6.287856e-02,8.005961e-03,1.142332e-02,9.364669e-04,2.037340e-03,1.878654e-01,3.449384e-02,1.544426e-02,9.818563e-03,1.142892e-02,9.420901e-02,3.388853e-01
1.312635e-01,2.279654e-02,1.039172e-02,4.476807e-02,5.866666e-03,8.448954e-03,7.180761e-04,1.513020e-03,3.616157e-01,2.596141e-02,2.959452e-02,1.126101e-02,9.738917e-03,7.883058e-02,2.572313e-01
1.005999e-01,1.723030e-02,7.765246e-03,3.181843e-02,4.467785e-03,7.516108e-03,7.630617e-04,1.181003e-03,3.783770e-01,2.439606e-02,6.647570e-02,1.856481e-02,1.197849e-02,1.188348e-01,2.100312e-01
1.067731e-01,1.670536e-02,7.419422e-03,2.361742e-02,4.550995e-03,8.708203e-03,9.159181e-04,1.262774e-03,2.947178e-01,2.697506e-02,8.799548e-02,1.617624e-02,1.561090e-02,2.003240e-01,1.882473e-01
8.328147e-02,1.410904e-02,5.672922e-03,1.713303e-02,3.435356e-03,8.797884e-03,8.258604e-04,1.085436e-03,2.582663e-01,2.450343e-02,7.966880e-02,1.235681e-02,1.213150e-02,3.249345e-01,1.537976e-01
5.855281e-02,1.811358e-02,6.439372e-03,1.632746e-02,3.313333e-03,7.346087e-03,7.033100e-04,9.524970e-04,4.053049e-01,1.909062e-02,5.918011e-02,9.120571e-03,9.538348e-03,2.638896e-01,1.221274e-01
4.407733e-02,4.414485e-02,8.873186e-03,1.267845e-02,3.514173e-03,2.377584e-02,6.612852e-04,1.753270e-03,3.866366e-01,1.506393e-02,4.382246e-02,7.056240e-03,8.386436e-03,2.844695e-01,1.150865e-01
4.946997e-02,8.587538e-02,1.307864e-02,2.012736e-02,2.143628e-02,6.157752e-02,6.948398e-04,2.307764e-03,3.220214e-01,1.127016e-02,3.385946e-02,5.153575e-03,6.507054e-03,2.725547e-01,9.406588e-02
7.517460e-02,1.123401e-01,2.812638e-02,2.544020e-02,2.118189e-02,6.454585e-02,9.627772e-04,4.502475e-03,2.917610e-01,1.042669e-02,2.762540e-02,3.781695e-03,5.152395e-03,2.292681e-01,9.971040e-02
8.622806e-02,1.071392e-01,2.459304e-02,2.427510e-02,2.414381e-02,6.451026e-02,8.919676e-04,6.154289e-03,3.390650e-01,1.166488e-02,2.439104e-02,2.926276e-03,5.133868e-03,1.781962e-01,1.006871e-01
7.148021e-02,8.204783e-02,6.339966e-02,3.257629e-02,2.951567e-02,5.281673e-02,7.919832e-04,1.950698e-02,3.876463e-01,1.275036e-02,1.763713e-02,2.154800e-03,4.041662e-03,1.264433e-01,9.719110e-02
8.751743e-02,7.151447e-02,8.627722e-02,3.603199e-02,5.707651e-02,6.500623e-02,1.378291e-03,3.114779e-02,3.586290e-01,1.070931e-02,1.451822e-02,1.752755e-03,3.683367e-03,9.688914e-02,7.786820e-02
8.198413e-02,5.795251e-02,1.674561e-01,4.175313e-02,6.670173e-02,5.571074e-02,2.035869e-03,9.177370e-02,2.813854e-01,8.179854e-03,1.094486e-02,1.366915e-03,3.082646e-03,6.924799e-02,6.042434e-02
6.357057e-02,4.212344e-02,2.989224e-01,6.704330e-02,4.909794e-02,4.417183e-02,1.579283e-03,7.226142e-02,2.323676e-01,1.187517e-02,8.261452e-03,1.099687e-03,2.969472e-03,4.895245e-02,5.570384e-02
5.258006e-02,2.996830e-02,3.149260e-01,9.543318e-02,3.793898e-02,3.148328e-02,1.292291e-03,1.801066e-01,1.650460e-01,8.434740e-03,6.114560e-03,8.218974e-04,2.148434e-03,3.449529e-02,3.921035e-02
4.385850e-02,2.140400e-02,3.690712e-01,1.077377e-01,2.875426e-02,2.311398e-02,1.135746e-03,2.223867e-01,1.172023e-01,6.156937e-03,4.652191e-03,6.496579e-04,1.583456e-03,2.445968e-02,2.783366e-02
4.662465e-02,1.591641e-02,4.205484e-01,1.082211e-01,2.285234e-02,1.764792e-02,1.192840e-03,2.324566e-01,8.507097e-02,5.403230e-03,4.554619e-03,6.695088e-04,1.309451e-03,1.736563e-02,2.016629e-02
1.061112e-01,1.283008e-02,3.249565e-01,8.799300e-02,1.704586e-02,1.465370e-02,1.181575e-03,2.417534e-01,7.063191e-02,3.742228e-02,3.029748e-02,8.035554e-03,1.501561e-02,1.543775e-02,1.663413e-02
7.642110e-02,9.669446e-03,2.288398e-01,8.277637e-02,1.215794e-02,1.249543e-02,8.481319e-04,1.779359e-01,5.990769e-02,4.195537e-02,1.436489e-01,2.900713e-02,9.670150e-02,1.164772e-02,1.598758e-02
5.618789e-02,1.241898e-02,1.611987e-01,6.571392e-02,8.830382e-03,1.200922e-02,6.511472e-04,1.264036e-01,6.949835e-02,3.098774e-02,1.487217e-01,2.740698e-02,1.344255e-01,9.913448e-03,1.356324e-01
4.090141e-02,1.733956e-02,1.133880e-01,6.167254e-02,6.367521e-03,1.276856e-02,5.994768e-04,8.967897e-02,9.773211e-02,2.478051e-02,1.207288e-01,2.440567e-02,2.028007e-01,9.803210e-03,1.770329e-01
2.972987e-02,1.373449e-02,8.010686e-02,4.756265e-02,4.713734e-03,1.194047e-02,5.734540e-04,6.363606e-02,8.039161e-02,1.905724e-02,1.139954e-01,3.411867e-02,3.364924e-01,1.366178e-02,1.502853e-01
2.167225e-02,1.049315e-02,5.699370e-02,3.790276e-02,3.499930e-03,1.932758e-02,4.884355e-04,4.637431e-02,6.531453e-02,1.492163e-02,1.216630e-01,5.234692e-02,4.201265e-01,1.172034e-02,1.171550e-01
2.001507e-02,9.463841e-03,4.067965e-02,3.155625e-02,3.787091e-03,3.338228e-02,1.097202e-03,3.352608e-02,7.999213e-02,1.187825e-02,1.019157e-01,9.552811e-02,4.009041e-01,1.206608e-02,1.242081e-01
1.600714e-02,9.009235e-03,2.871730e-02,2.360207e-02,4.883114e-03,3.178706e-02,1.104493e-03,2.375876e-02,1.208547e-01,1.033265e-02,8.074340e-02,1.192854e-01,3.770663e-01,1.237452e-02,1.404738e-01
1.552557e-02,9.020676e-03,2.044917e-02,1.839602e-02,6.501275e-03,6.947804e-02,1.524312e-03,1.696924e-02,1.248204e-01,9.291503e-03,6.776047e-02,1.635481e-01,3.380780e-01,1.285371e-02,1.257835e-01
1.198456e-02,7.753833e-03,1.453129e-02,1.399169e-02,7.401499e-03,6.034072e-02,1.327421e-03,1.222513e-02,1.005563e-01,7.644503e-03,5.861580e-02,2.989057e-01,2.987938e-01,1.285829e-02,9.306940e-02
8.708824e-03,7.412476e-03,1.044076e-02,1.064723e-02,8.572966e-03,5.365805e-02,1.137901e-03,9.023452e-03,8.202137e-02,6.452241e-03,4.957162e-02,4.087991e-01,2.651282e-01,1.155240e-02,6.687341e-02
6.206886e-03,6.453261e-03,7.515853e-03,7.671935e-03,6.854689e-03,5.658356e-02,9.222130e-04,6.434479e-03,6.343959e-02,5.516787e-03,4.294769e-02,4.977433e-01,2.333281e-01,1.048061e-02,4.790101e-02
4.378976e-03,4.868089e-03,5.291191e-03,5.406140e-03,4.863616e-03,7.064202e-02,6.697199e-04,4.537879e-03,4.626511e-02,4.071313e-03,3.453434e-02,5.908975e-01,1.817563e-01,8.213858e-03,3.360400e-02
3.097955e-03,3.771910e-03,3.731119e-03,3.808038e-03,3.454736e-03,8.685261e-02,4.906265e-04,3.219140e-03,3.483618e-02,3.080824e-03,2.623632e-02,6.579478e-01,1.394059e-01,6.510181e-03,2.355664e-02
2.227201e-03,3.250018e-03,2.633503e-03,2.686867e-03,2.448960e-03,9.727438e-02,3.618362e-04,2.298695e-03,2.841554e-02,2.463041e-03,2.093436e-02,6.894959e-01,1.228627e-01,6.135093e-03,1.651192e-02
1.642423e-03,2.843563e-03,1.866864e-03,1.894791e-03,1.741622e-03,1.433209e-01,2.642815e-04,1.640479e-03,2.345329e-02,1.927280e-03,1.634166e-02,6.597269e-01,1.266524e-01,5.108061e-03,1.157560e-02
1.192499e-03,2.321599e-03,1.318051e-03,1.334464e-03,1.230916e-03,1.601571e-01,1.882375e-04,1.157650e-03,1.796004e-02,1.431803e-03,1.206275e-02,6.322696e-01,1.554055e-01,3.857967e-03,8.111788e-03
9.421767e-04,7.609763e-03,1.154858e-03,9.537689e-04,9.379557e-04,1.236940e-01,1.598371e-04,8.359139e-04,2.636988e-02,1.313561e-03,9.204885e-03,6.877599e-01,1.301354e-01,3.207131e-03,5.720917e-03
8.806785e-04,1.140216e-02,1.137460e-03,7.272187e-04,8.340894e-04,1.013270e-01,1.618386e-04,6.426374e-04,5.130631e-02,1.172235e-03,7.657073e-03,6.974992e-01,1.184052e-01,2.791350e-03,4.055542e-03
9.053899e-04,1.334323e-02,1.201057e-03,5.472857e-04,8.953931e-04,8.102371e-02,1.877982e-04,5.382651e-04,6.885549e-02,9.688062e-04,6.347995e-03,7.047104e-01,1.154438e-01,2.165529e-03,2.865869e-03
7.927491e-04,1.118760e-02,9.314136e-04,4.070539e-04,7.643808e-04,6.933197e-02,1.672145e-04,4.206015e-04,5.993100e-02,7.196777e-04,4.969609e-03,6.870099e-01,1.597707e-01,1.578619e-03,2.017438e-03
7.859481e-04,1.019019e-02,8.008711e-04,3.203841e-04,7.700630e-04,5.297218e-02,1.432208e-04,3.738249e-04,5.855773e-02,5.278435e-04,4.158719e-03,6.994479e-01,1.683765e-01,1.152570e-03,1.422055e-03
1.530833e-03,9.416571e-03,8.713524e-04,3.711187e-04,1.383488e-03,4.471737e-02,1.945566e-04,4.968959e-04,6.013871e-02,3.912377e-04,4.121568e-03,7.035543e-01,1.708061e-01,9.765774e-04,1.029218e-03
2.787571e-03,8.667407e-03,8.911111e-04,4.403659e-04,1.763100e-03,4.025019e-02,2.443058e-04,6.073010e-04,5.833300e-02,2.953997e-04,5.226327e-03,7.096254e-01,1.690165e-01,1.065030e-03,7.870189e-04
5.832827e-03,6.820372e-03,8.171176e-04,6.061303e-04,1.954379e-03,4.282997e-02,2.515323e-04,1.001475e-03,4.587449e-02,2.715973e-04,7.403743e-03,6.307274e-01,2.536122e-01,1.344971e-03,6.517597e-04
3.715577e-02,5.173136e-03,8.733341e-04,1.656769e-03,2.179326e-03,5.110864e-02,2.828140e-04,3.027993e-03,3.726893e-02,3.559515e-04,1.909276e-02,5.387747e-01,2.998779e-01,2.546091e-03,6.258502e-04
2.947608e-02,4.116379e-03,7.148405e-04,1.401103e-03,1.839391e-03,3.785102e-02,3.075335e-04,3.107871e-03,3.716158e-02,3.434387e-04,2.420302e-02,5.975537e-01,2.593548e-01,2.076139e-03,4.930692e-04
2.372201e-02,3.707053e-03,1.192148e-03,2.213998e-03,2.638201e-03,2.776597e-02,3.107626e-04,7.057021e-03,4.515307e-02,5.259785e-04,1.053277e-01,5.530272e-01,2.250679e-01,1.670954e-03,6.201628e-04
1.740208e-02,3.355803e-03,1.219695e-03,2.301670e-03,2.171648e-03,2.015894e-02,2.342057e-04,6.001739e-03,4.193377e-02,8.619361e-04,2.098872e-01,5.018873e-01,1.887623e-01,2.411198e-03,1.410537e-03
1.233405e-02,4.015134e-03,6.867020e-03,2.375990e-03,1.764412e-03,1.528725e-02,1.760113e-04,4.804059e-03,5.003428e-02,1.024296e-03,3.315875e-01,4.080430e-01,1.533318e-01,5.901206e-03,2.454127e-03
8.974280e-03,5.024005e-03,3.874782e-02,2.613387e-03,1.852769e-03,1.210311e-02,1.786765e-04,5.011520e-03,5.080795e-02,1.883098e-03,4.101570e-01,3.027969e-01,1.241172e-01,2.619120e-02,9.541120e-03
6.764242e-03,3.869589e-02,5.995005e-02,2.490204e-03,2.068741e-03,1.267693e-02,1.689611e-04,4.218194e-03,1.426093e-01,2.379010e-03,3.602634e-01,2.149202e-01,8.965600e-02,3.518035e-02,2.795856e-02
6.088258e-03,4.476013e-02,2.289412e-01,3.266613e-03,3.031174e-03,2.263454e-02,3.916760e-04,3.728791e-03,1.346543e-01,2.123205e-03,2.641726e-01,1.505739e-01,6.334160e-02,3.268288e-02,3.960904e-02
7.425632e-03,5.294167e-02,3.921143e-01,9.017382e-03,6.359450e-03,2.124577e-02,3.737627e-04,3.182687e-03,1.072484e-01,2.203477e-03,1.867475e-01,1.054384e-01,4.445196e-02,2.527870e-02,3.597083e-02
3.753073e-02,5.407779e-02,4.725487e-01,1.183260e-02,9.177262e-03,2.445850e-02,6.005188e-04,3.057035e-03,7.865477e-02,3.043818e-03,1.314467e-01,7.383625e-02,3.149502e-02,2.572027e-02,4.252003e-02
4.321485e-02,5.748099e-02,4.838015e-01,1.701034e-02,1.565091e-02,3.015717e-02,1.152083e-03,3.546308e-03,6.016562e-02,3.016178e-03,9.246250e-02,5.171384e-02,2.227537e-02,2.625113e-02,9.210122e-02
8.758850e-02,4.937142e-02,4.405282e-01,1.324419e-02,1.909278e-02,3.115339e-02,1.424673e-03,2.850199e-03,4.571416e-02,3.218072e-03,6.507171e-02,3.626996e-02,1.576435e-02,2.632758e-02,1.623809e-01
1.055901e-01,4.331489e-02,3.976344e-01,2.347357e-02,2.459373e-02,3.035793e-02,2.798293e-03,2.866029e-03,3.580869e-02,2.893788e-03,4.667951e-02,2.561797e-02,1.161464e-02,2.692521e-02,2.198313e-01
1.071014e-01,4.786805e-02,4.102686e-01,7.087092e-02,2.596813e-02,2.383939e-02,2.440937e-03,2.835842e-03,2.903347e-02,6.604283e-03,3.330756e-02,1.818914e-02,8.409224e-03,2.062745e-02,1.926356e-01
1.080032e-01,5.686111e-02,4.237688e-01,1.010701e-01,2.822378e-02,2.159917e-02,2.599716e-03,2.380499e-03,2.255371e-02,8.860253e-03,2.421171e-02,1.325921e-02,6.367581e-03,1.585196e-02,1.643891e-01
1.634069e-01,5.433944e-02,4.360340e-01,7.472937e-02,3.890926e-02,2.158749e-02,2.414925e-03,1.858727e-03,1.663130e-02,1.155276e-02,1.786502e-02,9.749243e-03,5.449709e-03,1.285903e-02,1.326129e-01
2.749044e-01,5.976794e-02,3.348385e-01,6.520562e-02,4.248773e-02,2.216380e-02,2.594787e-03,1.772040e-03,1.378271e-02,1.268275e-02,1.493462e-02,1.027201e-02,5.746225e-03,1.135543e-02,1.274914e-01
2.712464e-01,8.222024e-02,2.652579e-01,1.289576e-01,3.957210e-02,1.833254e-02,2.627352e-03,2.039914e-03,1.159696e-02,1.073117e-02,1.272881e-02,1.242467e-02,5.630305e-03,1.049669e-02,1.261374e-01
3.411350e-01,9.632669e-02,2.297741e-01,1.121650e-01,4.209258e-02,1.504303e-02,2.359079e-03,2.536167e-03,1.042431e-02,9.058177e-03,1.048399e-02,1.233924e-02,5.512458e-03,8.757336e-03,1.019928e-01
4.055427e-01,1.271389e-01,1.770677e-01,9.328301e-02,4.570131e-02,1.543608e-02,1.988729e-03,2.654169e-03,8.969769e-03,7.304668e-03,8.537637e-03,1.260175e-02,6.388223e-03,7.521221e-03,7.986411e-02
4.118132e-01,1.432297e-01,1.349510e-01,1.074138e-01,5.172933e-02,1.694378e-02,2.183788e-03,3.325212e-03,8.122364e-03,6.853085e-03,9.213125e-03,1.868464e-02,6.971833e-03,7.879155e-03,7.068593e-02
4.608956e-01,1.355721e-01,1.160515e-01,1.152128e-01,3.968466e-02,1.475280e-02,1.953528e-03,3.846125e-03,7.085145e-03,5.278956e-03,8.920989e-03,1.937332e-02,7.338274e-03,8.247919e-03,5.578627e-02
1.000000e+00,0.000000e+00,0.000000e+00,0.000000e+00,0.000000e+00,0.000000e+00,0.000000e+00,0.000000e+00,0.000000e+00,0.000000e+00,0.000000e+00,0.000000e+00,0.000000e+00,0.000000e+00,0.000000e+00
1.000000e+00,0.000000e+00,0.000000e+00,0.000000e+00,0.000000e+00,0.000000e+00,0.000000e+00,0.000000e+00,0.000000e+00,0.000000e+00,0.000000e+00,0.000000e+00,0.000000e+00,0.000000e+00,0.000000e+00
1.000000e+00,0.000000e+00,0.000000e+00,0.000000e+00,0.000000e+00,0.000000e+00,0.000000e+00,0.000000e+00,0.000000e+00,0.000000e+00,0.000000e+00,0.000000e+00,0.000000e+00,0.000000e+00,0.000000e+00
4.371108e-01,8.281592e-02,4.367987e-02,6.260428e-02,1.556226e-02,1.807128e-02,1.763037e-03,5.668744e-03,4.039478e-02,1.128337e-02,1.374499e-02,2.146814e-02,9.367372e-03,6.971744e-02,1.667477e-01
3.090856e-01,5.878872e-02,3.097884e-02,4.409756e-02,1.094596e-02,1.297998e-02,1.263818e-03,4.027439e-03,4.907341e-02,1.027771e-02,1.299289e-02,1.559575e-02,6.830246e-03,8.769253e-02,3.453695e-01
2.173920e-01,4.174469e-02,2.178205e-02,3.094890e-02,7.708754e-03,9.517202e-03,9.080735e-04,2.914302e-03,4.236143e-02,8.896098e-03,3.156061e-02,1.598990e-02,5.445453e-03,1.062602e-01,4.565704e-01
1.531619e-01,2.969571e-02,1.538509e-02,2.182538e-02,5.501975e-03,7.226532e-03,6.885485e-04,2.111812e-03,3.404556e-02,1.672114e-02,4.116113e-02,1.465054e-02,5.095709e-03,1.375286e-01,5.152004e-01
1.083004e-01,2.148645e-02,1.091320e-02,1.537039e-02,4.125135e-03,5.848597e-03,5.542013e-04,1.518381e-03,3.542511e-02,4.538202e-02,5.832196e-02,1.248986e-02,4.856407e-03,2.206820e-01,4.547259e-01
7.603249e-02,1.554674e-02,7.713067e-03,1.078266e-02,3.810863e-03,4.700416e-03,4.582882e-04,1.090449e-03,4.258391e-02,5.882897e-02,6.350646e-02,1.012856e-02,3.890590e-03,2.975801e-01,4.033465e-01
5.439116e-02,1.207525e-02,5.732171e-03,8.385052e-03,2.965866e-03,5.324537e-03,3.364575e-04,7.895667e-04,9.474188e-02,8.462337e-02,5.279403e-02,7.712433e-03,3.322087e-03,2.614824e-01,4.053237e-01
4.065809e-02,1.243400e-02,5.313296e-03,9.870639e-03,2.900747e-03,1.228633e-02,3.358869e-04,6.719501e-04,1.610541e-01,7.071296e-02,4.505838e-02,7.039480e-03,5.229144e-03,3.129987e-01,3.134363e-01
3.190336e-02,1.712252e-02,7.555292e-03,9.337080e-03,3.178131e-03,2.097422e-02,4.116722e-04,6.466901e-04,2.078550e-01,8.666187e-02,3.991694e-02,7.602665e-03,1.017583e-02,3.039181e-01,2.527406e-01
2.855437e-02,2.370033e-02,9.487620e-03,8.141763e-03,2.607156e-03,2.656309e-02,4.523306e-04,5.773703e-04,1.991033e-01,8.207235e-02,5.867535e-02,1.344916e-02,1.265573e-02,3.420818e-01,1.918783e-01
2.346551e-02,3.569921e-02,1.001279e-02,5.994685e-03,2.207010e-03,2.675556e-02,3.870268e-04,5.032806e-04,1.798006e-01,9.516264e-02,7.501488e-02,1.173505e-02,9.701119e-03,3.739011e-01,1.496596e-01
1.851831e-02,3.302086e-02,1.986298e-02,5.091234e-03,2.274631e-03,2.682660e-02,3.865123e-04,7.832311e-04,1.815400e-01,9.244879e-02,6.761012e-02,1.223648e-02,9.658125e-03,3.825877e-01,1.471544e-01
1.393827e-02,2.875553e-02,2.523044e-02,3.626303e-03,1.826051e-03,2.303630e-02,3.018453e-04,6.253750e-04,1.666030e-01,1.038614e-01,5.612209e-02,9.943517e-03,7.843995e-03,4.284498e-01,1.298361e-01
1.104350e-02,2.848667e-02,1.938394e-02,2.633798e-03,1.567057e-03,2.491349e-02,2.296635e-04,4.965286e-04,1.935925e-01,1.228980e-01,4.614901e-02,7.645118e-03,5.966079e-03,4.067923e-01,1.282024e-01
9.965431e-03,2.485313e-02,1.605364e-02,1.947228e-03,1.301101e-03,1.995196e-02,1.752341e-04,3.930291e-04,2.384335e-01,1.148456e-01,3.815111e-02,5.551303e-03,4.404387e-03,4.111269e-01,1.128464e-01
8.378653e-03,2.168456e-02,1.357164e-02,1.627394e-03,1.223319e-03,1.477825e-02,1.444795e-04,3.394392e-04,2.712082e-01,1.261558e-01,2.884945e-02,4.091606e-03,3.519192e-03,3.350275e-01,1.694004e-01
