1.000000e+00,0.000000e+00,0.000000e+00,0.000000e+00,0.000000e+00,0.000000e+00,0.000000e+00,0.000000e+00,0.000000e+00,0.000000e+00,0.000000e+00,0.000000e+00,0.000000e+00,0.000000e+00,0.000000e+00
1.000000e+00,0.000000e+00,0.000000e+00,0.000000e+00,0.000000e+00,0.000000e+00,0.000000e+00,0.000000e+00,0.000000e+00,0.000000e+00,0.000000e+00,0.000000e+00,0.000000e+00,0.000000e+00,0.000000e+00
1.000000e+00,0.000000e+00,0.000000e+00,0.000000e+00,0.000000e+00,0.000000e+00,0.000000e+00,0.000000e+00,0.000000e+00,0.000000e+00,0.000000e+00,0.000000e+00,0.000000e+00,0.000000e+00,0.000000e+00
1.000000e+00,0.000000e+00,0.000000e+00,0.000000e+00,0.000000e+00,0.000000e+00,0.000000e+00,0.000000e+00,0.000000e+00,0.000000e+00,0.000000e+00,0.000000e+00,0.000000e+00,0.000000e+00,0.000000e+00
1.000000e+00,0.000000e+00,0.000000e+00,0.000000e+00,0.000000e+00,0.000000e+00,0.000000e+00,0.000000e+00,0.000000e+00,0.000000e+00,0.000000e+00,0.000000e+00,0.000000e+00,0.000000e+00,0.000000e+00
1.000000e+00,0.000000e+00,0.000000e+00,0.000000e+00,0.000000e+00,0.000000e+00,0.000000e+00,0.000000e+00,0.000000e+00,0.000000e+00,0.000000e+00,0.000000e+00,0.000000e+00,0.000000e+00,0.000000e+00
1.000000e+00,0.000000e+00,0.000000e+00,0.000000e+00,0.000000e+00,0.000000e+00,0.000000e+00,0.000000e+00,0.000000e+00,0.000000e+00,0.000000e+00,0.000000e+00,0.000000e+00,0.000000e+00,0.000000e+00
1.000000e+00,0.000000e+00,0.000000e+00,0.000000e+00,0.000000e+00,0.000000e+00,0.000000e+00,0.000000e+00,0.000000e+00,0.000000e+00,0.000000e+00,0.000000e+00,0.000000e+00,0.000000e+00,0.000000e+00
1.000000e+00,0.000000e+00,0.000000e+00,0.000000e+00,0.000000e+00,0.000000e+00,0.000000e+00,0.000000e+00,0.000000e+00,0.000000e+00,0.000000e+00,0.000000e+00,0.000000e+00,0.000000e+00,0.000000e+00
1.000000e+00,0.000000e+00,0.000000e+00,0.000000e+00,0.000000e+00,0.000000e+00,0.000000e+00,0.000000e+00,0.000000e+00,0.000000e+00,0.000000e+00,0.000000e+00,0.000000e+00,0.000000e+00,0.000000e+00
1.000000e+00,0.000000e+00,0.000000e+00,0.000000e+00,0.000000e+00,0.000000e+00,0.000000e+00,0.000000e+00,0.000000e+00,0.000000e+00,0.000000e+00,0.000000e+00,0.000000e+00,0.000000e+00,0.000000e+00
1.000000e+00,0.000000e+00,0.000000e+00,0.000000e+00,0.000000e+00,0.000000e+00,0.000000e+00,0.000000e+00,0.000000e+00,0.000000e+00,0.000000e+00,0.000000e+00,0.000000e+00,0.000000e+00,0.000000e+00
1.000000e+00,0.000000e+00,0.000000e+00,0.000000e+00,0.000000e+00,0.000000e+00,0.000000e+00,0.000000e+00,0.000000e+00,0.000000e+00,0.000000e+00,0.000000e+00,0.000000e+00,0.000000e+00,0.000000e+00
1.000000e+00,0.000000e+00,0.000000e+00,0.000000e+00,0.000000e+00,0.000000e+00,0.000000e+00,0.000000e+00,0.000000e+00,0.000000e+00,0.000000e+00,0.000000e+00,0.000000e+00,0.000000e+00,0.000000e+00
1.000000e+00,0.000000e+00,0.000000e+00,0.000000e+00,0.000000e+00,0.000000e+00,0.000000e+00,0.000000e+00,0.000000e+00,0.000000e+00,0.000000e+00,0.000000e+00,0.000000e+00,0.000000e+00,0.000000e+00
1.000000e+00,0.000000e+00,0.000000e+00,0.000000e+00,0.000000e+00,0.000000e+00,0.000000e+00,0.000000e+00,0.000000e+00,0.000000e+00,0.000000e+00,0.000000e+00,0.000000e+00,0.000000e+00,0.000000e+00
1.000000e+00,0.000000e+00,0.000000e+00,0.000000e+00,0.000000e+00,0.000000e+00,0.000000e+00,0.000000e+00,0.000000e+00,0.000000e+00,0.000000e+00,0.000000e+00,0.000000e+00,0.000000e+00,0.000000e+00
1.000000e+00,0.000000e+00,0.000000e+00,0.000000e+00,0.000000e+00,0.000000e+00,0.000000e+00,0.000000e+00,0.000000e+00,0.000000e+00,0.000000e+00,0.000000e+00,0.000000e+00,0.000000e+00,0.000000e+00
1.000000e+00,0.000000e+00,0.000000e+00,0.000000e+00,0.000000e+00,0.000000e+00,0.000000e+00,0.000000e+00,0.000000e+00,0.000000e+00,0.000000e+00,0.000000e+00,0.000000e+00,0.000000e+00,0.000000e+00
1.000000e+00,0.000000e+00,0.000000e+00,0.000000e+00,0.000000e+00,0.000000e+00,0.000000e+00,0.000000e+00,0.000000e+00,0.000000e+00,0.000000e+00,0.000000e+00,0.000000e+00,0.000000e+00,0.000000e+00
1.000000e+00,0.000000e+00,0.000000e+00,0.000000e+00,0.000000e+00,0.000000e+00,0.000000e+00,0.000000e+00,0.000000e+00,0.000000e+00,0.000000e+00,0.000000e+00,0.000000e+00,0.000000e+00,0.000000e+00
1.000000e+00,0.000000e+00,0.000000e+00,0.000000e+00,0.000000e+00,0.000000e+00,0.000000e+00,0.000000e+00,0.000000e+00,0.000000e+00,0.000000e+00,0.000000e+00,0.000000e+00,0.000000e+00,0.000000e+00
1.000000e+00,0.000000e+00,0.000000e+00,0.000000e+00,0.000000e+00,0.000000e+00,0.000000e+00,0.000000e+00,0.000000e+00,0.000000e+00,0.000000e+00,0.000000e+00,0.000000e+00,0.000000e+00,0.000000e+00
1.000000e+00,0.000000e+00,0.000000e+00,0.000000e+00,0.000000e+00,0.000000e+00,0.000000e+00,0.000000e+00,0.000000e+00,0.000000e+00,0.000000e+00,0.000000e+00,0.000000e+00,0.000000e+00,0.000000e+00
1.000000e+00,0.000000e+00,0.000000e+00,0.000000e+00,0.000000e+00,0.000000e+00,0.000000e+00,0.000000e+00,0.000000e+00,0.000000e+00,0.000000e+00,0.000000e+00,0.000000e+00,0.000000e+00,0.000000e+00
1.000000e+00,0.000000e+00,0.000000e+00,0.000000e+00,0.000000e+00,0.000000e+00,0.000000e+00,0.000000e+00,0.000000e+00,0.000000e+00,0.000000e+00,0.000000e+00,0.000000e+00,0.000000e+00,0.000000e+00
1.000000e+00,0.000000e+00,0.000000e+00,0.000000e+00,0.000000e+00,0.000000e+00,0.000000e+00,0.000000e+00,0.000000e+00,0.000000e+00,0.000000e+00,0.000000e+00,0.000000e+00,0.000000e+00,0.000000e+00
1.000000e+00,0.000000e+00,0.000000e+00,0.000000e+00,0.000000e+00,0.000000e+00,0.000000e+00,0.000000e+00,0.000000e+00,0.000000e+00,0.000000e+00,0.000000e+00,0.000000e+00,0.000000e+00,0.000000e+00
1.000000e+00,0.000000e+00,0.000000e+00,0.000000e+00,0.000000e+00,0.000000e+00,0.000000e+00,0.000000e+00,0.000000e+00,0.000000e+00,0.000000e+00,0.000000e+00,0.000000e+00,0.000000e+00,0.000000e+00
1.000000e+00,0.000000e+00,0.000000e+00,0.000000e+00,0.000000e+00,0.000000e+00,0.000000e+00,0.000000e+00,0.000000e+00,0.000000e+00,0.000000e+00,0.000000e+00,0.000000e+00,0.000000e+00,0.000000e+00
1.000000e+00,0.000000e+00,0.000000e+00,0.000000e+00,0.000000e+00,0.000000e+00,0.000000e+00,0.000000e+00,0.000000e+00,0.000000e+00,0.000000e+00,0.000000e+00,0.000000e+00,0.000000e+00,0.000000e+00
1.000000e+00,0.000000e+00,0.000000e+00,0.000000e+00,0.000000e+00,0.000000e+00,0.000000e+00,0.000000e+00,0.000000e+00,0.000000e+00,0.000000e+00,0.000000e+00,0.000000e+00,0.000000e+00,0.000000e+00
1.000000e+00,0.000000e+00,0.000000e+00,0.000000e+00,0.000000e+00,0.000000e+00,0.000000e+00,0.000000e+00,0.000000e+00,0.000000e+00,0.000000e+00,0.000000e+00,0.000000e+00,0.000000e+00,0.000000e+00
1.000000e+00,0.000000e+00,0.000000e+00,0.000000e+00,0.000000e+00,0.000000e+00,0.000000e+00,0.000000e+00,0.000000e+00,0.000000e+00,0.000000e+00,0.000000e+00,0.000000e+00,0.000000e+00,0.000000e+00
1.000000e+00,0.000000e+00,0.000000e+00,0.000000e+00,0.000000e+00,0.000000e+00,0.000000e+00,0.000000e+00,0.000000e+00,0.000000e+00,0.000000e+00,0.000000e+00,0.000000e+00,0.000000e+00,0.000000e+00
1.000000e+00,0.000000e+00,0.000000e+00,0.000000e+00,0.000000e+00,0.000000e+00,0.000000e+00,0.000000e+00,0.000000e+00,0.000000e+00,0.000000e+00,0.000000e+00,0.000000e+00,0.000000e+00,0.000000e+00
1.000000e+00,0.000000e+00,0.000000e+00,0.000000e+00,0.000000e+00,0.000000e+00,0.000000e+00,0.000000e+00,0.000000e+00,0.000000e+00,0.000000e+00,0.000000e+00,0.000000e+00,0.000000e+00,0.000000e+00
1.000000e+00,0.000000e+00,0.000000e+00,0.000000e+00,0.000000e+00,0.000000e+00,0.000000e+00,0.000000e+00,0.000000e+00,0.000000e+00,0.000000e+00,0.000000e+00,0.000000e+00,0.000000e+00,0.000000e+00
1.000000e+00,0.000000e+00,0.000000e+00,0.000000e+00,0.000000e+00,0.000000e+00,0.000000e+00,0.000000e+00,0.000000e+00,0.000000e+00,0.000000e+00,0.000000e+00,0.000000e+00,0.000000e+00,0.000000e+00
1.000000e+00,0.000000e+00,0.000000e+00,0.000000e+00,0.000000e+00,0.000000e+00,0.000000e+00,0.000000e+00,0.000000e+00,0.000000e+00,0.000000e+00,0.000000e+00,0.000000e+00,0.000000e+00,0.000000e+00
1.000000e+00,0.000000e+00,0.000000e+00,0.000000e+00,0.000000e+00,0.000000e+00,0.000000e+00,0.000000e+00,0.000000e+00,0.000000e+00,0.000000e+00,0.000000e+00,0.000000e+00,0.000000e+00,0.000000e+00
1.000000e+00,0.000000e+00,0.000000e+00,0.000000e+00,0.000000e+00,0.000000e+00,0.000000e+00,0.000000e+00,0.000000e+00,0.000000e+00,0.000000e+00,0.000000e+00,0.000000e+00,0.000000e+00,0.000000e+00
1.000000e+00,0.000000e+00,0.000000e+00,0.000000e+00,0.000000e+00,0.000000e+00,0.000000e+00,0.000000e+00,0.000000e+00,0.000000e+00,0.000000e+00,0.000000e+00,0.000000e+00,0.000000e+00,0.000000e+00
1.000000e+00,0.000000e+00,0.000000e+00,0.000000e+00,0.000000e+00,0.000000e+00,0.000000e+00,0.000000e+00,0.000000e+00,0.000000e+00,0.000000e+00,0.000000e+00,0.000000e+00,0.000000e+00,0.000000e+00
4.565982e-01,4.039326e-02,7.084747e-02,1.691883e-01,8.951712e-03,1.839934e-02,4.453482e-03,2.702621e-02,2.253511e-02,2.590843e-03,7.011168e-02,5.712742e-02,1.297311e-02,8.989389e-03,2.981446e-02
1.000000e+00,0.000000e+00,0.000000e+00,0.000000e+00,0.000000e+00,0.000000e+00,0.000000e+00,0.000000e+00,0.000000e+00,0.000000e+00,0.000000e+00,0.000000e+00,0.000000e+00,0.000000e+00,0.000000e+00
4.639018e-01,4.745205e-02,5.696239e-02,1.820592e-01,1.674136e-02,1.934159e-02,4.595808e-03,2.215264e-02,2.284250e-02,2.619073e-03,5.725337e-02,5.098492e-02,1.341186e-02,9.054310e-03,3.062727e-02
4.848782e-01,4.451788e-02,5.039140e-02,1.772014e-01,1.754338e-02,1.875982e-02,4.414751e-03,2.065975e-02,2.170104e-02,2.849247e-03,5.334304e-02,5.007343e-02,1.558551e-02,8.610506e-03,2.947069e-02
1.000000e+00,0.000000e+00,0.000000e+00,0.000000e+00,0.000000e+00,0.000000e+00,0.000000e+00,0.000000e+00,0.000000e+00,0.000000e+00,0.000000e+00,0.000000e+00,0.000000e+00,0.000000e+00,0.000000e+00
1.000000e+00,0.000000e+00,0.000000e+00,0.000000e+00,0.000000e+00,0.000000e+00,0.000000e+00,0.000000e+00,0.000000e+00,0.000000e+00,0.000000e+00,0.000000e+00,0.000000e+00,0.000000e+00,0.000000e+00
1.000000e+00,0.000000e+00,0.000000e+00,0.000000e+00,0.000000e+00,0.000000e+00,0.000000e+00,0.000000e+00,0.000000e+00,0.000000e+00,0.000000e+00,0.000000e+00,0.000000e+00,0.000000e+00,0.000000e+00
1.000000e+00,0.000000e+00,0.000000e+00,0.000000e+00,0.000000e+00,0.000000e+00,0.000000e+00,0.000000e+00,0.000000e+00,0.000000e+00,0.000000e+00,0.000000e+00,0.000000e+00,0.000000e+00,0.000000e+00
1.000000e+00,0.000000e+00,0.000000e+00,0.000000e+00,0.000000e+00,0.000000e+00,0.000000e+00,0.000000e+00,0.000000e+00,0.000000e+00,0.000000e+00,0.000000e+00,0.000000e+00,0.000000e+00,0.000000e+00
1.000000e+00,0.000000e+00,0.000000e+00,0.000000e+00,0.000000e+00,0.000000e+00,0.000000e+00,0.000000e+00,0.000000e+00,0.000000e+00,0.000000e+00,0.000000e+00,0.000000e+00,0.000000e+00,0.000000e+00
1.000000e+00,0.000000e+00,0.000000e+00,0.000000e+00,0.000000e+00,0.000000e+00,0.000000e+00,0.000000e+00,0.000000e+00,0.000000e+00,0.000000e+00,0.000000e+00,0.000000e+00,0.000000e+00,0.000000e+00
1.000000e+00,0.000000e+00,0.000000e+00,0.000000e+00,0.000000e+00,0.000000e+00,0.000000e+00,0.000000e+00,0.000000e+00,0.000000e+00,0.000000e+00,0.000000e+00,0.000000e+00,0.000000e+00,0.000000e+00
1.000000e+00,0.000000e+00,0.000000e+00,0.000000e+00,0.000000e+00,0.000000e+00,0.000000e+00,0.000000e+00,0.000000e+00,0.000000e+00,0.000000e+00,0.000000e+00,0.000000e+00,0.000000e+00,0.000000e+00
1.000000e+00,0.000000e+00,0.000000e+00,0.000000e+00,0.000000e+00,0.000000e+00,0.000000e+00,0.000000e+00,0.000000e+00,0.000000e+00,0.000000e+00,0.000000e+00,0.000000e+00,0.000000e+00,0.000000e+00
1.000000e+00,0.000000e+00,0.000000e+00,0.000000e+00,0.000000e+00,0.000000e+00,0.000000e+00,0.000000e+00,0.000000e+00,0.000000e+00,0.000000e+00,0.000000e+00,0.000000e+00,0.000000e+00,0.000000e+00
1.000000e+00,0.000000e+00,0.000000e+00,0.000000e+00,0.000000e+00,0.000000e+00,0.000000e+00,0.000000e+00,0.000000e+00,0.000000e+00,0.000000e+00,0.000000e+00,0.000000e+00,0.000000e+00,0.000000e+00
1.000000e+00,0.000000e+00,0.000000e+00,0.000000e+00,0.000000e+00,0.000000e+00,0.000000e+00,0.000000e+00,0.000000e+00,0.000000e+00,0.000000e+00,0.000000e+00,0.000000e+00,0.000000e+00,0.000000e+00
1.000000e+00,0.000000e+00,0.000000e+00,0.000000e+00,0.000000e+00,0.000000e+00,0.000000e+00,0.000000e+00,0.000000e+00,0.000000e+00,0.000000e+00,0.000000e+00,0.000000e+00,0.000000e+00,0.000000e+00
1.000000e+00,0.000000e+00,0.000000e+00,0.000000e+00,0.000000e+00,0.000000e+00,0.000000e+00,0.000000e+00,0.000000e+00,0.000000e+00,0.000000e+00,0.000000e+00,0.000000e+00,0.000000e+00,0.000000e+00
1.000000e+00,0.000000e+00,0.000000e+00,0.000000e+00,0.000000e+00,0.000000e+00,0.000000e+00,0.000000e+00,0.000000e+00,0.000000e+00,0.000000e+00,0.000000e+00,0.000000e+00,0.000000e+00,0.000000e+00
3.823378e-01,1.510085e-02,1.481942e-02,3.736290e-02,5.937510e-03,2.745669e-02,3.202594e-03,9.043527e-03,6.726572e-03,1.182389e-03,4.309547e-01,3.539538e-02,1.095120e-02,5.840806e-03,1.368761e-02
2.995807e-01,1.241792e-02,1.085361e-02,2.878378e-02,4.781895e-03,1.614884e-01,4.425033e-03,1.144278e-02,7.943025e-03,1.374436e-02,3.636292e-01,2.718514e-02,1.051415e-02,1.155231e-02,3.165771e-02
2.098106e-01,9.057711e-03,7.609661e-03,2.089396e-02,3.402606e-03,3.175117e-01,3.711682e-03,8.131891e-03,1.058923e-02,3.318610e-02,2.692758e-01,1.973429e-02,9.250472e-03,1.300704e-02,6.482723e-02
1.474998e-01,7.055940e-03,5.407998e-03,1.531507e-02,2.556624e-03,3.172284e-01,2.721604e-03,7.335355e-03,2.956728e-02,8.848707e-02,1.931473e-01,1.411068e-02,7.043027e-03,1.218055e-02,1.503433e-01
1.039180e-01,6.495545e-03,3.883987e-03,1.126827e-02,1.981077e-03,2.725160e-01,1.973049e-03,5.700321e-03,4.121079e-02,2.003991e-01,1.369470e-01,1.002504e-02,5.612364e-03,1.002674e-02,1.880427e-01
7.325178e-02,7.525806e-03,3.247858e-03,1.239255e-02,2.367976e-03,1.931319e-01,1.447192e-03,4.452273e-03,5.134703e-02,2.990010e-01,9.713727e-02,7.280287e-03,4.536559e-03,7.271078e-03,2.356095e-01
5.476544e-02,1.419298e-02,2.762466e-03,1.054326e-02,2.225781e-03,1.370719e-01,1.195175e-03,4.231170e-03,1.368012e-01,2.926245e-01,7.482415e-02,6.157831e-03,4.495223e-03,7.570086e-03,2.505387e-01
4.029133e-02,1.268650e-02,2.232375e-03,8.148024e-03,3.182054e-03,1.000937e-01,1.207519e-03,3.538961e-03,2.261906e-01,2.355782e-01,7.137561e-02,6.017257e-03,8.423725e-03,1.737847e-02,2.636556e-01
2.951114e-02,1.140261e-02,1.600611e-03,5.944110e-03,2.351392e-03,7.289210e-02,9.417900e-04,2.522060e-03,2.450383e-01,1.869323e-01,1.647249e-01,8.018749e-03,1.189286e-02,2.375289e-02,2.324742e-01
2.148185e-02,1.043830e-02,1.165014e-03,4.433043e-03,1.815129e-03,5.312518e-02,7.108698e-04,1.805545e-03,2.400100e-01,1.402140e-01,2.337698e-01,1.007043e-02,1.630736e-02,3.978371e-02,2.248697e-01
1.647880e-02,9.363257e-03,8.352103e-04,4.489779e-03,1.692828e-03,4.272274e-02,5.401935e-04,1.352349e-03,3.438191e-01,1.016893e-01,2.077709e-01,1.695784e-02,2.376060e-02,3.497687e-02,1.935502e-01
1.190174e-02,7.498361e-03,6.125378e-04,3.778931e-03,1.355787e-03,3.107138e-02,4.493585e-04,1.009887e-03,2.716239e-01,7.203840e-02,3.545475e-01,3.023196e-02,3.325418e-02,3.131235e-02,1.493137e-01
9.512848e-03,1.072119e-02,6.166619e-04,4.314218e-03,3.173049e-03,2.366940e-02,9.097286e-04,1.354253e-03,2.473371e-01,5.221074e-02,3.835731e-01,4.497244e-02,4.434280e-02,3.809282e-02,1.351996e-01
9.283617e-03,4.844997e-02,1.682536e-03,1.027632e-02,3.901273e-03,1.850924e-02,1.020516e-03,1.901855e-03,2.669988e-01,3.892897e-02,3.076324e-01,4.278787e-02,4.587986e-02,4.868114e-02,1.540656e-01
1.108849e-02,6.372619e-02,8.121809e-03,1.856799e-02,1.174687e-02,1.763960e-02,1.812700e-03,1.489191e-02,3.478857e-01,2.887569e-02,2.293336e-01,3.416983e-02,4.371955e-02,4.476193e-02,1.236581e-01
1.387032e-02,6.018879e-02,1.406782e-02,6.664257e-02,4.755273e-02,2.093974e-02,4.245955e-03,2.716493e-02,3.714834e-01,2.167678e-02,1.636682e-01,2.456331e-02,3.697952e-02,3.310195e-02,9.385400e-02
1.725736e-02,5.942179e-02,1.558532e-02,5.921240e-02,7.231152e-02,2.978005e-02,8.323843e-03,2.076489e-02,4.309539e-01,2.090098e-02,1.162733e-01,1.748943e-02,2.782937e-02,2.398435e-02,7.991149e-02
2.339773e-02,6.003211e-02,1.420522e-02,8.403044e-02,8.489038e-02,5.243858e-02,9.201225e-03,2.450759e-02,4.350073e-01,1.671723e-02,8.367939e-02,1.250894e-02,2.171339e-02,1.737730e-02,6.029314e-02
3.210743e-02,4.651977e-02,1.202318e-02,7.196692e-02,1.115997e-01,6.176158e-02,9.152536e-03,3.310144e-02,4.701082e-01,1.181858e-02,5.995264e-02,9.026200e-03,1.575960e-02,1.242076e-02,4.268152e-02
3.810171e-02,3.935546e-02,1.125734e-02,7.171394e-02,1.511574e-01,5.384679e-02,1.186658e-02,5.534118e-02,4.556167e-01,8.828566e-03,4.285891e-02,6.893608e-03,1.225827e-02,8.885932e-03,3.201760e-02
3.816595e-02,2.979170e-02,1.210842e-02,8.097150e-02,1.562346e-01,3.903608e-02,9.727390e-03,1.936634e-01,3.609355e-01,6.218518e-03,3.024499e-02,5.065029e-03,9.004952e-03,6.277339e-03,2.255469e-02
3.701069e-02,2.169216e-02,9.256546e-03,5.955431e-02,1.395398e-01,2.770775e-02,7.254639e-03,3.825673e-01,2.594131e-01,4.380262e-03,2.128157e-02,3.604061e-03,6.466802e-03,4.420345e-03,1.585056e-02
3.708790e-02,1.604743e-02,6.827164e-03,4.294967e-02,1.082756e-01,1.964243e-02,5.425858e-03,5.400531e-01,1.840256e-01,3.082836e-03,1.503051e-02,2.617428e-03,4.639380e-03,3.131855e-03,1.116310e-02
1.338561e-01,1.426081e-02,6.429694e-03,3.686512e-02,8.313847e-02,1.665486e-02,4.163719e-03,5.179630e-01,1.324542e-01,2.690223e-03,1.580386e-02,1.468953e-02,9.035300e-03,2.614378e-03,9.380640e-03
1.989049e-01,1.437831e-02,5.740923e-03,3.717898e-02,7.120064e-02,2.002688e-02,3.558327e-03,4.322977e-01,1.073771e-01,3.177261e-03,1.872668e-02,2.791285e-02,4.812191e-02,2.227805e-03,9.169689e-03
1.842087e-01,1.079938e-02,4.952991e-03,4.104338e-02,5.651252e-02,2.013936e-02,3.573598e-03,3.207423e-01,9.135558e-02,3.110466e-03,4.996254e-02,4.713210e-02,1.557560e-01,2.054621e-03,8.656340e-03
1.359095e-01,7.897268e-03,4.014290e-03,3.258912e-02,4.315695e-02,3.252420e-02,2.966901e-03,2.251799e-01,7.824180e-02,2.308529e-03,5.005773e-02,6.540520e-02,3.109387e-01,1.541681e-03,7.268259e-03
9.610729e-02,5.681381e-03,2.928761e-03,2.324397e-02,3.128960e-02,4.886886e-02,2.287129e-03,1.578644e-01,6.267054e-02,1.752797e-03,4.794627e-02,8.218285e-02,4.306217e-01,1.137240e-03,5.417164e-03
6.797417e-02,4.327040e-03,2.221372e-03,1.760736e-02,2.226866e-02,4.901311e-02,1.726504e-03,1.105911e-01,5.080739e-02,1.420481e-03,4.573347e-02,1.149342e-01,5.054991e-01,1.343541e-03,4.532531e-03
4.852126e-02,3.304761e-03,1.787471e-03,1.288505e-02,1.605582e-02,7.736656e-02,1.372483e-03,7.760388e-02,4.128628e-02,1.307252e-03,4.358967e-02,2.159423e-01,4.537154e-01,1.648857e-03,3.612949e-03
3.434875e-02,2.413656e-03,1.399557e-03,9.264340e-03,1.146604e-02,8.493529e-02,1.104887e-03,5.438796e-02,3.336952e-02,1.937934e-03,3.979293e-02,3.451567e-01,3.749448e-01,2.641303e-03,2.836334e-03
2.459748e-02,1.814613e-03,1.049655e-03,6.557617e-03,8.229355e-03,6.329605e-02,8.259077e-04,3.809026e-02,2.755993e-02,2.658253e-03,4.173318e-02,5.000530e-01,2.774971e-01,3.743239e-03,2.294297e-03
1.829038e-02,1.415583e-03,8.203431e-04,4.673013e-03,5.896121e-03,4.742421e-02,6.257278e-04,2.669602e-02,2.281966e-02,3.653247e-03,4.640182e-02,6.168661e-01,1.985595e-01,4.063871e-03,1.794476e-03
1.342458e-02,1.195275e-03,7.053195e-04,3.319913e-03,4.543991e-03,3.402511e-02,4.495728e-04,1.872015e-02,1.958597e-02,4.088392e-03,6.180387e-02,6.911956e-01,1.419796e-01,3.637740e-03,1.324907e-03
1.026653e-02,9.646569e-04,5.459146e-04,2.362152e-03,3.531397e-03,2.419230e-02,3.275636e-04,1.316018e-02,1.767021e-02,5.200329e-03,6.819114e-02,7.480022e-01,1.013937e-01,3.223807e-03,9.679198e-04
7.441917e-03,1.193677e-03,5.532698e-04,1.700810e-03,3.156956e-03,1.717367e-02,2.445674e-04,9.276049e-03,1.745256e-02,5.339765e-03,9.726462e-02,7.633117e-01,7.204823e-02,3.107104e-03,7.350919e-04
5.359342e-03,2.393213e-03,4.821031e-04,1.207332e-03,2.733175e-03,1.213497e-02,1.791795e-04,6.555185e-03,1.509854e-02,4.372345e-03,2.239554e-01,6.702791e-01,5.108611e-02,3.618000e-03,5.459941e-04
3.962255e-03,3.474753e-02,8.089863e-04,8.769885e-04,3.309335e-03,8.578631e-03,1.330529e-04,4.702719e-03,2.092503e-02,4.235098e-03,3.181283e-01,5.585442e-01,3.668380e-02,3.903045e-03,4.611017e-04
2.890631e-03,4.776310e-02,1.378331e-03,6.575916e-04,3.078746e-03,6.082719e-03,1.062628e-04,3.631181e-03,1.957721e-02,3.658734e-03,4.542749e-01,4.250037e-01,2.635622e-02,5.060029e-03,4.807174e-04
2.157821e-03,2.862740e-01,5.745012e-03,5.463032e-04,2.811461e-03,4.413284e-03,8.589250e-05,3.506832e-03,2.993009e-02,3.026840e-03,3.288871e-01,3.095490e-01,1.899209e-02,3.639779e-03,4.346257e-04
2.128583e-03,4.294398e-01,1.376005e-02,1.241240e-03,3.511031e-03,3.686938e-03,1.195035e-04,5.791868e-03,6.966040e-02,2.341638e-03,2.337909e-01,2.177145e-01,1.347432e-02,2.617393e-03,7.217971e-04
2.796614e-03,3.513451e-01,2.071222e-01,1.978539e-02,5.501790e-03,3.883301e-03,1.320298e-04,5.402355e-03,6.746556e-02,2.419783e-03,1.658779e-01,1.527815e-01,9.532233e-03,2.050960e-03,3.903416e-03
3.547807e-03,3.000653e-01,3.314885e-01,2.951756e-02,5.449453e-03,3.748385e-03,1.109751e-04,4.731235e-03,7.192132e-02,2.955929e-03,1.169660e-01,1.073817e-01,7.091809e-03,1.600228e-03,1.342393e-02
3.512057e-03,3.254590e-01,2.691503e-01,2.376434e-02,4.885097e-03,2.792879e-03,8.350403e-05,3.630977e-03,1.500679e-01,3.990429e-03,8.352155e-02,7.538763e-02,5.694928e-03,1.311541e-03,4.674786e-02
9.375723e-03,4.032513e-01,2.308849e-01,1.809962e-02,1.021703e-02,3.176309e-03,8.887757e-05,2.885562e-03,1.350095e-01,6.227462e-03,6.201852e-02,5.325361e-02,5.101132e-03,1.568461e-03,5.884201e-02
1.262915e-02,3.620411e-01,1.687320e-01,7.379230e-02,5.537995e-02,4.103079e-03,1.908061e-04,4.928944e-03,1.709768e-01,5.975341e-03,4.581000e-02,3.752113e-02,4.358198e-03,1.432042e-03,5.212910e-02
2.981455e-02,3.243500e-01,1.268122e-01,6.974806e-02,8.062594e-02,1.087049e-02,3.948053e-04,8.726585e-03,2.091280e-01,7.554954e-03,3.439017e-02,2.689204e-02,3.686389e-03,2.653998e-03,6.435180e-02
3.254839e-02,2.768323e-01,9.646097e-02,1.942871e-01,8.462615e-02,1.021393e-02,3.792746e-04,1.388531e-02,1.726785e-01,6.298467e-03,2.574257e-02,1.906281e-02,2.823026e-03,2.164925e-03,6.199627e-02
7.116807e-02,3.016658e-01,7.582957e-02,1.669523e-01,9.776837e-02,1.263666e-02,4.150083e-04,1.646349e-02,1.369068e-01,5.409603e-03,2.169072e-02,1.427886e-02,2.625034e-03,3.694734e-03,7.249501e-02
8.178404e-02,2.465020e-01,6.752916e-02,2.503840e-01,1.124023e-01,1.308734e-02,5.519089e-04,2.043367e-02,1.067168e-01,4.647466e-03,1.740007e-02,1.125816e-02,2.258855e-03,3.941046e-03,6.110328e-02
1.407055e-01,2.076839e-01,6.821969e-02,2.163309e-01,1.164474e-01,1.167021e-02,6.087704e-04,2.027849e-02,1.001148e-01,5.251404e-03,1.429856e-02,9.755413e-03,2.971795e-03,4.909498e-03,8.075368e-02
1.667363e-01,1.614271e-01,1.013154e-01,2.294995e-01,1.028360e-01,1.032733e-02,9.662726e-04,2.282248e-02,9.929964e-02,5.430041e-03,1.284998e-02,9.168925e-03,3.851790e-03,4.596156e-03,6.887313e-02
2.204903e-01,1.254835e-01,1.433527e-01,2.099825e-01,9.040119e-02,9.490166e-03,1.322714e-03,2.332229e-02,8.963368e-02,4.744701e-03,1.136548e-02,8.459769e-03,3.808287e-03,4.720781e-03,5.342198e-02
2.761020e-01,1.014943e-01,1.609458e-01,1.749064e-01,8.972013e-02,1.076807e-02,1.562582e-03,2.616523e-02,8.884300e-02,4.612135e-03,9.458466e-03,7.553857e-03,3.712501e-03,3.872625e-03,4.028289e-02
3.501964e-01,8.592779e-02,1.243938e-01,1.484145e-01,7.895342e-02,1.658930e-02,2.167979e-03,2.607906e-02,9.421098e-02,3.905199e-03,1.208844e-02,1.459888e-02,6.957778e-03,4.073365e-03,3.144318e-02
3.995514e-01,7.934672e-02,9.264624e-02,1.255964e-01,8.480783e-02,2.341248e-02,4.501184e-03,2.353398e-02,9.202059e-02,3.291231e-03,1.390164e-02,1.665165e-02,8.964101e-03,5.162785e-03,2.661175e-02
4.524283e-01,6.675503e-02,6.906066e-02,1.010077e-01,7.499415e-02,2.316672e-02,4.264041e-03,2.098406e-02,1.086323e-01,2.459077e-03,1.568365e-02,2.192206e-02,1.118353e-02,6.156254e-03,2.130244e-02
4.734887e-01,9.610189e-02,5.207059e-02,1.078827e-01,6.184971e-02,1.951966e-02,4.108464e-03,1.849177e-02,8.663788e-02,2.540860e-03,1.439848e-02,2.619476e-02,1.132778e-02,5.240297e-03,2.014644e-02
4.536925e-01,1.138296e-01,4.365747e-02,1.381425e-01,4.578137e-02,1.839999e-02,4.235708e-03,2.040216e-02,6.959568e-02,3.272073e-03,1.498061e-02,2.550593e-02,1.301952e-02,4.400624e-03,3.108432e-02
4.243738e-01,1.031962e-01,3.690600e-02,1.440856e-01,3.430824e-02,1.958580e-02,3.598961e-03,2.414829e-02,7.343359e-02,4.314760e-03,2.431173e-02,3.041398e-02,2.014659e-02,6.630673e-03,5.054577e-02
3.561796e-01,7.796680e-02,2.914391e-02,1.154523e-01,2.499156e-02,1.709682e-02,2.694922e-03,1.812199e-02,1.082741e-01,6.361143e-03,1.114922e-01,3.131188e-02,2.123267e-02,3.551857e-02,4.416150e-02
2.795450e-01,5.586374e-02,2.141453e-02,8.566275e-02,1.879713e-02,1.573473e-02,2.027551e-03,1.303703e-02,8.671708e-02,6.103348e-03,3.020308e-01,2.802696e-02,1.867013e-02,3.320204e-02,3.316716e-02
3.237489e-01,4.150309e-02,1.698511e-02,6.326117e-02,1.818347e-02,4.535792e-02,2.392236e-03,1.178437e-02,6.522374e-02,5.252770e-03,2.930135e-01,3.608181e-02,1.688206e-02,3.443868e-02,2.589115e-02
2.340416e-01,5.005540e-02,1.807786e-02,4.797060e-02,4.711560e-02,4.707017e-02,2.234381e-03,8.942183e-03,6.683978e-02,7.221476e-03,3.602914e-01,2.818949e-02,1.535950e-02,3.776260e-02,2.882802e-02
1.645660e-01,1.882356e-01,1.857905e-02,3.999078e-02,7.613845e-02,3.825449e-02,2.110576e-03,7.324214e-03,9.811584e-02,7.474014e-03,2.650013e-01,2.074461e-02,1.306984e-02,2.819304e-02,3.220212e-02
1.196840e-01,1.569110e-01,2.557049e-02,3.017898e-02,9.199882e-02,7.422462e-02,2.602958e-03,5.599006e-03,2.035103e-01,6.176334e-03,1.990061e-01,1.489244e-02,1.056920e-02,2.102388e-02,3.805194e-02
1.057227e-01,1.373977e-01,3.020892e-02,2.543363e-02,1.328413e-01,1.310627e-01,3.874803e-03,4.704444e-03,1.735044e-01,5.144616e-03,1.418310e-01,1.072067e-02,8.912584e-03,1.608920e-02,7.255122e-02
1.007504e-01,1.223358e-01,5.122462e-02,4.779139e-02,1.331082e-01,1.706723e-01,5.755041e-03,5.346700e-03,1.410407e-01,4.397226e-03,1.021367e-01,8.607343e-03,8.149625e-03,1.254216e-02,8.614178e-02
1.009357e-01,1.105667e-01,4.224485e-02,4.437826e-02,1.517277e-01,2.210117e-01,2.854352e-02,1.522101e-02,1.164605e-01,4.008827e-03,7.223535e-02,6.283947e-03,7.893715e-03,9.780509e-03,6.870773e-02
8.559743e-02,1.289855e-01,3.882904e-02,3.869718e-02,1.576487e-01,2.774714e-01,3.770390e-02,1.767307e-02,8.550631e-02,4.193134e-03,5.338247e-02,4.601096e-03,7.505890e-03,7.499075e-03,5.470587e-02
6.068961e-02,9.284004e-02,2.782004e-02,2.819007e-02,1.140082e-01,2.299031e-01,3.319046e-02,1.325102e-02,2.311239e-01,2.122164e-02,7.454637e-02,4.495926e-03,1.327104e-02,7.178729e-03,4.826979e-02
4.314806e-02,6.645527e-02,2.060810e-02,2.150152e-02,8.272428e-02,1.675021e-01,2.499519e-02,9.781362e-03,3.722359e-01,3.745634e-02,8.176734e-02,1.107769e-02,1.338312e-02,8.301262e-03,3.906249e-02
3.046231e-02,4.739396e-02,1.477307e-02,1.652162e-02,5.835808e-02,1.186892e-01,1.765323e-02,6.938890e-03,4.858120e-01,3.045002e-02,9.975582e-02,1.242620e-02,2.235164e-02,7.295311e-03,3.111864e-02
2.173542e-02,3.619946e-02,1.052212e-02,1.949585e-02,4.282190e-02,8.403561e-02,1.244451e-02,4.910680e-03,5.469743e-01,2.424393e-02,1.286065e-01,1.606213e-02,2.175102e-02,6.230449e-03,2.396614e-02
1.564596e-02,2.785666e-02,7.703854e-03,1.735656e-02,3.050766e-02,6.040138e-02,8.818143e-03,3.476120e-03,4.939024e-01,2.753561e-02,1.938551e-01,5.093947e-02,2.942967e-02,8.496821e-03,2.407463e-02
1.127902e-02,2.033567e-02,5.644834e-03,1.366409e-02,2.213218e-02,4.581471e-02,6.315609e-03,2.678139e-03,3.720979e-01,2.338126e-02,2.279804e-01,1.887842e-01,3.225540e-02,9.117762e-03,1.851887e-02
8.338523e-03,1.901560e-02,4.299609e-03,9.964622e-03,1.661073e-02,3.284828e-02,4.605065e-03,2.119286e-03,2.937034e-01,1.881703e-02,2.507759e-01,2.619051e-01,3.791446e-02,2.144642e-02,1.763602e-02
5.912148e-03,8.258882e-02,4.477023e-03,7.281216e-03,1.909932e-02,2.408274e-02,3.340306e-03,1.725610e-03,2.911230e-01,1.452776e-02,2.450356e-01,2.292688e-01,3.219186e-02,2.182892e-02,1.751691e-02
4.276763e-03,6.600176e-02,4.185052e-03,5.564086e-03,1.746782e-02,1.775705e-02,2.474118e-03,1.657825e-03,3.257851e-01,1.155196e-02,2.741148e-01,1.901777e-01,2.424745e-02,3.477738e-02,1.996117e-02
3.016837e-03,5.218485e-02,3.260774e-03,3.994472e-03,1.550291e-02,1.287800e-02,1.776503e-03,1.258081e-03,3.287639e-01,8.375551e-03,3.502053e-01,1.401413e-01,1.785072e-02,3.736452e-02,2.342622e-02
2.293859e-03,4.119660e-02,3.954249e-03,3.869881e-03,1.239919e-02,1.059091e-02,1.273578e-03,1.158291e-03,4.306502e-01,6.493954e-03,3.146783e-01,1.059944e-01,1.300137e-02,3.409214e-02,1.835304e-02
2.721123e-03,3.917056e-02,3.549682e-03,3.527251e-03,9.927919e-03,9.883735e-03,9.729308e-04,1.495529e-03,4.226387e-01,5.632321e-03,2.993064e-01,8.382059e-02,1.057331e-02,9.081271e-02,1.596722e-02
2.896177e-03,4.060262e-02,3.365763e-03,3.302695e-03,8.236462e-03,9.170301e-03,7.133448e-04,1.557809e-03,4.600391e-01,5.169832e-03,2.689524e-01,6.900229e-02,8.317300e-03,1.060378e-01,1.263610e-02
3.557823e-03,3.505550e-02,4.056155e-03,4.942736e-03,7.440454e-03,8.481235e-03,5.934135e-04,2.076183e-03,4.870400e-01,6.255598e-03,2.455796e-01,6.803561e-02,7.891075e-03,1.095620e-01,9.432669e-03
3.809629e-03,3.980795e-02,4.712238e-03,4.288794e-03,8.844742e-03,2.477258e-02,4.680269e-04,2.677791e-03,5.426172e-01,5.703774e-03,1.931118e-01,5.154045e-02,7.062081e-03,1.032616e-01,7.321320e-03
4.914189e-03,3.697561e-02,4.813245e-03,5.316533e-03,1.267778e-02,4.957062e-02,5.554384e-04,4.449602e-03,5.744192e-01,7.032919e-03,1.456470e-01,4.075571e-02,6.233338e-03,9.899666e-02,7.642164e-03
5.685516e-03,4.377245e-02,4.385858e-03,6.994589e-03,1.196688e-02,1.005946e-01,4.602822e-04,5.079039e-03,5.371363e-01,8.210515e-03,1.075795e-01,3.007776e-02,5.991479e-03,1.062633e-01,2.580196e-02
5.225092e-03,4.757114e-02,4.134334e-03,1.659106e-02,9.755606e-03,8.339512e-02,3.457822e-04,4.100258e-03,6.011965e-01,1.000764e-02,7.677457e-02,2.213125e-02,5.149839e-03,8.077995e-02,3.284185e-02
1.374664e-02,7.730679e-02,4.221766e-03,1.433634e-02,2.850986e-02,7.896656e-02,3.696171e-04,5.486642e-03,5.791272e-01,1.152099e-02,6.052540e-02,1.645496e-02,4.066365e-03,7.141436e-02,3.394654e-02
2.073850e-02,1.201061e-01,6.913097e-03,2.553789e-02,5.661527e-02,6.071397e-02,5.448153e-04,1.236802e-02,5.271948e-01,1.181668e-02,4.392934e-02,1.205869e-02,3.538436e-03,5.531975e-02,4.260471e-02
2.586733e-02,1.245574e-01,6.183284e-03,2.314579e-02,5.560008e-02,6.940812e-02,5.381037e-04,1.128836e-02,5.012531e-01,1.285830e-02,3.127617e-02,8.734064e-03,3.020691e-03,4.035899e-02,8.591026e-02
4.524054e-02,1.036522e-01,2.119037e-02,5.791236e-02,4.937802e-02,1.225635e-01,7.951031e-04,4.307579e-02,3.906901e-01,1.019945e-02,2.284909e-02,6.826938e-03,3.195938e-03,2.907745e-02,9.335321e-02
4.219128e-02,1.064631e-01,1.754537e-02,4.267650e-02,4.638099e-02,1.080196e-01,8.303077e-04,2.090027e-01,3.098771e-01,7.147401e-03,1.605614e-02,4.816664e-03,2.459890e-03,2.062555e-02,6.590734e-02
3.375707e-02,7.888871e-02,1.462476e-02,3.141280e-02,4.033609e-02,7.765900e-02,6.926225e-04,4.173575e-01,2.226178e-01,5.018934e-03,1.131494e-02,3.404452e-03,1.805784e-03,1.459865e-02,4.651090e-02
2.569684e-02,5.604901e-02,1.085262e-02,2.262024e-02,3.007351e-02,5.555749e-02,5.597670e-04,5.823153e-01,1.582599e-01,3.515381e-03,7.937344e-03,2.392269e-03,1.306854e-03,1.024355e-02,3.261996e-02
1.982081e-02,3.957142e-02,7.994958e-03,1.631286e-02,2.265935e-02,3.920802e-02,4.346173e-04,7.016858e-01,1.114950e-01,2.468167e-03,5.597887e-03,1.716903e-03,9.589593e-04,7.181658e-03,2.289367e-02
1.779831e-02,2.902816e-02,5.926844e-03,1.153398e-02,1.836189e-02,2.759044e-02,5.903171e-04,7.792113e-01,8.069150e-02,1.747482e-03,4.077382e-03,1.367054e-03,8.196272e-04,5.098993e-03,1.615676e-02
1.915080e-02,2.292860e-02,4.677953e-03,8.208741e-03,1.596735e-02,1.959366e-02,6.864758e-04,8.288526e-01,5.850907e-02,1.245962e-03,3.120587e-03,1.161069e-03,7.182689e-04,3.631554e-03,1.154733e-02
1.623881e-02,1.650442e-02,3.418414e-03,5.877813e-03,1.224541e-02,1.437525e-02,5.345790e-04,8.728480e-01,4.220993e-02,8.957558e-04,2.388461e-03,9.854968e-04,5.590034e-04,2.576329e-03,8.342341e-03
4.047722e-02,1.267752e-02,2.859382e-03,6.220819e-03,9.682555e-03,1.561661e-02,5.825196e-04,8.574271e-01,3.590848e-02,7.710548e-04,3.636819e-03,3.600143e-03,1.212711e-03,2.230524e-03,7.096587e-03
8.353850e-02,1.136640e-02,3.027023e-03,3.254601e-02,7.936860e-03,2.037519e-02,5.594611e-04,6.994971e-01,5.364889e-02,2.204897e-03,3.436431e-02,1.846960e-02,1.054619e-02,3.433113e-03,1.848653e-02
7.005358e-02,9.204069e-03,3.742210e-03,3.789837e-02,8.036654e-03,1.968459e-02,5.862326e-04,5.501898e-01,5.646768e-02,5.338618e-03,1.254524e-01,3.404270e-02,5.366596e-02,4.749449e-03,2.088769e-02
5.565739e-02,1.056204e-02,5.241705e-03,9.882319e-02,1.151135e-02,1.943558e-02,6.903303e-04,4.051702e-01,1.150379e-01,7.290836e-03,1.408373e-01,3.699012e-02,6.499136e-02,4.800456e-03,2.296028e-02
4.835053e-02,9.081643e-03,4.839696e-03,7.973705e-02,9.588872e-03,2.655674e-02,9.028013e-04,2.910239e-01,9.807136e-02,7.860227e-03,1.698323e-01,7.211677e-02,1.563240e-01,4.976186e-03,2.073797e-02
9.121341e-02,8.375254e-03,5.401540e-03,6.493404e-02,9.668299e-03,3.158565e-02,1.630510e-03,2.068916e-01,8.458818e-02,8.274662e-03,1.443871e-01,9.958012e-02,2.098173e-01,6.945353e-03,2.670703e-02
7.708055e-02,7.963640e-03,4.901930e-03,5.143629e-02,4.307547e-02,2.902848e-02,2.317429e-03,1.498865e-01,1.278617e-01,1.016873e-02,1.404836e-01,8.539972e-02,2.350378e-01,5.978050e-03,2.937997e-02
5.689263e-02,6.432266e-03,3.796221e-03,3.726101e-02,3.861279e-02,2.863909e-02,2.494935e-03,1.073032e-01,9.470387e-02,8.021906e-03,1.053104e-01,1.848422e-01,2.928236e-01,1.050849e-02,2.235733e-02
4.171376e-02,5.848123e-03,3.194868e-03,2.804671e-02,3.521927e-02,4.174595e-02,3.357390e-03,7.720099e-02,7.329842e-02,7.398573e-03,8.820798e-02,2.725218e-01,2.934715e-01,1.266004e-02,1.611462e-02
2.930302e-02,4.523814e-03,2.415396e-03,1.994743e-02,2.554138e-02,3.375366e-02,2.465236e-03,5.437407e-02,5.239274e-02,5.525176e-03,6.711266e-02,4.519830e-01,2.300548e-01,9.165062e-03,1.144250e-02
2.067142e-02,3.938275e-03,2.205301e-03,1.456012e-02,1.936997e-02,2.783103e-02,1.868860e-03,3.840567e-02,3.762907e-02,4.359628e-03,5.497454e-02,5.835373e-01,1.758385e-01,6.625311e-03,8.185034e-03
1.458615e-02,3.130464e-03,1.694356e-03,1.027199e-02,1.389376e-02,2.677416e-02,1.376594e-03,2.695286e-02,2.708011e-02,3.453484e-03,4.810204e-02,6.481533e-01,1.633828e-01,5.123092e-03,6.024852e-03
1.033039e-02,2.724061e-03,1.344696e-03,7.211038e-03,9.940475e-03,5.379714e-02,1.016479e-03,1.894471e-02,1.990195e-02,2.779987e-03,3.836115e-02,6.441835e-01,1.805408e-01,4.503893e-03,4.419718e-03
7.278196e-03,2.224977e-03,9.942271e-04,5.061528e-03,7.050673e-03,8.632293e-02,7.380216e-04,1.330032e-02,1.441595e-02,2.271345e-03,2.922199e-02,6.265173e-01,1.972109e-01,4.236436e-03,3.155161e-03
5.459924e-03,2.342682e-03,7.914292e-04,3.576012e-03,5.110757e-03,7.716612e-02,5.671387e-04,9.379967e-03,1.259953e-02,1.930047e-03,2.392961e-02,6.908975e-01,1.567374e-01,7.201382e-03,2.310373e-03
4.126606e-03,1.937653e-03,5.934556e-04,2.523011e-03,3.674919e-03,6.041604e-02,4.578542e-04,6.618609e-03,1.043994e-02,1.775028e-03,1.953185e-02,7.529871e-01,1.254400e-01,7.806218e-03,1.671621e-03
2.914913e-03,1.392166e-03,4.207794e-04,1.774090e-03,2.581339e-03,4.691785e-02,3.301801e-04,4.638155e-03,7.970225e-03,1.392142e-03,1.552437e-02,8.120223e-01,9.515636e-02,5.787649e-03,1.177421e-03
2.047383e-03,9.871104e-04,2.988827e-04,1.245168e-03,1.809545e-03,3.454675e-02,2.344427e-04,3.248922e-03,5.976674e-03,1.048575e-03,1.236924e-02,8.608292e-01,7.038535e-02,4.145164e-03,8.275781e-04
1.440365e-03,7.025723e-04,2.143493e-04,8.745270e-04,1.269029e-03,2.747798e-02,1.690699e-04,2.276491e-03,4.494375e-03,8.179651e-04,9.851125e-03,8.941942e-01,5.264764e-02,2.988221e-03,5.820463e-04
1.016683e-03,5.059462e-04,1.612115e-04,6.159761e-04,8.940849e-04,2.456327e-02,1.326578e-04,1.598698e-03,3.503651e-03,8.200234e-04,8.288171e-03,9.146959e-01,4.062302e-02,2.169033e-03,4.116704e-04
7.182080e-04,3.695492e-04,1.230212e-04,4.342271e-04,6.304510e-04,2.085255e-02,1.028822e-04,1.123192e-03,2.820061e-03,8.207812e-04,7.437776e-03,9.296879e-01,3.301083e-02,1.575878e-03,2.928086e-04
5.255134e-04,2.768867e-04,1.033365e-04,3.161279e-04,4.550944e-04,2.448081e-02,1.197541e-04,8.055989e-04,2.602092e-03,1.372552e-03,7.842729e-03,9.327478e-01,2.684454e-02,1.292698e-03,2.145045e-04
4.247877e-04,2.153442e-04,1.820145e-04,2.756463e-04,8.057498e-04,2.543036e-02,3.368913e-04,6.827826e-04,3.688830e-03,1.907956e-03,9.626995e-03,9.304844e-01,2.456826e-02,1.203279e-03,1.667359e-04
3.416467e-04,1.711773e-04,1.892599e-04,2.316202e-04,6.822376e-04,2.861485e-02,4.013859e-04,5.351804e-04,3.226348e-03,2.309929e-03,1.008527e-02,9.270533e-01,2.502075e-02,1.002330e-03,1.347079e-04
3.013958e-04,1.470467e-04,2.078235e-04,2.239540e-04,7.672582e-04,2.418762e-02,5.038399e-04,5.016773e-04,3.059337e-03,2.582661e-03,1.085278e-02,9.330469e-01,2.249544e-02,9.972340e-04,1.250197e-04
3.482373e-04,1.492923e-04,2.604634e-04,3.231730e-04,1.938429e-03,1.939118e-02,6.239917e-04,5.274303e-04,7.503171e-03,4.422320e-03,1.927585e-02,9.208292e-01,2.331663e-02,9.579965e-04,1.327323e-04
3.078938e-04,1.354039e-04,2.344126e-04,3.337516e-04,1.927496e-03,2.273894e-02,4.786272e-04,5.800312e-04,9.087618e-03,4.218392e-03,1.878325e-02,9.176295e-01,2.247422e-02,9.656538e-04,1.049022e-04
2.825811e-04,1.406286e-04,2.759121e-04,3.287110e-04,3.410210e-03,2.256953e-02,5.546171e-04,2.340181e-03,2.243533e-02,3.938867e-03,1.752920e-02,9.052696e-01,2.007618e-02,7.673114e-04,8.119586e-05
2.721664e-04,1.942098e-04,2.721469e-04,2.841102e-04,4.457209e-03,1.955595e-02,5.092604e-04,4.779917e-03,1.184921e-01,3.264393e-03,1.559952e-02,8.121191e-01,1.957535e-02,5.619925e-04,6.256213e-05
2.796854e-04,3.901254e-04,2.858934e-04,2.395206e-04,3.625026e-03,7.692794e-02,4.106630e-04,5.911048e-03,2.351950e-01,2.460482e-03,1.369527e-02,6.409369e-01,1.916984e-02,4.158507e-04,5.684674e-05
2.805531e-04,7.049922e-04,3.301602e-04,1.958198e-04,3.230066e-03,1.191113e-01,3.657659e-04,4.729359e-03,3.691062e-01,1.847372e-03,1.118923e-02,4.716715e-01,1.686961e-02,3.089368e-04,5.908058e-05
2.207702e-04,1.505025e-03,2.527446e-04,2.028343e-04,2.944626e-03,1.556144e-01,2.856462e-04,3.501245e-03,4.822186e-01,1.315023e-03,7.991867e-03,3.311719e-01,1.248160e-02,2.207590e-04,7.286150e-05
1.909490e-04,1.508220e-03,2.058444e-04,2.460792e-04,3.059633e-03,3.045875e-01,2.270379e-04,2.482474e-03,4.388245e-01,9.812630e-04,5.658752e-03,2.320315e-01,9.735256e-03,1.576159e-04,1.034030e-04
1.789684e-04,1.399149e-03,1.713809e-04,3.345105e-04,4.279223e-03,4.375495e-01,2.545722e-04,1.787978e-03,3.762730e-01,8.047777e-04,4.022088e-03,1.627156e-01,9.943046e-03,1.133777e-04,1.728513e-04
2.292736e-04,1.294332e-03,1.832354e-04,1.216262e-03,1.241161e-02,5.347353e-01,9.376441e-04,1.850720e-03,3.170326e-01,8.527358e-04,2.867640e-03,1.142730e-01,1.126937e-02,8.569739e-05,7.605082e-04
3.906804e-04,1.473607e-03,2.275188e-04,2.813437e-03,2.545479e-02,5.528017e-01,2.976876e-03,2.399864e-03,2.923216e-01,9.691588e-04,2.079157e-03,8.037500e-02,3.407869e-02,7.032289e-05,1.567554e-03
1.825632e-03,3.313011e-03,6.669390e-04,5.230684e-03,6.860456e-02,4.943112e-01,8.218073e-03,4.285750e-03,3.171277e-01,1.767072e-03,1.682445e-03,5.679224e-02,3.205643e-02,6.143588e-05,4.056734e-03
7.276997e-03,6.099236e-03,7.668529e-04,5.712474e-03,6.838730e-02,4.790580e-01,9.683386e-03,5.722988e-02,2.860641e-01,2.209056e-03,1.493730e-03,4.076392e-02,2.848001e-02,8.169866e-05,6.693356e-03
2.284343e-02,6.304708e-03,3.237075e-03,4.422971e-02,8.828587e-02,4.066877e-01,1.078246e-02,1.102950e-01,2.377645e-01,4.537471e-03,1.705771e-03,2.918628e-02,2.168360e-02,1.247403e-04,1.233166e-02
2.806303e-02,8.672482e-03,1.226682e-02,1.219909e-01,1.059641e-01,3.169673e-01,1.001949e-02,8.199847e-02,2.136401e-01,1.110873e-02,7.600645e-03,2.283234e-02,2.621230e-02,2.425378e-04,3.242077e-02
2.733923e-02,8.746143e-03,1.570733e-02,1.225709e-01,1.121885e-01,2.465070e-01,9.294158e-03,6.104360e-02,1.884299e-01,1.676131e-02,2.436244e-02,3.009699e-02,1.072414e-01,4.251453e-04,2.928597e-02
