1.000000e+00,0.000000e+00,0.000000e+00,0.000000e+00,0.000000e+00,0.000000e+00,0.000000e+00,0.000000e+00,0.000000e+00,0.000000e+00,0.000000e+00,0.000000e+00,0.000000e+00,0.000000e+00,0.000000e+00
1.000000e+00,0.000000e+00,0.000000e+00,0.000000e+00,0.000000e+00,0.000000e+00,0.000000e+00,0.000000e+00,0.000000e+00,0.000000e+00,0.000000e+00,0.000000e+00,0.000000e+00,0.000000e+00,0.000000e+00
1.000000e+00,0.000000e+00,0.000000e+00,0.000000e+00,0.000000e+00,0.000000e+00,0.000000e+00,0.000000e+00,0.000000e+00,0.000000e+00,0.000000e+00,0.000000e+00,0.000000e+00,0.000000e+00,0.000000e+00
1.000000e+00,0.000000e+00,0.000000e+00,0.000000e+00,0.000000e+00,0.000000e+00,0.000000e+00,0.000000e+00,0.000000e+00,0.000000e+00,0.000000e+00,0.000000e+00,0.000000e+00,0.000000e+00,0.000000e+00
1.000000e+00,0.000000e+00,0.000000e+00,0.000000e+00,0.000000e+00,0.000000e+00,0.000000e+00,0.000000e+00,0.000000e+00,0.000000e+00,0.000000e+00,0.000000e+00,0.000000e+00,0.000000e+00,0.000000e+00
1.000000e+00,0.000000e+00,0.000000e+00,0.000000e+00,0.000000e+00,0.000000e+00,0.000000e+00,0.000000e+00,0.000000e+00,0.000000e+00,0.000000e+00,0.000000e+00,0.000000e+00,0.000000e+00,0.000000e+00
1.000000e+00,0.000000e+00,0.000000e+00,0.000000e+00,0.000000e+00,0.000000e+00,0.000000e+00,0.000000e+00,0.000000e+00,0.000000e+00,0.000000e+00,0.000000e+00,0.000000e+00,0.000000e+00,0.000000e+00
1.000000e+00,0.000000e+00,0.000000e+00,0.000000e+00,0.000000e+00,0.000000e+00,0.000000e+00,0.000000e+00,0.000000e+00,0.000000e+00,0.000000e+00,0.000000e+00,0.000000e+00,0.000000e+00,0.000000e+00
1.000000e+00,0.000000e+00,0.000000e+00,0.000000e+00,0.000000e+00,0.000000e+00,0.000000e+00,0.000000e+00,0.000000e+00,0.000000e+00,0.000000e+00,0.000000e+00,0.000000e+00,0.000000e+00,0.000000e+00
1.000000e+00,0.000000e+00,0.000000e+00,0.000000e+00,0.000000e+00,0.000000e+00,0.000000e+00,0.000000e+00,0.000000e+00,0.000000e+00,0.000000e+00,0.000000e+00,0.000000e+00,0.000000e+00,0.000000e+00
1.000000e+00,0.000000e+00,0.000000e+00,0.000000e+00,0.000000e+00,0.000000e+00,0.000000e+00,0.000000e+00,0.000000e+00,0.000000e+00,0.000000e+00,0.000000e+00,0.000000e+00,0.000000e+00,0.000000e+00
1.000000e+00,0.000000e+00,0.000000e+00,0.000000e+00,0.000000e+00,0.000000e+00,0.000000e+00,0.000000e+00,0.000000e+00,0.000000e+00,0.000000e+00,0.000000e+00,0.000000e+00,0.000000e+00,0.000000e+00
1.000000e+00,0.000000e+00,0.000000e+00,0.000000e+00,0.000000e+00,0.000000e+00,0.000000e+00,0.000000e+00,0.000000e+00,0.000000e+00,0.000000e+00,0.000000e+00,0.000000e+00,0.000000e+00,0.000000e+00
1.000000e+00,0.000000e+00,0.000000e+00,0.000000e+00,0.000000e+00,0.000000e+00,0.000000e+00,0.000000e+00,0.000000e+00,0.000000e+00,0.000000e+00,0.000000e+00,0.000000e+00,0.000000e+00,0.000000e+00
1.000000e+00,0.000000e+00,0.000000e+00,0.000000e+00,0.000000e+00,0.000000e+00,0.000000e+00,0.000000e+00,0.000000e+00,0.000000e+00,0.000000e+00,0.000000e+00,0.000000e+00,0.000000e+00,0.000000e+00
1.000000e+00,0.000000e+00,0.000000e+00,0.000000e+00,0.000000e+00,0.000000e+00,0.000000e+00,0.000000e+00,0.000000e+00,0.000000e+00,0.000000e+00,0.000000e+00,0.000000e+00,0.000000e+00,0.000000e+00
1.000000e+00,0.000000e+00,0.000000e+00,0.000000e+00,0.000000e+00,0.000000e+00,0.000000e+00,0.000000e+00,0.000000e+00,0.000000e+00,0.000000e+00,0.000000e+00,0.000000e+00,0.000000e+00,0.000000e+00
1.000000e+00,0.000000e+00,0.000000e+00,0.000000e+00,0.000000e+00,0.000000e+00,0.000000e+00,0.000000e+00,0.000000e+00,0.000000e+00,0.000000e+00,0.000000e+00,0.000000e+00,0.000000e+00,0.000000e+00
1.000000e+00,0.000000e+00,0.000000e+00,0.000000e+00,0.000000e+00,0.000000e+00,0.000000e+00,0.000000e+00,0.000000e+00,0.000000e+00,0.000000e+00,0.000000e+00,0.000000e+00,0.000000e+00,0.000000e+00
1.000000e+00,0.000000e+00,0.000000e+00,0.000000e+00,0.000000e+00,0.000000e+00,0.000000e+00,0.000000e+00,0.000000e+00,0.000000e+00,0.000000e+00,0.000000e+00,0.000000e+00,0.000000e+00,0.000000e+00
1.000000e+00,0.000000e+00,0.000000e+00,0.000000e+00,0.000000e+00,0.000000e+00,0.000000e+00,0.000000e+00,0.000000e+00,0.000000e+00,0.000000e+00,0.000000e+00,0.000000e+00,0.000000e+00,0.000000e+00
1.000000e+00,0.000000e+00,0.000000e+00,0.000000e+00,0.000000e+00,0.000000e+00,0.000000e+00,0.000000e+00,0.000000e+00,0.000000e+00,0.000000e+00,0.000000e+00,0.000000e+00,0.000000e+00,0.000000e+00
1.000000e+00,0.000000e+00,0.000000e+00,0.000000e+00,0.000000e+00,0.000000e+00,0.000000e+00,0.000000e+00,0.000000e+00,0.000000e+00,0.000000e+00,0.000000e+00,0.000000e+00,0.000000e+00,0.000000e+00
1.000000e+00,0.000000e+00,0.000000e+00,0.000000e+00,0.000000e+00,0.000000e+00,0.000000e+00,0.000000e+00,0.000000e+00,0.000000e+00,0.000000e+00,0.000000e+00,0.000000e+00,0.000000e+00,0.000000e+00
1.000000e+00,0.000000e+00,0.000000e+00,0.000000e+00,0.000000e+00,0.000000e+00,0.000000e+00,0.000000e+00,0.000000e+00,0.000000e+00,0.000000e+00,0.000000e+00,0.000000e+00,0.000000e+00,0.000000e+00
1.000000e+00,0.000000e+00,0.000000e+00,0.000000e+00,0.000000e+00,0.000000e+00,0.000000e+00,0.000000e+00,0.000000e+00,0.000000e+00,0.000000e+00,0.000000e+00,0.000000e+00,0.000000e+00,0.000000e+00
1.000000e+00,0.000000e+00,0.000000e+00,0.000000e+00,0.000000e+00,0.000000e+00,0.000000e+00,0.000000e+00,0.000000e+00,0.000000e+00,0.000000e+00,0.000000e+00,0.000000e+00,0.000000e+00,0.000000e+00
1.000000e+00,0.000000e+00,0.000000e+00,0.000000e+00,0.000000e+00,0.000000e+00,0.000000e+00,0.000000e+00,0.000000e+00,0.000000e+00,0.000000e+00,0.000000e+00,0.000000e+00,0.000000e+00,0.000000e+00
1.000000e+00,0.000000e+00,0.000000e+00,0.000000e+00,0.000000e+00,0.000000e+00,0.000000e+00,0.000000e+00,0.000000e+00,0.000000e+00,0.000000e+00,0.000000e+00,0.000000e+00,0.000000e+00,0.000000e+00
1.000000e+00,0.000000e+00,0.000000e+00,0.000000e+00,0.000000e+00,0.000000e+00,0.000000e+00,0.000000e+00,0.000000e+00,0.000000e+00,0.000000e+00,0.000000e+00,0.000000e+00,0.000000e+00,0.000000e+00
1.000000e+00,0.000000e+00,0.000000e+00,0.000000e+00,0.000000e+00,0.000000e+00,0.000000e+00,0.000000e+00,0.000000e+00,0.000000e+00,0.000000e+00,0.000000e+00,0.000000e+00,0.000000e+00,0.000000e+00
1.000000e+00,0.000000e+00,0.000000e+00,0.000000e+00,0.000000e+00,0.000000e+00,0.000000e+00,0.000000e+00,0.000000e+00,0.000000e+00,0.000000e+00,0.000000e+00,0.000000e+00,0.000000e+00,0.000000e+00
1.000000e+00,0.000000e+00,0.000000e+00,0.000000e+00,0.000000e+00,0.000000e+00,0.000000e+00,0.000000e+00,0.000000e+00,0.000000e+00,0.000000e+00,0.000000e+00,0.000000e+00,0.000000e+00,0.000000e+00
1.000000e+00,0.000000e+00,0.000000e+00,0.000000e+00,0.000000e+00,0.000000e+00,0.000000e+00,0.000000e+00,0.000000e+00,0.000000e+00,0.000000e+00,0.000000e+00,0.000000e+00,0.000000e+00,0.000000e+00
1.000000e+00,0.000000e+00,0.000000e+00,0.000000e+00,0.000000e+00,0.000000e+00,0.000000e+00,0.000000e+00,0.000000e+00,0.000000e+00,0.000000e+00,0.000000e+00,0.000000e+00,0.000000e+00,0.000000e+00
1.000000e+00,0.000000e+00,0.000000e+00,0.000000e+00,0.000000e+00,0.000000e+00,0.000000e+00,0.000000e+00,0.000000e+00,0.000000e+00,0.000000e+00,0.000000e+00,0.000000e+00,0.000000e+00,0.000000e+00
1.000000e+00,0.000000e+00,0.000000e+00,0.000000e+00,0.000000e+00,0.000000e+00,0.000000e+00,0.000000e+00,0.000000e+00,0.000000e+00,0.000000e+00,0.000000e+00,0.000000e+00,0.000000e+00,0.000000e+00
1.000000e+00,0.000000e+00,0.000000e+00,0.000000e+00,0.000000e+00,0.000000e+00,0.000000e+00,0.000000e+00,0.000000e+00,0.000000e+00,0.000000e+00,0.000000e+00,0.000000e+00,0.000000e+00,0.000000e+00
1.000000e+00,0.000000e+00,0.000000e+00,0.000000e+00,0.000000e+00,0.000000e+00,0.000000e+00,0.000000e+00,0.000000e+00,0.000000e+00,0.000000e+00,0.000000e+00,0.000000e+00,0.000000e+00,0.000000e+00
1.000000e+00,0.000000e+00,0.000000e+00,0.000000e+00,0.000000e+00,0.000000e+00,0.000000e+00,0.000000e+00,0.000000e+00,0.000000e+00,0.000000e+00,0.000000e+00,0.000000e+00,0.000000e+00,0.000000e+00
1.000000e+00,0.000000e+00,0.000000e+00,0.000000e+00,0.000000e+00,0.000000e+00,0.000000e+00,0.000000e+00,0.000000e+00,0.000000e+00,0.000000e+00,0.000000e+00,0.000000e+00,0.000000e+00,0.000000e+00
1.000000e+00,0.000000e+00,0.000000e+00,0.000000e+00,0.000000e+00,0.000000e+00,0.000000e+00,0.000000e+00,0.000000e+00,0.000000e+00,0.000000e+00,0.000000e+00,0.000000e+00,0.000000e+00,0.000000e+00
1.000000e+00,0.000000e+00,0.000000e+00,0.000000e+00,0.000000e+00,0.000000e+00,0.000000e+00,0.000000e+00,0.000000e+00,0.000000e+00,0.000000e+00,0.000000e+00,0.000000e+00,0.000000e+00,0.000000e+00
1.000000e+00,0.000000e+00,0.000000e+00,0.000000e+00,0.000000e+00,0.000000e+00,0.000000e+00,0.000000e+00,0.000000e+00,0.000000e+00,0.000000e+00,0.000000e+00,0.000000e+00,0.000000e+00,0.000000e+00
1.000000e+00,0.000000e+00,0.000000e+00,0.000000e+00,0.000000e+00,0.000000e+00,0.000000e+00,0.000000e+00,0.000000e+00,0.000000e+00,0.000000e+00,0.000000e+00,0.000000e+00,0.000000e+00,0.000000e+00
1.000000e+00,0.000000e+00,0.000000e+00,0.000000e+00,0.000000e+00,0.000000e+00,0.000000e+00,0.000000e+00,0.000000e+00,0.000000e+00,0.000000e+00,0.000000e+00,0.000000e+00,0.000000e+00,0.000000e+00
1.000000e+00,0.000000e+00,0.000000e+00,0.000000e+00,0.000000e+00,0.000000e+00,0.000000e+00,0.000000e+00,0.000000e+00,0.000000e+00,0.000000e+00,0.000000e+00,0.000000e+00,0.000000e+00,0.000000e+00
1.000000e+00,0.000000e+00,0.000000e+00,0.000000e+00,0.000000e+00,0.000000e+00,0.000000e+00,0.000000e+00,0.000000e+00,0.000000e+00,0.000000e+00,0.000000e+00,0.000000e+00,0.000000e+00,0.000000e+00
1.000000e+00,0.000000e+00,0.000000e+00,0.000000e+00,0.000000e+00,0.000000e+00,0.000000e+00,0.000000e+00,0.000000e+00,0.000000e+00,0.000000e+00,0.000000e+00,0.000000e+00,0.000000e+00,0.000000e+00
1.000000e+00,0.000000e+00,0.000000e+00,0.000000e+00,0.000000e+00,0.000000e+00,0.000000e+00,0.000000e+00,0.000000e+00,0.000000e+00,0.000000e+00,0.000000e+00,0.000000e+00,0.000000e+00,0.000000e+00
1.000000e+00,0.000000e+00,0.000000e+00,0.000000e+00,0.000000e+00,0.000000e+00,0.000000e+00,0.000000e+00,0.000000e+00,0.000000e+00,0.000000e+00,0.000000e+00,0.000000e+00,0.000000e+00,0.000000e+00
1.000000e+00,0.000000e+00,0.000000e+00,0.000000e+00,0.000000e+00,0.000000e+00,0.000000e+00,0.000000e+00,0.000000e+00,0.000000e+00,0.000000e+00,0.000000e+00,0.000000e+00,0.000000e+00,0.000000e+00
1.000000e+00,0.000000e+00,0.000000e+00,0.000000e+00,0.000000e+00,0.000000e+00,0.000000e+00,0.000000e+00,0.000000e+00,0.000000e+00,0.000000e+00,0.000000e+00,0.000000e+00,0.000000e+00,0.000000e+00
3.950131e-01,2.313104e-02,1.870673e-01,2.574542e-01,7.961615e-03,1.262646e-02,2.912924e-03,3.847941e-02,6.484764e-03,1.819074e-03,1.165143e-02,2.402212e-02,1.210081e-02,2.893252e-03,1.638252e-02
3.657004e-01,1.820733e-02,1.640732e-01,1.907532e-01,7.921804e-03,1.225126e-02,2.670671e-03,1.724492e-01,5.175777e-03,1.641615e-03,1.251389e-02,1.934206e-02,1.090049e-02,2.861127e-03,1.353793e-02
2.990202e-01,1.770959e-02,2.646171e-01,1.476657e-01,9.153935e-03,1.169392e-02,2.869758e-03,1.904177e-01,4.492317e-03,2.599184e-03,1.114535e-02,1.447516e-02,8.576008e-03,3.991155e-03,1.157287e-02
2.661852e-01,1.761368e-02,3.537493e-01,1.147451e-01,7.919838e-03,1.076236e-02,2.636294e-03,1.676820e-01,4.629892e-03,6.477907e-03,1.089103e-02,1.199550e-02,8.339539e-03,4.718496e-03,1.165389e-02
1.935322e-01,1.492302e-02,2.567455e-01,1.981786e-01,5.977614e-03,8.795054e-03,2.042632e-03,1.264668e-01,7.920748e-03,8.037617e-03,9.161480e-02,2.736991e-02,3.263608e-02,8.586088e-03,1.717329e-02
1.381819e-01,1.353941e-02,1.881071e-01,2.229835e-01,4.624003e-03,8.150394e-03,2.088293e-03,9.536616e-02,1.133090e-02,9.215616e-03,1.082462e-01,1.086483e-01,4.028399e-02,1.255283e-02,3.668135e-02
9.889187e-02,9.682998e-03,1.326507e-01,1.653698e-01,3.940322e-03,8.121577e-03,1.724108e-03,6.786665e-02,1.256095e-02,7.139457e-03,8.942769e-02,3.243614e-01,3.798681e-02,1.231979e-02,2.795586e-02
6.984997e-02,7.091870e-03,9.383718e-02,1.248750e-01,6.271817e-03,9.116926e-03,1.370355e-03,4.773658e-02,1.404638e-02,5.503071e-03,7.703242e-02,4.788737e-01,3.412028e-02,9.336084e-03,2.093830e-02
4.941243e-02,5.065335e-03,6.605319e-02,9.186160e-02,7.521106e-03,9.525210e-03,1.096730e-03,3.366516e-02,1.385503e-02,4.535567e-03,7.175507e-02,5.934703e-01,2.994188e-02,7.217173e-03,1.502418e-02
3.505271e-02,3.724299e-03,4.655336e-02,6.861193e-02,1.782769e-02,1.165730e-02,8.891539e-04,2.382231e-02,1.784020e-02,4.232639e-03,6.411906e-02,6.651695e-01,2.415487e-02,5.383640e-03,1.096125e-02
2.484446e-02,2.987982e-03,3.319442e-02,5.028758e-02,4.121520e-02,1.213913e-02,7.464049e-04,1.692178e-02,2.353508e-02,5.619351e-03,6.539455e-02,6.909833e-01,1.947345e-02,4.660203e-03,7.997102e-03
1.776107e-02,3.225555e-03,2.464369e-02,3.653610e-02,5.591932e-02,1.165653e-02,7.064145e-04,1.242454e-02,2.100263e-02,6.671492e-03,6.196036e-02,7.203905e-01,1.596117e-02,4.988381e-03,6.152224e-03
1.280703e-02,3.693879e-03,1.884186e-02,2.607493e-02,9.318407e-02,9.348335e-03,5.471989e-04,9.411853e-03,1.648594e-02,7.144983e-03,6.686597e-02,7.027281e-01,1.291541e-02,1.494600e-02,5.004428e-03
1.003090e-02,3.331211e-03,1.556873e-02,1.971115e-02,1.010173e-01,7.883955e-03,4.608357e-04,8.053889e-03,1.503101e-02,9.846165e-03,7.366641e-02,6.998036e-01,1.279932e-02,1.779949e-02,4.996017e-03
7.865038e-03,2.678985e-03,1.192954e-02,1.471154e-02,7.653174e-02,6.744326e-03,3.617271e-04,8.199961e-03,1.237565e-02,1.672540e-02,7.201310e-02,7.360046e-01,1.451569e-02,1.521843e-02,4.124295e-03
6.206481e-03,2.162240e-03,8.982428e-03,1.184401e-02,6.262485e-02,5.036651e-03,3.004686e-04,8.817534e-03,1.145609e-02,2.501862e-02,6.941209e-02,7.565660e-01,1.605083e-02,1.255161e-02,2.969990e-03
5.010976e-03,1.930741e-03,7.834021e-03,9.458109e-03,5.390827e-02,3.875877e-03,2.721806e-04,7.836169e-03,1.672109e-02,4.644176e-02,6.744628e-02,7.466370e-01,1.479099e-02,1.561693e-02,2.219479e-03
4.354942e-03,1.558359e-03,6.818851e-03,7.833187e-03,4.155365e-02,3.766426e-03,4.384895e-04,7.056362e-03,1.689961e-02,4.458059e-02,5.817705e-02,7.758901e-01,1.303872e-02,1.642203e-02,1.611620e-03
4.747243e-03,1.272595e-03,5.603645e-03,6.985429e-03,3.099863e-02,4.003146e-03,5.486591e-04,6.994413e-03,1.454349e-02,3.892474e-02,5.137306e-02,8.052952e-01,1.052697e-02,1.701380e-02,1.168978e-03
4.969093e-03,1.155314e-03,4.283655e-03,5.302208e-03,2.754660e-02,4.485204e-03,7.650002e-04,5.573411e-03,1.126654e-02,2.785653e-02,5.168147e-02,8.293215e-01,8.275039e-03,1.662650e-02,8.919742e-04
4.294134e-03,1.206973e-03,3.429283e-03,3.975190e-03,4.607015e-02,4.651980e-03,1.643443e-03,4.206236e-03,1.033006e-02,2.004038e-02,5.836686e-02,8.211292e-01,6.422448e-03,1.345846e-02,7.752057e-04
3.673519e-03,1.093426e-03,2.799760e-03,2.954902e-03,4.089078e-02,6.773106e-03,1.695910e-03,3.154873e-03,9.567229e-03,1.499642e-02,1.018478e-01,7.927502e-01,5.399481e-03,1.168351e-02,7.191676e-04
3.276021e-03,1.038733e-03,2.448983e-03,2.197007e-03,3.044168e-02,1.889414e-02,1.505714e-03,2.430138e-03,8.264452e-03,1.090736e-02,1.262927e-01,7.767652e-01,5.028882e-03,9.777993e-03,7.309710e-04
3.762178e-03,1.189806e-03,2.453133e-03,1.864681e-03,3.112220e-02,4.217421e-02,2.091874e-03,2.112251e-03,7.595739e-03,7.932181e-03,2.672041e-01,6.177597e-01,4.325612e-03,7.353262e-03,1.059066e-03
5.338909e-03,1.102062e-03,2.093439e-03,1.700767e-03,2.668592e-02,6.931218e-02,1.898648e-03,1.842517e-03,6.667640e-03,5.768187e-03,3.244035e-01,5.402057e-01,4.199003e-03,7.772101e-03,1.009373e-03
6.087514e-03,1.806668e-03,2.650876e-03,2.274021e-03,4.371580e-02,6.470715e-02,1.751409e-03,1.758101e-03,6.844983e-03,4.406622e-03,3.842542e-01,4.654351e-01,5.752640e-03,7.344753e-03,1.210191e-03
7.815290e-03,2.454557e-03,6.457043e-03,3.507177e-03,6.533705e-02,6.286426e-02,1.974502e-03,3.287468e-03,8.420249e-03,3.391557e-03,4.371029e-01,3.803713e-01,8.385589e-03,7.037895e-03,1.593121e-03
7.322943e-03,2.032424e-03,6.736309e-03,4.363560e-03,1.629080e-01,5.164391e-02,4.472700e-03,3.809166e-02,8.141325e-03,2.773935e-03,3.996819e-01,2.952728e-01,9.968627e-03,5.377621e-03,1.212272e-03
8.500457e-03,1.615832e-03,5.478011e-03,5.483607e-03,1.722832e-01,5.148897e-02,5.019779e-03,1.126075e-01,7.414899e-03,2.135080e-03,3.934541e-01,2.190410e-01,9.876934e-03,4.679960e-03,9.207093e-04
2.086209e-02,1.639557e-03,5.942374e-03,1.158522e-02,2.531611e-01,5.527002e-02,7.502119e-03,1.349978e-01,7.187571e-03,1.617103e-03,3.286422e-01,1.587607e-01,8.175554e-03,3.648728e-03,1.007896e-03
2.743071e-02,1.441998e-03,5.237882e-03,1.091366e-02,3.491315e-01,8.104265e-02,1.494942e-02,1.107380e-01,7.177844e-03,1.166795e-03,2.673692e-01,1.130681e-01,6.758984e-03,2.666904e-03,9.064072e-04
3.354456e-02,1.294240e-03,5.380244e-03,3.995223e-02,4.034126e-01,9.281637e-02,2.351873e-02,1.062719e-01,1.064396e-02,9.080548e-04,1.927582e-01,8.097918e-02,5.566273e-03,1.922932e-03,1.030495e-03
4.268976e-02,1.275851e-03,5.974014e-03,8.024161e-02,3.887828e-01,7.217402e-02,2.258329e-02,1.750255e-01,9.276606e-03,6.907969e-04,1.373029e-01,5.753004e-02,4.284299e-03,1.363361e-03,8.050545e-04
5.667730e-02,1.634568e-03,5.281522e-03,8.729141e-02,3.922448e-01,5.772741e-02,2.065929e-02,2.158594e-01,8.073182e-03,5.572119e-04,1.018568e-01,4.727416e-02,3.239991e-03,9.939458e-04,6.290736e-04
6.183100e-02,1.805472e-03,4.538637e-03,7.574882e-02,3.523100e-01,4.158479e-02,1.761991e-02,3.117601e-01,1.041052e-02,4.505492e-04,7.402539e-02,4.425005e-02,2.457716e-03,7.289827e-04,4.779741e-04
5.646636e-02,1.495020e-03,3.626460e-03,5.635595e-02,2.905750e-01,2.942000e-02,1.557537e-02,4.464800e-01,1.084691e-02,3.235731e-04,5.252836e-02,3.362802e-02,1.824632e-03,5.130814e-04,3.411936e-04
5.097508e-02,1.294206e-03,2.648332e-03,4.075614e-02,2.309633e-01,2.124026e-02,1.279869e-02,5.646076e-01,1.121235e-02,2.341078e-04,3.695430e-02,2.412194e-02,1.572595e-03,3.670031e-04,2.540506e-04
4.069264e-02,9.548404e-04,1.902571e-03,2.875764e-02,1.710235e-01,1.572779e-02,9.431600e-03,6.781775e-01,8.650656e-03,1.651345e-04,2.589248e-02,1.691661e-02,1.262106e-03,2.604433e-04,1.844264e-04
3.061080e-02,6.850070e-04,1.364845e-03,2.021674e-02,1.253333e-01,1.201098e-02,6.799512e-03,7.652639e-01,6.261480e-03,1.171688e-04,1.814041e-02,1.186533e-02,1.011331e-03,1.858959e-04,1.332268e-04
2.281055e-02,4.981949e-04,9.871726e-04,1.422347e-02,8.978909e-02,8.675739e-03,4.938578e-03,8.315814e-01,4.419390e-03,8.284661e-05,1.270989e-02,8.315767e-03,7.381942e-04,1.321138e-04,9.751438e-05
1.723425e-02,3.821139e-04,7.508405e-04,1.004095e-02,6.450124e-02,6.860835e-03,3.580843e-03,8.778677e-01,3.120257e-03,5.937493e-05,8.954443e-03,5.854616e-03,6.035499e-04,1.013418e-04,8.759860e-05
1.683372e-02,5.544999e-04,5.736608e-04,7.697788e-03,4.684117e-02,6.248863e-03,2.770385e-03,7.787699e-01,3.119748e-03,5.529117e-04,3.186298e-02,1.478610e-02,8.694341e-02,7.920949e-04,1.652798e-03
1.354529e-02,6.669579e-04,4.291022e-04,5.829148e-03,3.328426e-02,6.073767e-03,2.056778e-03,5.543025e-01,1.439333e-02,6.255733e-04,3.630196e-02,4.324651e-02,2.849925e-01,1.148357e-03,3.103914e-03
1.103196e-02,6.452365e-04,4.254722e-04,5.181528e-03,2.430198e-02,6.622558e-03,1.721125e-03,3.948566e-01,1.633030e-02,8.342933e-04,3.521471e-02,8.576977e-02,4.123476e-01,1.425342e-03,3.291591e-03
7.925875e-03,5.607864e-04,5.980849e-04,4.947621e-03,1.775915e-02,7.163741e-03,1.316840e-03,2.782124e-01,1.383689e-02,8.646859e-04,3.239907e-02,1.168376e-01,5.138069e-01,1.209559e-03,2.560810e-03
5.716851e-03,5.423692e-04,9.955369e-04,4.195257e-03,1.314431e-02,1.141793e-02,1.050076e-03,1.959519e-01,1.417889e-02,6.959750e-04,2.834031e-02,2.260417e-01,4.947673e-01,1.063344e-03,1.898226e-03
4.054011e-03,4.747914e-04,1.174535e-03,3.172952e-03,1.248156e-02,1.135490e-02,7.984645e-04,1.372708e-01,1.381408e-02,6.776722e-04,2.430048e-02,3.645518e-01,4.234201e-01,1.068994e-03,1.384814e-03
2.870294e-03,4.117414e-04,1.038207e-03,2.315433e-03,9.977795e-03,8.887018e-03,6.063499e-04,9.622612e-02,1.244979e-02,7.321679e-04,1.915279e-02,5.229963e-01,3.199733e-01,1.328837e-03,1.033860e-03
2.036130e-03,3.261148e-04,8.530190e-04,1.688314e-03,8.243447e-03,6.499602e-03,4.581533e-04,6.741858e-02,1.344598e-02,1.153450e-03,1.603073e-02,6.380250e-01,2.415575e-01,1.503711e-03,7.602419e-04
1.476245e-03,3.770885e-04,8.512789e-04,1.210611e-03,1.035752e-02,4.628763e-03,3.945105e-04,4.726095e-02,1.789431e-02,2.983878e-03,1.446309e-02,7.088671e-01,1.853201e-01,3.238986e-03,6.755655e-04
1.108386e-03,3.450123e-04,8.476803e-04,8.875810e-04,1.135847e-02,3.352023e-03,3.236282e-04,3.325251e-02,1.953013e-02,4.263571e-03,1.300490e-02,7.623595e-01,1.450908e-01,3.700822e-03,5.750591e-04
8.675722e-04,3.696680e-04,8.035387e-04,6.607402e-04,1.023672e-02,2.817658e-03,2.572939e-04,2.337599e-02,1.812647e-02,5.870623e-03,2.923013e-02,7.961113e-01,1.055020e-01,5.337725e-03,4.325802e-04
7.036957e-04,4.187947e-04,8.324769e-04,5.234840e-04,8.713147e-03,2.205360e-03,2.190367e-04,1.662586e-02,1.427401e-02,6.994873e-03,4.719952e-02,8.179113e-01,7.677445e-02,6.279299e-03,3.247063e-04
7.425826e-04,4.875960e-04,7.564124e-04,4.170192e-04,7.312539e-03,1.808415e-03,1.707647e-04,1.189227e-02,1.096728e-02,7.274166e-03,1.035834e-01,7.924316e-01,5.581645e-02,6.092156e-03,2.473866e-04
7.751327e-04,7.413339e-04,8.015143e-04,4.340023e-04,7.145566e-03,1.425675e-03,1.350197e-04,8.826138e-03,8.828972e-03,7.069274e-03,1.196731e-01,7.976309e-01,4.074021e-02,5.564713e-03,2.083976e-04
7.716361e-04,3.359458e-03,2.230881e-03,7.002093e-04,1.286652e-02,1.136653e-03,1.117764e-04,7.171636e-03,1.581290e-02,6.083304e-03,1.023871e-01,8.123374e-01,3.018470e-02,4.652774e-03,1.930582e-04
1.162404e-03,1.182734e-02,7.748149e-03,1.922546e-03,2.395475e-02,1.116919e-03,1.209404e-04,1.077868e-02,2.654012e-02,4.849803e-03,8.622784e-02,7.978764e-01,2.183479e-02,3.777941e-03,2.613442e-04
3.650905e-03,1.029240e-02,1.049122e-02,1.120518e-02,2.470252e-02,1.195820e-03,2.401443e-04,1.246847e-01,5.375735e-02,4.968537e-03,8.356530e-02,6.504608e-01,1.679008e-02,3.664069e-03,3.308950e-04
4.959135e-03,7.996873e-03,2.237730e-02,4.641702e-02,1.971646e-02,1.590700e-03,4.640726e-04,2.722366e-01,4.218644e-02,4.501012e-03,7.362591e-02,4.885942e-01,1.226607e-02,2.804760e-03,2.633545e-04
1.128763e-02,7.910199e-03,4.366940e-02,8.694495e-02,2.346819e-02,5.424097e-03,6.763955e-04,2.632716e-01,7.381478e-02,6.567177e-03,1.050888e-01,3.594907e-01,9.387098e-03,2.428677e-03,5.702955e-04
1.320857e-02,1.467636e-02,4.508306e-02,1.072326e-01,3.335931e-02,5.096698e-03,6.369211e-04,2.198527e-01,1.951005e-01,6.674565e-03,9.070014e-02,2.584076e-01,6.867579e-03,1.938758e-03,1.164528e-03
1.226863e-02,2.227450e-02,4.066927e-02,9.824315e-02,3.394800e-02,8.363287e-03,5.070474e-04,1.601722e-01,3.579483e-01,7.552987e-03,6.485609e-02,1.837631e-01,5.305997e-03,1.489992e-03,2.637465e-03
1.919358e-02,3.326944e-02,3.402347e-02,9.039284e-02,4.055959e-02,1.128004e-02,3.880585e-04,1.182828e-01,4.523903e-01,6.484048e-03,5.252679e-02,1.300333e-01,3.995526e-03,2.457211e-03,4.722979e-03
2.713913e-02,2.629981e-02,3.246699e-02,1.232658e-01,7.440700e-02,1.069089e-02,3.959382e-04,9.694197e-02,4.658568e-01,4.756077e-03,3.725832e-02,9.168655e-02,3.157613e-03,1.919210e-03,3.757990e-03
3.633202e-02,2.267757e-02,2.731143e-02,1.217974e-01,1.000930e-01,1.589392e-02,4.239096e-04,8.376502e-02,4.878085e-01,3.591846e-03,2.769182e-02,6.459916e-02,2.461442e-03,2.108549e-03,3.444409e-03
4.673316e-02,1.821845e-02,1.999238e-02,9.671326e-02,1.077173e-01,1.770607e-02,4.151648e-04,6.957667e-02,5.484798e-01,2.552025e-03,1.984088e-02,4.559803e-02,1.989686e-03,1.847562e-03,2.619567e-03
1.092312e-01,1.634449e-02,1.463914e-02,1.311203e-01,8.823638e-02,1.429239e-02,3.482748e-04,5.530845e-02,4.585437e-01,2.195347e-03,4.596673e-02,4.770924e-02,8.835250e-03,3.140344e-03,4.088789e-03
9.151938e-02,1.585355e-02,1.102369e-02,1.205444e-01,6.443535e-02,1.127718e-02,3.605534e-04,4.268082e-02,3.672232e-01,2.918100e-03,1.491568e-01,9.443817e-02,1.413277e-02,5.707723e-03,8.728266e-03
7.773010e-02,3.036141e-02,1.040632e-02,1.191282e-01,6.635155e-02,1.074237e-02,3.998032e-04,3.188228e-02,3.208188e-01,3.007601e-03,2.080745e-01,8.293387e-02,1.367683e-02,1.024912e-02,1.423721e-02
5.734029e-02,2.806966e-02,8.770426e-03,1.099838e-01,4.927938e-02,8.523707e-03,3.345066e-04,2.266508e-02,2.555172e-01,2.472939e-03,3.416298e-01,6.449966e-02,1.165235e-02,2.580511e-02,1.345614e-02
4.314110e-02,2.449160e-02,7.313251e-03,8.680354e-02,3.583102e-02,7.007962e-03,2.784317e-04,1.625002e-02,2.257575e-01,2.424235e-03,3.683360e-01,5.024967e-02,1.000451e-02,1.080342e-01,1.407701e-02
3.215002e-02,2.315163e-02,7.254803e-03,6.351115e-02,2.542107e-02,7.373267e-03,2.814920e-04,1.152653e-02,1.820569e-01,2.507223e-03,4.700873e-01,3.782824e-02,9.778357e-03,1.118216e-01,1.525030e-02
2.292434e-02,1.669953e-02,5.440079e-03,4.541734e-02,1.788900e-02,5.977730e-03,2.381431e-04,8.137891e-03,1.303910e-01,2.552626e-03,6.026193e-01,2.946373e-02,8.484265e-03,9.270011e-02,1.106489e-02
1.633833e-02,1.192172e-02,4.003300e-03,3.270767e-02,1.331926e-02,4.915786e-03,2.787130e-04,5.825842e-03,9.278324e-02,2.961188e-03,6.765919e-01,2.331153e-02,7.415385e-03,9.945510e-02,8.171042e-03
1.188634e-02,8.623560e-03,3.101056e-03,2.331518e-02,1.000744e-02,4.258619e-03,2.489429e-04,4.178461e-03,6.679156e-02,2.943717e-03,6.320791e-01,2.406620e-02,6.164244e-03,1.960432e-01,6.292416e-03
8.619876e-03,6.223642e-03,2.767473e-03,1.641644e-02,7.546824e-03,5.749930e-03,2.299433e-04,3.034545e-03,4.869216e-02,2.824028e-03,5.440095e-01,2.309940e-02,4.779129e-03,3.214047e-01,4.602388e-03
6.086970e-03,4.770901e-03,2.513183e-03,1.160535e-02,5.904998e-03,5.376301e-03,1.742500e-04,2.151739e-03,4.644572e-02,2.397332e-03,4.972749e-01,2.596047e-02,3.462370e-03,3.825352e-01,3.340330e-03
4.286392e-03,3.547802e-03,2.013004e-03,8.161978e-03,4.372432e-03,4.519924e-03,1.258059e-04,1.513724e-03,4.734794e-02,1.889157e-03,4.263708e-01,2.198948e-02,2.460443e-03,4.689943e-01,2.406894e-03
3.029238e-03,2.687681e-03,1.818181e-03,5.766524e-03,3.327066e-03,4.208991e-03,9.563297e-05,1.074694e-03,6.018827e-02,1.520199e-03,3.551886e-01,1.930890e-02,1.765986e-03,5.382879e-01,1.732148e-03
2.174197e-03,2.826858e-03,2.248966e-03,4.126476e-03,2.718955e-03,5.489829e-03,8.833110e-05,8.368737e-04,8.655708e-02,1.615508e-03,3.118316e-01,1.617195e-02,1.284322e-03,5.606565e-01,1.372475e-03
1.570815e-03,5.348078e-03,1.998415e-03,3.117922e-03,2.275944e-03,5.129033e-03,7.443804e-05,6.145957e-04,2.023390e-01,2.275101e-03,2.678541e-01,1.291085e-02,9.295756e-04,4.919843e-01,1.577807e-03
1.167068e-03,2.980511e-02,2.385783e-03,2.489501e-03,2.606039e-03,4.302665e-03,6.059924e-05,4.764539e-04,3.227888e-01,3.142403e-03,2.209049e-01,1.048848e-02,6.649481e-04,3.932824e-01,5.434841e-03
9.441898e-04,2.320773e-02,2.189814e-03,1.855210e-03,2.130887e-03,7.236527e-03,6.260788e-05,4.673977e-04,4.229783e-01,3.435772e-03,1.743264e-01,7.828111e-03,5.055135e-04,3.474323e-01,5.399353e-03
8.181670e-04,1.785720e-02,1.765183e-03,1.380647e-03,1.671961e-03,6.178190e-03,5.335161e-05,3.872132e-04,5.093342e-01,3.499047e-03,1.388743e-01,5.822682e-03,3.724150e-04,3.065421e-01,5.443421e-03
1.027769e-03,1.348553e-02,1.674435e-03,1.269945e-03,1.280828e-03,6.450269e-03,4.831672e-05,4.798092e-04,6.157591e-01,3.181510e-03,1.078251e-01,4.383262e-03,3.165928e-04,2.382029e-01,4.614597e-03
3.616208e-03,1.281490e-02,1.905937e-03,1.956189e-03,1.666101e-03,7.874695e-03,8.913159e-05,9.608647e-04,6.748859e-01,4.543195e-03,9.378217e-02,3.259312e-03,5.213327e-04,1.811615e-01,1.096252e-02
6.441224e-03,1.252815e-02,1.637668e-03,2.978023e-03,1.337378e-02,7.600622e-03,1.237166e-04,1.004591e-03,6.142074e-01,5.767080e-03,1.437621e-01,2.624492e-03,1.773337e-03,1.383899e-01,4.778786e-02
5.593949e-03,1.282614e-02,1.210764e-03,3.374076e-03,1.246912e-02,5.535122e-03,1.093520e-04,7.713250e-04,6.673682e-01,5.710650e-03,1.032145e-01,1.935951e-03,1.753610e-03,9.934434e-02,7.878298e-02
5.589607e-03,1.190521e-02,1.629738e-03,3.170747e-02,1.114493e-02,4.571465e-03,9.843259e-05,6.066861e-04,5.446488e-01,8.149028e-03,7.301002e-02,1.504465e-03,1.844939e-03,7.023177e-02,2.333574e-01
1.181700e-02,3.275472e-02,1.714177e-03,2.896805e-02,1.964540e-02,7.065697e-03,1.257350e-04,1.156502e-03,5.862702e-01,6.954878e-03,5.777311e-02,1.894485e-03,3.013495e-03,5.759271e-02,1.832538e-01
2.746307e-02,4.993135e-02,1.788584e-03,2.296256e-02,3.968109e-02,1.736505e-02,2.192838e-04,2.443228e-03,5.496867e-01,6.215038e-03,6.037822e-02,2.086568e-03,3.232597e-03,5.386589e-02,1.626808e-01
4.485226e-02,5.472443e-02,1.585422e-03,1.859501e-02,8.911530e-02,3.146932e-02,4.685854e-04,3.071923e-03,4.906985e-01,6.142620e-03,5.171317e-02,1.994619e-03,3.975410e-03,4.845019e-02,1.531433e-01
6.718658e-02,5.208931e-02,2.258832e-03,2.691102e-02,9.882346e-02,3.416211e-02,1.040252e-03,8.397899e-03,4.741626e-01,4.982041e-03,3.977420e-02,3.121739e-03,4.545833e-03,3.879961e-02,1.437445e-01
7.924195e-02,5.257046e-02,2.131476e-03,2.054260e-02,1.236164e-01,4.261320e-02,1.111264e-03,1.206914e-02,4.510645e-01,3.853334e-03,3.372785e-02,2.579408e-03,3.987267e-03,4.090713e-02,1.299841e-01
1.125653e-01,4.371272e-02,3.720236e-03,4.770457e-02,1.283475e-01,3.740146e-02,1.369280e-03,2.418121e-02,3.989235e-01,3.542742e-03,2.617340e-02,3.433641e-03,3.999057e-03,3.341183e-02,1.315136e-01
1.348716e-01,3.719325e-02,4.033961e-03,3.607175e-02,1.345207e-01,5.100489e-02,1.275604e-03,2.712997e-02,3.708607e-01,3.091878e-03,2.120047e-02,2.744492e-03,3.404318e-03,2.671967e-02,1.458767e-01
1.482259e-01,3.014107e-02,9.629818e-03,1.082563e-01,1.295164e-01,3.714217e-02,1.367531e-03,2.772286e-02,3.125103e-01,4.437919e-03,1.665290e-02,2.975398e-03,3.315824e-03,2.033872e-02,1.477670e-01
1.445637e-01,2.638580e-02,1.754924e-02,9.880462e-02,9.819969e-02,2.887129e-02,1.328296e-03,2.696482e-02,3.297068e-01,6.089986e-03,1.484263e-02,2.822318e-03,3.339982e-03,2.943516e-02,1.710957e-01
1.352951e-01,2.464431e-02,2.846240e-02,1.201580e-01,7.476502e-02,2.141765e-02,1.385582e-03,3.016738e-02,3.669238e-01,5.624993e-03,1.292668e-02,2.836077e-03,3.573472e-03,2.306546e-02,1.487541e-01
1.107933e-01,1.998601e-02,2.933411e-02,8.714896e-02,5.312028e-02,1.555922e-02,1.108184e-03,2.144824e-02,3.120963e-01,8.485656e-03,1.098381e-02,2.142108e-03,3.011712e-03,1.124057e-01,2.123764e-01
9.962517e-02,1.638647e-02,2.438966e-02,6.444752e-02,3.774340e-02,1.195993e-02,1.000138e-03,1.532010e-02,3.240896e-01,9.653121e-03,1.193781e-02,2.444213e-03,2.715693e-03,1.395356e-01,2.387516e-01
8.514909e-02,1.246889e-02,1.995801e-02,4.594051e-02,2.697330e-02,9.010152e-03,1.142316e-03,1.096644e-02,2.547505e-01,1.174543e-02,2.384233e-02,4.279499e-03,2.945806e-03,2.579583e-01,2.328695e-01
6.194285e-02,9.272364e-03,1.469571e-02,3.227979e-02,1.922796e-02,6.512932e-03,8.387893e-04,7.763867e-03,1.872408e-01,1.044481e-02,2.374069e-02,4.060933e-03,5.226955e-03,3.553144e-01,2.614371e-01
6.067158e-02,9.687559e-03,1.653752e-02,2.520544e-02,1.651366e-02,5.256906e-03,9.210748e-04,6.352511e-03,1.624672e-01,1.025646e-02,4.025922e-02,5.512900e-03,1.192300e-02,2.926359e-01,3.357990e-01
5.342764e-02,7.750786e-03,1.454080e-02,1.835757e-02,1.187802e-02,4.567167e-03,8.090559e-04,4.723047e-03,1.450448e-01,1.786953e-02,6.703181e-02,5.472809e-03,1.012388e-02,3.226245e-01,3.157786e-01
4.777243e-02,6.932831e-03,1.079466e-02,1.315189e-02,9.087482e-03,4.142434e-03,6.817670e-04,3.538358e-03,1.151790e-01,1.818858e-02,8.583823e-02,4.381710e-03,8.369535e-03,4.139459e-01,2.579953e-01
4.622825e-02,3.246519e-02,9.641146e-03,1.149021e-02,9.687812e-03,2.296429e-02,1.834100e-03,5.884000e-03,1.679757e-01,2.392399e-02,8.475675e-02,4.336274e-03,8.273453e-03,3.451408e-01,2.253980e-01
3.551346e-02,1.397836e-01,1.221400e-02,1.087350e-02,2.496414e-02,2.496024e-02,1.858949e-03,5.796225e-03,2.350755e-01,2.009867e-02,6.335483e-02,3.333482e-03,6.532697e-03,2.493935e-01,1.662472e-01
4.647303e-02,1.714858e-01,1.395210e-02,1.122733e-02,3.102489e-02,3.889141e-02,1.632830e-03,1.751447e-02,2.956157e-01,1.520902e-02,4.737000e-02,2.821714e-03,6.374072e-03,1.814595e-01,1.189482e-01
1.043522e-01,1.639024e-01,1.487908e-02,1.290339e-02,3.519146e-02,6.367113e-02,1.377585e-03,1.540590e-02,2.960314e-01,1.283125e-02,3.462815e-02,2.588979e-03,4.957157e-03,1.384269e-01,9.885312e-02
1.087126e-01,1.687114e-01,1.529125e-02,1.708187e-02,5.407728e-02,6.366671e-02,1.240583e-03,4.269658e-02,3.068405e-01,9.763594e-03,2.490746e-02,1.970013e-03,3.777470e-03,1.050462e-01,7.621645e-02
1.028231e-01,1.295084e-01,2.910306e-02,2.373230e-02,5.668108e-02,1.396763e-01,1.420527e-03,8.778793e-02,2.620486e-01,7.233328e-03,2.049576e-02,1.614657e-03,3.639862e-03,7.957815e-02,5.465699e-02
9.709013e-02,1.086983e-01,1.085660e-01,3.917486e-02,4.536968e-02,1.084825e-01,2.596544e-03,1.201592e-01,2.319953e-01,5.685914e-03,2.063703e-02,2.720271e-03,3.199229e-03,6.470507e-02,4.091999e-02
1.015001e-01,8.032426e-02,9.907842e-02,7.464912e-02,5.154076e-02,1.113759e-01,2.005307e-03,1.277086e-01,2.080846e-01,1.728517e-02,3.178080e-02,3.365517e-03,7.127551e-03,4.691709e-02,3.725673e-02
7.221062e-02,5.726261e-02,7.018952e-02,5.957064e-02,3.702176e-02,8.433396e-02,1.444537e-03,9.999795e-02,1.780568e-01,3.158003e-02,2.146478e-01,6.305865e-03,1.741669e-02,3.692398e-02,3.303719e-02
5.065385e-02,4.116364e-02,4.929237e-02,4.576823e-02,2.715358e-02,9.755620e-02,1.122143e-03,7.057206e-02,3.084781e-01,2.924478e-02,1.848729e-01,4.865200e-03,2.791574e-02,2.709014e-02,3.425109e-02
3.602001e-02,2.907495e-02,3.482668e-02,3.291973e-02,2.174797e-02,6.878207e-02,8.162469e-04,4.954906e-02,4.224763e-01,2.180005e-02,1.627000e-01,4.787352e-03,4.481785e-02,2.462116e-02,4.506063e-02
2.531746e-02,2.076736e-02,2.464153e-02,2.324238e-02,1.787286e-02,4.859917e-02,6.902236e-04,3.488236e-02,4.306978e-01,1.661854e-02,1.462963e-01,4.250755e-03,8.773244e-02,3.808503e-02,8.030583e-02
1.788850e-02,1.475060e-02,1.738888e-02,1.639413e-02,1.427040e-02,3.487457e-02,6.086255e-04,2.447276e-02,4.524000e-01,1.208703e-02,1.222236e-01,3.667201e-03,8.019815e-02,6.008542e-02,1.286901e-01
1.279987e-02,1.044777e-02,1.227345e-02,1.162114e-02,1.026740e-02,2.674419e-02,4.551538e-04,1.718534e-02,5.189824e-01,8.943788e-03,1.079790e-01,3.888582e-03,6.296535e-02,8.292936e-02,1.125172e-01
9.211336e-03,7.595974e-03,8.747187e-03,8.252372e-03,7.384802e-03,2.908978e-02,3.427463e-04,1.207394e-02,5.601308e-01,6.784481e-03,9.488414e-02,5.069288e-03,4.759659e-02,1.020738e-01,1.007628e-01
6.797972e-03,8.099411e-03,6.238194e-03,6.021316e-03,5.319858e-03,2.747385e-02,2.713172e-04,8.475453e-03,4.626373e-01,5.870969e-03,9.072766e-02,6.289916e-03,3.537353e-02,2.406791e-01,8.972424e-02
5.012674e-03,1.579199e-02,4.553382e-03,5.071608e-03,3.908010e-03,2.322983e-02,2.303634e-04,5.947333e-03,3.985029e-01,6.797470e-03,1.164385e-01,1.434232e-02,2.843501e-02,3.024894e-01,6.924928e-02
3.646345e-03,5.369914e-02,4.044906e-03,3.972392e-03,2.892921e-03,1.924963e-02,1.820330e-04,4.173611e-03,3.444315e-01,8.953704e-03,1.079158e-01,1.184477e-02,2.121080e-02,3.604290e-01,5.335337e-02
2.631559e-03,7.183857e-02,3.635616e-03,3.049597e-03,2.107304e-03,3.107504e-02,1.465270e-04,2.940478e-03,2.977656e-01,9.971206e-03,7.997887e-02,8.766657e-03,1.507130e-02,4.302267e-01,4.079503e-02
1.906194e-03,1.109553e-01,3.058234e-03,2.215271e-03,1.581238e-03,7.476139e-02,1.133480e-04,2.073866e-03,2.771780e-01,1.157273e-02,5.983411e-02,6.502008e-03,1.085270e-02,4.057075e-01,3.168805e-02
1.374701e-03,1.366807e-01,2.263732e-03,1.684274e-03,1.169012e-03,7.404679e-02,8.179122e-05,1.455476e-03,3.195865e-01,1.122909e-02,4.292542e-02,4.976170e-03,7.782179e-03,3.672301e-01,2.751406e-02
1.046120e-03,1.432880e-01,1.635418e-03,1.426573e-03,1.065691e-03,9.370457e-02,5.884169e-05,1.029187e-03,3.738539e-01,1.155534e-02,3.277417e-02,3.758891e-03,5.607975e-03,3.053844e-01,2.381090e-02
8.562369e-04,1.560242e-01,1.179378e-03,1.332708e-03,1.049306e-03,9.360838e-02,4.303514e-05,7.403257e-04,4.159550e-01,1.017854e-02,2.796506e-02,3.021579e-03,4.100044e-03,2.622957e-01,2.165052e-02
7.225302e-04,1.368828e-01,8.397745e-04,1.106897e-03,8.024065e-04,8.991710e-02,3.236272e-05,5.318160e-04,4.048308e-01,8.891732e-03,2.394842e-02,2.633750e-03,3.006908e-03,3.066437e-01,1.920909e-02
6.156148e-04,1.333100e-01,6.115341e-04,9.532721e-04,6.565847e-04,1.354058e-01,2.504036e-05,4.055979e-04,3.471994e-01,7.785734e-03,1.946202e-02,2.340438e-03,2.254257e-03,3.316063e-01,1.736838e-02
6.419612e-04,1.256415e-01,4.904885e-04,1.146698e-03,6.610281e-04,1.458445e-01,2.353636e-05,4.057071e-04,3.518019e-01,8.563640e-03,1.749976e-02,2.490288e-03,1.871682e-03,3.209427e-01,2.197464e-02
9.955044e-04,1.160734e-01,3.845341e-04,1.512433e-03,7.674338e-04,1.776574e-01,2.647199e-05,5.246711e-04,3.372866e-01,7.844052e-03,2.036217e-02,6.198008e-03,2.403907e-03,3.047171e-01,2.324632e-02
1.272117e-03,1.073174e-01,2.931916e-04,1.409691e-03,6.566746e-04,1.681503e-01,2.699824e-05,5.709622e-04,3.120592e-01,6.451070e-03,2.440184e-02,7.808347e-03,2.248801e-03,3.474022e-01,1.993123e-02
1.342891e-03,9.847112e-02,2.408165e-04,1.127941e-03,4.962512e-04,1.545214e-01,2.371684e-05,4.835346e-04,2.627170e-01,5.137627e-03,2.667700e-02,7.858435e-03,1.887564e-03,4.234350e-01,1.557973e-02
1.612650e-03,1.006431e-01,2.124606e-04,8.970183e-04,3.841198e-04,1.416669e-01,2.272348e-05,4.749739e-04,2.336893e-01,3.982875e-03,2.331083e-02,6.815643e-03,1.557775e-03,4.727416e-01,1.198799e-02
1.574301e-03,9.370308e-02,1.765428e-04,6.710550e-04,2.767381e-04,1.063373e-01,1.868051e-05,4.511775e-04,1.858397e-01,3.247757e-03,2.076184e-02,5.380373e-03,1.198748e-03,5.704876e-01,9.875118e-03
1.854823e-03,9.847103e-02,1.503776e-04,5.276914e-04,2.080331e-04,7.879549e-02,1.844005e-05,6.675175e-04,1.758014e-01,2.520781e-03,1.946245e-02,4.332488e-03,1.077895e-03,6.082383e-01,7.873323e-03
2.339146e-03,1.068930e-01,1.383099e-04,4.127044e-04,1.854245e-04,5.877995e-02,1.914329e-05,1.038622e-03,1.987475e-01,1.905438e-03,1.845622e-02,3.558290e-03,9.758469e-04,6.005515e-01,5.998831e-03
2.722535e-03,1.400132e-01,2.102995e-04,3.211608e-04,2.191006e-04,4.544460e-02,1.895206e-05,1.600646e-03,2.038866e-01,1.467490e-03,1.939503e-02,2.671825e-03,7.543176e-04,5.765885e-01,4.685760e-03
2.910986e-03,2.456031e-01,2.763083e-04,2.366380e-04,2.366741e-04,3.781943e-02,1.802454e-05,1.662209e-03,1.845421e-01,1.115653e-03,2.041004e-02,1.930752e-03,5.929878e-04,4.989135e-01,3.731643e-03
2.869211e-03,4.064691e-01,2.408433e-03,2.997555e-04,7.241602e-04,3.166769e-02,8.058709e-05,4.115072e-03,1.620097e-01,1.106909e-03,1.669708e-02,1.455105e-03,5.790057e-04,3.652194e-01,4.298703e-03
2.459061e-03,3.663972e-01,1.803785e-03,2.935760e-04,1.623170e-03,5.702910e-02,6.790958e-05,3.230115e-03,2.786781e-01,1.279555e-03,1.278448e-02,1.062773e-03,4.689728e-04,2.661682e-01,6.653939e-03
2.372915e-03,3.375511e-01,2.968987e-03,2.169567e-03,7.405088e-03,6.043687e-02,7.682545e-05,5.501033e-03,3.516040e-01,3.896696e-03,9.595140e-03,8.152497e-04,4.277707e-04,1.917905e-01,2.338829e-02
5.841101e-03,3.142292e-01,5.091669e-03,2.367300e-02,1.273085e-02,6.231111e-02,7.438528e-05,1.119732e-02,3.165487e-01,8.498898e-03,7.424586e-03,7.048348e-04,6.824671e-04,1.380123e-01,9.297952e-02
2.139641e-02,2.999793e-01,4.000514e-03,1.910144e-02,2.224664e-02,7.858174e-02,1.176213e-04,2.186687e-02,3.347869e-01,6.645860e-03,6.042004e-03,6.051650e-04,6.820178e-04,1.039512e-01,7.999629e-02
3.608447e-02,2.338623e-01,3.332538e-03,1.567844e-02,1.071373e-01,8.544032e-02,3.019183e-04,2.051574e-02,3.183919e-01,6.042073e-03,5.624785e-03,6.244744e-04,1.063150e-03,7.837903e-02,8.752154e-02
5.762908e-02,1.859951e-01,3.382937e-02,4.527860e-02,1.341225e-01,6.540518e-02,5.315652e-04,5.966453e-02,2.542046e-01,5.424223e-03,5.073909e-03,8.798427e-04,1.459441e-03,5.638035e-02,9.412171e-02
7.708102e-02,2.135728e-01,2.579199e-02,3.383189e-02,1.339550e-01,5.710799e-02,5.714023e-04,6.320456e-02,2.698817e-01,3.951062e-03,4.199041e-03,8.002360e-04,1.338436e-03,4.503725e-02,6.967556e-02
8.530177e-02,2.570774e-01,2.396414e-02,3.332995e-02,1.376278e-01,5.330480e-02,2.252311e-03,5.990355e-02,2.362838e-01,3.107598e-03,4.072194e-03,1.048660e-03,2.005908e-03,3.712830e-02,6.359182e-02
1.156776e-01,3.194494e-01,1.857981e-02,3.055518e-02,1.176431e-01,4.252198e-02,1.999273e-03,4.555845e-02,2.144838e-01,2.396888e-03,4.098930e-03,1.541640e-03,2.413654e-03,2.959570e-02,5.348465e-02
