1.000000e+00,0.000000e+00,0.000000e+00,0.000000e+00,0.000000e+00,0.000000e+00,0.000000e+00,0.000000e+00,0.000000e+00,0.000000e+00,0.000000e+00,0.000000e+00,0.000000e+00,0.000000e+00,0.000000e+00
1.000000e+00,0.000000e+00,0.000000e+00,0.000000e+00,0.000000e+00,0.000000e+00,0.000000e+00,0.000000e+00,0.000000e+00,0.000000e+00,0.000000e+00,0.000000e+00,0.000000e+00,0.000000e+00,0.000000e+00
1.000000e+00,0.000000e+00,0.000000e+00,0.000000e+00,0.000000e+00,0.000000e+00,0.000000e+00,0.000000e+00,0.000000e+00,0.000000e+00,0.000000e+00,0.000000e+00,0.000000e+00,0.000000e+00,0.000000e+00
1.000000e+00,0.000000e+00,0.000000e+00,0.000000e+00,0.000000e+00,0.000000e+00,0.000000e+00,0.000000e+00,0.000000e+00,0.000000e+00,0.000000e+00,0.000000e+00,0.000000e+00,0.000000e+00,0.000000e+00
1.000000e+00,0.000000e+00,0.000000e+00,0.000000e+00,0.000000e+00,0.000000e+00,0.000000e+00,0.000000e+00,0.000000e+00,0.000000e+00,0.000000e+00,0.000000e+00,0.000000e+00,0.000000e+00,0.000000e+00
1.000000e+00,0.000000e+00,0.000000e+00,0.000000e+00,0.000000e+00,0.000000e+00,0.000000e+00,0.000000e+00,0.000000e+00,0.000000e+00,0.000000e+00,0.000000e+00,0.000000e+00,0.000000e+00,0.000000e+00
1.000000e+00,0.000000e+00,0.000000e+00,0.000000e+00,0.000000e+00,0.000000e+00,0.000000e+00,0.000000e+00,0.000000e+00,0.000000e+00,0.000000e+00,0.000000e+00,0.000000e+00,0.000000e+00,0.000000e+00
1.000000e+00,0.000000e+00,0.000000e+00,0.000000e+00,0.000000e+00,0.000000e+00,0.000000e+00,0.000000e+00,0.000000e+00,0.000000e+00,0.000000e+00,0.000000e+00,0.000000e+00,0.000000e+00,0.000000e+00
1.000000e+00,0.000000e+00,0.000000e+00,0.000000e+00,0.000000e+00,0.000000e+00,0.000000e+00,0.000000e+00,0.000000e+00,0.000000e+00,0.000000e+00,0.000000e+00,0.000000e+00,0.000000e+00,0.000000e+00
1.000000e+00,0.000000e+00,0.000000e+00,0.000000e+00,0.000000e+00,0.000000e+00,0.000000e+00,0.000000e+00,0.000000e+00,0.000000e+00,0.000000e+00,0.000000e+00,0.000000e+00,0.000000e+00,0.000000e+00
1.000000e+00,0.000000e+00,0.000000e+00,0.000000e+00,0.000000e+00,0.000000e+00,0.000000e+00,0.000000e+00,0.000000e+00,0.000000e+00,0.000000e+00,0.000000e+00,0.000000e+00,0.000000e+00,0.000000e+00
1.000000e+00,0.000000e+00,0.000000e+00,0.000000e+00,0.000000e+00,0.000000e+00,0.000000e+00,0.000000e+00,0.000000e+00,0.000000e+00,0.000000e+00,0.000000e+00,0.000000e+00,0.000000e+00,0.000000e+00
1.000000e+00,0.000000e+00,0.000000e+00,0.000000e+00,0.000000e+00,0.000000e+00,0.000000e+00,0.000000e+00,0.000000e+00,0.000000e+00,0.000000e+00,0.000000e+00,0.000000e+00,0.000000e+00,0.000000e+00
1.000000e+00,0.000000e+00,0.000000e+00,0.000000e+00,0.000000e+00,0.000000e+00,0.000000e+00,0.000000e+00,0.000000e+00,0.000000e+00,0.000000e+00,0.000000e+00,0.000000e+00,0.000000e+00,0.000000e+00
1.000000e+00,0.000000e+00,0.000000e+00,0.000000e+00,0.000000e+00,0.000000e+00,0.000000e+00,0.000000e+00,0.000000e+00,0.000000e+00,0.000000e+00,0.000000e+00,0.000000e+00,0.000000e+00,0.000000e+00
1.000000e+00,0.000000e+00,0.000000e+00,0.000000e+00,0.000000e+00,0.000000e+00,0.000000e+00,0.000000e+00,0.000000e+00,0.000000e+00,0.000000e+00,0.000000e+00,0.000000e+00,0.000000e+00,0.000000e+00
1.000000e+00,0.000000e+00,0.000000e+00,0.000000e+00,0.000000e+00,0.000000e+00,0.000000e+00,0.000000e+00,0.000000e+00,0.000000e+00,0.000000e+00,0.000000e+00,0.000000e+00,0.000000e+00,0.000000e+00
1.000000e+00,0.000000e+00,0.000000e+00,0.000000e+00,0.000000e+00,0.000000e+00,0.000000e+00,0.000000e+00,0.000000e+00,0.000000e+00,0.000000e+00,0.000000e+00,0.000000e+00,0.000000e+00,0.000000e+00
1.000000e+00,0.000000e+00,0.000000e+00,0.000000e+00,0.000000e+00,0.000000e+00,0.000000e+00,0.000000e+00,0.000000e+00,0.000000e+00,0.000000e+00,0.000000e+00,0.000000e+00,0.000000e+00,0.000000e+00
1.000000e+00,0.000000e+00,0.000000e+00,0.000000e+00,0.000000e+00,0.000000e+00,0.000000e+00,0.000000e+00,0.000000e+00,0.000000e+00,0.000000e+00,0.000000e+00,0.000000e+00,0.000000e+00,0.000000e+00
1.000000e+00,0.000000e+00,0.000000e+00,0.000000e+00,0.000000e+00,0.000000e+00,0.000000e+00,0.000000e+00,0.000000e+00,0.000000e+00,0.000000e+00,0.000000e+00,0.000000e+00,0.000000e+00,0.000000e+00
1.000000e+00,0.000000e+00,0.000000e+00,0.000000e+00,0.000000e+00,0.000000e+00,0.000000e+00,0.000000e+00,0.000000e+00,0.000000e+00,0.000000e+00,0.000000e+00,0.000000e+00,0.000000e+00,0.000000e+00
1.000000e+00,0.000000e+00,0.000000e+00,0.000000e+00,0.000000e+00,0.000000e+00,0.000000e+00,0.000000e+00,0.000000e+00,0.000000e+00,0.000000e+00,0.000000e+00,0.000000e+00,0.000000e+00,0.000000e+00
1.000000e+00,0.000000e+00,0.000000e+00,0.000000e+00,0.000000e+00,0.000000e+00,0.000000e+00,0.000000e+00,0.000000e+00,0.000000e+00,0.000000e+00,0.000000e+00,0.000000e+00,0.000000e+00,0.000000e+00
1.000000e+00,0.000000e+00,0.000000e+00,0.000000e+00,0.000000e+00,0.000000e+00,0.000000e+00,0.000000e+00,0.000000e+00,0.000000e+00,0.000000e+00,0.000000e+00,0.000000e+00,0.000000e+00,0.000000e+00
1.000000e+00,0.000000e+00,0.000000e+00,0.000000e+00,0.000000e+00,0.000000e+00,0.000000e+00,0.000000e+00,0.000000e+00,0.000000e+00,0.000000e+00,0.000000e+00,0.000000e+00,0.000000e+00,0.000000e+00
1.000000e+00,0.000000e+00,0.000000e+00,0.000000e+00,0.000000e+00,0.000000e+00,0.000000e+00,0.000000e+00,0.000000e+00,0.000000e+00,0.000000e+00,0.000000e+00,0.000000e+00,0.000000e+00,0.000000e+00
1.000000e+00,0.000000e+00,0.000000e+00,0.000000e+00,0.000000e+00,0.000000e+00,0.000000e+00,0.000000e+00,0.000000e+00,0.000000e+00,0.000000e+00,0.000000e+00,0.000000e+00,0.000000e+00,0.000000e+00
1.000000e+00,0.000000e+00,0.000000e+00,0.000000e+00,0.000000e+00,0.000000e+00,0.000000e+00,0.000000e+00,0.000000e+00,0.000000e+00,0.000000e+00,0.000000e+00,0.000000e+00,0.000000e+00,0.000000e+00
1.000000e+00,0.000000e+00,0.000000e+00,0.000000e+00,0.000000e+00,0.000000e+00,0.000000e+00,0.000000e+00,0.000000e+00,0.000000e+00,0.000000e+00,0.000000e+00,0.000000e+00,0.000000e+00,0.000000e+00
1.000000e+00,0.000000e+00,0.000000e+00,0.000000e+00,0.000000e+00,0.000000e+00,0.000000e+00,0.000000e+00,0.000000e+00,0.000000e+00,0.000000e+00,0.000000e+00,0.000000e+00,0.000000e+00,0.000000e+00
1.000000e+00,0.000000e+00,0.000000e+00,0.000000e+00,0.000000e+00,0.000000e+00,0.000000e+00,0.000000e+00,0.000000e+00,0.000000e+00,0.000000e+00,0.000000e+00,0.000000e+00,0.000000e+00,0.000000e+00
1.000000e+00,0.000000e+00,0.000000e+00,0.000000e+00,0.000000e+00,0.000000e+00,0.000000e+00,0.000000e+00,0.000000e+00,0.000000e+00,0.000000e+00,0.000000e+00,0.000000e+00,0.000000e+00,0.000000e+00
1.000000e+00,0.000000e+00,0.000000e+00,0.000000e+00,0.000000e+00,0.000000e+00,0.000000e+00,0.000000e+00,0.000000e+00,0.000000e+00,0.000000e+00,0.000000e+00,0.000000e+00,0.000000e+00,0.000000e+00
1.000000e+00,0.000000e+00,0.000000e+00,0.000000e+00,0.000000e+00,0.000000e+00,0.000000e+00,0.000000e+00,0.000000e+00,0.000000e+00,0.000000e+00,0.000000e+00,0.000000e+00,0.000000e+00,0.000000e+00
1.000000e+00,0.000000e+00,0.000000e+00,0.000000e+00,0.000000e+00,0.000000e+00,0.000000e+00,0.000000e+00,0.000000e+00,0.000000e+00,0.000000e+00,0.000000e+00,0.000000e+00,0.000000e+00,0.000000e+00
1.000000e+00,0.000000e+00,0.000000e+00,0.000000e+00,0.000000e+00,0.000000e+00,0.000000e+00,0.000000e+00,0.000000e+00,0.000000e+00,0.000000e+00,0.000000e+00,0.000000e+00,0.000000e+00,0.000000e+00
1.000000e+00,0.000000e+00,0.000000e+00,0.000000e+00,0.000000e+00,0.000000e+00,0.000000e+00,0.000000e+00,0.000000e+00,0.000000e+00,0.000000e+00,0.000000e+00,0.000000e+00,0.000000e+00,0.000000e+00
1.000000e+00,0.000000e+00,0.000000e+00,0.000000e+00,0.000000e+00,0.000000e+00,0.000000e+00,0.000000e+00,0.000000e+00,0.000000e+00,0.000000e+00,0.000000e+00,0.000000e+00,0.000000e+00,0.000000e+00
1.000000e+00,0.000000e+00,0.000000e+00,0.000000e+00,0.000000e+00,0.000000e+00,0.000000e+00,0.000000e+00,0.000000e+00,0.000000e+00,0.000000e+00,0.000000e+00,0.000000e+00,0.000000e+00,0.000000e+00
1.000000e+00,0.000000e+00,0.000000e+00,0.000000e+00,0.000000e+00,0.000000e+00,0.000000e+00,0.000000e+00,0.000000e+00,0.000000e+00,0.000000e+00,0.000000e+00,0.000000e+00,0.000000e+00,0.000000e+00
1.000000e+00,0.000000e+00,0.000000e+00,0.000000e+00,0.000000e+00,0.000000e+00,0.000000e+00,0.000000e+00,0.000000e+00,0.000000e+00,0.000000e+00,0.000000e+00,0.000000e+00,0.000000e+00,0.000000e+00
1.000000e+00,0.000000e+00,0.000000e+00,0.000000e+00,0.000000e+00,0.000000e+00,0.000000e+00,0.000000e+00,0.000000e+00,0.000000e+00,0.000000e+00,0.000000e+00,0.000000e+00,0.000000e+00,0.000000e+00
1.000000e+00,0.000000e+00,0.000000e+00,0.000000e+00,0.000000e+00,0.000000e+00,0.000000e+00,0.000000e+00,0.000000e+00,0.000000e+00,0.000000e+00,0.000000e+00,0.000000e+00,0.000000e+00,0.000000e+00
1.000000e+00,0.000000e+00,0.000000e+00,0.000000e+00,0.000000e+00,0.000000e+00,0.000000e+00,0.000000e+00,0.000000e+00,0.000000e+00,0.000000e+00,0.000000e+00,0.000000e+00,0.000000e+00,0.000000e+00
1.000000e+00,0.000000e+00,0.000000e+00,0.000000e+00,0.000000e+00,0.000000e+00,0.000000e+00,0.000000e+00,0.000000e+00,0.000000e+00,0.000000e+00,0.000000e+00,0.000000e+00,0.000000e+00,0.000000e+00
1.000000e+00,0.000000e+00,0.000000e+00,0.000000e+00,0.000000e+00,0.000000e+00,0.000000e+00,0.000000e+00,0.000000e+00,0.000000e+00,0.000000e+00,0.000000e+00,0.000000e+00,0.000000e+00,0.000000e+00
1.000000e+00,0.000000e+00,0.000000e+00,0.000000e+00,0.000000e+00,0.000000e+00,0.000000e+00,0.000000e+00,0.000000e+00,0.000000e+00,0.000000e+00,0.000000e+00,0.000000e+00,0.000000e+00,0.000000e+00
1.000000e+00,0.000000e+00,0.000000e+00,0.000000e+00,0.000000e+00,0.000000e+00,0.000000e+00,0.000000e+00,0.000000e+00,0.000000e+00,0.000000e+00,0.000000e+00,0.000000e+00,0.000000e+00,0.000000e+00
1.000000e+00,0.000000e+00,0.000000e+00,0.000000e+00,0.000000e+00,0.000000e+00,0.000000e+00,0.000000e+00,0.000000e+00,0.000000e+00,0.000000e+00,0.000000e+00,0.000000e+00,0.000000e+00,0.000000e+00
1.000000e+00,0.000000e+00,0.000000e+00,0.000000e+00,0.000000e+00,0.000000e+00,0.000000e+00,0.000000e+00,0.000000e+00,0.000000e+00,0.000000e+00,0.000000e+00,0.000000e+00,0.000000e+00,0.000000e+00
1.000000e+00,0.000000e+00,0.000000e+00,0.000000e+00,0.000000e+00,0.000000e+00,0.000000e+00,0.000000e+00,0.000000e+00,0.000000e+00,0.000000e+00,0.000000e+00,0.000000e+00,0.000000e+00,0.000000e+00
1.000000e+00,0.000000e+00,0.000000e+00,0.000000e+00,0.000000e+00,0.000000e+00,0.000000e+00,0.000000e+00,0.000000e+00,0.000000e+00,0.000000e+00,0.000000e+00,0.000000e+00,0.000000e+00,0.000000e+00
1.000000e+00,0.000000e+00,0.000000e+00,0.000000e+00,0.000000e+00,0.000000e+00,0.000000e+00,0.000000e+00,0.000000e+00,0.000000e+00,0.000000e+00,0.000000e+00,0.000000e+00,0.000000e+00,0.000000e+00
1.000000e+00,0.000000e+00,0.000000e+00,0.000000e+00,0.000000e+00,0.000000e+00,0.000000e+00,0.000000e+00,0.000000e+00,0.000000e+00,0.000000e+00,0.000000e+00,0.000000e+00,0.000000e+00,0.000000e+00
4.401781e-01,2.215053e-02,5.691747e-02,7.205971e-02,4.433678e-02,2.365903e-01,2.045378e-02,1.136492e-02,7.032350e-03,2.077397e-03,1.469918e-02,2.547790e-02,1.917513e-02,3.233564e-03,2.425292e-02
3.123695e-01,1.802802e-02,4.092432e-02,5.154569e-02,4.623730e-02,4.212368e-01,3.000930e-02,8.505060e-03,4.989173e-03,1.555513e-03,1.067501e-02,2.031602e-02,1.412761e-02,2.357488e-03,1.712324e-02
2.220518e-01,1.337073e-02,2.879602e-02,3.619023e-02,3.406365e-02,5.815220e-01,2.236564e-02,6.105916e-03,3.611539e-03,1.217470e-03,8.950789e-03,1.494141e-02,1.251595e-02,1.768356e-03,1.252844e-02
1.654220e-01,1.019334e-02,2.031062e-02,2.552578e-02,3.944893e-02,6.674850e-01,2.005123e-02,4.683455e-03,2.907800e-03,1.675585e-03,8.255139e-03,1.084147e-02,1.203500e-02,1.548305e-03,9.616323e-03
1.175746e-01,7.934830e-03,1.424889e-02,1.807188e-02,1.908505e-01,5.571275e-01,2.303995e-02,3.453440e-03,2.584804e-03,2.358049e-02,7.501700e-03,7.661724e-03,9.087717e-03,3.211700e-03,1.407041e-02
8.294448e-02,6.489048e-03,1.000089e-02,1.266025e-02,1.344725e-01,5.389664e-01,1.805269e-02,2.498125e-03,2.204719e-03,2.170354e-02,1.213895e-01,1.197010e-02,7.230653e-03,1.256485e-02,1.685225e-02
5.860756e-02,8.002724e-03,7.130907e-03,8.990671e-03,9.594268e-02,4.437175e-01,1.288537e-02,1.832223e-03,1.658931e-02,2.248061e-02,1.981640e-01,1.806460e-02,1.223251e-02,2.096274e-02,7.439665e-02
4.201216e-02,7.525715e-03,5.568710e-03,6.847062e-03,6.925634e-02,3.246256e-01,9.713158e-03,2.028946e-03,2.724948e-02,4.763120e-02,2.200864e-01,2.462555e-02,3.726887e-02,5.644842e-02,1.191125e-01
2.964849e-02,5.701208e-03,4.097853e-03,4.927982e-03,4.927873e-02,2.331851e-01,7.267360e-03,1.794418e-03,4.368772e-02,3.624163e-02,1.824021e-01,2.990176e-02,1.639885e-01,6.887167e-02,1.390056e-01
2.079269e-02,4.316747e-03,2.961296e-03,3.494363e-03,3.540795e-02,1.647154e-01,5.281903e-03,1.418875e-03,7.590520e-02,2.721490e-02,1.398428e-01,2.614853e-02,2.033357e-01,9.854269e-02,1.906210e-01
1.458557e-02,3.253459e-03,2.178708e-03,2.571905e-03,2.528854e-02,1.200837e-01,3.710072e-03,1.041237e-03,2.511942e-01,2.039209e-02,1.013521e-01,1.998517e-02,1.491250e-01,7.706603e-02,2.081722e-01
1.034842e-02,2.574596e-03,1.693065e-03,2.280409e-03,1.827315e-02,8.988771e-02,2.613525e-03,7.980947e-04,3.256907e-01,1.576888e-02,7.349728e-02,1.480837e-02,1.094911e-01,6.936145e-02,2.629132e-01
7.496892e-03,2.618743e-03,1.631895e-03,2.758784e-03,1.572551e-02,6.536838e-02,2.052831e-03,3.462098e-03,3.630315e-01,1.322525e-02,6.177104e-02,1.195989e-02,8.247349e-02,7.168214e-02,2.947415e-01
5.499270e-03,2.183866e-03,1.231757e-03,2.855502e-03,1.161520e-02,4.860478e-02,1.655421e-03,6.491797e-03,3.745414e-01,1.092650e-02,5.311541e-02,1.057678e-02,6.526398e-02,8.420755e-02,3.212308e-01
4.151362e-03,1.729140e-03,9.749182e-04,2.422033e-03,1.285450e-02,3.741790e-02,2.825521e-03,3.370120e-02,4.209817e-01,9.964868e-03,7.506083e-02,1.203401e-02,5.902763e-02,8.107612e-02,2.457783e-01
3.508672e-03,1.330856e-02,2.289203e-03,4.132234e-03,2.069250e-02,3.195058e-02,5.278348e-03,1.122894e-01,4.029902e-01,8.234678e-03,6.470789e-02,1.324120e-02,4.999858e-02,6.963028e-02,1.977477e-01
2.519072e-03,1.329766e-02,1.701814e-03,3.291406e-03,1.538305e-02,2.595794e-02,3.805412e-03,8.059128e-02,5.623199e-01,5.946418e-03,4.695435e-02,1.022877e-02,3.719114e-02,4.887307e-02,1.419388e-01
1.970118e-03,1.429360e-02,1.432004e-03,6.195245e-03,1.268849e-02,3.554413e-02,2.715393e-03,5.711657e-02,6.575309e-01,4.777093e-03,3.397427e-02,7.444852e-03,2.803305e-02,3.424210e-02,1.020422e-01
1.596940e-03,2.282909e-02,1.449899e-03,2.303310e-02,1.092287e-02,4.717307e-02,1.932979e-03,4.057122e-02,6.895553e-01,5.929792e-03,2.591822e-02,5.854746e-03,2.498705e-02,2.399544e-02,7.425036e-02
1.734882e-03,3.384743e-02,1.938387e-03,2.243134e-02,2.263571e-02,5.130563e-02,1.513566e-03,2.937395e-02,6.965613e-01,8.546130e-03,1.968517e-02,4.320882e-03,1.969983e-02,1.685898e-02,6.954686e-02
2.012552e-03,3.520851e-02,1.795495e-03,2.387479e-02,3.466084e-02,6.921139e-02,1.186085e-03,2.156791e-02,6.955324e-01,7.276852e-03,1.417608e-02,3.088841e-03,1.405878e-02,1.186673e-02,6.448276e-02
1.869941e-03,5.076285e-02,1.666135e-03,7.959290e-02,2.546392e-02,5.051360e-02,8.421135e-04,1.613541e-02,6.665303e-01,6.030857e-03,1.109690e-02,2.311584e-03,1.054365e-02,8.376034e-03,6.826389e-02
8.147872e-03,4.865952e-02,2.960895e-03,6.934018e-02,3.822082e-02,5.662720e-02,1.204914e-03,1.546411e-02,6.080030e-01,6.082623e-03,1.018802e-02,2.006880e-03,9.073488e-03,7.538927e-03,1.164816e-01
2.319150e-02,3.906490e-02,2.600519e-03,5.901209e-02,5.782107e-02,4.941172e-02,1.372198e-03,8.154498e-02,5.742314e-01,4.369857e-03,8.486954e-03,1.601346e-03,7.133367e-03,6.003885e-03,8.415426e-02
5.546618e-02,3.546499e-02,4.633013e-03,5.030965e-02,7.000495e-02,4.026351e-02,1.443427e-03,1.647742e-01,4.691848e-01,4.609798e-03,8.745744e-03,1.700715e-03,6.513158e-03,6.572150e-03,8.031383e-02
4.368683e-02,2.543147e-02,7.121080e-03,7.989155e-02,7.529288e-02,3.460887e-02,1.901094e-03,1.267615e-01,3.461840e-01,5.124595e-03,7.925143e-02,6.912588e-03,1.014960e-01,5.360822e-03,6.097528e-02
3.139881e-02,2.814009e-02,9.202909e-03,1.361300e-01,5.812407e-02,2.482025e-02,1.432163e-03,9.025104e-02,3.602653e-01,4.988914e-03,1.025008e-01,1.521794e-02,8.312187e-02,4.850670e-03,4.955531e-02
2.235986e-02,2.033545e-02,7.031585e-03,1.561734e-01,5.575262e-02,1.788636e-02,1.242790e-03,6.361002e-02,2.982574e-01,4.086824e-03,1.327010e-01,6.395906e-02,9.851317e-02,2.081577e-02,3.727473e-02
1.680529e-02,1.482979e-02,5.454691e-03,1.423707e-01,4.896625e-02,1.295002e-02,1.060895e-03,4.627343e-02,2.433793e-01,3.459768e-03,1.761444e-01,1.242557e-01,1.054285e-01,3.144026e-02,2.718094e-02
1.225556e-02,1.064399e-02,4.088240e-03,1.023644e-01,3.791086e-02,9.265386e-03,8.792896e-04,3.314349e-02,1.756567e-01,2.852870e-03,3.109800e-01,1.697787e-01,8.004129e-02,3.088585e-02,1.925349e-02
8.728902e-03,7.719200e-03,3.302547e-03,7.210218e-02,2.847859e-02,6.538821e-03,6.678874e-04,2.337389e-02,1.235826e-01,2.196344e-03,4.305040e-01,1.910651e-01,6.048555e-02,2.768183e-02,1.357255e-02
6.176421e-03,5.567393e-03,2.730454e-03,5.069283e-02,2.191889e-02,4.668209e-03,4.918993e-04,1.642635e-02,8.667971e-02,1.702497e-03,5.793054e-01,1.481422e-01,4.315351e-02,2.275248e-02,9.591821e-03
4.513063e-03,3.961648e-03,2.166603e-03,3.580289e-02,1.831974e-02,3.365350e-03,3.847597e-04,1.154576e-02,6.075602e-02,1.453143e-03,6.919426e-01,1.104764e-01,3.044279e-02,1.802829e-02,6.840889e-03
3.348175e-03,2.872511e-03,1.988991e-03,2.526271e-02,1.640026e-02,2.461268e-03,3.028731e-04,8.117489e-03,4.264126e-02,1.736563e-03,7.627212e-01,8.837263e-02,2.162790e-02,1.716063e-02,4.985515e-03
2.801535e-03,2.369659e-03,1.969271e-03,1.779864e-02,1.406718e-02,2.202783e-03,2.795169e-04,5.769066e-03,3.001179e-02,1.651278e-03,7.923287e-01,8.724126e-02,1.545657e-02,2.240986e-02,3.642846e-03
2.209902e-03,1.773688e-03,1.558134e-03,1.265386e-02,1.457459e-02,1.688198e-03,2.431993e-04,4.098965e-03,2.114308e-02,1.706573e-03,8.287141e-01,7.397915e-02,1.097698e-02,2.172757e-02,2.951941e-03
1.727297e-03,2.778968e-03,2.336873e-03,8.917680e-03,3.218707e-02,1.283281e-03,2.457217e-04,2.925567e-03,1.490843e-02,1.950659e-03,8.234400e-01,6.477627e-02,7.957683e-03,3.216343e-02,2.401107e-03
1.334436e-03,2.008781e-03,1.821500e-03,6.296632e-03,2.639091e-02,1.038812e-03,1.898587e-04,2.062783e-03,1.049329e-02,2.047633e-03,8.601056e-01,5.104561e-02,5.707353e-03,2.682520e-02,2.631567e-03
1.116458e-03,1.448204e-03,1.439011e-03,4.514710e-03,2.267529e-02,1.148718e-03,1.525958e-04,1.458029e-03,7.412341e-03,3.065210e-03,8.784908e-01,4.547979e-02,4.404344e-03,2.468931e-02,2.505171e-03
1.263620e-03,1.102028e-03,1.349981e-03,3.226124e-03,2.850609e-02,2.296122e-03,1.475746e-04,1.064914e-03,5.364683e-03,5.057888e-03,8.692136e-01,4.569237e-02,4.131749e-03,2.944686e-02,2.136461e-03
1.260283e-03,8.458250e-04,1.251751e-03,2.317579e-03,5.472596e-02,3.877953e-03,4.629200e-04,1.145728e-03,4.017327e-03,5.702581e-03,8.457010e-01,4.183512e-02,4.145031e-03,3.082808e-02,1.882831e-03
1.455295e-03,8.473874e-04,1.978427e-03,1.695041e-03,1.036932e-01,4.564650e-03,7.349791e-04,1.099652e-03,4.058459e-03,6.335335e-03,7.824264e-01,5.339278e-02,4.009889e-03,3.186471e-02,1.843740e-03
2.221434e-03,3.969732e-03,5.704922e-03,1.214510e-03,2.879559e-01,3.550419e-03,1.001561e-03,1.201494e-03,1.439122e-02,5.540202e-03,5.926261e-01,4.341031e-02,3.179685e-03,3.141745e-02,2.615022e-03
5.382975e-03,4.864194e-03,1.238789e-02,1.075392e-03,3.161687e-01,9.873008e-03,5.179839e-03,1.280532e-02,3.084805e-02,1.028587e-02,4.930975e-01,5.177588e-02,3.260397e-03,3.949624e-02,3.498680e-03
1.401434e-02,1.283811e-02,1.754083e-02,1.141261e-03,2.411423e-01,4.661962e-02,8.708922e-03,3.259457e-02,8.392055e-02,1.833637e-02,4.295268e-01,5.005397e-02,3.432181e-03,3.218229e-02,7.947787e-03
2.110763e-02,6.285118e-02,2.230116e-02,2.304415e-03,1.763150e-01,6.153487e-02,6.385151e-03,3.144507e-02,1.321400e-01,2.204189e-02,3.686656e-01,3.942969e-02,4.187120e-03,2.677353e-02,2.251774e-02
2.671153e-02,5.547027e-02,2.204481e-02,9.502245e-03,1.456670e-01,5.671313e-02,4.568787e-03,2.945503e-02,2.442124e-01,2.268518e-02,2.876098e-01,3.655713e-02,6.209027e-03,2.656627e-02,2.602745e-02
3.206727e-02,4.920417e-02,3.092929e-02,1.284431e-02,1.259838e-01,4.368800e-02,3.725495e-03,2.968045e-02,2.513694e-01,2.916139e-02,2.476796e-01,4.562008e-02,8.715510e-03,5.165193e-02,3.767938e-02
3.466986e-02,4.097688e-02,2.737462e-02,1.710596e-02,1.094724e-01,4.210804e-02,2.760618e-03,2.192845e-02,2.216902e-01,2.467469e-02,3.000082e-01,6.868859e-02,9.645281e-03,4.878866e-02,3.010757e-02
3.100358e-02,3.119143e-02,2.265057e-02,1.948565e-02,8.798561e-02,3.780917e-02,2.088512e-03,1.661179e-02,1.687843e-01,1.974226e-02,2.982239e-01,1.894474e-01,9.944849e-03,4.225779e-02,2.277323e-02
2.903383e-02,2.382263e-02,1.704173e-02,1.538058e-02,7.904912e-02,3.225223e-02,1.596988e-03,1.230016e-02,1.215363e-01,1.559650e-02,3.610698e-01,2.275283e-01,8.914418e-03,3.842701e-02,1.645031e-02
2.497515e-02,1.839171e-02,1.269239e-02,1.217306e-02,7.180019e-02,2.452365e-02,1.188409e-03,9.009941e-03,8.868387e-02,1.576878e-02,4.262846e-01,2.366962e-01,8.406399e-03,3.743567e-02,1.196996e-02
2.203957e-02,2.016931e-02,1.165026e-02,8.950391e-03,6.633063e-02,1.881901e-02,8.867603e-04,6.584988e-03,6.688020e-02,2.223352e-02,4.691626e-01,2.284680e-01,9.071947e-03,3.833007e-02,1.042273e-02
2.723687e-02,1.695437e-02,9.807054e-03,7.082111e-03,6.367597e-02,1.508890e-02,6.891553e-04,5.096869e-03,4.879034e-02,2.976172e-02,4.753449e-01,2.439626e-01,8.741874e-03,3.837814e-02,9.389111e-03
5.560565e-02,1.547387e-02,1.130021e-02,5.724824e-03,4.849591e-02,1.605191e-02,7.477031e-04,5.546187e-03,3.518499e-02,4.055154e-02,4.167331e-01,2.906655e-01,8.933179e-03,4.055490e-02,8.430463e-03
9.334236e-02,1.186554e-02,9.741466e-03,4.558321e-03,3.547193e-02,1.750614e-02,7.012167e-04,5.923427e-03,2.599257e-02,4.180331e-02,3.851879e-01,2.975823e-01,8.161186e-03,5.480774e-02,7.354572e-03
1.163621e-01,1.128390e-02,9.763678e-03,3.867470e-03,2.623747e-02,2.018000e-02,5.885118e-04,5.023331e-03,1.973454e-02,4.269766e-02,3.395554e-01,3.179115e-01,7.979374e-03,6.888647e-02,9.928569e-03
2.256625e-01,1.377353e-02,1.056151e-02,3.320655e-03,1.927878e-02,1.896206e-02,4.937574e-04,4.059465e-03,1.478495e-02,3.982306e-02,2.852789e-01,2.818058e-01,7.712503e-03,6.135189e-02,1.313071e-02
2.410057e-01,1.731961e-02,1.256212e-02,3.647964e-03,1.420681e-02,1.875379e-02,4.096547e-04,3.854735e-03,1.203935e-02,3.660630e-02,2.923344e-01,2.692723e-01,6.883098e-03,5.470094e-02,1.640327e-02
1.766119e-01,1.537485e-02,1.111128e-02,2.951076e-03,1.030773e-02,1.459914e-02,3.096409e-04,3.273541e-03,1.122932e-02,2.707848e-02,4.252285e-01,2.308041e-01,5.135225e-03,5.227193e-02,1.371324e-02
1.245765e-01,1.273857e-02,1.138175e-02,3.021585e-03,9.227742e-03,1.102330e-02,2.372966e-04,2.779407e-03,2.293421e-02,2.182735e-02,5.129508e-01,2.103665e-01,3.790924e-03,4.188980e-02,1.125439e-02
9.244265e-02,1.152600e-02,4.511015e-02,1.034417e-02,8.924055e-03,9.733927e-03,4.422162e-04,4.761137e-02,2.694786e-02,1.961306e-02,4.968689e-01,1.870660e-01,3.073842e-03,3.166619e-02,8.629605e-03
6.646013e-02,1.588118e-02,3.270578e-02,1.147342e-02,1.010525e-02,7.700107e-03,9.925519e-04,5.483707e-02,2.087475e-01,1.618315e-02,4.043106e-01,1.397434e-01,2.255858e-03,2.238009e-02,6.223894e-03
4.675475e-02,1.354100e-02,2.296121e-02,8.121721e-03,9.225573e-03,5.502022e-03,7.261347e-04,3.883533e-02,4.389086e-01,1.142617e-02,2.843586e-01,9.800071e-02,1.588812e-03,1.567776e-02,4.371640e-03
3.285901e-02,1.110871e-02,1.610380e-02,7.542704e-03,2.318967e-02,4.815348e-03,5.206109e-04,2.722683e-02,5.853674e-01,8.176954e-03,1.991028e-01,6.862276e-02,1.124565e-03,1.097975e-02,3.259076e-03
2.338257e-02,1.167889e-02,1.140548e-02,4.848637e-02,2.861490e-02,1.396272e-02,3.797361e-04,1.936352e-02,6.106933e-01,7.451056e-03,1.408998e-01,4.934980e-02,2.996172e-03,7.728284e-03,2.360737e-02
1.692115e-02,1.471450e-02,8.236887e-03,1.568785e-01,2.343168e-02,1.635241e-02,2.688970e-04,1.368438e-02,5.575960e-01,6.406547e-03,1.215770e-01,3.553951e-02,3.078724e-03,5.811741e-03,1.950205e-02
1.336746e-02,1.958600e-02,6.389286e-03,1.487412e-01,2.063611e-02,1.339876e-02,2.044666e-04,1.043378e-02,4.696137e-01,6.799800e-03,2.314344e-01,2.881766e-02,2.933354e-03,8.792857e-03,1.885124e-02
1.031693e-02,1.847707e-02,5.057771e-03,1.677634e-01,1.992347e-02,1.030482e-02,1.568684e-04,7.917994e-03,3.738178e-01,7.480058e-03,3.197175e-01,2.796405e-02,2.925684e-03,1.151689e-02,1.665981e-02
8.147649e-03,1.329596e-02,3.581993e-03,1.284888e-01,1.559575e-02,8.910351e-03,1.211291e-04,5.662831e-03,2.707637e-01,5.901495e-03,4.237843e-01,8.975847e-02,3.733506e-03,1.020928e-02,1.204487e-02
6.299634e-03,9.417526e-03,2.575645e-03,9.250088e-02,2.140724e-02,6.516737e-03,1.410077e-04,4.011007e-03,1.942320e-01,5.824649e-03,5.195202e-01,1.172022e-01,3.736936e-03,8.113442e-03,8.500957e-03
5.675504e-03,6.735221e-03,2.005487e-03,6.735610e-02,3.938952e-02,4.968823e-03,2.053815e-04,2.910462e-03,1.402309e-01,7.322427e-03,5.719172e-01,1.342430e-01,3.945957e-03,6.906275e-03,6.187771e-03
5.941508e-03,5.328313e-03,2.345459e-03,4.797453e-02,9.624743e-02,3.878616e-03,2.694784e-04,2.957609e-03,1.036709e-01,6.840664e-03,5.802505e-01,1.292270e-01,3.701949e-03,6.419090e-03,4.946929e-03
5.220789e-03,3.922779e-03,2.408956e-03,3.424883e-02,1.049655e-01,3.133225e-03,2.833473e-04,3.077352e-03,7.462752e-02,6.162973e-03,6.232522e-01,1.245808e-01,3.774265e-03,6.135958e-03,4.205612e-03
5.489592e-03,3.377894e-03,4.959511e-03,2.595590e-02,9.056200e-02,3.701415e-03,3.506372e-04,5.716666e-03,8.066746e-02,5.259121e-03,6.026241e-01,1.532801e-01,8.265603e-03,6.302792e-03,3.487142e-03
6.177499e-03,2.694499e-03,1.068842e-02,1.889929e-02,6.588565e-02,5.079612e-03,9.141139e-04,7.303990e-02,8.723617e-02,3.899759e-03,5.632131e-01,1.296450e-01,1.979877e-02,8.630849e-03,4.197415e-03
5.061330e-03,2.091030e-03,2.279163e-02,1.332472e-02,5.360661e-02,4.565080e-03,5.114489e-03,2.503357e-01,6.297738e-02,2.848606e-03,4.306039e-01,1.022502e-01,3.407555e-02,6.981080e-03,3.372821e-03
4.351434e-03,1.669539e-03,1.870319e-02,9.375352e-03,7.477508e-02,4.804153e-03,2.426938e-01,1.786343e-01,4.944326e-02,2.136890e-03,3.095678e-01,7.182758e-02,2.465081e-02,4.952104e-03,2.414661e-03
4.634321e-03,1.446261e-03,1.420543e-02,6.719932e-03,1.320310e-01,4.900723e-03,3.710276e-01,1.275136e-01,4.006293e-02,1.612755e-03,2.220072e-01,5.049730e-02,1.811812e-02,3.507525e-03,1.715395e-03
5.155467e-03,1.381277e-03,1.087171e-02,9.403860e-03,2.583290e-01,5.543351e-03,3.657324e-01,9.766768e-02,3.355280e-02,1.172120e-03,1.584090e-01,3.551937e-02,1.354449e-02,2.481935e-03,1.235576e-03
1.685910e-02,2.782412e-03,1.091369e-02,4.446151e-02,3.420033e-01,6.125584e-03,2.876407e-01,8.412711e-02,4.934315e-02,1.019081e-03,1.158358e-01,2.562536e-02,1.051921e-02,1.791165e-03,9.528130e-04
1.908593e-02,2.170333e-03,9.957549e-03,4.800884e-02,3.950900e-01,5.620081e-03,2.316274e-01,1.284036e-01,4.946899e-02,7.408164e-04,8.191796e-02,1.815346e-02,7.812852e-03,1.266769e-03,6.754787e-04
3.069376e-02,3.204706e-03,1.520480e-02,1.404354e-01,3.321515e-01,6.797964e-03,1.638238e-01,1.466368e-01,4.648039e-02,2.840589e-03,7.574729e-02,1.687253e-02,1.689903e-02,1.057019e-03,1.154400e-03
2.170543e-02,6.430938e-03,2.561592e-02,3.151462e-01,2.630077e-01,4.953129e-03,1.148599e-01,1.071348e-01,3.461306e-02,2.273273e-03,6.564076e-02,2.406483e-02,1.286676e-02,8.473520e-04,8.400712e-04
1.545822e-02,4.784688e-03,1.825007e-02,2.822357e-01,2.277272e-01,3.648856e-03,8.044032e-02,8.868531e-02,2.713182e-02,1.770545e-03,1.390825e-01,9.822788e-02,9.208917e-03,2.718367e-03,6.296494e-04
1.087489e-02,3.362354e-03,1.281789e-02,2.066950e-01,1.605506e-01,2.701243e-03,5.630969e-02,6.276752e-02,1.928479e-02,1.277179e-03,1.411621e-01,3.129607e-01,6.561345e-03,2.228246e-03,4.465315e-04
7.742030e-03,2.366382e-03,8.996330e-03,1.477872e-01,1.143323e-01,2.114080e-03,3.941853e-02,4.437768e-02,1.378789e-02,9.194380e-04,1.549553e-01,4.564484e-01,4.641332e-03,1.796263e-03,3.169026e-04
5.442375e-03,1.666909e-03,6.309558e-03,1.037373e-01,9.784458e-02,1.976529e-03,2.759420e-02,3.108040e-02,9.688379e-03,6.548485e-04,1.275241e-01,5.814060e-01,3.288600e-03,1.558431e-03,2.278338e-04
3.827975e-03,1.178133e-03,4.422607e-03,7.273115e-02,9.733145e-02,1.955092e-03,1.931683e-02,2.176113e-02,6.826240e-03,4.676406e-04,1.082879e-01,6.577737e-01,2.343959e-03,1.610185e-03,1.659708e-04
2.689572e-03,8.693303e-04,3.105150e-03,5.114155e-02,1.289271e-01,1.893495e-03,1.352446e-02,1.523494e-02,4.846132e-03,3.408311e-04,1.140389e-01,6.595936e-01,1.695007e-03,1.895912e-03,2.040800e-04
1.915502e-03,8.763880e-04,2.214192e-03,3.604443e-02,1.413013e-01,2.012107e-03,9.473468e-03,1.067092e-02,3.499160e-03,3.375358e-04,1.132659e-01,6.744879e-01,1.229437e-03,1.791786e-03,8.799935e-04
1.402734e-03,1.057735e-03,1.657456e-03,2.555905e-02,1.977186e-01,2.195945e-03,6.659364e-03,7.499100e-03,2.644924e-03,6.330824e-04,1.230033e-01,6.250372e-01,9.176652e-04,2.125810e-03,1.888149e-03
1.017383e-03,2.049284e-03,1.514615e-03,1.816182e-02,2.497019e-01,1.805370e-03,4.717216e-03,5.277967e-03,2.682076e-03,1.425938e-03,1.206311e-01,5.840276e-01,7.437158e-04,3.717640e-03,2.526391e-03
8.193816e-04,3.212200e-03,1.876625e-03,1.307419e-02,2.096099e-01,1.551477e-03,3.313583e-03,3.784532e-03,2.629754e-03,1.848268e-03,2.020356e-01,5.477411e-01,7.297155e-04,4.781237e-03,2.992596e-03
6.072372e-04,2.350911e-03,1.394440e-03,9.176077e-03,1.488058e-01,1.300066e-03,2.322474e-03,2.687533e-03,2.066395e-03,1.470674e-03,3.963937e-01,4.233208e-01,5.622201e-04,5.232934e-03,2.308712e-03
4.876026e-04,2.316840e-03,1.790194e-03,6.493627e-03,1.106790e-01,1.266928e-03,1.634261e-03,1.977093e-03,1.759748e-03,1.599768e-03,4.778018e-01,3.854761e-01,4.424498e-04,4.202422e-03,2.072105e-03
4.071373e-04,2.233983e-03,4.401449e-03,4.668499e-03,8.252982e-02,1.471867e-03,1.182424e-03,1.674327e-03,1.713047e-03,1.499009e-03,5.160217e-01,3.767511e-01,3.517709e-04,3.344328e-03,1.749494e-03
3.223495e-04,2.868166e-03,1.809383e-02,3.318481e-03,6.189808e-02,1.589480e-03,9.137447e-04,1.426939e-03,1.804967e-03,1.733176e-03,5.031877e-01,3.977319e-01,2.636866e-04,3.282156e-03,1.565370e-03
2.500097e-04,2.475338e-03,3.196187e-02,2.400199e-03,4.449108e-02,1.634965e-03,6.561842e-04,1.164874e-03,2.575852e-03,1.567366e-03,5.368829e-01,3.693144e-01,1.948028e-04,3.030998e-03,1.399138e-03
2.128098e-04,2.987580e-03,9.119933e-02,2.045872e-03,3.418965e-02,1.705510e-03,5.570357e-04,1.229832e-03,1.009863e-02,2.150966e-03,4.531153e-01,3.964581e-01,1.648784e-04,2.686617e-03,1.197846e-03
3.729044e-04,3.398817e-03,1.146356e-01,2.538637e-03,2.956404e-02,4.623695e-03,1.638683e-03,5.135231e-03,2.545769e-02,2.674819e-03,4.857154e-01,3.202645e-01,1.999649e-04,2.396217e-03,1.383687e-03
7.103608e-04,4.143290e-03,1.443681e-01,3.686267e-03,2.624805e-02,6.825733e-03,2.836328e-03,2.046695e-02,2.696232e-02,2.446436e-03,5.147971e-01,2.426784e-01,2.197292e-04,1.984317e-03,1.626553e-03
2.441845e-03,4.394409e-03,1.296442e-01,5.737277e-03,2.735418e-02,9.615067e-03,2.336975e-03,3.493899e-02,4.556809e-02,4.166357e-03,5.537547e-01,1.723156e-01,1.079725e-03,1.647216e-03,5.005206e-03
4.266476e-03,4.069487e-03,1.226160e-01,9.264981e-03,2.449165e-02,2.117936e-02,2.125762e-03,9.598193e-02,5.193622e-02,4.220955e-03,5.291464e-01,1.224090e-01,1.609601e-03,1.324329e-03,5.357828e-03
1.663319e-02,3.395970e-03,1.323573e-01,2.350344e-02,2.486548e-02,4.140166e-02,2.558874e-03,1.552649e-01,5.176111e-02,4.445495e-03,4.485835e-01,8.651167e-02,2.084648e-03,1.223050e-03,5.409668e-03
3.746410e-02,3.007396e-03,1.188556e-01,4.137456e-02,2.475838e-02,5.538700e-02,2.208130e-03,1.138978e-01,5.897306e-02,4.908218e-03,4.667025e-01,6.081203e-02,2.286956e-03,2.379410e-03,6.984843e-03
5.176817e-02,3.434481e-03,1.099153e-01,6.902047e-02,2.736006e-02,5.815551e-02,1.738537e-03,8.159729e-02,6.245956e-02,5.282482e-03,4.712222e-01,4.280338e-02,2.569094e-03,4.017175e-03,8.656245e-03
5.851486e-02,4.556426e-03,1.709755e-01,1.168793e-01,3.174366e-02,5.316359e-02,1.515769e-03,6.072543e-02,5.679368e-02,9.271927e-03,3.863737e-01,3.013129e-02,2.892300e-03,6.287380e-03,1.017527e-02
7.126565e-02,5.153704e-03,2.581393e-01,1.420693e-01,3.263273e-02,4.566424e-02,1.416307e-03,4.860895e-02,5.308793e-02,1.202849e-02,2.880301e-01,2.122208e-02,3.271552e-03,7.283512e-03,1.012613e-02
8.287740e-02,6.839590e-03,3.657989e-01,1.200267e-01,2.791421e-02,3.570978e-02,1.183409e-03,3.847878e-02,5.755615e-02,1.889479e-02,2.057223e-01,1.515108e-02,2.866151e-03,8.037498e-03,1.294327e-02
8.883333e-02,1.000967e-02,4.615264e-01,1.046744e-01,2.209841e-02,2.715060e-02,1.195222e-03,3.119796e-02,5.618805e-02,1.583266e-02,1.446812e-01,1.068265e-02,2.450612e-03,1.105835e-02,1.242040e-02
9.978335e-02,1.187524e-02,5.472529e-01,8.542874e-02,1.760101e-02,2.105295e-02,1.092706e-03,2.321993e-02,4.610950e-02,1.212514e-02,1.019510e-01,7.596575e-03,2.033175e-03,1.167930e-02,1.119852e-02
1.073825e-01,1.320113e-02,6.024878e-01,7.000637e-02,1.522733e-02,1.608613e-02,1.120698e-03,2.026620e-02,3.984202e-02,9.560613e-03,7.220430e-02,5.703328e-03,1.865532e-03,1.322234e-02,1.182370e-02
1.341747e-01,1.664761e-02,5.881784e-01,6.094506e-02,1.306403e-02,1.332307e-02,1.499617e-03,2.178138e-02,4.074916e-02,1.035268e-02,5.286954e-02,4.810662e-03,2.199303e-03,2.175653e-02,1.764828e-02
1.060531e-01,3.099048e-02,4.212984e-01,5.928477e-02,9.735131e-03,1.444633e-02,1.189155e-03,1.772825e-02,7.678588e-02,2.586884e-02,4.359791e-02,8.241758e-03,1.490833e-02,1.757545e-02,1.522963e-01
9.027473e-02,1.329179e-01,3.053905e-01,6.027159e-02,8.543438e-03,1.130100e-02,9.948442e-04,1.785756e-02,1.114170e-01,5.798037e-02,3.840227e-02,8.469728e-03,1.534573e-02,1.358575e-02,1.272477e-01
6.750987e-02,1.275860e-01,2.172130e-01,4.826575e-02,6.325041e-03,8.498343e-03,7.231806e-04,1.334639e-02,1.430070e-01,1.067874e-01,2.861116e-02,6.600143e-03,1.221958e-02,1.072292e-02,2.025841e-01
5.012598e-02,1.644444e-01,1.525971e-01,3.887617e-02,4.603725e-03,6.270962e-03,5.495497e-04,1.034910e-02,2.277166e-01,1.237560e-01,2.187553e-02,5.510410e-03,1.190775e-02,7.914166e-03,1.735025e-01
3.565507e-02,1.293090e-01,1.069943e-01,3.417170e-02,3.259812e-03,4.733167e-03,4.125144e-04,8.106318e-03,3.538058e-01,1.274339e-01,1.887963e-02,4.292151e-03,1.819193e-02,5.803661e-03,1.489510e-01
2.509085e-02,9.595810e-02,7.493875e-02,2.423522e-02,2.306544e-03,3.377457e-03,2.942342e-04,5.728271e-03,4.763302e-01,9.233600e-02,1.615463e-02,3.379852e-03,3.306007e-02,4.655289e-03,1.421545e-01
1.780874e-02,6.831285e-02,6.568858e-02,2.968524e-02,4.921416e-03,2.643274e-03,3.200562e-04,1.363571e-02,4.314170e-01,6.697749e-02,5.767322e-02,2.964797e-03,8.574328e-02,3.642801e-03,1.485655e-01
1.300475e-02,9.156960e-02,5.886702e-02,3.100807e-02,1.758795e-02,2.702397e-03,3.243537e-04,1.102683e-02,4.061699e-01,4.868537e-02,5.579556e-02,2.483067e-03,8.669705e-02,2.814074e-03,1.712640e-01
1.065820e-02,2.240925e-01,4.928428e-02,2.515039e-02,2.385175e-02,2.808481e-03,3.358275e-04,8.372748e-03,3.855911e-01,3.447746e-02,4.189488e-02,1.767356e-03,6.119194e-02,2.076381e-03,1.284468e-01
1.193314e-02,3.267597e-01,5.020599e-02,2.303256e-02,3.165659e-02,5.497409e-03,4.360477e-04,7.552376e-03,3.424095e-01,2.449009e-02,3.165323e-02,1.278882e-03,4.325996e-02,1.587635e-03,9.824689e-02
3.170050e-02,3.484457e-01,8.716688e-02,3.409462e-02,4.985508e-02,9.186883e-03,8.409085e-04,8.040575e-03,2.834704e-01,1.741790e-02,2.409836e-02,9.809281e-04,3.095338e-02,1.393824e-03,7.235409e-02
3.706779e-02,3.423553e-01,6.481122e-02,9.352732e-02,5.957629e-02,1.092955e-02,8.235712e-04,1.706721e-02,2.628002e-01,1.264892e-02,2.032333e-02,1.007026e-03,2.236125e-02,1.176022e-03,5.352502e-02
4.446815e-02,3.172572e-01,5.228779e-02,1.738497e-01,6.019228e-02,1.185500e-02,8.388862e-04,3.013001e-02,2.222106e-01,9.444973e-03,1.878710e-02,1.043150e-03,1.606233e-02,1.060814e-03,4.051201e-02
7.437038e-02,3.029597e-01,4.415909e-02,1.335778e-01,8.324857e-02,1.332478e-02,8.625549e-04,7.044225e-02,1.900354e-01,7.599034e-03,3.137099e-02,1.679396e-03,1.493963e-02,1.049323e-03,3.038114e-02
7.727917e-02,2.401799e-01,4.005238e-02,1.283659e-01,1.186956e-01,2.139066e-02,1.970871e-03,1.004869e-01,1.887033e-01,7.808252e-03,3.145849e-02,1.777819e-03,1.704025e-02,1.009687e-03,2.378082e-02
6.646574e-02,1.785947e-01,8.195643e-02,1.163412e-01,1.138783e-01,4.276066e-02,3.103187e-02,1.381435e-01,1.403860e-01,8.472276e-03,3.173633e-02,1.624716e-03,2.622675e-02,9.374081e-04,2.144416e-02
7.183034e-02,1.500654e-01,7.776421e-02,8.894045e-02,1.050418e-01,1.247898e-01,3.196497e-02,1.154985e-01,1.128876e-01,8.486801e-03,2.486271e-02,2.458329e-03,6.533474e-02,1.000636e-03,1.907381e-02
1.294300e-01,1.250847e-01,7.869774e-02,7.488417e-02,9.649077e-02,1.522112e-01,3.476443e-02,1.045657e-01,8.918501e-02,7.980238e-03,2.184640e-02,3.027008e-03,6.395616e-02,1.131180e-03,1.674539e-02
1.696732e-01,1.046953e-01,6.317914e-02,5.795727e-02,7.943486e-02,1.992801e-01,2.919080e-02,9.876585e-02,7.340771e-02,6.281720e-03,1.670213e-02,3.627104e-03,8.129910e-02,1.247344e-03,1.525838e-02
2.016840e-01,7.906035e-02,4.804121e-02,4.306412e-02,5.879036e-02,2.963824e-01,2.416666e-02,7.930727e-02,5.479799e-02,4.638346e-03,1.271891e-02,4.089145e-03,7.949445e-02,1.215538e-03,1.254938e-02
2.192590e-01,6.217283e-02,3.643769e-02,3.295498e-02,4.435873e-02,3.690763e-01,2.059893e-02,6.605323e-02,4.086538e-02,3.479916e-03,1.082001e-02,9.350900e-03,7.198001e-02,1.758339e-03,1.083387e-02
3.227120e-01,4.580756e-02,2.948456e-02,2.691004e-02,3.551925e-02,3.341455e-01,1.703599e-02,5.358953e-02,3.056611e-02,2.608479e-03,1.054028e-02,1.835425e-02,5.926093e-02,2.274335e-03,1.119125e-02
3.502050e-01,3.315819e-02,2.254782e-02,2.164302e-02,2.998277e-02,3.653613e-01,1.433148e-02,4.629255e-02,2.347139e-02,2.031368e-03,9.493447e-03,2.016469e-02,4.915776e-02,2.075333e-03,1.008392e-02
2.486465e-01,2.393349e-02,1.608198e-02,1.635662e-02,2.133199e-02,4.670247e-01,1.068598e-02,3.260946e-02,2.944346e-02,3.031552e-03,9.643494e-03,2.290382e-02,8.340097e-02,2.137287e-03,1.276881e-02
1.764481e-01,1.770118e-02,1.132808e-02,1.251960e-02,1.532294e-02,4.284899e-01,8.630713e-03,2.295770e-02,3.236374e-02,2.457277e-03,8.605368e-03,1.918032e-02,2.296303e-01,1.645629e-03,1.271919e-02
1.237001e-01,1.246072e-02,7.959479e-03,8.844833e-03,1.082757e-02,3.254386e-01,6.130381e-03,1.609567e-02,2.308528e-02,1.772008e-03,6.091571e-03,1.453421e-02,4.325811e-01,1.166882e-03,9.311646e-03
8.662105e-02,8.751338e-03,5.586294e-03,6.237230e-03,7.683620e-03,2.303395e-01,4.363399e-03,1.128633e-02,1.628621e-02,1.276334e-03,4.351983e-03,1.048076e-02,5.990375e-01,8.210544e-04,6.877344e-03
6.065588e-02,6.158994e-03,3.929989e-03,4.405400e-03,5.480615e-03,1.620689e-01,3.168788e-03,7.914246e-03,1.148041e-02,9.191307e-04,3.098472e-03,7.452544e-03,7.174394e-01,5.779082e-04,5.249330e-03
4.248631e-02,4.324895e-03,2.825409e-03,3.129104e-03,4.083426e-03,1.156021e-01,2.720286e-03,5.552121e-03,8.132014e-03,6.816401e-04,2.296191e-03,5.611686e-03,7.978771e-01,4.085960e-04,4.269122e-03
2.976701e-02,3.035649e-03,2.044948e-03,2.234532e-03,3.126688e-03,8.616620e-02,2.136741e-03,3.902850e-03,5.804631e-03,5.206591e-04,1.884442e-03,5.006592e-03,8.484914e-01,2.917813e-04,5.585890e-03
2.097941e-02,2.146767e-03,1.569408e-03,1.739609e-03,2.609367e-03,9.204841e-02,1.784473e-03,2.803645e-03,4.744697e-03,8.827734e-04,3.883262e-03,6.708164e-03,8.483371e-01,3.473035e-04,9.415627e-03
1.481902e-02,1.510747e-03,1.345587e-03,1.428536e-03,2.079819e-03,9.694505e-02,1.592849e-03,2.067170e-03,4.261837e-03,2.884293e-03,9.700509e-03,1.215400e-02,8.286698e-01,3.843880e-04,2.015636e-02
1.044759e-02,1.060428e-03,1.042969e-03,1.387284e-03,1.603289e-03,1.005251e-01,1.236388e-03,1.911690e-03,3.323248e-03,6.789801e-03,1.133626e-02,1.342128e-02,8.254643e-01,3.454274e-04,2.010489e-02
7.489658e-03,7.656146e-04,1.360579e-03,3.782377e-03,1.047373e-02,7.304817e-02,2.024746e-03,4.782981e-02,7.928555e-03,1.183918e-02,1.317803e-02,1.763931e-02,7.855041e-01,2.779462e-04,1.685817e-02
5.370354e-03,5.419689e-04,1.145678e-03,3.026048e-03,7.697969e-03,5.176657e-02,1.569654e-03,1.588068e-01,5.637631e-03,1.128314e-02,1.680686e-02,1.480065e-02,7.069870e-01,2.227126e-04,1.433692e-02
