1.000000e+00,0.000000e+00,0.000000e+00,0.000000e+00,0.000000e+00,0.000000e+00,0.000000e+00,0.000000e+00,0.000000e+00,0.000000e+00,0.000000e+00,0.000000e+00,0.000000e+00,0.000000e+00,0.000000e+00
1.000000e+00,0.000000e+00,0.000000e+00,0.000000e+00,0.000000e+00,0.000000e+00,0.000000e+00,0.000000e+00,0.000000e+00,0.000000e+00,0.000000e+00,0.000000e+00,0.000000e+00,0.000000e+00,0.000000e+00
1.000000e+00,0.000000e+00,0.000000e+00,0.000000e+00,0.000000e+00,0.000000e+00,0.000000e+00,0.000000e+00,0.000000e+00,0.000000e+00,0.000000e+00,0.000000e+00,0.000000e+00,0.000000e+00,0.000000e+00
1.000000e+00,0.000000e+00,0.000000e+00,0.000000e+00,0.000000e+00,0.000000e+00,0.000000e+00,0.000000e+00,0.000000e+00,0.000000e+00,0.000000e+00,0.000000e+00,0.000000e+00,0.000000e+00,0.000000e+00
1.000000e+00,0.000000e+00,0.000000e+00,0.000000e+00,0.000000e+00,0.000000e+00,0.000000e+00,0.000000e+00,0.000000e+00,0.000000e+00,0.000000e+00,0.000000e+00,0.000000e+00,0.000000e+00,0.000000e+00
1.000000e+00,0.000000e+00,0.000000e+00,0.000000e+00,0.000000e+00,0.000000e+00,0.000000e+00,0.000000e+00,0.000000e+00,0.000000e+00,0.000000e+00,0.000000e+00,0.000000e+00,0.000000e+00,0.000000e+00
1.000000e+00,0.000000e+00,0.000000e+00,0.000000e+00,0.000000e+00,0.000000e+00,0.000000e+00,0.000000e+00,0.000000e+00,0.000000e+00,0.000000e+00,0.000000e+00,0.000000e+00,0.000000e+00,0.000000e+00
1.000000e+00,0.000000e+00,0.000000e+00,0.000000e+00,0.000000e+00,0.000000e+00,0.000000e+00,0.000000e+00,0.000000e+00,0.000000e+00,0.000000e+00,0.000000e+00,0.000000e+00,0.000000e+00,0.000000e+00
1.000000e+00,0.000000e+00,0.000000e+00,0.000000e+00,0.000000e+00,0.000000e+00,0.000000e+00,0.000000e+00,0.000000e+00,0.000000e+00,0.000000e+00,0.000000e+00,0.000000e+00,0.000000e+00,0.000000e+00
1.000000e+00,0.000000e+00,0.000000e+00,0.000000e+00,0.000000e+00,0.000000e+00,0.000000e+00,0.000000e+00,0.000000e+00,0.000000e+00,0.000000e+00,0.000000e+00,0.000000e+00,0.000000e+00,0.000000e+00
1.000000e+00,0.000000e+00,0.000000e+00,0.000000e+00,0.000000e+00,0.000000e+00,0.000000e+00,0.000000e+00,0.000000e+00,0.000000e+00,0.000000e+00,0.000000e+00,0.000000e+00,0.000000e+00,0.000000e+00
1.000000e+00,0.000000e+00,0.000000e+00,0.000000e+00,0.000000e+00,0.000000e+00,0.000000e+00,0.000000e+00,0.000000e+00,0.000000e+00,0.000000e+00,0.000000e+00,0.000000e+00,0.000000e+00,0.000000e+00
1.000000e+00,0.000000e+00,0.000000e+00,0.000000e+00,0.000000e+00,0.000000e+00,0.000000e+00,0.000000e+00,0.000000e+00,0.000000e+00,0.000000e+00,0.000000e+00,0.000000e+00,0.000000e+00,0.000000e+00
1.000000e+00,0.000000e+00,0.000000e+00,0.000000e+00,0.000000e+00,0.000000e+00,0.000000e+00,0.000000e+00,0.000000e+00,0.000000e+00,0.000000e+00,0.000000e+00,0.000000e+00,0.000000e+00,0.000000e+00
1.000000e+00,0.000000e+00,0.000000e+00,0.000000e+00,0.000000e+00,0.000000e+00,0.000000e+00,0.000000e+00,0.000000e+00,0.000000e+00,0.000000e+00,0.000000e+00,0.000000e+00,0.000000e+00,0.000000e+00
1.000000e+00,0.000000e+00,0.000000e+00,0.000000e+00,0.000000e+00,0.000000e+00,0.000000e+00,0.000000e+00,0.000000e+00,0.000000e+00,0.000000e+00,0.000000e+00,0.000000e+00,0.000000e+00,0.000000e+00
1.000000e+00,0.000000e+00,0.000000e+00,0.000000e+00,0.000000e+00,0.000000e+00,0.000000e+00,0.000000e+00,0.000000e+00,0.000000e+00,0.000000e+00,0.000000e+00,0.000000e+00,0.000000e+00,0.000000e+00
1.000000e+00,0.000000e+00,0.000000e+00,0.000000e+00,0.000000e+00,0.000000e+00,0.000000e+00,0.000000e+00,0.000000e+00,0.000000e+00,0.000000e+00,0.000000e+00,0.000000e+00,0.000000e+00,0.000000e+00
1.000000e+00,0.000000e+00,0.000000e+00,0.000000e+00,0.000000e+00,0.000000e+00,0.000000e+00,0.000000e+00,0.000000e+00,0.000000e+00,0.000000e+00,0.000000e+00,0.000000e+00,0.000000e+00,0.000000e+00
1.000000e+00,0.000000e+00,0.000000e+00,0.000000e+00,0.000000e+00,0.000000e+00,0.000000e+00,0.000000e+00,0.000000e+00,0.000000e+00,0.000000e+00,0.000000e+00,0.000000e+00,0.000000e+00,0.000000e+00
1.000000e+00,0.000000e+00,0.000000e+00,0.000000e+00,0.000000e+00,0.000000e+00,0.000000e+00,0.000000e+00,0.000000e+00,0.000000e+00,0.000000e+00,0.000000e+00,0.000000e+00,0.000000e+00,0.000000e+00
1.000000e+00,0.000000e+00,0.000000e+00,0.000000e+00,0.000000e+00,0.000000e+00,0.000000e+00,0.000000e+00,0.000000e+00,0.000000e+00,0.000000e+00,0.000000e+00,0.000000e+00,0.000000e+00,0.000000e+00
1.000000e+00,0.000000e+00,0.000000e+00,0.000000e+00,0.000000e+00,0.000000e+00,0.000000e+00,0.000000e+00,0.000000e+00,0.000000e+00,0.000000e+00,0.000000e+00,0.000000e+00,0.000000e+00,0.000000e+00
1.000000e+00,0.000000e+00,0.000000e+00,0.000000e+00,0.000000e+00,0.000000e+00,0.000000e+00,0.000000e+00,0.000000e+00,0.000000e+00,0.000000e+00,0.000000e+00,0.000000e+00,0.000000e+00,0.000000e+00
1.000000e+00,0.000000e+00,0.000000e+00,0.000000e+00,0.000000e+00,0.000000e+00,0.000000e+00,0.000000e+00,0.000000e+00,0.000000e+00,0.000000e+00,0.000000e+00,0.000000e+00,0.000000e+00,0.000000e+00
1.000000e+00,0.000000e+00,0.000000e+00,0.000000e+00,0.000000e+00,0.000000e+00,0.000000e+00,0.000000e+00,0.000000e+00,0.000000e+00,0.000000e+00,0.000000e+00,0.000000e+00,0.000000e+00,0.000000e+00
1.000000e+00,0.000000e+00,0.000000e+00,0.000000e+00,0.000000e+00,0.000000e+00,0.000000e+00,0.000000e+00,0.000000e+00,0.000000e+00,0.000000e+00,0.000000e+00,0.000000e+00,0.000000e+00,0.000000e+00
1.000000e+00,0.000000e+00,0.000000e+00,0.000000e+00,0.000000e+00,0.000000e+00,0.000000e+00,0.000000e+00,0.000000e+00,0.000000e+00,0.000000e+00,0.000000e+00,0.000000e+00,0.000000e+00,0.000000e+00
1.000000e+00,0.000000e+00,0.000000e+00,0.000000e+00,0.000000e+00,0.000000e+00,0.000000e+00,0.000000e+00,0.000000e+00,0.000000e+00,0.000000e+00,0.000000e+00,0.000000e+00,0.000000e+00,0.000000e+00
1.000000e+00,0.000000e+00,0.000000e+00,0.000000e+00,0.000000e+00,0.000000e+00,0.000000e+00,0.000000e+00,0.000000e+00,0.000000e+00,0.000000e+00,0.000000e+00,0.000000e+00,0.000000e+00,0.000000e+00
1.000000e+00,0.000000e+00,0.000000e+00,0.000000e+00,0.000000e+00,0.000000e+00,0.000000e+00,0.000000e+00,0.000000e+00,0.000000e+00,0.000000e+00,0.000000e+00,0.000000e+00,0.000000e+00,0.000000e+00
1.000000e+00,0.000000e+00,0.000000e+00,0.000000e+00,0.000000e+00,0.000000e+00,0.000000e+00,0.000000e+00,0.000000e+00,0.000000e+00,0.000000e+00,0.000000e+00,0.000000e+00,0.000000e+00,0.000000e+00
1.000000e+00,0.000000e+00,0.000000e+00,0.000000e+00,0.000000e+00,0.000000e+00,0.000000e+00,0.000000e+00,0.000000e+00,0.000000e+00,0.000000e+00,0.000000e+00,0.000000e+00,0.000000e+00,0.000000e+00
1.000000e+00,0.000000e+00,0.000000e+00,0.000000e+00,0.000000e+00,0.000000e+00,0.000000e+00,0.000000e+00,0.000000e+00,0.000000e+00,0.000000e+00,0.000000e+00,0.000000e+00,0.000000e+00,0.000000e+00
1.000000e+00,0.000000e+00,0.000000e+00,0.000000e+00,0.000000e+00,0.000000e+00,0.000000e+00,0.000000e+00,0.000000e+00,0.000000e+00,0.000000e+00,0.000000e+00,0.000000e+00,0.000000e+00,0.000000e+00
1.000000e+00,0.000000e+00,0.000000e+00,0.000000e+00,0.000000e+00,0.000000e+00,0.000000e+00,0.000000e+00,0.000000e+00,0.000000e+00,0.000000e+00,0.000000e+00,0.000000e+00,0.000000e+00,0.000000e+00
1.000000e+00,0.000000e+00,0.000000e+00,0.000000e+00,0.000000e+00,0.000000e+00,0.000000e+00,0.000000e+00,0.000000e+00,0.000000e+00,0.000000e+00,0.000000e+00,0.000000e+00,0.000000e+00,0.000000e+00
1.000000e+00,0.000000e+00,0.000000e+00,0.000000e+00,0.000000e+00,0.000000e+00,0.000000e+00,0.000000e+00,0.000000e+00,0.000000e+00,0.000000e+00,0.000000e+00,0.000000e+00,0.000000e+00,0.000000e+00
1.000000e+00,0.000000e+00,0.000000e+00,0.000000e+00,0.000000e+00,0.000000e+00,0.000000e+00,0.000000e+00,0.000000e+00,0.000000e+00,0.000000e+00,0.000000e+00,0.000000e+00,0.000000e+00,0.000000e+00
1.000000e+00,0.000000e+00,0.000000e+00,0.000000e+00,0.000000e+00,0.000000e+00,0.000000e+00,0.000000e+00,0.000000e+00,0.000000e+00,0.000000e+00,0.000000e+00,0.000000e+00,0.000000e+00,0.000000e+00
1.000000e+00,0.000000e+00,0.000000e+00,0.000000e+00,0.000000e+00,0.000000e+00,0.000000e+00,0.000000e+00,0.000000e+00,0.000000e+00,0.000000e+00,0.000000e+00,0.000000e+00,0.000000e+00,0.000000e+00
1.000000e+00,0.000000e+00,0.000000e+00,0.000000e+00,0.000000e+00,0.000000e+00,0.000000e+00,0.000000e+00,0.000000e+00,0.000000e+00,0.000000e+00,0.000000e+00,0.000000e+00,0.000000e+00,0.000000e+00
1.000000e+00,0.000000e+00,0.000000e+00,0.000000e+00,0.000000e+00,0.000000e+00,0.000000e+00,0.000000e+00,0.000000e+00,0.000000e+00,0.000000e+00,0.000000e+00,0.000000e+00,0.000000e+00,0.000000e+00
1.000000e+00,0.000000e+00,0.000000e+00,0.000000e+00,0.000000e+00,0.000000e+00,0.000000e+00,0.000000e+00,0.000000e+00,0.000000e+00,0.000000e+00,0.000000e+00,0.000000e+00,0.000000e+00,0.000000e+00
1.000000e+00,0.000000e+00,0.000000e+00,0.000000e+00,0.000000e+00,0.000000e+00,0.000000e+00,0.000000e+00,0.000000e+00,0.000000e+00,0.000000e+00,0.000000e+00,0.000000e+00,0.000000e+00,0.000000e+00
1.000000e+00,0.000000e+00,0.000000e+00,0.000000e+00,0.000000e+00,0.000000e+00,0.000000e+00,0.000000e+00,0.000000e+00,0.000000e+00,0.000000e+00,0.000000e+00,0.000000e+00,0.000000e+00,0.000000e+00
1.000000e+00,0.000000e+00,0.000000e+00,0.000000e+00,0.000000e+00,0.000000e+00,0.000000e+00,0.000000e+00,0.000000e+00,0.000000e+00,0.000000e+00,0.000000e+00,0.000000e+00,0.000000e+00,0.000000e+00
1.000000e+00,0.000000e+00,0.000000e+00,0.000000e+00,0.000000e+00,0.000000e+00,0.000000e+00,0.000000e+00,0.000000e+00,0.000000e+00,0.000000e+00,0.000000e+00,0.000000e+00,0.000000e+00,0.000000e+00
1.000000e+00,0.000000e+00,0.000000e+00,0.000000e+00,0.000000e+00,0.000000e+00,0.000000e+00,0.000000e+00,0.000000e+00,0.000000e+00,0.000000e+00,0.000000e+00,0.000000e+00,0.000000e+00,0.000000e+00
1.000000e+00,0.000000e+00,0.000000e+00,0.000000e+00,0.000000e+00,0.000000e+00,0.000000e+00,0.000000e+00,0.000000e+00,0.000000e+00,0.000000e+00,0.000000e+00,0.000000e+00,0.000000e+00,0.000000e+00
4.934050e-01,7.390606e-03,4.389045e-02,3.377416e-02,1.116846e-02,2.701780e-01,2.819300e-03,7.321395e-02,4.553154e-03,9.914607e-03,1.940011e-02,1.104808e-02,5.524939e-03,2.817367e-03,1.090199e-02
4.512352e-01,6.067632e-03,3.484148e-02,2.632805e-02,1.165932e-02,3.247278e-01,3.225642e-03,6.418781e-02,9.949368e-03,1.947735e-02,1.723166e-02,8.209292e-03,5.207296e-03,3.249347e-03,1.440273e-02
3.231729e-01,4.744423e-03,2.518062e-02,2.453140e-02,8.635231e-03,2.590910e-01,2.660717e-03,4.621056e-02,1.811402e-01,6.062226e-02,1.749350e-02,5.961056e-03,4.420908e-03,3.503471e-03,3.263181e-02
2.315015e-01,3.648834e-03,1.814567e-02,2.049233e-02,6.247479e-03,2.301317e-01,2.074461e-03,3.502908e-02,3.101233e-01,7.130434e-02,1.901576e-02,4.519043e-03,3.939357e-03,3.649473e-03,4.017775e-02
1.637497e-01,2.729645e-03,1.287645e-02,1.564701e-02,4.947320e-03,1.643596e-01,1.623821e-03,2.805162e-02,2.326732e-01,5.988184e-02,2.029963e-02,5.086421e-03,6.792831e-03,6.296006e-03,2.749849e-01
1.155621e-01,1.948353e-02,9.185256e-03,1.245306e-02,3.940263e-03,1.205656e-01,1.375210e-03,2.062848e-02,2.918893e-01,4.402068e-02,4.011124e-02,5.269359e-03,9.731390e-03,1.915839e-02,2.866263e-01
8.253355e-02,2.615652e-02,6.676786e-03,1.068597e-02,3.524404e-03,8.734715e-02,1.169666e-03,1.496335e-02,3.368790e-01,3.284359e-02,6.114352e-02,5.968584e-03,1.399428e-02,2.919632e-02,2.869173e-01
5.867837e-02,4.824930e-02,4.950130e-03,1.042177e-02,3.650376e-03,6.277355e-02,9.090826e-04,1.078839e-02,3.532816e-01,2.583001e-02,1.468310e-01,6.540213e-03,1.599113e-02,3.145412e-02,2.196511e-01
4.224041e-02,4.719705e-02,3.665703e-03,8.728277e-03,3.389116e-03,4.566338e-02,7.075877e-04,7.846149e-03,2.773891e-01,1.906421e-02,2.971851e-01,9.596072e-03,1.801816e-02,4.461330e-02,1.746964e-01
2.988130e-02,4.952763e-02,2.972265e-03,7.751743e-03,2.655852e-03,3.251464e-02,5.115098e-04,5.524986e-03,3.631250e-01,1.540221e-02,2.940345e-01,1.853376e-02,1.594555e-02,3.866467e-02,1.229544e-01
2.182768e-02,3.702811e-02,2.231352e-03,6.112452e-03,2.249616e-03,2.386408e-02,4.372165e-04,3.997053e-03,2.798747e-01,1.175396e-02,4.047044e-01,2.646214e-02,1.620781e-02,7.508944e-02,8.816001e-02
1.627750e-02,2.821696e-02,1.726362e-03,5.392432e-03,2.492481e-03,1.880568e-02,3.831669e-04,3.060407e-03,2.090916e-01,9.126091e-03,5.065632e-01,4.798101e-02,1.509565e-02,7.272971e-02,6.305773e-02
1.240336e-02,2.100077e-02,1.470840e-03,4.684265e-03,2.558626e-03,1.530035e-02,4.251458e-04,2.550858e-03,1.548880e-01,6.958517e-03,6.049448e-01,4.955345e-02,1.368266e-02,6.408463e-02,4.549376e-02
9.843048e-03,1.576731e-02,1.257803e-03,4.221776e-03,3.358076e-03,1.234082e-02,4.871961e-04,2.176294e-03,1.232405e-01,5.402612e-03,6.750196e-01,4.779632e-02,1.323535e-02,5.189814e-02,3.395516e-02
1.307015e-02,1.380833e-02,1.316655e-03,6.118642e-03,4.862084e-03,1.179834e-02,6.280037e-04,2.088272e-03,1.035356e-01,4.773060e-03,6.897876e-01,5.801438e-02,1.810287e-02,4.703599e-02,2.506001e-02
1.143446e-02,1.389330e-02,1.536217e-03,5.938382e-03,8.237682e-03,1.107417e-02,8.956783e-04,3.010181e-03,1.078218e-01,4.619495e-03,6.958249e-01,5.162008e-02,2.559792e-02,3.939130e-02,1.910452e-02
1.289809e-02,2.469162e-02,4.087164e-03,1.775124e-02,2.345780e-02,1.022626e-02,1.826779e-03,3.725243e-02,1.591911e-01,5.760984e-03,5.780365e-01,4.098035e-02,3.431721e-02,3.355021e-02,1.597223e-02
1.530598e-02,5.047646e-02,1.231515e-02,4.402267e-02,3.655597e-02,1.006316e-02,2.322724e-03,1.149542e-01,1.638591e-01,5.435843e-03,4.444020e-01,3.040559e-02,2.927625e-02,2.669810e-02,1.390684e-02
1.820695e-02,9.162961e-02,1.481641e-02,4.185493e-02,5.500937e-02,2.625467e-02,2.843411e-03,1.029532e-01,2.234228e-01,4.856114e-03,3.356728e-01,2.231261e-02,2.250892e-02,2.227610e-02,1.538211e-02
2.001320e-02,1.177160e-01,1.933980e-02,5.238412e-02,7.201765e-02,4.823704e-02,3.193456e-03,8.621909e-02,2.738330e-01,4.718873e-03,2.365177e-01,1.586283e-02,1.696399e-02,1.607567e-02,1.690757e-02
2.306818e-02,1.021677e-01,1.608960e-02,4.232358e-02,1.097969e-01,4.546456e-02,3.592881e-03,1.126052e-01,3.252690e-01,3.626059e-03,1.660598e-01,1.128012e-02,1.298914e-02,1.149932e-02,1.416804e-02
2.191014e-02,7.333318e-02,1.180641e-02,3.526789e-02,1.087303e-01,3.396508e-02,3.467618e-03,2.578719e-01,2.993154e-01,2.544946e-03,1.164836e-01,7.936079e-03,9.305041e-03,8.092701e-03,9.969744e-03
2.668151e-02,5.196640e-02,9.185838e-03,3.380640e-02,9.146495e-02,2.526901e-02,2.994198e-03,4.248132e-01,2.254638e-01,1.784341e-03,8.165924e-02,5.582036e-03,6.639245e-03,5.696883e-03,6.992998e-03
3.038244e-02,3.669814e-02,6.774520e-03,2.816472e-02,7.357333e-02,1.898462e-02,2.351593e-03,5.618895e-01,1.650181e-01,1.253234e-03,5.728388e-02,3.946972e-03,4.760898e-03,4.004754e-03,4.913314e-03
5.154705e-02,2.758795e-02,7.697941e-03,2.336283e-02,5.270160e-02,2.004236e-02,1.830867e-03,5.024083e-01,1.186678e-01,1.925271e-03,8.408204e-02,3.530157e-02,6.502005e-02,3.089927e-03,4.734536e-03
9.137227e-02,2.256004e-02,6.614892e-03,2.189625e-02,4.006510e-02,5.421643e-02,2.121255e-03,3.854335e-01,9.354822e-02,1.750207e-03,7.355537e-02,4.581078e-02,1.532102e-01,2.502421e-03,5.343179e-03
1.191176e-01,1.639826e-02,5.226765e-03,1.899542e-02,3.049978e-02,6.735940e-02,2.552161e-03,2.854864e-01,7.169396e-02,1.549118e-03,7.146104e-02,5.383626e-02,2.487954e-01,2.266906e-03,4.761531e-03
9.493375e-02,1.239149e-02,4.837541e-03,1.652192e-02,2.361105e-02,9.296991e-02,3.417278e-03,2.065550e-01,6.086726e-02,1.450729e-03,6.600083e-02,9.026024e-02,3.193776e-01,2.250357e-03,4.555040e-03
7.241351e-02,9.214604e-03,4.525376e-03,1.295255e-02,1.954048e-02,1.408379e-01,3.089960e-03,1.456069e-01,4.599753e-02,1.185742e-03,5.805726e-02,1.056180e-01,3.747247e-01,2.190012e-03,4.045441e-03
5.129392e-02,6.731653e-03,4.119746e-03,9.485823e-03,1.629799e-02,1.513638e-01,2.647047e-03,1.021811e-01,3.434441e-02,1.057463e-03,5.161004e-02,1.582087e-01,4.054672e-01,1.908835e-03,3.282324e-03
3.658239e-02,5.046895e-03,3.492226e-03,6.773575e-03,1.311702e-02,1.211281e-01,2.109621e-03,7.171875e-02,2.571501e-02,1.122108e-03,4.279483e-02,2.284590e-01,4.372660e-01,1.836075e-03,2.838395e-03
2.779353e-02,4.221515e-03,2.741154e-03,5.031348e-03,1.140033e-02,9.302022e-02,1.890145e-03,5.038008e-02,2.169734e-02,2.915616e-03,3.953870e-02,3.422544e-01,3.919385e-01,2.521524e-03,2.655620e-03
2.558524e-02,3.299467e-03,2.357303e-03,3.739595e-03,1.343749e-02,7.047080e-02,2.962713e-03,3.654408e-02,2.059950e-02,1.077847e-02,3.553063e-02,4.561962e-01,3.094847e-01,6.117868e-03,2.895955e-03
2.436537e-02,3.373070e-03,2.291308e-03,2.830010e-03,1.276192e-02,5.040784e-02,2.286095e-03,2.630935e-02,1.768002e-02,2.468515e-02,3.902448e-02,5.394580e-01,2.409217e-01,1.047785e-02,3.127781e-03
1.904579e-02,2.594820e-03,2.202529e-03,2.151085e-03,1.070388e-02,3.602040e-02,1.750556e-03,1.995371e-02,1.565545e-02,2.861684e-02,4.059217e-02,6.249695e-01,1.795276e-01,1.375035e-02,2.465248e-03
1.349270e-02,1.934513e-03,1.764912e-03,1.574871e-03,8.084889e-03,2.528373e-02,1.247709e-03,1.434475e-02,1.608590e-02,2.236896e-02,4.258362e-02,7.010814e-01,1.309401e-01,1.728382e-02,1.928078e-03
9.801441e-03,1.509823e-03,1.448092e-03,1.157613e-03,5.882525e-03,1.776636e-02,8.941249e-04,1.046128e-02,1.733813e-02,1.945216e-02,4.545556e-02,7.399046e-01,1.001572e-01,2.721913e-02,1.551875e-03
8.204019e-03,2.115473e-03,3.364335e-03,9.156243e-04,4.632313e-03,1.268111e-02,6.828788e-04,8.367085e-03,1.549855e-02,1.852692e-02,7.225866e-02,7.329399e-01,7.488114e-02,4.321936e-02,1.712584e-03
6.661008e-03,2.213509e-03,4.410533e-03,7.178356e-04,3.442051e-03,8.964686e-03,5.052622e-04,6.011492e-03,1.373792e-02,1.515537e-02,7.103169e-02,7.509302e-01,5.523288e-02,5.936783e-02,1.617720e-03
1.533409e-02,5.388614e-03,1.336164e-02,9.167438e-04,3.804495e-03,6.624947e-03,3.972843e-04,4.766526e-03,1.461905e-02,2.026529e-02,7.888824e-02,7.120172e-01,4.938108e-02,7.192908e-02,2.305698e-03
1.977970e-02,7.974761e-03,1.694927e-02,9.637641e-04,3.696706e-03,4.983673e-03,3.353900e-04,4.106617e-03,5.083386e-02,1.794803e-02,7.034028e-02,6.257782e-01,3.960455e-02,1.346409e-01,2.064265e-03
2.914730e-02,3.976000e-02,7.393382e-02,1.821443e-03,3.920826e-03,5.653706e-03,3.133696e-04,4.298761e-03,6.607229e-02,2.167013e-02,1.306998e-01,4.706208e-01,3.165213e-02,1.184034e-01,2.032204e-03
2.510410e-02,2.369487e-01,6.460459e-02,1.758169e-03,4.377507e-03,7.714724e-03,2.480302e-04,3.798586e-03,7.317887e-02,1.774019e-02,1.127761e-01,3.300614e-01,2.226843e-02,9.453866e-02,4.882039e-03
2.030005e-02,3.799756e-01,6.910896e-02,4.921197e-03,5.368086e-03,7.188212e-03,2.585111e-04,4.026989e-03,8.093987e-02,1.349028e-02,8.861228e-02,2.319393e-01,1.583309e-02,7.204877e-02,5.988761e-03
1.701119e-02,3.220723e-01,7.361578e-02,1.534334e-02,4.851779e-03,6.779653e-03,2.055513e-04,3.338316e-03,2.339644e-01,1.302456e-02,6.512907e-02,1.626529e-01,1.148882e-02,5.476926e-02,1.575306e-02
1.550596e-02,3.966921e-01,6.209967e-02,2.989172e-02,4.813745e-03,1.077790e-02,1.533498e-04,3.342442e-03,2.327527e-01,1.163445e-02,4.672729e-02,1.140914e-01,8.244525e-03,4.153733e-02,2.173536e-02
2.192656e-02,4.895592e-01,5.392501e-02,2.343415e-02,9.402642e-03,2.055168e-02,1.582157e-04,6.744846e-03,1.870639e-01,8.311355e-03,3.355208e-02,7.998884e-02,6.085733e-03,3.225091e-02,2.704494e-02
2.437265e-02,4.213405e-01,6.494819e-02,8.154137e-02,2.737901e-02,2.072160e-02,3.383819e-04,2.430994e-02,1.818059e-01,7.144297e-03,2.396800e-02,5.609134e-02,4.374836e-03,2.289956e-02,3.876450e-02
3.549852e-02,3.842366e-01,7.138944e-02,7.916781e-02,3.150895e-02,2.191052e-02,4.273019e-04,3.537305e-02,1.645453e-01,7.759245e-03,1.747637e-02,3.941180e-02,3.255802e-03,1.698329e-02,9.105608e-02
2.991800e-02,2.863138e-01,6.267489e-02,6.310476e-02,2.278621e-02,1.765078e-02,3.147420e-04,3.079632e-02,1.436425e-01,1.056149e-02,1.272571e-02,2.771102e-02,2.487485e-03,1.215433e-02,2.771581e-01
3.341633e-02,2.299880e-01,5.687610e-02,4.566058e-02,2.006657e-02,1.439966e-02,2.562130e-04,2.345378e-02,1.107292e-01,2.907153e-02,9.185572e-03,1.943954e-02,2.044397e-03,9.552807e-03,3.958598e-01
4.871159e-02,2.029451e-01,5.093010e-02,1.239817e-01,3.984975e-02,1.514855e-02,4.840192e-04,3.481230e-02,9.383219e-02,2.195862e-02,7.321200e-03,1.390248e-02,3.287649e-03,7.171611e-03,3.356631e-01
3.993588e-02,1.471774e-01,5.066245e-02,2.449948e-01,3.014832e-02,1.097404e-02,3.526668e-04,2.501334e-02,9.281653e-02,1.699655e-02,8.323212e-03,1.009244e-02,2.986951e-03,6.021401e-03,3.135041e-01
3.310570e-02,1.104837e-01,4.603256e-02,1.752618e-01,2.283984e-02,8.392093e-03,2.634067e-04,1.791483e-02,8.074601e-02,1.201125e-02,7.617815e-03,7.155114e-03,2.343220e-03,2.520688e-02,4.506257e-01
2.373979e-02,8.894317e-02,3.681017e-02,1.230080e-01,1.637168e-02,6.734734e-03,2.159342e-04,1.261117e-02,1.493844e-01,9.395032e-03,4.865691e-02,5.655638e-03,3.303617e-03,1.199382e-01,3.552315e-01
1.738864e-02,6.502482e-02,3.469703e-02,8.886863e-02,1.231301e-02,7.046360e-03,2.701142e-04,8.986075e-03,1.610288e-01,8.870430e-03,4.959188e-02,6.718845e-03,6.848223e-03,2.445386e-01,2.878085e-01
1.582917e-02,4.945257e-02,2.910132e-02,6.591852e-02,1.065183e-02,1.125987e-02,2.712605e-04,6.418694e-03,1.976885e-01,1.115960e-02,4.879455e-02,6.915286e-03,7.105269e-03,3.229587e-01,2.164749e-01
1.218423e-02,3.668704e-02,2.134391e-02,4.807213e-02,8.741248e-03,8.796508e-03,2.606833e-04,4.530211e-03,1.999707e-01,1.452443e-02,4.882926e-02,6.007273e-03,5.622703e-03,4.274185e-01,1.570111e-01
9.676795e-03,2.775050e-02,1.546007e-02,3.430333e-02,6.655954e-03,7.459618e-03,2.623944e-04,3.220379e-03,1.855296e-01,1.631522e-02,4.670531e-02,4.548893e-03,4.187977e-03,5.233393e-01,1.145846e-01
6.992014e-03,2.012547e-02,1.142071e-02,2.427739e-02,4.817894e-03,5.816011e-03,2.225238e-04,2.271188e-03,1.455706e-01,2.316223e-02,6.825706e-02,3.838327e-03,3.116901e-03,5.974512e-01,8.266044e-02
5.117867e-03,1.474527e-02,8.231722e-03,1.721580e-02,3.481986e-03,5.209281e-03,1.975004e-04,1.620301e-03,1.148178e-01,4.151198e-02,6.986102e-02,3.232507e-03,2.362959e-03,6.527198e-01,5.967415e-02
6.766247e-03,1.200251e-02,6.551155e-03,1.301843e-02,3.257889e-03,5.974017e-03,3.637014e-04,1.465200e-03,1.176343e-01,3.695589e-02,7.614998e-02,5.169067e-03,1.832638e-03,6.701216e-01,4.273733e-02
7.226882e-03,9.490863e-03,4.870134e-03,9.621691e-03,2.585522e-03,8.470639e-03,4.015284e-04,1.280485e-03,9.632759e-02,4.880916e-02,8.937609e-02,4.314401e-03,1.680639e-03,6.826932e-01,3.285110e-02
9.199278e-03,7.888526e-03,4.260750e-03,7.598326e-03,3.095110e-03,1.969805e-02,5.527184e-04,1.179649e-03,1.088211e-01,5.019961e-02,8.669277e-02,3.335928e-03,1.337421e-03,6.718972e-01,2.424352e-02
1.217737e-02,6.650629e-03,3.120277e-03,5.835127e-03,2.642233e-03,2.296690e-02,4.795356e-04,9.482434e-04,8.551455e-02,5.615023e-02,1.202170e-01,3.557276e-03,2.310720e-03,6.592512e-01,1.817869e-02
1.158338e-02,5.247377e-03,2.272669e-03,4.274005e-03,2.137734e-03,2.270886e-02,3.956232e-04,7.545164e-04,6.596933e-02,5.293099e-02,1.456544e-01,3.204718e-03,2.287326e-03,6.666344e-01,1.394457e-02
1.106995e-02,5.215021e-03,1.881835e-03,3.211942e-03,2.405339e-03,5.879651e-02,4.153063e-04,7.670464e-04,5.840647e-02,4.510329e-02,1.471401e-01,2.927646e-03,1.858482e-03,6.506823e-01,1.011877e-02
1.153822e-02,4.126620e-03,2.032597e-03,2.775800e-03,2.309695e-03,4.598360e-02,5.137058e-04,1.156509e-03,4.389261e-02,3.887750e-02,1.646018e-01,2.412322e-03,1.703458e-03,6.707544e-01,7.321104e-03
1.055289e-02,3.836237e-03,3.293357e-03,2.661637e-03,2.337679e-03,3.578011e-02,5.139179e-04,1.230198e-03,3.421725e-02,3.268510e-02,1.720305e-01,1.902880e-03,1.357292e-03,6.923190e-01,5.281835e-03
1.681679e-02,5.922910e-03,4.193264e-03,2.496264e-03,3.062947e-03,3.007741e-02,5.896493e-04,1.618817e-03,2.586243e-02,2.906177e-02,1.804119e-01,1.607463e-03,1.097522e-03,6.926109e-01,4.570034e-03
1.971738e-02,4.907914e-03,3.919463e-03,2.342977e-03,2.504635e-03,2.226641e-02,5.102686e-04,1.481626e-03,1.969356e-02,2.635366e-02,1.862521e-01,1.526140e-03,1.080315e-03,7.038375e-01,3.605995e-03
1.683235e-02,4.637721e-03,3.556362e-03,2.734616e-03,2.013704e-03,1.861020e-02,4.401583e-04,1.228892e-03,1.512088e-02,2.510285e-02,1.890334e-01,1.387401e-03,9.037247e-04,7.151575e-01,3.240252e-03
1.432836e-02,1.127556e-02,5.690988e-03,2.582084e-03,7.626630e-03,4.096324e-02,2.634933e-03,1.672908e-03,1.530697e-02,3.260687e-02,2.048022e-01,1.125517e-03,9.556199e-04,6.545996e-01,3.828463e-03
1.132208e-02,8.428664e-03,6.544103e-03,2.259512e-03,6.236425e-03,3.273924e-02,2.144359e-03,1.625123e-03,1.270303e-02,4.386285e-02,1.916757e-01,1.172121e-03,1.270197e-03,6.740676e-01,3.949000e-03
1.578347e-02,6.303265e-03,6.859698e-03,2.642545e-03,6.022856e-03,2.858114e-02,2.390185e-03,3.407094e-03,1.451357e-02,5.989397e-02,2.556460e-01,1.420923e-03,1.993242e-03,5.910686e-01,3.473416e-03
1.581947e-02,4.776617e-03,5.763609e-03,2.219913e-03,5.041612e-03,2.564890e-02,2.121283e-03,3.304409e-03,1.443650e-02,7.187117e-02,2.654070e-01,1.101653e-03,1.630241e-03,5.781043e-01,2.753362e-03
1.991268e-02,6.683844e-03,9.577656e-03,1.817251e-03,6.426100e-03,6.496506e-02,2.230889e-03,2.981228e-03,3.942319e-02,7.464729e-02,2.588008e-01,9.948559e-04,1.574440e-03,5.069395e-01,3.025174e-03
4.292674e-02,7.014399e-03,4.062849e-02,1.427399e-02,2.217780e-02,7.996312e-02,3.458613e-03,2.667557e-02,8.685116e-02,9.298909e-02,2.069001e-01,1.950051e-03,2.149446e-03,3.684488e-01,3.592586e-03
6.189306e-02,1.115885e-02,6.559840e-02,1.946837e-02,2.827575e-02,1.250156e-01,3.733108e-03,2.377298e-02,1.240958e-01,1.054195e-01,1.501455e-01,1.762153e-03,2.209881e-03,2.658961e-01,1.155490e-02
9.307553e-02,1.907470e-02,8.670174e-02,1.794675e-02,6.618476e-02,1.583204e-01,2.807551e-03,1.709311e-02,1.218159e-01,8.683417e-02,1.223588e-01,1.469097e-03,1.868558e-03,1.930114e-01,1.143745e-02
9.842989e-02,1.688443e-02,1.526333e-01,1.071687e-01,6.756768e-02,1.136617e-01,2.299748e-03,1.659055e-02,1.196384e-01,6.494647e-02,8.946185e-02,1.505048e-03,1.494298e-03,1.384808e-01,9.237222e-03
1.286531e-01,2.559830e-02,2.234012e-01,8.292403e-02,1.081991e-01,8.976929e-02,1.852318e-03,1.222397e-02,9.849270e-02,4.871768e-02,6.527919e-02,1.556451e-03,1.342927e-03,1.045297e-01,7.459997e-03
1.246478e-01,2.812057e-02,1.734571e-01,1.800481e-01,1.378538e-01,7.263368e-02,1.774579e-03,1.203742e-02,9.225731e-02,3.447665e-02,5.074332e-02,4.998907e-03,2.970458e-03,7.587459e-02,8.105755e-03
2.066542e-01,4.100113e-02,1.377867e-01,1.458673e-01,1.436655e-01,6.875695e-02,1.638450e-03,1.101102e-02,9.080598e-02,2.687365e-02,4.462958e-02,7.923078e-03,5.401385e-03,5.809575e-02,9.889325e-03
2.242365e-01,3.357681e-02,1.044915e-01,1.587247e-01,1.546398e-01,5.699886e-02,1.686831e-03,1.023459e-02,9.225424e-02,1.964404e-02,4.300887e-02,3.421763e-02,1.101154e-02,4.492811e-02,1.034603e-02
2.555807e-01,2.731486e-02,8.888926e-02,1.496827e-01,1.626354e-01,4.219748e-02,1.768294e-03,1.028581e-02,8.850359e-02,1.423483e-02,4.376888e-02,5.414856e-02,1.230737e-02,3.813826e-02,1.054401e-02
2.791064e-01,2.607465e-02,6.772976e-02,1.295726e-01,1.530074e-01,3.359703e-02,1.644297e-03,9.839173e-03,1.020498e-01,1.113742e-02,4.632133e-02,7.724127e-02,1.299053e-02,3.722728e-02,1.246116e-02
2.596120e-01,2.383975e-02,5.483169e-02,1.312625e-01,1.158467e-01,3.135016e-02,2.320803e-03,1.152533e-02,9.258457e-02,9.359561e-03,4.711766e-02,1.479293e-01,2.434748e-02,3.721275e-02,1.085986e-02
2.167376e-01,1.932953e-02,4.145277e-02,1.027156e-01,1.087889e-01,1.946520e-01,1.732648e-02,9.398066e-03,7.045437e-02,7.578883e-03,3.502610e-02,1.172572e-01,2.180012e-02,2.775251e-02,9.729908e-03
1.806512e-01,2.013821e-02,3.569916e-02,7.674626e-02,1.210639e-01,2.551521e-01,2.833318e-02,6.438673e-02,5.042341e-02,6.044370e-03,2.607649e-02,8.625002e-02,2.132000e-02,1.998663e-02,7.728424e-03
1.382042e-01,1.465036e-02,2.670142e-02,5.461890e-02,1.238776e-01,1.965079e-01,1.547291e-01,1.319922e-01,3.555280e-02,6.289810e-03,1.888546e-02,6.115016e-02,1.699092e-02,1.415718e-02,5.692082e-03
1.290328e-01,1.087676e-02,2.082822e-02,3.889923e-02,1.073156e-01,1.579140e-01,2.465445e-01,1.719789e-01,2.529315e-02,5.106478e-03,1.372914e-02,4.340753e-02,1.483962e-02,9.973465e-03,4.260550e-03
9.825689e-02,7.784601e-03,1.570749e-02,2.759927e-02,8.567815e-02,1.161044e-01,1.918273e-01,3.736110e-01,1.778843e-02,3.736374e-03,9.966198e-03,3.051187e-02,1.137999e-02,6.988182e-03,3.059879e-03
7.417685e-02,5.581039e-03,1.161908e-02,1.956649e-02,6.614758e-02,8.923039e-02,1.517261e-01,5.212886e-01,1.258021e-02,2.764469e-03,7.373519e-03,2.145461e-02,9.318713e-03,4.898400e-03,2.273930e-03
5.491521e-02,3.925378e-03,8.306911e-03,1.375624e-02,4.875977e-02,6.338298e-02,1.163175e-01,6.478657e-01,8.817876e-03,1.948137e-03,5.181849e-03,1.502790e-02,6.744651e-03,3.429349e-03,1.620586e-03
4.058504e-02,2.800475e-03,7.225093e-03,9.781986e-03,3.981050e-02,4.700626e-02,9.252694e-02,7.288841e-01,6.202833e-03,1.493309e-03,3.781878e-03,1.057182e-02,5.668977e-03,2.406765e-03,1.254038e-03
2.972502e-02,2.020343e-03,1.308382e-02,7.077723e-03,3.325020e-02,3.674056e-02,6.947056e-02,7.851187e-01,4.450793e-03,1.883371e-03,2.781529e-03,7.471125e-03,4.149935e-03,1.692152e-03,1.084210e-03
2.182561e-02,1.510814e-03,1.453387e-02,5.250805e-03,2.889600e-02,2.725933e-02,5.174000e-02,8.309945e-01,3.235506e-03,2.042786e-03,2.042654e-03,5.300990e-03,3.285515e-03,1.201406e-03,8.802759e-04
1.637960e-02,1.080526e-03,1.086803e-02,4.093151e-03,2.516031e-02,1.937900e-02,3.704451e-02,8.001339e-01,3.118197e-03,7.612831e-03,1.714719e-02,2.327204e-02,2.655476e-02,6.288788e-03,1.867187e-03
1.186451e-02,8.217587e-04,7.667214e-03,3.185585e-03,1.816064e-02,1.366951e-02,2.617372e-02,5.983114e-01,2.418948e-03,2.595710e-02,4.466724e-02,7.666333e-02,1.334113e-01,3.017486e-02,6.852938e-03
8.365327e-03,7.990490e-04,5.389617e-03,2.329515e-03,1.285207e-02,9.603551e-03,1.836161e-02,4.204183e-01,3.012022e-03,1.918606e-02,4.141305e-02,5.567214e-02,3.280970e-01,3.297539e-02,4.152535e-02
5.997889e-03,6.926184e-04,3.806272e-03,1.916046e-03,9.197284e-03,6.762389e-03,1.291281e-02,2.968452e-01,1.094086e-02,1.432404e-02,4.694685e-02,5.406334e-02,4.660380e-01,3.082743e-02,3.872904e-02
4.275762e-03,7.997679e-04,2.709773e-03,3.379372e-03,7.029439e-03,4.945997e-03,9.124118e-03,2.080063e-01,5.813345e-02,2.421877e-02,1.211753e-01,4.475314e-02,3.825178e-01,5.065924e-02,7.827182e-02
3.018326e-03,9.274824e-04,1.942672e-03,4.181560e-03,5.224341e-03,3.527409e-03,6.414947e-03,1.457570e-01,1.132694e-01,1.885354e-02,1.136698e-01,3.827169e-02,4.161703e-01,6.700809e-02,6.176344e-02
2.196900e-03,8.388986e-04,1.539237e-03,4.977238e-03,4.034936e-03,2.605057e-03,4.606421e-03,1.061116e-01,1.807487e-01,1.704065e-02,1.076780e-01,4.493279e-02,3.776453e-01,9.805021e-02,4.699412e-02
1.579360e-03,1.228039e-03,1.205898e-03,3.618795e-03,3.101953e-03,1.885080e-03,3.241483e-03,7.466870e-02,3.422530e-01,1.373074e-02,7.886324e-02,4.023299e-02,2.839119e-01,1.151340e-01,3.534476e-02
1.174566e-03,1.213870e-03,9.445593e-04,2.615702e-03,2.359710e-03,1.423871e-03,2.280965e-03,5.244029e-02,4.584965e-01,1.068013e-02,5.762475e-02,3.281322e-02,2.026108e-01,1.474725e-01,2.584866e-02
1.057717e-03,1.530298e-03,2.095164e-03,2.279887e-03,2.058884e-03,1.946272e-03,1.625647e-03,3.691743e-02,5.521144e-01,8.036729e-03,4.139650e-02,2.394767e-02,1.425759e-01,1.625989e-01,1.981861e-02
1.008116e-03,1.384226e-03,1.894776e-03,1.688552e-03,1.681104e-03,1.812800e-03,1.143777e-03,2.593750e-02,6.239104e-01,5.776185e-03,2.945323e-02,1.692473e-02,9.998550e-02,1.729153e-01,1.448380e-02
1.333377e-03,3.880507e-03,5.149161e-03,1.446538e-03,1.987239e-03,2.314622e-03,8.180374e-04,1.878921e-02,5.406919e-01,4.211131e-03,2.105001e-02,1.193857e-02,7.042785e-02,3.052252e-01,1.073659e-02
2.084262e-03,5.576905e-03,1.850749e-02,1.832871e-03,6.086080e-03,3.027827e-03,6.583189e-04,1.412108e-02,5.707379e-01,3.297197e-03,1.563579e-02,8.598495e-03,4.999793e-02,2.913440e-01,8.493796e-03
5.949494e-03,1.258270e-02,4.758254e-02,2.655451e-03,9.882440e-03,7.395842e-03,7.613907e-04,1.229328e-02,5.759661e-01,2.629639e-03,1.214743e-02,6.230869e-03,3.548389e-02,2.618799e-01,6.559089e-03
1.078566e-02,4.260860e-02,5.534539e-02,6.713068e-03,1.439700e-02,8.103920e-03,7.122933e-04,1.512308e-02,5.160152e-01,2.469253e-03,9.682759e-03,4.726289e-03,2.530492e-02,2.808316e-01,7.180999e-03
1.830931e-02,5.940846e-02,4.797605e-02,6.433827e-03,1.166934e-02,6.960623e-03,5.748679e-04,1.377867e-02,4.839051e-01,2.346879e-03,8.312014e-03,3.443218e-03,1.791604e-02,3.101094e-01,8.856244e-03
2.272246e-02,7.662450e-02,4.628418e-02,1.194717e-02,1.164963e-02,6.650103e-03,5.051896e-04,1.696821e-02,4.684702e-01,2.897012e-03,7.928818e-03,2.600548e-03,1.295514e-02,2.991636e-01,1.263331e-02
1.799895e-02,7.703075e-02,3.446066e-02,8.980630e-03,8.623272e-03,5.738149e-03,3.687048e-04,1.213022e-02,4.626402e-01,4.680904e-03,1.662558e-02,2.093391e-03,1.009602e-02,3.170224e-01,2.151020e-02
1.905289e-02,1.015638e-01,2.507684e-02,8.283839e-03,7.410998e-03,7.550625e-03,3.669089e-04,1.068048e-02,4.511336e-01,5.901305e-03,1.925014e-02,1.849173e-03,8.413723e-03,3.122057e-01,2.126002e-02
1.500824e-02,1.821209e-01,1.775604e-02,7.362787e-03,5.984345e-03,6.882471e-03,2.667569e-04,7.731172e-03,4.630748e-01,6.741174e-03,1.601354e-02,1.441712e-03,6.632692e-03,2.418075e-01,2.117586e-02
1.180479e-02,1.935859e-01,1.251457e-02,9.543983e-03,4.828701e-03,6.977147e-03,1.974091e-04,5.721380e-03,5.263325e-01,6.376862e-03,1.243862e-02,1.107303e-03,5.298148e-03,1.781602e-01,2.511249e-02
9.611644e-03,1.968465e-01,9.051719e-03,1.595796e-02,4.259208e-03,1.405524e-02,1.547646e-04,4.846380e-03,5.605212e-01,5.977663e-03,9.571118e-03,8.265059e-04,5.138931e-03,1.350096e-01,2.817145e-02
8.818586e-03,1.563086e-01,7.316086e-03,3.011591e-02,3.564581e-03,2.641688e-02,1.497782e-04,5.345981e-03,6.176035e-01,4.869354e-03,9.923803e-03,6.941851e-04,4.325563e-03,9.991255e-02,2.463458e-02
1.257181e-02,1.481028e-01,5.523153e-03,2.537364e-02,4.577130e-03,1.955849e-01,1.618974e-04,1.371312e-02,4.859032e-01,3.665037e-03,7.751066e-03,5.703687e-04,3.226972e-03,7.342471e-02,1.985019e-02
2.169416e-02,1.213491e-01,5.832622e-03,5.932968e-02,1.148174e-02,2.119593e-01,4.212557e-04,3.993561e-02,4.396132e-01,3.389875e-03,6.088506e-03,5.507392e-04,2.659647e-03,5.423035e-02,2.146418e-02
3.049084e-02,1.070732e-01,6.208431e-03,4.820002e-02,2.166789e-02,2.227567e-01,6.322108e-04,1.270564e-01,3.711163e-01,2.432734e-03,4.413411e-03,4.634309e-04,2.183404e-03,3.836266e-02,1.694235e-02
2.732867e-02,7.996882e-02,6.702790e-03,3.895221e-02,1.951608e-02,1.693708e-01,8.228073e-04,3.382287e-01,2.706581e-01,1.861781e-03,3.161744e-03,3.711083e-04,1.692653e-03,2.701128e-02,1.435252e-02
2.039906e-02,5.683939e-02,6.779669e-03,2.779468e-02,1.449132e-02,1.199047e-01,6.377126e-04,5.264395e-01,1.920270e-01,1.402696e-03,2.249980e-03,2.714953e-04,1.211278e-03,1.894082e-02,1.061075e-02
1.671272e-02,4.091018e-02,5.162924e-03,1.960890e-02,1.108273e-02,8.426613e-02,4.922415e-04,6.613584e-01,1.359254e-01,9.889605e-04,1.605263e-03,2.060923e-04,8.897997e-04,1.327189e-02,7.518325e-03
1.320010e-02,2.884962e-02,4.292587e-03,1.377063e-02,8.504768e-03,5.909172e-02,6.272045e-04,7.590895e-01,9.531927e-02,6.965935e-04,1.139312e-03,1.476211e-04,6.739506e-04,9.308391e-03,5.288751e-03
1.083379e-02,2.032222e-02,3.529542e-03,9.737725e-03,6.461237e-03,4.168920e-02,6.059308e-04,8.276858e-01,6.685944e-02,4.927273e-04,8.628576e-04,1.180391e-04,5.226830e-04,6.530335e-03,3.748476e-03
1.298555e-02,1.449954e-02,3.842077e-03,7.176450e-03,4.972788e-03,3.137287e-02,5.269623e-04,8.677281e-01,4.702997e-02,3.719164e-04,8.792239e-04,1.939710e-04,6.043126e-04,4.629042e-03,3.187233e-03
1.801987e-02,1.035699e-02,4.096820e-03,5.546044e-03,3.806836e-03,2.379222e-02,2.447923e-03,8.907865e-01,3.342572e-02,2.798139e-04,8.227690e-04,2.619526e-04,6.161832e-04,3.284678e-03,2.455674e-03
2.300830e-02,7.388876e-03,3.693374e-03,4.353646e-03,2.882492e-03,1.922018e-02,2.762211e-03,9.065086e-01,2.379733e-02,2.140251e-04,7.640243e-04,3.147934e-04,6.046032e-04,2.366822e-03,2.120784e-03
2.250437e-02,5.259544e-03,3.790818e-03,3.231521e-03,2.192502e-03,1.765926e-02,4.408408e-03,9.173583e-01,1.694309e-02,2.817870e-04,9.252680e-04,3.253878e-04,8.475803e-04,1.703751e-03,2.568416e-03
2.159530e-02,3.758614e-03,4.679949e-03,2.813673e-03,1.855980e-03,2.096969e-02,4.691063e-03,9.186324e-01,1.211856e-02,8.290481e-04,1.049070e-03,3.441598e-04,7.493194e-04,1.332677e-03,4.580519e-03
2.878080e-02,2.736938e-03,3.998849e-03,2.487741e-03,1.558631e-03,3.773082e-02,3.540420e-03,9.023655e-01,8.731693e-03,8.058763e-04,9.699035e-04,4.075136e-04,6.754929e-04,9.857081e-04,4.224152e-03
3.616649e-02,2.280534e-03,3.344875e-03,3.184138e-03,1.537495e-03,2.338354e-01,2.682748e-03,6.491433e-01,1.260556e-02,4.227184e-03,1.186349e-02,4.288398e-03,1.269853e-02,4.129062e-03,1.801285e-02
3.060490e-02,1.687128e-03,2.670934e-03,3.742505e-03,1.194856e-03,3.949805e-01,1.948614e-03,4.565013e-01,9.861226e-03,4.845079e-03,1.898203e-02,5.185640e-03,2.425129e-02,8.711360e-03,3.483272e-02
2.311680e-02,1.343828e-03,2.074386e-03,4.615700e-03,1.015632e-03,3.933541e-01,1.470520e-03,3.216659e-01,8.747552e-03,6.719145e-03,3.248220e-02,6.531775e-03,6.129860e-02,1.390849e-02,1.216555e-01
1.807988e-02,1.870617e-03,1.800290e-03,2.416837e-02,1.169613e-03,3.528293e-01,1.168506e-03,2.286968e-01,5.719618e-02,5.726843e-03,4.136489e-02,1.067629e-02,1.207074e-01,1.489115e-02,1.196540e-01
1.405207e-02,1.540024e-03,1.287610e-03,1.835899e-02,9.876112e-04,2.561878e-01,9.955580e-04,1.608083e-01,7.903925e-02,4.641187e-03,4.543566e-02,2.856642e-02,1.870771e-01,4.433943e-02,1.566831e-01
1.066840e-02,1.260215e-03,9.129142e-04,1.318188e-02,1.131885e-03,1.811070e-01,8.154089e-04,1.127335e-01,1.655495e-01,8.711419e-03,5.202047e-02,2.610736e-02,1.581048e-01,9.105789e-02,1.766374e-01
7.818876e-03,9.729740e-04,6.547272e-04,9.649989e-03,1.040850e-03,1.279913e-01,6.707941e-04,7.903858e-02,2.261272e-01,1.169403e-02,5.423586e-02,3.524054e-02,1.390083e-01,1.691939e-01,1.366621e-01
5.760591e-03,7.874527e-04,4.756147e-04,7.004778e-03,9.539701e-04,8.975162e-02,5.012178e-04,5.535274e-02,3.084469e-01,1.216997e-02,1.210380e-01,3.320034e-02,1.030307e-01,1.609334e-01,1.005926e-01
4.564940e-03,6.828919e-04,3.544257e-04,5.097394e-03,7.459131e-04,6.301043e-02,3.746202e-04,3.879219e-02,3.313581e-01,1.214977e-02,1.611935e-01,3.548033e-02,7.598719e-02,1.947921e-01,7.541619e-02
3.494651e-03,6.473322e-04,2.866119e-04,3.936423e-03,1.230380e-03,4.427351e-02,3.208512e-04,2.724570e-02,2.518428e-01,1.289268e-02,3.251569e-01,3.642000e-02,5.521154e-02,1.742991e-01,6.274164e-02
2.487830e-03,5.320893e-04,2.506443e-04,2.890956e-03,1.487697e-03,3.106715e-02,2.533099e-04,1.909527e-02,1.777679e-01,1.209144e-02,4.705459e-01,2.956979e-02,3.939287e-02,1.637040e-01,4.886321e-02
1.761556e-03,4.802150e-04,2.732449e-04,2.107802e-03,1.396426e-03,2.186772e-02,1.989694e-04,1.338268e-02,1.250191e-01,9.639223e-03,6.000432e-01,2.270295e-02,2.802362e-02,1.364964e-01,3.660688e-02
1.440851e-03,1.625220e-03,6.780631e-04,1.749992e-03,3.273009e-03,1.637639e-02,4.710070e-04,9.473071e-03,8.821405e-02,1.275271e-02,6.342691e-01,1.858385e-02,2.015596e-02,1.631224e-01,2.781438e-02
1.147044e-03,1.641098e-03,6.372185e-04,1.680204e-03,4.324073e-03,1.213733e-02,5.412966e-04,6.719535e-03,6.219378e-02,1.401820e-02,6.467041e-01,1.618490e-02,1.513708e-02,1.920512e-01,2.488300e-02
9.281111e-04,1.332236e-03,5.098435e-04,1.399487e-03,5.389010e-03,8.802948e-03,5.804435e-04,4.792058e-03,4.395948e-02,1.657806e-02,6.394316e-01,1.639842e-02,1.238334e-02,2.212204e-01,2.629452e-02
6.742435e-04,9.798050e-04,4.305542e-04,1.173937e-03,5.965557e-03,6.525069e-03,5.852019e-04,3.381345e-03,3.132204e-02,1.440006e-02,6.856067e-01,1.391607e-02,1.222226e-02,1.986865e-01,2.413059e-02
5.001460e-04,7.384031e-04,4.160880e-04,9.912613e-04,1.278640e-02,4.962945e-03,7.917635e-04,2.418341e-03,2.277084e-02,1.381493e-02,6.602595e-01,1.261458e-02,1.202852e-02,2.276834e-01,2.722279e-02
4.522997e-04,5.938409e-04,6.367253e-04,1.124352e-03,1.500774e-02,3.925560e-03,1.189795e-03,1.838716e-03,1.879041e-02,1.679222e-02,6.469079e-01,1.464959e-02,1.260502e-02,2.441568e-01,2.132894e-02
5.036802e-04,8.398830e-04,2.709279e-03,1.382987e-03,4.538714e-02,4.565752e-03,2.856676e-03,2.139479e-03,4.523975e-02,2.379199e-02,5.482209e-01,1.620269e-02,1.135596e-02,2.763041e-01,1.849979e-02
