1.000000e+00,0.000000e+00,0.000000e+00,0.000000e+00,0.000000e+00,0.000000e+00,0.000000e+00,0.000000e+00,0.000000e+00,0.000000e+00,0.000000e+00,0.000000e+00,0.000000e+00,0.000000e+00,0.000000e+00
1.000000e+00,0.000000e+00,0.000000e+00,0.000000e+00,0.000000e+00,0.000000e+00,0.000000e+00,0.000000e+00,0.000000e+00,0.000000e+00,0.000000e+00,0.000000e+00,0.000000e+00,0.000000e+00,0.000000e+00
1.000000e+00,0.000000e+00,0.000000e+00,0.000000e+00,0.000000e+00,0.000000e+00,0.000000e+00,0.000000e+00,0.000000e+00,0.000000e+00,0.000000e+00,0.000000e+00,0.000000e+00,0.000000e+00,0.000000e+00
1.000000e+00,0.000000e+00,0.000000e+00,0.000000e+00,0.000000e+00,0.000000e+00,0.000000e+00,0.000000e+00,0.000000e+00,0.000000e+00,0.000000e+00,0.000000e+00,0.000000e+00,0.000000e+00,0.000000e+00
1.000000e+00,0.000000e+00,0.000000e+00,0.000000e+00,0.000000e+00,0.000000e+00,0.000000e+00,0.000000e+00,0.000000e+00,0.000000e+00,0.000000e+00,0.000000e+00,0.000000e+00,0.000000e+00,0.000000e+00
1.000000e+00,0.000000e+00,0.000000e+00,0.000000e+00,0.000000e+00,0.000000e+00,0.000000e+00,0.000000e+00,0.000000e+00,0.000000e+00,0.000000e+00,0.000000e+00,0.000000e+00,0.000000e+00,0.000000e+00
1.000000e+00,0.000000e+00,0.000000e+00,0.000000e+00,0.000000e+00,0.000000e+00,0.000000e+00,0.000000e+00,0.000000e+00,0.000000e+00,0.000000e+00,0.000000e+00,0.000000e+00,0.000000e+00,0.000000e+00
1.000000e+00,0.000000e+00,0.000000e+00,0.000000e+00,0.000000e+00,0.000000e+00,0.000000e+00,0.000000e+00,0.000000e+00,0.000000e+00,0.000000e+00,0.000000e+00,0.000000e+00,0.000000e+00,0.000000e+00
1.000000e+00,0.000000e+00,0.000000e+00,0.000000e+00,0.000000e+00,0.000000e+00,0.000000e+00,0.000000e+00,0.000000e+00,0.000000e+00,0.000000e+00,0.000000e+00,0.000000e+00,0.000000e+00,0.000000e+00
1.000000e+00,0.000000e+00,0.000000e+00,0.000000e+00,0.000000e+00,0.000000e+00,0.000000e+00,0.000000e+00,0.000000e+00,0.000000e+00,0.000000e+00,0.000000e+00,0.000000e+00,0.000000e+00,0.000000e+00
1.000000e+00,0.000000e+00,0.000000e+00,0.000000e+00,0.000000e+00,0.000000e+00,0.000000e+00,0.000000e+00,0.000000e+00,0.000000e+00,0.000000e+00,0.000000e+00,0.000000e+00,0.000000e+00,0.000000e+00
1.000000e+00,0.000000e+00,0.000000e+00,0.000000e+00,0.000000e+00,0.000000e+00,0.000000e+00,0.000000e+00,0.000000e+00,0.000000e+00,0.000000e+00,0.000000e+00,0.000000e+00,0.000000e+00,0.000000e+00
1.000000e+00,0.000000e+00,0.000000e+00,0.000000e+00,0.000000e+00,0.000000e+00,0.000000e+00,0.000000e+00,0.000000e+00,0.000000e+00,0.000000e+00,0.000000e+00,0.000000e+00,0.000000e+00,0.000000e+00
1.000000e+00,0.000000e+00,0.000000e+00,0.000000e+00,0.000000e+00,0.000000e+00,0.000000e+00,0.000000e+00,0.000000e+00,0.000000e+00,0.000000e+00,0.000000e+00,0.000000e+00,0.000000e+00,0.000000e+00
1.000000e+00,0.000000e+00,0.000000e+00,0.000000e+00,0.000000e+00,0.000000e+00,0.000000e+00,0.000000e+00,0.000000e+00,0.000000e+00,0.000000e+00,0.000000e+00,0.000000e+00,0.000000e+00,0.000000e+00
1.000000e+00,0.000000e+00,0.000000e+00,0.000000e+00,0.000000e+00,0.000000e+00,0.000000e+00,0.000000e+00,0.000000e+00,0.000000e+00,0.000000e+00,0.000000e+00,0.000000e+00,0.000000e+00,0.000000e+00
1.000000e+00,0.000000e+00,0.000000e+00,0.000000e+00,0.000000e+00,0.000000e+00,0.000000e+00,0.000000e+00,0.000000e+00,0.000000e+00,0.000000e+00,0.000000e+00,0.000000e+00,0.000000e+00,0.000000e+00
1.000000e+00,0.000000e+00,0.000000e+00,0.000000e+00,0.000000e+00,0.000000e+00,0.000000e+00,0.000000e+00,0.000000e+00,0.000000e+00,0.000000e+00,0.000000e+00,0.000000e+00,0.000000e+00,0.000000e+00
1.000000e+00,0.000000e+00,0.000000e+00,0.000000e+00,0.000000e+00,0.000000e+00,0.000000e+00,0.000000e+00,0.000000e+00,0.000000e+00,0.000000e+00,0.000000e+00,0.000000e+00,0.000000e+00,0.000000e+00
1.000000e+00,0.000000e+00,0.000000e+00,0.000000e+00,0.000000e+00,0.000000e+00,0.000000e+00,0.000000e+00,0.000000e+00,0.000000e+00,0.000000e+00,0.000000e+00,0.000000e+00,0.000000e+00,0.000000e+00
1.000000e+00,0.000000e+00,0.000000e+00,0.000000e+00,0.000000e+00,0.000000e+00,0.000000e+00,0.000000e+00,0.000000e+00,0.000000e+00,0.000000e+00,0.000000e+00,0.000000e+00,0.000000e+00,0.000000e+00
1.000000e+00,0.000000e+00,0.000000e+00,0.000000e+00,0.000000e+00,0.000000e+00,0.000000e+00,0.000000e+00,0.000000e+00,0.000000e+00,0.000000e+00,0.000000e+00,0.000000e+00,0.000000e+00,0.000000e+00
1.000000e+00,0.000000e+00,0.000000e+00,0.000000e+00,0.000000e+00,0.000000e+00,0.000000e+00,0.000000e+00,0.000000e+00,0.000000e+00,0.000000e+00,0.000000e+00,0.000000e+00,0.000000e+00,0.000000e+00
1.000000e+00,0.000000e+00,0.000000e+00,0.000000e+00,0.000000e+00,0.000000e+00,0.000000e+00,0.000000e+00,0.000000e+00,0.000000e+00,0.000000e+00,0.000000e+00,0.000000e+00,0.000000e+00,0.000000e+00
1.000000e+00,0.000000e+00,0.000000e+00,0.000000e+00,0.000000e+00,0.000000e+00,0.000000e+00,0.000000e+00,0.000000e+00,0.000000e+00,0.000000e+00,0.000000e+00,0.000000e+00,0.000000e+00,0.000000e+00
1.000000e+00,0.000000e+00,0.000000e+00,0.000000e+00,0.000000e+00,0.000000e+00,0.000000e+00,0.000000e+00,0.000000e+00,0.000000e+00,0.000000e+00,0.000000e+00,0.000000e+00,0.000000e+00,0.000000e+00
1.000000e+00,0.000000e+00,0.000000e+00,0.000000e+00,0.000000e+00,0.000000e+00,0.000000e+00,0.000000e+00,0.000000e+00,0.000000e+00,0.000000e+00,0.000000e+00,0.000000e+00,0.000000e+00,0.000000e+00
1.000000e+00,0.000000e+00,0.000000e+00,0.000000e+00,0.000000e+00,0.000000e+00,0.000000e+00,0.000000e+00,0.000000e+00,0.000000e+00,0.000000e+00,0.000000e+00,0.000000e+00,0.000000e+00,0.000000e+00
1.000000e+00,0.000000e+00,0.000000e+00,0.000000e+00,0.000000e+00,0.000000e+00,0.000000e+00,0.000000e+00,0.000000e+00,0.000000e+00,0.000000e+00,0.000000e+00,0.000000e+00,0.000000e+00,0.000000e+00
1.000000e+00,0.000000e+00,0.000000e+00,0.000000e+00,0.000000e+00,0.000000e+00,0.000000e+00,0.000000e+00,0.000000e+00,0.000000e+00,0.000000e+00,0.000000e+00,0.000000e+00,0.000000e+00,0.000000e+00
1.000000e+00,0.000000e+00,0.000000e+00,0.000000e+00,0.000000e+00,0.000000e+00,0.000000e+00,0.000000e+00,0.000000e+00,0.000000e+00,0.000000e+00,0.000000e+00,0.000000e+00,0.000000e+00,0.000000e+00
1.000000e+00,0.000000e+00,0.000000e+00,0.000000e+00,0.000000e+00,0.000000e+00,0.000000e+00,0.000000e+00,0.000000e+00,0.000000e+00,0.000000e+00,0.000000e+00,0.000000e+00,0.000000e+00,0.000000e+00
1.000000e+00,0.000000e+00,0.000000e+00,0.000000e+00,0.000000e+00,0.000000e+00,0.000000e+00,0.000000e+00,0.000000e+00,0.000000e+00,0.000000e+00,0.000000e+00,0.000000e+00,0.000000e+00,0.000000e+00
1.000000e+00,0.000000e+00,0.000000e+00,0.000000e+00,0.000000e+00,0.000000e+00,0.000000e+00,0.000000e+00,0.000000e+00,0.000000e+00,0.000000e+00,0.000000e+00,0.000000e+00,0.000000e+00,0.000000e+00
1.000000e+00,0.000000e+00,0.000000e+00,0.000000e+00,0.000000e+00,0.000000e+00,0.000000e+00,0.000000e+00,0.000000e+00,0.000000e+00,0.000000e+00,0.000000e+00,0.000000e+00,0.000000e+00,0.000000e+00
1.000000e+00,0.000000e+00,0.000000e+00,0.000000e+00,0.000000e+00,0.000000e+00,0.000000e+00,0.000000e+00,0.000000e+00,0.000000e+00,0.000000e+00,0.000000e+00,0.000000e+00,0.000000e+00,0.000000e+00
1.000000e+00,0.000000e+00,0.000000e+00,0.000000e+00,0.000000e+00,0.000000e+00,0.000000e+00,0.000000e+00,0.000000e+00,0.000000e+00,0.000000e+00,0.000000e+00,0.000000e+00,0.000000e+00,0.000000e+00
1.000000e+00,0.000000e+00,0.000000e+00,0.000000e+00,0.000000e+00,0.000000e+00,0.000000e+00,0.000000e+00,0.000000e+00,0.000000e+00,0.000000e+00,0.000000e+00,0.000000e+00,0.000000e+00,0.000000e+00
1.000000e+00,0.000000e+00,0.000000e+00,0.000000e+00,0.000000e+00,0.000000e+00,0.000000e+00,0.000000e+00,0.000000e+00,0.000000e+00,0.000000e+00,0.000000e+00,0.000000e+00,0.000000e+00,0.000000e+00
1.000000e+00,0.000000e+00,0.000000e+00,0.000000e+00,0.000000e+00,0.000000e+00,0.000000e+00,0.000000e+00,0.000000e+00,0.000000e+00,0.000000e+00,0.000000e+00,0.000000e+00,0.000000e+00,0.000000e+00
1.000000e+00,0.000000e+00,0.000000e+00,0.000000e+00,0.000000e+00,0.000000e+00,0.000000e+00,0.000000e+00,0.000000e+00,0.000000e+00,0.000000e+00,0.000000e+00,0.000000e+00,0.000000e+00,0.000000e+00
1.000000e+00,0.000000e+00,0.000000e+00,0.000000e+00,0.000000e+00,0.000000e+00,0.000000e+00,0.000000e+00,0.000000e+00,0.000000e+00,0.000000e+00,0.000000e+00,0.000000e+00,0.000000e+00,0.000000e+00
1.000000e+00,0.000000e+00,0.000000e+00,0.000000e+00,0.000000e+00,0.000000e+00,0.000000e+00,0.000000e+00,0.000000e+00,0.000000e+00,0.000000e+00,0.000000e+00,0.000000e+00,0.000000e+00,0.000000e+00
1.000000e+00,0.000000e+00,0.000000e+00,0.000000e+00,0.000000e+00,0.000000e+00,0.000000e+00,0.000000e+00,0.000000e+00,0.000000e+00,0.000000e+00,0.000000e+00,0.000000e+00,0.000000e+00,0.000000e+00
1.000000e+00,0.000000e+00,0.000000e+00,0.000000e+00,0.000000e+00,0.000000e+00,0.000000e+00,0.000000e+00,0.000000e+00,0.000000e+00,0.000000e+00,0.000000e+00,0.000000e+00,0.000000e+00,0.000000e+00
1.000000e+00,0.000000e+00,0.000000e+00,0.000000e+00,0.000000e+00,0.000000e+00,0.000000e+00,0.000000e+00,0.000000e+00,0.000000e+00,0.000000e+00,0.000000e+00,0.000000e+00,0.000000e+00,0.000000e+00
1.000000e+00,0.000000e+00,0.000000e+00,0.000000e+00,0.000000e+00,0.000000e+00,0.000000e+00,0.000000e+00,0.000000e+00,0.000000e+00,0.000000e+00,0.000000e+00,0.000000e+00,0.000000e+00,0.000000e+00
1.000000e+00,0.000000e+00,0.000000e+00,0.000000e+00,0.000000e+00,0.000000e+00,0.000000e+00,0.000000e+00,0.000000e+00,0.000000e+00,0.000000e+00,0.000000e+00,0.000000e+00,0.000000e+00,0.000000e+00
1.000000e+00,0.000000e+00,0.000000e+00,0.000000e+00,0.000000e+00,0.000000e+00,0.000000e+00,0.000000e+00,0.000000e+00,0.000000e+00,0.000000e+00,0.000000e+00,0.000000e+00,0.000000e+00,0.000000e+00
1.000000e+00,0.000000e+00,0.000000e+00,0.000000e+00,0.000000e+00,0.000000e+00,0.000000e+00,0.000000e+00,0.000000e+00,0.000000e+00,0.000000e+00,0.000000e+00,0.000000e+00,0.000000e+00,0.000000e+00
1.000000e+00,0.000000e+00,0.000000e+00,0.000000e+00,0.000000e+00,0.000000e+00,0.000000e+00,0.000000e+00,0.000000e+00,0.000000e+00,0.000000e+00,0.000000e+00,0.000000e+00,0.000000e+00,0.000000e+00
1.000000e+00,0.000000e+00,0.000000e+00,0.000000e+00,0.000000e+00,0.000000e+00,0.000000e+00,0.000000e+00,0.000000e+00,0.000000e+00,0.000000e+00,0.000000e+00,0.000000e+00,0.000000e+00,0.000000e+00
1.000000e+00,0.000000e+00,0.000000e+00,0.000000e+00,0.000000e+00,0.000000e+00,0.000000e+00,0.000000e+00,0.000000e+00,0.000000e+00,0.000000e+00,0.000000e+00,0.000000e+00,0.000000e+00,0.000000e+00
1.000000e+00,0.000000e+00,0.000000e+00,0.000000e+00,0.000000e+00,0.000000e+00,0.000000e+00,0.000000e+00,0.000000e+00,0.000000e+00,0.000000e+00,0.000000e+00,0.000000e+00,0.000000e+00,0.000000e+00
1.000000e+00,0.000000e+00,0.000000e+00,0.000000e+00,0.000000e+00,0.000000e+00,0.000000e+00,0.000000e+00,0.000000e+00,0.000000e+00,0.000000e+00,0.000000e+00,0.000000e+00,0.000000e+00,0.000000e+00
1.000000e+00,0.000000e+00,0.000000e+00,0.000000e+00,0.000000e+00,0.000000e+00,0.000000e+00,0.000000e+00,0.000000e+00,0.000000e+00,0.000000e+00,0.000000e+00,0.000000e+00,0.000000e+00,0.000000e+00
1.000000e+00,0.000000e+00,0.000000e+00,0.000000e+00,0.000000e+00,0.000000e+00,0.000000e+00,0.000000e+00,0.000000e+00,0.000000e+00,0.000000e+00,0.000000e+00,0.000000e+00,0.000000e+00,0.000000e+00
1.000000e+00,0.000000e+00,0.000000e+00,0.000000e+00,0.000000e+00,0.000000e+00,0.000000e+00,0.000000e+00,0.000000e+00,0.000000e+00,0.000000e+00,0.000000e+00,0.000000e+00,0.000000e+00,0.000000e+00
4.331878e-01,4.815739e-02,2.592275e-02,1.619206e-01,1.124282e-02,1.843941e-02,2.709215e-03,7.301987e-03,6.002040e-03,2.300893e-03,1.196358e-01,1.189341e-01,1.631233e-02,1.051014e-02,1.742269e-02
3.686010e-01,3.707366e-02,2.053080e-02,1.329078e-01,8.686263e-03,1.728905e-02,2.142048e-03,5.626301e-03,8.226640e-03,1.915664e-03,1.261174e-01,2.204037e-01,1.334248e-02,1.574814e-02,2.138914e-02
3.077697e-01,2.757000e-02,1.515203e-02,1.087581e-01,7.299708e-03,1.450090e-02,1.670363e-03,4.922414e-03,1.215869e-02,2.000408e-03,1.325606e-01,3.128773e-01,1.139067e-02,2.317102e-02,1.819811e-02
2.286479e-01,2.008932e-02,1.110553e-02,8.268909e-02,8.375744e-03,1.385070e-02,1.286190e-03,3.929220e-03,1.365147e-02,1.796493e-03,1.447999e-01,4.207089e-01,8.799577e-03,2.606257e-02,1.420742e-02
1.629793e-01,1.456848e-02,7.926660e-03,5.993589e-02,8.763095e-03,1.082163e-02,9.723252e-04,2.921946e-03,1.091832e-02,1.746091e-03,1.867879e-01,4.869341e-01,6.572043e-03,2.709281e-02,1.105937e-02
1.171513e-01,1.064503e-02,5.676695e-03,4.339576e-02,1.188367e-02,8.658955e-03,7.325561e-04,2.178000e-03,8.970520e-03,1.757546e-03,1.878941e-01,5.616156e-01,4.932612e-03,2.600085e-02,8.506762e-03
8.624861e-02,8.600910e-03,5.164240e-03,3.132427e-02,4.756878e-02,6.960344e-03,1.337627e-03,5.387742e-03,1.248037e-02,1.881444e-03,1.769951e-01,5.811803e-01,3.739124e-03,2.384165e-02,7.289513e-03
6.160365e-02,7.200585e-03,3.988538e-03,2.269111e-02,8.633775e-02,6.065405e-03,1.593821e-03,4.495396e-03,1.283866e-02,4.339457e-03,1.756069e-01,5.800222e-01,2.877861e-03,2.138880e-02,8.949885e-03
4.488787e-02,6.250903e-03,3.093087e-03,1.707187e-02,7.803562e-02,6.140884e-03,1.618421e-03,3.886470e-03,1.333888e-02,6.325454e-03,1.888533e-01,5.984885e-01,2.433104e-03,1.885897e-02,1.071670e-02
3.317892e-02,6.041160e-03,2.770138e-03,1.294885e-02,6.935205e-02,5.768051e-03,2.387564e-03,3.872983e-03,1.416381e-02,6.978442e-03,2.369434e-01,5.727453e-01,2.725049e-03,1.830228e-02,1.182195e-02
2.349871e-02,5.500548e-03,2.961653e-03,9.767086e-03,7.076228e-02,6.978125e-03,5.306722e-03,4.255481e-03,2.662203e-02,6.511913e-03,2.017462e-01,6.072145e-01,2.354435e-03,1.708211e-02,9.438292e-03
1.684567e-02,4.035314e-03,4.067259e-03,7.423317e-03,6.394366e-02,6.333332e-03,4.660458e-03,9.038585e-02,2.585262e-02,5.004580e-03,1.543653e-01,5.953970e-01,2.404446e-03,1.256557e-02,6.715701e-03
1.219584e-02,3.165219e-03,9.493099e-03,8.103753e-03,4.844531e-02,5.254988e-03,3.468383e-03,2.736886e-01,4.251071e-02,3.700158e-03,1.127766e-01,4.612805e-01,2.312029e-03,8.845210e-03,4.759616e-03
8.655930e-03,4.053269e-03,1.322087e-02,8.564191e-03,5.388507e-02,1.758070e-02,4.154753e-03,1.960634e-01,2.706327e-01,2.689114e-03,8.130765e-02,3.278359e-01,1.737275e-03,6.209737e-03,3.409354e-03
6.619382e-03,3.748748e-03,1.418987e-02,1.386095e-02,5.896626e-02,1.511426e-02,3.734533e-03,1.420967e-01,4.441640e-01,1.945227e-03,5.751267e-02,2.298965e-01,1.404290e-03,4.350446e-03,2.396116e-03
5.246831e-03,5.692444e-03,1.465102e-02,7.000934e-02,6.437361e-02,1.910174e-02,3.139133e-03,1.002987e-01,5.075661e-01,1.641894e-03,4.097737e-02,1.611228e-01,1.281975e-03,3.052436e-03,1.844570e-03
4.182042e-03,4.721981e-03,1.392731e-02,3.186533e-01,5.092516e-02,1.406007e-02,2.223725e-03,7.185576e-02,3.635450e-01,1.660548e-03,3.585215e-02,1.131263e-01,1.255893e-03,2.210581e-03,1.800103e-03
3.007301e-03,3.902236e-03,1.043782e-02,3.244026e-01,3.671353e-02,9.930840e-03,1.563623e-03,5.090075e-02,2.580152e-01,1.426762e-03,2.145338e-01,8.003797e-02,1.641114e-03,2.068591e-03,1.417821e-03
2.216568e-03,3.439368e-03,1.149808e-02,3.876140e-01,2.791963e-02,7.026044e-03,1.109075e-03,3.844326e-02,1.968011e-01,1.135776e-03,2.588110e-01,5.868216e-02,1.710754e-03,2.497188e-03,1.096064e-03
1.637554e-03,2.476089e-03,8.349938e-03,3.689789e-01,2.091663e-02,5.289755e-03,7.881688e-04,2.834746e-02,1.392415e-01,1.158383e-03,3.565688e-01,5.446976e-02,2.536206e-03,8.395337e-03,8.456205e-04
1.186142e-03,1.778414e-03,5.996992e-03,3.109505e-01,1.541889e-02,4.169538e-03,5.673395e-04,2.146797e-02,9.789012e-02,9.703693e-04,4.712320e-01,5.210867e-02,2.418454e-03,1.322699e-02,6.176453e-04
8.719868e-04,1.257363e-03,4.275887e-03,2.295287e-01,1.203077e-02,3.522818e-03,4.061971e-04,1.531573e-02,6.864046e-02,8.809400e-04,5.993167e-01,4.736729e-02,2.087509e-03,1.404213e-02,4.556412e-04
7.248422e-04,9.090484e-04,3.098372e-03,1.634904e-01,1.485115e-02,3.080415e-03,2.911153e-04,1.075026e-02,4.809656e-02,7.971857e-04,6.985322e-01,4.130933e-02,1.723593e-03,1.201147e-02,3.341507e-04
6.083835e-04,7.081781e-04,2.328205e-03,1.154017e-01,2.110912e-02,2.467087e-03,2.092890e-04,7.534250e-03,3.369072e-02,6.527641e-04,7.623940e-01,3.617344e-02,1.311816e-03,1.513486e-02,2.762870e-04
7.666232e-04,6.201392e-04,1.930749e-03,8.157290e-02,4.333068e-02,2.856630e-03,1.546125e-04,5.299986e-03,2.365589e-02,1.147786e-03,7.585030e-01,2.953698e-02,9.682884e-04,4.928330e-02,3.724257e-04
7.008147e-04,4.941839e-04,1.502664e-03,5.772496e-02,4.425687e-02,2.713844e-03,1.133808e-04,3.723742e-03,1.660191e-02,1.365837e-03,7.928924e-01,2.467760e-02,7.178696e-04,5.218069e-02,3.332655e-04
6.741887e-04,3.814503e-04,1.152192e-03,4.052864e-02,3.569434e-02,2.306462e-03,8.255384e-05,2.614098e-03,1.165976e-02,1.541632e-03,8.098561e-01,2.121286e-02,5.723558e-04,7.143260e-02,2.908761e-04
5.999007e-04,4.148351e-04,1.165173e-03,2.842462e-02,3.179848e-02,2.110061e-03,6.369523e-05,1.839310e-03,8.220569e-03,2.152722e-03,8.405284e-01,1.845117e-02,5.875647e-04,6.333137e-02,3.121893e-04
5.618844e-04,3.609128e-04,1.135986e-03,1.995717e-02,2.527552e-02,2.019978e-03,4.980357e-05,1.300893e-03,5.818012e-03,2.902337e-03,8.582152e-01,1.738609e-02,7.691658e-04,6.383899e-02,4.080874e-04
6.562271e-04,3.455183e-04,1.265416e-03,1.406412e-02,2.958458e-02,3.338985e-03,1.110108e-04,1.087891e-03,4.246200e-03,7.373151e-03,8.155006e-01,1.526563e-02,1.608305e-03,1.043517e-01,1.200686e-03
8.018627e-04,3.415701e-04,1.259849e-03,9.919196e-03,3.396792e-02,2.851775e-03,1.010927e-04,9.190421e-04,3.202728e-03,1.092563e-02,8.013267e-01,1.412859e-02,1.670371e-03,1.168142e-01,1.769503e-03
1.064626e-03,3.725492e-04,1.230120e-03,6.972046e-03,2.698845e-02,2.558924e-03,1.020768e-04,7.032542e-04,2.422758e-03,1.450345e-02,7.869464e-01,1.261983e-02,1.821270e-03,1.390362e-01,2.658126e-03
1.197225e-03,1.099754e-03,1.832156e-03,4.926721e-03,2.527203e-02,2.665863e-03,1.907650e-04,5.799846e-04,2.015064e-03,1.273107e-02,7.583406e-01,1.370790e-02,1.623226e-03,1.715194e-01,2.298236e-03
1.643349e-03,3.347918e-03,5.669249e-03,3.512016e-03,2.870384e-02,4.417935e-03,3.089760e-04,6.085164e-04,1.866853e-03,1.324375e-02,7.119598e-01,1.597197e-02,1.474508e-03,2.050504e-01,2.220877e-03
4.886540e-03,2.918241e-03,8.035995e-03,2.712664e-03,3.310463e-02,7.164137e-03,9.441756e-04,1.302347e-02,2.851045e-03,1.200109e-02,6.442910e-01,1.960784e-02,1.879938e-03,2.446546e-01,1.924596e-03
7.964061e-03,2.531504e-03,8.735488e-03,2.382574e-03,3.351071e-02,8.943141e-03,1.314263e-03,1.805571e-02,4.423952e-03,1.163299e-02,5.796638e-01,1.961222e-02,1.964312e-03,2.976022e-01,1.663136e-03
1.886687e-02,6.513138e-03,1.879797e-02,2.920370e-03,4.347552e-02,1.873580e-02,3.587131e-03,2.189750e-02,1.684147e-02,1.375262e-02,5.119328e-01,1.756822e-02,2.726025e-03,2.993968e-01,2.987876e-03
2.863763e-02,1.044049e-02,2.549452e-02,3.949943e-03,3.427439e-02,2.725515e-02,3.021496e-03,3.431284e-02,2.057135e-02,3.311666e-02,4.386460e-01,1.648295e-02,3.721957e-03,3.141995e-01,5.875172e-03
3.687848e-02,1.250727e-02,3.436903e-02,5.955609e-03,3.107690e-02,3.583460e-02,2.864517e-03,8.981228e-02,2.591668e-02,3.378560e-02,3.664140e-01,1.789515e-02,5.119476e-03,2.947832e-01,6.787210e-03
4.617738e-02,3.108343e-02,8.095309e-02,7.742712e-03,4.493717e-02,3.916278e-02,3.119338e-03,1.050342e-01,4.267249e-02,3.146179e-02,3.062504e-01,1.486492e-02,4.891281e-03,2.315308e-01,1.011817e-02
4.358019e-02,2.814558e-02,1.056131e-01,7.064550e-03,4.707591e-02,3.112932e-02,2.648100e-03,2.534810e-01,4.352942e-02,2.338542e-02,2.251548e-01,1.128882e-02,4.898810e-03,1.653629e-01,7.642084e-03
4.438985e-02,2.462786e-02,1.740532e-01,1.786359e-02,4.388207e-02,2.303229e-02,2.420641e-03,3.057495e-01,4.641967e-02,1.943612e-02,1.594116e-01,8.799047e-03,6.113883e-03,1.160351e-01,7.765568e-03
6.074713e-02,2.950893e-02,2.158161e-01,1.916916e-02,9.538982e-02,3.555461e-02,3.060288e-03,2.353414e-01,6.835340e-02,1.683095e-02,1.177243e-01,6.429439e-03,4.641564e-03,8.317417e-02,8.258692e-03
5.644673e-02,3.261419e-02,2.073762e-01,2.737501e-02,1.349029e-01,3.023761e-02,3.251073e-03,2.237577e-01,1.106576e-01,1.309309e-02,8.476700e-02,5.241764e-03,3.784904e-03,5.942956e-02,7.064690e-03
6.593811e-02,3.713406e-02,2.051594e-01,6.384540e-02,1.470813e-01,2.320679e-02,3.100244e-03,2.160940e-01,1.006348e-01,1.105810e-02,6.305098e-02,6.860705e-03,4.290942e-03,4.290486e-02,9.640288e-03
6.931747e-02,3.717403e-02,1.483933e-01,5.611727e-02,2.637148e-01,2.505985e-02,2.645119e-03,1.595509e-01,1.187338e-01,8.507013e-03,4.716381e-02,1.236777e-02,1.114282e-02,3.210878e-02,8.003353e-03
7.551157e-02,3.348074e-02,1.071234e-01,4.805144e-02,2.357175e-01,4.079714e-02,2.053316e-03,1.165504e-01,1.039734e-01,7.230665e-03,3.899059e-02,2.190251e-02,1.342954e-01,2.281119e-02,1.151057e-02
5.561353e-02,2.630924e-02,7.552294e-02,4.098708e-02,1.678210e-01,1.320431e-01,1.848177e-03,8.208928e-02,8.353551e-02,5.569148e-03,3.006170e-02,2.274270e-02,2.474377e-01,1.610235e-02,1.231657e-02
4.213969e-02,2.299006e-02,5.312748e-02,3.206399e-02,1.200868e-01,1.247473e-01,1.729610e-03,5.835443e-02,8.724200e-02,4.850953e-03,2.625598e-02,2.329626e-02,3.782202e-01,1.157420e-02,1.332108e-02
3.080651e-02,1.765377e-02,3.726754e-02,2.379052e-02,8.588839e-02,9.323064e-02,1.410027e-03,4.137857e-02,7.671048e-02,3.676388e-03,1.949834e-02,2.593429e-02,5.239558e-01,8.195560e-03,1.060323e-02
2.223918e-02,1.363377e-02,2.621819e-02,1.740029e-02,6.233085e-02,6.791955e-02,1.206231e-03,2.951370e-02,6.465610e-02,2.690729e-03,1.438138e-02,3.183686e-02,6.317450e-01,5.844078e-03,8.384110e-03
1.653101e-02,1.305420e-02,1.883215e-02,1.418871e-02,4.464440e-02,4.947217e-02,1.026150e-03,2.094450e-02,5.647656e-02,2.379596e-03,1.058226e-02,3.032337e-02,7.102857e-01,4.512008e-03,6.747217e-03
1.676787e-02,1.116561e-02,1.435668e-02,1.391530e-02,3.328096e-02,4.449354e-02,1.300264e-03,1.567668e-02,4.887079e-02,3.614484e-03,1.146547e-02,3.498195e-02,7.400737e-01,3.797901e-03,6.238879e-03
1.725331e-02,9.091208e-03,1.164638e-02,1.117245e-02,2.655032e-02,3.462456e-02,1.496055e-03,1.363189e-02,4.256919e-02,3.531365e-03,1.071911e-02,2.965805e-02,7.792121e-01,3.394697e-03,5.449385e-03
3.529508e-02,7.337469e-03,8.871092e-03,9.568264e-03,2.295320e-02,3.034982e-02,1.478062e-03,1.255964e-02,3.723452e-02,4.104253e-03,1.245177e-02,4.471970e-02,7.652520e-01,3.110784e-03,4.714373e-03
4.125450e-02,5.705295e-03,6.774811e-03,7.438140e-03,1.901452e-02,2.348186e-02,1.195068e-03,1.126807e-02,2.822896e-02,3.155014e-03,9.847878e-03,3.528513e-02,8.009226e-01,2.505005e-03,3.923165e-03
3.773905e-02,4.646919e-03,5.235983e-03,5.545795e-03,1.470238e-02,1.716309e-02,9.316384e-04,8.442930e-03,2.310180e-02,2.732946e-03,7.245356e-03,2.662016e-02,8.399143e-01,2.200903e-03,3.776790e-03
3.336865e-02,4.912007e-03,6.157078e-03,4.294906e-03,1.286692e-02,1.348631e-02,8.695733e-04,8.577923e-03,2.301625e-02,2.314908e-03,5.864998e-03,2.005920e-02,8.580329e-01,2.127173e-03,4.051267e-03
2.707971e-02,5.518830e-03,7.552252e-03,3.234195e-03,1.236657e-02,1.094908e-02,8.355164e-04,7.648744e-03,2.086081e-02,1.774077e-03,4.417249e-03,1.526752e-02,8.764939e-01,1.978847e-03,4.022739e-03
2.521605e-02,4.850242e-03,1.631398e-02,5.469115e-03,1.395235e-02,8.887990e-03,7.471737e-04,1.009663e-02,1.975045e-02,1.664213e-03,3.703537e-03,1.142299e-02,8.722907e-01,1.690758e-03,3.943825e-03
2.385117e-02,5.631401e-03,1.383037e-02,5.265649e-03,1.645599e-02,7.514543e-03,6.659373e-04,8.635706e-03,1.750603e-02,1.320016e-03,3.317058e-03,8.964233e-03,8.798816e-01,2.048151e-03,5.112183e-03
2.525316e-02,6.860913e-03,1.497628e-02,6.005042e-03,2.323378e-02,8.565900e-03,8.496146e-04,1.336952e-02,3.548960e-02,1.287739e-03,4.387924e-03,9.747289e-03,8.370093e-01,3.140946e-03,9.823069e-03
2.606491e-02,1.200985e-02,2.142471e-02,5.442234e-03,2.693157e-02,1.055343e-02,2.330604e-03,8.220458e-02,9.623735e-02,2.309714e-03,4.203491e-03,8.440954e-03,6.862811e-01,3.933344e-03,1.163213e-02
2.553909e-02,1.270605e-02,4.099930e-02,4.336488e-03,2.167691e-02,8.971408e-03,2.975194e-03,2.421060e-01,9.725373e-02,2.251217e-03,3.485239e-03,6.390094e-03,5.147622e-01,3.532595e-03,1.301448e-02
2.555378e-02,1.222475e-02,3.997157e-02,3.217854e-03,2.038124e-02,9.813449e-03,5.038433e-03,4.078781e-01,8.148313e-02,1.925036e-03,2.564758e-03,4.612644e-03,3.720012e-01,2.606306e-03,1.072777e-02
2.311655e-02,9.564213e-03,3.146154e-02,2.409595e-03,1.808161e-02,9.286640e-03,5.151768e-03,5.553445e-01,6.104207e-02,1.431965e-03,1.861795e-03,3.327645e-03,2.680844e-01,1.868451e-03,7.967348e-03
1.878140e-02,6.970478e-03,2.247888e-02,1.819387e-03,1.788323e-02,8.415329e-03,4.920129e-03,6.683985e-01,4.817529e-02,1.030807e-03,1.351014e-03,2.444821e-03,1.902397e-01,1.335061e-03,5.756006e-03
2.132688e-02,5.173703e-03,1.615612e-02,1.545568e-03,1.923022e-02,7.524858e-03,4.866980e-03,7.359781e-01,3.761053e-02,8.829205e-04,1.077542e-03,2.814593e-03,1.404186e-01,1.095925e-03,4.297447e-03
2.178817e-02,3.742364e-03,1.203257e-02,1.286370e-03,1.987269e-02,5.851967e-03,5.629287e-03,7.927238e-01,2.713913e-02,7.039718e-04,8.342295e-04,2.489230e-03,1.016869e-01,8.423339e-04,3.376950e-03
3.001444e-02,3.350579e-03,8.925147e-03,1.365677e-03,1.885486e-02,6.905236e-03,1.187404e-02,8.149874e-01,1.991781e-02,7.563724e-04,7.333123e-04,2.624918e-03,7.570560e-02,6.828472e-04,3.301803e-03
2.934637e-02,2.785970e-03,7.674186e-03,1.233285e-03,1.944387e-02,5.301638e-03,1.300222e-02,8.455588e-01,1.511246e-02,5.961731e-04,6.221692e-04,1.939620e-03,5.368763e-02,5.188123e-04,3.176903e-03
2.747193e-02,2.160085e-03,6.033828e-03,1.081941e-03,1.462652e-02,4.125892e-03,1.288467e-02,8.768853e-01,1.089178e-02,4.700506e-04,5.834600e-04,1.474321e-03,3.816208e-02,4.269531e-04,2.721196e-03
3.183831e-02,1.810460e-03,6.378327e-03,1.541240e-03,1.112069e-02,3.691318e-03,2.201468e-02,8.803795e-01,8.266961e-03,4.559425e-04,9.443387e-04,1.346861e-03,2.699857e-02,4.179850e-04,2.794866e-03
3.422489e-02,1.460739e-03,6.079674e-03,1.915156e-03,8.563023e-03,3.620687e-03,2.445025e-02,8.877364e-01,6.053371e-03,5.252754e-04,1.489904e-03,1.733585e-03,1.925373e-02,4.076404e-04,2.485732e-03
4.517361e-02,1.358134e-03,6.287873e-03,2.602414e-03,7.455635e-03,4.422645e-03,2.120838e-02,8.818971e-01,5.231204e-03,6.723421e-04,3.455438e-03,3.104500e-03,1.412501e-02,4.872766e-04,2.518530e-03
6.315131e-02,4.388530e-03,6.389791e-03,6.590994e-03,1.020477e-02,6.026575e-03,1.643855e-02,7.988281e-01,4.145045e-02,4.310854e-03,1.355378e-02,5.455561e-03,1.415898e-02,1.150798e-03,7.900990e-03
6.661038e-02,9.162646e-03,7.424572e-03,3.243468e-02,1.110222e-02,6.647918e-03,1.224266e-02,6.993743e-01,8.919603e-02,1.181533e-02,1.743772e-02,8.787148e-03,1.587080e-02,1.235675e-03,1.065799e-02
7.316576e-02,8.159877e-03,6.128864e-03,2.855987e-02,1.286216e-02,7.492031e-03,9.494103e-03,6.691917e-01,1.029021e-01,1.457457e-02,2.281142e-02,1.075347e-02,1.998116e-02,1.633134e-03,1.228983e-02
6.957789e-02,6.407430e-03,5.138061e-03,2.173017e-02,1.356032e-02,6.298657e-03,8.038243e-03,7.209452e-01,7.689368e-02,1.106244e-02,2.182463e-02,9.627922e-03,1.749077e-02,1.342201e-03,1.006231e-02
7.439636e-02,5.208104e-03,4.254453e-03,1.634451e-02,1.836004e-02,5.303598e-03,6.433894e-03,7.413195e-01,5.683837e-02,8.315947e-03,2.174124e-02,1.099952e-02,2.112301e-02,1.113739e-03,8.247670e-03
7.688621e-02,5.071532e-03,4.050822e-03,1.215797e-02,2.535834e-02,4.758016e-03,5.355611e-03,7.489417e-01,4.309221e-02,6.570979e-03,2.402394e-02,9.756362e-03,2.314635e-02,1.118197e-03,9.711712e-03
9.223243e-02,5.623075e-03,4.485438e-03,1.225140e-02,3.019089e-02,4.219729e-03,4.283945e-03,5.931184e-01,1.154151e-01,1.315842e-02,3.942301e-02,9.564525e-03,3.141265e-02,4.400621e-03,4.022032e-02
6.638790e-02,5.521482e-03,3.675210e-03,1.232266e-02,2.242870e-02,3.167780e-03,3.046684e-03,4.167748e-01,3.152214e-01,1.510775e-02,3.259744e-02,8.176500e-03,4.183900e-02,4.271138e-03,4.946151e-02
6.425558e-02,5.367716e-03,3.170236e-03,1.220679e-02,1.996695e-02,3.892589e-03,2.689557e-03,2.959895e-01,2.938920e-01,2.705633e-02,3.471490e-02,1.053618e-02,7.387839e-02,1.081306e-02,1.415702e-01
5.243179e-02,4.168900e-03,2.397121e-03,9.111475e-03,1.661515e-02,3.356840e-03,1.983845e-03,2.077214e-01,2.283988e-01,2.447765e-02,2.881392e-02,8.763346e-03,7.166937e-02,1.352550e-02,3.265648e-01
4.883077e-02,3.930739e-03,2.034201e-03,7.156357e-03,1.803065e-02,3.033423e-03,1.805160e-03,1.461433e-01,1.889339e-01,2.037352e-02,2.371023e-02,8.191867e-03,6.746171e-02,1.610072e-02,4.442634e-01
3.893821e-02,3.707969e-03,3.899899e-03,5.942309e-03,1.705424e-02,2.522023e-03,2.032007e-03,1.121018e-01,1.633518e-01,1.584455e-02,2.241579e-02,7.063441e-03,8.679184e-02,1.576902e-02,5.025651e-01
4.017339e-02,4.929688e-03,7.318139e-03,8.845313e-03,1.685597e-02,2.558854e-03,2.415412e-03,1.078637e-01,1.355135e-01,1.232560e-02,2.134979e-02,6.865420e-03,9.632262e-02,1.330331e-02,5.233593e-01
6.781622e-02,7.256892e-03,1.166504e-02,3.784333e-02,3.279976e-02,4.197041e-03,2.696169e-03,8.051325e-02,1.425943e-01,9.986830e-03,2.582457e-02,1.417869e-02,8.558840e-02,1.091250e-02,4.661270e-01
5.983949e-02,1.399941e-02,2.065006e-02,1.374701e-01,5.925969e-02,1.173644e-02,3.049288e-03,5.797940e-02,1.617239e-01,7.571612e-03,2.022600e-02,1.107651e-02,6.268480e-02,7.934635e-03,3.647987e-01
6.760365e-02,2.162483e-02,2.444819e-02,1.620967e-01,6.541384e-02,1.069590e-02,4.515151e-03,4.647171e-02,2.024733e-01,5.566278e-03,1.604328e-02,8.657470e-03,4.635480e-02,5.778669e-03,3.122562e-01
7.525651e-02,2.104460e-02,4.359974e-02,2.165319e-01,8.634058e-02,9.407664e-03,5.430051e-03,5.508744e-02,1.843196e-01,4.205876e-03,1.189225e-02,6.216441e-03,3.353972e-02,4.139574e-03,2.429881e-01
1.021556e-01,2.267575e-02,5.534452e-02,2.392564e-01,9.356436e-02,8.634726e-03,4.518748e-03,9.682097e-02,1.500316e-01,3.487985e-03,9.606196e-03,4.713038e-03,2.463651e-02,3.250822e-03,1.813028e-01
1.330023e-01,2.239371e-02,5.439491e-02,2.412344e-01,1.043242e-01,7.318173e-03,3.907633e-03,1.365877e-01,1.318858e-01,2.732337e-03,7.833570e-03,3.749587e-03,1.812535e-02,2.476185e-03,1.300341e-01
1.815173e-01,2.388509e-02,4.443529e-02,2.077469e-01,1.242383e-01,6.730588e-03,3.801344e-03,1.490414e-01,1.359143e-01,2.146447e-03,7.921893e-03,3.669627e-03,1.378826e-02,2.264985e-03,9.289829e-02
1.756575e-01,1.889900e-02,3.539170e-02,1.682841e-01,1.379556e-01,5.827346e-03,3.513476e-03,2.304819e-01,1.353928e-01,1.708034e-03,6.868529e-03,2.882239e-03,1.017944e-02,1.713062e-03,6.524534e-02
2.009349e-01,1.539571e-02,3.068153e-02,1.327325e-01,1.335053e-01,5.002840e-03,3.717385e-03,2.744358e-01,1.379442e-01,1.497069e-03,6.141034e-03,2.714336e-03,7.907146e-03,1.340039e-03,4.605032e-02
2.087285e-01,1.146159e-02,2.600917e-02,9.941614e-02,1.040951e-01,4.926431e-03,4.223236e-03,3.814715e-01,1.116391e-01,1.184611e-03,4.767933e-03,2.625243e-03,5.924058e-03,1.057365e-03,3.247009e-02
2.580930e-01,1.010658e-02,2.438975e-02,7.760813e-02,8.184916e-02,6.362853e-03,4.484273e-03,4.131063e-01,8.321270e-02,1.028373e-03,4.824690e-03,5.238517e-03,4.943503e-03,1.115188e-03,2.363707e-02
2.905792e-01,1.272090e-02,2.004938e-02,6.323459e-02,6.296967e-02,1.117140e-02,4.338083e-03,3.363193e-01,7.448755e-02,3.743153e-03,1.698687e-02,1.115172e-02,6.746992e-02,1.951580e-03,2.282674e-02
2.412599e-01,1.176773e-02,1.698653e-02,5.495988e-02,4.643904e-02,1.159564e-02,3.652948e-03,2.760032e-01,6.189849e-02,7.594174e-03,1.900589e-02,1.512786e-02,1.847513e-01,2.019862e-03,4.693750e-02
1.759288e-01,8.751313e-03,1.250468e-02,4.025073e-02,3.277335e-02,9.664763e-03,2.976071e-03,1.974535e-01,4.630894e-02,6.678998e-03,2.448778e-02,2.030028e-02,3.702111e-01,1.617283e-03,5.009243e-02
1.408197e-01,6.264176e-03,8.998296e-03,2.872543e-02,2.329190e-02,1.752461e-02,2.477741e-03,1.384304e-01,3.613630e-02,4.969141e-03,2.137337e-02,2.449255e-02,5.049454e-01,1.269423e-03,4.028158e-02
1.169777e-01,4.468486e-03,6.730562e-03,2.038728e-02,1.715145e-02,1.979410e-02,2.493783e-03,9.726624e-02,2.925278e-02,3.818887e-03,2.197831e-02,3.155554e-02,5.800028e-01,1.010519e-03,4.711156e-02
8.733726e-02,3.427027e-03,5.716774e-03,1.457975e-02,1.254115e-02,1.862325e-02,2.379299e-03,6.879365e-02,2.344323e-02,3.130506e-03,2.279437e-02,3.885609e-02,5.738375e-01,1.016207e-03,1.235239e-01
6.715271e-02,3.041141e-03,5.837433e-03,1.037991e-02,9.587616e-03,1.564177e-02,2.477217e-03,5.084932e-02,1.881494e-02,3.091409e-03,2.444774e-02,7.554692e-02,5.625093e-01,1.046172e-03,1.495764e-01
4.805430e-02,2.401992e-03,5.465358e-03,7.430719e-03,8.834640e-03,1.487505e-02,6.708111e-03,3.843423e-02,1.517910e-02,2.938739e-03,2.055217e-02,1.414980e-01,5.490686e-01,1.117830e-03,1.374411e-01
3.475771e-02,1.821454e-03,4.458498e-03,5.810786e-03,7.955138e-03,2.490790e-02,5.163323e-03,2.819395e-02,1.179901e-02,2.306161e-03,1.814306e-02,2.406034e-01,5.063166e-01,1.173904e-03,1.065891e-01
2.562440e-02,1.392009e-03,3.471056e-03,4.525927e-03,7.387079e-03,3.177823e-02,4.033288e-03,2.056908e-02,9.568177e-03,1.964479e-03,2.178368e-02,2.999393e-01,4.878435e-01,1.452620e-03,7.866725e-02
1.882256e-02,1.071271e-03,2.617645e-03,3.295160e-03,6.564653e-03,2.398974e-02,3.077202e-03,1.543928e-02,7.974874e-03,1.502919e-03,1.796920e-02,4.040112e-01,4.368854e-01,1.137042e-03,5.564196e-02
1.376445e-02,8.508037e-04,1.933921e-03,2.459617e-03,4.999452e-03,2.080332e-02,2.247923e-03,1.137151e-02,5.760657e-03,1.117088e-03,1.310864e-02,4.444946e-01,4.370404e-01,8.298595e-04,3.921784e-02
1.025529e-02,7.148086e-04,1.418635e-03,1.769309e-03,3.937348e-03,1.590572e-02,1.632427e-03,8.167179e-03,4.374047e-03,8.217391e-04,9.574154e-03,5.146809e-01,3.986005e-01,6.043927e-04,2.754364e-02
7.764404e-03,5.560181e-04,1.104865e-03,1.286649e-03,3.118827e-03,1.229348e-02,1.192283e-03,6.151265e-03,3.288032e-03,6.134274e-04,7.236214e-03,6.093963e-01,3.261758e-01,4.835670e-04,1.933889e-02
6.235613e-03,4.516934e-04,1.091599e-03,9.347779e-04,2.730112e-03,9.875107e-03,9.573328e-04,5.597494e-03,2.651897e-03,4.494387e-04,5.591599e-03,6.884443e-01,2.609802e-01,4.261296e-04,1.358278e-02
1.519236e-02,2.018937e-03,6.570267e-03,1.202011e-03,4.969701e-02,2.196380e-02,2.806976e-02,7.914737e-03,2.029177e-02,4.048991e-04,5.197348e-03,6.272381e-01,2.036092e-01,9.440458e-04,9.685797e-03
1.668141e-02,3.376198e-03,8.023930e-03,1.206841e-03,1.601568e-01,2.844996e-02,7.517172e-02,6.561900e-03,6.038579e-02,3.070378e-04,4.178617e-03,4.782670e-01,1.495645e-01,7.743192e-04,6.894048e-03
1.761750e-02,4.176485e-03,6.542495e-03,1.204123e-03,2.796381e-01,2.473738e-02,1.418638e-01,4.715342e-03,6.746398e-02,2.284822e-04,3.076881e-03,3.378523e-01,1.053628e-01,5.685568e-04,4.951808e-03
2.731687e-02,5.976090e-03,5.120172e-03,2.355375e-03,3.350134e-01,1.961444e-02,2.216375e-01,3.613906e-03,5.822448e-02,2.052858e-04,2.353617e-03,2.391878e-01,7.536261e-02,4.392178e-04,3.579266e-03
3.038168e-02,7.227428e-03,4.560025e-03,7.690090e-03,3.807857e-01,1.647075e-02,2.636576e-01,4.089909e-03,5.754401e-02,2.132834e-04,1.808531e-03,1.681373e-01,5.440843e-02,3.273525e-04,2.697931e-03
7.216621e-02,1.390926e-02,4.061817e-03,1.110201e-02,3.914314e-01,1.415417e-02,2.385158e-01,7.512831e-03,8.135744e-02,3.648292e-04,1.722868e-03,1.180605e-01,4.149662e-02,2.897407e-04,3.854556e-03
7.469821e-02,2.021454e-02,3.237550e-03,1.119893e-02,4.174590e-01,1.189798e-02,2.240553e-01,9.865390e-03,1.055829e-01,3.167638e-04,1.323299e-03,8.303861e-02,3.365695e-02,2.278550e-04,3.226709e-03
8.424246e-02,1.774141e-02,2.508779e-03,9.593537e-03,4.680217e-01,1.013864e-02,1.670223e-01,9.910535e-03,1.305332e-01,3.251609e-04,1.107741e-03,6.086069e-02,3.479449e-02,2.788877e-04,2.920351e-03
9.693652e-02,2.009822e-02,2.982286e-03,2.523427e-02,4.692594e-01,9.857610e-03,1.331963e-01,1.913489e-02,1.353378e-01,8.702048e-04,1.500645e-03,4.465963e-02,3.681367e-02,3.950450e-04,3.723405e-03
1.031074e-01,1.991972e-02,7.492710e-03,6.787138e-02,4.466608e-01,1.127290e-02,1.121258e-01,2.945757e-02,1.215096e-01,1.253102e-03,2.257153e-03,3.518912e-02,3.733332e-02,6.129823e-04,3.936386e-03
1.325255e-01,1.985262e-02,1.800660e-02,5.638289e-02,3.713895e-01,3.906749e-02,1.533665e-01,2.971638e-02,1.000665e-01,1.394339e-03,3.169467e-03,2.910113e-02,3.976405e-02,5.969338e-04,5.599968e-03
9.882705e-02,3.711353e-02,5.268300e-02,8.689111e-02,2.907047e-01,4.272711e-02,1.144410e-01,2.206264e-02,1.093797e-01,5.022241e-03,4.594401e-03,2.314260e-02,9.935164e-02,9.018709e-04,1.215737e-02
7.017866e-02,2.705701e-02,3.724392e-02,6.377491e-02,2.040803e-01,3.758189e-02,8.127701e-02,1.567940e-02,1.765959e-01,3.908970e-03,3.695734e-03,1.819517e-02,2.511246e-01,6.501509e-04,8.956288e-03
4.922818e-02,1.908241e-02,2.611366e-02,4.477964e-02,1.429490e-01,2.735735e-02,5.705306e-02,1.101064e-02,1.264286e-01,2.760043e-03,2.627849e-03,1.441138e-02,4.693395e-01,4.574109e-04,6.401225e-03
3.454707e-02,1.359501e-02,1.835816e-02,3.146959e-02,1.001295e-01,2.002311e-02,3.998425e-02,7.739512e-03,1.022497e-01,2.002436e-03,1.884452e-03,1.179587e-02,6.110463e-01,3.232998e-04,4.851828e-03
2.420472e-02,9.531197e-03,1.286017e-02,2.204111e-02,7.012671e-02,1.459064e-02,2.800640e-02,5.424000e-03,7.189307e-02,1.403662e-03,1.331323e-03,9.401452e-03,7.254294e-01,2.275118e-04,3.528676e-03
1.697793e-02,6.679150e-03,9.006778e-03,1.543450e-02,4.915161e-02,1.116119e-02,1.962374e-02,3.807942e-03,5.037975e-02,9.829614e-04,9.475398e-04,8.124152e-03,8.050542e-01,1.605268e-04,2.508025e-03
1.217884e-02,4.727581e-03,6.344001e-03,1.081982e-02,3.492782e-02,1.324491e-02,1.388449e-02,2.889601e-03,3.566584e-02,6.925408e-04,7.757633e-04,8.443628e-03,8.533914e-01,1.379778e-04,1.875723e-03
8.725873e-03,3.380649e-03,4.618086e-03,7.673281e-03,2.509546e-02,1.465616e-02,9.841863e-03,2.513816e-03,2.546172e-02,4.928077e-04,7.607605e-04,7.279187e-03,8.879953e-01,1.299891e-04,1.374995e-03
6.333505e-03,2.435935e-03,3.369923e-03,5.415851e-03,1.801364e-02,1.309524e-02,7.102385e-03,2.713389e-03,1.810403e-02,3.495140e-04,1.227874e-03,6.810263e-03,9.138599e-01,1.188745e-04,1.049619e-03
4.569813e-03,1.735849e-03,2.412171e-03,3.810417e-03,1.309562e-02,1.071203e-02,5.116934e-03,2.133329e-03,1.283252e-02,2.516835e-04,1.059157e-03,5.725590e-03,9.356610e-01,8.831610e-05,7.955275e-04
3.467837e-03,1.314105e-03,1.817441e-03,2.724040e-03,9.864318e-03,1.207213e-02,3.720760e-03,1.922778e-03,9.356090e-03,1.852908e-04,9.630247e-04,5.131639e-03,9.467661e-01,7.221085e-05,6.221150e-04
2.846598e-03,1.015914e-03,1.716221e-03,1.932958e-03,1.131700e-02,1.413101e-02,3.601376e-03,2.061543e-03,6.946771e-03,1.424030e-04,1.009193e-03,4.775923e-03,9.477126e-01,7.723093e-05,7.132072e-04
5.164359e-03,9.460652e-04,1.815355e-03,1.560560e-03,1.173701e-02,3.778578e-02,3.006877e-03,1.636004e-03,6.164864e-03,1.298157e-04,1.188042e-03,4.428911e-03,9.236250e-01,1.601626e-04,6.511172e-04
5.211846e-03,9.199136e-04,1.449744e-03,1.217250e-03,1.095364e-02,3.691686e-02,2.217662e-03,1.239488e-03,4.875292e-03,1.035645e-04,1.666826e-03,6.138077e-03,9.263819e-01,1.565269e-04,5.512763e-04
7.258086e-03,1.321923e-03,1.649742e-03,9.328283e-04,1.423549e-02,3.298896e-02,2.089566e-03,1.056261e-03,6.862773e-03,9.723063e-05,1.585320e-03,8.381337e-03,9.207082e-01,2.482184e-04,5.839763e-04
7.293971e-03,1.439109e-03,1.379737e-03,7.271357e-04,1.288934e-02,3.418172e-02,1.664610e-03,8.571421e-04,6.600597e-03,8.088828e-05,1.404249e-03,1.030088e-02,9.204046e-01,2.371251e-04,5.389045e-04
6.396268e-03,1.123684e-03,1.247424e-03,5.304568e-04,1.491459e-02,2.532053e-02,1.680977e-03,9.172753e-04,5.440255e-03,7.263587e-05,1.117899e-03,1.363878e-02,9.269404e-01,1.843871e-04,4.744114e-04
1.105537e-02,1.958637e-03,3.728957e-03,5.838553e-04,2.573351e-02,2.283481e-02,1.990772e-03,1.622336e-03,8.776845e-03,2.062409e-04,1.154237e-03,1.226014e-02,9.072120e-01,2.969463e-04,5.853531e-04
1.293662e-02,2.105939e-03,3.655906e-03,4.871046e-04,2.671926e-02,1.748321e-02,1.759957e-03,2.925014e-03,1.001034e-02,1.675421e-04,1.092219e-03,1.042431e-02,9.094922e-01,2.676899e-04,4.727022e-04
4.220762e-02,2.033224e-03,3.955279e-02,1.970059e-03,3.425466e-02,1.509814e-02,2.684870e-03,7.360431e-03,1.006138e-02,2.256571e-04,9.347984e-04,7.789998e-03,8.349118e-01,3.662177e-04,5.484046e-04
5.523326e-02,2.020462e-03,3.363351e-02,2.536063e-03,4.611638e-02,1.862918e-02,9.818061e-03,5.912225e-03,8.685453e-03,1.866364e-04,9.291441e-04,5.734373e-03,8.094848e-01,3.931285e-04,6.872676e-04
