1.000000e+00,0.000000e+00,0.000000e+00,0.000000e+00,0.000000e+00,0.000000e+00,0.000000e+00,0.000000e+00,0.000000e+00,0.000000e+00,0.000000e+00,0.000000e+00,0.000000e+00,0.000000e+00,0.000000e+00
1.000000e+00,0.000000e+00,0.000000e+00,0.000000e+00,0.000000e+00,0.000000e+00,0.000000e+00,0.000000e+00,0.000000e+00,0.000000e+00,0.000000e+00,0.000000e+00,0.000000e+00,0.000000e+00,0.000000e+00
1.000000e+00,0.000000e+00,0.000000e+00,0.000000e+00,0.000000e+00,0.000000e+00,0.000000e+00,0.000000e+00,0.000000e+00,0.000000e+00,0.000000e+00,0.000000e+00,0.000000e+00,0.000000e+00,0.000000e+00
1.000000e+00,0.000000e+00,0.000000e+00,0.000000e+00,0.000000e+00,0.000000e+00,0.000000e+00,0.000000e+00,0.000000e+00,0.000000e+00,0.000000e+00,0.000000e+00,0.000000e+00,0.000000e+00,0.000000e+00
1.000000e+00,0.000000e+00,0.000000e+00,0.000000e+00,0.000000e+00,0.000000e+00,0.000000e+00,0.000000e+00,0.000000e+00,0.000000e+00,0.000000e+00,0.000000e+00,0.000000e+00,0.000000e+00,0.000000e+00
1.000000e+00,0.000000e+00,0.000000e+00,0.000000e+00,0.000000e+00,0.000000e+00,0.000000e+00,0.000000e+00,0.000000e+00,0.000000e+00,0.000000e+00,0.000000e+00,0.000000e+00,0.000000e+00,0.000000e+00
1.000000e+00,0.000000e+00,0.000000e+00,0.000000e+00,0.000000e+00,0.000000e+00,0.000000e+00,0.000000e+00,0.000000e+00,0.000000e+00,0.000000e+00,0.000000e+00,0.000000e+00,0.000000e+00,0.000000e+00
1.000000e+00,0.000000e+00,0.000000e+00,0.000000e+00,0.000000e+00,0.000000e+00,0.000000e+00,0.000000e+00,0.000000e+00,0.000000e+00,0.000000e+00,0.000000e+00,0.000000e+00,0.000000e+00,0.000000e+00
1.000000e+00,0.000000e+00,0.000000e+00,0.000000e+00,0.000000e+00,0.000000e+00,0.000000e+00,0.000000e+00,0.000000e+00,0.000000e+00,0.000000e+00,0.000000e+00,0.000000e+00,0.000000e+00,0.000000e+00
1.000000e+00,0.000000e+00,0.000000e+00,0.000000e+00,0.000000e+00,0.000000e+00,0.000000e+00,0.000000e+00,0.000000e+00,0.000000e+00,0.000000e+00,0.000000e+00,0.000000e+00,0.000000e+00,0.000000e+00
1.000000e+00,0.000000e+00,0.000000e+00,0.000000e+00,0.000000e+00,0.000000e+00,0.000000e+00,0.000000e+00,0.000000e+00,0.000000e+00,0.000000e+00,0.000000e+00,0.000000e+00,0.000000e+00,0.000000e+00
1.000000e+00,0.000000e+00,0.000000e+00,0.000000e+00,0.000000e+00,0.000000e+00,0.000000e+00,0.000000e+00,0.000000e+00,0.000000e+00,0.000000e+00,0.000000e+00,0.000000e+00,0.000000e+00,0.000000e+00
1.000000e+00,0.000000e+00,0.000000e+00,0.000000e+00,0.000000e+00,0.000000e+00,0.000000e+00,0.000000e+00,0.000000e+00,0.000000e+00,0.000000e+00,0.000000e+00,0.000000e+00,0.000000e+00,0.000000e+00
1.000000e+00,0.000000e+00,0.000000e+00,0.000000e+00,0.000000e+00,0.000000e+00,0.000000e+00,0.000000e+00,0.000000e+00,0.000000e+00,0.000000e+00,0.000000e+00,0.000000e+00,0.000000e+00,0.000000e+00
1.000000e+00,0.000000e+00,0.000000e+00,0.000000e+00,0.000000e+00,0.000000e+00,0.000000e+00,0.000000e+00,0.000000e+00,0.000000e+00,0.000000e+00,0.000000e+00,0.000000e+00,0.000000e+00,0.000000e+00
1.000000e+00,0.000000e+00,0.000000e+00,0.000000e+00,0.000000e+00,0.000000e+00,0.000000e+00,0.000000e+00,0.000000e+00,0.000000e+00,0.000000e+00,0.000000e+00,0.000000e+00,0.000000e+00,0.000000e+00
1.000000e+00,0.000000e+00,0.000000e+00,0.000000e+00,0.000000e+00,0.000000e+00,0.000000e+00,0.000000e+00,0.000000e+00,0.000000e+00,0.000000e+00,0.000000e+00,0.000000e+00,0.000000e+00,0.000000e+00
1.000000e+00,0.000000e+00,0.000000e+00,0.000000e+00,0.000000e+00,0.000000e+00,0.000000e+00,0.000000e+00,0.000000e+00,0.000000e+00,0.000000e+00,0.000000e+00,0.000000e+00,0.000000e+00,0.000000e+00
1.000000e+00,0.000000e+00,0.000000e+00,0.000000e+00,0.000000e+00,0.000000e+00,0.000000e+00,0.000000e+00,0.000000e+00,0.000000e+00,0.000000e+00,0.000000e+00,0.000000e+00,0.000000e+00,0.000000e+00
1.000000e+00,0.000000e+00,0.000000e+00,0.000000e+00,0.000000e+00,0.000000e+00,0.000000e+00,0.000000e+00,0.000000e+00,0.000000e+00,0.000000e+00,0.000000e+00,0.000000e+00,0.000000e+00,0.000000e+00
1.000000e+00,0.000000e+00,0.000000e+00,0.000000e+00,0.000000e+00,0.000000e+00,0.000000e+00,0.000000e+00,0.000000e+00,0.000000e+00,0.000000e+00,0.000000e+00,0.000000e+00,0.000000e+00,0.000000e+00
1.000000e+00,0.000000e+00,0.000000e+00,0.000000e+00,0.000000e+00,0.000000e+00,0.000000e+00,0.000000e+00,0.000000e+00,0.000000e+00,0.000000e+00,0.000000e+00,0.000000e+00,0.000000e+00,0.000000e+00
1.000000e+00,0.000000e+00,0.000000e+00,0.000000e+00,0.000000e+00,0.000000e+00,0.000000e+00,0.000000e+00,0.000000e+00,0.000000e+00,0.000000e+00,0.000000e+00,0.000000e+00,0.000000e+00,0.000000e+00
1.000000e+00,0.000000e+00,0.000000e+00,0.000000e+00,0.000000e+00,0.000000e+00,0.000000e+00,0.000000e+00,0.000000e+00,0.000000e+00,0.000000e+00,0.000000e+00,0.000000e+00,0.000000e+00,0.000000e+00
1.000000e+00,0.000000e+00,0.000000e+00,0.000000e+00,0.000000e+00,0.000000e+00,0.000000e+00,0.000000e+00,0.000000e+00,0.000000e+00,0.000000e+00,0.000000e+00,0.000000e+00,0.000000e+00,0.000000e+00
1.000000e+00,0.000000e+00,0.000000e+00,0.000000e+00,0.000000e+00,0.000000e+00,0.000000e+00,0.000000e+00,0.000000e+00,0.000000e+00,0.000000e+00,0.000000e+00,0.000000e+00,0.000000e+00,0.000000e+00
1.000000e+00,0.000000e+00,0.000000e+00,0.000000e+00,0.000000e+00,0.000000e+00,0.000000e+00,0.000000e+00,0.000000e+00,0.000000e+00,0.000000e+00,0.000000e+00,0.000000e+00,0.000000e+00,0.000000e+00
1.000000e+00,0.000000e+00,0.000000e+00,0.000000e+00,0.000000e+00,0.000000e+00,0.000000e+00,0.000000e+00,0.000000e+00,0.000000e+00,0.000000e+00,0.000000e+00,0.000000e+00,0.000000e+00,0.000000e+00
1.000000e+00,0.000000e+00,0.000000e+00,0.000000e+00,0.000000e+00,0.000000e+00,0.000000e+00,0.000000e+00,0.000000e+00,0.000000e+00,0.000000e+00,0.000000e+00,0.000000e+00,0.000000e+00,0.000000e+00
1.000000e+00,0.000000e+00,0.000000e+00,0.000000e+00,0.000000e+00,0.000000e+00,0.000000e+00,0.000000e+00,0.000000e+00,0.000000e+00,0.000000e+00,0.000000e+00,0.000000e+00,0.000000e+00,0.000000e+00
1.000000e+00,0.000000e+00,0.000000e+00,0.000000e+00,0.000000e+00,0.000000e+00,0.000000e+00,0.000000e+00,0.000000e+00,0.000000e+00,0.000000e+00,0.000000e+00,0.000000e+00,0.000000e+00,0.000000e+00
1.000000e+00,0.000000e+00,0.000000e+00,0.000000e+00,0.000000e+00,0.000000e+00,0.000000e+00,0.000000e+00,0.000000e+00,0.000000e+00,0.000000e+00,0.000000e+00,0.000000e+00,0.000000e+00,0.000000e+00
1.000000e+00,0.000000e+00,0.000000e+00,0.000000e+00,0.000000e+00,0.000000e+00,0.000000e+00,0.000000e+00,0.000000e+00,0.000000e+00,0.000000e+00,0.000000e+00,0.000000e+00,0.000000e+00,0.000000e+00
1.000000e+00,0.000000e+00,0.000000e+00,0.000000e+00,0.000000e+00,0.000000e+00,0.000000e+00,0.000000e+00,0.000000e+00,0.000000e+00,0.000000e+00,0.000000e+00,0.000000e+00,0.000000e+00,0.000000e+00
1.000000e+00,0.000000e+00,0.000000e+00,0.000000e+00,0.000000e+00,0.000000e+00,0.000000e+00,0.000000e+00,0.000000e+00,0.000000e+00,0.000000e+00,0.000000e+00,0.000000e+00,0.000000e+00,0.000000e+00
1.000000e+00,0.000000e+00,0.000000e+00,0.000000e+00,0.000000e+00,0.000000e+00,0.000000e+00,0.000000e+00,0.000000e+00,0.000000e+00,0.000000e+00,0.000000e+00,0.000000e+00,0.000000e+00,0.000000e+00
1.000000e+00,0.000000e+00,0.000000e+00,0.000000e+00,0.000000e+00,0.000000e+00,0.000000e+00,0.000000e+00,0.000000e+00,0.000000e+00,0.000000e+00,0.000000e+00,0.000000e+00,0.000000e+00,0.000000e+00
1.000000e+00,0.000000e+00,0.000000e+00,0.000000e+00,0.000000e+00,0.000000e+00,0.000000e+00,0.000000e+00,0.000000e+00,0.000000e+00,0.000000e+00,0.000000e+00,0.000000e+00,0.000000e+00,0.000000e+00
1.000000e+00,0.000000e+00,0.000000e+00,0.000000e+00,0.000000e+00,0.000000e+00,0.000000e+00,0.000000e+00,0.000000e+00,0.000000e+00,0.000000e+00,0.000000e+00,0.000000e+00,0.000000e+00,0.000000e+00
1.000000e+00,0.000000e+00,0.000000e+00,0.000000e+00,0.000000e+00,0.000000e+00,0.000000e+00,0.000000e+00,0.000000e+00,0.000000e+00,0.000000e+00,0.000000e+00,0.000000e+00,0.000000e+00,0.000000e+00
1.000000e+00,0.000000e+00,0.000000e+00,0.000000e+00,0.000000e+00,0.000000e+00,0.000000e+00,0.000000e+00,0.000000e+00,0.000000e+00,0.000000e+00,0.000000e+00,0.000000e+00,0.000000e+00,0.000000e+00
1.000000e+00,0.000000e+00,0.000000e+00,0.000000e+00,0.000000e+00,0.000000e+00,0.000000e+00,0.000000e+00,0.000000e+00,0.000000e+00,0.000000e+00,0.000000e+00,0.000000e+00,0.000000e+00,0.000000e+00
1.000000e+00,0.000000e+00,0.000000e+00,0.000000e+00,0.000000e+00,0.000000e+00,0.000000e+00,0.000000e+00,0.000000e+00,0.000000e+00,0.000000e+00,0.000000e+00,0.000000e+00,0.000000e+00,0.000000e+00
1.000000e+00,0.000000e+00,0.000000e+00,0.000000e+00,0.000000e+00,0.000000e+00,0.000000e+00,0.000000e+00,0.000000e+00,0.000000e+00,0.000000e+00,0.000000e+00,0.000000e+00,0.000000e+00,0.000000e+00
1.000000e+00,0.000000e+00,0.000000e+00,0.000000e+00,0.000000e+00,0.000000e+00,0.000000e+00,0.000000e+00,0.000000e+00,0.000000e+00,0.000000e+00,0.000000e+00,0.000000e+00,0.000000e+00,0.000000e+00
1.000000e+00,0.000000e+00,0.000000e+00,0.000000e+00,0.000000e+00,0.000000e+00,0.000000e+00,0.000000e+00,0.000000e+00,0.000000e+00,0.000000e+00,0.000000e+00,0.000000e+00,0.000000e+00,0.000000e+00
1.000000e+00,0.000000e+00,0.000000e+00,0.000000e+00,0.000000e+00,0.000000e+00,0.000000e+00,0.000000e+00,0.000000e+00,0.000000e+00,0.000000e+00,0.000000e+00,0.000000e+00,0.000000e+00,0.000000e+00
1.000000e+00,0.000000e+00,0.000000e+00,0.000000e+00,0.000000e+00,0.000000e+00,0.000000e+00,0.000000e+00,0.000000e+00,0.000000e+00,0.000000e+00,0.000000e+00,0.000000e+00,0.000000e+00,0.000000e+00
1.000000e+00,0.000000e+00,0.000000e+00,0.000000e+00,0.000000e+00,0.000000e+00,0.000000e+00,0.000000e+00,0.000000e+00,0.000000e+00,0.000000e+00,0.000000e+00,0.000000e+00,0.000000e+00,0.000000e+00
1.000000e+00,0.000000e+00,0.000000e+00,0.000000e+00,0.000000e+00,0.000000e+00,0.000000e+00,0.000000e+00,0.000000e+00,0.000000e+00,0.000000e+00,0.000000e+00,0.000000e+00,0.000000e+00,0.000000e+00
1.000000e+00,0.000000e+00,0.000000e+00,0.000000e+00,0.000000e+00,0.000000e+00,0.000000e+00,0.000000e+00,0.000000e+00,0.000000e+00,0.000000e+00,0.000000e+00,0.000000e+00,0.000000e+00,0.000000e+00
1.000000e+00,0.000000e+00,0.000000e+00,0.000000e+00,0.000000e+00,0.000000e+00,0.000000e+00,0.000000e+00,0.000000e+00,0.000000e+00,0.000000e+00,0.000000e+00,0.000000e+00,0.000000e+00,0.000000e+00
1.000000e+00,0.000000e+00,0.000000e+00,0.000000e+00,0.000000e+00,0.000000e+00,0.000000e+00,0.000000e+00,0.000000e+00,0.000000e+00,0.000000e+00,0.000000e+00,0.000000e+00,0.000000e+00,0.000000e+00
1.000000e+00,0.000000e+00,0.000000e+00,0.000000e+00,0.000000e+00,0.000000e+00,0.000000e+00,0.000000e+00,0.000000e+00,0.000000e+00,0.000000e+00,0.000000e+00,0.000000e+00,0.000000e+00,0.000000e+00
1.000000e+00,0.000000e+00,0.000000e+00,0.000000e+00,0.000000e+00,0.000000e+00,0.000000e+00,0.000000e+00,0.000000e+00,0.000000e+00,0.000000e+00,0.000000e+00,0.000000e+00,0.000000e+00,0.000000e+00
1.000000e+00,0.000000e+00,0.000000e+00,0.000000e+00,0.000000e+00,0.000000e+00,0.000000e+00,0.000000e+00,0.000000e+00,0.000000e+00,0.000000e+00,0.000000e+00,0.000000e+00,0.000000e+00,0.000000e+00
1.000000e+00,0.000000e+00,0.000000e+00,0.000000e+00,0.000000e+00,0.000000e+00,0.000000e+00,0.000000e+00,0.000000e+00,0.000000e+00,0.000000e+00,0.000000e+00,0.000000e+00,0.000000e+00,0.000000e+00
1.000000e+00,0.000000e+00,0.000000e+00,0.000000e+00,0.000000e+00,0.000000e+00,0.000000e+00,0.000000e+00,0.000000e+00,0.000000e+00,0.000000e+00,0.000000e+00,0.000000e+00,0.000000e+00,0.000000e+00
4.236639e-01,8.133155e-03,9.409956e-03,1.803482e-02,7.621449e-03,2.478593e-02,4.385156e-01,1.766153e-02,2.557323e-03,1.066260e-03,5.460549e-03,2.261770e-02,1.277212e-02,1.017668e-03,6.682142e-03
2.984084e-01,5.762397e-03,6.920877e-03,1.266782e-02,5.668193e-03,1.907091e-02,5.769796e-01,3.739196e-02,1.820975e-03,7.672357e-04,3.889261e-03,1.597191e-02,9.200398e-03,7.440820e-04,4.735935e-03
2.089495e-01,4.041652e-03,4.978616e-03,8.875577e-03,4.053799e-03,1.348569e-02,6.844674e-01,4.507196e-02,1.278510e-03,5.406516e-04,2.737490e-03,1.118833e-02,6.474153e-03,5.316593e-04,3.325079e-03
1.463089e-01,2.834440e-03,3.664141e-03,6.219903e-03,2.924639e-03,9.520440e-03,7.511830e-01,5.901676e-02,8.970538e-04,3.830908e-04,1.933515e-03,7.836472e-03,4.550742e-03,3.916627e-04,2.335210e-03
1.025071e-01,1.988905e-03,2.762327e-03,4.363229e-03,2.118480e-03,6.732354e-03,7.040739e-01,1.625502e-01,6.300982e-04,2.710773e-04,1.375793e-03,5.493555e-03,3.194994e-03,2.989802e-04,1.638990e-03
7.182842e-02,1.396619e-03,2.091018e-03,3.060809e-03,1.550687e-03,4.751746e-03,6.498147e-01,2.564284e-01,4.431556e-04,1.914212e-04,9.771677e-04,3.849182e-03,2.244934e-03,2.212912e-04,1.150434e-03
5.028617e-02,9.793426e-04,1.488001e-03,2.146198e-03,1.169817e-03,3.336899e-03,6.778006e-01,2.564147e-01,3.111655e-04,1.355323e-04,6.897284e-04,2.697257e-03,1.579013e-03,1.581961e-04,8.074350e-04
3.523811e-02,6.925530e-04,1.084696e-03,1.525003e-03,1.450396e-03,2.403058e-03,6.797465e-01,2.732244e-01,2.266482e-04,1.152642e-04,5.045630e-04,1.917040e-03,1.182121e-03,1.158901e-04,5.738385e-04
2.476218e-02,4.953586e-04,8.115252e-04,1.120435e-03,2.416401e-03,1.757241e-03,6.221910e-01,3.430091e-01,1.668119e-04,1.020951e-04,3.804753e-04,1.371352e-03,9.115837e-04,9.086441e-05,4.136362e-04
1.777780e-02,4.056656e-04,6.386389e-04,9.240719e-04,2.461628e-02,1.448451e-03,5.162380e-01,4.319215e-01,4.463454e-04,3.181015e-04,9.473669e-04,1.299586e-03,2.231305e-03,1.853629e-04,6.015166e-04
1.302509e-02,3.680800e-04,5.164278e-04,7.909461e-04,4.018648e-02,1.200601e-03,4.763897e-01,4.480905e-01,2.206792e-03,7.321568e-04,2.391126e-03,2.128561e-03,8.162603e-03,5.125023e-04,3.298404e-03
9.314180e-03,3.596342e-04,3.983565e-04,7.068256e-04,3.170464e-02,1.024051e-03,4.178049e-01,3.441361e-01,7.166680e-03,6.698941e-03,8.058143e-02,1.916432e-02,1.668156e-02,2.158303e-02,4.267525e-02
6.592921e-03,2.695834e-04,2.885283e-04,6.477680e-04,2.335758e-02,7.488263e-04,3.296464e-01,2.426252e-01,5.934024e-03,7.270175e-03,1.749395e-01,1.212326e-01,1.587252e-02,3.664903e-02,3.392524e-02
4.702074e-03,2.271440e-04,2.137942e-04,8.249398e-04,1.773528e-02,5.881346e-04,2.811471e-01,1.705670e-01,6.309811e-03,5.651485e-03,1.947730e-01,2.480276e-01,1.265509e-02,3.263107e-02,2.394655e-02
3.510708e-03,2.248438e-04,1.957810e-04,1.130061e-03,1.419920e-02,5.279452e-04,2.362384e-01,1.196684e-01,7.459530e-03,4.552564e-03,2.352723e-01,3.224549e-01,9.351609e-03,2.832890e-02,1.688478e-02
2.698692e-03,3.828569e-04,1.795693e-04,1.218899e-03,1.116584e-02,4.776964e-04,2.032567e-01,8.407146e-02,6.317055e-03,3.902556e-03,2.661356e-01,3.702819e-01,7.045619e-03,3.091641e-02,1.194918e-02
1.970480e-03,3.395140e-04,1.471057e-04,1.018634e-03,9.087302e-03,4.341136e-04,1.451350e-01,5.891039e-02,4.601709e-03,3.587628e-03,2.414664e-01,4.947259e-01,5.105996e-03,2.504791e-02,8.421880e-03
1.435833e-03,8.293141e-04,2.163682e-04,8.165698e-04,1.049156e-02,5.050536e-04,1.017852e-01,4.132976e-02,3.379706e-03,3.196199e-03,2.236931e-01,5.804098e-01,3.643540e-03,2.233488e-02,5.933100e-03
1.026835e-03,6.639381e-04,2.304678e-04,6.454128e-04,1.407271e-02,4.741227e-04,7.137951e-02,2.900023e-02,2.539945e-03,3.006878e-03,1.859835e-01,6.662605e-01,2.604155e-03,1.792677e-02,4.184945e-03
7.403845e-04,6.122537e-04,2.811452e-04,4.891314e-04,2.122555e-02,5.207190e-04,5.003134e-02,2.033138e-02,1.886079e-03,2.320431e-03,1.579809e-01,7.252329e-01,1.909176e-03,1.348974e-02,2.948866e-03
5.392153e-04,7.004010e-04,3.083253e-04,3.702281e-04,2.285255e-02,5.369285e-04,3.504852e-02,1.425388e-02,1.430727e-03,1.798177e-03,1.327265e-01,7.752736e-01,1.416176e-03,1.066539e-02,2.079454e-03
4.094393e-04,7.219809e-04,3.958241e-04,2.728334e-04,1.948001e-02,4.805823e-04,2.456063e-02,9.992998e-03,1.085778e-03,1.528632e-03,1.004952e-01,8.297666e-01,1.112160e-03,8.233724e-03,1.463627e-03
3.022953e-04,2.068459e-03,1.421209e-03,2.007331e-04,1.509332e-02,3.676906e-04,1.719579e-02,7.009438e-03,1.127280e-03,1.164142e-03,1.008605e-01,8.448104e-01,8.111870e-04,6.531508e-03,1.036189e-03
2.419823e-04,1.994936e-03,1.592568e-03,1.588965e-04,1.154919e-02,2.894941e-04,1.204504e-02,4.945175e-03,1.127484e-03,1.151914e-03,8.663008e-02,8.716031e-01,6.343491e-04,5.304774e-03,7.310922e-04
2.271519e-04,3.011333e-03,2.225318e-03,1.502026e-04,9.230458e-03,3.272762e-04,8.441173e-03,3.549137e-03,1.174334e-03,1.075415e-03,7.115939e-02,8.938188e-01,5.125602e-04,4.572293e-03,5.252430e-04
4.918437e-04,5.727746e-03,9.925589e-03,6.808568e-04,7.384250e-03,7.493413e-04,5.954687e-03,3.846693e-03,1.209181e-03,1.667061e-03,5.858874e-02,8.984715e-01,4.412239e-04,4.472388e-03,3.890162e-04
1.406122e-03,8.036811e-03,1.707520e-02,1.134693e-03,6.640606e-03,1.906732e-03,4.364631e-03,4.778463e-03,1.139336e-03,2.189142e-03,5.374710e-02,8.927300e-01,4.132222e-04,4.074508e-03,3.635222e-04
2.471176e-03,6.878260e-03,1.822937e-02,3.454447e-03,9.152064e-03,2.096782e-03,3.482040e-03,2.795025e-02,1.710859e-03,1.986246e-03,4.590029e-02,8.723744e-01,3.675607e-04,3.627711e-03,3.186166e-04
5.123232e-03,5.671597e-03,2.216803e-02,7.319213e-03,1.200749e-02,3.864596e-03,4.613784e-03,6.146605e-02,2.101367e-03,2.645373e-03,4.396442e-02,8.250106e-01,3.851369e-04,3.368820e-03,2.904313e-04
5.729141e-03,5.202214e-03,1.678233e-02,7.625387e-03,3.914879e-02,3.666728e-03,3.798630e-03,7.320791e-02,4.235331e-03,2.251689e-03,8.731497e-02,7.469336e-01,4.065623e-04,3.459486e-03,2.373621e-04
6.691176e-03,4.132093e-03,1.284268e-02,1.187376e-02,3.557209e-02,3.386536e-03,2.981904e-03,1.005325e-01,3.795660e-03,2.116472e-03,1.315199e-01,6.804682e-01,3.439852e-04,3.556307e-03,1.868236e-04
1.222132e-02,4.577334e-03,1.500457e-02,1.737695e-02,3.954836e-02,4.417258e-03,3.012944e-03,1.063715e-01,3.915024e-03,2.297286e-03,1.811371e-01,6.047745e-01,3.413506e-04,4.679806e-03,3.248552e-04
1.500872e-02,4.448987e-03,1.404414e-02,1.858773e-02,3.953975e-02,7.381000e-03,3.776256e-03,9.265006e-02,4.045501e-03,2.661102e-03,2.862488e-01,5.001855e-01,3.577695e-04,1.072798e-02,3.367600e-04
2.917285e-02,6.116001e-03,1.317171e-02,1.866725e-02,4.033664e-02,1.231763e-02,4.165397e-03,7.271608e-02,4.200707e-03,2.883337e-03,3.711600e-01,4.079131e-01,5.059501e-04,1.615333e-02,5.200605e-04
4.097707e-02,5.881048e-03,1.256784e-02,2.572963e-02,3.391903e-02,1.791407e-02,3.332895e-03,5.538295e-02,4.553384e-03,3.878963e-03,4.491820e-01,3.206302e-01,6.143887e-04,2.464128e-02,7.952719e-04
6.784222e-02,1.075031e-02,1.408679e-02,2.705011e-02,3.077523e-02,2.279466e-02,3.130577e-03,4.126751e-02,4.804978e-03,4.027798e-03,4.741081e-01,2.715159e-01,7.999674e-04,2.564370e-02,1.402145e-03
9.417154e-02,1.426729e-02,1.996359e-02,2.815564e-02,5.517323e-02,1.945321e-02,4.523529e-03,4.213391e-02,6.186045e-03,3.852016e-03,4.397307e-01,2.362135e-01,1.087190e-03,3.343725e-02,1.651389e-03
1.194728e-01,1.576566e-02,1.872176e-02,2.058391e-02,4.421355e-02,1.918111e-02,3.666769e-03,3.057080e-02,5.371768e-03,3.191633e-03,4.415505e-01,2.475275e-01,1.115183e-03,2.747575e-02,1.591383e-03
1.437443e-01,1.890226e-02,1.889695e-02,1.485243e-02,4.077045e-02,2.577043e-02,3.721738e-03,2.281363e-02,4.160922e-03,3.158707e-03,3.905677e-01,2.864580e-01,1.183803e-03,2.312078e-02,1.877987e-03
1.159714e-01,2.269172e-02,1.952210e-02,1.071132e-02,6.289177e-02,2.210424e-02,3.338407e-03,1.660730e-02,3.713902e-03,2.622349e-03,3.902319e-01,3.079959e-01,1.451224e-03,1.823905e-02,1.907417e-03
8.887834e-02,2.048806e-02,1.812769e-02,7.693271e-03,7.962994e-02,2.852712e-02,3.399803e-03,1.271338e-02,2.933225e-03,2.045694e-03,3.340328e-01,3.828350e-01,1.405719e-03,1.544539e-02,1.844608e-03
7.763474e-02,1.726076e-02,1.663826e-02,5.787806e-03,6.445462e-02,2.481715e-02,3.077255e-03,9.985298e-03,2.280581e-03,2.365449e-03,2.800248e-01,4.788440e-01,1.867133e-03,1.328008e-02,1.682086e-03
5.623002e-02,1.231681e-02,1.177455e-02,4.102821e-03,4.823961e-02,1.912495e-02,2.371465e-03,7.227715e-03,1.731671e-03,2.256335e-03,3.083129e-01,5.122440e-01,2.764286e-03,1.002927e-02,1.273688e-03
4.146232e-02,9.287721e-03,8.535564e-03,3.018992e-03,4.937258e-02,1.662643e-02,2.565398e-03,5.488452e-03,1.492099e-03,2.133492e-03,3.647271e-01,4.828065e-01,3.856927e-03,7.476168e-03,1.150257e-03
3.126788e-02,7.210222e-03,6.306601e-03,2.275134e-03,4.566734e-02,1.840177e-02,3.118988e-03,4.252702e-03,1.518735e-03,2.330200e-03,4.299021e-01,4.363943e-01,4.105679e-03,5.856393e-03,1.391864e-03
2.440155e-02,5.580342e-03,4.775824e-03,1.874848e-03,3.684094e-02,2.343971e-02,2.561522e-03,3.304113e-03,1.641955e-03,2.327952e-03,3.629338e-01,5.198353e-01,4.216043e-03,4.756887e-03,1.509239e-03
1.806832e-02,4.228057e-03,4.038090e-03,1.388488e-03,4.436454e-02,1.878951e-02,1.946235e-03,2.604606e-03,3.745114e-03,2.366159e-03,2.696766e-01,6.197736e-01,3.644954e-03,3.828248e-03,1.537547e-03
1.348572e-02,3.466644e-03,3.716963e-03,1.052081e-03,7.629235e-02,1.435043e-02,2.296641e-03,2.302296e-03,4.445415e-03,2.426087e-03,2.019933e-01,6.663298e-01,3.186648e-03,3.259773e-03,1.395849e-03
9.816985e-03,2.854693e-03,4.022597e-03,8.407276e-04,1.041308e-01,1.200064e-02,3.920027e-03,2.574007e-03,5.071840e-03,2.015613e-03,1.518953e-01,6.944393e-01,2.607303e-03,2.637529e-03,1.172684e-03
9.526503e-03,2.245811e-03,4.267417e-03,8.610279e-04,1.463003e-01,1.245164e-02,5.594681e-03,1.351946e-02,1.004612e-02,3.613407e-03,1.237912e-01,6.594597e-01,3.656548e-03,3.552110e-03,1.114114e-03
8.687169e-03,1.835346e-03,3.959196e-03,7.942898e-04,1.846617e-01,1.439509e-02,8.420341e-03,1.493562e-02,1.116021e-02,5.153691e-03,1.093774e-01,6.275721e-01,3.542963e-03,3.890673e-03,1.614288e-03
9.644683e-03,1.536878e-03,3.152086e-03,7.016650e-04,1.476915e-01,2.307609e-02,6.118842e-03,1.229198e-02,1.159753e-02,3.993774e-03,1.370355e-01,6.074715e-01,3.068718e-02,3.680816e-03,1.320043e-03
1.346996e-02,1.490543e-03,3.074544e-03,1.139351e-03,1.272103e-01,4.104961e-02,4.641344e-03,2.120003e-02,1.218915e-02,3.250519e-03,1.803569e-01,5.474145e-01,3.824736e-02,4.168461e-03,1.097426e-03
1.205536e-02,1.160697e-03,2.505356e-03,1.071865e-03,9.914005e-02,3.804229e-02,3.357904e-03,1.781434e-02,1.016219e-02,2.657181e-03,2.052452e-01,5.192988e-01,8.298879e-02,3.660060e-03,8.400010e-04
1.531734e-02,8.906664e-04,1.917338e-03,8.717131e-04,7.501197e-02,2.977342e-02,2.509828e-03,1.344955e-02,7.652813e-03,1.949601e-03,1.860756e-01,5.736138e-01,8.688465e-02,3.413579e-03,6.681936e-04
1.500918e-02,6.956606e-04,1.446371e-03,6.761513e-04,5.682535e-02,2.369919e-02,2.046091e-03,1.065731e-02,5.656435e-03,1.418171e-03,1.621331e-01,6.209729e-01,9.420407e-02,4.050620e-03,5.094188e-04
1.578720e-02,5.754270e-04,1.074133e-03,5.089090e-04,4.465942e-02,1.814926e-02,1.560173e-03,8.024166e-03,4.336018e-03,1.014556e-03,1.295874e-01,6.836823e-01,8.591442e-02,4.742133e-03,3.844477e-04
1.549480e-02,4.696542e-04,7.740760e-04,3.851179e-04,3.348619e-02,1.444814e-02,1.176042e-03,6.113785e-03,3.226345e-03,7.206650e-04,1.032222e-01,7.477149e-01,6.825329e-02,4.221139e-03,2.936635e-04
1.756216e-02,3.988448e-04,5.760104e-04,3.354151e-04,2.522071e-02,1.449988e-02,9.282538e-04,4.864225e-03,2.611877e-03,5.235892e-04,8.911954e-02,7.831130e-01,5.587581e-02,4.120368e-03,2.503138e-04
1.930229e-02,4.030152e-04,4.867543e-04,2.976265e-04,1.933515e-02,1.537340e-02,9.262018e-04,5.845267e-03,2.767990e-03,3.840879e-04,7.220434e-02,8.089473e-01,4.921075e-02,4.276233e-03,2.396009e-04
2.299174e-02,4.954452e-04,4.191284e-04,2.889808e-04,1.629449e-02,2.278917e-02,7.215093e-04,5.257991e-03,2.494788e-03,2.891122e-04,6.769370e-02,8.098879e-01,4.555340e-02,4.587879e-03,2.347873e-04
2.887443e-02,4.927919e-04,3.722279e-04,2.960167e-04,1.315641e-02,2.231486e-02,9.305975e-04,4.439751e-03,2.143223e-03,2.192724e-04,6.135084e-02,8.203691e-01,3.967610e-02,5.152604e-03,2.117585e-04
2.987901e-02,5.541905e-04,3.505245e-04,3.144709e-04,1.069274e-02,1.843838e-02,9.105080e-04,4.395182e-03,2.012409e-03,1.860698e-04,4.913514e-02,8.334625e-01,4.485720e-02,4.601265e-03,2.104628e-04
2.905366e-02,4.577011e-04,3.201612e-04,2.880419e-04,8.106302e-03,2.380218e-02,1.099128e-03,6.736156e-03,1.608864e-03,1.495282e-04,4.147296e-02,8.347218e-01,4.772065e-02,4.247549e-03,2.153417e-04
2.639965e-02,4.134878e-04,3.939124e-04,3.644555e-04,8.134400e-03,3.534173e-02,9.965178e-04,6.466275e-03,2.127378e-03,1.406917e-04,3.615819e-02,7.989931e-01,7.990809e-02,3.889524e-03,2.725665e-04
2.282112e-02,4.075381e-04,4.984931e-04,4.673747e-04,8.208110e-03,6.171139e-02,8.940336e-04,5.654962e-03,2.872973e-03,1.336803e-04,2.862507e-02,6.752981e-01,1.886656e-01,3.319487e-03,4.220785e-04
2.373021e-02,4.339473e-04,7.850328e-04,6.012076e-04,1.093582e-02,7.250850e-02,1.632828e-03,5.934465e-03,4.444930e-03,1.440481e-04,2.461548e-02,6.830840e-01,1.674124e-01,2.926881e-03,8.103135e-04
2.142463e-02,1.327142e-03,2.968692e-03,6.124461e-04,1.407952e-02,7.896870e-02,2.177138e-03,4.975233e-03,1.184931e-02,3.005494e-04,1.859054e-02,5.967768e-01,2.414298e-01,2.232505e-03,2.287047e-03
2.002784e-02,2.370073e-03,7.209744e-03,7.774533e-04,1.496376e-02,1.198983e-01,2.906993e-03,3.791450e-03,2.166222e-02,5.696970e-04,1.406116e-02,4.575919e-01,3.238204e-01,2.386419e-03,7.962638e-03
1.894303e-02,2.545930e-03,7.476361e-03,6.561574e-04,1.822752e-02,1.065993e-01,8.881143e-03,5.051225e-03,2.394026e-02,5.093980e-04,1.073031e-02,3.633142e-01,4.226320e-01,1.828116e-03,8.665106e-03
1.889504e-02,2.230615e-03,6.514306e-03,5.141474e-04,1.778118e-02,8.495270e-02,1.425606e-02,7.008898e-03,2.056795e-02,3.863863e-04,7.741434e-03,2.841758e-01,5.253385e-01,1.359006e-03,8.278010e-03
2.383172e-02,1.028585e-02,2.712951e-02,4.049345e-03,3.534902e-02,7.198955e-02,2.062410e-02,7.391316e-03,9.642277e-02,6.881728e-04,5.693044e-03,2.138345e-01,4.741269e-01,1.054634e-03,7.529597e-03
2.018412e-02,8.747660e-03,1.975346e-02,2.915673e-03,2.662575e-02,5.291341e-02,1.566531e-02,6.060779e-03,7.066349e-02,5.100849e-04,4.148483e-03,1.515599e-01,6.133689e-01,7.962978e-04,6.086660e-03
1.780307e-02,7.827824e-03,1.515485e-02,2.360715e-03,2.427255e-02,3.889413e-02,1.405776e-02,9.318512e-03,6.079866e-02,4.409399e-04,3.104894e-03,1.078316e-01,6.920307e-01,6.283784e-04,5.475438e-03
1.962827e-02,6.802328e-03,1.190936e-02,3.332260e-03,2.056691e-02,2.869623e-02,1.079038e-02,1.245739e-02,5.238632e-02,4.193888e-04,2.467224e-03,7.929565e-02,7.464712e-01,4.883044e-04,4.288802e-03
1.943319e-02,5.380819e-03,8.597488e-03,2.412234e-03,1.620986e-02,2.463583e-02,8.040890e-03,1.067950e-02,3.959729e-02,3.038369e-04,1.859567e-03,5.717589e-02,8.018630e-01,3.722605e-04,3.438353e-03
2.729665e-02,6.841565e-03,6.505163e-03,2.288901e-03,1.440958e-02,1.982238e-02,6.079352e-03,8.930386e-03,5.470312e-02,2.752500e-04,1.460164e-03,4.149313e-02,8.066014e-01,4.177156e-04,2.875204e-03
2.562445e-02,5.337853e-03,4.724110e-03,1.776313e-03,1.147968e-02,1.572092e-02,4.612924e-03,6.992392e-03,4.544002e-02,2.338514e-04,1.099786e-03,2.961405e-02,8.448867e-01,3.104655e-04,2.146511e-03
2.234304e-02,4.001139e-03,3.372273e-03,1.292014e-03,9.177441e-03,1.163628e-02,3.379991e-03,5.786492e-03,3.282358e-02,1.712860e-04,8.566901e-04,2.193187e-02,8.814340e-01,2.329856e-04,1.560934e-03
1.982753e-02,3.107047e-03,2.416106e-03,9.697155e-04,7.344237e-03,9.927361e-03,2.571461e-03,4.480321e-03,2.430933e-02,1.331509e-04,6.528216e-04,1.624255e-02,9.066824e-01,1.816371e-04,1.154302e-03
1.604545e-02,2.603748e-03,1.802997e-03,7.253301e-04,5.629358e-03,1.155515e-02,2.067874e-03,3.447365e-03,1.945395e-02,1.090920e-04,5.105900e-04,1.172889e-02,9.232280e-01,1.356222e-04,9.565630e-04
1.283710e-02,2.103853e-03,1.446336e-03,5.274393e-04,5.370727e-03,8.672200e-03,2.179309e-03,2.764617e-03,1.586805e-02,9.762825e-05,4.211454e-04,8.462082e-03,9.383046e-01,1.016330e-04,8.432855e-04
1.066605e-02,1.685123e-03,1.162954e-03,3.966007e-04,4.999016e-03,6.353034e-03,1.715756e-03,2.361594e-03,1.192977e-02,7.327896e-05,3.445851e-04,6.106650e-03,9.515005e-01,7.461228e-05,6.304313e-04
1.017873e-02,1.434720e-03,1.149462e-03,2.948304e-04,5.552795e-03,4.880659e-03,1.725109e-03,3.191866e-03,9.559383e-03,5.892645e-05,2.874790e-04,4.728367e-03,9.563633e-01,6.240191e-05,5.319509e-04
9.597723e-03,1.085479e-03,1.813509e-03,2.648673e-04,6.265332e-03,3.774598e-03,2.057905e-03,1.844234e-02,7.484707e-03,5.386992e-05,3.456590e-04,3.527931e-03,9.447373e-01,5.280103e-05,4.960193e-04
1.634410e-02,9.222183e-04,3.150964e-03,4.162922e-04,6.320561e-03,3.244787e-03,1.863419e-03,2.094463e-02,6.931704e-03,4.652606e-05,3.647392e-04,2.679748e-03,9.362148e-01,5.210016e-05,5.034099e-04
3.669671e-02,3.145420e-03,4.166114e-03,5.547514e-04,5.724914e-03,2.154589e-02,2.001620e-03,1.663169e-02,1.962071e-02,1.099614e-04,3.649858e-04,2.171526e-03,8.833183e-01,1.501540e-04,3.797247e-03
7.915726e-02,2.950461e-03,3.674830e-03,2.036840e-03,5.980340e-03,2.139657e-02,1.707965e-03,1.193038e-02,1.815949e-02,1.267448e-04,5.036570e-04,1.735955e-03,8.409066e-01,1.791970e-04,9.553738e-03
1.368886e-01,2.422288e-03,2.959896e-03,2.822581e-03,5.536798e-03,1.860015e-02,1.611043e-03,8.802808e-03,1.544623e-02,1.117397e-04,6.191260e-04,1.950336e-03,7.939636e-01,3.270709e-04,7.937795e-03
1.721178e-01,3.364852e-03,2.949276e-03,9.516703e-03,9.126034e-03,1.698009e-02,1.864195e-03,6.835572e-03,1.299556e-02,3.851218e-04,9.163430e-04,5.063518e-03,7.422062e-01,1.709444e-03,1.396921e-02
1.801783e-01,3.739416e-03,2.662109e-03,1.615374e-02,1.603417e-02,2.092318e-02,2.241828e-03,8.272586e-03,1.137094e-02,5.675650e-04,1.865725e-03,9.541314e-03,7.100316e-01,2.175735e-03,1.424177e-02
1.833953e-01,4.096160e-03,4.345433e-03,2.476623e-02,1.651887e-02,1.901692e-02,2.004975e-03,1.058819e-02,9.524306e-03,7.198523e-04,6.170452e-03,1.232513e-02,6.876751e-01,3.931414e-03,1.492169e-02
1.813267e-01,4.536244e-03,8.856855e-03,2.677546e-02,1.510620e-02,1.664419e-02,1.966263e-03,1.289192e-02,8.074728e-03,6.785800e-04,8.563720e-03,1.506054e-02,6.817396e-01,3.980930e-03,1.379810e-02
1.935213e-01,5.565286e-03,3.242305e-02,4.191070e-02,1.600310e-02,1.453631e-02,3.055776e-03,4.998571e-02,7.461699e-03,6.727311e-04,1.341311e-02,2.266032e-02,5.796475e-01,4.800373e-03,1.434302e-02
2.042469e-01,5.967634e-03,4.189335e-02,4.101755e-02,1.637119e-02,1.534976e-02,3.859692e-03,1.417927e-01,6.207970e-03,7.355399e-04,1.315832e-02,1.885567e-02,4.737317e-01,4.376461e-03,1.243563e-02
1.925444e-01,4.840262e-03,4.475510e-02,3.381446e-02,1.546144e-02,1.334061e-02,8.766208e-03,3.007950e-01,4.786336e-03,6.071867e-04,1.009251e-02,1.428448e-02,3.430741e-01,3.345109e-03,9.492932e-03
2.455580e-01,5.041201e-03,6.106374e-02,3.605267e-02,1.693622e-02,3.268312e-02,1.859741e-02,2.862909e-01,4.294239e-03,8.126363e-04,8.535023e-03,1.430268e-02,2.548232e-01,3.428555e-03,1.158036e-02
2.589800e-01,5.042334e-03,7.556668e-02,3.951096e-02,2.465378e-02,2.712028e-02,2.044971e-02,3.300658e-01,5.417034e-03,7.923531e-04,7.011182e-03,1.206085e-02,1.804503e-01,2.879128e-03,9.999556e-03
2.808317e-01,5.420594e-03,7.851177e-02,4.514779e-02,2.857424e-02,2.590746e-02,2.448899e-02,3.441037e-01,6.051139e-03,9.726115e-04,6.338081e-03,1.099689e-02,1.285449e-01,2.684679e-03,1.142550e-02
3.203467e-01,7.221565e-03,8.100488e-02,4.559188e-02,2.415257e-02,3.543425e-02,3.261433e-02,3.117993e-01,5.335976e-03,3.040141e-03,5.866338e-03,1.233966e-02,9.776945e-02,3.530837e-03,1.395208e-02
3.163695e-01,1.099005e-02,1.277096e-01,4.144689e-02,2.059698e-02,4.715864e-02,3.494573e-02,2.643089e-01,5.700168e-03,1.054932e-02,5.456309e-03,1.162224e-02,7.655577e-02,4.578383e-03,2.201149e-02
2.700184e-01,1.405676e-02,1.296113e-01,3.560573e-02,1.693097e-02,6.385424e-02,4.393845e-02,2.298062e-01,1.168773e-02,1.686925e-02,7.344492e-03,1.100358e-02,1.120757e-01,4.388870e-03,3.280845e-02
2.623300e-01,1.252033e-02,1.217491e-01,2.914843e-02,1.758913e-02,6.070514e-02,4.937848e-02,2.026230e-01,1.533642e-02,1.722518e-02,7.838467e-03,1.335547e-02,1.484366e-01,4.456418e-03,3.730781e-02
2.227097e-01,1.149595e-02,9.137982e-02,2.215869e-02,1.699517e-02,5.270325e-02,4.039558e-02,1.653846e-01,1.628184e-02,1.386234e-02,6.663088e-03,1.128793e-02,2.902821e-01,3.336168e-03,3.506377e-02
1.948551e-01,1.136476e-02,7.964040e-02,2.429523e-02,1.834255e-02,4.227155e-02,3.753934e-02,1.218684e-01,3.326387e-02,1.206028e-02,5.206961e-03,9.739705e-03,3.773062e-01,2.950249e-03,2.929547e-02
2.259570e-01,1.101295e-02,6.199750e-02,1.883035e-02,1.561875e-02,3.844716e-02,2.898879e-02,9.195501e-02,2.563386e-02,8.764363e-03,4.427851e-03,8.491023e-03,4.323212e-01,2.235849e-03,2.531840e-02
1.802943e-01,1.034338e-02,4.868134e-02,1.605574e-02,1.469196e-02,3.493126e-02,2.399700e-02,6.709603e-02,2.470602e-02,7.036906e-03,4.324527e-03,9.966066e-03,5.226513e-01,2.098044e-03,3.312618e-02
1.551807e-01,9.295492e-03,3.626923e-02,2.015078e-02,1.165905e-02,4.645229e-02,1.747420e-02,4.742590e-02,2.253635e-02,6.123980e-03,6.605073e-03,1.277315e-02,5.704313e-01,2.045667e-03,3.557687e-02
1.695841e-01,8.855562e-03,2.622598e-02,2.470542e-02,1.253286e-02,5.663025e-02,1.331829e-02,3.389918e-02,2.423665e-02,5.086194e-03,9.448297e-03,2.563932e-02,5.402689e-01,1.900401e-03,4.766858e-02
1.745689e-01,3.582216e-02,2.113126e-02,3.294200e-02,1.219235e-02,4.352266e-02,9.677084e-03,2.459616e-02,4.629343e-02,6.191493e-03,1.109808e-02,3.407716e-02,4.749189e-01,4.345124e-03,6.862320e-02
2.033725e-01,3.201546e-02,1.821804e-02,3.276182e-02,1.210247e-02,3.818257e-02,8.490343e-03,2.091233e-02,6.903340e-02,6.475510e-03,2.005962e-02,3.911101e-02,3.936806e-01,5.730127e-03,9.985417e-02
1.757149e-01,2.448245e-02,1.858952e-02,2.681766e-02,3.237100e-02,3.128852e-02,8.544408e-03,1.803003e-02,8.781172e-02,5.463290e-03,4.444832e-02,4.338549e-02,3.718736e-01,5.120572e-03,1.060585e-01
2.356071e-01,1.907439e-02,1.891663e-02,2.243079e-02,3.299887e-02,5.015911e-02,8.548236e-03,2.308873e-02,9.497750e-02,4.837447e-03,4.990316e-02,5.518054e-02,3.007228e-01,4.680590e-03,7.887413e-02
2.440212e-01,1.901104e-02,2.289750e-02,2.067551e-02,4.908689e-02,6.084920e-02,1.167292e-02,2.321037e-02,1.132327e-01,4.609807e-03,5.293409e-02,6.593909e-02,2.415649e-01,4.321994e-03,6.597276e-02
2.596482e-01,1.687498e-02,2.952576e-02,2.200867e-02,4.653425e-02,5.310000e-02,1.167200e-02,4.147261e-02,1.215455e-01,4.497366e-03,4.942787e-02,8.359499e-02,2.055894e-01,5.629446e-03,4.887890e-02
2.334815e-01,1.966156e-02,2.657027e-02,1.882173e-02,4.629562e-02,4.137817e-02,9.571386e-03,3.707923e-02,1.669834e-01,5.912546e-03,5.580674e-02,1.004925e-01,1.929714e-01,6.750298e-03,3.822368e-02
1.940745e-01,1.940519e-02,3.056743e-02,2.087659e-02,5.058515e-02,3.130830e-02,7.444516e-03,5.285026e-02,1.656945e-01,8.490779e-03,6.055290e-02,1.240802e-01,1.927202e-01,9.099634e-03,3.224981e-02
1.399191e-01,2.192887e-02,2.387135e-02,1.675452e-02,3.951376e-02,2.438087e-02,5.452552e-03,4.331673e-02,3.639256e-01,6.510162e-03,4.798003e-02,9.499503e-02,1.419259e-01,6.486963e-03,2.303853e-02
1.030112e-01,2.452503e-02,5.130954e-02,3.205736e-02,3.457063e-02,1.918654e-02,4.127668e-03,3.845627e-02,4.587238e-01,5.317084e-03,3.559237e-02,6.862909e-02,1.026204e-01,4.737469e-03,1.713548e-02
9.789350e-02,2.474647e-02,4.203048e-02,2.531971e-02,4.058591e-02,1.739912e-02,3.755845e-03,3.081713e-02,5.426188e-01,4.277799e-03,2.615209e-02,4.930024e-02,7.683656e-02,3.450256e-03,1.481606e-02
1.135007e-01,2.247248e-02,3.055070e-02,2.007854e-02,4.679740e-02,1.764350e-02,3.946721e-03,2.762673e-02,5.865479e-01,3.227565e-03,1.978370e-02,3.586253e-02,5.757502e-02,2.657406e-03,1.172913e-02
1.526075e-01,1.922240e-02,3.544386e-02,3.158222e-02,6.811424e-02,1.608241e-02,4.589353e-03,7.823554e-02,4.864278e-01,2.798771e-03,1.554364e-02,2.815946e-02,4.781894e-02,2.607746e-03,1.076600e-02
1.910974e-01,2.348458e-02,2.872642e-02,2.649120e-02,6.326025e-02,1.459852e-02,4.184931e-03,6.904630e-02,4.927949e-01,2.372616e-03,1.300538e-02,2.283573e-02,3.579891e-02,3.228683e-03,9.074120e-03
1.984963e-01,2.533075e-02,2.160846e-02,2.101290e-02,5.833085e-02,1.275098e-02,3.476487e-03,5.845172e-02,5.349793e-01,1.797644e-03,1.025653e-02,1.724332e-02,2.644047e-02,2.840240e-03,6.983975e-03
1.891599e-01,2.298446e-02,1.608598e-02,1.579740e-02,5.070345e-02,1.153488e-02,2.801769e-03,4.822808e-02,5.940090e-01,1.375470e-03,7.724633e-03,1.293739e-02,1.917914e-02,2.315727e-03,5.162581e-03
1.701283e-01,1.931573e-02,1.158526e-02,1.141647e-02,4.453219e-02,1.005329e-02,2.186939e-03,3.716627e-02,6.576589e-01,1.061984e-03,5.843058e-03,9.553080e-03,1.385474e-02,1.770511e-03,3.873174e-03
1.385185e-01,1.347615e-01,1.024547e-02,6.161899e-02,5.273758e-02,7.548166e-03,1.689694e-03,2.924871e-02,4.934748e-01,3.096698e-03,1.175342e-02,1.007990e-02,1.382511e-02,3.520195e-03,2.788122e-02
9.754611e-02,2.462930e-01,8.724460e-03,4.922071e-02,3.732391e-02,5.475494e-03,1.197579e-03,2.059156e-02,3.635286e-01,3.150759e-03,1.043427e-01,8.872329e-03,2.154745e-02,7.525573e-03,2.465967e-02
6.935476e-02,2.562791e-01,9.506353e-03,4.075422e-02,2.759421e-02,4.372476e-03,8.586926e-04,1.465931e-02,2.861922e-01,5.039910e-03,2.028667e-01,1.432511e-02,2.179503e-02,1.078851e-02,3.561338e-02
4.881413e-02,1.820846e-01,7.172181e-03,3.400866e-02,2.594683e-02,3.376252e-03,7.406002e-04,1.050736e-02,2.023365e-01,4.622556e-03,3.860252e-01,2.938455e-02,1.731928e-02,2.202417e-02,2.563711e-02
3.447780e-02,1.282831e-01,5.311780e-03,3.429136e-02,3.073473e-02,3.415171e-03,1.021756e-03,8.141126e-03,1.477845e-01,4.089467e-03,4.027598e-01,7.527743e-02,1.403885e-02,9.176479e-02,1.860838e-02
2.429222e-02,8.984594e-02,3.833344e-03,2.636821e-02,2.414313e-02,2.519532e-03,7.913972e-04,5.878875e-03,1.067761e-01,4.194669e-03,3.697377e-01,5.973943e-02,1.017385e-02,2.585680e-01,1.313760e-02
1.721336e-02,6.292269e-02,2.769510e-03,1.945024e-02,1.764334e-02,2.076237e-03,5.705556e-04,4.215489e-03,7.590475e-02,3.247246e-03,3.190583e-01,4.932114e-02,7.284253e-03,4.090348e-01,9.288103e-03
1.222582e-02,4.412038e-02,1.977060e-03,1.406331e-02,1.409221e-02,1.748081e-03,4.267350e-04,3.048703e-03,5.369209e-02,3.102041e-03,3.458309e-01,3.874147e-02,5.285623e-03,4.550406e-01,6.604976e-03
8.662928e-03,3.093432e-02,1.409311e-03,1.000450e-02,1.694987e-02,1.452400e-03,4.969961e-04,2.253062e-03,3.787708e-02,2.920141e-03,3.105535e-01,3.079326e-02,4.044393e-03,5.369540e-01,4.694238e-03
6.195897e-03,2.181498e-02,1.067248e-03,7.204543e-03,4.053707e-02,1.315203e-03,4.369486e-04,1.715202e-03,2.712096e-02,2.855624e-03,2.556313e-01,2.454223e-02,3.086374e-03,6.030634e-01,3.413067e-03
4.614341e-03,1.592574e-02,9.065416e-04,5.442600e-03,8.489236e-02,1.069840e-03,4.446378e-04,1.434010e-03,2.222312e-02,3.381771e-03,2.482933e-01,2.470448e-02,2.253681e-03,5.811892e-01,3.224370e-03
3.364550e-03,1.163855e-02,9.899328e-04,4.609852e-03,8.725566e-02,2.081689e-03,6.119489e-04,1.065154e-03,1.703215e-02,3.989039e-03,2.360923e-01,2.400151e-02,2.089622e-03,6.023031e-01,2.874882e-03
2.579385e-03,9.544219e-03,1.365912e-03,3.789556e-03,1.061624e-01,5.580176e-03,1.827811e-03,8.339552e-04,1.333473e-02,5.082158e-03,2.230857e-01,2.161534e-02,2.294740e-03,6.002255e-01,2.678437e-03
2.836577e-03,7.288844e-03,1.680005e-03,3.176206e-03,1.193508e-01,4.396479e-03,1.489640e-03,8.884515e-04,1.042837e-02,5.652306e-03,2.533063e-01,1.824498e-02,3.250878e-03,5.657681e-01,2.242001e-03
3.763201e-03,6.008971e-03,1.891274e-03,3.546743e-03,1.097978e-01,4.203335e-03,1.445653e-03,1.218207e-03,9.294365e-03,7.836189e-03,2.480705e-01,1.822918e-02,3.223965e-03,5.795203e-01,1.950195e-03
4.477754e-03,7.279280e-03,7.028594e-03,3.956946e-03,9.008042e-02,6.905277e-03,2.438653e-03,2.605026e-03,1.395938e-02,1.757437e-02,2.624657e-01,2.203900e-02,5.202258e-03,5.521293e-01,1.858097e-03
8.647445e-03,1.484241e-02,2.662092e-02,9.079302e-03,6.795220e-02,1.703864e-02,1.974794e-03,3.331705e-02,4.163813e-02,2.192624e-02,3.266093e-01,1.682941e-02,6.494879e-03,4.048333e-01,2.196045e-03
6.349056e-03,3.820376e-02,1.898651e-02,6.531106e-03,4.862219e-02,2.856411e-02,1.412542e-03,2.450977e-02,2.761105e-01,1.595399e-02,2.325528e-01,1.205159e-02,4.628690e-03,2.838991e-01,1.624277e-03
4.768403e-03,3.483673e-02,1.442769e-02,5.664439e-03,3.561422e-02,8.728513e-02,1.020576e-03,1.970921e-02,4.099528e-01,1.137315e-02,1.635304e-01,8.457703e-03,3.265379e-03,1.988711e-01,1.223150e-03
3.845461e-03,3.897720e-02,1.153529e-02,7.001484e-03,2.946457e-02,1.189602e-01,7.594752e-04,1.500824e-02,5.015279e-01,8.942186e-03,1.149139e-01,5.927416e-03,2.304444e-03,1.393356e-01,1.496557e-03
