1.000000e+00,0.000000e+00,0.000000e+00,0.000000e+00,0.000000e+00,0.000000e+00,0.000000e+00,0.000000e+00,0.000000e+00,0.000000e+00,0.000000e+00,0.000000e+00,0.000000e+00,0.000000e+00,0.000000e+00
1.000000e+00,0.000000e+00,0.000000e+00,0.000000e+00,0.000000e+00,0.000000e+00,0.000000e+00,0.000000e+00,0.000000e+00,0.000000e+00,0.000000e+00,0.000000e+00,0.000000e+00,0.000000e+00,0.000000e+00
1.000000e+00,0.000000e+00,0.000000e+00,0.000000e+00,0.000000e+00,0.000000e+00,0.000000e+00,0.000000e+00,0.000000e+00,0.000000e+00,0.000000e+00,0.000000e+00,0.000000e+00,0.000000e+00,0.000000e+00
1.000000e+00,0.000000e+00,0.000000e+00,0.000000e+00,0.000000e+00,0.000000e+00,0.000000e+00,0.000000e+00,0.000000e+00,0.000000e+00,0.000000e+00,0.000000e+00,0.000000e+00,0.000000e+00,0.000000e+00
1.000000e+00,0.000000e+00,0.000000e+00,0.000000e+00,0.000000e+00,0.000000e+00,0.000000e+00,0.000000e+00,0.000000e+00,0.000000e+00,0.000000e+00,0.000000e+00,0.000000e+00,0.000000e+00,0.000000e+00
1.000000e+00,0.000000e+00,0.000000e+00,0.000000e+00,0.000000e+00,0.000000e+00,0.000000e+00,0.000000e+00,0.000000e+00,0.000000e+00,0.000000e+00,0.000000e+00,0.000000e+00,0.000000e+00,0.000000e+00
1.000000e+00,0.000000e+00,0.000000e+00,0.000000e+00,0.000000e+00,0.000000e+00,0.000000e+00,0.000000e+00,0.000000e+00,0.000000e+00,0.000000e+00,0.000000e+00,0.000000e+00,0.000000e+00,0.000000e+00
1.000000e+00,0.000000e+00,0.000000e+00,0.000000e+00,0.000000e+00,0.000000e+00,0.000000e+00,0.000000e+00,0.000000e+00,0.000000e+00,0.000000e+00,0.000000e+00,0.000000e+00,0.000000e+00,0.000000e+00
1.000000e+00,0.000000e+00,0.000000e+00,0.000000e+00,0.000000e+00,0.000000e+00,0.000000e+00,0.000000e+00,0.000000e+00,0.000000e+00,0.000000e+00,0.000000e+00,0.000000e+00,0.000000e+00,0.000000e+00
1.000000e+00,0.000000e+00,0.000000e+00,0.000000e+00,0.000000e+00,0.000000e+00,0.000000e+00,0.000000e+00,0.000000e+00,0.000000e+00,0.000000e+00,0.000000e+00,0.000000e+00,0.000000e+00,0.000000e+00
1.000000e+00,0.000000e+00,0.000000e+00,0.000000e+00,0.000000e+00,0.000000e+00,0.000000e+00,0.000000e+00,0.000000e+00,0.000000e+00,0.000000e+00,0.000000e+00,0.000000e+00,0.000000e+00,0.000000e+00
1.000000e+00,0.000000e+00,0.000000e+00,0.000000e+00,0.000000e+00,0.000000e+00,0.000000e+00,0.000000e+00,0.000000e+00,0.000000e+00,0.000000e+00,0.000000e+00,0.000000e+00,0.000000e+00,0.000000e+00
1.000000e+00,0.000000e+00,0.000000e+00,0.000000e+00,0.000000e+00,0.000000e+00,0.000000e+00,0.000000e+00,0.000000e+00,0.000000e+00,0.000000e+00,0.000000e+00,0.000000e+00,0.000000e+00,0.000000e+00
1.000000e+00,0.000000e+00,0.000000e+00,0.000000e+00,0.000000e+00,0.000000e+00,0.000000e+00,0.000000e+00,0.000000e+00,0.000000e+00,0.000000e+00,0.000000e+00,0.000000e+00,0.000000e+00,0.000000e+00
1.000000e+00,0.000000e+00,0.000000e+00,0.000000e+00,0.000000e+00,0.000000e+00,0.000000e+00,0.000000e+00,0.000000e+00,0.000000e+00,0.000000e+00,0.000000e+00,0.000000e+00,0.000000e+00,0.000000e+00
1.000000e+00,0.000000e+00,0.000000e+00,0.000000e+00,0.000000e+00,0.000000e+00,0.000000e+00,0.000000e+00,0.000000e+00,0.000000e+00,0.000000e+00,0.000000e+00,0.000000e+00,0.000000e+00,0.000000e+00
1.000000e+00,0.000000e+00,0.000000e+00,0.000000e+00,0.000000e+00,0.000000e+00,0.000000e+00,0.000000e+00,0.000000e+00,0.000000e+00,0.000000e+00,0.000000e+00,0.000000e+00,0.000000e+00,0.000000e+00
1.000000e+00,0.000000e+00,0.000000e+00,0.000000e+00,0.000000e+00,0.000000e+00,0.000000e+00,0.000000e+00,0.000000e+00,0.000000e+00,0.000000e+00,0.000000e+00,0.000000e+00,0.000000e+00,0.000000e+00
1.000000e+00,0.000000e+00,0.000000e+00,0.000000e+00,0.000000e+00,0.000000e+00,0.000000e+00,0.000000e+00,0.000000e+00,0.000000e+00,0.000000e+00,0.000000e+00,0.000000e+00,0.000000e+00,0.000000e+00
1.000000e+00,0.000000e+00,0.000000e+00,0.000000e+00,0.000000e+00,0.000000e+00,0.000000e+00,0.000000e+00,0.000000e+00,0.000000e+00,0.000000e+00,0.000000e+00,0.000000e+00,0.000000e+00,0.000000e+00
1.000000e+00,0.000000e+00,0.000000e+00,0.000000e+00,0.000000e+00,0.000000e+00,0.000000e+00,0.000000e+00,0.000000e+00,0.000000e+00,0.000000e+00,0.000000e+00,0.000000e+00,0.000000e+00,0.000000e+00
1.000000e+00,0.000000e+00,0.000000e+00,0.000000e+00,0.000000e+00,0.000000e+00,0.000000e+00,0.000000e+00,0.000000e+00,0.000000e+00,0.000000e+00,0.000000e+00,0.000000e+00,0.000000e+00,0.000000e+00
1.000000e+00,0.000000e+00,0.000000e+00,0.000000e+00,0.000000e+00,0.000000e+00,0.000000e+00,0.000000e+00,0.000000e+00,0.000000e+00,0.000000e+00,0.000000e+00,0.000000e+00,0.000000e+00,0.000000e+00
1.000000e+00,0.000000e+00,0.000000e+00,0.000000e+00,0.000000e+00,0.000000e+00,0.000000e+00,0.000000e+00,0.000000e+00,0.000000e+00,0.000000e+00,0.000000e+00,0.000000e+00,0.000000e+00,0.000000e+00
1.000000e+00,0.000000e+00,0.000000e+00,0.000000e+00,0.000000e+00,0.000000e+00,0.000000e+00,0.000000e+00,0.000000e+00,0.000000e+00,0.000000e+00,0.000000e+00,0.000000e+00,0.000000e+00,0.000000e+00
1.000000e+00,0.000000e+00,0.000000e+00,0.000000e+00,0.000000e+00,0.000000e+00,0.000000e+00,0.000000e+00,0.000000e+00,0.000000e+00,0.000000e+00,0.000000e+00,0.000000e+00,0.000000e+00,0.000000e+00
1.000000e+00,0.000000e+00,0.000000e+00,0.000000e+00,0.000000e+00,0.000000e+00,0.000000e+00,0.000000e+00,0.000000e+00,0.000000e+00,0.000000e+00,0.000000e+00,0.000000e+00,0.000000e+00,0.000000e+00
1.000000e+00,0.000000e+00,0.000000e+00,0.000000e+00,0.000000e+00,0.000000e+00,0.000000e+00,0.000000e+00,0.000000e+00,0.000000e+00,0.000000e+00,0.000000e+00,0.000000e+00,0.000000e+00,0.000000e+00
1.000000e+00,0.000000e+00,0.000000e+00,0.000000e+00,0.000000e+00,0.000000e+00,0.000000e+00,0.000000e+00,0.000000e+00,0.000000e+00,0.000000e+00,0.000000e+00,0.000000e+00,0.000000e+00,0.000000e+00
1.000000e+00,0.000000e+00,0.000000e+00,0.000000e+00,0.000000e+00,0.000000e+00,0.000000e+00,0.000000e+00,0.000000e+00,0.000000e+00,0.000000e+00,0.000000e+00,0.000000e+00,0.000000e+00,0.000000e+00
1.000000e+00,0.000000e+00,0.000000e+00,0.000000e+00,0.000000e+00,0.000000e+00,0.000000e+00,0.000000e+00,0.000000e+00,0.000000e+00,0.000000e+00,0.000000e+00,0.000000e+00,0.000000e+00,0.000000e+00
1.000000e+00,0.000000e+00,0.000000e+00,0.000000e+00,0.000000e+00,0.000000e+00,0.000000e+00,0.000000e+00,0.000000e+00,0.000000e+00,0.000000e+00,0.000000e+00,0.000000e+00,0.000000e+00,0.000000e+00
1.000000e+00,0.000000e+00,0.000000e+00,0.000000e+00,0.000000e+00,0.000000e+00,0.000000e+00,0.000000e+00,0.000000e+00,0.000000e+00,0.000000e+00,0.000000e+00,0.000000e+00,0.000000e+00,0.000000e+00
1.000000e+00,0.000000e+00,0.000000e+00,0.000000e+00,0.000000e+00,0.000000e+00,0.000000e+00,0.000000e+00,0.000000e+00,0.000000e+00,0.000000e+00,0.000000e+00,0.000000e+00,0.000000e+00,0.000000e+00
1.000000e+00,0.000000e+00,0.000000e+00,0.000000e+00,0.000000e+00,0.000000e+00,0.000000e+00,0.000000e+00,0.000000e+00,0.000000e+00,0.000000e+00,0.000000e+00,0.000000e+00,0.000000e+00,0.000000e+00
1.000000e+00,0.000000e+00,0.000000e+00,0.000000e+00,0.000000e+00,0.000000e+00,0.000000e+00,0.000000e+00,0.000000e+00,0.000000e+00,0.000000e+00,0.000000e+00,0.000000e+00,0.000000e+00,0.000000e+00
4.899774e-01,5.217369e-02,2.576995e-02,8.368581e-02,5.397424e-03,2.180128e-02,3.218077e-03,1.196217e-02,4.156532e-02,4.368521e-03,1.115170e-01,1.431465e-02,5.394804e-03,2.926242e-02,9.959146e-02
3.930848e-01,5.764876e-02,4.225527e-02,1.012726e-01,6.665026e-03,2.895675e-02,3.494272e-03,1.634791e-02,5.074258e-02,5.047263e-03,1.336731e-01,1.536647e-02,6.283104e-03,3.549377e-02,1.036683e-01
3.346190e-01,6.843873e-02,4.225173e-02,1.127421e-01,7.820469e-03,2.817581e-02,3.799979e-03,1.530631e-02,6.284720e-02,6.719911e-03,1.377933e-01,1.605538e-02,6.908373e-03,4.032636e-02,1.161953e-01
2.783093e-01,7.295103e-02,4.941721e-02,1.263129e-01,8.271021e-03,2.633578e-02,3.864691e-03,1.593291e-02,7.124570e-02,7.673644e-03,1.324027e-01,1.621704e-02,7.128606e-03,4.871477e-02,1.352228e-01
2.125569e-01,7.923023e-02,6.632566e-02,1.860698e-01,8.742968e-03,2.214728e-02,3.523566e-03,1.955473e-02,8.752072e-02,6.992603e-03,1.078639e-01,1.547311e-02,7.017801e-03,4.570341e-02,1.312774e-01
1.900270e-01,8.365841e-02,5.538586e-02,1.887902e-01,9.516723e-03,1.931293e-02,3.996707e-03,1.576722e-02,1.032194e-01,7.469610e-03,1.051165e-01,1.585254e-02,8.157624e-03,5.383682e-02,1.398924e-01
1.537884e-01,8.574031e-02,6.574856e-02,2.187214e-01,1.527357e-02,2.103945e-02,5.175196e-03,1.954781e-02,1.020818e-01,6.320528e-03,9.867278e-02,1.768065e-02,8.440083e-03,5.311461e-02,1.286549e-01
1.912327e-01,8.266985e-02,5.359576e-02,1.969080e-01,1.705366e-02,2.051438e-02,5.618105e-03,1.732809e-02,9.430142e-02,6.099141e-03,1.058491e-01,2.184957e-02,1.070622e-02,5.459510e-02,1.216789e-01
1.628093e-01,8.506542e-02,7.373957e-02,2.926098e-01,1.693499e-02,1.778329e-02,5.136906e-03,1.937801e-02,7.445245e-02,4.652722e-03,8.174364e-02,1.999272e-02,9.122009e-03,4.011307e-02,9.646615e-02
2.225261e-01,8.087038e-02,6.082053e-02,2.427044e-01,1.957641e-02,2.045140e-02,5.790788e-03,1.733359e-02,6.654273e-02,5.373854e-03,7.246745e-02,3.076921e-02,1.876127e-02,3.834173e-02,9.767017e-02
3.267246e-01,7.096218e-02,4.787418e-02,1.917398e-01,1.974997e-02,2.173220e-02,6.071582e-03,1.571046e-02,5.365476e-02,5.185967e-03,5.975015e-02,3.382432e-02,2.292732e-02,3.234854e-02,9.174407e-02
4.330723e-01,6.040644e-02,3.646933e-02,1.504750e-01,1.826600e-02,2.306341e-02,6.461026e-03,1.406471e-02,4.149776e-02,4.535134e-03,4.799490e-02,3.639104e-02,2.550277e-02,2.530420e-02,7.649602e-02
3.955828e-01,6.941482e-02,5.354869e-02,1.894138e-01,1.790775e-02,2.159639e-02,6.065200e-03,1.732516e-02,3.591716e-02,3.880580e-03,4.309245e-02,3.556569e-02,2.310728e-02,1.895292e-02,6.862943e-02
4.977500e-01,5.828385e-02,4.658640e-02,1.490792e-01,1.487892e-02,2.031959e-02,5.598444e-03,1.506832e-02,2.751600e-02,3.157857e-03,3.440940e-02,3.075680e-02,2.418754e-02,1.473297e-02,5.767465e-02
1.000000e+00,0.000000e+00,0.000000e+00,0.000000e+00,0.000000e+00,0.000000e+00,0.000000e+00,0.000000e+00,0.000000e+00,0.000000e+00,0.000000e+00,0.000000e+00,0.000000e+00,0.000000e+00,0.000000e+00
1.000000e+00,0.000000e+00,0.000000e+00,0.000000e+00,0.000000e+00,0.000000e+00,0.000000e+00,0.000000e+00,0.000000e+00,0.000000e+00,0.000000e+00,0.000000e+00,0.000000e+00,0.000000e+00,0.000000e+00
4.936339e-01,4.384054e-02,8.272500e-02,1.594588e-01,1.296610e-02,2.524835e-02,6.094894e-03,2.008082e-02,1.561295e-02,2.549772e-03,2.811440e-02,3.844516e-02,2.254420e-02,8.093789e-03,4.059132e-02
1.000000e+00,0.000000e+00,0.000000e+00,0.000000e+00,0.000000e+00,0.000000e+00,0.000000e+00,0.000000e+00,0.000000e+00,0.000000e+00,0.000000e+00,0.000000e+00,0.000000e+00,0.000000e+00,0.000000e+00
1.000000e+00,0.000000e+00,0.000000e+00,0.000000e+00,0.000000e+00,0.000000e+00,0.000000e+00,0.000000e+00,0.000000e+00,0.000000e+00,0.000000e+00,0.000000e+00,0.000000e+00,0.000000e+00,0.000000e+00
1.000000e+00,0.000000e+00,0.000000e+00,0.000000e+00,0.000000e+00,0.000000e+00,0.000000e+00,0.000000e+00,0.000000e+00,0.000000e+00,0.000000e+00,0.000000e+00,0.000000e+00,0.000000e+00,0.000000e+00
1.000000e+00,0.000000e+00,0.000000e+00,0.000000e+00,0.000000e+00,0.000000e+00,0.000000e+00,0.000000e+00,0.000000e+00,0.000000e+00,0.000000e+00,0.000000e+00,0.000000e+00,0.000000e+00,0.000000e+00
1.000000e+00,0.000000e+00,0.000000e+00,0.000000e+00,0.000000e+00,0.000000e+00,0.000000e+00,0.000000e+00,0.000000e+00,0.000000e+00,0.000000e+00,0.000000e+00,0.000000e+00,0.000000e+00,0.000000e+00
1.000000e+00,0.000000e+00,0.000000e+00,0.000000e+00,0.000000e+00,0.000000e+00,0.000000e+00,0.000000e+00,0.000000e+00,0.000000e+00,0.000000e+00,0.000000e+00,0.000000e+00,0.000000e+00,0.000000e+00
1.000000e+00,0.000000e+00,0.000000e+00,0.000000e+00,0.000000e+00,0.000000e+00,0.000000e+00,0.000000e+00,0.000000e+00,0.000000e+00,0.000000e+00,0.000000e+00,0.000000e+00,0.000000e+00,0.000000e+00
1.000000e+00,0.000000e+00,0.000000e+00,0.000000e+00,0.000000e+00,0.000000e+00,0.000000e+00,0.000000e+00,0.000000e+00,0.000000e+00,0.000000e+00,0.000000e+00,0.000000e+00,0.000000e+00,0.000000e+00
1.000000e+00,0.000000e+00,0.000000e+00,0.000000e+00,0.000000e+00,0.000000e+00,0.000000e+00,0.000000e+00,0.000000e+00,0.000000e+00,0.000000e+00,0.000000e+00,0.000000e+00,0.000000e+00,0.000000e+00
1.000000e+00,0.000000e+00,0.000000e+00,0.000000e+00,0.000000e+00,0.000000e+00,0.000000e+00,0.000000e+00,0.000000e+00,0.000000e+00,0.000000e+00,0.000000e+00,0.000000e+00,0.000000e+00,0.000000e+00
1.000000e+00,0.000000e+00,0.000000e+00,0.000000e+00,0.000000e+00,0.000000e+00,0.000000e+00,0.000000e+00,0.000000e+00,0.000000e+00,0.000000e+00,0.000000e+00,0.000000e+00,0.000000e+00,0.000000e+00
1.000000e+00,0.000000e+00,0.000000e+00,0.000000e+00,0.000000e+00,0.000000e+00,0.000000e+00,0.000000e+00,0.000000e+00,0.000000e+00,0.000000e+00,0.000000e+00,0.000000e+00,0.000000e+00,0.000000e+00
1.000000e+00,0.000000e+00,0.000000e+00,0.000000e+00,0.000000e+00,0.000000e+00,0.000000e+00,0.000000e+00,0.000000e+00,0.000000e+00,0.000000e+00,0.000000e+00,0.000000e+00,0.000000e+00,0.000000e+00
4.908810e-01,2.921172e-02,7.445586e-02,1.704649e-01,6.826338e-03,3.107685e-02,2.919593e-03,8.439210e-03,9.240467e-03,1.611005e-02,3.481826e-02,4.405245e-02,3.514970e-02,3.108775e-03,4.324480e-02
3.580797e-01,3.086791e-02,5.714005e-02,3.149776e-01,6.139220e-03,2.332785e-02,2.353869e-03,6.283461e-03,1.395531e-02,1.503100e-02,3.011537e-02,3.888116e-02,2.974908e-02,3.138659e-03,6.995979e-02
2.521213e-01,2.634178e-02,4.600940e-02,2.356542e-01,4.460488e-03,1.666015e-02,1.665123e-03,4.418693e-03,3.277737e-02,1.665909e-02,2.262287e-02,2.734707e-02,2.136249e-02,9.079110e-03,2.828209e-01
1.790556e-01,2.394913e-02,3.770428e-02,1.796242e-01,3.508532e-03,1.222107e-02,1.211513e-03,3.250347e-03,9.281877e-02,1.557471e-02,2.034497e-02,1.996268e-02,1.727771e-02,2.108310e-02,3.724134e-01
1.310159e-01,2.597944e-02,2.736261e-02,1.363532e-01,2.808361e-03,9.358401e-03,8.876557e-04,2.463964e-03,2.418790e-01,1.563901e-02,1.696270e-02,1.414305e-02,1.332556e-02,2.605513e-02,3.357661e-01
1.025557e-01,3.150155e-02,1.958772e-02,1.033478e-01,2.285664e-03,7.483305e-03,6.583960e-04,1.915954e-03,3.601131e-01,1.629354e-02,1.338534e-02,9.981942e-03,1.194662e-02,2.731582e-02,2.916276e-01
7.423568e-02,3.472016e-02,1.738901e-02,8.590740e-02,1.669500e-03,5.444219e-03,4.826620e-04,1.363538e-03,4.281446e-01,1.559237e-02,9.719027e-03,7.143035e-03,8.710649e-03,3.309526e-02,2.763829e-01
5.448316e-02,2.778202e-02,2.587320e-02,7.520811e-02,1.295979e-03,4.020583e-03,3.975766e-04,1.007036e-03,4.272449e-01,1.462324e-02,7.511882e-03,5.186888e-03,6.787688e-03,7.191984e-02,2.766579e-01
4.244244e-02,2.099901e-02,1.123138e-01,5.415038e-02,1.079122e-03,3.127765e-03,3.103374e-04,7.472592e-04,3.154069e-01,3.553962e-02,7.159645e-03,3.734612e-03,4.925836e-03,9.369232e-02,3.043710e-01
3.998211e-02,1.857356e-02,9.563667e-02,4.197720e-02,1.790930e-03,2.808040e-03,3.401169e-04,7.249943e-04,2.602775e-01,4.939044e-02,6.203754e-03,2.958212e-03,4.571961e-03,9.473509e-02,3.800294e-01
4.488517e-02,2.211585e-02,9.288506e-02,5.646627e-02,2.609652e-03,3.893130e-03,4.378791e-04,7.197636e-04,2.201788e-01,6.749699e-02,5.458112e-03,2.634475e-03,5.295435e-03,7.707828e-02,3.978451e-01
8.294071e-02,7.087979e-02,7.303892e-02,6.470664e-02,3.582094e-03,4.612465e-03,4.719936e-04,8.165283e-04,1.993734e-01,6.769074e-02,5.546416e-03,2.530662e-03,7.086621e-03,7.449605e-02,3.422269e-01
6.656159e-02,1.047612e-01,6.303889e-02,1.139771e-01,3.012296e-03,3.840880e-03,3.878413e-04,6.816469e-04,2.000249e-01,6.310496e-02,4.701860e-03,2.042298e-03,5.841998e-03,6.307371e-02,3.049488e-01
4.890746e-02,2.035169e-01,7.965687e-02,1.050843e-01,2.378630e-03,2.989917e-03,2.828270e-04,6.108825e-04,1.826813e-01,7.055057e-02,4.881923e-03,2.070168e-03,5.107872e-03,4.537562e-02,2.459047e-01
3.800783e-02,1.668842e-01,8.966988e-02,8.548294e-02,1.935255e-03,2.632912e-03,2.554900e-04,7.459766e-04,2.148147e-01,8.487854e-02,7.708438e-03,2.674905e-03,5.661075e-03,3.809234e-02,2.605555e-01
3.848617e-02,1.495072e-01,7.454109e-02,6.464174e-02,2.172593e-03,3.022268e-03,2.459143e-04,1.690176e-03,2.090013e-01,8.181815e-02,1.594932e-02,3.196815e-03,6.722686e-03,4.079149e-02,3.082131e-01
3.754367e-02,1.295315e-01,9.316725e-02,1.020168e-01,3.887850e-03,6.840175e-03,4.128094e-04,6.440103e-03,1.949072e-01,7.077957e-02,2.989039e-02,4.883689e-03,1.384895e-02,5.657941e-02,2.492707e-01
6.007610e-02,1.168208e-01,7.198544e-02,7.433794e-02,5.474679e-03,6.358997e-03,7.884350e-04,7.599314e-03,1.596172e-01,9.812902e-02,3.927888e-02,7.188901e-03,4.188497e-02,6.276222e-02,2.476971e-01
5.516145e-02,1.043037e-01,6.729233e-02,1.258812e-01,8.660071e-03,5.748347e-03,8.309984e-04,1.171687e-02,1.996334e-01,1.003049e-01,4.176948e-02,6.109694e-03,3.771747e-02,4.593645e-02,1.889337e-01
5.361058e-02,9.473667e-02,5.696817e-02,1.267219e-01,9.315926e-03,1.177675e-02,1.180768e-03,1.639401e-02,1.935011e-01,9.782294e-02,8.632056e-02,8.172572e-03,6.429245e-02,3.614320e-02,1.430424e-01
5.753325e-02,6.964978e-02,5.692657e-02,1.198367e-01,9.916922e-03,1.171169e-02,2.212893e-03,4.971338e-02,1.591745e-01,8.494318e-02,1.581324e-01,1.062775e-02,7.134821e-02,2.826515e-02,1.100076e-01
8.270137e-02,6.318977e-02,6.787994e-02,1.125957e-01,3.107575e-02,3.733308e-02,6.097492e-03,5.652205e-02,1.575945e-01,7.033788e-02,1.503955e-01,9.753974e-03,5.528238e-02,2.005357e-02,7.918704e-02
8.889776e-02,5.210329e-02,1.771412e-01,1.309166e-01,3.221602e-02,4.083863e-02,7.866254e-03,6.508545e-02,1.176450e-01,5.044959e-02,1.195088e-01,7.080325e-03,3.979225e-02,1.421042e-02,5.624847e-02
1.148037e-01,4.661631e-02,2.397333e-01,1.243763e-01,3.255937e-02,4.502811e-02,1.088622e-02,7.957944e-02,9.084805e-02,3.810135e-02,8.728208e-02,6.242063e-03,3.207184e-02,1.033417e-02,4.153770e-02
2.011321e-01,4.306891e-02,2.351407e-01,9.305893e-02,2.940434e-02,4.978436e-02,1.172718e-02,9.130232e-02,7.327998e-02,3.243908e-02,6.407509e-02,7.052561e-03,2.669023e-02,9.215822e-03,3.262850e-02
2.778915e-01,4.129638e-02,2.196564e-01,7.058946e-02,2.614916e-02,5.424105e-02,1.159457e-02,8.972028e-02,6.260737e-02,3.014434e-02,4.749963e-02,8.232365e-03,2.221765e-02,8.650143e-03,2.950978e-02
3.931471e-01,5.287284e-02,1.601449e-01,5.408204e-02,2.043980e-02,4.368236e-02,1.039167e-02,6.828390e-02,6.306669e-02,2.441060e-02,3.717107e-02,1.117601e-02,1.821972e-02,9.654097e-03,3.325735e-02
4.633989e-01,5.897630e-02,1.171418e-01,4.674630e-02,1.681448e-02,3.791720e-02,9.680595e-03,5.237954e-02,6.549709e-02,2.005721e-02,2.984010e-02,1.914565e-02,1.591050e-02,1.005357e-02,3.644078e-02
1.000000e+00,0.000000e+00,0.000000e+00,0.000000e+00,0.000000e+00,0.000000e+00,0.000000e+00,0.000000e+00,0.000000e+00,0.000000e+00,0.000000e+00,0.000000e+00,0.000000e+00,0.000000e+00,0.000000e+00
4.867954e-01,5.773801e-02,7.035318e-02,5.044516e-02,1.307909e-02,4.586959e-02,6.938584e-03,3.201917e-02,4.303095e-02,1.855105e-02,3.670973e-02,4.819474e-02,1.848886e-02,1.478002e-02,5.700649e-02
4.881059e-01,5.892266e-02,5.819830e-02,5.502818e-02,1.174815e-02,4.910640e-02,6.139959e-03,2.699928e-02,3.654727e-02,1.856755e-02,3.989821e-02,5.745575e-02,1.917948e-02,1.550189e-02,5.860110e-02
4.532849e-01,5.813342e-02,4.626831e-02,6.625743e-02,2.012833e-02,5.795484e-02,1.810136e-02,2.313461e-02,3.147361e-02,1.925257e-02,4.508533e-02,6.916831e-02,2.014201e-02,1.683852e-02,5.477657e-02
4.294498e-01,5.450622e-02,5.722611e-02,9.695072e-02,2.336454e-02,6.948408e-02,1.780276e-02,1.922392e-02,2.575211e-02,2.050114e-02,3.878592e-02,6.527978e-02,1.984467e-02,1.430555e-02,4.752272e-02
3.665709e-01,5.022353e-02,7.844142e-02,7.690218e-02,4.028850e-02,7.214679e-02,1.816773e-02,1.633416e-02,2.259698e-02,9.843920e-02,3.451266e-02,5.114505e-02,1.673419e-02,1.703066e-02,4.046610e-02
2.936023e-01,3.988107e-02,6.618887e-02,5.769158e-02,3.343453e-02,8.377738e-02,1.607634e-02,1.409477e-02,1.752192e-02,2.252606e-01,3.434442e-02,3.952013e-02,1.421668e-02,2.053421e-02,4.385522e-02
2.604811e-01,3.303097e-02,5.012377e-02,4.408213e-02,2.941972e-02,9.023780e-02,1.282228e-02,1.168996e-02,1.600943e-02,2.861770e-01,3.999901e-02,3.249790e-02,1.599339e-02,2.980280e-02,4.763278e-02
2.545549e-01,3.052304e-02,4.757039e-02,3.796693e-02,2.729945e-02,6.977291e-02,9.880912e-03,9.692078e-03,1.906953e-02,3.255998e-01,5.100963e-02,2.705656e-02,1.620174e-02,3.272079e-02,4.108133e-02
2.969882e-01,3.182116e-02,4.636051e-02,3.333334e-02,2.567980e-02,6.077265e-02,7.802720e-03,9.676171e-03,1.928560e-02,2.769329e-01,7.133482e-02,2.562472e-02,1.832116e-02,4.203510e-02,3.403118e-02
2.675883e-01,3.321527e-02,4.259247e-02,3.083191e-02,2.132125e-02,4.873741e-02,5.887710e-03,7.666169e-03,2.314838e-02,2.468287e-01,1.224835e-01,3.336854e-02,2.199952e-02,6.535070e-02,2.898012e-02
2.200197e-01,3.661506e-02,3.870104e-02,2.519214e-02,1.891828e-02,3.742610e-02,4.351784e-03,5.817565e-03,2.914161e-02,1.843901e-01,1.703912e-01,3.140273e-02,2.391894e-02,1.470696e-01,2.664422e-02
1.644648e-01,3.617181e-02,3.483226e-02,1.853290e-02,1.970924e-02,2.950440e-02,3.337021e-03,4.265067e-03,5.045713e-02,1.359530e-01,1.924085e-01,2.449003e-02,2.100240e-02,2.424326e-01,2.243880e-02
1.173311e-01,2.914820e-02,2.716944e-02,1.385009e-02,1.527583e-02,2.353293e-02,2.476403e-03,3.064925e-03,4.582945e-02,1.009817e-01,2.296043e-01,1.931180e-02,1.621226e-02,3.386503e-01,1.756131e-02
8.363178e-02,2.155863e-02,2.046406e-02,1.047283e-02,1.169032e-02,1.772927e-02,1.790919e-03,2.197999e-03,3.582654e-02,7.391761e-02,2.916888e-01,1.419701e-02,1.209673e-02,3.898184e-01,1.291921e-02
5.916412e-02,1.559388e-02,1.538161e-02,7.857798e-03,8.940414e-03,1.280048e-02,1.291814e-03,1.578796e-03,2.972005e-02,5.965315e-02,3.527687e-01,1.081942e-02,8.925452e-03,4.061423e-01,9.362140e-03
4.243514e-02,1.258730e-02,1.325863e-02,6.402062e-03,7.673393e-03,1.037838e-02,1.035581e-03,1.339507e-03,2.920224e-02,5.609025e-02,3.787923e-01,1.033032e-02,7.852992e-03,4.148649e-01,7.757082e-03
3.110656e-02,1.167076e-02,2.124187e-02,6.036015e-03,7.242654e-03,9.281876e-03,9.263912e-04,1.379913e-03,3.249094e-02,5.484566e-02,3.509217e-01,9.037239e-03,6.164446e-03,4.514038e-01,6.250206e-03
3.059264e-02,2.012368e-02,3.735212e-02,6.010445e-03,6.636472e-03,8.780073e-03,8.760083e-04,1.508407e-03,3.271261e-02,5.125494e-02,3.401200e-01,8.025690e-03,5.818520e-03,4.448059e-01,5.382487e-03
3.076783e-02,2.988577e-02,5.535321e-02,7.774340e-03,7.818959e-03,9.324776e-03,1.039426e-03,2.340939e-03,5.102480e-02,5.510439e-02,3.031119e-01,8.029578e-03,5.386834e-03,4.278351e-01,5.202108e-03
2.831484e-02,2.950856e-02,7.890978e-02,8.271643e-03,1.127881e-02,1.036957e-02,1.387664e-03,2.277798e-03,6.399141e-02,8.233370e-02,2.554140e-01,6.606255e-03,4.834541e-03,4.112456e-01,5.255768e-03
2.649587e-02,8.088604e-02,1.055753e-01,9.239594e-03,1.540384e-02,2.045661e-02,1.393316e-03,4.103295e-03,9.727015e-02,7.816381e-02,2.001861e-01,5.311223e-03,4.062201e-03,3.448419e-01,6.610724e-03
2.574525e-02,6.466778e-02,2.768745e-01,3.420207e-02,1.749355e-02,1.603304e-02,1.152962e-03,4.565801e-03,8.329286e-02,5.995582e-02,1.516390e-01,4.118281e-03,3.776399e-03,2.507803e-01,5.702392e-03
7.558833e-02,5.157731e-02,3.661323e-01,2.975393e-02,1.783408e-02,1.544532e-02,1.207232e-03,4.533139e-03,6.391231e-02,4.450097e-02,1.271673e-01,4.470976e-03,3.802657e-03,1.887545e-01,5.319717e-03
1.051600e-01,5.793513e-02,3.964220e-01,2.752673e-02,2.181673e-02,1.318815e-02,1.190545e-03,5.067138e-03,5.994222e-02,4.158794e-02,1.070516e-01,5.476963e-03,3.671082e-03,1.474453e-01,6.518315e-03
1.194406e-01,8.275262e-02,3.743481e-01,2.526177e-02,3.438985e-02,1.670748e-02,1.487306e-03,1.717580e-02,7.907252e-02,3.830823e-02,8.261888e-02,6.002228e-03,3.469794e-03,1.088476e-01,1.011726e-02
1.308964e-01,9.427460e-02,3.495415e-01,2.938041e-02,6.398800e-02,2.317659e-02,2.712644e-03,3.408409e-02,7.414981e-02,3.019973e-02,6.332920e-02,5.303819e-03,3.547202e-03,8.540279e-02,1.001322e-02
1.421531e-01,1.146622e-01,2.821013e-01,3.110141e-02,9.663059e-02,4.105367e-02,2.813242e-03,2.818265e-02,8.524382e-02,2.769014e-02,5.393245e-02,4.830949e-03,3.558930e-03,7.746920e-02,8.576319e-03
1.219507e-01,1.499710e-01,2.421809e-01,1.078997e-01,1.137053e-01,3.550811e-02,2.698751e-03,2.594993e-02,6.531484e-02,1.998990e-02,4.144694e-02,5.766038e-03,3.501771e-03,5.603910e-02,8.077106e-03
1.463937e-01,2.151315e-01,2.190866e-01,8.604747e-02,8.839373e-02,3.812325e-02,4.060349e-03,2.023801e-02,5.441165e-02,2.294647e-02,3.179263e-02,7.833619e-03,3.942348e-03,4.410712e-02,1.749155e-02
2.489747e-01,1.946125e-01,1.848504e-01,6.881178e-02,7.091468e-02,3.268215e-02,4.054089e-03,1.546703e-02,4.571940e-02,1.905187e-02,2.696121e-02,1.243820e-02,6.125204e-03,5.257174e-02,1.676502e-02
3.506417e-01,1.500998e-01,1.944626e-01,5.733538e-02,5.355994e-02,2.645723e-02,4.318121e-03,1.180017e-02,3.431304e-02,1.475780e-02,2.291049e-02,1.877940e-02,7.887462e-03,3.952014e-02,1.315685e-02
4.411236e-01,1.456937e-01,1.680506e-01,4.250482e-02,4.019580e-02,2.203315e-02,3.479147e-03,8.785279e-03,2.832562e-02,1.148317e-02,1.770036e-02,1.876722e-02,9.177095e-03,3.105922e-02,1.162118e-02
1.000000e+00,0.000000e+00,0.000000e+00,0.000000e+00,0.000000e+00,0.000000e+00,0.000000e+00,0.000000e+00,0.000000e+00,0.000000e+00,0.000000e+00,0.000000e+00,0.000000e+00,0.000000e+00,0.000000e+00
1.000000e+00,0.000000e+00,0.000000e+00,0.000000e+00,0.000000e+00,0.000000e+00,0.000000e+00,0.000000e+00,0.000000e+00,0.000000e+00,0.000000e+00,0.000000e+00,0.000000e+00,0.000000e+00,0.000000e+00
1.000000e+00,0.000000e+00,0.000000e+00,0.000000e+00,0.000000e+00,0.000000e+00,0.000000e+00,0.000000e+00,0.000000e+00,0.000000e+00,0.000000e+00,0.000000e+00,0.000000e+00,0.000000e+00,0.000000e+00
1.000000e+00,0.000000e+00,0.000000e+00,0.000000e+00,0.000000e+00,0.000000e+00,0.000000e+00,0.000000e+00,0.000000e+00,0.000000e+00,0.000000e+00,0.000000e+00,0.000000e+00,0.000000e+00,0.000000e+00
1.000000e+00,0.000000e+00,0.000000e+00,0.000000e+00,0.000000e+00,0.000000e+00,0.000000e+00,0.000000e+00,0.000000e+00,0.000000e+00,0.000000e+00,0.000000e+00,0.000000e+00,0.000000e+00,0.000000e+00
1.000000e+00,0.000000e+00,0.000000e+00,0.000000e+00,0.000000e+00,0.000000e+00,0.000000e+00,0.000000e+00,0.000000e+00,0.000000e+00,0.000000e+00,0.000000e+00,0.000000e+00,0.000000e+00,0.000000e+00
3.612145e-01,2.656030e-02,1.738767e-02,3.173129e-02,7.891521e-03,2.829157e-02,3.161790e-03,4.570315e-03,9.367910e-03,1.034110e-02,3.373235e-02,4.032720e-01,2.650847e-02,7.061152e-03,2.890809e-02
3.830370e-01,2.223365e-02,1.817423e-02,2.905775e-02,8.376569e-03,5.453799e-02,3.939707e-03,5.510654e-03,1.416789e-02,9.440796e-03,3.815751e-02,3.521570e-01,2.732679e-02,6.314358e-03,2.756798e-02
3.853107e-01,2.135155e-02,1.715023e-02,2.446035e-02,8.878936e-03,6.432410e-02,4.178145e-03,5.830250e-03,2.182389e-02,1.182027e-02,4.077029e-02,3.374779e-01,2.148405e-02,6.947936e-03,2.819130e-02
3.903030e-01,2.665264e-02,1.626882e-02,2.627501e-02,9.955108e-03,5.532769e-02,3.821100e-03,7.650587e-03,5.990889e-02,1.166363e-02,4.297462e-02,2.888435e-01,1.757082e-02,9.705447e-03,3.307907e-02
3.467174e-01,3.546951e-02,1.841512e-02,4.269163e-02,1.739311e-02,4.590997e-02,4.416657e-03,8.999160e-03,1.399336e-01,2.090049e-02,3.574263e-02,2.096984e-01,2.265955e-02,8.220972e-03,4.283182e-02
3.097325e-01,4.274336e-02,1.611144e-02,4.515637e-02,2.014614e-02,3.485684e-02,4.272113e-03,7.398248e-03,2.045761e-01,3.318136e-02,2.893596e-02,1.498721e-01,2.128555e-02,7.547082e-03,7.418490e-02
3.278377e-01,5.980445e-02,1.212541e-02,4.355826e-02,1.807957e-02,2.821353e-02,3.377925e-03,5.704163e-03,2.313873e-01,3.480134e-02,3.354386e-02,1.084840e-01,1.951342e-02,7.177792e-03,6.639133e-02
3.113050e-01,6.859836e-02,9.154224e-03,5.782995e-02,1.547218e-02,2.277883e-02,2.712671e-03,4.890017e-03,2.526693e-01,3.142992e-02,5.303529e-02,8.170976e-02,2.196628e-02,7.337499e-03,5.911078e-02
3.145795e-01,8.112581e-02,7.461776e-03,7.352577e-02,1.425594e-02,2.175789e-02,2.219161e-03,4.469649e-03,2.245798e-01,2.676348e-02,6.999780e-02,6.215583e-02,2.378125e-02,7.839628e-03,6.548674e-02
3.064666e-01,7.262215e-02,5.942839e-03,6.619810e-02,1.649975e-02,3.342903e-02,2.486368e-03,4.642169e-03,2.235397e-01,1.947503e-02,1.016650e-01,5.070798e-02,2.501426e-02,8.553802e-03,6.275728e-02
3.350299e-01,7.021924e-02,4.904704e-03,5.821604e-02,1.703588e-02,4.021851e-02,2.553161e-03,4.474565e-03,2.078859e-01,1.431714e-02,1.111873e-01,4.130793e-02,2.463250e-02,8.662179e-03,5.935501e-02
3.128161e-01,8.638746e-02,4.543430e-03,4.822679e-02,2.167350e-02,4.936087e-02,4.697023e-03,4.759510e-03,2.217754e-01,1.048208e-02,9.956253e-02,4.125087e-02,3.666751e-02,7.773708e-03,5.002316e-02
2.618313e-01,1.210525e-01,2.285428e-02,6.001692e-02,2.381524e-02,6.591745e-02,5.150091e-03,8.654313e-03,2.136824e-01,9.194310e-03,7.634162e-02,3.349644e-02,3.506297e-02,6.078704e-03,5.685147e-02
2.348020e-01,1.693210e-01,2.191908e-02,6.108711e-02,3.242473e-02,5.235820e-02,4.796972e-03,1.024313e-02,2.270179e-01,7.314204e-03,5.763358e-02,2.597419e-02,2.704621e-02,5.477470e-03,6.258424e-02
1.894050e-01,1.820156e-01,2.470062e-02,1.157327e-01,4.580235e-02,4.062344e-02,4.044544e-03,6.393877e-02,1.910489e-01,6.395621e-03,4.094374e-02,1.880701e-02,1.949290e-02,4.014555e-03,5.303430e-02
1.598352e-01,1.708283e-01,2.027633e-02,1.451837e-01,1.056390e-01,4.167597e-02,8.170686e-03,5.488612e-02,1.882891e-01,4.718957e-03,2.916161e-02,1.335342e-02,1.463588e-02,2.902915e-03,4.044290e-02
1.447640e-01,1.471332e-01,2.398041e-02,2.022429e-01,9.940111e-02,3.373825e-02,6.881112e-03,5.204847e-02,1.814853e-01,6.590813e-03,2.194701e-02,1.068927e-02,1.331890e-02,2.618652e-03,5.316056e-02
1.200788e-01,1.217654e-01,4.342676e-02,2.903059e-01,8.268813e-02,2.781311e-02,6.523912e-03,5.989756e-02,1.517565e-01,6.306152e-03,1.846560e-02,8.078431e-03,1.042307e-02,2.358016e-03,5.011257e-02
1.199776e-01,1.116732e-01,5.606889e-02,3.008465e-01,7.687325e-02,2.481522e-02,5.976645e-03,5.820616e-02,1.493162e-01,7.342469e-03,1.938183e-02,7.844057e-03,9.051583e-03,3.795836e-03,4.883048e-02
1.087684e-01,1.177563e-01,4.676003e-02,2.905124e-01,6.225615e-02,2.364611e-02,4.732733e-03,4.442906e-02,1.331353e-01,1.391013e-02,5.900194e-02,1.520662e-02,1.021943e-02,5.186641e-03,6.447874e-02
9.530591e-02,1.342996e-01,3.813575e-02,2.912512e-01,5.386497e-02,3.091881e-02,4.097861e-03,3.295787e-02,1.331112e-01,1.637424e-02,7.458623e-02,1.918618e-02,9.544643e-03,5.220071e-03,6.114540e-02
7.425238e-02,1.278549e-01,3.121040e-02,2.805350e-01,4.164419e-02,3.511797e-02,3.259157e-03,2.413890e-02,1.213375e-01,2.138315e-02,1.004112e-01,3.402805e-02,1.373770e-02,5.399753e-03,8.568975e-02
5.861387e-02,1.663045e-01,2.530645e-02,2.463202e-01,3.071279e-02,3.638081e-02,2.420649e-03,1.908426e-02,1.255365e-01,2.297081e-02,1.361165e-01,2.955512e-02,1.350716e-02,1.008356e-02,7.708668e-02
4.828940e-02,1.583980e-01,2.326557e-02,2.636381e-01,2.276420e-02,4.719985e-02,1.913650e-03,1.542057e-02,1.111865e-01,3.231123e-02,1.474047e-01,2.831213e-02,1.261750e-02,1.688827e-02,7.039022e-02
3.532844e-02,1.142158e-01,2.082299e-02,1.992099e-01,1.833197e-02,3.496241e-02,1.965448e-03,1.149689e-02,9.297936e-02,2.737710e-02,3.420620e-01,2.604243e-02,1.119349e-02,1.323448e-02,5.077723e-02
2.729807e-02,8.362236e-02,1.887721e-02,1.867875e-01,1.849057e-02,3.911043e-02,1.704806e-03,8.436369e-03,8.847915e-02,2.071609e-02,4.193301e-01,2.963546e-02,8.897621e-03,1.115087e-02,3.746336e-02
3.139371e-02,6.190560e-02,1.659993e-02,1.621782e-01,1.747634e-02,4.271222e-02,1.445805e-03,7.849537e-03,7.234587e-02,1.861646e-02,4.768258e-01,3.757291e-02,7.454314e-03,1.565129e-02,2.997200e-02
2.405151e-02,4.387409e-02,1.250601e-02,1.183671e-01,1.312794e-02,4.837462e-02,1.075916e-03,5.948103e-03,5.337488e-02,1.489817e-02,5.733130e-01,4.868397e-02,6.390782e-03,1.415342e-02,2.186049e-02
1.927767e-02,3.251927e-02,1.158177e-02,8.852055e-02,1.078876e-02,6.747173e-02,9.196451e-04,4.487680e-03,3.902997e-02,1.409820e-02,6.261789e-01,5.052761e-02,5.566014e-03,1.159364e-02,1.743861e-02
1.376672e-02,2.358735e-02,8.924925e-03,6.297837e-02,1.044237e-02,4.950654e-02,8.075369e-04,3.349819e-03,2.975587e-02,1.141889e-02,7.107053e-01,4.854288e-02,4.324202e-03,8.855782e-03,1.303342e-02
1.109443e-02,2.274967e-02,9.205247e-03,4.475427e-02,3.617854e-02,4.013222e-02,1.966146e-03,3.759179e-03,3.363810e-02,1.012141e-02,6.725889e-01,8.995575e-02,3.899061e-03,8.395454e-03,1.156164e-02
1.028036e-02,2.120273e-02,1.180668e-02,3.241898e-02,9.031704e-02,2.985380e-02,5.106208e-03,1.904349e-02,6.337473e-02,1.056478e-02,5.667607e-01,1.169227e-01,3.715152e-03,9.721554e-03,8.911152e-03
8.957533e-03,1.764819e-02,1.356494e-02,2.367897e-02,7.350157e-02,2.526077e-02,6.825073e-03,3.037546e-02,7.547720e-02,1.111145e-02,5.040766e-01,1.867841e-01,3.425019e-03,1.249453e-02,6.818574e-03
1.152549e-02,1.476773e-02,1.912312e-02,1.768806e-02,6.067626e-02,2.460082e-02,8.533105e-03,4.188373e-02,6.771071e-02,1.381465e-02,4.231154e-01,2.691781e-01,3.840252e-03,1.810769e-02,5.434863e-03
1.962542e-02,1.603772e-02,2.499872e-02,1.376130e-02,1.183669e-01,3.493856e-02,1.387418e-02,4.491651e-02,6.005025e-02,2.357618e-02,3.486705e-01,2.490257e-01,5.169567e-03,2.207616e-02,4.912359e-03
2.560948e-02,1.445990e-02,2.544011e-02,1.152613e-02,1.208965e-01,3.113612e-02,1.167177e-02,4.208496e-02,5.425252e-02,2.211647e-02,3.685838e-01,2.420931e-01,6.553233e-03,1.939423e-02,4.181611e-03
3.693196e-02,1.699265e-02,2.559818e-02,1.032034e-02,1.078085e-01,3.601880e-02,1.053904e-02,4.009024e-02,5.468883e-02,2.208726e-02,3.859428e-01,2.206868e-01,9.708418e-03,1.881674e-02,3.769435e-03
4.571362e-02,2.820434e-02,2.877608e-02,1.549498e-02,9.654260e-02,3.493986e-02,8.929525e-03,3.712963e-02,6.322603e-02,2.339816e-02,3.770321e-01,2.014983e-01,1.583608e-02,1.934262e-02,3.936096e-03
6.788203e-02,3.077247e-02,2.568673e-02,1.799593e-02,7.932763e-02,2.823859e-02,6.951508e-03,3.199646e-02,7.765803e-02,2.905709e-02,3.642473e-01,1.864767e-01,2.437812e-02,2.304962e-02,6.281785e-03
1.555723e-01,3.147049e-02,1.933196e-02,2.127709e-02,6.168892e-02,2.434726e-02,5.691410e-03,2.448456e-02,8.340940e-02,2.839042e-02,3.103241e-01,1.707846e-01,2.878761e-02,2.283957e-02,1.160023e-02
1.821766e-01,2.963174e-02,1.466002e-02,2.545015e-02,4.925469e-02,1.958904e-02,4.500397e-03,1.846196e-02,7.510580e-02,2.973403e-02,3.443424e-01,1.451005e-01,2.870323e-02,2.150450e-02,1.178499e-02
2.569411e-01,3.784944e-02,1.170103e-02,3.034371e-02,3.845483e-02,1.801522e-02,3.525609e-03,1.446174e-02,6.763492e-02,2.534848e-02,2.971625e-01,1.375510e-01,2.812781e-02,2.037228e-02,1.251034e-02
2.803363e-01,7.933944e-02,1.113582e-02,2.557783e-02,3.042676e-02,1.632645e-02,3.186050e-03,1.364652e-02,6.367819e-02,2.243616e-02,2.441335e-01,1.359829e-01,2.750773e-02,3.071304e-02,1.557322e-02
2.867187e-01,9.400852e-02,1.305646e-02,2.492032e-02,2.547533e-02,1.634586e-02,3.113871e-03,1.808036e-02,7.833177e-02,1.981412e-02,2.025575e-01,1.463065e-01,2.695938e-02,3.034032e-02,1.397086e-02
2.292021e-01,9.201647e-02,1.076371e-02,1.852111e-02,1.921539e-02,1.384300e-02,2.386051e-03,1.549129e-02,7.857078e-02,1.775062e-02,2.197427e-01,2.114368e-01,2.352412e-02,3.572726e-02,1.180845e-02
1.779120e-01,1.113892e-01,8.725625e-03,1.323870e-02,1.435400e-02,1.080008e-02,1.823165e-03,1.367966e-02,6.851319e-02,1.550510e-02,2.875058e-01,1.992536e-01,2.279447e-02,4.548004e-02,9.025317e-03
1.419570e-01,1.109522e-01,3.603617e-02,1.119310e-02,1.155303e-02,1.172741e-02,2.004267e-03,1.119536e-01,6.159849e-02,1.187266e-02,2.372410e-01,1.910651e-01,1.782203e-02,3.628289e-02,6.741056e-03
1.186915e-01,1.051497e-01,3.990261e-02,9.088377e-03,1.061758e-02,1.484474e-02,2.149454e-03,1.356983e-01,5.738274e-02,1.324339e-02,2.770064e-01,1.635817e-01,1.309155e-02,3.422079e-02,5.331134e-03
1.018858e-01,1.231682e-01,3.311928e-02,6.835310e-03,1.021285e-02,1.855376e-02,2.220909e-03,1.382909e-01,6.197736e-02,1.718608e-02,2.921464e-01,1.334578e-01,1.001963e-02,4.655833e-02,4.367411e-03
8.582257e-02,1.521978e-01,2.912317e-02,5.982160e-03,1.065299e-02,2.960862e-02,2.255958e-03,1.968279e-01,7.100488e-02,1.556144e-02,2.428481e-01,9.826023e-02,7.721902e-03,4.875011e-02,3.382193e-03
6.816921e-02,1.442506e-01,2.607596e-02,8.450123e-03,8.707388e-03,2.604116e-02,2.486473e-03,3.167098e-01,6.487281e-02,2.131692e-02,1.935382e-01,7.116146e-02,5.611013e-03,4.019260e-02,2.416247e-03
9.198747e-02,1.726987e-01,2.093026e-02,7.602715e-03,8.237316e-03,2.219028e-02,2.272989e-03,2.476612e-01,6.449657e-02,3.220409e-02,2.009334e-01,5.042631e-02,4.077460e-03,7.198412e-02,2.297188e-03
1.366660e-01,1.546802e-01,1.643326e-02,6.128641e-03,8.610441e-03,2.813677e-02,1.688032e-03,1.773396e-01,6.362326e-02,3.037397e-02,1.983980e-01,3.663984e-02,3.133116e-03,1.335570e-01,4.591834e-03
1.784010e-01,1.424935e-01,1.287459e-02,5.299427e-03,8.999437e-03,3.070207e-02,1.315337e-03,1.279694e-01,6.523737e-02,2.942961e-02,1.948843e-01,2.704716e-02,2.545842e-03,1.662996e-01,6.501370e-03
2.218533e-01,1.095047e-01,1.109175e-02,9.236277e-03,1.123900e-02,4.054344e-02,1.878057e-03,9.702072e-02,7.266983e-02,3.446746e-02,1.977573e-01,2.359310e-02,2.656860e-03,1.489688e-01,1.751938e-02
2.432664e-01,8.279129e-02,8.921457e-03,9.967918e-03,1.013875e-02,3.563668e-02,2.073487e-03,7.179179e-02,7.810817e-02,5.734013e-02,1.805928e-01,1.916030e-02,2.491798e-03,1.739631e-01,2.375589e-02
2.734051e-01,7.329267e-02,7.914389e-03,1.293466e-02,9.854688e-03,2.839540e-02,2.453124e-03,5.424917e-02,6.920692e-02,1.118007e-01,1.404665e-01,1.811179e-02,2.494397e-03,1.627993e-01,3.262120e-02
3.288459e-01,8.517011e-02,6.108072e-03,1.461744e-02,7.717612e-03,2.244702e-02,2.471145e-03,3.975872e-02,5.718131e-02,1.383223e-01,1.080156e-01,1.903982e-02,2.836192e-03,1.289911e-01,3.847764e-02
2.984329e-01,9.580076e-02,6.610227e-03,2.393587e-02,6.224351e-03,2.066511e-02,1.988837e-03,2.872670e-02,4.621441e-02,1.166460e-01,8.636216e-02,2.376194e-02,4.561232e-03,1.008423e-01,1.392273e-01
2.770749e-01,8.328810e-02,2.230703e-02,9.963450e-02,5.878550e-03,1.923909e-02,1.892742e-03,2.167479e-02,4.139196e-02,9.969355e-02,6.464043e-02,2.702881e-02,7.909203e-03,7.323729e-02,1.551091e-01
2.494614e-01,6.652631e-02,1.849102e-02,7.892668e-02,4.418937e-03,1.649568e-02,1.408694e-03,1.545315e-02,3.285396e-02,1.895450e-01,4.929926e-02,2.359492e-02,1.157686e-02,5.357148e-02,1.883767e-01
2.198521e-01,5.568166e-02,1.489804e-02,5.682222e-02,3.337376e-03,1.349110e-02,1.072748e-03,1.142062e-02,4.031450e-02,1.836565e-01,5.669831e-02,2.111659e-02,2.668476e-02,5.184957e-02,2.431038e-01
1.723576e-01,4.130395e-02,1.607379e-02,4.277226e-02,4.819355e-03,1.390268e-02,9.838854e-04,2.121158e-02,4.685056e-02,1.385696e-01,1.807349e-01,1.781473e-02,3.113500e-02,7.689748e-02,1.945726e-01
1.444079e-01,3.156999e-02,1.349158e-02,3.428342e-02,8.612001e-03,2.816194e-02,1.853627e-03,3.306742e-02,7.294475e-02,1.161018e-01,2.248952e-01,1.473861e-02,2.778193e-02,9.692916e-02,1.511607e-01
1.219652e-01,4.539757e-02,2.321360e-02,8.997883e-02,1.742941e-02,2.800196e-02,5.286149e-03,4.839363e-02,1.134803e-01,8.931040e-02,1.785500e-01,1.164117e-02,2.567032e-02,8.835562e-02,1.133258e-01
9.304525e-02,4.317505e-02,2.830476e-02,2.027135e-01,1.990538e-02,3.255361e-02,5.334130e-03,3.911855e-02,1.175971e-01,6.669997e-02,1.529782e-01,1.092444e-02,2.972124e-02,6.622390e-02,9.170487e-02
6.708257e-02,3.275729e-02,3.530445e-02,2.634082e-01,1.658501e-02,3.204992e-02,4.019842e-03,3.050262e-02,9.688228e-02,4.879364e-02,1.691570e-01,2.881586e-02,5.394998e-02,4.718672e-02,7.350466e-02
5.447816e-02,2.392819e-02,3.065430e-02,2.321232e-01,1.814641e-02,2.842248e-02,3.259148e-03,2.192452e-02,7.320850e-02,5.392653e-02,2.384062e-01,4.595837e-02,7.080860e-02,3.747525e-02,6.728020e-02
4.727996e-02,1.917556e-02,2.800226e-02,2.073880e-01,1.856904e-02,2.443704e-02,2.918801e-03,1.629807e-02,5.949233e-02,4.249971e-02,2.330602e-01,6.099063e-02,1.472419e-01,3.005761e-02,6.258892e-02
2.220661e-01,1.719268e-02,2.181660e-02,1.563273e-01,2.092335e-02,2.362266e-02,2.768857e-03,1.354417e-02,5.098746e-02,3.296197e-02,1.809927e-01,5.408900e-02,1.245241e-01,2.562308e-02,5.256012e-02
3.998083e-01,1.466243e-02,1.662986e-02,1.133758e-01,1.974404e-02,1.978553e-02,3.915337e-03,1.361547e-02,4.298986e-02,2.403271e-02,1.340310e-01,4.354262e-02,9.369279e-02,1.969762e-02,4.047666e-02
