1.000000e+00,0.000000e+00,0.000000e+00,0.000000e+00,0.000000e+00,0.000000e+00,0.000000e+00,0.000000e+00,0.000000e+00,0.000000e+00,0.000000e+00,0.000000e+00,0.000000e+00,0.000000e+00,0.000000e+00
1.000000e+00,0.000000e+00,0.000000e+00,0.000000e+00,0.000000e+00,0.000000e+00,0.000000e+00,0.000000e+00,0.000000e+00,0.000000e+00,0.000000e+00,0.000000e+00,0.000000e+00,0.000000e+00,0.000000e+00
1.000000e+00,0.000000e+00,0.000000e+00,0.000000e+00,0.000000e+00,0.000000e+00,0.000000e+00,0.000000e+00,0.000000e+00,0.000000e+00,0.000000e+00,0.000000e+00,0.000000e+00,0.000000e+00,0.000000e+00
1.000000e+00,0.000000e+00,0.000000e+00,0.000000e+00,0.000000e+00,0.000000e+00,0.000000e+00,0.000000e+00,0.000000e+00,0.000000e+00,0.000000e+00,0.000000e+00,0.000000e+00,0.000000e+00,0.000000e+00
1.000000e+00,0.000000e+00,0.000000e+00,0.000000e+00,0.000000e+00,0.000000e+00,0.000000e+00,0.000000e+00,0.000000e+00,0.000000e+00,0.000000e+00,0.000000e+00,0.000000e+00,0.000000e+00,0.000000e+00
1.000000e+00,0.000000e+00,0.000000e+00,0.000000e+00,0.000000e+00,0.000000e+00,0.000000e+00,0.000000e+00,0.000000e+00,0.000000e+00,0.000000e+00,0.000000e+00,0.000000e+00,0.000000e+00,0.000000e+00
1.000000e+00,0.000000e+00,0.000000e+00,0.000000e+00,0.000000e+00,0.000000e+00,0.000000e+00,0.000000e+00,0.000000e+00,0.000000e+00,0.000000e+00,0.000000e+00,0.000000e+00,0.000000e+00,0.000000e+00
1.000000e+00,0.000000e+00,0.000000e+00,0.000000e+00,0.000000e+00,0.000000e+00,0.000000e+00,0.000000e+00,0.000000e+00,0.000000e+00,0.000000e+00,0.000000e+00,0.000000e+00,0.000000e+00,0.000000e+00
1.000000e+00,0.000000e+00,0.000000e+00,0.000000e+00,0.000000e+00,0.000000e+00,0.000000e+00,0.000000e+00,0.000000e+00,0.000000e+00,0.000000e+00,0.000000e+00,0.000000e+00,0.000000e+00,0.000000e+00
1.000000e+00,0.000000e+00,0.000000e+00,0.000000e+00,0.000000e+00,0.000000e+00,0.000000e+00,0.000000e+00,0.000000e+00,0.000000e+00,0.000000e+00,0.000000e+00,0.000000e+00,0.000000e+00,0.000000e+00
1.000000e+00,0.000000e+00,0.000000e+00,0.000000e+00,0.000000e+00,0.000000e+00,0.000000e+00,0.000000e+00,0.000000e+00,0.000000e+00,0.000000e+00,0.000000e+00,0.000000e+00,0.000000e+00,0.000000e+00
1.000000e+00,0.000000e+00,0.000000e+00,0.000000e+00,0.000000e+00,0.000000e+00,0.000000e+00,0.000000e+00,0.000000e+00,0.000000e+00,0.000000e+00,0.000000e+00,0.000000e+00,0.000000e+00,0.000000e+00
1.000000e+00,0.000000e+00,0.000000e+00,0.000000e+00,0.000000e+00,0.000000e+00,0.000000e+00,0.000000e+00,0.000000e+00,0.000000e+00,0.000000e+00,0.000000e+00,0.000000e+00,0.000000e+00,0.000000e+00
1.000000e+00,0.000000e+00,0.000000e+00,0.000000e+00,0.000000e+00,0.000000e+00,0.000000e+00,0.000000e+00,0.000000e+00,0.000000e+00,0.000000e+00,0.000000e+00,0.000000e+00,0.000000e+00,0.000000e+00
1.000000e+00,0.000000e+00,0.000000e+00,0.000000e+00,0.000000e+00,0.000000e+00,0.000000e+00,0.000000e+00,0.000000e+00,0.000000e+00,0.000000e+00,0.000000e+00,0.000000e+00,0.000000e+00,0.000000e+00
1.000000e+00,0.000000e+00,0.000000e+00,0.000000e+00,0.000000e+00,0.000000e+00,0.000000e+00,0.000000e+00,0.000000e+00,0.000000e+00,0.000000e+00,0.000000e+00,0.000000e+00,0.000000e+00,0.000000e+00
1.000000e+00,0.000000e+00,0.000000e+00,0.000000e+00,0.000000e+00,0.000000e+00,0.000000e+00,0.000000e+00,0.000000e+00,0.000000e+00,0.000000e+00,0.000000e+00,0.000000e+00,0.000000e+00,0.000000e+00
1.000000e+00,0.000000e+00,0.000000e+00,0.000000e+00,0.000000e+00,0.000000e+00,0.000000e+00,0.000000e+00,0.000000e+00,0.000000e+00,0.000000e+00,0.000000e+00,0.000000e+00,0.000000e+00,0.000000e+00
1.000000e+00,0.000000e+00,0.000000e+00,0.000000e+00,0.000000e+00,0.000000e+00,0.000000e+00,0.000000e+00,0.000000e+00,0.000000e+00,0.000000e+00,0.000000e+00,0.000000e+00,0.000000e+00,0.000000e+00
1.000000e+00,0.000000e+00,0.000000e+00,0.000000e+00,0.000000e+00,0.000000e+00,0.000000e+00,0.000000e+00,0.000000e+00,0.000000e+00,0.000000e+00,0.000000e+00,0.000000e+00,0.000000e+00,0.000000e+00
1.000000e+00,0.000000e+00,0.000000e+00,0.000000e+00,0.000000e+00,0.000000e+00,0.000000e+00,0.000000e+00,0.000000e+00,0.000000e+00,0.000000e+00,0.000000e+00,0.000000e+00,0.000000e+00,0.000000e+00
1.000000e+00,0.000000e+00,0.000000e+00,0.000000e+00,0.000000e+00,0.000000e+00,0.000000e+00,0.000000e+00,0.000000e+00,0.000000e+00,0.000000e+00,0.000000e+00,0.000000e+00,0.000000e+00,0.000000e+00
1.000000e+00,0.000000e+00,0.000000e+00,0.000000e+00,0.000000e+00,0.000000e+00,0.000000e+00,0.000000e+00,0.000000e+00,0.000000e+00,0.000000e+00,0.000000e+00,0.000000e+00,0.000000e+00,0.000000e+00
1.000000e+00,0.000000e+00,0.000000e+00,0.000000e+00,0.000000e+00,0.000000e+00,0.000000e+00,0.000000e+00,0.000000e+00,0.000000e+00,0.000000e+00,0.000000e+00,0.000000e+00,0.000000e+00,0.000000e+00
1.000000e+00,0.000000e+00,0.000000e+00,0.000000e+00,0.000000e+00,0.000000e+00,0.000000e+00,0.000000e+00,0.000000e+00,0.000000e+00,0.000000e+00,0.000000e+00,0.000000e+00,0.000000e+00,0.000000e+00
1.000000e+00,0.000000e+00,0.000000e+00,0.000000e+00,0.000000e+00,0.000000e+00,0.000000e+00,0.000000e+00,0.000000e+00,0.000000e+00,0.000000e+00,0.000000e+00,0.000000e+00,0.000000e+00,0.000000e+00
1.000000e+00,0.000000e+00,0.000000e+00,0.000000e+00,0.000000e+00,0.000000e+00,0.000000e+00,0.000000e+00,0.000000e+00,0.000000e+00,0.000000e+00,0.000000e+00,0.000000e+00,0.000000e+00,0.000000e+00
1.000000e+00,0.000000e+00,0.000000e+00,0.000000e+00,0.000000e+00,0.000000e+00,0.000000e+00,0.000000e+00,0.000000e+00,0.000000e+00,0.000000e+00,0.000000e+00,0.000000e+00,0.000000e+00,0.000000e+00
1.000000e+00,0.000000e+00,0.000000e+00,0.000000e+00,0.000000e+00,0.000000e+00,0.000000e+00,0.000000e+00,0.000000e+00,0.000000e+00,0.000000e+00,0.000000e+00,0.000000e+00,0.000000e+00,0.000000e+00
1.000000e+00,0.000000e+00,0.000000e+00,0.000000e+00,0.000000e+00,0.000000e+00,0.000000e+00,0.000000e+00,0.000000e+00,0.000000e+00,0.000000e+00,0.000000e+00,0.000000e+00,0.000000e+00,0.000000e+00
1.000000e+00,0.000000e+00,0.000000e+00,0.000000e+00,0.000000e+00,0.000000e+00,0.000000e+00,0.000000e+00,0.000000e+00,0.000000e+00,0.000000e+00,0.000000e+00,0.000000e+00,0.000000e+00,0.000000e+00
1.000000e+00,0.000000e+00,0.000000e+00,0.000000e+00,0.000000e+00,0.000000e+00,0.000000e+00,0.000000e+00,0.000000e+00,0.000000e+00,0.000000e+00,0.000000e+00,0.000000e+00,0.000000e+00,0.000000e+00
1.000000e+00,0.000000e+00,0.000000e+00,0.000000e+00,0.000000e+00,0.000000e+00,0.000000e+00,0.000000e+00,0.000000e+00,0.000000e+00,0.000000e+00,0.000000e+00,0.000000e+00,0.000000e+00,0.000000e+00
1.000000e+00,0.000000e+00,0.000000e+00,0.000000e+00,0.000000e+00,0.000000e+00,0.000000e+00,0.000000e+00,0.000000e+00,0.000000e+00,0.000000e+00,0.000000e+00,0.000000e+00,0.000000e+00,0.000000e+00
1.000000e+00,0.000000e+00,0.000000e+00,0.000000e+00,0.000000e+00,0.000000e+00,0.000000e+00,0.000000e+00,0.000000e+00,0.000000e+00,0.000000e+00,0.000000e+00,0.000000e+00,0.000000e+00,0.000000e+00
1.000000e+00,0.000000e+00,0.000000e+00,0.000000e+00,0.000000e+00,0.000000e+00,0.000000e+00,0.000000e+00,0.000000e+00,0.000000e+00,0.000000e+00,0.000000e+00,0.000000e+00,0.000000e+00,0.000000e+00
1.000000e+00,0.000000e+00,0.000000e+00,0.000000e+00,0.000000e+00,0.000000e+00,0.000000e+00,0.000000e+00,0.000000e+00,0.000000e+00,0.000000e+00,0.000000e+00,0.000000e+00,0.000000e+00,0.000000e+00
1.000000e+00,0.000000e+00,0.000000e+00,0.000000e+00,0.000000e+00,0.000000e+00,0.000000e+00,0.000000e+00,0.000000e+00,0.000000e+00,0.000000e+00,0.000000e+00,0.000000e+00,0.000000e+00,0.000000e+00
1.000000e+00,0.000000e+00,0.000000e+00,0.000000e+00,0.000000e+00,0.000000e+00,0.000000e+00,0.000000e+00,0.000000e+00,0.000000e+00,0.000000e+00,0.000000e+00,0.000000e+00,0.000000e+00,0.000000e+00
1.000000e+00,0.000000e+00,0.000000e+00,0.000000e+00,0.000000e+00,0.000000e+00,0.000000e+00,0.000000e+00,0.000000e+00,0.000000e+00,0.000000e+00,0.000000e+00,0.000000e+00,0.000000e+00,0.000000e+00
1.000000e+00,0.000000e+00,0.000000e+00,0.000000e+00,0.000000e+00,0.000000e+00,0.000000e+00,0.000000e+00,0.000000e+00,0.000000e+00,0.000000e+00,0.000000e+00,0.000000e+00,0.000000e+00,0.000000e+00
4.981873e-01,4.340316e-02,2.492471e-02,1.109540e-01,1.434408e-02,4.228976e-02,1.108938e-02,4.928406e-02,2.408513e-02,4.703006e-03,5.206325e-02,4.576641e-02,1.869520e-02,1.155611e-02,4.865438e-02
4.886701e-01,4.266495e-02,2.386717e-02,1.093827e-01,1.733274e-02,4.019114e-02,1.115266e-02,4.252505e-02,3.151868e-02,5.018427e-03,5.680072e-02,4.533488e-02,1.951653e-02,1.435754e-02,5.166667e-02
4.896730e-01,4.286176e-02,2.283964e-02,1.079003e-01,2.057527e-02,3.852204e-02,1.170816e-02,3.728020e-02,3.574350e-02,5.143715e-03,5.563273e-02,4.315533e-02,1.951751e-02,1.446882e-02,5.497798e-02
1.000000e+00,0.000000e+00,0.000000e+00,0.000000e+00,0.000000e+00,0.000000e+00,0.000000e+00,0.000000e+00,0.000000e+00,0.000000e+00,0.000000e+00,0.000000e+00,0.000000e+00,0.000000e+00,0.000000e+00
4.935229e-01,4.433621e-02,2.524346e-02,1.329667e-01,2.084581e-02,3.395148e-02,1.050101e-02,3.698416e-02,3.124149e-02,3.996327e-03,4.202582e-02,4.336599e-02,2.247084e-02,1.177483e-02,4.677291e-02
1.000000e+00,0.000000e+00,0.000000e+00,0.000000e+00,0.000000e+00,0.000000e+00,0.000000e+00,0.000000e+00,0.000000e+00,0.000000e+00,0.000000e+00,0.000000e+00,0.000000e+00,0.000000e+00,0.000000e+00
4.729267e-01,5.564259e-02,3.276992e-02,1.546612e-01,2.292807e-02,2.868521e-02,1.016249e-02,2.949015e-02,2.750601e-02,3.608095e-03,4.036826e-02,4.272215e-02,2.277809e-02,1.087050e-02,4.488063e-02
1.000000e+00,0.000000e+00,0.000000e+00,0.000000e+00,0.000000e+00,0.000000e+00,0.000000e+00,0.000000e+00,0.000000e+00,0.000000e+00,0.000000e+00,0.000000e+00,0.000000e+00,0.000000e+00,0.000000e+00
1.000000e+00,0.000000e+00,0.000000e+00,0.000000e+00,0.000000e+00,0.000000e+00,0.000000e+00,0.000000e+00,0.000000e+00,0.000000e+00,0.000000e+00,0.000000e+00,0.000000e+00,0.000000e+00,0.000000e+00
1.000000e+00,0.000000e+00,0.000000e+00,0.000000e+00,0.000000e+00,0.000000e+00,0.000000e+00,0.000000e+00,0.000000e+00,0.000000e+00,0.000000e+00,0.000000e+00,0.000000e+00,0.000000e+00,0.000000e+00
1.000000e+00,0.000000e+00,0.000000e+00,0.000000e+00,0.000000e+00,0.000000e+00,0.000000e+00,0.000000e+00,0.000000e+00,0.000000e+00,0.000000e+00,0.000000e+00,0.000000e+00,0.000000e+00,0.000000e+00
1.000000e+00,0.000000e+00,0.000000e+00,0.000000e+00,0.000000e+00,0.000000e+00,0.000000e+00,0.000000e+00,0.000000e+00,0.000000e+00,0.000000e+00,0.000000e+00,0.000000e+00,0.000000e+00,0.000000e+00
1.000000e+00,0.000000e+00,0.000000e+00,0.000000e+00,0.000000e+00,0.000000e+00,0.000000e+00,0.000000e+00,0.000000e+00,0.000000e+00,0.000000e+00,0.000000e+00,0.000000e+00,0.000000e+00,0.000000e+00
1.000000e+00,0.000000e+00,0.000000e+00,0.000000e+00,0.000000e+00,0.000000e+00,0.000000e+00,0.000000e+00,0.000000e+00,0.000000e+00,0.000000e+00,0.000000e+00,0.000000e+00,0.000000e+00,0.000000e+00
1.000000e+00,0.000000e+00,0.000000e+00,0.000000e+00,0.000000e+00,0.000000e+00,0.000000e+00,0.000000e+00,0.000000e+00,0.000000e+00,0.000000e+00,0.000000e+00,0.000000e+00,0.000000e+00,0.000000e+00
1.000000e+00,0.000000e+00,0.000000e+00,0.000000e+00,0.000000e+00,0.000000e+00,0.000000e+00,0.000000e+00,0.000000e+00,0.000000e+00,0.000000e+00,0.000000e+00,0.000000e+00,0.000000e+00,0.000000e+00
1.000000e+00,0.000000e+00,0.000000e+00,0.000000e+00,0.000000e+00,0.000000e+00,0.000000e+00,0.000000e+00,0.000000e+00,0.000000e+00,0.000000e+00,0.000000e+00,0.000000e+00,0.000000e+00,0.000000e+00
4.651189e-01,4.674345e-02,3.130671e-02,3.314070e-01,1.271585e-02,2.019736e-02,3.024935e-03,1.649281e-02,5.358231e-03,1.680944e-03,1.541958e-02,2.193611e-02,1.144804e-02,2.923957e-03,1.422616e-02
4.616853e-01,4.293872e-02,3.642618e-02,2.684562e-01,1.567445e-02,9.257433e-02,2.294179e-03,1.544935e-02,4.202027e-03,2.094988e-03,1.643044e-02,1.857031e-02,9.051890e-03,2.601089e-03,1.155053e-02
1.000000e+00,0.000000e+00,0.000000e+00,0.000000e+00,0.000000e+00,0.000000e+00,0.000000e+00,0.000000e+00,0.000000e+00,0.000000e+00,0.000000e+00,0.000000e+00,0.000000e+00,0.000000e+00,0.000000e+00
3.833543e-01,5.913368e-02,2.036157e-02,1.364582e-01,2.733953e-02,3.094737e-01,2.013573e-03,1.008760e-02,3.482178e-03,3.132220e-03,1.601088e-02,1.127522e-02,5.028850e-03,3.032825e-03,9.815688e-03
2.886270e-01,1.171105e-01,1.678139e-02,9.721647e-02,3.030315e-02,3.667811e-01,1.981077e-03,8.481354e-03,3.470825e-03,4.364516e-03,3.932044e-02,8.724745e-03,3.690312e-03,3.264816e-03,9.882349e-03
2.330815e-01,1.547172e-01,1.531218e-02,6.961135e-02,2.817072e-02,3.905976e-01,2.015898e-03,7.917319e-03,3.326788e-03,6.692985e-03,6.379651e-02,7.452501e-03,2.851787e-03,3.304081e-03,1.115151e-02
2.420894e-01,2.042165e-01,1.477462e-02,5.120121e-02,2.523197e-02,3.280089e-01,2.066482e-03,7.944461e-03,3.910101e-03,9.043518e-03,7.871347e-02,1.235029e-02,2.914623e-03,4.373550e-03,1.316090e-02
2.123319e-01,2.271314e-01,1.425570e-02,3.697287e-02,2.630082e-02,2.746224e-01,2.177058e-03,6.476137e-03,3.792896e-03,1.343286e-02,1.258038e-01,3.717996e-02,2.500719e-03,6.368227e-03,1.065320e-02
1.506570e-01,1.676692e-01,1.162337e-02,2.634613e-02,1.933237e-02,2.228423e-01,1.824878e-03,4.876714e-03,3.127840e-03,1.221882e-02,3.217031e-01,3.892269e-02,1.927089e-03,8.884097e-03,8.044345e-03
1.060680e-01,1.182014e-01,8.744257e-03,1.856014e-02,1.372426e-02,2.140310e-01,1.430931e-03,3.509250e-03,2.802151e-03,1.164140e-02,3.842918e-01,8.919271e-02,1.517463e-03,2.007268e-02,6.212639e-03
7.474538e-02,8.294298e-02,6.404145e-03,1.308583e-02,9.756205e-03,1.853357e-01,1.143647e-03,2.543739e-03,2.465587e-03,1.129256e-02,4.596943e-01,1.215257e-01,1.224664e-03,2.315346e-02,4.686118e-03
5.296843e-02,5.821114e-02,4.632130e-03,9.347537e-03,6.953953e-03,1.447792e-01,9.760315e-04,1.881908e-03,2.322319e-03,9.636715e-03,4.755095e-01,1.986775e-01,1.012659e-03,2.960851e-02,3.482562e-03
3.716703e-02,4.092733e-02,3.377183e-03,6.591956e-03,5.224233e-03,1.027966e-01,7.463202e-04,1.346907e-03,2.045935e-03,7.547247e-03,4.840861e-01,2.760566e-01,8.235276e-04,2.870411e-02,2.558910e-03
2.606860e-02,2.898672e-02,2.658022e-03,4.632158e-03,3.965001e-03,7.263277e-02,5.979242e-04,9.654830e-04,1.754445e-03,5.846484e-03,5.145081e-01,3.091233e-01,6.170882e-04,2.564756e-02,1.996381e-03
1.826464e-02,2.080734e-02,2.487319e-03,3.261882e-03,6.308254e-03,5.098290e-02,5.407280e-04,7.200243e-04,1.615055e-03,5.180466e-03,4.287031e-01,4.257432e-01,5.096790e-04,3.333944e-02,1.535971e-03
1.280018e-02,1.484769e-02,2.357098e-03,2.295610e-03,7.387696e-03,3.579724e-02,5.180317e-04,5.561866e-04,1.507635e-03,5.901077e-03,3.426123e-01,5.388369e-01,4.672703e-04,3.296819e-02,1.146873e-03
8.976690e-03,1.045603e-02,1.942172e-03,1.616342e-03,5.995155e-03,2.512544e-02,3.976772e-04,4.214219e-04,1.369842e-03,6.996443e-03,2.959353e-01,6.125396e-01,3.934006e-04,2.700703e-02,8.274217e-04
6.347975e-03,7.491610e-03,2.099148e-03,1.204696e-03,4.879675e-03,1.774506e-02,2.972869e-04,5.149349e-04,5.396069e-03,9.317337e-03,3.209896e-01,6.007600e-01,3.347877e-04,2.200959e-02,6.121725e-04
4.464486e-03,5.508093e-03,4.928903e-03,8.980642e-04,4.246757e-03,1.306232e-02,3.081587e-04,6.405155e-04,5.097704e-03,8.266911e-03,2.569416e-01,6.776897e-01,2.881030e-04,1.720621e-02,4.525312e-04
3.202942e-03,8.467088e-03,3.916219e-02,1.266144e-03,3.618626e-03,1.035313e-02,6.508896e-03,2.565189e-02,3.834906e-03,6.422834e-03,1.907536e-01,6.873132e-01,2.209590e-04,1.289907e-02,3.245584e-04
2.361586e-03,2.260497e-01,3.603857e-02,1.176953e-03,3.617721e-03,8.202612e-03,8.865549e-03,2.820836e-02,1.384337e-02,5.202255e-03,1.414169e-01,5.149152e-01,1.759313e-04,9.677789e-03,2.475840e-04
1.720633e-03,4.257956e-01,3.409364e-02,1.083333e-03,5.035917e-03,7.199181e-03,6.473935e-03,2.050205e-02,2.441747e-02,4.082320e-03,9.993933e-02,3.624630e-01,1.372816e-04,6.845478e-03,2.108353e-04
1.272052e-03,5.697838e-01,3.332001e-02,2.858188e-03,4.140303e-03,9.312114e-03,4.545611e-03,1.443865e-02,2.145652e-02,3.819689e-03,7.319742e-02,2.543800e-01,8.463937e-04,4.872418e-03,1.756871e-03
1.153251e-03,6.385643e-01,3.907043e-02,3.381873e-03,3.406819e-03,2.667845e-02,3.194004e-03,1.015543e-02,2.136918e-02,3.466967e-03,6.148707e-02,1.795545e-01,2.797680e-03,3.609459e-03,2.110562e-03
1.847616e-03,6.716210e-01,3.104473e-02,1.084495e-02,3.612309e-03,3.481296e-02,2.292477e-03,7.423176e-03,4.168157e-02,4.278503e-03,5.139095e-02,1.277825e-01,5.016259e-03,3.090990e-03,3.260096e-03
2.768563e-03,6.222429e-01,2.384599e-02,1.826864e-02,4.323130e-03,9.833647e-02,1.664850e-03,5.539971e-03,6.909801e-02,5.614402e-03,3.999842e-02,9.054167e-02,5.890081e-03,2.633852e-03,9.233026e-03
2.890253e-03,5.453460e-01,2.129835e-02,1.740120e-02,4.300782e-03,1.591090e-01,1.216448e-03,4.033187e-03,6.972435e-02,1.660857e-02,3.141018e-02,6.731099e-02,1.598527e-02,1.988010e-03,4.137747e-02
2.857853e-03,4.933932e-01,2.173619e-02,5.153345e-02,3.576313e-03,1.291876e-01,8.970328e-04,3.284854e-03,9.057097e-02,2.134215e-02,2.479865e-02,4.851811e-02,2.985088e-02,1.489687e-03,7.696307e-02
2.665774e-03,4.253361e-01,1.795577e-02,4.924722e-02,2.891405e-03,1.018638e-01,6.577181e-04,2.391347e-03,1.002706e-01,2.731805e-02,2.819042e-02,3.483227e-02,2.983209e-02,2.227591e-03,1.743199e-01
2.038077e-03,3.195772e-01,2.002988e-02,5.816563e-02,2.073424e-03,7.670781e-02,4.776916e-04,1.704079e-03,8.452240e-02,3.325918e-02,8.015502e-02,2.661188e-02,3.017383e-02,6.246016e-03,2.582579e-01
1.477350e-03,2.255119e-01,1.575344e-02,4.746533e-02,1.495112e-03,5.547079e-02,3.483556e-04,1.239671e-03,1.075201e-01,3.771821e-02,1.068052e-01,4.111956e-02,6.843997e-02,9.675870e-03,2.799592e-01
1.088151e-03,1.583537e-01,1.168549e-02,3.530801e-02,1.178222e-03,3.927983e-02,3.008615e-04,9.260016e-04,9.568559e-02,6.713253e-02,1.379986e-01,6.701612e-02,1.303643e-01,2.174829e-02,2.319343e-01
8.813618e-04,1.113263e-01,8.984005e-03,2.842906e-02,1.939442e-03,2.882703e-02,3.385587e-04,9.177757e-04,7.413724e-02,8.515307e-02,1.944846e-01,9.347831e-02,1.360327e-01,5.146499e-02,1.836055e-01
7.450941e-04,7.889789e-02,8.627152e-03,2.217844e-02,5.052702e-03,2.455200e-02,1.000591e-03,9.516141e-04,7.768849e-02,8.005963e-02,2.221763e-01,1.564170e-01,1.317436e-01,5.074525e-02,1.391641e-01
6.863768e-04,5.845857e-02,2.499110e-02,1.728941e-02,4.396540e-02,1.931378e-02,1.671002e-03,1.087592e-02,1.058322e-01,5.881601e-02,2.236260e-01,1.358604e-01,1.500372e-01,4.756447e-02,1.010122e-01
6.392028e-04,4.157641e-02,2.346127e-02,1.364014e-02,4.180765e-02,1.517773e-02,2.769928e-03,2.832049e-02,1.005940e-01,4.457087e-02,2.144342e-01,1.370312e-01,2.119963e-01,4.921230e-02,7.476829e-02
1.888505e-03,2.999461e-02,2.066653e-02,1.208831e-02,3.123887e-02,1.792932e-02,4.937449e-03,1.737022e-01,9.216492e-02,3.473063e-02,1.824913e-01,1.170661e-01,1.855707e-01,4.073313e-02,5.479740e-02
2.565607e-03,2.387644e-02,1.924933e-02,2.194778e-02,3.752235e-02,2.776746e-02,5.059957e-03,1.497708e-01,2.544819e-01,2.504400e-02,1.356293e-01,8.792720e-02,1.365663e-01,3.134985e-02,4.124178e-02
3.144784e-03,1.994644e-02,2.008843e-02,2.261012e-02,3.938086e-02,4.391881e-02,4.241315e-03,1.324850e-01,3.645835e-01,1.831588e-02,1.037622e-01,6.868398e-02,1.026716e-01,2.454598e-02,3.162111e-02
2.942211e-03,2.086246e-02,4.411388e-02,5.783710e-02,3.750770e-02,3.820693e-02,3.189029e-03,9.485909e-02,4.472558e-01,1.471950e-02,7.460753e-02,4.900715e-02,7.342207e-02,1.794868e-02,2.352081e-02
4.739439e-03,1.994429e-02,4.089776e-02,6.228287e-02,4.531625e-02,3.567486e-02,2.676117e-03,7.085222e-02,5.193567e-01,1.439060e-02,5.707074e-02,3.564559e-02,5.416365e-02,1.479104e-02,2.219785e-02
7.171337e-03,1.915300e-02,4.118438e-02,5.237571e-02,5.349854e-02,4.173664e-02,3.470562e-03,5.838592e-02,5.382606e-01,1.966508e-02,4.890672e-02,3.557400e-02,4.413171e-02,1.405333e-02,2.243246e-02
1.085571e-02,2.217783e-02,5.097046e-02,5.096389e-02,5.960643e-02,3.326163e-02,2.986700e-03,5.722798e-02,5.660110e-01,1.639375e-02,3.716046e-02,2.749664e-02,3.448363e-02,1.108528e-02,1.931862e-02
1.940822e-02,2.005600e-02,6.957008e-02,7.260233e-02,1.020976e-01,2.795413e-02,3.002491e-03,9.080869e-02,4.854063e-01,1.301750e-02,2.721499e-02,2.064252e-02,2.561399e-02,8.276831e-03,1.432827e-02
3.564213e-02,3.757069e-02,1.185561e-01,9.950617e-02,1.093620e-01,2.309805e-02,2.631293e-03,8.398961e-02,3.963531e-01,1.212382e-02,2.169456e-02,1.889418e-02,1.999157e-02,7.716902e-03,1.286981e-02
4.646507e-02,7.772658e-02,1.224874e-01,8.641418e-02,1.395617e-01,1.988631e-02,2.236459e-03,7.381999e-02,3.399850e-01,1.239854e-02,2.082959e-02,1.433362e-02,1.502410e-02,6.348180e-03,2.248318e-02
3.993455e-02,7.460453e-02,1.532573e-01,1.668478e-01,1.400281e-01,1.457085e-02,1.910884e-03,5.789982e-02,2.800654e-01,9.496465e-03,1.609275e-02,1.081204e-02,1.124540e-02,4.577921e-03,1.865618e-02
3.518469e-02,5.641844e-02,1.236608e-01,1.263692e-01,2.226044e-01,1.355173e-02,5.915502e-02,6.596924e-02,2.451364e-01,7.258706e-03,1.171340e-02,7.687518e-03,8.400268e-03,3.422101e-03,1.346810e-02
2.643925e-02,3.971053e-02,8.720246e-02,8.913156e-02,4.037981e-01,1.227392e-02,7.065308e-02,5.670164e-02,1.772359e-01,5.143763e-03,8.267669e-03,5.408247e-03,6.041528e-03,2.413300e-03,9.579070e-03
2.591244e-02,2.834463e-02,6.204170e-02,6.291007e-02,3.913104e-01,1.050842e-02,5.437017e-02,2.127950e-01,1.247783e-01,3.683984e-03,6.306108e-03,3.849480e-03,4.508361e-03,1.836375e-03,6.844642e-03
2.630315e-02,2.031752e-02,4.393815e-02,4.461619e-02,3.362589e-01,8.215421e-03,4.011898e-02,3.726719e-01,8.753676e-02,2.635460e-03,5.055257e-03,2.759486e-03,3.394397e-03,1.331566e-03,4.846821e-03
4.318037e-02,1.461075e-02,3.111537e-02,3.364567e-02,2.677533e-01,6.479388e-03,4.153297e-02,4.407946e-01,6.178866e-02,2.884349e-03,3.210629e-02,1.059075e-02,7.445152e-03,1.923085e-03,4.149288e-03
3.162102e-02,1.071407e-02,2.210894e-02,2.695478e-02,2.102404e-01,5.230047e-03,3.405019e-02,3.368825e-01,4.456279e-02,6.161522e-03,2.004979e-01,3.689176e-02,2.021966e-02,9.065716e-03,4.798680e-03
2.229292e-02,8.203440e-03,1.564518e-02,2.343626e-02,1.554737e-01,5.684812e-03,3.404615e-02,2.465654e-01,3.647071e-02,7.575491e-03,3.084272e-01,5.341998e-02,5.445015e-02,2.113746e-02,7.171204e-03
1.616073e-02,6.415406e-03,1.121327e-02,2.124055e-02,1.119359e-01,5.956581e-03,3.257049e-02,1.759477e-01,3.115035e-02,7.983837e-02,3.118733e-01,1.019347e-01,5.436877e-02,2.846141e-02,1.093252e-02
1.263050e-02,5.143225e-03,8.228586e-03,2.415978e-02,8.028527e-02,6.431845e-03,3.006205e-02,1.262641e-01,3.574647e-02,1.024637e-01,3.097009e-01,1.710177e-01,4.291878e-02,3.588407e-02,9.062977e-03
9.166883e-03,4.102762e-03,5.926884e-03,2.223860e-02,5.695577e-02,6.022759e-03,2.181599e-02,8.916040e-02,2.779380e-02,8.897968e-02,2.936242e-01,2.945841e-01,3.415406e-02,3.868228e-02,6.791783e-03
6.524859e-03,3.077831e-03,4.257293e-03,1.665616e-02,4.041859e-02,4.514697e-03,1.535166e-02,6.273183e-02,2.141899e-02,7.412408e-02,2.447222e-01,4.266575e-01,2.792251e-02,4.650235e-02,5.119482e-03
4.764837e-03,2.273314e-03,3.086009e-03,1.219152e-02,2.910831e-02,3.331886e-03,1.079448e-02,4.428060e-02,1.566937e-02,7.106415e-02,2.039037e-01,5.279431e-01,2.207808e-02,4.481248e-02,4.698199e-03
3.352983e-03,1.668046e-03,2.190372e-03,8.567744e-03,2.059962e-02,2.344157e-03,7.563746e-03,3.103953e-02,1.188700e-02,5.037437e-02,1.483338e-01,6.575441e-01,1.679500e-02,3.433932e-02,3.400288e-03
2.383169e-03,1.268667e-03,1.637307e-03,6.062813e-03,1.501170e-02,1.675313e-03,5.302336e-03,2.177544e-02,1.005431e-02,3.766264e-02,1.315053e-01,7.115587e-01,1.266003e-02,3.874792e-02,2.694292e-03
2.101755e-03,1.412260e-03,1.639316e-03,4.353858e-03,1.246993e-02,1.349804e-03,3.730021e-03,1.537060e-02,8.796611e-03,3.297951e-02,1.555535e-01,7.049276e-01,1.065972e-02,4.255500e-02,2.100498e-03
3.380445e-03,1.221885e-03,1.283317e-03,3.267625e-03,1.253485e-02,1.135212e-03,2.706960e-03,1.100363e-02,7.960062e-03,3.938159e-02,2.027195e-01,6.617978e-01,9.244619e-03,4.053967e-02,1.822789e-03
4.206072e-03,3.207304e-03,1.331446e-03,2.629465e-03,1.673210e-02,2.026309e-03,1.968795e-03,9.384586e-03,8.263917e-03,3.796556e-02,2.037416e-01,6.615616e-01,9.707050e-03,3.542690e-02,1.847289e-03
1.682975e-02,2.510489e-03,1.006165e-03,2.113708e-03,1.511241e-02,1.995154e-03,1.416137e-03,6.800438e-03,7.331716e-03,3.130038e-02,2.131969e-01,6.572975e-01,8.847888e-03,3.273464e-02,1.506698e-03
2.113884e-02,2.437077e-03,1.077122e-03,1.937511e-03,1.281436e-02,2.257758e-03,1.017782e-03,5.108288e-03,6.863361e-03,2.834770e-02,1.901252e-01,6.901627e-01,7.969153e-03,2.743076e-02,1.312354e-03
3.971938e-02,2.724397e-03,1.927194e-03,2.004316e-03,1.024347e-02,5.230888e-03,7.449521e-04,4.099403e-03,6.137216e-03,2.354463e-02,1.592909e-01,7.135475e-01,6.433310e-03,2.243415e-02,1.918283e-03
3.036050e-02,2.413208e-03,2.084261e-03,1.516532e-03,8.038138e-03,4.410051e-03,5.348455e-04,3.093947e-03,5.200576e-03,1.845517e-02,1.351457e-01,7.627198e-01,4.744550e-03,1.972325e-02,1.559451e-03
2.212087e-02,9.307582e-03,1.885151e-02,1.231169e-03,1.010195e-02,3.570866e-03,3.917110e-04,3.535487e-03,4.971128e-03,1.417779e-02,1.138321e-01,7.773283e-01,3.845192e-03,1.549381e-02,1.240517e-03
1.670391e-02,6.809310e-03,1.508288e-02,1.465427e-03,1.684790e-02,3.135469e-03,5.050533e-04,1.794963e-02,5.535959e-03,1.198668e-02,8.932213e-02,7.989735e-01,3.035733e-03,1.174318e-02,9.032294e-04
1.232598e-02,5.598410e-03,1.374427e-02,1.436958e-03,2.209718e-02,2.448430e-03,4.351316e-04,2.409225e-02,7.996025e-03,9.403951e-03,7.353432e-02,8.147689e-01,2.397132e-03,9.056188e-03,6.649639e-04
8.836772e-03,4.155689e-03,1.053448e-02,1.199771e-03,2.481875e-02,1.862459e-03,3.328793e-04,2.057702e-02,8.296934e-03,7.218296e-03,5.735062e-02,8.454790e-01,1.785831e-03,7.072266e-03,4.793129e-04
6.947441e-03,5.599051e-03,1.995509e-02,3.238556e-03,5.578250e-02,2.759377e-03,3.848790e-04,4.582518e-02,1.255817e-02,5.527299e-03,5.429356e-02,7.793135e-01,1.435088e-03,5.952169e-03,4.282595e-04
6.209699e-03,5.171931e-03,2.810496e-02,6.622430e-03,6.417739e-02,5.479889e-03,6.750526e-04,1.140644e-01,1.540484e-02,5.097687e-03,6.148894e-02,6.791457e-01,1.507005e-03,6.469851e-03,3.803558e-04
6.311574e-03,3.939427e-03,3.800357e-02,8.630988e-03,7.223219e-02,5.795355e-03,7.934889e-04,2.453444e-01,2.234614e-02,5.645107e-03,6.457223e-02,5.167602e-01,2.644230e-03,6.630525e-03,3.506864e-04
6.234405e-03,3.009898e-03,4.750590e-02,1.293766e-02,6.358189e-02,4.682371e-03,1.258806e-03,3.856651e-01,2.083453e-02,4.661553e-03,5.559338e-02,3.858385e-01,2.744621e-03,5.161505e-03,2.899841e-04
6.279106e-03,2.330401e-03,4.969032e-02,9.526461e-03,5.036180e-02,3.791620e-03,9.166887e-04,5.104344e-01,1.588116e-02,3.490481e-03,4.508189e-02,2.944956e-01,3.531689e-03,3.949779e-03,2.386320e-04
4.935749e-03,1.680071e-03,3.934927e-02,7.032516e-03,3.650256e-02,3.749395e-03,7.003822e-04,6.487254e-01,1.117912e-02,2.470925e-03,3.166848e-02,2.065430e-01,2.517315e-03,2.774445e-03,1.714933e-04
4.072104e-03,1.267318e-03,3.111543e-02,5.361945e-03,2.715242e-02,4.832621e-03,5.247903e-04,7.431684e-01,7.934436e-03,1.762221e-03,2.250176e-02,1.460143e-01,2.137584e-03,2.008536e-03,1.463056e-04
4.536405e-03,1.200389e-03,2.354637e-02,5.223847e-03,2.024327e-02,7.287416e-03,3.792964e-04,7.981437e-01,5.732463e-03,1.354748e-03,1.732767e-02,1.092433e-01,3.539114e-03,2.089841e-03,1.521652e-04
8.539436e-03,1.061710e-03,1.806208e-02,9.004506e-03,2.043455e-02,7.200560e-03,2.759596e-04,8.303228e-01,4.456364e-03,1.097475e-03,1.364498e-02,7.964682e-02,4.238453e-03,1.812803e-03,2.015348e-04
1.291298e-02,1.155731e-03,1.388884e-02,2.147629e-02,2.343354e-02,5.660345e-03,2.227357e-04,8.450477e-01,3.648229e-03,7.943794e-04,1.016230e-02,5.633492e-02,3.723120e-03,1.330705e-03,2.082541e-04
1.647977e-02,1.218399e-03,1.281482e-02,5.801297e-02,1.874820e-02,5.246508e-03,1.924034e-04,8.223271e-01,3.578678e-03,7.291061e-04,1.142528e-02,4.255271e-02,5.104446e-03,1.051569e-03,5.180081e-04
2.170852e-02,1.590879e-03,1.179285e-02,5.554367e-02,1.646233e-02,4.895197e-03,2.477091e-04,8.282733e-01,6.046444e-03,8.321280e-04,1.265385e-02,3.208233e-02,5.835636e-03,1.081472e-03,9.536797e-04
2.532160e-02,1.805725e-03,9.525641e-03,4.136159e-02,1.289314e-02,4.247881e-03,2.891431e-04,8.555704e-01,8.282762e-03,6.740115e-04,1.005537e-02,2.311591e-02,4.721274e-03,9.699727e-04,1.165578e-03
4.147962e-02,2.902453e-03,7.632442e-03,3.252153e-02,1.244171e-02,4.214005e-03,4.979544e-04,8.480684e-01,1.747395e-02,5.990964e-04,8.591441e-03,1.705671e-02,4.114257e-03,8.898875e-04,1.516573e-03
7.239596e-02,3.928475e-03,6.810591e-03,2.495116e-02,1.337411e-02,4.643319e-03,8.367973e-04,7.737390e-01,6.988867e-02,5.353212e-04,9.084146e-03,1.340806e-02,3.983804e-03,8.636535e-04,1.556940e-03
1.283331e-01,5.206686e-03,6.349194e-03,1.902371e-02,1.643527e-02,6.361735e-03,1.786838e-03,6.127975e-01,1.725271e-01,6.153522e-04,8.778512e-03,1.292786e-02,5.905791e-03,1.069577e-03,1.881833e-03
1.338471e-01,6.722543e-03,5.917371e-03,1.652894e-02,1.681088e-02,6.769392e-03,2.179082e-03,6.082037e-01,1.697875e-01,7.756713e-04,8.217614e-03,1.402190e-02,5.790194e-03,1.127342e-03,3.300904e-03
1.214944e-01,1.099760e-02,1.121194e-02,1.400752e-02,1.465359e-02,1.116669e-02,1.708897e-03,4.477812e-01,1.558610e-01,6.377122e-03,3.373688e-02,1.252826e-02,7.089521e-03,4.495598e-02,1.064295e-01
9.262016e-02,1.255234e-02,1.523829e-02,1.451169e-02,1.734564e-02,9.000444e-03,1.289071e-03,3.199567e-01,2.357742e-01,6.211222e-03,9.922644e-02,9.632734e-03,8.073724e-03,7.399174e-02,8.457558e-02
6.659964e-02,9.885016e-03,1.215177e-02,1.084562e-02,1.468187e-02,6.476405e-03,9.456883e-04,2.250981e-01,3.897296e-01,6.058088e-03,1.143259e-01,7.645426e-03,8.720366e-03,6.530789e-02,6.152866e-02
4.839321e-02,7.533208e-03,9.918923e-03,7.969177e-03,1.123947e-02,4.751261e-03,7.103123e-04,1.581656e-01,4.178995e-01,1.391031e-02,1.090898e-01,6.253929e-03,6.915162e-03,1.519703e-01,4.527988e-02
3.507064e-02,6.185654e-03,7.722210e-03,5.763051e-03,8.332296e-03,3.875063e-03,5.167006e-04,1.110364e-01,4.884030e-01,1.306942e-02,1.198316e-01,5.373768e-03,6.500446e-03,1.540781e-01,3.424159e-02
2.562204e-02,5.174665e-03,5.737166e-03,4.678020e-03,6.348563e-03,7.044932e-03,3.991029e-04,7.790574e-02,4.955503e-01,1.582020e-02,9.994727e-02,4.805469e-03,5.158457e-03,2.145399e-01,3.126817e-02
1.935460e-02,4.099007e-03,4.175244e-03,4.045882e-03,4.998332e-03,1.107066e-02,3.573027e-04,5.461647e-02,4.807850e-01,1.686300e-02,9.993806e-02,5.645979e-03,5.260494e-03,2.490256e-01,3.976451e-02
1.390886e-02,3.334860e-03,3.007037e-03,2.892402e-03,3.581827e-03,8.031690e-03,2.617262e-04,3.823720e-02,3.638984e-01,2.359552e-02,1.184530e-01,4.130112e-03,3.881777e-03,3.802096e-01,3.257605e-02
1.055929e-02,2.591979e-03,2.333331e-03,2.277808e-03,2.693842e-03,6.051234e-03,1.984288e-04,2.678292e-02,2.818106e-01,2.141732e-02,1.091971e-01,3.044768e-03,2.805818e-03,5.034491e-01,2.478640e-02
8.274988e-03,2.097998e-03,1.749898e-03,1.954709e-03,2.043234e-03,4.790670e-03,1.671879e-04,1.878660e-02,2.854604e-01,2.197116e-02,1.006893e-01,2.523849e-03,2.270475e-03,5.283004e-01,1.891901e-02
6.277635e-03,2.348995e-03,1.305997e-03,1.493340e-03,1.746459e-03,6.796735e-03,1.653208e-04,1.320116e-02,2.421408e-01,4.447852e-02,8.950168e-02,1.952427e-03,2.172894e-03,5.718707e-01,1.454731e-02
4.578062e-03,1.829097e-03,9.452470e-04,1.175546e-03,1.337591e-03,5.092572e-03,1.512157e-04,9.255269e-03,1.832078e-01,8.039539e-02,7.414723e-02,1.586058e-03,2.660360e-03,6.221327e-01,1.150583e-02
3.318235e-03,1.345375e-03,6.769710e-04,9.025121e-04,1.024443e-03,3.735096e-03,1.203125e-04,6.492735e-03,1.296738e-01,2.711248e-01,5.614685e-02,1.270890e-03,2.663850e-03,5.132264e-01,8.277543e-03
2.344232e-03,9.492136e-04,4.822891e-04,8.089154e-04,1.939677e-03,2.668563e-03,1.804529e-04,4.793277e-03,9.355243e-02,4.404731e-01,4.289074e-02,1.294485e-03,3.759312e-03,3.979203e-01,5.942984e-03
1.707484e-03,7.047757e-04,3.585196e-04,7.650795e-04,6.934987e-03,1.972363e-03,3.132072e-04,3.606234e-03,6.919056e-02,5.370144e-01,3.372498e-02,2.080722e-03,6.632492e-03,3.306718e-01,4.322372e-03
1.341989e-03,8.656200e-04,4.944464e-04,1.098674e-03,7.777731e-03,1.605935e-03,3.370504e-04,3.155635e-03,5.623855e-02,5.696024e-01,5.009826e-02,1.759325e-02,3.462619e-02,2.518244e-01,3.339820e-03
1.045096e-03,2.158648e-03,1.309523e-03,1.378827e-03,7.816996e-03,2.406917e-03,4.132482e-04,2.983290e-03,5.210241e-02,5.927076e-01,5.931324e-02,3.060906e-02,5.091879e-02,1.919322e-01,2.904081e-03
9.475194e-04,1.984359e-03,1.147052e-03,1.344741e-03,6.438427e-03,1.007790e-02,3.851381e-04,2.519036e-03,4.614378e-02,6.182257e-01,5.199045e-02,5.030228e-02,6.852210e-02,1.375308e-01,2.440654e-03
1.457721e-03,5.625871e-03,1.714738e-03,1.086683e-02,8.442406e-03,2.577468e-02,3.922040e-04,3.476270e-03,5.723597e-02,5.610425e-01,4.857213e-02,7.447984e-02,9.778830e-02,9.814108e-02,4.989391e-03
1.447050e-03,6.602726e-03,1.527243e-03,9.672135e-03,6.843445e-03,2.404818e-02,3.681175e-04,3.211525e-03,5.610547e-02,4.768156e-01,6.533295e-02,1.462274e-01,1.265350e-01,7.016665e-02,5.096501e-03
4.344589e-03,9.531929e-03,2.278724e-03,1.230827e-02,6.860541e-03,2.262712e-02,3.399494e-04,3.410592e-03,6.365749e-02,3.945517e-01,8.544162e-02,2.056959e-01,1.281520e-01,5.494610e-02,5.853520e-03
5.395408e-03,1.402941e-02,5.650284e-03,1.365887e-02,8.411482e-03,1.728303e-02,3.420272e-04,2.830237e-03,6.255619e-02,3.232096e-01,1.222143e-01,2.236930e-01,1.530472e-01,4.136451e-02,6.314477e-03
2.243440e-02,1.183128e-02,5.037138e-03,1.267951e-02,1.606992e-02,1.392302e-02,3.329861e-04,3.305584e-03,8.564925e-02,2.539790e-01,1.951010e-01,1.938311e-01,1.243609e-01,5.534832e-02,6.116665e-03
2.259019e-02,9.537229e-03,4.405189e-03,1.029157e-02,1.316372e-02,1.116262e-02,2.788985e-04,2.727920e-03,8.575670e-02,1.813974e-01,3.491634e-01,1.488407e-01,9.087265e-02,6.439734e-02,5.414518e-03
1.679174e-02,7.027863e-03,3.361644e-03,7.555824e-03,1.014682e-02,8.073022e-03,2.041253e-04,2.043517e-03,6.837390e-02,1.276523e-01,4.935098e-01,1.102440e-01,6.598776e-02,7.493063e-02,4.097078e-03
1.247170e-02,5.179537e-03,2.646402e-03,5.491975e-03,7.708176e-03,6.079371e-03,1.618816e-04,1.564733e-03,5.609800e-02,9.033887e-02,5.463839e-01,9.070501e-02,5.068100e-02,1.214049e-01,3.084521e-03
8.966844e-03,4.168836e-03,2.501289e-03,3.996900e-03,7.058536e-03,4.473433e-03,1.272661e-04,1.139538e-03,6.509935e-02,6.396933e-02,4.707413e-01,1.014768e-01,4.201084e-02,2.206254e-01,3.644276e-03
6.325861e-03,4.024753e-03,2.209777e-03,2.831684e-03,5.031781e-03,3.506635e-03,9.283832e-05,8.043846e-04,6.741656e-02,4.514935e-02,3.383874e-01,7.803007e-02,3.050770e-02,4.123940e-01,3.287215e-03
4.609302e-03,3.568051e-03,1.745216e-03,2.072508e-03,3.549013e-03,3.104348e-03,6.951267e-05,5.678780e-04,6.630811e-02,3.217109e-02,2.423153e-01,5.708519e-02,2.164892e-02,5.575595e-01,3.626049e-03
3.752931e-03,2.999189e-03,1.530640e-03,1.792899e-03,2.606148e-03,3.446687e-03,6.679889e-05,4.255377e-04,7.948151e-02,2.309849e-02,1.799516e-01,4.233582e-02,1.538913e-02,6.398333e-01,3.289271e-03
3.155929e-03,2.612744e-03,1.242483e-03,1.402371e-03,1.873903e-03,2.913291e-03,5.320588e-05,3.076726e-04,1.607163e-01,1.648895e-02,1.303275e-01,3.360791e-02,1.110220e-02,6.313114e-01,2.884262e-03
2.629959e-03,2.563030e-03,1.038005e-03,1.051795e-03,1.343298e-03,2.899941e-03,4.671724e-05,2.223832e-04,3.074008e-01,1.172136e-02,9.251524e-02,2.490490e-02,8.003503e-03,5.406377e-01,3.021365e-03
2.184005e-03,3.339135e-03,8.089541e-04,7.696055e-04,9.516478e-04,2.879813e-03,3.736836e-05,1.584318e-04,3.180798e-01,8.394151e-03,6.560156e-02,1.787552e-02,5.718697e-03,5.698868e-01,3.314525e-03
2.994019e-03,2.545995e-03,1.739469e-03,6.748628e-04,7.688591e-04,9.195068e-03,5.336985e-05,1.987869e-04,4.523670e-01,6.337548e-03,4.664500e-02,1.273158e-02,4.092944e-03,4.564389e-01,3.216588e-03
3.853182e-03,2.030154e-03,1.639157e-03,5.204114e-04,6.037786e-04,1.511614e-02,5.033409e-05,1.926895e-04,4.441229e-01,4.913590e-03,3.378341e-02,9.013937e-03,2.899375e-03,4.780522e-01,3.208782e-03
9.145843e-03,4.095478e-03,6.826578e-03,2.066517e-03,8.539073e-04,3.804094e-02,1.420462e-04,7.026166e-04,4.019637e-01,5.457355e-03,2.710965e-02,6.390620e-03,2.145039e-03,4.903539e-01,4.705825e-03
1.945925e-02,1.199693e-02,1.983537e-02,6.908066e-03,1.434438e-03,4.470818e-02,2.329572e-04,8.337471e-04,3.420915e-01,7.323360e-03,2.329023e-02,4.554634e-03,1.709772e-03,5.047002e-01,1.092135e-02
2.393289e-02,1.009558e-02,2.278176e-02,8.233748e-03,1.604624e-03,3.532405e-02,3.397873e-04,1.120819e-03,2.559524e-01,5.673399e-03,2.078761e-02,3.231113e-03,1.346828e-03,5.990358e-01,1.053958e-02
2.733368e-02,8.151502e-03,2.868352e-02,1.024579e-02,2.558530e-03,2.674088e-02,3.727605e-04,8.966973e-04,1.858446e-01,4.397174e-03,2.297099e-02,2.288828e-03,1.288809e-03,6.678271e-01,1.039916e-02
3.416582e-02,6.575336e-03,2.526562e-02,8.556462e-03,3.412644e-03,2.043635e-02,3.832647e-04,8.922978e-04,1.397620e-01,4.423459e-03,4.402956e-02,1.646891e-03,1.276767e-03,6.932905e-01,1.588301e-02
4.285469e-02,2.034344e-02,3.019966e-02,7.525808e-02,8.234149e-03,1.630273e-02,4.682142e-04,1.131686e-03,1.198887e-01,5.975891e-03,3.231380e-02,1.247486e-03,1.581777e-03,5.601717e-01,8.402796e-02
5.682053e-02,1.854394e-02,2.499954e-02,6.410437e-02,7.577769e-03,1.257022e-02,5.925560e-04,1.623547e-03,1.070431e-01,1.004558e-02,2.552128e-02,9.785059e-04,1.632145e-03,4.908889e-01,1.770581e-01
5.738423e-02,3.086045e-02,3.933692e-02,1.239662e-01,9.352589e-03,1.029599e-02,6.141594e-04,1.608142e-03,9.384643e-02,9.794720e-03,1.892113e-02,9.744969e-04,1.496214e-03,3.708835e-01,2.306649e-01
7.087812e-02,3.459594e-02,8.617948e-02,1.592425e-01,1.221456e-02,1.018228e-02,8.100020e-04,3.524890e-03,8.462483e-02,1.006075e-02,1.545320e-02,1.630336e-03,1.705474e-03,2.700040e-01,2.388936e-01
1.143157e-01,4.003855e-02,9.185731e-02,1.437774e-01,1.259986e-02,1.062091e-02,8.800625e-04,4.425265e-03,8.293989e-02,1.238368e-02,1.201337e-02,2.226066e-03,1.762665e-03,1.947033e-01,2.754560e-01
1.424181e-01,6.653246e-02,8.153147e-02,1.159436e-01,1.697032e-02,1.076750e-02,8.640382e-04,3.913396e-03,7.177506e-02,1.708736e-02,9.467911e-03,2.266217e-03,1.728241e-03,1.392317e-01,3.195027e-01
2.066565e-01,9.710185e-02,6.545772e-02,1.007951e-01,3.010141e-02,1.211430e-02,1.171558e-03,5.045416e-03,6.358585e-02,1.858212e-02,7.888775e-03,2.209818e-03,1.696918e-03,1.008983e-01,2.866944e-01
2.291427e-01,1.535560e-01,5.206480e-02,9.430613e-02,3.847149e-02,1.468567e-02,1.666640e-03,4.450453e-03,5.078760e-02,1.871067e-02,5.999892e-03,1.868150e-03,1.402146e-03,7.170843e-02,2.611793e-01
2.029875e-01,1.672086e-01,5.236449e-02,8.523425e-02,3.091457e-02,1.376474e-02,1.510320e-03,3.542213e-03,4.166928e-02,3.472755e-02,4.417815e-03,1.446257e-03,1.059173e-03,5.062025e-02,3.085331e-01
1.538120e-01,1.293475e-01,3.949565e-02,1.314237e-01,2.298356e-02,1.892147e-02,1.205818e-03,3.435405e-03,6.712365e-02,5.851486e-02,4.781318e-03,1.618825e-03,1.029553e-03,4.162155e-02,3.246852e-01
1.115175e-01,9.938457e-02,3.102484e-02,1.342911e-01,1.680051e-02,1.375962e-02,1.039924e-03,3.136332e-03,1.151574e-01,7.747579e-02,4.711386e-02,1.784490e-02,1.220851e-03,3.518554e-02,2.950474e-01
8.757025e-02,7.322056e-02,2.384196e-02,1.610616e-01,1.250739e-02,1.165521e-02,1.460564e-03,2.905810e-03,1.070924e-01,6.753587e-02,9.125018e-02,6.575450e-02,2.117640e-03,6.322168e-02,2.288045e-01
6.547049e-02,5.172981e-02,1.888455e-02,1.135722e-01,1.605112e-02,4.349539e-02,1.175110e-03,2.753412e-03,7.567991e-02,4.814007e-02,2.975737e-01,5.681015e-02,2.835975e-03,4.546241e-02,1.603657e-01
4.672355e-02,3.699931e-02,1.410247e-02,8.059404e-02,1.400477e-02,5.532048e-02,8.847435e-04,2.088603e-03,1.427461e-01,3.474675e-02,2.591702e-01,4.572042e-02,2.747274e-03,1.344971e-01,1.296542e-01
3.311669e-02,2.648366e-02,1.004996e-02,5.664813e-02,1.058218e-02,5.941780e-02,6.440914e-04,1.497869e-03,1.573555e-01,2.469819e-02,2.029974e-01,3.524732e-02,2.439688e-03,2.803924e-01,9.842918e-02
2.319230e-02,1.855114e-02,7.037695e-03,3.966541e-02,7.441645e-03,4.214223e-02,4.525835e-04,1.049940e-03,1.141971e-01,1.735946e-02,1.439300e-01,2.533307e-02,1.755170e-03,4.886509e-01,6.924137e-02
1.624532e-02,1.299611e-02,4.927528e-03,2.777709e-02,5.214286e-03,3.005353e-02,3.174775e-04,7.354015e-04,8.325502e-02,1.221343e-02,1.014279e-01,1.783523e-02,1.249711e-03,6.365021e-01,4.924989e-02
