1.000000e+00,0.000000e+00,0.000000e+00,0.000000e+00,0.000000e+00,0.000000e+00,0.000000e+00,0.000000e+00,0.000000e+00,0.000000e+00,0.000000e+00,0.000000e+00,0.000000e+00,0.000000e+00,0.000000e+00
1.000000e+00,0.000000e+00,0.000000e+00,0.000000e+00,0.000000e+00,0.000000e+00,0.000000e+00,0.000000e+00,0.000000e+00,0.000000e+00,0.000000e+00,0.000000e+00,0.000000e+00,0.000000e+00,0.000000e+00
1.000000e+00,0.000000e+00,0.000000e+00,0.000000e+00,0.000000e+00,0.000000e+00,0.000000e+00,0.000000e+00,0.000000e+00,0.000000e+00,0.000000e+00,0.000000e+00,0.000000e+00,0.000000e+00,0.000000e+00
1.000000e+00,0.000000e+00,0.000000e+00,0.000000e+00,0.000000e+00,0.000000e+00,0.000000e+00,0.000000e+00,0.000000e+00,0.000000e+00,0.000000e+00,0.000000e+00,0.000000e+00,0.000000e+00,0.000000e+00
1.000000e+00,0.000000e+00,0.000000e+00,0.000000e+00,0.000000e+00,0.000000e+00,0.000000e+00,0.000000e+00,0.000000e+00,0.000000e+00,0.000000e+00,0.000000e+00,0.000000e+00,0.000000e+00,0.000000e+00
1.000000e+00,0.000000e+00,0.000000e+00,0.000000e+00,0.000000e+00,0.000000e+00,0.000000e+00,0.000000e+00,0.000000e+00,0.000000e+00,0.000000e+00,0.000000e+00,0.000000e+00,0.000000e+00,0.000000e+00
1.000000e+00,0.000000e+00,0.000000e+00,0.000000e+00,0.000000e+00,0.000000e+00,0.000000e+00,0.000000e+00,0.000000e+00,0.000000e+00,0.000000e+00,0.000000e+00,0.000000e+00,0.000000e+00,0.000000e+00
1.000000e+00,0.000000e+00,0.000000e+00,0.000000e+00,0.000000e+00,0.000000e+00,0.000000e+00,0.000000e+00,0.000000e+00,0.000000e+00,0.000000e+00,0.000000e+00,0.000000e+00,0.000000e+00,0.000000e+00
1.000000e+00,0.000000e+00,0.000000e+00,0.000000e+00,0.000000e+00,0.000000e+00,0.000000e+00,0.000000e+00,0.000000e+00,0.000000e+00,0.000000e+00,0.000000e+00,0.000000e+00,0.000000e+00,0.000000e+00
1.000000e+00,0.000000e+00,0.000000e+00,0.000000e+00,0.000000e+00,0.000000e+00,0.000000e+00,0.000000e+00,0.000000e+00,0.000000e+00,0.000000e+00,0.000000e+00,0.000000e+00,0.000000e+00,0.000000e+00
1.000000e+00,0.000000e+00,0.000000e+00,0.000000e+00,0.000000e+00,0.000000e+00,0.000000e+00,0.000000e+00,0.000000e+00,0.000000e+00,0.000000e+00,0.000000e+00,0.000000e+00,0.000000e+00,0.000000e+00
1.000000e+00,0.000000e+00,0.000000e+00,0.000000e+00,0.000000e+00,0.000000e+00,0.000000e+00,0.000000e+00,0.000000e+00,0.000000e+00,0.000000e+00,0.000000e+00,0.000000e+00,0.000000e+00,0.000000e+00
1.000000e+00,0.000000e+00,0.000000e+00,0.000000e+00,0.000000e+00,0.000000e+00,0.000000e+00,0.000000e+00,0.000000e+00,0.000000e+00,0.000000e+00,0.000000e+00,0.000000e+00,0.000000e+00,0.000000e+00
1.000000e+00,0.000000e+00,0.000000e+00,0.000000e+00,0.000000e+00,0.000000e+00,0.000000e+00,0.000000e+00,0.000000e+00,0.000000e+00,0.000000e+00,0.000000e+00,0.000000e+00,0.000000e+00,0.000000e+00
1.000000e+00,0.000000e+00,0.000000e+00,0.000000e+00,0.000000e+00,0.000000e+00,0.000000e+00,0.000000e+00,0.000000e+00,0.000000e+00,0.000000e+00,0.000000e+00,0.000000e+00,0.000000e+00,0.000000e+00
1.000000e+00,0.000000e+00,0.000000e+00,0.000000e+00,0.000000e+00,0.000000e+00,0.000000e+00,0.000000e+00,0.000000e+00,0.000000e+00,0.000000e+00,0.000000e+00,0.000000e+00,0.000000e+00,0.000000e+00
1.000000e+00,0.000000e+00,0.000000e+00,0.000000e+00,0.000000e+00,0.000000e+00,0.000000e+00,0.000000e+00,0.000000e+00,0.000000e+00,0.000000e+00,0.000000e+00,0.000000e+00,0.000000e+00,0.000000e+00
1.000000e+00,0.000000e+00,0.000000e+00,0.000000e+00,0.000000e+00,0.000000e+00,0.000000e+00,0.000000e+00,0.000000e+00,0.000000e+00,0.000000e+00,0.000000e+00,0.000000e+00,0.000000e+00,0.000000e+00
1.000000e+00,0.000000e+00,0.000000e+00,0.000000e+00,0.000000e+00,0.000000e+00,0.000000e+00,0.000000e+00,0.000000e+00,0.000000e+00,0.000000e+00,0.000000e+00,0.000000e+00,0.000000e+00,0.000000e+00
1.000000e+00,0.000000e+00,0.000000e+00,0.000000e+00,0.000000e+00,0.000000e+00,0.000000e+00,0.000000e+00,0.000000e+00,0.000000e+00,0.000000e+00,0.000000e+00,0.000000e+00,0.000000e+00,0.000000e+00
1.000000e+00,0.000000e+00,0.000000e+00,0.000000e+00,0.000000e+00,0.000000e+00,0.000000e+00,0.000000e+00,0.000000e+00,0.000000e+00,0.000000e+00,0.000000e+00,0.000000e+00,0.000000e+00,0.000000e+00
1.000000e+00,0.000000e+00,0.000000e+00,0.000000e+00,0.000000e+00,0.000000e+00,0.000000e+00,0.000000e+00,0.000000e+00,0.000000e+00,0.000000e+00,0.000000e+00,0.000000e+00,0.000000e+00,0.000000e+00
1.000000e+00,0.000000e+00,0.000000e+00,0.000000e+00,0.000000e+00,0.000000e+00,0.000000e+00,0.000000e+00,0.000000e+00,0.000000e+00,0.000000e+00,0.000000e+00,0.000000e+00,0.000000e+00,0.000000e+00
1.000000e+00,0.000000e+00,0.000000e+00,0.000000e+00,0.000000e+00,0.000000e+00,0.000000e+00,0.000000e+00,0.000000e+00,0.000000e+00,0.000000e+00,0.000000e+00,0.000000e+00,0.000000e+00,0.000000e+00
1.000000e+00,0.000000e+00,0.000000e+00,0.000000e+00,0.000000e+00,0.000000e+00,0.000000e+00,0.000000e+00,0.000000e+00,0.000000e+00,0.000000e+00,0.000000e+00,0.000000e+00,0.000000e+00,0.000000e+00
1.000000e+00,0.000000e+00,0.000000e+00,0.000000e+00,0.000000e+00,0.000000e+00,0.000000e+00,0.000000e+00,0.000000e+00,0.000000e+00,0.000000e+00,0.000000e+00,0.000000e+00,0.000000e+00,0.000000e+00
1.000000e+00,0.000000e+00,0.000000e+00,0.000000e+00,0.000000e+00,0.000000e+00,0.000000e+00,0.000000e+00,0.000000e+00,0.000000e+00,0.000000e+00,0.000000e+00,0.000000e+00,0.000000e+00,0.000000e+00
1.000000e+00,0.000000e+00,0.000000e+00,0.000000e+00,0.000000e+00,0.000000e+00,0.000000e+00,0.000000e+00,0.000000e+00,0.000000e+00,0.000000e+00,0.000000e+00,0.000000e+00,0.000000e+00,0.000000e+00
1.000000e+00,0.000000e+00,0.000000e+00,0.000000e+00,0.000000e+00,0.000000e+00,0.000000e+00,0.000000e+00,0.000000e+00,0.000000e+00,0.000000e+00,0.000000e+00,0.000000e+00,0.000000e+00,0.000000e+00
1.000000e+00,0.000000e+00,0.000000e+00,0.000000e+00,0.000000e+00,0.000000e+00,0.000000e+00,0.000000e+00,0.000000e+00,0.000000e+00,0.000000e+00,0.000000e+00,0.000000e+00,0.000000e+00,0.000000e+00
1.000000e+00,0.000000e+00,0.000000e+00,0.000000e+00,0.000000e+00,0.000000e+00,0.000000e+00,0.000000e+00,0.000000e+00,0.000000e+00,0.000000e+00,0.000000e+00,0.000000e+00,0.000000e+00,0.000000e+00
1.000000e+00,0.000000e+00,0.000000e+00,0.000000e+00,0.000000e+00,0.000000e+00,0.000000e+00,0.000000e+00,0.000000e+00,0.000000e+00,0.000000e+00,0.000000e+00,0.000000e+00,0.000000e+00,0.000000e+00
1.000000e+00,0.000000e+00,0.000000e+00,0.000000e+00,0.000000e+00,0.000000e+00,0.000000e+00,0.000000e+00,0.000000e+00,0.000000e+00,0.000000e+00,0.000000e+00,0.000000e+00,0.000000e+00,0.000000e+00
1.000000e+00,0.000000e+00,0.000000e+00,0.000000e+00,0.000000e+00,0.000000e+00,0.000000e+00,0.000000e+00,0.000000e+00,0.000000e+00,0.000000e+00,0.000000e+00,0.000000e+00,0.000000e+00,0.000000e+00
1.000000e+00,0.000000e+00,0.000000e+00,0.000000e+00,0.000000e+00,0.000000e+00,0.000000e+00,0.000000e+00,0.000000e+00,0.000000e+00,0.000000e+00,0.000000e+00,0.000000e+00,0.000000e+00,0.000000e+00
1.000000e+00,0.000000e+00,0.000000e+00,0.000000e+00,0.000000e+00,0.000000e+00,0.000000e+00,0.000000e+00,0.000000e+00,0.000000e+00,0.000000e+00,0.000000e+00,0.000000e+00,0.000000e+00,0.000000e+00
1.000000e+00,0.000000e+00,0.000000e+00,0.000000e+00,0.000000e+00,0.000000e+00,0.000000e+00,0.000000e+00,0.000000e+00,0.000000e+00,0.000000e+00,0.000000e+00,0.000000e+00,0.000000e+00,0.000000e+00
1.000000e+00,0.000000e+00,0.000000e+00,0.000000e+00,0.000000e+00,0.000000e+00,0.000000e+00,0.000000e+00,0.000000e+00,0.000000e+00,0.000000e+00,0.000000e+00,0.000000e+00,0.000000e+00,0.000000e+00
1.000000e+00,0.000000e+00,0.000000e+00,0.000000e+00,0.000000e+00,0.000000e+00,0.000000e+00,0.000000e+00,0.000000e+00,0.000000e+00,0.000000e+00,0.000000e+00,0.000000e+00,0.000000e+00,0.000000e+00
1.000000e+00,0.000000e+00,0.000000e+00,0.000000e+00,0.000000e+00,0.000000e+00,0.000000e+00,0.000000e+00,0.000000e+00,0.000000e+00,0.000000e+00,0.000000e+00,0.000000e+00,0.000000e+00,0.000000e+00
1.000000e+00,0.000000e+00,0.000000e+00,0.000000e+00,0.000000e+00,0.000000e+00,0.000000e+00,0.000000e+00,0.000000e+00,0.000000e+00,0.000000e+00,0.000000e+00,0.000000e+00,0.000000e+00,0.000000e+00
1.000000e+00,0.000000e+00,0.000000e+00,0.000000e+00,0.000000e+00,0.000000e+00,0.000000e+00,0.000000e+00,0.000000e+00,0.000000e+00,0.000000e+00,0.000000e+00,0.000000e+00,0.000000e+00,0.000000e+00
1.000000e+00,0.000000e+00,0.000000e+00,0.000000e+00,0.000000e+00,0.000000e+00,0.000000e+00,0.000000e+00,0.000000e+00,0.000000e+00,0.000000e+00,0.000000e+00,0.000000e+00,0.000000e+00,0.000000e+00
1.000000e+00,0.000000e+00,0.000000e+00,0.000000e+00,0.000000e+00,0.000000e+00,0.000000e+00,0.000000e+00,0.000000e+00,0.000000e+00,0.000000e+00,0.000000e+00,0.000000e+00,0.000000e+00,0.000000e+00
1.000000e+00,0.000000e+00,0.000000e+00,0.000000e+00,0.000000e+00,0.000000e+00,0.000000e+00,0.000000e+00,0.000000e+00,0.000000e+00,0.000000e+00,0.000000e+00,0.000000e+00,0.000000e+00,0.000000e+00
1.000000e+00,0.000000e+00,0.000000e+00,0.000000e+00,0.000000e+00,0.000000e+00,0.000000e+00,0.000000e+00,0.000000e+00,0.000000e+00,0.000000e+00,0.000000e+00,0.000000e+00,0.000000e+00,0.000000e+00
1.000000e+00,0.000000e+00,0.000000e+00,0.000000e+00,0.000000e+00,0.000000e+00,0.000000e+00,0.000000e+00,0.000000e+00,0.000000e+00,0.000000e+00,0.000000e+00,0.000000e+00,0.000000e+00,0.000000e+00
1.000000e+00,0.000000e+00,0.000000e+00,0.000000e+00,0.000000e+00,0.000000e+00,0.000000e+00,0.000000e+00,0.000000e+00,0.000000e+00,0.000000e+00,0.000000e+00,0.000000e+00,0.000000e+00,0.000000e+00
1.000000e+00,0.000000e+00,0.000000e+00,0.000000e+00,0.000000e+00,0.000000e+00,0.000000e+00,0.000000e+00,0.000000e+00,0.000000e+00,0.000000e+00,0.000000e+00,0.000000e+00,0.000000e+00,0.000000e+00
1.000000e+00,0.000000e+00,0.000000e+00,0.000000e+00,0.000000e+00,0.000000e+00,0.000000e+00,0.000000e+00,0.000000e+00,0.000000e+00,0.000000e+00,0.000000e+00,0.000000e+00,0.000000e+00,0.000000e+00
1.000000e+00,0.000000e+00,0.000000e+00,0.000000e+00,0.000000e+00,0.000000e+00,0.000000e+00,0.000000e+00,0.000000e+00,0.000000e+00,0.000000e+00,0.000000e+00,0.000000e+00,0.000000e+00,0.000000e+00
1.000000e+00,0.000000e+00,0.000000e+00,0.000000e+00,0.000000e+00,0.000000e+00,0.000000e+00,0.000000e+00,0.000000e+00,0.000000e+00,0.000000e+00,0.000000e+00,0.000000e+00,0.000000e+00,0.000000e+00
1.000000e+00,0.000000e+00,0.000000e+00,0.000000e+00,0.000000e+00,0.000000e+00,0.000000e+00,0.000000e+00,0.000000e+00,0.000000e+00,0.000000e+00,0.000000e+00,0.000000e+00,0.000000e+00,0.000000e+00
1.000000e+00,0.000000e+00,0.000000e+00,0.000000e+00,0.000000e+00,0.000000e+00,0.000000e+00,0.000000e+00,0.000000e+00,0.000000e+00,0.000000e+00,0.000000e+00,0.000000e+00,0.000000e+00,0.000000e+00
1.000000e+00,0.000000e+00,0.000000e+00,0.000000e+00,0.000000e+00,0.000000e+00,0.000000e+00,0.000000e+00,0.000000e+00,0.000000e+00,0.000000e+00,0.000000e+00,0.000000e+00,0.000000e+00,0.000000e+00
1.000000e+00,0.000000e+00,0.000000e+00,0.000000e+00,0.000000e+00,0.000000e+00,0.000000e+00,0.000000e+00,0.000000e+00,0.000000e+00,0.000000e+00,0.000000e+00,0.000000e+00,0.000000e+00,0.000000e+00
1.000000e+00,0.000000e+00,0.000000e+00,0.000000e+00,0.000000e+00,0.000000e+00,0.000000e+00,0.000000e+00,0.000000e+00,0.000000e+00,0.000000e+00,0.000000e+00,0.000000e+00,0.000000e+00,0.000000e+00
1.000000e+00,0.000000e+00,0.000000e+00,0.000000e+00,0.000000e+00,0.000000e+00,0.000000e+00,0.000000e+00,0.000000e+00,0.000000e+00,0.000000e+00,0.000000e+00,0.000000e+00,0.000000e+00,0.000000e+00
1.000000e+00,0.000000e+00,0.000000e+00,0.000000e+00,0.000000e+00,0.000000e+00,0.000000e+00,0.000000e+00,0.000000e+00,0.000000e+00,0.000000e+00,0.000000e+00,0.000000e+00,0.000000e+00,0.000000e+00
1.000000e+00,0.000000e+00,0.000000e+00,0.000000e+00,0.000000e+00,0.000000e+00,0.000000e+00,0.000000e+00,0.000000e+00,0.000000e+00,0.000000e+00,0.000000e+00,0.000000e+00,0.000000e+00,0.000000e+00
1.000000e+00,0.000000e+00,0.000000e+00,0.000000e+00,0.000000e+00,0.000000e+00,0.000000e+00,0.000000e+00,0.000000e+00,0.000000e+00,0.000000e+00,0.000000e+00,0.000000e+00,0.000000e+00,0.000000e+00
1.000000e+00,0.000000e+00,0.000000e+00,0.000000e+00,0.000000e+00,0.000000e+00,0.000000e+00,0.000000e+00,0.000000e+00,0.000000e+00,0.000000e+00,0.000000e+00,0.000000e+00,0.000000e+00,0.000000e+00
4.188625e-01,2.022094e-02,5.636555e-03,3.596039e-02,2.074675e-01,8.984075e-02,5.414066e-02,1.109473e-01,3.480574e-03,1.326829e-03,1.048714e-02,1.651340e-02,1.241788e-02,2.232569e-03,1.046507e-02
2.950495e-01,1.928634e-02,4.639122e-03,6.925696e-02,1.576461e-01,9.785022e-02,6.175531e-02,8.060327e-02,3.733927e-02,4.976262e-03,8.889768e-02,1.957945e-02,4.650997e-02,2.573119e-03,1.403746e-02
2.065533e-01,1.388036e-02,3.419021e-03,6.705420e-02,1.238726e-01,9.947020e-02,1.456599e-01,5.680548e-02,2.974971e-02,6.777994e-03,1.589634e-01,2.546183e-02,3.696036e-02,3.716357e-03,2.165540e-02
1.446393e-01,1.095838e-02,3.375297e-03,8.550934e-02,1.133868e-01,7.511815e-02,1.159146e-01,4.230948e-02,4.280923e-02,8.620486e-03,2.022322e-01,5.819930e-02,4.704328e-02,4.577731e-03,4.530658e-02
1.012776e-01,8.053885e-03,2.461605e-03,7.140290e-02,8.438734e-02,5.952705e-02,1.052151e-01,3.182590e-02,3.199874e-02,7.693878e-03,2.946353e-01,9.066896e-02,6.155587e-02,9.932871e-03,3.936307e-02
7.094833e-02,6.285339e-03,1.947855e-03,6.276779e-02,6.352468e-02,4.235636e-02,7.635196e-02,2.260485e-02,3.177769e-02,1.926070e-02,3.376912e-01,9.442823e-02,5.624793e-02,5.389656e-02,5.991060e-02
4.971931e-02,4.887138e-03,1.493532e-03,5.013777e-02,4.626238e-02,3.036528e-02,5.418640e-02,1.595011e-02,2.743704e-02,3.207207e-02,3.303525e-01,7.948396e-02,4.679590e-02,1.686706e-01,6.218607e-02
3.509996e-02,3.796898e-03,1.310391e-03,3.858332e-02,3.343980e-02,2.314330e-02,3.798847e-02,1.185199e-02,2.427283e-02,5.434919e-02,3.071555e-01,6.770503e-02,5.337960e-02,2.276642e-01,8.025946e-02
2.598914e-02,3.232224e-03,1.269526e-03,3.910554e-02,2.992344e-02,2.029330e-02,2.680110e-02,1.131252e-02,2.633441e-02,1.063146e-01,2.514914e-01,5.413519e-02,4.733367e-02,2.719294e-01,8.453446e-02
2.146328e-02,3.268443e-03,1.542512e-03,3.392632e-02,2.944531e-02,2.104636e-02,1.918571e-02,1.311422e-02,2.614625e-02,1.309085e-01,2.115090e-01,4.439321e-02,4.482130e-02,3.233720e-01,7.585757e-02
1.905171e-02,3.120834e-03,3.782251e-03,3.991441e-02,2.494053e-02,1.731206e-02,1.353653e-02,1.176676e-02,3.036901e-02,1.912175e-01,1.899206e-01,3.689802e-02,3.512660e-02,3.191298e-01,6.391342e-02
1.418168e-02,2.505071e-03,3.543811e-03,2.924175e-02,1.845739e-02,1.249766e-02,9.488286e-03,8.352342e-03,2.403616e-02,1.454020e-01,1.434896e-01,2.941020e-02,2.567936e-02,4.871945e-01,4.652018e-02
1.026574e-02,1.942542e-03,2.868625e-03,2.092581e-02,1.317977e-02,8.993937e-03,6.646336e-03,5.893757e-03,2.077716e-02,1.025239e-01,1.049019e-01,2.191588e-02,1.914046e-02,6.269137e-01,3.311051e-02
7.265708e-03,1.468132e-03,2.232475e-03,1.475217e-02,9.305131e-03,6.455964e-03,4.653937e-03,4.130590e-03,2.236367e-02,7.184798e-02,7.468472e-02,1.606768e-02,1.380685e-02,7.276248e-01,2.334027e-02
5.167560e-03,1.430368e-03,3.026508e-03,1.058388e-02,6.771757e-03,4.768916e-03,3.261700e-03,2.907091e-03,3.211538e-02,5.038966e-02,5.854926e-02,1.157918e-02,9.820345e-03,7.830113e-01,1.661707e-02
3.778623e-03,1.161302e-03,2.474745e-03,7.582118e-03,4.931245e-03,5.090050e-03,2.296743e-03,2.061905e-03,3.330956e-02,3.532990e-02,4.446223e-02,8.133426e-03,6.990212e-03,8.303036e-01,1.209431e-02
2.915886e-03,9.385700e-04,2.080203e-03,5.936039e-03,3.773507e-03,9.472005e-03,1.680000e-03,1.741231e-03,3.112729e-02,2.481780e-02,4.044162e-02,5.726509e-03,5.425071e-03,8.550426e-01,8.881658e-03
6.141912e-03,2.912612e-03,3.747546e-02,9.075139e-03,6.110154e-03,1.181012e-02,2.917121e-03,4.521052e-03,6.223421e-02,1.920555e-02,3.664071e-02,4.167142e-03,4.678538e-03,7.828699e-01,9.240328e-03
7.001840e-03,2.387973e-03,3.152796e-02,8.699302e-03,4.587356e-03,2.652290e-02,2.149995e-03,6.493016e-03,5.826198e-02,1.430365e-02,2.819157e-02,3.055237e-03,4.222028e-03,7.943340e-01,8.261153e-03
9.315781e-03,1.848791e-03,3.877270e-02,2.321155e-02,4.149909e-03,1.272310e-01,3.035149e-03,1.545844e-02,4.678906e-02,1.022669e-02,2.164236e-02,2.211069e-03,3.705822e-03,6.863139e-01,6.087667e-03
1.313233e-02,1.485131e-03,1.901050e-01,8.289009e-02,4.713513e-03,1.041030e-01,2.795884e-03,2.116261e-02,3.874365e-02,7.337342e-03,1.639754e-02,1.628684e-03,3.095815e-03,5.077934e-01,4.615935e-03
1.929733e-02,1.149431e-03,2.413312e-01,1.949410e-01,5.236148e-03,7.614879e-02,2.093457e-03,2.121870e-02,3.044010e-02,5.288688e-03,1.235711e-02,1.328013e-03,2.620255e-03,3.822974e-01,4.252340e-03
4.138106e-02,1.188366e-03,2.616999e-01,1.674040e-01,4.166677e-03,5.789677e-02,1.603909e-03,1.650959e-02,2.813946e-02,5.116361e-03,2.358034e-02,2.229010e-03,7.081896e-03,3.770183e-01,4.984276e-03
3.050207e-02,1.887637e-03,2.020703e-01,1.486636e-01,3.289405e-03,4.479827e-02,1.135867e-03,1.314955e-02,6.672889e-02,5.818594e-03,9.177075e-02,4.151459e-03,2.171325e-02,3.551934e-01,9.126873e-03
2.310530e-02,3.434684e-03,1.704230e-01,1.418887e-01,2.662976e-03,3.361536e-02,8.064024e-04,9.402331e-03,1.108472e-01,8.792876e-03,1.345107e-01,3.587122e-03,2.086065e-02,3.238827e-01,1.218000e-02
1.677512e-02,3.037300e-03,1.324968e-01,1.145324e-01,2.719044e-03,2.391825e-02,5.990948e-04,6.724098e-03,2.871479e-01,1.386259e-02,1.224832e-01,3.782784e-03,2.172607e-02,2.365569e-01,1.363848e-02
1.270110e-02,4.243020e-03,1.031255e-01,8.602968e-02,6.540822e-03,1.797528e-02,4.671236e-04,4.994615e-03,2.101362e-01,1.419256e-02,2.962556e-01,3.171298e-03,2.692406e-02,1.873174e-01,2.592573e-02
9.587696e-03,3.326699e-03,7.415636e-02,6.779264e-02,5.732469e-03,1.419953e-02,4.294070e-04,3.582333e-03,2.646337e-01,3.217538e-02,2.345555e-01,7.709243e-03,2.831203e-02,1.443625e-01,1.094446e-01
7.006077e-03,2.719285e-03,5.296905e-02,5.063491e-02,4.445318e-03,1.119306e-02,3.377150e-04,2.561569e-03,1.948679e-01,2.941141e-02,2.784906e-01,1.286007e-02,3.537423e-02,1.085366e-01,2.085923e-01
5.194427e-03,1.996302e-03,3.723754e-02,3.622614e-02,3.869400e-03,8.214811e-03,2.598238e-04,1.858839e-03,1.383048e-01,3.424382e-02,2.131584e-01,1.164991e-02,2.682343e-02,8.241676e-02,3.985457e-01
4.234710e-03,1.592747e-03,2.646471e-02,2.592519e-02,3.553397e-03,5.979180e-03,1.928307e-04,1.540943e-03,9.864885e-02,5.242839e-02,2.554328e-01,1.435483e-02,2.193444e-02,1.167652e-01,3.709517e-01
3.657448e-03,9.260168e-03,8.331724e-02,1.852935e-02,1.636855e-02,4.921332e-03,1.745810e-04,1.452830e-03,7.179756e-02,4.504773e-02,3.185691e-01,3.189982e-02,2.088441e-02,1.026176e-01,2.715023e-01
3.138758e-03,7.627120e-03,6.767971e-02,1.617888e-02,3.429601e-02,4.004822e-03,2.403568e-04,3.837571e-03,6.988772e-02,3.374559e-02,2.606051e-01,2.615779e-02,1.966766e-02,2.540433e-01,1.988896e-01
2.562685e-03,5.462910e-03,5.480681e-02,1.323915e-02,2.647860e-02,3.130191e-03,1.822211e-04,5.794815e-03,6.406816e-02,2.710215e-02,2.076450e-01,2.046092e-02,1.613945e-02,4.128458e-01,1.400811e-01
2.223270e-03,4.079188e-03,4.137296e-02,1.030778e-02,1.903334e-02,2.522347e-03,1.355539e-04,9.062162e-03,5.699593e-02,2.040531e-02,1.542329e-01,1.480490e-02,1.210340e-02,5.542219e-01,9.849910e-02
6.603148e-03,7.595582e-03,7.884206e-02,1.423946e-02,2.003104e-02,5.331983e-03,1.190225e-03,1.684387e-02,6.381046e-02,1.549652e-02,1.152446e-01,1.049926e-02,8.897135e-03,5.651572e-01,7.021750e-02
7.322099e-03,7.308634e-02,7.286181e-02,1.387510e-02,2.006469e-02,5.500228e-03,1.102695e-03,1.404210e-02,2.005743e-01,1.167591e-02,8.437032e-02,7.595398e-03,6.717703e-03,4.307520e-01,5.045933e-02
5.847896e-03,1.143067e-01,1.137342e-01,8.187177e-02,2.242823e-02,5.892523e-03,8.882976e-04,9.978507e-03,2.216287e-01,9.140505e-03,6.025125e-02,5.378405e-03,5.052736e-03,3.022398e-01,4.136055e-02
7.788998e-03,1.659937e-01,1.081356e-01,8.415233e-02,2.972625e-02,6.035118e-03,1.011947e-03,1.063008e-02,2.711375e-01,7.988127e-03,4.553432e-02,4.018264e-03,4.874220e-03,2.169838e-01,3.598972e-02
7.680570e-03,1.914316e-01,9.951241e-02,6.197110e-02,2.774509e-02,6.076355e-03,8.211767e-04,7.532896e-03,2.312098e-01,7.109881e-03,3.434398e-02,2.974748e-03,4.087538e-03,1.524786e-01,1.650243e-01
1.462256e-02,2.175128e-01,9.174480e-02,8.578788e-02,5.838786e-02,1.219292e-02,1.147247e-03,7.294799e-03,2.198263e-01,6.925774e-03,2.742298e-02,2.980602e-03,4.737823e-03,1.077979e-01,1.416176e-01
1.463683e-02,1.657483e-01,7.935718e-02,7.473740e-02,5.371346e-02,9.915827e-03,1.162501e-03,5.286255e-03,2.211597e-01,1.598865e-02,2.209838e-02,2.709043e-03,4.720725e-03,7.896717e-02,2.497986e-01
1.142545e-02,1.289107e-01,6.437518e-02,6.352168e-02,3.860883e-02,7.111278e-03,8.301577e-04,3.820538e-03,3.309650e-01,2.425046e-02,1.735321e-02,2.289284e-03,3.702215e-03,5.747898e-02,2.453570e-01
2.290166e-02,9.977931e-02,5.727252e-02,1.000826e-01,3.594139e-02,5.815486e-03,6.975510e-04,3.985073e-03,3.761092e-01,2.856983e-02,2.128586e-02,3.341100e-03,1.005372e-02,4.168348e-02,1.924812e-01
1.903620e-02,7.736000e-02,4.627957e-02,7.309130e-02,2.641114e-02,4.601347e-03,5.370948e-04,2.990177e-03,3.555993e-01,3.434999e-02,1.594235e-02,2.505541e-03,8.265875e-03,3.151022e-02,3.015199e-01
1.583919e-02,6.271898e-02,3.489744e-02,5.193392e-02,1.993464e-02,4.720289e-03,4.282618e-04,2.251814e-03,3.495522e-01,3.117291e-02,1.351648e-02,1.989117e-03,9.645645e-03,3.880043e-02,3.625987e-01
1.209529e-02,5.000090e-02,2.525774e-02,3.661188e-02,1.412946e-02,3.882350e-03,3.612408e-04,1.643960e-03,3.469967e-01,2.397403e-02,1.116139e-02,1.971125e-03,8.086635e-03,5.236046e-02,4.114668e-01
9.984761e-03,4.042350e-02,1.883302e-02,2.630145e-02,9.994515e-03,3.472465e-03,4.558819e-04,1.177891e-03,2.747082e-01,2.357826e-02,1.101462e-02,7.863267e-03,8.494585e-03,1.993865e-01,3.643111e-01
1.560648e-02,3.036101e-02,1.416995e-02,1.927514e-02,7.117584e-03,3.844684e-03,9.176789e-04,9.442788e-04,2.020001e-01,2.114699e-02,1.761903e-02,3.775874e-02,1.071104e-02,2.807674e-01,3.377599e-01
1.542694e-02,2.393513e-02,1.254495e-02,1.422314e-02,5.174104e-03,3.766449e-03,1.229684e-03,8.073048e-04,1.720660e-01,2.228241e-02,3.872316e-02,6.186979e-02,1.139383e-02,2.962112e-01,3.203459e-01
1.539226e-02,1.715728e-02,9.753870e-03,1.030722e-02,3.750791e-03,4.371853e-03,1.297808e-03,6.550743e-04,1.233580e-01,1.679857e-02,3.898743e-02,6.925926e-02,9.885974e-03,4.439829e-01,2.350417e-01
2.050443e-02,1.270845e-02,9.110041e-03,7.552049e-03,3.478769e-03,4.913118e-03,1.203256e-03,6.664504e-04,9.086055e-02,1.707588e-02,4.077407e-02,1.136016e-01,1.150639e-02,4.973463e-01,1.686986e-01
1.674920e-02,9.150937e-03,6.916763e-03,5.369338e-03,2.996009e-03,4.685721e-03,1.063267e-03,5.483244e-04,6.552444e-02,1.474039e-02,4.692754e-02,9.660465e-02,1.018483e-02,5.982645e-01,1.202741e-01
1.224157e-02,6.521393e-03,5.091589e-03,3.843293e-03,2.303640e-03,3.976160e-03,7.858474e-04,4.049499e-04,4.691064e-02,1.595599e-02,6.359205e-02,9.410512e-02,7.499550e-03,6.514800e-01,8.528827e-02
9.175574e-03,4.777370e-03,3.971403e-03,2.772058e-03,2.222946e-03,3.229039e-03,6.212422e-04,3.383305e-04,3.474499e-02,1.799746e-02,6.048851e-02,1.730353e-01,6.973387e-03,6.190011e-01,6.065133e-02
6.835915e-03,3.592058e-03,3.201897e-03,2.000303e-03,2.009382e-03,2.769444e-03,5.468034e-04,3.279058e-04,2.529893e-02,2.968001e-02,7.299349e-02,2.272569e-01,5.635586e-03,5.750321e-01,4.281927e-02
5.016344e-03,2.805175e-03,2.557637e-03,1.513629e-03,2.769134e-03,2.120603e-03,5.162097e-04,3.774657e-04,1.945762e-02,2.450792e-02,6.262385e-02,3.823708e-01,4.448309e-03,4.587553e-01,3.016002e-02
4.150263e-03,2.242607e-03,2.168925e-03,1.237045e-03,4.324698e-03,2.319444e-03,6.553670e-04,5.626912e-04,1.549495e-02,3.210883e-02,5.579045e-02,4.939226e-01,4.816470e-03,3.587788e-01,2.142691e-02
3.260358e-03,3.129022e-03,2.272835e-03,1.021175e-03,4.907482e-03,1.854198e-03,5.488658e-04,6.519863e-04,1.637453e-02,4.357883e-02,4.987808e-02,5.851742e-01,5.229162e-03,2.669345e-01,1.518484e-02
2.763320e-03,3.675958e-03,2.864594e-03,9.670883e-04,1.033360e-02,1.670037e-03,4.399942e-04,8.785140e-04,2.524205e-02,4.205231e-02,4.457526e-02,6.441105e-01,9.208909e-03,2.003031e-01,1.091469e-02
2.219210e-03,3.844448e-03,3.334773e-03,1.259785e-03,1.132408e-02,1.713225e-03,3.827944e-04,1.359467e-03,4.208555e-02,3.635660e-02,4.650325e-02,6.881936e-01,9.333619e-03,1.436540e-01,8.435625e-03
1.655585e-03,2.928380e-03,2.776466e-03,1.981174e-03,1.150578e-02,1.651138e-03,3.257541e-04,2.644773e-03,4.850172e-02,2.703251e-02,5.015682e-02,7.304863e-01,1.002206e-02,1.021395e-01,6.192121e-03
1.647049e-03,6.016356e-03,5.685770e-03,2.570068e-03,3.587775e-02,1.806007e-03,4.024868e-04,4.824670e-03,2.262261e-01,1.979430e-02,6.286040e-02,5.461221e-01,9.049186e-03,7.250334e-02,4.614407e-03
1.247062e-03,5.379842e-03,7.235745e-03,2.764738e-03,2.989111e-02,2.706036e-03,4.170029e-04,4.625025e-03,4.234800e-01,1.522075e-02,5.074206e-02,3.946291e-01,7.103212e-03,5.113059e-02,3.427727e-03
1.456261e-03,4.472226e-03,2.119184e-02,5.880719e-02,3.520335e-02,3.800431e-03,4.293094e-04,1.646271e-02,4.475493e-01,1.442320e-02,4.444735e-02,3.048863e-01,6.964041e-03,3.666518e-02,3.241321e-03
3.532718e-03,3.890029e-03,4.731442e-02,8.665398e-02,8.904024e-02,4.831622e-03,3.744081e-04,3.742698e-02,4.205965e-01,1.082867e-02,4.079271e-02,2.175971e-01,8.396427e-03,2.626726e-02,2.457034e-03
9.615887e-03,7.757427e-03,1.177227e-01,1.319889e-01,7.853539e-02,8.907952e-03,3.484006e-04,3.871243e-02,3.406749e-01,1.265307e-02,5.186127e-02,1.585002e-01,1.210714e-02,2.443114e-02,6.183241e-03
1.448986e-02,1.012476e-02,1.027671e-01,1.217383e-01,7.587564e-02,8.661996e-03,3.110636e-04,3.172290e-02,2.752753e-01,2.133716e-02,1.143465e-01,1.192452e-01,1.750694e-02,3.260361e-02,5.399369e-02
1.229460e-02,1.121068e-02,8.982062e-02,8.898669e-02,6.158802e-02,8.281780e-03,2.925718e-04,2.390956e-02,2.193585e-01,2.499800e-02,1.378944e-01,9.408312e-02,5.359529e-02,3.379508e-02,1.398910e-01
1.151019e-02,1.272368e-02,9.898694e-02,6.499732e-02,6.177007e-02,1.104923e-02,2.662328e-04,1.735224e-02,1.813694e-01,2.325151e-02,1.408967e-01,9.305172e-02,8.143458e-02,5.622492e-02,1.451153e-01
9.522825e-03,1.008854e-02,7.100307e-02,4.650263e-02,4.742526e-02,1.110855e-02,2.015822e-04,1.249493e-02,1.541065e-01,2.100060e-02,1.307778e-01,7.894790e-02,8.381841e-02,1.140252e-01,2.089761e-01
9.095218e-03,8.053888e-03,5.310465e-02,3.451535e-02,3.475265e-02,1.340952e-02,1.746496e-04,9.405752e-03,1.246528e-01,2.324845e-02,1.134126e-01,7.535449e-02,9.304771e-02,1.392205e-01,2.685518e-01
9.165580e-03,8.184317e-03,3.865481e-02,2.539690e-02,2.562910e-02,1.189416e-02,3.692318e-04,7.277294e-03,1.193407e-01,2.622970e-02,1.004981e-01,7.695013e-02,8.191673e-02,2.409498e-01,2.275434e-01
9.903293e-03,6.960935e-03,3.263921e-02,1.887734e-02,2.020691e-02,9.784148e-03,7.724558e-04,6.643868e-03,1.055821e-01,3.279048e-02,1.402636e-01,9.065336e-02,6.524806e-02,2.706836e-01,1.889906e-01
1.146490e-02,5.845201e-03,2.779213e-02,1.559933e-02,1.631053e-02,9.662582e-03,1.250623e-03,6.438006e-03,1.036370e-01,3.213427e-02,1.396544e-01,8.243806e-02,5.381400e-02,3.326396e-01,1.613193e-01
1.265881e-02,5.265665e-03,2.086225e-02,1.422614e-02,1.572920e-02,8.399693e-03,1.240899e-03,9.335272e-03,8.872750e-02,2.856361e-02,2.025014e-01,1.510850e-01,5.791594e-02,2.640094e-01,1.194792e-01
9.787165e-03,9.646220e-03,1.945940e-02,1.075298e-02,1.532976e-02,6.180209e-03,9.585934e-04,9.305605e-03,9.693316e-02,2.310313e-02,2.357118e-01,1.743294e-01,5.380442e-02,2.486370e-01,8.606111e-02
7.465216e-03,1.772369e-02,2.440615e-02,7.977914e-03,1.291214e-02,4.714200e-03,7.157783e-04,7.383546e-03,1.867187e-01,1.783910e-02,2.101823e-01,1.939723e-01,4.806747e-02,1.987990e-01,6.112237e-02
5.330074e-03,1.261210e-02,1.746232e-02,5.686037e-03,9.476953e-03,3.382548e-03,5.177594e-04,5.393410e-03,3.076242e-01,1.274534e-02,1.521578e-01,2.289560e-01,4.628656e-02,1.492557e-01,4.311322e-02
5.323215e-03,9.113748e-03,1.260963e-02,4.106012e-03,6.890775e-03,2.888075e-03,3.922473e-04,4.043397e-03,4.492053e-01,9.509235e-03,1.127877e-01,1.946761e-01,3.641943e-02,1.212191e-01,3.081607e-02
4.065042e-03,6.706512e-03,9.233830e-03,2.918558e-03,4.966557e-03,2.199503e-03,2.766445e-04,2.847110e-03,5.980906e-01,6.824746e-03,8.010570e-02,1.370899e-01,2.597624e-02,9.658925e-02,2.210974e-02
3.626568e-03,4.867891e-03,6.747939e-03,2.185256e-03,3.561150e-03,1.935031e-03,1.991192e-04,2.025213e-03,6.986971e-01,5.060467e-03,5.814204e-02,9.735046e-02,1.852924e-02,8.120658e-02,1.586594e-02
3.482553e-03,5.106724e-02,4.955661e-03,1.603844e-03,5.794891e-03,1.958521e-03,1.571215e-04,1.486101e-03,7.262910e-01,3.728760e-03,4.398274e-02,6.828150e-02,1.325373e-02,6.160045e-02,1.235586e-02
4.217122e-03,1.325697e-01,4.131324e-03,2.314904e-02,2.217495e-02,3.595415e-03,1.276459e-04,1.337422e-03,6.624042e-01,3.142442e-03,3.155555e-02,4.810615e-02,9.529988e-03,4.456152e-02,9.397635e-03
4.249539e-03,1.851446e-01,3.450464e-03,2.008373e-02,3.450261e-02,4.933382e-03,1.151493e-04,1.736264e-03,6.406902e-01,2.508834e-03,2.264111e-02,3.379880e-02,6.801008e-03,3.198731e-02,7.356968e-03
4.353287e-03,2.158896e-01,2.600498e-03,2.299563e-02,4.326328e-02,5.498643e-03,9.654957e-05,1.456164e-03,6.238055e-01,2.289890e-03,1.620156e-02,2.378190e-02,5.102233e-03,2.274380e-02,9.921447e-03
7.954327e-03,2.126352e-01,1.970469e-03,1.948886e-02,1.178152e-01,1.247273e-02,1.513738e-04,2.730520e-03,5.604435e-01,1.817050e-03,1.165033e-02,1.669562e-02,3.780156e-03,1.699291e-02,1.340174e-02
1.145940e-02,1.605749e-01,1.966479e-03,1.884310e-01,1.277250e-01,1.260119e-02,1.751650e-04,3.237985e-03,4.372959e-01,1.539569e-03,8.809861e-03,1.179614e-02,2.988847e-03,1.196515e-02,1.943336e-02
2.968728e-02,1.174699e-01,1.018124e-02,3.100426e-01,1.138628e-01,1.111990e-02,2.462408e-04,6.264067e-03,3.460325e-01,1.450729e-03,8.771032e-03,8.772133e-03,2.594168e-03,8.934408e-03,2.457109e-02
5.285317e-02,1.048923e-01,1.221988e-02,2.812716e-01,1.328977e-01,9.508754e-03,3.151325e-04,1.079590e-02,2.975817e-01,3.905796e-03,9.078702e-03,6.612767e-03,2.476671e-03,7.097522e-03,6.849233e-02
5.925255e-02,9.577253e-02,2.246177e-02,2.771986e-01,1.314115e-01,8.572711e-03,7.530872e-04,1.614591e-02,2.792186e-01,5.395967e-03,8.708252e-03,6.883170e-03,3.138377e-03,5.954697e-03,7.913236e-02
7.443848e-02,7.663731e-02,2.236649e-02,3.038590e-01,1.146961e-01,8.798564e-03,8.697432e-04,2.758946e-02,2.737620e-01,5.773543e-03,1.004051e-02,6.084424e-03,4.699867e-03,4.670439e-03,6.571408e-02
5.267161e-02,7.619280e-02,9.385720e-02,2.377549e-01,8.310225e-02,1.041879e-02,7.105914e-04,1.941285e-02,2.477939e-01,5.295309e-03,3.029008e-02,4.774472e-03,4.898233e-03,1.478755e-02,1.180395e-01
3.693777e-02,5.621207e-02,7.075018e-02,1.834868e-01,5.876784e-02,7.830893e-03,5.530356e-04,1.365182e-02,2.572167e-01,8.441105e-03,4.890119e-02,7.814325e-03,2.304143e-02,1.662832e-02,2.097665e-01
2.596919e-02,3.995040e-02,4.975386e-02,1.312854e-01,4.168902e-02,5.870440e-03,4.529299e-04,9.576591e-03,2.103034e-01,2.605528e-02,6.161279e-02,6.500226e-03,4.737592e-02,2.107644e-02,3.225281e-01
1.819723e-02,2.822104e-02,3.499729e-02,9.211983e-02,2.994830e-02,4.219316e-03,4.236246e-04,6.728201e-03,1.566978e-01,6.417291e-02,5.591176e-02,7.911956e-03,3.923011e-02,2.785184e-02,4.333687e-01
1.277745e-02,2.002811e-02,2.471355e-02,6.506377e-02,2.245332e-02,3.200319e-03,6.603278e-04,4.785155e-03,1.325934e-01,7.172578e-02,7.071208e-02,3.170070e-02,3.887986e-02,4.317021e-02,4.575360e-01
8.979781e-03,1.407026e-02,1.736072e-02,4.576800e-02,1.719688e-02,2.593395e-03,5.292915e-04,3.439649e-03,9.628319e-02,6.074024e-02,1.387715e-01,7.732141e-02,3.223038e-02,4.998832e-02,4.347269e-01
6.359346e-03,9.891577e-03,1.219722e-02,3.281884e-02,1.236285e-02,1.953511e-03,4.217068e-04,2.556955e-03,7.175435e-02,4.726055e-02,2.076706e-01,1.610410e-01,2.617471e-02,5.564974e-02,3.518870e-01
4.498506e-03,6.930802e-03,8.561873e-03,2.320170e-02,9.051872e-03,1.431326e-03,3.115610e-04,1.848614e-03,5.173355e-02,3.733391e-02,3.829378e-01,1.393234e-01,1.936032e-02,4.948147e-02,2.639932e-01
3.180304e-03,4.853297e-03,6.002326e-03,1.638035e-02,7.223160e-03,1.031595e-03,2.363045e-04,1.319277e-03,3.727078e-02,2.860549e-02,4.124059e-01,1.099934e-01,1.489126e-02,4.607964e-02,3.105269e-01
2.350708e-03,3.411318e-03,4.230862e-03,1.185236e-02,8.242739e-03,7.970509e-04,1.893850e-04,9.911975e-04,2.691721e-02,2.425024e-02,4.805776e-01,1.132144e-01,1.161719e-02,3.646037e-02,2.748973e-01
1.731311e-03,2.407605e-03,2.986713e-03,8.345592e-03,6.518208e-03,6.185753e-04,1.357449e-04,7.041970e-04,1.902488e-02,1.797365e-02,6.006107e-01,1.096087e-01,8.620484e-03,2.715094e-02,1.935626e-01
1.414781e-03,1.810495e-03,2.280263e-03,5.871427e-03,5.581452e-03,6.987927e-04,1.055582e-04,5.406074e-04,1.388589e-02,1.683305e-02,6.396381e-01,1.461001e-01,6.601749e-03,2.272293e-02,1.359148e-01
1.175463e-03,1.384143e-03,1.873457e-03,4.206814e-03,6.456106e-03,8.233623e-04,1.785460e-04,5.258794e-04,1.064995e-02,1.796083e-02,6.583928e-01,1.727218e-01,5.698745e-03,2.184197e-02,9.611011e-02
1.222646e-03,1.051727e-03,1.731420e-03,3.073666e-03,6.729453e-03,7.742691e-04,1.753720e-04,8.743184e-04,8.286033e-03,1.859289e-02,7.120954e-01,1.550562e-01,4.918450e-03,1.760659e-02,6.781154e-02
1.754638e-03,1.373075e-03,2.037547e-03,2.428096e-03,5.946759e-03,9.683587e-04,1.472056e-04,1.895339e-03,7.449824e-03,1.653646e-02,7.241386e-01,1.650575e-01,4.063164e-03,1.841575e-02,4.778774e-02
1.798339e-03,1.993540e-02,2.026238e-02,2.389707e-03,1.339607e-02,1.514712e-03,1.391330e-04,1.911645e-03,2.176024e-02,1.365281e-02,7.018932e-01,1.456006e-01,3.515913e-03,1.792224e-02,3.430774e-02
1.775333e-03,1.544184e-02,4.020250e-02,9.034590e-03,1.724894e-02,4.891111e-03,3.193231e-04,8.150557e-02,5.558260e-02,1.098695e-02,5.608755e-01,1.587617e-01,4.066385e-03,1.467552e-02,2.463212e-02
1.511120e-03,1.124224e-02,6.407121e-02,1.272734e-02,1.361793e-02,4.102082e-03,4.100628e-04,2.279060e-01,7.647012e-02,8.539174e-03,4.162704e-01,1.309550e-01,3.480158e-03,1.122832e-02,1.746894e-02
1.257856e-03,9.710485e-03,1.582403e-01,1.009118e-01,1.071792e-02,5.842604e-03,3.169800e-04,1.604492e-01,1.368217e-01,6.913387e-03,2.923598e-01,9.203812e-02,2.596243e-03,8.084879e-03,1.373883e-02
2.952641e-03,2.150436e-02,2.906179e-01,8.724906e-02,1.376619e-02,5.536957e-03,3.560310e-04,1.201213e-01,1.444066e-01,8.132359e-03,2.124427e-01,6.815293e-02,4.878422e-03,8.470040e-03,1.141258e-02
3.163584e-03,2.818085e-02,2.339270e-01,1.155497e-01,1.600970e-02,6.401216e-03,4.055616e-04,8.923425e-02,2.749893e-01,8.170791e-03,1.522612e-01,4.882864e-02,4.614086e-03,6.585839e-03,1.167836e-02
5.522670e-03,4.991657e-02,2.151294e-01,1.272539e-01,2.553413e-02,9.305993e-03,6.640719e-04,7.281665e-02,3.195333e-01,8.171929e-03,1.107557e-01,3.469906e-02,4.144458e-03,5.365953e-03,1.118616e-02
5.302807e-03,7.341616e-02,1.624323e-01,1.007528e-01,2.473743e-02,1.875162e-02,8.682042e-04,5.382605e-02,4.277119e-01,6.771427e-03,8.028494e-02,2.501362e-02,4.212202e-03,4.003922e-03,1.191470e-02
4.973818e-03,7.554080e-02,1.205686e-01,1.723795e-01,1.925565e-02,1.776724e-02,6.451975e-04,3.866670e-02,4.457813e-01,6.096491e-03,5.883077e-02,1.783244e-02,3.903416e-03,2.969230e-03,1.478888e-02
7.475166e-03,7.580698e-02,9.665288e-02,2.014997e-01,1.666964e-02,1.666409e-02,5.564748e-04,2.876743e-02,4.213015e-01,8.897747e-03,5.422294e-02,1.293003e-02,4.941484e-03,3.378124e-03,5.023587e-02
1.027473e-02,7.637368e-02,7.060415e-02,2.194536e-01,1.291616e-02,1.565348e-02,4.721057e-04,2.116005e-02,3.434079e-01,1.084124e-02,9.235653e-02,1.180890e-02,2.150566e-02,7.157221e-03,8.601460e-02
7.410435e-03,5.737742e-02,5.144105e-02,2.171344e-01,9.319938e-03,1.108005e-02,3.631864e-04,1.497960e-02,3.080809e-01,8.609089e-03,1.907647e-01,2.029476e-02,2.962535e-02,8.031567e-03,6.548759e-02
5.376443e-03,4.171816e-02,3.775303e-02,1.842066e-01,6.918354e-03,7.934460e-03,2.834260e-04,1.079091e-02,2.452711e-01,7.358226e-03,2.618396e-01,4.193774e-02,8.152664e-02,1.474505e-02,5.234028e-02
3.957490e-03,2.970402e-02,2.697679e-02,1.457903e-01,5.781663e-03,5.684801e-03,2.285743e-04,7.744962e-03,1.969142e-01,7.483477e-03,2.496716e-01,1.483864e-01,1.065141e-01,2.671234e-02,3.844930e-02
2.827604e-03,2.117036e-02,1.938918e-02,1.044812e-01,7.099850e-03,4.110928e-03,1.737489e-04,5.583127e-03,1.402077e-01,6.092150e-03,2.897660e-01,2.182981e-01,1.091985e-01,4.374901e-02,2.785249e-02
2.456744e-03,1.546500e-02,1.402965e-02,7.546274e-02,1.214913e-02,3.319228e-03,1.469737e-04,4.483974e-03,1.018148e-01,9.480028e-03,3.917125e-01,2.194432e-01,8.732239e-02,4.106683e-02,2.164677e-02
1.959502e-03,1.104397e-02,1.034832e-02,5.363150e-02,2.388216e-02,2.581453e-03,1.359520e-04,4.190798e-03,7.579945e-02,1.505199e-02,4.918772e-01,1.784138e-01,7.010359e-02,4.413381e-02,1.684642e-02
2.021863e-03,9.487707e-03,8.084772e-03,3.856367e-02,2.620536e-02,3.556474e-03,2.120661e-04,5.469352e-03,6.711197e-02,2.135407e-02,5.376480e-01,1.623068e-01,5.751891e-02,4.675617e-02,1.370277e-02
3.491797e-03,4.535213e-02,1.489501e-02,2.839327e-02,2.368493e-02,5.770110e-03,6.206766e-04,7.559488e-03,1.050839e-01,3.360435e-02,4.998395e-01,1.337395e-01,4.589003e-02,4.144014e-02,1.063524e-02
5.294120e-03,5.604558e-02,1.404030e-02,2.080850e-02,1.818417e-02,8.138321e-03,6.606152e-04,8.968784e-03,1.476040e-01,6.782591e-02,4.641486e-01,1.051832e-01,3.920667e-02,3.536785e-02,8.523443e-03
7.771804e-03,8.167002e-02,1.372424e-02,1.646576e-02,1.333703e-02,1.146101e-02,6.021466e-04,7.588538e-03,1.921028e-01,1.201150e-01,3.489771e-01,1.040510e-01,3.702604e-02,3.041768e-02,1.468985e-02
1.056542e-02,7.904760e-02,1.350590e-02,1.421517e-02,9.960603e-03,1.074472e-02,6.061062e-04,6.186161e-03,2.290897e-01,2.107005e-01,2.583734e-01,8.921374e-02,2.933219e-02,2.488369e-02,1.357512e-02
1.416721e-02,8.000357e-02,1.813431e-02,1.877574e-02,8.284992e-03,1.382027e-02,1.020976e-03,6.190432e-03,2.510576e-01,2.589125e-01,1.876927e-01,8.004423e-02,2.471609e-02,2.181099e-02,1.536832e-02
1.596041e-02,6.649218e-02,1.738476e-02,2.103887e-02,9.727274e-03,1.092605e-02,1.255366e-03,1.329023e-02,3.319744e-01,2.451098e-01,1.442176e-01,6.496979e-02,2.620607e-02,1.728052e-02,1.416662e-02
1.666168e-02,5.694561e-02,1.551684e-02,2.397039e-02,8.629831e-03,1.051456e-02,1.125517e-03,1.113107e-02,3.361436e-01,3.060703e-01,1.090483e-01,5.465663e-02,2.358117e-02,1.388822e-02,1.211640e-02
2.250674e-02,4.986456e-02,1.260287e-02,2.217674e-02,6.854115e-03,1.249816e-02,9.945671e-04,8.968594e-03,2.898320e-01,3.571310e-01,9.268300e-02,7.376491e-02,2.877532e-02,1.137142e-02,9.976096e-03
1.828528e-02,4.169783e-02,9.726841e-03,1.963279e-02,6.897123e-03,1.096810e-02,9.737811e-04,7.971272e-03,3.255430e-01,3.269854e-01,9.243822e-02,8.661404e-02,3.417392e-02,1.021414e-02,7.878281e-03
1.432128e-02,3.223240e-02,7.304660e-03,1.553565e-02,5.813492e-03,9.661580e-03,1.040490e-03,6.158361e-03,3.028532e-01,2.739877e-01,1.322159e-01,1.369943e-01,4.766900e-02,8.187977e-03,6.024053e-03
1.111779e-02,2.683355e-02,5.577649e-03,1.208568e-02,5.936715e-03,9.740145e-03,9.878495e-04,6.377433e-03,3.519312e-01,2.050996e-01,1.318478e-01,1.676511e-01,5.367430e-02,6.517429e-03,4.621814e-03
8.350059e-03,2.022112e-02,4.050309e-03,9.171219e-03,7.476928e-03,8.135498e-03,1.091358e-03,5.112919e-03,4.411600e-01,1.564367e-01,1.207157e-01,1.588371e-01,5.046827e-02,5.317084e-03,3.455865e-03
1.205289e-02,1.628567e-02,3.619130e-03,9.199822e-03,8.514396e-03,9.001442e-03,9.580078e-04,6.296055e-03,4.270633e-01,1.189727e-01,1.248915e-01,1.995643e-01,5.594286e-02,4.665073e-03,2.972815e-03
1.316433e-02,1.495097e-02,2.910194e-03,1.417491e-02,7.026093e-03,1.016505e-02,7.337313e-04,5.950099e-03,3.846139e-01,8.609530e-02,1.270197e-01,2.658502e-01,5.875250e-02,5.804470e-03,2.788557e-03
1.161907e-02,1.315512e-02,2.378321e-03,1.149358e-02,6.368312e-03,7.702701e-03,5.659254e-04,4.456446e-03,3.344518e-01,6.286258e-02,1.354006e-01,3.121903e-01,8.847192e-02,5.911320e-03,2.972007e-03
1.047352e-02,9.873325e-03,1.891643e-03,9.121491e-03,5.221493e-03,5.861288e-03,4.203737e-04,5.287710e-03,2.752554e-01,4.657233e-02,1.398716e-01,3.530110e-01,1.295776e-01,4.917163e-03,2.644062e-03
2.638334e-02,1.067242e-02,1.826245e-03,1.426962e-02,5.656890e-03,6.527472e-03,3.655594e-04,4.362740e-03,2.764647e-01,3.825200e-02,1.410253e-01,3.458433e-01,1.208793e-01,4.623737e-03,2.847367e-03
