1.000000e+00,0.000000e+00,0.000000e+00,0.000000e+00,0.000000e+00,0.000000e+00,0.000000e+00,0.000000e+00,0.000000e+00,0.000000e+00,0.000000e+00,0.000000e+00,0.000000e+00,0.000000e+00,0.000000e+00
1.000000e+00,0.000000e+00,0.000000e+00,0.000000e+00,0.000000e+00,0.000000e+00,0.000000e+00,0.000000e+00,0.000000e+00,0.000000e+00,0.000000e+00,0.000000e+00,0.000000e+00,0.000000e+00,0.000000e+00
1.000000e+00,0.000000e+00,0.000000e+00,0.000000e+00,0.000000e+00,0.000000e+00,0.000000e+00,0.000000e+00,0.000000e+00,0.000000e+00,0.000000e+00,0.000000e+00,0.000000e+00,0.000000e+00,0.000000e+00
1.000000e+00,0.000000e+00,0.000000e+00,0.000000e+00,0.000000e+00,0.000000e+00,0.000000e+00,0.000000e+00,0.000000e+00,0.000000e+00,0.000000e+00,0.000000e+00,0.000000e+00,0.000000e+00,0.000000e+00
1.000000e+00,0.000000e+00,0.000000e+00,0.000000e+00,0.000000e+00,0.000000e+00,0.000000e+00,0.000000e+00,0.000000e+00,0.000000e+00,0.000000e+00,0.000000e+00,0.000000e+00,0.000000e+00,0.000000e+00
1.000000e+00,0.000000e+00,0.000000e+00,0.000000e+00,0.000000e+00,0.000000e+00,0.000000e+00,0.000000e+00,0.000000e+00,0.000000e+00,0.000000e+00,0.000000e+00,0.000000e+00,0.000000e+00,0.000000e+00
1.000000e+00,0.000000e+00,0.000000e+00,0.000000e+00,0.000000e+00,0.000000e+00,0.000000e+00,0.000000e+00,0.000000e+00,0.000000e+00,0.000000e+00,0.000000e+00,0.000000e+00,0.000000e+00,0.000000e+00
1.000000e+00,0.000000e+00,0.000000e+00,0.000000e+00,0.000000e+00,0.000000e+00,0.000000e+00,0.000000e+00,0.000000e+00,0.000000e+00,0.000000e+00,0.000000e+00,0.000000e+00,0.000000e+00,0.000000e+00
1.000000e+00,0.000000e+00,0.000000e+00,0.000000e+00,0.000000e+00,0.000000e+00,0.000000e+00,0.000000e+00,0.000000e+00,0.000000e+00,0.000000e+00,0.000000e+00,0.000000e+00,0.000000e+00,0.000000e+00
1.000000e+00,0.000000e+00,0.000000e+00,0.000000e+00,0.000000e+00,0.000000e+00,0.000000e+00,0.000000e+00,0.000000e+00,0.000000e+00,0.000000e+00,0.000000e+00,0.000000e+00,0.000000e+00,0.000000e+00
1.000000e+00,0.000000e+00,0.000000e+00,0.000000e+00,0.000000e+00,0.000000e+00,0.000000e+00,0.000000e+00,0.000000e+00,0.000000e+00,0.000000e+00,0.000000e+00,0.000000e+00,0.000000e+00,0.000000e+00
1.000000e+00,0.000000e+00,0.000000e+00,0.000000e+00,0.000000e+00,0.000000e+00,0.000000e+00,0.000000e+00,0.000000e+00,0.000000e+00,0.000000e+00,0.000000e+00,0.000000e+00,0.000000e+00,0.000000e+00
1.000000e+00,0.000000e+00,0.000000e+00,0.000000e+00,0.000000e+00,0.000000e+00,0.000000e+00,0.000000e+00,0.000000e+00,0.000000e+00,0.000000e+00,0.000000e+00,0.000000e+00,0.000000e+00,0.000000e+00
1.000000e+00,0.000000e+00,0.000000e+00,0.000000e+00,0.000000e+00,0.000000e+00,0.000000e+00,0.000000e+00,0.000000e+00,0.000000e+00,0.000000e+00,0.000000e+00,0.000000e+00,0.000000e+00,0.000000e+00
1.000000e+00,0.000000e+00,0.000000e+00,0.000000e+00,0.000000e+00,0.000000e+00,0.000000e+00,0.000000e+00,0.000000e+00,0.000000e+00,0.000000e+00,0.000000e+00,0.000000e+00,0.000000e+00,0.000000e+00
1.000000e+00,0.000000e+00,0.000000e+00,0.000000e+00,0.000000e+00,0.000000e+00,0.000000e+00,0.000000e+00,0.000000e+00,0.000000e+00,0.000000e+00,0.000000e+00,0.000000e+00,0.000000e+00,0.000000e+00
1.000000e+00,0.000000e+00,0.000000e+00,0.000000e+00,0.000000e+00,0.000000e+00,0.000000e+00,0.000000e+00,0.000000e+00,0.000000e+00,0.000000e+00,0.000000e+00,0.000000e+00,0.000000e+00,0.000000e+00
1.000000e+00,0.000000e+00,0.000000e+00,0.000000e+00,0.000000e+00,0.000000e+00,0.000000e+00,0.000000e+00,0.000000e+00,0.000000e+00,0.000000e+00,0.000000e+00,0.000000e+00,0.000000e+00,0.000000e+00
1.000000e+00,0.000000e+00,0.000000e+00,0.000000e+00,0.000000e+00,0.000000e+00,0.000000e+00,0.000000e+00,0.000000e+00,0.000000e+00,0.000000e+00,0.000000e+00,0.000000e+00,0.000000e+00,0.000000e+00
1.000000e+00,0.000000e+00,0.000000e+00,0.000000e+00,0.000000e+00,0.000000e+00,0.000000e+00,0.000000e+00,0.000000e+00,0.000000e+00,0.000000e+00,0.000000e+00,0.000000e+00,0.000000e+00,0.000000e+00
1.000000e+00,0.000000e+00,0.000000e+00,0.000000e+00,0.000000e+00,0.000000e+00,0.000000e+00,0.000000e+00,0.000000e+00,0.000000e+00,0.000000e+00,0.000000e+00,0.000000e+00,0.000000e+00,0.000000e+00
1.000000e+00,0.000000e+00,0.000000e+00,0.000000e+00,0.000000e+00,0.000000e+00,0.000000e+00,0.000000e+00,0.000000e+00,0.000000e+00,0.000000e+00,0.000000e+00,0.000000e+00,0.000000e+00,0.000000e+00
1.000000e+00,0.000000e+00,0.000000e+00,0.000000e+00,0.000000e+00,0.000000e+00,0.000000e+00,0.000000e+00,0.000000e+00,0.000000e+00,0.000000e+00,0.000000e+00,0.000000e+00,0.000000e+00,0.000000e+00
1.000000e+00,0.000000e+00,0.000000e+00,0.000000e+00,0.000000e+00,0.000000e+00,0.000000e+00,0.000000e+00,0.000000e+00,0.000000e+00,0.000000e+00,0.000000e+00,0.000000e+00,0.000000e+00,0.000000e+00
1.000000e+00,0.000000e+00,0.000000e+00,0.000000e+00,0.000000e+00,0.000000e+00,0.000000e+00,0.000000e+00,0.000000e+00,0.000000e+00,0.000000e+00,0.000000e+00,0.000000e+00,0.000000e+00,0.000000e+00
1.000000e+00,0.000000e+00,0.000000e+00,0.000000e+00,0.000000e+00,0.000000e+00,0.000000e+00,0.000000e+00,0.000000e+00,0.000000e+00,0.000000e+00,0.000000e+00,0.000000e+00,0.000000e+00,0.000000e+00
1.000000e+00,0.000000e+00,0.000000e+00,0.000000e+00,0.000000e+00,0.000000e+00,0.000000e+00,0.000000e+00,0.000000e+00,0.000000e+00,0.000000e+00,0.000000e+00,0.000000e+00,0.000000e+00,0.000000e+00
1.000000e+00,0.000000e+00,0.000000e+00,0.000000e+00,0.000000e+00,0.000000e+00,0.000000e+00,0.000000e+00,0.000000e+00,0.000000e+00,0.000000e+00,0.000000e+00,0.000000e+00,0.000000e+00,0.000000e+00
1.000000e+00,0.000000e+00,0.000000e+00,0.000000e+00,0.000000e+00,0.000000e+00,0.000000e+00,0.000000e+00,0.000000e+00,0.000000e+00,0.000000e+00,0.000000e+00,0.000000e+00,0.000000e+00,0.000000e+00
1.000000e+00,0.000000e+00,0.000000e+00,0.000000e+00,0.000000e+00,0.000000e+00,0.000000e+00,0.000000e+00,0.000000e+00,0.000000e+00,0.000000e+00,0.000000e+00,0.000000e+00,0.000000e+00,0.000000e+00
1.000000e+00,0.000000e+00,0.000000e+00,0.000000e+00,0.000000e+00,0.000000e+00,0.000000e+00,0.000000e+00,0.000000e+00,0.000000e+00,0.000000e+00,0.000000e+00,0.000000e+00,0.000000e+00,0.000000e+00
1.000000e+00,0.000000e+00,0.000000e+00,0.000000e+00,0.000000e+00,0.000000e+00,0.000000e+00,0.000000e+00,0.000000e+00,0.000000e+00,0.000000e+00,0.000000e+00,0.000000e+00,0.000000e+00,0.000000e+00
1.000000e+00,0.000000e+00,0.000000e+00,0.000000e+00,0.000000e+00,0.000000e+00,0.000000e+00,0.000000e+00,0.000000e+00,0.000000e+00,0.000000e+00,0.000000e+00,0.000000e+00,0.000000e+00,0.000000e+00
1.000000e+00,0.000000e+00,0.000000e+00,0.000000e+00,0.000000e+00,0.000000e+00,0.000000e+00,0.000000e+00,0.000000e+00,0.000000e+00,0.000000e+00,0.000000e+00,0.000000e+00,0.000000e+00,0.000000e+00
1.000000e+00,0.000000e+00,0.000000e+00,0.000000e+00,0.000000e+00,0.000000e+00,0.000000e+00,0.000000e+00,0.000000e+00,0.000000e+00,0.000000e+00,0.000000e+00,0.000000e+00,0.000000e+00,0.000000e+00
1.000000e+00,0.000000e+00,0.000000e+00,0.000000e+00,0.000000e+00,0.000000e+00,0.000000e+00,0.000000e+00,0.000000e+00,0.000000e+00,0.000000e+00,0.000000e+00,0.000000e+00,0.000000e+00,0.000000e+00
1.000000e+00,0.000000e+00,0.000000e+00,0.000000e+00,0.000000e+00,0.000000e+00,0.000000e+00,0.000000e+00,0.000000e+00,0.000000e+00,0.000000e+00,0.000000e+00,0.000000e+00,0.000000e+00,0.000000e+00
1.000000e+00,0.000000e+00,0.000000e+00,0.000000e+00,0.000000e+00,0.000000e+00,0.000000e+00,0.000000e+00,0.000000e+00,0.000000e+00,0.000000e+00,0.000000e+00,0.000000e+00,0.000000e+00,0.000000e+00
1.000000e+00,0.000000e+00,0.000000e+00,0.000000e+00,0.000000e+00,0.000000e+00,0.000000e+00,0.000000e+00,0.000000e+00,0.000000e+00,0.000000e+00,0.000000e+00,0.000000e+00,0.000000e+00,0.000000e+00
1.000000e+00,0.000000e+00,0.000000e+00,0.000000e+00,0.000000e+00,0.000000e+00,0.000000e+00,0.000000e+00,0.000000e+00,0.000000e+00,0.000000e+00,0.000000e+00,0.000000e+00,0.000000e+00,0.000000e+00
1.000000e+00,0.000000e+00,0.000000e+00,0.000000e+00,0.000000e+00,0.000000e+00,0.000000e+00,0.000000e+00,0.000000e+00,0.000000e+00,0.000000e+00,0.000000e+00,0.000000e+00,0.000000e+00,0.000000e+00
1.000000e+00,0.000000e+00,0.000000e+00,0.000000e+00,0.000000e+00,0.000000e+00,0.000000e+00,0.000000e+00,0.000000e+00,0.000000e+00,0.000000e+00,0.000000e+00,0.000000e+00,0.000000e+00,0.000000e+00
1.000000e+00,0.000000e+00,0.000000e+00,0.000000e+00,0.000000e+00,0.000000e+00,0.000000e+00,0.000000e+00,0.000000e+00,0.000000e+00,0.000000e+00,0.000000e+00,0.000000e+00,0.000000e+00,0.000000e+00
1.000000e+00,0.000000e+00,0.000000e+00,0.000000e+00,0.000000e+00,0.000000e+00,0.000000e+00,0.000000e+00,0.000000e+00,0.000000e+00,0.000000e+00,0.000000e+00,0.000000e+00,0.000000e+00,0.000000e+00
1.000000e+00,0.000000e+00,0.000000e+00,0.000000e+00,0.000000e+00,0.000000e+00,0.000000e+00,0.000000e+00,0.000000e+00,0.000000e+00,0.000000e+00,0.000000e+00,0.000000e+00,0.000000e+00,0.000000e+00
1.000000e+00,0.000000e+00,0.000000e+00,0.000000e+00,0.000000e+00,0.000000e+00,0.000000e+00,0.000000e+00,0.000000e+00,0.000000e+00,0.000000e+00,0.000000e+00,0.000000e+00,0.000000e+00,0.000000e+00
1.000000e+00,0.000000e+00,0.000000e+00,0.000000e+00,0.000000e+00,0.000000e+00,0.000000e+00,0.000000e+00,0.000000e+00,0.000000e+00,0.000000e+00,0.000000e+00,0.000000e+00,0.000000e+00,0.000000e+00
1.000000e+00,0.000000e+00,0.000000e+00,0.000000e+00,0.000000e+00,0.000000e+00,0.000000e+00,0.000000e+00,0.000000e+00,0.000000e+00,0.000000e+00,0.000000e+00,0.000000e+00,0.000000e+00,0.000000e+00
1.000000e+00,0.000000e+00,0.000000e+00,0.000000e+00,0.000000e+00,0.000000e+00,0.000000e+00,0.000000e+00,0.000000e+00,0.000000e+00,0.000000e+00,0.000000e+00,0.000000e+00,0.000000e+00,0.000000e+00
1.000000e+00,0.000000e+00,0.000000e+00,0.000000e+00,0.000000e+00,0.000000e+00,0.000000e+00,0.000000e+00,0.000000e+00,0.000000e+00,0.000000e+00,0.000000e+00,0.000000e+00,0.000000e+00,0.000000e+00
1.000000e+00,0.000000e+00,0.000000e+00,0.000000e+00,0.000000e+00,0.000000e+00,0.000000e+00,0.000000e+00,0.000000e+00,0.000000e+00,0.000000e+00,0.000000e+00,0.000000e+00,0.000000e+00,0.000000e+00
1.000000e+00,0.000000e+00,0.000000e+00,0.000000e+00,0.000000e+00,0.000000e+00,0.000000e+00,0.000000e+00,0.000000e+00,0.000000e+00,0.000000e+00,0.000000e+00,0.000000e+00,0.000000e+00,0.000000e+00
1.000000e+00,0.000000e+00,0.000000e+00,0.000000e+00,0.000000e+00,0.000000e+00,0.000000e+00,0.000000e+00,0.000000e+00,0.000000e+00,0.000000e+00,0.000000e+00,0.000000e+00,0.000000e+00,0.000000e+00
1.000000e+00,0.000000e+00,0.000000e+00,0.000000e+00,0.000000e+00,0.000000e+00,0.000000e+00,0.000000e+00,0.000000e+00,0.000000e+00,0.000000e+00,0.000000e+00,0.000000e+00,0.000000e+00,0.000000e+00
1.000000e+00,0.000000e+00,0.000000e+00,0.000000e+00,0.000000e+00,0.000000e+00,0.000000e+00,0.000000e+00,0.000000e+00,0.000000e+00,0.000000e+00,0.000000e+00,0.000000e+00,0.000000e+00,0.000000e+00
1.000000e+00,0.000000e+00,0.000000e+00,0.000000e+00,0.000000e+00,0.000000e+00,0.000000e+00,0.000000e+00,0.000000e+00,0.000000e+00,0.000000e+00,0.000000e+00,0.000000e+00,0.000000e+00,0.000000e+00
1.000000e+00,0.000000e+00,0.000000e+00,0.000000e+00,0.000000e+00,0.000000e+00,0.000000e+00,0.000000e+00,0.000000e+00,0.000000e+00,0.000000e+00,0.000000e+00,0.000000e+00,0.000000e+00,0.000000e+00
1.000000e+00,0.000000e+00,0.000000e+00,0.000000e+00,0.000000e+00,0.000000e+00,0.000000e+00,0.000000e+00,0.000000e+00,0.000000e+00,0.000000e+00,0.000000e+00,0.000000e+00,0.000000e+00,0.000000e+00
1.000000e+00,0.000000e+00,0.000000e+00,0.000000e+00,0.000000e+00,0.000000e+00,0.000000e+00,0.000000e+00,0.000000e+00,0.000000e+00,0.000000e+00,0.000000e+00,0.000000e+00,0.000000e+00,0.000000e+00
1.000000e+00,0.000000e+00,0.000000e+00,0.000000e+00,0.000000e+00,0.000000e+00,0.000000e+00,0.000000e+00,0.000000e+00,0.000000e+00,0.000000e+00,0.000000e+00,0.000000e+00,0.000000e+00,0.000000e+00
4.216676e-01,1.152551e-02,4.763491e-03,8.470657e-02,7.621589e-03,8.694455e-03,2.092281e-03,4.180385e-01,2.640913e-03,9.443674e-04,7.138648e-03,1.203301e-02,9.803000e-03,1.414597e-03,6.915530e-03
2.959671e-01,8.152108e-03,3.432558e-03,5.939934e-02,5.624889e-03,6.323449e-03,1.723013e-03,5.904194e-01,1.859242e-03,6.670418e-04,5.109640e-03,8.469413e-03,6.982544e-03,1.003672e-03,4.866547e-03
2.073810e-01,5.725174e-03,2.443275e-03,4.160082e-02,4.034180e-03,4.512551e-03,1.276577e-03,7.126776e-01,1.302989e-03,4.679317e-04,3.606744e-03,5.937809e-03,4.903902e-03,7.149701e-04,3.414449e-03
1.452940e-01,4.016193e-03,1.725044e-03,2.913839e-02,2.890822e-03,3.199340e-03,9.528373e-04,7.984279e-01,9.134557e-04,3.279721e-04,2.579760e-03,4.164552e-03,3.453186e-03,5.227085e-04,2.393823e-03
1.017441e-01,2.817747e-03,1.220414e-03,2.040993e-02,2.144325e-03,2.375630e-03,6.826442e-04,8.583240e-01,6.416956e-04,2.297790e-04,1.952548e-03,2.924183e-03,2.462877e-03,3.915023e-04,1.678698e-03
7.124609e-02,1.975521e-03,8.598252e-04,1.429554e-02,1.704392e-03,1.739278e-03,4.980032e-04,9.002814e-01,4.559230e-04,1.609998e-04,1.489146e-03,2.050386e-03,1.779716e-03,2.850519e-04,1.178759e-03
4.994399e-02,1.386113e-03,6.043433e-04,1.001395e-02,1.673720e-03,1.262152e-03,3.626430e-04,9.294509e-01,3.377080e-04,1.130787e-04,1.085196e-03,1.439393e-03,1.293473e-03,2.049362e-04,8.284515e-04
3.502157e-02,9.718096e-04,4.303846e-04,7.015594e-03,1.462116e-03,9.054691e-04,2.835067e-04,9.501367e-01,2.430943e-04,7.962281e-05,7.805706e-04,1.010146e-03,9.326732e-04,1.447318e-04,5.820498e-04
2.464598e-02,6.820809e-04,3.082982e-04,4.918982e-03,1.407871e-03,6.703939e-04,2.200597e-04,9.643860e-01,1.866313e-04,5.705231e-05,5.689227e-04,7.150619e-04,7.192312e-04,1.027572e-04,4.106920e-04
1.744434e-02,4.816625e-04,2.490496e-04,3.467099e-03,1.756074e-03,5.504023e-04,1.899227e-04,9.733859e-01,1.889939e-04,4.661611e-05,5.963509e-04,5.609277e-04,7.050194e-04,8.142112e-05,2.962497e-04
1.283002e-02,3.410157e-04,1.926218e-04,2.441959e-03,1.745293e-03,4.109461e-04,1.635007e-04,9.799032e-01,1.789143e-04,3.873584e-05,4.492210e-04,4.352538e-04,5.934953e-04,6.041285e-05,2.153986e-04
9.694785e-03,2.423716e-04,1.599884e-04,1.726664e-03,1.709096e-03,3.148973e-04,1.805929e-04,9.843173e-01,1.621860e-04,3.032251e-05,3.607928e-04,3.573871e-04,5.351324e-04,4.699195e-05,1.614820e-04
7.776563e-03,1.776597e-04,1.379825e-04,1.224031e-03,1.549155e-03,2.953977e-04,3.759757e-04,9.862072e-01,1.902572e-04,2.748631e-05,3.897053e-04,5.917357e-04,8.671815e-04,5.000861e-05,1.396110e-04
7.541533e-03,1.339958e-04,1.527607e-04,9.028503e-04,1.951896e-03,2.928585e-04,4.459599e-04,9.864764e-01,1.900810e-04,3.322576e-05,3.173024e-04,5.800579e-04,8.054366e-04,4.709680e-05,1.284528e-04
6.573703e-03,1.009444e-04,1.263588e-04,6.642338e-04,1.787651e-03,2.759626e-04,4.291944e-04,9.883342e-01,1.661889e-04,2.877416e-05,2.504322e-04,4.532500e-04,6.578367e-04,3.809889e-05,1.131040e-04
6.653533e-03,8.664170e-05,1.289592e-04,5.009178e-04,1.691852e-03,3.618329e-04,3.883039e-04,9.886801e-01,1.682933e-04,3.415722e-05,2.231497e-04,3.401901e-04,5.639224e-04,3.229712e-05,1.457883e-04
1.325314e-02,2.360282e-04,2.660959e-04,4.642899e-04,2.137812e-03,1.006300e-03,3.599739e-04,9.707659e-01,1.090988e-03,3.580976e-04,2.441851e-03,1.188465e-03,5.410390e-03,1.483489e-04,8.721827e-04
1.933247e-02,9.686858e-04,3.170441e-04,9.957594e-04,2.844553e-03,1.468311e-03,3.827418e-04,8.545392e-01,3.012139e-02,5.626766e-03,7.657544e-03,7.745803e-03,5.392395e-02,1.661929e-03,1.241383e-02
2.827752e-02,1.633449e-03,3.063406e-04,1.297645e-03,5.352633e-03,6.361119e-03,5.951099e-04,7.434382e-01,2.333198e-02,4.804168e-03,9.235432e-03,8.243291e-03,1.513110e-01,1.406777e-03,1.440521e-02
4.232838e-02,5.354105e-03,7.369636e-04,1.375861e-03,6.624101e-03,7.723820e-03,7.488104e-04,6.176288e-01,2.667371e-02,5.659102e-03,1.045222e-02,8.502863e-03,2.144945e-01,1.277853e-03,5.041892e-02
3.635878e-02,9.013698e-03,8.895451e-04,1.199268e-03,5.906763e-03,6.146569e-03,8.359356e-04,4.502301e-01,4.848389e-02,6.700275e-03,1.061789e-02,6.974348e-03,1.756701e-01,1.411452e-03,2.395614e-01
2.759742e-02,1.456079e-02,9.927890e-04,1.348674e-03,4.446164e-03,5.021269e-03,8.715993e-04,3.203185e-01,1.005781e-01,1.624927e-02,1.079437e-02,6.310143e-03,1.496639e-01,1.637991e-03,3.396091e-01
2.823076e-02,2.215675e-02,1.105164e-03,2.173368e-03,3.636480e-03,1.003218e-02,1.048073e-03,2.295057e-01,1.532376e-01,1.651784e-02,1.184344e-02,9.956877e-03,1.543242e-01,4.492770e-03,3.517389e-01
2.177799e-02,2.222610e-02,1.005508e-03,1.930619e-03,2.681297e-03,7.820114e-03,7.766698e-04,1.613218e-01,1.591215e-01,1.270235e-02,1.375976e-02,1.108886e-02,1.276703e-01,4.203043e-03,4.519141e-01
1.621532e-02,2.148993e-02,1.165238e-03,3.166345e-03,2.165533e-03,7.767892e-03,5.678613e-04,1.130929e-01,1.565214e-01,3.674262e-02,1.527419e-02,1.442770e-02,1.100353e-01,4.440407e-03,4.969273e-01
1.149130e-02,1.678761e-02,1.105485e-03,2.527825e-03,1.834144e-03,6.810041e-03,4.441935e-04,7.919995e-02,1.196577e-01,4.461183e-02,1.316921e-02,1.377762e-02,8.984884e-02,3.767941e-03,5.949663e-01
8.229575e-03,1.230591e-02,9.362685e-04,2.208687e-03,1.662104e-03,5.564668e-03,3.453293e-04,5.558957e-02,9.681091e-02,5.596147e-02,1.152720e-02,1.387596e-02,7.062360e-02,3.566068e-03,6.607926e-01
6.056521e-03,1.001615e-02,2.285341e-03,2.625968e-03,2.204455e-03,6.749325e-03,4.261287e-04,5.218122e-02,9.468836e-02,8.967676e-02,1.664174e-02,2.581967e-02,8.408889e-02,3.198925e-03,6.033405e-01
4.479964e-03,7.538255e-03,3.243602e-03,6.182728e-03,2.426428e-03,6.638348e-03,8.937452e-04,1.768410e-01,7.234316e-02,7.504362e-02,2.046932e-02,3.089673e-02,8.126209e-02,2.819331e-03,5.089216e-01
3.350090e-03,5.452305e-03,3.085892e-03,5.608195e-03,2.174961e-03,5.016665e-03,1.080594e-03,4.118769e-01,5.144021e-02,5.321149e-02,1.500820e-02,2.248291e-02,5.819904e-02,2.068951e-03,3.599435e-01
2.566337e-03,3.988622e-03,2.868463e-03,4.393500e-03,1.666551e-03,4.007529e-03,1.528039e-03,5.840014e-01,3.646151e-02,3.731082e-02,1.070300e-02,1.585834e-02,4.093800e-02,1.483906e-03,2.522239e-01
2.060256e-03,2.889878e-03,2.909945e-03,3.583302e-03,1.344049e-03,3.386932e-03,1.299460e-03,7.043543e-01,2.586222e-02,2.626348e-02,7.756969e-03,1.122748e-02,2.910499e-02,1.161577e-03,1.767951e-01
2.976004e-03,2.167283e-03,4.214952e-03,3.135487e-03,1.581216e-03,3.019692e-03,1.086172e-03,7.789448e-01,1.975345e-02,1.872739e-02,8.246507e-03,8.186475e-03,2.125130e-02,2.399839e-03,1.243094e-01
5.072214e-03,1.701178e-03,7.553639e-03,4.519304e-03,2.594582e-03,2.656596e-03,8.301021e-04,8.175796e-01,1.855725e-02,1.401897e-02,1.149287e-02,6.032703e-03,1.607928e-02,3.681286e-03,8.763028e-02
7.241297e-03,1.425542e-03,1.111308e-02,5.680250e-03,3.330550e-03,4.042279e-03,7.848752e-04,8.464569e-01,1.581062e-02,1.054784e-02,9.968679e-03,4.381509e-03,1.214657e-02,4.990987e-03,6.207897e-02
8.809225e-03,1.167894e-03,1.042687e-02,5.619263e-03,3.383979e-03,4.026144e-03,6.901392e-04,8.800271e-01,1.167478e-02,7.567268e-03,7.226137e-03,3.113425e-03,8.750828e-03,3.821596e-03,4.369534e-02
1.685836e-02,1.199831e-03,1.085550e-02,7.333078e-03,4.027009e-03,4.180525e-03,6.577452e-04,8.923273e-01,9.315055e-03,5.515608e-03,5.313631e-03,2.247001e-03,6.302610e-03,2.807820e-03,3.105894e-02
2.153029e-02,1.040147e-03,1.090694e-02,8.538235e-03,4.405275e-03,3.276602e-03,5.134643e-04,9.042676e-01,7.703857e-03,3.949724e-03,3.830884e-03,1.649591e-03,4.485801e-03,2.003839e-03,2.189770e-02
4.053690e-02,9.849062e-04,1.031733e-02,1.906922e-02,6.445804e-03,2.672137e-03,4.537572e-04,8.807212e-01,1.066635e-02,3.074867e-03,3.101363e-03,1.435718e-03,3.319310e-03,1.452947e-03,1.574824e-02
3.936968e-02,9.964075e-04,8.149377e-03,3.547030e-02,4.736237e-03,2.149592e-03,3.220289e-04,6.695035e-01,2.039906e-01,4.103314e-03,1.199728e-02,2.312812e-03,2.894147e-03,1.639485e-03,1.236523e-02
2.826958e-02,9.995813e-04,6.234452e-03,3.063757e-02,3.340878e-03,1.690795e-03,2.282206e-04,4.809619e-01,4.108810e-01,3.571326e-03,1.500597e-02,2.066852e-03,2.427713e-03,3.370327e-03,1.031383e-02
2.018899e-02,9.449865e-04,5.874007e-03,3.063952e-02,2.386238e-03,1.631691e-03,1.842790e-04,3.418822e-01,4.836335e-01,4.354001e-03,6.478800e-02,2.809037e-03,4.231553e-03,1.323394e-02,2.321807e-02
1.423300e-02,8.340433e-04,5.422448e-03,2.383437e-02,1.816640e-03,1.207736e-03,1.422587e-04,2.397477e-01,6.057509e-01,4.555683e-03,5.557670e-02,3.449231e-03,6.550639e-03,1.286450e-02,2.401420e-02
1.005314e-02,1.084242e-03,4.039159e-03,1.713101e-02,3.667980e-03,1.358984e-03,1.430280e-04,1.681940e-01,4.891922e-01,4.859931e-03,1.360853e-01,4.573547e-03,2.759984e-02,9.719630e-02,3.482134e-02
7.095898e-03,9.151240e-04,2.851288e-03,1.262833e-02,2.770817e-03,1.070686e-03,1.100895e-04,1.177913e-01,5.861416e-01,4.523087e-03,1.011271e-01,5.238477e-03,2.052497e-02,9.960096e-02,3.761033e-02
6.690898e-03,7.611268e-04,2.044047e-03,9.664006e-03,2.365533e-03,8.699589e-04,1.112987e-04,8.260670e-02,5.406098e-01,4.312916e-03,7.650953e-02,9.944213e-03,1.622183e-02,2.060011e-01,4.128702e-02
6.266077e-03,1.058682e-03,1.500688e-03,7.222042e-03,3.140722e-03,9.765977e-04,1.104341e-04,5.796815e-02,4.442330e-01,5.058366e-03,8.620982e-02,8.986115e-03,1.387150e-02,3.027259e-01,6.067196e-02
5.058406e-03,9.150018e-04,1.150112e-03,5.105940e-03,2.240647e-03,9.461614e-04,8.844143e-05,4.059315e-02,3.231401e-01,4.882296e-03,7.294688e-02,6.468013e-03,9.941752e-03,4.714509e-01,5.507226e-02
4.607116e-03,1.111633e-03,9.896843e-04,3.708843e-03,1.636105e-03,1.596675e-03,7.347039e-05,2.843363e-02,2.376215e-01,5.437647e-03,7.325824e-02,4.631919e-03,7.340271e-03,5.636315e-01,6.592175e-02
5.776689e-03,1.215522e-03,9.323701e-04,2.740902e-03,1.184715e-03,2.012667e-03,7.288990e-05,1.992217e-02,1.957169e-01,9.833938e-03,7.449748e-02,3.344805e-03,5.351446e-03,6.247020e-01,5.269546e-02
4.236643e-03,1.155411e-03,7.905940e-04,1.981861e-03,8.508608e-04,2.067166e-03,6.184845e-05,1.395309e-02,1.480213e-01,2.135877e-02,6.849045e-02,2.382776e-03,3.884108e-03,6.865553e-01,4.420980e-02
3.089655e-03,1.768408e-03,8.377233e-04,1.524794e-03,6.473043e-04,5.239518e-03,7.226582e-05,9.792919e-03,1.169006e-01,3.950547e-02,7.741848e-02,1.861278e-03,3.106711e-03,7.011641e-01,3.707071e-02
2.627289e-03,3.459734e-03,1.937188e-03,2.104159e-03,6.048125e-04,3.663130e-02,2.481139e-04,8.464004e-03,9.652664e-02,6.292851e-02,9.178527e-02,1.470965e-03,2.893691e-03,6.587449e-01,2.957339e-02
2.150749e-03,3.316368e-03,8.857697e-03,4.112619e-03,5.464425e-04,4.660749e-02,2.998573e-04,8.025447e-03,1.360777e-01,6.047457e-02,7.472776e-02,1.212784e-03,2.529047e-03,6.269367e-01,2.412472e-02
1.820856e-03,5.164645e-02,4.121116e-02,4.526640e-03,9.993359e-04,7.563850e-02,2.538817e-04,6.246001e-03,1.906196e-01,5.574707e-02,5.881070e-02,9.050759e-04,2.020421e-03,4.908541e-01,1.870023e-02
1.695285e-03,4.293339e-02,3.647302e-02,3.399904e-03,9.461090e-04,1.215595e-01,2.004861e-04,4.725005e-03,3.218329e-01,4.242044e-02,4.254391e-02,6.526492e-04,1.452535e-03,3.658672e-01,1.329766e-02
2.301867e-03,3.817107e-02,3.366579e-02,2.784413e-03,8.344913e-04,1.030920e-01,1.757868e-04,4.126368e-03,4.564106e-01,3.220530e-02,3.159723e-02,4.720342e-04,1.042691e-03,2.836300e-01,9.490273e-03
3.112316e-03,3.236683e-02,2.717781e-02,2.295938e-03,7.738470e-04,1.118515e-01,1.427183e-04,3.040680e-03,5.263817e-01,2.441552e-02,2.423144e-02,3.462690e-04,7.523121e-04,2.361305e-01,6.980658e-03
3.972787e-03,2.666747e-02,2.065019e-02,1.784431e-03,7.928545e-04,9.640032e-02,1.115516e-04,2.468885e-03,6.055502e-01,1.958006e-02,1.812720e-02,2.474862e-04,5.388498e-04,1.976968e-01,5.410816e-03
6.800836e-03,2.655717e-02,1.718852e-02,3.563287e-03,2.169159e-03,1.032859e-01,1.047050e-04,5.625299e-03,6.393977e-01,1.565669e-02,1.319227e-02,1.825581e-04,4.339509e-04,1.594112e-01,6.430738e-03
1.395667e-02,2.415651e-02,2.972951e-02,8.965666e-03,4.147824e-03,8.086309e-02,1.296419e-04,8.970334e-03,6.791582e-01,1.277409e-02,9.579212e-03,1.354986e-04,3.451336e-04,1.173688e-01,9.719916e-03
2.383739e-02,1.939005e-02,2.327007e-02,7.009396e-03,4.036540e-03,6.683411e-02,1.313465e-04,7.140092e-03,7.225293e-01,9.952673e-03,8.680942e-03,1.037089e-04,2.608167e-04,9.456071e-02,1.226289e-02
3.081640e-02,1.417611e-02,1.775730e-02,5.322076e-03,3.838935e-03,5.231101e-02,1.449956e-04,5.492751e-03,7.588390e-01,7.679653e-03,1.113509e-02,8.997253e-05,2.431476e-04,7.715830e-02,1.499534e-02
3.915633e-02,1.076727e-02,1.417165e-02,4.271375e-03,3.873143e-03,4.340904e-02,1.590522e-04,4.409638e-03,7.676619e-01,6.814589e-03,1.390977e-02,9.640912e-05,2.987943e-04,6.637338e-02,2.462767e-02
5.123970e-02,1.052316e-02,1.320827e-02,4.485248e-03,7.567210e-03,5.914811e-02,2.433320e-04,3.744555e-03,7.274892e-01,6.542129e-03,1.483485e-02,1.420692e-04,5.525040e-04,6.087747e-02,3.940222e-02
6.572733e-02,1.262341e-02,1.317533e-02,6.741111e-03,1.330399e-02,6.573594e-02,4.991904e-04,4.129451e-03,6.238523e-01,5.337810e-03,2.667866e-02,2.282164e-04,7.772788e-04,1.183361e-01,4.285398e-02
6.229490e-02,2.122729e-02,1.408833e-02,6.765708e-02,2.429036e-02,1.587728e-01,5.767375e-04,4.314432e-03,4.688943e-01,4.095783e-03,2.106507e-02,3.621422e-04,7.967413e-04,1.003098e-01,5.125428e-02
5.525279e-02,1.749318e-02,1.035068e-02,5.379851e-02,1.846566e-02,1.256135e-01,4.380097e-04,3.247248e-03,3.545862e-01,6.297936e-03,3.978241e-02,9.385947e-04,8.502369e-04,2.179996e-01,9.488545e-02
4.847921e-02,1.312125e-02,7.767917e-03,4.196473e-02,1.356132e-02,9.452553e-02,3.726185e-04,3.075296e-03,2.628199e-01,7.509815e-03,4.322281e-02,1.102587e-03,7.885898e-04,3.686655e-01,9.302294e-02
5.812416e-02,1.222713e-02,2.084416e-02,4.506499e-02,1.370604e-02,1.095509e-01,9.936895e-04,4.811913e-03,2.038136e-01,1.310016e-02,4.429996e-02,1.521815e-03,3.750285e-03,3.662647e-01,1.019265e-01
9.321618e-02,1.468685e-02,2.740965e-02,5.458174e-02,1.990794e-02,1.223690e-01,1.815529e-03,1.285910e-02,2.147311e-01,1.214722e-02,5.825014e-02,1.339496e-03,2.843175e-03,2.832816e-01,8.056137e-02
6.976572e-02,1.387917e-02,2.601295e-02,3.994678e-02,1.472124e-02,9.469207e-02,1.364245e-03,9.364680e-03,1.821301e-01,1.147264e-02,4.378982e-02,1.269285e-03,2.177718e-03,2.694215e-01,2.199921e-01
4.924664e-02,1.026011e-02,1.846462e-02,2.828561e-02,1.057288e-02,6.819912e-02,1.009626e-03,6.574748e-03,1.345508e-01,8.736547e-03,4.655240e-02,2.976169e-03,1.749384e-03,4.503182e-01,1.625031e-01
3.464783e-02,7.359857e-03,1.296112e-02,1.992835e-02,7.621664e-03,4.833179e-02,7.152493e-04,4.605861e-03,1.092287e-01,6.762214e-03,3.774225e-02,3.336180e-03,1.347170e-03,5.909239e-01,1.144879e-01
2.433416e-02,5.406851e-03,9.105133e-03,1.409824e-02,5.433760e-03,3.438648e-02,5.111171e-04,3.231467e-03,1.034911e-01,6.943133e-03,4.537585e-02,2.880984e-03,1.036166e-03,6.622735e-01,8.149201e-02
1.706127e-02,4.019849e-03,6.390598e-03,9.920375e-03,3.860764e-03,2.442312e-02,3.651601e-04,2.265545e-03,1.563140e-01,5.457923e-03,3.942635e-02,2.479618e-03,8.033816e-04,6.687584e-01,5.845364e-02
1.196490e-02,3.165918e-03,4.507754e-03,7.055322e-03,2.769990e-03,1.727444e-02,2.677733e-04,1.590118e-03,2.511659e-01,4.532929e-03,3.202803e-02,1.998919e-03,6.125914e-04,6.187706e-01,4.229489e-02
8.425351e-03,2.341004e-03,3.183238e-03,5.138783e-03,2.080270e-03,1.218027e-02,1.948477e-04,1.117419e-03,3.401319e-01,3.611630e-03,2.364318e-02,1.611822e-03,4.428235e-04,5.660586e-01,2.983887e-02
5.908116e-03,2.812257e-03,2.381351e-03,3.748969e-03,1.919445e-03,8.650141e-03,1.419639e-04,7.858198e-04,4.585764e-01,3.001084e-03,1.782194e-02,1.258096e-03,3.177882e-04,4.711998e-01,2.147680e-02
4.188553e-03,2.392167e-03,1.708012e-03,2.703806e-03,1.499883e-03,6.477816e-03,1.078405e-04,5.556778e-04,4.908772e-01,2.411245e-03,1.337688e-02,1.355955e-03,2.506561e-04,4.565089e-01,1.558533e-02
2.959008e-03,3.087223e-03,1.322727e-03,2.099730e-03,1.260389e-03,5.340526e-03,8.331415e-05,3.928492e-04,5.597167e-01,2.222766e-03,1.036935e-02,1.181901e-03,2.015124e-04,3.979615e-01,1.180050e-02
2.144604e-03,7.690663e-03,2.256029e-03,1.787054e-03,1.334782e-03,5.931278e-03,1.142632e-04,3.049286e-04,5.808606e-01,2.666673e-03,7.970106e-03,9.671941e-04,1.528673e-04,3.770998e-01,8.719261e-03
2.306782e-03,7.315689e-03,6.502121e-03,1.486229e-03,1.713315e-03,1.311930e-02,1.484411e-04,3.278695e-04,6.270593e-01,3.838800e-03,6.075989e-03,7.114251e-04,1.188604e-04,3.225993e-01,6.676627e-03
8.253320e-03,6.612308e-03,9.951316e-03,1.590790e-03,2.136988e-03,1.313091e-02,1.860290e-04,6.504245e-04,6.478698e-01,4.388855e-03,5.540411e-03,7.222174e-04,1.525049e-04,2.932383e-01,5.575871e-03
1.703778e-02,7.639289e-03,2.056314e-01,2.119015e-02,4.148522e-03,1.169191e-02,2.488890e-04,1.621368e-03,4.940023e-01,8.549819e-03,5.646252e-03,6.130422e-04,2.175429e-04,2.118402e-01,9.921571e-03
1.401770e-02,1.256307e-02,3.508430e-01,2.654229e-02,3.624742e-03,8.820812e-03,1.782612e-04,1.253053e-03,3.944237e-01,9.668106e-03,4.432251e-03,4.701990e-04,2.318443e-04,1.494819e-01,2.344912e-02
1.381609e-02,3.261751e-02,4.285466e-01,3.097399e-02,3.588197e-03,6.665500e-03,1.275608e-04,9.702154e-04,3.229456e-01,1.287559e-02,3.350879e-03,3.393339e-04,1.964577e-04,1.053836e-01,3.760292e-02
3.988829e-02,3.265218e-02,4.310182e-01,5.531121e-02,4.427766e-03,1.191392e-02,1.123391e-04,1.799205e-03,2.819908e-01,1.326326e-02,3.882521e-03,2.748638e-04,2.430466e-04,8.365741e-02,3.956495e-02
4.817704e-02,3.445444e-02,4.134311e-01,6.217365e-02,3.920683e-03,1.483423e-02,1.075508e-04,1.875323e-03,2.396329e-01,2.351861e-02,3.424213e-03,2.547962e-04,2.737060e-04,6.893580e-02,8.498595e-02
6.691755e-02,3.662447e-02,3.768857e-01,6.804767e-02,4.966343e-03,1.746411e-02,1.900791e-04,4.038653e-03,2.195293e-01,3.744652e-02,3.636894e-03,2.666264e-04,5.860075e-04,6.903116e-02,9.436892e-02
7.800570e-02,6.843755e-02,3.388928e-01,6.833766e-02,1.074915e-02,2.313934e-02,3.080943e-04,5.297828e-03,2.031968e-01,4.078209e-02,4.420358e-03,2.746787e-04,7.791966e-04,7.365477e-02,8.372401e-02
7.614179e-02,5.976364e-02,2.915277e-01,5.405988e-02,9.754999e-03,3.591319e-02,4.654766e-04,5.696637e-03,2.029152e-01,9.265612e-02,5.268804e-03,4.007992e-04,1.399591e-03,5.887065e-02,1.051655e-01
5.399722e-02,4.537340e-02,2.171783e-01,3.900807e-02,6.953215e-03,1.386385e-01,3.885342e-04,4.142034e-03,1.490191e-01,1.153316e-01,9.902757e-02,2.409611e-03,1.586925e-03,4.937343e-02,7.757260e-02
3.822688e-02,3.448906e-02,1.855462e-01,2.882341e-02,4.901893e-03,1.904598e-01,3.454104e-04,3.043463e-03,1.101983e-01,9.769151e-02,1.987414e-01,3.433439e-03,1.306096e-03,4.446795e-02,5.832518e-02
2.741161e-02,2.631919e-02,1.571238e-01,2.071508e-02,3.466938e-03,1.514232e-01,2.934562e-04,2.189156e-03,8.166081e-02,7.146908e-02,3.411562e-01,1.133208e-02,1.260311e-03,6.019704e-02,4.398208e-02
1.936505e-02,1.868641e-02,1.112467e-01,1.468882e-02,2.465883e-03,1.076850e-01,2.247260e-04,1.558680e-03,5.889865e-02,5.049320e-02,4.732843e-01,1.816173e-02,1.093039e-03,9.115428e-02,3.099359e-02
1.360777e-02,1.328860e-02,7.838081e-02,1.036866e-02,1.752712e-03,7.584821e-02,1.625542e-04,1.106299e-03,4.275399e-02,3.563491e-02,5.533457e-01,1.905194e-02,8.708588e-04,1.320555e-01,2.177154e-02
9.571227e-03,9.436238e-03,5.502515e-02,7.424152e-03,1.388109e-03,5.359730e-02,1.190070e-04,8.026580e-04,3.133072e-02,2.528373e-02,5.246369e-01,1.510050e-02,7.381859e-04,2.502638e-01,1.528241e-02
6.723234e-03,6.641585e-03,3.860720e-02,5.367691e-03,1.055536e-03,3.765693e-02,8.599486e-05,5.782571e-04,2.284100e-02,1.804331e-02,4.571246e-01,1.160054e-02,6.114276e-04,3.823280e-01,1.073466e-02
4.768800e-03,4.751188e-03,2.718964e-02,3.935055e-03,1.320745e-03,2.692135e-02,1.023503e-04,5.673227e-04,1.670337e-02,1.564951e-02,4.063310e-01,9.050005e-03,5.075915e-04,4.745998e-01,7.602273e-03
3.381932e-03,3.380533e-03,1.909595e-02,2.780278e-03,1.535786e-03,1.899763e-02,8.894448e-05,4.350884e-04,1.195135e-02,1.414121e-02,4.209988e-01,7.077818e-03,7.272353e-04,4.900188e-01,5.388665e-03
2.448635e-03,2.458127e-03,1.343091e-02,1.972765e-03,2.220449e-03,1.357375e-02,1.216744e-04,3.498145e-04,8.721949e-03,1.778764e-02,3.987723e-01,6.007037e-03,9.378477e-04,5.272970e-01,3.900108e-03
1.825201e-03,5.474657e-03,1.025587e-02,1.581641e-03,6.306052e-03,9.962901e-03,2.880293e-04,3.921539e-04,9.374142e-03,4.364626e-02,3.938231e-01,5.006545e-03,7.192207e-04,5.083356e-01,3.008624e-03
1.385029e-03,3.983577e-03,7.306739e-03,1.399824e-03,8.805173e-03,7.176155e-03,3.963684e-04,5.931216e-04,8.937791e-03,4.357847e-02,3.363718e-01,3.966399e-03,5.897142e-04,5.732991e-01,2.210821e-03
1.028803e-03,3.959916e-03,5.359741e-03,1.225913e-03,1.068714e-02,6.094214e-03,3.862468e-04,6.506502e-04,1.895126e-02,8.596850e-02,3.211788e-01,4.017134e-03,6.470267e-04,5.379657e-01,1.879110e-03
8.274361e-04,3.898182e-03,4.012463e-03,1.367129e-03,1.250909e-02,6.236198e-03,4.378411e-04,5.868276e-04,2.215119e-02,1.317032e-01,3.001862e-01,4.704827e-03,2.022598e-03,5.072680e-01,2.088780e-03
7.814283e-04,3.691171e-03,3.203043e-03,3.493172e-03,1.462013e-02,6.117088e-03,6.846414e-04,3.172637e-03,2.864964e-02,1.309282e-01,3.154021e-01,5.163057e-03,3.762837e-03,4.770988e-01,3.232145e-03
8.827565e-04,3.089681e-03,2.598882e-03,7.638007e-03,1.214002e-02,6.397392e-03,6.396272e-04,3.643026e-03,2.783300e-02,1.229512e-01,4.086930e-01,7.289690e-03,5.724776e-03,3.872649e-01,3.214188e-03
1.234049e-03,3.632537e-03,2.287373e-03,1.349243e-02,2.143238e-02,8.108864e-03,1.139713e-03,5.738748e-03,6.342956e-02,1.153912e-01,3.768649e-01,1.161972e-02,6.742430e-03,3.653257e-01,3.560509e-03
2.945326e-03,1.057316e-02,4.814092e-03,1.973351e-02,4.016356e-02,9.765843e-03,1.748065e-03,1.585963e-02,1.464039e-01,9.764153e-02,3.348622e-01,1.559275e-02,7.522614e-03,2.867447e-01,5.629229e-03
3.044180e-03,1.352096e-02,3.768409e-03,1.671206e-02,3.765869e-02,1.192977e-02,1.408410e-03,1.534169e-02,3.665188e-01,6.906897e-02,2.384729e-01,1.137296e-02,5.568216e-03,2.013580e-01,4.255932e-03
2.678630e-03,2.747668e-02,2.914110e-03,1.303772e-02,3.638951e-02,1.761791e-02,1.245120e-03,1.232778e-02,5.129092e-01,4.881063e-02,1.675704e-01,8.137438e-03,3.999709e-03,1.410588e-01,3.826346e-03
3.551140e-03,3.010447e-02,3.516791e-03,3.207122e-02,5.005538e-02,1.864453e-02,1.153392e-03,1.598956e-02,5.818975e-01,3.435999e-02,1.175421e-01,5.748055e-03,3.034600e-03,9.876823e-02,3.563030e-03
7.448669e-03,3.154414e-02,4.593411e-03,2.804680e-02,9.257436e-02,2.815019e-02,1.149214e-03,2.820417e-02,5.916662e-01,2.417821e-02,8.242115e-02,4.064872e-03,2.220047e-03,6.922591e-02,4.512712e-03
1.165166e-02,2.449368e-02,7.557320e-03,7.916733e-02,1.493928e-01,2.168283e-02,1.913334e-03,1.189278e-01,4.531461e-01,1.699746e-02,5.795036e-02,2.977002e-03,1.668439e-03,4.849459e-02,3.979344e-03
2.413079e-02,2.024115e-02,5.321947e-02,1.927000e-01,1.614417e-01,1.626000e-02,1.872387e-03,1.088709e-01,3.272250e-01,1.201822e-02,4.089734e-02,2.282194e-03,1.274625e-03,3.396937e-02,3.596819e-03
2.587805e-02,1.599031e-02,4.393382e-02,1.383066e-01,2.109772e-01,1.185697e-02,1.447493e-03,2.506034e-01,2.345762e-01,8.415686e-03,2.899744e-02,1.645750e-03,1.045100e-03,2.378708e-02,2.538870e-03
2.026680e-02,1.140029e-02,3.204861e-02,9.721039e-02,1.615362e-01,8.549503e-03,1.182464e-03,4.564794e-01,1.645597e-01,5.892714e-03,2.040646e-02,1.174318e-03,8.527847e-04,1.665481e-02,1.785639e-03
1.592386e-02,8.047851e-03,2.273961e-02,6.830575e-02,1.194149e-01,6.369675e-03,9.339220e-04,6.097023e-01,1.152853e-01,4.136209e-03,1.449743e-02,8.705659e-04,8.431643e-04,1.166534e-02,1.264127e-03
1.283550e-02,5.817733e-03,1.605572e-02,4.816961e-02,8.425356e-02,4.657832e-03,6.765923e-04,6.656479e-01,8.097187e-02,3.300345e-03,3.509040e-02,1.546058e-02,1.760480e-02,8.404728e-03,1.052890e-03
9.366755e-03,4.190330e-03,1.134582e-02,3.472731e-02,5.914988e-02,3.672074e-03,5.168213e-04,5.604803e-01,5.712096e-02,2.710983e-03,7.422045e-02,1.058755e-01,6.924637e-02,6.535437e-03,8.410280e-04
6.774180e-03,3.064746e-03,8.020395e-03,2.578628e-02,4.206512e-02,2.960915e-03,4.455298e-04,4.419791e-01,4.062094e-02,2.251047e-03,1.004053e-01,2.120777e-01,1.063067e-01,6.508498e-03,7.336230e-04
4.761594e-03,2.520117e-03,5.663246e-03,1.884215e-02,2.947065e-02,2.511077e-03,3.205152e-04,3.224386e-01,2.882413e-02,1.916335e-03,2.026174e-01,1.847732e-01,1.876317e-01,6.943914e-03,7.653959e-04
3.368889e-03,3.383689e-03,4.341568e-03,1.547746e-02,2.082022e-02,2.646386e-03,3.914885e-04,2.360238e-01,2.281776e-02,5.843297e-03,2.503061e-01,1.909705e-01,1.996566e-01,4.253426e-02,1.417974e-03
2.403218e-03,3.505801e-03,3.947106e-03,1.498400e-02,1.579505e-02,3.629588e-03,1.668501e-03,1.691217e-01,2.157650e-02,1.595419e-02,2.314894e-01,2.287339e-01,1.468351e-01,1.370745e-01,3.281456e-03
1.748349e-03,2.660305e-03,3.471403e-03,1.320574e-02,1.481534e-02,3.282596e-03,1.313685e-03,1.192852e-01,1.603048e-02,1.487026e-02,3.215217e-01,2.576183e-01,1.043898e-01,1.226321e-01,3.154736e-03
1.282712e-03,2.008957e-03,2.686249e-03,1.078511e-02,1.434178e-02,2.636890e-03,9.899583e-04,8.396295e-02,1.175994e-02,1.315234e-02,4.042057e-01,2.789977e-01,7.391693e-02,9.662994e-02,2.642825e-03
1.194978e-03,1.848207e-03,2.482324e-03,8.326794e-03,1.265229e-02,2.319020e-03,7.680022e-04,5.914540e-02,8.557777e-03,1.618307e-02,3.781407e-01,3.698336e-01,5.287423e-02,8.350524e-02,2.168441e-03
1.169856e-03,1.748973e-03,1.923512e-03,6.250373e-03,1.276175e-02,2.654297e-03,5.764342e-04,4.160499e-02,6.201595e-03,1.542369e-02,3.269480e-01,4.758074e-01,3.849494e-02,6.667163e-02,1.762644e-03
1.198927e-03,1.797891e-03,1.437374e-03,4.686412e-03,1.349452e-02,2.621176e-03,4.184160e-04,2.917048e-02,4.467218e-03,1.226769e-02,2.709411e-01,5.795213e-01,2.740101e-02,4.917904e-02,1.397555e-03
1.082532e-03,1.489370e-03,1.038348e-03,3.354364e-03,1.163152e-02,2.494765e-03,3.227880e-04,2.043655e-02,3.195979e-03,8.968962e-03,2.835757e-01,6.047782e-01,1.992024e-02,3.660658e-02,1.104139e-03
1.017647e-03,2.596446e-03,8.793703e-04,2.411117e-03,1.076292e-02,2.134426e-03,2.386605e-04,1.431338e-02,2.366267e-03,6.717162e-03,2.208924e-01,6.924961e-01,1.441944e-02,2.751735e-02,1.237338e-03
1.685118e-03,2.078175e-03,6.718995e-04,1.729511e-03,9.464193e-03,1.893417e-03,1.733877e-04,1.003856e-02,1.810421e-03,4.959499e-03,2.059350e-01,7.261860e-01,1.035580e-02,2.199092e-02,1.028126e-03
1.737474e-03,1.543254e-03,5.055466e-04,1.248901e-03,7.185493e-03,1.681097e-03,1.250450e-04,7.047312e-03,1.443799e-03,3.904184e-03,1.948492e-01,7.531286e-01,7.371534e-03,1.741782e-02,8.106773e-04
1.984602e-03,1.153331e-03,4.218893e-04,9.444245e-04,7.654625e-03,1.853041e-03,9.720721e-05,5.055950e-03,1.273513e-03,3.650515e-03,1.589316e-01,7.958120e-01,5.617240e-03,1.491166e-02,6.384088e-04
1.815645e-03,9.114373e-04,4.852013e-04,7.220617e-04,6.378034e-03,1.744916e-03,7.635883e-05,3.655235e-03,1.010615e-03,2.814421e-03,1.700730e-01,7.942634e-01,4.053882e-03,1.146607e-02,5.297299e-04
2.005615e-03,7.318800e-04,6.186543e-04,6.559328e-04,6.828888e-03,1.589635e-03,6.560086e-05,3.057067e-03,9.154340e-04,2.396860e-03,1.416502e-01,8.273755e-01,3.044979e-03,8.642999e-03,4.207840e-04
1.767392e-03,5.925082e-04,5.145824e-04,4.943568e-04,5.079066e-03,1.256577e-03,5.079555e-05,2.206450e-03,6.998922e-04,1.867669e-03,1.163281e-01,8.602080e-01,2.233745e-03,6.393765e-03,3.070103e-04
1.548144e-03,5.643860e-04,4.756670e-04,3.735677e-04,3.758582e-03,9.798754e-04,4.506483e-05,1.598455e-03,5.330967e-04,1.596119e-03,9.146179e-02,8.903008e-01,1.700224e-03,4.829474e-03,2.347343e-04
1.206692e-03,4.964662e-04,4.081496e-04,2.693779e-04,2.768447e-03,8.584587e-04,5.502371e-05,1.167573e-03,4.011177e-04,1.290396e-03,7.111152e-02,9.148480e-01,1.288271e-03,3.656646e-03,1.738572e-04
1.488311e-03,1.491181e-03,8.415461e-02,8.773703e-04,3.588248e-03,2.598662e-03,6.306409e-04,1.265001e-02,3.298918e-04,1.771803e-03,7.937101e-02,8.068969e-01,1.000994e-03,3.014001e-03,1.363508e-04
3.281943e-03,4.234281e-03,6.796077e-02,1.145819e-03,1.547349e-02,1.158993e-02,8.218675e-04,1.866522e-02,3.455750e-04,2.503112e-03,8.662523e-02,7.830086e-01,9.819559e-04,3.249453e-03,1.127719e-04
2.703940e-03,3.070547e-03,4.770094e-02,8.473160e-04,1.271033e-02,8.395292e-03,6.510233e-04,1.393873e-02,3.286953e-04,1.978560e-03,9.201925e-02,8.118064e-01,8.352479e-04,2.929694e-03,8.404831e-05
2.436006e-03,2.503041e-03,3.364730e-02,6.317581e-04,1.015613e-02,6.408675e-03,5.317015e-04,1.052562e-02,3.110425e-04,1.656382e-03,9.256084e-02,8.350375e-01,7.472413e-04,2.776125e-03,7.072987e-05
