1.000000e+00,0.000000e+00,0.000000e+00,0.000000e+00,0.000000e+00,0.000000e+00,0.000000e+00,0.000000e+00,0.000000e+00,0.000000e+00,0.000000e+00,0.000000e+00,0.000000e+00,0.000000e+00,0.000000e+00
1.000000e+00,0.000000e+00,0.000000e+00,0.000000e+00,0.000000e+00,0.000000e+00,0.000000e+00,0.000000e+00,0.000000e+00,0.000000e+00,0.000000e+00,0.000000e+00,0.000000e+00,0.000000e+00,0.000000e+00
1.000000e+00,0.000000e+00,0.000000e+00,0.000000e+00,0.000000e+00,0.000000e+00,0.000000e+00,0.000000e+00,0.000000e+00,0.000000e+00,0.000000e+00,0.000000e+00,0.000000e+00,0.000000e+00,0.000000e+00
1.000000e+00,0.000000e+00,0.000000e+00,0.000000e+00,0.000000e+00,0.000000e+00,0.000000e+00,0.000000e+00,0.000000e+00,0.000000e+00,0.000000e+00,0.000000e+00,0.000000e+00,0.000000e+00,0.000000e+00
1.000000e+00,0.000000e+00,0.000000e+00,0.000000e+00,0.000000e+00,0.000000e+00,0.000000e+00,0.000000e+00,0.000000e+00,0.000000e+00,0.000000e+00,0.000000e+00,0.000000e+00,0.000000e+00,0.000000e+00
1.000000e+00,0.000000e+00,0.000000e+00,0.000000e+00,0.000000e+00,0.000000e+00,0.000000e+00,0.000000e+00,0.000000e+00,0.000000e+00,0.000000e+00,0.000000e+00,0.000000e+00,0.000000e+00,0.000000e+00
1.000000e+00,0.000000e+00,0.000000e+00,0.000000e+00,0.000000e+00,0.000000e+00,0.000000e+00,0.000000e+00,0.000000e+00,0.000000e+00,0.000000e+00,0.000000e+00,0.000000e+00,0.000000e+00,0.000000e+00
1.000000e+00,0.000000e+00,0.000000e+00,0.000000e+00,0.000000e+00,0.000000e+00,0.000000e+00,0.000000e+00,0.000000e+00,0.000000e+00,0.000000e+00,0.000000e+00,0.000000e+00,0.000000e+00,0.000000e+00
1.000000e+00,0.000000e+00,0.000000e+00,0.000000e+00,0.000000e+00,0.000000e+00,0.000000e+00,0.000000e+00,0.000000e+00,0.000000e+00,0.000000e+00,0.000000e+00,0.000000e+00,0.000000e+00,0.000000e+00
1.000000e+00,0.000000e+00,0.000000e+00,0.000000e+00,0.000000e+00,0.000000e+00,0.000000e+00,0.000000e+00,0.000000e+00,0.000000e+00,0.000000e+00,0.000000e+00,0.000000e+00,0.000000e+00,0.000000e+00
1.000000e+00,0.000000e+00,0.000000e+00,0.000000e+00,0.000000e+00,0.000000e+00,0.000000e+00,0.000000e+00,0.000000e+00,0.000000e+00,0.000000e+00,0.000000e+00,0.000000e+00,0.000000e+00,0.000000e+00
1.000000e+00,0.000000e+00,0.000000e+00,0.000000e+00,0.000000e+00,0.000000e+00,0.000000e+00,0.000000e+00,0.000000e+00,0.000000e+00,0.000000e+00,0.000000e+00,0.000000e+00,0.000000e+00,0.000000e+00
1.000000e+00,0.000000e+00,0.000000e+00,0.000000e+00,0.000000e+00,0.000000e+00,0.000000e+00,0.000000e+00,0.000000e+00,0.000000e+00,0.000000e+00,0.000000e+00,0.000000e+00,0.000000e+00,0.000000e+00
1.000000e+00,0.000000e+00,0.000000e+00,0.000000e+00,0.000000e+00,0.000000e+00,0.000000e+00,0.000000e+00,0.000000e+00,0.000000e+00,0.000000e+00,0.000000e+00,0.000000e+00,0.000000e+00,0.000000e+00
1.000000e+00,0.000000e+00,0.000000e+00,0.000000e+00,0.000000e+00,0.000000e+00,0.000000e+00,0.000000e+00,0.000000e+00,0.000000e+00,0.000000e+00,0.000000e+00,0.000000e+00,0.000000e+00,0.000000e+00
1.000000e+00,0.000000e+00,0.000000e+00,0.000000e+00,0.000000e+00,0.000000e+00,0.000000e+00,0.000000e+00,0.000000e+00,0.000000e+00,0.000000e+00,0.000000e+00,0.000000e+00,0.000000e+00,0.000000e+00
1.000000e+00,0.000000e+00,0.000000e+00,0.000000e+00,0.000000e+00,0.000000e+00,0.000000e+00,0.000000e+00,0.000000e+00,0.000000e+00,0.000000e+00,0.000000e+00,0.000000e+00,0.000000e+00,0.000000e+00
1.000000e+00,0.000000e+00,0.000000e+00,0.000000e+00,0.000000e+00,0.000000e+00,0.000000e+00,0.000000e+00,0.000000e+00,0.000000e+00,0.000000e+00,0.000000e+00,0.000000e+00,0.000000e+00,0.000000e+00
1.000000e+00,0.000000e+00,0.000000e+00,0.000000e+00,0.000000e+00,0.000000e+00,0.000000e+00,0.000000e+00,0.000000e+00,0.000000e+00,0.000000e+00,0.000000e+00,0.000000e+00,0.000000e+00,0.000000e+00
1.000000e+00,0.000000e+00,0.000000e+00,0.000000e+00,0.000000e+00,0.000000e+00,0.000000e+00,0.000000e+00,0.000000e+00,0.000000e+00,0.000000e+00,0.000000e+00,0.000000e+00,0.000000e+00,0.000000e+00
1.000000e+00,0.000000e+00,0.000000e+00,0.000000e+00,0.000000e+00,0.000000e+00,0.000000e+00,0.000000e+00,0.000000e+00,0.000000e+00,0.000000e+00,0.000000e+00,0.000000e+00,0.000000e+00,0.000000e+00
1.000000e+00,0.000000e+00,0.000000e+00,0.000000e+00,0.000000e+00,0.000000e+00,0.000000e+00,0.000000e+00,0.000000e+00,0.000000e+00,0.000000e+00,0.000000e+00,0.000000e+00,0.000000e+00,0.000000e+00
1.000000e+00,0.000000e+00,0.000000e+00,0.000000e+00,0.000000e+00,0.000000e+00,0.000000e+00,0.000000e+00,0.000000e+00,0.000000e+00,0.000000e+00,0.000000e+00,0.000000e+00,0.000000e+00,0.000000e+00
1.000000e+00,0.000000e+00,0.000000e+00,0.000000e+00,0.000000e+00,0.000000e+00,0.000000e+00,0.000000e+00,0.000000e+00,0.000000e+00,0.000000e+00,0.000000e+00,0.000000e+00,0.000000e+00,0.000000e+00
1.000000e+00,0.000000e+00,0.000000e+00,0.000000e+00,0.000000e+00,0.000000e+00,0.000000e+00,0.000000e+00,0.000000e+00,0.000000e+00,0.000000e+00,0.000000e+00,0.000000e+00,0.000000e+00,0.000000e+00
1.000000e+00,0.000000e+00,0.000000e+00,0.000000e+00,0.000000e+00,0.000000e+00,0.000000e+00,0.000000e+00,0.000000e+00,0.000000e+00,0.000000e+00,0.000000e+00,0.000000e+00,0.000000e+00,0.000000e+00
1.000000e+00,0.000000e+00,0.000000e+00,0.000000e+00,0.000000e+00,0.000000e+00,0.000000e+00,0.000000e+00,0.000000e+00,0.000000e+00,0.000000e+00,0.000000e+00,0.000000e+00,0.000000e+00,0.000000e+00
1.000000e+00,0.000000e+00,0.000000e+00,0.000000e+00,0.000000e+00,0.000000e+00,0.000000e+00,0.000000e+00,0.000000e+00,0.000000e+00,0.000000e+00,0.000000e+00,0.000000e+00,0.000000e+00,0.000000e+00
1.000000e+00,0.000000e+00,0.000000e+00,0.000000e+00,0.000000e+00,0.000000e+00,0.000000e+00,0.000000e+00,0.000000e+00,0.000000e+00,0.000000e+00,0.000000e+00,0.000000e+00,0.000000e+00,0.000000e+00
1.000000e+00,0.000000e+00,0.000000e+00,0.000000e+00,0.000000e+00,0.000000e+00,0.000000e+00,0.000000e+00,0.000000e+00,0.000000e+00,0.000000e+00,0.000000e+00,0.000000e+00,0.000000e+00,0.000000e+00
1.000000e+00,0.000000e+00,0.000000e+00,0.000000e+00,0.000000e+00,0.000000e+00,0.000000e+00,0.000000e+00,0.000000e+00,0.000000e+00,0.000000e+00,0.000000e+00,0.000000e+00,0.000000e+00,0.000000e+00
1.000000e+00,0.000000e+00,0.000000e+00,0.000000e+00,0.000000e+00,0.000000e+00,0.000000e+00,0.000000e+00,0.000000e+00,0.000000e+00,0.000000e+00,0.000000e+00,0.000000e+00,0.000000e+00,0.000000e+00
1.000000e+00,0.000000e+00,0.000000e+00,0.000000e+00,0.000000e+00,0.000000e+00,0.000000e+00,0.000000e+00,0.000000e+00,0.000000e+00,0.000000e+00,0.000000e+00,0.000000e+00,0.000000e+00,0.000000e+00
1.000000e+00,0.000000e+00,0.000000e+00,0.000000e+00,0.000000e+00,0.000000e+00,0.000000e+00,0.000000e+00,0.000000e+00,0.000000e+00,0.000000e+00,0.000000e+00,0.000000e+00,0.000000e+00,0.000000e+00
1.000000e+00,0.000000e+00,0.000000e+00,0.000000e+00,0.000000e+00,0.000000e+00,0.000000e+00,0.000000e+00,0.000000e+00,0.000000e+00,0.000000e+00,0.000000e+00,0.000000e+00,0.000000e+00,0.000000e+00
1.000000e+00,0.000000e+00,0.000000e+00,0.000000e+00,0.000000e+00,0.000000e+00,0.000000e+00,0.000000e+00,0.000000e+00,0.000000e+00,0.000000e+00,0.000000e+00,0.000000e+00,0.000000e+00,0.000000e+00
1.000000e+00,0.000000e+00,0.000000e+00,0.000000e+00,0.000000e+00,0.000000e+00,0.000000e+00,0.000000e+00,0.000000e+00,0.000000e+00,0.000000e+00,0.000000e+00,0.000000e+00,0.000000e+00,0.000000e+00
1.000000e+00,0.000000e+00,0.000000e+00,0.000000e+00,0.000000e+00,0.000000e+00,0.000000e+00,0.000000e+00,0.000000e+00,0.000000e+00,0.000000e+00,0.000000e+00,0.000000e+00,0.000000e+00,0.000000e+00
1.000000e+00,0.000000e+00,0.000000e+00,0.000000e+00,0.000000e+00,0.000000e+00,0.000000e+00,0.000000e+00,0.000000e+00,0.000000e+00,0.000000e+00,0.000000e+00,0.000000e+00,0.000000e+00,0.000000e+00
1.000000e+00,0.000000e+00,0.000000e+00,0.000000e+00,0.000000e+00,0.000000e+00,0.000000e+00,0.000000e+00,0.000000e+00,0.000000e+00,0.000000e+00,0.000000e+00,0.000000e+00,0.000000e+00,0.000000e+00
1.000000e+00,0.000000e+00,0.000000e+00,0.000000e+00,0.000000e+00,0.000000e+00,0.000000e+00,0.000000e+00,0.000000e+00,0.000000e+00,0.000000e+00,0.000000e+00,0.000000e+00,0.000000e+00,0.000000e+00
1.000000e+00,0.000000e+00,0.000000e+00,0.000000e+00,0.000000e+00,0.000000e+00,0.000000e+00,0.000000e+00,0.000000e+00,0.000000e+00,0.000000e+00,0.000000e+00,0.000000e+00,0.000000e+00,0.000000e+00
1.000000e+00,0.000000e+00,0.000000e+00,0.000000e+00,0.000000e+00,0.000000e+00,0.000000e+00,0.000000e+00,0.000000e+00,0.000000e+00,0.000000e+00,0.000000e+00,0.000000e+00,0.000000e+00,0.000000e+00
1.000000e+00,0.000000e+00,0.000000e+00,0.000000e+00,0.000000e+00,0.000000e+00,0.000000e+00,0.000000e+00,0.000000e+00,0.000000e+00,0.000000e+00,0.000000e+00,0.000000e+00,0.000000e+00,0.000000e+00
1.000000e+00,0.000000e+00,0.000000e+00,0.000000e+00,0.000000e+00,0.000000e+00,0.000000e+00,0.000000e+00,0.000000e+00,0.000000e+00,0.000000e+00,0.000000e+00,0.000000e+00,0.000000e+00,0.000000e+00
1.000000e+00,0.000000e+00,0.000000e+00,0.000000e+00,0.000000e+00,0.000000e+00,0.000000e+00,0.000000e+00,0.000000e+00,0.000000e+00,0.000000e+00,0.000000e+00,0.000000e+00,0.000000e+00,0.000000e+00
1.000000e+00,0.000000e+00,0.000000e+00,0.000000e+00,0.000000e+00,0.000000e+00,0.000000e+00,0.000000e+00,0.000000e+00,0.000000e+00,0.000000e+00,0.000000e+00,0.000000e+00,0.000000e+00,0.000000e+00
1.000000e+00,0.000000e+00,0.000000e+00,0.000000e+00,0.000000e+00,0.000000e+00,0.000000e+00,0.000000e+00,0.000000e+00,0.000000e+00,0.000000e+00,0.000000e+00,0.000000e+00,0.000000e+00,0.000000e+00
1.000000e+00,0.000000e+00,0.000000e+00,0.000000e+00,0.000000e+00,0.000000e+00,0.000000e+00,0.000000e+00,0.000000e+00,0.000000e+00,0.000000e+00,0.000000e+00,0.000000e+00,0.000000e+00,0.000000e+00
4.305266e-01,1.313122e-02,2.271714e-02,5.543389e-02,6.733565e-03,2.352810e-02,5.128034e-03,3.087935e-01,7.081058e-03,1.486761e-03,3.837090e-02,5.746769e-02,1.311531e-02,3.855699e-03,1.263052e-02
3.968278e-01,9.948228e-03,1.910483e-02,4.031589e-02,5.120548e-03,1.887882e-02,5.813247e-03,4.043412e-01,5.152575e-03,1.228806e-03,2.804402e-02,4.178346e-02,1.027337e-02,3.231167e-03,9.936025e-03
3.197636e-01,7.341434e-03,1.619584e-02,2.912437e-02,3.759352e-03,1.463314e-02,6.445029e-03,5.298586e-01,3.690760e-03,9.394839e-04,2.023420e-02,3.012540e-02,7.818421e-03,2.497828e-03,7.572623e-03
2.491381e-01,5.462255e-03,1.266919e-02,2.113134e-02,2.904084e-03,1.115367e-02,6.264064e-03,6.379970e-01,2.678599e-03,7.214585e-04,1.457253e-02,2.148411e-02,5.806402e-03,2.355003e-03,5.662293e-03
1.915290e-01,4.043714e-03,9.715118e-03,1.530762e-02,2.291208e-03,8.744522e-03,6.819354e-03,7.224296e-01,1.956464e-03,5.528793e-04,1.044149e-02,1.540471e-02,4.405573e-03,2.042466e-03,4.316243e-03
1.567807e-01,3.106370e-03,7.737990e-03,1.128189e-02,2.316911e-03,6.592070e-03,5.971534e-03,7.756765e-01,1.584957e-03,4.756480e-04,7.694532e-03,1.140558e-02,3.833676e-03,2.023791e-03,3.517905e-03
1.273882e-01,2.366024e-03,6.073332e-03,8.514800e-03,2.496754e-03,4.951569e-03,5.258194e-03,8.192225e-01,1.228677e-03,4.735917e-04,5.747620e-03,8.446359e-03,3.576715e-03,1.509107e-03,2.746531e-03
1.059920e-01,1.793605e-03,4.831101e-03,6.434607e-03,2.723551e-03,3.771520e-03,4.792688e-03,8.514615e-01,9.338714e-04,4.813432e-04,4.227985e-03,6.305378e-03,3.057898e-03,1.102982e-03,2.089884e-03
1.138124e-01,1.435987e-03,4.037266e-03,4.837295e-03,3.120092e-03,3.525576e-03,4.600674e-03,8.487593e-01,7.461422e-04,5.352150e-04,3.172839e-03,5.670846e-03,2.979789e-03,8.783914e-04,1.888193e-03
1.218390e-01,1.200599e-03,3.793351e-03,3.747076e-03,3.264559e-03,3.722742e-03,4.656034e-03,8.433689e-01,6.218436e-04,5.323527e-04,2.458550e-03,5.286777e-03,2.829664e-03,7.590199e-04,1.919538e-03
1.397941e-01,1.036305e-03,4.304389e-03,3.155867e-03,3.330577e-03,5.047954e-03,4.930542e-03,8.230327e-01,5.530197e-04,6.159788e-04,2.063781e-03,6.313386e-03,2.925691e-03,7.277320e-04,2.167888e-03
1.886474e-01,1.067732e-03,4.298240e-03,2.848190e-03,4.939295e-03,8.199733e-03,5.400164e-03,7.634552e-01,5.925287e-04,9.315574e-04,2.053403e-03,9.493415e-03,3.669878e-03,9.815213e-04,3.421709e-03
2.232099e-01,9.297426e-04,4.269809e-03,3.064702e-03,5.374119e-03,9.028906e-03,5.037741e-03,7.279692e-01,6.724426e-04,1.073271e-03,1.839628e-03,9.713612e-03,3.459690e-03,9.488265e-04,3.408334e-03
2.708377e-01,1.159021e-03,3.490319e-03,3.834622e-03,5.601198e-03,7.764347e-03,3.800247e-03,6.625293e-01,2.868253e-03,1.428574e-03,3.558333e-03,1.351454e-02,1.475264e-02,1.469228e-03,3.391646e-03
1.911328e-01,9.809631e-04,2.615105e-03,5.388516e-03,4.305847e-03,5.718995e-03,2.737315e-03,5.361227e-01,5.863595e-03,4.848335e-03,1.286311e-01,6.397372e-02,1.695376e-02,2.805231e-02,2.674950e-03
1.338503e-01,7.156196e-04,1.847029e-03,5.687273e-03,3.193191e-03,4.057734e-03,1.930157e-03,3.842152e-01,6.131372e-03,6.189608e-03,2.495972e-01,1.051218e-01,2.282304e-02,7.267433e-02,1.966135e-03
9.373937e-02,5.322914e-04,1.302811e-03,8.549342e-03,2.481611e-03,2.855574e-03,1.362855e-03,2.704512e-01,8.979006e-03,5.983744e-03,3.195196e-01,1.705364e-01,2.381251e-02,8.842645e-02,1.467246e-03
6.565689e-02,3.962767e-04,9.212004e-04,9.599922e-03,2.613183e-03,2.018187e-03,9.753804e-04,1.900378e-01,9.730081e-03,6.698688e-03,3.850480e-01,2.006089e-01,2.072103e-02,1.039048e-01,1.069674e-03
4.596585e-02,2.837406e-04,6.485449e-04,6.873276e-03,2.300184e-03,1.414510e-03,6.909108e-04,1.330389e-01,7.600120e-03,1.750874e-02,3.854513e-01,2.283543e-01,1.515130e-02,1.538520e-01,8.663802e-04
3.217845e-02,2.010818e-04,4.578417e-04,4.868403e-03,2.023470e-03,9.912173e-04,4.915906e-04,9.313525e-02,5.617720e-03,2.359895e-02,3.317575e-01,1.972427e-01,1.139341e-02,2.951508e-01,8.915499e-04
2.252675e-02,1.467077e-04,3.528155e-04,3.436794e-03,1.850878e-03,6.963813e-04,3.462174e-04,6.519856e-02,4.025094e-03,4.215501e-02,2.481486e-01,1.639123e-01,8.478839e-03,4.376061e-01,1.118978e-03
1.576954e-02,1.054271e-04,2.831012e-04,2.411098e-03,1.615586e-03,4.887767e-04,2.455260e-04,4.564292e-02,2.843835e-03,8.684544e-02,1.894732e-01,1.365296e-01,6.328637e-03,5.089706e-01,2.446859e-03
1.103974e-02,7.644199e-05,2.197029e-04,1.698982e-03,2.011175e-03,3.436908e-04,1.805273e-04,3.196109e-02,2.036684e-03,1.748438e-01,2.075963e-01,1.304114e-01,5.033005e-03,4.273973e-01,5.150091e-03
7.728531e-03,5.814214e-05,1.865271e-04,1.211899e-03,4.075948e-03,2.434798e-04,1.572769e-04,2.239183e-02,1.612295e-03,1.429632e-01,3.768356e-01,1.088980e-01,3.974072e-03,3.251660e-01,4.497286e-03
5.415173e-03,7.134456e-05,3.118025e-04,8.810802e-04,3.959328e-03,1.883815e-04,2.023424e-04,1.588249e-02,1.239667e-03,1.349176e-01,4.093860e-01,1.143118e-01,3.350154e-03,3.047200e-01,5.162902e-03
3.845021e-03,1.436929e-04,6.880034e-04,7.713931e-04,8.724061e-03,4.317015e-04,8.108876e-04,1.306574e-02,1.218654e-03,1.071250e-01,4.696419e-01,1.125165e-01,2.874536e-03,2.717287e-01,6.414277e-03
3.400842e-03,1.487119e-04,9.266978e-04,1.059263e-03,1.218490e-02,2.087681e-03,9.274582e-04,1.133103e-02,1.359870e-03,9.535781e-02,4.754567e-01,1.619242e-01,3.299751e-03,2.225086e-01,8.026464e-03
3.169806e-03,1.921768e-04,1.788869e-03,8.750414e-04,2.820443e-02,1.860483e-03,8.040777e-04,8.597359e-03,1.492227e-03,7.647211e-02,5.227322e-01,1.680032e-01,2.957223e-03,1.759552e-01,6.895555e-03
4.105842e-03,3.193307e-03,3.576571e-02,1.457550e-03,5.889787e-02,1.892465e-03,6.488183e-04,6.894556e-03,6.238605e-03,6.303365e-02,4.631616e-01,1.729894e-01,3.160884e-03,1.728100e-01,5.749733e-03
5.687809e-03,5.635636e-03,4.341020e-02,2.000236e-03,6.299773e-02,2.155217e-03,5.389802e-04,6.318388e-03,1.371326e-02,5.292946e-02,4.031895e-01,1.964233e-01,5.426781e-03,1.939737e-01,5.599888e-03
1.306216e-02,1.775996e-02,5.111162e-02,3.477391e-03,5.080625e-02,1.173715e-02,9.265476e-04,9.338202e-03,2.331897e-02,5.333532e-02,3.619197e-01,1.927536e-01,1.035878e-02,1.923130e-01,7.781398e-03
2.475596e-02,1.696435e-02,4.078471e-02,3.900261e-03,4.990145e-02,1.498842e-02,9.892712e-04,1.153400e-02,3.395279e-02,5.784060e-02,3.113645e-01,2.185514e-01,1.752407e-02,1.880883e-01,8.859939e-03
2.389532e-02,1.597251e-02,3.258585e-02,3.915786e-03,4.274351e-02,1.630471e-02,8.227448e-04,2.776754e-02,4.621503e-02,5.610559e-02,2.835302e-01,2.535018e-01,2.259440e-02,1.666119e-01,7.433055e-03
3.135500e-02,1.432851e-02,3.057766e-02,4.309548e-03,3.262969e-02,6.499346e-02,1.603235e-03,1.157876e-01,4.673561e-02,4.392745e-02,2.270808e-01,2.228025e-01,2.121840e-02,1.356288e-01,7.021737e-03
4.374149e-02,1.030646e-02,2.817121e-02,4.874222e-03,2.422949e-02,7.301944e-02,2.451627e-02,2.334064e-01,3.879648e-02,3.315548e-02,1.794085e-01,1.834362e-01,1.870172e-02,9.904294e-02,5.193701e-03
4.966649e-02,8.121780e-03,4.766550e-02,6.415933e-03,1.992384e-02,2.372642e-01,2.826383e-02,1.944341e-01,3.129887e-02,2.408263e-02,1.300393e-01,1.294760e-01,1.364590e-02,7.551423e-02,4.187310e-03
5.509555e-02,6.921372e-03,1.043147e-01,5.948616e-03,1.548490e-02,2.504240e-01,7.614255e-02,1.924574e-01,2.462292e-02,1.750112e-02,9.163912e-02,9.100625e-02,1.042184e-02,5.461486e-02,3.404733e-03
5.189421e-02,6.555219e-03,1.267321e-01,5.720938e-03,1.288237e-02,2.299893e-01,1.730064e-01,1.789815e-01,1.825621e-02,1.291550e-02,6.454124e-02,6.392013e-02,1.168136e-02,4.009271e-02,2.830802e-03
5.449817e-02,6.288650e-03,9.912997e-02,5.365932e-03,1.182030e-02,1.774586e-01,2.966899e-01,1.825625e-01,1.815099e-02,9.399066e-03,4.572241e-02,4.503724e-02,1.667665e-02,2.868819e-02,2.511318e-03
5.144495e-02,5.982368e-03,7.383290e-02,5.901888e-03,1.113873e-02,1.375239e-01,3.640757e-01,2.091335e-01,1.885302e-02,7.625169e-03,3.351580e-02,3.215646e-02,2.534438e-02,2.056906e-02,2.902149e-03
7.566673e-02,1.006622e-02,6.802084e-02,7.937619e-03,1.200395e-02,1.022857e-01,3.926664e-01,1.859248e-01,3.821116e-02,7.937991e-03,2.687101e-02,2.406850e-02,2.521785e-02,1.657863e-02,6.542570e-03
8.463439e-02,1.012041e-02,6.042242e-02,8.342640e-03,1.450925e-02,7.545128e-02,4.710541e-01,1.537644e-01,3.488381e-02,7.444933e-03,2.055851e-02,1.780379e-02,2.205800e-02,1.265636e-02,6.295723e-03
9.819432e-02,1.713045e-02,6.773816e-02,1.435085e-02,1.906597e-02,6.877853e-02,4.456262e-01,1.549407e-01,2.877766e-02,1.095523e-02,1.578956e-02,1.301296e-02,2.019239e-02,1.107726e-02,1.436970e-02
8.236059e-02,1.511004e-02,7.472008e-02,1.434467e-02,1.913781e-02,6.531851e-02,4.744608e-01,1.330917e-01,2.172502e-02,1.878583e-02,1.172405e-02,9.327400e-03,1.578680e-02,9.413843e-03,3.469286e-02
6.251178e-02,1.218863e-02,5.673091e-02,1.156703e-02,1.560555e-02,6.427020e-02,4.287496e-01,1.320579e-01,1.933835e-02,9.467383e-02,1.969839e-02,7.980566e-03,2.074223e-02,1.182005e-02,4.206501e-02
4.456114e-02,9.571820e-03,4.102334e-02,8.344570e-03,1.132197e-02,5.271367e-02,3.368337e-01,9.811268e-02,1.448551e-02,2.425397e-01,2.291294e-02,6.571921e-03,1.642612e-02,3.492572e-02,5.965517e-02
3.129854e-02,6.953117e-03,2.877090e-02,6.000845e-03,8.838451e-03,3.819972e-02,2.449653e-01,6.984705e-02,1.560907e-02,3.511007e-01,2.371587e-02,5.260020e-03,1.810308e-02,7.024743e-02,8.108993e-02
2.207084e-02,5.426515e-03,2.020832e-02,4.266383e-03,7.533539e-03,2.860703e-02,1.827468e-01,5.020145e-02,1.792756e-02,3.712806e-01,3.038729e-02,4.806580e-03,1.685193e-02,1.440256e-01,9.365958e-02
1.570643e-02,4.004278e-03,1.422692e-02,3.184104e-03,5.768933e-03,2.254482e-02,1.317145e-01,3.563533e-02,3.295128e-02,3.770705e-01,2.434600e-02,3.782203e-03,1.275482e-02,1.850117e-01,1.312982e-01
1.113288e-02,3.146764e-03,1.001623e-02,2.309039e-03,4.291488e-03,1.814444e-02,9.311843e-02,2.528213e-02,6.972598e-02,3.258680e-01,2.333377e-02,3.017998e-03,9.910811e-03,2.916816e-01,1.090204e-01
7.909788e-03,2.740844e-03,7.086574e-03,1.632743e-03,3.112847e-03,1.391555e-02,6.525489e-02,1.775432e-02,5.878478e-02,2.473287e-01,2.007916e-02,2.323145e-03,7.201383e-03,4.415354e-01,1.033399e-01
6.418355e-03,3.052136e-03,5.323849e-03,1.205633e-03,2.478895e-03,1.349769e-02,4.577795e-02,1.250088e-02,5.518949e-02,1.842214e-01,1.983020e-02,2.154188e-03,5.916523e-03,4.544625e-01,1.879704e-01
5.822495e-03,3.253007e-03,3.910168e-03,9.051256e-04,1.960722e-03,1.133306e-02,3.210188e-02,8.794498e-03,5.139016e-02,1.330520e-01,2.162264e-02,2.066359e-03,4.669120e-03,4.817475e-01,2.373713e-01
5.088916e-03,1.718611e-02,3.014086e-03,6.751558e-04,1.549861e-03,8.834808e-03,2.254132e-02,6.180740e-03,7.403959e-02,9.554636e-02,2.335066e-02,1.763271e-03,3.738184e-03,4.964052e-01,2.400858e-01
4.161271e-03,5.269063e-02,2.311475e-03,5.123469e-04,1.175564e-03,7.207809e-03,1.581506e-02,4.335360e-03,8.223706e-02,7.015092e-02,2.480483e-02,1.543274e-03,3.209228e-03,5.181956e-01,2.116496e-01
3.033598e-03,4.153134e-02,1.642691e-03,3.753277e-04,8.474548e-04,6.617448e-03,1.107390e-02,3.036187e-03,9.222180e-02,4.966297e-02,2.008116e-02,1.170101e-03,2.312671e-03,6.053051e-01,1.610883e-01
2.205744e-03,5.049426e-02,1.233996e-03,3.064045e-04,6.272417e-04,6.818330e-03,7.755307e-03,2.126659e-03,1.297204e-01,3.549099e-02,1.629281e-02,9.913924e-04,2.333643e-03,5.686511e-01,1.749517e-01
1.638883e-03,4.682821e-02,1.012856e-03,3.930185e-04,4.868543e-04,6.105201e-03,5.432177e-03,1.493236e-03,1.545670e-01,2.571454e-02,1.704377e-02,1.679969e-03,4.742229e-03,5.092006e-01,2.236615e-01
1.326045e-03,5.257295e-02,8.483866e-04,3.496537e-04,3.828866e-04,4.494143e-03,3.804249e-03,1.048004e-03,1.818727e-01,1.905560e-02,1.530297e-02,1.330907e-03,3.566318e-03,5.400446e-01,1.740005e-01
1.525457e-03,2.133343e-01,1.314995e-03,5.096099e-04,4.504774e-04,3.847385e-03,2.672321e-03,7.572427e-04,1.687734e-01,1.505882e-02,2.769019e-02,9.629073e-04,2.748542e-03,4.278817e-01,1.324727e-01
2.216021e-03,1.728097e-01,1.749581e-03,1.074203e-03,4.825821e-04,5.857831e-03,1.880285e-03,6.776600e-04,2.486175e-01,1.197132e-02,2.139971e-02,6.862828e-04,2.002934e-03,3.424137e-01,1.861607e-01
4.686440e-03,1.247510e-01,1.950012e-03,1.268928e-03,5.637351e-04,6.233999e-03,1.325624e-03,1.115735e-03,2.888881e-01,9.100726e-03,1.595576e-02,5.212228e-04,1.515035e-03,3.293192e-01,2.128044e-01
1.083098e-02,9.306948e-02,1.714402e-02,3.958801e-02,8.323824e-03,2.144730e-02,1.062146e-03,4.765881e-03,3.422787e-01,7.236563e-03,1.240980e-02,4.050245e-04,1.175758e-03,2.517313e-01,1.885312e-01
2.835752e-02,7.151205e-02,7.557061e-02,9.038251e-02,1.819256e-02,2.478548e-02,8.319246e-04,8.578837e-03,2.899649e-01,6.243472e-03,1.108623e-02,3.281966e-04,9.623166e-04,1.907792e-01,1.824242e-01
2.652860e-02,5.245944e-02,5.685457e-02,6.568320e-02,1.345083e-02,1.955095e-02,5.951611e-04,6.076645e-03,2.289092e-01,5.019343e-03,8.808469e-03,2.654168e-04,7.897376e-04,1.412098e-01,3.737987e-01
2.506782e-02,3.732558e-02,4.297743e-02,4.638847e-02,9.754607e-03,1.598277e-02,4.401548e-04,4.416621e-03,1.791860e-01,4.533594e-03,8.143689e-03,2.873899e-04,8.843879e-04,1.134211e-01,5.111904e-01
2.525522e-02,2.688896e-02,3.675096e-02,3.289074e-02,7.338706e-03,1.446660e-02,3.289661e-04,3.323337e-03,1.354451e-01,5.458548e-03,8.411649e-03,5.113714e-04,1.464264e-03,9.945181e-02,6.020138e-01
2.804296e-02,1.959099e-02,3.042697e-02,2.356300e-02,6.947688e-03,1.257784e-02,3.026048e-04,2.969232e-03,1.118972e-01,6.216602e-03,8.209411e-03,4.940000e-04,1.375557e-03,1.220261e-01,6.253598e-01
3.210809e-02,1.523042e-02,2.312493e-02,1.720555e-02,1.394439e-02,1.168950e-02,3.911535e-04,1.905234e-02,1.062581e-01,9.529481e-03,7.592418e-03,1.177538e-03,1.466519e-03,1.344795e-01,6.067501e-01
2.846720e-02,1.182606e-02,1.887489e-02,1.419211e-02,1.774897e-02,9.009419e-03,4.561481e-04,1.914366e-02,9.470382e-02,1.381665e-02,6.635513e-03,1.302029e-03,1.358944e-03,1.183566e-01,6.441080e-01
2.593015e-02,9.451671e-03,1.664564e-02,1.095361e-02,1.617907e-02,6.828011e-03,4.119446e-04,1.764422e-02,9.763214e-02,2.645750e-02,5.630498e-03,1.392811e-03,1.136975e-03,1.215326e-01,6.421731e-01
3.397039e-02,9.316594e-03,1.683485e-02,1.218117e-02,1.608687e-02,6.764370e-03,1.369907e-03,2.678401e-02,1.043200e-01,3.248294e-02,1.049294e-02,1.821779e-03,2.560270e-03,1.380336e-01,5.869803e-01
5.152468e-02,9.357946e-03,1.682763e-02,1.175664e-02,1.832751e-02,6.626587e-03,1.374381e-03,3.780077e-02,1.257749e-01,4.948390e-02,2.008147e-02,4.504879e-03,1.031449e-02,1.384521e-01,4.977921e-01
8.675782e-02,9.089965e-03,1.566565e-02,1.193002e-02,2.946756e-02,1.238924e-02,3.169928e-03,5.246868e-02,1.293210e-01,3.808841e-02,2.494934e-02,4.419988e-03,1.096598e-02,2.130070e-01,3.583094e-01
1.137059e-01,8.961264e-03,1.502433e-02,1.051504e-02,2.773857e-02,1.477521e-02,3.953155e-03,5.472526e-02,1.194048e-01,3.729531e-02,2.929790e-02,4.276189e-03,1.027377e-02,2.901443e-01,2.599090e-01
1.708328e-01,1.625398e-02,1.746577e-02,1.164554e-02,3.630343e-02,1.520938e-02,4.682194e-03,7.554123e-02,1.259283e-01,3.464023e-02,2.781041e-02,6.168135e-03,1.209069e-02,2.578969e-01,1.875311e-01
1.371779e-01,6.246288e-02,1.632761e-02,4.274407e-02,3.284865e-02,1.217850e-02,3.443436e-03,5.708262e-02,2.223215e-01,2.910173e-02,2.985944e-02,7.394694e-03,1.975115e-02,1.847587e-01,1.425471e-01
1.229875e-01,6.463323e-02,2.397365e-02,1.056559e-01,3.905472e-02,1.054798e-02,3.015079e-03,4.985934e-02,2.701441e-01,2.272079e-02,2.606406e-02,7.473399e-03,1.850748e-02,1.314651e-01,1.038977e-01
8.886608e-02,5.427921e-02,2.924054e-02,3.068344e-01,3.008393e-02,7.813334e-03,2.172916e-03,3.537793e-02,2.204541e-01,1.736190e-02,1.921631e-02,5.655259e-03,1.345564e-02,9.228351e-02,7.690496e-02
8.625129e-02,7.190540e-02,2.588290e-02,2.825555e-01,2.833857e-02,7.258757e-03,1.713295e-03,2.704138e-02,2.839562e-01,1.892647e-02,1.593259e-02,4.869682e-03,1.016710e-02,6.527583e-02,6.992501e-02
7.375768e-02,5.901044e-02,2.616900e-02,2.521560e-01,2.604084e-02,6.019235e-03,1.356391e-03,1.257540e-01,2.809629e-01,1.482677e-02,2.610739e-02,3.815843e-03,8.177807e-03,4.584518e-02,5.000055e-02
5.819445e-02,4.195158e-02,2.079291e-02,1.815386e-01,2.029437e-02,4.604345e-03,1.056468e-03,3.563742e-01,2.080909e-01,1.068973e-02,2.011032e-02,2.955673e-03,6.015677e-03,3.212399e-02,3.520679e-02
4.250682e-02,3.015024e-02,1.547530e-02,1.313362e-01,1.484377e-02,3.701251e-03,7.657327e-04,5.367776e-01,1.474902e-01,7.617941e-03,1.542718e-02,2.192690e-03,4.321813e-03,2.252026e-02,2.487305e-02
3.107297e-02,2.130474e-02,1.184211e-02,9.345990e-02,1.087425e-02,3.026844e-03,5.773219e-04,6.677995e-01,1.044338e-01,5.401477e-03,1.194433e-02,1.668966e-03,3.274498e-03,1.581613e-02,1.750311e-02
2.367530e-02,1.526948e-02,8.821967e-03,6.645390e-02,9.253185e-03,2.385525e-03,4.521369e-04,7.592376e-01,7.462879e-02,3.851532e-03,8.915716e-03,1.223435e-03,2.413767e-03,1.111425e-02,1.230333e-02
1.952283e-02,1.097040e-02,7.089419e-03,5.039947e-02,7.590662e-03,2.131105e-03,3.526587e-04,8.198839e-01,5.323469e-02,2.724272e-03,6.888580e-03,9.177121e-04,1.807205e-03,7.822460e-03,8.664628e-03
1.806633e-02,7.851206e-03,5.359720e-03,3.687361e-02,5.618905e-03,1.905633e-03,2.835899e-04,8.649834e-01,3.813023e-02,1.928834e-03,5.161157e-03,7.743946e-04,1.386706e-03,5.548143e-03,6.128151e-03
1.602392e-02,5.852937e-03,4.189612e-03,2.689731e-02,4.162353e-03,1.687732e-03,2.561616e-04,8.981209e-01,2.727150e-02,1.374245e-03,3.919795e-03,6.704191e-04,1.081342e-03,4.058118e-03,4.433718e-03
1.560328e-02,4.677730e-03,3.404523e-03,1.938277e-02,3.336450e-03,1.566056e-03,3.146675e-04,9.191806e-01,2.070797e-02,1.014686e-03,2.983137e-03,6.180360e-04,8.776782e-04,2.981383e-03,3.351015e-03
1.878366e-02,3.924793e-03,2.773332e-03,1.414392e-02,2.549940e-03,1.653263e-03,3.961909e-04,9.309460e-01,1.561891e-02,7.667001e-04,2.298220e-03,6.835228e-04,7.702912e-04,2.160704e-03,2.530608e-03
2.855415e-02,3.029492e-03,5.309008e-03,1.177783e-02,2.183223e-03,5.122536e-03,1.044065e-03,9.226274e-01,1.188022e-02,6.051327e-04,2.204810e-03,8.072035e-04,8.444957e-04,1.745722e-03,2.264665e-03
4.413226e-02,2.331483e-03,8.891624e-03,1.007288e-02,2.107143e-03,6.438185e-03,2.163571e-03,9.066379e-01,9.152153e-03,5.385518e-04,2.201842e-03,9.712481e-04,9.797250e-04,1.371254e-03,2.010211e-03
4.383012e-02,1.831591e-03,9.008028e-03,8.914580e-03,2.243401e-03,6.119907e-03,2.646456e-03,9.087999e-01,7.704065e-03,6.314706e-04,2.586016e-03,1.117358e-03,1.251729e-03,1.142931e-03,2.172466e-03
6.451266e-02,3.030449e-03,1.289990e-02,8.675328e-03,3.373069e-03,8.597435e-03,2.354438e-03,8.263640e-01,3.098049e-02,4.192979e-03,1.399942e-02,5.084149e-03,4.664324e-03,6.418116e-03,4.853325e-03
4.718971e-02,2.531334e-03,9.678052e-03,7.108061e-03,2.645245e-03,6.901753e-03,1.766524e-03,6.485885e-01,4.114163e-02,4.214999e-02,9.232507e-02,3.933826e-02,1.534072e-02,3.838050e-02,4.914703e-03
3.351924e-02,2.166404e-03,6.912368e-03,6.348340e-03,2.038216e-03,5.274776e-03,1.321640e-03,4.598922e-01,9.240374e-02,1.272620e-01,9.528577e-02,4.832903e-02,3.404499e-02,7.849738e-02,6.703999e-03
2.373487e-02,1.822893e-03,5.020797e-03,8.752145e-03,1.639490e-03,3.841583e-03,1.031185e-03,3.228059e-01,7.277271e-02,1.674208e-01,8.853780e-02,4.802196e-02,1.157395e-01,1.070008e-01,3.185758e-02
1.676458e-02,1.605754e-03,4.011896e-03,1.223983e-02,1.936817e-03,2.783349e-03,1.032591e-03,2.264564e-01,1.180423e-01,1.705810e-01,7.841876e-02,4.763040e-02,1.847818e-01,8.268864e-02,5.102599e-02
1.176957e-02,1.312123e-03,3.204424e-03,8.732888e-03,1.668110e-03,2.025637e-03,7.668845e-04,1.585628e-01,8.452390e-02,3.450151e-01,5.828461e-02,4.229163e-02,1.647878e-01,6.737016e-02,4.968433e-02
8.258111e-03,9.445632e-04,2.289933e-03,6.254958e-03,1.716029e-03,1.443388e-03,6.053619e-04,1.110142e-01,5.982302e-02,4.832134e-01,4.415590e-02,4.330548e-02,1.356175e-01,5.120066e-02,5.015752e-02
6.033522e-03,8.396583e-04,1.684726e-03,4.818046e-03,5.634830e-03,1.339078e-03,4.798746e-04,7.782841e-02,4.572713e-02,5.489767e-01,3.641652e-02,4.308788e-02,1.238966e-01,3.912062e-02,6.411643e-02
4.279779e-03,6.432145e-04,1.332671e-03,3.640033e-03,5.849930e-03,1.024264e-03,3.946183e-04,5.450433e-02,3.294175e-02,5.050536e-01,2.886804e-02,4.826801e-02,1.228873e-01,2.947523e-02,1.608372e-01
3.060170e-03,5.617870e-04,1.146056e-03,2.729378e-03,1.078498e-02,7.954579e-04,3.258922e-04,3.825982e-02,2.407079e-02,4.010060e-01,3.109764e-02,6.596611e-02,1.611251e-01,2.564567e-02,2.334252e-01
2.260796e-03,6.612742e-04,1.808624e-03,2.910742e-03,2.350326e-02,7.861119e-04,5.404060e-04,2.797696e-02,2.014043e-02,3.621321e-01,3.521236e-02,9.187434e-02,2.060967e-01,2.086473e-02,2.032311e-01
1.752085e-03,1.013567e-03,3.645698e-03,3.640959e-03,3.140674e-02,8.637218e-04,6.536691e-04,2.087524e-02,2.211795e-02,3.155035e-01,4.495190e-02,1.345305e-01,2.341786e-01,2.290345e-02,1.619624e-01
2.029211e-03,1.309724e-02,3.038328e-02,3.831895e-03,6.251005e-02,1.474349e-03,1.690905e-03,1.865484e-02,4.997732e-02,2.556405e-01,5.020919e-02,1.191400e-01,1.941825e-01,7.472228e-02,1.224564e-01
4.384448e-03,1.034234e-02,3.221316e-02,8.801505e-03,5.938895e-02,3.117800e-02,2.918408e-03,2.475188e-02,3.887287e-02,2.178579e-01,7.456578e-02,1.456409e-01,1.735863e-01,6.933311e-02,1.061643e-01
5.717613e-03,8.115912e-03,2.703828e-02,2.040656e-02,6.113283e-02,5.046658e-02,2.885231e-03,2.702837e-02,3.370174e-02,1.886475e-01,9.733789e-02,1.714005e-01,1.686316e-01,5.428555e-02,8.320378e-02
1.194218e-02,6.221852e-03,2.136842e-02,4.457749e-02,8.523744e-02,8.229034e-02,5.853875e-03,4.900982e-02,3.109075e-02,1.795868e-01,9.549152e-02,1.412757e-01,1.375473e-01,4.294735e-02,6.555903e-02
1.712312e-02,5.226367e-03,1.822323e-02,4.566265e-02,8.381367e-02,9.066093e-02,4.958252e-03,4.413946e-02,2.931432e-02,2.058707e-01,9.892664e-02,1.425979e-01,1.174718e-01,4.572964e-02,5.028135e-02
1.781218e-02,6.570152e-03,1.925937e-02,3.762482e-02,1.109367e-01,8.668813e-02,4.949813e-03,3.959386e-02,4.250773e-02,2.373038e-01,8.524308e-02,1.269394e-01,1.019614e-01,4.134916e-02,4.126031e-02
2.053228e-02,1.636953e-02,1.872241e-02,3.424280e-02,9.747435e-02,9.427769e-02,5.692065e-03,4.282586e-02,5.764630e-02,2.413991e-01,7.210357e-02,1.251585e-01,8.791021e-02,5.091604e-02,3.472930e-02
2.316701e-02,2.458863e-02,1.988470e-02,2.936715e-02,1.216701e-01,8.101786e-02,5.125915e-03,4.103018e-02,9.922732e-02,1.802024e-01,6.010566e-02,1.542436e-01,8.780871e-02,4.631877e-02,2.624191e-02
3.651555e-02,2.341088e-02,2.203102e-02,2.380623e-02,1.665037e-01,6.822388e-02,1.963257e-02,6.937134e-02,9.104621e-02,1.314806e-01,5.563150e-02,1.364816e-01,8.982199e-02,4.204607e-02,2.399683e-02
4.190218e-02,2.458842e-02,3.911655e-02,2.212563e-02,2.194656e-01,6.946544e-02,2.937985e-02,5.564739e-02,8.574682e-02,1.015412e-01,4.919107e-02,1.132688e-01,9.348367e-02,3.488763e-02,2.018974e-02
4.742894e-02,3.028109e-02,4.538255e-02,2.065042e-02,2.220876e-01,1.050888e-01,2.889331e-02,4.220722e-02,9.082945e-02,7.971387e-02,4.814915e-02,8.824830e-02,9.916934e-02,3.042245e-02,2.144745e-02
6.425957e-02,3.642502e-02,4.230997e-02,2.047469e-02,2.293121e-01,1.401234e-01,2.833110e-02,3.507450e-02,8.102910e-02,6.316359e-02,4.983120e-02,6.581698e-02,8.370722e-02,4.158475e-02,1.855684e-02
7.068975e-02,4.095043e-02,3.957988e-02,1.499944e-01,1.784937e-01,1.067481e-01,2.059344e-02,2.691871e-02,8.229443e-02,5.093719e-02,4.002283e-02,4.746826e-02,7.046650e-02,3.086155e-02,4.398078e-02
8.834253e-02,4.324924e-02,3.919844e-02,1.190329e-01,1.983586e-01,1.290143e-01,2.123459e-02,2.994925e-02,9.546167e-02,3.853219e-02,3.639485e-02,3.910551e-02,5.971596e-02,2.492859e-02,3.748123e-02
1.141038e-01,5.077452e-02,3.041072e-02,1.023996e-01,1.788753e-01,1.156347e-01,1.816950e-02,2.455824e-02,1.298850e-01,3.261204e-02,3.155550e-02,3.070255e-02,6.859358e-02,1.846862e-02,5.325612e-02
1.026462e-01,6.935143e-02,2.301273e-02,8.610579e-02,1.466188e-01,1.347861e-01,1.413180e-02,2.252820e-02,2.125562e-01,2.528824e-02,2.429639e-02,2.382641e-02,5.712620e-02,1.321206e-02,4.451331e-02
8.595695e-02,6.693956e-02,1.735267e-02,6.963666e-02,1.186293e-01,1.725910e-01,1.213680e-02,2.072268e-02,2.899330e-01,1.977204e-02,1.794671e-02,1.752475e-02,4.697871e-02,9.418247e-03,3.446077e-02
6.792457e-02,5.757042e-02,1.250353e-02,5.078896e-02,9.857027e-02,2.522043e-01,1.072121e-02,2.173017e-02,3.189707e-01,1.441871e-02,1.280771e-02,1.364517e-02,3.563962e-02,6.692932e-03,2.581166e-02
5.412235e-02,4.255951e-02,8.857126e-03,3.592225e-02,9.460376e-02,3.882119e-01,9.952022e-03,3.066135e-02,2.571256e-01,1.019775e-02,9.029329e-03,1.001971e-02,2.547279e-02,4.850248e-03,1.841431e-02
4.992324e-02,3.128074e-02,6.361468e-03,2.694830e-02,8.827728e-02,4.978942e-01,1.043065e-02,2.647473e-02,2.057716e-01,7.381381e-03,6.445730e-03,7.318858e-03,1.814032e-02,3.471146e-03,1.388031e-02
6.385658e-02,4.022391e-02,7.934310e-03,4.486827e-02,9.810336e-02,4.545340e-01,1.497127e-02,3.116470e-02,1.859489e-01,8.329924e-03,5.001428e-03,5.534766e-03,1.333135e-02,2.568474e-03,2.362879e-02
7.231835e-02,5.342683e-02,2.067453e-02,1.181027e-01,1.056008e-01,3.565631e-01,1.522476e-02,2.729139e-02,1.511756e-01,9.148172e-03,3.910837e-03,4.412107e-03,1.040668e-02,1.895586e-03,4.984851e-02
9.522077e-02,5.901486e-02,1.805714e-02,1.059407e-01,1.161801e-01,3.312162e-01,2.186940e-02,2.105210e-02,1.444677e-01,7.832419e-03,3.335847e-03,3.354471e-03,8.435956e-03,1.533747e-03,6.248862e-02
1.843774e-01,6.464060e-02,1.775886e-02,1.021181e-01,1.001827e-01,2.815240e-01,2.003960e-02,1.668523e-02,1.258364e-01,7.472830e-03,3.956967e-03,4.058374e-03,8.944634e-03,1.840140e-03,6.056411e-02
2.615643e-01,6.668101e-02,1.470221e-02,8.674321e-02,8.854665e-02,2.439241e-01,1.777949e-02,1.288958e-02,1.266075e-01,7.127625e-03,4.240314e-03,4.094943e-03,9.488261e-03,2.379723e-03,5.323107e-02
3.403278e-01,6.115725e-02,1.209026e-02,6.906583e-02,7.761266e-02,1.967752e-01,1.493819e-02,1.113752e-02,1.406127e-01,5.692597e-03,6.026747e-03,4.528357e-03,1.203341e-02,3.960552e-03,4.404097e-02
4.451714e-01,4.650135e-02,9.403070e-03,5.235818e-02,5.965668e-02,1.676021e-01,1.215268e-02,9.862619e-03,1.275261e-01,4.196167e-03,8.116578e-03,8.291926e-03,1.340492e-02,3.466516e-03,3.228965e-02
4.940294e-01,3.555976e-02,8.491101e-03,3.916868e-02,4.489044e-02,1.820225e-01,1.057406e-02,1.103218e-02,1.054835e-01,3.383484e-03,8.508183e-03,1.457127e-02,1.508527e-02,2.654091e-03,2.454604e-02
1.000000e+00,0.000000e+00,0.000000e+00,0.000000e+00,0.000000e+00,0.000000e+00,0.000000e+00,0.000000e+00,0.000000e+00,0.000000e+00,0.000000e+00,0.000000e+00,0.000000e+00,0.000000e+00,0.000000e+00
1.000000e+00,0.000000e+00,0.000000e+00,0.000000e+00,0.000000e+00,0.000000e+00,0.000000e+00,0.000000e+00,0.000000e+00,0.000000e+00,0.000000e+00,0.000000e+00,0.000000e+00,0.000000e+00,0.000000e+00
4.502890e-01,1.649678e-02,5.433240e-03,1.886750e-02,1.909999e-02,7.734644e-02,4.929384e-03,6.094849e-03,4.201764e-02,2.235127e-03,2.897709e-01,3.339774e-02,1.261639e-02,6.031808e-03,1.537311e-02
3.155692e-01,1.158988e-02,3.833259e-03,1.325356e-02,1.341072e-02,5.432532e-02,3.463879e-03,4.299632e-03,2.958335e-02,1.634678e-03,4.930242e-01,2.793145e-02,8.881074e-03,8.330839e-03,1.086897e-02
2.221757e-01,8.146603e-03,2.974796e-03,9.398209e-03,9.453470e-03,4.121653e-02,2.478159e-03,3.075992e-03,2.141185e-02,1.253849e-03,6.329075e-01,2.206345e-02,6.282210e-03,9.253307e-03,7.908399e-03
1.557803e-01,8.411584e-03,3.201473e-03,7.048604e-03,6.831593e-03,3.252526e-02,1.804672e-03,2.351349e-03,3.112617e-02,1.391254e-03,6.963255e-01,2.010945e-02,4.466087e-03,2.162123e-02,7.005433e-03
1.102561e-01,8.576185e-03,6.252723e-03,5.272085e-03,5.098111e-03,5.751978e-02,1.399679e-03,1.816779e-03,2.535079e-02,1.297222e-03,7.234234e-01,1.584620e-02,3.197033e-03,2.880920e-02,5.884646e-03
7.819857e-02,9.092627e-03,8.217556e-03,3.866902e-03,3.782939e-03,2.799371e-01,1.042290e-03,1.450751e-03,2.000520e-02,1.630616e-03,5.314595e-01,1.169156e-02,2.385344e-03,4.258000e-02,4.659034e-03
5.605857e-02,9.445065e-03,1.726486e-02,4.773102e-03,3.421746e-03,3.125903e-01,7.972145e-04,1.475280e-03,1.904598e-02,2.870221e-03,5.070746e-01,1.038343e-02,2.730019e-03,4.794506e-02,4.124488e-03
4.137401e-02,8.474819e-03,2.525916e-02,4.595392e-03,2.855069e-03,4.372808e-01,6.425949e-04,4.594603e-03,1.515900e-02,2.753329e-03,4.020028e-01,7.959922e-03,2.217678e-03,4.141320e-02,3.417606e-03
3.030946e-02,6.840406e-03,2.359349e-02,4.492577e-03,2.394932e-03,5.557982e-01,6.396923e-04,7.843892e-03,1.385205e-02,3.362217e-03,3.052264e-01,5.789025e-03,1.955744e-03,3.481217e-02,3.089708e-03
2.579727e-02,7.588313e-03,4.870559e-02,7.328404e-03,2.566151e-03,5.416789e-01,1.146642e-03,1.724155e-02,1.394338e-02,5.429499e-03,2.872629e-01,4.462276e-03,2.131608e-03,3.146635e-02,3.251096e-03
2.491955e-02,1.004384e-02,6.090645e-02,9.055592e-03,3.003250e-03,5.614315e-01,1.434675e-03,2.914770e-02,1.332646e-02,5.587263e-03,2.361340e-01,3.478556e-03,1.982475e-03,3.650768e-02,3.040901e-03
3.123302e-02,1.403875e-02,7.473515e-02,1.121078e-02,6.368811e-03,4.555247e-01,1.999452e-03,5.406742e-02,5.224261e-02,7.807449e-03,2.094703e-01,3.751880e-03,2.104081e-03,7.173280e-02,3.712835e-03
2.692033e-02,1.388846e-02,6.565680e-02,9.259084e-03,5.037076e-03,4.410895e-01,1.674864e-03,4.293929e-02,5.364759e-02,6.880859e-03,2.066307e-01,3.718195e-03,1.839840e-03,1.174491e-01,3.368265e-03
4.318460e-02,1.415821e-02,5.692601e-02,7.627906e-03,4.397482e-03,3.750981e-01,1.542405e-03,3.238904e-02,7.252631e-02,5.866446e-03,2.150533e-01,3.926337e-03,1.630337e-03,1.620663e-01,3.607194e-03
6.445637e-02,1.348807e-02,4.712746e-02,6.461420e-03,3.693294e-03,3.130735e-01,1.673887e-03,2.613139e-02,8.901246e-02,5.049068e-03,2.185015e-01,4.817075e-03,1.465866e-03,2.011130e-01,3.935608e-03
6.759220e-02,1.302561e-02,4.089572e-02,6.874802e-03,3.302419e-03,2.276124e-01,1.347573e-03,2.165447e-02,1.249025e-01,3.930334e-03,1.994665e-01,4.934364e-03,1.213572e-03,2.798935e-01,3.354072e-03
9.179910e-02,2.039391e-02,3.823317e-02,6.943560e-03,5.002844e-03,1.666414e-01,1.082799e-03,1.737365e-02,1.688730e-01,2.927832e-03,1.662715e-01,4.689543e-03,1.084580e-03,3.051009e-01,3.582224e-03
9.220783e-02,2.480327e-02,3.303536e-02,5.859512e-03,6.094746e-03,1.231296e-01,8.184767e-04,1.313488e-02,2.448415e-01,2.257520e-03,1.461254e-01,4.027752e-03,9.403815e-04,2.988551e-01,3.868589e-03
6.749342e-02,1.947768e-02,2.340030e-02,4.388171e-03,4.722335e-03,1.147899e-01,6.147731e-04,9.332130e-03,1.840759e-01,1.904644e-03,2.292993e-01,7.871156e-03,7.851230e-04,3.235483e-01,8.296861e-03
4.759921e-02,1.380409e-02,1.646243e-02,3.088724e-03,3.333243e-03,1.314905e-01,4.416222e-04,6.562777e-03,1.307394e-01,1.373427e-03,2.352686e-01,6.191034e-03,5.680597e-04,3.943284e-01,8.748462e-03
