1.000000e+00,0.000000e+00,0.000000e+00,0.000000e+00,0.000000e+00,0.000000e+00,0.000000e+00,0.000000e+00,0.000000e+00,0.000000e+00,0.000000e+00,0.000000e+00,0.000000e+00,0.000000e+00,0.000000e+00
1.000000e+00,0.000000e+00,0.000000e+00,0.000000e+00,0.000000e+00,0.000000e+00,0.000000e+00,0.000000e+00,0.000000e+00,0.000000e+00,0.000000e+00,0.000000e+00,0.000000e+00,0.000000e+00,0.000000e+00
1.000000e+00,0.000000e+00,0.000000e+00,0.000000e+00,0.000000e+00,0.000000e+00,0.000000e+00,0.000000e+00,0.000000e+00,0.000000e+00,0.000000e+00,0.000000e+00,0.000000e+00,0.000000e+00,0.000000e+00
1.000000e+00,0.000000e+00,0.000000e+00,0.000000e+00,0.000000e+00,0.000000e+00,0.000000e+00,0.000000e+00,0.000000e+00,0.000000e+00,0.000000e+00,0.000000e+00,0.000000e+00,0.000000e+00,0.000000e+00
1.000000e+00,0.000000e+00,0.000000e+00,0.000000e+00,0.000000e+00,0.000000e+00,0.000000e+00,0.000000e+00,0.000000e+00,0.000000e+00,0.000000e+00,0.000000e+00,0.000000e+00,0.000000e+00,0.000000e+00
1.000000e+00,0.000000e+00,0.000000e+00,0.000000e+00,0.000000e+00,0.000000e+00,0.000000e+00,0.000000e+00,0.000000e+00,0.000000e+00,0.000000e+00,0.000000e+00,0.000000e+00,0.000000e+00,0.000000e+00
1.000000e+00,0.000000e+00,0.000000e+00,0.000000e+00,0.000000e+00,0.000000e+00,0.000000e+00,0.000000e+00,0.000000e+00,0.000000e+00,0.000000e+00,0.000000e+00,0.000000e+00,0.000000e+00,0.000000e+00
1.000000e+00,0.000000e+00,0.000000e+00,0.000000e+00,0.000000e+00,0.000000e+00,0.000000e+00,0.000000e+00,0.000000e+00,0.000000e+00,0.000000e+00,0.000000e+00,0.000000e+00,0.000000e+00,0.000000e+00
1.000000e+00,0.000000e+00,0.000000e+00,0.000000e+00,0.000000e+00,0.000000e+00,0.000000e+00,0.000000e+00,0.000000e+00,0.000000e+00,0.000000e+00,0.000000e+00,0.000000e+00,0.000000e+00,0.000000e+00
1.000000e+00,0.000000e+00,0.000000e+00,0.000000e+00,0.000000e+00,0.000000e+00,0.000000e+00,0.000000e+00,0.000000e+00,0.000000e+00,0.000000e+00,0.000000e+00,0.000000e+00,0.000000e+00,0.000000e+00
1.000000e+00,0.000000e+00,0.000000e+00,0.000000e+00,0.000000e+00,0.000000e+00,0.000000e+00,0.000000e+00,0.000000e+00,0.000000e+00,0.000000e+00,0.000000e+00,0.000000e+00,0.000000e+00,0.000000e+00
1.000000e+00,0.000000e+00,0.000000e+00,0.000000e+00,0.000000e+00,0.000000e+00,0.000000e+00,0.000000e+00,0.000000e+00,0.000000e+00,0.000000e+00,0.000000e+00,0.000000e+00,0.000000e+00,0.000000e+00
1.000000e+00,0.000000e+00,0.000000e+00,0.000000e+00,0.000000e+00,0.000000e+00,0.000000e+00,0.000000e+00,0.000000e+00,0.000000e+00,0.000000e+00,0.000000e+00,0.000000e+00,0.000000e+00,0.000000e+00
1.000000e+00,0.000000e+00,0.000000e+00,0.000000e+00,0.000000e+00,0.000000e+00,0.000000e+00,0.000000e+00,0.000000e+00,0.000000e+00,0.000000e+00,0.000000e+00,0.000000e+00,0.000000e+00,0.000000e+00
1.000000e+00,0.000000e+00,0.000000e+00,0.000000e+00,0.000000e+00,0.000000e+00,0.000000e+00,0.000000e+00,0.000000e+00,0.000000e+00,0.000000e+00,0.000000e+00,0.000000e+00,0.000000e+00,0.000000e+00
1.000000e+00,0.000000e+00,0.000000e+00,0.000000e+00,0.000000e+00,0.000000e+00,0.000000e+00,0.000000e+00,0.000000e+00,0.000000e+00,0.000000e+00,0.000000e+00,0.000000e+00,0.000000e+00,0.000000e+00
1.000000e+00,0.000000e+00,0.000000e+00,0.000000e+00,0.000000e+00,0.000000e+00,0.000000e+00,0.000000e+00,0.000000e+00,0.000000e+00,0.000000e+00,0.000000e+00,0.000000e+00,0.000000e+00,0.000000e+00
1.000000e+00,0.000000e+00,0.000000e+00,0.000000e+00,0.000000e+00,0.000000e+00,0.000000e+00,0.000000e+00,0.000000e+00,0.000000e+00,0.000000e+00,0.000000e+00,0.000000e+00,0.000000e+00,0.000000e+00
1.000000e+00,0.000000e+00,0.000000e+00,0.000000e+00,0.000000e+00,0.000000e+00,0.000000e+00,0.000000e+00,0.000000e+00,0.000000e+00,0.000000e+00,0.000000e+00,0.000000e+00,0.000000e+00,0.000000e+00
1.000000e+00,0.000000e+00,0.000000e+00,0.000000e+00,0.000000e+00,0.000000e+00,0.000000e+00,0.000000e+00,0.000000e+00,0.000000e+00,0.000000e+00,0.000000e+00,0.000000e+00,0.000000e+00,0.000000e+00
1.000000e+00,0.000000e+00,0.000000e+00,0.000000e+00,0.000000e+00,0.000000e+00,0.000000e+00,0.000000e+00,0.000000e+00,0.000000e+00,0.000000e+00,0.000000e+00,0.000000e+00,0.000000e+00,0.000000e+00
1.000000e+00,0.000000e+00,0.000000e+00,0.000000e+00,0.000000e+00,0.000000e+00,0.000000e+00,0.000000e+00,0.000000e+00,0.000000e+00,0.000000e+00,0.000000e+00,0.000000e+00,0.000000e+00,0.000000e+00
1.000000e+00,0.000000e+00,0.000000e+00,0.000000e+00,0.000000e+00,0.000000e+00,0.000000e+00,0.000000e+00,0.000000e+00,0.000000e+00,0.000000e+00,0.000000e+00,0.000000e+00,0.000000e+00,0.000000e+00
1.000000e+00,0.000000e+00,0.000000e+00,0.000000e+00,0.000000e+00,0.000000e+00,0.000000e+00,0.000000e+00,0.000000e+00,0.000000e+00,0.000000e+00,0.000000e+00,0.000000e+00,0.000000e+00,0.000000e+00
1.000000e+00,0.000000e+00,0.000000e+00,0.000000e+00,0.000000e+00,0.000000e+00,0.000000e+00,0.000000e+00,0.000000e+00,0.000000e+00,0.000000e+00,0.000000e+00,0.000000e+00,0.000000e+00,0.000000e+00
1.000000e+00,0.000000e+00,0.000000e+00,0.000000e+00,0.000000e+00,0.000000e+00,0.000000e+00,0.000000e+00,0.000000e+00,0.000000e+00,0.000000e+00,0.000000e+00,0.000000e+00,0.000000e+00,0.000000e+00
1.000000e+00,0.000000e+00,0.000000e+00,0.000000e+00,0.000000e+00,0.000000e+00,0.000000e+00,0.000000e+00,0.000000e+00,0.000000e+00,0.000000e+00,0.000000e+00,0.000000e+00,0.000000e+00,0.000000e+00
1.000000e+00,0.000000e+00,0.000000e+00,0.000000e+00,0.000000e+00,0.000000e+00,0.000000e+00,0.000000e+00,0.000000e+00,0.000000e+00,0.000000e+00,0.000000e+00,0.000000e+00,0.000000e+00,0.000000e+00
1.000000e+00,0.000000e+00,0.000000e+00,0.000000e+00,0.000000e+00,0.000000e+00,0.000000e+00,0.000000e+00,0.000000e+00,0.000000e+00,0.000000e+00,0.000000e+00,0.000000e+00,0.000000e+00,0.000000e+00
1.000000e+00,0.000000e+00,0.000000e+00,0.000000e+00,0.000000e+00,0.000000e+00,0.000000e+00,0.000000e+00,0.000000e+00,0.000000e+00,0.000000e+00,0.000000e+00,0.000000e+00,0.000000e+00,0.000000e+00
1.000000e+00,0.000000e+00,0.000000e+00,0.000000e+00,0.000000e+00,0.000000e+00,0.000000e+00,0.000000e+00,0.000000e+00,0.000000e+00,0.000000e+00,0.000000e+00,0.000000e+00,0.000000e+00,0.000000e+00
1.000000e+00,0.000000e+00,0.000000e+00,0.000000e+00,0.000000e+00,0.000000e+00,0.000000e+00,0.000000e+00,0.000000e+00,0.000000e+00,0.000000e+00,0.000000e+00,0.000000e+00,0.000000e+00,0.000000e+00
1.000000e+00,0.000000e+00,0.000000e+00,0.000000e+00,0.000000e+00,0.000000e+00,0.000000e+00,0.000000e+00,0.000000e+00,0.000000e+00,0.000000e+00,0.000000e+00,0.000000e+00,0.000000e+00,0.000000e+00
1.000000e+00,0.000000e+00,0.000000e+00,0.000000e+00,0.000000e+00,0.000000e+00,0.000000e+00,0.000000e+00,0.000000e+00,0.000000e+00,0.000000e+00,0.000000e+00,0.000000e+00,0.000000e+00,0.000000e+00
1.000000e+00,0.000000e+00,0.000000e+00,0.000000e+00,0.000000e+00,0.000000e+00,0.000000e+00,0.000000e+00,0.000000e+00,0.000000e+00,0.000000e+00,0.000000e+00,0.000000e+00,0.000000e+00,0.000000e+00
1.000000e+00,0.000000e+00,0.000000e+00,0.000000e+00,0.000000e+00,0.000000e+00,0.000000e+00,0.000000e+00,0.000000e+00,0.000000e+00,0.000000e+00,0.000000e+00,0.000000e+00,0.000000e+00,0.000000e+00
1.000000e+00,0.000000e+00,0.000000e+00,0.000000e+00,0.000000e+00,0.000000e+00,0.000000e+00,0.000000e+00,0.000000e+00,0.000000e+00,0.000000e+00,0.000000e+00,0.000000e+00,0.000000e+00,0.000000e+00
1.000000e+00,0.000000e+00,0.000000e+00,0.000000e+00,0.000000e+00,0.000000e+00,0.000000e+00,0.000000e+00,0.000000e+00,0.000000e+00,0.000000e+00,0.000000e+00,0.000000e+00,0.000000e+00,0.000000e+00
1.000000e+00,0.000000e+00,0.000000e+00,0.000000e+00,0.000000e+00,0.000000e+00,0.000000e+00,0.000000e+00,0.000000e+00,0.000000e+00,0.000000e+00,0.000000e+00,0.000000e+00,0.000000e+00,0.000000e+00
1.000000e+00,0.000000e+00,0.000000e+00,0.000000e+00,0.000000e+00,0.000000e+00,0.000000e+00,0.000000e+00,0.000000e+00,0.000000e+00,0.000000e+00,0.000000e+00,0.000000e+00,0.000000e+00,0.000000e+00
1.000000e+00,0.000000e+00,0.000000e+00,0.000000e+00,0.000000e+00,0.000000e+00,0.000000e+00,0.000000e+00,0.000000e+00,0.000000e+00,0.000000e+00,0.000000e+00,0.000000e+00,0.000000e+00,0.000000e+00
1.000000e+00,0.000000e+00,0.000000e+00,0.000000e+00,0.000000e+00,0.000000e+00,0.000000e+00,0.000000e+00,0.000000e+00,0.000000e+00,0.000000e+00,0.000000e+00,0.000000e+00,0.000000e+00,0.000000e+00
1.000000e+00,0.000000e+00,0.000000e+00,0.000000e+00,0.000000e+00,0.000000e+00,0.000000e+00,0.000000e+00,0.000000e+00,0.000000e+00,0.000000e+00,0.000000e+00,0.000000e+00,0.000000e+00,0.000000e+00
1.000000e+00,0.000000e+00,0.000000e+00,0.000000e+00,0.000000e+00,0.000000e+00,0.000000e+00,0.000000e+00,0.000000e+00,0.000000e+00,0.000000e+00,0.000000e+00,0.000000e+00,0.000000e+00,0.000000e+00
1.000000e+00,0.000000e+00,0.000000e+00,0.000000e+00,0.000000e+00,0.000000e+00,0.000000e+00,0.000000e+00,0.000000e+00,0.000000e+00,0.000000e+00,0.000000e+00,0.000000e+00,0.000000e+00,0.000000e+00
1.000000e+00,0.000000e+00,0.000000e+00,0.000000e+00,0.000000e+00,0.000000e+00,0.000000e+00,0.000000e+00,0.000000e+00,0.000000e+00,0.000000e+00,0.000000e+00,0.000000e+00,0.000000e+00,0.000000e+00
1.000000e+00,0.000000e+00,0.000000e+00,0.000000e+00,0.000000e+00,0.000000e+00,0.000000e+00,0.000000e+00,0.000000e+00,0.000000e+00,0.000000e+00,0.000000e+00,0.000000e+00,0.000000e+00,0.000000e+00
1.000000e+00,0.000000e+00,0.000000e+00,0.000000e+00,0.000000e+00,0.000000e+00,0.000000e+00,0.000000e+00,0.000000e+00,0.000000e+00,0.000000e+00,0.000000e+00,0.000000e+00,0.000000e+00,0.000000e+00
1.000000e+00,0.000000e+00,0.000000e+00,0.000000e+00,0.000000e+00,0.000000e+00,0.000000e+00,0.000000e+00,0.000000e+00,0.000000e+00,0.000000e+00,0.000000e+00,0.000000e+00,0.000000e+00,0.000000e+00
1.000000e+00,0.000000e+00,0.000000e+00,0.000000e+00,0.000000e+00,0.000000e+00,0.000000e+00,0.000000e+00,0.000000e+00,0.000000e+00,0.000000e+00,0.000000e+00,0.000000e+00,0.000000e+00,0.000000e+00
1.000000e+00,0.000000e+00,0.000000e+00,0.000000e+00,0.000000e+00,0.000000e+00,0.000000e+00,0.000000e+00,0.000000e+00,0.000000e+00,0.000000e+00,0.000000e+00,0.000000e+00,0.000000e+00,0.000000e+00
1.000000e+00,0.000000e+00,0.000000e+00,0.000000e+00,0.000000e+00,0.000000e+00,0.000000e+00,0.000000e+00,0.000000e+00,0.000000e+00,0.000000e+00,0.000000e+00,0.000000e+00,0.000000e+00,0.000000e+00
1.000000e+00,0.000000e+00,0.000000e+00,0.000000e+00,0.000000e+00,0.000000e+00,0.000000e+00,0.000000e+00,0.000000e+00,0.000000e+00,0.000000e+00,0.000000e+00,0.000000e+00,0.000000e+00,0.000000e+00
1.000000e+00,0.000000e+00,0.000000e+00,0.000000e+00,0.000000e+00,0.000000e+00,0.000000e+00,0.000000e+00,0.000000e+00,0.000000e+00,0.000000e+00,0.000000e+00,0.000000e+00,0.000000e+00,0.000000e+00
1.000000e+00,0.000000e+00,0.000000e+00,0.000000e+00,0.000000e+00,0.000000e+00,0.000000e+00,0.000000e+00,0.000000e+00,0.000000e+00,0.000000e+00,0.000000e+00,0.000000e+00,0.000000e+00,0.000000e+00
1.000000e+00,0.000000e+00,0.000000e+00,0.000000e+00,0.000000e+00,0.000000e+00,0.000000e+00,0.000000e+00,0.000000e+00,0.000000e+00,0.000000e+00,0.000000e+00,0.000000e+00,0.000000e+00,0.000000e+00
1.000000e+00,0.000000e+00,0.000000e+00,0.000000e+00,0.000000e+00,0.000000e+00,0.000000e+00,0.000000e+00,0.000000e+00,0.000000e+00,0.000000e+00,0.000000e+00,0.000000e+00,0.000000e+00,0.000000e+00
1.000000e+00,0.000000e+00,0.000000e+00,0.000000e+00,0.000000e+00,0.000000e+00,0.000000e+00,0.000000e+00,0.000000e+00,0.000000e+00,0.000000e+00,0.000000e+00,0.000000e+00,0.000000e+00,0.000000e+00
1.000000e+00,0.000000e+00,0.000000e+00,0.000000e+00,0.000000e+00,0.000000e+00,0.000000e+00,0.000000e+00,0.000000e+00,0.000000e+00,0.000000e+00,0.000000e+00,0.000000e+00,0.000000e+00,0.000000e+00
1.000000e+00,0.000000e+00,0.000000e+00,0.000000e+00,0.000000e+00,0.000000e+00,0.000000e+00,0.000000e+00,0.000000e+00,0.000000e+00,0.000000e+00,0.000000e+00,0.000000e+00,0.000000e+00,0.000000e+00
3.548710e-01,5.174148e-03,7.352697e-03,2.217102e-02,3.524485e-03,7.746181e-03,2.114784e-03,5.713131e-01,1.599884e-03,7.153286e-04,5.619207e-03,7.430470e-03,5.118992e-03,8.870216e-04,4.361723e-03
2.486016e-01,3.647947e-03,5.233737e-03,1.562131e-02,2.766571e-03,5.499634e-03,1.633831e-03,6.988300e-01,1.128055e-03,5.021040e-04,3.981937e-03,5.212987e-03,3.607930e-03,6.648430e-04,3.067513e-03
1.741679e-01,2.562033e-03,3.679529e-03,1.097148e-02,2.387829e-03,3.890561e-03,1.258343e-03,7.883003e-01,7.952083e-04,3.519979e-04,2.808944e-03,3.654006e-03,2.549228e-03,4.718089e-04,2.150896e-03
1.220666e-01,1.797265e-03,2.583721e-03,7.717233e-03,2.141625e-03,2.765851e-03,9.557617e-04,8.509488e-01,5.643232e-04,2.470480e-04,1.989078e-03,2.563145e-03,1.816766e-03,3.338592e-04,1.508962e-03
8.557208e-02,1.260991e-03,1.813224e-03,5.435567e-03,1.805390e-03,1.978915e-03,7.370985e-04,8.949524e-01,4.018307e-04,1.740815e-04,1.412685e-03,1.810831e-03,1.346696e-03,2.378008e-04,1.060459e-03
5.995274e-02,8.916704e-04,1.319661e-03,3.860355e-03,1.645793e-03,1.568081e-03,5.612720e-04,9.248512e-01,2.915982e-04,1.242440e-04,1.402802e-03,1.308101e-03,1.266601e-03,1.964966e-04,7.593346e-04
4.203885e-02,6.333034e-04,9.974930e-04,2.766852e-03,1.753697e-03,1.348858e-03,4.561555e-04,9.457679e-01,2.156614e-04,9.150321e-05,1.151470e-03,9.473627e-04,1.118320e-03,1.517935e-04,5.607741e-04
2.959139e-02,4.478303e-04,7.225609e-04,1.959439e-03,1.695979e-03,9.699321e-04,4.016788e-04,9.611166e-01,1.598133e-04,6.661373e-05,8.278760e-04,6.728859e-04,8.534418e-04,1.085461e-04,4.054220e-04
2.109697e-02,3.187117e-04,5.407550e-04,1.391394e-03,1.767935e-03,7.084771e-04,3.841028e-04,9.714924e-01,1.214611e-04,5.000626e-05,6.041824e-04,4.848835e-04,6.684129e-04,7.798197e-05,2.923213e-04
1.515977e-02,2.283194e-04,4.277303e-04,9.877519e-04,1.676119e-03,5.303233e-04,4.516496e-04,9.788089e-01,9.491888e-05,3.806835e-05,4.397996e-04,3.583312e-04,5.298823e-04,5.614232e-05,2.122623e-04
1.108779e-02,1.649427e-04,4.207420e-04,7.090393e-04,1.415434e-03,4.344142e-04,6.106516e-04,9.836856e-01,7.764426e-05,3.229519e-05,3.425955e-04,3.108622e-04,4.980799e-04,4.544259e-05,1.644262e-04
8.806357e-03,1.287129e-04,3.555403e-04,5.211191e-04,2.028642e-03,3.760093e-04,6.378931e-04,9.858521e-01,1.020500e-04,2.861371e-05,2.708665e-04,2.632154e-04,4.592952e-04,3.656328e-05,1.330371e-04
7.197171e-03,1.103063e-04,3.153371e-04,3.872472e-04,2.173609e-03,4.033762e-04,1.423553e-03,9.865223e-01,1.190341e-04,3.213463e-05,2.397566e-04,3.362264e-04,5.711874e-04,3.893876e-05,1.298386e-04
6.820641e-03,1.148787e-04,2.815436e-04,3.097775e-04,2.691507e-03,4.647001e-04,1.591942e-03,9.860682e-01,1.276165e-04,4.315066e-05,2.180130e-04,3.817488e-04,7.047721e-04,3.757163e-05,1.439863e-04
7.360773e-03,1.172236e-04,2.522436e-04,2.527451e-04,2.750445e-03,4.772708e-04,1.518808e-03,9.858245e-01,1.044605e-04,4.078547e-05,1.892273e-04,3.076001e-04,6.097212e-04,3.167910e-05,1.626119e-04
8.591572e-03,1.085973e-04,2.215946e-04,2.261009e-04,2.351986e-03,4.362213e-04,1.203822e-03,9.855589e-01,9.354063e-05,3.513442e-05,1.789096e-04,2.429526e-04,5.194227e-04,2.888302e-05,2.024426e-04
1.536114e-02,4.175085e-04,4.335586e-04,4.192784e-04,3.575062e-03,6.011942e-04,1.017120e-03,9.715805e-01,6.896136e-04,5.615458e-04,1.146515e-03,6.342740e-04,2.362564e-03,1.215740e-04,1.078592e-03
2.610444e-02,1.035312e-02,7.159431e-04,3.703267e-03,8.042535e-03,2.139058e-03,1.518021e-03,8.594443e-01,1.657280e-02,2.055663e-03,3.872551e-03,6.995265e-03,3.010653e-02,6.059544e-04,2.777063e-02
2.710832e-02,9.896542e-03,9.226188e-04,6.390423e-03,2.114173e-02,6.094652e-03,7.951186e-03,7.264650e-01,2.444016e-02,2.627499e-03,5.718302e-03,1.071561e-02,1.244315e-01,5.504341e-04,2.554604e-02
2.375076e-02,4.285720e-02,1.204394e-03,1.490266e-02,1.735953e-02,6.399276e-03,6.149650e-03,5.175975e-01,2.032683e-01,2.481291e-03,5.403921e-03,1.333896e-02,1.132730e-01,1.265394e-03,3.074818e-02
2.621847e-02,4.477051e-02,1.359144e-03,1.994742e-02,1.407902e-02,1.678297e-02,4.856605e-03,3.669246e-01,2.136727e-01,2.285010e-03,2.037957e-02,1.852075e-02,2.174364e-01,1.225461e-03,3.154142e-02
2.206526e-02,3.330346e-02,1.828429e-03,1.719888e-02,1.580086e-02,1.570386e-02,4.823540e-03,2.591269e-01,1.820529e-01,1.843375e-03,4.593715e-02,1.670391e-02,3.384632e-01,1.024474e-03,4.412374e-02
1.921637e-02,2.396776e-02,1.963911e-03,1.253169e-02,1.415539e-02,1.461018e-02,4.029375e-03,1.820035e-01,1.380925e-01,1.963498e-03,3.583134e-02,2.081471e-02,4.752280e-01,2.348883e-03,5.324293e-02
1.561373e-02,1.702957e-02,1.641805e-03,8.970392e-03,1.593782e-02,1.115626e-02,3.099004e-03,1.280443e-01,1.061494e-01,1.495827e-03,3.052277e-02,1.887688e-02,5.689793e-01,2.176788e-03,7.030623e-02
1.366352e-02,1.229495e-02,1.529985e-03,6.790077e-03,1.933090e-02,1.159425e-02,2.632609e-03,9.073366e-02,8.056389e-02,1.395404e-03,2.817061e-02,1.919554e-02,6.076548e-01,2.486963e-03,1.019628e-01
1.188223e-02,8.799903e-03,1.554838e-03,5.206517e-03,1.637512e-02,2.326535e-02,2.082738e-03,6.407078e-02,5.892760e-02,1.263371e-03,2.356967e-02,3.517080e-02,6.558256e-01,2.550279e-03,8.945525e-02
1.137108e-02,6.356475e-03,1.588011e-03,4.167680e-03,1.548147e-02,2.682741e-02,1.738576e-03,4.555183e-02,4.297745e-02,1.101990e-03,2.323414e-02,5.214062e-02,6.972183e-01,2.229493e-03,6.801552e-02
8.982199e-03,4.628758e-03,1.191138e-03,3.084871e-03,1.392897e-02,2.422083e-02,1.289011e-03,3.192090e-02,3.129758e-02,9.765273e-04,2.362984e-02,6.561792e-02,7.379050e-01,1.930988e-03,4.939552e-02
7.294307e-03,3.302524e-03,9.609094e-04,2.323171e-03,1.303444e-02,1.951273e-02,9.362196e-04,2.238154e-02,2.336315e-02,8.636074e-04,2.382850e-02,1.350586e-01,7.096635e-01,1.539608e-03,3.593724e-02
7.788717e-03,2.743362e-03,1.816935e-03,2.218344e-03,1.098630e-02,1.864831e-02,8.675958e-04,1.576031e-02,1.818888e-02,1.524086e-03,2.676686e-02,2.072032e-01,6.525781e-01,1.429774e-03,3.147930e-02
6.185287e-03,2.060737e-03,2.531853e-03,1.740513e-03,8.754382e-03,1.560755e-02,8.241641e-04,1.109152e-02,1.415608e-02,2.771689e-03,2.254972e-02,3.453379e-01,5.327478e-01,1.511602e-03,3.212916e-02
5.180831e-03,1.609610e-03,2.028794e-03,1.353082e-03,6.627439e-03,1.326489e-02,7.971632e-04,7.807672e-03,1.091204e-02,4.207195e-03,1.712395e-02,4.772511e-01,4.207616e-01,1.822709e-03,2.925188e-02
3.854084e-03,1.242651e-03,1.460391e-03,1.003335e-03,4.769018e-03,9.556790e-03,6.320065e-04,5.474731e-03,8.053982e-03,6.920774e-03,1.228528e-02,5.980041e-01,3.227533e-01,1.608597e-03,2.238086e-02
2.823691e-03,1.020009e-03,1.147237e-03,7.362963e-04,3.438245e-03,6.973509e-03,7.914911e-04,3.856261e-03,6.042836e-03,1.895067e-02,9.130814e-03,6.816341e-01,2.404197e-01,2.161087e-03,2.087405e-02
1.990579e-03,2.015264e-03,1.419181e-03,5.654512e-04,2.873495e-03,5.065999e-03,1.339014e-03,2.704100e-03,4.518450e-03,6.215964e-02,6.868483e-03,7.114753e-01,1.793744e-01,1.664322e-03,1.596634e-02
1.398595e-03,2.048693e-03,1.269623e-03,4.524899e-04,2.190438e-03,3.625507e-03,1.774987e-03,1.896714e-03,3.354844e-03,1.603794e-01,5.110833e-03,6.714230e-01,1.322138e-01,1.206235e-03,1.165487e-02
9.854876e-04,2.020238e-03,1.184244e-03,3.705512e-04,1.690514e-03,2.673099e-03,2.018830e-03,1.335123e-03,2.874410e-03,2.849833e-01,3.962901e-03,5.804104e-01,1.055623e-01,8.876216e-04,9.040998e-03
7.047182e-04,1.475725e-03,8.622271e-04,3.106466e-04,1.429295e-03,1.930856e-03,1.566981e-03,9.782491e-04,4.186365e-03,4.825480e-01,3.090089e-03,4.168591e-01,7.649544e-02,6.388471e-04,6.923475e-03
5.184448e-04,1.093900e-03,6.159911e-04,2.886152e-04,2.154334e-03,1.387469e-03,1.145970e-03,7.681624e-04,2.224413e-02,6.098222e-01,2.984742e-03,2.938752e-01,5.678337e-02,4.576394e-04,5.859784e-03
4.839560e-04,8.961060e-04,4.689575e-04,8.494843e-04,2.615078e-03,1.193410e-03,8.843769e-04,1.940749e-03,8.361220e-02,6.374769e-01,7.498141e-03,2.109602e-01,4.579991e-02,3.319936e-04,4.988537e-03
4.978948e-04,8.062682e-04,3.388893e-04,8.146653e-04,2.881825e-03,1.102740e-03,6.259084e-04,1.620954e-03,2.365305e-01,5.459234e-01,1.405687e-02,1.524443e-01,3.845710e-02,2.424633e-04,3.656325e-03
7.892038e-04,1.452583e-03,3.872732e-04,2.314516e-03,4.494491e-03,1.596256e-03,5.193009e-04,3.247774e-02,2.885504e-01,4.924929e-01,2.099986e-02,1.130938e-01,3.770749e-02,1.854465e-04,2.938709e-03
9.145890e-04,2.497411e-03,3.224227e-04,2.035801e-03,5.408010e-03,6.996851e-03,4.290455e-04,2.393545e-02,3.917751e-01,4.271666e-01,2.376476e-02,8.144894e-02,3.047124e-02,1.662575e-04,2.667580e-03
1.107041e-03,3.236337e-03,3.627684e-04,2.983533e-03,8.318735e-03,1.596532e-02,4.064707e-04,2.123458e-02,4.234424e-01,4.015370e-01,2.762173e-02,6.324223e-02,2.774464e-02,1.774829e-04,2.619660e-03
2.831684e-03,6.074531e-03,1.092477e-03,1.857331e-02,9.303087e-03,1.588618e-02,6.594952e-04,3.392414e-02,4.961313e-01,3.109603e-01,2.503319e-02,5.012912e-02,2.604153e-02,2.972067e-04,3.062507e-03
2.097232e-02,7.901570e-03,1.782869e-03,2.234512e-02,1.096747e-02,6.216879e-02,9.730327e-04,3.113679e-02,4.606877e-01,2.237836e-01,4.739289e-02,6.294842e-02,4.103909e-02,1.888229e-03,4.012100e-03
4.121125e-02,1.065039e-02,1.614681e-03,2.447826e-02,8.693863e-03,4.915462e-02,7.904401e-04,2.419165e-02,4.211870e-01,1.602816e-01,1.140497e-01,9.409361e-02,4.206616e-02,3.620961e-03,3.915758e-03
2.907345e-02,8.904118e-03,2.184472e-03,4.595900e-02,7.992081e-03,3.615214e-02,8.381498e-04,1.843698e-02,3.924082e-01,1.411715e-01,1.232390e-01,8.560304e-02,8.510436e-02,3.718050e-03,1.921540e-02
2.049254e-02,7.065420e-03,3.757466e-03,1.070469e-01,6.415436e-03,2.636166e-02,6.755546e-04,1.380296e-02,3.308248e-01,1.105302e-01,1.717700e-01,7.706784e-02,9.310006e-02,3.889831e-03,2.719941e-02
1.450619e-02,5.591633e-03,5.044961e-03,9.302731e-02,6.215473e-03,2.052866e-02,6.262253e-04,9.870055e-03,2.596124e-01,8.566425e-02,2.806812e-01,5.865527e-02,1.205364e-01,1.103050e-02,2.840941e-02
1.018403e-02,4.105829e-03,3.779758e-03,1.014046e-01,6.099328e-03,1.576661e-02,5.265108e-04,7.013916e-03,2.126658e-01,6.675581e-02,3.129805e-01,4.715106e-02,1.549579e-01,1.487107e-02,4.173724e-02
7.161815e-03,3.063775e-03,2.996867e-03,9.999604e-02,4.800493e-03,1.171980e-02,4.276703e-04,4.992410e-03,2.285349e-01,5.224014e-02,3.167666e-01,5.405322e-02,1.357276e-01,2.468407e-02,5.283456e-02
5.049021e-03,2.240851e-03,2.467213e-03,8.136093e-02,4.388577e-03,8.346288e-03,3.419784e-04,3.547570e-03,1.962879e-01,4.652559e-02,2.767618e-01,8.073947e-02,1.668046e-01,4.679860e-02,7.833969e-02
3.572387e-03,1.720407e-03,2.103295e-03,6.359913e-02,3.935797e-03,5.958847e-03,2.649419e-04,2.506284e-03,1.515040e-01,3.770836e-02,3.080741e-01,7.414840e-02,1.477602e-01,1.296330e-01,6.751082e-02
2.643289e-03,1.439998e-03,1.678425e-03,4.611107e-02,3.466343e-03,4.332821e-03,2.151763e-04,1.873127e-03,1.266866e-01,5.634451e-02,3.410120e-01,1.092213e-01,1.167894e-01,1.204282e-01,6.775778e-02
2.208331e-03,1.406113e-03,1.329206e-03,3.268986e-02,2.539127e-03,3.194834e-03,1.668644e-04,1.359146e-03,9.367632e-02,7.011428e-02,3.959074e-01,1.397298e-01,8.993122e-02,1.110430e-01,5.470448e-02
1.753471e-03,2.180245e-03,1.524424e-03,2.349151e-02,2.402606e-03,2.347566e-03,1.887535e-04,1.564450e-03,8.618313e-02,5.852308e-02,3.473362e-01,2.124574e-01,9.565936e-02,1.204785e-01,4.390930e-02
1.331880e-03,2.322509e-03,1.713364e-03,1.676435e-02,2.172818e-03,1.715239e-03,1.609117e-04,1.434504e-03,7.730695e-02,4.711666e-02,2.797750e-01,3.199624e-01,1.060135e-01,1.088252e-01,3.338474e-02
1.064400e-03,1.872546e-02,1.013175e-02,1.221557e-02,2.235584e-03,1.367081e-03,1.519171e-04,1.468188e-03,7.376960e-02,3.725369e-02,2.293571e-01,3.666779e-01,1.032113e-01,1.170496e-01,2.532087e-02
1.097207e-03,1.731641e-02,1.712064e-02,9.286221e-03,2.262758e-03,1.471927e-03,1.626004e-04,1.778501e-03,1.114922e-01,3.729896e-02,1.989525e-01,3.069208e-01,8.258817e-02,1.915186e-01,2.073248e-02
3.530126e-03,1.533330e-02,2.765432e-02,1.426387e-02,3.651071e-03,7.978162e-03,4.507554e-04,6.002412e-03,1.755286e-01,3.517682e-02,1.828469e-01,2.349986e-01,6.603362e-02,2.050162e-01,2.153524e-02
1.147220e-02,1.514377e-02,3.670140e-02,1.999032e-02,1.494200e-02,9.624315e-03,9.250898e-04,1.643007e-02,1.893506e-01,4.764681e-02,1.691652e-01,1.831390e-01,5.659023e-02,2.077690e-01,2.110998e-02
2.290494e-02,1.482591e-02,3.888141e-02,1.886992e-02,2.552964e-02,1.438720e-02,9.922925e-04,1.652460e-02,2.408196e-01,3.839231e-02,1.446507e-01,1.395865e-01,4.603149e-02,2.185086e-01,1.909505e-02
2.765680e-02,1.392385e-02,3.900681e-02,1.541063e-02,2.164739e-02,1.581378e-02,9.999936e-04,1.739584e-02,2.819424e-01,3.114237e-02,1.232152e-01,1.078036e-01,3.668362e-02,2.484570e-01,1.890084e-02
2.947373e-02,1.925808e-02,3.703571e-02,2.047236e-02,2.081134e-02,1.610718e-02,1.498783e-03,1.713837e-02,3.368148e-01,3.060868e-02,1.021412e-01,8.367885e-02,3.238810e-02,2.020343e-01,5.053854e-02
2.197300e-02,1.717180e-02,2.686450e-02,1.954295e-02,1.700949e-02,1.466677e-02,1.077654e-03,1.235984e-02,4.739413e-01,2.985541e-02,7.655874e-02,5.953926e-02,2.420727e-02,1.517789e-01,5.345308e-02
1.792289e-02,1.495214e-02,1.957172e-02,2.155135e-02,1.483022e-02,1.381300e-02,7.778915e-04,8.997334e-03,5.617841e-01,2.725862e-02,5.838210e-02,4.279592e-02,1.902011e-02,1.202131e-01,5.812955e-02
1.476716e-02,2.318910e-02,1.663341e-02,3.205436e-02,2.186419e-02,1.841551e-02,5.959592e-04,7.381026e-03,5.814846e-01,2.386881e-02,4.559886e-02,3.046397e-02,1.419546e-02,1.122357e-01,5.725192e-02
1.213943e-02,2.290667e-02,1.300749e-02,3.335906e-02,2.135192e-02,1.843769e-02,4.708354e-04,5.675609e-03,6.422448e-01,2.135102e-02,3.409727e-02,2.159213e-02,1.060632e-02,8.952002e-02,5.323977e-02
1.464696e-02,2.567065e-02,1.120797e-02,5.668084e-02,7.848342e-02,2.145775e-02,9.213092e-04,5.295838e-03,5.834365e-01,1.802067e-02,2.517239e-02,1.548979e-02,7.979549e-03,6.528649e-02,7.024999e-02
2.244314e-02,2.216351e-02,3.152225e-02,1.569493e-01,8.560488e-02,3.802767e-02,8.981341e-04,8.043805e-03,4.851520e-01,1.340072e-02,1.879178e-02,1.112617e-02,5.826567e-03,4.604380e-02,5.400637e-02
6.600531e-02,1.956395e-02,4.552355e-02,1.541046e-01,9.210843e-02,3.902779e-02,8.202721e-04,9.963790e-03,4.544117e-01,1.041005e-02,1.700073e-02,8.212313e-03,4.773571e-03,3.385406e-02,4.422006e-02
9.236028e-02,2.352388e-02,7.934137e-02,1.683230e-01,7.831191e-02,5.690319e-02,9.403804e-04,1.617648e-02,3.829061e-01,8.159952e-03,1.477684e-02,6.145725e-03,4.598557e-03,3.015632e-02,3.737607e-02
7.131810e-02,1.965384e-02,5.909346e-02,1.329417e-01,5.938379e-02,2.972395e-01,1.135969e-03,1.222637e-02,2.726405e-01,5.881754e-03,1.160248e-02,4.600213e-03,3.514900e-03,2.148664e-02,2.728077e-02
7.114594e-02,4.307542e-02,5.563863e-02,1.167295e-01,5.075639e-02,3.465353e-01,1.584579e-03,1.244606e-02,2.213762e-01,7.432302e-03,2.139306e-02,7.084733e-03,3.416005e-03,1.729554e-02,2.409037e-02
5.928885e-02,1.200200e-01,4.387403e-02,8.415744e-02,3.931833e-02,3.841819e-01,1.216149e-03,9.134557e-03,1.645882e-01,9.887772e-03,2.329290e-02,5.613049e-03,2.705316e-03,2.121079e-02,3.151067e-02
4.505763e-02,1.315144e-01,3.295555e-02,6.062571e-02,3.069635e-02,3.774520e-01,9.484025e-04,6.822072e-03,1.268368e-01,1.012740e-02,7.719062e-02,5.268580e-03,2.278257e-03,5.954722e-02,3.267904e-02
4.595539e-02,1.366819e-01,2.504432e-02,4.416923e-02,2.360960e-02,3.960111e-01,7.298664e-04,5.360761e-03,1.177748e-01,1.088541e-02,7.651141e-02,4.359219e-03,2.355602e-03,6.986207e-02,4.068929e-02
5.416532e-02,1.375528e-01,1.953653e-02,3.254374e-02,1.876020e-02,3.910706e-01,6.290409e-04,4.593798e-03,1.123054e-01,1.177263e-02,8.660412e-02,4.004934e-03,2.343685e-03,8.478633e-02,3.933086e-02
1.063371e-01,1.216441e-01,2.051956e-02,3.012035e-02,1.688417e-02,3.496951e-01,6.855021e-04,5.140410e-03,1.066008e-01,1.133695e-02,8.944418e-02,4.560049e-03,2.962303e-03,9.767320e-02,3.639618e-02
1.092499e-01,1.172252e-01,1.821653e-02,2.234666e-02,1.319080e-02,3.598616e-01,6.600147e-04,4.955289e-03,8.814791e-02,9.142656e-03,1.042160e-01,4.011965e-03,2.505696e-03,1.155579e-01,3.071193e-02
9.149212e-02,1.106040e-01,1.599942e-02,1.707955e-02,1.141117e-02,3.503973e-01,7.169887e-04,5.289286e-03,7.353970e-02,7.718556e-03,1.384437e-01,4.219530e-03,2.182796e-03,1.375001e-01,3.340584e-02
6.431632e-02,7.946389e-02,1.122006e-02,1.196154e-02,8.019260e-03,4.905513e-01,5.097358e-04,3.713541e-03,5.174747e-02,5.440352e-03,1.060240e-01,3.068427e-03,1.574887e-03,1.366507e-01,2.573846e-02
4.518868e-02,5.598503e-02,7.861216e-03,8.377317e-03,5.625408e-03,4.560944e-01,3.660016e-04,2.605574e-03,3.670221e-02,3.843928e-03,7.999214e-02,2.388615e-03,1.147796e-03,2.737796e-01,2.004205e-02
3.170095e-02,3.923389e-02,5.505758e-03,5.867422e-03,3.939355e-03,3.258185e-01,2.717620e-04,1.826704e-03,2.700314e-02,2.816247e-03,6.154219e-02,2.368266e-03,8.340813e-04,4.753509e-01,1.592077e-02
2.221576e-02,2.766225e-02,3.856023e-03,4.113097e-03,2.762316e-03,2.322593e-01,2.020065e-04,1.280583e-03,2.144621e-02,2.102253e-03,5.435965e-02,2.746947e-03,6.311803e-04,6.123269e-01,1.203549e-02
1.556190e-02,1.977871e-02,2.702022e-03,2.889844e-03,1.950986e-03,1.633791e-01,1.505371e-04,8.982220e-04,2.628350e-02,1.584433e-03,4.357758e-02,2.636421e-03,4.552903e-04,7.093897e-01,8.761667e-03
1.118649e-02,1.484419e-02,1.950749e-03,2.058713e-03,1.490818e-03,1.156618e-01,1.506100e-04,6.904462e-04,3.505192e-02,1.494752e-03,5.649704e-02,2.484575e-03,4.356914e-04,7.462727e-01,9.729525e-03
7.893547e-03,1.053812e-02,1.370511e-03,1.448933e-03,1.112233e-03,8.105652e-02,1.076918e-04,4.875601e-04,4.008179e-02,1.183040e-03,4.448325e-02,1.982167e-03,3.726431e-04,7.992810e-01,8.600940e-03
5.580794e-03,7.888295e-03,9.769987e-04,1.031205e-03,8.724311e-04,5.702851e-02,8.178532e-05,3.473687e-04,1.314385e-01,1.330106e-03,3.645492e-02,1.769776e-03,2.813458e-04,7.482580e-01,6.659865e-03
4.113891e-03,7.608969e-03,7.396453e-04,7.910464e-04,1.240522e-03,4.190803e-02,1.068808e-04,2.904274e-04,2.702611e-01,2.652375e-03,3.406634e-02,1.503065e-03,2.575542e-04,6.284418e-01,6.018282e-03
2.950530e-03,7.984479e-03,6.614898e-04,7.305396e-04,2.030843e-03,2.975256e-02,9.636755e-05,2.307905e-04,3.243445e-01,6.697429e-03,3.082338e-02,1.532103e-03,2.783201e-04,5.860949e-01,5.791739e-03
2.142567e-03,1.003019e-02,1.060068e-03,7.339197e-04,3.241186e-03,2.110775e-02,8.437895e-05,2.639103e-04,3.879924e-01,1.208742e-02,2.835231e-02,1.750781e-03,2.861778e-04,5.258662e-01,5.000862e-03
1.571326e-03,1.196056e-02,1.081058e-03,8.301620e-04,4.023028e-03,1.513023e-02,7.429994e-05,2.878250e-04,4.744162e-01,1.350620e-02,2.451885e-02,1.543646e-03,2.688952e-04,4.469633e-01,3.824405e-03
1.336230e-03,2.969957e-02,1.219987e-03,4.430488e-03,9.847756e-03,1.507752e-02,1.325070e-04,1.440356e-03,4.875257e-01,1.837425e-02,2.064010e-02,1.656569e-03,2.185891e-03,4.024234e-01,4.009713e-03
1.446649e-03,2.238799e-02,1.225553e-03,7.099361e-03,1.335032e-02,3.379552e-02,7.833031e-04,7.260364e-03,4.569064e-01,5.372574e-02,2.383083e-02,4.394814e-03,1.808902e-02,3.509196e-01,4.784456e-03
2.009507e-03,1.756919e-02,1.239914e-03,1.326116e-02,1.589809e-02,5.107175e-02,1.040078e-03,9.275077e-03,4.107997e-01,1.231387e-01,3.917573e-02,1.540297e-02,2.548810e-02,2.687902e-01,5.839850e-03
2.025127e-03,1.324482e-02,9.942810e-04,1.257360e-02,1.324498e-02,6.730844e-02,9.398022e-04,9.166544e-03,3.456534e-01,9.906573e-02,6.615169e-02,6.363422e-02,9.135295e-02,2.075260e-01,7.118342e-03
1.850139e-03,1.026171e-02,8.948616e-04,9.823898e-03,1.010354e-02,1.019715e-01,7.822398e-04,9.900698e-03,3.320453e-01,7.210664e-02,8.336264e-02,7.241730e-02,1.403970e-01,1.485427e-01,5.539867e-03
1.486896e-03,1.017381e-02,1.016528e-03,1.182096e-02,8.511878e-03,7.918939e-02,6.230355e-04,9.164691e-03,4.938405e-01,5.110215e-02,6.206462e-02,5.419604e-02,1.082724e-01,1.043295e-01,4.207701e-03
1.397671e-03,1.597181e-02,1.331810e-03,3.337999e-02,9.985995e-03,6.036175e-02,4.977107e-04,7.278826e-03,5.977961e-01,3.630118e-02,4.425075e-02,3.820305e-02,7.653926e-02,7.314471e-02,3.559365e-03
1.502896e-03,3.698742e-02,1.630874e-03,6.708768e-02,1.051043e-02,5.201618e-02,4.031272e-04,5.683445e-03,6.274722e-01,2.672367e-02,3.227466e-02,2.698500e-02,5.424540e-02,5.130292e-02,5.174049e-03
2.216354e-03,3.729173e-02,3.470776e-03,1.235877e-01,1.953426e-02,5.020961e-02,7.975049e-04,8.330570e-03,6.093818e-01,2.085448e-02,2.342587e-02,1.924550e-02,3.875145e-02,3.606307e-02,6.839287e-03
3.420275e-03,5.172319e-02,5.011664e-03,1.458765e-01,2.216688e-02,4.875731e-02,9.540826e-04,1.056089e-02,5.553184e-01,2.624060e-02,1.858227e-02,1.445414e-02,2.880550e-02,2.593519e-02,4.219316e-02
4.653390e-03,8.192822e-02,7.109698e-03,1.424890e-01,1.758196e-02,3.603803e-02,7.591179e-04,1.166569e-02,5.087467e-01,3.583657e-02,2.010996e-02,1.551355e-02,2.258420e-02,2.133505e-02,7.364880e-02
6.715748e-03,8.838246e-02,1.577290e-02,1.368077e-01,1.566013e-02,2.813410e-02,7.498224e-04,9.464659e-03,4.462116e-01,3.742948e-02,4.126133e-02,5.661298e-02,3.033106e-02,1.784857e-02,6.861748e-02
7.433066e-03,8.882073e-02,2.216709e-02,1.092138e-01,1.154043e-02,2.184832e-02,6.631693e-04,7.175695e-03,3.721761e-01,5.041794e-02,5.423813e-02,1.091263e-01,3.056786e-02,2.391177e-02,9.069960e-02
1.344932e-02,7.052398e-02,1.971774e-02,8.041354e-02,1.104409e-02,1.880409e-02,9.339764e-04,6.496578e-03,3.610734e-01,3.799648e-02,5.039448e-02,2.115369e-01,3.089230e-02,2.015503e-02,6.656808e-02
1.896127e-02,5.491929e-02,1.614746e-02,5.828318e-02,9.574608e-03,1.496523e-02,1.218776e-03,5.690668e-03,3.969984e-01,2.818661e-02,4.627847e-02,2.485231e-01,2.892927e-02,2.145714e-02,4.986662e-02
3.286924e-02,4.317788e-02,1.281259e-02,4.211797e-02,8.747526e-03,1.347665e-02,1.506490e-03,5.655126e-03,3.795293e-01,2.126832e-02,3.983247e-02,3.052470e-01,3.089370e-02,2.379796e-02,3.906777e-02
4.033264e-02,3.804854e-02,1.001874e-02,3.018060e-02,7.101528e-03,1.177119e-02,1.379957e-03,6.238781e-03,3.208524e-01,1.589034e-02,3.683558e-02,3.967089e-01,2.623145e-02,2.882910e-02,2.958031e-02
7.018941e-02,3.643388e-02,1.001056e-02,2.280019e-02,1.038786e-02,1.418508e-02,1.993825e-03,7.466849e-03,3.287708e-01,1.246085e-02,3.123887e-02,3.669713e-01,2.904088e-02,3.315559e-02,2.489411e-02
1.103651e-01,3.171201e-02,8.972391e-03,1.731997e-02,9.475189e-03,1.991792e-02,1.744722e-03,8.102627e-03,2.525403e-01,1.175685e-02,2.985200e-02,3.869942e-01,2.828851e-02,5.626360e-02,2.669460e-02
1.539202e-01,2.522081e-02,7.404156e-03,1.325411e-02,7.965568e-03,2.743620e-02,1.475190e-03,8.898671e-03,1.853589e-01,9.844942e-03,2.840860e-02,3.636861e-01,3.072915e-02,1.097779e-01,2.661956e-02
1.639408e-01,1.862546e-02,6.270452e-03,9.771528e-03,6.017448e-03,2.846275e-02,1.370892e-03,7.242464e-03,1.441848e-01,1.134354e-02,2.526197e-02,2.987694e-01,2.455463e-02,2.276452e-01,2.653880e-02
1.528054e-01,1.341111e-02,4.798273e-03,7.049596e-03,4.629030e-03,2.442835e-02,1.121656e-03,5.581716e-03,1.074043e-01,1.416260e-02,2.449763e-02,2.434924e-01,1.923457e-02,3.540458e-01,2.333751e-02
1.390867e-01,9.738587e-03,3.596478e-03,5.134915e-03,3.639141e-03,1.980814e-02,8.905404e-04,4.213730e-03,8.720520e-02,1.921454e-02,3.444725e-02,2.252586e-01,1.521629e-02,4.128733e-01,1.967653e-02
1.380361e-01,7.480366e-03,2.929717e-03,3.731607e-03,3.391763e-03,1.439934e-02,7.191066e-04,3.230118e-03,6.814037e-02,2.684574e-02,7.018661e-02,2.623966e-01,1.330297e-02,3.679312e-01,1.727833e-02
1.143198e-01,5.416982e-03,2.187965e-03,2.841613e-03,3.214844e-03,1.062014e-02,5.438228e-04,2.377396e-03,5.715090e-02,4.029834e-02,7.973358e-02,3.670874e-01,1.076837e-02,2.905737e-01,1.286511e-02
8.636385e-02,3.938159e-03,1.575323e-03,2.047302e-03,2.946586e-03,7.664568e-03,4.403544e-04,1.737427e-03,4.130365e-02,5.824060e-02,7.629730e-02,4.897180e-01,9.256454e-03,2.091424e-01,9.327984e-03
6.314044e-02,2.821328e-03,1.120609e-03,1.484385e-03,3.265802e-03,5.512950e-03,3.253798e-04,1.244076e-03,3.067139e-02,8.063968e-02,6.461018e-02,5.817906e-01,8.949187e-03,1.478080e-01,6.615936e-03
4.705974e-02,2.088683e-03,8.261178e-04,1.109013e-03,3.481638e-03,4.055290e-03,2.458962e-04,9.486678e-04,2.390379e-02,1.080103e-01,6.796023e-02,6.215152e-01,9.428211e-03,1.046698e-01,4.697341e-03
3.468226e-02,1.528330e-03,6.050746e-04,9.178700e-04,3.379528e-03,3.295168e-03,1.846881e-04,7.520602e-04,2.180718e-02,1.016581e-01,6.361523e-02,6.785319e-01,1.204582e-02,7.362953e-02,3.367208e-03
2.560572e-02,1.117831e-03,4.515189e-04,8.521564e-04,3.573504e-03,2.821783e-03,1.454344e-04,6.342999e-04,2.267174e-02,1.107026e-01,7.548705e-02,6.832516e-01,1.829872e-02,5.196944e-02,2.416611e-03
2.017808e-02,9.340430e-04,4.281170e-04,8.309659e-04,9.846182e-03,2.826897e-03,2.026599e-04,6.366079e-04,3.804639e-02,8.970236e-02,6.645395e-02,7.144780e-01,1.682345e-02,3.676971e-02,1.842517e-03
1.644005e-02,7.788598e-04,4.461699e-04,7.923570e-04,1.216479e-02,2.987263e-03,2.507488e-04,8.071297e-04,5.161367e-02,7.575233e-02,5.989146e-02,7.355385e-01,1.499635e-02,2.616974e-02,1.370534e-03
1.375197e-02,6.806577e-04,4.764337e-04,7.137346e-04,1.032789e-02,3.968663e-03,2.437304e-04,1.198398e-03,5.222307e-02,6.338758e-02,5.061008e-02,7.694920e-01,1.322647e-02,1.867982e-02,1.019485e-03
1.115453e-02,5.773217e-04,4.631235e-04,7.174446e-04,1.274358e-02,3.799751e-03,4.166028e-04,2.600373e-03,8.006269e-02,5.265129e-02,4.212743e-02,7.674070e-01,1.120020e-02,1.333562e-02,7.429889e-04
8.985296e-03,5.200072e-04,4.728837e-04,6.252460e-04,1.491200e-02,3.058148e-03,6.649023e-04,3.939129e-03,1.137371e-01,4.515036e-02,3.482955e-02,7.533365e-01,9.673314e-03,9.554175e-03,5.413140e-04
7.142285e-03,1.118909e-03,8.562594e-04,7.876400e-04,2.341363e-02,2.467810e-03,8.736352e-04,2.887797e-02,2.314224e-01,3.350505e-02,2.599097e-02,6.288220e-01,7.555622e-03,6.774787e-03,3.910812e-04
6.560734e-03,9.776175e-04,1.657790e-03,2.267316e-03,6.803508e-02,2.185045e-03,1.244972e-03,6.700701e-02,2.936884e-01,2.395908e-02,1.945379e-02,5.018516e-01,6.023268e-03,4.804960e-03,2.834157e-04
7.388260e-03,8.716285e-04,2.154081e-03,4.575948e-03,1.404594e-01,2.558131e-03,2.396589e-03,9.853324e-02,3.018492e-01,1.698068e-02,1.616083e-02,3.972360e-01,5.166963e-03,3.453629e-03,2.155760e-04
8.085061e-03,9.726117e-04,3.640731e-03,5.748232e-03,1.836557e-01,5.535207e-03,2.332383e-03,1.241068e-01,3.024172e-01,1.201109e-02,1.275043e-02,3.302388e-01,5.807277e-03,2.514231e-03,1.843307e-04
8.744435e-03,1.450961e-03,4.004403e-03,5.536119e-03,1.646595e-01,6.742759e-03,2.543508e-03,1.155503e-01,3.762481e-01,8.651824e-03,1.090451e-02,2.845493e-01,8.205716e-03,1.955134e-03,2.534867e-04
9.274500e-03,2.348337e-03,3.530047e-03,4.831326e-03,1.518172e-01,7.762746e-03,2.186693e-03,8.284441e-02,5.055460e-01,6.365086e-03,9.283573e-03,2.042275e-01,8.051931e-03,1.409194e-03,5.213819e-04
1.579884e-02,3.378202e-03,4.158161e-03,1.071518e-02,2.068453e-01,1.097544e-02,2.304307e-03,6.259132e-02,4.964902e-01,4.990820e-03,8.799571e-03,1.598783e-01,1.102054e-02,1.092028e-03,9.617429e-04
1.983692e-02,3.419601e-03,3.744896e-03,3.189003e-02,2.189486e-01,1.689679e-02,2.000927e-03,4.549988e-02,4.952908e-01,3.670582e-03,1.225145e-02,1.290535e-01,1.545116e-02,8.617031e-04,1.183089e-03
2.515869e-02,2.659155e-03,3.625231e-03,2.768048e-02,2.009342e-01,1.711473e-02,1.848039e-03,3.303380e-02,4.106255e-01,3.380838e-03,1.455683e-02,2.360550e-01,2.075408e-02,9.552403e-04,1.618236e-03
1.994193e-02,2.046787e-03,2.961307e-03,2.301898e-02,1.424578e-01,1.847098e-02,1.463837e-03,2.376419e-02,2.924236e-01,2.654098e-03,4.340139e-02,3.863381e-01,3.897241e-02,7.893421e-04,1.295325e-03
1.534092e-02,1.831148e-03,2.560960e-03,1.651419e-02,1.077147e-01,2.458486e-02,1.121785e-03,1.692037e-02,2.075199e-01,2.073037e-03,3.537906e-02,4.992267e-01,6.633373e-02,7.590030e-04,2.119702e-03
1.125620e-02,1.578723e-03,1.903583e-03,1.171454e-02,7.652847e-02,2.189653e-02,8.201291e-04,1.189858e-02,1.477619e-01,1.627155e-03,2.726984e-02,6.320797e-01,5.118885e-02,8.125565e-04,1.663318e-03
8.334827e-03,1.901633e-03,1.511511e-03,8.361772e-03,5.419045e-02,2.485524e-02,6.461689e-04,8.396532e-03,1.075664e-01,2.435753e-03,2.801089e-02,7.074222e-01,4.280300e-02,1.999849e-03,1.563865e-03
9.862741e-03,2.786586e-03,1.815172e-03,6.421069e-03,3.996632e-02,4.543645e-02,9.999457e-04,8.643372e-03,8.159211e-02,3.927428e-03,4.017468e-02,7.087137e-01,4.010288e-02,7.741473e-03,1.816178e-03
7.594031e-03,3.631973e-03,1.486732e-03,5.372933e-03,3.180675e-02,4.143060e-02,8.688299e-04,7.263408e-03,8.201385e-02,5.426661e-03,5.198879e-02,7.160832e-01,3.403080e-02,9.065179e-03,1.936315e-03
