1.000000e+00,0.000000e+00,0.000000e+00,0.000000e+00,0.000000e+00,0.000000e+00,0.000000e+00,0.000000e+00,0.000000e+00,0.000000e+00,0.000000e+00,0.000000e+00,0.000000e+00,0.000000e+00,0.000000e+00
1.000000e+00,0.000000e+00,0.000000e+00,0.000000e+00,0.000000e+00,0.000000e+00,0.000000e+00,0.000000e+00,0.000000e+00,0.000000e+00,0.000000e+00,0.000000e+00,0.000000e+00,0.000000e+00,0.000000e+00
1.000000e+00,0.000000e+00,0.000000e+00,0.000000e+00,0.000000e+00,0.000000e+00,0.000000e+00,0.000000e+00,0.000000e+00,0.000000e+00,0.000000e+00,0.000000e+00,0.000000e+00,0.000000e+00,0.000000e+00
1.000000e+00,0.000000e+00,0.000000e+00,0.000000e+00,0.000000e+00,0.000000e+00,0.000000e+00,0.000000e+00,0.000000e+00,0.000000e+00,0.000000e+00,0.000000e+00,0.000000e+00,0.000000e+00,0.000000e+00
1.000000e+00,0.000000e+00,0.000000e+00,0.000000e+00,0.000000e+00,0.000000e+00,0.000000e+00,0.000000e+00,0.000000e+00,0.000000e+00,0.000000e+00,0.000000e+00,0.000000e+00,0.000000e+00,0.000000e+00
1.000000e+00,0.000000e+00,0.000000e+00,0.000000e+00,0.000000e+00,0.000000e+00,0.000000e+00,0.000000e+00,0.000000e+00,0.000000e+00,0.000000e+00,0.000000e+00,0.000000e+00,0.000000e+00,0.000000e+00
1.000000e+00,0.000000e+00,0.000000e+00,0.000000e+00,0.000000e+00,0.000000e+00,0.000000e+00,0.000000e+00,0.000000e+00,0.000000e+00,0.000000e+00,0.000000e+00,0.000000e+00,0.000000e+00,0.000000e+00
1.000000e+00,0.000000e+00,0.000000e+00,0.000000e+00,0.000000e+00,0.000000e+00,0.000000e+00,0.000000e+00,0.000000e+00,0.000000e+00,0.000000e+00,0.000000e+00,0.000000e+00,0.000000e+00,0.000000e+00
1.000000e+00,0.000000e+00,0.000000e+00,0.000000e+00,0.000000e+00,0.000000e+00,0.000000e+00,0.000000e+00,0.000000e+00,0.000000e+00,0.000000e+00,0.000000e+00,0.000000e+00,0.000000e+00,0.000000e+00
1.000000e+00,0.000000e+00,0.000000e+00,0.000000e+00,0.000000e+00,0.000000e+00,0.000000e+00,0.000000e+00,0.000000e+00,0.000000e+00,0.000000e+00,0.000000e+00,0.000000e+00,0.000000e+00,0.000000e+00
1.000000e+00,0.000000e+00,0.000000e+00,0.000000e+00,0.000000e+00,0.000000e+00,0.000000e+00,0.000000e+00,0.000000e+00,0.000000e+00,0.000000e+00,0.000000e+00,0.000000e+00,0.000000e+00,0.000000e+00
1.000000e+00,0.000000e+00,0.000000e+00,0.000000e+00,0.000000e+00,0.000000e+00,0.000000e+00,0.000000e+00,0.000000e+00,0.000000e+00,0.000000e+00,0.000000e+00,0.000000e+00,0.000000e+00,0.000000e+00
1.000000e+00,0.000000e+00,0.000000e+00,0.000000e+00,0.000000e+00,0.000000e+00,0.000000e+00,0.000000e+00,0.000000e+00,0.000000e+00,0.000000e+00,0.000000e+00,0.000000e+00,0.000000e+00,0.000000e+00
1.000000e+00,0.000000e+00,0.000000e+00,0.000000e+00,0.000000e+00,0.000000e+00,0.000000e+00,0.000000e+00,0.000000e+00,0.000000e+00,0.000000e+00,0.000000e+00,0.000000e+00,0.000000e+00,0.000000e+00
1.000000e+00,0.000000e+00,0.000000e+00,0.000000e+00,0.000000e+00,0.000000e+00,0.000000e+00,0.000000e+00,0.000000e+00,0.000000e+00,0.000000e+00,0.000000e+00,0.000000e+00,0.000000e+00,0.000000e+00
1.000000e+00,0.000000e+00,0.000000e+00,0.000000e+00,0.000000e+00,0.000000e+00,0.000000e+00,0.000000e+00,0.000000e+00,0.000000e+00,0.000000e+00,0.000000e+00,0.000000e+00,0.000000e+00,0.000000e+00
1.000000e+00,0.000000e+00,0.000000e+00,0.000000e+00,0.000000e+00,0.000000e+00,0.000000e+00,0.000000e+00,0.000000e+00,0.000000e+00,0.000000e+00,0.000000e+00,0.000000e+00,0.000000e+00,0.000000e+00
1.000000e+00,0.000000e+00,0.000000e+00,0.000000e+00,0.000000e+00,0.000000e+00,0.000000e+00,0.000000e+00,0.000000e+00,0.000000e+00,0.000000e+00,0.000000e+00,0.000000e+00,0.000000e+00,0.000000e+00
1.000000e+00,0.000000e+00,0.000000e+00,0.000000e+00,0.000000e+00,0.000000e+00,0.000000e+00,0.000000e+00,0.000000e+00,0.000000e+00,0.000000e+00,0.000000e+00,0.000000e+00,0.000000e+00,0.000000e+00
1.000000e+00,0.000000e+00,0.000000e+00,0.000000e+00,0.000000e+00,0.000000e+00,0.000000e+00,0.000000e+00,0.000000e+00,0.000000e+00,0.000000e+00,0.000000e+00,0.000000e+00,0.000000e+00,0.000000e+00
1.000000e+00,0.000000e+00,0.000000e+00,0.000000e+00,0.000000e+00,0.000000e+00,0.000000e+00,0.000000e+00,0.000000e+00,0.000000e+00,0.000000e+00,0.000000e+00,0.000000e+00,0.000000e+00,0.000000e+00
1.000000e+00,0.000000e+00,0.000000e+00,0.000000e+00,0.000000e+00,0.000000e+00,0.000000e+00,0.000000e+00,0.000000e+00,0.000000e+00,0.000000e+00,0.000000e+00,0.000000e+00,0.000000e+00,0.000000e+00
1.000000e+00,0.000000e+00,0.000000e+00,0.000000e+00,0.000000e+00,0.000000e+00,0.000000e+00,0.000000e+00,0.000000e+00,0.000000e+00,0.000000e+00,0.000000e+00,0.000000e+00,0.000000e+00,0.000000e+00
1.000000e+00,0.000000e+00,0.000000e+00,0.000000e+00,0.000000e+00,0.000000e+00,0.000000e+00,0.000000e+00,0.000000e+00,0.000000e+00,0.000000e+00,0.000000e+00,0.000000e+00,0.000000e+00,0.000000e+00
1.000000e+00,0.000000e+00,0.000000e+00,0.000000e+00,0.000000e+00,0.000000e+00,0.000000e+00,0.000000e+00,0.000000e+00,0.000000e+00,0.000000e+00,0.000000e+00,0.000000e+00,0.000000e+00,0.000000e+00
1.000000e+00,0.000000e+00,0.000000e+00,0.000000e+00,0.000000e+00,0.000000e+00,0.000000e+00,0.000000e+00,0.000000e+00,0.000000e+00,0.000000e+00,0.000000e+00,0.000000e+00,0.000000e+00,0.000000e+00
1.000000e+00,0.000000e+00,0.000000e+00,0.000000e+00,0.000000e+00,0.000000e+00,0.000000e+00,0.000000e+00,0.000000e+00,0.000000e+00,0.000000e+00,0.000000e+00,0.000000e+00,0.000000e+00,0.000000e+00
1.000000e+00,0.000000e+00,0.000000e+00,0.000000e+00,0.000000e+00,0.000000e+00,0.000000e+00,0.000000e+00,0.000000e+00,0.000000e+00,0.000000e+00,0.000000e+00,0.000000e+00,0.000000e+00,0.000000e+00
1.000000e+00,0.000000e+00,0.000000e+00,0.000000e+00,0.000000e+00,0.000000e+00,0.000000e+00,0.000000e+00,0.000000e+00,0.000000e+00,0.000000e+00,0.000000e+00,0.000000e+00,0.000000e+00,0.000000e+00
1.000000e+00,0.000000e+00,0.000000e+00,0.000000e+00,0.000000e+00,0.000000e+00,0.000000e+00,0.000000e+00,0.000000e+00,0.000000e+00,0.000000e+00,0.000000e+00,0.000000e+00,0.000000e+00,0.000000e+00
1.000000e+00,0.000000e+00,0.000000e+00,0.000000e+00,0.000000e+00,0.000000e+00,0.000000e+00,0.000000e+00,0.000000e+00,0.000000e+00,0.000000e+00,0.000000e+00,0.000000e+00,0.000000e+00,0.000000e+00
1.000000e+00,0.000000e+00,0.000000e+00,0.000000e+00,0.000000e+00,0.000000e+00,0.000000e+00,0.000000e+00,0.000000e+00,0.000000e+00,0.000000e+00,0.000000e+00,0.000000e+00,0.000000e+00,0.000000e+00
1.000000e+00,0.000000e+00,0.000000e+00,0.000000e+00,0.000000e+00,0.000000e+00,0.000000e+00,0.000000e+00,0.000000e+00,0.000000e+00,0.000000e+00,0.000000e+00,0.000000e+00,0.000000e+00,0.000000e+00
1.000000e+00,0.000000e+00,0.000000e+00,0.000000e+00,0.000000e+00,0.000000e+00,0.000000e+00,0.000000e+00,0.000000e+00,0.000000e+00,0.000000e+00,0.000000e+00,0.000000e+00,0.000000e+00,0.000000e+00
1.000000e+00,0.000000e+00,0.000000e+00,0.000000e+00,0.000000e+00,0.000000e+00,0.000000e+00,0.000000e+00,0.000000e+00,0.000000e+00,0.000000e+00,0.000000e+00,0.000000e+00,0.000000e+00,0.000000e+00
1.000000e+00,0.000000e+00,0.000000e+00,0.000000e+00,0.000000e+00,0.000000e+00,0.000000e+00,0.000000e+00,0.000000e+00,0.000000e+00,0.000000e+00,0.000000e+00,0.000000e+00,0.000000e+00,0.000000e+00
1.000000e+00,0.000000e+00,0.000000e+00,0.000000e+00,0.000000e+00,0.000000e+00,0.000000e+00,0.000000e+00,0.000000e+00,0.000000e+00,0.000000e+00,0.000000e+00,0.000000e+00,0.000000e+00,0.000000e+00
1.000000e+00,0.000000e+00,0.000000e+00,0.000000e+00,0.000000e+00,0.000000e+00,0.000000e+00,0.000000e+00,0.000000e+00,0.000000e+00,0.000000e+00,0.000000e+00,0.000000e+00,0.000000e+00,0.000000e+00
1.000000e+00,0.000000e+00,0.000000e+00,0.000000e+00,0.000000e+00,0.000000e+00,0.000000e+00,0.000000e+00,0.000000e+00,0.000000e+00,0.000000e+00,0.000000e+00,0.000000e+00,0.000000e+00,0.000000e+00
1.000000e+00,0.000000e+00,0.000000e+00,0.000000e+00,0.000000e+00,0.000000e+00,0.000000e+00,0.000000e+00,0.000000e+00,0.000000e+00,0.000000e+00,0.000000e+00,0.000000e+00,0.000000e+00,0.000000e+00
1.000000e+00,0.000000e+00,0.000000e+00,0.000000e+00,0.000000e+00,0.000000e+00,0.000000e+00,0.000000e+00,0.000000e+00,0.000000e+00,0.000000e+00,0.000000e+00,0.000000e+00,0.000000e+00,0.000000e+00
1.000000e+00,0.000000e+00,0.000000e+00,0.000000e+00,0.000000e+00,0.000000e+00,0.000000e+00,0.000000e+00,0.000000e+00,0.000000e+00,0.000000e+00,0.000000e+00,0.000000e+00,0.000000e+00,0.000000e+00
1.000000e+00,0.000000e+00,0.000000e+00,0.000000e+00,0.000000e+00,0.000000e+00,0.000000e+00,0.000000e+00,0.000000e+00,0.000000e+00,0.000000e+00,0.000000e+00,0.000000e+00,0.000000e+00,0.000000e+00
1.000000e+00,0.000000e+00,0.000000e+00,0.000000e+00,0.000000e+00,0.000000e+00,0.000000e+00,0.000000e+00,0.000000e+00,0.000000e+00,0.000000e+00,0.000000e+00,0.000000e+00,0.000000e+00,0.000000e+00
1.000000e+00,0.000000e+00,0.000000e+00,0.000000e+00,0.000000e+00,0.000000e+00,0.000000e+00,0.000000e+00,0.000000e+00,0.000000e+00,0.000000e+00,0.000000e+00,0.000000e+00,0.000000e+00,0.000000e+00
1.000000e+00,0.000000e+00,0.000000e+00,0.000000e+00,0.000000e+00,0.000000e+00,0.000000e+00,0.000000e+00,0.000000e+00,0.000000e+00,0.000000e+00,0.000000e+00,0.000000e+00,0.000000e+00,0.000000e+00
1.000000e+00,0.000000e+00,0.000000e+00,0.000000e+00,0.000000e+00,0.000000e+00,0.000000e+00,0.000000e+00,0.000000e+00,0.000000e+00,0.000000e+00,0.000000e+00,0.000000e+00,0.000000e+00,0.000000e+00
1.000000e+00,0.000000e+00,0.000000e+00,0.000000e+00,0.000000e+00,0.000000e+00,0.000000e+00,0.000000e+00,0.000000e+00,0.000000e+00,0.000000e+00,0.000000e+00,0.000000e+00,0.000000e+00,0.000000e+00
1.000000e+00,0.000000e+00,0.000000e+00,0.000000e+00,0.000000e+00,0.000000e+00,0.000000e+00,0.000000e+00,0.000000e+00,0.000000e+00,0.000000e+00,0.000000e+00,0.000000e+00,0.000000e+00,0.000000e+00
1.000000e+00,0.000000e+00,0.000000e+00,0.000000e+00,0.000000e+00,0.000000e+00,0.000000e+00,0.000000e+00,0.000000e+00,0.000000e+00,0.000000e+00,0.000000e+00,0.000000e+00,0.000000e+00,0.000000e+00
1.000000e+00,0.000000e+00,0.000000e+00,0.000000e+00,0.000000e+00,0.000000e+00,0.000000e+00,0.000000e+00,0.000000e+00,0.000000e+00,0.000000e+00,0.000000e+00,0.000000e+00,0.000000e+00,0.000000e+00
1.000000e+00,0.000000e+00,0.000000e+00,0.000000e+00,0.000000e+00,0.000000e+00,0.000000e+00,0.000000e+00,0.000000e+00,0.000000e+00,0.000000e+00,0.000000e+00,0.000000e+00,0.000000e+00,0.000000e+00
1.000000e+00,0.000000e+00,0.000000e+00,0.000000e+00,0.000000e+00,0.000000e+00,0.000000e+00,0.000000e+00,0.000000e+00,0.000000e+00,0.000000e+00,0.000000e+00,0.000000e+00,0.000000e+00,0.000000e+00
1.000000e+00,0.000000e+00,0.000000e+00,0.000000e+00,0.000000e+00,0.000000e+00,0.000000e+00,0.000000e+00,0.000000e+00,0.000000e+00,0.000000e+00,0.000000e+00,0.000000e+00,0.000000e+00,0.000000e+00
1.000000e+00,0.000000e+00,0.000000e+00,0.000000e+00,0.000000e+00,0.000000e+00,0.000000e+00,0.000000e+00,0.000000e+00,0.000000e+00,0.000000e+00,0.000000e+00,0.000000e+00,0.000000e+00,0.000000e+00
1.000000e+00,0.000000e+00,0.000000e+00,0.000000e+00,0.000000e+00,0.000000e+00,0.000000e+00,0.000000e+00,0.000000e+00,0.000000e+00,0.000000e+00,0.000000e+00,0.000000e+00,0.000000e+00,0.000000e+00
1.000000e+00,0.000000e+00,0.000000e+00,0.000000e+00,0.000000e+00,0.000000e+00,0.000000e+00,0.000000e+00,0.000000e+00,0.000000e+00,0.000000e+00,0.000000e+00,0.000000e+00,0.000000e+00,0.000000e+00
1.000000e+00,0.000000e+00,0.000000e+00,0.000000e+00,0.000000e+00,0.000000e+00,0.000000e+00,0.000000e+00,0.000000e+00,0.000000e+00,0.000000e+00,0.000000e+00,0.000000e+00,0.000000e+00,0.000000e+00
1.000000e+00,0.000000e+00,0.000000e+00,0.000000e+00,0.000000e+00,0.000000e+00,0.000000e+00,0.000000e+00,0.000000e+00,0.000000e+00,0.000000e+00,0.000000e+00,0.000000e+00,0.000000e+00,0.000000e+00
1.000000e+00,0.000000e+00,0.000000e+00,0.000000e+00,0.000000e+00,0.000000e+00,0.000000e+00,0.000000e+00,0.000000e+00,0.000000e+00,0.000000e+00,0.000000e+00,0.000000e+00,0.000000e+00,0.000000e+00
1.000000e+00,0.000000e+00,0.000000e+00,0.000000e+00,0.000000e+00,0.000000e+00,0.000000e+00,0.000000e+00,0.000000e+00,0.000000e+00,0.000000e+00,0.000000e+00,0.000000e+00,0.000000e+00,0.000000e+00
1.000000e+00,0.000000e+00,0.000000e+00,0.000000e+00,0.000000e+00,0.000000e+00,0.000000e+00,0.000000e+00,0.000000e+00,0.000000e+00,0.000000e+00,0.000000e+00,0.000000e+00,0.000000e+00,0.000000e+00
4.541202e-01,6.859071e-03,4.182223e-02,4.517985e-02,4.525411e-03,1.406913e-02,7.321576e-03,3.800744e-01,2.165974e-03,1.731585e-03,1.041597e-02,1.455298e-02,8.016258e-03,1.853416e-03,7.292034e-03
3.826508e-01,5.331215e-03,3.543024e-02,3.393967e-02,3.618076e-03,1.415226e-02,8.588630e-03,4.735615e-01,1.921735e-03,1.711196e-03,8.944936e-03,1.383376e-02,7.385670e-03,1.976289e-03,6.954107e-03
2.714097e-01,4.629750e-03,2.997236e-02,2.732132e-02,3.112069e-03,1.036895e-02,6.279751e-03,4.755635e-01,1.698954e-03,5.715066e-03,8.391662e-02,3.320603e-02,8.258857e-03,3.316761e-02,5.379484e-03
1.905026e-01,3.311092e-03,2.117473e-02,2.373913e-02,2.265758e-03,7.448658e-03,4.439652e-03,3.549314e-01,1.690853e-03,1.268565e-02,1.136072e-01,1.398530e-01,4.002682e-02,8.017917e-02,4.144358e-03
1.333781e-01,2.557664e-03,1.484843e-02,2.199676e-02,1.720663e-03,5.234818e-03,3.118690e-03,2.492453e-01,2.221976e-03,1.156312e-02,1.932886e-01,1.442063e-01,6.006712e-02,1.534423e-01,3.110112e-03
9.445942e-02,2.681284e-03,1.064601e-02,5.414379e-02,1.216857e-02,4.017702e-03,2.906567e-03,1.804112e-01,1.888969e-02,1.181122e-02,1.932558e-01,1.750144e-01,5.889014e-02,1.770129e-01,3.691250e-03
6.650771e-02,3.117756e-03,8.031658e-03,6.879938e-02,1.474348e-02,3.398286e-03,2.363780e-03,1.342894e-01,4.404360e-02,1.154701e-02,2.342933e-01,1.898851e-01,4.795405e-02,1.668493e-01,4.176239e-03
4.679520e-02,2.406413e-03,5.776905e-03,7.644164e-02,1.274715e-02,2.751026e-03,1.713527e-03,9.409041e-02,4.233177e-02,1.248292e-02,3.189515e-01,2.234051e-01,3.497552e-02,1.210452e-01,4.085769e-03
3.390454e-02,2.201661e-03,4.337198e-03,8.108920e-02,1.054060e-02,3.906905e-03,1.504881e-03,6.600297e-02,4.711012e-02,5.415742e-02,2.749768e-01,3.007805e-01,2.548208e-02,8.685476e-02,7.150329e-03
2.420069e-02,2.066177e-03,3.315723e-03,6.976034e-02,1.208535e-02,3.572716e-03,1.215238e-03,4.661968e-02,3.649044e-02,4.728668e-02,2.666865e-01,3.962515e-01,1.913744e-02,6.470278e-02,6.608759e-03
1.709546e-02,1.496542e-03,2.365368e-03,5.192014e-02,1.173653e-02,2.775258e-03,9.067057e-04,3.275978e-02,2.721217e-02,3.746741e-02,2.733616e-01,4.724415e-01,1.448939e-02,4.905629e-02,4.915885e-03
1.223518e-02,1.195076e-03,1.789232e-03,3.776574e-02,1.721338e-02,3.292259e-03,7.435019e-04,2.336015e-02,1.981936e-02,3.097181e-02,2.459908e-01,5.533718e-01,1.126600e-02,3.718131e-02,3.804455e-03
9.155861e-03,1.031503e-03,1.358279e-03,2.894695e-02,2.447039e-02,3.608947e-03,5.759447e-04,1.668953e-02,1.608925e-02,2.295155e-02,2.161518e-01,6.188021e-01,8.616237e-03,2.848883e-02,3.062777e-03
6.597491e-03,1.044120e-03,1.127764e-03,2.075650e-02,3.467620e-02,2.787974e-03,4.197560e-04,1.207780e-02,1.396788e-02,1.695948e-02,1.838551e-01,6.721455e-01,7.576417e-03,2.375683e-02,2.251275e-03
4.854922e-03,1.718308e-03,1.226244e-03,1.497908e-02,3.553670e-02,2.223573e-03,3.040880e-04,8.682437e-03,1.272419e-02,1.265648e-02,1.440124e-01,7.316198e-01,6.377115e-03,2.130629e-02,1.778427e-03
3.545608e-03,1.336221e-03,9.533860e-04,1.053897e-02,2.606299e-02,1.691432e-03,2.185629e-04,6.111555e-03,9.858792e-03,9.757374e-03,1.319147e-01,7.747062e-01,4.925152e-03,1.710128e-02,1.277783e-03
2.879420e-03,1.171269e-03,8.630943e-04,7.485262e-03,1.998296e-02,1.356831e-03,1.598609e-04,4.354775e-03,8.136589e-03,8.856939e-03,1.182008e-01,8.063531e-01,4.110053e-03,1.516116e-02,9.280114e-04
2.881533e-03,9.151811e-04,7.147352e-04,5.289081e-03,1.427785e-02,1.465217e-03,1.283340e-04,3.111047e-03,6.092351e-03,6.980241e-03,9.940733e-02,8.390000e-01,3.135072e-03,1.592787e-02,6.742582e-04
2.676956e-03,8.621750e-04,7.135831e-04,3.740810e-03,1.054748e-02,1.355552e-03,1.099738e-04,2.219358e-03,4.570004e-03,5.578260e-03,9.240922e-02,8.571116e-01,2.431421e-03,1.516982e-02,5.038807e-04
2.890972e-03,8.896606e-04,6.618406e-04,2.664601e-03,8.281759e-03,1.353067e-03,1.098672e-04,1.605205e-03,3.645866e-03,4.569781e-03,9.102276e-02,8.654679e-01,1.916514e-03,1.451766e-02,4.026007e-04
3.037701e-03,9.635500e-04,1.198366e-03,2.041462e-03,7.331309e-03,2.021350e-03,3.349752e-04,2.036086e-03,2.862061e-03,7.901903e-03,8.086612e-02,8.742775e-01,1.580553e-03,1.320291e-02,3.442529e-04
2.536955e-03,1.283046e-03,1.535615e-03,1.509603e-03,7.958798e-03,1.909559e-03,3.032460e-04,1.820713e-03,2.408520e-03,7.686922e-03,7.461939e-02,8.838177e-01,1.285186e-03,1.096633e-02,3.584831e-04
2.187836e-03,1.355457e-03,1.914051e-03,1.091843e-03,6.592839e-03,1.641346e-03,2.296647e-04,1.541161e-03,2.004697e-03,8.971124e-03,8.737320e-02,8.739164e-01,1.033827e-03,9.779237e-03,3.673312e-04
1.637471e-03,1.302109e-03,2.061452e-03,7.774751e-04,6.289328e-03,1.416315e-03,1.669600e-04,1.166928e-03,1.883718e-03,8.728961e-03,7.151703e-02,8.942926e-01,8.467764e-04,7.570340e-03,3.425762e-04
1.299267e-03,1.052960e-03,2.020404e-03,5.630531e-04,4.917300e-03,1.135884e-03,1.210594e-04,1.171156e-03,1.692698e-03,8.174309e-03,6.946042e-02,9.014857e-01,6.658352e-04,5.960577e-03,2.793802e-04
1.127586e-03,1.207075e-03,3.685900e-03,4.914762e-04,5.501905e-03,8.785147e-04,1.026630e-04,3.358643e-03,1.976438e-03,6.270275e-03,7.069641e-02,8.990324e-01,4.889130e-04,4.959246e-03,2.226518e-04
1.038465e-03,1.797676e-03,4.053551e-03,3.719858e-04,5.159652e-03,6.842353e-04,8.081382e-05,2.928766e-03,1.554491e-03,5.480899e-03,5.926264e-02,9.128721e-01,3.966101e-04,4.139512e-03,1.786080e-04
1.336171e-03,7.732144e-03,1.633036e-02,7.673681e-04,7.578266e-03,5.757855e-04,9.223030e-05,1.099605e-02,1.839580e-03,4.527059e-03,7.312284e-02,8.712440e-01,3.142773e-04,3.401712e-03,1.421719e-04
1.943437e-03,7.814960e-03,1.682231e-02,9.014810e-04,6.381386e-03,5.211888e-04,8.485725e-05,1.055436e-02,2.501867e-03,4.313084e-03,7.878975e-02,8.654246e-01,2.535599e-04,3.574431e-03,1.186410e-04
3.047562e-03,1.373383e-02,5.383664e-02,1.921754e-03,5.413997e-03,6.285466e-04,1.200520e-04,1.944880e-02,6.058415e-03,4.493827e-03,1.101323e-01,7.766070e-01,2.183485e-04,4.196015e-03,1.428624e-04
4.198732e-03,1.178945e-02,1.025518e-01,9.938689e-03,5.805474e-03,1.093256e-03,5.708786e-04,6.220869e-02,1.970709e-02,4.689193e-03,1.364579e-01,6.369568e-01,1.866285e-04,3.719033e-03,1.263090e-04
6.740351e-03,1.196242e-02,1.023325e-01,1.037008e-02,7.522036e-03,2.776071e-03,9.829190e-04,6.206447e-02,5.884597e-02,5.126391e-03,1.705043e-01,5.519550e-01,1.677187e-04,8.450570e-03,1.991724e-04
9.393839e-03,9.098679e-03,9.826979e-02,1.733202e-02,8.462729e-03,2.943608e-03,1.288710e-03,5.988128e-02,8.268941e-02,5.317201e-03,2.929381e-01,4.046071e-01,1.522227e-04,7.376296e-03,2.490950e-04
1.297377e-02,6.746577e-03,1.007949e-01,4.429237e-02,8.283046e-03,3.364162e-03,4.888847e-03,1.605608e-01,9.321307e-02,5.023323e-03,2.682814e-01,2.852456e-01,1.779215e-04,5.867147e-03,2.871087e-04
2.073170e-02,5.279327e-03,9.130243e-02,3.723582e-02,8.541891e-03,4.940187e-03,3.998744e-03,1.342671e-01,1.505799e-01,5.198028e-03,3.315515e-01,2.002356e-01,1.807921e-04,5.293508e-03,6.634945e-04
2.082502e-02,3.795224e-03,7.142578e-02,2.845057e-02,7.195325e-03,3.825304e-03,2.824113e-03,9.502349e-02,1.730870e-01,6.304415e-03,4.391367e-01,1.402744e-01,1.502823e-04,7.098078e-03,5.843636e-04
2.382300e-02,2.964660e-03,6.062098e-02,2.139207e-02,6.480514e-03,3.178186e-03,2.003016e-03,6.729943e-02,2.524715e-01,7.527801e-03,4.424570e-01,9.833296e-02,1.517998e-04,1.060718e-02,6.899503e-04
2.426573e-02,2.170822e-03,4.604695e-02,1.552340e-02,5.525365e-03,2.827780e-03,1.412835e-03,4.738857e-02,2.823454e-01,6.734511e-03,4.802595e-01,6.900894e-02,1.593140e-04,1.574212e-02,5.888374e-04
2.525717e-02,1.687413e-03,3.450211e-02,1.155828e-02,4.711386e-03,2.759002e-03,1.006106e-03,3.357486e-02,2.631295e-01,5.082791e-03,5.507568e-01,4.876844e-02,1.728261e-04,1.643257e-02,6.007510e-04
2.451324e-02,1.378637e-03,2.484298e-02,9.175205e-03,4.057921e-03,2.837012e-03,7.344532e-04,2.398402e-02,2.409203e-01,3.952894e-03,6.125949e-01,3.440951e-02,2.529565e-04,1.538002e-02,9.660274e-04
5.071465e-02,2.363444e-03,2.117692e-02,1.175562e-02,4.414686e-03,1.159314e-02,6.476924e-04,2.112761e-02,2.489660e-01,3.561615e-03,5.660182e-01,2.487735e-02,7.110378e-04,2.850226e-02,3.569812e-03
8.190267e-02,4.991876e-03,1.910755e-02,2.578048e-02,7.386266e-03,2.128406e-02,7.518533e-04,1.973849e-02,2.496674e-01,2.974690e-03,4.944349e-01,1.962393e-02,1.680495e-03,4.466469e-02,6.010659e-03
1.098620e-01,7.778508e-03,2.137442e-02,2.324210e-02,1.011328e-02,2.199961e-02,1.186628e-03,1.718898e-02,2.001051e-01,3.478972e-03,4.821402e-01,2.772625e-02,3.413611e-03,5.921555e-02,1.117476e-02
1.784930e-01,1.415503e-02,2.671959e-02,2.374163e-02,9.496844e-03,1.966620e-02,1.902681e-03,2.226874e-02,1.726474e-01,4.841850e-03,3.949512e-01,3.035948e-02,4.254911e-03,8.464551e-02,1.185597e-02
2.566833e-01,2.432821e-02,4.280930e-02,2.643114e-02,9.222858e-03,2.325480e-02,2.573849e-03,3.002140e-02,1.542145e-01,6.304680e-03,2.967923e-01,2.711844e-02,4.772690e-03,7.892653e-02,1.654600e-02
1.843128e-01,2.094430e-02,7.258044e-02,2.096605e-02,6.608825e-03,6.315143e-02,1.824530e-03,2.123675e-02,1.148918e-01,5.262120e-03,2.956220e-01,2.095434e-02,3.684669e-03,1.418459e-01,2.611400e-02
1.310354e-01,1.749336e-02,9.852672e-02,1.770297e-02,4.723662e-03,5.543962e-02,1.303241e-03,1.506356e-02,8.724644e-02,4.587603e-03,2.900925e-01,1.707348e-02,3.004116e-03,2.271077e-01,2.959952e-02
9.258285e-02,1.246871e-02,7.138328e-02,1.300969e-02,3.408577e-03,3.904521e-02,9.301675e-04,1.060577e-02,6.870995e-02,4.711810e-03,3.454519e-01,1.309957e-02,2.306778e-03,3.003322e-01,2.195353e-02
6.511506e-02,9.127012e-03,5.055213e-02,9.526257e-03,3.370111e-03,2.762870e-02,6.733598e-04,7.458089e-03,5.194693e-02,6.065909e-03,4.035366e-01,9.799553e-03,1.839373e-03,3.322042e-01,2.115669e-02
4.567327e-02,6.481927e-03,3.554751e-02,6.734999e-03,3.152834e-03,1.949118e-02,4.924427e-04,5.245256e-03,3.822746e-02,1.158031e-02,4.433466e-01,7.088866e-03,1.334568e-03,3.598435e-01,1.575926e-02
3.220180e-02,4.818114e-03,2.500575e-02,4.915628e-03,3.959460e-03,1.425030e-02,3.800858e-04,3.753200e-03,2.891901e-02,1.260698e-02,4.787936e-01,5.763943e-03,1.025627e-03,3.716359e-01,1.197055e-02
2.269589e-02,3.626018e-03,1.760112e-02,3.598650e-03,4.898671e-03,1.042943e-02,4.672659e-04,2.693120e-03,2.174295e-02,1.476262e-02,4.943156e-01,5.900430e-03,1.003132e-03,3.865390e-01,9.726018e-03
1.609299e-02,2.598464e-03,1.252252e-02,2.850916e-03,8.147907e-03,1.116992e-02,2.758030e-03,2.851905e-03,1.660423e-02,1.896286e-02,4.862862e-01,6.702996e-03,2.311073e-03,4.026015e-01,7.538432e-03
1.155230e-02,1.888093e-03,8.832865e-03,2.472088e-03,9.748986e-03,9.404653e-03,2.028580e-03,2.251524e-03,1.283962e-02,1.669383e-02,4.525771e-01,1.400504e-02,3.502441e-03,4.463021e-01,5.900672e-03
8.177490e-03,1.418524e-03,6.253957e-03,2.018684e-03,1.283738e-02,6.909341e-03,1.463403e-03,1.655123e-03,1.080624e-02,1.501189e-02,4.349521e-01,4.083185e-02,2.938113e-03,4.504027e-01,4.323197e-03
5.756963e-03,1.095119e-03,4.408658e-03,1.516691e-03,1.104151e-02,5.069655e-03,1.032375e-03,1.169894e-03,1.235650e-02,1.332596e-02,4.712514e-01,4.824834e-02,2.290770e-03,4.177580e-01,3.678136e-03
4.063625e-03,8.578683e-04,3.111644e-03,1.147631e-03,9.658943e-03,3.785516e-03,7.397339e-04,8.325804e-04,9.301892e-03,1.224745e-02,4.659466e-01,4.730421e-02,2.186229e-03,4.356343e-01,3.181848e-03
2.870495e-03,6.739207e-04,2.195871e-03,8.487527e-04,8.616671e-03,2.843876e-03,7.407079e-04,6.382154e-04,6.745680e-03,9.915639e-03,5.534737e-01,3.855824e-02,1.846422e-03,3.672438e-01,2.787997e-03
2.020262e-03,1.475018e-03,1.720402e-03,6.261407e-04,1.174970e-02,2.345209e-03,1.209142e-03,4.811587e-04,5.234066e-03,1.085378e-02,6.461693e-01,3.183372e-02,1.596634e-03,2.768070e-01,5.878509e-03
1.457553e-03,4.019693e-03,2.961723e-03,7.157711e-04,2.344183e-02,2.227745e-03,2.476947e-03,5.777784e-04,6.021493e-03,1.273336e-02,6.553103e-01,3.248934e-02,2.124665e-03,2.335791e-01,1.986261e-02
1.089048e-03,7.060997e-03,1.207350e-02,9.012978e-04,2.071271e-02,2.034157e-03,2.080979e-03,5.839466e-04,7.631962e-03,1.317477e-02,6.618650e-01,2.666954e-02,2.610155e-03,1.783119e-01,6.320007e-02
7.980413e-04,5.426256e-03,1.106967e-02,9.334635e-04,1.562273e-02,2.010149e-03,1.518026e-03,4.536831e-04,8.788845e-03,1.104124e-02,7.275211e-01,2.069354e-02,2.845079e-03,1.317356e-01,5.954257e-02
6.099185e-04,4.201987e-03,1.018495e-02,1.016187e-03,1.169255e-02,3.076741e-03,1.143687e-03,3.530712e-04,9.221429e-03,9.296854e-03,7.842989e-01,1.763983e-02,4.501694e-03,9.450413e-02,4.825800e-02
6.349520e-04,4.102033e-03,1.103462e-02,8.931474e-04,9.201441e-03,4.804522e-03,1.521004e-03,3.923327e-04,7.568376e-03,7.542151e-03,8.262342e-01,1.422790e-02,5.448327e-03,6.677040e-02,3.962451e-02
7.840497e-04,7.431945e-03,1.336067e-02,9.132525e-04,7.515642e-03,6.757896e-03,1.815696e-03,4.673490e-04,7.061366e-03,6.319568e-03,8.426056e-01,1.360184e-02,6.928533e-03,4.764360e-02,3.679299e-02
1.451802e-03,6.227575e-03,1.099286e-02,7.780003e-04,6.496911e-03,1.135729e-02,1.526645e-03,5.149628e-04,5.780627e-03,4.981609e-03,8.654221e-01,1.666611e-02,6.858616e-03,3.430342e-02,2.664146e-02
2.202938e-03,5.085468e-03,9.270555e-03,7.940473e-04,6.719601e-03,1.489369e-02,1.263963e-03,6.069172e-04,4.464294e-03,3.802026e-03,8.839427e-01,1.676388e-02,6.180602e-03,2.462169e-02,1.938769e-02
3.121328e-03,4.138807e-03,8.832536e-03,9.332029e-04,8.595597e-03,1.468608e-02,1.014879e-03,9.787589e-04,3.530790e-03,2.965042e-03,8.889027e-01,2.323832e-02,6.688111e-03,1.814462e-02,1.422927e-02
5.530271e-03,3.282006e-03,7.138713e-03,8.403831e-04,8.486945e-03,2.419227e-02,9.761960e-04,9.626860e-04,2.719469e-03,2.193858e-03,8.436825e-01,6.870755e-02,6.649233e-03,1.412520e-02,1.051265e-02
6.549215e-03,2.627441e-03,5.822361e-03,7.737499e-04,6.905094e-03,5.002658e-02,8.857881e-04,8.834354e-04,2.108708e-03,1.698704e-03,7.065190e-01,1.877892e-01,7.646514e-03,1.192023e-02,7.843932e-03
6.320929e-03,1.905279e-03,4.332612e-03,6.071489e-04,5.055881e-03,5.467533e-02,6.809497e-04,7.120508e-04,1.564900e-03,1.345997e-03,5.399624e-01,3.590204e-01,8.308251e-03,9.831431e-03,5.676471e-03
4.955529e-03,1.355884e-03,3.145245e-03,4.873095e-04,3.640552e-03,5.359922e-02,5.024250e-04,5.463635e-04,1.287285e-03,1.052369e-03,4.161217e-01,4.929312e-01,7.300949e-03,8.912801e-03,4.161212e-03
3.753164e-03,1.013073e-03,2.347781e-03,5.899586e-04,2.822305e-03,4.749807e-02,3.661650e-04,4.370994e-04,1.829204e-03,9.981743e-04,3.328846e-01,5.882896e-01,6.336952e-03,7.554492e-03,3.279366e-03
2.786723e-03,8.097208e-04,1.802722e-03,9.274215e-04,2.162784e-03,4.106471e-02,2.809839e-04,3.703987e-04,3.102447e-03,1.104556e-03,2.700079e-01,6.600699e-01,5.629471e-03,7.012932e-03,2.867259e-03
2.157516e-03,6.588522e-04,1.416772e-03,2.259324e-03,1.697191e-03,3.838690e-02,2.325045e-04,3.621595e-04,6.649188e-03,1.372829e-03,2.475682e-01,6.831059e-01,4.940116e-03,6.686112e-03,2.506426e-03
1.675250e-03,5.431208e-04,1.364399e-03,3.603388e-03,1.983762e-03,3.154428e-02,2.113496e-04,3.683655e-04,7.585109e-03,1.671868e-03,2.179732e-01,7.170299e-01,4.798096e-03,7.361903e-03,2.285949e-03
1.318356e-03,1.077189e-03,3.438180e-03,3.815346e-03,5.315279e-03,2.310726e-02,1.821138e-04,4.895679e-04,3.033289e-02,2.383694e-03,2.145970e-01,6.834822e-01,5.345273e-03,2.038861e-02,4.727039e-03
1.299315e-03,1.415729e-03,4.704610e-03,3.441598e-03,7.466482e-03,1.734097e-02,1.707143e-04,6.037740e-04,3.195279e-02,3.860158e-03,2.609136e-01,6.079730e-01,5.985481e-03,4.846643e-02,4.405370e-03
2.808639e-03,1.321733e-03,5.106083e-03,3.966295e-03,6.818628e-03,1.397660e-02,1.577892e-04,7.793568e-04,3.089093e-02,1.052411e-02,2.685738e-01,5.999547e-01,9.433320e-03,4.212888e-02,3.559047e-03
5.406727e-03,1.329051e-03,4.538292e-03,4.284972e-03,6.699231e-03,1.103891e-02,1.297351e-04,8.486996e-04,2.813699e-02,1.928901e-02,3.113894e-01,5.512510e-01,9.686082e-03,4.256799e-02,3.403916e-03
8.013632e-03,1.615208e-03,3.649144e-03,3.458428e-03,5.471938e-03,8.806689e-03,1.072095e-04,6.996845e-04,2.238157e-02,2.742560e-02,3.430235e-01,5.244079e-01,9.276064e-03,3.871046e-02,2.952980e-03
1.226885e-02,1.727289e-03,2.777755e-03,3.008876e-03,4.594839e-03,6.972420e-03,9.105614e-05,6.440469e-04,1.896814e-02,2.921399e-02,3.002407e-01,5.748140e-01,8.823605e-03,3.317811e-02,2.676246e-03
3.395374e-02,1.771015e-03,2.176239e-03,2.528830e-03,3.409082e-03,7.434669e-03,1.161823e-04,6.452112e-04,1.428850e-02,3.230130e-02,2.938347e-01,5.672735e-01,7.805863e-03,2.965765e-02,2.803492e-03
5.088696e-02,1.730479e-03,1.962560e-03,2.144168e-03,2.682503e-03,7.692212e-03,1.947130e-04,8.409335e-04,1.055291e-02,3.392835e-02,3.442000e-01,5.043244e-01,6.703561e-03,2.927306e-02,2.883179e-03
4.142094e-02,1.334989e-03,1.439976e-03,1.667684e-03,2.041962e-03,6.907131e-03,2.119560e-04,6.635234e-04,7.727023e-03,2.628649e-02,4.743487e-01,4.044081e-01,5.609924e-03,2.347997e-02,2.451682e-03
3.164937e-02,1.275749e-03,1.283501e-03,1.386029e-03,3.967321e-03,6.949029e-03,1.266672e-03,1.174504e-03,8.954595e-03,2.138066e-02,5.758090e-01,3.165680e-01,4.895532e-03,2.083642e-02,2.603651e-03
2.453636e-02,1.621576e-03,2.722731e-03,1.105152e-03,5.509922e-03,1.974025e-02,3.368124e-03,6.372899e-03,1.817754e-02,1.803933e-02,5.911179e-01,2.796070e-01,4.399325e-03,2.105375e-02,2.628327e-03
1.764634e-02,2.396556e-03,2.229474e-03,8.183426e-04,5.132217e-03,2.139239e-02,3.611453e-03,6.086455e-03,3.727609e-02,1.502221e-02,6.314130e-01,2.322448e-01,4.037826e-03,1.770270e-02,2.990287e-03
1.451778e-02,7.092025e-03,7.583232e-03,9.932021e-04,1.296817e-02,3.063039e-02,1.129502e-02,2.581851e-02,9.396256e-02,1.824409e-02,5.430756e-01,2.065077e-01,3.632316e-03,2.025382e-02,3.425719e-03
1.068264e-02,9.404038e-03,5.663520e-03,7.401781e-04,2.435371e-02,2.309036e-02,8.661706e-03,1.984648e-02,3.149691e-01,1.366995e-02,3.920273e-01,1.553310e-01,2.811395e-03,1.601595e-02,2.732758e-03
7.598188e-03,9.359967e-03,4.313638e-03,7.573763e-04,4.585005e-02,1.928346e-02,6.250000e-03,1.449519e-02,4.810646e-01,1.037621e-02,2.755299e-01,1.093635e-01,2.111245e-03,1.145818e-02,2.188575e-03
5.601096e-03,1.124140e-02,3.610134e-03,9.757781e-04,4.575118e-02,3.246061e-02,4.540124e-03,1.055880e-02,5.889280e-01,9.273585e-03,1.940545e-01,7.761107e-02,2.312840e-03,8.189134e-03,4.891807e-03
4.287698e-03,1.368079e-02,2.743274e-03,1.400555e-03,5.118363e-02,3.411042e-02,3.433499e-03,7.544116e-03,6.608100e-01,8.711498e-03,1.365874e-01,5.518797e-02,2.588115e-03,5.775439e-03,1.195567e-02
5.137274e-03,1.343120e-02,2.102118e-03,1.217616e-03,5.511619e-02,5.486161e-02,2.666201e-03,6.157829e-03,7.037095e-01,6.222654e-03,9.585684e-02,3.886341e-02,1.928366e-03,4.072039e-03,8.657238e-03
7.523045e-03,1.355477e-02,1.573620e-03,1.459989e-03,6.281760e-02,4.183961e-02,2.102221e-03,4.921873e-03,7.516431e-01,4.664964e-03,6.750710e-02,2.764010e-02,1.610223e-03,2.888934e-03,8.252874e-03
1.605438e-02,1.789102e-02,1.425820e-03,9.130360e-03,7.282085e-02,3.383420e-02,2.451667e-03,1.060201e-02,7.453406e-01,4.081234e-03,4.787697e-02,2.073449e-02,2.159704e-03,2.202151e-03,1.339455e-02
2.225266e-02,2.396430e-02,2.093408e-03,2.254019e-02,7.012276e-02,2.793377e-02,2.014483e-03,1.822099e-02,6.455323e-01,1.460286e-02,3.459733e-02,1.586846e-02,2.827562e-03,1.837973e-03,9.559095e-02
3.832546e-02,2.538672e-02,3.647592e-03,4.729161e-02,8.373633e-02,2.369618e-02,1.920358e-03,3.055905e-02,5.891756e-01,1.643507e-02,2.852651e-02,1.364791e-02,4.540776e-03,2.181260e-03,9.092961e-02
4.491087e-02,2.467972e-02,4.963624e-03,7.188733e-02,7.610357e-02,2.016318e-02,1.581813e-03,3.671677e-02,5.442733e-01,1.628313e-02,2.642946e-02,1.305289e-02,1.035805e-02,3.394886e-03,1.052015e-01
6.895263e-02,2.895922e-02,7.537211e-03,6.858233e-02,8.121935e-02,1.617374e-02,1.712122e-03,3.780273e-02,4.977254e-01,1.610868e-02,2.766469e-02,1.285034e-02,1.378820e-02,5.545034e-03,1.153784e-01
5.619678e-02,3.226726e-02,8.351435e-03,5.506675e-02,6.223186e-02,1.793993e-02,1.571149e-03,3.400882e-02,4.682395e-01,2.997035e-02,2.524875e-02,1.074841e-02,1.391078e-02,7.846544e-03,1.764017e-01
4.848180e-02,3.772902e-02,1.024483e-02,4.427690e-02,4.916872e-02,1.854637e-02,1.440121e-03,3.494526e-02,4.672222e-01,4.120085e-02,2.363312e-02,9.646766e-03,1.759795e-02,1.021533e-02,1.856508e-01
7.919457e-02,3.721453e-02,1.226720e-02,3.959601e-02,3.555491e-02,1.630660e-02,1.778826e-03,2.630455e-02,4.398685e-01,4.436037e-02,2.418404e-02,3.039470e-02,3.102222e-02,2.546635e-02,1.564867e-01
9.381311e-02,3.615026e-02,1.068265e-02,3.099611e-02,2.516453e-02,1.492422e-02,1.674817e-03,1.946056e-02,3.447951e-01,3.335955e-02,3.059595e-02,1.509398e-01,6.826528e-02,2.367296e-02,1.155052e-01
1.012061e-01,2.950854e-02,8.493834e-03,2.341314e-02,1.772058e-02,1.676062e-02,1.521978e-03,1.378781e-02,2.530261e-01,2.480412e-02,2.852108e-02,2.766847e-01,7.221974e-02,3.600544e-02,9.632631e-02
7.696955e-02,2.226132e-02,6.181067e-03,1.680859e-02,1.248265e-02,1.359455e-02,1.281428e-03,9.798804e-03,1.849615e-01,1.798365e-02,2.519791e-02,4.425324e-01,6.805103e-02,3.238567e-02,6.950984e-02
5.994994e-02,1.650732e-02,4.572822e-03,1.205481e-02,8.890682e-03,1.158465e-02,1.190076e-03,7.000491e-03,1.358268e-01,1.342417e-02,2.183469e-02,5.402433e-01,6.881176e-02,4.804630e-02,5.006220e-02
4.729293e-02,1.211596e-02,3.305335e-03,8.559232e-03,6.315862e-03,9.053884e-03,9.805226e-04,5.045365e-03,1.007821e-01,1.090370e-02,1.928507e-02,6.362013e-01,6.293826e-02,4.132573e-02,3.589480e-02
4.587997e-02,9.002677e-03,2.630531e-03,6.177220e-03,4.625420e-03,9.248720e-03,1.071232e-03,4.000026e-03,7.478152e-02,1.145208e-02,1.804840e-02,6.949787e-01,5.748901e-02,3.500286e-02,2.561165e-02
3.715106e-02,6.960038e-03,2.361426e-03,4.474320e-03,5.214284e-03,8.303447e-03,1.401904e-03,3.554049e-03,6.745464e-02,1.142620e-02,1.965673e-02,7.329623e-01,5.419161e-02,2.677269e-02,1.811527e-02
3.213589e-02,5.146732e-03,1.908400e-03,3.212790e-03,4.293921e-03,7.405669e-03,1.703116e-03,3.105119e-03,4.944741e-02,1.088218e-02,1.877150e-02,7.830176e-01,4.425563e-02,2.184355e-02,1.287052e-02
2.790893e-02,4.036063e-03,1.816554e-03,2.325217e-03,5.873185e-03,7.869941e-03,1.789814e-03,3.097455e-03,4.248320e-02,1.190555e-02,2.084689e-02,8.070242e-01,3.723518e-02,1.670718e-02,9.080628e-03
2.103859e-02,2.862450e-03,1.303079e-03,1.655509e-03,5.219349e-03,6.514108e-03,1.297280e-03,2.432450e-03,3.151996e-02,9.542326e-03,1.901825e-02,8.513001e-01,2.799742e-02,1.192411e-02,6.375030e-03
1.539410e-02,2.062402e-03,9.311959e-04,1.168842e-03,3.809373e-03,4.857119e-03,9.112954e-04,1.743982e-03,2.317363e-02,8.568285e-03,1.898541e-02,8.846005e-01,2.083093e-02,8.489297e-03,4.473685e-03
1.105653e-02,1.527345e-03,6.635002e-04,8.232547e-04,2.717468e-03,3.572123e-03,6.394164e-04,1.245062e-03,1.715494e-02,7.452805e-03,2.758433e-02,9.007331e-01,1.558102e-02,6.103542e-03,3.145625e-03
8.191155e-03,1.124812e-03,5.097570e-04,5.896731e-04,2.175721e-03,2.653576e-03,4.517432e-04,1.005828e-03,1.387122e-02,9.020944e-03,2.163147e-02,9.203257e-01,1.175433e-02,4.476875e-03,2.217258e-03
5.897122e-03,8.323884e-04,3.852620e-04,4.292307e-04,1.892966e-03,2.022770e-03,3.261857e-04,8.099312e-04,1.268881e-02,8.808279e-03,1.682368e-02,9.353045e-01,8.879046e-03,3.328234e-03,1.571585e-03
4.482909e-03,6.929219e-04,4.238210e-04,3.557358e-04,3.819301e-03,1.594180e-03,2.389070e-04,9.743002e-04,1.590323e-02,9.814129e-03,1.380696e-02,9.368763e-01,7.382047e-03,2.510010e-03,1.125265e-03
3.216183e-03,5.100418e-04,3.237482e-04,2.652753e-04,2.984118e-03,1.271195e-03,1.775974e-04,7.917722e-04,1.478473e-02,8.470004e-03,1.079218e-02,9.479301e-01,5.873747e-03,1.814887e-03,7.944467e-04
2.526227e-03,5.109851e-04,3.014149e-04,2.028632e-04,2.603726e-03,1.076448e-03,1.351034e-04,8.597468e-04,1.730522e-02,8.840969e-03,9.150468e-03,9.496691e-01,4.913882e-03,1.334598e-03,5.692808e-04
1.882486e-03,4.656718e-04,3.417851e-04,1.478339e-04,2.172594e-03,8.725659e-04,1.024072e-04,7.792118e-04,1.586537e-02,7.668036e-03,7.253821e-03,9.571673e-01,3.889851e-03,9.833704e-04,4.077650e-04
1.469802e-03,4.540876e-04,3.776039e-04,1.101113e-04,1.851670e-03,7.079866e-04,7.587898e-05,8.077780e-04,1.521077e-02,6.903983e-03,6.637214e-03,9.612028e-01,3.160184e-03,7.382328e-04,2.919282e-04
1.156000e-03,3.727094e-04,3.177331e-04,8.064850e-05,1.418767e-03,5.846135e-04,5.779260e-05,7.636955e-04,1.276539e-02,5.641454e-03,5.377290e-03,9.683143e-01,2.393455e-03,5.470517e-04,2.090734e-04
1.231596e-03,4.066575e-04,3.805734e-04,6.236394e-05,1.232667e-03,4.944560e-04,4.652747e-05,7.936292e-04,1.200083e-02,5.640311e-03,5.471606e-03,9.697447e-01,1.915446e-03,4.168182e-04,1.617996e-04
1.226317e-03,3.667587e-04,3.332696e-04,5.257590e-05,1.095179e-03,4.154029e-04,4.075467e-05,7.457171e-04,1.120902e-02,5.508913e-03,4.760437e-03,9.722815e-01,1.509378e-03,3.248463e-04,1.300819e-04
2.105991e-03,5.177442e-04,4.985307e-04,5.007717e-05,9.635715e-04,4.045879e-04,3.843507e-05,9.915966e-04,1.118991e-02,7.373602e-03,4.810230e-03,9.692658e-01,1.394904e-03,2.740709e-04,1.210381e-04
2.330780e-03,4.794425e-04,4.829986e-04,6.386622e-05,1.053282e-03,4.162892e-04,3.893241e-05,1.120062e-03,1.338639e-02,8.923830e-03,4.233215e-03,9.658390e-01,1.276464e-03,2.410270e-04,1.144492e-04
2.183427e-03,4.165745e-04,4.608907e-04,8.352223e-05,9.395279e-04,4.539446e-04,4.049037e-05,1.423797e-03,1.468628e-02,1.065683e-02,4.317351e-03,9.627424e-01,1.278013e-03,2.132705e-04,1.037621e-04
2.246605e-03,4.006198e-04,4.835926e-04,1.502338e-04,1.803518e-03,4.684375e-04,9.012163e-05,2.717656e-03,2.929267e-02,1.082151e-02,4.913339e-03,9.449667e-01,1.311311e-03,2.318004e-04,1.019839e-04
2.419828e-03,5.147043e-04,6.372993e-04,2.497367e-04,4.226937e-03,4.712677e-04,1.328047e-04,5.072980e-03,5.470802e-02,1.401670e-02,7.062033e-03,9.085015e-01,1.607863e-03,2.717556e-04,1.066310e-04
2.120576e-03,2.347906e-03,9.064451e-04,2.309935e-04,9.525613e-03,4.115880e-04,1.712406e-04,9.813440e-03,2.279090e-01,1.134866e-02,7.506411e-03,7.256132e-01,1.728634e-03,2.739277e-04,9.239197e-05
1.816466e-03,2.696957e-03,1.363124e-03,3.171792e-04,1.525677e-02,3.793626e-04,1.957259e-04,1.766174e-02,2.912214e-01,1.037813e-02,9.855937e-03,6.465284e-01,1.958853e-03,2.951759e-04,7.484633e-05
2.210761e-03,2.307525e-03,5.839377e-03,1.463085e-03,3.751161e-02,4.923272e-04,6.548054e-04,8.162148e-02,2.436461e-01,8.311722e-03,9.863964e-03,6.037623e-01,1.947699e-03,3.060065e-04,6.130596e-05
2.924965e-03,1.842057e-03,6.604970e-03,1.913059e-03,8.762257e-02,5.395222e-04,6.210188e-04,8.668916e-02,2.072275e-01,6.231243e-03,1.073884e-02,5.842819e-01,2.393975e-03,3.153881e-04,5.379497e-05
4.593004e-03,1.642532e-03,1.005053e-02,1.940109e-03,1.545160e-01,8.751673e-04,7.737625e-04,8.683462e-02,1.922883e-01,5.602598e-03,1.259550e-02,5.245667e-01,3.215983e-03,4.480177e-04,5.716686e-05
6.236605e-03,1.922414e-03,1.346194e-02,2.534907e-03,1.770642e-01,1.359687e-03,1.853331e-03,9.739357e-02,2.615317e-01,4.752665e-03,1.194011e-02,4.154259e-01,3.911691e-03,5.492476e-04,6.211407e-05
1.082617e-02,2.075271e-03,1.564271e-02,3.799163e-03,1.896937e-01,2.792687e-03,2.479556e-03,1.167298e-01,2.677811e-01,7.247935e-03,1.684680e-02,3.577417e-01,5.181782e-03,1.077096e-03,8.462460e-05
1.213094e-02,1.970372e-03,3.434717e-02,9.646752e-03,1.609665e-01,3.923191e-03,1.817835e-02,2.270869e-01,2.310013e-01,6.021298e-03,1.739552e-02,2.720589e-01,4.287669e-03,9.134299e-04,7.169056e-05
1.952552e-02,1.580291e-03,1.590599e-01,4.880967e-02,1.334248e-01,3.468785e-03,1.373010e-02,2.278250e-01,1.734056e-01,5.090861e-03,1.617300e-02,1.938004e-01,3.310447e-03,7.311943e-04,6.450944e-05
4.173864e-02,4.052670e-03,1.649548e-01,5.975389e-02,1.218179e-01,4.746165e-03,1.142125e-02,2.455477e-01,1.661398e-01,1.116968e-02,2.132738e-02,1.426806e-01,2.628076e-03,1.694475e-03,3.270638e-04
5.408988e-02,1.491069e-02,1.356098e-01,4.884078e-02,1.282749e-01,5.989411e-03,8.285252e-03,1.939200e-01,2.488126e-01,3.143285e-02,2.405880e-02,1.006879e-01,2.018125e-03,2.160768e-03,9.083157e-04
6.541919e-02,1.382401e-02,1.268399e-01,5.736852e-02,1.325699e-01,7.089893e-03,6.218746e-03,2.352910e-01,2.150267e-01,3.963496e-02,2.402319e-02,7.167953e-02,1.817699e-03,1.927793e-03,1.268939e-03
