1.000000e+00,0.000000e+00,0.000000e+00,0.000000e+00,0.000000e+00,0.000000e+00,0.000000e+00,0.000000e+00,0.000000e+00,0.000000e+00,0.000000e+00,0.000000e+00,0.000000e+00,0.000000e+00,0.000000e+00
1.000000e+00,0.000000e+00,0.000000e+00,0.000000e+00,0.000000e+00,0.000000e+00,0.000000e+00,0.000000e+00,0.000000e+00,0.000000e+00,0.000000e+00,0.000000e+00,0.000000e+00,0.000000e+00,0.000000e+00
1.000000e+00,0.000000e+00,0.000000e+00,0.000000e+00,0.000000e+00,0.000000e+00,0.000000e+00,0.000000e+00,0.000000e+00,0.000000e+00,0.000000e+00,0.000000e+00,0.000000e+00,0.000000e+00,0.000000e+00
1.000000e+00,0.000000e+00,0.000000e+00,0.000000e+00,0.000000e+00,0.000000e+00,0.000000e+00,0.000000e+00,0.000000e+00,0.000000e+00,0.000000e+00,0.000000e+00,0.000000e+00,0.000000e+00,0.000000e+00
1.000000e+00,0.000000e+00,0.000000e+00,0.000000e+00,0.000000e+00,0.000000e+00,0.000000e+00,0.000000e+00,0.000000e+00,0.000000e+00,0.000000e+00,0.000000e+00,0.000000e+00,0.000000e+00,0.000000e+00
1.000000e+00,0.000000e+00,0.000000e+00,0.000000e+00,0.000000e+00,0.000000e+00,0.000000e+00,0.000000e+00,0.000000e+00,0.000000e+00,0.000000e+00,0.000000e+00,0.000000e+00,0.000000e+00,0.000000e+00
1.000000e+00,0.000000e+00,0.000000e+00,0.000000e+00,0.000000e+00,0.000000e+00,0.000000e+00,0.000000e+00,0.000000e+00,0.000000e+00,0.000000e+00,0.000000e+00,0.000000e+00,0.000000e+00,0.000000e+00
1.000000e+00,0.000000e+00,0.000000e+00,0.000000e+00,0.000000e+00,0.000000e+00,0.000000e+00,0.000000e+00,0.000000e+00,0.000000e+00,0.000000e+00,0.000000e+00,0.000000e+00,0.000000e+00,0.000000e+00
1.000000e+00,0.000000e+00,0.000000e+00,0.000000e+00,0.000000e+00,0.000000e+00,0.000000e+00,0.000000e+00,0.000000e+00,0.000000e+00,0.000000e+00,0.000000e+00,0.000000e+00,0.000000e+00,0.000000e+00
1.000000e+00,0.000000e+00,0.000000e+00,0.000000e+00,0.000000e+00,0.000000e+00,0.000000e+00,0.000000e+00,0.000000e+00,0.000000e+00,0.000000e+00,0.000000e+00,0.000000e+00,0.000000e+00,0.000000e+00
1.000000e+00,0.000000e+00,0.000000e+00,0.000000e+00,0.000000e+00,0.000000e+00,0.000000e+00,0.000000e+00,0.000000e+00,0.000000e+00,0.000000e+00,0.000000e+00,0.000000e+00,0.000000e+00,0.000000e+00
1.000000e+00,0.000000e+00,0.000000e+00,0.000000e+00,0.000000e+00,0.000000e+00,0.000000e+00,0.000000e+00,0.000000e+00,0.000000e+00,0.000000e+00,0.000000e+00,0.000000e+00,0.000000e+00,0.000000e+00
1.000000e+00,0.000000e+00,0.000000e+00,0.000000e+00,0.000000e+00,0.000000e+00,0.000000e+00,0.000000e+00,0.000000e+00,0.000000e+00,0.000000e+00,0.000000e+00,0.000000e+00,0.000000e+00,0.000000e+00
1.000000e+00,0.000000e+00,0.000000e+00,0.000000e+00,0.000000e+00,0.000000e+00,0.000000e+00,0.000000e+00,0.000000e+00,0.000000e+00,0.000000e+00,0.000000e+00,0.000000e+00,0.000000e+00,0.000000e+00
1.000000e+00,0.000000e+00,0.000000e+00,0.000000e+00,0.000000e+00,0.000000e+00,0.000000e+00,0.000000e+00,0.000000e+00,0.000000e+00,0.000000e+00,0.000000e+00,0.000000e+00,0.000000e+00,0.000000e+00
1.000000e+00,0.000000e+00,0.000000e+00,0.000000e+00,0.000000e+00,0.000000e+00,0.000000e+00,0.000000e+00,0.000000e+00,0.000000e+00,0.000000e+00,0.000000e+00,0.000000e+00,0.000000e+00,0.000000e+00
1.000000e+00,0.000000e+00,0.000000e+00,0.000000e+00,0.000000e+00,0.000000e+00,0.000000e+00,0.000000e+00,0.000000e+00,0.000000e+00,0.000000e+00,0.000000e+00,0.000000e+00,0.000000e+00,0.000000e+00
1.000000e+00,0.000000e+00,0.000000e+00,0.000000e+00,0.000000e+00,0.000000e+00,0.000000e+00,0.000000e+00,0.000000e+00,0.000000e+00,0.000000e+00,0.000000e+00,0.000000e+00,0.000000e+00,0.000000e+00
1.000000e+00,0.000000e+00,0.000000e+00,0.000000e+00,0.000000e+00,0.000000e+00,0.000000e+00,0.000000e+00,0.000000e+00,0.000000e+00,0.000000e+00,0.000000e+00,0.000000e+00,0.000000e+00,0.000000e+00
1.000000e+00,0.000000e+00,0.000000e+00,0.000000e+00,0.000000e+00,0.000000e+00,0.000000e+00,0.000000e+00,0.000000e+00,0.000000e+00,0.000000e+00,0.000000e+00,0.000000e+00,0.000000e+00,0.000000e+00
1.000000e+00,0.000000e+00,0.000000e+00,0.000000e+00,0.000000e+00,0.000000e+00,0.000000e+00,0.000000e+00,0.000000e+00,0.000000e+00,0.000000e+00,0.000000e+00,0.000000e+00,0.000000e+00,0.000000e+00
1.000000e+00,0.000000e+00,0.000000e+00,0.000000e+00,0.000000e+00,0.000000e+00,0.000000e+00,0.000000e+00,0.000000e+00,0.000000e+00,0.000000e+00,0.000000e+00,0.000000e+00,0.000000e+00,0.000000e+00
1.000000e+00,0.000000e+00,0.000000e+00,0.000000e+00,0.000000e+00,0.000000e+00,0.000000e+00,0.000000e+00,0.000000e+00,0.000000e+00,0.000000e+00,0.000000e+00,0.000000e+00,0.000000e+00,0.000000e+00
1.000000e+00,0.000000e+00,0.000000e+00,0.000000e+00,0.000000e+00,0.000000e+00,0.000000e+00,0.000000e+00,0.000000e+00,0.000000e+00,0.000000e+00,0.000000e+00,0.000000e+00,0.000000e+00,0.000000e+00
1.000000e+00,0.000000e+00,0.000000e+00,0.000000e+00,0.000000e+00,0.000000e+00,0.000000e+00,0.000000e+00,0.000000e+00,0.000000e+00,0.000000e+00,0.000000e+00,0.000000e+00,0.000000e+00,0.000000e+00
1.000000e+00,0.000000e+00,0.000000e+00,0.000000e+00,0.000000e+00,0.000000e+00,0.000000e+00,0.000000e+00,0.000000e+00,0.000000e+00,0.000000e+00,0.000000e+00,0.000000e+00,0.000000e+00,0.000000e+00
1.000000e+00,0.000000e+00,0.000000e+00,0.000000e+00,0.000000e+00,0.000000e+00,0.000000e+00,0.000000e+00,0.000000e+00,0.000000e+00,0.000000e+00,0.000000e+00,0.000000e+00,0.000000e+00,0.000000e+00
1.000000e+00,0.000000e+00,0.000000e+00,0.000000e+00,0.000000e+00,0.000000e+00,0.000000e+00,0.000000e+00,0.000000e+00,0.000000e+00,0.000000e+00,0.000000e+00,0.000000e+00,0.000000e+00,0.000000e+00
1.000000e+00,0.000000e+00,0.000000e+00,0.000000e+00,0.000000e+00,0.000000e+00,0.000000e+00,0.000000e+00,0.000000e+00,0.000000e+00,0.000000e+00,0.000000e+00,0.000000e+00,0.000000e+00,0.000000e+00
1.000000e+00,0.000000e+00,0.000000e+00,0.000000e+00,0.000000e+00,0.000000e+00,0.000000e+00,0.000000e+00,0.000000e+00,0.000000e+00,0.000000e+00,0.000000e+00,0.000000e+00,0.000000e+00,0.000000e+00
1.000000e+00,0.000000e+00,0.000000e+00,0.000000e+00,0.000000e+00,0.000000e+00,0.000000e+00,0.000000e+00,0.000000e+00,0.000000e+00,0.000000e+00,0.000000e+00,0.000000e+00,0.000000e+00,0.000000e+00
1.000000e+00,0.000000e+00,0.000000e+00,0.000000e+00,0.000000e+00,0.000000e+00,0.000000e+00,0.000000e+00,0.000000e+00,0.000000e+00,0.000000e+00,0.000000e+00,0.000000e+00,0.000000e+00,0.000000e+00
1.000000e+00,0.000000e+00,0.000000e+00,0.000000e+00,0.000000e+00,0.000000e+00,0.000000e+00,0.000000e+00,0.000000e+00,0.000000e+00,0.000000e+00,0.000000e+00,0.000000e+00,0.000000e+00,0.000000e+00
1.000000e+00,0.000000e+00,0.000000e+00,0.000000e+00,0.000000e+00,0.000000e+00,0.000000e+00,0.000000e+00,0.000000e+00,0.000000e+00,0.000000e+00,0.000000e+00,0.000000e+00,0.000000e+00,0.000000e+00
1.000000e+00,0.000000e+00,0.000000e+00,0.000000e+00,0.000000e+00,0.000000e+00,0.000000e+00,0.000000e+00,0.000000e+00,0.000000e+00,0.000000e+00,0.000000e+00,0.000000e+00,0.000000e+00,0.000000e+00
1.000000e+00,0.000000e+00,0.000000e+00,0.000000e+00,0.000000e+00,0.000000e+00,0.000000e+00,0.000000e+00,0.000000e+00,0.000000e+00,0.000000e+00,0.000000e+00,0.000000e+00,0.000000e+00,0.000000e+00
1.000000e+00,0.000000e+00,0.000000e+00,0.000000e+00,0.000000e+00,0.000000e+00,0.000000e+00,0.000000e+00,0.000000e+00,0.000000e+00,0.000000e+00,0.000000e+00,0.000000e+00,0.000000e+00,0.000000e+00
1.000000e+00,0.000000e+00,0.000000e+00,0.000000e+00,0.000000e+00,0.000000e+00,0.000000e+00,0.000000e+00,0.000000e+00,0.000000e+00,0.000000e+00,0.000000e+00,0.000000e+00,0.000000e+00,0.000000e+00
1.000000e+00,0.000000e+00,0.000000e+00,0.000000e+00,0.000000e+00,0.000000e+00,0.000000e+00,0.000000e+00,0.000000e+00,0.000000e+00,0.000000e+00,0.000000e+00,0.000000e+00,0.000000e+00,0.000000e+00
1.000000e+00,0.000000e+00,0.000000e+00,0.000000e+00,0.000000e+00,0.000000e+00,0.000000e+00,0.000000e+00,0.000000e+00,0.000000e+00,0.000000e+00,0.000000e+00,0.000000e+00,0.000000e+00,0.000000e+00
1.000000e+00,0.000000e+00,0.000000e+00,0.000000e+00,0.000000e+00,0.000000e+00,0.000000e+00,0.000000e+00,0.000000e+00,0.000000e+00,0.000000e+00,0.000000e+00,0.000000e+00,0.000000e+00,0.000000e+00
1.000000e+00,0.000000e+00,0.000000e+00,0.000000e+00,0.000000e+00,0.000000e+00,0.000000e+00,0.000000e+00,0.000000e+00,0.000000e+00,0.000000e+00,0.000000e+00,0.000000e+00,0.000000e+00,0.000000e+00
1.000000e+00,0.000000e+00,0.000000e+00,0.000000e+00,0.000000e+00,0.000000e+00,0.000000e+00,0.000000e+00,0.000000e+00,0.000000e+00,0.000000e+00,0.000000e+00,0.000000e+00,0.000000e+00,0.000000e+00
1.000000e+00,0.000000e+00,0.000000e+00,0.000000e+00,0.000000e+00,0.000000e+00,0.000000e+00,0.000000e+00,0.000000e+00,0.000000e+00,0.000000e+00,0.000000e+00,0.000000e+00,0.000000e+00,0.000000e+00
1.000000e+00,0.000000e+00,0.000000e+00,0.000000e+00,0.000000e+00,0.000000e+00,0.000000e+00,0.000000e+00,0.000000e+00,0.000000e+00,0.000000e+00,0.000000e+00,0.000000e+00,0.000000e+00,0.000000e+00
1.000000e+00,0.000000e+00,0.000000e+00,0.000000e+00,0.000000e+00,0.000000e+00,0.000000e+00,0.000000e+00,0.000000e+00,0.000000e+00,0.000000e+00,0.000000e+00,0.000000e+00,0.000000e+00,0.000000e+00
1.000000e+00,0.000000e+00,0.000000e+00,0.000000e+00,0.000000e+00,0.000000e+00,0.000000e+00,0.000000e+00,0.000000e+00,0.000000e+00,0.000000e+00,0.000000e+00,0.000000e+00,0.000000e+00,0.000000e+00
1.000000e+00,0.000000e+00,0.000000e+00,0.000000e+00,0.000000e+00,0.000000e+00,0.000000e+00,0.000000e+00,0.000000e+00,0.000000e+00,0.000000e+00,0.000000e+00,0.000000e+00,0.000000e+00,0.000000e+00
1.000000e+00,0.000000e+00,0.000000e+00,0.000000e+00,0.000000e+00,0.000000e+00,0.000000e+00,0.000000e+00,0.000000e+00,0.000000e+00,0.000000e+00,0.000000e+00,0.000000e+00,0.000000e+00,0.000000e+00
1.000000e+00,0.000000e+00,0.000000e+00,0.000000e+00,0.000000e+00,0.000000e+00,0.000000e+00,0.000000e+00,0.000000e+00,0.000000e+00,0.000000e+00,0.000000e+00,0.000000e+00,0.000000e+00,0.000000e+00
1.000000e+00,0.000000e+00,0.000000e+00,0.000000e+00,0.000000e+00,0.000000e+00,0.000000e+00,0.000000e+00,0.000000e+00,0.000000e+00,0.000000e+00,0.000000e+00,0.000000e+00,0.000000e+00,0.000000e+00
1.000000e+00,0.000000e+00,0.000000e+00,0.000000e+00,0.000000e+00,0.000000e+00,0.000000e+00,0.000000e+00,0.000000e+00,0.000000e+00,0.000000e+00,0.000000e+00,0.000000e+00,0.000000e+00,0.000000e+00
1.000000e+00,0.000000e+00,0.000000e+00,0.000000e+00,0.000000e+00,0.000000e+00,0.000000e+00,0.000000e+00,0.000000e+00,0.000000e+00,0.000000e+00,0.000000e+00,0.000000e+00,0.000000e+00,0.000000e+00
1.000000e+00,0.000000e+00,0.000000e+00,0.000000e+00,0.000000e+00,0.000000e+00,0.000000e+00,0.000000e+00,0.000000e+00,0.000000e+00,0.000000e+00,0.000000e+00,0.000000e+00,0.000000e+00,0.000000e+00
1.000000e+00,0.000000e+00,0.000000e+00,0.000000e+00,0.000000e+00,0.000000e+00,0.000000e+00,0.000000e+00,0.000000e+00,0.000000e+00,0.000000e+00,0.000000e+00,0.000000e+00,0.000000e+00,0.000000e+00
1.000000e+00,0.000000e+00,0.000000e+00,0.000000e+00,0.000000e+00,0.000000e+00,0.000000e+00,0.000000e+00,0.000000e+00,0.000000e+00,0.000000e+00,0.000000e+00,0.000000e+00,0.000000e+00,0.000000e+00
1.000000e+00,0.000000e+00,0.000000e+00,0.000000e+00,0.000000e+00,0.000000e+00,0.000000e+00,0.000000e+00,0.000000e+00,0.000000e+00,0.000000e+00,0.000000e+00,0.000000e+00,0.000000e+00,0.000000e+00
1.000000e+00,0.000000e+00,0.000000e+00,0.000000e+00,0.000000e+00,0.000000e+00,0.000000e+00,0.000000e+00,0.000000e+00,0.000000e+00,0.000000e+00,0.000000e+00,0.000000e+00,0.000000e+00,0.000000e+00
1.000000e+00,0.000000e+00,0.000000e+00,0.000000e+00,0.000000e+00,0.000000e+00,0.000000e+00,0.000000e+00,0.000000e+00,0.000000e+00,0.000000e+00,0.000000e+00,0.000000e+00,0.000000e+00,0.000000e+00
4.739193e-01,4.017150e-02,5.849059e-02,2.239465e-01,5.659125e-03,1.739871e-02,3.726278e-03,9.395396e-03,1.529366e-02,6.502864e-03,1.487234e-02,3.606907e-02,3.301592e-02,3.768656e-03,5.777012e-02
1.000000e+00,0.000000e+00,0.000000e+00,0.000000e+00,0.000000e+00,0.000000e+00,0.000000e+00,0.000000e+00,0.000000e+00,0.000000e+00,0.000000e+00,0.000000e+00,0.000000e+00,0.000000e+00,0.000000e+00
4.202435e-01,5.341795e-02,5.394371e-02,2.620711e-01,6.666900e-03,1.637703e-02,4.144078e-03,8.768235e-03,1.990547e-02,5.771754e-03,1.247076e-02,2.861324e-02,2.653476e-02,3.777115e-03,7.729438e-02
3.488429e-01,4.241192e-02,4.283960e-02,1.991146e-01,5.552134e-03,3.324110e-02,4.196874e-03,7.880312e-03,2.159835e-02,4.391527e-03,9.717929e-03,2.174783e-02,1.916151e-01,3.203764e-03,6.364608e-02
2.964922e-01,4.147737e-02,3.402509e-02,1.611333e-01,5.342342e-03,4.227257e-02,5.118164e-03,6.845398e-03,5.189531e-02,5.365023e-03,8.642661e-03,2.605716e-02,2.197924e-01,3.900259e-03,9.164078e-02
2.107219e-01,3.272153e-02,5.128049e-02,3.493467e-01,4.020892e-03,3.000423e-02,3.795925e-03,4.963329e-03,4.759176e-02,5.029688e-03,6.431029e-03,1.854969e-02,1.553213e-01,2.888649e-03,7.733297e-02
1.545139e-01,2.481768e-02,3.930074e-02,3.740774e-01,3.410458e-03,2.161837e-02,3.183726e-03,4.046788e-03,5.227425e-02,1.645301e-02,6.459849e-02,1.778831e-02,1.251844e-01,1.232852e-02,8.640391e-02
1.527830e-01,1.959684e-02,3.000652e-02,3.084481e-01,2.777359e-03,1.638688e-02,2.627644e-03,3.655500e-03,5.125022e-02,2.342464e-02,1.561372e-01,1.716791e-02,1.279967e-01,1.504062e-02,7.270087e-02
2.039899e-01,1.416659e-02,2.140223e-02,2.285070e-01,2.475371e-03,1.383570e-02,2.520832e-03,4.636902e-03,4.658959e-02,1.963935e-02,1.356941e-01,2.648816e-02,2.088684e-01,1.712343e-02,5.406240e-02
2.797004e-01,1.043483e-02,1.540210e-02,1.720117e-01,2.758634e-03,1.459134e-02,2.955072e-03,6.696845e-03,4.768412e-02,1.560131e-02,1.055868e-01,5.158125e-02,2.071841e-01,2.493858e-02,4.287300e-02
3.534907e-01,9.517724e-03,1.116644e-02,1.282500e-01,2.862560e-03,1.515998e-02,3.355621e-03,5.910748e-03,5.453160e-02,2.324720e-02,9.031924e-02,7.606903e-02,1.631278e-01,2.888468e-02,3.410662e-02
3.792768e-01,9.071238e-03,8.561729e-03,9.316584e-02,4.006332e-03,1.283188e-02,3.213828e-03,8.820968e-03,6.071007e-02,2.099085e-02,8.147141e-02,1.004479e-01,1.620139e-01,2.939311e-02,2.602420e-02
3.254918e-01,7.714116e-03,6.975204e-03,6.846956e-02,6.422785e-03,1.114294e-02,3.159461e-03,1.555493e-02,5.596904e-02,2.039962e-02,8.521703e-02,1.795102e-01,1.668859e-01,2.676285e-02,2.032455e-02
2.937481e-01,5.888182e-03,6.192116e-03,5.120125e-02,1.005366e-02,1.034570e-02,3.722989e-03,2.012951e-02,4.514232e-02,2.665586e-02,8.827197e-02,2.441816e-01,1.427021e-01,3.229679e-02,1.946794e-02
2.742926e-01,5.703445e-03,6.335976e-03,3.821433e-02,9.036070e-03,1.227504e-02,3.410707e-03,1.803654e-02,3.961278e-02,2.823132e-02,8.339588e-02,3.029904e-01,1.335289e-01,2.882960e-02,1.610642e-02
2.118977e-01,6.896201e-03,1.673685e-02,2.751035e-02,8.394423e-03,1.329493e-02,2.993242e-03,2.032138e-02,3.573459e-02,2.514377e-02,7.153963e-02,3.636687e-01,1.543588e-01,2.835075e-02,1.315867e-02
1.510086e-01,2.642713e-02,2.290452e-02,1.938351e-02,1.303433e-02,9.495047e-03,2.166788e-03,1.772771e-02,1.786563e-01,1.968506e-02,5.353568e-02,2.933970e-01,1.556643e-01,2.259948e-02,1.431459e-02
1.070991e-01,4.217950e-02,7.818450e-02,1.410415e-02,1.206016e-02,6.946531e-03,1.754890e-03,3.491984e-02,2.113450e-01,1.698305e-02,4.239909e-02,2.546799e-01,1.426430e-01,2.266874e-02,1.203249e-02
7.930309e-02,6.144201e-02,1.692701e-01,1.063256e-02,1.172647e-02,5.648224e-03,1.357142e-03,2.965569e-02,2.425167e-01,1.700609e-02,3.419957e-02,1.950849e-01,1.079805e-01,2.296820e-02,1.120873e-02
5.909084e-02,7.837504e-02,2.332052e-01,8.716785e-03,1.493852e-02,4.162163e-03,1.023462e-03,2.471687e-02,2.919076e-01,1.356003e-02,2.676600e-02,1.417568e-01,7.643264e-02,1.711999e-02,8.227983e-03
4.642704e-02,1.162269e-01,2.321910e-01,7.514806e-03,2.139133e-02,3.401728e-03,8.349098e-04,2.804615e-02,3.377924e-01,1.087156e-02,2.004082e-02,1.010572e-01,5.463324e-02,1.284882e-02,6.722116e-03
3.570283e-02,1.257690e-01,2.987877e-01,2.085123e-02,2.522578e-02,2.784613e-03,6.370130e-04,2.567579e-02,3.176771e-01,8.188593e-03,1.443414e-02,7.094456e-02,3.887653e-02,9.226959e-03,5.218088e-03
3.331930e-02,1.698466e-01,3.461058e-01,1.978119e-02,2.674454e-02,2.298049e-03,5.335535e-04,2.512833e-02,2.689432e-01,6.517471e-03,1.081878e-02,4.995701e-02,2.882246e-02,6.967858e-03,4.215785e-03
3.179572e-02,2.269463e-01,2.702169e-01,2.056086e-02,4.678377e-02,2.050239e-03,5.090023e-04,3.899751e-02,2.839522e-01,5.357474e-03,7.871659e-03,3.512384e-02,2.047908e-02,5.497447e-03,3.857982e-03
3.938891e-02,3.147808e-01,2.046256e-01,1.818220e-02,7.060628e-02,2.194208e-03,7.302999e-04,4.492804e-02,2.471563e-01,3.975426e-03,5.889283e-03,2.472894e-02,1.459284e-02,5.120055e-03,3.100791e-03
4.317351e-02,4.152526e-01,1.469484e-01,1.831336e-02,7.880178e-02,2.211105e-03,6.857142e-04,4.923078e-02,2.024840e-01,2.904407e-03,4.611320e-03,1.742138e-02,1.040329e-02,4.868877e-03,2.689569e-03
4.438096e-02,4.664620e-01,1.050390e-01,1.430558e-02,8.662145e-02,2.935515e-03,5.934624e-04,4.336399e-02,2.039207e-01,2.131672e-03,3.806597e-03,1.245431e-02,7.524740e-03,4.165532e-03,2.294560e-03
5.947810e-02,5.152776e-01,7.567622e-02,1.160024e-02,8.123433e-02,5.061126e-03,5.395702e-04,3.792191e-02,1.864090e-01,1.656832e-03,3.601373e-03,9.403779e-03,5.660005e-03,3.690784e-03,2.789213e-03
9.547088e-02,4.809385e-01,5.766724e-02,1.083737e-02,7.806028e-02,1.204237e-02,7.364618e-04,2.979727e-02,2.104007e-01,1.603083e-03,3.806856e-03,7.492931e-03,4.639093e-03,2.905044e-03,3.601969e-03
1.941305e-01,4.108813e-01,4.483842e-02,1.235975e-02,7.612818e-02,3.118336e-02,1.680245e-03,2.437120e-02,1.716795e-01,1.688674e-03,7.066636e-03,9.324167e-03,5.848180e-03,2.735495e-03,6.084405e-03
2.223315e-01,2.981191e-01,3.315311e-02,2.816724e-02,5.487075e-02,3.411053e-02,1.576346e-03,1.964511e-02,1.285949e-01,4.831325e-03,1.305594e-01,1.984554e-02,6.685194e-03,7.229261e-03,1.028071e-02
1.842669e-01,2.097046e-01,2.347505e-02,2.075301e-02,3.863537e-02,2.493204e-02,1.208359e-03,1.467879e-02,9.143645e-02,4.990324e-03,2.987399e-01,1.690431e-02,5.145020e-03,5.740968e-02,7.720304e-03
2.053832e-01,1.486851e-01,1.773099e-02,1.683090e-02,2.740825e-02,2.162518e-02,1.378051e-03,1.198576e-02,6.603689e-02,5.347078e-03,3.798758e-01,1.439413e-02,4.268552e-03,7.272021e-02,6.329956e-03
1.950590e-01,1.051860e-01,1.641687e-02,3.215176e-02,2.018450e-02,2.237505e-02,1.478704e-03,9.616424e-03,5.069431e-02,5.659435e-03,4.216722e-01,1.543347e-02,3.873169e-03,9.475425e-02,5.444836e-03
2.927513e-01,7.512847e-02,1.559347e-02,3.178737e-02,1.521901e-02,2.238335e-02,1.379385e-03,7.427106e-03,3.800847e-02,5.268072e-03,3.656241e-01,1.590427e-02,3.390501e-03,1.052659e-01,4.869157e-03
2.782744e-01,5.478776e-02,1.666942e-02,3.380748e-02,1.359462e-02,3.140768e-02,1.344074e-03,8.293445e-03,3.064333e-02,5.376022e-03,3.906165e-01,1.759668e-02,3.750328e-03,1.094822e-01,4.356125e-03
2.910205e-01,3.994128e-02,1.366489e-02,2.921372e-02,1.216972e-02,3.810372e-02,1.446787e-03,9.410325e-03,2.977508e-02,4.773457e-03,3.612418e-01,1.762055e-02,4.697583e-03,1.430333e-01,3.887360e-03
2.584184e-01,2.866022e-02,1.052333e-02,2.337235e-02,9.313311e-03,3.806010e-02,1.290363e-03,7.872505e-03,3.650420e-02,4.190494e-03,3.199852e-01,1.667509e-02,4.698236e-03,2.366490e-01,3.787114e-03
2.144601e-01,2.218713e-02,1.005445e-02,2.315779e-02,8.333791e-03,3.350136e-02,1.526584e-03,7.032359e-03,8.321910e-02,3.752304e-03,2.876901e-01,1.410221e-02,3.787384e-03,2.839154e-01,3.279915e-03
1.735832e-01,1.659783e-02,8.714716e-03,1.827495e-02,6.900739e-03,2.781505e-02,1.369445e-03,5.414719e-03,1.045143e-01,3.682127e-03,2.730812e-01,1.305564e-02,3.035101e-03,3.411097e-01,2.851199e-03
1.302303e-01,1.255789e-02,8.853219e-03,1.427344e-02,5.285638e-03,2.246195e-02,1.101511e-03,4.528540e-03,1.000955e-01,3.456184e-03,2.536382e-01,1.116738e-02,2.472686e-03,4.275323e-01,2.345191e-03
9.390473e-02,9.367670e-03,9.908079e-03,1.117186e-02,3.999970e-03,1.861886e-02,8.588413e-04,3.793960e-03,1.093293e-01,2.849963e-03,2.250748e-01,8.456022e-03,1.849518e-03,4.990054e-01,1.811053e-03
6.675035e-02,6.958104e-03,8.030362e-03,8.391118e-03,3.086751e-03,1.436305e-02,6.388488e-04,2.887059e-03,1.039517e-01,2.693058e-03,1.962440e-01,6.263618e-03,1.346038e-03,5.769533e-01,1.442598e-03
4.809542e-02,6.013315e-03,7.881425e-03,9.403963e-03,3.836933e-03,1.125656e-02,5.287320e-04,2.455720e-03,1.407305e-01,4.485099e-03,1.933131e-01,4.760801e-03,1.065344e-03,5.648229e-01,1.350235e-03
3.435478e-02,5.756314e-03,8.257540e-03,8.969600e-03,3.704027e-03,9.456562e-03,4.311214e-04,2.073844e-03,2.092218e-01,4.059754e-03,1.560667e-01,3.550223e-03,8.179539e-04,5.518177e-01,1.462163e-03
2.664405e-02,5.491372e-03,7.129348e-03,8.643085e-03,2.946201e-03,8.005596e-03,3.470192e-04,1.831618e-03,2.418191e-01,3.599145e-03,1.447672e-01,2.751692e-03,6.803406e-04,5.440532e-01,1.291028e-03
2.145896e-02,5.609285e-03,7.359808e-03,8.441948e-03,2.926413e-03,7.594691e-03,2.795383e-04,1.573517e-03,3.406074e-01,3.503517e-03,1.260384e-01,2.311706e-03,5.891577e-04,4.702598e-01,1.445817e-03
1.745724e-02,6.106473e-03,6.460836e-03,1.079779e-02,4.920497e-03,1.072764e-02,2.490510e-04,1.466330e-03,4.310623e-01,3.798646e-03,1.002858e-01,1.911687e-03,6.366931e-04,4.011408e-01,2.978215e-03
2.813813e-02,8.206151e-03,2.061060e-02,1.704453e-02,1.101723e-02,1.048555e-02,3.946749e-04,1.625424e-02,4.502633e-01,8.526970e-03,8.419806e-02,2.174582e-03,1.090180e-03,3.358234e-01,5.772396e-03
2.438831e-02,7.506302e-03,1.704374e-02,1.714922e-02,2.448490e-02,1.516665e-02,4.066840e-04,2.315195e-02,4.971364e-01,1.078245e-02,7.016171e-02,1.980242e-03,1.352096e-03,2.823464e-01,6.942965e-03
2.577060e-02,7.676844e-03,2.718436e-02,2.670305e-02,5.949128e-02,1.804204e-02,5.852296e-04,6.953289e-02,4.789415e-01,1.147860e-02,5.531454e-02,2.465942e-03,2.942087e-03,2.039338e-01,9.937244e-03
3.862947e-02,9.041305e-03,2.760522e-02,2.225435e-02,8.373782e-02,3.069760e-02,1.961195e-03,9.929381e-02,4.543805e-01,1.099622e-02,4.955152e-02,3.721601e-03,4.481289e-03,1.515564e-01,1.209179e-02
4.902304e-02,9.440226e-03,3.215389e-02,2.388970e-02,1.090529e-01,2.995194e-02,1.975672e-03,1.443731e-01,4.132976e-01,9.742463e-03,4.395941e-02,4.590853e-03,4.370439e-03,1.103628e-01,1.381594e-02
4.481805e-02,7.448719e-03,3.583825e-02,2.437276e-02,1.277722e-01,3.559682e-02,1.862336e-03,2.296626e-01,3.513891e-01,7.317919e-03,3.662502e-02,3.812373e-03,3.376221e-03,7.934520e-02,1.076240e-02
5.422958e-02,6.505966e-03,2.947480e-02,2.307903e-02,1.519542e-01,1.129044e-01,2.116195e-03,1.810937e-01,3.222344e-01,5.645739e-03,3.637454e-02,3.995297e-03,3.040426e-03,5.859137e-02,8.760326e-03
4.925590e-02,6.993875e-03,2.507870e-02,2.538253e-02,1.447026e-01,2.090669e-01,2.360531e-03,1.499962e-01,2.957046e-01,4.408437e-03,2.819756e-02,3.931308e-03,3.326462e-03,4.201584e-02,9.578528e-03
5.357204e-02,9.598503e-03,3.094696e-02,5.153674e-02,1.535517e-01,1.850354e-01,2.664672e-03,1.448720e-01,2.910085e-01,3.394229e-03,2.650596e-02,4.779054e-03,3.231046e-03,3.062111e-02,8.682100e-03
8.122775e-02,1.075406e-02,2.522696e-02,5.580509e-02,1.367134e-01,2.219864e-01,2.385782e-03,1.176956e-01,2.683400e-01,2.835575e-03,3.062920e-02,8.823391e-03,4.183003e-03,2.398997e-02,9.403803e-03
1.263559e-01,1.314161e-02,2.264074e-02,1.141629e-01,1.127767e-01,1.693977e-01,2.447422e-03,1.447663e-01,2.252437e-01,2.573425e-03,2.444473e-02,8.155820e-03,4.947825e-03,1.751589e-02,1.142946e-02
2.218041e-01,1.868110e-02,1.895406e-02,1.162508e-01,9.008014e-02,1.458344e-01,2.744250e-03,1.148830e-01,2.021494e-01,3.274492e-03,2.091291e-02,8.519224e-03,6.948112e-03,1.352156e-02,1.544239e-02
2.833773e-01,3.406398e-02,1.556562e-02,1.002066e-01,7.424362e-02,1.435224e-01,2.785482e-03,9.998214e-02,1.803263e-01,3.730464e-03,1.756704e-02,7.933596e-03,9.473704e-03,1.078456e-02,1.643722e-02
3.424422e-01,4.879738e-02,1.227833e-02,8.711626e-02,6.000200e-02,1.321394e-01,2.672863e-03,8.213042e-02,1.580003e-01,3.779958e-03,1.673309e-02,1.285536e-02,1.108293e-02,8.655636e-03,2.131382e-02
2.806935e-01,6.713567e-02,1.169482e-02,1.906850e-01,4.322815e-02,9.768056e-02,2.153987e-03,6.016888e-02,1.379850e-01,7.315985e-03,1.592454e-02,1.167376e-02,1.168318e-02,6.747558e-03,5.522938e-02
2.132116e-01,6.255960e-02,1.533669e-02,2.454565e-01,3.065831e-02,6.926617e-02,1.574861e-03,4.264657e-02,1.512429e-01,9.369696e-03,2.752637e-02,1.041760e-02,1.411315e-02,6.274318e-03,1.003457e-01
1.970114e-01,6.085815e-02,1.593794e-02,2.733793e-01,2.219628e-02,5.099259e-02,1.329317e-03,3.159102e-02,1.338633e-01,1.317119e-02,6.729388e-02,1.483089e-02,2.174117e-02,6.313409e-03,8.949022e-02
1.553912e-01,4.593855e-02,1.342152e-02,2.824372e-01,1.603967e-02,4.072531e-02,1.261430e-03,2.239427e-02,1.001148e-01,1.256956e-02,1.438979e-01,5.411178e-02,3.783326e-02,6.520505e-03,6.734297e-02
1.131692e-01,3.327578e-02,9.587181e-03,2.087229e-01,1.307793e-02,3.038289e-02,9.715832e-04,1.595159e-02,8.536515e-02,9.842961e-03,1.882154e-01,1.184313e-01,1.195136e-01,5.738392e-03,4.775415e-02
8.029282e-02,2.448783e-02,6.806725e-03,1.660566e-01,1.037131e-02,2.340952e-02,7.378576e-04,1.143453e-02,8.312717e-02,8.228543e-03,1.925543e-01,1.820930e-01,1.701024e-01,6.412250e-03,3.388514e-02
5.650839e-02,1.763709e-02,4.787013e-03,1.177868e-01,7.667759e-03,1.681575e-02,5.292796e-04,8.142776e-03,8.517039e-02,6.065773e-03,1.874231e-01,2.628163e-01,1.994583e-01,5.360761e-03,2.383056e-02
4.000774e-02,1.301263e-02,3.386765e-03,8.446312e-02,5.586361e-03,1.313204e-02,4.022293e-04,5.875172e-03,7.831220e-02,5.171289e-03,1.770988e-01,3.842918e-01,1.657284e-01,6.756486e-03,1.677495e-02
2.946085e-02,9.640425e-03,2.657453e-03,6.066047e-02,9.498583e-03,1.999969e-02,7.342498e-04,7.134122e-03,8.466543e-02,4.991124e-03,1.516243e-01,4.702381e-01,1.280120e-01,8.773908e-03,1.190923e-02
2.106478e-02,7.002985e-03,2.143026e-03,4.322648e-02,1.706120e-02,1.453354e-02,6.468069e-04,8.083528e-03,9.434897e-02,4.191779e-03,1.247023e-01,5.482037e-01,9.662448e-02,9.738073e-03,8.428377e-03
1.513933e-02,5.173305e-03,1.616169e-03,3.043845e-02,2.391076e-02,1.032538e-02,5.379436e-04,7.765583e-03,1.379182e-01,4.156541e-03,1.067964e-01,5.644973e-01,7.834770e-02,7.432193e-03,5.944781e-03
1.105215e-02,4.174125e-03,1.580993e-03,2.153070e-02,6.183410e-02,7.326068e-03,4.997470e-04,1.609785e-02,1.805991e-01,2.998905e-03,7.834583e-02,5.322860e-01,7.205418e-02,5.435151e-03,4.185120e-03
9.480611e-03,3.313509e-03,1.354398e-03,1.541737e-02,1.634648e-01,5.342920e-03,5.652863e-04,2.899429e-02,2.172779e-01,2.212631e-03,6.386305e-02,4.206840e-01,6.121204e-02,3.876989e-03,2.940146e-03
1.547134e-02,3.393951e-03,2.631850e-03,2.246392e-02,2.018958e-01,4.229891e-03,8.432026e-04,1.179204e-01,1.885462e-01,4.321415e-03,7.822870e-02,3.080724e-01,4.701865e-02,2.834759e-03,2.127599e-03
2.766110e-02,2.711695e-03,2.247330e-02,6.007504e-02,1.649186e-01,1.201740e-02,1.030246e-03,2.335888e-01,1.364321e-01,4.492150e-03,7.012172e-02,2.268843e-01,3.390200e-02,2.170187e-03,1.521326e-03
4.676138e-02,3.257781e-03,4.193718e-02,1.001427e-01,1.388544e-01,1.641022e-02,9.332579e-04,2.568415e-01,1.046517e-01,6.230514e-03,8.043037e-02,1.751910e-01,2.536649e-02,1.846684e-03,1.144885e-03
5.485182e-02,3.159442e-03,5.232802e-02,1.595852e-01,1.128218e-01,1.290391e-02,9.050536e-04,2.628419e-01,8.533057e-02,6.352391e-03,9.711423e-02,1.302604e-01,1.915052e-02,1.491220e-03,9.035399e-04
7.691785e-02,4.969572e-03,5.330352e-02,1.432210e-01,1.115045e-01,1.099401e-02,1.064669e-03,2.149252e-01,9.977907e-02,1.242572e-02,1.483486e-01,1.043296e-01,1.545054e-02,1.724300e-03,1.041860e-03
1.093052e-01,4.475893e-03,5.538372e-02,1.258430e-01,9.547384e-02,2.216093e-02,2.975768e-03,1.694408e-01,7.760795e-02,3.125904e-02,1.850864e-01,1.051644e-01,1.222054e-02,2.486229e-03,1.116373e-03
1.246684e-01,5.502658e-03,4.850572e-02,1.462424e-01,1.125120e-01,2.178777e-02,2.806685e-03,1.318920e-01,6.527258e-02,3.325786e-02,2.108202e-01,8.367167e-02,9.188964e-03,2.394095e-03,1.477117e-03
1.257687e-01,7.392285e-03,3.719793e-02,1.261229e-01,1.802213e-01,2.355844e-02,2.663208e-03,1.003183e-01,5.712822e-02,3.235277e-02,2.321145e-01,6.419998e-02,6.783003e-03,2.447082e-03,1.731352e-03
1.359447e-01,7.606168e-03,2.935603e-02,1.275980e-01,2.664739e-01,2.335309e-02,2.468293e-03,7.896162e-02,4.957297e-02,3.292198e-02,1.830889e-01,5.315080e-02,5.259573e-03,2.402360e-03,1.841685e-03
1.680401e-01,8.842124e-03,2.513660e-02,1.065064e-01,2.887081e-01,2.640109e-02,2.048365e-03,6.053121e-02,4.460687e-02,2.576010e-02,1.539362e-01,7.869245e-02,4.404729e-03,4.323219e-03,2.062351e-03
2.432038e-01,8.930959e-03,2.276607e-02,1.174142e-01,2.611384e-01,3.224339e-02,2.424769e-03,4.868191e-02,3.469797e-02,2.120980e-02,1.184814e-01,7.758449e-02,3.763730e-03,4.012742e-03,3.446450e-03
2.693408e-01,8.782288e-03,2.046986e-02,8.986750e-02,1.972529e-01,3.052171e-02,4.137065e-03,3.889082e-02,2.684740e-02,1.573826e-02,2.034705e-01,8.232135e-02,3.695611e-03,4.008712e-03,4.655349e-03
2.326695e-01,8.207847e-03,1.582379e-02,6.630400e-02,1.425775e-01,2.842094e-02,4.123918e-03,3.023393e-02,2.222374e-02,1.150996e-02,3.282942e-01,9.643388e-02,3.576389e-03,3.986404e-03,5.614011e-03
2.391556e-01,1.412213e-02,1.274867e-02,5.619059e-02,1.036880e-01,2.705474e-02,3.778401e-03,2.747319e-02,3.409069e-02,8.777909e-03,3.123879e-01,1.387019e-01,3.851460e-03,5.495054e-03,1.248387e-02
2.525477e-01,1.509548e-02,9.553157e-03,4.511997e-02,7.357721e-02,2.946513e-02,2.956115e-03,2.089027e-02,4.136010e-02,6.494269e-03,3.017739e-01,1.762153e-01,4.535678e-03,6.190719e-03,1.422499e-02
1.986969e-01,1.803715e-02,7.573287e-03,4.139520e-02,5.426086e-02,2.391853e-02,2.280442e-03,1.788100e-02,1.315535e-01,5.006238e-03,2.531817e-01,2.215436e-01,3.766347e-03,4.912832e-03,1.599244e-02
1.613730e-01,1.580224e-02,5.770017e-03,3.456278e-02,4.052454e-02,1.986574e-02,1.764581e-03,1.526789e-02,2.133631e-01,4.470212e-03,2.308067e-01,2.342701e-01,4.164679e-03,4.734304e-03,1.326011e-02
1.396209e-01,1.781201e-02,4.985664e-03,3.551437e-02,3.136733e-02,1.949751e-02,1.520302e-03,1.553812e-02,2.431649e-01,4.451516e-03,2.058109e-01,2.582946e-01,4.575978e-03,5.038257e-03,1.280753e-02
1.643531e-01,1.579871e-02,4.092372e-03,3.122443e-02,2.711526e-02,2.865346e-02,2.778561e-03,1.333834e-02,2.028000e-01,3.730206e-03,2.166642e-01,2.658715e-01,6.323433e-03,4.793031e-03,1.246327e-02
1.518139e-01,1.857790e-02,3.696842e-03,2.569363e-02,3.469811e-02,3.184844e-02,3.036109e-03,1.347152e-02,2.179319e-01,3.536654e-03,1.875432e-01,2.849156e-01,5.634160e-03,4.602028e-03,1.299998e-02
1.453540e-01,2.009339e-02,4.010501e-03,2.036326e-02,3.910157e-02,3.911312e-02,7.491778e-03,3.340905e-02,2.306887e-01,3.597441e-03,1.745027e-01,2.590851e-01,6.411729e-03,5.375605e-03,1.140206e-02
1.178796e-01,2.175593e-02,3.422154e-03,1.650058e-02,4.977997e-02,3.070333e-02,6.573418e-03,3.289079e-02,3.374122e-01,3.148033e-03,1.380156e-01,2.195604e-01,6.396652e-03,5.356329e-03,1.060500e-02
1.009917e-01,1.934776e-02,3.633708e-03,1.484668e-02,6.694389e-02,2.685304e-02,7.751238e-03,4.702414e-02,3.679813e-01,2.913452e-03,1.171843e-01,1.990681e-01,1.071940e-02,5.954584e-03,8.786710e-03
1.277891e-01,1.848872e-02,4.400594e-03,5.787462e-02,6.350413e-02,2.858615e-02,6.099925e-03,5.136827e-02,3.013133e-01,4.234954e-03,1.098483e-01,1.985932e-01,1.378987e-02,5.367885e-03,8.741022e-03
1.466645e-01,1.686141e-02,4.266465e-03,5.257448e-02,6.660226e-02,2.575432e-02,4.872941e-03,4.579581e-02,2.932634e-01,3.755953e-03,1.147968e-01,1.952960e-01,1.621344e-02,5.503431e-03,7.778815e-03
1.452649e-01,1.430205e-02,4.676367e-03,5.062956e-02,8.084641e-02,2.315972e-02,4.130953e-03,7.053014e-02,2.828079e-01,3.517043e-03,1.086837e-01,1.829198e-01,1.702044e-02,4.873297e-03,6.637692e-03
1.837206e-01,1.259389e-02,4.955877e-03,7.195566e-02,7.427920e-02,3.016415e-02,3.744031e-03,6.112716e-02,2.518380e-01,2.862190e-03,9.453744e-02,1.809951e-01,1.693133e-02,4.048464e-03,6.246882e-03
1.649989e-01,1.210411e-02,4.976165e-03,5.832198e-02,8.067199e-02,2.522301e-02,3.624773e-03,5.205449e-02,3.237532e-01,2.445168e-03,7.480495e-02,1.740353e-01,1.470336e-02,3.420707e-03,4.861887e-03
1.310817e-01,1.494498e-02,5.282603e-03,4.837104e-02,1.336828e-01,2.007261e-02,4.507497e-03,3.958106e-02,4.003661e-01,2.208721e-03,5.488502e-02,1.268183e-01,1.182781e-02,2.631197e-03,3.738557e-03
1.068252e-01,1.891875e-02,9.330333e-03,5.566378e-02,1.804196e-01,1.563423e-02,4.396596e-03,4.910947e-02,4.090196e-01,1.847511e-03,4.063243e-02,9.250953e-02,1.004134e-02,2.050966e-03,3.600707e-03
8.956454e-02,3.149000e-02,3.573139e-02,5.117638e-02,1.763498e-01,1.530865e-02,4.235268e-03,5.271171e-02,4.315398e-01,2.432676e-03,2.931098e-02,6.627444e-02,8.181735e-03,1.727686e-03,3.964961e-03
7.324835e-02,3.801267e-02,3.011036e-02,4.146918e-02,1.716572e-01,2.669526e-02,3.571513e-03,4.938301e-02,4.840248e-01,2.353300e-03,2.150609e-02,4.690789e-02,6.043487e-03,1.829862e-03,3.186985e-03
7.561558e-02,5.157578e-02,3.721962e-02,4.888800e-02,1.722480e-01,2.093847e-02,3.195528e-03,9.783290e-02,4.293721e-01,2.335368e-03,1.591203e-02,3.374725e-02,5.025990e-03,1.785326e-03,4.308029e-03
9.361657e-02,4.631665e-02,6.004962e-02,1.287266e-01,1.353186e-01,1.655751e-02,2.820930e-03,1.369109e-01,3.294403e-01,2.224188e-03,1.262913e-02,2.471897e-02,4.601298e-03,1.633063e-03,4.435532e-03
1.007118e-01,6.021887e-02,4.740632e-02,1.085960e-01,1.132801e-01,1.379698e-02,2.318400e-03,2.361451e-01,2.790093e-01,1.715733e-03,9.405947e-03,1.776688e-02,3.830291e-03,1.311750e-03,4.486590e-03
7.596771e-02,4.352258e-02,3.362645e-02,7.732217e-02,8.451665e-02,9.887342e-03,1.677005e-03,4.474530e-01,1.988626e-01,1.206596e-03,6.663122e-03,1.245889e-02,2.743406e-03,9.300457e-04,3.162362e-03
5.615953e-02,3.071443e-02,2.373940e-02,5.441272e-02,6.100320e-02,6.982498e-03,1.204544e-03,6.070169e-01,1.396671e-01,8.515734e-04,4.697201e-03,8.734924e-03,1.938090e-03,6.558223e-04,2.222086e-03
4.145303e-02,2.180293e-02,1.667580e-02,3.841442e-02,4.405530e-02,4.936544e-03,9.018359e-04,7.199389e-01,9.835593e-02,6.015035e-04,3.333120e-03,6.125833e-03,1.375412e-03,4.616112e-04,1.567858e-03
4.363516e-02,1.603106e-02,1.182268e-02,2.732759e-02,3.200580e-02,3.659886e-03,7.511053e-04,7.853894e-01,6.956720e-02,4.383342e-04,2.436361e-03,4.381078e-03,1.037585e-03,3.401922e-04,1.176603e-03
5.164865e-02,1.288839e-02,8.478144e-03,1.952684e-02,2.388164e-02,2.699465e-03,6.308176e-04,8.229080e-01,5.002858e-02,3.291379e-04,1.805540e-03,3.183270e-03,8.144872e-04,2.558934e-04,9.211029e-04
7.043538e-02,1.192328e-02,6.183574e-03,1.389115e-02,1.813523e-02,2.186672e-03,6.265188e-04,8.296583e-01,4.133066e-02,2.532635e-04,1.382966e-03,2.370775e-03,6.574597e-04,2.085657e-04,7.561386e-04
1.957058e-01,1.654149e-02,5.206580e-03,1.034271e-02,1.426344e-02,2.618633e-03,1.038680e-03,7.125560e-01,3.544157e-02,2.444587e-04,1.355413e-03,2.039357e-03,7.299705e-04,4.643608e-04,1.451581e-03
2.611895e-01,1.902304e-02,5.181256e-03,8.039177e-03,1.235870e-02,3.498273e-03,1.728141e-03,6.457722e-01,3.626623e-02,2.432229e-04,1.361502e-03,2.053843e-03,8.259095e-04,6.877453e-04,1.771367e-03
3.377400e-01,2.286740e-02,6.681667e-03,6.608653e-03,1.075412e-02,6.944933e-03,3.507426e-03,5.590339e-01,3.730378e-02,3.385392e-04,1.406906e-03,2.461616e-03,1.120453e-03,8.275076e-04,2.403167e-03
4.060271e-01,2.051729e-02,6.942962e-03,5.593328e-03,8.962427e-03,1.081862e-02,4.022208e-03,4.880381e-01,3.564043e-02,6.273324e-04,1.813381e-03,4.002860e-03,1.862778e-03,1.415871e-03,3.715312e-03
4.103577e-01,1.507123e-02,6.184577e-03,4.918247e-03,7.313988e-03,1.387472e-02,5.329590e-03,4.935028e-01,2.695324e-02,7.670082e-04,1.826460e-03,5.835827e-03,2.662538e-03,1.375541e-03,4.026679e-03
4.330737e-01,1.097575e-02,5.518728e-03,4.412414e-03,7.223042e-03,2.112575e-02,6.006159e-03,4.744363e-01,1.999787e-02,7.690942e-04,1.752094e-03,6.104708e-03,3.525325e-03,1.206696e-03,3.872402e-03
3.964422e-01,8.120186e-03,5.896912e-03,4.052190e-03,7.254694e-03,2.791812e-02,6.707588e-03,5.110012e-01,1.504089e-02,7.606603e-04,1.577354e-03,6.169057e-03,4.242889e-03,1.053127e-03,3.762912e-03
3.127302e-01,5.875099e-03,5.091052e-03,3.224347e-03,6.232852e-03,3.090718e-02,6.362811e-03,6.049275e-01,1.067565e-02,5.689486e-04,1.183638e-03,4.800516e-03,3.728849e-03,7.764387e-04,2.914899e-03
2.357465e-01,4.177152e-03,4.027924e-03,2.442497e-03,4.851713e-03,2.743685e-02,5.019366e-03,6.983653e-01,7.529767e-03,4.103886e-04,8.619309e-04,3.531338e-03,2.907585e-03,5.541617e-04,2.137490e-03
1.789442e-01,2.988623e-03,3.081669e-03,1.893253e-03,4.378716e-03,2.314556e-02,4.154888e-03,7.680538e-01,5.319668e-03,2.943098e-04,6.334706e-04,2.643050e-03,2.431267e-03,3.989781e-04,1.638611e-03
1.835903e-01,2.300853e-03,2.819190e-03,1.998465e-03,6.516060e-03,3.571265e-02,4.316550e-03,7.241719e-01,4.280149e-03,3.195812e-04,1.208734e-03,1.339559e-02,1.648427e-02,4.256687e-04,2.460022e-03
1.647086e-01,2.421653e-03,1.385578e-02,1.367757e-02,9.690200e-03,4.824673e-02,4.579229e-03,6.457582e-01,5.121876e-03,1.270937e-03,3.170293e-03,4.262452e-02,3.774243e-02,8.220395e-04,6.310048e-03
1.433309e-01,3.101862e-03,3.003551e-02,7.863463e-02,1.438182e-02,4.176233e-02,4.284462e-03,5.155196e-01,1.132764e-02,3.886912e-03,8.717506e-03,9.340535e-02,3.845998e-02,1.161082e-03,1.199049e-02
1.917485e-01,3.040087e-03,2.413093e-02,6.070193e-02,1.244193e-02,3.615734e-02,4.214357e-03,5.129244e-01,1.345661e-02,4.210638e-03,7.531021e-03,8.164404e-02,3.439173e-02,1.156729e-03,1.224976e-02
3.118716e-01,3.045777e-03,1.832484e-02,4.470365e-02,1.048586e-02,3.065045e-02,3.478691e-03,3.854646e-01,1.566397e-02,3.498018e-03,9.234615e-03,1.099688e-01,4.006250e-02,2.460772e-03,1.108578e-02
3.182907e-01,2.896040e-03,1.314349e-02,3.489298e-02,7.613857e-03,2.622313e-02,2.542048e-03,2.718315e-01,2.383763e-02,2.884555e-03,1.265692e-02,2.336745e-01,3.818038e-02,2.115913e-03,9.216301e-03
3.659902e-01,3.143725e-03,9.816035e-03,2.756845e-02,5.785160e-03,2.752898e-02,1.998182e-03,1.919681e-01,3.100152e-02,2.609027e-03,1.961020e-02,2.683667e-01,3.447882e-02,2.475191e-03,7.659791e-03
3.266525e-01,2.884242e-03,7.532785e-03,2.135247e-02,4.514366e-03,2.585773e-02,1.648872e-03,1.351161e-01,3.494397e-02,2.817153e-03,2.545409e-02,3.739337e-01,2.794496e-02,3.175986e-03,6.171052e-03
3.264482e-01,3.214219e-03,5.621202e-03,1.567853e-02,3.528812e-03,2.170802e-02,1.372751e-03,9.582606e-02,4.172166e-02,3.207208e-03,3.377803e-02,4.099858e-01,2.792934e-02,5.181663e-03,4.798484e-03
2.497620e-01,4.163234e-03,4.114649e-03,1.131299e-02,3.888485e-03,1.548692e-02,1.035460e-03,6.833225e-02,5.749163e-02,2.990137e-03,5.589750e-02,4.871883e-01,2.840237e-02,6.468937e-03,3.465143e-03
1.851451e-01,2.204025e-02,3.250155e-03,8.337311e-03,5.509617e-03,1.176526e-02,7.827916e-04,4.852765e-02,6.274582e-02,4.117799e-03,7.489918e-02,5.376870e-01,2.666695e-02,5.971275e-03,2.553867e-03
1.436894e-01,3.238960e-02,2.575571e-03,6.384725e-03,6.943978e-03,9.429209e-03,6.101408e-04,3.592344e-02,8.090929e-02,5.472228e-03,8.076993e-02,5.625743e-01,2.440782e-02,5.978633e-03,1.941664e-03
1.128280e-01,4.402381e-02,2.203757e-03,5.071246e-03,1.418489e-02,7.742673e-03,5.262664e-04,2.961938e-02,1.150027e-01,4.956794e-03,7.824343e-02,5.589052e-01,2.024912e-02,4.886793e-03,1.555868e-03
9.033098e-02,5.699756e-02,1.751369e-03,3.804966e-03,1.391988e-02,5.960443e-03,4.191362e-04,2.209856e-02,1.446280e-01,4.550037e-03,6.933040e-02,5.648015e-01,1.635256e-02,3.793850e-03,1.260737e-03
1.028476e-01,8.815812e-02,1.461357e-03,3.345260e-03,1.315935e-02,4.598008e-03,3.955239e-04,1.674514e-02,1.623757e-01,4.834571e-03,5.867809e-02,5.250811e-01,1.412430e-02,2.970874e-03,1.225021e-03
1.759965e-01,8.645025e-02,1.500034e-03,4.687048e-03,1.118176e-02,4.302323e-03,4.437869e-04,1.360694e-02,1.584519e-01,6.150882e-03,4.749856e-02,4.723300e-01,1.272045e-02,2.740008e-03,1.939445e-03
1.880985e-01,7.402708e-02,1.944206e-03,6.146161e-03,1.052357e-02,4.240628e-03,6.006717e-04,1.289066e-02,1.716931e-01,8.167051e-03,4.562725e-02,4.603341e-01,1.121700e-02,2.456074e-03,2.033981e-03
1.983536e-01,5.651703e-02,5.161689e-03,7.048653e-03,1.292986e-02,5.565135e-03,8.918434e-04,1.727403e-02,1.596130e-01,8.809818e-03,3.791179e-02,4.751588e-01,1.038022e-02,2.478973e-03,1.905553e-03
2.193503e-01,4.352909e-02,5.731468e-03,6.970777e-03,1.370420e-02,6.944010e-03,1.209247e-03,1.468598e-02,1.442197e-01,9.198503e-03,3.376118e-02,4.868431e-01,9.192283e-03,2.818120e-03,1.842034e-03
