1.000000e+00,0.000000e+00,0.000000e+00,0.000000e+00,0.000000e+00,0.000000e+00,0.000000e+00,0.000000e+00,0.000000e+00,0.000000e+00,0.000000e+00,0.000000e+00,0.000000e+00,0.000000e+00,0.000000e+00
1.000000e+00,0.000000e+00,0.000000e+00,0.000000e+00,0.000000e+00,0.000000e+00,0.000000e+00,0.000000e+00,0.000000e+00,0.000000e+00,0.000000e+00,0.000000e+00,0.000000e+00,0.000000e+00,0.000000e+00
1.000000e+00,0.000000e+00,0.000000e+00,0.000000e+00,0.000000e+00,0.000000e+00,0.000000e+00,0.000000e+00,0.000000e+00,0.000000e+00,0.000000e+00,0.000000e+00,0.000000e+00,0.000000e+00,0.000000e+00
1.000000e+00,0.000000e+00,0.000000e+00,0.000000e+00,0.000000e+00,0.000000e+00,0.000000e+00,0.000000e+00,0.000000e+00,0.000000e+00,0.000000e+00,0.000000e+00,0.000000e+00,0.000000e+00,0.000000e+00
1.000000e+00,0.000000e+00,0.000000e+00,0.000000e+00,0.000000e+00,0.000000e+00,0.000000e+00,0.000000e+00,0.000000e+00,0.000000e+00,0.000000e+00,0.000000e+00,0.000000e+00,0.000000e+00,0.000000e+00
1.000000e+00,0.000000e+00,0.000000e+00,0.000000e+00,0.000000e+00,0.000000e+00,0.000000e+00,0.000000e+00,0.000000e+00,0.000000e+00,0.000000e+00,0.000000e+00,0.000000e+00,0.000000e+00,0.000000e+00
1.000000e+00,0.000000e+00,0.000000e+00,0.000000e+00,0.000000e+00,0.000000e+00,0.000000e+00,0.000000e+00,0.000000e+00,0.000000e+00,0.000000e+00,0.000000e+00,0.000000e+00,0.000000e+00,0.000000e+00
1.000000e+00,0.000000e+00,0.000000e+00,0.000000e+00,0.000000e+00,0.000000e+00,0.000000e+00,0.000000e+00,0.000000e+00,0.000000e+00,0.000000e+00,0.000000e+00,0.000000e+00,0.000000e+00,0.000000e+00
1.000000e+00,0.000000e+00,0.000000e+00,0.000000e+00,0.000000e+00,0.000000e+00,0.000000e+00,0.000000e+00,0.000000e+00,0.000000e+00,0.000000e+00,0.000000e+00,0.000000e+00,0.000000e+00,0.000000e+00
1.000000e+00,0.000000e+00,0.000000e+00,0.000000e+00,0.000000e+00,0.000000e+00,0.000000e+00,0.000000e+00,0.000000e+00,0.000000e+00,0.000000e+00,0.000000e+00,0.000000e+00,0.000000e+00,0.000000e+00
1.000000e+00,0.000000e+00,0.000000e+00,0.000000e+00,0.000000e+00,0.000000e+00,0.000000e+00,0.000000e+00,0.000000e+00,0.000000e+00,0.000000e+00,0.000000e+00,0.000000e+00,0.000000e+00,0.000000e+00
1.000000e+00,0.000000e+00,0.000000e+00,0.000000e+00,0.000000e+00,0.000000e+00,0.000000e+00,0.000000e+00,0.000000e+00,0.000000e+00,0.000000e+00,0.000000e+00,0.000000e+00,0.000000e+00,0.000000e+00
1.000000e+00,0.000000e+00,0.000000e+00,0.000000e+00,0.000000e+00,0.000000e+00,0.000000e+00,0.000000e+00,0.000000e+00,0.000000e+00,0.000000e+00,0.000000e+00,0.000000e+00,0.000000e+00,0.000000e+00
1.000000e+00,0.000000e+00,0.000000e+00,0.000000e+00,0.000000e+00,0.000000e+00,0.000000e+00,0.000000e+00,0.000000e+00,0.000000e+00,0.000000e+00,0.000000e+00,0.000000e+00,0.000000e+00,0.000000e+00
1.000000e+00,0.000000e+00,0.000000e+00,0.000000e+00,0.000000e+00,0.000000e+00,0.000000e+00,0.000000e+00,0.000000e+00,0.000000e+00,0.000000e+00,0.000000e+00,0.000000e+00,0.000000e+00,0.000000e+00
1.000000e+00,0.000000e+00,0.000000e+00,0.000000e+00,0.000000e+00,0.000000e+00,0.000000e+00,0.000000e+00,0.000000e+00,0.000000e+00,0.000000e+00,0.000000e+00,0.000000e+00,0.000000e+00,0.000000e+00
1.000000e+00,0.000000e+00,0.000000e+00,0.000000e+00,0.000000e+00,0.000000e+00,0.000000e+00,0.000000e+00,0.000000e+00,0.000000e+00,0.000000e+00,0.000000e+00,0.000000e+00,0.000000e+00,0.000000e+00
1.000000e+00,0.000000e+00,0.000000e+00,0.000000e+00,0.000000e+00,0.000000e+00,0.000000e+00,0.000000e+00,0.000000e+00,0.000000e+00,0.000000e+00,0.000000e+00,0.000000e+00,0.000000e+00,0.000000e+00
1.000000e+00,0.000000e+00,0.000000e+00,0.000000e+00,0.000000e+00,0.000000e+00,0.000000e+00,0.000000e+00,0.000000e+00,0.000000e+00,0.000000e+00,0.000000e+00,0.000000e+00,0.000000e+00,0.000000e+00
1.000000e+00,0.000000e+00,0.000000e+00,0.000000e+00,0.000000e+00,0.000000e+00,0.000000e+00,0.000000e+00,0.000000e+00,0.000000e+00,0.000000e+00,0.000000e+00,0.000000e+00,0.000000e+00,0.000000e+00
1.000000e+00,0.000000e+00,0.000000e+00,0.000000e+00,0.000000e+00,0.000000e+00,0.000000e+00,0.000000e+00,0.000000e+00,0.000000e+00,0.000000e+00,0.000000e+00,0.000000e+00,0.000000e+00,0.000000e+00
1.000000e+00,0.000000e+00,0.000000e+00,0.000000e+00,0.000000e+00,0.000000e+00,0.000000e+00,0.000000e+00,0.000000e+00,0.000000e+00,0.000000e+00,0.000000e+00,0.000000e+00,0.000000e+00,0.000000e+00
1.000000e+00,0.000000e+00,0.000000e+00,0.000000e+00,0.000000e+00,0.000000e+00,0.000000e+00,0.000000e+00,0.000000e+00,0.000000e+00,0.000000e+00,0.000000e+00,0.000000e+00,0.000000e+00,0.000000e+00
1.000000e+00,0.000000e+00,0.000000e+00,0.000000e+00,0.000000e+00,0.000000e+00,0.000000e+00,0.000000e+00,0.000000e+00,0.000000e+00,0.000000e+00,0.000000e+00,0.000000e+00,0.000000e+00,0.000000e+00
1.000000e+00,0.000000e+00,0.000000e+00,0.000000e+00,0.000000e+00,0.000000e+00,0.000000e+00,0.000000e+00,0.000000e+00,0.000000e+00,0.000000e+00,0.000000e+00,0.000000e+00,0.000000e+00,0.000000e+00
1.000000e+00,0.000000e+00,0.000000e+00,0.000000e+00,0.000000e+00,0.000000e+00,0.000000e+00,0.000000e+00,0.000000e+00,0.000000e+00,0.000000e+00,0.000000e+00,0.000000e+00,0.000000e+00,0.000000e+00
1.000000e+00,0.000000e+00,0.000000e+00,0.000000e+00,0.000000e+00,0.000000e+00,0.000000e+00,0.000000e+00,0.000000e+00,0.000000e+00,0.000000e+00,0.000000e+00,0.000000e+00,0.000000e+00,0.000000e+00
1.000000e+00,0.000000e+00,0.000000e+00,0.000000e+00,0.000000e+00,0.000000e+00,0.000000e+00,0.000000e+00,0.000000e+00,0.000000e+00,0.000000e+00,0.000000e+00,0.000000e+00,0.000000e+00,0.000000e+00
1.000000e+00,0.000000e+00,0.000000e+00,0.000000e+00,0.000000e+00,0.000000e+00,0.000000e+00,0.000000e+00,0.000000e+00,0.000000e+00,0.000000e+00,0.000000e+00,0.000000e+00,0.000000e+00,0.000000e+00
1.000000e+00,0.000000e+00,0.000000e+00,0.000000e+00,0.000000e+00,0.000000e+00,0.000000e+00,0.000000e+00,0.000000e+00,0.000000e+00,0.000000e+00,0.000000e+00,0.000000e+00,0.000000e+00,0.000000e+00
1.000000e+00,0.000000e+00,0.000000e+00,0.000000e+00,0.000000e+00,0.000000e+00,0.000000e+00,0.000000e+00,0.000000e+00,0.000000e+00,0.000000e+00,0.000000e+00,0.000000e+00,0.000000e+00,0.000000e+00
1.000000e+00,0.000000e+00,0.000000e+00,0.000000e+00,0.000000e+00,0.000000e+00,0.000000e+00,0.000000e+00,0.000000e+00,0.000000e+00,0.000000e+00,0.000000e+00,0.000000e+00,0.000000e+00,0.000000e+00
1.000000e+00,0.000000e+00,0.000000e+00,0.000000e+00,0.000000e+00,0.000000e+00,0.000000e+00,0.000000e+00,0.000000e+00,0.000000e+00,0.000000e+00,0.000000e+00,0.000000e+00,0.000000e+00,0.000000e+00
1.000000e+00,0.000000e+00,0.000000e+00,0.000000e+00,0.000000e+00,0.000000e+00,0.000000e+00,0.000000e+00,0.000000e+00,0.000000e+00,0.000000e+00,0.000000e+00,0.000000e+00,0.000000e+00,0.000000e+00
1.000000e+00,0.000000e+00,0.000000e+00,0.000000e+00,0.000000e+00,0.000000e+00,0.000000e+00,0.000000e+00,0.000000e+00,0.000000e+00,0.000000e+00,0.000000e+00,0.000000e+00,0.000000e+00,0.000000e+00
1.000000e+00,0.000000e+00,0.000000e+00,0.000000e+00,0.000000e+00,0.000000e+00,0.000000e+00,0.000000e+00,0.000000e+00,0.000000e+00,0.000000e+00,0.000000e+00,0.000000e+00,0.000000e+00,0.000000e+00
1.000000e+00,0.000000e+00,0.000000e+00,0.000000e+00,0.000000e+00,0.000000e+00,0.000000e+00,0.000000e+00,0.000000e+00,0.000000e+00,0.000000e+00,0.000000e+00,0.000000e+00,0.000000e+00,0.000000e+00
1.000000e+00,0.000000e+00,0.000000e+00,0.000000e+00,0.000000e+00,0.000000e+00,0.000000e+00,0.000000e+00,0.000000e+00,0.000000e+00,0.000000e+00,0.000000e+00,0.000000e+00,0.000000e+00,0.000000e+00
1.000000e+00,0.000000e+00,0.000000e+00,0.000000e+00,0.000000e+00,0.000000e+00,0.000000e+00,0.000000e+00,0.000000e+00,0.000000e+00,0.000000e+00,0.000000e+00,0.000000e+00,0.000000e+00,0.000000e+00
1.000000e+00,0.000000e+00,0.000000e+00,0.000000e+00,0.000000e+00,0.000000e+00,0.000000e+00,0.000000e+00,0.000000e+00,0.000000e+00,0.000000e+00,0.000000e+00,0.000000e+00,0.000000e+00,0.000000e+00
1.000000e+00,0.000000e+00,0.000000e+00,0.000000e+00,0.000000e+00,0.000000e+00,0.000000e+00,0.000000e+00,0.000000e+00,0.000000e+00,0.000000e+00,0.000000e+00,0.000000e+00,0.000000e+00,0.000000e+00
1.000000e+00,0.000000e+00,0.000000e+00,0.000000e+00,0.000000e+00,0.000000e+00,0.000000e+00,0.000000e+00,0.000000e+00,0.000000e+00,0.000000e+00,0.000000e+00,0.000000e+00,0.000000e+00,0.000000e+00
1.000000e+00,0.000000e+00,0.000000e+00,0.000000e+00,0.000000e+00,0.000000e+00,0.000000e+00,0.000000e+00,0.000000e+00,0.000000e+00,0.000000e+00,0.000000e+00,0.000000e+00,0.000000e+00,0.000000e+00
1.000000e+00,0.000000e+00,0.000000e+00,0.000000e+00,0.000000e+00,0.000000e+00,0.000000e+00,0.000000e+00,0.000000e+00,0.000000e+00,0.000000e+00,0.000000e+00,0.000000e+00,0.000000e+00,0.000000e+00
1.000000e+00,0.000000e+00,0.000000e+00,0.000000e+00,0.000000e+00,0.000000e+00,0.000000e+00,0.000000e+00,0.000000e+00,0.000000e+00,0.000000e+00,0.000000e+00,0.000000e+00,0.000000e+00,0.000000e+00
1.000000e+00,0.000000e+00,0.000000e+00,0.000000e+00,0.000000e+00,0.000000e+00,0.000000e+00,0.000000e+00,0.000000e+00,0.000000e+00,0.000000e+00,0.000000e+00,0.000000e+00,0.000000e+00,0.000000e+00
1.000000e+00,0.000000e+00,0.000000e+00,0.000000e+00,0.000000e+00,0.000000e+00,0.000000e+00,0.000000e+00,0.000000e+00,0.000000e+00,0.000000e+00,0.000000e+00,0.000000e+00,0.000000e+00,0.000000e+00
1.000000e+00,0.000000e+00,0.000000e+00,0.000000e+00,0.000000e+00,0.000000e+00,0.000000e+00,0.000000e+00,0.000000e+00,0.000000e+00,0.000000e+00,0.000000e+00,0.000000e+00,0.000000e+00,0.000000e+00
1.000000e+00,0.000000e+00,0.000000e+00,0.000000e+00,0.000000e+00,0.000000e+00,0.000000e+00,0.000000e+00,0.000000e+00,0.000000e+00,0.000000e+00,0.000000e+00,0.000000e+00,0.000000e+00,0.000000e+00
1.000000e+00,0.000000e+00,0.000000e+00,0.000000e+00,0.000000e+00,0.000000e+00,0.000000e+00,0.000000e+00,0.000000e+00,0.000000e+00,0.000000e+00,0.000000e+00,0.000000e+00,0.000000e+00,0.000000e+00
1.000000e+00,0.000000e+00,0.000000e+00,0.000000e+00,0.000000e+00,0.000000e+00,0.000000e+00,0.000000e+00,0.000000e+00,0.000000e+00,0.000000e+00,0.000000e+00,0.000000e+00,0.000000e+00,0.000000e+00
1.000000e+00,0.000000e+00,0.000000e+00,0.000000e+00,0.000000e+00,0.000000e+00,0.000000e+00,0.000000e+00,0.000000e+00,0.000000e+00,0.000000e+00,0.000000e+00,0.000000e+00,0.000000e+00,0.000000e+00
1.000000e+00,0.000000e+00,0.000000e+00,0.000000e+00,0.000000e+00,0.000000e+00,0.000000e+00,0.000000e+00,0.000000e+00,0.000000e+00,0.000000e+00,0.000000e+00,0.000000e+00,0.000000e+00,0.000000e+00
1.000000e+00,0.000000e+00,0.000000e+00,0.000000e+00,0.000000e+00,0.000000e+00,0.000000e+00,0.000000e+00,0.000000e+00,0.000000e+00,0.000000e+00,0.000000e+00,0.000000e+00,0.000000e+00,0.000000e+00
1.000000e+00,0.000000e+00,0.000000e+00,0.000000e+00,0.000000e+00,0.000000e+00,0.000000e+00,0.000000e+00,0.000000e+00,0.000000e+00,0.000000e+00,0.000000e+00,0.000000e+00,0.000000e+00,0.000000e+00
3.694410e-01,5.625040e-02,3.497547e-02,1.523560e-01,4.573552e-03,1.072602e-02,2.177336e-03,9.184564e-03,1.480613e-02,1.479765e-02,1.953804e-02,1.927193e-02,1.200596e-02,8.691186e-03,2.712047e-01
2.612084e-01,4.415803e-02,4.561765e-02,1.367201e-01,3.324587e-03,7.999087e-03,1.550921e-03,6.497148e-03,2.284240e-02,1.951378e-02,1.461724e-02,1.426995e-02,9.382585e-03,8.428494e-03,4.038696e-01
1.844042e-01,3.580796e-02,1.164205e-01,1.356606e-01,2.497695e-03,6.225857e-03,1.112901e-03,4.575945e-03,2.491446e-02,1.878298e-02,1.194279e-02,1.086624e-02,6.910381e-03,1.564501e-02,4.242325e-01
1.308129e-01,3.117765e-02,1.222132e-01,1.043614e-01,1.909768e-03,5.199458e-03,8.063908e-04,3.219024e-03,2.423404e-02,2.027239e-02,9.900304e-03,8.066590e-03,5.546931e-03,3.926799e-02,4.930121e-01
9.232740e-02,5.418244e-02,9.838331e-02,7.490720e-02,1.496216e-03,4.177317e-03,5.874385e-04,2.267509e-03,3.862993e-02,2.940641e-02,9.044906e-03,5.945801e-03,6.531803e-03,1.178073e-01,4.643051e-01
6.478689e-02,8.687973e-02,7.287171e-02,5.306130e-02,1.311926e-03,3.451645e-03,4.283606e-04,1.598439e-03,7.489514e-02,1.177843e-01,8.817825e-03,4.555508e-03,1.023686e-02,1.129478e-01,3.863727e-01
4.540585e-02,7.592041e-02,8.668548e-02,3.963218e-02,1.179216e-03,2.688537e-03,3.086796e-04,1.135889e-03,8.837628e-02,2.564520e-01,6.989342e-03,3.542204e-03,8.580602e-03,8.802941e-02,2.950740e-01
3.199044e-02,8.915818e-02,1.222455e-01,3.445262e-02,1.061670e-03,2.131066e-03,3.278215e-04,9.334527e-04,1.199290e-01,2.821913e-01,6.670536e-03,2.964501e-03,6.778728e-03,7.116412e-02,2.280011e-01
2.256945e-02,7.659487e-02,9.497456e-02,2.535401e-02,1.071266e-03,2.294147e-03,2.683984e-04,8.724361e-04,1.648951e-01,3.368498e-01,6.681962e-03,2.494138e-03,8.588986e-03,7.282142e-02,1.836695e-01
1.598002e-02,8.271814e-02,1.055134e-01,2.704345e-02,1.609141e-03,1.903322e-03,5.564702e-04,2.619319e-03,2.702178e-01,2.649074e-01,9.517815e-03,3.300439e-03,7.881916e-03,5.868990e-02,1.475415e-01
1.135786e-02,6.045545e-02,7.744291e-02,1.950680e-02,2.024091e-03,1.628361e-03,4.549412e-04,2.091320e-03,2.411746e-01,3.657807e-01,2.376798e-02,3.726515e-03,6.807229e-03,7.188047e-02,1.119008e-01
1.079889e-02,4.728471e-02,5.597342e-02,1.475393e-02,6.046546e-03,1.863679e-03,4.545163e-04,2.049280e-03,3.049423e-01,3.728831e-01,2.707269e-02,3.230627e-03,5.932292e-03,6.242800e-02,8.428603e-02
1.035196e-02,3.750565e-02,4.447089e-02,1.985046e-02,1.180528e-01,4.502330e-03,2.292665e-02,1.503867e-02,2.917700e-01,2.967978e-01,2.096444e-02,2.502762e-03,5.173858e-03,4.566872e-02,6.442299e-02
9.665901e-03,3.240330e-02,3.495506e-02,1.477861e-02,1.461968e-01,6.396096e-03,2.140233e-02,1.369858e-02,3.197329e-01,2.935945e-01,1.594302e-02,2.152508e-03,6.687172e-03,3.410501e-02,4.828827e-02
9.812254e-03,4.993942e-02,3.960406e-02,1.261003e-02,1.079600e-01,1.047678e-02,2.567475e-02,1.160791e-02,3.077843e-01,3.164164e-01,2.157342e-02,4.607930e-03,1.339430e-02,2.915036e-02,3.938805e-02
1.492002e-02,7.599009e-02,3.611695e-02,1.610921e-02,8.123879e-02,9.788752e-03,4.214584e-02,1.090608e-02,2.985785e-01,2.822959e-01,3.145147e-02,7.830954e-03,1.899204e-02,2.365103e-02,4.998444e-02
2.939262e-02,7.355584e-02,3.843912e-02,2.220272e-02,8.007467e-02,1.819449e-02,5.308956e-02,3.406591e-02,2.711400e-01,2.512851e-01,3.775187e-02,9.311441e-03,2.381532e-02,1.818026e-02,3.950104e-02
5.229264e-02,6.121590e-02,3.171832e-02,2.384145e-02,9.283721e-02,4.122512e-02,1.044581e-01,3.657731e-02,2.255316e-01,1.919563e-01,3.085420e-02,1.096942e-02,5.040157e-02,1.375135e-02,3.236952e-02
5.940812e-02,7.119232e-02,2.723594e-02,1.976000e-02,8.842435e-02,7.029843e-02,1.195028e-01,3.190982e-02,2.211372e-01,1.456711e-01,2.577479e-02,1.371579e-02,6.436785e-02,1.102825e-02,3.057328e-02
6.157043e-02,6.979755e-02,2.390881e-02,1.496930e-02,8.002979e-02,6.125944e-02,1.754211e-01,2.745884e-02,2.522720e-01,1.059926e-01,2.319531e-02,1.327073e-02,5.794790e-02,8.600067e-03,2.430616e-02
9.772484e-02,7.373296e-02,2.000897e-02,1.107347e-02,6.604524e-02,4.632455e-02,1.578921e-01,2.583658e-02,3.265468e-01,7.659980e-02,1.879330e-02,1.130951e-02,4.176832e-02,7.916618e-03,1.842683e-02
1.744458e-01,7.004348e-02,1.701263e-02,9.625909e-03,5.657437e-02,3.673978e-02,1.682720e-01,2.416674e-02,2.923254e-01,5.818753e-02,1.722217e-02,1.198953e-02,3.384874e-02,7.173134e-03,2.237290e-02
2.113106e-01,8.148538e-02,1.583000e-02,9.770786e-03,4.444085e-02,3.716781e-02,1.602712e-01,1.958761e-02,2.575264e-01,4.337709e-02,2.433902e-02,1.504724e-02,3.613153e-02,6.613686e-03,3.710094e-02
2.807584e-01,8.079978e-02,1.474788e-02,9.612418e-03,3.572349e-02,3.280573e-02,1.334563e-01,1.915159e-02,2.356789e-01,3.318485e-02,2.633294e-02,2.131665e-02,2.916352e-02,6.853745e-03,4.041383e-02
3.986246e-01,6.204684e-02,1.546505e-02,1.157241e-02,2.758679e-02,3.179221e-02,1.049318e-01,1.783291e-02,1.729167e-01,2.593513e-02,2.672309e-02,2.930091e-02,2.469510e-02,1.030534e-02,4.027113e-02
4.490764e-01,4.958139e-02,2.333203e-02,1.429157e-02,2.199302e-02,3.249465e-02,8.699904e-02,1.872293e-02,1.343211e-01,2.163627e-02,3.041749e-02,3.374499e-02,2.083009e-02,1.963375e-02,4.292534e-02
4.623160e-01,4.081907e-02,2.677025e-02,1.665182e-02,1.815557e-02,3.544009e-02,7.352901e-02,1.816285e-02,1.067074e-01,2.170596e-02,4.418962e-02,3.869677e-02,1.969046e-02,3.272587e-02,4.443922e-02
1.000000e+00,0.000000e+00,0.000000e+00,0.000000e+00,0.000000e+00,0.000000e+00,0.000000e+00,0.000000e+00,0.000000e+00,0.000000e+00,0.000000e+00,0.000000e+00,0.000000e+00,0.000000e+00,0.000000e+00
4.294300e-01,3.118727e-02,2.448310e-02,1.544472e-02,1.850565e-02,2.913991e-02,3.783349e-02,1.515088e-02,6.447091e-02,1.610882e-02,1.330606e-01,4.366734e-02,1.507581e-02,9.316188e-02,3.327966e-02
3.066638e-01,2.501136e-02,2.143794e-02,1.363256e-02,1.501027e-02,3.076307e-02,2.676057e-02,1.137965e-02,4.957796e-02,1.458899e-02,2.374973e-01,6.372937e-02,1.265952e-02,1.431004e-01,2.818722e-02
2.220610e-01,2.082056e-02,2.311368e-02,1.075374e-02,1.566464e-02,3.309230e-02,1.929444e-02,1.234761e-02,5.514930e-02,1.420558e-02,3.002347e-01,5.586434e-02,9.451932e-03,1.871803e-01,2.076586e-02
1.568996e-01,1.537069e-02,1.715187e-02,7.722362e-03,1.209053e-02,2.527151e-02,1.357720e-02,8.871183e-03,5.202943e-02,1.211340e-02,3.828792e-01,4.563534e-02,6.920633e-03,2.285618e-01,1.490528e-02
1.205991e-01,1.739027e-02,1.207870e-01,3.711700e-02,2.818558e-02,3.116079e-02,1.024243e-02,1.137146e-02,5.679424e-02,1.401507e-02,3.014061e-01,4.138982e-02,5.414069e-03,1.929332e-01,1.119377e-02
8.933473e-02,1.948533e-02,2.415687e-01,3.417583e-02,3.269144e-02,4.164302e-02,7.480188e-03,9.106053e-03,5.287153e-02,1.430276e-02,2.480563e-01,3.578949e-02,4.717007e-03,1.597556e-01,9.021894e-03
6.923360e-02,2.295195e-02,3.363209e-01,4.192882e-02,3.018033e-02,6.130925e-02,5.528873e-03,1.028776e-02,5.377739e-02,1.197450e-02,1.844987e-01,2.612142e-02,3.940863e-03,1.350717e-01,6.873953e-03
5.538559e-02,2.468034e-02,4.097721e-01,3.578783e-02,4.107499e-02,6.043663e-02,4.186610e-03,8.432754e-03,4.769755e-02,1.051425e-02,1.419321e-01,1.887530e-02,3.214216e-03,1.322746e-01,5.735106e-03
4.510799e-02,2.977306e-02,4.333920e-01,3.390318e-02,4.343624e-02,5.544474e-02,3.123976e-03,8.378277e-03,6.204673e-02,1.227904e-02,1.158279e-01,1.413154e-02,2.738340e-03,1.352538e-01,5.163079e-03
5.073171e-02,3.163337e-02,4.289257e-01,3.752343e-02,4.420199e-02,4.532254e-02,2.490919e-03,8.810655e-03,6.281199e-02,1.379841e-02,9.389321e-02,1.245047e-02,3.257011e-03,1.591879e-01,4.960664e-03
7.135962e-02,3.145190e-02,3.951917e-01,3.400600e-02,3.856056e-02,3.564510e-02,1.852190e-03,7.587332e-03,7.671790e-02,1.933728e-02,8.508885e-02,1.193186e-02,3.481965e-03,1.826242e-01,5.163657e-03
1.257793e-01,5.085809e-02,2.987504e-01,2.780783e-02,3.367734e-02,3.016057e-02,1.784119e-03,6.914753e-03,1.040591e-01,2.450038e-02,8.267042e-02,1.028667e-02,3.222432e-03,1.914548e-01,8.073916e-03
1.550614e-01,6.588209e-02,2.589896e-01,3.027318e-02,3.111877e-02,2.791004e-02,1.833808e-03,1.179981e-02,9.440391e-02,2.578939e-02,9.523314e-02,9.931642e-03,2.916064e-03,1.789647e-01,9.892475e-03
1.581781e-01,7.693687e-02,3.109941e-01,3.674632e-02,2.924069e-02,2.205465e-02,1.799410e-03,1.419737e-02,8.212333e-02,2.237212e-02,7.733019e-02,8.621788e-03,2.705197e-03,1.461114e-01,1.058848e-02
2.087300e-01,8.204079e-02,2.613395e-01,3.072294e-02,3.576758e-02,1.843888e-02,1.465639e-03,1.459064e-02,1.155055e-01,1.892280e-02,6.212711e-02,8.307949e-03,2.665946e-03,1.275696e-01,1.180526e-02
2.758305e-01,7.475584e-02,2.134736e-01,3.245662e-02,4.493105e-02,1.634330e-02,1.322853e-03,1.775292e-02,1.181058e-01,1.650012e-02,5.501257e-02,8.532518e-03,2.724711e-03,1.102041e-01,1.205353e-02
2.776102e-01,7.839025e-02,2.621997e-01,3.039704e-02,4.445300e-02,1.573783e-02,1.142688e-03,1.730978e-02,1.069743e-01,1.331276e-02,4.381759e-02,7.334845e-03,2.475157e-03,8.777612e-02,1.106871e-02
2.625751e-01,9.452178e-02,2.718536e-01,2.635490e-02,5.839856e-02,1.960381e-02,1.068085e-03,1.583702e-02,9.784766e-02,1.170789e-02,3.789818e-02,6.840564e-03,2.737329e-03,8.268785e-02,1.006771e-02
2.513825e-01,9.946302e-02,2.646229e-01,2.688941e-02,7.074755e-02,3.429588e-02,1.320809e-03,3.178966e-02,8.305037e-02,9.434782e-03,3.031550e-02,9.647798e-03,3.865068e-03,7.295843e-02,1.021629e-02
2.706105e-01,8.326362e-02,2.360256e-01,2.363210e-02,6.002764e-02,5.300411e-02,6.083344e-03,3.473451e-02,6.645595e-02,8.005560e-03,2.868082e-02,3.745603e-02,1.922571e-02,6.193288e-02,1.086169e-02
3.049613e-01,7.043347e-02,2.007116e-01,2.160423e-02,4.925511e-02,9.749396e-02,5.574170e-03,2.810090e-02,5.861937e-02,6.353436e-03,3.373297e-02,3.516955e-02,1.881692e-02,5.900548e-02,1.016751e-02
3.529516e-01,5.359680e-02,1.944451e-01,2.027195e-02,4.244156e-02,8.834793e-02,6.597672e-03,2.788820e-02,4.964572e-02,5.407513e-03,3.097563e-02,4.056938e-02,2.342398e-02,5.255790e-02,1.087901e-02
3.989099e-01,4.059162e-02,2.071929e-01,2.102948e-02,3.644788e-02,7.516108e-02,7.892532e-03,2.247462e-02,3.974853e-02,5.781122e-03,2.648944e-02,3.393319e-02,1.986531e-02,5.364473e-02,1.083765e-02
4.499242e-01,3.046149e-02,2.027809e-01,2.086695e-02,2.880796e-02,7.832991e-02,1.345638e-02,2.343547e-02,3.218107e-02,5.099122e-03,1.954500e-02,2.718284e-02,1.731204e-02,4.035410e-02,1.026255e-02
1.000000e+00,0.000000e+00,0.000000e+00,0.000000e+00,0.000000e+00,0.000000e+00,0.000000e+00,0.000000e+00,0.000000e+00,0.000000e+00,0.000000e+00,0.000000e+00,0.000000e+00,0.000000e+00,0.000000e+00
1.000000e+00,0.000000e+00,0.000000e+00,0.000000e+00,0.000000e+00,0.000000e+00,0.000000e+00,0.000000e+00,0.000000e+00,0.000000e+00,0.000000e+00,0.000000e+00,0.000000e+00,0.000000e+00,0.000000e+00
1.000000e+00,0.000000e+00,0.000000e+00,0.000000e+00,0.000000e+00,0.000000e+00,0.000000e+00,0.000000e+00,0.000000e+00,0.000000e+00,0.000000e+00,0.000000e+00,0.000000e+00,0.000000e+00,0.000000e+00
1.000000e+00,0.000000e+00,0.000000e+00,0.000000e+00,0.000000e+00,0.000000e+00,0.000000e+00,0.000000e+00,0.000000e+00,0.000000e+00,0.000000e+00,0.000000e+00,0.000000e+00,0.000000e+00,0.000000e+00
1.000000e+00,0.000000e+00,0.000000e+00,0.000000e+00,0.000000e+00,0.000000e+00,0.000000e+00,0.000000e+00,0.000000e+00,0.000000e+00,0.000000e+00,0.000000e+00,0.000000e+00,0.000000e+00,0.000000e+00
4.519921e-01,6.932699e-02,7.364111e-02,4.487605e-02,1.174784e-02,7.775871e-02,5.349778e-03,5.980018e-03,4.764954e-02,3.765066e-02,9.752285e-03,3.297472e-02,5.792409e-02,1.513991e-02,5.823620e-02
3.227095e-01,8.306663e-02,1.568023e-01,5.949911e-02,9.704290e-03,6.573778e-02,4.176134e-03,4.300634e-03,4.401015e-02,6.422293e-02,8.286316e-03,2.639541e-02,5.151664e-02,1.084427e-02,8.872784e-02
2.264431e-01,1.002493e-01,2.924943e-01,6.406249e-02,6.877154e-03,4.720739e-02,2.954489e-03,3.059599e-03,3.512705e-02,7.261539e-02,9.086209e-03,2.137407e-02,4.396006e-02,7.707880e-03,6.678151e-02
1.623629e-01,8.712910e-02,2.736530e-01,8.539239e-02,5.128653e-03,4.750604e-02,2.266531e-03,2.349334e-03,4.361534e-02,1.137522e-01,2.408416e-02,2.594432e-02,4.541365e-02,5.950462e-03,7.545179e-02
1.176381e-01,8.513017e-02,2.030386e-01,7.387745e-02,4.222066e-03,4.238509e-02,1.746229e-03,1.901729e-03,6.428634e-02,1.529934e-01,3.042597e-02,3.199399e-02,4.518076e-02,5.401858e-03,1.397782e-01
8.347215e-02,8.580524e-02,1.653732e-01,1.486371e-01,7.609939e-03,3.087630e-02,2.252969e-03,2.223878e-03,1.304232e-01,1.423624e-01,2.332885e-02,2.428134e-02,3.544826e-02,4.144669e-03,1.137604e-01
6.267205e-02,1.264728e-01,1.675560e-01,1.451596e-01,6.290423e-03,2.644645e-02,1.868417e-03,1.959815e-03,1.634310e-01,1.261926e-01,1.893671e-02,1.887589e-02,3.496244e-02,3.390365e-03,9.578542e-02
4.585625e-02,1.717197e-01,1.377279e-01,1.075309e-01,5.770369e-03,2.203992e-02,1.528841e-03,1.565378e-03,2.832783e-01,9.210836e-02,1.687539e-02,1.380333e-02,2.568949e-02,2.612239e-03,7.189365e-02
3.421946e-02,2.284828e-01,1.030231e-01,1.170719e-01,4.421314e-03,1.758410e-02,1.171612e-03,1.411177e-03,3.160486e-01,6.764606e-02,1.536506e-02,1.316791e-02,2.224936e-02,2.229823e-03,5.590776e-02
3.159777e-02,1.917760e-01,7.296452e-02,1.004231e-01,6.323676e-03,1.375736e-02,1.288034e-03,2.533286e-03,4.337326e-01,4.926879e-02,1.845760e-02,1.336054e-02,2.070710e-02,1.818592e-03,4.199103e-02
2.390992e-02,1.746706e-01,5.424997e-02,1.896155e-01,6.950830e-03,1.215195e-02,1.202728e-03,5.470086e-03,4.184177e-01,3.694725e-02,1.474562e-02,1.008074e-02,1.802883e-02,1.709394e-03,3.184895e-02
2.209489e-02,1.490964e-01,4.287929e-02,2.057302e-01,8.913105e-03,1.791144e-02,1.179551e-03,5.320555e-03,4.438514e-01,2.912677e-02,2.027964e-02,9.002035e-03,1.708665e-02,1.502597e-03,2.602543e-02
2.420429e-02,1.692936e-01,4.068384e-02,1.563432e-01,1.340058e-02,2.348500e-02,1.407200e-03,6.143324e-03,4.608467e-01,2.216704e-02,3.395327e-02,8.660234e-03,1.690336e-02,1.631920e-03,2.087637e-02
3.580775e-02,1.884392e-01,3.517875e-02,1.169817e-01,1.651850e-02,5.073341e-02,1.333036e-03,2.180206e-02,4.406884e-01,1.662512e-02,3.114217e-02,7.856246e-03,1.364116e-02,2.364436e-03,2.088804e-02
3.716911e-02,1.665465e-01,4.951079e-02,9.788460e-02,1.459281e-02,1.605200e-01,1.103152e-03,2.046561e-02,3.362837e-01,1.561881e-02,2.481230e-02,9.296089e-03,1.391893e-02,2.417648e-03,4.985993e-02
3.469453e-02,1.287489e-01,3.681228e-02,7.033496e-02,1.118697e-02,3.187464e-01,8.809889e-04,1.515275e-02,2.428986e-01,1.441220e-02,3.106537e-02,1.496110e-02,2.138425e-02,4.666264e-03,5.405449e-02
3.282446e-02,1.027087e-01,2.702482e-02,5.073740e-02,8.623343e-03,3.383759e-01,8.138017e-04,1.244383e-02,1.785739e-01,2.361253e-02,7.137446e-02,3.853253e-02,5.603924e-02,7.777946e-03,5.053714e-02
2.517275e-02,8.149499e-02,6.434208e-02,9.140877e-02,1.155844e-02,2.419875e-01,7.883356e-04,1.233675e-02,1.649777e-01,2.507124e-02,9.491466e-02,5.921353e-02,5.673846e-02,7.818523e-03,6.217637e-02
2.921375e-02,6.620272e-02,5.254593e-02,7.907137e-02,1.223648e-02,2.008137e-01,1.045438e-03,1.121926e-02,1.428089e-01,2.137554e-02,1.539983e-01,1.087548e-01,5.039008e-02,1.865413e-02,5.166963e-02
2.816173e-02,5.578817e-02,4.412183e-02,8.732017e-02,1.206681e-02,1.659908e-01,9.701990e-04,9.684809e-03,1.209655e-01,1.736093e-02,2.233893e-01,1.278157e-01,4.042014e-02,1.733207e-02,4.861186e-02
2.327777e-02,4.093069e-02,3.375399e-02,6.824470e-02,9.392816e-03,1.355377e-01,8.156062e-04,7.539029e-03,8.974542e-02,1.665672e-02,3.381595e-01,1.483561e-01,3.090034e-02,1.920758e-02,3.748221e-02
2.346630e-02,3.647017e-02,2.755988e-02,5.786364e-02,1.628382e-02,1.177977e-01,8.100555e-04,6.899414e-03,8.162110e-02,1.888654e-02,3.830369e-01,1.478056e-01,2.717951e-02,2.339950e-02,3.091992e-02
1.924850e-02,2.939770e-02,3.402181e-02,4.501449e-02,1.542803e-02,9.408903e-02,8.024064e-04,6.628288e-03,6.320015e-02,1.948590e-02,3.922490e-01,1.993948e-01,2.046064e-02,3.182294e-02,2.875627e-02
1.741779e-02,2.159655e-02,2.719247e-02,3.347536e-02,1.348155e-02,7.801906e-02,7.337247e-04,6.340431e-03,4.713187e-02,1.801422e-02,4.558805e-01,2.054864e-01,1.590697e-02,3.742658e-02,2.189649e-02
1.307079e-02,1.542996e-02,2.019919e-02,2.403108e-02,1.184003e-02,5.867489e-02,8.321608e-04,4.768713e-03,3.400329e-02,1.378072e-02,5.818315e-01,1.644714e-01,1.254634e-02,2.874520e-02,1.577477e-02
9.713225e-03,1.104353e-02,1.492267e-02,1.704807e-02,1.176965e-02,4.277531e-02,1.079241e-03,3.592961e-03,2.467605e-02,1.046739e-02,6.849760e-01,1.248395e-01,9.729582e-03,2.197959e-02,1.138718e-02
7.139372e-03,8.027716e-03,1.093643e-02,1.203354e-02,9.306639e-03,3.142518e-02,9.594362e-04,2.579789e-03,1.758444e-02,8.035739e-03,7.649505e-01,9.524389e-02,7.574178e-03,1.605430e-02,8.148829e-03
6.440013e-03,5.990290e-03,7.849189e-03,8.487019e-03,7.725310e-03,2.331453e-02,9.084582e-04,1.858518e-03,1.263633e-02,1.177621e-02,8.093696e-01,7.805339e-02,6.111694e-03,1.313543e-02,6.344043e-03
5.060331e-03,4.410988e-03,5.540421e-03,6.034933e-03,1.270380e-02,1.668289e-02,9.074567e-04,1.356549e-03,9.236503e-03,1.006617e-02,8.305474e-01,7.814994e-02,4.883781e-03,9.899896e-03,4.518911e-03
3.829833e-03,4.759361e-03,4.033661e-03,4.256194e-03,5.498649e-02,1.186120e-02,9.680211e-04,9.759406e-04,7.649859e-03,1.166651e-02,8.050528e-01,7.473591e-02,4.276736e-03,7.665711e-03,3.281706e-03
2.779174e-03,7.841378e-03,3.271558e-03,3.001716e-03,4.545589e-02,8.578962e-03,1.185544e-03,7.030854e-04,6.781927e-03,1.186225e-02,8.390300e-01,5.761533e-02,3.500193e-03,5.571281e-03,2.821691e-03
2.101579e-03,3.458702e-02,5.164273e-03,2.175767e-03,3.442963e-02,6.592005e-03,1.484811e-03,5.440356e-04,6.637195e-03,1.195337e-02,8.324462e-01,4.968376e-02,3.336543e-03,4.417906e-03,4.445930e-03
1.654909e-03,4.994795e-02,1.171715e-02,1.609264e-03,2.631349e-02,5.388372e-03,1.597831e-03,4.410841e-04,7.691075e-03,2.106455e-02,7.999304e-01,5.000989e-02,4.400020e-03,4.630097e-03,1.360387e-02
1.416492e-03,3.671761e-02,1.255902e-02,1.302236e-03,2.347090e-02,4.952547e-03,1.178221e-03,9.580028e-04,9.927606e-03,2.620825e-02,7.444502e-01,1.147599e-01,7.757716e-03,4.345021e-03,9.996185e-03
3.060331e-03,3.756751e-02,4.002258e-02,1.407054e-03,2.595323e-02,6.824018e-03,1.190110e-03,1.569480e-02,1.332510e-02,3.371065e-02,6.130199e-01,1.778540e-01,1.666025e-02,5.398009e-03,8.312386e-03
7.490680e-03,5.807377e-02,6.272645e-02,2.368449e-03,6.066484e-02,2.689285e-02,4.681020e-03,3.132078e-02,3.433556e-02,4.146755e-02,4.653668e-01,1.683576e-01,1.526115e-02,1.365878e-02,7.333780e-03
7.844003e-03,4.333418e-02,5.520456e-02,3.562646e-03,6.421414e-02,3.253710e-02,1.193665e-02,1.195014e-01,2.774338e-02,4.243985e-02,3.417144e-01,2.197002e-01,1.244947e-02,1.225451e-02,5.563472e-03
1.092318e-02,4.657403e-02,8.080664e-02,3.306408e-03,1.585750e-01,2.717872e-02,1.031760e-02,1.032519e-01,5.029975e-02,3.376259e-02,2.484120e-01,2.002997e-01,1.040539e-02,1.103856e-02,4.848521e-03
1.376180e-02,3.964867e-02,1.462593e-01,7.741602e-03,1.733322e-01,2.720293e-02,8.098039e-03,1.148297e-01,6.617193e-02,2.647197e-02,1.797690e-01,1.757998e-01,8.481500e-03,8.497480e-03,3.934019e-03
1.360127e-02,3.370414e-02,1.284227e-01,7.815944e-03,2.242482e-01,2.289310e-02,6.302017e-03,9.579411e-02,1.533786e-01,2.102907e-02,1.325072e-01,1.425986e-01,7.297584e-03,6.904917e-03,3.502481e-03
1.170735e-02,2.768378e-02,9.855469e-02,8.358714e-03,2.258935e-01,2.048355e-02,4.583623e-03,9.834379e-02,2.722926e-01,1.618171e-02,9.710480e-02,1.027676e-01,6.770807e-03,6.120217e-03,3.153181e-03
8.926239e-03,2.117630e-02,6.961527e-02,6.298395e-03,1.810859e-01,2.340002e-02,3.487891e-03,7.109021e-02,4.467378e-01,1.183602e-02,6.985269e-02,7.399832e-02,5.640747e-03,4.443312e-03,2.410843e-03
7.477359e-03,1.683204e-02,4.909808e-02,5.667983e-03,1.384638e-01,2.492819e-02,3.383904e-03,5.918213e-02,5.707410e-01,8.681220e-03,5.046940e-02,5.381558e-02,6.076483e-03,3.320711e-03,1.862140e-03
8.383163e-03,1.422769e-02,3.480098e-02,6.141570e-03,1.162239e-01,2.578200e-02,4.563296e-03,5.379158e-02,6.455519e-01,6.913740e-03,3.603498e-02,3.856508e-02,4.954453e-03,2.479279e-03,1.586400e-03
1.177295e-02,1.237551e-02,3.065799e-02,1.715260e-02,1.114036e-01,2.867466e-02,5.043571e-03,7.095420e-02,6.419907e-01,6.483536e-03,2.644939e-02,2.780295e-02,5.545942e-03,1.943151e-03,1.749385e-03
2.263444e-02,1.279812e-02,2.260561e-02,1.314851e-02,1.322253e-01,3.326458e-02,4.276816e-03,5.453972e-02,6.427839e-01,7.626769e-03,1.971147e-02,1.974058e-02,4.774394e-03,3.281336e-03,6.588446e-03
3.212155e-02,1.051992e-02,1.708029e-02,1.442463e-02,1.626792e-01,5.031413e-02,4.752469e-03,5.977044e-02,5.964376e-01,8.143069e-03,1.490184e-02,1.435101e-02,5.096954e-03,3.001183e-03,6.405735e-03
3.181232e-02,1.869401e-02,2.073439e-02,1.731064e-02,1.297082e-01,3.974162e-02,4.255080e-03,4.334325e-02,5.390070e-01,3.123664e-02,1.262792e-02,1.159794e-02,1.105030e-02,3.008241e-03,8.587247e-02
2.629769e-02,1.637806e-02,8.214577e-02,5.779852e-02,1.096574e-01,2.991112e-02,4.494883e-03,3.558919e-02,4.978367e-01,2.855233e-02,1.605428e-02,8.971079e-03,1.504226e-02,2.728257e-03,6.854243e-02
2.345234e-02,1.480598e-02,1.145318e-01,5.149450e-02,8.729877e-02,2.227941e-02,3.415157e-03,2.698278e-02,4.144762e-01,4.683495e-02,1.621542e-02,6.698720e-03,1.152085e-02,6.300526e-03,1.536926e-01
2.285508e-02,1.570318e-02,1.430384e-01,4.544958e-02,6.812768e-02,1.682356e-02,2.750328e-03,2.090962e-02,3.320292e-01,5.205607e-02,1.505177e-02,5.328798e-03,9.633703e-03,1.375845e-02,2.364846e-01
3.123246e-02,1.812470e-02,1.408705e-01,3.612157e-02,5.854575e-02,1.461079e-02,2.363874e-03,1.837268e-02,2.685252e-01,4.726445e-02,1.550717e-02,4.559097e-03,8.121764e-03,4.250100e-02,2.932791e-01
2.885025e-02,1.941415e-02,2.215853e-01,7.355498e-02,4.707303e-02,1.158913e-02,1.991418e-03,1.705563e-02,2.368398e-01,4.159861e-02,1.350584e-02,4.112598e-03,6.899530e-03,3.821957e-02,2.377101e-01
2.331846e-02,1.679067e-02,1.734864e-01,5.904367e-02,3.393262e-02,9.356317e-03,1.523876e-03,1.235199e-02,1.936150e-01,3.367881e-02,1.155589e-02,4.059867e-03,6.244470e-03,1.185117e-01,3.025303e-01
2.902260e-02,2.819121e-02,1.310124e-01,4.350820e-02,2.717797e-02,9.708703e-03,1.396850e-03,1.045974e-02,2.023111e-01,2.800467e-02,1.121338e-02,4.078115e-03,6.377085e-03,1.696691e-01,2.978689e-01
3.434308e-02,5.059738e-02,1.194575e-01,3.498373e-02,2.399849e-02,1.191768e-02,1.235687e-03,1.011923e-02,2.296214e-01,2.486364e-02,1.233349e-02,3.369875e-03,5.502309e-03,1.762654e-01,2.613912e-01
4.383345e-02,6.445794e-02,1.060755e-01,3.471195e-02,2.727790e-02,1.181629e-02,1.373843e-03,1.330939e-02,2.393612e-01,2.039485e-02,1.295670e-02,4.318973e-03,5.612708e-03,1.601808e-01,2.543184e-01
5.174209e-02,1.739071e-01,9.030554e-02,2.830434e-02,2.617234e-02,1.672757e-02,1.325453e-03,1.388155e-02,2.189067e-01,1.597672e-02,1.260843e-02,4.837834e-03,5.331239e-03,1.282486e-01,2.117245e-01
7.386146e-02,1.624386e-01,1.099413e-01,5.521220e-02,2.856628e-02,1.500023e-02,1.570877e-03,1.651853e-02,2.156745e-01,1.293443e-02,1.152020e-02,5.726129e-03,5.246569e-03,9.782255e-02,1.879661e-01
9.686311e-02,1.556269e-01,1.355190e-01,5.884125e-02,3.180898e-02,1.399755e-02,1.415819e-03,1.648641e-02,2.186926e-01,1.042443e-02,1.009237e-02,6.308163e-03,4.749338e-03,7.623227e-02,1.629419e-01
1.398301e-01,1.342056e-01,1.340772e-01,6.364504e-02,2.854846e-02,1.318910e-02,1.938306e-03,1.937350e-02,2.190997e-01,9.451309e-03,1.072806e-02,8.031704e-03,6.478546e-03,6.697433e-02,1.444291e-01
1.922600e-01,1.614192e-01,1.245481e-01,5.804737e-02,3.092811e-02,1.310248e-02,2.264269e-03,2.075011e-02,2.037282e-01,7.298899e-03,1.001935e-02,9.795267e-03,6.613365e-03,5.219715e-02,1.070281e-01
2.117718e-01,1.475593e-01,1.344620e-01,9.183517e-02,2.937229e-02,1.584348e-02,2.281184e-03,2.203441e-02,1.622620e-01,8.996935e-03,9.135678e-03,2.307569e-02,9.043651e-03,3.776979e-02,9.455665e-02
2.314457e-01,1.269803e-01,1.710716e-01,9.654201e-02,2.682668e-02,1.632013e-02,2.597287e-03,3.041042e-02,1.304771e-01,8.459937e-03,1.075301e-02,3.947345e-02,1.038508e-02,2.748515e-02,7.077218e-02
2.549544e-01,1.321054e-01,1.924804e-01,7.829785e-02,2.209949e-02,1.999575e-02,2.253709e-03,2.743413e-02,1.036029e-01,1.006603e-02,1.241287e-02,5.385555e-02,1.088891e-02,2.137899e-02,5.817371e-02
2.705679e-01,1.583510e-01,1.499220e-01,6.412138e-02,2.106350e-02,2.047363e-02,2.482082e-03,2.572630e-02,1.171878e-01,1.270885e-02,1.589329e-02,6.554301e-02,1.312545e-02,1.620502e-02,4.662880e-02
2.766010e-01,1.566193e-01,1.138061e-01,4.919408e-02,4.919451e-02,1.852008e-02,2.518728e-03,2.351793e-02,1.613574e-01,1.179634e-02,1.525365e-02,5.995380e-02,1.361196e-02,1.254422e-02,3.551088e-02
2.333902e-01,1.561191e-01,9.003653e-02,4.901753e-02,5.435289e-02,1.863088e-02,3.507643e-03,2.402675e-02,2.220465e-01,1.352418e-02,2.485348e-02,5.432204e-02,1.591756e-02,1.094672e-02,2.930805e-02
1.826221e-01,1.243158e-01,8.101776e-02,2.467465e-01,4.100838e-02,1.466124e-02,2.716195e-03,1.902055e-02,1.632451e-01,1.202824e-02,2.445615e-02,4.179141e-02,1.378873e-02,8.379947e-03,2.420195e-02
1.442332e-01,1.007260e-01,7.715359e-02,2.728924e-01,3.417599e-02,1.351896e-02,2.039020e-03,1.429125e-02,1.259667e-01,2.115029e-02,1.069396e-01,3.336655e-02,1.384111e-02,8.427800e-03,3.127752e-02
1.334226e-01,8.360220e-02,6.109618e-02,2.307003e-01,2.644513e-02,1.498996e-02,1.590692e-03,1.303655e-02,1.027234e-01,2.462079e-02,2.040223e-01,2.659068e-02,1.535120e-02,3.023479e-02,3.157334e-02
9.730182e-02,6.877244e-02,4.646880e-02,1.648277e-01,2.160417e-02,1.196461e-02,1.204131e-03,9.537347e-03,9.876788e-02,2.783106e-02,2.714505e-01,1.943308e-02,2.369001e-02,9.237392e-02,4.477263e-02
6.938495e-02,5.082730e-02,3.496509e-02,1.155860e-01,1.787014e-02,8.811649e-03,9.423613e-04,6.776109e-03,1.383815e-01,8.987233e-02,2.227531e-01,1.366238e-02,1.772076e-02,1.573517e-01,5.509473e-02
5.678648e-02,4.104384e-02,3.141614e-02,8.717103e-02,1.329446e-02,6.728902e-03,7.545500e-04,5.156809e-03,3.129002e-01,7.415436e-02,1.591020e-01,9.835286e-03,1.298480e-02,1.403382e-01,4.833300e-02
4.982967e-02,3.608490e-02,2.565744e-02,6.265017e-02,1.059203e-02,6.307051e-03,9.639525e-04,4.163642e-03,2.635422e-01,9.227261e-02,1.305378e-01,7.487458e-03,1.145749e-02,2.339109e-01,6.454272e-02
3.575373e-02,2.549150e-02,1.810982e-02,4.410830e-02,7.580838e-03,4.864478e-03,7.618610e-04,2.983528e-03,2.236481e-01,6.743950e-02,9.774543e-02,5.925580e-03,9.382646e-03,3.166705e-01,1.395341e-01
2.532311e-02,1.794717e-02,1.276549e-02,3.101813e-02,5.578114e-03,4.250030e-03,5.606263e-04,2.133745e-03,1.675200e-01,4.825242e-02,8.055674e-02,4.520138e-03,1.051573e-02,2.865314e-01,3.025272e-01
1.780828e-02,1.267439e-02,1.000661e-02,2.195868e-02,4.327843e-03,3.319487e-03,4.870175e-04,1.699650e-03,1.409085e-01,3.867942e-02,7.774770e-02,4.848090e-03,8.894279e-03,2.471120e-01,4.095281e-01
1.276020e-02,9.856198e-03,8.345138e-03,1.664623e-02,7.756965e-03,4.703871e-03,8.998695e-04,1.845864e-03,1.591294e-01,1.026569e-01,8.368792e-02,6.956500e-03,8.688735e-03,2.613512e-01,3.147150e-01
9.506842e-03,7.677577e-03,7.130737e-03,1.429444e-02,7.180453e-03,4.331466e-03,8.774899e-04,1.893320e-03,1.593155e-01,1.061766e-01,9.852262e-02,8.635463e-03,9.913705e-03,3.082291e-01,2.563147e-01
7.598945e-03,7.395436e-03,5.209282e-03,1.139486e-02,6.593172e-03,7.162704e-03,6.868172e-04,1.863591e-03,1.647999e-01,8.557045e-02,1.886433e-01,2.042271e-02,1.634336e-02,2.923805e-01,1.839349e-01
5.894690e-03,1.040771e-02,8.894674e-03,1.124250e-02,1.652790e-02,1.265152e-02,6.090784e-04,3.707531e-03,2.131523e-01,6.434552e-02,2.435531e-01,1.769304e-02,2.754871e-02,2.308800e-01,1.328917e-01
5.330347e-03,1.298129e-02,1.788994e-02,1.296003e-02,1.998371e-02,1.241366e-02,6.422448e-04,6.919900e-03,3.214308e-01,5.053969e-02,2.329463e-01,1.495983e-02,2.409784e-02,1.669577e-01,9.994668e-02
4.455497e-03,1.868625e-02,1.893612e-02,2.315321e-02,1.804460e-02,1.311088e-02,4.941184e-04,5.640331e-03,4.751605e-01,3.663499e-02,1.691495e-01,1.061006e-02,1.707760e-02,1.182553e-01,7.059102e-02
4.596034e-03,3.323678e-02,2.699048e-02,3.079662e-02,2.703619e-02,1.648091e-02,4.909298e-04,4.779154e-03,5.535891e-01,2.631713e-02,1.220062e-01,7.521668e-03,1.213448e-02,8.361233e-02,5.041200e-02
3.790361e-03,2.578478e-02,2.563004e-02,1.658053e-01,3.070535e-02,1.726131e-02,4.329237e-04,7.469745e-03,5.055082e-01,1.961561e-02,8.799155e-02,5.411150e-03,8.941578e-03,5.875465e-02,3.689742e-02
5.638401e-03,2.228813e-02,2.354258e-02,1.485156e-01,4.797314e-02,2.531207e-02,6.090323e-04,7.842122e-03,5.209204e-01,2.516350e-02,6.577402e-02,3.993466e-03,6.865645e-03,4.176272e-02,5.379915e-02
2.009850e-02,2.376338e-02,2.238917e-02,1.078956e-01,9.823720e-02,3.544331e-02,1.158313e-03,7.502398e-03,5.067214e-01,2.332420e-02,4.778771e-02,2.855599e-03,5.198593e-03,2.958753e-02,6.803717e-02
1.964983e-02,2.858144e-02,1.174715e-01,2.190671e-01,7.485740e-02,2.571761e-02,8.842326e-04,7.625173e-03,3.690697e-01,2.002993e-02,3.546190e-02,2.190510e-03,3.938904e-03,2.081661e-02,5.463806e-02
1.693885e-02,3.293192e-02,1.719070e-01,2.486398e-01,5.507439e-02,1.848008e-02,6.878917e-04,6.451799e-03,2.708822e-01,2.304024e-02,6.975748e-02,2.074463e-03,4.783875e-03,1.477931e-02,6.357067e-02
1.369492e-02,2.787019e-02,1.323376e-01,3.109632e-01,4.252942e-02,1.427996e-02,5.594346e-04,7.211843e-03,2.081084e-01,1.878172e-02,1.474122e-01,2.237952e-03,1.035891e-02,1.154463e-02,5.210964e-02
1.025937e-02,2.127584e-02,9.646869e-02,2.702086e-01,3.226162e-02,1.120466e-02,4.837284e-04,5.387639e-03,1.478779e-01,1.732264e-02,3.161287e-01,2.781943e-03,2.063788e-02,9.646384e-03,3.805435e-02
