1.000000e+00,0.000000e+00,0.000000e+00,0.000000e+00,0.000000e+00,0.000000e+00,0.000000e+00,0.000000e+00,0.000000e+00,0.000000e+00,0.000000e+00,0.000000e+00,0.000000e+00,0.000000e+00,0.000000e+00
1.000000e+00,0.000000e+00,0.000000e+00,0.000000e+00,0.000000e+00,0.000000e+00,0.000000e+00,0.000000e+00,0.000000e+00,0.000000e+00,0.000000e+00,0.000000e+00,0.000000e+00,0.000000e+00,0.000000e+00
1.000000e+00,0.000000e+00,0.000000e+00,0.000000e+00,0.000000e+00,0.000000e+00,0.000000e+00,0.000000e+00,0.000000e+00,0.000000e+00,0.000000e+00,0.000000e+00,0.000000e+00,0.000000e+00,0.000000e+00
1.000000e+00,0.000000e+00,0.000000e+00,0.000000e+00,0.000000e+00,0.000000e+00,0.000000e+00,0.000000e+00,0.000000e+00,0.000000e+00,0.000000e+00,0.000000e+00,0.000000e+00,0.000000e+00,0.000000e+00
1.000000e+00,0.000000e+00,0.000000e+00,0.000000e+00,0.000000e+00,0.000000e+00,0.000000e+00,0.000000e+00,0.000000e+00,0.000000e+00,0.000000e+00,0.000000e+00,0.000000e+00,0.000000e+00,0.000000e+00
1.000000e+00,0.000000e+00,0.000000e+00,0.000000e+00,0.000000e+00,0.000000e+00,0.000000e+00,0.000000e+00,0.000000e+00,0.000000e+00,0.000000e+00,0.000000e+00,0.000000e+00,0.000000e+00,0.000000e+00
1.000000e+00,0.000000e+00,0.000000e+00,0.000000e+00,0.000000e+00,0.000000e+00,0.000000e+00,0.000000e+00,0.000000e+00,0.000000e+00,0.000000e+00,0.000000e+00,0.000000e+00,0.000000e+00,0.000000e+00
1.000000e+00,0.000000e+00,0.000000e+00,0.000000e+00,0.000000e+00,0.000000e+00,0.000000e+00,0.000000e+00,0.000000e+00,0.000000e+00,0.000000e+00,0.000000e+00,0.000000e+00,0.000000e+00,0.000000e+00
1.000000e+00,0.000000e+00,0.000000e+00,0.000000e+00,0.000000e+00,0.000000e+00,0.000000e+00,0.000000e+00,0.000000e+00,0.000000e+00,0.000000e+00,0.000000e+00,0.000000e+00,0.000000e+00,0.000000e+00
1.000000e+00,0.000000e+00,0.000000e+00,0.000000e+00,0.000000e+00,0.000000e+00,0.000000e+00,0.000000e+00,0.000000e+00,0.000000e+00,0.000000e+00,0.000000e+00,0.000000e+00,0.000000e+00,0.000000e+00
1.000000e+00,0.000000e+00,0.000000e+00,0.000000e+00,0.000000e+00,0.000000e+00,0.000000e+00,0.000000e+00,0.000000e+00,0.000000e+00,0.000000e+00,0.000000e+00,0.000000e+00,0.000000e+00,0.000000e+00
1.000000e+00,0.000000e+00,0.000000e+00,0.000000e+00,0.000000e+00,0.000000e+00,0.000000e+00,0.000000e+00,0.000000e+00,0.000000e+00,0.000000e+00,0.000000e+00,0.000000e+00,0.000000e+00,0.000000e+00
1.000000e+00,0.000000e+00,0.000000e+00,0.000000e+00,0.000000e+00,0.000000e+00,0.000000e+00,0.000000e+00,0.000000e+00,0.000000e+00,0.000000e+00,0.000000e+00,0.000000e+00,0.000000e+00,0.000000e+00
1.000000e+00,0.000000e+00,0.000000e+00,0.000000e+00,0.000000e+00,0.000000e+00,0.000000e+00,0.000000e+00,0.000000e+00,0.000000e+00,0.000000e+00,0.000000e+00,0.000000e+00,0.000000e+00,0.000000e+00
1.000000e+00,0.000000e+00,0.000000e+00,0.000000e+00,0.000000e+00,0.000000e+00,0.000000e+00,0.000000e+00,0.000000e+00,0.000000e+00,0.000000e+00,0.000000e+00,0.000000e+00,0.000000e+00,0.000000e+00
1.000000e+00,0.000000e+00,0.000000e+00,0.000000e+00,0.000000e+00,0.000000e+00,0.000000e+00,0.000000e+00,0.000000e+00,0.000000e+00,0.000000e+00,0.000000e+00,0.000000e+00,0.000000e+00,0.000000e+00
1.000000e+00,0.000000e+00,0.000000e+00,0.000000e+00,0.000000e+00,0.000000e+00,0.000000e+00,0.000000e+00,0.000000e+00,0.000000e+00,0.000000e+00,0.000000e+00,0.000000e+00,0.000000e+00,0.000000e+00
1.000000e+00,0.000000e+00,0.000000e+00,0.000000e+00,0.000000e+00,0.000000e+00,0.000000e+00,0.000000e+00,0.000000e+00,0.000000e+00,0.000000e+00,0.000000e+00,0.000000e+00,0.000000e+00,0.000000e+00
1.000000e+00,0.000000e+00,0.000000e+00,0.000000e+00,0.000000e+00,0.000000e+00,0.000000e+00,0.000000e+00,0.000000e+00,0.000000e+00,0.000000e+00,0.000000e+00,0.000000e+00,0.000000e+00,0.000000e+00
1.000000e+00,0.000000e+00,0.000000e+00,0.000000e+00,0.000000e+00,0.000000e+00,0.000000e+00,0.000000e+00,0.000000e+00,0.000000e+00,0.000000e+00,0.000000e+00,0.000000e+00,0.000000e+00,0.000000e+00
1.000000e+00,0.000000e+00,0.000000e+00,0.000000e+00,0.000000e+00,0.000000e+00,0.000000e+00,0.000000e+00,0.000000e+00,0.000000e+00,0.000000e+00,0.000000e+00,0.000000e+00,0.000000e+00,0.000000e+00
1.000000e+00,0.000000e+00,0.000000e+00,0.000000e+00,0.000000e+00,0.000000e+00,0.000000e+00,0.000000e+00,0.000000e+00,0.000000e+00,0.000000e+00,0.000000e+00,0.000000e+00,0.000000e+00,0.000000e+00
1.000000e+00,0.000000e+00,0.000000e+00,0.000000e+00,0.000000e+00,0.000000e+00,0.000000e+00,0.000000e+00,0.000000e+00,0.000000e+00,0.000000e+00,0.000000e+00,0.000000e+00,0.000000e+00,0.000000e+00
1.000000e+00,0.000000e+00,0.000000e+00,0.000000e+00,0.000000e+00,0.000000e+00,0.000000e+00,0.000000e+00,0.000000e+00,0.000000e+00,0.000000e+00,0.000000e+00,0.000000e+00,0.000000e+00,0.000000e+00
1.000000e+00,0.000000e+00,0.000000e+00,0.000000e+00,0.000000e+00,0.000000e+00,0.000000e+00,0.000000e+00,0.000000e+00,0.000000e+00,0.000000e+00,0.000000e+00,0.000000e+00,0.000000e+00,0.000000e+00
1.000000e+00,0.000000e+00,0.000000e+00,0.000000e+00,0.000000e+00,0.000000e+00,0.000000e+00,0.000000e+00,0.000000e+00,0.000000e+00,0.000000e+00,0.000000e+00,0.000000e+00,0.000000e+00,0.000000e+00
1.000000e+00,0.000000e+00,0.000000e+00,0.000000e+00,0.000000e+00,0.000000e+00,0.000000e+00,0.000000e+00,0.000000e+00,0.000000e+00,0.000000e+00,0.000000e+00,0.000000e+00,0.000000e+00,0.000000e+00
1.000000e+00,0.000000e+00,0.000000e+00,0.000000e+00,0.000000e+00,0.000000e+00,0.000000e+00,0.000000e+00,0.000000e+00,0.000000e+00,0.000000e+00,0.000000e+00,0.000000e+00,0.000000e+00,0.000000e+00
1.000000e+00,0.000000e+00,0.000000e+00,0.000000e+00,0.000000e+00,0.000000e+00,0.000000e+00,0.000000e+00,0.000000e+00,0.000000e+00,0.000000e+00,0.000000e+00,0.000000e+00,0.000000e+00,0.000000e+00
1.000000e+00,0.000000e+00,0.000000e+00,0.000000e+00,0.000000e+00,0.000000e+00,0.000000e+00,0.000000e+00,0.000000e+00,0.000000e+00,0.000000e+00,0.000000e+00,0.000000e+00,0.000000e+00,0.000000e+00
1.000000e+00,0.000000e+00,0.000000e+00,0.000000e+00,0.000000e+00,0.000000e+00,0.000000e+00,0.000000e+00,0.000000e+00,0.000000e+00,0.000000e+00,0.000000e+00,0.000000e+00,0.000000e+00,0.000000e+00
1.000000e+00,0.000000e+00,0.000000e+00,0.000000e+00,0.000000e+00,0.000000e+00,0.000000e+00,0.000000e+00,0.000000e+00,0.000000e+00,0.000000e+00,0.000000e+00,0.000000e+00,0.000000e+00,0.000000e+00
1.000000e+00,0.000000e+00,0.000000e+00,0.000000e+00,0.000000e+00,0.000000e+00,0.000000e+00,0.000000e+00,0.000000e+00,0.000000e+00,0.000000e+00,0.000000e+00,0.000000e+00,0.000000e+00,0.000000e+00
1.000000e+00,0.000000e+00,0.000000e+00,0.000000e+00,0.000000e+00,0.000000e+00,0.000000e+00,0.000000e+00,0.000000e+00,0.000000e+00,0.000000e+00,0.000000e+00,0.000000e+00,0.000000e+00,0.000000e+00
1.000000e+00,0.000000e+00,0.000000e+00,0.000000e+00,0.000000e+00,0.000000e+00,0.000000e+00,0.000000e+00,0.000000e+00,0.000000e+00,0.000000e+00,0.000000e+00,0.000000e+00,0.000000e+00,0.000000e+00
1.000000e+00,0.000000e+00,0.000000e+00,0.000000e+00,0.000000e+00,0.000000e+00,0.000000e+00,0.000000e+00,0.000000e+00,0.000000e+00,0.000000e+00,0.000000e+00,0.000000e+00,0.000000e+00,0.000000e+00
1.000000e+00,0.000000e+00,0.000000e+00,0.000000e+00,0.000000e+00,0.000000e+00,0.000000e+00,0.000000e+00,0.000000e+00,0.000000e+00,0.000000e+00,0.000000e+00,0.000000e+00,0.000000e+00,0.000000e+00
1.000000e+00,0.000000e+00,0.000000e+00,0.000000e+00,0.000000e+00,0.000000e+00,0.000000e+00,0.000000e+00,0.000000e+00,0.000000e+00,0.000000e+00,0.000000e+00,0.000000e+00,0.000000e+00,0.000000e+00
1.000000e+00,0.000000e+00,0.000000e+00,0.000000e+00,0.000000e+00,0.000000e+00,0.000000e+00,0.000000e+00,0.000000e+00,0.000000e+00,0.000000e+00,0.000000e+00,0.000000e+00,0.000000e+00,0.000000e+00
1.000000e+00,0.000000e+00,0.000000e+00,0.000000e+00,0.000000e+00,0.000000e+00,0.000000e+00,0.000000e+00,0.000000e+00,0.000000e+00,0.000000e+00,0.000000e+00,0.000000e+00,0.000000e+00,0.000000e+00
1.000000e+00,0.000000e+00,0.000000e+00,0.000000e+00,0.000000e+00,0.000000e+00,0.000000e+00,0.000000e+00,0.000000e+00,0.000000e+00,0.000000e+00,0.000000e+00,0.000000e+00,0.000000e+00,0.000000e+00
1.000000e+00,0.000000e+00,0.000000e+00,0.000000e+00,0.000000e+00,0.000000e+00,0.000000e+00,0.000000e+00,0.000000e+00,0.000000e+00,0.000000e+00,0.000000e+00,0.000000e+00,0.000000e+00,0.000000e+00
1.000000e+00,0.000000e+00,0.000000e+00,0.000000e+00,0.000000e+00,0.000000e+00,0.000000e+00,0.000000e+00,0.000000e+00,0.000000e+00,0.000000e+00,0.000000e+00,0.000000e+00,0.000000e+00,0.000000e+00
1.000000e+00,0.000000e+00,0.000000e+00,0.000000e+00,0.000000e+00,0.000000e+00,0.000000e+00,0.000000e+00,0.000000e+00,0.000000e+00,0.000000e+00,0.000000e+00,0.000000e+00,0.000000e+00,0.000000e+00
1.000000e+00,0.000000e+00,0.000000e+00,0.000000e+00,0.000000e+00,0.000000e+00,0.000000e+00,0.000000e+00,0.000000e+00,0.000000e+00,0.000000e+00,0.000000e+00,0.000000e+00,0.000000e+00,0.000000e+00
1.000000e+00,0.000000e+00,0.000000e+00,0.000000e+00,0.000000e+00,0.000000e+00,0.000000e+00,0.000000e+00,0.000000e+00,0.000000e+00,0.000000e+00,0.000000e+00,0.000000e+00,0.000000e+00,0.000000e+00
1.000000e+00,0.000000e+00,0.000000e+00,0.000000e+00,0.000000e+00,0.000000e+00,0.000000e+00,0.000000e+00,0.000000e+00,0.000000e+00,0.000000e+00,0.000000e+00,0.000000e+00,0.000000e+00,0.000000e+00
4.938173e-01,2.933725e-02,1.949442e-02,3.194315e-02,4.777298e-03,3.917775e-02,2.199278e-03,6.860771e-03,3.578430e-03,3.003969e-03,2.627793e-01,7.118490e-02,7.358521e-03,1.130505e-02,1.318262e-02
3.785427e-01,2.215295e-02,1.462356e-02,2.497504e-02,3.596605e-03,3.459048e-02,1.946041e-03,5.898455e-03,3.479129e-03,3.120632e-03,3.572388e-01,1.223058e-01,5.613141e-03,1.015114e-02,1.176545e-02
3.092436e-01,2.250565e-02,1.211974e-02,2.364900e-02,5.684374e-03,3.015095e-02,2.609803e-03,6.718485e-03,1.123176e-02,4.466529e-03,3.204599e-01,2.084658e-01,4.618901e-03,1.268131e-02,2.539421e-02
2.338071e-01,2.436261e-02,1.207241e-02,2.709478e-02,1.965529e-02,2.676524e-02,6.148711e-03,8.876900e-03,3.013993e-02,6.970564e-03,2.648132e-01,2.726099e-01,3.995883e-03,1.189389e-02,5.079357e-02
1.713209e-01,2.250769e-02,1.136382e-02,2.285824e-02,6.667153e-02,2.647674e-02,6.489406e-03,8.062053e-03,4.387641e-02,6.482770e-03,2.425129e-01,3.102575e-01,4.062012e-03,9.559140e-03,4.749890e-02
1.469690e-01,2.171285e-02,1.350809e-02,2.459186e-02,6.146813e-02,2.357817e-02,6.915204e-03,1.584651e-02,5.383495e-02,1.537840e-02,1.991286e-01,3.368591e-01,5.068561e-03,1.614962e-02,5.899094e-02
1.089476e-01,2.276689e-02,2.117908e-02,2.003430e-02,5.550465e-02,2.297872e-02,6.722213e-03,1.582485e-02,6.119646e-02,2.347226e-02,1.865203e-01,3.657933e-01,7.247066e-03,2.291815e-02,5.889411e-02
9.139545e-02,2.087302e-02,4.715011e-02,1.638271e-02,5.999065e-02,4.832625e-02,7.889776e-03,2.151745e-02,9.601677e-02,2.498909e-02,1.904802e-01,2.932704e-01,1.099939e-02,2.554018e-02,4.517851e-02
1.329320e-01,2.093597e-02,4.365200e-02,2.159476e-02,5.223570e-02,3.818530e-02,6.143061e-03,1.716752e-02,1.200443e-01,5.515388e-02,1.423652e-01,2.183377e-01,1.059458e-02,2.490561e-02,9.575242e-02
2.192677e-01,2.631119e-02,4.021306e-02,2.930482e-02,7.771818e-02,3.596582e-02,6.811400e-03,1.372470e-02,1.076204e-01,4.212521e-02,1.103124e-01,1.600775e-01,1.122095e-02,2.178629e-02,9.754048e-02
2.134944e-01,4.271560e-02,6.946181e-02,8.352235e-02,7.100597e-02,3.162281e-02,7.713610e-03,1.070951e-02,8.598318e-02,4.962688e-02,8.017705e-02,1.152071e-01,1.089282e-02,1.597504e-02,1.118918e-01
2.093821e-01,3.712424e-02,1.305322e-01,1.165209e-01,5.570174e-02,2.563480e-02,6.419612e-03,8.010147e-03,6.796902e-02,6.930971e-02,5.772701e-02,8.239365e-02,1.123420e-02,1.153816e-02,1.105025e-01
2.778310e-01,4.172184e-02,1.276148e-01,1.226783e-01,5.686381e-02,2.619707e-02,8.139547e-03,6.529137e-03,5.746302e-02,5.498064e-02,4.341030e-02,6.520609e-02,1.245584e-02,9.006008e-03,8.990266e-02
3.639464e-01,5.261245e-02,1.069307e-01,1.187757e-01,6.180803e-02,2.507726e-02,1.137351e-02,5.212544e-03,4.612937e-02,3.994932e-02,3.233939e-02,4.912465e-02,1.121207e-02,7.216359e-03,6.829217e-02
3.163428e-01,7.799572e-02,9.628489e-02,1.278155e-01,1.226378e-01,3.328642e-02,2.275492e-02,4.477010e-03,3.888180e-02,2.989457e-02,2.477450e-02,3.704418e-02,1.071845e-02,6.085625e-03,5.100582e-02
2.656869e-01,7.679257e-02,9.528562e-02,2.482154e-01,1.079750e-01,2.692010e-02,2.114736e-02,4.654388e-03,2.977613e-02,2.382537e-02,1.941611e-02,2.863238e-02,9.436546e-03,4.402991e-03,3.783310e-02
2.081976e-01,6.620586e-02,9.542875e-02,3.459566e-01,1.226938e-01,2.234539e-02,1.795431e-02,4.042476e-03,2.301984e-02,1.972324e-02,1.591515e-02,2.075705e-02,7.455861e-03,3.184722e-03,2.711937e-02
1.668677e-01,4.866270e-02,7.036122e-02,2.449962e-01,2.328750e-01,2.461998e-02,1.176070e-01,5.384266e-03,1.661785e-02,1.555951e-02,1.181154e-02,1.484009e-02,6.653698e-03,2.450430e-03,2.069271e-02
1.325731e-01,3.476135e-02,5.170570e-02,1.728226e-01,3.378531e-01,1.990365e-02,1.238531e-01,4.922569e-03,1.229039e-02,6.068026e-02,9.007861e-03,1.056050e-02,6.584416e-03,2.245006e-03,2.023631e-02
9.700619e-02,2.454255e-02,3.689377e-02,1.213709e-01,3.339108e-01,1.806363e-02,1.151501e-01,4.024074e-03,9.060929e-03,1.913465e-01,9.302994e-03,7.621292e-03,5.817812e-03,1.944934e-03,2.394352e-02
6.814212e-02,1.732056e-02,2.586377e-02,8.510469e-02,2.349843e-01,1.283184e-02,1.120579e-01,2.853035e-03,7.356417e-03,3.824473e-01,1.374922e-02,5.599292e-03,5.469792e-03,1.996241e-03,2.422356e-02
4.808569e-02,1.225902e-02,1.817019e-02,5.974917e-02,1.651427e-01,9.105894e-03,8.675626e-02,2.017544e-03,5.639039e-03,5.408494e-01,1.868464e-02,4.108209e-03,4.956100e-03,1.834445e-03,2.264163e-02
3.537366e-02,8.923322e-03,1.277989e-02,4.196820e-02,1.164000e-01,6.465203e-03,6.136989e-02,1.430921e-03,4.952779e-03,6.139212e-01,1.846851e-02,3.226167e-03,6.396961e-03,2.380174e-03,6.594306e-02
2.832050e-02,6.486682e-03,9.709261e-03,2.953473e-02,8.236948e-02,4.748710e-03,4.318836e-02,1.068340e-03,5.102748e-03,6.353729e-01,1.495631e-02,2.704297e-03,7.880784e-03,2.579884e-03,1.259770e-01
2.231858e-02,4.765074e-03,8.790538e-03,2.072014e-02,5.816103e-02,3.528847e-03,3.033347e-02,7.790383e-04,4.255955e-03,6.796705e-01,1.206394e-02,2.134167e-03,7.782450e-03,2.162016e-03,1.425343e-01
3.015694e-02,5.502149e-03,1.172765e-02,1.475792e-02,4.163787e-02,3.885885e-03,2.291016e-02,6.672202e-04,6.287438e-03,6.479477e-01,1.271239e-02,4.045309e-03,7.811013e-03,3.075695e-02,1.591934e-01
5.281960e-02,6.522017e-03,1.569682e-02,1.048081e-02,3.031163e-02,5.836597e-03,1.698825e-02,6.024251e-04,1.858931e-02,4.908408e-01,2.322730e-02,4.331288e-03,6.958130e-03,9.232031e-02,2.244747e-01
4.320143e-02,6.442665e-03,1.195399e-02,7.478539e-03,2.166847e-02,6.001703e-03,1.236208e-02,6.241465e-04,9.522650e-02,3.548844e-01,2.719685e-02,3.722217e-03,6.322000e-03,9.881015e-02,3.041049e-01
5.659599e-02,6.178459e-03,9.108385e-03,5.789546e-03,1.646535e-02,8.440575e-03,8.847873e-03,6.333684e-04,1.459228e-01,2.585557e-01,2.776128e-02,3.501990e-03,6.826822e-03,1.245152e-01,3.208567e-01
5.021467e-02,5.534459e-03,2.594963e-02,7.069537e-03,1.324118e-02,9.019956e-03,6.744787e-03,1.784810e-03,2.494923e-01,1.906540e-01,3.078604e-02,3.551828e-03,6.263386e-03,1.088264e-01,2.908671e-01
6.884494e-02,7.147720e-03,7.472677e-02,8.219400e-03,1.647673e-02,1.121949e-02,5.194983e-03,2.017654e-03,2.809342e-01,1.721949e-01,2.488914e-02,3.346751e-03,5.297921e-03,9.575655e-02,2.237328e-01
5.995893e-02,9.909028e-03,5.606176e-02,6.649510e-03,2.037000e-02,2.381454e-02,4.074442e-03,1.520810e-03,3.094276e-01,1.271096e-01,2.067928e-02,2.625676e-03,4.231251e-03,1.195867e-01,2.339808e-01
4.385135e-02,8.118209e-03,4.150031e-02,5.065289e-03,1.681300e-02,1.784324e-02,2.955748e-03,1.343412e-03,4.266667e-01,9.318844e-02,1.945182e-02,2.162882e-03,3.799259e-03,1.148774e-01,2.023629e-01
3.944360e-02,8.463381e-03,3.398873e-02,7.617788e-03,1.495512e-02,1.350657e-02,2.103307e-03,1.507924e-03,5.053769e-01,7.325698e-02,1.581989e-02,2.105520e-03,3.341899e-03,8.935463e-02,1.891578e-01
4.043278e-02,9.250544e-03,7.543717e-02,1.832151e-02,1.404053e-02,1.128570e-02,1.523714e-03,3.052560e-03,5.036908e-01,5.761678e-02,1.312509e-02,1.916495e-03,2.675448e-03,7.559144e-02,1.720395e-01
4.580827e-02,7.841839e-03,1.140004e-01,2.878761e-02,1.291666e-02,9.457308e-03,1.140871e-03,4.545977e-03,5.184478e-01,4.317383e-02,1.012032e-02,1.863057e-03,2.058874e-03,5.968651e-02,1.401508e-01
5.888390e-02,6.533477e-03,1.218510e-01,2.711056e-02,1.484853e-02,9.396704e-03,8.686485e-04,8.643870e-03,5.467904e-01,3.066011e-02,8.104887e-03,1.733464e-03,1.572367e-03,5.236068e-02,1.106414e-01
9.294134e-02,6.880897e-03,1.035823e-01,2.418257e-02,2.030829e-02,1.013292e-02,7.782180e-04,9.524054e-03,5.653192e-01,2.240593e-02,7.150524e-03,2.528741e-03,1.536229e-03,4.794212e-02,8.478664e-02
1.661219e-01,8.157860e-03,7.738508e-02,2.356937e-02,1.802396e-02,1.142891e-02,1.052624e-03,1.333920e-02,5.128166e-01,1.953840e-02,8.298747e-03,9.537523e-03,2.165777e-03,4.828431e-02,8.027973e-02
2.231793e-01,9.187604e-03,6.185917e-02,3.486314e-02,1.852032e-02,1.490056e-02,1.354219e-03,1.522629e-02,4.565624e-01,1.535795e-02,9.102086e-03,2.007484e-02,3.204663e-03,4.451451e-02,7.209294e-02
2.670618e-01,7.687558e-03,5.388306e-02,3.645129e-02,1.927273e-02,1.369325e-02,1.435386e-03,1.768198e-02,4.510939e-01,1.097898e-02,8.154545e-03,1.970590e-02,3.346630e-03,3.641922e-02,5.313381e-02
3.136274e-01,9.785865e-03,4.882264e-02,3.001981e-02,2.506498e-02,1.352549e-02,1.599387e-03,1.498823e-02,4.312481e-01,8.465938e-03,7.152120e-03,1.550919e-02,3.045605e-03,3.363952e-02,4.350564e-02
3.972307e-01,1.438143e-02,3.777964e-02,5.356106e-02,2.324487e-02,1.358102e-02,1.578097e-03,1.251960e-02,3.325276e-01,6.812694e-03,8.682121e-03,2.320759e-02,7.150305e-03,2.788557e-02,3.985766e-02
4.767427e-01,1.838891e-02,3.054406e-02,6.048001e-02,2.012793e-02,1.273251e-02,1.530003e-03,9.898079e-03,2.440856e-01,5.864913e-03,1.058501e-02,2.674751e-02,7.850846e-03,2.770941e-02,4.671250e-02
1.000000e+00,0.000000e+00,0.000000e+00,0.000000e+00,0.000000e+00,0.000000e+00,0.000000e+00,0.000000e+00,0.000000e+00,0.000000e+00,0.000000e+00,0.000000e+00,0.000000e+00,0.000000e+00,0.000000e+00
1.000000e+00,0.000000e+00,0.000000e+00,0.000000e+00,0.000000e+00,0.000000e+00,0.000000e+00,0.000000e+00,0.000000e+00,0.000000e+00,0.000000e+00,0.000000e+00,0.000000e+00,0.000000e+00,0.000000e+00
1.000000e+00,0.000000e+00,0.000000e+00,0.000000e+00,0.000000e+00,0.000000e+00,0.000000e+00,0.000000e+00,0.000000e+00,0.000000e+00,0.000000e+00,0.000000e+00,0.000000e+00,0.000000e+00,0.000000e+00
4.776688e-01,2.213517e-02,5.863606e-02,1.345725e-01,1.004604e-02,9.593654e-03,1.430589e-03,5.471045e-03,1.014644e-01,6.843102e-03,1.835878e-02,1.529104e-02,7.319451e-03,2.289920e-02,1.082702e-01
3.644504e-01,1.851023e-02,4.637595e-02,1.123274e-01,7.353042e-03,7.008378e-03,1.035949e-03,3.975645e-03,2.580338e-01,1.375066e-02,2.296105e-02,1.123707e-02,6.168638e-03,2.228298e-02,1.045288e-01
2.705834e-01,1.485126e-02,4.388184e-02,1.092276e-01,5.412878e-03,5.335377e-03,7.863048e-04,2.950459e-03,3.252109e-01,1.695176e-02,2.740006e-02,8.532286e-03,5.190337e-03,3.226004e-02,1.314254e-01
2.086653e-01,1.343975e-02,4.274620e-02,8.314740e-02,4.208119e-03,4.563871e-03,7.447023e-04,2.115413e-03,2.717468e-01,1.501860e-02,2.107995e-02,8.967940e-03,4.226224e-03,1.351822e-01,1.841475e-01
1.525529e-01,1.010877e-02,3.971572e-02,5.901914e-02,3.050353e-03,3.537418e-03,5.669265e-04,1.494719e-03,2.729770e-01,1.152556e-02,1.721972e-02,6.733079e-03,3.110604e-03,1.665958e-01,2.517923e-01
1.071463e-01,7.375383e-03,2.789006e-02,4.144090e-02,2.165723e-03,2.523273e-03,4.168781e-04,1.050912e-03,2.461086e-01,9.195860e-03,3.585604e-02,8.081975e-03,2.572999e-03,3.041851e-01,2.039901e-01
7.516900e-02,5.226715e-03,1.960100e-02,2.910815e-02,1.544775e-03,1.868870e-03,3.021579e-04,7.376783e-04,1.839369e-01,6.690902e-03,3.140581e-02,6.207360e-03,1.851017e-03,4.892204e-01,1.471293e-01
5.268852e-02,3.687513e-03,1.376850e-02,2.042608e-02,1.122360e-03,1.380014e-03,2.222772e-04,5.191867e-04,1.310658e-01,4.959553e-03,3.207275e-02,4.707107e-03,1.339779e-03,6.275486e-01,1.044921e-01
3.697647e-02,2.631635e-03,9.668877e-03,1.432981e-02,8.907622e-04,1.155177e-03,1.674450e-04,3.673433e-04,9.460231e-02,4.985277e-03,3.154337e-02,4.136638e-03,1.101543e-03,7.220663e-01,7.537707e-02
2.601590e-02,1.972968e-03,6.905567e-03,1.011396e-02,9.755910e-04,1.961866e-03,1.507793e-04,2.718689e-04,7.581442e-02,6.049388e-03,3.795357e-02,3.646571e-03,9.821641e-04,7.659166e-01,6.126882e-02
1.969889e-02,1.754392e-03,4.919190e-03,7.321789e-03,1.232218e-03,7.956056e-03,1.507175e-04,2.587974e-04,1.015190e-01,7.265487e-03,4.492275e-02,3.804990e-03,8.791964e-04,7.543331e-01,4.398342e-02
1.601077e-02,1.898269e-03,3.906884e-03,5.336706e-03,1.399160e-03,1.138751e-02,2.093894e-04,3.151123e-04,1.373644e-01,8.585693e-03,4.904230e-02,4.397340e-03,8.353244e-04,7.280036e-01,3.130759e-02
1.267154e-02,1.756207e-03,3.047502e-03,3.984829e-03,1.478046e-03,1.634564e-02,2.081096e-04,3.702822e-04,1.668424e-01,7.765537e-03,4.524809e-02,4.224992e-03,7.833270e-04,7.130939e-01,2.217972e-02
1.101189e-02,1.955633e-03,4.965612e-03,8.720313e-03,2.199610e-03,1.715691e-02,3.834912e-04,4.670152e-03,3.325903e-01,7.095824e-03,3.613873e-02,3.146502e-03,6.725551e-04,5.534439e-01,1.584860e-02
8.373684e-03,1.780311e-03,4.005359e-03,7.350825e-03,3.392115e-03,2.083609e-02,3.106393e-04,4.703720e-03,4.849727e-01,5.952378e-03,2.634879e-02,2.319522e-03,5.528933e-04,4.170793e-01,1.202176e-02
7.856570e-03,1.640519e-03,5.076119e-03,8.094454e-03,4.534124e-03,1.830984e-02,2.653220e-04,6.029289e-03,5.959227e-01,4.388519e-03,1.946165e-02,1.667553e-03,6.338677e-04,3.170673e-01,9.052170e-03
1.817049e-02,1.593500e-03,4.915870e-03,8.930549e-03,4.650439e-03,1.574352e-02,2.326316e-04,6.183974e-03,6.716558e-01,3.590130e-03,1.449260e-02,1.266780e-03,5.409656e-04,2.404341e-01,7.598757e-03
2.649534e-02,1.526716e-03,6.347826e-03,8.081759e-03,5.105952e-03,2.404980e-02,5.194525e-04,7.826841e-03,7.102969e-01,2.712307e-03,1.069686e-02,9.992635e-04,4.817350e-04,1.882806e-01,6.578676e-03
6.065781e-02,3.372083e-03,5.402486e-03,7.388217e-03,5.218608e-03,2.621931e-02,6.552585e-04,5.768499e-03,7.178318e-01,2.202374e-03,8.452814e-03,1.362163e-03,1.065156e-03,1.397339e-01,1.466943e-02
7.709348e-02,3.927269e-03,4.711210e-03,6.108240e-03,5.076619e-03,2.378982e-02,5.510481e-04,4.703954e-03,7.381161e-01,1.764395e-03,7.481669e-03,1.266521e-03,9.696261e-04,1.080182e-01,1.642181e-02
9.556428e-02,5.945043e-03,5.838629e-03,6.034299e-03,7.576882e-03,2.470835e-02,6.765458e-04,9.118461e-03,7.254993e-01,1.599392e-03,7.599285e-03,1.313918e-03,1.288998e-03,9.354441e-02,1.369226e-02
1.501936e-01,1.378505e-02,6.465827e-03,1.574804e-02,1.067229e-02,2.784648e-02,8.614146e-04,7.915081e-03,6.220669e-01,1.766356e-03,1.094115e-02,2.513763e-03,2.043050e-03,1.116114e-01,1.556958e-02
1.579996e-01,1.930322e-02,7.528030e-03,1.321000e-02,1.793301e-02,2.630658e-02,1.330293e-03,1.333703e-02,5.585405e-01,1.573149e-03,1.417397e-02,2.780912e-03,2.865627e-03,1.504649e-01,1.265310e-02
1.551711e-01,2.797114e-02,9.078439e-03,1.270780e-02,2.864666e-02,2.510048e-02,1.540733e-03,1.867939e-02,4.737000e-01,1.928826e-03,2.404791e-02,4.136847e-03,4.327578e-03,2.014836e-01,1.147944e-02
1.605689e-01,2.968414e-02,1.141025e-02,2.971757e-02,3.322249e-02,2.735550e-02,2.560547e-03,2.778741e-02,4.438451e-01,2.320928e-03,2.123119e-02,3.434496e-03,4.426115e-03,1.902530e-01,1.218236e-02
1.623604e-01,3.341559e-02,1.469296e-02,2.624970e-02,3.607005e-02,2.380304e-02,2.155921e-03,2.476625e-02,3.776586e-01,3.549087e-03,2.592804e-02,3.658608e-03,3.984927e-03,2.436236e-01,1.808333e-02
1.365082e-01,5.585676e-02,2.475342e-02,5.372638e-02,3.377936e-02,1.906428e-02,1.954884e-03,1.927137e-02,4.019562e-01,1.035132e-02,2.122307e-02,3.052701e-03,4.912390e-03,1.886979e-01,2.489170e-02
1.076686e-01,5.972132e-02,4.880412e-02,5.969711e-02,2.952843e-02,1.615555e-02,1.557804e-03,1.449612e-02,3.523685e-01,2.937019e-02,2.099092e-02,2.803518e-03,5.181898e-03,1.847039e-01,6.695196e-02
8.109135e-02,8.421543e-02,3.715078e-02,4.766379e-02,2.152128e-02,1.296352e-02,1.164153e-03,1.047350e-02,3.735189e-01,3.292716e-02,2.067265e-02,2.483693e-03,5.162755e-03,1.778707e-01,9.112031e-02
6.409918e-02,9.073059e-02,3.550253e-02,8.525099e-02,2.096871e-02,1.069079e-02,9.080370e-04,7.873329e-03,3.855761e-01,3.254779e-02,2.113515e-02,2.667757e-03,5.811109e-03,1.403543e-01,9.588367e-02
4.565301e-02,6.856211e-02,2.639847e-02,5.984183e-02,1.499791e-02,8.119546e-03,6.564119e-04,5.532383e-03,2.864193e-01,2.904358e-02,1.724222e-02,2.067806e-03,4.493185e-03,3.376915e-01,9.328075e-02
3.482448e-02,5.045516e-02,1.889957e-02,4.218738e-02,1.104827e-02,6.136336e-03,4.908402e-04,3.994817e-03,2.748056e-01,3.480506e-02,2.095516e-02,2.287559e-03,6.155934e-03,3.574238e-01,1.355300e-01
2.615353e-02,3.585125e-02,1.349692e-02,2.968413e-02,7.881403e-03,4.822578e-03,3.728039e-04,2.832584e-03,2.146923e-01,6.491952e-02,2.221451e-02,2.934725e-03,7.807481e-03,4.215065e-01,1.448298e-01
2.561554e-02,2.571488e-02,9.834110e-03,2.110010e-02,6.855519e-03,5.266297e-03,4.560045e-04,2.361421e-03,1.765672e-01,1.426536e-01,2.738048e-02,8.203732e-03,2.736435e-02,3.206694e-01,1.999574e-01
3.302514e-02,1.837225e-02,7.033373e-03,1.511841e-02,7.417220e-03,6.633327e-03,5.523397e-04,1.911152e-03,1.360154e-01,1.057139e-01,2.508064e-02,1.012920e-02,6.081294e-02,2.351315e-01,3.370532e-01
2.683307e-02,1.368089e-02,5.803660e-03,1.295809e-02,6.000068e-02,6.209997e-03,8.017558e-04,5.843765e-03,1.038707e-01,7.715628e-02,3.196954e-02,9.923076e-03,8.025961e-02,1.710910e-01,3.935978e-01
2.052470e-02,1.210107e-02,5.363420e-03,1.400923e-02,1.146920e-01,6.031599e-03,1.768152e-03,1.363317e-02,2.197582e-01,5.460709e-02,2.888457e-02,8.989606e-03,6.802956e-02,1.202279e-01,3.113797e-01
2.114285e-02,9.495392e-03,6.215677e-03,1.633509e-02,2.315515e-01,6.988002e-03,8.228471e-03,1.487844e-02,2.475225e-01,3.932347e-02,2.626000e-02,6.980284e-03,5.425064e-02,8.448472e-02,2.263430e-01
2.828145e-02,9.707459e-03,8.684982e-03,2.438347e-02,1.972439e-01,1.429334e-02,9.113654e-03,1.330836e-02,3.794516e-01,3.000294e-02,1.939633e-02,5.416052e-03,3.984489e-02,5.922445e-02,1.616471e-01
4.633289e-02,2.547286e-02,9.669926e-03,2.960016e-02,2.448551e-01,1.418487e-02,1.180103e-02,1.151040e-02,3.798727e-01,2.170351e-02,1.488741e-02,4.125564e-03,2.925490e-02,4.153418e-02,1.151944e-01
5.247793e-02,3.280654e-02,1.239874e-02,1.230566e-01,2.518503e-01,1.520559e-02,1.200590e-02,2.782016e-02,3.052391e-01,1.618053e-02,1.201651e-02,4.014441e-03,2.206912e-02,2.923136e-02,8.362699e-02
4.709582e-02,2.552899e-02,9.052457e-03,9.060121e-02,2.311978e-01,1.191482e-02,9.150853e-03,2.229251e-01,2.343889e-01,1.136492e-02,8.782600e-03,2.935224e-03,1.592714e-02,2.048934e-02,5.864479e-02
3.908914e-02,1.850448e-02,6.501326e-03,6.612579e-02,1.939683e-01,8.861431e-03,6.659339e-03,4.065479e-01,1.705702e-01,7.961136e-03,6.287061e-03,2.098677e-03,1.134906e-02,1.435931e-02,4.111681e-02
3.344709e-02,1.378662e-02,4.806290e-03,4.744312e-02,1.395827e-01,6.749080e-03,4.951590e-03,5.700178e-01,1.198964e-01,5.614759e-03,4.713271e-03,1.747509e-03,8.219321e-03,1.007151e-02,2.895298e-02
2.665156e-02,9.885822e-03,3.526428e-03,3.343845e-02,1.000864e-01,5.210884e-03,3.800561e-03,6.913224e-01,8.402174e-02,3.941156e-03,3.414477e-03,1.361071e-03,5.914478e-03,7.060675e-03,2.036395e-02
2.184734e-02,6.960900e-03,2.531047e-03,2.356986e-02,7.159144e-02,3.885918e-03,2.815532e-03,7.782523e-01,5.884345e-02,2.762652e-03,2.480248e-03,9.973010e-04,4.234965e-03,4.948641e-03,1.427842e-02
1.829173e-02,4.985135e-03,1.958407e-03,1.667329e-02,5.176310e-02,3.547167e-03,2.489269e-03,8.377647e-01,4.127071e-02,1.938826e-03,1.838880e-03,7.608161e-04,3.195880e-03,3.484126e-03,1.003794e-02
2.092684e-02,3.660524e-03,1.660050e-03,1.183037e-02,3.799206e-02,6.919910e-03,3.459922e-03,8.677514e-01,2.907095e-02,1.370360e-03,1.564598e-03,7.331615e-04,3.436960e-03,2.484913e-03,7.138003e-03
3.387642e-02,2.834146e-03,1.714714e-03,8.745380e-03,3.012791e-02,3.427588e-02,6.107111e-03,8.470367e-01,2.055702e-02,9.872322e-04,1.414058e-03,8.665219e-04,4.154917e-03,1.856679e-03,5.445252e-03
6.678377e-02,2.245834e-03,2.534642e-03,6.834248e-03,2.422115e-02,3.686644e-02,8.179007e-03,8.223377e-01,1.458895e-02,8.363447e-04,1.433094e-03,1.136401e-03,5.428003e-03,1.546307e-03,5.028063e-03
1.404776e-01,1.880046e-03,4.133984e-03,5.956512e-03,2.022212e-02,3.902116e-02,1.153481e-02,7.496707e-01,1.049946e-02,9.639737e-04,1.592157e-03,2.007124e-03,5.457496e-03,1.379348e-03,5.203432e-03
1.849451e-01,1.985824e-03,5.558905e-03,5.711325e-03,1.872647e-02,5.135747e-02,1.249421e-02,6.904744e-01,7.634471e-03,1.467136e-03,1.862653e-03,3.711808e-03,5.906478e-03,1.464753e-03,6.698977e-03
2.249985e-01,2.031526e-03,6.855314e-03,6.229304e-03,1.657863e-02,5.711110e-02,1.180763e-02,6.458523e-01,5.662160e-03,1.392087e-03,1.810794e-03,4.812788e-03,6.352386e-03,1.378328e-03,7.127055e-03
2.899814e-01,2.621468e-03,8.758983e-03,7.903645e-03,1.633063e-02,8.596301e-02,1.233526e-02,5.366535e-01,4.398081e-03,1.711602e-03,3.133386e-03,1.050794e-02,7.981047e-03,2.334145e-03,9.385848e-03
2.284410e-01,3.307899e-03,9.476595e-03,8.068882e-03,1.646360e-02,2.760149e-01,1.065106e-02,3.911087e-01,3.618259e-03,1.863696e-03,3.464793e-03,2.083740e-02,1.458610e-02,2.123262e-03,9.973786e-03
2.136925e-01,4.271389e-03,9.929052e-03,8.180652e-03,1.516724e-02,3.795828e-01,1.059988e-02,2.910127e-01,3.725796e-03,2.448882e-03,3.528657e-03,2.793210e-02,1.865551e-02,1.781553e-03,9.491249e-03
1.792188e-01,3.724673e-03,7.992987e-03,6.998972e-03,1.155841e-02,4.945372e-01,8.887567e-03,2.053251e-01,3.202936e-03,2.194189e-03,3.405295e-03,4.761722e-02,1.625095e-02,1.401043e-03,7.684641e-03
2.191353e-01,4.039838e-03,1.442423e-02,7.921147e-03,1.013216e-02,5.013075e-01,8.204984e-03,1.465349e-01,3.521454e-03,2.247874e-03,3.328730e-03,5.494893e-02,1.613621e-02,1.318783e-03,6.798018e-03
2.407167e-01,4.749538e-03,2.378268e-02,1.064416e-02,9.562124e-03,4.693444e-01,7.189000e-03,1.044066e-01,3.867832e-03,2.465948e-03,6.155326e-03,9.144299e-02,1.732921e-02,1.469982e-03,6.873437e-03
2.666934e-01,4.863407e-03,2.758016e-02,1.141895e-02,7.977557e-03,4.476824e-01,6.021139e-03,7.407338e-02,3.983472e-03,2.443709e-03,7.577718e-03,1.136802e-01,1.755184e-02,1.715427e-03,6.737233e-03
2.613701e-01,4.353738e-03,2.149984e-02,1.034125e-02,6.266058e-03,3.893787e-01,4.599113e-03,5.220904e-02,6.128918e-03,2.540790e-03,7.836294e-03,2.102538e-01,1.511816e-02,1.502002e-03,6.602355e-03
2.549429e-01,3.780528e-03,1.554817e-02,8.630025e-03,5.511607e-03,2.964819e-01,3.599804e-03,3.669572e-02,7.966612e-03,2.742043e-03,8.209104e-03,3.358213e-01,1.346968e-02,1.287928e-03,5.312763e-03
3.261175e-01,4.125371e-03,1.193990e-02,9.866495e-03,5.013892e-03,2.328913e-01,2.941409e-03,2.591462e-02,9.607857e-03,3.831148e-03,7.859347e-03,3.416021e-01,1.110879e-02,1.182722e-03,5.997672e-03
3.447490e-01,4.866869e-03,9.940152e-03,8.437878e-03,6.336489e-03,1.806563e-01,2.518360e-03,1.904912e-02,1.124340e-02,4.994410e-03,9.018393e-03,3.816826e-01,1.032653e-02,1.225608e-03,4.954931e-03
3.755326e-01,5.879611e-03,7.720350e-03,6.569303e-03,5.637486e-03,1.363542e-01,1.898667e-03,1.391485e-02,1.449285e-02,4.790197e-03,9.586679e-03,3.995226e-01,1.268804e-02,1.475981e-03,3.936646e-03
3.281525e-01,8.380001e-03,6.078078e-03,4.943662e-03,4.448258e-03,1.034292e-01,1.412231e-03,1.035145e-02,2.173353e-02,3.898824e-03,1.094173e-02,4.767112e-01,1.501576e-02,1.515067e-03,2.988558e-03
2.534141e-01,8.730468e-03,4.716575e-03,3.938299e-03,3.819023e-03,7.891569e-02,1.043168e-03,7.539768e-03,5.120900e-02,3.040076e-03,1.132623e-02,5.557839e-01,1.259740e-02,1.293383e-03,2.632938e-03
2.243968e-01,7.625747e-03,3.641970e-03,3.886785e-03,3.271610e-03,5.975603e-02,7.971235e-04,5.716088e-03,7.271853e-02,2.426702e-03,1.284768e-02,5.893278e-01,9.709919e-03,1.155714e-03,2.721552e-03
1.850954e-01,9.839639e-03,2.880726e-03,3.040832e-03,2.620420e-03,4.364895e-02,6.037318e-04,4.723026e-03,1.134750e-01,1.994312e-03,1.328682e-02,6.066732e-01,8.489089e-03,1.185563e-03,2.443403e-03
1.770720e-01,1.141126e-02,2.366217e-03,2.698013e-03,2.905095e-03,3.216956e-02,5.665558e-04,5.453655e-03,1.482340e-01,1.840977e-03,1.304697e-02,5.915142e-01,7.188428e-03,1.063921e-03,2.469287e-03
1.856166e-01,1.258491e-02,1.821630e-03,2.579091e-03,3.507828e-03,2.404696e-02,6.948645e-04,8.103863e-03,1.888066e-01,1.805333e-03,1.505023e-02,5.451317e-01,6.434076e-03,1.239578e-03,2.576782e-03
2.234476e-01,1.203297e-02,1.714985e-03,3.841869e-03,9.124591e-03,2.070863e-02,1.555245e-03,1.826199e-02,2.594011e-01,2.314448e-03,1.476820e-02,4.224810e-01,6.128625e-03,1.199477e-03,3.019414e-03
2.686293e-01,1.227067e-02,1.576985e-03,4.513872e-03,1.125141e-02,1.783425e-02,1.934576e-03,2.079374e-02,3.008185e-01,2.355025e-03,1.422373e-02,3.328193e-01,6.075416e-03,1.181151e-03,3.722205e-03
2.709461e-01,1.658157e-02,1.475765e-03,4.349954e-03,1.551537e-02,1.606354e-02,1.727865e-03,1.738913e-02,3.568222e-01,5.529141e-03,1.474953e-02,2.648416e-01,8.694137e-03,1.410377e-03,3.903685e-03
2.115236e-01,1.904008e-02,1.323821e-03,3.272211e-03,3.262573e-02,1.658287e-02,1.817442e-03,1.438180e-02,4.719355e-01,6.293801e-03,1.236126e-02,1.954042e-01,8.318494e-03,2.081595e-03,3.037546e-03
1.579651e-01,2.083736e-02,2.658822e-03,2.818808e-03,5.759606e-02,2.367243e-02,2.678237e-03,1.640677e-02,5.441647e-01,6.363685e-03,1.052014e-02,1.400315e-01,9.226359e-03,2.411365e-03,2.648710e-03
1.261296e-01,2.171679e-02,2.688546e-03,2.719884e-03,9.400592e-02,4.815037e-02,2.935105e-03,1.353616e-02,5.526084e-01,6.467794e-03,9.103654e-03,1.025633e-01,9.880261e-03,2.918207e-03,4.576027e-03
1.103757e-01,2.509342e-02,3.163818e-03,5.084334e-03,1.066279e-01,5.511964e-02,3.044161e-03,1.186746e-02,5.578744e-01,8.778963e-03,8.166972e-03,7.829967e-02,1.356416e-02,2.886852e-03,1.005256e-02
1.032546e-01,2.448746e-02,3.907967e-03,6.999349e-03,1.021117e-01,5.711531e-02,8.771775e-03,1.282471e-02,5.470212e-01,8.706137e-03,7.342474e-03,6.612001e-02,3.848834e-02,2.299427e-03,1.054962e-02
9.546568e-02,2.333873e-02,4.991004e-03,8.261571e-03,1.053389e-01,5.366366e-02,3.578072e-02,1.854730e-02,5.191791e-01,1.054001e-02,6.941402e-03,5.369246e-02,5.051552e-02,1.998649e-03,1.174536e-02
9.502195e-02,2.025510e-02,5.913039e-03,6.465396e-03,8.233009e-02,4.590214e-02,1.334582e-01,3.544897e-02,4.323100e-01,1.280029e-02,6.224955e-03,4.454691e-02,6.615038e-02,1.680964e-03,1.149167e-02
1.031961e-01,1.988080e-02,5.053276e-03,5.056809e-03,6.379522e-02,4.322761e-02,1.695407e-01,3.719541e-02,4.303735e-01,1.256390e-02,5.645351e-03,3.989420e-02,5.367467e-02,1.304422e-03,9.598086e-03
1.145665e-01,2.718724e-02,4.479329e-03,4.424618e-03,4.905804e-02,3.980559e-02,1.814524e-01,3.252666e-02,4.369682e-01,1.153947e-02,5.776477e-03,3.660306e-02,4.578768e-02,1.073566e-03,8.751148e-03
1.168407e-01,4.536720e-02,4.188265e-03,3.871432e-03,4.125064e-02,3.097956e-02,1.994237e-01,3.303188e-02,4.342110e-01,1.007958e-02,5.916905e-03,3.091598e-02,3.487988e-02,1.194119e-03,7.849120e-03
1.322187e-01,4.690231e-02,4.156434e-03,4.230889e-03,3.683768e-02,2.486128e-02,1.854104e-01,3.317430e-02,4.563512e-01,8.780450e-03,6.097669e-03,2.545139e-02,2.678698e-02,1.501620e-03,7.238710e-03
1.659913e-01,4.230231e-02,4.710799e-03,5.164541e-03,3.012797e-02,2.521831e-02,2.074377e-01,2.916201e-02,4.260000e-01,7.191589e-03,6.523400e-03,2.041248e-02,2.074388e-02,1.671396e-03,7.342385e-03
2.853678e-01,3.479376e-02,4.765065e-03,6.261166e-03,2.475215e-02,2.811700e-02,1.933585e-01,2.427100e-02,3.332837e-01,7.478649e-03,1.014634e-02,1.806144e-02,1.874037e-02,2.231583e-03,8.371568e-03
3.299098e-01,2.735186e-02,4.852068e-03,5.988041e-03,1.914048e-02,2.640739e-02,2.496050e-01,2.128653e-02,2.580748e-01,6.197301e-03,1.019944e-02,1.481388e-02,1.639960e-02,2.089503e-03,7.684434e-03
3.477485e-01,2.180505e-02,6.081774e-03,5.112220e-03,1.473957e-02,2.247451e-02,3.085231e-01,2.219131e-02,2.047648e-01,4.756210e-03,7.713514e-03,1.154419e-02,1.369640e-02,1.741443e-03,7.107415e-03
3.523455e-01,1.702405e-02,5.664552e-03,4.248520e-03,1.154324e-02,1.907919e-02,3.672668e-01,2.305355e-02,1.613171e-01,3.824583e-03,5.743109e-03,9.081006e-03,1.168882e-02,1.433014e-03,6.686972e-03
3.726010e-01,1.250220e-02,5.227330e-03,3.739723e-03,1.034917e-02,1.788216e-02,3.857484e-01,3.401881e-02,1.242106e-01,3.511175e-03,4.529487e-03,7.980356e-03,1.001285e-02,1.200722e-03,6.486033e-03
3.466945e-01,9.068606e-03,4.127025e-03,3.092505e-03,8.829206e-03,1.885112e-02,4.458191e-01,4.311442e-02,9.080836e-02,2.939182e-03,3.393269e-03,6.433244e-03,1.086450e-02,9.396982e-04,5.025364e-03
3.129553e-01,6.703947e-03,3.362249e-03,2.630753e-03,8.110475e-03,1.656111e-02,5.020090e-01,5.096116e-02,6.671868e-02,2.380780e-03,3.959774e-03,8.306365e-03,9.736358e-03,9.537183e-04,4.650321e-03
3.343256e-01,5.840427e-03,3.452340e-03,4.675016e-03,9.412238e-03,2.303870e-02,4.324898e-01,8.893088e-02,4.820999e-02,2.340196e-03,6.488324e-03,1.648466e-02,1.773340e-02,1.170975e-03,5.407462e-03
3.392806e-01,5.515925e-03,3.297350e-03,9.388953e-03,1.019294e-02,2.492113e-02,3.937370e-01,9.510984e-02,3.497811e-02,2.769516e-03,1.199515e-02,2.684004e-02,3.283014e-02,1.698667e-03,7.444714e-03
2.960023e-01,4.899654e-03,3.454772e-03,1.229283e-02,1.169864e-02,2.429808e-02,3.623492e-01,8.650413e-02,2.637331e-02,7.852183e-03,2.202575e-02,2.581354e-02,9.787449e-02,2.820248e-03,1.574092e-02
3.055041e-01,4.709823e-03,6.336801e-03,1.158584e-02,1.201263e-02,2.585493e-02,3.488099e-01,6.978454e-02,2.090342e-02,8.046726e-03,2.522715e-02,2.764368e-02,1.078149e-01,3.721513e-03,2.204408e-02
3.449646e-01,4.287863e-03,6.119489e-03,1.013803e-02,1.216978e-02,2.722871e-02,2.854466e-01,5.287425e-02,1.743694e-02,7.709701e-03,3.132853e-02,3.396903e-02,1.334948e-01,4.305757e-03,2.852603e-02
3.401961e-01,6.200915e-03,5.140211e-03,9.414063e-03,1.399820e-02,2.243384e-02,2.181237e-01,4.120743e-02,1.878823e-02,6.811027e-03,4.230560e-02,3.861795e-02,2.039091e-01,4.495464e-03,2.835824e-02
3.741966e-01,1.316801e-02,6.527839e-03,8.933283e-03,2.271319e-02,2.086238e-02,1.706979e-01,3.828103e-02,2.240795e-02,7.543432e-03,4.232001e-02,3.958764e-02,2.029928e-01,4.435923e-03,2.533191e-02
2.952349e-01,1.164839e-02,1.059313e-02,1.087761e-02,2.233173e-02,3.798560e-02,1.526457e-01,5.641421e-02,2.257266e-02,8.225232e-03,4.204540e-02,5.767023e-02,2.425133e-01,3.860965e-03,2.538089e-02
2.260441e-01,1.282567e-02,9.326664e-03,1.230843e-02,2.718903e-02,3.610983e-02,1.275198e-01,5.302371e-02,2.551937e-02,9.700501e-03,6.967946e-02,7.555125e-02,2.719642e-01,3.739447e-03,3.949849e-02
1.635435e-01,1.385281e-02,8.769603e-03,1.326551e-02,3.097412e-02,2.881558e-02,9.972247e-02,8.714841e-02,9.276292e-02,8.820809e-03,9.710346e-02,6.215668e-02,2.573282e-01,2.824138e-03,3.291167e-02
1.165278e-01,1.654947e-02,7.302911e-03,9.940977e-03,2.695468e-02,2.375242e-02,7.128651e-02,1.785078e-01,1.934152e-01,6.556821e-03,8.089826e-02,4.579148e-02,1.956054e-01,2.050279e-03,2.486001e-02
8.367578e-02,1.986932e-02,6.065927e-03,7.430801e-03,2.728966e-02,2.065063e-02,5.143218e-02,2.458661e-01,2.657966e-01,4.927540e-03,6.313124e-02,3.277452e-02,1.515592e-01,1.460838e-03,1.806965e-02
6.178417e-02,1.804093e-02,4.712909e-03,5.810182e-03,2.415153e-02,1.960581e-02,3.645257e-02,4.079206e-01,2.249250e-01,3.521576e-03,4.541893e-02,2.345662e-02,1.102164e-01,1.043764e-03,1.293895e-02
4.878534e-02,1.425275e-02,3.405755e-03,4.529260e-03,2.075644e-02,1.675884e-02,2.581097e-02,5.416653e-01,1.727726e-01,2.544024e-03,3.225150e-02,1.686207e-02,8.950593e-02,7.710513e-04,9.328087e-03
4.164355e-02,1.133320e-02,2.487311e-03,4.043128e-03,1.861708e-02,1.538806e-02,1.830089e-02,6.344320e-01,1.346849e-01,2.020764e-03,2.299843e-02,1.273204e-02,7.385968e-02,6.427338e-04,6.816259e-03
4.361284e-02,9.150503e-03,2.038370e-03,4.270412e-03,1.552131e-02,1.298018e-02,1.299731e-02,7.039434e-01,1.057718e-01,1.562365e-03,1.659030e-02,1.005514e-02,5.570177e-02,5.978897e-04,5.206485e-03
4.659101e-02,7.769045e-03,1.636037e-03,3.824465e-03,1.409989e-02,1.009786e-02,9.312961e-03,7.558881e-01,8.307898e-02,1.189009e-03,1.191458e-02,7.616376e-03,4.246194e-02,4.907546e-04,4.029040e-03
