1.000000e+00,0.000000e+00,0.000000e+00,0.000000e+00,0.000000e+00,0.000000e+00,0.000000e+00,0.000000e+00,0.000000e+00,0.000000e+00,0.000000e+00,0.000000e+00,0.000000e+00,0.000000e+00,0.000000e+00
1.000000e+00,0.000000e+00,0.000000e+00,0.000000e+00,0.000000e+00,0.000000e+00,0.000000e+00,0.000000e+00,0.000000e+00,0.000000e+00,0.000000e+00,0.000000e+00,0.000000e+00,0.000000e+00,0.000000e+00
1.000000e+00,0.000000e+00,0.000000e+00,0.000000e+00,0.000000e+00,0.000000e+00,0.000000e+00,0.000000e+00,0.000000e+00,0.000000e+00,0.000000e+00,0.000000e+00,0.000000e+00,0.000000e+00,0.000000e+00
1.000000e+00,0.000000e+00,0.000000e+00,0.000000e+00,0.000000e+00,0.000000e+00,0.000000e+00,0.000000e+00,0.000000e+00,0.000000e+00,0.000000e+00,0.000000e+00,0.000000e+00,0.000000e+00,0.000000e+00
1.000000e+00,0.000000e+00,0.000000e+00,0.000000e+00,0.000000e+00,0.000000e+00,0.000000e+00,0.000000e+00,0.000000e+00,0.000000e+00,0.000000e+00,0.000000e+00,0.000000e+00,0.000000e+00,0.000000e+00
1.000000e+00,0.000000e+00,0.000000e+00,0.000000e+00,0.000000e+00,0.000000e+00,0.000000e+00,0.000000e+00,0.000000e+00,0.000000e+00,0.000000e+00,0.000000e+00,0.000000e+00,0.000000e+00,0.000000e+00
1.000000e+00,0.000000e+00,0.000000e+00,0.000000e+00,0.000000e+00,0.000000e+00,0.000000e+00,0.000000e+00,0.000000e+00,0.000000e+00,0.000000e+00,0.000000e+00,0.000000e+00,0.000000e+00,0.000000e+00
1.000000e+00,0.000000e+00,0.000000e+00,0.000000e+00,0.000000e+00,0.000000e+00,0.000000e+00,0.000000e+00,0.000000e+00,0.000000e+00,0.000000e+00,0.000000e+00,0.000000e+00,0.000000e+00,0.000000e+00
1.000000e+00,0.000000e+00,0.000000e+00,0.000000e+00,0.000000e+00,0.000000e+00,0.000000e+00,0.000000e+00,0.000000e+00,0.000000e+00,0.000000e+00,0.000000e+00,0.000000e+00,0.000000e+00,0.000000e+00
1.000000e+00,0.000000e+00,0.000000e+00,0.000000e+00,0.000000e+00,0.000000e+00,0.000000e+00,0.000000e+00,0.000000e+00,0.000000e+00,0.000000e+00,0.000000e+00,0.000000e+00,0.000000e+00,0.000000e+00
1.000000e+00,0.000000e+00,0.000000e+00,0.000000e+00,0.000000e+00,0.000000e+00,0.000000e+00,0.000000e+00,0.000000e+00,0.000000e+00,0.000000e+00,0.000000e+00,0.000000e+00,0.000000e+00,0.000000e+00
1.000000e+00,0.000000e+00,0.000000e+00,0.000000e+00,0.000000e+00,0.000000e+00,0.000000e+00,0.000000e+00,0.000000e+00,0.000000e+00,0.000000e+00,0.000000e+00,0.000000e+00,0.000000e+00,0.000000e+00
1.000000e+00,0.000000e+00,0.000000e+00,0.000000e+00,0.000000e+00,0.000000e+00,0.000000e+00,0.000000e+00,0.000000e+00,0.000000e+00,0.000000e+00,0.000000e+00,0.000000e+00,0.000000e+00,0.000000e+00
1.000000e+00,0.000000e+00,0.000000e+00,0.000000e+00,0.000000e+00,0.000000e+00,0.000000e+00,0.000000e+00,0.000000e+00,0.000000e+00,0.000000e+00,0.000000e+00,0.000000e+00,0.000000e+00,0.000000e+00
1.000000e+00,0.000000e+00,0.000000e+00,0.000000e+00,0.000000e+00,0.000000e+00,0.000000e+00,0.000000e+00,0.000000e+00,0.000000e+00,0.000000e+00,0.000000e+00,0.000000e+00,0.000000e+00,0.000000e+00
1.000000e+00,0.000000e+00,0.000000e+00,0.000000e+00,0.000000e+00,0.000000e+00,0.000000e+00,0.000000e+00,0.000000e+00,0.000000e+00,0.000000e+00,0.000000e+00,0.000000e+00,0.000000e+00,0.000000e+00
1.000000e+00,0.000000e+00,0.000000e+00,0.000000e+00,0.000000e+00,0.000000e+00,0.000000e+00,0.000000e+00,0.000000e+00,0.000000e+00,0.000000e+00,0.000000e+00,0.000000e+00,0.000000e+00,0.000000e+00
1.000000e+00,0.000000e+00,0.000000e+00,0.000000e+00,0.000000e+00,0.000000e+00,0.000000e+00,0.000000e+00,0.000000e+00,0.000000e+00,0.000000e+00,0.000000e+00,0.000000e+00,0.000000e+00,0.000000e+00
1.000000e+00,0.000000e+00,0.000000e+00,0.000000e+00,0.000000e+00,0.000000e+00,0.000000e+00,0.000000e+00,0.000000e+00,0.000000e+00,0.000000e+00,0.000000e+00,0.000000e+00,0.000000e+00,0.000000e+00
1.000000e+00,0.000000e+00,0.000000e+00,0.000000e+00,0.000000e+00,0.000000e+00,0.000000e+00,0.000000e+00,0.000000e+00,0.000000e+00,0.000000e+00,0.000000e+00,0.000000e+00,0.000000e+00,0.000000e+00
1.000000e+00,0.000000e+00,0.000000e+00,0.000000e+00,0.000000e+00,0.000000e+00,0.000000e+00,0.000000e+00,0.000000e+00,0.000000e+00,0.000000e+00,0.000000e+00,0.000000e+00,0.000000e+00,0.000000e+00
1.000000e+00,0.000000e+00,0.000000e+00,0.000000e+00,0.000000e+00,0.000000e+00,0.000000e+00,0.000000e+00,0.000000e+00,0.000000e+00,0.000000e+00,0.000000e+00,0.000000e+00,0.000000e+00,0.000000e+00
1.000000e+00,0.000000e+00,0.000000e+00,0.000000e+00,0.000000e+00,0.000000e+00,0.000000e+00,0.000000e+00,0.000000e+00,0.000000e+00,0.000000e+00,0.000000e+00,0.000000e+00,0.000000e+00,0.000000e+00
1.000000e+00,0.000000e+00,0.000000e+00,0.000000e+00,0.000000e+00,0.000000e+00,0.000000e+00,0.000000e+00,0.000000e+00,0.000000e+00,0.000000e+00,0.000000e+00,0.000000e+00,0.000000e+00,0.000000e+00
1.000000e+00,0.000000e+00,0.000000e+00,0.000000e+00,0.000000e+00,0.000000e+00,0.000000e+00,0.000000e+00,0.000000e+00,0.000000e+00,0.000000e+00,0.000000e+00,0.000000e+00,0.000000e+00,0.000000e+00
1.000000e+00,0.000000e+00,0.000000e+00,0.000000e+00,0.000000e+00,0.000000e+00,0.000000e+00,0.000000e+00,0.000000e+00,0.000000e+00,0.000000e+00,0.000000e+00,0.000000e+00,0.000000e+00,0.000000e+00
1.000000e+00,0.000000e+00,0.000000e+00,0.000000e+00,0.000000e+00,0.000000e+00,0.000000e+00,0.000000e+00,0.000000e+00,0.000000e+00,0.000000e+00,0.000000e+00,0.000000e+00,0.000000e+00,0.000000e+00
1.000000e+00,0.000000e+00,0.000000e+00,0.000000e+00,0.000000e+00,0.000000e+00,0.000000e+00,0.000000e+00,0.000000e+00,0.000000e+00,0.000000e+00,0.000000e+00,0.000000e+00,0.000000e+00,0.000000e+00
1.000000e+00,0.000000e+00,0.000000e+00,0.000000e+00,0.000000e+00,0.000000e+00,0.000000e+00,0.000000e+00,0.000000e+00,0.000000e+00,0.000000e+00,0.000000e+00,0.000000e+00,0.000000e+00,0.000000e+00
1.000000e+00,0.000000e+00,0.000000e+00,0.000000e+00,0.000000e+00,0.000000e+00,0.000000e+00,0.000000e+00,0.000000e+00,0.000000e+00,0.000000e+00,0.000000e+00,0.000000e+00,0.000000e+00,0.000000e+00
1.000000e+00,0.000000e+00,0.000000e+00,0.000000e+00,0.000000e+00,0.000000e+00,0.000000e+00,0.000000e+00,0.000000e+00,0.000000e+00,0.000000e+00,0.000000e+00,0.000000e+00,0.000000e+00,0.000000e+00
1.000000e+00,0.000000e+00,0.000000e+00,0.000000e+00,0.000000e+00,0.000000e+00,0.000000e+00,0.000000e+00,0.000000e+00,0.000000e+00,0.000000e+00,0.000000e+00,0.000000e+00,0.000000e+00,0.000000e+00
1.000000e+00,0.000000e+00,0.000000e+00,0.000000e+00,0.000000e+00,0.000000e+00,0.000000e+00,0.000000e+00,0.000000e+00,0.000000e+00,0.000000e+00,0.000000e+00,0.000000e+00,0.000000e+00,0.000000e+00
1.000000e+00,0.000000e+00,0.000000e+00,0.000000e+00,0.000000e+00,0.000000e+00,0.000000e+00,0.000000e+00,0.000000e+00,0.000000e+00,0.000000e+00,0.000000e+00,0.000000e+00,0.000000e+00,0.000000e+00
1.000000e+00,0.000000e+00,0.000000e+00,0.000000e+00,0.000000e+00,0.000000e+00,0.000000e+00,0.000000e+00,0.000000e+00,0.000000e+00,0.000000e+00,0.000000e+00,0.000000e+00,0.000000e+00,0.000000e+00
1.000000e+00,0.000000e+00,0.000000e+00,0.000000e+00,0.000000e+00,0.000000e+00,0.000000e+00,0.000000e+00,0.000000e+00,0.000000e+00,0.000000e+00,0.000000e+00,0.000000e+00,0.000000e+00,0.000000e+00
1.000000e+00,0.000000e+00,0.000000e+00,0.000000e+00,0.000000e+00,0.000000e+00,0.000000e+00,0.000000e+00,0.000000e+00,0.000000e+00,0.000000e+00,0.000000e+00,0.000000e+00,0.000000e+00,0.000000e+00
1.000000e+00,0.000000e+00,0.000000e+00,0.000000e+00,0.000000e+00,0.000000e+00,0.000000e+00,0.000000e+00,0.000000e+00,0.000000e+00,0.000000e+00,0.000000e+00,0.000000e+00,0.000000e+00,0.000000e+00
1.000000e+00,0.000000e+00,0.000000e+00,0.000000e+00,0.000000e+00,0.000000e+00,0.000000e+00,0.000000e+00,0.000000e+00,0.000000e+00,0.000000e+00,0.000000e+00,0.000000e+00,0.000000e+00,0.000000e+00
1.000000e+00,0.000000e+00,0.000000e+00,0.000000e+00,0.000000e+00,0.000000e+00,0.000000e+00,0.000000e+00,0.000000e+00,0.000000e+00,0.000000e+00,0.000000e+00,0.000000e+00,0.000000e+00,0.000000e+00
1.000000e+00,0.000000e+00,0.000000e+00,0.000000e+00,0.000000e+00,0.000000e+00,0.000000e+00,0.000000e+00,0.000000e+00,0.000000e+00,0.000000e+00,0.000000e+00,0.000000e+00,0.000000e+00,0.000000e+00
1.000000e+00,0.000000e+00,0.000000e+00,0.000000e+00,0.000000e+00,0.000000e+00,0.000000e+00,0.000000e+00,0.000000e+00,0.000000e+00,0.000000e+00,0.000000e+00,0.000000e+00,0.000000e+00,0.000000e+00
1.000000e+00,0.000000e+00,0.000000e+00,0.000000e+00,0.000000e+00,0.000000e+00,0.000000e+00,0.000000e+00,0.000000e+00,0.000000e+00,0.000000e+00,0.000000e+00,0.000000e+00,0.000000e+00,0.000000e+00
1.000000e+00,0.000000e+00,0.000000e+00,0.000000e+00,0.000000e+00,0.000000e+00,0.000000e+00,0.000000e+00,0.000000e+00,0.000000e+00,0.000000e+00,0.000000e+00,0.000000e+00,0.000000e+00,0.000000e+00
1.000000e+00,0.000000e+00,0.000000e+00,0.000000e+00,0.000000e+00,0.000000e+00,0.000000e+00,0.000000e+00,0.000000e+00,0.000000e+00,0.000000e+00,0.000000e+00,0.000000e+00,0.000000e+00,0.000000e+00
1.000000e+00,0.000000e+00,0.000000e+00,0.000000e+00,0.000000e+00,0.000000e+00,0.000000e+00,0.000000e+00,0.000000e+00,0.000000e+00,0.000000e+00,0.000000e+00,0.000000e+00,0.000000e+00,0.000000e+00
1.000000e+00,0.000000e+00,0.000000e+00,0.000000e+00,0.000000e+00,0.000000e+00,0.000000e+00,0.000000e+00,0.000000e+00,0.000000e+00,0.000000e+00,0.000000e+00,0.000000e+00,0.000000e+00,0.000000e+00
1.000000e+00,0.000000e+00,0.000000e+00,0.000000e+00,0.000000e+00,0.000000e+00,0.000000e+00,0.000000e+00,0.000000e+00,0.000000e+00,0.000000e+00,0.000000e+00,0.000000e+00,0.000000e+00,0.000000e+00
1.000000e+00,0.000000e+00,0.000000e+00,0.000000e+00,0.000000e+00,0.000000e+00,0.000000e+00,0.000000e+00,0.000000e+00,0.000000e+00,0.000000e+00,0.000000e+00,0.000000e+00,0.000000e+00,0.000000e+00
1.000000e+00,0.000000e+00,0.000000e+00,0.000000e+00,0.000000e+00,0.000000e+00,0.000000e+00,0.000000e+00,0.000000e+00,0.000000e+00,0.000000e+00,0.000000e+00,0.000000e+00,0.000000e+00,0.000000e+00
1.000000e+00,0.000000e+00,0.000000e+00,0.000000e+00,0.000000e+00,0.000000e+00,0.000000e+00,0.000000e+00,0.000000e+00,0.000000e+00,0.000000e+00,0.000000e+00,0.000000e+00,0.000000e+00,0.000000e+00
4.364079e-01,5.140177e-02,4.266420e-03,6.037182e-02,6.715639e-03,1.768024e-02,8.231947e-03,3.439460e-03,1.197703e-01,4.424676e-03,4.712687e-03,9.613903e-03,2.407556e-01,1.495992e-03,3.071167e-02
3.058318e-01,5.847722e-02,8.030566e-03,2.985615e-01,5.863029e-03,1.545389e-02,6.776752e-03,2.451968e-03,9.141213e-02,3.793666e-03,3.431286e-03,6.909331e-03,1.693397e-01,1.077843e-03,2.258928e-02
2.164618e-01,5.314375e-02,9.388232e-03,3.586403e-01,5.987075e-03,3.651622e-02,1.356614e-02,1.860893e-03,9.147649e-02,5.253231e-03,6.072340e-03,6.355429e-03,1.684601e-01,1.165622e-03,2.565234e-02
1.537065e-01,4.538888e-02,7.670345e-03,2.916450e-01,5.279679e-03,3.440138e-02,2.182752e-02,2.034036e-03,1.055839e-01,4.302245e-03,1.047606e-02,6.071873e-03,2.901007e-01,1.087572e-03,2.042426e-02
1.095975e-01,3.448651e-02,5.445910e-03,2.063543e-01,4.029746e-03,3.561319e-02,1.979595e-02,1.927412e-03,9.833487e-02,3.089370e-03,9.801270e-03,5.225524e-03,4.503280e-01,8.413609e-04,1.512909e-02
9.785057e-02,3.155580e-02,4.120571e-03,1.560781e-01,4.752308e-03,3.153901e-02,1.824770e-02,2.275046e-03,2.328142e-01,2.988860e-03,2.981638e-02,1.446602e-02,3.573993e-01,2.413444e-03,1.368272e-02
1.232754e-01,2.486179e-02,3.811387e-03,1.121530e-01,8.139443e-03,2.523950e-02,5.328809e-02,1.324715e-02,2.659570e-01,3.019448e-03,3.786007e-02,1.499686e-02,2.883252e-01,2.946698e-03,2.287894e-02
1.664316e-01,2.575183e-02,3.093955e-03,8.179195e-02,8.163998e-03,2.304294e-02,4.043711e-02,9.947726e-03,2.843313e-01,2.557247e-03,2.855799e-02,1.240211e-02,2.906560e-01,2.488526e-03,2.034572e-02
2.724901e-01,2.074857e-02,3.917071e-03,6.078386e-02,8.395158e-03,2.211702e-02,3.576558e-02,7.994663e-03,2.378646e-01,2.322904e-03,2.218604e-02,1.117272e-02,2.725983e-01,2.948201e-03,1.869521e-02
3.517813e-01,2.671903e-02,5.672587e-03,5.020221e-02,8.344460e-03,2.246531e-02,2.759911e-02,6.321482e-03,2.016036e-01,2.539931e-03,1.690151e-02,1.026023e-02,2.506718e-01,2.742839e-03,1.617465e-02
4.128266e-01,2.924319e-02,6.103931e-03,5.142808e-02,6.753876e-03,2.746637e-02,2.065544e-02,4.945653e-03,1.745272e-01,2.648703e-03,1.386534e-02,1.183289e-02,2.194724e-01,2.710994e-03,1.551933e-02
4.171281e-01,2.722828e-02,6.716509e-03,4.731145e-02,7.702189e-03,5.066396e-02,2.037228e-02,8.773779e-03,1.656256e-01,3.536237e-03,1.430965e-02,1.712001e-02,1.919682e-01,3.236165e-03,1.830754e-02
4.739063e-01,2.153721e-02,6.736270e-03,3.707911e-02,8.078869e-03,5.992012e-02,2.763640e-02,2.280499e-02,1.286102e-01,3.750243e-03,1.706520e-02,2.510085e-02,1.469606e-01,3.490939e-03,1.732271e-02
1.000000e+00,0.000000e+00,0.000000e+00,0.000000e+00,0.000000e+00,0.000000e+00,0.000000e+00,0.000000e+00,0.000000e+00,0.000000e+00,0.000000e+00,0.000000e+00,0.000000e+00,0.000000e+00,0.000000e+00
1.000000e+00,0.000000e+00,0.000000e+00,0.000000e+00,0.000000e+00,0.000000e+00,0.000000e+00,0.000000e+00,0.000000e+00,0.000000e+00,0.000000e+00,0.000000e+00,0.000000e+00,0.000000e+00,0.000000e+00
1.000000e+00,0.000000e+00,0.000000e+00,0.000000e+00,0.000000e+00,0.000000e+00,0.000000e+00,0.000000e+00,0.000000e+00,0.000000e+00,0.000000e+00,0.000000e+00,0.000000e+00,0.000000e+00,0.000000e+00
4.811949e-01,2.251331e-02,1.551180e-02,2.274550e-02,3.097646e-02,6.831427e-02,2.076573e-02,1.191959e-01,7.956530e-02,3.796763e-03,8.570792e-03,1.527221e-02,9.169663e-02,2.824230e-03,1.705617e-02
4.196531e-01,2.347153e-02,1.799091e-02,2.468916e-02,3.709701e-02,7.754107e-02,1.957145e-02,1.457210e-01,7.433479e-02,3.871405e-03,7.361557e-03,1.320873e-02,1.141311e-01,2.550181e-03,1.880696e-02
4.181691e-01,3.002073e-02,2.090243e-02,2.763389e-02,3.798188e-02,7.484463e-02,1.952935e-02,1.232952e-01,7.572725e-02,6.954057e-03,7.616389e-03,1.358625e-02,1.205204e-01,2.306256e-03,2.091217e-02
3.910926e-01,3.766666e-02,2.056560e-02,2.729746e-02,3.954463e-02,6.372502e-02,1.882130e-02,1.013101e-01,1.038728e-01,7.379453e-03,8.544514e-03,1.379829e-02,1.454544e-01,2.120559e-03,1.880658e-02
3.537515e-01,5.569398e-02,2.660044e-02,3.069014e-02,3.787247e-02,5.431668e-02,1.699764e-02,8.568738e-02,1.442581e-01,1.130140e-02,1.085734e-02,1.500207e-02,1.361100e-01,1.962418e-03,1.889843e-02
2.992156e-01,5.768560e-02,2.201593e-02,2.420279e-02,3.855425e-02,5.292754e-02,1.622990e-02,8.213557e-02,2.314755e-01,9.836967e-03,9.741375e-03,1.177720e-02,1.169186e-01,1.677664e-03,2.560545e-02
2.512357e-01,6.210096e-02,1.909950e-02,1.918962e-02,3.851196e-02,5.478722e-02,1.603117e-02,8.360466e-02,2.725539e-01,9.185828e-03,1.022997e-02,9.884686e-03,1.091779e-01,2.022294e-03,4.238464e-02
2.117503e-01,6.818694e-02,3.449390e-02,5.799906e-02,3.365419e-02,4.987802e-02,1.416632e-02,7.876514e-02,2.071992e-01,1.661703e-02,2.050975e-02,5.858484e-02,9.784708e-02,5.285009e-03,4.506312e-02
1.710052e-01,5.647108e-02,2.998650e-02,5.142044e-02,2.809831e-02,7.280643e-02,1.144456e-02,5.829814e-02,1.762918e-01,1.383682e-02,3.787293e-02,1.563486e-01,9.420699e-02,5.921371e-03,3.599077e-02
1.228135e-01,4.262049e-02,2.190060e-02,3.988784e-02,2.016675e-02,6.811658e-02,8.242309e-03,4.106600e-02,1.405723e-01,1.068383e-02,4.534479e-02,3.256636e-01,8.001343e-02,5.031588e-03,2.787641e-02
8.843915e-02,3.346660e-02,1.643290e-02,3.152844e-02,1.449892e-02,5.202162e-02,6.085745e-03,2.908609e-02,1.326544e-01,8.870243e-03,8.684826e-02,3.843674e-01,9.034344e-02,4.484974e-03,2.087188e-02
6.374745e-02,2.549036e-02,1.171269e-02,2.346432e-02,1.045024e-02,3.774619e-02,4.409508e-03,2.048898e-02,1.243556e-01,7.529295e-03,1.045732e-01,4.459264e-01,1.005968e-01,3.945649e-03,1.556324e-02
4.812992e-02,2.792634e-02,1.150249e-02,2.136177e-02,8.067789e-03,2.911384e-02,3.357155e-03,1.456772e-02,1.392282e-01,9.324411e-03,9.072497e-02,4.662594e-01,1.101768e-01,3.537121e-03,1.672210e-02
3.583436e-02,2.656866e-02,8.589561e-03,1.550279e-02,6.143339e-03,2.119042e-02,2.559950e-03,1.025212e-02,1.167266e-01,1.351310e-02,7.394937e-02,5.493089e-01,9.576273e-02,3.286523e-03,2.081157e-02
2.667149e-02,2.186996e-02,6.271964e-03,1.105445e-02,4.596313e-03,1.540696e-02,1.968694e-03,7.241586e-03,9.315117e-02,1.534580e-02,6.580321e-02,6.183554e-01,8.136558e-02,3.551170e-03,2.734621e-02
2.024299e-02,1.698652e-02,5.329865e-03,8.071901e-03,7.695904e-03,1.138448e-02,5.333962e-03,5.321809e-03,9.637545e-02,4.899977e-02,4.967321e-02,5.949354e-01,7.078663e-02,3.689415e-03,5.517265e-02
1.488314e-02,1.250660e-02,3.973616e-03,5.788434e-03,5.947745e-03,8.379120e-03,4.272594e-03,3.976519e-03,8.090273e-02,3.996072e-02,3.814782e-02,6.617725e-01,6.504254e-02,3.634801e-03,5.081113e-02
1.167294e-02,9.825574e-03,2.947813e-03,4.208393e-03,4.810516e-03,6.624038e-03,3.267935e-03,3.526160e-03,7.977755e-02,3.000510e-02,3.179939e-02,7.161537e-01,5.265711e-02,3.245618e-03,3.947818e-02
1.093104e-02,7.192937e-03,2.806286e-03,3.740132e-03,7.513002e-03,1.369894e-02,4.071155e-03,5.262509e-03,7.555875e-02,3.619109e-02,3.712515e-02,6.934077e-01,6.725632e-02,2.951561e-03,3.229347e-02
9.796764e-03,5.314347e-03,2.312797e-03,4.072577e-03,8.475818e-03,1.560930e-02,4.610012e-03,6.255431e-03,6.955890e-02,4.666525e-02,6.222988e-02,6.334618e-01,1.001719e-01,3.096180e-03,2.836902e-02
1.087357e-02,3.854902e-03,2.585596e-03,5.122903e-03,1.215496e-02,1.750276e-02,6.163261e-03,1.418148e-02,6.770696e-02,6.122383e-02,1.258139e-01,5.073081e-01,1.284224e-01,4.427398e-03,3.265802e-02
1.102681e-02,2.852248e-03,2.422041e-03,4.882621e-03,1.749635e-02,1.437069e-02,5.769108e-03,1.891541e-02,6.975967e-02,6.293463e-02,1.819518e-01,4.267572e-01,1.453399e-01,4.330469e-03,3.119117e-02
1.347626e-02,2.857591e-03,8.064970e-03,2.576762e-02,3.211899e-02,1.534288e-02,6.280695e-03,3.692622e-02,8.020759e-02,5.533441e-02,2.024641e-01,3.329575e-01,1.496298e-01,4.182113e-03,3.438938e-02
1.306562e-02,2.494118e-03,8.444248e-03,3.297405e-02,3.630767e-02,1.321802e-02,5.103318e-03,3.410147e-02,1.119117e-01,4.514259e-02,2.205811e-01,2.726311e-01,1.613552e-01,5.117474e-03,3.755231e-02
2.576944e-02,2.647212e-03,1.086341e-02,3.831333e-02,4.594143e-02,1.159241e-02,4.660300e-03,4.445074e-02,9.983905e-02,3.984811e-02,2.458765e-01,2.171635e-01,1.708892e-01,1.022877e-02,3.191673e-02
6.381665e-02,8.722044e-03,2.685050e-02,4.015101e-02,5.041734e-02,1.346061e-02,5.210238e-03,4.216427e-02,1.135781e-01,3.861379e-02,2.104905e-01,1.817736e-01,1.504802e-01,1.311979e-02,4.115145e-02
7.495119e-02,9.888992e-03,2.628390e-02,4.442288e-02,5.881625e-02,1.539958e-02,7.806450e-03,3.900487e-02,1.570227e-01,3.267628e-02,1.797457e-01,1.602600e-01,1.375465e-01,1.249630e-02,4.367842e-02
7.940263e-02,9.632592e-03,3.099862e-02,4.688217e-02,5.192378e-02,1.490579e-02,7.135184e-03,7.711600e-02,1.502993e-01,2.945428e-02,1.794208e-01,1.368283e-01,1.372651e-01,1.115791e-02,3.757754e-02
8.271419e-02,9.921730e-03,5.194870e-02,1.018262e-01,4.592993e-02,1.934449e-02,6.376126e-03,1.083721e-01,1.521950e-01,2.254319e-02,1.384243e-01,1.187626e-01,1.043076e-01,8.212087e-03,2.912168e-02
1.080631e-01,1.781458e-02,5.029136e-02,1.130098e-01,4.192207e-02,2.318946e-02,7.149925e-03,8.154230e-02,2.087829e-01,2.213636e-02,1.028096e-01,9.626006e-02,7.717564e-02,6.417915e-03,4.343491e-02
1.638064e-01,2.677417e-02,4.677977e-02,9.324788e-02,4.711178e-02,2.270990e-02,9.207245e-03,6.053863e-02,2.564915e-01,1.770489e-02,7.601255e-02,7.534716e-02,6.177128e-02,5.167659e-03,3.732920e-02
2.390861e-01,2.923336e-02,3.977678e-02,9.546919e-02,4.493608e-02,2.753007e-02,1.016925e-02,4.604284e-02,2.416994e-01,1.551139e-02,5.663923e-02,6.436567e-02,4.752127e-02,4.813899e-03,3.720551e-02
2.458781e-01,3.528849e-02,3.895701e-02,9.668181e-02,8.166252e-02,2.549120e-02,1.332892e-02,4.406728e-02,2.409640e-01,1.357489e-02,4.203258e-02,4.924135e-02,3.731657e-02,4.462558e-03,3.105272e-02
2.180039e-01,3.836656e-02,3.450831e-02,1.615693e-01,8.854295e-02,2.361869e-02,1.953788e-02,4.030760e-02,2.346545e-01,1.304676e-02,3.081466e-02,3.632080e-02,2.821681e-02,3.913521e-03,2.857767e-02
2.109567e-01,3.526690e-02,2.867929e-02,1.858387e-01,1.094104e-01,2.089348e-02,2.089445e-02,3.403148e-02,2.416220e-01,1.295175e-02,2.439510e-02,2.785143e-02,2.137185e-02,3.163600e-03,2.267287e-02
1.677546e-01,3.222992e-02,2.231435e-02,3.400955e-01,1.086937e-01,1.691187e-02,1.951214e-02,2.920523e-02,1.766527e-01,1.020769e-02,1.895383e-02,2.131258e-02,1.630085e-02,2.349149e-03,1.750585e-02
1.442332e-01,2.674067e-02,1.829227e-02,4.134580e-01,1.130295e-01,1.519511e-02,2.502470e-02,2.784119e-02,1.440399e-01,8.014684e-03,1.673884e-02,1.927642e-02,1.298188e-02,1.883017e-03,1.325067e-02
1.918439e-01,2.363208e-02,1.861643e-02,3.382851e-01,1.466569e-01,1.679579e-02,2.623167e-02,2.601048e-02,1.420852e-01,7.939378e-03,1.631331e-02,2.039062e-02,1.335779e-02,1.498020e-03,1.034332e-02
2.236294e-01,2.230423e-02,1.498081e-02,2.773720e-01,1.539004e-01,1.748999e-02,2.418276e-02,3.369746e-02,1.431352e-01,6.813913e-03,1.741156e-02,3.597104e-02,1.687487e-02,1.416650e-03,1.081979e-02
2.451004e-01,2.095700e-02,1.268150e-02,2.424829e-01,1.372991e-01,1.729608e-02,2.177666e-02,4.101440e-02,1.560690e-01,6.441508e-03,1.838500e-02,4.920638e-02,1.901050e-02,1.605983e-03,1.067356e-02
3.301377e-01,2.271560e-02,1.223654e-02,1.993175e-01,1.060560e-01,2.204943e-02,1.753987e-02,3.546988e-02,1.325017e-01,6.112777e-03,1.849032e-02,5.526753e-02,2.282900e-02,2.661976e-03,1.661407e-02
2.984841e-01,2.047431e-02,1.712854e-02,2.119292e-01,9.053425e-02,2.097356e-02,1.447646e-02,5.313452e-02,1.097011e-01,5.495421e-03,2.057930e-02,8.496527e-02,3.519004e-02,2.747232e-03,1.418672e-02
2.479324e-01,1.584123e-02,2.271518e-02,2.045639e-01,7.079933e-02,1.725204e-02,1.061616e-02,1.244581e-01,8.493466e-02,4.694474e-03,3.324072e-02,1.127665e-01,3.579719e-02,3.108936e-03,1.127919e-02
1.963061e-01,1.244441e-02,2.049172e-02,1.483096e-01,5.597891e-02,1.254540e-02,7.775636e-03,3.346370e-01,6.255321e-02,3.416007e-03,2.559024e-02,8.160281e-02,2.770347e-02,2.345031e-03,8.300419e-03
1.524444e-01,8.998638e-03,1.738307e-02,1.093807e-01,4.172034e-02,9.339006e-03,5.620305e-03,5.023492e-01,4.422862e-02,2.442127e-03,1.880609e-02,5.865084e-02,2.088299e-02,1.742827e-03,6.010858e-03
1.155190e-01,6.409354e-03,1.259780e-02,7.821156e-02,3.106946e-02,6.711972e-03,3.972865e-03,6.378049e-01,3.117270e-02,1.733858e-03,1.336805e-02,4.119916e-02,1.473850e-02,1.232637e-03,4.258218e-03
8.811133e-02,4.616056e-03,9.273869e-03,5.615934e-02,2.314298e-02,4.918210e-03,2.838871e-03,7.347621e-01,2.201453e-02,1.234775e-03,9.549188e-03,2.900700e-02,1.045852e-02,8.743773e-04,3.038810e-03
7.074646e-02,3.336849e-03,7.501735e-03,4.767396e-02,1.777607e-02,3.738936e-03,2.019644e-03,7.922987e-01,1.554347e-02,9.069663e-04,7.030216e-03,2.091253e-02,7.609036e-03,6.736261e-04,2.231868e-03
6.315096e-02,3.099827e-03,6.563076e-03,4.510131e-02,1.314923e-02,2.969136e-03,1.462673e-03,8.212382e-01,1.180029e-02,1.438185e-03,6.183530e-03,1.500891e-02,5.873595e-03,8.967328e-04,2.064404e-03
6.783650e-02,3.166986e-03,7.053714e-03,3.515197e-02,1.065258e-02,2.632580e-03,1.203591e-03,8.312113e-01,1.095847e-02,4.501221e-03,5.706615e-03,1.130705e-02,4.931448e-03,1.318848e-03,2.367153e-03
1.170034e-01,1.569802e-02,1.728749e-02,3.124715e-02,1.172503e-02,4.625601e-03,1.433197e-03,7.392852e-01,1.691718e-02,1.194322e-02,7.497648e-03,1.156208e-02,5.817335e-03,3.844707e-03,4.112731e-03
1.484457e-01,4.293308e-02,1.847936e-02,2.743855e-02,1.153308e-02,5.445097e-03,1.950315e-03,6.636477e-01,2.496939e-02,1.530947e-02,8.531986e-03,1.143832e-02,8.761629e-03,4.624992e-03,6.491297e-03
1.953528e-01,1.478005e-01,1.816285e-02,2.497129e-02,9.025874e-03,5.785659e-03,1.847001e-03,4.690774e-01,5.280705e-02,2.029033e-02,1.197753e-02,1.121349e-02,1.392486e-02,5.470643e-03,1.229276e-02
1.805525e-01,2.018804e-01,1.739431e-02,2.762778e-02,6.908000e-03,6.706857e-03,1.596893e-03,3.313104e-01,1.073807e-01,1.820128e-02,1.409558e-02,1.289708e-02,3.256851e-02,6.325880e-03,3.455386e-02
1.796154e-01,2.141245e-01,1.825169e-02,4.381908e-02,5.326120e-03,7.749530e-03,1.405798e-03,2.349743e-01,1.329033e-01,1.976289e-02,2.583345e-02,1.706199e-02,5.245763e-02,6.253634e-03,4.046085e-02
1.609441e-01,1.766773e-01,1.944913e-02,6.605410e-02,1.015803e-02,8.297663e-03,2.683449e-03,1.687394e-01,1.313019e-01,1.517350e-02,8.481503e-02,1.872233e-02,7.529390e-02,5.723494e-03,5.596667e-02
1.651582e-01,1.599234e-01,1.819586e-02,8.155563e-02,1.399181e-02,1.017935e-02,3.331007e-03,1.207699e-01,1.540635e-01,1.406376e-02,9.384923e-02,1.837014e-02,7.823574e-02,7.111746e-03,6.120078e-02
1.695361e-01,1.394819e-01,1.872876e-02,8.925690e-02,1.295582e-02,1.303471e-02,4.084941e-03,8.575847e-02,1.904833e-01,1.241933e-02,8.280792e-02,2.147662e-02,8.022121e-02,6.896351e-03,7.285767e-02
1.390776e-01,1.123507e-01,1.443381e-02,6.582515e-02,1.315050e-02,1.069249e-02,5.281935e-03,6.136991e-02,2.729564e-01,9.675019e-03,7.450766e-02,1.785126e-02,7.356444e-02,6.576045e-03,1.226870e-01
1.143784e-01,9.669636e-02,1.433744e-02,6.943524e-02,1.334864e-02,1.197357e-02,6.512447e-03,4.388149e-02,2.819703e-01,9.497687e-03,6.526649e-02,1.819727e-02,9.692065e-02,5.935457e-03,1.516485e-01
8.855424e-02,7.143403e-02,1.996072e-02,5.924057e-02,1.759347e-02,2.044059e-02,1.766545e-02,3.692507e-02,2.363262e-01,9.723337e-03,9.544108e-02,2.188282e-02,1.377117e-01,6.143614e-03,1.609571e-01
7.126521e-02,5.744777e-02,2.051181e-02,5.390208e-02,1.529750e-02,2.281943e-02,1.404531e-02,2.763060e-02,2.105635e-01,1.204634e-02,9.833849e-02,2.731745e-02,1.596069e-01,8.095565e-03,2.011120e-01
5.052090e-02,4.119872e-02,1.615040e-02,4.798285e-02,2.217181e-02,1.828539e-02,1.051862e-02,2.150500e-02,1.524728e-01,1.119806e-02,7.726574e-02,2.733986e-02,3.344328e-01,6.042919e-03,1.629141e-01
3.666714e-02,3.060832e-02,1.273288e-02,3.572587e-02,2.119269e-02,1.380837e-02,8.598023e-03,1.554543e-02,1.141092e-01,1.084172e-02,5.675613e-02,2.409179e-02,4.445961e-01,6.587594e-03,1.681387e-01
2.735449e-02,2.197351e-02,1.043014e-02,2.665312e-02,1.969324e-02,1.188758e-02,9.037668e-03,1.187820e-02,8.433600e-02,8.429830e-03,4.389641e-02,2.581042e-02,5.560774e-01,5.611598e-03,1.369304e-01
2.075751e-02,1.946260e-02,8.906996e-03,1.889105e-02,1.547727e-02,9.392150e-03,6.458207e-03,8.395109e-03,6.689303e-02,6.447776e-03,3.358116e-02,2.842062e-02,6.299863e-01,4.729386e-03,1.222008e-01
1.576524e-02,1.612981e-02,8.057939e-02,1.369670e-02,3.217797e-02,7.730764e-03,3.933914e-02,1.119716e-02,5.570307e-02,7.128529e-03,2.729114e-02,2.391648e-02,5.359762e-01,3.724588e-03,1.296438e-01
2.411292e-02,1.867190e-02,1.103812e-01,1.503892e-02,4.824964e-02,1.137361e-02,3.322775e-02,1.415472e-02,6.381545e-02,6.649580e-03,2.156591e-02,1.953904e-02,5.153430e-01,2.764971e-03,9.511138e-02
1.949747e-02,2.176632e-02,2.872906e-01,1.947949e-02,3.628978e-02,1.029112e-02,2.419853e-02,1.348665e-02,6.096482e-02,5.659381e-03,1.824867e-02,1.466711e-02,3.975126e-01,2.039962e-03,6.860753e-02
1.982164e-02,5.346347e-02,2.965320e-01,2.267013e-02,2.648686e-02,2.027867e-02,1.738941e-02,1.064401e-02,8.078635e-02,5.428322e-03,5.291817e-02,2.379381e-02,3.148891e-01,2.827519e-03,5.207054e-02
2.535750e-02,4.195325e-02,2.329197e-01,2.076011e-02,2.105418e-02,1.673089e-02,1.515256e-02,1.030308e-02,7.220754e-02,8.237380e-03,7.872228e-02,3.791143e-02,3.186022e-01,3.447311e-03,9.664057e-02
2.127574e-02,3.452651e-02,1.722743e-01,1.780697e-02,2.108358e-02,1.548172e-02,1.108898e-02,9.019716e-03,1.962132e-01,7.118247e-03,1.013758e-01,3.873675e-02,2.465414e-01,2.578954e-03,1.048781e-01
1.591762e-02,3.131297e-02,1.227790e-01,1.277747e-02,1.574476e-02,1.420713e-02,7.863401e-03,6.932676e-03,2.196196e-01,5.302486e-03,7.193482e-02,2.731745e-02,1.738552e-01,2.076897e-03,2.723584e-01
1.146997e-02,2.519454e-02,8.723465e-02,1.134675e-02,1.143817e-02,1.219293e-02,5.575988e-03,5.585359e-03,1.961235e-01,4.320879e-03,5.102970e-02,1.925590e-02,1.227819e-01,1.594616e-03,4.348551e-01
8.338403e-03,2.044166e-02,6.193086e-02,8.926278e-03,8.577473e-03,1.329162e-02,4.046541e-03,5.293902e-03,1.778479e-01,3.403998e-03,3.635373e-02,1.357834e-02,8.686566e-02,1.269775e-03,5.498340e-01
6.533019e-03,1.788895e-02,4.661173e-02,1.966630e-01,8.089839e-03,1.795778e-02,2.898874e-03,6.607316e-03,1.699459e-01,2.922721e-03,2.636484e-02,9.642654e-03,6.166941e-02,9.526858e-04,4.252513e-01
5.994191e-03,1.449115e-02,3.295734e-02,1.454294e-01,8.475597e-03,3.006377e-02,2.349836e-03,8.694307e-03,2.686343e-01,2.189979e-03,1.904736e-02,6.865030e-03,4.496067e-02,8.738391e-04,4.089733e-01
5.019321e-03,1.298350e-02,2.374461e-02,2.827643e-01,7.807021e-03,3.235414e-02,1.734985e-03,1.813571e-02,2.561304e-01,2.525673e-03,1.707840e-02,5.099896e-03,3.261602e-02,7.922893e-04,3.012137e-01
7.483215e-03,1.223868e-02,1.699860e-02,2.261873e-01,8.817491e-03,3.988435e-02,1.425974e-03,4.199733e-02,3.724329e-01,2.187622e-03,1.480658e-02,4.130235e-03,2.477274e-02,8.018962e-04,2.258351e-01
1.372773e-02,2.018514e-02,1.230835e-02,1.748695e-01,1.373354e-02,3.877982e-02,1.341977e-03,5.799957e-02,4.557843e-01,2.265472e-03,1.154382e-02,3.685999e-03,1.841933e-02,7.148748e-04,1.746405e-01
1.545675e-02,3.416759e-02,8.810203e-03,1.367076e-01,1.495773e-02,3.381298e-02,1.066687e-03,4.973587e-02,5.481206e-01,1.911107e-03,9.362248e-03,3.028008e-03,1.373596e-02,5.910329e-04,1.285357e-01
1.450068e-02,3.817539e-02,6.445375e-03,1.622920e-01,1.514539e-02,2.574061e-02,9.356858e-04,4.947446e-02,5.677590e-01,2.150377e-03,7.757090e-03,3.174822e-03,1.117515e-02,4.923964e-04,9.478158e-02
1.702004e-02,8.401133e-02,5.809853e-03,1.481206e-01,1.462905e-02,2.270370e-02,9.772357e-04,4.360136e-02,5.416564e-01,2.103077e-03,1.305068e-02,3.808116e-03,1.228037e-02,9.055970e-04,8.932261e-02
2.000958e-02,8.517593e-02,5.795264e-03,1.223165e-01,1.679344e-02,2.388657e-02,1.756309e-03,8.787891e-02,5.392205e-01,1.874878e-03,1.340706e-02,3.435443e-03,1.274112e-02,7.990755e-04,6.490945e-02
2.804637e-02,7.527941e-02,4.342357e-03,8.991987e-02,1.594669e-02,2.088133e-02,1.628185e-03,8.792410e-02,6.037267e-01,1.441883e-03,1.074287e-02,2.761084e-03,1.039244e-02,7.189902e-04,4.624771e-02
4.721539e-02,6.739801e-02,4.539444e-03,7.584426e-02,1.985620e-02,3.334901e-02,1.913096e-03,1.131994e-01,5.710954e-01,2.199718e-03,1.001732e-02,2.478386e-03,9.675674e-03,1.732905e-03,3.948570e-02
8.036228e-02,5.800386e-02,6.468914e-03,7.300338e-02,2.816263e-02,5.382810e-02,1.925443e-03,1.356563e-01,4.997827e-01,3.521214e-03,9.298528e-03,2.187203e-03,8.198394e-03,1.650362e-03,3.795063e-02
6.452847e-02,5.060724e-02,5.614789e-02,1.682957e-01,2.166576e-02,4.215531e-02,1.419729e-03,1.156050e-01,3.711494e-01,1.827754e-02,7.799293e-03,2.057973e-03,6.373751e-03,1.267054e-03,7.264985e-02
5.622769e-02,4.754866e-02,1.448071e-01,1.921445e-01,2.097606e-02,3.610773e-02,1.276072e-03,9.230223e-02,2.906462e-01,2.586188e-02,6.069380e-03,1.881108e-03,5.592126e-03,9.430135e-04,7.761630e-02
7.555450e-02,4.899920e-02,1.443070e-01,1.824145e-01,4.965923e-02,4.987758e-02,4.877008e-03,6.983630e-02,2.695305e-01,2.375531e-02,4.922609e-03,1.638071e-03,5.211896e-03,7.316588e-04,6.868463e-02
7.649218e-02,6.828538e-02,1.473951e-01,1.611699e-01,9.645062e-02,6.202634e-02,1.164119e-02,5.173112e-02,2.278037e-01,1.906109e-02,4.008531e-03,1.402730e-03,4.684754e-03,6.835908e-04,6.716380e-02
7.960123e-02,8.866049e-02,1.198459e-01,1.406471e-01,1.539860e-01,7.143648e-02,1.786848e-02,3.786376e-02,2.020757e-01,1.558711e-02,3.203522e-03,1.165596e-03,4.187500e-03,6.198066e-04,6.325130e-02
8.630258e-02,1.218366e-01,1.013906e-01,1.107325e-01,1.710905e-01,7.334648e-02,1.959723e-02,2.872271e-02,2.095638e-01,1.190173e-02,2.539838e-03,1.021738e-03,3.926911e-03,6.595334e-04,5.736714e-02
8.705474e-02,1.075674e-01,8.541649e-02,8.529815e-02,1.329038e-01,5.917567e-02,1.549924e-02,2.185130e-02,1.584498e-01,1.537493e-02,2.414433e-03,1.133208e-03,4.027554e-03,2.592344e-03,2.212409e-01
6.625663e-02,8.333794e-02,7.828766e-02,8.108962e-02,9.531126e-02,4.253796e-02,1.121470e-02,1.547561e-02,1.161167e-01,2.818416e-02,2.161949e-03,1.121393e-03,3.414031e-03,2.986432e-03,3.725040e-01
4.736296e-02,6.186832e-02,1.604490e-01,6.183305e-02,6.711684e-02,3.002152e-02,7.890607e-03,1.087349e-02,8.875196e-02,3.068739e-02,1.614364e-03,8.497480e-04,2.862173e-03,2.795461e-03,4.250231e-01
3.723286e-02,5.275410e-02,1.371407e-01,4.522009e-02,4.818790e-02,2.215103e-02,5.632092e-03,7.687151e-03,7.095013e-02,2.961330e-02,1.426055e-03,7.890031e-04,4.385729e-03,4.763564e-03,5.320663e-01
3.127425e-02,1.419818e-01,1.133769e-01,3.360240e-02,3.429500e-02,1.732522e-02,4.062383e-03,5.743657e-03,6.419384e-02,3.048331e-02,2.350536e-03,1.144201e-03,1.245084e-02,1.803734e-02,4.896783e-01
2.527729e-02,2.214732e-01,1.134806e-01,3.573734e-02,2.458903e-02,1.442359e-02,3.047390e-03,4.398112e-03,6.857969e-02,2.666424e-02,2.485109e-03,1.480495e-03,1.614949e-02,2.880051e-02,4.134140e-01
1.967001e-02,2.940850e-01,9.372123e-02,2.970717e-02,1.751264e-02,1.110269e-02,2.227913e-03,3.212113e-03,7.795404e-02,2.267225e-02,2.843175e-03,1.728712e-03,1.680295e-02,5.452243e-02,3.522378e-01
1.533018e-02,3.225942e-01,7.271526e-02,2.310083e-02,1.259305e-02,8.944575e-03,1.624887e-03,2.371094e-03,1.081512e-01,2.139133e-02,5.598291e-03,2.894865e-03,1.680027e-02,1.032205e-01,2.826696e-01
1.243832e-02,3.365298e-01,5.354939e-02,1.847445e-02,9.190410e-03,7.937193e-03,1.192147e-03,1.755442e-03,1.469738e-01,1.976968e-02,6.717863e-03,3.639625e-03,1.548785e-02,1.137784e-01,2.525657e-01
1.007535e-02,2.981037e-01,4.032334e-02,1.621901e-02,6.594926e-03,1.038783e-02,9.484928e-04,1.592431e-03,1.599633e-01,2.318022e-02,8.386603e-03,4.832895e-03,1.509071e-02,1.361020e-01,2.681993e-01
8.124659e-03,2.625010e-01,3.231164e-02,1.800962e-02,4.723237e-03,1.315705e-02,7.188062e-04,1.971873e-03,1.724553e-01,3.346129e-02,9.903499e-03,5.137522e-03,1.483939e-02,1.426080e-01,2.800771e-01
6.419570e-03,2.016425e-01,2.415441e-02,1.629499e-02,3.860862e-03,1.429212e-02,6.350767e-04,1.903046e-03,3.044969e-01,3.254955e-02,1.256549e-02,5.650793e-03,1.345848e-02,1.062376e-01,2.558386e-01
5.412751e-03,1.472516e-01,2.017645e-02,2.182906e-02,7.119096e-03,1.326058e-02,2.451280e-03,1.209207e-02,4.350094e-01,2.830723e-02,1.194294e-02,5.574710e-03,1.331463e-02,7.525426e-02,2.010040e-01
6.171903e-03,1.159897e-01,1.636458e-02,2.300785e-02,1.000236e-02,1.930796e-02,2.628744e-03,1.200153e-02,5.193671e-01,2.593199e-02,1.283539e-02,6.828479e-03,2.000096e-02,5.403851e-02,1.555230e-01
8.431276e-03,8.497046e-02,1.521123e-02,7.116714e-02,1.324594e-02,1.523790e-02,1.981617e-03,1.944372e-02,5.534843e-01,2.164746e-02,1.856244e-02,6.953423e-03,1.875114e-02,3.844323e-02,1.124688e-01
1.299552e-02,6.505156e-02,1.233066e-02,7.572831e-02,2.105053e-02,1.649559e-02,1.509303e-03,1.845408e-02,5.430114e-01,2.553969e-02,3.210208e-02,1.129161e-02,2.667885e-02,3.239774e-02,1.053632e-01
1.633810e-02,4.861699e-02,1.245593e-02,6.614052e-02,3.246069e-02,2.121175e-02,1.684594e-03,3.805722e-02,5.496745e-01,2.233279e-02,3.990146e-02,1.301198e-02,3.377896e-02,2.403228e-02,8.030223e-02
2.850881e-02,3.862021e-02,1.345108e-02,5.369443e-02,4.102891e-02,3.607666e-02,3.251354e-03,9.591364e-02,4.700714e-01,1.800227e-02,4.137773e-02,1.319986e-02,6.640936e-02,1.801725e-02,6.237701e-02
2.613289e-02,2.979807e-02,1.418274e-02,4.293393e-02,3.408228e-02,5.820206e-02,3.232317e-03,2.210821e-01,3.782784e-01,1.370507e-02,3.682958e-02,1.140223e-02,7.067872e-02,1.340364e-02,4.605594e-02
2.387892e-02,2.201004e-02,2.189554e-02,5.677842e-02,2.544561e-02,4.822336e-02,2.586048e-03,3.517708e-01,2.809671e-01,1.031547e-02,3.091033e-02,9.367966e-03,7.224884e-02,9.872189e-03,3.372945e-02
1.959057e-02,1.577645e-02,1.769231e-02,4.110674e-02,1.957817e-02,3.540170e-02,2.012396e-03,5.264190e-01,2.015941e-01,7.294043e-03,2.195103e-02,6.771780e-03,5.402323e-02,6.960541e-03,2.382789e-02
1.510839e-02,1.141754e-02,1.299977e-02,2.944340e-02,1.475146e-02,2.566381e-02,1.467884e-03,6.587903e-01,1.441015e-01,5.131814e-03,1.551401e-02,4.846091e-03,3.910526e-02,4.895679e-03,1.676300e-02
1.234302e-02,8.670652e-03,9.508417e-03,2.104157e-02,1.151179e-02,1.919219e-02,1.083586e-03,7.502096e-01,1.042581e-01,3.623487e-03,1.098424e-02,3.517165e-03,2.876686e-02,3.449545e-03,1.183975e-02
9.741830e-03,6.429842e-03,7.040676e-03,1.505840e-02,8.842249e-03,1.416877e-02,8.071830e-04,8.173485e-01,7.594496e-02,2.564943e-03,7.864298e-03,2.564965e-03,2.083830e-02,2.439379e-03,8.345678e-03
1.400350e-02,6.208365e-03,7.228114e-03,1.223779e-02,7.667352e-03,1.081939e-02,6.756861e-04,8.501370e-01,5.598499e-02,2.000467e-03,6.214493e-03,2.313862e-03,1.568124e-02,1.799502e-03,7.028206e-03
2.167918e-02,7.656296e-03,1.585905e-02,1.168128e-02,9.323133e-03,8.465638e-03,9.329274e-04,8.493000e-01,4.679439e-02,1.710805e-03,4.794789e-03,1.863481e-03,1.197832e-02,1.404629e-03,6.556063e-03
2.938231e-02,8.181395e-03,3.155473e-02,1.214100e-02,1.127649e-02,7.280456e-03,1.304710e-03,8.368223e-01,3.944198e-02,1.418475e-03,3.553477e-03,1.469439e-03,9.398123e-03,1.087816e-03,5.687213e-03
6.717819e-02,1.663176e-02,3.584676e-02,1.482950e-02,1.324389e-02,7.065666e-03,1.753232e-03,7.755061e-01,4.337417e-02,1.468794e-03,3.098869e-03,2.170950e-03,8.482912e-03,1.086674e-03,8.262513e-03
8.058968e-02,1.955128e-02,3.994344e-02,1.510628e-02,1.253492e-02,6.929120e-03,1.990850e-03,7.599486e-01,3.799379e-02,1.568111e-03,2.501055e-03,2.302780e-03,7.563767e-03,9.590589e-04,1.051722e-02
1.628955e-01,2.397251e-02,4.152736e-02,1.796328e-02,1.287704e-02,8.309725e-03,2.901082e-03,6.509132e-01,3.739601e-02,2.408584e-03,2.582847e-03,3.457235e-03,9.563254e-03,1.366139e-03,2.186611e-02
2.531029e-01,2.478745e-02,3.410972e-02,1.663455e-02,1.159553e-02,9.593444e-03,3.319971e-03,5.643895e-01,3.569701e-02,3.074929e-03,3.319458e-03,6.250122e-03,1.016534e-02,1.804029e-03,2.215609e-02
3.153000e-01,2.203926e-02,2.774742e-02,1.590380e-02,1.070181e-02,1.174065e-02,3.373415e-03,5.147495e-01,2.874108e-02,3.215598e-03,4.021349e-03,9.967843e-03,9.221813e-03,2.085784e-03,2.119059e-02
3.814015e-01,1.918949e-02,2.200549e-02,1.645401e-02,1.000668e-02,1.352777e-02,3.567607e-03,4.577053e-01,2.195483e-02,3.186238e-03,4.735951e-03,1.426170e-02,8.576604e-03,2.312462e-03,2.111433e-02
4.299222e-01,1.811018e-02,1.774885e-02,1.778816e-02,9.738760e-03,1.436410e-02,3.643376e-03,4.109308e-01,1.728794e-02,3.478591e-03,5.168907e-03,1.683447e-02,8.096348e-03,2.444663e-03,2.444253e-02
3.269382e-01,5.544022e-02,1.704986e-02,1.424897e-01,1.176365e-02,1.547349e-02,3.322427e-03,2.921257e-01,2.182363e-02,1.238374e-02,9.369106e-03,2.936076e-02,1.636906e-02,2.092872e-03,4.399762e-02
2.906864e-01,6.772094e-02,2.623587e-02,2.036082e-01,1.565240e-02,1.614300e-02,4.810452e-03,2.080763e-01,3.677201e-02,1.971774e-02,1.291411e-02,2.842267e-02,1.589027e-02,1.929703e-03,5.141987e-02
2.279969e-01,9.571679e-02,3.534032e-02,2.343121e-01,1.737411e-02,1.638976e-02,5.265584e-03,1.469103e-01,5.896454e-02,3.663088e-02,1.553670e-02,2.538565e-02,1.518091e-02,1.830621e-03,6.716481e-02
2.206965e-01,1.063429e-01,4.892047e-02,2.509535e-01,2.510330e-02,1.979562e-02,1.042414e-02,1.065133e-01,5.916509e-02,3.516538e-02,1.576393e-02,2.311623e-02,1.446181e-02,2.294828e-03,6.128298e-02
2.437832e-01,1.167255e-01,4.799875e-02,2.312296e-01,2.238770e-02,1.964492e-02,1.014620e-02,7.753599e-02,6.158282e-02,4.221182e-02,1.540076e-02,1.901567e-02,2.203094e-02,3.317348e-03,6.698865e-02
1.828134e-01,1.478381e-01,1.145757e-01,2.434405e-01,1.670824e-02,1.624865e-02,7.378533e-03,5.498198e-02,5.951102e-02,5.125500e-02,1.290433e-02,1.499354e-02,1.783560e-02,2.598506e-03,5.691687e-02
1.775337e-01,1.700511e-01,1.104644e-01,1.986575e-01,1.341498e-02,1.794715e-02,5.727423e-03,4.125559e-02,9.536690e-02,4.771611e-02,3.918190e-02,1.537010e-02,1.664634e-02,3.540464e-03,4.712638e-02
1.572796e-01,1.736324e-01,1.055085e-01,2.201451e-01,1.012974e-02,1.894971e-02,4.231636e-03,3.151963e-02,1.075682e-01,3.867112e-02,5.576678e-02,1.683501e-02,1.885038e-02,3.153413e-03,3.775886e-02
1.113895e-01,2.042240e-01,1.470508e-01,2.642950e-01,7.300579e-03,1.406014e-02,2.972864e-03,2.217123e-02,9.750410e-02,2.930715e-02,4.049873e-02,1.273653e-02,1.527532e-02,2.263827e-03,2.895031e-02
7.989645e-02,1.996627e-01,1.441705e-01,3.152892e-01,5.332803e-03,1.113658e-02,2.103571e-03,1.578588e-02,1.089720e-01,2.445263e-02,3.953031e-02,1.037279e-02,1.602682e-02,2.185766e-03,2.508195e-02
