1.000000e+00,0.000000e+00,0.000000e+00,0.000000e+00,0.000000e+00,0.000000e+00,0.000000e+00,0.000000e+00,0.000000e+00,0.000000e+00,0.000000e+00,0.000000e+00,0.000000e+00,0.000000e+00,0.000000e+00
1.000000e+00,0.000000e+00,0.000000e+00,0.000000e+00,0.000000e+00,0.000000e+00,0.000000e+00,0.000000e+00,0.000000e+00,0.000000e+00,0.000000e+00,0.000000e+00,0.000000e+00,0.000000e+00,0.000000e+00
1.000000e+00,0.000000e+00,0.000000e+00,0.000000e+00,0.000000e+00,0.000000e+00,0.000000e+00,0.000000e+00,0.000000e+00,0.000000e+00,0.000000e+00,0.000000e+00,0.000000e+00,0.000000e+00,0.000000e+00
1.000000e+00,0.000000e+00,0.000000e+00,0.000000e+00,0.000000e+00,0.000000e+00,0.000000e+00,0.000000e+00,0.000000e+00,0.000000e+00,0.000000e+00,0.000000e+00,0.000000e+00,0.000000e+00,0.000000e+00
1.000000e+00,0.000000e+00,0.000000e+00,0.000000e+00,0.000000e+00,0.000000e+00,0.000000e+00,0.000000e+00,0.000000e+00,0.000000e+00,0.000000e+00,0.000000e+00,0.000000e+00,0.000000e+00,0.000000e+00
1.000000e+00,0.000000e+00,0.000000e+00,0.000000e+00,0.000000e+00,0.000000e+00,0.000000e+00,0.000000e+00,0.000000e+00,0.000000e+00,0.000000e+00,0.000000e+00,0.000000e+00,0.000000e+00,0.000000e+00
1.000000e+00,0.000000e+00,0.000000e+00,0.000000e+00,0.000000e+00,0.000000e+00,0.000000e+00,0.000000e+00,0.000000e+00,0.000000e+00,0.000000e+00,0.000000e+00,0.000000e+00,0.000000e+00,0.000000e+00
1.000000e+00,0.000000e+00,0.000000e+00,0.000000e+00,0.000000e+00,0.000000e+00,0.000000e+00,0.000000e+00,0.000000e+00,0.000000e+00,0.000000e+00,0.000000e+00,0.000000e+00,0.000000e+00,0.000000e+00
1.000000e+00,0.000000e+00,0.000000e+00,0.000000e+00,0.000000e+00,0.000000e+00,0.000000e+00,0.000000e+00,0.000000e+00,0.000000e+00,0.000000e+00,0.000000e+00,0.000000e+00,0.000000e+00,0.000000e+00
1.000000e+00,0.000000e+00,0.000000e+00,0.000000e+00,0.000000e+00,0.000000e+00,0.000000e+00,0.000000e+00,0.000000e+00,0.000000e+00,0.000000e+00,0.000000e+00,0.000000e+00,0.000000e+00,0.000000e+00
1.000000e+00,0.000000e+00,0.000000e+00,0.000000e+00,0.000000e+00,0.000000e+00,0.000000e+00,0.000000e+00,0.000000e+00,0.000000e+00,0.000000e+00,0.000000e+00,0.000000e+00,0.000000e+00,0.000000e+00
1.000000e+00,0.000000e+00,0.000000e+00,0.000000e+00,0.000000e+00,0.000000e+00,0.000000e+00,0.000000e+00,0.000000e+00,0.000000e+00,0.000000e+00,0.000000e+00,0.000000e+00,0.000000e+00,0.000000e+00
1.000000e+00,0.000000e+00,0.000000e+00,0.000000e+00,0.000000e+00,0.000000e+00,0.000000e+00,0.000000e+00,0.000000e+00,0.000000e+00,0.000000e+00,0.000000e+00,0.000000e+00,0.000000e+00,0.000000e+00
1.000000e+00,0.000000e+00,0.000000e+00,0.000000e+00,0.000000e+00,0.000000e+00,0.000000e+00,0.000000e+00,0.000000e+00,0.000000e+00,0.000000e+00,0.000000e+00,0.000000e+00,0.000000e+00,0.000000e+00
1.000000e+00,0.000000e+00,0.000000e+00,0.000000e+00,0.000000e+00,0.000000e+00,0.000000e+00,0.000000e+00,0.000000e+00,0.000000e+00,0.000000e+00,0.000000e+00,0.000000e+00,0.000000e+00,0.000000e+00
1.000000e+00,0.000000e+00,0.000000e+00,0.000000e+00,0.000000e+00,0.000000e+00,0.000000e+00,0.000000e+00,0.000000e+00,0.000000e+00,0.000000e+00,0.000000e+00,0.000000e+00,0.000000e+00,0.000000e+00
1.000000e+00,0.000000e+00,0.000000e+00,0.000000e+00,0.000000e+00,0.000000e+00,0.000000e+00,0.000000e+00,0.000000e+00,0.000000e+00,0.000000e+00,0.000000e+00,0.000000e+00,0.000000e+00,0.000000e+00
1.000000e+00,0.000000e+00,0.000000e+00,0.000000e+00,0.000000e+00,0.000000e+00,0.000000e+00,0.000000e+00,0.000000e+00,0.000000e+00,0.000000e+00,0.000000e+00,0.000000e+00,0.000000e+00,0.000000e+00
1.000000e+00,0.000000e+00,0.000000e+00,0.000000e+00,0.000000e+00,0.000000e+00,0.000000e+00,0.000000e+00,0.000000e+00,0.000000e+00,0.000000e+00,0.000000e+00,0.000000e+00,0.000000e+00,0.000000e+00
1.000000e+00,0.000000e+00,0.000000e+00,0.000000e+00,0.000000e+00,0.000000e+00,0.000000e+00,0.000000e+00,0.000000e+00,0.000000e+00,0.000000e+00,0.000000e+00,0.000000e+00,0.000000e+00,0.000000e+00
1.000000e+00,0.000000e+00,0.000000e+00,0.000000e+00,0.000000e+00,0.000000e+00,0.000000e+00,0.000000e+00,0.000000e+00,0.000000e+00,0.000000e+00,0.000000e+00,0.000000e+00,0.000000e+00,0.000000e+00
1.000000e+00,0.000000e+00,0.000000e+00,0.000000e+00,0.000000e+00,0.000000e+00,0.000000e+00,0.000000e+00,0.000000e+00,0.000000e+00,0.000000e+00,0.000000e+00,0.000000e+00,0.000000e+00,0.000000e+00
1.000000e+00,0.000000e+00,0.000000e+00,0.000000e+00,0.000000e+00,0.000000e+00,0.000000e+00,0.000000e+00,0.000000e+00,0.000000e+00,0.000000e+00,0.000000e+00,0.000000e+00,0.000000e+00,0.000000e+00
1.000000e+00,0.000000e+00,0.000000e+00,0.000000e+00,0.000000e+00,0.000000e+00,0.000000e+00,0.000000e+00,0.000000e+00,0.000000e+00,0.000000e+00,0.000000e+00,0.000000e+00,0.000000e+00,0.000000e+00
1.000000e+00,0.000000e+00,0.000000e+00,0.000000e+00,0.000000e+00,0.000000e+00,0.000000e+00,0.000000e+00,0.000000e+00,0.000000e+00,0.000000e+00,0.000000e+00,0.000000e+00,0.000000e+00,0.000000e+00
1.000000e+00,0.000000e+00,0.000000e+00,0.000000e+00,0.000000e+00,0.000000e+00,0.000000e+00,0.000000e+00,0.000000e+00,0.000000e+00,0.000000e+00,0.000000e+00,0.000000e+00,0.000000e+00,0.000000e+00
1.000000e+00,0.000000e+00,0.000000e+00,0.000000e+00,0.000000e+00,0.000000e+00,0.000000e+00,0.000000e+00,0.000000e+00,0.000000e+00,0.000000e+00,0.000000e+00,0.000000e+00,0.000000e+00,0.000000e+00
1.000000e+00,0.000000e+00,0.000000e+00,0.000000e+00,0.000000e+00,0.000000e+00,0.000000e+00,0.000000e+00,0.000000e+00,0.000000e+00,0.000000e+00,0.000000e+00,0.000000e+00,0.000000e+00,0.000000e+00
1.000000e+00,0.000000e+00,0.000000e+00,0.000000e+00,0.000000e+00,0.000000e+00,0.000000e+00,0.000000e+00,0.000000e+00,0.000000e+00,0.000000e+00,0.000000e+00,0.000000e+00,0.000000e+00,0.000000e+00
1.000000e+00,0.000000e+00,0.000000e+00,0.000000e+00,0.000000e+00,0.000000e+00,0.000000e+00,0.000000e+00,0.000000e+00,0.000000e+00,0.000000e+00,0.000000e+00,0.000000e+00,0.000000e+00,0.000000e+00
1.000000e+00,0.000000e+00,0.000000e+00,0.000000e+00,0.000000e+00,0.000000e+00,0.000000e+00,0.000000e+00,0.000000e+00,0.000000e+00,0.000000e+00,0.000000e+00,0.000000e+00,0.000000e+00,0.000000e+00
1.000000e+00,0.000000e+00,0.000000e+00,0.000000e+00,0.000000e+00,0.000000e+00,0.000000e+00,0.000000e+00,0.000000e+00,0.000000e+00,0.000000e+00,0.000000e+00,0.000000e+00,0.000000e+00,0.000000e+00
1.000000e+00,0.000000e+00,0.000000e+00,0.000000e+00,0.000000e+00,0.000000e+00,0.000000e+00,0.000000e+00,0.000000e+00,0.000000e+00,0.000000e+00,0.000000e+00,0.000000e+00,0.000000e+00,0.000000e+00
1.000000e+00,0.000000e+00,0.000000e+00,0.000000e+00,0.000000e+00,0.000000e+00,0.000000e+00,0.000000e+00,0.000000e+00,0.000000e+00,0.000000e+00,0.000000e+00,0.000000e+00,0.000000e+00,0.000000e+00
1.000000e+00,0.000000e+00,0.000000e+00,0.000000e+00,0.000000e+00,0.000000e+00,0.000000e+00,0.000000e+00,0.000000e+00,0.000000e+00,0.000000e+00,0.000000e+00,0.000000e+00,0.000000e+00,0.000000e+00
1.000000e+00,0.000000e+00,0.000000e+00,0.000000e+00,0.000000e+00,0.000000e+00,0.000000e+00,0.000000e+00,0.000000e+00,0.000000e+00,0.000000e+00,0.000000e+00,0.000000e+00,0.000000e+00,0.000000e+00
1.000000e+00,0.000000e+00,0.000000e+00,0.000000e+00,0.000000e+00,0.000000e+00,0.000000e+00,0.000000e+00,0.000000e+00,0.000000e+00,0.000000e+00,0.000000e+00,0.000000e+00,0.000000e+00,0.000000e+00
1.000000e+00,0.000000e+00,0.000000e+00,0.000000e+00,0.000000e+00,0.000000e+00,0.000000e+00,0.000000e+00,0.000000e+00,0.000000e+00,0.000000e+00,0.000000e+00,0.000000e+00,0.000000e+00,0.000000e+00
1.000000e+00,0.000000e+00,0.000000e+00,0.000000e+00,0.000000e+00,0.000000e+00,0.000000e+00,0.000000e+00,0.000000e+00,0.000000e+00,0.000000e+00,0.000000e+00,0.000000e+00,0.000000e+00,0.000000e+00
1.000000e+00,0.000000e+00,0.000000e+00,0.000000e+00,0.000000e+00,0.000000e+00,0.000000e+00,0.000000e+00,0.000000e+00,0.000000e+00,0.000000e+00,0.000000e+00,0.000000e+00,0.000000e+00,0.000000e+00
1.000000e+00,0.000000e+00,0.000000e+00,0.000000e+00,0.000000e+00,0.000000e+00,0.000000e+00,0.000000e+00,0.000000e+00,0.000000e+00,0.000000e+00,0.000000e+00,0.000000e+00,0.000000e+00,0.000000e+00
1.000000e+00,0.000000e+00,0.000000e+00,0.000000e+00,0.000000e+00,0.000000e+00,0.000000e+00,0.000000e+00,0.000000e+00,0.000000e+00,0.000000e+00,0.000000e+00,0.000000e+00,0.000000e+00,0.000000e+00
1.000000e+00,0.000000e+00,0.000000e+00,0.000000e+00,0.000000e+00,0.000000e+00,0.000000e+00,0.000000e+00,0.000000e+00,0.000000e+00,0.000000e+00,0.000000e+00,0.000000e+00,0.000000e+00,0.000000e+00
1.000000e+00,0.000000e+00,0.000000e+00,0.000000e+00,0.000000e+00,0.000000e+00,0.000000e+00,0.000000e+00,0.000000e+00,0.000000e+00,0.000000e+00,0.000000e+00,0.000000e+00,0.000000e+00,0.000000e+00
1.000000e+00,0.000000e+00,0.000000e+00,0.000000e+00,0.000000e+00,0.000000e+00,0.000000e+00,0.000000e+00,0.000000e+00,0.000000e+00,0.000000e+00,0.000000e+00,0.000000e+00,0.000000e+00,0.000000e+00
1.000000e+00,0.000000e+00,0.000000e+00,0.000000e+00,0.000000e+00,0.000000e+00,0.000000e+00,0.000000e+00,0.000000e+00,0.000000e+00,0.000000e+00,0.000000e+00,0.000000e+00,0.000000e+00,0.000000e+00
4.992865e-01,3.067934e-02,9.883883e-03,6.928216e-02,1.846041e-02,9.785055e-02,1.684777e-02,1.680386e-02,1.573327e-02,4.281887e-03,7.826837e-03,8.408096e-02,1.008529e-01,3.114524e-03,2.501519e-02
4.687272e-01,3.273850e-02,9.971417e-03,7.535118e-02,2.157731e-02,8.748771e-02,1.499263e-02,1.605174e-02,1.701417e-02,4.561447e-03,1.301452e-02,1.000734e-01,1.048311e-01,4.593525e-03,2.901420e-02
4.954177e-01,3.086004e-02,8.713152e-03,7.086718e-02,1.957780e-02,7.146257e-02,1.224522e-02,1.412440e-02,1.671895e-02,4.822571e-03,1.639993e-02,9.997272e-02,9.888501e-02,7.152820e-03,3.277995e-02
4.365622e-01,3.776736e-02,1.938350e-02,8.754926e-02,2.190131e-02,6.340686e-02,1.153769e-02,2.014647e-02,2.043619e-02,4.911151e-03,2.698683e-02,1.070443e-01,8.951491e-02,9.004984e-03,4.384701e-02
4.342924e-01,3.719899e-02,2.669512e-02,9.137276e-02,2.057023e-02,5.093867e-02,9.851609e-03,2.228981e-02,2.282636e-02,5.423995e-03,2.906235e-02,9.474487e-02,8.372267e-02,1.225073e-02,5.875942e-02
4.663593e-01,3.348292e-02,2.791160e-02,8.759183e-02,1.736543e-02,4.211216e-02,8.033046e-03,2.240334e-02,2.117569e-02,5.418985e-03,3.070816e-02,8.369768e-02,7.681303e-02,1.362907e-02,6.329773e-02
1.000000e+00,0.000000e+00,0.000000e+00,0.000000e+00,0.000000e+00,0.000000e+00,0.000000e+00,0.000000e+00,0.000000e+00,0.000000e+00,0.000000e+00,0.000000e+00,0.000000e+00,0.000000e+00,0.000000e+00
1.000000e+00,0.000000e+00,0.000000e+00,0.000000e+00,0.000000e+00,0.000000e+00,0.000000e+00,0.000000e+00,0.000000e+00,0.000000e+00,0.000000e+00,0.000000e+00,0.000000e+00,0.000000e+00,0.000000e+00
1.000000e+00,0.000000e+00,0.000000e+00,0.000000e+00,0.000000e+00,0.000000e+00,0.000000e+00,0.000000e+00,0.000000e+00,0.000000e+00,0.000000e+00,0.000000e+00,0.000000e+00,0.000000e+00,0.000000e+00
4.194031e-01,1.688927e-02,5.646174e-02,5.796814e-02,7.867343e-03,2.208985e-02,4.755045e-03,2.770510e-01,9.630346e-03,2.606800e-03,1.819671e-02,3.643508e-02,3.147099e-02,8.452886e-03,3.072168e-02
3.268771e-01,1.228887e-02,4.989229e-02,4.493710e-02,5.934286e-03,1.778123e-02,4.390538e-03,4.350735e-01,6.941923e-03,1.989172e-03,1.381634e-02,2.714769e-02,2.338633e-02,6.714858e-03,2.282880e-02
2.478449e-01,8.744298e-03,4.112028e-02,3.498352e-02,4.315145e-03,1.318759e-02,3.732397e-03,5.718645e-01,4.899113e-03,1.433665e-03,1.014045e-02,1.955425e-02,1.690015e-02,5.078387e-03,1.620135e-02
1.780583e-01,6.185881e-03,3.753572e-02,3.062922e-02,3.132335e-03,9.478313e-03,2.791364e-03,6.793459e-01,3.443426e-03,1.015475e-03,7.305024e-03,1.384846e-02,1.207109e-02,3.770028e-03,1.138947e-02
1.313752e-01,4.419605e-03,3.143828e-02,2.363794e-02,2.438726e-03,6.975452e-03,2.877632e-03,7.591335e-01,2.430677e-03,7.391639e-04,5.261988e-03,9.796487e-03,8.701346e-03,2.774083e-03,8.000003e-03
1.080618e-01,3.390285e-03,2.585646e-02,1.740896e-02,2.137343e-03,5.819440e-03,5.383864e-03,7.945440e-01,1.854268e-03,8.400800e-04,5.255008e-03,9.849676e-03,1.096361e-02,2.896148e-03,5.739013e-03
8.042240e-02,3.196730e-03,2.793729e-02,1.498966e-02,1.989904e-03,4.743143e-03,6.007195e-03,6.765290e-01,2.206232e-03,3.650888e-03,2.948506e-02,9.955958e-02,1.895742e-02,2.575377e-02,4.571661e-03
5.730515e-02,2.685109e-03,2.827823e-02,1.121924e-02,1.593393e-03,4.921805e-03,7.011234e-03,4.878240e-01,2.643666e-03,3.367208e-03,2.439127e-02,3.246926e-01,1.924482e-02,2.074816e-02,4.074088e-03
4.171408e-02,2.200181e-03,2.521707e-02,8.376100e-03,1.257202e-03,4.460252e-03,9.401901e-03,3.463570e-01,2.273092e-03,3.219051e-03,2.156968e-02,4.956732e-01,1.807528e-02,1.697077e-02,3.235103e-03
3.038700e-02,1.807469e-03,2.189154e-02,6.376330e-03,1.340678e-03,5.932380e-03,8.018976e-03,2.429441e-01,2.333696e-03,2.898085e-03,3.182323e-02,6.155844e-01,1.289989e-02,1.282773e-02,2.934548e-03
2.133831e-02,1.328397e-03,1.575478e-02,4.977686e-03,1.221179e-03,1.144661e-02,5.837346e-03,1.701053e-01,1.846085e-03,2.293962e-03,2.914919e-02,7.141687e-01,9.119876e-03,9.144517e-03,2.268133e-03
1.508551e-02,1.005120e-03,1.130390e-02,3.790544e-03,1.411654e-03,1.313211e-02,4.790700e-03,1.191205e-01,1.584365e-03,2.073869e-03,2.714724e-02,7.846013e-01,6.540983e-03,6.597045e-03,1.815117e-03
1.061592e-02,8.204246e-04,7.975492e-03,2.712290e-03,4.407830e-03,1.130056e-02,3.447915e-03,8.340567e-02,1.303001e-03,1.876058e-03,2.253706e-02,8.388929e-01,4.626880e-03,4.710349e-03,1.367576e-03
7.457071e-03,6.186893e-04,5.600536e-03,1.923470e-03,5.979504e-03,8.366598e-03,2.429009e-03,5.839549e-02,1.018204e-03,1.594171e-03,2.352627e-02,8.755082e-01,3.265620e-03,3.329462e-03,9.876139e-04
5.241021e-03,4.477213e-04,3.926300e-03,1.380455e-03,1.081644e-02,5.927070e-03,1.704274e-03,4.088550e-02,8.143072e-04,1.228772e-03,2.949931e-02,8.927257e-01,2.320182e-03,2.381381e-03,7.015961e-04
3.691372e-03,3.236159e-04,2.754649e-03,9.753107e-04,9.019335e-03,4.197083e-03,1.194573e-03,2.862725e-02,5.970540e-04,9.045824e-04,2.663990e-02,9.172207e-01,1.642741e-03,1.715514e-03,4.963904e-04
2.592682e-03,2.942417e-04,1.976837e-03,6.931510e-04,1.097549e-02,2.973437e-03,8.387765e-04,2.005108e-02,5.072483e-04,6.930274e-04,2.765481e-02,9.279540e-01,1.166342e-03,1.273469e-03,3.554555e-04
1.845309e-03,3.334628e-04,1.465252e-03,5.053303e-04,3.333011e-02,2.605063e-03,6.134521e-04,1.407593e-02,7.651927e-04,6.244353e-04,2.083676e-02,9.206759e-01,8.630424e-04,1.198187e-03,2.626307e-04
1.320998e-03,3.658012e-04,1.068891e-03,3.589443e-04,2.889627e-02,3.229440e-03,4.409650e-04,9.874891e-03,6.269962e-04,5.630843e-04,1.607883e-02,9.353637e-01,6.488963e-04,9.709512e-04,1.913573e-04
9.735046e-04,2.745085e-04,7.611423e-04,2.635402e-04,2.174989e-02,2.571493e-03,3.194920e-04,6.947770e-03,5.074734e-04,5.224340e-04,1.287925e-02,9.508308e-01,5.013681e-04,7.579176e-04,1.393931e-04
7.608815e-04,2.999871e-04,6.109346e-04,2.093986e-04,1.690159e-02,1.897511e-03,2.435770e-04,5.013353e-03,7.148455e-04,6.011960e-04,1.095169e-02,9.606090e-01,4.121961e-04,6.438449e-04,1.300169e-04
6.589047e-04,5.204479e-04,7.695373e-04,1.735662e-04,1.514004e-02,1.456661e-03,2.202217e-04,3.905722e-03,1.708220e-03,9.464208e-04,1.123616e-02,9.620996e-01,3.721661e-04,6.396729e-04,1.527275e-04
6.279153e-04,7.909872e-04,1.925800e-03,3.471501e-04,1.998093e-02,1.217366e-03,2.099928e-04,1.085345e-02,3.643318e-03,9.639822e-04,1.127698e-02,9.468530e-01,4.015592e-04,7.662677e-04,1.413002e-04
5.837808e-04,1.191520e-03,1.844132e-03,3.718628e-04,2.724730e-02,1.448771e-03,4.013812e-04,1.103942e-02,4.364434e-03,1.065763e-03,9.203190e-03,9.399316e-01,4.282267e-04,7.605230e-04,1.180547e-04
9.858070e-04,2.561322e-03,6.164144e-03,7.381429e-04,3.134088e-02,2.094460e-02,2.796714e-03,2.549435e-02,7.197190e-03,1.819463e-03,8.531456e-03,8.899971e-01,5.935177e-04,6.842606e-04,1.511174e-04
3.792990e-03,2.999059e-03,6.028024e-03,9.757837e-04,4.285002e-02,5.003551e-02,1.551467e-02,3.025200e-02,1.575010e-02,3.426116e-03,3.038007e-02,7.951383e-01,9.671364e-04,1.314580e-03,5.756695e-04
6.801696e-03,3.605449e-03,1.080483e-02,1.900348e-03,5.432504e-02,5.259288e-02,1.844954e-02,8.306961e-02,2.974899e-02,4.113135e-03,2.847803e-02,7.017491e-01,1.186615e-03,2.281938e-03,8.928853e-04
1.424028e-02,4.476747e-03,1.546110e-02,5.068876e-03,5.187815e-02,7.878520e-02,2.126867e-02,1.706797e-01,2.960254e-02,7.123227e-03,3.909235e-02,5.557348e-01,1.789681e-03,3.548331e-03,1.250354e-03
1.783055e-02,3.614168e-03,1.797739e-02,7.516918e-03,4.812273e-02,6.051405e-02,2.611289e-02,3.513134e-01,2.250078e-02,6.593470e-03,3.167692e-02,4.001327e-01,2.030152e-03,2.977873e-03,1.085994e-03
2.230535e-02,3.953106e-03,6.528784e-02,2.331937e-02,5.797980e-02,6.231214e-02,2.157771e-02,3.883662e-01,2.437206e-02,6.521990e-03,2.928213e-02,2.880127e-01,2.616845e-03,2.769563e-03,1.323165e-03
1.901783e-02,2.982130e-03,1.014876e-01,2.221779e-02,5.195672e-02,5.165961e-02,2.980255e-02,4.690953e-01,1.787958e-02,4.772628e-03,2.141913e-02,2.020499e-01,2.528375e-03,2.170483e-03,9.602969e-04
1.558706e-02,2.281165e-03,1.129289e-01,2.213858e-02,4.616009e-02,4.552390e-02,4.359777e-02,5.316985e-01,1.336524e-02,3.559363e-03,1.641545e-02,1.419953e-01,2.248926e-03,1.811839e-03,6.879813e-04
1.533003e-02,2.393301e-03,1.706102e-01,2.207972e-02,5.353653e-02,3.622718e-02,9.402612e-02,4.711552e-01,1.089265e-02,2.832868e-03,1.541103e-02,9.987434e-02,3.492820e-03,1.601539e-03,5.363927e-04
1.734785e-02,2.765715e-03,2.647679e-01,1.927150e-02,6.011276e-02,2.821202e-02,1.253637e-01,3.809749e-01,9.184325e-03,2.337376e-03,1.355795e-02,7.021153e-02,3.447101e-03,2.016038e-03,4.293114e-04
2.008361e-02,3.906655e-03,3.354865e-01,1.569275e-02,4.823337e-02,2.089154e-02,1.523851e-01,3.242395e-01,8.667452e-03,1.819080e-03,1.168236e-02,4.945683e-02,4.408006e-03,2.619038e-03,4.282076e-04
1.961191e-02,4.538944e-03,3.323673e-01,1.192030e-02,3.533971e-02,1.597453e-02,2.575074e-01,2.607446e-01,8.170431e-03,1.858787e-03,8.755548e-03,3.483298e-02,5.247554e-03,2.280775e-03,8.492293e-04
2.783938e-02,1.336524e-02,2.511835e-01,9.964451e-03,2.734692e-02,1.395067e-02,3.160249e-01,2.011995e-01,1.681569e-02,2.071451e-02,2.746881e-02,2.992993e-02,1.233170e-02,8.992897e-03,2.287188e-02
4.041314e-02,1.514256e-02,1.832092e-01,9.214259e-03,2.025094e-02,1.337012e-02,3.902948e-01,1.477369e-01,1.897085e-02,2.483439e-02,4.403287e-02,4.631553e-02,1.394168e-02,1.322666e-02,1.904606e-02
3.588679e-02,1.179179e-02,1.310347e-01,8.126438e-03,1.573922e-02,1.193653e-02,4.179313e-01,1.050972e-01,2.228377e-02,2.049565e-02,7.541627e-02,9.857528e-02,1.561014e-02,1.551764e-02,1.455740e-02
2.629803e-02,8.465004e-03,9.253830e-02,6.109066e-03,1.220306e-02,9.811266e-03,3.578141e-01,7.407326e-02,1.849987e-02,1.527592e-02,1.445171e-01,1.866059e-01,1.386123e-02,2.309236e-02,1.083556e-02
1.858214e-02,5.972338e-03,6.505281e-02,4.522633e-03,9.203872e-03,7.785526e-03,2.576077e-01,5.204657e-02,1.473443e-02,1.104281e-02,2.291395e-01,2.821067e-01,1.032002e-02,2.423095e-02,7.651965e-03
1.339634e-02,4.276522e-03,4.577004e-02,3.745595e-03,7.682882e-03,6.875289e-03,1.870051e-01,3.675511e-02,1.175047e-02,8.132039e-03,3.723418e-01,2.584207e-01,8.004890e-03,3.043351e-02,5.409796e-03
9.654964e-03,3.120727e-03,3.210801e-02,3.275047e-03,8.776370e-03,6.202843e-03,1.323689e-01,2.605345e-02,9.452790e-03,6.265701e-03,5.139279e-01,2.088472e-01,6.377824e-03,2.959754e-02,3.970658e-03
6.916307e-03,2.361286e-03,2.258836e-02,2.770595e-03,1.061654e-02,5.120215e-03,9.309400e-02,1.838607e-02,7.770892e-03,4.967147e-03,6.160036e-01,1.695920e-01,5.599594e-03,3.131343e-02,2.899894e-03
5.370250e-03,2.211276e-03,1.619686e-02,2.166977e-03,3.002815e-02,4.373590e-03,6.553734e-02,1.319212e-02,6.038455e-03,3.795588e-03,6.781999e-01,1.298975e-01,4.691683e-03,3.604234e-02,2.257938e-03
4.062702e-03,1.946677e-03,1.156388e-02,1.652819e-03,4.522012e-02,4.273393e-03,4.603249e-02,9.471252e-03,4.565113e-03,3.062977e-03,7.247356e-01,1.007586e-01,4.340593e-03,3.661408e-02,1.699754e-03
3.108879e-03,1.859676e-03,8.328019e-03,1.198636e-03,4.228775e-02,3.538073e-03,3.225797e-02,6.776322e-03,3.336173e-03,2.338951e-03,7.814666e-01,7.474377e-02,3.511346e-03,3.399827e-02,1.249503e-03
2.363990e-03,1.738664e-03,5.922442e-03,8.765992e-04,3.434377e-02,2.854534e-03,2.261235e-02,4.773271e-03,2.612391e-03,2.632504e-03,8.083760e-01,7.166140e-02,3.264098e-03,3.507016e-02,8.977928e-04
1.763283e-03,1.635089e-03,4.289885e-03,6.351741e-04,2.541135e-02,2.918497e-03,1.588067e-02,3.360214e-03,2.244057e-03,4.386479e-03,7.932392e-01,1.012065e-01,2.809972e-03,3.954934e-02,6.702266e-04
1.426551e-03,2.003058e-03,3.311245e-03,4.881146e-04,2.091132e-02,2.696100e-03,1.154251e-02,2.545279e-03,2.364845e-03,7.757616e-03,8.156344e-01,8.390448e-02,2.489645e-03,4.231000e-02,6.147638e-04
1.239512e-03,2.939799e-03,2.685779e-03,3.914455e-04,1.751803e-02,2.375296e-03,8.307057e-03,1.860107e-03,3.780778e-03,2.400335e-02,7.965995e-01,8.372231e-02,2.170133e-03,5.154634e-02,8.605549e-04
2.188064e-03,3.959749e-03,3.272570e-03,3.901368e-04,1.949041e-02,3.216813e-03,6.167616e-03,2.239019e-03,4.420682e-03,2.391439e-02,7.915313e-01,7.638653e-02,2.035700e-03,5.992372e-02,8.633325e-04
1.767158e-03,3.782674e-03,2.552131e-03,2.918774e-04,1.437387e-02,2.560855e-03,4.445600e-03,1.621831e-03,4.342642e-03,3.930549e-02,8.000557e-01,7.586254e-02,1.622129e-03,4.644495e-02,9.705770e-04
1.394232e-03,2.957388e-03,1.862227e-03,2.423598e-04,1.081195e-02,1.962674e-03,3.241360e-03,1.341745e-03,5.693389e-03,3.145988e-02,8.318727e-01,6.839507e-02,1.320254e-03,3.668747e-02,7.572840e-04
1.100530e-03,2.264678e-03,1.449292e-03,1.873076e-04,9.786936e-03,1.838786e-03,3.035347e-03,1.110090e-03,5.390731e-03,2.396805e-02,8.680182e-01,5.242755e-02,1.307760e-03,2.745171e-02,6.629695e-04
9.307516e-04,1.739442e-03,1.210204e-03,1.620117e-04,9.509340e-03,1.661632e-03,2.333489e-03,8.990853e-04,7.099257e-03,1.736189e-02,8.970919e-01,3.778510e-02,1.433610e-03,2.026116e-02,5.210525e-04
1.340176e-03,4.800164e-03,2.360996e-03,2.366347e-04,8.673033e-03,2.856523e-03,2.141599e-03,1.535967e-03,1.181166e-02,1.437309e-02,9.033663e-01,2.785070e-02,1.622177e-03,1.623108e-02,7.998839e-04
4.560422e-03,1.004928e-02,1.518442e-02,2.598762e-03,1.091971e-02,3.106852e-03,1.737894e-03,2.036609e-02,1.589259e-02,1.729924e-02,8.601210e-01,2.044706e-02,2.149342e-03,1.404090e-02,1.526451e-03
6.130166e-03,2.503046e-02,1.123943e-02,2.104901e-03,1.770751e-02,1.052367e-02,1.533960e-03,1.613992e-02,2.010496e-01,1.778910e-02,6.618662e-01,1.458843e-02,1.805924e-03,1.127791e-02,1.212762e-03
1.287861e-02,1.075692e-01,1.074342e-02,2.585870e-03,3.103800e-02,1.991800e-02,1.219437e-03,3.986788e-02,2.331651e-01,1.723976e-02,4.991650e-01,1.041261e-02,1.464284e-03,1.060021e-02,2.132635e-03
2.402291e-02,1.915138e-01,1.225961e-02,3.173824e-03,3.546526e-02,1.858148e-02,8.936917e-04,8.218462e-02,2.364867e-01,1.329316e-02,3.632241e-01,7.380875e-03,1.117285e-03,7.783563e-03,2.619038e-03
2.712557e-02,3.034046e-01,1.625356e-02,3.587421e-03,3.446015e-02,1.406797e-02,6.604552e-04,1.119109e-01,1.990951e-01,9.970034e-03,2.641339e-01,5.297880e-03,8.779595e-04,5.628956e-03,3.525595e-03
2.114012e-02,2.277465e-01,1.198596e-02,2.722918e-03,2.853460e-02,9.902894e-03,4.758950e-04,3.507935e-01,1.433692e-01,6.985565e-03,1.854975e-01,3.731094e-03,6.425591e-04,3.967118e-03,2.504576e-03
1.690149e-02,1.649759e-01,8.717174e-03,2.064366e-03,2.282133e-02,6.983732e-03,3.614333e-04,5.320615e-01,1.025628e-01,4.894041e-03,1.300074e-01,2.622368e-03,4.684646e-04,2.788617e-03,1.769371e-03
1.591704e-02,1.211312e-01,6.797614e-03,1.853846e-03,2.282646e-02,5.065788e-03,3.866476e-04,6.511648e-01,7.480917e-02,3.432139e-03,9.109742e-02,1.863711e-03,4.177974e-04,1.981229e-03,1.255227e-03
1.538363e-02,8.622930e-02,5.626876e-03,1.950091e-03,3.013258e-02,4.617384e-03,2.161834e-03,7.284453e-01,5.433762e-02,2.420882e-03,6.383376e-02,1.404980e-03,1.065575e-03,1.443096e-03,9.471466e-04
1.792286e-02,6.103924e-02,6.433904e-03,2.321120e-03,2.917212e-02,4.780268e-03,1.009867e-02,7.772263e-01,3.876153e-02,1.721617e-03,4.480790e-02,1.132899e-03,2.573212e-03,1.058384e-03,9.500493e-04
1.476085e-02,4.277604e-02,5.329528e-03,1.809993e-03,2.458563e-02,3.499845e-03,1.538274e-02,8.277862e-01,2.718381e-02,1.209412e-03,3.138375e-02,8.137658e-04,2.051237e-03,7.476709e-04,6.796618e-04
1.424440e-02,3.001547e-02,4.428851e-03,1.486069e-03,2.633425e-02,3.481744e-03,5.081734e-02,8.212179e-01,1.911196e-02,8.624307e-04,2.203401e-02,6.260010e-04,4.257946e-03,5.445875e-04,5.370924e-04
1.321030e-02,2.105201e-02,4.912558e-03,1.255096e-03,2.999441e-02,1.045955e-02,1.638092e-01,6.974093e-01,1.344409e-02,7.050650e-04,1.556804e-02,5.433277e-04,2.668865e-02,4.056509e-04,5.427891e-04
1.757006e-02,1.483560e-02,5.659264e-03,1.445653e-03,2.854458e-02,4.589615e-02,2.839273e-01,5.255073e-01,9.602922e-03,6.839051e-04,1.139483e-02,5.121183e-04,5.171670e-02,3.029248e-04,2.400715e-03
2.349099e-02,1.047934e-02,5.639231e-03,2.000073e-03,3.603029e-02,7.849412e-02,3.487772e-01,3.963669e-01,6.850901e-03,1.035811e-03,9.155672e-03,6.285778e-04,7.362157e-02,2.436428e-04,7.185695e-03
4.925818e-02,7.470976e-03,7.688173e-03,2.575574e-03,8.376171e-02,9.525831e-02,3.347031e-01,3.311942e-01,5.030047e-03,2.077485e-03,7.722449e-03,9.106654e-04,6.158922e-02,2.219770e-04,1.053798e-02
5.854797e-02,5.339395e-03,8.200135e-03,2.467753e-03,8.556061e-02,1.080047e-01,3.722157e-01,2.820072e-01,3.678215e-03,3.708868e-03,6.480966e-03,1.021851e-03,5.190785e-02,2.269454e-04,1.063179e-02
7.550323e-02,3.922195e-03,1.323197e-02,2.406387e-03,8.290976e-02,1.220978e-01,3.971533e-01,2.406710e-01,2.824305e-03,3.641831e-03,4.990291e-03,1.042299e-03,3.946292e-02,2.206595e-04,9.922087e-03
6.811152e-02,3.036777e-03,1.271679e-02,2.154365e-03,6.569584e-02,3.003910e-01,2.812048e-01,1.705474e-01,2.224521e-03,4.723819e-03,6.877942e-03,3.038899e-03,3.599862e-02,6.002450e-04,4.267746e-02
5.512177e-02,2.252418e-03,9.786043e-03,1.949273e-03,5.181213e-02,3.988273e-01,1.986976e-01,1.206997e-01,1.999188e-03,4.911151e-03,1.150634e-02,9.543874e-03,3.921625e-02,5.938147e-03,8.773873e-02
4.592456e-02,1.671903e-03,7.054420e-03,1.690247e-03,4.559631e-02,3.119814e-01,1.403279e-01,8.535362e-02,1.841442e-03,8.910838e-03,2.702709e-02,1.493719e-02,1.171141e-01,1.682394e-02,1.737451e-01
3.554865e-02,1.278629e-03,5.093392e-03,1.452417e-03,4.055304e-02,2.324006e-01,1.001732e-01,6.035107e-02,2.503247e-03,1.370540e-02,2.882482e-02,4.180531e-02,2.156043e-01,2.591424e-02,1.947917e-01
2.814889e-02,1.816869e-03,2.572075e-02,5.238953e-03,3.743808e-02,1.738393e-01,7.053673e-02,5.274659e-02,4.238296e-03,1.139135e-02,2.457236e-02,4.465315e-02,3.340220e-01,1.865661e-02,1.669800e-01
2.728955e-02,2.176601e-03,1.830581e-02,1.430315e-02,2.774198e-02,1.754397e-01,4.963790e-02,3.745622e-02,3.102889e-02,1.739015e-02,4.418950e-02,1.431069e-01,2.606802e-01,1.499897e-02,1.362545e-01
2.305124e-02,3.627173e-03,1.458072e-02,1.595816e-02,2.337938e-02,1.497423e-01,3.498090e-02,2.757191e-02,4.575213e-02,2.155630e-02,8.369717e-02,2.427376e-01,2.039187e-01,1.260797e-02,9.683843e-02
4.629493e-02,2.991505e-03,1.075326e-02,1.356600e-02,1.872623e-02,1.125480e-01,2.481285e-02,2.139555e-02,3.892715e-02,2.328184e-02,1.356460e-01,3.229070e-01,1.490349e-01,1.075423e-02,6.836058e-02
5.619431e-02,3.191309e-03,7.926503e-03,9.995677e-03,1.381258e-02,8.100716e-02,1.747244e-02,1.596345e-02,4.295646e-02,2.699990e-02,2.130237e-01,3.343075e-01,1.146235e-01,1.440287e-02,4.812271e-02
6.405667e-02,8.699915e-03,6.594601e-03,7.515406e-03,9.962358e-03,5.951319e-02,1.251858e-02,1.286709e-02,3.632697e-02,2.413148e-02,2.242075e-01,3.683435e-01,9.920275e-02,3.141282e-02,3.464713e-02
5.615652e-02,3.092999e-02,6.480962e-03,5.682654e-03,7.564467e-03,4.246669e-02,8.926848e-03,1.047675e-02,4.036618e-02,1.806330e-02,2.770477e-01,3.550274e-01,7.866489e-02,3.734380e-02,2.480180e-02
6.467123e-02,3.023223e-02,6.958005e-03,7.775893e-03,8.538177e-03,3.163044e-02,6.485814e-03,1.269653e-02,7.111616e-02,1.395397e-02,2.508606e-01,3.861679e-01,5.904419e-02,3.141270e-02,1.845616e-02
5.275192e-02,4.372282e-02,8.115697e-03,6.207902e-03,9.407101e-03,2.341068e-02,4.642424e-03,1.049663e-02,1.246023e-01,1.046942e-02,3.054897e-01,3.070287e-01,4.370612e-02,3.520237e-02,1.474633e-02
4.907150e-02,4.104664e-02,8.944502e-03,5.403353e-03,9.058304e-03,1.780087e-02,3.348657e-03,1.088293e-02,1.794827e-01,8.205619e-03,3.591792e-01,2.224497e-01,3.156100e-02,4.233836e-02,1.122673e-02
1.013922e-01,3.163035e-02,4.467963e-02,6.250992e-03,3.688142e-02,1.505170e-02,2.694618e-03,1.336853e-02,1.791294e-01,6.464586e-03,3.365475e-01,1.566547e-01,2.286452e-02,3.803215e-02,8.357752e-03
1.207129e-01,2.567369e-02,3.672236e-02,5.805559e-03,1.249275e-01,1.452542e-02,2.031887e-03,1.285365e-02,1.948435e-01,5.204655e-03,2.816853e-01,1.108783e-01,1.641122e-02,3.832145e-02,9.402644e-03
1.480333e-01,2.002589e-02,2.932496e-02,5.545789e-03,1.447060e-01,1.657158e-02,1.538080e-03,1.230608e-02,2.390794e-01,5.790518e-03,2.185426e-01,7.965401e-02,1.210583e-02,4.782845e-02,1.894756e-02
1.389522e-01,1.950591e-02,2.426289e-02,1.187927e-02,1.679763e-01,1.477368e-02,1.219195e-03,1.089352e-02,2.703046e-01,8.298211e-03,1.764160e-01,5.776392e-02,9.464287e-03,5.465069e-02,3.363923e-02
1.393617e-01,1.807529e-02,2.088759e-02,1.620173e-02,1.563865e-01,1.393982e-02,9.387827e-04,9.291805e-03,3.019153e-01,6.958976e-03,1.682133e-01,4.208490e-02,7.450675e-03,6.839445e-02,2.989922e-02
1.162602e-01,1.916478e-02,2.032308e-02,2.784542e-02,1.200985e-01,1.232179e-02,8.101241e-04,8.024542e-03,3.141388e-01,9.339954e-03,1.212165e-01,3.138566e-02,8.039289e-03,5.897203e-02,1.320594e-01
1.481318e-01,2.412296e-02,2.282418e-02,2.635452e-02,1.133436e-01,1.335782e-02,7.477576e-04,7.496458e-03,2.660535e-01,8.466732e-03,1.052072e-01,2.522212e-02,7.807489e-03,9.552187e-02,1.353420e-01
1.926211e-01,2.555867e-02,2.788099e-02,3.971756e-02,1.089383e-01,2.161417e-02,1.352195e-03,1.176257e-02,2.143837e-01,7.980973e-03,8.397233e-02,2.108701e-02,7.924125e-03,1.084649e-01,1.267415e-01
3.043332e-01,2.552943e-02,2.380732e-02,5.140779e-02,9.786156e-02,2.082872e-02,1.700311e-03,1.206746e-02,1.577158e-01,6.317437e-03,7.033415e-02,2.052849e-02,7.594783e-03,9.542313e-02,1.045504e-01
3.923562e-01,2.104611e-02,2.108774e-02,4.512306e-02,8.032025e-02,2.377799e-02,1.693531e-03,9.395475e-03,1.319623e-01,4.749937e-03,6.562029e-02,1.706131e-02,6.572088e-03,1.014412e-01,7.779254e-02
3.641343e-01,2.434742e-02,1.875813e-02,4.736659e-02,7.469098e-02,3.106055e-02,2.494733e-03,9.706078e-03,1.297816e-01,4.350029e-03,6.361672e-02,1.520086e-02,6.088512e-03,1.473402e-01,6.106325e-02
3.883573e-01,2.935764e-02,1.637788e-02,3.676311e-02,5.763574e-02,3.130326e-02,2.588477e-03,8.076241e-03,1.472246e-01,3.487959e-03,5.780682e-02,1.449352e-02,6.268643e-03,1.533876e-01,4.687120e-02
4.453973e-01,2.992468e-02,1.400568e-02,3.271616e-02,4.758330e-02,4.179372e-02,3.687034e-03,8.853564e-03,1.384284e-01,2.845825e-03,4.869765e-02,1.884730e-02,9.674577e-03,1.190434e-01,3.850148e-02
1.000000e+00,0.000000e+00,0.000000e+00,0.000000e+00,0.000000e+00,0.000000e+00,0.000000e+00,0.000000e+00,0.000000e+00,0.000000e+00,0.000000e+00,0.000000e+00,0.000000e+00,0.000000e+00,0.000000e+00
1.000000e+00,0.000000e+00,0.000000e+00,0.000000e+00,0.000000e+00,0.000000e+00,0.000000e+00,0.000000e+00,0.000000e+00,0.000000e+00,0.000000e+00,0.000000e+00,0.000000e+00,0.000000e+00,0.000000e+00
1.000000e+00,0.000000e+00,0.000000e+00,0.000000e+00,0.000000e+00,0.000000e+00,0.000000e+00,0.000000e+00,0.000000e+00,0.000000e+00,0.000000e+00,0.000000e+00,0.000000e+00,0.000000e+00,0.000000e+00
4.586123e-01,1.696546e-02,1.921190e-01,4.974388e-02,1.554113e-02,2.311617e-02,2.809682e-03,1.124579e-02,9.808750e-02,2.065931e-03,2.143526e-02,1.645771e-02,1.230876e-02,3.638712e-02,4.310429e-02
4.002572e-01,1.615054e-02,2.395610e-01,5.017456e-02,1.183250e-02,2.193511e-02,2.278339e-03,9.372156e-03,8.355069e-02,2.357318e-03,2.053627e-02,1.413977e-02,1.095042e-02,4.789273e-02,6.901145e-02
3.778915e-01,1.634632e-02,1.906947e-01,4.869092e-02,9.169214e-03,1.951741e-02,1.799736e-03,7.622044e-03,9.073575e-02,2.518382e-03,1.828165e-02,1.157956e-02,1.018683e-02,7.240568e-02,1.225603e-01
4.383379e-01,1.613766e-02,1.516831e-01,3.739393e-02,7.428143e-03,1.702630e-02,1.414361e-03,5.868232e-03,6.791045e-02,2.438323e-03,1.686683e-02,9.030796e-03,9.001834e-03,1.113974e-01,1.080647e-01
3.666123e-01,3.856466e-02,1.489214e-01,1.613238e-01,8.380551e-03,1.391178e-02,1.179849e-03,4.802953e-03,5.774410e-02,2.202225e-03,1.552937e-02,7.030549e-03,6.788551e-03,8.306514e-02,8.394275e-02
2.928109e-01,3.807075e-02,1.394294e-01,2.381379e-01,7.795801e-03,1.174806e-02,1.084485e-03,3.781258e-03,4.917974e-02,3.465453e-03,2.207980e-02,3.715761e-02,8.747777e-03,7.969978e-02,6.681131e-02
2.176849e-01,3.028173e-02,1.073012e-01,1.725148e-01,6.722310e-03,1.010111e-02,9.477308e-04,2.732884e-03,4.300214e-02,3.887755e-03,2.174569e-02,3.190055e-02,6.923154e-03,2.878989e-01,5.635526e-02
1.748422e-01,2.261617e-02,7.733698e-02,1.218612e-01,5.172268e-03,1.007444e-02,8.052244e-04,1.987339e-03,4.070666e-02,5.696176e-03,2.796759e-02,2.408104e-02,5.386677e-03,4.254886e-01,5.597746e-02
1.319499e-01,1.611477e-02,5.497009e-02,8.587778e-02,3.815809e-03,8.492257e-03,6.972519e-04,1.426248e-03,3.497477e-02,5.613335e-03,2.996468e-02,1.848567e-02,4.032909e-03,5.588227e-01,4.476184e-02
1.087037e-01,1.159358e-02,3.940868e-02,6.160379e-02,2.992312e-03,8.148232e-03,6.721329e-04,1.026670e-03,2.923704e-02,5.755391e-03,2.949321e-02,1.493702e-02,3.078662e-03,6.487050e-01,3.464456e-02
8.067852e-02,8.339095e-03,2.795409e-02,4.407272e-02,2.549315e-03,6.115145e-03,5.191300e-04,7.409264e-04,2.911790e-02,7.583027e-03,3.047024e-02,1.148017e-02,2.264306e-03,7.223542e-01,2.576115e-02
6.156814e-02,6.333671e-03,2.030215e-02,3.308884e-02,2.797633e-03,4.949393e-03,4.617729e-04,5.957865e-04,3.331713e-02,1.354384e-02,3.242267e-02,9.028208e-03,1.757939e-03,7.568873e-01,2.294546e-02
5.198001e-02,5.115260e-03,1.486500e-02,2.378763e-02,2.733656e-03,4.036014e-03,4.185040e-04,6.548684e-04,5.867369e-02,1.916691e-02,4.353698e-02,7.376510e-03,1.410288e-03,7.471652e-01,1.907941e-02
4.630655e-02,4.403938e-03,1.168810e-02,1.795642e-02,3.494617e-03,4.220489e-03,5.004338e-04,1.052625e-03,1.455721e-01,2.140857e-02,5.043755e-02,6.166756e-03,1.343559e-03,6.700251e-01,1.542316e-02
5.332500e-02,3.992488e-03,1.073820e-02,2.374698e-02,3.433639e-03,6.094324e-03,6.005186e-04,1.398778e-03,2.000100e-01,1.870396e-02,5.465686e-02,5.847173e-03,1.656085e-03,5.987675e-01,1.702844e-02
4.958448e-02,3.068362e-03,8.783697e-03,1.834698e-02,4.434170e-03,5.768333e-03,6.113774e-04,1.908545e-03,2.533973e-01,1.423012e-02,4.616628e-02,5.147394e-03,1.749590e-03,5.742255e-01,1.257775e-02
3.833147e-02,2.476397e-03,6.527096e-03,1.468135e-02,3.692116e-03,4.984569e-03,4.819912e-04,1.733340e-03,2.817346e-01,1.168549e-02,5.107292e-02,5.062453e-03,1.880525e-03,5.651332e-01,1.052248e-02
2.785803e-02,2.344040e-03,5.094825e-03,1.194221e-02,2.973988e-03,4.543348e-03,3.931395e-04,1.394800e-03,3.480980e-01,1.187442e-02,4.883116e-02,4.467415e-03,1.544167e-03,5.204632e-01,8.177218e-03
1.995678e-02,3.359611e-03,5.984968e-03,8.866509e-03,2.617072e-03,4.539794e-03,3.035951e-04,1.082927e-03,4.399587e-01,9.526998e-03,3.956776e-02,3.538663e-03,1.213439e-03,4.528179e-01,6.665292e-03
1.497103e-02,5.534011e-03,8.381143e-03,1.267800e-02,2.523908e-03,2.360596e-02,4.482339e-04,3.127307e-03,5.531287e-01,9.057826e-03,3.099367e-02,2.544331e-03,9.871122e-04,3.241322e-01,7.886544e-03
1.411042e-02,6.722271e-03,1.785005e-02,7.044853e-02,5.087761e-03,7.569653e-02,5.138559e-04,4.083614e-03,5.324332e-01,8.221593e-03,2.316954e-02,1.882244e-03,8.575530e-04,2.278620e-01,1.106087e-02
3.071724e-02,5.959339e-03,2.033335e-02,7.840782e-02,7.440302e-03,1.017562e-01,5.273939e-04,4.073225e-03,5.482234e-01,7.967891e-03,1.700208e-02,1.375228e-03,6.999930e-04,1.626508e-01,1.286560e-02
3.073453e-02,6.829067e-03,2.955501e-02,9.671398e-02,7.835113e-03,8.399940e-02,3.988191e-04,3.635886e-03,5.894226e-01,6.658026e-03,1.235502e-02,1.040948e-03,6.410964e-04,1.144460e-01,1.573446e-02
4.490210e-02,7.415838e-03,2.663569e-02,7.986936e-02,9.327533e-03,6.956707e-02,3.162034e-04,5.047687e-03,6.429929e-01,6.027631e-03,9.327263e-03,8.629883e-04,6.050223e-04,8.170515e-02,1.539761e-02
6.172212e-02,1.489209e-02,2.258245e-02,6.780300e-02,1.287412e-02,6.264791e-02,2.770302e-04,6.093726e-03,6.298878e-01,5.298123e-03,1.110103e-02,6.667344e-04,6.493352e-04,8.096263e-02,2.254191e-02
5.935643e-02,1.137334e-02,1.775782e-02,5.647625e-02,1.123514e-02,4.540323e-02,2.219640e-04,4.963650e-03,6.936706e-01,4.357193e-03,9.973173e-03,4.932451e-04,5.368671e-04,6.463514e-02,1.954604e-02
5.648661e-02,8.391242e-03,1.360590e-02,4.673041e-02,8.782241e-03,3.287314e-02,1.913219e-04,3.673924e-03,7.478045e-01,3.598121e-03,8.894043e-03,3.678443e-04,4.672621e-04,4.999315e-02,1.814030e-02
6.215028e-02,7.312499e-03,3.470282e-02,9.820375e-02,1.286158e-02,2.760035e-02,2.789603e-04,8.893117e-03,6.698233e-01,3.801688e-03,1.194026e-02,3.033580e-04,4.829944e-04,4.163576e-02,2.000926e-02
8.661888e-02,6.043039e-03,3.242823e-02,7.487511e-02,1.333995e-02,3.244705e-02,2.630648e-04,7.696760e-03,6.540225e-01,3.367644e-03,2.499314e-02,2.893617e-04,5.875212e-04,4.273383e-02,2.029395e-02
1.228900e-01,7.041059e-03,2.664343e-02,7.499179e-02,2.336016e-02,3.803805e-02,8.138833e-04,7.639873e-03,5.520133e-01,3.250258e-03,2.551050e-02,6.560701e-04,1.198262e-03,9.684420e-02,1.910915e-02
1.518206e-01,1.901699e-02,3.813721e-02,1.101981e-01,3.421650e-02,4.367331e-02,1.416926e-03,1.190244e-02,4.566928e-01,4.915140e-03,2.015930e-02,1.448250e-03,1.595549e-03,7.684996e-02,2.795696e-02
1.435306e-01,2.683256e-02,7.551166e-02,9.982631e-02,3.412772e-02,4.036171e-02,1.415648e-03,1.295308e-02,3.677007e-01,3.861831e-02,1.595701e-02,1.648607e-03,1.915607e-03,5.735849e-02,8.224198e-02
1.014839e-01,2.732885e-02,8.161812e-02,7.619706e-02,2.420601e-02,2.908080e-02,1.018741e-03,9.322484e-03,2.842221e-01,3.603873e-02,2.821917e-02,6.106483e-03,2.419147e-03,6.552702e-02,2.272113e-01
7.277770e-02,2.707119e-02,6.435359e-02,5.545706e-02,1.717671e-02,2.121610e-02,7.544011e-04,6.868481e-03,2.183683e-01,4.102728e-02,6.813542e-02,1.330998e-02,3.702357e-03,8.470830e-02,3.050731e-01
5.258365e-02,2.119675e-02,4.736779e-02,4.011950e-02,1.217231e-02,1.574735e-02,5.567653e-04,5.057884e-03,1.666907e-01,3.264858e-02,2.046933e-01,2.761127e-02,4.319971e-03,1.019743e-01,2.672598e-01
3.729849e-02,1.663400e-02,3.662413e-02,2.888253e-02,8.632162e-03,1.196541e-02,6.050669e-04,3.855988e-03,1.229522e-01,3.137773e-02,3.309923e-01,2.463198e-02,3.618042e-03,1.534244e-01,1.885056e-01
2.687519e-02,1.280284e-02,2.594652e-02,2.135793e-02,7.243850e-03,9.165030e-03,5.506538e-04,3.202421e-03,9.136335e-02,2.425975e-02,4.250125e-01,2.422761e-02,3.493617e-03,1.900131e-01,1.344857e-01
1.899735e-02,9.293264e-03,1.820198e-02,1.512350e-02,5.907722e-03,6.868536e-03,4.847656e-04,2.411424e-03,6.484995e-02,1.737165e-02,5.636010e-01,2.042538e-02,2.943311e-03,1.592927e-01,9.422743e-02
1.344588e-02,6.634586e-03,1.279816e-02,1.073207e-02,4.547773e-03,5.187326e-03,3.818902e-04,1.852865e-03,4.649939e-02,1.271906e-02,6.293668e-01,2.034612e-02,2.573744e-03,1.668942e-01,6.602007e-02
9.521827e-03,4.981342e-03,8.993389e-03,7.724092e-03,4.009305e-03,4.100957e-03,3.037944e-04,1.408718e-03,3.491163e-02,9.830198e-03,7.038244e-01,1.677464e-02,2.384578e-03,1.449422e-01,4.628891e-02
6.737569e-03,3.571938e-03,6.335477e-03,5.442777e-03,3.062474e-03,3.059020e-03,2.297118e-04,1.037836e-03,2.467573e-02,7.118375e-03,7.673238e-01,1.336278e-02,1.900276e-03,1.237073e-01,3.243494e-02
4.783600e-03,2.584842e-03,4.463001e-03,3.850261e-03,2.428498e-03,2.359898e-03,1.724463e-04,7.659139e-04,1.758806e-02,5.354875e-03,8.054326e-01,1.225065e-02,1.472354e-03,1.137673e-01,2.272576e-02
3.638837e-03,2.926186e-03,4.054464e-03,2.857843e-03,3.388645e-03,2.276216e-03,6.151736e-04,8.832982e-04,1.515100e-02,5.722893e-03,7.947454e-01,1.369900e-02,1.255185e-03,1.326851e-01,1.610070e-02
2.774894e-03,3.214149e-03,3.314517e-03,2.102803e-03,2.933027e-03,1.936144e-03,6.028739e-04,8.513952e-04,1.151528e-02,5.232181e-03,8.100573e-01,1.378479e-02,1.093138e-03,1.292178e-01,1.136970e-02
