1.000000e+00,0.000000e+00,0.000000e+00,0.000000e+00,0.000000e+00,0.000000e+00,0.000000e+00,0.000000e+00,0.000000e+00,0.000000e+00,0.000000e+00,0.000000e+00,0.000000e+00,0.000000e+00,0.000000e+00
1.000000e+00,0.000000e+00,0.000000e+00,0.000000e+00,0.000000e+00,0.000000e+00,0.000000e+00,0.000000e+00,0.000000e+00,0.000000e+00,0.000000e+00,0.000000e+00,0.000000e+00,0.000000e+00,0.000000e+00
1.000000e+00,0.000000e+00,0.000000e+00,0.000000e+00,0.000000e+00,0.000000e+00,0.000000e+00,0.000000e+00,0.000000e+00,0.000000e+00,0.000000e+00,0.000000e+00,0.000000e+00,0.000000e+00,0.000000e+00
1.000000e+00,0.000000e+00,0.000000e+00,0.000000e+00,0.000000e+00,0.000000e+00,0.000000e+00,0.000000e+00,0.000000e+00,0.000000e+00,0.000000e+00,0.000000e+00,0.000000e+00,0.000000e+00,0.000000e+00
1.000000e+00,0.000000e+00,0.000000e+00,0.000000e+00,0.000000e+00,0.000000e+00,0.000000e+00,0.000000e+00,0.000000e+00,0.000000e+00,0.000000e+00,0.000000e+00,0.000000e+00,0.000000e+00,0.000000e+00
1.000000e+00,0.000000e+00,0.000000e+00,0.000000e+00,0.000000e+00,0.000000e+00,0.000000e+00,0.000000e+00,0.000000e+00,0.000000e+00,0.000000e+00,0.000000e+00,0.000000e+00,0.000000e+00,0.000000e+00
1.000000e+00,0.000000e+00,0.000000e+00,0.000000e+00,0.000000e+00,0.000000e+00,0.000000e+00,0.000000e+00,0.000000e+00,0.000000e+00,0.000000e+00,0.000000e+00,0.000000e+00,0.000000e+00,0.000000e+00
1.000000e+00,0.000000e+00,0.000000e+00,0.000000e+00,0.000000e+00,0.000000e+00,0.000000e+00,0.000000e+00,0.000000e+00,0.000000e+00,0.000000e+00,0.000000e+00,0.000000e+00,0.000000e+00,0.000000e+00
1.000000e+00,0.000000e+00,0.000000e+00,0.000000e+00,0.000000e+00,0.000000e+00,0.000000e+00,0.000000e+00,0.000000e+00,0.000000e+00,0.000000e+00,0.000000e+00,0.000000e+00,0.000000e+00,0.000000e+00
1.000000e+00,0.000000e+00,0.000000e+00,0.000000e+00,0.000000e+00,0.000000e+00,0.000000e+00,0.000000e+00,0.000000e+00,0.000000e+00,0.000000e+00,0.000000e+00,0.000000e+00,0.000000e+00,0.000000e+00
1.000000e+00,0.000000e+00,0.000000e+00,0.000000e+00,0.000000e+00,0.000000e+00,0.000000e+00,0.000000e+00,0.000000e+00,0.000000e+00,0.000000e+00,0.000000e+00,0.000000e+00,0.000000e+00,0.000000e+00
1.000000e+00,0.000000e+00,0.000000e+00,0.000000e+00,0.000000e+00,0.000000e+00,0.000000e+00,0.000000e+00,0.000000e+00,0.000000e+00,0.000000e+00,0.000000e+00,0.000000e+00,0.000000e+00,0.000000e+00
1.000000e+00,0.000000e+00,0.000000e+00,0.000000e+00,0.000000e+00,0.000000e+00,0.000000e+00,0.000000e+00,0.000000e+00,0.000000e+00,0.000000e+00,0.000000e+00,0.000000e+00,0.000000e+00,0.000000e+00
1.000000e+00,0.000000e+00,0.000000e+00,0.000000e+00,0.000000e+00,0.000000e+00,0.000000e+00,0.000000e+00,0.000000e+00,0.000000e+00,0.000000e+00,0.000000e+00,0.000000e+00,0.000000e+00,0.000000e+00
1.000000e+00,0.000000e+00,0.000000e+00,0.000000e+00,0.000000e+00,0.000000e+00,0.000000e+00,0.000000e+00,0.000000e+00,0.000000e+00,0.000000e+00,0.000000e+00,0.000000e+00,0.000000e+00,0.000000e+00
1.000000e+00,0.000000e+00,0.000000e+00,0.000000e+00,0.000000e+00,0.000000e+00,0.000000e+00,0.000000e+00,0.000000e+00,0.000000e+00,0.000000e+00,0.000000e+00,0.000000e+00,0.000000e+00,0.000000e+00
1.000000e+00,0.000000e+00,0.000000e+00,0.000000e+00,0.000000e+00,0.000000e+00,0.000000e+00,0.000000e+00,0.000000e+00,0.000000e+00,0.000000e+00,0.000000e+00,0.000000e+00,0.000000e+00,0.000000e+00
1.000000e+00,0.000000e+00,0.000000e+00,0.000000e+00,0.000000e+00,0.000000e+00,0.000000e+00,0.000000e+00,0.000000e+00,0.000000e+00,0.000000e+00,0.000000e+00,0.000000e+00,0.000000e+00,0.000000e+00
1.000000e+00,0.000000e+00,0.000000e+00,0.000000e+00,0.000000e+00,0.000000e+00,0.000000e+00,0.000000e+00,0.000000e+00,0.000000e+00,0.000000e+00,0.000000e+00,0.000000e+00,0.000000e+00,0.000000e+00
1.000000e+00,0.000000e+00,0.000000e+00,0.000000e+00,0.000000e+00,0.000000e+00,0.000000e+00,0.000000e+00,0.000000e+00,0.000000e+00,0.000000e+00,0.000000e+00,0.000000e+00,0.000000e+00,0.000000e+00
1.000000e+00,0.000000e+00,0.000000e+00,0.000000e+00,0.000000e+00,0.000000e+00,0.000000e+00,0.000000e+00,0.000000e+00,0.000000e+00,0.000000e+00,0.000000e+00,0.000000e+00,0.000000e+00,0.000000e+00
1.000000e+00,0.000000e+00,0.000000e+00,0.000000e+00,0.000000e+00,0.000000e+00,0.000000e+00,0.000000e+00,0.000000e+00,0.000000e+00,0.000000e+00,0.000000e+00,0.000000e+00,0.000000e+00,0.000000e+00
1.000000e+00,0.000000e+00,0.000000e+00,0.000000e+00,0.000000e+00,0.000000e+00,0.000000e+00,0.000000e+00,0.000000e+00,0.000000e+00,0.000000e+00,0.000000e+00,0.000000e+00,0.000000e+00,0.000000e+00
1.000000e+00,0.000000e+00,0.000000e+00,0.000000e+00,0.000000e+00,0.000000e+00,0.000000e+00,0.000000e+00,0.000000e+00,0.000000e+00,0.000000e+00,0.000000e+00,0.000000e+00,0.000000e+00,0.000000e+00
1.000000e+00,0.000000e+00,0.000000e+00,0.000000e+00,0.000000e+00,0.000000e+00,0.000000e+00,0.000000e+00,0.000000e+00,0.000000e+00,0.000000e+00,0.000000e+00,0.000000e+00,0.000000e+00,0.000000e+00
1.000000e+00,0.000000e+00,0.000000e+00,0.000000e+00,0.000000e+00,0.000000e+00,0.000000e+00,0.000000e+00,0.000000e+00,0.000000e+00,0.000000e+00,0.000000e+00,0.000000e+00,0.000000e+00,0.000000e+00
1.000000e+00,0.000000e+00,0.000000e+00,0.000000e+00,0.000000e+00,0.000000e+00,0.000000e+00,0.000000e+00,0.000000e+00,0.000000e+00,0.000000e+00,0.000000e+00,0.000000e+00,0.000000e+00,0.000000e+00
1.000000e+00,0.000000e+00,0.000000e+00,0.000000e+00,0.000000e+00,0.000000e+00,0.000000e+00,0.000000e+00,0.000000e+00,0.000000e+00,0.000000e+00,0.000000e+00,0.000000e+00,0.000000e+00,0.000000e+00
1.000000e+00,0.000000e+00,0.000000e+00,0.000000e+00,0.000000e+00,0.000000e+00,0.000000e+00,0.000000e+00,0.000000e+00,0.000000e+00,0.000000e+00,0.000000e+00,0.000000e+00,0.000000e+00,0.000000e+00
1.000000e+00,0.000000e+00,0.000000e+00,0.000000e+00,0.000000e+00,0.000000e+00,0.000000e+00,0.000000e+00,0.000000e+00,0.000000e+00,0.000000e+00,0.000000e+00,0.000000e+00,0.000000e+00,0.000000e+00
1.000000e+00,0.000000e+00,0.000000e+00,0.000000e+00,0.000000e+00,0.000000e+00,0.000000e+00,0.000000e+00,0.000000e+00,0.000000e+00,0.000000e+00,0.000000e+00,0.000000e+00,0.000000e+00,0.000000e+00
1.000000e+00,0.000000e+00,0.000000e+00,0.000000e+00,0.000000e+00,0.000000e+00,0.000000e+00,0.000000e+00,0.000000e+00,0.000000e+00,0.000000e+00,0.000000e+00,0.000000e+00,0.000000e+00,0.000000e+00
1.000000e+00,0.000000e+00,0.000000e+00,0.000000e+00,0.000000e+00,0.000000e+00,0.000000e+00,0.000000e+00,0.000000e+00,0.000000e+00,0.000000e+00,0.000000e+00,0.000000e+00,0.000000e+00,0.000000e+00
1.000000e+00,0.000000e+00,0.000000e+00,0.000000e+00,0.000000e+00,0.000000e+00,0.000000e+00,0.000000e+00,0.000000e+00,0.000000e+00,0.000000e+00,0.000000e+00,0.000000e+00,0.000000e+00,0.000000e+00
1.000000e+00,0.000000e+00,0.000000e+00,0.000000e+00,0.000000e+00,0.000000e+00,0.000000e+00,0.000000e+00,0.000000e+00,0.000000e+00,0.000000e+00,0.000000e+00,0.000000e+00,0.000000e+00,0.000000e+00
1.000000e+00,0.000000e+00,0.000000e+00,0.000000e+00,0.000000e+00,0.000000e+00,0.000000e+00,0.000000e+00,0.000000e+00,0.000000e+00,0.000000e+00,0.000000e+00,0.000000e+00,0.000000e+00,0.000000e+00
1.000000e+00,0.000000e+00,0.000000e+00,0.000000e+00,0.000000e+00,0.000000e+00,0.000000e+00,0.000000e+00,0.000000e+00,0.000000e+00,0.000000e+00,0.000000e+00,0.000000e+00,0.000000e+00,0.000000e+00
1.000000e+00,0.000000e+00,0.000000e+00,0.000000e+00,0.000000e+00,0.000000e+00,0.000000e+00,0.000000e+00,0.000000e+00,0.000000e+00,0.000000e+00,0.000000e+00,0.000000e+00,0.000000e+00,0.000000e+00
1.000000e+00,0.000000e+00,0.000000e+00,0.000000e+00,0.000000e+00,0.000000e+00,0.000000e+00,0.000000e+00,0.000000e+00,0.000000e+00,0.000000e+00,0.000000e+00,0.000000e+00,0.000000e+00,0.000000e+00
1.000000e+00,0.000000e+00,0.000000e+00,0.000000e+00,0.000000e+00,0.000000e+00,0.000000e+00,0.000000e+00,0.000000e+00,0.000000e+00,0.000000e+00,0.000000e+00,0.000000e+00,0.000000e+00,0.000000e+00
1.000000e+00,0.000000e+00,0.000000e+00,0.000000e+00,0.000000e+00,0.000000e+00,0.000000e+00,0.000000e+00,0.000000e+00,0.000000e+00,0.000000e+00,0.000000e+00,0.000000e+00,0.000000e+00,0.000000e+00
1.000000e+00,0.000000e+00,0.000000e+00,0.000000e+00,0.000000e+00,0.000000e+00,0.000000e+00,0.000000e+00,0.000000e+00,0.000000e+00,0.000000e+00,0.000000e+00,0.000000e+00,0.000000e+00,0.000000e+00
1.000000e+00,0.000000e+00,0.000000e+00,0.000000e+00,0.000000e+00,0.000000e+00,0.000000e+00,0.000000e+00,0.000000e+00,0.000000e+00,0.000000e+00,0.000000e+00,0.000000e+00,0.000000e+00,0.000000e+00
1.000000e+00,0.000000e+00,0.000000e+00,0.000000e+00,0.000000e+00,0.000000e+00,0.000000e+00,0.000000e+00,0.000000e+00,0.000000e+00,0.000000e+00,0.000000e+00,0.000000e+00,0.000000e+00,0.000000e+00
1.000000e+00,0.000000e+00,0.000000e+00,0.000000e+00,0.000000e+00,0.000000e+00,0.000000e+00,0.000000e+00,0.000000e+00,0.000000e+00,0.000000e+00,0.000000e+00,0.000000e+00,0.000000e+00,0.000000e+00
1.000000e+00,0.000000e+00,0.000000e+00,0.000000e+00,0.000000e+00,0.000000e+00,0.000000e+00,0.000000e+00,0.000000e+00,0.000000e+00,0.000000e+00,0.000000e+00,0.000000e+00,0.000000e+00,0.000000e+00
1.000000e+00,0.000000e+00,0.000000e+00,0.000000e+00,0.000000e+00,0.000000e+00,0.000000e+00,0.000000e+00,0.000000e+00,0.000000e+00,0.000000e+00,0.000000e+00,0.000000e+00,0.000000e+00,0.000000e+00
1.000000e+00,0.000000e+00,0.000000e+00,0.000000e+00,0.000000e+00,0.000000e+00,0.000000e+00,0.000000e+00,0.000000e+00,0.000000e+00,0.000000e+00,0.000000e+00,0.000000e+00,0.000000e+00,0.000000e+00
1.000000e+00,0.000000e+00,0.000000e+00,0.000000e+00,0.000000e+00,0.000000e+00,0.000000e+00,0.000000e+00,0.000000e+00,0.000000e+00,0.000000e+00,0.000000e+00,0.000000e+00,0.000000e+00,0.000000e+00
1.000000e+00,0.000000e+00,0.000000e+00,0.000000e+00,0.000000e+00,0.000000e+00,0.000000e+00,0.000000e+00,0.000000e+00,0.000000e+00,0.000000e+00,0.000000e+00,0.000000e+00,0.000000e+00,0.000000e+00
1.000000e+00,0.000000e+00,0.000000e+00,0.000000e+00,0.000000e+00,0.000000e+00,0.000000e+00,0.000000e+00,0.000000e+00,0.000000e+00,0.000000e+00,0.000000e+00,0.000000e+00,0.000000e+00,0.000000e+00
1.000000e+00,0.000000e+00,0.000000e+00,0.000000e+00,0.000000e+00,0.000000e+00,0.000000e+00,0.000000e+00,0.000000e+00,0.000000e+00,0.000000e+00,0.000000e+00,0.000000e+00,0.000000e+00,0.000000e+00
1.000000e+00,0.000000e+00,0.000000e+00,0.000000e+00,0.000000e+00,0.000000e+00,0.000000e+00,0.000000e+00,0.000000e+00,0.000000e+00,0.000000e+00,0.000000e+00,0.000000e+00,0.000000e+00,0.000000e+00
1.000000e+00,0.000000e+00,0.000000e+00,0.000000e+00,0.000000e+00,0.000000e+00,0.000000e+00,0.000000e+00,0.000000e+00,0.000000e+00,0.000000e+00,0.000000e+00,0.000000e+00,0.000000e+00,0.000000e+00
1.000000e+00,0.000000e+00,0.000000e+00,0.000000e+00,0.000000e+00,0.000000e+00,0.000000e+00,0.000000e+00,0.000000e+00,0.000000e+00,0.000000e+00,0.000000e+00,0.000000e+00,0.000000e+00,0.000000e+00
1.000000e+00,0.000000e+00,0.000000e+00,0.000000e+00,0.000000e+00,0.000000e+00,0.000000e+00,0.000000e+00,0.000000e+00,0.000000e+00,0.000000e+00,0.000000e+00,0.000000e+00,0.000000e+00,0.000000e+00
4.807216e-01,2.496273e-02,2.234675e-02,3.361851e-02,7.450885e-02,1.789787e-01,6.099841e-02,4.197446e-02,5.183346e-03,2.315656e-03,9.140513e-03,2.407979e-02,2.370763e-02,2.652172e-03,1.481090e-02
3.454489e-01,1.943554e-02,1.663488e-02,2.452743e-02,1.867747e-01,1.475691e-01,1.522656e-01,4.160462e-02,3.895609e-03,4.093153e-03,6.944962e-03,1.719140e-02,1.950952e-02,2.182030e-03,1.192258e-02
2.419808e-01,1.402003e-02,1.178874e-02,1.773855e-02,1.397262e-01,1.102433e-01,3.637694e-01,2.928393e-02,2.911147e-03,1.847731e-02,5.633051e-03,1.251238e-02,1.799808e-02,1.567449e-03,1.234981e-02
1.705865e-01,1.006868e-02,8.332831e-03,1.267180e-02,1.019570e-01,8.167657e-02,4.935617e-01,2.078561e-02,2.580609e-03,3.058405e-02,1.215150e-02,1.447044e-02,2.147610e-02,1.700797e-03,1.739583e-02
1.230918e-01,7.271341e-03,5.878889e-03,9.301611e-03,7.253017e-02,6.006249e-02,4.514676e-01,1.516461e-02,3.864499e-03,4.520923e-02,3.262165e-02,1.255977e-01,2.949701e-02,2.661726e-03,1.577980e-02
9.023219e-02,5.178786e-03,4.134434e-03,6.781445e-03,5.203724e-02,4.319953e-02,3.749819e-01,1.093593e-02,3.194125e-03,4.261527e-02,5.238920e-02,2.582045e-01,3.939508e-02,3.852519e-03,1.286788e-02
7.265976e-02,3.873627e-03,2.985289e-03,5.184177e-03,3.728082e-02,3.351908e-02,3.201749e-01,8.148115e-03,3.838891e-03,3.362498e-02,1.195530e-01,2.862591e-01,4.976005e-02,1.302298e-02,1.011520e-02
5.665759e-02,2.968711e-03,2.233074e-03,4.142622e-03,2.658513e-02,2.702397e-02,2.440902e-01,6.316355e-03,7.576202e-03,2.466980e-02,1.428921e-01,3.169375e-01,1.105432e-01,1.866372e-02,8.699807e-03
4.092408e-02,4.628994e-03,4.815041e-03,4.633602e-03,2.255680e-02,1.926657e-02,1.720251e-01,4.984382e-03,2.405791e-02,2.132024e-02,1.587932e-01,3.110370e-01,1.658421e-01,3.666749e-02,8.447427e-03
2.940444e-02,4.753679e-03,3.865541e-03,9.624342e-03,2.328481e-02,1.540453e-02,1.217397e-01,5.302520e-03,3.891487e-02,2.428005e-02,1.539312e-01,3.154521e-01,1.572496e-01,8.826293e-02,8.529670e-03
2.084854e-02,4.181173e-03,4.870933e-03,1.067539e-02,1.814280e-02,1.173870e-02,8.562773e-02,4.230663e-03,4.561205e-02,4.024769e-02,1.319996e-01,3.801464e-01,1.259377e-01,1.072359e-01,8.504787e-03
1.469413e-02,3.226697e-03,4.100842e-03,8.481337e-03,1.383762e-02,8.371633e-03,6.023286e-02,3.317000e-03,1.001755e-01,4.121600e-02,1.041005e-01,3.130632e-01,9.956923e-02,2.135533e-01,1.206014e-02
1.075249e-02,6.904879e-03,4.163639e-02,2.303785e-02,2.923676e-02,7.799483e-03,4.400716e-02,4.814160e-03,1.259826e-01,3.538870e-02,9.598430e-02,3.118843e-01,7.972221e-02,1.705494e-01,1.229930e-02
1.132896e-02,6.795091e-03,3.301486e-02,5.497447e-02,2.999639e-02,8.973930e-03,3.119054e-02,4.918015e-03,1.887881e-01,3.302043e-02,7.210229e-02,2.454942e-01,6.629586e-02,1.932562e-01,1.985074e-02
1.234367e-02,6.323054e-03,2.516712e-02,4.721609e-02,2.802855e-02,8.492555e-03,2.228623e-02,4.610267e-03,1.895760e-01,3.682470e-02,6.860563e-02,2.114456e-01,9.377119e-02,2.199344e-01,2.537493e-02
1.071510e-02,5.294917e-03,1.996210e-02,5.399449e-02,2.356767e-02,8.680384e-03,1.577770e-02,3.845584e-03,1.713015e-01,4.203209e-02,9.955817e-02,1.984150e-01,1.556950e-01,1.659660e-01,2.519435e-02
9.698608e-03,5.372409e-03,1.796047e-02,5.871232e-02,2.710866e-02,1.039267e-02,1.123423e-02,3.484471e-03,1.383372e-01,3.206528e-02,1.101811e-01,2.084856e-01,2.165235e-01,1.217194e-01,2.872412e-02
1.397896e-02,5.757506e-03,1.597411e-02,4.681401e-02,2.546425e-02,1.369457e-02,8.037521e-03,2.799417e-03,1.015708e-01,2.439301e-02,1.119645e-01,2.846672e-01,2.174060e-01,9.260667e-02,3.487152e-02
1.670632e-02,7.790663e-03,1.283858e-02,4.030858e-02,2.253437e-02,2.129964e-02,6.058219e-03,3.598502e-03,1.222554e-01,2.312350e-02,8.812069e-02,2.268579e-01,1.814658e-01,9.878005e-02,1.282617e-01
1.749863e-02,7.506798e-03,9.948416e-03,3.274934e-02,2.027518e-02,3.391920e-02,5.141026e-03,5.153486e-03,9.419978e-02,1.884789e-02,7.151715e-02,3.564603e-01,1.521379e-01,7.764510e-02,9.699993e-02
2.537775e-02,6.444610e-03,7.478852e-03,2.430430e-02,1.852811e-02,3.028374e-02,4.703369e-03,5.604801e-03,6.904227e-02,1.393808e-02,5.578042e-02,4.754761e-01,1.362047e-01,5.729168e-02,6.954128e-02
3.270105e-02,4.985105e-03,5.510043e-03,1.877952e-02,1.402162e-02,3.327396e-02,4.637679e-03,5.469169e-03,5.132291e-02,1.034273e-02,4.469645e-02,5.696227e-01,1.103408e-01,4.337498e-02,5.092134e-02
3.033133e-02,3.620149e-03,3.988858e-03,1.367358e-02,1.039098e-02,2.927214e-02,3.672159e-03,4.703023e-03,3.701603e-02,7.525454e-03,3.421302e-02,6.701452e-01,8.290702e-02,3.215600e-02,3.638515e-02
3.430717e-02,2.823680e-03,3.263029e-03,9.798088e-03,8.115169e-03,2.177100e-02,2.935539e-03,4.526080e-03,2.684836e-02,7.090650e-03,2.575670e-02,7.407045e-01,6.241119e-02,2.381489e-02,2.583397e-02
3.323302e-02,3.296035e-03,3.293641e-03,7.025501e-03,6.283846e-03,1.607907e-02,2.196130e-03,4.582629e-03,2.154976e-02,5.543205e-03,1.885324e-02,7.947962e-01,4.766752e-02,1.714505e-02,1.845525e-02
3.589512e-02,4.140942e-03,3.745102e-03,5.060087e-03,5.256430e-03,1.221102e-02,1.743266e-03,5.448247e-03,1.879938e-02,4.211962e-03,1.382293e-02,8.255998e-01,3.841083e-02,1.246039e-02,1.319454e-02
3.851128e-02,4.863312e-03,5.347484e-03,3.685824e-03,5.169363e-03,9.590894e-03,1.793335e-03,8.406733e-03,1.785665e-02,3.549149e-03,1.045748e-02,8.378255e-01,3.288344e-02,1.041829e-02,9.641250e-03
4.319069e-02,4.976262e-03,5.825617e-03,2.726142e-03,4.711498e-03,7.811147e-03,2.036761e-03,8.798876e-03,1.469407e-02,2.865583e-03,7.838746e-03,8.493115e-01,2.891714e-02,8.770051e-03,7.525916e-03
6.453800e-02,7.015900e-03,7.975227e-03,2.389305e-03,4.508324e-03,1.231014e-02,2.110306e-03,9.569669e-03,1.223214e-02,2.278439e-03,7.277645e-03,7.552290e-01,9.158158e-02,1.266305e-02,8.321303e-03
6.043391e-02,5.586725e-03,6.325615e-03,1.961072e-03,4.421201e-03,1.083026e-02,2.160656e-03,7.582700e-03,9.444561e-03,1.959354e-03,7.856091e-03,7.214814e-01,1.373139e-01,1.090602e-02,1.173652e-02
4.731969e-02,4.309744e-03,4.765893e-03,1.787630e-03,3.555155e-03,9.182900e-03,2.153201e-03,5.455161e-03,7.157519e-03,2.239350e-03,6.702057e-03,7.260263e-01,1.582335e-01,8.838256e-03,1.227366e-02
3.404855e-02,3.058799e-03,3.385545e-03,1.425914e-03,2.582359e-03,1.025236e-02,1.599413e-03,3.846947e-03,5.177040e-03,3.319504e-03,5.574018e-03,6.387860e-01,2.695857e-01,6.552358e-03,1.080552e-02
2.673524e-02,2.171430e-03,2.480489e-03,1.295084e-03,2.083928e-03,8.165556e-03,1.312448e-03,2.775148e-03,3.981919e-03,6.416244e-03,1.203168e-02,6.640937e-01,2.494850e-01,4.897915e-03,1.207416e-02
1.889215e-02,1.533030e-03,1.748121e-03,9.698875e-04,1.567687e-03,6.715565e-03,9.670307e-04,1.953978e-03,3.067339e-03,1.563284e-02,1.319287e-02,6.952489e-01,2.238403e-01,3.611483e-03,1.105877e-02
1.331676e-02,1.138523e-03,1.302868e-03,7.041513e-04,1.309514e-03,4.856531e-03,7.328406e-04,1.380367e-03,2.630907e-03,3.538576e-02,1.115845e-02,7.399211e-01,1.754179e-01,2.637795e-03,8.106559e-03
9.656696e-03,1.105851e-03,1.089141e-03,6.473080e-04,1.448815e-03,3.784108e-03,5.917582e-04,9.863089e-04,2.515370e-03,1.067547e-01,9.610376e-03,6.957945e-01,1.579215e-01,2.051475e-03,6.042175e-03
7.251441e-03,8.891429e-04,8.771069e-04,5.937610e-04,1.822255e-03,3.207756e-03,5.045371e-04,7.536464e-04,3.035291e-03,2.486458e-01,1.099623e-02,5.908375e-01,1.240577e-01,1.695999e-03,4.831790e-03
5.292481e-03,6.583703e-04,6.963317e-04,5.319600e-04,2.312533e-03,3.085700e-03,4.327020e-04,7.318177e-04,3.118551e-03,4.047368e-01,1.268790e-02,4.667386e-01,9.401753e-02,1.311789e-03,3.646896e-03
4.036255e-03,4.703814e-04,5.184998e-04,5.326000e-04,3.112363e-03,2.963744e-03,3.969173e-04,1.502861e-03,2.725170e-03,5.380110e-01,1.822142e-02,3.452160e-01,7.817521e-02,1.227584e-03,2.890027e-03
3.080884e-03,3.344750e-04,3.703172e-04,6.434110e-04,3.198917e-03,4.090797e-03,3.154773e-04,1.462504e-03,2.018450e-03,5.849389e-01,2.027694e-02,3.078552e-01,6.823169e-02,1.062821e-03,2.119127e-03
2.681070e-03,2.536896e-04,2.641739e-04,1.106863e-03,3.313368e-03,3.418652e-03,2.517905e-04,1.454219e-03,1.779182e-03,5.906937e-01,2.657981e-02,2.942786e-01,7.134721e-02,8.646885e-04,1.712941e-03
6.512765e-03,4.656989e-04,3.887921e-04,1.769013e-03,2.761747e-02,2.771718e-03,5.190516e-04,1.075759e-02,2.906124e-02,5.266536e-01,3.197350e-02,2.681737e-01,9.117591e-02,7.848541e-04,1.375063e-03
1.036096e-02,6.023801e-04,6.452354e-04,2.946998e-03,4.435989e-02,4.048547e-03,1.420786e-03,7.159591e-02,3.199285e-02,5.137560e-01,3.040674e-02,2.015982e-01,8.432307e-02,6.234439e-04,1.318939e-03
3.421951e-02,1.211706e-03,9.400612e-04,1.117154e-02,5.464166e-02,9.132783e-03,2.741482e-03,7.934206e-02,5.819245e-02,5.045565e-01,2.402318e-02,1.519245e-01,6.482381e-02,7.443171e-04,2.334433e-03
4.811050e-02,1.712101e-03,2.909674e-03,1.026843e-02,7.109266e-02,1.091768e-02,8.437973e-03,1.315652e-01,4.762023e-02,4.889728e-01,1.793619e-02,1.089276e-01,4.763503e-02,1.023527e-03,2.870499e-03
7.671224e-02,4.684491e-03,5.779686e-03,9.738511e-03,8.053361e-02,1.416679e-02,3.276984e-02,1.248977e-01,5.258949e-02,4.577169e-01,1.359709e-02,8.401897e-02,3.612477e-02,2.227779e-03,4.442245e-03
1.053656e-01,1.029945e-02,7.891943e-03,8.248667e-03,8.512838e-02,1.387955e-02,7.705883e-02,1.125622e-01,4.953427e-02,4.269438e-01,9.972257e-03,5.962696e-02,2.652333e-02,2.157266e-03,4.807546e-03
1.172175e-01,1.098185e-02,1.076556e-02,6.258840e-03,7.486241e-02,1.268896e-02,2.252151e-01,9.299733e-02,4.231616e-02,3.293447e-01,7.178365e-03,4.222830e-02,2.004198e-02,2.974906e-03,4.928086e-03
1.357261e-01,8.300957e-03,1.172833e-02,4.809671e-03,5.415061e-02,1.144543e-02,3.802114e-01,6.876872e-02,3.235015e-02,2.325079e-01,5.288922e-03,3.183365e-02,1.587480e-02,2.363235e-03,4.640197e-03
1.209309e-01,6.374122e-03,9.589222e-03,3.866273e-03,3.892158e-02,9.538750e-03,5.190630e-01,5.730727e-02,2.481300e-02,1.634758e-01,3.844865e-03,2.358439e-02,1.290466e-02,1.816478e-03,3.969709e-03
1.064397e-01,4.873368e-03,7.794211e-03,3.190022e-03,2.813351e-02,7.526677e-03,6.210442e-01,5.167792e-02,1.900963e-02,1.146866e-01,2.885377e-03,1.742385e-02,1.070688e-02,1.413095e-03,3.195015e-03
8.919691e-02,4.182734e-03,7.711446e-03,2.767349e-03,2.029770e-02,6.512503e-03,6.999640e-01,4.578660e-02,1.432761e-02,8.055082e-02,2.199374e-03,1.316628e-02,9.385996e-03,1.367177e-03,2.583454e-03
7.414687e-02,3.968060e-03,7.794184e-03,2.855439e-03,1.495767e-02,6.693899e-03,7.557476e-01,4.287897e-02,1.070484e-02,5.655886e-02,1.866618e-03,9.774694e-03,8.533099e-03,1.260843e-03,2.258411e-03
6.160604e-02,3.314255e-03,6.637175e-03,3.370832e-03,1.080469e-02,7.433937e-03,7.988081e-01,4.017948e-02,7.844807e-03,3.968179e-02,1.551189e-03,7.668153e-03,8.035890e-03,1.085905e-03,1.977762e-03
4.965183e-02,2.614269e-03,5.497348e-03,3.149725e-03,7.713695e-03,6.909676e-03,8.399300e-01,3.418513e-02,5.853884e-03,2.785858e-02,1.191721e-03,5.902169e-03,6.938712e-03,8.420925e-04,1.761194e-03
4.418707e-02,2.547565e-03,5.792768e-03,3.410226e-03,5.722739e-03,7.796896e-03,8.554472e-01,3.436242e-02,4.845943e-03,1.959675e-02,1.018934e-03,4.923549e-03,7.744100e-03,6.930582e-04,1.910822e-03
5.284358e-02,3.812046e-03,9.646718e-03,3.307961e-03,5.152522e-03,9.133544e-03,8.320349e-01,4.432399e-02,4.006515e-03,1.402994e-02,1.126902e-03,5.244945e-03,1.240543e-02,6.790713e-04,2.251930e-03
5.724259e-02,3.825155e-03,1.055694e-02,2.821553e-03,4.764179e-03,9.798983e-03,8.190040e-01,5.376077e-02,3.207923e-03,1.031829e-02,1.230343e-03,4.614476e-03,1.596367e-02,6.467822e-04,2.244404e-03
6.368884e-02,4.250024e-03,1.033728e-02,3.276308e-03,6.011433e-03,9.777179e-03,7.808486e-01,8.670988e-02,2.690248e-03,7.692497e-03,1.560283e-03,4.852151e-03,1.523593e-02,7.265469e-04,2.342841e-03
9.700799e-02,4.821627e-03,8.903576e-03,4.002518e-03,7.278022e-03,1.616072e-02,6.608600e-01,1.349340e-01,3.193416e-03,8.097933e-03,1.045640e-02,9.606093e-03,2.877241e-02,1.365800e-03,4.539571e-03
1.362340e-01,6.248341e-03,8.351513e-03,8.126007e-03,9.109783e-03,1.609575e-02,5.325805e-01,1.865253e-01,1.224589e-02,1.054518e-02,1.586026e-02,1.616286e-02,3.050317e-02,2.278546e-03,9.133002e-03
1.976576e-01,7.677782e-03,7.329457e-03,1.369290e-02,1.000514e-02,1.577586e-02,4.174282e-01,1.726360e-01,1.248734e-02,3.140610e-02,2.365676e-02,3.101488e-02,3.224231e-02,3.427277e-03,2.356252e-02
2.323784e-01,8.139107e-03,1.150648e-02,2.028158e-02,1.153520e-02,1.698365e-02,3.497273e-01,1.449683e-01,1.471531e-02,3.407231e-02,3.027222e-02,4.793014e-02,4.453273e-02,4.341300e-03,2.861600e-02
3.122305e-01,9.473253e-03,1.593070e-02,2.383433e-02,1.346429e-02,1.584394e-02,2.753336e-01,1.255233e-01,1.512971e-02,2.773299e-02,2.843206e-02,5.389818e-02,5.103539e-02,5.504753e-03,2.663304e-02
3.761814e-01,9.296328e-03,1.388778e-02,2.219095e-02,1.652348e-02,1.660399e-02,1.985511e-01,9.900536e-02,2.611472e-02,2.535045e-02,2.657638e-02,7.460341e-02,5.556976e-02,8.726657e-03,3.081824e-02
3.930080e-01,8.480557e-03,1.217134e-02,2.579955e-02,1.653403e-02,1.944581e-02,1.405872e-01,7.527121e-02,3.907397e-02,2.014157e-02,2.744503e-02,1.242212e-01,6.065447e-02,8.204212e-03,2.896193e-02
3.516996e-01,6.571159e-03,1.026248e-02,2.914259e-02,1.716028e-02,1.706931e-02,9.951926e-02,5.659218e-02,8.642823e-02,1.531314e-02,3.300603e-02,1.741586e-01,7.116202e-02,7.427366e-03,2.448770e-02
2.989297e-01,5.148687e-03,8.421812e-03,2.937439e-02,1.747909e-02,1.457600e-02,7.046507e-02,4.340583e-02,1.941330e-01,1.126203e-02,3.083810e-02,1.836999e-01,6.772207e-02,5.585779e-03,1.895862e-02
2.468154e-01,4.099307e-03,6.176823e-03,2.525066e-02,1.598641e-02,1.170462e-02,5.024646e-02,3.264468e-02,3.499341e-01,8.281585e-03,2.713942e-02,1.516990e-01,5.171373e-02,4.032430e-03,1.427543e-02
2.126896e-01,4.160254e-03,5.011888e-03,3.114798e-02,2.252346e-02,1.188944e-02,4.403165e-02,3.386622e-02,4.380800e-01,6.815897e-03,2.122529e-02,1.158478e-01,3.904226e-02,2.987229e-03,1.068099e-02
1.814796e-01,4.375202e-03,4.369668e-03,1.720589e-01,2.622150e-02,1.724611e-02,3.240050e-02,2.720686e-02,3.767170e-01,5.559570e-03,1.865098e-02,9.225505e-02,3.058027e-02,2.352172e-03,8.526556e-03
1.670586e-01,3.857884e-03,5.107506e-03,1.397766e-01,4.211310e-02,1.484023e-02,2.353535e-02,2.760110e-02,4.496012e-01,5.256884e-03,1.698845e-02,7.232545e-02,2.357373e-02,1.820514e-03,6.543401e-03
1.346046e-01,3.255171e-03,3.919088e-03,9.994987e-02,4.896796e-02,1.096626e-02,1.726970e-02,2.208053e-02,5.641564e-01,4.758801e-03,1.311320e-02,5.356263e-02,1.726830e-02,1.322758e-03,4.804748e-03
1.449482e-01,6.454765e-03,5.544227e-03,1.000722e-01,6.130770e-02,9.580905e-03,1.522319e-02,2.234520e-02,5.460289e-01,5.326395e-03,1.369549e-02,4.979649e-02,1.408482e-02,1.380865e-03,4.210549e-03
1.576918e-01,6.919872e-03,4.422083e-03,7.327286e-02,7.574175e-02,8.042663e-03,1.201886e-02,1.687167e-02,5.740472e-01,4.324355e-03,1.082563e-02,3.944814e-02,1.180242e-02,1.241853e-03,3.328814e-03
1.993439e-01,6.552932e-03,3.590424e-03,5.869181e-02,1.197197e-01,8.311760e-03,9.704786e-03,1.307335e-02,5.192955e-01,3.408750e-03,9.256997e-03,3.385960e-02,1.111932e-02,1.208987e-03,2.862179e-03
2.483107e-01,1.031502e-02,7.986885e-03,1.418073e-01,9.531604e-02,9.267168e-03,7.142861e-03,1.077676e-02,3.936463e-01,4.257233e-03,1.070756e-02,4.650369e-02,1.004138e-02,1.049703e-03,2.871327e-03
1.791880e-01,1.716528e-02,6.866131e-03,2.891124e-01,7.381872e-02,7.388759e-03,5.060864e-03,8.207255e-03,2.790231e-01,3.520780e-03,8.217940e-02,3.470529e-02,1.010513e-02,1.233261e-03,2.425567e-03
1.286355e-01,1.283228e-02,4.961919e-03,3.309214e-01,6.639417e-02,5.574095e-03,3.581961e-03,6.274894e-03,1.974477e-01,2.853889e-03,1.722599e-01,4.366200e-02,1.916572e-02,3.617031e-03,1.817531e-03
1.101477e-01,9.719080e-03,3.530743e-03,2.583304e-01,5.527721e-02,4.262350e-03,2.644109e-03,6.561161e-03,1.413038e-01,2.518541e-03,2.431738e-01,1.216085e-01,2.620032e-02,1.338086e-02,1.341372e-03
7.985426e-02,6.986151e-03,2.513193e-03,1.917631e-01,4.051318e-02,3.158343e-03,1.904264e-03,5.137499e-03,9.968654e-02,2.148725e-03,3.864495e-01,1.281410e-01,2.051099e-02,3.024074e-02,9.924743e-04
5.716966e-02,4.943606e-03,1.880268e-03,1.358270e-01,2.968367e-02,2.293146e-03,1.350711e-03,3.793813e-03,7.130537e-02,1.590684e-03,5.463574e-01,9.780106e-02,1.494963e-02,3.024651e-02,8.074577e-04
4.326313e-02,3.729785e-03,1.634295e-03,9.617680e-02,2.253466e-02,1.932945e-03,1.079337e-03,3.360383e-03,5.295618e-02,1.458732e-03,5.672780e-01,1.180812e-01,1.265403e-02,7.321290e-02,6.475936e-04
3.113432e-02,2.735445e-03,1.291176e-03,6.868483e-02,1.647057e-02,1.553604e-03,7.710612e-04,2.681354e-03,4.053674e-02,1.324211e-03,6.311462e-01,1.021044e-01,1.162536e-02,8.719768e-02,7.430664e-04
2.189715e-02,1.939979e-03,9.301096e-04,4.833179e-02,1.181521e-02,1.149080e-03,5.407716e-04,1.899388e-03,3.006127e-02,1.376986e-03,7.198051e-01,7.392789e-02,9.174426e-03,7.577807e-02,1.372768e-03
1.547252e-02,1.458829e-03,7.298266e-04,3.426231e-02,8.608707e-03,9.075979e-04,3.841419e-04,1.394512e-03,2.452375e-02,1.505558e-03,7.677021e-01,5.781268e-02,7.768644e-03,7.604785e-02,1.420925e-03
1.192826e-02,1.257813e-03,5.976448e-04,2.448526e-02,6.290592e-03,1.472403e-03,2.895948e-04,1.120730e-03,1.971353e-02,2.150099e-03,7.389960e-01,4.403410e-02,6.312005e-03,1.400431e-01,1.308926e-03
1.002393e-02,1.116058e-03,4.914029e-04,1.814708e-02,4.713907e-03,2.555207e-03,2.263815e-04,8.834610e-04,1.560172e-02,2.589600e-03,7.219335e-01,3.309689e-02,5.638575e-03,1.813150e-01,1.667185e-03
1.125972e-02,1.204429e-03,4.119209e-04,1.387128e-02,3.915854e-03,4.325062e-03,2.043748e-04,7.442224e-04,1.184125e-02,2.912784e-03,7.347374e-01,2.667373e-02,5.468443e-03,1.805184e-01,1.911084e-03
1.342550e-02,1.587668e-03,8.106341e-04,9.871505e-03,3.598983e-03,4.952221e-03,2.342686e-04,7.084053e-04,1.025829e-02,3.290536e-03,6.992028e-01,2.521218e-02,4.784434e-03,2.205042e-01,1.558292e-03
1.228421e-02,1.385448e-03,7.043639e-04,7.074915e-03,2.993926e-03,4.382217e-03,1.964368e-04,6.250294e-04,7.998042e-03,4.389732e-03,7.032588e-01,1.971761e-02,4.125464e-03,2.294807e-01,1.383098e-03
4.449796e-02,9.248083e-03,2.690208e-03,5.689429e-03,1.203083e-02,6.430129e-03,2.597697e-04,1.036929e-03,1.425683e-02,4.997479e-03,6.108682e-01,1.778744e-02,4.014708e-03,2.644529e-01,1.739127e-03
5.586242e-02,1.465691e-02,3.427523e-03,4.599880e-03,1.600572e-02,7.009472e-03,2.368398e-04,1.160043e-03,2.102460e-02,4.649862e-03,5.378340e-01,1.452948e-02,3.589576e-03,3.135743e-01,1.839396e-03
5.090898e-02,1.148747e-02,3.054279e-03,3.454301e-03,1.329754e-02,8.847430e-03,2.145744e-04,1.138644e-03,2.098507e-02,4.598921e-03,4.796227e-01,1.288934e-02,3.273077e-03,3.844944e-01,1.733324e-03
4.000749e-02,8.671958e-03,9.233113e-03,2.696237e-03,1.066910e-02,1.846331e-02,3.679159e-04,1.311652e-03,1.614717e-02,6.434405e-03,5.485230e-01,1.140245e-02,3.319751e-03,3.208865e-01,1.865911e-03
3.506207e-02,6.539768e-03,2.413746e-02,2.210261e-03,1.016202e-02,3.145987e-02,6.375812e-04,1.702781e-03,1.454875e-02,7.756453e-03,5.313562e-01,9.871819e-03,3.336531e-03,3.190978e-01,2.120686e-03
4.861126e-02,6.141517e-03,4.426417e-02,4.637805e-03,1.301164e-02,6.085244e-02,8.607933e-04,7.785418e-03,2.053920e-02,9.065340e-03,4.496692e-01,7.850723e-03,3.039653e-03,3.208686e-01,2.802248e-03
5.590245e-02,4.874917e-03,5.011339e-02,4.742311e-03,1.026348e-02,1.415957e-01,8.792906e-04,9.389484e-03,1.874114e-02,1.308131e-02,3.887505e-01,6.262559e-03,2.565359e-03,2.900608e-01,2.777371e-03
4.835302e-02,3.605768e-03,4.013257e-02,3.718386e-03,7.606336e-03,3.057264e-01,8.164411e-04,9.498948e-03,1.424864e-02,9.580017e-03,3.247468e-01,6.492246e-03,2.077785e-03,2.210472e-01,2.349460e-03
6.457603e-02,2.732396e-03,3.094714e-02,3.488311e-03,5.682916e-03,3.923862e-01,7.497245e-04,9.177100e-03,1.195220e-02,7.026584e-03,2.875741e-01,5.456481e-03,1.552757e-03,1.748871e-01,1.811039e-03
7.081470e-02,2.177405e-03,2.961545e-02,4.824019e-03,4.525233e-03,3.966434e-01,8.617009e-04,1.422967e-02,1.116352e-02,5.531852e-03,2.879798e-01,5.124433e-03,1.221774e-03,1.637676e-01,1.519515e-03
6.226385e-02,1.835635e-03,3.728123e-02,8.699193e-03,3.862057e-03,3.186482e-01,1.334118e-03,4.036929e-02,9.190775e-03,4.638979e-03,3.324480e-01,4.428357e-03,1.013588e-03,1.727611e-01,1.225679e-03
5.645206e-02,1.616732e-03,3.784657e-02,1.154925e-02,3.324375e-03,2.619652e-01,1.497840e-03,5.790046e-02,8.489210e-03,3.913166e-03,3.741789e-01,3.907138e-03,8.315435e-04,1.755424e-01,9.852882e-04
5.631498e-02,1.630194e-03,4.558119e-02,1.184371e-02,3.090541e-03,2.392172e-01,1.754480e-03,5.525067e-02,1.034677e-02,3.416975e-03,3.605134e-01,3.384620e-03,7.198468e-04,2.059242e-01,1.011331e-03
8.019026e-02,1.484370e-03,5.671471e-02,1.273755e-02,3.021269e-03,1.958681e-01,1.772742e-03,4.228546e-02,1.100008e-02,4.216622e-03,3.113449e-01,2.642535e-03,7.843038e-04,2.746384e-01,1.298724e-03
9.813171e-02,1.353825e-03,5.816923e-02,1.543575e-02,2.980047e-03,1.512317e-01,1.484916e-03,3.198121e-02,9.935956e-03,5.365583e-03,2.727309e-01,2.008733e-03,7.437373e-04,3.468951e-01,1.551670e-03
1.255833e-01,1.811037e-03,4.979570e-02,2.057299e-02,4.865437e-03,1.094256e-01,1.173937e-03,2.700505e-02,9.061854e-03,7.484676e-03,2.566042e-01,1.652869e-03,6.924327e-04,3.822283e-01,2.042696e-03
1.678920e-01,2.425082e-03,4.020883e-02,2.091491e-02,6.040417e-03,8.006739e-02,1.052774e-03,2.147489e-02,1.027303e-02,1.003977e-02,2.462904e-01,1.765594e-03,7.853284e-04,3.873804e-01,3.389158e-03
2.089835e-01,4.301170e-03,3.731845e-02,2.233807e-02,6.187439e-03,6.183014e-02,1.132474e-03,1.732641e-02,1.501611e-02,1.188913e-02,2.112521e-01,2.730807e-03,1.082868e-03,3.924091e-01,6.202251e-03
2.877355e-01,5.594518e-03,3.538927e-02,2.046603e-02,5.681043e-03,4.674141e-02,1.160696e-03,1.379457e-02,2.377788e-02,1.437040e-02,1.754529e-01,4.804254e-03,1.258718e-03,3.542404e-01,9.532535e-03
3.423117e-01,5.554533e-03,3.517191e-02,2.065234e-02,6.055346e-03,3.676256e-02,1.337369e-03,1.297309e-02,3.150063e-02,2.069910e-02,1.557284e-01,6.947392e-03,1.665445e-03,3.112084e-01,1.143181e-02
4.337620e-01,6.114628e-03,3.404377e-02,2.084620e-02,7.082368e-03,3.053522e-02,1.435607e-03,1.212165e-02,3.171623e-02,2.087818e-02,1.229893e-01,9.772003e-03,2.158190e-03,2.517071e-01,1.483753e-02
1.000000e+00,0.000000e+00,0.000000e+00,0.000000e+00,0.000000e+00,0.000000e+00,0.000000e+00,0.000000e+00,0.000000e+00,0.000000e+00,0.000000e+00,0.000000e+00,0.000000e+00,0.000000e+00,0.000000e+00
1.000000e+00,0.000000e+00,0.000000e+00,0.000000e+00,0.000000e+00,0.000000e+00,0.000000e+00,0.000000e+00,0.000000e+00,0.000000e+00,0.000000e+00,0.000000e+00,0.000000e+00,0.000000e+00,0.000000e+00
4.895085e-01,8.871125e-03,1.985476e-02,1.605280e-02,5.403358e-03,8.964863e-02,1.637133e-03,7.990527e-03,1.873745e-02,1.058253e-02,1.840208e-01,1.791960e-02,5.050065e-03,1.076185e-01,1.710425e-02
3.951609e-01,6.693677e-03,1.481656e-02,1.148026e-02,4.143600e-03,1.249906e-01,1.285449e-03,5.848132e-03,1.344415e-02,7.933469e-03,2.948932e-01,1.569873e-02,3.887963e-03,8.661731e-02,1.310597e-02
2.924269e-01,4.826437e-03,1.089711e-02,8.117038e-03,3.011558e-03,1.262143e-01,9.998770e-04,4.260255e-03,9.537626e-03,6.314373e-03,4.325443e-01,1.801094e-02,2.874538e-03,7.028116e-02,9.683535e-03
2.090537e-01,3.540148e-03,7.808893e-03,5.782397e-03,2.168413e-03,9.685489e-02,7.708722e-04,3.049902e-03,6.759353e-03,4.558041e-03,5.787119e-01,1.871696e-02,2.118280e-03,5.310248e-02,7.003812e-03
1.476753e-01,3.379504e-03,5.950586e-03,4.266001e-03,2.304439e-03,7.049108e-02,1.351432e-03,2.256312e-03,5.502150e-03,3.599146e-03,6.813520e-01,2.485380e-02,1.728958e-03,3.985069e-02,5.438710e-03
1.039571e-01,2.564344e-03,4.512517e-03,3.065767e-03,1.899449e-03,5.029783e-02,1.302517e-03,1.749628e-03,5.075397e-03,3.618785e-03,7.382725e-01,4.351458e-02,1.421797e-03,3.471918e-02,4.028561e-03
7.408294e-02,2.541530e-03,4.741916e-03,2.538675e-03,1.926057e-03,3.663885e-02,1.249576e-03,2.136702e-03,5.664396e-03,4.693386e-03,7.308143e-01,8.898647e-02,1.253198e-03,3.942268e-02,3.309221e-03
5.358282e-02,2.218324e-03,3.916988e-03,2.088682e-03,1.788618e-03,2.748077e-02,1.481700e-03,3.520899e-03,5.429666e-03,4.836089e-03,7.664888e-01,8.611385e-02,1.093791e-03,3.730457e-02,2.654456e-03
3.859834e-02,1.865141e-03,3.176240e-03,1.726840e-03,1.525338e-03,2.089837e-02,1.626284e-03,3.595272e-03,5.326267e-03,5.355219e-03,7.805012e-01,9.135172e-02,9.101453e-04,4.146414e-02,2.079427e-03
2.979703e-02,2.937467e-03,3.180947e-03,1.598027e-03,2.028259e-03,1.669970e-02,2.326772e-03,4.280928e-03,7.761102e-03,5.960660e-03,7.762867e-01,9.395416e-02,8.393116e-04,5.036330e-02,1.985583e-03
2.172194e-02,9.567027e-03,6.291726e-03,1.444117e-03,3.435357e-03,1.304357e-02,2.232770e-03,4.420677e-03,2.718351e-02,2.744054e-02,7.214317e-01,9.558261e-02,6.917423e-04,6.286545e-02,2.647254e-03
1.635001e-02,7.888305e-03,5.760861e-03,1.452701e-03,3.782565e-03,1.183173e-02,2.161712e-03,3.530870e-03,3.886618e-02,6.256630e-02,7.059737e-01,7.883830e-02,7.741479e-04,5.636340e-02,3.859181e-03
1.204884e-02,6.956703e-03,4.677137e-03,1.131927e-03,4.307635e-03,9.218751e-03,2.475450e-03,4.301962e-03,3.468945e-02,8.345301e-02,7.287807e-01,6.074575e-02,1.101928e-03,4.265299e-02,3.457747e-03
8.852055e-03,8.997995e-03,3.886911e-03,9.735480e-04,4.941388e-03,7.474422e-03,2.606283e-03,5.431144e-03,6.173739e-02,1.107584e-01,6.925086e-01,5.175973e-02,1.871318e-03,3.464224e-02,3.558580e-03
6.635973e-03,8.054104e-03,3.539199e-03,1.073859e-03,4.750857e-03,6.303099e-03,2.205726e-03,4.309143e-03,4.592518e-02,8.485391e-02,7.628065e-01,3.726429e-02,2.491502e-03,2.445882e-02,5.327845e-03
4.950981e-03,2.369235e-02,2.986075e-03,1.005429e-03,3.639759e-03,8.571938e-03,1.690652e-03,3.138024e-03,3.376702e-02,6.303005e-02,7.955049e-01,3.078992e-02,4.823427e-03,1.751772e-02,4.891774e-03
4.450130e-03,2.228647e-02,2.325768e-03,1.454856e-03,3.299879e-03,2.046851e-02,1.436041e-03,2.753049e-03,2.498238e-02,4.711697e-02,7.952284e-01,4.777929e-02,9.675298e-03,1.267997e-02,4.063009e-03
1.032024e-02,2.575560e-02,8.442312e-03,5.891956e-03,7.734167e-03,6.318359e-02,6.127637e-03,2.042439e-02,2.288284e-02,4.229062e-02,7.078466e-01,5.184966e-02,1.451136e-02,9.198648e-03,3.540287e-03
1.151330e-02,2.802523e-02,7.081036e-03,6.225434e-03,1.291836e-02,1.564139e-01,6.170364e-03,1.835528e-02,2.672886e-02,3.224768e-02,6.170127e-01,5.115775e-02,1.685735e-02,6.606529e-03,2.686054e-03
1.245627e-02,2.731983e-02,5.403333e-03,4.723883e-03,1.698261e-02,2.340021e-01,4.548380e-03,1.392024e-02,3.081192e-02,2.294820e-02,5.579562e-01,4.359605e-02,1.830195e-02,4.704321e-03,2.324681e-03
1.718216e-02,2.012160e-02,4.387693e-03,3.577549e-03,1.694281e-02,3.069846e-01,3.743892e-03,1.136479e-02,2.938375e-02,1.643568e-02,4.867907e-01,4.282523e-02,3.438048e-02,4.037828e-03,1.841296e-03
3.235485e-02,1.450433e-02,3.910286e-03,2.893196e-03,2.142710e-02,3.268519e-01,3.426809e-03,1.079547e-02,3.351846e-02,1.196448e-02,4.297155e-01,5.280363e-02,4.993443e-02,4.454586e-03,1.445059e-03
2.427731e-02,1.042209e-02,3.139505e-03,2.600931e-03,1.585166e-02,3.977697e-01,2.734540e-03,8.917575e-03,3.103391e-02,8.567805e-03,3.181382e-01,7.185815e-02,9.854822e-02,4.542026e-03,1.598341e-03
1.736986e-02,7.382468e-03,2.294224e-03,2.088237e-03,1.131169e-02,4.302521e-01,2.209083e-03,6.438817e-03,2.358482e-02,6.053167e-03,2.289359e-01,7.505897e-02,1.821038e-01,3.527917e-03,1.388908e-03
1.284086e-02,5.246878e-03,1.797532e-03,1.551739e-03,8.632487e-03,3.146411e-01,1.864269e-03,7.564136e-03,1.770770e-02,4.319917e-03,1.660287e-01,1.106223e-01,3.394117e-01,6.659251e-03,1.111391e-03
9.371568e-03,3.792771e-03,1.468563e-03,1.281014e-03,6.551438e-03,2.662679e-01,1.516258e-03,5.808432e-03,1.407834e-02,3.086666e-03,1.172865e-01,1.461565e-01,4.171888e-01,5.089702e-03,1.055514e-03
7.033437e-03,2.738079e-03,1.231621e-03,1.069973e-03,5.545985e-03,2.672556e-01,1.396687e-03,4.441650e-03,1.167052e-02,2.213292e-03,8.360690e-02,1.666889e-01,4.401039e-01,3.858845e-03,1.144611e-03
5.890202e-03,2.039983e-03,1.101406e-03,9.281364e-04,5.052568e-03,3.432356e-01,1.697468e-03,3.746352e-03,1.013166e-02,1.610127e-03,6.037781e-02,1.543735e-01,4.053126e-01,3.058083e-03,1.444523e-03
6.099618e-03,1.514060e-03,1.060446e-03,7.930517e-04,5.116485e-03,3.289456e-01,1.979972e-03,3.591403e-03,8.257619e-03,1.196395e-03,4.367068e-02,1.737825e-01,4.199030e-01,2.452054e-03,1.637143e-03
9.492755e-03,1.148042e-03,1.697942e-03,6.783477e-04,7.071259e-03,2.788912e-01,2.188098e-03,3.025428e-03,6.258561e-03,8.804412e-04,3.213289e-02,1.962802e-01,4.567842e-01,2.033117e-03,1.437554e-03
1.218806e-02,8.688670e-04,2.617588e-03,6.523536e-04,8.168880e-03,2.529621e-01,2.589968e-03,2.978299e-03,4.964489e-03,7.787526e-04,2.408100e-02,1.912753e-01,4.920922e-01,1.945488e-03,1.836735e-03
1.076591e-02,6.919402e-04,2.094105e-03,6.937461e-04,6.307757e-03,2.844170e-01,2.287614e-03,2.148143e-03,3.745391e-03,7.263155e-04,1.884118e-02,1.451001e-01,5.188351e-01,1.797215e-03,1.548432e-03
1.406090e-02,7.262906e-04,2.464736e-03,9.787102e-04,1.359061e-02,2.054506e-01,3.251241e-03,1.927419e-03,4.251737e-03,2.989978e-03,3.731114e-02,2.418675e-01,4.628939e-01,2.868210e-03,5.367112e-03
1.201538e-02,6.133455e-04,2.112924e-03,9.329808e-04,1.129387e-02,1.490463e-01,3.343777e-03,1.490889e-03,3.578481e-03,3.300817e-03,3.292944e-02,3.995776e-01,3.715970e-01,3.499748e-03,4.667400e-03
