1.000000e+00,0.000000e+00,0.000000e+00,0.000000e+00,0.000000e+00,0.000000e+00,0.000000e+00,0.000000e+00,0.000000e+00,0.000000e+00,0.000000e+00,0.000000e+00,0.000000e+00,0.000000e+00,0.000000e+00
1.000000e+00,0.000000e+00,0.000000e+00,0.000000e+00,0.000000e+00,0.000000e+00,0.000000e+00,0.000000e+00,0.000000e+00,0.000000e+00,0.000000e+00,0.000000e+00,0.000000e+00,0.000000e+00,0.000000e+00
1.000000e+00,0.000000e+00,0.000000e+00,0.000000e+00,0.000000e+00,0.000000e+00,0.000000e+00,0.000000e+00,0.000000e+00,0.000000e+00,0.000000e+00,0.000000e+00,0.000000e+00,0.000000e+00,0.000000e+00
1.000000e+00,0.000000e+00,0.000000e+00,0.000000e+00,0.000000e+00,0.000000e+00,0.000000e+00,0.000000e+00,0.000000e+00,0.000000e+00,0.000000e+00,0.000000e+00,0.000000e+00,0.000000e+00,0.000000e+00
1.000000e+00,0.000000e+00,0.000000e+00,0.000000e+00,0.000000e+00,0.000000e+00,0.000000e+00,0.000000e+00,0.000000e+00,0.000000e+00,0.000000e+00,0.000000e+00,0.000000e+00,0.000000e+00,0.000000e+00
1.000000e+00,0.000000e+00,0.000000e+00,0.000000e+00,0.000000e+00,0.000000e+00,0.000000e+00,0.000000e+00,0.000000e+00,0.000000e+00,0.000000e+00,0.000000e+00,0.000000e+00,0.000000e+00,0.000000e+00
1.000000e+00,0.000000e+00,0.000000e+00,0.000000e+00,0.000000e+00,0.000000e+00,0.000000e+00,0.000000e+00,0.000000e+00,0.000000e+00,0.000000e+00,0.000000e+00,0.000000e+00,0.000000e+00,0.000000e+00
1.000000e+00,0.000000e+00,0.000000e+00,0.000000e+00,0.000000e+00,0.000000e+00,0.000000e+00,0.000000e+00,0.000000e+00,0.000000e+00,0.000000e+00,0.000000e+00,0.000000e+00,0.000000e+00,0.000000e+00
1.000000e+00,0.000000e+00,0.000000e+00,0.000000e+00,0.000000e+00,0.000000e+00,0.000000e+00,0.000000e+00,0.000000e+00,0.000000e+00,0.000000e+00,0.000000e+00,0.000000e+00,0.000000e+00,0.000000e+00
1.000000e+00,0.000000e+00,0.000000e+00,0.000000e+00,0.000000e+00,0.000000e+00,0.000000e+00,0.000000e+00,0.000000e+00,0.000000e+00,0.000000e+00,0.000000e+00,0.000000e+00,0.000000e+00,0.000000e+00
1.000000e+00,0.000000e+00,0.000000e+00,0.000000e+00,0.000000e+00,0.000000e+00,0.000000e+00,0.000000e+00,0.000000e+00,0.000000e+00,0.000000e+00,0.000000e+00,0.000000e+00,0.000000e+00,0.000000e+00
1.000000e+00,0.000000e+00,0.000000e+00,0.000000e+00,0.000000e+00,0.000000e+00,0.000000e+00,0.000000e+00,0.000000e+00,0.000000e+00,0.000000e+00,0.000000e+00,0.000000e+00,0.000000e+00,0.000000e+00
1.000000e+00,0.000000e+00,0.000000e+00,0.000000e+00,0.000000e+00,0.000000e+00,0.000000e+00,0.000000e+00,0.000000e+00,0.000000e+00,0.000000e+00,0.000000e+00,0.000000e+00,0.000000e+00,0.000000e+00
1.000000e+00,0.000000e+00,0.000000e+00,0.000000e+00,0.000000e+00,0.000000e+00,0.000000e+00,0.000000e+00,0.000000e+00,0.000000e+00,0.000000e+00,0.000000e+00,0.000000e+00,0.000000e+00,0.000000e+00
1.000000e+00,0.000000e+00,0.000000e+00,0.000000e+00,0.000000e+00,0.000000e+00,0.000000e+00,0.000000e+00,0.000000e+00,0.000000e+00,0.000000e+00,0.000000e+00,0.000000e+00,0.000000e+00,0.000000e+00
1.000000e+00,0.000000e+00,0.000000e+00,0.000000e+00,0.000000e+00,0.000000e+00,0.000000e+00,0.000000e+00,0.000000e+00,0.000000e+00,0.000000e+00,0.000000e+00,0.000000e+00,0.000000e+00,0.000000e+00
1.000000e+00,0.000000e+00,0.000000e+00,0.000000e+00,0.000000e+00,0.000000e+00,0.000000e+00,0.000000e+00,0.000000e+00,0.000000e+00,0.000000e+00,0.000000e+00,0.000000e+00,0.000000e+00,0.000000e+00
1.000000e+00,0.000000e+00,0.000000e+00,0.000000e+00,0.000000e+00,0.000000e+00,0.000000e+00,0.000000e+00,0.000000e+00,0.000000e+00,0.000000e+00,0.000000e+00,0.000000e+00,0.000000e+00,0.000000e+00
1.000000e+00,0.000000e+00,0.000000e+00,0.000000e+00,0.000000e+00,0.000000e+00,0.000000e+00,0.000000e+00,0.000000e+00,0.000000e+00,0.000000e+00,0.000000e+00,0.000000e+00,0.000000e+00,0.000000e+00
1.000000e+00,0.000000e+00,0.000000e+00,0.000000e+00,0.000000e+00,0.000000e+00,0.000000e+00,0.000000e+00,0.000000e+00,0.000000e+00,0.000000e+00,0.000000e+00,0.000000e+00,0.000000e+00,0.000000e+00
1.000000e+00,0.000000e+00,0.000000e+00,0.000000e+00,0.000000e+00,0.000000e+00,0.000000e+00,0.000000e+00,0.000000e+00,0.000000e+00,0.000000e+00,0.000000e+00,0.000000e+00,0.000000e+00,0.000000e+00
1.000000e+00,0.000000e+00,0.000000e+00,0.000000e+00,0.000000e+00,0.000000e+00,0.000000e+00,0.000000e+00,0.000000e+00,0.000000e+00,0.000000e+00,0.000000e+00,0.000000e+00,0.000000e+00,0.000000e+00
1.000000e+00,0.000000e+00,0.000000e+00,0.000000e+00,0.000000e+00,0.000000e+00,0.000000e+00,0.000000e+00,0.000000e+00,0.000000e+00,0.000000e+00,0.000000e+00,0.000000e+00,0.000000e+00,0.000000e+00
1.000000e+00,0.000000e+00,0.000000e+00,0.000000e+00,0.000000e+00,0.000000e+00,0.000000e+00,0.000000e+00,0.000000e+00,0.000000e+00,0.000000e+00,0.000000e+00,0.000000e+00,0.000000e+00,0.000000e+00
1.000000e+00,0.000000e+00,0.000000e+00,0.000000e+00,0.000000e+00,0.000000e+00,0.000000e+00,0.000000e+00,0.000000e+00,0.000000e+00,0.000000e+00,0.000000e+00,0.000000e+00,0.000000e+00,0.000000e+00
1.000000e+00,0.000000e+00,0.000000e+00,0.000000e+00,0.000000e+00,0.000000e+00,0.000000e+00,0.000000e+00,0.000000e+00,0.000000e+00,0.000000e+00,0.000000e+00,0.000000e+00,0.000000e+00,0.000000e+00
1.000000e+00,0.000000e+00,0.000000e+00,0.000000e+00,0.000000e+00,0.000000e+00,0.000000e+00,0.000000e+00,0.000000e+00,0.000000e+00,0.000000e+00,0.000000e+00,0.000000e+00,0.000000e+00,0.000000e+00
1.000000e+00,0.000000e+00,0.000000e+00,0.000000e+00,0.000000e+00,0.000000e+00,0.000000e+00,0.000000e+00,0.000000e+00,0.000000e+00,0.000000e+00,0.000000e+00,0.000000e+00,0.000000e+00,0.000000e+00
1.000000e+00,0.000000e+00,0.000000e+00,0.000000e+00,0.000000e+00,0.000000e+00,0.000000e+00,0.000000e+00,0.000000e+00,0.000000e+00,0.000000e+00,0.000000e+00,0.000000e+00,0.000000e+00,0.000000e+00
1.000000e+00,0.000000e+00,0.000000e+00,0.000000e+00,0.000000e+00,0.000000e+00,0.000000e+00,0.000000e+00,0.000000e+00,0.000000e+00,0.000000e+00,0.000000e+00,0.000000e+00,0.000000e+00,0.000000e+00
1.000000e+00,0.000000e+00,0.000000e+00,0.000000e+00,0.000000e+00,0.000000e+00,0.000000e+00,0.000000e+00,0.000000e+00,0.000000e+00,0.000000e+00,0.000000e+00,0.000000e+00,0.000000e+00,0.000000e+00
1.000000e+00,0.000000e+00,0.000000e+00,0.000000e+00,0.000000e+00,0.000000e+00,0.000000e+00,0.000000e+00,0.000000e+00,0.000000e+00,0.000000e+00,0.000000e+00,0.000000e+00,0.000000e+00,0.000000e+00
1.000000e+00,0.000000e+00,0.000000e+00,0.000000e+00,0.000000e+00,0.000000e+00,0.000000e+00,0.000000e+00,0.000000e+00,0.000000e+00,0.000000e+00,0.000000e+00,0.000000e+00,0.000000e+00,0.000000e+00
1.000000e+00,0.000000e+00,0.000000e+00,0.000000e+00,0.000000e+00,0.000000e+00,0.000000e+00,0.000000e+00,0.000000e+00,0.000000e+00,0.000000e+00,0.000000e+00,0.000000e+00,0.000000e+00,0.000000e+00
1.000000e+00,0.000000e+00,0.000000e+00,0.000000e+00,0.000000e+00,0.000000e+00,0.000000e+00,0.000000e+00,0.000000e+00,0.000000e+00,0.000000e+00,0.000000e+00,0.000000e+00,0.000000e+00,0.000000e+00
1.000000e+00,0.000000e+00,0.000000e+00,0.000000e+00,0.000000e+00,0.000000e+00,0.000000e+00,0.000000e+00,0.000000e+00,0.000000e+00,0.000000e+00,0.000000e+00,0.000000e+00,0.000000e+00,0.000000e+00
1.000000e+00,0.000000e+00,0.000000e+00,0.000000e+00,0.000000e+00,0.000000e+00,0.000000e+00,0.000000e+00,0.000000e+00,0.000000e+00,0.000000e+00,0.000000e+00,0.000000e+00,0.000000e+00,0.000000e+00
1.000000e+00,0.000000e+00,0.000000e+00,0.000000e+00,0.000000e+00,0.000000e+00,0.000000e+00,0.000000e+00,0.000000e+00,0.000000e+00,0.000000e+00,0.000000e+00,0.000000e+00,0.000000e+00,0.000000e+00
1.000000e+00,0.000000e+00,0.000000e+00,0.000000e+00,0.000000e+00,0.000000e+00,0.000000e+00,0.000000e+00,0.000000e+00,0.000000e+00,0.000000e+00,0.000000e+00,0.000000e+00,0.000000e+00,0.000000e+00
1.000000e+00,0.000000e+00,0.000000e+00,0.000000e+00,0.000000e+00,0.000000e+00,0.000000e+00,0.000000e+00,0.000000e+00,0.000000e+00,0.000000e+00,0.000000e+00,0.000000e+00,0.000000e+00,0.000000e+00
1.000000e+00,0.000000e+00,0.000000e+00,0.000000e+00,0.000000e+00,0.000000e+00,0.000000e+00,0.000000e+00,0.000000e+00,0.000000e+00,0.000000e+00,0.000000e+00,0.000000e+00,0.000000e+00,0.000000e+00
1.000000e+00,0.000000e+00,0.000000e+00,0.000000e+00,0.000000e+00,0.000000e+00,0.000000e+00,0.000000e+00,0.000000e+00,0.000000e+00,0.000000e+00,0.000000e+00,0.000000e+00,0.000000e+00,0.000000e+00
1.000000e+00,0.000000e+00,0.000000e+00,0.000000e+00,0.000000e+00,0.000000e+00,0.000000e+00,0.000000e+00,0.000000e+00,0.000000e+00,0.000000e+00,0.000000e+00,0.000000e+00,0.000000e+00,0.000000e+00
1.000000e+00,0.000000e+00,0.000000e+00,0.000000e+00,0.000000e+00,0.000000e+00,0.000000e+00,0.000000e+00,0.000000e+00,0.000000e+00,0.000000e+00,0.000000e+00,0.000000e+00,0.000000e+00,0.000000e+00
1.000000e+00,0.000000e+00,0.000000e+00,0.000000e+00,0.000000e+00,0.000000e+00,0.000000e+00,0.000000e+00,0.000000e+00,0.000000e+00,0.000000e+00,0.000000e+00,0.000000e+00,0.000000e+00,0.000000e+00
1.000000e+00,0.000000e+00,0.000000e+00,0.000000e+00,0.000000e+00,0.000000e+00,0.000000e+00,0.000000e+00,0.000000e+00,0.000000e+00,0.000000e+00,0.000000e+00,0.000000e+00,0.000000e+00,0.000000e+00
1.000000e+00,0.000000e+00,0.000000e+00,0.000000e+00,0.000000e+00,0.000000e+00,0.000000e+00,0.000000e+00,0.000000e+00,0.000000e+00,0.000000e+00,0.000000e+00,0.000000e+00,0.000000e+00,0.000000e+00
1.000000e+00,0.000000e+00,0.000000e+00,0.000000e+00,0.000000e+00,0.000000e+00,0.000000e+00,0.000000e+00,0.000000e+00,0.000000e+00,0.000000e+00,0.000000e+00,0.000000e+00,0.000000e+00,0.000000e+00
1.000000e+00,0.000000e+00,0.000000e+00,0.000000e+00,0.000000e+00,0.000000e+00,0.000000e+00,0.000000e+00,0.000000e+00,0.000000e+00,0.000000e+00,0.000000e+00,0.000000e+00,0.000000e+00,0.000000e+00
1.000000e+00,0.000000e+00,0.000000e+00,0.000000e+00,0.000000e+00,0.000000e+00,0.000000e+00,0.000000e+00,0.000000e+00,0.000000e+00,0.000000e+00,0.000000e+00,0.000000e+00,0.000000e+00,0.000000e+00
1.000000e+00,0.000000e+00,0.000000e+00,0.000000e+00,0.000000e+00,0.000000e+00,0.000000e+00,0.000000e+00,0.000000e+00,0.000000e+00,0.000000e+00,0.000000e+00,0.000000e+00,0.000000e+00,0.000000e+00
1.000000e+00,0.000000e+00,0.000000e+00,0.000000e+00,0.000000e+00,0.000000e+00,0.000000e+00,0.000000e+00,0.000000e+00,0.000000e+00,0.000000e+00,0.000000e+00,0.000000e+00,0.000000e+00,0.000000e+00
1.000000e+00,0.000000e+00,0.000000e+00,0.000000e+00,0.000000e+00,0.000000e+00,0.000000e+00,0.000000e+00,0.000000e+00,0.000000e+00,0.000000e+00,0.000000e+00,0.000000e+00,0.000000e+00,0.000000e+00
1.000000e+00,0.000000e+00,0.000000e+00,0.000000e+00,0.000000e+00,0.000000e+00,0.000000e+00,0.000000e+00,0.000000e+00,0.000000e+00,0.000000e+00,0.000000e+00,0.000000e+00,0.000000e+00,0.000000e+00
1.000000e+00,0.000000e+00,0.000000e+00,0.000000e+00,0.000000e+00,0.000000e+00,0.000000e+00,0.000000e+00,0.000000e+00,0.000000e+00,0.000000e+00,0.000000e+00,0.000000e+00,0.000000e+00,0.000000e+00
1.000000e+00,0.000000e+00,0.000000e+00,0.000000e+00,0.000000e+00,0.000000e+00,0.000000e+00,0.000000e+00,0.000000e+00,0.000000e+00,0.000000e+00,0.000000e+00,0.000000e+00,0.000000e+00,0.000000e+00
1.000000e+00,0.000000e+00,0.000000e+00,0.000000e+00,0.000000e+00,0.000000e+00,0.000000e+00,0.000000e+00,0.000000e+00,0.000000e+00,0.000000e+00,0.000000e+00,0.000000e+00,0.000000e+00,0.000000e+00
1.000000e+00,0.000000e+00,0.000000e+00,0.000000e+00,0.000000e+00,0.000000e+00,0.000000e+00,0.000000e+00,0.000000e+00,0.000000e+00,0.000000e+00,0.000000e+00,0.000000e+00,0.000000e+00,0.000000e+00
1.000000e+00,0.000000e+00,0.000000e+00,0.000000e+00,0.000000e+00,0.000000e+00,0.000000e+00,0.000000e+00,0.000000e+00,0.000000e+00,0.000000e+00,0.000000e+00,0.000000e+00,0.000000e+00,0.000000e+00
1.000000e+00,0.000000e+00,0.000000e+00,0.000000e+00,0.000000e+00,0.000000e+00,0.000000e+00,0.000000e+00,0.000000e+00,0.000000e+00,0.000000e+00,0.000000e+00,0.000000e+00,0.000000e+00,0.000000e+00
1.000000e+00,0.000000e+00,0.000000e+00,0.000000e+00,0.000000e+00,0.000000e+00,0.000000e+00,0.000000e+00,0.000000e+00,0.000000e+00,0.000000e+00,0.000000e+00,0.000000e+00,0.000000e+00,0.000000e+00
4.233974e-01,4.802110e-02,5.259972e-02,3.597656e-01,4.642114e-03,1.011992e-02,2.676429e-03,6.895322e-03,7.610960e-03,3.648383e-03,1.431791e-02,1.481426e-02,1.188557e-02,3.178058e-03,3.642730e-02
3.380764e-01,4.570629e-02,1.094137e-01,3.987726e-01,4.305962e-03,8.818797e-03,2.088512e-03,6.305963e-03,6.572887e-03,3.792355e-03,1.403332e-02,1.369218e-02,9.651805e-03,2.837140e-03,3.593213e-02
3.849663e-01,4.991651e-02,9.745203e-02,3.265602e-01,5.634279e-03,1.050155e-02,1.817199e-03,7.023846e-03,7.005006e-03,4.061198e-03,1.721440e-02,1.346264e-02,1.172580e-02,4.474617e-03,5.818445e-02
4.131707e-01,7.205126e-02,7.163317e-02,2.638013e-01,6.273525e-03,1.692627e-02,1.889191e-03,5.983820e-03,2.344014e-02,6.932751e-03,1.634096e-02,1.804513e-02,1.427739e-02,4.079950e-03,6.515448e-02
2.947105e-01,1.075772e-01,5.622551e-02,3.097450e-01,1.009598e-02,1.447829e-02,2.024714e-03,4.316518e-03,9.545177e-02,6.303914e-03,1.371667e-02,1.590237e-02,1.204352e-02,3.014465e-03,5.439366e-02
2.382471e-01,8.166372e-02,7.057989e-02,3.418112e-01,1.933800e-02,1.635885e-02,2.617323e-03,3.728752e-03,1.420210e-01,5.476901e-03,1.269971e-02,1.226368e-02,1.054186e-02,2.285966e-03,4.036604e-02
1.731579e-01,6.425592e-02,6.007783e-02,4.838414e-01,1.471467e-02,1.859329e-02,2.014025e-03,2.812917e-03,1.085671e-01,4.847976e-03,1.361563e-02,1.058913e-02,9.782009e-03,1.665963e-03,3.146420e-02
2.033366e-01,5.923303e-02,5.476909e-02,4.257626e-01,1.262463e-02,5.721592e-02,2.117056e-03,2.317660e-03,9.630609e-02,4.855648e-03,1.593185e-02,1.949880e-02,1.503851e-02,1.441192e-03,2.955134e-02
2.442601e-01,6.746722e-02,4.591370e-02,3.541552e-01,1.162037e-02,5.510093e-02,2.733348e-03,1.897408e-03,1.246860e-01,6.683094e-03,2.034639e-02,1.805935e-02,1.519747e-02,1.626873e-03,3.025259e-02
2.407601e-01,1.040993e-01,3.440338e-02,2.874606e-01,1.206396e-02,4.599481e-02,3.458283e-03,1.536603e-03,1.766891e-01,7.686559e-03,1.641969e-02,1.347949e-02,2.058850e-02,1.457732e-03,3.390181e-02
2.057627e-01,8.039920e-02,2.754880e-02,2.903097e-01,1.361743e-02,4.016969e-02,9.042811e-03,2.867162e-03,2.207232e-01,9.435788e-03,1.406234e-02,1.227897e-02,3.992777e-02,1.451851e-03,3.240259e-02
1.536859e-01,6.199387e-02,1.998471e-02,2.174802e-01,9.932372e-03,5.901143e-02,7.397989e-03,2.541319e-03,1.775827e-01,7.094163e-03,1.121854e-02,9.131185e-03,2.369213e-01,1.082592e-03,2.494180e-02
1.145136e-01,5.125228e-02,1.449824e-02,1.722869e-01,7.296149e-03,9.547022e-02,5.790362e-03,2.082448e-03,1.523554e-01,5.234907e-03,8.798539e-03,6.830436e-03,3.437573e-01,8.040220e-04,1.902921e-02
8.681587e-02,5.989326e-02,1.047431e-02,1.290074e-01,5.514512e-03,8.280113e-02,4.684255e-03,1.735379e-03,1.741446e-01,4.044224e-03,8.960640e-03,6.652126e-03,3.975796e-01,7.420450e-04,2.695066e-02
6.096941e-02,4.692418e-02,7.389691e-03,9.165335e-02,4.000181e-03,6.045660e-02,3.394205e-03,1.255283e-03,1.499340e-01,2.915092e-03,6.602523e-03,5.000205e-03,5.348325e-01,5.438884e-04,2.412895e-02
4.278992e-02,3.672050e-02,5.275069e-03,6.526045e-02,2.921818e-03,4.370718e-02,2.546186e-03,9.385240e-04,1.331432e-01,2.155362e-03,4.870507e-03,3.758083e-03,6.330348e-01,3.933066e-04,2.248518e-02
2.999630e-02,2.879693e-02,3.722737e-03,4.611962e-02,2.092858e-03,3.100337e-02,1.816354e-03,6.765330e-04,1.283394e-01,1.529366e-03,3.459619e-03,2.795917e-03,7.022851e-01,2.772096e-04,1.708884e-02
2.124221e-02,2.659358e-02,2.695384e-03,3.324158e-02,1.802101e-03,2.271260e-02,1.466177e-03,6.961568e-04,1.702603e-01,1.122221e-03,2.741123e-03,2.954263e-03,6.937032e-01,2.005063e-04,1.856859e-02
1.516525e-02,2.069319e-02,1.978337e-03,3.414438e-02,2.302759e-03,1.660503e-02,1.321904e-03,2.303544e-03,3.781094e-01,8.438863e-04,2.084448e-03,2.263245e-03,5.075822e-01,1.490003e-04,1.445343e-02
1.116766e-02,1.755374e-02,1.617464e-03,3.071603e-02,1.966307e-03,1.416795e-02,1.425374e-03,2.384222e-03,4.710551e-01,7.811200e-04,5.194354e-03,6.487213e-03,4.174415e-01,3.433106e-04,1.769873e-02
8.490910e-03,1.363051e-02,1.381958e-03,2.264713e-02,5.391999e-03,1.078372e-02,5.327657e-03,2.691647e-03,5.017375e-01,1.602514e-03,8.372856e-03,1.209885e-02,3.786581e-01,3.644785e-04,2.682013e-02
6.191141e-03,1.037897e-02,1.882327e-03,1.609560e-02,4.643740e-03,1.023119e-02,1.009102e-02,1.446961e-02,4.982978e-01,1.764917e-03,1.402984e-02,1.327154e-02,3.548051e-01,5.238904e-04,4.332343e-02
5.392396e-03,8.288248e-03,3.097115e-03,1.162460e-02,5.332702e-03,1.119603e-02,1.397793e-02,2.301719e-02,4.255612e-01,1.883397e-03,1.912665e-02,1.451936e-02,3.947866e-01,8.037133e-04,6.139291e-02
1.223877e-02,9.991799e-03,8.850167e-03,1.175919e-02,7.585035e-03,2.465411e-02,1.510778e-02,3.664523e-02,4.811553e-01,2.375781e-03,2.341659e-02,1.502655e-02,2.983346e-01,1.047839e-03,5.181135e-02
1.079119e-02,1.063583e-02,1.055306e-02,2.271130e-02,7.519748e-03,2.141043e-02,1.164505e-02,3.862121e-02,5.589834e-01,5.249988e-03,2.509389e-02,1.354915e-02,2.203063e-01,1.214966e-03,4.171452e-02
9.156606e-03,1.487222e-02,1.928149e-02,2.235251e-02,7.825827e-03,1.799696e-02,9.663601e-03,3.244378e-02,5.940163e-01,9.861491e-03,2.186786e-02,1.402658e-02,1.858122e-01,1.189317e-03,3.963340e-02
8.668336e-03,2.065609e-02,1.653970e-02,2.097445e-02,1.075405e-02,1.568968e-02,8.056380e-03,2.470860e-02,4.776688e-01,8.578862e-03,2.316532e-02,1.284803e-02,3.173765e-01,1.005599e-03,3.330971e-02
9.675398e-03,2.383706e-02,1.362168e-02,2.453507e-02,1.417101e-02,1.655963e-02,7.095566e-03,2.435921e-02,4.175844e-01,7.059714e-03,2.209900e-02,1.276170e-02,3.764947e-01,1.069263e-03,2.907663e-02
8.842081e-03,2.816701e-02,1.089711e-02,2.078523e-02,1.305453e-02,1.779062e-02,5.442857e-03,1.783166e-02,3.420352e-01,5.786421e-03,1.927827e-02,1.380529e-02,4.670271e-01,1.719362e-03,2.753736e-02
9.096513e-03,2.228819e-02,4.024842e-02,1.784249e-01,1.453080e-02,1.775644e-02,4.374411e-03,1.548348e-02,2.737002e-01,7.665402e-03,1.975496e-02,1.286622e-02,3.598257e-01,1.808788e-03,2.217549e-02
8.630324e-03,1.882208e-02,4.099370e-02,2.535473e-01,1.573390e-02,1.626395e-02,3.902527e-03,1.252776e-02,2.224932e-01,9.664678e-03,6.424737e-02,1.512595e-02,2.924258e-01,2.557409e-03,2.306402e-02
8.050980e-03,2.495537e-02,3.687380e-02,2.044220e-01,1.616884e-02,1.720923e-02,4.297348e-03,1.134535e-02,1.902213e-01,8.361729e-03,8.829245e-02,1.664196e-02,3.440530e-01,2.333498e-03,2.677315e-02
7.032512e-03,2.232470e-02,2.742574e-02,1.474573e-01,1.522221e-02,1.465579e-02,4.127350e-03,9.377641e-03,1.629725e-01,6.684198e-03,9.383985e-02,1.442047e-02,4.368328e-01,1.853936e-03,3.577296e-02
6.917392e-03,2.998618e-02,2.826831e-02,1.310788e-01,1.306515e-02,1.428124e-02,3.491064e-03,5.016208e-02,1.487008e-01,5.561924e-03,7.082251e-02,1.328041e-02,4.459977e-01,2.117729e-03,3.626872e-02
7.289374e-03,4.224191e-02,2.301950e-02,9.550133e-02,1.202960e-02,2.677210e-02,3.613220e-03,5.585873e-02,1.697527e-01,4.676876e-03,5.291798e-02,1.121675e-02,4.434447e-01,2.280302e-03,4.938503e-02
1.116139e-02,3.450983e-02,2.616309e-02,1.184218e-01,1.290363e-02,6.004653e-02,3.494324e-03,1.144654e-01,1.602187e-01,4.650276e-03,3.961235e-02,9.936651e-03,3.642256e-01,2.027360e-03,3.816320e-02
2.399758e-02,3.398143e-02,2.404928e-02,9.139600e-02,1.174443e-02,6.051387e-02,3.457733e-03,1.165968e-01,1.707124e-01,4.431702e-03,3.119094e-02,1.038423e-02,3.728663e-01,2.941375e-03,4.173596e-02
2.805688e-02,3.571504e-02,2.130468e-02,6.637825e-02,1.082559e-02,6.340843e-02,4.823651e-03,1.617465e-01,1.950970e-01,3.609501e-03,2.310353e-02,1.027295e-02,3.351107e-01,2.394294e-03,3.815304e-02
3.317130e-02,4.922568e-02,2.204269e-02,5.604945e-02,1.014618e-02,5.698965e-02,5.806140e-03,1.630138e-01,2.638243e-01,3.440040e-03,1.816469e-02,9.310124e-03,2.638737e-01,1.926696e-03,4.301554e-02
3.685416e-02,4.241029e-02,2.398059e-02,4.506298e-02,1.011362e-02,4.462628e-02,2.761672e-02,2.210775e-01,2.735360e-01,4.347440e-03,1.442446e-02,8.700317e-03,2.000914e-01,1.589299e-03,4.556894e-02
3.848301e-02,3.652981e-02,2.101983e-02,3.365700e-02,1.049868e-02,3.671157e-02,5.072931e-02,2.839164e-01,2.709400e-01,3.913395e-03,1.093668e-02,7.041110e-03,1.500964e-01,1.207878e-03,4.431891e-02
3.495586e-02,3.220316e-02,1.720957e-02,2.414483e-02,1.032068e-02,3.233531e-02,1.301165e-01,2.552392e-01,2.907323e-01,3.428285e-03,8.549323e-03,5.700491e-03,1.118971e-01,9.041225e-04,4.226313e-02
3.054573e-02,2.729870e-02,1.294636e-02,1.728368e-02,8.791081e-03,2.669519e-02,2.083799e-01,2.535413e-01,2.711065e-01,3.381680e-03,7.907053e-03,5.216117e-03,8.870532e-02,6.884264e-04,3.751295e-02
2.588448e-02,2.541423e-02,9.791450e-03,1.238101e-02,1.001340e-02,2.106855e-02,2.083903e-01,2.915632e-01,2.724564e-01,3.395326e-03,1.314277e-02,4.470966e-03,6.846554e-02,5.836273e-04,3.297874e-02
2.305155e-02,2.077268e-02,8.341025e-03,8.990936e-03,1.207348e-02,1.641344e-02,2.110996e-01,3.589096e-01,2.397861e-01,4.353805e-03,1.287765e-02,4.182500e-03,5.235108e-02,5.491993e-04,2.624729e-02
2.502501e-02,1.872812e-02,7.988300e-03,6.924567e-03,1.582561e-02,1.459113e-02,1.807097e-01,4.020301e-01,2.432220e-01,5.991097e-03,1.163141e-02,3.901030e-03,3.951778e-02,5.543087e-04,2.335982e-02
3.694930e-02,2.115668e-02,9.540997e-03,5.831952e-03,2.101637e-02,1.745238e-02,1.582231e-01,3.335129e-01,2.950458e-01,8.601205e-03,1.108772e-02,4.803515e-03,3.658071e-02,9.259251e-04,3.927149e-02
4.241090e-02,2.018667e-02,9.552805e-03,4.707034e-03,2.501100e-02,1.884428e-02,1.348304e-01,2.681750e-01,3.474083e-01,9.428988e-03,1.021072e-02,4.613488e-03,3.466695e-02,1.302285e-03,6.865126e-02
5.257330e-02,2.051238e-02,1.452246e-02,4.364365e-03,2.866932e-02,1.756127e-02,1.342043e-01,2.088384e-01,3.512555e-01,1.161670e-02,1.198267e-02,4.516050e-03,3.655827e-02,1.548594e-03,1.012764e-01
8.125205e-02,2.434033e-02,3.926884e-02,5.786819e-03,3.641503e-02,1.650544e-02,1.162728e-01,1.556149e-01,3.463542e-01,1.463122e-02,9.345748e-03,4.387827e-03,3.817806e-02,1.379361e-03,1.102673e-01
1.002615e-01,2.970649e-02,5.270721e-02,7.376258e-03,4.042029e-02,1.565380e-02,1.284645e-01,1.199796e-01,3.210774e-01,1.987266e-02,7.924740e-03,4.279554e-03,4.125554e-02,1.347913e-03,1.096726e-01
8.166304e-02,5.021089e-02,9.875003e-02,3.695495e-02,4.602309e-02,1.492759e-02,9.934635e-02,8.697208e-02,2.423541e-01,7.594912e-02,3.121747e-02,7.977132e-03,3.063578e-02,1.278592e-03,9.573984e-02
6.344173e-02,4.756127e-02,8.402763e-02,3.459178e-02,3.834896e-02,1.471344e-02,7.515276e-02,6.426839e-02,1.765365e-01,1.929981e-01,8.125982e-02,1.010475e-02,2.953348e-02,2.137527e-03,8.532393e-02
4.511880e-02,3.445780e-02,6.285299e-02,2.653115e-02,3.276501e-02,1.130877e-02,6.034786e-02,4.796802e-02,1.258090e-01,3.094353e-01,9.831153e-02,8.716147e-03,2.646080e-02,5.098828e-03,1.048179e-01
3.186934e-02,2.451403e-02,4.495243e-02,2.030184e-02,2.474267e-02,8.837121e-03,4.360522e-02,3.369279e-02,8.893488e-02,4.322768e-01,8.379082e-02,9.667804e-03,3.633246e-02,8.548074e-03,1.079337e-01
2.331605e-02,1.811923e-02,3.183603e-02,1.886129e-02,2.477632e-02,6.758622e-03,3.125580e-02,2.400579e-02,7.440371e-02,5.062897e-01,8.878207e-02,1.078424e-02,3.911315e-02,1.554889e-02,8.614914e-02
1.666644e-02,1.289120e-02,2.263325e-02,1.426160e-02,2.429686e-02,5.292336e-03,2.217199e-02,1.684340e-02,5.476186e-02,5.526822e-01,8.926453e-02,1.439941e-02,3.732274e-02,3.042585e-02,8.608633e-02
1.191002e-02,9.291689e-03,1.635103e-02,1.140470e-02,1.955078e-02,4.406977e-03,1.575845e-02,1.185179e-02,3.994698e-02,6.055204e-01,8.517651e-02,1.744971e-02,3.233544e-02,3.977802e-02,7.926752e-02
8.723166e-03,6.596124e-03,1.160726e-02,8.629704e-03,1.529002e-02,3.405666e-03,1.114724e-02,8.411423e-03,2.968337e-02,6.461269e-01,8.586787e-02,1.794177e-02,2.562299e-02,4.592982e-02,7.501661e-02
6.719187e-03,4.824822e-03,8.642053e-03,7.947727e-03,1.267498e-02,3.105696e-03,7.929449e-03,6.015864e-03,2.377874e-02,6.859304e-01,8.149393e-02,2.594543e-02,1.981624e-02,4.348817e-02,6.168732e-02
5.578010e-03,3.607003e-03,6.793586e-03,1.312558e-02,2.608165e-02,3.094837e-03,6.334580e-03,5.000215e-03,2.646004e-02,5.932596e-01,1.408235e-01,3.293667e-02,1.632969e-02,4.126045e-02,7.931457e-02
6.507898e-03,3.627213e-03,1.572769e-02,2.012713e-02,5.325269e-02,5.107547e-03,5.340429e-03,8.435429e-03,3.510461e-02,4.402264e-01,2.205712e-01,2.959220e-02,1.615057e-02,5.946133e-02,8.076766e-02
9.233438e-03,5.151941e-03,1.760270e-02,2.231365e-02,7.473822e-02,6.030050e-03,5.167725e-03,9.354739e-03,4.253703e-02,3.497293e-01,2.288223e-01,3.102312e-02,1.628581e-02,8.288899e-02,9.912093e-02
2.690225e-02,8.412043e-03,2.198557e-02,1.920727e-02,6.356495e-02,7.092444e-02,7.782167e-03,2.151780e-02,4.377589e-02,2.900549e-01,2.205761e-01,2.932394e-02,1.737697e-02,8.364160e-02,7.495417e-02
4.664270e-02,1.222659e-02,3.616277e-02,3.207092e-02,8.681643e-02,5.958125e-02,6.042890e-03,5.238544e-02,4.283517e-02,2.506198e-01,1.902486e-01,2.276987e-02,1.465107e-02,9.196784e-02,5.497868e-02
4.534069e-02,1.006361e-02,8.487266e-02,1.163076e-01,9.284860e-02,4.305236e-02,4.986504e-03,8.274433e-02,3.663130e-02,1.928094e-01,1.544764e-01,1.701004e-02,1.163386e-02,6.750949e-02,3.971311e-02
7.521471e-02,1.134936e-02,1.025874e-01,1.387487e-01,1.053165e-01,3.239662e-02,4.487317e-03,1.280566e-01,3.181970e-02,1.442471e-01,1.226598e-01,1.238856e-02,9.042102e-03,5.283934e-02,2.884623e-02
8.548377e-02,1.057457e-02,9.247264e-02,1.449959e-01,9.334707e-02,2.481204e-02,4.418388e-03,2.345584e-01,2.414678e-02,1.130092e-01,9.487237e-02,9.229117e-03,8.010388e-03,3.908062e-02,2.098862e-02
7.723539e-02,1.356240e-02,7.172076e-02,1.411818e-01,7.516770e-02,1.877603e-02,3.730948e-03,3.621067e-01,2.035354e-02,8.416414e-02,7.214719e-02,6.933074e-03,6.708010e-03,3.092486e-02,1.528737e-02
6.717736e-02,1.076168e-02,5.928304e-02,1.190828e-01,5.976979e-02,1.589059e-02,4.137206e-03,4.888030e-01,1.675421e-02,6.063234e-02,5.294655e-02,5.456896e-03,5.358765e-03,2.284408e-02,1.110160e-02
5.507928e-02,8.370712e-03,4.746427e-02,1.018922e-01,4.972216e-02,1.168748e-02,3.199493e-03,5.961837e-01,1.277062e-02,4.274163e-02,3.873175e-02,3.974184e-03,4.097029e-03,1.626177e-02,7.823795e-03
5.939237e-02,1.161226e-02,3.943583e-02,7.991068e-02,5.676294e-02,1.149686e-02,2.652719e-03,6.283163e-01,1.276000e-02,3.210816e-02,3.433967e-02,5.861687e-03,5.262740e-03,1.275304e-02,7.334770e-03
6.990357e-02,1.351107e-02,3.142506e-02,6.086615e-02,8.435819e-02,1.670295e-02,2.296608e-03,6.122510e-01,1.509615e-02,2.502598e-02,3.471611e-02,7.860074e-03,6.804878e-03,1.128452e-02,7.897672e-03
8.901000e-02,1.149623e-02,2.471562e-02,4.592304e-02,7.163641e-02,1.463436e-02,2.176185e-03,6.460351e-01,1.467598e-02,1.844487e-02,2.740416e-02,9.937050e-03,6.226324e-03,1.025711e-02,7.427579e-03
1.734685e-01,9.589558e-03,2.348947e-02,3.822564e-02,6.679424e-02,1.481446e-02,2.174465e-03,5.773504e-01,1.491526e-02,1.329689e-02,2.189731e-02,2.124023e-02,8.018659e-03,7.880987e-03,6.843915e-03
2.519837e-01,8.252970e-03,2.296606e-02,3.295164e-02,6.165186e-02,1.422839e-02,2.517130e-03,5.014226e-01,1.356486e-02,9.986621e-03,1.913774e-02,3.736096e-02,1.110821e-02,6.236687e-03,6.630632e-03
3.418611e-01,8.566681e-03,1.965180e-02,2.785849e-02,5.037976e-02,1.990355e-02,2.690754e-03,3.818869e-01,1.948349e-02,7.711430e-03,3.672799e-02,5.151164e-02,1.602658e-02,7.274227e-03,8.465642e-03
3.058741e-01,1.219610e-02,1.619972e-02,2.249945e-02,4.435910e-02,3.416141e-02,2.431824e-03,2.737113e-01,2.188276e-02,5.821250e-03,8.397079e-02,1.430996e-01,1.732398e-02,7.468168e-03,9.000491e-03
2.462074e-01,1.064342e-02,1.451909e-02,1.736516e-02,3.541236e-02,3.468633e-02,2.211100e-03,1.938445e-01,2.601302e-02,4.533647e-03,2.183483e-01,1.505866e-01,1.447421e-02,2.080811e-02,1.034681e-02
1.860970e-01,9.677988e-03,1.784428e-02,1.363933e-02,3.326460e-02,2.614281e-02,1.737913e-03,1.366240e-01,2.274054e-02,4.475940e-03,3.661108e-01,1.279505e-01,1.090257e-02,3.242607e-02,1.036570e-02
1.369684e-01,7.656038e-03,1.505695e-02,1.123068e-02,2.676297e-02,2.402695e-02,1.655699e-03,9.638911e-02,1.740612e-02,5.391323e-03,4.818175e-01,1.183673e-01,8.628538e-03,4.044298e-02,8.199501e-03
1.146513e-01,6.213109e-03,1.211147e-02,8.567285e-03,2.025702e-02,2.026665e-02,1.563403e-03,6.882626e-02,1.322081e-02,4.794266e-03,5.854420e-01,9.186883e-02,7.105082e-03,3.896986e-02,6.142716e-03
9.777884e-02,5.809158e-03,1.055498e-02,6.448215e-03,1.605337e-02,1.702596e-02,1.445609e-03,5.075117e-02,1.094224e-02,4.357355e-03,6.464919e-01,7.004103e-02,6.045476e-03,5.150453e-02,4.750231e-03
8.588492e-02,8.319142e-03,1.073700e-02,5.231311e-03,1.304994e-02,1.436315e-02,1.274165e-03,4.031305e-02,1.358022e-02,4.913639e-03,6.805573e-01,5.475971e-02,5.496883e-03,5.768465e-02,3.835061e-03
7.683439e-02,3.187551e-02,6.822430e-02,1.401969e-02,2.797075e-02,3.504595e-02,2.002906e-03,3.670372e-02,3.087356e-02,1.574243e-02,5.459749e-01,5.612782e-02,6.889503e-03,4.733554e-02,4.379177e-03
1.238393e-01,4.393876e-02,7.316113e-02,1.351842e-02,2.630983e-02,3.258108e-02,2.223903e-03,3.017035e-02,3.394817e-02,1.574777e-02,4.882322e-01,5.533014e-02,6.665935e-03,4.903063e-02,5.302436e-03
1.145679e-01,5.239787e-02,6.185903e-02,1.064995e-02,2.134728e-02,3.862143e-02,1.787107e-03,2.327893e-02,4.517670e-02,1.805443e-02,4.615907e-01,5.163399e-02,6.672905e-03,8.470632e-02,7.655473e-03
1.463945e-01,6.083579e-02,4.706483e-02,8.743226e-03,1.667688e-02,3.201489e-02,1.414220e-03,1.781655e-02,5.723115e-02,1.761038e-02,4.278866e-01,5.091780e-02,7.664244e-03,9.875274e-02,8.976318e-03
1.440279e-01,6.114994e-02,9.946902e-02,1.381245e-02,1.775351e-02,2.844965e-02,1.371585e-03,1.576557e-02,1.170601e-01,1.804176e-02,3.368709e-01,4.551778e-02,6.784508e-03,8.525814e-02,8.667192e-03
1.382719e-01,5.692293e-02,1.848239e-01,2.193940e-02,1.734131e-02,3.872747e-02,1.131588e-03,1.303165e-02,1.299789e-01,2.248217e-02,2.464331e-01,3.388022e-02,5.695692e-03,7.931064e-02,1.002913e-02
1.356818e-01,4.480395e-02,2.723992e-01,2.815405e-02,1.619855e-02,3.096845e-02,8.962545e-04,1.055903e-02,1.109566e-01,5.469660e-02,1.838399e-01,2.550368e-02,4.681665e-03,6.152202e-02,1.913824e-02
1.343933e-01,7.631491e-02,3.072518e-01,2.363294e-02,1.542808e-02,2.598987e-02,8.291595e-04,1.014638e-02,1.194023e-01,4.419853e-02,1.377774e-01,2.044241e-02,4.282258e-03,5.967227e-02,2.023830e-02
1.215874e-01,1.479608e-01,2.503813e-01,2.001059e-02,1.312543e-02,2.574826e-02,7.123845e-04,1.291706e-02,1.665243e-01,3.586510e-02,1.100072e-01,1.558281e-02,3.589022e-03,5.897107e-02,1.701728e-02
1.236074e-01,1.455045e-01,2.788091e-01,3.483693e-02,1.184300e-02,2.795556e-02,7.537825e-04,2.157477e-02,1.510118e-01,3.253265e-02,8.353433e-02,1.312445e-02,3.575903e-03,4.712892e-02,2.420705e-02
1.469588e-01,1.468870e-01,2.611018e-01,3.605188e-02,1.994566e-02,2.735594e-02,9.377573e-04,2.398380e-02,1.496828e-01,2.858741e-02,6.588591e-02,1.170372e-02,4.302914e-03,4.754227e-02,2.907232e-02
1.576533e-01,1.425657e-01,1.921781e-01,7.195719e-02,2.949229e-02,2.832667e-02,1.191987e-03,2.718354e-02,1.486738e-01,2.317756e-02,7.374863e-02,1.480681e-02,7.681539e-03,4.533639e-02,3.602646e-02
1.216180e-01,1.164046e-01,1.367993e-01,5.798690e-02,2.160761e-02,2.416379e-02,1.019193e-03,1.949784e-02,1.230601e-01,1.864954e-02,2.434197e-01,3.728049e-02,1.023618e-02,3.814347e-02,3.011326e-02
9.325244e-02,9.913240e-02,9.761938e-02,4.687271e-02,1.689916e-02,2.088948e-02,8.617894e-04,1.409396e-02,1.022073e-01,2.455642e-02,3.572778e-01,5.307592e-02,1.356285e-02,3.555888e-02,2.413955e-02
9.328647e-02,1.153439e-01,7.618386e-02,5.039176e-02,1.529738e-02,1.734863e-02,9.278402e-04,1.355472e-02,1.237694e-01,2.402419e-02,3.386332e-01,5.794825e-02,1.716931e-02,3.593849e-02,2.018250e-02
7.903981e-02,9.532469e-02,5.587634e-02,5.370391e-02,1.654560e-02,1.506010e-02,1.023952e-03,1.659385e-02,1.341495e-01,4.385120e-02,3.677621e-01,4.701633e-02,1.707312e-02,4.095225e-02,1.602726e-02
6.883501e-02,8.701274e-02,4.048611e-02,4.190947e-02,1.291289e-02,1.326415e-02,8.582217e-04,1.343772e-02,1.179450e-01,4.402179e-02,4.293227e-01,5.455701e-02,1.820741e-02,4.359648e-02,1.363338e-02
5.588656e-02,7.587799e-02,2.884405e-02,3.113285e-02,1.039994e-02,1.073400e-02,7.120519e-04,9.901870e-03,1.197107e-01,4.557890e-02,4.881854e-01,5.794518e-02,1.596693e-02,3.748294e-02,1.164059e-02
4.104326e-02,9.793550e-02,2.059083e-02,2.259874e-02,1.989331e-02,8.080589e-03,6.842644e-04,7.154034e-03,2.756113e-01,3.532831e-02,3.726198e-01,4.429366e-02,1.655810e-02,2.829370e-02,9.314621e-03
3.168886e-02,8.701184e-02,1.749111e-02,1.708708e-02,2.760759e-02,8.408464e-03,8.803366e-04,7.278927e-03,2.852401e-01,8.086391e-02,3.497873e-01,3.430414e-02,1.329191e-02,3.099065e-02,8.067830e-03
2.462505e-02,6.921742e-02,1.253277e-02,1.307023e-02,2.045844e-02,9.425576e-03,9.347672e-04,6.440536e-03,2.150395e-01,8.568624e-02,4.705225e-01,2.972692e-02,1.160501e-02,2.455087e-02,6.164120e-03
2.104175e-02,6.426805e-02,9.271341e-03,9.657948e-03,1.676063e-02,1.648646e-02,1.207514e-03,7.003177e-03,1.697126e-01,9.768724e-02,5.224401e-01,2.680160e-02,1.075350e-02,2.208269e-02,4.825348e-03
1.957043e-02,5.672066e-02,1.151881e-02,1.811073e-02,2.055738e-02,1.396348e-02,1.228441e-03,9.937683e-03,1.472085e-01,8.172484e-02,5.699193e-01,2.052518e-02,8.657238e-03,1.612239e-02,4.234867e-03
1.815909e-02,9.248628e-02,1.364386e-02,1.587964e-02,2.153704e-02,1.131309e-02,1.436102e-03,1.253990e-02,1.484261e-01,7.274521e-02,5.504077e-01,1.722993e-02,7.659321e-03,1.290098e-02,3.635752e-03
4.048196e-02,1.109617e-01,4.278550e-02,1.958525e-02,2.932863e-02,1.212444e-02,2.926247e-03,2.669680e-02,1.970904e-01,6.512488e-02,4.100075e-01,1.865871e-02,9.999642e-03,1.057637e-02,3.652069e-03
4.496398e-02,1.392667e-01,3.933671e-02,1.690264e-02,4.067414e-02,1.043475e-02,2.585415e-03,2.849986e-02,2.596939e-01,6.134294e-02,3.128043e-01,1.798370e-02,1.002191e-02,1.145227e-02,4.036748e-03
4.500189e-02,1.350532e-01,3.931045e-02,1.448072e-02,5.969638e-02,8.976587e-03,2.332834e-03,3.691817e-02,3.318339e-01,5.332495e-02,2.318717e-01,1.499549e-02,9.620308e-03,1.220490e-02,4.378505e-03
4.598209e-02,1.176246e-01,5.046691e-02,1.878268e-02,1.285134e-01,7.688122e-03,1.902724e-03,1.152036e-01,2.758761e-01,3.883065e-02,1.657387e-01,1.173229e-02,7.726668e-03,9.432835e-03,4.498573e-03
5.194207e-02,1.434300e-01,5.398066e-02,2.001981e-02,1.610071e-01,9.266850e-03,1.826488e-03,1.334490e-01,2.353403e-01,3.804308e-02,1.217302e-01,9.619086e-03,6.225815e-03,8.690440e-03,5.429158e-03
5.863763e-02,1.082623e-01,4.704151e-02,4.238793e-02,1.906819e-01,8.997448e-03,2.580106e-03,1.766337e-01,1.995324e-01,4.909363e-02,9.001411e-02,8.512042e-03,5.226665e-03,7.037874e-03,5.360781e-03
8.383543e-02,8.342996e-02,4.912595e-02,5.358508e-02,1.722407e-01,9.225825e-03,5.060839e-03,1.729876e-01,1.675965e-01,1.092653e-01,6.916683e-02,9.206779e-03,4.619330e-03,5.862791e-03,4.791064e-03
1.125485e-01,6.338011e-02,4.076218e-02,7.875115e-02,1.599596e-01,8.047066e-03,5.696670e-03,1.873966e-01,1.484702e-01,1.032810e-01,6.346440e-02,1.361474e-02,4.955158e-03,5.208252e-03,4.464502e-03
1.144466e-01,4.834045e-02,3.180705e-02,1.671256e-01,1.380143e-01,6.412609e-03,5.212339e-03,2.328727e-01,1.100516e-01,7.400894e-02,4.786450e-02,1.232725e-02,4.145140e-03,3.939685e-03,3.431205e-03
1.453226e-01,3.767581e-02,2.400912e-02,1.711201e-01,1.364854e-01,5.149550e-03,4.581634e-03,2.381303e-01,1.214622e-01,5.422655e-02,4.081361e-02,1.132033e-02,3.469965e-03,3.323549e-03,2.909441e-03
2.454644e-01,3.043445e-02,1.855017e-02,1.483146e-01,1.337886e-01,4.594101e-03,3.771672e-03,1.830235e-01,1.309948e-01,3.931313e-02,3.678862e-02,1.409334e-02,4.622837e-03,2.850420e-03,3.395522e-03
2.965522e-01,2.240943e-02,2.198210e-02,1.581173e-01,1.131903e-01,4.041524e-03,3.394997e-03,1.799556e-01,1.152009e-01,2.788610e-02,3.171934e-02,1.599351e-02,4.418236e-03,2.376480e-03,2.761983e-03
2.853271e-01,1.609857e-02,2.019553e-02,1.418615e-01,8.909702e-02,3.261948e-03,2.838730e-03,2.870770e-01,8.920692e-02,1.959203e-02,2.473347e-02,1.320531e-02,3.663888e-03,1.791817e-03,2.049113e-03
2.639503e-01,1.155468e-02,1.581385e-02,1.088757e-01,6.804401e-02,2.671737e-03,2.499234e-03,4.111933e-01,6.677388e-02,1.377730e-02,1.874233e-02,1.030094e-02,2.889119e-03,1.340449e-03,1.573151e-03
2.144680e-01,8.190573e-03,1.587875e-02,8.601190e-02,5.004892e-02,2.099674e-03,1.960863e-03,5.373228e-01,4.720224e-02,9.665191e-03,1.425591e-02,8.379686e-03,2.279844e-03,1.077953e-03,1.157640e-03
1.697244e-01,5.787540e-03,1.202313e-02,6.361870e-02,3.569201e-02,1.653343e-03,1.520007e-03,6.502991e-01,3.325250e-02,6.774142e-03,1.026360e-02,6.068079e-03,1.693925e-03,7.914494e-04,8.380933e-04
1.379591e-01,4.096409e-03,9.035215e-03,4.776419e-02,2.565734e-02,1.372101e-03,1.365856e-03,7.303057e-01,2.344125e-02,4.753126e-03,7.355645e-03,4.387175e-03,1.287264e-03,5.976852e-04,6.219591e-04
1.182067e-01,2.942153e-03,7.006207e-03,3.688269e-02,1.859497e-02,1.344225e-03,1.192330e-03,7.832910e-01,1.654807e-02,3.338866e-03,5.416797e-03,3.259451e-03,1.033224e-03,4.641762e-04,4.791819e-04
1.230779e-01,2.310403e-03,5.866928e-03,2.949837e-02,1.405833e-02,1.715311e-03,1.205348e-03,7.992800e-01,1.185375e-02,2.365022e-03,4.158113e-03,2.698478e-03,1.035244e-03,4.069253e-04,4.698597e-04
1.153170e-01,1.769830e-03,4.813985e-03,2.229829e-02,1.113888e-02,1.672201e-03,1.332620e-03,8.244810e-01,8.472864e-03,1.676022e-03,3.074113e-03,2.156152e-03,9.893698e-04,3.844773e-04,4.231380e-04
1.129003e-01,2.185991e-03,4.335571e-03,1.636786e-02,1.029380e-02,1.944142e-03,1.799615e-03,8.327157e-01,6.387463e-03,1.294743e-03,3.015511e-03,3.393162e-03,2.122948e-03,4.737637e-04,7.694485e-04
1.358085e-01,4.147099e-03,5.240484e-03,1.349442e-02,1.165675e-02,3.925903e-03,2.694136e-03,7.803472e-01,6.613193e-03,1.320076e-03,4.822114e-03,1.172179e-02,1.599206e-02,6.239462e-04,1.592260e-03
1.432720e-01,7.393837e-03,1.034711e-02,2.862343e-02,1.473713e-02,1.082803e-02,3.745991e-03,6.571708e-01,9.768433e-03,6.977112e-03,9.235693e-03,2.798129e-02,6.235800e-02,7.887965e-04,6.772412e-03
1.121231e-01,1.562415e-02,3.172435e-02,6.892562e-02,1.390765e-02,1.317555e-02,7.226500e-03,4.971488e-01,2.716815e-02,2.576728e-02,1.831200e-02,2.889560e-02,9.986287e-02,8.011387e-04,3.933727e-02
9.254998e-02,1.402412e-02,2.499513e-02,5.915097e-02,1.219816e-02,1.266779e-02,9.239653e-03,3.991475e-01,3.826556e-02,2.044672e-02,4.241791e-02,2.733257e-02,1.756721e-01,8.321751e-04,7.105970e-02
8.251923e-02,1.881215e-02,2.322518e-02,4.457229e-02,9.996975e-03,1.127247e-02,1.040814e-02,3.155577e-01,4.418135e-02,1.988275e-02,3.936832e-02,2.133454e-02,1.874265e-01,1.153590e-03,1.702888e-01
6.009573e-02,2.549490e-02,1.850692e-02,3.648510e-02,8.379975e-03,9.092804e-03,1.639093e-02,2.442783e-01,1.096218e-01,2.020714e-02,3.325714e-02,1.716006e-02,1.906734e-01,1.284662e-03,2.090711e-01
4.300493e-02,2.584560e-02,1.575965e-02,3.192222e-02,7.480712e-03,7.266399e-03,4.631334e-02,1.858841e-01,1.736564e-01,1.904193e-02,2.711816e-02,1.438366e-02,1.736642e-01,1.247399e-03,2.274114e-01
3.184398e-02,6.655245e-02,2.579703e-02,2.533963e-02,6.180956e-03,7.616506e-03,3.998884e-02,1.336993e-01,1.795136e-01,3.224955e-02,2.571095e-02,1.343626e-02,1.564966e-01,2.811127e-03,2.527632e-01
2.266376e-02,6.131350e-02,8.432947e-02,1.950292e-02,4.800133e-03,6.152770e-03,3.119947e-02,9.420141e-02,1.399923e-01,4.051884e-02,3.373773e-02,1.743245e-02,2.428102e-01,2.688931e-03,1.986561e-01
1.824654e-02,1.870812e-01,8.864264e-02,1.540917e-02,5.415638e-03,5.255653e-03,2.218154e-02,6.660371e-02,1.511138e-01,3.891878e-02,3.289476e-02,1.547871e-02,1.889396e-01,2.905199e-03,1.609130e-01
1.375362e-02,3.076000e-01,1.171375e-01,1.363491e-02,6.489696e-03,4.623219e-03,1.570520e-02,4.693266e-02,1.471239e-01,3.032657e-02,2.543645e-02,1.152257e-02,1.339704e-01,2.603909e-03,1.231393e-01
1.334146e-02,3.549126e-01,1.468130e-01,1.303720e-02,7.400233e-03,4.755344e-03,1.120710e-02,3.352737e-02,1.693604e-01,2.424088e-02,2.121373e-02,8.654845e-03,9.543135e-02,2.191135e-03,9.391334e-02
2.590130e-02,4.160898e-01,1.293872e-01,1.345164e-02,1.673434e-02,5.904521e-03,8.388623e-03,2.421452e-02,1.662659e-01,2.098658e-02,1.588629e-02,6.293260e-03,6.791257e-02,1.734521e-03,8.084883e-02
2.690769e-02,4.101568e-01,1.445343e-01,4.357139e-02,1.838398e-02,5.474000e-03,6.138643e-03,1.972931e-02,1.596294e-01,2.820211e-02,1.246557e-02,4.711194e-03,4.794467e-02,1.396239e-03,7.075454e-02
