1.000000e+00,0.000000e+00,0.000000e+00,0.000000e+00,0.000000e+00,0.000000e+00,0.000000e+00,0.000000e+00,0.000000e+00,0.000000e+00,0.000000e+00,0.000000e+00,0.000000e+00,0.000000e+00,0.000000e+00
1.000000e+00,0.000000e+00,0.000000e+00,0.000000e+00,0.000000e+00,0.000000e+00,0.000000e+00,0.000000e+00,0.000000e+00,0.000000e+00,0.000000e+00,0.000000e+00,0.000000e+00,0.000000e+00,0.000000e+00
1.000000e+00,0.000000e+00,0.000000e+00,0.000000e+00,0.000000e+00,0.000000e+00,0.000000e+00,0.000000e+00,0.000000e+00,0.000000e+00,0.000000e+00,0.000000e+00,0.000000e+00,0.000000e+00,0.000000e+00
1.000000e+00,0.000000e+00,0.000000e+00,0.000000e+00,0.000000e+00,0.000000e+00,0.000000e+00,0.000000e+00,0.000000e+00,0.000000e+00,0.000000e+00,0.000000e+00,0.000000e+00,0.000000e+00,0.000000e+00
1.000000e+00,0.000000e+00,0.000000e+00,0.000000e+00,0.000000e+00,0.000000e+00,0.000000e+00,0.000000e+00,0.000000e+00,0.000000e+00,0.000000e+00,0.000000e+00,0.000000e+00,0.000000e+00,0.000000e+00
1.000000e+00,0.000000e+00,0.000000e+00,0.000000e+00,0.000000e+00,0.000000e+00,0.000000e+00,0.000000e+00,0.000000e+00,0.000000e+00,0.000000e+00,0.000000e+00,0.000000e+00,0.000000e+00,0.000000e+00
1.000000e+00,0.000000e+00,0.000000e+00,0.000000e+00,0.000000e+00,0.000000e+00,0.000000e+00,0.000000e+00,0.000000e+00,0.000000e+00,0.000000e+00,0.000000e+00,0.000000e+00,0.000000e+00,0.000000e+00
1.000000e+00,0.000000e+00,0.000000e+00,0.000000e+00,0.000000e+00,0.000000e+00,0.000000e+00,0.000000e+00,0.000000e+00,0.000000e+00,0.000000e+00,0.000000e+00,0.000000e+00,0.000000e+00,0.000000e+00
1.000000e+00,0.000000e+00,0.000000e+00,0.000000e+00,0.000000e+00,0.000000e+00,0.000000e+00,0.000000e+00,0.000000e+00,0.000000e+00,0.000000e+00,0.000000e+00,0.000000e+00,0.000000e+00,0.000000e+00
1.000000e+00,0.000000e+00,0.000000e+00,0.000000e+00,0.000000e+00,0.000000e+00,0.000000e+00,0.000000e+00,0.000000e+00,0.000000e+00,0.000000e+00,0.000000e+00,0.000000e+00,0.000000e+00,0.000000e+00
1.000000e+00,0.000000e+00,0.000000e+00,0.000000e+00,0.000000e+00,0.000000e+00,0.000000e+00,0.000000e+00,0.000000e+00,0.000000e+00,0.000000e+00,0.000000e+00,0.000000e+00,0.000000e+00,0.000000e+00
1.000000e+00,0.000000e+00,0.000000e+00,0.000000e+00,0.000000e+00,0.000000e+00,0.000000e+00,0.000000e+00,0.000000e+00,0.000000e+00,0.000000e+00,0.000000e+00,0.000000e+00,0.000000e+00,0.000000e+00
1.000000e+00,0.000000e+00,0.000000e+00,0.000000e+00,0.000000e+00,0.000000e+00,0.000000e+00,0.000000e+00,0.000000e+00,0.000000e+00,0.000000e+00,0.000000e+00,0.000000e+00,0.000000e+00,0.000000e+00
1.000000e+00,0.000000e+00,0.000000e+00,0.000000e+00,0.000000e+00,0.000000e+00,0.000000e+00,0.000000e+00,0.000000e+00,0.000000e+00,0.000000e+00,0.000000e+00,0.000000e+00,0.000000e+00,0.000000e+00
1.000000e+00,0.000000e+00,0.000000e+00,0.000000e+00,0.000000e+00,0.000000e+00,0.000000e+00,0.000000e+00,0.000000e+00,0.000000e+00,0.000000e+00,0.000000e+00,0.000000e+00,0.000000e+00,0.000000e+00
1.000000e+00,0.000000e+00,0.000000e+00,0.000000e+00,0.000000e+00,0.000000e+00,0.000000e+00,0.000000e+00,0.000000e+00,0.000000e+00,0.000000e+00,0.000000e+00,0.000000e+00,0.000000e+00,0.000000e+00
1.000000e+00,0.000000e+00,0.000000e+00,0.000000e+00,0.000000e+00,0.000000e+00,0.000000e+00,0.000000e+00,0.000000e+00,0.000000e+00,0.000000e+00,0.000000e+00,0.000000e+00,0.000000e+00,0.000000e+00
1.000000e+00,0.000000e+00,0.000000e+00,0.000000e+00,0.000000e+00,0.000000e+00,0.000000e+00,0.000000e+00,0.000000e+00,0.000000e+00,0.000000e+00,0.000000e+00,0.000000e+00,0.000000e+00,0.000000e+00
1.000000e+00,0.000000e+00,0.000000e+00,0.000000e+00,0.000000e+00,0.000000e+00,0.000000e+00,0.000000e+00,0.000000e+00,0.000000e+00,0.000000e+00,0.000000e+00,0.000000e+00,0.000000e+00,0.000000e+00
1.000000e+00,0.000000e+00,0.000000e+00,0.000000e+00,0.000000e+00,0.000000e+00,0.000000e+00,0.000000e+00,0.000000e+00,0.000000e+00,0.000000e+00,0.000000e+00,0.000000e+00,0.000000e+00,0.000000e+00
1.000000e+00,0.000000e+00,0.000000e+00,0.000000e+00,0.000000e+00,0.000000e+00,0.000000e+00,0.000000e+00,0.000000e+00,0.000000e+00,0.000000e+00,0.000000e+00,0.000000e+00,0.000000e+00,0.000000e+00
1.000000e+00,0.000000e+00,0.000000e+00,0.000000e+00,0.000000e+00,0.000000e+00,0.000000e+00,0.000000e+00,0.000000e+00,0.000000e+00,0.000000e+00,0.000000e+00,0.000000e+00,0.000000e+00,0.000000e+00
1.000000e+00,0.000000e+00,0.000000e+00,0.000000e+00,0.000000e+00,0.000000e+00,0.000000e+00,0.000000e+00,0.000000e+00,0.000000e+00,0.000000e+00,0.000000e+00,0.000000e+00,0.000000e+00,0.000000e+00
1.000000e+00,0.000000e+00,0.000000e+00,0.000000e+00,0.000000e+00,0.000000e+00,0.000000e+00,0.000000e+00,0.000000e+00,0.000000e+00,0.000000e+00,0.000000e+00,0.000000e+00,0.000000e+00,0.000000e+00
1.000000e+00,0.000000e+00,0.000000e+00,0.000000e+00,0.000000e+00,0.000000e+00,0.000000e+00,0.000000e+00,0.000000e+00,0.000000e+00,0.000000e+00,0.000000e+00,0.000000e+00,0.000000e+00,0.000000e+00
1.000000e+00,0.000000e+00,0.000000e+00,0.000000e+00,0.000000e+00,0.000000e+00,0.000000e+00,0.000000e+00,0.000000e+00,0.000000e+00,0.000000e+00,0.000000e+00,0.000000e+00,0.000000e+00,0.000000e+00
1.000000e+00,0.000000e+00,0.000000e+00,0.000000e+00,0.000000e+00,0.000000e+00,0.000000e+00,0.000000e+00,0.000000e+00,0.000000e+00,0.000000e+00,0.000000e+00,0.000000e+00,0.000000e+00,0.000000e+00
1.000000e+00,0.000000e+00,0.000000e+00,0.000000e+00,0.000000e+00,0.000000e+00,0.000000e+00,0.000000e+00,0.000000e+00,0.000000e+00,0.000000e+00,0.000000e+00,0.000000e+00,0.000000e+00,0.000000e+00
1.000000e+00,0.000000e+00,0.000000e+00,0.000000e+00,0.000000e+00,0.000000e+00,0.000000e+00,0.000000e+00,0.000000e+00,0.000000e+00,0.000000e+00,0.000000e+00,0.000000e+00,0.000000e+00,0.000000e+00
1.000000e+00,0.000000e+00,0.000000e+00,0.000000e+00,0.000000e+00,0.000000e+00,0.000000e+00,0.000000e+00,0.000000e+00,0.000000e+00,0.000000e+00,0.000000e+00,0.000000e+00,0.000000e+00,0.000000e+00
1.000000e+00,0.000000e+00,0.000000e+00,0.000000e+00,0.000000e+00,0.000000e+00,0.000000e+00,0.000000e+00,0.000000e+00,0.000000e+00,0.000000e+00,0.000000e+00,0.000000e+00,0.000000e+00,0.000000e+00
1.000000e+00,0.000000e+00,0.000000e+00,0.000000e+00,0.000000e+00,0.000000e+00,0.000000e+00,0.000000e+00,0.000000e+00,0.000000e+00,0.000000e+00,0.000000e+00,0.000000e+00,0.000000e+00,0.000000e+00
1.000000e+00,0.000000e+00,0.000000e+00,0.000000e+00,0.000000e+00,0.000000e+00,0.000000e+00,0.000000e+00,0.000000e+00,0.000000e+00,0.000000e+00,0.000000e+00,0.000000e+00,0.000000e+00,0.000000e+00
1.000000e+00,0.000000e+00,0.000000e+00,0.000000e+00,0.000000e+00,0.000000e+00,0.000000e+00,0.000000e+00,0.000000e+00,0.000000e+00,0.000000e+00,0.000000e+00,0.000000e+00,0.000000e+00,0.000000e+00
1.000000e+00,0.000000e+00,0.000000e+00,0.000000e+00,0.000000e+00,0.000000e+00,0.000000e+00,0.000000e+00,0.000000e+00,0.000000e+00,0.000000e+00,0.000000e+00,0.000000e+00,0.000000e+00,0.000000e+00
1.000000e+00,0.000000e+00,0.000000e+00,0.000000e+00,0.000000e+00,0.000000e+00,0.000000e+00,0.000000e+00,0.000000e+00,0.000000e+00,0.000000e+00,0.000000e+00,0.000000e+00,0.000000e+00,0.000000e+00
1.000000e+00,0.000000e+00,0.000000e+00,0.000000e+00,0.000000e+00,0.000000e+00,0.000000e+00,0.000000e+00,0.000000e+00,0.000000e+00,0.000000e+00,0.000000e+00,0.000000e+00,0.000000e+00,0.000000e+00
1.000000e+00,0.000000e+00,0.000000e+00,0.000000e+00,0.000000e+00,0.000000e+00,0.000000e+00,0.000000e+00,0.000000e+00,0.000000e+00,0.000000e+00,0.000000e+00,0.000000e+00,0.000000e+00,0.000000e+00
1.000000e+00,0.000000e+00,0.000000e+00,0.000000e+00,0.000000e+00,0.000000e+00,0.000000e+00,0.000000e+00,0.000000e+00,0.000000e+00,0.000000e+00,0.000000e+00,0.000000e+00,0.000000e+00,0.000000e+00
1.000000e+00,0.000000e+00,0.000000e+00,0.000000e+00,0.000000e+00,0.000000e+00,0.000000e+00,0.000000e+00,0.000000e+00,0.000000e+00,0.000000e+00,0.000000e+00,0.000000e+00,0.000000e+00,0.000000e+00
1.000000e+00,0.000000e+00,0.000000e+00,0.000000e+00,0.000000e+00,0.000000e+00,0.000000e+00,0.000000e+00,0.000000e+00,0.000000e+00,0.000000e+00,0.000000e+00,0.000000e+00,0.000000e+00,0.000000e+00
1.000000e+00,0.000000e+00,0.000000e+00,0.000000e+00,0.000000e+00,0.000000e+00,0.000000e+00,0.000000e+00,0.000000e+00,0.000000e+00,0.000000e+00,0.000000e+00,0.000000e+00,0.000000e+00,0.000000e+00
1.000000e+00,0.000000e+00,0.000000e+00,0.000000e+00,0.000000e+00,0.000000e+00,0.000000e+00,0.000000e+00,0.000000e+00,0.000000e+00,0.000000e+00,0.000000e+00,0.000000e+00,0.000000e+00,0.000000e+00
1.000000e+00,0.000000e+00,0.000000e+00,0.000000e+00,0.000000e+00,0.000000e+00,0.000000e+00,0.000000e+00,0.000000e+00,0.000000e+00,0.000000e+00,0.000000e+00,0.000000e+00,0.000000e+00,0.000000e+00
1.000000e+00,0.000000e+00,0.000000e+00,0.000000e+00,0.000000e+00,0.000000e+00,0.000000e+00,0.000000e+00,0.000000e+00,0.000000e+00,0.000000e+00,0.000000e+00,0.000000e+00,0.000000e+00,0.000000e+00
1.000000e+00,0.000000e+00,0.000000e+00,0.000000e+00,0.000000e+00,0.000000e+00,0.000000e+00,0.000000e+00,0.000000e+00,0.000000e+00,0.000000e+00,0.000000e+00,0.000000e+00,0.000000e+00,0.000000e+00
1.000000e+00,0.000000e+00,0.000000e+00,0.000000e+00,0.000000e+00,0.000000e+00,0.000000e+00,0.000000e+00,0.000000e+00,0.000000e+00,0.000000e+00,0.000000e+00,0.000000e+00,0.000000e+00,0.000000e+00
1.000000e+00,0.000000e+00,0.000000e+00,0.000000e+00,0.000000e+00,0.000000e+00,0.000000e+00,0.000000e+00,0.000000e+00,0.000000e+00,0.000000e+00,0.000000e+00,0.000000e+00,0.000000e+00,0.000000e+00
1.000000e+00,0.000000e+00,0.000000e+00,0.000000e+00,0.000000e+00,0.000000e+00,0.000000e+00,0.000000e+00,0.000000e+00,0.000000e+00,0.000000e+00,0.000000e+00,0.000000e+00,0.000000e+00,0.000000e+00
1.000000e+00,0.000000e+00,0.000000e+00,0.000000e+00,0.000000e+00,0.000000e+00,0.000000e+00,0.000000e+00,0.000000e+00,0.000000e+00,0.000000e+00,0.000000e+00,0.000000e+00,0.000000e+00,0.000000e+00
1.000000e+00,0.000000e+00,0.000000e+00,0.000000e+00,0.000000e+00,0.000000e+00,0.000000e+00,0.000000e+00,0.000000e+00,0.000000e+00,0.000000e+00,0.000000e+00,0.000000e+00,0.000000e+00,0.000000e+00
1.000000e+00,0.000000e+00,0.000000e+00,0.000000e+00,0.000000e+00,0.000000e+00,0.000000e+00,0.000000e+00,0.000000e+00,0.000000e+00,0.000000e+00,0.000000e+00,0.000000e+00,0.000000e+00,0.000000e+00
1.000000e+00,0.000000e+00,0.000000e+00,0.000000e+00,0.000000e+00,0.000000e+00,0.000000e+00,0.000000e+00,0.000000e+00,0.000000e+00,0.000000e+00,0.000000e+00,0.000000e+00,0.000000e+00,0.000000e+00
1.000000e+00,0.000000e+00,0.000000e+00,0.000000e+00,0.000000e+00,0.000000e+00,0.000000e+00,0.000000e+00,0.000000e+00,0.000000e+00,0.000000e+00,0.000000e+00,0.000000e+00,0.000000e+00,0.000000e+00
4.595387e-01,5.771891e-03,4.870588e-02,2.616013e-02,3.527549e-03,1.491557e-02,9.192995e-03,3.840186e-01,2.623667e-03,9.851523e-04,6.556558e-03,1.315448e-02,1.242322e-02,2.560564e-03,9.865110e-03
3.772712e-01,4.577890e-03,5.097266e-02,2.150113e-02,3.075855e-03,1.231737e-02,1.013202e-02,4.830175e-01,1.929717e-03,7.649346e-04,4.967379e-03,9.903063e-03,9.777095e-03,2.187401e-03,7.604829e-03
3.108780e-01,3.670904e-03,4.789139e-02,1.722981e-02,2.748141e-03,1.074047e-02,1.377031e-02,5.638624e-01,1.438532e-03,6.169232e-04,3.757888e-03,7.520365e-03,7.846417e-03,1.885093e-03,6.143479e-03
2.865959e-01,3.410123e-03,4.221227e-02,1.449149e-02,3.403473e-03,1.094826e-02,1.811850e-02,5.943792e-01,1.218339e-03,6.154731e-04,3.120289e-03,6.882596e-03,7.451256e-03,1.809160e-03,5.343663e-03
2.419620e-01,3.485751e-03,4.284591e-02,1.304149e-02,3.827196e-03,1.117565e-02,2.916664e-02,6.302812e-01,1.060197e-03,6.259604e-04,2.608192e-03,6.083543e-03,7.115718e-03,1.923721e-03,4.796797e-03
3.311390e-01,3.817345e-03,3.597777e-02,1.067646e-02,4.984547e-03,1.521091e-02,3.823041e-02,5.283532e-01,1.226637e-03,1.102443e-03,2.698221e-03,8.104182e-03,9.796040e-03,1.952643e-03,6.730200e-03
2.874846e-01,3.430529e-03,2.986279e-02,8.642638e-03,5.801794e-03,2.328953e-02,1.522692e-01,4.571995e-01,1.088153e-03,1.126475e-03,2.177326e-03,7.107120e-03,1.205823e-02,1.609860e-03,6.852132e-03
2.248864e-01,4.553837e-03,2.676228e-02,7.691698e-03,9.329232e-03,5.851913e-02,2.217214e-01,4.104927e-01,9.536192e-04,1.138113e-03,1.966587e-03,8.399901e-03,1.527912e-02,1.518350e-03,6.787607e-03
2.276070e-01,7.477197e-03,2.276086e-02,7.140453e-03,1.300952e-02,1.014204e-01,2.249125e-01,3.391451e-01,1.087167e-03,1.735481e-03,2.763365e-03,1.456276e-02,2.276977e-02,2.274554e-03,1.133383e-02
1.871713e-01,8.701904e-03,2.140071e-02,8.718489e-03,1.891308e-02,1.475956e-01,2.122277e-01,3.292232e-01,1.224831e-03,2.085931e-03,3.889779e-03,1.328427e-02,2.949018e-02,2.833857e-03,1.323915e-02
2.198928e-01,1.085553e-02,2.251556e-02,1.124712e-02,1.969452e-02,2.096376e-01,1.543043e-01,2.576138e-01,1.428164e-03,2.453147e-03,5.289915e-03,2.580560e-02,3.510844e-02,4.555806e-03,1.959770e-02
2.728052e-01,1.105405e-02,2.458704e-02,1.082157e-02,1.780278e-02,2.437269e-01,1.120971e-01,1.931173e-01,1.529108e-03,2.688438e-03,6.550360e-03,3.890696e-02,3.962873e-02,4.416827e-03,2.026753e-02
3.803799e-01,1.068055e-02,2.380372e-02,1.087141e-02,1.663624e-02,2.207410e-01,8.071283e-02,1.457350e-01,1.677183e-03,3.065489e-03,6.577562e-03,3.923834e-02,3.602165e-02,4.357590e-03,1.950149e-02
2.857952e-01,8.819460e-03,1.931273e-02,1.016785e-02,1.438617e-02,3.591761e-01,5.935649e-02,1.036887e-01,5.371518e-03,5.268938e-03,9.486087e-03,5.290003e-02,4.167040e-02,5.218027e-03,1.938227e-02
2.289087e-01,8.320870e-03,1.448191e-02,1.042670e-02,1.469834e-02,4.246816e-01,4.378174e-02,7.331765e-02,1.019616e-02,5.598409e-03,1.042849e-02,7.161951e-02,5.913930e-02,5.631439e-03,1.876909e-02
1.654528e-01,8.602895e-03,1.189829e-02,9.986382e-03,1.275185e-02,5.332469e-01,3.145552e-02,5.148009e-02,1.196231e-02,5.408720e-03,1.805399e-02,7.105219e-02,4.385094e-02,8.231496e-03,1.656550e-02
1.170470e-01,6.418695e-03,8.494324e-03,7.662167e-03,9.179905e-03,4.527239e-01,2.236100e-02,3.627569e-02,1.658004e-02,4.474836e-03,2.060991e-02,2.447202e-01,3.449530e-02,6.982085e-03,1.197487e-02
8.429211e-02,4.609394e-03,6.139640e-03,6.266588e-03,6.810774e-03,4.486191e-01,1.611329e-02,2.588847e-02,1.453922e-02,3.678026e-03,1.781266e-02,3.249270e-01,2.647040e-02,5.279528e-03,8.553794e-03
6.215903e-02,3.414726e-03,4.500998e-03,5.357883e-03,5.433111e-03,3.425109e-01,1.148758e-02,1.864311e-02,1.394061e-02,3.297701e-03,2.621283e-02,4.631222e-01,2.594861e-02,7.686967e-03,6.283631e-03
5.038136e-02,4.956254e-03,4.780164e-03,4.979298e-03,5.978797e-03,2.475236e-01,8.556725e-03,1.482313e-02,1.714592e-02,3.595401e-03,4.100968e-02,5.564311e-01,2.588961e-02,9.136613e-03,4.812278e-03
7.606550e-02,5.948816e-03,5.610170e-03,5.877140e-03,7.297980e-03,1.792382e-01,6.181637e-03,1.304222e-02,1.482206e-02,3.585151e-03,3.895155e-02,6.123024e-01,1.915621e-02,8.096632e-03,3.824259e-03
6.853653e-02,4.779607e-03,4.578909e-03,4.997338e-03,7.194456e-03,1.316403e-01,4.574283e-03,1.072798e-02,1.286404e-02,3.225840e-03,5.805144e-02,6.642507e-01,1.457717e-02,7.068815e-03,2.932518e-03
5.775614e-02,4.222441e-03,4.028887e-03,4.157411e-03,8.673723e-03,9.748744e-02,3.456341e-03,8.122389e-03,1.333964e-02,2.970918e-03,6.413701e-02,7.112145e-01,1.125519e-02,6.685668e-03,2.492231e-03
5.162074e-02,5.316820e-03,3.878968e-03,3.235440e-03,7.586362e-03,7.640744e-02,2.483094e-03,6.210286e-03,1.507166e-02,2.764237e-03,8.326815e-02,7.248939e-01,9.078373e-03,5.638472e-03,2.545974e-03
6.779815e-02,6.315527e-03,8.799890e-03,3.272322e-03,1.015294e-02,6.215156e-02,2.306080e-03,1.019492e-02,1.692780e-02,2.928698e-03,7.534321e-02,7.186063e-01,7.091160e-03,5.542448e-03,2.568978e-03
2.364484e-01,7.158387e-03,1.096862e-02,6.264639e-03,1.021960e-02,5.680085e-02,2.354310e-03,1.406075e-02,1.341758e-02,3.015386e-03,6.285763e-02,5.621974e-01,6.237250e-03,5.108661e-03,2.890550e-03
2.488425e-01,9.588799e-03,1.213503e-02,6.597993e-03,1.258317e-02,4.309876e-02,2.065083e-03,1.383666e-02,1.293700e-02,3.138563e-03,6.861179e-02,5.461589e-01,6.936293e-03,8.856161e-03,4.613243e-03
2.831341e-01,1.086859e-02,1.311276e-02,9.070672e-03,1.204927e-02,3.407768e-02,2.091769e-03,1.494798e-02,1.595446e-02,3.127998e-03,8.379480e-02,4.915325e-01,7.307261e-03,1.190263e-02,7.027538e-03
2.541247e-01,1.947788e-02,1.527879e-02,1.264914e-02,1.277161e-02,2.697160e-02,1.946804e-03,1.670031e-02,2.983969e-02,3.209116e-03,1.497343e-01,4.281830e-01,6.904318e-03,1.107853e-02,1.113028e-02
2.119906e-01,1.934020e-02,2.426489e-02,2.290123e-02,2.082962e-02,2.426335e-02,2.900225e-03,5.288282e-02,4.354567e-02,3.104544e-03,1.537734e-01,3.943207e-01,5.901168e-03,8.716010e-03,1.126558e-02
1.516913e-01,1.488628e-02,2.212339e-02,2.113348e-02,2.121536e-02,2.164439e-02,2.990859e-03,4.005481e-02,6.101868e-02,4.911019e-03,2.890810e-01,3.160100e-01,6.380231e-03,9.865731e-03,1.699349e-02
1.070826e-01,1.135613e-02,1.791436e-02,1.524008e-02,2.323088e-02,1.999198e-02,2.343395e-03,2.894434e-02,1.363352e-01,4.767783e-03,3.546066e-01,2.269140e-01,6.327315e-03,2.921524e-02,1.573009e-02
7.701455e-02,8.580185e-03,1.407503e-02,1.080053e-02,2.321299e-02,1.623020e-02,1.850949e-03,2.074707e-02,1.240920e-01,4.402001e-03,4.886627e-01,1.619819e-01,5.905453e-03,2.811449e-02,1.433000e-02
5.805840e-02,6.775649e-03,1.151001e-02,7.770125e-03,2.213238e-02,1.293102e-02,1.627956e-03,1.513902e-02,1.425369e-01,5.921362e-03,5.241822e-01,1.146716e-01,6.064901e-03,4.220572e-02,2.847276e-02
4.886612e-02,6.438143e-03,1.052775e-02,6.640001e-03,3.375389e-02,1.499336e-02,2.883464e-03,2.173344e-02,1.923152e-01,8.010687e-03,4.712226e-01,8.267180e-02,6.703581e-03,5.633154e-02,3.690843e-02
5.342594e-02,6.527847e-03,8.769321e-03,7.146994e-03,4.694928e-02,1.490462e-02,3.380684e-03,1.961591e-02,2.385763e-01,1.116216e-02,3.947783e-01,6.158772e-02,1.023983e-02,5.077951e-02,7.215565e-02
3.797723e-02,6.003432e-03,6.608849e-03,1.548402e-02,3.668146e-02,1.171584e-02,2.491460e-03,1.482050e-02,4.242700e-01,1.080752e-02,2.776110e-01,4.401663e-02,8.919364e-03,3.680267e-02,6.578996e-02
3.114428e-02,7.165833e-03,5.569470e-03,1.566139e-02,3.753332e-02,1.284041e-02,2.223349e-03,1.141829e-02,4.547175e-01,1.337101e-02,1.982578e-01,3.144240e-02,8.973828e-03,3.024356e-02,1.394376e-01
4.247952e-02,1.342230e-02,5.118138e-03,1.716873e-02,1.017230e-01,3.581935e-02,3.005858e-03,9.514462e-03,3.920179e-01,1.038177e-02,1.465013e-01,2.236889e-02,8.172995e-03,2.798614e-02,1.643197e-01
5.394768e-02,3.285063e-02,5.923821e-03,2.237024e-02,9.830399e-02,4.881599e-02,2.734473e-03,7.799981e-03,3.130118e-01,8.868446e-03,1.085423e-01,1.602118e-02,7.624196e-03,2.944604e-02,2.437393e-01
5.010211e-02,4.177184e-02,9.216100e-03,3.926276e-02,8.898030e-02,3.861425e-02,2.458379e-03,7.390101e-03,2.353843e-01,9.131116e-03,7.683232e-02,1.137430e-02,5.809951e-03,2.256016e-02,3.611120e-01
7.287954e-02,4.608845e-02,1.880911e-02,4.496396e-02,8.498929e-02,3.242231e-02,3.329063e-03,1.304541e-02,1.821821e-01,1.189467e-02,5.425148e-02,8.143930e-03,4.823591e-03,1.841698e-02,4.037601e-01
7.699081e-02,5.584520e-02,4.761412e-02,8.724293e-02,8.504917e-02,3.209972e-02,3.720411e-03,1.807382e-02,1.473143e-01,1.219852e-02,3.874414e-02,5.817344e-03,3.645006e-03,1.447694e-02,3.711676e-01
8.345725e-02,7.733835e-02,9.736209e-02,1.243468e-01,9.271649e-02,3.683579e-02,4.174815e-03,1.551157e-02,1.152657e-01,1.027353e-02,2.798837e-02,4.430457e-03,3.069797e-03,1.100685e-02,2.962222e-01
8.624473e-02,8.678046e-02,1.876847e-01,1.225801e-01,9.593108e-02,3.474998e-02,3.609389e-03,1.322321e-02,9.455550e-02,8.425789e-03,2.042812e-02,3.526353e-03,2.621617e-03,8.580498e-03,2.310584e-01
6.895500e-02,6.411747e-02,3.371440e-01,1.024897e-01,6.859673e-02,2.508682e-02,2.593514e-03,9.447713e-03,7.387664e-02,6.672037e-03,1.519705e-02,2.599427e-03,1.994441e-03,7.290179e-03,2.139393e-01
5.496210e-02,4.783254e-02,3.657315e-01,8.259396e-02,4.843022e-02,1.841789e-02,1.896346e-03,6.711912e-03,1.048577e-01,7.547885e-03,1.716185e-02,3.265492e-03,4.170494e-03,2.019703e-02,2.162230e-01
4.713476e-02,4.029940e-02,3.689018e-01,6.097313e-02,3.430043e-02,1.338981e-02,1.450421e-03,4.869684e-03,1.485180e-01,6.614773e-03,3.963585e-02,4.047140e-03,6.614304e-03,3.936932e-02,1.838811e-01
4.293339e-02,3.099590e-02,2.712757e-01,4.330282e-02,2.466578e-02,9.846536e-03,1.186980e-03,3.476182e-03,1.710271e-01,6.304903e-03,4.539672e-02,4.174917e-03,1.060494e-02,2.002084e-01,1.345997e-01
3.096810e-02,2.214460e-02,1.953316e-01,3.130909e-02,1.745353e-02,7.062139e-03,9.244425e-04,2.466530e-03,2.522563e-01,5.864954e-03,3.609065e-02,3.334220e-03,9.512130e-03,2.866705e-01,9.861123e-02
2.244156e-02,1.565145e-02,1.463583e-01,2.617840e-02,1.228307e-02,5.198973e-03,6.847131e-04,1.756558e-03,4.157153e-01,5.333825e-03,2.703718e-02,2.845169e-03,7.369704e-03,2.401200e-01,7.102591e-02
1.587227e-02,1.104997e-02,1.040114e-01,1.838454e-02,8.628713e-03,3.661824e-03,4.927879e-04,1.233124e-03,3.114892e-01,5.792516e-03,1.993822e-02,2.066010e-03,5.208488e-03,4.379717e-01,5.419926e-02
1.128710e-02,7.826465e-03,7.402550e-02,1.305261e-02,6.080867e-03,2.587609e-03,3.538498e-04,8.692234e-04,2.402653e-01,5.125401e-03,1.551037e-02,1.535584e-03,3.683623e-03,5.743309e-01,4.346564e-02
9.125601e-03,5.857407e-03,5.232574e-02,9.364804e-03,4.384689e-03,1.965453e-03,2.676065e-04,6.277905e-04,1.870893e-01,5.853210e-03,2.696931e-02,1.301279e-03,3.077467e-03,6.106162e-01,8.117416e-02
8.444542e-03,4.409558e-03,3.688666e-02,6.810744e-03,3.209540e-03,1.606478e-03,2.173714e-04,4.685648e-04,1.566247e-01,6.643742e-03,2.982296e-02,1.197574e-03,2.775037e-03,6.388151e-01,1.020674e-01
1.821128e-02,3.516597e-03,2.621233e-02,4.900439e-03,2.440533e-03,1.323199e-03,2.533641e-04,3.582187e-04,1.269889e-01,1.139539e-02,2.664334e-02,1.123700e-03,2.500999e-03,6.792604e-01,9.487140e-02
1.887147e-02,2.705157e-03,1.848294e-02,3.508484e-03,1.849976e-03,1.082819e-03,2.927504e-04,2.689091e-04,1.121127e-01,1.501430e-02,2.320027e-02,1.143970e-03,2.199893e-03,6.879714e-01,1.112950e-01
2.145060e-02,2.016823e-03,1.307249e-02,2.642779e-03,1.406425e-03,1.251024e-03,3.213301e-04,2.395149e-04,1.115028e-01,1.978457e-02,2.552421e-02,1.422882e-03,2.329367e-03,6.947969e-01,1.022383e-01
1.808956e-02,1.881791e-03,9.328865e-03,2.360519e-03,1.302029e-03,1.349862e-03,3.047014e-04,2.369554e-04,1.911715e-01,1.885838e-02,5.921212e-02,3.524253e-03,4.925745e-03,6.104944e-01,7.695934e-02
1.350203e-02,1.728620e-03,6.654222e-03,1.981032e-03,1.262693e-03,1.372362e-03,2.351425e-04,1.815205e-04,2.964602e-01,1.606693e-02,7.383265e-02,4.903159e-03,8.403879e-03,5.177954e-01,5.562015e-02
9.477817e-03,1.409280e-03,4.760534e-03,1.495337e-03,9.969992e-04,1.824488e-03,1.715733e-04,1.336438e-04,4.309483e-01,1.204995e-02,6.204647e-02,3.609012e-03,6.487213e-03,4.249618e-01,3.962758e-02
6.662443e-03,2.945518e-03,3.732920e-03,1.430569e-03,9.221903e-04,6.281412e-03,1.379908e-04,1.109254e-04,5.310214e-01,1.066386e-02,4.745786e-02,2.722425e-03,4.773627e-03,3.525525e-01,2.858446e-02
4.729682e-03,4.547801e-03,3.176342e-03,1.758837e-03,7.858250e-04,8.505762e-03,1.147780e-04,9.440453e-05,5.809031e-01,1.035490e-02,3.977434e-02,2.398089e-03,3.678796e-03,3.179184e-01,2.125892e-02
3.392101e-03,7.312721e-03,3.272336e-03,1.586239e-03,7.584429e-04,7.097165e-03,9.387176e-05,7.890217e-05,5.673496e-01,9.356406e-03,3.427942e-02,1.941925e-03,2.669590e-03,3.427259e-01,1.808536e-02
2.482671e-03,8.151108e-03,4.351120e-03,1.632435e-03,9.030125e-04,5.859815e-03,1.097149e-04,9.994722e-05,5.914538e-01,7.875790e-03,2.950392e-02,1.454867e-03,1.922654e-03,3.289265e-01,1.527264e-02
2.103800e-03,3.106070e-02,1.837104e-02,4.592670e-03,3.045933e-03,6.219112e-03,3.125941e-04,7.516621e-04,6.403825e-01,9.614097e-03,2.630324e-02,1.050821e-03,1.450979e-03,2.404451e-01,1.429566e-02
4.726639e-03,2.659839e-02,8.400244e-02,8.026592e-02,1.180539e-02,2.293037e-02,2.855686e-04,1.144183e-03,5.299214e-01,1.555041e-02,1.964000e-02,7.522809e-04,1.326761e-03,1.718717e-01,2.917856e-02
7.326751e-03,2.042329e-02,1.208603e-01,1.500362e-01,2.121277e-02,2.268124e-02,2.375905e-04,1.928799e-03,4.597685e-01,2.253337e-02,1.443006e-02,5.356579e-04,1.011060e-03,1.221615e-01,3.485291e-02
1.733825e-02,1.530898e-02,1.965753e-01,2.075600e-01,2.092442e-02,1.813990e-02,2.017631e-04,2.164217e-03,3.692251e-01,2.059568e-02,1.054959e-02,3.860738e-04,8.038496e-04,8.664071e-02,3.358610e-02
3.524426e-02,1.380249e-02,2.258036e-01,2.393121e-01,2.407674e-02,1.961862e-02,2.243822e-04,2.631511e-03,3.094095e-01,1.886505e-02,8.212683e-03,2.905439e-04,6.860576e-04,6.519819e-02,3.662430e-02
5.547528e-02,1.398770e-02,2.034830e-01,3.390417e-01,2.500163e-02,1.707484e-02,2.090098e-04,2.272217e-03,2.309224e-01,1.539228e-02,6.263385e-03,2.388480e-04,6.791928e-04,5.254726e-02,3.741122e-02
9.147497e-02,2.253279e-02,2.280978e-01,2.893727e-01,2.178592e-02,1.743678e-02,2.396366e-04,2.180722e-03,1.838079e-01,1.421605e-02,6.381095e-03,2.146933e-04,9.444656e-04,7.986924e-02,4.144526e-02
1.200000e-01,2.682126e-02,2.611749e-01,2.266497e-01,1.939714e-02,1.765656e-02,3.162950e-04,2.363130e-03,1.584413e-01,1.224741e-02,9.654127e-03,2.504015e-04,1.108725e-03,1.016038e-01,4.231516e-02
1.459926e-01,2.642040e-02,2.664129e-01,1.666056e-01,1.589215e-02,1.996538e-02,5.404981e-04,3.303297e-03,1.387191e-01,1.221029e-02,1.105138e-02,3.800997e-04,1.085389e-03,1.429868e-01,4.843405e-02
1.665977e-01,2.698622e-02,2.374009e-01,1.236154e-01,1.399930e-02,2.322893e-02,8.674283e-04,3.994861e-03,1.308451e-01,1.163624e-02,1.310964e-02,6.249793e-04,1.499778e-03,1.991286e-01,4.646497e-02
1.887901e-01,3.600284e-02,2.675665e-01,1.008699e-01,1.327846e-02,2.787125e-02,1.321105e-03,6.033194e-03,1.037910e-01,1.498486e-02,1.353716e-02,2.088291e-03,2.210754e-03,1.658238e-01,5.583090e-02
2.508794e-01,3.691046e-02,2.712900e-01,8.115290e-02,1.146760e-02,3.821107e-02,1.938624e-03,1.162768e-02,7.899897e-02,1.604933e-02,1.272333e-02,5.555355e-03,2.756929e-03,1.219101e-01,5.852833e-02
1.772514e-01,3.974859e-02,3.724489e-01,6.424420e-02,8.227834e-03,2.716871e-02,1.406305e-03,8.687864e-03,5.963774e-02,4.229334e-02,2.440830e-02,4.626042e-03,2.150286e-03,1.167469e-01,5.095360e-02
1.248343e-01,4.169207e-02,2.885547e-01,4.785112e-02,6.017640e-03,1.960993e-02,1.046425e-03,6.300928e-03,1.291868e-01,3.756034e-02,8.319870e-02,5.801023e-03,2.939167e-03,1.440226e-01,6.138429e-02
9.123354e-02,3.287274e-02,2.728540e-01,3.566370e-02,4.878646e-03,1.433813e-02,8.601507e-04,5.141535e-03,1.240849e-01,4.403363e-02,1.406920e-01,6.037501e-03,2.836068e-03,1.754337e-01,4.903973e-02
6.668629e-02,3.125473e-02,1.941121e-01,2.633956e-02,3.849483e-03,1.404312e-02,7.427244e-04,6.001947e-03,1.276952e-01,3.584047e-02,2.566863e-01,1.194473e-02,6.535348e-03,1.788980e-01,3.936992e-02
4.860614e-02,2.332324e-02,1.368800e-01,2.002347e-02,3.437282e-03,1.093679e-02,6.596129e-04,5.283947e-03,1.126521e-01,2.630560e-02,3.669740e-01,1.599864e-02,6.688445e-03,1.939161e-01,2.831466e-02
3.541387e-02,1.728267e-02,9.606165e-02,1.571382e-02,3.557369e-03,8.222820e-03,5.238349e-04,4.229263e-03,1.214314e-01,1.899195e-02,4.735008e-01,2.143200e-02,6.679713e-03,1.557442e-01,2.121451e-02
2.529168e-02,1.217647e-02,6.731692e-02,1.137249e-02,3.428775e-03,6.474007e-03,4.650852e-04,3.143517e-03,8.594042e-02,1.336160e-02,6.088245e-01,1.964018e-02,5.388889e-03,1.222288e-01,1.494665e-02
1.789092e-02,8.640080e-03,4.719772e-02,8.142882e-03,3.609229e-03,4.804353e-03,3.708075e-04,2.305032e-03,6.059004e-02,9.474296e-03,7.028493e-01,1.787412e-02,4.386702e-03,1.013412e-01,1.052334e-02
1.277141e-02,6.254494e-03,3.308775e-02,5.890839e-03,4.103615e-03,3.825136e-03,2.930786e-04,1.817802e-03,4.266627e-02,6.938738e-03,7.514545e-01,1.508644e-02,3.924245e-03,1.043930e-01,7.492681e-03
9.229437e-03,4.827548e-03,2.326196e-02,4.339712e-03,6.398742e-03,2.887427e-03,2.598886e-04,1.526726e-03,3.121074e-02,6.387503e-03,7.753360e-01,1.473095e-02,3.014793e-03,1.110905e-01,5.498103e-03
6.678537e-03,3.511379e-03,1.630783e-02,3.132566e-03,5.188973e-03,2.146103e-03,1.989270e-04,1.134926e-03,2.226720e-02,5.130939e-03,8.158291e-01,1.217513e-02,2.341103e-03,1.000103e-01,3.946991e-03
5.863305e-03,2.957397e-03,1.175978e-02,2.542729e-03,4.840194e-03,1.868980e-03,3.982179e-04,1.191884e-03,1.606880e-02,4.689385e-03,8.265976e-01,1.152808e-02,1.900095e-03,1.045415e-01,3.252105e-03
4.793244e-03,2.705538e-03,9.627180e-03,2.157724e-03,6.456569e-03,2.884644e-03,5.208992e-04,1.329313e-03,1.414273e-02,6.102552e-03,7.473913e-01,1.792338e-02,1.517684e-03,1.797349e-01,2.712291e-03
6.184172e-03,6.324763e-03,1.207927e-02,1.934826e-03,1.721617e-02,1.407253e-02,1.135839e-03,4.763488e-03,1.281444e-02,8.630041e-03,6.770881e-01,1.703484e-02,1.299554e-03,2.170854e-01,2.336568e-03
6.086649e-03,6.700771e-03,9.677122e-03,1.520877e-03,1.963844e-02,1.429720e-02,1.308243e-03,4.125520e-03,1.285699e-02,2.172195e-02,6.940902e-01,1.596619e-02,1.403184e-03,1.888103e-01,1.796384e-03
7.183304e-03,5.684902e-03,7.852700e-03,1.372526e-03,1.560599e-02,1.159207e-02,1.135419e-03,4.596834e-03,1.324417e-02,2.055169e-02,7.306615e-01,1.426148e-02,1.455571e-03,1.634324e-01,1.369504e-03
1.422769e-02,5.568001e-03,9.097708e-03,2.649616e-03,1.412855e-02,1.105263e-02,1.506398e-03,7.144162e-03,1.353526e-02,2.828816e-02,7.203212e-01,1.664972e-02,2.152694e-03,1.519379e-01,1.740337e-03
2.549184e-02,4.661823e-03,1.712951e-02,6.074605e-03,1.460783e-02,2.742241e-02,2.676120e-03,1.476033e-02,1.337558e-02,6.298698e-02,6.254854e-01,1.690426e-02,2.981876e-03,1.630149e-01,2.426547e-03
2.131573e-02,3.658746e-03,1.260044e-02,4.823917e-03,1.257179e-02,2.180983e-02,2.250569e-03,1.291936e-02,1.102675e-02,4.578704e-02,7.120099e-01,1.310827e-02,2.919906e-03,1.212435e-01,1.954247e-03
3.175354e-02,6.372813e-03,1.203186e-02,7.881548e-03,4.155909e-02,1.983771e-02,2.138498e-03,1.621725e-02,2.498401e-02,5.225453e-02,6.209619e-01,1.166070e-02,3.203790e-03,1.462760e-01,2.866772e-03
4.864904e-02,7.069147e-03,1.191358e-02,1.951014e-02,7.095234e-02,1.945896e-02,2.980898e-03,4.474167e-02,2.708698e-02,5.275588e-02,5.129983e-01,1.343341e-02,4.779224e-03,1.592266e-01,4.443799e-03
7.306626e-02,1.081979e-02,1.468481e-02,5.531500e-02,6.139923e-02,1.625712e-02,2.670205e-03,1.091056e-01,3.320603e-02,6.515394e-02,3.725081e-01,1.581151e-02,6.072717e-03,1.558433e-01,8.086454e-03
8.295275e-02,2.593182e-02,1.243599e-02,4.954583e-02,6.742965e-02,1.700520e-02,2.322415e-03,9.661880e-02,9.678213e-02,7.570884e-02,2.857274e-01,1.463901e-02,5.863222e-03,1.502041e-01,1.683286e-02
7.161887e-02,3.304823e-02,1.428869e-02,3.733881e-02,7.338159e-02,5.190791e-02,2.332114e-03,6.951821e-02,2.068073e-01,5.888975e-02,2.086419e-01,1.066876e-02,4.880750e-03,1.344253e-01,2.225188e-02
8.025783e-02,5.299277e-02,1.352438e-02,2.779626e-02,5.951123e-02,9.848879e-02,1.785271e-03,5.857475e-02,2.789902e-01,4.485712e-02,1.514063e-01,7.920505e-03,3.868046e-03,9.967297e-02,2.035356e-02
1.102478e-01,5.484057e-02,1.266236e-02,2.164861e-02,5.999643e-02,1.123894e-01,1.559201e-03,7.562885e-02,3.056606e-01,3.291728e-02,1.115100e-01,6.088144e-03,3.323975e-03,7.454318e-02,1.698359e-02
1.457849e-01,5.661797e-02,1.075918e-02,1.625254e-02,4.827719e-02,1.297361e-01,1.253083e-03,5.790440e-02,3.421980e-01,2.405942e-02,8.609223e-02,5.322513e-03,2.961777e-03,5.718007e-02,1.560066e-02
1.518742e-01,4.937233e-02,8.919051e-03,1.450289e-02,4.097402e-02,1.280148e-01,1.277744e-03,4.870437e-02,4.060411e-01,1.738408e-02,6.569684e-02,6.471842e-03,3.113875e-03,4.285683e-02,1.479606e-02
2.394471e-01,3.936850e-02,1.561287e-02,2.159760e-02,7.082261e-02,1.005842e-01,1.342053e-03,4.903295e-02,3.422877e-01,1.278926e-02,5.029819e-02,6.711541e-03,3.177736e-03,3.301391e-02,1.391374e-02
3.319623e-01,3.800208e-02,1.304791e-02,2.755744e-02,9.492568e-02,8.328183e-02,1.973234e-03,3.669558e-02,2.699994e-01,1.023267e-02,3.693823e-02,6.049195e-03,3.220517e-03,2.585099e-02,2.026298e-02
3.460827e-01,3.838019e-02,1.094720e-02,3.084979e-02,1.153485e-01,7.684384e-02,2.583345e-03,2.923656e-02,2.556237e-01,9.518591e-03,2.747191e-02,5.802531e-03,3.547730e-03,1.987661e-02,2.788689e-02
3.065480e-01,5.411056e-02,1.201843e-02,7.436895e-02,1.260571e-01,6.999238e-02,2.818970e-03,3.839565e-02,2.360301e-01,9.329675e-03,2.030853e-02,4.790128e-03,4.735619e-03,1.442742e-02,2.606846e-02
2.878681e-01,7.647656e-02,1.614452e-02,8.824326e-02,1.093988e-01,8.472937e-02,3.036145e-03,3.150005e-02,2.049977e-01,1.088312e-02,1.731764e-02,5.659592e-03,7.301820e-03,1.109425e-02,4.534914e-02
2.055629e-01,6.802543e-02,2.148942e-02,1.396580e-01,8.078107e-02,6.085014e-02,2.300594e-03,2.260644e-02,1.726392e-01,1.612189e-02,2.186167e-02,2.394396e-02,4.617796e-02,8.287395e-03,1.096940e-01
1.486681e-01,5.125169e-02,1.685840e-02,1.072739e-01,5.733649e-02,4.748722e-02,1.858825e-03,1.618789e-02,1.339735e-01,1.234964e-02,2.500604e-02,4.107193e-02,2.480257e-01,6.642330e-03,8.600832e-02
1.173120e-01,4.114795e-02,2.043644e-02,9.911576e-02,4.202010e-02,3.800400e-02,1.560727e-03,1.196792e-02,1.265596e-01,1.057633e-02,3.193957e-02,5.951144e-02,3.082044e-01,7.264294e-03,8.437946e-02
8.385098e-02,3.135990e-02,1.605398e-02,7.261398e-02,3.172388e-02,4.533597e-02,1.565130e-03,8.983998e-03,1.054760e-01,8.042105e-03,3.673201e-02,9.430549e-02,3.940998e-01,6.297278e-03,6.355959e-02
6.261788e-02,2.537015e-02,1.523427e-02,5.364380e-02,2.498233e-02,3.721346e-02,1.756383e-03,7.099411e-03,8.481099e-02,6.068591e-03,2.813582e-02,1.110914e-01,4.883883e-01,5.176700e-03,4.841052e-02
5.170647e-02,1.899961e-02,1.109168e-02,3.930288e-02,1.901057e-02,3.160059e-02,1.521379e-03,5.619801e-03,6.508634e-02,4.383301e-03,2.089866e-02,1.126043e-01,5.751647e-01,3.780738e-03,3.922903e-02
5.687036e-02,1.802345e-02,8.839116e-03,2.894322e-02,1.433919e-02,2.639003e-02,1.719079e-03,7.040682e-03,5.884409e-02,3.875410e-03,1.556170e-02,1.192040e-01,6.033428e-01,3.578890e-03,3.342807e-02
6.188321e-02,1.378464e-02,6.580687e-03,2.141452e-02,1.080082e-02,3.517757e-02,2.327419e-03,7.492010e-03,4.632703e-02,2.970357e-03,1.189973e-02,1.303064e-01,6.199751e-01,2.861453e-03,2.619913e-02
5.576734e-02,9.902239e-03,5.166897e-03,1.540267e-02,9.247061e-03,6.455170e-02,3.814633e-03,6.587464e-03,3.469960e-02,2.420981e-03,9.530412e-03,1.313639e-01,6.292341e-01,2.644705e-03,1.966650e-02
4.565433e-02,7.086730e-03,3.803566e-03,1.102264e-02,9.504666e-03,4.985278e-02,2.917085e-03,5.137753e-03,2.507024e-02,1.866546e-03,7.191408e-03,1.399429e-01,6.741138e-01,1.965910e-03,1.486974e-02
4.020564e-02,5.516856e-03,4.321152e-03,7.979348e-03,9.858035e-03,4.122130e-02,3.027258e-03,4.513557e-03,1.839802e-02,2.010205e-03,5.516009e-03,1.876888e-01,6.551830e-01,1.632357e-03,1.292854e-02
3.396464e-02,5.384406e-03,1.433065e-02,5.922368e-03,1.022429e-02,3.390164e-02,3.382989e-03,3.870615e-03,1.346685e-02,3.049048e-03,5.270349e-03,2.066342e-01,6.145258e-01,2.249451e-03,4.382275e-02
3.272485e-02,4.254381e-03,1.273003e-02,4.427980e-03,8.335618e-03,2.969575e-02,3.276427e-03,3.776980e-03,1.019657e-02,3.651738e-03,5.709236e-03,2.585844e-01,5.480899e-01,2.685425e-03,7.186083e-02
3.943604e-02,3.329900e-03,1.048705e-02,3.246965e-03,8.007308e-03,2.406876e-02,3.524113e-03,3.466530e-03,7.962925e-03,3.704560e-03,5.825717e-03,2.957071e-01,5.161213e-01,4.230188e-03,7.088167e-02
3.723311e-02,3.311688e-03,1.156498e-02,2.373879e-03,7.113394e-03,1.811710e-02,3.254848e-03,3.571958e-03,6.589810e-03,3.462679e-03,4.806353e-03,3.047928e-01,5.231729e-01,4.373845e-03,6.626070e-02
3.651863e-02,3.001848e-03,1.445427e-02,2.124832e-03,9.222746e-03,1.611200e-02,3.577675e-03,5.398076e-03,6.340358e-03,2.824119e-03,3.745079e-03,2.722335e-01,5.677809e-01,3.614747e-03,5.305132e-02
3.586665e-02,3.338301e-03,3.716960e-02,2.861552e-03,1.683612e-02,1.793209e-02,4.813420e-03,1.258480e-02,6.134424e-03,2.346003e-03,3.021663e-03,2.377265e-01,5.691465e-01,3.313567e-03,4.690891e-02
4.046919e-02,2.726089e-03,4.752646e-02,3.055983e-03,1.539759e-02,2.790326e-02,9.361124e-03,4.418680e-02,5.275244e-03,1.865742e-03,2.781107e-03,2.154169e-01,5.402481e-01,3.156255e-03,4.063019e-02
5.976599e-02,3.660261e-03,4.290465e-02,4.629094e-03,1.801168e-02,2.786538e-02,1.133491e-02,4.038969e-02,7.078160e-03,1.872749e-03,2.767908e-03,1.894600e-01,5.478879e-01,3.938520e-03,3.843309e-02
1.000157e-01,4.457214e-03,3.525702e-02,5.755208e-03,2.511723e-02,2.980708e-02,1.578150e-02,3.403199e-02,9.083778e-03,1.989000e-03,3.036795e-03,1.530379e-01,5.410140e-01,6.635161e-03,3.498049e-02
1.139431e-01,5.774414e-03,2.746427e-02,5.995135e-03,2.424119e-02,4.786279e-02,1.765725e-02,6.154691e-02,1.126391e-02,2.174845e-03,4.867989e-03,1.320944e-01,5.023188e-01,7.395139e-03,3.539981e-02
1.005842e-01,5.163262e-03,2.376997e-02,7.037600e-03,2.284167e-02,5.083094e-02,2.414140e-02,1.750704e-01,9.200715e-03,1.818703e-03,5.452864e-03,9.776767e-02,4.408261e-01,6.062919e-03,2.943162e-02
9.965654e-02,4.148010e-03,2.402901e-02,6.949724e-03,1.895007e-02,4.345774e-02,3.632551e-02,2.976747e-01,7.340438e-03,1.447080e-03,4.541453e-03,7.175413e-02,3.566214e-01,4.666433e-03,2.243768e-02
7.707432e-02,3.157096e-03,2.392006e-02,5.835948e-03,1.393912e-02,3.354110e-02,2.458051e-01,2.617390e-01,5.412874e-03,1.093948e-03,3.241980e-03,5.043342e-02,2.547862e-01,3.355074e-03,1.666482e-02
5.979890e-02,2.393307e-03,2.813432e-02,5.646554e-03,1.042136e-02,2.887156e-02,3.990599e-01,2.256599e-01,4.023323e-03,8.170481e-04,2.346207e-03,3.549670e-02,1.822024e-01,2.387992e-03,1.274051e-02
5.137306e-02,2.099613e-03,2.883992e-02,7.708957e-03,8.516056e-03,3.539805e-02,4.928481e-01,1.974175e-01,3.179426e-03,6.317140e-04,2.081017e-03,2.565592e-02,1.319399e-01,1.718103e-03,1.059261e-02
4.844500e-02,2.416131e-03,3.006009e-02,7.326646e-03,7.678714e-03,5.932899e-02,4.766405e-01,1.831484e-01,4.677757e-03,1.108441e-03,1.163315e-02,1.893375e-02,1.369390e-01,1.239173e-03,1.042429e-02
5.112667e-02,2.994053e-03,3.200405e-02,1.246406e-02,8.962318e-03,8.551174e-02,4.529470e-01,1.721513e-01,4.904857e-03,1.826730e-03,1.780250e-02,1.542036e-02,1.276140e-01,9.378263e-04,1.333256e-02
5.028199e-02,3.679625e-03,3.218186e-02,2.814267e-02,1.841034e-02,1.494115e-01,3.393687e-01,2.204063e-01,4.615939e-03,1.569819e-03,1.548912e-02,1.457548e-02,1.086753e-01,7.183143e-04,1.247310e-02
4.735674e-02,4.440997e-03,2.823709e-02,2.651205e-02,1.740990e-02,2.719289e-01,2.587808e-01,2.112048e-01,3.701891e-03,1.332621e-03,1.462005e-02,1.580784e-02,8.852452e-02,5.980135e-04,9.543804e-03
6.736143e-02,6.326269e-03,4.007570e-02,2.868781e-02,1.977738e-02,2.608366e-01,2.017006e-01,2.381219e-01,3.446267e-03,1.187188e-03,1.109659e-02,1.495017e-02,9.774931e-02,5.836766e-04,8.099165e-03
8.047182e-02,7.028005e-03,4.357064e-02,2.558840e-02,2.154514e-02,3.624469e-01,1.469572e-01,1.881860e-01,3.815599e-03,1.038463e-03,8.713440e-03,1.363901e-02,8.994387e-02,4.853753e-04,6.570056e-03
9.994070e-02,7.391027e-03,3.845028e-02,2.051354e-02,2.510925e-02,4.524525e-01,1.084052e-01,1.470397e-01,3.453546e-03,1.090033e-03,7.805478e-03,1.307008e-02,6.911117e-02,5.097328e-04,5.657755e-03
1.203647e-01,8.171385e-03,3.404095e-02,1.719011e-02,2.678349e-02,5.050430e-01,8.011618e-02,1.238083e-01,3.194386e-03,1.830063e-03,8.580483e-03,1.377222e-02,5.107715e-02,4.703812e-04,5.557123e-03
1.035102e-01,6.452771e-03,2.447200e-02,1.280580e-02,2.061647e-02,6.094081e-01,5.703278e-02,9.070639e-02,2.532036e-03,2.492479e-03,8.860425e-03,1.836091e-02,3.730233e-02,5.456658e-04,4.901575e-03
1.310029e-01,7.468680e-03,1.920540e-02,1.251768e-02,1.998530e-02,5.817524e-01,4.199931e-02,7.989553e-02,3.940600e-03,3.376715e-03,1.054308e-02,5.028333e-02,2.920333e-02,9.399840e-04,7.885719e-03
9.904613e-02,6.041385e-03,1.402637e-02,9.118204e-03,1.447761e-02,5.806376e-01,2.963739e-02,5.635723e-02,3.520316e-03,2.582350e-03,1.381147e-02,1.421506e-01,2.131261e-02,1.011220e-03,6.269560e-03
7.226627e-02,4.634739e-03,1.017787e-02,6.658542e-03,1.085756e-02,5.153623e-01,2.093936e-02,4.006487e-02,3.023226e-03,2.040582e-03,1.451916e-02,2.780077e-01,1.545926e-02,1.278123e-03,4.710522e-03
5.624293e-02,5.202618e-03,8.641944e-03,4.969128e-03,8.758788e-03,3.809022e-01,1.519568e-02,2.846407e-02,3.027081e-03,3.825818e-03,4.052878e-02,4.262471e-01,1.120328e-02,2.077491e-03,4.713183e-03
4.696723e-02,5.170869e-03,6.983796e-03,3.714908e-03,6.895191e-03,2.760518e-01,1.092890e-02,2.027025e-02,2.846721e-03,3.779649e-03,5.252905e-02,5.494748e-01,8.276114e-03,2.105620e-03,4.005049e-03
