1.000000e+00,0.000000e+00,0.000000e+00,0.000000e+00,0.000000e+00,0.000000e+00,0.000000e+00,0.000000e+00,0.000000e+00,0.000000e+00,0.000000e+00,0.000000e+00,0.000000e+00,0.000000e+00,0.000000e+00
1.000000e+00,0.000000e+00,0.000000e+00,0.000000e+00,0.000000e+00,0.000000e+00,0.000000e+00,0.000000e+00,0.000000e+00,0.000000e+00,0.000000e+00,0.000000e+00,0.000000e+00,0.000000e+00,0.000000e+00
1.000000e+00,0.000000e+00,0.000000e+00,0.000000e+00,0.000000e+00,0.000000e+00,0.000000e+00,0.000000e+00,0.000000e+00,0.000000e+00,0.000000e+00,0.000000e+00,0.000000e+00,0.000000e+00,0.000000e+00
1.000000e+00,0.000000e+00,0.000000e+00,0.000000e+00,0.000000e+00,0.000000e+00,0.000000e+00,0.000000e+00,0.000000e+00,0.000000e+00,0.000000e+00,0.000000e+00,0.000000e+00,0.000000e+00,0.000000e+00
1.000000e+00,0.000000e+00,0.000000e+00,0.000000e+00,0.000000e+00,0.000000e+00,0.000000e+00,0.000000e+00,0.000000e+00,0.000000e+00,0.000000e+00,0.000000e+00,0.000000e+00,0.000000e+00,0.000000e+00
1.000000e+00,0.000000e+00,0.000000e+00,0.000000e+00,0.000000e+00,0.000000e+00,0.000000e+00,0.000000e+00,0.000000e+00,0.000000e+00,0.000000e+00,0.000000e+00,0.000000e+00,0.000000e+00,0.000000e+00
1.000000e+00,0.000000e+00,0.000000e+00,0.000000e+00,0.000000e+00,0.000000e+00,0.000000e+00,0.000000e+00,0.000000e+00,0.000000e+00,0.000000e+00,0.000000e+00,0.000000e+00,0.000000e+00,0.000000e+00
1.000000e+00,0.000000e+00,0.000000e+00,0.000000e+00,0.000000e+00,0.000000e+00,0.000000e+00,0.000000e+00,0.000000e+00,0.000000e+00,0.000000e+00,0.000000e+00,0.000000e+00,0.000000e+00,0.000000e+00
1.000000e+00,0.000000e+00,0.000000e+00,0.000000e+00,0.000000e+00,0.000000e+00,0.000000e+00,0.000000e+00,0.000000e+00,0.000000e+00,0.000000e+00,0.000000e+00,0.000000e+00,0.000000e+00,0.000000e+00
1.000000e+00,0.000000e+00,0.000000e+00,0.000000e+00,0.000000e+00,0.000000e+00,0.000000e+00,0.000000e+00,0.000000e+00,0.000000e+00,0.000000e+00,0.000000e+00,0.000000e+00,0.000000e+00,0.000000e+00
1.000000e+00,0.000000e+00,0.000000e+00,0.000000e+00,0.000000e+00,0.000000e+00,0.000000e+00,0.000000e+00,0.000000e+00,0.000000e+00,0.000000e+00,0.000000e+00,0.000000e+00,0.000000e+00,0.000000e+00
1.000000e+00,0.000000e+00,0.000000e+00,0.000000e+00,0.000000e+00,0.000000e+00,0.000000e+00,0.000000e+00,0.000000e+00,0.000000e+00,0.000000e+00,0.000000e+00,0.000000e+00,0.000000e+00,0.000000e+00
1.000000e+00,0.000000e+00,0.000000e+00,0.000000e+00,0.000000e+00,0.000000e+00,0.000000e+00,0.000000e+00,0.000000e+00,0.000000e+00,0.000000e+00,0.000000e+00,0.000000e+00,0.000000e+00,0.000000e+00
1.000000e+00,0.000000e+00,0.000000e+00,0.000000e+00,0.000000e+00,0.000000e+00,0.000000e+00,0.000000e+00,0.000000e+00,0.000000e+00,0.000000e+00,0.000000e+00,0.000000e+00,0.000000e+00,0.000000e+00
1.000000e+00,0.000000e+00,0.000000e+00,0.000000e+00,0.000000e+00,0.000000e+00,0.000000e+00,0.000000e+00,0.000000e+00,0.000000e+00,0.000000e+00,0.000000e+00,0.000000e+00,0.000000e+00,0.000000e+00
1.000000e+00,0.000000e+00,0.000000e+00,0.000000e+00,0.000000e+00,0.000000e+00,0.000000e+00,0.000000e+00,0.000000e+00,0.000000e+00,0.000000e+00,0.000000e+00,0.000000e+00,0.000000e+00,0.000000e+00
1.000000e+00,0.000000e+00,0.000000e+00,0.000000e+00,0.000000e+00,0.000000e+00,0.000000e+00,0.000000e+00,0.000000e+00,0.000000e+00,0.000000e+00,0.000000e+00,0.000000e+00,0.000000e+00,0.000000e+00
1.000000e+00,0.000000e+00,0.000000e+00,0.000000e+00,0.000000e+00,0.000000e+00,0.000000e+00,0.000000e+00,0.000000e+00,0.000000e+00,0.000000e+00,0.000000e+00,0.000000e+00,0.000000e+00,0.000000e+00
1.000000e+00,0.000000e+00,0.000000e+00,0.000000e+00,0.000000e+00,0.000000e+00,0.000000e+00,0.000000e+00,0.000000e+00,0.000000e+00,0.000000e+00,0.000000e+00,0.000000e+00,0.000000e+00,0.000000e+00
1.000000e+00,0.000000e+00,0.000000e+00,0.000000e+00,0.000000e+00,0.000000e+00,0.000000e+00,0.000000e+00,0.000000e+00,0.000000e+00,0.000000e+00,0.000000e+00,0.000000e+00,0.000000e+00,0.000000e+00
1.000000e+00,0.000000e+00,0.000000e+00,0.000000e+00,0.000000e+00,0.000000e+00,0.000000e+00,0.000000e+00,0.000000e+00,0.000000e+00,0.000000e+00,0.000000e+00,0.000000e+00,0.000000e+00,0.000000e+00
1.000000e+00,0.000000e+00,0.000000e+00,0.000000e+00,0.000000e+00,0.000000e+00,0.000000e+00,0.000000e+00,0.000000e+00,0.000000e+00,0.000000e+00,0.000000e+00,0.000000e+00,0.000000e+00,0.000000e+00
1.000000e+00,0.000000e+00,0.000000e+00,0.000000e+00,0.000000e+00,0.000000e+00,0.000000e+00,0.000000e+00,0.000000e+00,0.000000e+00,0.000000e+00,0.000000e+00,0.000000e+00,0.000000e+00,0.000000e+00
1.000000e+00,0.000000e+00,0.000000e+00,0.000000e+00,0.000000e+00,0.000000e+00,0.000000e+00,0.000000e+00,0.000000e+00,0.000000e+00,0.000000e+00,0.000000e+00,0.000000e+00,0.000000e+00,0.000000e+00
1.000000e+00,0.000000e+00,0.000000e+00,0.000000e+00,0.000000e+00,0.000000e+00,0.000000e+00,0.000000e+00,0.000000e+00,0.000000e+00,0.000000e+00,0.000000e+00,0.000000e+00,0.000000e+00,0.000000e+00
1.000000e+00,0.000000e+00,0.000000e+00,0.000000e+00,0.000000e+00,0.000000e+00,0.000000e+00,0.000000e+00,0.000000e+00,0.000000e+00,0.000000e+00,0.000000e+00,0.000000e+00,0.000000e+00,0.000000e+00
1.000000e+00,0.000000e+00,0.000000e+00,0.000000e+00,0.000000e+00,0.000000e+00,0.000000e+00,0.000000e+00,0.000000e+00,0.000000e+00,0.000000e+00,0.000000e+00,0.000000e+00,0.000000e+00,0.000000e+00
1.000000e+00,0.000000e+00,0.000000e+00,0.000000e+00,0.000000e+00,0.000000e+00,0.000000e+00,0.000000e+00,0.000000e+00,0.000000e+00,0.000000e+00,0.000000e+00,0.000000e+00,0.000000e+00,0.000000e+00
1.000000e+00,0.000000e+00,0.000000e+00,0.000000e+00,0.000000e+00,0.000000e+00,0.000000e+00,0.000000e+00,0.000000e+00,0.000000e+00,0.000000e+00,0.000000e+00,0.000000e+00,0.000000e+00,0.000000e+00
1.000000e+00,0.000000e+00,0.000000e+00,0.000000e+00,0.000000e+00,0.000000e+00,0.000000e+00,0.000000e+00,0.000000e+00,0.000000e+00,0.000000e+00,0.000000e+00,0.000000e+00,0.000000e+00,0.000000e+00
1.000000e+00,0.000000e+00,0.000000e+00,0.000000e+00,0.000000e+00,0.000000e+00,0.000000e+00,0.000000e+00,0.000000e+00,0.000000e+00,0.000000e+00,0.000000e+00,0.000000e+00,0.000000e+00,0.000000e+00
1.000000e+00,0.000000e+00,0.000000e+00,0.000000e+00,0.000000e+00,0.000000e+00,0.000000e+00,0.000000e+00,0.000000e+00,0.000000e+00,0.000000e+00,0.000000e+00,0.000000e+00,0.000000e+00,0.000000e+00
1.000000e+00,0.000000e+00,0.000000e+00,0.000000e+00,0.000000e+00,0.000000e+00,0.000000e+00,0.000000e+00,0.000000e+00,0.000000e+00,0.000000e+00,0.000000e+00,0.000000e+00,0.000000e+00,0.000000e+00
1.000000e+00,0.000000e+00,0.000000e+00,0.000000e+00,0.000000e+00,0.000000e+00,0.000000e+00,0.000000e+00,0.000000e+00,0.000000e+00,0.000000e+00,0.000000e+00,0.000000e+00,0.000000e+00,0.000000e+00
1.000000e+00,0.000000e+00,0.000000e+00,0.000000e+00,0.000000e+00,0.000000e+00,0.000000e+00,0.000000e+00,0.000000e+00,0.000000e+00,0.000000e+00,0.000000e+00,0.000000e+00,0.000000e+00,0.000000e+00
1.000000e+00,0.000000e+00,0.000000e+00,0.000000e+00,0.000000e+00,0.000000e+00,0.000000e+00,0.000000e+00,0.000000e+00,0.000000e+00,0.000000e+00,0.000000e+00,0.000000e+00,0.000000e+00,0.000000e+00
1.000000e+00,0.000000e+00,0.000000e+00,0.000000e+00,0.000000e+00,0.000000e+00,0.000000e+00,0.000000e+00,0.000000e+00,0.000000e+00,0.000000e+00,0.000000e+00,0.000000e+00,0.000000e+00,0.000000e+00
1.000000e+00,0.000000e+00,0.000000e+00,0.000000e+00,0.000000e+00,0.000000e+00,0.000000e+00,0.000000e+00,0.000000e+00,0.000000e+00,0.000000e+00,0.000000e+00,0.000000e+00,0.000000e+00,0.000000e+00
1.000000e+00,0.000000e+00,0.000000e+00,0.000000e+00,0.000000e+00,0.000000e+00,0.000000e+00,0.000000e+00,0.000000e+00,0.000000e+00,0.000000e+00,0.000000e+00,0.000000e+00,0.000000e+00,0.000000e+00
1.000000e+00,0.000000e+00,0.000000e+00,0.000000e+00,0.000000e+00,0.000000e+00,0.000000e+00,0.000000e+00,0.000000e+00,0.000000e+00,0.000000e+00,0.000000e+00,0.000000e+00,0.000000e+00,0.000000e+00
1.000000e+00,0.000000e+00,0.000000e+00,0.000000e+00,0.000000e+00,0.000000e+00,0.000000e+00,0.000000e+00,0.000000e+00,0.000000e+00,0.000000e+00,0.000000e+00,0.000000e+00,0.000000e+00,0.000000e+00
1.000000e+00,0.000000e+00,0.000000e+00,0.000000e+00,0.000000e+00,0.000000e+00,0.000000e+00,0.000000e+00,0.000000e+00,0.000000e+00,0.000000e+00,0.000000e+00,0.000000e+00,0.000000e+00,0.000000e+00
1.000000e+00,0.000000e+00,0.000000e+00,0.000000e+00,0.000000e+00,0.000000e+00,0.000000e+00,0.000000e+00,0.000000e+00,0.000000e+00,0.000000e+00,0.000000e+00,0.000000e+00,0.000000e+00,0.000000e+00
1.000000e+00,0.000000e+00,0.000000e+00,0.000000e+00,0.000000e+00,0.000000e+00,0.000000e+00,0.000000e+00,0.000000e+00,0.000000e+00,0.000000e+00,0.000000e+00,0.000000e+00,0.000000e+00,0.000000e+00
1.000000e+00,0.000000e+00,0.000000e+00,0.000000e+00,0.000000e+00,0.000000e+00,0.000000e+00,0.000000e+00,0.000000e+00,0.000000e+00,0.000000e+00,0.000000e+00,0.000000e+00,0.000000e+00,0.000000e+00
1.000000e+00,0.000000e+00,0.000000e+00,0.000000e+00,0.000000e+00,0.000000e+00,0.000000e+00,0.000000e+00,0.000000e+00,0.000000e+00,0.000000e+00,0.000000e+00,0.000000e+00,0.000000e+00,0.000000e+00
1.000000e+00,0.000000e+00,0.000000e+00,0.000000e+00,0.000000e+00,0.000000e+00,0.000000e+00,0.000000e+00,0.000000e+00,0.000000e+00,0.000000e+00,0.000000e+00,0.000000e+00,0.000000e+00,0.000000e+00
1.000000e+00,0.000000e+00,0.000000e+00,0.000000e+00,0.000000e+00,0.000000e+00,0.000000e+00,0.000000e+00,0.000000e+00,0.000000e+00,0.000000e+00,0.000000e+00,0.000000e+00,0.000000e+00,0.000000e+00
1.000000e+00,0.000000e+00,0.000000e+00,0.000000e+00,0.000000e+00,0.000000e+00,0.000000e+00,0.000000e+00,0.000000e+00,0.000000e+00,0.000000e+00,0.000000e+00,0.000000e+00,0.000000e+00,0.000000e+00
1.000000e+00,0.000000e+00,0.000000e+00,0.000000e+00,0.000000e+00,0.000000e+00,0.000000e+00,0.000000e+00,0.000000e+00,0.000000e+00,0.000000e+00,0.000000e+00,0.000000e+00,0.000000e+00,0.000000e+00
1.000000e+00,0.000000e+00,0.000000e+00,0.000000e+00,0.000000e+00,0.000000e+00,0.000000e+00,0.000000e+00,0.000000e+00,0.000000e+00,0.000000e+00,0.000000e+00,0.000000e+00,0.000000e+00,0.000000e+00
1.000000e+00,0.000000e+00,0.000000e+00,0.000000e+00,0.000000e+00,0.000000e+00,0.000000e+00,0.000000e+00,0.000000e+00,0.000000e+00,0.000000e+00,0.000000e+00,0.000000e+00,0.000000e+00,0.000000e+00
1.000000e+00,0.000000e+00,0.000000e+00,0.000000e+00,0.000000e+00,0.000000e+00,0.000000e+00,0.000000e+00,0.000000e+00,0.000000e+00,0.000000e+00,0.000000e+00,0.000000e+00,0.000000e+00,0.000000e+00
1.000000e+00,0.000000e+00,0.000000e+00,0.000000e+00,0.000000e+00,0.000000e+00,0.000000e+00,0.000000e+00,0.000000e+00,0.000000e+00,0.000000e+00,0.000000e+00,0.000000e+00,0.000000e+00,0.000000e+00
1.000000e+00,0.000000e+00,0.000000e+00,0.000000e+00,0.000000e+00,0.000000e+00,0.000000e+00,0.000000e+00,0.000000e+00,0.000000e+00,0.000000e+00,0.000000e+00,0.000000e+00,0.000000e+00,0.000000e+00
1.000000e+00,0.000000e+00,0.000000e+00,0.000000e+00,0.000000e+00,0.000000e+00,0.000000e+00,0.000000e+00,0.000000e+00,0.000000e+00,0.000000e+00,0.000000e+00,0.000000e+00,0.000000e+00,0.000000e+00
1.000000e+00,0.000000e+00,0.000000e+00,0.000000e+00,0.000000e+00,0.000000e+00,0.000000e+00,0.000000e+00,0.000000e+00,0.000000e+00,0.000000e+00,0.000000e+00,0.000000e+00,0.000000e+00,0.000000e+00
1.000000e+00,0.000000e+00,0.000000e+00,0.000000e+00,0.000000e+00,0.000000e+00,0.000000e+00,0.000000e+00,0.000000e+00,0.000000e+00,0.000000e+00,0.000000e+00,0.000000e+00,0.000000e+00,0.000000e+00
1.000000e+00,0.000000e+00,0.000000e+00,0.000000e+00,0.000000e+00,0.000000e+00,0.000000e+00,0.000000e+00,0.000000e+00,0.000000e+00,0.000000e+00,0.000000e+00,0.000000e+00,0.000000e+00,0.000000e+00
4.584768e-01,1.131451e-02,1.912806e-02,3.398506e-02,4.489082e-03,1.537296e-02,5.813945e-03,3.857632e-01,4.241395e-03,1.749734e-03,7.488464e-03,1.481187e-02,1.630356e-02,4.083908e-03,1.697755e-02
3.217046e-01,7.947255e-03,1.381026e-02,2.401653e-02,3.203739e-03,1.088298e-02,4.378889e-03,5.679104e-01,2.973708e-03,1.228629e-03,5.279382e-03,1.039324e-02,1.146650e-02,2.894062e-03,1.190984e-02
2.255722e-01,5.578632e-03,9.920852e-03,1.692753e-02,2.297559e-03,7.699130e-03,3.335020e-03,6.962901e-01,2.083675e-03,8.618769e-04,3.711257e-03,7.282940e-03,8.048334e-03,2.045774e-03,8.345088e-03
1.580708e-01,3.924070e-03,7.124565e-03,1.191884e-02,1.703827e-03,5.426751e-03,2.630566e-03,7.864313e-01,1.461048e-03,6.051387e-04,2.615407e-03,5.107669e-03,5.667971e-03,1.464163e-03,5.847987e-03
1.107221e-01,2.769416e-03,5.151857e-03,8.448079e-03,1.330226e-03,3.831138e-03,2.125299e-03,8.491044e-01,1.029798e-03,4.286116e-04,1.890664e-03,3.632759e-03,4.342808e-03,1.089089e-03,4.103797e-03
7.757072e-02,1.998157e-03,3.770003e-03,6.047601e-03,1.421360e-03,2.729377e-03,1.918803e-03,8.815808e-01,8.354983e-04,3.487949e-04,1.918565e-03,3.974936e-03,1.147224e-02,1.459705e-03,2.953453e-03
5.441730e-02,1.628154e-03,2.861855e-03,4.324645e-03,6.304165e-03,3.155448e-03,4.718310e-03,7.787673e-01,8.533485e-04,3.873946e-04,1.991037e-03,2.585758e-02,1.105410e-01,1.538451e-03,2.653899e-03
3.823373e-02,1.413390e-03,2.259548e-03,3.093226e-03,1.395531e-02,2.710582e-03,7.387010e-03,6.594505e-01,1.001714e-03,7.054254e-04,2.342558e-03,8.429901e-02,1.790799e-01,1.768888e-03,2.299162e-03
2.718417e-02,1.229948e-03,1.848560e-03,2.202938e-03,1.216158e-02,2.404001e-03,9.694813e-03,4.860300e-01,1.531167e-03,3.641997e-03,4.859391e-03,2.468584e-01,1.934790e-01,4.461180e-03,2.412901e-03
1.979338e-02,1.744979e-03,4.095255e-03,1.868750e-03,2.278513e-02,5.114739e-03,1.891783e-02,3.872203e-01,4.122410e-03,3.745602e-03,6.119422e-03,3.284269e-01,1.878918e-01,5.912047e-03,2.241482e-03
1.441806e-02,1.456829e-03,3.488197e-03,1.432136e-03,1.962614e-02,7.271416e-03,1.492582e-02,2.748395e-01,6.788611e-03,3.819128e-03,7.160025e-03,4.762743e-01,1.594954e-01,6.912294e-03,2.092205e-03
1.526758e-02,1.386555e-03,4.609549e-03,1.708068e-03,1.700101e-02,1.453792e-02,1.407159e-02,1.962424e-01,1.026292e-02,4.152269e-03,1.198362e-02,5.568080e-01,1.300309e-01,1.781865e-02,4.118986e-03
1.539205e-02,1.292565e-03,4.244783e-03,1.505604e-03,1.275301e-02,1.752844e-02,1.189741e-02,1.388416e-01,1.094246e-02,5.460959e-03,1.148512e-02,6.453769e-01,9.887033e-02,2.077572e-02,3.633109e-03
1.285702e-02,1.022602e-03,3.415498e-03,1.212682e-03,9.448087e-03,1.421197e-02,9.487815e-03,9.780417e-02,9.724527e-03,5.632851e-03,1.472985e-02,7.283716e-01,7.175364e-02,1.728718e-02,3.040541e-03
9.742868e-03,7.956797e-04,2.654950e-03,1.015846e-03,7.184827e-03,1.233027e-02,6.882807e-03,6.869537e-02,9.518770e-03,5.494337e-03,1.442541e-02,7.933657e-01,5.201152e-02,1.360693e-02,2.274679e-03
7.055243e-03,6.045600e-04,2.111167e-03,7.602285e-04,7.379379e-03,9.179620e-03,4.887681e-03,4.812793e-02,9.423694e-03,7.045229e-03,1.641134e-02,8.348901e-01,3.881644e-02,1.167098e-02,1.636354e-03
6.010334e-03,4.768671e-04,1.642292e-03,5.733720e-04,8.454600e-03,7.076064e-03,3.509910e-03,3.374154e-02,8.657264e-03,1.201727e-02,2.242092e-02,8.565390e-01,2.870286e-02,9.003745e-03,1.173906e-03
5.851982e-03,8.931031e-04,2.395447e-03,4.426876e-04,3.346229e-02,6.783951e-03,2.675334e-03,2.380431e-02,1.975884e-02,1.725862e-02,1.892468e-02,8.367833e-01,2.347293e-02,6.619671e-03,8.728939e-04
6.285302e-03,2.517038e-03,3.266283e-03,4.057808e-04,3.290154e-02,1.375310e-02,2.834895e-03,1.861235e-02,4.759473e-02,1.836914e-02,1.670314e-02,8.131138e-01,1.818485e-02,4.785685e-03,6.724342e-04
6.044299e-03,3.055196e-03,2.816388e-03,3.697181e-04,3.489764e-02,2.159099e-02,2.445132e-03,1.377942e-02,1.181507e-01,1.732258e-02,1.672839e-02,7.443742e-01,1.434007e-02,3.538786e-03,5.465900e-04
6.229578e-03,2.880305e-03,3.799199e-03,3.616161e-04,8.078177e-02,2.053370e-02,3.119860e-03,1.250961e-02,1.971176e-01,1.719402e-02,1.532742e-02,6.252244e-01,1.175036e-02,2.743181e-03,4.273581e-04
5.675219e-03,5.137808e-03,4.094835e-03,3.214423e-04,9.297006e-02,1.912478e-02,2.426854e-03,9.178787e-03,3.399887e-01,1.644472e-02,1.341271e-02,4.775769e-01,1.121250e-02,2.059211e-03,3.755415e-04
5.442219e-03,5.381033e-03,3.761454e-03,3.565969e-04,1.019833e-01,3.193090e-02,1.890676e-03,7.819147e-03,4.098879e-01,1.908708e-02,1.147341e-02,3.849335e-01,1.399336e-02,1.728079e-03,3.313987e-04
4.384371e-03,4.537174e-03,3.172069e-03,4.013015e-04,8.647883e-02,5.417751e-02,1.580489e-03,6.377534e-03,4.266207e-01,2.160085e-02,9.415597e-03,3.654717e-01,1.404468e-02,1.374403e-03,3.628788e-04
3.550998e-03,4.083763e-03,2.311020e-03,4.179209e-04,6.423279e-02,5.974660e-02,1.293076e-03,5.162821e-03,4.684755e-01,1.923204e-02,8.007135e-03,3.470432e-01,1.503360e-02,1.057363e-03,3.521895e-04
7.546036e-03,3.401434e-03,2.935519e-03,7.436366e-03,7.048832e-02,4.419557e-02,1.431142e-03,1.107977e-01,4.348709e-01,1.837713e-02,9.540091e-03,2.702228e-01,1.766454e-02,8.049798e-04,2.874779e-04
1.861452e-02,3.393075e-03,3.481762e-03,1.951413e-02,9.035608e-02,6.598590e-02,2.201799e-03,1.611048e-01,3.969594e-01,1.502204e-02,9.191386e-03,1.983633e-01,1.473403e-02,7.703812e-04,3.072825e-04
2.185191e-02,2.791582e-03,4.501061e-03,2.853389e-02,8.657683e-02,5.862434e-02,3.124987e-03,3.234706e-01,2.959131e-01,1.132658e-02,6.813924e-03,1.449007e-01,1.076524e-02,5.637605e-04,2.413815e-04
2.989714e-02,4.156828e-03,4.609290e-03,2.462376e-02,8.000799e-02,5.123062e-02,7.655886e-03,4.365723e-01,2.314476e-01,8.191803e-03,5.440493e-03,1.067758e-01,8.540560e-03,5.868621e-04,2.630883e-04
3.171539e-02,3.289807e-03,3.678859e-03,1.880118e-02,6.648760e-02,3.879735e-02,8.456090e-03,5.650121e-01,1.689722e-01,5.795895e-03,4.092421e-03,7.722829e-02,6.967413e-03,4.824189e-04,2.229083e-04
3.193422e-02,2.487342e-03,3.104681e-03,1.574528e-02,6.032949e-02,2.917030e-02,6.605222e-03,6.635419e-01,1.192019e-01,4.107493e-03,3.019615e-03,5.450191e-02,5.632605e-03,4.298691e-04,1.880363e-04
2.693107e-02,1.869343e-03,2.469065e-03,1.229051e-02,5.171616e-02,2.248370e-02,4.823672e-03,7.453675e-01,8.363804e-02,2.902629e-03,2.235855e-03,3.827164e-02,4.433473e-03,3.954277e-04,1.718379e-04
2.727761e-02,1.516682e-03,2.547185e-03,1.058303e-02,4.742364e-02,2.027092e-02,3.693682e-03,7.918283e-01,5.876194e-02,2.067240e-03,1.804241e-03,2.690119e-02,4.567406e-03,4.643901e-04,2.924467e-04
4.396839e-02,2.054897e-03,5.346566e-03,8.914520e-03,4.566641e-02,3.073761e-02,2.948961e-03,7.886723e-01,4.196248e-02,1.575276e-03,2.233652e-03,1.970940e-02,3.726606e-03,5.802588e-04,1.902516e-03
8.532019e-02,2.662911e-03,7.187050e-03,1.094062e-02,6.508049e-02,6.717867e-02,2.344797e-03,6.994087e-01,3.429754e-02,1.327422e-03,2.825423e-03,1.502207e-02,3.289614e-03,6.932243e-04,2.421180e-03
8.759680e-02,6.247519e-03,9.990436e-03,1.044431e-02,9.810367e-02,9.641948e-02,2.052373e-03,6.263035e-01,3.362234e-02,1.411411e-03,3.430596e-03,1.254927e-02,3.282687e-03,7.989245e-04,7.746630e-03
7.825018e-02,6.737296e-03,1.148366e-02,9.636538e-03,9.759096e-02,1.502410e-01,1.967533e-03,5.948488e-01,2.409788e-02,1.190228e-03,2.804324e-03,9.892108e-03,2.607408e-03,8.384642e-04,7.813676e-03
8.144623e-02,7.630246e-03,1.403207e-02,1.039798e-02,1.037405e-01,1.828094e-01,2.692834e-03,5.564134e-01,1.745748e-02,1.061671e-03,2.349236e-03,8.153181e-03,2.742987e-03,1.010588e-03,8.062219e-03
1.247216e-01,8.384699e-03,1.329836e-02,1.184473e-02,9.281872e-02,1.552914e-01,2.330380e-03,5.546699e-01,1.275731e-02,1.188117e-03,2.343349e-03,7.742080e-03,3.007412e-03,1.253792e-03,8.348197e-03
1.688596e-01,7.136547e-03,1.137777e-02,1.102579e-02,7.326550e-02,1.186495e-01,2.096605e-03,5.754117e-01,9.359483e-03,1.138499e-03,2.240765e-03,7.262967e-03,3.153417e-03,1.363826e-03,7.657985e-03
2.833073e-01,7.583532e-03,1.013013e-02,1.277756e-02,5.649333e-02,9.264086e-02,2.784617e-03,4.856571e-01,7.450789e-03,2.315744e-03,4.363919e-03,1.764738e-02,5.335488e-03,2.313565e-03,9.198649e-03
3.884767e-01,6.898457e-03,8.405044e-03,1.281921e-02,4.257317e-02,8.571323e-02,2.957319e-03,3.550087e-01,7.350639e-03,3.475823e-03,1.139316e-02,5.473289e-02,5.852879e-03,4.140083e-03,1.020275e-02
3.828306e-01,8.319207e-03,7.644859e-03,1.203402e-02,3.463056e-02,9.708515e-02,3.549375e-03,2.521689e-01,1.039291e-02,5.145374e-03,2.535609e-02,1.404805e-01,5.004542e-03,4.921535e-03,1.043634e-02
3.171863e-01,7.220308e-03,5.870664e-03,9.094763e-03,2.484527e-02,9.190904e-02,3.064832e-03,1.777622e-01,8.743087e-03,4.836402e-03,5.116249e-02,2.791216e-01,4.050010e-03,4.607403e-03,1.052566e-02
2.558091e-01,5.840495e-03,4.411292e-03,7.026033e-03,1.810734e-02,7.373366e-02,2.489025e-03,1.248553e-01,7.325229e-03,5.691746e-03,4.818270e-02,4.307691e-01,3.136916e-03,3.988425e-03,8.633667e-03
1.875532e-01,4.527379e-03,3.369595e-03,5.376051e-03,1.334482e-02,5.418306e-02,2.273672e-03,8.766324e-02,6.412623e-03,7.740749e-03,4.332624e-02,5.712396e-01,2.415996e-03,3.737136e-03,6.836748e-03
1.367477e-01,4.238063e-03,3.025813e-03,3.977341e-03,1.233964e-02,3.927619e-02,4.068844e-03,6.228266e-02,7.525404e-03,6.361699e-03,3.821414e-02,6.714743e-01,1.867908e-03,3.441712e-03,5.158540e-03
9.846833e-02,5.371813e-03,3.291385e-03,2.953586e-03,1.377624e-02,2.876424e-02,4.517462e-03,4.437944e-02,6.392234e-03,5.357028e-03,3.553156e-02,7.430946e-01,1.415030e-03,2.859265e-03,3.827874e-03
7.551517e-02,6.119191e-03,4.789035e-03,2.699874e-03,1.497977e-02,3.020286e-02,6.664362e-03,3.180333e-02,5.652660e-03,4.745010e-03,4.711916e-02,7.615679e-01,1.382356e-03,2.658655e-03,4.100705e-03
5.943617e-02,7.721041e-03,7.250382e-03,2.398145e-03,2.113094e-02,2.697945e-02,1.193462e-02,2.372881e-02,5.261015e-03,4.773797e-03,7.233438e-02,7.486928e-01,1.767751e-03,2.661224e-03,3.929558e-03
5.250589e-02,6.996906e-03,8.246318e-03,1.879994e-03,2.036146e-02,2.954571e-02,1.319185e-02,1.770238e-02,5.701642e-03,1.095493e-02,8.543238e-02,7.372199e-01,2.354341e-03,4.099502e-03,3.806789e-03
3.780953e-02,5.318437e-03,7.486165e-03,1.454884e-03,2.290858e-02,2.410080e-02,9.913103e-03,1.270025e-02,7.143141e-03,1.123899e-02,8.639605e-02,7.615126e-01,4.279943e-03,4.724606e-03,3.012859e-03
2.718830e-02,4.501513e-03,7.838776e-03,1.111175e-03,2.998638e-02,1.854584e-02,7.619472e-03,9.125564e-03,6.600192e-03,1.025611e-02,8.568908e-02,7.791509e-01,4.943581e-03,4.956670e-03,2.486389e-03
2.571462e-02,1.351692e-02,1.570337e-02,2.674189e-03,4.487939e-02,2.475357e-02,5.920249e-03,6.796200e-03,8.355545e-03,9.371539e-03,1.202228e-01,6.976595e-01,4.987999e-03,8.060688e-03,1.138342e-02
2.219313e-02,1.322016e-02,1.853829e-02,2.657963e-03,9.135890e-02,1.481175e-01,8.302523e-03,9.199494e-03,9.690001e-03,7.526373e-03,1.055833e-01,5.416588e-01,5.487115e-03,7.483795e-03,8.982630e-03
7.160281e-02,1.975149e-02,2.252404e-02,4.124847e-03,1.634644e-01,1.238126e-01,9.148300e-03,9.775683e-03,9.738086e-03,5.568696e-03,1.200175e-01,4.149795e-01,7.730483e-03,7.450397e-03,1.031124e-02
1.018951e-01,2.055311e-02,2.274626e-02,4.219191e-03,1.783749e-01,1.263756e-01,7.504056e-03,1.227163e-02,1.100340e-02,4.476923e-03,1.687404e-01,3.094987e-01,1.199187e-02,8.133827e-03,1.221506e-02
1.297083e-01,2.981557e-02,2.111026e-02,4.794159e-03,1.952715e-01,1.364579e-01,6.202450e-03,2.701889e-02,2.445319e-02,4.117096e-03,1.513146e-01,2.263410e-01,1.691509e-02,9.072923e-03,1.740712e-02
2.493209e-01,2.438246e-02,1.730739e-02,6.213321e-03,1.543426e-01,1.114140e-01,5.858446e-03,3.817262e-02,2.277144e-02,3.745663e-03,1.489042e-01,1.683807e-01,1.873470e-02,8.054839e-03,2.239671e-02
3.153929e-01,2.028165e-02,1.518655e-02,6.608083e-03,1.339940e-01,1.140446e-01,5.624799e-03,5.555564e-02,2.038830e-02,3.553976e-03,1.383107e-01,1.272095e-01,1.811849e-02,6.768248e-03,1.896249e-02
3.509392e-01,1.781796e-02,2.046362e-02,1.206411e-02,1.221101e-01,1.094933e-01,7.082284e-03,5.807473e-02,2.192806e-02,4.680723e-03,1.112290e-01,1.025660e-01,3.029925e-02,6.735547e-03,2.451616e-02
3.356123e-01,1.509866e-02,2.141273e-02,1.642395e-02,1.037880e-01,1.011277e-01,7.108715e-03,6.965663e-02,2.505919e-02,4.638498e-03,1.032752e-01,1.384010e-01,2.968239e-02,5.997880e-03,2.271716e-02
2.715677e-01,1.267366e-02,1.962316e-02,1.544497e-02,9.938762e-02,8.105962e-02,6.383123e-03,1.805402e-01,2.205307e-02,3.509420e-03,1.123358e-01,1.303390e-01,2.333164e-02,4.779372e-03,1.697163e-02
2.635970e-01,1.017651e-02,1.645039e-02,1.416365e-02,7.771859e-02,6.848194e-02,5.317099e-03,2.454087e-01,1.692223e-02,2.937718e-03,1.018164e-01,1.421402e-01,1.851434e-02,3.726991e-03,1.262819e-02
2.382901e-01,7.738922e-03,1.269271e-02,1.310035e-02,6.124464e-02,5.361481e-02,4.580730e-03,3.533126e-01,1.271702e-02,2.421580e-03,8.138569e-02,1.330335e-01,1.398124e-02,2.804646e-03,9.081420e-03
1.810084e-01,5.563639e-03,9.769578e-03,1.034337e-02,4.480704e-02,3.926596e-02,3.741982e-03,5.204332e-01,9.092762e-03,1.861795e-03,5.984427e-02,9.516400e-02,1.037906e-02,2.320372e-03,6.404483e-03
1.485418e-01,4.038770e-03,8.327499e-03,8.745555e-03,3.506058e-02,2.958616e-02,3.446322e-03,6.284093e-01,6.565707e-03,1.461789e-03,4.372035e-02,6.750171e-02,8.005504e-03,2.055671e-03,4.533255e-03
1.215851e-01,2.905396e-03,6.958674e-03,6.906362e-03,2.674394e-02,2.253577e-02,3.496337e-03,7.134588e-01,4.724769e-03,1.088538e-03,3.095495e-02,4.768408e-02,5.987420e-03,1.751935e-03,3.217945e-03
1.272973e-01,2.281480e-03,7.355583e-03,6.760953e-03,2.037291e-02,2.367076e-02,3.585937e-03,7.380075e-01,3.911773e-03,8.609170e-04,2.212960e-02,3.384562e-02,4.875490e-03,2.288460e-03,2.755746e-03
1.747350e-01,2.034516e-03,6.939028e-03,6.075009e-03,1.562279e-02,2.167011e-02,3.151831e-03,7.080415e-01,3.710929e-03,1.079006e-03,1.756636e-02,2.661111e-02,6.625039e-03,3.086401e-03,3.051401e-03
1.258330e-01,1.754803e-03,7.603985e-03,7.151813e-03,1.133599e-02,1.577938e-02,2.524941e-03,5.604317e-01,4.295642e-03,3.958999e-03,4.156515e-02,1.789339e-01,1.712598e-02,1.815334e-02,3.551376e-03
9.026577e-02,1.500858e-03,8.456951e-03,7.733612e-03,8.140417e-03,1.168311e-02,2.047172e-03,4.030989e-01,5.268256e-03,1.004017e-02,5.963304e-02,3.411201e-01,1.829959e-02,2.883730e-02,3.874812e-03
6.460046e-02,1.264642e-03,7.367717e-03,7.713917e-03,5.903523e-03,1.015202e-02,1.535270e-03,2.881148e-01,5.853578e-03,8.539413e-03,7.918742e-02,4.712147e-01,1.462021e-02,3.002581e-02,3.906514e-03
4.586764e-02,9.711080e-04,5.346708e-03,5.793368e-03,4.194837e-03,9.044390e-03,1.088874e-03,2.034481e-01,4.729195e-03,6.276147e-03,7.405776e-02,6.026832e-01,1.063095e-02,2.249603e-02,3.371769e-03
3.248617e-02,7.520768e-04,3.925664e-03,4.463492e-03,3.008014e-03,7.932751e-03,7.739139e-04,1.434905e-01,3.765823e-03,4.745694e-03,6.721681e-02,7.007445e-01,7.652446e-03,1.622941e-02,2.812887e-03
2.310885e-02,5.620400e-04,2.776344e-03,3.206291e-03,2.225362e-03,5.890979e-03,5.618133e-04,1.005402e-01,2.820274e-03,3.479828e-03,6.287634e-02,7.723510e-01,5.454107e-03,1.207906e-02,2.067593e-03
1.626832e-02,4.361198e-04,1.960679e-03,2.308582e-03,1.816108e-03,4.281060e-03,4.106431e-04,7.042032e-02,2.223517e-03,2.546376e-03,7.240678e-02,8.104268e-01,3.885271e-03,9.127704e-03,1.481768e-03
1.143263e-02,3.243391e-04,1.382469e-03,1.671445e-03,2.059850e-03,3.366249e-03,3.043171e-04,4.931100e-02,1.622378e-03,1.846294e-03,6.399374e-02,8.520572e-01,2.756380e-03,6.814598e-03,1.057148e-03
8.045338e-03,2.332545e-04,9.701772e-04,1.183845e-03,2.260783e-03,2.522469e-03,2.212085e-04,3.452471e-02,1.163360e-03,1.319693e-03,4.729750e-02,8.926067e-01,1.940403e-03,4.967446e-03,7.431528e-04
5.657095e-03,1.771757e-04,6.845957e-04,8.407190e-04,2.376195e-03,1.895553e-03,1.628070e-04,2.417328e-02,8.375030e-04,9.431122e-04,3.815281e-02,9.184911e-01,1.365969e-03,3.717698e-03,5.244363e-04
3.978787e-03,1.607469e-04,4.957331e-04,6.056233e-04,3.299848e-03,1.423915e-03,1.349296e-04,1.693867e-02,6.330873e-04,6.999205e-04,3.475250e-02,9.325702e-01,9.662467e-04,2.966856e-03,3.729806e-04
2.792295e-03,2.576899e-04,4.952638e-04,4.532489e-04,7.096150e-03,1.040039e-03,1.147866e-04,1.188063e-02,6.243403e-04,6.016042e-04,3.285328e-02,9.382876e-01,6.891232e-04,2.539801e-03,2.741042e-04
2.005847e-03,3.236050e-04,4.210800e-04,3.620479e-04,9.107965e-03,8.627068e-04,1.340313e-04,8.380420e-03,5.486374e-04,4.927681e-04,2.513546e-02,9.489675e-01,5.113679e-04,2.538669e-03,2.079122e-04
1.425054e-03,5.760140e-04,5.749977e-04,2.841935e-04,1.438435e-02,6.853365e-04,1.836241e-04,6.012821e-03,6.154916e-04,4.269531e-04,2.149918e-02,9.506185e-01,3.820765e-04,2.165596e-03,1.658233e-04
1.028324e-03,1.307704e-03,7.540366e-04,2.437592e-04,3.315815e-02,7.932872e-04,3.659226e-04,4.437675e-03,9.059530e-04,4.911313e-04,1.730806e-02,9.366881e-01,3.276104e-04,2.028391e-03,1.618463e-04
8.581958e-04,1.155258e-03,1.298860e-03,2.797300e-04,4.269024e-02,1.292032e-03,1.861315e-03,4.925162e-03,1.616332e-03,5.788306e-04,5.157550e-02,8.879712e-01,4.877355e-04,3.232990e-03,1.766092e-04
1.468399e-03,1.372643e-03,3.546023e-03,5.495429e-04,4.282806e-02,7.864432e-03,5.979606e-03,1.164577e-02,3.795048e-03,1.277711e-03,1.142686e-01,7.991081e-01,7.879753e-04,4.692220e-03,8.157510e-04
3.261563e-03,3.535913e-03,1.045514e-02,9.791583e-04,8.835052e-02,9.370785e-03,7.646960e-03,1.551912e-02,7.008499e-03,1.691627e-03,1.689132e-01,6.745197e-01,1.176509e-03,5.474109e-03,2.097174e-03
6.582318e-03,8.685132e-03,1.508769e-02,1.173876e-03,2.597896e-01,1.683158e-02,1.239771e-02,1.227055e-02,1.322621e-02,2.057410e-03,1.577590e-01,4.853693e-01,1.657767e-03,4.541914e-03,2.569779e-03
1.063913e-02,7.855850e-03,3.180733e-02,1.509744e-03,3.150730e-01,1.505565e-02,1.068938e-02,4.013697e-02,2.485131e-02,1.843037e-03,1.752783e-01,3.512499e-01,6.964905e-03,4.419303e-03,2.626289e-03
1.636348e-02,6.131970e-03,2.676992e-02,1.713933e-03,3.149059e-01,9.467407e-02,7.903809e-03,3.309493e-02,2.866548e-02,1.428472e-03,1.968953e-01,2.563222e-01,7.888490e-03,3.907599e-03,3.334396e-03
3.771899e-02,6.125615e-03,2.354544e-02,3.346183e-03,3.508689e-01,7.598090e-02,5.863387e-03,3.150336e-02,3.485914e-02,1.250391e-03,2.212372e-01,1.916802e-01,7.847412e-03,4.161520e-03,4.011365e-03
4.514118e-02,6.564279e-03,4.202053e-02,1.030324e-02,3.443339e-01,6.860101e-02,4.412018e-03,4.147839e-02,5.162188e-02,1.150326e-03,2.051121e-01,1.606299e-01,1.011962e-02,3.693595e-03,4.818063e-03
5.545674e-02,9.976126e-03,3.624039e-02,1.261298e-02,3.494354e-01,5.213588e-02,3.325240e-03,3.265069e-02,6.512821e-02,1.493721e-03,2.420668e-01,1.221984e-01,8.722626e-03,3.907487e-03,4.649244e-03
5.479803e-02,1.146165e-02,3.858273e-02,1.825140e-02,4.422129e-01,3.927596e-02,2.606795e-03,2.955681e-02,6.652100e-02,1.462788e-03,1.922134e-01,8.795406e-02,7.069618e-03,4.180028e-03,3.852928e-03
7.203165e-02,1.163839e-02,4.208894e-02,3.437762e-02,4.411602e-01,3.011568e-02,1.964513e-03,2.926290e-02,7.319434e-02,1.670610e-03,1.830775e-01,6.451285e-02,5.222539e-03,5.486775e-03,4.195601e-03
8.821863e-02,1.477542e-02,7.378971e-02,5.936960e-02,3.972849e-01,2.362088e-02,1.591304e-03,3.110593e-02,9.653684e-02,1.760101e-03,1.440657e-01,4.908118e-02,4.086514e-03,1.032021e-02,4.393150e-03
9.390777e-02,1.336946e-02,1.035612e-01,9.782699e-02,3.580951e-01,1.904956e-02,1.429930e-03,3.638441e-02,9.215455e-02,1.812838e-03,1.189886e-01,4.362839e-02,3.386187e-03,1.294695e-02,3.458176e-03
1.057962e-01,1.392044e-02,1.208332e-01,8.333660e-02,3.595065e-01,1.829543e-02,2.035277e-03,3.377020e-02,1.113301e-01,1.986505e-03,9.008860e-02,3.485866e-02,2.993777e-03,1.804428e-02,3.204256e-03
1.461865e-01,1.542513e-02,1.310443e-01,6.860626e-02,3.652198e-01,1.765633e-02,3.891697e-03,2.878141e-02,9.071920e-02,2.537001e-03,7.139456e-02,2.789908e-02,2.994941e-03,2.317055e-02,4.473189e-03
1.901148e-01,1.686668e-02,1.290056e-01,7.441661e-02,3.119100e-01,2.017861e-02,1.102080e-02,3.391636e-02,8.424986e-02,1.119752e-02,5.623173e-02,2.420178e-02,5.304009e-03,2.208403e-02,9.301647e-03
3.357228e-01,1.756297e-02,9.725685e-02,5.585149e-02,2.288872e-01,2.518358e-02,9.550648e-03,2.889697e-02,7.211215e-02,1.562486e-02,4.248855e-02,2.170935e-02,8.749299e-03,1.772998e-02,2.267322e-02
4.361622e-01,1.768496e-02,7.244211e-02,4.699741e-02,1.634944e-01,2.927096e-02,8.852054e-03,2.428495e-02,5.830825e-02,2.383352e-02,3.423977e-02,2.542324e-02,9.422071e-03,1.535909e-02,3.422494e-02
4.383392e-01,1.864360e-02,5.674339e-02,4.063487e-02,1.168309e-01,6.106719e-02,1.072715e-02,2.125208e-02,4.526838e-02,2.883400e-02,2.952509e-02,3.627634e-02,3.027636e-02,1.872411e-02,4.685741e-02
1.000000e+00,0.000000e+00,0.000000e+00,0.000000e+00,0.000000e+00,0.000000e+00,0.000000e+00,0.000000e+00,0.000000e+00,0.000000e+00,0.000000e+00,0.000000e+00,0.000000e+00,0.000000e+00,0.000000e+00
1.000000e+00,0.000000e+00,0.000000e+00,0.000000e+00,0.000000e+00,0.000000e+00,0.000000e+00,0.000000e+00,0.000000e+00,0.000000e+00,0.000000e+00,0.000000e+00,0.000000e+00,0.000000e+00,0.000000e+00
4.754598e-01,1.967845e-02,2.522036e-02,2.771479e-02,4.731481e-02,5.194354e-02,1.081471e-02,1.309688e-02,2.884052e-02,1.738527e-02,1.806771e-02,2.295761e-02,1.211844e-01,9.880283e-03,1.104409e-01
3.632351e-01,1.598080e-02,2.088032e-02,2.293877e-02,3.493818e-02,5.616666e-02,1.027011e-02,1.260873e-02,2.257400e-02,1.549411e-02,1.423959e-02,1.768198e-02,1.908091e-01,7.642798e-03,1.945397e-01
3.548789e-01,1.351236e-02,2.662778e-02,2.333230e-02,2.780421e-02,6.864014e-02,1.007284e-02,1.187726e-02,2.155758e-02,1.321428e-02,1.367971e-02,2.199683e-02,1.624201e-01,6.499775e-03,2.238858e-01
3.782534e-01,1.092927e-02,2.125222e-02,1.774219e-02,2.291615e-02,6.941248e-02,1.425223e-02,1.180698e-02,1.838813e-02,1.026263e-02,1.074651e-02,1.839367e-02,1.196644e-01,5.393276e-03,2.705864e-01
3.697436e-01,1.135165e-02,2.179276e-02,1.908589e-02,2.339388e-02,7.934045e-02,1.717903e-02,2.010968e-02,1.909855e-02,9.390295e-03,1.051252e-02,1.683679e-02,9.237981e-02,4.518344e-03,2.852667e-01
3.229353e-01,1.255493e-02,1.855300e-02,1.547129e-02,2.256824e-02,9.774534e-02,1.405201e-02,2.494190e-02,2.741667e-02,1.044422e-02,9.732052e-03,1.359320e-02,8.793779e-02,3.486029e-03,3.185679e-01
2.843763e-01,1.568158e-02,1.390377e-02,1.200800e-02,2.005422e-02,7.221831e-02,1.127733e-02,1.022060e-01,2.358997e-02,8.080405e-03,8.769799e-03,1.112705e-02,7.244857e-02,2.667388e-03,3.415913e-01
2.573840e-01,1.945411e-02,1.165048e-02,9.808934e-03,2.074820e-02,5.342048e-02,9.170003e-03,2.141409e-01,3.000183e-02,7.538060e-03,1.041197e-02,9.234154e-03,5.566731e-02,2.493799e-03,2.888758e-01
2.828401e-01,3.129883e-02,9.795634e-03,1.025975e-02,2.437907e-02,4.564448e-02,9.329336e-03,2.659560e-01,3.273151e-02,6.371615e-03,9.580316e-03,8.270415e-03,4.565761e-02,2.211919e-03,2.156733e-01
2.313841e-01,6.257653e-02,1.160141e-02,9.188178e-03,2.089877e-02,3.780921e-02,7.287282e-03,3.358819e-01,4.917977e-02,5.206774e-03,1.063449e-02,8.026492e-03,4.329932e-02,2.221519e-03,1.648042e-01
1.964354e-01,6.443208e-02,1.029537e-02,8.377593e-03,3.340511e-02,4.244036e-02,6.394299e-03,3.967693e-01,7.035638e-02,3.772999e-03,9.413951e-03,6.719589e-03,3.192336e-02,2.436936e-03,1.168273e-01
2.556875e-01,4.903506e-02,8.836253e-03,1.554143e-02,5.048322e-02,3.309583e-02,6.066403e-03,3.957096e-01,5.647235e-02,3.028922e-03,7.571725e-03,7.384591e-03,2.422791e-02,4.057438e-03,8.280175e-02
2.379508e-01,4.079639e-02,7.429892e-03,1.413303e-02,4.950337e-02,3.050087e-02,5.075702e-03,4.418114e-01,6.459876e-02,2.368735e-03,5.770641e-03,6.945008e-03,3.029457e-02,4.218445e-03,5.860236e-02
1.874668e-01,3.269416e-02,5.674215e-03,1.081246e-02,3.906958e-02,2.296811e-02,3.980024e-03,5.554836e-01,5.747045e-02,1.711502e-03,4.299578e-03,5.430558e-03,2.809150e-02,3.527389e-03,4.132001e-02
1.375784e-01,2.518950e-02,4.335395e-03,7.857758e-03,2.888485e-02,1.799450e-02,3.284316e-03,6.534786e-01,4.972162e-02,1.265452e-03,3.086121e-03,4.625314e-03,3.106034e-02,2.550723e-03,2.908707e-02
1.046975e-01,2.032661e-02,3.310051e-03,5.636354e-03,2.110242e-02,1.415731e-02,2.549069e-03,7.313647e-01,4.200749e-02,9.117750e-04,2.206609e-03,3.413248e-03,2.598055e-02,1.818734e-03,2.051762e-02
7.753588e-02,1.509489e-02,2.613673e-03,4.168699e-03,1.594592e-02,1.054343e-02,1.964780e-03,8.006977e-01,3.146807e-02,6.586561e-04,1.587772e-03,2.696477e-03,1.927060e-02,1.295951e-03,1.445751e-02
6.527694e-02,1.082817e-02,2.826512e-03,3.864515e-03,1.174344e-02,8.529061e-03,1.934012e-03,8.422998e-01,2.262816e-02,4.779001e-04,1.220786e-03,2.483405e-03,1.466105e-02,9.450025e-04,1.028121e-02
6.141879e-02,7.853350e-03,2.215371e-03,3.139332e-03,9.940507e-03,6.700921e-03,1.634655e-03,8.682457e-01,1.657779e-02,3.646320e-04,1.017135e-03,1.984745e-03,1.088610e-02,6.953425e-04,7.325629e-03
6.484703e-02,5.896138e-03,2.003269e-03,2.805713e-03,8.069043e-03,5.469317e-03,1.773643e-03,8.797644e-01,1.216728e-02,3.076077e-04,1.062400e-03,1.887493e-03,7.891242e-03,5.825571e-04,5.472846e-03
5.480900e-02,4.285610e-03,7.636530e-03,5.222600e-03,6.721735e-03,4.948418e-03,1.829594e-03,8.926733e-01,8.651824e-03,2.603563e-04,9.251279e-04,1.684098e-03,5.713212e-03,5.564074e-04,4.082245e-03
4.442870e-02,3.068422e-03,6.477613e-03,4.774778e-03,5.737285e-03,3.873480e-03,1.580385e-03,9.142885e-01,6.173543e-03,2.017636e-04,7.274202e-04,1.244816e-03,4.103874e-03,4.102195e-04,2.909194e-03
3.468393e-02,2.183222e-03,5.237214e-03,4.102365e-03,4.718587e-03,2.899109e-03,1.513691e-03,9.333140e-01,4.364513e-03,1.602365e-04,5.747572e-04,9.331368e-04,2.942176e-03,3.048917e-04,2.068243e-03
2.745928e-02,1.549594e-03,4.096330e-03,3.255488e-03,3.750078e-03,2.169324e-03,1.273792e-03,9.482891e-01,3.069940e-03,1.251159e-04,4.456505e-04,7.088927e-04,2.108937e-03,2.291896e-04,1.469292e-03
2.006627e-02,1.089816e-03,3.193149e-03,2.372637e-03,2.895255e-03,1.608324e-03,1.040426e-03,9.618912e-01,2.153673e-03,9.219677e-05,3.419154e-04,5.355881e-04,1.517408e-03,1.649774e-04,1.037156e-03
1.465614e-02,7.675315e-04,2.319476e-03,1.702593e-03,2.565369e-03,1.336061e-03,7.863665e-04,9.716688e-01,1.523459e-03,6.862930e-05,2.668873e-04,3.958741e-04,1.092620e-03,1.174971e-04,7.327271e-04
1.133150e-02,5.466599e-04,1.684120e-03,1.245958e-03,2.723229e-03,1.177958e-03,5.758192e-04,9.775330e-01,1.159484e-03,5.688944e-05,2.309035e-04,3.132034e-04,8.136897e-04,8.507011e-05,5.225149e-04
8.984578e-03,3.907765e-04,1.235582e-03,9.152978e-04,3.143193e-03,9.605581e-04,4.414132e-04,9.814796e-01,9.218719e-04,4.815676e-05,2.010272e-04,2.337669e-04,6.004588e-04,6.354050e-05,3.801802e-04
7.710544e-03,2.859633e-04,9.331574e-04,6.906613e-04,3.516383e-03,8.192302e-04,3.634623e-04,9.836843e-01,7.508049e-04,4.888450e-05,1.914505e-04,1.922082e-04,4.731110e-04,4.963515e-05,2.902538e-04
6.928013e-03,2.089070e-04,6.902340e-04,5.357987e-04,3.118224e-03,6.532583e-04,2.899434e-04,9.859935e-01,5.847386e-04,4.452215e-05,1.707059e-04,1.592061e-04,3.616963e-04,3.933234e-05,2.219445e-04
6.944068e-03,1.581984e-04,5.119374e-04,4.692930e-04,3.158071e-03,5.121161e-04,2.362382e-04,9.867480e-01,4.687171e-04,3.585851e-05,1.561123e-04,1.274307e-04,2.723809e-04,3.071102e-05,1.708474e-04
7.028433e-03,1.231882e-04,3.778669e-04,3.944192e-04,2.733297e-03,3.886536e-04,1.878646e-04,9.876508e-01,4.378720e-04,3.039846e-05,1.615353e-04,1.074177e-04,2.187139e-04,2.442834e-05,1.351950e-04
1.643606e-02,4.917547e-04,3.362009e-04,6.086063e-04,4.598337e-03,4.393561e-04,2.073358e-04,9.644178e-01,8.734480e-03,2.531497e-04,8.340860e-04,6.571895e-04,9.510522e-04,8.737561e-05,9.472842e-04
2.453787e-02,8.790194e-04,2.866330e-04,9.421063e-04,6.365241e-03,5.828084e-04,2.731233e-04,9.386866e-01,2.052320e-02,4.473992e-04,1.224758e-03,1.242465e-03,1.393735e-03,1.467702e-04,2.468244e-03
3.808215e-02,5.866782e-03,6.558141e-04,1.364992e-02,9.097848e-03,1.192469e-03,4.918678e-04,7.442546e-01,1.354076e-01,3.329014e-03,4.850771e-03,1.218579e-02,8.303855e-03,5.560794e-04,2.207544e-02
4.264050e-02,1.888380e-02,2.455198e-03,3.818796e-02,8.261401e-03,3.643343e-03,1.104431e-03,5.392409e-01,2.452538e-01,1.496442e-02,5.523512e-03,1.257430e-02,1.142520e-02,8.128189e-04,5.502850e-02
7.220263e-02,2.199943e-02,3.947814e-03,6.667762e-02,1.470485e-02,4.519188e-03,2.490863e-03,4.222151e-01,2.760913e-01,1.374879e-02,8.653379e-03,1.347471e-02,1.283715e-02,1.173135e-03,6.526399e-02
7.134096e-02,2.276378e-02,6.565664e-03,1.564404e-01,1.365238e-02,4.749847e-03,2.387773e-03,2.978684e-01,2.852673e-01,1.198013e-02,1.227381e-02,2.109415e-02,1.974532e-02,2.782759e-03,7.108729e-02
7.674456e-02,2.330969e-02,9.457548e-03,2.176346e-01,1.349483e-02,5.911450e-03,2.242767e-03,2.122979e-01,3.084960e-01,1.061485e-02,1.506443e-02,1.831689e-02,1.954393e-02,2.710404e-03,6.416023e-02
