1.000000e+00,0.000000e+00,0.000000e+00,0.000000e+00,0.000000e+00,0.000000e+00,0.000000e+00,0.000000e+00,0.000000e+00,0.000000e+00,0.000000e+00,0.000000e+00,0.000000e+00,0.000000e+00,0.000000e+00
1.000000e+00,0.000000e+00,0.000000e+00,0.000000e+00,0.000000e+00,0.000000e+00,0.000000e+00,0.000000e+00,0.000000e+00,0.000000e+00,0.000000e+00,0.000000e+00,0.000000e+00,0.000000e+00,0.000000e+00
1.000000e+00,0.000000e+00,0.000000e+00,0.000000e+00,0.000000e+00,0.000000e+00,0.000000e+00,0.000000e+00,0.000000e+00,0.000000e+00,0.000000e+00,0.000000e+00,0.000000e+00,0.000000e+00,0.000000e+00
1.000000e+00,0.000000e+00,0.000000e+00,0.000000e+00,0.000000e+00,0.000000e+00,0.000000e+00,0.000000e+00,0.000000e+00,0.000000e+00,0.000000e+00,0.000000e+00,0.000000e+00,0.000000e+00,0.000000e+00
1.000000e+00,0.000000e+00,0.000000e+00,0.000000e+00,0.000000e+00,0.000000e+00,0.000000e+00,0.000000e+00,0.000000e+00,0.000000e+00,0.000000e+00,0.000000e+00,0.000000e+00,0.000000e+00,0.000000e+00
1.000000e+00,0.000000e+00,0.000000e+00,0.000000e+00,0.000000e+00,0.000000e+00,0.000000e+00,0.000000e+00,0.000000e+00,0.000000e+00,0.000000e+00,0.000000e+00,0.000000e+00,0.000000e+00,0.000000e+00
1.000000e+00,0.000000e+00,0.000000e+00,0.000000e+00,0.000000e+00,0.000000e+00,0.000000e+00,0.000000e+00,0.000000e+00,0.000000e+00,0.000000e+00,0.000000e+00,0.000000e+00,0.000000e+00,0.000000e+00
1.000000e+00,0.000000e+00,0.000000e+00,0.000000e+00,0.000000e+00,0.000000e+00,0.000000e+00,0.000000e+00,0.000000e+00,0.000000e+00,0.000000e+00,0.000000e+00,0.000000e+00,0.000000e+00,0.000000e+00
1.000000e+00,0.000000e+00,0.000000e+00,0.000000e+00,0.000000e+00,0.000000e+00,0.000000e+00,0.000000e+00,0.000000e+00,0.000000e+00,0.000000e+00,0.000000e+00,0.000000e+00,0.000000e+00,0.000000e+00
1.000000e+00,0.000000e+00,0.000000e+00,0.000000e+00,0.000000e+00,0.000000e+00,0.000000e+00,0.000000e+00,0.000000e+00,0.000000e+00,0.000000e+00,0.000000e+00,0.000000e+00,0.000000e+00,0.000000e+00
1.000000e+00,0.000000e+00,0.000000e+00,0.000000e+00,0.000000e+00,0.000000e+00,0.000000e+00,0.000000e+00,0.000000e+00,0.000000e+00,0.000000e+00,0.000000e+00,0.000000e+00,0.000000e+00,0.000000e+00
1.000000e+00,0.000000e+00,0.000000e+00,0.000000e+00,0.000000e+00,0.000000e+00,0.000000e+00,0.000000e+00,0.000000e+00,0.000000e+00,0.000000e+00,0.000000e+00,0.000000e+00,0.000000e+00,0.000000e+00
1.000000e+00,0.000000e+00,0.000000e+00,0.000000e+00,0.000000e+00,0.000000e+00,0.000000e+00,0.000000e+00,0.000000e+00,0.000000e+00,0.000000e+00,0.000000e+00,0.000000e+00,0.000000e+00,0.000000e+00
1.000000e+00,0.000000e+00,0.000000e+00,0.000000e+00,0.000000e+00,0.000000e+00,0.000000e+00,0.000000e+00,0.000000e+00,0.000000e+00,0.000000e+00,0.000000e+00,0.000000e+00,0.000000e+00,0.000000e+00
1.000000e+00,0.000000e+00,0.000000e+00,0.000000e+00,0.000000e+00,0.000000e+00,0.000000e+00,0.000000e+00,0.000000e+00,0.000000e+00,0.000000e+00,0.000000e+00,0.000000e+00,0.000000e+00,0.000000e+00
1.000000e+00,0.000000e+00,0.000000e+00,0.000000e+00,0.000000e+00,0.000000e+00,0.000000e+00,0.000000e+00,0.000000e+00,0.000000e+00,0.000000e+00,0.000000e+00,0.000000e+00,0.000000e+00,0.000000e+00
1.000000e+00,0.000000e+00,0.000000e+00,0.000000e+00,0.000000e+00,0.000000e+00,0.000000e+00,0.000000e+00,0.000000e+00,0.000000e+00,0.000000e+00,0.000000e+00,0.000000e+00,0.000000e+00,0.000000e+00
1.000000e+00,0.000000e+00,0.000000e+00,0.000000e+00,0.000000e+00,0.000000e+00,0.000000e+00,0.000000e+00,0.000000e+00,0.000000e+00,0.000000e+00,0.000000e+00,0.000000e+00,0.000000e+00,0.000000e+00
1.000000e+00,0.000000e+00,0.000000e+00,0.000000e+00,0.000000e+00,0.000000e+00,0.000000e+00,0.000000e+00,0.000000e+00,0.000000e+00,0.000000e+00,0.000000e+00,0.000000e+00,0.000000e+00,0.000000e+00
1.000000e+00,0.000000e+00,0.000000e+00,0.000000e+00,0.000000e+00,0.000000e+00,0.000000e+00,0.000000e+00,0.000000e+00,0.000000e+00,0.000000e+00,0.000000e+00,0.000000e+00,0.000000e+00,0.000000e+00
1.000000e+00,0.000000e+00,0.000000e+00,0.000000e+00,0.000000e+00,0.000000e+00,0.000000e+00,0.000000e+00,0.000000e+00,0.000000e+00,0.000000e+00,0.000000e+00,0.000000e+00,0.000000e+00,0.000000e+00
1.000000e+00,0.000000e+00,0.000000e+00,0.000000e+00,0.000000e+00,0.000000e+00,0.000000e+00,0.000000e+00,0.000000e+00,0.000000e+00,0.000000e+00,0.000000e+00,0.000000e+00,0.000000e+00,0.000000e+00
1.000000e+00,0.000000e+00,0.000000e+00,0.000000e+00,0.000000e+00,0.000000e+00,0.000000e+00,0.000000e+00,0.000000e+00,0.000000e+00,0.000000e+00,0.000000e+00,0.000000e+00,0.000000e+00,0.000000e+00
1.000000e+00,0.000000e+00,0.000000e+00,0.000000e+00,0.000000e+00,0.000000e+00,0.000000e+00,0.000000e+00,0.000000e+00,0.000000e+00,0.000000e+00,0.000000e+00,0.000000e+00,0.000000e+00,0.000000e+00
1.000000e+00,0.000000e+00,0.000000e+00,0.000000e+00,0.000000e+00,0.000000e+00,0.000000e+00,0.000000e+00,0.000000e+00,0.000000e+00,0.000000e+00,0.000000e+00,0.000000e+00,0.000000e+00,0.000000e+00
1.000000e+00,0.000000e+00,0.000000e+00,0.000000e+00,0.000000e+00,0.000000e+00,0.000000e+00,0.000000e+00,0.000000e+00,0.000000e+00,0.000000e+00,0.000000e+00,0.000000e+00,0.000000e+00,0.000000e+00
1.000000e+00,0.000000e+00,0.000000e+00,0.000000e+00,0.000000e+00,0.000000e+00,0.000000e+00,0.000000e+00,0.000000e+00,0.000000e+00,0.000000e+00,0.000000e+00,0.000000e+00,0.000000e+00,0.000000e+00
1.000000e+00,0.000000e+00,0.000000e+00,0.000000e+00,0.000000e+00,0.000000e+00,0.000000e+00,0.000000e+00,0.000000e+00,0.000000e+00,0.000000e+00,0.000000e+00,0.000000e+00,0.000000e+00,0.000000e+00
1.000000e+00,0.000000e+00,0.000000e+00,0.000000e+00,0.000000e+00,0.000000e+00,0.000000e+00,0.000000e+00,0.000000e+00,0.000000e+00,0.000000e+00,0.000000e+00,0.000000e+00,0.000000e+00,0.000000e+00
1.000000e+00,0.000000e+00,0.000000e+00,0.000000e+00,0.000000e+00,0.000000e+00,0.000000e+00,0.000000e+00,0.000000e+00,0.000000e+00,0.000000e+00,0.000000e+00,0.000000e+00,0.000000e+00,0.000000e+00
1.000000e+00,0.000000e+00,0.000000e+00,0.000000e+00,0.000000e+00,0.000000e+00,0.000000e+00,0.000000e+00,0.000000e+00,0.000000e+00,0.000000e+00,0.000000e+00,0.000000e+00,0.000000e+00,0.000000e+00
1.000000e+00,0.000000e+00,0.000000e+00,0.000000e+00,0.000000e+00,0.000000e+00,0.000000e+00,0.000000e+00,0.000000e+00,0.000000e+00,0.000000e+00,0.000000e+00,0.000000e+00,0.000000e+00,0.000000e+00
1.000000e+00,0.000000e+00,0.000000e+00,0.000000e+00,0.000000e+00,0.000000e+00,0.000000e+00,0.000000e+00,0.000000e+00,0.000000e+00,0.000000e+00,0.000000e+00,0.000000e+00,0.000000e+00,0.000000e+00
1.000000e+00,0.000000e+00,0.000000e+00,0.000000e+00,0.000000e+00,0.000000e+00,0.000000e+00,0.000000e+00,0.000000e+00,0.000000e+00,0.000000e+00,0.000000e+00,0.000000e+00,0.000000e+00,0.000000e+00
1.000000e+00,0.000000e+00,0.000000e+00,0.000000e+00,0.000000e+00,0.000000e+00,0.000000e+00,0.000000e+00,0.000000e+00,0.000000e+00,0.000000e+00,0.000000e+00,0.000000e+00,0.000000e+00,0.000000e+00
4.936703e-01,3.629729e-02,9.422471e-02,1.428194e-01,1.136700e-02,2.223930e-02,6.262447e-03,4.337417e-02,1.123576e-02,3.451468e-03,1.891017e-02,4.973024e-02,3.032859e-02,4.724307e-03,3.136467e-02
1.000000e+00,0.000000e+00,0.000000e+00,0.000000e+00,0.000000e+00,0.000000e+00,0.000000e+00,0.000000e+00,0.000000e+00,0.000000e+00,0.000000e+00,0.000000e+00,0.000000e+00,0.000000e+00,0.000000e+00
1.000000e+00,0.000000e+00,0.000000e+00,0.000000e+00,0.000000e+00,0.000000e+00,0.000000e+00,0.000000e+00,0.000000e+00,0.000000e+00,0.000000e+00,0.000000e+00,0.000000e+00,0.000000e+00,0.000000e+00
1.000000e+00,0.000000e+00,0.000000e+00,0.000000e+00,0.000000e+00,0.000000e+00,0.000000e+00,0.000000e+00,0.000000e+00,0.000000e+00,0.000000e+00,0.000000e+00,0.000000e+00,0.000000e+00,0.000000e+00
1.000000e+00,0.000000e+00,0.000000e+00,0.000000e+00,0.000000e+00,0.000000e+00,0.000000e+00,0.000000e+00,0.000000e+00,0.000000e+00,0.000000e+00,0.000000e+00,0.000000e+00,0.000000e+00,0.000000e+00
1.000000e+00,0.000000e+00,0.000000e+00,0.000000e+00,0.000000e+00,0.000000e+00,0.000000e+00,0.000000e+00,0.000000e+00,0.000000e+00,0.000000e+00,0.000000e+00,0.000000e+00,0.000000e+00,0.000000e+00
1.000000e+00,0.000000e+00,0.000000e+00,0.000000e+00,0.000000e+00,0.000000e+00,0.000000e+00,0.000000e+00,0.000000e+00,0.000000e+00,0.000000e+00,0.000000e+00,0.000000e+00,0.000000e+00,0.000000e+00
1.000000e+00,0.000000e+00,0.000000e+00,0.000000e+00,0.000000e+00,0.000000e+00,0.000000e+00,0.000000e+00,0.000000e+00,0.000000e+00,0.000000e+00,0.000000e+00,0.000000e+00,0.000000e+00,0.000000e+00
1.000000e+00,0.000000e+00,0.000000e+00,0.000000e+00,0.000000e+00,0.000000e+00,0.000000e+00,0.000000e+00,0.000000e+00,0.000000e+00,0.000000e+00,0.000000e+00,0.000000e+00,0.000000e+00,0.000000e+00
1.000000e+00,0.000000e+00,0.000000e+00,0.000000e+00,0.000000e+00,0.000000e+00,0.000000e+00,0.000000e+00,0.000000e+00,0.000000e+00,0.000000e+00,0.000000e+00,0.000000e+00,0.000000e+00,0.000000e+00
1.000000e+00,0.000000e+00,0.000000e+00,0.000000e+00,0.000000e+00,0.000000e+00,0.000000e+00,0.000000e+00,0.000000e+00,0.000000e+00,0.000000e+00,0.000000e+00,0.000000e+00,0.000000e+00,0.000000e+00
1.000000e+00,0.000000e+00,0.000000e+00,0.000000e+00,0.000000e+00,0.000000e+00,0.000000e+00,0.000000e+00,0.000000e+00,0.000000e+00,0.000000e+00,0.000000e+00,0.000000e+00,0.000000e+00,0.000000e+00
1.000000e+00,0.000000e+00,0.000000e+00,0.000000e+00,0.000000e+00,0.000000e+00,0.000000e+00,0.000000e+00,0.000000e+00,0.000000e+00,0.000000e+00,0.000000e+00,0.000000e+00,0.000000e+00,0.000000e+00
1.000000e+00,0.000000e+00,0.000000e+00,0.000000e+00,0.000000e+00,0.000000e+00,0.000000e+00,0.000000e+00,0.000000e+00,0.000000e+00,0.000000e+00,0.000000e+00,0.000000e+00,0.000000e+00,0.000000e+00
1.000000e+00,0.000000e+00,0.000000e+00,0.000000e+00,0.000000e+00,0.000000e+00,0.000000e+00,0.000000e+00,0.000000e+00,0.000000e+00,0.000000e+00,0.000000e+00,0.000000e+00,0.000000e+00,0.000000e+00
1.000000e+00,0.000000e+00,0.000000e+00,0.000000e+00,0.000000e+00,0.000000e+00,0.000000e+00,0.000000e+00,0.000000e+00,0.000000e+00,0.000000e+00,0.000000e+00,0.000000e+00,0.000000e+00,0.000000e+00
1.000000e+00,0.000000e+00,0.000000e+00,0.000000e+00,0.000000e+00,0.000000e+00,0.000000e+00,0.000000e+00,0.000000e+00,0.000000e+00,0.000000e+00,0.000000e+00,0.000000e+00,0.000000e+00,0.000000e+00
1.000000e+00,0.000000e+00,0.000000e+00,0.000000e+00,0.000000e+00,0.000000e+00,0.000000e+00,0.000000e+00,0.000000e+00,0.000000e+00,0.000000e+00,0.000000e+00,0.000000e+00,0.000000e+00,0.000000e+00
1.000000e+00,0.000000e+00,0.000000e+00,0.000000e+00,0.000000e+00,0.000000e+00,0.000000e+00,0.000000e+00,0.000000e+00,0.000000e+00,0.000000e+00,0.000000e+00,0.000000e+00,0.000000e+00,0.000000e+00
1.000000e+00,0.000000e+00,0.000000e+00,0.000000e+00,0.000000e+00,0.000000e+00,0.000000e+00,0.000000e+00,0.000000e+00,0.000000e+00,0.000000e+00,0.000000e+00,0.000000e+00,0.000000e+00,0.000000e+00
1.000000e+00,0.000000e+00,0.000000e+00,0.000000e+00,0.000000e+00,0.000000e+00,0.000000e+00,0.000000e+00,0.000000e+00,0.000000e+00,0.000000e+00,0.000000e+00,0.000000e+00,0.000000e+00,0.000000e+00
1.000000e+00,0.000000e+00,0.000000e+00,0.000000e+00,0.000000e+00,0.000000e+00,0.000000e+00,0.000000e+00,0.000000e+00,0.000000e+00,0.000000e+00,0.000000e+00,0.000000e+00,0.000000e+00,0.000000e+00
1.000000e+00,0.000000e+00,0.000000e+00,0.000000e+00,0.000000e+00,0.000000e+00,0.000000e+00,0.000000e+00,0.000000e+00,0.000000e+00,0.000000e+00,0.000000e+00,0.000000e+00,0.000000e+00,0.000000e+00
1.000000e+00,0.000000e+00,0.000000e+00,0.000000e+00,0.000000e+00,0.000000e+00,0.000000e+00,0.000000e+00,0.000000e+00,0.000000e+00,0.000000e+00,0.000000e+00,0.000000e+00,0.000000e+00,0.000000e+00
1.000000e+00,0.000000e+00,0.000000e+00,0.000000e+00,0.000000e+00,0.000000e+00,0.000000e+00,0.000000e+00,0.000000e+00,0.000000e+00,0.000000e+00,0.000000e+00,0.000000e+00,0.000000e+00,0.000000e+00
4.985859e-01,6.497450e-03,9.005916e-03,2.449230e-02,5.010945e-03,1.670260e-02,5.547620e-03,3.759945e-01,3.664164e-03,1.290795e-03,7.827885e-03,1.771690e-02,1.367106e-02,3.036641e-03,1.095538e-02
3.754607e-01,4.700103e-03,7.225523e-03,1.759823e-02,3.808101e-03,1.297335e-02,5.109114e-03,5.309498e-01,2.598020e-03,9.339022e-04,5.681762e-03,1.290951e-02,9.917569e-03,2.234091e-03,7.900159e-03
2.686388e-01,3.362878e-03,5.864295e-03,1.279250e-02,2.925670e-03,1.017618e-02,4.118329e-03,6.619704e-01,1.831049e-03,6.657849e-04,4.117695e-03,9.136993e-03,7.053422e-03,1.739807e-03,5.606189e-03
1.983711e-01,2.460844e-03,4.753669e-03,9.437202e-03,2.541550e-03,8.248936e-03,3.495505e-03,7.482343e-01,1.309151e-03,4.863924e-04,3.232769e-03,6.605063e-03,5.237888e-03,1.545116e-03,4.040499e-03
1.640728e-01,1.924041e-03,5.152242e-03,7.766037e-03,2.948650e-03,6.790108e-03,3.770903e-03,7.891107e-01,1.114950e-03,4.217640e-04,2.606681e-03,5.327634e-03,4.440556e-03,1.376726e-03,3.176183e-03
1.315365e-01,1.609590e-03,4.341150e-03,6.619327e-03,5.183995e-03,7.010353e-03,3.095794e-03,8.221773e-01,1.474943e-03,7.165588e-04,2.680519e-03,4.468016e-03,5.136122e-03,1.218977e-03,2.730835e-03
1.142018e-01,1.691225e-03,6.245306e-03,7.400012e-03,7.365444e-03,1.056331e-02,2.593290e-03,8.272194e-01,2.739588e-03,9.884377e-04,3.187569e-03,3.932251e-03,6.720065e-03,1.517716e-03,3.634562e-03
8.764523e-02,2.599739e-03,6.889242e-03,6.649343e-03,7.838458e-03,8.769269e-03,2.230606e-03,7.817891e-01,1.234641e-02,4.206467e-03,1.620934e-02,1.412182e-02,3.058152e-02,1.235638e-02,5.767097e-03
6.255077e-02,2.167698e-03,5.938367e-03,6.062853e-03,6.116713e-03,6.764113e-03,1.712597e-03,6.072467e-01,4.425970e-02,8.377280e-03,7.481582e-02,2.519121e-02,3.044855e-02,1.107062e-01,7.641464e-03
4.407630e-02,2.396802e-03,4.842394e-03,6.697012e-03,4.619795e-03,5.020404e-03,1.260051e-03,4.321330e-01,1.220394e-01,1.418832e-02,1.116760e-01,3.758459e-02,3.270978e-02,1.706940e-01,1.006212e-02
3.121502e-02,4.212406e-03,3.471079e-03,4.845122e-03,3.654608e-03,4.481121e-03,9.062494e-04,3.031862e-01,1.594687e-01,1.202131e-02,1.062639e-01,2.747087e-02,3.924485e-02,2.270608e-01,7.249777e-02
2.245796e-02,4.110496e-03,2.516032e-03,3.711319e-03,2.861302e-03,3.560252e-03,6.672374e-04,2.131077e-01,2.751489e-01,1.135247e-02,8.158401e-02,2.099725e-02,4.149620e-02,2.292871e-01,8.714174e-02
1.628592e-02,3.161545e-03,1.862500e-03,2.680921e-03,2.084829e-03,2.646429e-03,4.921368e-04,1.493787e-01,3.354912e-01,1.029385e-02,8.603686e-02,1.948966e-02,3.235266e-02,2.515858e-01,8.615705e-02
1.189331e-02,2.523352e-03,1.387321e-03,2.077140e-03,1.597115e-03,1.996851e-03,3.632351e-04,1.046665e-01,4.115198e-01,7.728577e-03,7.577893e-02,1.669408e-02,2.391581e-02,2.490807e-01,8.877730e-02
9.146160e-03,3.450741e-03,1.195374e-03,2.890691e-03,1.520199e-03,1.972525e-03,3.013581e-04,7.344680e-02,4.355543e-01,6.220302e-03,7.948192e-02,1.262402e-02,1.844355e-02,2.497441e-01,1.040080e-01
6.829159e-03,3.638830e-03,8.579570e-04,2.628165e-03,1.144842e-03,1.724550e-03,2.187365e-04,5.142673e-02,4.113924e-01,7.965136e-03,8.689415e-02,1.131990e-02,1.459892e-02,3.203821e-01,7.897849e-02
5.163194e-03,2.823766e-03,6.244038e-04,4.674083e-03,9.791937e-04,1.900005e-03,1.984656e-04,3.601908e-02,4.282095e-01,9.391083e-03,1.248252e-01,1.469382e-02,3.215462e-02,2.811536e-01,5.718997e-02
3.733996e-03,2.098284e-03,4.791261e-04,5.928415e-03,1.111546e-03,3.509518e-03,3.157932e-04,2.523073e-02,3.693834e-01,7.865667e-03,1.635641e-01,2.081454e-02,1.451617e-01,2.089977e-01,4.180548e-02
2.800099e-03,1.699906e-03,4.371337e-04,6.085862e-03,2.237497e-03,5.196263e-03,5.028290e-04,1.772724e-02,2.938539e-01,6.719947e-03,2.148785e-01,4.566046e-02,2.129315e-01,1.586308e-01,3.063808e-02
2.310403e-03,1.828711e-03,6.384864e-04,6.458895e-03,6.774390e-03,7.171852e-03,9.513042e-04,1.253681e-02,2.165271e-01,6.012560e-03,3.268101e-01,8.397103e-02,1.859562e-01,1.192430e-01,2.280900e-02
1.900159e-03,3.139180e-03,1.566141e-03,1.068951e-02,1.248802e-02,2.050491e-02,1.232766e-03,1.017143e-02,2.431556e-01,6.058639e-03,2.891845e-01,1.025001e-01,1.702734e-01,1.082632e-01,1.887239e-02
1.478900e-03,5.175624e-03,2.132169e-03,2.015765e-02,1.574562e-02,5.481342e-02,1.144991e-03,7.211043e-03,2.680397e-01,4.505917e-03,2.247321e-01,1.022544e-01,2.017098e-01,7.676797e-02,1.413073e-02
1.414336e-03,4.214972e-03,1.604099e-03,1.545126e-02,1.157794e-02,1.441281e-01,9.467755e-04,5.961668e-03,2.131599e-01,4.048896e-03,1.820077e-01,1.037094e-01,2.394906e-01,6.150861e-02,1.077570e-02
1.378992e-03,2.993491e-03,1.207029e-03,1.113734e-02,8.674817e-03,1.012810e-01,7.269990e-04,7.444149e-02,1.523197e-01,4.389329e-03,1.763511e-01,8.450939e-02,3.093084e-01,6.299660e-02,8.284236e-03
1.067637e-03,2.114511e-03,1.208957e-03,7.999915e-03,7.081813e-03,7.103235e-02,6.198482e-04,3.314418e-01,1.070344e-01,3.281809e-03,1.311964e-01,6.048676e-02,2.250830e-01,4.427750e-02,6.073256e-03
7.951665e-04,1.485712e-03,9.600727e-04,5.648362e-03,5.244880e-03,4.989082e-02,5.334223e-04,5.306894e-01,7.495584e-02,2.315860e-03,9.204729e-02,4.240120e-02,1.577521e-01,3.100751e-02,4.272272e-03
7.526355e-04,1.070453e-03,8.717606e-04,4.027558e-03,4.139438e-03,3.532233e-02,4.524749e-04,6.689755e-01,5.252747e-02,1.652317e-03,6.478645e-02,2.987175e-02,1.107556e-01,2.179411e-02,3.000122e-03
1.900334e-03,1.043757e-03,1.361765e-03,3.374319e-03,3.107635e-03,2.745310e-02,5.111193e-04,7.349296e-01,3.700419e-02,1.448578e-03,5.044930e-02,2.719551e-02,9.171592e-02,1.606162e-02,2.443265e-03
4.732452e-03,8.450732e-04,2.440397e-03,3.183451e-03,3.009299e-03,2.130816e-02,5.633751e-04,7.919716e-01,2.610858e-02,1.218940e-03,3.917431e-02,2.055903e-02,7.134376e-02,1.166573e-02,1.875810e-03
6.934848e-03,6.484390e-04,3.333590e-03,4.674708e-03,4.287715e-03,1.744790e-02,8.846124e-04,8.178635e-01,1.850842e-02,1.418178e-03,3.725841e-02,1.534964e-02,6.105673e-02,8.411802e-03,1.921478e-03
1.979217e-02,6.250001e-04,3.308796e-03,9.479177e-03,7.658612e-03,3.535563e-02,1.640974e-03,8.112592e-01,1.332638e-02,1.236289e-03,2.839295e-02,1.167259e-02,4.843193e-02,6.064415e-03,1.755933e-03
3.091008e-02,7.558743e-04,2.506487e-03,1.017642e-02,9.903697e-03,4.398118e-02,1.746793e-03,8.069839e-01,9.717558e-03,9.892562e-04,2.276407e-02,9.273671e-03,4.443506e-02,4.329829e-03,1.526150e-03
3.339246e-02,6.361547e-04,2.107064e-03,8.483026e-03,1.149572e-02,3.630691e-02,2.196219e-03,8.382868e-01,6.989255e-03,7.051679e-04,1.636972e-02,6.629882e-03,3.226870e-02,3.042196e-03,1.090855e-03
5.720007e-02,8.180907e-04,1.909512e-03,8.052708e-03,1.278106e-02,3.314586e-02,2.284542e-03,8.119072e-01,5.724020e-03,5.940569e-04,1.696139e-02,6.292520e-03,3.914507e-02,2.171246e-03,1.012703e-03
4.800116e-02,8.810756e-04,1.541796e-03,9.045256e-03,9.951252e-03,3.146589e-02,2.615374e-03,6.469792e-01,5.972726e-03,5.487203e-04,2.321655e-02,1.915511e-02,1.973870e-01,1.635391e-03,1.603442e-03
3.546366e-02,9.474957e-04,1.703095e-03,6.760881e-03,1.040286e-02,2.788044e-02,4.079311e-03,4.807909e-01,6.697425e-03,5.093139e-04,2.232557e-02,9.368078e-02,3.058385e-01,1.282446e-03,1.637277e-03
2.506699e-02,8.592735e-04,1.441753e-03,4.819702e-03,8.409984e-03,2.014108e-02,2.993955e-03,3.395406e-01,6.113531e-03,1.121680e-03,2.449610e-02,1.271264e-01,4.351507e-01,1.057359e-03,1.660781e-03
1.772951e-02,9.971473e-04,1.497367e-03,3.422217e-03,6.712718e-03,1.495573e-02,2.519340e-03,2.384153e-01,7.981854e-03,1.646745e-03,2.392703e-02,2.319109e-01,4.459059e-01,9.971502e-04,1.381066e-03
1.292630e-02,1.907410e-03,4.384141e-03,2.627586e-03,6.561863e-03,1.395910e-02,6.831903e-03,1.703742e-01,8.697421e-03,3.407839e-03,1.936457e-02,3.455047e-01,4.014050e-01,9.333629e-04,1.114576e-03
9.460514e-03,1.667984e-03,3.439949e-03,1.887236e-03,6.622420e-03,1.072521e-02,5.583107e-03,1.195984e-01,9.363290e-03,5.721601e-03,1.676812e-02,4.870143e-01,3.197482e-01,1.454750e-03,9.449743e-04
1.159108e-02,2.103532e-03,3.414068e-03,1.381863e-03,8.548038e-03,8.788500e-03,5.168862e-03,8.455010e-02,1.301181e-02,1.009282e-02,2.187265e-02,5.725776e-01,2.487267e-01,6.896291e-03,1.276144e-03
1.379420e-02,3.627887e-03,3.373409e-03,1.030019e-03,1.090459e-02,8.450933e-03,4.222118e-03,5.994631e-02,1.729253e-02,1.900661e-02,3.525574e-02,5.970019e-01,2.026169e-01,2.115674e-02,2.320140e-03
1.379270e-02,4.377475e-03,3.429220e-03,8.668988e-04,2.162636e-02,7.536661e-03,3.972881e-03,4.336101e-02,4.140420e-02,2.033743e-02,3.161993e-02,6.292030e-01,1.497368e-01,2.644805e-02,2.287498e-03
1.423659e-02,4.136601e-03,2.974663e-03,7.560209e-04,1.944111e-02,6.038897e-03,3.104622e-03,3.093646e-02,4.013113e-02,2.141843e-02,3.186460e-02,6.858433e-01,1.075142e-01,2.965342e-02,1.949983e-03
1.289480e-02,3.909140e-03,3.296516e-03,7.384612e-04,3.478853e-02,4.657062e-03,2.309167e-03,2.190273e-02,4.332115e-02,2.277255e-02,3.439688e-02,7.084794e-01,7.809520e-02,2.676190e-02,1.676558e-03
1.047827e-02,3.396929e-03,6.223941e-03,8.326483e-04,4.061431e-02,4.524670e-03,2.041029e-03,1.592829e-02,3.676453e-02,5.024586e-02,4.083484e-02,7.056341e-01,5.631021e-02,2.463014e-02,1.540288e-03
1.310106e-02,4.139498e-03,1.002963e-02,1.420439e-03,4.763976e-02,5.443345e-03,2.043575e-03,1.356033e-02,3.721708e-02,6.969878e-02,5.522606e-02,6.651840e-01,4.318666e-02,3.030235e-02,1.807503e-03
1.267610e-02,1.126333e-02,1.610685e-02,1.451691e-03,7.354008e-02,1.588172e-02,1.708824e-03,1.270692e-02,5.096113e-02,1.969179e-01,4.668870e-02,4.995894e-01,3.257333e-02,2.519311e-02,2.740878e-03
1.369688e-02,1.219520e-02,1.478757e-02,1.535760e-03,6.395615e-02,2.235994e-02,2.193262e-03,2.166061e-02,4.878036e-02,2.930340e-01,4.175729e-02,4.148341e-01,2.447199e-02,2.141700e-02,3.319897e-03
1.504999e-02,1.483466e-02,1.630609e-02,1.696515e-03,6.332918e-02,2.081025e-02,1.837912e-03,1.807125e-02,1.033720e-01,3.380331e-01,4.112595e-02,3.247684e-01,1.891873e-02,1.782883e-02,4.017131e-03
1.394392e-02,2.548261e-02,1.889210e-02,5.609065e-03,5.106761e-02,4.115993e-02,1.831980e-03,2.046557e-02,2.072706e-01,3.068719e-01,3.124049e-02,2.400068e-01,1.584494e-02,1.464763e-02,5.664833e-03
1.348855e-02,2.884066e-02,1.443393e-02,5.024185e-03,4.153970e-02,6.184970e-02,1.669495e-03,2.695691e-02,3.002358e-01,2.700347e-01,2.552229e-02,1.808626e-01,1.300116e-02,1.154735e-02,4.993012e-03
1.684528e-02,2.346234e-02,1.127635e-02,6.804401e-03,3.740264e-02,4.807972e-02,1.544763e-03,2.017342e-01,2.718237e-01,2.014047e-01,2.053165e-02,1.340903e-01,1.247810e-02,8.661333e-03,3.860543e-03
1.731604e-02,1.801655e-02,1.274515e-02,2.183849e-02,3.710580e-02,3.673171e-02,1.664394e-03,3.224217e-01,2.472045e-01,1.511317e-01,1.584693e-02,9.824709e-02,1.052886e-02,6.304877e-03,2.896293e-03
2.491178e-02,1.500273e-02,1.366436e-02,5.567474e-02,4.328685e-02,2.889392e-02,1.717613e-03,3.987098e-01,2.109330e-01,1.080783e-01,1.203686e-02,7.112978e-02,8.715017e-03,4.828691e-03,2.416631e-03
2.311458e-02,1.112074e-02,1.597677e-02,5.933108e-02,4.526414e-02,2.129698e-02,1.920901e-03,5.246266e-01,1.510500e-01,7.595303e-02,8.597634e-03,5.000133e-02,6.312109e-03,3.541143e-03,1.893017e-03
2.395054e-02,8.008460e-03,1.230846e-02,6.959222e-02,4.557442e-02,1.916506e-02,1.452081e-03,6.007874e-01,1.071180e-01,5.393728e-02,7.746815e-03,3.734940e-02,8.727208e-03,2.668625e-03,1.613963e-03
2.468283e-02,6.441028e-03,9.640781e-03,6.309976e-02,3.709794e-02,1.915232e-02,1.158693e-03,5.154318e-01,7.827707e-02,3.905277e-02,5.189133e-02,7.540520e-02,7.380746e-02,2.111327e-03,2.749696e-03
2.105904e-02,8.744981e-03,1.269073e-02,1.662795e-01,3.519209e-02,1.506121e-02,1.053438e-03,4.177030e-01,6.518735e-02,3.161398e-02,7.097083e-02,8.646656e-02,5.911710e-02,3.161782e-03,5.698470e-03
1.550226e-02,6.935841e-03,1.044925e-02,1.664426e-01,2.617156e-02,1.162234e-02,8.134464e-04,2.974426e-01,5.069663e-02,2.598109e-02,1.545755e-01,1.695708e-01,5.533789e-02,3.247296e-03,5.210982e-03
1.386838e-02,5.151737e-03,1.011683e-02,1.386549e-01,1.928175e-02,1.074351e-02,7.351503e-04,2.112224e-01,4.026525e-02,2.491000e-02,1.860913e-01,2.486609e-01,7.805948e-02,6.945431e-03,5.293010e-03
1.192736e-02,3.907304e-03,1.132412e-02,1.051570e-01,1.445942e-02,1.590010e-02,6.523080e-04,1.509409e-01,3.171849e-02,1.839232e-02,1.505605e-01,4.148696e-01,6.051307e-02,5.352442e-03,4.325042e-03
8.654415e-03,2.961472e-03,1.004244e-02,7.593991e-02,1.226019e-02,2.366986e-02,5.036227e-04,1.063780e-01,2.352570e-02,1.336604e-02,1.148631e-01,5.549064e-01,4.564040e-02,3.916948e-03,3.371647e-03
6.264010e-03,2.168391e-03,7.359432e-03,5.441120e-02,9.838399e-03,2.180534e-02,3.777788e-04,7.465867e-02,1.681026e-02,9.855755e-03,8.832757e-02,6.695282e-01,3.320403e-02,2.841138e-03,2.549870e-03
4.566551e-03,1.556623e-03,5.195741e-03,3.826958e-02,8.988943e-03,1.905497e-02,2.843398e-04,5.232032e-02,1.301106e-02,7.447625e-03,6.970380e-02,7.508204e-01,2.487035e-02,2.059550e-03,1.850254e-03
3.298296e-03,1.172819e-03,3.656359e-03,2.688835e-02,7.653601e-03,1.499768e-02,2.055335e-04,3.663603e-02,1.072795e-02,6.264500e-03,5.595382e-02,8.113452e-01,1.830430e-02,1.520341e-03,1.375250e-03
2.435666e-03,8.684159e-04,2.578248e-03,1.889084e-02,7.336763e-03,1.164934e-02,1.510084e-04,2.565432e-02,8.487348e-03,5.391896e-03,4.442990e-02,8.565706e-01,1.336639e-02,1.152609e-03,1.036727e-03
1.816334e-03,6.343170e-04,1.813492e-03,1.325707e-02,9.286118e-03,8.626022e-03,1.106463e-04,1.796479e-02,6.539371e-03,4.719246e-03,3.799076e-02,8.852592e-01,1.023121e-02,9.868951e-04,7.646646e-04
1.465442e-03,4.665659e-04,1.273130e-03,9.310369e-03,1.211263e-02,6.608979e-03,8.376335e-05,1.258110e-02,5.030148e-03,3.880879e-03,3.161913e-02,9.055232e-01,8.609327e-03,8.671980e-04,5.683096e-04
1.321729e-03,3.661923e-04,8.941710e-04,6.543734e-03,2.518466e-02,5.371985e-03,6.341657e-05,8.831277e-03,3.828303e-03,3.086251e-03,3.319283e-02,9.017974e-01,8.342613e-03,7.562947e-04,4.191630e-04
1.012728e-03,2.740004e-04,6.289774e-04,4.588082e-03,2.337948e-02,4.162360e-03,4.677634e-05,6.194323e-03,2.810556e-03,2.346742e-03,2.634751e-02,9.206089e-01,6.707739e-03,5.898610e-04,3.019659e-04
7.758481e-04,2.373774e-04,4.486515e-04,3.214433e-03,2.973537e-02,4.103126e-03,4.187301e-05,4.353021e-03,2.304024e-03,1.807628e-03,2.014401e-02,9.269640e-01,5.152302e-03,4.978554e-04,2.205142e-04
6.147327e-04,2.879835e-04,3.674238e-04,2.253629e-03,2.604571e-02,1.123753e-02,1.595874e-04,3.067643e-03,2.072521e-03,1.703315e-03,1.661731e-02,9.310467e-01,3.952585e-03,4.081675e-04,1.651743e-04
6.345884e-04,2.536510e-04,2.837828e-04,1.581668e-03,1.993961e-02,3.336322e-02,3.759894e-04,2.202509e-03,1.966995e-03,1.386347e-03,1.416072e-02,9.201056e-01,3.303469e-03,3.201546e-04,1.217383e-04
1.135388e-03,2.679868e-04,2.796614e-04,1.119302e-03,1.713221e-02,6.050607e-02,1.357085e-03,3.644581e-03,2.934324e-03,1.250147e-03,1.123849e-02,8.960868e-01,2.681463e-03,2.774898e-04,8.908768e-05
4.207338e-03,9.546337e-04,9.402913e-03,1.049074e-03,2.746046e-02,6.270440e-02,4.031027e-03,7.219012e-02,6.166106e-03,2.323023e-03,9.200364e-03,7.973651e-01,2.511712e-03,3.586796e-04,7.507156e-05
6.339394e-03,1.129138e-03,7.814682e-03,8.199059e-04,6.903940e-02,1.777353e-01,5.767552e-03,6.584112e-02,5.955258e-03,3.822081e-03,7.709540e-03,6.455055e-01,2.041636e-03,4.211642e-04,5.838499e-05
1.058888e-02,1.254745e-03,7.078308e-03,7.427739e-04,1.011691e-01,3.264541e-01,8.740125e-03,5.122694e-02,4.364225e-03,5.023456e-03,6.409084e-03,4.748197e-01,1.564822e-03,5.155833e-04,4.823867e-05
1.971292e-02,1.472532e-03,6.270122e-03,7.325073e-04,1.139900e-01,4.432501e-01,7.529872e-03,3.699826e-02,3.280887e-03,5.423023e-03,6.708045e-03,3.525293e-01,1.239164e-03,7.983384e-04,6.492548e-05
1.927605e-02,2.363054e-03,9.643696e-03,2.719413e-03,1.390338e-01,4.874608e-01,7.087182e-03,5.026645e-02,2.438014e-03,5.394981e-03,6.392887e-03,2.659836e-01,1.072416e-03,8.091723e-04,5.858008e-05
2.905087e-02,2.987439e-03,8.522267e-03,7.305213e-03,2.848987e-01,3.883234e-01,5.805133e-03,4.887680e-02,3.293213e-03,9.557210e-03,1.342558e-02,1.954324e-01,1.031613e-03,1.324515e-03,1.656540e-04
3.007706e-02,2.826299e-03,6.716050e-03,8.003556e-03,3.213644e-01,3.883558e-01,4.636973e-03,5.033680e-02,2.726576e-03,8.177048e-03,1.898035e-02,1.549805e-01,1.294191e-03,1.356515e-03,1.677741e-04
5.543210e-02,3.031236e-03,8.535028e-03,9.658000e-03,3.212440e-01,3.580019e-01,4.318190e-03,5.570027e-02,5.401406e-03,1.310047e-02,3.831310e-02,1.201164e-01,1.816654e-03,4.467933e-03,8.632857e-04
8.295500e-02,2.847691e-03,9.047687e-03,1.151697e-02,3.127882e-01,3.381411e-01,3.615357e-03,5.030442e-02,7.143024e-03,1.962917e-02,5.796948e-02,9.208896e-02,2.283287e-03,8.164019e-03,1.505580e-03
1.361616e-01,3.007298e-03,1.305942e-02,4.069486e-02,2.656138e-01,2.798782e-01,3.139197e-03,5.808439e-02,9.878705e-03,2.793539e-02,6.765941e-02,7.759152e-02,3.221371e-03,1.035484e-02,3.719984e-03
2.419800e-01,3.288846e-03,2.011300e-02,4.843091e-02,2.109829e-01,2.242881e-01,1.438742e-02,4.905085e-02,8.181976e-03,2.958801e-02,5.609651e-02,7.095855e-02,5.304861e-03,1.135957e-02,5.988479e-03
3.306333e-01,5.855838e-03,2.704881e-02,5.993204e-02,1.564878e-01,1.926877e-01,1.170251e-02,4.177595e-02,7.028793e-03,2.520884e-02,4.902698e-02,5.970014e-02,7.178650e-03,1.318454e-02,1.254801e-02
3.277815e-01,7.760406e-03,4.038363e-02,4.991447e-02,1.160802e-01,2.378933e-01,1.029469e-02,3.280174e-02,7.107671e-03,2.063604e-02,5.727026e-02,4.958883e-02,1.401224e-02,1.287143e-02,1.560361e-02
2.469741e-01,7.331705e-03,3.073186e-02,3.618841e-02,8.292027e-02,4.237048e-01,7.498288e-03,2.371522e-02,5.264617e-03,1.536457e-02,5.007686e-02,3.759018e-02,1.097093e-02,9.831319e-03,1.183685e-02
2.310808e-01,7.749212e-03,2.477666e-02,2.674272e-02,6.098484e-02,4.967884e-01,6.167073e-03,1.863438e-02,4.252805e-03,1.245430e-02,4.162122e-02,4.275402e-02,8.804484e-03,7.759726e-03,9.429302e-03
2.090881e-01,9.183897e-03,2.114760e-02,2.118181e-02,4.451429e-02,4.862755e-01,6.409481e-03,1.466396e-02,4.444333e-03,1.030601e-02,3.881139e-02,1.098509e-01,8.179054e-03,6.360281e-03,9.583456e-03
1.515508e-01,8.601719e-03,1.598196e-02,1.527003e-02,3.170780e-02,4.902713e-01,4.888925e-03,1.066199e-02,4.022366e-03,7.656431e-03,3.937624e-02,2.005633e-01,7.077299e-03,4.913269e-03,7.456573e-03
1.078019e-01,7.973839e-03,1.254888e-02,1.124322e-02,2.294676e-02,4.139776e-01,3.839146e-03,8.105817e-03,4.612512e-03,6.082116e-03,4.205215e-02,3.437591e-01,5.177035e-03,4.031168e-03,5.848812e-03
7.727006e-02,6.438367e-03,9.699924e-03,8.092748e-03,1.637782e-02,3.401070e-01,3.035745e-03,6.225526e-03,4.188234e-03,4.733513e-03,4.483876e-02,4.674680e-01,3.792594e-03,3.261568e-03,4.470181e-03
5.428272e-02,4.568945e-03,7.026757e-03,5.702290e-03,1.160284e-02,2.415867e-01,2.211269e-03,4.470054e-03,3.483538e-03,3.454616e-03,3.660125e-02,6.164331e-01,2.757230e-03,2.622485e-03,3.196198e-03
3.863403e-02,3.271502e-03,5.123218e-03,4.050649e-03,8.389519e-03,1.712569e-01,1.628386e-03,3.202968e-03,3.439788e-03,2.558168e-03,2.816159e-02,7.234378e-01,2.050665e-03,2.484383e-03,2.310429e-03
2.732521e-02,2.340893e-03,3.810636e-03,2.862360e-03,6.513977e-03,1.221183e-01,1.219966e-03,2.319105e-03,3.371113e-03,1.867977e-03,2.087736e-02,8.002941e-01,1.495522e-03,1.947105e-03,1.636450e-03
1.939253e-02,1.762941e-03,4.863872e-03,2.019057e-03,3.521598e-02,8.607884e-02,1.218349e-03,1.828958e-03,9.348131e-03,1.405843e-03,1.503792e-02,8.179162e-01,1.300501e-03,1.456617e-03,1.154339e-03
1.466621e-02,2.013432e-03,6.756877e-03,1.484631e-03,7.156569e-02,6.080241e-02,1.293697e-03,2.450639e-03,1.807000e-02,1.183766e-03,1.177898e-02,8.041191e-01,1.502798e-03,1.483101e-03,8.286862e-04
1.218510e-02,1.702164e-03,8.625297e-03,1.135094e-03,6.997451e-02,4.406682e-02,1.282714e-03,2.929660e-03,2.344399e-02,1.308440e-03,9.324524e-03,8.198183e-01,1.627978e-03,1.956880e-03,6.185786e-04
9.000550e-03,2.219496e-03,1.155067e-02,8.555594e-04,6.263486e-02,3.196569e-02,1.032675e-03,2.408845e-03,2.782521e-02,2.399381e-03,7.891671e-03,8.355312e-01,1.711904e-03,2.428037e-03,5.442364e-04
6.863739e-03,2.257020e-03,1.116697e-02,6.391794e-04,5.237776e-02,2.747409e-02,1.210794e-03,2.188277e-03,2.616186e-02,5.405943e-03,8.813887e-03,8.500442e-01,1.564575e-03,3.284355e-03,5.473959e-04
7.500111e-03,5.760935e-03,1.448493e-02,7.066297e-04,6.643444e-02,2.503067e-02,1.401683e-03,4.147699e-03,4.926351e-02,1.375819e-02,2.694825e-02,7.589679e-01,2.759866e-03,1.911388e-02,3.721274e-03
1.122419e-02,6.170920e-03,1.321400e-02,9.857505e-04,1.072489e-01,7.379520e-02,1.456897e-03,5.536688e-03,6.900664e-02,1.356712e-02,3.238505e-02,6.375408e-01,3.867678e-03,1.936516e-02,4.634928e-03
2.123108e-02,6.619663e-03,1.118582e-02,1.305031e-03,1.634779e-01,7.547696e-02,3.158246e-03,7.922918e-03,6.703646e-02,1.462558e-02,3.908741e-02,5.286634e-01,1.759985e-02,3.350070e-02,9.109008e-03
2.734262e-02,7.278062e-03,1.175877e-02,2.314374e-03,1.708035e-01,7.867918e-02,4.009526e-03,1.139041e-02,6.701319e-02,1.455768e-02,4.811894e-02,4.779022e-01,2.789149e-02,4.102406e-02,9.916016e-03
3.671193e-02,8.238140e-03,1.190428e-02,2.592869e-03,1.820320e-01,9.070345e-02,4.988119e-03,1.071988e-02,5.734606e-02,1.394378e-02,6.697197e-02,4.140220e-01,4.072160e-02,4.985613e-02,9.247846e-03
4.426352e-02,6.841283e-03,1.073245e-02,2.532177e-03,1.441208e-01,1.051143e-01,8.408099e-03,1.561224e-02,4.456088e-02,1.283108e-02,7.616206e-02,4.460368e-01,3.375922e-02,4.151673e-02,7.508365e-03
3.665219e-02,4.979121e-03,8.549373e-03,1.886088e-03,1.036527e-01,8.665998e-02,2.271342e-01,2.279487e-02,3.232695e-02,1.156419e-02,5.749896e-02,3.438244e-01,2.734592e-02,2.978286e-02,5.348239e-03
2.838035e-02,3.569963e-03,6.332745e-03,1.422483e-03,7.444429e-02,6.704343e-02,4.139087e-01,4.001607e-02,2.301241e-02,9.084013e-03,4.046617e-02,2.455684e-01,2.208178e-02,2.088909e-02,3.780128e-03
2.101160e-02,2.535218e-03,4.833690e-03,1.093135e-03,5.274713e-02,4.776346e-02,5.762357e-01,3.557948e-02,1.679864e-02,6.800497e-03,2.841993e-02,1.723627e-01,1.647574e-02,1.467888e-02,2.664212e-03
1.568545e-02,1.789473e-03,3.776228e-03,1.034379e-03,3.756038e-02,3.431842e-02,6.947000e-01,2.866059e-02,1.224439e-02,4.932031e-03,1.997247e-02,1.209147e-01,1.222334e-02,1.030191e-02,1.886308e-03
1.516805e-02,1.354097e-03,4.993341e-03,1.178961e-03,2.680193e-02,2.546539e-02,7.634294e-01,3.125846e-02,9.094520e-03,3.594833e-03,1.429182e-02,8.487126e-02,9.693515e-03,7.336778e-03,1.467699e-03
1.377188e-02,1.009636e-03,5.669718e-03,1.137047e-03,1.914716e-02,1.882375e-02,8.184204e-01,2.912444e-02,6.623369e-03,2.581781e-03,1.013900e-02,5.957799e-02,7.645740e-03,5.188284e-03,1.139934e-03
1.286646e-02,8.369487e-04,5.939396e-03,1.122381e-03,1.377449e-02,1.481103e-02,8.539537e-01,2.865902e-02,4.800898e-03,1.967784e-03,7.188255e-03,4.191887e-02,7.231592e-03,3.913486e-03,1.015713e-03
1.426039e-02,7.177391e-04,5.976972e-03,9.486871e-04,9.972717e-03,1.086164e-02,8.803792e-01,2.708067e-02,3.930150e-03,1.561293e-03,5.114656e-03,2.959187e-02,5.598238e-03,3.109607e-03,8.962443e-04
1.851703e-02,8.949907e-04,8.032129e-03,8.116114e-04,7.509772e-03,8.342247e-03,8.922356e-01,2.505590e-02,3.744094e-03,1.442865e-03,3.772587e-03,2.116154e-02,4.710403e-03,2.745437e-03,1.023798e-03
2.357695e-02,1.356789e-03,9.960475e-03,7.274488e-04,5.934096e-03,6.358391e-03,8.940930e-01,2.624494e-02,4.281538e-03,1.307407e-03,3.047576e-03,1.518042e-02,4.157971e-03,2.663635e-03,1.109430e-03
2.634335e-02,1.638267e-03,9.922087e-03,6.754642e-04,4.910117e-03,5.576035e-03,8.915687e-01,3.281420e-02,3.979569e-03,1.152686e-03,2.433783e-03,1.128343e-02,4.338536e-03,2.264829e-03,1.099065e-03
3.036867e-02,2.016691e-03,9.322186e-03,8.331367e-04,4.897848e-03,7.643227e-03,8.621240e-01,5.759549e-02,3.789895e-03,1.017510e-03,2.046095e-03,9.290937e-03,6.322669e-03,1.754334e-03,9.774372e-04
4.955586e-02,3.262413e-03,1.107720e-02,1.642154e-03,6.485124e-03,8.490426e-03,7.879306e-01,1.009780e-01,4.933291e-03,1.383233e-03,3.261989e-03,9.359001e-03,8.736458e-03,1.530718e-03,1.373541e-03
7.608233e-02,5.591084e-03,1.066535e-02,4.632928e-03,1.188492e-02,1.874559e-02,6.480375e-01,1.696321e-01,6.849890e-03,2.809932e-03,6.013460e-03,1.323056e-02,1.883393e-02,1.627273e-03,5.363180e-03
8.606334e-02,6.517650e-03,9.325143e-03,6.542891e-03,1.718888e-02,1.811260e-02,4.846990e-01,3.022754e-01,7.106503e-03,6.986698e-03,8.990947e-03,1.451921e-02,1.892695e-02,1.669032e-03,1.107577e-02
1.283405e-01,6.901052e-03,7.815001e-03,9.286577e-03,2.278599e-02,1.846517e-02,3.701616e-01,3.684486e-01,6.508227e-03,5.452469e-03,9.664268e-03,1.596319e-02,1.940363e-02,1.546720e-03,9.256939e-03
1.887951e-01,9.625192e-03,6.890236e-03,1.344643e-02,2.555396e-02,2.262682e-02,2.936733e-01,3.556770e-01,7.480698e-03,5.458470e-03,1.313044e-02,2.041486e-02,2.324772e-02,1.676252e-03,1.230350e-02
2.280322e-01,1.014243e-02,9.335591e-03,1.632966e-02,2.437113e-02,3.204774e-02,2.301971e-01,3.617254e-01,6.413777e-03,6.968104e-03,1.223954e-02,2.298634e-02,2.472837e-02,2.341380e-03,1.214119e-02
2.359161e-01,1.203672e-02,1.214975e-02,2.571732e-02,2.685001e-02,3.923126e-02,1.697741e-01,3.025612e-01,1.305870e-02,1.559352e-02,1.766571e-02,5.633845e-02,4.509741e-02,4.428684e-03,2.358103e-02
1.692827e-01,8.993753e-03,9.231541e-03,2.080466e-02,1.997583e-02,3.343198e-02,1.192544e-01,2.137362e-01,1.474652e-02,1.238962e-02,2.012149e-02,1.684479e-01,1.664440e-01,3.800551e-03,1.933872e-02
1.219810e-01,6.561307e-03,7.190289e-03,1.618008e-02,1.511281e-02,2.988921e-02,8.417630e-02,1.504444e-01,1.347391e-02,9.196803e-03,1.999293e-02,2.533807e-01,2.545907e-01,2.869819e-03,1.495965e-02
2.175622e-01,5.349565e-03,1.505858e-02,1.510140e-02,2.789143e-02,3.249753e-02,7.285363e-02,1.101214e-01,2.540537e-02,1.087993e-02,1.895459e-02,2.110864e-01,2.216015e-01,2.909594e-03,1.272689e-02
3.063859e-01,6.372345e-03,1.957463e-02,1.363595e-02,3.143496e-02,3.501640e-02,5.915118e-02,8.502518e-02,5.744541e-02,1.524048e-02,1.495684e-02,1.733149e-01,1.674733e-01,3.006164e-03,1.196639e-02
3.186359e-01,8.352428e-03,1.583336e-02,1.930948e-02,3.520194e-02,3.636809e-02,4.349553e-02,6.120553e-02,1.188080e-01,2.819963e-02,1.276002e-02,1.610531e-01,1.267320e-01,2.756752e-03,1.128818e-02
3.839963e-01,8.117248e-03,1.204414e-02,2.413112e-02,2.876955e-02,3.443327e-02,3.339449e-02,4.414622e-02,1.176765e-01,4.712933e-02,1.357590e-02,1.325043e-01,9.949864e-02,3.980712e-03,1.660220e-02
4.106807e-01,1.326629e-02,1.135271e-02,2.954928e-02,3.541721e-02,2.917079e-02,2.515179e-02,3.350264e-02,1.140675e-01,6.539005e-02,1.985826e-02,1.095488e-01,8.028033e-02,3.672171e-03,1.909146e-02
4.522860e-01,1.909623e-02,1.244731e-02,3.042553e-02,3.774090e-02,2.657688e-02,1.989169e-02,2.765656e-02,1.143812e-01,5.557924e-02,2.329579e-02,9.104265e-02,6.716435e-02,5.220027e-03,1.719567e-02
3.823141e-01,2.478978e-02,5.625259e-02,7.783535e-02,3.678614e-02,3.609626e-02,1.525490e-02,2.295161e-02,1.290575e-01,4.439781e-02,2.423529e-02,7.274183e-02,5.136114e-02,4.700534e-03,2.122517e-02
3.577598e-01,2.741937e-02,9.469848e-02,8.103792e-02,3.468347e-02,4.141101e-02,1.360726e-02,1.954676e-02,1.355370e-01,3.784529e-02,2.611986e-02,6.380666e-02,4.045375e-02,4.765550e-03,2.130782e-02
3.687040e-01,2.529321e-02,8.304915e-02,7.174978e-02,3.681898e-02,4.093798e-02,1.425021e-02,1.746264e-02,1.296411e-01,7.311804e-02,2.338922e-02,5.730741e-02,3.197913e-02,5.705227e-03,2.059395e-02
3.576286e-01,2.938318e-02,9.257747e-02,6.092416e-02,3.662220e-02,3.509714e-02,1.393953e-02,1.397658e-02,1.253121e-01,1.154012e-01,2.043817e-02,4.649095e-02,2.662833e-02,5.349034e-03,2.023136e-02
3.377537e-01,2.911723e-02,7.540738e-02,1.396380e-01,3.713763e-02,3.967869e-02,1.242600e-02,1.615061e-02,1.122614e-01,9.199704e-02,1.937455e-02,4.421888e-02,2.250365e-02,4.494357e-03,1.784092e-02
3.241660e-01,7.384568e-02,5.905610e-02,1.138279e-01,3.819001e-02,3.702916e-02,1.127230e-02,2.093625e-02,1.233314e-01,8.702479e-02,1.819328e-02,4.352372e-02,2.174742e-02,6.184392e-03,2.167156e-02
3.226724e-01,6.752120e-02,7.280403e-02,1.278434e-01,4.131411e-02,4.168335e-02,9.762242e-03,2.261357e-02,1.067249e-01,7.285963e-02,1.756176e-02,5.040020e-02,1.875776e-02,6.293116e-03,2.118836e-02
4.132811e-01,6.277663e-02,5.869497e-02,9.813768e-02,3.516263e-02,3.392121e-02,8.388417e-03,2.043281e-02,9.505728e-02,6.917644e-02,1.518027e-02,4.280845e-02,1.633401e-02,8.367079e-03,2.228109e-02
4.699844e-01,5.621081e-02,4.940458e-02,8.035720e-02,2.973054e-02,2.957741e-02,6.739357e-03,1.662219e-02,7.858448e-02,6.117776e-02,1.522337e-02,5.393536e-02,1.592942e-02,9.670749e-03,2.685238e-02
