1.000000e+00,0.000000e+00,0.000000e+00,0.000000e+00,0.000000e+00,0.000000e+00,0.000000e+00,0.000000e+00,0.000000e+00,0.000000e+00,0.000000e+00,0.000000e+00,0.000000e+00,0.000000e+00,0.000000e+00
1.000000e+00,0.000000e+00,0.000000e+00,0.000000e+00,0.000000e+00,0.000000e+00,0.000000e+00,0.000000e+00,0.000000e+00,0.000000e+00,0.000000e+00,0.000000e+00,0.000000e+00,0.000000e+00,0.000000e+00
1.000000e+00,0.000000e+00,0.000000e+00,0.000000e+00,0.000000e+00,0.000000e+00,0.000000e+00,0.000000e+00,0.000000e+00,0.000000e+00,0.000000e+00,0.000000e+00,0.000000e+00,0.000000e+00,0.000000e+00
1.000000e+00,0.000000e+00,0.000000e+00,0.000000e+00,0.000000e+00,0.000000e+00,0.000000e+00,0.000000e+00,0.000000e+00,0.000000e+00,0.000000e+00,0.000000e+00,0.000000e+00,0.000000e+00,0.000000e+00
1.000000e+00,0.000000e+00,0.000000e+00,0.000000e+00,0.000000e+00,0.000000e+00,0.000000e+00,0.000000e+00,0.000000e+00,0.000000e+00,0.000000e+00,0.000000e+00,0.000000e+00,0.000000e+00,0.000000e+00
1.000000e+00,0.000000e+00,0.000000e+00,0.000000e+00,0.000000e+00,0.000000e+00,0.000000e+00,0.000000e+00,0.000000e+00,0.000000e+00,0.000000e+00,0.000000e+00,0.000000e+00,0.000000e+00,0.000000e+00
1.000000e+00,0.000000e+00,0.000000e+00,0.000000e+00,0.000000e+00,0.000000e+00,0.000000e+00,0.000000e+00,0.000000e+00,0.000000e+00,0.000000e+00,0.000000e+00,0.000000e+00,0.000000e+00,0.000000e+00
1.000000e+00,0.000000e+00,0.000000e+00,0.000000e+00,0.000000e+00,0.000000e+00,0.000000e+00,0.000000e+00,0.000000e+00,0.000000e+00,0.000000e+00,0.000000e+00,0.000000e+00,0.000000e+00,0.000000e+00
1.000000e+00,0.000000e+00,0.000000e+00,0.000000e+00,0.000000e+00,0.000000e+00,0.000000e+00,0.000000e+00,0.000000e+00,0.000000e+00,0.000000e+00,0.000000e+00,0.000000e+00,0.000000e+00,0.000000e+00
1.000000e+00,0.000000e+00,0.000000e+00,0.000000e+00,0.000000e+00,0.000000e+00,0.000000e+00,0.000000e+00,0.000000e+00,0.000000e+00,0.000000e+00,0.000000e+00,0.000000e+00,0.000000e+00,0.000000e+00
1.000000e+00,0.000000e+00,0.000000e+00,0.000000e+00,0.000000e+00,0.000000e+00,0.000000e+00,0.000000e+00,0.000000e+00,0.000000e+00,0.000000e+00,0.000000e+00,0.000000e+00,0.000000e+00,0.000000e+00
1.000000e+00,0.000000e+00,0.000000e+00,0.000000e+00,0.000000e+00,0.000000e+00,0.000000e+00,0.000000e+00,0.000000e+00,0.000000e+00,0.000000e+00,0.000000e+00,0.000000e+00,0.000000e+00,0.000000e+00
1.000000e+00,0.000000e+00,0.000000e+00,0.000000e+00,0.000000e+00,0.000000e+00,0.000000e+00,0.000000e+00,0.000000e+00,0.000000e+00,0.000000e+00,0.000000e+00,0.000000e+00,0.000000e+00,0.000000e+00
1.000000e+00,0.000000e+00,0.000000e+00,0.000000e+00,0.000000e+00,0.000000e+00,0.000000e+00,0.000000e+00,0.000000e+00,0.000000e+00,0.000000e+00,0.000000e+00,0.000000e+00,0.000000e+00,0.000000e+00
1.000000e+00,0.000000e+00,0.000000e+00,0.000000e+00,0.000000e+00,0.000000e+00,0.000000e+00,0.000000e+00,0.000000e+00,0.000000e+00,0.000000e+00,0.000000e+00,0.000000e+00,0.000000e+00,0.000000e+00
1.000000e+00,0.000000e+00,0.000000e+00,0.000000e+00,0.000000e+00,0.000000e+00,0.000000e+00,0.000000e+00,0.000000e+00,0.000000e+00,0.000000e+00,0.000000e+00,0.000000e+00,0.000000e+00,0.000000e+00
1.000000e+00,0.000000e+00,0.000000e+00,0.000000e+00,0.000000e+00,0.000000e+00,0.000000e+00,0.000000e+00,0.000000e+00,0.000000e+00,0.000000e+00,0.000000e+00,0.000000e+00,0.000000e+00,0.000000e+00
1.000000e+00,0.000000e+00,0.000000e+00,0.000000e+00,0.000000e+00,0.000000e+00,0.000000e+00,0.000000e+00,0.000000e+00,0.000000e+00,0.000000e+00,0.000000e+00,0.000000e+00,0.000000e+00,0.000000e+00
1.000000e+00,0.000000e+00,0.000000e+00,0.000000e+00,0.000000e+00,0.000000e+00,0.000000e+00,0.000000e+00,0.000000e+00,0.000000e+00,0.000000e+00,0.000000e+00,0.000000e+00,0.000000e+00,0.000000e+00
1.000000e+00,0.000000e+00,0.000000e+00,0.000000e+00,0.000000e+00,0.000000e+00,0.000000e+00,0.000000e+00,0.000000e+00,0.000000e+00,0.000000e+00,0.000000e+00,0.000000e+00,0.000000e+00,0.000000e+00
1.000000e+00,0.000000e+00,0.000000e+00,0.000000e+00,0.000000e+00,0.000000e+00,0.000000e+00,0.000000e+00,0.000000e+00,0.000000e+00,0.000000e+00,0.000000e+00,0.000000e+00,0.000000e+00,0.000000e+00
1.000000e+00,0.000000e+00,0.000000e+00,0.000000e+00,0.000000e+00,0.000000e+00,0.000000e+00,0.000000e+00,0.000000e+00,0.000000e+00,0.000000e+00,0.000000e+00,0.000000e+00,0.000000e+00,0.000000e+00
1.000000e+00,0.000000e+00,0.000000e+00,0.000000e+00,0.000000e+00,0.000000e+00,0.000000e+00,0.000000e+00,0.000000e+00,0.000000e+00,0.000000e+00,0.000000e+00,0.000000e+00,0.000000e+00,0.000000e+00
1.000000e+00,0.000000e+00,0.000000e+00,0.000000e+00,0.000000e+00,0.000000e+00,0.000000e+00,0.000000e+00,0.000000e+00,0.000000e+00,0.000000e+00,0.000000e+00,0.000000e+00,0.000000e+00,0.000000e+00
1.000000e+00,0.000000e+00,0.000000e+00,0.000000e+00,0.000000e+00,0.000000e+00,0.000000e+00,0.000000e+00,0.000000e+00,0.000000e+00,0.000000e+00,0.000000e+00,0.000000e+00,0.000000e+00,0.000000e+00
1.000000e+00,0.000000e+00,0.000000e+00,0.000000e+00,0.000000e+00,0.000000e+00,0.000000e+00,0.000000e+00,0.000000e+00,0.000000e+00,0.000000e+00,0.000000e+00,0.000000e+00,0.000000e+00,0.000000e+00
1.000000e+00,0.000000e+00,0.000000e+00,0.000000e+00,0.000000e+00,0.000000e+00,0.000000e+00,0.000000e+00,0.000000e+00,0.000000e+00,0.000000e+00,0.000000e+00,0.000000e+00,0.000000e+00,0.000000e+00
1.000000e+00,0.000000e+00,0.000000e+00,0.000000e+00,0.000000e+00,0.000000e+00,0.000000e+00,0.000000e+00,0.000000e+00,0.000000e+00,0.000000e+00,0.000000e+00,0.000000e+00,0.000000e+00,0.000000e+00
1.000000e+00,0.000000e+00,0.000000e+00,0.000000e+00,0.000000e+00,0.000000e+00,0.000000e+00,0.000000e+00,0.000000e+00,0.000000e+00,0.000000e+00,0.000000e+00,0.000000e+00,0.000000e+00,0.000000e+00
1.000000e+00,0.000000e+00,0.000000e+00,0.000000e+00,0.000000e+00,0.000000e+00,0.000000e+00,0.000000e+00,0.000000e+00,0.000000e+00,0.000000e+00,0.000000e+00,0.000000e+00,0.000000e+00,0.000000e+00
1.000000e+00,0.000000e+00,0.000000e+00,0.000000e+00,0.000000e+00,0.000000e+00,0.000000e+00,0.000000e+00,0.000000e+00,0.000000e+00,0.000000e+00,0.000000e+00,0.000000e+00,0.000000e+00,0.000000e+00
1.000000e+00,0.000000e+00,0.000000e+00,0.000000e+00,0.000000e+00,0.000000e+00,0.000000e+00,0.000000e+00,0.000000e+00,0.000000e+00,0.000000e+00,0.000000e+00,0.000000e+00,0.000000e+00,0.000000e+00
1.000000e+00,0.000000e+00,0.000000e+00,0.000000e+00,0.000000e+00,0.000000e+00,0.000000e+00,0.000000e+00,0.000000e+00,0.000000e+00,0.000000e+00,0.000000e+00,0.000000e+00,0.000000e+00,0.000000e+00
1.000000e+00,0.000000e+00,0.000000e+00,0.000000e+00,0.000000e+00,0.000000e+00,0.000000e+00,0.000000e+00,0.000000e+00,0.000000e+00,0.000000e+00,0.000000e+00,0.000000e+00,0.000000e+00,0.000000e+00
1.000000e+00,0.000000e+00,0.000000e+00,0.000000e+00,0.000000e+00,0.000000e+00,0.000000e+00,0.000000e+00,0.000000e+00,0.000000e+00,0.000000e+00,0.000000e+00,0.000000e+00,0.000000e+00,0.000000e+00
1.000000e+00,0.000000e+00,0.000000e+00,0.000000e+00,0.000000e+00,0.000000e+00,0.000000e+00,0.000000e+00,0.000000e+00,0.000000e+00,0.000000e+00,0.000000e+00,0.000000e+00,0.000000e+00,0.000000e+00
1.000000e+00,0.000000e+00,0.000000e+00,0.000000e+00,0.000000e+00,0.000000e+00,0.000000e+00,0.000000e+00,0.000000e+00,0.000000e+00,0.000000e+00,0.000000e+00,0.000000e+00,0.000000e+00,0.000000e+00
1.000000e+00,0.000000e+00,0.000000e+00,0.000000e+00,0.000000e+00,0.000000e+00,0.000000e+00,0.000000e+00,0.000000e+00,0.000000e+00,0.000000e+00,0.000000e+00,0.000000e+00,0.000000e+00,0.000000e+00
1.000000e+00,0.000000e+00,0.000000e+00,0.000000e+00,0.000000e+00,0.000000e+00,0.000000e+00,0.000000e+00,0.000000e+00,0.000000e+00,0.000000e+00,0.000000e+00,0.000000e+00,0.000000e+00,0.000000e+00
1.000000e+00,0.000000e+00,0.000000e+00,0.000000e+00,0.000000e+00,0.000000e+00,0.000000e+00,0.000000e+00,0.000000e+00,0.000000e+00,0.000000e+00,0.000000e+00,0.000000e+00,0.000000e+00,0.000000e+00
1.000000e+00,0.000000e+00,0.000000e+00,0.000000e+00,0.000000e+00,0.000000e+00,0.000000e+00,0.000000e+00,0.000000e+00,0.000000e+00,0.000000e+00,0.000000e+00,0.000000e+00,0.000000e+00,0.000000e+00
1.000000e+00,0.000000e+00,0.000000e+00,0.000000e+00,0.000000e+00,0.000000e+00,0.000000e+00,0.000000e+00,0.000000e+00,0.000000e+00,0.000000e+00,0.000000e+00,0.000000e+00,0.000000e+00,0.000000e+00
1.000000e+00,0.000000e+00,0.000000e+00,0.000000e+00,0.000000e+00,0.000000e+00,0.000000e+00,0.000000e+00,0.000000e+00,0.000000e+00,0.000000e+00,0.000000e+00,0.000000e+00,0.000000e+00,0.000000e+00
1.000000e+00,0.000000e+00,0.000000e+00,0.000000e+00,0.000000e+00,0.000000e+00,0.000000e+00,0.000000e+00,0.000000e+00,0.000000e+00,0.000000e+00,0.000000e+00,0.000000e+00,0.000000e+00,0.000000e+00
1.000000e+00,0.000000e+00,0.000000e+00,0.000000e+00,0.000000e+00,0.000000e+00,0.000000e+00,0.000000e+00,0.000000e+00,0.000000e+00,0.000000e+00,0.000000e+00,0.000000e+00,0.000000e+00,0.000000e+00
1.000000e+00,0.000000e+00,0.000000e+00,0.000000e+00,0.000000e+00,0.000000e+00,0.000000e+00,0.000000e+00,0.000000e+00,0.000000e+00,0.000000e+00,0.000000e+00,0.000000e+00,0.000000e+00,0.000000e+00
1.000000e+00,0.000000e+00,0.000000e+00,0.000000e+00,0.000000e+00,0.000000e+00,0.000000e+00,0.000000e+00,0.000000e+00,0.000000e+00,0.000000e+00,0.000000e+00,0.000000e+00,0.000000e+00,0.000000e+00
1.000000e+00,0.000000e+00,0.000000e+00,0.000000e+00,0.000000e+00,0.000000e+00,0.000000e+00,0.000000e+00,0.000000e+00,0.000000e+00,0.000000e+00,0.000000e+00,0.000000e+00,0.000000e+00,0.000000e+00
1.000000e+00,0.000000e+00,0.000000e+00,0.000000e+00,0.000000e+00,0.000000e+00,0.000000e+00,0.000000e+00,0.000000e+00,0.000000e+00,0.000000e+00,0.000000e+00,0.000000e+00,0.000000e+00,0.000000e+00
1.000000e+00,0.000000e+00,0.000000e+00,0.000000e+00,0.000000e+00,0.000000e+00,0.000000e+00,0.000000e+00,0.000000e+00,0.000000e+00,0.000000e+00,0.000000e+00,0.000000e+00,0.000000e+00,0.000000e+00
4.961610e-01,9.278889e-03,9.733609e-03,2.109646e-02,4.362744e-03,1.406523e-02,6.393865e-03,3.815696e-01,3.758487e-03,1.469893e-03,6.315798e-03,1.607568e-02,1.496727e-02,2.680139e-03,1.207135e-02
3.555478e-01,6.625163e-03,7.663480e-03,1.512048e-02,3.382129e-03,1.072213e-02,6.206903e-03,5.536268e-01,2.666879e-03,1.048739e-03,4.543785e-03,1.153350e-02,1.079850e-02,1.940361e-03,8.573420e-03
2.528306e-01,4.725816e-03,5.682893e-03,1.073078e-02,2.543102e-03,8.111785e-03,5.770231e-03,6.802217e-01,1.885034e-03,7.442224e-04,3.250332e-03,8.243219e-03,7.752400e-03,1.438390e-03,6.069404e-03
1.792921e-01,3.365183e-03,4.171687e-03,7.635645e-03,1.959435e-03,6.111223e-03,5.150213e-03,7.713529e-01,1.338766e-03,5.266725e-04,2.314430e-03,5.873806e-03,5.559736e-03,1.064186e-03,4.284022e-03
1.260096e-01,2.373109e-03,2.979325e-03,5.422852e-03,1.641845e-03,4.374654e-03,3.992264e-03,8.384244e-01,9.418122e-04,3.702617e-04,1.635396e-03,4.130010e-03,3.928273e-03,7.715045e-04,3.004739e-03
8.874561e-02,1.672663e-03,2.124433e-03,3.835118e-03,1.464182e-03,3.143867e-03,3.458162e-03,8.850596e-01,6.617305e-04,2.624367e-04,1.161704e-03,2.914518e-03,2.829721e-03,5.527409e-04,2.113536e-03
6.260346e-02,1.182325e-03,1.542928e-03,2.734879e-03,1.396338e-03,2.261746e-03,3.217148e-03,9.174987e-01,4.657571e-04,1.881442e-04,8.336101e-04,2.068815e-03,2.116974e-03,3.963741e-04,1.492802e-03
4.484690e-02,8.500383e-04,1.122301e-03,1.965105e-03,2.375435e-03,1.660358e-03,2.549322e-03,9.390905e-01,3.403724e-04,1.460790e-04,6.097333e-04,1.484875e-03,1.615791e-03,2.828489e-04,1.060340e-03
3.236258e-02,6.168786e-04,8.424558e-04,1.420209e-03,2.769984e-03,1.211417e-03,2.113580e-03,9.545645e-01,2.455798e-04,1.149503e-04,4.500019e-04,1.075965e-03,1.250400e-03,2.029869e-04,7.585585e-04
2.327763e-02,4.472085e-04,6.754179e-04,1.042318e-03,3.355889e-03,8.915518e-04,1.625048e-03,9.656619e-01,1.766359e-04,8.562850e-05,3.295065e-04,7.791195e-04,9.628980e-04,1.478564e-04,5.413502e-04
1.654867e-02,3.182160e-04,5.672190e-04,7.734327e-04,2.681394e-03,6.692606e-04,1.245667e-03,9.748371e-01,1.279096e-04,6.456263e-05,2.631626e-04,5.853185e-04,8.156413e-04,1.108943e-04,3.915372e-04
1.184241e-02,2.261515e-04,4.745171e-04,5.728124e-04,2.191702e-03,4.935398e-04,1.038563e-03,9.813787e-01,9.215598e-05,4.832465e-05,1.965498e-04,4.266353e-04,6.543582e-04,8.155270e-05,2.819451e-04
1.031293e-02,1.867888e-04,3.771855e-04,4.596896e-04,5.564019e-03,4.501753e-04,8.353837e-04,9.799930e-01,1.515200e-04,6.015776e-05,1.953169e-04,3.673580e-04,7.625469e-04,6.481313e-05,2.189974e-04
1.266636e-02,3.375727e-04,3.656760e-04,4.593579e-04,8.722510e-03,5.524067e-04,7.583062e-04,9.706838e-01,8.467988e-04,1.780245e-04,5.349657e-04,8.450473e-04,2.677725e-03,1.179320e-04,2.534215e-04
1.205588e-02,1.089721e-03,4.218319e-04,9.270138e-04,1.098070e-02,7.943914e-04,6.716580e-04,9.336007e-01,7.420175e-03,3.006228e-03,2.135899e-03,2.962802e-03,1.913080e-02,1.470355e-03,3.331845e-03
1.083512e-02,1.158470e-02,3.347062e-04,1.270922e-03,1.099221e-02,7.583192e-04,5.678723e-04,7.221367e-01,1.859731e-01,2.973445e-03,5.460859e-03,3.508467e-03,2.466763e-02,3.926996e-03,1.500894e-02
1.003162e-02,1.989966e-02,3.325006e-04,5.892335e-03,2.857784e-02,1.113701e-03,7.331237e-04,5.525523e-01,2.725363e-01,6.489868e-03,1.386180e-02,8.916428e-03,4.072136e-02,7.869070e-03,3.047202e-02
8.514687e-03,2.980577e-02,3.991548e-04,8.210730e-03,2.953791e-02,1.392103e-03,7.615545e-04,3.929662e-01,4.139263e-01,6.757732e-03,1.174797e-02,8.075756e-03,5.320166e-02,5.869049e-03,2.883342e-02
1.368878e-02,4.334784e-02,8.868295e-04,8.872229e-03,2.552025e-02,2.143244e-03,9.284767e-04,2.971422e-01,4.589941e-01,5.681366e-03,1.213635e-02,1.190018e-02,7.763133e-02,5.682762e-03,3.544407e-02
4.676162e-02,6.628102e-02,4.666170e-03,9.431998e-03,2.694567e-02,3.091360e-03,1.141440e-03,2.665894e-01,3.698849e-01,5.787456e-03,2.059189e-02,1.423385e-02,9.753448e-02,1.679270e-02,5.026598e-02
8.791934e-02,6.640910e-02,1.327295e-02,1.277458e-02,3.201452e-02,4.137194e-03,1.447032e-03,2.315113e-01,3.310603e-01,6.845439e-03,2.697971e-02,1.425267e-02,9.753753e-02,2.208286e-02,5.175543e-02
1.298340e-01,6.032453e-02,1.508711e-02,1.503071e-02,3.845055e-02,4.389107e-03,1.844161e-03,1.881015e-01,3.027812e-01,1.455927e-02,2.780837e-02,1.699225e-02,9.502526e-02,2.828027e-02,6.149169e-02
2.231132e-01,5.105154e-02,1.374694e-02,2.180418e-02,3.551271e-02,5.451675e-03,1.703836e-03,1.432880e-01,2.665571e-01,1.373843e-02,2.691553e-02,2.589427e-02,8.346377e-02,2.781466e-02,5.994416e-02
3.718297e-01,4.000330e-02,1.091244e-02,1.819332e-02,3.041077e-02,5.375213e-03,1.478193e-03,1.153579e-01,2.153826e-01,1.110904e-02,2.200501e-02,2.461717e-02,6.427012e-02,2.312385e-02,4.593132e-02
4.658762e-01,3.289881e-02,9.661353e-03,1.840906e-02,2.476685e-02,7.071298e-03,1.324787e-03,9.352189e-02,1.766691e-01,1.032845e-02,2.109004e-02,2.413316e-02,5.414892e-02,2.208515e-02,3.801496e-02
1.000000e+00,0.000000e+00,0.000000e+00,0.000000e+00,0.000000e+00,0.000000e+00,0.000000e+00,0.000000e+00,0.000000e+00,0.000000e+00,0.000000e+00,0.000000e+00,0.000000e+00,0.000000e+00,0.000000e+00
1.000000e+00,0.000000e+00,0.000000e+00,0.000000e+00,0.000000e+00,0.000000e+00,0.000000e+00,0.000000e+00,0.000000e+00,0.000000e+00,0.000000e+00,0.000000e+00,0.000000e+00,0.000000e+00,0.000000e+00
4.973456e-01,3.890504e-02,1.109191e-02,1.777876e-02,1.663879e-02,1.030179e-02,1.526570e-03,4.575340e-02,2.252889e-01,1.024065e-02,1.590380e-02,2.428712e-02,2.582780e-02,2.292338e-02,3.618653e-02
4.842070e-01,5.413598e-02,1.188114e-02,1.606099e-02,2.545259e-02,1.498321e-02,1.456855e-03,5.235681e-02,2.245255e-01,8.674678e-03,1.233725e-02,1.939929e-02,1.960193e-02,1.942880e-02,3.549802e-02
4.648666e-01,5.482665e-02,1.161239e-02,1.657952e-02,3.183192e-02,1.434258e-02,1.402106e-03,5.931242e-02,1.895695e-01,8.821314e-03,9.708595e-03,1.497010e-02,1.463432e-02,1.696280e-02,9.055916e-02
3.772591e-01,6.722304e-02,2.551212e-02,1.858538e-02,3.921360e-02,1.629589e-02,1.857722e-03,7.111509e-02,1.959596e-01,8.932486e-03,7.924600e-03,1.173443e-02,1.187735e-02,1.423274e-02,1.322769e-01
3.171490e-01,7.972938e-02,5.379127e-02,2.187609e-02,6.366469e-02,1.618439e-02,2.465463e-03,1.148069e-01,1.811060e-01,7.223552e-03,6.461922e-03,8.687392e-03,9.492231e-03,1.147751e-02,1.058842e-01
2.712584e-01,1.147265e-01,6.019844e-02,1.917723e-02,1.001612e-01,3.101019e-02,2.224158e-03,9.541780e-02,1.810804e-01,5.646823e-03,4.839878e-03,6.344644e-03,8.514521e-03,9.844124e-03,8.955572e-02
2.334287e-01,1.429168e-01,7.515979e-02,4.588415e-02,1.271461e-01,2.637175e-02,2.635573e-03,9.447846e-02,1.455145e-01,5.140818e-03,3.838764e-03,5.016054e-03,6.855527e-03,7.479191e-03,7.813367e-02
1.969907e-01,1.162345e-01,7.300864e-02,3.607093e-02,9.745554e-02,2.188813e-02,1.983533e-03,7.101843e-02,1.274408e-01,9.333144e-03,3.245707e-03,4.016617e-03,5.614840e-03,7.516178e-03,2.281822e-01
1.665427e-01,8.331830e-02,1.058412e-01,1.229395e-01,8.938874e-02,1.632485e-02,1.751831e-03,1.259874e-01,1.030019e-01,7.080457e-03,2.997954e-03,3.322023e-03,4.335971e-03,5.579766e-03,1.615873e-01
1.335638e-01,5.937950e-02,7.774162e-02,9.456779e-02,9.558555e-02,1.192533e-02,1.300364e-03,3.227018e-01,7.308730e-02,4.987051e-03,2.406178e-03,2.372694e-03,3.195693e-03,3.947231e-03,1.132380e-01
1.071406e-01,4.192614e-02,5.469565e-02,6.664512e-02,7.310233e-02,8.563243e-03,9.616429e-04,5.039940e-01,5.143880e-02,3.526849e-03,1.832517e-03,1.692740e-03,2.379793e-03,2.775947e-03,7.932457e-02
7.780439e-02,2.940219e-02,3.842564e-02,4.693908e-02,5.320016e-02,6.120144e-03,7.749165e-04,6.470448e-01,3.606319e-02,2.488451e-03,1.333795e-03,1.193997e-03,1.714988e-03,1.949121e-03,5.554513e-02
5.736939e-02,2.061181e-02,2.698628e-02,3.305078e-02,3.902797e-02,4.374987e-03,5.923216e-04,7.475792e-01,2.527471e-02,1.777856e-03,9.982495e-04,8.487310e-04,1.245676e-03,1.368602e-03,3.889346e-02
4.286250e-02,1.452211e-02,1.902892e-02,2.324527e-02,2.880173e-02,3.151340e-03,5.263324e-04,8.184178e-01,1.773334e-02,1.251111e-03,7.367993e-04,6.085261e-04,9.138956e-04,9.630987e-04,2.723724e-02
3.654185e-02,1.026311e-02,1.361790e-02,1.639627e-02,2.181652e-02,2.608276e-03,6.334168e-04,8.630762e-01,1.248378e-02,8.844354e-04,6.357145e-04,4.994260e-04,7.484107e-04,6.887480e-04,1.910586e-02
3.394374e-02,7.295140e-03,9.821359e-03,1.175489e-02,1.667637e-02,2.570477e-03,7.147090e-04,8.919083e-01,8.804145e-03,6.407420e-04,6.026553e-04,5.846991e-04,7.012425e-04,5.212388e-04,1.346017e-02
4.534326e-02,5.308938e-03,7.048498e-03,8.422435e-03,1.412857e-02,2.739045e-03,7.623059e-04,8.951851e-01,6.520260e-03,5.364986e-04,1.052586e-03,1.433404e-03,1.321043e-03,4.972354e-04,9.700641e-03
7.639018e-02,5.114837e-03,5.559133e-03,1.025127e-02,1.609674e-02,6.833876e-03,1.208951e-03,8.263014e-01,6.768649e-03,7.564354e-04,8.157719e-03,1.431410e-02,1.242090e-02,1.620946e-03,8.204771e-03
9.643712e-02,5.479013e-03,4.865364e-03,1.009468e-02,1.955834e-02,7.568697e-02,2.177039e-03,6.454825e-01,9.899683e-03,1.634098e-03,1.503181e-02,4.770306e-02,5.470550e-02,2.039785e-03,9.205019e-03
1.101830e-01,5.251058e-03,3.863258e-03,9.132093e-03,1.887612e-02,7.100762e-02,2.486374e-03,4.917915e-01,2.229408e-02,2.243179e-03,2.342622e-02,6.491286e-02,1.629884e-01,2.073814e-03,9.470462e-03
1.011403e-01,6.342534e-03,2.883282e-03,9.053612e-03,1.461563e-02,5.766479e-02,2.375633e-03,3.576167e-01,2.539007e-02,2.230722e-03,2.371519e-02,8.012985e-02,3.064650e-01,2.149876e-03,8.226821e-03
8.809003e-02,7.003705e-03,2.086912e-03,8.371766e-03,1.085906e-02,4.440555e-02,2.077267e-03,2.575042e-01,3.122018e-02,1.940942e-03,2.012792e-02,7.410638e-02,4.430581e-01,2.037162e-03,7.110792e-03
7.457634e-02,1.298661e-02,1.635098e-03,8.145921e-03,8.087027e-03,3.303107e-02,1.756641e-03,1.824643e-01,4.472084e-02,1.845002e-03,1.609328e-02,6.059533e-02,5.452017e-01,1.863298e-03,6.997610e-03
5.932697e-02,2.029015e-02,1.672543e-03,7.613929e-03,7.099449e-03,2.548684e-02,1.721235e-03,1.296304e-01,8.090669e-02,1.582842e-03,1.370749e-02,5.331202e-02,5.883248e-01,2.444724e-03,6.879884e-03
4.581684e-02,3.335404e-02,5.735513e-03,8.256908e-03,6.724619e-03,2.034511e-02,1.489084e-03,9.951440e-02,1.352700e-01,1.780241e-03,1.247077e-02,4.451958e-02,5.694373e-01,2.855589e-03,1.243007e-02
3.964479e-02,4.806805e-02,6.619979e-03,1.126854e-02,5.869884e-03,1.762388e-02,1.570621e-03,7.230076e-02,2.498315e-01,4.120405e-03,1.155975e-02,4.908075e-02,4.393209e-01,2.886518e-03,4.023376e-02
3.608706e-02,4.793621e-02,7.188341e-03,1.046117e-02,5.902802e-03,1.363261e-02,2.269774e-03,6.153525e-02,3.438947e-01,5.395632e-03,1.042921e-02,4.528132e-02,3.353576e-01,2.539578e-03,7.208878e-02
3.121347e-02,5.706482e-02,9.155737e-03,1.180335e-02,5.870259e-03,1.186086e-02,2.255166e-03,4.759640e-02,4.208904e-01,1.502844e-02,8.580421e-03,3.628542e-02,2.532266e-01,2.266113e-03,8.690257e-02
2.645200e-02,5.623288e-02,7.624878e-03,1.150287e-02,6.841118e-03,1.037225e-02,2.112060e-03,4.996650e-02,4.429723e-01,1.660690e-02,8.051972e-03,2.847842e-02,1.887025e-01,1.959595e-03,1.421238e-01
2.388514e-02,5.203759e-02,6.144250e-03,9.986033e-03,7.941425e-03,9.960582e-03,2.580686e-03,4.786414e-02,4.770500e-01,1.715303e-02,7.784648e-03,2.441395e-02,1.439424e-01,1.818684e-03,1.674374e-01
2.466732e-02,4.666065e-02,5.284789e-03,9.392158e-03,9.471873e-03,1.057291e-02,3.428157e-03,4.521766e-02,4.915038e-01,1.605397e-02,6.244005e-03,1.928669e-02,1.028214e-01,1.585620e-03,2.078090e-01
3.497250e-02,4.836421e-02,5.100603e-03,8.199034e-03,1.367220e-02,1.164523e-02,3.744145e-03,4.434019e-02,4.721523e-01,1.484429e-02,5.091900e-03,1.455974e-02,7.444725e-02,1.447947e-03,2.474185e-01
9.839786e-02,4.743717e-02,6.003500e-03,1.141579e-02,1.476748e-02,1.730646e-02,3.932874e-03,3.946437e-02,4.117444e-01,1.419741e-02,4.510776e-03,1.227507e-02,5.669361e-02,2.573757e-03,2.592795e-01
1.259979e-01,5.229945e-02,1.036439e-02,1.346364e-02,1.550960e-02,3.328297e-02,4.032155e-03,4.184942e-02,3.665528e-01,1.258490e-02,4.565944e-03,1.136581e-02,4.382696e-02,2.987218e-03,2.613170e-01
1.552221e-01,6.356265e-02,1.191131e-02,1.145643e-02,1.672035e-02,4.940709e-02,3.864690e-03,4.148668e-02,3.079355e-01,1.121962e-02,4.063257e-03,8.880323e-03,3.372729e-02,2.964176e-03,2.775786e-01
2.153187e-01,6.624874e-02,1.362530e-02,1.150837e-02,1.911132e-02,4.829179e-02,4.902943e-03,4.028390e-02,2.727812e-01,1.004448e-02,3.815585e-03,8.534511e-03,2.684856e-02,3.877733e-03,2.548069e-01
2.436374e-01,9.042899e-02,1.179512e-02,9.597223e-03,2.276651e-02,4.735788e-02,4.289627e-03,4.458803e-02,2.268660e-01,7.788223e-03,3.168347e-03,6.705705e-03,1.977000e-02,4.691776e-03,2.565492e-01
2.542759e-01,8.410825e-02,1.084098e-02,9.183856e-03,4.280002e-02,4.744734e-02,4.326835e-03,3.972292e-02,1.961117e-01,5.797690e-03,2.600777e-03,4.984314e-03,1.523696e-02,5.112733e-03,2.774496e-01
2.337444e-01,9.078507e-02,8.793251e-03,7.625123e-03,4.637024e-02,4.721417e-02,4.003156e-03,3.222415e-02,2.239935e-01,4.842801e-03,2.346669e-03,4.088989e-03,1.503302e-02,5.021677e-03,2.739138e-01
1.987097e-01,1.489845e-01,8.231476e-03,6.669021e-02,7.345767e-02,3.476318e-02,3.059197e-03,2.919649e-02,1.879383e-01,4.526212e-03,2.391300e-03,3.962834e-03,1.151306e-02,3.679305e-03,2.228965e-01
2.199427e-01,1.273580e-01,3.878062e-02,9.286365e-02,6.374083e-02,2.591341e-02,2.477037e-03,3.514176e-02,1.880960e-01,5.034799e-03,2.874228e-03,4.914156e-03,9.509752e-03,3.361986e-03,1.799911e-01
2.413208e-01,1.237996e-01,3.170447e-02,6.767409e-02,6.114192e-02,2.060229e-02,1.881962e-03,4.037841e-02,1.901072e-01,3.844576e-03,2.583133e-03,4.198236e-03,8.030359e-03,4.272124e-03,1.984608e-01
2.868896e-01,9.535372e-02,4.393466e-02,8.891940e-02,5.631921e-02,1.731841e-02,1.648698e-03,4.484112e-02,1.802564e-01,3.567764e-03,5.235466e-03,8.093736e-03,9.003107e-03,5.264739e-03,1.533539e-01
2.111201e-01,7.764211e-02,3.516082e-02,7.872657e-02,4.034983e-02,1.241211e-02,1.166381e-03,3.155989e-02,3.616671e-01,2.738252e-03,1.774463e-02,6.054039e-03,8.027719e-03,4.895162e-03,1.107353e-01
1.515696e-01,6.237368e-02,3.265088e-02,6.564593e-02,2.885584e-02,8.889317e-03,8.364507e-04,2.227488e-02,4.822266e-01,2.307269e-03,4.229350e-02,4.932607e-03,6.604836e-03,5.409529e-03,8.312920e-02
1.270663e-01,4.787592e-02,2.456912e-02,5.245567e-02,2.091220e-02,8.903229e-03,6.944628e-04,1.627994e-02,3.526503e-01,1.956497e-03,2.079525e-01,5.488879e-03,8.375521e-03,6.540390e-02,5.941563e-02
9.134031e-02,3.475707e-02,1.809091e-02,3.798857e-02,1.474917e-02,6.913367e-03,5.279180e-04,1.156362e-02,2.535855e-01,1.634884e-03,3.968834e-01,5.541426e-03,8.489197e-03,7.468838e-02,4.324625e-02
6.434894e-02,2.455673e-02,1.285123e-02,2.677076e-02,1.039300e-02,5.186600e-03,4.039246e-04,8.139558e-03,1.784163e-01,1.291918e-03,5.393150e-01,1.420283e-02,6.382193e-03,7.727171e-02,3.046935e-02
4.528607e-02,1.748615e-02,9.127145e-03,1.885044e-02,7.389578e-03,4.550481e-03,3.091812e-04,5.729924e-03,1.256150e-01,1.051598e-03,5.699995e-01,2.115528e-02,4.886325e-03,1.469854e-01,2.157796e-02
3.183519e-02,1.277297e-02,6.660099e-03,1.367616e-02,5.609736e-03,3.714064e-03,2.596260e-04,4.080789e-03,9.182235e-02,1.075187e-03,5.894126e-01,2.638780e-02,3.829418e-03,1.934202e-01,1.544380e-02
2.248850e-02,9.311182e-03,5.215763e-03,1.180188e-02,5.340331e-03,7.299514e-03,2.490851e-04,3.001312e-03,6.693396e-02,1.213129e-03,5.765657e-01,2.554785e-02,3.553803e-03,2.505190e-01,1.095901e-02
1.596057e-02,7.008949e-03,4.517427e-03,9.290012e-03,4.868288e-03,1.114886e-02,2.221077e-04,2.316240e-03,5.675688e-02,1.286572e-03,5.037662e-01,2.675871e-02,3.942265e-03,3.442883e-01,7.868628e-03
1.244961e-02,5.780587e-03,4.071951e-03,1.090234e-02,1.016071e-02,2.104181e-02,3.795658e-04,1.941673e-03,5.191082e-02,1.432907e-03,4.921706e-01,2.539116e-02,4.260605e-03,3.522558e-01,5.849960e-03
8.937926e-03,4.123596e-03,2.992703e-03,7.923416e-03,7.527506e-03,2.052440e-02,2.866649e-04,1.382950e-03,4.066481e-02,1.530438e-03,4.211254e-01,2.136940e-02,3.553687e-03,4.538661e-01,4.191006e-03
6.416755e-03,3.068365e-03,2.474832e-03,5.938675e-03,6.195754e-03,1.780724e-02,2.585378e-04,1.001389e-03,3.733563e-02,1.780202e-03,3.825639e-01,1.802120e-02,2.993767e-03,5.110804e-01,3.063346e-03
4.555293e-03,2.250151e-03,1.860594e-03,4.426173e-03,5.000944e-03,1.353491e-02,2.025089e-04,7.126264e-04,3.041658e-02,1.541708e-03,3.577293e-01,1.421801e-02,2.267076e-03,5.590654e-01,2.218821e-03
3.284422e-03,1.711871e-03,1.382132e-03,3.496707e-03,4.036434e-03,1.022912e-02,1.740476e-04,5.128818e-04,2.635045e-02,1.518984e-03,3.683719e-01,1.122670e-02,1.902429e-03,5.641707e-01,1.631308e-03
2.408169e-03,1.463805e-03,1.338892e-03,2.707327e-03,3.990848e-03,7.953646e-03,1.512241e-04,3.958488e-04,2.399264e-02,2.637960e-03,3.336190e-01,9.363292e-03,1.710133e-03,6.070409e-01,1.226417e-03
1.765133e-03,1.408545e-03,1.230567e-03,2.299035e-03,3.554447e-03,6.533895e-03,1.691096e-04,3.120065e-04,2.196371e-02,4.581009e-03,3.752615e-01,7.440975e-03,1.598884e-03,5.706684e-01,1.212831e-03
1.326191e-03,2.083795e-03,1.417343e-03,2.837959e-03,3.924591e-03,8.716976e-03,2.948441e-04,2.907936e-04,2.426871e-02,7.049676e-03,3.661301e-01,5.793296e-03,1.267560e-03,5.731982e-01,1.400050e-03
1.097019e-03,2.263295e-03,1.128284e-03,2.693949e-03,5.949860e-03,8.372413e-03,3.512580e-04,3.176676e-04,2.061751e-02,8.834070e-03,3.545421e-01,4.310293e-03,1.133678e-03,5.868332e-01,1.555466e-03
1.104743e-03,2.117778e-03,8.631739e-04,2.872122e-03,4.620483e-02,8.920933e-03,4.506790e-04,5.143459e-04,2.794528e-02,9.759008e-03,3.061019e-01,3.240215e-03,1.132018e-03,5.874977e-01,1.275328e-03
2.817743e-03,4.243261e-03,2.581452e-03,8.260657e-02,8.298622e-02,1.147078e-02,8.182211e-04,2.924055e-03,3.704160e-02,1.931736e-02,2.487113e-01,3.527088e-03,5.358342e-03,4.877912e-01,7.804884e-03
4.634949e-03,4.386811e-03,2.277296e-03,8.698054e-02,7.664032e-02,1.086505e-02,7.570753e-04,2.575910e-03,4.234626e-02,3.351502e-02,2.556501e-01,7.528173e-03,1.768972e-02,4.449628e-01,9.190015e-03
6.562166e-03,5.433208e-03,2.365074e-03,7.086038e-02,6.088711e-02,9.133002e-03,6.865934e-04,2.032903e-03,4.008376e-02,3.675995e-02,3.029272e-01,2.377594e-02,3.339033e-02,3.877240e-01,1.737840e-02
8.383086e-03,6.994282e-03,3.536290e-03,5.472460e-02,4.537125e-02,1.225336e-02,6.766352e-04,2.473633e-03,3.814112e-02,4.613461e-02,3.452204e-01,4.436762e-02,3.979393e-02,3.221163e-01,2.981297e-02
8.213371e-03,6.567377e-03,5.859568e-03,4.014834e-02,3.401645e-02,1.331858e-02,8.345404e-04,4.908720e-02,5.352429e-02,4.491124e-02,3.603706e-01,7.945013e-02,3.754507e-02,2.420972e-01,2.405605e-02
1.213467e-02,1.605916e-02,1.842397e-02,3.176105e-02,3.031879e-02,2.910856e-02,4.348094e-03,1.324618e-01,7.064152e-02,3.984726e-02,2.781452e-01,8.610253e-02,3.794485e-02,1.761861e-01,3.651651e-02
2.252820e-02,1.243540e-02,4.389124e-02,2.391024e-02,2.553917e-02,4.510630e-02,1.663040e-02,2.607591e-01,5.951552e-02,3.224488e-02,2.101025e-01,6.499213e-02,3.000164e-02,1.245280e-01,2.781525e-02
2.953524e-02,9.893856e-03,6.735086e-02,2.340990e-02,2.406047e-02,5.664716e-02,2.238663e-02,3.513210e-01,5.223159e-02,2.528945e-02,1.542648e-01,4.968635e-02,2.385988e-02,8.829821e-02,2.176461e-02
2.543768e-02,7.615435e-03,5.111298e-02,1.918628e-02,1.956028e-02,4.694012e-02,1.867204e-02,5.049483e-01,3.798095e-02,1.839997e-02,1.111540e-01,3.558678e-02,2.545870e-02,6.207136e-02,1.587517e-02
1.949176e-02,5.485126e-03,3.831482e-02,1.397125e-02,1.751321e-02,3.393206e-02,1.417990e-02,6.364819e-01,2.761963e-02,1.302627e-02,7.995205e-02,2.575293e-02,1.953931e-02,4.348731e-02,1.125251e-02
1.392243e-02,3.865001e-03,2.806682e-02,9.891056e-03,1.470120e-02,2.390095e-02,1.037926e-02,7.396985e-01,1.948520e-02,9.176238e-03,5.641341e-02,1.810880e-02,1.404679e-02,3.044865e-02,7.895675e-03
9.986700e-03,2.729274e-03,2.005690e-02,7.010895e-03,1.261573e-02,1.773026e-02,8.474082e-03,8.058596e-01,1.374760e-02,6.443438e-03,3.959904e-02,1.272571e-02,1.614507e-02,2.133076e-02,5.544905e-03
7.511562e-03,2.008999e-03,1.477484e-02,5.032645e-03,1.362133e-02,1.425294e-02,7.873418e-03,8.240926e-01,9.992312e-03,4.535056e-03,2.787640e-02,9.014635e-03,4.053760e-02,1.495746e-02,3.918214e-03
6.865188e-03,1.538017e-03,1.088557e-02,3.726453e-03,1.355508e-02,1.093484e-02,9.354249e-03,8.395032e-01,7.748766e-03,3.257136e-03,1.984825e-02,6.623858e-03,5.279750e-02,1.049987e-02,2.862064e-03
6.630493e-03,1.164955e-03,7.803773e-03,2.733916e-03,1.355026e-02,8.174745e-03,9.071249e-03,8.714060e-01,5.989296e-03,2.320500e-03,1.421710e-02,4.798328e-03,4.267238e-02,7.399300e-03,2.067750e-03
1.080700e-02,1.112306e-03,5.928694e-03,2.154339e-03,1.394373e-02,8.210666e-03,4.651735e-02,8.258249e-01,5.454318e-03,1.782520e-03,1.067680e-02,4.327250e-03,5.576180e-02,5.680423e-03,1.818005e-03
1.883643e-02,1.166568e-03,4.567818e-03,1.927132e-03,1.728621e-02,1.224968e-02,7.230422e-02,7.634011e-01,4.998961e-03,1.281556e-03,7.685519e-03,3.531083e-03,8.525139e-02,4.101024e-03,1.411311e-03
3.173524e-02,1.110863e-03,4.944466e-03,2.098968e-03,1.943457e-02,2.589703e-02,9.812814e-02,6.991160e-01,4.546799e-03,9.344731e-04,5.653092e-03,3.379789e-03,9.870242e-02,2.977920e-03,1.340218e-03
3.783333e-02,1.017862e-03,5.048696e-03,2.214069e-03,1.987020e-02,3.755578e-02,1.614487e-01,6.237639e-01,4.088161e-03,6.981594e-04,4.192066e-03,2.942315e-03,9.582990e-02,2.128697e-03,1.368116e-03
3.923365e-02,8.399477e-04,4.425456e-03,2.475565e-03,1.769019e-02,3.516648e-02,1.531430e-01,6.587988e-01,3.183515e-03,5.557829e-04,3.164726e-03,2.401986e-03,7.602689e-02,1.525820e-03,1.368286e-03
4.011072e-02,6.869460e-04,4.045809e-03,2.799304e-03,1.648111e-02,3.257368e-02,1.143620e-01,7.237898e-01,2.460940e-03,4.558031e-04,2.496896e-03,2.022072e-03,5.535472e-02,1.098140e-03,1.262248e-03
3.631230e-02,8.838620e-04,3.379672e-03,2.409966e-03,1.326821e-02,4.197051e-02,8.507076e-02,5.879738e-01,2.462194e-03,1.867980e-03,2.907291e-02,1.587395e-02,1.755578e-01,1.138224e-03,2.757920e-03
3.112792e-02,8.088029e-04,2.501116e-03,2.055441e-03,1.035285e-02,4.105878e-02,6.055635e-02,4.527414e-01,2.612787e-03,1.861909e-03,3.627696e-02,2.153534e-02,3.281544e-01,1.374146e-03,6.981858e-03
2.457196e-02,7.708259e-04,1.982646e-03,1.603408e-03,8.459011e-03,4.206051e-02,4.294391e-02,3.339987e-01,2.528453e-03,1.782913e-03,2.984674e-02,2.003307e-02,4.727603e-01,1.174345e-03,1.548338e-02
2.009715e-02,8.549137e-04,1.644419e-03,1.460703e-03,8.157394e-03,3.701068e-02,3.071774e-02,2.398951e-01,3.254276e-03,2.109079e-03,2.442153e-02,1.704393e-02,5.711958e-01,9.719050e-04,4.116538e-02
1.555860e-02,7.652952e-04,1.323769e-03,1.244278e-03,9.927631e-03,2.722691e-02,2.192063e-02,1.728615e-01,4.060432e-03,1.852368e-03,2.442062e-02,1.518237e-02,6.427656e-01,1.062632e-03,5.982734e-02
1.167951e-02,9.494614e-04,1.293496e-03,1.288547e-03,8.429244e-03,1.969006e-02,1.540615e-02,1.232285e-01,9.419165e-03,1.687841e-03,2.006617e-02,1.273554e-02,5.643975e-01,1.723424e-03,2.080054e-01
8.877150e-03,3.893575e-03,2.761552e-03,3.199921e-03,7.267324e-03,1.519440e-02,1.108597e-02,9.066069e-02,3.178829e-02,1.769112e-03,1.718873e-02,1.172262e-02,4.722630e-01,1.983862e-03,3.203438e-01
6.949899e-03,1.431997e-02,5.864937e-03,3.490529e-03,7.445198e-03,1.308201e-02,8.782150e-03,6.896240e-02,1.823235e-01,2.037419e-03,1.380365e-02,1.022497e-02,3.649588e-01,1.629699e-03,2.961248e-01
6.097853e-03,2.003546e-02,1.059201e-02,8.665867e-03,1.096067e-02,1.264949e-02,7.566451e-03,6.036428e-02,2.230546e-01,1.883121e-03,1.010586e-02,8.490615e-03,3.104286e-01,1.370081e-03,3.077351e-01
8.995507e-03,5.247151e-02,1.791540e-02,1.033987e-02,1.498707e-02,3.122965e-02,5.454060e-03,4.496029e-02,2.802726e-01,2.343577e-03,8.029721e-03,6.686457e-03,2.428885e-01,1.475504e-03,2.719504e-01
1.089027e-02,1.208806e-01,1.624093e-02,9.357409e-03,1.425373e-02,3.508711e-02,3.933774e-03,3.363047e-02,3.404004e-01,4.473487e-03,6.297861e-03,5.099642e-03,1.771005e-01,1.236124e-03,2.211176e-01
1.153536e-02,1.586483e-01,1.399654e-02,9.247980e-03,1.612736e-02,4.479884e-02,2.882322e-03,2.494156e-02,3.846544e-01,8.097723e-03,5.290308e-03,4.035337e-03,1.305480e-01,1.278195e-03,1.839178e-01
1.028024e-02,1.559630e-01,1.080770e-02,8.747491e-03,1.475372e-02,4.992548e-02,2.143742e-03,1.840117e-02,4.592318e-01,8.602695e-03,4.482197e-03,3.064233e-03,9.289587e-02,1.077536e-03,1.596231e-01
8.926908e-03,1.588411e-01,8.054568e-03,8.430426e-03,1.351356e-02,5.021407e-02,1.571852e-03,1.360548e-02,5.016630e-01,8.189068e-03,3.685046e-03,2.263701e-03,6.616144e-02,9.026094e-04,1.539772e-01
1.153629e-02,1.397474e-01,6.970407e-03,1.617536e-02,2.724312e-02,5.873258e-02,1.597747e-03,2.203844e-02,5.168684e-01,8.574318e-03,3.035109e-03,1.663539e-03,4.774341e-02,1.192504e-03,1.368814e-01
1.920054e-02,1.044108e-01,1.789201e-02,8.790979e-02,2.928614e-02,7.193463e-02,1.752554e-03,9.717030e-02,4.114214e-01,9.101542e-03,3.061354e-03,1.295297e-03,3.463458e-02,1.030658e-03,1.098984e-01
4.825072e-02,8.812286e-02,1.798682e-02,8.946487e-02,3.726712e-02,1.200332e-01,4.402566e-03,8.865888e-02,3.665000e-01,1.030435e-02,2.833360e-03,1.165138e-03,2.716796e-02,9.239824e-04,9.691823e-02
3.692988e-02,6.907978e-02,3.186790e-02,1.226629e-01,2.822204e-02,8.547159e-02,3.265858e-03,6.464729e-02,3.966811e-01,1.600323e-02,2.229456e-03,8.942288e-04,1.930820e-02,6.921601e-04,1.220444e-01
6.535370e-02,6.576494e-02,4.616591e-02,1.429554e-01,3.543310e-02,7.640857e-02,5.079323e-03,5.460149e-02,3.287574e-01,2.046631e-02,2.343200e-03,8.739815e-04,1.410197e-02,6.603028e-04,1.410344e-01
5.270103e-02,4.710418e-02,3.479046e-02,1.137615e-01,3.375152e-02,5.982088e-02,4.109128e-03,2.782990e-01,2.487611e-01,1.444307e-02,2.051521e-03,6.697054e-04,9.996410e-03,5.169619e-04,9.922357e-02
3.858336e-02,3.309344e-02,2.453341e-02,8.001921e-02,2.775006e-02,4.232712e-02,2.932676e-03,4.840605e-01,1.777688e-01,1.011346e-02,1.489804e-03,4.737852e-04,7.020269e-03,3.658068e-04,6.946830e-02
2.872184e-02,2.326999e-02,1.727519e-02,5.632327e-02,2.363968e-02,2.973896e-02,2.093452e-03,6.306056e-01,1.259096e-01,7.086270e-03,1.144337e-03,3.372823e-04,4.944014e-03,2.594638e-04,4.865103e-02
2.058668e-02,1.629699e-02,1.211345e-02,3.944572e-02,1.713851e-02,2.086810e-02,1.478144e-03,7.402048e-01,8.814543e-02,4.962665e-03,8.095025e-04,2.394593e-04,3.469266e-03,1.837121e-04,3.405765e-02
1.483863e-02,1.141001e-02,8.488524e-03,2.762648e-02,1.265530e-02,1.462666e-02,1.040158e-03,8.169910e-01,6.170383e-02,3.476411e-03,5.712553e-04,1.690883e-04,2.431685e-03,1.300148e-04,2.384099e-02
1.105809e-02,7.990830e-03,5.948531e-03,1.934435e-02,9.520219e-03,1.024999e-02,7.546685e-04,8.704703e-01,4.319929e-02,2.434326e-03,4.126283e-04,1.241418e-04,1.710464e-03,9.267576e-05,1.668949e-02
9.504156e-03,5.603770e-03,4.171507e-03,1.357801e-02,6.775422e-03,7.321308e-03,5.616496e-04,9.062486e-01,3.026897e-02,1.706723e-03,6.496619e-04,2.844340e-04,1.564845e-03,7.086722e-05,1.169012e-02
1.179236e-02,3.977263e-03,2.940727e-03,9.687487e-03,5.277418e-03,5.535022e-03,4.555304e-04,9.225914e-01,2.127250e-02,1.206455e-03,1.699372e-03,1.277955e-03,3.773498e-03,3.007895e-04,8.212140e-03
1.086304e-02,2.875640e-03,2.099367e-03,7.127166e-03,4.263742e-03,1.057616e-02,7.359635e-04,9.137605e-01,1.508537e-02,8.835674e-04,5.065902e-03,3.497277e-03,1.653214e-02,7.845843e-04,5.849536e-03
1.235435e-02,2.201383e-03,1.842380e-03,5.249414e-03,6.506350e-03,3.895949e-02,4.070025e-03,8.657142e-01,1.091303e-02,6.606702e-04,6.768795e-03,3.291051e-03,3.624701e-02,6.860314e-04,4.535761e-03
3.935011e-02,3.268405e-03,2.048032e-03,5.009973e-03,6.310763e-03,4.777262e-02,4.275842e-03,7.907922e-01,1.538983e-02,6.771875e-04,2.377533e-02,4.178458e-03,5.040974e-02,5.686965e-04,6.172790e-03
7.870504e-02,4.422560e-03,2.942340e-03,4.169001e-03,1.168997e-02,4.065540e-02,4.333855e-03,7.139578e-01,2.367356e-02,6.548940e-04,2.575053e-02,4.555253e-03,7.721660e-02,5.878030e-04,6.685395e-03
8.365745e-02,5.302369e-03,3.725826e-03,3.594447e-03,1.424516e-02,3.286491e-02,4.351032e-03,7.016830e-01,3.061629e-02,6.399543e-04,3.102160e-02,5.040770e-03,7.526571e-02,5.881903e-04,7.403206e-03
1.260482e-01,8.887559e-03,3.529020e-03,4.310541e-03,1.311484e-02,2.733741e-02,4.031316e-03,6.041823e-01,5.811138e-02,1.236875e-03,3.871023e-02,1.314616e-02,8.723466e-02,1.090920e-03,9.028556e-03
1.894630e-01,1.843645e-02,3.734270e-03,6.312145e-03,1.236660e-02,2.355240e-02,3.701534e-03,4.851040e-01,9.365438e-02,1.697886e-03,3.177517e-02,1.387320e-02,1.020136e-01,1.460821e-03,1.285460e-02
2.507311e-01,2.414496e-02,2.237261e-02,1.373753e-02,1.471569e-02,2.046720e-02,4.496950e-03,3.618882e-01,9.977919e-02,4.563888e-03,3.286166e-02,2.199038e-02,1.029562e-01,2.056202e-03,2.323832e-02
2.248180e-01,2.009551e-02,5.003155e-02,1.398264e-02,2.154691e-02,1.982287e-02,4.192492e-03,3.595260e-01,9.833547e-02,4.361257e-03,2.846258e-02,1.948218e-02,9.155799e-02,2.085329e-03,4.169912e-02
1.663448e-01,1.535841e-02,5.064111e-02,1.132489e-02,2.179953e-02,1.669820e-02,4.245819e-03,3.594472e-01,1.103947e-01,3.514836e-03,3.093601e-02,1.801033e-02,1.270704e-01,1.728764e-03,6.248499e-02
1.741968e-01,1.401146e-02,4.627939e-02,1.679341e-02,2.395315e-02,2.142415e-02,4.037106e-03,4.214144e-01,8.385776e-02,6.647732e-03,2.628620e-02,1.827104e-02,9.275350e-02,1.757584e-03,4.831625e-02
1.841467e-01,2.137521e-02,3.791546e-02,1.780906e-02,2.981219e-02,2.568424e-02,4.166947e-03,4.191610e-01,8.434975e-02,1.032430e-02,2.807359e-02,2.068786e-02,6.840584e-02,1.904262e-03,4.618359e-02
1.952238e-01,2.826377e-02,3.168458e-02,2.478069e-02,7.266352e-02,2.302678e-02,6.052222e-03,3.475816e-01,9.967496e-02,9.187229e-03,3.112317e-02,2.568682e-02,5.271930e-02,2.003365e-03,5.032822e-02
2.397945e-01,6.559636e-02,2.520895e-02,7.110012e-02,7.175820e-02,2.665740e-02,6.291405e-03,2.563529e-01,7.442791e-02,7.551241e-03,2.837776e-02,2.795206e-02,4.010824e-02,1.845390e-03,5.697756e-02
2.640795e-01,8.241786e-02,1.950831e-02,1.296071e-01,6.833957e-02,2.718936e-02,6.178692e-03,1.862943e-01,6.312189e-02,6.139084e-03,2.395930e-02,3.089739e-02,3.182311e-02,1.689470e-03,5.875509e-02
2.680625e-01,8.451544e-02,2.549914e-02,2.104224e-01,5.875560e-02,2.583440e-02,6.620668e-03,1.366572e-01,4.910988e-02,5.916999e-03,1.966087e-02,3.024414e-02,2.702834e-02,1.786124e-03,4.988630e-02
2.663355e-01,6.518221e-02,2.583465e-02,1.926003e-01,6.299156e-02,2.294513e-02,8.811699e-03,2.123526e-01,3.881174e-02,4.513344e-03,1.532293e-02,2.519920e-02,2.141648e-02,1.561316e-03,3.612150e-02
