1.000000e+00,0.000000e+00,0.000000e+00,0.000000e+00,0.000000e+00,0.000000e+00,0.000000e+00,0.000000e+00,0.000000e+00,0.000000e+00,0.000000e+00,0.000000e+00,0.000000e+00,0.000000e+00,0.000000e+00
1.000000e+00,0.000000e+00,0.000000e+00,0.000000e+00,0.000000e+00,0.000000e+00,0.000000e+00,0.000000e+00,0.000000e+00,0.000000e+00,0.000000e+00,0.000000e+00,0.000000e+00,0.000000e+00,0.000000e+00
1.000000e+00,0.000000e+00,0.000000e+00,0.000000e+00,0.000000e+00,0.000000e+00,0.000000e+00,0.000000e+00,0.000000e+00,0.000000e+00,0.000000e+00,0.000000e+00,0.000000e+00,0.000000e+00,0.000000e+00
1.000000e+00,0.000000e+00,0.000000e+00,0.000000e+00,0.000000e+00,0.000000e+00,0.000000e+00,0.000000e+00,0.000000e+00,0.000000e+00,0.000000e+00,0.000000e+00,0.000000e+00,0.000000e+00,0.000000e+00
1.000000e+00,0.000000e+00,0.000000e+00,0.000000e+00,0.000000e+00,0.000000e+00,0.000000e+00,0.000000e+00,0.000000e+00,0.000000e+00,0.000000e+00,0.000000e+00,0.000000e+00,0.000000e+00,0.000000e+00
1.000000e+00,0.000000e+00,0.000000e+00,0.000000e+00,0.000000e+00,0.000000e+00,0.000000e+00,0.000000e+00,0.000000e+00,0.000000e+00,0.000000e+00,0.000000e+00,0.000000e+00,0.000000e+00,0.000000e+00
1.000000e+00,0.000000e+00,0.000000e+00,0.000000e+00,0.000000e+00,0.000000e+00,0.000000e+00,0.000000e+00,0.000000e+00,0.000000e+00,0.000000e+00,0.000000e+00,0.000000e+00,0.000000e+00,0.000000e+00
1.000000e+00,0.000000e+00,0.000000e+00,0.000000e+00,0.000000e+00,0.000000e+00,0.000000e+00,0.000000e+00,0.000000e+00,0.000000e+00,0.000000e+00,0.000000e+00,0.000000e+00,0.000000e+00,0.000000e+00
1.000000e+00,0.000000e+00,0.000000e+00,0.000000e+00,0.000000e+00,0.000000e+00,0.000000e+00,0.000000e+00,0.000000e+00,0.000000e+00,0.000000e+00,0.000000e+00,0.000000e+00,0.000000e+00,0.000000e+00
1.000000e+00,0.000000e+00,0.000000e+00,0.000000e+00,0.000000e+00,0.000000e+00,0.000000e+00,0.000000e+00,0.000000e+00,0.000000e+00,0.000000e+00,0.000000e+00,0.000000e+00,0.000000e+00,0.000000e+00
1.000000e+00,0.000000e+00,0.000000e+00,0.000000e+00,0.000000e+00,0.000000e+00,0.000000e+00,0.000000e+00,0.000000e+00,0.000000e+00,0.000000e+00,0.000000e+00,0.000000e+00,0.000000e+00,0.000000e+00
1.000000e+00,0.000000e+00,0.000000e+00,0.000000e+00,0.000000e+00,0.000000e+00,0.000000e+00,0.000000e+00,0.000000e+00,0.000000e+00,0.000000e+00,0.000000e+00,0.000000e+00,0.000000e+00,0.000000e+00
1.000000e+00,0.000000e+00,0.000000e+00,0.000000e+00,0.000000e+00,0.000000e+00,0.000000e+00,0.000000e+00,0.000000e+00,0.000000e+00,0.000000e+00,0.000000e+00,0.000000e+00,0.000000e+00,0.000000e+00
1.000000e+00,0.000000e+00,0.000000e+00,0.000000e+00,0.000000e+00,0.000000e+00,0.000000e+00,0.000000e+00,0.000000e+00,0.000000e+00,0.000000e+00,0.000000e+00,0.000000e+00,0.000000e+00,0.000000e+00
1.000000e+00,0.000000e+00,0.000000e+00,0.000000e+00,0.000000e+00,0.000000e+00,0.000000e+00,0.000000e+00,0.000000e+00,0.000000e+00,0.000000e+00,0.000000e+00,0.000000e+00,0.000000e+00,0.000000e+00
1.000000e+00,0.000000e+00,0.000000e+00,0.000000e+00,0.000000e+00,0.000000e+00,0.000000e+00,0.000000e+00,0.000000e+00,0.000000e+00,0.000000e+00,0.000000e+00,0.000000e+00,0.000000e+00,0.000000e+00
1.000000e+00,0.000000e+00,0.000000e+00,0.000000e+00,0.000000e+00,0.000000e+00,0.000000e+00,0.000000e+00,0.000000e+00,0.000000e+00,0.000000e+00,0.000000e+00,0.000000e+00,0.000000e+00,0.000000e+00
1.000000e+00,0.000000e+00,0.000000e+00,0.000000e+00,0.000000e+00,0.000000e+00,0.000000e+00,0.000000e+00,0.000000e+00,0.000000e+00,0.000000e+00,0.000000e+00,0.000000e+00,0.000000e+00,0.000000e+00
1.000000e+00,0.000000e+00,0.000000e+00,0.000000e+00,0.000000e+00,0.000000e+00,0.000000e+00,0.000000e+00,0.000000e+00,0.000000e+00,0.000000e+00,0.000000e+00,0.000000e+00,0.000000e+00,0.000000e+00
1.000000e+00,0.000000e+00,0.000000e+00,0.000000e+00,0.000000e+00,0.000000e+00,0.000000e+00,0.000000e+00,0.000000e+00,0.000000e+00,0.000000e+00,0.000000e+00,0.000000e+00,0.000000e+00,0.000000e+00
1.000000e+00,0.000000e+00,0.000000e+00,0.000000e+00,0.000000e+00,0.000000e+00,0.000000e+00,0.000000e+00,0.000000e+00,0.000000e+00,0.000000e+00,0.000000e+00,0.000000e+00,0.000000e+00,0.000000e+00
1.000000e+00,0.000000e+00,0.000000e+00,0.000000e+00,0.000000e+00,0.000000e+00,0.000000e+00,0.000000e+00,0.000000e+00,0.000000e+00,0.000000e+00,0.000000e+00,0.000000e+00,0.000000e+00,0.000000e+00
1.000000e+00,0.000000e+00,0.000000e+00,0.000000e+00,0.000000e+00,0.000000e+00,0.000000e+00,0.000000e+00,0.000000e+00,0.000000e+00,0.000000e+00,0.000000e+00,0.000000e+00,0.000000e+00,0.000000e+00
1.000000e+00,0.000000e+00,0.000000e+00,0.000000e+00,0.000000e+00,0.000000e+00,0.000000e+00,0.000000e+00,0.000000e+00,0.000000e+00,0.000000e+00,0.000000e+00,0.000000e+00,0.000000e+00,0.000000e+00
1.000000e+00,0.000000e+00,0.000000e+00,0.000000e+00,0.000000e+00,0.000000e+00,0.000000e+00,0.000000e+00,0.000000e+00,0.000000e+00,0.000000e+00,0.000000e+00,0.000000e+00,0.000000e+00,0.000000e+00
1.000000e+00,0.000000e+00,0.000000e+00,0.000000e+00,0.000000e+00,0.000000e+00,0.000000e+00,0.000000e+00,0.000000e+00,0.000000e+00,0.000000e+00,0.000000e+00,0.000000e+00,0.000000e+00,0.000000e+00
1.000000e+00,0.000000e+00,0.000000e+00,0.000000e+00,0.000000e+00,0.000000e+00,0.000000e+00,0.000000e+00,0.000000e+00,0.000000e+00,0.000000e+00,0.000000e+00,0.000000e+00,0.000000e+00,0.000000e+00
1.000000e+00,0.000000e+00,0.000000e+00,0.000000e+00,0.000000e+00,0.000000e+00,0.000000e+00,0.000000e+00,0.000000e+00,0.000000e+00,0.000000e+00,0.000000e+00,0.000000e+00,0.000000e+00,0.000000e+00
1.000000e+00,0.000000e+00,0.000000e+00,0.000000e+00,0.000000e+00,0.000000e+00,0.000000e+00,0.000000e+00,0.000000e+00,0.000000e+00,0.000000e+00,0.000000e+00,0.000000e+00,0.000000e+00,0.000000e+00
1.000000e+00,0.000000e+00,0.000000e+00,0.000000e+00,0.000000e+00,0.000000e+00,0.000000e+00,0.000000e+00,0.000000e+00,0.000000e+00,0.000000e+00,0.000000e+00,0.000000e+00,0.000000e+00,0.000000e+00
1.000000e+00,0.000000e+00,0.000000e+00,0.000000e+00,0.000000e+00,0.000000e+00,0.000000e+00,0.000000e+00,0.000000e+00,0.000000e+00,0.000000e+00,0.000000e+00,0.000000e+00,0.000000e+00,0.000000e+00
1.000000e+00,0.000000e+00,0.000000e+00,0.000000e+00,0.000000e+00,0.000000e+00,0.000000e+00,0.000000e+00,0.000000e+00,0.000000e+00,0.000000e+00,0.000000e+00,0.000000e+00,0.000000e+00,0.000000e+00
1.000000e+00,0.000000e+00,0.000000e+00,0.000000e+00,0.000000e+00,0.000000e+00,0.000000e+00,0.000000e+00,0.000000e+00,0.000000e+00,0.000000e+00,0.000000e+00,0.000000e+00,0.000000e+00,0.000000e+00
1.000000e+00,0.000000e+00,0.000000e+00,0.000000e+00,0.000000e+00,0.000000e+00,0.000000e+00,0.000000e+00,0.000000e+00,0.000000e+00,0.000000e+00,0.000000e+00,0.000000e+00,0.000000e+00,0.000000e+00
1.000000e+00,0.000000e+00,0.000000e+00,0.000000e+00,0.000000e+00,0.000000e+00,0.000000e+00,0.000000e+00,0.000000e+00,0.000000e+00,0.000000e+00,0.000000e+00,0.000000e+00,0.000000e+00,0.000000e+00
1.000000e+00,0.000000e+00,0.000000e+00,0.000000e+00,0.000000e+00,0.000000e+00,0.000000e+00,0.000000e+00,0.000000e+00,0.000000e+00,0.000000e+00,0.000000e+00,0.000000e+00,0.000000e+00,0.000000e+00
1.000000e+00,0.000000e+00,0.000000e+00,0.000000e+00,0.000000e+00,0.000000e+00,0.000000e+00,0.000000e+00,0.000000e+00,0.000000e+00,0.000000e+00,0.000000e+00,0.000000e+00,0.000000e+00,0.000000e+00
1.000000e+00,0.000000e+00,0.000000e+00,0.000000e+00,0.000000e+00,0.000000e+00,0.000000e+00,0.000000e+00,0.000000e+00,0.000000e+00,0.000000e+00,0.000000e+00,0.000000e+00,0.000000e+00,0.000000e+00
1.000000e+00,0.000000e+00,0.000000e+00,0.000000e+00,0.000000e+00,0.000000e+00,0.000000e+00,0.000000e+00,0.000000e+00,0.000000e+00,0.000000e+00,0.000000e+00,0.000000e+00,0.000000e+00,0.000000e+00
1.000000e+00,0.000000e+00,0.000000e+00,0.000000e+00,0.000000e+00,0.000000e+00,0.000000e+00,0.000000e+00,0.000000e+00,0.000000e+00,0.000000e+00,0.000000e+00,0.000000e+00,0.000000e+00,0.000000e+00
1.000000e+00,0.000000e+00,0.000000e+00,0.000000e+00,0.000000e+00,0.000000e+00,0.000000e+00,0.000000e+00,0.000000e+00,0.000000e+00,0.000000e+00,0.000000e+00,0.000000e+00,0.000000e+00,0.000000e+00
1.000000e+00,0.000000e+00,0.000000e+00,0.000000e+00,0.000000e+00,0.000000e+00,0.000000e+00,0.000000e+00,0.000000e+00,0.000000e+00,0.000000e+00,0.000000e+00,0.000000e+00,0.000000e+00,0.000000e+00
1.000000e+00,0.000000e+00,0.000000e+00,0.000000e+00,0.000000e+00,0.000000e+00,0.000000e+00,0.000000e+00,0.000000e+00,0.000000e+00,0.000000e+00,0.000000e+00,0.000000e+00,0.000000e+00,0.000000e+00
1.000000e+00,0.000000e+00,0.000000e+00,0.000000e+00,0.000000e+00,0.000000e+00,0.000000e+00,0.000000e+00,0.000000e+00,0.000000e+00,0.000000e+00,0.000000e+00,0.000000e+00,0.000000e+00,0.000000e+00
1.000000e+00,0.000000e+00,0.000000e+00,0.000000e+00,0.000000e+00,0.000000e+00,0.000000e+00,0.000000e+00,0.000000e+00,0.000000e+00,0.000000e+00,0.000000e+00,0.000000e+00,0.000000e+00,0.000000e+00
1.000000e+00,0.000000e+00,0.000000e+00,0.000000e+00,0.000000e+00,0.000000e+00,0.000000e+00,0.000000e+00,0.000000e+00,0.000000e+00,0.000000e+00,0.000000e+00,0.000000e+00,0.000000e+00,0.000000e+00
1.000000e+00,0.000000e+00,0.000000e+00,0.000000e+00,0.000000e+00,0.000000e+00,0.000000e+00,0.000000e+00,0.000000e+00,0.000000e+00,0.000000e+00,0.000000e+00,0.000000e+00,0.000000e+00,0.000000e+00
1.000000e+00,0.000000e+00,0.000000e+00,0.000000e+00,0.000000e+00,0.000000e+00,0.000000e+00,0.000000e+00,0.000000e+00,0.000000e+00,0.000000e+00,0.000000e+00,0.000000e+00,0.000000e+00,0.000000e+00
1.000000e+00,0.000000e+00,0.000000e+00,0.000000e+00,0.000000e+00,0.000000e+00,0.000000e+00,0.000000e+00,0.000000e+00,0.000000e+00,0.000000e+00,0.000000e+00,0.000000e+00,0.000000e+00,0.000000e+00
1.000000e+00,0.000000e+00,0.000000e+00,0.000000e+00,0.000000e+00,0.000000e+00,0.000000e+00,0.000000e+00,0.000000e+00,0.000000e+00,0.000000e+00,0.000000e+00,0.000000e+00,0.000000e+00,0.000000e+00
1.000000e+00,0.000000e+00,0.000000e+00,0.000000e+00,0.000000e+00,0.000000e+00,0.000000e+00,0.000000e+00,0.000000e+00,0.000000e+00,0.000000e+00,0.000000e+00,0.000000e+00,0.000000e+00,0.000000e+00
1.000000e+00,0.000000e+00,0.000000e+00,0.000000e+00,0.000000e+00,0.000000e+00,0.000000e+00,0.000000e+00,0.000000e+00,0.000000e+00,0.000000e+00,0.000000e+00,0.000000e+00,0.000000e+00,0.000000e+00
1.000000e+00,0.000000e+00,0.000000e+00,0.000000e+00,0.000000e+00,0.000000e+00,0.000000e+00,0.000000e+00,0.000000e+00,0.000000e+00,0.000000e+00,0.000000e+00,0.000000e+00,0.000000e+00,0.000000e+00
1.000000e+00,0.000000e+00,0.000000e+00,0.000000e+00,0.000000e+00,0.000000e+00,0.000000e+00,0.000000e+00,0.000000e+00,0.000000e+00,0.000000e+00,0.000000e+00,0.000000e+00,0.000000e+00,0.000000e+00
1.000000e+00,0.000000e+00,0.000000e+00,0.000000e+00,0.000000e+00,0.000000e+00,0.000000e+00,0.000000e+00,0.000000e+00,0.000000e+00,0.000000e+00,0.000000e+00,0.000000e+00,0.000000e+00,0.000000e+00
1.000000e+00,0.000000e+00,0.000000e+00,0.000000e+00,0.000000e+00,0.000000e+00,0.000000e+00,0.000000e+00,0.000000e+00,0.000000e+00,0.000000e+00,0.000000e+00,0.000000e+00,0.000000e+00,0.000000e+00
4.562755e-01,1.066065e-02,2.181614e-01,9.818248e-02,5.805213e-03,1.235335e-02,3.276563e-03,1.215195e-01,5.331035e-03,1.867508e-03,7.013895e-03,2.000130e-02,2.040566e-02,2.477348e-03,1.666862e-02
4.388104e-01,8.353955e-03,1.959521e-01,8.383399e-02,5.124827e-03,1.192478e-02,3.581754e-03,1.931442e-01,4.003450e-03,1.564329e-03,5.828207e-03,1.648866e-02,1.615029e-02,2.341678e-03,1.289736e-02
3.852405e-01,6.337799e-03,1.716721e-01,6.905334e-02,4.317862e-03,1.082862e-02,3.400789e-03,3.031144e-01,2.920958e-03,1.252031e-03,4.537792e-03,1.309080e-02,1.250407e-02,1.962638e-03,9.766325e-03
4.568643e-01,5.592016e-03,1.377280e-01,5.138250e-02,3.799872e-03,1.034431e-02,3.636125e-03,2.899725e-01,2.232350e-03,1.199630e-03,4.164456e-03,1.223106e-02,1.083543e-02,1.692514e-03,8.325001e-03
4.366542e-01,4.332905e-03,1.107011e-01,3.854679e-02,3.494077e-03,9.226396e-03,3.661643e-03,3.587067e-01,1.691679e-03,1.087043e-03,3.501358e-03,1.078742e-02,9.453462e-03,1.450236e-03,6.705100e-03
4.302901e-01,3.510006e-03,9.152195e-02,3.043710e-02,3.476236e-03,9.038316e-03,3.687926e-03,3.947514e-01,1.365710e-03,1.110787e-03,3.113891e-03,1.110046e-02,9.377824e-03,1.371962e-03,5.846398e-03
3.204731e-01,2.789691e-03,7.918227e-02,2.422535e-02,3.086463e-03,7.732797e-03,3.649198e-03,5.310515e-01,1.030872e-03,1.070816e-03,2.617424e-03,9.935050e-03,7.317280e-03,1.261331e-03,4.576748e-03
2.583321e-01,2.369836e-03,6.247311e-02,1.872935e-02,4.020246e-03,7.043956e-03,3.175967e-03,6.178138e-01,1.060747e-03,1.413675e-03,2.500692e-03,9.517127e-03,6.393985e-03,1.497712e-03,3.657728e-03
2.201968e-01,2.957897e-03,5.403013e-02,1.664443e-02,4.029036e-03,6.685130e-03,2.949441e-03,5.781575e-01,2.337704e-02,4.178460e-03,2.944215e-02,1.769063e-02,8.184345e-03,2.509012e-02,6.386914e-03
1.570774e-01,2.550778e-03,4.707418e-02,1.586503e-02,3.023018e-03,5.346961e-03,2.236381e-03,4.141669e-01,3.205701e-02,5.207147e-03,1.291143e-01,1.708475e-02,6.853746e-03,1.518143e-01,1.052817e-02
1.103207e-01,1.976601e-03,3.512840e-02,1.131142e-02,2.160840e-03,4.039822e-03,1.623670e-03,2.908965e-01,2.348430e-02,4.151029e-03,2.221765e-01,1.320795e-02,5.045930e-03,2.660979e-01,8.378469e-03
7.726698e-02,1.427350e-03,2.476175e-02,7.942642e-03,1.529338e-03,2.930829e-03,1.141551e-03,2.037407e-01,1.703080e-02,3.031927e-03,2.451623e-01,9.947610e-03,3.611879e-03,3.945379e-01,5.936460e-03
5.417986e-02,1.076180e-03,1.745269e-02,5.640536e-03,1.126344e-03,2.723132e-03,8.094267e-04,1.428511e-01,1.345406e-02,2.609434e-03,2.929307e-01,7.404392e-03,2.642638e-03,4.505249e-01,4.574649e-03
3.819570e-02,8.159336e-04,1.227285e-02,4.105303e-03,1.003300e-03,3.480960e-03,5.985216e-04,1.003826e-01,1.080103e-02,2.140613e-03,3.094124e-01,6.048420e-03,2.080016e-03,5.047113e-01,3.951153e-03
2.699942e-02,6.389383e-04,8.716074e-03,3.046806e-03,8.584810e-04,4.649715e-03,4.466141e-04,7.043330e-02,1.231618e-02,1.620355e-03,3.103284e-01,5.139522e-03,1.550968e-03,5.502206e-01,3.034682e-03
1.894039e-02,5.280171e-04,6.213354e-03,2.403536e-03,6.971501e-04,5.912891e-03,3.245757e-04,4.932971e-02,1.471940e-02,1.224574e-03,2.752002e-01,4.107067e-03,1.110110e-03,6.169526e-01,2.336481e-03
1.336807e-02,4.758320e-04,5.400806e-03,3.338732e-03,1.079232e-03,6.699138e-03,2.548726e-04,3.461779e-02,2.164190e-02,1.345650e-03,2.595841e-01,3.361646e-03,9.012277e-04,6.453638e-01,2.567211e-03
9.398055e-03,3.633557e-04,4.165040e-03,2.738471e-03,1.025937e-03,6.329765e-03,1.945567e-04,2.434631e-02,2.293238e-02,1.251184e-03,2.394821e-01,2.803492e-03,6.994714e-04,6.823338e-01,1.936147e-03
6.735273e-03,1.408888e-03,4.360736e-03,2.850604e-03,2.888363e-03,4.641439e-02,2.521616e-04,1.801031e-02,2.925683e-02,1.383283e-03,2.378595e-01,2.280674e-03,6.883984e-04,6.440221e-01,1.588516e-03
4.927184e-03,2.957656e-03,3.741660e-03,2.817432e-03,5.156988e-03,6.891370e-02,3.648211e-04,1.358504e-02,4.594467e-02,3.693946e-03,2.430952e-01,2.504814e-03,1.993745e-03,5.988288e-01,1.474440e-03
3.945368e-03,7.666561e-03,3.958479e-03,3.378211e-03,9.750787e-03,1.453494e-01,4.169377e-04,1.231562e-02,7.461927e-02,5.698138e-03,2.219162e-01,2.316367e-03,1.811570e-03,5.056272e-01,1.229963e-03
3.223916e-03,9.193879e-03,6.731566e-03,3.649101e-03,1.044440e-02,2.892705e-01,3.494948e-04,1.285453e-02,1.116248e-01,5.960176e-03,1.662835e-01,1.879143e-03,1.570107e-03,3.757704e-01,1.194484e-03
3.021819e-03,8.346747e-03,5.677186e-03,3.423949e-03,1.178643e-02,4.136854e-01,3.566869e-04,9.482598e-03,1.344139e-01,5.578559e-03,1.204361e-01,1.453429e-03,1.242635e-03,2.798436e-01,1.251093e-03
5.617325e-03,7.429266e-03,4.208168e-03,1.033657e-02,1.145758e-02,4.848882e-01,2.834158e-04,8.107560e-03,1.596370e-01,7.854656e-03,8.702237e-02,1.355780e-03,1.558782e-03,2.074849e-01,2.758527e-03
6.618596e-03,5.776414e-03,3.108122e-03,1.048066e-02,1.190987e-02,5.981598e-01,2.805679e-04,7.184741e-03,1.347146e-01,6.239949e-03,6.176245e-02,1.022834e-03,1.207956e-03,1.487397e-01,2.793680e-03
1.579941e-02,4.609040e-03,4.804469e-03,2.060333e-02,1.866929e-02,6.213151e-01,3.375118e-04,3.027494e-02,1.229581e-01,5.597312e-03,4.504177e-02,7.999174e-04,9.338835e-04,1.053039e-01,2.952030e-03
4.276652e-02,4.350053e-03,4.988477e-03,2.254612e-02,1.888202e-02,6.550891e-01,3.867546e-04,2.233868e-02,9.813505e-02,4.835346e-03,3.487139e-02,1.086433e-03,1.038754e-03,8.085980e-02,7.825492e-03
7.190999e-02,4.033152e-03,4.729999e-03,2.775107e-02,2.104983e-02,6.605484e-01,5.628212e-04,2.106664e-02,8.024762e-02,4.200387e-03,3.011635e-02,1.587751e-03,1.546477e-03,6.298766e-02,7.661912e-03
8.420489e-02,4.506078e-03,4.101866e-03,2.644894e-02,1.891806e-02,6.864509e-01,4.734273e-04,1.627679e-02,6.510823e-02,3.310121e-03,2.490988e-02,2.132407e-03,1.665878e-03,5.316089e-02,8.331681e-03
9.084658e-02,4.212420e-03,4.715937e-03,2.521677e-02,1.584959e-02,7.119416e-01,4.242624e-04,1.516498e-02,5.149479e-02,2.609869e-03,1.940938e-02,2.553081e-03,1.854576e-03,4.346002e-02,1.024623e-02
9.332851e-02,4.122021e-03,4.518449e-03,2.035578e-02,1.167344e-02,7.394682e-01,4.014918e-04,1.235128e-02,4.429732e-02,2.017631e-03,1.520937e-02,3.099910e-03,1.808042e-03,3.670585e-02,1.064281e-02
1.543367e-01,5.894703e-03,6.690194e-03,3.944355e-02,1.200874e-02,6.518077e-01,6.205649e-04,1.389524e-02,4.934919e-02,1.761076e-03,1.357759e-02,5.247940e-03,2.544208e-03,2.972282e-02,1.309993e-02
2.185574e-01,5.548370e-03,7.647540e-03,4.579444e-02,1.198203e-02,5.467777e-01,1.716146e-03,4.465938e-02,5.030973e-02,1.597175e-03,1.420667e-02,9.432022e-03,4.052345e-03,2.666631e-02,1.105289e-02
2.086370e-01,8.539001e-03,9.652378e-03,1.218817e-01,1.179006e-02,3.862008e-01,1.773590e-03,4.680632e-02,5.979869e-02,2.210536e-03,2.014003e-02,4.179791e-02,4.812218e-02,2.118892e-02,1.146091e-02
2.528628e-01,9.611100e-03,3.432983e-02,1.380851e-01,1.093569e-02,2.761810e-01,1.874050e-03,3.859596e-02,5.467277e-02,5.566873e-03,2.516665e-02,4.947573e-02,6.617442e-02,1.703287e-02,1.943517e-02
2.299715e-01,1.002892e-02,3.945373e-02,1.809721e-01,9.897906e-03,2.171741e-01,2.080777e-03,3.354950e-02,5.724368e-02,8.323314e-03,2.747110e-02,4.023856e-02,1.042888e-01,1.457661e-02,2.472935e-02
2.671121e-01,1.178489e-02,3.756900e-02,1.791521e-01,1.425959e-02,1.691645e-01,2.842137e-03,2.801502e-02,6.467910e-02,1.103392e-02,2.343737e-02,3.795124e-02,1.185311e-01,1.120678e-02,2.326128e-02
2.983807e-01,1.058964e-02,3.109135e-02,1.402401e-01,1.341124e-02,1.870707e-01,3.196576e-03,2.250527e-02,5.100503e-02,8.356780e-03,1.882228e-02,2.833135e-02,1.600150e-01,8.258768e-03,1.872522e-02
3.013187e-01,1.029740e-02,2.876539e-02,1.419963e-01,1.097177e-02,1.422265e-01,3.654023e-03,2.033499e-02,8.810061e-02,7.476345e-03,1.472333e-02,2.472287e-02,1.824873e-01,6.334757e-03,1.658978e-02
2.905697e-01,8.354878e-03,2.297719e-02,1.030030e-01,7.900434e-03,1.764849e-01,3.477650e-03,1.551185e-02,6.810571e-02,5.311193e-03,1.132831e-02,2.554035e-02,2.440573e-01,4.649425e-03,1.272814e-02
2.486208e-01,1.033830e-02,1.645841e-02,7.474601e-02,5.847103e-03,1.838316e-01,3.399644e-03,1.130593e-02,5.845030e-02,3.931430e-03,9.990543e-03,4.700273e-02,3.116531e-01,3.735950e-03,1.068821e-02
2.345338e-01,9.656801e-03,1.214802e-02,5.386624e-02,4.546082e-03,1.450201e-01,2.944103e-03,8.620785e-03,4.753094e-02,2.933545e-03,8.554802e-03,4.338342e-02,4.125094e-01,3.178916e-03,1.057312e-02
1.914844e-01,7.732022e-03,8.706232e-03,3.842127e-02,3.961894e-03,1.081275e-01,2.491671e-03,6.332998e-03,3.725344e-02,2.166006e-03,6.537173e-03,4.334147e-02,5.323953e-01,2.353689e-03,8.695001e-03
1.412942e-01,5.546770e-03,6.219150e-03,2.699166e-02,3.573683e-03,7.856522e-02,1.990013e-03,4.588175e-03,2.692805e-02,1.596830e-03,4.828237e-03,4.211772e-02,6.466346e-01,1.733938e-03,7.391780e-03
1.187722e-01,4.508154e-03,4.930532e-03,1.916680e-02,1.181945e-02,6.271262e-02,3.019149e-03,3.710499e-03,1.994823e-02,1.311841e-03,3.864778e-03,3.813501e-02,7.008712e-01,1.338036e-03,5.891471e-03
8.957544e-02,3.625386e-03,4.145226e-03,1.388563e-02,1.267075e-02,6.308053e-02,2.846048e-03,3.070873e-03,1.641629e-02,1.905128e-03,6.718501e-03,4.823590e-02,7.275745e-01,1.353983e-03,4.895780e-03
6.582020e-02,2.691721e-03,3.232195e-03,9.952146e-03,1.150458e-02,6.538896e-02,2.371199e-03,2.349746e-03,1.233015e-02,1.636069e-03,5.898303e-03,5.070289e-02,7.614651e-01,1.030290e-03,3.626457e-03
4.900435e-02,2.063366e-03,2.616616e-03,7.284392e-03,9.825739e-03,6.242388e-02,2.284592e-03,2.880624e-03,9.584930e-03,1.566246e-03,6.552111e-03,5.407995e-02,7.858495e-01,8.594091e-04,3.124372e-03
3.849976e-02,1.681729e-03,1.104378e-02,7.249853e-03,1.138420e-02,5.440918e-02,2.572274e-03,3.618905e-02,1.271081e-02,1.744350e-03,1.058871e-02,4.649463e-02,7.618346e-01,7.396598e-04,2.857362e-03
7.246892e-02,2.326263e-03,1.191811e-02,1.687863e-02,3.117927e-02,6.292973e-02,4.844378e-03,3.198386e-02,6.619705e-02,2.079810e-03,1.195825e-02,3.719194e-02,6.440975e-01,6.397333e-04,3.306525e-03
7.280570e-02,2.270771e-03,1.034710e-02,1.783276e-02,4.453825e-02,5.359682e-02,5.401803e-03,2.514619e-02,6.496872e-02,1.752218e-03,1.061877e-02,2.861734e-02,6.584404e-01,5.150043e-04,3.148094e-03
6.444266e-02,2.021587e-03,7.920342e-03,1.520223e-02,3.437925e-02,4.020037e-02,4.648575e-03,1.826377e-02,4.831831e-02,1.448993e-03,8.097648e-03,2.342591e-02,7.281010e-01,4.206086e-04,3.108734e-03
5.869418e-02,2.075830e-03,5.869264e-03,1.461916e-02,2.789906e-02,3.247050e-02,4.742907e-03,1.323479e-02,3.706269e-02,1.229236e-03,6.239348e-03,2.557938e-02,7.660270e-01,3.416707e-04,3.914999e-03
7.651383e-02,1.851338e-03,4.426454e-03,1.281777e-02,4.327511e-02,2.837375e-02,6.167525e-03,3.290985e-02,2.771511e-02,9.288346e-04,5.362818e-03,2.020673e-02,7.359020e-01,3.456359e-04,3.203340e-03
6.361995e-02,1.423047e-03,3.288077e-03,9.314324e-03,9.019108e-02,2.090188e-02,5.733474e-03,2.426040e-01,1.995980e-02,6.557805e-04,4.046431e-03,1.435267e-02,5.213804e-01,2.564430e-04,2.272747e-03
6.634416e-02,1.096123e-03,2.563564e-03,6.758304e-03,1.709664e-01,1.726513e-02,4.154265e-02,2.885638e-01,1.427877e-02,5.132718e-04,3.408400e-03,1.030695e-02,3.741232e-01,1.989618e-04,2.070334e-03
5.678080e-02,8.071527e-04,1.899915e-03,4.840113e-03,1.541633e-01,1.545483e-02,2.336830e-01,2.407852e-01,1.009287e-02,4.311957e-04,2.586156e-03,7.379152e-03,2.692007e-01,1.458854e-04,1.749862e-03
5.317443e-02,6.540977e-04,1.402158e-03,3.826377e-03,1.883745e-01,1.381266e-02,3.383013e-01,1.814047e-01,7.362483e-03,4.372808e-04,2.416393e-03,5.534502e-03,2.004759e-01,1.322091e-04,2.691072e-03
5.002875e-02,7.612935e-04,1.052363e-03,3.997054e-03,1.595296e-01,1.564115e-02,4.765827e-01,1.292745e-01,5.733802e-03,6.136977e-04,2.802286e-03,5.561638e-03,1.444502e-01,2.331988e-04,3.737769e-03
6.117513e-02,8.005180e-04,8.050231e-04,5.002197e-03,1.379183e-01,4.159671e-02,5.411883e-01,9.106715e-02,4.977679e-03,7.005150e-04,2.655049e-03,5.959239e-03,1.024026e-01,2.606878e-04,3.490967e-03
6.293042e-02,6.984842e-04,5.927983e-04,4.345202e-03,1.152504e-01,9.734621e-02,5.661561e-01,6.402345e-02,3.794551e-03,6.453149e-04,2.585300e-03,5.840191e-03,7.229884e-02,2.747918e-04,3.217915e-03
6.102492e-02,8.683904e-04,4.935465e-04,3.778788e-03,1.045167e-01,2.042491e-01,5.138627e-01,4.514403e-02,2.880962e-03,1.050551e-03,2.873113e-03,5.194950e-03,5.101968e-02,4.578630e-04,2.584770e-03
4.730991e-02,7.386262e-04,4.382636e-04,2.886566e-03,9.103460e-02,3.585719e-01,4.150417e-01,3.176188e-02,2.090556e-03,1.457727e-03,5.639265e-03,4.631043e-03,3.587357e-02,5.468733e-04,1.977541e-03
4.315744e-02,7.072532e-04,4.179819e-04,2.335054e-03,6.918237e-02,5.158963e-01,3.008136e-01,2.249854e-02,1.611511e-03,1.969523e-03,9.124160e-03,4.883400e-03,2.530265e-02,5.608997e-04,1.539387e-03
8.928064e-02,9.771441e-04,6.667909e-04,2.600180e-03,5.192656e-02,5.497720e-01,2.249083e-01,1.652313e-02,1.520727e-03,2.784111e-03,2.824765e-02,9.721895e-03,1.828261e-02,1.023987e-03,1.764257e-03
1.612167e-01,1.520530e-03,1.103092e-03,3.301996e-03,4.051849e-02,5.320805e-01,1.766648e-01,1.240820e-02,1.615736e-03,2.607882e-03,3.559582e-02,1.434569e-02,1.340147e-02,1.660110e-03,1.958980e-03
2.694578e-01,2.615943e-03,2.973850e-03,4.044544e-03,3.287534e-02,4.570153e-01,1.399206e-01,9.949956e-03,1.680951e-03,2.724225e-03,3.921568e-02,1.905104e-02,1.073607e-02,4.151211e-03,3.587409e-03
2.961568e-01,6.903580e-03,7.743457e-03,6.150332e-03,2.771908e-02,4.040185e-01,1.002235e-01,8.216135e-03,2.513852e-03,3.907050e-03,6.850250e-02,4.134428e-02,9.290280e-03,9.658867e-03,7.651784e-03
2.111168e-01,6.400788e-03,8.266348e-03,4.970760e-03,2.092698e-02,3.892152e-01,7.048272e-02,6.314478e-03,2.952145e-03,3.352009e-03,8.518757e-02,1.678161e-01,7.472950e-03,8.566580e-03,6.958623e-03
1.493472e-01,4.678158e-03,6.946778e-03,4.420413e-03,1.663663e-02,2.852988e-01,4.984829e-02,4.750860e-03,7.964027e-03,4.267669e-03,9.627192e-02,3.513441e-01,5.999913e-03,6.696563e-03,5.528605e-03
1.051936e-01,3.445516e-03,5.285712e-03,3.638558e-03,1.275312e-02,2.045795e-01,3.532618e-02,3.587329e-03,1.455080e-02,3.683600e-03,1.178271e-01,4.755813e-01,5.382296e-03,5.128600e-03,4.036705e-03
7.547213e-02,4.497274e-03,6.686960e-03,2.732701e-03,1.086512e-02,1.499227e-01,2.509553e-02,3.070241e-03,3.666802e-02,5.937334e-03,1.017012e-01,5.636185e-01,5.335900e-03,4.679207e-03,3.717183e-03
5.673480e-02,9.634655e-03,9.423316e-03,2.123456e-03,9.985587e-03,1.115598e-01,1.805392e-02,3.252345e-03,5.231611e-02,1.566055e-02,1.067261e-01,5.870231e-01,6.893853e-03,5.580084e-03,5.032432e-03
4.923518e-02,1.892146e-02,9.041861e-03,1.870277e-03,9.626202e-03,8.148907e-02,1.299245e-02,4.688658e-03,9.741960e-02,2.447051e-02,1.135274e-01,5.555876e-01,9.494703e-03,6.236947e-03,5.398102e-03
3.907546e-02,4.497736e-02,1.511873e-02,4.021614e-03,2.260609e-02,6.108506e-02,9.599612e-03,1.137416e-02,2.469712e-01,2.229613e-02,9.301570e-02,4.121224e-01,8.190544e-03,4.958528e-03,4.587520e-03
3.124796e-02,5.098505e-02,1.105831e-02,4.459786e-03,2.237027e-02,4.504936e-02,6.929772e-03,8.551959e-03,4.239585e-01,1.753624e-02,6.941133e-02,2.938051e-01,6.777724e-03,3.924869e-03,3.933772e-03
3.391639e-02,4.945458e-02,9.567314e-03,5.560497e-03,3.671326e-02,3.683307e-02,6.035642e-03,8.652587e-03,5.116125e-01,1.844046e-02,5.593505e-02,2.138240e-01,5.902553e-03,3.600177e-03,3.951983e-03
2.987616e-02,6.029251e-02,8.295543e-03,6.052343e-03,4.869419e-02,3.025228e-02,5.717870e-03,9.594245e-03,5.531223e-01,1.770094e-02,6.076197e-02,1.569099e-01,5.196912e-03,3.756993e-03,3.775923e-03
2.346421e-02,7.259914e-02,6.785463e-03,5.162993e-03,4.565770e-02,2.446132e-02,5.086052e-03,1.414727e-02,5.868590e-01,3.344126e-02,6.039305e-02,1.115425e-01,4.332507e-03,3.291913e-03,2.775621e-03
2.479191e-02,1.326805e-01,5.616765e-03,4.841980e-03,4.957264e-02,1.951940e-02,4.828692e-03,2.365978e-02,5.280126e-01,6.861420e-02,4.968251e-02,7.884738e-02,3.717109e-03,3.480736e-03,2.133726e-03
3.657930e-02,1.178293e-01,6.815852e-03,7.898177e-03,8.818172e-02,1.785731e-02,1.028260e-02,5.536886e-02,4.772678e-01,7.395755e-02,4.136437e-02,5.709438e-02,3.740822e-03,3.865125e-03,1.896836e-03
4.980242e-02,1.267774e-01,7.164840e-03,1.013975e-02,8.809569e-02,1.902571e-02,1.433554e-02,5.824839e-02,3.761888e-01,1.635799e-01,3.357466e-02,4.232679e-02,4.361064e-03,4.176690e-03,2.202420e-03
6.828415e-02,1.282954e-01,1.103095e-02,1.810153e-02,7.475313e-02,2.972004e-02,3.997600e-02,5.681518e-02,2.962121e-01,1.856771e-01,3.064154e-02,4.480371e-02,8.359333e-03,4.098600e-03,3.231245e-03
6.330955e-02,9.435812e-02,1.252789e-02,1.648705e-02,5.745598e-02,7.688966e-02,9.470744e-02,5.299246e-02,2.171668e-01,1.341372e-01,2.560065e-02,5.629309e-02,9.125852e-02,3.164718e-03,3.650873e-03
4.626498e-02,6.631724e-02,9.565900e-03,1.231013e-02,4.288650e-02,5.461764e-02,3.218589e-01,7.132033e-02,1.532747e-01,9.399572e-02,1.797529e-02,3.958568e-02,6.518101e-02,2.237965e-03,2.608028e-03
3.305092e-02,4.648234e-02,6.926066e-03,8.924320e-03,3.117590e-02,3.836941e-02,4.903683e-01,8.171000e-02,1.075497e-01,6.583505e-02,1.259963e-02,2.775279e-02,4.583818e-02,1.577306e-03,1.840157e-03
2.347782e-02,3.255145e-02,4.929791e-03,6.324564e-03,2.266297e-02,2.698199e-02,6.333485e-01,6.497697e-02,7.535703e-02,4.612778e-02,8.830592e-03,1.947983e-02,3.253750e-02,1.110764e-03,1.302487e-03
1.728609e-02,2.282699e-02,3.763935e-03,4.617074e-03,1.668394e-02,1.920056e-02,7.306244e-01,5.415678e-02,5.315884e-02,3.232139e-02,6.194635e-03,1.377430e-02,2.366894e-02,7.876054e-04,9.344541e-04
1.388226e-02,1.599832e-02,3.143778e-03,3.475447e-03,1.277658e-02,1.399754e-02,7.974356e-01,4.575298e-02,3.747550e-02,2.265600e-02,4.357431e-03,9.733189e-03,1.804845e-02,5.612252e-04,7.056753e-04
1.449141e-02,1.122357e-02,2.454772e-03,2.545249e-03,9.874375e-03,1.023038e-02,8.409511e-01,4.099485e-02,2.671748e-02,1.594643e-02,3.110142e-03,6.993898e-03,1.345090e-02,4.508591e-04,5.646709e-04
1.982055e-02,7.926557e-03,2.055383e-03,1.944372e-03,7.687583e-03,7.635341e-03,8.656409e-01,3.776557e-02,1.915286e-02,1.129293e-02,2.265636e-03,5.242530e-03,1.060709e-02,4.180387e-04,5.447267e-04
2.413060e-02,5.625101e-03,1.886410e-03,1.533155e-03,5.733679e-03,5.996105e-03,8.880471e-01,3.033855e-02,1.356862e-02,7.951437e-03,1.688615e-03,4.027573e-03,8.619543e-03,3.387306e-04,5.148750e-04
3.185865e-02,4.056510e-03,1.895136e-03,1.361119e-03,4.507796e-03,5.065530e-03,8.948981e-01,2.791704e-02,9.861471e-03,5.613888e-03,1.276152e-03,3.182729e-03,7.714269e-03,2.717652e-04,5.199299e-04
5.402220e-02,3.033481e-03,1.950882e-03,1.224490e-03,4.097816e-03,5.832128e-03,8.760086e-01,2.954868e-02,7.370537e-03,4.011278e-03,1.043041e-03,2.700660e-03,8.273991e-03,2.383115e-04,6.438639e-04
1.245722e-01,2.691911e-03,2.441643e-03,1.485770e-03,3.957865e-03,7.503140e-03,8.006753e-01,3.141471e-02,5.556072e-03,2.946599e-03,1.139512e-03,3.846829e-03,9.524544e-03,3.841906e-04,1.859624e-03
1.185618e-01,2.088955e-03,2.496942e-03,1.329216e-03,3.341198e-03,8.262000e-03,8.122713e-01,2.957238e-02,4.041742e-03,2.125798e-03,9.657118e-04,4.388981e-03,8.014308e-03,3.614805e-04,2.178151e-03
1.914891e-01,2.010856e-03,2.590835e-03,1.727707e-03,3.291180e-03,1.522250e-02,7.250148e-01,3.507273e-02,3.388630e-03,1.693356e-03,9.579309e-04,5.359779e-03,8.955294e-03,3.750826e-04,2.850165e-03
2.700505e-01,2.385078e-03,2.505536e-03,2.449141e-03,3.348652e-03,2.117958e-02,6.346075e-01,3.611638e-02,2.900471e-03,1.360726e-03,1.163996e-03,7.590448e-03,9.817796e-03,4.643643e-04,4.059858e-03
2.978108e-01,3.239235e-03,3.871610e-03,4.243733e-03,3.782585e-03,2.313981e-02,5.909995e-01,4.197214e-02,2.523918e-03,1.154832e-03,1.524627e-03,1.042180e-02,9.561438e-03,6.477418e-04,5.106292e-03
3.159072e-01,3.068798e-03,3.791306e-03,4.124402e-03,4.242096e-03,2.730562e-02,5.653259e-01,4.538527e-02,2.053430e-03,1.024735e-03,1.481362e-03,1.053238e-02,9.362287e-03,7.595932e-04,5.635653e-03
3.487284e-01,2.734371e-03,4.376562e-03,3.996682e-03,4.615477e-03,3.116747e-02,5.185950e-01,5.345894e-02,1.740715e-03,9.353756e-04,1.358361e-03,1.110242e-02,1.061615e-02,7.993940e-04,5.774594e-03
3.738723e-01,2.448670e-03,4.345903e-03,3.754409e-03,5.129614e-03,2.981557e-02,4.657047e-01,8.258304e-02,1.440220e-03,9.177802e-04,1.200685e-03,1.057696e-02,1.136471e-02,8.032061e-04,6.042189e-03
4.059188e-01,2.284235e-03,4.374909e-03,3.808962e-03,5.610500e-03,2.926529e-02,4.066753e-01,1.098288e-01,1.234617e-03,9.050783e-04,1.065668e-03,1.041889e-02,1.207510e-02,7.467165e-04,5.787025e-03
4.494547e-01,2.364802e-03,4.377031e-03,5.934520e-03,9.256985e-03,3.419193e-02,2.990786e-01,1.529693e-01,1.739971e-03,1.300538e-03,1.916289e-03,1.491257e-02,1.485270e-02,8.871258e-04,6.762920e-03
4.827465e-01,2.701749e-03,4.542083e-03,7.847053e-03,9.398553e-03,3.861673e-02,2.248248e-01,1.687776e-01,1.627555e-03,1.319127e-03,1.901208e-03,2.564731e-02,2.171116e-02,9.520986e-04,7.386447e-03
4.685476e-01,3.248551e-03,4.322436e-03,1.040260e-02,1.043076e-02,4.650825e-02,1.705394e-01,1.951490e-01,1.821326e-03,1.227502e-03,2.075364e-03,3.997006e-02,3.697899e-02,1.023133e-03,7.755068e-03
4.062417e-01,4.011607e-03,5.091320e-03,1.767042e-02,1.135261e-02,4.894266e-02,1.281057e-01,2.524332e-01,1.841065e-03,1.097865e-03,2.719951e-03,5.829956e-02,5.268303e-02,1.098461e-03,8.410780e-03
3.575169e-01,4.782311e-03,5.536839e-03,2.562996e-02,1.264829e-02,5.555819e-02,9.458289e-02,2.732769e-01,1.968083e-03,9.920715e-04,3.608812e-03,8.210005e-02,7.128458e-02,1.269794e-03,9.244423e-03
3.681079e-01,4.715004e-03,6.418648e-03,3.033786e-02,1.401060e-02,5.787838e-02,6.929313e-02,2.488605e-01,2.559012e-03,9.240374e-04,3.734988e-03,1.040564e-01,7.909539e-02,1.201495e-03,8.806694e-03
3.720187e-01,4.586858e-03,6.299449e-03,3.035818e-02,1.337771e-02,5.878098e-02,5.864122e-02,2.343460e-01,2.547974e-03,8.681880e-04,3.939058e-03,1.234285e-01,7.949371e-02,1.136913e-03,1.017660e-02
3.825494e-01,4.211084e-03,5.511541e-03,2.698297e-02,1.150655e-02,5.072486e-02,5.319556e-02,2.445743e-01,2.434405e-03,7.891232e-04,3.598492e-03,1.274891e-01,7.499221e-02,1.080702e-03,1.035966e-02
4.435327e-01,4.325726e-03,8.574678e-03,2.272465e-02,9.072230e-03,4.292476e-02,7.978969e-02,1.917522e-01,2.335066e-03,1.420896e-03,3.607122e-03,1.100698e-01,6.583686e-02,1.195691e-03,1.283794e-02
1.000000e+00,0.000000e+00,0.000000e+00,0.000000e+00,0.000000e+00,0.000000e+00,0.000000e+00,0.000000e+00,0.000000e+00,0.000000e+00,0.000000e+00,0.000000e+00,0.000000e+00,0.000000e+00,0.000000e+00
4.838440e-01,4.094593e-03,1.105349e-02,1.841099e-02,7.101367e-03,3.711254e-02,1.630560e-01,1.125768e-01,2.183018e-03,2.246122e-03,6.578764e-03,8.711412e-02,5.040490e-02,1.644845e-03,1.257843e-02
4.645216e-01,4.129997e-03,8.638465e-03,2.258693e-02,6.263894e-03,3.551086e-02,1.784602e-01,8.146899e-02,4.524097e-03,2.835716e-03,2.291575e-02,1.050115e-01,4.801042e-02,2.692433e-03,1.242909e-02
4.688715e-01,4.141517e-03,6.618180e-03,2.256640e-02,5.931900e-03,3.242623e-02,1.633335e-01,6.559810e-02,9.368083e-03,2.469666e-03,3.447057e-02,1.160410e-01,5.270023e-02,2.936460e-03,1.252669e-02
4.477543e-01,6.983432e-03,6.025686e-03,2.897659e-02,9.793092e-03,2.902244e-02,1.301021e-01,5.312810e-02,2.573061e-02,2.235590e-03,4.005688e-02,1.384898e-01,6.234410e-02,2.976930e-03,1.638037e-02
4.558471e-01,8.141454e-03,5.487710e-03,3.809349e-02,1.652556e-02,2.736112e-02,9.344365e-02,4.414023e-02,2.945608e-02,1.988675e-03,3.846376e-02,1.481445e-01,7.044356e-02,3.254634e-03,1.920844e-02
4.450927e-01,1.031384e-02,8.055199e-03,7.623086e-02,2.473992e-02,2.426509e-02,6.658335e-02,4.318342e-02,5.938493e-02,1.814536e-03,3.302785e-02,1.259074e-01,5.901740e-02,2.728157e-03,1.965538e-02
4.047023e-01,1.049704e-02,4.234063e-02,1.181422e-01,2.947767e-02,2.146054e-02,4.795318e-02,5.915689e-02,7.120278e-02,1.742541e-03,2.790469e-02,9.816936e-02,4.598517e-02,2.376263e-03,1.888869e-02
4.298776e-01,1.407014e-02,4.881321e-02,1.357577e-01,3.148988e-02,2.051807e-02,3.519865e-02,5.482606e-02,6.255852e-02,1.901526e-03,2.522752e-02,8.214250e-02,3.632682e-02,2.485630e-03,1.880617e-02
3.945756e-01,2.015600e-02,4.591316e-02,2.020454e-01,4.764167e-02,2.271003e-02,2.677725e-02,4.847112e-02,5.318414e-02,1.995167e-03,2.217839e-02,6.512886e-02,2.939860e-02,2.402571e-03,1.742200e-02
3.968568e-01,3.271750e-02,3.797068e-02,2.044523e-01,6.766334e-02,2.439412e-02,2.035710e-02,4.306923e-02,4.381326e-02,2.249189e-03,2.023971e-02,5.593766e-02,2.600493e-02,3.161094e-03,2.111304e-02
3.497034e-01,3.784587e-02,3.379922e-02,2.801334e-01,5.846640e-02,2.065208e-02,1.525751e-02,4.922293e-02,3.542276e-02,2.544521e-03,1.768664e-02,5.193587e-02,2.361772e-02,3.347145e-03,2.036453e-02
3.998556e-01,3.694116e-02,3.170333e-02,2.287465e-01,6.324211e-02,1.991946e-02,1.241987e-02,6.095982e-02,3.191626e-02,2.518099e-03,1.580374e-02,4.903311e-02,2.151907e-02,4.193361e-03,2.122841e-02
4.219907e-01,3.207146e-02,2.457538e-02,2.125803e-01,6.153890e-02,2.051735e-02,9.969493e-03,7.719269e-02,2.546287e-02,2.274987e-03,1.615319e-02,5.050099e-02,2.298667e-02,4.389989e-03,1.779505e-02
4.642593e-01,2.888868e-02,1.955621e-02,1.692416e-01,4.853497e-02,2.464801e-02,9.279699e-03,8.815879e-02,2.011105e-02,2.411502e-03,1.553009e-02,5.563623e-02,3.105899e-02,4.762552e-03,1.792236e-02
4.384165e-01,2.308957e-02,1.544734e-02,1.284752e-01,3.894024e-02,2.333970e-02,9.048196e-03,1.976443e-01,1.598624e-02,2.113394e-03,1.250028e-02,4.743107e-02,2.886623e-02,3.933818e-03,1.476781e-02
3.196106e-01,1.629359e-02,1.118937e-02,9.132005e-02,3.163553e-02,1.706676e-02,6.894114e-03,4.168109e-01,1.130180e-02,1.491229e-03,8.966964e-03,3.368385e-02,2.053601e-02,2.790607e-03,1.040865e-02
2.849292e-01,1.166310e-02,8.259542e-03,6.461883e-02,2.428246e-02,1.591963e-02,5.664184e-03,5.196775e-01,8.179408e-03,1.110377e-03,6.597628e-03,2.455336e-02,1.506566e-02,2.018406e-03,7.460693e-03
3.389969e-01,9.076603e-03,6.453626e-03,4.669659e-02,2.264711e-02,1.893764e-02,6.614964e-03,4.962891e-01,6.308357e-03,9.679737e-04,5.343719e-03,2.006517e-02,1.384833e-02,1.593032e-03,6.160934e-03
4.273566e-01,7.237825e-03,4.940528e-03,3.503213e-02,2.037253e-02,1.832044e-02,5.314877e-03,4.228355e-01,5.543648e-03,1.186616e-03,6.855083e-03,2.320934e-02,1.560627e-02,1.333953e-03,4.854702e-03
1.000000e+00,0.000000e+00,0.000000e+00,0.000000e+00,0.000000e+00,0.000000e+00,0.000000e+00,0.000000e+00,0.000000e+00,0.000000e+00,0.000000e+00,0.000000e+00,0.000000e+00,0.000000e+00,0.000000e+00
4.926568e-01,4.612443e-03,3.204095e-03,2.109700e-02,1.291719e-02,2.868564e-02,8.251624e-03,2.463863e-01,5.311051e-03,1.507689e-03,1.072973e-02,6.126244e-02,9.254415e-02,2.964741e-03,7.868989e-03
1.000000e+00,0.000000e+00,0.000000e+00,0.000000e+00,0.000000e+00,0.000000e+00,0.000000e+00,0.000000e+00,0.000000e+00,0.000000e+00,0.000000e+00,0.000000e+00,0.000000e+00,0.000000e+00,0.000000e+00
1.000000e+00,0.000000e+00,0.000000e+00,0.000000e+00,0.000000e+00,0.000000e+00,0.000000e+00,0.000000e+00,0.000000e+00,0.000000e+00,0.000000e+00,0.000000e+00,0.000000e+00,0.000000e+00,0.000000e+00
1.000000e+00,0.000000e+00,0.000000e+00,0.000000e+00,0.000000e+00,0.000000e+00,0.000000e+00,0.000000e+00,0.000000e+00,0.000000e+00,0.000000e+00,0.000000e+00,0.000000e+00,0.000000e+00,0.000000e+00
4.773907e-01,2.525592e-03,2.632722e-03,7.443451e-03,6.342681e-03,5.574618e-02,4.925074e-03,6.522446e-02,9.440217e-03,2.910282e-03,2.447111e-02,2.506640e-01,8.219296e-02,3.765697e-03,4.324876e-03
3.715968e-01,2.269357e-03,3.844613e-03,5.883556e-03,5.093736e-03,6.566358e-02,5.112634e-03,4.744010e-02,9.357705e-03,5.456088e-03,2.767044e-02,3.651140e-01,7.862336e-02,3.471570e-03,3.402475e-03
2.638399e-01,3.222358e-03,2.843765e-03,4.209355e-03,4.686455e-03,4.855186e-02,3.824194e-03,3.348840e-02,3.344430e-02,5.634415e-03,3.446083e-02,4.888022e-01,6.772423e-02,2.830620e-03,2.437137e-03
1.889223e-01,3.328755e-03,2.154229e-03,3.109533e-03,6.454647e-03,3.527999e-02,2.919572e-03,2.471970e-02,4.716207e-02,7.368992e-03,3.380099e-02,5.848372e-01,5.577171e-02,2.425717e-03,1.744655e-03
1.355164e-01,4.930310e-03,1.911195e-03,2.359708e-03,9.868768e-03,2.524770e-02,2.085476e-03,1.892760e-02,5.308525e-02,8.121564e-03,4.513982e-02,6.474092e-01,4.208492e-02,2.071656e-03,1.240537e-03
9.630962e-02,4.783066e-03,1.514914e-03,1.758796e-03,1.385208e-02,1.792454e-02,1.493824e-03,1.424971e-02,5.957783e-02,8.006519e-03,4.703274e-02,6.984724e-01,3.236109e-02,1.782109e-03,8.807381e-04
6.939153e-02,4.018558e-03,1.162138e-03,1.439234e-03,1.295964e-02,1.270972e-02,1.069483e-03,1.105012e-02,5.183825e-02,6.831491e-03,3.668005e-02,7.655004e-01,2.338189e-02,1.341494e-03,6.259354e-04
4.984322e-02,1.299562e-02,1.184635e-03,1.306200e-03,1.258129e-02,9.370632e-03,7.704332e-04,8.532300e-03,7.933944e-02,5.941362e-03,4.415167e-02,7.533214e-01,1.878165e-02,1.408144e-03,4.720047e-04
3.595041e-02,2.131975e-02,1.826792e-03,1.723328e-03,1.488462e-02,6.765446e-03,5.509182e-04,8.013410e-03,8.861113e-02,6.341064e-03,6.552204e-02,7.311383e-01,1.545423e-02,1.539035e-03,3.594846e-04
2.588785e-02,4.703946e-02,4.121097e-03,5.628696e-03,1.404816e-02,5.013074e-03,4.069904e-04,1.319339e-02,1.870943e-01,5.372602e-03,7.266751e-02,6.048034e-01,1.309384e-02,1.364646e-03,2.650050e-04
2.135785e-02,5.485582e-02,7.115919e-03,9.640688e-03,1.416528e-02,4.016000e-03,3.407375e-04,2.442450e-02,2.532756e-01,5.516306e-03,7.149646e-02,5.212634e-01,1.096003e-02,1.347696e-03,2.236993e-04
