1.000000e+00,0.000000e+00,0.000000e+00,0.000000e+00,0.000000e+00,0.000000e+00,0.000000e+00,0.000000e+00,0.000000e+00,0.000000e+00,0.000000e+00,0.000000e+00,0.000000e+00,0.000000e+00,0.000000e+00
1.000000e+00,0.000000e+00,0.000000e+00,0.000000e+00,0.000000e+00,0.000000e+00,0.000000e+00,0.000000e+00,0.000000e+00,0.000000e+00,0.000000e+00,0.000000e+00,0.000000e+00,0.000000e+00,0.000000e+00
1.000000e+00,0.000000e+00,0.000000e+00,0.000000e+00,0.000000e+00,0.000000e+00,0.000000e+00,0.000000e+00,0.000000e+00,0.000000e+00,0.000000e+00,0.000000e+00,0.000000e+00,0.000000e+00,0.000000e+00
1.000000e+00,0.000000e+00,0.000000e+00,0.000000e+00,0.000000e+00,0.000000e+00,0.000000e+00,0.000000e+00,0.000000e+00,0.000000e+00,0.000000e+00,0.000000e+00,0.000000e+00,0.000000e+00,0.000000e+00
1.000000e+00,0.000000e+00,0.000000e+00,0.000000e+00,0.000000e+00,0.000000e+00,0.000000e+00,0.000000e+00,0.000000e+00,0.000000e+00,0.000000e+00,0.000000e+00,0.000000e+00,0.000000e+00,0.000000e+00
1.000000e+00,0.000000e+00,0.000000e+00,0.000000e+00,0.000000e+00,0.000000e+00,0.000000e+00,0.000000e+00,0.000000e+00,0.000000e+00,0.000000e+00,0.000000e+00,0.000000e+00,0.000000e+00,0.000000e+00
1.000000e+00,0.000000e+00,0.000000e+00,0.000000e+00,0.000000e+00,0.000000e+00,0.000000e+00,0.000000e+00,0.000000e+00,0.000000e+00,0.000000e+00,0.000000e+00,0.000000e+00,0.000000e+00,0.000000e+00
1.000000e+00,0.000000e+00,0.000000e+00,0.000000e+00,0.000000e+00,0.000000e+00,0.000000e+00,0.000000e+00,0.000000e+00,0.000000e+00,0.000000e+00,0.000000e+00,0.000000e+00,0.000000e+00,0.000000e+00
1.000000e+00,0.000000e+00,0.000000e+00,0.000000e+00,0.000000e+00,0.000000e+00,0.000000e+00,0.000000e+00,0.000000e+00,0.000000e+00,0.000000e+00,0.000000e+00,0.000000e+00,0.000000e+00,0.000000e+00
1.000000e+00,0.000000e+00,0.000000e+00,0.000000e+00,0.000000e+00,0.000000e+00,0.000000e+00,0.000000e+00,0.000000e+00,0.000000e+00,0.000000e+00,0.000000e+00,0.000000e+00,0.000000e+00,0.000000e+00
1.000000e+00,0.000000e+00,0.000000e+00,0.000000e+00,0.000000e+00,0.000000e+00,0.000000e+00,0.000000e+00,0.000000e+00,0.000000e+00,0.000000e+00,0.000000e+00,0.000000e+00,0.000000e+00,0.000000e+00
1.000000e+00,0.000000e+00,0.000000e+00,0.000000e+00,0.000000e+00,0.000000e+00,0.000000e+00,0.000000e+00,0.000000e+00,0.000000e+00,0.000000e+00,0.000000e+00,0.000000e+00,0.000000e+00,0.000000e+00
1.000000e+00,0.000000e+00,0.000000e+00,0.000000e+00,0.000000e+00,0.000000e+00,0.000000e+00,0.000000e+00,0.000000e+00,0.000000e+00,0.000000e+00,0.000000e+00,0.000000e+00,0.000000e+00,0.000000e+00
1.000000e+00,0.000000e+00,0.000000e+00,0.000000e+00,0.000000e+00,0.000000e+00,0.000000e+00,0.000000e+00,0.000000e+00,0.000000e+00,0.000000e+00,0.000000e+00,0.000000e+00,0.000000e+00,0.000000e+00
1.000000e+00,0.000000e+00,0.000000e+00,0.000000e+00,0.000000e+00,0.000000e+00,0.000000e+00,0.000000e+00,0.000000e+00,0.000000e+00,0.000000e+00,0.000000e+00,0.000000e+00,0.000000e+00,0.000000e+00
1.000000e+00,0.000000e+00,0.000000e+00,0.000000e+00,0.000000e+00,0.000000e+00,0.000000e+00,0.000000e+00,0.000000e+00,0.000000e+00,0.000000e+00,0.000000e+00,0.000000e+00,0.000000e+00,0.000000e+00
1.000000e+00,0.000000e+00,0.000000e+00,0.000000e+00,0.000000e+00,0.000000e+00,0.000000e+00,0.000000e+00,0.000000e+00,0.000000e+00,0.000000e+00,0.000000e+00,0.000000e+00,0.000000e+00,0.000000e+00
1.000000e+00,0.000000e+00,0.000000e+00,0.000000e+00,0.000000e+00,0.000000e+00,0.000000e+00,0.000000e+00,0.000000e+00,0.000000e+00,0.000000e+00,0.000000e+00,0.000000e+00,0.000000e+00,0.000000e+00
1.000000e+00,0.000000e+00,0.000000e+00,0.000000e+00,0.000000e+00,0.000000e+00,0.000000e+00,0.000000e+00,0.000000e+00,0.000000e+00,0.000000e+00,0.000000e+00,0.000000e+00,0.000000e+00,0.000000e+00
1.000000e+00,0.000000e+00,0.000000e+00,0.000000e+00,0.000000e+00,0.000000e+00,0.000000e+00,0.000000e+00,0.000000e+00,0.000000e+00,0.000000e+00,0.000000e+00,0.000000e+00,0.000000e+00,0.000000e+00
1.000000e+00,0.000000e+00,0.000000e+00,0.000000e+00,0.000000e+00,0.000000e+00,0.000000e+00,0.000000e+00,0.000000e+00,0.000000e+00,0.000000e+00,0.000000e+00,0.000000e+00,0.000000e+00,0.000000e+00
1.000000e+00,0.000000e+00,0.000000e+00,0.000000e+00,0.000000e+00,0.000000e+00,0.000000e+00,0.000000e+00,0.000000e+00,0.000000e+00,0.000000e+00,0.000000e+00,0.000000e+00,0.000000e+00,0.000000e+00
1.000000e+00,0.000000e+00,0.000000e+00,0.000000e+00,0.000000e+00,0.000000e+00,0.000000e+00,0.000000e+00,0.000000e+00,0.000000e+00,0.000000e+00,0.000000e+00,0.000000e+00,0.000000e+00,0.000000e+00
1.000000e+00,0.000000e+00,0.000000e+00,0.000000e+00,0.000000e+00,0.000000e+00,0.000000e+00,0.000000e+00,0.000000e+00,0.000000e+00,0.000000e+00,0.000000e+00,0.000000e+00,0.000000e+00,0.000000e+00
1.000000e+00,0.000000e+00,0.000000e+00,0.000000e+00,0.000000e+00,0.000000e+00,0.000000e+00,0.000000e+00,0.000000e+00,0.000000e+00,0.000000e+00,0.000000e+00,0.000000e+00,0.000000e+00,0.000000e+00
1.000000e+00,0.000000e+00,0.000000e+00,0.000000e+00,0.000000e+00,0.000000e+00,0.000000e+00,0.000000e+00,0.000000e+00,0.000000e+00,0.000000e+00,0.000000e+00,0.000000e+00,0.000000e+00,0.000000e+00
1.000000e+00,0.000000e+00,0.000000e+00,0.000000e+00,0.000000e+00,0.000000e+00,0.000000e+00,0.000000e+00,0.000000e+00,0.000000e+00,0.000000e+00,0.000000e+00,0.000000e+00,0.000000e+00,0.000000e+00
1.000000e+00,0.000000e+00,0.000000e+00,0.000000e+00,0.000000e+00,0.000000e+00,0.000000e+00,0.000000e+00,0.000000e+00,0.000000e+00,0.000000e+00,0.000000e+00,0.000000e+00,0.000000e+00,0.000000e+00
1.000000e+00,0.000000e+00,0.000000e+00,0.000000e+00,0.000000e+00,0.000000e+00,0.000000e+00,0.000000e+00,0.000000e+00,0.000000e+00,0.000000e+00,0.000000e+00,0.000000e+00,0.000000e+00,0.000000e+00
1.000000e+00,0.000000e+00,0.000000e+00,0.000000e+00,0.000000e+00,0.000000e+00,0.000000e+00,0.000000e+00,0.000000e+00,0.000000e+00,0.000000e+00,0.000000e+00,0.000000e+00,0.000000e+00,0.000000e+00
1.000000e+00,0.000000e+00,0.000000e+00,0.000000e+00,0.000000e+00,0.000000e+00,0.000000e+00,0.000000e+00,0.000000e+00,0.000000e+00,0.000000e+00,0.000000e+00,0.000000e+00,0.000000e+00,0.000000e+00
1.000000e+00,0.000000e+00,0.000000e+00,0.000000e+00,0.000000e+00,0.000000e+00,0.000000e+00,0.000000e+00,0.000000e+00,0.000000e+00,0.000000e+00,0.000000e+00,0.000000e+00,0.000000e+00,0.000000e+00
1.000000e+00,0.000000e+00,0.000000e+00,0.000000e+00,0.000000e+00,0.000000e+00,0.000000e+00,0.000000e+00,0.000000e+00,0.000000e+00,0.000000e+00,0.000000e+00,0.000000e+00,0.000000e+00,0.000000e+00
1.000000e+00,0.000000e+00,0.000000e+00,0.000000e+00,0.000000e+00,0.000000e+00,0.000000e+00,0.000000e+00,0.000000e+00,0.000000e+00,0.000000e+00,0.000000e+00,0.000000e+00,0.000000e+00,0.000000e+00
1.000000e+00,0.000000e+00,0.000000e+00,0.000000e+00,0.000000e+00,0.000000e+00,0.000000e+00,0.000000e+00,0.000000e+00,0.000000e+00,0.000000e+00,0.000000e+00,0.000000e+00,0.000000e+00,0.000000e+00
1.000000e+00,0.000000e+00,0.000000e+00,0.000000e+00,0.000000e+00,0.000000e+00,0.000000e+00,0.000000e+00,0.000000e+00,0.000000e+00,0.000000e+00,0.000000e+00,0.000000e+00,0.000000e+00,0.000000e+00
1.000000e+00,0.000000e+00,0.000000e+00,0.000000e+00,0.000000e+00,0.000000e+00,0.000000e+00,0.000000e+00,0.000000e+00,0.000000e+00,0.000000e+00,0.000000e+00,0.000000e+00,0.000000e+00,0.000000e+00
1.000000e+00,0.000000e+00,0.000000e+00,0.000000e+00,0.000000e+00,0.000000e+00,0.000000e+00,0.000000e+00,0.000000e+00,0.000000e+00,0.000000e+00,0.000000e+00,0.000000e+00,0.000000e+00,0.000000e+00
1.000000e+00,0.000000e+00,0.000000e+00,0.000000e+00,0.000000e+00,0.000000e+00,0.000000e+00,0.000000e+00,0.000000e+00,0.000000e+00,0.000000e+00,0.000000e+00,0.000000e+00,0.000000e+00,0.000000e+00
1.000000e+00,0.000000e+00,0.000000e+00,0.000000e+00,0.000000e+00,0.000000e+00,0.000000e+00,0.000000e+00,0.000000e+00,0.000000e+00,0.000000e+00,0.000000e+00,0.000000e+00,0.000000e+00,0.000000e+00
1.000000e+00,0.000000e+00,0.000000e+00,0.000000e+00,0.000000e+00,0.000000e+00,0.000000e+00,0.000000e+00,0.000000e+00,0.000000e+00,0.000000e+00,0.000000e+00,0.000000e+00,0.000000e+00,0.000000e+00
1.000000e+00,0.000000e+00,0.000000e+00,0.000000e+00,0.000000e+00,0.000000e+00,0.000000e+00,0.000000e+00,0.000000e+00,0.000000e+00,0.000000e+00,0.000000e+00,0.000000e+00,0.000000e+00,0.000000e+00
1.000000e+00,0.000000e+00,0.000000e+00,0.000000e+00,0.000000e+00,0.000000e+00,0.000000e+00,0.000000e+00,0.000000e+00,0.000000e+00,0.000000e+00,0.000000e+00,0.000000e+00,0.000000e+00,0.000000e+00
1.000000e+00,0.000000e+00,0.000000e+00,0.000000e+00,0.000000e+00,0.000000e+00,0.000000e+00,0.000000e+00,0.000000e+00,0.000000e+00,0.000000e+00,0.000000e+00,0.000000e+00,0.000000e+00,0.000000e+00
1.000000e+00,0.000000e+00,0.000000e+00,0.000000e+00,0.000000e+00,0.000000e+00,0.000000e+00,0.000000e+00,0.000000e+00,0.000000e+00,0.000000e+00,0.000000e+00,0.000000e+00,0.000000e+00,0.000000e+00
1.000000e+00,0.000000e+00,0.000000e+00,0.000000e+00,0.000000e+00,0.000000e+00,0.000000e+00,0.000000e+00,0.000000e+00,0.000000e+00,0.000000e+00,0.000000e+00,0.000000e+00,0.000000e+00,0.000000e+00
1.000000e+00,0.000000e+00,0.000000e+00,0.000000e+00,0.000000e+00,0.000000e+00,0.000000e+00,0.000000e+00,0.000000e+00,0.000000e+00,0.000000e+00,0.000000e+00,0.000000e+00,0.000000e+00,0.000000e+00
1.000000e+00,0.000000e+00,0.000000e+00,0.000000e+00,0.000000e+00,0.000000e+00,0.000000e+00,0.000000e+00,0.000000e+00,0.000000e+00,0.000000e+00,0.000000e+00,0.000000e+00,0.000000e+00,0.000000e+00
1.000000e+00,0.000000e+00,0.000000e+00,0.000000e+00,0.000000e+00,0.000000e+00,0.000000e+00,0.000000e+00,0.000000e+00,0.000000e+00,0.000000e+00,0.000000e+00,0.000000e+00,0.000000e+00,0.000000e+00
1.000000e+00,0.000000e+00,0.000000e+00,0.000000e+00,0.000000e+00,0.000000e+00,0.000000e+00,0.000000e+00,0.000000e+00,0.000000e+00,0.000000e+00,0.000000e+00,0.000000e+00,0.000000e+00,0.000000e+00
1.000000e+00,0.000000e+00,0.000000e+00,0.000000e+00,0.000000e+00,0.000000e+00,0.000000e+00,0.000000e+00,0.000000e+00,0.000000e+00,0.000000e+00,0.000000e+00,0.000000e+00,0.000000e+00,0.000000e+00
1.000000e+00,0.000000e+00,0.000000e+00,0.000000e+00,0.000000e+00,0.000000e+00,0.000000e+00,0.000000e+00,0.000000e+00,0.000000e+00,0.000000e+00,0.000000e+00,0.000000e+00,0.000000e+00,0.000000e+00
1.000000e+00,0.000000e+00,0.000000e+00,0.000000e+00,0.000000e+00,0.000000e+00,0.000000e+00,0.000000e+00,0.000000e+00,0.000000e+00,0.000000e+00,0.000000e+00,0.000000e+00,0.000000e+00,0.000000e+00
1.000000e+00,0.000000e+00,0.000000e+00,0.000000e+00,0.000000e+00,0.000000e+00,0.000000e+00,0.000000e+00,0.000000e+00,0.000000e+00,0.000000e+00,0.000000e+00,0.000000e+00,0.000000e+00,0.000000e+00
1.000000e+00,0.000000e+00,0.000000e+00,0.000000e+00,0.000000e+00,0.000000e+00,0.000000e+00,0.000000e+00,0.000000e+00,0.000000e+00,0.000000e+00,0.000000e+00,0.000000e+00,0.000000e+00,0.000000e+00
1.000000e+00,0.000000e+00,0.000000e+00,0.000000e+00,0.000000e+00,0.000000e+00,0.000000e+00,0.000000e+00,0.000000e+00,0.000000e+00,0.000000e+00,0.000000e+00,0.000000e+00,0.000000e+00,0.000000e+00
1.000000e+00,0.000000e+00,0.000000e+00,0.000000e+00,0.000000e+00,0.000000e+00,0.000000e+00,0.000000e+00,0.000000e+00,0.000000e+00,0.000000e+00,0.000000e+00,0.000000e+00,0.000000e+00,0.000000e+00
1.000000e+00,0.000000e+00,0.000000e+00,0.000000e+00,0.000000e+00,0.000000e+00,0.000000e+00,0.000000e+00,0.000000e+00,0.000000e+00,0.000000e+00,0.000000e+00,0.000000e+00,0.000000e+00,0.000000e+00
1.000000e+00,0.000000e+00,0.000000e+00,0.000000e+00,0.000000e+00,0.000000e+00,0.000000e+00,0.000000e+00,0.000000e+00,0.000000e+00,0.000000e+00,0.000000e+00,0.000000e+00,0.000000e+00,0.000000e+00
1.000000e+00,0.000000e+00,0.000000e+00,0.000000e+00,0.000000e+00,0.000000e+00,0.000000e+00,0.000000e+00,0.000000e+00,0.000000e+00,0.000000e+00,0.000000e+00,0.000000e+00,0.000000e+00,0.000000e+00
1.000000e+00,0.000000e+00,0.000000e+00,0.000000e+00,0.000000e+00,0.000000e+00,0.000000e+00,0.000000e+00,0.000000e+00,0.000000e+00,0.000000e+00,0.000000e+00,0.000000e+00,0.000000e+00,0.000000e+00
3.777079e-01,6.525122e-02,1.088416e-02,8.311153e-02,3.384529e-03,1.562520e-02,3.290133e-03,6.283179e-03,6.793968e-03,1.078765e-02,8.090263e-03,1.806745e-02,1.318579e-02,5.794444e-03,3.717426e-01
2.651885e-01,5.016018e-02,7.674157e-03,5.822128e-02,2.396307e-03,1.123431e-02,2.317979e-03,4.421581e-03,5.504243e-03,9.382639e-03,6.215490e-03,1.311345e-02,9.586338e-03,2.576952e-02,5.288141e-01
1.857627e-01,3.593303e-02,5.417497e-03,4.077720e-02,1.689253e-03,7.967928e-03,1.637427e-03,3.101841e-03,4.458793e-03,1.023395e-02,5.762794e-03,1.040324e-02,7.183932e-03,3.136751e-02,6.483029e-01
1.302345e-01,3.488311e-02,3.974040e-03,2.861749e-02,1.898456e-03,6.095136e-03,1.197718e-03,2.185558e-03,3.686691e-02,1.785102e-02,1.768914e-02,1.436540e-02,9.499090e-03,7.105128e-02,6.235912e-01
9.133092e-02,2.567008e-02,8.464152e-03,2.014743e-02,1.397436e-03,4.783656e-03,8.643335e-04,1.575124e-03,2.816259e-02,3.043181e-02,2.038183e-02,1.114734e-02,8.409425e-03,9.229460e-02,6.549392e-01
6.446980e-02,1.854548e-02,4.340386e-02,1.524926e-02,1.439971e-03,7.264914e-03,7.037122e-04,2.279916e-03,2.757603e-02,6.323893e-02,1.826438e-02,9.462858e-03,8.050587e-03,9.723637e-02,6.228139e-01
4.577157e-02,1.426851e-02,5.170408e-02,1.120792e-02,2.275329e-03,1.307382e-02,8.343497e-04,3.891649e-03,3.793367e-02,1.339985e-01,2.736082e-02,1.281228e-02,1.111726e-02,1.339831e-01,4.997672e-01
3.267816e-02,1.155803e-02,3.884500e-02,8.409441e-03,1.264303e-02,1.069811e-02,8.868159e-04,3.526991e-03,1.494821e-01,2.109654e-01,2.248166e-02,1.008845e-02,1.005723e-02,1.105085e-01,3.671711e-01
2.310809e-02,2.815002e-02,3.100529e-02,1.350614e-02,1.765368e-02,1.072569e-02,7.295763e-04,3.303206e-03,3.187228e-01,1.692595e-01,2.194942e-02,7.834921e-03,9.478632e-03,7.833255e-02,2.662404e-01
1.714125e-02,5.568442e-02,2.231159e-02,1.700828e-02,1.682491e-02,9.772593e-03,7.053908e-04,2.606474e-03,4.355586e-01,1.296337e-01,1.902670e-02,6.043578e-03,2.152643e-02,5.535175e-02,1.908043e-01
1.308413e-02,7.553989e-02,1.619462e-02,1.945759e-02,1.536129e-02,8.743267e-03,6.160684e-04,2.014870e-03,5.052365e-01,1.014233e-01,1.756140e-02,5.486015e-03,4.270864e-02,3.930698e-02,1.372654e-01
9.695267e-03,5.971598e-02,1.161006e-02,3.134080e-02,1.388468e-02,7.652681e-03,5.109495e-04,1.472245e-03,4.989710e-01,7.174323e-02,7.398702e-02,1.322369e-02,7.905640e-02,2.768883e-02,9.944719e-02
7.214720e-03,4.345517e-02,9.164760e-03,5.036670e-02,1.178912e-02,8.410663e-03,5.770219e-04,1.121669e-03,4.128984e-01,5.231315e-02,1.060305e-01,5.997180e-02,1.410040e-01,1.960678e-02,7.607559e-02
5.122887e-03,3.054674e-02,6.612462e-03,3.633520e-02,8.310953e-03,6.727442e-03,6.133542e-04,7.971470e-04,2.940308e-01,3.711035e-02,1.536022e-01,1.661427e-01,1.859477e-01,1.382839e-02,5.427177e-02
3.639859e-03,2.145234e-02,4.661748e-03,2.547819e-02,5.887320e-03,5.489871e-03,5.877526e-04,6.106641e-04,2.102143e-01,2.639731e-02,1.902485e-01,2.131125e-01,2.423697e-01,9.864897e-03,3.998511e-02
2.610662e-03,1.509637e-02,3.281500e-03,1.785383e-02,4.194778e-03,6.549241e-03,5.443206e-04,4.492763e-04,1.533124e-01,1.872819e-02,1.766173e-01,3.402348e-01,2.244086e-01,7.076309e-03,2.904247e-02
2.241664e-03,1.103719e-02,2.421075e-03,1.258923e-02,3.511338e-03,8.881326e-03,1.095465e-03,7.388674e-04,1.194222e-01,1.410623e-02,1.403064e-01,4.631145e-01,1.941463e-01,5.213733e-03,2.117448e-02
1.634514e-03,8.009963e-03,1.715804e-03,8.826495e-03,3.400281e-03,6.492974e-03,1.122504e-03,5.342006e-04,1.072975e-01,1.071446e-02,1.126216e-01,5.646037e-01,1.536701e-01,3.800705e-03,1.555512e-02
1.923278e-03,7.163363e-03,1.363435e-03,6.263818e-03,6.286905e-03,5.004525e-03,1.747562e-03,1.194091e-03,1.029598e-01,1.133561e-02,9.559239e-02,6.205391e-01,1.245495e-01,2.903354e-03,1.117328e-02
1.740837e-03,5.139501e-03,9.648241e-04,4.464266e-03,5.164839e-03,4.444018e-03,1.352585e-03,9.852648e-04,8.993685e-02,1.116112e-02,7.387231e-02,6.967733e-01,9.390383e-02,2.167111e-03,7.929431e-03
1.392381e-03,4.003400e-03,7.175460e-04,3.188796e-03,4.468981e-03,3.600843e-03,1.310959e-03,7.455562e-04,1.022602e-01,1.141824e-02,5.698792e-02,7.331343e-01,6.941656e-02,1.618646e-03,5.735705e-03
1.318987e-03,6.389375e-03,6.147120e-03,2.440340e-03,3.297484e-02,2.871332e-03,3.469595e-03,6.939315e-04,2.478376e-01,1.983652e-02,4.787432e-02,5.666028e-01,5.617180e-02,1.196667e-03,4.174808e-03
1.698848e-03,4.946209e-03,4.784780e-03,1.956628e-03,2.949421e-02,5.957737e-03,2.789548e-03,6.704329e-04,2.342224e-01,3.776820e-02,4.626623e-02,5.800836e-01,4.441788e-02,1.773880e-03,3.169500e-03
3.049150e-03,3.748652e-03,3.848867e-03,2.026496e-03,2.516074e-02,2.269533e-02,2.068936e-03,1.784962e-03,1.913614e-01,3.309093e-02,4.976932e-02,6.184647e-01,3.859400e-02,1.815514e-03,2.521020e-03
5.009051e-03,3.013894e-03,2.948293e-03,2.683021e-03,1.848433e-02,1.956923e-02,1.483481e-03,1.542903e-03,1.432506e-01,2.659206e-02,7.772257e-02,6.607030e-01,3.123252e-02,3.419303e-03,2.345792e-03
8.888240e-03,3.670585e-03,2.903658e-03,3.323571e-03,1.509290e-02,1.710452e-02,1.084506e-03,1.672080e-03,1.085330e-01,2.145235e-02,1.731252e-01,6.064106e-01,2.531852e-02,8.531829e-03,2.888368e-03
1.603958e-02,8.124147e-03,4.478893e-03,3.010263e-03,1.139201e-02,1.509793e-02,8.277317e-04,1.717685e-03,8.462862e-02,2.393050e-02,2.109992e-01,5.758622e-01,2.043857e-02,1.910188e-02,4.350774e-03
3.004934e-02,2.486318e-02,4.787620e-03,2.645432e-03,1.019455e-02,1.240920e-02,7.239571e-04,1.945438e-03,9.777108e-02,2.665168e-02,2.290122e-01,5.041680e-01,1.561107e-02,3.382014e-02,5.347055e-03
2.483337e-02,1.089472e-01,5.075146e-03,2.048442e-03,9.061918e-03,9.351622e-03,6.039786e-04,1.931679e-03,8.345293e-02,2.888892e-02,2.879511e-01,3.747249e-01,1.158817e-02,4.529893e-02,6.241646e-03
1.795105e-02,8.573204e-02,4.180534e-03,1.500771e-03,6.980786e-03,7.145613e-03,4.555378e-04,1.580092e-03,7.240263e-02,2.338327e-02,4.538150e-01,2.664005e-01,8.253639e-03,4.450665e-02,5.711853e-03
1.473739e-02,6.180780e-02,4.225134e-03,1.194062e-03,5.409077e-03,6.934599e-03,3.643245e-04,1.720746e-03,6.874241e-02,1.989384e-02,5.750328e-01,1.904930e-01,5.952061e-03,3.879555e-02,4.697226e-03
1.115808e-02,4.433034e-02,3.181470e-03,9.349744e-04,4.056682e-03,5.635804e-03,2.709211e-04,1.318229e-03,6.612241e-02,1.911541e-02,6.659459e-01,1.346472e-01,4.262408e-03,3.400096e-02,5.019243e-03
9.410597e-03,3.227927e-02,2.462469e-03,7.140812e-04,3.232164e-03,4.851911e-03,2.151176e-04,1.170710e-03,6.364775e-02,1.708094e-02,7.338029e-01,9.597151e-02,3.064404e-03,2.791535e-02,4.180850e-03
9.259718e-03,2.295666e-02,2.485567e-03,6.901193e-04,2.620184e-03,4.517982e-03,2.095312e-04,2.210782e-03,7.824913e-02,2.213929e-02,7.566150e-01,6.877166e-02,2.324846e-03,2.363369e-02,3.315831e-03
8.479760e-03,1.643645e-02,2.415991e-03,6.343176e-04,2.210174e-03,3.421128e-03,2.143617e-04,2.347264e-03,7.190059e-02,2.552365e-02,7.882274e-01,4.950880e-02,1.759461e-03,2.442895e-02,2.491747e-03
9.984998e-03,1.172589e-02,1.949998e-03,5.535425e-04,2.113245e-03,2.684976e-03,1.741411e-04,1.997977e-03,7.197785e-02,2.291609e-02,8.077665e-01,3.599940e-02,1.411225e-03,2.676209e-02,1.982110e-03
1.474736e-02,9.232526e-03,3.841970e-03,6.941023e-04,2.738330e-03,7.742820e-03,1.508655e-04,2.329462e-03,7.895402e-02,2.220568e-02,7.723410e-01,2.656890e-02,1.126308e-03,5.546438e-02,1.862351e-03
1.493817e-02,7.049019e-03,4.487695e-03,6.596845e-04,2.914457e-03,1.084179e-02,1.249987e-04,2.378752e-03,7.028205e-02,2.213380e-02,7.036028e-01,1.988317e-02,9.215698e-04,1.377648e-01,2.017280e-03
1.559308e-02,5.437333e-03,4.229355e-03,8.325491e-04,2.759363e-03,1.077262e-02,1.205388e-04,2.209906e-03,5.988544e-02,1.919848e-02,6.262614e-01,1.592662e-02,9.421190e-04,2.338880e-01,1.943208e-03
1.352513e-02,4.433878e-03,3.890696e-03,1.911128e-03,2.537477e-03,8.706536e-03,1.101194e-04,2.063063e-03,6.666815e-02,1.849160e-02,5.906510e-01,1.455757e-02,1.384079e-03,2.692488e-01,1.820729e-03
1.348659e-02,4.209384e-03,3.555177e-03,2.408850e-03,3.374502e-03,7.760256e-03,1.191963e-04,1.827642e-03,9.148981e-02,1.837542e-02,4.887051e-01,1.268824e-02,1.322486e-03,3.491320e-01,1.545278e-03
1.104563e-02,1.413936e-02,6.490463e-03,2.105959e-03,2.958388e-03,2.646670e-02,1.212469e-04,1.587830e-03,1.059368e-01,1.632226e-02,3.795508e-01,9.919637e-03,1.311705e-03,4.202228e-01,1.820466e-03
9.436480e-03,1.306196e-02,5.771779e-03,1.680900e-03,2.296641e-03,2.970238e-02,1.067955e-04,1.299028e-03,1.042908e-01,1.323238e-02,3.058209e-01,7.237677e-03,1.079753e-03,5.034382e-01,1.544367e-03
1.100715e-02,1.059248e-02,5.939119e-03,1.636954e-03,2.056993e-03,2.856768e-02,9.278976e-05,1.189983e-03,1.097778e-01,1.019586e-02,2.470615e-01,5.278893e-03,9.328082e-04,5.643864e-01,1.283616e-03
1.017464e-02,1.135255e-02,1.712950e-02,2.622406e-03,2.187108e-03,4.718605e-02,1.138262e-04,1.679200e-03,1.211889e-01,9.127216e-03,1.891394e-01,3.830216e-03,7.225049e-04,5.824177e-01,1.128929e-03
9.512146e-03,1.277877e-02,2.555175e-02,7.653498e-03,3.365281e-03,4.062298e-02,1.655141e-04,1.474963e-03,1.199707e-01,1.158735e-02,1.691429e-01,3.101426e-03,6.643854e-04,5.927412e-01,1.667163e-03
9.314453e-03,1.884040e-02,2.352200e-02,8.183306e-03,5.765150e-03,6.536780e-02,3.852021e-04,1.357285e-03,1.659749e-01,2.716438e-02,1.358456e-01,2.441642e-03,9.131383e-04,5.324087e-01,2.516117e-03
1.005735e-02,1.752977e-02,2.823968e-02,8.986194e-03,6.181844e-03,1.284091e-01,3.912362e-04,2.623740e-03,1.495930e-01,2.373652e-02,1.020215e-01,1.819768e-03,8.737022e-04,5.172119e-01,2.324641e-03
1.831291e-02,3.083436e-02,4.501568e-02,1.066526e-02,1.041330e-02,1.279437e-01,4.498213e-04,5.782574e-03,1.774859e-01,2.546358e-02,8.036640e-02,1.436769e-03,7.542444e-04,4.584207e-01,6.654838e-03
2.357863e-02,3.092366e-02,4.469386e-02,9.865252e-03,1.324627e-02,1.285513e-01,5.665014e-04,7.343142e-03,1.864658e-01,3.245877e-02,6.695694e-02,1.118288e-03,6.441495e-04,4.471280e-01,6.459431e-03
2.636359e-02,2.479685e-02,3.358619e-02,7.333102e-03,1.043051e-02,1.855506e-01,4.501794e-04,5.764629e-03,1.548932e-01,3.271011e-02,5.294267e-02,9.802654e-04,5.913715e-04,4.580185e-01,5.588242e-03
3.924797e-02,2.223929e-02,8.739366e-02,1.525118e-02,1.628352e-02,1.564475e-01,6.688241e-04,1.593523e-02,1.446021e-01,2.728441e-02,4.952189e-02,1.143100e-03,7.499669e-04,4.174305e-01,5.800868e-03
4.544773e-02,1.902534e-02,1.691718e-01,2.417009e-02,1.396887e-02,1.850083e-01,5.428849e-04,1.315317e-02,1.212560e-01,2.320563e-02,4.020680e-02,9.077791e-04,6.138185e-04,3.377101e-01,5.611632e-03
3.913691e-02,1.845320e-02,1.916866e-01,4.474544e-02,1.136739e-02,1.771059e-01,4.225315e-04,1.136644e-02,9.710091e-02,6.898340e-02,3.887061e-02,2.828291e-03,1.301583e-03,2.507379e-01,4.589288e-02
5.320970e-02,1.683636e-02,3.024488e-01,5.051727e-02,1.932921e-02,1.434316e-01,4.145831e-04,9.111368e-03,8.272863e-02,5.880099e-02,3.188134e-02,2.368995e-03,1.117878e-03,1.941670e-01,3.363622e-02
9.870689e-02,2.475196e-02,2.803880e-01,6.167465e-02,4.078795e-02,1.133970e-01,1.060569e-03,1.015155e-02,7.848190e-02,4.756803e-02,3.577763e-02,4.702386e-03,1.842243e-03,1.743860e-01,2.632332e-02
8.734506e-02,2.200219e-02,3.027739e-01,1.391308e-01,5.422718e-02,8.365548e-02,1.411653e-03,3.678126e-02,6.303637e-02,3.428033e-02,2.684373e-02,3.735697e-03,1.621673e-03,1.236105e-01,1.954418e-02
8.431245e-02,1.876034e-02,3.450116e-01,1.930414e-01,5.393315e-02,6.486674e-02,1.444018e-03,3.374025e-02,4.976515e-02,2.533334e-02,2.071314e-02,3.414369e-03,1.301526e-03,8.970269e-02,1.465989e-02
8.719498e-02,2.868884e-02,3.905201e-01,1.724266e-01,5.004190e-02,4.765752e-02,1.148929e-03,2.629197e-02,4.512046e-02,3.032150e-02,2.810814e-02,4.980178e-03,1.785161e-03,7.022931e-02,1.548443e-02
6.690178e-02,9.102608e-02,2.791035e-01,1.882851e-01,3.778957e-02,3.708434e-02,1.357750e-03,2.033658e-02,1.190197e-01,2.576498e-02,2.748083e-02,2.203531e-02,1.457113e-02,4.991516e-02,1.932829e-02
7.019357e-02,6.617574e-02,2.246686e-01,2.943473e-01,3.202772e-02,2.777649e-02,2.011971e-03,2.397315e-02,9.591497e-02,2.160791e-02,5.939091e-02,1.700148e-02,1.465547e-02,3.538341e-02,1.487141e-02
1.003220e-01,5.155022e-02,2.352450e-01,3.178016e-01,3.352505e-02,2.756426e-02,1.905825e-03,1.781400e-02,7.469919e-02,1.814966e-02,5.346051e-02,1.290533e-02,1.142071e-02,2.544028e-02,1.819648e-02
1.031713e-01,4.512455e-02,1.906904e-01,3.978360e-01,4.095193e-02,2.938971e-02,2.258939e-03,1.533887e-02,6.071766e-02,1.429503e-02,4.433866e-02,1.241585e-02,9.528697e-03,1.811849e-02,1.582392e-02
1.480822e-01,5.036484e-02,1.594258e-01,3.487666e-01,4.755344e-02,2.524960e-02,2.712428e-03,1.689186e-02,6.265498e-02,1.369217e-02,6.445001e-02,1.806371e-02,1.359601e-02,1.363870e-02,1.485766e-02
1.757459e-01,5.201542e-02,1.242210e-01,2.711342e-01,8.876060e-02,2.281130e-02,5.234264e-03,4.743273e-02,8.723532e-02,1.850645e-02,5.424388e-02,1.638349e-02,1.190479e-02,1.076426e-02,1.360653e-02
1.465751e-01,4.118238e-02,1.016346e-01,3.971652e-01,8.535430e-02,1.721876e-02,4.202803e-03,4.564674e-02,6.626434e-02,1.373456e-02,4.137173e-02,1.240773e-02,8.795346e-03,7.817999e-03,1.062842e-02
1.901066e-01,3.802525e-02,1.648890e-01,3.398936e-01,7.287762e-02,1.656419e-02,4.056582e-03,3.531352e-02,5.120260e-02,1.310795e-02,3.582330e-02,1.167350e-02,7.468038e-03,6.623858e-03,1.237449e-02
2.488163e-01,7.822147e-02,1.562701e-01,2.655244e-01,7.322206e-02,1.684804e-02,3.633399e-03,2.804275e-02,4.175589e-02,1.189558e-02,3.320988e-02,1.262351e-02,7.839685e-03,6.848348e-03,1.524875e-02
3.538348e-01,8.108905e-02,1.312851e-01,1.949673e-01,7.152352e-02,1.558069e-02,3.097512e-03,2.339707e-02,3.500845e-02,1.104707e-02,2.943056e-02,1.341402e-02,9.931514e-03,8.596823e-03,1.779649e-02
3.880101e-01,5.981153e-02,1.447043e-01,1.745048e-01,5.381675e-02,1.254057e-02,2.642251e-03,5.949304e-02,2.553585e-02,8.032976e-03,2.424521e-02,1.370554e-02,8.859610e-03,9.525885e-03,1.457169e-02
3.341295e-01,4.246578e-02,1.116849e-01,1.430419e-01,3.945259e-02,9.501374e-03,2.106163e-03,2.380837e-01,1.831487e-02,5.708005e-03,1.926180e-02,1.067483e-02,7.079426e-03,7.857793e-03,1.063743e-02
2.489919e-01,2.981735e-02,7.969528e-02,1.024422e-01,2.815355e-02,7.035713e-03,1.610531e-03,4.451667e-01,1.296751e-02,4.014466e-03,1.390055e-02,7.746927e-03,5.176768e-03,5.663861e-03,7.616770e-03
2.093906e-01,2.103109e-02,5.741232e-02,7.374166e-02,2.031628e-02,5.634037e-03,1.314774e-03,5.685827e-01,9.242270e-03,2.858129e-03,1.075688e-02,5.915628e-03,3.896917e-03,4.202180e-03,5.704555e-03
2.275342e-01,1.509985e-02,4.136017e-02,5.573367e-02,1.519427e-02,6.203209e-03,1.202836e-03,5.910234e-01,7.187929e-03,2.324651e-03,1.461704e-02,9.029143e-03,5.488046e-03,3.527665e-03,4.473811e-03
2.212713e-01,1.083756e-02,2.907688e-02,4.174992e-02,1.113898e-02,6.142604e-03,9.488442e-04,4.288282e-01,6.298171e-03,3.974917e-03,4.782421e-02,9.610764e-02,8.918353e-02,3.076410e-03,3.540760e-03
1.877316e-01,7.911578e-03,2.056468e-02,3.915489e-02,8.216543e-03,6.673531e-03,8.148838e-04,3.189412e-01,6.151447e-03,4.642771e-03,5.469597e-02,2.042232e-01,1.337098e-01,3.682605e-03,2.885293e-03
2.447212e-01,6.476386e-03,1.506447e-02,5.244844e-02,6.887660e-03,8.779738e-03,9.456441e-04,2.444421e-01,1.720928e-02,3.969195e-03,5.746990e-02,2.134566e-01,1.160705e-01,7.742810e-03,4.316086e-03
2.647074e-01,6.658075e-03,1.274410e-02,9.269845e-02,8.256100e-03,1.183866e-02,1.329009e-03,1.804325e-01,4.018993e-02,3.792215e-03,6.654330e-02,2.102418e-01,8.694512e-02,8.847969e-03,4.775237e-03
2.065595e-01,6.436245e-03,1.398281e-02,7.409507e-02,1.440525e-02,1.664883e-02,1.858398e-03,1.361713e-01,5.845047e-02,3.970880e-03,9.051143e-02,2.881165e-01,6.353814e-02,2.016718e-02,5.087922e-03
1.893056e-01,8.627884e-03,1.657372e-02,6.478939e-02,1.750594e-02,2.214024e-02,3.713926e-03,1.123163e-01,5.319690e-02,4.951449e-03,1.368865e-01,2.930642e-01,4.651283e-02,2.357925e-02,6.835878e-03
1.666438e-01,1.583494e-02,2.145322e-02,5.756337e-02,2.361011e-02,2.174142e-02,3.987628e-03,8.932633e-02,4.250231e-02,6.658927e-03,1.767339e-01,3.068845e-01,3.390200e-02,2.528805e-02,7.869437e-03
1.584950e-01,1.672879e-02,1.741830e-02,4.559689e-02,2.513250e-02,2.017706e-02,4.273888e-03,6.546292e-02,3.231553e-02,6.934600e-03,2.402015e-01,3.087575e-01,2.529200e-02,2.473014e-02,8.483250e-03
1.582049e-01,2.216337e-02,1.362956e-02,3.339273e-02,3.832532e-02,1.754654e-02,3.499668e-03,4.713923e-02,2.394663e-02,7.114816e-03,3.023496e-01,2.772344e-01,1.852647e-02,2.824286e-02,8.683951e-03
1.364945e-01,1.807974e-02,1.001122e-02,2.432158e-02,3.091638e-02,1.371206e-02,2.625272e-03,3.354879e-02,1.816989e-02,7.791865e-03,3.966058e-01,2.568575e-01,1.356720e-02,2.953556e-02,7.762631e-03
1.007611e-01,1.639140e-02,7.246707e-03,1.732270e-02,2.984631e-02,1.022530e-02,2.032302e-03,2.361673e-02,1.388440e-02,7.938945e-03,5.206320e-01,2.085668e-01,1.006755e-02,2.461074e-02,6.856997e-03
7.467343e-02,1.781117e-02,5.638079e-03,1.248548e-02,4.103054e-02,8.067407e-03,2.240142e-03,1.668816e-02,1.199948e-02,1.187816e-02,5.826973e-01,1.754639e-01,7.967239e-03,2.348907e-02,7.870541e-03
7.374759e-02,1.600905e-02,6.956540e-03,9.163821e-03,4.993414e-02,7.088201e-03,2.778080e-03,1.249215e-02,1.062101e-02,1.338397e-02,6.050501e-01,1.559079e-01,6.896308e-03,2.166693e-02,8.304180e-03
9.155643e-02,1.915351e-02,6.860740e-03,7.055526e-03,1.083338e-01,9.914422e-03,6.775487e-03,1.024488e-02,2.249654e-02,1.331384e-02,4.890995e-01,1.788332e-01,5.838270e-03,2.279633e-02,7.727616e-03
7.214780e-02,1.988134e-02,2.307905e-02,6.346361e-03,1.890684e-01,2.582423e-02,2.560805e-02,2.465670e-02,2.559956e-02,1.815993e-02,3.787585e-01,1.583337e-01,6.283660e-03,1.915377e-02,7.098954e-03
5.539323e-02,2.343185e-02,6.088086e-02,5.748885e-03,1.936793e-01,2.953948e-02,2.715169e-02,2.855866e-02,6.636705e-02,1.733023e-02,3.393625e-01,1.192060e-01,7.434358e-03,1.751586e-02,8.400077e-03
4.197925e-02,2.325223e-02,1.735166e-01,9.259637e-03,1.682012e-01,2.724144e-02,2.917655e-02,5.597469e-02,7.393109e-02,1.598282e-02,2.592453e-01,9.091566e-02,8.227097e-03,1.377143e-02,9.325041e-03
3.224862e-02,2.023534e-02,3.186221e-01,1.717690e-02,1.378033e-01,2.904500e-02,2.667775e-02,4.625826e-02,7.761797e-02,1.303533e-02,1.890630e-01,6.652063e-02,6.695381e-03,1.007760e-02,8.922977e-03
2.822696e-02,2.179513e-02,3.917238e-01,2.593863e-02,1.459981e-01,2.848767e-02,3.241291e-02,3.584864e-02,7.096812e-02,1.019355e-02,1.386900e-01,4.795802e-02,5.130012e-03,7.446596e-03,9.181960e-03
2.669540e-02,2.894356e-02,3.660664e-01,5.643926e-02,1.712908e-01,2.870707e-02,3.267834e-02,4.435980e-02,7.079791e-02,1.065395e-02,1.024515e-01,3.563316e-02,6.175367e-03,5.743842e-03,1.336364e-02
2.512733e-02,3.131426e-02,4.190931e-01,8.931158e-02,1.384598e-01,2.394183e-02,2.401950e-02,5.367838e-02,6.418464e-02,9.621534e-03,7.504633e-02,2.579353e-02,4.702770e-03,4.277588e-03,1.142782e-02
2.772820e-02,3.829776e-02,4.296300e-01,8.293937e-02,1.589424e-01,3.183311e-02,1.865106e-02,4.795359e-02,5.892106e-02,1.531164e-02,5.441782e-02,1.826798e-02,3.507638e-03,3.507542e-03,1.009086e-02
2.235838e-02,3.278858e-02,4.315516e-01,1.963364e-01,1.160171e-01,2.429639e-02,1.315439e-02,3.440016e-02,4.312314e-02,1.606740e-02,4.083483e-02,1.328064e-02,3.124803e-03,2.694192e-03,9.972027e-03
4.515696e-02,3.375928e-02,4.416412e-01,1.516267e-01,1.071899e-01,3.458263e-02,9.712481e-03,2.503521e-02,3.305389e-02,3.150354e-02,4.187393e-02,9.676933e-03,2.708595e-03,4.247220e-03,2.823149e-02
4.416923e-02,4.437627e-02,4.116427e-01,1.219364e-01,9.492822e-02,1.096609e-01,8.013034e-03,1.899778e-02,2.896714e-02,2.488440e-02,4.151918e-02,7.277710e-03,2.908861e-03,9.861823e-03,3.085640e-02
6.713195e-02,4.739910e-02,3.260726e-01,8.871848e-02,1.034825e-01,1.010451e-01,6.770369e-03,1.519793e-02,2.715755e-02,2.023838e-02,8.162373e-02,7.195944e-03,3.440916e-03,6.990357e-02,3.462196e-02
6.262430e-02,8.213290e-02,2.463186e-01,6.958432e-02,8.674941e-02,1.811388e-01,5.457680e-03,1.181904e-02,3.176802e-02,1.573822e-02,7.662354e-02,5.774529e-03,3.133070e-03,7.287228e-02,4.826532e-02
4.511715e-02,6.019610e-02,1.737741e-01,4.918780e-02,6.381956e-02,1.337400e-01,3.988381e-03,8.359255e-03,4.670667e-02,1.753351e-02,1.091699e-01,4.862987e-03,2.940659e-03,2.370555e-01,4.354851e-02
3.208505e-02,4.243021e-02,1.218610e-01,3.463651e-02,4.605445e-02,9.435016e-02,2.861397e-03,5.875584e-03,4.012715e-02,1.300203e-02,1.261264e-01,3.962102e-03,2.256699e-03,4.030842e-01,3.128710e-02
2.288057e-02,2.986405e-02,8.552997e-02,2.460651e-02,3.272199e-02,6.726216e-02,2.036370e-03,4.158006e-03,3.795251e-02,9.959985e-03,1.549183e-01,3.094422e-03,1.672021e-03,5.010793e-01,2.226380e-02
1.653026e-02,2.159355e-02,6.020202e-02,1.874650e-02,2.408984e-02,4.796244e-02,1.516648e-03,2.989625e-03,5.552722e-02,1.097536e-02,2.089640e-01,3.094897e-03,1.438683e-03,5.105042e-01,1.586465e-02
1.177285e-02,1.601467e-02,4.239158e-02,1.347034e-02,1.845847e-02,3.469374e-02,1.124995e-03,2.133576e-03,9.064214e-02,1.449241e-02,2.432781e-01,3.138465e-03,1.199406e-03,4.958719e-01,1.131731e-02
8.681269e-03,1.172436e-02,3.084889e-02,1.040060e-02,1.571341e-02,2.515948e-02,9.785976e-04,1.736408e-03,8.377869e-02,4.355795e-02,3.048800e-01,3.621425e-03,1.340074e-03,4.494373e-01,8.141533e-03
6.319271e-03,8.502256e-03,2.181638e-02,7.655587e-03,1.289622e-02,1.806038e-02,7.906224e-04,1.339531e-03,7.390846e-02,4.803149e-02,3.802108e-01,3.630823e-03,1.633479e-03,4.093202e-01,5.884455e-03
4.895514e-03,6.278094e-03,1.538899e-02,6.185850e-03,1.069302e-02,1.318211e-02,6.271246e-04,1.020574e-03,8.037736e-02,8.245289e-02,3.715792e-01,3.382416e-03,2.403442e-03,3.971771e-01,4.356259e-03
3.619517e-03,4.749371e-03,1.082150e-02,4.811247e-03,1.208239e-02,9.504069e-03,5.525642e-04,8.186846e-04,1.411728e-01,1.012403e-01,3.257973e-01,3.604942e-03,3.049540e-03,3.749445e-01,3.231128e-03
2.653523e-03,3.823594e-03,7.613168e-03,3.547583e-03,1.123220e-02,6.865057e-03,4.613687e-04,6.053196e-04,1.819175e-01,1.472220e-01,3.143185e-01,3.960531e-03,3.959366e-03,3.094252e-01,2.394937e-03
1.954740e-03,3.731154e-03,5.388598e-03,2.543118e-03,1.045194e-02,4.971016e-03,3.760634e-04,4.425082e-04,3.397095e-01,1.305177e-01,2.532457e-01,4.348715e-03,4.001023e-03,2.365775e-01,1.740751e-03
1.497734e-03,5.464851e-03,3.984773e-03,1.861501e-03,1.052642e-02,3.890800e-03,3.838140e-04,3.620934e-04,4.406198e-01,1.284237e-01,2.073988e-01,4.802993e-03,4.493528e-03,1.849766e-01,1.312704e-03
1.520184e-03,3.179438e-02,3.692515e-03,1.593272e-03,9.422325e-03,4.934446e-03,4.665558e-04,4.213605e-04,4.645059e-01,1.429819e-01,1.791666e-01,5.880774e-03,5.461164e-03,1.466613e-01,1.497490e-03
1.809215e-03,5.607175e-02,4.393809e-03,1.568010e-03,8.380477e-03,5.796929e-03,4.932602e-04,1.252434e-03,4.223611e-01,1.457011e-01,2.034492e-01,1.079870e-02,7.536110e-03,1.285475e-01,1.840331e-03
2.574251e-03,8.260063e-02,5.521239e-03,2.195667e-03,8.507840e-03,5.882609e-03,4.658435e-04,2.686608e-03,3.866355e-01,1.320094e-01,2.355299e-01,1.534642e-02,1.001149e-02,1.077355e-01,2.297141e-03
8.629966e-03,6.526887e-02,7.214575e-03,3.064304e-03,8.422020e-03,5.501034e-03,3.867241e-04,7.022866e-03,2.973953e-01,1.104832e-01,3.306872e-01,2.139395e-02,1.181571e-02,1.196148e-01,3.099460e-03
1.178711e-02,4.972173e-02,5.928803e-03,2.643513e-03,8.711856e-03,5.614917e-03,3.273122e-04,5.780070e-03,2.407259e-01,9.022275e-02,3.983313e-01,2.981922e-02,1.234828e-02,1.348483e-01,3.188959e-03
1.555202e-02,3.558812e-02,4.442681e-03,2.363689e-03,1.029669e-02,5.214638e-03,3.077881e-04,5.844412e-03,2.059549e-01,7.562962e-02,4.537107e-01,3.638861e-02,1.347414e-02,1.309945e-01,4.237543e-03
1.522894e-02,2.588128e-02,3.429235e-03,1.995901e-03,1.065098e-02,4.826371e-03,2.613784e-04,4.435462e-03,1.936398e-01,6.116785e-02,4.372468e-01,3.088545e-02,1.193874e-02,1.939654e-01,4.446425e-03
1.539425e-02,1.878906e-02,2.814049e-03,1.657340e-03,1.346981e-02,4.941255e-03,2.302964e-04,3.398761e-03,2.489068e-01,4.928597e-02,3.522854e-01,2.525371e-02,1.045980e-02,2.478188e-01,5.294739e-03
2.144677e-02,1.395154e-02,2.375912e-03,1.529200e-03,1.687292e-02,4.352740e-03,2.019509e-04,2.624560e-03,2.710537e-01,3.843861e-02,3.190757e-01,2.118673e-02,8.366345e-03,2.734164e-01,5.106976e-03
3.922420e-02,1.058901e-02,2.319329e-03,1.435205e-03,1.682203e-02,3.952646e-03,2.217177e-04,2.171226e-03,3.359146e-01,3.111411e-02,2.595636e-01,1.970802e-02,6.741054e-03,2.653196e-01,4.903627e-03
4.869481e-02,8.059259e-03,3.390195e-03,2.251032e-03,1.444420e-02,4.630229e-03,3.239246e-04,2.862297e-03,4.300126e-01,2.821254e-02,1.910762e-01,1.760494e-02,5.663174e-03,2.374323e-01,5.342222e-03
7.962120e-02,6.311097e-03,4.350821e-03,4.413111e-03,1.802729e-02,5.689774e-03,3.763991e-04,4.392220e-03,4.599442e-01,2.933025e-02,1.478938e-01,2.472668e-02,7.600711e-03,1.993619e-01,7.960572e-03
1.095806e-01,6.000819e-03,7.743365e-03,7.788149e-03,1.857456e-02,7.380877e-03,4.350282e-04,8.335237e-03,4.604863e-01,3.041516e-02,1.232995e-01,3.329053e-02,1.038586e-02,1.650188e-01,1.126521e-02
1.064131e-01,8.950220e-03,4.037040e-02,6.818912e-02,1.793993e-02,9.856887e-03,8.373976e-04,1.904924e-02,3.725226e-01,2.815621e-02,1.205607e-01,3.686103e-02,1.792253e-02,1.323300e-01,2.004061e-02
8.982697e-02,1.450272e-02,4.132536e-02,1.105980e-01,1.557821e-02,9.473627e-03,7.687399e-04,2.541192e-02,3.605215e-01,2.593235e-02,1.175490e-01,3.608499e-02,2.056210e-02,1.056453e-01,2.621929e-02
6.433825e-02,1.204857e-02,3.966160e-02,2.054802e-01,1.187209e-02,7.475550e-03,5.660973e-04,1.924875e-02,3.786989e-01,2.182448e-02,9.507545e-02,2.599480e-02,1.574301e-02,7.740032e-02,2.457185e-02
4.950497e-02,2.010078e-02,4.210579e-02,1.976174e-01,1.068968e-02,2.023259e-02,6.203995e-04,1.530122e-02,3.485619e-01,2.142236e-02,1.504561e-01,2.037811e-02,1.415767e-02,6.331201e-02,2.553913e-02
3.783132e-02,2.405266e-02,5.843253e-02,2.155212e-01,9.258345e-03,2.199770e-02,6.087037e-04,1.680148e-02,2.953708e-01,1.852252e-02,2.036263e-01,1.549849e-02,1.234519e-02,4.894213e-02,2.119064e-02
3.161915e-02,5.365859e-02,5.616815e-02,1.838564e-01,1.217820e-02,4.483359e-02,6.186406e-04,1.422168e-02,3.421023e-01,1.669679e-02,1.620570e-01,1.195101e-02,1.058117e-02,3.683801e-02,2.261931e-02
3.279502e-02,6.470235e-02,4.512456e-02,1.419214e-01,1.396301e-02,1.337116e-01,7.066907e-04,1.336544e-02,3.441483e-01,1.486655e-02,1.257251e-01,9.312439e-03,8.869402e-03,2.938865e-02,2.139946e-02
3.516664e-02,6.179055e-02,3.385361e-02,1.083361e-01,1.191468e-02,2.574482e-01,6.308883e-04,1.072556e-02,3.110204e-01,1.176182e-02,9.856010e-02,8.280857e-03,7.636501e-03,2.138354e-02,2.149064e-02
3.253592e-02,4.777821e-02,2.604987e-02,8.302189e-02,1.137967e-02,3.582002e-01,6.677000e-04,8.435152e-03,2.343398e-01,1.337296e-02,1.064626e-01,2.240055e-02,1.111100e-02,1.664169e-02,2.760291e-02
5.235853e-02,4.844648e-02,2.283050e-02,6.937678e-02,1.408406e-02,3.990194e-01,1.055043e-03,8.293422e-03,1.984626e-01,1.338407e-02,9.046219e-02,2.362300e-02,1.256895e-02,1.526400e-02,3.077104e-02
5.320197e-02,5.202011e-02,1.704144e-02,5.456940e-02,1.193744e-02,4.156960e-01,1.002331e-03,6.401992e-03,1.590305e-01,1.579025e-02,9.549358e-02,3.646252e-02,3.114733e-02,1.601465e-02,3.419046e-02
5.125558e-02,4.804104e-02,1.527061e-02,7.350728e-02,1.311472e-02,3.855831e-01,9.863842e-04,5.437739e-03,1.377003e-01,2.216400e-02,1.025920e-01,5.965919e-02,3.474235e-02,1.432019e-02,3.562547e-02
4.669366e-02,4.134957e-02,1.440852e-02,6.579196e-02,1.116202e-02,3.157926e-01,8.097549e-04,4.179254e-03,1.122850e-01,2.428078e-02,1.825666e-01,1.038717e-01,3.043765e-02,1.292390e-02,3.344693e-02
3.756378e-02,3.313120e-02,1.074565e-02,4.953510e-02,8.286625e-03,2.310761e-01,6.502122e-04,3.253093e-03,9.722881e-02,1.966361e-02,2.808999e-01,1.635886e-01,2.522585e-02,1.420569e-02,2.494588e-02
3.473095e-02,3.100879e-02,8.875087e-03,3.821033e-02,6.913668e-03,1.727277e-01,8.046946e-04,2.733814e-03,7.871908e-02,1.651010e-02,3.783106e-01,1.747785e-01,2.111673e-02,1.418760e-02,2.037249e-02
3.274988e-02,3.144659e-02,8.432983e-03,2.885341e-02,5.934124e-03,1.508099e-01,1.767596e-03,3.078636e-03,6.523226e-02,1.346143e-02,4.274154e-01,1.831367e-01,1.726197e-02,1.382174e-02,1.659732e-02
2.525954e-02,2.337746e-02,7.926473e-03,2.168490e-02,1.038097e-02,1.185665e-01,2.777786e-03,3.366427e-03,5.718920e-02,1.028386e-02,5.191228e-01,1.629870e-01,1.341737e-02,1.057356e-02,1.308607e-02
