1.000000e+00,0.000000e+00,0.000000e+00,0.000000e+00,0.000000e+00,0.000000e+00,0.000000e+00,0.000000e+00,0.000000e+00,0.000000e+00,0.000000e+00,0.000000e+00,0.000000e+00,0.000000e+00,0.000000e+00
1.000000e+00,0.000000e+00,0.000000e+00,0.000000e+00,0.000000e+00,0.000000e+00,0.000000e+00,0.000000e+00,0.000000e+00,0.000000e+00,0.000000e+00,0.000000e+00,0.000000e+00,0.000000e+00,0.000000e+00
1.000000e+00,0.000000e+00,0.000000e+00,0.000000e+00,0.000000e+00,0.000000e+00,0.000000e+00,0.000000e+00,0.000000e+00,0.000000e+00,0.000000e+00,0.000000e+00,0.000000e+00,0.000000e+00,0.000000e+00
1.000000e+00,0.000000e+00,0.000000e+00,0.000000e+00,0.000000e+00,0.000000e+00,0.000000e+00,0.000000e+00,0.000000e+00,0.000000e+00,0.000000e+00,0.000000e+00,0.000000e+00,0.000000e+00,0.000000e+00
1.000000e+00,0.000000e+00,0.000000e+00,0.000000e+00,0.000000e+00,0.000000e+00,0.000000e+00,0.000000e+00,0.000000e+00,0.000000e+00,0.000000e+00,0.000000e+00,0.000000e+00,0.000000e+00,0.000000e+00
1.000000e+00,0.000000e+00,0.000000e+00,0.000000e+00,0.000000e+00,0.000000e+00,0.000000e+00,0.000000e+00,0.000000e+00,0.000000e+00,0.000000e+00,0.000000e+00,0.000000e+00,0.000000e+00,0.000000e+00
1.000000e+00,0.000000e+00,0.000000e+00,0.000000e+00,0.000000e+00,0.000000e+00,0.000000e+00,0.000000e+00,0.000000e+00,0.000000e+00,0.000000e+00,0.000000e+00,0.000000e+00,0.000000e+00,0.000000e+00
1.000000e+00,0.000000e+00,0.000000e+00,0.000000e+00,0.000000e+00,0.000000e+00,0.000000e+00,0.000000e+00,0.000000e+00,0.000000e+00,0.000000e+00,0.000000e+00,0.000000e+00,0.000000e+00,0.000000e+00
1.000000e+00,0.000000e+00,0.000000e+00,0.000000e+00,0.000000e+00,0.000000e+00,0.000000e+00,0.000000e+00,0.000000e+00,0.000000e+00,0.000000e+00,0.000000e+00,0.000000e+00,0.000000e+00,0.000000e+00
1.000000e+00,0.000000e+00,0.000000e+00,0.000000e+00,0.000000e+00,0.000000e+00,0.000000e+00,0.000000e+00,0.000000e+00,0.000000e+00,0.000000e+00,0.000000e+00,0.000000e+00,0.000000e+00,0.000000e+00
1.000000e+00,0.000000e+00,0.000000e+00,0.000000e+00,0.000000e+00,0.000000e+00,0.000000e+00,0.000000e+00,0.000000e+00,0.000000e+00,0.000000e+00,0.000000e+00,0.000000e+00,0.000000e+00,0.000000e+00
1.000000e+00,0.000000e+00,0.000000e+00,0.000000e+00,0.000000e+00,0.000000e+00,0.000000e+00,0.000000e+00,0.000000e+00,0.000000e+00,0.000000e+00,0.000000e+00,0.000000e+00,0.000000e+00,0.000000e+00
1.000000e+00,0.000000e+00,0.000000e+00,0.000000e+00,0.000000e+00,0.000000e+00,0.000000e+00,0.000000e+00,0.000000e+00,0.000000e+00,0.000000e+00,0.000000e+00,0.000000e+00,0.000000e+00,0.000000e+00
1.000000e+00,0.000000e+00,0.000000e+00,0.000000e+00,0.000000e+00,0.000000e+00,0.000000e+00,0.000000e+00,0.000000e+00,0.000000e+00,0.000000e+00,0.000000e+00,0.000000e+00,0.000000e+00,0.000000e+00
1.000000e+00,0.000000e+00,0.000000e+00,0.000000e+00,0.000000e+00,0.000000e+00,0.000000e+00,0.000000e+00,0.000000e+00,0.000000e+00,0.000000e+00,0.000000e+00,0.000000e+00,0.000000e+00,0.000000e+00
1.000000e+00,0.000000e+00,0.000000e+00,0.000000e+00,0.000000e+00,0.000000e+00,0.000000e+00,0.000000e+00,0.000000e+00,0.000000e+00,0.000000e+00,0.000000e+00,0.000000e+00,0.000000e+00,0.000000e+00
1.000000e+00,0.000000e+00,0.000000e+00,0.000000e+00,0.000000e+00,0.000000e+00,0.000000e+00,0.000000e+00,0.000000e+00,0.000000e+00,0.000000e+00,0.000000e+00,0.000000e+00,0.000000e+00,0.000000e+00
1.000000e+00,0.000000e+00,0.000000e+00,0.000000e+00,0.000000e+00,0.000000e+00,0.000000e+00,0.000000e+00,0.000000e+00,0.000000e+00,0.000000e+00,0.000000e+00,0.000000e+00,0.000000e+00,0.000000e+00
1.000000e+00,0.000000e+00,0.000000e+00,0.000000e+00,0.000000e+00,0.000000e+00,0.000000e+00,0.000000e+00,0.000000e+00,0.000000e+00,0.000000e+00,0.000000e+00,0.000000e+00,0.000000e+00,0.000000e+00
1.000000e+00,0.000000e+00,0.000000e+00,0.000000e+00,0.000000e+00,0.000000e+00,0.000000e+00,0.000000e+00,0.000000e+00,0.000000e+00,0.000000e+00,0.000000e+00,0.000000e+00,0.000000e+00,0.000000e+00
1.000000e+00,0.000000e+00,0.000000e+00,0.000000e+00,0.000000e+00,0.000000e+00,0.000000e+00,0.000000e+00,0.000000e+00,0.000000e+00,0.000000e+00,0.000000e+00,0.000000e+00,0.000000e+00,0.000000e+00
1.000000e+00,0.000000e+00,0.000000e+00,0.000000e+00,0.000000e+00,0.000000e+00,0.000000e+00,0.000000e+00,0.000000e+00,0.000000e+00,0.000000e+00,0.000000e+00,0.000000e+00,0.000000e+00,0.000000e+00
1.000000e+00,0.000000e+00,0.000000e+00,0.000000e+00,0.000000e+00,0.000000e+00,0.000000e+00,0.000000e+00,0.000000e+00,0.000000e+00,0.000000e+00,0.000000e+00,0.000000e+00,0.000000e+00,0.000000e+00
1.000000e+00,0.000000e+00,0.000000e+00,0.000000e+00,0.000000e+00,0.000000e+00,0.000000e+00,0.000000e+00,0.000000e+00,0.000000e+00,0.000000e+00,0.000000e+00,0.000000e+00,0.000000e+00,0.000000e+00
1.000000e+00,0.000000e+00,0.000000e+00,0.000000e+00,0.000000e+00,0.000000e+00,0.000000e+00,0.000000e+00,0.000000e+00,0.000000e+00,0.000000e+00,0.000000e+00,0.000000e+00,0.000000e+00,0.000000e+00
1.000000e+00,0.000000e+00,0.000000e+00,0.000000e+00,0.000000e+00,0.000000e+00,0.000000e+00,0.000000e+00,0.000000e+00,0.000000e+00,0.000000e+00,0.000000e+00,0.000000e+00,0.000000e+00,0.000000e+00
1.000000e+00,0.000000e+00,0.000000e+00,0.000000e+00,0.000000e+00,0.000000e+00,0.000000e+00,0.000000e+00,0.000000e+00,0.000000e+00,0.000000e+00,0.000000e+00,0.000000e+00,0.000000e+00,0.000000e+00
1.000000e+00,0.000000e+00,0.000000e+00,0.000000e+00,0.000000e+00,0.000000e+00,0.000000e+00,0.000000e+00,0.000000e+00,0.000000e+00,0.000000e+00,0.000000e+00,0.000000e+00,0.000000e+00,0.000000e+00
1.000000e+00,0.000000e+00,0.000000e+00,0.000000e+00,0.000000e+00,0.000000e+00,0.000000e+00,0.000000e+00,0.000000e+00,0.000000e+00,0.000000e+00,0.000000e+00,0.000000e+00,0.000000e+00,0.000000e+00
1.000000e+00,0.000000e+00,0.000000e+00,0.000000e+00,0.000000e+00,0.000000e+00,0.000000e+00,0.000000e+00,0.000000e+00,0.000000e+00,0.000000e+00,0.000000e+00,0.000000e+00,0.000000e+00,0.000000e+00
1.000000e+00,0.000000e+00,0.000000e+00,0.000000e+00,0.000000e+00,0.000000e+00,0.000000e+00,0.000000e+00,0.000000e+00,0.000000e+00,0.000000e+00,0.000000e+00,0.000000e+00,0.000000e+00,0.000000e+00
1.000000e+00,0.000000e+00,0.000000e+00,0.000000e+00,0.000000e+00,0.000000e+00,0.000000e+00,0.000000e+00,0.000000e+00,0.000000e+00,0.000000e+00,0.000000e+00,0.000000e+00,0.000000e+00,0.000000e+00
1.000000e+00,0.000000e+00,0.000000e+00,0.000000e+00,0.000000e+00,0.000000e+00,0.000000e+00,0.000000e+00,0.000000e+00,0.000000e+00,0.000000e+00,0.000000e+00,0.000000e+00,0.000000e+00,0.000000e+00
1.000000e+00,0.000000e+00,0.000000e+00,0.000000e+00,0.000000e+00,0.000000e+00,0.000000e+00,0.000000e+00,0.000000e+00,0.000000e+00,0.000000e+00,0.000000e+00,0.000000e+00,0.000000e+00,0.000000e+00
1.000000e+00,0.000000e+00,0.000000e+00,0.000000e+00,0.000000e+00,0.000000e+00,0.000000e+00,0.000000e+00,0.000000e+00,0.000000e+00,0.000000e+00,0.000000e+00,0.000000e+00,0.000000e+00,0.000000e+00
1.000000e+00,0.000000e+00,0.000000e+00,0.000000e+00,0.000000e+00,0.000000e+00,0.000000e+00,0.000000e+00,0.000000e+00,0.000000e+00,0.000000e+00,0.000000e+00,0.000000e+00,0.000000e+00,0.000000e+00
1.000000e+00,0.000000e+00,0.000000e+00,0.000000e+00,0.000000e+00,0.000000e+00,0.000000e+00,0.000000e+00,0.000000e+00,0.000000e+00,0.000000e+00,0.000000e+00,0.000000e+00,0.000000e+00,0.000000e+00
1.000000e+00,0.000000e+00,0.000000e+00,0.000000e+00,0.000000e+00,0.000000e+00,0.000000e+00,0.000000e+00,0.000000e+00,0.000000e+00,0.000000e+00,0.000000e+00,0.000000e+00,0.000000e+00,0.000000e+00
1.000000e+00,0.000000e+00,0.000000e+00,0.000000e+00,0.000000e+00,0.000000e+00,0.000000e+00,0.000000e+00,0.000000e+00,0.000000e+00,0.000000e+00,0.000000e+00,0.000000e+00,0.000000e+00,0.000000e+00
1.000000e+00,0.000000e+00,0.000000e+00,0.000000e+00,0.000000e+00,0.000000e+00,0.000000e+00,0.000000e+00,0.000000e+00,0.000000e+00,0.000000e+00,0.000000e+00,0.000000e+00,0.000000e+00,0.000000e+00
1.000000e+00,0.000000e+00,0.000000e+00,0.000000e+00,0.000000e+00,0.000000e+00,0.000000e+00,0.000000e+00,0.000000e+00,0.000000e+00,0.000000e+00,0.000000e+00,0.000000e+00,0.000000e+00,0.000000e+00
1.000000e+00,0.000000e+00,0.000000e+00,0.000000e+00,0.000000e+00,0.000000e+00,0.000000e+00,0.000000e+00,0.000000e+00,0.000000e+00,0.000000e+00,0.000000e+00,0.000000e+00,0.000000e+00,0.000000e+00
4.423947e-01,5.398354e-02,3.615537e-02,2.289070e-01,1.327283e-02,2.320777e-02,6.019018e-03,2.706439e-02,3.939985e-02,2.906984e-03,3.597479e-02,3.148091e-02,1.330170e-02,9.220150e-03,3.671101e-02
4.775361e-01,5.460694e-02,3.015728e-02,1.991358e-01,1.531913e-02,2.237085e-02,6.431958e-03,2.340748e-02,4.297011e-02,2.853493e-03,3.574022e-02,2.881459e-02,1.490966e-02,8.944022e-03,3.680242e-02
1.000000e+00,0.000000e+00,0.000000e+00,0.000000e+00,0.000000e+00,0.000000e+00,0.000000e+00,0.000000e+00,0.000000e+00,0.000000e+00,0.000000e+00,0.000000e+00,0.000000e+00,0.000000e+00,0.000000e+00
4.426168e-01,5.421782e-02,5.019241e-02,1.925803e-01,1.970241e-02,2.444445e-02,7.140713e-03,3.036911e-02,3.369106e-02,3.134924e-03,3.573886e-02,3.829613e-02,1.736832e-02,8.215858e-03,4.229083e-02
4.118535e-01,6.014808e-02,6.994203e-02,1.889860e-01,1.957537e-02,2.329670e-02,6.990734e-03,2.835860e-02,3.136887e-02,4.161546e-03,3.285886e-02,4.090089e-02,1.894010e-02,7.643654e-03,5.497508e-02
4.904422e-01,5.357048e-02,5.337701e-02,1.539670e-01,1.778672e-02,2.339485e-02,6.810072e-03,2.259111e-02,2.576564e-02,3.971512e-03,2.721283e-02,4.001821e-02,2.166620e-02,7.657934e-03,5.176836e-02
4.520205e-01,5.482237e-02,6.726664e-02,1.595494e-01,1.724596e-02,2.753072e-02,7.352068e-03,2.155096e-02,2.473962e-02,3.822094e-03,2.671844e-02,4.416631e-02,2.625199e-02,7.489666e-03,5.947329e-02
3.999218e-01,4.705093e-02,1.196031e-01,1.851537e-01,1.422146e-02,2.270594e-02,5.831770e-03,2.227086e-02,2.085233e-02,3.663133e-03,2.584897e-02,4.389621e-02,2.534522e-02,6.286229e-03,5.734846e-02
4.390276e-01,3.962780e-02,1.431170e-01,1.601071e-01,1.332110e-02,1.931692e-02,5.016224e-03,2.118936e-02,1.721764e-02,3.162895e-03,2.471974e-02,3.854227e-02,2.260199e-02,5.925413e-03,4.710701e-02
1.000000e+00,0.000000e+00,0.000000e+00,0.000000e+00,0.000000e+00,0.000000e+00,0.000000e+00,0.000000e+00,0.000000e+00,0.000000e+00,0.000000e+00,0.000000e+00,0.000000e+00,0.000000e+00,0.000000e+00
1.000000e+00,0.000000e+00,0.000000e+00,0.000000e+00,0.000000e+00,0.000000e+00,0.000000e+00,0.000000e+00,0.000000e+00,0.000000e+00,0.000000e+00,0.000000e+00,0.000000e+00,0.000000e+00,0.000000e+00
1.000000e+00,0.000000e+00,0.000000e+00,0.000000e+00,0.000000e+00,0.000000e+00,0.000000e+00,0.000000e+00,0.000000e+00,0.000000e+00,0.000000e+00,0.000000e+00,0.000000e+00,0.000000e+00,0.000000e+00
1.000000e+00,0.000000e+00,0.000000e+00,0.000000e+00,0.000000e+00,0.000000e+00,0.000000e+00,0.000000e+00,0.000000e+00,0.000000e+00,0.000000e+00,0.000000e+00,0.000000e+00,0.000000e+00,0.000000e+00
1.000000e+00,0.000000e+00,0.000000e+00,0.000000e+00,0.000000e+00,0.000000e+00,0.000000e+00,0.000000e+00,0.000000e+00,0.000000e+00,0.000000e+00,0.000000e+00,0.000000e+00,0.000000e+00,0.000000e+00
1.000000e+00,0.000000e+00,0.000000e+00,0.000000e+00,0.000000e+00,0.000000e+00,0.000000e+00,0.000000e+00,0.000000e+00,0.000000e+00,0.000000e+00,0.000000e+00,0.000000e+00,0.000000e+00,0.000000e+00
1.000000e+00,0.000000e+00,0.000000e+00,0.000000e+00,0.000000e+00,0.000000e+00,0.000000e+00,0.000000e+00,0.000000e+00,0.000000e+00,0.000000e+00,0.000000e+00,0.000000e+00,0.000000e+00,0.000000e+00
1.000000e+00,0.000000e+00,0.000000e+00,0.000000e+00,0.000000e+00,0.000000e+00,0.000000e+00,0.000000e+00,0.000000e+00,0.000000e+00,0.000000e+00,0.000000e+00,0.000000e+00,0.000000e+00,0.000000e+00
1.000000e+00,0.000000e+00,0.000000e+00,0.000000e+00,0.000000e+00,0.000000e+00,0.000000e+00,0.000000e+00,0.000000e+00,0.000000e+00,0.000000e+00,0.000000e+00,0.000000e+00,0.000000e+00,0.000000e+00
1.000000e+00,0.000000e+00,0.000000e+00,0.000000e+00,0.000000e+00,0.000000e+00,0.000000e+00,0.000000e+00,0.000000e+00,0.000000e+00,0.000000e+00,0.000000e+00,0.000000e+00,0.000000e+00,0.000000e+00
1.000000e+00,0.000000e+00,0.000000e+00,0.000000e+00,0.000000e+00,0.000000e+00,0.000000e+00,0.000000e+00,0.000000e+00,0.000000e+00,0.000000e+00,0.000000e+00,0.000000e+00,0.000000e+00,0.000000e+00
1.000000e+00,0.000000e+00,0.000000e+00,0.000000e+00,0.000000e+00,0.000000e+00,0.000000e+00,0.000000e+00,0.000000e+00,0.000000e+00,0.000000e+00,0.000000e+00,0.000000e+00,0.000000e+00,0.000000e+00
1.000000e+00,0.000000e+00,0.000000e+00,0.000000e+00,0.000000e+00,0.000000e+00,0.000000e+00,0.000000e+00,0.000000e+00,0.000000e+00,0.000000e+00,0.000000e+00,0.000000e+00,0.000000e+00,0.000000e+00
4.812736e-01,1.434177e-02,1.210807e-02,2.879907e-01,1.132690e-02,1.153091e-02,2.058591e-03,2.046023e-02,4.532964e-03,1.212748e-03,1.124105e-01,1.862355e-02,1.021947e-02,2.268293e-03,9.641658e-03
3.422157e-01,1.084198e-02,8.583218e-03,2.986912e-01,5.830276e-02,8.690379e-03,1.731151e-03,1.480956e-02,1.198041e-02,1.185419e-03,1.909062e-01,1.844452e-02,9.357090e-03,1.727396e-02,6.986486e-03
2.457861e-01,8.092863e-03,6.105082e-03,2.946265e-01,5.451101e-02,6.266410e-03,1.304219e-03,1.100121e-02,9.092429e-03,1.050344e-03,2.970815e-01,3.353983e-02,7.588637e-03,1.895950e-02,4.994451e-03
1.739421e-01,5.769928e-03,4.343911e-03,2.209918e-01,4.432496e-02,5.119556e-03,9.610584e-04,7.983695e-03,7.285219e-03,9.502394e-04,4.407710e-01,6.081256e-02,5.583201e-03,1.744002e-02,3.720723e-03
1.234374e-01,4.077832e-03,3.057035e-03,1.591216e-01,3.605126e-02,3.938603e-03,7.079617e-04,5.777985e-03,5.519116e-03,7.181717e-04,5.755024e-01,6.029278e-02,4.077830e-03,1.505992e-02,2.660153e-03
8.972809e-02,3.346213e-03,2.391764e-03,1.130192e-01,3.701349e-02,3.102938e-03,5.300135e-04,4.146153e-03,4.442615e-03,6.949611e-04,6.572070e-01,4.759438e-02,3.244497e-03,3.133602e-02,2.202713e-03
6.471592e-02,2.635622e-03,1.968576e-03,8.164512e-02,3.142321e-02,2.577300e-03,4.234476e-04,3.113720e-03,3.478464e-03,9.886459e-04,6.674078e-01,3.615470e-02,2.608055e-03,9.921111e-02,1.648335e-03
4.697929e-02,2.163443e-03,1.572731e-03,5.892262e-02,2.454735e-02,2.082416e-03,3.117486e-04,2.260717e-03,2.989257e-03,9.969580e-04,6.035935e-01,3.185099e-02,2.147963e-03,2.182977e-01,1.283272e-03
3.321693e-02,1.676890e-03,1.867305e-03,4.911816e-02,2.167040e-02,2.272098e-03,2.436092e-04,2.229351e-03,1.085974e-02,1.078689e-03,6.321422e-01,3.328650e-02,2.998226e-03,2.058220e-01,1.517795e-03
2.343498e-02,1.250984e-03,1.843776e-03,3.695541e-02,1.742694e-02,2.182049e-03,1.818658e-04,1.701633e-03,9.159145e-03,1.013900e-03,5.869580e-01,2.853977e-02,2.513154e-03,2.854597e-01,1.378658e-03
1.686135e-02,1.233718e-03,2.850847e-03,2.770446e-02,2.430116e-02,2.073068e-03,2.018883e-04,1.596051e-03,1.001374e-02,1.471813e-03,5.194138e-01,2.305418e-02,3.533539e-03,3.632728e-01,2.417423e-03
1.468073e-02,1.809048e-03,1.132948e-02,2.417226e-02,2.018574e-02,3.877935e-03,2.827964e-04,4.339643e-03,1.315188e-02,3.442783e-03,4.064165e-01,1.796610e-02,4.920100e-03,4.705037e-01,2.921281e-03
1.871732e-02,4.344550e-03,1.466983e-02,2.079388e-02,2.003876e-02,5.024092e-03,3.917002e-04,7.330689e-03,1.822307e-02,8.008566e-03,3.298450e-01,1.482395e-02,5.636588e-03,5.289857e-01,3.166297e-03
3.415376e-02,6.460837e-03,2.051155e-02,2.069852e-02,1.698343e-02,7.670610e-03,5.367733e-04,8.146637e-03,3.423894e-02,9.381708e-03,2.698236e-01,1.355307e-02,7.349030e-03,5.468819e-01,3.609630e-03
5.510565e-02,9.259794e-03,2.277364e-02,1.833075e-02,1.664936e-02,9.405155e-03,6.031563e-04,7.919339e-03,3.862587e-02,1.061358e-02,2.214835e-01,1.219189e-02,7.986172e-03,5.631144e-01,5.937829e-03
9.094054e-02,1.407677e-02,1.818527e-02,1.592941e-02,1.448683e-02,1.119902e-02,7.177729e-04,7.436302e-03,4.546860e-02,9.353334e-03,1.691961e-01,1.048248e-02,7.293019e-03,5.723294e-01,1.290521e-02
1.281833e-01,1.314061e-02,1.443514e-02,1.653256e-02,1.230126e-02,1.289541e-02,1.209530e-03,1.056041e-02,5.299533e-02,8.676019e-03,1.281104e-01,9.726550e-03,7.687756e-03,5.698899e-01,1.365582e-02
1.405918e-01,1.367859e-02,1.142652e-02,1.443425e-02,1.132634e-02,1.239869e-02,1.350204e-03,2.252980e-02,5.810224e-02,8.719355e-03,9.833341e-02,8.454317e-03,6.962029e-03,5.763552e-01,1.533725e-02
1.508785e-01,1.588890e-02,1.261615e-02,3.061696e-02,1.243127e-02,1.204530e-02,1.682701e-03,5.048784e-02,8.144233e-02,1.133273e-02,8.006345e-02,9.179872e-03,7.451093e-03,5.070965e-01,1.678638e-02
1.570620e-01,2.498091e-02,1.032249e-02,2.317750e-02,1.207496e-02,1.705760e-02,1.602744e-03,4.527610e-02,1.918899e-01,8.761212e-03,6.071642e-02,7.306056e-03,5.710942e-03,4.212159e-01,1.284515e-02
1.352055e-01,3.955308e-02,9.754038e-03,2.436677e-02,1.206941e-02,1.296673e-02,1.350742e-03,6.610925e-02,3.309138e-01,6.301447e-03,4.325251e-02,5.939841e-03,4.461063e-03,2.980521e-01,9.703737e-03
1.172011e-01,4.530358e-02,1.168697e-02,8.150069e-02,1.987292e-02,1.189749e-02,1.012873e-03,9.280255e-02,3.570642e-01,4.753616e-03,3.115981e-02,4.463433e-03,3.465788e-03,2.095621e-01,8.252881e-03
1.160134e-01,4.543134e-02,1.029115e-02,1.177250e-01,3.158417e-02,1.279194e-02,7.936920e-04,8.536288e-02,3.894097e-01,3.643577e-03,2.427428e-02,4.258746e-03,3.024437e-03,1.471858e-01,8.209957e-03
1.452217e-01,3.880420e-02,8.577400e-03,1.815456e-01,3.159026e-02,1.239126e-02,8.128891e-04,1.114481e-01,3.231133e-01,3.225995e-03,2.155125e-02,6.291969e-03,2.608777e-03,1.040965e-01,8.720853e-03
2.223854e-01,3.322881e-02,1.057839e-02,2.133391e-01,3.171998e-02,1.347457e-02,9.677489e-04,9.858164e-02,2.601696e-01,2.868647e-03,1.907929e-02,8.455250e-03,2.225724e-03,7.385797e-02,9.067943e-03
2.688512e-01,3.319609e-02,1.940063e-02,2.280485e-01,2.712213e-02,1.162668e-02,9.604620e-04,8.430386e-02,2.039432e-01,7.724636e-03,2.075155e-02,9.539464e-03,3.232626e-03,5.313259e-02,2.816651e-02
2.975195e-01,6.708475e-02,4.816445e-02,1.934295e-01,3.805708e-02,1.513728e-02,1.133378e-03,6.368072e-02,1.666484e-01,7.615249e-03,1.898789e-02,9.980481e-03,5.273713e-03,3.878809e-02,2.849969e-02
3.560896e-01,6.344508e-02,4.127762e-02,1.774817e-01,5.085871e-02,1.843184e-02,3.826742e-03,5.325200e-02,1.319958e-01,6.425658e-03,1.953709e-02,1.370256e-02,8.158072e-03,2.876410e-02,2.675358e-02
3.361084e-01,6.417401e-02,3.457231e-02,1.728628e-01,7.597455e-02,1.838906e-02,6.239801e-03,8.116969e-02,1.161046e-01,5.292241e-03,1.767275e-02,1.601586e-02,1.101147e-02,2.122887e-02,2.318372e-02
2.538393e-01,4.780658e-02,2.611099e-02,1.871665e-01,1.977987e-01,2.362138e-02,5.087892e-03,6.123861e-02,8.889285e-02,4.623218e-03,1.850425e-02,1.816513e-02,3.327472e-02,1.514707e-02,1.872291e-02
2.095018e-01,3.644823e-02,2.053590e-02,2.112124e-01,1.446623e-01,8.190484e-02,6.462809e-03,4.490825e-02,6.685252e-02,8.272475e-03,2.205721e-02,1.477008e-02,1.024663e-01,1.073266e-02,1.921231e-02
1.480020e-01,2.756252e-02,1.453346e-02,1.725319e-01,1.017872e-01,6.522395e-02,4.721294e-03,3.171603e-02,4.883292e-02,6.528734e-03,1.708966e-02,1.274691e-02,3.266471e-01,7.536485e-03,1.453993e-02
1.046378e-01,2.058340e-02,1.036695e-02,1.304961e-01,7.174933e-02,5.436770e-02,4.004794e-03,2.250223e-02,3.774473e-02,5.321680e-03,1.347933e-02,1.318036e-02,4.930567e-01,5.306103e-03,1.320290e-02
7.712717e-02,1.539002e-02,8.152588e-03,9.358915e-02,5.144788e-02,4.972236e-02,3.332005e-03,1.639057e-02,3.435017e-02,4.007620e-03,1.279385e-02,2.987323e-02,5.873005e-01,3.884354e-03,1.263860e-02
5.837448e-02,1.138861e-02,6.269206e-03,6.638833e-02,3.838004e-02,3.944140e-02,2.781180e-03,1.209036e-02,3.050715e-02,2.945401e-03,1.046549e-02,2.551031e-02,6.820931e-01,2.807916e-03,1.055709e-02
7.208692e-02,2.491068e-02,2.098151e-02,6.437197e-02,4.549964e-02,4.222549e-02,4.732070e-03,1.239637e-02,4.591132e-02,8.455418e-03,1.976203e-02,4.331527e-02,5.774546e-01,5.761692e-03,1.213507e-02
5.297934e-02,2.286242e-02,1.960112e-02,5.183767e-02,3.658452e-02,3.267491e-02,4.249287e-03,1.006562e-02,4.102009e-02,7.011232e-03,2.295668e-02,7.745733e-02,6.043219e-01,6.320459e-03,1.005741e-02
3.963374e-02,1.704212e-02,1.444741e-02,3.850773e-02,2.988777e-02,2.380298e-02,3.377513e-03,8.308457e-03,3.618481e-02,6.299779e-03,3.025511e-02,8.378701e-02,6.548283e-01,5.944169e-03,7.693129e-03
3.518508e-02,1.259083e-02,1.128174e-02,2.744918e-02,2.457216e-02,1.891754e-02,2.953508e-03,6.927835e-03,3.130213e-02,8.816090e-03,3.265610e-02,2.137564e-01,5.620511e-01,5.476951e-03,6.063400e-03
4.659721e-02,1.050114e-02,9.856981e-03,2.006503e-02,2.322675e-02,1.608346e-02,2.878072e-03,9.345189e-03,2.747105e-02,1.012536e-02,3.896648e-02,2.657175e-01,5.065889e-01,6.960293e-03,5.616605e-03
9.416620e-02,1.251373e-02,1.780772e-02,1.676329e-02,2.008411e-02,1.594720e-02,2.722957e-03,9.999156e-03,3.261519e-02,4.549354e-02,5.638005e-02,2.540118e-01,4.013992e-01,1.068431e-02,9.411624e-03
7.743339e-02,1.562805e-02,2.229841e-02,1.244126e-02,1.633018e-02,1.296747e-02,2.077868e-03,8.998888e-03,3.496265e-02,6.815521e-02,7.378283e-02,2.376311e-01,3.291286e-01,7.135181e-02,1.681227e-02
6.156169e-02,1.874307e-02,2.574476e-02,9.369443e-03,1.289854e-02,1.162479e-02,1.589184e-03,7.369403e-03,3.764201e-02,7.978280e-02,9.642677e-02,2.163974e-01,2.747951e-01,1.240788e-01,2.197629e-02
6.082312e-02,2.468010e-02,2.300434e-02,7.511630e-03,1.137341e-02,1.069761e-02,1.457948e-03,6.391323e-03,1.039380e-01,7.861476e-02,7.888739e-02,1.971559e-01,2.217849e-01,1.354474e-01,3.823224e-02
5.125669e-02,2.581071e-02,1.973529e-02,6.027095e-03,9.719547e-03,9.372195e-03,1.249951e-03,5.617184e-03,2.133917e-01,7.353178e-02,6.272920e-02,1.623291e-01,1.730498e-01,1.310525e-01,5.512736e-02
4.395640e-02,2.546453e-02,1.614928e-02,4.805702e-03,7.486951e-03,7.314825e-03,9.594678e-04,4.708499e-03,2.695524e-01,6.196061e-02,8.832773e-02,1.201522e-01,1.269821e-01,1.408815e-01,8.129784e-02
5.048813e-02,1.981803e-02,1.248828e-02,4.059754e-03,6.128565e-03,8.164799e-03,8.653818e-04,4.390386e-03,2.823232e-01,4.855346e-02,1.636447e-01,1.044900e-01,9.476174e-02,1.256518e-01,7.417172e-02
5.223618e-02,1.531694e-02,9.032651e-03,3.242271e-03,5.005911e-03,6.913728e-03,8.084945e-04,3.543588e-03,3.007289e-01,3.726906e-02,2.091054e-01,8.808246e-02,7.030942e-02,1.329241e-01,6.548093e-02
4.701191e-02,1.131113e-02,6.443672e-03,3.014541e-03,3.790315e-03,5.632094e-03,6.836983e-04,2.607923e-03,3.412477e-01,2.803924e-02,1.942136e-01,9.317452e-02,5.299718e-02,1.575986e-01,5.223388e-02
4.341051e-02,1.274957e-02,5.227550e-03,3.557776e-03,3.185785e-03,5.167563e-03,5.481935e-04,1.901349e-03,3.943048e-01,2.199711e-02,1.633258e-01,1.020904e-01,4.362239e-02,1.572291e-01,4.168206e-02
4.047761e-02,1.537636e-02,4.030550e-03,3.964258e-03,2.864466e-03,4.504283e-03,4.395203e-04,1.704959e-03,4.037628e-01,1.816380e-02,2.006869e-01,8.741967e-02,3.237041e-02,1.495920e-01,3.464246e-02
2.986465e-02,1.502047e-02,3.259492e-03,3.626224e-03,2.347797e-03,4.549377e-03,3.364555e-04,1.453717e-03,4.178515e-01,1.611447e-02,2.000886e-01,7.112923e-02,2.351245e-02,1.817164e-01,2.912918e-02
2.480179e-02,1.658771e-02,3.959262e-03,4.550423e-03,2.082064e-03,2.833770e-02,6.202725e-04,1.865933e-03,4.160706e-01,1.582642e-02,1.900169e-01,7.395373e-02,2.054863e-02,1.702610e-01,3.051755e-02
1.790761e-02,1.579635e-02,3.269090e-03,4.062830e-03,1.655541e-03,2.530463e-02,4.526839e-04,1.434247e-03,3.535451e-01,1.549210e-02,1.978887e-01,5.649073e-02,1.611219e-02,2.505741e-01,4.001408e-02
1.278310e-02,2.212362e-02,3.571158e-03,3.126059e-03,1.310916e-03,2.071323e-02,3.416893e-04,1.179771e-03,2.911953e-01,1.371460e-02,1.680121e-01,4.227407e-02,1.185747e-02,3.774961e-01,3.030090e-02
9.431035e-03,1.987449e-02,3.350351e-03,2.443857e-03,9.634536e-04,1.646840e-02,2.562372e-04,9.539796e-04,2.445142e-01,1.185378e-02,1.284435e-01,3.129340e-02,8.545555e-03,4.994352e-01,2.217266e-02
9.004829e-03,1.696531e-02,5.370532e-03,2.057591e-03,7.284479e-04,2.490623e-02,2.098492e-04,9.407254e-04,2.532341e-01,1.205807e-02,1.169766e-01,2.270574e-02,6.407929e-03,5.104747e-01,1.795925e-02
1.521556e-02,1.510708e-02,8.214219e-03,1.922173e-03,5.511747e-04,6.375362e-02,1.697938e-04,9.317774e-04,2.325770e-01,1.097866e-02,1.414011e-01,1.638667e-02,5.958175e-03,4.541958e-01,3.263716e-02
2.575748e-02,1.109115e-02,1.593340e-02,2.266884e-03,6.203233e-04,2.292764e-01,5.864060e-04,3.390961e-03,1.796388e-01,1.013742e-02,1.115773e-01,1.187139e-02,4.383222e-03,3.675513e-01,2.591767e-02
3.278959e-02,8.217162e-03,1.320445e-02,1.954263e-03,5.843407e-04,2.726685e-01,4.554565e-04,2.847613e-03,1.369997e-01,8.914369e-03,1.254733e-01,8.919051e-03,3.324474e-03,3.627771e-01,2.087073e-02
3.283156e-02,6.616578e-03,2.257985e-02,9.604123e-03,1.151311e-03,3.018938e-01,8.879934e-04,3.221850e-02,1.106726e-01,9.958884e-03,1.381795e-01,6.662562e-03,2.723796e-03,3.084872e-01,1.553172e-02
3.743437e-02,5.201280e-03,2.621646e-02,9.725239e-03,1.144294e-03,3.027685e-01,7.925896e-04,2.968383e-02,8.734423e-02,9.365247e-03,1.420615e-01,4.790928e-03,2.046253e-03,3.297105e-01,1.171472e-02
4.415341e-02,4.610454e-03,2.634581e-02,7.944309e-03,1.066820e-03,3.220063e-01,6.727141e-04,2.263952e-02,6.746423e-02,8.027907e-03,1.474617e-01,3.546683e-03,1.554705e-03,3.331715e-01,9.333816e-03
5.025875e-02,4.520602e-03,2.300734e-02,6.435140e-03,8.322373e-04,3.495397e-01,5.651498e-04,1.772315e-02,5.537599e-02,6.081922e-03,1.690799e-01,2.694734e-03,1.271537e-03,3.051830e-01,7.430888e-03
4.941930e-02,4.688511e-03,1.884055e-02,4.969992e-03,6.861737e-04,3.462251e-01,4.470728e-04,1.336305e-02,4.472001e-02,4.457770e-03,1.796989e-01,2.200627e-03,1.108526e-03,3.226969e-01,6.477610e-03
5.112924e-02,4.384384e-03,1.621271e-02,4.410974e-03,9.174364e-04,3.114146e-01,3.956399e-04,1.076261e-02,4.632435e-02,3.506284e-03,1.791611e-01,2.013119e-03,8.871829e-04,3.630458e-01,5.434551e-03
4.933750e-02,3.661388e-03,1.456418e-02,3.764306e-03,1.187234e-03,2.959957e-01,4.220789e-04,9.004976e-03,6.256671e-02,2.727962e-03,1.842513e-01,1.861464e-03,8.153663e-04,3.651742e-01,4.665683e-03
4.569926e-02,3.577406e-03,1.177697e-02,3.319870e-03,1.369874e-03,3.881009e-01,3.663533e-04,7.100553e-03,5.458869e-02,2.293615e-03,1.872910e-01,1.497402e-03,8.412317e-04,2.870510e-01,5.125900e-03
4.074942e-02,6.014763e-03,1.072843e-02,3.910857e-03,3.563657e-03,3.500071e-01,3.799963e-04,5.935723e-03,4.815026e-02,2.108649e-03,2.635645e-01,2.519808e-03,8.465533e-04,2.559059e-01,5.614435e-03
3.291137e-02,5.816124e-03,9.269250e-03,3.089623e-03,3.450995e-03,2.751675e-01,4.258607e-04,4.389683e-03,3.634103e-02,2.065345e-03,3.876665e-01,5.725796e-03,1.039069e-03,2.269335e-01,5.708339e-03
2.616383e-02,5.080070e-03,6.865882e-03,2.861952e-03,3.757360e-03,2.020583e-01,4.962920e-04,3.295292e-03,3.241110e-02,3.482993e-03,4.889747e-01,1.258081e-02,1.575642e-03,2.036195e-01,6.776252e-03
2.146232e-02,4.296191e-03,5.682337e-03,2.510563e-03,2.810209e-03,1.484773e-01,5.809931e-04,2.478335e-03,5.631121e-02,4.580127e-03,4.370983e-01,2.048242e-02,1.212372e-03,2.860341e-01,5.983308e-03
1.822907e-02,5.737650e-03,4.909877e-03,1.955695e-03,2.189512e-03,1.246191e-01,5.813146e-04,1.812062e-03,7.472584e-02,4.331341e-03,3.740582e-01,3.029430e-02,1.008262e-03,3.499718e-01,5.575994e-03
1.418484e-02,4.395569e-03,4.043305e-03,1.846568e-03,1.835541e-03,8.987615e-02,4.899019e-04,1.340650e-03,1.571052e-01,3.930271e-03,2.900960e-01,2.348523e-02,7.614009e-04,4.020607e-01,4.548655e-03
1.760427e-02,3.331990e-03,3.334377e-03,2.586904e-03,1.781824e-03,6.509246e-02,5.297806e-04,1.045407e-03,1.987280e-01,5.145807e-03,2.277114e-01,1.789338e-02,6.717431e-04,4.503976e-01,4.145117e-03
1.726305e-02,3.188289e-03,2.728070e-03,2.462599e-03,1.426586e-03,4.642416e-02,4.701682e-04,8.841245e-04,1.910315e-01,5.535158e-03,1.827477e-01,1.415587e-02,5.686685e-04,5.273201e-01,3.793914e-03
2.227039e-02,1.018893e-02,3.548347e-03,3.251378e-03,1.538832e-03,3.477287e-02,7.343158e-04,1.546084e-03,2.948694e-01,6.042719e-03,1.428080e-01,1.290103e-02,5.889863e-04,4.616235e-01,3.315293e-03
1.892715e-02,8.374671e-03,3.067795e-03,3.014174e-03,1.326794e-03,2.491099e-02,5.967823e-04,1.332895e-03,3.425181e-01,6.005934e-03,1.116730e-01,1.010760e-02,5.496955e-04,4.646718e-01,2.922694e-03
1.666972e-02,1.049070e-02,2.681383e-03,3.613286e-03,1.592866e-03,1.855222e-02,5.809292e-04,1.670309e-03,4.597366e-01,5.577158e-03,8.281671e-02,7.467026e-03,4.938327e-04,3.848174e-01,3.239939e-03
1.510541e-02,1.195419e-02,2.751991e-03,4.734909e-03,1.959123e-03,1.530809e-02,6.655860e-04,2.272717e-03,5.286251e-01,5.408844e-03,6.093166e-02,5.724770e-03,5.880953e-04,3.398772e-01,4.092270e-03
1.525025e-02,1.233875e-02,4.353254e-03,1.724837e-02,2.690087e-03,1.343266e-02,6.103760e-04,2.401303e-03,5.811189e-01,7.540219e-03,4.514272e-02,4.240543e-03,7.502048e-04,2.837266e-01,9.155613e-03
1.913673e-02,1.227153e-02,5.179961e-03,2.611676e-02,5.538962e-03,1.160389e-02,6.125286e-04,2.751607e-03,6.153581e-01,7.635229e-03,3.391031e-02,3.432460e-03,1.095062e-03,2.417934e-01,1.356341e-02
1.889864e-02,1.592647e-02,4.344345e-03,2.898736e-02,1.321276e-02,9.920406e-03,6.245433e-04,2.533621e-03,6.293954e-01,7.959530e-03,3.067094e-02,2.952022e-03,1.938395e-03,2.033881e-01,2.924743e-02
4.959966e-02,2.019600e-02,5.386641e-03,5.347782e-02,1.183912e-02,2.547206e-02,1.368670e-03,8.335582e-03,5.472183e-01,7.102993e-03,2.803443e-02,4.080388e-03,5.594713e-03,1.905680e-01,4.172562e-02
8.146888e-02,1.908058e-02,7.435601e-03,5.576392e-02,1.270132e-02,4.112444e-02,1.502107e-03,7.446277e-03,4.784937e-01,9.299712e-03,2.821517e-02,4.637011e-03,8.518094e-03,1.956027e-01,4.871048e-02
7.626740e-02,1.649828e-02,9.526403e-03,4.279629e-02,1.927278e-02,3.183411e-02,1.103240e-03,6.318587e-03,4.381554e-01,8.117575e-02,2.677901e-02,4.687880e-03,7.960272e-03,1.841581e-01,5.346648e-02
9.573588e-02,1.554798e-02,1.386456e-02,3.755371e-02,2.043022e-02,2.620770e-02,1.193029e-03,2.810033e-02,4.101207e-01,6.328800e-02,2.808854e-02,5.726772e-03,1.052092e-02,1.955772e-01,4.804447e-02
9.454142e-02,1.430551e-02,1.171942e-02,3.156583e-02,3.289777e-02,2.965792e-02,2.089003e-03,5.417300e-02,4.148533e-01,5.097225e-02,2.798487e-02,5.371003e-03,1.090833e-02,1.805276e-01,3.843269e-02
1.433644e-01,1.119360e-02,1.363386e-02,3.084800e-02,3.037882e-02,3.870109e-02,2.318850e-03,6.656976e-02,4.002016e-01,3.871811e-02,2.418958e-02,5.249360e-03,8.766614e-03,1.548951e-01,3.097128e-02
2.098219e-01,9.859622e-03,1.252213e-02,3.973649e-02,2.665886e-02,4.493007e-02,2.265282e-03,7.505473e-02,3.593195e-01,3.199302e-02,2.517273e-02,7.594114e-03,9.594394e-03,1.185090e-01,2.696824e-02
2.123445e-01,1.086306e-02,1.400619e-02,7.981277e-02,2.701284e-02,3.847914e-02,2.978710e-03,9.567980e-02,3.369532e-01,2.529103e-02,2.991802e-02,1.084343e-02,8.349396e-03,8.696201e-02,2.050594e-02
3.308832e-01,1.196130e-02,2.130391e-02,6.161137e-02,2.330295e-02,4.014879e-02,9.326836e-03,9.865299e-02,2.458854e-01,2.035259e-02,2.363106e-02,1.182304e-02,7.762511e-03,7.414035e-02,1.921380e-02
3.875732e-01,1.613539e-02,2.260472e-02,4.952329e-02,2.368360e-02,4.962780e-02,1.526133e-02,9.275243e-02,1.920480e-01,2.295375e-02,1.918242e-02,1.692508e-02,9.050475e-03,5.671792e-02,2.596068e-02
4.167725e-01,1.753389e-02,2.569324e-02,3.828257e-02,2.130271e-02,4.260302e-02,2.880518e-02,1.111687e-01,1.567838e-01,2.142544e-02,1.479890e-02,1.588943e-02,9.413903e-03,4.355698e-02,3.596979e-02
4.479318e-01,1.790075e-02,3.186889e-02,3.086054e-02,2.141304e-02,3.683949e-02,3.027152e-02,1.032571e-01,1.342274e-01,3.134228e-02,1.322530e-02,1.737661e-02,9.692512e-03,3.588989e-02,3.790292e-02
4.625233e-01,2.082462e-02,2.973783e-02,2.725115e-02,1.947770e-02,3.620009e-02,2.907985e-02,1.090959e-01,1.248600e-01,2.831253e-02,1.167907e-02,2.154327e-02,9.960045e-03,2.820425e-02,4.125030e-02
4.636795e-01,2.157001e-02,3.067328e-02,2.270825e-02,1.792393e-02,3.012932e-02,3.506224e-02,1.284750e-01,1.203980e-01,2.402674e-02,1.068894e-02,1.966055e-02,1.083549e-02,2.250057e-02,4.166817e-02
4.736290e-01,1.951653e-02,3.246778e-02,2.014727e-02,1.580591e-02,2.600235e-02,4.299797e-02,1.192231e-01,1.298361e-01,1.987761e-02,1.040945e-02,2.131651e-02,9.363492e-03,1.767118e-02,4.173579e-02
4.138005e-01,1.572573e-02,2.829921e-02,1.518096e-02,1.335851e-02,2.072910e-02,1.111490e-01,1.412977e-01,1.456468e-01,1.586295e-02,8.464092e-03,1.705950e-02,7.247634e-03,1.316674e-02,3.301164e-02
4.186644e-01,1.432564e-02,2.732028e-02,1.247345e-02,1.164758e-02,1.805923e-02,1.395415e-01,1.366130e-01,1.398474e-01,1.358028e-02,7.449895e-03,1.426641e-02,6.281640e-03,1.028388e-02,2.964547e-02
4.557394e-01,1.231589e-02,2.633854e-02,1.096967e-02,1.014562e-02,2.119765e-02,1.181688e-01,1.653404e-01,1.056217e-01,1.081458e-02,6.693180e-03,1.422462e-02,6.229127e-03,7.912915e-03,2.828781e-02
4.494552e-01,9.644539e-03,2.462022e-02,1.027485e-02,9.140661e-03,2.780491e-02,9.341591e-02,2.282808e-01,7.626953e-02,8.862308e-03,8.601137e-03,1.520209e-02,6.967338e-03,6.366012e-03,2.509451e-02
3.562656e-01,7.328744e-03,2.033354e-02,1.081144e-02,1.013392e-02,2.411940e-02,6.900014e-02,3.899696e-01,5.551254e-02,6.719721e-03,7.221730e-03,1.323447e-02,6.099640e-03,4.617966e-03,1.863151e-02
3.856247e-01,5.614623e-03,1.527428e-02,1.012598e-02,8.469313e-03,1.937280e-02,4.888353e-02,3.835886e-01,4.284892e-02,1.081748e-02,1.401707e-02,2.260589e-02,1.316528e-02,4.338607e-03,1.525292e-02
3.938017e-01,4.378754e-03,1.138965e-02,9.510178e-03,8.988926e-03,1.475794e-02,3.469948e-02,3.983845e-01,3.250732e-02,1.156087e-02,1.777024e-02,2.732711e-02,1.936236e-02,4.014989e-03,1.154594e-02
3.361496e-01,3.353779e-03,8.435790e-03,9.291062e-03,1.036358e-02,1.109645e-02,2.456576e-02,3.040934e-01,2.888019e-02,9.354018e-03,8.720256e-02,7.265803e-02,7.830308e-02,6.882857e-03,9.369862e-03
2.821570e-01,2.590406e-03,6.438405e-03,9.596705e-03,1.187479e-02,8.689642e-03,1.740154e-02,2.483195e-01,2.631037e-02,7.639613e-03,1.704483e-01,7.938190e-02,1.147460e-01,7.003327e-03,7.402473e-03
2.964590e-01,2.358992e-03,5.175794e-03,1.041117e-02,1.212531e-02,7.605490e-03,1.248472e-02,2.043791e-01,2.997923e-02,6.357215e-03,1.819175e-01,9.618570e-02,1.210989e-01,7.194754e-03,6.267015e-03
3.504729e-01,2.094741e-03,4.316377e-03,1.257210e-02,1.177157e-02,6.661313e-03,9.002757e-03,1.553413e-01,3.437147e-02,5.491828e-03,1.704042e-01,1.042702e-01,1.200965e-01,7.512408e-03,5.620338e-03
3.913027e-01,2.239042e-03,3.782334e-03,1.362757e-02,1.050258e-02,5.480913e-03,6.411678e-03,1.288788e-01,5.752283e-02,4.532098e-03,1.534797e-01,1.061668e-01,1.034532e-01,7.361780e-03,5.258044e-03
4.317647e-01,3.955976e-03,4.096194e-03,1.432678e-02,1.068356e-02,5.222628e-03,4.708854e-03,1.236303e-01,8.433321e-02,4.248189e-03,1.240945e-01,9.295513e-02,8.047842e-02,9.299695e-03,6.201847e-03
4.156366e-01,6.838717e-03,6.537963e-03,1.296266e-02,3.363859e-02,5.040945e-03,3.935026e-03,1.210373e-01,1.391413e-01,4.492774e-03,9.952850e-02,7.136109e-02,6.355464e-02,9.805840e-03,6.488095e-03
3.961519e-01,1.439432e-02,8.679252e-03,1.178257e-02,4.262313e-02,4.911692e-03,3.151489e-03,1.047029e-01,2.147578e-01,4.166756e-03,7.785248e-02,5.321567e-02,4.806755e-02,8.854851e-03,6.687658e-03
3.227257e-01,1.728759e-02,1.116069e-02,1.259109e-02,6.431036e-02,6.183825e-03,2.706632e-03,1.146355e-01,2.851218e-01,5.710515e-03,6.267534e-02,4.176258e-02,3.534428e-02,9.450089e-03,8.334066e-03
2.691396e-01,2.351886e-02,1.482848e-02,1.434807e-02,7.175980e-02,6.241991e-03,2.317643e-03,1.238893e-01,3.338749e-01,6.334593e-03,5.321137e-02,3.445268e-02,2.627766e-02,9.893267e-03,9.911798e-03
2.247774e-01,3.016099e-02,1.629071e-02,1.641989e-02,6.517020e-02,8.079891e-03,2.056245e-03,1.186151e-01,3.823335e-01,9.690131e-03,5.236760e-02,2.815710e-02,2.006547e-02,1.166400e-02,1.415186e-02
1.854410e-01,3.768725e-02,1.777899e-02,2.318395e-02,5.443861e-02,1.061218e-02,1.942932e-03,1.097496e-01,4.131951e-01,2.308549e-02,5.262944e-02,2.223207e-02,1.545107e-02,1.624902e-02,1.632332e-02
1.869358e-01,4.367797e-02,1.705780e-02,2.615296e-02,4.899224e-02,1.072106e-02,2.001567e-03,9.056271e-02,4.069741e-01,2.629054e-02,6.012738e-02,2.054374e-02,1.313988e-02,2.533184e-02,2.149044e-02
1.914174e-01,4.876076e-02,1.905959e-02,3.855354e-02,5.189600e-02,1.139926e-02,1.734235e-03,7.056570e-02,3.411564e-01,4.162974e-02,5.818985e-02,2.039651e-02,1.217512e-02,2.633506e-02,6.673092e-02
1.636273e-01,4.085775e-02,3.335911e-02,1.537662e-01,5.192340e-02,1.045456e-02,1.749065e-03,7.172922e-02,2.885780e-01,3.404710e-02,4.572729e-02,1.710509e-02,1.046462e-02,1.948161e-02,5.712966e-02
1.909418e-01,3.377385e-02,1.216599e-01,1.615878e-01,4.949498e-02,1.193379e-02,2.081760e-03,5.489553e-02,2.172609e-01,3.238910e-02,3.551633e-02,1.595422e-02,8.878455e-03,1.540022e-02,4.823142e-02
1.977118e-01,3.245291e-02,1.793879e-01,1.903012e-01,4.952294e-02,1.133115e-02,1.990131e-03,4.582627e-02,1.650214e-01,2.613815e-02,2.920670e-02,1.343453e-02,7.183961e-03,1.321969e-02,3.727122e-02
2.042448e-01,3.988121e-02,2.194486e-01,1.850332e-01,4.819323e-02,1.289055e-02,1.892535e-03,3.784839e-02,1.311982e-01,2.265748e-02,2.528372e-02,1.559413e-02,6.844029e-03,1.712681e-02,3.186311e-02
1.750704e-01,2.940483e-02,2.170573e-01,2.766466e-01,4.040879e-02,1.244829e-02,1.681819e-03,6.551976e-02,9.358557e-02,1.636019e-02,1.953399e-02,1.159841e-02,5.466419e-03,1.230004e-02,2.291757e-02
1.376200e-01,2.188336e-02,2.001904e-01,2.079215e-01,4.780196e-02,1.013727e-02,2.330095e-03,2.420390e-01,6.653144e-02,1.149587e-02,1.411480e-02,8.255373e-03,4.800275e-03,8.714091e-03,1.616446e-02
1.080856e-01,1.554267e-02,1.448684e-01,1.597891e-01,2.013244e-01,9.263661e-03,1.901721e-03,2.509308e-01,4.980502e-02,8.641681e-03,2.023945e-02,6.752667e-03,4.887109e-03,6.265524e-03,1.170223e-02
9.384102e-02,1.218200e-02,1.043311e-01,1.550547e-01,2.187619e-01,1.068494e-02,3.572863e-03,1.881458e-01,4.356649e-02,1.092195e-02,8.111902e-02,2.047645e-02,3.470433e-02,9.705686e-03,1.293189e-02
1.147472e-01,1.044882e-02,7.536741e-02,1.607770e-01,2.019953e-01,1.086611e-02,4.889677e-03,1.341306e-01,4.279190e-02,1.451856e-02,1.017124e-01,5.487963e-02,4.670534e-02,1.269355e-02,1.347657e-02
8.583005e-02,7.976295e-03,5.318240e-02,1.184418e-01,1.464309e-01,9.258999e-03,3.765645e-03,9.439996e-02,3.240650e-02,1.805746e-02,1.443428e-01,1.789041e-01,7.695286e-02,1.834660e-02,1.170364e-02
7.045776e-02,6.341011e-03,3.763925e-02,8.581083e-02,1.155664e-01,7.513686e-03,2.961913e-03,6.655023e-02,2.971590e-02,1.555772e-02,1.593287e-01,2.811225e-01,9.246384e-02,1.909381e-02,9.876423e-03
1.099636e-01,6.734335e-03,2.783952e-02,6.205788e-02,8.707844e-02,7.787632e-03,2.356808e-03,4.710067e-02,4.025542e-02,1.411208e-02,1.611882e-01,3.097593e-01,8.918323e-02,2.359358e-02,1.098932e-02
1.857226e-01,7.747929e-03,2.204119e-02,4.461028e-02,6.484151e-02,8.816579e-03,2.455035e-03,4.483050e-02,4.165716e-02,1.265442e-02,1.256395e-01,2.743240e-01,1.107223e-01,4.197059e-02,1.196643e-02
2.310917e-01,8.697594e-03,1.722433e-02,3.408279e-02,4.771427e-02,9.523699e-03,2.704098e-03,4.242650e-02,5.477171e-02,1.263629e-02,1.028215e-01,2.779901e-01,1.054165e-01,4.181738e-02,1.108153e-02
2.143591e-01,2.122413e-02,1.449247e-02,3.450280e-02,4.049624e-02,1.081317e-02,2.680487e-03,3.935792e-02,1.176990e-01,1.347360e-02,8.667910e-02,2.410609e-01,8.707566e-02,5.604883e-02,2.003653e-02
3.118983e-01,2.666744e-02,1.187799e-02,3.286554e-02,3.287134e-02,1.396673e-02,3.083384e-03,3.243561e-02,1.172002e-01,1.249286e-02,7.059421e-02,1.931380e-01,6.846251e-02,4.966047e-02,2.278559e-02
3.009732e-01,2.508877e-02,1.342189e-02,1.337041e-01,3.835925e-02,1.302321e-02,2.984731e-03,2.553945e-02,1.085297e-01,1.024138e-02,6.603089e-02,1.536650e-01,5.252799e-02,3.756130e-02,1.834921e-02
3.217512e-01,1.963481e-02,1.423953e-02,1.223662e-01,3.135324e-02,1.302466e-02,2.440703e-03,1.966181e-02,9.507789e-02,1.215247e-02,8.415934e-02,1.629187e-01,4.242265e-02,4.287849e-02,1.591828e-02
3.190632e-01,1.721659e-02,1.660787e-02,1.226706e-01,2.851910e-02,1.412012e-02,2.198166e-03,1.722371e-02,7.509320e-02,1.421412e-02,1.113328e-01,1.681893e-01,3.972344e-02,4.043018e-02,1.339758e-02
3.685298e-01,1.807765e-02,1.982547e-02,1.154105e-01,2.514481e-02,1.245537e-02,1.981838e-03,1.465105e-02,6.288719e-02,2.184877e-02,1.156397e-01,1.353534e-01,3.831262e-02,3.560427e-02,1.427764e-02
4.553318e-01,1.691590e-02,1.617620e-02,9.286280e-02,2.286692e-02,1.386454e-02,1.989520e-03,1.434969e-02,5.187153e-02,1.988654e-02,9.991571e-02,1.161552e-01,3.371773e-02,2.851504e-02,1.558094e-02
