1.000000e+00,0.000000e+00,0.000000e+00,0.000000e+00,0.000000e+00,0.000000e+00,0.000000e+00,0.000000e+00,0.000000e+00,0.000000e+00,0.000000e+00,0.000000e+00,0.000000e+00,0.000000e+00,0.000000e+00
1.000000e+00,0.000000e+00,0.000000e+00,0.000000e+00,0.000000e+00,0.000000e+00,0.000000e+00,0.000000e+00,0.000000e+00,0.000000e+00,0.000000e+00,0.000000e+00,0.000000e+00,0.000000e+00,0.000000e+00
1.000000e+00,0.000000e+00,0.000000e+00,0.000000e+00,0.000000e+00,0.000000e+00,0.000000e+00,0.000000e+00,0.000000e+00,0.000000e+00,0.000000e+00,0.000000e+00,0.000000e+00,0.000000e+00,0.000000e+00
1.000000e+00,0.000000e+00,0.000000e+00,0.000000e+00,0.000000e+00,0.000000e+00,0.000000e+00,0.000000e+00,0.000000e+00,0.000000e+00,0.000000e+00,0.000000e+00,0.000000e+00,0.000000e+00,0.000000e+00
1.000000e+00,0.000000e+00,0.000000e+00,0.000000e+00,0.000000e+00,0.000000e+00,0.000000e+00,0.000000e+00,0.000000e+00,0.000000e+00,0.000000e+00,0.000000e+00,0.000000e+00,0.000000e+00,0.000000e+00
1.000000e+00,0.000000e+00,0.000000e+00,0.000000e+00,0.000000e+00,0.000000e+00,0.000000e+00,0.000000e+00,0.000000e+00,0.000000e+00,0.000000e+00,0.000000e+00,0.000000e+00,0.000000e+00,0.000000e+00
1.000000e+00,0.000000e+00,0.000000e+00,0.000000e+00,0.000000e+00,0.000000e+00,0.000000e+00,0.000000e+00,0.000000e+00,0.000000e+00,0.000000e+00,0.000000e+00,0.000000e+00,0.000000e+00,0.000000e+00
1.000000e+00,0.000000e+00,0.000000e+00,0.000000e+00,0.000000e+00,0.000000e+00,0.000000e+00,0.000000e+00,0.000000e+00,0.000000e+00,0.000000e+00,0.000000e+00,0.000000e+00,0.000000e+00,0.000000e+00
1.000000e+00,0.000000e+00,0.000000e+00,0.000000e+00,0.000000e+00,0.000000e+00,0.000000e+00,0.000000e+00,0.000000e+00,0.000000e+00,0.000000e+00,0.000000e+00,0.000000e+00,0.000000e+00,0.000000e+00
1.000000e+00,0.000000e+00,0.000000e+00,0.000000e+00,0.000000e+00,0.000000e+00,0.000000e+00,0.000000e+00,0.000000e+00,0.000000e+00,0.000000e+00,0.000000e+00,0.000000e+00,0.000000e+00,0.000000e+00
1.000000e+00,0.000000e+00,0.000000e+00,0.000000e+00,0.000000e+00,0.000000e+00,0.000000e+00,0.000000e+00,0.000000e+00,0.000000e+00,0.000000e+00,0.000000e+00,0.000000e+00,0.000000e+00,0.000000e+00
1.000000e+00,0.000000e+00,0.000000e+00,0.000000e+00,0.000000e+00,0.000000e+00,0.000000e+00,0.000000e+00,0.000000e+00,0.000000e+00,0.000000e+00,0.000000e+00,0.000000e+00,0.000000e+00,0.000000e+00
1.000000e+00,0.000000e+00,0.000000e+00,0.000000e+00,0.000000e+00,0.000000e+00,0.000000e+00,0.000000e+00,0.000000e+00,0.000000e+00,0.000000e+00,0.000000e+00,0.000000e+00,0.000000e+00,0.000000e+00
1.000000e+00,0.000000e+00,0.000000e+00,0.000000e+00,0.000000e+00,0.000000e+00,0.000000e+00,0.000000e+00,0.000000e+00,0.000000e+00,0.000000e+00,0.000000e+00,0.000000e+00,0.000000e+00,0.000000e+00
1.000000e+00,0.000000e+00,0.000000e+00,0.000000e+00,0.000000e+00,0.000000e+00,0.000000e+00,0.000000e+00,0.000000e+00,0.000000e+00,0.000000e+00,0.000000e+00,0.000000e+00,0.000000e+00,0.000000e+00
1.000000e+00,0.000000e+00,0.000000e+00,0.000000e+00,0.000000e+00,0.000000e+00,0.000000e+00,0.000000e+00,0.000000e+00,0.000000e+00,0.000000e+00,0.000000e+00,0.000000e+00,0.000000e+00,0.000000e+00
1.000000e+00,0.000000e+00,0.000000e+00,0.000000e+00,0.000000e+00,0.000000e+00,0.000000e+00,0.000000e+00,0.000000e+00,0.000000e+00,0.000000e+00,0.000000e+00,0.000000e+00,0.000000e+00,0.000000e+00
1.000000e+00,0.000000e+00,0.000000e+00,0.000000e+00,0.000000e+00,0.000000e+00,0.000000e+00,0.000000e+00,0.000000e+00,0.000000e+00,0.000000e+00,0.000000e+00,0.000000e+00,0.000000e+00,0.000000e+00
1.000000e+00,0.000000e+00,0.000000e+00,0.000000e+00,0.000000e+00,0.000000e+00,0.000000e+00,0.000000e+00,0.000000e+00,0.000000e+00,0.000000e+00,0.000000e+00,0.000000e+00,0.000000e+00,0.000000e+00
1.000000e+00,0.000000e+00,0.000000e+00,0.000000e+00,0.000000e+00,0.000000e+00,0.000000e+00,0.000000e+00,0.000000e+00,0.000000e+00,0.000000e+00,0.000000e+00,0.000000e+00,0.000000e+00,0.000000e+00
1.000000e+00,0.000000e+00,0.000000e+00,0.000000e+00,0.000000e+00,0.000000e+00,0.000000e+00,0.000000e+00,0.000000e+00,0.000000e+00,0.000000e+00,0.000000e+00,0.000000e+00,0.000000e+00,0.000000e+00
1.000000e+00,0.000000e+00,0.000000e+00,0.000000e+00,0.000000e+00,0.000000e+00,0.000000e+00,0.000000e+00,0.000000e+00,0.000000e+00,0.000000e+00,0.000000e+00,0.000000e+00,0.000000e+00,0.000000e+00
1.000000e+00,0.000000e+00,0.000000e+00,0.000000e+00,0.000000e+00,0.000000e+00,0.000000e+00,0.000000e+00,0.000000e+00,0.000000e+00,0.000000e+00,0.000000e+00,0.000000e+00,0.000000e+00,0.000000e+00
1.000000e+00,0.000000e+00,0.000000e+00,0.000000e+00,0.000000e+00,0.000000e+00,0.000000e+00,0.000000e+00,0.000000e+00,0.000000e+00,0.000000e+00,0.000000e+00,0.000000e+00,0.000000e+00,0.000000e+00
1.000000e+00,0.000000e+00,0.000000e+00,0.000000e+00,0.000000e+00,0.000000e+00,0.000000e+00,0.000000e+00,0.000000e+00,0.000000e+00,0.000000e+00,0.000000e+00,0.000000e+00,0.000000e+00,0.000000e+00
1.000000e+00,0.000000e+00,0.000000e+00,0.000000e+00,0.000000e+00,0.000000e+00,0.000000e+00,0.000000e+00,0.000000e+00,0.000000e+00,0.000000e+00,0.000000e+00,0.000000e+00,0.000000e+00,0.000000e+00
1.000000e+00,0.000000e+00,0.000000e+00,0.000000e+00,0.000000e+00,0.000000e+00,0.000000e+00,0.000000e+00,0.000000e+00,0.000000e+00,0.000000e+00,0.000000e+00,0.000000e+00,0.000000e+00,0.000000e+00
1.000000e+00,0.000000e+00,0.000000e+00,0.000000e+00,0.000000e+00,0.000000e+00,0.000000e+00,0.000000e+00,0.000000e+00,0.000000e+00,0.000000e+00,0.000000e+00,0.000000e+00,0.000000e+00,0.000000e+00
1.000000e+00,0.000000e+00,0.000000e+00,0.000000e+00,0.000000e+00,0.000000e+00,0.000000e+00,0.000000e+00,0.000000e+00,0.000000e+00,0.000000e+00,0.000000e+00,0.000000e+00,0.000000e+00,0.000000e+00
1.000000e+00,0.000000e+00,0.000000e+00,0.000000e+00,0.000000e+00,0.000000e+00,0.000000e+00,0.000000e+00,0.000000e+00,0.000000e+00,0.000000e+00,0.000000e+00,0.000000e+00,0.000000e+00,0.000000e+00
1.000000e+00,0.000000e+00,0.000000e+00,0.000000e+00,0.000000e+00,0.000000e+00,0.000000e+00,0.000000e+00,0.000000e+00,0.000000e+00,0.000000e+00,0.000000e+00,0.000000e+00,0.000000e+00,0.000000e+00
1.000000e+00,0.000000e+00,0.000000e+00,0.000000e+00,0.000000e+00,0.000000e+00,0.000000e+00,0.000000e+00,0.000000e+00,0.000000e+00,0.000000e+00,0.000000e+00,0.000000e+00,0.000000e+00,0.000000e+00
1.000000e+00,0.000000e+00,0.000000e+00,0.000000e+00,0.000000e+00,0.000000e+00,0.000000e+00,0.000000e+00,0.000000e+00,0.000000e+00,0.000000e+00,0.000000e+00,0.000000e+00,0.000000e+00,0.000000e+00
1.000000e+00,0.000000e+00,0.000000e+00,0.000000e+00,0.000000e+00,0.000000e+00,0.000000e+00,0.000000e+00,0.000000e+00,0.000000e+00,0.000000e+00,0.000000e+00,0.000000e+00,0.000000e+00,0.000000e+00
1.000000e+00,0.000000e+00,0.000000e+00,0.000000e+00,0.000000e+00,0.000000e+00,0.000000e+00,0.000000e+00,0.000000e+00,0.000000e+00,0.000000e+00,0.000000e+00,0.000000e+00,0.000000e+00,0.000000e+00
1.000000e+00,0.000000e+00,0.000000e+00,0.000000e+00,0.000000e+00,0.000000e+00,0.000000e+00,0.000000e+00,0.000000e+00,0.000000e+00,0.000000e+00,0.000000e+00,0.000000e+00,0.000000e+00,0.000000e+00
1.000000e+00,0.000000e+00,0.000000e+00,0.000000e+00,0.000000e+00,0.000000e+00,0.000000e+00,0.000000e+00,0.000000e+00,0.000000e+00,0.000000e+00,0.000000e+00,0.000000e+00,0.000000e+00,0.000000e+00
1.000000e+00,0.000000e+00,0.000000e+00,0.000000e+00,0.000000e+00,0.000000e+00,0.000000e+00,0.000000e+00,0.000000e+00,0.000000e+00,0.000000e+00,0.000000e+00,0.000000e+00,0.000000e+00,0.000000e+00
1.000000e+00,0.000000e+00,0.000000e+00,0.000000e+00,0.000000e+00,0.000000e+00,0.000000e+00,0.000000e+00,0.000000e+00,0.000000e+00,0.000000e+00,0.000000e+00,0.000000e+00,0.000000e+00,0.000000e+00
1.000000e+00,0.000000e+00,0.000000e+00,0.000000e+00,0.000000e+00,0.000000e+00,0.000000e+00,0.000000e+00,0.000000e+00,0.000000e+00,0.000000e+00,0.000000e+00,0.000000e+00,0.000000e+00,0.000000e+00
1.000000e+00,0.000000e+00,0.000000e+00,0.000000e+00,0.000000e+00,0.000000e+00,0.000000e+00,0.000000e+00,0.000000e+00,0.000000e+00,0.000000e+00,0.000000e+00,0.000000e+00,0.000000e+00,0.000000e+00
1.000000e+00,0.000000e+00,0.000000e+00,0.000000e+00,0.000000e+00,0.000000e+00,0.000000e+00,0.000000e+00,0.000000e+00,0.000000e+00,0.000000e+00,0.000000e+00,0.000000e+00,0.000000e+00,0.000000e+00
1.000000e+00,0.000000e+00,0.000000e+00,0.000000e+00,0.000000e+00,0.000000e+00,0.000000e+00,0.000000e+00,0.000000e+00,0.000000e+00,0.000000e+00,0.000000e+00,0.000000e+00,0.000000e+00,0.000000e+00
1.000000e+00,0.000000e+00,0.000000e+00,0.000000e+00,0.000000e+00,0.000000e+00,0.000000e+00,0.000000e+00,0.000000e+00,0.000000e+00,0.000000e+00,0.000000e+00,0.000000e+00,0.000000e+00,0.000000e+00
1.000000e+00,0.000000e+00,0.000000e+00,0.000000e+00,0.000000e+00,0.000000e+00,0.000000e+00,0.000000e+00,0.000000e+00,0.000000e+00,0.000000e+00,0.000000e+00,0.000000e+00,0.000000e+00,0.000000e+00
1.000000e+00,0.000000e+00,0.000000e+00,0.000000e+00,0.000000e+00,0.000000e+00,0.000000e+00,0.000000e+00,0.000000e+00,0.000000e+00,0.000000e+00,0.000000e+00,0.000000e+00,0.000000e+00,0.000000e+00
1.000000e+00,0.000000e+00,0.000000e+00,0.000000e+00,0.000000e+00,0.000000e+00,0.000000e+00,0.000000e+00,0.000000e+00,0.000000e+00,0.000000e+00,0.000000e+00,0.000000e+00,0.000000e+00,0.000000e+00
1.000000e+00,0.000000e+00,0.000000e+00,0.000000e+00,0.000000e+00,0.000000e+00,0.000000e+00,0.000000e+00,0.000000e+00,0.000000e+00,0.000000e+00,0.000000e+00,0.000000e+00,0.000000e+00,0.000000e+00
1.000000e+00,0.000000e+00,0.000000e+00,0.000000e+00,0.000000e+00,0.000000e+00,0.000000e+00,0.000000e+00,0.000000e+00,0.000000e+00,0.000000e+00,0.000000e+00,0.000000e+00,0.000000e+00,0.000000e+00
1.000000e+00,0.000000e+00,0.000000e+00,0.000000e+00,0.000000e+00,0.000000e+00,0.000000e+00,0.000000e+00,0.000000e+00,0.000000e+00,0.000000e+00,0.000000e+00,0.000000e+00,0.000000e+00,0.000000e+00
1.000000e+00,0.000000e+00,0.000000e+00,0.000000e+00,0.000000e+00,0.000000e+00,0.000000e+00,0.000000e+00,0.000000e+00,0.000000e+00,0.000000e+00,0.000000e+00,0.000000e+00,0.000000e+00,0.000000e+00
1.000000e+00,0.000000e+00,0.000000e+00,0.000000e+00,0.000000e+00,0.000000e+00,0.000000e+00,0.000000e+00,0.000000e+00,0.000000e+00,0.000000e+00,0.000000e+00,0.000000e+00,0.000000e+00,0.000000e+00
1.000000e+00,0.000000e+00,0.000000e+00,0.000000e+00,0.000000e+00,0.000000e+00,0.000000e+00,0.000000e+00,0.000000e+00,0.000000e+00,0.000000e+00,0.000000e+00,0.000000e+00,0.000000e+00,0.000000e+00
1.000000e+00,0.000000e+00,0.000000e+00,0.000000e+00,0.000000e+00,0.000000e+00,0.000000e+00,0.000000e+00,0.000000e+00,0.000000e+00,0.000000e+00,0.000000e+00,0.000000e+00,0.000000e+00,0.000000e+00
1.000000e+00,0.000000e+00,0.000000e+00,0.000000e+00,0.000000e+00,0.000000e+00,0.000000e+00,0.000000e+00,0.000000e+00,0.000000e+00,0.000000e+00,0.000000e+00,0.000000e+00,0.000000e+00,0.000000e+00
1.000000e+00,0.000000e+00,0.000000e+00,0.000000e+00,0.000000e+00,0.000000e+00,0.000000e+00,0.000000e+00,0.000000e+00,0.000000e+00,0.000000e+00,0.000000e+00,0.000000e+00,0.000000e+00,0.000000e+00
1.000000e+00,0.000000e+00,0.000000e+00,0.000000e+00,0.000000e+00,0.000000e+00,0.000000e+00,0.000000e+00,0.000000e+00,0.000000e+00,0.000000e+00,0.000000e+00,0.000000e+00,0.000000e+00,0.000000e+00
1.000000e+00,0.000000e+00,0.000000e+00,0.000000e+00,0.000000e+00,0.000000e+00,0.000000e+00,0.000000e+00,0.000000e+00,0.000000e+00,0.000000e+00,0.000000e+00,0.000000e+00,0.000000e+00,0.000000e+00
1.000000e+00,0.000000e+00,0.000000e+00,0.000000e+00,0.000000e+00,0.000000e+00,0.000000e+00,0.000000e+00,0.000000e+00,0.000000e+00,0.000000e+00,0.000000e+00,0.000000e+00,0.000000e+00,0.000000e+00
1.000000e+00,0.000000e+00,0.000000e+00,0.000000e+00,0.000000e+00,0.000000e+00,0.000000e+00,0.000000e+00,0.000000e+00,0.000000e+00,0.000000e+00,0.000000e+00,0.000000e+00,0.000000e+00,0.000000e+00
4.686466e-01,3.871598e-02,3.527520e-02,1.479308e-01,1.343420e-02,1.653367e-02,4.502256e-03,1.735695e-01,9.685397e-03,2.592603e-03,1.954304e-02,2.350149e-02,1.611932e-02,4.626046e-03,2.532390e-02
3.329861e-01,2.751336e-02,2.700593e-02,1.078582e-01,1.258347e-02,1.258845e-02,3.203607e-03,4.038640e-01,6.857421e-03,1.851486e-03,1.438932e-02,1.665802e-02,1.148450e-02,3.307640e-03,1.784852e-02
2.341802e-01,1.936493e-02,1.975455e-02,7.623343e-02,9.498719e-03,9.022386e-03,2.352362e-03,5.780494e-01,4.835044e-03,1.305897e-03,1.054899e-02,1.172479e-02,8.110183e-03,2.452324e-03,1.256687e-02
1.648387e-01,1.368426e-02,1.416899e-02,5.363169e-02,7.036324e-03,6.472601e-03,1.817827e-03,7.018691e-01,3.403062e-03,9.227538e-04,7.551134e-03,8.237260e-03,5.726722e-03,1.794219e-03,8.845399e-03
1.177040e-01,9.715058e-03,1.006452e-02,3.776375e-02,5.892479e-03,5.009785e-03,1.619362e-03,7.815412e-01,2.530716e-03,7.068015e-04,7.989798e-03,6.360337e-03,5.035748e-03,1.813353e-03,6.253107e-03
8.272831e-02,6.824554e-03,7.060138e-03,2.698771e-02,4.695882e-03,3.623215e-03,1.190351e-03,6.049004e-01,1.866603e-03,1.086776e-03,8.514486e-02,1.457561e-01,1.113836e-02,1.260696e-02,4.389851e-03
5.801404e-02,4.786429e-03,4.950791e-03,1.923093e-02,3.434582e-03,2.575715e-03,8.464071e-04,4.372965e-01,1.350563e-03,1.039604e-03,1.037512e-01,3.353260e-01,9.466558e-03,1.485003e-02,3.080664e-03
4.063866e-02,3.355164e-03,3.468876e-03,1.352800e-02,2.557550e-03,1.834643e-03,5.948085e-04,3.065664e-01,1.005678e-03,8.534763e-04,9.547032e-02,5.094013e-01,6.871576e-03,1.169385e-02,2.159625e-03
2.850549e-02,2.354239e-03,2.433739e-03,9.509070e-03,2.167561e-03,1.390628e-03,4.291496e-04,2.149839e-01,9.094982e-04,6.650099e-04,7.402152e-02,6.473790e-01,5.131620e-03,8.604622e-03,1.514931e-03
2.023581e-02,1.671824e-03,1.762539e-03,6.704108e-03,3.602194e-03,1.117068e-03,3.191840e-04,1.510045e-01,1.919773e-03,5.600519e-04,5.759186e-02,7.417988e-01,4.120500e-03,6.528907e-03,1.062999e-03
1.543600e-02,1.407718e-03,1.694873e-03,5.199006e-03,5.341674e-03,8.530261e-03,4.773170e-04,1.076846e-01,8.390497e-03,5.091921e-04,4.794149e-02,7.866081e-01,4.396851e-03,5.589671e-03,7.928259e-04
1.537374e-02,1.514491e-03,1.784293e-03,4.205959e-03,1.369683e-02,9.670824e-03,1.044138e-03,8.150441e-02,2.084108e-02,4.977951e-04,4.081679e-02,7.982175e-01,5.512763e-03,4.698201e-03,6.211699e-04
2.128061e-02,1.810654e-03,2.911150e-03,6.170313e-03,2.394853e-02,1.780296e-02,1.227301e-03,6.315512e-02,1.962363e-02,7.001570e-04,4.684222e-02,7.819123e-01,7.147172e-03,4.721161e-03,7.467180e-04
2.438071e-02,1.932865e-03,2.675965e-03,6.439074e-03,3.105849e-02,3.172325e-02,1.173851e-03,4.861910e-02,1.677692e-02,8.784640e-04,4.584979e-02,7.746440e-01,8.460116e-03,4.600095e-03,7.873726e-04
2.400621e-02,1.819690e-03,2.292463e-03,5.980714e-03,3.153750e-02,3.878047e-02,1.011312e-03,3.537288e-02,1.489270e-02,9.854900e-04,7.301606e-02,7.554044e-01,1.014107e-02,4.025189e-03,7.339513e-04
2.005878e-02,1.532289e-03,1.797954e-03,4.697534e-03,2.819763e-02,3.308057e-02,8.168995e-04,2.539794e-02,1.292211e-02,1.186515e-03,7.218534e-02,7.807868e-01,1.310251e-02,3.609369e-03,6.278252e-04
2.034116e-02,1.555451e-03,1.690628e-03,3.800970e-03,2.875689e-02,3.850752e-02,7.634681e-04,1.836000e-02,1.166301e-02,1.409221e-03,8.038013e-02,7.725271e-01,1.559637e-02,3.874070e-03,7.740181e-04
8.023928e-02,2.253969e-03,2.008037e-03,4.731728e-03,2.642196e-02,5.601211e-02,2.460933e-03,1.608984e-02,1.369566e-02,2.053960e-03,8.757217e-02,6.820824e-01,1.746989e-02,5.432739e-03,1.475414e-03
1.541660e-01,3.364905e-03,2.977371e-03,6.173108e-03,4.303953e-02,5.970735e-02,3.542470e-03,2.051735e-02,1.693730e-02,2.833490e-03,8.382168e-02,5.706335e-01,2.357897e-02,6.443114e-03,2.263906e-03
1.192416e-01,4.146267e-03,3.244147e-03,8.175181e-03,6.024820e-02,5.601532e-02,3.415353e-03,2.001362e-02,2.837334e-02,2.998205e-03,8.095684e-02,5.691730e-01,3.336414e-02,7.957534e-03,2.677329e-03
9.034599e-02,4.695551e-03,4.298145e-03,1.029773e-02,7.175753e-02,4.720087e-02,2.818125e-03,2.049290e-02,4.745686e-02,3.706594e-03,7.294776e-02,5.516925e-01,5.829994e-02,9.783581e-03,4.206005e-03
7.190637e-02,4.439313e-03,4.039542e-03,1.138383e-02,1.003075e-01,3.834162e-02,2.886949e-03,2.155266e-02,5.922180e-02,3.730203e-03,6.404904e-02,5.304390e-01,7.552081e-02,8.398662e-03,3.782748e-03
6.019941e-02,4.392421e-03,8.172724e-03,1.016353e-02,1.204275e-01,2.804938e-02,2.558769e-03,5.316580e-02,8.470627e-02,3.635353e-03,6.796755e-02,4.495837e-01,9.510227e-02,8.794038e-03,3.081381e-03
5.215973e-02,4.043912e-03,1.100693e-02,8.225363e-03,1.587741e-01,2.057490e-02,2.540903e-03,9.440580e-02,1.136954e-01,2.797029e-03,6.334808e-02,3.559651e-01,1.031007e-01,7.052983e-03,2.309091e-03
5.310279e-02,4.027253e-03,1.343603e-02,7.426328e-03,1.746639e-01,1.601394e-02,3.474671e-03,1.610979e-01,1.656333e-01,2.319574e-03,5.295686e-02,2.597380e-01,7.850463e-02,5.798277e-03,1.806667e-03
5.251852e-02,4.360992e-03,1.167925e-02,7.499340e-03,1.606598e-01,1.324656e-02,3.180044e-03,1.915324e-01,2.521362e-01,1.833045e-03,3.974470e-02,1.927787e-01,6.266456e-02,4.365934e-03,1.799878e-03
6.261794e-02,4.323030e-03,1.434183e-02,7.805408e-03,1.469098e-01,1.094367e-02,4.419136e-03,2.346279e-01,2.898196e-01,1.482676e-03,2.972862e-02,1.391765e-01,4.885749e-02,3.205383e-03,1.741057e-03
6.173087e-02,4.255639e-03,1.462698e-02,7.061312e-03,1.800967e-01,1.358474e-02,8.298014e-03,1.871725e-01,3.610774e-01,1.101876e-03,2.272038e-02,9.919284e-02,3.497798e-02,2.613192e-03,1.489659e-03
7.173142e-02,3.769099e-03,1.240061e-02,1.382943e-02,2.160191e-01,1.312361e-02,9.238355e-03,1.847507e-01,3.577163e-01,8.344516e-04,1.695562e-02,7.045541e-02,2.592988e-02,2.002146e-03,1.244024e-03
8.888555e-02,3.561683e-03,9.320037e-03,2.001730e-02,1.827051e-01,1.195511e-02,7.360790e-03,2.431729e-01,3.481652e-01,6.103160e-04,1.252076e-02,5.016953e-02,1.910647e-02,1.524087e-03,9.251942e-04
1.188940e-01,3.993752e-03,7.196863e-03,1.805338e-02,1.576087e-01,9.434675e-03,5.677761e-03,3.009879e-01,3.147334e-01,4.511752e-04,9.599878e-03,3.677171e-02,1.466980e-02,1.163809e-03,7.632525e-04
1.566783e-01,4.330818e-03,5.609361e-03,1.551240e-02,1.304795e-01,8.181831e-03,4.671084e-03,3.629622e-01,2.626394e-01,3.509581e-04,7.635192e-03,2.776510e-02,1.154401e-02,8.990749e-04,7.407235e-04
1.429730e-01,3.171113e-03,4.031688e-03,1.187412e-02,9.330462e-02,6.549950e-03,3.500519e-03,5.131350e-01,1.860007e-01,2.507305e-04,5.512777e-03,1.984201e-02,8.644809e-03,6.546517e-04,5.543315e-04
1.218465e-01,2.421373e-03,3.007548e-03,9.460934e-03,6.642095e-02,5.909636e-03,2.933911e-03,6.287562e-01,1.334323e-01,1.813304e-04,3.994532e-03,1.430712e-02,6.409960e-03,4.781673e-04,4.395406e-04
1.255792e-01,1.985594e-03,2.437686e-03,7.272141e-03,4.778247e-02,6.792926e-03,2.740610e-03,6.869997e-01,9.865361e-02,1.403479e-04,3.040744e-03,1.069419e-02,4.973652e-03,3.990825e-04,5.080116e-04
1.634346e-01,2.753695e-03,2.568990e-03,6.170380e-03,3.500653e-02,1.079272e-02,2.459991e-03,6.768780e-01,7.934110e-02,1.391140e-04,3.451315e-03,9.906353e-03,5.138536e-03,8.455215e-04,1.113179e-03
2.521555e-01,2.868498e-03,2.665154e-03,6.134868e-03,2.571669e-02,2.505765e-02,3.935437e-03,5.873320e-01,6.260110e-02,1.433192e-04,3.711260e-03,1.133186e-02,1.383153e-02,1.172268e-03,1.342986e-03
2.159223e-01,2.340851e-03,2.121920e-03,7.227858e-03,1.901623e-02,7.201301e-02,3.962592e-03,4.384734e-01,4.740290e-02,2.157264e-04,8.383954e-03,2.565764e-02,1.548589e-01,9.910495e-04,1.411707e-03
1.910311e-01,1.828486e-03,2.219922e-03,7.532109e-03,1.796598e-02,9.568530e-02,4.674572e-03,3.297352e-01,3.521195e-02,2.845211e-04,1.282798e-02,3.075862e-02,2.678650e-01,7.895349e-04,1.589745e-03
1.601658e-01,1.456236e-03,4.531108e-03,6.576235e-03,1.906418e-02,8.820040e-02,5.145668e-03,2.422136e-01,2.697889e-02,7.898361e-04,2.180898e-02,3.142349e-02,3.887109e-01,6.179285e-04,2.316761e-03
1.551064e-01,1.397979e-03,8.657013e-03,5.118025e-03,1.908375e-02,7.035926e-02,4.320605e-03,1.779509e-01,2.262039e-02,1.333090e-03,3.444526e-02,3.746246e-02,4.566710e-01,6.905656e-04,4.783400e-03
1.144137e-01,1.412144e-03,7.785138e-03,4.180235e-03,1.829004e-02,5.751700e-02,3.577366e-03,1.300669e-01,2.114716e-02,1.880194e-03,4.230722e-02,6.297921e-02,5.275471e-01,7.856580e-04,6.110954e-03
8.074187e-02,1.155292e-03,5.648753e-03,3.439355e-03,2.256651e-02,4.405111e-02,2.670255e-03,9.119298e-02,1.725676e-02,1.588438e-03,3.866154e-02,2.183166e-01,4.676044e-01,7.485211e-04,4.357719e-03
5.742035e-02,8.942910e-04,4.068541e-03,2.525866e-03,2.505689e-02,3.116840e-02,2.117621e-03,6.401693e-02,1.276656e-02,1.349848e-03,3.152873e-02,3.255870e-01,4.373674e-01,8.817600e-04,3.249823e-03
4.029240e-02,8.606431e-04,3.637082e-03,1.799696e-03,3.541718e-02,2.186874e-02,1.593646e-03,4.505778e-02,1.028599e-02,1.462929e-03,2.409604e-02,4.240865e-01,3.859933e-01,1.187905e-03,2.360271e-03
2.833214e-02,7.132238e-04,3.253475e-03,1.361878e-03,4.705167e-02,1.539880e-02,1.177731e-03,3.301523e-02,1.004402e-02,2.544018e-03,2.000887e-02,5.116322e-01,3.224021e-01,1.329927e-03,1.734737e-03
2.039550e-02,1.118932e-03,7.290274e-03,1.656538e-03,1.222666e-01,1.145185e-02,1.046392e-03,3.623437e-02,1.335379e-02,3.438772e-03,1.727447e-02,4.639008e-01,2.973130e-01,1.979548e-03,1.279182e-03
2.149866e-02,2.990681e-03,2.453719e-02,4.178297e-03,2.135641e-01,1.194073e-02,2.113985e-03,1.056525e-01,3.134367e-02,6.038475e-03,1.325544e-02,3.362679e-01,2.227996e-01,2.710413e-03,1.108306e-03
2.499687e-02,5.751580e-03,2.884213e-02,8.211142e-03,2.754003e-01,1.376133e-02,2.053488e-03,1.674078e-01,4.692186e-02,8.487733e-03,1.099071e-02,2.404978e-01,1.625948e-01,3.084879e-03,9.976025e-04
2.998177e-02,6.960643e-03,1.461568e-01,4.393648e-02,2.595330e-01,1.610694e-02,2.613335e-03,1.559934e-01,3.604204e-02,6.296393e-03,8.636486e-03,1.691610e-01,1.153954e-01,2.342539e-03,8.437668e-04
7.768614e-02,8.664442e-03,1.818771e-01,9.904030e-02,2.248747e-01,1.816297e-02,3.291642e-03,1.267600e-01,3.426867e-02,5.469780e-03,1.035361e-02,1.222622e-01,8.262221e-02,2.624545e-03,2.041640e-03
1.297884e-01,1.156132e-02,1.832157e-01,9.398951e-02,1.935430e-01,2.366524e-02,2.797452e-03,1.537404e-01,3.182218e-02,5.005786e-03,1.259453e-02,8.898783e-02,5.982967e-02,5.920372e-03,3.538619e-03
2.342138e-01,1.388484e-02,1.553230e-01,8.889380e-02,1.600575e-01,2.740027e-02,3.635298e-03,1.201191e-01,4.523832e-02,6.191554e-03,1.417548e-02,6.801274e-02,4.419595e-02,1.216963e-02,6.488606e-03
2.721613e-01,1.337014e-02,1.261822e-01,1.088614e-01,1.470397e-01,2.530972e-02,4.291762e-03,9.801944e-02,7.320718e-02,7.328655e-03,1.416028e-02,5.287605e-02,3.281212e-02,1.621619e-02,8.163782e-03
3.027207e-01,1.787398e-02,1.085037e-01,1.573389e-01,1.137709e-01,2.601242e-02,3.550275e-03,7.270434e-02,8.082093e-02,9.971060e-03,1.449135e-02,3.983879e-02,2.443065e-02,1.718904e-02,1.078292e-02
3.345023e-01,1.830126e-02,1.062877e-01,1.828602e-01,9.881675e-02,2.247258e-02,4.033740e-03,6.566377e-02,6.601946e-02,9.328417e-03,1.721912e-02,3.175407e-02,1.920386e-02,1.426817e-02,9.268683e-03
4.139683e-01,1.697672e-02,9.191458e-02,1.714509e-01,7.606054e-02,2.395638e-02,4.373873e-03,5.168504e-02,5.155668e-02,9.129182e-03,1.767528e-02,3.044114e-02,1.791049e-02,1.262699e-02,1.027385e-02
4.352548e-01,1.579707e-02,9.285614e-02,1.741939e-01,6.122927e-02,2.785413e-02,4.083229e-03,4.134677e-02,4.145115e-02,9.058703e-03,1.865528e-02,2.876459e-02,1.742731e-02,1.621014e-02,1.581756e-02
4.247070e-01,1.540067e-02,1.096988e-01,1.957577e-01,5.200019e-02,2.475697e-02,3.391890e-03,3.316437e-02,3.728725e-02,8.896112e-03,1.667199e-02,2.540108e-02,1.600200e-02,1.898571e-02,1.787832e-02
4.503403e-01,1.502452e-02,1.136297e-01,1.869682e-01,4.698540e-02,2.144722e-02,2.719237e-03,2.803155e-02,3.417116e-02,9.049768e-03,1.580376e-02,2.314162e-02,1.442566e-02,2.140196e-02,1.685983e-02
1.000000e+00,0.000000e+00,0.000000e+00,0.000000e+00,0.000000e+00,0.000000e+00,0.000000e+00,0.000000e+00,0.000000e+00,0.000000e+00,0.000000e+00,0.000000e+00,0.000000e+00,0.000000e+00,0.000000e+00
1.000000e+00,0.000000e+00,0.000000e+00,0.000000e+00,0.000000e+00,0.000000e+00,0.000000e+00,0.000000e+00,0.000000e+00,0.000000e+00,0.000000e+00,0.000000e+00,0.000000e+00,0.000000e+00,0.000000e+00
4.924616e-01,1.092783e-02,4.555586e-02,1.058617e-01,2.018072e-02,6.224326e-02,2.312274e-03,1.349366e-02,1.811691e-02,4.921904e-03,1.779140e-02,7.815349e-02,1.014700e-01,1.087166e-02,1.563776e-02
4.839123e-01,8.778186e-03,3.323330e-02,7.867242e-02,1.835966e-02,5.656529e-02,1.804532e-03,1.016662e-02,1.500150e-02,4.267628e-03,1.473177e-02,6.733137e-02,1.856202e-01,8.281088e-03,1.327424e-02
3.849466e-01,6.418691e-03,2.374041e-02,5.569026e-02,1.446733e-02,2.210931e-01,2.231825e-03,8.195863e-03,1.087418e-02,3.028330e-03,1.115786e-02,5.329153e-02,1.889971e-01,6.040580e-03,9.826354e-03
3.230961e-01,5.185837e-03,1.732554e-02,3.977707e-02,1.310623e-02,2.462770e-01,2.711409e-03,7.029829e-03,8.885627e-03,2.249135e-03,9.276547e-03,4.483089e-02,2.674917e-01,4.852272e-03,7.904803e-03
2.727799e-01,4.416922e-03,1.252983e-02,2.846377e-02,1.169028e-02,2.578401e-01,2.457487e-03,5.744090e-03,7.324763e-03,1.733435e-03,7.729746e-03,4.347663e-02,3.332015e-01,3.840688e-03,6.770784e-03
2.218781e-01,5.216790e-03,9.031434e-03,2.110169e-02,1.100259e-02,2.700588e-01,2.134977e-03,4.940087e-03,7.600257e-03,1.606125e-03,6.908678e-03,4.438101e-02,3.787891e-01,3.440965e-03,1.190939e-02
1.922043e-01,6.748541e-03,6.738205e-03,1.670908e-02,9.837128e-03,2.573067e-01,2.072422e-03,4.477163e-03,7.808111e-03,1.372238e-03,6.096242e-03,3.585795e-02,4.368819e-01,3.088324e-03,1.280171e-02
1.643873e-01,1.558628e-02,5.153607e-03,1.443389e-02,8.581935e-03,2.025284e-01,1.995529e-03,4.202224e-03,1.569989e-02,2.440310e-03,5.980882e-03,3.175252e-02,5.097917e-01,2.837582e-03,1.462792e-02
1.394942e-01,2.648833e-02,4.422422e-03,1.428153e-02,8.530241e-03,1.584859e-01,1.930604e-03,4.186417e-03,2.753858e-02,2.876898e-03,6.652203e-03,2.875520e-02,5.498178e-01,2.940909e-03,2.359880e-02
1.053728e-01,3.354286e-02,3.582316e-03,1.245495e-02,7.110836e-03,1.249824e-01,1.881541e-03,3.519622e-03,3.639060e-02,3.329012e-03,7.555061e-03,2.739786e-02,6.048664e-01,2.668733e-03,2.534506e-02
8.020555e-02,3.518755e-02,5.936684e-03,1.102368e-02,6.411508e-03,9.553543e-02,2.069652e-03,2.766084e-03,3.567737e-02,3.980114e-03,9.978520e-03,2.442359e-02,6.315296e-01,4.812658e-03,5.046199e-02
6.609316e-02,4.364033e-02,5.883040e-03,9.369525e-03,7.552787e-03,7.019109e-02,2.650362e-03,3.027175e-03,5.081435e-02,5.055809e-03,1.520025e-02,2.305262e-02,5.394821e-01,8.420320e-03,1.495671e-01
7.106081e-02,1.024523e-01,1.270583e-02,3.277614e-02,6.192693e-03,5.558453e-02,2.416115e-03,2.914459e-03,1.055544e-01,1.179170e-02,1.864884e-02,3.915406e-02,4.017544e-01,1.255509e-02,1.244386e-01
6.940407e-02,7.366680e-02,9.796726e-03,2.892739e-02,6.085650e-03,5.080644e-02,2.127582e-03,2.419081e-03,1.008994e-01,1.326853e-02,5.213621e-02,8.473478e-02,3.582020e-01,2.486069e-02,1.226647e-01
5.253939e-02,5.230574e-02,7.533008e-03,2.408012e-02,5.465365e-03,5.418673e-02,1.758353e-03,1.996112e-03,8.988951e-02,1.588854e-02,8.665067e-02,1.020149e-01,3.670057e-01,2.239056e-02,1.162954e-01
3.984710e-02,3.728245e-02,5.550074e-03,1.836248e-02,4.901307e-03,4.784742e-02,1.470842e-03,1.531888e-03,8.877174e-02,4.754347e-02,1.017949e-01,1.619823e-01,3.158153e-01,2.011602e-02,1.071827e-01
2.834583e-02,3.848485e-02,1.398130e-02,1.318777e-02,1.121551e-02,3.368460e-02,1.064687e-03,1.163384e-03,2.430760e-01,3.605669e-02,8.869855e-02,1.440057e-01,2.483449e-01,1.555720e-02,8.313300e-02
2.886874e-02,3.805435e-02,2.416296e-02,1.194486e-02,2.710985e-02,2.411011e-02,7.896106e-04,1.888969e-03,3.898309e-01,2.733829e-02,6.567355e-02,1.036585e-01,1.783002e-01,1.193914e-02,6.632999e-02
5.376833e-02,4.849851e-02,2.409156e-02,1.460671e-02,4.789217e-02,1.872432e-02,5.936144e-04,3.154476e-03,4.616841e-01,2.055002e-02,4.768296e-02,7.354333e-02,1.279266e-01,8.649695e-03,4.863368e-02
1.296467e-01,5.495290e-02,2.268055e-02,3.699243e-02,5.391982e-02,2.207080e-02,4.943769e-04,5.859263e-03,4.267328e-01,2.055014e-02,3.638121e-02,5.261106e-02,9.396663e-02,6.436621e-03,3.670469e-02
1.564083e-01,5.394410e-02,2.018036e-02,1.185777e-01,6.215772e-02,2.574029e-02,5.831898e-04,1.471022e-02,3.521930e-01,1.602635e-02,3.462765e-02,4.090179e-02,7.029694e-02,5.465060e-03,2.818740e-02
1.549376e-01,6.741408e-02,1.996601e-02,1.594998e-01,5.799828e-02,3.203553e-02,5.855369e-04,1.360421e-02,3.208614e-01,1.370593e-02,4.343950e-02,3.311581e-02,5.399710e-02,5.205856e-03,2.363347e-02
1.167109e-01,5.439712e-02,1.608762e-02,2.297508e-01,4.350050e-02,2.441696e-02,7.757565e-04,1.171251e-02,3.393867e-01,1.204861e-02,5.537134e-02,2.489071e-02,4.400453e-02,4.221754e-03,2.272432e-02
9.274500e-02,5.775009e-02,1.549708e-02,1.888125e-01,3.375351e-02,1.911899e-02,7.322192e-04,1.018699e-02,3.933479e-01,1.115933e-02,8.830792e-02,2.227687e-02,3.920488e-02,5.668670e-03,2.143814e-02
6.849428e-02,4.650024e-02,1.191836e-02,1.602442e-01,2.450634e-02,1.392227e-02,5.494654e-04,7.310791e-03,5.035168e-01,9.754378e-03,8.581640e-02,1.627778e-02,2.892572e-02,4.865349e-03,1.739769e-02
4.833021e-02,3.348003e-02,9.385057e-03,1.350624e-01,1.784869e-02,9.928931e-03,4.562250e-04,5.318452e-03,5.492473e-01,8.386048e-03,9.882882e-02,1.948269e-02,3.561993e-02,4.947016e-03,2.367826e-02
3.610098e-02,2.478233e-02,8.398094e-03,1.110156e-01,1.416210e-02,7.228868e-03,5.340400e-04,4.620195e-03,5.320728e-01,7.775709e-03,1.310568e-01,4.708343e-02,4.199407e-02,8.300042e-03,2.487495e-02
2.669353e-02,1.745450e-02,6.340348e-03,8.089656e-02,1.512119e-02,5.401007e-03,4.318372e-04,3.420444e-03,4.020022e-01,8.702355e-03,1.595060e-01,1.931627e-01,4.468097e-02,1.393328e-02,2.225309e-02
1.878705e-02,1.266465e-02,5.034860e-03,5.886117e-02,1.209478e-02,3.817800e-03,3.736965e-04,2.492232e-03,2.901210e-01,7.160395e-03,2.603039e-01,1.941637e-01,3.352745e-02,8.409372e-02,1.650359e-02
1.346743e-02,9.280417e-03,3.745397e-03,4.213723e-02,1.010092e-02,2.762513e-03,3.276755e-04,2.047491e-03,2.060505e-01,6.109462e-03,3.412294e-01,1.723220e-01,2.642069e-02,1.506271e-01,1.337169e-02
9.817346e-03,7.127015e-03,3.966152e-03,3.031567e-02,9.082139e-03,2.349016e-03,3.015568e-04,1.533191e-03,1.470967e-01,6.763573e-03,3.643877e-01,1.883742e-01,2.188616e-02,1.970362e-01,9.963281e-03
7.360131e-03,5.480852e-03,5.279090e-03,2.183658e-02,7.610071e-03,4.718967e-03,2.914932e-04,1.340270e-03,1.045570e-01,7.084082e-03,4.326397e-01,1.840372e-01,1.767080e-02,1.918002e-01,8.293577e-03
5.668709e-03,4.472644e-03,8.318863e-03,1.552494e-02,8.308255e-03,6.394429e-03,5.215550e-04,2.048248e-03,7.371730e-02,8.277971e-03,4.893601e-01,1.867157e-01,1.435342e-02,1.638516e-01,1.246627e-02
4.985077e-03,3.698825e-03,7.207748e-03,1.104804e-02,1.344269e-02,6.517741e-03,7.200510e-04,2.218486e-03,5.202993e-02,9.263103e-03,5.250117e-01,1.888904e-01,1.267204e-02,1.523887e-01,9.905466e-03
7.285446e-03,3.048703e-03,6.766977e-03,8.031139e-03,1.429592e-02,9.914737e-03,9.867133e-04,2.573209e-03,3.701986e-02,9.273488e-03,5.304378e-01,1.913249e-01,1.093785e-02,1.605757e-01,7.527489e-03
2.263584e-02,3.776466e-03,6.522428e-03,6.242586e-03,2.178117e-02,9.528248e-03,1.626069e-03,3.088552e-03,2.817803e-02,8.858843e-03,4.641923e-01,1.978458e-01,9.536013e-03,2.102161e-01,5.971603e-03
6.152232e-02,9.035351e-03,1.078703e-02,5.931144e-03,3.237730e-02,1.424761e-02,1.868319e-03,4.114236e-03,2.263563e-02,9.674683e-03,4.248322e-01,1.814789e-01,1.001904e-02,2.045259e-01,6.950329e-03
7.471216e-02,1.476141e-02,1.105929e-02,4.803377e-03,3.890469e-02,1.542730e-02,1.834692e-03,4.007673e-03,1.815876e-02,1.014626e-02,4.318169e-01,1.563772e-01,8.049067e-03,2.037590e-01,6.182292e-03
8.616239e-02,2.100936e-02,1.525901e-02,4.932990e-03,3.662726e-02,1.573789e-02,1.550178e-03,4.846631e-03,1.572521e-02,1.123624e-02,4.606661e-01,1.316370e-01,6.937879e-03,1.812935e-01,6.378414e-03
1.304999e-01,2.970830e-02,1.873129e-02,6.091620e-03,3.574931e-02,1.608277e-02,1.283335e-03,7.162480e-03,1.332289e-02,1.023252e-02,4.554222e-01,1.060649e-01,5.795920e-03,1.577499e-01,6.102752e-03
1.527911e-01,3.387812e-02,9.271735e-02,1.243344e-02,4.982031e-02,2.928924e-02,2.104936e-03,2.256356e-02,1.271669e-02,9.594531e-03,3.531754e-01,9.854792e-02,5.253269e-03,1.194249e-01,5.689234e-03
2.054653e-01,3.524425e-02,9.290776e-02,1.767259e-02,5.304383e-02,2.905495e-02,2.426028e-03,3.128111e-02,1.099638e-02,9.828527e-03,2.868029e-01,1.136296e-01,5.301204e-03,1.001697e-01,6.175990e-03
2.543533e-01,3.994901e-02,8.503601e-02,2.262410e-02,5.531640e-02,3.060326e-02,2.487722e-03,3.786705e-02,9.913955e-03,8.408764e-03,2.235983e-01,1.357179e-01,4.432249e-03,8.208407e-02,7.607835e-03
3.233076e-01,3.286658e-02,7.546189e-02,2.520668e-02,4.745980e-02,3.025728e-02,3.219937e-03,5.612013e-02,1.016225e-02,6.634175e-03,1.701773e-01,1.444506e-01,4.165482e-03,6.227398e-02,8.236352e-03
3.416720e-01,2.758056e-02,5.969096e-02,2.601919e-02,4.305319e-02,2.575858e-02,2.874940e-03,5.555011e-02,1.011803e-02,5.746329e-03,1.723327e-01,1.626399e-01,3.678689e-03,5.615815e-02,7.126628e-03
3.886006e-01,2.183339e-02,4.831637e-02,3.049432e-02,4.716799e-02,2.306260e-02,2.349027e-03,4.773028e-02,1.223556e-02,6.273399e-03,1.677885e-01,1.414401e-01,4.040532e-03,5.222856e-02,6.438799e-03
3.169580e-01,1.816503e-02,3.860591e-02,2.888688e-02,4.699138e-02,1.815496e-02,1.853308e-03,6.669103e-02,1.520958e-02,7.333031e-03,1.890309e-01,1.805339e-01,5.733791e-03,6.006855e-02,5.783846e-03
2.746981e-01,1.767633e-02,3.609739e-02,3.332586e-02,4.170007e-02,1.501040e-02,1.447060e-03,9.133010e-02,2.941215e-02,1.333139e-02,2.162026e-01,1.504477e-01,5.962606e-03,6.732745e-02,6.030821e-03
2.260296e-01,1.382847e-02,3.278306e-02,3.232461e-02,3.052454e-02,1.479510e-02,1.151582e-03,2.213998e-01,6.862476e-02,1.251606e-02,1.655525e-01,1.130400e-01,5.702106e-03,5.393069e-02,7.797143e-03
1.689532e-01,1.111373e-02,3.192317e-02,2.634761e-02,2.282120e-02,1.415403e-02,1.022003e-03,3.643900e-01,8.337501e-02,1.186631e-02,1.278772e-01,8.380412e-02,4.622550e-03,4.086163e-02,6.868273e-03
1.358446e-01,9.641898e-03,3.064995e-02,2.098798e-02,1.840881e-02,1.156298e-02,1.049824e-03,4.921936e-01,7.490540e-02,8.927654e-03,9.556793e-02,5.999720e-02,3.680070e-03,3.143076e-02,5.151342e-03
1.148618e-01,7.590107e-03,2.466222e-02,1.741958e-02,1.456752e-02,9.562381e-03,1.066598e-03,5.956712e-01,6.271662e-02,6.665682e-03,7.225691e-02,4.274353e-02,2.821202e-03,2.347899e-02,3.915807e-03
9.107377e-02,5.631682e-03,1.952667e-02,1.439473e-02,1.146218e-02,9.029745e-03,9.004007e-04,6.908097e-01,4.644424e-02,4.964978e-03,5.309594e-02,3.048063e-02,2.412379e-03,1.676649e-02,3.006546e-03
6.818563e-02,4.064856e-03,1.560021e-02,1.053000e-02,9.215534e-03,9.186734e-03,8.214736e-04,7.710130e-01,3.283281e-02,3.598428e-03,3.756731e-02,2.149005e-02,1.820343e-03,1.186325e-02,2.210379e-03
5.262349e-02,2.956328e-03,1.231545e-02,7.942401e-03,7.795404e-03,8.620505e-03,7.096460e-04,8.280513e-01,2.334029e-02,2.633991e-03,2.645875e-02,1.511989e-02,1.345426e-03,8.458029e-03,1.629147e-03
4.822572e-02,2.271146e-03,9.016710e-03,6.848801e-03,7.842496e-03,7.938926e-03,7.977367e-04,8.598523e-01,1.665826e-02,2.067399e-03,1.882293e-02,1.081527e-02,1.260160e-03,6.316042e-03,1.266020e-03
5.241677e-02,2.095884e-03,7.117514e-03,6.967812e-03,8.456120e-03,9.919406e-03,9.262887e-04,8.684039e-01,1.244057e-02,1.815587e-03,1.361114e-02,8.141093e-03,1.719354e-03,4.823683e-03,1.144840e-03
4.893178e-02,2.012193e-03,6.105553e-03,7.288767e-03,9.248851e-03,9.472808e-03,9.893255e-04,8.830014e-01,9.389509e-03,1.651894e-03,9.840012e-03,5.863138e-03,1.548278e-03,3.729518e-03,9.269199e-04
4.145027e-02,1.768394e-03,4.715192e-03,6.223610e-03,9.380570e-03,7.181068e-03,9.696523e-04,9.039369e-01,7.032984e-03,1.287070e-03,7.070460e-03,4.201176e-03,1.228073e-03,2.864576e-03,6.899970e-04
3.630928e-02,1.696246e-03,3.754745e-03,5.260895e-03,1.109231e-02,5.444254e-03,9.471769e-04,9.170915e-01,5.431250e-03,9.899212e-04,5.181765e-03,3.004318e-03,9.774034e-04,2.303904e-03,5.150569e-04
3.813111e-02,1.585663e-03,2.989661e-03,4.231919e-03,1.070555e-02,4.265847e-03,9.576181e-04,9.228696e-01,4.249755e-03,7.445234e-04,3.941850e-03,2.306775e-03,8.554451e-04,1.733102e-03,4.316099e-04
3.930436e-02,1.492980e-03,2.884842e-03,3.848377e-03,8.873401e-03,3.251539e-03,1.018540e-03,9.282326e-01,3.415430e-03,5.652484e-04,2.926736e-03,1.838748e-03,7.000287e-04,1.274928e-03,3.722918e-04
4.017510e-02,1.142941e-03,3.024084e-03,3.535952e-03,7.245498e-03,2.452917e-03,1.065514e-03,9.329486e-01,2.494140e-03,4.350035e-04,2.188062e-03,1.466501e-03,5.829453e-04,9.236836e-04,3.190052e-04
4.310055e-02,9.090778e-04,2.696041e-03,3.031193e-03,5.873435e-03,2.079958e-03,1.315913e-03,9.339767e-01,1.858625e-03,3.926920e-04,1.681481e-03,1.424449e-03,5.980235e-04,7.073876e-04,3.545705e-04
3.988023e-02,7.039628e-04,2.136086e-03,2.401148e-03,4.675992e-03,1.880981e-03,1.159454e-03,9.410003e-01,1.398916e-03,3.471314e-04,1.342300e-03,1.354318e-03,6.784863e-04,5.633360e-04,4.773312e-04
7.758792e-02,8.800904e-04,1.736408e-03,2.136964e-03,4.405240e-03,2.224345e-03,9.523237e-04,8.588578e-01,2.169934e-03,9.409030e-04,6.069126e-03,1.510190e-02,2.381903e-02,1.814579e-03,1.303453e-03
6.241410e-02,7.559186e-04,1.255955e-03,1.906152e-03,3.533339e-03,2.068884e-03,7.568592e-04,6.794457e-01,2.012197e-03,5.772445e-03,4.411411e-02,1.146807e-01,3.893095e-02,4.096795e-02,1.384747e-03
5.101342e-02,7.139345e-04,9.203185e-04,1.599838e-03,3.817082e-03,2.277760e-03,1.406137e-03,5.023253e-01,2.118045e-03,8.700104e-03,3.991300e-02,2.890608e-01,4.960220e-02,4.524477e-02,1.287316e-03
4.771613e-02,8.243100e-04,7.449071e-04,1.709412e-03,7.133554e-03,2.046595e-03,1.282702e-03,3.582046e-01,6.450439e-03,7.885635e-03,5.358761e-02,4.136318e-01,5.533752e-02,4.244895e-02,9.958154e-04
3.785047e-02,8.842999e-04,6.169946e-04,1.657473e-03,1.399733e-02,1.611516e-03,9.841045e-04,2.530191e-01,1.700100e-02,6.155343e-03,6.639169e-02,5.069236e-01,6.008586e-02,3.207719e-02,7.441562e-04
3.931057e-02,1.628067e-03,8.552121e-04,1.980890e-03,1.435517e-02,1.791291e-03,1.010435e-03,1.798358e-01,2.446675e-02,6.022509e-03,5.509160e-02,5.886005e-01,5.634363e-02,2.797391e-02,7.337424e-04
3.542845e-02,1.736192e-03,9.721566e-04,1.875304e-03,1.519234e-02,1.919841e-03,1.061913e-03,1.284208e-01,3.243950e-02,8.508129e-03,5.882775e-02,6.287435e-01,5.416796e-02,2.924456e-02,1.461687e-03
2.860907e-02,1.569115e-03,1.000082e-03,1.653236e-03,1.438490e-02,1.712670e-03,1.100069e-03,9.098434e-02,2.577678e-02,2.144964e-02,5.195075e-02,6.840961e-01,4.488158e-02,2.916886e-02,1.662815e-03
3.747801e-02,1.736522e-03,1.477347e-03,1.843878e-03,2.307891e-02,2.349319e-03,1.409867e-03,6.623285e-02,2.268065e-02,4.331801e-02,4.346360e-02,6.840751e-01,4.414012e-02,2.451289e-02,2.202987e-03
4.151900e-02,3.891451e-03,4.724470e-03,1.936303e-03,1.226201e-01,9.224844e-03,1.950035e-03,5.074313e-02,2.618931e-02,4.403154e-02,3.944823e-02,5.917900e-01,3.927735e-02,2.074418e-02,1.910122e-03
3.725011e-02,3.864045e-03,5.740654e-03,1.574500e-03,1.414217e-01,9.737430e-03,2.578923e-03,4.102505e-02,2.385942e-02,5.106586e-02,3.175437e-02,5.919887e-01,3.371318e-02,2.278219e-02,1.643926e-03
2.835546e-02,3.123537e-03,5.504459e-03,1.224513e-03,2.034291e-01,9.316169e-03,2.817599e-03,3.431792e-02,2.180763e-02,4.692343e-02,2.559030e-02,5.699860e-01,2.739275e-02,1.892367e-02,1.287456e-03
3.282301e-02,2.979174e-03,5.406998e-03,1.344123e-03,2.063793e-01,8.015076e-03,2.352612e-03,4.097731e-02,1.963233e-02,3.582710e-02,2.204531e-02,5.815444e-01,2.337154e-02,1.630094e-02,1.000822e-03
2.517651e-02,2.528773e-03,5.847517e-03,1.479310e-03,2.721419e-01,6.864645e-03,2.300683e-03,7.565537e-02,2.359062e-02,2.801495e-02,2.225741e-02,4.971346e-01,2.137714e-02,1.485854e-02,7.720913e-04
2.084310e-02,2.139749e-03,5.486696e-03,2.712307e-03,3.410007e-01,1.040996e-02,3.869759e-03,1.150255e-01,2.697431e-02,2.131257e-02,2.080115e-02,3.990606e-01,1.746623e-02,1.231690e-02,5.804311e-04
1.948072e-02,1.855749e-03,6.556074e-03,1.233312e-02,2.974462e-01,9.682129e-03,3.209597e-03,2.566614e-01,2.955170e-02,1.533967e-02,1.757010e-02,3.065591e-01,1.358559e-02,9.707738e-03,4.611780e-04
2.331733e-02,1.749314e-03,6.464365e-03,2.602242e-02,3.555300e-01,1.669181e-02,3.417848e-03,2.446214e-01,4.562089e-02,1.168637e-02,2.165345e-02,2.239314e-01,1.040717e-02,8.482272e-03,4.040014e-04
