1.000000e+00,0.000000e+00,0.000000e+00,0.000000e+00,0.000000e+00,0.000000e+00,0.000000e+00,0.000000e+00,0.000000e+00,0.000000e+00,0.000000e+00,0.000000e+00,0.000000e+00,0.000000e+00,0.000000e+00
1.000000e+00,0.000000e+00,0.000000e+00,0.000000e+00,0.000000e+00,0.000000e+00,0.000000e+00,0.000000e+00,0.000000e+00,0.000000e+00,0.000000e+00,0.000000e+00,0.000000e+00,0.000000e+00,0.000000e+00
1.000000e+00,0.000000e+00,0.000000e+00,0.000000e+00,0.000000e+00,0.000000e+00,0.000000e+00,0.000000e+00,0.000000e+00,0.000000e+00,0.000000e+00,0.000000e+00,0.000000e+00,0.000000e+00,0.000000e+00
1.000000e+00,0.000000e+00,0.000000e+00,0.000000e+00,0.000000e+00,0.000000e+00,0.000000e+00,0.000000e+00,0.000000e+00,0.000000e+00,0.000000e+00,0.000000e+00,0.000000e+00,0.000000e+00,0.000000e+00
1.000000e+00,0.000000e+00,0.000000e+00,0.000000e+00,0.000000e+00,0.000000e+00,0.000000e+00,0.000000e+00,0.000000e+00,0.000000e+00,0.000000e+00,0.000000e+00,0.000000e+00,0.000000e+00,0.000000e+00
1.000000e+00,0.000000e+00,0.000000e+00,0.000000e+00,0.000000e+00,0.000000e+00,0.000000e+00,0.000000e+00,0.000000e+00,0.000000e+00,0.000000e+00,0.000000e+00,0.000000e+00,0.000000e+00,0.000000e+00
1.000000e+00,0.000000e+00,0.000000e+00,0.000000e+00,0.000000e+00,0.000000e+00,0.000000e+00,0.000000e+00,0.000000e+00,0.000000e+00,0.000000e+00,0.000000e+00,0.000000e+00,0.000000e+00,0.000000e+00
1.000000e+00,0.000000e+00,0.000000e+00,0.000000e+00,0.000000e+00,0.000000e+00,0.000000e+00,0.000000e+00,0.000000e+00,0.000000e+00,0.000000e+00,0.000000e+00,0.000000e+00,0.000000e+00,0.000000e+00
1.000000e+00,0.000000e+00,0.000000e+00,0.000000e+00,0.000000e+00,0.000000e+00,0.000000e+00,0.000000e+00,0.000000e+00,0.000000e+00,0.000000e+00,0.000000e+00,0.000000e+00,0.000000e+00,0.000000e+00
1.000000e+00,0.000000e+00,0.000000e+00,0.000000e+00,0.000000e+00,0.000000e+00,0.000000e+00,0.000000e+00,0.000000e+00,0.000000e+00,0.000000e+00,0.000000e+00,0.000000e+00,0.000000e+00,0.000000e+00
1.000000e+00,0.000000e+00,0.000000e+00,0.000000e+00,0.000000e+00,0.000000e+00,0.000000e+00,0.000000e+00,0.000000e+00,0.000000e+00,0.000000e+00,0.000000e+00,0.000000e+00,0.000000e+00,0.000000e+00
1.000000e+00,0.000000e+00,0.000000e+00,0.000000e+00,0.000000e+00,0.000000e+00,0.000000e+00,0.000000e+00,0.000000e+00,0.000000e+00,0.000000e+00,0.000000e+00,0.000000e+00,0.000000e+00,0.000000e+00
1.000000e+00,0.000000e+00,0.000000e+00,0.000000e+00,0.000000e+00,0.000000e+00,0.000000e+00,0.000000e+00,0.000000e+00,0.000000e+00,0.000000e+00,0.000000e+00,0.000000e+00,0.000000e+00,0.000000e+00
1.000000e+00,0.000000e+00,0.000000e+00,0.000000e+00,0.000000e+00,0.000000e+00,0.000000e+00,0.000000e+00,0.000000e+00,0.000000e+00,0.000000e+00,0.000000e+00,0.000000e+00,0.000000e+00,0.000000e+00
1.000000e+00,0.000000e+00,0.000000e+00,0.000000e+00,0.000000e+00,0.000000e+00,0.000000e+00,0.000000e+00,0.000000e+00,0.000000e+00,0.000000e+00,0.000000e+00,0.000000e+00,0.000000e+00,0.000000e+00
1.000000e+00,0.000000e+00,0.000000e+00,0.000000e+00,0.000000e+00,0.000000e+00,0.000000e+00,0.000000e+00,0.000000e+00,0.000000e+00,0.000000e+00,0.000000e+00,0.000000e+00,0.000000e+00,0.000000e+00
1.000000e+00,0.000000e+00,0.000000e+00,0.000000e+00,0.000000e+00,0.000000e+00,0.000000e+00,0.000000e+00,0.000000e+00,0.000000e+00,0.000000e+00,0.000000e+00,0.000000e+00,0.000000e+00,0.000000e+00
1.000000e+00,0.000000e+00,0.000000e+00,0.000000e+00,0.000000e+00,0.000000e+00,0.000000e+00,0.000000e+00,0.000000e+00,0.000000e+00,0.000000e+00,0.000000e+00,0.000000e+00,0.000000e+00,0.000000e+00
1.000000e+00,0.000000e+00,0.000000e+00,0.000000e+00,0.000000e+00,0.000000e+00,0.000000e+00,0.000000e+00,0.000000e+00,0.000000e+00,0.000000e+00,0.000000e+00,0.000000e+00,0.000000e+00,0.000000e+00
1.000000e+00,0.000000e+00,0.000000e+00,0.000000e+00,0.000000e+00,0.000000e+00,0.000000e+00,0.000000e+00,0.000000e+00,0.000000e+00,0.000000e+00,0.000000e+00,0.000000e+00,0.000000e+00,0.000000e+00
1.000000e+00,0.000000e+00,0.000000e+00,0.000000e+00,0.000000e+00,0.000000e+00,0.000000e+00,0.000000e+00,0.000000e+00,0.000000e+00,0.000000e+00,0.000000e+00,0.000000e+00,0.000000e+00,0.000000e+00
1.000000e+00,0.000000e+00,0.000000e+00,0.000000e+00,0.000000e+00,0.000000e+00,0.000000e+00,0.000000e+00,0.000000e+00,0.000000e+00,0.000000e+00,0.000000e+00,0.000000e+00,0.000000e+00,0.000000e+00
1.000000e+00,0.000000e+00,0.000000e+00,0.000000e+00,0.000000e+00,0.000000e+00,0.000000e+00,0.000000e+00,0.000000e+00,0.000000e+00,0.000000e+00,0.000000e+00,0.000000e+00,0.000000e+00,0.000000e+00
1.000000e+00,0.000000e+00,0.000000e+00,0.000000e+00,0.000000e+00,0.000000e+00,0.000000e+00,0.000000e+00,0.000000e+00,0.000000e+00,0.000000e+00,0.000000e+00,0.000000e+00,0.000000e+00,0.000000e+00
1.000000e+00,0.000000e+00,0.000000e+00,0.000000e+00,0.000000e+00,0.000000e+00,0.000000e+00,0.000000e+00,0.000000e+00,0.000000e+00,0.000000e+00,0.000000e+00,0.000000e+00,0.000000e+00,0.000000e+00
1.000000e+00,0.000000e+00,0.000000e+00,0.000000e+00,0.000000e+00,0.000000e+00,0.000000e+00,0.000000e+00,0.000000e+00,0.000000e+00,0.000000e+00,0.000000e+00,0.000000e+00,0.000000e+00,0.000000e+00
1.000000e+00,0.000000e+00,0.000000e+00,0.000000e+00,0.000000e+00,0.000000e+00,0.000000e+00,0.000000e+00,0.000000e+00,0.000000e+00,0.000000e+00,0.000000e+00,0.000000e+00,0.000000e+00,0.000000e+00
1.000000e+00,0.000000e+00,0.000000e+00,0.000000e+00,0.000000e+00,0.000000e+00,0.000000e+00,0.000000e+00,0.000000e+00,0.000000e+00,0.000000e+00,0.000000e+00,0.000000e+00,0.000000e+00,0.000000e+00
1.000000e+00,0.000000e+00,0.000000e+00,0.000000e+00,0.000000e+00,0.000000e+00,0.000000e+00,0.000000e+00,0.000000e+00,0.000000e+00,0.000000e+00,0.000000e+00,0.000000e+00,0.000000e+00,0.000000e+00
1.000000e+00,0.000000e+00,0.000000e+00,0.000000e+00,0.000000e+00,0.000000e+00,0.000000e+00,0.000000e+00,0.000000e+00,0.000000e+00,0.000000e+00,0.000000e+00,0.000000e+00,0.000000e+00,0.000000e+00
1.000000e+00,0.000000e+00,0.000000e+00,0.000000e+00,0.000000e+00,0.000000e+00,0.000000e+00,0.000000e+00,0.000000e+00,0.000000e+00,0.000000e+00,0.000000e+00,0.000000e+00,0.000000e+00,0.000000e+00
1.000000e+00,0.000000e+00,0.000000e+00,0.000000e+00,0.000000e+00,0.000000e+00,0.000000e+00,0.000000e+00,0.000000e+00,0.000000e+00,0.000000e+00,0.000000e+00,0.000000e+00,0.000000e+00,0.000000e+00
1.000000e+00,0.000000e+00,0.000000e+00,0.000000e+00,0.000000e+00,0.000000e+00,0.000000e+00,0.000000e+00,0.000000e+00,0.000000e+00,0.000000e+00,0.000000e+00,0.000000e+00,0.000000e+00,0.000000e+00
1.000000e+00,0.000000e+00,0.000000e+00,0.000000e+00,0.000000e+00,0.000000e+00,0.000000e+00,0.000000e+00,0.000000e+00,0.000000e+00,0.000000e+00,0.000000e+00,0.000000e+00,0.000000e+00,0.000000e+00
1.000000e+00,0.000000e+00,0.000000e+00,0.000000e+00,0.000000e+00,0.000000e+00,0.000000e+00,0.000000e+00,0.000000e+00,0.000000e+00,0.000000e+00,0.000000e+00,0.000000e+00,0.000000e+00,0.000000e+00
1.000000e+00,0.000000e+00,0.000000e+00,0.000000e+00,0.000000e+00,0.000000e+00,0.000000e+00,0.000000e+00,0.000000e+00,0.000000e+00,0.000000e+00,0.000000e+00,0.000000e+00,0.000000e+00,0.000000e+00
1.000000e+00,0.000000e+00,0.000000e+00,0.000000e+00,0.000000e+00,0.000000e+00,0.000000e+00,0.000000e+00,0.000000e+00,0.000000e+00,0.000000e+00,0.000000e+00,0.000000e+00,0.000000e+00,0.000000e+00
1.000000e+00,0.000000e+00,0.000000e+00,0.000000e+00,0.000000e+00,0.000000e+00,0.000000e+00,0.000000e+00,0.000000e+00,0.000000e+00,0.000000e+00,0.000000e+00,0.000000e+00,0.000000e+00,0.000000e+00
1.000000e+00,0.000000e+00,0.000000e+00,0.000000e+00,0.000000e+00,0.000000e+00,0.000000e+00,0.000000e+00,0.000000e+00,0.000000e+00,0.000000e+00,0.000000e+00,0.000000e+00,0.000000e+00,0.000000e+00
1.000000e+00,0.000000e+00,0.000000e+00,0.000000e+00,0.000000e+00,0.000000e+00,0.000000e+00,0.000000e+00,0.000000e+00,0.000000e+00,0.000000e+00,0.000000e+00,0.000000e+00,0.000000e+00,0.000000e+00
1.000000e+00,0.000000e+00,0.000000e+00,0.000000e+00,0.000000e+00,0.000000e+00,0.000000e+00,0.000000e+00,0.000000e+00,0.000000e+00,0.000000e+00,0.000000e+00,0.000000e+00,0.000000e+00,0.000000e+00
1.000000e+00,0.000000e+00,0.000000e+00,0.000000e+00,0.000000e+00,0.000000e+00,0.000000e+00,0.000000e+00,0.000000e+00,0.000000e+00,0.000000e+00,0.000000e+00,0.000000e+00,0.000000e+00,0.000000e+00
1.000000e+00,0.000000e+00,0.000000e+00,0.000000e+00,0.000000e+00,0.000000e+00,0.000000e+00,0.000000e+00,0.000000e+00,0.000000e+00,0.000000e+00,0.000000e+00,0.000000e+00,0.000000e+00,0.000000e+00
1.000000e+00,0.000000e+00,0.000000e+00,0.000000e+00,0.000000e+00,0.000000e+00,0.000000e+00,0.000000e+00,0.000000e+00,0.000000e+00,0.000000e+00,0.000000e+00,0.000000e+00,0.000000e+00,0.000000e+00
1.000000e+00,0.000000e+00,0.000000e+00,0.000000e+00,0.000000e+00,0.000000e+00,0.000000e+00,0.000000e+00,0.000000e+00,0.000000e+00,0.000000e+00,0.000000e+00,0.000000e+00,0.000000e+00,0.000000e+00
1.000000e+00,0.000000e+00,0.000000e+00,0.000000e+00,0.000000e+00,0.000000e+00,0.000000e+00,0.000000e+00,0.000000e+00,0.000000e+00,0.000000e+00,0.000000e+00,0.000000e+00,0.000000e+00,0.000000e+00
1.000000e+00,0.000000e+00,0.000000e+00,0.000000e+00,0.000000e+00,0.000000e+00,0.000000e+00,0.000000e+00,0.000000e+00,0.000000e+00,0.000000e+00,0.000000e+00,0.000000e+00,0.000000e+00,0.000000e+00
1.000000e+00,0.000000e+00,0.000000e+00,0.000000e+00,0.000000e+00,0.000000e+00,0.000000e+00,0.000000e+00,0.000000e+00,0.000000e+00,0.000000e+00,0.000000e+00,0.000000e+00,0.000000e+00,0.000000e+00
1.000000e+00,0.000000e+00,0.000000e+00,0.000000e+00,0.000000e+00,0.000000e+00,0.000000e+00,0.000000e+00,0.000000e+00,0.000000e+00,0.000000e+00,0.000000e+00,0.000000e+00,0.000000e+00,0.000000e+00
1.000000e+00,0.000000e+00,0.000000e+00,0.000000e+00,0.000000e+00,0.000000e+00,0.000000e+00,0.000000e+00,0.000000e+00,0.000000e+00,0.000000e+00,0.000000e+00,0.000000e+00,0.000000e+00,0.000000e+00
1.000000e+00,0.000000e+00,0.000000e+00,0.000000e+00,0.000000e+00,0.000000e+00,0.000000e+00,0.000000e+00,0.000000e+00,0.000000e+00,0.000000e+00,0.000000e+00,0.000000e+00,0.000000e+00,0.000000e+00
1.000000e+00,0.000000e+00,0.000000e+00,0.000000e+00,0.000000e+00,0.000000e+00,0.000000e+00,0.000000e+00,0.000000e+00,0.000000e+00,0.000000e+00,0.000000e+00,0.000000e+00,0.000000e+00,0.000000e+00
1.000000e+00,0.000000e+00,0.000000e+00,0.000000e+00,0.000000e+00,0.000000e+00,0.000000e+00,0.000000e+00,0.000000e+00,0.000000e+00,0.000000e+00,0.000000e+00,0.000000e+00,0.000000e+00,0.000000e+00
1.000000e+00,0.000000e+00,0.000000e+00,0.000000e+00,0.000000e+00,0.000000e+00,0.000000e+00,0.000000e+00,0.000000e+00,0.000000e+00,0.000000e+00,0.000000e+00,0.000000e+00,0.000000e+00,0.000000e+00
1.000000e+00,0.000000e+00,0.000000e+00,0.000000e+00,0.000000e+00,0.000000e+00,0.000000e+00,0.000000e+00,0.000000e+00,0.000000e+00,0.000000e+00,0.000000e+00,0.000000e+00,0.000000e+00,0.000000e+00
1.000000e+00,0.000000e+00,0.000000e+00,0.000000e+00,0.000000e+00,0.000000e+00,0.000000e+00,0.000000e+00,0.000000e+00,0.000000e+00,0.000000e+00,0.000000e+00,0.000000e+00,0.000000e+00,0.000000e+00
3.872449e-01,4.318028e-02,4.129190e-02,2.613390e-01,8.670434e-03,1.402554e-02,3.254158e-03,1.095321e-01,1.617146e-02,3.739601e-03,2.813330e-02,3.008031e-02,1.273623e-02,6.686979e-03,3.391380e-02
2.988408e-01,3.142906e-02,4.390513e-02,1.947872e-01,6.881593e-03,1.143031e-02,2.730530e-03,3.118916e-01,1.176687e-02,2.744031e-03,2.112098e-02,2.279842e-02,1.011448e-02,4.987367e-03,2.457157e-02
2.109377e-01,2.212083e-02,3.275921e-02,1.381228e-01,5.085452e-03,8.308645e-03,2.057545e-03,5.109882e-01,8.293060e-03,1.937830e-03,1.508663e-02,1.615792e-02,7.235164e-03,3.579549e-03,1.732953e-02
1.484590e-01,1.553589e-02,2.433559e-02,9.726725e-02,3.628256e-03,6.072867e-03,1.662309e-03,6.540015e-01,5.814887e-03,1.365499e-03,1.063775e-02,1.135381e-02,5.111805e-03,2.586117e-03,1.216756e-02
1.070268e-01,1.092560e-02,1.728655e-02,6.835513e-02,2.671754e-03,4.518262e-03,1.515097e-03,7.526458e-01,4.094514e-03,9.786356e-04,7.676763e-03,8.066740e-03,3.717403e-03,1.972462e-03,8.548471e-03
7.912703e-02,7.688019e-03,1.216193e-02,4.791179e-02,2.183747e-03,3.445768e-03,1.229392e-03,7.581272e-01,2.900071e-03,1.786720e-03,2.113817e-02,2.935459e-02,9.919789e-03,1.701624e-02,6.009620e-03
5.615098e-02,5.395197e-03,8.527442e-03,3.366473e-02,1.648008e-03,2.460442e-03,9.243909e-04,5.453497e-01,2.065640e-03,4.766204e-03,5.778932e-02,1.970897e-01,1.257229e-02,6.736344e-02,4.232564e-03
3.961528e-02,3.782904e-03,5.984334e-03,2.363000e-02,1.234843e-03,1.763157e-03,6.897001e-04,3.870957e-01,1.461808e-03,5.032640e-03,6.246457e-02,3.792313e-01,9.553841e-03,7.548454e-02,2.975333e-03
2.781740e-02,2.708288e-03,4.245749e-03,1.673342e-02,1.307460e-03,1.442351e-03,5.148928e-04,2.721678e-01,1.244034e-03,5.567416e-03,6.983679e-02,4.890193e-01,7.403546e-03,9.788935e-02,2.102197e-03
2.055032e-02,2.036962e-03,3.232046e-03,1.223893e-02,6.124689e-03,1.489120e-03,4.554280e-04,1.912826e-01,3.671456e-03,6.782643e-03,6.226215e-02,5.871644e-01,6.183867e-03,9.485739e-02,1.667981e-03
1.958676e-02,2.245245e-03,3.116367e-03,9.213975e-03,1.297408e-02,2.413840e-03,4.860483e-04,1.353278e-01,5.704406e-03,6.809072e-03,5.657725e-02,6.539295e-01,5.541293e-03,8.469471e-02,1.379624e-03
6.902583e-02,8.126824e-03,5.703704e-03,1.138019e-02,3.396985e-02,8.383436e-03,1.155988e-03,9.803531e-02,7.987047e-03,9.090951e-03,5.421557e-02,6.041375e-01,5.595463e-03,8.104958e-02,2.142677e-03
1.273918e-01,1.413037e-02,8.406011e-03,1.271464e-02,4.611995e-02,9.709089e-03,1.394719e-03,6.982625e-02,7.587953e-03,1.076924e-02,5.229617e-02,5.592762e-01,5.296906e-03,7.126199e-02,3.818658e-03
1.330251e-01,1.586937e-02,8.394417e-03,1.468036e-02,4.736505e-02,1.568522e-02,1.541555e-03,5.029702e-02,7.994999e-03,1.027537e-02,5.458930e-02,5.588222e-01,5.538756e-03,6.077038e-02,1.515093e-02
2.040231e-01,1.310593e-02,7.942876e-03,1.289354e-02,3.685721e-02,1.746859e-02,1.551137e-03,3.639515e-02,6.601691e-03,8.573377e-03,4.966811e-02,5.395694e-01,4.496787e-03,4.648910e-02,1.436401e-02
2.456136e-01,1.026476e-02,6.195066e-03,1.041628e-02,2.852748e-02,1.919990e-02,1.360717e-03,2.586156e-02,5.220259e-03,7.030657e-03,4.688200e-02,5.409639e-01,3.611810e-03,3.692991e-02,1.192209e-02
2.388080e-01,7.909613e-03,4.969253e-03,8.228242e-03,2.196509e-02,2.382384e-02,1.317529e-03,1.852112e-02,4.590799e-03,6.075695e-03,4.765724e-02,5.726410e-01,2.858543e-03,3.112991e-02,9.504215e-03
2.903819e-01,7.217870e-03,4.089068e-03,7.484555e-03,2.117497e-02,2.749170e-02,1.363842e-03,1.331874e-02,4.334024e-03,5.804690e-03,5.339459e-02,5.270760e-01,2.725851e-03,2.571676e-02,8.425498e-03
3.481596e-01,6.769016e-03,4.421193e-03,6.892843e-03,1.675486e-02,3.184275e-02,1.705288e-03,1.041221e-02,4.146282e-03,4.864522e-03,5.163850e-02,4.797813e-01,2.691306e-03,2.264062e-02,7.279775e-03
2.681001e-01,5.303630e-03,3.570021e-03,5.712138e-03,1.815870e-02,4.009668e-02,2.956724e-03,8.338005e-03,4.234107e-03,3.850626e-03,9.399350e-02,5.165101e-01,3.445602e-03,2.018110e-02,5.548930e-03
2.043750e-01,4.623528e-03,3.236116e-03,5.306201e-03,2.975032e-02,3.520146e-02,3.733259e-03,7.549202e-03,5.944978e-03,3.184419e-03,1.036319e-01,5.647108e-01,4.950913e-03,1.939396e-02,4.408001e-03
2.221419e-01,1.227233e-02,6.000851e-03,6.451335e-03,5.226488e-02,3.152683e-02,4.346890e-03,8.264177e-03,8.959223e-03,3.043561e-03,1.200530e-01,4.937893e-01,5.386705e-03,1.844684e-02,7.052152e-03
2.951784e-01,1.106452e-02,5.386658e-03,6.683309e-03,4.967562e-02,3.721421e-02,4.548243e-03,7.725662e-03,9.996539e-03,3.031805e-03,1.227959e-01,4.165581e-01,6.302730e-03,1.652361e-02,7.314745e-03
3.129974e-01,1.302675e-02,5.802479e-03,9.561459e-03,6.082905e-02,3.674611e-02,4.144239e-03,1.016740e-02,1.599884e-02,4.300899e-03,1.051677e-01,3.865034e-01,6.230339e-03,1.784383e-02,1.068010e-02
3.223609e-01,1.291090e-02,6.093534e-03,1.085973e-02,6.400378e-02,3.582294e-02,4.738319e-03,9.741175e-03,1.827700e-02,3.995404e-03,9.497804e-02,3.816011e-01,7.621365e-03,1.550535e-02,1.149045e-02
3.220586e-01,1.227350e-02,5.568087e-03,1.345970e-02,6.604564e-02,3.559371e-02,4.196835e-03,1.259347e-02,2.192843e-02,4.188234e-03,7.777128e-02,3.896638e-01,1.187284e-02,1.263807e-02,1.014785e-02
2.426023e-01,1.224879e-02,5.770094e-03,1.384602e-02,7.965554e-02,2.806105e-02,3.586795e-03,2.352110e-02,3.639711e-02,4.441814e-03,6.888033e-02,4.373351e-01,2.490630e-02,1.041680e-02,8.330870e-03
2.020126e-01,1.092220e-02,6.750911e-03,1.275167e-02,1.539488e-01,2.196749e-02,5.149139e-03,4.172670e-02,4.831690e-02,4.392553e-03,6.334666e-02,3.773558e-01,3.724521e-02,7.799595e-03,6.313710e-03
1.476413e-01,7.945749e-03,9.848161e-03,9.897895e-03,1.585679e-01,1.726883e-02,6.639125e-03,1.436511e-01,5.176219e-02,3.738784e-03,6.761388e-02,3.125778e-01,5.240314e-02,5.871527e-03,4.572588e-03
1.069409e-01,5.795131e-03,7.400015e-03,7.752365e-03,1.651736e-01,1.824850e-02,9.797215e-03,1.392548e-01,1.775722e-01,3.368299e-03,5.397303e-02,2.504138e-01,4.648065e-02,4.487921e-03,3.341606e-03
8.128176e-02,4.307517e-03,6.930212e-03,6.805039e-03,1.975792e-01,3.127779e-02,1.438361e-02,1.812996e-01,1.972206e-01,3.011855e-03,4.154855e-02,1.879190e-01,4.046091e-02,3.448366e-03,2.526045e-03
7.073544e-02,3.586836e-03,6.411521e-03,5.593573e-03,2.443470e-01,5.133158e-02,2.443759e-02,1.882816e-01,1.966944e-01,2.554434e-03,3.565573e-02,1.351747e-01,3.047595e-02,2.683146e-03,2.036541e-03
6.686300e-02,5.032440e-03,5.291514e-03,4.777445e-03,2.752189e-01,4.363758e-02,2.739700e-02,1.347941e-01,2.814561e-01,2.098723e-03,2.836319e-02,9.728880e-02,2.357430e-02,2.526463e-03,1.680498e-03
6.114473e-02,7.806262e-03,4.106354e-03,4.690169e-03,2.821185e-01,3.676637e-02,2.530966e-02,9.682388e-02,3.679101e-01,1.694201e-03,2.136477e-02,6.925362e-02,1.731557e-02,2.219996e-03,1.475838e-03
6.860728e-02,8.511926e-03,3.242069e-03,9.194057e-03,2.889753e-01,2.810485e-02,2.294582e-02,7.202014e-02,4.105498e-01,1.395996e-03,1.668719e-02,5.281300e-02,1.373428e-02,1.901357e-03,1.317004e-03
8.086574e-02,9.235801e-03,2.419240e-03,8.273523e-03,2.794693e-01,2.267827e-02,1.709728e-02,5.282154e-02,4.496527e-01,1.140926e-03,1.619347e-02,4.548660e-02,1.147091e-02,2.128945e-03,1.065878e-03
1.079002e-01,8.667251e-03,1.918993e-03,1.138114e-02,2.952265e-01,1.842206e-02,1.292386e-02,4.465323e-02,4.219931e-01,8.905195e-04,1.268683e-02,4.311664e-02,1.696012e-02,2.047010e-03,1.212606e-03
8.115650e-02,6.909198e-03,1.429980e-03,1.948113e-02,2.787447e-01,1.938276e-02,9.184777e-03,3.169918e-02,3.207936e-01,6.582300e-04,1.247868e-02,3.739829e-02,1.779866e-01,1.523671e-03,1.172767e-03
5.911313e-02,5.042412e-03,1.104958e-03,3.941996e-02,2.146314e-01,2.338685e-02,6.585287e-03,2.234285e-02,2.359749e-01,5.122257e-04,1.269836e-02,4.903675e-02,3.280100e-01,1.091994e-03,1.048923e-03
4.396823e-02,3.766021e-03,8.442440e-04,4.467867e-02,1.587452e-01,1.865718e-02,4.803481e-03,1.569280e-02,1.833818e-01,5.937813e-04,2.069525e-02,6.847361e-02,4.311559e-01,1.325834e-03,3.218014e-03
3.515676e-02,2.871856e-03,6.617083e-04,3.508774e-02,1.165421e-01,1.516391e-02,3.554204e-03,1.109434e-02,1.506966e-01,7.984094e-04,2.441082e-02,1.146937e-01,4.831321e-01,1.532888e-03,4.602865e-03
2.640407e-02,2.303063e-03,7.618670e-04,2.621187e-02,8.580828e-02,1.333135e-02,2.701268e-03,7.948418e-03,1.121176e-01,1.441468e-03,3.375088e-02,1.386887e-01,5.422605e-01,1.589822e-03,4.680844e-03
4.111638e-02,3.793529e-03,1.756182e-03,1.940803e-02,7.235312e-02,1.180596e-02,2.150314e-03,6.238346e-03,8.860202e-02,3.131964e-03,3.732104e-02,1.555069e-01,5.491503e-01,3.273252e-03,4.392647e-03
3.093773e-02,4.274546e-03,3.409291e-03,1.424579e-02,5.740405e-02,1.091215e-02,1.613827e-03,6.293278e-03,8.222469e-02,8.042140e-03,3.244488e-02,1.841389e-01,5.572264e-01,3.171603e-03,3.660772e-03
2.804568e-02,5.080714e-03,5.296600e-03,1.564747e-02,5.121442e-02,1.302491e-02,1.545416e-03,1.277587e-02,8.865673e-02,2.801311e-02,2.809186e-02,2.347048e-01,4.805979e-01,3.789522e-03,3.515067e-03
3.679273e-02,6.420186e-03,5.247169e-03,1.398009e-02,5.203449e-02,1.070837e-02,1.467014e-03,1.771638e-02,1.042355e-01,4.070645e-02,3.069754e-02,2.362180e-01,4.353098e-01,4.723130e-03,3.743228e-03
6.950945e-02,1.576287e-02,9.703713e-03,1.350792e-02,6.562734e-02,1.002460e-02,2.344368e-03,2.138120e-02,1.042424e-01,6.328833e-02,3.273818e-02,1.871381e-01,3.878891e-01,9.010700e-03,7.831795e-03
8.419408e-02,2.011605e-02,1.352416e-02,1.389063e-02,6.859366e-02,8.477985e-03,3.012502e-03,2.866271e-02,1.407365e-01,6.486276e-02,4.837670e-02,1.553734e-01,3.278625e-01,1.181217e-02,1.050433e-02
2.020942e-01,2.322363e-02,1.146882e-02,1.581491e-02,6.008302e-02,8.742591e-03,3.550644e-03,2.845277e-02,1.328914e-01,6.657232e-02,4.251932e-02,1.261251e-01,2.440953e-01,1.921947e-02,1.514665e-02
2.924506e-01,2.230442e-02,1.317792e-02,4.913063e-02,5.384776e-02,1.066399e-02,3.581917e-03,3.130640e-02,1.315650e-01,5.077941e-02,3.526104e-02,9.588630e-02,1.758011e-01,1.734160e-02,1.690193e-02
4.340342e-01,2.136173e-02,1.241325e-02,4.375751e-02,4.147796e-02,1.192538e-02,3.361738e-03,2.755036e-02,9.687129e-02,3.859309e-02,2.934597e-02,7.805951e-02,1.267270e-01,1.628857e-02,1.823252e-02
4.984255e-01,1.843333e-02,1.056984e-02,3.706400e-02,3.202190e-02,1.362163e-02,2.803174e-03,2.258992e-02,9.289122e-02,3.078423e-02,3.318686e-02,6.233736e-02,9.323791e-02,3.045185e-02,2.158147e-02
1.000000e+00,0.000000e+00,0.000000e+00,0.000000e+00,0.000000e+00,0.000000e+00,0.000000e+00,0.000000e+00,0.000000e+00,0.000000e+00,0.000000e+00,0.000000e+00,0.000000e+00,0.000000e+00,0.000000e+00
1.000000e+00,0.000000e+00,0.000000e+00,0.000000e+00,0.000000e+00,0.000000e+00,0.000000e+00,0.000000e+00,0.000000e+00,0.000000e+00,0.000000e+00,0.000000e+00,0.000000e+00,0.000000e+00,0.000000e+00
1.000000e+00,0.000000e+00,0.000000e+00,0.000000e+00,0.000000e+00,0.000000e+00,0.000000e+00,0.000000e+00,0.000000e+00,0.000000e+00,0.000000e+00,0.000000e+00,0.000000e+00,0.000000e+00,0.000000e+00
1.000000e+00,0.000000e+00,0.000000e+00,0.000000e+00,0.000000e+00,0.000000e+00,0.000000e+00,0.000000e+00,0.000000e+00,0.000000e+00,0.000000e+00,0.000000e+00,0.000000e+00,0.000000e+00,0.000000e+00
1.000000e+00,0.000000e+00,0.000000e+00,0.000000e+00,0.000000e+00,0.000000e+00,0.000000e+00,0.000000e+00,0.000000e+00,0.000000e+00,0.000000e+00,0.000000e+00,0.000000e+00,0.000000e+00,0.000000e+00
1.000000e+00,0.000000e+00,0.000000e+00,0.000000e+00,0.000000e+00,0.000000e+00,0.000000e+00,0.000000e+00,0.000000e+00,0.000000e+00,0.000000e+00,0.000000e+00,0.000000e+00,0.000000e+00,0.000000e+00
4.627163e-01,1.094218e-02,3.723328e-03,2.135085e-02,1.791890e-02,1.717657e-02,2.360017e-03,5.082545e-03,7.331617e-02,1.620725e-02,1.815335e-01,9.294643e-02,3.785533e-02,3.587832e-02,2.099241e-02
3.291655e-01,1.078600e-02,3.114404e-03,1.725586e-02,1.450134e-02,1.499862e-02,1.871642e-03,4.295346e-03,9.322654e-02,1.400117e-02,2.985015e-01,1.105119e-01,3.914006e-02,3.068920e-02,1.794087e-02
2.333609e-01,1.058129e-02,2.763088e-03,1.378117e-02,2.867485e-02,1.144321e-02,2.563034e-03,3.824302e-03,1.259294e-01,1.477431e-02,3.762903e-01,9.423798e-02,3.762672e-02,2.663089e-02,1.751846e-02
1.651466e-01,6.577298e-02,6.164405e-03,1.285104e-02,2.532442e-02,1.175333e-02,4.800449e-03,6.153951e-03,1.155770e-01,1.270882e-02,4.327350e-01,6.936965e-02,3.083993e-02,2.168465e-02,1.911775e-02
1.179472e-01,7.899957e-02,7.607782e-03,1.057277e-02,3.157727e-02,1.005970e-02,5.551364e-03,1.141437e-02,1.249477e-01,9.862945e-03,4.749167e-01,5.156787e-02,2.806345e-02,2.123321e-02,1.567817e-02
9.066796e-02,6.075899e-02,1.906706e-02,1.038956e-02,5.086903e-02,1.401962e-02,4.723662e-03,4.088597e-02,1.469780e-01,8.081189e-03,4.373061e-01,4.635317e-02,3.184822e-02,2.545069e-02,1.260074e-02
7.270032e-02,5.487500e-02,3.143075e-02,9.212717e-03,5.795955e-02,1.585523e-02,3.811734e-03,7.273426e-02,1.786483e-01,7.219861e-03,3.879362e-01,4.347114e-02,2.996724e-02,2.462925e-02,9.548447e-03
5.834192e-02,4.797262e-02,3.070603e-02,7.315464e-03,7.971448e-02,1.364291e-02,3.945903e-03,6.940523e-02,2.080620e-01,6.720677e-03,3.567047e-01,4.016930e-02,4.643469e-02,2.361581e-02,7.248272e-03
6.150562e-02,3.883738e-02,3.373089e-02,7.544287e-03,1.051681e-01,1.811435e-02,3.579365e-03,8.032554e-02,1.772067e-01,7.266298e-03,3.355739e-01,4.581192e-02,5.088961e-02,2.735497e-02,7.091089e-03
6.241611e-02,2.987774e-02,2.920545e-02,6.234023e-03,1.137106e-01,1.778905e-02,2.920218e-03,8.427343e-02,1.461125e-01,5.972233e-03,3.687136e-01,4.507033e-02,5.243457e-02,2.984888e-02,5.421312e-03
9.134732e-02,2.234864e-02,2.580569e-02,6.077387e-03,1.013176e-01,2.486775e-02,2.770531e-03,9.948771e-02,1.078281e-01,4.847562e-03,3.462352e-01,5.888735e-02,6.504760e-02,3.865577e-02,4.475761e-03
1.468413e-01,2.058974e-02,2.196409e-02,6.231694e-03,9.312756e-02,2.885308e-02,2.359427e-03,7.942610e-02,8.750670e-02,4.232832e-03,3.099549e-01,7.893774e-02,7.118926e-02,4.393521e-02,4.850328e-03
1.977457e-01,1.726464e-02,1.731235e-02,5.888707e-03,8.286026e-02,2.824982e-02,2.070695e-03,6.173827e-02,6.504551e-02,3.727183e-03,2.708777e-01,1.226381e-01,6.502813e-02,5.468947e-02,4.863415e-03
2.974342e-01,1.458998e-02,1.552626e-02,9.087002e-03,7.495195e-02,2.868568e-02,3.761168e-03,5.202270e-02,4.997710e-02,4.577193e-03,2.053241e-01,1.321275e-01,6.501076e-02,4.143304e-02,5.491391e-03
3.937350e-01,1.253887e-02,1.316117e-02,9.511683e-03,5.918659e-02,2.671753e-02,3.860906e-03,4.145059e-02,3.809930e-02,4.300177e-03,1.582521e-01,1.438858e-01,5.847466e-02,3.160954e-02,5.216071e-03
4.621683e-01,1.124028e-02,1.232771e-02,1.198005e-02,4.393055e-02,3.831382e-02,3.429594e-03,3.086619e-02,2.884918e-02,4.006708e-03,1.152157e-01,1.507789e-01,5.599183e-02,2.540886e-02,5.492267e-03
4.243893e-01,9.778406e-03,9.896127e-03,1.270929e-02,3.150044e-02,4.152879e-02,2.793378e-03,2.206307e-02,2.258068e-02,3.765532e-03,8.466881e-02,2.453343e-01,6.189428e-02,2.112867e-02,5.968963e-03
3.798251e-01,1.063134e-02,8.364954e-03,1.861035e-02,2.439925e-02,5.882200e-02,2.380797e-03,1.634758e-02,1.806219e-02,3.178823e-03,6.355911e-02,2.984808e-01,7.285038e-02,1.736156e-02,7.125707e-03
2.734385e-01,8.265544e-03,6.126886e-03,1.458655e-02,1.814787e-02,5.133843e-02,1.838553e-03,1.163816e-02,1.597873e-02,2.532231e-03,4.983461e-02,4.140308e-01,1.110341e-01,1.532253e-02,5.886429e-03
2.510940e-01,6.893721e-03,4.875316e-03,1.300425e-02,1.403996e-02,5.743410e-02,1.973446e-03,8.748816e-03,1.710359e-02,2.763603e-03,3.995890e-02,4.405787e-01,1.187562e-01,1.730301e-02,5.472357e-03
1.880681e-01,6.111431e-03,4.176926e-03,1.054372e-02,2.875799e-02,4.533489e-02,1.806147e-03,6.481350e-03,4.567874e-02,5.947601e-03,4.065806e-02,4.716301e-01,1.249142e-01,1.547442e-02,4.416332e-03
1.587737e-01,6.551520e-03,8.010039e-03,8.800308e-03,2.842675e-02,6.873672e-02,2.628736e-03,7.283871e-03,6.136808e-02,1.134159e-02,4.960124e-02,4.339397e-01,1.361026e-01,1.314936e-02,5.285782e-03
1.536965e-01,6.631583e-03,9.311297e-03,7.539241e-03,3.064362e-02,7.953089e-02,2.890948e-03,8.302432e-03,7.393898e-02,1.610014e-02,5.028737e-02,4.271031e-01,1.178036e-01,1.114143e-02,5.078903e-03
1.316228e-01,7.165521e-03,7.763326e-03,6.955630e-03,3.218327e-02,6.614268e-02,2.585051e-03,7.688846e-03,1.095838e-01,2.381739e-02,5.009907e-02,4.430628e-01,9.573352e-02,1.098921e-02,4.607071e-03
1.690408e-01,8.343806e-03,8.205421e-03,1.343635e-02,6.257536e-02,5.520683e-02,2.920769e-03,8.930866e-03,1.212745e-01,4.511833e-02,4.298955e-02,3.702149e-01,7.651518e-02,1.022939e-02,4.997924e-03
1.308813e-01,7.874269e-03,6.641975e-03,9.895663e-03,1.912903e-01,7.222050e-02,5.044161e-03,6.712785e-03,1.107413e-01,3.626374e-02,5.412196e-02,2.886477e-01,6.831151e-02,7.686812e-03,3.665970e-03
9.987700e-02,6.416292e-03,4.969853e-03,7.278201e-03,2.273136e-01,5.356533e-02,4.147881e-03,5.219200e-03,2.638829e-01,2.677188e-02,3.899441e-02,2.034342e-01,4.975629e-02,5.507135e-03,2.865798e-03
7.782794e-02,5.751591e-03,3.662891e-03,5.201555e-03,2.172761e-01,4.212034e-02,3.328240e-03,3.829625e-03,4.078335e-01,1.936072e-02,2.807833e-02,1.433998e-01,3.618348e-02,3.891635e-03,2.254164e-03
7.772905e-02,6.042961e-03,3.237805e-03,3.691967e-03,2.403095e-01,3.275624e-02,3.079023e-03,2.717306e-03,4.574822e-01,1.633431e-02,2.082002e-02,1.009387e-01,2.796036e-02,2.869050e-03,4.031504e-03
7.267024e-02,6.198500e-03,3.162733e-03,2.666897e-03,2.703237e-01,2.733404e-02,6.032395e-03,1.954980e-03,4.814281e-01,1.334585e-02,1.501201e-02,7.099705e-02,2.066706e-02,2.065867e-03,6.140526e-03
6.917730e-02,2.176060e-02,3.034245e-03,2.077932e-03,3.070869e-01,2.353228e-02,7.675197e-03,1.483346e-03,4.705741e-01,9.907362e-03,1.068891e-02,4.993108e-02,1.497263e-02,1.491455e-03,6.606616e-03
8.283269e-02,2.187358e-02,3.933502e-03,1.830235e-03,2.741050e-01,2.822148e-02,6.704203e-03,1.794007e-03,5.077692e-01,7.344754e-03,7.867522e-03,3.676946e-02,1.217087e-02,1.240186e-03,5.543261e-03
9.360161e-02,2.160940e-02,1.089278e-02,1.992475e-03,2.641661e-01,3.443587e-02,6.449010e-03,3.848112e-03,5.065912e-01,5.672962e-03,5.968218e-03,2.743525e-02,1.102310e-02,1.264712e-03,5.049190e-03
9.801401e-02,2.276208e-02,3.381830e-02,8.015694e-03,2.777706e-01,6.344298e-02,6.683378e-03,1.488761e-02,4.228597e-01,4.325187e-03,6.226162e-03,2.377348e-02,9.090389e-03,3.525086e-03,4.805312e-03
7.612519e-02,2.204986e-02,6.287523e-02,1.064691e-02,3.465995e-01,6.250255e-02,8.808617e-03,6.836735e-02,3.044885e-01,3.226585e-03,4.561963e-03,1.698389e-02,6.557920e-03,2.554659e-03,3.651247e-03
7.397516e-02,2.108176e-02,9.883828e-02,1.309521e-02,3.825085e-01,6.097583e-02,1.612481e-02,5.475916e-02,2.297012e-01,1.584335e-02,5.217890e-03,1.429185e-02,5.955999e-03,2.332340e-03,5.298722e-03
1.550020e-01,1.928264e-02,7.224846e-02,1.083193e-02,3.549692e-01,5.347845e-02,2.420833e-02,4.278649e-02,1.911680e-01,1.658451e-02,1.489959e-02,2.176217e-02,8.408284e-03,3.941323e-03,1.042863e-02
1.618475e-01,1.679995e-02,6.337602e-02,1.462364e-02,3.437598e-01,4.458489e-02,5.712123e-02,3.532014e-02,1.491613e-01,2.456498e-02,2.379026e-02,3.858769e-02,9.893745e-03,4.251767e-03,1.231697e-02
2.290772e-01,1.499457e-02,4.677667e-02,1.715556e-02,3.031715e-01,4.851877e-02,4.609683e-02,2.782752e-02,1.166494e-01,2.143549e-02,4.884791e-02,4.886477e-02,9.578725e-03,7.242471e-03,1.376258e-02
2.183490e-01,1.385618e-02,3.418537e-02,1.525948e-02,3.415978e-01,7.401469e-02,3.672977e-02,2.203029e-02,8.404925e-02,1.775130e-02,6.619301e-02,4.618961e-02,8.411595e-03,7.424201e-03,1.395837e-02
1.965091e-01,1.114569e-02,2.526671e-02,1.264757e-02,2.825028e-01,2.126049e-01,3.551779e-02,1.681151e-02,5.946476e-02,1.330438e-02,7.127899e-02,3.768831e-02,6.758349e-03,7.220248e-03,1.127884e-02
1.921954e-01,8.460316e-03,1.889037e-02,1.109768e-02,2.346856e-01,2.800246e-01,4.074049e-02,1.384995e-02,4.207546e-02,9.978743e-03,9.123330e-02,3.374210e-02,6.258812e-03,6.814757e-03,9.952379e-03
1.830252e-01,6.572816e-03,1.464692e-02,9.276930e-03,2.037216e-01,3.456224e-01,5.044983e-02,1.105273e-02,2.981698e-02,7.677887e-03,8.996515e-02,2.703300e-02,5.913546e-03,6.981307e-03,8.243646e-03
1.571220e-01,5.890905e-03,1.236867e-02,8.053102e-03,1.508996e-01,4.639983e-01,3.609313e-02,1.244032e-02,2.141289e-02,5.952585e-03,8.400062e-02,2.239528e-02,5.863537e-03,6.513894e-03,6.995173e-03
1.197329e-01,4.686100e-03,1.025791e-02,6.271170e-03,1.082185e-01,5.657132e-01,2.568825e-02,1.036629e-02,1.563292e-02,4.630876e-03,8.790708e-02,2.009143e-02,5.936569e-03,9.235088e-03,5.631756e-03
8.484199e-02,3.344569e-03,7.315142e-03,4.425857e-03,7.606527e-02,6.356297e-01,1.810901e-02,7.452057e-03,1.122070e-02,3.530761e-03,9.746616e-02,2.349551e-02,4.840540e-03,1.812407e-02,4.138706e-03
6.114128e-02,2.415064e-03,5.308549e-03,3.193888e-03,5.329046e-02,6.040927e-01,1.276183e-02,5.437317e-03,8.787505e-03,2.984647e-03,1.827280e-01,2.627837e-02,4.079099e-03,2.433279e-02,3.168567e-03
4.361842e-02,1.781410e-03,3.811095e-03,2.301360e-03,3.734206e-02,4.707808e-01,9.125900e-03,4.009434e-03,7.645377e-03,3.383448e-03,2.933773e-01,4.472243e-02,3.564415e-03,7.168547e-02,2.851122e-03
3.172968e-02,1.848642e-03,6.965141e-03,2.078701e-03,2.632574e-02,3.412222e-01,6.605813e-03,3.680371e-03,1.119212e-02,4.794111e-03,4.203374e-01,6.867920e-02,2.767898e-03,6.910464e-02,2.668283e-03
2.351829e-02,4.057662e-03,6.428514e-03,1.883064e-03,1.920058e-02,2.470990e-01,4.916191e-03,3.185847e-03,3.519928e-02,4.680578e-03,5.111766e-01,6.598695e-02,2.213869e-03,6.702794e-02,3.425662e-03
2.141992e-02,5.094377e-03,5.667339e-03,1.534600e-03,1.408618e-02,1.894729e-01,4.032209e-03,2.945925e-03,3.614407e-02,9.140659e-03,5.625293e-01,6.028478e-02,1.958292e-03,8.190304e-02,3.786488e-03
4.429319e-02,1.130589e-02,5.743207e-02,5.631139e-03,1.627901e-02,1.615482e-01,5.086306e-03,2.203251e-02,6.909104e-02,1.545662e-02,4.481452e-01,6.899638e-02,3.214535e-03,6.595279e-02,5.535229e-03
7.581964e-02,1.726220e-02,6.010848e-02,5.929805e-03,1.783039e-02,1.235842e-01,4.925980e-03,2.731222e-02,9.862283e-02,2.577848e-02,3.965200e-01,7.452277e-02,5.960688e-03,5.945966e-02,6.362678e-03
6.223699e-02,3.352143e-02,5.377686e-02,4.927883e-03,1.631291e-02,9.290103e-02,8.907882e-03,4.290835e-02,8.406954e-02,2.092342e-02,4.564950e-01,5.834221e-02,7.406072e-03,4.961849e-02,7.651995e-03
4.580079e-02,4.013419e-02,3.951140e-02,3.982438e-03,2.389037e-02,8.819018e-02,1.103045e-02,3.951543e-02,1.647258e-01,1.769909e-02,4.215709e-01,4.664012e-02,9.983877e-03,4.039507e-02,6.929893e-03
3.318330e-02,3.301458e-02,2.841887e-02,4.093756e-03,4.542254e-02,7.572325e-02,1.143287e-02,4.392892e-02,2.261509e-01,1.304021e-02,3.963555e-01,3.916290e-02,1.462847e-02,2.936388e-02,6.080127e-03
2.847925e-02,3.425902e-02,2.401842e-02,8.617262e-03,6.838132e-02,8.267540e-02,1.454011e-02,1.170622e-01,2.164877e-01,9.975601e-03,3.048989e-01,3.270138e-02,2.875558e-02,2.202830e-02,7.119540e-03
2.692227e-02,3.536981e-02,3.204887e-02,2.745374e-02,8.510451e-02,1.105568e-01,1.201946e-02,1.189047e-01,2.125666e-01,9.790471e-03,2.295599e-01,3.455748e-02,3.724550e-02,1.673121e-02,1.116856e-02
3.073501e-02,3.770058e-02,2.545319e-02,2.638428e-02,9.034584e-02,8.522946e-02,8.970052e-03,8.515118e-02,2.951685e-01,7.499302e-03,2.099531e-01,4.222033e-02,3.037608e-02,1.222991e-02,1.258320e-02
5.902893e-02,3.757755e-02,1.903783e-02,3.307834e-02,9.865435e-02,7.233257e-02,6.813927e-03,6.327031e-02,3.092864e-01,6.309355e-03,1.788349e-01,4.884850e-02,2.902996e-02,9.365540e-03,2.853159e-02
5.272800e-02,5.459228e-02,1.370750e-02,3.910834e-02,7.957346e-02,6.050557e-02,5.007030e-03,4.704985e-02,3.463636e-01,6.589720e-03,1.269950e-01,3.552901e-02,2.240751e-02,6.881543e-03,1.029616e-01
4.904728e-02,6.497481e-02,1.067336e-02,4.714777e-02,7.057412e-02,5.022056e-02,3.777453e-03,3.484029e-02,4.218449e-01,6.142837e-03,9.149253e-02,2.637317e-02,1.796594e-02,5.133763e-03,9.979118e-02
4.091733e-02,6.555555e-02,9.707484e-03,8.219923e-02,6.487134e-02,4.269008e-02,2.899318e-03,3.493711e-02,4.593647e-01,7.155586e-03,6.600704e-02,1.891515e-02,1.384465e-02,3.866616e-03,8.706880e-02
3.285095e-02,6.590615e-02,9.287186e-03,1.366173e-01,5.478488e-02,3.372619e-02,2.167520e-03,3.853942e-02,4.712651e-01,6.038124e-03,4.740318e-02,1.350403e-02,1.040897e-02,3.017351e-03,7.448369e-02
4.507921e-02,5.941608e-02,1.905721e-02,1.112784e-01,6.678621e-02,3.096288e-02,1.902471e-03,7.069679e-02,4.761711e-01,5.100512e-03,3.471562e-02,9.644864e-03,7.846895e-03,2.522781e-03,5.881897e-02
3.765181e-02,4.311558e-02,1.417533e-02,7.866961e-02,6.819785e-02,2.787858e-02,1.652917e-03,2.391712e-01,4.056187e-01,3.643647e-03,2.455747e-02,6.788338e-03,5.563491e-03,1.839281e-03,4.147618e-02
2.870023e-02,3.042568e-02,1.071501e-02,5.625072e-02,5.095408e-02,2.025633e-02,1.289077e-03,4.552224e-01,2.871588e-01,2.647349e-03,1.726200e-02,4.766188e-03,3.938192e-03,1.303445e-03,2.911034e-02
2.159585e-02,2.153347e-02,7.793540e-03,3.969263e-02,3.734156e-02,1.464655e-02,1.020879e-03,6.101813e-01,2.047342e-01,1.869732e-03,1.210942e-02,3.344710e-03,2.817150e-03,9.186999e-04,2.040021e-02
2.876289e-02,1.550912e-02,5.743650e-03,2.991785e-02,2.709089e-02,1.070050e-02,7.524393e-04,6.893073e-01,1.461897e-01,1.401168e-03,1.482908e-02,9.721014e-03,4.587370e-03,7.490455e-04,1.473794e-02
4.956511e-02,1.126267e-02,4.109183e-03,2.383176e-02,1.978777e-02,8.261007e-03,5.463847e-04,6.662931e-01,1.072126e-01,1.002794e-03,2.023743e-02,5.276703e-02,2.379764e-02,6.449000e-04,1.068056e-02
7.603746e-02,8.005948e-03,2.973810e-03,1.798895e-02,1.495079e-02,7.425340e-03,4.290655e-04,5.075729e-01,7.834388e-02,7.655330e-04,3.007162e-02,1.787878e-01,6.832998e-02,5.779887e-04,7.738933e-03
5.707071e-02,5.721700e-03,2.225711e-03,1.400295e-02,1.082815e-02,6.991110e-03,3.380133e-04,3.678380e-01,5.903454e-02,7.471784e-04,4.936781e-02,3.128482e-01,1.064793e-01,9.033025e-04,5.603341e-03
4.426752e-02,4.365904e-03,1.813108e-03,1.181349e-02,8.328586e-03,6.519398e-03,2.731686e-04,2.598410e-01,4.952797e-02,7.367560e-04,8.992636e-02,4.132373e-01,1.033748e-01,1.785041e-03,4.189579e-03
3.651486e-02,3.251309e-03,1.530395e-03,9.423767e-03,7.296333e-03,6.610760e-03,2.467022e-04,1.828900e-01,4.472443e-02,8.375793e-04,9.950505e-02,5.119088e-01,8.729585e-02,4.252702e-03,3.711372e-03
5.066347e-02,2.791842e-03,2.089821e-03,7.850043e-03,1.009562e-02,1.460197e-02,3.280180e-04,1.298547e-01,3.707753e-02,1.420193e-03,1.056459e-01,5.626845e-01,6.572872e-02,5.990448e-03,3.177132e-03
3.798684e-02,2.761294e-03,2.120139e-03,6.207258e-03,1.825458e-02,1.313130e-02,2.870289e-04,9.147155e-02,2.667591e-02,2.073337e-03,1.139527e-01,6.285503e-01,4.729155e-02,6.579603e-03,2.656634e-03
2.741520e-02,2.988295e-03,1.958440e-03,4.639760e-03,2.835971e-02,9.652105e-03,2.465142e-04,6.424328e-02,2.013556e-02,2.227673e-03,1.025089e-01,6.911067e-01,3.411980e-02,8.151293e-03,2.246830e-03
2.105609e-02,3.032907e-03,2.271154e-03,3.663220e-03,2.619037e-02,7.506014e-03,1.879728e-04,4.513722e-02,1.534728e-02,3.499575e-03,1.206328e-01,7.152410e-01,2.445806e-02,9.927049e-03,1.849274e-03
1.846316e-02,2.754675e-03,2.482775e-03,3.113942e-03,2.445746e-02,6.910622e-03,2.167949e-04,3.192527e-02,1.175128e-02,5.252237e-03,1.216214e-01,7.392304e-01,1.797477e-02,1.229997e-02,1.545235e-03
1.447359e-02,2.525417e-03,2.228580e-03,2.402000e-03,2.201986e-02,5.381529e-03,1.726735e-04,2.244815e-02,9.335851e-03,5.425628e-03,1.177825e-01,7.661203e-01,1.359412e-02,1.485122e-02,1.238612e-03
1.268603e-02,2.153419e-03,1.910993e-03,2.084627e-03,2.121519e-02,5.186011e-03,2.434451e-04,1.586031e-02,8.081708e-03,5.089575e-03,2.317590e-01,6.630169e-01,1.142311e-02,1.819083e-02,1.098795e-03
1.526162e-02,2.982428e-03,3.295106e-03,1.694923e-03,2.425483e-02,5.940456e-03,6.903230e-04,1.167938e-02,8.389359e-03,4.820674e-03,2.643960e-01,6.242416e-01,9.521496e-03,2.169839e-02,1.133352e-03
1.798341e-02,7.662321e-03,7.841545e-03,1.578179e-03,3.073529e-02,5.260197e-03,1.017058e-03,9.353647e-03,1.113257e-02,5.737025e-03,2.246819e-01,6.417641e-01,7.668125e-03,2.638209e-02,1.202490e-03
2.465892e-02,7.699667e-03,1.293794e-02,2.261861e-03,3.446339e-02,6.139597e-03,1.155555e-03,1.050630e-02,1.693873e-02,6.266413e-03,2.029376e-01,6.247113e-01,6.097101e-03,4.176765e-02,1.457997e-03
4.088858e-02,7.391294e-03,1.410028e-02,3.888347e-03,3.425800e-02,8.333627e-03,1.118486e-03,1.510659e-02,2.463250e-02,5.853236e-03,1.995733e-01,5.891718e-01,4.896362e-03,4.917553e-02,1.611949e-03
5.716088e-02,6.050698e-03,1.134377e-02,3.235306e-03,2.615718e-02,1.056629e-02,9.257576e-04,1.268817e-02,2.715447e-02,7.299548e-03,2.553389e-01,5.218786e-01,3.735781e-03,5.474997e-02,1.714630e-03
4.860108e-02,5.355958e-03,9.312535e-03,3.005408e-03,2.047219e-02,9.694615e-03,7.336054e-04,1.058581e-02,4.567748e-02,7.099397e-03,2.701489e-01,5.136759e-01,2.907312e-03,5.110952e-02,1.620221e-03
4.146535e-02,5.846914e-03,7.438215e-03,2.752561e-03,1.702683e-02,8.010140e-03,6.245217e-04,8.373989e-03,5.717991e-02,7.534137e-03,3.109659e-01,4.857346e-01,2.305499e-03,4.295907e-02,1.782337e-03
3.850577e-02,1.371282e-02,8.730920e-03,3.222051e-03,5.320025e-02,6.725401e-03,6.829310e-04,8.642074e-03,1.003665e-01,8.382505e-03,3.329037e-01,3.824461e-01,1.945946e-03,3.829139e-02,2.241651e-03
2.996379e-02,1.653251e-02,1.640741e-02,1.555746e-02,9.956345e-02,8.421530e-03,8.296421e-04,2.485570e-02,1.237976e-01,8.064263e-03,3.292757e-01,2.888837e-01,1.666795e-03,3.403364e-02,2.146752e-03
