1.000000e+00,0.000000e+00,0.000000e+00,0.000000e+00,0.000000e+00,0.000000e+00,0.000000e+00,0.000000e+00,0.000000e+00,0.000000e+00,0.000000e+00,0.000000e+00,0.000000e+00,0.000000e+00,0.000000e+00
1.000000e+00,0.000000e+00,0.000000e+00,0.000000e+00,0.000000e+00,0.000000e+00,0.000000e+00,0.000000e+00,0.000000e+00,0.000000e+00,0.000000e+00,0.000000e+00,0.000000e+00,0.000000e+00,0.000000e+00
1.000000e+00,0.000000e+00,0.000000e+00,0.000000e+00,0.000000e+00,0.000000e+00,0.000000e+00,0.000000e+00,0.000000e+00,0.000000e+00,0.000000e+00,0.000000e+00,0.000000e+00,0.000000e+00,0.000000e+00
1.000000e+00,0.000000e+00,0.000000e+00,0.000000e+00,0.000000e+00,0.000000e+00,0.000000e+00,0.000000e+00,0.000000e+00,0.000000e+00,0.000000e+00,0.000000e+00,0.000000e+00,0.000000e+00,0.000000e+00
1.000000e+00,0.000000e+00,0.000000e+00,0.000000e+00,0.000000e+00,0.000000e+00,0.000000e+00,0.000000e+00,0.000000e+00,0.000000e+00,0.000000e+00,0.000000e+00,0.000000e+00,0.000000e+00,0.000000e+00
1.000000e+00,0.000000e+00,0.000000e+00,0.000000e+00,0.000000e+00,0.000000e+00,0.000000e+00,0.000000e+00,0.000000e+00,0.000000e+00,0.000000e+00,0.000000e+00,0.000000e+00,0.000000e+00,0.000000e+00
1.000000e+00,0.000000e+00,0.000000e+00,0.000000e+00,0.000000e+00,0.000000e+00,0.000000e+00,0.000000e+00,0.000000e+00,0.000000e+00,0.000000e+00,0.000000e+00,0.000000e+00,0.000000e+00,0.000000e+00
1.000000e+00,0.000000e+00,0.000000e+00,0.000000e+00,0.000000e+00,0.000000e+00,0.000000e+00,0.000000e+00,0.000000e+00,0.000000e+00,0.000000e+00,0.000000e+00,0.000000e+00,0.000000e+00,0.000000e+00
1.000000e+00,0.000000e+00,0.000000e+00,0.000000e+00,0.000000e+00,0.000000e+00,0.000000e+00,0.000000e+00,0.000000e+00,0.000000e+00,0.000000e+00,0.000000e+00,0.000000e+00,0.000000e+00,0.000000e+00
1.000000e+00,0.000000e+00,0.000000e+00,0.000000e+00,0.000000e+00,0.000000e+00,0.000000e+00,0.000000e+00,0.000000e+00,0.000000e+00,0.000000e+00,0.000000e+00,0.000000e+00,0.000000e+00,0.000000e+00
1.000000e+00,0.000000e+00,0.000000e+00,0.000000e+00,0.000000e+00,0.000000e+00,0.000000e+00,0.000000e+00,0.000000e+00,0.000000e+00,0.000000e+00,0.000000e+00,0.000000e+00,0.000000e+00,0.000000e+00
1.000000e+00,0.000000e+00,0.000000e+00,0.000000e+00,0.000000e+00,0.000000e+00,0.000000e+00,0.000000e+00,0.000000e+00,0.000000e+00,0.000000e+00,0.000000e+00,0.000000e+00,0.000000e+00,0.000000e+00
1.000000e+00,0.000000e+00,0.000000e+00,0.000000e+00,0.000000e+00,0.000000e+00,0.000000e+00,0.000000e+00,0.000000e+00,0.000000e+00,0.000000e+00,0.000000e+00,0.000000e+00,0.000000e+00,0.000000e+00
1.000000e+00,0.000000e+00,0.000000e+00,0.000000e+00,0.000000e+00,0.000000e+00,0.000000e+00,0.000000e+00,0.000000e+00,0.000000e+00,0.000000e+00,0.000000e+00,0.000000e+00,0.000000e+00,0.000000e+00
1.000000e+00,0.000000e+00,0.000000e+00,0.000000e+00,0.000000e+00,0.000000e+00,0.000000e+00,0.000000e+00,0.000000e+00,0.000000e+00,0.000000e+00,0.000000e+00,0.000000e+00,0.000000e+00,0.000000e+00
1.000000e+00,0.000000e+00,0.000000e+00,0.000000e+00,0.000000e+00,0.000000e+00,0.000000e+00,0.000000e+00,0.000000e+00,0.000000e+00,0.000000e+00,0.000000e+00,0.000000e+00,0.000000e+00,0.000000e+00
1.000000e+00,0.000000e+00,0.000000e+00,0.000000e+00,0.000000e+00,0.000000e+00,0.000000e+00,0.000000e+00,0.000000e+00,0.000000e+00,0.000000e+00,0.000000e+00,0.000000e+00,0.000000e+00,0.000000e+00
1.000000e+00,0.000000e+00,0.000000e+00,0.000000e+00,0.000000e+00,0.000000e+00,0.000000e+00,0.000000e+00,0.000000e+00,0.000000e+00,0.000000e+00,0.000000e+00,0.000000e+00,0.000000e+00,0.000000e+00
1.000000e+00,0.000000e+00,0.000000e+00,0.000000e+00,0.000000e+00,0.000000e+00,0.000000e+00,0.000000e+00,0.000000e+00,0.000000e+00,0.000000e+00,0.000000e+00,0.000000e+00,0.000000e+00,0.000000e+00
1.000000e+00,0.000000e+00,0.000000e+00,0.000000e+00,0.000000e+00,0.000000e+00,0.000000e+00,0.000000e+00,0.000000e+00,0.000000e+00,0.000000e+00,0.000000e+00,0.000000e+00,0.000000e+00,0.000000e+00
1.000000e+00,0.000000e+00,0.000000e+00,0.000000e+00,0.000000e+00,0.000000e+00,0.000000e+00,0.000000e+00,0.000000e+00,0.000000e+00,0.000000e+00,0.000000e+00,0.000000e+00,0.000000e+00,0.000000e+00
1.000000e+00,0.000000e+00,0.000000e+00,0.000000e+00,0.000000e+00,0.000000e+00,0.000000e+00,0.000000e+00,0.000000e+00,0.000000e+00,0.000000e+00,0.000000e+00,0.000000e+00,0.000000e+00,0.000000e+00
1.000000e+00,0.000000e+00,0.000000e+00,0.000000e+00,0.000000e+00,0.000000e+00,0.000000e+00,0.000000e+00,0.000000e+00,0.000000e+00,0.000000e+00,0.000000e+00,0.000000e+00,0.000000e+00,0.000000e+00
1.000000e+00,0.000000e+00,0.000000e+00,0.000000e+00,0.000000e+00,0.000000e+00,0.000000e+00,0.000000e+00,0.000000e+00,0.000000e+00,0.000000e+00,0.000000e+00,0.000000e+00,0.000000e+00,0.000000e+00
1.000000e+00,0.000000e+00,0.000000e+00,0.000000e+00,0.000000e+00,0.000000e+00,0.000000e+00,0.000000e+00,0.000000e+00,0.000000e+00,0.000000e+00,0.000000e+00,0.000000e+00,0.000000e+00,0.000000e+00
1.000000e+00,0.000000e+00,0.000000e+00,0.000000e+00,0.000000e+00,0.000000e+00,0.000000e+00,0.000000e+00,0.000000e+00,0.000000e+00,0.000000e+00,0.000000e+00,0.000000e+00,0.000000e+00,0.000000e+00
1.000000e+00,0.000000e+00,0.000000e+00,0.000000e+00,0.000000e+00,0.000000e+00,0.000000e+00,0.000000e+00,0.000000e+00,0.000000e+00,0.000000e+00,0.000000e+00,0.000000e+00,0.000000e+00,0.000000e+00
1.000000e+00,0.000000e+00,0.000000e+00,0.000000e+00,0.000000e+00,0.000000e+00,0.000000e+00,0.000000e+00,0.000000e+00,0.000000e+00,0.000000e+00,0.000000e+00,0.000000e+00,0.000000e+00,0.000000e+00
1.000000e+00,0.000000e+00,0.000000e+00,0.000000e+00,0.000000e+00,0.000000e+00,0.000000e+00,0.000000e+00,0.000000e+00,0.000000e+00,0.000000e+00,0.000000e+00,0.000000e+00,0.000000e+00,0.000000e+00
1.000000e+00,0.000000e+00,0.000000e+00,0.000000e+00,0.000000e+00,0.000000e+00,0.000000e+00,0.000000e+00,0.000000e+00,0.000000e+00,0.000000e+00,0.000000e+00,0.000000e+00,0.000000e+00,0.000000e+00
1.000000e+00,0.000000e+00,0.000000e+00,0.000000e+00,0.000000e+00,0.000000e+00,0.000000e+00,0.000000e+00,0.000000e+00,0.000000e+00,0.000000e+00,0.000000e+00,0.000000e+00,0.000000e+00,0.000000e+00
1.000000e+00,0.000000e+00,0.000000e+00,0.000000e+00,0.000000e+00,0.000000e+00,0.000000e+00,0.000000e+00,0.000000e+00,0.000000e+00,0.000000e+00,0.000000e+00,0.000000e+00,0.000000e+00,0.000000e+00
1.000000e+00,0.000000e+00,0.000000e+00,0.000000e+00,0.000000e+00,0.000000e+00,0.000000e+00,0.000000e+00,0.000000e+00,0.000000e+00,0.000000e+00,0.000000e+00,0.000000e+00,0.000000e+00,0.000000e+00
1.000000e+00,0.000000e+00,0.000000e+00,0.000000e+00,0.000000e+00,0.000000e+00,0.000000e+00,0.000000e+00,0.000000e+00,0.000000e+00,0.000000e+00,0.000000e+00,0.000000e+00,0.000000e+00,0.000000e+00
1.000000e+00,0.000000e+00,0.000000e+00,0.000000e+00,0.000000e+00,0.000000e+00,0.000000e+00,0.000000e+00,0.000000e+00,0.000000e+00,0.000000e+00,0.000000e+00,0.000000e+00,0.000000e+00,0.000000e+00
1.000000e+00,0.000000e+00,0.000000e+00,0.000000e+00,0.000000e+00,0.000000e+00,0.000000e+00,0.000000e+00,0.000000e+00,0.000000e+00,0.000000e+00,0.000000e+00,0.000000e+00,0.000000e+00,0.000000e+00
1.000000e+00,0.000000e+00,0.000000e+00,0.000000e+00,0.000000e+00,0.000000e+00,0.000000e+00,0.000000e+00,0.000000e+00,0.000000e+00,0.000000e+00,0.000000e+00,0.000000e+00,0.000000e+00,0.000000e+00
1.000000e+00,0.000000e+00,0.000000e+00,0.000000e+00,0.000000e+00,0.000000e+00,0.000000e+00,0.000000e+00,0.000000e+00,0.000000e+00,0.000000e+00,0.000000e+00,0.000000e+00,0.000000e+00,0.000000e+00
1.000000e+00,0.000000e+00,0.000000e+00,0.000000e+00,0.000000e+00,0.000000e+00,0.000000e+00,0.000000e+00,0.000000e+00,0.000000e+00,0.000000e+00,0.000000e+00,0.000000e+00,0.000000e+00,0.000000e+00
1.000000e+00,0.000000e+00,0.000000e+00,0.000000e+00,0.000000e+00,0.000000e+00,0.000000e+00,0.000000e+00,0.000000e+00,0.000000e+00,0.000000e+00,0.000000e+00,0.000000e+00,0.000000e+00,0.000000e+00
1.000000e+00,0.000000e+00,0.000000e+00,0.000000e+00,0.000000e+00,0.000000e+00,0.000000e+00,0.000000e+00,0.000000e+00,0.000000e+00,0.000000e+00,0.000000e+00,0.000000e+00,0.000000e+00,0.000000e+00
1.000000e+00,0.000000e+00,0.000000e+00,0.000000e+00,0.000000e+00,0.000000e+00,0.000000e+00,0.000000e+00,0.000000e+00,0.000000e+00,0.000000e+00,0.000000e+00,0.000000e+00,0.000000e+00,0.000000e+00
1.000000e+00,0.000000e+00,0.000000e+00,0.000000e+00,0.000000e+00,0.000000e+00,0.000000e+00,0.000000e+00,0.000000e+00,0.000000e+00,0.000000e+00,0.000000e+00,0.000000e+00,0.000000e+00,0.000000e+00
1.000000e+00,0.000000e+00,0.000000e+00,0.000000e+00,0.000000e+00,0.000000e+00,0.000000e+00,0.000000e+00,0.000000e+00,0.000000e+00,0.000000e+00,0.000000e+00,0.000000e+00,0.000000e+00,0.000000e+00
1.000000e+00,0.000000e+00,0.000000e+00,0.000000e+00,0.000000e+00,0.000000e+00,0.000000e+00,0.000000e+00,0.000000e+00,0.000000e+00,0.000000e+00,0.000000e+00,0.000000e+00,0.000000e+00,0.000000e+00
1.000000e+00,0.000000e+00,0.000000e+00,0.000000e+00,0.000000e+00,0.000000e+00,0.000000e+00,0.000000e+00,0.000000e+00,0.000000e+00,0.000000e+00,0.000000e+00,0.000000e+00,0.000000e+00,0.000000e+00
1.000000e+00,0.000000e+00,0.000000e+00,0.000000e+00,0.000000e+00,0.000000e+00,0.000000e+00,0.000000e+00,0.000000e+00,0.000000e+00,0.000000e+00,0.000000e+00,0.000000e+00,0.000000e+00,0.000000e+00
1.000000e+00,0.000000e+00,0.000000e+00,0.000000e+00,0.000000e+00,0.000000e+00,0.000000e+00,0.000000e+00,0.000000e+00,0.000000e+00,0.000000e+00,0.000000e+00,0.000000e+00,0.000000e+00,0.000000e+00
1.000000e+00,0.000000e+00,0.000000e+00,0.000000e+00,0.000000e+00,0.000000e+00,0.000000e+00,0.000000e+00,0.000000e+00,0.000000e+00,0.000000e+00,0.000000e+00,0.000000e+00,0.000000e+00,0.000000e+00
1.000000e+00,0.000000e+00,0.000000e+00,0.000000e+00,0.000000e+00,0.000000e+00,0.000000e+00,0.000000e+00,0.000000e+00,0.000000e+00,0.000000e+00,0.000000e+00,0.000000e+00,0.000000e+00,0.000000e+00
1.000000e+00,0.000000e+00,0.000000e+00,0.000000e+00,0.000000e+00,0.000000e+00,0.000000e+00,0.000000e+00,0.000000e+00,0.000000e+00,0.000000e+00,0.000000e+00,0.000000e+00,0.000000e+00,0.000000e+00
1.000000e+00,0.000000e+00,0.000000e+00,0.000000e+00,0.000000e+00,0.000000e+00,0.000000e+00,0.000000e+00,0.000000e+00,0.000000e+00,0.000000e+00,0.000000e+00,0.000000e+00,0.000000e+00,0.000000e+00
1.000000e+00,0.000000e+00,0.000000e+00,0.000000e+00,0.000000e+00,0.000000e+00,0.000000e+00,0.000000e+00,0.000000e+00,0.000000e+00,0.000000e+00,0.000000e+00,0.000000e+00,0.000000e+00,0.000000e+00
1.000000e+00,0.000000e+00,0.000000e+00,0.000000e+00,0.000000e+00,0.000000e+00,0.000000e+00,0.000000e+00,0.000000e+00,0.000000e+00,0.000000e+00,0.000000e+00,0.000000e+00,0.000000e+00,0.000000e+00
1.000000e+00,0.000000e+00,0.000000e+00,0.000000e+00,0.000000e+00,0.000000e+00,0.000000e+00,0.000000e+00,0.000000e+00,0.000000e+00,0.000000e+00,0.000000e+00,0.000000e+00,0.000000e+00,0.000000e+00
1.000000e+00,0.000000e+00,0.000000e+00,0.000000e+00,0.000000e+00,0.000000e+00,0.000000e+00,0.000000e+00,0.000000e+00,0.000000e+00,0.000000e+00,0.000000e+00,0.000000e+00,0.000000e+00,0.000000e+00
1.000000e+00,0.000000e+00,0.000000e+00,0.000000e+00,0.000000e+00,0.000000e+00,0.000000e+00,0.000000e+00,0.000000e+00,0.000000e+00,0.000000e+00,0.000000e+00,0.000000e+00,0.000000e+00,0.000000e+00
1.000000e+00,0.000000e+00,0.000000e+00,0.000000e+00,0.000000e+00,0.000000e+00,0.000000e+00,0.000000e+00,0.000000e+00,0.000000e+00,0.000000e+00,0.000000e+00,0.000000e+00,0.000000e+00,0.000000e+00
1.000000e+00,0.000000e+00,0.000000e+00,0.000000e+00,0.000000e+00,0.000000e+00,0.000000e+00,0.000000e+00,0.000000e+00,0.000000e+00,0.000000e+00,0.000000e+00,0.000000e+00,0.000000e+00,0.000000e+00
1.000000e+00,0.000000e+00,0.000000e+00,0.000000e+00,0.000000e+00,0.000000e+00,0.000000e+00,0.000000e+00,0.000000e+00,0.000000e+00,0.000000e+00,0.000000e+00,0.000000e+00,0.000000e+00,0.000000e+00
4.032885e-01,1.094400e-02,1.682035e-02,2.761748e-02,2.846915e-03,9.535465e-03,2.836960e-03,4.612557e-01,4.438785e-03,2.084180e-03,1.145328e-02,1.535786e-02,8.379762e-03,5.637078e-03,1.750370e-02
2.839819e-01,7.691818e-03,1.207250e-02,1.952312e-02,2.093631e-03,7.063367e-03,2.295160e-03,6.195294e-01,3.118863e-03,1.469175e-03,8.079930e-03,1.080767e-02,5.933683e-03,4.007356e-03,1.233245e-02
1.993458e-01,5.410313e-03,8.711075e-03,1.380142e-02,1.565188e-03,5.094752e-03,1.881919e-03,7.320064e-01,2.188046e-03,1.031657e-03,5.683823e-03,7.583335e-03,4.181277e-03,2.868010e-03,8.646889e-03
1.400533e-01,3.827067e-03,6.358227e-03,9.799716e-03,1.255992e-03,3.741951e-03,1.552849e-03,8.106418e-01,1.539893e-03,7.259104e-04,4.019010e-03,5.331102e-03,2.964312e-03,2.116182e-03,6.072727e-03
9.875623e-02,2.775643e-03,4.499564e-03,6.913098e-03,1.160812e-03,2.742349e-03,1.133939e-03,8.265834e-01,1.135204e-03,1.015459e-03,1.685247e-02,1.235166e-02,5.137526e-03,1.463878e-02,4.303857e-03
6.923398e-02,1.951630e-03,3.161293e-03,4.902326e-03,9.025138e-04,1.938135e-03,8.290220e-04,5.964369e-01,8.047705e-04,2.722766e-03,1.397886e-01,1.066763e-01,5.183030e-03,6.244140e-02,3.027287e-03
4.853214e-02,1.373032e-03,2.220919e-03,3.503032e-03,7.284413e-04,1.375702e-03,5.992252e-04,4.239287e-01,5.957901e-04,2.718243e-03,1.394367e-01,3.115200e-01,4.283963e-03,5.705562e-02,2.128577e-03
3.401660e-02,9.831808e-04,1.566420e-03,2.546836e-03,7.685345e-04,1.002691e-03,4.292813e-04,2.971750e-01,5.510472e-04,3.101767e-03,1.198153e-01,4.875226e-01,3.242549e-03,4.576980e-02,1.508380e-03
2.406794e-02,7.820677e-04,1.167270e-03,1.946751e-03,1.572293e-03,1.274331e-03,3.743270e-04,2.086813e-01,6.816818e-04,6.551512e-03,1.176467e-01,5.901686e-01,2.861113e-03,4.105629e-02,1.167843e-03
1.711451e-02,7.141450e-04,1.034474e-03,1.478586e-03,4.728136e-03,1.978652e-03,3.294078e-04,1.463592e-01,1.027311e-03,5.577402e-03,1.021136e-01,6.821239e-01,2.499500e-03,3.204984e-02,8.713396e-04
1.251745e-02,8.440312e-04,1.032384e-03,1.317165e-03,9.102572e-03,3.285146e-03,3.434170e-04,1.028060e-01,1.468667e-03,4.400787e-03,9.132573e-02,7.451617e-01,2.035213e-03,2.360924e-02,7.505938e-04
9.789153e-03,2.125103e-03,3.086770e-03,1.792185e-03,3.332473e-02,4.378526e-03,1.634069e-03,7.354392e-02,2.577771e-03,4.001375e-03,6.903551e-02,7.743429e-01,1.847884e-03,1.765193e-02,8.681781e-04
8.192577e-03,2.984485e-03,3.632335e-03,2.129643e-03,5.344851e-02,6.341605e-03,3.010909e-03,5.320871e-02,3.201112e-03,3.551995e-03,7.812620e-02,7.645671e-01,1.946421e-03,1.430547e-02,1.352892e-03
6.645564e-03,2.863891e-03,3.247317e-03,1.915744e-03,4.772250e-02,7.833940e-03,2.549269e-03,3.798837e-02,2.975515e-03,3.484740e-03,8.606030e-02,7.821442e-01,1.802511e-03,1.137615e-02,1.389942e-03
7.175933e-03,2.454704e-03,2.625217e-03,1.665801e-03,3.835135e-02,2.318222e-02,2.253489e-03,2.715681e-02,2.557965e-03,3.280549e-03,7.662828e-02,8.011101e-01,1.583098e-03,8.748727e-03,1.225724e-03
1.842425e-02,2.445979e-03,2.289879e-03,1.528578e-03,3.268803e-02,2.264169e-02,1.932184e-03,1.936238e-02,2.049567e-03,2.963335e-03,7.596061e-02,8.082798e-01,1.309492e-03,6.920319e-03,1.203849e-03
3.935251e-02,2.225008e-03,2.082286e-03,1.691138e-03,2.633717e-02,2.905061e-02,1.822830e-03,1.420899e-02,1.563702e-03,2.886462e-03,6.320585e-02,8.075691e-01,1.284933e-03,5.678045e-03,1.041251e-03
7.343419e-02,2.369664e-03,1.888348e-03,1.949878e-03,3.494969e-02,4.057586e-02,1.956905e-03,1.166249e-02,1.322210e-03,3.040465e-03,6.626394e-02,7.522718e-01,1.873077e-03,5.428469e-03,1.012966e-03
9.379769e-02,3.144671e-03,2.189839e-03,2.385188e-03,3.626671e-02,4.241859e-02,2.851360e-03,1.084277e-02,1.263094e-03,2.715516e-03,5.343990e-02,7.410684e-01,1.950399e-03,4.593086e-03,1.072891e-03
1.499096e-01,3.980584e-03,3.616735e-03,4.621622e-03,4.087528e-02,5.036038e-02,3.924690e-03,1.053122e-02,2.023421e-03,2.957089e-03,4.591344e-02,6.731132e-01,2.087739e-03,4.248617e-03,1.836544e-03
1.345666e-01,3.718787e-03,2.934144e-03,4.006172e-03,3.180559e-02,4.187419e-02,3.708489e-03,8.201837e-03,2.047504e-03,2.527495e-03,5.747133e-02,6.992660e-01,2.145824e-03,3.766180e-03,1.959939e-03
1.244635e-01,3.789513e-03,2.602857e-03,3.612495e-03,3.240605e-02,5.105373e-02,3.302897e-03,7.866242e-03,2.109078e-03,2.223234e-03,5.459877e-02,7.038461e-01,3.031369e-03,3.450199e-03,1.644000e-03
1.159690e-01,3.978567e-03,2.968030e-03,3.033462e-03,3.666150e-02,4.203993e-02,6.520712e-03,1.031212e-02,2.442748e-03,4.151228e-03,7.913722e-02,6.820900e-01,4.804505e-03,4.374154e-03,1.516904e-03
1.394597e-01,5.248398e-03,3.118206e-03,4.788844e-03,3.649775e-02,4.123193e-02,6.644855e-03,9.386805e-03,4.377245e-03,3.548562e-03,9.456593e-02,6.379966e-01,4.996169e-03,4.901669e-03,3.237354e-03
1.208065e-01,5.323455e-03,3.060137e-03,4.695805e-03,4.869329e-02,4.015486e-02,6.792413e-03,8.042312e-03,1.348245e-02,2.814583e-03,1.439246e-01,5.882899e-01,5.495321e-03,4.834660e-03,3.589659e-03
9.608268e-02,4.327859e-03,2.626619e-03,4.016994e-03,4.012226e-02,4.898966e-02,6.077575e-03,6.732483e-03,1.162935e-02,2.275416e-03,2.358274e-01,5.267578e-01,6.753645e-03,4.729391e-03,3.050856e-03
7.426623e-02,6.345137e-03,1.500262e-02,3.540668e-03,5.883496e-02,3.623839e-02,4.800868e-03,6.358338e-03,2.615417e-02,1.850307e-03,2.227413e-01,5.149710e-01,1.929524e-02,6.709435e-03,2.891293e-03
5.845206e-02,4.775485e-03,1.225992e-02,2.782823e-03,2.136685e-01,3.016334e-02,5.170525e-03,1.011286e-02,2.771503e-02,1.451210e-03,2.012213e-01,4.053755e-01,1.873926e-02,5.902979e-03,2.209187e-03
5.244232e-02,3.927458e-03,1.083987e-02,2.274048e-03,2.797681e-01,2.845217e-02,6.612326e-03,1.490050e-02,2.577219e-02,1.202795e-03,2.062205e-01,3.394561e-01,2.140518e-02,4.812115e-03,1.914301e-03
5.990871e-02,3.408290e-03,8.740782e-03,2.521648e-03,2.405427e-01,2.375567e-02,8.068525e-03,2.212659e-02,2.331371e-02,1.346051e-03,1.858215e-01,3.300889e-01,8.381099e-02,4.826089e-03,1.719701e-03
6.177048e-02,2.919070e-03,7.745105e-03,2.160811e-03,2.753009e-01,1.931524e-02,7.854053e-03,3.650922e-02,3.779579e-02,1.032483e-03,1.438771e-01,2.568724e-01,1.418464e-01,3.592752e-03,1.408059e-03
6.809244e-02,2.925896e-03,8.413808e-03,2.076704e-03,2.846375e-01,1.582751e-02,6.342507e-03,5.788642e-02,4.431964e-02,8.132512e-04,1.114877e-01,2.146989e-01,1.785083e-01,2.783516e-03,1.185938e-03
8.042506e-02,4.664352e-03,8.451972e-03,5.912659e-03,2.652999e-01,1.373720e-02,5.267101e-03,7.469334e-02,1.078041e-01,9.006828e-04,8.172796e-02,1.911185e-01,1.564081e-01,2.116402e-03,1.472578e-03
9.436055e-02,7.604629e-03,7.160696e-03,7.096605e-03,2.523800e-01,1.391301e-02,4.587430e-03,6.840494e-02,1.868188e-01,8.698158e-04,6.477008e-02,1.603549e-01,1.284336e-01,1.852004e-03,1.392877e-03
1.233840e-01,9.376487e-03,8.081203e-03,1.024269e-02,2.914470e-01,1.359069e-02,4.555630e-03,5.451704e-02,1.875022e-01,8.173470e-04,6.408731e-02,1.354526e-01,9.397193e-02,1.632457e-03,1.341461e-03
1.309995e-01,1.433393e-02,7.272670e-03,1.479518e-02,2.782393e-01,1.527089e-02,5.584229e-03,4.497215e-02,2.637079e-01,7.639483e-04,5.141392e-02,1.025768e-01,6.712693e-02,1.464198e-03,1.478482e-03
1.344128e-01,2.052866e-02,7.416773e-03,1.480547e-02,2.762605e-01,1.599625e-02,5.615753e-03,3.935658e-02,3.127807e-01,6.899440e-04,4.275608e-02,7.846543e-02,4.809673e-02,1.245648e-03,1.572614e-03
1.345069e-01,1.910658e-02,6.643732e-03,1.162479e-02,2.915546e-01,1.407868e-02,5.942288e-03,3.217456e-02,3.489198e-01,6.121407e-04,3.657101e-02,6.126031e-02,3.432009e-02,1.134693e-03,1.549822e-03
1.499292e-01,1.832734e-02,5.461659e-03,9.739045e-03,3.112496e-01,1.338486e-02,5.554702e-03,2.963246e-02,3.497725e-01,5.921576e-04,3.062913e-02,4.789162e-02,2.504541e-02,1.144082e-03,1.646273e-03
2.241569e-01,1.759230e-02,5.030777e-03,9.252686e-03,2.789369e-01,1.078786e-02,4.475566e-03,4.134757e-02,3.250605e-01,5.734864e-04,2.289361e-02,3.779749e-02,1.941390e-02,1.024666e-03,1.655783e-03
2.386591e-01,1.410873e-02,4.805152e-03,8.875027e-03,2.104685e-01,8.988214e-03,4.545372e-03,1.816249e-01,2.637867e-01,5.087812e-04,1.687491e-02,2.932475e-02,1.511661e-02,8.761933e-04,1.437074e-03
2.066545e-01,1.070444e-02,4.416526e-03,7.839076e-03,1.521866e-01,7.149865e-03,4.361179e-03,3.666360e-01,1.932034e-01,4.122572e-04,1.217232e-02,2.136714e-02,1.104101e-02,6.769918e-04,1.178715e-03
1.630227e-01,7.815787e-03,3.679170e-03,6.265756e-03,1.086641e-01,5.565754e-03,3.674003e-03,5.302113e-01,1.375673e-01,3.287325e-04,8.684642e-03,1.524191e-02,7.870686e-03,5.179900e-04,8.901122e-04
1.312211e-01,5.606875e-03,2.992270e-03,4.952521e-03,7.778129e-02,4.798065e-03,3.296639e-03,6.481860e-01,9.692491e-02,2.678966e-04,6.218008e-03,1.099904e-02,5.663919e-03,3.947387e-04,6.967592e-04
9.783572e-02,3.973055e-03,2.436625e-03,3.759270e-03,5.494150e-02,4.001833e-03,2.685726e-03,7.448491e-01,6.799646e-02,2.065852e-04,4.425897e-03,7.980017e-03,4.070692e-03,3.024326e-04,5.351587e-04
7.176427e-02,2.798038e-03,1.940828e-03,2.810519e-03,3.921172e-02,3.139949e-03,2.205668e-03,8.160203e-01,4.767042e-02,1.521617e-04,3.133687e-03,5.638159e-03,2.894137e-03,2.298293e-04,3.904718e-04
5.268399e-02,1.972762e-03,1.597311e-03,2.153504e-03,2.912243e-02,2.369130e-03,1.805506e-03,8.660616e-01,3.340090e-02,1.103765e-04,2.231015e-03,3.970278e-03,2.065780e-03,1.720148e-04,2.835484e-04
3.847024e-02,1.391369e-03,1.261382e-03,1.640332e-03,2.175644e-02,1.752134e-03,1.592686e-03,9.024410e-01,2.338952e-02,8.154703e-05,1.584256e-03,2.806514e-03,1.495856e-03,1.281311e-04,2.086491e-04
2.847474e-02,9.891387e-04,1.009531e-03,1.270837e-03,1.729149e-02,1.317839e-03,1.340737e-03,9.273582e-01,1.637896e-02,6.332873e-05,1.136918e-03,1.999151e-03,1.114012e-03,9.773554e-05,1.575128e-04
2.094114e-02,7.006618e-04,8.375052e-04,9.468679e-04,1.437928e-02,9.469975e-04,1.100308e-03,9.453757e-01,1.146820e-02,4.766411e-05,8.182491e-04,1.418430e-03,8.308257e-04,7.364812e-05,1.145355e-04
1.573873e-02,4.987248e-04,6.921034e-04,6.883523e-04,1.187247e-02,6.836955e-04,9.573845e-04,9.584185e-01,8.030304e-03,3.768336e-05,5.860911e-04,1.018949e-03,6.374738e-04,5.517833e-05,8.440747e-05
1.209845e-02,3.579435e-04,5.641454e-04,5.091252e-04,9.083178e-03,5.101176e-04,7.569393e-04,9.686034e-01,5.624779e-03,3.232488e-05,4.322467e-04,7.673110e-04,5.465029e-04,4.644540e-05,6.717915e-05
9.570415e-03,2.573241e-04,4.619704e-04,3.759273e-04,7.222010e-03,3.814613e-04,6.102846e-04,9.757218e-01,3.940833e-03,2.805052e-05,3.177626e-04,5.717723e-04,4.519242e-04,3.588601e-05,5.250588e-05
7.771959e-03,1.907113e-04,3.989838e-04,2.792227e-04,5.437301e-03,3.295285e-04,5.609648e-04,9.807171e-01,2.767078e-03,2.767828e-05,2.902006e-04,5.077820e-04,6.301644e-04,3.478814e-05,5.649330e-05
6.061133e-03,1.403666e-04,3.535218e-04,2.161386e-04,4.298527e-03,2.791281e-04,5.027867e-04,9.848758e-01,1.946457e-03,2.393759e-05,2.451608e-04,3.904752e-04,5.793779e-04,3.078330e-05,5.634924e-05
5.067213e-03,1.030759e-04,2.779562e-04,1.657304e-04,3.368995e-03,2.273212e-04,5.401620e-04,9.878199e-01,1.368872e-03,1.950625e-05,1.930813e-04,2.897609e-04,4.810445e-04,2.523820e-05,5.216665e-05
4.220451e-03,7.687516e-05,2.254495e-04,1.254842e-04,2.552010e-03,1.969763e-04,7.024228e-04,9.900573e-01,9.637997e-04,1.610054e-05,1.540352e-04,2.264272e-04,4.058267e-04,2.290354e-05,5.391875e-05
4.531603e-03,6.194335e-05,1.899575e-04,1.009328e-04,2.005826e-03,2.035082e-04,6.693117e-04,9.907171e-01,6.865798e-04,1.766780e-05,1.412350e-04,2.005084e-04,3.785663e-04,2.479454e-05,7.044754e-05
4.562093e-03,5.033224e-05,1.625132e-04,8.427746e-05,1.645372e-03,2.182611e-04,6.518076e-04,9.913874e-01,4.891751e-04,1.738487e-05,1.285302e-04,1.625315e-04,3.255057e-04,2.495283e-05,8.982206e-05
4.599545e-03,4.077999e-05,1.385405e-04,7.306899e-05,1.418653e-03,1.843586e-04,5.299251e-04,9.919826e-01,3.552031e-04,1.663432e-05,1.203135e-04,1.259480e-04,2.960265e-04,2.168379e-05,9.677696e-05
5.252358e-03,4.000010e-05,1.197617e-04,8.111449e-05,1.202577e-03,1.854016e-04,3.839184e-04,9.918876e-01,2.686256e-04,1.416949e-05,1.024721e-04,9.895679e-05,2.497817e-04,1.793359e-05,9.535126e-05
1.160065e-02,1.322079e-04,1.326005e-04,8.921676e-05,1.553974e-03,3.436487e-04,3.139465e-04,9.803265e-01,1.122250e-03,5.247954e-05,8.087806e-04,4.326516e-04,2.530072e-03,7.430406e-05,4.866947e-04
2.507782e-02,9.598239e-04,1.793828e-04,1.801769e-04,5.768422e-03,8.331399e-04,6.407437e-04,9.161506e-01,3.105891e-03,3.067661e-04,1.958159e-03,2.103807e-03,4.066361e-02,1.329478e-04,1.938645e-03
3.912771e-02,2.074469e-03,3.980982e-04,2.946743e-04,9.587951e-03,1.331096e-03,9.124913e-04,8.873782e-01,3.290191e-03,3.911005e-04,2.316058e-03,2.949445e-03,4.750007e-02,1.335570e-04,2.314843e-03
6.136192e-02,5.699614e-03,1.069922e-03,3.549109e-04,1.310993e-02,1.607537e-03,1.063618e-03,8.230891e-01,3.931229e-03,3.787307e-04,6.130877e-03,5.196844e-03,7.470524e-02,1.720596e-04,2.128482e-03
9.494706e-02,7.593676e-03,1.486124e-03,4.367318e-04,1.627293e-02,1.684436e-03,1.022534e-03,6.110255e-01,4.102173e-03,4.749751e-04,1.404183e-02,1.095329e-02,2.328492e-01,4.337791e-04,2.675855e-03
1.307222e-01,1.219239e-02,1.950252e-03,5.662708e-04,1.943243e-02,2.598359e-03,1.030900e-03,4.392183e-01,4.204208e-03,5.482129e-04,1.650579e-02,3.030453e-02,3.373395e-01,6.395235e-04,2.747179e-03
1.469280e-01,2.187275e-02,3.709920e-02,1.609034e-03,5.597271e-02,7.306487e-03,1.483297e-03,3.267264e-01,1.002257e-02,8.330044e-04,1.807271e-02,2.866694e-02,3.396999e-01,9.094762e-04,2.797668e-03
1.241873e-01,4.326883e-02,3.162444e-02,7.068725e-03,8.737651e-02,1.056582e-02,2.509881e-03,2.410341e-01,2.422710e-02,1.467127e-03,2.773659e-02,2.898039e-02,3.628142e-01,1.359755e-03,5.779254e-03
1.129441e-01,4.218982e-02,6.139410e-02,1.117096e-02,9.330216e-02,9.892272e-03,3.704138e-03,2.090531e-01,5.697215e-02,3.608707e-03,3.165131e-02,2.551448e-02,3.263580e-01,1.920991e-03,1.032376e-02
1.811291e-01,5.543695e-02,4.867478e-02,1.524118e-02,1.170162e-01,1.552245e-02,5.052285e-03,1.631286e-01,6.843599e-02,4.360040e-03,3.119883e-02,2.028782e-02,2.527534e-01,2.168470e-03,1.959390e-02
2.045758e-01,8.391124e-02,3.844322e-02,1.883687e-02,1.487423e-01,2.596825e-02,6.895936e-03,1.243250e-01,7.828218e-02,5.252738e-03,2.816173e-02,1.659922e-02,1.941047e-01,2.294641e-03,2.360612e-02
2.488257e-01,9.410028e-02,3.142583e-02,3.794171e-02,1.543685e-01,3.136471e-02,8.240867e-03,9.520076e-02,7.801385e-02,5.983401e-03,2.460508e-02,1.982185e-02,1.441038e-01,3.032106e-03,2.297161e-02
3.321558e-01,8.891241e-02,2.489037e-02,4.947538e-02,1.407432e-01,3.201915e-02,9.279487e-03,7.304076e-02,6.278265e-02,6.300103e-03,2.110892e-02,2.520229e-02,1.079097e-01,3.421477e-03,2.275846e-02
4.431025e-01,7.503159e-02,2.064851e-02,4.764298e-02,1.135859e-01,2.747145e-02,9.239238e-03,5.563358e-02,4.956460e-02,5.772221e-03,1.755863e-02,2.839129e-02,8.309633e-02,3.432951e-03,1.982821e-02
1.000000e+00,0.000000e+00,0.000000e+00,0.000000e+00,0.000000e+00,0.000000e+00,0.000000e+00,0.000000e+00,0.000000e+00,0.000000e+00,0.000000e+00,0.000000e+00,0.000000e+00,0.000000e+00,0.000000e+00
4.359401e-01,5.574800e-02,1.601953e-02,3.003148e-02,6.348149e-02,3.046613e-02,5.926154e-03,3.106737e-02,2.979343e-02,5.658627e-03,1.611340e-01,3.828543e-02,4.604242e-02,3.469519e-02,1.571072e-02
3.274190e-01,4.316531e-02,1.187953e-02,2.345048e-02,4.536135e-02,2.226581e-02,4.267598e-03,2.312018e-02,2.185228e-02,5.837011e-03,3.239535e-01,4.662125e-02,3.355455e-02,5.569871e-02,1.155342e-02
2.518191e-01,5.620065e-02,9.467356e-03,2.085381e-02,3.239405e-02,1.640393e-02,3.100365e-03,1.633724e-02,1.894566e-02,5.155627e-03,4.372663e-01,5.805753e-02,2.415798e-02,3.955775e-02,1.028268e-02
3.191892e-01,5.177831e-02,7.334253e-03,1.759795e-02,2.347916e-02,1.824571e-02,2.385861e-03,1.181704e-02,1.524996e-02,4.911027e-03,3.894811e-01,7.916750e-02,1.804016e-02,2.877151e-02,1.255133e-02
3.726758e-01,3.930955e-02,5.680224e-03,1.570388e-02,1.871932e-02,1.693948e-02,2.131669e-03,8.864949e-03,1.139333e-02,4.040913e-03,3.223225e-01,1.351158e-01,1.328640e-02,2.269667e-02,1.111964e-02
3.909333e-01,2.992099e-02,4.627967e-03,1.455623e-02,1.440808e-02,1.832232e-02,1.856604e-03,6.665412e-03,9.016475e-03,3.437644e-03,2.978634e-01,1.692570e-01,1.054249e-02,1.805124e-02,1.054088e-02
3.036546e-01,2.249308e-02,3.642282e-03,1.208446e-02,1.172134e-02,1.940166e-02,1.480468e-03,4.950234e-03,8.295192e-03,4.237875e-03,2.566879e-01,3.175425e-01,7.911377e-03,1.519775e-02,1.069929e-02
2.323909e-01,1.687493e-02,2.801373e-03,9.405551e-03,1.033467e-02,1.699640e-02,1.220042e-03,3.580083e-03,6.641955e-03,4.458358e-03,2.203364e-01,4.467190e-01,5.931430e-03,1.223873e-02,1.007007e-02
1.795578e-01,1.379388e-02,2.498661e-03,8.721275e-03,1.485058e-02,2.371948e-02,1.398633e-03,2.821148e-03,6.060402e-03,4.744288e-03,2.319435e-01,4.815887e-01,4.787655e-03,1.095353e-02,1.256042e-02
1.380479e-01,9.903010e-03,1.843690e-03,6.588678e-03,1.388860e-02,1.803638e-02,1.115967e-03,2.282301e-03,4.544611e-03,4.030646e-03,1.923950e-01,5.858865e-01,3.490144e-03,8.802143e-03,9.144478e-03
1.047788e-01,7.218293e-03,1.336212e-03,5.116131e-03,1.220551e-02,1.438133e-02,8.924212e-04,1.745885e-03,3.398532e-03,3.143822e-03,1.480118e-01,6.815936e-01,2.604553e-03,6.901452e-03,6.671655e-03
8.506119e-02,6.035504e-03,1.076811e-03,4.408196e-03,1.301781e-02,1.305632e-02,8.670009e-04,1.528299e-03,2.699577e-03,2.764930e-03,1.140046e-01,7.424011e-01,1.964124e-03,5.521316e-03,5.593261e-03
6.023780e-02,5.576147e-03,9.754516e-04,3.303467e-03,1.639273e-02,1.148041e-02,7.067612e-04,1.284361e-03,2.015818e-03,2.931320e-03,8.310688e-02,8.021560e-01,1.451227e-03,4.020063e-03,4.361609e-03
4.344113e-02,4.508726e-03,9.976204e-04,2.601220e-03,2.690563e-02,9.538706e-03,8.266284e-04,2.220410e-03,1.965224e-03,3.478133e-03,6.600828e-02,8.295147e-01,1.310002e-03,3.421845e-03,3.261720e-03
3.101065e-02,3.590165e-03,8.861945e-04,1.962234e-03,3.166053e-02,8.132039e-03,1.572822e-03,2.708835e-03,2.607322e-03,5.193374e-03,7.748243e-02,8.263155e-01,1.370195e-03,2.965397e-03,2.542239e-03
2.333193e-02,4.033943e-03,1.525529e-03,1.594519e-03,4.247697e-02,7.749817e-03,6.029272e-03,3.630310e-03,4.019991e-03,1.783626e-02,7.289912e-02,8.081323e-01,1.195283e-03,2.813104e-03,2.731619e-03
2.212035e-02,3.116084e-03,1.549220e-03,1.561074e-03,3.516492e-02,8.482106e-03,6.826069e-03,5.965696e-03,4.009922e-03,3.252414e-02,6.132635e-02,8.103116e-01,1.259333e-03,3.550193e-03,2.232895e-03
1.767264e-02,2.499016e-03,1.536947e-03,1.575636e-03,3.851272e-02,7.103209e-03,5.413487e-03,1.052164e-02,4.599730e-03,4.235526e-02,5.196239e-02,8.088110e-01,1.901285e-03,3.800235e-03,1.734783e-03
1.632476e-02,3.019618e-03,2.493516e-03,3.848342e-03,1.526806e-01,9.645741e-03,5.918545e-03,1.735330e-02,3.055730e-02,3.496848e-02,4.001366e-02,6.756610e-01,2.833242e-03,3.390602e-03,1.291342e-03
1.509446e-02,6.774530e-03,2.899647e-03,4.766882e-03,2.533564e-01,8.974645e-03,5.815120e-03,1.543608e-02,1.343752e-01,2.954946e-02,3.302612e-02,4.832166e-01,2.343946e-03,3.045760e-03,1.325187e-03
1.996867e-02,8.988786e-03,3.276594e-03,5.860049e-03,3.117100e-01,1.216898e-02,4.660151e-03,1.450554e-02,2.022929e-01,2.700975e-02,2.743271e-02,3.523308e-01,3.621884e-03,3.764054e-03,2.409077e-03
3.655745e-02,8.683181e-03,8.200461e-03,1.856546e-02,3.414929e-01,1.549354e-02,4.102873e-03,7.684787e-02,1.772788e-01,3.063106e-02,2.148804e-02,2.502830e-01,4.351513e-03,3.163098e-03,2.860672e-03
5.872675e-02,8.639509e-03,1.283069e-02,4.292579e-02,3.601015e-01,2.188580e-02,4.446119e-03,6.973693e-02,1.635224e-01,4.570277e-02,2.234607e-02,1.774425e-01,3.886103e-03,4.324407e-03,3.482568e-03
6.197664e-02,8.266624e-03,1.505279e-02,1.331208e-01,3.235220e-01,1.807874e-02,3.538806e-03,1.231756e-01,1.273074e-01,3.317009e-02,1.773818e-02,1.251977e-01,3.338814e-03,3.631526e-03,2.884228e-03
4.893841e-02,6.116189e-03,1.327975e-02,1.128568e-01,2.539874e-01,1.332068e-02,2.816023e-03,3.274826e-01,8.977975e-02,2.326107e-02,1.302434e-02,8.788721e-02,2.594282e-03,2.600651e-03,2.054868e-03
3.852141e-02,4.458090e-03,1.019277e-02,8.397473e-02,1.916686e-01,9.900972e-03,2.147512e-03,5.032791e-01,6.314796e-02,1.632784e-02,9.477645e-03,6.159990e-02,1.996029e-03,1.853603e-03,1.453896e-03
3.288812e-02,3.164077e-03,7.394624e-03,6.183227e-02,1.370243e-01,7.349774e-03,1.696803e-03,6.391098e-01,4.429502e-02,1.145961e-02,6.816285e-03,4.315184e-02,1.473849e-03,1.318112e-03,1.025532e-03
2.874643e-02,2.255939e-03,5.327277e-03,4.521750e-02,1.015964e-01,5.501318e-03,1.405186e-03,7.328958e-01,3.108450e-02,8.038322e-03,4.906521e-03,3.023852e-02,1.128703e-03,9.302245e-04,7.273322e-04
3.180516e-02,1.837710e-03,4.253071e-03,3.273117e-02,7.675800e-02,1.500989e-02,2.155775e-03,7.785969e-01,2.194484e-02,5.649580e-03,3.840454e-03,2.167558e-02,2.365894e-03,7.032319e-04,6.727295e-04
4.544560e-02,1.962949e-03,4.220370e-03,2.453122e-02,5.644036e-02,3.010064e-02,2.442909e-03,7.042601e-01,1.639204e-02,4.410357e-03,2.805945e-02,2.135705e-02,5.829568e-02,6.608300e-04,1.420479e-03
3.678697e-02,1.651972e-03,3.310821e-03,1.783159e-02,4.135996e-02,3.459108e-02,2.211747e-03,5.620224e-01,1.217873e-02,4.860265e-03,4.875039e-02,2.652452e-02,2.012953e-01,7.360047e-04,5.888288e-03
2.710176e-02,1.248214e-03,2.553351e-03,1.314470e-02,3.042107e-02,2.731628e-02,1.694036e-03,3.995350e-01,9.465784e-03,7.575079e-03,8.917055e-02,3.533633e-02,3.468300e-01,7.985456e-04,7.809343e-03
1.998338e-02,9.294819e-04,2.234001e-03,9.693282e-03,2.308005e-02,2.219003e-02,1.977058e-03,2.856519e-01,7.101502e-03,1.165548e-02,8.277810e-02,6.524947e-02,4.564430e-01,1.231477e-03,9.801870e-03
1.408026e-02,7.058238e-04,1.925621e-03,6.954146e-03,1.756334e-02,1.596523e-02,1.645397e-03,2.009705e-01,5.469390e-03,1.583223e-02,8.319248e-02,6.911904e-02,5.356395e-01,5.315215e-03,2.562184e-02
1.003965e-02,6.631754e-04,1.526700e-03,5.263234e-03,1.306519e-02,1.174500e-02,1.308277e-03,1.424107e-01,6.178625e-03,1.263255e-02,7.448356e-02,1.323069e-01,5.448538e-01,2.246315e-02,2.105952e-02
7.192072e-03,6.055214e-04,1.168804e-03,3.825470e-03,9.972658e-03,8.361339e-03,1.009237e-03,1.002788e-01,2.618196e-02,9.421759e-03,6.012678e-02,2.228349e-01,5.026309e-01,3.051128e-02,1.587856e-02
5.578390e-03,4.996631e-04,8.585587e-04,2.953501e-03,7.356215e-03,6.068191e-03,7.317380e-04,7.030777e-02,5.719134e-02,9.126846e-03,4.539506e-02,3.424443e-01,4.091262e-01,3.058771e-02,1.177454e-02
5.003495e-03,8.972256e-04,1.384912e-03,2.991876e-03,6.158473e-03,5.517003e-03,6.520943e-04,4.956562e-02,1.300484e-01,9.076718e-03,4.082171e-02,3.730757e-01,3.092995e-01,5.531688e-02,1.019044e-02
4.451275e-03,1.366200e-03,2.190599e-03,2.292875e-03,4.602612e-03,4.537557e-03,4.893962e-04,3.480171e-02,2.580777e-01,7.409738e-03,3.259924e-02,3.435297e-01,2.248249e-01,7.114093e-02,7.685607e-03
3.378755e-03,1.183880e-03,1.874108e-03,1.668494e-03,3.465939e-03,3.606865e-03,3.471502e-04,2.438540e-02,4.201057e-01,5.573086e-03,2.392336e-02,2.492139e-01,1.581652e-01,9.730414e-02,5.803970e-03
2.731447e-03,1.159836e-03,1.740380e-03,1.314901e-03,2.638474e-03,2.942717e-03,2.484367e-04,1.709134e-02,5.508668e-01,4.240069e-03,1.759699e-02,1.768070e-01,1.109745e-01,1.052849e-01,4.362230e-03
4.019081e-03,1.878796e-03,1.563175e-03,1.043202e-03,1.913519e-03,1.095877e-02,1.820361e-04,1.199045e-02,4.495302e-01,3.875087e-03,1.535428e-02,1.255382e-01,7.837993e-02,2.886829e-01,5.090368e-03
4.202908e-03,2.511265e-03,1.441534e-03,8.027279e-04,1.368507e-03,1.579157e-02,1.338800e-04,8.443555e-03,3.790169e-01,3.142022e-03,1.269412e-02,8.847909e-02,5.504543e-02,4.218258e-01,5.100747e-03
4.331020e-03,2.353203e-03,1.322657e-03,6.087143e-04,9.906567e-04,1.163218e-02,9.453014e-05,5.925010e-03,4.225647e-01,2.519857e-03,1.022816e-02,6.208913e-02,3.858059e-02,4.327338e-01,4.025797e-03
3.961465e-03,2.179021e-03,2.976632e-03,1.003286e-03,7.697327e-04,9.277741e-03,7.162678e-05,4.243575e-03,4.347126e-01,2.851674e-03,8.145334e-03,4.356064e-02,2.723950e-02,4.557172e-01,3.289955e-03
6.240489e-03,2.008576e-03,7.735153e-03,3.151035e-03,6.628688e-04,9.651182e-03,6.096626e-05,3.146219e-03,3.845950e-01,5.854182e-03,1.087018e-02,3.083368e-02,2.059148e-02,5.090991e-01,5.499839e-03
9.232692e-03,2.201916e-03,7.075447e-03,3.004409e-03,6.566654e-04,9.450390e-03,5.602951e-05,3.083593e-03,3.844176e-01,6.322456e-03,2.839662e-02,2.185422e-02,1.495598e-02,5.048660e-01,4.425929e-03
1.169231e-02,2.242703e-03,6.236278e-03,3.096186e-03,7.181154e-04,8.407258e-03,7.699324e-05,3.933278e-03,4.525968e-01,6.389528e-03,2.948470e-02,1.565068e-02,1.161486e-02,4.441158e-01,3.744467e-03
1.601867e-02,2.214018e-03,8.964234e-03,2.643566e-02,1.198547e-03,9.082532e-03,1.168374e-04,6.032571e-03,5.089332e-01,6.222069e-03,3.407466e-02,1.175594e-02,9.940388e-03,3.527707e-01,6.239911e-03
1.740154e-02,2.133569e-03,2.072409e-02,6.060585e-02,1.833823e-03,8.290857e-03,1.988061e-04,1.006132e-02,5.216262e-01,5.140661e-03,3.951271e-02,9.008780e-03,1.146183e-02,2.843579e-01,7.642012e-03
2.785348e-02,6.402546e-03,5.417039e-02,8.599918e-02,8.591367e-03,1.298618e-02,7.247946e-04,2.441575e-02,4.895467e-01,4.935576e-03,4.662286e-02,6.852048e-03,1.163706e-02,2.102351e-01,9.026939e-03
2.433212e-02,4.730728e-03,7.847548e-02,6.172505e-02,8.729959e-03,9.402334e-03,6.103431e-04,2.349082e-01,3.707581e-01,3.616473e-03,3.424164e-02,5.328139e-03,8.770037e-03,1.479222e-01,6.449183e-03
1.883656e-02,3.422023e-03,7.834935e-02,4.397951e-02,6.773149e-03,6.677564e-03,4.777091e-04,4.335601e-01,2.625849e-01,2.552040e-03,2.414851e-02,4.054590e-03,6.317939e-03,1.036702e-01,4.595832e-03
1.348478e-02,2.415374e-03,5.648833e-02,3.125567e-02,5.561656e-03,4.777686e-03,3.451786e-04,5.997345e-01,1.840414e-01,1.793963e-03,1.694953e-02,2.884158e-03,4.456951e-03,7.258335e-02,3.227443e-03
9.875622e-03,1.714050e-03,3.977819e-02,2.208257e-02,4.468470e-03,3.943020e-03,2.461472e-04,7.174612e-01,1.289005e-01,1.259768e-03,1.190869e-02,2.054229e-03,3.172660e-03,5.086609e-02,2.268729e-03
7.749074e-03,1.236797e-03,2.801741e-02,1.567362e-02,3.824373e-03,3.321877e-03,1.828024e-04,7.993227e-01,9.030743e-02,8.873220e-04,8.405518e-03,1.495312e-03,2.290813e-03,3.567031e-02,1.614645e-03
6.577837e-03,8.967163e-04,1.985348e-02,1.113631e-02,3.895483e-03,2.470769e-03,1.405155e-04,8.563614e-01,6.327234e-02,6.235347e-04,5.911609e-03,1.066361e-03,1.635312e-03,2.502120e-02,1.137166e-03
5.649121e-03,6.493469e-04,1.398827e-02,7.917131e-03,3.694666e-03,1.891830e-03,1.188980e-04,8.968351e-01,4.433521e-02,4.390805e-04,4.160560e-03,7.677486e-04,1.176647e-03,1.757485e-02,8.015393e-04
5.346635e-03,4.781068e-04,9.999631e-03,5.640134e-03,3.363134e-03,1.401362e-03,1.092560e-04,9.250197e-01,3.107977e-02,3.109855e-04,2.931229e-03,5.594763e-04,8.550402e-04,1.233981e-02,5.656598e-04
7.162952e-03,3.658404e-04,7.138324e-03,4.124526e-03,2.956835e-03,1.191039e-03,1.912838e-04,9.424767e-01,2.184699e-02,2.292506e-04,2.106427e-03,4.480727e-04,6.811880e-04,8.672520e-03,4.079302e-04
1.007905e-02,3.179756e-04,5.142536e-03,3.196856e-03,2.411480e-03,1.340540e-03,2.795550e-04,9.524715e-01,1.540642e-02,1.768339e-04,1.572671e-03,4.658237e-04,7.113196e-04,6.108802e-03,3.185863e-04
1.387861e-02,3.887549e-04,3.849521e-03,2.659512e-03,1.977772e-03,1.367530e-03,2.992734e-04,9.568601e-01,1.101638e-02,1.700194e-04,1.264862e-03,8.087428e-04,7.643247e-04,4.333310e-03,3.612899e-04
1.653457e-02,3.507685e-04,2.899870e-03,2.289496e-03,1.632711e-03,1.184487e-03,2.929654e-04,9.607967e-01,7.953296e-03,1.448799e-04,9.731067e-04,8.616243e-04,6.799931e-04,3.062112e-03,3.433496e-04
5.097191e-02,4.023251e-04,3.301132e-03,3.584218e-03,2.316191e-03,1.771437e-03,8.156134e-04,9.238995e-01,6.192868e-03,2.265475e-04,1.028328e-03,1.687736e-03,9.771405e-04,2.270428e-03,5.545095e-04
1.198269e-01,6.515656e-04,3.678339e-03,3.981189e-03,3.129640e-03,1.335450e-02,1.663786e-03,8.335592e-01,4.822042e-03,3.797349e-04,1.295070e-03,6.384885e-03,3.045549e-03,1.937603e-03,2.289965e-03
1.483593e-01,6.536738e-04,3.757420e-03,4.404067e-03,2.833657e-03,1.528535e-02,1.718256e-03,8.026472e-01,3.748451e-03,4.651309e-04,1.451425e-03,6.839295e-03,3.385748e-03,1.620532e-03,2.830378e-03
1.915901e-01,7.664821e-04,3.522813e-03,4.405982e-03,2.844609e-03,1.826530e-02,1.534890e-03,6.979228e-01,3.374348e-03,9.502213e-04,3.075766e-02,2.230936e-02,7.841533e-03,1.078374e-02,3.130045e-03
1.428936e-01,5.874806e-04,2.656997e-03,4.349242e-03,2.458547e-03,1.401455e-02,1.173535e-03,5.498304e-01,2.706467e-03,3.040926e-03,1.163196e-01,1.098715e-01,9.877644e-03,3.771583e-02,2.503651e-03
