1.000000e+00,0.000000e+00,0.000000e+00,0.000000e+00,0.000000e+00,0.000000e+00,0.000000e+00,0.000000e+00,0.000000e+00,0.000000e+00,0.000000e+00,0.000000e+00,0.000000e+00,0.000000e+00,0.000000e+00
1.000000e+00,0.000000e+00,0.000000e+00,0.000000e+00,0.000000e+00,0.000000e+00,0.000000e+00,0.000000e+00,0.000000e+00,0.000000e+00,0.000000e+00,0.000000e+00,0.000000e+00,0.000000e+00,0.000000e+00
1.000000e+00,0.000000e+00,0.000000e+00,0.000000e+00,0.000000e+00,0.000000e+00,0.000000e+00,0.000000e+00,0.000000e+00,0.000000e+00,0.000000e+00,0.000000e+00,0.000000e+00,0.000000e+00,0.000000e+00
1.000000e+00,0.000000e+00,0.000000e+00,0.000000e+00,0.000000e+00,0.000000e+00,0.000000e+00,0.000000e+00,0.000000e+00,0.000000e+00,0.000000e+00,0.000000e+00,0.000000e+00,0.000000e+00,0.000000e+00
1.000000e+00,0.000000e+00,0.000000e+00,0.000000e+00,0.000000e+00,0.000000e+00,0.000000e+00,0.000000e+00,0.000000e+00,0.000000e+00,0.000000e+00,0.000000e+00,0.000000e+00,0.000000e+00,0.000000e+00
1.000000e+00,0.000000e+00,0.000000e+00,0.000000e+00,0.000000e+00,0.000000e+00,0.000000e+00,0.000000e+00,0.000000e+00,0.000000e+00,0.000000e+00,0.000000e+00,0.000000e+00,0.000000e+00,0.000000e+00
1.000000e+00,0.000000e+00,0.000000e+00,0.000000e+00,0.000000e+00,0.000000e+00,0.000000e+00,0.000000e+00,0.000000e+00,0.000000e+00,0.000000e+00,0.000000e+00,0.000000e+00,0.000000e+00,0.000000e+00
1.000000e+00,0.000000e+00,0.000000e+00,0.000000e+00,0.000000e+00,0.000000e+00,0.000000e+00,0.000000e+00,0.000000e+00,0.000000e+00,0.000000e+00,0.000000e+00,0.000000e+00,0.000000e+00,0.000000e+00
1.000000e+00,0.000000e+00,0.000000e+00,0.000000e+00,0.000000e+00,0.000000e+00,0.000000e+00,0.000000e+00,0.000000e+00,0.000000e+00,0.000000e+00,0.000000e+00,0.000000e+00,0.000000e+00,0.000000e+00
1.000000e+00,0.000000e+00,0.000000e+00,0.000000e+00,0.000000e+00,0.000000e+00,0.000000e+00,0.000000e+00,0.000000e+00,0.000000e+00,0.000000e+00,0.000000e+00,0.000000e+00,0.000000e+00,0.000000e+00
1.000000e+00,0.000000e+00,0.000000e+00,0.000000e+00,0.000000e+00,0.000000e+00,0.000000e+00,0.000000e+00,0.000000e+00,0.000000e+00,0.000000e+00,0.000000e+00,0.000000e+00,0.000000e+00,0.000000e+00
1.000000e+00,0.000000e+00,0.000000e+00,0.000000e+00,0.000000e+00,0.000000e+00,0.000000e+00,0.000000e+00,0.000000e+00,0.000000e+00,0.000000e+00,0.000000e+00,0.000000e+00,0.000000e+00,0.000000e+00
1.000000e+00,0.000000e+00,0.000000e+00,0.000000e+00,0.000000e+00,0.000000e+00,0.000000e+00,0.000000e+00,0.000000e+00,0.000000e+00,0.000000e+00,0.000000e+00,0.000000e+00,0.000000e+00,0.000000e+00
1.000000e+00,0.000000e+00,0.000000e+00,0.000000e+00,0.000000e+00,0.000000e+00,0.000000e+00,0.000000e+00,0.000000e+00,0.000000e+00,0.000000e+00,0.000000e+00,0.000000e+00,0.000000e+00,0.000000e+00
1.000000e+00,0.000000e+00,0.000000e+00,0.000000e+00,0.000000e+00,0.000000e+00,0.000000e+00,0.000000e+00,0.000000e+00,0.000000e+00,0.000000e+00,0.000000e+00,0.000000e+00,0.000000e+00,0.000000e+00
1.000000e+00,0.000000e+00,0.000000e+00,0.000000e+00,0.000000e+00,0.000000e+00,0.000000e+00,0.000000e+00,0.000000e+00,0.000000e+00,0.000000e+00,0.000000e+00,0.000000e+00,0.000000e+00,0.000000e+00
1.000000e+00,0.000000e+00,0.000000e+00,0.000000e+00,0.000000e+00,0.000000e+00,0.000000e+00,0.000000e+00,0.000000e+00,0.000000e+00,0.000000e+00,0.000000e+00,0.000000e+00,0.000000e+00,0.000000e+00
1.000000e+00,0.000000e+00,0.000000e+00,0.000000e+00,0.000000e+00,0.000000e+00,0.000000e+00,0.000000e+00,0.000000e+00,0.000000e+00,0.000000e+00,0.000000e+00,0.000000e+00,0.000000e+00,0.000000e+00
1.000000e+00,0.000000e+00,0.000000e+00,0.000000e+00,0.000000e+00,0.000000e+00,0.000000e+00,0.000000e+00,0.000000e+00,0.000000e+00,0.000000e+00,0.000000e+00,0.000000e+00,0.000000e+00,0.000000e+00
1.000000e+00,0.000000e+00,0.000000e+00,0.000000e+00,0.000000e+00,0.000000e+00,0.000000e+00,0.000000e+00,0.000000e+00,0.000000e+00,0.000000e+00,0.000000e+00,0.000000e+00,0.000000e+00,0.000000e+00
1.000000e+00,0.000000e+00,0.000000e+00,0.000000e+00,0.000000e+00,0.000000e+00,0.000000e+00,0.000000e+00,0.000000e+00,0.000000e+00,0.000000e+00,0.000000e+00,0.000000e+00,0.000000e+00,0.000000e+00
1.000000e+00,0.000000e+00,0.000000e+00,0.000000e+00,0.000000e+00,0.000000e+00,0.000000e+00,0.000000e+00,0.000000e+00,0.000000e+00,0.000000e+00,0.000000e+00,0.000000e+00,0.000000e+00,0.000000e+00
1.000000e+00,0.000000e+00,0.000000e+00,0.000000e+00,0.000000e+00,0.000000e+00,0.000000e+00,0.000000e+00,0.000000e+00,0.000000e+00,0.000000e+00,0.000000e+00,0.000000e+00,0.000000e+00,0.000000e+00
1.000000e+00,0.000000e+00,0.000000e+00,0.000000e+00,0.000000e+00,0.000000e+00,0.000000e+00,0.000000e+00,0.000000e+00,0.000000e+00,0.000000e+00,0.000000e+00,0.000000e+00,0.000000e+00,0.000000e+00
1.000000e+00,0.000000e+00,0.000000e+00,0.000000e+00,0.000000e+00,0.000000e+00,0.000000e+00,0.000000e+00,0.000000e+00,0.000000e+00,0.000000e+00,0.000000e+00,0.000000e+00,0.000000e+00,0.000000e+00
1.000000e+00,0.000000e+00,0.000000e+00,0.000000e+00,0.000000e+00,0.000000e+00,0.000000e+00,0.000000e+00,0.000000e+00,0.000000e+00,0.000000e+00,0.000000e+00,0.000000e+00,0.000000e+00,0.000000e+00
1.000000e+00,0.000000e+00,0.000000e+00,0.000000e+00,0.000000e+00,0.000000e+00,0.000000e+00,0.000000e+00,0.000000e+00,0.000000e+00,0.000000e+00,0.000000e+00,0.000000e+00,0.000000e+00,0.000000e+00
1.000000e+00,0.000000e+00,0.000000e+00,0.000000e+00,0.000000e+00,0.000000e+00,0.000000e+00,0.000000e+00,0.000000e+00,0.000000e+00,0.000000e+00,0.000000e+00,0.000000e+00,0.000000e+00,0.000000e+00
1.000000e+00,0.000000e+00,0.000000e+00,0.000000e+00,0.000000e+00,0.000000e+00,0.000000e+00,0.000000e+00,0.000000e+00,0.000000e+00,0.000000e+00,0.000000e+00,0.000000e+00,0.000000e+00,0.000000e+00
1.000000e+00,0.000000e+00,0.000000e+00,0.000000e+00,0.000000e+00,0.000000e+00,0.000000e+00,0.000000e+00,0.000000e+00,0.000000e+00,0.000000e+00,0.000000e+00,0.000000e+00,0.000000e+00,0.000000e+00
1.000000e+00,0.000000e+00,0.000000e+00,0.000000e+00,0.000000e+00,0.000000e+00,0.000000e+00,0.000000e+00,0.000000e+00,0.000000e+00,0.000000e+00,0.000000e+00,0.000000e+00,0.000000e+00,0.000000e+00
1.000000e+00,0.000000e+00,0.000000e+00,0.000000e+00,0.000000e+00,0.000000e+00,0.000000e+00,0.000000e+00,0.000000e+00,0.000000e+00,0.000000e+00,0.000000e+00,0.000000e+00,0.000000e+00,0.000000e+00
1.000000e+00,0.000000e+00,0.000000e+00,0.000000e+00,0.000000e+00,0.000000e+00,0.000000e+00,0.000000e+00,0.000000e+00,0.000000e+00,0.000000e+00,0.000000e+00,0.000000e+00,0.000000e+00,0.000000e+00
1.000000e+00,0.000000e+00,0.000000e+00,0.000000e+00,0.000000e+00,0.000000e+00,0.000000e+00,0.000000e+00,0.000000e+00,0.000000e+00,0.000000e+00,0.000000e+00,0.000000e+00,0.000000e+00,0.000000e+00
1.000000e+00,0.000000e+00,0.000000e+00,0.000000e+00,0.000000e+00,0.000000e+00,0.000000e+00,0.000000e+00,0.000000e+00,0.000000e+00,0.000000e+00,0.000000e+00,0.000000e+00,0.000000e+00,0.000000e+00
1.000000e+00,0.000000e+00,0.000000e+00,0.000000e+00,0.000000e+00,0.000000e+00,0.000000e+00,0.000000e+00,0.000000e+00,0.000000e+00,0.000000e+00,0.000000e+00,0.000000e+00,0.000000e+00,0.000000e+00
1.000000e+00,0.000000e+00,0.000000e+00,0.000000e+00,0.000000e+00,0.000000e+00,0.000000e+00,0.000000e+00,0.000000e+00,0.000000e+00,0.000000e+00,0.000000e+00,0.000000e+00,0.000000e+00,0.000000e+00
1.000000e+00,0.000000e+00,0.000000e+00,0.000000e+00,0.000000e+00,0.000000e+00,0.000000e+00,0.000000e+00,0.000000e+00,0.000000e+00,0.000000e+00,0.000000e+00,0.000000e+00,0.000000e+00,0.000000e+00
1.000000e+00,0.000000e+00,0.000000e+00,0.000000e+00,0.000000e+00,0.000000e+00,0.000000e+00,0.000000e+00,0.000000e+00,0.000000e+00,0.000000e+00,0.000000e+00,0.000000e+00,0.000000e+00,0.000000e+00
1.000000e+00,0.000000e+00,0.000000e+00,0.000000e+00,0.000000e+00,0.000000e+00,0.000000e+00,0.000000e+00,0.000000e+00,0.000000e+00,0.000000e+00,0.000000e+00,0.000000e+00,0.000000e+00,0.000000e+00
1.000000e+00,0.000000e+00,0.000000e+00,0.000000e+00,0.000000e+00,0.000000e+00,0.000000e+00,0.000000e+00,0.000000e+00,0.000000e+00,0.000000e+00,0.000000e+00,0.000000e+00,0.000000e+00,0.000000e+00
1.000000e+00,0.000000e+00,0.000000e+00,0.000000e+00,0.000000e+00,0.000000e+00,0.000000e+00,0.000000e+00,0.000000e+00,0.000000e+00,0.000000e+00,0.000000e+00,0.000000e+00,0.000000e+00,0.000000e+00
1.000000e+00,0.000000e+00,0.000000e+00,0.000000e+00,0.000000e+00,0.000000e+00,0.000000e+00,0.000000e+00,0.000000e+00,0.000000e+00,0.000000e+00,0.000000e+00,0.000000e+00,0.000000e+00,0.000000e+00
1.000000e+00,0.000000e+00,0.000000e+00,0.000000e+00,0.000000e+00,0.000000e+00,0.000000e+00,0.000000e+00,0.000000e+00,0.000000e+00,0.000000e+00,0.000000e+00,0.000000e+00,0.000000e+00,0.000000e+00
1.000000e+00,0.000000e+00,0.000000e+00,0.000000e+00,0.000000e+00,0.000000e+00,0.000000e+00,0.000000e+00,0.000000e+00,0.000000e+00,0.000000e+00,0.000000e+00,0.000000e+00,0.000000e+00,0.000000e+00
1.000000e+00,0.000000e+00,0.000000e+00,0.000000e+00,0.000000e+00,0.000000e+00,0.000000e+00,0.000000e+00,0.000000e+00,0.000000e+00,0.000000e+00,0.000000e+00,0.000000e+00,0.000000e+00,0.000000e+00
1.000000e+00,0.000000e+00,0.000000e+00,0.000000e+00,0.000000e+00,0.000000e+00,0.000000e+00,0.000000e+00,0.000000e+00,0.000000e+00,0.000000e+00,0.000000e+00,0.000000e+00,0.000000e+00,0.000000e+00
1.000000e+00,0.000000e+00,0.000000e+00,0.000000e+00,0.000000e+00,0.000000e+00,0.000000e+00,0.000000e+00,0.000000e+00,0.000000e+00,0.000000e+00,0.000000e+00,0.000000e+00,0.000000e+00,0.000000e+00
1.000000e+00,0.000000e+00,0.000000e+00,0.000000e+00,0.000000e+00,0.000000e+00,0.000000e+00,0.000000e+00,0.000000e+00,0.000000e+00,0.000000e+00,0.000000e+00,0.000000e+00,0.000000e+00,0.000000e+00
1.000000e+00,0.000000e+00,0.000000e+00,0.000000e+00,0.000000e+00,0.000000e+00,0.000000e+00,0.000000e+00,0.000000e+00,0.000000e+00,0.000000e+00,0.000000e+00,0.000000e+00,0.000000e+00,0.000000e+00
1.000000e+00,0.000000e+00,0.000000e+00,0.000000e+00,0.000000e+00,0.000000e+00,0.000000e+00,0.000000e+00,0.000000e+00,0.000000e+00,0.000000e+00,0.000000e+00,0.000000e+00,0.000000e+00,0.000000e+00
1.000000e+00,0.000000e+00,0.000000e+00,0.000000e+00,0.000000e+00,0.000000e+00,0.000000e+00,0.000000e+00,0.000000e+00,0.000000e+00,0.000000e+00,0.000000e+00,0.000000e+00,0.000000e+00,0.000000e+00
1.000000e+00,0.000000e+00,0.000000e+00,0.000000e+00,0.000000e+00,0.000000e+00,0.000000e+00,0.000000e+00,0.000000e+00,0.000000e+00,0.000000e+00,0.000000e+00,0.000000e+00,0.000000e+00,0.000000e+00
1.000000e+00,0.000000e+00,0.000000e+00,0.000000e+00,0.000000e+00,0.000000e+00,0.000000e+00,0.000000e+00,0.000000e+00,0.000000e+00,0.000000e+00,0.000000e+00,0.000000e+00,0.000000e+00,0.000000e+00
1.000000e+00,0.000000e+00,0.000000e+00,0.000000e+00,0.000000e+00,0.000000e+00,0.000000e+00,0.000000e+00,0.000000e+00,0.000000e+00,0.000000e+00,0.000000e+00,0.000000e+00,0.000000e+00,0.000000e+00
1.000000e+00,0.000000e+00,0.000000e+00,0.000000e+00,0.000000e+00,0.000000e+00,0.000000e+00,0.000000e+00,0.000000e+00,0.000000e+00,0.000000e+00,0.000000e+00,0.000000e+00,0.000000e+00,0.000000e+00
1.000000e+00,0.000000e+00,0.000000e+00,0.000000e+00,0.000000e+00,0.000000e+00,0.000000e+00,0.000000e+00,0.000000e+00,0.000000e+00,0.000000e+00,0.000000e+00,0.000000e+00,0.000000e+00,0.000000e+00
1.000000e+00,0.000000e+00,0.000000e+00,0.000000e+00,0.000000e+00,0.000000e+00,0.000000e+00,0.000000e+00,0.000000e+00,0.000000e+00,0.000000e+00,0.000000e+00,0.000000e+00,0.000000e+00,0.000000e+00
1.000000e+00,0.000000e+00,0.000000e+00,0.000000e+00,0.000000e+00,0.000000e+00,0.000000e+00,0.000000e+00,0.000000e+00,0.000000e+00,0.000000e+00,0.000000e+00,0.000000e+00,0.000000e+00,0.000000e+00
1.000000e+00,0.000000e+00,0.000000e+00,0.000000e+00,0.000000e+00,0.000000e+00,0.000000e+00,0.000000e+00,0.000000e+00,0.000000e+00,0.000000e+00,0.000000e+00,0.000000e+00,0.000000e+00,0.000000e+00
1.000000e+00,0.000000e+00,0.000000e+00,0.000000e+00,0.000000e+00,0.000000e+00,0.000000e+00,0.000000e+00,0.000000e+00,0.000000e+00,0.000000e+00,0.000000e+00,0.000000e+00,0.000000e+00,0.000000e+00
4.495980e-01,1.387323e-02,1.122227e-01,2.589418e-02,1.566505e-02,1.298163e-01,1.403077e-01,3.363542e-02,4.614285e-03,4.982172e-03,1.068470e-02,2.714428e-02,1.404910e-02,2.816937e-03,1.469589e-02
3.674781e-01,1.260407e-02,1.399139e-01,2.241486e-02,1.394212e-02,1.143430e-01,2.157153e-01,4.014544e-02,4.255406e-03,4.646535e-03,9.666590e-03,2.691925e-02,1.371125e-02,2.215856e-03,1.202831e-02
3.091503e-01,1.086833e-02,1.409055e-01,1.868403e-02,1.188573e-02,9.080808e-02,2.841184e-01,7.123537e-02,3.731392e-03,3.837920e-03,7.797166e-03,2.238299e-02,1.268068e-02,1.842338e-03,1.007181e-02
3.025615e-01,9.366766e-03,1.134548e-01,1.461669e-02,1.021395e-02,7.397000e-02,3.537009e-01,6.786989e-02,3.182086e-03,3.055058e-03,6.067900e-03,1.914832e-02,1.183461e-02,1.600342e-03,9.357182e-03
2.971338e-01,7.357549e-03,1.124413e-01,1.857746e-02,7.900814e-03,5.812553e-02,2.904382e-01,1.639119e-01,2.599766e-03,2.384970e-03,4.923231e-03,1.507713e-02,9.732030e-03,1.396025e-03,8.000230e-03
2.746269e-01,5.734048e-03,1.024653e-01,2.048291e-02,6.065747e-03,4.741677e-02,2.393766e-01,2.682007e-01,2.138034e-03,1.769741e-03,3.845886e-03,1.178416e-02,8.304384e-03,1.151162e-03,6.637693e-03
3.165250e-01,5.496686e-03,7.703467e-02,1.745967e-02,5.122899e-03,4.198576e-02,2.174395e-01,2.853759e-01,1.992445e-03,1.325890e-03,3.325452e-03,1.095401e-02,8.351399e-03,9.662961e-04,6.644284e-03
3.469396e-01,4.977837e-03,5.990947e-02,1.547694e-02,4.385357e-03,3.808559e-02,1.973334e-01,2.996720e-01,1.797933e-03,1.019683e-03,2.831291e-03,1.116582e-02,8.702880e-03,8.668571e-04,6.835314e-03
3.562136e-01,4.280525e-03,4.729141e-02,1.339855e-02,4.200689e-03,3.704910e-02,1.726931e-01,3.246914e-01,1.630458e-03,8.991424e-04,2.561627e-03,1.575452e-02,1.071633e-02,8.782594e-04,7.741229e-03
3.974670e-01,3.958747e-03,3.550205e-02,1.177853e-02,4.062406e-03,3.364332e-02,1.329709e-01,3.299326e-01,1.515286e-03,7.779569e-04,2.955154e-03,2.262203e-02,1.260854e-02,1.219143e-03,8.986305e-03
3.871262e-01,3.961342e-03,2.734988e-02,1.059295e-02,4.570516e-03,3.117082e-02,1.036979e-01,3.680363e-01,1.905562e-03,7.897973e-04,3.708195e-03,2.905778e-02,1.477568e-02,1.964558e-03,1.129242e-02
4.367968e-01,4.297043e-03,2.304713e-02,1.202132e-02,6.488969e-03,2.962979e-02,7.567899e-02,3.264495e-01,2.334122e-03,1.134580e-03,5.426682e-03,4.239170e-02,1.657517e-02,2.646924e-03,1.508117e-02
4.508345e-01,3.742465e-03,2.057821e-02,1.155250e-02,1.214707e-02,2.969018e-02,5.990090e-02,3.234801e-01,2.608442e-03,1.057963e-03,5.491546e-03,4.449483e-02,1.867196e-02,2.884830e-03,1.286456e-02
3.802899e-01,3.488522e-03,2.156994e-02,1.191211e-02,2.268071e-02,2.612303e-02,6.033286e-02,3.945712e-01,2.311640e-03,1.105897e-03,4.717619e-03,3.798963e-02,1.997282e-02,2.361425e-03,1.057274e-02
3.868773e-01,3.039416e-03,2.148862e-02,1.124448e-02,2.082691e-02,2.646986e-02,5.342682e-02,4.004192e-01,2.181673e-03,1.252787e-03,4.375640e-03,3.704121e-02,1.899138e-02,2.287364e-03,1.007730e-02
3.620616e-01,2.761019e-03,1.965951e-02,1.023277e-02,1.891099e-02,2.533501e-02,4.443180e-02,4.412049e-01,2.323368e-03,1.618252e-03,4.056406e-03,3.697165e-02,1.893682e-02,2.139265e-03,9.356519e-03
2.881044e-01,2.134460e-03,1.435237e-02,1.210668e-02,1.822596e-02,1.903294e-02,3.762401e-02,3.924566e-01,5.780721e-03,3.825614e-03,1.288551e-02,5.256861e-02,1.286482e-01,4.772012e-03,7.481914e-03
2.251363e-01,1.837254e-03,1.070779e-02,1.241863e-02,1.572663e-02,1.458587e-02,3.571842e-02,3.059904e-01,7.409016e-03,9.534132e-03,1.470855e-02,8.788656e-02,2.416035e-01,9.953115e-03,6.783785e-03
1.732271e-01,2.065306e-03,8.276550e-03,1.091430e-02,1.316155e-02,1.087792e-02,3.256292e-02,2.229237e-01,1.778514e-02,1.171681e-02,1.850477e-02,1.103173e-01,3.268586e-01,3.119065e-02,9.617391e-03
1.652324e-01,3.801887e-03,6.764275e-03,1.542656e-02,1.170000e-02,1.022270e-02,2.756898e-02,1.589580e-01,2.476556e-02,2.697317e-02,2.832310e-02,1.747355e-01,2.972253e-01,3.718200e-02,1.112055e-02
1.751143e-01,6.035879e-03,5.907747e-03,1.525989e-02,1.231009e-02,9.380044e-03,2.212651e-02,1.131982e-01,2.691654e-02,5.027717e-02,2.868843e-02,2.348960e-01,2.540172e-01,3.570325e-02,1.016866e-02
2.067643e-01,7.274772e-03,5.385700e-03,1.549933e-02,1.492669e-02,8.582123e-03,1.785185e-02,8.128488e-02,3.374402e-02,1.154932e-01,2.719696e-02,2.206557e-01,2.015803e-01,2.947228e-02,1.428779e-02
2.115840e-01,7.731183e-03,5.114488e-03,1.619609e-02,1.812447e-02,7.907777e-03,1.299842e-02,5.893371e-02,3.951070e-02,1.653170e-01,3.379860e-02,2.009955e-01,1.679337e-01,2.770548e-02,2.614896e-02
2.401026e-01,8.339543e-03,5.218992e-03,1.579790e-02,2.005714e-02,8.957058e-03,9.404073e-03,4.307624e-02,4.386811e-02,1.723308e-01,3.934505e-02,1.837563e-01,1.512159e-01,2.830734e-02,3.022303e-02
2.033596e-01,9.320380e-03,6.904581e-03,1.456498e-02,2.513110e-02,9.819233e-03,7.020029e-03,3.108457e-02,4.979415e-02,2.264547e-01,4.168503e-02,1.546642e-01,1.421847e-01,2.996851e-02,4.804432e-02
1.529337e-01,9.620506e-03,6.921059e-03,1.159072e-02,2.580753e-02,1.211250e-02,5.316444e-03,2.216362e-02,5.585638e-02,2.694577e-01,4.094928e-02,1.371726e-01,1.519947e-01,2.947128e-02,6.863214e-02
1.079748e-01,6.953669e-03,5.212722e-03,8.736373e-03,2.025720e-02,9.336220e-03,3.794090e-03,1.565929e-02,6.310444e-02,4.156380e-01,3.831926e-02,1.033757e-01,1.117676e-01,3.653715e-02,5.333351e-02
7.685321e-02,5.091877e-03,4.266370e-03,6.917314e-03,1.634723e-02,7.253586e-03,2.693077e-03,1.116958e-02,6.516214e-02,5.149170e-01,4.459637e-02,7.666278e-02,8.220484e-02,4.282972e-02,4.303490e-02
5.616605e-02,3.860682e-03,3.328455e-03,7.056491e-03,1.427329e-02,6.399573e-03,1.922494e-03,8.462158e-03,6.210773e-02,5.174803e-01,9.091439e-02,7.087564e-02,6.504811e-02,5.922632e-02,3.287838e-02
4.529218e-02,3.682362e-03,3.658147e-03,7.146833e-03,1.620102e-02,5.769381e-03,1.426591e-03,6.756828e-03,7.161486e-02,4.304982e-01,1.403579e-01,7.684408e-02,5.342416e-02,1.080540e-01,2.927357e-02
3.741670e-02,3.545849e-03,3.950320e-03,1.597207e-02,1.756416e-02,4.653123e-03,1.087806e-03,8.861509e-03,1.050069e-01,3.574305e-01,1.808179e-01,8.753167e-02,4.479197e-02,1.056940e-01,2.567558e-02
3.548025e-02,6.532370e-03,6.962777e-03,2.348854e-02,3.620198e-02,5.633335e-03,1.608795e-03,4.678348e-02,1.123148e-01,3.112598e-01,1.771199e-01,8.289018e-02,3.969103e-02,8.992945e-02,2.410335e-02
2.936031e-02,6.491120e-03,7.223221e-03,3.112997e-02,4.625771e-02,7.792597e-03,2.121829e-03,1.131319e-01,1.162523e-01,2.707837e-01,1.585297e-01,8.193242e-02,3.691647e-02,7.234190e-02,1.973483e-02
3.195752e-02,1.194508e-02,1.764211e-02,4.170843e-02,6.207462e-02,1.021849e-02,2.970095e-03,1.879871e-01,1.206995e-01,2.048049e-01,1.302643e-01,6.985320e-02,3.277844e-02,5.648641e-02,1.860976e-02
2.795562e-02,1.137091e-02,2.953535e-02,4.999060e-02,5.100008e-02,1.069675e-02,3.636019e-03,3.150299e-01,1.110233e-01,1.457058e-01,1.027984e-01,5.420158e-02,2.924691e-02,4.300002e-02,1.480869e-02
2.585274e-02,9.293277e-03,6.924659e-02,8.893341e-02,4.537224e-02,9.088817e-03,2.853938e-03,3.399528e-01,1.189433e-01,1.062242e-01,7.900253e-02,3.924083e-02,2.209787e-02,3.163972e-02,1.225772e-02
4.051455e-02,1.779735e-02,8.838516e-02,8.299181e-02,8.172570e-02,1.843669e-02,3.008346e-03,2.553215e-01,1.553481e-01,8.216020e-02,6.969561e-02,3.107250e-02,2.150723e-02,3.099515e-02,2.104012e-02
4.368840e-02,2.491969e-02,7.883926e-02,6.542356e-02,1.022904e-01,2.017208e-02,4.044738e-03,1.982314e-01,2.504158e-01,6.233855e-02,5.965566e-02,2.570023e-02,1.821445e-02,2.798650e-02,1.807938e-02
3.871646e-02,2.276126e-02,7.968788e-02,6.318061e-02,1.194892e-01,1.645678e-02,3.443682e-03,2.583412e-01,2.390125e-01,4.465277e-02,4.693594e-02,1.885382e-02,1.438198e-02,2.090236e-02,1.318359e-02
4.396823e-02,2.068055e-02,8.446114e-02,7.048468e-02,1.218522e-01,1.848512e-02,2.878275e-03,2.650684e-01,2.394193e-01,3.319427e-02,4.317383e-02,1.418102e-02,1.173862e-02,1.897579e-02,1.143860e-02
5.603894e-02,2.451442e-02,1.011047e-01,7.831136e-02,1.031902e-01,2.240739e-02,2.571187e-03,2.324416e-01,2.623795e-01,2.844136e-02,3.722799e-02,1.197069e-02,9.778141e-03,1.733772e-02,1.228482e-02
6.763583e-02,3.988320e-02,9.444235e-02,6.711229e-02,8.906923e-02,2.372678e-02,3.080677e-03,1.923270e-01,2.929098e-01,2.522019e-02,4.877296e-02,1.281029e-02,1.252452e-02,1.921852e-02,1.126634e-02
7.407167e-02,4.044123e-02,8.517145e-02,6.184502e-02,7.505162e-02,2.278635e-02,3.236887e-03,1.576238e-01,3.183715e-01,2.379004e-02,5.550129e-02,2.411813e-02,1.997029e-02,2.549214e-02,1.252865e-02
6.320091e-02,3.023451e-02,1.029362e-01,7.382385e-02,5.686551e-02,2.580740e-02,3.130995e-03,1.134693e-01,2.353188e-01,3.826842e-02,7.798418e-02,7.933794e-02,6.046176e-02,2.156851e-02,1.759179e-02
5.588680e-02,2.292316e-02,7.441209e-02,5.954152e-02,4.278446e-02,3.994552e-02,2.765409e-03,8.050211e-02,1.780017e-01,4.060916e-02,9.459272e-02,1.611212e-01,1.068686e-01,2.296809e-02,1.707734e-02
4.695510e-02,1.685203e-02,5.301192e-02,4.666689e-02,3.115998e-02,4.733129e-02,2.211796e-03,5.667027e-02,1.317957e-01,3.529325e-02,1.087226e-01,2.464065e-01,1.337412e-01,2.731399e-02,1.586749e-02
3.567861e-02,1.295589e-02,3.798231e-02,3.464469e-02,2.221086e-02,3.799887e-02,1.685859e-03,3.991641e-02,1.031321e-01,4.602122e-02,1.031668e-01,3.649720e-01,1.236061e-01,2.249063e-02,1.353769e-02
2.817797e-02,1.147787e-02,2.777403e-02,2.513369e-02,1.597532e-02,3.320114e-02,1.305082e-03,2.809134e-02,7.975785e-02,7.923439e-02,8.724063e-02,4.358131e-01,1.136072e-01,1.923747e-02,1.397293e-02
2.144165e-02,9.670272e-03,2.053762e-02,1.871792e-02,1.207506e-02,2.728388e-02,9.975703e-04,2.015436e-02,6.588878e-02,1.023258e-01,6.901500e-02,5.145292e-01,9.057073e-02,1.558276e-02,1.120948e-02
1.632800e-02,7.494553e-03,1.468975e-02,1.637595e-02,8.870699e-03,2.255405e-02,7.458973e-04,1.433326e-02,6.045587e-02,8.824159e-02,6.184379e-02,5.985543e-01,6.603382e-02,1.408904e-02,9.389480e-03
1.255025e-02,5.773144e-03,1.081359e-02,1.408855e-02,7.464110e-03,2.122389e-02,5.648562e-04,1.084858e-02,5.143107e-02,7.032663e-02,5.394343e-02,6.693515e-01,4.912076e-02,1.420523e-02,8.294486e-03
1.051790e-02,4.658563e-03,8.886275e-03,1.123114e-02,9.749781e-03,1.619706e-02,4.856841e-04,1.283137e-02,4.011611e-02,5.524300e-02,4.719990e-02,7.242322e-01,3.850042e-02,1.379899e-02,6.351622e-03
1.365679e-02,5.521244e-03,1.041891e-02,8.674219e-03,2.918311e-02,1.228657e-02,4.541608e-04,1.590476e-02,3.836566e-02,4.271532e-02,6.977907e-02,6.651511e-01,3.652196e-02,4.363430e-02,7.732837e-03
1.825120e-02,1.935869e-02,1.567430e-02,6.957403e-03,2.458991e-02,9.234346e-03,4.473954e-04,1.484172e-02,4.826844e-02,3.393762e-02,1.064046e-01,5.895721e-01,3.482197e-02,7.031032e-02,7.329970e-03
4.319990e-02,2.692870e-02,3.372900e-02,6.901831e-03,2.633809e-02,8.113674e-03,6.362444e-04,2.355426e-02,5.271642e-02,2.612194e-02,1.086197e-01,5.175477e-01,2.961902e-02,8.846405e-02,7.509455e-03
5.319689e-02,3.845339e-02,5.460294e-02,8.037795e-03,2.762029e-02,9.094797e-03,1.007430e-03,3.510852e-02,1.376951e-01,1.985824e-02,9.001663e-02,4.249821e-01,2.392943e-02,6.991073e-02,6.485651e-03
6.916597e-02,3.215995e-02,6.815079e-02,1.698272e-02,2.171595e-02,8.967316e-03,1.861246e-03,1.475187e-01,1.189697e-01,1.492772e-02,7.334772e-02,3.430653e-01,2.462936e-02,5.192913e-02,6.608368e-03
1.220733e-01,3.250231e-02,1.174978e-01,3.615814e-02,1.828109e-02,1.262201e-02,2.934884e-03,1.580649e-01,1.019200e-01,1.181374e-02,5.758156e-02,2.580847e-01,2.225558e-02,4.011174e-02,8.098183e-03
1.572139e-01,5.547515e-02,1.038609e-01,5.648303e-02,2.178835e-02,1.371494e-02,2.289314e-03,1.182005e-01,1.675735e-01,1.130346e-02,4.581377e-02,1.856879e-01,1.871432e-02,3.148136e-02,1.039966e-02
1.578310e-01,6.807140e-02,9.922656e-02,7.340191e-02,3.074034e-02,1.498154e-02,2.019768e-03,1.200907e-01,1.998875e-01,9.447668e-03,4.159801e-02,1.316190e-01,1.642868e-02,2.549880e-02,9.157124e-03
1.570464e-01,9.309603e-02,9.413365e-02,8.154161e-02,4.216380e-02,1.420266e-02,1.641021e-03,8.863758e-02,2.352988e-01,8.430129e-03,3.980953e-02,9.378357e-02,1.322992e-02,2.738973e-02,9.595487e-03
1.431207e-01,8.403015e-02,8.594187e-02,1.294625e-01,3.923500e-02,1.325669e-02,1.297649e-03,6.647555e-02,2.712504e-01,7.273744e-03,4.972465e-02,6.741534e-02,1.025112e-02,2.227021e-02,8.994433e-03
1.385636e-01,8.813920e-02,6.605155e-02,1.163949e-01,4.696088e-02,1.377431e-02,1.083884e-03,4.835680e-02,3.250977e-01,6.153363e-03,5.196245e-02,4.939006e-02,8.313402e-03,2.677429e-02,1.298346e-02
1.065789e-01,6.843136e-02,4.744128e-02,8.925593e-02,3.714804e-02,1.310776e-02,9.654844e-04,3.706577e-02,4.483179e-01,6.373142e-03,5.771594e-02,3.722222e-02,1.248043e-02,2.477597e-02,1.311988e-02
9.195191e-02,5.797172e-02,3.438437e-02,6.368842e-02,3.357281e-02,1.265145e-02,8.114107e-04,2.764378e-02,4.843149e-01,5.207224e-03,1.073939e-01,3.048975e-02,1.058169e-02,2.835863e-02,1.097801e-02
6.633183e-02,4.164997e-02,2.413792e-02,4.783156e-02,2.384056e-02,8.943657e-03,5.751401e-04,1.954964e-02,6.269476e-01,4.120894e-03,7.836199e-02,2.211571e-02,7.623468e-03,2.003171e-02,7.938330e-03
4.751744e-02,3.015504e-02,1.709040e-02,3.393621e-02,1.671351e-02,6.354905e-03,4.161736e-04,1.370092e-02,7.077336e-01,3.413360e-03,7.613292e-02,1.721982e-02,5.654583e-03,1.766064e-02,6.300427e-03
3.455929e-02,2.218034e-02,1.285608e-02,2.541107e-02,1.195646e-02,5.225271e-03,3.785504e-04,9.663685e-03,6.467057e-01,3.383345e-03,1.015302e-01,1.510017e-02,5.119188e-03,9.869670e-02,7.233941e-03
2.441786e-02,1.567462e-02,9.211088e-03,1.836660e-02,8.681853e-03,4.170049e-03,2.880847e-04,6.795354e-03,4.688507e-01,2.542461e-03,1.240210e-01,1.319774e-02,4.297009e-03,2.938967e-01,5.588811e-03
1.713035e-02,1.121783e-02,6.620381e-03,1.318525e-02,6.777386e-03,3.577075e-03,2.212919e-04,4.767683e-03,3.319385e-01,2.087978e-03,1.480193e-01,1.080249e-02,3.296742e-03,4.357224e-01,4.635347e-03
1.201044e-02,9.243183e-03,5.363853e-03,9.465290e-03,6.726178e-03,3.043037e-03,1.617740e-04,3.344272e-03,2.531301e-01,1.923731e-03,1.240513e-01,8.993925e-03,2.635493e-03,5.560088e-01,3.898623e-03
8.440794e-03,1.033228e-02,5.730320e-03,6.737164e-03,5.419085e-03,8.426342e-03,1.269614e-04,2.348223e-03,2.187373e-01,1.777273e-03,9.625775e-02,6.741222e-03,1.980528e-03,6.236360e-01,3.308750e-03
5.946315e-03,9.876890e-03,4.814113e-03,4.773888e-03,4.737162e-03,8.173116e-03,9.469310e-05,1.645935e-03,2.382280e-01,1.653700e-03,7.266340e-02,4.932502e-03,1.492960e-03,6.380807e-01,2.886714e-03
4.352310e-03,8.378983e-03,3.571747e-03,3.433233e-03,3.449366e-03,7.968440e-03,8.326724e-05,1.157128e-03,2.532422e-01,1.465298e-03,5.823178e-02,3.956059e-03,1.095815e-03,6.469746e-01,2.639824e-03
3.097016e-03,7.052239e-03,2.652190e-03,2.457297e-03,2.526105e-03,6.127407e-03,6.741223e-05,8.120485e-04,2.865700e-01,1.177517e-03,4.229518e-02,2.997200e-03,7.857326e-04,6.391082e-01,2.274546e-03
2.197789e-03,5.831995e-03,1.979815e-03,1.816798e-03,1.809878e-03,5.105782e-03,5.792710e-05,5.704786e-04,3.340918e-01,1.218814e-03,3.105402e-02,2.376485e-03,5.961001e-04,6.087793e-01,2.513006e-03
1.582751e-03,1.045770e-02,2.807077e-03,1.959873e-03,1.382536e-03,1.064024e-02,9.527020e-05,4.225307e-04,4.269377e-01,2.115159e-03,2.704224e-02,2.553674e-03,8.522987e-04,4.924328e-01,1.871825e-02
1.261902e-03,8.598897e-03,2.412948e-03,2.051999e-03,1.053401e-03,1.157433e-02,1.368604e-04,3.482364e-04,4.923029e-01,5.919433e-03,3.085045e-02,2.514073e-03,1.125002e-03,4.115888e-01,2.826084e-02
1.115237e-03,6.887118e-03,2.222562e-03,2.364341e-03,7.884447e-04,1.169711e-02,1.144033e-04,3.106461e-04,5.296339e-01,7.574657e-03,4.633126e-02,2.100151e-03,1.600550e-03,3.508785e-01,3.638120e-02
8.094496e-04,4.960892e-03,2.868327e-03,1.927930e-03,5.932713e-04,9.082477e-03,8.465882e-05,2.340080e-04,4.904094e-01,6.456899e-03,4.142098e-02,1.841982e-03,1.331228e-03,4.094587e-01,2.851980e-02
1.163791e-03,5.621662e-03,2.283637e-02,3.088766e-03,8.386760e-04,4.687327e-02,1.477217e-04,5.486534e-04,4.609326e-01,7.976887e-03,4.534256e-02,1.585403e-03,1.215799e-03,3.773129e-01,2.451494e-02
1.886552e-03,1.854641e-02,2.578260e-02,3.205689e-03,8.031420e-04,5.016182e-02,1.353601e-04,6.169920e-04,3.878432e-01,8.033393e-03,3.507116e-02,1.426794e-03,1.220641e-03,4.386541e-01,2.661218e-02
6.279852e-03,1.997908e-02,2.859033e-02,7.602852e-03,2.541562e-03,7.491856e-02,3.303858e-04,1.630146e-03,3.545395e-01,1.524888e-02,2.842675e-02,1.885426e-03,4.838839e-03,4.167618e-01,3.642597e-02
1.054303e-02,1.514999e-02,2.210767e-02,1.365430e-02,5.781765e-02,1.011216e-01,3.936947e-03,2.514775e-02,3.108850e-01,2.074916e-02,2.706022e-02,2.990099e-03,9.171858e-03,3.523521e-01,2.731272e-02
1.194019e-02,1.095842e-02,2.352364e-02,1.819978e-02,5.226118e-02,7.819000e-02,3.241114e-02,2.140049e-01,2.235800e-01,1.719628e-02,2.047678e-02,2.530955e-03,7.603165e-03,2.674466e-01,1.967703e-02
1.155602e-02,7.831564e-03,1.912478e-02,2.109452e-02,4.112756e-02,6.886165e-02,5.761933e-02,3.701479e-01,1.579536e-01,1.423721e-02,1.503275e-02,2.120093e-03,7.259496e-03,1.919591e-01,1.407436e-02
1.484350e-02,6.269925e-03,2.314313e-02,3.181697e-02,3.324710e-02,5.985605e-02,7.222741e-02,4.610374e-01,1.136051e-01,1.204800e-02,1.136273e-02,1.771759e-03,8.706439e-03,1.390325e-01,1.103198e-02
1.391766e-02,4.779513e-03,2.929506e-02,5.079330e-02,2.776950e-02,5.370175e-02,1.351645e-01,4.630940e-01,8.240001e-02,8.925939e-03,8.467294e-03,1.383979e-03,1.078958e-02,9.969123e-02,9.826669e-03
1.382892e-02,4.059270e-03,3.458973e-02,4.118299e-02,2.218781e-02,4.219145e-02,1.256872e-01,5.472625e-01,6.461556e-02,6.856107e-03,8.015528e-03,1.320638e-03,8.494327e-03,7.178125e-02,7.926741e-03
2.137316e-02,5.737661e-03,3.363062e-02,4.661284e-02,1.688810e-02,3.131075e-02,1.285476e-01,5.738695e-01,4.851475e-02,5.893991e-03,6.733104e-03,1.287116e-03,7.093166e-03,5.235300e-02,2.015470e-02
3.315181e-02,7.315216e-03,3.337863e-02,4.431982e-02,1.302109e-02,2.487904e-02,1.527733e-01,5.732660e-01,3.859869e-02,5.240046e-03,6.085177e-03,1.973469e-03,9.557728e-03,3.755587e-02,1.888412e-02
3.577911e-02,6.309164e-03,4.139352e-02,3.453434e-02,1.053518e-02,1.972046e-02,1.486923e-01,6.132427e-01,2.932095e-02,4.339338e-03,5.062344e-03,2.324941e-03,8.112868e-03,2.700790e-02,1.362479e-02
4.415999e-02,6.624059e-03,5.012821e-02,2.656853e-02,9.902662e-03,1.862357e-02,1.736164e-01,5.969632e-01,2.224966e-02,4.119311e-03,4.270119e-03,3.320139e-03,8.261248e-03,2.004430e-02,1.114851e-02
5.057168e-02,6.536949e-03,5.426529e-02,2.310398e-02,1.093432e-02,1.867686e-02,1.566395e-01,6.177484e-01,1.765887e-02,3.261803e-03,3.577440e-03,3.349797e-03,7.944833e-03,1.629079e-02,9.439513e-03
6.587135e-02,6.105498e-03,7.281648e-02,2.007003e-02,1.417989e-02,1.953258e-02,1.493244e-01,5.956448e-01,1.631854e-02,2.792313e-03,3.327906e-03,4.117886e-03,8.442928e-03,1.285165e-02,8.603792e-03
7.328781e-02,6.846377e-03,1.003939e-01,1.905153e-02,1.613300e-02,2.830429e-02,1.366186e-01,5.614277e-01,1.592234e-02,3.368860e-03,3.871436e-03,5.591526e-03,1.022402e-02,9.997102e-03,8.961465e-03
7.620403e-02,5.806440e-03,9.460732e-02,2.546682e-02,1.591555e-02,2.752363e-02,1.060090e-01,5.965310e-01,1.421579e-02,3.591637e-03,3.763383e-03,5.582988e-03,8.992191e-03,7.686010e-03,8.104177e-03
7.958192e-02,4.879859e-03,7.814046e-02,3.785858e-02,1.635041e-02,2.344024e-02,8.123612e-02,6.292999e-01,1.249506e-02,4.387447e-03,4.243115e-03,6.727913e-03,7.711784e-03,6.152759e-03,7.494408e-03
8.268394e-02,4.347261e-03,5.656423e-02,3.675079e-02,2.276261e-02,2.011329e-02,5.971875e-02,6.664668e-01,1.073848e-02,4.115015e-03,6.838196e-03,6.554309e-03,9.228407e-03,5.086079e-03,8.031819e-03
9.952231e-02,5.780228e-03,4.168699e-02,3.489254e-02,3.324009e-02,1.838347e-02,5.349261e-02,6.084170e-01,1.646707e-02,1.234017e-02,3.592627e-02,1.066373e-02,1.321135e-02,6.088395e-03,9.887710e-03
1.314482e-01,7.132415e-03,3.116045e-02,2.875457e-02,3.427615e-02,2.460074e-02,4.788282e-02,4.849414e-01,2.775137e-02,2.128812e-02,8.996530e-02,2.471872e-02,2.618593e-02,8.408481e-03,1.148532e-02
1.879884e-01,6.145000e-03,2.487713e-02,3.502090e-02,3.823386e-02,2.529095e-02,4.287186e-02,3.925391e-01,3.713562e-02,2.323968e-02,9.944181e-02,3.955451e-02,2.503472e-02,1.019925e-02,1.242722e-02
2.334861e-01,6.199263e-03,2.025320e-02,4.345093e-02,3.761576e-02,2.543010e-02,3.399576e-02,3.093380e-01,3.946491e-02,2.355470e-02,1.162379e-01,5.673299e-02,2.831472e-02,1.280415e-02,1.312153e-02
2.409568e-01,6.844682e-03,1.568635e-02,4.247497e-02,3.875965e-02,2.062690e-02,2.480409e-02,2.405528e-01,6.792419e-02,1.825887e-02,1.229880e-01,1.075604e-01,2.976391e-02,1.023475e-02,1.256362e-02
2.139107e-01,6.133489e-03,1.216617e-02,3.579818e-02,3.482822e-02,1.549334e-02,1.773700e-02,1.818343e-01,2.199901e-01,1.417290e-02,1.081464e-01,9.739354e-02,2.336892e-02,8.050966e-03,1.097585e-02
1.605930e-01,7.699016e-03,9.272258e-03,3.069511e-02,3.205753e-02,1.189388e-02,1.268052e-02,1.286023e-01,4.017787e-01,1.040427e-02,8.367859e-02,7.608633e-02,1.765599e-02,6.458937e-03,1.044355e-02
1.142382e-01,6.310319e-03,7.030300e-03,2.281112e-02,3.313404e-02,8.923663e-03,8.938398e-03,9.191690e-02,5.572221e-01,7.628757e-03,6.181687e-02,5.363116e-02,1.254422e-02,4.892180e-03,8.961841e-03
8.277159e-02,7.320499e-03,5.484427e-03,1.911925e-02,3.750309e-02,7.449957e-03,6.320833e-03,6.743631e-02,6.563424e-01,5.776670e-03,4.555538e-02,3.776661e-02,9.000112e-03,3.562229e-03,8.590737e-03
7.565567e-02,9.496887e-03,4.572831e-03,2.275692e-02,3.984484e-02,6.377786e-03,4.546741e-03,5.914655e-02,6.953496e-01,4.447306e-03,3.377266e-02,2.686179e-02,6.523831e-03,2.630374e-03,8.016265e-03
6.652960e-02,8.501644e-03,4.100301e-03,3.717147e-02,3.717778e-02,5.852639e-03,3.316910e-03,1.061136e-01,6.666567e-01,4.329013e-03,2.675824e-02,1.947347e-02,4.889448e-03,2.022363e-03,7.106890e-03
5.233825e-02,1.001110e-02,4.939666e-03,2.165588e-01,3.396184e-02,4.550724e-03,2.366750e-03,8.247053e-02,5.385621e-01,3.971951e-03,2.266966e-02,1.409849e-02,3.728818e-03,1.711374e-03,8.059923e-03
3.688710e-02,9.576190e-03,5.690688e-03,2.958856e-01,3.089790e-02,3.252350e-03,1.697850e-03,5.792984e-02,3.834087e-01,2.973588e-03,1.481187e-01,1.196967e-02,4.170616e-03,1.362033e-03,6.179085e-03
2.585147e-02,6.896136e-03,4.281795e-03,3.189684e-01,2.494511e-02,2.306204e-03,1.196661e-03,4.086526e-02,2.698658e-01,2.279702e-03,2.805442e-01,1.092142e-02,4.918135e-03,1.768668e-03,4.391046e-03
1.821356e-02,4.876629e-03,3.376777e-03,2.569757e-01,1.979417e-02,1.840220e-03,8.616006e-04,2.947405e-02,1.896462e-01,2.183403e-03,3.786299e-01,8.062024e-02,5.268288e-03,5.124616e-03,3.114731e-03
1.317872e-02,3.439353e-03,2.459869e-03,1.872191e-01,2.484034e-02,1.570511e-03,6.189128e-04,2.073587e-02,1.331321e-01,1.937144e-03,4.347628e-01,7.667479e-02,4.348475e-03,9.286297e-02,2.219166e-03
9.653272e-03,2.450094e-03,1.776191e-03,1.331660e-01,1.972204e-02,1.598814e-03,4.482546e-04,1.458791e-02,9.344398e-02,1.647128e-03,3.889735e-01,6.651297e-02,3.324322e-03,2.611050e-01,1.590492e-03
8.021442e-03,2.522826e-03,1.561922e-03,9.388717e-02,1.844786e-02,1.900638e-03,3.348162e-04,1.030965e-02,6.606417e-02,1.637989e-03,4.281926e-01,5.257996e-02,3.120273e-03,3.101121e-01,1.306575e-03
7.535948e-03,2.202746e-03,1.241565e-03,6.695357e-02,1.748535e-02,3.935067e-03,2.624365e-04,7.291682e-03,4.685763e-02,1.585539e-03,5.236827e-01,4.650142e-02,6.362751e-03,2.670117e-01,1.089866e-03
5.930386e-03,2.031716e-03,1.160396e-03,4.739388e-02,1.911285e-02,5.735387e-02,5.385511e-04,6.123676e-03,3.417323e-02,3.994333e-03,5.613889e-01,4.305141e-02,8.882008e-03,2.079214e-01,9.434652e-04
4.465502e-03,1.664042e-03,1.064693e-03,3.656287e-02,4.697820e-02,4.598215e-02,6.961895e-04,4.527953e-03,2.619492e-02,8.605088e-03,6.059076e-01,4.420666e-02,1.180071e-02,1.601853e-01,1.158173e-03
4.827986e-03,4.374503e-03,2.570591e-03,2.687841e-02,1.519209e-01,3.722656e-02,8.774291e-04,3.481394e-03,3.705281e-02,3.334358e-02,5.279517e-01,3.582492e-02,1.268111e-02,1.191881e-01,1.800096e-03
6.875752e-03,3.593274e-03,3.690229e-03,1.910886e-02,2.878509e-01,1.042557e-01,1.351778e-03,2.931533e-03,3.123879e-02,3.551079e-02,3.813424e-01,2.658393e-02,9.387859e-03,8.413067e-02,2.147522e-03
8.817391e-03,3.237692e-03,3.608435e-03,1.365330e-02,4.208564e-01,1.017640e-01,3.269680e-03,2.153730e-03,3.737942e-02,3.615253e-02,2.817061e-01,1.897759e-02,6.952003e-03,5.960718e-02,1.864608e-03
1.519816e-02,3.237852e-03,4.538073e-03,1.008152e-02,4.422231e-01,1.202875e-01,2.064178e-02,1.743692e-03,8.685176e-02,3.181613e-02,2.010928e-01,1.380771e-02,5.173016e-03,4.186533e-02,1.441571e-03
1.373554e-02,3.177642e-03,6.040750e-03,7.406941e-03,4.617843e-01,1.754910e-01,5.002035e-02,1.904425e-03,7.135405e-02,2.401864e-02,1.411002e-01,9.705134e-03,3.775537e-03,2.934873e-02,1.136824e-03
2.089669e-02,8.766308e-03,9.537736e-03,6.156640e-03,4.385252e-01,2.212704e-01,6.123710e-02,1.697874e-03,6.504256e-02,2.802870e-02,1.001258e-01,7.038290e-03,4.463529e-03,2.070397e-02,6.509291e-03
3.866454e-02,2.267799e-02,1.223347e-02,6.704690e-03,4.207448e-01,2.257788e-01,5.229256e-02,1.537456e-03,6.492718e-02,4.065256e-02,7.228193e-02,5.161961e-03,3.662453e-03,1.498989e-02,1.768970e-02
5.874439e-02,2.626822e-02,1.171303e-02,6.257324e-03,4.498273e-01,2.012447e-01,4.272662e-02,1.452950e-03,7.196711e-02,4.535567e-02,5.164937e-02,4.294437e-03,3.270560e-03,1.089177e-02,1.433658e-02
5.768340e-02,5.297910e-02,2.130922e-02,5.494794e-02,4.087880e-01,2.142860e-01,3.331022e-02,3.134016e-03,5.183900e-02,3.503935e-02,3.712067e-02,4.206403e-03,2.642664e-03,8.026220e-03,1.468792e-02
5.488475e-02,6.788970e-02,7.202604e-02,7.684901e-02,3.780788e-01,1.711338e-01,2.608182e-02,6.633416e-03,3.909133e-02,5.318423e-02,2.807355e-02,4.779581e-03,2.678845e-03,5.858876e-03,1.275622e-02
6.749870e-02,5.703274e-02,6.127749e-02,9.556867e-02,4.103368e-01,1.458899e-01,2.154634e-02,2.324831e-02,2.942981e-02,4.487137e-02,2.109416e-02,4.250255e-03,2.714571e-03,4.363600e-03,1.087728e-02
5.482996e-02,4.328031e-02,4.570314e-02,6.865636e-02,4.753498e-01,1.208513e-01,5.322579e-02,4.428548e-02,2.246212e-02,3.887966e-02,1.567777e-02,3.441561e-03,2.255279e-03,3.153841e-03,7.947567e-03
4.312443e-02,3.078070e-02,3.238889e-02,4.874063e-02,5.329668e-01,8.730570e-02,1.008160e-01,3.274476e-02,1.599259e-02,5.015677e-02,1.158082e-02,2.978603e-03,1.960024e-03,2.345954e-03,6.117256e-03
3.112858e-02,2.209949e-02,2.370212e-02,3.465275e-02,4.575320e-01,6.389520e-02,1.034776e-01,2.475324e-02,1.141798e-02,1.712541e-01,3.245712e-02,3.635257e-03,2.817847e-03,1.770609e-03,1.540598e-02
2.547372e-02,1.778083e-02,1.744925e-02,2.551840e-02,4.258071e-01,5.827839e-02,1.631348e-01,1.907520e-02,8.619674e-03,1.466853e-01,6.559972e-02,7.912703e-03,2.558543e-03,4.045162e-03,1.206136e-02
2.017027e-02,1.337827e-02,1.295182e-02,1.945023e-02,3.608347e-01,5.594404e-02,2.290472e-01,1.536918e-02,6.604619e-03,1.316283e-01,9.751049e-02,1.875592e-02,2.824346e-03,6.658652e-03,8.871906e-03
2.714933e-02,1.106698e-02,1.000543e-02,1.445626e-02,3.638116e-01,5.454083e-02,2.018623e-01,1.221353e-02,4.998913e-03,9.737717e-02,1.569332e-01,2.648036e-02,2.909807e-03,9.425242e-03,6.769032e-03
3.695297e-02,9.061927e-03,7.831725e-03,1.056244e-02,3.459127e-01,5.608110e-02,1.659909e-01,9.299258e-03,3.862827e-03,7.030087e-02,2.320422e-01,3.129223e-02,3.014124e-03,1.274749e-02,5.047308e-03
5.911555e-02,8.384331e-03,6.417772e-03,8.961069e-03,3.037970e-01,5.719297e-02,1.944590e-01,7.768341e-03,3.460625e-03,5.299284e-02,2.487413e-01,2.742042e-02,3.433738e-03,1.306725e-02,4.787794e-03
1.340769e-01,1.038417e-02,7.077693e-03,9.185037e-03,2.613134e-01,5.835976e-02,1.601323e-01,9.766127e-03,3.757152e-03,4.178529e-02,2.534984e-01,2.636035e-02,4.439639e-03,1.357715e-02,6.286584e-03
9.687606e-02,9.545467e-03,6.087906e-03,6.642511e-03,2.065410e-01,1.703000e-01,1.176638e-01,7.301408e-03,3.070184e-03,3.287426e-02,2.805471e-01,2.424951e-02,3.862110e-03,2.808319e-02,6.355633e-03
6.867649e-02,7.395702e-03,4.907880e-03,4.762589e-03,1.494343e-01,1.725712e-01,8.303797e-02,5.351376e-03,2.362777e-03,2.513536e-02,4.025823e-01,2.286672e-02,2.922994e-03,4.302261e-02,4.969744e-03
4.845391e-02,5.880415e-03,4.225320e-03,3.414652e-03,1.053836e-01,1.277359e-01,5.829795e-02,3.872660e-03,2.119001e-03,1.801280e-02,5.441622e-01,3.330742e-02,2.178010e-03,3.823490e-02,4.721352e-03
