1.000000e+00,0.000000e+00,0.000000e+00,0.000000e+00,0.000000e+00,0.000000e+00,0.000000e+00,0.000000e+00,0.000000e+00,0.000000e+00,0.000000e+00,0.000000e+00,0.000000e+00,0.000000e+00,0.000000e+00
1.000000e+00,0.000000e+00,0.000000e+00,0.000000e+00,0.000000e+00,0.000000e+00,0.000000e+00,0.000000e+00,0.000000e+00,0.000000e+00,0.000000e+00,0.000000e+00,0.000000e+00,0.000000e+00,0.000000e+00
1.000000e+00,0.000000e+00,0.000000e+00,0.000000e+00,0.000000e+00,0.000000e+00,0.000000e+00,0.000000e+00,0.000000e+00,0.000000e+00,0.000000e+00,0.000000e+00,0.000000e+00,0.000000e+00,0.000000e+00
1.000000e+00,0.000000e+00,0.000000e+00,0.000000e+00,0.000000e+00,0.000000e+00,0.000000e+00,0.000000e+00,0.000000e+00,0.000000e+00,0.000000e+00,0.000000e+00,0.000000e+00,0.000000e+00,0.000000e+00
1.000000e+00,0.000000e+00,0.000000e+00,0.000000e+00,0.000000e+00,0.000000e+00,0.000000e+00,0.000000e+00,0.000000e+00,0.000000e+00,0.000000e+00,0.000000e+00,0.000000e+00,0.000000e+00,0.000000e+00
1.000000e+00,0.000000e+00,0.000000e+00,0.000000e+00,0.000000e+00,0.000000e+00,0.000000e+00,0.000000e+00,0.000000e+00,0.000000e+00,0.000000e+00,0.000000e+00,0.000000e+00,0.000000e+00,0.000000e+00
1.000000e+00,0.000000e+00,0.000000e+00,0.000000e+00,0.000000e+00,0.000000e+00,0.000000e+00,0.000000e+00,0.000000e+00,0.000000e+00,0.000000e+00,0.000000e+00,0.000000e+00,0.000000e+00,0.000000e+00
1.000000e+00,0.000000e+00,0.000000e+00,0.000000e+00,0.000000e+00,0.000000e+00,0.000000e+00,0.000000e+00,0.000000e+00,0.000000e+00,0.000000e+00,0.000000e+00,0.000000e+00,0.000000e+00,0.000000e+00
1.000000e+00,0.000000e+00,0.000000e+00,0.000000e+00,0.000000e+00,0.000000e+00,0.000000e+00,0.000000e+00,0.000000e+00,0.000000e+00,0.000000e+00,0.000000e+00,0.000000e+00,0.000000e+00,0.000000e+00
1.000000e+00,0.000000e+00,0.000000e+00,0.000000e+00,0.000000e+00,0.000000e+00,0.000000e+00,0.000000e+00,0.000000e+00,0.000000e+00,0.000000e+00,0.000000e+00,0.000000e+00,0.000000e+00,0.000000e+00
1.000000e+00,0.000000e+00,0.000000e+00,0.000000e+00,0.000000e+00,0.000000e+00,0.000000e+00,0.000000e+00,0.000000e+00,0.000000e+00,0.000000e+00,0.000000e+00,0.000000e+00,0.000000e+00,0.000000e+00
1.000000e+00,0.000000e+00,0.000000e+00,0.000000e+00,0.000000e+00,0.000000e+00,0.000000e+00,0.000000e+00,0.000000e+00,0.000000e+00,0.000000e+00,0.000000e+00,0.000000e+00,0.000000e+00,0.000000e+00
1.000000e+00,0.000000e+00,0.000000e+00,0.000000e+00,0.000000e+00,0.000000e+00,0.000000e+00,0.000000e+00,0.000000e+00,0.000000e+00,0.000000e+00,0.000000e+00,0.000000e+00,0.000000e+00,0.000000e+00
1.000000e+00,0.000000e+00,0.000000e+00,0.000000e+00,0.000000e+00,0.000000e+00,0.000000e+00,0.000000e+00,0.000000e+00,0.000000e+00,0.000000e+00,0.000000e+00,0.000000e+00,0.000000e+00,0.000000e+00
1.000000e+00,0.000000e+00,0.000000e+00,0.000000e+00,0.000000e+00,0.000000e+00,0.000000e+00,0.000000e+00,0.000000e+00,0.000000e+00,0.000000e+00,0.000000e+00,0.000000e+00,0.000000e+00,0.000000e+00
1.000000e+00,0.000000e+00,0.000000e+00,0.000000e+00,0.000000e+00,0.000000e+00,0.000000e+00,0.000000e+00,0.000000e+00,0.000000e+00,0.000000e+00,0.000000e+00,0.000000e+00,0.000000e+00,0.000000e+00
1.000000e+00,0.000000e+00,0.000000e+00,0.000000e+00,0.000000e+00,0.000000e+00,0.000000e+00,0.000000e+00,0.000000e+00,0.000000e+00,0.000000e+00,0.000000e+00,0.000000e+00,0.000000e+00,0.000000e+00
1.000000e+00,0.000000e+00,0.000000e+00,0.000000e+00,0.000000e+00,0.000000e+00,0.000000e+00,0.000000e+00,0.000000e+00,0.000000e+00,0.000000e+00,0.000000e+00,0.000000e+00,0.000000e+00,0.000000e+00
1.000000e+00,0.000000e+00,0.000000e+00,0.000000e+00,0.000000e+00,0.000000e+00,0.000000e+00,0.000000e+00,0.000000e+00,0.000000e+00,0.000000e+00,0.000000e+00,0.000000e+00,0.000000e+00,0.000000e+00
1.000000e+00,0.000000e+00,0.000000e+00,0.000000e+00,0.000000e+00,0.000000e+00,0.000000e+00,0.000000e+00,0.000000e+00,0.000000e+00,0.000000e+00,0.000000e+00,0.000000e+00,0.000000e+00,0.000000e+00
1.000000e+00,0.000000e+00,0.000000e+00,0.000000e+00,0.000000e+00,0.000000e+00,0.000000e+00,0.000000e+00,0.000000e+00,0.000000e+00,0.000000e+00,0.000000e+00,0.000000e+00,0.000000e+00,0.000000e+00
1.000000e+00,0.000000e+00,0.000000e+00,0.000000e+00,0.000000e+00,0.000000e+00,0.000000e+00,0.000000e+00,0.000000e+00,0.000000e+00,0.000000e+00,0.000000e+00,0.000000e+00,0.000000e+00,0.000000e+00
1.000000e+00,0.000000e+00,0.000000e+00,0.000000e+00,0.000000e+00,0.000000e+00,0.000000e+00,0.000000e+00,0.000000e+00,0.000000e+00,0.000000e+00,0.000000e+00,0.000000e+00,0.000000e+00,0.000000e+00
1.000000e+00,0.000000e+00,0.000000e+00,0.000000e+00,0.000000e+00,0.000000e+00,0.000000e+00,0.000000e+00,0.000000e+00,0.000000e+00,0.000000e+00,0.000000e+00,0.000000e+00,0.000000e+00,0.000000e+00
1.000000e+00,0.000000e+00,0.000000e+00,0.000000e+00,0.000000e+00,0.000000e+00,0.000000e+00,0.000000e+00,0.000000e+00,0.000000e+00,0.000000e+00,0.000000e+00,0.000000e+00,0.000000e+00,0.000000e+00
1.000000e+00,0.000000e+00,0.000000e+00,0.000000e+00,0.000000e+00,0.000000e+00,0.000000e+00,0.000000e+00,0.000000e+00,0.000000e+00,0.000000e+00,0.000000e+00,0.000000e+00,0.000000e+00,0.000000e+00
1.000000e+00,0.000000e+00,0.000000e+00,0.000000e+00,0.000000e+00,0.000000e+00,0.000000e+00,0.000000e+00,0.000000e+00,0.000000e+00,0.000000e+00,0.000000e+00,0.000000e+00,0.000000e+00,0.000000e+00
1.000000e+00,0.000000e+00,0.000000e+00,0.000000e+00,0.000000e+00,0.000000e+00,0.000000e+00,0.000000e+00,0.000000e+00,0.000000e+00,0.000000e+00,0.000000e+00,0.000000e+00,0.000000e+00,0.000000e+00
1.000000e+00,0.000000e+00,0.000000e+00,0.000000e+00,0.000000e+00,0.000000e+00,0.000000e+00,0.000000e+00,0.000000e+00,0.000000e+00,0.000000e+00,0.000000e+00,0.000000e+00,0.000000e+00,0.000000e+00
1.000000e+00,0.000000e+00,0.000000e+00,0.000000e+00,0.000000e+00,0.000000e+00,0.000000e+00,0.000000e+00,0.000000e+00,0.000000e+00,0.000000e+00,0.000000e+00,0.000000e+00,0.000000e+00,0.000000e+00
1.000000e+00,0.000000e+00,0.000000e+00,0.000000e+00,0.000000e+00,0.000000e+00,0.000000e+00,0.000000e+00,0.000000e+00,0.000000e+00,0.000000e+00,0.000000e+00,0.000000e+00,0.000000e+00,0.000000e+00
1.000000e+00,0.000000e+00,0.000000e+00,0.000000e+00,0.000000e+00,0.000000e+00,0.000000e+00,0.000000e+00,0.000000e+00,0.000000e+00,0.000000e+00,0.000000e+00,0.000000e+00,0.000000e+00,0.000000e+00
1.000000e+00,0.000000e+00,0.000000e+00,0.000000e+00,0.000000e+00,0.000000e+00,0.000000e+00,0.000000e+00,0.000000e+00,0.000000e+00,0.000000e+00,0.000000e+00,0.000000e+00,0.000000e+00,0.000000e+00
1.000000e+00,0.000000e+00,0.000000e+00,0.000000e+00,0.000000e+00,0.000000e+00,0.000000e+00,0.000000e+00,0.000000e+00,0.000000e+00,0.000000e+00,0.000000e+00,0.000000e+00,0.000000e+00,0.000000e+00
1.000000e+00,0.000000e+00,0.000000e+00,0.000000e+00,0.000000e+00,0.000000e+00,0.000000e+00,0.000000e+00,0.000000e+00,0.000000e+00,0.000000e+00,0.000000e+00,0.000000e+00,0.000000e+00,0.000000e+00
1.000000e+00,0.000000e+00,0.000000e+00,0.000000e+00,0.000000e+00,0.000000e+00,0.000000e+00,0.000000e+00,0.000000e+00,0.000000e+00,0.000000e+00,0.000000e+00,0.000000e+00,0.000000e+00,0.000000e+00
1.000000e+00,0.000000e+00,0.000000e+00,0.000000e+00,0.000000e+00,0.000000e+00,0.000000e+00,0.000000e+00,0.000000e+00,0.000000e+00,0.000000e+00,0.000000e+00,0.000000e+00,0.000000e+00,0.000000e+00
1.000000e+00,0.000000e+00,0.000000e+00,0.000000e+00,0.000000e+00,0.000000e+00,0.000000e+00,0.000000e+00,0.000000e+00,0.000000e+00,0.000000e+00,0.000000e+00,0.000000e+00,0.000000e+00,0.000000e+00
1.000000e+00,0.000000e+00,0.000000e+00,0.000000e+00,0.000000e+00,0.000000e+00,0.000000e+00,0.000000e+00,0.000000e+00,0.000000e+00,0.000000e+00,0.000000e+00,0.000000e+00,0.000000e+00,0.000000e+00
1.000000e+00,0.000000e+00,0.000000e+00,0.000000e+00,0.000000e+00,0.000000e+00,0.000000e+00,0.000000e+00,0.000000e+00,0.000000e+00,0.000000e+00,0.000000e+00,0.000000e+00,0.000000e+00,0.000000e+00
1.000000e+00,0.000000e+00,0.000000e+00,0.000000e+00,0.000000e+00,0.000000e+00,0.000000e+00,0.000000e+00,0.000000e+00,0.000000e+00,0.000000e+00,0.000000e+00,0.000000e+00,0.000000e+00,0.000000e+00
1.000000e+00,0.000000e+00,0.000000e+00,0.000000e+00,0.000000e+00,0.000000e+00,0.000000e+00,0.000000e+00,0.000000e+00,0.000000e+00,0.000000e+00,0.000000e+00,0.000000e+00,0.000000e+00,0.000000e+00
1.000000e+00,0.000000e+00,0.000000e+00,0.000000e+00,0.000000e+00,0.000000e+00,0.000000e+00,0.000000e+00,0.000000e+00,0.000000e+00,0.000000e+00,0.000000e+00,0.000000e+00,0.000000e+00,0.000000e+00
1.000000e+00,0.000000e+00,0.000000e+00,0.000000e+00,0.000000e+00,0.000000e+00,0.000000e+00,0.000000e+00,0.000000e+00,0.000000e+00,0.000000e+00,0.000000e+00,0.000000e+00,0.000000e+00,0.000000e+00
1.000000e+00,0.000000e+00,0.000000e+00,0.000000e+00,0.000000e+00,0.000000e+00,0.000000e+00,0.000000e+00,0.000000e+00,0.000000e+00,0.000000e+00,0.000000e+00,0.000000e+00,0.000000e+00,0.000000e+00
1.000000e+00,0.000000e+00,0.000000e+00,0.000000e+00,0.000000e+00,0.000000e+00,0.000000e+00,0.000000e+00,0.000000e+00,0.000000e+00,0.000000e+00,0.000000e+00,0.000000e+00,0.000000e+00,0.000000e+00
1.000000e+00,0.000000e+00,0.000000e+00,0.000000e+00,0.000000e+00,0.000000e+00,0.000000e+00,0.000000e+00,0.000000e+00,0.000000e+00,0.000000e+00,0.000000e+00,0.000000e+00,0.000000e+00,0.000000e+00
1.000000e+00,0.000000e+00,0.000000e+00,0.000000e+00,0.000000e+00,0.000000e+00,0.000000e+00,0.000000e+00,0.000000e+00,0.000000e+00,0.000000e+00,0.000000e+00,0.000000e+00,0.000000e+00,0.000000e+00
1.000000e+00,0.000000e+00,0.000000e+00,0.000000e+00,0.000000e+00,0.000000e+00,0.000000e+00,0.000000e+00,0.000000e+00,0.000000e+00,0.000000e+00,0.000000e+00,0.000000e+00,0.000000e+00,0.000000e+00
1.000000e+00,0.000000e+00,0.000000e+00,0.000000e+00,0.000000e+00,0.000000e+00,0.000000e+00,0.000000e+00,0.000000e+00,0.000000e+00,0.000000e+00,0.000000e+00,0.000000e+00,0.000000e+00,0.000000e+00
1.000000e+00,0.000000e+00,0.000000e+00,0.000000e+00,0.000000e+00,0.000000e+00,0.000000e+00,0.000000e+00,0.000000e+00,0.000000e+00,0.000000e+00,0.000000e+00,0.000000e+00,0.000000e+00,0.000000e+00
1.000000e+00,0.000000e+00,0.000000e+00,0.000000e+00,0.000000e+00,0.000000e+00,0.000000e+00,0.000000e+00,0.000000e+00,0.000000e+00,0.000000e+00,0.000000e+00,0.000000e+00,0.000000e+00,0.000000e+00
1.000000e+00,0.000000e+00,0.000000e+00,0.000000e+00,0.000000e+00,0.000000e+00,0.000000e+00,0.000000e+00,0.000000e+00,0.000000e+00,0.000000e+00,0.000000e+00,0.000000e+00,0.000000e+00,0.000000e+00
1.000000e+00,0.000000e+00,0.000000e+00,0.000000e+00,0.000000e+00,0.000000e+00,0.000000e+00,0.000000e+00,0.000000e+00,0.000000e+00,0.000000e+00,0.000000e+00,0.000000e+00,0.000000e+00,0.000000e+00
1.000000e+00,0.000000e+00,0.000000e+00,0.000000e+00,0.000000e+00,0.000000e+00,0.000000e+00,0.000000e+00,0.000000e+00,0.000000e+00,0.000000e+00,0.000000e+00,0.000000e+00,0.000000e+00,0.000000e+00
1.000000e+00,0.000000e+00,0.000000e+00,0.000000e+00,0.000000e+00,0.000000e+00,0.000000e+00,0.000000e+00,0.000000e+00,0.000000e+00,0.000000e+00,0.000000e+00,0.000000e+00,0.000000e+00,0.000000e+00
1.000000e+00,0.000000e+00,0.000000e+00,0.000000e+00,0.000000e+00,0.000000e+00,0.000000e+00,0.000000e+00,0.000000e+00,0.000000e+00,0.000000e+00,0.000000e+00,0.000000e+00,0.000000e+00,0.000000e+00
4.387876e-01,1.530316e-02,2.154384e-02,6.149274e-02,6.550680e-03,1.944183e-02,4.332317e-03,2.983865e-01,6.902685e-03,1.507958e-03,3.218601e-02,6.141040e-02,1.547255e-02,3.198923e-03,1.348280e-02
3.389800e-01,1.102097e-02,1.691666e-02,4.542177e-02,4.934742e-03,1.511698e-02,3.798221e-03,4.635199e-01,5.066708e-03,1.096159e-03,2.366260e-02,4.631075e-02,1.192075e-02,2.406781e-03,9.827062e-03
2.460547e-01,7.793770e-03,1.242970e-02,3.244421e-02,3.515988e-03,1.114339e-02,2.994896e-03,6.114450e-01,3.602182e-03,7.925102e-04,1.707180e-02,3.285983e-02,8.732375e-03,2.068752e-03,7.050939e-03
1.742832e-01,5.508841e-03,9.116872e-03,2.320843e-02,2.543683e-03,8.290439e-03,2.523758e-03,7.232660e-01,2.541408e-03,5.593475e-04,1.210898e-02,2.310363e-02,6.190304e-03,1.789324e-03,4.965778e-03
1.247002e-01,3.911142e-03,6.719696e-03,1.674994e-02,2.255251e-03,5.964374e-03,1.974958e-03,8.012869e-01,1.811032e-03,3.968040e-04,8.585547e-03,1.622814e-02,4.393611e-03,1.525764e-03,3.496610e-03
8.777519e-02,2.747848e-03,4.771553e-03,1.183442e-02,2.016431e-03,4.221232e-03,1.490640e-03,8.595098e-01,1.275272e-03,2.792654e-04,6.036147e-03,1.136878e-02,3.104280e-03,1.115210e-03,2.453968e-03
6.211939e-02,1.937019e-03,3.380351e-03,8.391206e-03,2.056584e-03,3.013450e-03,1.119568e-03,8.999561e-01,8.971625e-04,1.976492e-04,4.241287e-03,7.973135e-03,2.204764e-03,7.898579e-04,1.722465e-03
4.588379e-02,1.382600e-03,2.417276e-03,6.027262e-03,1.977690e-03,2.196707e-03,9.184475e-04,9.256237e-01,6.555721e-04,1.813775e-04,3.046897e-03,5.964665e-03,1.924021e-03,5.711383e-04,1.228831e-03
3.316858e-02,9.814453e-04,1.782892e-03,4.323772e-03,2.978349e-03,1.639309e-03,9.129259e-04,9.441628e-01,4.653195e-04,1.356965e-04,2.188108e-03,4.343547e-03,1.638458e-03,4.095886e-04,8.691388e-04
2.463017e-02,7.038820e-04,1.303549e-03,3.107844e-03,5.361679e-03,1.279764e-03,7.434957e-04,9.555857e-01,3.330094e-04,1.037926e-04,1.570305e-03,3.093278e-03,1.272256e-03,2.918274e-04,6.194752e-04
1.788355e-02,5.041289e-04,9.887092e-04,2.211751e-03,4.660471e-03,9.572522e-04,6.613443e-04,9.667795e-01,2.392050e-04,7.608766e-05,1.129622e-03,2.238768e-03,1.011549e-03,2.142576e-04,4.438299e-04
1.371227e-02,3.590694e-04,7.177642e-04,1.572623e-03,3.959033e-03,7.101559e-04,5.046523e-04,9.745165e-01,1.750902e-04,5.906311e-05,8.086219e-04,1.628858e-03,8.030998e-04,1.540940e-04,3.190802e-04
1.193770e-02,2.659274e-04,5.437907e-04,1.118759e-03,3.536588e-03,5.406694e-04,4.418970e-04,9.784817e-01,1.368788e-04,6.051749e-05,6.152978e-04,1.243888e-03,7.069953e-04,1.180860e-04,2.512895e-04
9.695441e-03,1.967572e-04,4.588867e-04,8.085953e-04,3.038852e-03,4.201586e-04,3.897236e-04,9.825176e-01,1.085087e-04,6.282535e-05,4.627621e-04,9.356446e-04,6.021847e-04,9.322815e-05,2.088023e-04
9.386454e-03,1.496982e-04,4.452367e-04,5.960574e-04,2.561986e-03,3.662739e-04,3.736618e-04,9.839267e-01,9.397928e-05,9.160362e-05,3.712756e-04,7.446886e-04,5.847992e-04,8.687133e-05,2.207666e-04
9.004740e-03,1.178891e-04,4.434061e-04,4.661381e-04,2.475655e-03,3.592631e-04,7.776410e-04,9.843649e-01,1.105069e-04,9.854691e-05,3.061154e-04,5.880552e-04,5.468345e-04,9.026781e-05,2.500404e-04
9.909303e-03,9.670051e-05,3.878215e-04,3.772153e-04,2.883399e-03,4.201483e-04,8.687405e-04,9.830267e-01,2.192968e-04,1.187892e-04,2.598090e-04,4.848974e-04,5.566110e-04,8.320771e-05,3.073986e-04
3.051030e-02,2.896981e-04,3.885889e-04,3.588936e-04,4.105171e-03,7.741890e-04,7.447999e-04,9.455525e-01,3.094933e-03,4.029059e-04,1.361516e-03,1.447226e-03,1.002539e-02,2.625819e-04,6.813380e-04
4.357493e-02,6.829285e-04,3.486594e-04,4.205339e-04,6.732644e-03,1.671233e-03,7.383823e-04,8.247397e-01,9.366442e-03,5.354152e-04,3.802909e-03,2.901725e-03,1.016571e-01,3.847007e-04,2.442817e-03
5.341238e-02,9.461906e-04,3.214448e-04,5.184122e-04,1.099503e-02,2.701265e-03,8.014155e-04,6.899645e-01,9.421022e-03,5.402678e-04,5.823951e-03,4.078653e-03,2.155455e-01,4.220297e-04,4.507949e-03
5.812802e-02,3.631443e-03,6.208980e-04,1.811489e-03,1.228256e-01,4.425472e-03,2.715749e-03,5.140823e-01,3.173766e-02,1.046522e-03,8.950287e-03,5.713528e-03,2.364912e-01,5.244799e-04,7.295420e-03
1.106972e-01,7.225950e-03,3.092545e-03,2.265366e-03,1.435132e-01,9.310319e-03,4.014397e-03,4.013814e-01,2.589875e-02,9.429333e-04,1.658738e-02,8.479004e-03,2.582741e-01,6.873525e-04,7.629993e-03
1.632793e-01,9.589432e-03,4.257267e-03,2.301760e-03,1.242223e-01,1.029394e-02,3.665201e-03,2.877789e-01,2.113062e-02,7.177591e-04,1.437820e-02,8.583182e-03,3.426133e-01,6.412510e-04,6.547617e-03
1.723406e-01,8.236158e-03,3.434775e-03,1.987722e-03,8.906893e-02,1.565336e-02,2.917667e-03,2.032990e-01,1.648019e-02,5.818633e-04,1.325963e-02,1.490050e-02,4.511184e-01,7.871037e-04,5.934103e-03
1.650751e-01,6.953610e-03,2.670970e-03,1.676143e-03,6.388826e-02,1.762677e-02,2.210866e-03,1.428641e-01,1.240555e-02,4.438986e-04,1.064815e-02,2.090746e-02,5.470876e-01,7.634264e-04,4.778048e-03
1.446994e-01,6.044069e-03,2.403448e-03,1.700844e-03,4.744955e-02,1.712423e-02,1.699101e-03,1.004168e-01,1.025728e-02,3.657815e-04,9.076986e-03,2.281433e-02,6.309804e-01,8.056452e-04,4.162034e-03
1.196359e-01,5.469206e-03,2.370873e-03,1.737093e-03,3.691723e-02,2.181549e-02,1.357188e-03,7.086727e-02,8.682086e-03,3.308965e-04,7.667479e-03,2.222910e-02,6.964167e-01,8.464861e-04,3.656856e-03
8.663472e-02,7.794610e-03,2.620357e-03,1.337219e-03,2.981296e-02,1.762159e-02,1.131373e-03,4.992000e-02,1.389377e-02,3.983247e-04,6.374462e-03,2.024305e-02,7.566943e-01,9.887953e-04,4.534390e-03
6.193654e-02,9.838802e-03,3.380741e-03,1.055052e-03,2.512535e-02,1.664580e-02,1.114610e-03,3.546556e-02,1.524561e-02,5.008718e-04,5.071843e-03,2.022776e-02,7.978308e-01,1.322830e-03,5.237726e-03
4.712812e-02,3.905749e-02,1.460111e-02,9.230092e-04,2.859520e-02,1.633812e-02,1.236352e-03,2.527417e-02,2.876988e-02,1.365754e-03,5.422198e-03,1.918575e-02,7.622584e-01,4.373888e-03,5.470574e-03
3.857400e-02,5.046246e-02,3.052105e-02,1.382671e-03,2.843845e-02,3.599650e-02,1.525694e-03,2.202741e-02,4.682951e-02,3.655045e-03,6.467666e-03,1.744609e-02,6.921123e-01,1.531010e-02,9.251028e-03
3.118004e-02,8.344739e-02,3.214853e-02,1.490116e-03,2.895101e-02,5.153446e-02,1.376628e-03,1.620327e-02,6.843937e-02,4.467155e-03,6.610491e-03,1.490534e-02,6.196196e-01,2.945640e-02,1.017016e-02
3.328556e-02,8.228748e-02,4.658220e-02,1.906611e-03,3.901648e-02,4.442614e-02,2.046578e-03,1.290236e-02,9.140003e-02,5.120487e-03,7.940441e-03,1.655948e-02,5.568484e-01,3.459324e-02,2.508452e-02
3.496348e-02,7.025997e-02,4.973751e-02,2.125451e-03,7.290643e-02,3.845861e-02,5.583120e-03,1.229473e-02,1.117082e-01,5.322233e-03,8.908745e-03,1.556078e-02,5.184563e-01,2.854278e-02,2.517167e-02
3.249183e-02,6.115052e-02,6.700564e-02,3.509038e-03,9.278484e-02,3.221916e-02,8.910220e-03,2.441514e-02,1.511116e-01,8.595699e-03,1.017424e-02,1.453203e-02,4.426588e-01,2.432772e-02,2.611358e-02
3.893986e-02,5.193989e-02,7.408946e-02,8.167772e-03,8.119276e-02,2.783253e-02,7.116674e-03,4.830566e-02,1.749175e-01,4.316660e-02,1.248075e-02,1.129897e-02,3.680218e-01,2.481603e-02,2.771377e-02
3.521781e-02,4.950189e-02,8.698881e-02,8.569185e-03,7.353217e-02,2.706984e-02,5.424688e-03,7.575735e-02,2.100500e-01,6.348602e-02,1.341750e-02,9.101802e-03,2.835487e-01,3.009703e-02,2.823723e-02
2.843796e-02,3.536807e-02,1.329365e-01,7.703708e-03,5.680489e-02,1.998789e-02,3.924456e-03,2.467918e-01,1.551881e-01,4.680666e-02,1.016584e-02,7.253340e-03,2.058513e-01,2.232011e-02,2.045942e-02
2.874592e-02,2.559882e-02,2.568006e-01,1.334752e-02,5.181897e-02,1.662927e-02,2.865376e-03,2.523114e-01,1.263965e-01,3.408290e-02,7.671059e-03,5.274022e-03,1.457950e-01,1.765548e-02,1.500725e-02
2.963277e-02,1.873317e-02,3.628594e-01,1.986440e-02,4.923630e-02,1.320184e-02,2.236841e-03,2.417583e-01,9.887373e-02,2.675742e-02,5.665178e-03,3.808487e-03,1.028779e-01,1.335372e-02,1.114051e-02
2.830554e-02,1.405708e-02,4.923640e-01,2.732061e-02,3.799219e-02,9.918862e-03,1.627688e-03,1.927166e-01,7.678192e-02,2.212984e-02,4.067325e-03,2.734111e-03,7.214704e-02,9.708752e-03,8.128460e-03
2.797087e-02,1.092981e-02,5.706896e-01,2.709794e-02,3.080300e-02,7.765844e-03,1.296012e-03,1.807275e-01,5.718767e-02,1.676778e-02,2.899462e-03,1.963518e-03,5.080432e-02,7.103340e-03,5.993440e-03
3.093914e-02,8.552317e-03,5.734040e-01,2.753714e-02,2.545407e-02,5.747511e-03,9.672080e-04,2.248060e-01,4.097005e-02,1.245786e-02,2.128414e-03,1.409124e-03,3.563067e-02,5.323349e-03,4.673284e-03
3.724083e-02,7.904881e-03,5.555298e-01,3.023828e-02,2.160872e-02,4.641944e-03,7.706138e-04,2.637846e-01,3.012587e-02,1.161962e-02,1.762170e-03,1.159004e-03,2.514406e-02,4.617878e-03,3.851786e-03
3.928350e-02,7.478564e-03,4.789957e-01,3.379931e-02,1.804074e-02,3.807992e-03,6.258338e-04,3.546825e-01,2.284845e-02,1.229564e-02,1.566597e-03,9.852607e-04,1.787464e-02,4.354586e-03,3.360745e-03
5.460577e-02,6.891902e-03,3.741562e-01,5.117231e-02,1.482143e-02,3.988784e-03,8.174605e-04,4.411155e-01,1.847357e-02,1.012124e-02,1.781139e-03,1.379711e-03,1.360327e-02,3.474273e-03,3.597462e-03
9.577832e-02,6.130598e-03,2.900970e-01,7.429400e-02,1.336522e-02,6.107056e-03,1.323431e-03,4.639843e-01,1.521544e-02,8.141623e-03,2.195421e-03,3.006233e-03,1.279479e-02,2.958965e-03,4.607654e-03
1.339854e-01,4.903140e-03,2.099147e-01,6.707818e-02,1.051841e-02,7.437374e-03,1.619663e-03,5.180040e-01,1.222631e-02,6.278371e-03,2.723932e-03,5.122042e-03,1.184362e-02,2.849713e-03,5.495131e-03
1.026220e-01,6.201777e-03,1.610132e-01,8.341072e-02,7.642931e-03,7.818788e-03,1.281167e-03,3.754123e-01,4.384471e-02,6.644154e-03,1.362621e-01,4.977291e-03,1.140184e-02,4.012544e-02,1.134163e-02
7.878588e-02,5.906158e-03,1.219302e-01,1.235162e-01,5.942864e-03,6.101891e-03,1.011842e-03,2.899896e-01,4.195147e-02,6.275042e-03,1.471324e-01,6.458526e-03,8.983279e-03,1.459776e-01,1.003702e-02
7.727995e-02,4.830194e-03,8.796927e-02,9.478065e-02,4.644917e-03,1.619686e-02,9.142804e-04,2.070993e-01,3.398399e-02,5.371288e-03,3.192391e-01,1.004256e-02,7.494804e-03,1.221814e-01,7.971483e-03
6.826930e-02,3.870767e-03,6.315453e-02,6.963902e-02,3.382777e-03,1.493685e-02,7.588167e-04,1.465004e-01,2.684176e-02,4.427585e-03,4.655512e-01,1.845708e-02,6.239424e-03,1.017194e-01,6.251130e-03
4.939633e-02,3.388905e-03,4.493536e-02,5.000921e-02,2.560375e-03,1.230823e-02,5.772171e-04,1.030020e-01,1.978639e-02,3.405093e-03,5.954146e-01,2.719443e-02,4.935243e-03,7.818260e-02,4.904025e-03
3.573476e-02,3.552647e-03,3.245182e-02,3.687207e-02,3.240498e-03,9.461024e-03,4.468478e-04,7.288381e-02,1.625132e-02,2.815874e-03,6.116570e-01,4.507186e-02,4.033732e-03,1.216215e-01,3.905245e-03
2.925396e-02,3.991404e-03,2.407100e-02,2.891070e-02,1.377069e-02,8.541396e-03,4.477310e-04,5.216931e-02,1.454808e-02,2.631639e-03,5.647913e-01,7.941423e-02,4.419130e-03,1.693107e-01,3.728776e-03
2.876358e-02,7.235101e-03,1.864629e-02,2.398473e-02,2.833798e-02,9.872666e-03,5.514137e-04,3.699299e-02,1.322264e-02,3.292901e-03,5.340608e-01,1.029050e-01,3.768080e-03,1.822512e-01,6.114566e-03
3.132445e-02,8.078262e-03,1.563410e-02,2.579400e-02,3.715163e-02,1.375863e-02,5.250497e-04,2.631686e-02,1.148295e-02,3.529494e-03,5.175640e-01,1.333557e-01,3.523168e-03,1.640929e-01,7.868847e-03
3.702582e-02,1.229065e-02,1.685112e-02,2.183329e-02,4.398135e-02,2.239692e-02,5.434124e-04,1.941087e-02,1.198922e-02,3.638736e-03,4.901944e-01,1.522016e-01,3.753616e-03,1.529539e-01,1.093518e-02
7.624438e-02,1.301140e-02,2.007846e-02,1.869940e-02,3.711655e-02,3.534319e-02,6.248129e-04,1.569094e-02,1.151526e-02,3.385450e-03,4.510294e-01,1.512872e-01,4.354009e-03,1.521690e-01,9.450663e-03
9.420806e-02,1.446090e-02,2.035852e-02,1.557001e-02,3.104184e-02,4.673272e-02,8.652960e-04,1.252397e-02,1.150908e-02,3.477451e-03,4.446896e-01,1.530304e-01,5.078903e-03,1.376690e-01,8.784253e-03
1.282514e-01,1.439754e-02,1.844636e-02,1.283394e-02,2.455690e-02,3.996970e-02,1.829072e-03,1.136755e-02,1.096836e-02,4.765400e-03,4.642469e-01,1.428365e-01,4.933238e-03,1.119704e-01,8.626789e-03
1.713142e-01,1.439232e-02,2.006578e-02,1.163980e-02,2.116597e-02,3.520448e-02,2.034082e-03,1.109155e-02,1.166468e-02,6.728836e-03,4.456951e-01,1.264943e-01,4.867850e-03,1.077339e-01,9.907075e-03
1.784912e-01,1.658132e-02,3.442021e-02,1.244010e-02,1.824867e-02,4.519200e-02,1.872618e-03,1.173421e-02,1.356917e-02,9.893491e-03,4.119135e-01,9.993958e-02,4.725951e-03,1.226911e-01,1.828686e-02
1.625466e-01,1.717202e-02,3.466715e-02,1.095340e-02,1.604978e-02,3.473054e-02,1.624016e-03,1.051490e-02,1.426216e-02,1.251894e-02,4.379007e-01,8.038936e-02,3.844674e-03,1.429950e-01,1.983074e-02
1.578118e-01,2.136258e-02,3.689475e-02,1.098750e-02,1.431092e-02,2.610415e-02,1.527802e-03,1.281924e-02,3.181119e-02,1.953476e-02,4.226562e-01,6.653979e-02,3.044152e-03,1.500772e-01,2.451799e-02
1.793824e-01,1.894709e-02,2.890646e-02,1.160510e-02,1.361896e-02,2.517506e-02,1.321427e-03,1.079649e-02,3.736055e-02,1.021110e-01,3.552343e-01,5.075669e-02,2.972595e-03,1.265009e-01,3.531104e-02
1.536750e-01,1.780475e-02,2.139426e-02,1.473830e-02,1.967036e-02,4.706142e-02,1.647200e-03,9.101708e-03,4.938176e-02,1.284590e-01,2.871422e-01,4.055814e-02,3.012524e-03,1.733708e-01,3.298270e-02
1.175433e-01,1.406406e-02,1.624898e-02,1.461666e-02,2.583643e-02,3.744765e-02,1.483858e-03,2.123048e-02,5.572430e-02,2.247673e-01,2.540312e-01,3.597691e-02,4.159093e-03,1.512639e-01,2.560598e-02
8.986433e-02,1.082639e-02,1.455791e-02,1.245273e-02,2.908355e-02,3.848804e-02,1.487941e-03,2.566453e-02,4.908388e-02,3.719784e-01,1.904728e-01,2.680490e-02,4.326656e-03,1.138518e-01,2.105623e-02
7.621735e-02,9.000886e-03,2.778766e-02,1.961486e-02,3.727756e-02,3.999677e-02,1.583539e-03,7.680346e-02,4.501171e-02,3.819532e-01,1.553377e-01,2.310622e-02,5.224704e-03,8.399947e-02,1.708503e-02
6.585579e-02,7.454422e-03,1.441249e-01,4.270855e-02,5.428468e-02,3.200236e-02,2.022738e-03,1.063281e-01,3.597615e-02,3.024144e-01,1.113178e-01,1.887452e-02,4.521852e-03,5.935998e-02,1.275372e-02
5.568079e-02,6.273271e-03,1.841166e-01,3.919722e-02,4.677913e-02,2.374255e-02,4.422843e-03,2.377943e-01,2.785473e-02,2.253886e-01,7.955589e-02,1.445895e-02,3.458604e-03,4.196271e-02,9.313796e-03
6.009362e-02,5.937458e-03,2.775670e-01,3.381034e-02,3.553301e-02,1.921151e-02,6.500925e-03,2.651460e-01,2.091094e-02,1.636593e-01,5.948319e-02,1.134214e-02,3.146091e-03,3.056084e-02,7.097683e-03
5.131283e-02,4.531903e-03,2.801478e-01,3.372024e-02,3.429953e-02,1.447599e-02,5.362181e-03,3.669299e-01,1.497077e-02,1.147088e-01,4.190382e-02,8.183564e-03,2.888557e-03,2.150216e-02,5.062019e-03
4.148846e-02,4.010426e-03,2.680508e-01,3.486913e-02,3.489330e-02,1.326167e-02,4.236381e-03,4.500651e-01,1.086248e-02,8.045398e-02,2.970040e-02,5.931307e-03,2.620840e-03,1.516228e-02,4.393470e-03
3.721375e-02,3.105035e-03,2.105799e-01,3.754190e-02,2.995653e-02,1.136043e-02,7.911192e-03,5.565710e-01,7.882460e-03,5.647951e-02,2.092428e-02,4.345787e-03,2.223125e-03,1.069798e-02,3.207195e-03
3.370830e-02,2.948074e-03,1.667143e-01,5.291925e-02,3.381619e-02,1.303270e-02,2.045808e-02,5.942599e-01,7.100240e-03,3.990724e-02,1.512794e-02,3.399890e-03,5.468722e-03,7.764077e-03,3.375201e-03
2.993008e-02,2.332513e-03,1.532192e-01,4.806984e-02,2.920404e-02,1.051335e-02,4.380600e-02,6.215287e-01,6.549321e-03,2.803295e-02,1.074267e-02,2.503574e-03,5.188287e-03,5.637763e-03,2.741727e-03
2.573105e-02,1.710925e-03,1.252797e-01,3.495336e-02,2.286497e-02,8.040383e-03,1.935741e-01,5.427926e-01,4.907301e-03,1.968858e-02,7.618935e-03,1.844726e-03,4.795747e-03,4.148764e-03,2.048940e-03
2.155562e-02,1.280692e-03,1.000004e-01,2.491735e-02,1.717158e-02,6.202277e-03,3.663677e-01,4.282424e-01,3.715137e-03,1.386628e-02,5.441185e-03,1.425423e-03,5.173027e-03,3.053064e-03,1.587885e-03
1.627582e-02,9.113820e-04,7.151050e-02,1.752145e-02,1.239350e-02,4.498920e-03,5.395614e-01,3.118482e-01,2.775850e-03,9.736137e-03,3.823665e-03,1.057298e-03,4.771886e-03,2.160856e-03,1.153221e-03
1.264458e-02,6.881630e-04,5.117633e-02,1.233293e-02,9.172930e-03,3.461844e-03,6.605120e-01,2.300480e-01,2.043752e-03,6.895897e-03,2.733184e-03,8.427235e-04,4.827130e-03,1.605287e-03,1.015354e-03
9.785783e-03,5.255836e-04,3.711611e-02,8.678040e-03,6.789247e-03,3.083324e-03,7.508490e-01,1.679346e-01,1.525818e-03,4.968020e-03,2.014009e-03,7.479858e-04,3.961311e-03,1.168622e-03,8.526282e-04
4.070685e-02,1.336678e-03,2.761990e-02,6.414169e-03,1.067407e-02,7.184348e-03,7.254925e-01,1.490859e-01,2.320796e-03,7.876459e-03,6.644677e-03,1.974830e-03,5.776073e-03,1.605508e-03,5.287207e-03
7.694448e-02,2.532603e-03,2.074586e-02,5.036642e-03,1.905631e-02,1.553406e-02,6.433561e-01,1.327429e-01,3.191257e-03,3.829599e-02,1.439397e-02,4.241896e-03,7.905771e-03,3.213985e-03,1.280813e-02
6.953526e-02,2.675150e-03,1.499180e-02,3.876357e-03,3.056403e-02,1.327460e-02,5.565351e-01,1.022184e-01,5.637950e-03,8.002122e-02,4.566243e-02,1.020262e-02,1.933880e-02,1.270653e-02,3.275976e-02
6.237973e-02,2.669792e-03,1.147338e-02,3.105750e-03,3.934482e-02,1.208699e-02,4.516837e-01,7.627919e-02,7.178756e-03,1.551395e-01,7.250319e-02,1.413089e-02,2.864817e-02,1.771988e-02,4.565620e-02
5.810354e-02,1.628440e-02,1.102883e-02,3.230950e-03,3.893115e-02,1.021736e-02,3.251413e-01,5.688706e-02,6.567737e-02,1.919196e-01,1.048910e-01,1.406711e-02,3.689405e-02,1.408145e-02,5.264490e-02
5.005194e-02,1.457190e-02,1.355642e-02,1.617078e-02,4.533137e-02,1.549532e-02,2.305087e-01,4.168285e-02,1.955141e-01,1.644141e-01,9.597633e-02,2.913181e-02,3.086882e-02,1.033435e-02,4.639121e-02
3.995059e-02,1.541787e-02,1.438501e-02,9.191303e-02,4.089137e-02,2.337837e-02,1.618576e-01,3.061312e-02,2.405868e-01,1.237814e-01,8.145607e-02,4.134665e-02,4.628108e-02,7.514687e-03,4.062621e-02
3.696207e-02,1.312283e-02,1.327398e-02,7.129741e-02,5.418717e-02,1.949487e-02,1.157914e-01,3.816076e-02,2.656241e-01,9.379130e-02,8.248334e-02,3.156538e-02,1.211658e-01,5.529743e-03,3.754983e-02
4.807539e-02,1.075253e-02,2.022102e-02,5.445482e-02,5.307002e-02,1.555974e-02,8.299699e-02,1.620784e-01,2.147511e-01,6.810489e-02,1.081412e-01,2.618916e-02,9.902108e-02,4.182217e-03,3.240144e-02
5.249820e-02,9.135643e-03,5.951935e-02,4.874764e-02,4.742614e-02,1.629844e-02,6.189590e-02,2.977830e-01,1.566677e-01,4.895063e-02,8.392806e-02,1.915422e-02,7.108581e-02,3.005080e-03,2.390422e-02
7.901151e-02,9.149215e-03,8.687501e-02,3.774698e-02,5.315926e-02,2.038598e-02,5.734349e-02,3.507894e-01,1.180129e-01,3.588235e-02,6.033855e-02,1.395034e-02,5.588568e-02,2.490094e-03,1.897924e-02
6.398013e-02,8.534185e-03,8.594137e-02,2.996123e-02,4.335361e-02,4.838155e-02,4.997966e-02,4.362065e-01,8.390051e-02,3.276664e-02,4.341574e-02,1.071300e-02,4.152011e-02,1.934445e-03,1.941126e-02
7.921114e-02,7.249422e-03,6.840719e-02,2.159711e-02,3.238313e-02,1.430425e-01,3.745637e-02,4.363144e-01,6.075487e-02,2.618456e-02,3.101241e-02,9.152479e-03,2.936941e-02,1.688495e-03,1.617652e-02
7.142725e-02,5.803459e-03,5.009708e-02,1.560042e-02,2.346103e-02,3.544641e-01,2.680746e-02,3.245101e-01,4.396988e-02,1.953887e-02,2.264769e-02,7.993143e-03,2.077172e-02,1.283749e-03,1.162411e-02
6.293475e-02,4.423151e-03,3.560811e-02,1.107365e-02,1.669139e-02,5.263091e-01,1.938355e-02,2.305892e-01,3.102632e-02,1.434539e-02,1.645769e-02,7.224902e-03,1.466359e-02,9.880117e-04,8.281265e-03
9.529047e-02,3.429008e-03,2.536249e-02,8.080943e-03,1.243632e-02,5.993983e-01,1.542937e-02,1.686480e-01,2.214250e-02,1.097531e-02,1.334355e-02,7.734274e-03,1.047883e-02,9.803694e-04,6.270344e-03
1.592517e-01,2.695750e-03,1.827414e-02,6.208783e-03,9.533842e-03,6.061174e-01,1.194772e-02,1.227226e-01,1.588947e-02,9.678153e-03,1.421832e-02,9.648265e-03,7.592773e-03,1.128214e-03,5.092985e-03
1.769352e-01,3.033766e-03,1.339088e-02,5.090666e-03,7.511635e-03,6.343211e-01,9.044911e-03,8.698142e-02,1.129467e-02,7.651259e-03,1.633832e-02,1.545878e-02,6.438044e-03,1.525411e-03,4.984037e-03
1.791094e-01,4.265149e-03,1.027630e-02,4.660195e-03,6.491047e-03,6.584659e-01,7.193546e-03,6.143817e-02,8.073761e-03,5.926060e-03,1.771698e-02,2.247318e-02,6.117337e-03,2.147160e-03,5.645903e-03
1.275679e-01,3.183700e-03,7.406587e-03,3.290866e-03,4.737337e-03,7.393078e-01,5.167087e-03,4.318218e-02,5.677173e-03,4.435514e-03,1.755467e-02,2.818923e-02,4.397912e-03,1.836434e-03,4.065604e-03
9.033705e-02,2.305917e-03,5.318131e-03,2.322858e-03,3.356226e-03,7.082946e-01,3.698103e-03,3.032148e-02,3.986368e-03,3.257510e-03,6.383152e-02,7.532374e-02,3.176865e-03,1.527499e-03,2.942162e-03
6.429459e-02,1.684100e-03,3.875594e-03,1.650209e-03,2.400231e-03,6.045822e-01,2.646414e-03,2.129880e-02,2.807125e-03,2.446594e-03,1.451025e-01,1.412871e-01,2.308293e-03,1.387368e-03,2.228893e-03
4.509925e-02,2.021183e-03,4.562369e-03,1.171175e-03,1.785659e-03,4.263568e-01,1.874459e-03,1.498725e-02,2.063009e-03,1.827364e-03,3.127636e-01,1.806960e-01,1.657755e-03,1.441605e-03,1.692436e-03
3.158921e-02,1.533270e-03,3.641527e-03,8.371409e-04,1.292591e-03,2.995874e-01,1.325680e-03,1.054252e-02,1.509337e-03,1.381328e-03,4.643890e-01,1.786156e-01,1.176198e-03,1.340077e-03,1.239074e-03
2.215344e-02,1.142543e-03,2.716430e-03,6.072597e-04,9.501058e-04,2.111326e-01,9.475911e-04,7.422599e-03,1.153905e-03,1.186892e-03,5.048029e-01,2.429188e-01,8.381139e-04,1.107152e-03,9.196231e-04
1.566691e-02,1.022857e-03,2.340410e-03,4.902989e-04,7.417056e-04,1.483291e-01,6.838038e-04,5.581891e-03,9.570657e-04,1.103826e-03,5.579405e-01,2.622319e-01,6.005179e-04,1.636881e-03,6.722959e-04
1.168425e-02,3.205235e-03,1.259302e-01,1.992666e-03,1.564208e-03,1.056021e-01,1.014226e-03,1.818686e-02,1.009363e-03,1.068181e-03,4.277900e-01,2.985956e-01,4.960778e-04,1.332774e-03,5.282240e-04
1.013321e-02,5.060689e-03,1.300566e-01,2.801519e-03,6.678935e-03,8.202979e-02,3.016253e-03,1.986062e-02,2.402969e-03,2.296057e-03,3.438179e-01,3.875501e-01,9.478825e-04,2.773429e-03,5.741864e-04
7.445921e-03,6.516335e-03,1.060192e-01,2.331381e-03,9.404684e-03,6.112981e-02,2.568748e-03,1.462952e-02,2.506673e-03,7.108191e-03,3.056875e-01,4.678308e-01,1.058231e-03,5.171692e-03,5.913271e-04
5.641564e-03,5.711378e-03,7.885124e-02,1.834662e-03,8.490837e-03,5.328190e-02,2.108986e-03,1.074609e-02,4.371304e-03,1.111189e-02,3.086870e-01,5.011922e-01,9.608816e-04,6.375152e-03,6.349032e-04
4.139558e-03,5.244936e-03,5.699532e-02,1.576914e-03,6.616235e-03,3.931338e-02,1.584244e-03,8.659529e-03,8.009512e-03,1.056441e-02,2.717746e-01,5.756597e-01,8.718410e-04,8.503795e-03,4.860669e-04
3.543695e-03,6.691656e-03,4.261324e-02,2.108124e-03,6.633541e-03,2.835331e-02,1.278133e-03,9.413219e-03,1.999368e-02,1.304757e-02,2.850051e-01,5.705814e-01,7.854255e-04,9.547348e-03,4.046431e-04
5.390635e-03,1.183781e-02,3.363662e-02,4.454151e-03,9.846563e-03,2.166936e-02,1.181453e-03,1.567351e-02,2.573229e-02,2.353739e-02,3.668233e-01,4.567702e-01,1.060894e-03,2.190037e-02,4.854760e-04
1.685948e-02,1.414026e-02,2.496587e-02,7.146756e-03,8.376485e-03,1.916756e-02,9.536521e-04,1.357790e-02,2.835805e-02,3.475041e-02,4.353908e-01,3.632763e-01,1.267525e-03,3.075932e-02,1.009641e-03
4.096657e-02,2.665933e-02,2.012296e-02,9.440910e-03,1.272578e-02,1.969257e-02,9.824608e-04,1.524084e-02,4.002821e-02,4.033247e-02,4.521009e-01,2.792663e-01,1.256023e-03,3.874251e-02,2.442283e-03
6.793325e-02,3.938847e-02,1.701177e-02,2.272921e-02,1.836139e-02,1.738172e-02,1.754010e-03,2.430219e-02,6.361742e-02,3.713112e-02,4.139091e-01,2.258515e-01,2.234633e-03,4.123294e-02,7.161304e-03
8.140364e-02,3.806234e-02,1.785775e-02,2.052781e-02,2.222899e-02,1.897081e-02,2.888949e-03,3.143274e-02,6.345531e-02,3.713657e-02,4.288899e-01,1.877664e-01,2.437594e-03,3.925112e-02,7.690078e-03
1.223774e-01,4.233656e-02,1.485864e-02,4.751159e-02,3.005878e-02,1.684071e-02,2.959068e-03,3.248961e-02,1.072605e-01,3.468039e-02,3.578786e-01,1.436410e-01,3.694217e-03,3.268392e-02,1.072911e-02
1.220442e-01,4.449864e-02,1.139698e-02,4.879629e-02,3.179646e-02,1.639933e-02,2.396006e-03,2.807824e-02,1.857408e-01,3.320368e-02,3.131204e-01,1.125207e-01,3.462498e-03,2.815972e-02,1.838617e-02
1.158836e-01,4.666528e-02,8.906411e-03,4.675201e-02,5.551103e-02,1.895578e-02,1.906973e-03,2.567714e-02,2.833221e-01,2.621732e-02,2.387438e-01,8.437235e-02,3.375110e-03,2.142699e-02,2.228412e-02
1.209313e-01,4.569986e-02,7.082455e-03,6.259103e-02,8.335686e-02,2.941347e-02,1.530779e-03,2.362065e-02,3.165105e-01,2.175658e-02,1.761489e-01,6.221871e-02,3.272369e-03,1.924383e-02,2.662268e-02
1.075506e-01,3.638349e-02,6.014376e-03,2.211282e-01,1.085190e-01,2.243802e-02,1.420064e-03,3.658483e-02,2.382013e-01,1.587324e-02,1.246976e-01,4.466273e-02,2.514519e-03,1.395570e-02,2.005637e-02
1.908651e-01,3.601628e-02,1.171877e-02,1.948454e-01,9.474459e-02,2.069799e-02,1.589698e-03,2.824072e-02,2.367155e-01,1.245515e-02,9.241077e-02,3.519374e-02,2.428741e-03,1.154361e-02,3.053387e-02
2.593701e-01,3.397821e-02,1.130368e-02,1.505030e-01,1.030908e-01,2.603522e-02,1.543232e-03,2.284785e-02,2.470940e-01,9.068103e-03,6.844965e-02,2.829481e-02,3.210803e-03,9.970951e-03,2.523939e-02
3.412008e-01,2.760394e-02,1.423245e-02,1.249417e-01,1.100234e-01,2.191086e-02,1.971571e-03,1.951023e-02,2.223355e-01,6.873853e-03,5.145065e-02,2.527648e-02,3.778400e-03,8.662026e-03,2.022806e-02
3.677095e-01,2.251101e-02,3.763377e-02,1.397597e-01,1.021412e-01,1.945632e-02,2.689932e-03,1.831382e-02,1.926219e-01,5.168979e-03,4.017565e-02,2.296170e-02,3.995726e-03,6.952126e-03,1.790850e-02
3.541709e-01,2.615739e-02,3.866456e-02,1.586573e-01,9.364491e-02,2.411008e-02,2.623489e-03,1.745892e-02,1.931261e-01,4.554586e-03,3.490697e-02,2.094286e-02,5.073852e-03,6.329147e-03,1.957896e-02
4.037532e-01,2.601881e-02,4.016988e-02,1.365371e-01,7.535978e-02,5.507188e-02,3.539362e-03,1.631775e-02,1.668274e-01,3.471720e-03,2.617613e-02,1.872913e-02,5.704693e-03,5.950018e-03,1.637314e-02
4.542100e-01,2.018332e-02,4.996958e-02,1.172283e-01,5.574299e-02,8.663504e-02,6.286639e-03,1.999174e-02,1.258404e-01,2.641840e-03,2.026986e-02,1.720613e-02,5.431099e-03,5.097905e-03,1.326511e-02
3.692578e-01,1.472222e-02,1.507109e-01,1.303991e-01,4.100933e-02,6.439956e-02,1.087916e-02,8.012739e-02,9.045260e-02,2.128854e-03,1.496530e-02,1.256763e-02,4.609950e-03,3.843911e-03,9.926301e-03
3.551593e-01,1.242275e-02,1.760646e-01,1.056553e-01,3.480880e-02,5.570264e-02,4.239412e-02,1.021916e-01,6.469677e-02,2.586104e-03,1.354738e-02,1.371452e-02,7.023930e-03,4.199459e-03,9.832746e-03
3.513304e-01,1.079144e-02,1.976998e-01,9.816591e-02,2.832158e-02,4.937179e-02,5.994155e-02,1.073407e-01,4.640602e-02,3.791882e-03,1.200095e-02,1.288417e-02,8.311613e-03,4.073876e-03,9.568347e-03
4.133662e-01,9.773072e-03,1.781619e-01,7.438864e-02,2.218171e-02,4.259702e-02,6.368268e-02,9.285283e-02,3.396741e-02,6.277661e-03,1.126338e-02,1.521756e-02,7.850611e-03,6.542344e-03,2.187700e-02
3.914243e-01,1.283878e-02,1.705748e-01,7.028084e-02,1.923300e-02,4.164048e-02,8.039218e-02,8.656219e-02,2.506062e-02,1.422487e-02,1.209276e-02,1.742616e-02,8.472861e-03,1.060207e-02,3.917407e-02
3.257097e-01,1.400998e-02,1.658701e-01,7.302848e-02,1.748987e-02,4.392032e-02,6.530926e-02,7.624322e-02,2.160931e-02,5.240996e-02,2.487713e-02,2.419644e-02,7.961454e-03,2.304892e-02,6.431580e-02
3.025581e-01,1.780068e-02,1.487174e-01,6.239880e-02,1.777437e-02,4.657473e-02,6.283735e-02,6.726649e-02,1.989523e-02,5.724390e-02,2.827628e-02,2.624950e-02,7.560801e-03,2.973671e-02,1.051097e-01
3.408371e-01,1.833950e-02,1.255034e-01,5.188235e-02,1.773963e-02,4.508400e-02,6.203341e-02,6.324378e-02,1.691137e-02,4.787354e-02,2.883464e-02,2.611463e-02,8.270582e-03,2.950519e-02,1.178269e-01
3.702849e-01,1.848510e-02,1.175616e-01,4.029268e-02,1.851973e-02,4.282469e-02,6.578053e-02,5.540591e-02,1.395292e-02,4.534721e-02,2.631948e-02,2.218283e-02,8.043387e-03,2.708788e-02,1.279112e-01
3.768880e-01,1.898369e-02,1.141458e-01,3.321882e-02,1.953584e-02,4.087061e-02,8.331104e-02,5.247956e-02,1.275540e-02,4.460672e-02,2.697333e-02,2.114068e-02,7.722115e-03,2.529611e-02,1.220722e-01
4.521211e-01,2.002603e-02,9.695480e-02,2.918055e-02,1.923763e-02,3.741258e-02,6.838536e-02,5.269504e-02,1.286114e-02,3.610797e-02,2.396288e-02,2.298730e-02,7.546405e-03,2.196756e-02,9.855363e-02
4.279090e-01,1.943958e-02,7.758912e-02,3.077324e-02,1.720496e-02,4.337973e-02,5.023511e-02,4.362104e-02,4.003807e-02,4.236713e-02,2.286202e-02,1.988009e-02,9.627054e-03,2.357586e-02,1.314980e-01
3.898445e-01,1.645377e-02,7.108219e-02,2.287618e-02,1.586230e-02,4.762539e-02,3.617050e-02,3.412235e-02,5.681090e-02,4.422167e-02,2.521908e-02,1.468351e-02,1.032707e-02,4.732169e-02,1.673789e-01
3.020506e-01,1.427301e-02,5.126662e-02,1.664992e-02,2.726133e-02,3.653840e-02,2.560385e-02,2.528221e-02,1.701528e-01,3.883964e-02,3.764586e-02,1.063294e-02,1.359336e-02,3.887489e-02,1.913346e-01
3.062289e-01,1.282879e-02,3.689532e-02,1.338280e-02,2.538992e-02,2.804822e-02,1.839250e-02,1.920827e-02,1.705568e-01,3.381809e-02,3.178759e-02,7.945899e-03,1.215485e-02,3.533287e-02,2.480293e-01
