1.000000e+00,0.000000e+00,0.000000e+00,0.000000e+00,0.000000e+00,0.000000e+00,0.000000e+00,0.000000e+00,0.000000e+00,0.000000e+00,0.000000e+00,0.000000e+00,0.000000e+00,0.000000e+00,0.000000e+00
1.000000e+00,0.000000e+00,0.000000e+00,0.000000e+00,0.000000e+00,0.000000e+00,0.000000e+00,0.000000e+00,0.000000e+00,0.000000e+00,0.000000e+00,0.000000e+00,0.000000e+00,0.000000e+00,0.000000e+00
1.000000e+00,0.000000e+00,0.000000e+00,0.000000e+00,0.000000e+00,0.000000e+00,0.000000e+00,0.000000e+00,0.000000e+00,0.000000e+00,0.000000e+00,0.000000e+00,0.000000e+00,0.000000e+00,0.000000e+00
1.000000e+00,0.000000e+00,0.000000e+00,0.000000e+00,0.000000e+00,0.000000e+00,0.000000e+00,0.000000e+00,0.000000e+00,0.000000e+00,0.000000e+00,0.000000e+00,0.000000e+00,0.000000e+00,0.000000e+00
1.000000e+00,0.000000e+00,0.000000e+00,0.000000e+00,0.000000e+00,0.000000e+00,0.000000e+00,0.000000e+00,0.000000e+00,0.000000e+00,0.000000e+00,0.000000e+00,0.000000e+00,0.000000e+00,0.000000e+00
1.000000e+00,0.000000e+00,0.000000e+00,0.000000e+00,0.000000e+00,0.000000e+00,0.000000e+00,0.000000e+00,0.000000e+00,0.000000e+00,0.000000e+00,0.000000e+00,0.000000e+00,0.000000e+00,0.000000e+00
1.000000e+00,0.000000e+00,0.000000e+00,0.000000e+00,0.000000e+00,0.000000e+00,0.000000e+00,0.000000e+00,0.000000e+00,0.000000e+00,0.000000e+00,0.000000e+00,0.000000e+00,0.000000e+00,0.000000e+00
1.000000e+00,0.000000e+00,0.000000e+00,0.000000e+00,0.000000e+00,0.000000e+00,0.000000e+00,0.000000e+00,0.000000e+00,0.000000e+00,0.000000e+00,0.000000e+00,0.000000e+00,0.000000e+00,0.000000e+00
1.000000e+00,0.000000e+00,0.000000e+00,0.000000e+00,0.000000e+00,0.000000e+00,0.000000e+00,0.000000e+00,0.000000e+00,0.000000e+00,0.000000e+00,0.000000e+00,0.000000e+00,0.000000e+00,0.000000e+00
1.000000e+00,0.000000e+00,0.000000e+00,0.000000e+00,0.000000e+00,0.000000e+00,0.000000e+00,0.000000e+00,0.000000e+00,0.000000e+00,0.000000e+00,0.000000e+00,0.000000e+00,0.000000e+00,0.000000e+00
1.000000e+00,0.000000e+00,0.000000e+00,0.000000e+00,0.000000e+00,0.000000e+00,0.000000e+00,0.000000e+00,0.000000e+00,0.000000e+00,0.000000e+00,0.000000e+00,0.000000e+00,0.000000e+00,0.000000e+00
1.000000e+00,0.000000e+00,0.000000e+00,0.000000e+00,0.000000e+00,0.000000e+00,0.000000e+00,0.000000e+00,0.000000e+00,0.000000e+00,0.000000e+00,0.000000e+00,0.000000e+00,0.000000e+00,0.000000e+00
1.000000e+00,0.000000e+00,0.000000e+00,0.000000e+00,0.000000e+00,0.000000e+00,0.000000e+00,0.000000e+00,0.000000e+00,0.000000e+00,0.000000e+00,0.000000e+00,0.000000e+00,0.000000e+00,0.000000e+00
1.000000e+00,0.000000e+00,0.000000e+00,0.000000e+00,0.000000e+00,0.000000e+00,0.000000e+00,0.000000e+00,0.000000e+00,0.000000e+00,0.000000e+00,0.000000e+00,0.000000e+00,0.000000e+00,0.000000e+00
1.000000e+00,0.000000e+00,0.000000e+00,0.000000e+00,0.000000e+00,0.000000e+00,0.000000e+00,0.000000e+00,0.000000e+00,0.000000e+00,0.000000e+00,0.000000e+00,0.000000e+00,0.000000e+00,0.000000e+00
1.000000e+00,0.000000e+00,0.000000e+00,0.000000e+00,0.000000e+00,0.000000e+00,0.000000e+00,0.000000e+00,0.000000e+00,0.000000e+00,0.000000e+00,0.000000e+00,0.000000e+00,0.000000e+00,0.000000e+00
1.000000e+00,0.000000e+00,0.000000e+00,0.000000e+00,0.000000e+00,0.000000e+00,0.000000e+00,0.000000e+00,0.000000e+00,0.000000e+00,0.000000e+00,0.000000e+00,0.000000e+00,0.000000e+00,0.000000e+00
1.000000e+00,0.000000e+00,0.000000e+00,0.000000e+00,0.000000e+00,0.000000e+00,0.000000e+00,0.000000e+00,0.000000e+00,0.000000e+00,0.000000e+00,0.000000e+00,0.000000e+00,0.000000e+00,0.000000e+00
1.000000e+00,0.000000e+00,0.000000e+00,0.000000e+00,0.000000e+00,0.000000e+00,0.000000e+00,0.000000e+00,0.000000e+00,0.000000e+00,0.000000e+00,0.000000e+00,0.000000e+00,0.000000e+00,0.000000e+00
1.000000e+00,0.000000e+00,0.000000e+00,0.000000e+00,0.000000e+00,0.000000e+00,0.000000e+00,0.000000e+00,0.000000e+00,0.000000e+00,0.000000e+00,0.000000e+00,0.000000e+00,0.000000e+00,0.000000e+00
1.000000e+00,0.000000e+00,0.000000e+00,0.000000e+00,0.000000e+00,0.000000e+00,0.000000e+00,0.000000e+00,0.000000e+00,0.000000e+00,0.000000e+00,0.000000e+00,0.000000e+00,0.000000e+00,0.000000e+00
1.000000e+00,0.000000e+00,0.000000e+00,0.000000e+00,0.000000e+00,0.000000e+00,0.000000e+00,0.000000e+00,0.000000e+00,0.000000e+00,0.000000e+00,0.000000e+00,0.000000e+00,0.000000e+00,0.000000e+00
1.000000e+00,0.000000e+00,0.000000e+00,0.000000e+00,0.000000e+00,0.000000e+00,0.000000e+00,0.000000e+00,0.000000e+00,0.000000e+00,0.000000e+00,0.000000e+00,0.000000e+00,0.000000e+00,0.000000e+00
1.000000e+00,0.000000e+00,0.000000e+00,0.000000e+00,0.000000e+00,0.000000e+00,0.000000e+00,0.000000e+00,0.000000e+00,0.000000e+00,0.000000e+00,0.000000e+00,0.000000e+00,0.000000e+00,0.000000e+00
1.000000e+00,0.000000e+00,0.000000e+00,0.000000e+00,0.000000e+00,0.000000e+00,0.000000e+00,0.000000e+00,0.000000e+00,0.000000e+00,0.000000e+00,0.000000e+00,0.000000e+00,0.000000e+00,0.000000e+00
1.000000e+00,0.000000e+00,0.000000e+00,0.000000e+00,0.000000e+00,0.000000e+00,0.000000e+00,0.000000e+00,0.000000e+00,0.000000e+00,0.000000e+00,0.000000e+00,0.000000e+00,0.000000e+00,0.000000e+00
1.000000e+00,0.000000e+00,0.000000e+00,0.000000e+00,0.000000e+00,0.000000e+00,0.000000e+00,0.000000e+00,0.000000e+00,0.000000e+00,0.000000e+00,0.000000e+00,0.000000e+00,0.000000e+00,0.000000e+00
1.000000e+00,0.000000e+00,0.000000e+00,0.000000e+00,0.000000e+00,0.000000e+00,0.000000e+00,0.000000e+00,0.000000e+00,0.000000e+00,0.000000e+00,0.000000e+00,0.000000e+00,0.000000e+00,0.000000e+00
1.000000e+00,0.000000e+00,0.000000e+00,0.000000e+00,0.000000e+00,0.000000e+00,0.000000e+00,0.000000e+00,0.000000e+00,0.000000e+00,0.000000e+00,0.000000e+00,0.000000e+00,0.000000e+00,0.000000e+00
1.000000e+00,0.000000e+00,0.000000e+00,0.000000e+00,0.000000e+00,0.000000e+00,0.000000e+00,0.000000e+00,0.000000e+00,0.000000e+00,0.000000e+00,0.000000e+00,0.000000e+00,0.000000e+00,0.000000e+00
1.000000e+00,0.000000e+00,0.000000e+00,0.000000e+00,0.000000e+00,0.000000e+00,0.000000e+00,0.000000e+00,0.000000e+00,0.000000e+00,0.000000e+00,0.000000e+00,0.000000e+00,0.000000e+00,0.000000e+00
1.000000e+00,0.000000e+00,0.000000e+00,0.000000e+00,0.000000e+00,0.000000e+00,0.000000e+00,0.000000e+00,0.000000e+00,0.000000e+00,0.000000e+00,0.000000e+00,0.000000e+00,0.000000e+00,0.000000e+00
1.000000e+00,0.000000e+00,0.000000e+00,0.000000e+00,0.000000e+00,0.000000e+00,0.000000e+00,0.000000e+00,0.000000e+00,0.000000e+00,0.000000e+00,0.000000e+00,0.000000e+00,0.000000e+00,0.000000e+00
1.000000e+00,0.000000e+00,0.000000e+00,0.000000e+00,0.000000e+00,0.000000e+00,0.000000e+00,0.000000e+00,0.000000e+00,0.000000e+00,0.000000e+00,0.000000e+00,0.000000e+00,0.000000e+00,0.000000e+00
1.000000e+00,0.000000e+00,0.000000e+00,0.000000e+00,0.000000e+00,0.000000e+00,0.000000e+00,0.000000e+00,0.000000e+00,0.000000e+00,0.000000e+00,0.000000e+00,0.000000e+00,0.000000e+00,0.000000e+00
1.000000e+00,0.000000e+00,0.000000e+00,0.000000e+00,0.000000e+00,0.000000e+00,0.000000e+00,0.000000e+00,0.000000e+00,0.000000e+00,0.000000e+00,0.000000e+00,0.000000e+00,0.000000e+00,0.000000e+00
1.000000e+00,0.000000e+00,0.000000e+00,0.000000e+00,0.000000e+00,0.000000e+00,0.000000e+00,0.000000e+00,0.000000e+00,0.000000e+00,0.000000e+00,0.000000e+00,0.000000e+00,0.000000e+00,0.000000e+00
1.000000e+00,0.000000e+00,0.000000e+00,0.000000e+00,0.000000e+00,0.000000e+00,0.000000e+00,0.000000e+00,0.000000e+00,0.000000e+00,0.000000e+00,0.000000e+00,0.000000e+00,0.000000e+00,0.000000e+00
1.000000e+00,0.000000e+00,0.000000e+00,0.000000e+00,0.000000e+00,0.000000e+00,0.000000e+00,0.000000e+00,0.000000e+00,0.000000e+00,0.000000e+00,0.000000e+00,0.000000e+00,0.000000e+00,0.000000e+00
1.000000e+00,0.000000e+00,0.000000e+00,0.000000e+00,0.000000e+00,0.000000e+00,0.000000e+00,0.000000e+00,0.000000e+00,0.000000e+00,0.000000e+00,0.000000e+00,0.000000e+00,0.000000e+00,0.000000e+00
1.000000e+00,0.000000e+00,0.000000e+00,0.000000e+00,0.000000e+00,0.000000e+00,0.000000e+00,0.000000e+00,0.000000e+00,0.000000e+00,0.000000e+00,0.000000e+00,0.000000e+00,0.000000e+00,0.000000e+00
1.000000e+00,0.000000e+00,0.000000e+00,0.000000e+00,0.000000e+00,0.000000e+00,0.000000e+00,0.000000e+00,0.000000e+00,0.000000e+00,0.000000e+00,0.000000e+00,0.000000e+00,0.000000e+00,0.000000e+00
1.000000e+00,0.000000e+00,0.000000e+00,0.000000e+00,0.000000e+00,0.000000e+00,0.000000e+00,0.000000e+00,0.000000e+00,0.000000e+00,0.000000e+00,0.000000e+00,0.000000e+00,0.000000e+00,0.000000e+00
1.000000e+00,0.000000e+00,0.000000e+00,0.000000e+00,0.000000e+00,0.000000e+00,0.000000e+00,0.000000e+00,0.000000e+00,0.000000e+00,0.000000e+00,0.000000e+00,0.000000e+00,0.000000e+00,0.000000e+00
1.000000e+00,0.000000e+00,0.000000e+00,0.000000e+00,0.000000e+00,0.000000e+00,0.000000e+00,0.000000e+00,0.000000e+00,0.000000e+00,0.000000e+00,0.000000e+00,0.000000e+00,0.000000e+00,0.000000e+00
1.000000e+00,0.000000e+00,0.000000e+00,0.000000e+00,0.000000e+00,0.000000e+00,0.000000e+00,0.000000e+00,0.000000e+00,0.000000e+00,0.000000e+00,0.000000e+00,0.000000e+00,0.000000e+00,0.000000e+00
1.000000e+00,0.000000e+00,0.000000e+00,0.000000e+00,0.000000e+00,0.000000e+00,0.000000e+00,0.000000e+00,0.000000e+00,0.000000e+00,0.000000e+00,0.000000e+00,0.000000e+00,0.000000e+00,0.000000e+00
1.000000e+00,0.000000e+00,0.000000e+00,0.000000e+00,0.000000e+00,0.000000e+00,0.000000e+00,0.000000e+00,0.000000e+00,0.000000e+00,0.000000e+00,0.000000e+00,0.000000e+00,0.000000e+00,0.000000e+00
1.000000e+00,0.000000e+00,0.000000e+00,0.000000e+00,0.000000e+00,0.000000e+00,0.000000e+00,0.000000e+00,0.000000e+00,0.000000e+00,0.000000e+00,0.000000e+00,0.000000e+00,0.000000e+00,0.000000e+00
1.000000e+00,0.000000e+00,0.000000e+00,0.000000e+00,0.000000e+00,0.000000e+00,0.000000e+00,0.000000e+00,0.000000e+00,0.000000e+00,0.000000e+00,0.000000e+00,0.000000e+00,0.000000e+00,0.000000e+00
1.000000e+00,0.000000e+00,0.000000e+00,0.000000e+00,0.000000e+00,0.000000e+00,0.000000e+00,0.000000e+00,0.000000e+00,0.000000e+00,0.000000e+00,0.000000e+00,0.000000e+00,0.000000e+00,0.000000e+00
1.000000e+00,0.000000e+00,0.000000e+00,0.000000e+00,0.000000e+00,0.000000e+00,0.000000e+00,0.000000e+00,0.000000e+00,0.000000e+00,0.000000e+00,0.000000e+00,0.000000e+00,0.000000e+00,0.000000e+00
1.000000e+00,0.000000e+00,0.000000e+00,0.000000e+00,0.000000e+00,0.000000e+00,0.000000e+00,0.000000e+00,0.000000e+00,0.000000e+00,0.000000e+00,0.000000e+00,0.000000e+00,0.000000e+00,0.000000e+00
1.000000e+00,0.000000e+00,0.000000e+00,0.000000e+00,0.000000e+00,0.000000e+00,0.000000e+00,0.000000e+00,0.000000e+00,0.000000e+00,0.000000e+00,0.000000e+00,0.000000e+00,0.000000e+00,0.000000e+00
1.000000e+00,0.000000e+00,0.000000e+00,0.000000e+00,0.000000e+00,0.000000e+00,0.000000e+00,0.000000e+00,0.000000e+00,0.000000e+00,0.000000e+00,0.000000e+00,0.000000e+00,0.000000e+00,0.000000e+00
1.000000e+00,0.000000e+00,0.000000e+00,0.000000e+00,0.000000e+00,0.000000e+00,0.000000e+00,0.000000e+00,0.000000e+00,0.000000e+00,0.000000e+00,0.000000e+00,0.000000e+00,0.000000e+00,0.000000e+00
1.000000e+00,0.000000e+00,0.000000e+00,0.000000e+00,0.000000e+00,0.000000e+00,0.000000e+00,0.000000e+00,0.000000e+00,0.000000e+00,0.000000e+00,0.000000e+00,0.000000e+00,0.000000e+00,0.000000e+00
4.064431e-01,1.746998e-02,2.923699e-02,1.143448e-01,1.157073e-02,9.052012e-03,2.093375e-03,3.443460e-01,5.083660e-03,1.365079e-03,2.028336e-02,1.067964e-02,8.784072e-03,6.275142e-03,1.297200e-02
3.129185e-01,1.644471e-02,5.498278e-02,9.207306e-02,1.064937e-02,1.119231e-02,2.673317e-03,4.272916e-01,6.220391e-03,1.762558e-03,2.130768e-02,1.034721e-02,8.764748e-03,1.018785e-02,1.318398e-02
2.517254e-01,1.315422e-02,4.530589e-02,6.906084e-02,9.287490e-03,1.190929e-02,2.376406e-03,5.294743e-01,7.118423e-03,2.799392e-03,1.942192e-02,8.460461e-03,7.096088e-03,1.132930e-02,1.148054e-02
2.100666e-01,1.022359e-02,3.219798e-02,5.475606e-02,9.669641e-03,1.045511e-02,2.071079e-03,4.361910e-01,1.265702e-02,3.441498e-03,7.962328e-02,8.025515e-02,3.261517e-02,1.706050e-02,8.716253e-03
1.495224e-01,7.270715e-03,2.278223e-02,4.162549e-02,7.284713e-03,8.465450e-03,1.640833e-03,3.275074e-01,9.986415e-03,3.266621e-03,1.004180e-01,2.648003e-01,2.978014e-02,1.926956e-02,6.379778e-03
1.056311e-01,5.178316e-03,1.596956e-02,3.072017e-02,5.287301e-03,6.130831e-03,1.161514e-03,2.310272e-01,9.175827e-03,3.315883e-03,1.221236e-01,4.124475e-01,3.104319e-02,1.617793e-02,4.610117e-03
7.610609e-02,3.759875e-03,1.119415e-02,2.240302e-02,3.959280e-03,4.458421e-03,8.530391e-04,1.625305e-01,1.417600e-02,3.230190e-03,1.356202e-01,5.174021e-01,2.773586e-02,1.323238e-02,3.339024e-03
5.369487e-02,3.096035e-03,8.080798e-03,1.641704e-02,6.650641e-03,3.253459e-03,7.000251e-04,1.164506e-01,4.508111e-02,2.738952e-03,1.076677e-01,5.759802e-01,4.774953e-02,9.995011e-03,2.444040e-03
3.870412e-02,4.206308e-03,6.089161e-03,1.197783e-02,6.616135e-03,2.633354e-03,5.518157e-04,8.238138e-02,8.579029e-02,2.327045e-03,8.333807e-02,5.902294e-01,7.444833e-02,8.478710e-03,2.228014e-03
3.069131e-02,4.012709e-03,5.166953e-03,1.038852e-02,1.612386e-02,2.723641e-03,6.352144e-04,6.798951e-02,9.130191e-02,2.238444e-03,7.155365e-02,6.081316e-01,7.554550e-02,1.153639e-02,1.960753e-03
2.700673e-02,5.930406e-03,7.447290e-03,2.074707e-02,1.733080e-02,1.489545e-02,9.697122e-04,1.182095e-01,9.176796e-02,2.685781e-03,7.245469e-02,5.400748e-01,6.546801e-02,1.294283e-02,2.068961e-03
2.473947e-02,5.749128e-03,6.559662e-03,2.909369e-02,2.894282e-02,1.678849e-02,9.123549e-04,1.436500e-01,9.879527e-02,2.331568e-03,1.201274e-01,4.548230e-01,5.467460e-02,1.115815e-02,1.654372e-03
2.263092e-02,8.916701e-03,8.473298e-03,2.585034e-02,5.864361e-02,1.792474e-02,9.789941e-04,1.376873e-01,1.389032e-01,3.080109e-03,1.305179e-01,3.788728e-01,5.123587e-02,1.454766e-02,1.736584e-03
5.267301e-02,1.787911e-02,1.213026e-02,2.492291e-02,9.127710e-02,2.775335e-02,1.273347e-03,1.783373e-01,1.374916e-01,5.903782e-03,1.014624e-01,2.786986e-01,4.702685e-02,2.135785e-02,1.812614e-03
7.685263e-02,2.921891e-02,2.010772e-02,2.923853e-02,9.238771e-02,4.294189e-02,1.772091e-03,1.786689e-01,1.426998e-01,6.610617e-03,9.158856e-02,2.016406e-01,4.439306e-02,3.930651e-02,2.572383e-03
1.070856e-01,2.871585e-02,1.759371e-02,2.475831e-02,7.203907e-02,3.436641e-02,2.021973e-03,1.361750e-01,1.864820e-01,7.380228e-03,7.887801e-02,1.443162e-01,4.128174e-02,1.132061e-01,5.699870e-03
1.251000e-01,3.299729e-02,1.937927e-02,3.104189e-02,6.529255e-02,3.205791e-02,2.910506e-03,1.181559e-01,2.519953e-01,7.302452e-03,6.812110e-02,1.035558e-01,3.600435e-02,9.869379e-02,7.391951e-03
1.755770e-01,2.907071e-02,1.722350e-02,2.871436e-02,5.047479e-02,3.031956e-02,3.109610e-03,8.916356e-02,2.795973e-01,7.866332e-03,6.653915e-02,7.728373e-02,4.033899e-02,8.849704e-02,1.622443e-02
2.854735e-01,2.441242e-02,1.494832e-02,2.683632e-02,3.978160e-02,2.604581e-02,3.232789e-03,6.687135e-02,2.568964e-01,6.828370e-03,6.062675e-02,5.684393e-02,3.806280e-02,7.811844e-02,1.502126e-02
3.096691e-01,2.702019e-02,1.485651e-02,2.235397e-02,3.038337e-02,2.280571e-02,3.084126e-03,5.075450e-02,2.891726e-01,7.084965e-03,5.418150e-02,4.269406e-02,3.343543e-02,7.709838e-02,1.540561e-02
2.580855e-01,2.875014e-02,1.328007e-02,2.203676e-02,4.573494e-02,1.930214e-02,2.734500e-03,8.954287e-02,3.200240e-01,7.267352e-03,5.128584e-02,3.249347e-02,2.804018e-02,6.711399e-02,1.430821e-02
2.527892e-01,2.843205e-02,1.167070e-02,1.992522e-02,4.873243e-02,1.817031e-02,2.460313e-03,1.897558e-01,2.554770e-01,6.862646e-03,4.145335e-02,3.004327e-02,2.531147e-02,5.274316e-02,1.617315e-02
2.253510e-01,2.147420e-02,1.062836e-02,1.777582e-02,4.343716e-02,1.669867e-02,2.267067e-03,3.348708e-01,1.837031e-01,5.498842e-03,3.290762e-02,2.865263e-02,2.131628e-02,3.790397e-02,1.751451e-02
1.788391e-01,1.541082e-02,7.838634e-03,1.300809e-02,3.388357e-02,1.482230e-02,2.333390e-03,5.019423e-01,1.289574e-01,3.901895e-03,2.327142e-02,2.069158e-02,1.554746e-02,2.684849e-02,1.270362e-02
1.431183e-01,1.114203e-02,5.668063e-03,9.731221e-03,3.097741e-02,1.224750e-02,1.918021e-03,6.216905e-01,9.039019e-02,2.750306e-03,1.645104e-02,1.476145e-02,1.117142e-02,1.897969e-02,9.002942e-03
1.356055e-01,8.392923e-03,4.246646e-03,7.915623e-03,2.324955e-02,1.520317e-02,2.780771e-03,6.800945e-01,6.342594e-02,1.962874e-03,1.218137e-02,1.369217e-02,1.055262e-02,1.355730e-02,7.139120e-03
1.247566e-01,6.288768e-03,3.190180e-03,6.390180e-03,1.838474e-02,1.860975e-02,3.911966e-03,7.256515e-01,4.454010e-02,1.414205e-03,9.037307e-03,1.221635e-02,1.029296e-02,9.782596e-03,5.532874e-03
9.719784e-02,4.551494e-03,2.310506e-03,4.777931e-03,1.445950e-02,1.504285e-02,3.220474e-03,7.916104e-01,3.127950e-02,1.002564e-03,6.558107e-03,9.213491e-03,7.771883e-03,7.038272e-03,3.965186e-03
7.227191e-02,3.233781e-03,1.690579e-03,3.482072e-03,1.096085e-02,1.079762e-02,2.372283e-03,8.479526e-01,2.195875e-02,7.132823e-04,4.691299e-03,6.504169e-03,5.509806e-03,5.068669e-03,2.792330e-03
5.623673e-02,2.317137e-03,1.272342e-03,2.594156e-03,8.468244e-03,7.825430e-03,1.750015e-03,8.859023e-01,1.544338e-02,5.171415e-04,3.433780e-03,4.650164e-03,3.963559e-03,3.646867e-03,1.978722e-03
5.902721e-02,1.735179e-03,1.148583e-03,2.147609e-03,6.692268e-03,6.342047e-03,1.505707e-03,8.961533e-01,1.098432e-02,4.205452e-04,2.767597e-03,3.768344e-03,3.146151e-03,2.617787e-03,1.543272e-03
6.293623e-02,1.343002e-03,1.150019e-03,1.863159e-03,5.949015e-03,5.169743e-03,1.427427e-03,9.005055e-01,7.868926e-03,4.109741e-04,2.296240e-03,3.281131e-03,2.664786e-03,1.877023e-03,1.256659e-03
5.000783e-02,1.015638e-03,1.595403e-03,1.655251e-03,5.191153e-03,3.953243e-03,1.634566e-03,9.200587e-01,5.584626e-03,3.501847e-04,1.756888e-03,2.666704e-03,2.169472e-03,1.357578e-03,1.002647e-03
5.890905e-02,8.319782e-04,1.285056e-03,1.998462e-03,6.072695e-03,2.929172e-03,1.263210e-03,9.135391e-01,4.485794e-03,3.338420e-04,1.597943e-03,2.745473e-03,2.243115e-03,9.968214e-04,7.682831e-04
7.237647e-02,7.738078e-04,1.110298e-03,2.314705e-03,5.483382e-03,2.314251e-03,9.875119e-04,8.809152e-01,7.534312e-03,4.543092e-04,3.542737e-03,9.115070e-03,1.137738e-02,9.877419e-04,7.127721e-04
6.910682e-02,8.229889e-04,8.237653e-04,3.224593e-03,4.211399e-03,3.216935e-03,7.737975e-04,6.968962e-01,5.836576e-02,8.675704e-04,1.545510e-02,4.962909e-02,8.400536e-02,9.958794e-03,2.641815e-03
5.520228e-02,9.436914e-04,6.584395e-04,1.961225e-02,7.258914e-03,3.850634e-03,6.700185e-04,5.404701e-01,1.278025e-01,9.382461e-04,1.794061e-02,1.207201e-01,8.931196e-02,1.122544e-02,3.394817e-03
4.845114e-02,1.648661e-03,6.103977e-04,1.969487e-02,6.891519e-03,4.856920e-03,1.331456e-03,3.909967e-01,1.271889e-01,1.565299e-03,1.989300e-02,2.642419e-01,9.299245e-02,1.067422e-02,8.962587e-03
3.722764e-02,1.559478e-03,8.589219e-04,1.951136e-02,1.018154e-02,3.678707e-03,1.089074e-03,2.764447e-01,1.142401e-01,1.726714e-03,8.117936e-02,3.028498e-01,1.245549e-01,1.772697e-02,7.170806e-03
2.982174e-02,2.354814e-03,2.551845e-03,1.544955e-02,1.675547e-02,3.019540e-03,1.135465e-03,1.954242e-01,1.062927e-01,3.577159e-03,9.475490e-02,3.255072e-01,1.115796e-01,8.304606e-02,8.729931e-03
3.122310e-02,1.987016e-03,2.126858e-03,1.182231e-02,2.013176e-02,2.762811e-03,1.238004e-03,1.423924e-01,8.810834e-02,3.654898e-03,1.034485e-01,3.586777e-01,1.312526e-01,9.149794e-02,9.675859e-03
3.637545e-02,2.561178e-03,2.682508e-03,9.240674e-03,1.892406e-02,2.829239e-03,1.165776e-03,1.044175e-01,8.533098e-02,8.055313e-03,1.286352e-01,3.581176e-01,1.275396e-01,1.030402e-01,1.108478e-02
6.749076e-02,1.054829e-02,5.923516e-03,1.138512e-02,3.124292e-02,5.305247e-03,1.260164e-03,8.099194e-02,1.112528e-01,9.926713e-03,1.161669e-01,3.144104e-01,1.185716e-01,1.048850e-01,1.063860e-02
5.532093e-02,1.570490e-02,6.054257e-02,1.182358e-01,4.222459e-02,8.516196e-03,1.302869e-03,6.382670e-02,1.110101e-01,1.052549e-02,9.656490e-02,2.362662e-01,9.008703e-02,7.866461e-02,1.120708e-02
4.258870e-02,1.719402e-02,5.332915e-02,1.005059e-01,4.282718e-02,1.595303e-02,1.233128e-03,5.062151e-02,1.120699e-01,1.019285e-02,1.710477e-01,2.103317e-01,8.316404e-02,7.852237e-02,1.041876e-02
3.864385e-02,1.640480e-02,5.171918e-02,9.815202e-02,3.641748e-02,1.350861e-02,9.787455e-04,3.808501e-02,2.721289e-01,8.799560e-03,1.324614e-01,1.508503e-01,6.088409e-02,7.053955e-02,1.042648e-02
7.390865e-02,1.466765e-02,4.126382e-02,7.185843e-02,3.265473e-02,1.439818e-02,8.171792e-04,2.739825e-02,3.132501e-01,7.241195e-03,1.053042e-01,1.086306e-01,4.571860e-02,1.267596e-01,1.612878e-02
1.104998e-01,1.180672e-02,3.050942e-02,5.076966e-02,2.519035e-02,1.323144e-02,6.488125e-04,1.976287e-02,3.520270e-01,5.650683e-03,7.974371e-02,7.761465e-02,3.381843e-02,1.712970e-01,1.742951e-02
9.300256e-02,9.792670e-03,2.608732e-02,3.620909e-02,2.127800e-02,1.188646e-02,6.004731e-04,1.701515e-02,4.188861e-01,4.424239e-03,6.125343e-02,5.474822e-02,2.492451e-02,2.029359e-01,1.695595e-02
9.320583e-02,8.028243e-03,2.314057e-02,2.616143e-02,1.869853e-02,1.236749e-02,6.801143e-04,1.374487e-02,4.387086e-01,3.772131e-03,4.762004e-02,3.876090e-02,1.864390e-02,2.402481e-01,1.621931e-02
1.040199e-01,6.630573e-03,2.049866e-02,2.007551e-02,2.340716e-02,1.338286e-02,7.184016e-04,1.309457e-02,4.785198e-01,3.059605e-03,3.734642e-02,2.796795e-02,1.437207e-02,2.230724e-01,1.383417e-02
1.029929e-01,6.837805e-03,1.743164e-02,1.552180e-02,4.048096e-02,1.199750e-02,1.356278e-03,1.027145e-02,4.974988e-01,2.564700e-03,3.027196e-02,2.024505e-02,1.089882e-02,2.181756e-01,1.345470e-02
1.029306e-01,7.256732e-03,1.658499e-02,1.314711e-02,4.439433e-02,1.166706e-02,1.224659e-03,8.508734e-03,4.839202e-01,2.883621e-03,2.651829e-02,1.488190e-02,8.789253e-03,2.361147e-01,2.117776e-02
8.182144e-02,8.207614e-03,4.105999e-02,1.395177e-01,4.478151e-02,8.813555e-03,1.106812e-03,7.516703e-03,4.350685e-01,3.457837e-03,2.123527e-02,1.113128e-02,7.347671e-03,1.701456e-01,1.878849e-02
7.960415e-02,1.183506e-02,6.012286e-02,1.583742e-01,5.302540e-02,7.226740e-03,8.953708e-04,8.584686e-03,4.265311e-01,5.068362e-03,2.165427e-02,8.548898e-03,6.436535e-03,1.258400e-01,2.625239e-02
1.026620e-01,2.832956e-02,7.792543e-02,1.284944e-01,1.358874e-01,8.426225e-03,7.277360e-04,8.509347e-03,3.441305e-01,4.313754e-03,1.677509e-02,6.568880e-03,5.248999e-03,9.886237e-02,3.313825e-02
1.373367e-01,3.115867e-02,6.824365e-02,9.883721e-02,1.538175e-01,8.206924e-03,6.648322e-04,7.970314e-03,3.344039e-01,3.833197e-03,1.401876e-02,5.791964e-03,4.436047e-03,9.659021e-02,3.469028e-02
1.626327e-01,4.395596e-02,6.440958e-02,1.527502e-01,1.512005e-01,1.158774e-02,1.079591e-03,1.040366e-02,2.602621e-01,4.090620e-03,1.239977e-02,5.000722e-03,3.577583e-03,7.363442e-02,4.301489e-02
1.973003e-01,5.122941e-02,1.099953e-01,1.265662e-01,1.681407e-01,1.426099e-02,1.069615e-03,1.150463e-02,1.972552e-01,4.138098e-03,1.002172e-02,4.416269e-03,3.136231e-03,5.499365e-02,4.597171e-02
2.207121e-01,7.266971e-02,9.180134e-02,1.296822e-01,1.761738e-01,2.090309e-02,1.785420e-03,1.331928e-02,1.552343e-01,4.693350e-03,9.358717e-03,5.168657e-03,3.147832e-03,4.231169e-02,5.303852e-02
3.009349e-01,7.538778e-02,7.945726e-02,1.348549e-01,1.445792e-01,2.157631e-02,1.914443e-03,1.106444e-02,1.144433e-01,4.143347e-03,8.982609e-03,6.048268e-03,3.077867e-03,3.267952e-02,6.085590e-02
2.305977e-01,5.806519e-02,5.917452e-02,9.937061e-02,1.029263e-01,1.702389e-02,1.397305e-03,7.853460e-03,9.573302e-02,8.869736e-03,7.624819e-03,4.980373e-03,2.758676e-03,3.826976e-02,2.653547e-01
1.642288e-01,4.508270e-02,4.240004e-02,7.488402e-02,7.242763e-02,1.298851e-02,1.030383e-03,5.576094e-03,7.323013e-02,2.140897e-02,7.444260e-03,5.203062e-03,2.661174e-03,3.189039e-02,4.395438e-01
1.170989e-01,3.372327e-02,3.169883e-02,6.088072e-02,5.121014e-02,9.480437e-03,7.566705e-04,3.941427e-03,5.771336e-02,1.646371e-02,6.628499e-03,4.574021e-03,2.225286e-03,4.435363e-02,5.592511e-01
9.036435e-02,2.501229e-02,2.437606e-02,4.425866e-02,3.633526e-02,7.655011e-03,6.751831e-04,3.126898e-03,4.359353e-02,1.272112e-02,6.381562e-03,4.225603e-03,2.264236e-03,7.007070e-02,6.289394e-01
7.160585e-02,1.837725e-02,2.357433e-02,3.517976e-02,2.606693e-02,6.034266e-03,5.310656e-04,2.268127e-03,4.061660e-02,1.442873e-02,7.313074e-03,3.836150e-03,1.945226e-03,1.160637e-01,6.321589e-01
6.377672e-02,1.450815e-02,2.549561e-02,2.825775e-02,1.890673e-02,5.189886e-03,4.818987e-04,2.096624e-03,4.544879e-02,1.627818e-02,1.104252e-02,5.336971e-03,3.624016e-03,1.785302e-01,5.810259e-01
8.431482e-02,2.811730e-02,2.150287e-02,2.456984e-02,1.874588e-02,4.875747e-03,7.056317e-04,3.379538e-03,5.190794e-02,1.758377e-02,2.313039e-02,9.662524e-03,9.477797e-03,1.638155e-01,5.382104e-01
8.533747e-02,2.409117e-02,1.573395e-02,2.386070e-02,1.640539e-02,4.527420e-03,1.095366e-03,3.983196e-03,6.619056e-02,2.356570e-02,5.058283e-02,1.966040e-02,2.053214e-02,1.753284e-01,4.691053e-01
7.100949e-02,1.735774e-02,1.162524e-02,1.908986e-02,1.482749e-02,7.073112e-03,1.733604e-03,5.068094e-03,5.787689e-02,3.155875e-02,6.536931e-02,2.366097e-02,2.582762e-02,1.919585e-01,4.559634e-01
5.838785e-02,1.325541e-02,9.906240e-03,2.081041e-02,1.640508e-02,6.896821e-03,1.496010e-03,7.586777e-03,5.393827e-02,2.695660e-02,1.281921e-01,4.026216e-02,4.309675e-02,2.154984e-01,3.573112e-01
6.044889e-02,1.124058e-02,2.210223e-02,7.035024e-02,3.982531e-02,1.135281e-02,1.736478e-03,1.155586e-02,6.057949e-02,2.427618e-02,1.242750e-01,3.657542e-02,4.896814e-02,1.984331e-01,2.782804e-01
5.058854e-02,9.328345e-03,3.011059e-02,5.808281e-02,5.125268e-02,1.348504e-02,1.954093e-03,9.586675e-03,7.090402e-02,3.072976e-02,1.556849e-01,4.156020e-02,5.947710e-02,1.723657e-01,2.448896e-01
1.116147e-01,8.581903e-03,4.467914e-02,9.633133e-02,5.161855e-02,2.018548e-02,3.401614e-03,8.654984e-03,6.374735e-02,3.103895e-02,1.367192e-01,4.238962e-02,6.087650e-02,1.305404e-01,1.896204e-01
1.003230e-01,8.004434e-03,4.347299e-02,8.734357e-02,5.115532e-02,1.743779e-02,2.871108e-03,8.731936e-03,6.308360e-02,5.090587e-02,1.740029e-01,6.413983e-02,6.255682e-02,1.091598e-01,1.568111e-01
1.017176e-01,1.450812e-02,5.270787e-02,8.982427e-02,4.651508e-02,1.692698e-02,3.033509e-03,1.948695e-02,8.253746e-02,7.024503e-02,1.534515e-01,6.076338e-02,5.957025e-02,1.012950e-01,1.274171e-01
7.912596e-02,1.961001e-02,4.585850e-02,8.314563e-02,5.444361e-02,1.324979e-02,2.488958e-03,3.736592e-02,1.099889e-01,9.209174e-02,1.491575e-01,6.336793e-02,5.902154e-02,9.030047e-02,1.007835e-01
5.695280e-02,1.630777e-02,3.775684e-02,1.388494e-01,3.977595e-02,1.024012e-02,1.918388e-03,2.929058e-02,2.474928e-01,6.744122e-02,1.173310e-01,4.777285e-02,4.876839e-02,6.543761e-02,7.466417e-02
4.163001e-02,1.446768e-02,3.037923e-02,1.114650e-01,3.111510e-02,7.526843e-03,1.459129e-03,3.182698e-02,3.958826e-01,4.912306e-02,9.615694e-02,3.638575e-02,3.959222e-02,5.558188e-02,5.740758e-02
3.385871e-02,2.076790e-02,3.827557e-02,8.847217e-02,2.991182e-02,6.400260e-03,1.214541e-03,3.468813e-02,4.186947e-01,4.137878e-02,9.893493e-02,2.942254e-02,3.456318e-02,5.899506e-02,6.442170e-02
3.136519e-02,2.685853e-02,3.639205e-02,6.459916e-02,3.043094e-02,7.729784e-03,8.997128e-04,3.338500e-02,3.741220e-01,3.357758e-02,7.596230e-02,2.099548e-02,2.551257e-02,1.749685e-01,6.320116e-02
2.510816e-02,6.457731e-02,2.822214e-02,4.820043e-02,2.664516e-02,1.149563e-02,6.805324e-04,2.730812e-02,4.649104e-01,2.731778e-02,5.552413e-02,1.481747e-02,1.869310e-02,1.379817e-01,4.851789e-02
1.924451e-02,1.233444e-01,2.198347e-02,3.584292e-02,2.836803e-02,1.340822e-02,5.530756e-04,2.314963e-02,5.125417e-01,2.068941e-02,3.938138e-02,1.040046e-02,1.339679e-02,1.017004e-01,3.599560e-02
1.540577e-02,1.396695e-01,1.677180e-02,3.093197e-02,3.290705e-02,2.920403e-02,6.775141e-04,2.289649e-02,5.481754e-01,1.722554e-02,2.793333e-02,7.331025e-03,9.659651e-03,7.292849e-02,2.828234e-02
1.539518e-02,1.205371e-01,1.223995e-02,2.586359e-02,1.174721e-01,3.882555e-02,8.227944e-04,2.638690e-02,5.231727e-01,1.271472e-02,1.993163e-02,5.209638e-03,6.942875e-03,5.240347e-02,2.208173e-02
1.682489e-02,9.985262e-02,9.237583e-03,3.595041e-02,1.831998e-01,4.072711e-02,1.162433e-03,7.516591e-02,4.516158e-01,9.064654e-03,1.408967e-02,3.704025e-03,5.027113e-03,3.693128e-02,1.744669e-02
1.807840e-02,8.066242e-02,6.979190e-03,4.555080e-02,2.069860e-01,3.679074e-02,1.841272e-03,1.224755e-01,4.150548e-01,6.599976e-03,1.003460e-02,2.646480e-03,4.275233e-03,2.600454e-02,1.601999e-02
1.682720e-02,6.389057e-02,1.117256e-02,1.131518e-01,1.502400e-01,2.655335e-02,1.364325e-03,8.875769e-02,4.277114e-01,7.425333e-03,1.425166e-02,2.172261e-03,3.384880e-03,1.910341e-02,5.399353e-02
1.197192e-02,4.521444e-02,9.077291e-03,1.327961e-01,1.062734e-01,1.873312e-02,9.934923e-04,6.281346e-02,3.205661e-01,5.603509e-03,2.035507e-01,7.286005e-03,2.210587e-02,1.371348e-02,3.930118e-02
9.639683e-03,3.204600e-02,6.606253e-03,1.282877e-01,7.581944e-02,1.354426e-02,7.239773e-04,4.440087e-02,2.352836e-01,5.229033e-03,3.420176e-01,1.661201e-02,4.818486e-02,1.269640e-02,2.890833e-02
9.308754e-03,2.273518e-02,5.024253e-03,1.118694e-01,5.539892e-02,1.017010e-02,8.338109e-04,3.134374e-02,1.704314e-01,4.486995e-03,3.469051e-01,3.640459e-02,1.536034e-01,1.778558e-02,2.369874e-02
1.283043e-02,1.759264e-02,4.239206e-03,1.143315e-01,4.487970e-02,8.882502e-03,1.079325e-03,2.338073e-02,1.397751e-01,5.195813e-03,2.823792e-01,8.644083e-02,1.851079e-01,5.048545e-02,2.339967e-02
1.452231e-02,1.627715e-02,4.388933e-03,8.437376e-02,3.327506e-02,9.366956e-03,1.033409e-03,2.068531e-02,1.185236e-01,7.151575e-03,2.625976e-01,1.280375e-01,2.159300e-01,6.505066e-02,1.878612e-02
4.935533e-02,1.594114e-02,6.016322e-03,7.304633e-02,2.814179e-02,9.840968e-03,1.245126e-03,2.117865e-02,1.047709e-01,2.267256e-02,2.465367e-01,1.203044e-01,1.747182e-01,1.056395e-01,2.059212e-02
6.787751e-02,1.433487e-02,6.691696e-03,5.801067e-02,2.183094e-02,8.173173e-03,1.175520e-03,1.721309e-02,8.280543e-02,2.103573e-02,2.599539e-01,1.135336e-01,1.328104e-01,1.722543e-01,2.229927e-02
5.105004e-02,1.061698e-02,7.552535e-03,4.344431e-02,1.700717e-02,6.012065e-03,9.184120e-04,1.417184e-02,5.991223e-02,1.665453e-02,2.508809e-01,9.360973e-02,9.638429e-02,3.139631e-01,1.782194e-02
5.462844e-02,9.872856e-03,7.235733e-02,4.255245e-02,2.006218e-02,5.032066e-03,1.262712e-03,2.550320e-02,4.764032e-02,1.921287e-02,2.399648e-01,8.608565e-02,7.069985e-02,2.906730e-01,1.445234e-02
7.607375e-02,9.064169e-03,2.129509e-01,6.084819e-02,1.638995e-02,7.650164e-03,1.301216e-03,2.157638e-02,3.840907e-02,2.008741e-02,1.877036e-01,6.607694e-02,5.354543e-02,2.161937e-01,1.212919e-02
1.151613e-01,8.086661e-03,2.149821e-01,6.418081e-02,2.194631e-02,9.823263e-03,1.210991e-03,1.957193e-02,3.009230e-02,3.728721e-02,1.629963e-01,5.644759e-02,4.730963e-02,2.001597e-01,1.074400e-02
2.417745e-01,1.570301e-02,1.888706e-01,5.097351e-02,2.659718e-02,1.089975e-02,1.074903e-03,1.641914e-02,2.280826e-02,3.020881e-02,1.277629e-01,4.352753e-02,3.638926e-02,1.765562e-01,1.043459e-02
2.765895e-01,1.635702e-02,1.606930e-01,4.135358e-02,2.500998e-02,1.471447e-02,9.194937e-04,1.311500e-02,3.526807e-02,2.908077e-02,1.061239e-01,3.153367e-02,2.690956e-02,1.998776e-01,2.245443e-02
2.893946e-01,1.410342e-02,1.550040e-01,3.301105e-02,2.290841e-02,2.035325e-02,8.571811e-04,1.019008e-02,7.160363e-02,4.449552e-02,8.431642e-02,2.284977e-02,2.021429e-02,1.669001e-01,4.379834e-02
2.840083e-01,1.486577e-02,1.592747e-01,3.521538e-02,2.901976e-02,2.638901e-02,4.862818e-03,1.244602e-02,7.233998e-02,4.135711e-02,6.667052e-02,1.631460e-02,1.619128e-02,1.796937e-01,4.135119e-02
2.548950e-01,4.008533e-02,1.626683e-01,4.573271e-02,5.723585e-02,6.743367e-02,1.343479e-02,1.161332e-02,5.461338e-02,3.292539e-02,4.775573e-02,1.152255e-02,1.350187e-02,1.540262e-01,3.255603e-02
2.342470e-01,5.500140e-02,1.478428e-01,5.230182e-02,8.504817e-02,8.557236e-02,2.060814e-02,9.825112e-03,4.051385e-02,2.598239e-02,3.433862e-02,8.209843e-03,1.235508e-02,1.579499e-01,3.020348e-02
2.338579e-01,6.077687e-02,1.199450e-01,6.823926e-02,1.075548e-01,9.250076e-02,2.436839e-02,8.655373e-03,3.344332e-02,2.617003e-02,2.513803e-02,6.001066e-03,1.208839e-02,1.478787e-01,3.338223e-02
2.724758e-01,5.008249e-02,1.178904e-01,5.807827e-02,9.838971e-02,8.512183e-02,2.042799e-02,7.772905e-03,3.190101e-02,2.934904e-02,2.064343e-02,4.908176e-03,1.101281e-02,1.633646e-01,2.858156e-02
3.082196e-01,4.482371e-02,9.232981e-02,6.707662e-02,9.341929e-02,8.467593e-02,1.660509e-02,1.113942e-02,3.965281e-02,2.867557e-02,2.102891e-02,5.941631e-03,1.025835e-02,1.513905e-01,2.476271e-02
3.449246e-01,3.377040e-02,6.914119e-02,5.872871e-02,7.685765e-02,7.343958e-02,1.208804e-02,9.343609e-03,7.797101e-02,3.121239e-02,1.794878e-02,5.648851e-03,9.400196e-03,1.578522e-01,2.167285e-02
3.830133e-01,2.788210e-02,5.077749e-02,5.202263e-02,6.538612e-02,6.055403e-02,8.830855e-03,7.947270e-03,1.121122e-01,2.762508e-02,1.577888e-02,6.171919e-03,9.176132e-03,1.493442e-01,2.337778e-02
4.767909e-01,2.145701e-02,3.681227e-02,4.459914e-02,5.072949e-02,4.679466e-02,6.685502e-03,8.034732e-03,1.147153e-01,2.393198e-02,1.688344e-02,7.793108e-03,8.462518e-03,1.138954e-01,2.241449e-02
1.000000e+00,0.000000e+00,0.000000e+00,0.000000e+00,0.000000e+00,0.000000e+00,0.000000e+00,0.000000e+00,0.000000e+00,0.000000e+00,0.000000e+00,0.000000e+00,0.000000e+00,0.000000e+00,0.000000e+00
1.000000e+00,0.000000e+00,0.000000e+00,0.000000e+00,0.000000e+00,0.000000e+00,0.000000e+00,0.000000e+00,0.000000e+00,0.000000e+00,0.000000e+00,0.000000e+00,0.000000e+00,0.000000e+00,0.000000e+00
1.000000e+00,0.000000e+00,0.000000e+00,0.000000e+00,0.000000e+00,0.000000e+00,0.000000e+00,0.000000e+00,0.000000e+00,0.000000e+00,0.000000e+00,0.000000e+00,0.000000e+00,0.000000e+00,0.000000e+00
3.939698e-01,5.276684e-02,1.890461e-02,1.076449e-01,1.913615e-02,3.669156e-02,4.335455e-03,1.100449e-02,4.650443e-02,8.062588e-03,1.656164e-02,4.936708e-02,1.811293e-01,3.302612e-02,2.089504e-02
2.763298e-01,4.830629e-02,1.339953e-02,8.674692e-02,1.398078e-02,4.171460e-02,3.098582e-03,7.765817e-03,3.376634e-02,5.724823e-03,1.254105e-02,3.874025e-02,3.782679e-01,2.317038e-02,1.644693e-02
1.936976e-01,3.526862e-02,9.493779e-03,6.504915e-02,1.029646e-02,4.531907e-02,2.285803e-03,5.481092e-03,2.604051e-02,4.148971e-03,9.834886e-03,3.321405e-02,5.278842e-01,1.652995e-02,1.545585e-02
1.361700e-01,2.487425e-02,6.673350e-03,4.681185e-02,8.543890e-03,4.410513e-02,1.782043e-03,3.956524e-03,2.255304e-02,3.269582e-03,1.134464e-02,3.485098e-02,6.265563e-01,1.408239e-02,1.442612e-02
9.656125e-02,1.796591e-02,4.812191e-03,3.541565e-02,6.571184e-03,4.411672e-02,1.449178e-03,2.931521e-03,2.362479e-02,4.775838e-03,4.573417e-02,7.436221e-02,5.852273e-01,1.260224e-02,4.384994e-02
6.848519e-02,1.302629e-02,3.491317e-03,2.888468e-02,6.315318e-03,3.322367e-02,1.085113e-03,2.225102e-03,5.793647e-02,5.543506e-03,6.293116e-02,8.970190e-02,5.562881e-01,1.026714e-02,6.059512e-02
4.886740e-02,9.453475e-03,3.008617e-03,2.277693e-02,5.785655e-03,3.114223e-02,1.205903e-03,7.840890e-03,4.885323e-02,8.197295e-03,7.694440e-02,1.135535e-01,5.552067e-01,9.137114e-03,5.802666e-02
4.064141e-02,7.576376e-03,2.537515e-03,2.294016e-02,6.099277e-03,3.985913e-02,1.224929e-03,7.907696e-03,5.220895e-02,1.534613e-02,7.113239e-02,1.642428e-01,5.050009e-01,1.454766e-02,4.873474e-02
3.271792e-02,6.894119e-03,2.265729e-03,1.914770e-02,5.418323e-03,3.578659e-02,9.775826e-04,6.635152e-03,6.142193e-02,1.543195e-02,7.757529e-02,2.143667e-01,4.282745e-01,4.500655e-02,4.807996e-02
2.393147e-02,8.309929e-03,2.304193e-03,1.404833e-02,4.450566e-03,2.589769e-02,7.427182e-04,5.429410e-03,1.332553e-01,1.371660e-02,7.285860e-02,2.384624e-01,3.390909e-01,7.956357e-02,3.793829e-02
1.789827e-02,7.931945e-03,1.972246e-03,1.031259e-02,3.491448e-03,1.906086e-02,5.510687e-04,4.330243e-03,1.987275e-01,1.298725e-02,6.651360e-02,2.222317e-01,2.533191e-01,1.498778e-01,3.079440e-02
1.414974e-02,8.741325e-03,1.997126e-03,8.375771e-03,3.160266e-03,1.452128e-02,4.317817e-04,3.122224e-03,3.520980e-01,1.127672e-02,5.503451e-02,1.797613e-01,1.803867e-01,1.433353e-01,2.360802e-02
1.117965e-02,8.016519e-03,1.819587e-03,6.676919e-03,2.621266e-03,1.085114e-02,3.346030e-04,2.236610e-03,4.568397e-01,9.393535e-03,4.323107e-02,1.410803e-01,1.280669e-01,1.592366e-01,1.841568e-02
9.138675e-03,6.492825e-03,1.454718e-03,4.921348e-03,1.946655e-03,8.210872e-03,2.437113e-04,1.595628e-03,5.344731e-01,7.585328e-03,4.774357e-02,1.045032e-01,9.039088e-02,1.666479e-01,1.465158e-02
7.076069e-03,4.889538e-03,1.196954e-03,3.998517e-03,1.492488e-03,7.350167e-03,1.824540e-04,1.178321e-03,5.861764e-01,7.000064e-03,4.843096e-02,7.415614e-02,6.376157e-02,1.812461e-01,1.186422e-02
5.617427e-03,3.642451e-03,9.671096e-04,3.980371e-03,1.152365e-03,5.580785e-03,1.344427e-04,8.596765e-04,5.396196e-01,6.085686e-03,4.630874e-02,5.276135e-02,4.519965e-02,2.786301e-01,9.460188e-03
6.027579e-03,3.133972e-03,1.595998e-03,5.365944e-03,2.310620e-03,1.292595e-02,2.108973e-04,8.479540e-04,5.398085e-01,6.159390e-03,4.993189e-02,3.804154e-02,3.355470e-02,2.864327e-01,1.365241e-02
5.557044e-03,2.520007e-03,3.206310e-03,9.672556e-03,2.291588e-03,1.218032e-02,1.944658e-04,1.358561e-03,4.778987e-01,6.668426e-03,8.202752e-02,2.855908e-02,2.633199e-02,3.266717e-01,1.486172e-02
6.703193e-03,2.036432e-03,9.083358e-03,1.156660e-02,2.231627e-03,1.055965e-02,1.479704e-04,1.191638e-03,3.663042e-01,6.839033e-03,1.369053e-01,2.202098e-02,2.274418e-02,3.868076e-01,1.485823e-02
5.517160e-03,1.547308e-03,8.180455e-03,8.884970e-03,2.281276e-03,7.618919e-03,1.092212e-04,9.601966e-04,2.807824e-01,5.669720e-03,1.187618e-01,1.669629e-02,1.999569e-02,5.063608e-01,1.663381e-02
5.293943e-03,1.178320e-03,6.366409e-03,9.080594e-03,2.212654e-03,6.104585e-03,9.650163e-05,1.104094e-03,2.064044e-01,4.548150e-03,9.238534e-02,1.390627e-02,1.901429e-02,6.150694e-01,1.723507e-02
1.102560e-02,1.489180e-03,2.176145e-02,1.339422e-02,2.672779e-03,7.172100e-03,1.851015e-04,1.609849e-03,1.790637e-01,5.269158e-03,9.462024e-02,1.202061e-02,2.487779e-02,5.998051e-01,2.503319e-02
2.128307e-02,1.460864e-03,2.215571e-02,1.164540e-02,3.465778e-03,6.052361e-03,2.144969e-04,4.244431e-03,1.456214e-01,6.623520e-03,8.077635e-02,1.007133e-02,2.064522e-02,6.442152e-01,2.152495e-02
2.261154e-02,1.278147e-03,5.972805e-02,2.160459e-02,4.682084e-03,6.784706e-03,2.828420e-03,1.210884e-01,1.111596e-01,6.820165e-03,6.548824e-02,7.577111e-03,1.856739e-02,5.338104e-01,1.597108e-02
4.667129e-02,1.929073e-03,1.797113e-01,2.714663e-02,9.858378e-03,1.204259e-02,4.641795e-03,1.293922e-01,9.245800e-02,6.364424e-03,4.815780e-02,5.722743e-03,1.367813e-02,4.095561e-01,1.266954e-02
4.941859e-02,3.470952e-03,2.739891e-01,2.440056e-02,1.210797e-02,1.060137e-02,3.817787e-03,1.431265e-01,8.427176e-02,5.349897e-03,3.428278e-02,4.106692e-03,9.950628e-03,3.311987e-01,9.906691e-03
5.399932e-02,1.401680e-02,3.308403e-01,2.585466e-02,1.546911e-02,9.198689e-03,3.267508e-03,1.326087e-01,8.508918e-02,6.023399e-03,2.444698e-02,2.947408e-03,7.363146e-03,2.718255e-01,1.704933e-02
4.820671e-02,1.317039e-02,3.281419e-01,1.144432e-01,3.012994e-02,8.802126e-03,2.968403e-03,1.241293e-01,9.391225e-02,5.296499e-03,1.768067e-02,2.109335e-03,5.360753e-03,1.920028e-01,1.364582e-02
4.874836e-02,1.130378e-02,3.019178e-01,1.276015e-01,4.167838e-02,7.604702e-03,2.528968e-03,2.007262e-01,8.159107e-02,4.680239e-03,1.364039e-02,1.583336e-03,4.088485e-03,1.413621e-01,1.094455e-02
5.125212e-02,1.324465e-02,3.142491e-01,1.012879e-01,4.835825e-02,7.497041e-03,2.200949e-03,2.273186e-01,8.736766e-02,5.059664e-03,1.247759e-02,1.907101e-03,4.082701e-03,1.120045e-01,1.169215e-02
5.205210e-02,1.332513e-02,3.539608e-01,8.441017e-02,4.351175e-02,6.961534e-03,2.383736e-03,2.439191e-01,7.462089e-02,4.420888e-03,1.065843e-02,2.733239e-03,4.607208e-03,9.210002e-02,1.033498e-02
6.968280e-02,3.255063e-02,2.661256e-01,7.197539e-02,3.691198e-02,9.529451e-03,4.222187e-03,2.798620e-01,9.778360e-02,8.988118e-03,9.846826e-03,3.371299e-03,8.658234e-03,7.823957e-02,2.225226e-02
9.668583e-02,5.945909e-02,1.955988e-01,5.726017e-02,3.563001e-02,1.075018e-02,4.490190e-03,2.771962e-01,1.377875e-01,1.267634e-02,9.789919e-03,3.984194e-03,9.174645e-03,6.783819e-02,2.167864e-02
