1.000000e+00,0.000000e+00,0.000000e+00,0.000000e+00,0.000000e+00,0.000000e+00,0.000000e+00,0.000000e+00,0.000000e+00,0.000000e+00,0.000000e+00,0.000000e+00,0.000000e+00,0.000000e+00,0.000000e+00
1.000000e+00,0.000000e+00,0.000000e+00,0.000000e+00,0.000000e+00,0.000000e+00,0.000000e+00,0.000000e+00,0.000000e+00,0.000000e+00,0.000000e+00,0.000000e+00,0.000000e+00,0.000000e+00,0.000000e+00
1.000000e+00,0.000000e+00,0.000000e+00,0.000000e+00,0.000000e+00,0.000000e+00,0.000000e+00,0.000000e+00,0.000000e+00,0.000000e+00,0.000000e+00,0.000000e+00,0.000000e+00,0.000000e+00,0.000000e+00
1.000000e+00,0.000000e+00,0.000000e+00,0.000000e+00,0.000000e+00,0.000000e+00,0.000000e+00,0.000000e+00,0.000000e+00,0.000000e+00,0.000000e+00,0.000000e+00,0.000000e+00,0.000000e+00,0.000000e+00
1.000000e+00,0.000000e+00,0.000000e+00,0.000000e+00,0.000000e+00,0.000000e+00,0.000000e+00,0.000000e+00,0.000000e+00,0.000000e+00,0.000000e+00,0.000000e+00,0.000000e+00,0.000000e+00,0.000000e+00
1.000000e+00,0.000000e+00,0.000000e+00,0.000000e+00,0.000000e+00,0.000000e+00,0.000000e+00,0.000000e+00,0.000000e+00,0.000000e+00,0.000000e+00,0.000000e+00,0.000000e+00,0.000000e+00,0.000000e+00
1.000000e+00,0.000000e+00,0.000000e+00,0.000000e+00,0.000000e+00,0.000000e+00,0.000000e+00,0.000000e+00,0.000000e+00,0.000000e+00,0.000000e+00,0.000000e+00,0.000000e+00,0.000000e+00,0.000000e+00
1.000000e+00,0.000000e+00,0.000000e+00,0.000000e+00,0.000000e+00,0.000000e+00,0.000000e+00,0.000000e+00,0.000000e+00,0.000000e+00,0.000000e+00,0.000000e+00,0.000000e+00,0.000000e+00,0.000000e+00
1.000000e+00,0.000000e+00,0.000000e+00,0.000000e+00,0.000000e+00,0.000000e+00,0.000000e+00,0.000000e+00,0.000000e+00,0.000000e+00,0.000000e+00,0.000000e+00,0.000000e+00,0.000000e+00,0.000000e+00
1.000000e+00,0.000000e+00,0.000000e+00,0.000000e+00,0.000000e+00,0.000000e+00,0.000000e+00,0.000000e+00,0.000000e+00,0.000000e+00,0.000000e+00,0.000000e+00,0.000000e+00,0.000000e+00,0.000000e+00
1.000000e+00,0.000000e+00,0.000000e+00,0.000000e+00,0.000000e+00,0.000000e+00,0.000000e+00,0.000000e+00,0.000000e+00,0.000000e+00,0.000000e+00,0.000000e+00,0.000000e+00,0.000000e+00,0.000000e+00
1.000000e+00,0.000000e+00,0.000000e+00,0.000000e+00,0.000000e+00,0.000000e+00,0.000000e+00,0.000000e+00,0.000000e+00,0.000000e+00,0.000000e+00,0.000000e+00,0.000000e+00,0.000000e+00,0.000000e+00
1.000000e+00,0.000000e+00,0.000000e+00,0.000000e+00,0.000000e+00,0.000000e+00,0.000000e+00,0.000000e+00,0.000000e+00,0.000000e+00,0.000000e+00,0.000000e+00,0.000000e+00,0.000000e+00,0.000000e+00
1.000000e+00,0.000000e+00,0.000000e+00,0.000000e+00,0.000000e+00,0.000000e+00,0.000000e+00,0.000000e+00,0.000000e+00,0.000000e+00,0.000000e+00,0.000000e+00,0.000000e+00,0.000000e+00,0.000000e+00
1.000000e+00,0.000000e+00,0.000000e+00,0.000000e+00,0.000000e+00,0.000000e+00,0.000000e+00,0.000000e+00,0.000000e+00,0.000000e+00,0.000000e+00,0.000000e+00,0.000000e+00,0.000000e+00,0.000000e+00
1.000000e+00,0.000000e+00,0.000000e+00,0.000000e+00,0.000000e+00,0.000000e+00,0.000000e+00,0.000000e+00,0.000000e+00,0.000000e+00,0.000000e+00,0.000000e+00,0.000000e+00,0.000000e+00,0.000000e+00
1.000000e+00,0.000000e+00,0.000000e+00,0.000000e+00,0.000000e+00,0.000000e+00,0.000000e+00,0.000000e+00,0.000000e+00,0.000000e+00,0.000000e+00,0.000000e+00,0.000000e+00,0.000000e+00,0.000000e+00
1.000000e+00,0.000000e+00,0.000000e+00,0.000000e+00,0.000000e+00,0.000000e+00,0.000000e+00,0.000000e+00,0.000000e+00,0.000000e+00,0.000000e+00,0.000000e+00,0.000000e+00,0.000000e+00,0.000000e+00
1.000000e+00,0.000000e+00,0.000000e+00,0.000000e+00,0.000000e+00,0.000000e+00,0.000000e+00,0.000000e+00,0.000000e+00,0.000000e+00,0.000000e+00,0.000000e+00,0.000000e+00,0.000000e+00,0.000000e+00
1.000000e+00,0.000000e+00,0.000000e+00,0.000000e+00,0.000000e+00,0.000000e+00,0.000000e+00,0.000000e+00,0.000000e+00,0.000000e+00,0.000000e+00,0.000000e+00,0.000000e+00,0.000000e+00,0.000000e+00
1.000000e+00,0.000000e+00,0.000000e+00,0.000000e+00,0.000000e+00,0.000000e+00,0.000000e+00,0.000000e+00,0.000000e+00,0.000000e+00,0.000000e+00,0.000000e+00,0.000000e+00,0.000000e+00,0.000000e+00
1.000000e+00,0.000000e+00,0.000000e+00,0.000000e+00,0.000000e+00,0.000000e+00,0.000000e+00,0.000000e+00,0.000000e+00,0.000000e+00,0.000000e+00,0.000000e+00,0.000000e+00,0.000000e+00,0.000000e+00
1.000000e+00,0.000000e+00,0.000000e+00,0.000000e+00,0.000000e+00,0.000000e+00,0.000000e+00,0.000000e+00,0.000000e+00,0.000000e+00,0.000000e+00,0.000000e+00,0.000000e+00,0.000000e+00,0.000000e+00
1.000000e+00,0.000000e+00,0.000000e+00,0.000000e+00,0.000000e+00,0.000000e+00,0.000000e+00,0.000000e+00,0.000000e+00,0.000000e+00,0.000000e+00,0.000000e+00,0.000000e+00,0.000000e+00,0.000000e+00
1.000000e+00,0.000000e+00,0.000000e+00,0.000000e+00,0.000000e+00,0.000000e+00,0.000000e+00,0.000000e+00,0.000000e+00,0.000000e+00,0.000000e+00,0.000000e+00,0.000000e+00,0.000000e+00,0.000000e+00
1.000000e+00,0.000000e+00,0.000000e+00,0.000000e+00,0.000000e+00,0.000000e+00,0.000000e+00,0.000000e+00,0.000000e+00,0.000000e+00,0.000000e+00,0.000000e+00,0.000000e+00,0.000000e+00,0.000000e+00
1.000000e+00,0.000000e+00,0.000000e+00,0.000000e+00,0.000000e+00,0.000000e+00,0.000000e+00,0.000000e+00,0.000000e+00,0.000000e+00,0.000000e+00,0.000000e+00,0.000000e+00,0.000000e+00,0.000000e+00
1.000000e+00,0.000000e+00,0.000000e+00,0.000000e+00,0.000000e+00,0.000000e+00,0.000000e+00,0.000000e+00,0.000000e+00,0.000000e+00,0.000000e+00,0.000000e+00,0.000000e+00,0.000000e+00,0.000000e+00
1.000000e+00,0.000000e+00,0.000000e+00,0.000000e+00,0.000000e+00,0.000000e+00,0.000000e+00,0.000000e+00,0.000000e+00,0.000000e+00,0.000000e+00,0.000000e+00,0.000000e+00,0.000000e+00,0.000000e+00
1.000000e+00,0.000000e+00,0.000000e+00,0.000000e+00,0.000000e+00,0.000000e+00,0.000000e+00,0.000000e+00,0.000000e+00,0.000000e+00,0.000000e+00,0.000000e+00,0.000000e+00,0.000000e+00,0.000000e+00
1.000000e+00,0.000000e+00,0.000000e+00,0.000000e+00,0.000000e+00,0.000000e+00,0.000000e+00,0.000000e+00,0.000000e+00,0.000000e+00,0.000000e+00,0.000000e+00,0.000000e+00,0.000000e+00,0.000000e+00
1.000000e+00,0.000000e+00,0.000000e+00,0.000000e+00,0.000000e+00,0.000000e+00,0.000000e+00,0.000000e+00,0.000000e+00,0.000000e+00,0.000000e+00,0.000000e+00,0.000000e+00,0.000000e+00,0.000000e+00
1.000000e+00,0.000000e+00,0.000000e+00,0.000000e+00,0.000000e+00,0.000000e+00,0.000000e+00,0.000000e+00,0.000000e+00,0.000000e+00,0.000000e+00,0.000000e+00,0.000000e+00,0.000000e+00,0.000000e+00
1.000000e+00,0.000000e+00,0.000000e+00,0.000000e+00,0.000000e+00,0.000000e+00,0.000000e+00,0.000000e+00,0.000000e+00,0.000000e+00,0.000000e+00,0.000000e+00,0.000000e+00,0.000000e+00,0.000000e+00
1.000000e+00,0.000000e+00,0.000000e+00,0.000000e+00,0.000000e+00,0.000000e+00,0.000000e+00,0.000000e+00,0.000000e+00,0.000000e+00,0.000000e+00,0.000000e+00,0.000000e+00,0.000000e+00,0.000000e+00
1.000000e+00,0.000000e+00,0.000000e+00,0.000000e+00,0.000000e+00,0.000000e+00,0.000000e+00,0.000000e+00,0.000000e+00,0.000000e+00,0.000000e+00,0.000000e+00,0.000000e+00,0.000000e+00,0.000000e+00
1.000000e+00,0.000000e+00,0.000000e+00,0.000000e+00,0.000000e+00,0.000000e+00,0.000000e+00,0.000000e+00,0.000000e+00,0.000000e+00,0.000000e+00,0.000000e+00,0.000000e+00,0.000000e+00,0.000000e+00
1.000000e+00,0.000000e+00,0.000000e+00,0.000000e+00,0.000000e+00,0.000000e+00,0.000000e+00,0.000000e+00,0.000000e+00,0.000000e+00,0.000000e+00,0.000000e+00,0.000000e+00,0.000000e+00,0.000000e+00
1.000000e+00,0.000000e+00,0.000000e+00,0.000000e+00,0.000000e+00,0.000000e+00,0.000000e+00,0.000000e+00,0.000000e+00,0.000000e+00,0.000000e+00,0.000000e+00,0.000000e+00,0.000000e+00,0.000000e+00
1.000000e+00,0.000000e+00,0.000000e+00,0.000000e+00,0.000000e+00,0.000000e+00,0.000000e+00,0.000000e+00,0.000000e+00,0.000000e+00,0.000000e+00,0.000000e+00,0.000000e+00,0.000000e+00,0.000000e+00
1.000000e+00,0.000000e+00,0.000000e+00,0.000000e+00,0.000000e+00,0.000000e+00,0.000000e+00,0.000000e+00,0.000000e+00,0.000000e+00,0.000000e+00,0.000000e+00,0.000000e+00,0.000000e+00,0.000000e+00
1.000000e+00,0.000000e+00,0.000000e+00,0.000000e+00,0.000000e+00,0.000000e+00,0.000000e+00,0.000000e+00,0.000000e+00,0.000000e+00,0.000000e+00,0.000000e+00,0.000000e+00,0.000000e+00,0.000000e+00
1.000000e+00,0.000000e+00,0.000000e+00,0.000000e+00,0.000000e+00,0.000000e+00,0.000000e+00,0.000000e+00,0.000000e+00,0.000000e+00,0.000000e+00,0.000000e+00,0.000000e+00,0.000000e+00,0.000000e+00
1.000000e+00,0.000000e+00,0.000000e+00,0.000000e+00,0.000000e+00,0.000000e+00,0.000000e+00,0.000000e+00,0.000000e+00,0.000000e+00,0.000000e+00,0.000000e+00,0.000000e+00,0.000000e+00,0.000000e+00
1.000000e+00,0.000000e+00,0.000000e+00,0.000000e+00,0.000000e+00,0.000000e+00,0.000000e+00,0.000000e+00,0.000000e+00,0.000000e+00,0.000000e+00,0.000000e+00,0.000000e+00,0.000000e+00,0.000000e+00
1.000000e+00,0.000000e+00,0.000000e+00,0.000000e+00,0.000000e+00,0.000000e+00,0.000000e+00,0.000000e+00,0.000000e+00,0.000000e+00,0.000000e+00,0.000000e+00,0.000000e+00,0.000000e+00,0.000000e+00
1.000000e+00,0.000000e+00,0.000000e+00,0.000000e+00,0.000000e+00,0.000000e+00,0.000000e+00,0.000000e+00,0.000000e+00,0.000000e+00,0.000000e+00,0.000000e+00,0.000000e+00,0.000000e+00,0.000000e+00
1.000000e+00,0.000000e+00,0.000000e+00,0.000000e+00,0.000000e+00,0.000000e+00,0.000000e+00,0.000000e+00,0.000000e+00,0.000000e+00,0.000000e+00,0.000000e+00,0.000000e+00,0.000000e+00,0.000000e+00
1.000000e+00,0.000000e+00,0.000000e+00,0.000000e+00,0.000000e+00,0.000000e+00,0.000000e+00,0.000000e+00,0.000000e+00,0.000000e+00,0.000000e+00,0.000000e+00,0.000000e+00,0.000000e+00,0.000000e+00
1.000000e+00,0.000000e+00,0.000000e+00,0.000000e+00,0.000000e+00,0.000000e+00,0.000000e+00,0.000000e+00,0.000000e+00,0.000000e+00,0.000000e+00,0.000000e+00,0.000000e+00,0.000000e+00,0.000000e+00
1.000000e+00,0.000000e+00,0.000000e+00,0.000000e+00,0.000000e+00,0.000000e+00,0.000000e+00,0.000000e+00,0.000000e+00,0.000000e+00,0.000000e+00,0.000000e+00,0.000000e+00,0.000000e+00,0.000000e+00
1.000000e+00,0.000000e+00,0.000000e+00,0.000000e+00,0.000000e+00,0.000000e+00,0.000000e+00,0.000000e+00,0.000000e+00,0.000000e+00,0.000000e+00,0.000000e+00,0.000000e+00,0.000000e+00,0.000000e+00
4.394664e-01,1.231330e-02,1.415845e-01,3.237274e-02,5.901987e-03,1.024822e-01,6.539883e-02,8.803274e-02,4.196122e-03,1.814846e-03,7.857911e-03,4.205441e-02,4.023251e-02,2.208390e-03,1.408327e-02
4.381598e-01,1.068376e-02,1.586640e-01,2.916748e-02,5.127542e-03,8.926854e-02,6.754270e-02,1.097476e-01,3.500405e-03,1.561636e-03,6.723353e-03,3.280266e-02,3.165668e-02,2.088726e-03,1.330515e-02
4.694054e-01,1.035331e-02,1.409638e-01,2.712621e-02,4.631098e-03,7.721863e-02,6.823917e-02,1.230238e-01,3.223190e-03,1.514349e-03,6.419534e-03,2.626492e-02,2.567863e-02,2.396344e-03,1.354162e-02
1.000000e+00,0.000000e+00,0.000000e+00,0.000000e+00,0.000000e+00,0.000000e+00,0.000000e+00,0.000000e+00,0.000000e+00,0.000000e+00,0.000000e+00,0.000000e+00,0.000000e+00,0.000000e+00,0.000000e+00
1.000000e+00,0.000000e+00,0.000000e+00,0.000000e+00,0.000000e+00,0.000000e+00,0.000000e+00,0.000000e+00,0.000000e+00,0.000000e+00,0.000000e+00,0.000000e+00,0.000000e+00,0.000000e+00,0.000000e+00
1.000000e+00,0.000000e+00,0.000000e+00,0.000000e+00,0.000000e+00,0.000000e+00,0.000000e+00,0.000000e+00,0.000000e+00,0.000000e+00,0.000000e+00,0.000000e+00,0.000000e+00,0.000000e+00,0.000000e+00
1.000000e+00,0.000000e+00,0.000000e+00,0.000000e+00,0.000000e+00,0.000000e+00,0.000000e+00,0.000000e+00,0.000000e+00,0.000000e+00,0.000000e+00,0.000000e+00,0.000000e+00,0.000000e+00,0.000000e+00
1.000000e+00,0.000000e+00,0.000000e+00,0.000000e+00,0.000000e+00,0.000000e+00,0.000000e+00,0.000000e+00,0.000000e+00,0.000000e+00,0.000000e+00,0.000000e+00,0.000000e+00,0.000000e+00,0.000000e+00
1.000000e+00,0.000000e+00,0.000000e+00,0.000000e+00,0.000000e+00,0.000000e+00,0.000000e+00,0.000000e+00,0.000000e+00,0.000000e+00,0.000000e+00,0.000000e+00,0.000000e+00,0.000000e+00,0.000000e+00
1.000000e+00,0.000000e+00,0.000000e+00,0.000000e+00,0.000000e+00,0.000000e+00,0.000000e+00,0.000000e+00,0.000000e+00,0.000000e+00,0.000000e+00,0.000000e+00,0.000000e+00,0.000000e+00,0.000000e+00
4.315804e-01,1.103704e-02,2.197703e-02,4.278998e-02,1.029004e-02,2.914489e-02,3.675581e-02,1.954951e-01,2.062326e-02,7.908643e-03,4.959090e-02,4.189695e-02,2.764853e-02,4.310862e-02,3.015276e-02
3.204629e-01,1.108373e-02,1.662490e-02,3.889623e-02,8.077787e-03,2.603933e-02,2.811582e-02,1.505542e-01,2.266951e-02,7.440757e-03,1.095841e-01,3.731022e-02,3.834734e-02,1.522131e-01,3.258004e-02
2.267935e-01,1.034245e-02,1.171691e-02,2.892560e-02,6.816128e-03,2.034948e-02,2.131413e-02,1.058867e-01,2.696376e-02,7.244161e-03,9.169009e-02,3.291463e-02,3.703791e-02,3.417481e-01,3.025641e-02
1.615369e-01,8.234632e-03,8.338241e-03,2.259237e-02,5.566829e-03,1.985526e-02,1.634630e-02,7.456160e-02,2.667139e-02,8.068448e-03,7.036501e-02,2.422044e-02,2.750042e-02,4.970945e-01,2.904762e-02
1.160958e-01,6.936508e-03,5.972243e-03,1.748358e-02,5.553907e-03,1.800971e-02,1.281749e-02,5.261049e-02,2.800025e-02,8.983681e-03,5.268628e-02,1.909869e-02,2.122733e-02,6.065123e-01,2.801175e-02
9.702455e-02,5.393484e-03,4.751309e-03,1.320000e-02,9.691169e-03,1.691019e-02,9.848669e-03,3.770059e-02,2.594113e-02,7.917318e-03,4.019725e-02,1.454922e-02,1.803136e-02,6.700749e-01,2.876879e-02
1.083579e-01,4.543977e-03,7.522655e-03,9.830012e-03,1.438933e-02,1.727936e-02,8.740046e-03,2.727841e-02,2.727838e-02,9.029455e-03,3.215188e-02,1.117750e-02,1.599259e-02,6.785954e-01,2.783313e-02
1.315083e-01,7.050239e-03,2.552376e-02,8.519553e-03,1.220979e-02,2.122859e-02,6.614270e-03,1.968156e-02,5.172876e-02,1.731505e-02,3.091702e-02,1.164120e-02,2.745113e-02,5.562423e-01,7.236852e-02
1.398551e-01,7.634372e-03,2.900794e-02,7.519561e-03,1.019859e-02,1.772405e-02,5.412980e-03,1.681621e-02,5.952641e-02,1.675983e-02,3.580245e-02,1.289685e-02,3.528344e-02,5.446656e-01,6.089664e-02
1.158939e-01,7.172023e-03,2.445799e-02,6.027384e-03,8.707732e-03,1.439402e-02,4.058053e-03,1.289720e-02,8.487751e-02,1.467190e-02,3.312687e-02,9.697100e-03,2.876865e-02,5.812261e-01,5.402363e-02
9.608848e-02,8.669740e-03,5.450121e-02,6.273533e-03,8.077307e-03,1.370590e-02,3.264351e-03,1.087592e-02,1.158130e-01,2.111660e-02,3.096951e-02,7.265558e-03,2.540683e-02,5.495912e-01,4.838089e-02
7.982899e-02,9.586981e-03,6.038075e-02,5.558223e-03,8.619184e-03,1.315702e-02,2.478631e-03,9.572326e-03,1.591550e-01,2.957723e-02,2.963454e-02,5.362704e-03,2.204814e-02,5.078236e-01,5.721672e-02
6.675528e-02,1.179075e-02,7.103056e-02,4.990244e-03,9.106517e-03,1.232164e-02,2.051413e-03,7.685177e-03,2.035793e-01,3.735033e-02,3.287149e-02,4.194682e-03,2.117768e-02,4.040537e-01,1.110412e-01
5.433257e-02,3.551641e-02,7.027618e-02,4.358533e-03,9.311304e-03,9.418928e-03,1.783431e-03,7.366457e-03,2.444388e-01,3.719305e-02,3.064188e-02,3.591701e-03,2.415866e-02,3.417912e-01,1.258209e-01
5.090182e-02,5.853459e-02,6.230663e-02,4.256513e-03,1.505165e-02,7.204971e-03,1.842164e-03,7.691324e-03,2.810517e-01,3.880825e-02,2.616367e-02,2.717804e-03,2.025901e-02,3.094908e-01,1.137191e-01
4.332736e-02,5.783095e-02,1.027021e-01,1.131507e-02,1.278766e-02,5.467985e-03,1.988117e-03,6.865000e-03,3.506162e-01,3.164054e-02,1.995778e-02,2.081516e-03,1.509003e-02,2.285946e-01,1.097351e-01
3.939541e-02,6.613407e-02,9.867627e-02,1.011470e-02,1.439110e-02,4.571177e-03,1.713642e-03,1.111824e-01,2.995898e-01,2.382843e-02,1.540366e-02,1.620903e-03,1.300838e-02,1.663604e-01,1.340097e-01
3.608514e-02,1.128004e-01,9.948278e-02,1.397388e-02,1.454787e-02,4.337255e-03,1.556912e-03,1.620806e-01,2.456842e-01,1.753509e-02,1.098215e-02,1.182082e-03,9.704120e-03,1.244101e-01,1.456373e-01
3.580750e-02,1.526754e-01,8.489572e-02,1.206074e-02,2.948101e-02,5.001297e-03,1.374489e-03,2.155575e-01,1.984775e-01,1.280464e-02,7.840241e-03,9.719024e-04,7.782463e-03,1.000030e-01,1.352666e-01
3.675080e-02,1.283985e-01,6.960224e-02,1.050437e-02,4.225867e-02,4.783117e-03,1.457982e-03,3.238640e-01,1.627040e-01,9.492159e-03,5.733610e-03,8.598837e-04,6.262259e-03,9.264231e-02,1.046861e-01
3.375665e-02,9.483688e-02,5.281986e-02,8.181475e-03,3.519868e-02,3.781211e-03,1.395707e-03,4.787489e-01,1.249907e-01,6.763157e-03,4.256029e-03,9.311304e-04,4.775131e-03,7.545670e-02,7.410783e-02
3.264483e-02,6.886715e-02,3.814779e-02,6.111525e-03,2.892725e-02,3.140303e-03,1.318475e-03,6.045817e-01,9.285856e-02,4.818498e-03,3.087323e-03,8.368286e-04,3.578078e-03,5.845563e-02,5.262612e-02
6.890854e-02,5.526312e-02,2.829721e-02,4.979534e-03,2.589444e-02,4.277567e-03,3.126552e-03,6.248728e-01,8.925667e-02,3.538669e-03,2.505267e-03,1.203418e-03,3.062864e-03,4.675020e-02,3.806315e-02
1.630983e-01,4.865015e-02,2.118837e-02,4.611770e-03,2.206699e-02,5.233745e-03,3.495885e-03,5.703618e-01,8.618192e-02,3.032299e-03,2.369164e-03,2.583373e-03,3.430347e-03,3.508943e-02,2.860647e-02
2.461633e-01,3.860700e-02,1.628727e-02,5.538967e-03,1.791489e-02,7.357054e-03,3.061574e-03,5.292161e-01,6.794289e-02,2.980398e-03,3.279099e-03,6.010070e-03,3.915861e-03,2.660897e-02,2.511658e-02
2.909122e-01,3.716185e-02,2.058570e-02,6.348321e-02,1.618932e-02,1.161245e-02,2.869274e-03,3.916093e-01,6.007703e-02,7.141125e-03,8.140947e-03,2.894402e-02,1.431979e-02,1.938439e-02,2.756942e-02
3.016820e-01,3.598604e-02,2.107327e-02,1.319055e-01,1.443378e-02,1.385762e-02,2.416099e-03,2.769970e-01,4.857184e-02,9.873407e-03,1.675587e-02,3.179371e-02,4.142921e-02,1.477425e-02,3.845042e-02
2.441854e-01,3.011136e-02,3.690961e-02,1.895965e-01,1.114393e-02,1.077528e-02,2.021806e-03,1.953440e-01,4.768248e-02,1.851769e-02,2.631581e-02,3.117819e-02,6.328734e-02,1.170992e-02,8.122064e-02
2.493973e-01,2.191161e-02,2.682637e-02,1.508653e-01,9.137550e-03,9.098862e-03,1.521211e-03,1.370893e-01,3.853487e-02,1.573846e-02,4.211301e-02,1.188020e-01,1.014905e-01,1.347106e-02,6.400251e-02
2.809580e-01,1.577116e-02,2.034501e-02,1.144251e-01,9.795942e-03,1.049489e-02,1.499198e-03,9.699239e-02,3.121543e-02,1.151006e-02,4.740596e-02,9.655906e-02,2.029105e-01,1.157069e-02,4.854668e-02
2.198297e-01,1.118211e-02,1.442406e-02,8.063883e-02,8.872474e-03,9.169604e-03,1.346729e-03,6.824192e-02,2.566542e-02,8.366115e-03,5.122295e-02,7.608815e-02,3.749591e-01,1.007859e-02,3.991421e-02
1.687376e-01,8.135097e-03,1.046755e-02,5.672778e-02,8.405854e-03,8.135180e-03,1.400954e-03,4.819401e-02,2.292258e-02,6.432849e-03,4.477339e-02,7.134082e-02,4.895253e-01,1.419832e-02,4.060273e-02
1.255346e-01,6.139612e-03,8.106263e-03,3.983475e-02,8.372826e-03,6.377039e-03,1.443068e-03,3.405378e-02,2.386215e-02,6.291435e-03,3.846991e-02,8.159958e-02,5.389422e-01,2.010179e-02,6.087103e-02
9.013488e-02,4.647044e-03,5.799063e-03,2.794868e-02,7.577931e-03,5.366820e-03,1.409636e-03,2.407079e-02,2.707988e-02,6.299077e-03,3.422115e-02,8.459480e-02,5.858828e-01,1.965299e-02,7.531442e-02
6.623077e-02,3.731208e-03,4.225467e-03,1.965034e-02,9.605621e-03,4.332638e-03,1.356247e-03,1.705479e-02,3.794407e-02,7.669988e-03,3.086148e-02,8.505271e-02,6.194648e-01,1.714658e-02,7.567327e-02
4.836379e-02,4.289191e-03,3.157710e-03,1.384877e-02,1.154297e-02,4.583738e-03,1.059332e-03,1.209406e-02,9.799399e-02,9.196121e-03,2.818877e-02,9.574017e-02,5.796664e-01,1.477157e-02,7.550336e-02
3.617039e-02,4.708842e-03,2.382948e-03,9.882057e-03,1.628378e-02,5.008497e-03,8.919133e-04,8.610285e-03,2.323981e-01,9.645440e-03,2.461745e-02,8.557148e-02,4.765677e-01,1.148706e-02,7.577398e-02
2.699249e-02,9.565966e-03,1.997667e-03,7.080343e-03,1.364119e-02,9.342241e-03,6.570359e-04,6.214289e-03,3.001050e-01,9.866690e-03,2.332173e-02,8.428353e-02,3.964222e-01,1.110921e-02,9.940042e-02
1.986230e-02,3.368550e-02,1.808415e-03,5.102914e-03,1.088445e-02,3.114326e-02,4.704336e-04,4.589990e-03,2.923151e-01,1.018526e-02,2.183450e-02,7.611200e-02,3.069293e-01,1.458317e-02,1.704934e-01
1.481166e-02,4.968513e-02,1.537356e-03,3.783563e-03,9.245179e-03,7.308739e-02,3.507095e-04,3.804439e-03,3.186513e-01,8.971502e-03,1.973274e-02,6.628340e-02,2.333468e-01,1.867553e-02,1.780333e-01
1.095249e-02,4.651638e-02,1.261370e-03,2.929389e-03,1.133663e-02,1.141337e-01,3.933579e-04,4.238341e-03,3.554490e-01,7.207226e-03,1.677519e-02,6.887068e-02,1.781561e-01,4.621986e-02,1.355603e-01
8.047409e-03,4.096553e-02,1.813140e-03,3.046723e-03,1.704555e-02,1.026113e-01,5.763659e-04,4.443819e-02,4.281139e-01,5.791632e-03,1.403081e-02,5.513122e-02,1.302154e-01,4.647097e-02,1.017019e-01
6.243935e-03,3.915231e-02,3.826509e-03,2.484507e-03,1.643123e-02,1.063613e-01,5.336418e-04,7.424829e-02,4.778313e-01,4.236870e-03,1.223936e-02,4.238996e-02,9.440704e-02,4.674336e-02,7.287035e-02
4.507589e-03,2.970037e-02,2.880202e-03,2.250422e-03,1.455393e-02,1.183721e-01,5.633762e-04,5.446443e-02,5.770742e-01,2.998311e-03,9.020018e-03,3.046421e-02,6.701164e-02,3.463254e-02,5.150670e-02
3.334335e-03,2.279209e-02,2.091725e-03,2.839996e-03,1.377934e-02,1.093892e-01,7.644398e-04,3.883971e-02,6.666462e-01,2.128381e-03,6.655205e-03,2.232823e-02,4.759687e-02,2.455750e-02,3.625672e-02
3.507912e-03,1.799327e-02,1.630276e-03,5.653810e-03,5.344789e-02,9.903001e-02,3.732940e-03,3.590919e-02,6.801459e-01,1.542281e-03,4.746791e-03,1.571945e-02,3.380517e-02,1.736946e-02,2.576559e-02
4.894693e-03,1.508424e-02,1.296422e-03,1.793197e-02,9.301424e-02,9.312002e-02,4.654158e-03,3.018262e-02,6.664981e-01,1.242188e-03,3.411272e-03,1.108262e-02,2.534976e-02,1.226386e-02,1.997386e-02
8.131546e-03,1.447368e-02,1.134123e-03,7.464578e-02,9.285752e-02,7.345041e-02,4.032010e-03,2.747479e-02,6.393085e-01,1.511981e-03,2.680848e-03,8.111044e-03,2.318745e-02,8.645020e-03,2.035527e-02
1.045504e-02,1.130985e-02,1.149763e-03,7.834163e-02,1.123304e-01,5.531434e-02,3.754009e-03,4.776397e-02,6.291035e-01,1.224008e-03,2.129839e-03,5.839244e-03,1.886365e-02,6.091727e-03,1.632906e-02
1.160141e-02,8.344979e-03,1.002653e-03,5.674284e-02,1.029845e-01,4.014441e-02,3.071482e-03,1.426993e-01,5.971740e-01,8.793080e-04,1.742461e-03,4.183867e-03,1.355015e-02,4.288704e-03,1.158980e-02
1.781177e-02,8.232539e-03,2.062448e-03,4.296158e-02,8.634977e-02,2.949712e-02,3.362423e-03,3.000301e-01,4.818390e-01,6.779218e-04,1.523066e-03,3.179946e-03,1.107187e-02,3.037986e-03,8.362335e-03
1.814612e-02,1.173489e-02,5.728269e-03,3.317316e-02,6.816756e-02,2.340709e-02,3.051331e-03,4.315122e-01,3.747246e-01,7.097941e-04,1.646996e-03,2.433238e-03,1.680676e-02,2.172403e-03,6.585527e-03
1.742723e-02,9.649051e-03,8.853547e-03,2.388506e-02,5.242343e-02,1.717294e-02,2.500465e-03,5.748488e-01,2.671060e-01,6.451845e-04,2.255916e-03,1.844543e-03,1.294136e-02,1.612012e-03,6.834351e-03
2.239682e-02,8.533831e-03,9.381401e-03,1.749092e-02,4.076114e-02,1.288886e-02,2.455223e-03,6.725928e-01,1.910132e-01,5.898933e-04,2.485481e-03,1.638552e-03,1.082260e-02,1.252160e-03,5.697139e-03
3.614843e-02,9.517924e-03,9.204062e-03,1.305275e-02,3.257314e-02,1.106482e-02,2.859559e-03,7.172604e-01,1.399715e-01,7.101253e-04,6.221399e-03,2.611003e-03,1.286489e-02,1.037892e-03,4.902122e-03
7.211921e-02,1.273227e-02,8.260599e-03,1.173619e-02,2.545696e-02,1.184144e-02,2.639687e-03,6.698493e-01,1.078067e-01,3.517760e-03,2.231592e-02,9.085711e-03,3.264086e-02,2.311890e-03,7.685459e-03
8.152629e-02,1.119538e-02,7.517300e-03,2.552474e-02,1.967924e-02,1.022850e-02,2.252779e-03,5.652184e-01,9.292815e-02,1.034146e-02,7.033435e-02,2.335751e-02,6.127146e-02,7.827423e-03,1.079711e-02
8.937450e-02,2.115431e-02,1.354450e-02,1.219919e-01,1.954079e-02,8.528512e-03,2.386475e-03,4.051012e-01,1.043547e-01,1.191568e-02,6.997406e-02,3.298856e-02,6.501158e-02,7.530848e-03,2.660239e-02
6.941490e-02,1.939195e-02,1.485044e-02,1.086821e-01,1.920949e-02,7.082128e-03,2.355725e-03,2.845998e-01,9.438495e-02,1.090284e-02,1.181876e-01,3.699187e-02,1.449269e-01,2.040955e-02,4.860969e-02
7.623845e-02,1.674570e-02,5.063463e-02,1.178748e-01,2.260984e-02,6.391764e-03,2.272671e-03,2.012322e-01,1.286137e-01,9.461702e-03,1.085879e-01,3.217357e-02,1.403399e-01,1.986763e-02,6.695548e-02
1.424492e-01,1.297981e-02,3.755975e-02,8.629008e-02,3.073908e-02,5.298408e-03,2.025662e-03,1.426681e-01,1.004014e-01,8.132412e-03,1.125203e-01,3.168338e-02,2.103929e-01,2.709837e-02,4.976119e-02
2.499748e-01,1.093376e-02,3.434860e-02,6.445307e-02,3.192370e-02,5.552758e-03,1.949657e-03,1.032464e-01,8.062244e-02,6.344778e-03,9.708580e-02,2.755624e-02,2.175473e-01,3.102170e-02,3.743901e-02
3.273926e-01,8.749081e-03,2.956910e-02,5.043780e-02,2.640074e-02,5.556443e-03,2.098755e-03,7.750843e-02,7.935002e-02,6.505725e-03,9.691399e-02,3.226262e-02,1.929701e-01,3.369571e-02,3.058904e-02
3.726803e-01,7.521179e-03,2.405867e-02,6.197374e-02,2.524490e-02,6.808979e-03,2.203200e-03,6.041093e-02,7.927656e-02,6.561341e-03,9.090752e-02,3.203792e-02,1.749464e-01,2.851962e-02,2.684886e-02
3.250853e-01,6.648591e-03,2.922397e-02,1.199690e-01,2.595879e-02,7.012255e-03,2.179816e-03,5.474402e-02,1.009049e-01,7.490269e-03,9.122963e-02,3.101050e-02,1.529395e-01,2.264564e-02,2.295791e-02
2.450687e-01,6.726979e-03,3.186443e-02,8.886485e-02,4.056405e-02,6.058315e-03,2.719293e-03,4.178650e-02,1.316349e-01,9.051485e-03,1.444947e-01,3.821070e-02,1.709357e-01,2.110165e-02,2.091784e-02
2.213030e-01,7.058755e-03,3.908999e-02,7.441074e-02,4.391392e-02,6.148155e-03,3.315980e-03,6.714696e-02,1.319906e-01,1.061028e-02,1.433282e-01,3.852348e-02,1.563669e-01,3.217578e-02,2.461724e-02
2.243226e-01,1.127189e-02,5.879658e-02,6.006511e-02,5.121643e-02,6.542657e-03,3.288744e-03,5.497070e-02,1.619737e-01,1.163458e-02,1.314959e-01,3.183020e-02,1.199612e-01,4.125552e-02,3.137425e-02
2.200215e-01,2.024777e-02,1.216355e-01,5.968456e-02,6.233706e-02,5.867067e-03,3.014600e-03,7.772788e-02,1.399642e-01,1.131376e-02,9.874477e-02,2.444229e-02,8.822400e-02,3.605006e-02,3.072495e-02
2.112620e-01,3.531089e-02,1.525543e-01,5.364496e-02,7.915273e-02,6.483681e-03,2.591928e-03,7.574841e-02,1.369584e-01,1.134309e-02,7.573848e-02,1.880527e-02,6.437226e-02,3.984338e-02,3.619019e-02
2.034084e-01,5.331611e-02,1.487686e-01,4.295678e-02,7.357715e-02,7.746364e-03,2.348458e-03,6.608389e-02,1.416133e-01,3.771484e-02,7.723232e-02,1.452655e-02,4.639670e-02,5.303676e-02,3.127369e-02
1.930158e-01,8.117916e-02,1.532152e-01,3.835107e-02,8.110218e-02,1.055588e-02,2.151202e-03,5.340030e-02,1.531791e-01,3.959879e-02,6.509039e-02,1.273668e-02,3.397760e-02,5.099523e-02,3.145128e-02
1.405272e-01,6.577957e-02,1.116466e-01,8.571693e-02,6.104598e-02,7.711297e-03,1.589811e-03,3.909227e-02,2.997008e-01,3.131689e-02,4.716639e-02,9.370575e-03,2.445539e-02,3.584469e-02,3.903557e-02
1.005989e-01,5.475752e-02,9.101529e-02,1.250715e-01,4.522677e-02,5.591332e-03,1.195236e-03,2.788821e-02,4.024525e-01,2.420929e-02,3.480890e-02,6.892995e-03,1.815760e-02,2.519710e-02,3.693691e-02
8.747596e-02,5.036814e-02,7.392314e-02,1.277034e-01,9.112027e-02,1.149681e-02,1.804464e-03,2.059034e-02,4.113618e-01,1.933047e-02,2.736210e-02,5.628285e-03,1.388598e-02,1.777868e-02,4.017018e-02
8.866854e-02,3.825618e-02,6.235185e-02,1.861735e-01,8.081726e-02,1.046469e-02,1.838242e-03,2.933356e-02,4.050429e-01,1.495138e-02,2.191012e-02,5.154502e-03,1.090145e-02,1.265083e-02,3.148495e-02
1.320265e-01,3.240515e-02,4.703864e-02,1.521858e-01,1.132005e-01,1.493797e-02,2.689780e-03,2.617021e-02,4.013723e-01,1.074682e-02,1.773561e-02,6.198970e-03,9.070167e-03,9.227409e-03,2.499424e-02
1.369114e-01,3.155158e-02,3.453285e-02,1.526952e-01,1.445685e-01,1.271003e-02,3.402147e-03,3.794480e-02,3.833162e-01,7.916423e-03,1.447909e-02,5.891356e-03,6.822981e-03,6.761303e-03,2.049611e-02
1.731896e-01,2.742033e-02,3.630520e-02,1.966151e-01,1.487394e-01,1.144231e-02,4.066202e-03,4.182539e-02,3.048608e-01,6.178499e-03,1.257023e-02,6.114538e-03,5.595250e-03,5.279975e-03,1.979716e-02
2.566799e-01,2.857909e-02,3.068960e-02,1.899066e-01,1.443432e-01,1.104286e-02,5.050312e-03,3.555247e-02,2.440878e-01,4.959507e-03,1.109022e-02,7.957077e-03,5.907380e-03,4.418469e-03,1.973556e-02
3.259678e-01,2.535432e-02,2.345905e-02,1.564611e-01,1.617631e-01,1.312058e-02,9.370866e-03,2.737125e-02,1.900329e-01,4.315861e-03,1.960059e-02,1.271956e-02,7.183201e-03,5.912114e-03,1.736773e-02
3.383684e-01,2.924425e-02,1.786030e-02,1.332209e-01,1.687158e-01,2.464692e-02,1.010448e-02,2.154840e-02,1.694263e-01,5.204889e-03,2.771505e-02,1.942905e-02,1.066368e-02,6.320391e-03,1.753113e-02
3.955455e-01,3.189084e-02,1.609319e-02,1.299996e-01,1.254866e-01,2.808004e-02,1.103224e-02,1.842821e-02,1.228211e-01,5.102645e-03,3.234197e-02,3.807153e-02,1.721630e-02,8.018817e-03,1.987144e-02
3.746167e-01,2.934763e-02,1.269978e-02,1.553825e-01,9.668743e-02,2.416433e-02,8.747486e-03,1.411065e-02,9.425251e-02,7.670651e-03,5.920041e-02,4.542809e-02,4.481193e-02,7.824193e-03,2.505583e-02
3.531499e-01,2.304279e-02,1.042758e-02,1.975277e-01,7.134682e-02,2.171950e-02,6.441447e-03,1.190244e-02,7.239355e-02,7.987616e-03,8.018626e-02,4.711160e-02,6.641747e-02,6.934263e-03,2.341121e-02
3.073550e-01,1.708835e-02,8.797251e-03,1.775477e-01,5.236592e-02,1.778454e-02,4.898437e-03,9.195300e-03,5.775886e-02,1.337149e-02,1.505649e-01,4.495798e-02,1.064055e-01,1.180319e-02,2.010572e-02
3.058837e-01,1.341884e-02,1.055623e-02,2.078470e-01,3.883589e-02,1.479988e-02,3.725799e-03,8.915288e-03,4.737265e-02,1.265613e-02,1.700660e-01,3.619160e-02,1.011148e-01,1.154342e-02,1.707284e-02
2.577215e-01,1.089023e-02,1.273617e-02,1.766910e-01,2.998309e-02,1.205510e-02,2.953827e-03,1.019726e-02,5.007849e-02,2.260017e-02,2.206522e-01,3.069445e-02,1.171443e-01,1.810999e-02,2.749234e-02
2.196758e-01,9.058050e-03,1.104309e-01,2.292722e-01,2.602804e-02,9.719016e-03,2.305500e-03,9.309286e-03,4.136723e-02,1.803211e-02,1.684728e-01,2.423978e-02,9.554890e-02,1.490601e-02,2.163443e-02
2.362508e-01,9.285484e-03,9.256990e-02,1.757191e-01,3.314098e-02,1.180693e-02,2.322465e-03,1.498162e-02,3.864087e-02,1.749587e-02,1.987955e-01,2.222429e-02,8.933252e-02,2.290137e-02,3.453237e-02
2.740970e-01,7.540869e-03,6.980141e-02,1.283345e-01,3.079781e-02,1.088901e-02,2.663808e-03,1.356062e-02,3.128782e-02,1.489872e-02,1.804411e-01,2.096016e-02,1.482597e-01,2.019082e-02,4.627675e-02
2.411763e-01,6.372004e-03,5.177019e-02,9.927787e-02,2.883994e-02,1.107891e-02,2.821454e-03,1.635420e-02,2.717518e-02,1.253227e-02,1.666667e-01,2.004987e-02,2.548980e-01,1.839604e-02,4.259111e-02
1.792369e-01,4.709437e-03,3.658016e-02,7.019628e-02,2.125806e-02,8.526787e-03,2.360958e-03,1.261362e-02,2.227782e-02,9.599336e-03,1.295999e-01,2.152913e-02,3.986685e-01,2.119813e-02,6.164500e-02
1.480739e-01,4.129455e-03,2.774827e-02,5.017407e-02,1.926683e-02,9.091105e-03,3.711912e-03,1.225053e-02,2.180947e-02,8.173552e-03,9.871671e-02,3.519771e-02,4.438555e-01,1.854334e-02,9.925772e-02
1.155516e-01,4.810409e-03,4.232404e-02,3.914435e-02,2.244223e-02,2.553207e-02,1.991409e-02,1.601568e-02,2.843705e-02,7.165410e-03,7.353730e-02,5.813476e-02,4.369705e-01,1.623881e-02,9.378170e-02
1.037644e-01,6.294965e-03,3.574549e-02,2.977263e-02,4.666108e-02,4.988598e-02,1.811673e-02,1.482297e-02,3.754792e-02,5.932227e-03,5.586037e-02,5.684234e-02,4.329867e-01,1.519653e-02,9.056970e-02
1.585870e-01,1.077627e-02,6.529371e-02,4.066885e-02,5.052793e-02,5.343271e-02,1.754576e-02,1.877658e-02,6.041157e-02,7.963214e-03,4.101520e-02,4.962794e-02,3.386191e-01,1.313244e-02,7.362174e-02
1.467294e-01,1.302144e-02,5.949463e-02,5.042639e-02,4.465104e-02,7.421273e-02,1.296317e-02,1.546799e-02,7.644838e-02,1.417356e-02,4.239116e-02,5.220210e-02,3.086759e-01,1.666286e-02,7.247923e-02
1.702552e-01,1.076389e-02,4.348383e-02,6.968734e-02,3.542232e-02,6.998493e-02,9.240723e-03,1.215600e-02,5.843321e-02,1.130417e-02,3.340259e-02,3.870019e-02,3.718724e-01,1.190773e-02,5.338547e-02
1.896724e-01,8.594705e-03,3.204637e-02,5.292975e-02,2.959005e-02,6.466762e-02,7.959280e-03,1.254935e-02,4.432753e-02,8.337869e-03,2.748958e-02,5.326629e-02,4.208798e-01,8.743755e-03,3.894562e-02
2.022672e-01,7.249016e-03,2.322821e-02,4.012271e-02,2.684469e-02,5.193190e-02,5.928867e-03,1.090991e-02,3.657631e-02,6.429750e-03,2.828714e-02,8.018524e-02,4.438454e-01,7.555430e-03,2.863819e-02
2.027623e-01,7.213489e-03,1.669399e-02,2.970333e-02,3.071188e-02,4.713581e-02,4.425650e-03,9.321414e-03,3.138613e-02,4.955797e-03,2.394638e-02,8.929118e-02,4.749368e-01,6.257526e-03,2.125837e-02
1.566054e-01,7.450534e-03,1.558572e-02,2.314099e-02,3.247988e-02,3.776452e-02,4.095601e-03,3.086860e-02,2.567761e-02,4.946490e-03,3.842066e-02,9.945728e-02,4.935308e-01,6.244866e-03,2.373105e-02
1.321961e-01,5.979491e-03,1.844604e-02,2.278837e-02,3.021069e-02,2.877227e-02,3.501654e-03,1.721668e-01,2.215175e-02,3.755814e-03,3.480104e-02,8.242320e-02,4.154581e-01,5.851223e-03,2.149745e-02
1.155567e-01,7.942703e-03,1.854872e-02,2.540242e-02,9.938637e-02,4.141156e-02,6.539859e-03,1.487251e-01,4.927856e-02,3.009903e-03,3.055461e-02,8.569018e-02,3.456566e-01,4.566827e-03,1.772992e-02
8.751199e-02,7.281902e-03,2.192019e-02,2.306248e-01,1.181216e-01,3.025925e-02,5.172697e-03,1.167944e-01,3.841272e-02,2.218768e-03,2.203961e-02,6.040595e-02,2.433838e-01,3.256778e-03,1.259562e-02
8.373609e-02,7.593248e-03,2.380941e-02,3.293524e-01,1.065214e-01,2.760882e-02,4.491219e-03,8.926784e-02,7.114758e-02,2.071076e-03,2.191718e-02,4.482204e-02,1.742058e-01,2.579009e-03,1.087688e-02
6.774410e-02,1.082960e-02,4.948711e-02,4.306892e-01,8.790188e-02,1.989354e-02,3.862241e-03,6.834646e-02,7.549918e-02,1.962639e-03,1.809702e-02,3.167972e-02,1.231922e-01,1.875243e-03,8.939880e-03
1.252687e-01,1.640382e-02,5.297562e-02,3.620029e-01,9.381646e-02,1.671862e-02,6.933134e-03,5.496397e-02,9.664446e-02,3.342062e-03,3.608878e-02,2.422418e-02,1.000359e-01,1.664763e-03,8.916574e-03
1.941079e-01,2.552871e-02,4.690966e-02,2.952807e-01,1.028832e-01,1.943311e-02,1.195749e-02,4.514648e-02,1.019224e-01,5.239466e-03,3.394922e-02,1.995773e-02,8.432234e-02,1.879589e-03,1.148190e-02
1.950150e-01,2.862439e-02,6.520377e-02,3.263159e-01,1.026180e-01,1.707772e-02,1.309248e-02,4.713215e-02,8.033548e-02,4.928153e-03,2.590018e-02,1.618199e-02,6.500837e-02,1.740944e-03,1.082545e-02
2.319478e-01,3.575464e-02,5.093809e-02,2.856784e-01,1.010509e-01,1.754501e-02,1.409152e-02,4.037691e-02,1.057456e-01,6.489282e-03,2.065225e-02,1.389525e-02,6.161869e-02,1.755715e-03,1.245985e-02
2.555768e-01,3.061567e-02,4.201534e-02,2.976986e-01,1.204639e-01,1.949496e-02,1.242392e-02,3.542462e-02,9.006272e-02,6.024932e-03,1.571036e-02,1.166770e-02,4.799141e-02,1.520213e-03,1.330882e-02
3.136972e-01,2.746935e-02,4.741958e-02,2.709999e-01,9.041574e-02,2.133757e-02,1.025779e-02,2.876805e-02,8.982956e-02,5.339739e-03,1.334122e-02,1.848672e-02,4.780538e-02,1.303495e-03,1.352859e-02
2.525994e-01,2.921223e-02,5.013838e-02,3.113820e-01,6.595797e-02,1.692035e-02,7.525031e-03,2.084081e-02,1.058558e-01,5.609566e-03,1.380347e-02,1.889875e-02,7.210652e-02,1.553540e-03,2.759608e-02
2.604454e-01,3.460735e-02,3.772238e-02,2.889240e-01,4.748937e-02,1.263483e-02,5.798969e-03,1.529198e-02,1.146203e-01,5.026801e-03,1.415854e-02,2.989462e-02,5.367883e-02,1.095705e-02,6.874958e-02
2.419790e-01,2.591400e-02,2.679781e-02,2.626018e-01,3.762547e-02,9.835950e-03,4.398040e-03,1.122219e-02,9.210582e-02,4.892441e-03,1.274665e-01,3.117700e-02,5.858236e-02,1.083147e-02,5.457009e-02
2.551337e-01,1.876950e-02,1.914591e-02,2.157381e-01,4.060961e-02,8.720441e-03,3.842426e-03,8.775488e-03,8.133122e-02,8.168176e-03,1.607740e-01,5.327769e-02,7.329883e-02,1.011189e-02,4.230301e-02
3.407220e-01,1.522105e-02,1.773367e-02,1.807560e-01,5.020247e-02,1.860847e-02,4.025687e-03,9.554312e-03,7.175875e-02,7.121278e-03,1.346208e-01,4.977167e-02,5.746618e-02,1.035749e-02,3.208014e-02
3.917881e-01,1.435196e-02,1.357124e-02,1.320063e-01,4.566430e-02,2.732486e-02,3.727734e-03,1.083813e-02,7.675067e-02,8.099124e-03,1.149942e-01,7.464424e-02,4.870944e-02,1.331275e-02,2.421694e-02
3.838075e-01,1.361858e-02,1.034055e-02,9.826680e-02,3.477236e-02,3.042153e-02,4.179562e-03,1.595194e-02,8.481149e-02,8.558614e-03,9.272581e-02,1.234290e-01,6.381981e-02,1.735929e-02,1.793711e-02
2.815882e-01,2.695141e-02,8.664307e-03,7.422291e-02,2.733058e-02,2.639258e-02,3.144576e-03,1.372755e-02,1.486135e-01,9.194120e-03,8.468556e-02,1.732541e-01,8.545575e-02,2.220789e-02,1.456681e-02
2.225067e-01,3.774890e-02,1.487368e-02,5.672814e-02,3.128839e-02,2.032047e-02,2.816004e-03,2.063926e-02,1.727650e-01,9.607636e-03,9.642688e-02,1.626887e-01,9.118478e-02,4.758201e-02,1.282333e-02
1.649869e-01,3.421398e-02,1.148429e-02,4.431247e-02,2.340798e-02,1.997958e-02,2.105607e-03,1.725480e-02,2.098091e-01,1.041637e-02,1.048585e-01,1.852083e-01,8.342730e-02,7.593056e-02,1.260430e-02
1.182138e-01,3.519774e-02,9.170930e-03,3.412718e-02,1.896622e-02,1.597591e-02,1.539408e-03,1.517424e-02,2.022894e-01,8.706975e-03,1.878054e-01,1.791512e-01,7.309516e-02,8.907427e-02,1.151211e-02
8.752659e-02,2.851050e-02,6.911262e-03,2.566184e-02,1.979038e-02,1.188163e-02,1.202773e-03,1.111861e-02,1.785329e-01,1.255631e-02,2.929766e-01,1.565101e-01,5.969483e-02,9.580329e-02,1.132238e-02
7.052741e-02,2.110941e-02,5.210270e-03,2.179039e-02,1.643762e-02,1.104751e-02,9.408371e-04,9.716959e-03,1.742014e-01,1.280241e-02,3.556565e-01,1.464361e-01,4.895976e-02,9.535824e-02,9.805243e-03
6.162675e-02,1.612683e-02,3.870282e-03,1.570609e-02,1.269956e-02,8.127690e-03,7.373776e-04,7.261402e-03,1.789084e-01,1.268063e-02,3.832474e-01,1.225178e-01,4.307315e-02,1.226398e-01,1.077694e-02
7.690008e-02,2.113090e-02,3.364533e-03,1.156559e-02,1.206847e-02,6.418533e-03,7.508252e-04,6.073719e-03,1.985956e-01,1.560276e-02,3.968339e-01,9.422677e-02,3.369829e-02,1.129727e-01,9.797418e-03
1.136066e-01,1.833563e-02,2.791896e-03,8.868653e-03,1.049793e-02,5.765509e-03,8.702918e-04,6.328483e-03,2.140719e-01,1.670286e-02,3.767336e-01,7.942346e-02,2.716116e-02,1.102635e-01,8.578472e-03
1.079232e-01,2.044202e-02,2.433813e-03,6.772535e-03,8.696383e-03,5.480366e-03,6.980721e-04,5.262986e-03,2.398475e-01,1.397737e-02,3.595542e-01,6.756625e-02,2.065929e-02,1.333485e-01,7.337436e-03
1.092502e-01,1.876314e-02,9.872371e-03,8.652126e-03,1.028851e-02,9.838102e-03,8.168994e-04,1.038012e-02,2.898188e-01,1.233918e-02,3.004327e-01,5.402995e-02,1.635941e-02,1.424904e-01,6.668025e-03
7.996487e-02,2.302628e-02,8.935822e-03,7.129885e-03,1.096956e-02,7.891297e-03,6.667346e-04,1.048896e-02,4.624149e-01,9.092432e-03,2.142275e-01,3.870992e-02,1.169866e-02,1.096076e-01,5.175485e-03
5.738231e-02,2.273688e-02,7.337815e-03,3.535821e-02,1.229812e-02,6.860881e-03,4.978647e-04,1.081353e-02,5.714691e-01,6.709847e-03,1.506139e-01,2.732551e-02,8.312251e-03,7.849325e-02,3.790584e-03
4.215743e-02,2.401459e-02,5.390833e-03,3.275654e-02,1.716221e-02,6.619388e-03,3.953877e-04,1.030049e-02,6.667770e-01,4.904460e-03,1.057205e-01,1.919261e-02,5.870911e-03,5.590495e-02,2.832670e-03
3.185681e-02,2.296704e-02,4.138375e-03,7.909653e-02,4.257429e-02,6.549944e-03,3.874112e-04,2.144587e-02,6.518314e-01,4.253560e-03,7.429510e-02,1.347963e-02,4.430512e-03,3.940395e-02,3.289542e-03
2.697692e-02,2.057774e-02,3.170828e-03,8.140987e-02,1.092130e-01,8.677263e-03,5.660704e-04,2.567298e-02,6.209168e-01,3.710666e-03,5.242696e-02,9.466921e-03,3.367838e-03,2.874896e-02,5.097137e-03
2.362329e-02,1.966242e-02,2.371926e-03,7.009301e-02,1.765579e-01,1.388214e-02,6.256672e-04,3.271360e-02,5.820913e-01,3.100844e-03,3.753052e-02,6.673486e-03,2.587703e-03,2.080554e-02,7.680623e-03
2.910993e-02,3.128421e-02,1.909303e-03,5.880163e-02,1.915131e-01,2.214603e-02,7.457982e-04,3.985672e-02,5.574364e-01,3.060578e-03,2.696153e-02,4.804453e-03,2.808747e-03,1.538479e-02,1.417678e-02
3.654063e-02,3.396676e-02,1.761215e-03,5.505330e-02,2.265643e-01,3.769042e-02,1.070338e-03,5.741615e-02,4.904377e-01,3.219299e-03,1.946485e-02,3.490528e-03,2.906354e-03,1.124142e-02,1.917672e-02
3.382989e-02,2.738213e-02,2.857051e-03,2.563548e-01,1.720406e-01,2.784895e-02,8.161070e-04,4.514800e-02,3.623458e-01,3.161791e-03,3.462326e-02,3.812605e-03,4.888465e-03,8.208881e-03,1.668159e-02
2.493760e-02,2.290320e-02,3.941835e-03,4.000527e-01,1.245917e-01,1.966352e-02,6.071072e-04,3.184530e-02,2.598545e-01,3.288830e-03,8.061488e-02,3.661062e-03,4.092257e-03,6.229948e-03,1.371556e-02
