1.000000e+00,0.000000e+00,0.000000e+00,0.000000e+00,0.000000e+00,0.000000e+00,0.000000e+00,0.000000e+00,0.000000e+00,0.000000e+00,0.000000e+00,0.000000e+00,0.000000e+00,0.000000e+00,0.000000e+00
1.000000e+00,0.000000e+00,0.000000e+00,0.000000e+00,0.000000e+00,0.000000e+00,0.000000e+00,0.000000e+00,0.000000e+00,0.000000e+00,0.000000e+00,0.000000e+00,0.000000e+00,0.000000e+00,0.000000e+00
1.000000e+00,0.000000e+00,0.000000e+00,0.000000e+00,0.000000e+00,0.000000e+00,0.000000e+00,0.000000e+00,0.000000e+00,0.000000e+00,0.000000e+00,0.000000e+00,0.000000e+00,0.000000e+00,0.000000e+00
1.000000e+00,0.000000e+00,0.000000e+00,0.000000e+00,0.000000e+00,0.000000e+00,0.000000e+00,0.000000e+00,0.000000e+00,0.000000e+00,0.000000e+00,0.000000e+00,0.000000e+00,0.000000e+00,0.000000e+00
1.000000e+00,0.000000e+00,0.000000e+00,0.000000e+00,0.000000e+00,0.000000e+00,0.000000e+00,0.000000e+00,0.000000e+00,0.000000e+00,0.000000e+00,0.000000e+00,0.000000e+00,0.000000e+00,0.000000e+00
1.000000e+00,0.000000e+00,0.000000e+00,0.000000e+00,0.000000e+00,0.000000e+00,0.000000e+00,0.000000e+00,0.000000e+00,0.000000e+00,0.000000e+00,0.000000e+00,0.000000e+00,0.000000e+00,0.000000e+00
1.000000e+00,0.000000e+00,0.000000e+00,0.000000e+00,0.000000e+00,0.000000e+00,0.000000e+00,0.000000e+00,0.000000e+00,0.000000e+00,0.000000e+00,0.000000e+00,0.000000e+00,0.000000e+00,0.000000e+00
1.000000e+00,0.000000e+00,0.000000e+00,0.000000e+00,0.000000e+00,0.000000e+00,0.000000e+00,0.000000e+00,0.000000e+00,0.000000e+00,0.000000e+00,0.000000e+00,0.000000e+00,0.000000e+00,0.000000e+00
1.000000e+00,0.000000e+00,0.000000e+00,0.000000e+00,0.000000e+00,0.000000e+00,0.000000e+00,0.000000e+00,0.000000e+00,0.000000e+00,0.000000e+00,0.000000e+00,0.000000e+00,0.000000e+00,0.000000e+00
1.000000e+00,0.000000e+00,0.000000e+00,0.000000e+00,0.000000e+00,0.000000e+00,0.000000e+00,0.000000e+00,0.000000e+00,0.000000e+00,0.000000e+00,0.000000e+00,0.000000e+00,0.000000e+00,0.000000e+00
1.000000e+00,0.000000e+00,0.000000e+00,0.000000e+00,0.000000e+00,0.000000e+00,0.000000e+00,0.000000e+00,0.000000e+00,0.000000e+00,0.000000e+00,0.000000e+00,0.000000e+00,0.000000e+00,0.000000e+00
1.000000e+00,0.000000e+00,0.000000e+00,0.000000e+00,0.000000e+00,0.000000e+00,0.000000e+00,0.000000e+00,0.000000e+00,0.000000e+00,0.000000e+00,0.000000e+00,0.000000e+00,0.000000e+00,0.000000e+00
1.000000e+00,0.000000e+00,0.000000e+00,0.000000e+00,0.000000e+00,0.000000e+00,0.000000e+00,0.000000e+00,0.000000e+00,0.000000e+00,0.000000e+00,0.000000e+00,0.000000e+00,0.000000e+00,0.000000e+00
1.000000e+00,0.000000e+00,0.000000e+00,0.000000e+00,0.000000e+00,0.000000e+00,0.000000e+00,0.000000e+00,0.000000e+00,0.000000e+00,0.000000e+00,0.000000e+00,0.000000e+00,0.000000e+00,0.000000e+00
1.000000e+00,0.000000e+00,0.000000e+00,0.000000e+00,0.000000e+00,0.000000e+00,0.000000e+00,0.000000e+00,0.000000e+00,0.000000e+00,0.000000e+00,0.000000e+00,0.000000e+00,0.000000e+00,0.000000e+00
1.000000e+00,0.000000e+00,0.000000e+00,0.000000e+00,0.000000e+00,0.000000e+00,0.000000e+00,0.000000e+00,0.000000e+00,0.000000e+00,0.000000e+00,0.000000e+00,0.000000e+00,0.000000e+00,0.000000e+00
1.000000e+00,0.000000e+00,0.000000e+00,0.000000e+00,0.000000e+00,0.000000e+00,0.000000e+00,0.000000e+00,0.000000e+00,0.000000e+00,0.000000e+00,0.000000e+00,0.000000e+00,0.000000e+00,0.000000e+00
1.000000e+00,0.000000e+00,0.000000e+00,0.000000e+00,0.000000e+00,0.000000e+00,0.000000e+00,0.000000e+00,0.000000e+00,0.000000e+00,0.000000e+00,0.000000e+00,0.000000e+00,0.000000e+00,0.000000e+00
1.000000e+00,0.000000e+00,0.000000e+00,0.000000e+00,0.000000e+00,0.000000e+00,0.000000e+00,0.000000e+00,0.000000e+00,0.000000e+00,0.000000e+00,0.000000e+00,0.000000e+00,0.000000e+00,0.000000e+00
1.000000e+00,0.000000e+00,0.000000e+00,0.000000e+00,0.000000e+00,0.000000e+00,0.000000e+00,0.000000e+00,0.000000e+00,0.000000e+00,0.000000e+00,0.000000e+00,0.000000e+00,0.000000e+00,0.000000e+00
1.000000e+00,0.000000e+00,0.000000e+00,0.000000e+00,0.000000e+00,0.000000e+00,0.000000e+00,0.000000e+00,0.000000e+00,0.000000e+00,0.000000e+00,0.000000e+00,0.000000e+00,0.000000e+00,0.000000e+00
1.000000e+00,0.000000e+00,0.000000e+00,0.000000e+00,0.000000e+00,0.000000e+00,0.000000e+00,0.000000e+00,0.000000e+00,0.000000e+00,0.000000e+00,0.000000e+00,0.000000e+00,0.000000e+00,0.000000e+00
1.000000e+00,0.000000e+00,0.000000e+00,0.000000e+00,0.000000e+00,0.000000e+00,0.000000e+00,0.000000e+00,0.000000e+00,0.000000e+00,0.000000e+00,0.000000e+00,0.000000e+00,0.000000e+00,0.000000e+00
1.000000e+00,0.000000e+00,0.000000e+00,0.000000e+00,0.000000e+00,0.000000e+00,0.000000e+00,0.000000e+00,0.000000e+00,0.000000e+00,0.000000e+00,0.000000e+00,0.000000e+00,0.000000e+00,0.000000e+00
1.000000e+00,0.000000e+00,0.000000e+00,0.000000e+00,0.000000e+00,0.000000e+00,0.000000e+00,0.000000e+00,0.000000e+00,0.000000e+00,0.000000e+00,0.000000e+00,0.000000e+00,0.000000e+00,0.000000e+00
1.000000e+00,0.000000e+00,0.000000e+00,0.000000e+00,0.000000e+00,0.000000e+00,0.000000e+00,0.000000e+00,0.000000e+00,0.000000e+00,0.000000e+00,0.000000e+00,0.000000e+00,0.000000e+00,0.000000e+00
1.000000e+00,0.000000e+00,0.000000e+00,0.000000e+00,0.000000e+00,0.000000e+00,0.000000e+00,0.000000e+00,0.000000e+00,0.000000e+00,0.000000e+00,0.000000e+00,0.000000e+00,0.000000e+00,0.000000e+00
1.000000e+00,0.000000e+00,0.000000e+00,0.000000e+00,0.000000e+00,0.000000e+00,0.000000e+00,0.000000e+00,0.000000e+00,0.000000e+00,0.000000e+00,0.000000e+00,0.000000e+00,0.000000e+00,0.000000e+00
1.000000e+00,0.000000e+00,0.000000e+00,0.000000e+00,0.000000e+00,0.000000e+00,0.000000e+00,0.000000e+00,0.000000e+00,0.000000e+00,0.000000e+00,0.000000e+00,0.000000e+00,0.000000e+00,0.000000e+00
1.000000e+00,0.000000e+00,0.000000e+00,0.000000e+00,0.000000e+00,0.000000e+00,0.000000e+00,0.000000e+00,0.000000e+00,0.000000e+00,0.000000e+00,0.000000e+00,0.000000e+00,0.000000e+00,0.000000e+00
1.000000e+00,0.000000e+00,0.000000e+00,0.000000e+00,0.000000e+00,0.000000e+00,0.000000e+00,0.000000e+00,0.000000e+00,0.000000e+00,0.000000e+00,0.000000e+00,0.000000e+00,0.000000e+00,0.000000e+00
1.000000e+00,0.000000e+00,0.000000e+00,0.000000e+00,0.000000e+00,0.000000e+00,0.000000e+00,0.000000e+00,0.000000e+00,0.000000e+00,0.000000e+00,0.000000e+00,0.000000e+00,0.000000e+00,0.000000e+00
1.000000e+00,0.000000e+00,0.000000e+00,0.000000e+00,0.000000e+00,0.000000e+00,0.000000e+00,0.000000e+00,0.000000e+00,0.000000e+00,0.000000e+00,0.000000e+00,0.000000e+00,0.000000e+00,0.000000e+00
1.000000e+00,0.000000e+00,0.000000e+00,0.000000e+00,0.000000e+00,0.000000e+00,0.000000e+00,0.000000e+00,0.000000e+00,0.000000e+00,0.000000e+00,0.000000e+00,0.000000e+00,0.000000e+00,0.000000e+00
1.000000e+00,0.000000e+00,0.000000e+00,0.000000e+00,0.000000e+00,0.000000e+00,0.000000e+00,0.000000e+00,0.000000e+00,0.000000e+00,0.000000e+00,0.000000e+00,0.000000e+00,0.000000e+00,0.000000e+00
1.000000e+00,0.000000e+00,0.000000e+00,0.000000e+00,0.000000e+00,0.000000e+00,0.000000e+00,0.000000e+00,0.000000e+00,0.000000e+00,0.000000e+00,0.000000e+00,0.000000e+00,0.000000e+00,0.000000e+00
1.000000e+00,0.000000e+00,0.000000e+00,0.000000e+00,0.000000e+00,0.000000e+00,0.000000e+00,0.000000e+00,0.000000e+00,0.000000e+00,0.000000e+00,0.000000e+00,0.000000e+00,0.000000e+00,0.000000e+00
1.000000e+00,0.000000e+00,0.000000e+00,0.000000e+00,0.000000e+00,0.000000e+00,0.000000e+00,0.000000e+00,0.000000e+00,0.000000e+00,0.000000e+00,0.000000e+00,0.000000e+00,0.000000e+00,0.000000e+00
1.000000e+00,0.000000e+00,0.000000e+00,0.000000e+00,0.000000e+00,0.000000e+00,0.000000e+00,0.000000e+00,0.000000e+00,0.000000e+00,0.000000e+00,0.000000e+00,0.000000e+00,0.000000e+00,0.000000e+00
1.000000e+00,0.000000e+00,0.000000e+00,0.000000e+00,0.000000e+00,0.000000e+00,0.000000e+00,0.000000e+00,0.000000e+00,0.000000e+00,0.000000e+00,0.000000e+00,0.000000e+00,0.000000e+00,0.000000e+00
1.000000e+00,0.000000e+00,0.000000e+00,0.000000e+00,0.000000e+00,0.000000e+00,0.000000e+00,0.000000e+00,0.000000e+00,0.000000e+00,0.000000e+00,0.000000e+00,0.000000e+00,0.000000e+00,0.000000e+00
1.000000e+00,0.000000e+00,0.000000e+00,0.000000e+00,0.000000e+00,0.000000e+00,0.000000e+00,0.000000e+00,0.000000e+00,0.000000e+00,0.000000e+00,0.000000e+00,0.000000e+00,0.000000e+00,0.000000e+00
1.000000e+00,0.000000e+00,0.000000e+00,0.000000e+00,0.000000e+00,0.000000e+00,0.000000e+00,0.000000e+00,0.000000e+00,0.000000e+00,0.000000e+00,0.000000e+00,0.000000e+00,0.000000e+00,0.000000e+00
1.000000e+00,0.000000e+00,0.000000e+00,0.000000e+00,0.000000e+00,0.000000e+00,0.000000e+00,0.000000e+00,0.000000e+00,0.000000e+00,0.000000e+00,0.000000e+00,0.000000e+00,0.000000e+00,0.000000e+00
1.000000e+00,0.000000e+00,0.000000e+00,0.000000e+00,0.000000e+00,0.000000e+00,0.000000e+00,0.000000e+00,0.000000e+00,0.000000e+00,0.000000e+00,0.000000e+00,0.000000e+00,0.000000e+00,0.000000e+00
1.000000e+00,0.000000e+00,0.000000e+00,0.000000e+00,0.000000e+00,0.000000e+00,0.000000e+00,0.000000e+00,0.000000e+00,0.000000e+00,0.000000e+00,0.000000e+00,0.000000e+00,0.000000e+00,0.000000e+00
1.000000e+00,0.000000e+00,0.000000e+00,0.000000e+00,0.000000e+00,0.000000e+00,0.000000e+00,0.000000e+00,0.000000e+00,0.000000e+00,0.000000e+00,0.000000e+00,0.000000e+00,0.000000e+00,0.000000e+00
1.000000e+00,0.000000e+00,0.000000e+00,0.000000e+00,0.000000e+00,0.000000e+00,0.000000e+00,0.000000e+00,0.000000e+00,0.000000e+00,0.000000e+00,0.000000e+00,0.000000e+00,0.000000e+00,0.000000e+00
1.000000e+00,0.000000e+00,0.000000e+00,0.000000e+00,0.000000e+00,0.000000e+00,0.000000e+00,0.000000e+00,0.000000e+00,0.000000e+00,0.000000e+00,0.000000e+00,0.000000e+00,0.000000e+00,0.000000e+00
1.000000e+00,0.000000e+00,0.000000e+00,0.000000e+00,0.000000e+00,0.000000e+00,0.000000e+00,0.000000e+00,0.000000e+00,0.000000e+00,0.000000e+00,0.000000e+00,0.000000e+00,0.000000e+00,0.000000e+00
1.000000e+00,0.000000e+00,0.000000e+00,0.000000e+00,0.000000e+00,0.000000e+00,0.000000e+00,0.000000e+00,0.000000e+00,0.000000e+00,0.000000e+00,0.000000e+00,0.000000e+00,0.000000e+00,0.000000e+00
1.000000e+00,0.000000e+00,0.000000e+00,0.000000e+00,0.000000e+00,0.000000e+00,0.000000e+00,0.000000e+00,0.000000e+00,0.000000e+00,0.000000e+00,0.000000e+00,0.000000e+00,0.000000e+00,0.000000e+00
1.000000e+00,0.000000e+00,0.000000e+00,0.000000e+00,0.000000e+00,0.000000e+00,0.000000e+00,0.000000e+00,0.000000e+00,0.000000e+00,0.000000e+00,0.000000e+00,0.000000e+00,0.000000e+00,0.000000e+00
3.971494e-01,1.389992e-02,7.567830e-03,2.866027e-02,1.831605e-01,1.477654e-02,3.165839e-01,5.427239e-03,1.917627e-03,1.548315e-03,3.341115e-03,1.049641e-02,7.206514e-03,1.024128e-03,7.240327e-03
2.781528e-01,9.752147e-03,5.324697e-03,2.015661e-02,2.047371e-01,1.063778e-02,4.362989e-01,3.951837e-03,1.364424e-03,8.371560e-03,2.481295e-03,7.416553e-03,5.370638e-03,7.345037e-04,5.249167e-03
1.947323e-01,6.832159e-03,3.746804e-03,1.413320e-02,1.473502e-01,7.623953e-03,5.954525e-01,2.790265e-03,9.763162e-04,9.499394e-03,2.644840e-03,5.724772e-03,4.006572e-03,5.300843e-04,3.956723e-03
1.366728e-01,4.821279e-03,2.650320e-03,1.004830e-02,1.049389e-01,6.025770e-03,5.753126e-01,2.159736e-03,7.896086e-04,1.058767e-02,7.107289e-02,1.473822e-02,5.047596e-02,7.255610e-04,8.980417e-03
9.610263e-02,3.389420e-03,1.881384e-03,7.164659e-03,7.438945e-02,4.985154e-03,4.860438e-01,1.652955e-03,6.076708e-04,3.366141e-02,1.575558e-01,7.501838e-02,4.719757e-02,3.404242e-03,6.945468e-03
6.783132e-02,2.383681e-03,1.355990e-03,5.055157e-03,5.279221e-02,4.158902e-03,3.684023e-01,1.231991e-03,4.418629e-04,3.119756e-02,3.205328e-01,9.531716e-02,3.735248e-02,6.957410e-03,4.989235e-03
4.777175e-02,1.682271e-03,1.225311e-03,3.573405e-03,3.720814e-02,3.084688e-03,2.657032e-01,1.287265e-03,5.923484e-04,2.300884e-02,3.939637e-01,1.339178e-01,4.970536e-02,3.361897e-02,3.657010e-03
3.368993e-02,1.193549e-03,9.226974e-04,2.616516e-03,2.650113e-02,2.446069e-03,1.881582e-01,1.234947e-03,1.080534e-03,1.747299e-02,5.239009e-01,1.292192e-01,3.729938e-02,3.141215e-02,2.851825e-03
2.380097e-02,8.574189e-04,6.952222e-04,2.090179e-03,1.899084e-02,2.147728e-03,1.325534e-01,1.114380e-03,2.305277e-03,1.485226e-02,6.076829e-01,1.323630e-01,2.763104e-02,3.057038e-02,2.345075e-03
1.672169e-02,6.388306e-04,5.782536e-04,2.181949e-03,1.497491e-02,3.242851e-03,9.311188e-02,9.247195e-04,5.303185e-03,1.331643e-02,6.032563e-01,1.580729e-01,2.143278e-02,6.428944e-02,1.953947e-03
1.173964e-02,4.792285e-04,4.563223e-04,1.790012e-03,1.203994e-02,2.880195e-03,6.526238e-02,7.458816e-04,9.750157e-03,1.178787e-02,6.506339e-01,1.305036e-01,1.585011e-02,8.446635e-02,1.614436e-03
8.245343e-03,8.314978e-04,9.195525e-04,1.442323e-03,9.563331e-03,2.505702e-03,4.570856e-02,5.992322e-04,1.357906e-02,9.431417e-03,6.567051e-01,9.894207e-02,1.139437e-02,1.388186e-01,1.313945e-03
5.830189e-03,9.052836e-04,1.540408e-03,1.428207e-03,7.584934e-03,3.130515e-03,3.206658e-02,5.712984e-04,2.554092e-02,1.026358e-02,5.866379e-01,7.994295e-02,8.172067e-03,2.351826e-01,1.202634e-03
4.160756e-03,1.124704e-03,2.560091e-03,1.359489e-03,5.759478e-03,4.382123e-03,2.253696e-02,4.639011e-04,3.023592e-02,1.094649e-02,5.673571e-01,6.207117e-02,6.660744e-03,2.788431e-01,1.538069e-03
3.075473e-03,4.648458e-03,1.097623e-02,1.590749e-03,5.215068e-03,4.800604e-03,1.600771e-02,4.022906e-04,4.876408e-02,1.286997e-02,5.191199e-01,4.593026e-02,5.397261e-03,3.186466e-01,2.555531e-03
2.502159e-03,3.643181e-03,9.699598e-03,3.138649e-03,4.408562e-03,6.469908e-03,1.146540e-02,4.037179e-04,5.877443e-02,1.187787e-02,4.374136e-01,3.781099e-02,7.050733e-03,4.027138e-01,2.627453e-03
2.325691e-03,4.126758e-03,8.487075e-03,1.684195e-02,4.786153e-03,1.034227e-02,8.091423e-03,3.907655e-04,1.072229e-01,1.100138e-02,3.516559e-01,2.908025e-02,5.829441e-03,4.348978e-01,4.920292e-03
2.328413e-03,4.682488e-03,8.839830e-03,2.429356e-02,4.574205e-03,2.243059e-02,5.716493e-03,3.475829e-04,1.767822e-01,1.239504e-02,2.693234e-01,2.299243e-02,7.565326e-03,4.101020e-01,2.762647e-02
2.971107e-03,4.735352e-03,1.324132e-02,2.306580e-02,4.231779e-03,5.101168e-02,4.088250e-03,6.866599e-04,1.887395e-01,1.452107e-02,2.356698e-01,1.767011e-02,7.897719e-03,4.068847e-01,2.458517e-02
6.619977e-03,4.716611e-03,4.101904e-02,2.223454e-02,3.840420e-03,8.822095e-02,3.129313e-03,7.705129e-03,1.942517e-01,1.277926e-02,2.048340e-01,1.368252e-02,8.996537e-03,3.684092e-01,1.956083e-02
9.867733e-03,1.631388e-02,1.033470e-01,2.342306e-02,6.805057e-03,6.788675e-02,2.973203e-03,7.258330e-03,1.954846e-01,1.691990e-02,1.713318e-01,1.052726e-02,8.317560e-03,3.392211e-01,2.032282e-02
1.718642e-02,3.917419e-02,1.227147e-01,2.424510e-02,1.793165e-02,6.617357e-02,7.062279e-03,8.316413e-03,1.956219e-01,2.960471e-02,1.361290e-01,1.063660e-02,7.458355e-03,2.801439e-01,3.760125e-02
2.453650e-02,3.189638e-02,1.820296e-01,1.934736e-02,1.905555e-02,5.410016e-02,2.012728e-02,5.135717e-02,1.970390e-01,2.958790e-02,9.962586e-02,8.174945e-03,7.082530e-03,2.220052e-01,3.403454e-02
2.793077e-02,2.297447e-02,1.580247e-01,1.398004e-02,1.532318e-02,4.201952e-02,1.451160e-01,1.034453e-01,1.619484e-01,2.740200e-02,7.112440e-02,6.540465e-03,7.136132e-03,1.695414e-01,2.749328e-02
2.415778e-02,1.644756e-02,1.770007e-01,9.849524e-03,1.205748e-02,3.046657e-02,2.312865e-01,1.585993e-01,1.161438e-01,2.064461e-02,4.997702e-02,4.928651e-03,8.212898e-03,1.204225e-01,1.980517e-02
2.009929e-02,1.175047e-02,1.573918e-01,6.966205e-03,9.903893e-03,2.183500e-02,3.240036e-01,2.057529e-01,8.290096e-02,1.494559e-02,3.508309e-02,3.609957e-03,6.980472e-03,8.476292e-02,1.401387e-02
1.576511e-02,8.350732e-03,1.171721e-01,4.930159e-03,7.853317e-03,1.578606e-02,4.412418e-01,2.162963e-01,5.875182e-02,1.056580e-02,2.472828e-02,2.565861e-03,6.198068e-03,5.982838e-02,9.966312e-03
1.182216e-02,5.917170e-03,8.393186e-02,3.491522e-03,6.028006e-03,1.149178e-02,5.884403e-01,1.662746e-01,4.135067e-02,7.453424e-03,1.734237e-02,1.815088e-03,5.561603e-03,4.204509e-02,7.034374e-03
1.063056e-02,4.288084e-03,5.986194e-02,2.723231e-03,4.952615e-03,1.129973e-02,6.844951e-01,1.292657e-01,2.936533e-02,5.449457e-03,1.220139e-02,1.346055e-03,9.464626e-03,2.951950e-02,5.136658e-03
1.192608e-02,3.314476e-03,4.285263e-02,2.260364e-03,4.421667e-03,9.779206e-03,7.521776e-01,1.016258e-01,2.183587e-02,4.019822e-03,8.798386e-03,1.152210e-03,1.072192e-02,2.089668e-02,4.217289e-03
1.383633e-02,2.701670e-03,3.084310e-02,1.911374e-03,4.119120e-03,8.030613e-03,8.009291e-01,8.034169e-02,1.814825e-02,3.039550e-03,6.378635e-03,1.009818e-03,1.006476e-02,1.505264e-02,3.593337e-03
2.074579e-02,2.292856e-03,2.193964e-02,1.437237e-03,3.282079e-03,6.455142e-03,8.378913e-01,6.091272e-02,1.516842e-02,2.259113e-03,4.662317e-03,1.147053e-03,7.791897e-03,1.110368e-02,2.910801e-03
3.246670e-02,2.485627e-03,1.633170e-02,1.443823e-03,2.844377e-03,6.685934e-03,8.507586e-01,4.786662e-02,1.239678e-02,1.761148e-03,3.850576e-03,1.800766e-03,7.860676e-03,8.305456e-03,3.141248e-03
3.009766e-02,2.315521e-03,1.235821e-02,1.305602e-03,2.569085e-03,6.148350e-03,8.740984e-01,3.843326e-02,9.949843e-03,1.429158e-03,3.573956e-03,1.840872e-03,6.804376e-03,6.054199e-03,3.021548e-03
2.727460e-02,2.463951e-03,9.330146e-03,1.273183e-03,2.491072e-03,8.727748e-03,8.607740e-01,3.097129e-02,9.869498e-03,1.540821e-03,1.246698e-02,3.617415e-03,1.589458e-02,4.716467e-03,8.588249e-03
2.562609e-02,2.437446e-03,6.874735e-03,1.358422e-03,2.210013e-03,9.599338e-03,8.314220e-01,2.449642e-02,7.213235e-03,2.598236e-03,2.354974e-02,1.649244e-02,2.827833e-02,5.090402e-03,1.275318e-02
1.866258e-02,1.818751e-03,4.942643e-03,1.189519e-03,1.867169e-03,7.588375e-03,8.295856e-01,1.758493e-02,5.338683e-03,2.140026e-03,3.279883e-02,2.871717e-02,2.679827e-02,1.100961e-02,9.957867e-03
1.365319e-02,1.392997e-03,3.586263e-03,1.189188e-03,1.731083e-03,5.606887e-03,7.136383e-01,1.261774e-02,4.324745e-03,1.949571e-03,9.647116e-02,7.628787e-02,2.252234e-02,3.727011e-02,7.758567e-03
1.057947e-02,1.250863e-03,2.676459e-03,1.149169e-03,1.997028e-03,4.341743e-03,6.050587e-01,9.442156e-03,3.591856e-03,2.161603e-03,1.353298e-01,1.408364e-01,1.759867e-02,5.766113e-02,6.324916e-03
7.837711e-03,9.542939e-04,1.922630e-03,1.068553e-03,2.580144e-03,3.196451e-03,4.313208e-01,6.758512e-03,3.433219e-03,3.319957e-03,3.319664e-01,1.375411e-01,1.302067e-02,4.938772e-02,5.691833e-03
6.023468e-03,1.324890e-03,1.449853e-03,1.052317e-03,3.943354e-03,2.493186e-03,3.114733e-01,5.117372e-03,3.962063e-03,3.041656e-03,3.896356e-01,2.060142e-01,1.041645e-02,4.886918e-02,5.183190e-03
5.449919e-03,3.080581e-03,1.228212e-03,9.777931e-04,1.173660e-02,2.287206e-03,2.248026e-01,4.156040e-03,4.969333e-03,3.149858e-03,4.290318e-01,2.460145e-01,8.312774e-03,5.023030e-02,4.572487e-03
4.127269e-03,3.749389e-03,1.042994e-03,8.131253e-04,1.207371e-02,2.564664e-03,1.611775e-01,3.553972e-03,7.485509e-03,2.502311e-03,3.521840e-01,3.769411e-01,6.443976e-03,6.179677e-02,3.543784e-03
3.185892e-03,3.330702e-03,1.080262e-03,6.917261e-04,1.102100e-02,2.683182e-03,1.152516e-01,3.153705e-03,1.413108e-02,2.312150e-03,2.934809e-01,4.722241e-01,4.997961e-03,6.979819e-02,2.657634e-03
3.073139e-03,1.139953e-02,2.035692e-03,5.713662e-04,9.915298e-03,5.406392e-03,8.142216e-02,3.282152e-03,1.450259e-02,3.619750e-03,2.678111e-01,3.806335e-01,4.058758e-03,2.099750e-01,2.293493e-03
3.208431e-03,1.107221e-02,1.866051e-03,7.077769e-04,8.303905e-03,8.914375e-03,5.720360e-02,2.994046e-03,1.851150e-02,4.902072e-03,3.165284e-01,3.231049e-01,3.364142e-03,2.370669e-01,2.251789e-03
2.710353e-03,8.374730e-03,6.250253e-03,1.459880e-03,7.192268e-03,6.673059e-03,4.008208e-02,2.372144e-03,2.707867e-02,6.987805e-03,4.502202e-01,2.452910e-01,2.786776e-03,1.905596e-01,1.961220e-03
2.208587e-03,8.029728e-03,6.497724e-03,1.448191e-03,9.221142e-03,4.895719e-03,2.808713e-02,1.810047e-03,3.192550e-02,8.151968e-03,5.455122e-01,1.754266e-01,2.392553e-03,1.718779e-01,2.514981e-03
2.565753e-03,8.884095e-03,7.594937e-03,2.915458e-03,1.396264e-02,3.761751e-03,1.973934e-02,1.795570e-03,3.903018e-02,1.058535e-02,5.768340e-01,1.254957e-01,2.462731e-03,1.798910e-01,4.481584e-03
2.608978e-03,7.355546e-03,7.342986e-03,2.294615e-03,1.018362e-02,3.591412e-03,1.384087e-02,1.431937e-03,6.488774e-02,9.579905e-03,5.255725e-01,9.047556e-02,2.781936e-03,2.543424e-01,3.710059e-03
3.048552e-03,6.052337e-03,1.100004e-02,2.099534e-03,7.739670e-03,1.457737e-02,9.780138e-03,1.377609e-03,8.126803e-02,1.356052e-02,4.445238e-01,6.779774e-02,3.273154e-03,3.304295e-01,3.472040e-03
3.723545e-03,4.851491e-03,9.916987e-03,2.931571e-03,6.258336e-03,1.533114e-02,6.953354e-03,1.192228e-03,7.685666e-02,1.692898e-02,3.897616e-01,5.302680e-02,5.446337e-03,4.036401e-01,3.180895e-03
4.918963e-03,4.065940e-03,7.587134e-03,2.936843e-03,9.269021e-03,1.254501e-02,4.985528e-03,1.034599e-03,6.209895e-02,1.540644e-02,4.196920e-01,4.257073e-02,8.102081e-03,4.017226e-01,3.064227e-03
4.830559e-03,3.180042e-03,5.445070e-03,4.769922e-03,1.214456e-02,9.617512e-03,3.537192e-03,1.209955e-03,4.734125e-02,1.345380e-02,4.580730e-01,4.106018e-02,1.192768e-02,3.806627e-01,2.746575e-03
5.756008e-03,2.748518e-03,4.628310e-03,7.594443e-03,1.300980e-02,8.778393e-03,2.605557e-03,2.595188e-03,3.803437e-02,1.712639e-02,5.303909e-01,4.025826e-02,1.393791e-02,3.087412e-01,3.794770e-03
7.159059e-03,2.487571e-03,5.245522e-03,6.462746e-03,1.086942e-02,8.080753e-03,2.313321e-03,5.926294e-03,3.008193e-02,2.078100e-02,6.057163e-01,3.573978e-02,1.222082e-02,2.429712e-01,3.944422e-03
1.364955e-02,7.442299e-03,8.361872e-03,5.264562e-03,2.500443e-02,2.365597e-02,2.199446e-03,1.086304e-02,1.850106e-01,1.622997e-02,4.763089e-01,3.169260e-02,9.241909e-03,1.809390e-01,4.136027e-03
1.031472e-02,1.572079e-02,7.547765e-03,4.552370e-03,1.927648e-02,1.824610e-02,1.571582e-03,1.372251e-02,4.033938e-01,1.143724e-02,3.353225e-01,2.254399e-02,6.516582e-03,1.267742e-01,3.059356e-03
8.095862e-03,1.654646e-02,1.016565e-02,5.266161e-03,1.507718e-02,1.644140e-02,1.113641e-03,1.294133e-02,5.593817e-01,8.107472e-03,2.353305e-01,1.583740e-02,4.586525e-03,8.882911e-02,2.279561e-03
1.130331e-02,1.641686e-02,2.267369e-02,1.556217e-02,3.289731e-02,1.579805e-02,9.364198e-04,2.522121e-02,6.084348e-01,6.233755e-03,1.654958e-01,1.113968e-02,3.346467e-03,6.230624e-02,2.234244e-03
2.649205e-02,1.690698e-02,4.097211e-02,3.738637e-02,6.799056e-02,2.063129e-02,9.968418e-04,3.384782e-02,5.739363e-01,5.766102e-03,1.168965e-01,7.832609e-03,2.511808e-03,4.380940e-02,4.023314e-03
8.048409e-02,2.071593e-02,3.742798e-02,3.989431e-02,7.901034e-02,3.783306e-02,9.672134e-04,2.710358e-02,5.365231e-01,5.288636e-03,8.730790e-02,5.718573e-03,2.403942e-03,3.163626e-02,7.685136e-03
1.229033e-01,5.160012e-02,6.406524e-02,3.709475e-02,1.074063e-01,3.274399e-02,9.429185e-04,2.150142e-02,4.456875e-01,4.442357e-03,6.284926e-02,4.645408e-03,2.290792e-03,2.424452e-02,1.758218e-02
1.158271e-01,6.211263e-02,5.822694e-02,3.909394e-02,1.525737e-01,2.837940e-02,1.482971e-03,1.755196e-02,4.374827e-01,3.464567e-03,4.491616e-02,3.760912e-03,2.022262e-03,1.775262e-02,1.535214e-02
9.935363e-02,7.051595e-02,7.328883e-02,1.122676e-01,1.360270e-01,2.240797e-02,1.389743e-03,1.467994e-02,3.661175e-01,5.316255e-03,3.291536e-02,4.534510e-03,2.385883e-03,1.282049e-02,4.597928e-02
1.044862e-01,7.880677e-02,7.070023e-02,1.042737e-01,1.253100e-01,2.356003e-02,1.423778e-03,1.661777e-02,3.835254e-01,5.952344e-03,2.493584e-02,4.679392e-03,2.386368e-03,9.729200e-03,4.361305e-02
1.374776e-01,6.131143e-02,1.300320e-01,1.533925e-01,9.538580e-02,2.104199e-02,1.470086e-03,1.368204e-02,3.096897e-01,5.910278e-03,1.942666e-02,4.801838e-03,2.066031e-03,7.540960e-03,3.677112e-02
2.074068e-01,8.937137e-02,1.319976e-01,1.503969e-01,6.965350e-02,1.697887e-02,1.255178e-03,1.091444e-02,2.395128e-01,5.361987e-03,1.695465e-02,6.070487e-03,2.661177e-03,8.163307e-03,4.330098e-02
2.795851e-01,8.717506e-02,1.187657e-01,1.652343e-01,5.398696e-02,1.464039e-02,1.199703e-03,9.585083e-03,1.862500e-01,4.811703e-03,1.662024e-02,8.426799e-03,3.643228e-03,7.659183e-03,4.241656e-02
3.063851e-01,6.795098e-02,1.096423e-01,2.069625e-01,4.371464e-02,1.589596e-02,1.292270e-03,1.182249e-02,1.440935e-01,4.090307e-03,2.174396e-02,1.233203e-02,4.571284e-03,1.450332e-02,3.499937e-02
3.205233e-01,5.420940e-02,8.506504e-02,2.575195e-01,4.412725e-02,1.918451e-02,1.431921e-03,2.439215e-02,1.082229e-01,3.695427e-03,2.127452e-02,1.571935e-02,4.983784e-03,1.304961e-02,2.660124e-02
2.982684e-01,4.896636e-02,8.021685e-02,2.567735e-01,4.982979e-02,2.645808e-02,1.368845e-03,6.801823e-02,8.011472e-02,4.245455e-03,2.657271e-02,1.681198e-02,5.062958e-03,1.654982e-02,2.074238e-02
2.950983e-01,3.992529e-02,7.043003e-02,2.415418e-01,4.735573e-02,3.144234e-02,1.673800e-03,7.046151e-02,7.417881e-02,7.434968e-03,3.593884e-02,2.649779e-02,8.386499e-03,2.619799e-02,2.343629e-02
2.186053e-01,3.409681e-02,5.775019e-02,2.417984e-01,3.610251e-02,3.171226e-02,1.678744e-03,5.385487e-02,8.296910e-02,1.314858e-02,4.379378e-02,4.412363e-02,8.839983e-02,2.087936e-02,3.108667e-02
1.629947e-01,2.566499e-02,4.167696e-02,2.791810e-01,2.737837e-02,2.590428e-02,1.337136e-03,3.852540e-02,6.185777e-02,1.126399e-02,3.505803e-02,3.243473e-02,2.158775e-01,1.469596e-02,2.614925e-02
1.193267e-01,1.859264e-02,2.987970e-02,2.435477e-01,2.061532e-02,2.237684e-02,1.126611e-03,2.749214e-02,4.449255e-02,8.177893e-03,2.638686e-02,2.413882e-02,3.814035e-01,1.031774e-02,2.212492e-02
8.391683e-02,1.309547e-02,2.103623e-02,1.746195e-01,1.524160e-02,1.784104e-02,8.539266e-04,1.961773e-02,3.144293e-02,5.760498e-03,1.978542e-02,1.777758e-02,5.532208e-01,7.236450e-03,1.855396e-02
5.984642e-02,9.272316e-03,1.488134e-02,1.225711e-01,1.127889e-02,1.564640e-02,7.544346e-04,1.458282e-02,2.263854e-02,4.081878e-03,1.677217e-02,1.588477e-02,6.718912e-01,5.130052e-03,1.476774e-02
4.273019e-02,6.549906e-03,1.056438e-02,8.602991e-02,8.898407e-03,1.293324e-02,6.701399e-04,1.426947e-02,1.628346e-02,2.893319e-03,1.842118e-02,1.714863e-02,7.458479e-01,3.739251e-03,1.302062e-02
3.695918e-02,4.673867e-03,8.171309e-03,6.041331e-02,7.362016e-03,1.061654e-02,8.704580e-04,1.690242e-02,1.169072e-02,2.085426e-03,1.385118e-02,1.733298e-02,7.960452e-01,2.730264e-03,1.029515e-02
4.958524e-02,3.434925e-03,6.919682e-03,4.255372e-02,8.446681e-03,9.691903e-03,8.423524e-04,1.524369e-02,8.559649e-03,1.534485e-03,1.031091e-02,1.957112e-02,8.123106e-01,1.964717e-03,9.030381e-03
4.221201e-02,2.632252e-03,6.010665e-03,3.006075e-02,1.239692e-02,1.442344e-02,1.110012e-03,1.419870e-02,6.979133e-03,1.268960e-03,8.234926e-03,2.733369e-02,8.205218e-01,1.399707e-03,1.121706e-02
3.363150e-02,3.130781e-03,5.130186e-03,2.141002e-02,1.131214e-02,1.919243e-02,1.164454e-03,1.861692e-02,9.252558e-03,1.196904e-03,8.169411e-03,2.391360e-02,8.228774e-01,1.063220e-03,1.993850e-02
2.870897e-02,2.755638e-03,4.852504e-03,1.529475e-02,1.167266e-02,2.384699e-02,1.549058e-03,4.006541e-02,9.443738e-03,1.222790e-03,8.304453e-03,1.844635e-02,8.091503e-01,8.366840e-04,2.384976e-02
2.568309e-02,3.065468e-03,2.494261e-02,1.198555e-02,1.409307e-02,2.342733e-02,2.505015e-03,5.706095e-02,1.278746e-02,1.537768e-03,7.905786e-03,1.487582e-02,7.505562e-01,1.391672e-03,4.818218e-02
2.918431e-02,3.274970e-03,4.143736e-02,1.024042e-02,2.302581e-02,4.058257e-02,2.423335e-03,4.799561e-02,1.587693e-02,1.330406e-03,6.365937e-03,1.201030e-02,7.087363e-01,1.145040e-03,5.637069e-02
5.894815e-02,7.549610e-03,1.137295e-01,1.383572e-02,3.545935e-02,4.552261e-02,3.604553e-03,4.996116e-02,1.662161e-02,2.139893e-03,5.019973e-03,1.060029e-02,5.820378e-01,9.907777e-04,5.397899e-02
1.444920e-01,8.704863e-03,1.130640e-01,2.487505e-02,4.273336e-02,4.071788e-02,4.135375e-03,4.577115e-02,1.514820e-02,2.097255e-03,4.599368e-03,1.317856e-02,4.954630e-01,1.427304e-03,4.359259e-02
2.568172e-01,1.074047e-02,1.022388e-01,4.131195e-02,3.940089e-02,3.537494e-02,3.947774e-03,4.168716e-02,2.616803e-02,4.804351e-03,5.143865e-03,1.285121e-02,3.700523e-01,1.809885e-03,4.765124e-02
2.495974e-01,1.748272e-02,1.221397e-01,3.938937e-02,6.882437e-02,3.167688e-02,1.128145e-02,3.163210e-02,3.715191e-02,4.262296e-03,5.238924e-03,9.951438e-03,3.153125e-01,2.204641e-03,5.385428e-02
2.350254e-01,3.486720e-02,1.068297e-01,4.926369e-02,8.713602e-02,3.668182e-02,1.184483e-02,2.644636e-02,7.622786e-02,3.713632e-03,5.374572e-03,9.702552e-03,2.592963e-01,2.049900e-03,5.554017e-02
2.486454e-01,3.879403e-02,7.786006e-02,5.047579e-02,9.279703e-02,3.509414e-02,1.824309e-02,2.949285e-02,1.123495e-01,3.699382e-03,5.094375e-03,1.060137e-02,1.955241e-01,1.999843e-03,7.932897e-02
2.330477e-01,3.143143e-02,5.731083e-02,5.041020e-02,8.469592e-02,3.423337e-02,6.290052e-02,1.133605e-01,1.079889e-01,3.061011e-03,4.162212e-03,8.932296e-03,1.459315e-01,1.612188e-03,6.092141e-02
2.171791e-01,2.506993e-02,4.074208e-02,4.171337e-02,7.828160e-02,3.172562e-02,7.346246e-02,2.200775e-01,1.076055e-01,2.289759e-03,3.293770e-03,6.902195e-03,1.061924e-01,1.223875e-03,4.424080e-02
1.743422e-01,1.805436e-02,2.883701e-02,2.992631e-02,7.626313e-02,2.425162e-02,1.627995e-01,2.888951e-01,7.861984e-02,1.686291e-03,2.508625e-03,5.049690e-03,7.566073e-02,8.801026e-04,3.222546e-02
1.523159e-01,1.315814e-02,2.089012e-02,2.172773e-02,9.263602e-02,2.297408e-02,2.957031e-01,2.290761e-01,6.207505e-02,1.330024e-03,3.206305e-03,4.318946e-03,5.611677e-02,6.439529e-04,2.382785e-02
1.397531e-01,9.632591e-03,1.518271e-02,1.610974e-02,1.437753e-01,4.028912e-02,3.403669e-01,1.672514e-01,4.670347e-02,1.410073e-03,6.602646e-03,4.389944e-03,4.378267e-02,4.718901e-04,2.427846e-02
1.187709e-01,6.938399e-03,1.069989e-02,1.170706e-02,2.759483e-01,3.688031e-02,2.709393e-01,1.206494e-01,3.396954e-02,1.383562e-03,1.347869e-02,4.098637e-03,4.073193e-02,3.983612e-04,5.340564e-02
1.110344e-01,5.042256e-03,7.555335e-03,8.648270e-03,3.684382e-01,3.463227e-02,2.167408e-01,8.681881e-02,2.582040e-02,1.272572e-03,1.566301e-02,4.006148e-03,3.930218e-02,5.171867e-04,7.450810e-02
1.441880e-01,3.863083e-03,5.483804e-03,7.426491e-03,3.762634e-01,6.096416e-02,1.971994e-01,7.076553e-02,1.977899e-02,1.140973e-03,1.318289e-02,5.338008e-03,3.296946e-02,7.826783e-04,6.065309e-02
1.549944e-01,3.456420e-03,4.123162e-03,8.502547e-03,3.532041e-01,1.097774e-01,1.705147e-01,6.292035e-02,1.610273e-02,1.213991e-03,1.589511e-02,6.727824e-03,3.594647e-02,1.014011e-03,5.560674e-02
1.975714e-01,3.935523e-03,3.252923e-03,1.114147e-02,2.864555e-01,1.898387e-01,1.276163e-01,6.575748e-02,1.321313e-02,1.528704e-03,1.471809e-02,1.527378e-02,2.716098e-02,9.478045e-04,4.158816e-02
2.940900e-01,4.939107e-03,2.899139e-03,1.298022e-02,2.219122e-01,1.984784e-01,9.704656e-02,5.554801e-02,1.045729e-02,3.178756e-03,1.450675e-02,2.759891e-02,2.280040e-02,1.141821e-03,3.242239e-02
3.098095e-01,5.123025e-03,2.873460e-03,1.252955e-02,2.131714e-01,2.304667e-01,7.485224e-02,4.325108e-02,8.527275e-03,4.496700e-03,1.828987e-02,3.309135e-02,1.748226e-02,1.175589e-03,2.486001e-02
2.579312e-01,7.180362e-03,3.512585e-03,1.033750e-02,1.605835e-01,3.392584e-01,5.356431e-02,3.154660e-02,7.159004e-03,4.536220e-03,2.825518e-02,6.058294e-02,1.480881e-02,1.551341e-03,1.919211e-02
2.539341e-01,1.154033e-02,4.388805e-03,9.911580e-03,1.237375e-01,3.365981e-01,3.932009e-02,2.344076e-02,6.614043e-03,5.134658e-03,3.086344e-02,1.212378e-01,1.418147e-02,2.342252e-03,1.675518e-02
2.426349e-01,1.500008e-02,6.696397e-03,9.536646e-03,8.972874e-02,2.897116e-01,2.825706e-02,1.709293e-02,7.064505e-03,4.977811e-03,3.311464e-02,2.266773e-01,1.227411e-02,2.564595e-03,1.466881e-02
2.447194e-01,1.555847e-02,9.097539e-03,1.305959e-02,6.470126e-02,2.344625e-01,2.041326e-02,1.251834e-02,7.533516e-03,4.711114e-03,3.538795e-02,3.111433e-01,1.033823e-02,2.356103e-03,1.399944e-02
2.172551e-01,1.618327e-02,8.709414e-03,1.683563e-02,4.888552e-02,1.766794e-01,1.589603e-02,9.448534e-03,9.248715e-03,3.950045e-03,5.291785e-02,4.011611e-01,8.398885e-03,2.128825e-03,1.230183e-02
1.936666e-01,1.332445e-02,7.656810e-03,1.505739e-02,4.068910e-02,1.271418e-01,1.265069e-02,8.295901e-03,2.228630e-02,3.116251e-03,5.225268e-02,4.858538e-01,6.817018e-03,1.873906e-03,9.317391e-03
1.839796e-01,1.220147e-02,6.466549e-03,1.307154e-02,3.114204e-02,9.731299e-02,9.239127e-03,7.261906e-03,2.087239e-02,2.514498e-03,6.826425e-02,5.323360e-01,5.549205e-03,1.939506e-03,7.848993e-03
1.879986e-01,1.172044e-02,6.125536e-03,1.140177e-02,2.377591e-02,9.028461e-02,6.747654e-03,6.202143e-03,1.712422e-02,2.010975e-03,6.537811e-02,5.563818e-01,4.789032e-03,1.910419e-03,8.148840e-03
2.052120e-01,1.305288e-02,6.437356e-03,1.227380e-02,3.301425e-02,7.458772e-02,5.737451e-03,5.193328e-03,1.642746e-02,1.876633e-03,8.392518e-02,5.270866e-01,4.083663e-03,3.046858e-03,8.044827e-03
1.923761e-01,1.396449e-02,6.115761e-03,1.227943e-02,3.321298e-02,6.082897e-02,4.577368e-03,4.299421e-03,1.434166e-02,2.109299e-03,1.407766e-01,4.995719e-01,3.932051e-03,3.946848e-03,7.667158e-03
2.195420e-01,1.707704e-02,6.046353e-03,1.347731e-02,6.418645e-02,5.472197e-02,5.981337e-03,4.532272e-03,2.416492e-02,2.003649e-03,1.329387e-01,4.376803e-01,5.593814e-03,3.998934e-03,8.054944e-03
2.484036e-01,2.065615e-02,6.923459e-03,1.391265e-02,9.526738e-02,5.063720e-02,7.346421e-03,4.946131e-03,2.710553e-02,1.658649e-03,1.210466e-01,3.844587e-01,5.898227e-03,3.611639e-03,8.127687e-03
2.417161e-01,2.356878e-02,1.314185e-02,1.217474e-02,1.238736e-01,5.473496e-02,1.058376e-02,9.176278e-03,4.343800e-02,1.965212e-03,1.180834e-01,3.286795e-01,6.320851e-03,3.618164e-03,8.924639e-03
2.086359e-01,2.381080e-02,1.234004e-02,1.003896e-02,1.288043e-01,7.512705e-02,1.095703e-02,1.125221e-02,4.449817e-02,1.819489e-03,1.551787e-01,2.978000e-01,9.820277e-03,2.937096e-03,6.979972e-03
1.513571e-01,2.898717e-02,9.401582e-03,7.082706e-03,1.397728e-01,5.359281e-02,1.128986e-02,9.007882e-03,2.377146e-01,1.394947e-03,1.165858e-01,2.186811e-01,7.839153e-03,2.244414e-03,5.048081e-03
1.095382e-01,7.058304e-02,1.412302e-02,5.178191e-03,1.205644e-01,4.008919e-02,9.079434e-03,2.251538e-02,3.343880e-01,1.370013e-03,9.627304e-02,1.624810e-01,7.352172e-03,2.555307e-03,3.909639e-03
7.817765e-02,7.492631e-02,1.035737e-02,3.725399e-03,1.017106e-01,3.266759e-02,6.599649e-03,1.746763e-02,4.686875e-01,1.137438e-03,7.708915e-02,1.166194e-01,5.773110e-03,2.187834e-03,2.873324e-03
5.676240e-02,7.293689e-02,7.354684e-03,2.710960e-03,1.103382e-01,2.603908e-02,4.791327e-03,1.278694e-02,5.602537e-01,8.542924e-04,5.503198e-02,8.207511e-02,4.356173e-03,1.642524e-03,2.065736e-03
4.242205e-02,6.142862e-02,5.349252e-03,2.747640e-03,1.472541e-01,2.582541e-02,4.158758e-03,1.027483e-02,5.923897e-01,1.074952e-03,3.902828e-02,5.779479e-02,6.860067e-03,1.214845e-03,2.176776e-03
3.488501e-02,5.094435e-02,8.285978e-03,7.144623e-02,1.477376e-01,2.418542e-02,3.307723e-03,1.697941e-02,5.534312e-01,4.940727e-03,2.823696e-02,4.125477e-02,7.087518e-03,8.930595e-04,6.384073e-03
3.177505e-02,4.600559e-02,1.670670e-02,7.096858e-02,2.119618e-01,1.993003e-02,3.144666e-03,4.670299e-02,4.708174e-01,9.142168e-03,2.112908e-02,2.957029e-02,6.577390e-03,7.717063e-04,1.479657e-02
3.542792e-02,3.661121e-02,1.319556e-02,5.216205e-02,2.952647e-01,1.757932e-02,3.733388e-03,4.621736e-02,4.241436e-01,8.974401e-03,1.515324e-02,2.098549e-02,5.205550e-03,6.505133e-04,2.469569e-02
4.520522e-02,2.887113e-02,1.066621e-02,3.956813e-02,3.731901e-01,1.753732e-02,5.133005e-03,3.625953e-02,3.889989e-01,6.367750e-03,1.086644e-02,1.483391e-02,4.071460e-03,6.313844e-04,1.779954e-02
7.578463e-02,2.721224e-02,8.186898e-03,3.965517e-02,3.730624e-01,3.174284e-02,6.302848e-03,5.757194e-02,3.296336e-01,4.675667e-03,9.430300e-03,1.276244e-02,8.327919e-03,8.324027e-04,1.481870e-02
8.202596e-02,3.212720e-02,8.608125e-03,1.155717e-01,3.157417e-01,3.241598e-02,6.750626e-03,1.008770e-01,2.542670e-01,4.076856e-03,8.487742e-03,1.304775e-02,8.491258e-03,1.005788e-03,1.650514e-02
9.324634e-02,3.355490e-02,2.333532e-02,2.021534e-01,2.576744e-01,3.607614e-02,6.763855e-03,1.038667e-01,1.892901e-01,3.630972e-03,7.255092e-03,1.150854e-02,8.009799e-03,1.000810e-03,2.263355e-02
1.519386e-01,3.170303e-02,2.484388e-02,1.919947e-01,2.212275e-01,6.285471e-02,8.441538e-03,8.748116e-02,1.570633e-01,4.001901e-03,6.925291e-03,1.069478e-02,7.735454e-03,1.292596e-03,3.180154e-02
2.488971e-01,2.495137e-02,2.080159e-02,1.513084e-01,1.660031e-01,1.374285e-01,8.820444e-03,6.646101e-02,1.196811e-01,3.579054e-03,6.920058e-03,1.160537e-02,6.985988e-03,1.486738e-03,2.507003e-02
3.640048e-01,2.055029e-02,1.684995e-02,1.193726e-01,1.276956e-01,1.414152e-01,6.823109e-03,4.902503e-02,1.007375e-01,3.519238e-03,6.558780e-03,1.145118e-02,7.690002e-03,1.895347e-03,2.241126e-02
4.803076e-01,1.669997e-02,1.385224e-02,9.271206e-02,9.739732e-02,1.263634e-01,5.563308e-03,3.683634e-02,8.219673e-02,2.848501e-03,5.747939e-03,1.142569e-02,7.947249e-03,1.944671e-03,1.815691e-02
1.000000e+00,0.000000e+00,0.000000e+00,0.000000e+00,0.000000e+00,0.000000e+00,0.000000e+00,0.000000e+00,0.000000e+00,0.000000e+00,0.000000e+00,0.000000e+00,0.000000e+00,0.000000e+00,0.000000e+00
1.000000e+00,0.000000e+00,0.000000e+00,0.000000e+00,0.000000e+00,0.000000e+00,0.000000e+00,0.000000e+00,0.000000e+00,0.000000e+00,0.000000e+00,0.000000e+00,0.000000e+00,0.000000e+00,0.000000e+00
1.000000e+00,0.000000e+00,0.000000e+00,0.000000e+00,0.000000e+00,0.000000e+00,0.000000e+00,0.000000e+00,0.000000e+00,0.000000e+00,0.000000e+00,0.000000e+00,0.000000e+00,0.000000e+00,0.000000e+00
1.000000e+00,0.000000e+00,0.000000e+00,0.000000e+00,0.000000e+00,0.000000e+00,0.000000e+00,0.000000e+00,0.000000e+00,0.000000e+00,0.000000e+00,0.000000e+00,0.000000e+00,0.000000e+00,0.000000e+00
4.042087e-01,8.742772e-03,1.021701e-02,5.247218e-02,3.021389e-02,2.745272e-02,3.300459e-03,4.064484e-01,2.578982e-02,1.506699e-03,3.954798e-03,9.688768e-03,6.725753e-03,1.702862e-03,7.575133e-03
3.090689e-01,6.387174e-03,8.606394e-03,3.787244e-02,2.174713e-02,2.021774e-02,3.009721e-03,5.516065e-01,1.818090e-02,1.124898e-03,3.069098e-03,7.242746e-03,5.050255e-03,1.306947e-03,5.509127e-03
2.932957e-01,4.794850e-03,7.241983e-03,2.774297e-02,1.569680e-02,1.733313e-02,3.457299e-03,5.978819e-01,1.288867e-02,9.427679e-04,2.533179e-03,6.515857e-03,4.314236e-03,1.134485e-03,4.226123e-03
2.775438e-01,3.996784e-03,7.243667e-03,2.542888e-02,1.171698e-02,1.404795e-02,2.938418e-03,6.049954e-01,9.795757e-03,1.153284e-03,6.275401e-03,1.832191e-02,1.036020e-02,2.140808e-03,4.040734e-03
2.861200e-01,4.896174e-03,5.766973e-03,2.081169e-02,1.167111e-02,1.778355e-02,2.815825e-03,5.390202e-01,9.821165e-03,1.028782e-03,8.593233e-03,1.661111e-02,6.998528e-02,1.691235e-03,3.383604e-03
3.600056e-01,4.901276e-03,5.074508e-03,1.771102e-02,1.075449e-02,2.109489e-02,2.343920e-03,4.420592e-01,9.043635e-03,8.939327e-04,9.150974e-03,1.524047e-02,9.728974e-02,1.441495e-03,2.994775e-03
4.365805e-01,5.806745e-03,4.287204e-03,1.582946e-02,8.494901e-03,2.134320e-02,1.833595e-03,3.311206e-01,1.378054e-02,8.686119e-04,1.088757e-02,1.596332e-02,1.282776e-01,1.468760e-03,3.457236e-03
1.000000e+00,0.000000e+00,0.000000e+00,0.000000e+00,0.000000e+00,0.000000e+00,0.000000e+00,0.000000e+00,0.000000e+00,0.000000e+00,0.000000e+00,0.000000e+00,0.000000e+00,0.000000e+00,0.000000e+00
1.000000e+00,0.000000e+00,0.000000e+00,0.000000e+00,0.000000e+00,0.000000e+00,0.000000e+00,0.000000e+00,0.000000e+00,0.000000e+00,0.000000e+00,0.000000e+00,0.000000e+00,0.000000e+00,0.000000e+00
1.000000e+00,0.000000e+00,0.000000e+00,0.000000e+00,0.000000e+00,0.000000e+00,0.000000e+00,0.000000e+00,0.000000e+00,0.000000e+00,0.000000e+00,0.000000e+00,0.000000e+00,0.000000e+00,0.000000e+00
1.000000e+00,0.000000e+00,0.000000e+00,0.000000e+00,0.000000e+00,0.000000e+00,0.000000e+00,0.000000e+00,0.000000e+00,0.000000e+00,0.000000e+00,0.000000e+00,0.000000e+00,0.000000e+00,0.000000e+00
1.000000e+00,0.000000e+00,0.000000e+00,0.000000e+00,0.000000e+00,0.000000e+00,0.000000e+00,0.000000e+00,0.000000e+00,0.000000e+00,0.000000e+00,0.000000e+00,0.000000e+00,0.000000e+00,0.000000e+00
4.553981e-01,1.253717e-02,5.485508e-03,1.324241e-02,4.471291e-03,1.672911e-02,8.767563e-04,4.314438e-02,1.915974e-02,1.671192e-02,1.311361e-02,1.322878e-02,4.923174e-02,6.503941e-03,3.301654e-01
