1.000000e+00,0.000000e+00,0.000000e+00,0.000000e+00,0.000000e+00,0.000000e+00,0.000000e+00,0.000000e+00,0.000000e+00,0.000000e+00,0.000000e+00,0.000000e+00,0.000000e+00,0.000000e+00,0.000000e+00
1.000000e+00,0.000000e+00,0.000000e+00,0.000000e+00,0.000000e+00,0.000000e+00,0.000000e+00,0.000000e+00,0.000000e+00,0.000000e+00,0.000000e+00,0.000000e+00,0.000000e+00,0.000000e+00,0.000000e+00
1.000000e+00,0.000000e+00,0.000000e+00,0.000000e+00,0.000000e+00,0.000000e+00,0.000000e+00,0.000000e+00,0.000000e+00,0.000000e+00,0.000000e+00,0.000000e+00,0.000000e+00,0.000000e+00,0.000000e+00
1.000000e+00,0.000000e+00,0.000000e+00,0.000000e+00,0.000000e+00,0.000000e+00,0.000000e+00,0.000000e+00,0.000000e+00,0.000000e+00,0.000000e+00,0.000000e+00,0.000000e+00,0.000000e+00,0.000000e+00
1.000000e+00,0.000000e+00,0.000000e+00,0.000000e+00,0.000000e+00,0.000000e+00,0.000000e+00,0.000000e+00,0.000000e+00,0.000000e+00,0.000000e+00,0.000000e+00,0.000000e+00,0.000000e+00,0.000000e+00
1.000000e+00,0.000000e+00,0.000000e+00,0.000000e+00,0.000000e+00,0.000000e+00,0.000000e+00,0.000000e+00,0.000000e+00,0.000000e+00,0.000000e+00,0.000000e+00,0.000000e+00,0.000000e+00,0.000000e+00
1.000000e+00,0.000000e+00,0.000000e+00,0.000000e+00,0.000000e+00,0.000000e+00,0.000000e+00,0.000000e+00,0.000000e+00,0.000000e+00,0.000000e+00,0.000000e+00,0.000000e+00,0.000000e+00,0.000000e+00
1.000000e+00,0.000000e+00,0.000000e+00,0.000000e+00,0.000000e+00,0.000000e+00,0.000000e+00,0.000000e+00,0.000000e+00,0.000000e+00,0.000000e+00,0.000000e+00,0.000000e+00,0.000000e+00,0.000000e+00
1.000000e+00,0.000000e+00,0.000000e+00,0.000000e+00,0.000000e+00,0.000000e+00,0.000000e+00,0.000000e+00,0.000000e+00,0.000000e+00,0.000000e+00,0.000000e+00,0.000000e+00,0.000000e+00,0.000000e+00
1.000000e+00,0.000000e+00,0.000000e+00,0.000000e+00,0.000000e+00,0.000000e+00,0.000000e+00,0.000000e+00,0.000000e+00,0.000000e+00,0.000000e+00,0.000000e+00,0.000000e+00,0.000000e+00,0.000000e+00
1.000000e+00,0.000000e+00,0.000000e+00,0.000000e+00,0.000000e+00,0.000000e+00,0.000000e+00,0.000000e+00,0.000000e+00,0.000000e+00,0.000000e+00,0.000000e+00,0.000000e+00,0.000000e+00,0.000000e+00
1.000000e+00,0.000000e+00,0.000000e+00,0.000000e+00,0.000000e+00,0.000000e+00,0.000000e+00,0.000000e+00,0.000000e+00,0.000000e+00,0.000000e+00,0.000000e+00,0.000000e+00,0.000000e+00,0.000000e+00
1.000000e+00,0.000000e+00,0.000000e+00,0.000000e+00,0.000000e+00,0.000000e+00,0.000000e+00,0.000000e+00,0.000000e+00,0.000000e+00,0.000000e+00,0.000000e+00,0.000000e+00,0.000000e+00,0.000000e+00
1.000000e+00,0.000000e+00,0.000000e+00,0.000000e+00,0.000000e+00,0.000000e+00,0.000000e+00,0.000000e+00,0.000000e+00,0.000000e+00,0.000000e+00,0.000000e+00,0.000000e+00,0.000000e+00,0.000000e+00
1.000000e+00,0.000000e+00,0.000000e+00,0.000000e+00,0.000000e+00,0.000000e+00,0.000000e+00,0.000000e+00,0.000000e+00,0.000000e+00,0.000000e+00,0.000000e+00,0.000000e+00,0.000000e+00,0.000000e+00
1.000000e+00,0.000000e+00,0.000000e+00,0.000000e+00,0.000000e+00,0.000000e+00,0.000000e+00,0.000000e+00,0.000000e+00,0.000000e+00,0.000000e+00,0.000000e+00,0.000000e+00,0.000000e+00,0.000000e+00
1.000000e+00,0.000000e+00,0.000000e+00,0.000000e+00,0.000000e+00,0.000000e+00,0.000000e+00,0.000000e+00,0.000000e+00,0.000000e+00,0.000000e+00,0.000000e+00,0.000000e+00,0.000000e+00,0.000000e+00
1.000000e+00,0.000000e+00,0.000000e+00,0.000000e+00,0.000000e+00,0.000000e+00,0.000000e+00,0.000000e+00,0.000000e+00,0.000000e+00,0.000000e+00,0.000000e+00,0.000000e+00,0.000000e+00,0.000000e+00
1.000000e+00,0.000000e+00,0.000000e+00,0.000000e+00,0.000000e+00,0.000000e+00,0.000000e+00,0.000000e+00,0.000000e+00,0.000000e+00,0.000000e+00,0.000000e+00,0.000000e+00,0.000000e+00,0.000000e+00
1.000000e+00,0.000000e+00,0.000000e+00,0.000000e+00,0.000000e+00,0.000000e+00,0.000000e+00,0.000000e+00,0.000000e+00,0.000000e+00,0.000000e+00,0.000000e+00,0.000000e+00,0.000000e+00,0.000000e+00
1.000000e+00,0.000000e+00,0.000000e+00,0.000000e+00,0.000000e+00,0.000000e+00,0.000000e+00,0.000000e+00,0.000000e+00,0.000000e+00,0.000000e+00,0.000000e+00,0.000000e+00,0.000000e+00,0.000000e+00
1.000000e+00,0.000000e+00,0.000000e+00,0.000000e+00,0.000000e+00,0.000000e+00,0.000000e+00,0.000000e+00,0.000000e+00,0.000000e+00,0.000000e+00,0.000000e+00,0.000000e+00,0.000000e+00,0.000000e+00
1.000000e+00,0.000000e+00,0.000000e+00,0.000000e+00,0.000000e+00,0.000000e+00,0.000000e+00,0.000000e+00,0.000000e+00,0.000000e+00,0.000000e+00,0.000000e+00,0.000000e+00,0.000000e+00,0.000000e+00
1.000000e+00,0.000000e+00,0.000000e+00,0.000000e+00,0.000000e+00,0.000000e+00,0.000000e+00,0.000000e+00,0.000000e+00,0.000000e+00,0.000000e+00,0.000000e+00,0.000000e+00,0.000000e+00,0.000000e+00
1.000000e+00,0.000000e+00,0.000000e+00,0.000000e+00,0.000000e+00,0.000000e+00,0.000000e+00,0.000000e+00,0.000000e+00,0.000000e+00,0.000000e+00,0.000000e+00,0.000000e+00,0.000000e+00,0.000000e+00
1.000000e+00,0.000000e+00,0.000000e+00,0.000000e+00,0.000000e+00,0.000000e+00,0.000000e+00,0.000000e+00,0.000000e+00,0.000000e+00,0.000000e+00,0.000000e+00,0.000000e+00,0.000000e+00,0.000000e+00
1.000000e+00,0.000000e+00,0.000000e+00,0.000000e+00,0.000000e+00,0.000000e+00,0.000000e+00,0.000000e+00,0.000000e+00,0.000000e+00,0.000000e+00,0.000000e+00,0.000000e+00,0.000000e+00,0.000000e+00
1.000000e+00,0.000000e+00,0.000000e+00,0.000000e+00,0.000000e+00,0.000000e+00,0.000000e+00,0.000000e+00,0.000000e+00,0.000000e+00,0.000000e+00,0.000000e+00,0.000000e+00,0.000000e+00,0.000000e+00
1.000000e+00,0.000000e+00,0.000000e+00,0.000000e+00,0.000000e+00,0.000000e+00,0.000000e+00,0.000000e+00,0.000000e+00,0.000000e+00,0.000000e+00,0.000000e+00,0.000000e+00,0.000000e+00,0.000000e+00
1.000000e+00,0.000000e+00,0.000000e+00,0.000000e+00,0.000000e+00,0.000000e+00,0.000000e+00,0.000000e+00,0.000000e+00,0.000000e+00,0.000000e+00,0.000000e+00,0.000000e+00,0.000000e+00,0.000000e+00
1.000000e+00,0.000000e+00,0.000000e+00,0.000000e+00,0.000000e+00,0.000000e+00,0.000000e+00,0.000000e+00,0.000000e+00,0.000000e+00,0.000000e+00,0.000000e+00,0.000000e+00,0.000000e+00,0.000000e+00
1.000000e+00,0.000000e+00,0.000000e+00,0.000000e+00,0.000000e+00,0.000000e+00,0.000000e+00,0.000000e+00,0.000000e+00,0.000000e+00,0.000000e+00,0.000000e+00,0.000000e+00,0.000000e+00,0.000000e+00
1.000000e+00,0.000000e+00,0.000000e+00,0.000000e+00,0.000000e+00,0.000000e+00,0.000000e+00,0.000000e+00,0.000000e+00,0.000000e+00,0.000000e+00,0.000000e+00,0.000000e+00,0.000000e+00,0.000000e+00
1.000000e+00,0.000000e+00,0.000000e+00,0.000000e+00,0.000000e+00,0.000000e+00,0.000000e+00,0.000000e+00,0.000000e+00,0.000000e+00,0.000000e+00,0.000000e+00,0.000000e+00,0.000000e+00,0.000000e+00
1.000000e+00,0.000000e+00,0.000000e+00,0.000000e+00,0.000000e+00,0.000000e+00,0.000000e+00,0.000000e+00,0.000000e+00,0.000000e+00,0.000000e+00,0.000000e+00,0.000000e+00,0.000000e+00,0.000000e+00
1.000000e+00,0.000000e+00,0.000000e+00,0.000000e+00,0.000000e+00,0.000000e+00,0.000000e+00,0.000000e+00,0.000000e+00,0.000000e+00,0.000000e+00,0.000000e+00,0.000000e+00,0.000000e+00,0.000000e+00
1.000000e+00,0.000000e+00,0.000000e+00,0.000000e+00,0.000000e+00,0.000000e+00,0.000000e+00,0.000000e+00,0.000000e+00,0.000000e+00,0.000000e+00,0.000000e+00,0.000000e+00,0.000000e+00,0.000000e+00
1.000000e+00,0.000000e+00,0.000000e+00,0.000000e+00,0.000000e+00,0.000000e+00,0.000000e+00,0.000000e+00,0.000000e+00,0.000000e+00,0.000000e+00,0.000000e+00,0.000000e+00,0.000000e+00,0.000000e+00
1.000000e+00,0.000000e+00,0.000000e+00,0.000000e+00,0.000000e+00,0.000000e+00,0.000000e+00,0.000000e+00,0.000000e+00,0.000000e+00,0.000000e+00,0.000000e+00,0.000000e+00,0.000000e+00,0.000000e+00
1.000000e+00,0.000000e+00,0.000000e+00,0.000000e+00,0.000000e+00,0.000000e+00,0.000000e+00,0.000000e+00,0.000000e+00,0.000000e+00,0.000000e+00,0.000000e+00,0.000000e+00,0.000000e+00,0.000000e+00
1.000000e+00,0.000000e+00,0.000000e+00,0.000000e+00,0.000000e+00,0.000000e+00,0.000000e+00,0.000000e+00,0.000000e+00,0.000000e+00,0.000000e+00,0.000000e+00,0.000000e+00,0.000000e+00,0.000000e+00
1.000000e+00,0.000000e+00,0.000000e+00,0.000000e+00,0.000000e+00,0.000000e+00,0.000000e+00,0.000000e+00,0.000000e+00,0.000000e+00,0.000000e+00,0.000000e+00,0.000000e+00,0.000000e+00,0.000000e+00
1.000000e+00,0.000000e+00,0.000000e+00,0.000000e+00,0.000000e+00,0.000000e+00,0.000000e+00,0.000000e+00,0.000000e+00,0.000000e+00,0.000000e+00,0.000000e+00,0.000000e+00,0.000000e+00,0.000000e+00
1.000000e+00,0.000000e+00,0.000000e+00,0.000000e+00,0.000000e+00,0.000000e+00,0.000000e+00,0.000000e+00,0.000000e+00,0.000000e+00,0.000000e+00,0.000000e+00,0.000000e+00,0.000000e+00,0.000000e+00
1.000000e+00,0.000000e+00,0.000000e+00,0.000000e+00,0.000000e+00,0.000000e+00,0.000000e+00,0.000000e+00,0.000000e+00,0.000000e+00,0.000000e+00,0.000000e+00,0.000000e+00,0.000000e+00,0.000000e+00
1.000000e+00,0.000000e+00,0.000000e+00,0.000000e+00,0.000000e+00,0.000000e+00,0.000000e+00,0.000000e+00,0.000000e+00,0.000000e+00,0.000000e+00,0.000000e+00,0.000000e+00,0.000000e+00,0.000000e+00
1.000000e+00,0.000000e+00,0.000000e+00,0.000000e+00,0.000000e+00,0.000000e+00,0.000000e+00,0.000000e+00,0.000000e+00,0.000000e+00,0.000000e+00,0.000000e+00,0.000000e+00,0.000000e+00,0.000000e+00
1.000000e+00,0.000000e+00,0.000000e+00,0.000000e+00,0.000000e+00,0.000000e+00,0.000000e+00,0.000000e+00,0.000000e+00,0.000000e+00,0.000000e+00,0.000000e+00,0.000000e+00,0.000000e+00,0.000000e+00
1.000000e+00,0.000000e+00,0.000000e+00,0.000000e+00,0.000000e+00,0.000000e+00,0.000000e+00,0.000000e+00,0.000000e+00,0.000000e+00,0.000000e+00,0.000000e+00,0.000000e+00,0.000000e+00,0.000000e+00
1.000000e+00,0.000000e+00,0.000000e+00,0.000000e+00,0.000000e+00,0.000000e+00,0.000000e+00,0.000000e+00,0.000000e+00,0.000000e+00,0.000000e+00,0.000000e+00,0.000000e+00,0.000000e+00,0.000000e+00
4.410695e-01,2.908628e-02,2.605027e-01,1.534062e-01,8.038683e-03,1.584849e-02,4.159579e-03,2.372030e-02,4.638620e-03,2.755117e-03,1.035741e-02,1.777452e-02,1.134731e-02,2.319381e-03,1.497595e-02
3.227927e-01,2.189623e-02,2.218212e-01,1.325867e-01,9.476095e-03,1.604277e-02,3.743214e-03,2.165587e-01,3.590711e-03,2.173993e-03,1.065256e-02,1.703584e-02,8.753033e-03,1.903164e-03,1.097301e-02
2.271243e-01,1.570618e-02,1.616930e-01,9.821536e-02,9.029528e-03,1.275718e-02,8.228410e-03,4.269654e-01,2.588461e-03,1.598448e-03,8.171422e-03,1.211979e-02,6.590903e-03,1.482377e-03,7.729198e-03
1.594238e-01,1.108114e-02,1.136659e-01,6.948911e-02,6.808836e-03,9.199010e-03,6.573187e-03,5.953077e-01,1.819091e-03,1.131529e-03,5.864677e-03,8.501702e-03,4.649941e-03,1.067728e-03,5.416543e-03
1.121981e-01,8.348080e-03,8.084176e-02,5.044417e-02,6.894435e-03,7.778660e-03,5.262663e-03,7.061602e-01,1.368673e-03,1.248717e-03,4.355399e-03,5.973071e-03,3.350545e-03,1.003137e-03,4.772418e-03
8.246917e-02,7.432551e-03,5.922394e-02,3.855585e-02,1.851016e-02,1.227825e-02,4.551825e-03,7.254534e-01,1.529826e-02,7.328202e-03,7.343893e-03,4.454404e-03,3.951372e-03,2.756802e-03,1.039195e-02
5.947316e-02,6.311251e-03,4.234194e-02,2.809913e-02,1.778080e-02,1.220286e-02,4.345361e-03,5.937913e-01,8.130900e-02,1.334149e-02,6.086827e-02,7.339485e-03,4.230613e-02,1.183024e-02,1.865964e-02
4.931016e-02,6.552216e-03,3.009560e-02,2.022666e-02,1.829982e-02,9.419565e-03,3.304033e-03,4.361895e-01,1.937968e-01,2.123719e-02,8.723268e-02,6.264127e-03,3.954083e-02,2.789991e-02,5.063092e-02
4.735042e-02,5.527668e-03,2.128376e-02,1.484753e-02,1.469399e-02,7.827920e-03,2.529217e-03,3.156464e-01,2.526366e-01,1.931872e-02,1.000215e-01,6.949325e-03,3.614230e-02,6.940446e-02,8.582033e-02
4.035352e-02,4.585134e-03,1.496868e-02,1.074507e-02,1.089674e-02,8.629264e-03,1.842269e-03,2.212797e-01,2.534380e-01,2.556449e-02,7.562450e-02,5.262280e-03,2.686481e-02,5.630562e-02,2.436399e-01
3.083899e-02,4.162710e-03,1.059607e-02,8.229228e-03,7.717693e-03,6.800876e-03,1.311859e-03,1.549869e-01,4.343233e-01,2.722766e-02,5.353811e-02,3.973578e-03,1.951040e-02,4.033206e-02,1.964506e-01
2.583685e-02,4.012643e-03,8.130936e-03,8.695649e-03,5.593135e-03,6.119261e-03,9.612363e-04,1.085852e-01,5.520240e-01,2.413176e-02,3.918354e-02,3.312891e-03,1.461604e-02,2.948512e-02,1.693117e-01
9.284673e-02,5.445548e-03,6.924854e-03,7.801492e-03,4.378063e-03,1.003948e-02,8.703221e-04,7.617133e-02,5.287500e-01,2.124217e-02,2.928931e-02,3.341385e-03,1.148942e-02,2.366669e-02,1.777432e-01
1.296944e-01,1.146980e-02,5.988330e-03,6.027251e-03,3.293441e-03,9.521915e-03,6.416650e-04,5.342301e-02,4.890624e-01,4.524845e-02,2.804379e-02,3.239692e-03,9.957535e-03,2.093288e-02,1.834554e-01
1.760933e-01,1.312837e-02,8.079888e-03,8.883918e-03,2.741064e-03,9.953799e-03,5.935578e-04,3.819428e-02,4.595169e-01,3.982106e-02,2.412764e-02,4.354753e-03,9.616455e-03,2.343474e-02,1.814603e-01
1.543497e-01,2.212229e-02,1.364969e-02,1.074820e-02,2.158229e-03,7.884869e-03,4.495716e-04,2.703727e-02,4.966767e-01,4.332771e-02,2.000529e-02,3.744863e-03,9.097476e-03,2.220950e-02,1.665386e-01
1.223347e-01,2.484404e-02,1.688758e-02,1.014054e-02,2.196891e-03,6.966635e-03,4.154301e-04,1.907852e-02,4.024434e-01,2.090578e-01,2.007895e-02,2.966239e-03,7.998264e-03,2.764289e-02,1.269481e-01
1.226153e-01,5.222235e-02,2.596171e-02,1.326456e-02,3.123938e-03,8.185362e-03,5.094459e-04,1.458450e-02,3.408765e-01,1.985983e-01,3.525218e-02,5.815443e-03,2.369041e-02,2.532899e-02,1.299710e-01
9.687403e-02,3.868241e-02,2.288451e-02,1.090788e-02,3.031160e-03,8.186204e-03,5.080386e-04,1.043501e-02,2.508674e-01,2.944351e-01,5.727650e-02,6.542210e-03,7.051423e-02,2.044750e-02,1.084079e-01
1.717038e-01,3.297902e-02,1.847810e-02,9.890431e-03,6.230303e-03,1.031985e-02,1.075976e-03,8.183338e-03,1.889544e-01,2.775542e-01,5.995521e-02,1.088271e-02,1.045514e-01,1.597311e-02,8.326818e-02
2.253497e-01,2.826149e-02,4.157821e-02,1.587192e-02,8.394174e-03,1.211786e-02,1.900341e-03,8.732497e-03,1.735316e-01,2.164371e-01,4.672367e-02,1.509463e-02,1.275637e-01,1.285754e-02,6.558561e-02
2.186064e-01,2.495485e-02,3.583560e-02,1.562960e-02,8.606045e-03,1.260946e-02,3.193324e-03,7.931264e-03,1.298775e-01,1.674392e-01,3.578161e-02,5.065946e-02,2.202234e-01,1.137279e-02,5.727947e-02
2.838268e-01,1.924988e-02,2.726373e-02,1.319342e-02,9.075663e-03,1.222981e-02,3.224772e-03,6.112425e-03,9.351471e-02,1.207600e-01,2.980181e-02,6.506968e-02,2.608838e-01,8.863514e-03,4.692997e-02
3.477339e-01,1.497810e-02,2.006525e-02,9.597845e-03,7.257621e-03,1.149905e-02,2.799157e-03,4.874797e-03,6.676591e-02,8.772109e-02,2.472239e-02,7.804564e-02,2.699665e-01,8.341558e-03,4.563118e-02
4.317895e-01,1.131015e-02,1.616528e-02,7.545195e-03,5.434107e-03,2.009583e-02,2.751228e-03,4.306884e-03,4.775025e-02,6.422641e-02,3.198643e-02,7.156271e-02,2.430066e-01,8.787891e-03,3.328148e-02
4.713117e-01,9.195078e-03,1.276765e-02,6.933509e-03,5.266332e-03,3.101406e-02,2.533681e-03,3.476211e-03,3.632521e-02,5.191733e-02,4.521944e-02,8.473559e-02,2.035233e-01,9.259751e-03,2.652113e-02
4.687023e-01,1.024720e-02,2.558257e-02,1.066084e-02,9.797084e-03,4.928901e-02,3.343415e-03,3.720214e-03,3.502174e-02,4.029927e-02,4.316892e-02,9.469387e-02,1.663691e-01,1.265056e-02,2.645387e-02
1.000000e+00,0.000000e+00,0.000000e+00,0.000000e+00,0.000000e+00,0.000000e+00,0.000000e+00,0.000000e+00,0.000000e+00,0.000000e+00,0.000000e+00,0.000000e+00,0.000000e+00,0.000000e+00,0.000000e+00
4.575170e-01,8.244823e-03,2.500293e-02,1.844396e-02,1.281927e-02,5.720661e-02,3.955210e-03,5.504565e-03,2.861796e-02,2.474138e-02,5.220098e-02,1.664343e-01,1.013196e-01,1.774108e-02,2.025034e-02
3.386011e-01,6.564484e-03,2.232675e-02,1.408304e-02,1.112579e-02,4.188225e-02,3.413802e-03,6.339801e-03,2.324838e-02,1.822848e-02,6.680667e-02,3.217703e-01,7.840448e-02,3.188699e-02,1.531776e-02
2.667077e-01,4.939494e-03,1.683987e-02,1.078943e-02,8.807721e-03,3.023047e-02,2.727209e-03,6.329811e-03,1.843998e-02,1.344373e-02,6.785014e-02,4.520847e-01,5.797764e-02,3.171724e-02,1.111490e-02
2.211495e-01,4.135215e-03,1.226526e-02,8.330251e-03,7.826175e-03,2.178504e-02,2.198994e-03,6.085221e-03,1.535362e-02,1.033672e-02,6.289466e-02,5.409986e-01,4.278161e-02,3.565114e-02,8.208043e-03
1.759310e-01,4.358452e-03,9.306584e-03,6.563780e-03,7.710052e-03,1.696839e-02,1.713888e-03,5.436438e-03,1.756485e-02,8.704833e-03,6.164168e-02,5.488139e-01,3.137777e-02,9.709012e-02,6.818282e-03
1.360539e-01,3.988100e-03,7.754788e-03,5.477208e-03,6.860187e-03,1.374974e-02,1.363736e-03,5.267691e-03,2.023921e-02,8.407647e-03,6.505381e-02,5.668095e-01,2.287360e-02,1.309141e-01,5.186846e-03
1.131816e-01,4.445103e-03,7.462506e-03,4.626122e-03,8.318384e-03,1.714470e-02,1.060678e-03,4.706483e-03,2.347011e-02,9.104749e-03,9.088741e-02,5.091646e-01,1.721146e-02,1.845846e-01,4.631472e-03
1.015702e-01,4.361010e-03,6.212638e-03,3.993385e-03,8.168872e-03,1.499428e-02,8.697957e-04,4.118472e-03,2.754381e-02,1.677907e-02,1.267922e-01,4.181785e-01,1.305228e-02,2.491346e-01,4.230984e-03
1.081368e-01,5.046277e-03,9.404150e-03,4.661134e-03,7.382789e-03,1.224821e-02,9.002776e-04,6.503277e-03,3.235859e-02,3.330605e-02,1.373647e-01,3.236857e-01,9.872863e-03,3.054358e-01,3.693364e-03
1.879996e-01,1.270987e-02,1.152646e-02,4.888348e-03,1.151459e-02,1.057172e-02,8.151502e-04,8.231614e-03,4.349992e-02,4.050027e-02,1.350834e-01,2.371650e-01,7.906134e-03,2.837773e-01,3.810721e-03
2.134370e-01,1.284729e-02,1.385961e-02,5.203165e-03,1.589872e-02,1.029165e-02,1.040063e-03,8.270379e-03,4.345962e-02,4.866771e-02,1.394445e-01,1.804392e-01,6.461196e-03,2.960313e-01,4.648629e-03
2.502070e-01,1.132752e-02,2.145121e-02,4.368949e-03,1.347579e-02,1.802805e-02,1.344147e-03,7.595900e-03,3.298385e-02,5.286716e-02,1.955041e-01,1.436050e-01,6.026547e-03,2.347540e-01,6.460809e-03
2.172968e-01,1.019855e-02,1.703825e-02,4.246401e-03,1.348174e-02,1.774341e-02,1.495203e-03,6.710419e-03,2.536006e-02,4.967987e-02,2.797787e-01,1.355552e-01,8.146096e-03,2.054341e-01,7.835185e-03
1.752502e-01,1.404204e-02,1.904982e-02,4.496334e-03,2.896165e-02,1.484775e-02,1.278862e-03,8.055482e-03,2.098720e-02,4.216506e-02,3.107876e-01,1.356075e-01,7.684434e-03,2.091361e-01,7.649940e-03
1.499109e-01,1.245920e-02,1.568029e-02,5.602450e-03,3.858075e-02,1.362159e-02,1.788656e-03,9.658244e-03,1.614117e-02,3.465687e-02,3.229261e-01,1.610052e-01,8.852511e-03,2.013034e-01,7.812705e-03
1.376861e-01,1.433281e-02,1.393036e-02,7.784407e-03,6.393348e-02,2.482874e-02,3.955997e-03,1.152008e-02,1.597636e-02,3.398204e-02,3.004094e-01,1.666705e-01,8.165916e-03,1.835023e-01,1.332158e-02
1.399214e-01,2.194863e-02,2.156036e-02,7.043436e-03,5.867289e-02,2.371117e-02,6.091197e-03,1.049568e-02,2.817187e-02,4.768807e-02,3.189818e-01,1.312212e-01,8.442304e-03,1.420622e-01,3.398790e-02
1.305781e-01,2.252820e-02,3.901130e-02,5.580021e-03,4.855558e-02,2.422894e-02,5.961178e-03,1.090848e-02,2.498381e-02,1.139150e-01,2.684941e-01,9.760137e-02,7.140620e-03,1.320798e-01,6.843346e-02
1.070313e-01,1.851412e-02,5.200105e-02,4.492238e-03,3.867311e-02,4.813807e-02,5.815187e-03,1.101918e-02,2.196798e-02,2.467816e-01,2.057986e-01,7.105624e-02,5.486658e-03,1.087911e-01,5.443360e-02
8.833517e-02,1.345660e-02,1.419305e-01,4.667500e-03,3.254333e-02,3.590087e-02,1.712511e-02,1.294107e-01,1.686499e-02,2.014796e-01,1.463024e-01,5.125954e-02,4.302839e-03,7.792816e-02,3.849282e-02
6.777655e-02,9.796693e-03,1.303053e-01,3.484054e-03,2.574571e-02,2.721522e-02,1.968016e-01,1.557322e-01,1.230086e-02,1.457354e-01,1.028645e-01,3.633482e-02,3.947808e-03,5.477166e-02,2.718768e-02
5.104842e-02,7.008198e-03,1.879917e-01,2.559560e-03,1.878300e-02,2.107396e-02,3.234118e-01,1.184264e-01,8.711073e-03,1.021592e-01,7.217642e-02,2.561465e-02,3.530225e-03,3.843439e-02,1.907103e-02
3.644751e-02,4.953974e-03,1.603060e-01,1.843271e-03,1.381948e-02,1.521769e-02,4.853925e-01,9.257199e-02,6.151700e-03,7.154936e-02,5.055481e-02,1.795114e-02,2.952918e-03,2.693094e-02,1.335683e-02
2.583715e-02,3.507122e-03,1.275186e-01,1.378610e-03,1.086676e-02,1.087246e-02,6.080098e-01,7.871477e-02,4.447266e-03,5.013520e-02,3.540486e-02,1.259052e-02,2.483160e-03,1.887631e-02,9.357423e-03
1.837240e-02,2.483879e-03,9.041046e-02,1.039250e-03,8.079260e-03,7.894783e-03,7.109644e-01,6.663464e-02,3.392054e-03,3.513956e-02,2.481220e-02,8.845511e-03,2.128941e-03,1.323262e-02,6.570033e-03
1.325403e-02,1.753184e-03,6.396879e-02,7.770231e-04,5.781671e-03,5.697526e-03,7.905515e-01,5.194280e-02,2.494700e-03,2.462367e-02,1.739482e-02,6.227139e-03,1.631075e-03,9.271560e-03,4.630514e-03
1.105834e-02,1.254003e-03,4.841175e-02,7.064963e-04,4.125664e-03,4.163240e-03,8.406086e-01,4.276778e-02,1.783371e-03,1.729292e-02,1.222201e-02,4.409022e-03,1.250118e-03,6.546356e-03,3.400340e-03
9.403123e-03,9.231794e-04,3.510644e-02,6.454258e-04,2.982288e-03,3.041090e-03,8.767154e-01,3.752458e-02,1.313148e-03,1.219320e-02,8.632073e-03,3.185530e-03,1.138380e-03,4.653890e-03,2.542273e-03
8.770577e-03,6.918538e-04,2.546603e-02,5.695583e-04,2.192514e-03,2.312178e-03,9.023980e-01,3.302864e-02,1.022718e-03,8.623982e-03,6.122289e-03,2.411996e-03,1.050649e-03,3.326503e-03,2.012427e-03
9.480084e-03,6.807353e-04,1.942193e-02,5.568158e-04,1.866648e-03,2.250012e-03,9.067805e-01,3.911451e-02,8.463183e-04,6.346109e-03,4.437469e-03,1.981521e-03,1.129401e-03,2.540726e-03,2.567172e-03
1.505470e-02,7.820510e-04,1.608314e-02,6.298403e-04,2.151171e-03,2.907184e-03,8.962769e-01,4.647570e-02,9.302178e-04,5.045793e-03,3.387067e-03,2.456319e-03,1.605101e-03,2.095753e-03,4.119011e-03
4.990484e-02,8.876028e-04,1.607713e-02,7.487810e-04,1.954733e-03,4.046840e-03,8.636452e-01,4.102255e-02,1.311358e-03,4.071386e-03,2.790891e-03,4.682737e-03,2.551104e-03,1.651713e-03,4.653124e-03
7.020871e-02,8.522710e-04,1.286411e-02,8.023642e-04,2.360842e-03,4.088188e-03,8.406265e-01,4.467160e-02,1.208107e-03,3.672184e-03,2.376484e-03,4.878954e-03,2.965967e-03,1.480603e-03,6.943134e-03
6.406099e-02,8.033987e-04,9.701476e-03,8.526265e-04,3.761845e-03,3.765485e-03,8.339457e-01,5.563717e-02,1.037602e-03,4.025966e-03,2.438429e-03,4.319167e-03,3.509908e-03,1.682210e-03,1.045800e-02
5.410068e-02,8.244565e-04,7.589397e-03,9.653562e-04,4.524077e-03,4.182377e-03,8.183887e-01,7.728979e-02,1.451755e-03,3.584640e-03,4.383003e-03,4.951561e-03,6.558172e-03,1.505296e-03,9.700703e-03
5.505265e-02,1.207260e-03,6.905429e-03,1.911124e-03,5.579645e-03,6.984629e-03,7.802550e-01,1.002038e-01,1.699969e-03,5.140091e-03,4.986817e-03,6.952708e-03,9.683881e-03,1.385595e-03,1.205138e-02
7.178124e-02,5.469608e-03,9.294307e-03,1.174732e-02,1.202167e-02,1.546220e-02,6.550353e-01,1.139330e-01,3.674288e-03,1.348080e-02,9.265617e-03,3.933404e-02,1.333394e-02,1.884414e-03,2.428221e-02
1.059514e-01,6.851683e-03,9.851290e-03,1.317853e-02,1.279967e-02,1.885528e-02,5.668940e-01,1.443808e-01,4.056482e-03,1.709711e-02,8.846354e-03,4.449693e-02,1.518994e-02,2.190134e-03,2.936039e-02
1.292384e-01,8.457289e-03,1.032431e-02,1.684790e-02,1.341177e-02,2.394523e-02,4.666185e-01,1.780250e-01,5.705031e-03,1.986627e-02,9.721401e-03,5.957611e-02,2.157241e-02,2.362499e-03,3.432784e-02
1.262954e-01,1.084601e-02,1.093752e-02,4.019580e-02,1.772895e-02,4.472349e-02,3.349755e-01,1.401358e-01,1.180496e-02,1.781256e-02,1.373740e-02,1.621064e-01,3.167752e-02,2.511908e-03,3.451082e-02
1.581136e-01,1.255414e-02,1.147995e-02,4.967963e-02,1.896377e-02,5.260746e-02,2.440219e-01,1.256523e-01,1.633015e-02,1.467911e-02,1.528842e-02,2.007216e-01,4.428965e-02,2.906204e-03,3.271219e-02
2.233977e-01,1.197082e-02,1.196401e-02,4.413024e-02,2.081136e-02,5.137922e-02,2.018971e-01,1.217978e-01,1.747350e-02,1.174763e-02,1.421574e-02,1.798965e-01,5.544289e-02,3.521932e-03,3.035348e-02
1.983201e-01,1.330891e-02,1.018405e-02,4.870053e-02,2.906093e-02,6.435095e-02,1.592172e-01,8.845499e-02,1.746831e-02,1.105297e-02,2.207465e-02,2.001435e-01,9.705977e-02,4.249216e-03,3.635405e-02
1.451213e-01,1.073448e-02,7.689654e-03,5.714153e-02,2.569157e-02,5.482125e-02,1.156742e-01,6.230092e-02,1.791263e-02,1.071984e-02,3.202767e-02,2.929837e-01,1.283375e-01,3.424583e-03,3.541919e-02
1.027010e-01,8.003078e-03,6.381413e-03,6.013988e-02,2.086081e-02,4.193089e-02,8.254556e-02,4.387821e-02,4.017073e-02,9.967165e-03,5.157370e-02,3.622059e-01,1.374049e-01,2.741069e-03,2.949575e-02
8.353607e-02,5.751921e-03,5.100299e-03,4.940883e-02,4.402170e-02,3.111760e-02,6.527977e-02,3.286191e-02,8.280970e-02,8.127643e-03,1.043518e-01,3.369342e-01,1.072907e-01,2.605407e-03,4.080251e-02
7.743972e-02,4.495305e-03,5.433309e-03,5.813339e-02,4.697668e-02,2.638254e-02,5.692779e-02,2.597113e-02,9.916115e-02,1.307464e-02,1.090871e-01,2.488236e-01,1.654686e-01,2.987000e-03,5.963808e-02
7.138040e-02,5.186672e-03,6.573795e-03,8.024669e-02,3.971899e-02,2.878426e-02,4.442028e-02,2.056860e-02,8.836226e-02,1.337152e-02,9.148639e-02,1.857569e-01,1.997273e-01,3.487763e-03,1.209282e-01
7.709727e-02,5.370668e-03,9.237863e-03,7.151993e-02,3.766346e-02,4.515751e-02,3.726046e-02,2.077609e-02,8.737962e-02,1.452579e-02,7.789241e-02,1.432289e-01,1.743859e-01,4.238680e-03,1.942655e-01
1.181617e-01,1.205560e-02,9.720093e-03,5.309530e-02,4.164875e-02,5.176339e-02,3.305718e-02,2.285167e-02,9.855521e-02,1.495692e-02,5.855010e-02,1.210792e-01,1.559454e-01,5.461298e-03,2.030981e-01
1.794848e-01,2.476291e-02,1.195431e-02,5.748214e-02,4.449765e-02,6.349681e-02,2.853271e-02,2.259089e-02,1.106889e-01,1.576238e-02,4.512548e-02,1.052177e-01,1.253159e-01,6.014249e-03,1.590732e-01
2.329217e-01,2.679624e-02,1.476665e-02,8.078826e-02,3.464961e-02,7.566582e-02,2.306660e-02,1.749354e-02,1.123741e-01,1.472645e-02,3.576854e-02,9.178229e-02,1.061947e-01,5.254317e-03,1.277512e-01
3.446137e-01,2.203154e-02,1.209048e-02,7.385465e-02,3.076101e-02,7.897583e-02,1.768931e-02,1.417867e-02,9.083725e-02,1.120752e-02,2.850226e-02,8.100548e-02,9.628986e-02,4.296850e-03,9.366566e-02
4.135364e-01,1.915143e-02,1.023877e-02,6.448386e-02,2.903097e-02,7.779198e-02,2.184994e-02,1.753101e-02,7.603087e-02,8.802124e-03,2.494413e-02,8.155939e-02,8.104778e-02,3.930893e-03,7.007044e-02
1.000000e+00,0.000000e+00,0.000000e+00,0.000000e+00,0.000000e+00,0.000000e+00,0.000000e+00,0.000000e+00,0.000000e+00,0.000000e+00,0.000000e+00,0.000000e+00,0.000000e+00,0.000000e+00,0.000000e+00
1.000000e+00,0.000000e+00,0.000000e+00,0.000000e+00,0.000000e+00,0.000000e+00,0.000000e+00,0.000000e+00,0.000000e+00,0.000000e+00,0.000000e+00,0.000000e+00,0.000000e+00,0.000000e+00,0.000000e+00
1.000000e+00,0.000000e+00,0.000000e+00,0.000000e+00,0.000000e+00,0.000000e+00,0.000000e+00,0.000000e+00,0.000000e+00,0.000000e+00,0.000000e+00,0.000000e+00,0.000000e+00,0.000000e+00,0.000000e+00
1.000000e+00,0.000000e+00,0.000000e+00,0.000000e+00,0.000000e+00,0.000000e+00,0.000000e+00,0.000000e+00,0.000000e+00,0.000000e+00,0.000000e+00,0.000000e+00,0.000000e+00,0.000000e+00,0.000000e+00
4.624293e-01,2.934031e-02,1.054794e-02,1.173663e-01,1.332362e-02,7.568919e-02,1.138706e-02,9.397973e-03,4.323276e-02,4.265246e-03,8.361231e-03,3.576316e-02,1.476749e-01,1.853392e-03,2.936755e-02
3.739611e-01,2.272764e-02,8.173598e-03,9.609745e-02,1.101397e-02,8.654067e-02,9.477338e-03,7.349958e-03,3.769378e-02,3.764204e-03,1.382993e-02,4.000428e-02,2.636661e-01,2.448963e-03,2.325102e-02
2.642267e-01,1.699001e-02,6.341767e-03,7.418076e-02,1.826373e-02,6.853627e-02,7.652650e-03,6.085451e-03,2.837706e-02,5.021006e-03,4.571466e-02,4.684228e-02,3.719291e-01,2.080840e-03,3.775767e-02
1.884481e-01,1.318120e-02,5.020877e-03,5.467470e-02,1.382682e-02,5.586392e-02,5.656527e-03,5.639524e-03,2.339171e-02,1.279308e-02,1.120361e-01,5.144640e-02,3.919375e-01,8.910108e-03,5.717344e-02
1.327840e-01,9.520061e-03,3.626301e-03,3.930692e-02,1.071649e-02,4.429078e-02,4.107967e-03,4.485780e-03,2.322014e-02,2.245199e-02,2.069571e-01,4.094835e-02,3.161452e-01,6.811228e-02,7.332668e-02
9.408663e-02,7.114028e-03,2.610926e-03,2.923764e-02,8.309379e-03,3.600030e-02,2.921009e-03,3.349284e-03,3.125791e-02,3.644235e-02,2.649878e-01,3.626993e-02,2.362377e-01,9.723724e-02,1.139379e-01
6.619848e-02,5.272241e-03,1.896353e-03,2.120214e-02,6.330715e-03,2.556674e-02,2.079555e-03,2.379277e-03,5.007544e-02,3.769503e-02,2.974070e-01,3.101123e-02,1.992606e-01,1.507658e-01,1.028594e-01
4.676212e-02,3.999427e-03,1.798536e-03,1.534555e-02,4.944290e-03,1.802912e-02,1.493925e-03,1.813352e-03,8.535975e-02,4.668806e-02,2.863028e-01,2.461053e-02,1.575556e-01,1.935455e-01,1.117514e-01
3.386776e-02,3.515451e-03,1.669302e-03,1.112099e-02,3.887822e-03,1.360651e-02,1.180575e-03,1.321909e-03,1.631300e-01,4.453794e-02,2.371797e-01,1.951183e-02,1.257290e-01,1.618498e-01,1.778914e-01
2.494665e-02,3.106139e-03,1.860447e-03,8.409888e-03,2.999315e-03,1.026946e-02,8.663206e-04,1.064920e-03,3.210548e-01,3.427514e-02,1.994454e-01,1.440429e-02,9.156612e-02,1.371344e-01,1.485967e-01
1.887654e-02,3.262456e-03,2.369434e-03,7.437209e-03,2.397086e-03,9.121938e-03,6.471436e-04,1.270183e-03,4.016433e-01,2.847097e-02,1.677437e-01,1.062047e-02,6.714468e-02,1.310890e-01,1.479058e-01
1.413512e-02,2.605438e-03,1.969392e-03,5.507085e-03,1.756848e-03,6.588332e-03,4.667689e-04,1.156511e-03,5.380577e-01,2.205194e-02,1.254662e-01,7.645520e-03,4.785522e-02,1.014193e-01,1.233187e-01
1.143865e-02,2.021485e-03,1.664745e-03,3.971297e-03,1.390579e-03,5.030246e-03,3.404087e-04,8.753329e-04,5.985771e-01,1.601601e-02,9.590442e-02,5.604156e-03,3.441935e-02,8.473213e-02,1.380142e-01
9.557345e-03,1.656973e-03,1.909766e-03,2.948192e-03,1.409288e-03,4.414261e-03,2.763186e-04,8.053956e-04,6.623281e-01,1.164697e-02,7.101639e-02,4.129737e-03,2.502894e-02,7.004248e-02,1.328298e-01
9.011108e-03,1.912252e-03,3.045793e-03,2.260555e-03,1.588165e-03,7.463334e-03,2.709893e-04,7.679725e-04,6.964236e-01,8.731525e-03,5.703078e-02,3.790274e-03,1.925793e-02,8.268385e-02,1.057618e-01
8.373665e-03,1.601026e-03,2.533493e-03,1.681112e-03,1.509154e-03,7.909955e-03,2.158166e-04,6.554005e-04,7.511521e-01,6.659567e-03,4.419465e-02,3.259979e-03,1.446736e-02,7.494320e-02,8.084352e-02
8.893689e-03,2.492940e-03,6.882634e-03,1.710259e-03,2.023440e-03,8.755349e-03,1.829948e-04,6.985084e-04,7.344451e-01,6.231729e-03,5.149870e-02,6.240928e-03,1.208876e-02,9.918876e-02,5.866620e-02
7.807764e-03,3.907652e-03,5.715188e-03,1.767767e-03,3.984818e-03,7.190248e-03,1.595134e-04,9.695207e-04,7.645772e-01,5.745422e-03,4.111068e-02,5.115581e-03,9.514950e-03,9.909161e-02,4.334209e-02
7.430448e-03,5.015506e-03,9.964342e-03,4.114145e-03,1.501465e-02,5.924443e-03,1.293284e-04,1.497926e-02,7.781183e-01,5.176251e-03,3.111377e-02,4.318837e-03,7.482069e-03,7.967701e-02,3.154165e-02
7.969742e-03,4.120888e-03,1.019402e-02,1.570445e-02,1.390173e-02,5.461501e-03,1.076370e-04,1.287280e-02,7.949463e-01,6.044826e-03,2.713340e-02,7.993960e-03,1.277666e-02,5.760228e-02,2.316984e-02
2.099903e-02,3.914711e-03,8.573400e-03,2.145251e-02,2.788578e-02,5.683976e-03,1.469360e-04,1.076014e-02,7.695803e-01,9.199779e-03,2.817678e-02,1.170371e-02,1.788882e-02,4.332595e-02,2.070819e-02
3.056833e-02,3.328696e-03,7.279369e-03,1.717970e-02,2.351567e-02,1.642973e-02,3.669904e-03,3.172904e-02,6.936564e-01,7.604607e-03,2.987535e-02,2.610141e-02,5.892112e-02,3.245522e-02,1.768540e-02
2.803637e-02,2.813201e-03,5.509024e-03,1.546645e-02,1.876646e-02,1.711542e-02,2.734533e-03,2.295993e-02,6.324288e-01,6.620177e-03,2.737470e-02,3.410152e-02,1.453413e-01,2.338904e-02,1.734309e-02
2.906661e-02,3.273659e-03,6.179346e-03,1.349669e-02,1.469569e-02,2.417982e-02,3.140904e-03,1.713942e-02,4.626721e-01,1.828291e-02,4.411192e-02,5.331936e-02,2.756994e-01,1.678847e-02,1.795362e-02
2.480087e-02,2.750591e-03,6.147788e-03,1.017360e-02,1.071230e-02,2.334924e-02,2.707139e-03,1.343328e-02,3.355235e-01,1.702490e-02,3.325427e-02,4.924519e-02,4.428444e-01,1.255959e-02,1.547342e-02
3.147854e-02,3.186586e-03,5.415146e-03,8.851069e-03,8.969574e-03,3.024574e-02,2.443286e-03,1.089302e-02,2.452398e-01,1.359701e-02,2.471404e-02,4.765414e-02,5.448314e-01,9.143152e-03,1.333750e-02
2.696987e-02,3.581842e-03,5.103795e-03,6.558873e-03,8.419144e-03,3.476650e-02,2.178869e-03,1.104868e-02,1.742235e-01,1.008383e-02,1.794058e-02,3.760188e-02,6.444393e-01,6.644948e-03,1.043845e-02
2.080590e-02,4.318129e-03,4.413811e-03,4.743419e-03,8.483033e-03,3.574254e-02,2.167671e-03,9.100344e-03,1.255790e-01,7.622459e-03,1.347221e-02,3.167273e-02,7.180692e-01,4.801686e-03,9.008009e-03
1.525772e-02,4.681661e-03,3.804447e-03,3.578569e-03,9.111101e-03,3.369274e-02,2.485688e-03,1.755358e-02,9.460346e-02,5.708091e-03,1.068852e-02,2.728199e-02,7.608755e-01,3.444212e-03,7.232762e-03
1.536912e-02,9.102019e-03,3.491534e-03,2.985609e-03,8.780395e-03,3.602029e-02,2.168821e-03,2.137332e-02,8.627309e-02,4.385990e-03,9.824817e-03,2.031437e-02,7.717033e-01,2.541247e-03,5.666085e-03
1.781673e-02,1.609416e-02,3.157744e-03,2.709153e-03,7.834253e-03,3.963719e-02,1.868499e-03,1.802588e-02,8.038554e-02,3.781460e-03,9.235280e-03,1.560871e-02,7.768852e-01,1.919404e-03,5.040819e-03
1.884895e-02,1.951992e-02,3.315322e-03,2.181771e-03,8.923387e-03,4.130900e-02,2.012510e-03,1.553198e-02,7.709593e-02,2.763845e-03,6.754088e-03,1.481067e-02,7.811316e-01,1.390434e-03,4.410534e-03
2.008776e-02,2.588166e-02,3.953931e-03,1.807772e-03,1.225897e-02,6.091504e-02,3.028242e-03,1.400550e-02,9.020060e-02,2.128161e-03,4.996973e-03,1.346990e-02,7.424076e-01,1.142066e-03,3.715870e-03
2.262226e-02,3.396254e-02,4.261404e-03,2.946815e-03,9.930231e-03,1.327924e-01,5.619966e-03,2.522621e-02,1.261333e-01,2.230157e-03,4.322947e-03,1.119914e-02,6.131647e-01,8.721264e-04,4.715847e-03
3.429487e-02,2.630581e-02,6.003308e-03,1.036796e-02,9.336260e-03,2.274390e-01,4.360541e-03,3.029365e-02,1.049047e-01,1.839937e-03,3.284894e-03,8.465388e-03,5.277723e-01,6.485457e-04,4.682905e-03
5.005620e-02,2.171988e-02,4.914587e-03,8.947230e-03,8.425958e-03,3.250892e-01,3.826817e-03,2.539417e-02,8.595816e-02,1.496285e-03,2.505986e-03,7.042900e-03,4.493111e-01,5.182272e-04,4.793249e-03
6.174865e-02,2.371943e-02,4.613890e-03,7.157396e-03,9.398321e-03,4.287736e-01,4.650615e-03,1.955640e-02,7.049743e-02,1.163848e-03,2.148464e-03,9.317832e-03,3.520562e-01,4.416091e-04,4.756213e-03
7.703979e-02,2.144236e-02,5.426069e-03,8.313319e-03,9.814918e-03,5.037354e-01,5.890338e-03,1.770966e-02,5.764870e-02,2.059252e-03,2.120067e-03,1.178478e-02,2.663365e-01,5.632619e-04,1.011563e-02
1.193798e-01,1.797880e-02,1.201191e-02,8.156908e-03,8.903113e-03,4.085678e-01,1.475900e-02,5.749486e-02,4.721761e-02,4.071482e-03,3.910521e-03,1.931816e-02,2.598094e-01,2.135518e-03,1.628514e-02
1.965703e-01,1.591199e-02,1.193939e-02,1.085670e-02,1.128342e-02,3.306647e-01,1.352093e-02,6.992841e-02,6.398491e-02,3.915414e-03,7.293923e-03,1.981953e-02,2.236150e-01,2.875970e-03,1.781946e-02
2.593262e-01,1.289953e-02,1.969793e-02,4.728008e-02,9.964585e-03,2.498367e-01,1.041002e-02,9.997788e-02,5.972144e-02,4.533554e-03,9.398350e-03,2.819003e-02,1.689655e-01,2.535641e-03,1.726259e-02
3.505447e-01,1.215710e-02,2.114819e-02,6.284626e-02,1.009174e-02,1.955729e-01,8.313222e-03,8.690617e-02,6.280413e-02,4.426445e-03,9.885798e-03,2.578310e-02,1.277185e-01,2.992307e-03,1.880943e-02
3.567373e-01,1.031105e-02,1.935409e-02,5.380554e-02,1.152566e-02,1.466556e-01,6.724828e-03,1.756156e-01,7.330157e-02,3.463759e-03,8.617589e-03,1.976650e-02,9.700029e-02,2.522423e-03,1.459817e-02
2.721317e-01,7.728880e-03,1.410927e-02,3.933329e-02,9.464855e-03,1.034702e-01,5.136645e-03,3.865664e-01,5.599179e-02,2.532371e-03,6.858740e-03,1.467315e-02,6.952436e-02,1.873795e-03,1.060459e-02
2.240087e-01,5.967763e-03,1.019412e-02,2.841646e-02,7.850170e-03,7.443007e-02,3.902131e-03,5.268065e-01,4.121766e-02,1.827218e-03,5.668070e-03,1.053262e-02,5.015999e-02,1.371028e-03,7.647447e-03
1.944667e-01,4.622466e-03,7.225301e-03,2.053231e-02,7.939279e-03,5.394734e-02,3.137846e-03,6.219358e-01,3.065481e-02,1.311724e-03,4.541847e-03,7.609742e-03,3.562536e-02,9.873159e-04,5.461989e-03
1.553481e-01,3.462550e-03,5.172170e-03,1.488300e-02,7.082390e-03,4.019231e-02,2.402123e-03,7.092134e-01,2.202679e-02,9.584404e-04,3.493517e-03,5.587833e-03,2.552473e-02,7.173576e-04,3.935288e-03
1.200860e-01,2.554553e-03,3.676247e-03,1.074945e-02,7.467382e-03,2.886129e-02,1.793964e-03,7.796421e-01,1.600826e-02,7.063159e-04,2.583734e-03,4.099295e-03,1.844624e-02,5.146015e-04,2.810533e-03
9.543552e-02,1.897332e-03,2.668886e-03,7.863744e-03,6.454068e-03,2.077124e-02,1.334731e-03,8.301942e-01,1.178811e-02,5.544715e-04,1.913108e-03,3.253907e-03,1.341365e-02,3.926519e-04,2.064346e-03
7.366101e-02,1.406624e-03,2.043120e-03,5.843155e-03,4.850617e-03,1.544466e-02,1.019403e-03,8.713656e-01,8.716909e-03,3.958458e-04,1.422796e-03,2.513230e-03,9.502942e-03,3.050342e-04,1.508994e-03
5.590237e-02,1.064565e-03,1.721554e-03,4.285723e-03,3.760149e-03,1.113314e-02,7.960733e-04,9.036051e-01,6.533535e-03,2.820306e-04,1.026651e-03,1.832008e-03,6.718993e-03,2.453156e-04,1.092711e-03
5.656241e-02,1.100403e-03,1.561766e-03,3.322205e-03,3.249866e-03,8.516819e-03,7.660273e-04,9.085420e-01,7.242343e-03,2.300015e-04,8.619549e-04,1.757973e-03,5.001582e-03,2.172516e-04,1.067244e-03
7.571732e-02,1.440500e-03,1.726975e-03,2.781309e-03,2.987458e-03,7.593199e-03,9.532606e-04,8.890524e-01,8.613412e-03,2.438246e-04,9.520054e-04,2.332611e-03,3.973232e-03,2.792510e-04,1.353146e-03
8.929254e-02,1.603097e-03,1.911135e-03,2.423766e-03,2.546526e-03,6.558100e-03,1.338694e-03,8.772694e-01,8.257691e-03,2.649662e-04,9.462542e-04,2.830086e-03,3.116894e-03,3.104706e-04,1.330349e-03
1.118245e-01,1.550479e-03,2.142170e-03,2.259962e-03,2.298920e-03,5.588439e-03,2.543784e-03,8.565834e-01,7.418549e-03,2.950849e-04,8.233538e-04,2.776646e-03,2.443408e-03,2.868983e-04,1.164313e-03
1.536202e-01,1.401703e-03,2.806422e-03,2.358429e-03,2.457797e-03,5.886835e-03,2.865150e-03,8.142853e-01,5.661520e-03,3.872387e-04,8.561778e-04,3.592978e-03,2.174156e-03,3.719219e-04,1.274157e-03
2.496714e-01,1.450837e-03,2.827857e-03,6.373417e-03,3.982417e-03,1.112779e-02,2.496065e-03,6.836532e-01,2.129093e-02,7.407480e-04,1.752595e-03,6.727607e-03,5.937330e-03,4.699577e-04,1.497803e-03
2.608169e-01,1.274862e-03,2.246025e-03,8.220342e-03,3.472156e-03,1.044559e-02,2.041207e-03,5.904635e-01,1.705470e-02,1.345387e-03,5.675178e-03,7.332370e-02,2.076037e-02,1.454182e-03,1.405915e-03
1.890320e-01,1.113212e-03,1.767247e-03,1.051527e-02,3.537109e-03,7.826038e-03,1.555785e-03,4.602587e-01,1.682287e-02,1.901710e-03,2.986450e-02,2.382579e-01,1.934032e-02,1.703924e-02,1.168105e-03
1.351647e-01,8.395636e-04,1.282471e-03,8.954076e-03,2.901747e-03,5.838478e-03,1.198286e-03,3.350184e-01,1.289272e-02,1.536643e-03,3.874453e-02,4.160636e-01,1.567056e-02,2.303512e-02,8.590728e-04
9.710212e-02,6.482517e-04,9.293429e-04,8.532719e-03,2.957938e-03,4.522085e-03,9.424521e-04,2.399793e-01,1.034912e-02,1.296754e-03,5.524511e-02,5.419770e-01,1.186858e-02,2.298322e-02,6.660854e-04
6.907092e-02,5.125335e-04,6.717290e-04,6.834186e-03,4.576383e-03,3.508071e-03,6.891512e-04,1.693107e-01,8.208528e-03,1.275178e-03,1.054508e-01,5.991134e-01,8.705767e-03,2.156730e-02,5.053239e-04
4.890521e-02,5.318159e-04,4.990119e-04,5.022393e-03,5.112442e-03,2.618559e-03,5.115062e-04,1.191214e-01,7.038522e-03,1.821807e-03,2.024001e-01,5.736625e-01,6.557401e-03,2.580545e-02,3.919156e-04
3.452640e-02,6.561114e-04,3.852324e-04,3.549156e-03,3.923322e-03,1.938539e-03,3.696130e-04,8.348224e-02,5.720144e-03,2.361160e-03,3.464497e-01,4.864072e-01,5.088971e-03,2.484011e-02,3.020529e-04
2.422428e-02,4.878642e-04,2.836860e-04,2.513519e-03,3.011169e-03,1.417298e-03,2.697957e-04,5.845259e-02,4.383996e-03,3.076592e-03,4.716102e-01,4.055068e-01,4.045413e-03,2.049401e-02,2.227489e-04
1.699802e-02,3.929374e-04,2.332073e-04,1.784895e-03,2.780618e-03,1.025019e-03,1.965522e-04,4.092377e-02,4.404474e-03,3.283380e-03,5.474153e-01,3.601611e-01,3.697211e-03,1.653261e-02,1.709161e-04
1.195735e-02,1.463152e-03,7.872843e-04,1.404754e-03,4.406723e-03,7.841223e-04,1.469127e-04,2.867699e-02,1.304583e-02,2.599058e-03,4.854535e-01,4.316861e-01,3.057105e-03,1.436835e-02,1.627321e-04
8.465107e-03,3.060425e-03,1.528884e-03,1.242030e-03,5.256191e-03,6.330293e-04,1.116079e-04,2.016392e-02,1.332074e-02,2.207574e-03,4.124337e-01,5.118592e-01,2.425776e-03,1.711217e-02,1.796103e-04
