1.000000e+00,0.000000e+00,0.000000e+00,0.000000e+00,0.000000e+00,0.000000e+00,0.000000e+00,0.000000e+00,0.000000e+00,0.000000e+00,0.000000e+00,0.000000e+00,0.000000e+00,0.000000e+00,0.000000e+00
1.000000e+00,0.000000e+00,0.000000e+00,0.000000e+00,0.000000e+00,0.000000e+00,0.000000e+00,0.000000e+00,0.000000e+00,0.000000e+00,0.000000e+00,0.000000e+00,0.000000e+00,0.000000e+00,0.000000e+00
1.000000e+00,0.000000e+00,0.000000e+00,0.000000e+00,0.000000e+00,0.000000e+00,0.000000e+00,0.000000e+00,0.000000e+00,0.000000e+00,0.000000e+00,0.000000e+00,0.000000e+00,0.000000e+00,0.000000e+00
1.000000e+00,0.000000e+00,0.000000e+00,0.000000e+00,0.000000e+00,0.000000e+00,0.000000e+00,0.000000e+00,0.000000e+00,0.000000e+00,0.000000e+00,0.000000e+00,0.000000e+00,0.000000e+00,0.000000e+00
1.000000e+00,0.000000e+00,0.000000e+00,0.000000e+00,0.000000e+00,0.000000e+00,0.000000e+00,0.000000e+00,0.000000e+00,0.000000e+00,0.000000e+00,0.000000e+00,0.000000e+00,0.000000e+00,0.000000e+00
1.000000e+00,0.000000e+00,0.000000e+00,0.000000e+00,0.000000e+00,0.000000e+00,0.000000e+00,0.000000e+00,0.000000e+00,0.000000e+00,0.000000e+00,0.000000e+00,0.000000e+00,0.000000e+00,0.000000e+00
1.000000e+00,0.000000e+00,0.000000e+00,0.000000e+00,0.000000e+00,0.000000e+00,0.000000e+00,0.000000e+00,0.000000e+00,0.000000e+00,0.000000e+00,0.000000e+00,0.000000e+00,0.000000e+00,0.000000e+00
1.000000e+00,0.000000e+00,0.000000e+00,0.000000e+00,0.000000e+00,0.000000e+00,0.000000e+00,0.000000e+00,0.000000e+00,0.000000e+00,0.000000e+00,0.000000e+00,0.000000e+00,0.000000e+00,0.000000e+00
1.000000e+00,0.000000e+00,0.000000e+00,0.000000e+00,0.000000e+00,0.000000e+00,0.000000e+00,0.000000e+00,0.000000e+00,0.000000e+00,0.000000e+00,0.000000e+00,0.000000e+00,0.000000e+00,0.000000e+00
1.000000e+00,0.000000e+00,0.000000e+00,0.000000e+00,0.000000e+00,0.000000e+00,0.000000e+00,0.000000e+00,0.000000e+00,0.000000e+00,0.000000e+00,0.000000e+00,0.000000e+00,0.000000e+00,0.000000e+00
1.000000e+00,0.000000e+00,0.000000e+00,0.000000e+00,0.000000e+00,0.000000e+00,0.000000e+00,0.000000e+00,0.000000e+00,0.000000e+00,0.000000e+00,0.000000e+00,0.000000e+00,0.000000e+00,0.000000e+00
1.000000e+00,0.000000e+00,0.000000e+00,0.000000e+00,0.000000e+00,0.000000e+00,0.000000e+00,0.000000e+00,0.000000e+00,0.000000e+00,0.000000e+00,0.000000e+00,0.000000e+00,0.000000e+00,0.000000e+00
1.000000e+00,0.000000e+00,0.000000e+00,0.000000e+00,0.000000e+00,0.000000e+00,0.000000e+00,0.000000e+00,0.000000e+00,0.000000e+00,0.000000e+00,0.000000e+00,0.000000e+00,0.000000e+00,0.000000e+00
1.000000e+00,0.000000e+00,0.000000e+00,0.000000e+00,0.000000e+00,0.000000e+00,0.000000e+00,0.000000e+00,0.000000e+00,0.000000e+00,0.000000e+00,0.000000e+00,0.000000e+00,0.000000e+00,0.000000e+00
1.000000e+00,0.000000e+00,0.000000e+00,0.000000e+00,0.000000e+00,0.000000e+00,0.000000e+00,0.000000e+00,0.000000e+00,0.000000e+00,0.000000e+00,0.000000e+00,0.000000e+00,0.000000e+00,0.000000e+00
1.000000e+00,0.000000e+00,0.000000e+00,0.000000e+00,0.000000e+00,0.000000e+00,0.000000e+00,0.000000e+00,0.000000e+00,0.000000e+00,0.000000e+00,0.000000e+00,0.000000e+00,0.000000e+00,0.000000e+00
1.000000e+00,0.000000e+00,0.000000e+00,0.000000e+00,0.000000e+00,0.000000e+00,0.000000e+00,0.000000e+00,0.000000e+00,0.000000e+00,0.000000e+00,0.000000e+00,0.000000e+00,0.000000e+00,0.000000e+00
1.000000e+00,0.000000e+00,0.000000e+00,0.000000e+00,0.000000e+00,0.000000e+00,0.000000e+00,0.000000e+00,0.000000e+00,0.000000e+00,0.000000e+00,0.000000e+00,0.000000e+00,0.000000e+00,0.000000e+00
1.000000e+00,0.000000e+00,0.000000e+00,0.000000e+00,0.000000e+00,0.000000e+00,0.000000e+00,0.000000e+00,0.000000e+00,0.000000e+00,0.000000e+00,0.000000e+00,0.000000e+00,0.000000e+00,0.000000e+00
1.000000e+00,0.000000e+00,0.000000e+00,0.000000e+00,0.000000e+00,0.000000e+00,0.000000e+00,0.000000e+00,0.000000e+00,0.000000e+00,0.000000e+00,0.000000e+00,0.000000e+00,0.000000e+00,0.000000e+00
1.000000e+00,0.000000e+00,0.000000e+00,0.000000e+00,0.000000e+00,0.000000e+00,0.000000e+00,0.000000e+00,0.000000e+00,0.000000e+00,0.000000e+00,0.000000e+00,0.000000e+00,0.000000e+00,0.000000e+00
1.000000e+00,0.000000e+00,0.000000e+00,0.000000e+00,0.000000e+00,0.000000e+00,0.000000e+00,0.000000e+00,0.000000e+00,0.000000e+00,0.000000e+00,0.000000e+00,0.000000e+00,0.000000e+00,0.000000e+00
1.000000e+00,0.000000e+00,0.000000e+00,0.000000e+00,0.000000e+00,0.000000e+00,0.000000e+00,0.000000e+00,0.000000e+00,0.000000e+00,0.000000e+00,0.000000e+00,0.000000e+00,0.000000e+00,0.000000e+00
1.000000e+00,0.000000e+00,0.000000e+00,0.000000e+00,0.000000e+00,0.000000e+00,0.000000e+00,0.000000e+00,0.000000e+00,0.000000e+00,0.000000e+00,0.000000e+00,0.000000e+00,0.000000e+00,0.000000e+00
1.000000e+00,0.000000e+00,0.000000e+00,0.000000e+00,0.000000e+00,0.000000e+00,0.000000e+00,0.000000e+00,0.000000e+00,0.000000e+00,0.000000e+00,0.000000e+00,0.000000e+00,0.000000e+00,0.000000e+00
1.000000e+00,0.000000e+00,0.000000e+00,0.000000e+00,0.000000e+00,0.000000e+00,0.000000e+00,0.000000e+00,0.000000e+00,0.000000e+00,0.000000e+00,0.000000e+00,0.000000e+00,0.000000e+00,0.000000e+00
1.000000e+00,0.000000e+00,0.000000e+00,0.000000e+00,0.000000e+00,0.000000e+00,0.000000e+00,0.000000e+00,0.000000e+00,0.000000e+00,0.000000e+00,0.000000e+00,0.000000e+00,0.000000e+00,0.000000e+00
1.000000e+00,0.000000e+00,0.000000e+00,0.000000e+00,0.000000e+00,0.000000e+00,0.000000e+00,0.000000e+00,0.000000e+00,0.000000e+00,0.000000e+00,0.000000e+00,0.000000e+00,0.000000e+00,0.000000e+00
1.000000e+00,0.000000e+00,0.000000e+00,0.000000e+00,0.000000e+00,0.000000e+00,0.000000e+00,0.000000e+00,0.000000e+00,0.000000e+00,0.000000e+00,0.000000e+00,0.000000e+00,0.000000e+00,0.000000e+00
1.000000e+00,0.000000e+00,0.000000e+00,0.000000e+00,0.000000e+00,0.000000e+00,0.000000e+00,0.000000e+00,0.000000e+00,0.000000e+00,0.000000e+00,0.000000e+00,0.000000e+00,0.000000e+00,0.000000e+00
1.000000e+00,0.000000e+00,0.000000e+00,0.000000e+00,0.000000e+00,0.000000e+00,0.000000e+00,0.000000e+00,0.000000e+00,0.000000e+00,0.000000e+00,0.000000e+00,0.000000e+00,0.000000e+00,0.000000e+00
1.000000e+00,0.000000e+00,0.000000e+00,0.000000e+00,0.000000e+00,0.000000e+00,0.000000e+00,0.000000e+00,0.000000e+00,0.000000e+00,0.000000e+00,0.000000e+00,0.000000e+00,0.000000e+00,0.000000e+00
1.000000e+00,0.000000e+00,0.000000e+00,0.000000e+00,0.000000e+00,0.000000e+00,0.000000e+00,0.000000e+00,0.000000e+00,0.000000e+00,0.000000e+00,0.000000e+00,0.000000e+00,0.000000e+00,0.000000e+00
1.000000e+00,0.000000e+00,0.000000e+00,0.000000e+00,0.000000e+00,0.000000e+00,0.000000e+00,0.000000e+00,0.000000e+00,0.000000e+00,0.000000e+00,0.000000e+00,0.000000e+00,0.000000e+00,0.000000e+00
1.000000e+00,0.000000e+00,0.000000e+00,0.000000e+00,0.000000e+00,0.000000e+00,0.000000e+00,0.000000e+00,0.000000e+00,0.000000e+00,0.000000e+00,0.000000e+00,0.000000e+00,0.000000e+00,0.000000e+00
1.000000e+00,0.000000e+00,0.000000e+00,0.000000e+00,0.000000e+00,0.000000e+00,0.000000e+00,0.000000e+00,0.000000e+00,0.000000e+00,0.000000e+00,0.000000e+00,0.000000e+00,0.000000e+00,0.000000e+00
1.000000e+00,0.000000e+00,0.000000e+00,0.000000e+00,0.000000e+00,0.000000e+00,0.000000e+00,0.000000e+00,0.000000e+00,0.000000e+00,0.000000e+00,0.000000e+00,0.000000e+00,0.000000e+00,0.000000e+00
1.000000e+00,0.000000e+00,0.000000e+00,0.000000e+00,0.000000e+00,0.000000e+00,0.000000e+00,0.000000e+00,0.000000e+00,0.000000e+00,0.000000e+00,0.000000e+00,0.000000e+00,0.000000e+00,0.000000e+00
1.000000e+00,0.000000e+00,0.000000e+00,0.000000e+00,0.000000e+00,0.000000e+00,0.000000e+00,0.000000e+00,0.000000e+00,0.000000e+00,0.000000e+00,0.000000e+00,0.000000e+00,0.000000e+00,0.000000e+00
4.961895e-01,1.020341e-02,4.173771e-03,9.229559e-03,5.383637e-03,3.925155e-01,1.786266e-03,5.075471e-03,5.799049e-03,2.364156e-02,1.485351e-02,4.232761e-03,3.546488e-03,5.417667e-03,1.795187e-02
1.000000e+00,0.000000e+00,0.000000e+00,0.000000e+00,0.000000e+00,0.000000e+00,0.000000e+00,0.000000e+00,0.000000e+00,0.000000e+00,0.000000e+00,0.000000e+00,0.000000e+00,0.000000e+00,0.000000e+00
3.887042e-01,1.165826e-02,3.783260e-03,5.611769e-03,5.242488e-03,4.567265e-01,2.378830e-03,4.446470e-03,8.047366e-03,2.326307e-02,4.903098e-02,5.477379e-03,3.869022e-03,1.573721e-02,1.602321e-02
3.177662e-01,1.109116e-02,2.905199e-03,3.985347e-03,4.554795e-03,4.796799e-01,2.143131e-03,3.714413e-03,7.531268e-03,1.769860e-02,7.729853e-02,6.419598e-03,5.483733e-03,4.647329e-02,1.325485e-02
3.411026e-01,9.840813e-03,2.259132e-03,3.002636e-03,3.698175e-03,4.123074e-01,1.881292e-03,3.065744e-03,8.445942e-03,1.332204e-02,7.559101e-02,6.145509e-03,6.355307e-03,1.003913e-01,1.259110e-02
2.753881e-01,8.132128e-03,1.810890e-03,2.268662e-03,3.064781e-03,2.936080e-01,1.526341e-03,2.260922e-03,1.378614e-02,2.070730e-02,1.594739e-01,5.508036e-03,5.366960e-03,1.900304e-01,1.706749e-02
2.302922e-01,7.017040e-03,1.707439e-03,1.757735e-03,2.869986e-03,2.083252e-01,1.447374e-03,1.803630e-03,1.716788e-02,2.083276e-02,2.322382e-01,4.758648e-03,4.147571e-03,2.474963e-01,1.813802e-02
1.752732e-01,5.806223e-03,2.392375e-03,1.489853e-03,2.934077e-03,1.488417e-01,1.674402e-03,1.547365e-03,1.943891e-02,1.727215e-02,2.440006e-01,4.841828e-03,3.372567e-03,3.543276e-01,1.678717e-02
1.410360e-01,4.874313e-03,3.014076e-03,1.318520e-03,2.543919e-03,1.060903e-01,1.561801e-03,1.278554e-03,2.004817e-02,1.392086e-02,2.235397e-01,6.460926e-03,3.206677e-03,4.574877e-01,1.361850e-02
1.178505e-01,4.960202e-03,2.878307e-03,1.188090e-03,2.521757e-03,7.503057e-02,1.457666e-03,1.283143e-03,2.663996e-02,1.265365e-02,2.057454e-01,5.861426e-03,2.703414e-03,5.280005e-01,1.122533e-02
8.340175e-02,6.106715e-03,3.518050e-03,1.055862e-03,3.468886e-03,5.327020e-02,1.187647e-03,1.303288e-03,5.636564e-02,1.138662e-02,2.149265e-01,5.171477e-03,2.140312e-03,5.471881e-01,9.508945e-03
5.874460e-02,5.557626e-03,4.664028e-03,1.129205e-03,4.059121e-03,3.848442e-02,1.008006e-03,1.503078e-03,1.254518e-01,3.031072e-02,1.784986e-01,4.012795e-03,2.097883e-03,5.339248e-01,1.055334e-02
4.130467e-02,5.660727e-03,4.199313e-03,1.168999e-03,4.775206e-03,2.728704e-02,7.799470e-04,1.510807e-03,2.626109e-01,3.816959e-02,1.326942e-01,3.116562e-03,1.523419e-03,4.668567e-01,8.341994e-03
2.899015e-02,5.279857e-03,3.321478e-03,1.305683e-03,4.396338e-03,1.933406e-02,5.610337e-04,1.180830e-03,3.573207e-01,3.153470e-02,9.588646e-02,2.339650e-03,1.149878e-03,4.398003e-01,7.598910e-03
2.033420e-02,3.990291e-03,2.385600e-03,1.011520e-03,3.453237e-03,1.373364e-02,4.000033e-04,8.447245e-04,3.074228e-01,2.304063e-02,6.905480e-02,1.723291e-03,8.799531e-04,5.458629e-01,5.862362e-03
1.432107e-02,3.885506e-03,2.284106e-03,7.790249e-04,2.756746e-03,1.044568e-02,2.916836e-04,6.111629e-04,2.746491e-01,1.716145e-02,5.028532e-02,1.420486e-03,7.586454e-04,6.148161e-01,5.533836e-03
1.066073e-02,3.838984e-03,1.672474e-02,2.063503e-03,2.526456e-03,1.276541e-02,2.402210e-04,5.644604e-04,3.125064e-01,1.481758e-02,4.298384e-02,1.289616e-03,1.332069e-03,5.577916e-01,1.989429e-02
1.008327e-02,5.043318e-03,4.904093e-02,2.182629e-03,6.835057e-03,1.163863e-02,2.796949e-04,5.488932e-04,3.289301e-01,2.250798e-02,3.766204e-02,1.150537e-03,1.404709e-03,4.925241e-01,3.016811e-02
1.425985e-02,4.089318e-03,4.059242e-02,1.652550e-03,5.104258e-03,1.246120e-02,2.230494e-04,5.908732e-04,2.547577e-01,3.248089e-02,3.091362e-02,1.127114e-03,3.379310e-03,4.381435e-01,1.602243e-01
1.346903e-02,3.461894e-03,3.549688e-02,1.400744e-03,3.938972e-03,1.365632e-02,1.829185e-04,6.108662e-04,2.263786e-01,2.920127e-02,2.653277e-02,1.010531e-03,4.622119e-03,3.939277e-01,2.461093e-01
1.171516e-02,2.760679e-03,4.645487e-02,4.371428e-03,7.844935e-03,1.118944e-02,4.997334e-04,2.372609e-03,2.201187e-01,4.753070e-02,2.505499e-02,1.336540e-03,5.264168e-03,4.003941e-01,2.130919e-01
1.714638e-02,2.291567e-03,3.473948e-02,4.574985e-03,8.912631e-02,9.785914e-03,1.472912e-03,1.766400e-02,2.585477e-01,5.168792e-02,2.018188e-02,1.122248e-03,4.775165e-03,3.292175e-01,1.576661e-01
1.770788e-02,1.805756e-03,2.554011e-02,7.535564e-03,1.855617e-01,8.815057e-03,5.237572e-03,7.749635e-02,2.367016e-01,4.204201e-02,1.507436e-02,8.613498e-04,4.328734e-03,2.590385e-01,1.122534e-01
2.932334e-02,2.989253e-03,3.247365e-02,1.685092e-02,1.998735e-01,8.748689e-03,4.258051e-03,5.821154e-02,2.625189e-01,4.470174e-02,1.132055e-02,6.781922e-04,5.638812e-03,1.851281e-01,1.372847e-01
4.845655e-02,5.191250e-03,3.270503e-02,2.492604e-02,3.129103e-01,1.712403e-02,4.968168e-03,4.643627e-02,2.092319e-01,3.622020e-02,8.256959e-03,5.195404e-04,4.493895e-03,1.410895e-01,1.074703e-01
5.821919e-02,1.739729e-02,4.533576e-02,7.522996e-02,2.970664e-01,2.391243e-02,6.547720e-03,3.868001e-02,1.765355e-01,3.203410e-02,6.115446e-03,4.132470e-04,3.830262e-03,1.045250e-01,1.141577e-01
8.770947e-02,2.851430e-02,4.469784e-02,8.110902e-02,2.789842e-01,2.481760e-02,6.575254e-03,2.973172e-02,1.750979e-01,2.994850e-02,5.755275e-03,5.435984e-04,3.462931e-03,8.126284e-02,1.217895e-01
9.068554e-02,3.599530e-02,3.552791e-02,1.796926e-01,2.494513e-01,2.156769e-02,6.073160e-03,2.370996e-02,1.544007e-01,2.809611e-02,5.276069e-03,6.500935e-04,3.117293e-03,5.774848e-02,1.080078e-01
9.529281e-02,3.602691e-02,3.156003e-02,1.756904e-01,2.633903e-01,2.355722e-02,4.134552e-02,4.287119e-02,1.149146e-01,3.417540e-02,4.884137e-03,6.054759e-04,5.435093e-03,4.094166e-02,8.930919e-02
8.668166e-02,2.943490e-02,2.923879e-02,1.578152e-01,3.129861e-01,2.609109e-02,5.510131e-02,8.921982e-02,8.553297e-02,2.532019e-02,4.138131e-03,5.194134e-04,4.864163e-03,2.885884e-02,6.419739e-02
6.666687e-02,2.141318e-02,2.275367e-02,1.119491e-01,2.543381e-01,2.151845e-02,5.830402e-02,2.893929e-01,6.240205e-02,1.850382e-02,3.200938e-03,3.895609e-04,3.757940e-03,2.028468e-02,4.512462e-02
4.944362e-02,1.519886e-02,1.656390e-02,7.879964e-02,1.819212e-01,1.530433e-02,4.478340e-02,4.894101e-01,4.402638e-02,1.319744e-02,2.344610e-03,2.956660e-04,2.765694e-03,1.424830e-02,3.169684e-02
3.790368e-02,1.118019e-02,1.263190e-02,5.556913e-02,1.297587e-01,1.162516e-02,3.346356e-02,6.295650e-01,3.126983e-02,9.595663e-03,1.965793e-03,2.937767e-04,2.128185e-03,1.007935e-02,2.297007e-02
3.029962e-02,8.407370e-03,1.141153e-02,3.969350e-02,9.584425e-02,9.096698e-03,2.443268e-02,7.225525e-01,2.296994e-02,7.244029e-03,1.671157e-03,3.787573e-04,1.664039e-03,7.105453e-03,1.722842e-02
2.711521e-02,6.345361e-03,1.122588e-02,2.890496e-02,7.497859e-02,7.601702e-03,1.831492e-02,7.798064e-01,1.739747e-02,5.875528e-03,1.490650e-03,5.105213e-04,1.451009e-03,5.062501e-03,1.391927e-02
2.349964e-02,4.582869e-03,8.329264e-03,2.062554e-02,5.439798e-02,6.190521e-03,1.343097e-02,8.323073e-01,1.330343e-02,4.632290e-03,1.382904e-03,6.065561e-04,1.201598e-03,3.708411e-03,1.180073e-02
2.382864e-02,3.383104e-03,6.471944e-03,1.479610e-02,3.966181e-02,4.891659e-03,1.029312e-02,8.671300e-01,9.675791e-03,4.007888e-03,1.319088e-03,7.019523e-04,1.028952e-03,2.669288e-03,1.014062e-02
2.740173e-02,4.693573e-03,5.537629e-03,1.217647e-02,2.964897e-02,7.308212e-03,8.541350e-03,6.706746e-01,8.319817e-02,7.430682e-02,9.450674e-03,2.575315e-03,3.892895e-03,5.752787e-03,5.484085e-02
2.025146e-02,4.111273e-03,6.659186e-03,1.315317e-02,2.111009e-02,5.278724e-03,6.008593e-03,4.723393e-01,3.281786e-01,6.329732e-02,6.948121e-03,1.855979e-03,2.953035e-03,4.090296e-03,4.376486e-02
2.437193e-02,4.472062e-03,7.963220e-03,1.017741e-02,1.761782e-02,4.253939e-03,4.501664e-03,3.533295e-01,3.992202e-01,8.293223e-02,7.739994e-03,1.556549e-03,2.533288e-03,5.685836e-03,7.364433e-02
5.357926e-02,4.429733e-03,6.777588e-03,7.901471e-03,1.380747e-02,4.949745e-03,3.392288e-03,2.584496e-01,3.305092e-01,1.147448e-01,1.240521e-02,1.449431e-03,2.967662e-03,4.490871e-02,1.397277e-01
4.446176e-02,3.997962e-03,6.625343e-03,6.362992e-03,9.766613e-03,4.356665e-03,2.402130e-03,1.815991e-01,4.323887e-01,1.272746e-01,9.392122e-03,1.204831e-03,2.989258e-03,3.864833e-02,1.285295e-01
4.871171e-02,3.404637e-03,3.846433e-02,8.586872e-03,7.116070e-03,4.655223e-03,1.767780e-03,1.278950e-01,4.567917e-01,1.069833e-01,7.672657e-03,1.413625e-03,3.293349e-03,5.550042e-02,1.277432e-01
1.305718e-01,4.200898e-03,4.320800e-02,9.491278e-03,5.718152e-03,5.909081e-03,1.573825e-03,9.054127e-02,3.802519e-01,8.213240e-02,9.087411e-03,1.763852e-03,5.055441e-03,8.864409e-02,1.418505e-01
1.711318e-01,5.007478e-03,3.278184e-02,7.720077e-03,4.719513e-03,6.060753e-03,1.356755e-03,6.387657e-02,3.525997e-01,6.337529e-02,9.015551e-03,1.521997e-03,4.187896e-03,1.152050e-01,1.614397e-01
1.428047e-01,5.084229e-03,2.576936e-02,6.279050e-03,3.416752e-03,4.949933e-03,1.027735e-03,4.478753e-02,4.486362e-01,4.982671e-02,7.280684e-03,1.249050e-03,3.367516e-03,1.283490e-01,1.271715e-01
1.081004e-01,6.818696e-03,2.518806e-02,6.995563e-03,2.472963e-03,3.741897e-03,7.611345e-04,3.138797e-02,5.637367e-01,3.698780e-02,5.693627e-03,1.399265e-03,2.685500e-03,1.022003e-01,1.018301e-01
1.000035e-01,7.545100e-03,3.704803e-02,7.999065e-03,2.204131e-03,3.118895e-03,7.570217e-04,2.217089e-02,5.518805e-01,3.628369e-02,6.629992e-03,1.590825e-03,2.649675e-03,1.230583e-01,9.706032e-02
8.905475e-02,6.321068e-03,3.698125e-02,6.020946e-03,2.036517e-03,2.507900e-03,6.017714e-04,1.556266e-02,4.208441e-01,3.682906e-02,6.702544e-03,1.278501e-03,2.073757e-03,2.649527e-01,1.082325e-01
6.423186e-02,4.990090e-03,3.315909e-02,4.544705e-03,1.525344e-03,1.947321e-03,4.441447e-04,1.090922e-02,3.151100e-01,3.309404e-02,5.476934e-03,9.696708e-04,1.535429e-03,3.998777e-01,1.221845e-01
5.061762e-02,4.634944e-03,3.210753e-02,6.271973e-03,1.346582e-03,1.773237e-03,3.453199e-04,7.679235e-03,3.099558e-01,4.734958e-02,4.957741e-03,1.072659e-03,1.522679e-03,3.164818e-01,2.138832e-01
7.667853e-02,9.384880e-03,3.781614e-02,1.495966e-02,2.345148e-03,2.469572e-03,4.689746e-04,5.632092e-03,3.008806e-01,6.894136e-02,5.174865e-03,1.738635e-03,2.107637e-03,2.613025e-01,2.100994e-01
9.503914e-02,8.039701e-03,5.983513e-02,4.273330e-02,2.797383e-03,2.763371e-03,5.435203e-04,4.791477e-03,3.060278e-01,9.142312e-02,7.166416e-03,1.991624e-03,2.371527e-03,2.012076e-01,1.732689e-01
9.553200e-02,1.240715e-02,1.349647e-01,5.575884e-02,2.926589e-03,3.666092e-03,5.406713e-04,3.706333e-03,2.703509e-01,9.516554e-02,6.531172e-03,1.837804e-03,2.107680e-03,1.461732e-01,1.683313e-01
1.207373e-01,1.725600e-02,1.909713e-01,4.757230e-02,3.353002e-03,5.904994e-03,8.167326e-04,3.102611e-03,2.197147e-01,1.086539e-01,6.064172e-03,1.634694e-03,2.096246e-03,1.189308e-01,1.531912e-01
1.540833e-01,2.480363e-02,2.341266e-01,4.285270e-02,6.566403e-03,5.395513e-03,7.866668e-04,7.851856e-03,1.933323e-01,1.139753e-01,5.191066e-03,1.464564e-03,2.025736e-03,8.698423e-02,1.205602e-01
1.723766e-01,6.126583e-02,1.772669e-01,3.674724e-02,9.318653e-03,1.630800e-02,7.935106e-04,9.132946e-03,2.091701e-01,1.317142e-01,5.670043e-03,1.915389e-03,4.092813e-03,6.773953e-02,9.648820e-02
1.565027e-01,9.267110e-02,1.389152e-01,3.436906e-02,1.474162e-02,3.849280e-02,8.275621e-04,1.385154e-02,2.266935e-01,1.404806e-01,5.742766e-03,1.924495e-03,4.949762e-03,5.457497e-02,7.526236e-02
1.746058e-01,1.413577e-01,1.143860e-01,3.871233e-02,1.845115e-02,3.555037e-02,1.598286e-03,1.506271e-02,2.344204e-01,1.078561e-01,6.045526e-03,3.377500e-03,4.283804e-03,4.356490e-02,6.072745e-02
1.928652e-01,2.030866e-01,8.793075e-02,3.467190e-02,1.747647e-02,2.925954e-02,2.166029e-03,1.578454e-02,2.349166e-01,7.743749e-02,6.016041e-03,5.240453e-03,4.106341e-03,4.213746e-02,4.690456e-02
2.203530e-01,2.523269e-01,6.393951e-02,2.903278e-02,1.860425e-02,2.434503e-02,2.163393e-03,1.886901e-02,2.300639e-01,5.505793e-02,5.533329e-03,6.772351e-03,3.719701e-03,3.256164e-02,3.665726e-02
2.839029e-01,2.739039e-01,5.397965e-02,2.743718e-02,1.636400e-02,1.999330e-02,3.035648e-03,1.805565e-02,1.868170e-01,3.977350e-02,6.261556e-03,9.962581e-03,4.038436e-03,2.475867e-02,3.171597e-02
3.777937e-01,2.494335e-01,4.126288e-02,2.213714e-02,1.414918e-02,1.674747e-02,3.253965e-03,1.801855e-02,1.611921e-01,2.861730e-02,6.105893e-03,1.129849e-02,3.945171e-03,1.934073e-02,2.670389e-02
4.883534e-01,2.047580e-01,3.098371e-02,1.779937e-02,1.150707e-02,1.402020e-02,2.860984e-03,1.421678e-02,1.345368e-01,2.065203e-02,5.695377e-03,1.135821e-02,3.625460e-03,1.591652e-02,2.371613e-02
1.000000e+00,0.000000e+00,0.000000e+00,0.000000e+00,0.000000e+00,0.000000e+00,0.000000e+00,0.000000e+00,0.000000e+00,0.000000e+00,0.000000e+00,0.000000e+00,0.000000e+00,0.000000e+00,0.000000e+00
1.000000e+00,0.000000e+00,0.000000e+00,0.000000e+00,0.000000e+00,0.000000e+00,0.000000e+00,0.000000e+00,0.000000e+00,0.000000e+00,0.000000e+00,0.000000e+00,0.000000e+00,0.000000e+00,0.000000e+00
1.000000e+00,0.000000e+00,0.000000e+00,0.000000e+00,0.000000e+00,0.000000e+00,0.000000e+00,0.000000e+00,0.000000e+00,0.000000e+00,0.000000e+00,0.000000e+00,0.000000e+00,0.000000e+00,0.000000e+00
1.000000e+00,0.000000e+00,0.000000e+00,0.000000e+00,0.000000e+00,0.000000e+00,0.000000e+00,0.000000e+00,0.000000e+00,0.000000e+00,0.000000e+00,0.000000e+00,0.000000e+00,0.000000e+00,0.000000e+00
4.536253e-01,4.294689e-02,1.127314e-02,4.240373e-02,4.228498e-03,1.029794e-02,1.204702e-03,4.675436e-03,3.145377e-02,2.379492e-02,4.345432e-02,1.780351e-01,1.322171e-01,6.220254e-03,1.416891e-02
3.346168e-01,3.146704e-02,9.926038e-03,3.178903e-02,4.927146e-03,9.312813e-03,1.354056e-03,3.835689e-03,2.668896e-02,1.899111e-02,3.841501e-02,3.208480e-01,1.491260e-01,5.247447e-03,1.345475e-02
2.353709e-01,2.243074e-02,7.159102e-03,2.311504e-02,4.565966e-03,8.030350e-03,1.143532e-03,2.880756e-03,2.139186e-02,1.396725e-02,2.832482e-02,4.678953e-01,1.474654e-01,4.236903e-03,1.202199e-02
1.649252e-01,1.585792e-02,5.085647e-03,1.632709e-02,3.406724e-03,6.360702e-03,9.501108e-04,2.178356e-03,1.608589e-02,1.032718e-02,2.028718e-02,5.799125e-01,1.462231e-01,3.213296e-03,8.859050e-03
1.155903e-01,1.129206e-02,3.680807e-03,1.157337e-02,2.952047e-03,6.264766e-03,7.782945e-04,1.964400e-03,1.322033e-02,7.562326e-03,1.523272e-02,6.541134e-01,1.463413e-01,2.684402e-03,6.749431e-03
8.107614e-02,8.086384e-03,2.726029e-03,8.237042e-03,2.796918e-03,5.141200e-03,7.137971e-04,2.140448e-03,1.292054e-02,5.550204e-03,1.245273e-02,7.273566e-01,1.233128e-01,2.295758e-03,5.193451e-03
5.706127e-02,6.022114e-03,2.569261e-03,6.076127e-03,3.269877e-03,4.824282e-03,1.473861e-03,5.154315e-03,2.084393e-02,4.128688e-03,1.147208e-02,7.710413e-01,9.983455e-02,1.913956e-03,4.314343e-03
4.024464e-02,4.515514e-03,2.340445e-03,5.025989e-03,2.723300e-03,6.431243e-03,1.789931e-03,1.759562e-02,2.608456e-02,3.214970e-03,1.346813e-02,7.715387e-01,9.908114e-02,1.724132e-03,4.221696e-03
2.894635e-02,3.405242e-03,2.624590e-03,4.492844e-03,4.280816e-03,9.006513e-03,2.915137e-03,6.606881e-02,2.919959e-02,2.598725e-03,1.636734e-02,7.228706e-01,1.015808e-01,1.632782e-03,4.009796e-03
2.218572e-02,2.779772e-03,3.300844e-03,3.856005e-03,7.385216e-03,1.386697e-02,4.979438e-03,1.158009e-01,3.161024e-02,2.217446e-03,1.846455e-02,6.710231e-01,9.735364e-02,1.534580e-03,3.641548e-03
1.634678e-02,3.221781e-03,5.298161e-03,3.475852e-03,6.854270e-03,3.885296e-02,5.537672e-03,1.373675e-01,3.915786e-02,1.865247e-03,1.989881e-02,6.130208e-01,1.041145e-01,1.299566e-03,3.688327e-03
1.195848e-02,2.460087e-03,5.737925e-03,3.621159e-03,8.116055e-03,3.130601e-02,5.246515e-03,1.905965e-01,3.908678e-02,1.466900e-03,2.007989e-02,5.693259e-01,1.054187e-01,1.226268e-03,4.352865e-03
1.141123e-02,1.859013e-03,9.491378e-03,8.483309e-02,5.191800e-02,2.535230e-02,6.764965e-03,1.515199e-01,4.420563e-02,1.362571e-03,2.058647e-02,4.584154e-01,1.269195e-01,1.221140e-03,4.139454e-03
8.330740e-03,5.879832e-03,7.618321e-03,1.262702e-01,4.131002e-02,6.610835e-02,5.213145e-03,1.069410e-01,1.955784e-01,1.053375e-03,1.767306e-02,3.216312e-01,9.221648e-02,8.678283e-04,3.308093e-03
6.394699e-03,6.673411e-03,6.595055e-03,1.773158e-01,3.722439e-02,7.838766e-02,5.152858e-03,7.651022e-02,2.959044e-01,8.715800e-04,1.407472e-02,2.256794e-01,6.604402e-02,6.138615e-04,2.557989e-03
6.349788e-03,5.958430e-03,4.933804e-03,1.593995e-01,5.291896e-02,7.014067e-02,8.031626e-03,5.816024e-02,4.160522e-01,6.835322e-04,1.019083e-02,1.580209e-01,4.670012e-02,4.378108e-04,2.021734e-03
1.021017e-02,5.258293e-03,3.738520e-03,1.283820e-01,7.451453e-02,6.382403e-02,9.042005e-03,4.707956e-02,5.033417e-01,5.369719e-04,7.800496e-03,1.107496e-01,3.347834e-02,3.186502e-04,1.725073e-03
9.753117e-03,5.730997e-03,3.011987e-03,2.095654e-01,7.474037e-02,4.945810e-02,7.236341e-03,4.350204e-02,4.818099e-01,5.971711e-04,1.024268e-02,7.787231e-02,2.470659e-02,2.616796e-04,1.511327e-03
1.167990e-02,5.695444e-03,2.668884e-03,1.776665e-01,6.470736e-02,3.788543e-02,5.640863e-03,1.220653e-01,4.873487e-01,7.125715e-04,9.417623e-03,5.483921e-02,1.809164e-02,2.143827e-04,1.366131e-03
2.070454e-02,5.625078e-03,2.532912e-03,1.345205e-01,7.727803e-02,3.319985e-02,5.200049e-03,1.822084e-01,4.769974e-01,5.764034e-04,8.010833e-03,3.864358e-02,1.317439e-02,1.973733e-04,1.130652e-03
2.294073e-02,4.860510e-03,2.075878e-03,9.948219e-02,6.726797e-02,2.471591e-02,3.884616e-03,3.431719e-01,3.854069e-01,4.811767e-04,6.996056e-03,2.742702e-02,1.002664e-02,2.561873e-04,1.006290e-03
2.441384e-02,4.669707e-03,1.815510e-03,7.328109e-02,6.916724e-02,1.978198e-02,2.888923e-03,4.556304e-01,3.130570e-01,3.783564e-04,6.892864e-03,1.935782e-02,7.647160e-03,2.328649e-04,7.852039e-04
1.909529e-02,3.364720e-03,1.395002e-03,5.170345e-02,5.108908e-02,1.412492e-02,2.098007e-03,6.110852e-01,2.199126e-01,2.820298e-04,5.970938e-03,1.358432e-02,5.520126e-03,1.745471e-04,5.996638e-04
1.661049e-02,2.455101e-03,1.209746e-03,3.646205e-02,3.752667e-02,1.096231e-02,1.952454e-03,7.193496e-01,1.540790e-01,2.814130e-04,4.657092e-03,9.581546e-03,4.254805e-03,1.365699e-04,4.810674e-04
3.773409e-02,2.500558e-03,1.265658e-03,2.710516e-02,2.953107e-02,2.738484e-02,2.839517e-03,7.342535e-01,1.084005e-01,3.406699e-04,6.570717e-03,9.550311e-03,1.106768e-02,3.069420e-04,1.148751e-03
7.081496e-02,3.858685e-03,1.620044e-03,2.095998e-02,2.175286e-02,4.295257e-02,2.579038e-03,5.688367e-01,7.825762e-02,6.503798e-04,1.901466e-02,1.441632e-02,1.482416e-01,6.596781e-04,5.384883e-03
2.235742e-01,5.627715e-03,1.585461e-03,1.826167e-02,1.760761e-02,4.280530e-02,2.716316e-03,4.335122e-01,5.864267e-02,1.160882e-03,3.115973e-02,1.791774e-02,1.324301e-01,1.583492e-03,1.141509e-02
2.263808e-01,4.919922e-03,1.908379e-03,1.637534e-02,1.325401e-02,5.028386e-02,3.945659e-03,3.267845e-01,4.410125e-02,1.988324e-03,3.450527e-02,1.551530e-02,1.567532e-01,2.860032e-03,1.004242e-01
2.130765e-01,4.340257e-03,2.108602e-03,1.292376e-02,9.950986e-03,3.982399e-02,4.763457e-03,2.315165e-01,3.178918e-02,1.870265e-03,2.566330e-02,1.137743e-02,1.549860e-01,2.445930e-03,2.533639e-01
1.901965e-01,3.440867e-03,1.716019e-03,1.024396e-02,7.581070e-03,3.882553e-02,5.121731e-03,1.647135e-01,2.305088e-02,1.661508e-03,2.150706e-02,9.965801e-03,1.518906e-01,2.806830e-03,3.672782e-01
1.939494e-01,3.070201e-03,1.838853e-03,9.119875e-03,6.723721e-03,4.475451e-02,4.668213e-03,1.183672e-01,1.760319e-02,2.083756e-03,2.062388e-02,9.714786e-03,1.279823e-01,3.087996e-03,4.364121e-01
3.425082e-01,3.633894e-03,2.052435e-03,1.147305e-02,8.785893e-03,4.677053e-02,4.044439e-03,8.761767e-02,1.443099e-02,2.206940e-03,1.923981e-02,1.000452e-02,9.951846e-02,3.963650e-03,3.437496e-01
3.595899e-01,4.187850e-03,2.254699e-03,1.574506e-02,8.116388e-03,4.155835e-02,3.428978e-03,6.251042e-02,2.551045e-02,9.198435e-03,2.876374e-02,1.725754e-02,8.719531e-02,5.214399e-03,3.294685e-01
3.883050e-01,6.368812e-03,2.126156e-03,1.735731e-02,7.479048e-03,3.397692e-02,2.734160e-03,4.390368e-02,4.384600e-02,1.341791e-02,2.753378e-02,2.162353e-02,7.511868e-02,5.599789e-03,3.106093e-01
3.793636e-01,1.130049e-02,2.669527e-03,1.669196e-02,7.077391e-03,2.639279e-02,2.099225e-03,3.080142e-02,4.799758e-02,1.696741e-02,2.688568e-02,2.425907e-02,6.511536e-02,6.415118e-03,3.359635e-01
3.762319e-01,2.178548e-02,7.688102e-03,2.650814e-02,8.328343e-03,2.658950e-02,1.818001e-03,2.185426e-02,4.895777e-02,3.429470e-02,2.454181e-02,2.339491e-02,4.887008e-02,7.167499e-03,3.219695e-01
4.195553e-01,2.542630e-02,1.091702e-02,3.575717e-02,7.392142e-03,2.404376e-02,1.908332e-03,1.618987e-02,4.376233e-02,5.549983e-02,2.077830e-02,2.409159e-02,3.634827e-02,6.684010e-03,2.716457e-01
4.143361e-01,2.719966e-02,1.620452e-02,6.816049e-02,7.436561e-03,2.648844e-02,1.848832e-03,1.350630e-02,4.663773e-02,6.021495e-02,1.996074e-02,3.335801e-02,3.014751e-02,5.889107e-03,2.286110e-01
3.075781e-01,2.598547e-02,2.042461e-02,2.461699e-01,6.033549e-03,2.007900e-02,1.399019e-03,1.083831e-02,6.421664e-02,4.876278e-02,1.743305e-02,2.485428e-02,2.252922e-02,4.364801e-03,1.793313e-01
2.756529e-01,2.910849e-02,3.459841e-02,2.440460e-01,6.496964e-03,3.140557e-02,1.645967e-03,1.032717e-02,6.357222e-02,4.307534e-02,2.972660e-02,2.316494e-02,2.867292e-02,3.690985e-03,1.748155e-01
3.180653e-01,2.654754e-02,4.694574e-02,2.371364e-01,8.629661e-03,2.690572e-02,1.932687e-03,1.164134e-02,5.942299e-02,3.568716e-02,3.303735e-02,2.487777e-02,2.587460e-02,3.461286e-03,1.398344e-01
3.369010e-01,2.394087e-02,4.997762e-02,2.002535e-01,1.782450e-02,2.465575e-02,2.792609e-03,1.349422e-02,7.883650e-02,2.885687e-02,3.902571e-02,3.114738e-02,2.343605e-02,4.522772e-03,1.243346e-01
2.724088e-01,2.318995e-02,8.471230e-02,1.565802e-01,6.322554e-02,2.701757e-02,6.419723e-03,3.913463e-02,1.351094e-01,2.156850e-02,3.341898e-02,2.492218e-02,1.770086e-02,4.104927e-03,9.048653e-02
1.995124e-01,3.783908e-02,6.788723e-02,1.197735e-01,5.693417e-02,2.191030e-02,5.184118e-03,3.380123e-02,3.122135e-01,1.590714e-02,2.463122e-02,1.871870e-02,1.304907e-02,3.538923e-03,6.909941e-02
1.418502e-01,4.444097e-02,6.750020e-02,2.133689e-01,4.386892e-02,1.810070e-02,3.884603e-03,2.539793e-02,3.208210e-01,1.493958e-02,1.971100e-02,1.452117e-02,1.072158e-02,2.764631e-03,5.810858e-02
1.271245e-01,5.016430e-02,4.892419e-02,1.644256e-01,7.133197e-02,2.370404e-02,3.772400e-03,2.487512e-02,3.956469e-01,1.078271e-02,1.490178e-02,1.114379e-02,8.231929e-03,2.272400e-03,4.269832e-02
1.537292e-01,3.951379e-02,3.455973e-02,1.583922e-01,9.828082e-02,2.199411e-02,6.036551e-03,5.356485e-02,3.653420e-01,7.618525e-03,1.145652e-02,9.752654e-03,7.483855e-03,1.675417e-03,3.059973e-02
2.783019e-01,3.489322e-02,2.740974e-02,1.187916e-01,9.306385e-02,2.899777e-02,7.624554e-03,4.513945e-02,3.029704e-01,5.940703e-03,1.016313e-02,1.359112e-02,8.245846e-03,1.628331e-03,2.323841e-02
3.397235e-01,2.723801e-02,2.121645e-02,8.664647e-02,1.652903e-01,2.739288e-02,6.380345e-03,3.374113e-02,2.268554e-01,5.207732e-03,1.235596e-02,1.686784e-02,9.754466e-03,1.493042e-03,1.983644e-02
3.934588e-01,2.105967e-02,1.607067e-02,6.253048e-02,2.171004e-01,2.622557e-02,5.119480e-03,2.564899e-02,1.722163e-01,3.957589e-03,1.112048e-02,1.578558e-02,8.636634e-03,2.194430e-03,1.887483e-02
1.000000e+00,0.000000e+00,0.000000e+00,0.000000e+00,0.000000e+00,0.000000e+00,0.000000e+00,0.000000e+00,0.000000e+00,0.000000e+00,0.000000e+00,0.000000e+00,0.000000e+00,0.000000e+00,0.000000e+00
1.000000e+00,0.000000e+00,0.000000e+00,0.000000e+00,0.000000e+00,0.000000e+00,0.000000e+00,0.000000e+00,0.000000e+00,0.000000e+00,0.000000e+00,0.000000e+00,0.000000e+00,0.000000e+00,0.000000e+00
1.000000e+00,0.000000e+00,0.000000e+00,0.000000e+00,0.000000e+00,0.000000e+00,0.000000e+00,0.000000e+00,0.000000e+00,0.000000e+00,0.000000e+00,0.000000e+00,0.000000e+00,0.000000e+00,0.000000e+00
4.249462e-01,9.361614e-03,5.569103e-03,1.955875e-02,7.049721e-02,1.025903e-01,3.438895e-03,8.979280e-03,4.552640e-02,3.043123e-03,2.424373e-01,2.624608e-02,6.856960e-03,1.535917e-02,1.558959e-02
3.507867e-01,7.306425e-03,4.299491e-03,1.468237e-02,5.117597e-02,1.028209e-01,2.798592e-03,6.872161e-03,3.267898e-02,2.885397e-03,3.560959e-01,3.441093e-02,5.646249e-03,1.466356e-02,1.287632e-02
3.387380e-01,6.036219e-03,4.242381e-03,1.104947e-02,3.739022e-02,1.541203e-01,3.090302e-03,5.847082e-03,2.377933e-02,2.532862e-03,3.369226e-01,4.421174e-02,4.406889e-03,1.625832e-02,1.137434e-02
3.550248e-01,6.486311e-03,4.490258e-03,8.500110e-03,2.849854e-02,1.792396e-01,3.536408e-03,5.297838e-03,1.755914e-02,2.617145e-03,3.060506e-01,4.491687e-02,3.606814e-03,2.301374e-02,1.116183e-02
3.448854e-01,1.462049e-02,7.457948e-03,2.030594e-02,2.261851e-02,1.646980e-01,3.636847e-03,5.721906e-03,1.770209e-02,2.921534e-03,3.006781e-01,5.616791e-02,5.013101e-03,2.042008e-02,1.315213e-02
2.920398e-01,1.333155e-02,1.203818e-02,2.327325e-02,1.781914e-02,1.310778e-01,3.867543e-03,5.264977e-03,1.486334e-02,2.912558e-03,3.566478e-01,9.313504e-02,5.231908e-03,1.748093e-02,1.101616e-02
3.069068e-01,1.499328e-02,1.574202e-02,2.386922e-02,1.534212e-02,1.090611e-01,4.187502e-03,5.604690e-03,1.278352e-02,3.402469e-03,3.303692e-01,1.190692e-01,5.456869e-03,2.312293e-02,1.008914e-02
3.848000e-01,1.613775e-02,1.725139e-02,2.069226e-02,1.418641e-02,9.219317e-02,4.937383e-03,9.106966e-03,1.763825e-02,3.366127e-03,2.699334e-01,1.009533e-01,5.260833e-03,3.273910e-02,1.080372e-02
4.497597e-01,1.766982e-02,1.665650e-02,1.910972e-02,1.429421e-02,7.435107e-02,4.718794e-03,1.235954e-02,1.819269e-02,3.025892e-03,2.292486e-01,8.648047e-02,4.737003e-03,3.953339e-02,9.862576e-03
1.000000e+00,0.000000e+00,0.000000e+00,0.000000e+00,0.000000e+00,0.000000e+00,0.000000e+00,0.000000e+00,0.000000e+00,0.000000e+00,0.000000e+00,0.000000e+00,0.000000e+00,0.000000e+00,0.000000e+00
4.155561e-01,1.459221e-02,1.569306e-02,1.311480e-02,1.268308e-02,6.061409e-02,3.371770e-03,1.141540e-02,2.951686e-02,3.016845e-03,2.477063e-01,5.977535e-02,6.187710e-03,1.001946e-01,6.561778e-03
3.391373e-01,1.318689e-02,1.325634e-02,1.026726e-02,1.069004e-02,4.776777e-02,2.839263e-03,8.730454e-03,3.014098e-02,3.399545e-03,3.155949e-01,5.122377e-02,5.236357e-03,1.432572e-01,5.271995e-03
3.024525e-01,1.590149e-02,1.206864e-02,1.114640e-02,1.061302e-02,3.966530e-02,3.205938e-03,7.746391e-03,3.202344e-02,4.384525e-03,3.401091e-01,5.501819e-02,5.161148e-03,1.526528e-01,7.851217e-03
2.764423e-01,1.327945e-02,9.600330e-03,9.361218e-03,8.989619e-03,3.051098e-02,3.317925e-03,6.704709e-03,3.032608e-02,5.726221e-03,3.741307e-01,4.895160e-02,5.039667e-03,1.712419e-01,6.377352e-03
2.062150e-01,1.154134e-02,7.252990e-03,1.123530e-02,1.963120e-02,2.534115e-02,2.956771e-03,8.095312e-03,3.789613e-02,1.048823e-02,4.464033e-01,4.347311e-02,4.403223e-03,1.596191e-01,5.447831e-03
1.518168e-01,8.657334e-03,5.285165e-03,9.893062e-03,2.039359e-02,1.973567e-02,3.017690e-03,8.420374e-03,6.138143e-02,1.087030e-02,5.294355e-01,3.661183e-02,4.633418e-03,1.249935e-01,4.854319e-03
1.109808e-01,7.036047e-03,4.346718e-03,9.841799e-03,2.523676e-02,1.558910e-02,2.814744e-03,1.232248e-02,1.005259e-01,1.170430e-02,5.373785e-01,3.557476e-02,5.840435e-03,1.162676e-01,4.540011e-03
8.321781e-02,6.767319e-03,3.558462e-03,8.998057e-03,2.652146e-02,1.338865e-02,2.927595e-03,1.172909e-02,1.170952e-01,1.382194e-02,5.741110e-01,3.184517e-02,6.528831e-03,9.366371e-02,5.825679e-03
6.711787e-02,1.004210e-02,3.488691e-03,7.087623e-03,6.873723e-02,1.277864e-02,2.664201e-03,9.590601e-03,2.022572e-01,1.836690e-02,4.543594e-01,2.596162e-02,6.490247e-03,1.052207e-01,5.837005e-03
5.840809e-02,7.637068e-03,3.644380e-03,7.602250e-03,2.340329e-01,1.625726e-02,2.574506e-03,2.294201e-02,1.701714e-01,1.817954e-02,3.473165e-01,2.027866e-02,5.864166e-03,8.055417e-02,4.537056e-03
6.297790e-02,9.706261e-03,4.005054e-03,6.619480e-03,1.764224e-01,1.814871e-02,2.617188e-03,2.593879e-02,1.636478e-01,1.647628e-02,3.780403e-01,5.456319e-02,9.292278e-03,6.316721e-02,8.377106e-03
7.589933e-02,1.308837e-02,5.257942e-03,7.836308e-03,1.742609e-01,1.413278e-02,2.446129e-03,6.437468e-02,1.957179e-01,1.348346e-02,2.903728e-01,6.352633e-02,1.473343e-02,5.061330e-02,1.425623e-02
8.537023e-02,1.182394e-02,6.731346e-03,1.161845e-02,1.796351e-01,1.109217e-02,2.391092e-03,1.717761e-01,1.620260e-01,1.093656e-02,2.323846e-01,5.158155e-02,1.456063e-02,3.730065e-02,1.077161e-02
8.106910e-02,8.839967e-03,7.304976e-03,1.015775e-02,1.355311e-01,8.068329e-03,2.098186e-03,3.606985e-01,1.217309e-01,8.429287e-03,1.685786e-01,4.043732e-02,1.205884e-02,2.705134e-02,7.945914e-03
7.087291e-02,7.013170e-03,6.062488e-03,8.174834e-03,1.018679e-01,6.707875e-03,2.407165e-03,5.181571e-01,8.787627e-02,6.123497e-03,1.206909e-01,2.949672e-02,9.361874e-03,1.938366e-02,5.803628e-03
5.341452e-02,4.987350e-03,4.514057e-03,6.292148e-03,7.676734e-02,5.077105e-03,1.833190e-03,6.510774e-01,6.183599e-02,4.304786e-03,8.479505e-02,2.070715e-02,6.681660e-03,1.364188e-02,4.070373e-03
4.045830e-02,3.519306e-03,3.314131e-03,4.738806e-03,6.109868e-02,3.843672e-03,1.366704e-03,7.441139e-01,4.336600e-02,3.018659e-03,5.945929e-02,1.453278e-02,4.736629e-03,9.579068e-03,2.854027e-03
3.141158e-02,2.499517e-03,2.393661e-03,3.912664e-03,5.349603e-02,3.087767e-03,1.120586e-03,8.054934e-01,3.041490e-02,2.124540e-03,4.173260e-02,1.020014e-02,3.391251e-03,6.718499e-03,2.002914e-03
2.433776e-02,1.784753e-03,1.710086e-03,3.045339e-03,4.745346e-02,2.657662e-03,1.011516e-03,8.500316e-01,2.134704e-02,1.491851e-03,2.934627e-02,7.172351e-03,2.485848e-03,4.712604e-03,1.411844e-03
2.191349e-02,1.402617e-03,1.407283e-03,2.727342e-03,4.486131e-02,3.352125e-03,9.447952e-04,8.751073e-01,1.503147e-02,1.050670e-03,2.075853e-02,5.149855e-03,1.945449e-03,3.321385e-03,1.026332e-03
1.783846e-02,1.028138e-03,1.046313e-03,2.077802e-03,3.983906e-02,2.614999e-03,7.335441e-04,9.008720e-01,1.054645e-02,7.365903e-04,1.458533e-02,3.623102e-03,1.401528e-03,2.333581e-03,7.231315e-04
1.427913e-02,7.503653e-04,7.706552e-04,1.529761e-03,3.426867e-02,1.980778e-03,6.118233e-04,9.219172e-01,7.396587e-03,5.168257e-04,1.024116e-02,2.554083e-03,1.030439e-03,1.639543e-03,5.130109e-04
1.533913e-02,5.693148e-04,6.236227e-04,1.133246e-03,2.927718e-02,1.565576e-03,5.684276e-04,9.338011e-01,5.194889e-03,3.692518e-04,7.245391e-03,1.911709e-03,8.567593e-04,1.161685e-03,3.827225e-04
1.424905e-02,4.419725e-04,5.264054e-04,8.552143e-04,2.655131e-02,1.191763e-03,4.950717e-04,9.434291e-01,3.658906e-03,2.639165e-04,5.135749e-03,1.398035e-03,6.935994e-04,8.205571e-04,2.893519e-04
1.295052e-02,3.302045e-04,4.289575e-04,6.668700e-04,3.191147e-02,9.220202e-04,4.180426e-04,9.436655e-01,2.595005e-03,1.875870e-04,3.619592e-03,9.952034e-04,5.247489e-04,5.773760e-04,2.069065e-04
1.301733e-02,2.576611e-04,3.415100e-04,6.034676e-04,2.606121e-02,7.292318e-04,4.035832e-04,9.522992e-01,1.834345e-03,1.342363e-04,2.564775e-03,7.441564e-04,4.467099e-04,4.097715e-04,1.527789e-04
1.639401e-02,2.178202e-04,2.849811e-04,5.637031e-04,2.013453e-02,7.788519e-04,4.205955e-04,9.559937e-01,1.349458e-03,1.139422e-04,1.909251e-03,6.567258e-04,7.279397e-04,3.085951e-04,1.459477e-04
2.288630e-02,2.208629e-04,2.316058e-04,5.165134e-04,1.614589e-02,1.262399e-03,4.661878e-04,9.096147e-01,1.445618e-03,1.030573e-04,1.687653e-03,9.941247e-04,4.361064e-02,2.266519e-04,5.877529e-04
3.710646e-02,2.207355e-04,1.996999e-04,4.271728e-04,1.226531e-02,1.491427e-03,4.505433e-04,8.974870e-01,1.293137e-03,8.417322e-05,1.868512e-03,1.615058e-03,4.452103e-02,1.774823e-04,7.922531e-04
7.545761e-02,3.995594e-04,2.770514e-04,3.724073e-04,9.969760e-03,1.977697e-03,4.214145e-04,8.551517e-01,1.872455e-03,1.014637e-04,2.954385e-03,2.101477e-03,4.304454e-02,3.456668e-04,5.552861e-03
9.589364e-02,9.074335e-04,1.496373e-03,4.640011e-04,8.865185e-03,5.347181e-03,5.394927e-04,7.748684e-01,2.337811e-03,3.661864e-04,4.646416e-03,2.752063e-03,7.491492e-02,4.939630e-04,2.610693e-02
1.060478e-01,1.197506e-03,1.930165e-03,5.949175e-04,8.270641e-03,5.343182e-03,5.347793e-04,6.786766e-01,3.122446e-03,4.599920e-04,6.549627e-03,3.113751e-03,1.500029e-01,6.100995e-04,3.354562e-02
1.235711e-01,2.078363e-03,2.493629e-03,1.006578e-03,7.381308e-03,5.736161e-03,5.661304e-04,5.190461e-01,1.023919e-02,5.627917e-04,8.994127e-03,2.785460e-03,1.684870e-01,2.147408e-03,1.449047e-01
1.161607e-01,2.291576e-03,2.150171e-03,1.049277e-03,6.589509e-03,5.088623e-03,5.571124e-04,3.739265e-01,1.819594e-02,5.638264e-04,8.142916e-03,2.544158e-03,1.880856e-01,3.017488e-03,2.716366e-01
