1.000000e+00,0.000000e+00,0.000000e+00,0.000000e+00,0.000000e+00,0.000000e+00,0.000000e+00,0.000000e+00,0.000000e+00,0.000000e+00,0.000000e+00,0.000000e+00,0.000000e+00,0.000000e+00,0.000000e+00
1.000000e+00,0.000000e+00,0.000000e+00,0.000000e+00,0.000000e+00,0.000000e+00,0.000000e+00,0.000000e+00,0.000000e+00,0.000000e+00,0.000000e+00,0.000000e+00,0.000000e+00,0.000000e+00,0.000000e+00
1.000000e+00,0.000000e+00,0.000000e+00,0.000000e+00,0.000000e+00,0.000000e+00,0.000000e+00,0.000000e+00,0.000000e+00,0.000000e+00,0.000000e+00,0.000000e+00,0.000000e+00,0.000000e+00,0.000000e+00
1.000000e+00,0.000000e+00,0.000000e+00,0.000000e+00,0.000000e+00,0.000000e+00,0.000000e+00,0.000000e+00,0.000000e+00,0.000000e+00,0.000000e+00,0.000000e+00,0.000000e+00,0.000000e+00,0.000000e+00
1.000000e+00,0.000000e+00,0.000000e+00,0.000000e+00,0.000000e+00,0.000000e+00,0.000000e+00,0.000000e+00,0.000000e+00,0.000000e+00,0.000000e+00,0.000000e+00,0.000000e+00,0.000000e+00,0.000000e+00
1.000000e+00,0.000000e+00,0.000000e+00,0.000000e+00,0.000000e+00,0.000000e+00,0.000000e+00,0.000000e+00,0.000000e+00,0.000000e+00,0.000000e+00,0.000000e+00,0.000000e+00,0.000000e+00,0.000000e+00
1.000000e+00,0.000000e+00,0.000000e+00,0.000000e+00,0.000000e+00,0.000000e+00,0.000000e+00,0.000000e+00,0.000000e+00,0.000000e+00,0.000000e+00,0.000000e+00,0.000000e+00,0.000000e+00,0.000000e+00
1.000000e+00,0.000000e+00,0.000000e+00,0.000000e+00,0.000000e+00,0.000000e+00,0.000000e+00,0.000000e+00,0.000000e+00,0.000000e+00,0.000000e+00,0.000000e+00,0.000000e+00,0.000000e+00,0.000000e+00
1.000000e+00,0.000000e+00,0.000000e+00,0.000000e+00,0.000000e+00,0.000000e+00,0.000000e+00,0.000000e+00,0.000000e+00,0.000000e+00,0.000000e+00,0.000000e+00,0.000000e+00,0.000000e+00,0.000000e+00
1.000000e+00,0.000000e+00,0.000000e+00,0.000000e+00,0.000000e+00,0.000000e+00,0.000000e+00,0.000000e+00,0.000000e+00,0.000000e+00,0.000000e+00,0.000000e+00,0.000000e+00,0.000000e+00,0.000000e+00
1.000000e+00,0.000000e+00,0.000000e+00,0.000000e+00,0.000000e+00,0.000000e+00,0.000000e+00,0.000000e+00,0.000000e+00,0.000000e+00,0.000000e+00,0.000000e+00,0.000000e+00,0.000000e+00,0.000000e+00
1.000000e+00,0.000000e+00,0.000000e+00,0.000000e+00,0.000000e+00,0.000000e+00,0.000000e+00,0.000000e+00,0.000000e+00,0.000000e+00,0.000000e+00,0.000000e+00,0.000000e+00,0.000000e+00,0.000000e+00
1.000000e+00,0.000000e+00,0.000000e+00,0.000000e+00,0.000000e+00,0.000000e+00,0.000000e+00,0.000000e+00,0.000000e+00,0.000000e+00,0.000000e+00,0.000000e+00,0.000000e+00,0.000000e+00,0.000000e+00
1.000000e+00,0.000000e+00,0.000000e+00,0.000000e+00,0.000000e+00,0.000000e+00,0.000000e+00,0.000000e+00,0.000000e+00,0.000000e+00,0.000000e+00,0.000000e+00,0.000000e+00,0.000000e+00,0.000000e+00
1.000000e+00,0.000000e+00,0.000000e+00,0.000000e+00,0.000000e+00,0.000000e+00,0.000000e+00,0.000000e+00,0.000000e+00,0.000000e+00,0.000000e+00,0.000000e+00,0.000000e+00,0.000000e+00,0.000000e+00
1.000000e+00,0.000000e+00,0.000000e+00,0.000000e+00,0.000000e+00,0.000000e+00,0.000000e+00,0.000000e+00,0.000000e+00,0.000000e+00,0.000000e+00,0.000000e+00,0.000000e+00,0.000000e+00,0.000000e+00
1.000000e+00,0.000000e+00,0.000000e+00,0.000000e+00,0.000000e+00,0.000000e+00,0.000000e+00,0.000000e+00,0.000000e+00,0.000000e+00,0.000000e+00,0.000000e+00,0.000000e+00,0.000000e+00,0.000000e+00
1.000000e+00,0.000000e+00,0.000000e+00,0.000000e+00,0.000000e+00,0.000000e+00,0.000000e+00,0.000000e+00,0.000000e+00,0.000000e+00,0.000000e+00,0.000000e+00,0.000000e+00,0.000000e+00,0.000000e+00
1.000000e+00,0.000000e+00,0.000000e+00,0.000000e+00,0.000000e+00,0.000000e+00,0.000000e+00,0.000000e+00,0.000000e+00,0.000000e+00,0.000000e+00,0.000000e+00,0.000000e+00,0.000000e+00,0.000000e+00
1.000000e+00,0.000000e+00,0.000000e+00,0.000000e+00,0.000000e+00,0.000000e+00,0.000000e+00,0.000000e+00,0.000000e+00,0.000000e+00,0.000000e+00,0.000000e+00,0.000000e+00,0.000000e+00,0.000000e+00
1.000000e+00,0.000000e+00,0.000000e+00,0.000000e+00,0.000000e+00,0.000000e+00,0.000000e+00,0.000000e+00,0.000000e+00,0.000000e+00,0.000000e+00,0.000000e+00,0.000000e+00,0.000000e+00,0.000000e+00
1.000000e+00,0.000000e+00,0.000000e+00,0.000000e+00,0.000000e+00,0.000000e+00,0.000000e+00,0.000000e+00,0.000000e+00,0.000000e+00,0.000000e+00,0.000000e+00,0.000000e+00,0.000000e+00,0.000000e+00
1.000000e+00,0.000000e+00,0.000000e+00,0.000000e+00,0.000000e+00,0.000000e+00,0.000000e+00,0.000000e+00,0.000000e+00,0.000000e+00,0.000000e+00,0.000000e+00,0.000000e+00,0.000000e+00,0.000000e+00
1.000000e+00,0.000000e+00,0.000000e+00,0.000000e+00,0.000000e+00,0.000000e+00,0.000000e+00,0.000000e+00,0.000000e+00,0.000000e+00,0.000000e+00,0.000000e+00,0.000000e+00,0.000000e+00,0.000000e+00
1.000000e+00,0.000000e+00,0.000000e+00,0.000000e+00,0.000000e+00,0.000000e+00,0.000000e+00,0.000000e+00,0.000000e+00,0.000000e+00,0.000000e+00,0.000000e+00,0.000000e+00,0.000000e+00,0.000000e+00
1.000000e+00,0.000000e+00,0.000000e+00,0.000000e+00,0.000000e+00,0.000000e+00,0.000000e+00,0.000000e+00,0.000000e+00,0.000000e+00,0.000000e+00,0.000000e+00,0.000000e+00,0.000000e+00,0.000000e+00
1.000000e+00,0.000000e+00,0.000000e+00,0.000000e+00,0.000000e+00,0.000000e+00,0.000000e+00,0.000000e+00,0.000000e+00,0.000000e+00,0.000000e+00,0.000000e+00,0.000000e+00,0.000000e+00,0.000000e+00
1.000000e+00,0.000000e+00,0.000000e+00,0.000000e+00,0.000000e+00,0.000000e+00,0.000000e+00,0.000000e+00,0.000000e+00,0.000000e+00,0.000000e+00,0.000000e+00,0.000000e+00,0.000000e+00,0.000000e+00
1.000000e+00,0.000000e+00,0.000000e+00,0.000000e+00,0.000000e+00,0.000000e+00,0.000000e+00,0.000000e+00,0.000000e+00,0.000000e+00,0.000000e+00,0.000000e+00,0.000000e+00,0.000000e+00,0.000000e+00
1.000000e+00,0.000000e+00,0.000000e+00,0.000000e+00,0.000000e+00,0.000000e+00,0.000000e+00,0.000000e+00,0.000000e+00,0.000000e+00,0.000000e+00,0.000000e+00,0.000000e+00,0.000000e+00,0.000000e+00
1.000000e+00,0.000000e+00,0.000000e+00,0.000000e+00,0.000000e+00,0.000000e+00,0.000000e+00,0.000000e+00,0.000000e+00,0.000000e+00,0.000000e+00,0.000000e+00,0.000000e+00,0.000000e+00,0.000000e+00
1.000000e+00,0.000000e+00,0.000000e+00,0.000000e+00,0.000000e+00,0.000000e+00,0.000000e+00,0.000000e+00,0.000000e+00,0.000000e+00,0.000000e+00,0.000000e+00,0.000000e+00,0.000000e+00,0.000000e+00
1.000000e+00,0.000000e+00,0.000000e+00,0.000000e+00,0.000000e+00,0.000000e+00,0.000000e+00,0.000000e+00,0.000000e+00,0.000000e+00,0.000000e+00,0.000000e+00,0.000000e+00,0.000000e+00,0.000000e+00
1.000000e+00,0.000000e+00,0.000000e+00,0.000000e+00,0.000000e+00,0.000000e+00,0.000000e+00,0.000000e+00,0.000000e+00,0.000000e+00,0.000000e+00,0.000000e+00,0.000000e+00,0.000000e+00,0.000000e+00
1.000000e+00,0.000000e+00,0.000000e+00,0.000000e+00,0.000000e+00,0.000000e+00,0.000000e+00,0.000000e+00,0.000000e+00,0.000000e+00,0.000000e+00,0.000000e+00,0.000000e+00,0.000000e+00,0.000000e+00
1.000000e+00,0.000000e+00,0.000000e+00,0.000000e+00,0.000000e+00,0.000000e+00,0.000000e+00,0.000000e+00,0.000000e+00,0.000000e+00,0.000000e+00,0.000000e+00,0.000000e+00,0.000000e+00,0.000000e+00
1.000000e+00,0.000000e+00,0.000000e+00,0.000000e+00,0.000000e+00,0.000000e+00,0.000000e+00,0.000000e+00,0.000000e+00,0.000000e+00,0.000000e+00,0.000000e+00,0.000000e+00,0.000000e+00,0.000000e+00
1.000000e+00,0.000000e+00,0.000000e+00,0.000000e+00,0.000000e+00,0.000000e+00,0.000000e+00,0.000000e+00,0.000000e+00,0.000000e+00,0.000000e+00,0.000000e+00,0.000000e+00,0.000000e+00,0.000000e+00
1.000000e+00,0.000000e+00,0.000000e+00,0.000000e+00,0.000000e+00,0.000000e+00,0.000000e+00,0.000000e+00,0.000000e+00,0.000000e+00,0.000000e+00,0.000000e+00,0.000000e+00,0.000000e+00,0.000000e+00
1.000000e+00,0.000000e+00,0.000000e+00,0.000000e+00,0.000000e+00,0.000000e+00,0.000000e+00,0.000000e+00,0.000000e+00,0.000000e+00,0.000000e+00,0.000000e+00,0.000000e+00,0.000000e+00,0.000000e+00
1.000000e+00,0.000000e+00,0.000000e+00,0.000000e+00,0.000000e+00,0.000000e+00,0.000000e+00,0.000000e+00,0.000000e+00,0.000000e+00,0.000000e+00,0.000000e+00,0.000000e+00,0.000000e+00,0.000000e+00
1.000000e+00,0.000000e+00,0.000000e+00,0.000000e+00,0.000000e+00,0.000000e+00,0.000000e+00,0.000000e+00,0.000000e+00,0.000000e+00,0.000000e+00,0.000000e+00,0.000000e+00,0.000000e+00,0.000000e+00
1.000000e+00,0.000000e+00,0.000000e+00,0.000000e+00,0.000000e+00,0.000000e+00,0.000000e+00,0.000000e+00,0.000000e+00,0.000000e+00,0.000000e+00,0.000000e+00,0.000000e+00,0.000000e+00,0.000000e+00
1.000000e+00,0.000000e+00,0.000000e+00,0.000000e+00,0.000000e+00,0.000000e+00,0.000000e+00,0.000000e+00,0.000000e+00,0.000000e+00,0.000000e+00,0.000000e+00,0.000000e+00,0.000000e+00,0.000000e+00
1.000000e+00,0.000000e+00,0.000000e+00,0.000000e+00,0.000000e+00,0.000000e+00,0.000000e+00,0.000000e+00,0.000000e+00,0.000000e+00,0.000000e+00,0.000000e+00,0.000000e+00,0.000000e+00,0.000000e+00
1.000000e+00,0.000000e+00,0.000000e+00,0.000000e+00,0.000000e+00,0.000000e+00,0.000000e+00,0.000000e+00,0.000000e+00,0.000000e+00,0.000000e+00,0.000000e+00,0.000000e+00,0.000000e+00,0.000000e+00
1.000000e+00,0.000000e+00,0.000000e+00,0.000000e+00,0.000000e+00,0.000000e+00,0.000000e+00,0.000000e+00,0.000000e+00,0.000000e+00,0.000000e+00,0.000000e+00,0.000000e+00,0.000000e+00,0.000000e+00
1.000000e+00,0.000000e+00,0.000000e+00,0.000000e+00,0.000000e+00,0.000000e+00,0.000000e+00,0.000000e+00,0.000000e+00,0.000000e+00,0.000000e+00,0.000000e+00,0.000000e+00,0.000000e+00,0.000000e+00
1.000000e+00,0.000000e+00,0.000000e+00,0.000000e+00,0.000000e+00,0.000000e+00,0.000000e+00,0.000000e+00,0.000000e+00,0.000000e+00,0.000000e+00,0.000000e+00,0.000000e+00,0.000000e+00,0.000000e+00
1.000000e+00,0.000000e+00,0.000000e+00,0.000000e+00,0.000000e+00,0.000000e+00,0.000000e+00,0.000000e+00,0.000000e+00,0.000000e+00,0.000000e+00,0.000000e+00,0.000000e+00,0.000000e+00,0.000000e+00
4.828354e-01,1.046561e-02,2.645577e-02,3.552962e-02,4.878533e-03,1.392371e-02,6.343842e-03,3.598199e-01,3.508771e-03,1.423578e-03,7.503974e-03,1.671661e-02,1.463250e-02,2.490518e-03,1.347163e-02
3.441557e-01,7.423514e-03,2.101288e-02,2.624483e-02,3.737164e-03,1.125713e-02,6.056467e-03,5.368470e-01,2.484484e-03,1.009246e-03,5.399816e-03,1.208635e-02,1.089913e-02,1.807673e-03,9.578655e-03
2.438150e-01,5.447377e-03,1.945018e-02,1.939239e-02,2.985809e-03,8.631730e-03,5.125774e-03,6.636217e-01,1.761082e-03,7.311429e-04,3.965432e-03,8.700594e-03,8.062777e-03,1.519383e-03,6.789656e-03
1.744028e-01,3.975936e-03,1.508870e-02,1.453268e-02,2.661064e-03,6.928928e-03,4.021132e-03,7.548565e-01,1.252967e-03,5.360871e-04,3.099541e-03,6.326068e-03,6.110469e-03,1.398882e-03,4.808330e-03
1.247035e-01,2.843587e-03,1.076994e-02,1.045171e-02,2.348591e-03,4.975101e-03,2.979960e-03,7.096722e-01,1.147831e-03,1.710624e-03,3.560230e-02,2.937683e-02,3.816923e-02,2.170382e-02,3.544767e-03
8.835645e-02,2.018283e-03,7.558783e-03,8.304197e-03,1.734741e-03,3.537232e-03,2.124457e-03,5.546036e-01,9.178189e-04,3.168761e-03,5.625792e-02,9.111404e-02,8.554736e-02,9.216848e-02,2.587870e-03
6.201862e-02,1.446535e-03,5.312906e-03,7.364656e-03,1.275853e-03,2.505583e-03,1.501539e-03,4.188181e-01,1.014725e-03,3.373556e-03,1.009834e-01,1.671287e-01,7.127251e-02,1.539563e-01,2.027104e-03
4.359293e-02,1.073191e-03,3.743425e-03,6.485560e-03,9.741934e-04,1.843861e-03,1.083086e-03,3.013820e-01,1.853195e-03,3.642803e-03,1.115584e-01,2.264408e-01,7.356089e-02,2.211825e-01,1.583161e-03
3.056389e-02,8.040100e-04,2.646326e-03,6.113430e-03,8.111313e-04,1.384801e-03,8.080333e-04,2.139916e-01,6.315518e-03,3.938226e-03,1.005080e-01,2.324429e-01,8.553330e-02,3.128069e-01,1.331942e-03
2.143591e-02,9.464863e-04,1.881612e-03,4.884007e-03,6.610967e-04,1.196621e-03,5.833487e-04,1.502272e-01,6.060852e-02,4.292858e-03,8.606630e-02,1.822226e-01,6.763527e-02,4.160289e-01,1.329238e-03
1.503608e-02,8.935550e-04,1.351059e-03,3.465446e-03,4.861066e-04,2.263525e-03,4.184060e-04,1.051908e-01,7.729042e-02,3.131488e-03,6.455203e-02,1.295426e-01,4.831133e-02,5.469197e-01,1.147452e-03
1.068351e-02,1.565702e-03,1.175717e-03,3.042636e-03,3.959944e-04,8.803993e-03,3.536226e-04,7.377908e-02,9.797059e-02,2.655071e-03,4.913893e-02,9.303694e-02,3.413697e-02,6.221603e-01,1.101024e-03
7.580593e-03,3.189038e-03,1.554215e-03,2.755541e-03,3.529813e-04,1.471797e-02,2.962677e-04,5.169860e-02,1.166428e-01,2.951288e-03,3.741203e-02,6.642306e-02,2.453783e-02,6.685017e-01,1.386107e-03
5.429433e-03,4.198542e-03,1.361447e-03,2.504461e-03,2.832056e-04,1.428731e-02,2.348256e-04,3.621879e-02,1.016888e-01,2.728526e-03,2.831917e-02,4.747983e-02,1.785941e-02,7.359163e-01,1.490006e-03
4.198792e-03,1.119878e-02,4.354824e-03,2.207460e-03,4.660799e-04,1.505340e-02,2.316884e-04,2.538972e-02,1.183013e-01,3.505707e-03,3.311975e-02,3.385545e-02,1.338602e-02,7.312254e-01,3.505594e-03
3.198590e-03,3.010839e-02,5.260800e-02,7.267583e-03,1.796521e-03,3.691909e-02,3.383908e-04,1.834980e-02,1.511792e-01,3.508843e-03,2.607056e-02,2.399523e-02,1.015930e-02,6.295853e-01,4.915207e-03
2.837702e-03,3.295898e-02,4.149790e-02,8.256379e-03,2.656650e-03,3.418325e-02,2.706652e-04,1.295905e-02,2.126609e-01,6.145772e-03,2.143874e-02,1.696605e-02,7.761393e-03,5.790524e-01,2.035411e-02
2.083003e-03,2.721058e-02,3.656497e-02,3.080088e-02,2.119728e-03,2.514442e-02,1.951508e-04,9.118180e-03,3.987713e-01,5.235918e-03,1.695593e-02,1.196591e-02,5.706086e-03,4.100780e-01,1.804984e-02
1.784494e-03,2.559928e-02,2.980945e-02,3.879266e-02,2.174270e-03,2.416646e-02,1.703463e-04,6.503799e-03,5.141705e-01,4.943290e-03,1.818361e-02,8.740284e-03,5.942044e-03,2.991337e-01,1.988577e-02
2.993072e-03,2.491136e-02,2.592257e-02,5.344910e-02,1.809360e-03,2.500462e-02,1.508041e-04,5.007210e-03,5.751227e-01,4.382633e-03,2.505097e-02,6.682942e-03,6.283249e-03,2.246980e-01,1.853139e-02
3.597369e-03,2.066999e-02,2.043060e-02,5.185436e-02,1.538025e-03,1.974055e-02,1.632495e-04,4.722522e-03,5.673956e-01,1.107471e-02,4.784759e-02,6.842301e-03,2.538238e-02,2.006383e-01,1.810244e-02
3.184411e-03,2.310618e-02,1.494680e-02,4.793345e-02,1.793635e-03,1.560876e-02,3.497210e-04,6.291826e-03,6.025059e-01,1.072436e-02,5.053996e-02,6.135861e-03,3.853410e-02,1.615739e-01,1.677111e-02
2.326651e-03,2.149034e-02,1.115185e-02,5.133326e-02,2.234056e-03,1.193641e-02,2.623801e-04,5.201485e-03,6.901945e-01,8.229765e-03,3.663653e-02,4.347633e-03,2.802774e-02,1.139393e-01,1.268804e-02
2.119248e-03,2.000515e-02,8.085332e-03,4.275320e-02,1.021972e-02,1.493277e-02,3.639556e-04,4.321899e-03,7.455937e-01,6.621417e-03,2.621886e-02,3.096532e-03,2.075963e-02,8.101467e-02,1.389394e-02
2.713137e-03,1.476379e-02,6.379956e-03,4.906764e-02,2.539405e-02,1.486281e-02,1.041711e-03,3.508839e-02,7.417418e-01,4.862559e-03,1.856828e-02,2.189909e-03,1.462921e-02,5.680984e-02,1.188701e-02
1.521007e-02,1.419156e-02,5.908434e-03,1.520206e-01,5.068393e-02,2.123431e-02,3.039955e-03,7.574090e-02,5.802732e-01,3.854287e-03,1.383960e-02,1.651167e-03,1.050565e-02,3.983608e-02,1.201039e-02
1.534851e-02,1.091205e-02,5.129503e-03,1.194880e-01,1.508674e-01,2.652629e-02,1.021079e-01,9.008503e-02,4.192713e-01,2.867119e-03,9.989670e-03,1.202301e-03,9.156890e-03,2.792689e-02,9.121148e-03
2.396094e-02,8.724809e-03,8.226351e-03,8.539017e-02,2.201959e-01,2.502628e-02,1.766941e-01,8.110651e-02,2.992105e-01,6.458232e-03,1.641562e-02,1.093496e-03,1.083649e-02,2.056323e-02,1.609729e-02
1.891000e-02,6.380082e-03,7.112288e-03,6.197146e-02,1.869265e-01,2.636049e-02,1.833031e-01,6.344511e-02,2.121697e-01,6.213875e-02,7.120270e-02,1.443548e-03,1.295850e-02,2.475655e-02,6.092118e-02
1.395884e-02,4.675678e-03,6.709413e-03,4.582030e-02,1.468070e-01,2.520144e-02,2.444182e-01,4.529054e-02,1.520107e-01,9.257784e-02,8.075584e-02,5.159049e-02,2.047680e-02,2.026988e-02,4.943706e-02
1.177252e-02,3.515410e-03,5.461713e-03,3.543608e-02,1.127735e-01,2.223955e-02,1.925950e-01,3.231933e-02,1.099668e-01,1.175140e-01,1.155185e-01,1.430156e-01,3.591869e-02,2.227404e-02,3.967936e-02
1.072112e-02,2.618348e-03,4.010836e-03,2.615778e-02,8.564807e-02,1.699892e-02,1.522862e-01,2.278487e-02,7.790460e-02,1.027286e-01,2.143756e-01,2.040473e-01,2.994089e-02,2.029255e-02,2.948435e-02
8.406456e-03,2.308207e-03,2.978218e-03,1.885892e-02,6.802391e-02,1.558062e-02,1.113801e-01,1.640934e-02,5.662815e-02,7.325110e-02,2.071735e-01,3.394290e-01,2.644195e-02,3.037806e-02,2.275248e-02
5.969568e-03,1.695257e-03,2.198527e-03,1.349556e-02,4.879325e-02,1.221833e-02,7.852478e-02,1.179412e-02,4.112913e-02,5.172362e-02,1.941156e-01,4.683838e-01,2.221803e-02,3.117768e-02,1.656273e-02
4.632274e-03,1.401201e-03,1.655580e-03,1.065984e-02,4.600987e-02,9.192753e-03,5.658174e-02,9.886174e-03,3.100384e-02,3.998753e-02,3.008626e-01,4.318568e-01,1.713015e-02,2.722912e-02,1.191051e-02
3.606717e-03,1.180866e-03,1.238692e-03,7.963206e-03,3.519041e-02,7.198928e-03,3.968348e-02,7.179135e-03,2.440910e-02,2.847654e-02,4.106863e-01,3.805395e-01,1.262707e-02,3.158783e-02,8.432199e-03
3.063059e-03,1.049030e-03,9.650735e-04,6.173761e-03,2.622527e-02,7.039362e-03,2.784757e-02,5.210486e-03,1.910807e-02,2.108198e-02,5.161605e-01,3.066152e-01,9.277095e-03,4.412708e-02,6.056400e-03
4.265761e-03,3.931443e-03,4.969084e-02,2.883753e-02,2.111408e-02,3.079137e-02,2.008433e-02,5.054258e-02,1.710734e-02,1.576096e-02,4.674928e-01,2.287140e-01,7.178332e-03,5.016846e-02,4.320099e-03
6.124203e-03,7.583502e-03,3.749995e-02,2.931385e-02,1.736354e-02,3.199535e-02,1.423220e-02,3.915736e-02,1.626314e-02,1.272576e-02,4.711178e-01,1.926423e-01,5.649549e-03,1.151584e-01,3.173080e-03
5.180583e-03,8.295198e-03,2.843841e-02,2.275141e-02,1.443388e-02,2.721508e-02,1.003882e-02,2.783912e-02,2.069987e-02,9.551098e-03,4.556816e-01,1.810772e-01,4.639768e-03,1.818209e-01,2.337089e-03
4.297464e-03,8.006831e-03,2.041570e-02,1.691864e-02,1.302399e-02,2.014826e-02,7.076955e-03,1.982955e-02,2.061685e-02,7.197427e-03,4.944866e-01,1.507513e-01,3.420405e-03,2.120804e-01,1.729584e-03
4.700450e-03,1.127531e-02,1.527784e-02,1.229244e-02,1.118384e-02,1.561448e-02,4.978050e-03,1.419019e-02,1.628159e-02,5.452710e-03,5.399167e-01,1.126705e-01,2.754127e-03,2.320957e-01,1.316092e-03
4.505530e-03,1.032017e-02,1.255446e-02,9.129803e-03,1.044845e-02,1.263439e-02,3.541479e-03,1.053522e-02,5.803663e-02,4.318464e-03,5.089751e-01,8.959743e-02,2.274628e-03,2.620282e-01,1.099978e-03
4.022939e-03,7.672252e-03,9.768184e-03,6.928982e-03,8.069106e-03,1.445753e-02,2.537965e-03,7.863867e-03,9.027883e-02,3.709077e-03,4.811457e-01,6.715614e-02,1.763358e-03,2.935269e-01,1.099150e-03
4.970975e-03,5.845990e-03,8.006236e-03,5.134688e-03,5.989226e-03,1.831936e-02,1.788930e-03,5.951786e-03,1.472380e-01,2.932850e-03,4.476373e-01,5.118571e-02,1.418380e-03,2.924563e-01,1.124314e-03
4.087385e-03,4.264070e-03,6.071417e-03,3.860738e-03,4.523101e-03,1.380240e-02,1.254649e-03,4.316560e-03,2.893988e-01,2.171438e-03,3.732050e-01,3.721514e-02,1.054793e-03,2.538441e-01,9.304357e-04
3.394212e-03,3.247703e-03,4.692005e-03,2.784305e-03,3.274781e-03,1.013441e-02,8.799444e-04,3.125179e-03,4.645505e-01,1.604868e-03,2.742957e-01,2.637618e-02,7.538786e-04,2.000951e-01,7.912552e-04
3.079685e-03,2.353291e-03,4.184035e-03,2.098836e-03,2.358673e-03,8.051633e-03,6.172691e-04,2.293742e-03,6.016150e-01,1.254542e-03,1.996018e-01,1.863066e-02,5.400982e-04,1.526085e-01,7.122564e-04
3.382879e-03,1.687670e-03,4.771875e-03,1.578280e-03,1.788171e-03,6.160539e-03,4.347716e-04,1.715817e-03,7.084177e-01,1.087454e-03,1.426342e-01,1.307379e-02,3.874230e-04,1.121148e-01,7.645246e-04
7.873316e-03,1.520106e-03,5.711087e-03,1.531028e-03,1.982884e-03,4.948207e-03,3.188275e-04,1.609507e-03,7.661399e-01,2.077105e-03,1.077605e-01,9.252250e-03,3.192076e-04,8.599979e-02,2.956319e-03
1.429329e-02,1.213743e-03,1.691060e-02,6.687592e-03,1.976036e-03,4.120775e-03,2.904032e-04,7.900980e-03,7.833477e-01,2.353332e-03,8.235429e-02,6.536411e-03,2.473392e-04,6.895233e-02,2.815212e-03
2.043361e-02,1.075215e-03,3.327372e-02,1.224022e-02,2.115769e-03,3.765325e-03,3.368593e-04,1.554008e-02,7.834206e-01,3.220043e-03,6.410965e-02,4.659703e-03,1.953723e-04,5.328146e-02,2.332457e-03
2.895530e-02,1.108697e-03,6.800923e-02,1.371054e-02,1.983579e-03,4.276353e-03,3.073523e-04,1.691640e-02,7.510917e-01,3.544891e-03,5.816563e-02,3.332427e-03,1.691465e-04,4.570720e-02,2.721552e-03
3.483822e-02,1.284406e-03,7.690790e-02,2.024203e-02,2.073602e-03,4.918511e-03,3.059364e-04,1.810769e-02,7.172887e-01,3.545550e-03,6.915820e-02,2.431506e-03,1.751390e-04,4.564157e-02,3.080975e-03
4.387431e-02,1.701310e-03,7.188240e-02,1.893548e-02,2.586545e-03,4.907212e-03,3.745026e-04,2.055128e-02,6.786298e-01,3.067673e-03,1.012129e-01,1.933264e-03,2.360419e-04,4.728632e-02,2.820934e-03
4.705206e-02,1.591559e-03,8.082381e-02,1.915607e-02,2.097802e-03,4.355550e-03,3.202085e-04,2.005577e-02,6.516372e-01,2.753561e-03,1.000390e-01,1.496128e-03,2.207223e-04,6.599776e-02,2.402874e-03
5.093138e-02,1.850840e-03,1.309918e-01,2.507983e-02,2.101023e-03,4.404268e-03,3.135953e-04,2.133158e-02,5.758468e-01,2.394952e-03,8.008456e-02,1.379076e-03,2.339443e-04,1.008577e-01,2.198573e-03
4.638983e-02,1.973803e-03,2.300113e-01,3.665704e-02,2.594407e-03,4.386317e-03,3.417793e-04,1.999509e-02,4.597311e-01,2.184248e-03,6.376822e-02,1.187363e-03,2.473352e-04,1.287093e-01,1.822796e-03
4.783189e-02,2.225074e-03,2.620766e-01,4.733071e-02,3.065458e-03,5.186409e-03,4.183011e-04,2.326819e-02,3.712618e-01,2.489676e-03,5.887276e-02,1.249082e-03,2.881158e-04,1.727093e-01,1.726647e-03
5.512270e-02,2.126831e-03,2.727913e-01,5.625283e-02,3.561887e-03,9.274759e-03,7.591327e-04,2.303581e-02,3.203749e-01,2.818648e-03,6.268822e-02,1.831482e-03,4.629813e-04,1.868685e-01,2.029996e-03
5.201790e-02,1.650263e-03,3.744279e-01,7.600430e-02,4.377469e-03,9.226663e-03,9.582174e-04,3.186864e-02,2.485354e-01,2.380799e-03,4.629970e-02,1.820728e-03,5.140816e-04,1.482922e-01,1.625766e-03
4.692180e-02,1.266721e-03,4.613673e-01,8.504311e-02,5.803284e-03,8.011540e-03,1.394650e-03,5.682466e-02,1.837280e-01,1.790048e-03,3.359101e-02,1.607904e-03,4.872054e-04,1.109308e-01,1.231921e-03
4.790105e-02,1.056870e-03,5.103564e-01,8.690791e-02,7.660005e-03,6.245086e-03,1.531269e-03,9.679416e-02,1.333206e-01,1.295742e-03,2.511912e-02,1.327311e-03,5.266978e-04,7.902435e-02,9.334589e-04
5.141710e-02,9.213280e-04,4.992649e-01,8.966570e-02,1.164233e-02,5.016334e-03,1.658957e-03,1.657620e-01,9.568530e-02,9.587671e-04,1.913437e-02,1.138809e-03,5.996955e-04,5.636041e-02,7.740050e-04
5.872753e-02,8.152028e-04,4.620697e-01,9.040181e-02,1.537352e-02,4.101248e-03,2.046412e-03,2.421339e-01,6.742483e-02,7.524682e-04,1.369296e-02,9.892856e-04,6.320699e-04,4.017109e-02,6.679893e-04
1.040338e-01,1.089796e-03,4.248745e-01,7.603348e-02,1.664142e-02,3.930091e-03,2.149569e-03,2.733761e-01,4.830633e-02,1.118959e-03,1.054763e-02,1.457346e-03,1.450330e-03,3.340596e-02,1.584769e-03
1.289375e-01,1.531524e-03,3.486398e-01,6.896722e-02,1.894897e-02,4.120633e-03,1.823546e-03,3.494857e-01,3.490245e-02,1.679946e-03,7.962395e-03,1.553047e-03,1.719396e-03,2.745982e-02,2.268073e-03
1.696699e-01,2.154379e-03,2.497502e-01,5.044280e-02,1.600458e-02,5.405469e-03,1.508967e-03,3.296691e-01,5.828008e-02,9.819196e-03,1.426645e-02,4.907269e-03,4.625795e-03,4.494222e-02,3.855372e-02
2.099777e-01,3.006975e-03,1.772351e-01,3.705998e-02,1.523179e-02,6.934604e-03,1.382126e-03,2.968647e-01,8.448274e-02,1.302265e-02,2.179062e-02,7.830707e-03,6.601079e-03,5.158839e-02,6.699096e-02
1.595043e-01,2.884865e-03,1.248858e-01,2.970731e-02,1.091341e-02,5.424099e-03,1.057635e-03,2.096431e-01,1.764670e-01,1.800528e-02,1.727177e-02,6.665997e-03,5.030899e-03,6.940609e-02,1.631325e-01
1.335924e-01,3.023800e-03,8.770505e-02,2.190419e-02,7.906845e-03,4.159629e-03,8.638382e-04,1.473373e-01,2.452100e-01,2.001107e-02,1.556855e-02,7.497169e-03,4.718261e-03,1.228346e-01,1.776673e-01
1.234006e-01,3.556342e-03,6.183327e-02,1.935637e-02,6.035404e-03,3.480942e-03,7.843513e-04,1.040565e-01,2.904684e-01,2.916190e-02,2.046399e-02,7.724627e-03,5.615687e-03,1.619148e-01,1.621467e-01
1.086974e-01,7.559727e-03,4.392634e-02,1.760436e-02,4.477269e-03,2.999011e-03,7.078046e-04,7.319364e-02,3.383593e-01,3.479814e-02,1.838233e-02,6.422230e-03,4.762824e-03,2.003343e-01,1.377753e-01
1.147730e-01,1.125712e-02,3.134400e-02,1.587958e-02,3.584341e-03,5.625559e-03,1.226094e-03,5.196004e-02,3.352332e-01,6.804292e-02,1.667663e-02,6.678653e-03,6.112808e-03,2.167381e-01,1.148679e-01
1.248348e-01,1.124651e-02,2.240119e-02,1.301723e-02,2.824484e-03,5.914191e-03,1.542802e-03,3.720392e-02,2.762872e-01,1.313120e-01,3.262634e-02,8.896504e-03,1.632778e-02,2.168698e-01,9.869515e-02
9.287462e-02,8.448754e-03,1.600182e-02,9.429537e-03,2.069792e-03,4.561260e-03,1.272927e-03,2.629820e-02,2.080743e-01,1.753273e-01,3.282898e-02,9.164526e-03,1.582132e-02,3.188555e-01,7.897110e-02
7.047712e-02,6.889558e-03,1.178962e-02,7.204208e-03,1.733755e-03,3.583544e-03,1.333635e-03,1.890976e-02,1.647513e-01,1.859230e-01,2.947870e-02,8.446487e-03,1.451641e-02,4.002234e-01,7.473952e-02
5.102766e-02,1.765731e-02,1.421492e-02,1.292457e-02,6.174901e-03,4.464127e-03,1.473162e-03,1.545975e-02,2.402475e-01,1.716797e-01,2.370944e-02,7.749681e-03,1.255141e-02,3.602787e-01,6.038722e-02
4.127419e-02,3.707724e-02,1.292464e-02,1.014643e-02,1.117453e-02,9.887951e-03,1.650144e-03,1.290198e-02,3.084007e-01,1.839739e-01,1.887046e-02,5.688098e-03,9.335033e-03,2.744616e-01,6.223307e-02
6.459985e-02,4.411045e-02,1.694025e-02,1.132056e-02,7.503961e-02,2.149912e-02,8.551612e-03,1.167726e-02,3.342927e-01,1.346732e-01,1.958886e-02,4.295809e-03,8.067314e-03,1.947719e-01,5.057144e-02
8.399305e-02,5.485285e-02,1.435254e-02,1.903912e-02,8.576212e-02,1.950694e-02,1.098418e-02,2.504193e-02,3.600504e-01,1.045946e-01,1.671627e-02,4.311749e-03,7.910132e-03,1.419988e-01,5.088532e-02
1.051635e-01,6.116812e-02,1.473413e-02,4.302040e-02,1.084089e-01,2.531818e-02,1.335931e-02,3.154050e-02,3.185433e-01,7.757952e-02,1.480606e-02,4.495915e-03,8.352505e-03,1.061863e-01,6.732343e-02
1.162558e-01,1.069867e-01,1.411690e-02,1.312472e-01,1.093790e-01,2.516350e-02,1.070732e-02,3.644273e-02,2.410259e-01,5.530304e-02,1.206140e-02,5.364288e-03,7.444299e-03,7.536607e-02,5.313568e-02
1.621386e-01,1.107896e-01,1.668517e-02,1.578084e-01,1.144512e-01,2.936188e-02,9.298307e-03,3.492360e-02,1.918636e-01,3.999894e-02,1.064506e-02,7.252304e-03,6.971920e-03,5.549807e-02,5.231328e-02
1.300521e-01,7.958408e-02,1.298326e-02,1.185724e-01,2.699956e-01,3.748903e-02,6.532135e-02,2.654851e-02,1.352523e-01,2.818104e-02,7.810528e-03,5.391268e-03,5.059115e-03,3.896580e-02,3.879353e-02
2.154910e-01,6.567711e-02,1.611097e-02,9.154573e-02,2.339702e-01,9.186894e-02,5.011086e-02,2.740970e-02,1.054689e-01,2.042483e-02,1.104982e-02,5.810426e-03,5.070151e-03,2.865698e-02,3.133439e-02
2.092758e-01,8.316046e-02,3.219582e-02,8.169215e-02,1.731132e-01,1.332691e-01,3.681745e-02,2.314333e-02,8.931965e-02,3.727980e-02,2.241909e-02,6.740221e-03,7.807245e-03,2.262203e-02,4.114458e-02
2.378922e-01,7.679453e-02,2.738480e-02,6.294289e-02,1.259775e-01,1.294245e-01,2.647181e-02,1.948597e-02,1.065759e-01,3.180245e-02,3.260594e-02,5.954959e-03,1.720290e-02,2.704857e-02,7.243495e-02
2.640781e-01,6.418218e-02,2.219293e-02,4.610528e-02,9.581368e-02,1.113366e-01,1.939505e-02,1.467133e-02,9.127142e-02,3.064266e-02,4.971109e-02,4.814850e-03,1.776454e-02,6.382235e-02,1.041980e-01
2.186490e-01,4.568228e-02,1.586520e-02,3.259374e-02,6.796570e-02,7.948860e-02,1.372004e-02,1.044620e-02,9.452184e-02,2.773786e-02,4.209570e-02,3.726069e-03,1.467182e-02,8.645394e-02,2.463820e-01
1.861844e-01,3.250735e-02,1.119165e-02,2.289048e-02,4.819994e-02,5.663912e-02,9.645275e-03,7.341172e-03,8.139965e-02,2.078545e-02,3.181344e-02,2.782641e-03,1.143158e-02,1.178491e-01,3.593387e-01
1.513253e-01,2.356141e-02,8.024807e-03,1.609926e-02,3.417631e-02,4.108686e-02,6.805163e-03,5.188802e-03,7.320178e-02,1.813840e-02,2.389168e-02,2.096388e-03,1.020593e-02,1.591201e-01,4.270778e-01
1.140012e-01,1.786742e-02,6.021592e-03,1.139131e-02,2.436993e-02,3.313007e-02,4.832818e-03,3.665275e-03,6.586464e-02,2.035449e-02,2.581499e-02,2.164470e-03,9.676988e-03,1.534921e-01,5.073527e-01
8.982742e-02,1.436790e-02,5.097926e-03,8.127620e-03,1.753133e-02,2.775075e-02,3.438040e-03,2.601930e-03,5.424299e-02,1.862516e-02,4.699466e-02,2.115098e-03,1.231721e-02,1.395196e-01,5.574423e-01
9.085673e-02,1.733911e-02,5.272137e-03,5.905014e-03,1.320143e-02,2.023947e-02,2.426950e-03,1.837313e-03,5.440503e-02,1.398556e-02,7.886817e-02,1.986227e-03,1.432392e-02,1.242134e-01,5.551395e-01
7.033841e-02,1.480631e-02,4.199728e-03,4.234732e-03,1.080717e-02,1.485290e-02,1.746407e-03,1.312464e-03,8.211611e-02,1.233022e-02,6.847841e-02,1.914710e-03,1.465399e-02,1.205429e-01,5.776656e-01
5.351345e-02,1.198804e-02,8.740636e-03,3.060255e-03,9.126901e-03,1.428314e-02,1.421814e-03,1.103152e-03,8.506368e-02,1.326941e-02,6.770467e-02,1.821067e-03,1.405058e-02,1.142342e-01,6.006191e-01
4.331283e-02,2.712872e-02,3.492244e-02,2.531228e-03,1.320075e-02,1.401756e-02,1.105386e-03,1.433725e-03,1.551179e-01,2.817001e-02,5.628338e-02,1.917907e-03,1.398287e-02,9.283476e-02,5.140406e-01
3.534469e-02,2.785583e-02,2.705794e-02,2.236492e-03,1.684271e-02,1.249593e-02,1.053741e-03,1.270583e-03,2.856339e-01,3.063532e-02,4.390106e-02,1.615367e-03,1.442960e-02,7.042617e-02,4.292006e-01
2.881982e-02,2.059663e-02,2.069911e-02,2.221679e-03,2.001737e-02,1.684049e-02,1.345658e-03,5.132424e-03,3.996459e-01,2.342645e-02,4.050638e-02,1.512784e-03,1.500266e-02,5.367107e-02,3.505616e-01
2.514374e-02,1.494945e-02,5.505195e-02,1.982573e-02,2.147643e-02,1.670713e-02,1.238189e-03,9.942461e-03,4.777576e-01,1.771780e-02,3.334134e-02,1.555102e-03,1.399114e-02,3.789292e-02,2.534091e-01
2.288375e-02,1.116168e-02,1.525371e-01,3.691582e-02,2.380977e-02,1.537927e-02,9.120459e-04,8.426686e-03,4.608322e-01,1.469311e-02,2.967617e-02,1.853984e-03,1.202989e-02,2.690529e-02,1.819832e-01
1.848405e-02,9.144483e-03,3.746977e-01,3.044705e-02,1.893784e-02,1.122455e-02,6.675875e-04,6.478673e-03,3.384397e-01,1.145313e-02,2.119067e-02,1.380300e-03,8.601428e-03,1.895528e-02,1.298976e-01
2.671294e-02,1.139565e-02,4.621499e-01,2.739896e-02,3.176765e-02,9.435426e-03,9.169008e-04,5.973897e-03,2.759021e-01,9.824899e-03,1.700176e-02,1.164742e-03,6.646329e-03,1.381698e-02,9.989195e-02
4.332170e-02,1.291144e-02,5.100906e-01,2.544564e-02,3.393780e-02,9.940987e-03,7.433162e-04,5.318199e-03,2.368961e-01,7.378409e-03,1.322670e-02,1.087123e-03,5.238400e-03,1.419853e-02,8.026497e-02
5.245825e-02,2.179885e-02,5.277240e-01,2.346352e-02,3.065934e-02,8.493958e-03,5.821969e-04,9.724567e-03,2.288076e-01,7.191487e-03,9.608255e-03,8.683666e-04,3.978064e-03,1.079519e-02,6.384625e-02
6.724451e-02,3.883074e-02,5.159260e-01,2.198318e-02,3.043469e-02,8.137359e-03,7.265946e-04,1.104472e-02,2.236876e-01,7.119035e-03,7.516893e-03,7.789081e-04,3.311997e-03,9.876763e-03,5.338093e-02
8.313079e-02,3.284136e-02,5.313294e-01,4.319024e-02,3.069048e-02,8.435915e-03,9.120075e-04,2.646039e-02,1.796110e-01,5.347184e-03,6.206423e-03,9.706989e-04,2.721518e-03,8.556525e-03,3.959602e-02
1.096353e-01,2.870257e-02,4.808685e-01,1.019345e-01,2.823387e-02,8.789284e-03,1.196902e-03,4.746059e-02,1.435808e-01,4.240631e-03,5.341608e-03,1.294723e-03,2.590024e-03,6.757095e-03,2.937362e-02
1.691684e-01,2.838145e-02,3.952651e-01,1.483597e-01,2.294562e-02,1.107539e-02,1.821166e-03,6.331726e-02,1.130728e-01,4.255535e-03,5.210986e-03,1.923345e-03,3.217372e-03,6.270796e-03,2.571516e-02
1.799874e-01,2.220021e-02,3.511134e-01,1.557063e-01,1.727670e-02,1.254962e-02,2.195630e-03,1.221943e-01,9.241451e-02,4.809336e-03,5.839760e-03,3.603080e-03,3.076434e-03,5.346026e-03,2.168717e-02
2.876416e-01,1.709039e-02,2.490728e-01,1.158688e-01,1.244724e-02,1.072633e-02,1.913403e-03,1.731963e-01,6.752226e-02,4.931099e-03,1.099918e-02,1.349561e-02,1.285709e-02,4.479346e-03,1.775844e-02
4.026980e-01,1.253242e-02,1.756301e-01,8.568458e-02,9.081447e-03,1.138953e-02,1.584134e-03,1.356770e-01,4.844779e-02,4.705651e-03,2.657187e-02,2.431637e-02,4.255825e-02,4.663202e-03,1.445958e-02
4.074425e-01,1.017802e-02,1.237069e-01,6.917863e-02,7.100470e-03,1.112029e-02,1.244713e-03,9.927634e-02,3.617638e-02,4.303794e-03,4.236200e-02,2.719399e-02,1.388458e-01,5.847405e-03,1.602277e-02
4.145186e-01,9.360500e-03,8.740077e-02,5.716411e-02,5.612177e-03,9.728717e-03,1.073529e-03,7.338410e-02,3.196251e-02,4.514830e-03,3.985618e-02,2.205096e-02,2.100054e-01,7.185535e-03,2.618205e-02
4.072293e-01,8.401625e-03,6.186807e-02,4.325438e-02,4.869126e-03,7.904321e-03,1.041875e-03,5.390223e-02,2.765315e-02,5.193964e-03,3.924821e-02,1.940858e-02,2.410375e-01,1.149761e-02,6.749004e-02
3.841426e-01,7.806057e-03,4.546946e-02,3.257075e-02,5.120111e-03,7.130286e-03,1.462288e-03,3.922584e-02,2.521256e-02,6.476442e-03,5.246922e-02,1.789704e-02,2.321631e-01,1.123475e-02,1.316195e-01
3.128709e-01,6.966960e-03,3.293487e-02,2.558969e-02,3.451229e-02,8.092473e-03,3.393866e-03,2.994715e-02,2.994007e-02,5.969611e-03,4.708580e-02,2.501803e-02,2.650305e-01,1.082681e-02,1.618209e-01
2.287870e-01,5.567002e-03,2.565840e-02,1.979593e-02,4.646686e-02,8.976921e-03,3.704790e-03,2.403848e-02,2.693395e-02,8.832637e-03,4.326170e-02,3.925258e-02,3.455116e-01,1.024367e-02,1.629685e-01
1.726760e-01,5.108918e-03,2.038404e-02,1.561191e-02,3.780431e-02,9.732128e-03,3.736876e-03,1.926048e-02,2.733726e-02,1.307471e-02,3.892973e-02,6.712782e-02,4.337385e-01,9.995546e-03,1.254818e-01
1.218731e-01,4.133235e-03,1.504944e-02,1.177358e-02,2.865284e-02,9.943077e-03,3.537797e-03,1.384480e-02,2.288204e-02,1.266634e-02,3.407731e-02,9.662108e-02,5.259247e-01,7.910249e-03,9.111032e-02
8.619232e-02,3.356009e-03,1.129355e-02,8.655669e-03,2.468564e-02,8.668760e-03,3.390729e-03,1.016573e-02,2.240604e-02,1.048634e-02,3.338551e-02,1.045762e-01,5.997650e-01,6.471782e-03,6.650067e-02
6.215810e-02,2.634251e-03,8.848032e-03,6.478734e-03,4.305094e-02,1.112331e-02,1.109782e-02,1.826625e-02,1.744670e-02,1.038899e-02,2.680853e-02,1.766014e-01,5.444368e-01,5.970927e-03,5.468921e-02
4.699204e-02,2.106127e-03,8.601219e-03,4.998633e-03,4.398770e-02,1.566025e-02,1.837991e-02,4.237542e-02,1.367205e-02,9.595330e-03,2.133038e-02,2.241564e-01,4.934464e-01,7.577419e-03,4.712075e-02
5.088784e-02,1.812273e-03,1.257340e-02,4.045474e-03,4.075111e-02,2.233052e-02,3.092743e-02,8.502631e-02,1.130091e-02,8.191522e-03,1.573852e-02,3.142505e-01,3.581050e-01,1.000750e-02,3.405173e-02
4.456040e-02,2.320768e-03,9.642917e-03,2.967671e-03,3.601866e-02,4.014274e-02,2.221281e-02,6.297044e-02,9.661774e-03,6.203544e-03,1.237151e-02,4.586377e-01,2.557112e-01,1.226734e-02,2.431052e-02
4.852925e-02,2.018732e-03,8.156225e-03,2.740110e-03,3.399669e-02,3.387807e-02,1.699899e-02,5.945875e-02,1.586167e-02,5.915939e-03,1.066574e-02,5.368745e-01,1.827925e-01,2.440234e-02,1.771038e-02
5.559891e-02,2.950057e-03,1.378454e-02,8.308435e-03,4.378488e-02,3.526917e-02,1.585542e-02,8.084348e-02,1.611180e-02,4.611117e-03,9.745707e-03,5.449202e-01,1.328171e-01,2.263814e-02,1.276101e-02
6.003562e-02,3.090692e-03,2.444108e-02,1.226689e-02,5.135155e-02,3.480626e-02,1.224245e-02,6.321689e-02,1.473343e-02,5.569883e-03,1.258806e-02,5.764403e-01,1.010090e-01,1.835565e-02,9.852140e-03
7.595192e-02,4.188042e-03,1.966028e-02,1.598746e-02,4.890629e-02,3.129856e-02,1.001565e-02,4.820678e-02,2.095936e-02,1.039559e-02,2.443487e-02,5.794100e-01,8.220559e-02,1.954211e-02,8.837468e-03
1.300857e-01,5.487104e-03,1.710873e-02,5.805193e-02,7.396434e-02,2.875981e-02,1.343628e-02,4.437480e-02,3.382739e-02,1.400721e-02,3.222169e-02,4.543713e-01,6.191809e-02,2.500228e-02,7.383230e-03
2.039909e-01,8.812262e-03,1.547830e-02,7.256323e-02,7.225904e-02,3.305802e-02,1.198173e-02,3.455262e-02,3.080677e-02,1.876578e-02,4.145834e-02,3.770046e-01,4.852069e-02,2.081345e-02,9.934217e-03
1.785329e-01,8.529419e-03,1.355569e-02,5.278410e-02,5.477915e-02,2.423868e-01,9.488221e-03,2.818000e-02,2.238708e-02,2.602544e-02,3.165765e-02,2.652662e-01,3.689652e-02,1.748602e-02,1.204475e-02
1.482531e-01,8.385207e-03,1.058747e-02,3.841505e-02,3.933282e-02,4.150466e-01,6.808617e-03,2.062082e-02,1.709882e-02,3.025977e-02,2.352385e-02,1.868792e-01,2.756192e-02,1.603021e-02,1.119644e-02
1.316442e-01,6.469594e-03,8.196584e-03,2.944782e-02,2.803785e-02,4.487740e-01,5.072620e-03,1.585021e-02,3.033015e-02,3.016909e-02,3.880279e-02,1.321497e-01,2.027041e-02,1.566248e-02,5.912255e-02
9.329338e-02,5.045525e-03,5.834771e-03,2.189882e-02,1.998351e-02,4.753083e-01,3.624264e-03,1.164530e-02,2.604976e-02,2.546869e-02,7.024729e-02,9.314790e-02,1.471971e-02,2.446096e-02,1.092718e-01
6.560103e-02,4.046537e-03,4.198479e-03,1.621559e-02,1.452957e-02,4.859919e-01,2.725997e-03,8.856691e-03,3.997013e-02,2.635240e-02,1.228110e-01,6.740268e-02,1.145792e-02,4.249661e-02,8.734350e-02
4.626872e-02,3.165061e-03,3.011851e-03,1.188198e-02,1.086005e-02,3.633546e-01,1.951840e-03,7.239616e-03,3.970354e-02,2.702956e-02,2.302501e-01,5.664558e-02,1.085061e-02,1.224114e-01,6.537554e-02
3.309474e-02,2.585171e-03,2.178057e-03,9.066132e-03,8.962718e-03,2.689581e-01,1.450404e-03,7.172522e-03,4.158268e-02,2.789960e-02,3.189913e-01,4.542036e-02,9.468829e-03,1.667218e-01,5.644757e-02
2.380366e-02,1.974159e-03,1.599072e-03,6.602154e-03,7.836142e-03,1.937425e-01,1.090917e-03,7.541125e-03,4.532904e-02,2.750471e-02,4.225308e-01,3.712529e-02,7.693483e-03,1.667855e-01,4.884144e-02
1.683109e-02,1.457051e-03,1.150091e-03,4.671022e-03,6.653627e-03,1.392093e-01,7.783878e-04,6.729148e-03,4.557464e-02,2.598367e-02,4.792048e-01,2.773215e-02,5.625751e-03,2.033320e-01,3.506736e-02
1.194330e-02,1.135595e-03,8.435452e-04,3.293555e-03,5.593546e-03,9.946187e-02,5.604990e-04,5.059231e-03,4.362563e-02,1.982068e-02,4.754791e-01,2.069383e-02,4.016842e-03,2.838079e-01,2.466496e-02
8.602451e-03,1.061778e-03,7.189478e-04,2.384530e-03,4.798035e-03,7.215608e-02,4.822555e-04,3.904793e-03,3.922893e-02,1.489125e-02,4.801661e-01,1.507791e-02,2.869972e-03,3.362713e-01,1.738562e-02
6.255168e-03,9.992288e-04,6.322372e-04,1.751797e-03,4.222950e-03,5.211576e-02,3.882908e-04,2.901299e-03,4.383967e-02,1.232454e-02,4.779210e-01,1.124670e-02,2.157102e-03,3.708293e-01,1.241493e-02
4.834633e-03,1.093018e-03,9.147679e-04,1.528973e-03,4.082181e-03,3.735179e-02,5.415224e-04,2.230606e-03,3.271492e-02,1.532949e-02,4.895284e-01,8.850116e-03,3.789444e-03,3.872595e-01,9.950534e-03
3.458173e-03,1.035671e-03,1.377329e-03,1.361784e-03,3.550650e-03,2.685193e-02,3.932743e-04,1.715482e-03,2.598175e-02,1.147556e-02,4.122401e-01,6.582954e-03,2.848895e-03,4.940545e-01,7.071962e-03
2.505070e-03,1.054619e-03,1.620600e-03,1.373179e-03,3.016399e-03,1.909173e-02,2.882634e-04,1.310051e-03,3.171489e-02,8.596622e-03,3.592730e-01,5.122921e-03,2.162455e-03,5.578554e-01,5.014796e-03
2.122146e-03,1.398638e-03,1.657701e-03,2.398254e-03,4.209668e-03,1.619975e-02,2.543017e-04,1.294546e-03,3.056355e-02,6.986555e-03,3.289037e-01,4.193257e-03,1.893587e-03,5.941386e-01,3.785798e-03
1.656273e-03,1.548588e-03,1.458710e-03,5.460162e-03,4.984207e-03,1.324738e-02,2.830579e-04,1.334109e-03,2.879723e-02,6.979465e-03,2.891195e-01,3.603178e-03,1.985177e-03,6.364856e-01,3.057322e-03
1.529564e-03,2.033268e-03,1.247800e-03,5.331601e-03,1.160627e-02,1.098477e-02,4.324547e-04,1.560888e-03,2.193443e-02,7.388941e-03,2.615639e-01,3.881074e-03,2.819775e-03,6.652740e-01,2.411335e-03
1.829703e-03,3.878555e-03,1.629663e-03,1.002464e-02,1.294759e-02,9.915732e-03,3.840618e-04,1.741191e-03,2.832173e-02,1.439421e-02,2.473876e-01,6.030125e-03,3.839321e-03,6.544104e-01,3.265559e-03
2.785106e-03,6.050992e-03,2.704908e-03,1.161085e-02,1.406429e-02,8.759568e-03,3.778800e-04,2.396519e-03,2.577037e-02,1.533230e-02,2.569010e-01,8.209970e-03,3.930016e-03,6.374627e-01,3.643614e-03
1.522580e-02,9.385834e-03,1.672261e-02,1.616665e-02,1.977153e-02,1.070138e-02,5.365280e-04,1.260169e-02,2.393736e-02,2.902601e-02,2.784266e-01,8.206171e-03,6.048737e-03,5.491993e-01,4.043875e-03
2.836309e-02,1.077863e-02,4.866098e-02,2.092431e-02,2.622441e-02,1.652163e-02,8.174481e-04,4.108500e-02,3.475340e-02,3.122375e-02,2.789509e-01,7.591101e-03,7.176979e-03,4.416479e-01,5.280532e-03
