1.000000e+00,0.000000e+00,0.000000e+00,0.000000e+00,0.000000e+00,0.000000e+00,0.000000e+00,0.000000e+00,0.000000e+00,0.000000e+00,0.000000e+00,0.000000e+00,0.000000e+00,0.000000e+00,0.000000e+00
1.000000e+00,0.000000e+00,0.000000e+00,0.000000e+00,0.000000e+00,0.000000e+00,0.000000e+00,0.000000e+00,0.000000e+00,0.000000e+00,0.000000e+00,0.000000e+00,0.000000e+00,0.000000e+00,0.000000e+00
1.000000e+00,0.000000e+00,0.000000e+00,0.000000e+00,0.000000e+00,0.000000e+00,0.000000e+00,0.000000e+00,0.000000e+00,0.000000e+00,0.000000e+00,0.000000e+00,0.000000e+00,0.000000e+00,0.000000e+00
1.000000e+00,0.000000e+00,0.000000e+00,0.000000e+00,0.000000e+00,0.000000e+00,0.000000e+00,0.000000e+00,0.000000e+00,0.000000e+00,0.000000e+00,0.000000e+00,0.000000e+00,0.000000e+00,0.000000e+00
1.000000e+00,0.000000e+00,0.000000e+00,0.000000e+00,0.000000e+00,0.000000e+00,0.000000e+00,0.000000e+00,0.000000e+00,0.000000e+00,0.000000e+00,0.000000e+00,0.000000e+00,0.000000e+00,0.000000e+00
1.000000e+00,0.000000e+00,0.000000e+00,0.000000e+00,0.000000e+00,0.000000e+00,0.000000e+00,0.000000e+00,0.000000e+00,0.000000e+00,0.000000e+00,0.000000e+00,0.000000e+00,0.000000e+00,0.000000e+00
1.000000e+00,0.000000e+00,0.000000e+00,0.000000e+00,0.000000e+00,0.000000e+00,0.000000e+00,0.000000e+00,0.000000e+00,0.000000e+00,0.000000e+00,0.000000e+00,0.000000e+00,0.000000e+00,0.000000e+00
1.000000e+00,0.000000e+00,0.000000e+00,0.000000e+00,0.000000e+00,0.000000e+00,0.000000e+00,0.000000e+00,0.000000e+00,0.000000e+00,0.000000e+00,0.000000e+00,0.000000e+00,0.000000e+00,0.000000e+00
1.000000e+00,0.000000e+00,0.000000e+00,0.000000e+00,0.000000e+00,0.000000e+00,0.000000e+00,0.000000e+00,0.000000e+00,0.000000e+00,0.000000e+00,0.000000e+00,0.000000e+00,0.000000e+00,0.000000e+00
1.000000e+00,0.000000e+00,0.000000e+00,0.000000e+00,0.000000e+00,0.000000e+00,0.000000e+00,0.000000e+00,0.000000e+00,0.000000e+00,0.000000e+00,0.000000e+00,0.000000e+00,0.000000e+00,0.000000e+00
1.000000e+00,0.000000e+00,0.000000e+00,0.000000e+00,0.000000e+00,0.000000e+00,0.000000e+00,0.000000e+00,0.000000e+00,0.000000e+00,0.000000e+00,0.000000e+00,0.000000e+00,0.000000e+00,0.000000e+00
1.000000e+00,0.000000e+00,0.000000e+00,0.000000e+00,0.000000e+00,0.000000e+00,0.000000e+00,0.000000e+00,0.000000e+00,0.000000e+00,0.000000e+00,0.000000e+00,0.000000e+00,0.000000e+00,0.000000e+00
1.000000e+00,0.000000e+00,0.000000e+00,0.000000e+00,0.000000e+00,0.000000e+00,0.000000e+00,0.000000e+00,0.000000e+00,0.000000e+00,0.000000e+00,0.000000e+00,0.000000e+00,0.000000e+00,0.000000e+00
1.000000e+00,0.000000e+00,0.000000e+00,0.000000e+00,0.000000e+00,0.000000e+00,0.000000e+00,0.000000e+00,0.000000e+00,0.000000e+00,0.000000e+00,0.000000e+00,0.000000e+00,0.000000e+00,0.000000e+00
1.000000e+00,0.000000e+00,0.000000e+00,0.000000e+00,0.000000e+00,0.000000e+00,0.000000e+00,0.000000e+00,0.000000e+00,0.000000e+00,0.000000e+00,0.000000e+00,0.000000e+00,0.000000e+00,0.000000e+00
1.000000e+00,0.000000e+00,0.000000e+00,0.000000e+00,0.000000e+00,0.000000e+00,0.000000e+00,0.000000e+00,0.000000e+00,0.000000e+00,0.000000e+00,0.000000e+00,0.000000e+00,0.000000e+00,0.000000e+00
1.000000e+00,0.000000e+00,0.000000e+00,0.000000e+00,0.000000e+00,0.000000e+00,0.000000e+00,0.000000e+00,0.000000e+00,0.000000e+00,0.000000e+00,0.000000e+00,0.000000e+00,0.000000e+00,0.000000e+00
1.000000e+00,0.000000e+00,0.000000e+00,0.000000e+00,0.000000e+00,0.000000e+00,0.000000e+00,0.000000e+00,0.000000e+00,0.000000e+00,0.000000e+00,0.000000e+00,0.000000e+00,0.000000e+00,0.000000e+00
1.000000e+00,0.000000e+00,0.000000e+00,0.000000e+00,0.000000e+00,0.000000e+00,0.000000e+00,0.000000e+00,0.000000e+00,0.000000e+00,0.000000e+00,0.000000e+00,0.000000e+00,0.000000e+00,0.000000e+00
1.000000e+00,0.000000e+00,0.000000e+00,0.000000e+00,0.000000e+00,0.000000e+00,0.000000e+00,0.000000e+00,0.000000e+00,0.000000e+00,0.000000e+00,0.000000e+00,0.000000e+00,0.000000e+00,0.000000e+00
1.000000e+00,0.000000e+00,0.000000e+00,0.000000e+00,0.000000e+00,0.000000e+00,0.000000e+00,0.000000e+00,0.000000e+00,0.000000e+00,0.000000e+00,0.000000e+00,0.000000e+00,0.000000e+00,0.000000e+00
1.000000e+00,0.000000e+00,0.000000e+00,0.000000e+00,0.000000e+00,0.000000e+00,0.000000e+00,0.000000e+00,0.000000e+00,0.000000e+00,0.000000e+00,0.000000e+00,0.000000e+00,0.000000e+00,0.000000e+00
1.000000e+00,0.000000e+00,0.000000e+00,0.000000e+00,0.000000e+00,0.000000e+00,0.000000e+00,0.000000e+00,0.000000e+00,0.000000e+00,0.000000e+00,0.000000e+00,0.000000e+00,0.000000e+00,0.000000e+00
1.000000e+00,0.000000e+00,0.000000e+00,0.000000e+00,0.000000e+00,0.000000e+00,0.000000e+00,0.000000e+00,0.000000e+00,0.000000e+00,0.000000e+00,0.000000e+00,0.000000e+00,0.000000e+00,0.000000e+00
1.000000e+00,0.000000e+00,0.000000e+00,0.000000e+00,0.000000e+00,0.000000e+00,0.000000e+00,0.000000e+00,0.000000e+00,0.000000e+00,0.000000e+00,0.000000e+00,0.000000e+00,0.000000e+00,0.000000e+00
1.000000e+00,0.000000e+00,0.000000e+00,0.000000e+00,0.000000e+00,0.000000e+00,0.000000e+00,0.000000e+00,0.000000e+00,0.000000e+00,0.000000e+00,0.000000e+00,0.000000e+00,0.000000e+00,0.000000e+00
1.000000e+00,0.000000e+00,0.000000e+00,0.000000e+00,0.000000e+00,0.000000e+00,0.000000e+00,0.000000e+00,0.000000e+00,0.000000e+00,0.000000e+00,0.000000e+00,0.000000e+00,0.000000e+00,0.000000e+00
1.000000e+00,0.000000e+00,0.000000e+00,0.000000e+00,0.000000e+00,0.000000e+00,0.000000e+00,0.000000e+00,0.000000e+00,0.000000e+00,0.000000e+00,0.000000e+00,0.000000e+00,0.000000e+00,0.000000e+00
1.000000e+00,0.000000e+00,0.000000e+00,0.000000e+00,0.000000e+00,0.000000e+00,0.000000e+00,0.000000e+00,0.000000e+00,0.000000e+00,0.000000e+00,0.000000e+00,0.000000e+00,0.000000e+00,0.000000e+00
1.000000e+00,0.000000e+00,0.000000e+00,0.000000e+00,0.000000e+00,0.000000e+00,0.000000e+00,0.000000e+00,0.000000e+00,0.000000e+00,0.000000e+00,0.000000e+00,0.000000e+00,0.000000e+00,0.000000e+00
1.000000e+00,0.000000e+00,0.000000e+00,0.000000e+00,0.000000e+00,0.000000e+00,0.000000e+00,0.000000e+00,0.000000e+00,0.000000e+00,0.000000e+00,0.000000e+00,0.000000e+00,0.000000e+00,0.000000e+00
1.000000e+00,0.000000e+00,0.000000e+00,0.000000e+00,0.000000e+00,0.000000e+00,0.000000e+00,0.000000e+00,0.000000e+00,0.000000e+00,0.000000e+00,0.000000e+00,0.000000e+00,0.000000e+00,0.000000e+00
1.000000e+00,0.000000e+00,0.000000e+00,0.000000e+00,0.000000e+00,0.000000e+00,0.000000e+00,0.000000e+00,0.000000e+00,0.000000e+00,0.000000e+00,0.000000e+00,0.000000e+00,0.000000e+00,0.000000e+00
1.000000e+00,0.000000e+00,0.000000e+00,0.000000e+00,0.000000e+00,0.000000e+00,0.000000e+00,0.000000e+00,0.000000e+00,0.000000e+00,0.000000e+00,0.000000e+00,0.000000e+00,0.000000e+00,0.000000e+00
1.000000e+00,0.000000e+00,0.000000e+00,0.000000e+00,0.000000e+00,0.000000e+00,0.000000e+00,0.000000e+00,0.000000e+00,0.000000e+00,0.000000e+00,0.000000e+00,0.000000e+00,0.000000e+00,0.000000e+00
1.000000e+00,0.000000e+00,0.000000e+00,0.000000e+00,0.000000e+00,0.000000e+00,0.000000e+00,0.000000e+00,0.000000e+00,0.000000e+00,0.000000e+00,0.000000e+00,0.000000e+00,0.000000e+00,0.000000e+00
1.000000e+00,0.000000e+00,0.000000e+00,0.000000e+00,0.000000e+00,0.000000e+00,0.000000e+00,0.000000e+00,0.000000e+00,0.000000e+00,0.000000e+00,0.000000e+00,0.000000e+00,0.000000e+00,0.000000e+00
1.000000e+00,0.000000e+00,0.000000e+00,0.000000e+00,0.000000e+00,0.000000e+00,0.000000e+00,0.000000e+00,0.000000e+00,0.000000e+00,0.000000e+00,0.000000e+00,0.000000e+00,0.000000e+00,0.000000e+00
1.000000e+00,0.000000e+00,0.000000e+00,0.000000e+00,0.000000e+00,0.000000e+00,0.000000e+00,0.000000e+00,0.000000e+00,0.000000e+00,0.000000e+00,0.000000e+00,0.000000e+00,0.000000e+00,0.000000e+00
1.000000e+00,0.000000e+00,0.000000e+00,0.000000e+00,0.000000e+00,0.000000e+00,0.000000e+00,0.000000e+00,0.000000e+00,0.000000e+00,0.000000e+00,0.000000e+00,0.000000e+00,0.000000e+00,0.000000e+00
1.000000e+00,0.000000e+00,0.000000e+00,0.000000e+00,0.000000e+00,0.000000e+00,0.000000e+00,0.000000e+00,0.000000e+00,0.000000e+00,0.000000e+00,0.000000e+00,0.000000e+00,0.000000e+00,0.000000e+00
1.000000e+00,0.000000e+00,0.000000e+00,0.000000e+00,0.000000e+00,0.000000e+00,0.000000e+00,0.000000e+00,0.000000e+00,0.000000e+00,0.000000e+00,0.000000e+00,0.000000e+00,0.000000e+00,0.000000e+00
1.000000e+00,0.000000e+00,0.000000e+00,0.000000e+00,0.000000e+00,0.000000e+00,0.000000e+00,0.000000e+00,0.000000e+00,0.000000e+00,0.000000e+00,0.000000e+00,0.000000e+00,0.000000e+00,0.000000e+00
1.000000e+00,0.000000e+00,0.000000e+00,0.000000e+00,0.000000e+00,0.000000e+00,0.000000e+00,0.000000e+00,0.000000e+00,0.000000e+00,0.000000e+00,0.000000e+00,0.000000e+00,0.000000e+00,0.000000e+00
1.000000e+00,0.000000e+00,0.000000e+00,0.000000e+00,0.000000e+00,0.000000e+00,0.000000e+00,0.000000e+00,0.000000e+00,0.000000e+00,0.000000e+00,0.000000e+00,0.000000e+00,0.000000e+00,0.000000e+00
1.000000e+00,0.000000e+00,0.000000e+00,0.000000e+00,0.000000e+00,0.000000e+00,0.000000e+00,0.000000e+00,0.000000e+00,0.000000e+00,0.000000e+00,0.000000e+00,0.000000e+00,0.000000e+00,0.000000e+00
1.000000e+00,0.000000e+00,0.000000e+00,0.000000e+00,0.000000e+00,0.000000e+00,0.000000e+00,0.000000e+00,0.000000e+00,0.000000e+00,0.000000e+00,0.000000e+00,0.000000e+00,0.000000e+00,0.000000e+00
1.000000e+00,0.000000e+00,0.000000e+00,0.000000e+00,0.000000e+00,0.000000e+00,0.000000e+00,0.000000e+00,0.000000e+00,0.000000e+00,0.000000e+00,0.000000e+00,0.000000e+00,0.000000e+00,0.000000e+00
1.000000e+00,0.000000e+00,0.000000e+00,0.000000e+00,0.000000e+00,0.000000e+00,0.000000e+00,0.000000e+00,0.000000e+00,0.000000e+00,0.000000e+00,0.000000e+00,0.000000e+00,0.000000e+00,0.000000e+00
1.000000e+00,0.000000e+00,0.000000e+00,0.000000e+00,0.000000e+00,0.000000e+00,0.000000e+00,0.000000e+00,0.000000e+00,0.000000e+00,0.000000e+00,0.000000e+00,0.000000e+00,0.000000e+00,0.000000e+00
1.000000e+00,0.000000e+00,0.000000e+00,0.000000e+00,0.000000e+00,0.000000e+00,0.000000e+00,0.000000e+00,0.000000e+00,0.000000e+00,0.000000e+00,0.000000e+00,0.000000e+00,0.000000e+00,0.000000e+00
1.000000e+00,0.000000e+00,0.000000e+00,0.000000e+00,0.000000e+00,0.000000e+00,0.000000e+00,0.000000e+00,0.000000e+00,0.000000e+00,0.000000e+00,0.000000e+00,0.000000e+00,0.000000e+00,0.000000e+00
1.000000e+00,0.000000e+00,0.000000e+00,0.000000e+00,0.000000e+00,0.000000e+00,0.000000e+00,0.000000e+00,0.000000e+00,0.000000e+00,0.000000e+00,0.000000e+00,0.000000e+00,0.000000e+00,0.000000e+00
1.000000e+00,0.000000e+00,0.000000e+00,0.000000e+00,0.000000e+00,0.000000e+00,0.000000e+00,0.000000e+00,0.000000e+00,0.000000e+00,0.000000e+00,0.000000e+00,0.000000e+00,0.000000e+00,0.000000e+00
1.000000e+00,0.000000e+00,0.000000e+00,0.000000e+00,0.000000e+00,0.000000e+00,0.000000e+00,0.000000e+00,0.000000e+00,0.000000e+00,0.000000e+00,0.000000e+00,0.000000e+00,0.000000e+00,0.000000e+00
1.000000e+00,0.000000e+00,0.000000e+00,0.000000e+00,0.000000e+00,0.000000e+00,0.000000e+00,0.000000e+00,0.000000e+00,0.000000e+00,0.000000e+00,0.000000e+00,0.000000e+00,0.000000e+00,0.000000e+00
1.000000e+00,0.000000e+00,0.000000e+00,0.000000e+00,0.000000e+00,0.000000e+00,0.000000e+00,0.000000e+00,0.000000e+00,0.000000e+00,0.000000e+00,0.000000e+00,0.000000e+00,0.000000e+00,0.000000e+00
1.000000e+00,0.000000e+00,0.000000e+00,0.000000e+00,0.000000e+00,0.000000e+00,0.000000e+00,0.000000e+00,0.000000e+00,0.000000e+00,0.000000e+00,0.000000e+00,0.000000e+00,0.000000e+00,0.000000e+00
1.000000e+00,0.000000e+00,0.000000e+00,0.000000e+00,0.000000e+00,0.000000e+00,0.000000e+00,0.000000e+00,0.000000e+00,0.000000e+00,0.000000e+00,0.000000e+00,0.000000e+00,0.000000e+00,0.000000e+00
1.000000e+00,0.000000e+00,0.000000e+00,0.000000e+00,0.000000e+00,0.000000e+00,0.000000e+00,0.000000e+00,0.000000e+00,0.000000e+00,0.000000e+00,0.000000e+00,0.000000e+00,0.000000e+00,0.000000e+00
1.000000e+00,0.000000e+00,0.000000e+00,0.000000e+00,0.000000e+00,0.000000e+00,0.000000e+00,0.000000e+00,0.000000e+00,0.000000e+00,0.000000e+00,0.000000e+00,0.000000e+00,0.000000e+00,0.000000e+00
1.000000e+00,0.000000e+00,0.000000e+00,0.000000e+00,0.000000e+00,0.000000e+00,0.000000e+00,0.000000e+00,0.000000e+00,0.000000e+00,0.000000e+00,0.000000e+00,0.000000e+00,0.000000e+00,0.000000e+00
3.929049e-01,3.618575e-02,1.753154e-02,6.405740e-02,1.105566e-02,6.265994e-02,2.590756e-03,7.151437e-03,4.359240e-03,1.483143e-03,3.423429e-01,3.178113e-02,9.177360e-03,3.759520e-03,1.295940e-02
2.893784e-01,2.699981e-02,1.315719e-02,4.600273e-02,8.425986e-03,4.705922e-02,2.058623e-03,5.792023e-03,4.187336e-03,2.397827e-03,4.509232e-01,7.924369e-02,6.655783e-03,4.631290e-03,1.308688e-02
2.097798e-01,2.027142e-02,1.042034e-02,3.611450e-02,7.364988e-03,3.940898e-02,1.726658e-03,5.071450e-03,6.989395e-03,3.086677e-03,4.516399e-01,1.751160e-01,4.829823e-03,7.271273e-03,2.090880e-02
1.602930e-01,1.482679e-02,7.745249e-03,2.714166e-02,5.606852e-03,2.993125e-02,1.265912e-03,3.862939e-03,1.003447e-02,1.345230e-02,5.158554e-01,1.760061e-01,3.609355e-03,9.371232e-03,2.099742e-02
1.173958e-01,1.220381e-02,6.545337e-03,2.416755e-02,9.460319e-03,2.257942e-02,1.234546e-03,4.227636e-03,2.932040e-02,2.474255e-02,4.103287e-01,3.030424e-01,2.859607e-03,9.533113e-03,2.235886e-02
9.451646e-02,1.140422e-02,9.036830e-03,2.136349e-02,1.816601e-02,1.890787e-02,2.292521e-03,1.901190e-02,3.430685e-02,2.647275e-02,3.083511e-01,4.047359e-01,2.349286e-03,8.912991e-03,2.017174e-02
6.859569e-02,1.047421e-02,8.010630e-03,1.583271e-02,1.934162e-02,1.505338e-02,2.690766e-03,1.506855e-02,3.720935e-02,7.259016e-02,2.470286e-01,4.570869e-01,2.121256e-03,9.753191e-03,1.914300e-02
7.775500e-02,1.218461e-02,7.312653e-03,1.663724e-02,2.112122e-02,2.094863e-02,5.068754e-03,1.400814e-02,4.568977e-02,1.056327e-01,2.488953e-01,3.868569e-01,3.104881e-03,1.052369e-02,2.426059e-02
7.236080e-02,1.759199e-02,6.214557e-03,1.319043e-02,1.816906e-02,3.094534e-02,5.365768e-03,1.106952e-02,4.291646e-02,1.359872e-01,2.947510e-01,3.106595e-01,3.891819e-03,1.065322e-02,2.623327e-02
5.744828e-02,1.813825e-02,4.758859e-03,1.089444e-02,1.344390e-02,3.193049e-02,4.294143e-03,8.326625e-03,3.718247e-02,1.255239e-01,4.043261e-01,2.437681e-01,4.467988e-03,9.449990e-03,2.604633e-02
6.841098e-02,1.716786e-02,3.885582e-03,1.587140e-02,1.780043e-02,3.544548e-02,4.177840e-03,9.894481e-03,5.014966e-02,1.056810e-01,4.367950e-01,1.925534e-01,6.219758e-03,9.934686e-03,2.601238e-02
8.722755e-02,3.611531e-02,5.675014e-03,2.587876e-02,1.931566e-02,3.712669e-02,3.684618e-03,1.626664e-02,6.255301e-02,9.590112e-02,3.863724e-01,1.594268e-01,7.356539e-03,1.151096e-02,4.558877e-02
1.244312e-01,4.580640e-02,8.070575e-03,3.633256e-02,2.057360e-02,3.118187e-02,3.582597e-03,3.549813e-02,8.896296e-02,7.623058e-02,3.174249e-01,1.390971e-01,8.631386e-03,1.138133e-02,5.279478e-02
1.623825e-01,7.278234e-02,7.409218e-03,3.492068e-02,2.040577e-02,2.616374e-02,3.696465e-03,2.739482e-02,1.405037e-01,6.123525e-02,2.553591e-01,1.060206e-01,8.108884e-03,1.827412e-02,5.534270e-02
1.857862e-01,6.922237e-02,9.437785e-03,3.501589e-02,2.443244e-02,2.389955e-02,5.918719e-03,7.003451e-02,1.572715e-01,5.016689e-02,2.000288e-01,8.397584e-02,9.855831e-03,2.349100e-02,5.146274e-02
2.542223e-01,6.106773e-02,9.289059e-03,5.360027e-02,2.319949e-02,2.616889e-02,5.763362e-03,5.660160e-02,1.455189e-01,4.089666e-02,1.638856e-01,7.182948e-02,1.091200e-02,2.143711e-02,5.560748e-02
1.945271e-01,4.993388e-02,1.180600e-02,6.683458e-02,2.580737e-02,1.994493e-02,4.336152e-03,1.779679e-01,1.381426e-01,4.738741e-02,1.332730e-01,5.491038e-02,1.086628e-02,2.071096e-02,4.355145e-02
1.408323e-01,3.669025e-02,2.912831e-02,5.613474e-02,2.648745e-02,1.424954e-02,3.393216e-03,3.583391e-01,1.020586e-01,3.596965e-02,9.950121e-02,3.983086e-02,1.053778e-02,1.606263e-02,3.078426e-02
1.025164e-01,2.642716e-02,3.187301e-02,4.597696e-02,2.647305e-02,1.021304e-02,2.537834e-03,5.097577e-01,7.654699e-02,2.579002e-02,7.227801e-02,2.829934e-02,7.855310e-03,1.181584e-02,2.163932e-02
8.460919e-02,2.265827e-02,3.921359e-02,4.415256e-02,4.452585e-02,8.448008e-03,1.909598e-03,5.609824e-01,6.400492e-02,1.923277e-02,5.862521e-02,2.076646e-02,5.802998e-03,9.478525e-03,1.558963e-02
6.035306e-02,1.641528e-02,2.923547e-02,3.181850e-02,3.350324e-02,6.003102e-03,1.355037e-03,6.844260e-01,4.561247e-02,1.375450e-02,4.112196e-02,1.460513e-02,4.081960e-03,6.778649e-03,1.093563e-02
4.545052e-02,1.237259e-02,2.167433e-02,2.489262e-02,3.125393e-02,4.458950e-03,9.734771e-04,7.597247e-01,3.287551e-02,1.057081e-02,2.933961e-02,1.032782e-02,2.913959e-03,5.442181e-03,7.729011e-03
3.355059e-02,8.821781e-03,1.607029e-02,1.843639e-02,2.859049e-02,3.220804e-03,7.051375e-04,8.202261e-01,2.352471e-02,7.522746e-03,2.059182e-02,7.272411e-03,2.069373e-03,3.970637e-03,5.426782e-03
2.572833e-02,6.289903e-03,1.156787e-02,1.328275e-02,2.508848e-02,2.343087e-03,5.035080e-04,8.650566e-01,1.696333e-02,5.358818e-03,1.451183e-02,5.142183e-03,1.469536e-03,2.882642e-03,3.811197e-03
2.052081e-02,4.509284e-03,8.410792e-03,9.683913e-03,2.142436e-02,1.761414e-03,3.933596e-04,8.972399e-01,1.254981e-02,3.821302e-03,1.019888e-02,3.633329e-03,1.056344e-03,2.119005e-03,2.677485e-03
1.692098e-02,3.207715e-03,6.178617e-03,7.115234e-03,1.686797e-02,1.616542e-03,3.012133e-04,9.220723e-01,9.043579e-03,2.685369e-03,7.175354e-03,2.600451e-03,7.837862e-04,1.549783e-03,1.881120e-03
1.478246e-02,2.283458e-03,4.428889e-03,5.261016e-03,1.313914e-02,1.516820e-03,2.487001e-04,9.398787e-01,6.585820e-03,1.890064e-03,5.060565e-03,1.866359e-03,5.787357e-04,1.155437e-03,1.323823e-03
1.904269e-02,1.652261e-03,3.181766e-03,3.821145e-03,9.310388e-03,2.245339e-03,1.923987e-04,9.461427e-01,4.948093e-03,1.331837e-03,3.765816e-03,1.891158e-03,5.929337e-04,8.702702e-04,1.011219e-03
4.404150e-02,1.274829e-03,2.316131e-03,3.158225e-03,6.684790e-03,2.431789e-03,1.973044e-04,9.085374e-01,4.067629e-03,1.029416e-03,7.439468e-03,1.230930e-02,4.756026e-03,8.330222e-04,9.231804e-04
5.731915e-02,1.135871e-03,1.738513e-03,3.966482e-03,4.821294e-03,1.019284e-02,2.045998e-04,7.446834e-01,3.969136e-03,1.299799e-03,1.977715e-02,8.656354e-02,6.093808e-02,1.968126e-03,1.422010e-03
5.238752e-02,1.072873e-03,1.374961e-03,3.998816e-03,3.686490e-03,1.526334e-02,8.857226e-04,5.468352e-01,4.016633e-03,9.028355e-03,3.110813e-02,1.839087e-01,1.394648e-01,5.048682e-03,1.919733e-03
6.506441e-02,9.424316e-04,1.102727e-03,3.531575e-03,2.961560e-03,1.437323e-02,1.419341e-03,3.944860e-01,4.688187e-03,7.797854e-03,3.183228e-02,2.996156e-01,1.609931e-01,9.269709e-03,1.922000e-03
4.723101e-02,1.051186e-03,1.317763e-03,3.946109e-03,2.402283e-03,1.745557e-02,1.549216e-03,2.795742e-01,7.833946e-03,6.308801e-03,2.682032e-02,4.639530e-01,1.305743e-01,7.594263e-03,2.387968e-03
3.487376e-02,8.808956e-04,1.014057e-03,3.114214e-03,2.280518e-03,1.319741e-02,2.055799e-03,1.968863e-01,8.262652e-03,5.552667e-03,2.149982e-02,6.022491e-01,1.003140e-01,5.931251e-03,1.887695e-03
2.497844e-02,7.208554e-04,7.394163e-04,2.230936e-03,2.290314e-03,9.625717e-03,2.036049e-03,1.384412e-01,6.502920e-03,4.572315e-03,1.686837e-02,7.115619e-01,7.348479e-02,4.568234e-03,1.378661e-03
1.748935e-02,5.513724e-04,5.207951e-04,1.566327e-03,4.178013e-03,6.776902e-03,1.432592e-03,9.694307e-02,4.803143e-03,3.332979e-03,1.211801e-02,7.926955e-01,5.333918e-02,3.268577e-03,9.842804e-04
1.224793e-02,4.130795e-04,3.703290e-04,1.104107e-03,5.378654e-03,4.765754e-03,1.025181e-03,6.792808e-02,3.872259e-03,2.529860e-03,8.855416e-03,8.501499e-01,3.830918e-02,2.356665e-03,6.937052e-04
8.614065e-03,5.253696e-04,3.219989e-04,7.810504e-04,6.084563e-03,3.441738e-03,7.287315e-04,4.758860e-02,2.959493e-03,2.317966e-03,7.523188e-03,8.887279e-01,2.818407e-02,1.712753e-03,4.884991e-04
6.079458e-03,5.315124e-04,2.966615e-04,5.663349e-04,7.094885e-03,2.490663e-03,5.234971e-04,3.348841e-02,2.308654e-03,2.280656e-03,6.208475e-03,9.159234e-01,2.061693e-02,1.247499e-03,3.429569e-04
4.302516e-03,4.201313e-04,2.238555e-04,4.096424e-04,6.849289e-03,1.783041e-03,3.703930e-04,2.348504e-02,1.774282e-03,1.966340e-03,5.545868e-03,9.369509e-01,1.475913e-02,9.188649e-04,2.406910e-04
3.446354e-03,4.517010e-04,3.141332e-04,3.887748e-04,7.969572e-03,1.861558e-03,2.693478e-04,1.667632e-02,1.561439e-03,3.652147e-03,1.460715e-02,9.365222e-01,1.121270e-02,8.876391e-04,1.789289e-04
2.928783e-03,7.594227e-04,5.269623e-04,3.646086e-04,9.987140e-03,1.572457e-03,1.963735e-04,1.190982e-02,1.352297e-03,4.425928e-03,3.030523e-02,9.258457e-01,8.771544e-03,9.141344e-04,1.396217e-04
3.949834e-03,2.124989e-03,2.380312e-03,2.173856e-03,1.588790e-02,2.112439e-03,1.755097e-04,1.263547e-02,1.549862e-03,7.840620e-03,3.542384e-02,9.057376e-01,6.714534e-03,1.182476e-03,1.107840e-04
6.022871e-03,1.808234e-03,2.055006e-03,3.008300e-03,1.757858e-02,1.725405e-03,1.661904e-04,1.086357e-02,2.082906e-03,7.351413e-03,3.353663e-02,9.069055e-01,5.260989e-03,1.541920e-03,9.247188e-05
7.256853e-03,2.000888e-03,2.042919e-03,4.531236e-03,1.602715e-02,1.524107e-03,1.484690e-04,1.065543e-02,3.394393e-03,7.923852e-03,3.993084e-02,8.976957e-01,4.766151e-03,2.021564e-03,8.048585e-05
6.678803e-03,1.625763e-03,1.724976e-03,7.706033e-03,1.449315e-02,1.267954e-03,1.379020e-04,1.377628e-02,4.318267e-03,7.674225e-03,3.159027e-02,9.030364e-01,3.800645e-03,2.106159e-03,6.320138e-05
6.976943e-03,3.145808e-03,2.138253e-03,8.371061e-03,1.455061e-02,1.093457e-03,1.245116e-04,1.916406e-02,1.267815e-02,6.473218e-03,3.483945e-02,8.844110e-01,3.563904e-03,2.390568e-03,7.896214e-05
8.873307e-03,4.802994e-03,2.718136e-02,4.130977e-02,1.167794e-02,2.265933e-03,1.911289e-04,7.657357e-02,1.751828e-02,6.395333e-03,5.610085e-02,7.415951e-01,2.917209e-03,2.512800e-03,8.439289e-05
1.276493e-02,4.554929e-03,2.775295e-02,4.924669e-02,9.703441e-03,5.597367e-03,4.172442e-04,1.963696e-01,1.659344e-02,5.380466e-03,6.490827e-02,6.014019e-01,2.175432e-03,3.050061e-03,8.328503e-05
1.689484e-02,4.287579e-03,3.271008e-02,6.710494e-02,8.020751e-03,6.398046e-03,5.222785e-04,3.220523e-01,1.508107e-02,5.042078e-03,6.871884e-02,4.485654e-01,1.640329e-03,2.890602e-03,7.086649e-05
2.378910e-02,3.367019e-03,3.570080e-02,6.017185e-02,6.434377e-03,8.888962e-03,7.306873e-04,3.071226e-01,1.610928e-02,5.786241e-03,1.956154e-01,3.251598e-01,1.230079e-03,9.776132e-03,1.177264e-04
2.996172e-02,2.717125e-03,3.983692e-02,4.973971e-02,5.163992e-03,1.421577e-02,1.052800e-03,2.851960e-01,1.742310e-02,6.382811e-03,2.941237e-01,2.360239e-01,9.613537e-04,1.700935e-02,1.916726e-04
3.005787e-02,2.355424e-03,3.078885e-02,3.772403e-02,4.050741e-03,1.222303e-02,1.006179e-03,2.345900e-01,1.426838e-02,6.276542e-03,4.311150e-01,1.676232e-01,7.048484e-04,2.695385e-02,2.619661e-04
3.895304e-02,2.856340e-03,2.463548e-02,2.839179e-02,3.363720e-03,1.926838e-02,1.140854e-03,1.760478e-01,1.326548e-02,5.557224e-03,5.088735e-01,1.196594e-01,6.390575e-04,5.661878e-02,7.291317e-04
4.674964e-02,2.907755e-03,2.012610e-02,2.247708e-02,2.922206e-03,1.794485e-02,1.219797e-03,1.342622e-01,1.349778e-02,4.973487e-03,5.653741e-01,8.598438e-02,5.764661e-04,7.999825e-02,9.859214e-04
3.752937e-02,2.454336e-03,1.534046e-02,1.665374e-02,2.674916e-03,1.332289e-02,1.053019e-03,1.005554e-01,1.069459e-02,3.877839e-03,6.359464e-01,6.150454e-02,4.464342e-04,9.716924e-02,7.768300e-04
3.055828e-02,2.401749e-03,1.194403e-02,1.257719e-02,2.477834e-03,9.880698e-03,8.647981e-04,7.673322e-02,8.468881e-03,3.087081e-03,6.947814e-01,4.429788e-02,3.480143e-04,1.009414e-01,6.375489e-04
3.275624e-02,3.317804e-03,1.018240e-02,1.130794e-02,2.894956e-03,8.230380e-03,7.349921e-04,5.867501e-02,8.753499e-03,3.268770e-03,7.039559e-01,3.213751e-02,3.921144e-04,1.226534e-01,7.390153e-04
5.516485e-02,4.336845e-03,8.320486e-03,9.526746e-03,2.920861e-03,1.031440e-02,5.483140e-04,4.210862e-02,1.151197e-02,2.894207e-03,6.884469e-01,2.379534e-02,4.885142e-04,1.381401e-01,1.481736e-03
9.921223e-02,8.143866e-03,9.548911e-03,1.072162e-02,7.118604e-03,1.092541e-02,4.839124e-04,3.076361e-02,1.364566e-02,2.470045e-03,6.404107e-01,1.913985e-02,1.103071e-03,1.438673e-01,2.445315e-03
1.507191e-01,1.060783e-02,1.515745e-02,1.281239e-02,1.193963e-02,1.642674e-02,7.044726e-04,2.706022e-02,1.530403e-02,2.730237e-03,5.823604e-01,1.920567e-02,2.252095e-03,1.300861e-01,2.633637e-03
2.244108e-01,1.561155e-02,2.270027e-02,1.291565e-02,1.353312e-02,4.370154e-02,7.692622e-04,2.234306e-02,1.472054e-02,2.585344e-03,4.884683e-01,2.859540e-02,3.653424e-03,1.028995e-01,3.092230e-03
2.893809e-01,1.500572e-02,2.498931e-02,1.303727e-02,1.198554e-02,4.619712e-02,1.409356e-03,2.462345e-02,1.431024e-02,2.741851e-03,4.258513e-01,4.156747e-02,3.265921e-03,8.086824e-02,4.766378e-03
3.368441e-01,1.254616e-02,1.977278e-02,1.069567e-02,9.979539e-03,4.377377e-02,1.600768e-03,2.276818e-02,1.493772e-02,3.066736e-03,3.949741e-01,3.991381e-02,3.316153e-03,8.106813e-02,4.742410e-03
2.966242e-01,1.031049e-02,1.620832e-02,9.197928e-03,8.802552e-03,4.573265e-02,1.692170e-03,2.145104e-02,2.763412e-02,3.181969e-03,4.248796e-01,5.072629e-02,3.300414e-03,7.411994e-02,6.138205e-03
2.476210e-01,8.075636e-03,1.205112e-02,6.720428e-03,6.581740e-03,5.498904e-02,1.487734e-03,1.644563e-02,2.254744e-02,3.079458e-03,4.857781e-01,4.741240e-02,2.797761e-03,7.933628e-02,5.076179e-03
1.913976e-01,6.440254e-03,9.132047e-03,5.058781e-03,5.127476e-03,4.824315e-02,1.440664e-03,1.292323e-02,3.215748e-02,2.807400e-03,4.825715e-01,5.814332e-02,2.593654e-03,1.375360e-01,4.427460e-03
1.457504e-01,5.140685e-03,7.225964e-03,4.026354e-03,4.045228e-03,3.700577e-02,1.170043e-03,1.067901e-02,5.245145e-02,2.992627e-03,4.900567e-01,5.889944e-02,2.204265e-03,1.750080e-01,3.343992e-03
1.057213e-01,3.875372e-03,5.464274e-03,3.021439e-03,3.019901e-03,2.721988e-02,8.671458e-04,7.817742e-03,4.979523e-02,2.740601e-03,5.152551e-01,5.667614e-02,1.897091e-03,2.142185e-01,2.410359e-03
7.679658e-02,3.253455e-03,4.152770e-03,3.102782e-03,3.346011e-03,2.026892e-02,6.660768e-04,6.094765e-03,7.314059e-02,4.673244e-03,5.335169e-01,5.533390e-02,1.787400e-03,2.116814e-01,2.185213e-03
5.434093e-02,2.652922e-03,3.073138e-03,3.032217e-03,5.255125e-03,1.583233e-02,5.999081e-04,4.816907e-03,6.733374e-02,4.655082e-03,5.787264e-01,4.895676e-02,2.088282e-03,2.068245e-01,1.811725e-03
3.853197e-02,2.277928e-03,2.401988e-03,3.115357e-03,4.704858e-03,1.213723e-02,5.381645e-04,4.538548e-03,5.896345e-02,4.110422e-03,5.798566e-01,3.975644e-02,2.102595e-03,2.455330e-01,1.431452e-03
2.722971e-02,1.868011e-03,1.795784e-03,3.057901e-03,6.464246e-03,9.064141e-03,5.191622e-04,4.786081e-03,4.881697e-02,4.536610e-03,6.321105e-01,3.380379e-02,2.460077e-03,2.223392e-01,1.147751e-03
1.913764e-02,1.396019e-03,1.299867e-03,2.423140e-03,7.401220e-03,6.586963e-03,4.724715e-04,3.695327e-03,4.446806e-02,4.115849e-03,7.060169e-01,2.857599e-02,2.720417e-03,1.707854e-01,9.047521e-04
1.344528e-02,1.104824e-03,9.388330e-04,1.820604e-03,6.224615e-03,5.054986e-03,3.975449e-04,2.703998e-03,3.573818e-02,3.498278e-03,7.802072e-01,2.291052e-02,2.806015e-03,1.223389e-01,8.102726e-04
9.454333e-03,1.232496e-03,1.049181e-03,1.367878e-03,1.417649e-02,4.160400e-03,6.215186e-04,1.929932e-03,2.930289e-02,3.763194e-03,8.220999e-01,1.770023e-02,2.887981e-03,8.858789e-02,1.665763e-03
6.776478e-03,5.016907e-03,6.608694e-03,1.271480e-03,2.543015e-02,4.021178e-03,1.174953e-03,1.475464e-03,2.288278e-02,5.736643e-03,8.272913e-01,1.365811e-02,3.358135e-03,6.434143e-02,1.095638e-02
4.836398e-03,4.518795e-03,5.826456e-03,9.731319e-04,2.070976e-02,3.378422e-03,1.004681e-03,1.158270e-03,1.644826e-02,4.224326e-03,8.701110e-01,9.889126e-03,3.497084e-03,4.518335e-02,8.240934e-03
4.365763e-03,8.277653e-03,1.480463e-02,7.354143e-04,3.368453e-02,2.480705e-03,9.071166e-04,1.930556e-03,1.380224e-02,3.108120e-03,8.659055e-01,7.727713e-03,4.248663e-03,3.184862e-02,6.172896e-03
5.151527e-03,7.197745e-03,2.046417e-02,6.085159e-04,7.973166e-02,2.554139e-03,1.611430e-03,6.185128e-03,1.071975e-02,2.345589e-03,8.250803e-01,7.040571e-03,4.074289e-03,2.249940e-02,4.735867e-03
7.091959e-03,6.038865e-03,2.231850e-02,5.424269e-04,6.347636e-02,4.294944e-03,1.509876e-03,8.635042e-03,8.112272e-03,1.675184e-03,8.378478e-01,1.187124e-02,6.790850e-03,1.638120e-02,3.413571e-03
7.927309e-03,4.606161e-03,1.855027e-02,5.576552e-04,5.149700e-02,4.259966e-03,1.139644e-03,1.033753e-02,6.288186e-03,1.204079e-03,8.570978e-01,1.423265e-02,8.129898e-03,1.173313e-02,2.438762e-03
1.004470e-02,3.445376e-03,1.419076e-02,5.848160e-04,4.054722e-02,4.485394e-03,9.659039e-04,8.378930e-03,4.772828e-03,8.479875e-04,8.810136e-01,1.281078e-02,7.647944e-03,8.539159e-03,1.724631e-03
1.534621e-02,2.567075e-03,1.149398e-02,6.923685e-04,3.191820e-02,7.503496e-03,7.322934e-04,7.063734e-03,3.867043e-03,5.993515e-04,8.895590e-01,1.252795e-02,6.698397e-03,8.196269e-03,1.234607e-03
3.008885e-02,1.839145e-03,1.437866e-02,8.872164e-04,2.642350e-02,1.745576e-02,1.001172e-03,8.323631e-03,2.947779e-03,4.295207e-04,8.628444e-01,1.427407e-02,1.135894e-02,6.869059e-03,8.783032e-04
4.238951e-02,1.498315e-03,1.263287e-02,1.331100e-03,5.926760e-02,1.357398e-02,1.016496e-03,1.776267e-02,2.797739e-03,3.156027e-04,7.922820e-01,1.628693e-02,2.597309e-02,1.221532e-02,6.567402e-04
5.597115e-02,1.322764e-03,1.074668e-02,1.391031e-03,6.588387e-02,1.459236e-02,1.094120e-03,2.527274e-02,2.943256e-03,2.736071e-04,7.243118e-01,2.258096e-02,3.597019e-02,3.707702e-02,5.685206e-04
1.172653e-01,1.258111e-03,1.176741e-02,2.389676e-03,6.443188e-02,3.188291e-02,1.240518e-03,2.336010e-02,2.396818e-03,2.703430e-04,6.582847e-01,2.233904e-02,2.751472e-02,3.501076e-02,5.878112e-04
1.651529e-01,1.494212e-03,1.111273e-02,2.836454e-03,7.746387e-02,3.449263e-02,1.361754e-03,2.126159e-02,2.119396e-03,3.068279e-04,5.778774e-01,4.827705e-02,2.222976e-02,3.327442e-02,7.390004e-04
1.871625e-01,1.904367e-03,1.579856e-02,2.633597e-03,7.198033e-02,5.089984e-02,2.788967e-03,2.098043e-02,2.384152e-03,4.898471e-04,4.406020e-01,1.203907e-01,3.000222e-02,5.056848e-02,1.414148e-03
2.435006e-01,2.769614e-03,2.300613e-02,2.609268e-03,5.874978e-02,4.115934e-02,3.006404e-03,2.426311e-02,2.308146e-03,9.113838e-04,3.140332e-01,1.561387e-01,7.465875e-02,5.067153e-02,2.214034e-03
2.024382e-01,2.236729e-03,1.668453e-02,2.435503e-03,4.304397e-02,4.501153e-02,2.575862e-03,1.923498e-02,2.287685e-03,1.098040e-03,2.303213e-01,1.715007e-01,2.182673e-01,3.954709e-02,3.316727e-03
1.472136e-01,1.640850e-03,1.240061e-02,2.493205e-03,3.512083e-02,4.102698e-02,2.438803e-03,1.393818e-02,2.414369e-03,1.844447e-03,1.811225e-01,2.362798e-01,2.815633e-01,2.901283e-02,1.148972e-02
1.050540e-01,1.259822e-03,8.799701e-03,2.783941e-03,2.936048e-02,3.178208e-02,1.940507e-03,1.014240e-02,2.861497e-03,1.050236e-02,1.945641e-01,2.974789e-01,2.697790e-01,2.150075e-02,1.219047e-02
7.453354e-02,1.082666e-03,6.428389e-03,2.981828e-03,2.289229e-02,3.310325e-02,1.462976e-03,7.576752e-03,2.911159e-03,2.120064e-02,2.253791e-01,3.435839e-01,2.324305e-01,1.539756e-02,9.035476e-03
5.235270e-02,7.998863e-04,4.598321e-03,2.380919e-03,1.787433e-02,2.355424e-02,1.052747e-03,5.880638e-03,3.447203e-03,1.736727e-02,2.380991e-01,4.263212e-01,1.888873e-01,1.093423e-02,6.450044e-03
3.683529e-02,7.281560e-04,3.852273e-03,1.916481e-03,1.939728e-02,1.673218e-02,7.745672e-04,4.660467e-03,9.618280e-03,1.437606e-02,2.797627e-01,4.413407e-01,1.572426e-01,8.057515e-03,4.705388e-03
2.632613e-02,5.547487e-04,3.407916e-03,1.476343e-03,6.501637e-02,1.269001e-02,2.372819e-03,6.547384e-03,1.623188e-02,1.240830e-02,2.527182e-01,4.258280e-01,1.643721e-01,6.329406e-03,3.720473e-03
1.881015e-02,4.575477e-04,2.882668e-03,1.419940e-03,6.704360e-02,1.213008e-02,3.703688e-03,6.070212e-03,1.482579e-02,1.890929e-02,1.940959e-01,4.953220e-01,1.505959e-01,8.457438e-03,5.275903e-03
1.365331e-02,3.706848e-04,2.424159e-03,1.267343e-03,1.600490e-01,9.052206e-03,1.299955e-02,7.170029e-03,2.113304e-02,1.622886e-02,1.592264e-01,4.587868e-01,1.261546e-01,7.097279e-03,4.386810e-03
1.124808e-02,6.868169e-04,3.272389e-03,2.222864e-03,2.134871e-01,8.974798e-03,1.605469e-02,5.593534e-02,5.291828e-02,1.835121e-02,1.269021e-01,3.737226e-01,1.066071e-01,6.339358e-03,3.277273e-03
1.127384e-02,1.638405e-03,8.619864e-03,3.222009e-03,2.353176e-01,8.641964e-03,1.629132e-02,1.156647e-01,8.924203e-02,2.156489e-02,1.056812e-01,2.830888e-01,9.169918e-02,5.503648e-03,2.550580e-03
1.445982e-02,1.741706e-03,9.316405e-03,4.316710e-03,2.092640e-01,1.026258e-02,1.461321e-02,2.165920e-01,9.061785e-02,2.241551e-02,8.663691e-02,2.184579e-01,9.434682e-02,4.649405e-03,2.309176e-03
2.875151e-02,5.140427e-03,8.449762e-03,5.519809e-03,2.809309e-01,1.068329e-02,1.466193e-02,1.728596e-01,1.464112e-01,2.253088e-02,6.519909e-02,1.598591e-01,7.148129e-02,3.696276e-03,3.824979e-03
3.832654e-02,6.689340e-03,9.356070e-03,1.228214e-02,3.487288e-01,1.678375e-02,1.615663e-02,1.763272e-01,1.287717e-01,1.899432e-02,5.083500e-02,1.154385e-01,5.445049e-02,3.013126e-03,3.846532e-03
6.314386e-02,9.165123e-03,1.384794e-02,6.686073e-02,3.809292e-01,2.692341e-02,1.924961e-02,1.426964e-01,9.786756e-02,1.396387e-02,3.698009e-02,8.270165e-02,3.969022e-02,2.425614e-03,3.554801e-03
1.451495e-01,1.267988e-02,1.238158e-02,1.202713e-01,3.230056e-01,3.104819e-02,1.665216e-02,1.014491e-01,9.162270e-02,1.286652e-02,2.856579e-02,6.013541e-02,3.083000e-02,2.210465e-03,1.113191e-02
2.285653e-01,1.660087e-02,1.000171e-02,1.410382e-01,2.989027e-01,2.773277e-02,1.663285e-02,7.276983e-02,7.474186e-02,1.093010e-02,2.150039e-02,4.413793e-02,2.292054e-02,1.909992e-03,1.161498e-02
3.121329e-01,1.941805e-02,1.181810e-02,1.167560e-01,2.889005e-01,2.878315e-02,1.724865e-02,5.377886e-02,6.409530e-02,8.621607e-03,1.705901e-02,3.257325e-02,1.772317e-02,2.154842e-03,8.936645e-03
3.675078e-01,2.763173e-02,1.029963e-02,1.071590e-01,2.729157e-01,2.862352e-02,1.785183e-02,4.111030e-02,5.379970e-02,6.805755e-03,1.475820e-02,2.635055e-02,1.447647e-02,2.709576e-03,8.000305e-03
3.033181e-01,3.283677e-02,1.069938e-02,2.071717e-01,2.601364e-01,2.991734e-02,1.781918e-02,3.729719e-02,4.148473e-02,5.324765e-03,1.166916e-02,2.105316e-02,1.164606e-02,2.297944e-03,7.328046e-03
2.695137e-01,3.894614e-02,1.014231e-02,1.741026e-01,3.390340e-01,3.056176e-02,1.625551e-02,2.920494e-02,4.457267e-02,4.011526e-03,9.355916e-03,1.645050e-02,9.481908e-03,2.162422e-03,6.203936e-03
2.302220e-01,3.247163e-02,9.031899e-03,1.551481e-01,4.109432e-01,2.984541e-02,1.572921e-02,3.255453e-02,4.825312e-02,2.994386e-03,7.244610e-03,1.208770e-02,7.153729e-03,1.603215e-03,4.717306e-03
1.783733e-01,2.360118e-02,7.167650e-03,1.120877e-01,3.844657e-01,2.785138e-02,1.911081e-02,1.854219e-01,3.466558e-02,2.161087e-03,6.036569e-03,8.641000e-03,5.746817e-03,1.191493e-03,3.477781e-03
1.322790e-01,1.688299e-02,5.492655e-03,7.951812e-02,3.874907e-01,2.588308e-02,1.114644e-01,1.953332e-01,2.446531e-02,1.618983e-03,5.118617e-03,6.109824e-03,4.739959e-03,8.993542e-04,2.703942e-03
9.556784e-02,1.185836e-02,3.948236e-03,5.576321e-02,3.617787e-01,1.885335e-02,2.645152e-01,1.545950e-01,1.719289e-02,1.261157e-03,4.086042e-03,4.340489e-03,3.489622e-03,6.477551e-04,2.102098e-03
7.214826e-02,8.328357e-03,2.860988e-03,3.908446e-02,3.653632e-01,1.365211e-02,3.533940e-01,1.195887e-01,1.212793e-02,1.424683e-03,3.779548e-03,3.297832e-03,2.710488e-03,4.655008e-04,1.773931e-03
5.390004e-02,5.869179e-03,2.098388e-03,2.763944e-02,2.970364e-01,1.325112e-02,4.520869e-01,9.166375e-02,8.823014e-03,3.627241e-03,1.619468e-02,4.646299e-03,1.624950e-02,3.449745e-04,6.569046e-03
5.224604e-02,4.309360e-03,1.492811e-03,1.997145e-02,2.099316e-01,1.160140e-02,3.915929e-01,6.771997e-02,6.724176e-03,1.022644e-02,1.037459e-01,3.691604e-02,6.838384e-02,2.825085e-03,1.231298e-02
4.235649e-02,3.547136e-03,1.072146e-03,1.431096e-02,1.481778e-01,9.549949e-03,3.697465e-01,4.820028e-02,5.373042e-03,1.861086e-02,1.546584e-01,6.462195e-02,9.383796e-02,8.281246e-03,1.765522e-02
3.308382e-02,2.930029e-03,7.741741e-04,1.049702e-02,1.038703e-01,8.213336e-03,3.341449e-01,3.396383e-02,3.967895e-03,1.828429e-02,2.308583e-01,1.081253e-01,7.893573e-02,1.819670e-02,1.415444e-02
2.931699e-02,2.705496e-03,7.177056e-04,8.066306e-03,7.303946e-02,7.565133e-03,3.248088e-01,2.406243e-02,3.653440e-03,1.623017e-02,3.037668e-01,9.905750e-02,6.188805e-02,3.414772e-02,1.097394e-02
2.340400e-02,5.779067e-03,9.544345e-04,7.358678e-03,5.138779e-02,5.971740e-03,2.365166e-01,1.748890e-02,5.442898e-03,2.079089e-02,3.630310e-01,1.222605e-01,5.782821e-02,7.236822e-02,9.417086e-03
1.884036e-02,9.259000e-03,1.143855e-03,6.888982e-03,3.655210e-02,4.733839e-03,1.675417e-01,1.457560e-02,1.236574e-02,2.130423e-02,3.257140e-01,2.188486e-01,8.061883e-02,7.317218e-02,8.440999e-03
2.337431e-02,1.112952e-02,1.349051e-03,7.170691e-03,2.622180e-02,4.383656e-03,1.180527e-01,1.360395e-02,1.911285e-02,1.945139e-02,3.370194e-01,2.002194e-01,6.698722e-02,1.424542e-01,9.469863e-03
1.665259e-02,9.809512e-03,1.158762e-03,5.248762e-03,1.884634e-02,5.789862e-03,8.293137e-02,9.705491e-03,8.749766e-02,1.495119e-02,2.949317e-01,1.939899e-01,5.275328e-02,1.943741e-01,1.135948e-02
1.204611e-02,1.682043e-02,1.333946e-03,4.237063e-03,1.362954e-02,1.299050e-02,5.810505e-02,7.179749e-03,1.541157e-01,1.114958e-02,2.748693e-01,1.416318e-01,3.758403e-02,2.425412e-01,1.176600e-02
8.991092e-03,8.126418e-02,3.710312e-03,3.394601e-03,1.018132e-02,2.086163e-02,4.070468e-02,5.267872e-03,2.216789e-01,8.770919e-03,2.433125e-01,1.002700e-01,2.669733e-02,2.144154e-01,1.047928e-02
7.054857e-03,7.044442e-02,2.751888e-02,5.490969e-03,8.155244e-03,2.159815e-02,2.853611e-02,5.146503e-03,3.369839e-01,7.001501e-03,1.772229e-01,7.039725e-02,1.901508e-02,2.073493e-01,8.084958e-03
6.861547e-03,1.080127e-01,4.293539e-02,6.366013e-03,8.607257e-03,2.337694e-02,2.004102e-02,5.186589e-03,3.548502e-01,7.393304e-03,1.301186e-01,4.952069e-02,1.382027e-02,2.137403e-01,9.169105e-03
7.885273e-03,8.635646e-02,5.079275e-02,1.477957e-02,1.118543e-02,2.172403e-02,1.412139e-02,1.112754e-02,4.173749e-01,6.486240e-03,9.810167e-02,3.582371e-02,1.136215e-02,2.052836e-01,7.595217e-03
7.906195e-03,7.514781e-02,4.435254e-02,1.480187e-02,1.041825e-02,2.244773e-02,9.927336e-03,1.086097e-02,4.916905e-01,5.330676e-03,7.601784e-02,2.582911e-02,9.409033e-03,1.896445e-01,6.215658e-03
8.413572e-03,6.832041e-02,3.676124e-02,1.155378e-02,9.208480e-03,1.972514e-02,6.995743e-03,9.718173e-03,5.676883e-01,4.025725e-03,6.595711e-02,1.842848e-02,8.599754e-03,1.599455e-01,4.658602e-03
6.777589e-03,5.430115e-02,2.884582e-02,1.317857e-02,7.557272e-03,1.617421e-02,4.966298e-03,1.274115e-02,6.247044e-01,3.624792e-03,6.967647e-02,1.516140e-02,1.732209e-02,1.206904e-01,4.278446e-03
5.575944e-03,4.262418e-02,2.050916e-02,9.785980e-03,6.233766e-03,1.293166e-02,3.496831e-03,9.615060e-03,7.183574e-01,2.588601e-03,5.419402e-02,1.116120e-02,1.446752e-02,8.534616e-02,3.112518e-03
4.143780e-03,3.495856e-02,1.471816e-02,1.769735e-02,1.199219e-02,1.213266e-02,2.460827e-03,1.018922e-02,7.703617e-01,1.880301e-03,3.864673e-02,7.904470e-03,1.057040e-02,5.988241e-02,2.461242e-03
3.900576e-03,2.567264e-02,1.053536e-02,1.439562e-02,2.152417e-02,1.791034e-02,1.838728e-03,1.767086e-02,7.996502e-01,1.380142e-03,2.753069e-02,5.548453e-03,7.612790e-03,4.260980e-02,2.219651e-03
5.608368e-03,1.892308e-02,7.470232e-03,1.292958e-02,3.595667e-02,1.466564e-02,1.346925e-03,2.418767e-02,8.172997e-01,1.019995e-03,1.949503e-02,3.905897e-03,5.381756e-03,3.002883e-02,1.780651e-03
1.355146e-02,1.428443e-02,5.699525e-03,6.069478e-02,4.120332e-02,1.373177e-02,1.137185e-03,3.792590e-02,7.669129e-01,8.330893e-04,1.414017e-02,2.896931e-03,3.986164e-03,2.112149e-02,1.880996e-03
2.508519e-02,1.060203e-02,4.095234e-03,4.925371e-02,1.366384e-01,1.629767e-02,1.686906e-03,5.154388e-02,6.726769e-01,6.070337e-04,1.013906e-02,2.105435e-03,2.906329e-03,1.484783e-02,1.514460e-03
4.270279e-02,1.065668e-02,2.930996e-03,3.553548e-02,1.214050e-01,3.753347e-02,1.320173e-03,4.160323e-02,6.822893e-01,4.350090e-04,7.714903e-03,1.741847e-03,2.298235e-03,1.056780e-02,1.265067e-03
4.877069e-02,9.887608e-03,2.141438e-03,2.548325e-02,1.002344e-01,1.044535e-01,9.650072e-04,3.084023e-02,6.580495e-01,3.603431e-04,6.384281e-03,1.485915e-03,1.885748e-03,7.756208e-03,1.301952e-03
