1.000000e+00,0.000000e+00,0.000000e+00,0.000000e+00,0.000000e+00,0.000000e+00,0.000000e+00,0.000000e+00,0.000000e+00,0.000000e+00,0.000000e+00,0.000000e+00,0.000000e+00,0.000000e+00,0.000000e+00
1.000000e+00,0.000000e+00,0.000000e+00,0.000000e+00,0.000000e+00,0.000000e+00,0.000000e+00,0.000000e+00,0.000000e+00,0.000000e+00,0.000000e+00,0.000000e+00,0.000000e+00,0.000000e+00,0.000000e+00
1.000000e+00,0.000000e+00,0.000000e+00,0.000000e+00,0.000000e+00,0.000000e+00,0.000000e+00,0.000000e+00,0.000000e+00,0.000000e+00,0.000000e+00,0.000000e+00,0.000000e+00,0.000000e+00,0.000000e+00
1.000000e+00,0.000000e+00,0.000000e+00,0.000000e+00,0.000000e+00,0.000000e+00,0.000000e+00,0.000000e+00,0.000000e+00,0.000000e+00,0.000000e+00,0.000000e+00,0.000000e+00,0.000000e+00,0.000000e+00
1.000000e+00,0.000000e+00,0.000000e+00,0.000000e+00,0.000000e+00,0.000000e+00,0.000000e+00,0.000000e+00,0.000000e+00,0.000000e+00,0.000000e+00,0.000000e+00,0.000000e+00,0.000000e+00,0.000000e+00
1.000000e+00,0.000000e+00,0.000000e+00,0.000000e+00,0.000000e+00,0.000000e+00,0.000000e+00,0.000000e+00,0.000000e+00,0.000000e+00,0.000000e+00,0.000000e+00,0.000000e+00,0.000000e+00,0.000000e+00
1.000000e+00,0.000000e+00,0.000000e+00,0.000000e+00,0.000000e+00,0.000000e+00,0.000000e+00,0.000000e+00,0.000000e+00,0.000000e+00,0.000000e+00,0.000000e+00,0.000000e+00,0.000000e+00,0.000000e+00
1.000000e+00,0.000000e+00,0.000000e+00,0.000000e+00,0.000000e+00,0.000000e+00,0.000000e+00,0.000000e+00,0.000000e+00,0.000000e+00,0.000000e+00,0.000000e+00,0.000000e+00,0.000000e+00,0.000000e+00
1.000000e+00,0.000000e+00,0.000000e+00,0.000000e+00,0.000000e+00,0.000000e+00,0.000000e+00,0.000000e+00,0.000000e+00,0.000000e+00,0.000000e+00,0.000000e+00,0.000000e+00,0.000000e+00,0.000000e+00
1.000000e+00,0.000000e+00,0.000000e+00,0.000000e+00,0.000000e+00,0.000000e+00,0.000000e+00,0.000000e+00,0.000000e+00,0.000000e+00,0.000000e+00,0.000000e+00,0.000000e+00,0.000000e+00,0.000000e+00
1.000000e+00,0.000000e+00,0.000000e+00,0.000000e+00,0.000000e+00,0.000000e+00,0.000000e+00,0.000000e+00,0.000000e+00,0.000000e+00,0.000000e+00,0.000000e+00,0.000000e+00,0.000000e+00,0.000000e+00
1.000000e+00,0.000000e+00,0.000000e+00,0.000000e+00,0.000000e+00,0.000000e+00,0.000000e+00,0.000000e+00,0.000000e+00,0.000000e+00,0.000000e+00,0.000000e+00,0.000000e+00,0.000000e+00,0.000000e+00
1.000000e+00,0.000000e+00,0.000000e+00,0.000000e+00,0.000000e+00,0.000000e+00,0.000000e+00,0.000000e+00,0.000000e+00,0.000000e+00,0.000000e+00,0.000000e+00,0.000000e+00,0.000000e+00,0.000000e+00
1.000000e+00,0.000000e+00,0.000000e+00,0.000000e+00,0.000000e+00,0.000000e+00,0.000000e+00,0.000000e+00,0.000000e+00,0.000000e+00,0.000000e+00,0.000000e+00,0.000000e+00,0.000000e+00,0.000000e+00
1.000000e+00,0.000000e+00,0.000000e+00,0.000000e+00,0.000000e+00,0.000000e+00,0.000000e+00,0.000000e+00,0.000000e+00,0.000000e+00,0.000000e+00,0.000000e+00,0.000000e+00,0.000000e+00,0.000000e+00
1.000000e+00,0.000000e+00,0.000000e+00,0.000000e+00,0.000000e+00,0.000000e+00,0.000000e+00,0.000000e+00,0.000000e+00,0.000000e+00,0.000000e+00,0.000000e+00,0.000000e+00,0.000000e+00,0.000000e+00
1.000000e+00,0.000000e+00,0.000000e+00,0.000000e+00,0.000000e+00,0.000000e+00,0.000000e+00,0.000000e+00,0.000000e+00,0.000000e+00,0.000000e+00,0.000000e+00,0.000000e+00,0.000000e+00,0.000000e+00
1.000000e+00,0.000000e+00,0.000000e+00,0.000000e+00,0.000000e+00,0.000000e+00,0.000000e+00,0.000000e+00,0.000000e+00,0.000000e+00,0.000000e+00,0.000000e+00,0.000000e+00,0.000000e+00,0.000000e+00
1.000000e+00,0.000000e+00,0.000000e+00,0.000000e+00,0.000000e+00,0.000000e+00,0.000000e+00,0.000000e+00,0.000000e+00,0.000000e+00,0.000000e+00,0.000000e+00,0.000000e+00,0.000000e+00,0.000000e+00
1.000000e+00,0.000000e+00,0.000000e+00,0.000000e+00,0.000000e+00,0.000000e+00,0.000000e+00,0.000000e+00,0.000000e+00,0.000000e+00,0.000000e+00,0.000000e+00,0.000000e+00,0.000000e+00,0.000000e+00
1.000000e+00,0.000000e+00,0.000000e+00,0.000000e+00,0.000000e+00,0.000000e+00,0.000000e+00,0.000000e+00,0.000000e+00,0.000000e+00,0.000000e+00,0.000000e+00,0.000000e+00,0.000000e+00,0.000000e+00
1.000000e+00,0.000000e+00,0.000000e+00,0.000000e+00,0.000000e+00,0.000000e+00,0.000000e+00,0.000000e+00,0.000000e+00,0.000000e+00,0.000000e+00,0.000000e+00,0.000000e+00,0.000000e+00,0.000000e+00
1.000000e+00,0.000000e+00,0.000000e+00,0.000000e+00,0.000000e+00,0.000000e+00,0.000000e+00,0.000000e+00,0.000000e+00,0.000000e+00,0.000000e+00,0.000000e+00,0.000000e+00,0.000000e+00,0.000000e+00
1.000000e+00,0.000000e+00,0.000000e+00,0.000000e+00,0.000000e+00,0.000000e+00,0.000000e+00,0.000000e+00,0.000000e+00,0.000000e+00,0.000000e+00,0.000000e+00,0.000000e+00,0.000000e+00,0.000000e+00
1.000000e+00,0.000000e+00,0.000000e+00,0.000000e+00,0.000000e+00,0.000000e+00,0.000000e+00,0.000000e+00,0.000000e+00,0.000000e+00,0.000000e+00,0.000000e+00,0.000000e+00,0.000000e+00,0.000000e+00
1.000000e+00,0.000000e+00,0.000000e+00,0.000000e+00,0.000000e+00,0.000000e+00,0.000000e+00,0.000000e+00,0.000000e+00,0.000000e+00,0.000000e+00,0.000000e+00,0.000000e+00,0.000000e+00,0.000000e+00
1.000000e+00,0.000000e+00,0.000000e+00,0.000000e+00,0.000000e+00,0.000000e+00,0.000000e+00,0.000000e+00,0.000000e+00,0.000000e+00,0.000000e+00,0.000000e+00,0.000000e+00,0.000000e+00,0.000000e+00
1.000000e+00,0.000000e+00,0.000000e+00,0.000000e+00,0.000000e+00,0.000000e+00,0.000000e+00,0.000000e+00,0.000000e+00,0.000000e+00,0.000000e+00,0.000000e+00,0.000000e+00,0.000000e+00,0.000000e+00
1.000000e+00,0.000000e+00,0.000000e+00,0.000000e+00,0.000000e+00,0.000000e+00,0.000000e+00,0.000000e+00,0.000000e+00,0.000000e+00,0.000000e+00,0.000000e+00,0.000000e+00,0.000000e+00,0.000000e+00
1.000000e+00,0.000000e+00,0.000000e+00,0.000000e+00,0.000000e+00,0.000000e+00,0.000000e+00,0.000000e+00,0.000000e+00,0.000000e+00,0.000000e+00,0.000000e+00,0.000000e+00,0.000000e+00,0.000000e+00
1.000000e+00,0.000000e+00,0.000000e+00,0.000000e+00,0.000000e+00,0.000000e+00,0.000000e+00,0.000000e+00,0.000000e+00,0.000000e+00,0.000000e+00,0.000000e+00,0.000000e+00,0.000000e+00,0.000000e+00
1.000000e+00,0.000000e+00,0.000000e+00,0.000000e+00,0.000000e+00,0.000000e+00,0.000000e+00,0.000000e+00,0.000000e+00,0.000000e+00,0.000000e+00,0.000000e+00,0.000000e+00,0.000000e+00,0.000000e+00
1.000000e+00,0.000000e+00,0.000000e+00,0.000000e+00,0.000000e+00,0.000000e+00,0.000000e+00,0.000000e+00,0.000000e+00,0.000000e+00,0.000000e+00,0.000000e+00,0.000000e+00,0.000000e+00,0.000000e+00
1.000000e+00,0.000000e+00,0.000000e+00,0.000000e+00,0.000000e+00,0.000000e+00,0.000000e+00,0.000000e+00,0.000000e+00,0.000000e+00,0.000000e+00,0.000000e+00,0.000000e+00,0.000000e+00,0.000000e+00
1.000000e+00,0.000000e+00,0.000000e+00,0.000000e+00,0.000000e+00,0.000000e+00,0.000000e+00,0.000000e+00,0.000000e+00,0.000000e+00,0.000000e+00,0.000000e+00,0.000000e+00,0.000000e+00,0.000000e+00
1.000000e+00,0.000000e+00,0.000000e+00,0.000000e+00,0.000000e+00,0.000000e+00,0.000000e+00,0.000000e+00,0.000000e+00,0.000000e+00,0.000000e+00,0.000000e+00,0.000000e+00,0.000000e+00,0.000000e+00
1.000000e+00,0.000000e+00,0.000000e+00,0.000000e+00,0.000000e+00,0.000000e+00,0.000000e+00,0.000000e+00,0.000000e+00,0.000000e+00,0.000000e+00,0.000000e+00,0.000000e+00,0.000000e+00,0.000000e+00
1.000000e+00,0.000000e+00,0.000000e+00,0.000000e+00,0.000000e+00,0.000000e+00,0.000000e+00,0.000000e+00,0.000000e+00,0.000000e+00,0.000000e+00,0.000000e+00,0.000000e+00,0.000000e+00,0.000000e+00
1.000000e+00,0.000000e+00,0.000000e+00,0.000000e+00,0.000000e+00,0.000000e+00,0.000000e+00,0.000000e+00,0.000000e+00,0.000000e+00,0.000000e+00,0.000000e+00,0.000000e+00,0.000000e+00,0.000000e+00
1.000000e+00,0.000000e+00,0.000000e+00,0.000000e+00,0.000000e+00,0.000000e+00,0.000000e+00,0.000000e+00,0.000000e+00,0.000000e+00,0.000000e+00,0.000000e+00,0.000000e+00,0.000000e+00,0.000000e+00
1.000000e+00,0.000000e+00,0.000000e+00,0.000000e+00,0.000000e+00,0.000000e+00,0.000000e+00,0.000000e+00,0.000000e+00,0.000000e+00,0.000000e+00,0.000000e+00,0.000000e+00,0.000000e+00,0.000000e+00
1.000000e+00,0.000000e+00,0.000000e+00,0.000000e+00,0.000000e+00,0.000000e+00,0.000000e+00,0.000000e+00,0.000000e+00,0.000000e+00,0.000000e+00,0.000000e+00,0.000000e+00,0.000000e+00,0.000000e+00
1.000000e+00,0.000000e+00,0.000000e+00,0.000000e+00,0.000000e+00,0.000000e+00,0.000000e+00,0.000000e+00,0.000000e+00,0.000000e+00,0.000000e+00,0.000000e+00,0.000000e+00,0.000000e+00,0.000000e+00
1.000000e+00,0.000000e+00,0.000000e+00,0.000000e+00,0.000000e+00,0.000000e+00,0.000000e+00,0.000000e+00,0.000000e+00,0.000000e+00,0.000000e+00,0.000000e+00,0.000000e+00,0.000000e+00,0.000000e+00
1.000000e+00,0.000000e+00,0.000000e+00,0.000000e+00,0.000000e+00,0.000000e+00,0.000000e+00,0.000000e+00,0.000000e+00,0.000000e+00,0.000000e+00,0.000000e+00,0.000000e+00,0.000000e+00,0.000000e+00
1.000000e+00,0.000000e+00,0.000000e+00,0.000000e+00,0.000000e+00,0.000000e+00,0.000000e+00,0.000000e+00,0.000000e+00,0.000000e+00,0.000000e+00,0.000000e+00,0.000000e+00,0.000000e+00,0.000000e+00
1.000000e+00,0.000000e+00,0.000000e+00,0.000000e+00,0.000000e+00,0.000000e+00,0.000000e+00,0.000000e+00,0.000000e+00,0.000000e+00,0.000000e+00,0.000000e+00,0.000000e+00,0.000000e+00,0.000000e+00
1.000000e+00,0.000000e+00,0.000000e+00,0.000000e+00,0.000000e+00,0.000000e+00,0.000000e+00,0.000000e+00,0.000000e+00,0.000000e+00,0.000000e+00,0.000000e+00,0.000000e+00,0.000000e+00,0.000000e+00
1.000000e+00,0.000000e+00,0.000000e+00,0.000000e+00,0.000000e+00,0.000000e+00,0.000000e+00,0.000000e+00,0.000000e+00,0.000000e+00,0.000000e+00,0.000000e+00,0.000000e+00,0.000000e+00,0.000000e+00
1.000000e+00,0.000000e+00,0.000000e+00,0.000000e+00,0.000000e+00,0.000000e+00,0.000000e+00,0.000000e+00,0.000000e+00,0.000000e+00,0.000000e+00,0.000000e+00,0.000000e+00,0.000000e+00,0.000000e+00
1.000000e+00,0.000000e+00,0.000000e+00,0.000000e+00,0.000000e+00,0.000000e+00,0.000000e+00,0.000000e+00,0.000000e+00,0.000000e+00,0.000000e+00,0.000000e+00,0.000000e+00,0.000000e+00,0.000000e+00
1.000000e+00,0.000000e+00,0.000000e+00,0.000000e+00,0.000000e+00,0.000000e+00,0.000000e+00,0.000000e+00,0.000000e+00,0.000000e+00,0.000000e+00,0.000000e+00,0.000000e+00,0.000000e+00,0.000000e+00
1.000000e+00,0.000000e+00,0.000000e+00,0.000000e+00,0.000000e+00,0.000000e+00,0.000000e+00,0.000000e+00,0.000000e+00,0.000000e+00,0.000000e+00,0.000000e+00,0.000000e+00,0.000000e+00,0.000000e+00
1.000000e+00,0.000000e+00,0.000000e+00,0.000000e+00,0.000000e+00,0.000000e+00,0.000000e+00,0.000000e+00,0.000000e+00,0.000000e+00,0.000000e+00,0.000000e+00,0.000000e+00,0.000000e+00,0.000000e+00
1.000000e+00,0.000000e+00,0.000000e+00,0.000000e+00,0.000000e+00,0.000000e+00,0.000000e+00,0.000000e+00,0.000000e+00,0.000000e+00,0.000000e+00,0.000000e+00,0.000000e+00,0.000000e+00,0.000000e+00
1.000000e+00,0.000000e+00,0.000000e+00,0.000000e+00,0.000000e+00,0.000000e+00,0.000000e+00,0.000000e+00,0.000000e+00,0.000000e+00,0.000000e+00,0.000000e+00,0.000000e+00,0.000000e+00,0.000000e+00
1.000000e+00,0.000000e+00,0.000000e+00,0.000000e+00,0.000000e+00,0.000000e+00,0.000000e+00,0.000000e+00,0.000000e+00,0.000000e+00,0.000000e+00,0.000000e+00,0.000000e+00,0.000000e+00,0.000000e+00
4.101762e-01,8.435444e-03,4.088470e-02,4.413896e-02,5.025805e-03,1.208129e-02,2.757217e-03,4.038514e-01,2.865063e-03,9.569384e-04,1.983910e-02,2.757502e-02,9.304423e-03,2.881149e-03,9.227295e-03
2.887605e-01,5.950418e-03,3.030203e-02,3.240534e-02,3.811502e-03,8.818236e-03,2.232620e-03,5.761833e-01,2.037652e-03,6.835564e-04,1.415329e-02,1.940168e-02,6.646509e-03,2.081548e-03,6.531893e-03
2.026022e-01,4.189460e-03,2.186202e-02,2.302561e-02,2.785003e-03,6.274468e-03,1.952180e-03,7.010547e-01,1.433072e-03,4.820176e-04,9.969156e-03,1.359817e-02,4.685945e-03,1.495814e-03,4.590187e-03
1.418889e-01,2.939945e-03,1.561534e-02,1.622597e-02,2.040015e-03,4.422525e-03,1.432453e-03,7.899480e-01,1.005659e-03,3.387551e-04,7.025749e-03,9.528517e-03,3.308055e-03,1.061576e-03,3.218563e-03
9.937515e-02,2.066169e-03,1.098609e-02,1.140320e-02,1.535165e-03,3.162793e-03,1.036800e-03,8.523790e-01,7.063017e-04,2.388422e-04,5.016861e-03,6.686376e-03,2.387690e-03,7.622705e-04,2.257305e-03
6.960969e-02,1.453878e-03,7.749591e-03,8.019851e-03,1.299258e-03,2.275983e-03,8.372174e-04,8.957241e-01,5.090083e-04,1.698913e-04,3.627491e-03,4.705901e-03,1.882055e-03,5.498022e-04,1.586321e-03
4.890445e-02,1.037453e-03,5.522481e-03,5.662932e-03,1.469450e-03,1.918681e-03,6.842494e-04,9.243023e-01,4.964867e-04,1.351461e-04,2.813842e-03,3.423866e-03,2.095189e-03,4.099594e-04,1.123543e-03
3.458391e-02,7.431361e-04,3.932236e-03,4.106867e-03,2.056929e-03,1.493066e-03,6.606397e-04,9.426937e-01,4.027520e-04,1.160040e-04,2.126735e-03,2.549490e-03,3.437208e-03,2.983092e-04,7.989886e-04
2.529990e-02,5.440918e-04,2.828484e-03,2.977509e-03,1.096547e-02,3.843933e-03,1.436583e-03,9.383645e-01,3.897401e-04,1.003011e-04,1.710566e-03,2.007440e-03,8.684706e-03,2.170773e-04,6.296340e-04
1.832647e-02,4.027430e-04,2.037714e-03,2.127203e-03,1.686811e-02,6.511515e-03,1.771624e-03,9.137832e-01,5.628554e-04,1.111237e-04,1.514687e-03,1.807622e-03,3.337321e-02,1.709884e-04,6.308682e-04
1.383763e-02,3.135233e-04,1.477316e-03,1.535492e-03,1.428278e-02,1.811404e-02,1.385517e-03,6.803766e-01,9.102883e-04,1.023756e-04,1.591788e-03,1.647120e-03,2.633123e-01,1.319395e-04,9.811433e-04
1.187167e-02,2.622614e-04,1.056797e-03,1.160395e-03,1.223704e-02,3.445117e-02,1.060441e-03,4.996009e-01,9.818139e-04,9.201569e-05,1.493801e-03,1.606795e-03,4.328216e-01,1.019743e-04,1.201327e-03
1.003912e-02,3.008248e-04,9.731057e-04,8.664475e-04,1.058132e-02,3.454734e-02,1.171737e-03,3.658155e-01,1.077200e-03,1.687385e-04,2.037564e-03,1.847300e-03,5.664866e-01,9.790575e-05,3.989292e-03
7.465113e-03,3.267823e-04,1.398579e-03,6.779140e-04,1.110480e-02,2.770106e-02,2.313568e-03,2.631472e-01,1.325885e-03,2.948518e-04,2.381227e-03,1.922528e-03,6.653337e-01,8.179995e-05,1.452492e-02
5.863695e-03,3.036288e-04,1.691715e-03,6.582442e-04,1.630593e-02,2.284690e-02,4.688215e-03,1.882505e-01,1.393677e-03,4.846044e-04,3.673922e-03,2.483744e-03,7.336417e-01,8.375728e-05,1.762967e-02
1.274307e-02,7.123128e-04,2.927654e-03,1.213752e-03,2.618742e-02,2.034047e-02,7.127296e-03,1.338796e-01,2.657339e-03,1.778135e-03,1.650918e-02,8.554747e-03,6.997727e-01,2.147498e-04,6.538153e-02
2.730692e-02,1.010287e-03,2.683848e-03,1.243271e-03,2.193185e-02,1.954286e-02,6.657203e-03,9.515946e-02,4.718116e-03,2.303337e-03,1.536365e-02,1.137672e-02,6.449690e-01,5.086288e-04,1.452248e-01
2.085504e-02,1.223125e-03,5.627264e-03,1.252095e-03,1.977820e-02,1.658197e-02,8.587879e-03,6.768889e-02,5.592271e-03,4.982141e-03,1.590284e-02,1.461769e-02,5.527046e-01,9.559776e-04,2.636500e-01
1.479999e-02,9.030295e-04,4.948261e-03,9.987090e-04,1.434330e-02,1.183863e-02,6.307931e-03,4.747995e-02,4.631844e-03,4.542404e-03,1.202461e-02,1.083864e-02,4.273309e-01,8.974271e-04,4.381144e-01
1.046752e-02,6.611444e-04,4.010010e-03,7.714906e-04,1.031198e-02,8.587919e-03,4.675768e-03,3.329469e-02,3.901306e-03,4.694814e-03,8.934943e-03,7.857974e-03,3.884565e-01,8.612481e-04,5.125127e-01
7.428594e-03,4.655473e-04,2.927537e-03,5.500886e-04,7.420125e-03,6.061402e-03,3.295870e-03,2.332819e-02,2.923345e-03,4.098637e-03,6.534831e-03,5.664351e-03,2.781661e-01,9.157398e-04,6.502197e-01
5.344011e-03,3.289580e-04,2.176034e-03,3.987230e-04,5.388354e-03,4.326146e-03,2.346241e-03,1.634727e-02,2.163399e-03,3.713207e-03,4.724273e-03,4.122332e-03,2.008581e-01,9.405575e-04,7.468224e-01
3.861899e-03,2.333891e-04,1.670078e-03,3.380470e-04,4.007096e-03,3.302524e-03,1.768192e-03,1.149407e-02,1.548509e-03,3.927074e-03,3.504390e-03,3.401164e-03,1.459170e-01,8.231245e-04,8.142035e-01
2.808288e-03,1.681383e-04,1.353403e-03,4.311592e-04,3.428536e-03,2.510824e-03,2.054757e-03,8.857977e-03,1.212675e-03,3.318396e-03,2.573308e-03,2.655537e-03,1.037752e-01,7.471694e-04,8.641046e-01
2.013909e-03,1.282608e-04,1.037677e-03,6.524055e-04,2.717373e-03,1.869929e-03,3.843936e-03,2.265860e-02,9.941442e-04,3.379722e-03,2.008862e-03,1.972277e-03,7.389428e-02,7.053866e-04,8.821232e-01
1.888677e-03,1.911947e-04,1.994498e-03,2.100762e-03,2.699935e-03,1.968726e-03,1.041706e-02,5.667388e-02,2.073631e-03,2.871867e-03,2.087406e-03,1.707857e-03,5.423658e-02,9.283045e-04,8.581595e-01
2.332203e-03,1.457616e-04,2.308846e-03,5.472919e-03,2.230335e-03,1.642722e-03,1.352638e-02,1.248220e-01,1.578670e-03,2.110909e-03,2.092149e-03,1.359710e-03,3.899974e-02,8.456154e-04,8.005320e-01
2.513145e-03,1.293236e-04,2.455964e-03,4.715431e-03,2.208662e-03,1.703726e-03,1.835367e-02,3.548108e-01,1.236894e-03,1.536855e-03,1.747985e-03,1.080119e-03,2.901776e-02,6.276260e-04,5.778620e-01
2.711294e-03,2.021284e-04,3.542139e-03,4.206267e-03,3.209695e-03,2.208983e-03,7.147425e-02,4.450367e-01,1.516148e-03,1.241657e-03,1.655290e-03,8.658083e-04,4.210395e-02,4.832057e-04,4.195424e-01
2.553816e-03,2.622819e-04,4.554613e-03,4.229563e-03,6.541141e-03,2.137191e-03,1.049748e-01,4.972029e-01,2.418332e-03,1.175121e-03,1.812403e-03,7.594409e-04,4.999264e-02,4.068192e-04,3.209789e-01
2.861019e-03,3.018107e-04,7.648805e-03,6.143478e-03,7.956670e-03,2.061026e-03,1.003284e-01,5.417492e-01,3.096018e-03,1.046124e-03,2.331078e-03,7.828699e-04,4.922046e-02,4.175554e-04,2.740555e-01
4.630978e-03,5.467942e-04,1.129806e-02,9.860211e-03,1.299532e-02,2.170301e-03,9.222533e-02,5.567652e-01,3.706146e-03,1.173754e-03,2.587488e-03,8.436875e-04,4.480173e-02,5.073906e-04,2.558876e-01
7.740097e-03,9.591754e-04,1.644620e-02,1.003876e-02,1.812973e-02,2.380001e-03,7.725898e-02,5.782807e-01,1.303583e-02,1.273413e-03,3.154679e-03,1.029348e-03,4.466958e-02,4.612763e-04,2.251422e-01
1.496957e-02,1.861737e-03,1.983083e-02,1.001423e-02,1.786444e-02,2.850510e-03,6.578638e-02,6.364651e-01,1.891900e-02,1.241865e-03,3.151539e-03,1.802489e-03,3.584208e-02,4.705055e-04,1.689296e-01
2.688668e-02,4.812998e-03,2.203552e-02,1.186880e-02,1.711581e-02,6.668209e-03,5.609544e-02,6.358303e-01,2.602252e-02,3.371036e-03,3.988137e-03,2.720912e-03,3.676433e-02,9.812978e-04,1.448380e-01
3.331205e-02,5.260041e-03,2.007001e-02,1.103329e-02,1.648281e-02,9.716622e-03,4.790261e-02,6.636047e-01,3.195894e-02,1.134845e-02,4.948769e-03,3.163882e-03,3.157417e-02,1.550197e-03,1.080735e-01
3.672893e-02,5.663880e-03,2.110276e-02,1.081866e-02,1.680716e-02,1.430464e-02,4.488015e-02,6.070746e-01,3.601169e-02,7.814224e-02,6.105826e-03,3.747272e-03,2.986755e-02,1.701439e-03,8.704317e-02
3.463650e-02,6.529983e-03,1.696239e-02,1.173279e-02,1.433973e-02,1.631841e-02,3.840284e-02,4.673638e-01,3.366754e-02,2.386428e-01,1.083816e-02,4.654496e-03,2.559544e-02,2.880158e-03,7.743491e-02
3.659084e-02,5.444157e-03,1.254058e-02,9.804065e-03,1.185854e-02,1.460972e-02,2.772217e-02,3.492918e-01,2.743424e-02,3.639404e-01,1.110858e-02,3.841289e-03,2.057868e-02,2.836999e-03,1.023978e-01
2.925508e-02,4.841310e-03,8.995681e-03,7.526717e-03,9.298457e-03,1.219250e-02,1.948986e-02,2.463204e-01,2.209789e-02,3.984026e-01,9.987681e-03,2.998420e-03,1.924751e-02,3.260671e-03,2.060853e-01
2.109342e-02,3.949466e-03,6.354689e-03,5.359988e-03,6.632025e-03,8.994355e-03,1.365003e-02,1.726232e-01,1.674892e-02,3.852722e-01,7.483947e-03,2.185370e-03,1.456953e-02,3.168990e-03,3.319139e-01
1.537911e-02,3.303543e-03,4.510855e-03,3.857124e-03,4.769123e-03,6.733466e-03,9.560937e-03,1.209786e-01,1.230489e-02,2.993284e-01,5.784962e-03,1.614788e-03,1.081331e-02,3.507691e-03,4.975532e-01
1.104431e-02,2.791166e-03,3.219120e-03,2.834594e-03,3.538665e-03,5.228274e-03,6.708961e-03,8.477120e-02,1.683183e-02,2.132105e-01,4.506472e-03,1.198105e-03,7.984169e-03,4.958958e-03,6.311737e-01
7.858751e-03,2.258951e-03,2.283604e-03,2.006404e-03,2.606463e-03,4.319857e-03,4.708293e-03,5.935161e-02,1.842630e-02,1.501175e-01,4.559671e-03,9.128138e-04,6.067134e-03,1.317178e-02,7.213508e-01
5.580698e-03,1.644868e-03,1.612403e-03,1.412226e-03,2.069290e-03,3.140682e-03,3.297246e-03,4.154812e-02,1.520276e-02,1.052844e-01,8.963033e-03,6.539410e-04,4.436486e-03,2.249033e-02,7.826635e-01
3.978289e-03,1.248440e-03,1.147374e-03,9.915461e-04,1.535202e-03,2.281673e-03,2.308780e-03,2.908447e-02,1.451810e-02,7.394000e-02,1.022500e-02,4.655538e-04,3.214322e-03,3.722160e-02,8.178396e-01
2.818244e-03,9.368037e-04,8.210220e-04,6.961599e-04,1.206376e-03,1.656125e-03,1.616462e-03,2.035942e-02,1.668751e-02,5.191409e-02,1.285323e-02,3.373317e-04,2.423529e-03,5.386463e-02,8.318090e-01
2.018709e-03,7.396295e-04,5.953708e-04,4.899013e-04,9.423860e-04,1.206888e-03,1.131910e-03,1.425169e-02,2.665890e-02,3.646564e-02,1.185855e-02,2.411515e-04,1.799991e-03,5.174409e-02,8.498552e-01
1.611176e-03,7.537137e-04,5.736252e-04,3.587475e-04,7.440516e-04,1.189108e-03,7.938383e-04,9.976625e-03,1.483680e-01,2.574296e-02,1.092376e-02,1.765038e-04,1.411168e-03,4.323990e-02,7.541369e-01
1.442124e-03,1.109713e-03,6.971894e-04,2.622668e-04,6.628399e-04,1.155991e-03,5.571673e-04,6.983940e-03,1.924107e-01,1.855127e-02,1.225636e-02,1.311260e-04,1.161244e-03,4.834003e-02,7.142781e-01
1.872053e-03,2.316125e-03,1.973137e-03,2.251070e-04,5.673979e-04,4.680261e-03,3.983872e-04,4.893560e-03,3.091117e-01,1.516066e-02,1.456041e-02,1.461751e-04,1.169042e-03,4.163502e-02,6.012911e-01
1.594613e-03,2.575562e-03,1.740527e-03,2.024852e-04,5.197518e-04,5.710558e-03,2.826970e-04,3.428326e-03,3.973545e-01,1.401980e-02,1.183885e-02,1.204364e-04,9.813111e-04,3.285834e-02,5.267722e-01
1.248865e-03,2.168984e-03,1.558521e-03,1.844554e-04,4.195432e-04,4.822404e-03,2.006760e-04,2.400766e-03,4.541816e-01,1.217316e-02,9.518437e-03,1.230530e-04,7.818067e-04,4.192061e-02,4.682971e-01
1.020863e-03,2.879929e-03,3.148166e-03,7.652775e-04,5.393268e-04,3.903065e-03,1.491615e-04,1.684652e-03,5.413961e-01,1.527081e-02,8.690041e-03,5.380159e-04,1.519253e-03,4.186611e-02,3.766292e-01
1.436211e-03,4.114635e-03,4.947496e-03,1.244114e-03,8.981461e-04,4.226547e-03,1.339461e-04,1.204570e-03,5.366511e-01,1.616490e-02,1.395567e-02,9.182054e-04,1.925465e-03,1.071251e-01,3.050538e-01
4.175559e-03,8.185061e-03,3.620237e-02,1.055228e-02,2.075917e-03,4.785365e-03,1.104864e-04,1.070499e-03,5.174249e-01,1.489171e-02,2.738656e-02,2.035525e-03,2.427624e-03,1.129130e-01,2.557631e-01
1.811895e-02,9.031253e-03,3.977013e-02,1.818973e-02,1.188240e-02,4.788019e-03,2.115040e-04,1.368394e-03,5.121045e-01,1.438596e-02,3.098848e-02,2.371463e-03,2.673967e-03,1.225378e-01,2.115775e-01
1.925400e-02,1.194930e-02,5.082783e-02,3.030568e-02,1.288704e-02,5.020042e-03,2.073564e-04,1.117025e-03,4.536952e-01,1.343466e-02,2.615027e-02,2.660712e-03,2.553319e-03,1.578864e-01,2.120512e-01
1.479729e-02,3.195377e-02,5.079940e-02,2.939073e-02,1.396191e-02,3.925482e-03,1.589301e-04,9.693028e-04,3.967007e-01,1.344425e-02,1.945814e-02,2.011764e-03,2.087298e-03,1.137548e-01,3.065863e-01
2.108304e-02,7.542646e-02,4.878583e-02,3.819387e-02,6.440319e-02,3.492502e-03,2.608058e-04,2.546184e-03,3.629106e-01,1.433367e-02,1.652547e-02,1.528953e-03,1.967540e-03,8.679268e-02,2.617492e-01
1.959009e-02,5.621301e-02,4.652674e-02,1.649307e-01,1.150917e-01,3.446659e-03,3.179231e-04,4.968490e-03,2.995023e-01,1.165535e-02,1.306718e-02,1.329708e-03,1.919978e-03,6.209994e-02,1.993403e-01
1.622117e-02,4.234852e-02,4.110453e-02,1.983097e-01,9.689542e-02,3.238035e-03,2.921363e-04,3.696104e-03,2.673509e-01,1.310775e-02,1.180922e-02,1.400869e-03,1.811005e-03,4.528365e-02,2.571310e-01
1.305314e-02,3.064407e-02,4.344939e-02,1.402577e-01,6.925148e-02,2.403517e-03,2.141715e-04,2.682307e-03,2.192134e-01,1.731598e-02,8.745057e-03,1.013738e-03,1.393139e-03,3.791836e-02,4.124445e-01
4.381312e-02,3.500618e-02,7.100661e-02,1.330190e-01,9.739280e-02,1.678494e-02,9.124052e-04,4.978940e-03,1.928566e-01,1.520853e-02,8.257142e-03,1.134641e-03,2.628236e-03,3.784224e-02,3.391585e-01
8.730720e-02,2.898948e-02,8.291405e-02,9.993379e-02,8.635554e-02,1.551411e-02,8.374165e-04,6.590337e-03,2.128672e-01,1.380428e-02,7.946108e-03,1.154422e-03,3.343655e-03,4.649066e-02,3.059517e-01
9.248170e-02,5.300105e-02,1.139572e-01,1.178478e-01,7.726321e-02,2.697137e-02,1.234326e-03,5.207795e-03,1.817003e-01,1.487003e-02,7.461475e-03,1.358154e-03,5.159661e-03,3.768234e-02,2.638035e-01
6.830198e-02,4.555774e-02,8.357917e-02,8.931027e-02,5.598261e-02,2.183612e-02,1.143628e-03,3.968364e-03,1.783130e-01,1.093742e-01,5.935329e-03,1.638266e-03,1.218893e-02,2.820696e-02,2.946634e-01
8.918293e-02,3.997194e-02,6.094283e-02,6.789546e-02,4.135796e-02,2.585413e-02,2.761813e-03,7.503110e-03,1.826462e-01,9.289475e-02,2.831372e-02,6.885365e-03,7.962075e-02,2.859205e-02,2.455770e-01
1.219516e-01,2.996698e-02,4.401545e-02,4.892030e-02,3.117584e-02,2.126930e-02,2.308701e-03,5.476564e-03,1.475442e-01,1.004797e-01,4.272886e-02,8.572100e-03,1.459488e-01,2.326475e-02,2.263768e-01
1.072894e-01,2.249280e-02,3.126000e-02,3.629724e-02,3.108821e-02,1.627926e-02,2.258137e-03,5.734458e-03,1.162386e-01,7.480347e-02,6.571061e-02,1.117757e-02,2.130249e-01,1.762026e-02,2.487251e-01
1.069727e-01,1.908864e-02,2.225738e-02,2.965793e-02,3.685762e-02,1.573610e-02,2.944615e-03,1.253312e-02,2.367879e-01,5.595272e-02,5.843130e-02,1.090121e-02,1.911620e-01,1.314093e-02,1.875759e-01
1.152429e-01,1.676005e-02,2.197316e-02,3.828619e-02,7.001479e-02,1.742318e-02,8.606525e-03,4.358511e-02,2.070983e-01,4.050301e-02,5.085398e-02,9.712386e-03,2.058027e-01,1.238498e-02,1.417527e-01
1.246012e-01,2.204206e-02,3.383896e-02,1.545667e-01,5.448711e-02,2.979602e-02,6.780535e-03,3.368232e-02,1.836536e-01,3.699072e-02,3.677050e-02,8.729725e-03,1.516200e-01,8.770749e-03,1.136699e-01
1.393757e-01,3.189313e-02,5.349543e-02,1.986783e-01,4.891176e-02,2.408106e-02,5.568364e-03,3.881196e-02,1.787710e-01,3.621344e-02,2.685147e-02,7.519366e-03,1.079541e-01,6.236604e-03,9.563841e-02
1.581169e-01,4.866430e-02,6.711216e-02,1.819621e-01,4.322585e-02,2.091111e-02,4.584970e-03,3.840689e-02,1.878586e-01,3.858703e-02,2.267868e-02,8.573764e-03,8.065476e-02,4.779881e-03,9.388311e-02
2.051989e-01,5.025647e-02,7.280521e-02,1.590000e-01,5.743802e-02,2.275157e-02,4.675111e-03,4.339632e-02,1.682640e-01,3.283786e-02,2.147352e-02,8.876551e-03,6.161180e-02,3.824173e-03,8.759058e-02
2.181639e-01,5.879632e-02,8.716556e-02,1.307938e-01,7.546047e-02,2.905179e-02,4.271296e-03,4.185744e-02,1.580077e-01,2.934606e-02,2.320884e-02,7.138611e-03,4.594579e-02,3.234373e-03,8.755821e-02
2.067335e-01,5.452709e-02,1.533042e-01,1.626301e-01,6.667192e-02,2.894776e-02,4.291764e-03,3.857401e-02,1.211380e-01,2.762305e-02,1.805373e-02,5.534159e-03,3.298016e-02,2.537347e-03,7.645334e-02
2.152848e-01,5.205993e-02,1.182119e-01,1.448811e-01,9.594637e-02,6.403834e-02,9.456690e-03,4.401320e-02,1.357671e-01,1.977502e-02,1.383795e-02,4.252643e-03,2.414095e-02,2.035203e-03,5.629885e-02
2.346237e-01,4.091550e-02,8.548984e-02,1.192946e-01,1.054578e-01,6.466740e-02,9.437918e-03,1.209243e-01,1.286944e-01,1.404905e-02,1.150056e-02,3.931518e-03,1.817069e-02,1.838281e-03,4.100457e-02
1.747112e-01,2.904630e-02,6.084938e-02,8.668602e-02,8.043199e-02,4.928316e-02,7.139020e-03,3.552862e-01,9.158325e-02,9.878334e-03,8.702556e-03,2.899451e-03,1.318936e-02,1.364805e-03,2.894912e-02
1.313156e-01,2.063470e-02,4.359983e-02,6.213963e-02,5.927134e-02,3.558753e-02,5.208326e-03,5.304648e-01,6.452248e-02,6.999140e-03,6.747445e-03,2.225797e-03,9.730764e-03,1.043118e-03,2.050956e-02
1.022844e-01,1.457183e-02,3.104726e-02,4.409835e-02,4.244331e-02,2.573729e-02,3.812172e-03,6.570195e-01,4.535046e-02,4.999120e-03,4.895376e-03,1.634512e-03,6.933533e-03,7.483477e-04,1.442467e-02
8.317114e-02,1.028126e-02,2.193226e-02,3.107929e-02,3.013827e-02,1.835592e-02,2.805530e-03,7.460222e-01,3.197763e-02,3.525812e-03,3.661310e-03,1.358378e-03,4.989332e-03,5.518008e-04,1.014987e-02
7.325151e-02,7.288532e-03,1.555535e-02,2.201944e-02,2.144643e-02,1.345794e-02,2.084957e-03,8.043085e-01,2.255980e-02,2.484532e-03,2.873258e-03,1.262342e-03,3.773724e-03,4.417523e-04,7.191926e-03
1.635288e-01,5.604380e-03,1.103218e-02,1.656008e-02,1.526920e-02,1.037260e-02,1.607185e-03,6.742423e-01,1.765158e-02,2.386673e-03,2.762157e-02,2.088529e-02,2.446508e-02,3.005884e-03,5.767214e-03
2.617167e-01,4.383583e-03,7.848177e-03,1.245581e-02,1.091400e-02,8.663699e-03,1.230971e-03,5.301553e-01,1.526451e-02,1.882209e-03,3.289773e-02,2.525739e-02,7.972993e-02,3.301399e-03,4.298576e-03
2.459508e-01,3.192269e-03,5.649081e-03,1.007686e-02,7.877843e-03,7.716767e-03,9.382963e-04,3.918221e-01,1.195953e-02,1.601077e-03,3.280496e-02,3.179764e-02,2.416573e-01,3.673263e-03,3.282258e-03
3.067790e-01,2.476169e-03,4.386005e-03,7.982920e-03,6.195887e-03,9.946091e-03,1.460989e-03,2.891535e-01,1.166826e-02,1.269315e-03,2.554884e-02,1.355371e-01,1.882255e-01,6.307272e-03,3.063153e-03
3.269797e-01,2.118725e-03,3.399384e-03,6.501932e-03,5.159452e-03,1.190728e-02,1.663727e-03,2.083451e-01,1.193922e-02,1.071214e-03,2.058503e-02,2.550749e-01,1.365152e-01,5.802837e-03,2.936215e-03
4.060839e-01,1.929519e-03,2.864977e-03,5.331644e-03,4.236335e-03,1.602652e-02,1.779269e-03,1.470096e-01,1.063739e-02,1.258886e-03,1.719357e-02,2.804166e-01,9.705488e-02,4.770954e-03,3.405905e-03
4.968344e-01,1.828603e-03,2.386761e-03,4.465640e-03,3.587106e-03,1.883799e-02,2.054288e-03,1.037169e-01,8.265181e-03,1.439244e-03,1.483595e-02,2.638956e-01,6.921827e-02,5.077252e-03,3.556840e-03
4.152032e-01,1.758429e-03,2.018291e-03,3.950220e-03,4.058344e-03,1.959464e-02,2.363367e-03,7.326464e-02,7.753647e-03,1.535781e-03,2.951256e-02,3.754282e-01,5.029365e-02,9.963268e-03,3.301756e-03
2.959724e-01,1.478035e-03,1.475859e-03,2.885099e-03,4.040611e-03,1.430185e-02,1.744478e-03,5.140717e-02,5.916819e-03,1.421875e-03,4.638425e-02,5.268915e-01,3.544977e-02,8.250135e-03,2.380121e-03
2.087402e-01,1.613203e-03,1.179176e-03,2.169295e-03,4.737082e-03,1.049052e-02,1.292048e-03,3.613592e-02,4.541270e-03,1.419907e-03,6.292409e-02,6.311349e-01,2.505796e-02,6.856809e-03,1.707643e-03
1.486716e-01,1.289888e-03,8.883426e-04,1.643373e-03,4.809168e-03,7.661549e-03,9.438787e-04,2.549724e-02,3.443010e-03,1.498021e-03,6.804252e-02,7.109409e-01,1.773253e-02,5.715837e-03,1.222119e-03
1.054552e-01,1.244328e-03,6.873311e-04,1.209298e-03,4.690788e-03,5.567756e-03,6.830990e-04,1.793398e-02,2.739353e-03,1.471163e-03,5.890486e-02,7.812649e-01,1.248989e-02,4.784667e-03,8.733942e-04
7.477197e-02,9.640071e-04,5.001116e-04,8.755692e-04,3.995954e-03,4.048089e-03,4.854220e-04,1.256191e-02,2.078685e-03,1.144520e-03,5.970271e-02,8.246213e-01,8.832256e-03,4.792050e-03,6.254195e-04
5.341106e-02,8.247051e-04,3.995079e-04,6.812130e-04,4.021295e-03,3.066827e-03,3.583070e-04,8.818013e-03,1.587333e-03,9.217067e-04,5.733689e-02,8.565423e-01,6.251683e-03,5.327177e-03,4.519127e-04
3.843395e-02,7.777583e-04,3.244901e-04,5.423811e-04,4.466559e-03,2.458551e-03,2.709828e-04,6.194866e-03,1.258100e-03,8.151366e-04,5.578884e-02,8.781591e-01,4.456863e-03,5.704513e-03,3.478962e-04
2.887630e-02,1.539424e-03,6.205081e-04,4.871165e-04,1.712525e-02,2.123066e-03,2.393626e-04,4.575111e-03,1.101083e-03,8.786737e-04,7.187413e-02,8.596764e-01,3.288007e-03,7.257403e-03,3.382223e-04
2.174543e-02,1.933353e-03,9.712756e-04,4.729026e-04,2.921224e-02,1.970741e-03,2.220694e-04,3.673858e-03,1.094638e-03,1.254166e-03,6.984530e-02,8.557791e-01,2.478975e-03,8.968773e-03,3.772094e-04
1.662356e-02,2.316986e-03,3.325552e-03,1.274012e-03,4.417216e-02,4.706975e-03,9.137336e-04,4.669636e-03,1.202655e-03,1.592429e-03,6.480763e-02,8.442920e-01,1.945413e-03,7.316125e-03,8.411267e-04
1.236158e-02,1.993855e-03,2.880543e-03,1.068072e-03,3.477306e-02,6.922686e-03,9.300284e-04,3.995426e-03,1.135369e-03,1.295751e-03,5.453624e-02,8.701910e-01,1.498067e-03,5.702675e-03,7.156734e-04
1.001765e-02,2.123090e-03,4.000579e-03,1.028171e-03,3.033793e-02,7.236657e-03,9.297685e-04,5.238723e-03,1.122212e-03,1.280379e-03,4.822739e-02,8.819088e-01,1.181278e-03,4.735103e-03,6.322293e-04
7.574868e-03,3.365309e-03,4.520264e-03,1.190002e-03,2.650585e-02,6.456473e-03,7.922237e-04,5.782322e-03,7.390613e-03,1.364829e-03,1.189950e-01,8.081976e-01,8.715384e-04,5.987117e-03,1.005911e-03
5.951711e-03,6.708508e-03,8.738935e-03,2.814259e-03,2.282934e-02,5.223541e-03,6.444553e-04,1.059803e-02,1.671526e-02,1.601747e-03,1.659288e-01,7.441516e-01,6.430556e-04,6.092310e-03,1.358381e-03
9.045558e-03,5.578121e-03,6.544536e-02,1.144004e-02,2.118527e-02,1.298111e-02,1.994169e-03,3.269903e-02,2.175650e-02,3.092472e-03,1.926699e-01,6.112936e-01,5.929147e-04,8.892132e-03,1.333749e-03
1.687928e-02,5.176229e-03,7.608688e-02,3.240137e-02,2.571978e-02,1.992590e-02,3.877165e-03,1.501270e-01,2.440505e-02,5.408234e-03,1.791138e-01,4.493232e-01,5.763726e-04,9.925183e-03,1.054506e-03
4.087172e-02,6.377489e-03,7.084401e-02,3.269261e-02,8.428946e-02,1.981471e-02,4.746705e-03,1.243520e-01,3.854369e-02,8.604347e-03,2.340941e-01,3.207525e-01,6.020597e-04,1.187268e-02,1.541900e-03
8.376037e-02,9.538078e-03,1.377204e-01,6.350887e-02,7.878462e-02,1.890510e-02,4.032920e-03,1.152314e-01,4.642379e-02,8.205406e-03,1.893608e-01,2.298828e-01,7.220142e-04,1.038522e-02,3.538230e-03
1.034985e-01,1.129913e-02,1.604379e-01,9.129368e-02,8.405891e-02,1.636602e-02,3.318528e-03,1.116405e-01,5.304235e-02,8.438371e-03,1.722934e-01,1.678209e-01,8.550777e-04,1.137588e-02,4.260809e-03
1.370488e-01,1.174939e-02,1.400824e-01,1.501937e-01,6.887119e-02,1.702112e-02,2.504505e-03,9.998836e-02,6.169844e-02,1.261883e-02,1.544166e-01,1.221402e-01,9.717188e-04,1.519276e-02,5.501946e-03
1.443382e-01,1.041496e-02,1.089754e-01,1.682590e-01,6.069521e-02,1.312300e-02,1.848784e-03,7.594661e-02,1.382955e-01,1.625589e-02,1.453559e-01,8.639680e-02,8.062675e-04,2.456716e-02,4.721430e-03
1.367793e-01,9.580298e-03,8.148398e-02,1.523683e-01,5.338263e-02,9.825696e-03,1.385841e-03,5.818771e-02,2.530504e-01,1.465144e-02,1.374953e-01,6.132730e-02,7.305769e-04,2.569287e-02,4.058306e-03
1.633005e-01,1.135647e-02,6.203450e-02,1.192720e-01,5.354007e-02,7.963421e-03,1.159961e-03,4.479514e-02,2.827392e-01,1.358019e-02,1.581074e-01,4.438937e-02,8.198359e-04,3.293559e-02,4.006352e-03
1.967882e-01,1.819203e-02,4.981276e-02,9.444233e-02,5.236824e-02,8.055230e-03,1.211492e-03,3.597382e-02,3.107257e-01,1.127029e-02,1.391086e-01,3.316610e-02,1.188172e-03,4.265613e-02,5.040892e-03
2.242635e-01,3.232337e-02,3.920922e-02,7.291078e-02,4.450311e-02,7.596355e-03,1.158090e-03,2.676684e-02,3.288661e-01,8.929467e-03,1.194166e-01,2.711963e-02,1.908987e-03,5.811183e-02,6.916105e-03
2.820069e-01,6.148043e-02,3.088757e-02,5.556018e-02,4.080508e-02,8.640483e-03,1.440122e-03,2.154063e-02,2.902462e-01,7.019024e-03,1.034024e-01,3.216051e-02,3.238401e-03,5.328165e-02,8.290366e-03
3.465898e-01,8.880318e-02,2.563177e-02,4.443068e-02,3.607294e-02,8.444325e-03,1.647278e-03,2.152722e-02,2.441925e-01,5.248046e-03,8.386739e-02,3.560736e-02,4.929345e-03,4.402607e-02,8.982049e-03
4.267627e-01,1.000616e-01,2.951508e-02,3.711317e-02,3.171507e-02,8.698326e-03,1.799851e-03,1.855682e-02,1.807589e-01,4.222769e-03,6.929966e-02,3.949021e-02,5.319281e-03,3.689596e-02,9.790587e-03
4.414975e-01,8.740748e-02,6.832315e-02,3.366536e-02,2.279317e-02,9.741774e-03,1.533235e-03,1.399582e-02,1.326439e-01,6.368986e-03,8.464886e-02,3.202588e-02,4.715002e-03,3.711030e-02,2.352957e-02
3.134291e-01,8.712752e-02,1.458991e-01,4.694737e-02,1.602057e-02,8.687261e-03,1.080007e-03,9.909332e-03,9.465394e-02,4.920424e-03,1.012913e-01,2.371523e-02,4.277373e-03,1.230534e-01,1.898806e-02
2.235124e-01,6.315292e-02,1.092271e-01,3.412361e-02,1.129828e-02,7.334314e-03,7.732270e-04,7.093315e-03,6.749766e-02,3.603408e-03,2.960886e-01,1.902422e-02,3.676183e-03,1.398582e-01,1.373669e-02
1.582003e-01,4.511694e-02,8.044590e-02,2.489841e-02,8.112395e-03,7.037022e-03,5.792746e-04,5.089408e-03,4.828116e-02,2.600562e-03,3.445987e-01,1.497282e-02,2.974193e-03,2.471272e-01,9.965784e-03
1.109707e-01,3.175763e-02,5.641922e-02,1.804635e-02,6.361522e-03,5.344326e-03,4.290116e-04,3.620139e-03,3.585438e-02,2.156646e-03,4.217820e-01,1.292065e-02,2.351121e-03,2.848904e-01,7.095968e-03
7.774878e-02,2.231316e-02,3.972618e-02,1.288216e-02,4.926554e-03,5.541043e-03,3.190472e-04,2.604862e-03,2.723425e-02,1.825677e-03,4.458106e-01,1.072050e-02,1.931532e-03,3.413751e-01,5.040567e-03
5.447106e-02,1.578561e-02,2.785150e-02,9.090863e-03,3.830906e-03,4.541458e-03,2.302292e-04,1.845668e-03,2.452608e-02,1.499427e-03,4.763642e-01,1.047428e-02,1.685997e-03,3.642357e-01,3.567057e-03
3.819069e-02,1.143756e-02,1.961298e-02,6.525650e-03,3.568058e-03,6.545430e-03,1.749939e-04,1.340115e-03,2.976474e-02,1.341912e-03,4.655646e-01,1.172803e-02,1.424264e-03,4.002373e-01,2.543759e-03
2.677392e-02,8.121548e-03,1.376656e-02,4.679544e-03,2.783346e-03,6.853405e-03,1.297764e-04,9.552869e-04,2.339086e-02,1.186359e-03,4.860926e-01,1.030543e-02,1.197418e-03,4.119452e-01,1.818769e-03
1.880692e-02,5.742406e-03,9.772148e-03,3.344372e-03,2.331581e-03,5.851958e-03,1.063391e-04,7.322061e-04,1.862667e-02,1.142027e-03,5.352428e-01,8.337255e-03,9.555739e-04,3.877026e-01,1.305116e-03
1.321736e-02,4.110117e-03,6.994923e-03,2.395798e-03,1.989221e-03,4.716552e-03,8.398665e-05,5.563980e-04,1.468865e-02,1.131942e-03,5.618766e-01,6.752681e-03,7.625744e-04,3.797629e-01,9.602827e-04
9.290957e-03,3.038896e-03,4.947315e-03,1.756811e-03,1.483112e-03,3.807629e-03,6.620207e-05,3.976351e-04,1.307286e-02,1.560339e-03,5.925894e-01,5.485855e-03,6.726786e-04,3.610795e-01,7.507696e-04
6.585521e-03,2.300164e-03,3.604358e-03,1.418911e-03,1.330998e-03,2.932885e-03,6.640647e-05,4.828415e-04,1.547515e-02,2.676721e-03,6.093157e-01,4.627162e-03,6.297187e-04,3.479443e-01,6.091132e-04
4.706722e-03,1.679637e-03,2.635570e-03,1.108829e-03,1.625304e-03,2.218923e-03,6.968077e-05,5.625575e-04,1.609438e-02,2.815656e-03,5.674517e-01,3.663418e-03,6.139054e-04,3.942873e-01,4.664022e-04
3.486044e-03,1.233648e-03,1.944614e-03,1.313040e-03,2.549143e-03,1.757863e-03,1.061607e-04,2.361210e-03,2.235138e-02,4.277688e-03,5.389373e-01,3.129205e-03,7.379342e-04,4.154351e-01,3.796106e-04
2.682365e-03,1.067323e-03,2.029068e-03,3.741969e-03,5.393559e-03,2.046305e-03,3.195809e-04,9.248802e-03,2.699459e-02,8.195589e-03,5.032104e-01,2.788621e-03,8.153502e-04,4.311387e-01,3.277579e-04
2.239101e-03,1.822646e-03,3.212144e-03,6.813292e-03,1.095469e-02,6.869282e-03,3.907702e-04,1.366107e-02,3.035902e-02,1.419455e-02,4.583510e-01,2.668409e-03,1.146933e-03,4.464139e-01,9.032096e-04
6.123397e-03,3.138252e-03,1.250833e-02,1.708056e-02,4.027389e-02,8.696379e-03,5.475089e-04,1.837896e-02,4.560875e-02,1.470126e-02,4.150402e-01,4.045577e-03,1.499620e-03,4.110110e-01,1.346311e-03
3.096506e-02,5.752581e-03,4.011494e-02,5.134676e-02,5.754591e-02,1.614075e-02,8.837890e-04,3.240991e-02,5.296415e-02,1.643337e-02,3.425725e-01,3.510985e-03,1.343798e-03,3.454996e-01,2.515813e-03
5.426514e-02,1.104302e-02,5.403818e-02,4.139871e-02,8.870899e-02,3.838531e-02,1.382836e-03,5.302922e-02,6.679774e-02,1.357007e-02,2.587379e-01,2.894211e-03,1.239894e-03,3.043660e-01,1.014277e-02
6.189499e-02,1.473551e-02,5.861571e-02,3.326835e-02,9.990453e-02,5.291761e-02,1.317383e-03,4.957914e-02,1.202165e-01,1.148114e-02,1.889547e-01,2.324900e-03,1.035153e-03,2.843915e-01,1.936281e-02
6.129064e-02,1.184031e-02,4.946409e-02,2.552503e-02,8.418280e-02,5.312232e-02,9.724642e-04,3.652407e-02,2.792380e-01,1.051568e-02,1.394241e-01,1.721544e-03,1.097958e-03,2.298951e-01,1.518580e-02
5.124752e-02,8.645693e-03,4.235367e-02,2.164120e-02,6.352260e-02,3.900807e-02,6.926457e-04,2.787109e-02,4.428493e-01,8.092765e-03,1.025001e-01,1.357924e-03,8.501951e-04,1.776857e-01,1.168153e-02
4.833467e-02,6.177919e-03,3.328831e-02,1.806416e-02,4.560964e-02,2.856926e-02,4.998953e-04,2.150407e-02,5.485235e-01,6.113134e-03,7.933490e-02,1.171164e-03,7.356434e-04,1.526639e-01,9.409769e-03
4.814311e-02,4.820285e-03,3.877541e-02,1.709983e-02,3.412747e-02,2.262329e-02,3.999496e-04,2.979067e-02,5.997614e-01,4.473060e-03,6.201388e-02,1.176028e-03,7.453180e-04,1.287736e-01,7.276603e-03
5.311722e-02,3.762751e-03,3.934785e-02,1.627576e-02,2.745259e-02,1.923821e-02,3.440260e-04,4.261782e-02,6.200837e-01,3.973877e-03,6.245628e-02,2.168551e-03,7.088370e-04,1.028360e-01,5.616417e-03
