1.000000e+00,0.000000e+00,0.000000e+00,0.000000e+00,0.000000e+00,0.000000e+00,0.000000e+00,0.000000e+00,0.000000e+00,0.000000e+00,0.000000e+00,0.000000e+00,0.000000e+00,0.000000e+00,0.000000e+00
1.000000e+00,0.000000e+00,0.000000e+00,0.000000e+00,0.000000e+00,0.000000e+00,0.000000e+00,0.000000e+00,0.000000e+00,0.000000e+00,0.000000e+00,0.000000e+00,0.000000e+00,0.000000e+00,0.000000e+00
1.000000e+00,0.000000e+00,0.000000e+00,0.000000e+00,0.000000e+00,0.000000e+00,0.000000e+00,0.000000e+00,0.000000e+00,0.000000e+00,0.000000e+00,0.000000e+00,0.000000e+00,0.000000e+00,0.000000e+00
1.000000e+00,0.000000e+00,0.000000e+00,0.000000e+00,0.000000e+00,0.000000e+00,0.000000e+00,0.000000e+00,0.000000e+00,0.000000e+00,0.000000e+00,0.000000e+00,0.000000e+00,0.000000e+00,0.000000e+00
1.000000e+00,0.000000e+00,0.000000e+00,0.000000e+00,0.000000e+00,0.000000e+00,0.000000e+00,0.000000e+00,0.000000e+00,0.000000e+00,0.000000e+00,0.000000e+00,0.000000e+00,0.000000e+00,0.000000e+00
1.000000e+00,0.000000e+00,0.000000e+00,0.000000e+00,0.000000e+00,0.000000e+00,0.000000e+00,0.000000e+00,0.000000e+00,0.000000e+00,0.000000e+00,0.000000e+00,0.000000e+00,0.000000e+00,0.000000e+00
1.000000e+00,0.000000e+00,0.000000e+00,0.000000e+00,0.000000e+00,0.000000e+00,0.000000e+00,0.000000e+00,0.000000e+00,0.000000e+00,0.000000e+00,0.000000e+00,0.000000e+00,0.000000e+00,0.000000e+00
1.000000e+00,0.000000e+00,0.000000e+00,0.000000e+00,0.000000e+00,0.000000e+00,0.000000e+00,0.000000e+00,0.000000e+00,0.000000e+00,0.000000e+00,0.000000e+00,0.000000e+00,0.000000e+00,0.000000e+00
1.000000e+00,0.000000e+00,0.000000e+00,0.000000e+00,0.000000e+00,0.000000e+00,0.000000e+00,0.000000e+00,0.000000e+00,0.000000e+00,0.000000e+00,0.000000e+00,0.000000e+00,0.000000e+00,0.000000e+00
1.000000e+00,0.000000e+00,0.000000e+00,0.000000e+00,0.000000e+00,0.000000e+00,0.000000e+00,0.000000e+00,0.000000e+00,0.000000e+00,0.000000e+00,0.000000e+00,0.000000e+00,0.000000e+00,0.000000e+00
1.000000e+00,0.000000e+00,0.000000e+00,0.000000e+00,0.000000e+00,0.000000e+00,0.000000e+00,0.000000e+00,0.000000e+00,0.000000e+00,0.000000e+00,0.000000e+00,0.000000e+00,0.000000e+00,0.000000e+00
1.000000e+00,0.000000e+00,0.000000e+00,0.000000e+00,0.000000e+00,0.000000e+00,0.000000e+00,0.000000e+00,0.000000e+00,0.000000e+00,0.000000e+00,0.000000e+00,0.000000e+00,0.000000e+00,0.000000e+00
1.000000e+00,0.000000e+00,0.000000e+00,0.000000e+00,0.000000e+00,0.000000e+00,0.000000e+00,0.000000e+00,0.000000e+00,0.000000e+00,0.000000e+00,0.000000e+00,0.000000e+00,0.000000e+00,0.000000e+00
1.000000e+00,0.000000e+00,0.000000e+00,0.000000e+00,0.000000e+00,0.000000e+00,0.000000e+00,0.000000e+00,0.000000e+00,0.000000e+00,0.000000e+00,0.000000e+00,0.000000e+00,0.000000e+00,0.000000e+00
1.000000e+00,0.000000e+00,0.000000e+00,0.000000e+00,0.000000e+00,0.000000e+00,0.000000e+00,0.000000e+00,0.000000e+00,0.000000e+00,0.000000e+00,0.000000e+00,0.000000e+00,0.000000e+00,0.000000e+00
1.000000e+00,0.000000e+00,0.000000e+00,0.000000e+00,0.000000e+00,0.000000e+00,0.000000e+00,0.000000e+00,0.000000e+00,0.000000e+00,0.000000e+00,0.000000e+00,0.000000e+00,0.000000e+00,0.000000e+00
1.000000e+00,0.000000e+00,0.000000e+00,0.000000e+00,0.000000e+00,0.000000e+00,0.000000e+00,0.000000e+00,0.000000e+00,0.000000e+00,0.000000e+00,0.000000e+00,0.000000e+00,0.000000e+00,0.000000e+00
1.000000e+00,0.000000e+00,0.000000e+00,0.000000e+00,0.000000e+00,0.000000e+00,0.000000e+00,0.000000e+00,0.000000e+00,0.000000e+00,0.000000e+00,0.000000e+00,0.000000e+00,0.000000e+00,0.000000e+00
1.000000e+00,0.000000e+00,0.000000e+00,0.000000e+00,0.000000e+00,0.000000e+00,0.000000e+00,0.000000e+00,0.000000e+00,0.000000e+00,0.000000e+00,0.000000e+00,0.000000e+00,0.000000e+00,0.000000e+00
1.000000e+00,0.000000e+00,0.000000e+00,0.000000e+00,0.000000e+00,0.000000e+00,0.000000e+00,0.000000e+00,0.000000e+00,0.000000e+00,0.000000e+00,0.000000e+00,0.000000e+00,0.000000e+00,0.000000e+00
1.000000e+00,0.000000e+00,0.000000e+00,0.000000e+00,0.000000e+00,0.000000e+00,0.000000e+00,0.000000e+00,0.000000e+00,0.000000e+00,0.000000e+00,0.000000e+00,0.000000e+00,0.000000e+00,0.000000e+00
1.000000e+00,0.000000e+00,0.000000e+00,0.000000e+00,0.000000e+00,0.000000e+00,0.000000e+00,0.000000e+00,0.000000e+00,0.000000e+00,0.000000e+00,0.000000e+00,0.000000e+00,0.000000e+00,0.000000e+00
1.000000e+00,0.000000e+00,0.000000e+00,0.000000e+00,0.000000e+00,0.000000e+00,0.000000e+00,0.000000e+00,0.000000e+00,0.000000e+00,0.000000e+00,0.000000e+00,0.000000e+00,0.000000e+00,0.000000e+00
1.000000e+00,0.000000e+00,0.000000e+00,0.000000e+00,0.000000e+00,0.000000e+00,0.000000e+00,0.000000e+00,0.000000e+00,0.000000e+00,0.000000e+00,0.000000e+00,0.000000e+00,0.000000e+00,0.000000e+00
1.000000e+00,0.000000e+00,0.000000e+00,0.000000e+00,0.000000e+00,0.000000e+00,0.000000e+00,0.000000e+00,0.000000e+00,0.000000e+00,0.000000e+00,0.000000e+00,0.000000e+00,0.000000e+00,0.000000e+00
1.000000e+00,0.000000e+00,0.000000e+00,0.000000e+00,0.000000e+00,0.000000e+00,0.000000e+00,0.000000e+00,0.000000e+00,0.000000e+00,0.000000e+00,0.000000e+00,0.000000e+00,0.000000e+00,0.000000e+00
1.000000e+00,0.000000e+00,0.000000e+00,0.000000e+00,0.000000e+00,0.000000e+00,0.000000e+00,0.000000e+00,0.000000e+00,0.000000e+00,0.000000e+00,0.000000e+00,0.000000e+00,0.000000e+00,0.000000e+00
1.000000e+00,0.000000e+00,0.000000e+00,0.000000e+00,0.000000e+00,0.000000e+00,0.000000e+00,0.000000e+00,0.000000e+00,0.000000e+00,0.000000e+00,0.000000e+00,0.000000e+00,0.000000e+00,0.000000e+00
1.000000e+00,0.000000e+00,0.000000e+00,0.000000e+00,0.000000e+00,0.000000e+00,0.000000e+00,0.000000e+00,0.000000e+00,0.000000e+00,0.000000e+00,0.000000e+00,0.000000e+00,0.000000e+00,0.000000e+00
1.000000e+00,0.000000e+00,0.000000e+00,0.000000e+00,0.000000e+00,0.000000e+00,0.000000e+00,0.000000e+00,0.000000e+00,0.000000e+00,0.000000e+00,0.000000e+00,0.000000e+00,0.000000e+00,0.000000e+00
1.000000e+00,0.000000e+00,0.000000e+00,0.000000e+00,0.000000e+00,0.000000e+00,0.000000e+00,0.000000e+00,0.000000e+00,0.000000e+00,0.000000e+00,0.000000e+00,0.000000e+00,0.000000e+00,0.000000e+00
1.000000e+00,0.000000e+00,0.000000e+00,0.000000e+00,0.000000e+00,0.000000e+00,0.000000e+00,0.000000e+00,0.000000e+00,0.000000e+00,0.000000e+00,0.000000e+00,0.000000e+00,0.000000e+00,0.000000e+00
1.000000e+00,0.000000e+00,0.000000e+00,0.000000e+00,0.000000e+00,0.000000e+00,0.000000e+00,0.000000e+00,0.000000e+00,0.000000e+00,0.000000e+00,0.000000e+00,0.000000e+00,0.000000e+00,0.000000e+00
1.000000e+00,0.000000e+00,0.000000e+00,0.000000e+00,0.000000e+00,0.000000e+00,0.000000e+00,0.000000e+00,0.000000e+00,0.000000e+00,0.000000e+00,0.000000e+00,0.000000e+00,0.000000e+00,0.000000e+00
1.000000e+00,0.000000e+00,0.000000e+00,0.000000e+00,0.000000e+00,0.000000e+00,0.000000e+00,0.000000e+00,0.000000e+00,0.000000e+00,0.000000e+00,0.000000e+00,0.000000e+00,0.000000e+00,0.000000e+00
1.000000e+00,0.000000e+00,0.000000e+00,0.000000e+00,0.000000e+00,0.000000e+00,0.000000e+00,0.000000e+00,0.000000e+00,0.000000e+00,0.000000e+00,0.000000e+00,0.000000e+00,0.000000e+00,0.000000e+00
1.000000e+00,0.000000e+00,0.000000e+00,0.000000e+00,0.000000e+00,0.000000e+00,0.000000e+00,0.000000e+00,0.000000e+00,0.000000e+00,0.000000e+00,0.000000e+00,0.000000e+00,0.000000e+00,0.000000e+00
1.000000e+00,0.000000e+00,0.000000e+00,0.000000e+00,0.000000e+00,0.000000e+00,0.000000e+00,0.000000e+00,0.000000e+00,0.000000e+00,0.000000e+00,0.000000e+00,0.000000e+00,0.000000e+00,0.000000e+00
1.000000e+00,0.000000e+00,0.000000e+00,0.000000e+00,0.000000e+00,0.000000e+00,0.000000e+00,0.000000e+00,0.000000e+00,0.000000e+00,0.000000e+00,0.000000e+00,0.000000e+00,0.000000e+00,0.000000e+00
1.000000e+00,0.000000e+00,0.000000e+00,0.000000e+00,0.000000e+00,0.000000e+00,0.000000e+00,0.000000e+00,0.000000e+00,0.000000e+00,0.000000e+00,0.000000e+00,0.000000e+00,0.000000e+00,0.000000e+00
1.000000e+00,0.000000e+00,0.000000e+00,0.000000e+00,0.000000e+00,0.000000e+00,0.000000e+00,0.000000e+00,0.000000e+00,0.000000e+00,0.000000e+00,0.000000e+00,0.000000e+00,0.000000e+00,0.000000e+00
1.000000e+00,0.000000e+00,0.000000e+00,0.000000e+00,0.000000e+00,0.000000e+00,0.000000e+00,0.000000e+00,0.000000e+00,0.000000e+00,0.000000e+00,0.000000e+00,0.000000e+00,0.000000e+00,0.000000e+00
1.000000e+00,0.000000e+00,0.000000e+00,0.000000e+00,0.000000e+00,0.000000e+00,0.000000e+00,0.000000e+00,0.000000e+00,0.000000e+00,0.000000e+00,0.000000e+00,0.000000e+00,0.000000e+00,0.000000e+00
4.899407e-01,9.619522e-03,2.493476e-02,3.531305e-02,4.756894e-03,2.838984e-02,3.412076e-01,1.460816e-02,2.790072e-03,7.680102e-04,5.397277e-03,1.756162e-02,1.570410e-02,1.140733e-03,7.867706e-03
3.965318e-01,7.100102e-03,2.109580e-02,2.536174e-02,4.219634e-03,2.612153e-02,4.562864e-01,2.235629e-02,2.134632e-03,6.420445e-04,4.113750e-03,1.422555e-02,1.270696e-02,9.174909e-04,6.186311e-03
2.836808e-01,5.024305e-03,1.588712e-02,1.782528e-02,3.279239e-03,2.156739e-02,6.032094e-01,1.992509e-02,1.512493e-03,4.692969e-04,2.909706e-03,1.024871e-02,9.380172e-03,6.654910e-04,4.415603e-03
2.139090e-01,3.589909e-03,1.220648e-02,1.254759e-02,2.563213e-03,1.912923e-02,6.918428e-01,2.260805e-02,1.083698e-03,3.474783e-04,2.074400e-03,7.412510e-03,6.954007e-03,4.894132e-04,3.242214e-03
1.577541e-01,2.559502e-03,9.148262e-03,8.827903e-03,1.927986e-03,1.641808e-02,7.635225e-01,2.376243e-02,7.773131e-04,2.556871e-04,1.472262e-03,5.312083e-03,5.465558e-03,3.602766e-04,2.436015e-03
1.230194e-01,1.869289e-03,6.837676e-03,6.248733e-03,1.461297e-03,1.489003e-02,8.099170e-01,2.325712e-02,5.774910e-04,1.882209e-04,1.065372e-03,3.842134e-03,4.591820e-03,2.745547e-04,1.959829e-03
1.043035e-01,1.432790e-03,5.292771e-03,4.463905e-03,1.221755e-03,1.433720e-02,8.296183e-01,2.865724e-02,4.969001e-04,1.443862e-04,8.284229e-04,2.835631e-03,4.486037e-03,2.226940e-04,1.658404e-03
9.326494e-02,1.181186e-03,4.136211e-03,3.326352e-03,1.238040e-03,1.290859e-02,8.279120e-01,4.597233e-02,4.216027e-04,1.181298e-04,6.840083e-04,2.327898e-03,4.688573e-03,1.979552e-04,1.622113e-03
7.250612e-02,8.949382e-04,3.280553e-03,2.430251e-03,1.074298e-03,1.030333e-02,8.224970e-01,7.866651e-02,3.274432e-04,9.480762e-05,5.471794e-04,1.812971e-03,4.003692e-03,1.646722e-04,1.396203e-03
5.848018e-02,7.174137e-04,2.822555e-03,2.030755e-03,1.002701e-03,8.449923e-03,7.564008e-01,1.630920e-01,2.709191e-04,8.340027e-05,4.603208e-04,1.504374e-03,3.369374e-03,1.395633e-04,1.175676e-03
5.881367e-02,6.877273e-04,2.973358e-03,1.864877e-03,1.069707e-03,7.705674e-03,6.809447e-01,2.383292e-01,2.881770e-04,8.450502e-05,4.635343e-04,1.609500e-03,3.660435e-03,1.567306e-04,1.348212e-03
6.170251e-02,8.594975e-04,3.669250e-03,2.329879e-03,1.649112e-03,6.731777e-03,5.614268e-01,3.520302e-01,4.015785e-04,1.644832e-04,5.277438e-04,2.116426e-03,3.972450e-03,2.499003e-04,2.168344e-03
7.320483e-02,1.261440e-03,3.907257e-03,2.607296e-03,3.519037e-03,7.343752e-03,4.985978e-01,3.960728e-01,5.408976e-04,2.402235e-04,7.162974e-04,3.175121e-03,5.273755e-03,3.518960e-04,3.187526e-03
9.257957e-02,1.317793e-03,3.592843e-03,2.662806e-03,6.340313e-03,9.304506e-03,3.943174e-01,4.711839e-01,6.244895e-04,3.440672e-04,1.290078e-03,5.495920e-03,7.201921e-03,3.593761e-04,3.385056e-03
1.199260e-01,2.393869e-03,3.757506e-03,2.867156e-03,8.688217e-03,1.013466e-02,3.130618e-01,4.739205e-01,1.028371e-03,1.544385e-03,8.473750e-03,1.037100e-02,3.392164e-02,2.205335e-03,7.705774e-03
1.336770e-01,5.003102e-03,3.974580e-03,4.576014e-03,1.327253e-02,1.120826e-02,2.522942e-01,4.560719e-01,2.196038e-03,4.651368e-03,1.341021e-02,1.982710e-02,6.343444e-02,5.612619e-03,1.079068e-02
1.320273e-01,4.274407e-03,3.098571e-03,7.470788e-03,1.148769e-02,1.334684e-02,2.000435e-01,3.361813e-01,8.630663e-03,7.079807e-03,2.445680e-02,6.489492e-02,1.585752e-01,1.416404e-02,1.426811e-02
9.451172e-02,3.342051e-03,2.363061e-03,7.415595e-03,9.629289e-03,1.169142e-02,1.589863e-01,2.373273e-01,1.391798e-02,6.114194e-03,2.642199e-02,7.469897e-02,3.148159e-01,2.240956e-02,1.635474e-02
6.690828e-02,2.628208e-03,1.891041e-03,6.044129e-03,9.030925e-03,8.864068e-03,1.133456e-01,1.668638e-01,1.580931e-02,6.026581e-03,2.032609e-02,7.755534e-02,4.627256e-01,2.658327e-02,1.539777e-02
5.235035e-02,2.868340e-03,1.653904e-03,5.344235e-03,9.001331e-03,6.711761e-03,8.421421e-02,1.170963e-01,1.736206e-02,2.498361e-02,1.681372e-02,1.096899e-01,4.850883e-01,4.702455e-02,1.979743e-02
4.378281e-02,2.585951e-03,1.622539e-03,5.872400e-03,8.739102e-03,6.292048e-03,6.241361e-02,8.266320e-02,2.672869e-02,2.708834e-02,2.218590e-02,1.258275e-01,4.880793e-01,7.741366e-02,1.870488e-02
3.233384e-02,4.153525e-03,1.829700e-03,5.400160e-03,7.910663e-03,4.757669e-03,4.540937e-02,5.918914e-02,4.226740e-02,3.271716e-02,2.473266e-02,1.437944e-01,4.717936e-01,1.056272e-01,1.808352e-02
2.282595e-02,3.013143e-03,1.330984e-03,3.936758e-03,6.751202e-03,3.417434e-03,3.220521e-02,4.184222e-02,1.079542e-01,2.666310e-02,1.918061e-02,1.815912e-01,3.881269e-01,1.457194e-01,1.544180e-02
1.668034e-02,2.302215e-03,1.003118e-03,2.917278e-03,5.869567e-03,2.552686e-03,2.277238e-02,2.951334e-02,1.782250e-01,2.220963e-02,1.588405e-02,1.943363e-01,2.994718e-01,1.921577e-01,1.410464e-02
1.192185e-02,5.593936e-03,1.222536e-03,2.323826e-03,6.167081e-03,3.527416e-03,1.626197e-02,2.078918e-02,2.521335e-01,1.688050e-02,1.351335e-02,1.454367e-01,2.114892e-01,2.801659e-01,1.257305e-02
8.706957e-03,6.111986e-03,1.062797e-03,1.805627e-03,6.175742e-03,5.751750e-03,1.147173e-02,1.463735e-02,3.253376e-01,1.240498e-02,1.312831e-02,1.051877e-01,1.489766e-01,3.280406e-01,1.120028e-02
6.750070e-03,5.823276e-03,1.342687e-03,4.656515e-03,6.897286e-03,1.781781e-02,8.110755e-03,1.057416e-02,4.148197e-01,9.494542e-03,1.190008e-02,7.597290e-02,1.081657e-01,3.073642e-01,1.031042e-02
5.511279e-03,8.387936e-03,1.557888e-03,3.507369e-03,7.134217e-03,1.505114e-02,5.684697e-03,7.460898e-03,4.938043e-01,6.988516e-03,9.806040e-03,5.380447e-02,7.618461e-02,2.968503e-01,8.266333e-03
6.155625e-03,1.297034e-02,1.021906e-02,4.271005e-03,1.222204e-02,4.258927e-02,4.257343e-03,8.193519e-03,5.229365e-01,5.663333e-03,8.557812e-03,3.796776e-02,5.394388e-02,2.619014e-01,8.151121e-03
5.811588e-03,1.726444e-02,1.832802e-02,1.038109e-02,2.148125e-02,4.028844e-02,3.285696e-03,8.406473e-03,5.829418e-01,4.855112e-03,7.228438e-03,2.704020e-02,3.853143e-02,2.049743e-01,9.181706e-03
8.896336e-03,1.532160e-02,1.393100e-02,9.031421e-03,2.236723e-02,3.777250e-02,2.433799e-03,6.992992e-03,6.461610e-01,3.901874e-03,6.477519e-03,1.937816e-02,2.759936e-02,1.708390e-01,8.896269e-03
6.380236e-03,1.235805e-02,9.947281e-03,7.561993e-03,1.661451e-02,2.785045e-02,1.722755e-03,5.129105e-03,7.382294e-01,3.142705e-03,5.164069e-03,1.377427e-02,1.986157e-02,1.238531e-01,8.410440e-03
4.558643e-03,8.789103e-03,6.981901e-03,5.487656e-03,1.183302e-02,2.041245e-02,1.207210e-03,3.629107e-03,8.111081e-01,2.583277e-03,3.787269e-03,9.660103e-03,1.406572e-02,8.782983e-02,8.066596e-03
3.222687e-03,6.207680e-03,4.896857e-03,4.127082e-03,8.341337e-03,1.522481e-02,8.457288e-04,2.562620e-03,8.633006e-01,2.308348e-03,2.738068e-03,6.779442e-03,9.997539e-03,6.171946e-02,7.727765e-03
2.313285e-03,4.407135e-03,3.446629e-03,3.234189e-03,5.923922e-03,1.101491e-02,5.935456e-04,1.843882e-03,9.014485e-01,2.074487e-03,2.048664e-03,4.757111e-03,7.119498e-03,4.333116e-02,6.443046e-03
2.340308e-03,3.512655e-03,2.469484e-03,2.821519e-03,4.773289e-03,8.734918e-03,4.251768e-04,1.388188e-03,9.213514e-01,2.785748e-03,1.956043e-03,3.396096e-03,5.503019e-03,3.059516e-02,7.947031e-03
9.623082e-03,3.441002e-03,1.981588e-03,3.414817e-03,1.177028e-02,1.694922e-02,6.786279e-04,1.737464e-03,8.997300e-01,2.715336e-03,2.675822e-03,2.507965e-03,4.871454e-03,2.175275e-02,1.615071e-02
1.121035e-02,2.999232e-03,1.891415e-03,7.419281e-03,1.314414e-02,1.719693e-02,8.821189e-04,6.419722e-03,8.876508e-01,2.749385e-03,3.105226e-03,1.970876e-03,4.672603e-03,1.554387e-02,2.314411e-02
3.632232e-02,4.015584e-03,5.664536e-03,3.184012e-02,9.205927e-02,4.690599e-02,6.212878e-03,2.352987e-02,7.059409e-01,2.435156e-03,3.242093e-03,1.554838e-03,4.027207e-03,1.122436e-02,2.502496e-02
4.713787e-02,1.446606e-02,2.172647e-02,9.951021e-02,1.058918e-01,5.495694e-02,9.420376e-03,2.255938e-02,5.452911e-01,2.527090e-03,2.661444e-03,1.218747e-03,3.443859e-03,7.967730e-03,6.122098e-02
7.902452e-02,2.429342e-02,2.121591e-02,1.040650e-01,1.308222e-01,1.120733e-01,9.584639e-03,1.814794e-02,4.073874e-01,2.177700e-03,2.777230e-03,1.007998e-03,3.217642e-03,6.054739e-03,7.815036e-02
6.711561e-02,4.103955e-02,4.305989e-02,2.207418e-01,1.170383e-01,8.179000e-02,7.924493e-03,1.482181e-02,3.020580e-01,2.696787e-03,2.788446e-03,1.011932e-03,2.772404e-03,4.375819e-03,9.076513e-02
6.960808e-02,3.984226e-02,5.040252e-02,2.587313e-01,9.670243e-02,7.106668e-02,6.164209e-03,1.225378e-02,2.495421e-01,5.477982e-03,3.704453e-03,1.211016e-03,3.091899e-03,3.382325e-03,1.288191e-01
6.593406e-02,3.918269e-02,9.868097e-02,3.093205e-01,7.494200e-02,5.490181e-02,4.824801e-03,1.035320e-02,1.962193e-01,6.521229e-03,3.741054e-03,1.283643e-03,3.372263e-03,2.607271e-03,1.281153e-01
4.785191e-02,2.903045e-02,9.415246e-02,2.361874e-01,5.303294e-02,3.866472e-02,3.408525e-03,7.281614e-03,1.718152e-01,6.565185e-03,5.488645e-03,1.898935e-03,2.590176e-03,1.319690e-02,2.888350e-01
5.399140e-02,2.405008e-02,1.015856e-01,1.772827e-01,4.225209e-02,2.840817e-02,2.657057e-03,5.447797e-03,1.316915e-01,6.361814e-03,2.716835e-02,3.850537e-03,3.165258e-03,1.111379e-01,2.809498e-01
4.967258e-02,4.032095e-02,1.122053e-01,2.568721e-01,4.257973e-02,2.277102e-02,2.172954e-03,4.488709e-03,1.006386e-01,5.186773e-03,3.163158e-02,5.090062e-03,3.889525e-03,8.826342e-02,2.342167e-01
5.682483e-02,3.970244e-02,1.680807e-01,2.228015e-01,3.357254e-02,2.771553e-02,1.761151e-03,4.751249e-03,7.625335e-02,5.495781e-03,2.749729e-02,4.840597e-03,3.869677e-03,7.672813e-02,2.501052e-01
4.649678e-02,3.906381e-02,1.808033e-01,1.682490e-01,2.501085e-02,3.627430e-02,1.312040e-03,3.767302e-03,5.736355e-02,9.054062e-03,2.171668e-02,3.607743e-03,2.906468e-03,7.598846e-02,3.283857e-01
3.792062e-02,2.971516e-02,1.300010e-01,1.183171e-01,1.788810e-02,2.653301e-02,9.310876e-04,2.720180e-03,4.401771e-02,9.084742e-03,1.570828e-02,2.600149e-03,2.125697e-03,1.231300e-01,4.393073e-01
3.782221e-02,2.172049e-02,9.486159e-02,8.348785e-02,1.308060e-02,1.974367e-02,6.930923e-04,1.965341e-03,3.661860e-02,1.085340e-02,1.172453e-02,2.157683e-03,1.735678e-03,2.066387e-01,4.568965e-01
2.733507e-02,1.530755e-02,6.662315e-02,5.845407e-02,9.191657e-03,1.385521e-02,4.911510e-04,1.381285e-03,2.673465e-02,1.228955e-02,9.846932e-03,1.819465e-03,1.304862e-03,3.664775e-01,3.888879e-01
1.994314e-02,1.091760e-02,4.670799e-02,4.094109e-02,6.552060e-03,9.829198e-03,4.098888e-04,9.735486e-04,1.995173e-02,2.251828e-02,1.192779e-02,1.700772e-03,1.105137e-03,4.341444e-01,3.723774e-01
1.565202e-02,8.236213e-03,3.281153e-02,2.872997e-02,4.840789e-03,7.209009e-03,4.938578e-04,7.040339e-04,1.938618e-02,3.279842e-02,1.553477e-02,1.913777e-03,1.156940e-03,5.087135e-01,3.218190e-01
1.178302e-02,5.900858e-03,2.361029e-02,2.034924e-02,3.643077e-03,5.162485e-03,5.217997e-04,5.357829e-04,2.417710e-02,3.197846e-02,1.412515e-02,1.451057e-03,8.667050e-04,6.177569e-01,2.381381e-01
8.993993e-03,4.221948e-03,1.674391e-02,1.432377e-02,2.671486e-03,3.837345e-03,5.188063e-04,3.943573e-04,2.884418e-02,2.676130e-02,1.412472e-02,1.292129e-03,7.350320e-04,6.948905e-01,1.816466e-01
7.027986e-03,2.983468e-03,1.180639e-02,1.006717e-02,1.945874e-03,2.811599e-03,3.982806e-04,2.852199e-04,3.165196e-02,4.994533e-02,1.426458e-02,1.283104e-03,1.129735e-03,7.330124e-01,1.313869e-01
7.551003e-03,2.156569e-03,8.442582e-03,7.301253e-03,1.634690e-03,2.183901e-03,3.520828e-04,2.816871e-04,4.835337e-02,4.700109e-02,2.086741e-02,1.912164e-03,1.236928e-03,7.551796e-01,9.554559e-02
1.082171e-02,1.637784e-03,5.980746e-03,5.543683e-03,1.583223e-03,1.891797e-03,3.098922e-04,3.019469e-04,8.701839e-02,5.860585e-02,3.027720e-02,2.088471e-03,1.669567e-03,7.174939e-01,7.477582e-02
1.756511e-02,1.301438e-03,5.236388e-03,4.502745e-03,2.042924e-03,2.404144e-03,5.893148e-04,1.575256e-03,8.560267e-02,1.301198e-01,3.745574e-02,3.545763e-03,2.116804e-03,6.515672e-01,5.437469e-02
1.761005e-02,1.028213e-03,3.973283e-03,4.315237e-03,2.380147e-03,2.480774e-03,8.500615e-04,1.910002e-03,9.638989e-02,1.250588e-01,5.821981e-02,5.653366e-03,3.628218e-03,6.348122e-01,4.168988e-02
2.199001e-02,8.776056e-04,3.296817e-03,5.380167e-03,5.895970e-03,1.102499e-02,2.484651e-03,4.212997e-03,1.021290e-01,1.751182e-01,8.587457e-02,1.903294e-02,1.087199e-02,5.159068e-01,3.590336e-02
4.158624e-02,7.370744e-04,2.691957e-03,4.348793e-03,1.592422e-02,1.419645e-02,2.011193e-03,3.791497e-03,9.817477e-02,1.645833e-01,1.523130e-01,6.463072e-02,1.787814e-02,3.903645e-01,2.676808e-02
3.548729e-02,6.030940e-04,1.956426e-03,3.399577e-03,3.288811e-02,1.037455e-02,1.557508e-03,2.852001e-03,7.772547e-02,1.505741e-01,1.797630e-01,1.435172e-01,3.124830e-02,3.073290e-01,2.072443e-02
2.907670e-02,1.809737e-03,3.961380e-03,3.351482e-03,2.782458e-02,8.079261e-03,1.345157e-03,2.632485e-03,6.762729e-02,1.366712e-01,2.859067e-01,1.554800e-01,3.656248e-02,2.234139e-01,1.625763e-02
2.614106e-02,5.818990e-03,1.446750e-02,3.593030e-03,2.281525e-02,8.964933e-03,1.536048e-03,4.391337e-03,5.220474e-02,1.011584e-01,4.068659e-01,1.447361e-01,3.125952e-02,1.623795e-01,1.366766e-02
3.639498e-02,7.360669e-03,2.115668e-02,5.739232e-03,2.134526e-02,2.115499e-02,1.094555e-02,3.517377e-02,4.991099e-02,8.457315e-02,3.881738e-01,1.492549e-01,3.310195e-02,1.221646e-01,1.354948e-02
6.041284e-02,6.346704e-03,6.006607e-02,5.690860e-03,2.096574e-02,3.309143e-02,2.106977e-02,9.634814e-02,5.663822e-02,9.436417e-02,2.927772e-01,1.102398e-01,2.644132e-02,1.044416e-01,1.110612e-02
1.346295e-01,5.277665e-03,5.662377e-02,4.491448e-03,2.611234e-02,6.143501e-02,4.839790e-02,8.006085e-02,7.208382e-02,7.967523e-02,2.199079e-01,8.441762e-02,2.190334e-02,9.482558e-02,1.015806e-02
1.167436e-01,3.910503e-03,7.738257e-02,3.551527e-03,3.473040e-02,5.500156e-02,1.937265e-01,8.266161e-02,5.700652e-02,6.810723e-02,1.556040e-01,5.992984e-02,1.560144e-02,6.846318e-02,7.579576e-03
8.663987e-02,2.788147e-03,5.791934e-02,2.614979e-03,3.153001e-02,4.245749e-02,3.759828e-01,9.421155e-02,4.119927e-02,4.893296e-02,1.091174e-01,4.205004e-02,1.102627e-02,4.817773e-02,5.352207e-03
6.370672e-02,1.978029e-03,4.767239e-02,1.974229e-03,2.545469e-02,3.150272e-02,3.688937e-01,2.434663e-01,2.911952e-02,3.477968e-02,7.653653e-02,2.950321e-02,7.755996e-03,3.390114e-02,3.755142e-03
4.648801e-02,1.399825e-03,4.050671e-02,1.712437e-03,1.983278e-02,2.233939e-02,4.374841e-01,2.788445e-01,2.041679e-02,2.470268e-02,5.362443e-02,2.067068e-02,5.575801e-03,2.376554e-02,2.636344e-03
3.409125e-02,1.015484e-03,3.474694e-02,1.443535e-03,1.698617e-02,1.617119e-02,4.833820e-01,3.050256e-01,1.436488e-02,1.794981e-02,3.762711e-02,1.450866e-02,4.168150e-03,1.666207e-02,1.857215e-03
2.660133e-02,8.466988e-04,3.743896e-02,1.473941e-03,1.823779e-02,1.183902e-02,4.424012e-01,3.844031e-01,1.011800e-02,1.293821e-02,2.642959e-02,1.031556e-02,3.891579e-03,1.169005e-02,1.375046e-03
2.086079e-02,7.088401e-04,3.779418e-02,1.425579e-03,1.927066e-02,8.640214e-03,3.559226e-01,5.007718e-01,7.140754e-03,9.211360e-03,1.861240e-02,7.281032e-03,3.112460e-03,8.216613e-03,1.030836e-03
1.706210e-02,5.482772e-04,3.719752e-02,1.290510e-03,1.784018e-02,6.408743e-03,2.864897e-01,5.937910e-01,5.106713e-03,6.729498e-03,1.315618e-02,5.175430e-03,2.582236e-03,5.807559e-03,8.143773e-04
1.674894e-02,4.768956e-04,3.512082e-02,1.249974e-03,1.639031e-02,5.489555e-03,2.648721e-01,6.290826e-01,3.857217e-03,5.365219e-03,9.462827e-03,3.834445e-03,2.894596e-03,4.165847e-03,9.886830e-04
1.958288e-02,4.619246e-04,3.337089e-02,1.391540e-03,1.702906e-02,1.104209e-02,2.289201e-01,6.627544e-01,2.906575e-03,4.186846e-03,6.943683e-03,2.982276e-03,4.082681e-03,3.010258e-03,1.334723e-03
1.988782e-02,4.127854e-04,3.237605e-02,1.379395e-03,1.477732e-02,3.521021e-02,1.859118e-01,6.832976e-01,2.216730e-03,3.034958e-03,5.080084e-03,2.177247e-03,1.090158e-02,2.132067e-03,1.204278e-03
2.155125e-02,3.780562e-04,2.945487e-02,1.265227e-03,1.296656e-02,1.102622e-01,1.459520e-01,6.395105e-01,1.699703e-03,2.188958e-03,3.735418e-03,1.630857e-03,2.686405e-02,1.511039e-03,1.029271e-03
3.114311e-02,4.300139e-04,2.526920e-02,1.506212e-03,1.170111e-02,1.059699e-01,1.102015e-01,5.430891e-01,8.984885e-03,4.141940e-03,2.328486e-02,2.681619e-02,1.009595e-01,2.741028e-03,3.761461e-03
1.456446e-01,5.741015e-04,1.850907e-02,2.482113e-03,1.216118e-02,8.000454e-02,8.194117e-02,4.172613e-01,1.242892e-02,1.031763e-02,2.742309e-02,7.000632e-02,1.133905e-01,4.047372e-03,3.808052e-03
1.747820e-01,1.161907e-03,1.361721e-02,4.367255e-03,1.369712e-02,6.934378e-02,6.189992e-02,3.126490e-01,1.492808e-02,1.089164e-02,4.406996e-02,1.541447e-01,1.084358e-01,1.068486e-02,5.326871e-03
1.288838e-01,1.599283e-03,9.736603e-03,3.983825e-03,1.285998e-02,4.952689e-02,4.461760e-02,2.206824e-01,1.506874e-02,8.687367e-03,7.069386e-02,3.269551e-01,8.171250e-02,1.967187e-02,5.320187e-03
9.318774e-02,1.848290e-03,7.416202e-03,3.113766e-03,1.131567e-02,3.545108e-02,3.279526e-02,1.560587e-01,1.387167e-02,7.199796e-03,1.389130e-01,3.992889e-01,5.971391e-02,3.571649e-02,4.109636e-03
6.753962e-02,1.758930e-03,5.882180e-03,2.442277e-03,1.030976e-02,2.571510e-02,2.640032e-02,1.117955e-01,1.232796e-02,8.983308e-03,2.421292e-01,3.872360e-01,4.330026e-02,5.021255e-02,3.967087e-03
5.609459e-02,2.437782e-03,4.792009e-03,2.045425e-03,1.155245e-02,2.054572e-02,2.196593e-02,8.405943e-02,1.054417e-02,1.018850e-02,2.466319e-01,4.047164e-01,3.213463e-02,8.626583e-02,6.025322e-03
6.020196e-02,3.439801e-03,8.178077e-03,2.402194e-03,1.288781e-02,1.799982e-02,2.399484e-02,7.684924e-02,9.600356e-03,9.266489e-03,2.577274e-01,3.989924e-01,2.429546e-02,8.905242e-02,5.111722e-03
6.230407e-02,4.084251e-03,7.942064e-03,3.921198e-03,1.626910e-02,1.749399e-02,1.990082e-02,6.262960e-02,8.452925e-03,7.034844e-03,2.374503e-01,4.588090e-01,1.866627e-02,7.105394e-02,3.987708e-03
5.920020e-02,3.898640e-03,6.726077e-03,4.521510e-03,1.426884e-02,2.420320e-02,1.647815e-02,5.032571e-02,1.174963e-02,5.438032e-03,2.444209e-01,4.708501e-01,1.466851e-02,7.018472e-02,3.065733e-03
4.428858e-02,3.105502e-03,5.289666e-03,3.715245e-03,1.101949e-02,2.347477e-02,1.184467e-02,3.623119e-02,1.480459e-02,4.057630e-03,3.185745e-01,3.659922e-01,1.067700e-02,1.446502e-01,2.274685e-03
3.128247e-02,2.267603e-03,3.816399e-03,2.698814e-03,8.091176e-03,1.827537e-02,8.314836e-03,2.540824e-02,3.234971e-02,2.979990e-03,3.248968e-01,2.859510e-01,7.724804e-03,2.442271e-01,1.715731e-03
2.197573e-02,1.698250e-03,2.732651e-03,1.999903e-03,6.018821e-03,1.395665e-02,5.829237e-03,1.779471e-02,4.793353e-02,2.196529e-03,3.226160e-01,2.132952e-01,5.550367e-03,3.351006e-01,1.301836e-03
1.548928e-02,1.446802e-03,3.360589e-03,1.915692e-03,5.064068e-03,1.385395e-02,4.102516e-03,1.252644e-02,1.176786e-01,2.050774e-03,2.719952e-01,1.520379e-01,4.093138e-03,3.933327e-01,1.052423e-03
1.098913e-02,1.097692e-03,3.221630e-03,2.420264e-03,4.141164e-03,1.241750e-02,2.887773e-03,8.797529e-03,1.497121e-01,2.486447e-03,2.448821e-01,1.079030e-01,3.173740e-03,4.449598e-01,9.101561e-04
7.903922e-03,4.749460e-03,6.002288e-03,3.199538e-03,4.793373e-03,2.524625e-02,2.065083e-03,6.259418e-03,1.981395e-01,4.986166e-03,2.265736e-01,7.838804e-02,3.340133e-03,4.270011e-01,1.352113e-03
6.390877e-03,4.687226e-03,2.001708e-02,7.894996e-02,4.556837e-03,2.129264e-02,1.489648e-03,4.702727e-03,2.530120e-01,1.036600e-02,1.864913e-01,5.685498e-02,3.786152e-03,3.431182e-01,4.284429e-03
6.246946e-03,4.411910e-03,3.665329e-02,6.762286e-02,3.974541e-03,1.954640e-02,1.102517e-03,3.375862e-03,2.785352e-01,1.071544e-02,1.574098e-01,4.290233e-02,3.322163e-03,3.590118e-01,5.168863e-03
6.682265e-03,7.939832e-03,3.497909e-02,6.478411e-02,4.535765e-03,1.851643e-02,8.247806e-04,4.030379e-03,3.474786e-01,1.158474e-02,1.379831e-01,3.189502e-02,3.639618e-03,3.195953e-01,5.530906e-03
6.200375e-03,1.745353e-02,3.545673e-02,6.470647e-02,5.404164e-03,2.556731e-02,6.525755e-04,4.066945e-03,3.802146e-01,1.576460e-02,1.241422e-01,2.328147e-02,3.683290e-03,2.778729e-01,1.553290e-02
9.041755e-03,4.674665e-02,3.448756e-02,7.116288e-02,5.211057e-03,8.776926e-02,6.124235e-04,3.268354e-03,3.633169e-01,1.509964e-02,9.417060e-02,1.722839e-02,3.506503e-03,2.133373e-01,3.504072e-02
1.340230e-02,6.263406e-02,3.821725e-02,6.143170e-02,4.600620e-03,7.422546e-02,6.187198e-04,3.042013e-03,4.199126e-01,1.339325e-02,6.776679e-02,1.227113e-02,2.919247e-03,1.709665e-01,5.459836e-02
1.661091e-02,1.069272e-01,2.971696e-02,4.634351e-02,5.173065e-03,6.888289e-02,5.265569e-04,2.997288e-03,4.709188e-01,1.151480e-02,4.865890e-02,8.887634e-03,2.700451e-03,1.341557e-01,4.598534e-02
1.822752e-02,1.107305e-01,2.407778e-02,3.654577e-02,4.572046e-03,8.625188e-02,4.254157e-04,4.673295e-03,5.090346e-01,1.009066e-02,3.459644e-02,6.296889e-03,2.347619e-03,9.882154e-02,5.330806e-02
1.803206e-02,8.386082e-02,1.782160e-02,2.710018e-02,4.923536e-03,1.757622e-01,3.208855e-04,4.445869e-03,5.100611e-01,8.763279e-03,2.445380e-02,4.429442e-03,1.744677e-03,7.077590e-02,4.750463e-02
1.451983e-02,5.961923e-02,1.332347e-02,2.848426e-02,5.590825e-03,1.483887e-01,2.746631e-04,4.076833e-03,5.533270e-01,1.465876e-02,1.730712e-02,3.133897e-03,1.370828e-03,4.989569e-02,8.602899e-02
2.108179e-02,4.281204e-02,1.092087e-02,3.763896e-02,7.358886e-03,1.605312e-01,3.511261e-04,5.750083e-03,5.066187e-01,1.309554e-02,1.240691e-02,2.273704e-03,1.198523e-03,3.557877e-02,1.423829e-01
2.615055e-02,3.192379e-02,8.243864e-03,3.240857e-02,1.104317e-02,2.662776e-01,4.454483e-04,6.890296e-03,4.050736e-01,1.081392e-02,9.077903e-03,1.691545e-03,1.079929e-03,2.603708e-02,1.628427e-01
3.504748e-02,2.417647e-02,6.950499e-03,3.676139e-02,1.224279e-02,3.077984e-01,5.658162e-04,1.064616e-02,3.600076e-01,1.054230e-02,7.112863e-03,1.595686e-03,1.058478e-03,1.876699e-02,1.667271e-01
5.659159e-02,2.221003e-02,6.273776e-03,4.119766e-02,1.479469e-02,3.280407e-01,1.122084e-03,1.100975e-02,3.072404e-01,9.341441e-03,5.880160e-03,1.732289e-03,1.540513e-03,1.417256e-02,1.788524e-01
6.998298e-02,2.535537e-02,9.101906e-03,4.118516e-02,2.108056e-02,3.773831e-01,1.267361e-03,1.000242e-02,2.426865e-01,7.040826e-03,5.892593e-03,1.786896e-03,1.467791e-03,1.130157e-02,1.744650e-01
1.273032e-01,4.676373e-02,9.337086e-03,3.721648e-02,2.047097e-02,3.153589e-01,5.765211e-03,1.091358e-02,2.325857e-01,5.383583e-03,1.607114e-02,5.811310e-03,5.970614e-03,1.098173e-02,1.500668e-01
1.663690e-01,5.470378e-02,1.211555e-02,3.350861e-02,2.100617e-02,3.311449e-01,6.822251e-03,1.525345e-02,1.962741e-01,4.191238e-03,1.547913e-02,5.004422e-03,6.021076e-03,1.009955e-02,1.220068e-01
2.014750e-01,5.475387e-02,1.109056e-02,2.793089e-02,2.386098e-02,2.793781e-01,5.640998e-03,1.657597e-02,1.725311e-01,4.119456e-03,1.500936e-02,4.206988e-03,5.610262e-03,1.220016e-02,1.656163e-01
2.249991e-01,5.543276e-02,1.129032e-02,2.537913e-02,2.814992e-02,2.481294e-01,5.191340e-03,1.641364e-02,1.417348e-01,5.453411e-03,1.697132e-02,3.451936e-03,5.597877e-03,1.386608e-02,1.979390e-01
2.362765e-01,4.751234e-02,2.705969e-02,2.732085e-02,2.491005e-02,1.980983e-01,4.505633e-03,1.984741e-02,1.745247e-01,1.087165e-02,1.588294e-02,2.959711e-03,6.759984e-03,1.356709e-02,1.899032e-01
2.230966e-01,4.503003e-02,3.278284e-02,2.193091e-02,2.061016e-02,1.596773e-01,3.631247e-03,1.570161e-02,2.254360e-01,1.270625e-02,1.395874e-02,2.560313e-03,5.689428e-03,2.208396e-02,1.951046e-01
2.720896e-01,4.075205e-02,4.125992e-02,1.826779e-02,1.889653e-02,1.381549e-01,3.704879e-03,1.660151e-02,2.195260e-01,1.086401e-02,1.357692e-02,2.897997e-03,6.314183e-03,2.409779e-02,1.729960e-01
3.268333e-01,3.236633e-02,6.773934e-02,1.976709e-02,2.057556e-02,1.070079e-01,3.655982e-03,3.328846e-02,1.960307e-01,9.205933e-03,1.355000e-02,3.619626e-03,5.862464e-03,2.745137e-02,1.330459e-01
3.787426e-01,2.936086e-02,7.785845e-02,2.550356e-02,2.146968e-02,8.591385e-02,3.894038e-03,3.885706e-02,1.745425e-01,7.938981e-03,1.313861e-02,4.177068e-03,5.078316e-03,3.017023e-02,1.033541e-01
3.688774e-01,2.528549e-02,6.587587e-02,2.721303e-02,2.328734e-02,7.338862e-02,3.793649e-03,6.443926e-02,1.926546e-01,8.290844e-03,1.316399e-02,5.759597e-03,4.858073e-03,3.614728e-02,8.696497e-02
3.199649e-01,2.782176e-02,7.161516e-02,4.905037e-02,3.975680e-02,5.973626e-02,3.471778e-03,7.818411e-02,1.954419e-01,1.072064e-02,1.507242e-02,7.948158e-03,5.248840e-03,3.540024e-02,8.056660e-02
2.314572e-01,2.298697e-02,6.740260e-02,3.961046e-02,2.915671e-02,4.370920e-02,2.540583e-03,5.655459e-02,2.597256e-01,3.299025e-02,1.240963e-02,6.029875e-03,4.211846e-03,4.365285e-02,1.475617e-01
1.711705e-01,2.120574e-02,5.724638e-02,3.378968e-02,2.143280e-02,3.129001e-02,1.886621e-03,4.137263e-02,2.951434e-01,3.596478e-02,1.177698e-02,5.635986e-03,4.046725e-03,4.112814e-02,2.269096e-01
1.313259e-01,1.929708e-02,5.476437e-02,2.602446e-02,1.569989e-02,2.359370e-02,1.537143e-03,3.021190e-02,2.542842e-01,3.794477e-02,1.065172e-02,5.563389e-03,3.710566e-03,8.749519e-02,2.978957e-01
1.181689e-01,1.550060e-02,2.256625e-01,4.735212e-02,1.236519e-02,1.761611e-02,1.492469e-03,2.212563e-02,1.847317e-01,2.954522e-02,1.159309e-02,8.664167e-03,3.742388e-03,7.251513e-02,2.289248e-01
2.232926e-01,1.465743e-02,2.105977e-01,3.828797e-02,9.122762e-03,1.589498e-02,1.400096e-03,1.689061e-02,1.340431e-01,2.189127e-02,1.809566e-02,1.277854e-02,5.676424e-03,9.852456e-02,1.788464e-01
2.923906e-01,2.051898e-02,1.811333e-01,7.975331e-02,7.842818e-03,1.487737e-02,1.257276e-03,1.412315e-02,1.028158e-01,1.664481e-02,1.789479e-02,1.250379e-02,6.111237e-03,7.627349e-02,1.558592e-01
3.202642e-01,3.158180e-02,1.622100e-01,7.085828e-02,7.244242e-03,2.829156e-02,1.200106e-03,1.110919e-02,8.582298e-02,1.448147e-02,2.635278e-02,1.820295e-02,6.432917e-03,9.148012e-02,1.244674e-01
3.685502e-01,3.334367e-02,1.206125e-01,1.072388e-01,7.965655e-03,3.133724e-02,1.852130e-03,1.235377e-02,7.514827e-02,1.271810e-02,3.540385e-02,1.837792e-02,7.861351e-03,6.762736e-02,9.960920e-02
2.734416e-01,3.159220e-02,1.098158e-01,2.797397e-01,6.189043e-03,2.409539e-02,1.343072e-03,9.006022e-03,8.010295e-02,1.305162e-02,2.678607e-02,1.331471e-02,5.939384e-03,4.764639e-02,7.793599e-02
2.965496e-01,4.852345e-02,1.053041e-01,2.360448e-01,5.429721e-03,2.982697e-02,1.204061e-03,7.381294e-03,9.748949e-02,1.311537e-02,3.656058e-02,1.304276e-02,7.933908e-03,3.766583e-02,6.392795e-02
3.311419e-01,5.466442e-02,9.901243e-02,1.915646e-01,4.920799e-03,3.424993e-02,1.246166e-03,6.458722e-03,9.709478e-02,1.319781e-02,4.065340e-02,1.645075e-02,1.101528e-02,3.263194e-02,6.569697e-02
4.584473e-01,4.256374e-02,7.916997e-02,1.465812e-01,5.223595e-03,3.114746e-02,1.466519e-03,6.916999e-03,7.535473e-02,1.102019e-02,3.474791e-02,1.804694e-02,1.068086e-02,2.609052e-02,5.254207e-02
1.000000e+00,0.000000e+00,0.000000e+00,0.000000e+00,0.000000e+00,0.000000e+00,0.000000e+00,0.000000e+00,0.000000e+00,0.000000e+00,0.000000e+00,0.000000e+00,0.000000e+00,0.000000e+00,0.000000e+00
1.000000e+00,0.000000e+00,0.000000e+00,0.000000e+00,0.000000e+00,0.000000e+00,0.000000e+00,0.000000e+00,0.000000e+00,0.000000e+00,0.000000e+00,0.000000e+00,0.000000e+00,0.000000e+00,0.000000e+00
1.000000e+00,0.000000e+00,0.000000e+00,0.000000e+00,0.000000e+00,0.000000e+00,0.000000e+00,0.000000e+00,0.000000e+00,0.000000e+00,0.000000e+00,0.000000e+00,0.000000e+00,0.000000e+00,0.000000e+00
1.000000e+00,0.000000e+00,0.000000e+00,0.000000e+00,0.000000e+00,0.000000e+00,0.000000e+00,0.000000e+00,0.000000e+00,0.000000e+00,0.000000e+00,0.000000e+00,0.000000e+00,0.000000e+00,0.000000e+00
1.000000e+00,0.000000e+00,0.000000e+00,0.000000e+00,0.000000e+00,0.000000e+00,0.000000e+00,0.000000e+00,0.000000e+00,0.000000e+00,0.000000e+00,0.000000e+00,0.000000e+00,0.000000e+00,0.000000e+00
1.000000e+00,0.000000e+00,0.000000e+00,0.000000e+00,0.000000e+00,0.000000e+00,0.000000e+00,0.000000e+00,0.000000e+00,0.000000e+00,0.000000e+00,0.000000e+00,0.000000e+00,0.000000e+00,0.000000e+00
1.000000e+00,0.000000e+00,0.000000e+00,0.000000e+00,0.000000e+00,0.000000e+00,0.000000e+00,0.000000e+00,0.000000e+00,0.000000e+00,0.000000e+00,0.000000e+00,0.000000e+00,0.000000e+00,0.000000e+00
4.933146e-01,3.994974e-02,4.293441e-02,1.422365e-01,1.966867e-02,2.404154e-02,3.659482e-03,2.249172e-02,9.001261e-02,6.762574e-03,2.036473e-02,2.860793e-02,1.397310e-02,1.003630e-02,4.194606e-02
1.000000e+00,0.000000e+00,0.000000e+00,0.000000e+00,0.000000e+00,0.000000e+00,0.000000e+00,0.000000e+00,0.000000e+00,0.000000e+00,0.000000e+00,0.000000e+00,0.000000e+00,0.000000e+00,0.000000e+00
1.000000e+00,0.000000e+00,0.000000e+00,0.000000e+00,0.000000e+00,0.000000e+00,0.000000e+00,0.000000e+00,0.000000e+00,0.000000e+00,0.000000e+00,0.000000e+00,0.000000e+00,0.000000e+00,0.000000e+00
1.000000e+00,0.000000e+00,0.000000e+00,0.000000e+00,0.000000e+00,0.000000e+00,0.000000e+00,0.000000e+00,0.000000e+00,0.000000e+00,0.000000e+00,0.000000e+00,0.000000e+00,0.000000e+00,0.000000e+00
1.000000e+00,0.000000e+00,0.000000e+00,0.000000e+00,0.000000e+00,0.000000e+00,0.000000e+00,0.000000e+00,0.000000e+00,0.000000e+00,0.000000e+00,0.000000e+00,0.000000e+00,0.000000e+00,0.000000e+00
1.000000e+00,0.000000e+00,0.000000e+00,0.000000e+00,0.000000e+00,0.000000e+00,0.000000e+00,0.000000e+00,0.000000e+00,0.000000e+00,0.000000e+00,0.000000e+00,0.000000e+00,0.000000e+00,0.000000e+00
1.000000e+00,0.000000e+00,0.000000e+00,0.000000e+00,0.000000e+00,0.000000e+00,0.000000e+00,0.000000e+00,0.000000e+00,0.000000e+00,0.000000e+00,0.000000e+00,0.000000e+00,0.000000e+00,0.000000e+00
1.000000e+00,0.000000e+00,0.000000e+00,0.000000e+00,0.000000e+00,0.000000e+00,0.000000e+00,0.000000e+00,0.000000e+00,0.000000e+00,0.000000e+00,0.000000e+00,0.000000e+00,0.000000e+00,0.000000e+00
1.000000e+00,0.000000e+00,0.000000e+00,0.000000e+00,0.000000e+00,0.000000e+00,0.000000e+00,0.000000e+00,0.000000e+00,0.000000e+00,0.000000e+00,0.000000e+00,0.000000e+00,0.000000e+00,0.000000e+00
4.248624e-01,3.293589e-02,1.207302e-02,7.701797e-02,2.709971e-02,2.134199e-02,3.171657e-03,8.456290e-03,3.315276e-02,2.309884e-03,9.518942e-02,2.263430e-01,9.327518e-03,6.868192e-03,1.985026e-02
4.149818e-01,3.001058e-02,1.129626e-02,7.124750e-02,2.358736e-02,2.063886e-02,2.622014e-03,7.529636e-03,2.652985e-02,2.226681e-03,1.370880e-01,2.182596e-01,7.656710e-03,1.010916e-02,1.621594e-02
3.596657e-01,2.977191e-02,1.057445e-02,8.053705e-02,2.598567e-02,2.223901e-02,2.289037e-03,6.978415e-03,2.134021e-02,2.017466e-03,1.727569e-01,2.355085e-01,6.315980e-03,9.881267e-03,1.413852e-02
2.726108e-01,2.174448e-02,7.852567e-03,5.812261e-02,2.134542e-02,2.370257e-02,1.993358e-03,5.740990e-03,1.578727e-02,1.669154e-03,2.305651e-01,3.113917e-01,5.254550e-03,1.138457e-02,1.083487e-02
1.956022e-01,1.571495e-02,5.837947e-03,4.192287e-02,1.648255e-02,2.329507e-02,1.525600e-03,4.348530e-03,1.180998e-02,1.358615e-03,3.141342e-01,3.450060e-01,4.374796e-03,1.027610e-02,8.310467e-03
1.428316e-01,1.132451e-02,4.502271e-03,2.987585e-02,1.274797e-02,1.761195e-02,1.168739e-03,3.402427e-03,9.257123e-03,1.247417e-03,3.926826e-01,3.543951e-01,3.481438e-03,9.143242e-03,6.327704e-03
1.050927e-01,8.787570e-03,3.796678e-03,2.118183e-02,1.370462e-02,1.318714e-02,8.554296e-04,2.520402e-03,6.925536e-03,1.089717e-03,3.975270e-01,4.102716e-01,2.658680e-03,7.784178e-03,4.616922e-03
8.165427e-02,6.517904e-03,3.076414e-03,1.509525e-02,1.137934e-02,1.027674e-02,6.251548e-04,1.988344e-03,5.348876e-03,9.965128e-04,3.418331e-01,5.086880e-01,2.012009e-03,7.126936e-03,3.381168e-03
6.236309e-02,5.482077e-03,2.590158e-03,1.116775e-02,9.215998e-03,7.711758e-03,4.733055e-04,1.706172e-03,5.565778e-03,8.982905e-04,2.730561e-01,6.097720e-01,1.522235e-03,5.817731e-03,2.657485e-03
4.733428e-02,6.947032e-03,2.868807e-03,8.851353e-03,1.248906e-02,5.900550e-03,4.311419e-04,2.264485e-03,1.391654e-02,1.237010e-03,2.210113e-01,6.678491e-01,1.315464e-03,5.099421e-03,2.484447e-03
