1.000000e+00,0.000000e+00,0.000000e+00,0.000000e+00,0.000000e+00,0.000000e+00,0.000000e+00,0.000000e+00,0.000000e+00,0.000000e+00,0.000000e+00,0.000000e+00,0.000000e+00,0.000000e+00,0.000000e+00
1.000000e+00,0.000000e+00,0.000000e+00,0.000000e+00,0.000000e+00,0.000000e+00,0.000000e+00,0.000000e+00,0.000000e+00,0.000000e+00,0.000000e+00,0.000000e+00,0.000000e+00,0.000000e+00,0.000000e+00
1.000000e+00,0.000000e+00,0.000000e+00,0.000000e+00,0.000000e+00,0.000000e+00,0.000000e+00,0.000000e+00,0.000000e+00,0.000000e+00,0.000000e+00,0.000000e+00,0.000000e+00,0.000000e+00,0.000000e+00
1.000000e+00,0.000000e+00,0.000000e+00,0.000000e+00,0.000000e+00,0.000000e+00,0.000000e+00,0.000000e+00,0.000000e+00,0.000000e+00,0.000000e+00,0.000000e+00,0.000000e+00,0.000000e+00,0.000000e+00
1.000000e+00,0.000000e+00,0.000000e+00,0.000000e+00,0.000000e+00,0.000000e+00,0.000000e+00,0.000000e+00,0.000000e+00,0.000000e+00,0.000000e+00,0.000000e+00,0.000000e+00,0.000000e+00,0.000000e+00
1.000000e+00,0.000000e+00,0.000000e+00,0.000000e+00,0.000000e+00,0.000000e+00,0.000000e+00,0.000000e+00,0.000000e+00,0.000000e+00,0.000000e+00,0.000000e+00,0.000000e+00,0.000000e+00,0.000000e+00
1.000000e+00,0.000000e+00,0.000000e+00,0.000000e+00,0.000000e+00,0.000000e+00,0.000000e+00,0.000000e+00,0.000000e+00,0.000000e+00,0.000000e+00,0.000000e+00,0.000000e+00,0.000000e+00,0.000000e+00
1.000000e+00,0.000000e+00,0.000000e+00,0.000000e+00,0.000000e+00,0.000000e+00,0.000000e+00,0.000000e+00,0.000000e+00,0.000000e+00,0.000000e+00,0.000000e+00,0.000000e+00,0.000000e+00,0.000000e+00
1.000000e+00,0.000000e+00,0.000000e+00,0.000000e+00,0.000000e+00,0.000000e+00,0.000000e+00,0.000000e+00,0.000000e+00,0.000000e+00,0.000000e+00,0.000000e+00,0.000000e+00,0.000000e+00,0.000000e+00
1.000000e+00,0.000000e+00,0.000000e+00,0.000000e+00,0.000000e+00,0.000000e+00,0.000000e+00,0.000000e+00,0.000000e+00,0.000000e+00,0.000000e+00,0.000000e+00,0.000000e+00,0.000000e+00,0.000000e+00
1.000000e+00,0.000000e+00,0.000000e+00,0.000000e+00,0.000000e+00,0.000000e+00,0.000000e+00,0.000000e+00,0.000000e+00,0.000000e+00,0.000000e+00,0.000000e+00,0.000000e+00,0.000000e+00,0.000000e+00
1.000000e+00,0.000000e+00,0.000000e+00,0.000000e+00,0.000000e+00,0.000000e+00,0.000000e+00,0.000000e+00,0.000000e+00,0.000000e+00,0.000000e+00,0.000000e+00,0.000000e+00,0.000000e+00,0.000000e+00
1.000000e+00,0.000000e+00,0.000000e+00,0.000000e+00,0.000000e+00,0.000000e+00,0.000000e+00,0.000000e+00,0.000000e+00,0.000000e+00,0.000000e+00,0.000000e+00,0.000000e+00,0.000000e+00,0.000000e+00
1.000000e+00,0.000000e+00,0.000000e+00,0.000000e+00,0.000000e+00,0.000000e+00,0.000000e+00,0.000000e+00,0.000000e+00,0.000000e+00,0.000000e+00,0.000000e+00,0.000000e+00,0.000000e+00,0.000000e+00
1.000000e+00,0.000000e+00,0.000000e+00,0.000000e+00,0.000000e+00,0.000000e+00,0.000000e+00,0.000000e+00,0.000000e+00,0.000000e+00,0.000000e+00,0.000000e+00,0.000000e+00,0.000000e+00,0.000000e+00
1.000000e+00,0.000000e+00,0.000000e+00,0.000000e+00,0.000000e+00,0.000000e+00,0.000000e+00,0.000000e+00,0.000000e+00,0.000000e+00,0.000000e+00,0.000000e+00,0.000000e+00,0.000000e+00,0.000000e+00
1.000000e+00,0.000000e+00,0.000000e+00,0.000000e+00,0.000000e+00,0.000000e+00,0.000000e+00,0.000000e+00,0.000000e+00,0.000000e+00,0.000000e+00,0.000000e+00,0.000000e+00,0.000000e+00,0.000000e+00
1.000000e+00,0.000000e+00,0.000000e+00,0.000000e+00,0.000000e+00,0.000000e+00,0.000000e+00,0.000000e+00,0.000000e+00,0.000000e+00,0.000000e+00,0.000000e+00,0.000000e+00,0.000000e+00,0.000000e+00
1.000000e+00,0.000000e+00,0.000000e+00,0.000000e+00,0.000000e+00,0.000000e+00,0.000000e+00,0.000000e+00,0.000000e+00,0.000000e+00,0.000000e+00,0.000000e+00,0.000000e+00,0.000000e+00,0.000000e+00
1.000000e+00,0.000000e+00,0.000000e+00,0.000000e+00,0.000000e+00,0.000000e+00,0.000000e+00,0.000000e+00,0.000000e+00,0.000000e+00,0.000000e+00,0.000000e+00,0.000000e+00,0.000000e+00,0.000000e+00
1.000000e+00,0.000000e+00,0.000000e+00,0.000000e+00,0.000000e+00,0.000000e+00,0.000000e+00,0.000000e+00,0.000000e+00,0.000000e+00,0.000000e+00,0.000000e+00,0.000000e+00,0.000000e+00,0.000000e+00
1.000000e+00,0.000000e+00,0.000000e+00,0.000000e+00,0.000000e+00,0.000000e+00,0.000000e+00,0.000000e+00,0.000000e+00,0.000000e+00,0.000000e+00,0.000000e+00,0.000000e+00,0.000000e+00,0.000000e+00
1.000000e+00,0.000000e+00,0.000000e+00,0.000000e+00,0.000000e+00,0.000000e+00,0.000000e+00,0.000000e+00,0.000000e+00,0.000000e+00,0.000000e+00,0.000000e+00,0.000000e+00,0.000000e+00,0.000000e+00
1.000000e+00,0.000000e+00,0.000000e+00,0.000000e+00,0.000000e+00,0.000000e+00,0.000000e+00,0.000000e+00,0.000000e+00,0.000000e+00,0.000000e+00,0.000000e+00,0.000000e+00,0.000000e+00,0.000000e+00
1.000000e+00,0.000000e+00,0.000000e+00,0.000000e+00,0.000000e+00,0.000000e+00,0.000000e+00,0.000000e+00,0.000000e+00,0.000000e+00,0.000000e+00,0.000000e+00,0.000000e+00,0.000000e+00,0.000000e+00
1.000000e+00,0.000000e+00,0.000000e+00,0.000000e+00,0.000000e+00,0.000000e+00,0.000000e+00,0.000000e+00,0.000000e+00,0.000000e+00,0.000000e+00,0.000000e+00,0.000000e+00,0.000000e+00,0.000000e+00
1.000000e+00,0.000000e+00,0.000000e+00,0.000000e+00,0.000000e+00,0.000000e+00,0.000000e+00,0.000000e+00,0.000000e+00,0.000000e+00,0.000000e+00,0.000000e+00,0.000000e+00,0.000000e+00,0.000000e+00
1.000000e+00,0.000000e+00,0.000000e+00,0.000000e+00,0.000000e+00,0.000000e+00,0.000000e+00,0.000000e+00,0.000000e+00,0.000000e+00,0.000000e+00,0.000000e+00,0.000000e+00,0.000000e+00,0.000000e+00
1.000000e+00,0.000000e+00,0.000000e+00,0.000000e+00,0.000000e+00,0.000000e+00,0.000000e+00,0.000000e+00,0.000000e+00,0.000000e+00,0.000000e+00,0.000000e+00,0.000000e+00,0.000000e+00,0.000000e+00
1.000000e+00,0.000000e+00,0.000000e+00,0.000000e+00,0.000000e+00,0.000000e+00,0.000000e+00,0.000000e+00,0.000000e+00,0.000000e+00,0.000000e+00,0.000000e+00,0.000000e+00,0.000000e+00,0.000000e+00
1.000000e+00,0.000000e+00,0.000000e+00,0.000000e+00,0.000000e+00,0.000000e+00,0.000000e+00,0.000000e+00,0.000000e+00,0.000000e+00,0.000000e+00,0.000000e+00,0.000000e+00,0.000000e+00,0.000000e+00
1.000000e+00,0.000000e+00,0.000000e+00,0.000000e+00,0.000000e+00,0.000000e+00,0.000000e+00,0.000000e+00,0.000000e+00,0.000000e+00,0.000000e+00,0.000000e+00,0.000000e+00,0.000000e+00,0.000000e+00
1.000000e+00,0.000000e+00,0.000000e+00,0.000000e+00,0.000000e+00,0.000000e+00,0.000000e+00,0.000000e+00,0.000000e+00,0.000000e+00,0.000000e+00,0.000000e+00,0.000000e+00,0.000000e+00,0.000000e+00
1.000000e+00,0.000000e+00,0.000000e+00,0.000000e+00,0.000000e+00,0.000000e+00,0.000000e+00,0.000000e+00,0.000000e+00,0.000000e+00,0.000000e+00,0.000000e+00,0.000000e+00,0.000000e+00,0.000000e+00
1.000000e+00,0.000000e+00,0.000000e+00,0.000000e+00,0.000000e+00,0.000000e+00,0.000000e+00,0.000000e+00,0.000000e+00,0.000000e+00,0.000000e+00,0.000000e+00,0.000000e+00,0.000000e+00,0.000000e+00
1.000000e+00,0.000000e+00,0.000000e+00,0.000000e+00,0.000000e+00,0.000000e+00,0.000000e+00,0.000000e+00,0.000000e+00,0.000000e+00,0.000000e+00,0.000000e+00,0.000000e+00,0.000000e+00,0.000000e+00
1.000000e+00,0.000000e+00,0.000000e+00,0.000000e+00,0.000000e+00,0.000000e+00,0.000000e+00,0.000000e+00,0.000000e+00,0.000000e+00,0.000000e+00,0.000000e+00,0.000000e+00,0.000000e+00,0.000000e+00
1.000000e+00,0.000000e+00,0.000000e+00,0.000000e+00,0.000000e+00,0.000000e+00,0.000000e+00,0.000000e+00,0.000000e+00,0.000000e+00,0.000000e+00,0.000000e+00,0.000000e+00,0.000000e+00,0.000000e+00
1.000000e+00,0.000000e+00,0.000000e+00,0.000000e+00,0.000000e+00,0.000000e+00,0.000000e+00,0.000000e+00,0.000000e+00,0.000000e+00,0.000000e+00,0.000000e+00,0.000000e+00,0.000000e+00,0.000000e+00
1.000000e+00,0.000000e+00,0.000000e+00,0.000000e+00,0.000000e+00,0.000000e+00,0.000000e+00,0.000000e+00,0.000000e+00,0.000000e+00,0.000000e+00,0.000000e+00,0.000000e+00,0.000000e+00,0.000000e+00
1.000000e+00,0.000000e+00,0.000000e+00,0.000000e+00,0.000000e+00,0.000000e+00,0.000000e+00,0.000000e+00,0.000000e+00,0.000000e+00,0.000000e+00,0.000000e+00,0.000000e+00,0.000000e+00,0.000000e+00
1.000000e+00,0.000000e+00,0.000000e+00,0.000000e+00,0.000000e+00,0.000000e+00,0.000000e+00,0.000000e+00,0.000000e+00,0.000000e+00,0.000000e+00,0.000000e+00,0.000000e+00,0.000000e+00,0.000000e+00
1.000000e+00,0.000000e+00,0.000000e+00,0.000000e+00,0.000000e+00,0.000000e+00,0.000000e+00,0.000000e+00,0.000000e+00,0.000000e+00,0.000000e+00,0.000000e+00,0.000000e+00,0.000000e+00,0.000000e+00
1.000000e+00,0.000000e+00,0.000000e+00,0.000000e+00,0.000000e+00,0.000000e+00,0.000000e+00,0.000000e+00,0.000000e+00,0.000000e+00,0.000000e+00,0.000000e+00,0.000000e+00,0.000000e+00,0.000000e+00
1.000000e+00,0.000000e+00,0.000000e+00,0.000000e+00,0.000000e+00,0.000000e+00,0.000000e+00,0.000000e+00,0.000000e+00,0.000000e+00,0.000000e+00,0.000000e+00,0.000000e+00,0.000000e+00,0.000000e+00
1.000000e+00,0.000000e+00,0.000000e+00,0.000000e+00,0.000000e+00,0.000000e+00,0.000000e+00,0.000000e+00,0.000000e+00,0.000000e+00,0.000000e+00,0.000000e+00,0.000000e+00,0.000000e+00,0.000000e+00
1.000000e+00,0.000000e+00,0.000000e+00,0.000000e+00,0.000000e+00,0.000000e+00,0.000000e+00,0.000000e+00,0.000000e+00,0.000000e+00,0.000000e+00,0.000000e+00,0.000000e+00,0.000000e+00,0.000000e+00
1.000000e+00,0.000000e+00,0.000000e+00,0.000000e+00,0.000000e+00,0.000000e+00,0.000000e+00,0.000000e+00,0.000000e+00,0.000000e+00,0.000000e+00,0.000000e+00,0.000000e+00,0.000000e+00,0.000000e+00
1.000000e+00,0.000000e+00,0.000000e+00,0.000000e+00,0.000000e+00,0.000000e+00,0.000000e+00,0.000000e+00,0.000000e+00,0.000000e+00,0.000000e+00,0.000000e+00,0.000000e+00,0.000000e+00,0.000000e+00
1.000000e+00,0.000000e+00,0.000000e+00,0.000000e+00,0.000000e+00,0.000000e+00,0.000000e+00,0.000000e+00,0.000000e+00,0.000000e+00,0.000000e+00,0.000000e+00,0.000000e+00,0.000000e+00,0.000000e+00
1.000000e+00,0.000000e+00,0.000000e+00,0.000000e+00,0.000000e+00,0.000000e+00,0.000000e+00,0.000000e+00,0.000000e+00,0.000000e+00,0.000000e+00,0.000000e+00,0.000000e+00,0.000000e+00,0.000000e+00
1.000000e+00,0.000000e+00,0.000000e+00,0.000000e+00,0.000000e+00,0.000000e+00,0.000000e+00,0.000000e+00,0.000000e+00,0.000000e+00,0.000000e+00,0.000000e+00,0.000000e+00,0.000000e+00,0.000000e+00
1.000000e+00,0.000000e+00,0.000000e+00,0.000000e+00,0.000000e+00,0.000000e+00,0.000000e+00,0.000000e+00,0.000000e+00,0.000000e+00,0.000000e+00,0.000000e+00,0.000000e+00,0.000000e+00,0.000000e+00
1.000000e+00,0.000000e+00,0.000000e+00,0.000000e+00,0.000000e+00,0.000000e+00,0.000000e+00,0.000000e+00,0.000000e+00,0.000000e+00,0.000000e+00,0.000000e+00,0.000000e+00,0.000000e+00,0.000000e+00
1.000000e+00,0.000000e+00,0.000000e+00,0.000000e+00,0.000000e+00,0.000000e+00,0.000000e+00,0.000000e+00,0.000000e+00,0.000000e+00,0.000000e+00,0.000000e+00,0.000000e+00,0.000000e+00,0.000000e+00
1.000000e+00,0.000000e+00,0.000000e+00,0.000000e+00,0.000000e+00,0.000000e+00,0.000000e+00,0.000000e+00,0.000000e+00,0.000000e+00,0.000000e+00,0.000000e+00,0.000000e+00,0.000000e+00,0.000000e+00
1.000000e+00,0.000000e+00,0.000000e+00,0.000000e+00,0.000000e+00,0.000000e+00,0.000000e+00,0.000000e+00,0.000000e+00,0.000000e+00,0.000000e+00,0.000000e+00,0.000000e+00,0.000000e+00,0.000000e+00
1.000000e+00,0.000000e+00,0.000000e+00,0.000000e+00,0.000000e+00,0.000000e+00,0.000000e+00,0.000000e+00,0.000000e+00,0.000000e+00,0.000000e+00,0.000000e+00,0.000000e+00,0.000000e+00,0.000000e+00
1.000000e+00,0.000000e+00,0.000000e+00,0.000000e+00,0.000000e+00,0.000000e+00,0.000000e+00,0.000000e+00,0.000000e+00,0.000000e+00,0.000000e+00,0.000000e+00,0.000000e+00,0.000000e+00,0.000000e+00
1.000000e+00,0.000000e+00,0.000000e+00,0.000000e+00,0.000000e+00,0.000000e+00,0.000000e+00,0.000000e+00,0.000000e+00,0.000000e+00,0.000000e+00,0.000000e+00,0.000000e+00,0.000000e+00,0.000000e+00
4.840470e-01,1.161402e-02,1.022616e-02,3.877389e-02,1.384817e-02,3.428697e-01,3.903723e-03,6.332711e-03,3.590553e-03,4.635538e-03,2.758646e-02,1.772299e-02,1.029715e-02,2.168044e-03,2.238386e-02
3.390679e-01,8.210115e-03,7.168297e-03,2.835735e-02,9.857027e-03,4.756599e-01,3.010178e-03,4.536321e-03,2.803724e-03,4.395217e-03,3.201822e-02,1.272757e-02,7.625744e-03,1.829947e-03,6.273257e-02
2.376887e-01,5.799792e-03,5.024303e-03,2.023863e-02,7.275035e-03,3.948530e-01,2.190180e-03,3.775468e-03,2.800079e-03,3.671656e-03,3.085312e-02,9.112598e-03,5.448040e-03,4.257401e-03,2.670120e-01
1.664948e-01,4.074960e-03,3.524406e-03,1.424240e-02,5.588198e-03,2.825124e-01,1.561620e-03,2.740278e-03,2.085406e-03,2.976264e-03,2.493839e-02,6.707924e-03,3.985572e-03,3.981715e-03,4.745857e-01
1.165672e-01,2.877180e-03,2.481560e-03,9.996402e-03,6.141088e-03,2.018303e-01,1.097249e-03,1.965333e-03,1.561604e-03,3.005331e-03,1.884189e-02,4.860953e-03,2.942509e-03,6.649343e-03,6.191821e-01
8.161452e-02,2.020624e-03,1.741960e-03,7.042992e-03,3.018440e-02,1.415375e-01,7.728564e-04,1.405666e-03,1.152935e-03,2.383606e-03,1.388118e-02,3.497159e-03,2.098132e-03,5.648576e-03,7.050179e-01
5.713829e-02,1.416060e-03,1.221979e-03,4.971532e-03,4.481825e-02,9.913269e-02,5.427746e-04,9.978228e-04,8.680754e-04,2.004691e-03,1.049967e-02,2.762916e-03,1.539515e-03,4.537641e-03,7.675481e-01
4.009019e-02,1.010861e-03,9.402186e-04,3.580078e-03,1.279082e-01,7.080765e-02,3.858666e-04,7.961240e-04,2.674452e-03,6.282094e-03,1.023436e-02,2.857083e-03,1.390429e-03,1.272344e-02,7.183189e-01
2.809969e-02,7.124703e-04,6.958430e-04,2.531396e-03,1.229660e-01,4.995916e-02,2.759540e-04,6.331229e-04,2.084187e-03,6.895431e-03,1.216750e-02,2.992970e-03,1.214127e-03,1.347788e-02,7.552942e-01
1.983665e-02,5.499714e-04,9.492317e-04,2.002423e-03,2.401416e-01,3.524942e-02,2.020093e-04,1.060350e-03,3.884288e-02,9.364762e-03,2.055129e-02,7.248353e-03,2.452605e-03,1.808683e-02,6.034617e-01
1.429742e-02,4.335988e-04,1.166654e-03,1.796896e-03,2.604482e-01,2.642203e-02,2.231764e-04,2.055500e-03,3.176365e-02,1.020844e-02,2.600253e-02,3.531700e-02,3.734585e-03,3.449384e-02,5.516365e-01
1.107838e-02,3.947951e-04,1.627155e-03,1.639674e-03,3.302280e-01,1.947439e-02,3.714848e-04,5.590416e-03,5.233360e-02,1.212235e-02,2.593486e-02,7.349531e-02,5.438529e-03,4.871862e-02,4.115525e-01
8.136798e-03,4.539330e-04,1.298619e-03,1.294929e-03,4.327473e-01,1.395514e-02,1.032093e-02,1.734817e-02,7.951108e-02,9.652082e-03,2.019298e-02,7.002448e-02,5.677837e-03,3.865060e-02,2.907352e-01
5.859745e-03,8.598267e-04,9.787589e-04,9.691211e-04,3.289644e-01,1.040010e-02,1.244908e-02,2.316632e-02,3.021960e-01,7.075873e-03,1.475262e-02,5.571556e-02,5.516616e-03,2.740554e-02,2.036906e-01
4.527002e-03,1.437828e-03,1.094391e-03,8.605671e-04,2.441779e-01,1.309404e-02,9.445501e-03,2.247448e-02,4.781701e-01,5.165298e-03,1.133125e-02,4.064539e-02,5.526390e-03,1.935993e-02,1.426900e-01
3.938489e-03,2.102415e-03,1.320108e-03,4.096939e-03,1.821050e-01,3.439192e-02,6.905824e-03,2.174135e-02,5.802974e-01,3.910114e-03,8.417817e-03,2.883731e-02,7.916220e-03,1.368666e-02,1.003326e-01
3.653557e-03,2.708608e-03,1.299609e-03,3.789090e-03,1.342256e-01,5.742523e-02,5.266996e-03,1.671378e-02,6.564713e-01,2.812241e-03,6.195954e-03,2.033954e-02,8.764933e-03,9.662523e-03,7.067112e-02
6.087637e-03,3.243132e-03,9.969461e-04,3.213605e-03,1.242139e-01,4.398903e-02,5.245734e-03,1.253215e-02,7.163732e-01,2.011750e-03,4.675363e-03,1.441721e-02,6.609970e-03,6.787696e-03,4.960272e-02
1.333360e-02,8.078314e-03,1.689822e-03,2.668807e-02,1.218769e-01,3.859290e-02,5.083105e-03,1.357155e-02,7.050691e-01,1.931303e-03,3.933395e-03,1.043203e-02,7.428887e-03,4.795407e-03,3.749565e-02
1.320518e-02,1.224386e-02,7.603730e-03,7.866773e-02,9.190191e-02,2.953354e-02,4.006317e-03,1.245481e-02,6.966336e-01,2.955727e-03,3.636809e-03,7.722040e-03,6.547783e-03,3.406849e-03,2.948014e-02
1.734779e-02,1.287846e-02,5.921937e-03,8.053149e-02,8.130860e-02,2.563155e-02,3.281687e-03,1.617498e-02,7.133086e-01,2.745752e-03,4.592287e-03,5.976005e-03,5.520314e-03,2.436939e-03,2.234363e-02
2.567472e-02,1.030586e-02,4.490703e-03,6.730046e-02,1.002764e-01,2.164438e-02,2.773161e-03,2.434144e-02,7.096336e-01,2.358184e-03,3.841870e-03,4.516797e-03,4.232404e-03,1.736610e-03,1.687344e-02
3.318676e-02,1.171891e-02,5.541753e-03,1.391720e-01,1.382252e-01,2.301963e-02,4.797351e-03,2.959583e-02,5.887302e-01,2.140006e-03,3.162643e-03,3.381727e-03,3.226880e-03,1.243098e-03,1.285790e-02
4.493365e-02,1.647256e-02,5.330194e-03,1.252300e-01,1.875065e-01,3.121041e-02,6.663693e-03,2.616600e-02,5.372366e-01,1.612677e-03,2.412146e-03,2.443702e-03,2.452796e-03,8.940233e-04,9.434914e-03
4.927756e-02,1.719699e-02,8.570577e-03,1.894306e-01,2.173870e-01,3.158075e-02,8.558294e-03,3.320994e-02,4.286762e-01,1.469646e-03,2.193145e-03,1.825197e-03,1.987008e-03,6.678121e-04,7.969253e-03
5.587488e-02,2.023723e-02,8.713331e-03,1.583314e-01,1.868552e-01,4.446729e-02,2.140702e-02,3.280186e-02,4.560517e-01,1.336103e-03,2.152832e-03,1.388037e-03,3.848454e-03,5.039250e-04,6.030757e-03
6.335393e-02,1.706448e-02,7.343376e-03,1.210790e-01,1.812433e-01,3.348685e-02,9.296490e-02,3.743951e-02,4.267300e-01,1.606878e-03,2.704726e-03,1.085566e-03,8.807170e-03,4.279301e-04,4.662388e-03
4.886097e-02,1.237530e-02,5.547026e-03,8.518749e-02,1.366048e-01,2.513536e-02,3.277934e-01,2.882625e-02,3.069607e-01,1.470743e-03,2.615917e-03,8.194578e-04,1.358933e-02,3.490872e-04,3.864192e-03
4.473924e-02,9.126077e-03,5.326211e-03,6.021299e-02,1.081205e-01,2.036280e-02,4.541870e-01,3.169644e-02,2.292715e-01,1.452351e-03,2.982448e-03,7.304798e-04,2.746383e-02,3.045406e-04,4.023657e-03
3.670113e-02,6.548116e-03,4.610208e-03,4.241533e-02,8.358327e-02,2.111542e-02,5.447742e-01,3.100917e-02,1.637933e-01,1.287075e-03,3.173691e-03,8.286600e-04,5.392277e-02,2.383874e-04,5.999380e-03
2.630293e-02,4.749804e-03,5.053529e-03,3.104871e-02,6.526358e-02,1.785360e-02,4.939133e-01,2.230101e-02,1.153609e-01,4.294795e-03,2.938164e-03,1.117279e-03,1.955624e-01,2.197999e-04,1.402021e-02
1.859226e-02,3.433805e-03,3.651457e-03,2.194187e-02,4.865215e-02,1.319970e-02,4.249283e-01,1.575521e-02,8.118959e-02,5.075330e-03,2.680575e-03,1.088005e-03,3.396064e-01,1.709778e-04,2.003438e-02
1.328310e-02,2.626083e-03,3.059740e-03,1.562957e-02,3.634605e-02,9.599268e-03,3.697983e-01,1.142054e-02,5.750788e-02,5.655860e-03,2.740106e-03,9.506062e-04,4.128499e-01,1.541376e-04,5.837888e-02
9.571744e-03,1.906658e-03,2.284536e-03,1.121220e-02,2.678921e-02,7.028463e-03,3.067062e-01,8.343523e-03,4.051810e-02,5.312844e-03,3.216030e-03,9.293003e-04,4.733493e-01,1.268538e-04,1.027050e-01
6.825505e-03,1.359698e-03,1.638633e-03,7.902899e-03,1.952467e-02,5.084972e-03,2.230789e-01,6.099006e-03,2.850275e-02,4.594026e-03,2.811439e-03,9.242687e-04,4.588493e-01,1.105644e-04,2.326933e-01
5.139845e-03,9.678847e-04,1.266033e-03,5.555760e-03,1.406290e-02,3.700176e-03,1.599181e-01,4.741164e-03,2.010830e-02,3.539602e-03,2.116631e-03,7.719637e-04,4.235916e-01,1.004466e-04,3.544196e-01
3.810851e-03,6.937683e-04,1.078890e-03,3.903240e-03,1.039086e-02,2.764456e-03,1.142450e-01,3.640576e-03,1.427559e-02,2.862942e-03,1.721905e-03,6.787817e-04,3.611190e-01,1.055326e-04,4.787086e-01
2.859368e-03,5.007957e-04,1.001806e-03,2.745676e-03,7.416851e-03,2.032350e-03,8.124103e-02,2.586765e-03,1.011257e-02,2.411880e-03,1.279967e-03,6.039094e-04,3.785483e-01,1.074065e-04,5.065513e-01
2.107043e-03,3.598703e-04,8.627335e-04,1.950735e-03,5.275868e-03,1.703371e-03,5.842614e-02,1.878602e-03,7.236625e-03,1.982206e-03,9.595653e-04,6.295558e-04,3.834017e-01,1.008839e-04,5.331252e-01
1.685453e-03,2.644325e-04,6.665498e-04,1.401423e-03,3.775531e-03,1.479165e-03,4.618165e-02,1.506092e-03,5.204948e-03,1.567482e-03,9.196398e-04,1.396821e-03,2.990755e-01,1.932031e-04,6.346822e-01
1.435967e-03,1.974627e-04,5.124984e-04,1.068381e-03,2.720324e-03,1.570323e-03,3.505271e-02,1.755555e-03,3.860874e-03,1.538329e-03,8.610803e-04,1.391759e-03,2.539367e-01,3.442005e-04,6.937538e-01
1.677758e-03,2.055958e-04,5.442159e-04,1.466334e-03,3.227004e-03,6.037583e-03,3.708148e-02,1.789011e-03,3.116493e-03,1.893679e-03,8.542211e-04,2.513580e-03,1.903100e-01,5.078332e-04,7.487752e-01
1.021296e-02,1.536174e-03,2.382315e-03,5.184149e-03,2.557291e-02,2.878685e-02,3.296808e-02,2.881009e-03,4.685336e-03,2.875265e-03,8.321091e-04,2.300977e-03,2.123993e-01,4.944025e-04,6.668882e-01
1.020255e-02,2.053448e-03,4.012276e-03,1.124065e-02,4.173291e-02,4.908691e-02,2.882970e-02,6.055767e-03,4.751487e-03,3.116788e-03,1.746838e-03,2.368026e-03,1.797487e-01,4.856799e-04,6.545683e-01
9.152923e-03,1.834683e-03,4.915876e-03,1.498667e-02,4.398128e-02,4.393788e-02,2.091286e-02,6.925802e-03,6.432160e-03,4.047505e-03,1.067178e-02,2.540545e-03,1.309880e-01,5.566346e-04,6.981154e-01
9.682315e-03,2.711707e-03,4.960501e-03,1.313843e-02,3.572666e-02,3.999066e-02,1.549764e-02,1.401613e-02,1.479404e-02,4.310970e-03,3.331337e-02,4.402398e-03,1.157283e-01,7.109959e-04,6.910158e-01
9.082086e-03,3.043955e-03,4.358929e-03,1.110559e-02,3.100546e-02,3.413379e-02,1.146918e-02,3.965801e-02,3.092103e-02,4.180420e-03,5.889548e-02,8.600189e-03,1.481679e-01,7.903812e-04,6.045877e-01
1.725751e-02,1.219199e-02,5.078342e-03,1.092642e-02,2.958843e-02,5.515013e-02,8.825609e-03,9.884518e-02,9.552725e-02,3.949821e-03,6.513133e-02,1.021783e-02,1.397302e-01,8.692025e-04,4.467108e-01
1.564400e-02,1.590047e-02,4.206873e-03,8.844145e-03,2.604855e-02,1.149824e-01,6.695581e-03,1.086532e-01,1.979848e-01,3.184994e-03,5.842400e-02,9.551043e-03,1.119873e-01,6.879335e-04,3.172047e-01
2.961530e-02,1.985289e-02,6.073215e-03,1.127826e-02,4.812318e-02,1.249265e-01,9.639191e-03,9.065659e-02,2.940069e-01,2.541920e-03,4.539711e-02,7.731630e-03,8.620013e-02,5.829213e-04,2.233742e-01
3.557741e-02,2.383363e-02,1.019222e-02,2.437165e-02,1.101462e-01,1.149494e-01,1.906153e-02,7.062295e-02,3.285043e-01,2.161159e-03,3.339076e-02,5.812015e-03,6.312823e-02,4.505390e-04,1.577979e-01
3.991616e-02,3.650976e-02,2.367011e-02,1.164942e-01,1.603945e-01,8.850656e-02,2.256763e-02,6.007330e-02,2.617911e-01,2.251464e-03,2.412284e-02,4.467899e-03,4.544233e-02,3.659090e-04,1.134262e-01
5.971206e-02,4.095664e-02,6.038097e-02,1.855209e-01,1.546626e-01,6.811126e-02,2.111690e-02,5.239611e-02,2.161511e-01,2.529160e-03,1.787259e-02,3.540348e-03,3.347423e-02,3.202082e-04,8.325485e-02
8.061793e-02,3.322535e-02,5.089881e-02,1.778160e-01,1.793466e-01,6.771991e-02,2.067882e-02,6.040904e-02,2.267207e-01,2.022794e-03,1.332551e-02,2.729651e-03,2.548959e-02,2.708477e-04,5.872846e-02
1.170160e-01,2.495322e-02,4.050311e-02,1.651988e-01,1.758096e-01,5.354917e-02,1.630747e-02,1.360361e-01,1.958583e-01,1.463460e-03,1.002367e-02,2.522269e-03,1.906298e-02,2.934738e-04,4.140235e-02
1.173680e-01,1.876975e-02,2.966973e-02,1.253580e-01,1.392701e-01,3.821324e-02,1.214113e-02,3.115643e-01,1.519436e-01,1.107570e-03,7.791225e-03,2.548467e-03,1.465836e-02,2.954120e-04,2.930116e-02
1.127006e-01,1.412665e-02,2.127073e-02,9.138009e-02,1.050940e-01,2.748405e-02,9.047996e-03,4.649729e-01,1.125735e-01,8.061178e-04,5.929344e-03,2.294854e-03,1.138217e-02,2.558556e-04,2.068102e-02
9.047981e-02,1.000393e-02,1.521639e-02,6.508105e-02,7.973936e-02,1.971333e-02,6.837908e-03,6.042538e-01,7.916973e-02,5.741157e-04,4.355008e-03,1.711387e-03,8.143743e-03,1.978340e-04,1.452264e-02
7.603531e-02,7.086361e-03,1.082730e-02,4.644935e-02,5.893702e-02,1.450469e-02,5.145365e-03,7.042584e-01,5.564195e-02,4.097763e-04,3.182854e-03,1.264400e-03,5.912066e-03,1.479693e-04,1.019713e-02
7.145697e-02,5.506875e-03,7.870522e-03,3.339566e-02,4.482902e-02,1.095317e-02,4.071328e-03,7.664080e-01,3.968413e-02,3.123192e-04,2.527544e-03,1.137830e-03,4.412331e-03,1.424685e-04,7.291824e-03
1.114995e-01,4.299478e-03,5.900820e-03,2.411432e-02,3.353362e-02,9.929048e-03,3.380481e-03,7.636937e-01,2.895414e-02,2.985857e-04,2.668318e-03,2.094967e-03,3.893078e-03,2.383328e-04,5.501601e-03
1.561365e-01,3.429904e-03,4.476101e-03,1.745784e-02,2.466740e-02,9.674706e-03,2.909267e-03,7.421225e-01,2.077438e-02,4.040291e-04,3.776186e-03,4.349059e-03,5.134687e-03,4.290185e-04,4.258380e-03
2.567422e-01,3.045402e-03,3.698021e-03,1.364007e-02,1.835673e-02,1.405686e-02,2.666698e-03,6.384645e-01,1.713889e-02,4.164538e-04,3.746923e-03,1.057770e-02,1.287561e-02,5.897963e-04,3.984128e-03
2.889562e-01,2.698189e-03,3.151349e-03,1.044635e-02,1.402861e-02,1.543956e-02,2.496742e-03,6.115248e-01,1.379281e-02,3.986990e-04,3.739176e-03,9.383881e-03,1.974530e-02,6.014385e-04,3.596778e-03
4.321161e-01,2.394142e-03,2.906569e-03,9.118948e-03,1.150466e-02,1.733833e-02,2.121946e-03,4.645377e-01,1.116842e-02,3.677130e-04,4.594919e-03,1.264056e-02,2.480860e-02,6.876220e-04,3.693658e-03
1.000000e+00,0.000000e+00,0.000000e+00,0.000000e+00,0.000000e+00,0.000000e+00,0.000000e+00,0.000000e+00,0.000000e+00,0.000000e+00,0.000000e+00,0.000000e+00,0.000000e+00,0.000000e+00,0.000000e+00
1.000000e+00,0.000000e+00,0.000000e+00,0.000000e+00,0.000000e+00,0.000000e+00,0.000000e+00,0.000000e+00,0.000000e+00,0.000000e+00,0.000000e+00,0.000000e+00,0.000000e+00,0.000000e+00,0.000000e+00
4.571455e-01,4.484612e-03,2.642749e-03,8.790037e-03,9.197463e-03,2.670097e-02,2.304444e-03,1.984821e-01,2.126678e-02,6.393804e-04,9.110812e-03,2.880346e-02,2.237920e-01,1.034255e-03,5.605457e-03
3.403217e-01,4.618982e-03,2.248912e-03,6.998081e-03,8.224969e-03,2.329271e-02,2.591438e-03,1.403938e-01,2.111993e-02,8.736937e-04,1.271836e-02,2.694471e-02,3.991654e-01,9.265313e-04,9.560788e-03
2.578194e-01,6.715794e-03,2.565915e-03,5.944200e-03,1.205675e-02,2.144817e-02,2.534060e-03,9.842800e-02,1.897390e-02,1.259957e-03,1.373662e-02,2.157678e-02,5.061756e-01,9.411204e-04,2.982371e-02
1.837983e-01,5.443604e-03,2.847995e-03,4.599771e-03,1.157056e-02,1.690320e-02,2.057086e-03,6.896582e-02,1.577887e-02,2.567844e-03,1.489715e-02,1.792144e-02,5.403013e-01,1.114339e-03,1.112327e-01
1.294435e-01,4.819628e-03,2.585395e-03,3.504603e-03,9.830492e-03,1.284293e-02,1.569699e-03,4.832387e-02,1.339214e-02,7.137184e-03,1.472294e-02,1.609532e-02,5.582900e-01,1.408698e-03,1.760335e-01
9.212916e-02,4.796051e-03,2.203268e-03,2.750443e-03,7.530808e-03,1.071521e-02,1.195085e-03,3.388775e-02,1.647861e-02,2.863091e-02,1.383725e-02,1.785725e-02,4.870774e-01,2.020650e-03,2.788901e-01
6.566051e-02,3.943499e-03,1.654928e-03,2.339494e-03,5.479038e-03,8.242977e-03,8.820316e-04,2.375785e-02,2.238325e-02,5.240259e-02,1.270877e-02,1.721780e-02,4.240434e-01,3.376146e-03,3.559077e-01
4.606728e-02,3.125720e-03,1.190581e-03,1.892510e-03,3.869282e-03,5.846828e-03,6.396741e-04,1.666225e-02,2.429143e-02,6.097473e-02,1.079620e-02,1.276553e-02,3.222544e-01,3.647414e-03,4.859761e-01
3.244616e-02,3.944817e-03,1.232025e-03,1.556535e-03,2.774028e-03,4.212336e-03,4.572099e-04,1.177813e-02,2.224671e-02,7.561488e-02,1.157673e-02,1.017636e-02,2.407958e-01,3.397454e-03,5.777907e-01
2.291188e-02,9.943262e-03,2.413663e-03,1.186840e-03,2.009515e-03,3.034501e-03,3.327442e-04,8.319383e-03,1.944732e-02,6.870577e-02,1.171203e-02,7.595359e-03,1.740574e-01,3.007775e-03,6.653225e-01
1.663608e-02,1.454940e-02,2.758094e-02,1.005424e-03,1.494342e-03,2.446295e-03,2.975278e-04,6.626745e-03,2.032402e-02,7.622299e-02,1.158280e-02,5.777333e-03,1.281254e-01,2.915630e-03,6.844150e-01
1.511127e-02,3.491305e-02,8.144556e-02,3.116220e-03,2.420811e-03,2.486173e-03,2.540830e-04,6.917777e-03,3.894536e-02,9.021443e-02,1.332181e-02,4.516206e-03,9.157939e-02,2.849372e-03,6.119085e-01
1.127397e-02,2.855768e-02,2.424863e-01,1.312388e-02,2.287541e-03,1.941431e-03,2.053799e-04,1.674934e-02,7.024296e-02,9.131369e-02,1.031623e-02,3.316975e-03,6.441816e-02,2.068825e-03,4.416976e-01
1.137320e-02,2.099057e-02,3.194332e-01,1.911343e-02,3.159105e-03,2.541006e-03,1.837076e-04,2.771253e-02,1.208385e-01,9.595790e-02,7.527035e-03,2.356061e-03,4.518846e-02,1.527246e-03,3.220980e-01
1.201575e-02,1.549292e-02,4.595919e-01,2.525843e-02,3.113153e-03,2.391665e-03,1.565618e-04,3.146807e-02,1.046231e-01,7.657870e-02,5.390023e-03,1.662560e-03,3.168943e-02,1.144824e-03,2.294229e-01
1.428136e-02,1.177011e-02,4.775619e-01,3.591853e-02,2.715424e-03,2.231334e-03,1.454348e-04,3.433377e-02,1.047444e-01,1.194505e-01,3.938914e-03,1.186511e-03,2.243832e-02,9.499004e-04,1.683337e-01
1.707075e-02,9.308731e-03,5.257141e-01,4.294220e-02,3.135402e-03,2.126609e-03,2.434462e-04,3.421801e-02,8.965985e-02,1.228209e-01,2.927297e-03,8.651022e-04,1.627384e-02,9.622499e-04,1.317315e-01
1.443183e-02,6.768082e-03,5.050358e-01,6.052197e-02,2.683631e-03,1.896525e-03,2.276083e-04,3.484976e-02,6.802660e-02,1.895085e-01,2.249988e-03,6.560142e-04,1.166622e-02,7.808767e-04,1.006966e-01
2.025364e-02,6.704146e-03,5.498390e-01,6.134132e-02,4.932620e-03,1.763062e-03,3.422141e-04,5.308094e-02,5.074422e-02,1.659208e-01,2.080284e-03,4.916866e-04,8.275573e-03,8.137651e-04,7.341668e-02
2.374908e-02,6.089457e-03,6.040131e-01,6.455829e-02,5.797565e-03,1.772306e-03,4.438061e-04,6.118131e-02,3.761793e-02,1.328890e-01,1.727992e-03,3.694722e-04,5.943017e-03,7.906580e-04,5.305696e-02
1.989721e-02,4.994586e-03,6.119959e-01,6.863593e-02,4.781649e-03,2.603184e-03,4.111010e-04,7.062799e-02,2.950952e-02,1.379892e-01,1.834226e-03,4.539142e-04,4.422850e-03,1.494723e-03,4.034796e-02
1.445482e-02,4.396524e-03,6.510980e-01,7.964268e-02,3.472531e-03,2.124514e-03,3.302279e-04,5.744207e-02,3.340809e-02,1.013347e-01,1.165750e-02,6.076670e-04,3.230767e-03,6.103093e-03,3.069676e-02
1.016375e-02,3.938190e-03,5.784672e-01,5.762026e-02,2.490869e-03,1.634248e-03,2.745561e-04,4.030157e-02,2.831019e-02,7.147928e-02,3.644861e-02,6.892456e-04,2.528434e-03,1.360674e-01,2.958616e-02
7.117777e-03,2.842545e-03,4.079735e-01,4.035400e-02,1.757599e-03,1.154127e-03,2.183247e-04,2.822055e-02,2.415770e-02,5.055214e-02,2.864036e-02,5.320843e-04,1.886039e-03,3.811867e-01,2.340659e-02
4.986751e-03,2.025568e-03,2.879984e-01,2.827466e-02,1.236769e-03,8.164042e-04,1.712988e-04,1.976490e-02,3.224107e-02,3.587242e-02,2.186672e-02,4.397669e-04,1.396258e-03,5.427588e-01,2.015021e-02
3.513044e-03,1.598075e-03,2.024190e-01,1.985065e-02,1.043521e-03,6.113345e-04,1.677134e-04,1.385698e-02,5.363039e-02,2.596926e-02,3.118533e-02,1.435252e-03,2.426367e-03,5.751336e-01,6.715959e-02
2.487717e-03,1.209044e-03,1.419495e-01,1.394614e-02,9.580144e-04,4.732604e-04,1.733032e-04,9.707488e-03,7.299574e-02,1.876327e-02,4.007210e-02,1.765892e-03,3.017389e-03,5.658408e-01,1.266403e-01
1.759834e-03,8.927347e-04,9.939443e-02,9.776155e-03,8.753416e-04,3.930467e-04,1.318703e-04,6.797704e-03,1.585281e-01,1.358874e-02,3.631369e-02,1.444119e-03,2.758942e-03,4.892163e-01,1.781290e-01
1.241906e-03,7.494761e-04,6.960613e-02,6.853787e-03,7.328419e-04,3.905568e-04,1.004680e-04,4.761646e-03,2.544616e-01,1.030095e-02,2.750590e-02,1.153263e-03,2.188192e-03,4.224303e-01,1.975229e-01
8.766855e-04,1.046777e-03,4.875107e-02,4.806767e-03,5.922718e-04,4.496094e-04,7.599440e-05,3.335239e-03,3.239587e-01,8.171116e-03,2.155957e-02,9.208161e-04,1.636115e-03,4.034707e-01,1.803486e-01
6.323240e-04,1.316386e-02,3.420839e-02,3.371372e-03,4.315851e-04,6.715462e-04,5.957882e-05,2.335577e-03,4.078627e-01,6.337019e-03,1.714581e-02,7.933405e-04,1.253151e-03,3.765958e-01,1.351380e-01
4.544937e-04,1.346932e-02,2.398307e-02,2.372847e-03,3.086753e-04,1.826682e-03,4.846513e-05,1.636545e-03,4.256440e-01,5.391928e-03,1.391952e-02,7.104388e-04,9.829075e-04,4.053455e-01,1.039057e-01
3.314372e-04,1.589414e-02,1.680371e-02,1.694583e-03,2.256666e-04,2.599896e-03,3.724239e-05,1.146654e-03,4.667464e-01,4.413719e-03,1.356687e-02,1.089733e-03,1.263394e-03,3.990633e-01,7.512324e-02
2.648699e-04,1.260871e-02,1.177306e-02,1.370128e-03,1.893155e-04,2.607190e-03,2.914926e-05,8.045982e-04,5.698059e-01,4.034481e-03,1.730406e-02,2.050384e-03,1.741309e-03,3.220460e-01,5.337085e-02
2.281518e-04,1.312790e-02,8.263910e-03,1.144197e-03,2.322044e-04,2.772552e-03,2.404523e-05,5.687246e-04,6.153141e-01,3.787845e-03,2.869894e-02,1.963179e-03,1.701507e-03,2.839262e-01,3.824661e-02
2.049485e-04,1.474905e-02,5.796541e-03,9.447796e-04,2.640024e-04,3.126807e-03,1.909820e-05,4.048310e-04,6.447414e-01,5.330656e-03,3.488704e-02,2.336321e-03,2.252061e-03,2.565356e-01,2.840688e-02
2.878472e-04,2.072231e-02,4.122531e-03,2.002102e-03,9.817356e-04,8.036556e-03,3.464249e-05,4.029730e-04,6.799095e-01,5.759388e-03,3.551174e-02,2.441331e-03,3.498584e-03,2.155666e-01,2.072215e-02
2.634542e-04,1.957570e-02,2.976486e-03,2.609980e-03,3.638638e-03,3.510604e-02,3.719579e-05,3.349618e-04,7.346096e-01,4.340854e-03,2.569541e-02,1.789136e-03,2.836088e-03,1.514214e-01,1.476502e-02
2.248977e-04,2.015272e-02,2.146453e-03,4.930715e-03,6.713321e-03,4.368457e-02,4.873242e-05,2.900882e-04,7.801486e-01,3.579328e-03,1.810646e-02,1.265679e-03,2.095396e-03,1.060592e-01,1.055371e-02
2.093645e-04,2.779312e-02,1.593761e-03,9.659966e-03,1.024544e-02,5.003813e-02,4.838556e-05,2.297849e-04,7.988826e-01,3.789881e-03,1.280746e-02,8.910092e-04,1.584942e-03,7.429122e-02,7.934860e-03
7.167127e-04,2.271672e-02,2.193867e-03,2.468717e-02,3.717272e-02,6.867988e-02,3.002538e-04,2.181792e-03,7.658976e-01,4.128733e-03,9.055389e-03,6.325126e-04,1.294312e-03,5.206428e-02,8.277984e-03
2.845321e-03,1.978515e-02,2.156645e-03,3.047599e-02,8.563680e-02,1.036443e-01,1.009103e-03,2.477324e-03,6.894859e-01,4.284946e-03,6.445982e-03,4.486844e-04,1.064460e-03,3.649141e-02,1.374794e-02
4.144075e-03,1.675918e-02,1.994729e-03,3.327595e-02,6.551563e-02,8.585553e-02,8.938582e-04,2.736158e-03,7.210664e-01,7.925028e-03,4.663026e-03,3.384732e-04,1.285058e-03,2.565337e-02,2.789349e-02
9.494655e-03,1.771752e-02,2.507587e-03,3.211909e-02,5.068380e-02,7.012495e-02,8.175686e-04,3.610060e-03,7.335941e-01,1.021289e-02,3.385583e-03,2.523291e-04,1.040995e-03,1.806400e-02,4.637488e-02
9.482399e-03,1.523131e-02,3.513479e-03,6.721690e-02,3.866382e-02,5.160409e-02,6.174060e-04,3.160177e-03,7.475781e-01,7.711792e-03,2.914124e-03,2.824388e-04,9.380378e-04,1.269285e-02,3.839304e-02
2.505688e-02,1.962510e-02,6.826423e-03,6.082055e-02,2.996815e-02,1.966957e-01,5.952389e-04,3.615796e-03,5.803090e-01,6.128345e-03,2.102828e-02,3.072531e-03,2.680653e-03,9.609803e-03,3.396765e-02
4.278178e-02,3.057414e-02,1.063797e-02,6.064095e-02,3.503361e-02,1.978705e-01,7.120591e-04,1.225417e-02,5.214472e-01,7.148335e-03,2.503613e-02,4.512076e-03,5.174601e-03,8.122317e-03,3.805432e-02
4.932702e-02,3.097628e-02,1.017265e-02,5.303584e-02,3.200201e-02,1.933755e-01,6.734910e-04,1.154604e-02,5.059994e-01,7.779597e-03,4.112466e-02,5.623152e-03,1.170964e-02,7.353486e-03,3.930129e-02
7.195584e-02,2.800278e-02,8.450564e-03,4.013675e-02,2.328607e-02,1.496802e-01,7.097687e-04,1.031955e-02,4.971592e-01,6.859122e-03,8.988758e-02,1.742476e-02,1.223766e-02,1.377290e-02,3.011731e-02
1.179007e-01,2.784898e-02,9.412953e-03,3.135663e-02,1.834966e-02,1.415071e-01,1.056248e-03,1.064982e-02,4.271278e-01,5.797431e-03,1.124534e-01,2.141432e-02,1.122663e-02,3.791727e-02,2.598103e-02
1.510094e-01,2.890358e-02,7.649411e-03,2.651317e-02,1.343330e-02,2.014953e-01,1.019731e-03,8.560365e-03,3.487124e-01,5.006301e-03,9.495877e-02,2.088623e-02,9.018517e-03,5.072708e-02,3.210646e-02
2.201027e-01,2.597925e-02,6.696607e-03,2.470131e-02,1.012253e-02,1.942529e-01,1.201233e-03,7.797998e-03,2.980134e-01,4.193237e-03,8.816010e-02,2.291294e-02,7.916093e-03,5.496416e-02,3.298557e-02
3.045979e-01,2.157423e-02,6.388968e-03,1.985603e-02,8.267891e-03,1.670706e-01,1.379978e-03,7.102430e-03,2.444877e-01,4.254431e-03,8.432420e-02,2.465447e-02,8.394616e-03,6.968307e-02,2.796348e-02
2.562191e-01,2.223930e-02,6.081145e-03,1.801610e-02,6.834802e-03,1.363450e-01,1.174252e-03,5.537959e-03,2.682037e-01,4.231540e-03,1.334106e-01,2.463329e-02,7.945227e-03,8.419850e-02,2.492960e-02
2.201667e-01,2.023402e-02,6.965612e-03,1.504604e-02,5.625691e-03,1.186165e-01,1.091211e-03,4.284542e-03,2.759767e-01,3.912293e-03,1.451799e-01,2.111592e-02,6.702026e-03,1.285209e-01,2.656196e-02
1.885797e-01,1.651033e-02,6.882661e-03,1.194756e-02,4.689831e-03,9.378452e-02,9.707874e-04,3.603772e-03,2.817534e-01,3.850752e-03,1.598682e-01,1.736219e-02,5.499120e-03,1.824258e-01,2.227150e-02
1.488261e-01,1.256414e-02,5.682949e-03,8.949359e-03,3.737410e-03,6.935811e-02,7.671110e-04,2.732126e-03,2.865427e-01,4.259336e-03,1.593866e-01,1.431355e-02,4.373685e-03,2.606047e-01,1.790207e-02
1.081363e-01,1.009250e-02,5.706160e-03,7.646766e-03,3.865991e-03,5.186955e-02,5.905765e-04,2.064913e-03,3.617704e-01,3.795171e-03,1.512229e-01,1.102068e-02,3.545468e-03,2.653368e-01,1.333597e-02
7.771824e-02,8.496054e-03,4.294798e-03,5.785933e-03,3.028289e-03,3.760744e-02,4.344152e-04,1.484415e-03,3.499389e-01,4.064778e-03,1.350319e-01,8.002172e-03,3.160708e-03,3.505310e-01,1.042088e-02
5.762611e-02,6.557195e-03,3.414983e-03,4.428936e-03,2.502404e-03,2.816031e-02,3.648763e-04,1.128931e-03,3.547046e-01,5.011667e-03,1.178445e-01,6.101995e-03,2.444735e-03,4.008814e-01,8.827338e-03
4.403818e-02,7.301105e-03,2.883362e-03,3.330912e-03,2.006679e-03,2.081902e-02,2.984503e-04,9.594130e-04,3.377596e-01,5.031290e-03,1.154474e-01,4.892233e-03,1.835838e-03,4.455900e-01,7.806562e-03
3.122298e-02,6.247105e-03,2.219525e-03,2.409247e-03,1.515067e-03,1.473419e-02,2.163256e-04,6.921089e-04,3.471549e-01,4.273837e-03,8.416671e-02,3.672102e-03,1.320004e-03,4.929932e-01,7.162710e-03
2.268413e-02,6.487203e-03,1.903334e-03,1.798318e-03,1.293928e-03,1.086568e-02,1.657929e-04,5.463110e-04,3.405976e-01,3.527247e-03,6.089432e-02,2.735052e-03,9.581433e-04,5.392795e-01,6.263491e-03
1.840624e-02,5.631485e-03,2.333341e-03,1.550328e-03,1.193582e-03,1.020776e-02,1.339457e-04,4.557259e-04,3.804121e-01,4.730877e-03,4.945131e-02,2.176050e-03,7.363069e-04,5.175707e-01,5.010291e-03
1.651343e-02,4.314506e-03,1.997808e-03,1.279938e-03,1.028930e-03,7.658472e-03,1.049262e-04,3.601950e-04,4.563450e-01,6.274985e-03,4.173530e-02,1.691148e-03,5.670255e-04,4.559653e-01,4.163107e-03
1.306554e-02,5.923410e-03,2.766939e-03,1.521283e-03,5.853622e-03,5.979872e-03,1.262362e-04,8.099352e-04,5.423981e-01,7.933042e-03,3.022331e-02,1.233004e-03,5.183913e-04,3.778592e-01,3.788073e-03
1.170394e-02,5.546977e-03,2.605918e-03,1.860661e-03,1.619675e-02,5.199032e-03,1.307772e-04,1.590776e-03,6.118203e-01,8.121990e-03,2.175653e-02,8.982355e-04,5.069308e-04,3.085378e-01,3.523344e-03
1.181691e-02,1.054186e-02,5.075903e-03,1.996780e-03,2.208841e-02,5.164678e-03,1.401427e-04,3.059569e-03,6.063294e-01,1.104208e-02,1.643266e-02,7.120815e-04,8.001619e-04,2.964144e-01,8.384943e-03
1.527662e-02,9.257964e-03,5.102248e-03,4.690428e-03,2.153067e-02,4.793657e-03,1.329792e-04,7.068630e-03,6.359828e-01,1.059817e-02,1.299738e-02,6.875913e-04,2.096445e-03,2.442982e-01,2.548618e-02
2.112782e-02,7.447068e-03,1.047475e-02,2.214600e-02,2.375970e-02,4.145324e-03,1.685081e-04,1.595852e-02,6.634138e-01,9.491541e-03,1.324832e-02,6.774794e-04,3.118197e-03,1.775542e-01,2.726883e-02
3.064166e-02,7.611078e-03,2.597818e-02,3.529081e-02,2.839257e-02,4.016690e-03,2.817827e-04,3.242717e-02,6.343059e-01,8.875225e-03,1.811363e-02,9.643896e-04,3.863664e-03,1.422842e-01,2.695304e-02
3.143264e-02,7.059308e-03,2.034617e-02,3.045549e-02,3.877009e-02,3.342182e-03,2.973354e-04,4.224799e-02,6.720733e-01,6.965475e-03,1.461587e-02,9.879727e-04,4.338157e-03,1.055266e-01,2.154143e-02
5.470486e-02,1.029531e-02,1.813668e-02,4.739881e-02,1.142170e-01,6.881183e-03,6.608034e-04,3.597235e-02,5.909628e-01,5.668399e-03,1.302524e-02,9.854984e-04,3.960290e-03,8.018575e-02,1.694499e-02
5.568889e-02,8.688518e-03,6.473672e-02,1.827405e-01,1.132763e-01,5.248051e-03,7.432965e-04,3.581313e-02,4.444018e-01,4.555254e-03,1.107065e-02,9.734790e-04,3.238257e-03,5.631123e-02,1.251392e-02
5.449907e-02,7.330445e-03,8.414732e-02,2.687268e-01,1.141401e-01,4.937199e-03,7.876165e-04,4.313070e-02,3.531329e-01,4.851922e-03,1.012420e-02,1.258738e-03,2.739431e-03,4.010596e-02,1.008755e-02
4.980354e-02,7.593634e-03,1.395968e-01,2.024066e-01,1.316776e-01,6.405175e-03,9.687399e-04,1.348388e-01,2.754197e-01,3.760684e-03,7.424729e-03,9.707254e-04,1.989411e-03,2.966249e-02,7.481444e-03
4.327936e-02,6.759802e-03,1.138148e-01,1.521416e-01,1.279038e-01,5.385511e-03,1.022913e-03,3.112782e-01,2.011460e-01,2.782024e-03,5.478618e-03,7.749712e-04,1.465376e-03,2.129615e-02,5.470762e-03
