1.000000e+00,0.000000e+00,0.000000e+00,0.000000e+00,0.000000e+00,0.000000e+00,0.000000e+00,0.000000e+00,0.000000e+00,0.000000e+00,0.000000e+00,0.000000e+00,0.000000e+00,0.000000e+00,0.000000e+00
1.000000e+00,0.000000e+00,0.000000e+00,0.000000e+00,0.000000e+00,0.000000e+00,0.000000e+00,0.000000e+00,0.000000e+00,0.000000e+00,0.000000e+00,0.000000e+00,0.000000e+00,0.000000e+00,0.000000e+00
1.000000e+00,0.000000e+00,0.000000e+00,0.000000e+00,0.000000e+00,0.000000e+00,0.000000e+00,0.000000e+00,0.000000e+00,0.000000e+00,0.000000e+00,0.000000e+00,0.000000e+00,0.000000e+00,0.000000e+00
1.000000e+00,0.000000e+00,0.000000e+00,0.000000e+00,0.000000e+00,0.000000e+00,0.000000e+00,0.000000e+00,0.000000e+00,0.000000e+00,0.000000e+00,0.000000e+00,0.000000e+00,0.000000e+00,0.000000e+00
1.000000e+00,0.000000e+00,0.000000e+00,0.000000e+00,0.000000e+00,0.000000e+00,0.000000e+00,0.000000e+00,0.000000e+00,0.000000e+00,0.000000e+00,0.000000e+00,0.000000e+00,0.000000e+00,0.000000e+00
1.000000e+00,0.000000e+00,0.000000e+00,0.000000e+00,0.000000e+00,0.000000e+00,0.000000e+00,0.000000e+00,0.000000e+00,0.000000e+00,0.000000e+00,0.000000e+00,0.000000e+00,0.000000e+00,0.000000e+00
1.000000e+00,0.000000e+00,0.000000e+00,0.000000e+00,0.000000e+00,0.000000e+00,0.000000e+00,0.000000e+00,0.000000e+00,0.000000e+00,0.000000e+00,0.000000e+00,0.000000e+00,0.000000e+00,0.000000e+00
1.000000e+00,0.000000e+00,0.000000e+00,0.000000e+00,0.000000e+00,0.000000e+00,0.000000e+00,0.000000e+00,0.000000e+00,0.000000e+00,0.000000e+00,0.000000e+00,0.000000e+00,0.000000e+00,0.000000e+00
1.000000e+00,0.000000e+00,0.000000e+00,0.000000e+00,0.000000e+00,0.000000e+00,0.000000e+00,0.000000e+00,0.000000e+00,0.000000e+00,0.000000e+00,0.000000e+00,0.000000e+00,0.000000e+00,0.000000e+00
1.000000e+00,0.000000e+00,0.000000e+00,0.000000e+00,0.000000e+00,0.000000e+00,0.000000e+00,0.000000e+00,0.000000e+00,0.000000e+00,0.000000e+00,0.000000e+00,0.000000e+00,0.000000e+00,0.000000e+00
1.000000e+00,0.000000e+00,0.000000e+00,0.000000e+00,0.000000e+00,0.000000e+00,0.000000e+00,0.000000e+00,0.000000e+00,0.000000e+00,0.000000e+00,0.000000e+00,0.000000e+00,0.000000e+00,0.000000e+00
1.000000e+00,0.000000e+00,0.000000e+00,0.000000e+00,0.000000e+00,0.000000e+00,0.000000e+00,0.000000e+00,0.000000e+00,0.000000e+00,0.000000e+00,0.000000e+00,0.000000e+00,0.000000e+00,0.000000e+00
1.000000e+00,0.000000e+00,0.000000e+00,0.000000e+00,0.000000e+00,0.000000e+00,0.000000e+00,0.000000e+00,0.000000e+00,0.000000e+00,0.000000e+00,0.000000e+00,0.000000e+00,0.000000e+00,0.000000e+00
1.000000e+00,0.000000e+00,0.000000e+00,0.000000e+00,0.000000e+00,0.000000e+00,0.000000e+00,0.000000e+00,0.000000e+00,0.000000e+00,0.000000e+00,0.000000e+00,0.000000e+00,0.000000e+00,0.000000e+00
1.000000e+00,0.000000e+00,0.000000e+00,0.000000e+00,0.000000e+00,0.000000e+00,0.000000e+00,0.000000e+00,0.000000e+00,0.000000e+00,0.000000e+00,0.000000e+00,0.000000e+00,0.000000e+00,0.000000e+00
1.000000e+00,0.000000e+00,0.000000e+00,0.000000e+00,0.000000e+00,0.000000e+00,0.000000e+00,0.000000e+00,0.000000e+00,0.000000e+00,0.000000e+00,0.000000e+00,0.000000e+00,0.000000e+00,0.000000e+00
1.000000e+00,0.000000e+00,0.000000e+00,0.000000e+00,0.000000e+00,0.000000e+00,0.000000e+00,0.000000e+00,0.000000e+00,0.000000e+00,0.000000e+00,0.000000e+00,0.000000e+00,0.000000e+00,0.000000e+00
1.000000e+00,0.000000e+00,0.000000e+00,0.000000e+00,0.000000e+00,0.000000e+00,0.000000e+00,0.000000e+00,0.000000e+00,0.000000e+00,0.000000e+00,0.000000e+00,0.000000e+00,0.000000e+00,0.000000e+00
1.000000e+00,0.000000e+00,0.000000e+00,0.000000e+00,0.000000e+00,0.000000e+00,0.000000e+00,0.000000e+00,0.000000e+00,0.000000e+00,0.000000e+00,0.000000e+00,0.000000e+00,0.000000e+00,0.000000e+00
1.000000e+00,0.000000e+00,0.000000e+00,0.000000e+00,0.000000e+00,0.000000e+00,0.000000e+00,0.000000e+00,0.000000e+00,0.000000e+00,0.000000e+00,0.000000e+00,0.000000e+00,0.000000e+00,0.000000e+00
1.000000e+00,0.000000e+00,0.000000e+00,0.000000e+00,0.000000e+00,0.000000e+00,0.000000e+00,0.000000e+00,0.000000e+00,0.000000e+00,0.000000e+00,0.000000e+00,0.000000e+00,0.000000e+00,0.000000e+00
1.000000e+00,0.000000e+00,0.000000e+00,0.000000e+00,0.000000e+00,0.000000e+00,0.000000e+00,0.000000e+00,0.000000e+00,0.000000e+00,0.000000e+00,0.000000e+00,0.000000e+00,0.000000e+00,0.000000e+00
1.000000e+00,0.000000e+00,0.000000e+00,0.000000e+00,0.000000e+00,0.000000e+00,0.000000e+00,0.000000e+00,0.000000e+00,0.000000e+00,0.000000e+00,0.000000e+00,0.000000e+00,0.000000e+00,0.000000e+00
1.000000e+00,0.000000e+00,0.000000e+00,0.000000e+00,0.000000e+00,0.000000e+00,0.000000e+00,0.000000e+00,0.000000e+00,0.000000e+00,0.000000e+00,0.000000e+00,0.000000e+00,0.000000e+00,0.000000e+00
1.000000e+00,0.000000e+00,0.000000e+00,0.000000e+00,0.000000e+00,0.000000e+00,0.000000e+00,0.000000e+00,0.000000e+00,0.000000e+00,0.000000e+00,0.000000e+00,0.000000e+00,0.000000e+00,0.000000e+00
1.000000e+00,0.000000e+00,0.000000e+00,0.000000e+00,0.000000e+00,0.000000e+00,0.000000e+00,0.000000e+00,0.000000e+00,0.000000e+00,0.000000e+00,0.000000e+00,0.000000e+00,0.000000e+00,0.000000e+00
1.000000e+00,0.000000e+00,0.000000e+00,0.000000e+00,0.000000e+00,0.000000e+00,0.000000e+00,0.000000e+00,0.000000e+00,0.000000e+00,0.000000e+00,0.000000e+00,0.000000e+00,0.000000e+00,0.000000e+00
1.000000e+00,0.000000e+00,0.000000e+00,0.000000e+00,0.000000e+00,0.000000e+00,0.000000e+00,0.000000e+00,0.000000e+00,0.000000e+00,0.000000e+00,0.000000e+00,0.000000e+00,0.000000e+00,0.000000e+00
1.000000e+00,0.000000e+00,0.000000e+00,0.000000e+00,0.000000e+00,0.000000e+00,0.000000e+00,0.000000e+00,0.000000e+00,0.000000e+00,0.000000e+00,0.000000e+00,0.000000e+00,0.000000e+00,0.000000e+00
1.000000e+00,0.000000e+00,0.000000e+00,0.000000e+00,0.000000e+00,0.000000e+00,0.000000e+00,0.000000e+00,0.000000e+00,0.000000e+00,0.000000e+00,0.000000e+00,0.000000e+00,0.000000e+00,0.000000e+00
1.000000e+00,0.000000e+00,0.000000e+00,0.000000e+00,0.000000e+00,0.000000e+00,0.000000e+00,0.000000e+00,0.000000e+00,0.000000e+00,0.000000e+00,0.000000e+00,0.000000e+00,0.000000e+00,0.000000e+00
1.000000e+00,0.000000e+00,0.000000e+00,0.000000e+00,0.000000e+00,0.000000e+00,0.000000e+00,0.000000e+00,0.000000e+00,0.000000e+00,0.000000e+00,0.000000e+00,0.000000e+00,0.000000e+00,0.000000e+00
1.000000e+00,0.000000e+00,0.000000e+00,0.000000e+00,0.000000e+00,0.000000e+00,0.000000e+00,0.000000e+00,0.000000e+00,0.000000e+00,0.000000e+00,0.000000e+00,0.000000e+00,0.000000e+00,0.000000e+00
1.000000e+00,0.000000e+00,0.000000e+00,0.000000e+00,0.000000e+00,0.000000e+00,0.000000e+00,0.000000e+00,0.000000e+00,0.000000e+00,0.000000e+00,0.000000e+00,0.000000e+00,0.000000e+00,0.000000e+00
1.000000e+00,0.000000e+00,0.000000e+00,0.000000e+00,0.000000e+00,0.000000e+00,0.000000e+00,0.000000e+00,0.000000e+00,0.000000e+00,0.000000e+00,0.000000e+00,0.000000e+00,0.000000e+00,0.000000e+00
1.000000e+00,0.000000e+00,0.000000e+00,0.000000e+00,0.000000e+00,0.000000e+00,0.000000e+00,0.000000e+00,0.000000e+00,0.000000e+00,0.000000e+00,0.000000e+00,0.000000e+00,0.000000e+00,0.000000e+00
1.000000e+00,0.000000e+00,0.000000e+00,0.000000e+00,0.000000e+00,0.000000e+00,0.000000e+00,0.000000e+00,0.000000e+00,0.000000e+00,0.000000e+00,0.000000e+00,0.000000e+00,0.000000e+00,0.000000e+00
1.000000e+00,0.000000e+00,0.000000e+00,0.000000e+00,0.000000e+00,0.000000e+00,0.000000e+00,0.000000e+00,0.000000e+00,0.000000e+00,0.000000e+00,0.000000e+00,0.000000e+00,0.000000e+00,0.000000e+00
1.000000e+00,0.000000e+00,0.000000e+00,0.000000e+00,0.000000e+00,0.000000e+00,0.000000e+00,0.000000e+00,0.000000e+00,0.000000e+00,0.000000e+00,0.000000e+00,0.000000e+00,0.000000e+00,0.000000e+00
1.000000e+00,0.000000e+00,0.000000e+00,0.000000e+00,0.000000e+00,0.000000e+00,0.000000e+00,0.000000e+00,0.000000e+00,0.000000e+00,0.000000e+00,0.000000e+00,0.000000e+00,0.000000e+00,0.000000e+00
1.000000e+00,0.000000e+00,0.000000e+00,0.000000e+00,0.000000e+00,0.000000e+00,0.000000e+00,0.000000e+00,0.000000e+00,0.000000e+00,0.000000e+00,0.000000e+00,0.000000e+00,0.000000e+00,0.000000e+00
1.000000e+00,0.000000e+00,0.000000e+00,0.000000e+00,0.000000e+00,0.000000e+00,0.000000e+00,0.000000e+00,0.000000e+00,0.000000e+00,0.000000e+00,0.000000e+00,0.000000e+00,0.000000e+00,0.000000e+00
1.000000e+00,0.000000e+00,0.000000e+00,0.000000e+00,0.000000e+00,0.000000e+00,0.000000e+00,0.000000e+00,0.000000e+00,0.000000e+00,0.000000e+00,0.000000e+00,0.000000e+00,0.000000e+00,0.000000e+00
1.000000e+00,0.000000e+00,0.000000e+00,0.000000e+00,0.000000e+00,0.000000e+00,0.000000e+00,0.000000e+00,0.000000e+00,0.000000e+00,0.000000e+00,0.000000e+00,0.000000e+00,0.000000e+00,0.000000e+00
1.000000e+00,0.000000e+00,0.000000e+00,0.000000e+00,0.000000e+00,0.000000e+00,0.000000e+00,0.000000e+00,0.000000e+00,0.000000e+00,0.000000e+00,0.000000e+00,0.000000e+00,0.000000e+00,0.000000e+00
1.000000e+00,0.000000e+00,0.000000e+00,0.000000e+00,0.000000e+00,0.000000e+00,0.000000e+00,0.000000e+00,0.000000e+00,0.000000e+00,0.000000e+00,0.000000e+00,0.000000e+00,0.000000e+00,0.000000e+00
1.000000e+00,0.000000e+00,0.000000e+00,0.000000e+00,0.000000e+00,0.000000e+00,0.000000e+00,0.000000e+00,0.000000e+00,0.000000e+00,0.000000e+00,0.000000e+00,0.000000e+00,0.000000e+00,0.000000e+00
1.000000e+00,0.000000e+00,0.000000e+00,0.000000e+00,0.000000e+00,0.000000e+00,0.000000e+00,0.000000e+00,0.000000e+00,0.000000e+00,0.000000e+00,0.000000e+00,0.000000e+00,0.000000e+00,0.000000e+00
1.000000e+00,0.000000e+00,0.000000e+00,0.000000e+00,0.000000e+00,0.000000e+00,0.000000e+00,0.000000e+00,0.000000e+00,0.000000e+00,0.000000e+00,0.000000e+00,0.000000e+00,0.000000e+00,0.000000e+00
1.000000e+00,0.000000e+00,0.000000e+00,0.000000e+00,0.000000e+00,0.000000e+00,0.000000e+00,0.000000e+00,0.000000e+00,0.000000e+00,0.000000e+00,0.000000e+00,0.000000e+00,0.000000e+00,0.000000e+00
1.000000e+00,0.000000e+00,0.000000e+00,0.000000e+00,0.000000e+00,0.000000e+00,0.000000e+00,0.000000e+00,0.000000e+00,0.000000e+00,0.000000e+00,0.000000e+00,0.000000e+00,0.000000e+00,0.000000e+00
1.000000e+00,0.000000e+00,0.000000e+00,0.000000e+00,0.000000e+00,0.000000e+00,0.000000e+00,0.000000e+00,0.000000e+00,0.000000e+00,0.000000e+00,0.000000e+00,0.000000e+00,0.000000e+00,0.000000e+00
4.308279e-01,1.528025e-02,4.403282e-02,2.614779e-02,1.000169e-02,3.742359e-02,2.589444e-01,6.533865e-02,4.185621e-03,1.842577e-03,6.727268e-03,4.277954e-02,4.005902e-02,1.315344e-03,1.509355e-02
3.054894e-01,1.142690e-02,4.278328e-02,1.874943e-02,7.874497e-03,2.801084e-02,4.536017e-01,5.215367e-02,2.996899e-03,1.394906e-03,4.920228e-03,3.031198e-02,2.861061e-02,9.692786e-04,1.070648e-02
2.189143e-01,8.164523e-03,3.116347e-02,1.334494e-02,6.096362e-03,2.039307e-02,5.823451e-01,6.282407e-02,2.157853e-03,1.008764e-03,3.500849e-03,2.138752e-02,2.040927e-02,7.136562e-04,7.576320e-03
1.606833e-01,6.161211e-03,2.280753e-02,9.613837e-03,4.658675e-03,1.488359e-02,5.725135e-01,1.685084e-01,1.537294e-03,7.161512e-04,2.500005e-03,1.504258e-02,1.441455e-02,5.250027e-04,5.434426e-03
1.138975e-01,4.465606e-03,1.642101e-02,6.871126e-03,3.584009e-03,1.070745e-02,6.282331e-01,1.874212e-01,1.090659e-03,5.072053e-04,1.774655e-03,1.056380e-02,1.020901e-02,3.827592e-04,3.870985e-03
8.320252e-02,3.354401e-03,1.245037e-02,5.396463e-03,2.845192e-03,7.915455e-03,6.152807e-01,2.489585e-01,7.906769e-04,3.813617e-04,1.303207e-03,7.485786e-03,7.416488e-03,3.403863e-04,2.878507e-03
6.393065e-02,2.485955e-03,9.211645e-03,3.979132e-03,2.155109e-03,6.505362e-03,6.784138e-01,2.176128e-01,5.893422e-04,2.866408e-04,9.605027e-04,5.423838e-03,5.840684e-03,2.759388e-04,2.328637e-03
6.581528e-02,2.256333e-03,7.814345e-03,3.467313e-03,2.122884e-03,7.399085e-03,6.084548e-01,2.853419e-01,5.761792e-04,2.728013e-04,1.093224e-03,4.518576e-03,5.585937e-03,6.538163e-04,4.627596e-03
1.070992e-01,1.991440e-03,7.318487e-03,3.201928e-03,1.870531e-03,1.100150e-02,5.526652e-01,2.951875e-01,5.804372e-04,2.305691e-04,1.118310e-03,4.859038e-03,6.455290e-03,5.919159e-04,5.828661e-03
1.343016e-01,1.712976e-03,6.987704e-03,2.809831e-03,1.849216e-03,1.215328e-02,5.386442e-01,2.807498e-01,5.680742e-04,1.984547e-04,1.122446e-03,5.439685e-03,6.543135e-03,5.388150e-04,6.380776e-03
2.579960e-01,2.442563e-03,8.859570e-03,4.518818e-03,2.586430e-03,1.775216e-02,4.188044e-01,2.549576e-01,8.371865e-04,2.417022e-04,1.674534e-03,9.986162e-03,8.800972e-03,7.811866e-04,9.760687e-03
3.440784e-01,4.633530e-03,1.074551e-02,6.502091e-03,4.186592e-03,2.264804e-02,3.337825e-01,2.283220e-01,1.334823e-03,3.310871e-04,2.587890e-03,1.503010e-02,1.102285e-02,1.078854e-03,1.371554e-02
3.875538e-01,5.309683e-03,1.114880e-02,8.824990e-03,5.328428e-03,3.312646e-02,2.534027e-01,2.186267e-01,1.957993e-03,3.609466e-04,3.346359e-03,3.354429e-02,2.166784e-02,1.150081e-03,1.465091e-02
4.430631e-01,6.135493e-03,1.055518e-02,1.365222e-02,6.514162e-03,3.891427e-02,1.840456e-01,1.736227e-01,3.087973e-03,4.690100e-04,4.483996e-03,6.716886e-02,2.932083e-02,1.283654e-03,1.768281e-02
4.444676e-01,6.154571e-03,1.054163e-02,1.819980e-02,6.232555e-03,4.619403e-02,1.339766e-01,1.429261e-01,4.073456e-03,5.544843e-04,5.399114e-03,1.074870e-01,5.575414e-02,1.316155e-03,1.672274e-02
4.037313e-01,6.871143e-03,9.190282e-03,2.534713e-02,7.161282e-03,5.334331e-02,9.690297e-02,1.306634e-01,8.518750e-03,6.730650e-04,6.895860e-03,1.567382e-01,7.559749e-02,1.446308e-03,1.691934e-02
4.003943e-01,6.767637e-03,7.537210e-03,2.866685e-02,7.367754e-03,5.770116e-02,7.009511e-02,1.152960e-01,1.001344e-02,6.544979e-04,7.491271e-03,1.922899e-01,7.826865e-02,1.491416e-03,1.596476e-02
3.473782e-01,1.139807e-02,8.651085e-03,3.738682e-02,7.640311e-03,7.512058e-02,5.162405e-02,1.101527e-01,1.075388e-02,1.265341e-03,8.186071e-03,2.283165e-01,8.087473e-02,1.836569e-03,1.941504e-02
2.577654e-01,1.160361e-02,7.336949e-03,4.686267e-02,6.465395e-03,6.909934e-02,3.700257e-02,8.428344e-02,1.274550e-02,1.192757e-03,9.207988e-03,3.310898e-01,1.047279e-01,1.689674e-03,1.892705e-02
2.157847e-01,1.229164e-02,7.069780e-03,5.092725e-02,5.826040e-03,7.224520e-02,2.719220e-02,7.112113e-02,1.399457e-02,1.320814e-03,1.143543e-02,3.664264e-01,1.221829e-01,1.943349e-03,2.023857e-02
2.167603e-01,1.637722e-02,8.184271e-03,6.243126e-02,7.452025e-03,7.309678e-02,2.151383e-02,8.103125e-02,1.736304e-02,2.368587e-03,1.329472e-02,3.403772e-01,1.133632e-01,2.791316e-03,2.359505e-02
2.705907e-01,1.963235e-02,1.068002e-02,7.155930e-02,8.198705e-03,6.427573e-02,1.732090e-02,8.474603e-02,1.806093e-02,4.629158e-03,1.469344e-02,2.876111e-01,9.726778e-02,3.398061e-03,2.733580e-02
2.402022e-01,1.735408e-02,1.208142e-02,7.948972e-02,9.323247e-03,7.599846e-02,1.347383e-02,7.309820e-02,1.618633e-02,9.085611e-03,2.193707e-02,2.909238e-01,1.093611e-01,3.329733e-03,2.815518e-02
2.406683e-01,1.703107e-02,1.782362e-02,1.295352e-01,1.146189e-02,6.957565e-02,1.279378e-02,5.754708e-02,1.624192e-02,7.745704e-03,2.578293e-02,2.690701e-01,9.617152e-02,3.133355e-03,2.541793e-02
2.634206e-01,1.422097e-02,1.610979e-02,1.596385e-01,1.328469e-02,5.866113e-02,1.193890e-02,5.842430e-02,1.988142e-02,6.464355e-03,3.727018e-02,2.315239e-01,8.603749e-02,2.808250e-03,2.031558e-02
3.141360e-01,1.305744e-02,1.768761e-02,1.384682e-01,2.102358e-02,4.595407e-02,1.011903e-02,5.844073e-02,4.395669e-02,5.922168e-03,5.296317e-02,1.921622e-01,6.564260e-02,3.139154e-03,1.732737e-02
3.364317e-01,1.199030e-02,1.877118e-02,1.176611e-01,3.532229e-02,3.703140e-02,8.115077e-03,6.294449e-02,5.376354e-02,6.640284e-03,7.341324e-02,1.676967e-01,5.072737e-02,3.759784e-03,1.573156e-02
2.876706e-01,9.083192e-03,3.616864e-02,1.310315e-01,3.457879e-02,2.915088e-02,6.814090e-03,1.503154e-01,4.800763e-02,5.450311e-03,6.361194e-02,1.404740e-01,4.316887e-02,2.800212e-03,1.167404e-02
2.533562e-01,6.660769e-03,3.352293e-02,9.775461e-02,2.852190e-02,2.121109e-02,5.542234e-03,3.146185e-01,3.528310e-02,4.337220e-03,5.343865e-02,1.030690e-01,3.229840e-02,2.028550e-03,8.356960e-03
2.018774e-01,4.872586e-03,2.523162e-02,7.284272e-02,2.448045e-02,1.526133e-02,4.379638e-03,4.704931e-01,2.555291e-02,4.084936e-03,4.619947e-02,7.375539e-02,2.355405e-02,1.477755e-03,5.936733e-03
1.505651e-01,3.501025e-03,1.803570e-02,5.255397e-02,2.345562e-02,1.118083e-02,3.283763e-03,6.062930e-01,1.843085e-02,3.411311e-03,3.560982e-02,5.172923e-02,1.668211e-02,1.064418e-03,4.203290e-03
1.131598e-01,2.545361e-03,1.284656e-02,3.790399e-02,2.303480e-02,8.594994e-03,2.637269e-03,7.046205e-01,1.314828e-02,3.053906e-03,2.647479e-02,3.631343e-02,1.188931e-02,7.762755e-04,3.000783e-03
8.234202e-02,1.837508e-03,9.122771e-03,2.704090e-02,1.765693e-02,6.548538e-03,2.250831e-03,7.861304e-01,9.267118e-03,2.245614e-03,1.880995e-02,2.549828e-02,8.510357e-03,5.813879e-04,2.157428e-03
5.958955e-02,1.297590e-03,6.460509e-03,1.921898e-02,1.372010e-02,5.135979e-03,1.818297e-03,8.453354e-01,6.514198e-03,1.582717e-03,1.332713e-02,1.788419e-02,6.169264e-03,4.219787e-04,1.524235e-03
5.442134e-02,9.695442e-04,4.641243e-03,1.468843e-02,1.864978e-02,5.060743e-03,1.367984e-03,8.652161e-01,4.698418e-03,1.131948e-03,9.974605e-03,1.270993e-02,5.061974e-03,3.200317e-04,1.087949e-03
4.300231e-02,7.475921e-04,3.294709e-03,1.044524e-02,2.060333e-02,3.934413e-03,1.193164e-03,8.913490e-01,3.350700e-03,8.095906e-04,7.283961e-03,9.038229e-03,3.936272e-03,2.355237e-04,7.760121e-04
3.468800e-02,5.669913e-04,2.339969e-03,7.467753e-03,1.871578e-02,3.074864e-03,1.068001e-03,9.133629e-01,2.373382e-03,5.762582e-04,5.361917e-03,6.451893e-03,3.219214e-03,1.728632e-04,5.603098e-04
2.748388e-02,4.343351e-04,1.666872e-03,5.301098e-03,1.555036e-02,2.440775e-03,8.811538e-04,9.323990e-01,1.677728e-03,4.110695e-04,3.850404e-03,4.650937e-03,2.715264e-03,1.276148e-04,4.095593e-04
2.458321e-02,3.628235e-04,1.209692e-03,3.771421e-03,1.226535e-02,2.136075e-03,1.050826e-03,9.438748e-01,1.211452e-03,3.069348e-04,2.757499e-03,3.454683e-03,2.587869e-03,1.062224e-04,3.212275e-04
2.442473e-02,3.137856e-04,8.955499e-04,2.719955e-03,9.590302e-03,1.996621e-03,1.261795e-03,9.491254e-01,9.534683e-04,2.629395e-04,2.045858e-03,2.839190e-03,3.163644e-03,1.164675e-04,2.903407e-04
2.347181e-02,4.752858e-04,6.710103e-04,2.352148e-03,7.544457e-03,2.597288e-03,1.082444e-03,8.635594e-01,1.276127e-03,2.735708e-04,2.610412e-03,6.742223e-03,8.662929e-02,1.917263e-04,5.228158e-04
2.520024e-02,5.831801e-04,5.220386e-04,1.964658e-03,7.118317e-03,2.707547e-03,8.550759e-04,7.498693e-01,1.886509e-03,2.519220e-04,5.081278e-03,9.692922e-03,1.916043e-01,2.391794e-04,2.423492e-03
2.142445e-02,6.790058e-04,4.158093e-04,1.477165e-03,6.837369e-03,3.201227e-03,1.019100e-03,5.860017e-01,4.010113e-03,3.127494e-04,9.709530e-03,3.576159e-02,3.254806e-01,6.585087e-04,3.011070e-03
1.924326e-02,1.000305e-03,3.738619e-04,1.424093e-03,6.061402e-03,4.359073e-03,1.360947e-03,4.301981e-01,6.733446e-03,8.436582e-04,1.228227e-02,7.433782e-02,4.384546e-01,8.091867e-04,2.518009e-03
1.532123e-02,9.262851e-04,3.061216e-04,1.533116e-03,5.879907e-03,4.045399e-03,1.269092e-03,3.085811e-01,1.098699e-02,7.675753e-04,1.703670e-02,1.062561e-01,5.224683e-01,2.102140e-03,2.520011e-03
1.221450e-02,9.517723e-04,3.170374e-04,1.148290e-03,7.387744e-03,3.016937e-03,9.633311e-04,2.175554e-01,1.294115e-02,6.733146e-04,1.729253e-02,1.298580e-01,5.918365e-01,1.884802e-03,1.958877e-03
2.086192e-02,1.729447e-03,4.385984e-04,1.069912e-03,1.318497e-02,5.524106e-03,1.534979e-03,1.581713e-01,1.877248e-02,8.165393e-04,1.539073e-02,2.403033e-01,5.175303e-01,2.593825e-03,2.077667e-03
1.482033e-02,1.310885e-03,3.191903e-04,7.697057e-04,1.101945e-02,3.956829e-03,1.131131e-03,1.108294e-01,1.411943e-02,6.656623e-04,1.139452e-02,4.503214e-01,3.759231e-01,1.954167e-03,1.464777e-03
1.103935e-02,1.172864e-03,4.443483e-04,5.688283e-04,9.275753e-03,2.893419e-03,8.603558e-04,7.765158e-02,1.677755e-02,1.226872e-03,9.542813e-03,5.796700e-01,2.857803e-01,2.009356e-03,1.086694e-03
8.205941e-03,2.430377e-03,1.302357e-03,4.524505e-04,7.963054e-03,2.327492e-03,7.232634e-04,5.450420e-02,2.149941e-02,2.018663e-03,7.922006e-03,6.625815e-01,2.252523e-01,1.988221e-03,8.287098e-04
5.864643e-03,2.502954e-03,1.017515e-03,3.895331e-04,7.874923e-03,1.776700e-03,5.203314e-04,3.862922e-02,1.849391e-02,2.147849e-03,5.939004e-03,7.364258e-01,1.761009e-01,1.718043e-03,5.987126e-04
4.536519e-03,2.685057e-03,1.052254e-03,5.321136e-04,8.672325e-03,1.390571e-03,3.826624e-04,2.894143e-02,2.079921e-02,2.582409e-03,4.885274e-03,7.816122e-01,1.400169e-01,1.463587e-03,4.475607e-04
4.008882e-03,2.361187e-03,2.700712e-03,1.036681e-03,9.238382e-03,1.147006e-03,3.364509e-04,2.639594e-02,1.588593e-02,4.215370e-03,7.814622e-03,8.167067e-01,1.041935e-01,3.590830e-03,3.678346e-04
7.702061e-03,2.420356e-03,4.544637e-03,2.139551e-03,2.110599e-02,1.509541e-03,2.970497e-04,3.007663e-02,1.332548e-02,4.662066e-03,2.549214e-02,7.994760e-01,7.663114e-02,1.019255e-02,4.248481e-04
1.349094e-02,2.670609e-03,6.969831e-03,2.939203e-03,2.364118e-02,2.359023e-03,3.107216e-04,3.433808e-02,1.162656e-02,5.789022e-03,4.329900e-02,7.811729e-01,5.764372e-02,1.329452e-02,4.547636e-04
2.076688e-02,2.981708e-03,6.855881e-03,3.370826e-03,2.005696e-02,2.334153e-03,2.666545e-04,2.963937e-02,1.080520e-02,5.447778e-03,4.479747e-02,7.952118e-01,4.263192e-02,1.446159e-02,3.718337e-04
2.000337e-02,9.484043e-03,1.058087e-02,4.334211e-03,2.753327e-02,2.718822e-03,2.723447e-04,3.586224e-02,2.005709e-02,7.058824e-03,4.034321e-02,7.757618e-01,3.122937e-02,1.433268e-02,4.278325e-04
2.886399e-02,4.882995e-02,4.591861e-02,1.092435e-02,3.936751e-02,5.263329e-03,6.341569e-04,5.158633e-02,3.342239e-02,1.928872e-02,4.779796e-02,6.302360e-01,2.256808e-02,1.245384e-02,2.844780e-03
3.615644e-02,3.823027e-02,1.000018e-01,6.587244e-02,3.339897e-02,6.753023e-03,1.198557e-03,6.741068e-02,7.372072e-02,1.946599e-02,6.718260e-02,4.602357e-01,1.630842e-02,1.111082e-02,2.953501e-03
4.922066e-02,3.349417e-02,1.239219e-01,1.190200e-01,2.690601e-02,8.976502e-03,1.363000e-03,7.558383e-02,8.572380e-02,1.818393e-02,8.366298e-02,3.473734e-01,1.209130e-02,1.116083e-02,3.317661e-03
5.874985e-02,3.488057e-02,1.299330e-01,1.632188e-01,2.822780e-02,1.471281e-02,1.769900e-03,7.618295e-02,1.111027e-01,1.904232e-02,8.403592e-02,2.521507e-01,1.059443e-02,1.032606e-02,5.072216e-03
6.753697e-02,4.760954e-02,1.522880e-01,1.458782e-01,4.236811e-02,1.328124e-02,1.467343e-03,5.957417e-02,1.546260e-01,1.706051e-02,8.474658e-02,1.841243e-01,1.043115e-02,1.259886e-02,6.409028e-03
7.476183e-02,4.895053e-02,1.545638e-01,1.648944e-01,7.021171e-02,1.180697e-02,1.432006e-03,6.300269e-02,1.635794e-01,1.446369e-02,7.353842e-02,1.336594e-01,8.230634e-03,1.051577e-02,6.388674e-03
8.495799e-02,4.760588e-02,1.374956e-01,1.973128e-01,7.028086e-02,1.136437e-02,1.084955e-03,6.046733e-02,1.934032e-01,1.248755e-02,6.539451e-02,9.571471e-02,6.169375e-03,1.087234e-02,5.388444e-03
8.910643e-02,4.055836e-02,1.299081e-01,1.901124e-01,8.001103e-02,1.223585e-02,9.641564e-04,8.571669e-02,2.135375e-01,1.116527e-02,5.698511e-02,6.938040e-02,4.612922e-03,1.078624e-02,4.919601e-03
1.460913e-01,3.819644e-02,1.167089e-01,2.021983e-01,8.818609e-02,1.752495e-02,1.171998e-03,9.275226e-02,1.606514e-01,9.638582e-03,4.824783e-02,5.082234e-02,4.012453e-03,1.488133e-02,8.915718e-03
2.094508e-01,3.831580e-02,1.009154e-01,1.802498e-01,1.038270e-01,2.358320e-02,1.636330e-03,7.497628e-02,1.295040e-01,8.833019e-03,4.378908e-02,4.062711e-02,4.905078e-03,2.203997e-02,1.734701e-02
1.738738e-01,5.611365e-02,9.669579e-02,2.436210e-01,1.234855e-01,1.985767e-02,1.765169e-03,7.126367e-02,1.055712e-01,6.412913e-03,3.294313e-02,2.972410e-02,4.361803e-03,1.826466e-02,1.604595e-02
2.210900e-01,4.457550e-02,7.410954e-02,2.278596e-01,1.550685e-01,1.821019e-02,2.323607e-03,6.432576e-02,9.032353e-02,5.579099e-03,3.285891e-02,2.363074e-02,3.862037e-03,2.400623e-02,1.217677e-02
2.040723e-01,3.404151e-02,9.188086e-02,2.796590e-01,1.566235e-01,1.550033e-02,2.550025e-03,6.686439e-02,7.094648e-02,4.532965e-03,2.528516e-02,1.792887e-02,2.961006e-03,1.827524e-02,8.878369e-03
2.385590e-01,2.522891e-02,8.299803e-02,3.519377e-01,1.158109e-01,1.213152e-02,2.127715e-03,4.902796e-02,5.779152e-02,5.600650e-03,2.010119e-02,1.502631e-02,2.443568e-03,1.402092e-02,7.194017e-03
2.949092e-01,2.203337e-02,6.870825e-02,3.582826e-01,9.531907e-02,1.181920e-02,1.725913e-03,3.606800e-02,5.359013e-02,4.943017e-03,1.807525e-02,1.377339e-02,2.734528e-03,1.144331e-02,6.574810e-03
3.304875e-01,1.996335e-02,7.404601e-02,3.566844e-01,8.432991e-02,9.965168e-03,1.976110e-03,3.015800e-02,4.317704e-02,3.863814e-03,1.480752e-02,1.189620e-02,3.204055e-03,9.002740e-03,6.438233e-03
3.948992e-01,1.649755e-02,6.133150e-02,3.153087e-01,9.043391e-02,9.481031e-03,3.031895e-03,3.036023e-02,3.362542e-02,2.927494e-03,1.260758e-02,1.202757e-02,4.186523e-03,7.181361e-03,6.099993e-03
4.233934e-01,1.398724e-02,6.133359e-02,2.993089e-01,9.450344e-02,1.064199e-02,2.792246e-03,2.487139e-02,2.658075e-02,2.334393e-03,1.040119e-02,1.163373e-02,4.449915e-03,6.924757e-03,6.842994e-03
3.113720e-01,1.206998e-02,4.386266e-02,2.106453e-01,6.666539e-02,1.061256e-02,1.981550e-03,1.777040e-02,2.255695e-02,5.121728e-03,9.764278e-03,1.006679e-02,1.425555e-02,8.521304e-03,2.547335e-01
2.185510e-01,8.608245e-03,3.075214e-02,1.475388e-01,4.672641e-02,9.688096e-03,1.389608e-03,1.245013e-02,1.638890e-02,1.011366e-02,9.926150e-03,1.566952e-02,5.666945e-02,6.108878e-03,4.094190e-01
1.567105e-01,6.460808e-03,2.173997e-02,1.035364e-01,3.428329e-02,8.539010e-03,1.042635e-03,8.910278e-03,1.369138e-02,1.779509e-01,1.579968e-02,1.716915e-02,6.885238e-02,1.038963e-02,3.549238e-01
1.132903e-01,4.798657e-03,1.539649e-02,7.268767e-02,2.503362e-02,8.809334e-03,7.592939e-04,6.275429e-03,1.042840e-02,2.371406e-01,1.529202e-02,1.877373e-02,1.798909e-01,8.405186e-03,2.830183e-01
8.121344e-02,3.454654e-03,1.089923e-02,5.097492e-02,1.792091e-02,1.035602e-02,5.518522e-04,4.403210e-03,7.527398e-03,2.506163e-01,1.378222e-02,1.918896e-02,3.009604e-01,6.886343e-03,2.212642e-01
5.706389e-02,2.501535e-03,7.665049e-03,3.578873e-02,1.262210e-02,9.505371e-03,3.964705e-04,3.084989e-03,5.436598e-03,2.636623e-01,1.362645e-02,1.785505e-02,3.334344e-01,1.011732e-02,2.272396e-01
4.010467e-02,1.810435e-03,5.408820e-03,2.517531e-02,8.988849e-03,8.977521e-03,2.930015e-04,2.162665e-03,4.052541e-03,2.815168e-01,1.494354e-02,2.140240e-02,3.603570e-01,9.955524e-03,2.148509e-01
2.843707e-02,1.320393e-03,3.865978e-03,1.837901e-02,6.653129e-03,1.033820e-02,2.756660e-04,1.522181e-03,3.987490e-03,2.511335e-01,1.814871e-02,4.493656e-02,4.286509e-01,1.144375e-02,1.709074e-01
2.036189e-02,9.811212e-04,2.986277e-03,1.313297e-02,4.845892e-03,1.091779e-02,5.300621e-04,1.077398e-03,4.375021e-03,2.980226e-01,1.711261e-02,9.490278e-02,3.853793e-01,1.102813e-02,1.343461e-01
1.431044e-02,7.377436e-04,5.975921e-03,9.454972e-03,3.796818e-03,9.306210e-03,1.969968e-03,8.306125e-04,3.493511e-03,3.932962e-01,1.974212e-02,8.655554e-02,3.421928e-01,9.327259e-03,9.900989e-02
1.038213e-02,6.395760e-04,4.963526e-03,6.731131e-03,3.396456e-03,7.295429e-03,2.156535e-03,6.691964e-04,3.081203e-03,5.284506e-01,1.601475e-02,7.099797e-02,2.598316e-01,8.844863e-03,7.654499e-02
7.307861e-03,8.909520e-04,4.321747e-03,4.882205e-03,4.104806e-03,5.860073e-03,1.750512e-03,5.271345e-04,2.459464e-03,6.106821e-01,1.350902e-02,7.018042e-02,2.114305e-01,7.046565e-03,5.504648e-02
5.249653e-03,7.683373e-04,3.519554e-03,4.132701e-03,1.088740e-02,4.424532e-03,1.508649e-03,3.997670e-03,2.531593e-03,6.624116e-01,2.090268e-02,5.604111e-02,1.759233e-01,5.862509e-03,4.183875e-02
4.150005e-03,1.262955e-03,5.000226e-03,7.275595e-03,1.591661e-02,5.658467e-03,1.632845e-03,2.836348e-02,1.420550e-02,6.421139e-01,3.625635e-02,4.512671e-02,1.536997e-01,5.026523e-03,3.431102e-02
3.906357e-03,3.735119e-03,6.548319e-03,9.237345e-03,2.220961e-02,6.030630e-03,1.712737e-03,3.170106e-02,4.017745e-02,6.035763e-01,3.800038e-02,3.754445e-02,1.561362e-01,4.478488e-03,3.500552e-02
3.262214e-03,6.379826e-03,6.313114e-03,7.369957e-03,1.840364e-02,6.756783e-03,1.804282e-03,2.813807e-02,1.412829e-01,4.340934e-01,3.305966e-02,3.512128e-02,1.412924e-01,5.316736e-03,1.314057e-01
3.190259e-03,9.196023e-03,5.856825e-03,7.642695e-03,1.763512e-02,2.164410e-02,1.739728e-03,2.601687e-02,2.095855e-01,3.109004e-01,3.100234e-02,3.173834e-02,1.138943e-01,8.542171e-03,2.014153e-01
4.100692e-03,9.718110e-03,6.968537e-03,7.314791e-03,1.890040e-02,2.486778e-02,1.706490e-03,9.446399e-02,2.277381e-01,2.290141e-01,3.117692e-02,3.120661e-02,9.934840e-02,9.374756e-03,2.041003e-01
4.777564e-03,1.186829e-02,1.220943e-02,1.366435e-02,1.407622e-02,3.562500e-02,2.338478e-03,9.638184e-02,3.207177e-01,1.660843e-01,2.702911e-02,2.638685e-02,7.859804e-02,7.732000e-03,1.825108e-01
7.637791e-03,1.098602e-02,2.777046e-02,1.439792e-02,1.070773e-02,2.798729e-02,7.827846e-03,1.947035e-01,2.809814e-01,1.199669e-01,2.413015e-02,1.991154e-02,6.067353e-02,7.200223e-03,1.851177e-01
6.887840e-03,8.869991e-03,2.710338e-02,1.061103e-02,8.100113e-03,2.078465e-02,1.754353e-02,3.992087e-01,2.022965e-01,8.422057e-02,1.749548e-02,1.415406e-02,4.307978e-02,5.396439e-03,1.342480e-01
5.128398e-03,6.358890e-03,2.119333e-02,7.571008e-03,6.218948e-03,1.529982e-02,2.127266e-02,5.646850e-01,1.423217e-01,5.902196e-02,1.238871e-02,9.933929e-03,3.031293e-02,3.895600e-03,9.439714e-02
4.576707e-03,4.500472e-03,1.696927e-02,5.503118e-03,6.030770e-03,1.202864e-02,1.833711e-02,6.837366e-01,1.000242e-01,4.138115e-02,8.858808e-03,6.992738e-03,2.195519e-02,2.935014e-03,6.617022e-02
3.958381e-03,3.300426e-03,1.443247e-02,4.242352e-03,5.258125e-03,9.873762e-03,1.734689e-02,7.636440e-01,7.016840e-02,2.913264e-02,6.485488e-03,4.942659e-03,1.746064e-02,2.591296e-03,4.716249e-02
3.905306e-03,2.549078e-03,1.473431e-02,3.348469e-03,4.365859e-03,7.816833e-03,1.472640e-02,8.134258e-01,4.971479e-02,2.063635e-02,5.622557e-03,3.763305e-03,1.385338e-02,6.255048e-03,3.528252e-02
6.592858e-03,1.915640e-03,1.149235e-02,3.121083e-03,3.786780e-03,5.822779e-03,1.059077e-02,8.541734e-01,3.531334e-02,1.473175e-02,4.556628e-03,2.779135e-03,1.016074e-02,7.468956e-03,2.749376e-02
1.089399e-02,1.548510e-03,8.680299e-03,2.758845e-03,4.000851e-03,4.493267e-03,7.732447e-03,8.835349e-01,2.512516e-02,1.045304e-02,3.707420e-03,2.090445e-03,8.225079e-03,6.457050e-03,2.029860e-02
2.013998e-02,1.293485e-03,7.158383e-03,3.249076e-03,4.155395e-03,3.884770e-03,7.480648e-03,8.947217e-01,1.807760e-02,7.463888e-03,2.991838e-03,1.631719e-03,6.943597e-03,4.996024e-03,1.581183e-02
3.763441e-02,1.402110e-03,1.116396e-02,5.328511e-03,3.892856e-03,3.755146e-03,5.966059e-03,8.870771e-01,1.367379e-02,5.499246e-03,2.697131e-03,1.281411e-03,5.139377e-03,3.656600e-03,1.183229e-02
4.749642e-02,1.263853e-03,1.877005e-02,6.524133e-03,3.700408e-03,3.962052e-03,6.124311e-03,8.783131e-01,1.028237e-02,4.251278e-03,2.285128e-03,1.007884e-03,4.033114e-03,2.678417e-03,9.307499e-03
4.177162e-02,1.341544e-03,3.531952e-02,6.686697e-03,3.936288e-03,6.318778e-03,1.606845e-02,8.597823e-01,7.658982e-03,4.990741e-03,1.915453e-03,9.025757e-04,3.259670e-03,2.059215e-03,7.988057e-03
3.991517e-02,1.698849e-03,3.897459e-02,7.850644e-03,5.011149e-03,6.624301e-03,2.186257e-02,8.519989e-01,6.151540e-03,5.086340e-03,1.838922e-03,8.147033e-04,2.600298e-03,1.616020e-03,7.955946e-03
3.236725e-02,3.050104e-03,3.860663e-02,6.686599e-03,6.371217e-03,5.638395e-03,1.716141e-02,6.819693e-01,9.649033e-02,7.133893e-02,8.630436e-03,1.835927e-03,5.562976e-03,8.596335e-03,1.569409e-02
3.694975e-02,5.038838e-03,2.859174e-02,5.821025e-03,1.207055e-02,6.506580e-03,1.282583e-02,5.532474e-01,1.288419e-01,9.794512e-02,3.170521e-02,2.807274e-03,1.029875e-02,1.619910e-02,5.115090e-02
7.234291e-02,5.915508e-03,2.142961e-02,5.381009e-03,1.544182e-02,7.872793e-03,9.772480e-03,5.301898e-01,1.181182e-01,8.328179e-02,4.259705e-02,4.031889e-03,1.118509e-02,1.848562e-02,5.395451e-02
6.994717e-02,1.188458e-02,5.527995e-02,2.597317e-02,3.598589e-02,1.723380e-02,7.831422e-03,3.917365e-01,1.314336e-01,1.006375e-01,3.420455e-02,8.156561e-03,1.256918e-02,1.582580e-02,8.130036e-02
6.409082e-02,1.421150e-02,4.395153e-02,2.081588e-02,3.364122e-02,1.418277e-02,5.664727e-03,2.805946e-01,2.225280e-01,8.136755e-02,3.272223e-02,6.471294e-03,1.049910e-02,1.968181e-02,1.495770e-01
4.811623e-02,1.053851e-02,3.114753e-02,1.522464e-02,2.475098e-02,1.052707e-02,4.028381e-03,1.969276e-01,4.101956e-01,6.353407e-02,2.678789e-02,4.894650e-03,8.257945e-03,1.956971e-02,1.254991e-01
3.773887e-02,7.798888e-03,2.192740e-02,1.138367e-02,1.855042e-02,7.727417e-03,2.865528e-03,1.379861e-01,5.457613e-01,4.623591e-02,2.239832e-02,3.572776e-03,6.868200e-03,2.036517e-02,1.088200e-01
4.366390e-02,6.404284e-03,1.551168e-02,8.465719e-03,1.522196e-02,6.311392e-03,2.073504e-03,9.681844e-02,4.646339e-01,3.303505e-02,3.829652e-02,3.216497e-03,1.235991e-02,2.152996e-02,2.324573e-01
3.097451e-02,4.903350e-03,1.093013e-02,6.027096e-03,1.112246e-02,4.460174e-03,1.456634e-03,6.783975e-02,6.001809e-01,2.322743e-02,2.691619e-02,2.276599e-03,8.956149e-03,1.543561e-02,1.852930e-01
2.570409e-02,4.437950e-03,8.352132e-03,4.573087e-03,8.393699e-03,3.465572e-03,1.119463e-03,4.785753e-02,5.979735e-01,1.655888e-02,1.967376e-02,1.750537e-03,9.020256e-03,1.199927e-02,2.391203e-01
2.440587e-02,4.914824e-03,3.255977e-02,4.140256e-03,8.504015e-03,3.443756e-03,1.049841e-03,3.527713e-02,4.425998e-01,1.326237e-02,1.695582e-02,1.713066e-03,1.437106e-02,1.198450e-02,3.848179e-01
6.882830e-02,1.956254e-02,5.968967e-02,7.220592e-03,2.590368e-02,2.313706e-02,2.758842e-03,3.445012e-02,3.515838e-01,2.090684e-02,1.974973e-02,5.066584e-03,1.846550e-02,1.468201e-02,3.279947e-01
5.137277e-02,3.325018e-02,7.294789e-02,1.058264e-02,3.032320e-02,9.992084e-02,3.254796e-03,2.590562e-02,2.818764e-01,1.948543e-02,1.785426e-02,7.287791e-03,5.351958e-02,1.228767e-02,2.801310e-01
3.717762e-02,6.080725e-02,6.115054e-02,1.400168e-02,2.282469e-02,1.459555e-01,2.994011e-03,1.828977e-02,2.464182e-01,1.680066e-02,1.440991e-02,6.428599e-03,1.290835e-01,9.511437e-03,2.141466e-01
2.832667e-02,1.096998e-01,4.522132e-02,1.189342e-02,1.727674e-02,1.094555e-01,2.469008e-03,1.295668e-02,2.415751e-01,1.411292e-02,1.495649e-02,5.893182e-03,1.791121e-01,8.167336e-03,1.988836e-01
2.055202e-02,3.131711e-01,3.516729e-02,1.938281e-02,1.241570e-02,7.800630e-02,1.779092e-03,9.204985e-03,1.887058e-01,1.126753e-02,1.279141e-02,6.400893e-03,1.416985e-01,6.550543e-03,1.429060e-01
1.541324e-02,2.598086e-01,2.603815e-02,2.901806e-02,9.009061e-03,5.764085e-02,1.333938e-03,6.602427e-03,1.698663e-01,9.968316e-03,1.678748e-02,4.019110e-02,2.322153e-01,7.794478e-03,1.183128e-01
1.283873e-02,2.107317e-01,1.921960e-02,2.750110e-02,6.877399e-03,4.634521e-02,1.047823e-03,4.954866e-03,1.414355e-01,7.809780e-03,1.651156e-02,4.327430e-02,3.608744e-01,6.510519e-03,9.406755e-02
1.197772e-02,1.802204e-01,1.584290e-02,2.115862e-02,6.334164e-03,4.994065e-02,1.000684e-03,4.648276e-03,1.275937e-01,5.786658e-03,1.341829e-02,3.751786e-02,4.451094e-01,5.693133e-03,7.375751e-02
1.015834e-02,1.614414e-01,1.284431e-02,1.585378e-02,6.403825e-03,7.651816e-02,9.194043e-04,3.659936e-03,1.392696e-01,4.184670e-03,1.070527e-02,3.363602e-02,4.644718e-01,4.319489e-03,5.561388e-02
1.106813e-02,1.371740e-01,1.006224e-02,1.290260e-02,6.500931e-03,1.185995e-01,8.950024e-04,3.356407e-03,1.613621e-01,3.178952e-03,7.874589e-03,2.595699e-02,4.534901e-01,3.300781e-03,4.427774e-02
1.458839e-02,1.381023e-01,1.794147e-02,3.515316e-02,1.020842e-02,1.024528e-01,1.574469e-03,4.519626e-03,1.618282e-01,3.639386e-03,7.440269e-03,1.999370e-02,4.427812e-01,2.567069e-03,3.720948e-02
3.556587e-02,1.592878e-01,1.761811e-02,3.742903e-02,1.340112e-02,1.310411e-01,2.108798e-03,8.792982e-03,1.505456e-01,3.817758e-03,6.408460e-03,1.737885e-02,3.832436e-01,2.173194e-03,3.118764e-02
4.923332e-02,1.294466e-01,1.420939e-02,3.556500e-02,1.139471e-02,1.056938e-01,2.019385e-03,7.787745e-03,1.382281e-01,3.233765e-03,6.248324e-03,1.575387e-02,4.525016e-01,1.745341e-03,2.693907e-02
5.989298e-02,1.008967e-01,1.272839e-02,3.103441e-02,1.003064e-02,8.784275e-02,1.942749e-03,7.775566e-03,1.196350e-01,2.990603e-03,6.058881e-03,1.561240e-02,5.160274e-01,1.637822e-03,2.589377e-02
5.839799e-02,9.235239e-02,1.044952e-02,2.632106e-02,7.641290e-03,7.337321e-02,1.657751e-03,6.555310e-03,1.048150e-01,3.118024e-03,6.982636e-03,1.895211e-02,5.647538e-01,1.759168e-03,2.287076e-02
5.886255e-02,8.867023e-02,8.279053e-03,1.889192e-02,6.716767e-03,5.609111e-02,1.568323e-03,6.382620e-03,8.907683e-02,2.449588e-03,5.819398e-03,1.716917e-02,6.155902e-01,1.887941e-03,2.254431e-02
5.684126e-02,6.722007e-02,7.966924e-03,1.392608e-02,1.026813e-02,4.094146e-02,1.373108e-03,8.517502e-03,7.144325e-02,1.795362e-03,4.460909e-03,1.513182e-02,6.810895e-01,1.535180e-03,1.748946e-02
6.645334e-02,5.085807e-02,1.006082e-02,1.108449e-02,1.069443e-02,3.531650e-02,1.746354e-03,1.874239e-02,6.080438e-02,1.569331e-03,3.531897e-03,1.324170e-02,6.946162e-01,1.761693e-03,1.951839e-02
6.568040e-02,3.867088e-02,2.275107e-02,9.142403e-03,1.404981e-02,3.129252e-02,2.879252e-03,2.167752e-02,5.016736e-02,1.559348e-03,2.918233e-03,1.161975e-02,7.036953e-01,1.786901e-03,2.210927e-02
6.526586e-02,2.982096e-02,7.118020e-02,9.792960e-02,2.161490e-02,2.800461e-02,2.772250e-03,3.696500e-02,5.655950e-02,1.916803e-03,3.979754e-03,1.016334e-02,5.537390e-01,1.681306e-03,1.840695e-02
5.469412e-02,2.188416e-02,5.449249e-02,9.146953e-02,2.747978e-02,2.274701e-02,3.632601e-03,6.584154e-02,5.941959e-02,1.789242e-03,1.990784e-02,1.241162e-02,5.369290e-01,1.775845e-03,2.552559e-02
5.387649e-02,1.599189e-02,4.116303e-02,8.777440e-02,8.227815e-02,2.260878e-02,1.142795e-02,5.306327e-02,7.938382e-02,2.094043e-03,3.876616e-02,1.341217e-02,4.615589e-01,1.513808e-03,3.508709e-02
5.664771e-02,1.155217e-02,3.479930e-02,6.618459e-02,8.479220e-02,2.042038e-02,1.361096e-01,9.365453e-02,6.014711e-02,2.094941e-03,4.215321e-02,1.166775e-02,3.409100e-01,1.293823e-03,3.757263e-02
5.060152e-02,8.183747e-03,2.566570e-02,4.721058e-02,6.912237e-02,1.556937e-02,2.870385e-01,1.356255e-01,4.331050e-02,1.809737e-03,3.645111e-02,8.501316e-03,2.412847e-01,9.487325e-04,2.867658e-02
5.775034e-02,5.878639e-03,1.894582e-02,3.339673e-02,5.143775e-02,1.472855e-02,4.191335e-01,1.430159e-01,3.096124e-02,1.356942e-03,2.612185e-02,6.044739e-03,1.699973e-01,6.890749e-04,2.054152e-02
4.126849e-02,4.124844e-03,1.333003e-02,2.340648e-02,3.677892e-02,1.079268e-02,5.766083e-01,1.139024e-01,2.169961e-02,9.804096e-04,1.844291e-02,4.264036e-03,1.194209e-01,4.897158e-04,1.449012e-02
2.984904e-02,2.924114e-03,9.413413e-03,1.642735e-02,2.658581e-02,8.338986e-03,6.903547e-01,8.721702e-02,1.534027e-02,7.487661e-04,1.331314e-02,3.058978e-03,8.538884e-02,3.581622e-04,1.068139e-02
2.351656e-02,2.111405e-03,6.943198e-03,1.161478e-02,2.048196e-02,7.275368e-03,7.636385e-01,7.210663e-02,1.136558e-02,5.940201e-04,9.771774e-03,2.278685e-03,6.036152e-02,2.711077e-04,7.668846e-03
1.720994e-02,1.513750e-03,5.031826e-03,8.164732e-03,1.520120e-02,5.710083e-03,8.223615e-01,5.906498e-02,8.347695e-03,4.492715e-04,6.983013e-03,1.638579e-03,4.267343e-02,1.952286e-04,5.454704e-03
1.416598e-02,1.199457e-03,3.643024e-03,5.758865e-03,1.207225e-02,5.868418e-03,8.494726e-01,5.936514e-02,6.386653e-03,3.622374e-04,5.272594e-03,1.276948e-03,3.106738e-02,1.434971e-04,3.944820e-03
1.487468e-02,9.300124e-04,2.873838e-03,4.161964e-03,2.411430e-02,4.799150e-03,8.343053e-01,7.800553e-02,5.571400e-03,2.760916e-04,3.917272e-03,9.387060e-04,2.224746e-02,1.077692e-04,2.876530e-03
2.159621e-02,8.572746e-04,3.305936e-03,3.285409e-03,3.192798e-02,4.112721e-03,7.911879e-01,1.155023e-01,5.538845e-03,2.467203e-04,3.259053e-03,7.900988e-04,1.600712e-02,1.028191e-04,2.279670e-03
1.852295e-02,6.350639e-04,4.791250e-03,2.607052e-03,2.405767e-02,4.301867e-03,7.402576e-01,1.842156e-01,3.994792e-03,2.394720e-04,2.481559e-03,6.240081e-04,1.149095e-02,8.710847e-05,1.693051e-03
1.806653e-02,4.806079e-04,4.166900e-03,1.971541e-03,1.770257e-02,6.655113e-03,7.603509e-01,1.742270e-01,2.839094e-03,2.853921e-04,2.077126e-03,7.577576e-04,9.013239e-03,7.412730e-05,1.332078e-03
