1.000000e+00,0.000000e+00,0.000000e+00,0.000000e+00,0.000000e+00,0.000000e+00,0.000000e+00,0.000000e+00,0.000000e+00,0.000000e+00,0.000000e+00,0.000000e+00,0.000000e+00,0.000000e+00,0.000000e+00
1.000000e+00,0.000000e+00,0.000000e+00,0.000000e+00,0.000000e+00,0.000000e+00,0.000000e+00,0.000000e+00,0.000000e+00,0.000000e+00,0.000000e+00,0.000000e+00,0.000000e+00,0.000000e+00,0.000000e+00
1.000000e+00,0.000000e+00,0.000000e+00,0.000000e+00,0.000000e+00,0.000000e+00,0.000000e+00,0.000000e+00,0.000000e+00,0.000000e+00,0.000000e+00,0.000000e+00,0.000000e+00,0.000000e+00,0.000000e+00
1.000000e+00,0.000000e+00,0.000000e+00,0.000000e+00,0.000000e+00,0.000000e+00,0.000000e+00,0.000000e+00,0.000000e+00,0.000000e+00,0.000000e+00,0.000000e+00,0.000000e+00,0.000000e+00,0.000000e+00
1.000000e+00,0.000000e+00,0.000000e+00,0.000000e+00,0.000000e+00,0.000000e+00,0.000000e+00,0.000000e+00,0.000000e+00,0.000000e+00,0.000000e+00,0.000000e+00,0.000000e+00,0.000000e+00,0.000000e+00
1.000000e+00,0.000000e+00,0.000000e+00,0.000000e+00,0.000000e+00,0.000000e+00,0.000000e+00,0.000000e+00,0.000000e+00,0.000000e+00,0.000000e+00,0.000000e+00,0.000000e+00,0.000000e+00,0.000000e+00
1.000000e+00,0.000000e+00,0.000000e+00,0.000000e+00,0.000000e+00,0.000000e+00,0.000000e+00,0.000000e+00,0.000000e+00,0.000000e+00,0.000000e+00,0.000000e+00,0.000000e+00,0.000000e+00,0.000000e+00
1.000000e+00,0.000000e+00,0.000000e+00,0.000000e+00,0.000000e+00,0.000000e+00,0.000000e+00,0.000000e+00,0.000000e+00,0.000000e+00,0.000000e+00,0.000000e+00,0.000000e+00,0.000000e+00,0.000000e+00
1.000000e+00,0.000000e+00,0.000000e+00,0.000000e+00,0.000000e+00,0.000000e+00,0.000000e+00,0.000000e+00,0.000000e+00,0.000000e+00,0.000000e+00,0.000000e+00,0.000000e+00,0.000000e+00,0.000000e+00
1.000000e+00,0.000000e+00,0.000000e+00,0.000000e+00,0.000000e+00,0.000000e+00,0.000000e+00,0.000000e+00,0.000000e+00,0.000000e+00,0.000000e+00,0.000000e+00,0.000000e+00,0.000000e+00,0.000000e+00
1.000000e+00,0.000000e+00,0.000000e+00,0.000000e+00,0.000000e+00,0.000000e+00,0.000000e+00,0.000000e+00,0.000000e+00,0.000000e+00,0.000000e+00,0.000000e+00,0.000000e+00,0.000000e+00,0.000000e+00
1.000000e+00,0.000000e+00,0.000000e+00,0.000000e+00,0.000000e+00,0.000000e+00,0.000000e+00,0.000000e+00,0.000000e+00,0.000000e+00,0.000000e+00,0.000000e+00,0.000000e+00,0.000000e+00,0.000000e+00
1.000000e+00,0.000000e+00,0.000000e+00,0.000000e+00,0.000000e+00,0.000000e+00,0.000000e+00,0.000000e+00,0.000000e+00,0.000000e+00,0.000000e+00,0.000000e+00,0.000000e+00,0.000000e+00,0.000000e+00
1.000000e+00,0.000000e+00,0.000000e+00,0.000000e+00,0.000000e+00,0.000000e+00,0.000000e+00,0.000000e+00,0.000000e+00,0.000000e+00,0.000000e+00,0.000000e+00,0.000000e+00,0.000000e+00,0.000000e+00
1.000000e+00,0.000000e+00,0.000000e+00,0.000000e+00,0.000000e+00,0.000000e+00,0.000000e+00,0.000000e+00,0.000000e+00,0.000000e+00,0.000000e+00,0.000000e+00,0.000000e+00,0.000000e+00,0.000000e+00
1.000000e+00,0.000000e+00,0.000000e+00,0.000000e+00,0.000000e+00,0.000000e+00,0.000000e+00,0.000000e+00,0.000000e+00,0.000000e+00,0.000000e+00,0.000000e+00,0.000000e+00,0.000000e+00,0.000000e+00
1.000000e+00,0.000000e+00,0.000000e+00,0.000000e+00,0.000000e+00,0.000000e+00,0.000000e+00,0.000000e+00,0.000000e+00,0.000000e+00,0.000000e+00,0.000000e+00,0.000000e+00,0.000000e+00,0.000000e+00
1.000000e+00,0.000000e+00,0.000000e+00,0.000000e+00,0.000000e+00,0.000000e+00,0.000000e+00,0.000000e+00,0.000000e+00,0.000000e+00,0.000000e+00,0.000000e+00,0.000000e+00,0.000000e+00,0.000000e+00
1.000000e+00,0.000000e+00,0.000000e+00,0.000000e+00,0.000000e+00,0.000000e+00,0.000000e+00,0.000000e+00,0.000000e+00,0.000000e+00,0.000000e+00,0.000000e+00,0.000000e+00,0.000000e+00,0.000000e+00
1.000000e+00,0.000000e+00,0.000000e+00,0.000000e+00,0.000000e+00,0.000000e+00,0.000000e+00,0.000000e+00,0.000000e+00,0.000000e+00,0.000000e+00,0.000000e+00,0.000000e+00,0.000000e+00,0.000000e+00
1.000000e+00,0.000000e+00,0.000000e+00,0.000000e+00,0.000000e+00,0.000000e+00,0.000000e+00,0.000000e+00,0.000000e+00,0.000000e+00,0.000000e+00,0.000000e+00,0.000000e+00,0.000000e+00,0.000000e+00
1.000000e+00,0.000000e+00,0.000000e+00,0.000000e+00,0.000000e+00,0.000000e+00,0.000000e+00,0.000000e+00,0.000000e+00,0.000000e+00,0.000000e+00,0.000000e+00,0.000000e+00,0.000000e+00,0.000000e+00
1.000000e+00,0.000000e+00,0.000000e+00,0.000000e+00,0.000000e+00,0.000000e+00,0.000000e+00,0.000000e+00,0.000000e+00,0.000000e+00,0.000000e+00,0.000000e+00,0.000000e+00,0.000000e+00,0.000000e+00
1.000000e+00,0.000000e+00,0.000000e+00,0.000000e+00,0.000000e+00,0.000000e+00,0.000000e+00,0.000000e+00,0.000000e+00,0.000000e+00,0.000000e+00,0.000000e+00,0.000000e+00,0.000000e+00,0.000000e+00
1.000000e+00,0.000000e+00,0.000000e+00,0.000000e+00,0.000000e+00,0.000000e+00,0.000000e+00,0.000000e+00,0.000000e+00,0.000000e+00,0.000000e+00,0.000000e+00,0.000000e+00,0.000000e+00,0.000000e+00
1.000000e+00,0.000000e+00,0.000000e+00,0.000000e+00,0.000000e+00,0.000000e+00,0.000000e+00,0.000000e+00,0.000000e+00,0.000000e+00,0.000000e+00,0.000000e+00,0.000000e+00,0.000000e+00,0.000000e+00
1.000000e+00,0.000000e+00,0.000000e+00,0.000000e+00,0.000000e+00,0.000000e+00,0.000000e+00,0.000000e+00,0.000000e+00,0.000000e+00,0.000000e+00,0.000000e+00,0.000000e+00,0.000000e+00,0.000000e+00
1.000000e+00,0.000000e+00,0.000000e+00,0.000000e+00,0.000000e+00,0.000000e+00,0.000000e+00,0.000000e+00,0.000000e+00,0.000000e+00,0.000000e+00,0.000000e+00,0.000000e+00,0.000000e+00,0.000000e+00
1.000000e+00,0.000000e+00,0.000000e+00,0.000000e+00,0.000000e+00,0.000000e+00,0.000000e+00,0.000000e+00,0.000000e+00,0.000000e+00,0.000000e+00,0.000000e+00,0.000000e+00,0.000000e+00,0.000000e+00
1.000000e+00,0.000000e+00,0.000000e+00,0.000000e+00,0.000000e+00,0.000000e+00,0.000000e+00,0.000000e+00,0.000000e+00,0.000000e+00,0.000000e+00,0.000000e+00,0.000000e+00,0.000000e+00,0.000000e+00
1.000000e+00,0.000000e+00,0.000000e+00,0.000000e+00,0.000000e+00,0.000000e+00,0.000000e+00,0.000000e+00,0.000000e+00,0.000000e+00,0.000000e+00,0.000000e+00,0.000000e+00,0.000000e+00,0.000000e+00
1.000000e+00,0.000000e+00,0.000000e+00,0.000000e+00,0.000000e+00,0.000000e+00,0.000000e+00,0.000000e+00,0.000000e+00,0.000000e+00,0.000000e+00,0.000000e+00,0.000000e+00,0.000000e+00,0.000000e+00
1.000000e+00,0.000000e+00,0.000000e+00,0.000000e+00,0.000000e+00,0.000000e+00,0.000000e+00,0.000000e+00,0.000000e+00,0.000000e+00,0.000000e+00,0.000000e+00,0.000000e+00,0.000000e+00,0.000000e+00
1.000000e+00,0.000000e+00,0.000000e+00,0.000000e+00,0.000000e+00,0.000000e+00,0.000000e+00,0.000000e+00,0.000000e+00,0.000000e+00,0.000000e+00,0.000000e+00,0.000000e+00,0.000000e+00,0.000000e+00
1.000000e+00,0.000000e+00,0.000000e+00,0.000000e+00,0.000000e+00,0.000000e+00,0.000000e+00,0.000000e+00,0.000000e+00,0.000000e+00,0.000000e+00,0.000000e+00,0.000000e+00,0.000000e+00,0.000000e+00
1.000000e+00,0.000000e+00,0.000000e+00,0.000000e+00,0.000000e+00,0.000000e+00,0.000000e+00,0.000000e+00,0.000000e+00,0.000000e+00,0.000000e+00,0.000000e+00,0.000000e+00,0.000000e+00,0.000000e+00
1.000000e+00,0.000000e+00,0.000000e+00,0.000000e+00,0.000000e+00,0.000000e+00,0.000000e+00,0.000000e+00,0.000000e+00,0.000000e+00,0.000000e+00,0.000000e+00,0.000000e+00,0.000000e+00,0.000000e+00
1.000000e+00,0.000000e+00,0.000000e+00,0.000000e+00,0.000000e+00,0.000000e+00,0.000000e+00,0.000000e+00,0.000000e+00,0.000000e+00,0.000000e+00,0.000000e+00,0.000000e+00,0.000000e+00,0.000000e+00
1.000000e+00,0.000000e+00,0.000000e+00,0.000000e+00,0.000000e+00,0.000000e+00,0.000000e+00,0.000000e+00,0.000000e+00,0.000000e+00,0.000000e+00,0.000000e+00,0.000000e+00,0.000000e+00,0.000000e+00
1.000000e+00,0.000000e+00,0.000000e+00,0.000000e+00,0.000000e+00,0.000000e+00,0.000000e+00,0.000000e+00,0.000000e+00,0.000000e+00,0.000000e+00,0.000000e+00,0.000000e+00,0.000000e+00,0.000000e+00
1.000000e+00,0.000000e+00,0.000000e+00,0.000000e+00,0.000000e+00,0.000000e+00,0.000000e+00,0.000000e+00,0.000000e+00,0.000000e+00,0.000000e+00,0.000000e+00,0.000000e+00,0.000000e+00,0.000000e+00
1.000000e+00,0.000000e+00,0.000000e+00,0.000000e+00,0.000000e+00,0.000000e+00,0.000000e+00,0.000000e+00,0.000000e+00,0.000000e+00,0.000000e+00,0.000000e+00,0.000000e+00,0.000000e+00,0.000000e+00
1.000000e+00,0.000000e+00,0.000000e+00,0.000000e+00,0.000000e+00,0.000000e+00,0.000000e+00,0.000000e+00,0.000000e+00,0.000000e+00,0.000000e+00,0.000000e+00,0.000000e+00,0.000000e+00,0.000000e+00
1.000000e+00,0.000000e+00,0.000000e+00,0.000000e+00,0.000000e+00,0.000000e+00,0.000000e+00,0.000000e+00,0.000000e+00,0.000000e+00,0.000000e+00,0.000000e+00,0.000000e+00,0.000000e+00,0.000000e+00
1.000000e+00,0.000000e+00,0.000000e+00,0.000000e+00,0.000000e+00,0.000000e+00,0.000000e+00,0.000000e+00,0.000000e+00,0.000000e+00,0.000000e+00,0.000000e+00,0.000000e+00,0.000000e+00,0.000000e+00
1.000000e+00,0.000000e+00,0.000000e+00,0.000000e+00,0.000000e+00,0.000000e+00,0.000000e+00,0.000000e+00,0.000000e+00,0.000000e+00,0.000000e+00,0.000000e+00,0.000000e+00,0.000000e+00,0.000000e+00
1.000000e+00,0.000000e+00,0.000000e+00,0.000000e+00,0.000000e+00,0.000000e+00,0.000000e+00,0.000000e+00,0.000000e+00,0.000000e+00,0.000000e+00,0.000000e+00,0.000000e+00,0.000000e+00,0.000000e+00
1.000000e+00,0.000000e+00,0.000000e+00,0.000000e+00,0.000000e+00,0.000000e+00,0.000000e+00,0.000000e+00,0.000000e+00,0.000000e+00,0.000000e+00,0.000000e+00,0.000000e+00,0.000000e+00,0.000000e+00
1.000000e+00,0.000000e+00,0.000000e+00,0.000000e+00,0.000000e+00,0.000000e+00,0.000000e+00,0.000000e+00,0.000000e+00,0.000000e+00,0.000000e+00,0.000000e+00,0.000000e+00,0.000000e+00,0.000000e+00
1.000000e+00,0.000000e+00,0.000000e+00,0.000000e+00,0.000000e+00,0.000000e+00,0.000000e+00,0.000000e+00,0.000000e+00,0.000000e+00,0.000000e+00,0.000000e+00,0.000000e+00,0.000000e+00,0.000000e+00
1.000000e+00,0.000000e+00,0.000000e+00,0.000000e+00,0.000000e+00,0.000000e+00,0.000000e+00,0.000000e+00,0.000000e+00,0.000000e+00,0.000000e+00,0.000000e+00,0.000000e+00,0.000000e+00,0.000000e+00
1.000000e+00,0.000000e+00,0.000000e+00,0.000000e+00,0.000000e+00,0.000000e+00,0.000000e+00,0.000000e+00,0.000000e+00,0.000000e+00,0.000000e+00,0.000000e+00,0.000000e+00,0.000000e+00,0.000000e+00
1.000000e+00,0.000000e+00,0.000000e+00,0.000000e+00,0.000000e+00,0.000000e+00,0.000000e+00,0.000000e+00,0.000000e+00,0.000000e+00,0.000000e+00,0.000000e+00,0.000000e+00,0.000000e+00,0.000000e+00
1.000000e+00,0.000000e+00,0.000000e+00,0.000000e+00,0.000000e+00,0.000000e+00,0.000000e+00,0.000000e+00,0.000000e+00,0.000000e+00,0.000000e+00,0.000000e+00,0.000000e+00,0.000000e+00,0.000000e+00
1.000000e+00,0.000000e+00,0.000000e+00,0.000000e+00,0.000000e+00,0.000000e+00,0.000000e+00,0.000000e+00,0.000000e+00,0.000000e+00,0.000000e+00,0.000000e+00,0.000000e+00,0.000000e+00,0.000000e+00
1.000000e+00,0.000000e+00,0.000000e+00,0.000000e+00,0.000000e+00,0.000000e+00,0.000000e+00,0.000000e+00,0.000000e+00,0.000000e+00,0.000000e+00,0.000000e+00,0.000000e+00,0.000000e+00,0.000000e+00
1.000000e+00,0.000000e+00,0.000000e+00,0.000000e+00,0.000000e+00,0.000000e+00,0.000000e+00,0.000000e+00,0.000000e+00,0.000000e+00,0.000000e+00,0.000000e+00,0.000000e+00,0.000000e+00,0.000000e+00
1.000000e+00,0.000000e+00,0.000000e+00,0.000000e+00,0.000000e+00,0.000000e+00,0.000000e+00,0.000000e+00,0.000000e+00,0.000000e+00,0.000000e+00,0.000000e+00,0.000000e+00,0.000000e+00,0.000000e+00
1.000000e+00,0.000000e+00,0.000000e+00,0.000000e+00,0.000000e+00,0.000000e+00,0.000000e+00,0.000000e+00,0.000000e+00,0.000000e+00,0.000000e+00,0.000000e+00,0.000000e+00,0.000000e+00,0.000000e+00
4.021893e-01,1.751159e-02,4.405854e-03,1.718345e-02,6.338765e-02,4.037158e-01,2.855521e-03,5.627024e-03,1.227964e-02,1.749648e-03,2.274704e-02,5.085949e-03,6.283464e-03,2.180098e-02,1.317720e-02
2.988699e-01,1.273891e-02,3.152669e-03,1.209856e-02,4.500051e-02,3.807763e-01,2.258542e-03,4.099294e-03,1.639718e-02,1.985464e-03,4.490397e-02,4.454818e-03,6.981139e-03,1.499786e-01,1.630412e-02
2.194578e-01,9.416405e-03,2.257588e-03,8.553961e-03,3.190063e-02,3.283216e-01,1.916277e-03,3.024408e-03,2.230287e-02,2.076316e-03,6.705077e-02,4.085329e-03,7.509917e-03,2.741995e-01,1.792666e-02
1.584225e-01,8.817405e-03,1.703297e-03,6.591268e-03,2.313891e-02,2.366541e-01,1.573386e-03,2.230280e-03,1.133326e-01,3.352833e-03,7.680193e-02,4.435560e-03,6.880960e-03,3.300725e-01,2.599241e-02
1.208311e-01,7.508788e-03,1.263504e-03,4.862709e-03,1.657783e-02,1.709272e-01,1.378412e-03,1.696006e-03,1.192787e-01,4.276465e-03,7.637250e-02,4.410184e-03,6.122710e-03,4.355103e-01,2.898352e-02
9.118159e-02,8.355347e-03,5.435644e-03,4.121277e-03,1.245151e-02,1.252227e-01,1.544168e-03,2.263355e-03,1.653244e-01,5.970147e-03,9.123985e-02,6.814150e-03,5.989687e-03,4.377318e-01,3.635444e-02
6.663749e-02,1.151766e-02,4.706150e-03,3.060470e-03,8.992257e-03,9.405801e-02,1.489650e-03,1.767281e-03,1.367097e-01,1.011364e-02,1.173399e-01,9.644857e-03,6.040488e-03,4.823935e-01,4.552890e-02
4.749331e-02,1.772267e-02,5.001505e-03,2.369892e-03,6.767438e-03,7.089231e-02,1.108967e-03,1.300364e-03,1.681129e-01,1.157077e-02,1.178860e-01,7.755550e-03,4.745640e-03,4.975660e-01,3.970679e-02
3.379736e-02,1.548289e-02,6.203683e-03,1.934852e-03,5.547621e-03,5.647933e-02,7.922801e-04,9.416280e-04,1.801762e-01,1.722684e-02,1.250226e-01,6.736859e-03,4.058956e-03,5.028751e-01,4.272379e-02
2.383692e-02,1.543108e-02,8.940912e-03,2.631222e-03,7.097002e-03,4.275622e-02,5.912600e-04,7.703928e-04,2.436951e-01,1.456630e-02,1.305828e-01,7.421824e-03,3.653048e-03,4.646043e-01,3.342161e-02
1.717080e-02,2.738142e-02,3.818885e-02,1.698397e-02,1.727845e-02,3.220061e-02,5.544676e-04,6.121779e-04,2.523564e-01,1.619767e-02,9.827498e-02,6.872694e-03,4.622775e-03,4.381696e-01,3.313509e-02
1.248501e-02,2.543629e-02,3.094221e-02,1.366544e-02,1.709905e-02,2.413746e-02,4.767365e-04,5.492055e-04,2.952208e-01,1.738855e-02,7.523734e-02,5.871218e-03,4.429261e-03,4.471586e-01,2.990282e-02
9.659838e-03,2.284154e-02,2.519755e-02,1.325046e-02,1.454393e-02,1.948460e-02,4.264506e-04,4.769888e-04,2.622776e-01,1.534778e-02,5.705632e-02,4.929012e-03,3.579529e-03,5.213459e-01,2.958253e-02
1.037692e-02,2.035655e-02,2.078931e-02,1.038294e-02,1.244215e-02,1.875719e-02,5.328001e-04,7.518571e-04,3.011615e-01,1.581216e-02,4.482084e-02,5.593526e-03,2.984819e-03,5.119240e-01,2.331352e-02
1.125856e-02,5.312495e-02,2.613283e-02,1.125943e-02,2.984679e-02,1.463440e-02,4.728648e-04,1.011860e-03,3.494461e-01,1.872214e-02,3.427396e-02,4.818753e-03,2.538178e-03,4.150270e-01,2.743225e-02
1.810736e-02,4.396860e-02,2.228641e-02,8.535743e-03,2.763015e-02,1.148040e-02,7.711449e-04,1.542001e-03,3.805671e-01,2.167785e-02,2.668804e-02,4.347671e-03,2.194595e-03,3.979321e-01,3.227086e-02
2.565341e-02,4.418455e-02,4.849866e-02,1.681422e-02,3.860760e-02,1.215606e-02,1.455018e-03,9.720281e-03,3.899732e-01,2.446411e-02,2.304474e-02,3.411128e-03,2.516225e-03,3.157583e-01,4.374262e-02
2.647967e-02,1.005002e-01,4.889048e-02,1.885153e-02,3.711018e-02,1.129735e-02,1.603039e-03,8.668523e-03,3.700031e-01,3.231184e-02,1.753861e-02,2.619748e-03,2.831781e-03,2.385409e-01,8.275305e-02
3.149553e-02,1.191691e-01,5.176754e-02,1.751698e-02,3.182032e-02,1.388811e-02,1.292381e-03,8.423069e-03,3.367236e-01,3.051778e-02,1.383296e-02,2.135007e-03,4.146702e-03,1.871458e-01,1.501252e-01
3.151789e-02,1.221158e-01,4.733003e-02,2.551041e-02,2.435542e-02,1.251934e-02,1.072721e-03,7.050273e-03,3.163767e-01,3.314257e-02,1.054442e-02,1.905421e-03,5.991336e-03,1.343600e-01,2.262077e-01
5.781746e-02,1.137096e-01,5.382620e-02,3.722993e-02,2.939813e-02,1.603699e-02,1.238120e-03,6.380111e-03,2.490797e-01,3.031633e-02,1.538239e-02,4.120961e-03,7.615546e-03,1.282344e-01,2.496142e-01
5.091008e-02,8.654953e-02,1.229337e-01,1.277336e-01,2.836633e-02,1.442873e-02,1.420521e-03,5.284681e-03,1.851363e-01,3.105882e-02,1.149066e-02,3.107757e-03,6.303266e-03,9.078076e-02,2.344953e-01
5.854581e-02,6.709145e-02,2.282129e-01,1.667703e-01,3.543913e-02,1.234514e-02,1.909457e-03,4.473374e-03,1.414179e-01,2.619179e-02,9.108043e-03,2.320963e-03,5.043745e-03,6.390442e-02,1.772257e-01
7.563362e-02,4.847880e-02,2.114447e-01,1.195660e-01,3.148079e-02,1.258692e-02,1.549495e-03,3.695120e-03,1.037526e-01,5.484740e-02,7.082648e-03,1.810267e-03,4.081685e-03,4.711438e-02,2.768756e-01
7.370993e-02,3.628299e-02,1.934806e-01,8.909986e-02,2.815841e-02,9.938529e-03,1.343194e-03,3.115639e-03,7.878412e-02,1.020612e-01,5.471342e-03,1.579790e-03,3.385335e-03,3.453004e-02,3.390590e-01
6.187242e-02,2.777642e-02,2.752448e-01,8.768352e-02,2.229711e-02,1.040620e-02,2.201561e-03,2.777692e-03,6.034189e-02,1.028078e-01,7.385445e-03,2.053420e-03,1.324572e-02,2.472819e-02,2.991779e-01
5.375789e-02,2.048378e-02,2.514982e-01,6.339198e-02,1.676057e-02,1.042577e-02,2.290879e-03,3.254131e-03,4.501976e-02,9.558239e-02,7.077496e-03,2.516316e-03,1.959227e-01,1.849473e-02,2.135234e-01
4.906342e-02,1.661660e-02,2.588428e-01,4.518284e-02,1.264146e-02,9.292906e-03,1.950481e-03,3.248960e-03,3.264314e-02,1.018771e-01,7.042344e-03,4.868696e-03,2.886886e-01,1.373185e-02,1.543088e-01
3.537787e-02,1.212844e-02,2.077160e-01,3.195536e-02,8.950668e-03,1.037620e-02,1.417239e-03,2.498974e-03,2.298448e-02,1.068321e-01,6.792734e-03,1.485761e-02,4.177450e-01,1.024066e-02,1.101266e-01
2.496869e-02,8.956883e-03,1.677676e-01,2.274112e-02,6.334316e-03,1.270678e-02,1.241002e-03,2.037994e-03,1.616053e-02,9.654525e-02,6.539466e-03,2.050544e-02,5.267711e-01,7.577393e-03,7.914648e-02
1.759222e-02,6.359833e-03,1.211721e-01,1.607269e-02,4.664128e-03,1.980852e-02,1.406768e-03,1.630584e-03,1.138209e-02,6.781669e-02,4.790226e-03,1.684015e-02,6.494666e-01,5.430205e-03,5.556725e-02
1.261355e-02,4.822674e-03,8.528807e-02,1.143127e-02,3.532259e-03,2.163072e-02,1.106727e-03,1.242034e-03,8.594971e-03,4.885085e-02,4.192707e-03,1.732617e-02,7.360054e-01,3.948011e-03,3.941461e-02
9.159701e-03,3.534620e-03,5.986138e-02,8.049838e-03,2.757489e-03,1.800681e-02,1.010478e-03,9.626337e-04,6.782214e-03,3.513271e-02,3.250758e-03,1.586495e-02,8.045375e-01,2.818527e-03,2.827043e-02
7.284882e-03,2.762181e-03,4.296883e-02,5.727712e-03,3.161923e-03,1.410859e-02,1.525520e-03,1.409413e-03,5.693082e-03,2.521539e-02,3.664595e-03,1.534055e-02,8.486112e-01,2.160340e-03,2.036587e-02
7.785927e-03,2.712926e-03,3.111120e-02,4.324236e-03,5.366036e-03,1.390900e-02,2.132557e-03,2.174383e-03,5.854280e-03,1.828496e-02,3.994068e-03,1.469943e-02,8.708544e-01,1.803742e-03,1.499286e-02
1.306614e-02,4.992281e-03,2.380400e-02,6.029724e-03,1.351705e-02,2.319320e-02,2.171702e-03,6.801971e-03,2.801395e-02,1.634545e-02,7.600957e-03,1.392476e-02,8.259957e-01,1.755390e-03,1.278777e-02
1.274395e-01,6.627947e-03,1.764352e-02,5.916474e-03,1.462395e-02,2.709606e-02,2.200830e-03,6.534546e-03,3.574072e-02,1.205370e-02,7.973784e-03,1.390378e-02,7.103940e-01,1.702670e-03,1.014851e-02
1.582241e-01,7.086236e-03,1.787247e-02,8.520367e-03,1.984950e-02,2.626381e-02,3.251434e-03,2.580504e-02,3.663421e-02,9.881816e-03,1.199759e-02,1.437275e-02,6.491113e-01,2.313296e-03,8.816087e-03
1.990872e-01,6.751605e-03,1.391098e-02,7.231511e-03,2.196435e-02,3.220809e-02,3.301867e-03,2.203715e-02,3.703123e-02,7.260895e-03,9.355472e-03,1.481660e-02,6.158327e-01,2.166811e-03,7.043588e-03
2.693163e-01,6.933569e-03,1.180754e-02,7.634313e-03,2.465427e-02,4.312965e-02,3.435472e-03,2.279670e-02,4.304047e-02,5.411434e-03,7.581681e-03,1.690804e-02,5.286484e-01,2.060177e-03,6.642032e-03
2.711945e-01,1.084936e-02,6.128503e-02,5.852957e-02,2.455913e-02,4.647812e-02,3.666206e-03,3.170689e-02,4.360667e-02,5.804956e-03,6.574665e-03,1.542118e-02,4.087311e-01,1.693441e-03,9.899218e-03
2.617150e-01,1.319673e-02,5.192169e-02,4.582917e-02,2.643167e-02,7.513846e-02,5.532647e-03,3.697539e-02,4.863183e-02,4.540030e-03,6.772144e-03,1.249966e-02,3.952957e-01,2.915315e-03,1.260459e-02
2.425454e-01,1.214723e-02,4.161977e-02,3.533484e-02,3.239505e-02,9.175345e-02,9.922342e-03,7.794932e-02,4.500448e-02,3.433769e-03,5.834699e-03,1.026153e-02,3.780672e-01,2.609310e-03,1.112168e-02
2.906455e-01,1.174863e-02,3.055759e-02,2.613910e-02,2.867838e-02,7.839865e-02,8.964908e-03,9.389398e-02,3.775542e-02,2.640475e-03,5.040627e-03,1.038987e-02,3.633318e-01,2.342850e-03,9.472290e-03
2.873634e-01,1.121950e-02,2.275935e-02,1.985709e-02,2.713996e-02,6.710846e-02,7.738850e-03,1.937777e-01,3.312777e-02,1.994967e-03,4.355950e-03,1.026245e-02,3.035010e-01,2.009396e-03,7.784192e-03
2.133592e-01,8.038145e-03,1.613071e-02,1.414852e-02,2.097678e-02,4.781448e-02,5.801450e-03,4.131518e-01,2.358258e-02,1.412584e-03,3.152744e-03,7.402021e-03,2.179165e-01,1.444590e-03,5.667924e-03
1.706859e-01,5.712801e-03,1.141938e-02,1.035275e-02,1.563524e-02,3.852209e-02,4.343119e-03,5.537775e-01,1.667511e-02,1.026904e-03,2.421411e-03,5.905513e-03,1.582754e-01,1.063750e-03,4.183312e-03
1.239730e-01,4.043879e-03,8.043745e-03,7.417454e-03,1.276188e-02,2.850804e-02,3.203727e-03,6.773045e-01,1.189972e-02,7.551715e-04,1.776017e-03,4.318561e-03,1.122564e-01,7.528706e-04,2.985066e-03
9.291030e-02,2.897289e-03,5.682721e-03,5.327123e-03,1.074928e-02,2.074172e-02,2.408038e-03,7.603650e-01,8.670338e-03,6.286095e-04,1.321761e-03,3.171331e-03,8.243806e-02,5.331738e-04,2.155200e-03
7.025915e-02,2.066132e-03,4.014709e-03,3.839073e-03,8.074208e-03,1.508052e-02,1.747223e-03,8.231650e-01,6.305357e-03,4.736558e-04,9.858100e-04,2.358782e-03,5.969472e-02,3.797072e-04,1.555856e-03
5.487064e-02,1.516872e-03,2.885597e-03,2.847702e-03,6.207177e-03,1.122362e-02,1.313841e-03,8.677419e-01,4.684067e-03,3.585437e-04,7.578018e-04,1.757082e-03,4.244378e-02,2.734179e-04,1.117904e-03
4.814525e-02,1.107389e-03,2.098213e-03,2.128941e-03,4.621549e-03,8.490165e-03,1.123933e-03,8.951529e-01,3.488107e-03,2.816069e-04,6.193719e-04,1.445037e-03,3.026534e-02,2.000053e-04,8.321972e-04
4.125024e-02,8.230574e-04,1.552711e-03,1.607304e-03,3.526653e-03,6.261917e-03,9.108557e-04,9.172133e-01,2.572697e-03,2.189699e-04,4.938412e-04,1.168171e-03,2.162601e-02,1.489041e-04,6.253729e-04
4.235943e-02,6.590398e-04,1.219723e-03,1.256309e-03,2.759660e-03,4.767111e-03,8.048019e-04,9.262637e-01,1.960613e-03,1.689958e-04,4.168189e-04,1.026108e-03,1.566508e-02,1.201284e-04,5.524722e-04
6.220507e-02,6.709976e-04,1.099374e-03,1.152532e-03,2.138943e-03,4.417768e-03,1.111940e-03,9.108948e-01,1.596629e-03,1.971114e-04,5.273485e-04,1.691870e-03,1.145476e-02,1.500798e-04,6.907744e-04
1.559347e-01,9.120944e-04,1.567941e-03,1.343234e-03,2.216606e-03,6.732856e-03,2.357658e-03,8.084890e-01,1.725616e-03,3.665499e-04,9.165945e-04,5.903848e-03,9.691441e-03,3.670852e-04,1.474713e-03
2.012379e-01,9.018211e-04,1.464878e-03,1.337497e-03,2.092130e-03,6.658095e-03,2.124525e-03,7.641158e-01,1.520087e-03,4.980256e-04,1.008380e-03,7.167033e-03,7.783808e-03,4.230016e-04,1.667007e-03
2.328238e-01,1.102421e-03,1.180436e-03,1.952105e-03,2.326045e-03,7.114788e-03,2.125505e-03,6.462449e-01,1.978040e-03,6.679301e-04,4.026737e-03,1.979141e-02,7.621920e-02,7.039081e-04,1.742815e-03
2.264329e-01,1.092614e-03,1.029091e-03,2.631695e-03,1.850899e-03,7.479825e-03,2.841716e-03,4.851266e-01,2.249942e-03,8.599070e-04,5.039811e-03,1.157754e-01,1.431408e-01,2.631345e-03,1.817462e-03
1.860740e-01,1.265804e-03,9.160510e-04,2.635872e-03,1.761144e-03,7.212798e-03,4.604296e-03,3.639268e-01,3.055753e-03,8.622779e-04,4.685388e-03,2.234059e-01,1.930652e-01,4.349043e-03,2.179767e-03
1.328207e-01,1.329601e-03,7.481393e-04,1.957452e-03,1.930131e-03,6.465186e-03,8.538594e-03,2.604121e-01,4.300512e-03,9.144412e-04,7.280510e-03,4.266370e-01,1.401401e-01,4.696671e-03,1.828832e-03
9.991655e-02,1.327741e-03,7.055504e-04,1.445664e-03,2.026465e-03,7.172383e-03,7.616101e-03,1.831412e-01,4.173235e-03,7.750911e-04,1.882870e-02,5.685810e-01,9.921169e-02,3.595621e-03,1.482926e-03
7.200003e-02,1.255479e-03,5.451782e-04,1.056546e-03,2.177309e-03,7.220240e-03,5.612352e-03,1.285794e-01,3.324602e-03,7.401479e-04,2.990687e-02,6.734440e-01,7.035682e-02,2.677949e-03,1.103013e-03
5.175260e-02,1.880441e-03,4.221933e-04,7.980710e-04,2.912461e-03,5.804399e-03,4.027816e-03,9.008536e-02,2.702527e-03,8.087686e-04,3.607330e-02,7.500154e-01,4.983737e-02,2.092022e-03,7.872490e-04
3.681207e-02,1.650646e-03,3.122149e-04,5.858150e-04,3.009476e-03,4.539083e-03,2.840507e-03,6.310751e-02,2.012498e-03,7.912579e-04,4.591520e-02,8.011309e-01,3.518744e-02,1.546599e-03,5.587330e-04
2.594920e-02,1.345411e-03,2.346498e-04,4.351934e-04,2.596589e-03,3.393790e-03,1.993045e-03,4.419031e-02,1.480180e-03,6.217076e-04,5.857832e-02,8.329216e-01,2.471701e-02,1.148066e-03,3.948490e-04
1.819239e-02,3.116414e-03,2.378840e-04,3.272376e-04,8.448722e-03,2.790275e-03,1.403052e-03,3.095604e-02,1.234683e-03,5.481179e-04,4.472793e-02,8.695071e-01,1.737755e-02,8.540032e-04,2.786377e-04
1.280231e-02,3.496702e-03,2.339250e-04,2.676922e-04,1.704201e-02,2.346736e-03,9.946285e-04,2.173790e-02,1.064875e-03,5.035883e-04,3.519015e-02,8.911096e-01,1.228568e-02,7.266175e-04,1.976012e-04
9.241136e-03,4.305291e-03,4.784315e-04,2.705692e-04,2.492208e-02,2.325210e-03,7.663504e-04,1.561284e-02,9.305628e-04,7.293833e-04,2.732534e-02,9.034308e-01,8.730008e-03,7.875136e-04,1.443769e-04
6.563215e-03,3.658398e-03,4.796435e-04,2.191378e-04,3.524370e-02,1.749405e-03,5.534944e-04,1.103137e-02,1.201915e-03,7.179679e-04,2.345800e-02,9.078420e-01,6.266137e-03,9.090834e-04,1.064481e-04
4.752647e-03,3.313174e-03,6.659154e-04,2.982979e-04,6.724597e-02,1.369131e-03,4.547778e-04,8.233839e-03,1.277454e-03,7.594594e-04,1.924345e-02,8.866768e-01,4.551667e-03,1.058626e-03,9.868669e-05
3.862688e-03,2.857693e-03,1.007650e-03,3.799906e-04,9.291208e-02,2.405314e-03,8.529426e-04,8.329211e-03,1.342104e-03,8.240350e-04,2.130243e-02,8.590259e-01,3.434192e-03,1.342152e-03,1.215856e-04
3.520670e-03,2.678029e-03,1.412371e-03,7.660282e-04,2.202743e-01,8.817831e-03,4.208638e-03,2.417216e-02,1.930452e-03,8.455855e-04,1.827502e-02,7.092959e-01,2.513600e-03,1.162523e-03,1.269205e-04
7.241742e-03,4.617075e-03,8.933753e-03,2.666064e-03,1.995005e-01,8.699726e-03,1.533917e-02,1.288829e-01,2.938875e-03,8.918289e-04,1.585517e-02,6.008666e-01,2.078920e-03,1.128994e-03,3.587449e-04
9.743653e-03,4.869695e-03,7.808793e-03,3.498036e-03,1.930198e-01,1.151368e-02,1.313073e-02,1.783551e-01,9.026859e-03,1.110280e-03,1.536285e-02,5.483174e-01,2.670392e-03,1.067313e-03,5.054742e-04
2.005919e-02,6.538175e-03,2.023499e-02,9.151930e-03,1.810174e-01,1.482283e-02,1.091535e-02,2.020170e-01,4.823462e-02,2.604295e-03,2.594869e-02,4.511350e-01,5.369137e-03,1.150193e-03,8.012115e-04
2.857725e-02,6.475605e-03,3.974039e-02,2.058238e-02,2.128144e-01,3.427681e-02,1.245451e-02,2.286643e-01,5.200887e-02,3.454377e-03,2.846517e-02,3.252198e-01,5.048358e-03,1.267274e-03,9.504622e-04
4.950289e-02,8.185710e-03,4.862668e-02,2.255990e-02,2.910770e-01,3.551519e-02,1.009491e-02,1.706238e-01,6.681202e-02,3.879720e-03,5.369078e-02,2.322474e-01,4.457838e-03,1.420192e-03,1.305955e-03
9.585448e-02,1.105776e-02,6.141667e-02,2.312202e-02,3.114925e-01,2.852937e-02,7.560337e-03,1.223988e-01,7.011277e-02,4.339133e-03,8.624913e-02,1.670164e-01,4.062037e-03,5.275049e-03,1.513469e-03
1.445330e-01,1.290617e-02,5.308001e-02,2.366331e-02,2.977815e-01,2.357702e-02,5.622924e-03,8.910868e-02,9.400283e-02,7.431367e-03,1.057385e-01,1.237499e-01,4.147349e-03,1.240124e-02,2.256136e-03
1.638369e-01,1.129223e-02,4.842226e-02,3.378420e-02,2.545949e-01,1.827588e-02,4.271024e-03,6.533101e-02,1.022538e-01,1.530447e-02,1.435917e-01,1.144681e-01,3.962361e-03,1.762817e-02,2.983085e-03
1.827903e-01,8.792413e-03,5.097231e-02,4.477888e-02,2.235027e-01,1.377560e-02,3.738626e-03,1.653753e-01,7.806894e-02,1.180329e-02,1.114084e-01,8.511824e-02,4.093405e-03,1.356565e-02,2.215876e-03
1.430560e-01,6.268213e-03,3.767459e-02,3.708265e-02,1.752290e-01,1.018916e-02,2.859208e-03,3.684009e-01,5.690924e-02,8.321819e-03,7.938652e-02,6.038145e-02,3.146219e-03,9.535130e-03,1.559862e-03
1.426961e-01,4.501158e-03,2.672549e-02,2.862515e-02,1.546399e-01,1.021108e-02,2.512735e-03,4.739555e-01,4.050013e-02,5.948333e-03,5.622815e-02,4.275703e-02,2.879523e-03,6.706083e-03,1.113659e-03
1.551621e-01,3.257759e-03,1.881240e-02,2.273770e-02,1.542400e-01,3.205866e-02,2.072800e-03,4.901733e-01,2.876748e-02,4.282391e-03,4.307098e-02,3.335129e-02,6.078696e-03,4.769411e-03,1.165135e-03
1.350126e-01,2.434130e-03,1.337056e-02,2.289237e-02,1.167913e-01,4.261999e-02,2.158871e-03,4.063445e-01,2.150659e-02,3.397767e-03,5.734284e-02,3.099150e-02,1.344127e-01,3.449797e-03,7.274504e-03
1.154635e-01,1.736126e-03,9.403300e-03,1.635205e-02,8.452821e-02,3.157044e-02,1.930646e-03,2.899876e-01,1.576217e-02,2.471803e-03,4.795951e-02,3.809233e-02,3.365645e-01,2.525231e-03,5.652631e-03
9.042314e-02,1.257344e-03,6.646464e-03,1.161959e-02,6.060240e-02,2.255057e-02,1.550202e-03,2.064696e-01,1.159852e-02,1.845532e-03,4.693175e-02,4.184033e-02,4.902815e-01,1.904092e-03,4.479047e-03
1.380621e-01,1.220185e-03,4.989345e-03,8.806546e-03,5.518275e-02,2.747899e-02,2.038703e-03,1.504420e-01,1.367295e-02,1.548747e-03,4.612065e-02,1.318146e-01,4.128383e-01,2.240377e-03,3.543790e-03
1.301130e-01,1.955926e-03,3.723194e-03,6.816470e-03,4.111828e-02,2.498945e-02,1.756662e-03,1.073035e-01,1.135810e-02,1.481490e-03,4.878420e-02,2.016755e-01,4.133176e-01,2.755253e-03,2.851452e-03
1.111318e-01,1.628545e-03,3.093990e-03,5.393557e-03,2.984325e-02,2.047692e-02,1.535054e-03,7.732733e-02,1.346942e-02,1.292928e-03,5.787528e-02,3.545934e-01,3.143990e-01,5.818955e-03,2.120570e-03
8.261494e-02,1.176129e-03,2.258344e-03,4.134573e-03,2.120034e-02,1.662008e-02,1.201967e-03,5.469412e-02,1.410907e-02,1.263625e-03,5.811402e-02,5.086133e-01,2.248462e-01,7.569100e-03,1.584082e-03
5.841682e-02,8.708080e-04,1.679990e-03,3.199157e-03,1.510384e-02,1.193703e-02,8.976951e-04,3.882747e-02,1.819053e-02,1.087219e-03,4.752186e-02,6.332097e-01,1.618025e-01,6.102464e-03,1.152919e-03
4.104024e-02,8.039761e-04,1.284871e-03,5.021393e-03,1.099892e-02,8.792584e-03,6.545927e-04,2.742954e-02,4.517233e-02,1.761254e-03,1.711677e-01,5.633144e-01,1.149167e-01,6.545488e-03,1.095976e-03
2.887157e-02,6.845959e-04,1.016798e-03,3.904541e-03,7.821825e-03,6.433041e-03,4.754473e-04,1.935687e-02,4.865863e-02,2.001143e-03,1.775236e-01,6.080641e-01,8.282946e-02,1.149441e-02,8.640159e-04
2.062595e-02,9.031718e-04,8.728203e-04,3.091479e-03,5.758951e-03,4.650522e-03,3.389490e-04,1.376537e-02,8.423035e-02,2.463229e-03,1.796682e-01,6.094604e-01,5.924632e-02,1.423182e-02,6.923911e-04
1.528066e-02,7.368303e-04,7.254366e-04,3.256992e-03,4.213387e-03,3.966404e-03,2.564788e-04,9.897918e-03,8.682306e-02,2.767050e-03,3.123036e-01,4.878221e-01,4.189013e-02,2.938067e-02,6.792182e-04
1.133205e-02,8.539510e-04,6.419147e-04,2.481092e-03,3.083622e-03,3.036399e-03,1.835617e-04,7.045375e-03,1.200797e-01,2.411530e-03,3.254478e-01,4.584754e-01,2.999728e-02,3.430528e-02,6.250155e-04
8.443590e-03,8.130752e-04,9.058408e-04,2.006582e-03,2.264930e-03,2.299328e-03,1.331055e-04,5.057099e-03,1.590412e-01,2.179834e-03,3.313890e-01,4.098184e-01,2.172018e-02,5.341071e-02,5.172000e-04
6.190209e-03,7.727560e-04,1.197991e-03,1.495021e-03,1.656626e-03,1.713050e-03,9.489372e-05,3.596547e-03,2.928762e-01,1.700789e-03,2.660357e-01,3.429071e-01,1.555537e-02,6.381711e-02,3.906089e-04
4.408222e-03,1.000761e-03,1.494260e-03,1.089302e-03,1.222151e-03,1.267991e-03,6.752563e-05,2.538492e-03,4.836121e-01,1.272902e-03,1.930294e-01,2.459296e-01,1.095720e-02,5.180364e-02,3.064918e-04
3.256968e-03,2.324721e-03,3.117644e-02,9.970014e-04,1.017261e-03,1.162261e-03,4.945861e-05,1.806718e-03,5.689629e-01,1.153572e-03,1.661384e-01,1.723774e-01,7.677405e-03,4.123988e-02,6.596808e-04
2.836112e-03,5.228302e-03,3.498588e-02,1.326977e-03,1.377661e-03,1.158580e-03,4.541112e-05,1.361036e-03,5.930730e-01,1.015388e-03,1.992782e-01,1.209893e-01,5.388539e-03,3.121951e-02,7.160992e-04
6.385349e-03,1.029999e-01,1.003705e-01,3.113498e-03,5.502174e-03,2.109498e-03,9.109653e-05,1.197570e-03,4.748853e-01,1.638908e-03,1.755997e-01,8.475980e-02,3.880255e-03,2.900872e-02,8.457768e-03
7.335621e-03,1.163758e-01,2.648104e-01,5.478703e-03,6.778852e-03,3.082086e-03,8.313003e-05,1.571537e-03,3.605966e-01,2.205623e-03,1.342277e-01,5.936274e-02,2.791943e-03,2.158728e-02,1.371191e-02
6.301552e-03,1.229888e-01,4.100671e-01,1.691629e-02,5.401625e-03,3.224313e-03,1.122387e-04,1.536087e-03,2.575459e-01,3.612458e-03,9.484342e-02,4.165525e-02,2.170025e-03,1.540457e-02,1.822038e-02
1.539394e-02,1.097240e-01,5.000705e-01,1.903620e-02,1.072757e-02,3.695563e-03,1.960373e-04,3.591607e-03,1.845175e-01,3.515650e-03,9.143780e-02,2.936830e-02,1.684220e-03,1.247340e-02,1.456769e-02
2.089493e-02,8.803254e-02,5.896686e-01,1.544687e-02,1.681861e-02,8.055546e-03,4.515710e-04,3.650171e-03,1.308234e-01,2.764250e-03,8.076171e-02,2.072650e-02,1.321826e-03,9.581221e-03,1.100223e-02
2.351052e-02,8.627240e-02,5.286356e-01,7.266247e-02,7.318913e-02,1.229201e-02,2.696752e-03,9.650299e-03,9.540014e-02,2.124403e-03,6.125717e-02,1.469847e-02,1.045289e-03,7.404679e-03,9.160692e-03
3.090504e-02,7.611456e-02,5.731959e-01,5.268598e-02,9.495884e-02,1.672797e-02,2.586176e-03,1.025608e-02,7.067026e-02,1.529873e-03,4.507099e-02,1.036699e-02,8.625197e-04,7.533062e-03,6.535744e-03
3.104285e-02,7.623097e-02,4.932411e-01,1.264334e-01,1.270907e-01,2.125033e-02,4.388304e-03,1.442269e-02,5.319899e-02,1.138661e-03,3.228193e-02,7.413467e-03,7.863294e-04,5.969513e-03,5.110731e-03
4.198142e-02,1.867580e-01,3.651166e-01,1.426491e-01,9.771077e-02,1.866159e-02,3.136031e-03,1.076520e-02,4.013740e-02,1.700537e-03,5.738446e-02,1.343887e-02,3.203848e-03,6.063001e-03,1.129321e-02
3.022363e-02,2.887225e-01,2.722834e-01,1.584755e-01,7.056423e-02,1.346391e-02,2.199293e-03,7.632865e-03,4.108436e-02,1.536846e-03,8.285477e-02,1.149600e-02,3.226953e-03,5.521368e-03,1.071449e-02
2.165233e-02,2.228885e-01,1.938157e-01,1.211280e-01,4.965367e-02,1.004835e-02,1.542828e-03,5.393210e-03,3.686201e-02,1.545114e-03,3.017000e-01,1.421993e-02,3.294108e-03,7.115962e-03,9.140301e-03
1.539250e-02,1.586038e-01,1.362106e-01,8.767302e-02,3.505871e-02,8.214920e-03,1.087463e-03,3.812990e-03,2.706501e-02,1.386232e-03,4.841153e-01,2.545417e-02,2.811830e-03,6.403021e-03,6.710433e-03
1.157625e-02,1.117107e-01,9.577683e-02,6.332626e-02,2.520361e-02,7.580010e-03,7.798320e-04,2.692041e-03,1.968674e-02,1.297509e-03,5.287097e-01,1.154255e-01,2.302675e-03,9.036464e-03,4.896007e-03
8.830179e-03,7.827457e-02,6.710225e-02,4.464847e-02,1.854000e-02,7.340736e-03,5.550798e-04,1.890356e-03,1.402139e-02,1.076061e-03,5.579677e-01,1.834096e-01,2.025009e-03,1.075596e-02,3.562692e-03
6.763888e-03,5.501257e-02,4.712253e-02,3.166191e-02,1.715892e-02,7.705097e-03,5.143906e-04,1.349758e-03,1.023362e-02,8.737398e-04,5.477400e-01,2.584609e-01,1.908070e-03,1.079817e-02,2.696524e-03
5.251257e-03,3.873516e-02,3.313444e-02,2.251193e-02,1.427234e-02,6.224521e-03,4.106680e-04,9.815115e-04,7.450457e-03,7.435029e-04,5.468860e-01,3.099068e-01,1.583552e-03,9.919580e-03,1.988361e-03
3.962059e-03,2.735376e-02,2.331989e-02,1.595144e-02,1.422463e-02,4.705942e-03,3.112227e-04,7.119799e-04,5.752567e-03,6.659993e-04,5.122933e-01,3.780064e-01,1.449998e-03,9.810606e-03,1.480230e-03
3.046436e-03,1.929196e-02,1.640220e-02,1.141097e-02,1.476147e-02,3.728336e-03,2.467177e-04,5.486144e-04,4.595309e-03,5.946003e-04,5.051044e-01,4.073765e-01,1.314968e-03,1.046943e-02,1.108115e-03
2.745378e-03,1.388683e-02,1.152506e-02,8.068378e-03,1.911177e-02,3.249381e-03,2.500099e-04,4.561743e-04,3.494145e-03,6.607540e-04,4.855606e-01,4.394071e-01,1.180508e-03,9.493395e-03,9.104888e-04
2.832559e-03,1.001784e-02,8.171844e-03,5.830391e-03,1.891255e-02,2.935620e-03,2.161961e-04,4.738466e-04,2.899213e-03,6.504487e-04,4.277633e-01,5.087213e-01,9.959280e-04,8.860115e-03,7.188640e-04
2.708270e-03,7.446430e-03,5.776064e-03,4.233944e-03,1.475860e-02,2.466966e-03,2.117168e-04,4.791472e-04,2.163603e-03,5.507550e-04,3.498358e-01,6.012514e-01,8.435989e-04,6.727633e-03,5.461063e-04
2.679787e-03,5.653144e-03,4.139262e-03,3.069090e-03,1.132809e-02,2.121303e-03,2.471931e-04,5.615015e-04,1.795666e-03,5.225814e-04,2.743443e-01,6.870741e-01,7.310870e-04,5.300801e-03,4.321608e-04
6.762649e-03,9.168847e-03,3.376221e-03,2.886870e-03,3.051049e-02,3.471614e-03,1.089389e-03,3.412581e-03,2.590398e-03,5.392016e-04,2.310539e-01,6.990162e-01,7.270466e-04,4.854462e-03,5.401740e-04
1.954808e-02,8.990001e-03,4.398687e-03,2.874812e-03,3.045042e-02,5.690993e-03,1.679183e-03,1.420485e-02,2.983841e-03,6.194631e-04,2.065156e-01,6.949801e-01,6.439732e-04,5.017451e-03,1.402586e-03
4.486836e-02,9.938082e-03,7.821825e-03,3.749631e-03,3.450660e-02,8.151280e-03,1.851210e-03,2.711843e-02,3.339924e-03,7.986582e-04,1.680633e-01,6.812673e-01,6.194020e-04,5.649121e-03,2.256916e-03
7.048769e-02,1.053086e-02,1.209418e-02,6.325670e-03,5.091983e-02,9.536727e-03,1.941682e-03,4.737998e-02,4.908730e-03,1.393114e-03,1.368844e-01,6.385088e-01,7.442081e-04,5.739877e-03,2.604274e-03
6.039738e-02,1.494418e-02,1.251064e-02,6.026146e-03,9.366374e-02,8.745654e-03,1.741981e-03,4.374187e-02,6.882081e-03,1.482492e-03,1.185692e-01,6.204302e-01,7.563164e-04,6.953342e-03,3.154801e-03
5.776692e-02,1.239818e-02,2.255727e-02,1.917435e-02,1.593439e-01,8.371631e-03,1.965859e-03,1.014200e-01,1.374890e-02,1.389927e-03,1.113809e-01,4.813924e-01,6.775663e-04,5.914959e-03,2.497209e-03
7.998602e-02,1.750230e-02,3.194978e-02,2.078870e-02,2.241827e-01,1.822149e-02,2.487506e-03,8.915877e-02,2.538571e-02,1.520499e-03,1.105844e-01,3.680132e-01,1.013054e-03,6.550170e-03,2.655746e-03
8.606688e-02,1.866532e-02,2.956576e-02,2.663226e-02,2.927561e-01,2.059194e-02,3.982227e-03,1.097178e-01,2.690103e-02,1.346248e-03,9.227894e-02,2.822281e-01,1.015530e-03,6.194249e-03,2.057633e-03
1.029723e-01,1.708907e-02,3.583417e-02,4.979694e-02,2.945616e-01,2.062085e-02,3.288948e-03,8.959318e-02,6.676297e-02,1.952379e-03,9.551030e-02,2.119490e-01,1.112350e-03,7.037722e-03,1.918138e-03
9.866463e-02,1.476085e-02,4.109342e-02,4.392411e-02,2.741233e-01,2.061377e-02,2.439067e-03,7.676597e-02,1.479673e-01,3.507739e-03,1.082310e-01,1.549064e-01,1.027095e-03,9.743271e-03,2.232182e-03
1.212122e-01,1.486058e-02,4.211635e-02,5.241246e-02,2.608586e-01,2.478615e-02,1.955215e-03,6.394424e-02,1.707430e-01,3.672477e-03,1.079673e-01,1.167021e-01,1.372600e-03,1.437359e-02,3.023137e-03
1.508735e-01,1.436927e-02,4.738231e-02,5.652067e-02,2.492813e-01,2.468642e-02,1.615778e-03,5.099141e-02,1.970162e-01,4.609383e-03,9.325192e-02,8.775428e-02,1.823251e-03,1.516756e-02,4.656810e-03
1.922045e-01,1.291372e-02,4.593556e-02,7.459296e-02,2.222272e-01,2.433696e-02,1.405650e-03,3.724089e-02,2.118357e-01,4.381443e-03,8.239293e-02,6.701497e-02,2.615617e-03,1.585524e-02,5.046677e-03
1.540009e-01,1.820075e-02,3.278695e-02,9.316236e-02,1.566769e-01,1.787185e-02,1.142185e-03,2.823510e-02,1.715213e-01,3.833924e-03,1.945754e-01,9.270367e-02,1.539742e-02,1.339772e-02,6.493469e-03
1.083903e-01,1.339368e-02,2.318919e-02,7.660217e-02,1.100533e-01,1.276050e-02,8.359542e-04,1.996502e-02,1.227086e-01,2.915485e-03,3.611268e-01,1.135195e-01,1.828090e-02,1.125777e-02,5.000863e-03
7.703405e-02,9.846086e-03,1.788590e-02,6.735309e-02,8.180372e-02,9.725639e-03,6.411786e-04,1.436540e-02,9.733723e-02,2.921881e-03,4.881756e-01,9.525573e-02,2.377108e-02,9.638942e-03,4.244391e-03
6.418455e-02,7.513520e-03,1.296840e-02,7.182130e-02,6.562330e-02,9.989252e-03,5.819580e-04,1.046586e-02,7.535265e-02,3.406266e-03,5.070589e-01,1.312423e-01,2.071238e-02,1.547889e-02,3.600495e-03
5.141142e-02,5.626027e-03,9.879149e-03,7.158662e-02,6.647208e-02,9.302952e-03,5.970383e-04,8.642647e-03,5.586530e-02,3.370030e-03,5.399593e-01,1.392942e-01,1.737094e-02,1.779309e-02,2.829199e-03
3.804710e-02,4.085733e-03,8.204317e-03,6.166615e-02,7.774383e-02,7.905056e-03,1.067852e-03,6.438298e-03,4.835840e-02,5.452806e-03,5.389417e-01,1.612163e-01,1.576335e-02,2.278609e-02,2.322965e-03
3.149981e-02,3.465666e-03,7.929024e-03,5.048062e-02,7.177045e-02,8.544147e-03,1.369633e-03,7.435227e-03,4.681098e-02,8.511924e-03,5.409237e-01,1.695991e-01,1.968976e-02,2.934739e-02,2.622572e-03
