1.000000e+00,0.000000e+00,0.000000e+00,0.000000e+00,0.000000e+00,0.000000e+00,0.000000e+00,0.000000e+00,0.000000e+00,0.000000e+00,0.000000e+00,0.000000e+00,0.000000e+00,0.000000e+00,0.000000e+00
1.000000e+00,0.000000e+00,0.000000e+00,0.000000e+00,0.000000e+00,0.000000e+00,0.000000e+00,0.000000e+00,0.000000e+00,0.000000e+00,0.000000e+00,0.000000e+00,0.000000e+00,0.000000e+00,0.000000e+00
1.000000e+00,0.000000e+00,0.000000e+00,0.000000e+00,0.000000e+00,0.000000e+00,0.000000e+00,0.000000e+00,0.000000e+00,0.000000e+00,0.000000e+00,0.000000e+00,0.000000e+00,0.000000e+00,0.000000e+00
1.000000e+00,0.000000e+00,0.000000e+00,0.000000e+00,0.000000e+00,0.000000e+00,0.000000e+00,0.000000e+00,0.000000e+00,0.000000e+00,0.000000e+00,0.000000e+00,0.000000e+00,0.000000e+00,0.000000e+00
1.000000e+00,0.000000e+00,0.000000e+00,0.000000e+00,0.000000e+00,0.000000e+00,0.000000e+00,0.000000e+00,0.000000e+00,0.000000e+00,0.000000e+00,0.000000e+00,0.000000e+00,0.000000e+00,0.000000e+00
1.000000e+00,0.000000e+00,0.000000e+00,0.000000e+00,0.000000e+00,0.000000e+00,0.000000e+00,0.000000e+00,0.000000e+00,0.000000e+00,0.000000e+00,0.000000e+00,0.000000e+00,0.000000e+00,0.000000e+00
1.000000e+00,0.000000e+00,0.000000e+00,0.000000e+00,0.000000e+00,0.000000e+00,0.000000e+00,0.000000e+00,0.000000e+00,0.000000e+00,0.000000e+00,0.000000e+00,0.000000e+00,0.000000e+00,0.000000e+00
1.000000e+00,0.000000e+00,0.000000e+00,0.000000e+00,0.000000e+00,0.000000e+00,0.000000e+00,0.000000e+00,0.000000e+00,0.000000e+00,0.000000e+00,0.000000e+00,0.000000e+00,0.000000e+00,0.000000e+00
1.000000e+00,0.000000e+00,0.000000e+00,0.000000e+00,0.000000e+00,0.000000e+00,0.000000e+00,0.000000e+00,0.000000e+00,0.000000e+00,0.000000e+00,0.000000e+00,0.000000e+00,0.000000e+00,0.000000e+00
1.000000e+00,0.000000e+00,0.000000e+00,0.000000e+00,0.000000e+00,0.000000e+00,0.000000e+00,0.000000e+00,0.000000e+00,0.000000e+00,0.000000e+00,0.000000e+00,0.000000e+00,0.000000e+00,0.000000e+00
1.000000e+00,0.000000e+00,0.000000e+00,0.000000e+00,0.000000e+00,0.000000e+00,0.000000e+00,0.000000e+00,0.000000e+00,0.000000e+00,0.000000e+00,0.000000e+00,0.000000e+00,0.000000e+00,0.000000e+00
1.000000e+00,0.000000e+00,0.000000e+00,0.000000e+00,0.000000e+00,0.000000e+00,0.000000e+00,0.000000e+00,0.000000e+00,0.000000e+00,0.000000e+00,0.000000e+00,0.000000e+00,0.000000e+00,0.000000e+00
1.000000e+00,0.000000e+00,0.000000e+00,0.000000e+00,0.000000e+00,0.000000e+00,0.000000e+00,0.000000e+00,0.000000e+00,0.000000e+00,0.000000e+00,0.000000e+00,0.000000e+00,0.000000e+00,0.000000e+00
1.000000e+00,0.000000e+00,0.000000e+00,0.000000e+00,0.000000e+00,0.000000e+00,0.000000e+00,0.000000e+00,0.000000e+00,0.000000e+00,0.000000e+00,0.000000e+00,0.000000e+00,0.000000e+00,0.000000e+00
1.000000e+00,0.000000e+00,0.000000e+00,0.000000e+00,0.000000e+00,0.000000e+00,0.000000e+00,0.000000e+00,0.000000e+00,0.000000e+00,0.000000e+00,0.000000e+00,0.000000e+00,0.000000e+00,0.000000e+00
1.000000e+00,0.000000e+00,0.000000e+00,0.000000e+00,0.000000e+00,0.000000e+00,0.000000e+00,0.000000e+00,0.000000e+00,0.000000e+00,0.000000e+00,0.000000e+00,0.000000e+00,0.000000e+00,0.000000e+00
1.000000e+00,0.000000e+00,0.000000e+00,0.000000e+00,0.000000e+00,0.000000e+00,0.000000e+00,0.000000e+00,0.000000e+00,0.000000e+00,0.000000e+00,0.000000e+00,0.000000e+00,0.000000e+00,0.000000e+00
1.000000e+00,0.000000e+00,0.000000e+00,0.000000e+00,0.000000e+00,0.000000e+00,0.000000e+00,0.000000e+00,0.000000e+00,0.000000e+00,0.000000e+00,0.000000e+00,0.000000e+00,0.000000e+00,0.000000e+00
1.000000e+00,0.000000e+00,0.000000e+00,0.000000e+00,0.000000e+00,0.000000e+00,0.000000e+00,0.000000e+00,0.000000e+00,0.000000e+00,0.000000e+00,0.000000e+00,0.000000e+00,0.000000e+00,0.000000e+00
1.000000e+00,0.000000e+00,0.000000e+00,0.000000e+00,0.000000e+00,0.000000e+00,0.000000e+00,0.000000e+00,0.000000e+00,0.000000e+00,0.000000e+00,0.000000e+00,0.000000e+00,0.000000e+00,0.000000e+00
1.000000e+00,0.000000e+00,0.000000e+00,0.000000e+00,0.000000e+00,0.000000e+00,0.000000e+00,0.000000e+00,0.000000e+00,0.000000e+00,0.000000e+00,0.000000e+00,0.000000e+00,0.000000e+00,0.000000e+00
1.000000e+00,0.000000e+00,0.000000e+00,0.000000e+00,0.000000e+00,0.000000e+00,0.000000e+00,0.000000e+00,0.000000e+00,0.000000e+00,0.000000e+00,0.000000e+00,0.000000e+00,0.000000e+00,0.000000e+00
1.000000e+00,0.000000e+00,0.000000e+00,0.000000e+00,0.000000e+00,0.000000e+00,0.000000e+00,0.000000e+00,0.000000e+00,0.000000e+00,0.000000e+00,0.000000e+00,0.000000e+00,0.000000e+00,0.000000e+00
1.000000e+00,0.000000e+00,0.000000e+00,0.000000e+00,0.000000e+00,0.000000e+00,0.000000e+00,0.000000e+00,0.000000e+00,0.000000e+00,0.000000e+00,0.000000e+00,0.000000e+00,0.000000e+00,0.000000e+00
1.000000e+00,0.000000e+00,0.000000e+00,0.000000e+00,0.000000e+00,0.000000e+00,0.000000e+00,0.000000e+00,0.000000e+00,0.000000e+00,0.000000e+00,0.000000e+00,0.000000e+00,0.000000e+00,0.000000e+00
1.000000e+00,0.000000e+00,0.000000e+00,0.000000e+00,0.000000e+00,0.000000e+00,0.000000e+00,0.000000e+00,0.000000e+00,0.000000e+00,0.000000e+00,0.000000e+00,0.000000e+00,0.000000e+00,0.000000e+00
1.000000e+00,0.000000e+00,0.000000e+00,0.000000e+00,0.000000e+00,0.000000e+00,0.000000e+00,0.000000e+00,0.000000e+00,0.000000e+00,0.000000e+00,0.000000e+00,0.000000e+00,0.000000e+00,0.000000e+00
1.000000e+00,0.000000e+00,0.000000e+00,0.000000e+00,0.000000e+00,0.000000e+00,0.000000e+00,0.000000e+00,0.000000e+00,0.000000e+00,0.000000e+00,0.000000e+00,0.000000e+00,0.000000e+00,0.000000e+00
1.000000e+00,0.000000e+00,0.000000e+00,0.000000e+00,0.000000e+00,0.000000e+00,0.000000e+00,0.000000e+00,0.000000e+00,0.000000e+00,0.000000e+00,0.000000e+00,0.000000e+00,0.000000e+00,0.000000e+00
1.000000e+00,0.000000e+00,0.000000e+00,0.000000e+00,0.000000e+00,0.000000e+00,0.000000e+00,0.000000e+00,0.000000e+00,0.000000e+00,0.000000e+00,0.000000e+00,0.000000e+00,0.000000e+00,0.000000e+00
1.000000e+00,0.000000e+00,0.000000e+00,0.000000e+00,0.000000e+00,0.000000e+00,0.000000e+00,0.000000e+00,0.000000e+00,0.000000e+00,0.000000e+00,0.000000e+00,0.000000e+00,0.000000e+00,0.000000e+00
1.000000e+00,0.000000e+00,0.000000e+00,0.000000e+00,0.000000e+00,0.000000e+00,0.000000e+00,0.000000e+00,0.000000e+00,0.000000e+00,0.000000e+00,0.000000e+00,0.000000e+00,0.000000e+00,0.000000e+00
1.000000e+00,0.000000e+00,0.000000e+00,0.000000e+00,0.000000e+00,0.000000e+00,0.000000e+00,0.000000e+00,0.000000e+00,0.000000e+00,0.000000e+00,0.000000e+00,0.000000e+00,0.000000e+00,0.000000e+00
1.000000e+00,0.000000e+00,0.000000e+00,0.000000e+00,0.000000e+00,0.000000e+00,0.000000e+00,0.000000e+00,0.000000e+00,0.000000e+00,0.000000e+00,0.000000e+00,0.000000e+00,0.000000e+00,0.000000e+00
1.000000e+00,0.000000e+00,0.000000e+00,0.000000e+00,0.000000e+00,0.000000e+00,0.000000e+00,0.000000e+00,0.000000e+00,0.000000e+00,0.000000e+00,0.000000e+00,0.000000e+00,0.000000e+00,0.000000e+00
1.000000e+00,0.000000e+00,0.000000e+00,0.000000e+00,0.000000e+00,0.000000e+00,0.000000e+00,0.000000e+00,0.000000e+00,0.000000e+00,0.000000e+00,0.000000e+00,0.000000e+00,0.000000e+00,0.000000e+00
1.000000e+00,0.000000e+00,0.000000e+00,0.000000e+00,0.000000e+00,0.000000e+00,0.000000e+00,0.000000e+00,0.000000e+00,0.000000e+00,0.000000e+00,0.000000e+00,0.000000e+00,0.000000e+00,0.000000e+00
1.000000e+00,0.000000e+00,0.000000e+00,0.000000e+00,0.000000e+00,0.000000e+00,0.000000e+00,0.000000e+00,0.000000e+00,0.000000e+00,0.000000e+00,0.000000e+00,0.000000e+00,0.000000e+00,0.000000e+00
1.000000e+00,0.000000e+00,0.000000e+00,0.000000e+00,0.000000e+00,0.000000e+00,0.000000e+00,0.000000e+00,0.000000e+00,0.000000e+00,0.000000e+00,0.000000e+00,0.000000e+00,0.000000e+00,0.000000e+00
1.000000e+00,0.000000e+00,0.000000e+00,0.000000e+00,0.000000e+00,0.000000e+00,0.000000e+00,0.000000e+00,0.000000e+00,0.000000e+00,0.000000e+00,0.000000e+00,0.000000e+00,0.000000e+00,0.000000e+00
1.000000e+00,0.000000e+00,0.000000e+00,0.000000e+00,0.000000e+00,0.000000e+00,0.000000e+00,0.000000e+00,0.000000e+00,0.000000e+00,0.000000e+00,0.000000e+00,0.000000e+00,0.000000e+00,0.000000e+00
1.000000e+00,0.000000e+00,0.000000e+00,0.000000e+00,0.000000e+00,0.000000e+00,0.000000e+00,0.000000e+00,0.000000e+00,0.000000e+00,0.000000e+00,0.000000e+00,0.000000e+00,0.000000e+00,0.000000e+00
1.000000e+00,0.000000e+00,0.000000e+00,0.000000e+00,0.000000e+00,0.000000e+00,0.000000e+00,0.000000e+00,0.000000e+00,0.000000e+00,0.000000e+00,0.000000e+00,0.000000e+00,0.000000e+00,0.000000e+00
1.000000e+00,0.000000e+00,0.000000e+00,0.000000e+00,0.000000e+00,0.000000e+00,0.000000e+00,0.000000e+00,0.000000e+00,0.000000e+00,0.000000e+00,0.000000e+00,0.000000e+00,0.000000e+00,0.000000e+00
1.000000e+00,0.000000e+00,0.000000e+00,0.000000e+00,0.000000e+00,0.000000e+00,0.000000e+00,0.000000e+00,0.000000e+00,0.000000e+00,0.000000e+00,0.000000e+00,0.000000e+00,0.000000e+00,0.000000e+00
1.000000e+00,0.000000e+00,0.000000e+00,0.000000e+00,0.000000e+00,0.000000e+00,0.000000e+00,0.000000e+00,0.000000e+00,0.000000e+00,0.000000e+00,0.000000e+00,0.000000e+00,0.000000e+00,0.000000e+00
1.000000e+00,0.000000e+00,0.000000e+00,0.000000e+00,0.000000e+00,0.000000e+00,0.000000e+00,0.000000e+00,0.000000e+00,0.000000e+00,0.000000e+00,0.000000e+00,0.000000e+00,0.000000e+00,0.000000e+00
1.000000e+00,0.000000e+00,0.000000e+00,0.000000e+00,0.000000e+00,0.000000e+00,0.000000e+00,0.000000e+00,0.000000e+00,0.000000e+00,0.000000e+00,0.000000e+00,0.000000e+00,0.000000e+00,0.000000e+00
1.000000e+00,0.000000e+00,0.000000e+00,0.000000e+00,0.000000e+00,0.000000e+00,0.000000e+00,0.000000e+00,0.000000e+00,0.000000e+00,0.000000e+00,0.000000e+00,0.000000e+00,0.000000e+00,0.000000e+00
1.000000e+00,0.000000e+00,0.000000e+00,0.000000e+00,0.000000e+00,0.000000e+00,0.000000e+00,0.000000e+00,0.000000e+00,0.000000e+00,0.000000e+00,0.000000e+00,0.000000e+00,0.000000e+00,0.000000e+00
1.000000e+00,0.000000e+00,0.000000e+00,0.000000e+00,0.000000e+00,0.000000e+00,0.000000e+00,0.000000e+00,0.000000e+00,0.000000e+00,0.000000e+00,0.000000e+00,0.000000e+00,0.000000e+00,0.000000e+00
1.000000e+00,0.000000e+00,0.000000e+00,0.000000e+00,0.000000e+00,0.000000e+00,0.000000e+00,0.000000e+00,0.000000e+00,0.000000e+00,0.000000e+00,0.000000e+00,0.000000e+00,0.000000e+00,0.000000e+00
1.000000e+00,0.000000e+00,0.000000e+00,0.000000e+00,0.000000e+00,0.000000e+00,0.000000e+00,0.000000e+00,0.000000e+00,0.000000e+00,0.000000e+00,0.000000e+00,0.000000e+00,0.000000e+00,0.000000e+00
1.000000e+00,0.000000e+00,0.000000e+00,0.000000e+00,0.000000e+00,0.000000e+00,0.000000e+00,0.000000e+00,0.000000e+00,0.000000e+00,0.000000e+00,0.000000e+00,0.000000e+00,0.000000e+00,0.000000e+00
1.000000e+00,0.000000e+00,0.000000e+00,0.000000e+00,0.000000e+00,0.000000e+00,0.000000e+00,0.000000e+00,0.000000e+00,0.000000e+00,0.000000e+00,0.000000e+00,0.000000e+00,0.000000e+00,0.000000e+00
1.000000e+00,0.000000e+00,0.000000e+00,0.000000e+00,0.000000e+00,0.000000e+00,0.000000e+00,0.000000e+00,0.000000e+00,0.000000e+00,0.000000e+00,0.000000e+00,0.000000e+00,0.000000e+00,0.000000e+00
1.000000e+00,0.000000e+00,0.000000e+00,0.000000e+00,0.000000e+00,0.000000e+00,0.000000e+00,0.000000e+00,0.000000e+00,0.000000e+00,0.000000e+00,0.000000e+00,0.000000e+00,0.000000e+00,0.000000e+00
1.000000e+00,0.000000e+00,0.000000e+00,0.000000e+00,0.000000e+00,0.000000e+00,0.000000e+00,0.000000e+00,0.000000e+00,0.000000e+00,0.000000e+00,0.000000e+00,0.000000e+00,0.000000e+00,0.000000e+00
1.000000e+00,0.000000e+00,0.000000e+00,0.000000e+00,0.000000e+00,0.000000e+00,0.000000e+00,0.000000e+00,0.000000e+00,0.000000e+00,0.000000e+00,0.000000e+00,0.000000e+00,0.000000e+00,0.000000e+00
1.000000e+00,0.000000e+00,0.000000e+00,0.000000e+00,0.000000e+00,0.000000e+00,0.000000e+00,0.000000e+00,0.000000e+00,0.000000e+00,0.000000e+00,0.000000e+00,0.000000e+00,0.000000e+00,0.000000e+00
1.000000e+00,0.000000e+00,0.000000e+00,0.000000e+00,0.000000e+00,0.000000e+00,0.000000e+00,0.000000e+00,0.000000e+00,0.000000e+00,0.000000e+00,0.000000e+00,0.000000e+00,0.000000e+00,0.000000e+00
4.692596e-01,3.050271e-02,1.615231e-02,2.970635e-01,1.030094e-02,1.843356e-02,3.327795e-03,6.722737e-03,7.973773e-03,2.754704e-03,1.823304e-02,6.325535e-02,2.336110e-02,2.723701e-03,2.993522e-02
3.287621e-01,2.210620e-02,1.157853e-02,3.808864e-01,7.628234e-03,1.391149e-02,2.343159e-03,4.724460e-03,6.804468e-03,2.453537e-03,5.174575e-02,1.258279e-01,1.734366e-02,1.994202e-03,2.188990e-02
2.305964e-01,1.563654e-02,8.175127e-03,3.726614e-01,6.414467e-03,1.032986e-02,1.668382e-03,3.326838e-03,6.455704e-03,2.340466e-03,6.747398e-02,2.446722e-01,1.265555e-02,1.457957e-03,1.613509e-02
1.615433e-01,1.100230e-02,5.766093e-03,2.715870e-01,7.973811e-03,7.681437e-03,1.187441e-03,2.362977e-03,5.331851e-03,2.289465e-03,6.826346e-02,4.334551e-01,9.008706e-03,1.044331e-03,1.150270e-02
1.132482e-01,7.718731e-03,4.054367e-03,1.912777e-01,1.926846e-02,7.203523e-03,8.569559e-04,1.690048e-03,6.348016e-03,1.852851e-03,6.362618e-02,5.674415e-01,6.539369e-03,7.571718e-04,8.116945e-03
7.948278e-02,5.418915e-03,2.856592e-03,1.346182e-01,3.286023e-02,6.961738e-03,6.235254e-04,1.212852e-03,6.198989e-03,1.575533e-03,6.036340e-02,6.568007e-01,4.708986e-03,5.810562e-04,5.736431e-03
5.579164e-02,3.989464e-03,2.062300e-03,9.438295e-02,5.771795e-02,7.180212e-03,4.482888e-04,8.718817e-04,5.396200e-03,1.460066e-03,9.346640e-02,6.688994e-01,3.532753e-03,6.768770e-04,4.123645e-03
3.936094e-02,3.025740e-03,1.501492e-03,6.631441e-02,6.567006e-02,7.322432e-03,3.304305e-04,6.518480e-04,5.170968e-03,2.065647e-03,1.051585e-01,6.963588e-01,2.739749e-03,1.007042e-03,3.321945e-03
2.770314e-02,2.219319e-03,1.117658e-03,4.650226e-02,6.145959e-02,7.191000e-03,2.716742e-04,5.589603e-04,4.124370e-03,2.160677e-03,1.371484e-01,7.034824e-01,2.161884e-03,1.226113e-03,2.672628e-03
1.962330e-02,1.697239e-03,8.228942e-04,3.264494e-02,5.792633e-02,5.742622e-03,2.107730e-04,4.608418e-04,3.693015e-03,4.609777e-03,1.153609e-01,7.511696e-01,1.940733e-03,1.768358e-03,2.328727e-03
1.421218e-02,1.727916e-03,6.353708e-04,2.293972e-02,6.048554e-02,4.696915e-03,1.715025e-04,4.113460e-04,3.957897e-03,1.062397e-02,9.052265e-02,7.830973e-01,2.046437e-03,2.265527e-03,2.205829e-03
1.015886e-02,1.491912e-03,4.882712e-04,1.609831e-02,5.109341e-02,3.758355e-03,1.721392e-04,4.211018e-04,3.373516e-03,1.332231e-02,7.842872e-02,8.154706e-01,1.694266e-03,1.978604e-03,2.049689e-03
7.639452e-03,1.678648e-03,4.860878e-04,1.138077e-02,6.273954e-02,3.195300e-03,1.692157e-04,6.013688e-04,3.526762e-03,2.916989e-02,8.077428e-02,7.927878e-01,1.597068e-03,2.041681e-03,2.212120e-03
5.661045e-03,1.327851e-03,5.555064e-04,8.213061e-03,6.141232e-02,3.489526e-03,2.079447e-04,2.434512e-03,6.559420e-03,3.029743e-02,6.724070e-02,8.069795e-01,1.820040e-03,1.987784e-03,1.813377e-03
4.069678e-03,9.613874e-04,6.101723e-04,5.827253e-03,5.468036e-02,2.865355e-03,3.735833e-04,3.189792e-03,6.251755e-03,2.171610e-02,5.099991e-02,8.442575e-01,1.395948e-03,1.515324e-03,1.285902e-03
3.069108e-03,7.690663e-04,6.617489e-04,4.261235e-03,4.365800e-02,2.329284e-03,3.541285e-04,5.012584e-03,5.896559e-03,1.562685e-02,5.053990e-02,8.646422e-01,1.103879e-03,1.153308e-03,9.221485e-04
2.508129e-03,8.078772e-04,2.540319e-03,3.313543e-03,4.121545e-02,2.128231e-03,6.560918e-04,9.207902e-03,6.828343e-03,1.183383e-02,4.309859e-02,8.732985e-01,8.524587e-04,1.012408e-03,6.983505e-04
2.641460e-03,9.749083e-04,5.605499e-03,3.423296e-03,3.200984e-02,2.019990e-03,1.156136e-03,4.128231e-02,7.207981e-03,9.228043e-03,3.728842e-02,8.550195e-01,7.248146e-04,8.975096e-04,5.203498e-04
3.624813e-03,1.752941e-03,1.356608e-02,3.348173e-03,7.889027e-02,3.127147e-03,2.154253e-03,7.284460e-02,4.149713e-02,7.079267e-03,3.410706e-02,7.358866e-01,8.488190e-04,8.342681e-04,4.386458e-04
5.669657e-03,2.132578e-03,6.084993e-02,6.833295e-03,1.010819e-01,3.417624e-03,2.272883e-03,1.601809e-01,4.393500e-02,6.003718e-03,3.851934e-02,5.663854e-01,1.118352e-03,1.189755e-03,4.095837e-04
1.075287e-02,4.843791e-03,1.292700e-01,8.176542e-03,1.173504e-01,4.750763e-03,2.502461e-03,1.478277e-01,5.531719e-02,6.327468e-03,8.515431e-02,4.229661e-01,1.081460e-03,2.932884e-03,7.459407e-04
2.529781e-02,1.318858e-02,1.426401e-01,9.621449e-03,1.364837e-01,8.968759e-03,2.353081e-03,1.334478e-01,1.127984e-01,7.259950e-03,9.375867e-02,3.057411e-01,1.148167e-03,4.358878e-03,2.933506e-03
2.923900e-02,2.435391e-02,2.086867e-01,1.374165e-02,1.475733e-01,1.105306e-02,2.379657e-03,1.382878e-01,1.180954e-01,7.149429e-03,7.029478e-02,2.188254e-01,1.575555e-03,4.330317e-03,4.414059e-03
2.264676e-02,1.964013e-02,3.674543e-01,5.226792e-02,1.158656e-01,9.181123e-03,1.760341e-03,9.915096e-02,9.342559e-02,5.624225e-03,4.982151e-02,1.540072e-01,1.335630e-03,3.057933e-03,4.760748e-03
2.723576e-02,4.702450e-02,4.051794e-01,5.118467e-02,1.005973e-01,7.508810e-03,1.531256e-03,7.679112e-02,1.242924e-01,5.018771e-03,3.624064e-02,1.081786e-01,1.257152e-03,2.741002e-03,5.218568e-03
2.491778e-02,5.168863e-02,4.005052e-01,9.256749e-02,9.340535e-02,5.940128e-03,1.500324e-03,5.938984e-02,1.498444e-01,4.955704e-03,2.590052e-02,7.589812e-02,1.212596e-03,2.045705e-03,1.022822e-02
2.013766e-02,5.363425e-02,4.223794e-01,1.611135e-01,6.868172e-02,4.549395e-03,1.133144e-03,4.321527e-02,1.299020e-01,4.357296e-03,1.874121e-02,5.334279e-02,1.160770e-03,1.468680e-03,1.618288e-02
2.602921e-02,5.772439e-02,5.055249e-01,1.186962e-01,6.246356e-02,6.230899e-03,9.643509e-04,3.422620e-02,1.090568e-01,4.342763e-03,1.375097e-02,3.760808e-02,1.043673e-03,1.131114e-03,2.120681e-02
2.893760e-02,5.425385e-02,4.741034e-01,1.830713e-01,6.065363e-02,7.733072e-03,9.993201e-04,3.657649e-02,8.389443e-02,3.806535e-03,1.105388e-02,2.675374e-02,1.112858e-03,1.053704e-03,2.599612e-02
3.425054e-02,4.824284e-02,4.053528e-01,2.979304e-01,5.313974e-02,1.138226e-02,8.885252e-04,3.283552e-02,6.135077e-02,2.999134e-03,8.425608e-03,1.910157e-02,1.081058e-03,8.324668e-04,2.218673e-02
3.797728e-02,4.262752e-02,3.969387e-01,3.263066e-01,4.726831e-02,1.403073e-02,8.996228e-04,2.615130e-02,5.040347e-02,3.490051e-03,7.488469e-03,1.386632e-02,1.001953e-03,8.652215e-04,3.068441e-02
4.095914e-02,3.822290e-02,4.141195e-01,3.412696e-01,3.965997e-02,1.274572e-02,8.358175e-04,2.031775e-02,4.251204e-02,3.240951e-03,6.154103e-03,9.950712e-03,8.829546e-04,7.851641e-04,2.834359e-02
6.623769e-02,4.917894e-02,3.990361e-01,3.013207e-01,4.983783e-02,2.056091e-02,1.675488e-03,1.713591e-02,4.348850e-02,3.626192e-03,5.450573e-03,7.562174e-03,1.021283e-03,9.151091e-04,3.295259e-02
1.344474e-01,8.247855e-02,3.346436e-01,2.474308e-01,6.324614e-02,3.095874e-02,2.804032e-03,1.683806e-02,4.062142e-02,3.587994e-03,5.097986e-03,5.656876e-03,1.344208e-03,9.155131e-04,2.992874e-02
2.469340e-01,9.052555e-02,2.442922e-01,1.980218e-01,8.087326e-02,3.927197e-02,4.312343e-03,1.821699e-02,3.806680e-02,2.743604e-03,4.895449e-03,5.136488e-03,2.165139e-03,9.093873e-04,2.363498e-02
2.614726e-01,1.108128e-01,1.886355e-01,1.685568e-01,1.201631e-01,5.130704e-02,8.445326e-03,2.002580e-02,3.581241e-02,2.214991e-03,5.043548e-03,4.109031e-03,2.210745e-03,9.285562e-04,2.026180e-02
2.868538e-01,1.287418e-01,1.562270e-01,1.837298e-01,1.076820e-01,4.160345e-02,7.120863e-03,2.072379e-02,3.453942e-02,1.942732e-03,4.929278e-03,4.455313e-03,2.352281e-03,8.796213e-04,1.821892e-02
3.820387e-01,1.115345e-01,1.138359e-01,1.419601e-01,9.301610e-02,4.103474e-02,5.988848e-03,1.749302e-02,5.616456e-02,1.967369e-03,5.365795e-03,5.427051e-03,3.134946e-03,1.404560e-03,1.963383e-02
3.268833e-01,1.284453e-01,1.014758e-01,2.264818e-01,7.936728e-02,3.233571e-02,4.833461e-03,1.531590e-02,4.539588e-02,2.450586e-03,5.287633e-03,5.083048e-03,3.321870e-03,1.386301e-03,2.193610e-02
3.797374e-01,9.698275e-02,1.478052e-01,2.067903e-01,5.813332e-02,2.368760e-02,3.689895e-03,1.316000e-02,3.460087e-02,2.269921e-03,5.276411e-03,5.601826e-03,3.543050e-03,1.203566e-03,1.751784e-02
4.919842e-01,7.172488e-02,1.481143e-01,1.553405e-01,4.179650e-02,1.861307e-02,3.010421e-03,1.041315e-02,2.610285e-02,2.085205e-03,5.042807e-03,6.444924e-03,3.371627e-03,1.268998e-03,1.468657e-02
1.000000e+00,0.000000e+00,0.000000e+00,0.000000e+00,0.000000e+00,0.000000e+00,0.000000e+00,0.000000e+00,0.000000e+00,0.000000e+00,0.000000e+00,0.000000e+00,0.000000e+00,0.000000e+00,0.000000e+00
4.367948e-01,3.878568e-02,1.898939e-01,7.994823e-02,2.253101e-02,1.277101e-02,1.716548e-03,6.328322e-03,3.076866e-02,4.067105e-03,5.443765e-03,5.349275e-03,2.902780e-03,1.200701e-01,4.262886e-02
3.359233e-01,2.927274e-02,1.560203e-01,5.790639e-02,1.611222e-02,1.163320e-02,1.269698e-03,4.766261e-03,5.481200e-02,4.430894e-03,7.613720e-03,4.155920e-03,2.446956e-03,2.126093e-01,1.010271e-01
4.903134e-01,2.196348e-02,1.123901e-01,4.395951e-02,1.265594e-02,1.134767e-02,1.153538e-03,4.510561e-03,4.757114e-02,4.357222e-03,7.696369e-03,3.885454e-03,3.789858e-03,1.565240e-01,7.788187e-02
4.923568e-01,1.874905e-02,8.319271e-02,3.817904e-02,1.085173e-02,1.103556e-02,1.459266e-03,4.302907e-03,7.715356e-02,1.418821e-02,7.718632e-03,3.616717e-03,4.839459e-03,1.365413e-01,9.581503e-02
3.885002e-01,1.849289e-02,6.480373e-02,4.862155e-02,8.423371e-03,8.445901e-03,1.178018e-03,3.431629e-03,1.182446e-01,1.889644e-02,7.700429e-03,3.156885e-03,4.622540e-03,1.302828e-01,1.751990e-01
2.805131e-01,1.496408e-02,4.750496e-02,3.530034e-02,6.097554e-03,6.108122e-03,8.547004e-04,2.474152e-03,1.035615e-01,2.105787e-02,6.162971e-03,2.360679e-03,4.143329e-03,1.262038e-01,3.426928e-01
2.019578e-01,2.472029e-02,3.482516e-02,2.514112e-02,4.396460e-03,4.413799e-03,6.222238e-04,1.800992e-03,8.832456e-02,2.658781e-02,4.952929e-03,1.943155e-03,3.407129e-03,1.137064e-01,4.632002e-01
1.469247e-01,4.148502e-02,2.577726e-02,1.885116e-02,3.147560e-03,3.369666e-03,4.531701e-04,1.306462e-03,6.771606e-02,2.375183e-02,3.904951e-03,2.062165e-03,2.829734e-03,9.676696e-02,5.616533e-01
1.207993e-01,4.187141e-02,2.148032e-02,1.486782e-02,2.512412e-03,2.732715e-03,3.448264e-04,1.019402e-03,5.270655e-02,3.391389e-02,4.488139e-03,1.947139e-03,2.797980e-03,8.825883e-02,6.102593e-01
8.885825e-02,3.570483e-02,1.555711e-02,1.054870e-02,1.805242e-03,2.082049e-03,2.551789e-04,7.522295e-04,4.306152e-02,6.968643e-02,3.600455e-03,1.555837e-03,2.078798e-03,1.229625e-01,6.014909e-01
6.639245e-02,3.682368e-02,1.115145e-02,7.524949e-03,1.365977e-03,1.631518e-03,1.906579e-04,5.476753e-04,3.959469e-02,9.310679e-02,3.047115e-03,1.356820e-03,1.833577e-03,1.301051e-01,6.053276e-01
4.764533e-02,2.103038e-01,9.338159e-03,7.242419e-03,9.634837e-04,1.210359e-03,1.485356e-04,4.004497e-04,6.613606e-02,7.769248e-02,2.403516e-03,1.243163e-03,1.402007e-03,9.627239e-02,4.775979e-01
3.644436e-02,2.773934e-01,7.863537e-03,7.841152e-03,6.960742e-04,1.022574e-03,1.220409e-04,3.399368e-04,1.030908e-01,8.691424e-02,2.465390e-03,1.465777e-03,1.915630e-03,7.226232e-02,4.001628e-01
3.428196e-02,2.652215e-01,6.839853e-03,9.002039e-03,6.834958e-04,1.014142e-03,1.510118e-04,9.480789e-04,1.679514e-01,1.003729e-01,9.139190e-03,1.882795e-03,6.536530e-03,5.851962e-02,3.374556e-01
2.584961e-02,3.423744e-01,8.183022e-03,8.925058e-03,5.333439e-04,7.605408e-04,1.292235e-04,9.449263e-04,2.282353e-01,7.184562e-02,8.563315e-03,2.641060e-03,7.804716e-03,4.259085e-02,2.506190e-01
2.323218e-02,2.804252e-01,7.900953e-03,8.260394e-03,5.751454e-04,7.060540e-04,1.708700e-04,2.939736e-03,1.843811e-01,5.166207e-02,1.163274e-02,2.847640e-03,1.098118e-02,3.580027e-02,3.784844e-01
2.096468e-02,2.079874e-01,9.816216e-03,7.940048e-03,9.720497e-04,1.504702e-03,1.759762e-04,3.741873e-03,1.312136e-01,3.653754e-02,9.345794e-03,2.264682e-03,8.313954e-03,2.767934e-02,5.315422e-01
1.787043e-02,1.482513e-01,9.423043e-02,1.652319e-02,1.387408e-03,2.571385e-03,9.822082e-04,6.801049e-03,9.622999e-02,2.665319e-02,7.464800e-03,3.043356e-03,9.522631e-03,1.987893e-02,5.485897e-01
1.382333e-02,1.040948e-01,7.911013e-02,1.287976e-02,4.432996e-03,3.129128e-03,1.770026e-01,2.274127e-02,6.818649e-02,2.051031e-02,5.412668e-03,2.365193e-03,8.794739e-03,1.399426e-02,4.635223e-01
1.064381e-02,7.311296e-02,6.418581e-02,1.160703e-02,5.185392e-03,3.384294e-03,3.327746e-01,5.836278e-02,4.816892e-02,1.508363e-02,3.933850e-03,1.784289e-03,6.903084e-03,9.855061e-03,3.550145e-01
1.117909e-02,5.190291e-02,7.433023e-02,1.731186e-02,1.168410e-02,4.536021e-03,3.321197e-01,1.743498e-01,3.466117e-02,1.137371e-02,2.853244e-03,1.310604e-03,5.169136e-03,6.931845e-03,2.602865e-01
1.099139e-02,3.738398e-02,6.929500e-02,1.300090e-02,1.027016e-02,6.685313e-03,3.121236e-01,3.062085e-01,2.460968e-02,8.601090e-03,2.122241e-03,1.121687e-03,8.157337e-03,4.911871e-03,1.845172e-01
9.920809e-03,2.645070e-02,5.917203e-02,9.349760e-03,7.785430e-03,9.193743e-03,4.374233e-01,2.694345e-01,1.753555e-02,6.154806e-03,1.567371e-03,8.587948e-04,1.191175e-02,3.460305e-03,1.297811e-01
1.092095e-02,1.879995e-02,4.550848e-02,7.132474e-03,5.914303e-03,1.171375e-02,5.418332e-01,2.263634e-01,1.242151e-02,4.372672e-03,1.238676e-03,7.056355e-04,1.913008e-02,2.440760e-03,9.150412e-02
1.084310e-02,1.331163e-02,3.383714e-02,5.512386e-03,4.368626e-03,1.082955e-02,6.538661e-01,1.699098e-01,8.906201e-03,3.077651e-03,9.549799e-04,6.299461e-04,1.768269e-02,1.733903e-03,6.453627e-02
1.523438e-02,9.621030e-03,2.505565e-02,4.292294e-03,3.517430e-03,1.164389e-02,7.052920e-01,1.417171e-01,6.778064e-03,2.197502e-03,9.523513e-04,7.151852e-04,2.589846e-02,1.276082e-03,4.580852e-02
1.473575e-02,6.994065e-03,1.957741e-02,3.336806e-03,2.773009e-03,9.800054e-03,7.647662e-01,1.094353e-01,5.229979e-03,1.587373e-03,9.352446e-04,7.610499e-04,2.679968e-02,9.324576e-04,3.233558e-02
1.283879e-02,5.180503e-03,1.554807e-02,2.491364e-03,2.235945e-03,8.549230e-03,8.147778e-01,8.230390e-02,3.921272e-03,1.183507e-03,7.868090e-04,7.381864e-04,2.579165e-02,6.900789e-04,2.296287e-02
3.084141e-02,4.569713e-03,1.623607e-02,2.463695e-03,2.811547e-03,9.279065e-03,8.032340e-01,7.758062e-02,3.732623e-03,1.109254e-03,8.914322e-04,2.004152e-03,2.708643e-02,6.257181e-04,1.753422e-02
1.061514e-01,4.181693e-03,2.262175e-02,3.118510e-03,3.388087e-03,1.146643e-02,6.915485e-01,1.019349e-01,3.700807e-03,1.298618e-03,1.088076e-03,4.633676e-03,2.990092e-02,7.643718e-04,1.420229e-02
1.288703e-01,3.645995e-03,2.453543e-02,3.173059e-03,3.046989e-03,1.367098e-02,6.665096e-01,9.993058e-02,3.002765e-03,1.521703e-03,9.842271e-04,5.382356e-03,3.391311e-02,7.396719e-04,1.107323e-02
1.296041e-01,3.767520e-03,2.361667e-02,3.333236e-03,2.858551e-03,2.122137e-02,6.689301e-01,8.008513e-02,2.353159e-03,1.706079e-03,1.507599e-03,6.933804e-03,4.417533e-02,7.459412e-04,9.161451e-03
1.400003e-01,4.514464e-03,2.928264e-02,4.224345e-03,3.605106e-03,2.641805e-02,6.601146e-01,6.992224e-02,1.913126e-03,1.776363e-03,2.353788e-03,8.480689e-03,3.852856e-02,9.005551e-04,7.965173e-03
1.370627e-01,6.141049e-03,2.930100e-02,6.931975e-03,5.049249e-03,5.632407e-02,5.914760e-01,6.016704e-02,2.649620e-03,4.197515e-03,6.323553e-03,1.553101e-02,6.714577e-02,1.650511e-03,1.004898e-02
1.576124e-01,5.724720e-03,2.267819e-02,7.555976e-03,6.406816e-03,5.442721e-02,5.696830e-01,6.522922e-02,2.263099e-03,3.515026e-03,6.887658e-03,2.282776e-02,6.314277e-02,1.675323e-03,1.037078e-02
2.037739e-01,6.256249e-03,1.705249e-02,9.467525e-03,8.243378e-03,5.060181e-02,5.124083e-01,7.121503e-02,2.362361e-03,3.240147e-03,9.831063e-03,3.489155e-02,5.738296e-02,1.722401e-03,1.155082e-02
2.552073e-01,7.550133e-03,1.481424e-02,1.365591e-02,1.003203e-02,5.529870e-02,3.839643e-01,6.220646e-02,5.728265e-03,1.131090e-02,1.487187e-02,6.860317e-02,7.355133e-02,2.762175e-03,2.044317e-02
3.150012e-01,1.044361e-02,1.219732e-02,2.331695e-02,1.051316e-02,5.471914e-02,2.723650e-01,5.013132e-02,8.719048e-03,9.838345e-03,1.590709e-02,9.905626e-02,8.624087e-02,3.573170e-03,2.797744e-02
3.030948e-01,1.095623e-02,1.907436e-02,3.644300e-02,1.243876e-02,6.939929e-02,1.931283e-01,4.038256e-02,1.158799e-02,7.913214e-03,1.599289e-02,1.550483e-01,9.496389e-02,3.533457e-03,2.604293e-02
3.872601e-01,1.225091e-02,1.592715e-02,3.856492e-02,1.020327e-02,6.364395e-02,1.380709e-01,3.208056e-02,1.081418e-02,6.278968e-03,1.567858e-02,1.489346e-01,8.849570e-02,3.802822e-03,2.799335e-02
4.800917e-01,1.259311e-02,1.317680e-02,3.416571e-02,8.668690e-03,5.257380e-02,1.004940e-01,2.614026e-02,9.504684e-03,6.411029e-03,1.411324e-02,1.311100e-01,7.619856e-02,4.710972e-03,3.004747e-02
4.939404e-01,1.263269e-02,1.367520e-02,3.420815e-02,8.153859e-03,4.832258e-02,7.774236e-02,2.228731e-02,1.545559e-02,1.530771e-02,1.438962e-02,1.163400e-01,6.661621e-02,8.803021e-03,5.212539e-02
4.851383e-01,1.117319e-02,1.134236e-02,3.855654e-02,7.979704e-03,4.764774e-02,6.271394e-02,1.688642e-02,2.717961e-02,2.031163e-02,1.798679e-02,1.346241e-01,6.151946e-02,8.407207e-03,4.853298e-02
4.629026e-01,9.097352e-03,9.541576e-03,3.598177e-02,7.716675e-03,4.384258e-02,4.863061e-02,1.289504e-02,3.132489e-02,2.223789e-02,2.050320e-02,1.704462e-01,7.397389e-02,8.369586e-03,4.253610e-02
4.379631e-01,9.653779e-03,9.113301e-03,4.948454e-02,1.109146e-02,4.113012e-02,3.713956e-02,1.196471e-02,4.076122e-02,2.351157e-02,2.889055e-02,1.718193e-01,7.524778e-02,9.703266e-03,4.252578e-02
4.105304e-01,9.894335e-03,8.429503e-03,5.165655e-02,1.812306e-02,3.862547e-02,2.943872e-02,1.342325e-02,5.916996e-02,3.251814e-02,2.821183e-02,1.679379e-01,8.046307e-02,1.079476e-02,4.078307e-02
4.453974e-01,9.776281e-03,1.115587e-02,4.756515e-02,1.855781e-02,3.163144e-02,2.154392e-02,2.593819e-02,5.561784e-02,3.827441e-02,3.512446e-02,1.371236e-01,7.761744e-02,9.945021e-03,3.473124e-02
4.711590e-01,1.488021e-02,1.166840e-02,5.860705e-02,2.075593e-02,2.643601e-02,1.643219e-02,2.596975e-02,7.183126e-02,3.439444e-02,3.046099e-02,1.038724e-01,6.444786e-02,8.012434e-03,4.107209e-02
4.531597e-01,1.779878e-02,1.402592e-02,5.505235e-02,2.771331e-02,2.712951e-02,1.333443e-02,2.354811e-02,9.029187e-02,3.021868e-02,2.803666e-02,7.993691e-02,5.974612e-02,6.533393e-03,7.347426e-02
4.457349e-01,1.902573e-02,4.357371e-02,8.972599e-02,3.426319e-02,3.118138e-02,1.196681e-02,2.542847e-02,7.701188e-02,2.528018e-02,2.480483e-02,6.215297e-02,4.613249e-02,5.566755e-03,5.815077e-02
4.954679e-01,2.166313e-02,3.634980e-02,8.337589e-02,4.437866e-02,2.784156e-02,1.143667e-02,2.200108e-02,6.617796e-02,2.693566e-02,2.022693e-02,5.164370e-02,3.717001e-02,5.094066e-03,5.023702e-02
3.914168e-01,4.761859e-02,7.119444e-02,1.710472e-01,5.292882e-02,3.068356e-02,1.128744e-02,1.807817e-02,5.362387e-02,2.522951e-02,1.566852e-02,3.958750e-02,2.730245e-02,3.982770e-03,4.035040e-02
3.494018e-01,4.830518e-02,7.995585e-02,2.456757e-01,5.404821e-02,2.912432e-02,1.364798e-02,1.669646e-02,3.997827e-02,2.225545e-02,1.228357e-02,3.249385e-02,2.140239e-02,3.036097e-03,3.169494e-02
4.007056e-01,4.725950e-02,7.077746e-02,2.095926e-01,5.630676e-02,2.826598e-02,1.500995e-02,1.496786e-02,3.284020e-02,2.887246e-02,1.095750e-02,2.690738e-02,2.298561e-02,2.911158e-03,3.164005e-02
3.797175e-01,4.669293e-02,5.848859e-02,2.511523e-01,6.215626e-02,2.272772e-02,1.526054e-02,3.046228e-02,2.607271e-02,2.614623e-02,1.021065e-02,2.608877e-02,1.844287e-02,2.348114e-03,2.403254e-02
3.960428e-01,4.259709e-02,4.569996e-02,2.421939e-01,6.218941e-02,1.875384e-02,1.471385e-02,3.262968e-02,2.737737e-02,4.365475e-02,9.600932e-03,2.532603e-02,1.556152e-02,2.162632e-03,2.149615e-02
4.814863e-01,4.220439e-02,3.567315e-02,2.036335e-01,5.962816e-02,1.557116e-02,1.164946e-02,2.719115e-02,2.258805e-02,3.207598e-02,9.401158e-03,2.402481e-02,1.444791e-02,1.970316e-03,1.845451e-02
3.965909e-01,3.500016e-02,5.388016e-02,3.187441e-01,5.273444e-02,1.154934e-02,8.473281e-03,2.651461e-02,2.014575e-02,2.298240e-02,8.337955e-03,1.806275e-02,1.092408e-02,1.592229e-03,1.446780e-02
4.034509e-01,2.850547e-02,8.355141e-02,3.199576e-01,4.044134e-02,9.657020e-03,6.144854e-03,2.145795e-02,1.884814e-02,1.706189e-02,1.054939e-02,1.476959e-02,8.824538e-03,1.988554e-03,1.479140e-02
3.944679e-01,2.224860e-02,7.121816e-02,3.793581e-01,3.437014e-02,7.734708e-03,4.433328e-03,1.653462e-02,1.518303e-02,1.243548e-02,8.575143e-03,1.185884e-02,7.329836e-03,2.049570e-03,1.220257e-02
4.171693e-01,1.825807e-02,6.226637e-02,3.910099e-01,2.848652e-02,7.743809e-03,3.288826e-03,1.310380e-02,1.172711e-02,9.451881e-03,7.380432e-03,1.048371e-02,6.629528e-03,2.375933e-03,1.062484e-02
3.550903e-01,2.275530e-02,4.645688e-02,4.731444e-01,2.247980e-02,8.069443e-03,2.467059e-03,9.900342e-03,1.083253e-02,7.616657e-03,9.776447e-03,1.051060e-02,6.603223e-03,2.627318e-03,1.166983e-02
2.552118e-01,2.225531e-02,4.221024e-02,4.064058e-01,1.728943e-02,2.591349e-02,2.037230e-03,7.968223e-03,9.702716e-03,7.559144e-03,2.715267e-02,1.548812e-01,5.795413e-03,2.798323e-03,1.281898e-02
1.802408e-01,3.154486e-02,3.821716e-02,4.156043e-01,1.302435e-02,2.216217e-02,1.580516e-03,6.402235e-03,1.102684e-02,8.117914e-03,5.147966e-02,2.017398e-01,4.936691e-03,3.004667e-03,1.091809e-02
1.266367e-01,2.339927e-02,2.881280e-02,3.401279e-01,9.920528e-03,1.631929e-02,1.124879e-03,4.621648e-03,8.452995e-03,6.221687e-03,6.630395e-02,3.527454e-01,4.421387e-03,2.942305e-03,7.949260e-03
8.941807e-02,1.660716e-02,2.087699e-02,2.479751e-01,7.868542e-03,1.233446e-02,8.028068e-04,3.289558e-03,6.460294e-03,4.673966e-03,7.981167e-02,4.969249e-01,3.621527e-03,3.559657e-03,5.775259e-03
6.278820e-02,1.167800e-02,1.467938e-02,1.751681e-01,1.004124e-02,9.482873e-03,5.734210e-04,2.364613e-03,4.822220e-03,3.377170e-03,7.510692e-02,6.200153e-01,2.671338e-03,3.112818e-03,4.118432e-03
4.404133e-02,8.271107e-03,1.031489e-02,1.227644e-01,5.723930e-02,6.937888e-03,4.152667e-04,1.660717e-03,3.518081e-03,2.576463e-03,6.167855e-02,6.729528e-01,1.926437e-03,2.531183e-03,3.171597e-03
3.096418e-02,6.019947e-03,7.383989e-03,8.603412e-02,1.199316e-01,5.054853e-03,3.054216e-04,1.181134e-03,2.671305e-03,2.052269e-03,5.674032e-02,6.747423e-01,1.445923e-03,2.833784e-03,2.638850e-03
2.209767e-02,4.341264e-03,5.311640e-03,6.039574e-02,2.220270e-01,3.846881e-03,2.455063e-04,1.134792e-03,2.115383e-03,1.643567e-03,5.588004e-02,6.148263e-01,1.187436e-03,3.000640e-03,1.946132e-03
1.595028e-02,3.179557e-03,3.782323e-03,4.247010e-02,3.545770e-01,3.007009e-03,1.848312e-04,1.134500e-03,1.846854e-03,1.352456e-03,6.315078e-02,5.042379e-01,1.026123e-03,2.614075e-03,1.486248e-03
1.182427e-02,2.491880e-03,3.040616e-03,3.004286e-02,4.062323e-01,3.300465e-03,1.905508e-04,1.672984e-03,1.852121e-03,1.305005e-03,5.900606e-02,4.745015e-01,9.240046e-04,2.332019e-03,1.283276e-03
1.026935e-02,2.672876e-03,3.295011e-03,2.121437e-02,4.151616e-01,1.233532e-02,3.389916e-04,4.453245e-03,1.831069e-03,2.180819e-03,4.665126e-02,4.751460e-01,8.733415e-04,2.367072e-03,1.209677e-03
9.679909e-03,2.172538e-03,2.734976e-03,1.500855e-02,4.112096e-01,2.050341e-02,6.978518e-04,6.513214e-03,2.358679e-03,4.036192e-03,3.868361e-02,4.820266e-01,8.382967e-04,2.483883e-03,1.052667e-03
1.349669e-02,2.205873e-03,3.133736e-03,1.136006e-02,4.372517e-01,4.405161e-02,1.301558e-03,2.153806e-02,2.303743e-03,4.623478e-03,3.457163e-02,4.200370e-01,9.324477e-04,2.377043e-03,8.153360e-04
3.433442e-02,2.927582e-03,6.534493e-03,1.001705e-02,3.965833e-01,5.937205e-02,2.420994e-03,4.856478e-02,4.537042e-03,8.801432e-03,3.043276e-02,3.910662e-01,1.091193e-03,2.537194e-03,7.795092e-04
5.494862e-02,4.279135e-03,7.054818e-03,1.139746e-02,3.355429e-01,8.308605e-02,9.324139e-03,7.440473e-02,1.978599e-02,1.873851e-02,2.893269e-02,3.456209e-01,2.234330e-03,3.517954e-03,1.131695e-03
8.210513e-02,4.067603e-03,1.026242e-02,3.096643e-02,2.559035e-01,8.161657e-02,1.419219e-02,1.684558e-01,1.609695e-02,4.144434e-02,3.133278e-02,2.556950e-01,2.485907e-03,3.813978e-03,1.561260e-03
9.575535e-02,4.375123e-03,1.693446e-02,5.799666e-02,2.435892e-01,8.041174e-02,1.532296e-02,1.860136e-01,1.576306e-02,5.639188e-02,3.116946e-02,1.871222e-01,2.853914e-03,4.003327e-03,2.296953e-03
7.124721e-02,3.250224e-03,1.334497e-02,8.062823e-02,2.258362e-01,6.362015e-02,1.103041e-02,3.138959e-01,1.182555e-02,4.017067e-02,2.589831e-02,1.325594e-01,2.141562e-03,2.911397e-03,1.639731e-03
5.749790e-02,2.562350e-03,1.100967e-02,6.680697e-02,2.074955e-01,4.735841e-02,7.940696e-03,4.374296e-01,9.577226e-03,2.907876e-02,2.377946e-02,9.425344e-02,1.740290e-03,2.259992e-03,1.209723e-03
5.316512e-02,2.132274e-03,9.265242e-03,5.582533e-02,1.692042e-01,3.348548e-02,5.970770e-03,5.536107e-01,7.705865e-03,2.158984e-02,1.762965e-02,6.633275e-02,1.388924e-03,1.813685e-03,8.801609e-04
5.521447e-02,1.722951e-03,7.482673e-03,4.363476e-02,1.414630e-01,2.377294e-02,4.616546e-03,6.370801e-01,6.255921e-03,1.559315e-02,1.294249e-02,4.669531e-02,1.212623e-03,1.670384e-03,6.426736e-04
7.558216e-02,1.793796e-03,6.594302e-03,3.537422e-02,1.204797e-01,1.729457e-02,3.857315e-03,6.696493e-01,6.497269e-03,1.196142e-02,1.282743e-02,3.352093e-02,1.285978e-03,2.708759e-03,5.729175e-04
1.021250e-01,3.598339e-03,6.701689e-03,3.048597e-02,1.060599e-01,1.351554e-02,3.461938e-03,6.758540e-01,7.453599e-03,8.570940e-03,1.036201e-02,2.410430e-02,1.767814e-03,5.236677e-03,7.023955e-04
1.122974e-01,3.939037e-03,6.814188e-03,2.458683e-02,1.022006e-01,1.064565e-02,3.222651e-03,6.881711e-01,7.836647e-03,6.133364e-03,8.041591e-03,1.735627e-02,2.342331e-03,5.682439e-03,7.299967e-04
1.048941e-01,4.036595e-03,6.885387e-03,1.895078e-02,1.005732e-01,9.949869e-03,9.383876e-03,7.068464e-01,7.198068e-03,4.359469e-03,6.193528e-03,1.262596e-02,2.602572e-03,4.617913e-03,8.824239e-04
1.011605e-01,4.113297e-03,1.040382e-02,1.689458e-02,9.046288e-02,1.024765e-02,9.991189e-03,7.242848e-01,6.332405e-03,3.234333e-03,4.999403e-03,9.703954e-03,2.911804e-03,3.963731e-03,1.295632e-03
9.850236e-02,3.831696e-03,1.369994e-02,1.465298e-02,8.056585e-02,1.188993e-02,1.825949e-02,7.317275e-01,5.457262e-03,2.401596e-03,3.815227e-03,7.283836e-03,3.417752e-03,3.240862e-03,1.253707e-03
8.008063e-02,2.994719e-03,1.164748e-02,1.131523e-02,7.637034e-02,9.765249e-03,1.524340e-02,7.725128e-01,4.230693e-03,1.705091e-03,2.791939e-03,5.236088e-03,2.726990e-03,2.347613e-03,1.031736e-03
6.167586e-02,2.423432e-03,1.021052e-02,9.215157e-03,1.110205e-01,7.647797e-03,1.227899e-02,7.704824e-01,3.344722e-03,1.214031e-03,2.065829e-03,3.736200e-03,2.204825e-03,1.692288e-03,7.875157e-04
7.218490e-02,2.446125e-03,9.620599e-03,7.855451e-03,1.029862e-01,7.979871e-03,1.065872e-02,7.482582e-01,5.605435e-03,1.075080e-03,1.214051e-02,5.413118e-03,1.052976e-02,1.924074e-03,1.322050e-03
5.848335e-02,1.872511e-03,7.166602e-03,1.043926e-02,7.739637e-02,9.974547e-03,8.102100e-03,5.496067e-01,5.808855e-03,1.150365e-03,2.907993e-02,2.039175e-02,2.126503e-01,1.657436e-03,6.220009e-03
4.447301e-02,1.369918e-03,5.179082e-03,8.757863e-03,5.665770e-02,8.508367e-03,6.573636e-03,3.918769e-01,4.701952e-03,1.195705e-03,5.622163e-02,3.545071e-02,3.657252e-01,1.847942e-03,1.146043e-02
3.171551e-02,9.805751e-04,3.679534e-03,6.274089e-03,4.007326e-02,6.324335e-03,5.074842e-03,2.749934e-01,4.641470e-03,9.822641e-04,7.052030e-02,4.306062e-02,5.004478e-01,1.426654e-03,9.805370e-03
2.303988e-02,7.255967e-04,2.940277e-03,4.563785e-03,3.315888e-02,4.694629e-03,3.961406e-03,1.935371e-01,1.395466e-02,8.815633e-04,8.851863e-02,4.246841e-02,5.767282e-01,1.066600e-03,9.760370e-03
1.728655e-02,9.392967e-04,3.838561e-03,3.311449e-03,2.744066e-02,7.289600e-03,3.287322e-03,1.373139e-01,2.193129e-02,1.669042e-03,8.480980e-02,1.295972e-01,5.449336e-01,9.069437e-04,1.544473e-02
1.275196e-02,8.352923e-04,3.072528e-03,2.361789e-03,2.112441e-02,6.338735e-03,2.655185e-03,9.791034e-02,2.123085e-02,2.267011e-03,6.463022e-02,1.907402e-01,5.491619e-01,9.329231e-04,2.398661e-02
9.273916e-03,8.439781e-04,2.718055e-03,1.744802e-03,1.962735e-02,6.963769e-03,3.124090e-03,7.071139e-02,2.479959e-02,3.977541e-03,4.792949e-02,2.627295e-01,5.204023e-01,2.687460e-03,2.246678e-02
6.876201e-03,8.216815e-04,2.408323e-03,1.268791e-03,5.155531e-02,6.649188e-03,4.085403e-03,5.304185e-02,4.661456e-02,4.605532e-03,3.783470e-02,2.864433e-01,4.785041e-01,2.417223e-03,1.687383e-02
5.396694e-03,8.801323e-04,2.295339e-03,9.238585e-04,6.850407e-02,9.100091e-03,6.035191e-03,4.102350e-02,6.154999e-02,5.147302e-03,3.033675e-02,3.212894e-01,4.327296e-01,2.318324e-03,1.246971e-02
