1.000000e+00,0.000000e+00,0.000000e+00,0.000000e+00,0.000000e+00,0.000000e+00,0.000000e+00,0.000000e+00,0.000000e+00,0.000000e+00,0.000000e+00,0.000000e+00,0.000000e+00,0.000000e+00,0.000000e+00
1.000000e+00,0.000000e+00,0.000000e+00,0.000000e+00,0.000000e+00,0.000000e+00,0.000000e+00,0.000000e+00,0.000000e+00,0.000000e+00,0.000000e+00,0.000000e+00,0.000000e+00,0.000000e+00,0.000000e+00
1.000000e+00,0.000000e+00,0.000000e+00,0.000000e+00,0.000000e+00,0.000000e+00,0.000000e+00,0.000000e+00,0.000000e+00,0.000000e+00,0.000000e+00,0.000000e+00,0.000000e+00,0.000000e+00,0.000000e+00
1.000000e+00,0.000000e+00,0.000000e+00,0.000000e+00,0.000000e+00,0.000000e+00,0.000000e+00,0.000000e+00,0.000000e+00,0.000000e+00,0.000000e+00,0.000000e+00,0.000000e+00,0.000000e+00,0.000000e+00
1.000000e+00,0.000000e+00,0.000000e+00,0.000000e+00,0.000000e+00,0.000000e+00,0.000000e+00,0.000000e+00,0.000000e+00,0.000000e+00,0.000000e+00,0.000000e+00,0.000000e+00,0.000000e+00,0.000000e+00
1.000000e+00,0.000000e+00,0.000000e+00,0.000000e+00,0.000000e+00,0.000000e+00,0.000000e+00,0.000000e+00,0.000000e+00,0.000000e+00,0.000000e+00,0.000000e+00,0.000000e+00,0.000000e+00,0.000000e+00
1.000000e+00,0.000000e+00,0.000000e+00,0.000000e+00,0.000000e+00,0.000000e+00,0.000000e+00,0.000000e+00,0.000000e+00,0.000000e+00,0.000000e+00,0.000000e+00,0.000000e+00,0.000000e+00,0.000000e+00
1.000000e+00,0.000000e+00,0.000000e+00,0.000000e+00,0.000000e+00,0.000000e+00,0.000000e+00,0.000000e+00,0.000000e+00,0.000000e+00,0.000000e+00,0.000000e+00,0.000000e+00,0.000000e+00,0.000000e+00
1.000000e+00,0.000000e+00,0.000000e+00,0.000000e+00,0.000000e+00,0.000000e+00,0.000000e+00,0.000000e+00,0.000000e+00,0.000000e+00,0.000000e+00,0.000000e+00,0.000000e+00,0.000000e+00,0.000000e+00
1.000000e+00,0.000000e+00,0.000000e+00,0.000000e+00,0.000000e+00,0.000000e+00,0.000000e+00,0.000000e+00,0.000000e+00,0.000000e+00,0.000000e+00,0.000000e+00,0.000000e+00,0.000000e+00,0.000000e+00
1.000000e+00,0.000000e+00,0.000000e+00,0.000000e+00,0.000000e+00,0.000000e+00,0.000000e+00,0.000000e+00,0.000000e+00,0.000000e+00,0.000000e+00,0.000000e+00,0.000000e+00,0.000000e+00,0.000000e+00
1.000000e+00,0.000000e+00,0.000000e+00,0.000000e+00,0.000000e+00,0.000000e+00,0.000000e+00,0.000000e+00,0.000000e+00,0.000000e+00,0.000000e+00,0.000000e+00,0.000000e+00,0.000000e+00,0.000000e+00
1.000000e+00,0.000000e+00,0.000000e+00,0.000000e+00,0.000000e+00,0.000000e+00,0.000000e+00,0.000000e+00,0.000000e+00,0.000000e+00,0.000000e+00,0.000000e+00,0.000000e+00,0.000000e+00,0.000000e+00
1.000000e+00,0.000000e+00,0.000000e+00,0.000000e+00,0.000000e+00,0.000000e+00,0.000000e+00,0.000000e+00,0.000000e+00,0.000000e+00,0.000000e+00,0.000000e+00,0.000000e+00,0.000000e+00,0.000000e+00
1.000000e+00,0.000000e+00,0.000000e+00,0.000000e+00,0.000000e+00,0.000000e+00,0.000000e+00,0.000000e+00,0.000000e+00,0.000000e+00,0.000000e+00,0.000000e+00,0.000000e+00,0.000000e+00,0.000000e+00
1.000000e+00,0.000000e+00,0.000000e+00,0.000000e+00,0.000000e+00,0.000000e+00,0.000000e+00,0.000000e+00,0.000000e+00,0.000000e+00,0.000000e+00,0.000000e+00,0.000000e+00,0.000000e+00,0.000000e+00
1.000000e+00,0.000000e+00,0.000000e+00,0.000000e+00,0.000000e+00,0.000000e+00,0.000000e+00,0.000000e+00,0.000000e+00,0.000000e+00,0.000000e+00,0.000000e+00,0.000000e+00,0.000000e+00,0.000000e+00
1.000000e+00,0.000000e+00,0.000000e+00,0.000000e+00,0.000000e+00,0.000000e+00,0.000000e+00,0.000000e+00,0.000000e+00,0.000000e+00,0.000000e+00,0.000000e+00,0.000000e+00,0.000000e+00,0.000000e+00
1.000000e+00,0.000000e+00,0.000000e+00,0.000000e+00,0.000000e+00,0.000000e+00,0.000000e+00,0.000000e+00,0.000000e+00,0.000000e+00,0.000000e+00,0.000000e+00,0.000000e+00,0.000000e+00,0.000000e+00
1.000000e+00,0.000000e+00,0.000000e+00,0.000000e+00,0.000000e+00,0.000000e+00,0.000000e+00,0.000000e+00,0.000000e+00,0.000000e+00,0.000000e+00,0.000000e+00,0.000000e+00,0.000000e+00,0.000000e+00
1.000000e+00,0.000000e+00,0.000000e+00,0.000000e+00,0.000000e+00,0.000000e+00,0.000000e+00,0.000000e+00,0.000000e+00,0.000000e+00,0.000000e+00,0.000000e+00,0.000000e+00,0.000000e+00,0.000000e+00
1.000000e+00,0.000000e+00,0.000000e+00,0.000000e+00,0.000000e+00,0.000000e+00,0.000000e+00,0.000000e+00,0.000000e+00,0.000000e+00,0.000000e+00,0.000000e+00,0.000000e+00,0.000000e+00,0.000000e+00
1.000000e+00,0.000000e+00,0.000000e+00,0.000000e+00,0.000000e+00,0.000000e+00,0.000000e+00,0.000000e+00,0.000000e+00,0.000000e+00,0.000000e+00,0.000000e+00,0.000000e+00,0.000000e+00,0.000000e+00
1.000000e+00,0.000000e+00,0.000000e+00,0.000000e+00,0.000000e+00,0.000000e+00,0.000000e+00,0.000000e+00,0.000000e+00,0.000000e+00,0.000000e+00,0.000000e+00,0.000000e+00,0.000000e+00,0.000000e+00
1.000000e+00,0.000000e+00,0.000000e+00,0.000000e+00,0.000000e+00,0.000000e+00,0.000000e+00,0.000000e+00,0.000000e+00,0.000000e+00,0.000000e+00,0.000000e+00,0.000000e+00,0.000000e+00,0.000000e+00
1.000000e+00,0.000000e+00,0.000000e+00,0.000000e+00,0.000000e+00,0.000000e+00,0.000000e+00,0.000000e+00,0.000000e+00,0.000000e+00,0.000000e+00,0.000000e+00,0.000000e+00,0.000000e+00,0.000000e+00
1.000000e+00,0.000000e+00,0.000000e+00,0.000000e+00,0.000000e+00,0.000000e+00,0.000000e+00,0.000000e+00,0.000000e+00,0.000000e+00,0.000000e+00,0.000000e+00,0.000000e+00,0.000000e+00,0.000000e+00
1.000000e+00,0.000000e+00,0.000000e+00,0.000000e+00,0.000000e+00,0.000000e+00,0.000000e+00,0.000000e+00,0.000000e+00,0.000000e+00,0.000000e+00,0.000000e+00,0.000000e+00,0.000000e+00,0.000000e+00
1.000000e+00,0.000000e+00,0.000000e+00,0.000000e+00,0.000000e+00,0.000000e+00,0.000000e+00,0.000000e+00,0.000000e+00,0.000000e+00,0.000000e+00,0.000000e+00,0.000000e+00,0.000000e+00,0.000000e+00
1.000000e+00,0.000000e+00,0.000000e+00,0.000000e+00,0.000000e+00,0.000000e+00,0.000000e+00,0.000000e+00,0.000000e+00,0.000000e+00,0.000000e+00,0.000000e+00,0.000000e+00,0.000000e+00,0.000000e+00
1.000000e+00,0.000000e+00,0.000000e+00,0.000000e+00,0.000000e+00,0.000000e+00,0.000000e+00,0.000000e+00,0.000000e+00,0.000000e+00,0.000000e+00,0.000000e+00,0.000000e+00,0.000000e+00,0.000000e+00
1.000000e+00,0.000000e+00,0.000000e+00,0.000000e+00,0.000000e+00,0.000000e+00,0.000000e+00,0.000000e+00,0.000000e+00,0.000000e+00,0.000000e+00,0.000000e+00,0.000000e+00,0.000000e+00,0.000000e+00
1.000000e+00,0.000000e+00,0.000000e+00,0.000000e+00,0.000000e+00,0.000000e+00,0.000000e+00,0.000000e+00,0.000000e+00,0.000000e+00,0.000000e+00,0.000000e+00,0.000000e+00,0.000000e+00,0.000000e+00
1.000000e+00,0.000000e+00,0.000000e+00,0.000000e+00,0.000000e+00,0.000000e+00,0.000000e+00,0.000000e+00,0.000000e+00,0.000000e+00,0.000000e+00,0.000000e+00,0.000000e+00,0.000000e+00,0.000000e+00
1.000000e+00,0.000000e+00,0.000000e+00,0.000000e+00,0.000000e+00,0.000000e+00,0.000000e+00,0.000000e+00,0.000000e+00,0.000000e+00,0.000000e+00,0.000000e+00,0.000000e+00,0.000000e+00,0.000000e+00
1.000000e+00,0.000000e+00,0.000000e+00,0.000000e+00,0.000000e+00,0.000000e+00,0.000000e+00,0.000000e+00,0.000000e+00,0.000000e+00,0.000000e+00,0.000000e+00,0.000000e+00,0.000000e+00,0.000000e+00
1.000000e+00,0.000000e+00,0.000000e+00,0.000000e+00,0.000000e+00,0.000000e+00,0.000000e+00,0.000000e+00,0.000000e+00,0.000000e+00,0.000000e+00,0.000000e+00,0.000000e+00,0.000000e+00,0.000000e+00
1.000000e+00,0.000000e+00,0.000000e+00,0.000000e+00,0.000000e+00,0.000000e+00,0.000000e+00,0.000000e+00,0.000000e+00,0.000000e+00,0.000000e+00,0.000000e+00,0.000000e+00,0.000000e+00,0.000000e+00
1.000000e+00,0.000000e+00,0.000000e+00,0.000000e+00,0.000000e+00,0.000000e+00,0.000000e+00,0.000000e+00,0.000000e+00,0.000000e+00,0.000000e+00,0.000000e+00,0.000000e+00,0.000000e+00,0.000000e+00
1.000000e+00,0.000000e+00,0.000000e+00,0.000000e+00,0.000000e+00,0.000000e+00,0.000000e+00,0.000000e+00,0.000000e+00,0.000000e+00,0.000000e+00,0.000000e+00,0.000000e+00,0.000000e+00,0.000000e+00
1.000000e+00,0.000000e+00,0.000000e+00,0.000000e+00,0.000000e+00,0.000000e+00,0.000000e+00,0.000000e+00,0.000000e+00,0.000000e+00,0.000000e+00,0.000000e+00,0.000000e+00,0.000000e+00,0.000000e+00
1.000000e+00,0.000000e+00,0.000000e+00,0.000000e+00,0.000000e+00,0.000000e+00,0.000000e+00,0.000000e+00,0.000000e+00,0.000000e+00,0.000000e+00,0.000000e+00,0.000000e+00,0.000000e+00,0.000000e+00
1.000000e+00,0.000000e+00,0.000000e+00,0.000000e+00,0.000000e+00,0.000000e+00,0.000000e+00,0.000000e+00,0.000000e+00,0.000000e+00,0.000000e+00,0.000000e+00,0.000000e+00,0.000000e+00,0.000000e+00
1.000000e+00,0.000000e+00,0.000000e+00,0.000000e+00,0.000000e+00,0.000000e+00,0.000000e+00,0.000000e+00,0.000000e+00,0.000000e+00,0.000000e+00,0.000000e+00,0.000000e+00,0.000000e+00,0.000000e+00
1.000000e+00,0.000000e+00,0.000000e+00,0.000000e+00,0.000000e+00,0.000000e+00,0.000000e+00,0.000000e+00,0.000000e+00,0.000000e+00,0.000000e+00,0.000000e+00,0.000000e+00,0.000000e+00,0.000000e+00
1.000000e+00,0.000000e+00,0.000000e+00,0.000000e+00,0.000000e+00,0.000000e+00,0.000000e+00,0.000000e+00,0.000000e+00,0.000000e+00,0.000000e+00,0.000000e+00,0.000000e+00,0.000000e+00,0.000000e+00
1.000000e+00,0.000000e+00,0.000000e+00,0.000000e+00,0.000000e+00,0.000000e+00,0.000000e+00,0.000000e+00,0.000000e+00,0.000000e+00,0.000000e+00,0.000000e+00,0.000000e+00,0.000000e+00,0.000000e+00
1.000000e+00,0.000000e+00,0.000000e+00,0.000000e+00,0.000000e+00,0.000000e+00,0.000000e+00,0.000000e+00,0.000000e+00,0.000000e+00,0.000000e+00,0.000000e+00,0.000000e+00,0.000000e+00,0.000000e+00
1.000000e+00,0.000000e+00,0.000000e+00,0.000000e+00,0.000000e+00,0.000000e+00,0.000000e+00,0.000000e+00,0.000000e+00,0.000000e+00,0.000000e+00,0.000000e+00,0.000000e+00,0.000000e+00,0.000000e+00
1.000000e+00,0.000000e+00,0.000000e+00,0.000000e+00,0.000000e+00,0.000000e+00,0.000000e+00,0.000000e+00,0.000000e+00,0.000000e+00,0.000000e+00,0.000000e+00,0.000000e+00,0.000000e+00,0.000000e+00
1.000000e+00,0.000000e+00,0.000000e+00,0.000000e+00,0.000000e+00,0.000000e+00,0.000000e+00,0.000000e+00,0.000000e+00,0.000000e+00,0.000000e+00,0.000000e+00,0.000000e+00,0.000000e+00,0.000000e+00
1.000000e+00,0.000000e+00,0.000000e+00,0.000000e+00,0.000000e+00,0.000000e+00,0.000000e+00,0.000000e+00,0.000000e+00,0.000000e+00,0.000000e+00,0.000000e+00,0.000000e+00,0.000000e+00,0.000000e+00
1.000000e+00,0.000000e+00,0.000000e+00,0.000000e+00,0.000000e+00,0.000000e+00,0.000000e+00,0.000000e+00,0.000000e+00,0.000000e+00,0.000000e+00,0.000000e+00,0.000000e+00,0.000000e+00,0.000000e+00
1.000000e+00,0.000000e+00,0.000000e+00,0.000000e+00,0.000000e+00,0.000000e+00,0.000000e+00,0.000000e+00,0.000000e+00,0.000000e+00,0.000000e+00,0.000000e+00,0.000000e+00,0.000000e+00,0.000000e+00
1.000000e+00,0.000000e+00,0.000000e+00,0.000000e+00,0.000000e+00,0.000000e+00,0.000000e+00,0.000000e+00,0.000000e+00,0.000000e+00,0.000000e+00,0.000000e+00,0.000000e+00,0.000000e+00,0.000000e+00
1.000000e+00,0.000000e+00,0.000000e+00,0.000000e+00,0.000000e+00,0.000000e+00,0.000000e+00,0.000000e+00,0.000000e+00,0.000000e+00,0.000000e+00,0.000000e+00,0.000000e+00,0.000000e+00,0.000000e+00
1.000000e+00,0.000000e+00,0.000000e+00,0.000000e+00,0.000000e+00,0.000000e+00,0.000000e+00,0.000000e+00,0.000000e+00,0.000000e+00,0.000000e+00,0.000000e+00,0.000000e+00,0.000000e+00,0.000000e+00
1.000000e+00,0.000000e+00,0.000000e+00,0.000000e+00,0.000000e+00,0.000000e+00,0.000000e+00,0.000000e+00,0.000000e+00,0.000000e+00,0.000000e+00,0.000000e+00,0.000000e+00,0.000000e+00,0.000000e+00
1.000000e+00,0.000000e+00,0.000000e+00,0.000000e+00,0.000000e+00,0.000000e+00,0.000000e+00,0.000000e+00,0.000000e+00,0.000000e+00,0.000000e+00,0.000000e+00,0.000000e+00,0.000000e+00,0.000000e+00
4.459015e-01,4.892692e-03,4.115977e-03,1.086064e-02,4.757353e-02,3.358827e-01,8.963114e-03,1.592875e-02,2.405720e-03,1.716424e-03,1.106823e-02,8.038311e-02,1.354776e-02,3.456620e-03,1.330316e-02
3.129625e-01,4.648429e-03,3.559766e-03,7.803092e-03,3.896134e-02,4.497710e-01,6.750873e-03,1.128802e-02,1.796666e-03,1.359286e-03,1.115282e-02,1.272886e-01,1.019872e-02,2.894863e-03,9.563879e-03
2.191594e-01,3.445981e-03,2.665533e-03,5.493620e-03,2.886942e-02,5.586511e-01,4.962088e-03,7.916698e-03,1.280898e-03,9.797662e-04,9.522961e-03,1.410820e-01,7.195719e-03,2.045331e-03,6.729419e-03
1.536210e-01,2.692357e-03,2.008605e-03,3.989324e-03,2.146067e-02,5.139336e-01,3.737372e-03,5.623810e-03,1.321912e-03,8.188763e-04,7.964052e-03,2.709301e-01,5.496770e-03,1.606269e-03,4.795281e-03
1.076361e-01,1.995973e-03,1.497080e-03,2.873249e-03,1.593295e-02,4.117427e-01,2.803700e-03,4.030366e-03,1.343218e-03,6.783224e-04,6.208743e-03,4.344566e-01,4.162746e-03,1.255585e-03,3.382555e-03
7.541000e-02,1.429195e-03,1.077055e-03,2.018770e-03,1.132534e-02,2.915888e-01,2.165405e-03,2.853803e-03,1.088695e-03,5.322830e-04,4.754732e-03,5.991640e-01,3.173391e-03,1.044923e-03,2.373595e-03
5.282683e-02,1.054197e-03,8.159797e-04,1.415275e-03,8.105141e-03,2.044831e-01,1.595785e-03,2.011480e-03,9.249141e-04,8.733511e-04,4.103959e-03,7.158315e-01,2.630742e-03,1.646243e-03,1.681462e-03
3.706530e-02,7.908996e-04,6.683594e-04,9.936345e-04,6.246156e-03,1.437585e-01,1.235299e-03,1.448012e-03,1.157879e-03,1.415664e-03,4.069750e-03,7.958239e-01,2.226690e-03,1.905381e-03,1.194475e-03
2.614207e-02,6.446416e-04,5.080086e-04,7.010269e-04,4.631289e-03,1.035024e-01,9.522711e-04,1.054059e-03,4.537320e-03,3.475197e-03,6.593914e-03,8.415579e-01,2.111544e-03,2.718695e-03,8.696469e-04
1.869164e-02,6.626473e-04,4.927943e-04,4.966291e-04,4.567101e-03,8.303531e-02,9.201407e-04,8.409909e-04,1.029588e-02,4.182884e-03,8.666310e-03,8.614492e-01,2.168881e-03,2.884740e-03,6.447994e-04
1.335675e-02,5.643359e-04,4.601917e-04,3.554072e-04,8.241533e-03,7.099742e-02,1.476826e-03,8.926657e-04,1.969598e-02,5.754516e-03,1.222332e-02,8.590560e-01,2.935914e-03,3.504549e-03,4.845329e-04
9.415640e-03,4.772287e-04,3.860409e-04,2.651995e-04,8.950973e-03,7.465096e-02,1.614147e-03,1.055031e-03,2.042714e-02,5.032270e-03,1.252162e-02,8.522737e-01,9.752393e-03,2.822740e-03,3.548390e-04
6.668608e-03,7.450382e-04,3.946279e-04,2.180941e-04,1.574219e-02,1.084859e-01,1.454866e-03,1.229495e-03,4.303149e-02,4.188769e-03,1.753276e-02,7.811747e-01,1.625944e-02,2.585259e-03,2.887208e-04
4.722893e-03,5.977168e-04,4.574700e-04,1.896877e-04,1.964901e-01,7.870147e-02,3.144494e-03,1.937070e-02,5.867662e-02,3.197989e-03,1.579293e-02,6.028600e-01,1.347616e-02,2.054896e-03,2.667960e-04
3.365399e-03,5.079755e-04,3.572652e-04,1.770155e-04,3.880927e-01,5.699635e-02,5.272300e-03,1.396578e-02,7.204495e-02,2.328363e-03,1.425312e-02,4.300752e-01,1.080830e-02,1.531934e-03,2.233002e-04
2.470209e-03,5.310150e-04,2.749820e-04,1.791807e-04,5.161701e-01,4.097408e-02,6.452660e-03,9.807790e-03,9.914336e-02,1.643486e-03,1.114767e-02,3.019883e-01,7.963653e-03,1.075698e-03,1.776929e-04
2.652786e-03,5.298333e-04,2.357898e-04,1.013773e-03,6.368103e-01,3.445317e-02,1.741145e-02,7.034741e-03,7.159675e-02,1.180564e-03,8.345000e-03,2.115705e-01,6.240495e-03,7.580455e-04,1.667688e-04
6.880495e-03,1.015877e-03,2.558957e-04,2.204483e-03,7.230430e-01,2.501023e-02,2.320136e-02,5.032686e-03,5.281669e-02,8.541534e-04,6.200663e-03,1.482294e-01,4.558606e-03,5.353375e-04,1.612062e-04
2.581723e-02,2.586555e-03,6.162007e-04,8.089619e-03,7.587805e-01,1.912031e-02,2.806501e-02,4.152549e-03,3.931844e-02,6.453954e-04,4.564337e-03,1.040202e-01,3.587670e-03,3.985886e-04,2.373796e-04
9.836546e-02,4.049690e-03,9.449791e-04,8.882404e-03,7.187818e-01,1.645501e-02,2.227643e-02,3.224185e-03,4.341793e-02,5.340846e-04,4.135668e-03,7.434269e-02,3.873886e-03,3.647021e-04,3.510773e-04
1.378134e-01,4.390269e-03,1.205361e-03,2.517955e-02,6.882502e-01,1.609823e-02,1.749051e-02,3.320058e-03,3.462946e-02,5.280290e-04,6.431444e-03,5.789144e-02,5.504886e-03,5.705494e-04,6.965023e-04
1.128506e-01,9.107335e-03,1.130403e-03,1.107384e-01,6.349720e-01,2.762524e-02,1.678949e-02,5.544430e-03,2.597687e-02,4.112466e-04,5.867195e-03,4.307801e-02,4.751896e-03,4.569888e-04,6.998962e-04
8.415225e-02,1.670034e-02,1.156623e-03,1.428086e-01,6.008176e-01,7.363586e-02,1.292052e-02,4.164691e-03,1.964464e-02,8.266973e-04,5.675059e-03,3.167446e-02,4.636257e-03,3.733960e-04,8.130692e-04
8.353046e-02,1.718052e-02,2.252502e-03,1.045019e-01,4.707280e-01,2.350428e-01,1.017508e-02,3.168967e-03,1.687438e-02,1.687303e-03,1.830615e-02,2.460592e-02,9.409023e-03,6.680936e-04,1.868932e-03
6.407546e-02,1.271172e-02,1.784489e-03,7.780433e-02,3.421829e-01,3.036888e-01,8.246225e-03,2.403716e-03,1.794298e-02,5.667396e-03,7.279550e-02,2.125011e-02,4.632133e-02,7.692401e-04,2.235573e-02
5.288254e-02,9.763320e-03,1.553225e-03,6.253746e-02,2.437731e-01,3.411617e-01,6.944266e-03,2.559681e-03,2.829040e-02,1.861881e-02,9.378922e-02,2.302557e-02,8.899733e-02,1.029436e-03,2.507390e-02
6.498723e-02,7.466959e-03,1.310565e-03,5.050006e-02,1.730610e-01,2.657867e-01,5.390869e-03,2.279391e-03,2.248813e-02,1.549633e-02,8.917996e-02,3.804962e-02,2.170852e-01,1.608192e-03,4.530985e-02
5.313865e-02,5.870443e-03,1.242288e-03,3.948238e-02,1.230056e-01,2.010079e-01,4.215724e-03,2.357120e-03,1.978058e-02,1.284823e-02,9.168263e-02,4.557725e-02,3.531078e-01,3.250526e-03,4.343297e-02
4.655757e-02,4.614789e-03,1.274906e-03,2.878762e-02,8.740769e-02,1.445985e-01,3.280313e-03,1.858397e-03,2.115225e-02,1.297175e-02,8.106275e-02,5.681882e-02,4.726099e-01,4.728228e-03,3.227657e-02
4.316534e-02,4.193183e-03,1.674758e-03,2.133887e-02,6.195465e-02,1.029836e-01,2.680910e-03,1.660662e-03,3.304014e-02,1.495265e-02,8.842738e-02,6.727604e-02,4.998166e-01,2.063740e-02,3.619789e-02
6.249916e-02,4.310735e-03,4.637805e-03,2.572808e-02,4.792605e-02,7.613166e-02,2.349648e-03,1.167150e-02,7.410013e-02,1.544558e-02,7.585075e-02,6.946246e-02,4.711953e-01,1.884728e-02,3.984395e-02
4.984423e-02,4.994261e-03,3.906801e-03,2.383884e-02,3.653078e-02,5.614321e-02,1.771703e-03,8.773791e-03,1.470817e-01,1.661871e-02,7.808507e-02,6.929684e-02,4.101893e-01,3.467380e-02,5.825100e-02
3.627713e-02,6.507375e-03,4.284936e-03,2.762843e-02,2.823491e-02,4.128069e-02,1.411273e-03,6.600303e-03,1.564828e-01,1.724033e-02,1.257273e-01,7.623665e-02,3.511561e-01,5.773009e-02,6.320176e-02
2.655618e-02,6.737146e-03,6.182675e-03,2.406441e-02,2.636619e-02,2.978540e-02,1.062592e-03,7.421543e-03,1.743284e-01,1.834981e-02,1.519607e-01,9.126550e-02,3.248109e-01,5.925246e-02,5.185618e-02
1.926978e-02,8.516196e-03,9.834301e-03,2.003510e-02,2.181557e-02,2.104462e-02,7.837104e-04,6.324789e-03,2.528113e-01,1.477039e-02,1.582226e-01,9.686895e-02,2.598636e-01,6.866196e-02,4.117716e-02
1.553834e-02,8.710488e-03,2.953564e-02,2.094858e-02,2.109006e-02,1.596591e-02,6.088788e-04,1.095510e-02,2.330445e-01,1.498866e-02,1.536271e-01,1.260069e-01,2.279036e-01,8.640179e-02,3.467451e-02
1.227584e-02,7.041454e-03,2.725341e-02,1.925076e-02,3.117002e-02,1.220899e-02,5.145367e-04,1.112142e-02,2.189492e-01,3.281329e-02,1.720347e-01,1.430428e-01,1.816285e-01,7.266150e-02,5.803369e-02
1.062007e-02,6.155011e-03,2.981103e-02,1.578362e-02,6.324897e-02,8.874983e-03,4.989257e-04,1.398038e-02,2.036053e-01,4.524073e-02,1.639444e-01,1.793769e-01,1.469314e-01,6.512972e-02,4.679873e-02
9.203305e-03,5.206730e-03,2.972328e-02,1.472057e-02,7.969524e-02,7.081466e-03,6.166718e-04,1.864459e-02,1.634179e-01,9.411468e-02,1.518721e-01,1.874514e-01,1.188897e-01,6.863923e-02,5.072314e-02
8.497352e-03,5.108386e-03,3.529094e-02,1.316492e-02,8.928839e-02,5.539276e-03,7.008708e-04,2.077933e-02,1.350379e-01,1.588355e-01,1.252171e-01,1.468523e-01,9.191472e-02,8.397977e-02,7.979333e-02
1.162744e-02,4.800058e-03,6.740061e-02,3.291403e-02,9.175465e-02,4.657527e-03,1.266451e-03,4.941664e-02,1.060074e-01,1.987202e-01,1.095101e-01,1.074469e-01,7.018524e-02,7.949040e-02,6.480240e-02
1.187939e-02,5.016620e-03,5.542133e-02,3.027644e-02,1.726744e-01,3.792191e-03,1.115432e-03,4.280724e-02,8.505453e-02,2.062060e-01,8.853962e-02,7.679597e-02,5.113534e-02,6.366561e-02,1.056199e-01
1.584315e-02,7.345271e-03,6.517959e-02,2.406580e-02,2.471552e-01,3.827274e-03,1.741625e-03,3.789765e-02,6.861441e-02,1.912597e-01,7.336738e-02,5.679997e-02,3.873780e-02,5.068104e-02,1.174841e-01
1.331059e-02,5.879355e-03,4.858708e-02,1.769833e-02,4.272174e-01,3.476663e-03,2.461373e-03,3.141661e-02,5.681993e-02,1.467197e-01,5.429281e-02,4.045068e-02,2.803876e-02,3.667381e-02,8.695689e-02
9.685786e-03,4.177777e-03,3.409439e-02,1.243359e-02,5.890770e-01,2.560285e-03,2.528047e-03,2.247222e-02,4.487538e-02,1.044433e-01,3.859223e-02,2.842585e-02,1.973627e-02,2.571568e-02,6.118216e-02
7.406864e-03,4.008180e-03,2.576005e-02,8.819745e-03,6.527385e-01,2.117064e-03,4.252973e-03,2.305925e-02,7.590947e-02,7.355300e-02,2.732685e-02,2.011354e-02,1.395585e-02,1.811899e-02,4.285977e-02
6.817712e-03,3.915595e-03,1.916351e-02,6.334018e-03,6.845475e-01,1.754616e-03,6.051470e-03,2.509462e-02,1.087480e-01,5.166307e-02,1.916861e-02,1.417454e-02,9.835020e-03,1.271526e-02,3.001648e-02
9.410098e-03,3.994298e-03,1.389531e-02,4.518905e-03,7.115960e-01,1.613358e-03,5.667922e-03,2.237080e-02,1.299358e-01,3.643671e-02,1.353527e-02,1.005290e-02,6.929616e-03,9.019996e-03,2.102306e-02
1.745207e-02,3.565497e-03,1.030973e-02,3.482744e-03,6.952859e-01,1.567418e-03,1.036492e-02,3.000795e-02,1.591881e-01,2.579673e-02,9.569261e-03,7.270284e-03,5.024396e-03,6.378753e-03,1.473626e-02
3.822762e-02,4.094977e-03,7.674812e-03,2.661890e-03,6.250585e-01,1.684173e-03,9.208692e-03,2.600758e-02,2.350316e-01,1.915990e-02,6.991114e-03,5.555964e-03,3.672213e-03,4.633143e-03,1.033775e-02
1.207295e-01,1.418324e-02,5.841065e-03,2.702083e-03,5.046217e-01,1.832229e-03,6.798944e-03,1.941914e-02,2.840811e-01,1.363247e-02,6.916854e-03,5.253722e-03,3.002544e-03,3.565492e-03,7.419811e-03
1.767280e-01,2.319543e-02,4.861366e-03,2.453998e-03,4.275029e-01,2.303357e-03,4.854619e-03,1.439020e-02,3.118459e-01,9.984555e-03,6.779500e-03,4.652936e-03,2.355901e-03,2.743494e-03,5.347884e-03
2.326452e-01,2.478907e-02,3.901449e-03,2.351051e-03,3.856512e-01,3.606756e-03,3.484763e-03,1.067478e-02,3.003684e-01,7.250568e-03,1.165172e-02,5.469948e-03,2.090230e-03,2.095500e-03,3.969480e-03
2.655705e-01,3.412816e-02,3.321601e-03,6.124620e-03,3.725551e-01,1.546645e-02,3.825905e-03,2.719993e-02,2.428135e-01,5.218155e-03,1.082580e-02,5.684905e-03,2.509593e-03,1.700586e-03,3.055237e-03
3.383464e-01,4.045445e-02,3.047426e-03,6.063692e-03,3.248962e-01,2.249778e-02,3.441864e-03,4.857519e-02,1.885744e-01,3.839670e-03,8.883103e-03,4.789357e-03,2.741061e-03,1.364811e-03,2.484681e-03
4.178954e-01,3.569934e-02,3.398539e-03,5.633755e-03,2.662788e-01,5.002957e-02,1.489354e-02,3.824329e-02,1.354987e-01,4.319184e-03,8.017424e-03,4.961787e-03,9.397890e-03,1.212887e-03,4.519987e-03
1.000000e+00,0.000000e+00,0.000000e+00,0.000000e+00,0.000000e+00,0.000000e+00,0.000000e+00,0.000000e+00,0.000000e+00,0.000000e+00,0.000000e+00,0.000000e+00,0.000000e+00,0.000000e+00,0.000000e+00
1.000000e+00,0.000000e+00,0.000000e+00,0.000000e+00,0.000000e+00,0.000000e+00,0.000000e+00,0.000000e+00,0.000000e+00,0.000000e+00,0.000000e+00,0.000000e+00,0.000000e+00,0.000000e+00,0.000000e+00
3.919559e-01,1.298076e-02,1.498800e-03,2.716960e-03,2.958933e-01,1.689706e-01,8.523828e-03,1.450904e-02,4.805758e-02,2.725414e-03,1.034705e-02,7.867174e-03,2.037438e-02,8.606603e-04,1.271857e-02
3.116810e-01,9.210274e-03,1.074125e-03,2.059632e-03,3.508310e-01,2.108364e-01,6.573440e-03,1.065493e-02,3.418005e-02,2.106390e-03,1.425897e-02,1.320505e-02,1.951825e-02,1.385213e-03,1.242524e-02
2.421269e-01,6.851652e-03,7.609655e-04,1.473546e-03,3.123012e-01,3.359066e-01,4.772534e-03,7.620474e-03,2.410502e-02,1.507306e-03,1.136267e-02,2.127568e-02,1.914046e-02,1.403430e-03,9.391644e-03
1.724399e-01,5.481110e-03,5.439135e-04,1.036858e-03,2.317539e-01,3.796617e-01,3.547488e-03,5.411502e-03,1.702084e-02,1.895915e-03,2.157676e-02,1.287710e-01,2.243458e-02,1.583874e-03,6.840692e-03
1.225416e-01,4.651263e-03,3.918038e-04,7.392740e-04,1.704070e-01,3.560447e-01,2.676934e-03,3.855184e-03,1.238204e-02,2.723081e-03,2.878690e-02,2.591173e-01,2.879430e-02,1.764331e-03,5.124357e-03
8.659164e-02,4.279526e-03,3.058265e-04,6.469367e-04,1.254919e-01,2.685990e-01,2.082167e-03,2.728183e-03,1.120532e-02,3.111917e-03,3.451576e-02,3.986006e-01,5.637813e-02,1.430069e-03,4.032983e-03
6.145600e-02,3.549886e-03,2.410639e-04,6.553829e-04,9.239814e-02,2.116296e-01,1.679342e-03,1.955429e-03,1.156088e-02,3.660251e-03,3.438646e-02,4.913286e-01,8.070250e-02,1.283322e-03,3.513183e-03
4.404488e-02,5.027276e-03,3.307235e-04,9.836792e-04,6.725366e-02,1.643389e-01,1.342989e-03,1.407324e-03,3.261026e-02,4.270185e-03,3.775241e-02,5.350475e-01,1.001072e-01,1.612809e-03,3.870235e-03
3.129844e-02,4.322906e-03,2.629474e-04,7.728991e-04,5.077681e-02,1.182845e-01,2.289310e-03,1.551508e-03,2.031247e-01,3.390748e-03,2.959439e-02,4.639043e-01,8.461808e-02,1.283105e-03,4.525346e-03
2.226041e-02,1.633132e-02,6.821734e-04,1.040850e-03,3.899574e-02,8.652287e-02,2.649082e-03,1.394160e-03,3.157512e-01,3.317624e-03,2.402627e-02,4.062950e-01,7.393824e-02,1.166647e-03,5.628435e-03
1.570562e-02,7.575971e-02,1.619057e-03,2.118910e-03,2.928139e-02,6.969860e-02,1.915407e-03,1.098998e-03,4.357366e-01,3.605714e-03,1.788362e-02,2.871813e-01,5.269017e-02,8.458992e-04,4.859034e-03
1.113245e-02,6.992483e-02,1.453623e-03,1.608338e-03,2.245124e-02,6.241597e-02,1.762504e-03,8.176353e-04,5.653696e-01,2.911716e-03,1.451452e-02,2.039335e-01,3.751922e-02,6.194146e-04,3.565415e-03
8.549276e-03,6.306899e-02,2.459334e-03,2.685140e-03,1.911923e-02,4.700385e-02,1.825360e-03,9.325732e-04,6.311573e-01,5.336795e-03,2.969290e-02,1.517921e-01,3.046861e-02,6.979977e-04,5.210464e-03
1.356161e-02,9.206939e-02,4.761756e-03,9.268783e-03,1.877268e-02,3.665501e-02,1.931158e-03,1.835047e-03,6.370679e-01,7.972994e-03,2.674194e-02,1.127215e-01,2.752123e-02,7.015093e-04,8.417490e-03
7.087304e-02,1.353066e-01,7.406898e-03,1.341757e-02,3.204573e-02,2.936879e-02,1.992505e-03,4.588747e-03,5.500058e-01,8.547301e-03,2.252696e-02,8.054673e-02,2.222235e-02,1.049111e-03,2.010190e-02
1.386089e-01,1.291137e-01,7.619116e-03,1.328559e-02,4.631265e-02,2.757527e-02,2.263481e-03,5.335314e-03,5.021445e-01,8.275744e-03,1.696908e-02,5.745902e-02,1.745956e-02,1.673436e-03,2.590457e-02
1.785808e-01,1.005745e-01,6.995234e-03,1.345510e-02,8.840683e-02,3.218878e-02,5.419686e-03,6.819190e-03,4.686744e-01,6.150357e-03,1.386176e-02,4.120681e-02,1.431892e-02,1.709634e-03,2.163797e-02
1.715945e-01,1.230431e-01,1.766288e-02,5.129743e-02,1.341100e-01,4.562517e-02,1.641699e-02,1.507693e-02,3.460012e-01,4.730765e-03,1.123908e-02,2.925821e-02,1.078807e-02,1.657977e-03,2.149771e-02
1.526778e-01,1.415281e-01,1.755104e-02,5.166691e-02,2.095890e-01,5.957015e-02,2.465754e-02,1.608650e-02,2.656735e-01,3.457615e-03,8.686117e-03,2.073396e-02,8.251850e-03,1.660992e-03,1.820887e-02
1.278437e-01,2.003341e-01,2.567708e-02,6.764755e-02,2.177552e-01,6.776328e-02,2.943904e-02,1.390136e-02,1.952638e-01,3.137794e-03,6.934424e-03,1.478589e-02,6.536856e-03,1.444204e-03,2.153574e-02
1.008826e-01,1.841583e-01,5.092104e-02,2.148088e-01,1.788828e-01,4.939090e-02,2.178620e-02,1.214491e-02,1.409038e-01,3.240121e-03,5.945269e-03,1.059450e-02,5.255779e-03,1.116647e-03,1.996838e-02
8.819598e-02,1.347213e-01,4.101779e-02,2.815541e-01,2.040690e-01,4.220032e-02,3.764863e-02,2.505381e-02,1.058253e-01,2.870305e-03,7.428950e-03,7.801565e-03,6.235809e-03,9.484386e-04,1.442862e-02
1.179465e-01,1.062417e-01,4.925252e-02,2.724878e-01,1.897306e-01,4.380890e-02,3.602754e-02,5.685950e-02,8.232676e-02,4.017087e-03,9.912364e-03,6.364332e-03,1.156408e-02,1.069756e-03,1.239050e-02
1.114408e-01,7.762863e-02,3.535434e-02,2.054273e-01,1.376449e-01,5.273527e-02,2.949110e-02,4.031098e-02,6.577645e-02,4.205403e-03,8.943968e-03,4.635146e-03,2.159046e-01,7.729226e-04,9.728131e-03
1.131320e-01,5.811327e-02,2.618273e-02,1.481825e-01,1.033495e-01,5.550275e-02,2.500438e-02,2.877732e-02,4.816522e-02,3.672946e-03,8.409217e-03,3.803140e-03,3.684686e-01,6.493068e-04,8.586930e-03
9.257866e-02,4.153343e-02,1.851969e-02,1.045935e-01,7.542452e-02,4.292855e-02,1.847758e-02,2.050294e-02,3.474149e-02,2.702001e-03,6.292681e-03,5.780997e-03,5.199765e-01,5.363774e-04,1.541103e-02
7.335144e-02,2.924963e-02,1.302892e-02,7.351336e-02,5.446405e-02,3.104370e-02,1.329912e-02,1.448149e-02,2.502118e-02,1.923404e-03,4.582262e-03,7.617776e-03,6.442078e-01,3.944428e-04,1.382146e-02
5.295834e-02,2.053021e-02,9.138065e-03,5.153813e-02,3.836731e-02,2.214525e-02,9.517356e-03,1.022164e-02,1.813634e-02,1.363485e-03,3.396172e-03,1.168358e-02,7.372277e-01,2.899632e-04,1.348652e-02
3.718835e-02,1.442933e-02,6.415016e-03,3.609935e-02,2.721811e-02,1.569496e-02,6.728877e-03,7.177779e-03,1.324962e-02,9.659391e-04,2.457193e-03,1.174502e-02,8.073618e-01,2.071805e-04,1.306141e-02
2.626935e-02,1.020965e-02,4.562947e-03,2.533045e-02,1.970622e-02,1.216887e-02,4.989822e-03,5.084689e-03,1.005884e-02,7.209328e-04,2.117572e-03,1.454713e-02,8.486544e-01,1.744054e-04,1.540472e-02
1.853222e-02,7.212354e-03,3.247752e-03,1.779127e-02,1.458887e-02,1.023014e-02,3.558749e-03,3.586770e-03,7.304415e-03,5.711645e-04,3.384023e-03,1.473201e-02,8.820978e-01,1.879589e-04,1.297442e-02
1.312920e-02,5.116133e-03,2.349545e-03,1.254692e-02,1.090116e-02,9.406321e-03,2.652733e-03,2.552323e-03,5.554489e-03,6.198414e-04,8.620151e-03,2.703089e-02,8.855075e-01,2.292354e-04,1.378365e-02
9.371003e-03,3.617418e-03,1.661380e-03,8.863880e-03,7.885601e-03,8.552301e-03,1.919420e-03,1.804055e-03,4.287363e-03,7.042658e-04,1.391220e-02,4.753299e-02,8.769847e-01,3.057692e-04,1.259766e-02
6.876011e-03,2.554039e-03,1.208621e-03,6.373065e-03,5.671715e-03,1.240638e-02,1.442953e-03,1.300480e-03,3.411840e-03,1.588986e-03,3.687321e-02,7.769184e-02,8.328940e-01,4.329958e-04,9.273872e-03
5.203129e-03,1.820845e-03,8.869304e-04,4.812059e-03,5.554948e-03,2.284317e-02,1.309440e-03,9.669790e-04,3.502711e-03,5.850596e-03,1.062815e-01,9.156235e-02,7.415861e-01,4.363920e-04,7.382775e-03
3.942994e-03,1.288634e-03,6.350073e-04,3.551278e-03,5.023645e-03,1.040374e-01,1.071937e-03,6.973341e-04,2.756577e-03,1.471646e-02,1.379488e-01,1.022739e-01,6.160339e-01,3.575755e-04,5.664538e-03
3.061147e-03,9.168549e-04,4.646875e-04,2.671755e-03,4.909542e-03,1.490966e-01,8.567080e-04,5.009764e-04,2.238800e-03,2.408077e-02,1.534575e-01,1.387715e-01,5.142329e-01,3.644281e-04,4.375826e-03
2.257762e-03,6.504247e-04,3.550061e-04,2.051998e-03,3.878810e-03,2.943833e-01,6.094604e-04,3.981735e-04,2.083103e-03,2.055863e-02,1.153002e-01,1.796874e-01,3.744007e-01,2.772682e-04,3.107824e-03
2.658016e-03,1.813843e-03,6.301532e-04,2.651469e-03,7.706833e-03,2.211699e-01,6.623248e-04,1.685809e-03,3.656258e-02,1.587167e-02,9.379853e-02,2.272740e-01,3.848362e-01,2.235860e-04,2.455134e-03
3.018478e-03,1.283363e-02,9.912045e-04,2.761427e-03,1.057586e-02,1.625746e-01,8.049944e-04,2.041079e-03,1.765881e-01,1.155560e-02,7.064233e-02,2.020554e-01,3.408102e-01,1.751454e-04,2.571904e-03
2.667332e-03,1.362504e-02,8.886804e-04,2.878590e-03,1.048404e-02,1.177868e-01,7.386497e-04,1.711026e-03,3.967640e-01,8.327924e-03,5.027982e-02,1.441816e-01,2.474893e-01,1.296486e-04,2.047517e-03
2.810583e-03,1.345907e-02,1.178779e-03,6.169625e-03,1.086955e-02,8.448577e-02,7.547913e-04,1.376515e-03,5.599208e-01,5.995837e-03,3.548438e-02,1.014589e-01,1.743864e-01,9.449345e-05,1.554509e-03
5.918017e-03,2.223108e-02,1.629222e-03,1.108132e-02,2.839497e-02,6.154229e-02,8.906085e-04,1.035645e-03,6.415031e-01,4.606530e-03,2.517585e-02,7.125149e-02,1.227876e-01,7.201318e-05,1.880282e-03
9.374358e-03,3.007095e-02,6.127245e-03,1.967625e-02,1.364325e-01,6.115020e-02,5.507498e-03,1.517418e-03,5.653826e-01,4.098179e-03,1.796527e-02,5.009219e-02,8.717532e-02,8.331958e-05,5.346641e-03
1.845439e-02,5.015859e-02,8.079515e-03,1.970757e-02,2.223964e-01,7.424362e-02,1.212201e-02,1.296867e-03,4.713340e-01,3.381758e-03,1.269818e-02,3.518239e-02,6.251719e-02,7.484768e-05,8.352598e-03
1.649169e-02,1.119224e-01,6.132720e-02,6.605632e-02,2.248471e-01,5.993637e-02,1.179088e-02,1.111781e-03,3.379028e-01,3.838213e-03,9.147082e-03,2.495536e-02,4.511601e-02,8.037624e-05,2.547640e-02
2.699395e-02,1.314106e-01,9.509683e-02,8.296184e-02,2.096084e-01,6.096940e-02,1.075195e-02,9.700777e-04,2.485809e-01,6.492640e-03,6.984596e-03,1.778631e-02,3.323540e-02,1.043242e-04,6.805278e-02
6.631023e-02,1.073627e-01,8.967058e-02,6.511665e-02,2.716650e-01,6.560592e-02,1.518105e-02,9.866869e-04,2.159773e-01,5.401887e-03,5.431153e-03,1.339175e-02,2.629756e-02,2.758529e-04,5.132573e-02
6.452954e-02,1.205740e-01,9.308438e-02,6.715650e-02,2.904370e-01,8.248259e-02,3.718167e-02,1.692252e-03,1.633062e-01,4.525119e-03,4.642001e-03,1.092142e-02,2.059020e-02,3.832353e-04,3.849396e-02
5.289245e-02,1.427753e-01,9.069232e-02,9.614144e-02,3.019956e-01,7.292879e-02,3.947566e-02,2.840068e-03,1.282317e-01,6.193496e-03,6.086728e-03,9.550116e-03,1.653283e-02,6.950474e-04,3.296848e-02
3.974270e-02,1.223578e-01,1.031227e-01,9.598152e-02,2.551728e-01,1.228268e-01,3.427895e-02,2.596537e-03,9.923071e-02,4.824987e-02,1.160408e-02,8.947949e-03,2.477622e-02,9.784203e-04,3.013302e-02
3.184830e-02,1.151062e-01,9.097520e-02,9.091851e-02,2.103671e-01,1.131134e-01,2.586953e-02,2.199115e-03,7.808374e-02,4.398594e-02,1.178351e-02,1.035073e-02,1.405371e-01,1.036648e-03,3.382515e-02
2.624608e-02,8.827008e-02,6.827267e-02,7.199742e-02,1.555680e-01,8.213661e-02,1.822352e-02,1.635540e-03,5.699507e-02,3.100265e-02,8.829828e-03,9.852555e-03,3.540967e-01,7.656694e-04,2.610763e-02
1.914281e-02,6.256166e-02,4.818243e-02,5.084305e-02,1.115262e-01,5.818670e-02,1.280549e-02,1.180422e-03,4.062497e-02,2.178740e-02,6.464416e-03,9.053015e-03,5.307575e-01,5.517864e-04,2.633218e-02
1.467963e-02,4.423324e-02,3.385496e-02,3.581303e-02,8.014917e-02,4.196687e-02,9.247311e-03,8.813709e-04,3.008479e-02,1.538168e-02,5.027620e-03,1.167207e-02,6.500548e-01,4.338608e-04,2.651969e-02
1.045065e-02,3.099366e-02,2.370303e-02,2.510315e-02,5.626139e-02,3.023702e-02,6.584903e-03,6.281279e-04,2.144076e-02,1.080571e-02,4.239190e-03,1.820916e-02,7.413622e-01,3.593059e-04,1.962180e-02
7.400467e-03,2.173066e-02,1.659665e-02,1.760722e-02,3.951374e-02,2.260451e-02,4.657937e-03,4.455367e-04,1.523537e-02,7.730210e-03,6.856267e-03,2.010312e-02,8.011118e-01,3.695461e-04,1.803698e-02
5.224356e-03,1.523025e-02,1.162126e-02,1.238154e-02,2.780966e-02,1.817433e-02,3.319222e-03,3.362660e-04,1.096302e-02,5.836979e-03,1.826287e-02,7.912163e-02,7.772542e-01,3.209440e-04,1.414343e-02
3.782717e-03,1.067708e-02,8.139811e-03,8.708553e-03,1.955667e-02,3.875843e-02,2.415457e-03,2.704121e-04,8.170553e-03,5.607202e-03,7.364678e-02,1.719560e-01,6.372755e-01,2.862903e-04,1.074847e-02
2.786437e-03,7.493126e-03,5.709324e-03,6.132616e-03,1.377107e-02,7.127525e-02,1.781763e-03,2.349220e-04,6.183471e-03,9.097770e-03,1.369785e-01,2.346348e-01,4.958307e-01,2.565936e-04,7.833687e-03
2.028562e-03,5.291447e-03,4.001452e-03,4.307768e-03,1.059642e-02,5.521843e-02,1.261065e-03,1.806725e-04,5.571753e-03,1.498532e-02,1.920801e-01,2.957801e-01,4.025685e-01,2.511119e-04,5.877279e-03
1.503533e-03,3.718347e-03,2.805771e-03,3.032762e-03,8.590247e-03,4.316903e-02,9.061044e-04,1.523049e-04,4.829211e-03,2.496666e-02,2.180838e-01,3.505009e-01,3.331859e-01,2.296310e-04,4.325730e-03
1.117247e-03,2.606638e-03,1.976568e-03,2.153145e-03,1.143872e-02,3.394362e-02,8.030669e-04,1.520075e-04,4.117546e-03,2.035167e-02,1.722266e-01,4.852909e-01,2.605756e-01,1.768908e-04,3.069871e-03
8.876083e-04,1.836900e-03,1.408900e-03,1.553681e-03,1.185705e-02,3.120284e-02,1.400836e-03,3.403303e-04,4.831415e-03,1.541405e-02,1.312343e-01,5.993078e-01,1.963632e-01,1.469095e-04,2.214193e-03
7.720003e-04,1.315082e-03,9.992430e-04,1.150550e-03,2.422206e-02,2.256528e-02,1.622096e-03,8.778975e-04,3.819121e-02,1.333861e-02,1.039637e-01,6.239659e-01,1.653126e-01,1.131538e-04,1.590645e-03
8.597559e-04,1.004405e-03,9.113617e-04,1.384583e-03,3.431162e-02,1.603415e-02,1.420835e-03,1.641164e-02,5.202013e-02,1.557298e-02,8.302550e-02,5.848655e-01,1.909176e-01,1.097888e-04,1.150159e-03
8.356526e-04,9.469566e-04,6.713844e-04,1.093716e-03,3.450316e-02,1.132082e-02,1.044798e-03,1.781524e-02,1.621910e-01,1.892329e-02,6.262130e-02,5.209211e-01,1.661666e-01,9.067918e-05,8.543411e-04
8.594872e-04,4.663907e-03,7.503646e-04,1.772564e-03,2.787682e-02,8.596555e-03,7.769845e-04,2.535183e-02,3.580926e-01,1.744264e-02,4.449340e-02,3.819720e-01,1.266264e-01,8.123343e-05,6.432498e-04
9.178084e-04,6.521940e-03,5.886160e-04,1.525497e-03,2.234988e-02,7.220347e-03,5.570734e-04,1.824960e-02,5.401192e-01,1.254754e-02,3.119821e-02,2.678111e-01,8.985290e-02,5.835809e-05,4.818890e-04
1.352263e-03,9.783048e-03,4.509500e-04,1.505718e-03,2.258831e-02,6.014736e-03,4.338146e-04,1.290286e-02,6.621989e-01,9.199573e-03,2.196946e-02,1.876527e-01,6.352425e-02,4.177585e-05,3.816385e-04
7.494473e-03,9.611916e-03,4.717318e-04,2.266778e-03,8.558521e-02,8.362897e-03,4.616046e-04,9.466439e-03,6.771643e-01,6.731318e-03,1.558024e-02,1.315345e-01,4.484560e-02,3.221803e-05,3.908710e-04
1.252444e-02,9.093757e-03,4.778379e-04,3.280451e-03,1.169109e-01,8.377745e-03,5.950921e-04,7.024861e-03,7.007632e-01,4.972657e-03,1.104510e-02,9.239719e-02,3.172489e-02,2.921585e-05,7.827114e-04
1.580605e-02,1.176482e-02,1.342375e-03,3.974363e-02,1.249327e-01,1.006006e-02,7.711231e-04,5.390229e-03,6.808000e-01,4.853233e-03,8.275240e-03,6.620726e-02,2.360014e-02,4.810566e-05,6.404974e-03
1.636312e-02,1.872614e-02,3.335316e-03,1.250861e-01,1.061422e-01,7.961681e-03,7.160077e-04,4.202578e-03,6.286164e-01,5.976392e-03,6.672072e-03,4.703352e-02,1.850646e-02,4.753385e-05,1.061453e-02
2.361457e-02,1.553834e-02,3.291828e-03,1.052090e-01,1.574553e-01,6.804470e-03,1.260737e-03,4.128897e-03,6.149889e-01,5.326606e-03,5.043493e-03,3.315633e-02,1.349524e-02,5.828908e-05,1.062808e-02
3.954779e-02,1.510580e-02,3.778752e-03,9.539260e-02,1.723596e-01,5.975184e-03,2.933974e-03,1.383756e-02,5.973264e-01,4.937660e-03,3.953127e-03,2.372580e-02,1.006685e-02,9.097753e-05,1.096804e-02
5.405013e-02,1.936691e-02,8.422624e-03,1.261010e-01,1.545020e-01,5.206681e-03,3.508649e-03,3.660141e-02,5.366861e-01,8.907830e-03,3.513544e-03,1.742482e-02,8.738643e-03,1.110124e-04,1.685868e-02
4.829568e-02,2.803094e-02,5.651725e-02,1.894485e-01,1.138770e-01,4.173082e-03,3.011874e-03,3.217398e-02,4.247563e-01,3.503289e-02,4.102741e-03,1.318351e-02,7.472531e-03,1.410064e-04,3.978271e-02
4.862570e-02,2.901611e-02,1.246221e-01,2.287346e-01,8.770455e-02,3.849849e-03,2.513071e-03,2.880991e-02,3.391729e-01,3.682413e-02,5.671242e-03,9.871455e-03,6.572788e-03,1.852076e-04,4.782637e-02
6.772693e-02,3.600902e-02,1.272434e-01,1.973744e-01,8.968338e-02,6.140975e-03,2.567241e-03,3.403601e-02,2.779617e-01,4.229659e-02,6.035388e-03,7.926053e-03,6.567991e-03,5.121247e-04,9.791878e-02
6.827287e-02,2.710840e-02,1.161054e-01,1.676813e-01,1.050015e-01,8.742879e-03,2.940882e-03,1.783398e-01,2.060459e-01,3.034797e-02,7.326748e-03,5.835074e-03,5.591844e-03,4.920966e-04,7.016737e-02
8.764972e-02,2.155039e-02,1.111414e-01,1.502594e-01,1.035552e-01,1.520064e-02,3.215417e-03,2.520793e-01,1.529390e-01,2.165119e-02,1.416490e-02,5.274045e-03,6.707955e-03,2.243456e-03,5.236808e-02
1.008733e-01,1.732770e-02,1.022122e-01,1.444503e-01,7.646133e-02,1.328117e-02,2.945118e-03,2.238414e-01,1.183994e-01,1.734449e-02,1.013211e-01,2.195070e-02,9.221475e-03,1.067922e-02,3.969115e-02
7.476991e-02,1.256387e-02,7.223060e-02,1.099586e-01,5.448311e-02,9.578455e-03,2.117588e-03,1.626438e-01,8.599203e-02,1.266593e-02,2.942805e-01,5.093250e-02,2.068569e-02,8.477920e-03,2.861954e-02
5.536896e-02,9.821626e-03,5.167368e-02,8.223473e-02,3.900969e-02,7.382954e-03,1.607247e-03,1.149051e-01,6.459605e-02,1.122943e-02,3.854982e-01,1.082090e-01,3.556050e-02,1.020851e-02,2.269437e-02
4.110947e-02,7.122417e-03,3.662664e-02,5.828945e-02,2.761282e-02,5.468910e-03,1.154035e-03,8.086141e-02,4.827962e-02,9.266455e-03,4.808235e-01,1.442448e-01,3.006289e-02,1.296102e-02,1.611666e-02
3.226704e-02,5.516031e-03,2.726947e-02,4.379875e-02,1.984086e-02,4.738312e-03,8.539829e-04,5.781104e-02,3.953967e-02,9.649699e-03,5.290595e-01,1.705422e-01,2.685523e-02,2.035640e-02,1.190175e-02
