1.000000e+00,0.000000e+00,0.000000e+00,0.000000e+00,0.000000e+00,0.000000e+00,0.000000e+00,0.000000e+00,0.000000e+00,0.000000e+00,0.000000e+00,0.000000e+00,0.000000e+00,0.000000e+00,0.000000e+00
1.000000e+00,0.000000e+00,0.000000e+00,0.000000e+00,0.000000e+00,0.000000e+00,0.000000e+00,0.000000e+00,0.000000e+00,0.000000e+00,0.000000e+00,0.000000e+00,0.000000e+00,0.000000e+00,0.000000e+00
1.000000e+00,0.000000e+00,0.000000e+00,0.000000e+00,0.000000e+00,0.000000e+00,0.000000e+00,0.000000e+00,0.000000e+00,0.000000e+00,0.000000e+00,0.000000e+00,0.000000e+00,0.000000e+00,0.000000e+00
1.000000e+00,0.000000e+00,0.000000e+00,0.000000e+00,0.000000e+00,0.000000e+00,0.000000e+00,0.000000e+00,0.000000e+00,0.000000e+00,0.000000e+00,0.000000e+00,0.000000e+00,0.000000e+00,0.000000e+00
1.000000e+00,0.000000e+00,0.000000e+00,0.000000e+00,0.000000e+00,0.000000e+00,0.000000e+00,0.000000e+00,0.000000e+00,0.000000e+00,0.000000e+00,0.000000e+00,0.000000e+00,0.000000e+00,0.000000e+00
1.000000e+00,0.000000e+00,0.000000e+00,0.000000e+00,0.000000e+00,0.000000e+00,0.000000e+00,0.000000e+00,0.000000e+00,0.000000e+00,0.000000e+00,0.000000e+00,0.000000e+00,0.000000e+00,0.000000e+00
1.000000e+00,0.000000e+00,0.000000e+00,0.000000e+00,0.000000e+00,0.000000e+00,0.000000e+00,0.000000e+00,0.000000e+00,0.000000e+00,0.000000e+00,0.000000e+00,0.000000e+00,0.000000e+00,0.000000e+00
1.000000e+00,0.000000e+00,0.000000e+00,0.000000e+00,0.000000e+00,0.000000e+00,0.000000e+00,0.000000e+00,0.000000e+00,0.000000e+00,0.000000e+00,0.000000e+00,0.000000e+00,0.000000e+00,0.000000e+00
1.000000e+00,0.000000e+00,0.000000e+00,0.000000e+00,0.000000e+00,0.000000e+00,0.000000e+00,0.000000e+00,0.000000e+00,0.000000e+00,0.000000e+00,0.000000e+00,0.000000e+00,0.000000e+00,0.000000e+00
1.000000e+00,0.000000e+00,0.000000e+00,0.000000e+00,0.000000e+00,0.000000e+00,0.000000e+00,0.000000e+00,0.000000e+00,0.000000e+00,0.000000e+00,0.000000e+00,0.000000e+00,0.000000e+00,0.000000e+00
1.000000e+00,0.000000e+00,0.000000e+00,0.000000e+00,0.000000e+00,0.000000e+00,0.000000e+00,0.000000e+00,0.000000e+00,0.000000e+00,0.000000e+00,0.000000e+00,0.000000e+00,0.000000e+00,0.000000e+00
1.000000e+00,0.000000e+00,0.000000e+00,0.000000e+00,0.000000e+00,0.000000e+00,0.000000e+00,0.000000e+00,0.000000e+00,0.000000e+00,0.000000e+00,0.000000e+00,0.000000e+00,0.000000e+00,0.000000e+00
1.000000e+00,0.000000e+00,0.000000e+00,0.000000e+00,0.000000e+00,0.000000e+00,0.000000e+00,0.000000e+00,0.000000e+00,0.000000e+00,0.000000e+00,0.000000e+00,0.000000e+00,0.000000e+00,0.000000e+00
1.000000e+00,0.000000e+00,0.000000e+00,0.000000e+00,0.000000e+00,0.000000e+00,0.000000e+00,0.000000e+00,0.000000e+00,0.000000e+00,0.000000e+00,0.000000e+00,0.000000e+00,0.000000e+00,0.000000e+00
1.000000e+00,0.000000e+00,0.000000e+00,0.000000e+00,0.000000e+00,0.000000e+00,0.000000e+00,0.000000e+00,0.000000e+00,0.000000e+00,0.000000e+00,0.000000e+00,0.000000e+00,0.000000e+00,0.000000e+00
1.000000e+00,0.000000e+00,0.000000e+00,0.000000e+00,0.000000e+00,0.000000e+00,0.000000e+00,0.000000e+00,0.000000e+00,0.000000e+00,0.000000e+00,0.000000e+00,0.000000e+00,0.000000e+00,0.000000e+00
1.000000e+00,0.000000e+00,0.000000e+00,0.000000e+00,0.000000e+00,0.000000e+00,0.000000e+00,0.000000e+00,0.000000e+00,0.000000e+00,0.000000e+00,0.000000e+00,0.000000e+00,0.000000e+00,0.000000e+00
1.000000e+00,0.000000e+00,0.000000e+00,0.000000e+00,0.000000e+00,0.000000e+00,0.000000e+00,0.000000e+00,0.000000e+00,0.000000e+00,0.000000e+00,0.000000e+00,0.000000e+00,0.000000e+00,0.000000e+00
1.000000e+00,0.000000e+00,0.000000e+00,0.000000e+00,0.000000e+00,0.000000e+00,0.000000e+00,0.000000e+00,0.000000e+00,0.000000e+00,0.000000e+00,0.000000e+00,0.000000e+00,0.000000e+00,0.000000e+00
1.000000e+00,0.000000e+00,0.000000e+00,0.000000e+00,0.000000e+00,0.000000e+00,0.000000e+00,0.000000e+00,0.000000e+00,0.000000e+00,0.000000e+00,0.000000e+00,0.000000e+00,0.000000e+00,0.000000e+00
1.000000e+00,0.000000e+00,0.000000e+00,0.000000e+00,0.000000e+00,0.000000e+00,0.000000e+00,0.000000e+00,0.000000e+00,0.000000e+00,0.000000e+00,0.000000e+00,0.000000e+00,0.000000e+00,0.000000e+00
1.000000e+00,0.000000e+00,0.000000e+00,0.000000e+00,0.000000e+00,0.000000e+00,0.000000e+00,0.000000e+00,0.000000e+00,0.000000e+00,0.000000e+00,0.000000e+00,0.000000e+00,0.000000e+00,0.000000e+00
1.000000e+00,0.000000e+00,0.000000e+00,0.000000e+00,0.000000e+00,0.000000e+00,0.000000e+00,0.000000e+00,0.000000e+00,0.000000e+00,0.000000e+00,0.000000e+00,0.000000e+00,0.000000e+00,0.000000e+00
1.000000e+00,0.000000e+00,0.000000e+00,0.000000e+00,0.000000e+00,0.000000e+00,0.000000e+00,0.000000e+00,0.000000e+00,0.000000e+00,0.000000e+00,0.000000e+00,0.000000e+00,0.000000e+00,0.000000e+00
1.000000e+00,0.000000e+00,0.000000e+00,0.000000e+00,0.000000e+00,0.000000e+00,0.000000e+00,0.000000e+00,0.000000e+00,0.000000e+00,0.000000e+00,0.000000e+00,0.000000e+00,0.000000e+00,0.000000e+00
1.000000e+00,0.000000e+00,0.000000e+00,0.000000e+00,0.000000e+00,0.000000e+00,0.000000e+00,0.000000e+00,0.000000e+00,0.000000e+00,0.000000e+00,0.000000e+00,0.000000e+00,0.000000e+00,0.000000e+00
1.000000e+00,0.000000e+00,0.000000e+00,0.000000e+00,0.000000e+00,0.000000e+00,0.000000e+00,0.000000e+00,0.000000e+00,0.000000e+00,0.000000e+00,0.000000e+00,0.000000e+00,0.000000e+00,0.000000e+00
1.000000e+00,0.000000e+00,0.000000e+00,0.000000e+00,0.000000e+00,0.000000e+00,0.000000e+00,0.000000e+00,0.000000e+00,0.000000e+00,0.000000e+00,0.000000e+00,0.000000e+00,0.000000e+00,0.000000e+00
1.000000e+00,0.000000e+00,0.000000e+00,0.000000e+00,0.000000e+00,0.000000e+00,0.000000e+00,0.000000e+00,0.000000e+00,0.000000e+00,0.000000e+00,0.000000e+00,0.000000e+00,0.000000e+00,0.000000e+00
1.000000e+00,0.000000e+00,0.000000e+00,0.000000e+00,0.000000e+00,0.000000e+00,0.000000e+00,0.000000e+00,0.000000e+00,0.000000e+00,0.000000e+00,0.000000e+00,0.000000e+00,0.000000e+00,0.000000e+00
1.000000e+00,0.000000e+00,0.000000e+00,0.000000e+00,0.000000e+00,0.000000e+00,0.000000e+00,0.000000e+00,0.000000e+00,0.000000e+00,0.000000e+00,0.000000e+00,0.000000e+00,0.000000e+00,0.000000e+00
1.000000e+00,0.000000e+00,0.000000e+00,0.000000e+00,0.000000e+00,0.000000e+00,0.000000e+00,0.000000e+00,0.000000e+00,0.000000e+00,0.000000e+00,0.000000e+00,0.000000e+00,0.000000e+00,0.000000e+00
1.000000e+00,0.000000e+00,0.000000e+00,0.000000e+00,0.000000e+00,0.000000e+00,0.000000e+00,0.000000e+00,0.000000e+00,0.000000e+00,0.000000e+00,0.000000e+00,0.000000e+00,0.000000e+00,0.000000e+00
1.000000e+00,0.000000e+00,0.000000e+00,0.000000e+00,0.000000e+00,0.000000e+00,0.000000e+00,0.000000e+00,0.000000e+00,0.000000e+00,0.000000e+00,0.000000e+00,0.000000e+00,0.000000e+00,0.000000e+00
1.000000e+00,0.000000e+00,0.000000e+00,0.000000e+00,0.000000e+00,0.000000e+00,0.000000e+00,0.000000e+00,0.000000e+00,0.000000e+00,0.000000e+00,0.000000e+00,0.000000e+00,0.000000e+00,0.000000e+00
1.000000e+00,0.000000e+00,0.000000e+00,0.000000e+00,0.000000e+00,0.000000e+00,0.000000e+00,0.000000e+00,0.000000e+00,0.000000e+00,0.000000e+00,0.000000e+00,0.000000e+00,0.000000e+00,0.000000e+00
1.000000e+00,0.000000e+00,0.000000e+00,0.000000e+00,0.000000e+00,0.000000e+00,0.000000e+00,0.000000e+00,0.000000e+00,0.000000e+00,0.000000e+00,0.000000e+00,0.000000e+00,0.000000e+00,0.000000e+00
1.000000e+00,0.000000e+00,0.000000e+00,0.000000e+00,0.000000e+00,0.000000e+00,0.000000e+00,0.000000e+00,0.000000e+00,0.000000e+00,0.000000e+00,0.000000e+00,0.000000e+00,0.000000e+00,0.000000e+00
1.000000e+00,0.000000e+00,0.000000e+00,0.000000e+00,0.000000e+00,0.000000e+00,0.000000e+00,0.000000e+00,0.000000e+00,0.000000e+00,0.000000e+00,0.000000e+00,0.000000e+00,0.000000e+00,0.000000e+00
1.000000e+00,0.000000e+00,0.000000e+00,0.000000e+00,0.000000e+00,0.000000e+00,0.000000e+00,0.000000e+00,0.000000e+00,0.000000e+00,0.000000e+00,0.000000e+00,0.000000e+00,0.000000e+00,0.000000e+00
1.000000e+00,0.000000e+00,0.000000e+00,0.000000e+00,0.000000e+00,0.000000e+00,0.000000e+00,0.000000e+00,0.000000e+00,0.000000e+00,0.000000e+00,0.000000e+00,0.000000e+00,0.000000e+00,0.000000e+00
1.000000e+00,0.000000e+00,0.000000e+00,0.000000e+00,0.000000e+00,0.000000e+00,0.000000e+00,0.000000e+00,0.000000e+00,0.000000e+00,0.000000e+00,0.000000e+00,0.000000e+00,0.000000e+00,0.000000e+00
1.000000e+00,0.000000e+00,0.000000e+00,0.000000e+00,0.000000e+00,0.000000e+00,0.000000e+00,0.000000e+00,0.000000e+00,0.000000e+00,0.000000e+00,0.000000e+00,0.000000e+00,0.000000e+00,0.000000e+00
1.000000e+00,0.000000e+00,0.000000e+00,0.000000e+00,0.000000e+00,0.000000e+00,0.000000e+00,0.000000e+00,0.000000e+00,0.000000e+00,0.000000e+00,0.000000e+00,0.000000e+00,0.000000e+00,0.000000e+00
1.000000e+00,0.000000e+00,0.000000e+00,0.000000e+00,0.000000e+00,0.000000e+00,0.000000e+00,0.000000e+00,0.000000e+00,0.000000e+00,0.000000e+00,0.000000e+00,0.000000e+00,0.000000e+00,0.000000e+00
1.000000e+00,0.000000e+00,0.000000e+00,0.000000e+00,0.000000e+00,0.000000e+00,0.000000e+00,0.000000e+00,0.000000e+00,0.000000e+00,0.000000e+00,0.000000e+00,0.000000e+00,0.000000e+00,0.000000e+00
1.000000e+00,0.000000e+00,0.000000e+00,0.000000e+00,0.000000e+00,0.000000e+00,0.000000e+00,0.000000e+00,0.000000e+00,0.000000e+00,0.000000e+00,0.000000e+00,0.000000e+00,0.000000e+00,0.000000e+00
1.000000e+00,0.000000e+00,0.000000e+00,0.000000e+00,0.000000e+00,0.000000e+00,0.000000e+00,0.000000e+00,0.000000e+00,0.000000e+00,0.000000e+00,0.000000e+00,0.000000e+00,0.000000e+00,0.000000e+00
1.000000e+00,0.000000e+00,0.000000e+00,0.000000e+00,0.000000e+00,0.000000e+00,0.000000e+00,0.000000e+00,0.000000e+00,0.000000e+00,0.000000e+00,0.000000e+00,0.000000e+00,0.000000e+00,0.000000e+00
1.000000e+00,0.000000e+00,0.000000e+00,0.000000e+00,0.000000e+00,0.000000e+00,0.000000e+00,0.000000e+00,0.000000e+00,0.000000e+00,0.000000e+00,0.000000e+00,0.000000e+00,0.000000e+00,0.000000e+00
1.000000e+00,0.000000e+00,0.000000e+00,0.000000e+00,0.000000e+00,0.000000e+00,0.000000e+00,0.000000e+00,0.000000e+00,0.000000e+00,0.000000e+00,0.000000e+00,0.000000e+00,0.000000e+00,0.000000e+00
1.000000e+00,0.000000e+00,0.000000e+00,0.000000e+00,0.000000e+00,0.000000e+00,0.000000e+00,0.000000e+00,0.000000e+00,0.000000e+00,0.000000e+00,0.000000e+00,0.000000e+00,0.000000e+00,0.000000e+00
1.000000e+00,0.000000e+00,0.000000e+00,0.000000e+00,0.000000e+00,0.000000e+00,0.000000e+00,0.000000e+00,0.000000e+00,0.000000e+00,0.000000e+00,0.000000e+00,0.000000e+00,0.000000e+00,0.000000e+00
3.995652e-01,2.281491e-02,1.621834e-02,3.392758e-01,3.590969e-03,1.383382e-02,2.778969e-03,5.529402e-03,5.084492e-02,4.485191e-03,1.688065e-02,1.526621e-02,1.537014e-02,3.327251e-03,9.021817e-02
3.050091e-01,3.530663e-02,1.519171e-02,3.212812e-01,3.545401e-03,1.445016e-02,3.006389e-03,4.268839e-03,7.513355e-02,4.724194e-03,1.674414e-02,1.213820e-02,8.233947e-02,2.900719e-03,1.039603e-01
2.252304e-01,5.294324e-02,1.235478e-02,2.606156e-01,3.725566e-03,1.484707e-02,2.908845e-03,3.160043e-03,1.192317e-01,4.926609e-03,1.467006e-02,9.468918e-03,1.715015e-01,2.533311e-03,1.018824e-01
1.608757e-01,5.988276e-02,9.540462e-03,3.200206e-01,2.896303e-03,1.392537e-02,2.507046e-03,2.327005e-03,1.833797e-01,4.634536e-03,1.110959e-02,6.977691e-03,1.408159e-01,1.900620e-03,7.920673e-02
1.291044e-01,4.416717e-02,9.208527e-03,2.611430e-01,3.630831e-03,1.180013e-02,3.070051e-03,2.298323e-03,1.890979e-01,4.203564e-03,1.125453e-02,2.793470e-02,2.193701e-01,9.922661e-03,7.379415e-02
1.141652e-01,3.237128e-02,8.526613e-03,2.046034e-01,3.447848e-03,1.191479e-02,2.708901e-03,2.135441e-03,1.487171e-01,3.264638e-03,1.683477e-02,4.856854e-02,3.204536e-01,1.237096e-02,6.991690e-02
1.137540e-01,2.365329e-02,6.167797e-03,1.493423e-01,2.671851e-03,9.780045e-03,2.210384e-03,2.009403e-03,1.102976e-01,2.547591e-03,1.273499e-02,6.079269e-02,4.371344e-01,1.041884e-02,5.648480e-02
9.181112e-02,1.674340e-02,4.376346e-03,1.052930e-01,2.016182e-03,9.204431e-03,1.957167e-03,1.805916e-03,7.988130e-02,1.842630e-03,9.650387e-03,6.947146e-02,5.570618e-01,8.339815e-03,4.054508e-02
7.090626e-02,1.212224e-02,3.126923e-03,7.431384e-02,1.581412e-03,7.618009e-03,1.670497e-03,1.411649e-03,5.831451e-02,1.367517e-03,7.434342e-03,7.205362e-02,6.515950e-01,6.943275e-03,2.954091e-02
5.355637e-02,8.778018e-03,2.280441e-03,5.214588e-02,1.675829e-03,8.719694e-03,1.352136e-03,1.103974e-03,4.162369e-02,1.074114e-03,5.606923e-03,1.381136e-01,6.560797e-01,5.199122e-03,2.269054e-02
4.079042e-02,6.333691e-03,1.933301e-03,3.671061e-02,2.365084e-03,1.085724e-02,1.155327e-03,1.067591e-03,3.025952e-02,8.722871e-04,7.091613e-03,2.040292e-01,6.353483e-01,3.866592e-03,1.731911e-02
3.165470e-02,4.544245e-03,1.440300e-03,2.572894e-02,3.498387e-03,9.219360e-03,9.173315e-04,9.304385e-04,2.167909e-02,6.906294e-04,5.318689e-03,2.010972e-01,6.779831e-01,2.786979e-03,1.251060e-02
2.589205e-02,3.427805e-03,1.118723e-03,1.805313e-02,4.162045e-03,9.277462e-03,8.370276e-04,8.065673e-04,1.604048e-02,5.489027e-04,3.929566e-03,1.879815e-01,7.170498e-01,1.974899e-03,8.900031e-03
2.108528e-02,3.892324e-03,1.592153e-03,1.275255e-02,4.576426e-03,1.934058e-02,1.153863e-03,1.164046e-03,1.746405e-02,4.732576e-04,3.220889e-03,2.146974e-01,6.904100e-01,1.423269e-03,6.753918e-03
1.583155e-02,2.865087e-03,1.262294e-03,8.959634e-03,5.008380e-03,1.751702e-02,1.212682e-03,1.349228e-03,1.292783e-02,3.629396e-04,2.364208e-03,1.886968e-01,7.358300e-01,1.009222e-03,4.803084e-03
1.200515e-02,2.165791e-03,9.459927e-04,6.288311e-03,4.692238e-03,1.293819e-02,1.024542e-03,1.153364e-03,1.004098e-02,2.651086e-04,1.725832e-03,1.585920e-01,7.840471e-01,7.135640e-04,3.401750e-03
9.458372e-03,1.778775e-03,7.528610e-04,4.427013e-03,5.330484e-03,9.551542e-03,9.594951e-04,1.130828e-03,1.098196e-02,1.975158e-04,1.276141e-03,1.404061e-01,8.108193e-01,5.099709e-04,2.419654e-03
8.645844e-03,5.856923e-02,2.607865e-03,3.269306e-03,4.499530e-03,4.922723e-02,8.695123e-04,1.171925e-03,1.114361e-01,2.629962e-04,1.453375e-03,1.024037e-01,6.530133e-01,4.496092e-04,2.120450e-03
9.166080e-03,1.012808e-01,2.495235e-03,2.329816e-03,3.797385e-03,6.906201e-02,7.647454e-04,1.317738e-03,1.696062e-01,2.131280e-04,1.198108e-03,7.360165e-02,5.629031e-01,3.364602e-04,1.927533e-03
7.741915e-03,1.670378e-01,1.992094e-03,1.702292e-03,3.712117e-03,1.091540e-01,9.781729e-04,1.004642e-03,2.469522e-01,1.583781e-04,8.803360e-04,5.173942e-02,4.048819e-01,2.388003e-04,1.825985e-03
7.156312e-03,2.335693e-01,1.609521e-03,1.521826e-03,4.035260e-03,1.432216e-01,1.299015e-03,7.925702e-04,2.722887e-01,1.441338e-04,6.533536e-04,3.652701e-02,2.948935e-01,1.706308e-04,2.117287e-03
6.582543e-03,2.699618e-01,1.489787e-03,5.163291e-03,7.163214e-03,1.266045e-01,2.758736e-03,1.154138e-03,3.349293e-01,3.486575e-04,5.981366e-04,2.577733e-02,2.123379e-01,1.224229e-04,5.008255e-03
5.426468e-03,3.236541e-01,1.366925e-03,1.224963e-02,1.262727e-02,1.009591e-01,3.297486e-03,2.157494e-03,3.621965e-01,3.824397e-04,4.683934e-04,1.810049e-02,1.519985e-01,8.679915e-05,5.028405e-03
5.479888e-03,2.869411e-01,1.272552e-03,2.198036e-02,3.006307e-02,1.154266e-01,4.905677e-03,3.607090e-03,4.008539e-01,4.742231e-04,4.116798e-04,1.278274e-02,1.096765e-01,6.282514e-05,6.061890e-03
5.526516e-03,3.076172e-01,1.579103e-03,1.142134e-01,2.235420e-02,8.852884e-02,3.582203e-03,3.161452e-03,3.508109e-01,8.530655e-04,8.745308e-04,9.087930e-03,7.860030e-02,5.718962e-05,1.315329e-02
6.536987e-03,2.827690e-01,4.603155e-03,2.165172e-01,1.741466e-02,6.639241e-02,2.682040e-03,5.322289e-03,3.071983e-01,3.046162e-03,3.386723e-03,6.635403e-03,5.597529e-02,5.997939e-05,2.146035e-02
2.378218e-02,2.217935e-01,2.181060e-02,1.791815e-01,4.396779e-02,5.635706e-02,5.717292e-03,1.764824e-02,3.250776e-01,2.358490e-02,5.061126e-03,4.852463e-03,4.001637e-02,8.649263e-05,3.106285e-02
2.373705e-02,1.652059e-01,1.977219e-02,1.387129e-01,3.523753e-02,4.681468e-02,5.949042e-03,1.536962e-02,2.548820e-01,1.729131e-02,5.004353e-03,3.770143e-03,2.435781e-01,1.157838e-04,2.455940e-02
3.413930e-02,1.255523e-01,2.258299e-02,9.932242e-02,3.899518e-02,1.142424e-01,9.838361e-03,1.617955e-02,2.551829e-01,1.331305e-02,5.191639e-03,6.117315e-03,2.353314e-01,1.042681e-03,2.296846e-02
2.564646e-02,9.043927e-02,1.885770e-02,7.203645e-02,3.068400e-02,1.074251e-01,8.467034e-03,1.228580e-02,2.038495e-01,1.158183e-02,1.004143e-02,8.056040e-03,3.773519e-01,1.059934e-03,2.221758e-02
1.951760e-02,6.430335e-02,1.412115e-02,5.365327e-02,2.655024e-02,1.002541e-01,7.743798e-03,1.079934e-02,1.491573e-01,8.726261e-03,1.505517e-02,1.085117e-02,4.978476e-01,8.737067e-04,2.054593e-02
1.556966e-02,4.525491e-02,1.082409e-02,3.835302e-02,2.337652e-02,8.258677e-02,7.973926e-03,8.561715e-03,1.092634e-01,6.393895e-03,1.252532e-02,1.696491e-02,6.015005e-01,7.371916e-04,2.011410e-02
1.251660e-02,3.238610e-02,7.725585e-03,2.718312e-02,1.798341e-02,7.291181e-02,6.164983e-03,6.058011e-03,8.489750e-02,4.821679e-03,1.059220e-02,1.216312e-01,5.770595e-01,7.473608e-04,1.732087e-02
1.155486e-02,2.520053e-02,5.535299e-03,1.942030e-02,1.465281e-02,8.203085e-02,4.844712e-03,4.377116e-03,7.881755e-02,3.847036e-03,1.048071e-02,1.703706e-01,5.534960e-01,6.797317e-04,1.469191e-02
9.160212e-03,1.930643e-02,4.543724e-03,1.383658e-02,1.809919e-02,7.768154e-02,4.420578e-03,3.920107e-03,8.780053e-02,2.844350e-03,7.924291e-03,1.435482e-01,5.924170e-01,6.233422e-04,1.387397e-02
7.506213e-03,1.737153e-02,4.811988e-03,1.064342e-02,1.587916e-02,1.117112e-01,3.989018e-03,3.292864e-03,9.698133e-02,2.599473e-03,6.697732e-03,1.220573e-01,5.849211e-01,5.503188e-04,1.098723e-02
7.358190e-03,3.020388e-02,5.283645e-03,8.869240e-03,1.488535e-02,1.097860e-01,3.630918e-03,2.790891e-03,1.409075e-01,3.256676e-03,7.895740e-03,1.428298e-01,5.104319e-01,1.342083e-03,1.052806e-02
1.078558e-02,2.992175e-02,5.378616e-03,7.481977e-03,1.472581e-02,1.147727e-01,6.397684e-03,8.340852e-03,1.714768e-01,3.277951e-03,9.620087e-03,1.099166e-01,4.850792e-01,1.565604e-03,2.125864e-02
1.254626e-02,4.704843e-02,3.223446e-02,1.295006e-02,1.330061e-02,2.004535e-01,6.217474e-03,9.210117e-03,1.653394e-01,8.509703e-03,9.233601e-03,8.518615e-02,3.722771e-01,2.456462e-03,2.303663e-02
1.571726e-02,4.745850e-02,2.733805e-02,9.584907e-03,1.143155e-02,2.201063e-01,7.711562e-03,1.046308e-02,1.781685e-01,6.745798e-03,7.582810e-03,6.520756e-02,3.731236e-01,2.031248e-03,1.732923e-02
2.186834e-02,4.802233e-02,2.068947e-02,7.388275e-03,1.035993e-02,2.206283e-01,7.073809e-03,1.630744e-02,2.075093e-01,5.664679e-03,6.112406e-03,4.806587e-02,3.654437e-01,1.595234e-03,1.327096e-02
5.051847e-02,4.150382e-02,1.604609e-02,1.006102e-02,1.115946e-02,2.013787e-01,6.417040e-03,2.525685e-02,2.543156e-01,8.159906e-03,5.640878e-03,3.965232e-02,3.134011e-01,1.626016e-03,1.486277e-02
5.824916e-02,3.568194e-02,1.268768e-02,9.198600e-03,1.255560e-02,2.521856e-01,7.376888e-03,3.575433e-02,2.433902e-01,7.075937e-03,4.831929e-03,3.058518e-02,2.770824e-01,1.458521e-03,1.188599e-02
6.555449e-02,2.770764e-02,1.502565e-02,8.273855e-03,1.717874e-02,2.662582e-01,9.403060e-03,9.955668e-02,2.131082e-01,5.284507e-03,3.835667e-03,2.204719e-02,2.365636e-01,1.150680e-03,9.051801e-03
6.640743e-02,2.057997e-02,1.861131e-02,6.354351e-03,1.662577e-02,2.188657e-01,4.442591e-02,2.406473e-01,1.612814e-01,3.931253e-03,2.942937e-03,1.588965e-02,1.755083e-01,9.233886e-04,7.005360e-03
5.634418e-02,1.498203e-02,1.566011e-02,4.946988e-03,1.492519e-02,1.638196e-01,1.914375e-01,2.704976e-01,1.187844e-01,2.933239e-03,2.314830e-03,1.135996e-02,1.255347e-01,6.710707e-04,5.788533e-03
4.716975e-02,1.199787e-02,1.277066e-02,3.656073e-03,1.129931e-02,1.270203e-01,2.687827e-01,3.166180e-01,9.348466e-02,2.168454e-03,1.914992e-03,8.285857e-03,8.937606e-02,5.108253e-04,4.944424e-03
5.538404e-02,1.399239e-02,1.028659e-02,2.875413e-03,9.192639e-03,1.010279e-01,2.400964e-01,3.860352e-01,9.935602e-02,1.925862e-03,2.008057e-03,7.268897e-03,6.547210e-02,4.682738e-04,4.610235e-03
5.874603e-02,1.167460e-02,8.959127e-03,2.353833e-03,8.401125e-03,7.466226e-02,2.770673e-01,4.146648e-01,8.147889e-02,1.794839e-03,1.822606e-03,5.783207e-03,4.743924e-02,6.059647e-04,4.546194e-03
8.486104e-02,1.155472e-02,7.523662e-03,2.469914e-03,9.656996e-03,5.713959e-02,2.779704e-01,4.250070e-01,6.903508e-02,1.949759e-03,2.349926e-03,6.259160e-03,3.789865e-02,5.552331e-04,5.768865e-03
1.492868e-01,1.016194e-02,7.907370e-03,2.682706e-03,1.117650e-02,4.694478e-02,2.841687e-01,3.737792e-01,6.478165e-02,1.790484e-03,2.707657e-03,6.911514e-03,3.108758e-02,6.865719e-04,5.926464e-03
1.805031e-01,9.578029e-03,7.013420e-03,2.666569e-03,1.119007e-02,3.689928e-02,3.272886e-01,3.316710e-01,4.957936e-02,1.743199e-03,2.954090e-03,6.663780e-03,2.508629e-02,7.263053e-04,6.436850e-03
2.760239e-01,8.368528e-03,6.380280e-03,3.178656e-03,1.091956e-02,3.168024e-02,2.934314e-01,2.889779e-01,4.008713e-02,1.541697e-03,3.697023e-03,8.210282e-03,2.014028e-02,7.602260e-04,6.602817e-03
2.990354e-01,7.637070e-03,6.207474e-03,3.485885e-03,1.166409e-02,2.667377e-02,3.234878e-01,2.422241e-01,3.367996e-02,1.820820e-03,7.582378e-03,1.082259e-02,1.755339e-02,8.775544e-04,7.247727e-03
3.480716e-01,6.822092e-03,5.924170e-03,3.770484e-03,1.050082e-02,2.350029e-02,3.280295e-01,1.976323e-01,2.800065e-02,1.872528e-03,7.294357e-03,1.259859e-02,1.699475e-02,1.077591e-03,7.910292e-03
4.142843e-01,6.151447e-03,5.656548e-03,4.110336e-03,9.627376e-03,2.194521e-02,3.141504e-01,1.540592e-01,2.401982e-02,1.827399e-03,6.460649e-03,1.296080e-02,1.563959e-02,1.074375e-03,8.032589e-03
4.436542e-01,6.119337e-03,5.162764e-03,5.303914e-03,1.173247e-02,3.024392e-02,2.913498e-01,1.305141e-01,2.193016e-02,2.145568e-03,6.721560e-03,1.457278e-02,2.027848e-02,1.207956e-03,9.063038e-03
4.573531e-01,6.592705e-03,4.843498e-03,1.059863e-02,1.362169e-02,3.672088e-02,2.283421e-01,1.118640e-01,2.017735e-02,2.220046e-03,7.659737e-03,2.343949e-02,6.514820e-02,1.510736e-03,9.907871e-03
4.521758e-01,6.571206e-03,5.143694e-03,1.506157e-02,1.323322e-02,3.524898e-02,1.813312e-01,1.023107e-01,1.886001e-02,2.344257e-03,8.737382e-03,2.974722e-02,1.175908e-01,1.905826e-03,9.738222e-03
4.143781e-01,5.533680e-03,5.112958e-03,1.486957e-02,1.226022e-02,3.070098e-02,1.420274e-01,9.893501e-02,1.641786e-02,1.836156e-03,8.012211e-03,2.551785e-02,2.138945e-01,1.647337e-03,8.856188e-03
3.726956e-01,4.906690e-03,4.509599e-03,1.247454e-02,1.304634e-02,2.639380e-02,1.127331e-01,9.746207e-02,1.578493e-02,1.532172e-03,6.731064e-03,2.120029e-02,3.013869e-01,1.320313e-03,7.822569e-03
3.328781e-01,1.234666e-02,5.002924e-03,3.892070e-02,1.259829e-02,4.128669e-02,8.505070e-02,9.943430e-02,3.556544e-02,3.243596e-03,1.201919e-02,2.700095e-02,2.646592e-01,1.349859e-03,2.864336e-02
2.894251e-01,1.142642e-02,4.737331e-03,4.311655e-02,1.123372e-02,3.363540e-02,6.187314e-02,1.427399e-01,3.868080e-02,6.703092e-03,1.345698e-02,2.319831e-02,2.851672e-01,1.690860e-03,3.291512e-02
2.840035e-01,1.050661e-02,4.205352e-03,4.135925e-02,9.656794e-03,2.735439e-02,4.906952e-02,1.361077e-01,3.267311e-02,6.496083e-03,1.564949e-02,2.473333e-02,3.243562e-01,1.953575e-03,3.187511e-02
2.726815e-01,9.675766e-03,5.201225e-03,3.474405e-02,9.088523e-03,2.474923e-02,4.025938e-02,1.049749e-01,2.741767e-02,9.941405e-03,1.953221e-02,2.612229e-02,3.748113e-01,3.110976e-03,3.768954e-02
3.569673e-01,8.337885e-03,7.108659e-03,2.790996e-02,9.423673e-03,1.974478e-02,3.032750e-02,8.672828e-02,2.224519e-02,7.800217e-03,1.729074e-02,2.263404e-02,3.434516e-01,4.674050e-03,3.535613e-02
4.344540e-01,8.603469e-03,9.130796e-03,2.672163e-02,1.204705e-02,2.015530e-02,2.224174e-02,6.621740e-02,1.989865e-02,7.325327e-03,1.616042e-02,2.758965e-02,2.799487e-01,5.752547e-03,4.375345e-02
4.695618e-01,7.516538e-03,7.700390e-03,2.108821e-02,1.117739e-02,2.144231e-02,1.636252e-02,4.756559e-02,1.761165e-02,7.584914e-03,1.442977e-02,3.725469e-02,2.552688e-01,1.340062e-02,5.203485e-02
1.000000e+00,0.000000e+00,0.000000e+00,0.000000e+00,0.000000e+00,0.000000e+00,0.000000e+00,0.000000e+00,0.000000e+00,0.000000e+00,0.000000e+00,0.000000e+00,0.000000e+00,0.000000e+00,0.000000e+00
1.000000e+00,0.000000e+00,0.000000e+00,0.000000e+00,0.000000e+00,0.000000e+00,0.000000e+00,0.000000e+00,0.000000e+00,0.000000e+00,0.000000e+00,0.000000e+00,0.000000e+00,0.000000e+00,0.000000e+00
1.000000e+00,0.000000e+00,0.000000e+00,0.000000e+00,0.000000e+00,0.000000e+00,0.000000e+00,0.000000e+00,0.000000e+00,0.000000e+00,0.000000e+00,0.000000e+00,0.000000e+00,0.000000e+00,0.000000e+00
1.000000e+00,0.000000e+00,0.000000e+00,0.000000e+00,0.000000e+00,0.000000e+00,0.000000e+00,0.000000e+00,0.000000e+00,0.000000e+00,0.000000e+00,0.000000e+00,0.000000e+00,0.000000e+00,0.000000e+00
4.348657e-01,1.175759e-02,1.234394e-02,9.593445e-03,2.519167e-02,2.263487e-02,1.780102e-02,1.077855e-02,2.565207e-02,2.661411e-02,1.119286e-02,8.706382e-02,1.863647e-01,6.419766e-03,1.117260e-01
3.549188e-01,1.227278e-02,1.065216e-02,9.861326e-03,2.495586e-02,2.635087e-02,1.753569e-02,8.292175e-03,2.614754e-02,7.518090e-02,1.128669e-02,1.216633e-01,1.823127e-01,5.980413e-03,1.125888e-01
2.655033e-01,1.074465e-02,8.297034e-03,9.582337e-03,2.477933e-02,3.028297e-02,1.395144e-02,6.581894e-03,2.261039e-02,1.894251e-01,1.198469e-02,1.524073e-01,1.478404e-01,5.777596e-03,1.002317e-01
2.135756e-01,9.760064e-03,6.302292e-03,9.564189e-03,2.608852e-02,2.451443e-02,1.298903e-02,5.583681e-03,2.988897e-02,2.610230e-01,1.293195e-02,1.730775e-01,1.275212e-01,5.565878e-03,8.161371e-02
1.715531e-01,1.792932e-02,1.241844e-02,2.575157e-02,6.504364e-02,3.626676e-02,1.235845e-02,2.551754e-02,5.903230e-02,2.443545e-01,1.570995e-02,1.390720e-01,1.036687e-01,7.464265e-03,6.385949e-02
1.395914e-01,1.611427e-02,1.464039e-02,2.701762e-02,5.940111e-02,2.997586e-02,9.961138e-03,3.735927e-02,5.891389e-02,3.256061e-01,1.520774e-02,1.278685e-01,8.124462e-02,7.461555e-03,4.963655e-02
1.178578e-01,1.348775e-02,1.186032e-02,2.427923e-02,6.292415e-02,2.267960e-02,8.498669e-03,3.699742e-02,7.672910e-02,3.734978e-01,1.719479e-02,1.169855e-01,7.150605e-02,6.374795e-03,3.912701e-02
1.323590e-01,1.251577e-02,1.147831e-02,2.003826e-02,6.364253e-02,1.910451e-02,7.299519e-03,4.119115e-02,8.591406e-02,4.087409e-01,1.428542e-02,9.214894e-02,5.563934e-02,5.723078e-03,2.991919e-02
1.467308e-01,1.242931e-02,1.210988e-02,1.928573e-02,6.385862e-02,2.549661e-02,7.860029e-03,3.525443e-02,1.129758e-01,3.570538e-01,1.428952e-02,1.155334e-01,4.446266e-02,5.506360e-03,2.715308e-02
1.547056e-01,1.161252e-02,9.539920e-03,1.570928e-02,5.565244e-02,2.389868e-02,6.314702e-03,2.803022e-02,1.296054e-01,3.112451e-01,1.502245e-02,1.776060e-01,3.602232e-02,4.543947e-03,2.049138e-02
1.785359e-01,9.694843e-03,8.027109e-03,1.467687e-02,5.310799e-02,3.640588e-02,5.280721e-03,2.236075e-02,1.072376e-01,3.322013e-01,1.785429e-02,1.667670e-01,2.722053e-02,3.872443e-03,1.675667e-02
1.913286e-01,8.973119e-03,8.154961e-03,1.603176e-02,5.430281e-02,8.446937e-02,6.602062e-03,1.825228e-02,9.317307e-02,2.914193e-01,1.905711e-02,1.697678e-01,2.068797e-02,3.451101e-03,1.432868e-02
2.183921e-01,8.292533e-03,6.859266e-03,2.437104e-02,5.401217e-02,9.826000e-02,6.239759e-03,1.555855e-02,8.184476e-02,2.666308e-01,2.239801e-02,1.624905e-01,1.796838e-02,3.622264e-03,1.305994e-02
2.481425e-01,7.969889e-03,5.174032e-03,2.855636e-02,4.291646e-02,1.589129e-01,4.794023e-03,1.212407e-02,6.232749e-02,2.088084e-01,2.410196e-02,1.681288e-01,1.397923e-02,2.942870e-03,1.112106e-02
3.069622e-01,1.094853e-02,4.490422e-03,2.988733e-02,3.242597e-02,1.873995e-01,5.470436e-03,1.037065e-02,4.739465e-02,1.623148e-01,2.073962e-02,1.583541e-01,1.098460e-02,2.618991e-03,9.638259e-03
3.862389e-01,9.328212e-03,4.301595e-03,2.658191e-02,2.650135e-02,1.580979e-01,5.105813e-03,8.423838e-03,3.538301e-02,1.542115e-01,1.965017e-02,1.471387e-01,8.561307e-03,2.347709e-03,8.128076e-03
4.117119e-01,7.462157e-03,4.912486e-03,2.224505e-02,2.226382e-02,1.725502e-01,4.840804e-03,6.970283e-03,2.652896e-02,1.409504e-01,2.345514e-02,1.397889e-01,6.863691e-03,2.123369e-03,7.332829e-03
3.745921e-01,6.660648e-03,5.697703e-03,2.065612e-02,2.365612e-02,1.602514e-01,5.034175e-03,1.060283e-02,2.978160e-02,1.629310e-01,3.450164e-02,1.501703e-01,6.427631e-03,2.796215e-03,6.240614e-03
3.005595e-01,5.387784e-03,7.541188e-03,2.278852e-02,2.448507e-02,2.278911e-01,6.056381e-03,1.463885e-02,2.734690e-02,1.262711e-01,3.489018e-02,1.866391e-01,6.779051e-03,3.473341e-03,5.251959e-03
2.582943e-01,5.303102e-03,2.152539e-02,2.815009e-02,2.219616e-02,3.080618e-01,6.344681e-03,2.619182e-02,2.147062e-02,9.099898e-02,2.858609e-02,1.662534e-01,7.953094e-03,3.835625e-03,4.834855e-03
2.692147e-01,5.886818e-03,2.160745e-02,2.424107e-02,2.273097e-02,3.262378e-01,5.826148e-03,2.255262e-02,1.842023e-02,6.597685e-02,3.009648e-02,1.678213e-01,9.642398e-03,3.922703e-03,5.822449e-03
2.822876e-01,5.842310e-03,2.175022e-02,1.982157e-02,2.150129e-02,3.594942e-01,5.492566e-03,2.032644e-02,1.646145e-02,4.767254e-02,3.034814e-02,1.494670e-01,9.751594e-03,4.004291e-03,5.778724e-03
4.072664e-01,6.500610e-03,2.119569e-02,1.828460e-02,2.058635e-02,2.694429e-01,5.291092e-03,2.078446e-02,2.436556e-02,3.518277e-02,2.958430e-02,1.194307e-01,1.119185e-02,4.597432e-03,6.295302e-03
4.809148e-01,7.447352e-03,2.147935e-02,1.765504e-02,2.061169e-02,2.230032e-01,4.872494e-03,1.878552e-02,2.295945e-02,2.627963e-02,2.677855e-02,1.047630e-01,1.260773e-02,4.755951e-03,7.086232e-03
3.476219e-01,5.776357e-03,1.564235e-02,1.286755e-02,1.471852e-02,4.080272e-01,3.609379e-03,1.326236e-02,1.623316e-02,1.851504e-02,2.142651e-02,1.041289e-01,9.234588e-03,3.504440e-03,5.431827e-03
2.447982e-01,4.470502e-03,1.133124e-02,9.458281e-03,1.177087e-02,3.831834e-01,3.139651e-03,9.443013e-03,1.242933e-02,1.303913e-02,2.901458e-02,2.545938e-01,6.681157e-03,2.509858e-03,4.136951e-03
1.716944e-01,3.432934e-03,8.283239e-03,6.820248e-03,1.032657e-02,3.691220e-01,2.825879e-03,6.707355e-03,1.034194e-02,9.181630e-03,3.337230e-02,3.580778e-01,4.805917e-03,1.812550e-03,3.195251e-03
1.203438e-01,2.416315e-03,5.900451e-03,4.829619e-03,7.581400e-03,2.835455e-01,2.179934e-03,4.723201e-03,7.922215e-03,6.509123e-03,2.528378e-02,5.214834e-01,3.497657e-03,1.492737e-03,2.290989e-03
8.437596e-02,1.697529e-03,4.236446e-03,3.405217e-03,6.049345e-03,2.066567e-01,1.673853e-03,3.343952e-03,6.158738e-03,4.759780e-03,1.917902e-02,6.528646e-01,2.661865e-03,1.315144e-03,1.621871e-03
5.922801e-02,1.195957e-03,3.054352e-03,2.402812e-03,4.727275e-03,1.475529e-01,1.243545e-03,2.393269e-03,4.480474e-03,4.809610e-03,1.554547e-02,7.487476e-01,2.049200e-03,1.413174e-03,1.156383e-03
4.205630e-02,9.388915e-04,3.278415e-03,1.723427e-03,1.736917e-02,1.314524e-01,2.023747e-03,2.428676e-03,7.806051e-03,4.744631e-03,1.559203e-02,7.655842e-01,2.057702e-03,1.988343e-03,9.560740e-04
3.049657e-02,7.298706e-04,2.999097e-03,1.240593e-03,2.078244e-02,1.610792e-01,1.982000e-03,2.389535e-03,1.426578e-02,4.454045e-03,1.552146e-02,7.371336e-01,2.372732e-03,3.645021e-03,9.081220e-04
2.459602e-02,3.266846e-03,1.365604e-02,1.204106e-03,6.657699e-02,1.352160e-01,4.813075e-03,8.100104e-03,4.728002e-02,3.536435e-03,1.309571e-02,6.705761e-01,2.566922e-03,4.654443e-03,8.612527e-04
2.124535e-02,2.946704e-03,1.351439e-02,1.192406e-03,6.709433e-02,1.683735e-01,1.480674e-02,1.400090e-02,4.782671e-02,2.673276e-03,1.097112e-02,6.279515e-01,2.197891e-03,4.523714e-03,6.816185e-04
1.863001e-02,2.428148e-03,9.996006e-03,8.960786e-04,5.057832e-02,1.709853e-01,1.174058e-02,1.085457e-02,3.914198e-02,1.991439e-03,1.112147e-02,6.645336e-01,2.750925e-03,3.830332e-03,5.213091e-04
1.779699e-02,4.305562e-03,7.775454e-03,7.698069e-04,3.884350e-02,1.563688e-01,8.685977e-03,9.069523e-03,4.378103e-02,1.863338e-03,2.091819e-02,6.769298e-01,8.283127e-03,3.994206e-03,6.148110e-04
1.603285e-02,3.611992e-03,6.101320e-03,6.315183e-04,3.156721e-02,1.506350e-01,8.263489e-03,9.307548e-03,3.825787e-02,1.627563e-03,2.361419e-02,6.878627e-01,1.849876e-02,3.447182e-03,5.409287e-04
1.385153e-02,3.912820e-03,5.304117e-03,5.371667e-04,2.432500e-02,1.796513e-01,7.124327e-03,9.314635e-03,3.062936e-02,1.417679e-03,2.388205e-02,6.590304e-01,3.771782e-02,2.825517e-03,4.763267e-04
1.209415e-02,3.331913e-03,4.539911e-03,4.756104e-04,2.110991e-02,2.465484e-01,3.020984e-02,1.195611e-02,2.658186e-02,1.430710e-03,1.998159e-02,5.872216e-01,3.153777e-02,2.397469e-03,5.831508e-04
1.058084e-02,2.937546e-03,3.981392e-03,4.212128e-04,1.593229e-02,2.691549e-01,7.930320e-02,1.274167e-02,2.464423e-02,1.472945e-03,1.533687e-02,5.360361e-01,2.497955e-02,1.911061e-03,5.661615e-04
8.923554e-03,2.481606e-03,3.057636e-03,3.535373e-04,1.303154e-02,2.171058e-01,1.153763e-01,1.171843e-02,3.792018e-02,2.199250e-03,1.560251e-02,5.465497e-01,2.368175e-02,1.499102e-03,4.991260e-04
7.755077e-03,2.104719e-03,2.288639e-03,3.428055e-04,1.039449e-02,1.764990e-01,1.410935e-01,1.223238e-02,4.346509e-02,2.665638e-03,1.834879e-02,5.466146e-01,3.455350e-02,1.176467e-03,4.652997e-04
1.043329e-02,1.981054e-03,2.175135e-03,8.872914e-04,1.085925e-02,2.073111e-01,2.070612e-01,4.036048e-02,3.824212e-02,2.659372e-03,1.513966e-02,4.116994e-01,4.968797e-02,9.031381e-04,5.995167e-04
1.713737e-02,1.943011e-03,2.031123e-03,1.111167e-03,1.251109e-02,2.114628e-01,2.558471e-01,3.751823e-02,3.410758e-02,2.161680e-03,1.249574e-02,3.509686e-01,5.927914e-02,7.106637e-04,7.146135e-04
4.950854e-02,2.777172e-03,2.659158e-03,1.231291e-03,2.037269e-02,1.904396e-01,2.723244e-01,3.495484e-02,4.067101e-02,2.092596e-03,1.542065e-02,3.153643e-01,5.025054e-02,7.867728e-04,1.146416e-03
7.197571e-02,2.414637e-03,3.282691e-03,1.197409e-03,1.955196e-02,1.462331e-01,2.190877e-01,3.437696e-02,3.814677e-02,1.623906e-03,2.884093e-02,3.947749e-01,3.668367e-02,7.299010e-04,1.079655e-03
9.368223e-02,2.182534e-03,4.847619e-03,1.107556e-03,2.246978e-02,1.139498e-01,2.157717e-01,3.306071e-02,3.543594e-02,1.274922e-03,4.677471e-02,3.999327e-01,2.776372e-02,6.864470e-04,1.059551e-03
1.327511e-01,2.226068e-03,7.167848e-03,1.113154e-03,2.244661e-02,9.557417e-02,2.361152e-01,2.977323e-02,3.299603e-02,1.042841e-03,6.070438e-02,3.503430e-01,2.567772e-02,8.459737e-04,1.222682e-03
1.408147e-01,2.009564e-03,6.253203e-03,1.059332e-03,2.112631e-02,7.595927e-02,2.878119e-01,2.679953e-02,2.932004e-02,9.164334e-04,6.112543e-02,3.242505e-01,2.051664e-02,7.685242e-04,1.268623e-03
1.446913e-01,2.690531e-03,6.618040e-03,1.869116e-03,2.232371e-02,9.043269e-02,3.309587e-01,2.387618e-02,2.638307e-02,1.747943e-03,5.840016e-02,2.478570e-01,3.869186e-02,8.101158e-04,2.649606e-03
2.129764e-01,5.689213e-03,9.277072e-03,4.429528e-03,1.793597e-02,6.790934e-02,2.536747e-01,4.178034e-02,2.255405e-02,6.753723e-03,5.654711e-02,2.283848e-01,6.268233e-02,2.503630e-03,6.901804e-03
2.541852e-01,1.846460e-02,9.553622e-03,6.866641e-03,1.455849e-02,5.311306e-02,1.973216e-01,4.856360e-02,2.249952e-02,1.117225e-02,4.913915e-02,2.105560e-01,9.010288e-02,3.519837e-03,1.038361e-02
3.422365e-01,1.903237e-02,7.940743e-03,1.207502e-02,1.227253e-02,4.105673e-02,1.582868e-01,3.782617e-02,2.297591e-02,2.328098e-02,3.957010e-02,1.571134e-01,9.384368e-02,6.819845e-03,2.566921e-02
3.961618e-01,1.940010e-02,7.620227e-03,1.670675e-02,1.269806e-02,3.286850e-02,1.221731e-01,2.848536e-02,2.764523e-02,2.561359e-02,3.140007e-02,1.161816e-01,1.161473e-01,6.798506e-03,4.009989e-02
4.598118e-01,1.556293e-02,9.244522e-03,1.481019e-02,1.112161e-02,2.666697e-02,1.026582e-01,2.403130e-02,2.186454e-02,2.682263e-02,2.338911e-02,8.859877e-02,1.219865e-01,7.386228e-03,4.604477e-02
4.947099e-01,1.481828e-02,7.711810e-03,1.653261e-02,1.005451e-02,2.207198e-02,7.700408e-02,1.981193e-02,1.910655e-02,3.184246e-02,1.801313e-02,6.961991e-02,1.344847e-01,7.619770e-03,5.659840e-02
4.280016e-01,1.531205e-02,6.750843e-03,1.834608e-02,1.065862e-02,3.458747e-02,5.745275e-02,1.613428e-02,2.310286e-02,4.322432e-02,1.760865e-02,6.807002e-02,1.870386e-01,8.657203e-03,6.505468e-02
3.463312e-01,1.167359e-02,6.390275e-03,1.882384e-02,1.710907e-02,3.127315e-02,5.177144e-02,1.493347e-02,2.406429e-02,6.084355e-02,2.203039e-02,5.895959e-02,1.975650e-01,8.943307e-03,1.292879e-01
3.357796e-01,1.050121e-02,6.052841e-03,2.140085e-02,2.496360e-02,4.412137e-02,4.604953e-02,1.168304e-02,2.237180e-02,5.161492e-02,2.024605e-02,5.169090e-02,1.889463e-01,7.430498e-03,1.571476e-01
3.323718e-01,2.099055e-02,6.659424e-03,4.876517e-02,4.492742e-02,5.217736e-02,5.726605e-02,1.011451e-02,2.261068e-02,4.577450e-02,1.927073e-02,5.646634e-02,1.545697e-01,6.562475e-03,1.214734e-01
2.729760e-01,1.827727e-02,6.113412e-03,3.835103e-02,6.510289e-02,4.583296e-02,5.092942e-02,9.979871e-03,2.076719e-02,6.894185e-02,1.944969e-02,4.769656e-02,1.528386e-01,5.495618e-03,1.772477e-01
2.126660e-01,1.928991e-02,8.087761e-03,6.569245e-02,8.866978e-02,3.797695e-02,4.016246e-02,1.206151e-02,3.575791e-02,7.009817e-02,2.601962e-02,4.432727e-02,1.384456e-01,4.888787e-03,1.958558e-01
1.805952e-01,1.484843e-02,1.349036e-02,7.196505e-02,7.150728e-02,3.103980e-02,2.904648e-02,5.455818e-02,4.665897e-02,5.539502e-02,7.261083e-02,7.313946e-02,1.357239e-01,4.611522e-03,1.448095e-01
1.943364e-01,1.557424e-02,1.577032e-02,7.766382e-02,6.478375e-02,2.902232e-02,2.363945e-02,4.159657e-02,8.022320e-02,4.319375e-02,8.217900e-02,9.816930e-02,1.198999e-01,5.471185e-03,1.084770e-01
2.244823e-01,1.783176e-02,1.836312e-02,1.152324e-01,6.047064e-02,3.041244e-02,2.203480e-02,3.047876e-02,1.023764e-01,3.289334e-02,6.520371e-02,9.924740e-02,9.343388e-02,5.113435e-03,8.242571e-02
2.235923e-01,2.138190e-02,2.707548e-02,1.222368e-01,8.779128e-02,3.186584e-02,2.449478e-02,2.458975e-02,1.537666e-01,2.482980e-02,4.886617e-02,7.345828e-02,6.988294e-02,3.775629e-03,6.239254e-02
2.322872e-01,2.885908e-02,3.424218e-02,1.386903e-01,8.118404e-02,2.740876e-02,2.245254e-02,1.945203e-02,2.037797e-01,2.043658e-02,3.525944e-02,5.438928e-02,5.087867e-02,2.845562e-03,4.783465e-02
1.754015e-01,4.667642e-02,8.183542e-02,2.781458e-01,5.946576e-02,2.066499e-02,1.597660e-02,1.388001e-02,1.481907e-01,1.685297e-02,2.555583e-02,3.901482e-02,3.642616e-02,2.056738e-03,3.985630e-02
2.115765e-01,5.202761e-02,9.537390e-02,2.486610e-01,5.625277e-02,2.140594e-02,1.450663e-02,1.131944e-02,1.440540e-01,1.916073e-02,2.083571e-02,2.970979e-02,2.830171e-02,1.942903e-03,4.487134e-02
1.677119e-01,4.698271e-02,1.455843e-01,3.121386e-01,6.135951e-02,1.785431e-02,1.460048e-02,1.534197e-02,1.106303e-01,1.494364e-02,1.555037e-02,2.168678e-02,2.102096e-02,1.453413e-03,3.314080e-02
1.378448e-01,4.151335e-02,2.399515e-01,3.042268e-01,6.861874e-02,1.473160e-02,1.284032e-02,1.494952e-02,8.376262e-02,1.187713e-02,1.202260e-02,1.604132e-02,1.594339e-02,1.103570e-03,2.457273e-02
1.745800e-01,4.444726e-02,2.069923e-01,2.538086e-01,1.119891e-01,1.713747e-02,1.536795e-02,2.169771e-02,8.588646e-02,1.020269e-02,9.397726e-03,1.335755e-02,1.341415e-02,1.126614e-03,2.059439e-02
2.454855e-01,5.271757e-02,1.531967e-01,1.955038e-01,1.312540e-01,2.812388e-02,1.547300e-02,1.893137e-02,9.027646e-02,8.534363e-03,9.634786e-03,1.517527e-02,1.434471e-02,2.052308e-03,1.929623e-02
3.383490e-01,5.232722e-02,1.101708e-01,1.544176e-01,1.285381e-01,3.332266e-02,1.831478e-02,1.674280e-02,7.619230e-02,6.699335e-03,9.762039e-03,1.927018e-02,1.664416e-02,2.327253e-03,1.692170e-02
2.879565e-01,7.622585e-02,9.085593e-02,2.444209e-01,1.086512e-01,2.604133e-02,1.481973e-02,1.360260e-02,5.705876e-02,9.951186e-03,8.961121e-03,1.994039e-02,1.486499e-02,1.993620e-03,2.465597e-02
3.977588e-01,6.394798e-02,6.913323e-02,2.149548e-01,8.958810e-02,2.158714e-02,1.268833e-02,1.320881e-02,4.397060e-02,7.568653e-03,8.199845e-03,2.161015e-02,1.400737e-02,1.843695e-03,1.993251e-02
4.869397e-01,5.834412e-02,5.203261e-02,1.648251e-01,8.062652e-02,2.043865e-02,1.198768e-02,1.157843e-02,4.280462e-02,5.890003e-03,8.054277e-03,2.106384e-02,1.556800e-02,2.021901e-03,1.782456e-02
1.000000e+00,0.000000e+00,0.000000e+00,0.000000e+00,0.000000e+00,0.000000e+00,0.000000e+00,0.000000e+00,0.000000e+00,0.000000e+00,0.000000e+00,0.000000e+00,0.000000e+00,0.000000e+00,0.000000e+00
1.000000e+00,0.000000e+00,0.000000e+00,0.000000e+00,0.000000e+00,0.000000e+00,0.000000e+00,0.000000e+00,0.000000e+00,0.000000e+00,0.000000e+00,0.000000e+00,0.000000e+00,0.000000e+00,0.000000e+00
