1.000000e+00,0.000000e+00,0.000000e+00,0.000000e+00,0.000000e+00,0.000000e+00,0.000000e+00,0.000000e+00,0.000000e+00,0.000000e+00,0.000000e+00,0.000000e+00,0.000000e+00,0.000000e+00,0.000000e+00
1.000000e+00,0.000000e+00,0.000000e+00,0.000000e+00,0.000000e+00,0.000000e+00,0.000000e+00,0.000000e+00,0.000000e+00,0.000000e+00,0.000000e+00,0.000000e+00,0.000000e+00,0.000000e+00,0.000000e+00
1.000000e+00,0.000000e+00,0.000000e+00,0.000000e+00,0.000000e+00,0.000000e+00,0.000000e+00,0.000000e+00,0.000000e+00,0.000000e+00,0.000000e+00,0.000000e+00,0.000000e+00,0.000000e+00,0.000000e+00
1.000000e+00,0.000000e+00,0.000000e+00,0.000000e+00,0.000000e+00,0.000000e+00,0.000000e+00,0.000000e+00,0.000000e+00,0.000000e+00,0.000000e+00,0.000000e+00,0.000000e+00,0.000000e+00,0.000000e+00
1.000000e+00,0.000000e+00,0.000000e+00,0.000000e+00,0.000000e+00,0.000000e+00,0.000000e+00,0.000000e+00,0.000000e+00,0.000000e+00,0.000000e+00,0.000000e+00,0.000000e+00,0.000000e+00,0.000000e+00
1.000000e+00,0.000000e+00,0.000000e+00,0.000000e+00,0.000000e+00,0.000000e+00,0.000000e+00,0.000000e+00,0.000000e+00,0.000000e+00,0.000000e+00,0.000000e+00,0.000000e+00,0.000000e+00,0.000000e+00
1.000000e+00,0.000000e+00,0.000000e+00,0.000000e+00,0.000000e+00,0.000000e+00,0.000000e+00,0.000000e+00,0.000000e+00,0.000000e+00,0.000000e+00,0.000000e+00,0.000000e+00,0.000000e+00,0.000000e+00
1.000000e+00,0.000000e+00,0.000000e+00,0.000000e+00,0.000000e+00,0.000000e+00,0.000000e+00,0.000000e+00,0.000000e+00,0.000000e+00,0.000000e+00,0.000000e+00,0.000000e+00,0.000000e+00,0.000000e+00
1.000000e+00,0.000000e+00,0.000000e+00,0.000000e+00,0.000000e+00,0.000000e+00,0.000000e+00,0.000000e+00,0.000000e+00,0.000000e+00,0.000000e+00,0.000000e+00,0.000000e+00,0.000000e+00,0.000000e+00
1.000000e+00,0.000000e+00,0.000000e+00,0.000000e+00,0.000000e+00,0.000000e+00,0.000000e+00,0.000000e+00,0.000000e+00,0.000000e+00,0.000000e+00,0.000000e+00,0.000000e+00,0.000000e+00,0.000000e+00
1.000000e+00,0.000000e+00,0.000000e+00,0.000000e+00,0.000000e+00,0.000000e+00,0.000000e+00,0.000000e+00,0.000000e+00,0.000000e+00,0.000000e+00,0.000000e+00,0.000000e+00,0.000000e+00,0.000000e+00
1.000000e+00,0.000000e+00,0.000000e+00,0.000000e+00,0.000000e+00,0.000000e+00,0.000000e+00,0.000000e+00,0.000000e+00,0.000000e+00,0.000000e+00,0.000000e+00,0.000000e+00,0.000000e+00,0.000000e+00
1.000000e+00,0.000000e+00,0.000000e+00,0.000000e+00,0.000000e+00,0.000000e+00,0.000000e+00,0.000000e+00,0.000000e+00,0.000000e+00,0.000000e+00,0.000000e+00,0.000000e+00,0.000000e+00,0.000000e+00
1.000000e+00,0.000000e+00,0.000000e+00,0.000000e+00,0.000000e+00,0.000000e+00,0.000000e+00,0.000000e+00,0.000000e+00,0.000000e+00,0.000000e+00,0.000000e+00,0.000000e+00,0.000000e+00,0.000000e+00
1.000000e+00,0.000000e+00,0.000000e+00,0.000000e+00,0.000000e+00,0.000000e+00,0.000000e+00,0.000000e+00,0.000000e+00,0.000000e+00,0.000000e+00,0.000000e+00,0.000000e+00,0.000000e+00,0.000000e+00
1.000000e+00,0.000000e+00,0.000000e+00,0.000000e+00,0.000000e+00,0.000000e+00,0.000000e+00,0.000000e+00,0.000000e+00,0.000000e+00,0.000000e+00,0.000000e+00,0.000000e+00,0.000000e+00,0.000000e+00
1.000000e+00,0.000000e+00,0.000000e+00,0.000000e+00,0.000000e+00,0.000000e+00,0.000000e+00,0.000000e+00,0.000000e+00,0.000000e+00,0.000000e+00,0.000000e+00,0.000000e+00,0.000000e+00,0.000000e+00
1.000000e+00,0.000000e+00,0.000000e+00,0.000000e+00,0.000000e+00,0.000000e+00,0.000000e+00,0.000000e+00,0.000000e+00,0.000000e+00,0.000000e+00,0.000000e+00,0.000000e+00,0.000000e+00,0.000000e+00
1.000000e+00,0.000000e+00,0.000000e+00,0.000000e+00,0.000000e+00,0.000000e+00,0.000000e+00,0.000000e+00,0.000000e+00,0.000000e+00,0.000000e+00,0.000000e+00,0.000000e+00,0.000000e+00,0.000000e+00
1.000000e+00,0.000000e+00,0.000000e+00,0.000000e+00,0.000000e+00,0.000000e+00,0.000000e+00,0.000000e+00,0.000000e+00,0.000000e+00,0.000000e+00,0.000000e+00,0.000000e+00,0.000000e+00,0.000000e+00
1.000000e+00,0.000000e+00,0.000000e+00,0.000000e+00,0.000000e+00,0.000000e+00,0.000000e+00,0.000000e+00,0.000000e+00,0.000000e+00,0.000000e+00,0.000000e+00,0.000000e+00,0.000000e+00,0.000000e+00
1.000000e+00,0.000000e+00,0.000000e+00,0.000000e+00,0.000000e+00,0.000000e+00,0.000000e+00,0.000000e+00,0.000000e+00,0.000000e+00,0.000000e+00,0.000000e+00,0.000000e+00,0.000000e+00,0.000000e+00
1.000000e+00,0.000000e+00,0.000000e+00,0.000000e+00,0.000000e+00,0.000000e+00,0.000000e+00,0.000000e+00,0.000000e+00,0.000000e+00,0.000000e+00,0.000000e+00,0.000000e+00,0.000000e+00,0.000000e+00
1.000000e+00,0.000000e+00,0.000000e+00,0.000000e+00,0.000000e+00,0.000000e+00,0.000000e+00,0.000000e+00,0.000000e+00,0.000000e+00,0.000000e+00,0.000000e+00,0.000000e+00,0.000000e+00,0.000000e+00
1.000000e+00,0.000000e+00,0.000000e+00,0.000000e+00,0.000000e+00,0.000000e+00,0.000000e+00,0.000000e+00,0.000000e+00,0.000000e+00,0.000000e+00,0.000000e+00,0.000000e+00,0.000000e+00,0.000000e+00
1.000000e+00,0.000000e+00,0.000000e+00,0.000000e+00,0.000000e+00,0.000000e+00,0.000000e+00,0.000000e+00,0.000000e+00,0.000000e+00,0.000000e+00,0.000000e+00,0.000000e+00,0.000000e+00,0.000000e+00
1.000000e+00,0.000000e+00,0.000000e+00,0.000000e+00,0.000000e+00,0.000000e+00,0.000000e+00,0.000000e+00,0.000000e+00,0.000000e+00,0.000000e+00,0.000000e+00,0.000000e+00,0.000000e+00,0.000000e+00
1.000000e+00,0.000000e+00,0.000000e+00,0.000000e+00,0.000000e+00,0.000000e+00,0.000000e+00,0.000000e+00,0.000000e+00,0.000000e+00,0.000000e+00,0.000000e+00,0.000000e+00,0.000000e+00,0.000000e+00
1.000000e+00,0.000000e+00,0.000000e+00,0.000000e+00,0.000000e+00,0.000000e+00,0.000000e+00,0.000000e+00,0.000000e+00,0.000000e+00,0.000000e+00,0.000000e+00,0.000000e+00,0.000000e+00,0.000000e+00
1.000000e+00,0.000000e+00,0.000000e+00,0.000000e+00,0.000000e+00,0.000000e+00,0.000000e+00,0.000000e+00,0.000000e+00,0.000000e+00,0.000000e+00,0.000000e+00,0.000000e+00,0.000000e+00,0.000000e+00
1.000000e+00,0.000000e+00,0.000000e+00,0.000000e+00,0.000000e+00,0.000000e+00,0.000000e+00,0.000000e+00,0.000000e+00,0.000000e+00,0.000000e+00,0.000000e+00,0.000000e+00,0.000000e+00,0.000000e+00
1.000000e+00,0.000000e+00,0.000000e+00,0.000000e+00,0.000000e+00,0.000000e+00,0.000000e+00,0.000000e+00,0.000000e+00,0.000000e+00,0.000000e+00,0.000000e+00,0.000000e+00,0.000000e+00,0.000000e+00
1.000000e+00,0.000000e+00,0.000000e+00,0.000000e+00,0.000000e+00,0.000000e+00,0.000000e+00,0.000000e+00,0.000000e+00,0.000000e+00,0.000000e+00,0.000000e+00,0.000000e+00,0.000000e+00,0.000000e+00
1.000000e+00,0.000000e+00,0.000000e+00,0.000000e+00,0.000000e+00,0.000000e+00,0.000000e+00,0.000000e+00,0.000000e+00,0.000000e+00,0.000000e+00,0.000000e+00,0.000000e+00,0.000000e+00,0.000000e+00
1.000000e+00,0.000000e+00,0.000000e+00,0.000000e+00,0.000000e+00,0.000000e+00,0.000000e+00,0.000000e+00,0.000000e+00,0.000000e+00,0.000000e+00,0.000000e+00,0.000000e+00,0.000000e+00,0.000000e+00
1.000000e+00,0.000000e+00,0.000000e+00,0.000000e+00,0.000000e+00,0.000000e+00,0.000000e+00,0.000000e+00,0.000000e+00,0.000000e+00,0.000000e+00,0.000000e+00,0.000000e+00,0.000000e+00,0.000000e+00
1.000000e+00,0.000000e+00,0.000000e+00,0.000000e+00,0.000000e+00,0.000000e+00,0.000000e+00,0.000000e+00,0.000000e+00,0.000000e+00,0.000000e+00,0.000000e+00,0.000000e+00,0.000000e+00,0.000000e+00
1.000000e+00,0.000000e+00,0.000000e+00,0.000000e+00,0.000000e+00,0.000000e+00,0.000000e+00,0.000000e+00,0.000000e+00,0.000000e+00,0.000000e+00,0.000000e+00,0.000000e+00,0.000000e+00,0.000000e+00
1.000000e+00,0.000000e+00,0.000000e+00,0.000000e+00,0.000000e+00,0.000000e+00,0.000000e+00,0.000000e+00,0.000000e+00,0.000000e+00,0.000000e+00,0.000000e+00,0.000000e+00,0.000000e+00,0.000000e+00
1.000000e+00,0.000000e+00,0.000000e+00,0.000000e+00,0.000000e+00,0.000000e+00,0.000000e+00,0.000000e+00,0.000000e+00,0.000000e+00,0.000000e+00,0.000000e+00,0.000000e+00,0.000000e+00,0.000000e+00
1.000000e+00,0.000000e+00,0.000000e+00,0.000000e+00,0.000000e+00,0.000000e+00,0.000000e+00,0.000000e+00,0.000000e+00,0.000000e+00,0.000000e+00,0.000000e+00,0.000000e+00,0.000000e+00,0.000000e+00
1.000000e+00,0.000000e+00,0.000000e+00,0.000000e+00,0.000000e+00,0.000000e+00,0.000000e+00,0.000000e+00,0.000000e+00,0.000000e+00,0.000000e+00,0.000000e+00,0.000000e+00,0.000000e+00,0.000000e+00
1.000000e+00,0.000000e+00,0.000000e+00,0.000000e+00,0.000000e+00,0.000000e+00,0.000000e+00,0.000000e+00,0.000000e+00,0.000000e+00,0.000000e+00,0.000000e+00,0.000000e+00,0.000000e+00,0.000000e+00
1.000000e+00,0.000000e+00,0.000000e+00,0.000000e+00,0.000000e+00,0.000000e+00,0.000000e+00,0.000000e+00,0.000000e+00,0.000000e+00,0.000000e+00,0.000000e+00,0.000000e+00,0.000000e+00,0.000000e+00
1.000000e+00,0.000000e+00,0.000000e+00,0.000000e+00,0.000000e+00,0.000000e+00,0.000000e+00,0.000000e+00,0.000000e+00,0.000000e+00,0.000000e+00,0.000000e+00,0.000000e+00,0.000000e+00,0.000000e+00
1.000000e+00,0.000000e+00,0.000000e+00,0.000000e+00,0.000000e+00,0.000000e+00,0.000000e+00,0.000000e+00,0.000000e+00,0.000000e+00,0.000000e+00,0.000000e+00,0.000000e+00,0.000000e+00,0.000000e+00
1.000000e+00,0.000000e+00,0.000000e+00,0.000000e+00,0.000000e+00,0.000000e+00,0.000000e+00,0.000000e+00,0.000000e+00,0.000000e+00,0.000000e+00,0.000000e+00,0.000000e+00,0.000000e+00,0.000000e+00
1.000000e+00,0.000000e+00,0.000000e+00,0.000000e+00,0.000000e+00,0.000000e+00,0.000000e+00,0.000000e+00,0.000000e+00,0.000000e+00,0.000000e+00,0.000000e+00,0.000000e+00,0.000000e+00,0.000000e+00
3.908292e-01,4.608749e-02,2.819658e-02,3.871625e-02,1.427021e-02,2.679057e-02,7.251420e-02,3.304101e-01,4.955465e-03,1.454599e-03,6.775901e-03,7.860215e-03,9.406336e-03,3.862148e-03,1.787075e-02
2.750173e-01,3.292699e-02,2.560530e-02,2.867312e-02,1.211260e-02,2.308478e-02,8.470812e-02,4.778874e-01,3.536752e-03,1.057013e-03,4.892845e-03,5.707743e-03,9.008689e-03,3.041903e-03,1.273948e-02
1.946238e-01,2.330126e-02,2.380089e-02,2.185973e-02,9.469563e-03,2.617690e-02,1.106702e-01,5.598665e-01,2.510333e-03,7.874301e-04,3.521602e-03,4.144626e-03,7.866737e-03,2.284837e-03,9.115499e-03
1.396326e-01,1.669849e-02,2.031428e-02,1.698399e-02,8.180752e-03,3.581054e-02,1.174004e-01,6.202545e-01,1.862999e-03,7.046780e-04,2.696557e-03,3.188512e-03,7.626179e-03,1.859047e-03,6.786481e-03
1.044379e-01,1.306474e-02,2.064963e-02,1.484325e-02,1.056763e-02,9.646921e-02,1.184941e-01,5.914184e-01,1.570716e-03,1.679941e-03,2.880444e-03,3.338401e-03,1.236823e-02,1.675917e-03,6.541512e-03
7.458690e-02,9.465172e-03,1.503365e-02,1.070192e-02,7.850173e-03,2.323835e-01,8.787563e-02,4.244698e-01,1.335424e-03,2.281585e-03,2.514483e-03,3.107502e-03,1.194419e-01,1.202756e-03,7.749575e-03
5.294901e-02,6.842568e-03,1.075316e-02,7.864907e-03,5.620223e-03,1.782166e-01,6.516169e-02,3.000964e-01,1.413607e-03,2.553552e-03,2.272333e-03,2.382801e-03,3.471381e-01,8.666298e-04,1.586841e-02
3.724581e-02,4.935272e-03,7.563997e-03,5.607253e-03,3.977866e-03,1.312664e-01,4.596062e-02,2.106728e-01,1.140964e-03,1.931657e-03,1.726133e-03,1.780165e-03,5.230301e-01,6.167078e-04,2.254424e-02
2.627377e-02,3.668122e-03,5.348593e-03,4.048960e-03,2.936241e-03,9.650522e-02,3.264027e-02,1.477406e-01,1.159083e-03,1.471911e-03,1.388611e-03,1.509145e-03,6.458488e-01,5.076266e-04,2.895311e-02
1.862735e-02,2.650548e-03,3.773400e-03,2.937755e-03,2.196356e-03,7.128787e-02,2.387494e-02,1.036026e-01,1.119245e-03,1.241646e-03,1.771222e-03,1.870228e-03,7.097182e-01,3.900976e-04,5.493857e-02
1.334438e-02,1.933225e-03,2.671804e-03,2.142026e-03,1.610326e-03,5.244270e-02,1.740275e-02,7.257388e-02,1.166357e-03,1.167562e-03,1.724293e-03,2.001071e-03,7.507516e-01,2.909336e-04,7.877712e-02
9.485374e-03,1.429009e-03,2.009501e-03,1.683040e-03,2.262111e-03,4.009674e-02,1.725768e-02,5.102821e-02,1.439335e-03,1.172871e-03,1.704693e-03,2.612162e-03,6.938934e-01,2.911331e-04,1.736348e-01
6.965755e-03,1.075187e-03,1.483217e-03,1.286709e-03,1.693787e-03,3.670747e-02,1.304157e-02,3.578112e-02,1.265923e-03,1.191866e-03,1.509885e-03,3.293693e-03,7.032457e-01,2.335424e-04,1.912246e-01
5.582072e-03,8.398357e-04,1.106067e-03,9.740378e-04,1.301639e-03,2.919072e-02,1.020923e-02,2.510936e-02,1.137228e-03,1.105327e-03,1.446120e-03,5.680492e-03,6.722988e-01,2.156834e-04,2.438034e-01
4.151798e-03,7.996305e-04,1.179702e-03,7.750722e-04,1.472259e-03,2.292041e-02,1.097883e-02,1.767825e-02,1.231186e-03,1.397123e-03,1.221779e-03,4.875608e-03,6.975701e-01,1.903369e-04,2.335579e-01
3.275454e-03,6.171437e-04,1.029567e-03,6.348451e-04,1.384071e-03,2.363907e-02,1.698807e-02,1.282760e-02,1.218012e-03,1.195075e-03,1.210324e-03,4.678427e-03,6.634688e-01,1.984830e-04,2.676351e-01
3.538239e-03,5.853127e-04,2.371437e-03,6.295217e-04,2.944233e-03,2.675553e-02,3.103230e-02,9.720189e-03,1.164026e-03,1.235776e-03,1.275036e-03,4.895451e-03,6.353558e-01,1.876746e-04,2.783095e-01
5.268971e-03,6.611665e-04,2.239151e-03,9.596572e-04,9.174976e-03,2.111129e-02,2.264076e-02,7.232680e-03,1.343677e-03,1.120547e-03,1.875734e-03,7.024189e-03,6.442103e-01,1.606919e-04,2.749763e-01
5.482336e-03,5.845163e-04,1.726804e-03,9.323286e-04,1.087390e-02,1.582438e-02,1.622660e-02,5.617900e-03,1.421030e-03,9.543161e-04,2.410094e-03,1.341294e-02,7.110255e-01,1.482375e-04,2.133591e-01
1.044175e-02,4.985366e-04,1.381650e-03,8.375423e-04,1.000332e-02,1.177154e-02,1.169993e-02,5.123864e-03,2.062301e-03,1.189490e-03,7.842518e-03,2.893309e-02,7.446796e-01,4.776282e-04,1.630572e-01
9.467538e-03,3.878241e-04,9.919401e-04,6.655169e-04,8.022287e-03,8.667674e-03,8.257339e-03,3.896239e-03,2.165994e-03,9.556903e-04,1.095278e-02,3.698467e-02,7.922789e-01,3.663136e-04,1.159393e-01
1.088492e-02,4.007182e-04,7.728177e-04,5.665979e-04,6.864094e-03,6.735940e-03,5.841163e-03,4.079491e-03,3.625395e-03,8.208578e-04,1.298153e-02,4.804176e-02,8.164754e-01,3.196902e-04,8.158962e-02
1.328588e-02,2.901374e-03,9.640142e-04,7.784906e-04,9.377733e-03,2.686649e-02,4.235961e-03,1.788371e-02,4.668718e-02,1.348389e-03,2.965391e-02,6.056248e-02,7.260948e-01,4.472149e-04,5.891240e-02
1.313481e-02,6.456180e-03,1.261397e-03,7.630552e-04,9.777448e-03,9.790675e-02,3.135851e-03,2.891436e-02,1.132653e-01,1.728804e-03,3.745615e-02,5.576608e-02,5.878816e-01,3.576381e-04,4.219469e-02
1.558344e-02,5.569902e-03,2.499809e-03,1.528468e-03,1.163394e-02,2.016065e-01,7.540268e-03,3.323635e-02,1.159324e-01,1.530353e-03,3.305196e-02,4.200751e-02,4.957356e-01,3.122167e-04,3.223127e-02
1.733416e-02,6.915039e-03,4.057162e-03,1.650483e-03,2.165617e-02,2.735495e-01,5.701976e-03,2.912410e-02,1.183665e-01,1.351716e-03,2.516985e-02,3.735635e-02,4.316456e-01,2.918635e-04,2.582957e-02
1.989944e-02,8.155922e-03,7.757007e-03,8.728863e-02,2.387226e-02,2.958403e-01,4.164107e-03,3.575158e-02,1.337578e-01,1.685477e-03,2.176599e-02,2.751161e-02,3.119643e-01,2.838885e-04,2.030163e-02
2.269423e-02,9.591414e-03,6.745267e-03,7.371748e-02,1.879887e-02,3.080983e-01,3.198811e-03,7.783181e-02,1.549710e-01,2.661830e-03,2.652095e-02,2.210687e-02,2.565234e-01,4.558940e-04,1.608385e-02
3.597018e-02,7.334826e-03,5.662047e-03,6.239404e-02,3.451408e-02,3.137961e-01,4.626650e-03,8.021994e-02,1.748629e-01,2.415986e-03,2.883578e-02,2.081522e-02,2.140951e-01,5.561610e-04,1.390096e-02
3.577372e-02,1.194253e-02,5.015868e-03,4.499187e-02,3.521153e-02,2.572134e-01,5.551611e-03,6.405054e-02,2.964712e-01,1.975783e-03,2.542260e-02,2.044337e-02,1.818327e-01,5.298221e-04,1.357337e-02
3.293072e-02,1.415527e-02,4.358748e-03,3.279842e-02,4.119720e-02,3.097429e-01,6.829896e-03,6.282581e-02,3.027761e-01,1.484822e-03,2.237201e-02,1.599788e-02,1.414022e-01,5.218480e-04,1.060617e-02
4.319966e-02,1.234793e-02,6.027581e-03,2.536256e-02,3.822391e-02,3.183269e-01,8.455850e-03,1.482376e-01,2.575019e-01,1.113205e-03,1.672437e-02,1.149977e-02,1.040187e-01,5.358342e-04,8.424210e-03
6.833045e-02,1.102908e-02,5.515774e-03,2.016369e-02,5.097619e-02,3.398148e-01,1.100311e-02,1.234992e-01,2.406592e-01,8.195894e-04,1.442125e-02,9.732235e-03,9.348321e-02,1.630073e-03,8.922162e-03
7.418778e-02,9.429252e-03,4.556840e-03,1.835979e-02,5.298603e-02,2.490776e-01,2.172579e-02,1.614867e-01,2.209182e-01,6.361931e-04,1.550037e-02,1.020313e-02,1.491775e-01,1.831270e-03,9.923499e-03
6.405803e-02,1.670293e-02,6.782404e-03,3.315647e-02,5.893904e-02,1.890063e-01,2.230202e-02,2.017076e-01,2.465725e-01,7.152568e-04,1.594527e-02,8.828484e-03,1.208573e-01,1.629254e-03,1.279718e-02
5.092610e-02,1.266852e-02,5.507970e-03,2.457442e-02,4.881477e-02,1.406568e-01,2.699708e-02,3.627670e-01,1.949562e-01,5.424896e-04,1.296623e-02,7.078420e-03,1.003509e-01,1.392782e-03,9.800287e-03
4.095884e-02,9.181780e-03,4.263187e-03,1.756275e-02,3.972465e-02,1.005637e-01,2.642335e-02,5.281102e-01,1.396556e-01,3.984827e-04,9.346005e-03,5.043391e-03,7.085106e-02,9.883884e-04,6.928745e-03
3.416306e-02,6.780400e-03,3.119468e-03,1.255690e-02,3.059417e-02,7.075433e-02,1.877090e-02,6.572843e-01,1.001835e-01,2.952677e-04,6.632410e-03,3.569474e-03,4.972586e-02,6.968846e-04,4.873123e-03
2.666651e-02,4.846298e-03,2.240629e-03,8.853734e-03,2.336168e-02,4.969557e-02,1.322634e-02,7.537724e-01,7.115723e-02,2.090156e-04,4.674425e-03,2.521709e-03,3.486481e-02,4.894367e-04,3.420276e-03
2.047102e-02,3.550639e-03,1.687187e-03,6.222401e-03,1.955020e-02,3.488100e-02,9.304295e-03,8.215770e-01,5.027677e-02,1.487157e-04,3.292665e-03,1.810484e-03,2.447578e-02,3.456114e-04,2.406323e-03
1.768767e-02,2.641941e-03,1.238478e-03,4.399951e-03,1.629562e-02,2.451264e-02,6.574676e-03,8.680570e-01,3.557678e-02,1.063841e-04,2.328943e-03,1.380519e-03,1.723378e-02,2.463967e-04,1.719339e-03
1.512609e-02,2.261247e-03,9.380234e-04,3.192546e-03,1.395120e-02,1.726375e-02,4.835912e-03,9.005413e-01,2.547660e-02,8.027515e-05,1.661952e-03,1.096986e-03,1.215359e-02,1.801309e-04,1.240465e-03
1.511032e-02,2.034301e-03,8.310045e-04,2.418092e-03,1.097385e-02,1.228039e-02,3.589018e-03,9.217449e-01,1.875968e-02,7.152761e-05,1.230462e-03,1.053446e-03,8.800641e-03,1.437777e-04,9.585930e-04
1.492149e-02,1.738409e-03,6.814912e-04,1.799873e-03,8.941719e-03,8.702262e-03,2.594212e-03,9.380299e-01,1.356526e-02,5.568574e-05,8.885136e-04,8.929693e-04,6.352764e-03,1.079206e-04,7.276179e-04
2.362384e-02,1.486774e-03,6.913098e-04,1.427659e-03,6.992121e-03,6.339254e-03,1.933613e-03,9.404649e-01,9.861151e-03,5.266783e-05,6.678603e-04,9.180180e-04,4.750546e-03,9.268951e-05,6.976695e-04
3.991173e-02,1.310029e-03,7.207725e-04,1.320835e-03,5.412075e-03,4.924501e-03,1.510717e-03,9.310554e-01,7.173017e-03,6.338442e-05,5.519834e-04,1.298705e-03,3.790939e-03,1.076981e-04,8.482123e-04
8.470105e-02,1.152377e-03,1.101056e-03,1.419865e-03,4.421240e-03,4.298254e-03,1.367276e-03,8.880410e-01,5.263248e-03,8.289448e-05,5.999235e-04,1.866492e-03,4.264786e-03,1.632866e-04,1.257326e-03
1.785919e-01,1.112009e-03,1.512185e-03,1.536713e-03,3.467780e-03,3.989032e-03,1.398879e-03,7.940139e-01,4.021955e-03,1.417542e-04,8.024932e-04,2.514729e-03,4.697595e-03,2.851720e-04,1.913929e-03
2.685817e-01,1.149229e-03,1.820405e-03,1.605717e-03,2.796816e-03,4.106927e-03,1.252927e-03,7.045460e-01,3.049713e-03,1.851540e-04,9.079719e-04,2.870094e-03,4.162664e-03,4.036558e-04,2.561064e-03
3.980380e-01,1.354072e-03,3.445332e-03,2.722198e-03,2.364286e-03,6.096060e-03,1.502885e-03,5.653379e-01,2.730874e-03,3.985401e-04,1.387717e-03,6.145841e-03,4.250890e-03,7.531132e-04,3.472232e-03
1.000000e+00,0.000000e+00,0.000000e+00,0.000000e+00,0.000000e+00,0.000000e+00,0.000000e+00,0.000000e+00,0.000000e+00,0.000000e+00,0.000000e+00,0.000000e+00,0.000000e+00,0.000000e+00,0.000000e+00
1.000000e+00,0.000000e+00,0.000000e+00,0.000000e+00,0.000000e+00,0.000000e+00,0.000000e+00,0.000000e+00,0.000000e+00,0.000000e+00,0.000000e+00,0.000000e+00,0.000000e+00,0.000000e+00,0.000000e+00
1.000000e+00,0.000000e+00,0.000000e+00,0.000000e+00,0.000000e+00,0.000000e+00,0.000000e+00,0.000000e+00,0.000000e+00,0.000000e+00,0.000000e+00,0.000000e+00,0.000000e+00,0.000000e+00,0.000000e+00
1.000000e+00,0.000000e+00,0.000000e+00,0.000000e+00,0.000000e+00,0.000000e+00,0.000000e+00,0.000000e+00,0.000000e+00,0.000000e+00,0.000000e+00,0.000000e+00,0.000000e+00,0.000000e+00,0.000000e+00
1.000000e+00,0.000000e+00,0.000000e+00,0.000000e+00,0.000000e+00,0.000000e+00,0.000000e+00,0.000000e+00,0.000000e+00,0.000000e+00,0.000000e+00,0.000000e+00,0.000000e+00,0.000000e+00,0.000000e+00
4.696625e-01,2.034776e-03,1.052860e-02,4.066165e-03,3.305508e-03,1.199041e-02,4.710876e-03,4.402207e-01,1.690519e-03,4.231020e-03,7.954360e-03,1.445830e-02,1.130649e-02,7.170487e-03,6.669313e-03
3.297726e-01,1.503176e-03,7.523029e-03,4.199546e-03,2.527295e-03,8.508042e-03,3.398081e-03,3.491903e-01,1.706823e-03,7.392721e-03,1.091554e-01,4.687731e-02,1.033506e-02,1.131150e-01,4.795579e-03
2.322925e-01,1.105874e-03,5.297858e-03,3.874781e-03,1.930610e-03,6.081827e-03,2.593951e-03,2.606397e-01,1.595469e-03,8.496280e-03,1.009213e-01,5.868543e-02,1.345478e-02,2.994436e-01,3.586144e-03
1.635984e-01,8.228333e-04,3.733758e-03,3.258915e-03,1.422353e-03,4.340357e-03,1.851273e-03,1.846996e-01,1.492140e-03,8.436942e-03,1.041018e-01,5.844300e-02,1.166887e-02,4.494475e-01,2.682152e-03
1.147293e-01,6.833370e-04,2.663220e-03,2.543015e-03,1.194782e-03,3.173266e-03,1.322622e-03,1.297910e-01,1.965274e-03,8.386011e-03,9.761734e-02,4.712626e-02,1.054920e-02,5.756552e-01,2.600149e-03
8.071506e-02,6.618418e-04,1.955743e-03,1.986928e-03,9.965302e-04,2.860638e-03,9.939785e-04,9.142432e-02,3.798453e-03,8.989050e-03,8.146446e-02,3.962363e-02,9.680168e-03,6.724024e-01,2.446771e-03
5.665595e-02,1.824167e-03,1.869163e-03,1.520427e-03,7.957808e-04,2.385292e-03,7.255729e-04,6.419204e-02,4.234444e-03,1.233638e-02,7.422798e-02,3.137387e-02,7.361929e-03,7.367311e-01,3.765974e-03
3.969345e-02,1.479962e-03,1.341341e-03,1.106168e-03,6.140022e-04,1.727383e-03,5.118264e-04,4.496171e-02,6.871665e-03,9.704236e-03,5.283184e-02,2.373874e-02,5.671963e-03,8.065829e-01,3.162875e-03
2.780841e-02,2.830195e-03,1.702830e-03,8.225440e-04,5.748849e-04,1.311811e-03,3.641217e-04,3.149388e-02,8.408563e-03,7.442093e-03,3.851560e-02,1.700703e-02,4.090782e-03,8.549513e-01,2.676009e-03
1.954562e-02,2.615782e-03,1.826779e-03,6.218239e-04,5.883205e-04,1.410593e-03,2.682238e-04,2.207963e-02,1.713201e-02,5.415846e-03,2.716792e-02,1.210767e-02,2.965007e-03,8.840155e-01,2.239272e-03
1.400080e-02,2.027347e-03,1.441182e-03,4.652683e-04,8.112045e-04,1.535033e-03,1.992007e-04,1.548221e-02,1.720886e-02,3.865592e-03,1.916532e-02,8.522971e-03,2.154024e-03,9.112566e-01,1.864463e-03
1.024048e-02,1.693076e-03,1.236674e-03,3.860325e-04,7.875446e-04,2.956120e-03,1.430695e-04,1.090243e-02,3.036687e-02,2.873094e-03,1.375927e-02,5.987303e-03,1.575597e-03,9.152233e-01,1.869125e-03
9.271062e-03,2.422475e-03,3.723792e-03,6.557746e-04,8.969243e-04,1.001398e-02,1.229127e-04,7.868745e-03,4.033227e-02,2.302005e-03,1.047850e-02,4.402555e-03,1.434552e-03,9.029801e-01,3.094331e-03
8.039528e-03,2.385325e-03,3.397877e-03,5.478201e-04,1.243833e-03,1.034840e-02,9.408622e-05,5.618033e-03,5.930035e-02,1.881030e-03,8.507799e-03,3.137516e-03,1.130474e-03,8.904660e-01,3.901876e-03
7.359376e-03,1.873366e-03,2.692613e-03,4.223651e-04,9.592141e-04,9.861501e-03,7.279114e-05,3.951668e-03,5.338862e-02,1.791337e-03,7.104848e-03,2.244631e-03,9.406807e-04,9.016997e-01,5.637306e-03
7.776949e-03,2.122184e-03,4.873985e-03,9.117578e-04,1.048666e-03,1.108591e-02,7.500625e-05,2.982893e-03,5.387845e-02,2.032636e-03,5.551443e-03,1.650298e-03,8.007909e-04,8.987830e-01,6.426062e-03
9.328671e-03,2.350502e-03,3.018645e-02,1.308864e-03,1.018668e-03,1.447635e-02,7.579216e-05,2.572344e-03,4.515544e-02,1.844889e-03,4.666612e-03,1.233303e-03,6.655916e-04,8.778617e-01,7.254768e-03
1.222766e-02,1.837016e-03,3.415168e-02,9.916718e-04,9.146093e-04,1.249899e-02,6.234632e-05,2.040506e-03,4.414746e-02,6.991636e-03,3.583480e-03,9.217571e-04,5.539767e-04,8.609871e-01,1.809008e-02
1.140694e-02,1.566958e-03,2.575184e-02,7.756401e-04,7.793732e-04,9.834724e-03,6.790817e-05,1.864871e-03,4.114818e-02,5.701196e-03,2.658457e-03,6.649843e-04,4.232370e-04,8.831453e-01,1.421041e-02
2.164727e-02,2.240524e-03,1.237899e-01,2.066235e-02,1.407169e-03,9.405118e-03,1.467065e-04,3.542616e-03,3.512007e-02,5.063127e-03,2.329907e-03,5.204359e-04,3.857111e-04,7.517225e-01,2.201656e-02
2.625974e-02,1.941098e-03,1.049155e-01,1.643273e-02,1.420653e-03,8.346822e-03,1.515945e-04,4.340328e-03,2.994246e-02,4.210889e-03,1.731563e-03,3.788127e-04,3.132952e-04,7.793410e-01,2.027353e-02
4.227706e-02,1.657078e-03,1.603352e-01,1.692784e-02,1.185821e-03,6.776120e-03,1.616930e-04,5.043876e-03,2.927308e-02,7.646319e-03,1.394877e-03,2.958214e-04,2.805848e-04,6.874708e-01,3.927384e-02
4.648713e-02,1.491154e-03,2.014582e-01,1.850713e-02,1.371542e-03,6.764890e-03,2.007964e-04,4.168053e-03,2.710534e-02,8.374010e-03,1.434398e-03,2.701538e-04,2.687996e-04,6.402411e-01,4.185732e-02
4.480519e-02,1.222215e-03,1.637823e-01,1.505008e-02,2.675314e-03,5.190665e-03,1.886296e-04,4.707803e-03,2.463986e-02,7.857904e-03,1.414594e-03,2.068701e-04,2.139690e-04,6.952950e-01,3.274965e-02
5.395736e-02,1.996427e-03,1.526683e-01,1.612672e-02,8.204596e-03,4.790614e-03,4.437898e-04,7.084400e-03,5.148284e-02,1.759926e-02,2.011476e-03,2.489708e-04,2.262858e-04,6.305820e-01,5.257690e-02
5.603360e-02,3.914657e-03,1.307375e-01,1.241230e-02,1.359554e-02,4.310983e-03,4.593393e-04,7.774016e-03,1.171360e-01,1.862401e-02,2.432425e-03,2.453152e-04,2.845750e-04,5.867661e-01,4.527367e-02
6.895138e-02,5.532098e-03,1.162077e-01,1.253520e-02,2.115224e-02,4.539312e-03,5.238687e-04,8.654593e-03,1.882342e-01,1.406295e-02,3.758816e-03,4.268652e-04,3.298221e-04,5.197573e-01,3.533377e-02
1.026118e-01,1.092938e-02,9.527668e-02,1.072707e-02,2.189498e-02,5.478892e-03,7.342029e-04,7.133151e-03,2.856033e-01,1.145690e-02,5.433833e-03,9.046209e-04,4.716537e-04,4.143230e-01,2.702048e-02
1.395789e-01,1.486492e-02,7.946594e-02,1.250241e-02,3.762642e-02,6.494356e-03,1.225799e-03,8.948488e-03,3.249669e-01,8.878446e-03,7.498601e-03,3.296252e-03,8.439818e-04,3.289431e-01,2.486553e-02
2.583652e-01,3.824178e-02,6.326769e-02,1.142835e-02,3.674883e-02,7.115752e-03,1.587653e-03,7.122892e-03,2.847981e-01,6.956581e-03,7.823542e-03,6.377411e-03,1.468897e-03,2.440756e-01,2.462164e-02
3.766751e-01,7.986201e-02,4.584484e-02,9.466003e-03,2.861117e-02,6.629026e-03,1.638529e-03,5.899724e-03,2.245945e-01,5.629535e-03,7.588670e-03,7.400496e-03,1.911665e-03,1.783117e-01,1.993701e-02
3.087520e-01,1.689387e-01,3.721678e-02,1.081566e-01,2.569247e-02,6.413640e-03,1.622172e-03,6.888593e-03,1.656179e-01,4.548274e-03,8.478675e-03,8.625430e-03,2.701438e-03,1.257344e-01,2.061286e-02
2.726111e-01,1.372185e-01,2.857890e-02,8.842324e-02,1.850786e-02,5.416838e-03,1.326134e-03,5.546460e-03,1.499751e-01,7.654557e-03,1.211376e-02,8.651270e-03,5.345195e-03,1.049115e-01,1.537196e-01
2.617275e-01,1.108958e-01,2.172875e-02,6.493527e-02,1.342069e-02,4.853496e-03,1.007707e-03,4.821654e-03,1.408835e-01,1.201715e-02,1.373311e-02,7.794050e-03,8.423721e-03,1.515907e-01,1.821670e-01
2.872109e-01,8.281082e-02,1.645042e-02,4.611410e-02,1.056586e-02,4.583141e-03,7.946329e-04,4.661219e-03,1.414988e-01,1.364270e-02,1.775430e-02,6.045697e-03,1.701578e-02,1.970626e-01,1.537891e-01
2.988726e-01,6.233439e-02,1.257792e-02,3.301067e-02,8.203841e-03,5.461476e-03,6.898997e-04,4.688500e-03,1.697971e-01,1.908861e-02,2.044206e-02,4.809486e-03,1.988656e-02,1.992179e-01,1.409190e-01
3.216951e-01,5.130627e-02,1.206173e-02,2.477739e-02,7.393291e-03,5.741275e-03,6.746416e-04,4.184437e-03,1.779319e-01,3.432116e-02,2.157277e-02,3.985745e-03,1.947022e-02,1.638881e-01,1.509960e-01
2.379525e-01,3.950162e-02,2.285887e-02,2.226487e-02,5.698858e-03,4.502542e-03,5.639929e-04,3.262863e-03,2.773529e-01,3.768695e-02,1.613052e-02,2.981917e-03,1.417566e-02,1.185170e-01,1.965490e-01
1.803290e-01,3.125032e-02,2.671269e-02,1.694890e-02,4.157513e-03,4.246373e-03,4.772381e-04,2.367643e-03,2.574801e-01,4.881033e-02,1.192363e-02,2.266465e-03,1.058448e-02,1.254215e-01,2.770239e-01
1.348444e-01,2.716299e-02,2.566247e-02,1.245788e-02,3.030921e-03,3.380956e-03,4.388152e-04,1.730527e-03,2.278950e-01,5.714680e-02,9.814125e-03,2.123361e-03,7.962536e-03,1.626474e-01,3.237019e-01
9.591436e-02,2.001245e-02,4.119749e-02,9.254103e-03,2.322536e-03,2.489463e-03,3.839213e-04,1.295482e-03,1.865287e-01,1.042808e-01,7.839109e-03,1.799103e-03,5.974310e-03,1.346262e-01,3.860819e-01
6.768953e-02,1.462320e-02,4.424728e-02,6.526825e-03,1.732184e-03,1.839340e-03,2.899994e-04,9.222426e-04,1.350602e-01,1.120246e-01,6.249596e-03,1.397896e-03,4.391672e-03,2.658988e-01,3.371066e-01
5.166171e-02,1.367746e-02,7.307337e-02,5.541603e-03,2.223041e-03,1.776668e-03,2.623419e-04,7.481460e-04,1.080586e-01,1.174179e-01,7.224685e-03,1.930922e-03,3.729458e-03,2.848935e-01,3.277807e-01
3.924457e-02,1.071325e-02,6.686350e-02,4.469695e-03,2.495985e-03,1.680755e-03,2.215874e-04,7.393896e-04,8.295144e-02,1.542190e-01,6.384658e-03,1.655675e-03,3.180553e-03,2.965913e-01,3.285886e-01
3.010556e-02,1.006161e-02,7.583447e-02,3.597083e-03,2.451129e-03,1.708597e-03,1.793682e-04,6.444823e-04,7.322053e-02,1.387785e-01,5.542690e-03,1.588071e-03,2.587336e-03,2.704958e-01,3.832048e-01
2.274692e-02,7.650748e-03,5.510679e-02,2.649749e-03,1.896015e-03,2.198411e-03,1.403701e-04,5.279722e-04,5.601869e-02,1.089306e-01,7.068180e-03,5.775773e-03,6.273570e-03,2.039163e-01,5.191000e-01
1.637970e-02,5.566666e-03,3.880815e-02,1.966376e-03,1.590706e-03,4.665166e-03,1.088953e-04,4.400898e-04,4.344096e-02,8.273960e-02,4.839037e-02,9.328822e-03,8.059058e-02,1.523255e-01,5.136584e-01
1.310149e-02,4.295115e-03,2.750080e-02,1.642739e-03,1.362820e-03,7.452430e-03,1.108699e-04,9.891577e-04,3.300173e-02,5.920633e-02,1.229912e-01,7.910592e-03,1.168956e-01,1.087705e-01,4.947686e-01
1.108692e-02,3.481102e-03,1.990642e-02,3.524496e-03,2.193573e-03,7.287393e-03,2.030908e-04,6.027790e-03,2.528426e-02,4.181891e-02,1.329212e-01,7.155023e-03,2.309065e-01,7.784024e-02,4.303631e-01
1.118395e-02,2.888178e-03,1.953640e-02,1.153897e-01,1.531740e-02,6.729389e-03,2.867367e-03,1.516318e-02,2.115088e-02,2.946885e-02,9.715506e-02,6.159478e-03,2.622091e-01,5.465958e-02,3.401215e-01
2.940489e-02,3.900201e-03,1.970925e-02,1.543442e-01,3.025941e-02,1.055299e-02,5.406014e-03,2.275076e-02,4.766604e-02,2.168061e-02,7.295943e-02,6.295418e-03,2.572612e-01,3.906915e-02,2.787405e-01
4.555709e-02,1.218776e-02,3.232985e-02,1.509109e-01,3.103970e-02,8.922903e-03,6.264011e-03,4.153266e-02,1.198557e-01,1.833759e-02,5.395341e-02,5.799585e-03,2.026412e-01,2.979206e-02,2.408755e-01
5.378030e-02,2.051080e-02,6.138571e-02,2.367257e-01,3.826042e-02,2.797861e-02,5.303435e-03,3.528924e-02,8.807352e-02,1.336183e-02,3.933194e-02,4.291111e-03,1.443167e-01,2.129335e-02,2.100973e-01
6.086530e-02,6.558760e-02,5.370667e-02,2.486410e-01,7.014642e-02,4.096366e-02,5.012062e-03,3.591622e-02,9.383686e-02,1.131987e-02,2.913772e-02,3.804602e-03,1.031217e-01,1.570294e-02,1.622374e-01
7.029589e-02,9.729528e-02,6.905217e-02,3.231117e-01,6.558968e-02,3.371902e-02,4.200329e-03,2.664731e-02,7.443587e-02,8.695571e-03,2.092535e-02,3.023350e-03,7.270882e-02,1.118794e-02,1.191117e-01
1.189678e-01,1.019285e-01,1.122355e-01,2.933121e-01,7.291962e-02,4.581442e-02,4.551043e-03,2.101782e-02,5.583284e-02,7.003691e-03,1.535091e-02,2.598744e-03,5.152856e-02,8.577326e-03,8.836117e-02
1.216128e-01,1.659999e-01,9.686016e-02,3.098885e-01,7.709430e-02,3.545502e-02,4.038613e-03,1.780828e-02,4.181812e-02,5.173654e-03,1.159744e-02,2.553050e-03,3.652737e-02,6.235673e-03,6.733714e-02
1.643732e-01,1.215659e-01,9.872682e-02,2.787141e-01,9.966803e-02,2.780030e-02,4.647228e-03,7.826339e-02,3.083123e-02,3.934975e-03,9.665041e-03,2.888885e-03,2.631955e-02,4.642189e-03,4.795919e-02
1.316159e-01,8.605108e-02,1.124976e-01,2.648258e-01,9.563192e-02,2.016302e-02,4.479421e-03,1.931828e-01,2.277279e-02,2.968757e-03,7.699211e-03,2.188811e-03,1.870905e-02,3.298595e-03,3.391525e-02
9.960039e-02,6.089015e-02,8.276170e-02,1.945865e-01,7.291973e-02,1.453798e-02,3.353589e-03,4.061416e-01,1.604473e-02,2.154154e-03,6.119112e-03,1.558162e-03,1.322490e-02,2.324330e-03,2.378291e-02
8.203124e-02,4.428865e-02,5.985026e-02,1.411285e-01,5.532307e-02,1.040698e-02,2.504533e-03,5.570605e-01,1.147045e-02,1.657659e-03,5.173889e-03,1.185277e-03,9.470107e-03,1.665575e-03,1.678336e-02
6.126309e-02,3.111445e-02,4.536277e-02,1.068642e-01,3.995141e-02,7.585294e-03,1.822898e-03,6.718116e-01,8.059625e-03,1.225614e-03,4.047974e-03,9.439790e-04,6.977211e-03,1.179519e-03,1.179034e-02
4.589556e-02,2.183998e-02,3.320750e-02,7.693132e-02,2.858074e-02,7.376540e-03,1.443644e-03,7.582016e-01,5.678463e-03,9.473599e-04,3.327804e-03,1.111279e-03,6.305179e-03,8.602750e-04,8.292725e-03
3.549580e-02,1.536190e-02,2.491509e-02,5.727318e-02,2.148527e-02,1.261538e-02,1.567768e-03,8.046927e-01,4.089246e-03,1.231375e-03,4.391278e-03,1.450827e-03,8.644093e-03,6.526604e-04,6.133406e-03
2.693803e-02,1.094077e-02,1.793323e-02,4.041605e-02,1.571240e-02,2.063027e-02,1.378807e-03,6.685588e-01,3.121823e-03,2.138519e-03,1.562259e-02,2.838131e-02,1.415551e-01,8.375490e-04,5.834792e-03
2.027330e-02,7.697094e-03,1.265270e-02,2.852397e-02,1.111509e-02,1.938395e-02,1.049153e-03,4.869116e-01,2.467172e-03,2.359688e-03,2.443627e-02,3.463009e-02,3.413544e-01,8.666040e-04,6.278906e-03
1.498433e-02,5.445084e-03,8.882051e-03,2.008888e-02,7.844803e-03,1.467632e-02,1.073733e-03,3.473162e-01,1.835479e-03,3.552334e-03,2.392470e-02,9.116196e-02,4.517964e-01,1.926497e-03,5.491185e-03
1.106310e-02,3.831359e-03,6.240195e-03,1.416684e-02,5.562988e-03,1.044747e-02,1.023963e-03,2.445383e-01,1.714932e-03,3.464690e-03,1.909939e-02,1.857392e-01,4.838740e-01,4.200249e-03,5.033229e-03
8.316340e-03,2.750858e-03,4.415469e-03,9.980178e-03,4.025994e-03,7.822270e-03,1.190195e-03,1.715888e-01,1.882493e-03,4.738092e-03,1.525838e-02,3.084189e-01,4.490701e-01,6.101157e-03,4.440793e-03
6.157468e-03,5.174576e-03,7.526245e-03,7.067197e-03,3.504515e-03,5.569778e-03,1.840732e-03,1.202191e-01,2.078633e-03,6.491580e-02,1.395945e-02,4.000122e-01,3.520648e-01,6.196220e-03,3.713303e-03
5.005283e-03,4.652131e-03,7.062357e-03,5.083766e-03,3.274516e-03,4.208989e-03,1.969078e-03,8.423255e-02,2.468680e-03,1.793685e-01,2.168193e-02,4.078432e-01,2.590175e-01,1.066286e-02,3.468734e-03
4.294430e-03,3.738595e-03,6.055846e-03,3.633774e-03,3.203074e-03,4.131470e-03,1.792375e-03,5.905400e-02,2.933204e-03,2.805469e-01,4.485330e-02,3.573418e-01,1.900781e-01,3.442036e-02,3.922682e-03
3.759092e-03,2.822962e-03,4.469752e-03,2.889081e-03,2.606187e-03,3.685877e-03,1.306363e-03,4.138188e-02,5.206848e-03,2.765210e-01,9.583524e-02,3.436925e-01,1.371387e-01,7.357504e-02,5.109494e-03
4.507526e-03,4.489748e-03,5.281009e-03,2.582849e-03,3.158570e-03,2.917914e-03,9.618476e-04,2.903415e-02,1.034611e-02,2.504252e-01,1.297723e-01,3.335898e-01,9.905534e-02,1.178247e-01,6.052853e-03
3.448249e-03,4.178394e-03,8.070865e-03,2.444871e-03,4.041276e-03,2.272388e-03,7.054965e-04,2.051695e-02,2.274439e-02,1.888988e-01,2.090215e-01,2.566600e-01,6.980214e-02,2.023597e-01,4.834904e-03
3.108425e-03,3.438315e-03,7.399396e-03,3.138587e-03,4.289835e-03,1.981993e-03,5.360257e-04,1.447977e-02,4.010443e-02,1.462570e-01,2.607772e-01,1.969751e-01,4.925583e-02,2.642674e-01,3.990689e-03
2.861332e-03,2.887055e-03,7.785243e-03,3.272212e-03,3.840634e-03,1.661833e-03,3.900459e-04,1.021885e-02,5.611147e-02,1.072668e-01,4.191234e-01,1.413516e-01,3.458663e-02,2.044674e-01,4.175544e-03
2.662978e-03,2.128732e-03,6.132301e-03,2.607146e-03,3.233960e-03,1.778685e-03,2.884748e-04,7.219855e-03,6.770639e-02,8.306560e-02,5.200926e-01,1.010858e-01,2.434262e-02,1.737282e-01,3.926628e-03
2.564243e-03,1.662950e-03,5.566857e-03,2.388698e-03,2.997736e-03,6.523149e-03,2.553278e-04,5.333338e-03,7.251486e-02,6.215253e-02,6.010978e-01,7.415419e-02,1.733058e-02,1.414060e-01,4.051733e-03
3.409040e-03,1.273542e-03,6.459706e-03,8.268994e-03,5.754041e-03,1.513791e-02,4.971841e-04,7.645919e-03,1.280575e-01,4.924589e-02,5.672154e-01,7.115433e-02,1.722164e-02,1.103855e-01,8.273367e-03
3.560688e-03,1.242377e-03,1.231660e-02,1.613939e-02,7.813148e-03,1.268669e-02,5.707747e-04,1.007222e-02,1.536256e-01,4.227740e-02,5.383502e-01,8.863580e-02,1.570549e-02,8.450827e-02,1.249535e-02
3.839350e-03,1.006398e-03,1.507922e-02,2.472346e-02,1.036572e-02,1.478431e-02,8.096715e-04,5.470539e-02,1.313792e-01,3.460147e-02,4.274825e-01,1.837190e-01,1.861822e-02,6.480493e-02,1.408110e-02
3.080267e-03,7.234266e-04,1.155037e-02,1.807844e-02,1.996849e-02,1.075232e-02,8.581763e-04,2.223541e-01,9.497502e-02,2.534524e-02,3.389382e-01,1.745019e-01,2.088256e-02,4.768246e-02,1.030903e-02
4.549028e-03,5.938409e-04,1.305692e-02,1.969521e-02,4.574015e-02,8.577703e-03,3.534432e-03,3.714550e-01,7.169721e-02,1.970773e-02,2.470990e-01,1.323874e-01,1.856313e-02,3.564145e-02,7.701771e-03
7.023288e-03,8.216655e-04,1.759400e-02,1.941321e-01,1.093594e-01,1.045421e-02,8.152704e-03,2.745037e-01,5.198802e-02,1.409745e-02,1.739181e-01,9.287759e-02,1.415389e-02,2.508445e-02,5.839442e-03
2.824304e-02,1.739502e-03,1.779881e-02,1.995433e-01,2.460908e-01,2.309777e-02,1.850553e-02,1.957974e-01,3.705614e-02,1.016275e-02,1.229026e-01,6.515598e-02,1.074518e-02,1.794806e-02,5.213165e-03
2.512118e-02,2.507143e-03,1.494232e-02,2.427620e-01,3.015175e-01,2.167516e-02,3.831524e-02,1.597124e-01,2.659330e-02,7.781000e-03,8.670434e-02,4.569505e-02,9.311788e-03,1.265816e-02,4.703520e-03
7.852565e-02,9.420468e-03,1.333293e-02,2.003034e-01,3.572369e-01,3.159960e-02,5.326189e-02,1.143325e-01,1.960143e-02,5.827547e-03,6.296340e-02,3.228375e-02,6.835438e-03,9.210881e-03,5.264301e-03
9.644648e-02,1.508336e-02,1.253162e-02,1.951956e-01,3.652187e-01,5.068949e-02,7.448912e-02,8.366121e-02,1.510281e-02,4.518560e-03,4.643628e-02,2.346430e-02,5.477307e-03,6.831513e-03,4.853537e-03
9.404524e-02,2.425254e-02,1.182120e-02,1.802603e-01,3.317074e-01,1.127387e-01,9.791309e-02,6.328870e-02,1.315433e-02,3.885678e-03,3.569505e-02,1.674492e-02,5.298778e-03,4.881965e-03,4.312005e-03
7.868598e-02,3.049283e-02,1.359085e-02,2.183845e-01,3.163362e-01,1.244799e-01,9.261313e-02,5.002943e-02,1.471693e-02,5.684732e-03,3.032534e-02,1.208570e-02,4.436458e-03,3.575590e-03,4.562467e-03
5.955703e-02,2.529423e-02,9.916880e-03,1.779111e-01,2.286707e-01,9.856696e-02,6.604725e-02,3.525285e-02,2.242932e-01,5.270482e-03,3.733613e-02,9.079667e-03,1.480823e-02,2.552980e-03,5.442258e-03
4.419243e-02,2.034509e-02,7.508525e-03,1.422015e-01,1.626049e-01,1.142569e-01,4.759842e-02,2.574986e-02,2.756442e-01,8.068390e-03,6.180960e-02,1.414168e-02,6.414990e-02,2.139099e-03,9.589372e-03
3.395207e-02,1.543456e-02,5.750511e-03,1.174481e-01,1.167694e-01,1.271146e-01,3.470573e-02,1.945809e-02,2.221947e-01,9.220546e-03,1.108020e-01,2.539682e-02,1.437450e-01,1.948345e-03,1.605950e-02
2.449447e-02,1.118135e-02,4.877890e-03,8.679214e-02,8.443414e-02,8.990027e-02,2.457733e-02,1.464892e-02,1.599945e-01,7.180120e-03,8.306182e-02,3.423975e-02,3.580256e-01,1.415190e-03,1.517640e-02
1.795314e-02,8.161006e-03,4.008427e-03,6.164269e-02,6.049675e-02,6.432815e-02,1.740681e-02,1.087470e-02,1.160145e-01,5.270185e-03,5.962874e-02,5.215606e-02,5.076663e-01,1.081462e-03,1.331097e-02
1.296485e-02,5.939302e-03,3.201842e-03,4.422158e-02,4.290475e-02,4.619756e-02,1.234770e-02,8.282925e-03,8.382814e-02,3.749100e-03,4.190729e-02,4.113010e-02,6.416856e-01,7.671769e-04,1.087205e-02
1.004647e-02,5.861605e-03,3.350331e-03,3.247062e-02,3.199821e-02,3.673461e-02,9.064775e-03,8.233350e-03,6.615256e-02,2.709476e-03,2.996560e-02,4.020765e-02,7.126023e-01,6.219208e-04,9.980543e-03
7.648842e-03,4.322655e-03,2.642846e-03,2.359402e-02,2.395528e-02,2.769411e-02,6.470385e-03,6.622950e-03,4.747177e-02,1.954881e-03,2.361386e-02,3.969212e-02,7.747115e-01,7.256543e-04,8.879179e-03
6.872448e-03,4.646074e-03,2.632414e-03,1.813450e-02,1.782116e-02,2.373742e-02,4.598142e-03,4.965341e-03,3.653537e-02,1.780173e-03,2.293023e-02,4.670358e-02,7.979684e-01,1.312681e-03,9.362115e-03
5.930259e-03,4.362927e-03,2.590970e-03,1.330174e-02,1.305221e-02,1.939666e-02,3.261988e-03,3.647115e-03,2.997311e-02,1.652965e-03,2.426909e-02,7.740562e-02,7.868472e-01,3.370528e-03,1.093759e-02
