1.000000e+00,0.000000e+00,0.000000e+00,0.000000e+00,0.000000e+00,0.000000e+00,0.000000e+00,0.000000e+00,0.000000e+00,0.000000e+00,0.000000e+00,0.000000e+00,0.000000e+00,0.000000e+00,0.000000e+00
1.000000e+00,0.000000e+00,0.000000e+00,0.000000e+00,0.000000e+00,0.000000e+00,0.000000e+00,0.000000e+00,0.000000e+00,0.000000e+00,0.000000e+00,0.000000e+00,0.000000e+00,0.000000e+00,0.000000e+00
1.000000e+00,0.000000e+00,0.000000e+00,0.000000e+00,0.000000e+00,0.000000e+00,0.000000e+00,0.000000e+00,0.000000e+00,0.000000e+00,0.000000e+00,0.000000e+00,0.000000e+00,0.000000e+00,0.000000e+00
1.000000e+00,0.000000e+00,0.000000e+00,0.000000e+00,0.000000e+00,0.000000e+00,0.000000e+00,0.000000e+00,0.000000e+00,0.000000e+00,0.000000e+00,0.000000e+00,0.000000e+00,0.000000e+00,0.000000e+00
1.000000e+00,0.000000e+00,0.000000e+00,0.000000e+00,0.000000e+00,0.000000e+00,0.000000e+00,0.000000e+00,0.000000e+00,0.000000e+00,0.000000e+00,0.000000e+00,0.000000e+00,0.000000e+00,0.000000e+00
1.000000e+00,0.000000e+00,0.000000e+00,0.000000e+00,0.000000e+00,0.000000e+00,0.000000e+00,0.000000e+00,0.000000e+00,0.000000e+00,0.000000e+00,0.000000e+00,0.000000e+00,0.000000e+00,0.000000e+00
1.000000e+00,0.000000e+00,0.000000e+00,0.000000e+00,0.000000e+00,0.000000e+00,0.000000e+00,0.000000e+00,0.000000e+00,0.000000e+00,0.000000e+00,0.000000e+00,0.000000e+00,0.000000e+00,0.000000e+00
1.000000e+00,0.000000e+00,0.000000e+00,0.000000e+00,0.000000e+00,0.000000e+00,0.000000e+00,0.000000e+00,0.000000e+00,0.000000e+00,0.000000e+00,0.000000e+00,0.000000e+00,0.000000e+00,0.000000e+00
1.000000e+00,0.000000e+00,0.000000e+00,0.000000e+00,0.000000e+00,0.000000e+00,0.000000e+00,0.000000e+00,0.000000e+00,0.000000e+00,0.000000e+00,0.000000e+00,0.000000e+00,0.000000e+00,0.000000e+00
1.000000e+00,0.000000e+00,0.000000e+00,0.000000e+00,0.000000e+00,0.000000e+00,0.000000e+00,0.000000e+00,0.000000e+00,0.000000e+00,0.000000e+00,0.000000e+00,0.000000e+00,0.000000e+00,0.000000e+00
1.000000e+00,0.000000e+00,0.000000e+00,0.000000e+00,0.000000e+00,0.000000e+00,0.000000e+00,0.000000e+00,0.000000e+00,0.000000e+00,0.000000e+00,0.000000e+00,0.000000e+00,0.000000e+00,0.000000e+00
1.000000e+00,0.000000e+00,0.000000e+00,0.000000e+00,0.000000e+00,0.000000e+00,0.000000e+00,0.000000e+00,0.000000e+00,0.000000e+00,0.000000e+00,0.000000e+00,0.000000e+00,0.000000e+00,0.000000e+00
1.000000e+00,0.000000e+00,0.000000e+00,0.000000e+00,0.000000e+00,0.000000e+00,0.000000e+00,0.000000e+00,0.000000e+00,0.000000e+00,0.000000e+00,0.000000e+00,0.000000e+00,0.000000e+00,0.000000e+00
1.000000e+00,0.000000e+00,0.000000e+00,0.000000e+00,0.000000e+00,0.000000e+00,0.000000e+00,0.000000e+00,0.000000e+00,0.000000e+00,0.000000e+00,0.000000e+00,0.000000e+00,0.000000e+00,0.000000e+00
1.000000e+00,0.000000e+00,0.000000e+00,0.000000e+00,0.000000e+00,0.000000e+00,0.000000e+00,0.000000e+00,0.000000e+00,0.000000e+00,0.000000e+00,0.000000e+00,0.000000e+00,0.000000e+00,0.000000e+00
1.000000e+00,0.000000e+00,0.000000e+00,0.000000e+00,0.000000e+00,0.000000e+00,0.000000e+00,0.000000e+00,0.000000e+00,0.000000e+00,0.000000e+00,0.000000e+00,0.000000e+00,0.000000e+00,0.000000e+00
1.000000e+00,0.000000e+00,0.000000e+00,0.000000e+00,0.000000e+00,0.000000e+00,0.000000e+00,0.000000e+00,0.000000e+00,0.000000e+00,0.000000e+00,0.000000e+00,0.000000e+00,0.000000e+00,0.000000e+00
1.000000e+00,0.000000e+00,0.000000e+00,0.000000e+00,0.000000e+00,0.000000e+00,0.000000e+00,0.000000e+00,0.000000e+00,0.000000e+00,0.000000e+00,0.000000e+00,0.000000e+00,0.000000e+00,0.000000e+00
1.000000e+00,0.000000e+00,0.000000e+00,0.000000e+00,0.000000e+00,0.000000e+00,0.000000e+00,0.000000e+00,0.000000e+00,0.000000e+00,0.000000e+00,0.000000e+00,0.000000e+00,0.000000e+00,0.000000e+00
1.000000e+00,0.000000e+00,0.000000e+00,0.000000e+00,0.000000e+00,0.000000e+00,0.000000e+00,0.000000e+00,0.000000e+00,0.000000e+00,0.000000e+00,0.000000e+00,0.000000e+00,0.000000e+00,0.000000e+00
1.000000e+00,0.000000e+00,0.000000e+00,0.000000e+00,0.000000e+00,0.000000e+00,0.000000e+00,0.000000e+00,0.000000e+00,0.000000e+00,0.000000e+00,0.000000e+00,0.000000e+00,0.000000e+00,0.000000e+00
1.000000e+00,0.000000e+00,0.000000e+00,0.000000e+00,0.000000e+00,0.000000e+00,0.000000e+00,0.000000e+00,0.000000e+00,0.000000e+00,0.000000e+00,0.000000e+00,0.000000e+00,0.000000e+00,0.000000e+00
1.000000e+00,0.000000e+00,0.000000e+00,0.000000e+00,0.000000e+00,0.000000e+00,0.000000e+00,0.000000e+00,0.000000e+00,0.000000e+00,0.000000e+00,0.000000e+00,0.000000e+00,0.000000e+00,0.000000e+00
1.000000e+00,0.000000e+00,0.000000e+00,0.000000e+00,0.000000e+00,0.000000e+00,0.000000e+00,0.000000e+00,0.000000e+00,0.000000e+00,0.000000e+00,0.000000e+00,0.000000e+00,0.000000e+00,0.000000e+00
1.000000e+00,0.000000e+00,0.000000e+00,0.000000e+00,0.000000e+00,0.000000e+00,0.000000e+00,0.000000e+00,0.000000e+00,0.000000e+00,0.000000e+00,0.000000e+00,0.000000e+00,0.000000e+00,0.000000e+00
1.000000e+00,0.000000e+00,0.000000e+00,0.000000e+00,0.000000e+00,0.000000e+00,0.000000e+00,0.000000e+00,0.000000e+00,0.000000e+00,0.000000e+00,0.000000e+00,0.000000e+00,0.000000e+00,0.000000e+00
1.000000e+00,0.000000e+00,0.000000e+00,0.000000e+00,0.000000e+00,0.000000e+00,0.000000e+00,0.000000e+00,0.000000e+00,0.000000e+00,0.000000e+00,0.000000e+00,0.000000e+00,0.000000e+00,0.000000e+00
1.000000e+00,0.000000e+00,0.000000e+00,0.000000e+00,0.000000e+00,0.000000e+00,0.000000e+00,0.000000e+00,0.000000e+00,0.000000e+00,0.000000e+00,0.000000e+00,0.000000e+00,0.000000e+00,0.000000e+00
1.000000e+00,0.000000e+00,0.000000e+00,0.000000e+00,0.000000e+00,0.000000e+00,0.000000e+00,0.000000e+00,0.000000e+00,0.000000e+00,0.000000e+00,0.000000e+00,0.000000e+00,0.000000e+00,0.000000e+00
1.000000e+00,0.000000e+00,0.000000e+00,0.000000e+00,0.000000e+00,0.000000e+00,0.000000e+00,0.000000e+00,0.000000e+00,0.000000e+00,0.000000e+00,0.000000e+00,0.000000e+00,0.000000e+00,0.000000e+00
1.000000e+00,0.000000e+00,0.000000e+00,0.000000e+00,0.000000e+00,0.000000e+00,0.000000e+00,0.000000e+00,0.000000e+00,0.000000e+00,0.000000e+00,0.000000e+00,0.000000e+00,0.000000e+00,0.000000e+00
1.000000e+00,0.000000e+00,0.000000e+00,0.000000e+00,0.000000e+00,0.000000e+00,0.000000e+00,0.000000e+00,0.000000e+00,0.000000e+00,0.000000e+00,0.000000e+00,0.000000e+00,0.000000e+00,0.000000e+00
1.000000e+00,0.000000e+00,0.000000e+00,0.000000e+00,0.000000e+00,0.000000e+00,0.000000e+00,0.000000e+00,0.000000e+00,0.000000e+00,0.000000e+00,0.000000e+00,0.000000e+00,0.000000e+00,0.000000e+00
1.000000e+00,0.000000e+00,0.000000e+00,0.000000e+00,0.000000e+00,0.000000e+00,0.000000e+00,0.000000e+00,0.000000e+00,0.000000e+00,0.000000e+00,0.000000e+00,0.000000e+00,0.000000e+00,0.000000e+00
1.000000e+00,0.000000e+00,0.000000e+00,0.000000e+00,0.000000e+00,0.000000e+00,0.000000e+00,0.000000e+00,0.000000e+00,0.000000e+00,0.000000e+00,0.000000e+00,0.000000e+00,0.000000e+00,0.000000e+00
1.000000e+00,0.000000e+00,0.000000e+00,0.000000e+00,0.000000e+00,0.000000e+00,0.000000e+00,0.000000e+00,0.000000e+00,0.000000e+00,0.000000e+00,0.000000e+00,0.000000e+00,0.000000e+00,0.000000e+00
1.000000e+00,0.000000e+00,0.000000e+00,0.000000e+00,0.000000e+00,0.000000e+00,0.000000e+00,0.000000e+00,0.000000e+00,0.000000e+00,0.000000e+00,0.000000e+00,0.000000e+00,0.000000e+00,0.000000e+00
1.000000e+00,0.000000e+00,0.000000e+00,0.000000e+00,0.000000e+00,0.000000e+00,0.000000e+00,0.000000e+00,0.000000e+00,0.000000e+00,0.000000e+00,0.000000e+00,0.000000e+00,0.000000e+00,0.000000e+00
1.000000e+00,0.000000e+00,0.000000e+00,0.000000e+00,0.000000e+00,0.000000e+00,0.000000e+00,0.000000e+00,0.000000e+00,0.000000e+00,0.000000e+00,0.000000e+00,0.000000e+00,0.000000e+00,0.000000e+00
1.000000e+00,0.000000e+00,0.000000e+00,0.000000e+00,0.000000e+00,0.000000e+00,0.000000e+00,0.000000e+00,0.000000e+00,0.000000e+00,0.000000e+00,0.000000e+00,0.000000e+00,0.000000e+00,0.000000e+00
1.000000e+00,0.000000e+00,0.000000e+00,0.000000e+00,0.000000e+00,0.000000e+00,0.000000e+00,0.000000e+00,0.000000e+00,0.000000e+00,0.000000e+00,0.000000e+00,0.000000e+00,0.000000e+00,0.000000e+00
1.000000e+00,0.000000e+00,0.000000e+00,0.000000e+00,0.000000e+00,0.000000e+00,0.000000e+00,0.000000e+00,0.000000e+00,0.000000e+00,0.000000e+00,0.000000e+00,0.000000e+00,0.000000e+00,0.000000e+00
1.000000e+00,0.000000e+00,0.000000e+00,0.000000e+00,0.000000e+00,0.000000e+00,0.000000e+00,0.000000e+00,0.000000e+00,0.000000e+00,0.000000e+00,0.000000e+00,0.000000e+00,0.000000e+00,0.000000e+00
1.000000e+00,0.000000e+00,0.000000e+00,0.000000e+00,0.000000e+00,0.000000e+00,0.000000e+00,0.000000e+00,0.000000e+00,0.000000e+00,0.000000e+00,0.000000e+00,0.000000e+00,0.000000e+00,0.000000e+00
1.000000e+00,0.000000e+00,0.000000e+00,0.000000e+00,0.000000e+00,0.000000e+00,0.000000e+00,0.000000e+00,0.000000e+00,0.000000e+00,0.000000e+00,0.000000e+00,0.000000e+00,0.000000e+00,0.000000e+00
1.000000e+00,0.000000e+00,0.000000e+00,0.000000e+00,0.000000e+00,0.000000e+00,0.000000e+00,0.000000e+00,0.000000e+00,0.000000e+00,0.000000e+00,0.000000e+00,0.000000e+00,0.000000e+00,0.000000e+00
1.000000e+00,0.000000e+00,0.000000e+00,0.000000e+00,0.000000e+00,0.000000e+00,0.000000e+00,0.000000e+00,0.000000e+00,0.000000e+00,0.000000e+00,0.000000e+00,0.000000e+00,0.000000e+00,0.000000e+00
1.000000e+00,0.000000e+00,0.000000e+00,0.000000e+00,0.000000e+00,0.000000e+00,0.000000e+00,0.000000e+00,0.000000e+00,0.000000e+00,0.000000e+00,0.000000e+00,0.000000e+00,0.000000e+00,0.000000e+00
1.000000e+00,0.000000e+00,0.000000e+00,0.000000e+00,0.000000e+00,0.000000e+00,0.000000e+00,0.000000e+00,0.000000e+00,0.000000e+00,0.000000e+00,0.000000e+00,0.000000e+00,0.000000e+00,0.000000e+00
1.000000e+00,0.000000e+00,0.000000e+00,0.000000e+00,0.000000e+00,0.000000e+00,0.000000e+00,0.000000e+00,0.000000e+00,0.000000e+00,0.000000e+00,0.000000e+00,0.000000e+00,0.000000e+00,0.000000e+00
1.000000e+00,0.000000e+00,0.000000e+00,0.000000e+00,0.000000e+00,0.000000e+00,0.000000e+00,0.000000e+00,0.000000e+00,0.000000e+00,0.000000e+00,0.000000e+00,0.000000e+00,0.000000e+00,0.000000e+00
4.486870e-01,2.278025e-03,7.389582e-03,6.958195e-03,4.546766e-03,1.043055e-02,8.333649e-03,4.843654e-01,8.051354e-04,1.072001e-03,2.472328e-03,1.078744e-02,6.644196e-03,8.748606e-04,4.354899e-03
3.492549e-01,1.652181e-03,5.724823e-03,5.300256e-03,4.992521e-03,8.187575e-03,6.957199e-03,5.968739e-01,6.091996e-04,8.482790e-04,1.874240e-03,8.589345e-03,5.296501e-03,6.495602e-04,3.189462e-03
2.668002e-01,1.195880e-03,4.766038e-03,4.146780e-03,4.893500e-03,6.416281e-03,6.116183e-03,6.896861e-01,4.506490e-04,6.465375e-04,1.379334e-03,6.548222e-03,4.154820e-03,4.867168e-04,2.312779e-03
2.058943e-01,9.180210e-04,3.920241e-03,3.346169e-03,4.874575e-03,5.640361e-03,6.415462e-03,7.557764e-01,3.663709e-04,5.973447e-04,1.083329e-03,5.173114e-03,3.680751e-03,4.204831e-04,1.893058e-03
1.798261e-01,8.412239e-04,3.504868e-03,2.888704e-03,7.179623e-03,6.244861e-03,5.729628e-03,7.793615e-01,4.860461e-04,9.159304e-04,1.088246e-03,5.010261e-03,4.179468e-03,4.883097e-04,2.255284e-03
1.289479e-01,7.237170e-04,2.597872e-03,2.491440e-03,6.228633e-03,4.578777e-03,4.244741e-03,7.691667e-01,9.524387e-04,1.151422e-03,9.598060e-03,1.415983e-02,3.919954e-02,1.336433e-02,2.594558e-03
9.035330e-02,5.302388e-04,1.842316e-03,2.111278e-03,4.552250e-03,3.239003e-03,3.042683e-03,5.632135e-01,9.064070e-04,4.967202e-03,1.243824e-01,4.611950e-02,3.295377e-02,1.198523e-01,1.933757e-03
6.332879e-02,3.896188e-04,1.296855e-03,2.201556e-03,3.341011e-03,2.313210e-03,2.187980e-03,4.118254e-01,9.000546e-04,5.153573e-03,1.742878e-01,9.118050e-02,5.860122e-02,1.809207e-01,2.071733e-03
4.443577e-02,3.278365e-04,9.164014e-04,2.209320e-03,2.413746e-03,1.640979e-03,1.544915e-03,2.901434e-01,1.898737e-03,4.814018e-03,3.278299e-01,1.006640e-01,5.219934e-02,1.672683e-01,1.693352e-03
3.115659e-02,7.390201e-04,6.559291e-04,1.768789e-03,1.784765e-03,1.186005e-03,1.089838e-03,2.034760e-01,3.345501e-02,4.551098e-03,2.860919e-01,8.151843e-02,4.413126e-02,3.058230e-01,2.572488e-03
2.184728e-02,1.773482e-03,4.881456e-04,1.546144e-03,1.380576e-03,9.121202e-04,7.741177e-04,1.426735e-01,5.345234e-02,4.901222e-03,2.584938e-01,6.895699e-02,3.498628e-02,4.044832e-01,3.330888e-03
1.557115e-02,4.020836e-03,4.447037e-04,1.562196e-03,1.071741e-03,1.212506e-03,5.733366e-04,1.001023e-01,7.248795e-02,5.265190e-03,2.373328e-01,5.615512e-02,2.631176e-02,4.737724e-01,4.116026e-03
1.106630e-02,7.576305e-03,4.072243e-04,1.416128e-03,9.040318e-04,1.425114e-03,4.232369e-04,7.020441e-02,9.909681e-02,4.032675e-03,1.806999e-01,4.742744e-02,1.977411e-02,5.514663e-01,4.080009e-03
7.766332e-03,8.531656e-03,7.805546e-04,1.079092e-03,9.545010e-04,1.253540e-03,3.028347e-04,4.917584e-02,8.674368e-02,2.897783e-03,1.356686e-01,3.394866e-02,1.394914e-02,6.539719e-01,2.975949e-03
5.548392e-03,6.762404e-03,1.258269e-03,1.254146e-03,7.906802e-04,3.479556e-03,2.224669e-04,3.444790e-02,8.143295e-02,2.118887e-03,9.546936e-02,2.393269e-02,9.971244e-03,7.309555e-01,2.355505e-03
4.210430e-03,5.486981e-03,1.198875e-03,1.011782e-03,6.850983e-04,4.548875e-03,1.626959e-04,2.412895e-02,8.074578e-02,1.552221e-03,6.737362e-02,1.687547e-02,7.145368e-03,7.826352e-01,2.238627e-03
3.387620e-03,5.408130e-03,4.520034e-03,2.239738e-03,1.222987e-03,8.465855e-03,1.451185e-04,1.728572e-02,7.762280e-02,1.215531e-03,4.820340e-02,1.200753e-02,5.986416e-03,8.097883e-01,2.500822e-03
3.262959e-03,4.624620e-03,3.676205e-03,1.666903e-03,1.082600e-03,6.555111e-03,1.064046e-04,1.217597e-02,9.457882e-02,9.341862e-04,3.414877e-02,8.434032e-03,4.260686e-03,8.213896e-01,3.103116e-03
4.235370e-03,5.766434e-03,7.817681e-03,2.787926e-03,2.043528e-03,5.668012e-03,1.121852e-04,1.054821e-02,1.409761e-01,7.439789e-04,2.455657e-02,5.991292e-03,3.159858e-03,7.828575e-01,2.735380e-03
5.360770e-03,5.771826e-03,8.162512e-03,2.682852e-03,1.932673e-03,5.227284e-03,9.933570e-05,7.882898e-03,1.258572e-01,6.280229e-04,1.758163e-02,4.238863e-03,2.325493e-03,8.086753e-01,3.573372e-03
1.091046e-02,7.099907e-03,7.237387e-02,1.094552e-02,3.941774e-03,5.143981e-03,1.960445e-04,9.317729e-03,1.331456e-01,8.447825e-04,1.357116e-02,3.030736e-03,1.921835e-03,7.226129e-01,4.943756e-03
1.448175e-02,6.474904e-03,6.480370e-02,8.448653e-03,6.268846e-03,4.453129e-03,1.626945e-04,8.183791e-03,1.308384e-01,1.067458e-03,1.074541e-02,2.153680e-03,1.460232e-03,7.326253e-01,7.832102e-03
1.911137e-02,6.086674e-03,7.308444e-02,9.287602e-03,1.256775e-02,4.020159e-03,2.543763e-04,1.520035e-02,1.396267e-01,1.007731e-03,8.065682e-03,1.533819e-03,1.148185e-03,6.945957e-01,1.440950e-02
3.224157e-02,6.534320e-03,7.914838e-02,7.979395e-03,1.540674e-02,4.712353e-03,3.201988e-04,1.393724e-02,1.168397e-01,1.379098e-03,6.298404e-03,1.106978e-03,1.043657e-03,6.953241e-01,1.772787e-02
3.807378e-02,6.801447e-03,1.521734e-01,1.283372e-02,1.880579e-02,5.004141e-03,4.071063e-04,1.904636e-02,1.320155e-01,2.971611e-03,4.802966e-03,8.715895e-04,1.036930e-03,5.653871e-01,3.976855e-02
4.895402e-02,5.605843e-03,1.247246e-01,1.013831e-02,1.790709e-02,4.676654e-03,3.772700e-04,1.684701e-02,1.195547e-01,2.573916e-03,4.178946e-03,6.943461e-04,8.985500e-04,6.074334e-01,3.543534e-02
7.314365e-02,8.007957e-03,1.332598e-01,4.265574e-02,2.794392e-02,5.222185e-03,5.605540e-04,1.707915e-02,1.161507e-01,2.077057e-03,3.960083e-03,6.942704e-04,8.895883e-04,5.384694e-01,2.988597e-02
6.614345e-02,7.283216e-03,1.017464e-01,3.175987e-02,2.706091e-02,4.190408e-03,4.491759e-04,1.316639e-02,1.435951e-01,1.630190e-03,3.796600e-03,5.932597e-04,7.511395e-04,5.694816e-01,2.835240e-02
8.394285e-02,6.301731e-03,7.628607e-02,2.945456e-02,3.327841e-02,4.084440e-03,5.708920e-04,1.250278e-02,1.672095e-01,1.388903e-03,7.244530e-03,1.021655e-03,8.587774e-04,5.515913e-01,2.426374e-02
1.540543e-01,6.869105e-03,5.885218e-02,2.838251e-02,4.517108e-02,5.389407e-03,7.922149e-04,1.323720e-02,2.339779e-01,1.217587e-03,9.110879e-03,2.382257e-03,1.244826e-03,4.191452e-01,2.017335e-02
2.268401e-01,8.199298e-03,4.269282e-02,2.445503e-02,4.384710e-02,8.069277e-03,9.599600e-04,1.088747e-02,2.955297e-01,1.121053e-03,8.374144e-03,3.485924e-03,1.713436e-03,3.062013e-01,1.762349e-02
3.287779e-01,9.244070e-03,3.184913e-02,1.995108e-02,3.979642e-02,8.318905e-03,9.890815e-04,8.327906e-03,3.018121e-01,1.017472e-03,7.462136e-03,4.756217e-03,2.119606e-03,2.215382e-01,1.403988e-02
4.030987e-01,1.061782e-02,2.336780e-02,1.591670e-02,3.520719e-02,1.320637e-02,1.128938e-03,6.617936e-03,3.018613e-01,9.572780e-04,6.836195e-03,5.349943e-03,2.727961e-03,1.609141e-01,1.219181e-02
1.000000e+00,0.000000e+00,0.000000e+00,0.000000e+00,0.000000e+00,0.000000e+00,0.000000e+00,0.000000e+00,0.000000e+00,0.000000e+00,0.000000e+00,0.000000e+00,0.000000e+00,0.000000e+00,0.000000e+00
3.805512e-01,1.047499e-02,1.258816e-02,1.389868e-02,2.015934e-02,8.448466e-03,8.167301e-04,4.283112e-03,2.201490e-01,4.887392e-03,6.717056e-03,6.516860e-03,3.943565e-03,9.564151e-02,2.109241e-01
2.699918e-01,8.216305e-03,9.309628e-03,1.184295e-02,1.419328e-02,6.014903e-03,5.875831e-04,3.040830e-03,2.076904e-01,1.295687e-02,5.172906e-03,4.768801e-03,3.183370e-03,7.360870e-02,3.694217e-01
2.040457e-01,1.184578e-02,1.751721e-02,2.685877e-02,1.096642e-02,4.798341e-03,4.902960e-04,2.370517e-03,1.802681e-01,1.892572e-02,5.896364e-03,4.256689e-03,3.828204e-03,5.831433e-02,4.496176e-01
1.885533e-01,1.218983e-02,1.366027e-02,2.141716e-02,8.129320e-03,4.222153e-03,4.448865e-04,1.994657e-03,1.399436e-01,1.938146e-02,5.400574e-03,3.383239e-03,3.780404e-03,4.830305e-02,5.291961e-01
1.983460e-01,1.710065e-02,1.269651e-02,1.863584e-02,7.305215e-03,5.533407e-03,6.763476e-04,1.804122e-03,1.578402e-01,2.778843e-02,5.243919e-03,3.287326e-03,4.029349e-03,4.654150e-02,4.931712e-01
1.496132e-01,2.033488e-02,3.023579e-02,1.996448e-02,5.503884e-03,4.440492e-03,5.045256e-04,1.528653e-03,1.881340e-01,8.150870e-02,4.470935e-03,2.544952e-03,3.227933e-03,3.474423e-02,4.532433e-01
1.181811e-01,1.747254e-02,2.370056e-02,1.526476e-02,4.213523e-03,3.741295e-03,3.940960e-04,1.172211e-03,1.950168e-01,7.266583e-02,3.753845e-03,1.948394e-03,2.709983e-03,2.782094e-02,5.119441e-01
1.174593e-01,1.704762e-02,2.230723e-02,3.523481e-02,4.782835e-03,4.255807e-03,6.718877e-04,4.795469e-03,2.835607e-01,5.741445e-02,4.888077e-03,2.027870e-03,3.378957e-03,2.200451e-02,4.201704e-01
8.914249e-02,1.314752e-02,1.747638e-02,2.762992e-02,3.680331e-03,3.322223e-03,5.394493e-04,3.463626e-03,2.535203e-01,5.146280e-02,4.190126e-03,1.560263e-03,2.775587e-03,2.930579e-02,4.987832e-01
6.968786e-02,1.083017e-02,1.300530e-02,2.042546e-02,2.822913e-03,2.687452e-03,4.266518e-04,2.496105e-03,3.186644e-01,4.584001e-02,3.546129e-03,1.297918e-03,2.347471e-03,3.593627e-02,4.699859e-01
5.496294e-02,9.931477e-03,4.120447e-02,2.363133e-02,2.541614e-03,2.120096e-03,3.348489e-04,1.971191e-03,3.584398e-01,5.829507e-02,3.246018e-03,1.062169e-03,2.119451e-03,3.371688e-02,4.064226e-01
4.473127e-02,9.603705e-03,3.764986e-02,1.823967e-02,2.116859e-03,1.863966e-03,2.829591e-04,1.441475e-03,2.925243e-01,5.875000e-02,3.149223e-03,9.493822e-04,2.045140e-03,5.377026e-02,4.728820e-01
4.261427e-02,1.028435e-02,9.150580e-02,3.968554e-02,2.957698e-03,1.692061e-03,2.593411e-04,1.430508e-03,3.208634e-01,4.864572e-02,3.178233e-03,8.735902e-04,1.848629e-03,4.351563e-02,3.906452e-01
3.699337e-02,9.908502e-03,1.281433e-01,3.371937e-02,2.998334e-03,1.524781e-03,2.816549e-04,1.355725e-03,2.706418e-01,5.849994e-02,3.583863e-03,1.029029e-03,2.233989e-03,4.583827e-02,4.032481e-01
3.846402e-02,1.148050e-02,1.015195e-01,2.634054e-02,2.906280e-03,2.099559e-03,2.975261e-04,1.888740e-03,2.436187e-01,7.069172e-02,7.669339e-03,2.096700e-03,8.996564e-03,3.883860e-02,4.430917e-01
6.310405e-02,1.834278e-02,1.144421e-01,7.230011e-02,3.030980e-03,3.426653e-03,4.082247e-04,2.817728e-03,2.490423e-01,7.053240e-02,1.169240e-02,2.794977e-03,9.419495e-03,3.076506e-02,3.478807e-01
1.060814e-01,1.943455e-02,1.035490e-01,7.179108e-02,3.799791e-03,5.099305e-03,1.282111e-03,8.957779e-03,2.121948e-01,6.994997e-02,3.762587e-02,6.751940e-03,2.906037e-02,3.511298e-02,2.893091e-01
1.102532e-01,2.128763e-02,8.082281e-02,5.397071e-02,4.053187e-03,5.395589e-03,1.288885e-03,8.949440e-03,1.603322e-01,5.400395e-02,4.133584e-02,1.035055e-02,5.283582e-02,3.187637e-02,3.632438e-01
1.166805e-01,2.025797e-02,6.430604e-02,4.750818e-02,1.107390e-02,6.070198e-03,1.566638e-03,8.375713e-03,1.372778e-01,4.008733e-02,6.393085e-02,1.116375e-02,9.735698e-02,3.347686e-02,3.408674e-01
1.259267e-01,2.371375e-02,5.590569e-02,4.235689e-02,7.639448e-02,1.733561e-02,3.695789e-03,8.015584e-03,1.443814e-01,3.060438e-02,5.771959e-02,8.866782e-03,7.623081e-02,2.879271e-02,3.000599e-01
1.925782e-01,4.225823e-02,4.711146e-02,4.926793e-02,1.221691e-01,4.670370e-02,8.267788e-03,6.771828e-03,1.092600e-01,2.178564e-02,4.410604e-02,7.632723e-03,5.830098e-02,2.120171e-02,2.225847e-01
1.465989e-01,5.734705e-02,5.361055e-02,1.014856e-01,2.058352e-01,5.048296e-02,1.907638e-02,8.779135e-03,8.472565e-02,1.554043e-02,3.176426e-02,5.820011e-03,4.199742e-02,1.506143e-02,1.618751e-01
1.166734e-01,5.310229e-02,1.267695e-01,2.206970e-01,1.679207e-01,3.682748e-02,1.508103e-02,7.138350e-03,6.035704e-02,1.165747e-02,2.253325e-02,4.196500e-03,2.961810e-02,1.058925e-02,1.168388e-01
1.247492e-01,5.229714e-02,2.056536e-01,2.070600e-01,1.501084e-01,2.931144e-02,1.305305e-02,5.967488e-03,5.162613e-02,1.233502e-02,1.668174e-02,3.296199e-03,2.264703e-02,7.988404e-03,9.722520e-02
2.446420e-01,5.800120e-02,1.930679e-01,1.669509e-01,1.255058e-01,2.914734e-02,1.108594e-02,5.220271e-03,4.035778e-02,9.831632e-03,1.262181e-02,4.001033e-03,1.762944e-02,6.560428e-03,7.537650e-02
2.561369e-01,6.134009e-02,2.034778e-01,1.997071e-01,1.134519e-01,2.436790e-02,1.080693e-02,5.809723e-03,3.107704e-02,7.499318e-03,9.691391e-03,4.223409e-03,1.331735e-02,4.922041e-03,5.417112e-02
2.912614e-01,6.630363e-02,2.093969e-01,1.731679e-01,1.242037e-01,2.131506e-02,9.479035e-03,7.711556e-03,2.696815e-02,5.571935e-03,7.307086e-03,3.874331e-03,1.042679e-02,3.791141e-03,3.922135e-02
2.698989e-01,5.978760e-02,1.648736e-01,2.575489e-01,1.237545e-01,2.047811e-02,8.237089e-03,1.258311e-02,2.066852e-02,5.379697e-03,9.927789e-03,3.963373e-03,8.563967e-03,3.959742e-03,3.037503e-02
2.875496e-01,5.819831e-02,1.279033e-01,2.156939e-01,1.425309e-01,2.607944e-02,8.788194e-03,3.927713e-02,1.872244e-02,5.746071e-03,1.520159e-02,6.470813e-03,1.253112e-02,4.991421e-03,3.031580e-02
2.322636e-01,4.301764e-02,9.260467e-02,1.590716e-01,1.282340e-01,2.034756e-02,7.508255e-03,2.404200e-01,1.410777e-02,4.189197e-03,1.273720e-02,6.665792e-03,1.214947e-02,3.845764e-03,2.283745e-02
1.671620e-01,3.018631e-02,6.553076e-02,1.133770e-01,9.143718e-02,1.471912e-02,5.667021e-03,4.570395e-01,9.910068e-03,2.973695e-03,9.315765e-03,4.797076e-03,9.082502e-03,2.705667e-03,1.609630e-02
1.197850e-01,2.115875e-02,4.648703e-02,8.069659e-02,6.595306e-02,1.083743e-02,4.331985e-03,6.111861e-01,6.957831e-03,2.110410e-03,6.877807e-03,3.466181e-03,6.919935e-03,1.914442e-03,1.131733e-02
8.533837e-02,1.496086e-02,3.336647e-02,5.766150e-02,6.020094e-02,2.589422e-02,5.084715e-03,6.779816e-01,4.957965e-03,1.570809e-03,6.156600e-03,5.218172e-03,1.193941e-02,1.388558e-03,8.279816e-03
6.125886e-02,1.051240e-02,2.359062e-02,4.119569e-02,4.504515e-02,2.304529e-02,4.064959e-03,5.879151e-01,3.760096e-03,1.500561e-03,2.030056e-02,2.645645e-02,1.421489e-01,1.206395e-03,7.998974e-03
4.336946e-02,7.394379e-03,1.654581e-02,2.906401e-02,3.177799e-02,2.002813e-02,3.113470e-03,4.256732e-01,2.836098e-03,1.521304e-03,2.054819e-02,8.112979e-02,3.090331e-01,1.456458e-03,6.508673e-03
3.079254e-02,5.182287e-03,1.159105e-02,2.039274e-02,2.230075e-02,1.440642e-02,2.636749e-03,3.000414e-01,2.022134e-03,1.414006e-03,1.520750e-02,1.031987e-01,4.646397e-01,1.156430e-03,5.017610e-03
2.285732e-02,3.657951e-03,8.192900e-03,1.429566e-02,1.572780e-02,1.026751e-02,6.204676e-03,2.120441e-01,1.601264e-03,3.605880e-03,1.125693e-02,2.017111e-01,4.824594e-01,2.116858e-03,4.000613e-03
1.702611e-02,2.878166e-03,5.943039e-03,1.006051e-02,1.155224e-02,7.777144e-03,6.060089e-03,1.490011e-01,2.107808e-03,5.378118e-03,1.182471e-02,3.683446e-01,3.934796e-01,5.240380e-03,3.326365e-03
1.302732e-02,2.301758e-03,4.451804e-03,7.121230e-03,8.438569e-03,6.059173e-03,4.538283e-03,1.046659e-01,3.985185e-03,1.109826e-02,1.584248e-02,4.687240e-01,3.354855e-01,1.126453e-02,2.996041e-03
1.155554e-02,1.781830e-03,3.368103e-03,5.144053e-03,6.214328e-03,4.464434e-03,3.495556e-03,7.455496e-02,5.741751e-03,1.150164e-02,1.740419e-02,5.908736e-01,2.490384e-01,1.259522e-02,2.266401e-03
8.382282e-03,4.933643e-03,2.728276e-03,3.659953e-03,6.534250e-03,3.231891e-03,2.520085e-03,5.232770e-02,1.791277e-02,1.566221e-02,3.110016e-02,6.481732e-01,1.812906e-01,1.967285e-02,1.870132e-03
6.031494e-03,3.824419e-03,1.994051e-03,2.661853e-03,5.250925e-03,2.338008e-03,1.780962e-03,3.676786e-02,2.807514e-02,1.287919e-02,3.788703e-02,7.067149e-01,1.282319e-01,2.415552e-02,1.406839e-03
4.973033e-03,2.999082e-03,1.632534e-03,2.055627e-03,4.129600e-03,1.868991e-03,1.301950e-03,2.596481e-02,4.384129e-02,1.711354e-02,5.455179e-02,7.213879e-01,9.066369e-02,2.645002e-02,1.066120e-03
3.691965e-03,2.342134e-03,1.592384e-03,1.799839e-03,3.708977e-03,1.434603e-03,9.362725e-04,1.831697e-02,5.836456e-02,1.642504e-02,6.912337e-02,7.211778e-01,6.401683e-02,3.625488e-02,8.143864e-04
2.618396e-03,2.100256e-03,4.394678e-03,1.972879e-03,5.639893e-03,1.037862e-03,7.476871e-04,1.289977e-02,6.987190e-02,1.466154e-02,1.493763e-01,6.193096e-01,4.518484e-02,6.933850e-02,8.459229e-04
2.014066e-03,2.593108e-03,1.203891e-02,3.717379e-03,1.873510e-02,9.337046e-04,9.912093e-04,9.373705e-03,8.032067e-02,1.293511e-02,2.975204e-01,4.654101e-01,3.191951e-02,6.043619e-02,1.060827e-03
1.902752e-03,2.435728e-03,2.023082e-02,7.992677e-03,2.747829e-02,1.195466e-03,1.192598e-03,9.380745e-03,8.661762e-02,1.167842e-02,4.099672e-01,3.427833e-01,2.274118e-02,5.297761e-02,1.425646e-03
2.460592e-03,2.045821e-03,4.770417e-02,1.304969e-02,4.293371e-02,2.948113e-03,3.116030e-03,6.831750e-02,8.537325e-02,1.299515e-02,3.936183e-01,2.610428e-01,1.721076e-02,4.488176e-02,2.302315e-03
4.479830e-03,2.136033e-03,7.760005e-02,1.636732e-02,4.513560e-02,9.887958e-03,4.854647e-03,7.163492e-02,8.489647e-02,1.519116e-02,3.933903e-01,1.968385e-01,1.430828e-02,5.848454e-02,4.794384e-03
4.429594e-03,2.686523e-03,1.387295e-01,2.047528e-02,3.318990e-02,1.249456e-02,3.606021e-03,1.187419e-01,7.457741e-02,1.292657e-02,3.194235e-01,1.545971e-01,1.478548e-02,8.349557e-02,5.841017e-03
4.256075e-03,2.762121e-03,1.409774e-01,4.002143e-02,2.416918e-02,1.718198e-02,2.692602e-03,1.302869e-01,9.429130e-02,1.150811e-02,2.471543e-01,1.294301e-01,1.819672e-02,1.261302e-01,1.094162e-02
4.349219e-03,2.599650e-03,1.303825e-01,3.566504e-02,2.053002e-02,1.602368e-02,2.209924e-03,1.964384e-01,7.126126e-02,1.010612e-02,2.042673e-01,1.148201e-01,2.260724e-02,1.590157e-01,9.723851e-03
1.048852e-02,2.097877e-03,1.520140e-01,9.039761e-02,2.373670e-02,1.274441e-02,2.886177e-03,2.633731e-01,5.508992e-02,9.451174e-03,1.485256e-01,8.100705e-02,1.693334e-02,1.236622e-01,7.592462e-03
2.808413e-02,3.205245e-03,1.568406e-01,2.507234e-01,3.141494e-02,1.592825e-02,2.468829e-03,1.887582e-01,4.503602e-02,7.830691e-03,1.055353e-01,5.677712e-02,1.209138e-02,8.906992e-02,6.236185e-03
5.868105e-02,8.572867e-03,1.655422e-01,2.752016e-01,8.719162e-02,2.335875e-02,5.224356e-03,1.369004e-01,3.683818e-02,5.859573e-03,7.463852e-02,3.980855e-02,8.861993e-03,6.762541e-02,5.694940e-03
6.562065e-02,1.738466e-02,1.364802e-01,3.626273e-01,1.111244e-01,2.165639e-02,7.069956e-03,1.006061e-01,2.749608e-02,4.519612e-03,5.296323e-02,2.793337e-02,6.431735e-03,5.338123e-02,4.705089e-03
8.996654e-02,4.476951e-02,1.220163e-01,3.377823e-01,1.542260e-01,2.820953e-02,1.335273e-02,7.358521e-02,2.242264e-02,3.673790e-03,3.863325e-02,1.997335e-02,4.887927e-03,4.214310e-02,4.357737e-03
7.285015e-02,4.604701e-02,8.963376e-02,4.184119e-01,1.617162e-01,3.196133e-02,1.850015e-02,6.003685e-02,1.815829e-02,3.113860e-03,2.783083e-02,1.437990e-02,3.853390e-03,2.999094e-02,3.515422e-03
6.152320e-02,4.428932e-02,7.577181e-02,4.924298e-01,1.515598e-01,3.211527e-02,1.597131e-02,4.590481e-02,1.600552e-02,4.323700e-03,2.195120e-02,1.041095e-02,2.920610e-03,2.139856e-02,3.424176e-03
7.811697e-02,6.062876e-02,1.086191e-01,3.682220e-01,2.117485e-01,3.087916e-02,1.599352e-02,4.347031e-02,2.247561e-02,5.259363e-03,1.781879e-02,1.024592e-02,5.596820e-03,1.649469e-02,4.430511e-03
7.968684e-02,4.797059e-02,7.931733e-02,2.985925e-01,1.681179e-01,3.503515e-02,1.316874e-02,3.127866e-02,1.180160e-01,1.330621e-02,3.197503e-02,9.196768e-03,4.400454e-02,1.279385e-02,1.753990e-02
6.298140e-02,3.902913e-02,5.672710e-02,2.702141e-01,1.230955e-01,2.872955e-02,9.674165e-03,2.241218e-02,1.674636e-01,1.721868e-02,3.228936e-02,8.649061e-03,1.363724e-01,9.100790e-03,1.604299e-02
4.769006e-02,2.876813e-02,4.061735e-02,2.195155e-01,9.004837e-02,2.141333e-02,7.121326e-03,1.602302e-02,1.413276e-01,1.375587e-02,2.634374e-02,1.340072e-02,3.142296e-01,6.637746e-03,1.310771e-02
3.696109e-02,2.115209e-02,2.909202e-02,1.639205e-01,6.919109e-02,1.634076e-02,5.103857e-03,1.141869e-02,1.100828e-01,1.096047e-02,2.090961e-02,1.968881e-02,4.689235e-01,5.021428e-03,1.123338e-02
3.984547e-02,1.523968e-02,2.049577e-02,1.164152e-01,4.923424e-02,1.836740e-02,4.091463e-03,8.260403e-03,7.821825e-02,7.753965e-03,1.526546e-02,2.823014e-02,5.852792e-01,3.761027e-03,9.542260e-03
3.392320e-02,1.378348e-02,1.442980e-02,8.182617e-02,3.465584e-02,1.817709e-02,3.020535e-03,6.017017e-03,5.768100e-02,5.525304e-03,1.147219e-02,3.807125e-02,6.717165e-01,2.735980e-03,6.964708e-03
2.826194e-02,1.110407e-02,1.026871e-02,5.750142e-02,2.511514e-02,1.529158e-02,2.529573e-03,4.742190e-03,4.267595e-02,3.909131e-03,8.539893e-03,3.419995e-02,7.487099e-01,2.106525e-03,5.044070e-03
2.105689e-02,1.221921e-02,7.729089e-03,4.047989e-02,1.928758e-02,1.240743e-02,2.190592e-03,4.124237e-03,3.602316e-02,2.865851e-03,6.610708e-03,4.385392e-02,7.852553e-01,1.704903e-03,4.191306e-03
1.602688e-02,1.724074e-02,5.737131e-03,2.843178e-02,1.549400e-02,1.346034e-02,2.093205e-03,3.653941e-03,4.329039e-02,2.129388e-03,5.722073e-03,6.397664e-02,7.779782e-01,1.496073e-03,3.269180e-03
1.283863e-02,2.221511e-02,4.272940e-03,1.994754e-02,1.299925e-02,2.596255e-02,2.102361e-03,3.301373e-03,5.915368e-02,1.682826e-03,4.830645e-03,7.511225e-02,7.518170e-01,1.266106e-03,2.497693e-03
1.052877e-02,2.258906e-02,3.081054e-03,1.398103e-02,1.057506e-02,2.949876e-02,1.655822e-03,2.604136e-03,6.640440e-02,1.281608e-03,4.331275e-03,8.434960e-02,7.460766e-01,1.099453e-03,1.943414e-03
9.555791e-03,2.442653e-02,2.284313e-03,9.831686e-03,9.999049e-03,3.021067e-02,1.360779e-03,2.012190e-03,7.586035e-02,9.588918e-04,4.722036e-03,7.817940e-02,7.479739e-01,1.024553e-03,1.599789e-03
1.457022e-02,3.205157e-02,1.803517e-03,6.960182e-03,9.208177e-03,3.540140e-02,1.270073e-03,1.658854e-03,1.223034e-01,8.183112e-04,6.507598e-03,8.781704e-02,6.766100e-01,1.570578e-03,1.449065e-03
1.877688e-02,4.014177e-02,1.530661e-03,4.965295e-03,9.150834e-03,3.591303e-02,1.137612e-03,1.516179e-03,1.789876e-01,8.701033e-04,8.583706e-03,1.268698e-01,5.682593e-01,1.933525e-03,1.363769e-03
2.073168e-02,3.387799e-02,1.317725e-03,3.587596e-03,7.587269e-03,3.164556e-02,1.043211e-03,1.952246e-03,1.594806e-01,1.031964e-03,9.093632e-03,2.793871e-01,4.462647e-01,1.910943e-03,1.087775e-03
2.170609e-02,2.759142e-02,1.146095e-03,2.612538e-03,7.832898e-03,2.579319e-02,1.079038e-03,2.325782e-03,2.117069e-01,1.283803e-03,8.823792e-03,3.458132e-01,3.398011e-01,1.600599e-03,8.835737e-04
2.843994e-02,2.266305e-02,9.984871e-04,2.066809e-03,2.068359e-02,2.250288e-02,1.562057e-03,2.560379e-03,3.330839e-01,1.374438e-03,8.716078e-03,2.840959e-01,2.691677e-01,1.303620e-03,7.811761e-04
3.001168e-02,1.870202e-02,8.540935e-04,1.852214e-03,1.606744e-02,1.733692e-02,1.280797e-03,2.407175e-03,3.143345e-01,1.836701e-03,8.500261e-03,3.637566e-01,2.206023e-01,1.388881e-03,1.068374e-03
2.817719e-02,1.500785e-02,7.201926e-04,1.551380e-03,2.306318e-02,1.605250e-02,1.491408e-03,3.032253e-03,4.618827e-01,1.877159e-03,8.579198e-03,2.706662e-01,1.659009e-01,1.015048e-03,9.828744e-04
5.301419e-02,1.346575e-02,3.865734e-03,5.728428e-03,3.145979e-02,1.253734e-02,1.995913e-03,5.798081e-02,4.351868e-01,2.490178e-03,9.495005e-03,2.417603e-01,1.292548e-01,8.154335e-04,9.495376e-04
7.072262e-02,1.270649e-02,3.664593e-03,5.302622e-03,3.427849e-02,1.153976e-02,3.405461e-03,4.958012e-02,4.781569e-01,4.441531e-03,1.027180e-02,1.911942e-01,1.225378e-01,7.321452e-04,1.465489e-03
8.547691e-02,1.096866e-02,3.036279e-03,4.730969e-03,3.513808e-02,1.678815e-02,4.977318e-03,4.179952e-02,5.112970e-01,4.561067e-03,1.061906e-02,1.576610e-01,1.106364e-01,6.862071e-04,1.623400e-03
7.596539e-02,9.709555e-03,2.420187e-03,3.959256e-03,4.698180e-02,1.826680e-02,5.662786e-03,3.308644e-02,5.831111e-01,3.792187e-03,1.101497e-02,1.150497e-01,8.818468e-02,5.163924e-04,2.278808e-03
7.122502e-02,1.034999e-02,2.114028e-03,3.557307e-03,4.285381e-02,2.607824e-02,5.610606e-03,3.260572e-02,6.151174e-01,3.501111e-03,8.938030e-03,8.563769e-02,8.956921e-02,4.162836e-04,2.425628e-03
8.644474e-02,1.157814e-02,1.834533e-03,3.097708e-03,4.460015e-02,3.613464e-02,7.647882e-03,2.541811e-02,6.136174e-01,3.045977e-03,7.936842e-03,6.368797e-02,9.205922e-02,3.999088e-04,2.496771e-03
9.722276e-02,1.166867e-02,1.629265e-03,3.147254e-03,4.402991e-02,2.875858e-02,6.470451e-03,2.146848e-02,6.600567e-01,3.282097e-03,6.489583e-03,4.632553e-02,6.686124e-02,5.428892e-04,2.046662e-03
1.324095e-01,1.325857e-02,1.503684e-03,2.968846e-03,4.300221e-02,2.522828e-02,5.213567e-03,1.985696e-02,6.616742e-01,3.496397e-03,5.509476e-03,3.535336e-02,4.788607e-02,6.845481e-04,1.954373e-03
1.542574e-01,1.434906e-02,1.178753e-03,2.523014e-03,3.815649e-02,2.606666e-02,4.108015e-03,1.743674e-02,6.697264e-01,3.757629e-03,4.533606e-03,2.690016e-02,3.445033e-02,7.071953e-04,1.848502e-03
2.454401e-01,1.487371e-02,9.930809e-04,2.491867e-03,3.554457e-02,2.277151e-02,3.367252e-03,1.382488e-02,6.043921e-01,3.814866e-03,3.911425e-03,2.118551e-02,2.473496e-02,6.813991e-04,1.972855e-03
3.579500e-01,1.800189e-02,1.134525e-03,2.331855e-03,4.910038e-02,1.970538e-02,3.245119e-03,1.392995e-02,4.885525e-01,4.460135e-03,3.589291e-03,1.677357e-02,1.821768e-02,9.030587e-04,2.104701e-03
4.527556e-01,2.126709e-02,9.691480e-04,2.789108e-03,4.856262e-02,1.613330e-02,3.243372e-03,1.154705e-02,3.998236e-01,6.262046e-03,3.383276e-03,1.590613e-02,1.352374e-02,8.691542e-04,2.964781e-03
1.000000e+00,0.000000e+00,0.000000e+00,0.000000e+00,0.000000e+00,0.000000e+00,0.000000e+00,0.000000e+00,0.000000e+00,0.000000e+00,0.000000e+00,0.000000e+00,0.000000e+00,0.000000e+00,0.000000e+00
1.000000e+00,0.000000e+00,0.000000e+00,0.000000e+00,0.000000e+00,0.000000e+00,0.000000e+00,0.000000e+00,0.000000e+00,0.000000e+00,0.000000e+00,0.000000e+00,0.000000e+00,0.000000e+00,0.000000e+00
1.000000e+00,0.000000e+00,0.000000e+00,0.000000e+00,0.000000e+00,0.000000e+00,0.000000e+00,0.000000e+00,0.000000e+00,0.000000e+00,0.000000e+00,0.000000e+00,0.000000e+00,0.000000e+00,0.000000e+00
1.000000e+00,0.000000e+00,0.000000e+00,0.000000e+00,0.000000e+00,0.000000e+00,0.000000e+00,0.000000e+00,0.000000e+00,0.000000e+00,0.000000e+00,0.000000e+00,0.000000e+00,0.000000e+00,0.000000e+00
4.125992e-01,1.915379e-02,8.491810e-03,2.962635e-02,1.954245e-02,8.703552e-03,3.391953e-03,3.017555e-01,1.168600e-01,2.783526e-03,1.059835e-02,4.827171e-02,1.189835e-02,1.443494e-03,4.879998e-03
2.997383e-01,1.350959e-02,6.978916e-03,2.196315e-02,1.429440e-02,6.442384e-03,2.575960e-03,4.952441e-01,8.206950e-02,1.972673e-03,7.953445e-03,3.420258e-02,8.521138e-03,1.041874e-03,3.491948e-03
2.375388e-01,9.639163e-03,8.005558e-03,1.664304e-02,1.056857e-02,5.291527e-03,2.592681e-03,6.106771e-01,5.770413e-02,1.441880e-03,5.903007e-03,2.436776e-02,6.200879e-03,8.258574e-04,2.600033e-03
2.093830e-01,6.945235e-03,8.805508e-03,1.346987e-02,8.225605e-03,5.361503e-03,3.289713e-03,6.735289e-01,4.052952e-02,1.089009e-03,4.414513e-03,1.754419e-02,4.703411e-03,7.130305e-04,1.997029e-03
3.274978e-01,5.645845e-03,8.218084e-03,1.102659e-02,6.954537e-03,7.116590e-03,4.362161e-03,5.727380e-01,2.870042e-02,1.028273e-03,3.663961e-03,1.494767e-02,4.961396e-03,8.065097e-04,2.332160e-03
3.178508e-01,4.272413e-03,7.658022e-03,9.021322e-03,6.380911e-03,6.790489e-03,4.363771e-03,6.005453e-01,2.022072e-02,9.164936e-04,2.839671e-03,1.186751e-02,4.420570e-03,7.282427e-04,2.123784e-03
2.888861e-01,3.237973e-03,6.860125e-03,7.215410e-03,6.212740e-03,6.283985e-03,4.147038e-03,6.442231e-01,1.425746e-02,8.501271e-04,2.222668e-03,9.285708e-03,3.871763e-03,6.137366e-04,1.832059e-03
3.659454e-01,3.046473e-03,6.778222e-03,6.629423e-03,6.330590e-03,9.257047e-03,5.033803e-03,5.621637e-01,1.036969e-02,1.383773e-03,2.371186e-03,1.110093e-02,5.301671e-03,7.213107e-04,3.566790e-03
3.815242e-01,2.493909e-03,6.862759e-03,5.523972e-03,5.479492e-03,1.023813e-02,6.829438e-03,5.489559e-01,7.469123e-03,1.332586e-03,2.031586e-03,1.127345e-02,5.581680e-03,7.428253e-04,3.660919e-03
3.519064e-01,2.057198e-03,6.767563e-03,4.777653e-03,5.156911e-03,9.515336e-03,7.845789e-03,5.822322e-01,5.382525e-03,1.168291e-03,1.794876e-03,1.110816e-02,6.187929e-03,7.847460e-04,3.314255e-03
3.860467e-01,1.866737e-03,6.071281e-03,4.416328e-03,6.135138e-03,1.024627e-02,8.103236e-03,5.440510e-01,4.105332e-03,1.208612e-03,1.927018e-03,1.370641e-02,7.074371e-03,8.319629e-04,4.209503e-03
3.901661e-01,1.647417e-03,6.253647e-03,3.822323e-03,5.939174e-03,1.026719e-02,1.152969e-02,5.374865e-01,3.080172e-03,1.033039e-03,1.772193e-03,1.422362e-02,7.480214e-03,8.695165e-04,4.429113e-03
4.196493e-01,1.440143e-03,5.694228e-03,3.294253e-03,5.753675e-03,1.103106e-02,1.122702e-02,5.089431e-01,2.383204e-03,1.005077e-03,1.746885e-03,1.534430e-02,7.545324e-03,8.099276e-04,4.132539e-03
4.393705e-01,1.273354e-03,4.938939e-03,2.895966e-03,6.213914e-03,1.102921e-02,1.083917e-02,4.913968e-01,1.940907e-03,1.007346e-03,1.678534e-03,1.561852e-02,7.266881e-03,7.230171e-04,3.806957e-03
4.650985e-01,1.325910e-03,4.490134e-03,3.280370e-03,6.888917e-03,1.266043e-02,9.406998e-03,4.599150e-01,1.873095e-03,1.078888e-03,2.033295e-03,1.948271e-02,7.594614e-03,7.326739e-04,4.138580e-03
4.770655e-01,1.224022e-03,4.145258e-03,3.127449e-03,7.399594e-03,1.151074e-02,7.711439e-03,4.508382e-01,1.646005e-03,1.275947e-03,1.995796e-03,1.980911e-02,7.109478e-03,7.652423e-04,4.376174e-03
4.778712e-01,1.222884e-03,4.052427e-03,3.219151e-03,8.380636e-03,1.078277e-02,6.547105e-03,4.519065e-01,1.625423e-03,1.365782e-03,1.923313e-03,1.908569e-02,6.614754e-03,8.232453e-04,4.579044e-03
4.327103e-01,1.164472e-03,3.941574e-03,2.845177e-03,8.707379e-03,8.767446e-03,5.244243e-03,5.057851e-01,1.419526e-03,1.312027e-03,1.791552e-03,1.541237e-02,5.792432e-03,8.002081e-04,4.306113e-03
3.829125e-01,1.119515e-03,3.280388e-03,2.671701e-03,8.299983e-03,7.407147e-03,4.138287e-03,5.628313e-01,1.227303e-03,1.159220e-03,1.814730e-03,1.286308e-02,5.384897e-03,8.068153e-04,4.083074e-03
3.497092e-01,1.137064e-03,3.078065e-03,2.733974e-03,7.560942e-03,6.343101e-03,3.202343e-03,6.026292e-01,1.077695e-03,9.606385e-04,1.731480e-03,1.066231e-02,4.608410e-03,7.865884e-04,3.778938e-03
3.416530e-01,1.113560e-03,2.834875e-03,2.719941e-03,6.647270e-03,5.551349e-03,2.521463e-03,6.162152e-01,9.366766e-04,7.751544e-04,1.545381e-03,9.204319e-03,3.995584e-03,7.522966e-04,3.533821e-03
3.496827e-01,1.275018e-03,3.031808e-03,2.931030e-03,6.134911e-03,5.352642e-03,2.092502e-03,6.097834e-01,8.898124e-04,6.967643e-04,1.545588e-03,8.177955e-03,3.672228e-03,8.049948e-04,3.928563e-03
3.948664e-01,1.779045e-03,3.452826e-03,3.885527e-03,5.876907e-03,6.031426e-03,1.856949e-03,5.562900e-01,1.083820e-03,8.820412e-04,2.482572e-03,9.329353e-03,4.808214e-03,1.086158e-03,6.288754e-03
4.418660e-01,3.311309e-03,4.358209e-03,1.595197e-02,5.518334e-03,1.122686e-02,1.599910e-03,4.587445e-01,2.853757e-03,1.765682e-03,4.784392e-03,2.398539e-02,1.065640e-02,1.489602e-03,1.188779e-02
