1.000000e+00,0.000000e+00,0.000000e+00,0.000000e+00,0.000000e+00,0.000000e+00,0.000000e+00,0.000000e+00,0.000000e+00,0.000000e+00,0.000000e+00,0.000000e+00,0.000000e+00,0.000000e+00,0.000000e+00
1.000000e+00,0.000000e+00,0.000000e+00,0.000000e+00,0.000000e+00,0.000000e+00,0.000000e+00,0.000000e+00,0.000000e+00,0.000000e+00,0.000000e+00,0.000000e+00,0.000000e+00,0.000000e+00,0.000000e+00
1.000000e+00,0.000000e+00,0.000000e+00,0.000000e+00,0.000000e+00,0.000000e+00,0.000000e+00,0.000000e+00,0.000000e+00,0.000000e+00,0.000000e+00,0.000000e+00,0.000000e+00,0.000000e+00,0.000000e+00
1.000000e+00,0.000000e+00,0.000000e+00,0.000000e+00,0.000000e+00,0.000000e+00,0.000000e+00,0.000000e+00,0.000000e+00,0.000000e+00,0.000000e+00,0.000000e+00,0.000000e+00,0.000000e+00,0.000000e+00
1.000000e+00,0.000000e+00,0.000000e+00,0.000000e+00,0.000000e+00,0.000000e+00,0.000000e+00,0.000000e+00,0.000000e+00,0.000000e+00,0.000000e+00,0.000000e+00,0.000000e+00,0.000000e+00,0.000000e+00
1.000000e+00,0.000000e+00,0.000000e+00,0.000000e+00,0.000000e+00,0.000000e+00,0.000000e+00,0.000000e+00,0.000000e+00,0.000000e+00,0.000000e+00,0.000000e+00,0.000000e+00,0.000000e+00,0.000000e+00
1.000000e+00,0.000000e+00,0.000000e+00,0.000000e+00,0.000000e+00,0.000000e+00,0.000000e+00,0.000000e+00,0.000000e+00,0.000000e+00,0.000000e+00,0.000000e+00,0.000000e+00,0.000000e+00,0.000000e+00
1.000000e+00,0.000000e+00,0.000000e+00,0.000000e+00,0.000000e+00,0.000000e+00,0.000000e+00,0.000000e+00,0.000000e+00,0.000000e+00,0.000000e+00,0.000000e+00,0.000000e+00,0.000000e+00,0.000000e+00
1.000000e+00,0.000000e+00,0.000000e+00,0.000000e+00,0.000000e+00,0.000000e+00,0.000000e+00,0.000000e+00,0.000000e+00,0.000000e+00,0.000000e+00,0.000000e+00,0.000000e+00,0.000000e+00,0.000000e+00
1.000000e+00,0.000000e+00,0.000000e+00,0.000000e+00,0.000000e+00,0.000000e+00,0.000000e+00,0.000000e+00,0.000000e+00,0.000000e+00,0.000000e+00,0.000000e+00,0.000000e+00,0.000000e+00,0.000000e+00
1.000000e+00,0.000000e+00,0.000000e+00,0.000000e+00,0.000000e+00,0.000000e+00,0.000000e+00,0.000000e+00,0.000000e+00,0.000000e+00,0.000000e+00,0.000000e+00,0.000000e+00,0.000000e+00,0.000000e+00
1.000000e+00,0.000000e+00,0.000000e+00,0.000000e+00,0.000000e+00,0.000000e+00,0.000000e+00,0.000000e+00,0.000000e+00,0.000000e+00,0.000000e+00,0.000000e+00,0.000000e+00,0.000000e+00,0.000000e+00
1.000000e+00,0.000000e+00,0.000000e+00,0.000000e+00,0.000000e+00,0.000000e+00,0.000000e+00,0.000000e+00,0.000000e+00,0.000000e+00,0.000000e+00,0.000000e+00,0.000000e+00,0.000000e+00,0.000000e+00
1.000000e+00,0.000000e+00,0.000000e+00,0.000000e+00,0.000000e+00,0.000000e+00,0.000000e+00,0.000000e+00,0.000000e+00,0.000000e+00,0.000000e+00,0.000000e+00,0.000000e+00,0.000000e+00,0.000000e+00
1.000000e+00,0.000000e+00,0.000000e+00,0.000000e+00,0.000000e+00,0.000000e+00,0.000000e+00,0.000000e+00,0.000000e+00,0.000000e+00,0.000000e+00,0.000000e+00,0.000000e+00,0.000000e+00,0.000000e+00
1.000000e+00,0.000000e+00,0.000000e+00,0.000000e+00,0.000000e+00,0.000000e+00,0.000000e+00,0.000000e+00,0.000000e+00,0.000000e+00,0.000000e+00,0.000000e+00,0.000000e+00,0.000000e+00,0.000000e+00
1.000000e+00,0.000000e+00,0.000000e+00,0.000000e+00,0.000000e+00,0.000000e+00,0.000000e+00,0.000000e+00,0.000000e+00,0.000000e+00,0.000000e+00,0.000000e+00,0.000000e+00,0.000000e+00,0.000000e+00
1.000000e+00,0.000000e+00,0.000000e+00,0.000000e+00,0.000000e+00,0.000000e+00,0.000000e+00,0.000000e+00,0.000000e+00,0.000000e+00,0.000000e+00,0.000000e+00,0.000000e+00,0.000000e+00,0.000000e+00
1.000000e+00,0.000000e+00,0.000000e+00,0.000000e+00,0.000000e+00,0.000000e+00,0.000000e+00,0.000000e+00,0.000000e+00,0.000000e+00,0.000000e+00,0.000000e+00,0.000000e+00,0.000000e+00,0.000000e+00
1.000000e+00,0.000000e+00,0.000000e+00,0.000000e+00,0.000000e+00,0.000000e+00,0.000000e+00,0.000000e+00,0.000000e+00,0.000000e+00,0.000000e+00,0.000000e+00,0.000000e+00,0.000000e+00,0.000000e+00
1.000000e+00,0.000000e+00,0.000000e+00,0.000000e+00,0.000000e+00,0.000000e+00,0.000000e+00,0.000000e+00,0.000000e+00,0.000000e+00,0.000000e+00,0.000000e+00,0.000000e+00,0.000000e+00,0.000000e+00
1.000000e+00,0.000000e+00,0.000000e+00,0.000000e+00,0.000000e+00,0.000000e+00,0.000000e+00,0.000000e+00,0.000000e+00,0.000000e+00,0.000000e+00,0.000000e+00,0.000000e+00,0.000000e+00,0.000000e+00
1.000000e+00,0.000000e+00,0.000000e+00,0.000000e+00,0.000000e+00,0.000000e+00,0.000000e+00,0.000000e+00,0.000000e+00,0.000000e+00,0.000000e+00,0.000000e+00,0.000000e+00,0.000000e+00,0.000000e+00
1.000000e+00,0.000000e+00,0.000000e+00,0.000000e+00,0.000000e+00,0.000000e+00,0.000000e+00,0.000000e+00,0.000000e+00,0.000000e+00,0.000000e+00,0.000000e+00,0.000000e+00,0.000000e+00,0.000000e+00
1.000000e+00,0.000000e+00,0.000000e+00,0.000000e+00,0.000000e+00,0.000000e+00,0.000000e+00,0.000000e+00,0.000000e+00,0.000000e+00,0.000000e+00,0.000000e+00,0.000000e+00,0.000000e+00,0.000000e+00
1.000000e+00,0.000000e+00,0.000000e+00,0.000000e+00,0.000000e+00,0.000000e+00,0.000000e+00,0.000000e+00,0.000000e+00,0.000000e+00,0.000000e+00,0.000000e+00,0.000000e+00,0.000000e+00,0.000000e+00
1.000000e+00,0.000000e+00,0.000000e+00,0.000000e+00,0.000000e+00,0.000000e+00,0.000000e+00,0.000000e+00,0.000000e+00,0.000000e+00,0.000000e+00,0.000000e+00,0.000000e+00,0.000000e+00,0.000000e+00
1.000000e+00,0.000000e+00,0.000000e+00,0.000000e+00,0.000000e+00,0.000000e+00,0.000000e+00,0.000000e+00,0.000000e+00,0.000000e+00,0.000000e+00,0.000000e+00,0.000000e+00,0.000000e+00,0.000000e+00
1.000000e+00,0.000000e+00,0.000000e+00,0.000000e+00,0.000000e+00,0.000000e+00,0.000000e+00,0.000000e+00,0.000000e+00,0.000000e+00,0.000000e+00,0.000000e+00,0.000000e+00,0.000000e+00,0.000000e+00
1.000000e+00,0.000000e+00,0.000000e+00,0.000000e+00,0.000000e+00,0.000000e+00,0.000000e+00,0.000000e+00,0.000000e+00,0.000000e+00,0.000000e+00,0.000000e+00,0.000000e+00,0.000000e+00,0.000000e+00
1.000000e+00,0.000000e+00,0.000000e+00,0.000000e+00,0.000000e+00,0.000000e+00,0.000000e+00,0.000000e+00,0.000000e+00,0.000000e+00,0.000000e+00,0.000000e+00,0.000000e+00,0.000000e+00,0.000000e+00
1.000000e+00,0.000000e+00,0.000000e+00,0.000000e+00,0.000000e+00,0.000000e+00,0.000000e+00,0.000000e+00,0.000000e+00,0.000000e+00,0.000000e+00,0.000000e+00,0.000000e+00,0.000000e+00,0.000000e+00
1.000000e+00,0.000000e+00,0.000000e+00,0.000000e+00,0.000000e+00,0.000000e+00,0.000000e+00,0.000000e+00,0.000000e+00,0.000000e+00,0.000000e+00,0.000000e+00,0.000000e+00,0.000000e+00,0.000000e+00
1.000000e+00,0.000000e+00,0.000000e+00,0.000000e+00,0.000000e+00,0.000000e+00,0.000000e+00,0.000000e+00,0.000000e+00,0.000000e+00,0.000000e+00,0.000000e+00,0.000000e+00,0.000000e+00,0.000000e+00
1.000000e+00,0.000000e+00,0.000000e+00,0.000000e+00,0.000000e+00,0.000000e+00,0.000000e+00,0.000000e+00,0.000000e+00,0.000000e+00,0.000000e+00,0.000000e+00,0.000000e+00,0.000000e+00,0.000000e+00
1.000000e+00,0.000000e+00,0.000000e+00,0.000000e+00,0.000000e+00,0.000000e+00,0.000000e+00,0.000000e+00,0.000000e+00,0.000000e+00,0.000000e+00,0.000000e+00,0.000000e+00,0.000000e+00,0.000000e+00
1.000000e+00,0.000000e+00,0.000000e+00,0.000000e+00,0.000000e+00,0.000000e+00,0.000000e+00,0.000000e+00,0.000000e+00,0.000000e+00,0.000000e+00,0.000000e+00,0.000000e+00,0.000000e+00,0.000000e+00
1.000000e+00,0.000000e+00,0.000000e+00,0.000000e+00,0.000000e+00,0.000000e+00,0.000000e+00,0.000000e+00,0.000000e+00,0.000000e+00,0.000000e+00,0.000000e+00,0.000000e+00,0.000000e+00,0.000000e+00
1.000000e+00,0.000000e+00,0.000000e+00,0.000000e+00,0.000000e+00,0.000000e+00,0.000000e+00,0.000000e+00,0.000000e+00,0.000000e+00,0.000000e+00,0.000000e+00,0.000000e+00,0.000000e+00,0.000000e+00
1.000000e+00,0.000000e+00,0.000000e+00,0.000000e+00,0.000000e+00,0.000000e+00,0.000000e+00,0.000000e+00,0.000000e+00,0.000000e+00,0.000000e+00,0.000000e+00,0.000000e+00,0.000000e+00,0.000000e+00
1.000000e+00,0.000000e+00,0.000000e+00,0.000000e+00,0.000000e+00,0.000000e+00,0.000000e+00,0.000000e+00,0.000000e+00,0.000000e+00,0.000000e+00,0.000000e+00,0.000000e+00,0.000000e+00,0.000000e+00
1.000000e+00,0.000000e+00,0.000000e+00,0.000000e+00,0.000000e+00,0.000000e+00,0.000000e+00,0.000000e+00,0.000000e+00,0.000000e+00,0.000000e+00,0.000000e+00,0.000000e+00,0.000000e+00,0.000000e+00
1.000000e+00,0.000000e+00,0.000000e+00,0.000000e+00,0.000000e+00,0.000000e+00,0.000000e+00,0.000000e+00,0.000000e+00,0.000000e+00,0.000000e+00,0.000000e+00,0.000000e+00,0.000000e+00,0.000000e+00
1.000000e+00,0.000000e+00,0.000000e+00,0.000000e+00,0.000000e+00,0.000000e+00,0.000000e+00,0.000000e+00,0.000000e+00,0.000000e+00,0.000000e+00,0.000000e+00,0.000000e+00,0.000000e+00,0.000000e+00
1.000000e+00,0.000000e+00,0.000000e+00,0.000000e+00,0.000000e+00,0.000000e+00,0.000000e+00,0.000000e+00,0.000000e+00,0.000000e+00,0.000000e+00,0.000000e+00,0.000000e+00,0.000000e+00,0.000000e+00
1.000000e+00,0.000000e+00,0.000000e+00,0.000000e+00,0.000000e+00,0.000000e+00,0.000000e+00,0.000000e+00,0.000000e+00,0.000000e+00,0.000000e+00,0.000000e+00,0.000000e+00,0.000000e+00,0.000000e+00
1.000000e+00,0.000000e+00,0.000000e+00,0.000000e+00,0.000000e+00,0.000000e+00,0.000000e+00,0.000000e+00,0.000000e+00,0.000000e+00,0.000000e+00,0.000000e+00,0.000000e+00,0.000000e+00,0.000000e+00
1.000000e+00,0.000000e+00,0.000000e+00,0.000000e+00,0.000000e+00,0.000000e+00,0.000000e+00,0.000000e+00,0.000000e+00,0.000000e+00,0.000000e+00,0.000000e+00,0.000000e+00,0.000000e+00,0.000000e+00
1.000000e+00,0.000000e+00,0.000000e+00,0.000000e+00,0.000000e+00,0.000000e+00,0.000000e+00,0.000000e+00,0.000000e+00,0.000000e+00,0.000000e+00,0.000000e+00,0.000000e+00,0.000000e+00,0.000000e+00
1.000000e+00,0.000000e+00,0.000000e+00,0.000000e+00,0.000000e+00,0.000000e+00,0.000000e+00,0.000000e+00,0.000000e+00,0.000000e+00,0.000000e+00,0.000000e+00,0.000000e+00,0.000000e+00,0.000000e+00
1.000000e+00,0.000000e+00,0.000000e+00,0.000000e+00,0.000000e+00,0.000000e+00,0.000000e+00,0.000000e+00,0.000000e+00,0.000000e+00,0.000000e+00,0.000000e+00,0.000000e+00,0.000000e+00,0.000000e+00
1.000000e+00,0.000000e+00,0.000000e+00,0.000000e+00,0.000000e+00,0.000000e+00,0.000000e+00,0.000000e+00,0.000000e+00,0.000000e+00,0.000000e+00,0.000000e+00,0.000000e+00,0.000000e+00,0.000000e+00
1.000000e+00,0.000000e+00,0.000000e+00,0.000000e+00,0.000000e+00,0.000000e+00,0.000000e+00,0.000000e+00,0.000000e+00,0.000000e+00,0.000000e+00,0.000000e+00,0.000000e+00,0.000000e+00,0.000000e+00
4.866062e-01,2.203328e-02,2.064391e-02,2.536293e-02,4.263166e-02,3.515154e-02,1.381933e-01,1.750863e-01,4.932450e-03,1.398941e-03,8.113449e-03,7.829013e-03,1.608385e-02,3.985059e-03,1.194817e-02
3.493457e-01,1.655432e-02,2.668595e-02,2.179237e-02,3.538879e-02,3.463413e-02,2.327310e-01,2.379219e-01,3.621084e-03,1.111988e-03,5.925207e-03,6.536399e-03,1.597490e-02,2.958098e-03,8.818190e-03
2.465662e-01,1.213775e-02,2.692120e-02,1.718703e-02,2.697740e-02,3.420302e-02,3.285818e-01,2.705349e-01,2.599437e-03,8.580680e-04,4.275011e-03,4.801723e-03,1.573216e-02,2.198935e-03,6.425329e-03
1.760309e-01,9.288169e-03,3.598120e-02,1.795652e-02,2.349892e-02,3.995691e-02,3.155348e-01,3.490906e-01,1.900760e-03,1.308741e-03,3.210303e-03,4.045323e-03,1.533083e-02,1.841794e-03,5.024200e-03
1.248798e-01,6.897596e-03,2.895721e-02,1.374486e-02,2.335783e-02,3.170219e-02,4.062328e-01,3.388674e-01,1.376737e-03,1.667247e-03,2.334359e-03,2.993466e-03,1.188384e-02,1.357684e-03,3.746917e-03
9.528111e-02,5.469407e-03,2.598318e-02,1.135624e-02,3.244093e-02,2.668534e-02,4.375533e-01,3.408343e-01,1.117813e-03,3.473556e-03,1.970766e-03,2.626966e-03,1.066513e-02,1.075574e-03,3.466231e-03
9.061086e-02,5.889209e-03,2.828336e-02,9.335898e-03,6.019209e-02,3.266595e-02,3.990937e-01,3.254953e-01,3.324104e-03,1.520616e-02,2.906776e-03,4.745957e-03,1.556495e-02,1.006022e-03,5.679584e-03
8.216035e-02,5.784092e-03,2.290521e-02,8.167591e-03,6.811602e-02,3.472099e-02,3.249789e-01,4.017995e-01,3.343513e-03,1.449685e-02,3.287162e-03,5.123063e-03,1.709399e-02,9.592245e-04,7.063482e-03
6.518774e-02,5.146591e-03,1.724944e-02,6.687522e-03,6.853051e-02,3.122041e-02,2.978344e-01,4.519424e-01,2.973490e-03,1.156345e-02,3.237122e-03,4.617183e-03,2.667428e-02,8.133269e-04,6.322125e-03
6.182262e-02,5.642793e-03,1.356351e-02,5.726738e-03,6.140451e-02,3.230939e-02,3.042294e-01,3.339407e-01,9.621730e-03,1.678142e-02,9.769029e-03,2.175068e-02,1.063987e-01,2.483396e-03,1.455528e-02
4.753746e-02,6.357310e-03,1.033810e-02,4.407164e-03,4.645224e-02,4.654584e-02,2.388447e-01,2.355599e-01,1.011129e-02,1.401323e-02,1.238920e-02,1.219773e-01,1.881429e-01,3.338614e-03,1.398469e-02
3.490722e-02,4.651295e-03,7.279091e-03,3.161865e-03,3.271796e-02,7.742261e-02,1.687773e-01,1.649449e-01,7.387389e-03,9.902589e-03,1.058870e-02,1.898328e-01,2.756657e-01,2.472510e-03,1.028804e-02
2.466537e-02,3.322542e-03,5.101043e-03,2.222492e-03,2.293200e-02,6.468718e-02,1.184119e-01,1.154654e-01,5.475309e-03,6.992059e-03,7.885493e-03,1.744871e-01,4.390398e-01,1.755869e-03,7.556449e-03
1.733725e-02,2.385441e-03,3.575279e-03,1.561504e-03,1.607606e-02,4.762908e-02,8.299315e-02,8.082718e-02,4.233273e-03,5.040535e-03,5.904251e-03,1.700950e-01,5.556325e-01,1.242422e-03,5.467069e-03
1.220627e-02,1.744334e-03,2.521752e-03,1.104519e-03,1.134767e-02,3.550134e-02,5.817949e-02,5.658269e-02,4.264656e-03,4.016792e-03,4.730100e-03,2.050888e-01,5.978774e-01,8.847699e-04,3.949405e-03
8.589406e-03,1.391058e-03,1.809486e-03,7.881712e-04,9.154001e-03,2.547606e-02,4.110394e-02,3.961329e-02,3.049022e-02,4.023702e-03,4.696670e-03,2.904189e-01,5.387800e-01,6.363118e-04,3.028778e-03
6.031360e-03,1.029618e-03,1.423801e-03,5.567691e-04,1.158694e-02,1.814657e-02,2.917847e-02,2.774624e-02,3.112638e-02,3.709460e-03,3.548328e-03,4.431659e-01,4.199770e-01,4.648448e-04,2.308235e-03
4.316446e-03,1.199648e-03,1.439615e-03,3.956046e-04,1.356041e-02,1.312256e-02,2.116197e-02,1.949718e-02,2.602475e-02,3.566603e-03,2.871457e-03,5.601037e-01,3.303651e-01,4.429980e-04,1.931963e-03
3.466844e-03,1.962865e-03,1.526691e-03,2.881925e-04,3.291015e-02,1.372343e-02,1.585039e-02,1.432595e-02,2.949710e-02,3.917477e-03,2.653672e-03,6.286814e-01,2.491466e-01,5.240821e-04,1.525139e-03
3.315946e-03,2.610554e-03,1.617849e-03,2.152799e-04,5.953395e-02,1.481458e-02,1.197651e-02,1.264414e-02,5.174146e-02,5.310357e-03,2.419386e-03,6.519036e-01,1.802154e-01,5.255896e-04,1.155387e-03
3.527175e-03,3.093649e-03,1.408886e-03,1.605324e-04,5.536553e-02,3.511859e-02,8.795878e-03,1.154553e-02,7.593429e-02,4.811979e-03,2.541723e-03,6.655766e-01,1.307975e-01,4.720321e-04,8.501331e-04
2.988210e-03,5.106481e-03,1.027043e-03,1.199343e-04,4.474334e-02,1.728553e-01,6.264702e-03,8.568487e-03,1.378071e-01,3.612611e-03,2.153863e-03,5.202259e-01,9.353212e-02,3.504828e-04,6.443876e-04
3.700301e-03,7.023005e-03,1.213145e-03,1.366838e-04,3.871346e-02,2.579744e-01,5.372127e-03,8.182646e-03,1.266268e-01,4.741717e-03,1.775336e-03,4.763463e-01,6.702932e-02,4.510715e-04,7.137034e-04
3.675647e-03,5.510979e-03,8.786427e-04,1.093747e-04,3.193450e-02,2.836726e-01,3.810765e-03,6.043423e-03,9.660435e-02,3.674295e-03,1.397374e-03,5.131209e-01,4.867063e-02,3.692272e-04,5.272374e-04
4.330224e-03,4.130994e-03,6.663490e-04,1.047147e-04,2.733464e-02,2.912506e-01,2.766710e-03,4.891910e-03,7.080074e-02,2.845143e-03,1.149269e-03,5.511807e-01,3.772494e-02,4.193115e-04,4.036757e-04
4.144398e-03,3.560026e-03,5.098189e-04,9.199214e-05,2.050032e-02,3.084333e-01,1.997153e-03,3.935524e-03,5.388675e-02,2.222114e-03,1.037203e-03,5.708501e-01,2.809242e-02,4.039155e-04,3.349948e-04
4.192010e-03,2.600350e-03,3.873423e-04,1.031216e-04,1.487230e-02,2.446319e-01,2.290079e-03,3.853241e-03,3.900152e-02,1.749614e-03,8.562821e-04,6.629452e-01,2.194483e-02,3.229755e-04,2.492752e-04
1.065540e-02,2.538942e-03,4.847847e-04,7.948917e-04,1.201099e-02,2.663777e-01,4.064252e-03,1.170293e-02,3.440490e-02,1.447616e-03,1.067611e-03,6.365961e-01,1.724651e-02,3.633449e-04,2.440626e-04
2.374787e-02,2.415749e-03,1.321905e-03,2.897351e-03,1.035398e-02,2.507133e-01,2.315152e-02,4.282475e-02,2.778096e-02,1.568299e-03,1.127162e-03,5.966678e-01,1.480993e-02,3.378721e-04,2.816141e-04
3.405499e-02,2.268934e-03,2.492603e-03,3.592819e-03,8.179848e-03,2.294696e-01,1.926190e-01,5.925270e-02,2.299520e-02,1.337542e-03,1.002280e-03,4.308059e-01,1.136824e-02,2.993482e-04,2.611183e-04
5.247540e-02,2.303317e-03,3.499445e-03,3.641192e-03,6.544122e-03,1.829495e-01,3.327710e-01,6.680384e-02,1.982948e-02,1.197535e-03,9.342949e-04,3.174139e-01,9.085178e-03,2.645376e-04,2.872362e-04
5.464908e-02,1.957794e-03,3.163639e-03,2.795506e-03,4.876517e-03,1.316083e-01,4.978865e-01,5.283619e-02,1.581274e-02,1.007980e-03,9.569431e-04,2.246949e-01,7.259819e-03,2.099245e-04,2.841188e-04
4.505704e-02,1.472284e-03,3.566755e-03,2.274353e-03,3.591493e-03,9.354065e-02,6.273639e-01,4.374848e-02,1.428174e-02,7.174310e-04,8.150017e-04,1.573929e-01,5.780131e-03,1.659530e-04,2.319121e-04
3.894731e-02,1.126516e-03,3.548467e-03,2.002495e-03,2.704502e-03,6.921861e-02,7.130337e-01,3.903248e-02,1.310239e-02,5.211810e-04,6.619152e-04,1.102595e-01,5.486676e-03,1.290033e-04,2.252010e-04
3.265275e-02,9.384843e-04,3.197111e-03,1.513792e-03,2.041684e-03,5.195937e-02,7.788169e-01,3.237993e-02,1.359226e-02,3.781384e-04,5.451096e-04,7.723771e-02,4.434057e-03,9.735698e-05,2.153395e-04
2.881286e-02,8.478666e-04,2.851081e-03,1.145546e-03,1.525017e-03,3.869709e-02,8.264629e-01,2.874933e-02,1.149750e-02,2.815698e-04,4.828991e-04,5.418546e-02,4.148229e-03,8.493024e-05,2.276720e-04
2.374173e-02,7.936014e-04,3.619186e-03,1.009560e-03,1.235944e-03,2.828644e-02,8.567777e-01,3.208994e-02,8.784271e-03,2.218599e-04,3.855141e-04,3.805690e-02,4.628083e-03,9.776904e-05,2.715945e-04
2.687538e-02,7.931395e-04,3.941193e-03,8.238257e-04,1.134658e-03,2.094072e-02,8.698850e-01,3.293078e-02,1.067258e-02,2.029205e-04,3.667722e-04,2.677266e-02,4.197483e-03,1.415166e-04,3.214913e-04
3.341522e-02,8.980280e-04,4.722902e-03,7.147709e-04,1.300654e-03,1.557625e-02,8.728846e-01,3.519110e-02,1.159024e-02,2.190134e-04,3.831770e-04,1.886573e-02,3.662056e-03,1.801675e-04,3.961031e-04
4.383125e-02,1.117463e-03,6.027380e-03,9.032451e-04,1.974233e-03,1.243688e-02,8.447312e-01,5.790520e-02,1.063903e-02,4.639042e-04,5.946179e-04,1.348216e-02,4.819354e-03,2.664214e-04,8.076676e-04
5.600808e-02,1.146694e-03,5.312550e-03,1.035862e-03,2.781723e-03,1.105392e-02,8.026638e-01,9.100199e-02,8.996257e-03,7.022884e-04,1.199407e-03,9.980656e-03,6.539710e-03,2.884076e-04,1.288608e-03
1.077878e-01,1.412557e-03,4.140310e-03,1.227686e-03,4.263536e-03,1.162773e-02,6.275641e-01,2.122786e-01,7.191251e-03,1.265128e-03,2.765502e-03,8.256394e-03,6.670543e-03,3.758539e-04,3.173080e-03
1.352907e-01,1.636931e-03,3.153225e-03,1.314720e-03,3.910240e-03,9.995043e-03,4.707624e-01,3.429370e-01,5.913673e-03,1.964650e-03,4.315066e-03,7.201266e-03,6.320645e-03,6.193527e-04,4.665095e-03
1.649307e-01,2.591996e-03,2.745132e-03,1.985751e-03,4.549186e-03,9.898550e-03,3.729204e-01,3.978185e-01,5.415480e-03,3.361484e-03,6.429901e-03,7.688908e-03,9.774920e-03,1.078470e-03,8.810572e-03
2.638462e-01,4.038996e-03,3.840282e-03,5.613442e-03,5.781770e-03,1.719023e-02,2.885857e-01,2.887190e-01,9.604737e-03,1.347653e-02,1.274068e-02,2.115495e-02,3.209523e-02,2.406337e-03,3.090587e-02
3.539029e-01,4.828412e-03,4.074106e-03,7.243719e-03,7.067298e-03,1.860881e-02,2.269241e-01,2.247750e-01,9.929801e-03,1.482308e-02,1.257208e-02,2.454122e-02,4.142785e-02,3.541006e-03,4.574066e-02
4.301288e-01,6.093763e-03,4.209338e-03,9.119578e-03,1.018792e-02,2.426745e-02,1.624031e-01,1.631224e-01,1.057185e-02,1.133388e-02,1.055393e-02,3.174265e-02,7.376427e-02,4.060308e-03,4.844077e-02
1.000000e+00,0.000000e+00,0.000000e+00,0.000000e+00,0.000000e+00,0.000000e+00,0.000000e+00,0.000000e+00,0.000000e+00,0.000000e+00,0.000000e+00,0.000000e+00,0.000000e+00,0.000000e+00,0.000000e+00
1.000000e+00,0.000000e+00,0.000000e+00,0.000000e+00,0.000000e+00,0.000000e+00,0.000000e+00,0.000000e+00,0.000000e+00,0.000000e+00,0.000000e+00,0.000000e+00,0.000000e+00,0.000000e+00,0.000000e+00
4.801702e-01,6.399760e-03,2.911013e-03,7.492863e-03,8.230072e-03,1.368190e-02,6.009573e-02,6.059091e-02,1.344163e-02,1.160616e-01,6.578256e-03,4.813628e-02,1.080752e-01,8.254938e-03,5.987966e-02
3.550636e-01,4.899600e-03,3.030399e-03,9.052867e-03,7.980614e-03,1.309483e-02,4.689109e-02,4.343570e-02,1.772417e-02,2.047496e-01,1.133027e-02,5.737716e-02,1.420254e-01,9.664153e-03,7.368053e-02
2.579663e-01,4.107546e-03,3.268335e-03,1.430827e-02,9.667827e-03,1.163071e-02,3.396757e-02,3.097778e-02,2.152746e-02,3.545837e-01,1.060293e-02,4.541326e-02,1.204056e-01,8.664521e-03,7.290816e-02
1.895104e-01,3.832190e-03,3.330698e-03,2.144152e-02,1.226180e-02,1.028942e-02,2.620576e-02,2.469417e-02,3.296787e-02,4.490809e-01,1.134325e-02,3.556199e-02,1.078409e-01,8.448089e-03,6.319100e-02
1.387472e-01,4.100130e-03,5.925358e-03,2.384138e-02,1.612176e-02,1.033106e-02,2.013728e-02,3.088836e-02,2.894558e-02,4.822485e-01,2.382948e-02,4.241010e-02,1.092353e-01,1.104231e-02,5.219625e-02
1.058858e-01,4.293384e-03,6.151640e-03,2.235567e-02,1.666438e-02,9.199924e-03,1.507836e-02,2.721061e-02,2.576174e-02,4.987584e-01,4.252670e-02,5.835516e-02,1.015920e-01,1.450713e-02,5.165917e-02
8.694323e-02,3.718112e-03,5.226791e-03,1.807690e-02,1.480066e-02,7.257425e-03,1.127435e-02,2.460443e-02,2.256575e-02,5.309764e-01,5.437272e-02,5.279372e-02,9.253073e-02,1.202689e-02,6.283187e-02
9.679206e-02,3.783135e-03,6.302672e-03,1.420602e-02,1.773240e-02,8.408684e-03,8.314905e-03,2.635917e-02,2.819997e-02,5.047412e-01,6.234882e-02,3.957814e-02,7.326183e-02,1.774689e-02,9.222416e-02
8.580679e-02,2.782252e-02,1.865285e-02,1.477219e-02,2.221733e-02,9.346063e-03,7.174747e-03,2.006010e-02,8.300605e-02,4.752246e-01,5.673645e-02,3.030979e-02,5.502537e-02,1.349929e-02,8.034585e-02
8.475755e-02,5.528299e-02,2.317016e-02,1.462778e-02,4.214467e-02,1.142100e-02,7.714168e-03,1.740547e-02,1.202106e-01,4.119468e-01,4.394195e-02,2.181979e-02,4.047988e-02,1.015518e-02,9.492196e-02
9.257265e-02,7.086518e-02,2.118202e-02,2.168609e-02,7.307773e-02,2.923843e-02,1.442912e-02,2.712106e-02,9.592392e-02,3.876009e-01,3.325137e-02,1.573324e-02,3.047706e-02,8.111845e-03,7.872941e-02
1.007618e-01,8.398192e-02,3.413213e-02,3.803207e-02,8.075414e-02,4.268024e-02,1.799320e-02,4.268401e-02,7.694955e-02,3.386096e-01,2.564682e-02,1.195896e-02,2.482530e-02,6.795791e-03,7.419450e-02
1.108201e-01,7.871043e-02,3.475154e-02,3.464462e-02,8.969881e-02,4.532964e-02,1.839466e-02,3.183550e-02,5.726860e-02,3.689851e-01,2.150113e-02,9.076746e-03,1.876788e-02,5.891304e-03,7.432397e-02
1.096377e-01,6.987350e-02,2.872165e-02,3.339726e-02,9.969368e-02,5.382092e-02,1.905430e-02,2.372813e-02,5.012808e-02,3.973354e-01,1.679073e-02,7.141528e-03,1.394191e-02,7.690077e-03,6.904522e-02
1.236317e-01,6.888968e-02,2.390125e-02,3.840849e-02,1.145872e-01,6.135143e-02,1.709628e-02,1.924881e-02,5.148977e-02,3.423116e-01,1.480191e-02,6.486687e-03,1.143009e-02,1.487075e-02,9.149440e-02
1.702374e-01,9.762752e-02,2.159696e-02,4.639742e-02,1.325142e-01,5.352131e-02,1.359060e-02,2.733922e-02,6.169631e-02,2.528659e-01,1.424102e-02,1.043310e-02,1.123415e-02,1.758799e-02,6.911693e-02
2.362028e-01,1.236834e-01,1.866226e-02,4.079528e-02,1.608924e-01,4.001845e-02,9.909284e-03,2.358774e-02,6.528197e-02,1.804601e-01,1.445664e-02,1.017168e-02,9.428399e-03,1.554962e-02,5.089999e-02
3.346990e-01,1.034706e-01,1.567602e-02,3.799988e-02,1.495405e-01,3.206925e-02,7.240394e-03,1.882566e-02,6.938557e-02,1.324938e-01,1.795819e-02,1.479113e-02,1.046292e-02,1.437627e-02,4.101081e-02
4.063348e-01,8.867618e-02,1.489582e-02,5.248696e-02,1.381493e-01,2.740680e-02,6.479461e-03,1.706526e-02,5.630336e-02,9.330760e-02,1.893191e-02,2.267113e-02,1.325181e-02,1.194572e-02,3.209382e-02
3.628944e-01,9.159353e-02,1.240771e-02,1.600402e-01,1.025299e-01,2.102765e-02,4.983039e-03,1.489648e-02,5.097129e-02,6.651083e-02,2.638527e-02,2.365182e-02,1.251485e-02,1.007825e-02,3.951482e-02
2.587840e-01,2.052661e-01,1.258651e-02,1.136884e-01,7.368876e-02,1.549216e-02,3.511393e-03,1.128332e-02,3.779461e-02,4.674735e-02,1.193831e-01,1.750050e-02,1.074417e-02,4.040217e-02,3.312750e-02
1.819971e-01,2.663406e-01,1.273393e-02,8.075536e-02,5.183670e-02,1.143921e-02,2.466908e-03,8.012780e-03,2.912201e-02,3.290862e-02,2.296045e-01,1.270996e-02,9.342701e-03,4.340452e-02,2.732510e-02
1.279002e-01,1.978305e-01,1.116620e-02,5.694952e-02,3.634832e-02,1.127148e-02,1.750969e-03,5.792703e-03,2.074457e-02,2.345870e-02,3.479698e-01,1.252161e-02,7.755024e-03,1.183435e-01,2.019687e-02
8.982655e-02,1.397404e-01,8.145689e-03,4.018854e-02,2.657470e-02,1.024978e-02,1.292987e-03,4.126468e-03,1.486015e-02,1.658249e-02,4.812795e-01,1.354793e-02,5.609719e-03,1.334452e-01,1.452989e-02
6.316744e-02,9.870838e-02,6.027950e-03,2.961830e-02,2.167013e-02,9.122235e-03,9.842158e-04,2.953940e-03,1.161417e-02,1.198418e-02,5.716719e-01,1.638874e-02,4.240553e-03,1.413235e-01,1.052432e-02
4.435941e-02,6.936941e-02,4.402224e-03,2.148390e-02,1.798937e-02,8.100094e-03,7.374926e-04,2.127536e-03,9.048363e-03,8.693660e-03,6.458919e-01,1.765575e-02,3.272390e-03,1.393735e-01,7.494957e-03
3.126287e-02,4.883621e-02,3.281005e-03,1.531231e-02,1.448830e-02,9.594259e-03,5.572070e-04,1.612886e-03,7.376324e-03,6.451304e-03,6.362857e-01,2.048085e-02,2.574840e-03,1.963443e-01,5.541658e-03
2.195128e-02,3.441139e-02,2.372087e-03,1.104613e-02,1.078270e-02,7.199817e-03,3.970478e-04,1.177640e-03,7.857887e-03,4.630032e-03,6.671112e-01,1.771278e-02,1.849575e-03,2.075624e-01,3.938138e-03
1.545410e-02,2.657112e-02,2.059025e-03,8.290077e-03,9.506935e-03,5.669742e-03,2.861760e-04,8.450191e-04,2.076908e-02,3.970791e-03,6.575245e-01,1.410235e-02,1.328810e-03,2.298988e-01,3.723496e-03
1.093192e-02,2.202791e-02,2.681799e-03,6.976594e-03,1.172242e-02,4.743834e-03,2.205642e-04,6.521338e-04,5.939738e-02,3.878149e-03,6.231549e-01,1.127998e-02,9.695559e-04,2.367631e-01,4.599803e-03
7.779211e-03,1.579215e-02,3.454199e-03,5.293146e-03,1.105160e-02,5.298439e-03,1.819931e-04,5.408381e-04,1.251311e-01,4.975821e-03,5.126848e-01,9.223057e-03,7.982848e-04,2.937958e-01,3.999613e-03
5.539456e-03,1.175175e-02,6.349984e-03,3.936942e-03,9.780144e-03,6.164425e-03,1.580885e-04,4.979224e-04,1.848269e-01,6.864373e-03,4.229235e-01,7.200893e-03,6.333780e-04,3.296190e-01,3.753255e-03
4.336593e-03,8.618259e-03,5.391321e-03,2.849199e-03,7.627824e-03,8.069120e-03,1.332221e-04,4.421308e-04,2.517481e-01,1.237374e-02,3.338640e-01,6.019818e-03,5.476094e-04,3.519744e-01,6.004643e-03
3.689430e-03,6.184630e-03,1.382171e-02,2.381884e-03,5.896448e-03,1.706425e-02,1.268456e-04,6.839467e-04,2.318483e-01,1.855143e-02,2.691061e-01,5.201420e-03,8.272437e-04,4.145342e-01,1.008223e-02
4.731663e-03,4.830546e-03,4.662851e-02,2.386512e-03,4.350902e-03,3.104351e-02,1.544348e-04,2.816593e-03,2.073507e-01,1.832491e-02,2.114684e-01,3.993163e-03,8.865175e-04,4.492960e-01,1.173764e-02
7.845016e-03,3.765741e-03,4.386491e-02,2.133191e-03,3.305286e-03,4.304116e-02,1.445486e-04,2.444562e-03,1.695949e-01,1.920884e-02,1.547802e-01,3.010617e-03,1.380520e-03,5.275757e-01,1.790476e-02
1.322044e-02,2.880089e-03,3.499376e-02,1.927080e-03,2.776932e-03,5.992649e-02,2.177732e-04,2.176309e-03,1.445640e-01,1.682668e-02,1.257067e-01,2.247772e-03,1.711783e-03,5.704347e-01,2.038942e-02
1.574484e-02,2.587417e-03,2.868193e-02,1.751496e-03,2.214682e-03,5.924064e-02,1.829699e-04,1.803154e-03,1.059411e-01,1.425137e-02,1.002262e-01,1.682384e-03,2.117430e-03,6.381536e-01,2.542092e-02
2.283313e-02,3.971253e-03,3.823689e-02,1.959208e-03,1.704718e-03,4.681936e-02,3.663516e-04,2.913497e-03,8.100070e-02,1.428239e-02,7.526481e-02,1.216682e-03,1.863556e-03,6.672190e-01,4.034851e-02
3.973170e-02,3.959868e-03,1.109851e-01,4.345621e-03,1.379706e-03,3.852596e-02,9.811034e-04,5.193137e-03,6.469651e-02,1.191309e-02,5.417817e-02,8.603745e-04,1.414589e-03,6.163139e-01,4.552113e-02
6.185277e-02,3.580512e-03,9.339333e-02,3.970278e-03,1.323134e-03,2.796081e-02,8.772085e-04,4.181856e-03,5.178229e-02,1.464315e-02,4.432069e-02,6.297426e-04,1.134061e-03,6.280280e-01,6.232218e-02
7.677827e-02,3.236237e-03,8.322608e-02,3.469066e-03,1.333814e-03,2.074131e-02,7.915494e-04,3.412237e-03,4.448625e-02,1.942668e-02,4.892920e-02,6.365073e-04,9.852991e-04,6.195178e-01,7.302968e-02
7.387096e-02,3.039465e-03,1.839015e-01,1.414066e-02,2.282449e-03,1.592831e-02,8.941073e-04,5.014502e-03,3.610508e-02,3.234631e-02,4.197020e-02,5.918719e-04,1.072481e-03,4.881817e-01,1.006604e-01
6.244069e-02,4.438474e-03,1.345493e-01,1.018888e-02,1.794460e-03,1.765598e-02,6.617414e-04,3.672057e-03,2.702736e-02,2.386191e-02,4.981200e-02,6.740435e-04,1.134452e-03,4.417934e-01,2.202953e-01
7.225738e-02,4.769993e-03,9.838362e-02,7.578240e-03,1.571393e-03,3.578630e-02,4.949250e-04,2.995053e-03,2.187151e-02,1.746938e-02,4.981174e-02,1.330918e-03,1.667118e-03,4.340629e-01,2.499495e-01
5.231416e-02,3.981901e-03,6.947201e-02,5.377579e-03,1.190120e-03,3.032620e-02,3.671939e-04,2.121499e-03,2.205783e-02,1.536833e-02,4.571605e-02,1.144986e-03,1.392977e-03,4.177279e-01,3.314412e-01
3.929735e-02,3.372168e-03,4.937645e-02,3.852798e-03,9.458808e-04,3.479033e-02,2.957066e-04,1.526477e-03,2.169077e-02,1.669553e-02,3.790732e-02,9.305421e-04,1.179265e-03,3.758228e-01,4.123166e-01
3.253517e-02,3.906783e-03,3.542807e-02,2.850116e-03,9.556924e-04,4.401045e-02,2.403075e-04,1.123808e-03,2.594176e-02,3.354203e-02,2.802172e-02,7.029206e-04,1.006102e-03,3.160702e-01,4.736649e-01
2.792665e-02,3.714692e-03,2.848911e-02,2.984907e-03,1.475197e-03,3.919803e-02,2.108275e-04,8.535521e-04,5.298590e-02,3.642003e-02,2.038139e-02,5.485899e-04,8.311339e-04,2.416190e-01,5.423611e-01
1.966462e-02,2.711411e-03,2.001732e-02,2.138412e-03,1.073526e-03,2.771557e-02,1.493882e-04,5.993717e-04,6.316003e-02,2.802967e-02,1.479669e-02,5.828277e-04,7.969466e-04,1.829137e-01,6.356505e-01
1.425752e-02,2.116152e-03,1.419015e-02,1.508618e-03,1.296247e-03,2.009682e-02,1.161717e-04,4.264540e-04,8.125887e-02,3.960841e-02,1.191630e-02,6.071879e-04,1.055951e-03,2.367667e-01,5.747784e-01
1.031097e-02,1.546000e-03,9.947884e-03,1.060844e-03,9.792958e-04,1.438230e-02,8.400041e-05,3.054402e-04,7.617493e-02,3.164092e-02,8.669407e-03,1.343545e-03,1.859906e-03,2.284921e-01,6.132025e-01
7.293130e-03,1.193026e-03,7.184770e-03,7.640332e-04,8.200532e-04,1.015001e-02,1.281275e-04,2.473606e-04,8.362199e-02,1.102864e-01,7.755602e-03,1.256232e-03,1.751495e-03,2.792338e-01,4.883140e-01
5.158695e-03,1.060288e-03,5.423732e-03,5.424001e-04,6.327026e-04,7.185563e-03,1.010406e-04,1.772808e-04,6.664275e-02,1.193347e-01,6.445082e-03,1.315554e-03,1.702161e-03,3.747577e-01,4.095204e-01
3.727107e-03,1.026987e-03,4.709957e-03,4.579113e-04,6.682780e-04,5.201411e-03,8.855139e-05,1.452929e-04,5.299043e-02,1.188494e-01,7.073518e-03,4.046524e-03,2.417303e-03,4.683160e-01,3.302814e-01
2.734490e-03,8.777959e-04,3.837099e-03,3.585822e-04,6.689097e-04,3.869168e-03,7.658367e-05,1.095561e-04,4.135887e-02,1.048930e-01,1.082688e-02,3.298623e-03,2.826528e-03,5.569307e-01,2.673333e-01
2.142168e-03,7.688850e-04,3.746330e-03,2.907207e-04,8.152425e-04,2.997390e-03,6.094111e-05,8.526853e-05,4.270810e-02,8.925144e-02,3.563005e-02,2.620581e-03,3.480691e-03,5.823424e-01,2.330599e-01
3.249214e-03,1.809425e-03,6.816110e-03,5.012746e-04,3.217723e-03,3.024526e-03,6.071635e-05,9.839040e-05,3.405340e-02,6.863514e-02,4.498548e-02,2.534999e-03,4.535230e-03,6.173093e-01,2.091691e-01
4.157532e-03,2.100997e-03,5.845028e-03,5.004079e-04,4.505272e-03,3.059700e-03,9.190536e-05,1.152267e-04,3.169993e-02,5.869272e-02,9.124774e-02,2.654223e-03,7.286560e-03,5.268120e-01,2.612308e-01
4.697797e-03,2.444782e-03,5.271188e-03,5.077933e-04,7.558472e-03,4.219369e-03,1.107677e-04,1.211592e-04,4.131523e-02,5.132392e-02,8.637512e-02,2.751121e-03,1.123955e-02,5.244795e-01,2.575842e-01
1.073669e-02,2.722468e-03,4.583968e-03,6.877816e-04,6.978450e-03,6.098613e-03,1.767105e-04,2.339983e-04,4.931617e-02,6.051955e-02,1.078023e-01,4.481909e-03,1.682583e-02,5.251779e-01,2.036577e-01
1.055853e-02,2.429084e-03,3.532897e-03,6.950869e-04,6.950757e-03,7.553720e-03,2.071729e-04,2.865571e-04,5.030395e-02,5.478184e-02,1.293085e-01,7.462014e-03,2.219140e-02,5.444935e-01,1.592450e-01
1.143925e-02,2.173617e-03,2.698732e-03,8.723771e-04,5.606303e-03,7.181237e-03,2.096046e-04,4.483975e-04,4.499502e-02,6.012869e-02,1.953465e-01,8.743701e-03,2.242057e-02,4.929322e-01,1.448038e-01
1.035108e-02,2.052051e-03,3.467211e-03,8.613301e-04,4.370345e-03,6.384012e-03,4.469520e-04,1.439180e-03,4.340603e-02,8.625884e-02,1.941935e-01,7.390655e-03,1.846445e-02,4.511821e-01,1.697322e-01
9.850707e-03,2.530410e-03,3.349530e-03,8.790426e-04,3.783395e-03,5.359860e-03,4.713875e-04,1.511551e-03,4.437574e-02,7.419465e-02,2.192751e-01,1.029025e-02,1.738821e-02,4.343638e-01,1.723763e-01
8.880483e-03,2.752007e-03,3.836217e-03,1.606283e-03,4.580180e-03,4.839883e-03,5.516747e-04,2.677806e-03,5.302645e-02,7.617676e-02,2.317953e-01,8.294342e-03,1.391854e-02,4.001305e-01,1.869336e-01
8.279447e-03,2.780305e-03,3.757466e-03,2.015742e-03,4.457638e-03,4.153400e-03,5.835610e-04,2.973524e-03,7.173796e-02,7.278163e-02,2.059108e-01,6.942498e-03,1.156652e-02,4.208891e-01,1.811703e-01
6.859016e-03,3.806172e-03,4.812698e-03,2.289683e-03,4.356369e-03,4.589277e-03,4.516245e-04,2.762157e-03,1.205127e-01,7.342891e-02,2.090698e-01,5.174590e-03,8.740178e-03,4.145033e-01,1.386435e-01
8.180768e-03,3.464411e-03,9.623238e-03,2.338877e-03,4.543818e-03,4.962944e-03,3.907501e-04,4.818356e-03,1.777319e-01,5.964082e-02,1.882693e-01,4.491293e-03,7.541350e-03,4.244513e-01,9.955087e-02
1.060761e-02,3.055929e-03,9.797977e-03,1.816573e-03,3.933954e-03,4.762809e-03,3.009717e-04,4.528280e-03,2.481965e-01,4.688619e-02,1.544220e-01,3.361140e-03,5.561564e-03,4.324365e-01,7.033205e-02
1.576330e-02,5.750817e-03,3.412132e-02,1.820398e-03,3.821803e-03,7.466884e-03,2.541101e-04,6.970746e-03,3.064258e-01,3.476211e-02,1.214899e-01,2.402880e-03,4.094226e-03,4.046383e-01,5.021751e-02
1.717006e-02,8.821375e-03,3.037571e-02,1.747250e-03,5.589960e-03,9.327224e-03,2.395089e-04,7.793019e-03,3.430204e-01,2.556360e-02,1.009251e-01,1.702794e-03,2.960650e-03,4.087488e-01,3.601464e-02
3.462555e-02,6.986123e-02,5.210630e-02,4.598587e-03,7.680853e-03,8.559072e-03,3.361026e-04,9.540325e-03,3.487769e-01,1.888251e-02,7.509038e-02,1.260753e-03,2.265536e-03,3.358918e-01,3.052413e-02
3.867301e-02,8.017907e-02,5.488985e-02,4.723730e-03,8.987049e-03,9.817045e-03,4.496147e-04,9.888674e-03,4.057863e-01,1.387992e-02,5.861817e-02,1.002277e-03,1.782800e-03,2.873142e-01,2.400838e-02
4.424273e-02,6.001890e-02,4.114490e-02,3.759985e-03,7.904713e-03,9.144800e-03,3.701281e-04,7.872675e-03,4.955450e-01,1.004244e-02,4.795609e-02,8.686639e-04,1.483804e-03,2.524053e-01,1.723990e-02
5.352891e-02,5.308901e-02,3.344043e-02,5.599779e-03,9.875490e-03,7.884069e-03,3.451786e-04,6.967944e-03,5.047627e-01,7.414410e-03,4.364108e-02,1.247398e-03,1.613359e-03,2.575715e-01,1.301876e-02
7.792404e-02,5.012425e-02,2.968469e-02,1.714418e-02,1.853370e-02,7.493690e-03,3.535324e-04,7.773070e-03,5.002061e-01,5.577534e-03,4.162898e-02,3.783789e-03,3.101169e-03,2.245736e-01,1.209764e-02
1.500873e-01,7.769875e-02,4.483344e-02,3.550024e-02,3.226034e-02,8.494567e-03,6.531439e-04,9.281106e-03,4.052639e-01,4.228156e-03,3.543418e-02,9.133380e-03,6.031648e-03,1.706901e-01,1.040981e-02
2.015631e-01,8.050322e-02,1.408698e-01,4.439748e-02,3.133219e-02,7.777059e-03,7.926107e-04,1.225842e-02,2.993630e-01,3.155891e-03,2.821660e-02,1.037752e-02,5.968015e-03,1.246110e-01,8.814103e-03
3.179851e-01,7.028641e-02,1.402182e-01,4.412067e-02,2.531785e-02,6.727871e-03,7.983496e-04,9.685235e-03,2.388810e-01,2.819769e-03,2.228396e-02,1.341040e-02,5.481891e-03,9.389036e-02,8.092850e-03
3.248376e-01,5.117333e-02,1.756707e-01,1.308840e-01,1.965608e-02,5.748455e-03,8.214324e-04,7.662827e-03,1.735952e-01,2.381307e-03,1.685457e-02,1.186834e-02,4.438104e-03,6.785917e-02,6.548903e-03
3.260337e-01,3.754172e-02,2.216189e-01,1.712607e-01,1.591603e-02,5.149876e-03,8.240021e-04,8.092774e-03,1.266481e-01,2.172775e-03,1.422446e-02,1.129930e-02,4.030715e-03,4.895766e-02,6.229181e-03
2.304629e-01,4.882243e-02,2.989104e-01,1.888071e-01,1.164673e-02,3.958543e-03,5.890202e-04,5.990027e-03,9.340247e-02,1.115770e-02,3.523009e-02,1.046790e-02,4.246400e-03,4.286857e-02,1.343978e-02
1.624453e-01,5.283306e-02,3.180589e-01,1.783714e-01,8.619002e-03,3.066964e-03,4.543193e-04,4.754121e-03,7.685050e-02,8.678062e-03,8.988820e-02,7.937659e-03,4.021946e-03,7.130939e-02,1.271118e-02
1.143662e-01,4.458988e-02,2.610747e-01,1.322657e-01,6.135107e-03,2.664030e-03,3.485796e-04,3.641099e-03,6.665041e-02,6.385219e-03,2.361198e-01,5.786845e-03,3.596000e-03,1.042853e-01,1.209119e-02
8.035606e-02,3.207551e-02,1.892855e-01,9.514333e-02,4.329587e-03,2.678296e-03,2.571843e-04,2.649696e-03,4.735086e-02,4.586656e-03,3.292776e-01,5.508335e-03,2.690577e-03,1.952315e-01,8.579352e-03
5.643552e-02,2.282324e-02,1.341545e-01,6.849054e-02,3.082410e-03,3.026033e-03,1.913817e-04,1.919454e-03,3.339294e-02,3.275034e-03,3.644889e-01,5.489477e-03,1.973365e-03,2.952058e-01,6.051422e-03
3.954668e-02,1.602770e-02,9.402832e-02,4.832572e-02,2.227440e-03,2.367429e-03,1.389950e-04,1.384198e-03,2.344041e-02,2.320535e-03,3.935682e-01,5.365462e-03,1.461289e-03,3.655396e-01,4.258080e-03
2.771008e-02,1.140520e-02,6.590410e-02,3.441265e-02,3.033157e-03,1.889958e-03,1.478342e-04,1.037005e-03,1.748313e-02,1.986420e-03,4.584165e-01,7.199173e-03,1.247136e-03,3.650638e-01,3.063800e-03
1.942180e-02,8.140648e-03,4.656765e-02,2.422804e-02,4.326194e-03,1.676235e-03,2.067217e-04,8.372846e-04,1.275414e-02,1.722946e-03,4.358068e-01,7.775893e-03,1.249512e-03,4.330324e-01,2.253724e-03
1.361849e-02,5.896996e-03,3.288020e-02,1.707777e-02,4.988756e-03,1.821444e-03,2.341017e-04,6.961527e-04,9.395115e-03,2.640418e-03,4.810446e-01,6.610051e-03,1.098042e-03,4.202473e-01,1.750619e-03
9.570040e-03,4.460549e-03,2.328280e-02,1.225532e-02,6.438183e-03,1.944949e-03,1.859932e-04,6.632065e-04,9.060079e-03,3.150675e-03,5.281922e-01,5.710676e-03,8.848460e-04,3.926342e-01,1.566269e-03
6.751495e-03,3.422934e-03,1.694072e-02,9.169459e-03,9.273781e-03,2.926879e-03,2.112119e-04,9.975103e-04,1.035693e-02,7.293548e-03,5.339285e-01,4.427381e-03,8.372398e-04,3.916558e-01,1.806639e-03
4.984254e-03,3.016914e-03,1.318449e-02,7.069200e-03,9.312717e-03,3.233309e-03,2.199669e-04,2.582973e-03,9.443933e-03,8.152386e-03,5.101941e-01,3.493099e-03,1.046995e-03,4.224984e-01,1.567255e-03
3.715651e-03,3.591300e-03,1.099552e-02,6.623017e-03,1.140100e-02,1.220931e-02,1.116142e-03,8.014515e-03,9.579254e-03,1.068152e-02,4.712819e-01,2.969034e-03,1.333194e-03,4.450511e-01,1.437604e-03
2.745425e-03,2.992560e-03,8.386886e-03,8.159259e-03,1.850574e-02,1.161305e-02,1.337621e-03,8.053798e-03,9.904977e-03,1.764136e-02,4.799810e-01,2.814242e-03,2.890464e-03,4.236864e-01,1.287192e-03
2.792596e-03,3.737896e-03,6.762931e-03,9.246210e-03,2.930242e-02,1.443693e-02,2.402664e-03,9.019916e-03,1.125562e-02,2.281202e-02,4.642072e-01,3.673425e-03,3.673410e-03,4.152996e-01,1.377131e-03
3.646471e-03,3.571663e-03,1.149132e-02,1.158188e-02,5.309514e-02,1.520828e-02,2.462136e-03,1.012962e-01,4.345163e-02,2.185259e-02,3.774596e-01,5.313714e-03,7.131216e-03,3.409801e-01,1.458071e-03
1.289811e-02,5.526593e-03,2.748865e-02,1.562290e-02,8.867677e-02,1.731602e-02,3.615681e-03,1.380339e-01,7.847329e-02,2.205374e-02,3.180332e-01,5.394370e-03,7.803148e-03,2.559227e-01,3.140897e-03
2.226202e-02,9.965210e-03,4.046229e-02,1.538114e-02,8.826573e-02,2.959192e-02,3.518972e-03,1.920864e-01,1.088177e-01,2.495587e-02,2.479077e-01,5.396354e-03,6.726069e-03,1.995769e-01,5.085826e-03
2.686533e-02,1.032093e-02,9.555394e-02,1.342886e-02,1.009005e-01,2.805676e-02,3.224927e-03,2.687124e-01,9.440619e-02,1.872340e-02,1.832060e-01,4.164102e-03,5.253018e-03,1.428321e-01,4.351534e-03
4.178323e-02,2.567862e-02,1.424745e-01,1.308830e-02,9.691454e-02,3.571707e-02,3.203345e-03,2.840763e-01,8.266097e-02,1.532664e-02,1.371642e-01,3.339561e-03,4.040583e-03,1.100161e-01,4.516042e-03
