1.000000e+00,0.000000e+00,0.000000e+00,0.000000e+00,0.000000e+00,0.000000e+00,0.000000e+00,0.000000e+00,0.000000e+00,0.000000e+00,0.000000e+00,0.000000e+00,0.000000e+00,0.000000e+00,0.000000e+00
1.000000e+00,0.000000e+00,0.000000e+00,0.000000e+00,0.000000e+00,0.000000e+00,0.000000e+00,0.000000e+00,0.000000e+00,0.000000e+00,0.000000e+00,0.000000e+00,0.000000e+00,0.000000e+00,0.000000e+00
1.000000e+00,0.000000e+00,0.000000e+00,0.000000e+00,0.000000e+00,0.000000e+00,0.000000e+00,0.000000e+00,0.000000e+00,0.000000e+00,0.000000e+00,0.000000e+00,0.000000e+00,0.000000e+00,0.000000e+00
1.000000e+00,0.000000e+00,0.000000e+00,0.000000e+00,0.000000e+00,0.000000e+00,0.000000e+00,0.000000e+00,0.000000e+00,0.000000e+00,0.000000e+00,0.000000e+00,0.000000e+00,0.000000e+00,0.000000e+00
1.000000e+00,0.000000e+00,0.000000e+00,0.000000e+00,0.000000e+00,0.000000e+00,0.000000e+00,0.000000e+00,0.000000e+00,0.000000e+00,0.000000e+00,0.000000e+00,0.000000e+00,0.000000e+00,0.000000e+00
1.000000e+00,0.000000e+00,0.000000e+00,0.000000e+00,0.000000e+00,0.000000e+00,0.000000e+00,0.000000e+00,0.000000e+00,0.000000e+00,0.000000e+00,0.000000e+00,0.000000e+00,0.000000e+00,0.000000e+00
1.000000e+00,0.000000e+00,0.000000e+00,0.000000e+00,0.000000e+00,0.000000e+00,0.000000e+00,0.000000e+00,0.000000e+00,0.000000e+00,0.000000e+00,0.000000e+00,0.000000e+00,0.000000e+00,0.000000e+00
1.000000e+00,0.000000e+00,0.000000e+00,0.000000e+00,0.000000e+00,0.000000e+00,0.000000e+00,0.000000e+00,0.000000e+00,0.000000e+00,0.000000e+00,0.000000e+00,0.000000e+00,0.000000e+00,0.000000e+00
1.000000e+00,0.000000e+00,0.000000e+00,0.000000e+00,0.000000e+00,0.000000e+00,0.000000e+00,0.000000e+00,0.000000e+00,0.000000e+00,0.000000e+00,0.000000e+00,0.000000e+00,0.000000e+00,0.000000e+00
1.000000e+00,0.000000e+00,0.000000e+00,0.000000e+00,0.000000e+00,0.000000e+00,0.000000e+00,0.000000e+00,0.000000e+00,0.000000e+00,0.000000e+00,0.000000e+00,0.000000e+00,0.000000e+00,0.000000e+00
1.000000e+00,0.000000e+00,0.000000e+00,0.000000e+00,0.000000e+00,0.000000e+00,0.000000e+00,0.000000e+00,0.000000e+00,0.000000e+00,0.000000e+00,0.000000e+00,0.000000e+00,0.000000e+00,0.000000e+00
1.000000e+00,0.000000e+00,0.000000e+00,0.000000e+00,0.000000e+00,0.000000e+00,0.000000e+00,0.000000e+00,0.000000e+00,0.000000e+00,0.000000e+00,0.000000e+00,0.000000e+00,0.000000e+00,0.000000e+00
1.000000e+00,0.000000e+00,0.000000e+00,0.000000e+00,0.000000e+00,0.000000e+00,0.000000e+00,0.000000e+00,0.000000e+00,0.000000e+00,0.000000e+00,0.000000e+00,0.000000e+00,0.000000e+00,0.000000e+00
1.000000e+00,0.000000e+00,0.000000e+00,0.000000e+00,0.000000e+00,0.000000e+00,0.000000e+00,0.000000e+00,0.000000e+00,0.000000e+00,0.000000e+00,0.000000e+00,0.000000e+00,0.000000e+00,0.000000e+00
1.000000e+00,0.000000e+00,0.000000e+00,0.000000e+00,0.000000e+00,0.000000e+00,0.000000e+00,0.000000e+00,0.000000e+00,0.000000e+00,0.000000e+00,0.000000e+00,0.000000e+00,0.000000e+00,0.000000e+00
1.000000e+00,0.000000e+00,0.000000e+00,0.000000e+00,0.000000e+00,0.000000e+00,0.000000e+00,0.000000e+00,0.000000e+00,0.000000e+00,0.000000e+00,0.000000e+00,0.000000e+00,0.000000e+00,0.000000e+00
1.000000e+00,0.000000e+00,0.000000e+00,0.000000e+00,0.000000e+00,0.000000e+00,0.000000e+00,0.000000e+00,0.000000e+00,0.000000e+00,0.000000e+00,0.000000e+00,0.000000e+00,0.000000e+00,0.000000e+00
1.000000e+00,0.000000e+00,0.000000e+00,0.000000e+00,0.000000e+00,0.000000e+00,0.000000e+00,0.000000e+00,0.000000e+00,0.000000e+00,0.000000e+00,0.000000e+00,0.000000e+00,0.000000e+00,0.000000e+00
1.000000e+00,0.000000e+00,0.000000e+00,0.000000e+00,0.000000e+00,0.000000e+00,0.000000e+00,0.000000e+00,0.000000e+00,0.000000e+00,0.000000e+00,0.000000e+00,0.000000e+00,0.000000e+00,0.000000e+00
1.000000e+00,0.000000e+00,0.000000e+00,0.000000e+00,0.000000e+00,0.000000e+00,0.000000e+00,0.000000e+00,0.000000e+00,0.000000e+00,0.000000e+00,0.000000e+00,0.000000e+00,0.000000e+00,0.000000e+00
1.000000e+00,0.000000e+00,0.000000e+00,0.000000e+00,0.000000e+00,0.000000e+00,0.000000e+00,0.000000e+00,0.000000e+00,0.000000e+00,0.000000e+00,0.000000e+00,0.000000e+00,0.000000e+00,0.000000e+00
1.000000e+00,0.000000e+00,0.000000e+00,0.000000e+00,0.000000e+00,0.000000e+00,0.000000e+00,0.000000e+00,0.000000e+00,0.000000e+00,0.000000e+00,0.000000e+00,0.000000e+00,0.000000e+00,0.000000e+00
1.000000e+00,0.000000e+00,0.000000e+00,0.000000e+00,0.000000e+00,0.000000e+00,0.000000e+00,0.000000e+00,0.000000e+00,0.000000e+00,0.000000e+00,0.000000e+00,0.000000e+00,0.000000e+00,0.000000e+00
1.000000e+00,0.000000e+00,0.000000e+00,0.000000e+00,0.000000e+00,0.000000e+00,0.000000e+00,0.000000e+00,0.000000e+00,0.000000e+00,0.000000e+00,0.000000e+00,0.000000e+00,0.000000e+00,0.000000e+00
1.000000e+00,0.000000e+00,0.000000e+00,0.000000e+00,0.000000e+00,0.000000e+00,0.000000e+00,0.000000e+00,0.000000e+00,0.000000e+00,0.000000e+00,0.000000e+00,0.000000e+00,0.000000e+00,0.000000e+00
1.000000e+00,0.000000e+00,0.000000e+00,0.000000e+00,0.000000e+00,0.000000e+00,0.000000e+00,0.000000e+00,0.000000e+00,0.000000e+00,0.000000e+00,0.000000e+00,0.000000e+00,0.000000e+00,0.000000e+00
1.000000e+00,0.000000e+00,0.000000e+00,0.000000e+00,0.000000e+00,0.000000e+00,0.000000e+00,0.000000e+00,0.000000e+00,0.000000e+00,0.000000e+00,0.000000e+00,0.000000e+00,0.000000e+00,0.000000e+00
1.000000e+00,0.000000e+00,0.000000e+00,0.000000e+00,0.000000e+00,0.000000e+00,0.000000e+00,0.000000e+00,0.000000e+00,0.000000e+00,0.000000e+00,0.000000e+00,0.000000e+00,0.000000e+00,0.000000e+00
1.000000e+00,0.000000e+00,0.000000e+00,0.000000e+00,0.000000e+00,0.000000e+00,0.000000e+00,0.000000e+00,0.000000e+00,0.000000e+00,0.000000e+00,0.000000e+00,0.000000e+00,0.000000e+00,0.000000e+00
1.000000e+00,0.000000e+00,0.000000e+00,0.000000e+00,0.000000e+00,0.000000e+00,0.000000e+00,0.000000e+00,0.000000e+00,0.000000e+00,0.000000e+00,0.000000e+00,0.000000e+00,0.000000e+00,0.000000e+00
1.000000e+00,0.000000e+00,0.000000e+00,0.000000e+00,0.000000e+00,0.000000e+00,0.000000e+00,0.000000e+00,0.000000e+00,0.000000e+00,0.000000e+00,0.000000e+00,0.000000e+00,0.000000e+00,0.000000e+00
1.000000e+00,0.000000e+00,0.000000e+00,0.000000e+00,0.000000e+00,0.000000e+00,0.000000e+00,0.000000e+00,0.000000e+00,0.000000e+00,0.000000e+00,0.000000e+00,0.000000e+00,0.000000e+00,0.000000e+00
1.000000e+00,0.000000e+00,0.000000e+00,0.000000e+00,0.000000e+00,0.000000e+00,0.000000e+00,0.000000e+00,0.000000e+00,0.000000e+00,0.000000e+00,0.000000e+00,0.000000e+00,0.000000e+00,0.000000e+00
1.000000e+00,0.000000e+00,0.000000e+00,0.000000e+00,0.000000e+00,0.000000e+00,0.000000e+00,0.000000e+00,0.000000e+00,0.000000e+00,0.000000e+00,0.000000e+00,0.000000e+00,0.000000e+00,0.000000e+00
1.000000e+00,0.000000e+00,0.000000e+00,0.000000e+00,0.000000e+00,0.000000e+00,0.000000e+00,0.000000e+00,0.000000e+00,0.000000e+00,0.000000e+00,0.000000e+00,0.000000e+00,0.000000e+00,0.000000e+00
1.000000e+00,0.000000e+00,0.000000e+00,0.000000e+00,0.000000e+00,0.000000e+00,0.000000e+00,0.000000e+00,0.000000e+00,0.000000e+00,0.000000e+00,0.000000e+00,0.000000e+00,0.000000e+00,0.000000e+00
1.000000e+00,0.000000e+00,0.000000e+00,0.000000e+00,0.000000e+00,0.000000e+00,0.000000e+00,0.000000e+00,0.000000e+00,0.000000e+00,0.000000e+00,0.000000e+00,0.000000e+00,0.000000e+00,0.000000e+00
1.000000e+00,0.000000e+00,0.000000e+00,0.000000e+00,0.000000e+00,0.000000e+00,0.000000e+00,0.000000e+00,0.000000e+00,0.000000e+00,0.000000e+00,0.000000e+00,0.000000e+00,0.000000e+00,0.000000e+00
1.000000e+00,0.000000e+00,0.000000e+00,0.000000e+00,0.000000e+00,0.000000e+00,0.000000e+00,0.000000e+00,0.000000e+00,0.000000e+00,0.000000e+00,0.000000e+00,0.000000e+00,0.000000e+00,0.000000e+00
1.000000e+00,0.000000e+00,0.000000e+00,0.000000e+00,0.000000e+00,0.000000e+00,0.000000e+00,0.000000e+00,0.000000e+00,0.000000e+00,0.000000e+00,0.000000e+00,0.000000e+00,0.000000e+00,0.000000e+00
1.000000e+00,0.000000e+00,0.000000e+00,0.000000e+00,0.000000e+00,0.000000e+00,0.000000e+00,0.000000e+00,0.000000e+00,0.000000e+00,0.000000e+00,0.000000e+00,0.000000e+00,0.000000e+00,0.000000e+00
1.000000e+00,0.000000e+00,0.000000e+00,0.000000e+00,0.000000e+00,0.000000e+00,0.000000e+00,0.000000e+00,0.000000e+00,0.000000e+00,0.000000e+00,0.000000e+00,0.000000e+00,0.000000e+00,0.000000e+00
1.000000e+00,0.000000e+00,0.000000e+00,0.000000e+00,0.000000e+00,0.000000e+00,0.000000e+00,0.000000e+00,0.000000e+00,0.000000e+00,0.000000e+00,0.000000e+00,0.000000e+00,0.000000e+00,0.000000e+00
1.000000e+00,0.000000e+00,0.000000e+00,0.000000e+00,0.000000e+00,0.000000e+00,0.000000e+00,0.000000e+00,0.000000e+00,0.000000e+00,0.000000e+00,0.000000e+00,0.000000e+00,0.000000e+00,0.000000e+00
1.000000e+00,0.000000e+00,0.000000e+00,0.000000e+00,0.000000e+00,0.000000e+00,0.000000e+00,0.000000e+00,0.000000e+00,0.000000e+00,0.000000e+00,0.000000e+00,0.000000e+00,0.000000e+00,0.000000e+00
1.000000e+00,0.000000e+00,0.000000e+00,0.000000e+00,0.000000e+00,0.000000e+00,0.000000e+00,0.000000e+00,0.000000e+00,0.000000e+00,0.000000e+00,0.000000e+00,0.000000e+00,0.000000e+00,0.000000e+00
1.000000e+00,0.000000e+00,0.000000e+00,0.000000e+00,0.000000e+00,0.000000e+00,0.000000e+00,0.000000e+00,0.000000e+00,0.000000e+00,0.000000e+00,0.000000e+00,0.000000e+00,0.000000e+00,0.000000e+00
1.000000e+00,0.000000e+00,0.000000e+00,0.000000e+00,0.000000e+00,0.000000e+00,0.000000e+00,0.000000e+00,0.000000e+00,0.000000e+00,0.000000e+00,0.000000e+00,0.000000e+00,0.000000e+00,0.000000e+00
1.000000e+00,0.000000e+00,0.000000e+00,0.000000e+00,0.000000e+00,0.000000e+00,0.000000e+00,0.000000e+00,0.000000e+00,0.000000e+00,0.000000e+00,0.000000e+00,0.000000e+00,0.000000e+00,0.000000e+00
1.000000e+00,0.000000e+00,0.000000e+00,0.000000e+00,0.000000e+00,0.000000e+00,0.000000e+00,0.000000e+00,0.000000e+00,0.000000e+00,0.000000e+00,0.000000e+00,0.000000e+00,0.000000e+00,0.000000e+00
1.000000e+00,0.000000e+00,0.000000e+00,0.000000e+00,0.000000e+00,0.000000e+00,0.000000e+00,0.000000e+00,0.000000e+00,0.000000e+00,0.000000e+00,0.000000e+00,0.000000e+00,0.000000e+00,0.000000e+00
1.000000e+00,0.000000e+00,0.000000e+00,0.000000e+00,0.000000e+00,0.000000e+00,0.000000e+00,0.000000e+00,0.000000e+00,0.000000e+00,0.000000e+00,0.000000e+00,0.000000e+00,0.000000e+00,0.000000e+00
1.000000e+00,0.000000e+00,0.000000e+00,0.000000e+00,0.000000e+00,0.000000e+00,0.000000e+00,0.000000e+00,0.000000e+00,0.000000e+00,0.000000e+00,0.000000e+00,0.000000e+00,0.000000e+00,0.000000e+00
1.000000e+00,0.000000e+00,0.000000e+00,0.000000e+00,0.000000e+00,0.000000e+00,0.000000e+00,0.000000e+00,0.000000e+00,0.000000e+00,0.000000e+00,0.000000e+00,0.000000e+00,0.000000e+00,0.000000e+00
1.000000e+00,0.000000e+00,0.000000e+00,0.000000e+00,0.000000e+00,0.000000e+00,0.000000e+00,0.000000e+00,0.000000e+00,0.000000e+00,0.000000e+00,0.000000e+00,0.000000e+00,0.000000e+00,0.000000e+00
1.000000e+00,0.000000e+00,0.000000e+00,0.000000e+00,0.000000e+00,0.000000e+00,0.000000e+00,0.000000e+00,0.000000e+00,0.000000e+00,0.000000e+00,0.000000e+00,0.000000e+00,0.000000e+00,0.000000e+00
4.393458e-01,1.094076e-02,6.728089e-03,2.221263e-02,4.376199e-03,4.683539e-01,1.897395e-03,6.904848e-03,2.936631e-03,1.812241e-03,6.928587e-03,9.062018e-03,6.913439e-03,2.131385e-03,9.456129e-03
3.088291e-01,7.762844e-03,4.737817e-03,1.558336e-02,3.109178e-03,6.236699e-01,1.346246e-03,4.990140e-03,2.082648e-03,1.476857e-03,5.894281e-03,6.385885e-03,4.859008e-03,1.589293e-03,7.683392e-03
2.242397e-01,5.649499e-03,3.401113e-03,1.100563e-02,2.264275e-03,7.204848e-01,9.897834e-04,3.848296e-03,1.660360e-03,2.598900e-03,5.537185e-03,4.516388e-03,3.436196e-03,1.535403e-03,8.832480e-03
1.672728e-01,4.247620e-03,2.772605e-03,8.023093e-03,1.833350e-03,7.498211e-01,7.780220e-04,3.291932e-03,4.237172e-03,1.639733e-02,5.217995e-03,3.182227e-03,2.473811e-03,2.116697e-03,2.833429e-02
1.447603e-01,3.567324e-03,2.931386e-03,6.015173e-03,1.597665e-03,6.816449e-01,7.567884e-04,3.024841e-03,1.509080e-02,4.314634e-02,6.173003e-03,2.307179e-03,2.416630e-03,4.707274e-03,8.186036e-02
1.276867e-01,3.245576e-03,3.436022e-03,4.571839e-03,1.739498e-03,6.891034e-01,8.771315e-04,3.028492e-03,1.965903e-02,4.865948e-02,6.926405e-03,1.671421e-03,2.150942e-03,6.126689e-03,8.111737e-02
1.028197e-01,3.117505e-03,3.938165e-03,3.848205e-03,1.989232e-03,7.329927e-01,1.478075e-03,5.068661e-03,2.410249e-02,3.646192e-02,1.036843e-02,1.314213e-03,1.899011e-03,9.106480e-03,6.149520e-02
1.132211e-01,3.870514e-03,5.881823e-03,3.476463e-03,3.462157e-03,7.267939e-01,2.385038e-03,8.138090e-03,2.179899e-02,2.877824e-02,1.611526e-02,1.228075e-03,1.957383e-03,1.271220e-02,5.018065e-02
8.165516e-02,3.823720e-03,4.315274e-03,2.526777e-03,2.689386e-03,7.599092e-01,1.831410e-03,6.189962e-03,1.766967e-02,2.149974e-02,3.454683e-02,1.028606e-03,2.106437e-03,1.809259e-02,4.211519e-02
5.767292e-02,3.344682e-03,3.048768e-03,1.784133e-03,1.988537e-03,6.226622e-01,1.307507e-03,4.380795e-03,2.613369e-02,1.594068e-02,1.450017e-01,1.121721e-03,1.984435e-03,8.049327e-02,3.313494e-02
4.077587e-02,2.647216e-03,2.146534e-03,1.256476e-03,1.469984e-03,4.938269e-01,9.822195e-04,3.149492e-03,2.581003e-02,1.167442e-02,2.579039e-01,1.041653e-03,1.724435e-03,1.282092e-01,2.738171e-02
2.870680e-02,2.269286e-03,1.513362e-03,8.942842e-04,1.078903e-03,3.488190e-01,7.112749e-04,2.293438e-03,2.636740e-02,8.919181e-03,3.096335e-01,1.199748e-03,1.679555e-03,2.420695e-01,2.384470e-02
2.013189e-02,2.059160e-03,1.064602e-03,6.310025e-04,7.763265e-04,2.445444e-01,5.113945e-04,1.623172e-03,2.335310e-02,6.838379e-03,2.965595e-01,1.350592e-03,1.516302e-03,3.796824e-01,1.935776e-02
1.414367e-02,5.773419e-03,7.753206e-04,4.588443e-04,6.833052e-04,1.713469e-01,3.760128e-04,1.159634e-03,3.365800e-02,5.984125e-03,2.828088e-01,1.235027e-03,1.163936e-03,4.648545e-01,1.557854e-02
9.976100e-03,6.255082e-03,6.010346e-04,3.952320e-04,9.254562e-04,1.202168e-01,3.027811e-04,9.435531e-04,4.017957e-02,4.934724e-03,2.062288e-01,9.241958e-04,8.861924e-04,5.959311e-01,1.129941e-02
7.061160e-03,5.231729e-03,4.542810e-04,3.440643e-04,7.328937e-04,8.434430e-02,2.454248e-04,7.755517e-04,3.541942e-02,3.707597e-03,1.467287e-01,6.640896e-04,6.479715e-04,7.054608e-01,8.181933e-03
5.224368e-03,1.094194e-02,1.473235e-03,3.239551e-04,7.939685e-04,5.988232e-02,2.556011e-04,7.969754e-04,5.882785e-02,2.952601e-03,1.037292e-01,4.970711e-04,4.909558e-04,7.475126e-01,6.297421e-03
4.012738e-03,1.157300e-02,4.988506e-03,6.667915e-04,2.550700e-03,4.412107e-02,4.763288e-04,1.822541e-03,7.127234e-02,3.052566e-03,7.495365e-02,3.811174e-04,5.263576e-04,7.744489e-01,5.153363e-03
3.261803e-03,1.197827e-02,5.620604e-03,1.496261e-03,2.391077e-03,3.575009e-02,4.238726e-04,2.470742e-03,7.869111e-02,2.880315e-03,5.608516e-02,3.746423e-04,1.464573e-03,7.904832e-01,6.628275e-03
2.712904e-03,1.803434e-02,6.400798e-03,1.703206e-03,1.917243e-03,2.760558e-02,3.827954e-04,2.654328e-03,7.205284e-02,3.292251e-03,4.149166e-02,3.232373e-04,1.934444e-03,8.107672e-01,8.727134e-03
4.664420e-03,2.493344e-02,2.234251e-02,2.262806e-03,2.770193e-03,3.022854e-02,4.596027e-04,3.668589e-03,5.876691e-02,4.724476e-03,4.272045e-02,3.167652e-04,2.300400e-03,7.917902e-01,8.050746e-03
7.355371e-03,2.169418e-02,1.159473e-01,9.801109e-03,7.985364e-03,2.276290e-02,1.663253e-03,8.914936e-03,4.842723e-02,4.484921e-03,3.247151e-02,2.942809e-04,2.256718e-03,7.063050e-01,9.635979e-03
1.052638e-02,2.156931e-02,2.868235e-01,1.378814e-02,1.873883e-02,2.004936e-02,1.794965e-03,6.493746e-03,3.797996e-02,3.900039e-03,2.479848e-02,3.844431e-04,1.958397e-03,5.389060e-01,1.228856e-02
1.415703e-02,1.745295e-02,4.540118e-01,1.157843e-02,2.571004e-02,1.810895e-02,1.596492e-03,5.230623e-03,2.762942e-02,4.950809e-03,1.750462e-02,2.826618e-04,1.597889e-03,3.834839e-01,1.670440e-02
2.710735e-02,1.998277e-02,4.985923e-01,1.158432e-02,7.792587e-02,2.519176e-02,4.568060e-03,4.061623e-03,2.059108e-02,4.619497e-03,1.253648e-02,2.239675e-04,2.069822e-03,2.770527e-01,1.389238e-02
3.728658e-02,3.938816e-02,4.467924e-01,1.410496e-02,1.739243e-01,3.754341e-02,8.653058e-03,3.182248e-03,1.549878e-02,3.728625e-03,9.131350e-03,1.842745e-04,2.470201e-03,1.961886e-01,1.192310e-02
3.760300e-02,7.469402e-02,3.351226e-01,1.609978e-02,2.532997e-01,9.273132e-02,1.273857e-02,2.639688e-03,1.438744e-02,3.034598e-03,6.549479e-03,2.860840e-04,3.231585e-03,1.377402e-01,9.841911e-03
2.883148e-02,5.587743e-02,2.367269e-01,1.357551e-02,4.268907e-01,9.731981e-02,1.319232e-02,2.612669e-03,1.070983e-02,2.877626e-03,4.639778e-03,2.224965e-04,2.569864e-03,9.650375e-02,7.449761e-03
2.256680e-02,4.015421e-02,1.670969e-01,1.016759e-02,5.541705e-01,8.502600e-02,1.176887e-02,4.284212e-03,7.605620e-03,1.866301e-02,3.394242e-03,1.713719e-04,1.874154e-03,6.759415e-02,5.462398e-03
1.698001e-02,2.843256e-02,1.193535e-01,7.968550e-03,6.439062e-01,6.525001e-02,1.583363e-02,1.098035e-02,5.349336e-03,3.054292e-02,2.513879e-03,1.282759e-04,1.362173e-03,4.733426e-02,4.064362e-03
1.255953e-02,2.006089e-02,8.465077e-02,6.102462e-03,6.927373e-01,4.902936e-02,1.567239e-02,1.131443e-02,3.781717e-03,6.439482e-02,1.828928e-03,9.843484e-05,1.028241e-03,3.315433e-02,3.586287e-03
1.293503e-02,1.445348e-02,6.294549e-02,4.605138e-03,7.022224e-01,3.853679e-02,1.222274e-02,1.208689e-02,2.799443e-03,1.082702e-01,1.478394e-03,1.184494e-04,7.861038e-04,2.338837e-02,3.150989e-03
1.059639e-02,1.059023e-02,4.823129e-02,3.563233e-03,6.595936e-01,3.495951e-02,9.384172e-03,1.075280e-02,2.263593e-03,1.888143e-01,1.195657e-03,1.036929e-04,6.012815e-04,1.647698e-02,2.873253e-03
7.768584e-03,7.517257e-03,3.424474e-02,2.816509e-03,5.058532e-01,2.970243e-02,7.541836e-03,9.850785e-03,1.667555e-03,3.772317e-01,9.785456e-04,8.183136e-05,4.904596e-04,1.165633e-02,2.598174e-03
1.197004e-02,5.780778e-03,2.544257e-02,2.917753e-03,3.786390e-01,4.005083e-02,2.104422e-02,2.509801e-02,1.436921e-03,4.711727e-01,1.116976e-03,1.733080e-04,5.101863e-04,8.923508e-03,5.723136e-03
2.320668e-02,4.820301e-03,1.935937e-02,2.525322e-03,2.875435e-01,3.973802e-02,3.820968e-02,3.770004e-02,1.234353e-03,5.220330e-01,1.136240e-03,2.393774e-04,4.641591e-04,7.383770e-03,1.440606e-02
3.124727e-02,4.639155e-03,1.706963e-02,3.023519e-03,2.188966e-01,3.228662e-02,3.117080e-02,6.392287e-02,1.439943e-03,5.628794e-01,1.546109e-03,3.585021e-04,5.704921e-04,6.445623e-03,2.450345e-02
2.234162e-02,3.484313e-03,1.287841e-02,2.186713e-03,1.548641e-01,2.304937e-02,2.418664e-02,4.589533e-02,3.630393e-03,6.806248e-01,1.384801e-03,3.109093e-04,7.098361e-04,5.334396e-03,1.911823e-02
2.318582e-02,3.601098e-03,9.933746e-03,2.134031e-03,1.108708e-01,1.838133e-02,2.139488e-02,3.362886e-02,2.783421e-02,6.696158e-01,3.214386e-03,4.157038e-04,1.186085e-03,5.848211e-03,6.875502e-02
5.300481e-02,4.439344e-03,7.856351e-03,2.559785e-03,8.147623e-02,1.828611e-02,2.019561e-02,2.647713e-02,4.214158e-02,4.962065e-01,1.901166e-02,2.489065e-03,4.774869e-03,2.663054e-02,1.944504e-01
6.798661e-02,4.835106e-03,7.046768e-03,3.398943e-03,6.039776e-02,1.956304e-02,2.055718e-02,2.456657e-02,6.148694e-02,3.850802e-01,2.660596e-02,5.398606e-03,9.092388e-03,5.292656e-02,2.510573e-01
1.686457e-01,4.801154e-03,6.127527e-03,3.069250e-03,4.260955e-02,1.883726e-02,1.557580e-02,1.794168e-02,5.386105e-02,2.750318e-01,2.443531e-02,5.970986e-03,9.324797e-03,5.178840e-02,3.019797e-01
2.501412e-01,5.616072e-03,4.802893e-03,2.841390e-03,3.040985e-02,2.141927e-02,1.296148e-02,1.335793e-02,4.574820e-02,1.938322e-01,2.316320e-02,6.877884e-03,1.022776e-02,4.982971e-02,3.287709e-01
2.826424e-01,8.950072e-03,4.901738e-03,3.144537e-03,2.219814e-02,3.540385e-02,1.215731e-02,9.806598e-03,4.074411e-02,1.370891e-01,1.866198e-02,7.737420e-03,1.204626e-02,4.699426e-02,3.575221e-01
2.145807e-01,9.533616e-03,3.773452e-03,2.811599e-03,1.608261e-02,3.243564e-02,8.945014e-03,6.930887e-03,2.028043e-01,9.825537e-02,1.484926e-02,6.229179e-03,9.714543e-03,3.747803e-02,3.355758e-01
1.620878e-01,8.832992e-03,3.003311e-03,2.170968e-03,1.170936e-02,2.481638e-02,6.510764e-03,4.933851e-03,3.294716e-01,7.249173e-02,1.178307e-02,4.592553e-03,7.325595e-03,3.252800e-02,3.177420e-01
1.198348e-01,6.925433e-03,2.584621e-03,1.641313e-03,8.644016e-03,1.946152e-02,4.586885e-03,3.557705e-03,3.779906e-01,5.385400e-02,9.928132e-03,3.336522e-03,5.571697e-03,3.823915e-02,3.438436e-01
8.756105e-02,5.429241e-03,2.254940e-03,1.208220e-03,6.533638e-03,1.430548e-02,3.221845e-03,2.519140e-03,3.745103e-01,4.071497e-02,8.797633e-03,2.377606e-03,4.160636e-03,4.703531e-02,3.993700e-01
6.420793e-02,4.809796e-03,3.152035e-03,1.063914e-03,5.897019e-03,1.063865e-02,2.282517e-03,2.446725e-03,4.083233e-01,3.098387e-02,8.587124e-03,1.739858e-03,3.242423e-03,4.562383e-02,4.070010e-01
4.816954e-02,4.744302e-03,1.652926e-02,1.353337e-03,6.287025e-03,7.952775e-03,1.632663e-03,1.986719e-03,4.431565e-01,2.937286e-02,7.547595e-03,1.283866e-03,2.449246e-03,6.496947e-02,3.625649e-01
3.915461e-02,5.353893e-03,1.796243e-02,1.418258e-03,7.704888e-03,5.902678e-03,1.162022e-03,1.740335e-03,4.694605e-01,2.818104e-02,7.102381e-03,9.693074e-04,1.955930e-03,7.027260e-02,3.416591e-01
4.036346e-02,1.648560e-02,2.005837e-02,1.359737e-03,1.059181e-02,8.607633e-03,8.635005e-04,1.719474e-03,3.605580e-01,2.221633e-02,5.666024e-03,7.265710e-04,1.512555e-03,6.596019e-02,4.433108e-01
6.293105e-02,6.639508e-02,2.259485e-02,1.990538e-03,1.858563e-02,2.225361e-02,8.028852e-04,2.459252e-03,2.752060e-01,1.762667e-02,5.179077e-03,5.863364e-04,1.362212e-03,5.212080e-02,4.499060e-01
5.778319e-02,1.948050e-01,4.175237e-02,1.614187e-02,2.497168e-02,1.866603e-02,6.971428e-04,2.540251e-03,1.966561e-01,1.466259e-02,3.991243e-03,8.490030e-04,1.403092e-03,3.792544e-02,3.871550e-01
5.574199e-02,2.089782e-01,1.447217e-01,5.363065e-02,3.108266e-02,1.444335e-02,8.418933e-04,3.392837e-03,1.403772e-01,1.238766e-02,2.937343e-03,7.950748e-04,1.108038e-03,2.730301e-02,3.022584e-01
7.774654e-02,1.783543e-01,2.059286e-01,5.527715e-02,3.051457e-02,1.195517e-02,7.792405e-04,3.941915e-03,1.073107e-01,1.608398e-02,2.270235e-03,7.853310e-04,1.097572e-03,2.084437e-02,2.871104e-01
1.718831e-01,1.452787e-01,2.390445e-01,6.126573e-02,3.055197e-02,1.182568e-02,1.233564e-03,5.706786e-03,7.909293e-02,1.261375e-02,2.635369e-03,3.134331e-03,1.862857e-03,1.740490e-02,2.164658e-01
1.967577e-01,1.141857e-01,3.156135e-01,6.031587e-02,3.328607e-02,9.866561e-03,1.277507e-03,5.319522e-03,5.757408e-02,1.010756e-02,2.666656e-03,3.492104e-03,1.817348e-03,1.411015e-02,1.736098e-01
1.803839e-01,8.955044e-02,4.299913e-01,4.844966e-02,3.355404e-02,7.668939e-03,1.024017e-03,4.452074e-03,4.172090e-02,8.760381e-03,2.573182e-03,2.918001e-03,1.504754e-03,1.108640e-02,1.363620e-01
1.616717e-01,8.047915e-02,4.948127e-01,4.644179e-02,3.869158e-02,9.799823e-03,1.190762e-03,4.298098e-03,3.052493e-02,7.685270e-03,2.368446e-03,2.368573e-03,1.262652e-03,8.612354e-03,1.097923e-01
1.629721e-01,7.453096e-02,5.057828e-01,3.642317e-02,3.630788e-02,9.200593e-03,9.815535e-04,4.021198e-03,2.451403e-02,1.126322e-02,2.224701e-03,1.822550e-03,9.959829e-04,7.508503e-03,1.214508e-01
1.245932e-01,8.512157e-02,4.148349e-01,1.330121e-01,3.182517e-02,7.790136e-03,9.780179e-04,3.194081e-03,2.093753e-02,1.238079e-02,2.959999e-03,1.679586e-03,1.036356e-03,5.857883e-03,1.537987e-01
1.048999e-01,6.969403e-02,3.677346e-01,2.433313e-01,2.962408e-02,6.501277e-03,9.303745e-04,3.082551e-03,2.036988e-02,1.210117e-02,7.860031e-03,1.728563e-03,1.100505e-03,5.318741e-03,1.257230e-01
7.688562e-02,9.103823e-02,3.982161e-01,1.822185e-01,2.192305e-02,5.094638e-03,7.009828e-04,2.325404e-03,4.876965e-02,1.575066e-02,1.043320e-02,1.734125e-03,1.211568e-03,2.243034e-02,1.212679e-01
5.557469e-02,6.807728e-02,3.926274e-01,1.334195e-01,1.563573e-02,3.731507e-03,5.465834e-04,2.595851e-03,5.294163e-02,1.432473e-02,9.146634e-02,4.299310e-03,1.106293e-03,3.060868e-02,1.330445e-01
4.353697e-02,5.456935e-02,3.018442e-01,9.559057e-02,1.105184e-02,3.169131e-03,4.580104e-04,3.097044e-03,4.753920e-02,1.128780e-02,2.754163e-01,8.688540e-03,1.301102e-03,2.822216e-02,1.142278e-01
3.219730e-02,4.002218e-02,2.144816e-01,6.732127e-02,7.783381e-03,2.949512e-03,3.682729e-04,2.828574e-03,3.584249e-02,8.267121e-03,4.343687e-01,1.473663e-02,1.448304e-03,5.708798e-02,8.029674e-02
2.291133e-02,2.907542e-02,1.575044e-01,4.791346e-02,5.519371e-03,3.782859e-03,2.835836e-04,2.296225e-03,2.613050e-02,6.092891e-03,5.383575e-01,1.494752e-02,1.294555e-03,8.761808e-02,5.627235e-02
1.613322e-02,2.045190e-02,1.103448e-01,3.379170e-02,4.220422e-03,3.663991e-03,2.237599e-04,1.744695e-03,1.869835e-02,4.441099e-03,6.187073e-01,1.537269e-02,1.062782e-03,1.116796e-01,3.946377e-02
1.133052e-02,1.464944e-02,7.769421e-02,2.380254e-02,7.663593e-03,2.890737e-03,2.749503e-04,1.326984e-03,1.492628e-02,4.392747e-03,6.725230e-01,1.394369e-02,9.753294e-04,1.258715e-01,2.773445e-02
7.986739e-03,1.049102e-02,5.492340e-02,1.681395e-02,8.070231e-03,2.272371e-03,2.547978e-04,1.071306e-03,1.094706e-02,4.037928e-03,6.911079e-01,1.176596e-02,1.121835e-03,1.595379e-01,1.959756e-02
5.743952e-03,7.514405e-03,3.889035e-02,1.199437e-02,6.231436e-03,2.189916e-03,2.305285e-04,1.143254e-03,8.537584e-03,3.445310e-03,7.146726e-01,9.995128e-03,1.258493e-03,1.740222e-01,1.413052e-02
4.179129e-03,5.436677e-03,2.756295e-02,8.544691e-03,5.646256e-03,1.966709e-03,2.072714e-04,1.212007e-03,6.844805e-03,2.884932e-03,7.148098e-01,9.205762e-03,1.257473e-03,2.001239e-01,1.011763e-02
3.141196e-03,4.091843e-03,1.947094e-02,6.046817e-03,4.835616e-03,2.137950e-03,1.718229e-04,9.160448e-04,5.372619e-03,3.177608e-03,7.489740e-01,7.446466e-03,1.576854e-03,1.852712e-01,7.368989e-03
2.401994e-03,3.180418e-03,1.370599e-02,4.305626e-03,6.591336e-03,2.359782e-03,1.931208e-04,7.581955e-04,4.574026e-03,4.397958e-03,7.512812e-01,6.430580e-03,1.927005e-03,1.925782e-01,5.314508e-03
1.874177e-03,2.472552e-03,9.678395e-03,3.214139e-03,2.454219e-02,2.812044e-03,2.897451e-04,1.661072e-03,6.179661e-03,4.460939e-03,6.298954e-01,4.978622e-03,1.907858e-03,3.022450e-01,3.788127e-03
1.777536e-03,2.807339e-03,7.381991e-03,2.650373e-03,8.567350e-02,9.994267e-03,2.476536e-03,4.406437e-03,1.060985e-02,6.974361e-03,5.504178e-01,4.561331e-03,2.112976e-03,3.053994e-01,2.756292e-03
2.044426e-03,5.804105e-03,9.545906e-03,2.446128e-03,7.911745e-02,1.675316e-02,6.286822e-03,6.638749e-03,1.761492e-02,1.939654e-02,5.596073e-01,4.775744e-03,2.548734e-03,2.644736e-01,2.946407e-03
5.111398e-03,7.578670e-03,1.087405e-02,2.446920e-03,8.215990e-02,1.919032e-02,2.143386e-02,2.276954e-02,5.066668e-02,6.907096e-02,4.944151e-01,4.694181e-03,2.916259e-03,2.038011e-01,2.871044e-03
2.126218e-02,1.528708e-02,1.336951e-02,2.536913e-03,1.134689e-01,2.874229e-02,2.152873e-02,4.787281e-02,1.244465e-01,8.398704e-02,3.736061e-01,3.731588e-03,2.644539e-03,1.442373e-01,3.278511e-03
2.231192e-02,5.377716e-02,1.464389e-02,2.028933e-03,1.381271e-01,2.722148e-02,2.318046e-02,3.709206e-02,2.345942e-01,6.798056e-02,2.695575e-01,2.798676e-03,2.145548e-03,1.012260e-01,3.314542e-03
2.283254e-02,7.710585e-02,2.893320e-02,2.092535e-03,1.644688e-01,2.764239e-02,2.227797e-02,4.172645e-02,2.924622e-01,4.925895e-02,1.920371e-01,2.132401e-03,1.793960e-03,7.103354e-02,4.202040e-03
2.520524e-02,9.097354e-02,2.519036e-02,1.768206e-03,1.578306e-01,2.421638e-02,1.728697e-02,3.699574e-02,3.914894e-01,3.540600e-02,1.369106e-01,1.668383e-03,1.396420e-03,5.005881e-02,3.603322e-03
2.561948e-02,8.697289e-02,3.452332e-02,4.093771e-03,1.888135e-01,2.020778e-02,1.614839e-02,9.299359e-02,3.648033e-01,2.556333e-02,9.941305e-02,1.356308e-03,1.064414e-03,3.516665e-02,3.260295e-03
4.505325e-02,7.621992e-02,2.667318e-02,3.828631e-03,2.238801e-01,2.025766e-02,3.106905e-02,1.059666e-01,3.428549e-01,1.876655e-02,7.536979e-02,1.353137e-03,1.090400e-03,2.512682e-02,2.490058e-03
4.683864e-02,5.735626e-02,2.018730e-02,3.168995e-03,2.966068e-01,1.970287e-02,1.088394e-01,1.079618e-01,2.507241e-01,1.367465e-02,5.338163e-02,1.028858e-03,1.006356e-03,1.769468e-02,1.827728e-03
7.505164e-02,4.297249e-02,1.556825e-02,2.630330e-03,3.531864e-01,1.501963e-02,1.563023e-01,8.804875e-02,1.800637e-01,1.469190e-02,3.855062e-02,1.510693e-03,1.609881e-03,1.289190e-02,1.901526e-03
1.449363e-01,3.287376e-02,1.263849e-02,2.600153e-03,3.822193e-01,1.294738e-02,1.399432e-01,7.230999e-02,1.336625e-01,1.548415e-02,2.923084e-02,4.530058e-03,3.601829e-03,1.043338e-02,2.588723e-03
1.200820e-01,2.388373e-02,9.292914e-03,3.334223e-03,2.853687e-01,1.217020e-02,2.126428e-01,5.144731e-02,9.468619e-02,1.213353e-01,3.241207e-02,8.461947e-03,1.120712e-02,7.792825e-03,5.882645e-03
8.495467e-02,1.677855e-02,6.512031e-03,2.622893e-03,2.008142e-01,9.138568e-03,1.701912e-01,3.603322e-02,6.643800e-02,3.413754e-01,2.742995e-02,1.624187e-02,9.521953e-03,5.995072e-03,5.952473e-03
6.127157e-02,1.182017e-02,4.615322e-03,2.733790e-03,1.438183e-01,7.065320e-03,1.297783e-01,2.524885e-02,4.713216e-02,4.859272e-01,3.358630e-02,2.656635e-02,9.407688e-03,5.073510e-03,5.955174e-03
5.228325e-02,8.853363e-03,3.723220e-03,6.668496e-03,1.083238e-01,6.678259e-03,1.055375e-01,1.783475e-02,3.402957e-02,4.560324e-01,1.032057e-01,7.097901e-02,1.232710e-02,7.750673e-03,5.772935e-03
5.291314e-02,7.115722e-03,3.072555e-03,7.348816e-03,8.041260e-02,6.929414e-03,8.639739e-02,1.266108e-02,2.479552e-02,4.541727e-01,1.059804e-01,1.325630e-01,1.270769e-02,8.091886e-03,4.838116e-03
4.944533e-02,6.445138e-03,3.630720e-03,6.904856e-03,6.087145e-02,1.193033e-02,1.016059e-01,9.950340e-03,1.896976e-02,3.495221e-01,1.271907e-01,2.263452e-01,1.242594e-02,1.036349e-02,4.398824e-03
6.125430e-02,5.388197e-03,4.573643e-03,5.811782e-03,4.659183e-02,1.868474e-02,7.373364e-02,8.259040e-03,1.440119e-02,2.499874e-01,1.760081e-01,3.063567e-01,1.021158e-02,1.511854e-02,3.619227e-03
5.851753e-02,5.476333e-03,6.351170e-03,5.056527e-03,3.694105e-02,2.365166e-02,5.282895e-02,7.004420e-03,1.135705e-02,1.802099e-01,1.954519e-01,3.833922e-01,9.667358e-03,2.065586e-02,3.438156e-03
8.417237e-02,7.442346e-03,6.478631e-03,5.060511e-03,3.009752e-02,2.385096e-02,3.757259e-02,7.040685e-03,9.073447e-03,1.302063e-01,1.720493e-01,4.570557e-01,7.939580e-03,1.777056e-02,4.189498e-03
1.409749e-01,9.722415e-03,6.619045e-03,7.194066e-03,2.585371e-02,2.652191e-02,2.671890e-02,8.020220e-03,7.443571e-03,9.402230e-02,1.548826e-01,4.647745e-01,6.872127e-03,1.507206e-02,5.307729e-03
1.488957e-01,1.002195e-02,5.406121e-03,6.498272e-03,2.033717e-02,2.301087e-02,1.882310e-02,6.898413e-03,6.263364e-03,6.718373e-02,1.415676e-01,5.206068e-01,5.701727e-03,1.404945e-02,4.735838e-03
1.508828e-01,1.352935e-02,6.622757e-03,6.131589e-03,1.818415e-02,1.926288e-02,1.336368e-02,6.334309e-03,5.496269e-03,4.781080e-02,1.194718e-01,5.721310e-01,4.395225e-03,1.235124e-02,4.032117e-03
1.668527e-01,1.526575e-02,7.172636e-03,7.544691e-03,1.792206e-02,1.701554e-02,9.607233e-03,7.817974e-03,5.091156e-03,3.381022e-02,1.078301e-01,5.858754e-01,3.548355e-03,1.087098e-02,3.775169e-03
1.530158e-01,1.640607e-02,2.698292e-02,1.176403e-02,5.313690e-02,1.433601e-02,7.642904e-03,1.779673e-02,5.448645e-03,2.417639e-02,1.005838e-01,5.519753e-01,3.247221e-03,1.032502e-02,3.162230e-03
1.126464e-01,1.962099e-02,2.649559e-02,9.586144e-03,5.150284e-02,1.173344e-02,5.819670e-03,2.302810e-02,4.695788e-03,1.965368e-02,1.111301e-01,5.860108e-01,3.003185e-03,1.267844e-02,2.394773e-03
8.021650e-02,1.501644e-02,7.562859e-02,1.623268e-02,4.673511e-02,9.115708e-03,6.998122e-03,1.916664e-01,3.410207e-03,1.442917e-02,9.004332e-02,4.370205e-01,2.261839e-03,9.535436e-03,1.689969e-03
6.400479e-02,1.439783e-02,7.276063e-02,2.485447e-02,2.437737e-01,8.357764e-03,7.923582e-03,1.489770e-01,2.827000e-03,1.034951e-02,7.467021e-02,3.173715e-01,1.697843e-03,6.829606e-03,1.204439e-03
5.592488e-02,2.071471e-02,8.349522e-02,3.203156e-02,3.487481e-01,1.276954e-02,9.157155e-03,1.122417e-01,2.947791e-03,9.133370e-03,7.429753e-02,2.308003e-01,1.328655e-03,5.383183e-03,1.026271e-03
7.874304e-02,2.137092e-02,1.079110e-01,5.828411e-02,3.335917e-01,1.418762e-02,7.456977e-03,8.527020e-02,6.026677e-03,1.205293e-02,1.009273e-01,1.657651e-01,1.390478e-03,5.890897e-03,1.131092e-03
9.177231e-02,1.779452e-02,1.528316e-01,1.381010e-01,2.904385e-01,1.176000e-02,5.518427e-03,7.089943e-02,7.423874e-03,1.030707e-02,7.678030e-02,1.187211e-01,1.539872e-03,4.964401e-03,1.147564e-03
1.033290e-01,1.457129e-02,1.369143e-01,2.232945e-01,2.562273e-01,1.175477e-02,4.005626e-03,5.264012e-02,1.972031e-02,9.310948e-03,7.185291e-02,8.520614e-02,1.574378e-03,6.262377e-03,3.336005e-03
1.229438e-01,1.312569e-02,1.334716e-01,2.869494e-01,1.936433e-01,1.058503e-02,2.955662e-03,4.107699e-02,3.184021e-02,1.611073e-02,7.135307e-02,6.202105e-02,1.608732e-03,7.157605e-03,5.157210e-03
1.605083e-01,1.362466e-02,1.472366e-01,2.685365e-01,1.460937e-01,9.439863e-03,2.210251e-03,3.231945e-02,4.338701e-02,3.171600e-02,7.994290e-02,4.493470e-02,1.590442e-03,1.072699e-02,7.732519e-03
1.645618e-01,1.177257e-02,2.040998e-01,2.978107e-01,1.098740e-01,7.511284e-03,1.695931e-03,2.552143e-02,3.807313e-02,2.816138e-02,6.056210e-02,3.226411e-02,1.280475e-03,1.026324e-02,6.547990e-03
1.622775e-01,1.036542e-02,2.666138e-01,2.990835e-01,8.614608e-02,6.220322e-03,1.354704e-03,2.032032e-02,3.478118e-02,2.419614e-02,4.894438e-02,2.324743e-02,1.030327e-03,9.937216e-03,5.481716e-03
1.653934e-01,8.832442e-03,3.399104e-01,2.628120e-01,6.715810e-02,5.453510e-03,1.101361e-03,1.788052e-02,3.420287e-02,1.899787e-02,4.486259e-02,1.719845e-02,9.236358e-04,9.710082e-03,5.562762e-03
2.186448e-01,8.964220e-03,3.688036e-01,2.201705e-01,5.266357e-02,5.853090e-03,1.136627e-03,1.645077e-02,2.617385e-02,1.451365e-02,3.613640e-02,1.424585e-02,1.373263e-03,9.122258e-03,5.747592e-03
2.459352e-01,8.331155e-03,3.947003e-01,1.921693e-01,4.172165e-02,6.231628e-03,1.209637e-03,1.564424e-02,2.070130e-02,1.097253e-02,3.394980e-02,1.300836e-02,1.705221e-03,8.389318e-03,5.330381e-03
1.783787e-01,7.178465e-03,4.533594e-01,1.360013e-01,2.940610e-02,4.986309e-03,8.586266e-04,1.171881e-02,1.473978e-02,8.696456e-03,1.240955e-01,1.184118e-02,1.510643e-03,1.303448e-02,4.194299e-03
1.260682e-01,7.395542e-03,3.866793e-01,9.628195e-02,2.088369e-02,4.506193e-03,6.152210e-04,8.637400e-03,1.068884e-02,6.861074e-03,2.922787e-01,1.311285e-02,1.467930e-03,2.103469e-02,3.488470e-03
8.866154e-02,5.356349e-03,2.728361e-01,6.761356e-02,1.468506e-02,6.050162e-03,4.525165e-04,6.132742e-03,7.710233e-03,5.044189e-03,4.883001e-01,1.355025e-02,1.136006e-03,1.977554e-02,2.695652e-03
6.240630e-02,3.857983e-03,1.920631e-01,4.749936e-02,1.036221e-02,2.099467e-02,3.598896e-04,4.433517e-03,5.626739e-03,3.734839e-03,6.056389e-01,1.356897e-02,9.345011e-04,2.649785e-02,2.021204e-03
4.393147e-02,2.828556e-03,1.353741e-01,3.338942e-02,7.350313e-03,2.790789e-02,2.945026e-04,3.143108e-03,4.071083e-03,2.758986e-03,6.997858e-01,1.063451e-02,7.846910e-04,2.625175e-02,1.493836e-03
3.100234e-02,4.031914e-03,9.530229e-02,2.413779e-02,6.391153e-03,2.159279e-02,4.097549e-04,2.269573e-03,4.962644e-03,4.759287e-03,7.644091e-01,1.221737e-02,1.240814e-03,2.353481e-02,3.738389e-03
2.221653e-02,3.431921e-03,6.689655e-02,1.715695e-02,4.750684e-03,1.742738e-02,3.194720e-04,1.638416e-03,3.936976e-03,3.796856e-03,8.196081e-01,1.121766e-02,1.172265e-03,2.329961e-02,3.130609e-03
1.651676e-02,3.762191e-03,4.804954e-02,1.399395e-02,4.385359e-03,1.303943e-02,4.477901e-04,2.996849e-03,4.039074e-03,3.652346e-03,8.522059e-01,9.459523e-03,1.248389e-03,2.364176e-02,2.561107e-03
1.174626e-02,2.887287e-03,3.372484e-02,1.026373e-02,3.296962e-03,9.640005e-03,3.558977e-04,2.334674e-03,3.788676e-03,3.174411e-03,8.847521e-01,7.874396e-03,1.043263e-03,2.317715e-02,1.940264e-03
8.746860e-03,3.332257e-03,2.419167e-02,8.019964e-03,3.486214e-03,7.441119e-03,3.645208e-04,2.755057e-03,7.722978e-03,3.662084e-03,8.852354e-01,8.060617e-03,1.022568e-03,3.427776e-02,1.680958e-03
7.580640e-03,4.454888e-03,1.819145e-02,6.313556e-03,2.946530e-03,7.774382e-03,5.008393e-04,2.679798e-03,1.024956e-02,4.660545e-03,8.929888e-01,8.032452e-03,9.285206e-04,3.014587e-02,2.552113e-03
5.986208e-03,5.964284e-03,1.304131e-02,4.585376e-03,2.333044e-03,6.284508e-03,4.245227e-04,2.071995e-03,1.320354e-02,5.344098e-03,9.011482e-01,8.372467e-03,8.125864e-04,2.807643e-02,2.351353e-03
5.006238e-03,5.504684e-03,9.239968e-03,3.591353e-03,2.021532e-03,5.134433e-03,3.242934e-04,1.567402e-03,1.325384e-02,4.484107e-03,9.167840e-01,8.213223e-03,1.005897e-03,2.183178e-02,2.037154e-03
5.515448e-03,7.413350e-03,7.018030e-03,3.017552e-03,2.768077e-03,4.418471e-03,3.452995e-04,1.870190e-03,1.837457e-02,8.013934e-03,9.073909e-01,9.406172e-03,1.034904e-03,2.136604e-02,2.046999e-03
6.000393e-03,1.592868e-02,5.658912e-03,3.077624e-03,4.155612e-03,4.687599e-03,3.800264e-04,2.295600e-03,4.268190e-02,1.995002e-02,8.490381e-01,1.732601e-02,9.907214e-04,2.572583e-02,2.102931e-03
1.844486e-02,5.036485e-02,4.815243e-03,5.534322e-03,1.436449e-02,6.531833e-03,6.329719e-04,6.460542e-03,1.057014e-01,3.039579e-02,7.005933e-01,1.992922e-02,1.047341e-03,3.091419e-02,4.269626e-03
2.394677e-02,8.383933e-02,9.130825e-03,7.329116e-03,1.769547e-02,1.410555e-02,1.181670e-03,1.671967e-02,1.604475e-01,3.782780e-02,5.732850e-01,2.203164e-02,9.970360e-04,2.728608e-02,4.176582e-03
4.515740e-02,1.311622e-01,5.470514e-02,9.890191e-03,2.101715e-02,1.691165e-02,1.882438e-03,3.459693e-02,1.665562e-01,3.457006e-02,4.368876e-01,1.807969e-02,9.850351e-04,2.252642e-02,5.071942e-03
4.863235e-02,1.420177e-01,7.697995e-02,1.122165e-02,2.881033e-02,5.693026e-02,1.905046e-03,6.400790e-02,1.695376e-01,2.690492e-02,3.247137e-01,1.427616e-02,1.032158e-03,2.839579e-02,4.634584e-03
8.010796e-02,1.340910e-01,1.273655e-01,1.369108e-02,3.636438e-02,6.740230e-02,1.645528e-03,6.847493e-02,1.468179e-01,2.275409e-02,2.378023e-01,1.129438e-02,1.073428e-03,4.584509e-02,5.270088e-03
7.997555e-02,1.318289e-01,1.669718e-01,1.502778e-02,4.806791e-02,6.548699e-02,1.522919e-03,1.139284e-01,1.156730e-01,1.853381e-02,1.781054e-01,9.634458e-03,1.416960e-03,4.672926e-02,7.096855e-03
7.435115e-02,1.149577e-01,2.360691e-01,1.619187e-02,4.623768e-02,5.884908e-02,1.615442e-03,1.575191e-01,9.034893e-02,1.822565e-02,1.273589e-01,7.995433e-03,1.344188e-03,3.929659e-02,9.639080e-03
7.102185e-02,8.717930e-02,3.211485e-01,3.923408e-02,4.765965e-02,5.055422e-02,1.540459e-03,1.578098e-01,7.080739e-02,1.551371e-02,9.043112e-02,6.765120e-03,1.190238e-03,2.882875e-02,1.031577e-02
9.998320e-02,7.118266e-02,3.406757e-01,6.988862e-02,4.499364e-02,5.104835e-02,1.848181e-03,1.368452e-01,5.946644e-02,2.189722e-02,6.531983e-02,5.364534e-03,1.075066e-03,2.208149e-02,8.329869e-03
1.006457e-01,5.223594e-02,3.967959e-01,1.093734e-01,3.827451e-02,4.387882e-02,2.917219e-03,1.166558e-01,4.403881e-02,1.952131e-02,4.703723e-02,4.650189e-03,1.025482e-03,1.604145e-02,6.908161e-03
1.298620e-01,3.907950e-02,3.642228e-01,2.017283e-01,3.328664e-02,3.255322e-02,3.064440e-03,9.100029e-02,3.403592e-02,1.488791e-02,3.384330e-02,4.497710e-03,1.036999e-03,1.160512e-02,5.295703e-03
2.032556e-01,3.013465e-02,3.049654e-01,2.403520e-01,3.393366e-02,2.836351e-02,3.598797e-03,6.963998e-02,2.889572e-02,1.266868e-02,2.470567e-02,4.622563e-03,1.116370e-03,9.015504e-03,4.731794e-03
3.408783e-01,2.390897e-02,2.359004e-01,2.171914e-01,3.207104e-02,2.509516e-02,4.074926e-03,5.296965e-02,2.287284e-02,9.420112e-03,1.845005e-02,4.730101e-03,1.311124e-03,6.936008e-03,4.189828e-03
4.907693e-01,1.870387e-02,1.709216e-01,1.742955e-01,2.658981e-02,2.287504e-02,3.911297e-03,3.847745e-02,1.747475e-02,6.892174e-03,1.354127e-02,4.923750e-03,1.559572e-03,5.180007e-03,3.884482e-03
1.000000e+00,0.000000e+00,0.000000e+00,0.000000e+00,0.000000e+00,0.000000e+00,0.000000e+00,0.000000e+00,0.000000e+00,0.000000e+00,0.000000e+00,0.000000e+00,0.000000e+00,0.000000e+00,0.000000e+00
1.000000e+00,0.000000e+00,0.000000e+00,0.000000e+00,0.000000e+00,0.000000e+00,0.000000e+00,0.000000e+00,0.000000e+00,0.000000e+00,0.000000e+00,0.000000e+00,0.000000e+00,0.000000e+00,0.000000e+00
1.000000e+00,0.000000e+00,0.000000e+00,0.000000e+00,0.000000e+00,0.000000e+00,0.000000e+00,0.000000e+00,0.000000e+00,0.000000e+00,0.000000e+00,0.000000e+00,0.000000e+00,0.000000e+00,0.000000e+00
