1.000000e+00,0.000000e+00,0.000000e+00,0.000000e+00,0.000000e+00,0.000000e+00,0.000000e+00,0.000000e+00,0.000000e+00,0.000000e+00,0.000000e+00,0.000000e+00,0.000000e+00,0.000000e+00,0.000000e+00
1.000000e+00,0.000000e+00,0.000000e+00,0.000000e+00,0.000000e+00,0.000000e+00,0.000000e+00,0.000000e+00,0.000000e+00,0.000000e+00,0.000000e+00,0.000000e+00,0.000000e+00,0.000000e+00,0.000000e+00
1.000000e+00,0.000000e+00,0.000000e+00,0.000000e+00,0.000000e+00,0.000000e+00,0.000000e+00,0.000000e+00,0.000000e+00,0.000000e+00,0.000000e+00,0.000000e+00,0.000000e+00,0.000000e+00,0.000000e+00
1.000000e+00,0.000000e+00,0.000000e+00,0.000000e+00,0.000000e+00,0.000000e+00,0.000000e+00,0.000000e+00,0.000000e+00,0.000000e+00,0.000000e+00,0.000000e+00,0.000000e+00,0.000000e+00,0.000000e+00
1.000000e+00,0.000000e+00,0.000000e+00,0.000000e+00,0.000000e+00,0.000000e+00,0.000000e+00,0.000000e+00,0.000000e+00,0.000000e+00,0.000000e+00,0.000000e+00,0.000000e+00,0.000000e+00,0.000000e+00
1.000000e+00,0.000000e+00,0.000000e+00,0.000000e+00,0.000000e+00,0.000000e+00,0.000000e+00,0.000000e+00,0.000000e+00,0.000000e+00,0.000000e+00,0.000000e+00,0.000000e+00,0.000000e+00,0.000000e+00
1.000000e+00,0.000000e+00,0.000000e+00,0.000000e+00,0.000000e+00,0.000000e+00,0.000000e+00,0.000000e+00,0.000000e+00,0.000000e+00,0.000000e+00,0.000000e+00,0.000000e+00,0.000000e+00,0.000000e+00
1.000000e+00,0.000000e+00,0.000000e+00,0.000000e+00,0.000000e+00,0.000000e+00,0.000000e+00,0.000000e+00,0.000000e+00,0.000000e+00,0.000000e+00,0.000000e+00,0.000000e+00,0.000000e+00,0.000000e+00
1.000000e+00,0.000000e+00,0.000000e+00,0.000000e+00,0.000000e+00,0.000000e+00,0.000000e+00,0.000000e+00,0.000000e+00,0.000000e+00,0.000000e+00,0.000000e+00,0.000000e+00,0.000000e+00,0.000000e+00
1.000000e+00,0.000000e+00,0.000000e+00,0.000000e+00,0.000000e+00,0.000000e+00,0.000000e+00,0.000000e+00,0.000000e+00,0.000000e+00,0.000000e+00,0.000000e+00,0.000000e+00,0.000000e+00,0.000000e+00
1.000000e+00,0.000000e+00,0.000000e+00,0.000000e+00,0.000000e+00,0.000000e+00,0.000000e+00,0.000000e+00,0.000000e+00,0.000000e+00,0.000000e+00,0.000000e+00,0.000000e+00,0.000000e+00,0.000000e+00
1.000000e+00,0.000000e+00,0.000000e+00,0.000000e+00,0.000000e+00,0.000000e+00,0.000000e+00,0.000000e+00,0.000000e+00,0.000000e+00,0.000000e+00,0.000000e+00,0.000000e+00,0.000000e+00,0.000000e+00
1.000000e+00,0.000000e+00,0.000000e+00,0.000000e+00,0.000000e+00,0.000000e+00,0.000000e+00,0.000000e+00,0.000000e+00,0.000000e+00,0.000000e+00,0.000000e+00,0.000000e+00,0.000000e+00,0.000000e+00
1.000000e+00,0.000000e+00,0.000000e+00,0.000000e+00,0.000000e+00,0.000000e+00,0.000000e+00,0.000000e+00,0.000000e+00,0.000000e+00,0.000000e+00,0.000000e+00,0.000000e+00,0.000000e+00,0.000000e+00
1.000000e+00,0.000000e+00,0.000000e+00,0.000000e+00,0.000000e+00,0.000000e+00,0.000000e+00,0.000000e+00,0.000000e+00,0.000000e+00,0.000000e+00,0.000000e+00,0.000000e+00,0.000000e+00,0.000000e+00
1.000000e+00,0.000000e+00,0.000000e+00,0.000000e+00,0.000000e+00,0.000000e+00,0.000000e+00,0.000000e+00,0.000000e+00,0.000000e+00,0.000000e+00,0.000000e+00,0.000000e+00,0.000000e+00,0.000000e+00
1.000000e+00,0.000000e+00,0.000000e+00,0.000000e+00,0.000000e+00,0.000000e+00,0.000000e+00,0.000000e+00,0.000000e+00,0.000000e+00,0.000000e+00,0.000000e+00,0.000000e+00,0.000000e+00,0.000000e+00
1.000000e+00,0.000000e+00,0.000000e+00,0.000000e+00,0.000000e+00,0.000000e+00,0.000000e+00,0.000000e+00,0.000000e+00,0.000000e+00,0.000000e+00,0.000000e+00,0.000000e+00,0.000000e+00,0.000000e+00
1.000000e+00,0.000000e+00,0.000000e+00,0.000000e+00,0.000000e+00,0.000000e+00,0.000000e+00,0.000000e+00,0.000000e+00,0.000000e+00,0.000000e+00,0.000000e+00,0.000000e+00,0.000000e+00,0.000000e+00
1.000000e+00,0.000000e+00,0.000000e+00,0.000000e+00,0.000000e+00,0.000000e+00,0.000000e+00,0.000000e+00,0.000000e+00,0.000000e+00,0.000000e+00,0.000000e+00,0.000000e+00,0.000000e+00,0.000000e+00
1.000000e+00,0.000000e+00,0.000000e+00,0.000000e+00,0.000000e+00,0.000000e+00,0.000000e+00,0.000000e+00,0.000000e+00,0.000000e+00,0.000000e+00,0.000000e+00,0.000000e+00,0.000000e+00,0.000000e+00
1.000000e+00,0.000000e+00,0.000000e+00,0.000000e+00,0.000000e+00,0.000000e+00,0.000000e+00,0.000000e+00,0.000000e+00,0.000000e+00,0.000000e+00,0.000000e+00,0.000000e+00,0.000000e+00,0.000000e+00
1.000000e+00,0.000000e+00,0.000000e+00,0.000000e+00,0.000000e+00,0.000000e+00,0.000000e+00,0.000000e+00,0.000000e+00,0.000000e+00,0.000000e+00,0.000000e+00,0.000000e+00,0.000000e+00,0.000000e+00
1.000000e+00,0.000000e+00,0.000000e+00,0.000000e+00,0.000000e+00,0.000000e+00,0.000000e+00,0.000000e+00,0.000000e+00,0.000000e+00,0.000000e+00,0.000000e+00,0.000000e+00,0.000000e+00,0.000000e+00
1.000000e+00,0.000000e+00,0.000000e+00,0.000000e+00,0.000000e+00,0.000000e+00,0.000000e+00,0.000000e+00,0.000000e+00,0.000000e+00,0.000000e+00,0.000000e+00,0.000000e+00,0.000000e+00,0.000000e+00
1.000000e+00,0.000000e+00,0.000000e+00,0.000000e+00,0.000000e+00,0.000000e+00,0.000000e+00,0.000000e+00,0.000000e+00,0.000000e+00,0.000000e+00,0.000000e+00,0.000000e+00,0.000000e+00,0.000000e+00
1.000000e+00,0.000000e+00,0.000000e+00,0.000000e+00,0.000000e+00,0.000000e+00,0.000000e+00,0.000000e+00,0.000000e+00,0.000000e+00,0.000000e+00,0.000000e+00,0.000000e+00,0.000000e+00,0.000000e+00
1.000000e+00,0.000000e+00,0.000000e+00,0.000000e+00,0.000000e+00,0.000000e+00,0.000000e+00,0.000000e+00,0.000000e+00,0.000000e+00,0.000000e+00,0.000000e+00,0.000000e+00,0.000000e+00,0.000000e+00
1.000000e+00,0.000000e+00,0.000000e+00,0.000000e+00,0.000000e+00,0.000000e+00,0.000000e+00,0.000000e+00,0.000000e+00,0.000000e+00,0.000000e+00,0.000000e+00,0.000000e+00,0.000000e+00,0.000000e+00
1.000000e+00,0.000000e+00,0.000000e+00,0.000000e+00,0.000000e+00,0.000000e+00,0.000000e+00,0.000000e+00,0.000000e+00,0.000000e+00,0.000000e+00,0.000000e+00,0.000000e+00,0.000000e+00,0.000000e+00
1.000000e+00,0.000000e+00,0.000000e+00,0.000000e+00,0.000000e+00,0.000000e+00,0.000000e+00,0.000000e+00,0.000000e+00,0.000000e+00,0.000000e+00,0.000000e+00,0.000000e+00,0.000000e+00,0.000000e+00
1.000000e+00,0.000000e+00,0.000000e+00,0.000000e+00,0.000000e+00,0.000000e+00,0.000000e+00,0.000000e+00,0.000000e+00,0.000000e+00,0.000000e+00,0.000000e+00,0.000000e+00,0.000000e+00,0.000000e+00
1.000000e+00,0.000000e+00,0.000000e+00,0.000000e+00,0.000000e+00,0.000000e+00,0.000000e+00,0.000000e+00,0.000000e+00,0.000000e+00,0.000000e+00,0.000000e+00,0.000000e+00,0.000000e+00,0.000000e+00
1.000000e+00,0.000000e+00,0.000000e+00,0.000000e+00,0.000000e+00,0.000000e+00,0.000000e+00,0.000000e+00,0.000000e+00,0.000000e+00,0.000000e+00,0.000000e+00,0.000000e+00,0.000000e+00,0.000000e+00
1.000000e+00,0.000000e+00,0.000000e+00,0.000000e+00,0.000000e+00,0.000000e+00,0.000000e+00,0.000000e+00,0.000000e+00,0.000000e+00,0.000000e+00,0.000000e+00,0.000000e+00,0.000000e+00,0.000000e+00
1.000000e+00,0.000000e+00,0.000000e+00,0.000000e+00,0.000000e+00,0.000000e+00,0.000000e+00,0.000000e+00,0.000000e+00,0.000000e+00,0.000000e+00,0.000000e+00,0.000000e+00,0.000000e+00,0.000000e+00
1.000000e+00,0.000000e+00,0.000000e+00,0.000000e+00,0.000000e+00,0.000000e+00,0.000000e+00,0.000000e+00,0.000000e+00,0.000000e+00,0.000000e+00,0.000000e+00,0.000000e+00,0.000000e+00,0.000000e+00
1.000000e+00,0.000000e+00,0.000000e+00,0.000000e+00,0.000000e+00,0.000000e+00,0.000000e+00,0.000000e+00,0.000000e+00,0.000000e+00,0.000000e+00,0.000000e+00,0.000000e+00,0.000000e+00,0.000000e+00
1.000000e+00,0.000000e+00,0.000000e+00,0.000000e+00,0.000000e+00,0.000000e+00,0.000000e+00,0.000000e+00,0.000000e+00,0.000000e+00,0.000000e+00,0.000000e+00,0.000000e+00,0.000000e+00,0.000000e+00
1.000000e+00,0.000000e+00,0.000000e+00,0.000000e+00,0.000000e+00,0.000000e+00,0.000000e+00,0.000000e+00,0.000000e+00,0.000000e+00,0.000000e+00,0.000000e+00,0.000000e+00,0.000000e+00,0.000000e+00
1.000000e+00,0.000000e+00,0.000000e+00,0.000000e+00,0.000000e+00,0.000000e+00,0.000000e+00,0.000000e+00,0.000000e+00,0.000000e+00,0.000000e+00,0.000000e+00,0.000000e+00,0.000000e+00,0.000000e+00
1.000000e+00,0.000000e+00,0.000000e+00,0.000000e+00,0.000000e+00,0.000000e+00,0.000000e+00,0.000000e+00,0.000000e+00,0.000000e+00,0.000000e+00,0.000000e+00,0.000000e+00,0.000000e+00,0.000000e+00
4.833543e-01,8.576231e-03,3.059698e-02,4.202351e-02,3.310475e-03,1.405324e-02,4.683163e-03,3.430499e-01,4.579282e-03,1.488233e-03,1.035538e-02,2.041589e-02,1.527984e-02,3.704568e-03,1.452902e-02
3.864121e-01,6.295906e-03,2.449633e-02,3.052962e-02,2.598116e-03,1.229187e-02,5.241410e-03,4.786471e-01,3.324866e-03,1.162203e-03,7.581663e-03,1.541599e-02,1.221014e-02,2.826354e-03,1.096637e-02
2.881332e-01,4.518330e-03,1.863250e-02,2.211720e-02,2.109653e-03,9.063501e-03,4.606594e-03,6.123359e-01,2.349457e-03,8.575788e-04,5.409799e-03,1.104196e-02,8.938007e-03,2.072693e-03,7.813602e-03
2.171345e-01,3.281686e-03,1.355500e-02,1.589331e-02,2.096711e-03,6.788298e-03,4.123349e-03,7.091498e-01,1.671670e-03,6.642556e-04,3.875210e-03,7.986140e-03,6.714210e-03,1.498074e-03,5.567725e-03
1.615580e-01,2.409579e-03,9.986376e-03,1.146399e-02,2.151863e-03,5.121339e-03,3.933088e-03,7.828728e-01,1.196724e-03,5.164729e-04,2.779383e-03,5.826258e-03,5.119669e-03,1.088696e-03,3.975744e-03
1.259086e-01,1.835876e-03,7.901293e-03,8.381616e-03,2.826942e-03,3.935948e-03,3.488697e-03,8.292556e-01,8.901198e-04,4.960641e-04,2.113294e-03,4.615573e-03,4.567167e-03,8.380901e-04,2.945172e-03
1.012236e-01,1.401439e-03,6.233545e-03,6.140018e-03,3.198227e-03,3.037625e-03,3.149280e-03,8.622235e-01,6.592823e-04,4.606734e-04,1.587488e-03,3.752154e-03,4.113284e-03,6.379852e-04,2.181967e-03
7.949176e-02,1.022760e-03,4.740271e-03,4.481909e-03,3.237228e-03,2.392835e-03,3.105639e-03,8.912295e-01,4.808919e-04,3.687773e-04,1.164303e-03,2.874910e-03,3.350189e-03,4.725851e-04,1.586493e-03
6.882714e-02,7.589958e-04,3.464314e-03,3.286760e-03,4.215206e-03,1.845043e-03,2.597462e-03,9.070765e-01,3.768177e-04,2.935466e-04,8.718058e-04,2.245093e-03,2.650440e-03,3.436455e-04,1.147302e-03
6.455469e-02,5.842213e-04,2.561897e-03,2.456641e-03,4.900474e-03,1.587256e-03,2.249541e-03,9.139794e-01,3.136082e-04,2.978359e-04,7.073510e-04,2.143770e-03,2.491117e-03,2.699359e-04,9.022879e-04
7.203954e-02,5.125735e-04,1.964989e-03,1.966886e-03,5.916420e-03,1.417990e-03,1.835586e-03,9.071140e-01,2.891415e-04,3.357473e-04,6.456964e-04,2.391753e-03,2.560891e-03,2.368848e-04,7.719693e-04
9.039009e-02,4.790641e-04,1.641080e-03,1.647559e-03,6.174462e-03,1.388478e-03,1.566565e-03,8.894187e-01,2.564538e-04,3.928746e-04,5.864468e-04,2.598857e-03,2.546047e-03,2.147965e-04,6.986225e-04
1.003180e-01,4.608131e-04,1.584782e-03,1.408933e-03,6.175708e-03,1.515173e-03,1.744165e-03,8.792709e-01,2.306848e-04,4.570181e-04,5.514522e-04,2.711273e-03,2.508839e-03,2.270187e-04,8.352042e-04
9.668116e-02,3.761828e-04,1.416010e-03,1.190181e-03,5.278612e-03,1.491559e-03,1.788677e-03,8.851377e-01,1.932362e-04,4.117311e-04,5.026969e-04,2.353266e-03,2.150282e-03,2.061561e-04,8.225042e-04
9.543443e-02,3.154665e-04,1.281757e-03,9.988289e-04,4.663616e-03,1.351405e-03,1.755367e-03,8.884608e-01,1.738695e-04,3.599304e-04,4.765746e-04,1.991708e-03,1.813604e-03,1.812949e-04,7.413355e-04
1.174000e-01,2.846079e-04,1.070376e-03,7.930561e-04,4.145172e-03,1.321455e-03,1.613437e-03,8.679671e-01,1.606222e-04,3.351377e-04,4.574407e-04,1.883549e-03,1.602101e-03,1.874236e-04,7.784163e-04
1.169881e-01,2.502764e-04,8.457686e-04,6.635438e-04,3.540936e-03,1.113401e-03,1.331973e-03,8.708078e-01,1.326498e-04,2.970251e-04,3.684986e-04,1.514629e-03,1.316859e-03,1.540079e-04,6.744660e-04
1.549453e-01,5.024472e-04,8.335831e-04,6.728680e-04,3.921741e-03,1.182229e-03,1.107240e-03,8.296010e-01,3.756177e-04,3.923782e-04,6.517917e-04,2.125603e-03,2.503957e-03,2.750474e-04,9.091358e-04
1.909943e-01,1.762265e-03,1.456836e-03,1.333198e-03,4.834111e-03,1.620777e-03,9.849714e-04,7.859788e-01,1.220009e-03,7.869062e-04,9.092335e-04,2.715669e-03,3.341974e-03,3.279671e-04,1.732944e-03
2.457578e-01,2.078472e-03,1.656233e-03,1.908652e-03,5.160298e-03,2.901399e-03,1.095201e-03,7.256013e-01,1.676686e-03,6.925327e-04,1.275116e-03,3.704296e-03,4.154741e-03,3.809381e-04,1.956283e-03
3.432037e-01,4.541545e-03,2.820001e-03,6.310946e-03,7.625868e-03,8.140456e-03,2.433368e-03,5.936273e-01,2.880688e-03,1.394775e-03,2.852712e-03,1.171740e-02,7.449140e-03,8.501183e-04,4.151994e-03
4.454065e-01,5.241728e-03,3.367737e-03,8.348256e-03,7.926633e-03,1.097372e-02,2.374957e-03,4.770650e-01,5.895187e-03,1.540456e-03,3.147401e-03,1.290064e-02,8.047632e-03,1.158245e-03,6.605866e-03
4.993482e-01,1.055882e-02,4.432580e-03,1.698714e-02,8.022003e-03,1.225589e-02,2.459661e-03,3.540007e-01,3.186487e-02,4.332376e-03,5.159802e-03,1.908141e-02,1.169915e-02,2.078796e-03,1.771867e-02
4.448528e-01,1.258050e-02,4.847422e-03,1.974864e-02,7.769541e-03,1.499348e-02,2.095063e-03,2.518981e-01,1.313761e-01,7.422541e-03,1.195262e-02,2.302525e-02,1.726425e-02,8.418873e-03,4.175480e-02
3.488722e-01,1.943432e-02,5.714751e-03,2.221508e-02,6.094908e-03,1.203199e-02,1.579989e-03,1.776156e-01,2.822418e-01,9.909648e-03,1.167620e-02,2.127986e-02,2.211631e-02,7.969139e-03,5.124822e-02
2.853077e-01,6.762627e-02,4.484621e-03,1.777762e-02,4.771448e-03,9.476947e-03,1.150811e-03,1.248888e-01,2.501137e-01,1.144300e-02,1.118879e-02,1.665444e-02,2.081301e-02,1.197133e-02,1.623316e-01
2.172215e-01,1.338960e-01,5.629509e-03,2.127284e-02,3.572217e-03,6.889835e-03,8.273482e-04,8.791428e-02,3.271241e-01,1.001638e-02,1.166259e-02,1.382187e-02,2.018549e-02,1.219498e-02,1.277711e-01
1.751579e-01,1.446303e-01,7.570046e-03,2.050285e-02,3.178292e-03,5.644677e-03,6.214725e-04,6.238682e-02,2.704912e-01,1.233387e-02,1.239587e-02,1.301972e-02,1.819086e-02,1.308396e-02,2.407922e-01
1.452115e-01,1.549540e-01,8.170277e-03,2.589016e-02,4.019227e-03,5.897928e-03,5.391221e-04,4.493932e-02,2.410668e-01,1.500039e-02,1.168661e-02,9.894824e-03,1.502816e-02,1.484626e-02,3.028555e-01
1.120466e-01,1.619099e-01,1.042982e-02,2.779175e-02,3.628220e-03,4.810223e-03,4.201827e-04,3.238951e-02,2.063117e-01,1.785557e-02,9.513623e-03,7.664810e-03,1.222243e-02,1.219030e-02,3.808154e-01
1.045767e-01,1.641113e-01,9.805792e-03,2.516131e-02,1.352157e-02,6.765960e-03,5.206225e-04,2.422190e-02,3.049064e-01,1.888308e-02,8.173234e-03,5.649176e-03,1.034021e-02,1.049749e-02,2.928651e-01
1.158116e-01,1.635978e-01,9.783046e-03,5.213359e-02,1.701119e-02,8.400800e-03,5.255917e-04,2.031599e-02,3.232790e-01,1.824103e-02,8.085501e-03,4.366622e-03,9.332657e-03,9.265214e-03,2.398504e-01
1.015973e-01,1.225968e-01,8.612367e-03,4.989721e-02,1.807790e-02,1.013570e-02,4.751137e-04,1.487030e-02,2.826731e-01,1.736907e-02,8.151095e-03,3.664191e-03,9.836251e-03,1.226656e-02,3.397770e-01
1.265003e-01,9.535209e-02,1.129332e-02,1.145909e-01,1.623065e-02,9.311586e-03,6.911207e-04,1.452966e-02,2.375599e-01,1.559947e-02,1.046740e-02,4.792370e-03,1.090246e-02,9.606767e-03,3.225721e-01
1.984904e-01,9.617810e-02,9.649423e-03,8.825570e-02,2.366628e-02,1.336983e-02,8.775466e-04,1.536352e-02,2.419339e-01,1.251219e-02,9.869168e-03,5.523605e-03,1.259159e-02,8.760627e-03,2.629582e-01
2.481898e-01,7.811438e-02,1.021054e-02,1.045875e-01,2.470194e-02,2.014899e-02,1.206730e-03,3.421512e-02,2.281168e-01,1.182445e-02,1.025994e-02,6.534601e-03,1.152102e-02,7.069192e-03,2.032991e-01
2.148103e-01,5.779787e-02,7.690931e-03,7.475361e-02,2.179055e-02,1.696620e-02,1.116760e-03,2.243880e-01,2.012466e-01,8.364488e-03,7.737324e-03,5.212739e-03,8.802842e-03,5.320873e-03,1.440010e-01
1.676590e-01,4.164525e-02,5.840341e-03,5.347563e-02,1.713544e-02,1.248257e-02,9.004881e-04,4.259207e-01,1.483990e-01,5.873734e-03,5.612077e-03,3.820564e-03,6.305373e-03,3.819404e-03,1.011104e-01
1.261528e-01,2.944876e-02,4.738296e-03,3.968261e-02,1.265805e-02,9.190043e-03,7.412629e-04,5.827236e-01,1.051983e-01,4.143319e-03,4.214397e-03,2.749627e-03,4.555517e-03,2.797731e-03,7.100575e-02
9.066436e-02,2.074879e-02,3.409197e-03,2.863302e-02,1.001329e-02,6.588696e-03,5.555867e-04,7.017838e-01,7.481886e-02,2.905604e-03,3.040917e-03,1.934675e-03,3.214346e-03,1.970962e-03,4.971797e-02
6.700510e-02,1.455022e-02,2.428246e-03,2.024220e-02,7.143601e-03,4.876956e-03,4.089370e-04,7.863992e-01,5.278713e-02,2.038281e-03,2.199702e-03,1.391173e-03,2.283496e-03,1.424006e-03,3.482177e-02
5.227183e-02,1.023870e-02,1.722527e-03,1.450136e-02,5.431963e-03,3.527371e-03,2.978520e-04,8.432796e-01,3.754804e-02,1.429640e-03,1.627990e-03,1.011251e-03,1.664696e-03,1.058043e-03,2.438921e-02
4.092268e-02,7.218155e-03,1.233546e-03,1.030128e-02,4.055759e-03,2.615669e-03,2.239917e-04,8.847030e-01,2.670582e-02,1.002427e-03,1.194582e-03,7.483358e-04,1.225192e-03,7.635664e-04,1.708608e-02
3.059552e-02,5.124826e-03,9.252906e-04,7.308234e-03,3.083931e-03,2.020483e-03,1.842653e-04,9.158926e-01,1.930198e-02,7.025447e-04,8.705106e-04,5.560759e-04,9.125636e-04,5.436150e-04,1.197770e-02
2.753286e-02,3.678207e-03,7.079914e-04,5.283760e-03,2.309058e-03,1.812958e-03,1.687633e-04,9.327238e-01,1.440240e-02,4.957093e-04,6.758295e-04,5.453410e-04,7.996574e-04,4.103902e-04,8.453409e-03
2.942566e-02,2.735314e-03,7.704273e-04,3.979559e-03,1.877982e-03,1.725427e-03,2.081547e-04,9.395255e-01,1.100703e-02,3.499449e-04,5.563696e-04,7.415477e-04,7.964708e-04,3.052884e-04,5.995282e-03
2.825909e-02,1.970350e-03,6.846829e-04,2.889661e-03,1.551364e-03,1.410297e-03,2.443573e-04,9.483747e-01,8.078645e-03,2.479888e-04,4.345915e-04,7.045130e-04,6.824773e-04,2.214176e-04,4.245902e-03
4.092824e-02,1.854558e-03,1.622439e-03,5.427645e-03,1.560405e-03,2.118717e-03,3.064999e-04,9.285327e-01,6.487479e-03,3.748675e-04,1.011684e-03,2.941416e-03,2.157082e-03,3.251516e-04,4.351077e-03
6.966798e-02,1.541381e-03,1.831869e-03,5.270349e-03,1.506514e-03,3.638510e-03,4.198976e-04,8.947935e-01,9.819379e-03,3.879534e-04,1.115270e-03,3.007584e-03,2.832358e-03,2.974921e-04,3.870029e-03
9.026609e-02,1.179821e-03,1.730042e-03,4.036192e-03,1.241935e-03,3.917193e-03,4.857459e-04,8.787069e-01,8.460208e-03,3.164722e-04,9.407028e-04,2.730962e-03,2.613548e-03,2.583226e-04,3.115845e-03
9.921122e-02,3.847568e-03,1.421785e-02,6.457704e-02,3.479543e-03,5.152147e-03,1.298185e-03,7.419596e-01,4.740836e-02,3.010092e-03,2.037674e-03,5.236628e-03,4.954782e-03,3.422740e-04,3.267050e-03
1.705776e-01,3.518272e-03,1.510834e-02,7.404225e-02,8.472008e-03,8.706503e-03,2.105973e-03,6.516244e-01,4.479770e-02,2.748417e-03,2.194320e-03,4.910163e-03,7.046128e-03,4.356432e-04,3.712229e-03
1.766742e-01,4.459731e-03,1.879170e-02,9.660479e-02,1.454788e-02,8.347442e-03,2.200729e-03,4.815669e-01,1.631703e-01,3.782406e-03,4.173280e-03,1.041572e-02,9.462843e-03,9.681183e-04,4.833924e-03
2.533194e-01,4.994283e-03,1.967604e-02,7.956071e-02,1.739636e-02,8.439474e-03,2.450814e-03,3.639697e-01,1.717495e-01,7.917895e-03,9.165681e-03,2.253528e-02,1.907508e-02,3.465225e-03,1.628448e-02
2.845595e-01,5.144147e-03,2.957857e-02,7.602084e-02,2.257759e-02,8.517098e-03,2.508277e-03,2.970654e-01,1.789787e-01,9.623410e-03,1.084804e-02,2.974965e-02,2.015094e-02,3.815953e-03,2.086187e-02
3.681818e-01,6.193570e-03,2.941095e-02,7.218099e-02,2.058488e-02,1.122850e-02,2.479589e-03,2.193538e-01,1.527685e-01,9.340981e-03,1.212643e-02,4.276126e-02,2.464820e-02,5.228768e-03,2.351172e-02
4.826663e-01,6.402064e-03,2.418491e-02,6.027898e-02,2.093151e-02,1.082159e-02,2.435918e-03,1.665968e-01,1.224882e-01,7.475947e-03,1.112110e-02,3.896199e-02,2.204571e-02,4.486731e-03,1.910221e-02
4.126325e-01,1.146629e-02,2.397437e-02,6.473344e-02,1.589730e-02,9.327873e-03,1.970911e-03,1.200772e-01,2.486695e-01,9.172815e-03,1.009062e-02,3.019300e-02,1.903367e-02,3.834675e-03,1.892593e-02
4.659989e-01,2.048001e-02,2.016556e-02,5.911676e-02,1.465999e-02,1.050602e-02,1.737421e-03,8.688382e-02,2.339004e-01,9.142979e-03,1.061567e-02,2.359360e-02,1.736393e-02,5.712803e-03,2.012211e-02
3.685773e-01,2.387800e-02,1.759915e-02,7.815090e-02,1.087716e-02,8.472632e-03,1.292861e-03,6.175773e-02,3.583134e-01,7.296518e-03,8.832445e-03,1.711686e-02,1.448996e-02,4.505677e-03,1.883947e-02
4.241452e-01,2.974049e-02,1.694758e-02,6.360876e-02,1.362383e-02,1.029138e-02,1.201003e-03,4.544607e-02,3.069303e-01,8.480309e-03,9.682248e-03,1.436272e-02,1.456387e-02,5.847157e-03,3.512917e-02
4.309465e-01,2.884949e-02,1.791703e-02,7.141393e-02,1.740625e-02,1.138819e-02,1.396928e-03,3.983723e-02,2.761732e-01,8.197475e-03,1.196965e-02,1.574923e-02,1.821357e-02,5.099778e-03,4.544156e-02
4.349232e-01,3.057395e-02,1.740772e-02,5.965949e-02,2.395270e-02,1.183022e-02,1.429227e-03,3.280217e-02,2.818888e-01,8.641711e-03,1.322692e-02,1.435971e-02,1.764628e-02,4.830563e-03,4.682736e-02
4.118742e-01,2.735774e-02,2.171320e-02,9.153614e-02,4.372803e-02,1.457630e-02,2.294656e-03,5.361232e-02,2.429062e-01,8.133461e-03,1.259030e-02,1.251945e-02,1.532826e-02,4.013777e-03,3.781607e-02
3.484542e-01,2.366147e-02,5.458816e-02,9.590779e-02,5.119937e-02,1.505992e-02,4.372287e-03,8.032559e-02,2.523285e-01,6.866078e-03,1.100298e-02,9.993771e-03,1.301912e-02,3.254899e-03,2.996589e-02
3.603593e-01,2.569043e-02,6.516121e-02,7.406458e-02,4.313532e-02,1.998859e-02,6.876986e-03,6.201307e-02,2.696776e-01,5.425651e-03,9.462484e-03,1.733728e-02,1.377204e-02,2.853040e-03,2.418247e-02
3.396516e-01,2.551462e-02,6.573241e-02,5.704278e-02,3.732765e-02,2.390121e-02,1.454482e-02,8.092278e-02,2.915422e-01,4.146081e-03,7.712529e-03,1.474877e-02,1.445437e-02,2.286920e-03,2.047116e-02
3.204031e-01,2.644375e-02,5.385038e-02,4.135151e-02,3.869075e-02,1.993476e-02,3.182798e-02,1.257650e-01,2.816086e-01,4.918720e-03,8.277660e-03,1.179706e-02,1.374256e-02,1.728409e-03,1.965974e-02
2.866082e-01,2.076893e-02,4.781358e-02,2.937060e-02,3.020713e-02,1.725755e-02,1.750444e-01,1.048434e-01,2.395430e-01,3.858355e-03,6.445748e-03,1.019942e-02,1.188103e-02,1.361368e-03,1.479728e-02
2.364253e-01,1.775453e-02,3.923144e-02,2.087793e-02,2.312796e-02,1.490202e-02,3.276786e-01,8.517615e-02,1.949040e-01,3.036072e-03,5.072106e-03,8.321471e-03,1.096342e-02,1.056928e-03,1.147212e-02
2.546485e-01,1.713804e-02,3.145084e-02,1.529397e-02,2.060166e-02,1.525266e-02,3.426549e-01,9.085173e-02,1.727910e-01,2.680640e-03,4.475628e-03,9.234536e-03,1.114766e-02,1.001949e-03,1.077631e-02
2.767018e-01,1.780313e-02,2.531988e-02,1.147619e-02,2.211044e-02,1.599157e-02,3.525457e-01,9.052218e-02,1.511427e-01,2.501039e-03,3.700449e-03,7.887708e-03,1.210279e-02,8.975756e-04,9.296776e-03
3.136344e-01,1.541297e-02,1.895386e-02,8.525952e-03,1.895910e-02,1.779504e-02,3.604681e-01,7.989447e-02,1.295405e-01,2.386163e-03,3.318926e-03,9.029588e-03,1.210599e-02,8.660145e-04,9.108998e-03
3.135676e-01,1.333947e-02,1.450517e-02,6.665712e-03,1.534312e-02,1.634786e-02,3.974839e-01,8.362088e-02,1.036256e-01,2.047348e-03,3.035055e-03,8.894468e-03,1.224880e-02,7.018928e-04,8.573280e-03
3.293816e-01,1.294651e-02,1.213916e-02,5.828884e-03,1.322098e-02,1.838709e-02,4.035575e-01,8.190936e-02,8.484031e-02,1.820242e-03,3.147883e-03,9.515525e-03,1.358070e-02,6.386025e-04,9.085698e-03
3.325192e-01,1.212742e-02,1.134749e-02,5.265732e-03,1.181234e-02,1.976639e-02,3.981310e-01,9.887511e-02,7.129873e-02,1.697479e-03,3.436020e-03,9.681673e-03,1.345841e-02,6.576044e-04,9.925419e-03
2.686697e-01,1.039166e-02,8.780644e-03,4.267198e-03,1.015365e-02,1.699594e-02,4.696599e-01,1.210136e-01,5.685711e-02,1.491141e-03,3.130878e-03,8.154631e-03,1.153187e-02,5.093642e-04,8.392753e-03
2.434671e-01,9.910654e-03,6.654696e-03,4.379876e-03,9.732548e-03,2.092393e-02,4.183132e-01,1.842229e-01,4.563350e-02,1.883221e-03,1.144189e-02,1.641799e-02,1.434525e-02,6.850901e-04,1.198824e-02
2.439488e-01,9.249790e-03,5.787538e-03,1.100967e-02,1.012694e-02,2.799596e-02,3.855193e-01,1.858261e-01,3.601128e-02,2.263498e-03,1.925156e-02,2.874780e-02,1.754741e-02,1.074335e-03,1.564012e-02
2.287017e-01,7.866881e-03,4.857082e-03,1.213790e-02,9.423247e-03,2.532538e-02,3.623276e-01,2.286095e-01,2.854704e-02,1.876727e-03,1.868977e-02,3.802137e-02,1.903746e-02,1.080175e-03,1.349816e-02
2.273874e-01,6.813222e-03,5.195328e-03,1.673822e-02,8.885804e-03,2.340337e-02,2.728559e-01,3.028216e-01,2.430580e-02,1.746925e-03,2.082805e-02,5.476869e-02,2.107715e-02,1.243272e-03,1.192917e-02
2.544413e-01,6.246713e-03,5.545238e-03,1.660961e-02,9.589682e-03,2.222115e-02,2.232102e-01,3.221202e-01,2.122582e-02,1.520095e-03,2.070108e-02,5.929624e-02,2.522582e-02,1.362617e-03,1.068415e-02
2.506050e-01,6.731273e-03,6.188742e-03,3.173430e-02,1.231811e-02,4.221959e-02,1.684483e-01,2.425897e-01,3.152821e-02,1.862341e-03,2.209402e-02,1.117082e-01,5.688436e-02,1.694091e-03,1.339370e-02
2.601188e-01,6.449020e-03,7.362767e-03,2.737057e-02,2.186140e-02,3.778018e-02,1.215795e-01,2.484253e-01,3.580618e-02,1.940749e-03,2.112029e-02,1.113689e-01,8.547532e-02,1.503999e-03,1.183705e-02
2.769792e-01,7.721337e-03,1.147225e-02,2.478135e-02,2.952738e-02,3.530747e-02,8.868382e-02,2.173055e-01,3.589444e-02,2.935147e-03,2.256781e-02,1.114638e-01,1.211447e-01,1.646427e-03,1.256930e-02
3.219142e-01,9.621465e-03,1.673465e-02,2.979146e-02,4.354398e-02,3.622879e-02,6.516869e-02,1.659523e-01,4.524925e-02,4.127039e-03,2.210933e-02,1.144711e-01,1.022665e-01,2.706915e-03,2.011444e-02
3.233545e-01,1.198093e-02,2.064047e-02,3.462823e-02,5.941743e-02,3.722893e-02,5.588084e-02,1.367728e-01,6.566023e-02,3.593222e-03,2.324913e-02,1.130531e-01,8.789840e-02,2.381489e-03,2.426027e-02
3.471409e-01,2.385908e-02,2.076638e-02,6.931893e-02,5.956168e-02,3.704406e-02,4.673643e-02,1.036786e-01,6.303565e-02,3.327941e-03,2.129229e-02,1.071983e-01,7.075081e-02,2.581302e-03,2.370760e-02
3.174886e-01,2.528055e-02,2.263821e-02,1.008462e-01,1.105076e-01,3.640461e-02,4.074731e-02,1.186185e-01,5.176728e-02,2.555890e-03,1.685633e-02,8.237797e-02,5.407070e-02,2.198142e-03,1.764219e-02
3.371903e-01,2.049679e-02,2.471402e-02,8.193699e-02,1.285456e-01,4.845941e-02,6.760973e-02,1.068909e-01,4.024900e-02,2.238061e-03,1.334753e-02,6.153835e-02,5.040655e-02,2.043487e-03,1.433327e-02
2.544528e-01,1.511896e-02,2.010050e-02,5.786464e-02,1.033960e-01,3.745599e-02,2.807445e-01,9.528729e-02,2.881583e-02,1.920015e-03,9.530136e-03,4.346275e-02,3.955133e-02,1.562534e-03,1.073675e-02
1.949038e-01,1.136628e-02,1.603672e-02,4.141330e-02,8.322400e-02,3.178372e-02,4.303286e-01,9.033521e-02,2.088818e-02,1.568984e-03,6.943015e-03,3.125906e-02,3.057889e-02,1.144366e-03,8.225955e-03
2.150081e-01,9.402313e-03,1.263424e-02,3.255628e-02,7.833117e-02,5.843738e-02,4.296728e-01,6.772213e-02,1.788874e-02,2.411860e-03,6.269443e-03,2.737861e-02,3.386190e-02,9.014973e-04,7.523566e-03
1.738846e-01,7.117358e-03,9.140704e-03,2.468004e-02,6.782508e-02,4.602802e-02,5.470819e-01,4.896025e-02,1.361607e-02,3.123997e-03,5.019111e-03,2.022948e-02,2.550153e-02,7.485946e-04,7.043250e-03
1.448691e-01,5.712030e-03,6.596458e-03,1.942861e-02,5.301986e-02,4.026611e-02,6.241772e-01,3.506163e-02,1.051578e-02,4.752628e-03,5.357965e-03,1.869151e-02,2.201508e-02,8.921074e-04,8.643957e-03
1.359865e-01,4.544647e-03,4.698346e-03,1.566075e-02,4.740602e-02,3.430356e-02,6.747971e-01,2.585403e-02,8.210319e-03,3.612118e-03,4.150847e-03,1.504170e-02,1.767500e-02,7.690142e-04,7.290176e-03
1.435335e-01,3.846007e-03,3.461297e-03,1.322381e-02,4.598862e-02,4.643253e-02,6.742164e-01,1.946381e-02,6.247167e-03,2.786465e-03,3.483040e-03,1.301930e-02,1.717894e-02,7.232535e-04,6.395969e-03
1.849478e-01,3.939701e-03,2.918432e-03,1.171137e-02,3.863038e-02,7.216890e-02,6.195875e-01,1.627925e-02,5.016476e-03,2.538255e-03,3.419122e-03,1.276570e-02,1.713167e-02,8.993284e-04,8.046191e-03
2.307924e-01,4.594881e-03,2.979386e-03,1.213751e-02,3.207029e-02,7.776265e-02,5.677798e-01,2.454226e-02,4.852148e-03,2.487021e-03,2.825998e-03,1.186230e-02,1.504991e-02,9.242056e-04,9.339284e-03
2.726357e-01,4.537379e-03,2.715247e-03,1.080878e-02,2.730020e-02,6.836345e-02,5.356508e-01,3.669881e-02,4.517855e-03,2.232875e-03,2.269834e-03,9.992648e-03,1.278594e-02,8.436607e-04,8.646757e-03
4.011723e-01,4.477097e-03,3.122532e-03,9.529269e-03,2.573177e-02,7.085399e-02,4.056049e-01,3.992847e-02,4.194158e-03,2.079648e-03,2.208214e-03,9.568915e-03,1.139251e-02,8.582924e-04,9.277884e-03
1.000000e+00,0.000000e+00,0.000000e+00,0.000000e+00,0.000000e+00,0.000000e+00,0.000000e+00,0.000000e+00,0.000000e+00,0.000000e+00,0.000000e+00,0.000000e+00,0.000000e+00,0.000000e+00,0.000000e+00
1.000000e+00,0.000000e+00,0.000000e+00,0.000000e+00,0.000000e+00,0.000000e+00,0.000000e+00,0.000000e+00,0.000000e+00,0.000000e+00,0.000000e+00,0.000000e+00,0.000000e+00,0.000000e+00,0.000000e+00
4.783570e-01,1.558358e-02,7.887885e-03,2.729548e-02,1.673000e-02,1.159367e-01,1.537003e-01,1.911242e-02,5.475697e-03,5.757567e-03,6.416269e-02,4.832897e-02,1.004044e-02,3.883528e-03,2.774771e-02
3.847443e-01,1.443711e-02,6.983137e-03,2.214644e-02,1.218277e-02,1.542974e-01,1.079998e-01,1.360722e-02,5.458907e-03,4.421174e-03,1.813326e-01,5.758848e-02,7.862909e-03,4.748866e-03,2.218874e-02
3.163409e-01,1.357964e-02,8.283026e-03,2.076408e-02,9.349569e-03,1.196772e-01,7.591055e-02,9.877402e-03,5.476628e-03,3.705726e-03,3.150154e-01,7.125521e-02,5.964778e-03,5.093055e-03,1.970681e-02
2.846142e-01,1.883944e-02,1.340901e-02,2.421417e-02,8.632312e-03,9.167414e-02,5.402202e-02,8.565919e-03,1.445008e-02,3.133375e-03,3.580188e-01,9.067471e-02,4.856561e-03,5.295602e-03,1.959960e-02
2.977068e-01,3.020512e-02,2.165572e-02,2.796530e-02,1.135228e-02,7.236613e-02,3.970790e-02,1.230413e-02,4.772744e-02,2.791886e-03,3.199407e-01,8.591187e-02,4.200874e-03,5.442054e-03,2.072168e-02
2.656070e-01,3.640650e-02,2.005290e-02,3.924219e-02,1.446117e-02,6.356922e-02,2.856999e-02,1.209193e-02,8.439780e-02,3.856254e-03,3.137101e-01,8.148114e-02,4.357531e-03,5.674961e-03,2.652130e-02
2.327090e-01,3.732239e-02,1.798540e-02,4.758025e-02,1.643135e-02,5.271801e-02,2.086594e-02,1.359562e-02,1.349731e-01,4.144590e-03,2.892701e-01,9.759309e-02,4.747977e-03,6.482845e-03,2.358033e-02
1.847888e-01,3.307742e-02,1.493246e-02,5.164941e-02,1.377278e-02,4.277809e-02,1.491690e-02,2.004657e-02,1.179114e-01,3.479489e-03,3.899387e-01,8.202171e-02,5.997292e-03,7.098745e-03,1.759019e-02
1.591448e-01,2.821060e-02,1.455858e-02,4.713162e-02,1.211090e-02,4.041617e-02,1.075213e-02,1.815854e-02,9.850709e-02,3.160649e-03,4.673222e-01,7.032008e-02,7.076626e-03,9.381169e-03,1.374888e-02
1.853237e-01,3.610146e-02,2.756092e-02,4.977535e-02,1.186060e-02,4.648030e-02,7.839968e-03,1.673001e-02,8.121012e-02,5.127214e-03,4.338889e-01,5.920912e-02,9.501019e-03,1.378973e-02,1.560150e-02
2.104690e-01,2.973250e-02,3.598429e-02,7.914431e-02,1.044162e-02,3.881535e-02,6.048833e-03,1.693780e-02,6.534783e-02,4.617636e-03,4.128782e-01,5.359654e-02,9.531626e-03,1.180672e-02,1.464779e-02
2.392365e-01,2.773935e-02,3.656884e-02,9.764393e-02,9.946128e-03,3.367640e-02,4.854412e-03,1.639098e-02,6.273608e-02,5.214313e-03,3.618948e-01,6.129921e-02,1.106415e-02,1.525948e-02,1.647539e-02
3.099187e-01,2.610506e-02,3.769888e-02,1.049089e-01,8.776647e-03,2.940937e-02,4.330032e-03,1.748054e-02,5.196842e-02,4.857803e-03,2.950398e-01,6.399852e-02,1.207412e-02,1.498808e-02,1.844515e-02
3.470992e-01,2.466977e-02,3.192808e-02,9.454027e-02,8.258075e-03,3.231733e-02,3.547308e-03,1.429381e-02,4.622502e-02,4.880715e-03,2.715304e-01,7.598988e-02,1.182752e-02,1.328178e-02,1.961091e-02
3.927980e-01,2.292987e-02,2.418581e-02,7.789975e-02,8.421907e-03,3.202853e-02,3.025613e-03,1.213098e-02,4.939345e-02,4.686403e-03,2.360526e-01,8.855545e-02,1.847962e-02,1.109261e-02,1.831947e-02
3.680732e-01,3.203745e-02,2.158928e-02,6.562062e-02,2.939912e-02,2.855333e-02,3.656515e-03,1.989648e-02,6.541439e-02,1.689602e-02,1.999617e-01,8.867110e-02,2.470857e-02,1.256179e-02,2.296047e-02
3.234218e-01,3.986028e-02,1.885499e-02,5.476014e-02,5.811437e-02,2.656927e-02,3.950839e-03,4.278779e-02,8.997163e-02,3.687220e-02,1.652724e-01,7.768977e-02,2.724520e-02,1.484029e-02,1.978902e-02
3.223940e-01,3.602668e-02,1.992555e-02,6.082235e-02,7.282887e-02,2.276695e-02,4.815384e-03,8.240481e-02,8.619598e-02,2.815259e-02,1.428068e-01,6.875471e-02,2.349123e-02,1.274552e-02,1.586868e-02
2.838987e-01,2.999831e-02,1.688120e-02,5.936412e-02,1.326791e-01,1.871943e-02,5.530768e-03,8.633681e-02,9.933857e-02,3.091054e-02,1.273244e-01,6.204091e-02,2.336779e-02,1.129364e-02,1.231573e-02
2.418153e-01,2.256345e-02,1.574563e-02,1.063799e-01,1.839644e-01,1.615726e-02,5.827956e-03,1.117187e-01,8.454373e-02,2.233325e-02,9.992363e-02,5.144090e-02,1.952396e-02,8.769627e-03,9.292329e-03
2.881966e-01,2.538984e-02,1.890446e-02,9.536605e-02,1.917978e-01,1.521275e-02,4.447049e-03,1.009349e-01,8.063847e-02,1.900688e-02,8.471502e-02,3.991443e-02,1.491300e-02,1.253533e-02,8.027495e-03
3.056092e-01,3.444252e-02,1.475509e-02,7.582981e-02,1.943786e-01,1.939125e-02,3.410213e-03,7.789263e-02,1.207610e-01,1.667118e-02,7.160991e-02,3.125872e-02,1.166240e-02,1.554930e-02,6.778248e-03
3.792687e-01,2.940862e-02,1.232663e-02,6.274175e-02,1.601690e-01,3.735830e-02,5.512696e-03,8.036719e-02,1.036275e-01,1.286050e-02,5.821927e-02,2.616267e-02,1.336001e-02,1.260513e-02,6.012030e-03
4.454362e-01,2.701478e-02,1.265937e-02,5.479416e-02,1.292957e-01,4.313660e-02,5.375139e-03,6.573527e-02,9.378560e-02,1.145119e-02,5.281021e-02,2.622434e-02,1.373725e-02,1.173075e-02,6.813332e-03
1.000000e+00,0.000000e+00,0.000000e+00,0.000000e+00,0.000000e+00,0.000000e+00,0.000000e+00,0.000000e+00,0.000000e+00,0.000000e+00,0.000000e+00,0.000000e+00,0.000000e+00,0.000000e+00,0.000000e+00
4.448543e-01,1.818904e-02,1.110946e-02,3.863377e-02,6.774078e-02,2.303057e-01,4.903574e-03,3.614006e-02,5.555291e-02,6.456823e-03,2.914107e-02,1.656513e-02,2.545710e-02,7.045688e-03,7.904552e-03
4.227434e-01,2.023290e-02,2.024123e-02,4.991778e-02,4.886661e-02,2.536935e-01,4.923755e-03,2.804698e-02,5.009615e-02,6.265065e-03,2.374588e-02,1.701972e-02,2.814380e-02,8.695479e-03,1.736776e-02
1.000000e+00,0.000000e+00,0.000000e+00,0.000000e+00,0.000000e+00,0.000000e+00,0.000000e+00,0.000000e+00,0.000000e+00,0.000000e+00,0.000000e+00,0.000000e+00,0.000000e+00,0.000000e+00,0.000000e+00
1.000000e+00,0.000000e+00,0.000000e+00,0.000000e+00,0.000000e+00,0.000000e+00,0.000000e+00,0.000000e+00,0.000000e+00,0.000000e+00,0.000000e+00,0.000000e+00,0.000000e+00,0.000000e+00,0.000000e+00
1.000000e+00,0.000000e+00,0.000000e+00,0.000000e+00,0.000000e+00,0.000000e+00,0.000000e+00,0.000000e+00,0.000000e+00,0.000000e+00,0.000000e+00,0.000000e+00,0.000000e+00,0.000000e+00,0.000000e+00
1.000000e+00,0.000000e+00,0.000000e+00,0.000000e+00,0.000000e+00,0.000000e+00,0.000000e+00,0.000000e+00,0.000000e+00,0.000000e+00,0.000000e+00,0.000000e+00,0.000000e+00,0.000000e+00,0.000000e+00
1.000000e+00,0.000000e+00,0.000000e+00,0.000000e+00,0.000000e+00,0.000000e+00,0.000000e+00,0.000000e+00,0.000000e+00,0.000000e+00,0.000000e+00,0.000000e+00,0.000000e+00,0.000000e+00,0.000000e+00
1.000000e+00,0.000000e+00,0.000000e+00,0.000000e+00,0.000000e+00,0.000000e+00,0.000000e+00,0.000000e+00,0.000000e+00,0.000000e+00,0.000000e+00,0.000000e+00,0.000000e+00,0.000000e+00,0.000000e+00
1.000000e+00,0.000000e+00,0.000000e+00,0.000000e+00,0.000000e+00,0.000000e+00,0.000000e+00,0.000000e+00,0.000000e+00,0.000000e+00,0.000000e+00,0.000000e+00,0.000000e+00,0.000000e+00,0.000000e+00
1.000000e+00,0.000000e+00,0.000000e+00,0.000000e+00,0.000000e+00,0.000000e+00,0.000000e+00,0.000000e+00,0.000000e+00,0.000000e+00,0.000000e+00,0.000000e+00,0.000000e+00,0.000000e+00,0.000000e+00
1.000000e+00,0.000000e+00,0.000000e+00,0.000000e+00,0.000000e+00,0.000000e+00,0.000000e+00,0.000000e+00,0.000000e+00,0.000000e+00,0.000000e+00,0.000000e+00,0.000000e+00,0.000000e+00,0.000000e+00
1.000000e+00,0.000000e+00,0.000000e+00,0.000000e+00,0.000000e+00,0.000000e+00,0.000000e+00,0.000000e+00,0.000000e+00,0.000000e+00,0.000000e+00,0.000000e+00,0.000000e+00,0.000000e+00,0.000000e+00
1.000000e+00,0.000000e+00,0.000000e+00,0.000000e+00,0.000000e+00,0.000000e+00,0.000000e+00,0.000000e+00,0.000000e+00,0.000000e+00,0.000000e+00,0.000000e+00,0.000000e+00,0.000000e+00,0.000000e+00
1.000000e+00,0.000000e+00,0.000000e+00,0.000000e+00,0.000000e+00,0.000000e+00,0.000000e+00,0.000000e+00,0.000000e+00,0.000000e+00,0.000000e+00,0.000000e+00,0.000000e+00,0.000000e+00,0.000000e+00
1.000000e+00,0.000000e+00,0.000000e+00,0.000000e+00,0.000000e+00,0.000000e+00,0.000000e+00,0.000000e+00,0.000000e+00,0.000000e+00,0.000000e+00,0.000000e+00,0.000000e+00,0.000000e+00,0.000000e+00
1.000000e+00,0.000000e+00,0.000000e+00,0.000000e+00,0.000000e+00,0.000000e+00,0.000000e+00,0.000000e+00,0.000000e+00,0.000000e+00,0.000000e+00,0.000000e+00,0.000000e+00,0.000000e+00,0.000000e+00
4.090152e-01,2.006320e-02,8.030511e-03,3.319978e-02,9.945199e-03,1.989686e-02,2.821997e-03,6.472153e-03,2.675367e-01,3.238200e-02,2.853142e-02,2.232124e-02,1.735962e-02,2.511567e-02,9.730845e-02
3.087956e-01,2.717956e-02,6.014642e-03,3.222571e-02,7.933402e-03,1.613629e-02,2.210232e-03,5.617399e-03,4.068803e-01,2.546001e-02,2.872567e-02,2.097777e-02,1.634674e-02,1.933776e-02,7.615886e-02
2.878117e-01,2.697163e-02,4.903964e-03,3.607480e-02,9.159866e-03,2.323342e-02,2.418684e-03,5.344579e-03,4.261208e-01,2.152300e-02,3.051783e-02,2.341582e-02,2.002412e-02,1.510482e-02,6.737511e-02
2.650983e-01,2.445295e-02,3.716227e-03,3.304843e-02,8.594744e-03,2.242296e-02,1.973286e-03,4.160999e-03,4.669531e-01,1.691971e-02,2.912753e-02,2.016737e-02,2.407543e-02,1.370134e-02,6.558771e-02
2.862695e-01,3.154436e-02,2.803175e-03,3.242430e-02,7.130706e-03,2.253373e-02,1.595088e-03,3.328339e-03,4.459204e-01,1.299180e-02,2.979388e-02,1.808955e-02,2.706638e-02,1.863674e-02,5.987197e-02
2.323094e-01,3.142834e-02,2.288587e-03,3.274523e-02,5.384458e-03,1.890085e-02,1.210298e-03,2.773475e-03,5.209415e-01,9.545303e-03,2.490578e-02,1.697247e-02,2.501695e-02,2.051865e-02,5.505866e-02
2.113499e-01,3.400182e-02,1.917186e-03,3.472368e-02,6.584893e-03,1.762241e-02,9.991225e-04,2.455656e-03,5.180621e-01,7.929796e-03,2.107823e-02,1.737579e-02,3.555455e-02,2.653676e-02,6.380813e-02
2.148605e-01,3.165144e-02,2.118195e-03,3.668157e-02,2.343166e-02,2.029266e-02,1.828082e-03,2.548944e-03,4.950983e-01,6.398700e-03,1.955455e-02,2.039832e-02,3.558933e-02,2.108446e-02,6.846330e-02
1.941704e-01,2.954192e-02,5.089636e-03,7.826117e-02,3.551992e-02,5.151151e-02,1.041763e-02,6.895608e-03,4.325826e-01,5.605647e-03,1.566830e-02,1.930642e-02,3.379541e-02,1.582264e-02,6.581117e-02
1.931648e-01,3.109252e-02,1.246418e-02,1.148063e-01,3.905225e-02,5.051199e-02,9.363315e-03,1.142656e-02,3.816628e-01,6.430749e-03,1.209526e-02,1.522148e-02,3.398162e-02,1.151685e-02,7.720926e-02
1.964593e-01,5.034135e-02,1.683705e-02,1.039119e-01,4.256060e-02,5.864405e-02,9.160803e-03,1.330858e-02,3.470467e-01,8.758387e-03,9.185051e-03,1.185607e-02,3.518878e-02,8.602384e-03,8.813887e-02
2.359705e-01,5.126123e-02,1.543471e-02,1.179379e-01,3.758539e-02,4.738148e-02,7.451512e-03,1.130890e-02,2.916970e-01,1.009130e-02,7.919772e-03,1.267300e-02,4.116549e-02,6.653571e-03,1.054682e-01
2.997822e-01,4.398146e-02,1.270427e-02,9.843516e-02,4.447507e-02,5.469435e-02,7.587831e-03,1.682034e-02,2.590213e-01,8.269459e-03,7.258409e-03,1.552530e-02,3.647768e-02,5.506899e-03,8.946031e-02
3.481898e-01,4.633384e-02,1.373075e-02,8.919461e-02,3.837989e-02,4.786994e-02,1.050522e-02,2.282051e-02,2.288972e-01,7.825983e-03,8.191847e-03,1.525690e-02,4.048477e-02,4.831563e-03,7.748721e-02
3.254968e-01,4.910092e-02,1.491766e-02,6.645270e-02,4.626770e-02,4.473383e-02,1.398431e-02,5.369099e-02,2.689050e-01,6.291508e-03,6.624009e-03,1.210793e-02,3.033411e-02,3.935521e-03,5.715703e-02
2.817454e-01,4.356358e-02,2.243369e-02,5.007783e-02,5.577165e-02,7.264467e-02,7.162892e-02,4.818109e-02,2.357564e-01,2.062349e-02,5.747992e-03,9.223741e-03,3.107088e-02,3.279886e-03,4.825082e-02
2.016812e-01,3.106309e-02,1.762097e-02,3.531070e-02,4.610195e-02,5.917576e-02,3.025075e-01,4.715785e-02,1.664962e-01,1.555293e-02,4.615031e-03,6.548560e-03,2.758017e-02,2.515231e-03,3.607291e-02
1.451344e-01,2.203002e-02,1.492694e-02,2.494222e-02,3.782796e-02,4.666542e-02,4.568454e-01,5.864599e-02,1.171679e-01,1.166277e-02,4.105667e-03,4.762217e-03,2.624188e-02,1.901205e-03,2.713999e-02
