1.000000e+00,0.000000e+00,0.000000e+00,0.000000e+00,0.000000e+00,0.000000e+00,0.000000e+00,0.000000e+00,0.000000e+00,0.000000e+00,0.000000e+00,0.000000e+00,0.000000e+00,0.000000e+00,0.000000e+00
1.000000e+00,0.000000e+00,0.000000e+00,0.000000e+00,0.000000e+00,0.000000e+00,0.000000e+00,0.000000e+00,0.000000e+00,0.000000e+00,0.000000e+00,0.000000e+00,0.000000e+00,0.000000e+00,0.000000e+00
1.000000e+00,0.000000e+00,0.000000e+00,0.000000e+00,0.000000e+00,0.000000e+00,0.000000e+00,0.000000e+00,0.000000e+00,0.000000e+00,0.000000e+00,0.000000e+00,0.000000e+00,0.000000e+00,0.000000e+00
1.000000e+00,0.000000e+00,0.000000e+00,0.000000e+00,0.000000e+00,0.000000e+00,0.000000e+00,0.000000e+00,0.000000e+00,0.000000e+00,0.000000e+00,0.000000e+00,0.000000e+00,0.000000e+00,0.000000e+00
1.000000e+00,0.000000e+00,0.000000e+00,0.000000e+00,0.000000e+00,0.000000e+00,0.000000e+00,0.000000e+00,0.000000e+00,0.000000e+00,0.000000e+00,0.000000e+00,0.000000e+00,0.000000e+00,0.000000e+00
1.000000e+00,0.000000e+00,0.000000e+00,0.000000e+00,0.000000e+00,0.000000e+00,0.000000e+00,0.000000e+00,0.000000e+00,0.000000e+00,0.000000e+00,0.000000e+00,0.000000e+00,0.000000e+00,0.000000e+00
1.000000e+00,0.000000e+00,0.000000e+00,0.000000e+00,0.000000e+00,0.000000e+00,0.000000e+00,0.000000e+00,0.000000e+00,0.000000e+00,0.000000e+00,0.000000e+00,0.000000e+00,0.000000e+00,0.000000e+00
1.000000e+00,0.000000e+00,0.000000e+00,0.000000e+00,0.000000e+00,0.000000e+00,0.000000e+00,0.000000e+00,0.000000e+00,0.000000e+00,0.000000e+00,0.000000e+00,0.000000e+00,0.000000e+00,0.000000e+00
1.000000e+00,0.000000e+00,0.000000e+00,0.000000e+00,0.000000e+00,0.000000e+00,0.000000e+00,0.000000e+00,0.000000e+00,0.000000e+00,0.000000e+00,0.000000e+00,0.000000e+00,0.000000e+00,0.000000e+00
1.000000e+00,0.000000e+00,0.000000e+00,0.000000e+00,0.000000e+00,0.000000e+00,0.000000e+00,0.000000e+00,0.000000e+00,0.000000e+00,0.000000e+00,0.000000e+00,0.000000e+00,0.000000e+00,0.000000e+00
1.000000e+00,0.000000e+00,0.000000e+00,0.000000e+00,0.000000e+00,0.000000e+00,0.000000e+00,0.000000e+00,0.000000e+00,0.000000e+00,0.000000e+00,0.000000e+00,0.000000e+00,0.000000e+00,0.000000e+00
1.000000e+00,0.000000e+00,0.000000e+00,0.000000e+00,0.000000e+00,0.000000e+00,0.000000e+00,0.000000e+00,0.000000e+00,0.000000e+00,0.000000e+00,0.000000e+00,0.000000e+00,0.000000e+00,0.000000e+00
1.000000e+00,0.000000e+00,0.000000e+00,0.000000e+00,0.000000e+00,0.000000e+00,0.000000e+00,0.000000e+00,0.000000e+00,0.000000e+00,0.000000e+00,0.000000e+00,0.000000e+00,0.000000e+00,0.000000e+00
1.000000e+00,0.000000e+00,0.000000e+00,0.000000e+00,0.000000e+00,0.000000e+00,0.000000e+00,0.000000e+00,0.000000e+00,0.000000e+00,0.000000e+00,0.000000e+00,0.000000e+00,0.000000e+00,0.000000e+00
1.000000e+00,0.000000e+00,0.000000e+00,0.000000e+00,0.000000e+00,0.000000e+00,0.000000e+00,0.000000e+00,0.000000e+00,0.000000e+00,0.000000e+00,0.000000e+00,0.000000e+00,0.000000e+00,0.000000e+00
1.000000e+00,0.000000e+00,0.000000e+00,0.000000e+00,0.000000e+00,0.000000e+00,0.000000e+00,0.000000e+00,0.000000e+00,0.000000e+00,0.000000e+00,0.000000e+00,0.000000e+00,0.000000e+00,0.000000e+00
1.000000e+00,0.000000e+00,0.000000e+00,0.000000e+00,0.000000e+00,0.000000e+00,0.000000e+00,0.000000e+00,0.000000e+00,0.000000e+00,0.000000e+00,0.000000e+00,0.000000e+00,0.000000e+00,0.000000e+00
1.000000e+00,0.000000e+00,0.000000e+00,0.000000e+00,0.000000e+00,0.000000e+00,0.000000e+00,0.000000e+00,0.000000e+00,0.000000e+00,0.000000e+00,0.000000e+00,0.000000e+00,0.000000e+00,0.000000e+00
1.000000e+00,0.000000e+00,0.000000e+00,0.000000e+00,0.000000e+00,0.000000e+00,0.000000e+00,0.000000e+00,0.000000e+00,0.000000e+00,0.000000e+00,0.000000e+00,0.000000e+00,0.000000e+00,0.000000e+00
1.000000e+00,0.000000e+00,0.000000e+00,0.000000e+00,0.000000e+00,0.000000e+00,0.000000e+00,0.000000e+00,0.000000e+00,0.000000e+00,0.000000e+00,0.000000e+00,0.000000e+00,0.000000e+00,0.000000e+00
1.000000e+00,0.000000e+00,0.000000e+00,0.000000e+00,0.000000e+00,0.000000e+00,0.000000e+00,0.000000e+00,0.000000e+00,0.000000e+00,0.000000e+00,0.000000e+00,0.000000e+00,0.000000e+00,0.000000e+00
1.000000e+00,0.000000e+00,0.000000e+00,0.000000e+00,0.000000e+00,0.000000e+00,0.000000e+00,0.000000e+00,0.000000e+00,0.000000e+00,0.000000e+00,0.000000e+00,0.000000e+00,0.000000e+00,0.000000e+00
1.000000e+00,0.000000e+00,0.000000e+00,0.000000e+00,0.000000e+00,0.000000e+00,0.000000e+00,0.000000e+00,0.000000e+00,0.000000e+00,0.000000e+00,0.000000e+00,0.000000e+00,0.000000e+00,0.000000e+00
1.000000e+00,0.000000e+00,0.000000e+00,0.000000e+00,0.000000e+00,0.000000e+00,0.000000e+00,0.000000e+00,0.000000e+00,0.000000e+00,0.000000e+00,0.000000e+00,0.000000e+00,0.000000e+00,0.000000e+00
1.000000e+00,0.000000e+00,0.000000e+00,0.000000e+00,0.000000e+00,0.000000e+00,0.000000e+00,0.000000e+00,0.000000e+00,0.000000e+00,0.000000e+00,0.000000e+00,0.000000e+00,0.000000e+00,0.000000e+00
1.000000e+00,0.000000e+00,0.000000e+00,0.000000e+00,0.000000e+00,0.000000e+00,0.000000e+00,0.000000e+00,0.000000e+00,0.000000e+00,0.000000e+00,0.000000e+00,0.000000e+00,0.000000e+00,0.000000e+00
1.000000e+00,0.000000e+00,0.000000e+00,0.000000e+00,0.000000e+00,0.000000e+00,0.000000e+00,0.000000e+00,0.000000e+00,0.000000e+00,0.000000e+00,0.000000e+00,0.000000e+00,0.000000e+00,0.000000e+00
1.000000e+00,0.000000e+00,0.000000e+00,0.000000e+00,0.000000e+00,0.000000e+00,0.000000e+00,0.000000e+00,0.000000e+00,0.000000e+00,0.000000e+00,0.000000e+00,0.000000e+00,0.000000e+00,0.000000e+00
1.000000e+00,0.000000e+00,0.000000e+00,0.000000e+00,0.000000e+00,0.000000e+00,0.000000e+00,0.000000e+00,0.000000e+00,0.000000e+00,0.000000e+00,0.000000e+00,0.000000e+00,0.000000e+00,0.000000e+00
1.000000e+00,0.000000e+00,0.000000e+00,0.000000e+00,0.000000e+00,0.000000e+00,0.000000e+00,0.000000e+00,0.000000e+00,0.000000e+00,0.000000e+00,0.000000e+00,0.000000e+00,0.000000e+00,0.000000e+00
1.000000e+00,0.000000e+00,0.000000e+00,0.000000e+00,0.000000e+00,0.000000e+00,0.000000e+00,0.000000e+00,0.000000e+00,0.000000e+00,0.000000e+00,0.000000e+00,0.000000e+00,0.000000e+00,0.000000e+00
1.000000e+00,0.000000e+00,0.000000e+00,0.000000e+00,0.000000e+00,0.000000e+00,0.000000e+00,0.000000e+00,0.000000e+00,0.000000e+00,0.000000e+00,0.000000e+00,0.000000e+00,0.000000e+00,0.000000e+00
1.000000e+00,0.000000e+00,0.000000e+00,0.000000e+00,0.000000e+00,0.000000e+00,0.000000e+00,0.000000e+00,0.000000e+00,0.000000e+00,0.000000e+00,0.000000e+00,0.000000e+00,0.000000e+00,0.000000e+00
1.000000e+00,0.000000e+00,0.000000e+00,0.000000e+00,0.000000e+00,0.000000e+00,0.000000e+00,0.000000e+00,0.000000e+00,0.000000e+00,0.000000e+00,0.000000e+00,0.000000e+00,0.000000e+00,0.000000e+00
1.000000e+00,0.000000e+00,0.000000e+00,0.000000e+00,0.000000e+00,0.000000e+00,0.000000e+00,0.000000e+00,0.000000e+00,0.000000e+00,0.000000e+00,0.000000e+00,0.000000e+00,0.000000e+00,0.000000e+00
1.000000e+00,0.000000e+00,0.000000e+00,0.000000e+00,0.000000e+00,0.000000e+00,0.000000e+00,0.000000e+00,0.000000e+00,0.000000e+00,0.000000e+00,0.000000e+00,0.000000e+00,0.000000e+00,0.000000e+00
1.000000e+00,0.000000e+00,0.000000e+00,0.000000e+00,0.000000e+00,0.000000e+00,0.000000e+00,0.000000e+00,0.000000e+00,0.000000e+00,0.000000e+00,0.000000e+00,0.000000e+00,0.000000e+00,0.000000e+00
1.000000e+00,0.000000e+00,0.000000e+00,0.000000e+00,0.000000e+00,0.000000e+00,0.000000e+00,0.000000e+00,0.000000e+00,0.000000e+00,0.000000e+00,0.000000e+00,0.000000e+00,0.000000e+00,0.000000e+00
1.000000e+00,0.000000e+00,0.000000e+00,0.000000e+00,0.000000e+00,0.000000e+00,0.000000e+00,0.000000e+00,0.000000e+00,0.000000e+00,0.000000e+00,0.000000e+00,0.000000e+00,0.000000e+00,0.000000e+00
1.000000e+00,0.000000e+00,0.000000e+00,0.000000e+00,0.000000e+00,0.000000e+00,0.000000e+00,0.000000e+00,0.000000e+00,0.000000e+00,0.000000e+00,0.000000e+00,0.000000e+00,0.000000e+00,0.000000e+00
1.000000e+00,0.000000e+00,0.000000e+00,0.000000e+00,0.000000e+00,0.000000e+00,0.000000e+00,0.000000e+00,0.000000e+00,0.000000e+00,0.000000e+00,0.000000e+00,0.000000e+00,0.000000e+00,0.000000e+00
1.000000e+00,0.000000e+00,0.000000e+00,0.000000e+00,0.000000e+00,0.000000e+00,0.000000e+00,0.000000e+00,0.000000e+00,0.000000e+00,0.000000e+00,0.000000e+00,0.000000e+00,0.000000e+00,0.000000e+00
1.000000e+00,0.000000e+00,0.000000e+00,0.000000e+00,0.000000e+00,0.000000e+00,0.000000e+00,0.000000e+00,0.000000e+00,0.000000e+00,0.000000e+00,0.000000e+00,0.000000e+00,0.000000e+00,0.000000e+00
1.000000e+00,0.000000e+00,0.000000e+00,0.000000e+00,0.000000e+00,0.000000e+00,0.000000e+00,0.000000e+00,0.000000e+00,0.000000e+00,0.000000e+00,0.000000e+00,0.000000e+00,0.000000e+00,0.000000e+00
1.000000e+00,0.000000e+00,0.000000e+00,0.000000e+00,0.000000e+00,0.000000e+00,0.000000e+00,0.000000e+00,0.000000e+00,0.000000e+00,0.000000e+00,0.000000e+00,0.000000e+00,0.000000e+00,0.000000e+00
1.000000e+00,0.000000e+00,0.000000e+00,0.000000e+00,0.000000e+00,0.000000e+00,0.000000e+00,0.000000e+00,0.000000e+00,0.000000e+00,0.000000e+00,0.000000e+00,0.000000e+00,0.000000e+00,0.000000e+00
1.000000e+00,0.000000e+00,0.000000e+00,0.000000e+00,0.000000e+00,0.000000e+00,0.000000e+00,0.000000e+00,0.000000e+00,0.000000e+00,0.000000e+00,0.000000e+00,0.000000e+00,0.000000e+00,0.000000e+00
1.000000e+00,0.000000e+00,0.000000e+00,0.000000e+00,0.000000e+00,0.000000e+00,0.000000e+00,0.000000e+00,0.000000e+00,0.000000e+00,0.000000e+00,0.000000e+00,0.000000e+00,0.000000e+00,0.000000e+00
1.000000e+00,0.000000e+00,0.000000e+00,0.000000e+00,0.000000e+00,0.000000e+00,0.000000e+00,0.000000e+00,0.000000e+00,0.000000e+00,0.000000e+00,0.000000e+00,0.000000e+00,0.000000e+00,0.000000e+00
1.000000e+00,0.000000e+00,0.000000e+00,0.000000e+00,0.000000e+00,0.000000e+00,0.000000e+00,0.000000e+00,0.000000e+00,0.000000e+00,0.000000e+00,0.000000e+00,0.000000e+00,0.000000e+00,0.000000e+00
1.000000e+00,0.000000e+00,0.000000e+00,0.000000e+00,0.000000e+00,0.000000e+00,0.000000e+00,0.000000e+00,0.000000e+00,0.000000e+00,0.000000e+00,0.000000e+00,0.000000e+00,0.000000e+00,0.000000e+00
1.000000e+00,0.000000e+00,0.000000e+00,0.000000e+00,0.000000e+00,0.000000e+00,0.000000e+00,0.000000e+00,0.000000e+00,0.000000e+00,0.000000e+00,0.000000e+00,0.000000e+00,0.000000e+00,0.000000e+00
1.000000e+00,0.000000e+00,0.000000e+00,0.000000e+00,0.000000e+00,0.000000e+00,0.000000e+00,0.000000e+00,0.000000e+00,0.000000e+00,0.000000e+00,0.000000e+00,0.000000e+00,0.000000e+00,0.000000e+00
1.000000e+00,0.000000e+00,0.000000e+00,0.000000e+00,0.000000e+00,0.000000e+00,0.000000e+00,0.000000e+00,0.000000e+00,0.000000e+00,0.000000e+00,0.000000e+00,0.000000e+00,0.000000e+00,0.000000e+00
1.000000e+00,0.000000e+00,0.000000e+00,0.000000e+00,0.000000e+00,0.000000e+00,0.000000e+00,0.000000e+00,0.000000e+00,0.000000e+00,0.000000e+00,0.000000e+00,0.000000e+00,0.000000e+00,0.000000e+00
1.000000e+00,0.000000e+00,0.000000e+00,0.000000e+00,0.000000e+00,0.000000e+00,0.000000e+00,0.000000e+00,0.000000e+00,0.000000e+00,0.000000e+00,0.000000e+00,0.000000e+00,0.000000e+00,0.000000e+00
1.000000e+00,0.000000e+00,0.000000e+00,0.000000e+00,0.000000e+00,0.000000e+00,0.000000e+00,0.000000e+00,0.000000e+00,0.000000e+00,0.000000e+00,0.000000e+00,0.000000e+00,0.000000e+00,0.000000e+00
4.836412e-01,1.127417e-02,3.498370e-02,4.916725e-02,6.495886e-03,1.246651e-02,4.677368e-03,3.420285e-01,3.921576e-03,1.274118e-03,8.090245e-03,1.686816e-02,1.245762e-02,2.052694e-03,1.060103e-02
3.715159e-01,8.615213e-03,3.506443e-02,3.895009e-02,5.323817e-03,1.067756e-02,4.089227e-03,4.811090e-01,2.949202e-03,9.901969e-04,6.513383e-03,1.366003e-02,1.027552e-02,1.780258e-03,8.486240e-03
2.626115e-01,6.134701e-03,2.892546e-02,2.880844e-02,3.950763e-03,7.790179e-03,3.103781e-03,6.266158e-01,2.093239e-03,7.030162e-04,4.763843e-03,9.684036e-03,7.326506e-03,1.426827e-03,6.061987e-03
1.851152e-01,4.337996e-03,2.164532e-02,2.071644e-02,2.928261e-03,5.558402e-03,2.534793e-03,7.344466e-01,1.471678e-03,4.975374e-04,3.400559e-03,6.810257e-03,5.209146e-03,1.069805e-03,4.258133e-03
1.311887e-01,3.103530e-03,1.680816e-02,1.497907e-02,2.347157e-03,4.085033e-03,3.339042e-03,8.079360e-01,1.040583e-03,3.564393e-04,2.432009e-03,4.805104e-03,3.766900e-03,8.141613e-04,2.998257e-03
9.284994e-02,2.215793e-03,1.239602e-02,1.063390e-02,2.177963e-03,2.951209e-03,4.673257e-03,8.605157e-01,7.352266e-04,2.610947e-04,1.726921e-03,3.403295e-03,2.745357e-03,5.949015e-04,2.119514e-03
6.628802e-02,1.617307e-03,9.702550e-03,7.643398e-03,2.042076e-03,2.200580e-03,5.573497e-03,8.964433e-01,5.253935e-04,2.164054e-04,1.237821e-03,2.458062e-03,2.073018e-03,4.545200e-04,1.524110e-03
5.000859e-02,1.226546e-03,8.070729e-03,5.598721e-03,3.126782e-03,1.790676e-03,6.718633e-03,9.165160e-01,3.892501e-04,2.438002e-04,9.627485e-04,1.921611e-03,1.921065e-03,3.525754e-04,1.152292e-03
4.733505e-02,1.163488e-03,6.279695e-03,4.317841e-03,9.066996e-03,1.952967e-03,5.597931e-03,9.171935e-01,3.654978e-04,5.015052e-04,8.905120e-04,1.754785e-03,2.227320e-03,2.992480e-04,1.053638e-03
6.728525e-02,1.388793e-03,4.923208e-03,3.583097e-03,1.381573e-02,2.414468e-03,4.688947e-03,8.921499e-01,4.655399e-04,8.854721e-04,1.041231e-03,2.270859e-03,3.387296e-03,3.288274e-04,1.371391e-03
8.773088e-02,1.886143e-03,3.878652e-03,3.169037e-03,1.809363e-02,2.799883e-03,3.584997e-03,8.684788e-01,6.012202e-04,9.921415e-04,1.082737e-03,2.431787e-03,3.341434e-03,3.608101e-04,1.567787e-03
9.622424e-02,2.180895e-03,3.362339e-03,3.561261e-03,2.453766e-02,3.478649e-03,3.026449e-03,8.519260e-01,1.463549e-03,1.082008e-03,1.191817e-03,2.457285e-03,3.360312e-03,3.763754e-04,1.771143e-03
1.241279e-01,5.872031e-03,6.471035e-03,5.231287e-02,2.366192e-02,1.377025e-02,2.704291e-03,6.451014e-01,6.393685e-02,6.188824e-03,1.009274e-02,1.810180e-02,1.437303e-02,3.488937e-03,9.796158e-03
8.770064e-02,4.968318e-03,4.950894e-03,6.924766e-02,1.783139e-02,3.311107e-02,2.048328e-03,4.520283e-01,5.942158e-02,6.382876e-03,1.583215e-02,1.715414e-01,5.767665e-02,3.261562e-03,1.399715e-02
6.569593e-02,5.398844e-03,3.751601e-03,6.869666e-02,1.350371e-02,3.923880e-02,1.610124e-03,3.168128e-01,5.154945e-02,6.884607e-03,2.948904e-02,2.136509e-01,1.663761e-01,2.655919e-03,1.468557e-02
5.151487e-02,4.535023e-03,2.787253e-03,5.355904e-02,1.033724e-02,5.388632e-02,2.576742e-03,2.225157e-01,5.617057e-02,5.382474e-03,3.036610e-02,3.183568e-01,1.714842e-01,2.258280e-03,1.426933e-02
4.497673e-02,3.829267e-03,2.207258e-03,4.237648e-02,7.517973e-03,1.637700e-01,5.525163e-03,1.563002e-01,6.219860e-02,4.197252e-03,2.556459e-02,3.381556e-01,1.266105e-01,2.098361e-03,1.467201e-02
3.704450e-02,3.318767e-03,1.877359e-03,3.059812e-02,5.872695e-03,1.781183e-01,6.795397e-03,1.095596e-01,4.692902e-02,3.333439e-03,2.345246e-02,3.852973e-01,1.540591e-01,2.191835e-03,1.155219e-02
3.112540e-02,2.793451e-03,1.438922e-03,2.153740e-02,4.220535e-03,1.274195e-01,5.029836e-03,7.672268e-02,3.765259e-02,3.480626e-03,2.191946e-02,5.319858e-01,1.247306e-01,1.688357e-03,8.254874e-03
2.361223e-02,2.148267e-03,1.237815e-03,1.514148e-02,3.092360e-03,1.049835e-01,3.868660e-03,5.372789e-02,2.812433e-02,3.358061e-03,1.809298e-02,6.444058e-01,9.111220e-02,1.227756e-03,5.866672e-03
2.129261e-02,4.117392e-03,2.063925e-03,1.069809e-02,1.079228e-02,7.515851e-02,3.154703e-03,3.808308e-02,3.428932e-02,3.401301e-03,1.552639e-02,7.081805e-01,6.819040e-02,9.283110e-04,4.123156e-03
2.048685e-02,8.912664e-03,2.120543e-03,7.550141e-03,1.205695e-02,5.370725e-02,2.298228e-03,2.681637e-02,3.789671e-02,3.853862e-03,1.891536e-02,7.481109e-01,5.358477e-02,7.704519e-04,2.918938e-03
1.464451e-02,7.995794e-03,1.602438e-03,5.293640e-03,9.194058e-03,3.789888e-02,1.619348e-03,1.880823e-02,3.066064e-02,3.448782e-03,3.398781e-02,7.919632e-01,4.023667e-02,5.928647e-04,2.053032e-03
1.392053e-02,7.582447e-03,1.666483e-03,3.898182e-03,1.375062e-02,2.746436e-02,1.169769e-03,1.484174e-02,4.608783e-02,6.251060e-03,2.873337e-02,8.019931e-01,3.068726e-02,4.927827e-04,1.460310e-03
1.224361e-02,6.641544e-03,1.675150e-03,3.073240e-03,2.133795e-02,2.081203e-02,9.053882e-04,1.469010e-02,6.825058e-02,7.333965e-03,2.368302e-02,7.939835e-01,2.390363e-02,4.300699e-04,1.036153e-03
1.208434e-02,5.550236e-03,1.556564e-03,2.238388e-03,4.958979e-02,1.936682e-02,2.137866e-03,1.209523e-02,7.753932e-02,6.318602e-03,1.799159e-02,7.742826e-01,1.810321e-02,3.787116e-04,7.665727e-04
1.118874e-02,5.762500e-03,2.063940e-03,1.904626e-03,5.312543e-02,2.585736e-02,2.971387e-03,2.164025e-02,9.619696e-02,4.919947e-03,1.372140e-02,7.463145e-01,1.339899e-02,3.437191e-04,5.902685e-04
1.672527e-02,8.504052e-03,2.468022e-03,1.512357e-03,6.315935e-02,2.260981e-02,4.146333e-03,2.408909e-02,1.990812e-01,4.116529e-03,1.212015e-02,6.303971e-01,1.006049e-02,4.459743e-04,5.641198e-04
1.920604e-02,8.208808e-03,9.541411e-03,3.079808e-03,5.482320e-02,1.904987e-02,6.592330e-03,1.204956e-01,2.161112e-01,3.982959e-03,1.212624e-02,5.167613e-01,8.529394e-03,9.505865e-04,5.411120e-04
1.472603e-02,1.066396e-02,7.470348e-03,2.638516e-03,4.586495e-02,2.680781e-02,5.457407e-03,9.007842e-02,4.023287e-01,3.158452e-03,9.495003e-03,3.735396e-01,6.420496e-03,8.483895e-04,5.018330e-04
1.052982e-02,8.472318e-03,5.383732e-03,1.924388e-03,3.534023e-02,4.414975e-02,3.956412e-03,6.357529e-02,5.486739e-01,2.355920e-03,6.813190e-03,2.630173e-01,4.748788e-03,6.136060e-04,4.453120e-04
7.634792e-03,6.936641e-03,3.896768e-03,1.505641e-03,3.227266e-02,6.953528e-02,2.865976e-03,4.492636e-02,6.341514e-01,1.833499e-03,4.893124e-03,1.851177e-01,3.543449e-03,4.398352e-04,4.468869e-04
6.910909e-03,5.357294e-03,2.863974e-03,1.565837e-03,1.008578e-01,5.162150e-02,2.265985e-03,6.852926e-02,6.223116e-01,1.349630e-03,3.460404e-03,1.296821e-01,2.556098e-03,3.158278e-04,3.517898e-04
7.489997e-03,4.378147e-03,2.179827e-03,1.635614e-03,1.170417e-01,4.138620e-02,1.809054e-03,1.576493e-01,5.692620e-01,1.004247e-03,2.521987e-03,9.093415e-02,1.933509e-03,2.437193e-04,5.305036e-04
9.357173e-03,3.561396e-03,1.636232e-03,1.683065e-03,1.210568e-01,3.485570e-02,1.517626e-03,2.968491e-01,4.609317e-01,7.351516e-04,1.892636e-03,6.375501e-02,1.485338e-03,1.841998e-04,4.988571e-04
7.352462e-03,2.676639e-03,1.193090e-03,1.319668e-03,9.361333e-02,2.467494e-02,1.198041e-03,4.883407e-01,3.315817e-01,5.161101e-04,1.334674e-03,4.464016e-02,1.070098e-03,1.297991e-04,3.585438e-04
6.364089e-03,1.949097e-03,8.726858e-04,1.055379e-03,7.356605e-02,1.755434e-02,9.673704e-04,6.281025e-01,2.358567e-01,3.628730e-04,9.424831e-04,3.125782e-02,7.981807e-04,9.174665e-05,2.586933e-04
5.409480e-03,1.393937e-03,6.389642e-04,8.214024e-04,5.374520e-02,1.284229e-02,7.467709e-04,7.352302e-01,1.653974e-01,2.595194e-04,6.732372e-04,2.190027e-02,6.868182e-04,6.573537e-05,1.887665e-04
1.095706e-02,1.156860e-03,6.207930e-04,1.744944e-03,3.813380e-02,1.036885e-02,5.400639e-04,7.966876e-01,1.167151e-01,1.970072e-04,3.000416e-03,1.793106e-02,1.640219e-03,9.780336e-05,2.083829e-04
2.715167e-02,1.135246e-03,8.694181e-04,7.935615e-03,2.810170e-02,1.369118e-02,4.208886e-04,7.960099e-01,8.373862e-02,1.723934e-04,1.207312e-02,2.322930e-02,4.956797e-03,1.470831e-04,3.670950e-04
2.240568e-02,1.191360e-03,1.083360e-03,2.944422e-02,2.085345e-02,1.150065e-01,3.543585e-04,6.097758e-01,7.095576e-02,3.936760e-04,4.477058e-02,6.177901e-02,1.814457e-02,4.942124e-04,3.347449e-03
1.665896e-02,1.114348e-03,1.682694e-03,3.394771e-02,1.506018e-02,2.888609e-01,2.752494e-04,4.369383e-01,5.360758e-02,8.708732e-04,7.026321e-02,5.412412e-02,2.094552e-02,1.193215e-03,4.457099e-03
1.199012e-02,9.486012e-04,2.066363e-03,2.415480e-02,1.081804e-02,4.814487e-01,2.046910e-04,3.061871e-01,3.832002e-02,1.041423e-03,5.532051e-02,4.469269e-02,1.610577e-02,3.155516e-03,3.545753e-03
9.421188e-03,7.310451e-04,1.874058e-03,1.701448e-02,7.867080e-03,5.564928e-01,2.311154e-04,2.158502e-01,2.705621e-02,2.614363e-03,8.422961e-02,4.679453e-02,1.292963e-02,1.351897e-02,3.374777e-03
9.033462e-03,7.717087e-04,5.230313e-03,1.344812e-02,6.200674e-03,5.205051e-01,3.045383e-04,1.519990e-01,1.950715e-02,6.048963e-03,1.600347e-01,7.465208e-02,1.074740e-02,1.758341e-02,3.933493e-03
7.562417e-03,6.149947e-04,3.921972e-03,9.482689e-03,4.423375e-03,3.961342e-01,2.667360e-04,1.067576e-01,1.378040e-02,4.785181e-03,3.634147e-01,6.285108e-02,8.357416e-03,1.454410e-02,3.103148e-03
6.037949e-03,5.080258e-04,3.033270e-03,6.680168e-03,3.201156e-03,2.862729e-01,2.294876e-04,7.513841e-02,9.770068e-03,3.566883e-03,5.308394e-01,5.175838e-02,6.396302e-03,1.414372e-02,2.423870e-03
5.290576e-03,6.025768e-04,3.516258e-03,4.841321e-03,2.760813e-03,2.118223e-01,2.657531e-04,5.335319e-02,7.248252e-03,2.727510e-03,6.407524e-01,4.288805e-02,5.108653e-03,1.657188e-02,2.250496e-03
3.820200e-03,4.438997e-04,2.534908e-03,3.411868e-03,2.001149e-03,1.488043e-01,2.136943e-04,3.739944e-02,5.221947e-03,2.008036e-03,7.388453e-01,3.485021e-02,3.799698e-03,1.505165e-02,1.593634e-03
2.851670e-03,4.056831e-04,2.025816e-03,2.399095e-03,1.501301e-03,1.057709e-01,1.608092e-04,2.620224e-02,3.811318e-03,1.463676e-03,8.037800e-01,2.925653e-02,2.883294e-03,1.633920e-02,1.148474e-03
4.315074e-03,1.526006e-03,3.296730e-03,1.787072e-03,7.365764e-03,7.922684e-02,2.442712e-04,1.881695e-02,3.035111e-03,1.434199e-03,8.092834e-01,2.932848e-02,3.619359e-03,3.562883e-02,1.091841e-03
4.064263e-03,1.924882e-03,2.914903e-03,1.295279e-03,6.355063e-03,5.839247e-02,2.051340e-04,1.327099e-02,2.283992e-03,1.259256e-03,8.287348e-01,2.835370e-02,3.140002e-03,4.690369e-02,9.015878e-04
4.263638e-03,5.336442e-03,3.879497e-03,1.051286e-03,6.357448e-03,4.178556e-02,3.569611e-04,9.487135e-03,2.463020e-03,2.143618e-03,8.257253e-01,3.907826e-02,2.479719e-03,5.464437e-02,9.476983e-04
5.704328e-03,6.318236e-03,4.039017e-03,8.936889e-04,7.378509e-03,2.989541e-02,4.720712e-04,7.606019e-03,2.201974e-03,2.412857e-03,8.443844e-01,3.302634e-02,2.625016e-03,5.220404e-02,8.380621e-04
9.934131e-03,8.331753e-03,6.753844e-03,1.358545e-03,2.326704e-02,2.235198e-02,6.883360e-04,8.942623e-03,2.827769e-03,2.782315e-03,8.283085e-01,2.748340e-02,3.898797e-03,5.222109e-02,8.498393e-04
1.405717e-02,8.275727e-03,7.665995e-03,1.875508e-03,5.984153e-02,1.892516e-02,1.285911e-03,1.598391e-02,4.460172e-03,4.751476e-03,7.755854e-01,2.310031e-02,4.090064e-03,5.915442e-02,9.472230e-04
1.809231e-02,9.683776e-03,7.916375e-03,2.373348e-03,7.116013e-02,1.547324e-02,1.583553e-03,1.759650e-02,7.201858e-03,5.494858e-03,7.523313e-01,1.986325e-02,3.480116e-03,6.669406e-02,1.055284e-03
2.868980e-02,1.155746e-02,1.726582e-02,4.959847e-03,6.255437e-02,1.425052e-02,2.215677e-03,5.321399e-02,1.290549e-02,7.430098e-03,6.963957e-01,1.984585e-02,3.553545e-03,6.348614e-02,1.675640e-03
2.983091e-02,1.932453e-02,1.639415e-02,6.382590e-03,5.276117e-02,5.266703e-02,3.202835e-03,6.952900e-02,7.117382e-02,8.885501e-03,5.789186e-01,2.868940e-02,8.111691e-03,5.027401e-02,3.854769e-03
2.188333e-02,1.970788e-02,1.328839e-02,6.340314e-03,3.933417e-02,2.667875e-01,2.342527e-03,4.988341e-02,5.897748e-02,1.005299e-02,4.162406e-01,2.831163e-02,1.913412e-02,3.669471e-02,1.102093e-02
1.941710e-02,3.420187e-02,1.212958e-02,6.448057e-03,3.107666e-02,2.244507e-01,2.106486e-03,3.631697e-02,1.045174e-01,9.416599e-03,3.460760e-01,3.306211e-02,9.910016e-02,2.841017e-02,1.327025e-02
1.726733e-02,4.675217e-02,1.107601e-02,6.575558e-03,2.852044e-02,2.155071e-01,1.936794e-03,2.716332e-02,1.534597e-01,9.828018e-03,2.813922e-01,3.474406e-02,1.263317e-01,2.407342e-02,1.537230e-02
1.391327e-02,3.760691e-02,9.185238e-03,7.066856e-03,2.385161e-02,2.832206e-01,2.641663e-03,2.608802e-02,1.646988e-01,8.094269e-03,2.187049e-01,4.531310e-02,1.260440e-01,1.825666e-02,1.531407e-02
2.126655e-02,3.371220e-02,1.144080e-02,9.511730e-03,3.633573e-02,3.349487e-01,2.677611e-03,1.981652e-02,1.458854e-01,6.993976e-03,1.627138e-01,3.380718e-02,1.221933e-01,1.332352e-02,4.537304e-02
3.750794e-02,2.735323e-02,2.673390e-02,6.004916e-02,5.537432e-02,3.030249e-01,2.886574e-03,4.030506e-02,1.371621e-01,6.583260e-03,1.216484e-01,2.513565e-02,1.002091e-01,1.004161e-02,4.598486e-02
3.945471e-02,2.752216e-02,3.510240e-02,8.696710e-02,6.497128e-02,3.330969e-01,3.840531e-03,3.669427e-02,1.199309e-01,6.827383e-03,9.349123e-02,2.208658e-02,7.640842e-02,7.307879e-03,4.629832e-02
3.736961e-02,2.525129e-02,3.210535e-02,8.032151e-02,6.724055e-02,4.240913e-01,2.855882e-03,2.680595e-02,9.542166e-02,6.168769e-03,7.326327e-02,2.087911e-02,5.742309e-02,5.631853e-03,4.517077e-02
2.819965e-02,2.930988e-02,3.279183e-02,1.368194e-01,5.217459e-02,3.197634e-01,2.044886e-03,1.917418e-02,1.125433e-01,7.574224e-03,9.906328e-02,4.031599e-02,4.488082e-02,6.076359e-03,6.926824e-02
2.020090e-02,2.466637e-02,3.248325e-02,1.126687e-01,4.429395e-02,2.246937e-01,1.495744e-03,1.361768e-02,9.771461e-02,5.994115e-03,2.651402e-01,4.288430e-02,4.460893e-02,9.502452e-03,6.003507e-02
1.497547e-02,1.949227e-02,3.291972e-02,1.096255e-01,4.774939e-02,1.580153e-01,1.280736e-03,1.016847e-02,1.522539e-01,8.176867e-03,2.572004e-01,4.961910e-02,6.058934e-02,1.706591e-02,6.086762e-02
1.079433e-02,1.426690e-02,2.515569e-02,8.330321e-02,3.853379e-02,1.110396e-01,1.035986e-03,7.828900e-03,1.228562e-01,3.452908e-02,3.205549e-01,6.664300e-02,9.409138e-02,2.290425e-02,4.646292e-02
8.058260e-03,1.030550e-02,1.908974e-02,6.083282e-02,2.918019e-02,7.936470e-02,8.121666e-04,5.877600e-03,1.000464e-01,3.690197e-02,4.003456e-01,7.762821e-02,9.130237e-02,4.580475e-02,3.444976e-02
6.123942e-03,1.428101e-02,2.301781e-02,4.358236e-02,2.647061e-02,5.601767e-02,7.361721e-04,4.446351e-03,1.085603e-01,3.287929e-02,4.575739e-01,6.086431e-02,7.437567e-02,6.319372e-02,2.787693e-02
5.958431e-03,1.514770e-02,2.903705e-02,3.998382e-02,2.047702e-02,4.208503e-02,1.383861e-03,1.170713e-02,1.640731e-01,4.118015e-02,3.701066e-01,5.169109e-02,5.700966e-02,1.286789e-01,2.148052e-02
5.824743e-03,1.408536e-02,5.207499e-02,6.938066e-02,1.576922e-02,3.197408e-02,1.154367e-03,1.137406e-02,2.380574e-01,4.596061e-02,2.896797e-01,4.620389e-02,4.348077e-02,1.190384e-01,1.594178e-02
8.105179e-03,3.732987e-02,9.866917e-02,5.669934e-02,1.389206e-02,2.408812e-02,1.144171e-03,8.831480e-03,1.904433e-01,3.839380e-02,3.061814e-01,4.082036e-02,3.159329e-02,1.310230e-01,1.278549e-02
2.408317e-02,3.574793e-02,1.054033e-01,6.709313e-02,1.424222e-02,2.133160e-02,2.029584e-03,1.255872e-02,1.556402e-01,3.442001e-02,2.831984e-01,3.771687e-02,2.447360e-02,1.722514e-01,9.809883e-03
2.334233e-02,2.879325e-02,8.954445e-02,6.525099e-02,1.150246e-02,2.485327e-02,1.687404e-03,9.997193e-03,1.136833e-01,3.220933e-02,3.949942e-01,4.173148e-02,2.138094e-02,1.328213e-01,8.208213e-03
2.514514e-02,2.338618e-02,6.492002e-02,5.531636e-02,1.389771e-02,2.147293e-02,1.416936e-03,7.606007e-03,8.379752e-02,3.367134e-02,4.815653e-01,4.164819e-02,2.169201e-02,1.172480e-01,7.216394e-03
6.564420e-02,2.090623e-02,4.745027e-02,5.098511e-02,3.407958e-02,2.110772e-02,1.472697e-03,7.200151e-03,6.274933e-02,3.874312e-02,4.511109e-01,5.660739e-02,2.530903e-02,1.092052e-01,7.429101e-03
8.236781e-02,1.934773e-02,3.582878e-02,4.252909e-02,6.111332e-02,2.054667e-02,1.456158e-03,6.805307e-03,4.711116e-02,3.530292e-02,4.286550e-01,7.049932e-02,2.470233e-02,1.174576e-01,6.276870e-03
8.225788e-02,1.896650e-02,2.707919e-02,3.494132e-02,5.738584e-02,1.630556e-02,1.427658e-03,5.609426e-03,3.952830e-02,3.052672e-02,4.226424e-01,9.014149e-02,2.259904e-02,1.443690e-01,6.219712e-03
6.065627e-02,3.425474e-02,2.289482e-02,2.506265e-02,4.442642e-02,1.232571e-02,1.185432e-03,4.292515e-03,3.099782e-02,2.724510e-02,5.024297e-01,8.010551e-02,1.654413e-02,1.248325e-01,1.274671e-02
4.611187e-02,2.913781e-02,2.018100e-02,1.829635e-02,3.507090e-02,1.085132e-02,1.254236e-03,3.780545e-03,3.548373e-02,3.039057e-02,4.860857e-01,7.996762e-02,1.198135e-02,1.750944e-01,1.631267e-02
3.374719e-02,2.340285e-02,2.002313e-02,1.311787e-02,2.639527e-02,8.447611e-03,1.060784e-03,3.100103e-03,3.342213e-02,4.111513e-02,4.519185e-01,7.320356e-02,8.630210e-03,2.448705e-01,1.754520e-02
2.481109e-02,1.844735e-02,2.287267e-02,9.358329e-03,1.918078e-02,6.955919e-03,9.583195e-04,2.469454e-03,2.702271e-02,4.526906e-02,3.911861e-01,5.691206e-02,6.226304e-03,3.518218e-01,1.650805e-02
1.868126e-02,1.746412e-02,4.613642e-02,7.079475e-03,1.459564e-02,5.113957e-02,1.246752e-03,2.539380e-03,2.689669e-02,4.229229e-02,4.065695e-01,4.497943e-02,4.758131e-03,3.006732e-01,1.494813e-02
1.589249e-02,1.306612e-02,5.836743e-02,6.210144e-03,1.186014e-02,2.094784e-01,1.406591e-02,3.554254e-03,2.488144e-02,3.058807e-02,3.343000e-01,3.319882e-02,5.552477e-03,2.246232e-01,1.436111e-02
1.218253e-02,1.374668e-02,7.362384e-02,6.947180e-03,9.669309e-03,3.601045e-01,1.008090e-02,3.693251e-03,4.092392e-02,2.294072e-02,2.389046e-01,2.340246e-02,7.104845e-03,1.651868e-01,1.148841e-02
9.878184e-03,1.737823e-02,8.388121e-02,9.442070e-03,8.691969e-03,4.552301e-01,7.287554e-03,2.933381e-03,6.280288e-02,1.996364e-02,1.690787e-01,1.647084e-02,6.783611e-03,1.198908e-01,1.028683e-02
8.185133e-03,1.385083e-02,1.078751e-01,1.075132e-02,1.038413e-02,5.370629e-01,5.760607e-03,4.441578e-03,5.767880e-02,1.584594e-02,1.186856e-01,1.154284e-02,4.928431e-03,8.541372e-02,7.593096e-03
1.116690e-02,1.337811e-02,1.028039e-01,2.006076e-02,1.769797e-02,5.801458e-01,5.395607e-03,3.960798e-03,6.053418e-02,1.600525e-02,8.340896e-02,8.097300e-03,4.219390e-03,6.310493e-02,1.002014e-02
2.137353e-02,1.808731e-02,9.338705e-02,6.631625e-02,2.454712e-02,5.222161e-01,4.786866e-03,5.764314e-03,6.494080e-02,2.291178e-02,5.908986e-02,5.752493e-03,6.631264e-03,4.647464e-02,3.772064e-02
3.778354e-02,2.700364e-02,8.097047e-02,7.220012e-02,3.142827e-02,4.205423e-01,5.175321e-03,8.963723e-03,1.405059e-01,2.847713e-02,4.192760e-02,4.102397e-03,1.094376e-02,3.684315e-02,5.313266e-02
6.147669e-02,2.479782e-02,6.132605e-02,5.580886e-02,4.844469e-02,4.134476e-01,6.733047e-03,7.693688e-03,1.799952e-01,2.258685e-02,2.998862e-02,2.940255e-03,9.071822e-03,3.195750e-02,4.373133e-02
7.168212e-02,2.391008e-02,4.860827e-02,4.761392e-02,6.191224e-02,4.311147e-01,1.190487e-02,9.659106e-03,1.705197e-01,1.757534e-02,2.185193e-02,2.234733e-03,7.095492e-03,2.934357e-02,4.497398e-02
5.875779e-02,2.015981e-02,3.485825e-02,3.804266e-02,5.702681e-02,5.548420e-01,1.014993e-02,7.981984e-03,1.258052e-01,1.300147e-02,1.582295e-02,1.606087e-03,5.113808e-03,2.248363e-02,3.434766e-02
4.194882e-02,1.438689e-02,2.443777e-02,2.673230e-02,4.030320e-02,6.811165e-01,7.167817e-03,5.662091e-03,8.870805e-02,1.230101e-02,1.164177e-02,1.152678e-03,3.639630e-03,1.589066e-02,2.491088e-02
2.966483e-02,1.033516e-02,1.712366e-02,1.876276e-02,2.834456e-02,7.432888e-01,5.036429e-03,4.019137e-03,6.429735e-02,1.594978e-02,2.438715e-02,9.702028e-04,3.040948e-03,1.224959e-02,2.252970e-02
2.101541e-02,7.984113e-03,1.202184e-02,1.326772e-02,1.997711e-02,7.409983e-01,3.557946e-03,3.000895e-03,6.052274e-02,2.933186e-02,4.966536e-02,1.055108e-03,2.647604e-03,1.310036e-02,2.185373e-02
1.480049e-02,5.879569e-03,8.443658e-03,9.414989e-03,1.410439e-02,6.012443e-01,2.507579e-03,2.565833e-03,6.418031e-02,2.691405e-02,1.850793e-01,1.539819e-03,1.967605e-03,4.468974e-02,1.666842e-02
1.079831e-02,4.548163e-03,5.946116e-03,6.707813e-03,9.981109e-03,4.532180e-01,1.796174e-03,2.091797e-03,5.819285e-02,2.338398e-02,2.935653e-01,2.432895e-03,2.227111e-03,1.115736e-01,1.353680e-02
7.591504e-03,4.804844e-03,4.212727e-03,4.713188e-03,7.500052e-03,3.237303e-01,1.268766e-03,1.522455e-03,5.682458e-02,1.767256e-02,3.922835e-01,7.126223e-03,2.792515e-03,1.579026e-01,1.005425e-02
5.582242e-03,6.397438e-03,3.008342e-03,3.321750e-03,5.512893e-03,2.306375e-01,9.070828e-04,1.251461e-03,7.095824e-02,1.499580e-02,3.951418e-01,7.105409e-03,2.740453e-03,2.434391e-01,9.000474e-03
4.037052e-03,7.365337e-03,2.176046e-03,2.349267e-03,4.072511e-03,1.625154e-01,6.577945e-04,1.274617e-03,1.253887e-01,1.332503e-02,3.212430e-01,6.834690e-03,2.983362e-03,3.360871e-01,9.690049e-03
3.363012e-03,1.432942e-02,1.903660e-03,1.782399e-03,3.367608e-03,1.176879e-01,5.231788e-04,1.842129e-03,1.873251e-01,1.045645e-02,2.451815e-01,6.459131e-03,6.639309e-03,3.890050e-01,1.013416e-02
3.360309e-03,1.573799e-02,2.105759e-03,1.427989e-03,2.975705e-03,8.486103e-02,4.479775e-04,2.419919e-03,2.229458e-01,8.242236e-03,1.929903e-01,5.430970e-03,5.682612e-03,4.427143e-01,8.657088e-03
2.625324e-03,1.398394e-02,1.844558e-03,1.118027e-03,3.309436e-03,6.065527e-02,3.666425e-04,2.194912e-03,2.379553e-01,6.585954e-03,1.443639e-01,4.592552e-03,6.295835e-03,5.069280e-01,7.180399e-03
2.383173e-03,1.213368e-02,3.102850e-03,1.364022e-03,4.535507e-03,4.687622e-02,3.478994e-04,5.047138e-03,2.671562e-01,5.294912e-03,1.077971e-01,3.978489e-03,9.262793e-03,5.252378e-01,5.482364e-03
2.298660e-03,1.199517e-02,3.051314e-03,1.281896e-03,8.037389e-03,4.993650e-02,4.250684e-04,7.679121e-03,3.104812e-01,4.279433e-03,7.915923e-02,3.419079e-03,8.680464e-03,5.045930e-01,4.682593e-03
2.019546e-03,2.778404e-02,3.353768e-03,5.930653e-03,9.406984e-03,3.925690e-02,3.749363e-04,1.122942e-02,3.770541e-01,3.657018e-03,6.095051e-02,3.502928e-03,9.574698e-03,4.410622e-01,4.842352e-03
2.231745e-03,3.602478e-02,2.654539e-03,5.463101e-03,2.135096e-02,3.285012e-02,3.527687e-04,8.957643e-03,4.394930e-01,3.301085e-03,4.878438e-02,4.374626e-03,1.585731e-02,3.729421e-01,5.361918e-03
1.871224e-03,3.667631e-02,2.064357e-03,7.218973e-03,1.794146e-02,2.463577e-02,2.688030e-04,7.004980e-03,5.603074e-01,2.928686e-03,3.606920e-02,3.338283e-03,1.349140e-02,2.751687e-01,1.101438e-02
1.468530e-03,2.919206e-02,1.524960e-03,7.005592e-03,1.293957e-02,1.800591e-02,1.958645e-04,4.996994e-03,6.725495e-01,2.423291e-03,2.597506e-02,2.482654e-03,1.201242e-02,1.965534e-01,1.267417e-02
1.274850e-03,2.516510e-02,1.315453e-03,6.506353e-03,9.625264e-03,1.324776e-02,1.502013e-04,3.599767e-03,7.403764e-01,2.836368e-03,1.902111e-02,1.847939e-03,9.636533e-03,1.408922e-01,2.450468e-02
2.509626e-03,2.425514e-02,1.578342e-03,1.020840e-02,8.335308e-03,1.301245e-02,1.640904e-04,4.679081e-03,7.651969e-01,3.828064e-03,1.449593e-02,1.597599e-03,9.840852e-03,1.065571e-01,3.374113e-02
7.780383e-03,2.738195e-02,3.157409e-03,1.303226e-02,4.199770e-02,4.312870e-02,1.035346e-03,1.404744e-02,7.118795e-01,3.166971e-03,1.117813e-02,1.248890e-03,9.657186e-03,8.008503e-02,3.122316e-02
2.573368e-02,3.034557e-02,5.309538e-03,3.057463e-02,9.959440e-02,4.333607e-02,2.591082e-03,3.439709e-02,6.024221e-01,3.307378e-03,8.802318e-03,1.011582e-03,9.035963e-03,6.098548e-02,4.255316e-02
4.011101e-02,3.969201e-02,1.361941e-02,6.003200e-02,9.963249e-02,4.547295e-02,3.119367e-03,4.730358e-02,4.901385e-01,4.763282e-03,7.271635e-03,1.596547e-03,9.127129e-03,4.651849e-02,9.160165e-02
5.513358e-02,4.788514e-02,1.428712e-02,5.782144e-02,9.435059e-02,4.438968e-02,4.386559e-03,5.477315e-02,4.179155e-01,9.640666e-03,5.848274e-03,2.121171e-03,9.353044e-03,3.378180e-02,1.483124e-01
7.613240e-02,6.925951e-02,1.227811e-02,5.356224e-02,8.621714e-02,6.473421e-02,6.585173e-03,6.807935e-02,3.794179e-01,9.715027e-03,5.041638e-03,2.829372e-03,8.435287e-03,2.420218e-02,1.335105e-01
1.224237e-01,6.253799e-02,9.427499e-03,4.515786e-02,8.188440e-02,1.217619e-01,7.679117e-03,7.952287e-02,3.147611e-01,8.609711e-03,4.451898e-03,3.398644e-03,8.749276e-03,1.740662e-02,1.122275e-01
1.747770e-01,7.003829e-02,7.819291e-03,7.037659e-02,5.948079e-02,1.079347e-01,5.626614e-03,5.971257e-02,2.428428e-01,8.230560e-03,1.634031e-02,4.728128e-03,8.580791e-03,1.815653e-02,1.453551e-01
1.803637e-01,7.980318e-02,7.236986e-03,5.870360e-02,4.277644e-02,7.985024e-02,4.319720e-03,4.482682e-02,2.057386e-01,7.777129e-03,4.925097e-02,1.020654e-02,1.987929e-02,5.429847e-02,1.549684e-01
2.181898e-01,6.855997e-02,8.471727e-03,4.540172e-02,3.992612e-02,6.359871e-02,3.154252e-03,3.233592e-02,1.784927e-01,5.748024e-03,5.773905e-02,8.292034e-03,2.466132e-02,1.315185e-01,1.139102e-01
2.242089e-01,6.168085e-02,9.205603e-03,3.323095e-02,5.000786e-02,4.922085e-02,2.479888e-03,2.316441e-02,1.433626e-01,4.196403e-03,5.767487e-02,6.590368e-03,2.325415e-02,2.256714e-01,8.605098e-02
1.998582e-01,5.626884e-02,9.052430e-03,2.843562e-02,7.027796e-02,3.912130e-02,2.802825e-03,1.758965e-02,1.066969e-01,3.253176e-03,7.095293e-02,9.592258e-03,2.976815e-02,2.842309e-01,7.209872e-02
1.412420e-01,4.195963e-02,7.596912e-03,2.048111e-02,5.131596e-02,2.914648e-02,2.117927e-03,1.233772e-02,7.705972e-02,2.360117e-03,5.547665e-02,8.242602e-03,2.418169e-02,4.622840e-01,6.419740e-02
1.016812e-01,3.078719e-02,5.966654e-03,1.496780e-02,3.788962e-02,2.178833e-02,1.694842e-03,8.713595e-03,5.659408e-02,1.937442e-03,4.207821e-02,6.098292e-03,1.725950e-02,5.640817e-01,8.846150e-02
7.316203e-02,2.407473e-02,5.424615e-03,1.106152e-02,2.852812e-02,1.608663e-02,1.310217e-03,6.156260e-03,4.671573e-02,1.988102e-03,3.369007e-02,4.566285e-03,1.254854e-02,6.549346e-01,7.975255e-02
5.133991e-02,1.743883e-02,3.915375e-03,7.814088e-03,2.055841e-02,1.150049e-02,9.586139e-04,4.333439e-03,3.694161e-02,1.782675e-02,4.047136e-02,3.411973e-03,9.080352e-03,7.117922e-01,6.261655e-02
3.639285e-02,1.294384e-02,2.901339e-03,5.666748e-03,1.545564e-02,8.530318e-03,7.370483e-04,3.126431e-03,4.317912e-02,2.895716e-02,5.005617e-02,2.690492e-03,6.969710e-03,7.194879e-01,6.290521e-02
2.735744e-02,9.658097e-03,2.170198e-03,4.250988e-03,1.289716e-02,6.333064e-03,6.252858e-04,2.401594e-03,7.636987e-02,3.474124e-02,5.088884e-02,2.737812e-03,6.721955e-03,7.026040e-01,6.024249e-02
1.999662e-02,6.931464e-03,1.650298e-03,3.128293e-03,9.710334e-03,4.829897e-03,5.835840e-04,1.986796e-03,6.371146e-02,1.058585e-01,5.666918e-02,2.040302e-03,4.850112e-03,6.603310e-01,5.772213e-02
1.443395e-02,5.134128e-03,2.067197e-03,3.066307e-03,7.353908e-03,8.722304e-03,1.021533e-03,3.065943e-03,6.412058e-02,1.423262e-01,6.101990e-02,1.596438e-03,3.581394e-03,6.000251e-01,8.246510e-02
1.040755e-02,4.484135e-03,1.880133e-03,2.251376e-03,5.507355e-03,8.299598e-03,8.230651e-04,2.278537e-03,6.198802e-02,1.601212e-01,8.612540e-02,1.444488e-03,3.111162e-03,5.502349e-01,1.010431e-01
7.606258e-03,3.559302e-03,1.505117e-03,1.646642e-03,4.173997e-03,6.628904e-03,6.518447e-04,1.675540e-03,6.571968e-02,1.502376e-01,1.013553e-01,1.590906e-03,2.805637e-03,5.460401e-01,1.048033e-01
9.030682e-03,2.777988e-03,1.647572e-03,1.355115e-03,3.343771e-03,5.682837e-03,5.597735e-04,1.375347e-03,6.307739e-02,1.273241e-01,1.096444e-01,2.246175e-03,2.420900e-03,5.889198e-01,8.059423e-02
8.341582e-03,2.308254e-03,1.735772e-03,1.434521e-03,2.988016e-03,4.685664e-03,5.274278e-04,1.483374e-03,5.019168e-02,1.060276e-01,1.504266e-01,2.440517e-03,2.574407e-03,6.062815e-01,5.855303e-02
7.357767e-03,1.962742e-03,1.973764e-03,1.872180e-03,2.906171e-03,3.967085e-03,5.193830e-04,1.640864e-03,4.630359e-02,9.866181e-02,1.547597e-01,2.408020e-03,2.316460e-03,6.300932e-01,4.325727e-02
8.106956e-03,1.962116e-03,3.370279e-03,2.036003e-03,2.502489e-03,3.702415e-03,7.831454e-04,1.620152e-03,4.921044e-02,7.746892e-02,1.717679e-01,3.081974e-03,2.041464e-03,6.415351e-01,3.081073e-02
1.194477e-02,4.071456e-03,1.039938e-02,2.504486e-03,2.393282e-03,4.318208e-03,8.277751e-04,1.618728e-03,5.562776e-02,5.843685e-02,1.765392e-01,3.440449e-03,1.876579e-03,6.434895e-01,2.251159e-02
1.064178e-02,2.327900e-02,3.358191e-02,2.554110e-03,2.235206e-03,4.453340e-03,6.278190e-04,1.434358e-03,7.045632e-02,4.764938e-02,1.804347e-01,3.151143e-03,1.446884e-03,5.978336e-01,2.022048e-02
1.099818e-02,4.892338e-02,8.002668e-02,1.180122e-02,2.819404e-03,6.292854e-03,5.168970e-04,2.367576e-03,1.386119e-01,4.081085e-02,1.526342e-01,2.272677e-03,1.253162e-03,4.354683e-01,6.520279e-02
9.496679e-03,5.197702e-02,1.708935e-01,1.856263e-02,2.601883e-03,8.894680e-03,4.661138e-04,2.000752e-03,1.794062e-01,3.924742e-02,1.144100e-01,1.646436e-03,9.877847e-04,3.120210e-01,8.738789e-02
8.401689e-03,4.476404e-02,3.289907e-01,1.653894e-02,2.190724e-03,8.771230e-03,3.661769e-04,2.288423e-03,1.407022e-01,3.636064e-02,8.130804e-02,1.223807e-03,8.126876e-04,2.198173e-01,1.074634e-01
1.920872e-02,5.271439e-02,4.272575e-01,1.301169e-02,2.729863e-03,1.277610e-02,3.440673e-04,4.424470e-03,1.172156e-01,2.942535e-02,5.833744e-02,9.306889e-04,6.954630e-04,1.605677e-01,1.003610e-01
