1.000000e+00,0.000000e+00,0.000000e+00,0.000000e+00,0.000000e+00,0.000000e+00,0.000000e+00,0.000000e+00,0.000000e+00,0.000000e+00,0.000000e+00,0.000000e+00,0.000000e+00,0.000000e+00,0.000000e+00
1.000000e+00,0.000000e+00,0.000000e+00,0.000000e+00,0.000000e+00,0.000000e+00,0.000000e+00,0.000000e+00,0.000000e+00,0.000000e+00,0.000000e+00,0.000000e+00,0.000000e+00,0.000000e+00,0.000000e+00
1.000000e+00,0.000000e+00,0.000000e+00,0.000000e+00,0.000000e+00,0.000000e+00,0.000000e+00,0.000000e+00,0.000000e+00,0.000000e+00,0.000000e+00,0.000000e+00,0.000000e+00,0.000000e+00,0.000000e+00
1.000000e+00,0.000000e+00,0.000000e+00,0.000000e+00,0.000000e+00,0.000000e+00,0.000000e+00,0.000000e+00,0.000000e+00,0.000000e+00,0.000000e+00,0.000000e+00,0.000000e+00,0.000000e+00,0.000000e+00
1.000000e+00,0.000000e+00,0.000000e+00,0.000000e+00,0.000000e+00,0.000000e+00,0.000000e+00,0.000000e+00,0.000000e+00,0.000000e+00,0.000000e+00,0.000000e+00,0.000000e+00,0.000000e+00,0.000000e+00
1.000000e+00,0.000000e+00,0.000000e+00,0.000000e+00,0.000000e+00,0.000000e+00,0.000000e+00,0.000000e+00,0.000000e+00,0.000000e+00,0.000000e+00,0.000000e+00,0.000000e+00,0.000000e+00,0.000000e+00
1.000000e+00,0.000000e+00,0.000000e+00,0.000000e+00,0.000000e+00,0.000000e+00,0.000000e+00,0.000000e+00,0.000000e+00,0.000000e+00,0.000000e+00,0.000000e+00,0.000000e+00,0.000000e+00,0.000000e+00
1.000000e+00,0.000000e+00,0.000000e+00,0.000000e+00,0.000000e+00,0.000000e+00,0.000000e+00,0.000000e+00,0.000000e+00,0.000000e+00,0.000000e+00,0.000000e+00,0.000000e+00,0.000000e+00,0.000000e+00
1.000000e+00,0.000000e+00,0.000000e+00,0.000000e+00,0.000000e+00,0.000000e+00,0.000000e+00,0.000000e+00,0.000000e+00,0.000000e+00,0.000000e+00,0.000000e+00,0.000000e+00,0.000000e+00,0.000000e+00
1.000000e+00,0.000000e+00,0.000000e+00,0.000000e+00,0.000000e+00,0.000000e+00,0.000000e+00,0.000000e+00,0.000000e+00,0.000000e+00,0.000000e+00,0.000000e+00,0.000000e+00,0.000000e+00,0.000000e+00
1.000000e+00,0.000000e+00,0.000000e+00,0.000000e+00,0.000000e+00,0.000000e+00,0.000000e+00,0.000000e+00,0.000000e+00,0.000000e+00,0.000000e+00,0.000000e+00,0.000000e+00,0.000000e+00,0.000000e+00
1.000000e+00,0.000000e+00,0.000000e+00,0.000000e+00,0.000000e+00,0.000000e+00,0.000000e+00,0.000000e+00,0.000000e+00,0.000000e+00,0.000000e+00,0.000000e+00,0.000000e+00,0.000000e+00,0.000000e+00
1.000000e+00,0.000000e+00,0.000000e+00,0.000000e+00,0.000000e+00,0.000000e+00,0.000000e+00,0.000000e+00,0.000000e+00,0.000000e+00,0.000000e+00,0.000000e+00,0.000000e+00,0.000000e+00,0.000000e+00
1.000000e+00,0.000000e+00,0.000000e+00,0.000000e+00,0.000000e+00,0.000000e+00,0.000000e+00,0.000000e+00,0.000000e+00,0.000000e+00,0.000000e+00,0.000000e+00,0.000000e+00,0.000000e+00,0.000000e+00
1.000000e+00,0.000000e+00,0.000000e+00,0.000000e+00,0.000000e+00,0.000000e+00,0.000000e+00,0.000000e+00,0.000000e+00,0.000000e+00,0.000000e+00,0.000000e+00,0.000000e+00,0.000000e+00,0.000000e+00
1.000000e+00,0.000000e+00,0.000000e+00,0.000000e+00,0.000000e+00,0.000000e+00,0.000000e+00,0.000000e+00,0.000000e+00,0.000000e+00,0.000000e+00,0.000000e+00,0.000000e+00,0.000000e+00,0.000000e+00
1.000000e+00,0.000000e+00,0.000000e+00,0.000000e+00,0.000000e+00,0.000000e+00,0.000000e+00,0.000000e+00,0.000000e+00,0.000000e+00,0.000000e+00,0.000000e+00,0.000000e+00,0.000000e+00,0.000000e+00
1.000000e+00,0.000000e+00,0.000000e+00,0.000000e+00,0.000000e+00,0.000000e+00,0.000000e+00,0.000000e+00,0.000000e+00,0.000000e+00,0.000000e+00,0.000000e+00,0.000000e+00,0.000000e+00,0.000000e+00
1.000000e+00,0.000000e+00,0.000000e+00,0.000000e+00,0.000000e+00,0.000000e+00,0.000000e+00,0.000000e+00,0.000000e+00,0.000000e+00,0.000000e+00,0.000000e+00,0.000000e+00,0.000000e+00,0.000000e+00
1.000000e+00,0.000000e+00,0.000000e+00,0.000000e+00,0.000000e+00,0.000000e+00,0.000000e+00,0.000000e+00,0.000000e+00,0.000000e+00,0.000000e+00,0.000000e+00,0.000000e+00,0.000000e+00,0.000000e+00
1.000000e+00,0.000000e+00,0.000000e+00,0.000000e+00,0.000000e+00,0.000000e+00,0.000000e+00,0.000000e+00,0.000000e+00,0.000000e+00,0.000000e+00,0.000000e+00,0.000000e+00,0.000000e+00,0.000000e+00
1.000000e+00,0.000000e+00,0.000000e+00,0.000000e+00,0.000000e+00,0.000000e+00,0.000000e+00,0.000000e+00,0.000000e+00,0.000000e+00,0.000000e+00,0.000000e+00,0.000000e+00,0.000000e+00,0.000000e+00
1.000000e+00,0.000000e+00,0.000000e+00,0.000000e+00,0.000000e+00,0.000000e+00,0.000000e+00,0.000000e+00,0.000000e+00,0.000000e+00,0.000000e+00,0.000000e+00,0.000000e+00,0.000000e+00,0.000000e+00
1.000000e+00,0.000000e+00,0.000000e+00,0.000000e+00,0.000000e+00,0.000000e+00,0.000000e+00,0.000000e+00,0.000000e+00,0.000000e+00,0.000000e+00,0.000000e+00,0.000000e+00,0.000000e+00,0.000000e+00
1.000000e+00,0.000000e+00,0.000000e+00,0.000000e+00,0.000000e+00,0.000000e+00,0.000000e+00,0.000000e+00,0.000000e+00,0.000000e+00,0.000000e+00,0.000000e+00,0.000000e+00,0.000000e+00,0.000000e+00
1.000000e+00,0.000000e+00,0.000000e+00,0.000000e+00,0.000000e+00,0.000000e+00,0.000000e+00,0.000000e+00,0.000000e+00,0.000000e+00,0.000000e+00,0.000000e+00,0.000000e+00,0.000000e+00,0.000000e+00
1.000000e+00,0.000000e+00,0.000000e+00,0.000000e+00,0.000000e+00,0.000000e+00,0.000000e+00,0.000000e+00,0.000000e+00,0.000000e+00,0.000000e+00,0.000000e+00,0.000000e+00,0.000000e+00,0.000000e+00
1.000000e+00,0.000000e+00,0.000000e+00,0.000000e+00,0.000000e+00,0.000000e+00,0.000000e+00,0.000000e+00,0.000000e+00,0.000000e+00,0.000000e+00,0.000000e+00,0.000000e+00,0.000000e+00,0.000000e+00
1.000000e+00,0.000000e+00,0.000000e+00,0.000000e+00,0.000000e+00,0.000000e+00,0.000000e+00,0.000000e+00,0.000000e+00,0.000000e+00,0.000000e+00,0.000000e+00,0.000000e+00,0.000000e+00,0.000000e+00
1.000000e+00,0.000000e+00,0.000000e+00,0.000000e+00,0.000000e+00,0.000000e+00,0.000000e+00,0.000000e+00,0.000000e+00,0.000000e+00,0.000000e+00,0.000000e+00,0.000000e+00,0.000000e+00,0.000000e+00
1.000000e+00,0.000000e+00,0.000000e+00,0.000000e+00,0.000000e+00,0.000000e+00,0.000000e+00,0.000000e+00,0.000000e+00,0.000000e+00,0.000000e+00,0.000000e+00,0.000000e+00,0.000000e+00,0.000000e+00
1.000000e+00,0.000000e+00,0.000000e+00,0.000000e+00,0.000000e+00,0.000000e+00,0.000000e+00,0.000000e+00,0.000000e+00,0.000000e+00,0.000000e+00,0.000000e+00,0.000000e+00,0.000000e+00,0.000000e+00
1.000000e+00,0.000000e+00,0.000000e+00,0.000000e+00,0.000000e+00,0.000000e+00,0.000000e+00,0.000000e+00,0.000000e+00,0.000000e+00,0.000000e+00,0.000000e+00,0.000000e+00,0.000000e+00,0.000000e+00
1.000000e+00,0.000000e+00,0.000000e+00,0.000000e+00,0.000000e+00,0.000000e+00,0.000000e+00,0.000000e+00,0.000000e+00,0.000000e+00,0.000000e+00,0.000000e+00,0.000000e+00,0.000000e+00,0.000000e+00
1.000000e+00,0.000000e+00,0.000000e+00,0.000000e+00,0.000000e+00,0.000000e+00,0.000000e+00,0.000000e+00,0.000000e+00,0.000000e+00,0.000000e+00,0.000000e+00,0.000000e+00,0.000000e+00,0.000000e+00
1.000000e+00,0.000000e+00,0.000000e+00,0.000000e+00,0.000000e+00,0.000000e+00,0.000000e+00,0.000000e+00,0.000000e+00,0.000000e+00,0.000000e+00,0.000000e+00,0.000000e+00,0.000000e+00,0.000000e+00
1.000000e+00,0.000000e+00,0.000000e+00,0.000000e+00,0.000000e+00,0.000000e+00,0.000000e+00,0.000000e+00,0.000000e+00,0.000000e+00,0.000000e+00,0.000000e+00,0.000000e+00,0.000000e+00,0.000000e+00
1.000000e+00,0.000000e+00,0.000000e+00,0.000000e+00,0.000000e+00,0.000000e+00,0.000000e+00,0.000000e+00,0.000000e+00,0.000000e+00,0.000000e+00,0.000000e+00,0.000000e+00,0.000000e+00,0.000000e+00
1.000000e+00,0.000000e+00,0.000000e+00,0.000000e+00,0.000000e+00,0.000000e+00,0.000000e+00,0.000000e+00,0.000000e+00,0.000000e+00,0.000000e+00,0.000000e+00,0.000000e+00,0.000000e+00,0.000000e+00
1.000000e+00,0.000000e+00,0.000000e+00,0.000000e+00,0.000000e+00,0.000000e+00,0.000000e+00,0.000000e+00,0.000000e+00,0.000000e+00,0.000000e+00,0.000000e+00,0.000000e+00,0.000000e+00,0.000000e+00
1.000000e+00,0.000000e+00,0.000000e+00,0.000000e+00,0.000000e+00,0.000000e+00,0.000000e+00,0.000000e+00,0.000000e+00,0.000000e+00,0.000000e+00,0.000000e+00,0.000000e+00,0.000000e+00,0.000000e+00
1.000000e+00,0.000000e+00,0.000000e+00,0.000000e+00,0.000000e+00,0.000000e+00,0.000000e+00,0.000000e+00,0.000000e+00,0.000000e+00,0.000000e+00,0.000000e+00,0.000000e+00,0.000000e+00,0.000000e+00
1.000000e+00,0.000000e+00,0.000000e+00,0.000000e+00,0.000000e+00,0.000000e+00,0.000000e+00,0.000000e+00,0.000000e+00,0.000000e+00,0.000000e+00,0.000000e+00,0.000000e+00,0.000000e+00,0.000000e+00
1.000000e+00,0.000000e+00,0.000000e+00,0.000000e+00,0.000000e+00,0.000000e+00,0.000000e+00,0.000000e+00,0.000000e+00,0.000000e+00,0.000000e+00,0.000000e+00,0.000000e+00,0.000000e+00,0.000000e+00
1.000000e+00,0.000000e+00,0.000000e+00,0.000000e+00,0.000000e+00,0.000000e+00,0.000000e+00,0.000000e+00,0.000000e+00,0.000000e+00,0.000000e+00,0.000000e+00,0.000000e+00,0.000000e+00,0.000000e+00
1.000000e+00,0.000000e+00,0.000000e+00,0.000000e+00,0.000000e+00,0.000000e+00,0.000000e+00,0.000000e+00,0.000000e+00,0.000000e+00,0.000000e+00,0.000000e+00,0.000000e+00,0.000000e+00,0.000000e+00
1.000000e+00,0.000000e+00,0.000000e+00,0.000000e+00,0.000000e+00,0.000000e+00,0.000000e+00,0.000000e+00,0.000000e+00,0.000000e+00,0.000000e+00,0.000000e+00,0.000000e+00,0.000000e+00,0.000000e+00
1.000000e+00,0.000000e+00,0.000000e+00,0.000000e+00,0.000000e+00,0.000000e+00,0.000000e+00,0.000000e+00,0.000000e+00,0.000000e+00,0.000000e+00,0.000000e+00,0.000000e+00,0.000000e+00,0.000000e+00
1.000000e+00,0.000000e+00,0.000000e+00,0.000000e+00,0.000000e+00,0.000000e+00,0.000000e+00,0.000000e+00,0.000000e+00,0.000000e+00,0.000000e+00,0.000000e+00,0.000000e+00,0.000000e+00,0.000000e+00
1.000000e+00,0.000000e+00,0.000000e+00,0.000000e+00,0.000000e+00,0.000000e+00,0.000000e+00,0.000000e+00,0.000000e+00,0.000000e+00,0.000000e+00,0.000000e+00,0.000000e+00,0.000000e+00,0.000000e+00
1.000000e+00,0.000000e+00,0.000000e+00,0.000000e+00,0.000000e+00,0.000000e+00,0.000000e+00,0.000000e+00,0.000000e+00,0.000000e+00,0.000000e+00,0.000000e+00,0.000000e+00,0.000000e+00,0.000000e+00
1.000000e+00,0.000000e+00,0.000000e+00,0.000000e+00,0.000000e+00,0.000000e+00,0.000000e+00,0.000000e+00,0.000000e+00,0.000000e+00,0.000000e+00,0.000000e+00,0.000000e+00,0.000000e+00,0.000000e+00
1.000000e+00,0.000000e+00,0.000000e+00,0.000000e+00,0.000000e+00,0.000000e+00,0.000000e+00,0.000000e+00,0.000000e+00,0.000000e+00,0.000000e+00,0.000000e+00,0.000000e+00,0.000000e+00,0.000000e+00
1.000000e+00,0.000000e+00,0.000000e+00,0.000000e+00,0.000000e+00,0.000000e+00,0.000000e+00,0.000000e+00,0.000000e+00,0.000000e+00,0.000000e+00,0.000000e+00,0.000000e+00,0.000000e+00,0.000000e+00
1.000000e+00,0.000000e+00,0.000000e+00,0.000000e+00,0.000000e+00,0.000000e+00,0.000000e+00,0.000000e+00,0.000000e+00,0.000000e+00,0.000000e+00,0.000000e+00,0.000000e+00,0.000000e+00,0.000000e+00
4.951209e-01,2.567954e-02,7.057391e-02,2.756219e-02,4.528119e-03,3.132568e-02,8.031169e-03,4.201725e-02,1.377919e-02,1.141687e-02,8.768401e-02,1.668631e-02,1.801781e-02,1.059739e-01,4.160323e-02
3.474331e-01,2.426054e-02,6.176925e-02,2.251269e-02,3.357704e-03,2.312951e-02,5.654324e-03,3.140772e-02,1.548506e-02,1.541660e-02,2.578741e-01,1.277457e-02,1.454521e-02,1.297893e-01,3.459027e-02
2.445241e-01,1.888619e-02,4.781284e-02,1.728021e-02,2.767494e-03,1.676457e-02,4.003208e-03,2.342385e-02,1.677719e-02,1.284847e-02,3.843275e-01,1.305215e-02,1.178835e-02,1.599073e-01,2.583647e-02
1.718816e-01,1.463774e-02,3.604084e-02,1.334807e-02,2.461733e-03,1.248815e-02,2.903720e-03,1.710781e-02,1.512949e-02,1.034916e-02,4.814691e-01,2.247808e-02,9.205728e-03,1.710179e-01,1.948093e-02
1.207206e-01,1.051868e-02,2.532179e-02,1.052213e-02,2.612792e-03,9.327406e-03,2.087265e-03,1.216647e-02,1.245899e-02,8.478547e-03,5.325296e-01,2.641018e-02,6.777980e-03,2.060581e-01,1.400951e-02
8.460364e-02,7.468558e-03,1.773483e-02,8.329112e-03,2.283728e-03,7.827861e-03,1.476650e-03,8.541696e-03,9.517983e-03,6.855336e-03,6.204946e-01,2.025020e-02,4.921101e-03,1.895917e-01,1.010298e-02
5.929005e-02,5.334732e-03,1.244036e-02,5.939335e-03,2.178410e-03,6.609743e-03,1.045815e-03,6.004232e-03,7.407895e-03,5.331926e-03,6.688730e-01,1.668938e-02,3.593626e-03,1.919874e-01,7.274069e-03
4.157288e-02,3.820144e-03,8.978732e-03,4.221246e-03,3.077269e-03,1.956598e-02,8.169366e-04,4.318852e-03,5.306186e-03,4.231836e-03,6.751242e-01,1.218073e-02,2.715359e-03,2.085411e-01,5.528550e-03
2.913416e-02,2.690607e-03,6.297788e-03,3.000280e-03,2.673282e-03,2.146744e-02,5.795794e-04,3.036991e-03,3.797976e-03,3.330528e-03,6.707790e-01,9.106193e-03,2.088042e-03,2.379757e-01,4.042331e-03
2.042126e-02,1.923722e-03,4.440300e-03,2.137792e-03,2.693397e-03,1.804082e-02,4.162983e-04,2.135579e-03,2.754557e-03,2.665297e-03,6.419451e-01,7.571014e-03,1.580991e-03,2.883458e-01,2.928064e-03
1.432529e-02,1.431120e-03,3.142810e-03,1.515835e-03,2.474463e-03,1.378218e-02,3.037332e-04,1.500979e-03,2.039120e-03,2.307418e-03,5.924361e-01,6.540673e-03,1.233467e-03,3.547949e-01,2.171972e-03
1.005948e-02,1.260628e-03,2.281242e-03,1.077269e-03,2.386182e-03,1.022505e-02,2.555297e-04,1.058068e-03,1.649787e-03,2.139865e-03,5.457360e-01,6.030062e-03,1.017266e-03,4.132053e-01,1.618293e-03
7.122696e-03,1.153880e-03,5.766065e-03,8.055941e-04,3.157458e-03,8.232295e-03,5.618632e-04,8.252866e-04,2.042476e-03,2.332571e-03,4.717903e-01,7.141682e-03,1.008448e-03,4.867440e-01,1.315426e-03
5.053901e-03,1.168844e-03,4.431376e-03,5.825083e-04,2.807915e-03,6.631723e-03,4.423993e-04,6.001991e-04,3.294554e-03,2.213686e-03,4.592046e-01,7.748602e-03,9.002070e-04,5.038514e-01,1.068043e-03
3.599728e-03,1.092766e-03,3.268055e-03,4.689827e-04,2.728100e-03,5.121889e-03,3.805863e-04,4.363655e-04,3.949944e-03,3.791771e-03,5.320161e-01,8.930255e-03,8.548663e-04,4.322423e-01,1.118279e-03
2.786244e-03,3.282132e-03,2.958527e-03,8.437830e-04,5.564615e-03,1.494757e-02,8.315035e-04,7.584679e-04,1.292534e-02,9.472270e-03,5.429283e-01,8.995833e-03,8.435610e-04,3.903327e-01,2.529110e-03
2.211109e-03,3.156726e-03,2.300837e-03,8.033785e-04,5.162391e-03,1.273966e-02,7.745059e-04,6.787291e-04,1.222640e-02,1.210037e-02,5.507357e-01,8.468769e-03,8.424266e-04,3.846829e-01,3.116071e-03
2.650192e-03,3.229788e-03,5.295623e-03,1.548371e-03,1.156330e-02,1.258698e-02,1.151706e-03,9.192474e-03,1.475246e-02,1.522139e-02,5.071449e-01,7.475809e-03,1.492750e-03,4.040893e-01,2.604989e-03
3.180149e-03,3.361255e-03,8.442428e-03,2.236395e-03,1.048077e-01,1.113148e-02,2.416184e-03,1.310586e-02,5.368558e-02,1.717282e-02,4.123087e-01,5.705058e-03,1.738053e-03,3.585321e-01,2.176254e-03
2.858273e-03,3.547830e-03,6.090268e-03,1.682051e-03,1.391914e-01,9.115208e-03,2.141397e-03,9.507466e-03,2.518382e-01,1.343002e-02,2.949780e-01,4.208664e-03,1.307039e-03,2.582631e-01,1.841118e-03
3.136745e-03,5.338780e-03,5.564953e-03,1.997998e-03,1.100714e-01,3.038834e-02,2.136651e-03,7.755696e-03,4.000769e-01,1.509044e-02,2.096299e-01,4.100822e-03,3.650265e-03,1.901450e-01,1.091612e-02
5.100172e-03,6.855308e-03,6.417808e-03,2.748896e-03,9.777017e-02,3.711912e-02,2.093933e-03,7.036055e-03,4.887510e-01,1.743278e-02,1.538820e-01,6.130670e-03,1.161336e-02,1.408796e-01,1.616914e-02
4.406690e-03,7.373006e-03,5.064641e-03,9.921312e-03,7.407541e-02,3.073361e-02,1.523862e-03,5.639657e-03,6.035090e-01,1.390024e-02,1.111215e-01,5.574607e-03,1.184342e-02,9.895089e-02,1.636221e-02
1.057933e-02,8.828459e-03,3.849715e-03,8.784020e-03,7.262969e-02,5.992489e-02,1.347705e-03,6.541266e-03,6.100780e-01,1.163899e-02,7.937431e-02,5.004025e-03,1.882882e-02,6.982052e-02,3.277021e-02
1.188897e-02,1.321687e-02,2.916318e-03,2.650272e-02,5.664660e-02,5.177347e-02,1.241036e-03,1.039571e-02,6.473456e-01,1.076394e-02,5.800766e-02,6.241764e-03,2.066867e-02,4.918152e-02,3.320917e-02
3.104873e-02,1.709266e-02,2.710600e-03,4.944724e-02,4.774842e-02,5.762977e-02,1.278848e-03,1.666719e-02,6.104906e-01,1.035071e-02,4.374083e-02,7.740873e-03,1.998850e-02,3.541348e-02,4.865162e-02
3.733991e-02,1.954669e-02,2.643394e-03,6.266358e-02,3.802463e-02,4.778736e-02,1.098398e-03,2.286136e-02,5.929714e-01,1.358388e-02,3.603082e-02,8.163553e-03,2.084752e-02,2.538669e-02,7.105086e-02
3.485792e-02,2.149222e-02,2.208638e-03,5.111624e-02,2.795119e-02,3.853876e-02,1.008903e-03,1.683599e-02,5.230400e-01,1.067831e-02,2.746255e-02,6.410331e-03,1.602396e-01,1.809475e-02,6.006459e-02
3.239941e-02,2.164817e-02,2.348633e-03,4.009460e-02,2.197461e-02,3.350333e-02,1.595347e-03,1.342850e-02,4.876952e-01,8.734805e-03,2.123204e-02,6.172123e-03,2.342725e-01,1.353516e-02,6.136558e-02
3.239371e-02,1.871394e-02,3.600503e-03,3.385382e-02,3.242910e-02,6.241975e-02,7.823795e-03,1.675739e-02,4.124979e-01,6.582921e-03,1.965814e-02,5.740316e-03,2.877115e-01,1.040396e-02,4.941326e-02
5.195096e-02,1.671212e-02,3.579104e-03,2.466979e-02,3.544494e-02,7.164426e-02,1.078600e-02,1.366261e-02,3.183985e-01,4.775666e-03,1.597617e-02,9.403257e-03,3.762529e-01,8.237609e-03,3.850604e-02
5.077497e-02,2.114514e-02,9.076791e-03,2.209400e-02,4.015461e-02,9.135786e-02,1.704753e-02,1.095122e-02,2.668902e-01,4.378719e-03,1.652728e-02,2.041133e-02,3.774119e-01,6.607744e-03,4.517066e-02
5.377322e-02,2.857983e-02,1.357634e-02,2.477867e-02,4.400495e-02,8.147204e-02,1.767126e-02,1.209197e-02,2.289569e-01,4.745431e-03,1.939651e-02,2.199662e-02,3.821610e-01,5.879861e-03,6.091534e-02
6.599603e-02,2.390014e-02,1.065410e-02,2.074661e-02,4.097066e-02,7.418875e-02,1.441149e-02,1.138003e-02,1.932175e-01,3.505071e-03,1.778219e-02,2.504872e-02,4.472915e-01,4.692896e-03,4.621432e-02
7.047288e-02,1.940429e-02,7.890059e-03,1.775846e-02,3.075709e-02,5.766422e-02,1.041524e-02,9.776949e-03,1.541982e-01,2.655166e-03,1.410742e-02,2.581333e-02,5.401703e-01,3.635316e-03,3.528109e-02
5.786217e-02,1.661069e-02,6.230629e-03,1.318850e-02,2.330414e-02,4.657327e-02,8.765204e-03,8.551900e-03,1.141420e-01,1.960012e-03,1.112060e-02,2.370411e-02,6.395013e-01,2.890599e-03,2.559491e-02
5.053895e-02,1.397349e-02,7.573157e-03,1.065752e-02,1.815430e-02,4.950774e-02,7.781249e-03,7.065722e-03,8.279597e-02,1.599628e-03,1.001896e-02,2.320366e-02,6.955214e-01,2.636855e-03,1.897144e-02
3.960365e-02,1.102857e-02,5.709823e-03,7.794511e-03,1.564262e-02,3.652147e-02,5.897529e-03,5.241619e-03,6.045809e-02,1.311905e-03,7.869961e-03,3.326699e-02,7.539301e-01,1.958520e-03,1.376472e-02
3.144624e-02,8.321506e-03,4.331485e-03,5.626112e-03,1.281271e-02,2.669700e-02,4.326457e-03,3.806667e-03,4.445503e-02,1.067660e-03,6.227372e-03,5.353233e-02,7.857802e-01,1.504709e-03,1.006458e-02
3.391762e-02,8.679433e-03,3.977498e-03,4.096499e-03,1.429833e-02,1.997825e-02,3.963352e-03,3.002160e-03,3.769297e-02,8.495488e-04,4.652462e-03,5.145656e-02,8.049018e-01,1.311455e-03,7.222052e-03
2.986685e-02,6.233018e-03,2.936473e-03,2.905287e-03,1.210937e-02,1.443296e-02,2.911132e-03,2.270433e-03,2.783484e-02,6.218755e-04,3.395572e-03,4.040105e-02,8.480575e-01,9.518960e-04,5.071771e-03
3.546167e-02,4.838231e-03,2.487598e-03,2.105801e-03,1.191026e-02,1.086209e-02,2.487017e-03,1.871536e-03,2.225927e-02,4.931920e-04,2.484174e-03,3.807390e-02,8.603761e-01,7.192103e-04,3.570003e-03
4.208710e-02,1.705264e-02,1.523591e-02,1.786743e-03,2.211350e-02,2.264464e-02,4.455557e-03,2.819245e-03,2.426015e-02,7.890144e-04,2.078667e-03,3.795414e-02,8.030933e-01,7.582923e-04,2.871176e-03
4.451909e-02,2.521907e-02,1.471349e-02,1.916378e-03,3.260386e-02,2.172112e-02,8.017549e-03,9.840727e-03,5.333796e-02,8.293821e-04,2.142946e-03,4.057625e-02,7.408456e-01,1.193267e-03,2.523343e-03
3.647831e-02,2.808309e-02,1.247603e-02,1.540442e-03,2.588599e-02,3.588566e-02,9.271626e-03,1.046260e-02,1.729217e-01,9.280287e-04,2.478842e-03,3.027717e-02,6.297458e-01,9.779037e-04,2.586762e-03
3.378891e-02,2.370019e-02,1.529614e-02,5.965655e-03,3.921722e-02,5.085912e-02,1.017998e-02,9.839558e-03,3.163462e-01,1.367611e-03,2.615480e-03,2.170596e-02,4.645946e-01,8.047216e-04,3.718710e-03
3.453037e-02,2.955682e-02,1.400098e-02,6.191863e-03,2.932036e-02,6.974512e-02,8.086798e-03,9.721130e-03,4.321272e-01,1.287394e-03,2.194216e-03,1.560228e-02,3.420902e-01,6.334413e-04,4.911885e-03
4.280628e-02,2.849670e-02,1.429160e-02,1.393120e-02,2.912216e-02,8.441351e-02,9.372866e-03,2.753205e-02,4.693183e-01,1.396954e-03,1.684546e-03,1.118196e-02,2.609579e-01,4.704148e-04,5.023564e-03
3.588794e-02,2.040403e-02,1.041293e-02,1.005437e-02,2.595870e-02,6.376196e-02,8.797637e-03,2.643921e-01,3.619183e-01,9.827320e-04,1.202959e-03,7.844500e-03,1.845122e-01,3.314486e-04,3.538155e-03
2.804297e-02,1.438489e-02,7.319770e-03,7.190421e-03,2.096610e-02,4.543964e-02,6.560219e-03,4.715820e-01,2.594159e-01,6.888079e-04,8.705517e-04,5.502203e-03,1.293203e-01,2.328169e-04,2.483411e-03
2.376868e-02,1.013498e-02,5.217888e-03,5.218183e-03,1.675416e-02,3.325457e-02,5.629053e-03,6.186312e-01,1.832976e-01,4.865858e-04,6.363629e-04,3.864466e-03,9.118608e-02,1.648304e-04,1.755351e-03
2.242219e-02,7.217492e-03,3.929768e-03,3.834791e-03,1.285696e-02,4.353482e-02,5.488791e-03,6.979632e-01,1.288773e-01,3.574784e-04,5.753856e-04,2.793312e-03,6.872432e-02,1.203640e-04,1.303924e-03
2.132612e-02,5.300710e-03,3.232719e-03,3.339509e-03,1.005179e-02,1.014658e-01,5.381902e-03,7.017550e-01,9.063666e-02,2.901052e-04,1.087974e-03,2.194886e-03,5.253567e-02,9.412607e-05,1.306976e-03
2.128679e-02,4.015766e-03,2.782551e-03,2.946449e-03,9.430945e-03,2.989671e-01,5.803518e-03,5.373975e-01,6.356820e-02,2.436680e-04,1.453526e-03,1.771710e-03,4.897935e-02,7.789228e-05,1.275080e-03
2.049880e-02,3.340855e-03,2.504003e-03,3.527350e-03,1.392915e-02,4.691257e-01,4.927642e-03,3.967389e-01,4.521218e-02,2.184308e-04,1.440313e-03,1.697973e-03,3.559544e-02,7.686217e-05,1.166441e-03
1.566971e-02,2.437216e-03,1.900064e-03,2.696610e-03,1.046928e-02,6.049291e-01,3.582557e-03,2.980814e-01,3.177229e-02,1.640963e-04,1.040896e-03,1.315069e-03,2.502707e-02,6.077737e-05,8.538474e-04
1.292498e-02,1.857282e-03,1.507637e-03,2.079571e-03,8.103381e-03,7.038448e-01,2.663546e-03,2.242359e-01,2.237974e-02,1.426912e-04,7.701461e-04,1.163353e-03,1.764030e-02,4.936049e-05,6.372654e-04
1.750522e-02,1.713361e-03,1.373823e-03,1.947702e-03,7.233395e-03,7.652326e-01,2.507729e-03,1.704938e-01,1.592386e-02,2.704291e-04,6.731467e-04,1.522111e-03,1.277431e-02,6.541017e-05,7.631711e-04
2.147672e-02,1.717957e-03,1.328062e-03,2.081723e-03,6.799414e-03,8.136452e-01,2.308534e-03,1.252871e-01,1.144455e-02,4.317195e-04,6.476261e-04,2.251455e-03,9.394019e-03,9.839464e-05,1.087581e-03
3.231672e-02,2.345395e-03,1.996528e-03,2.143180e-03,6.097478e-03,8.350886e-01,2.633452e-03,9.128881e-02,8.596075e-03,9.976041e-04,2.111449e-03,4.190573e-03,8.113524e-03,2.705219e-04,1.810046e-03
2.369432e-02,1.839810e-03,1.562657e-03,1.542219e-03,4.445025e-03,8.700591e-01,1.926811e-03,6.402814e-02,6.101655e-03,1.604537e-03,7.772582e-03,7.474595e-03,6.122843e-03,3.117235e-04,1.513925e-03
1.807347e-02,1.426942e-03,1.248976e-03,1.101034e-03,3.236643e-03,8.786857e-01,1.668499e-03,4.494849e-02,4.320483e-03,1.991257e-03,1.037295e-02,2.655897e-02,4.709037e-03,3.715805e-04,1.286010e-03
1.319724e-02,1.160313e-03,1.037573e-03,7.953478e-04,2.324528e-03,6.814052e-01,1.532111e-03,3.152505e-02,3.152949e-03,1.829962e-03,2.693053e-02,2.295588e-01,3.824243e-03,4.141809e-04,1.312007e-03
9.371228e-03,8.636491e-04,7.897457e-04,5.751186e-04,1.661647e-03,5.272136e-01,1.252115e-03,2.210329e-02,2.292091e-03,1.386748e-03,3.503448e-02,3.931867e-01,2.828268e-03,3.733595e-04,1.067879e-03
6.587965e-03,6.108672e-04,5.627187e-04,4.089269e-04,1.178745e-03,3.717212e-01,9.128002e-04,1.547783e-02,1.747342e-03,1.004928e-03,3.276264e-02,5.639432e-01,2.030829e-03,2.885310e-04,7.614560e-04
4.667435e-03,4.467954e-04,4.136236e-04,3.010294e-04,9.576828e-04,2.611188e-01,7.252735e-04,1.086474e-02,1.735889e-03,7.615050e-04,4.876180e-02,6.669102e-01,1.523114e-03,2.589763e-04,5.531295e-04
3.511077e-03,3.890097e-04,3.391533e-04,2.539837e-04,1.412916e-03,1.845434e-01,9.479156e-04,7.779238e-03,2.808478e-03,6.110645e-04,1.341724e-01,6.612114e-01,1.369799e-03,2.233744e-04,4.268652e-04
5.128620e-03,1.663005e-03,2.709824e-03,3.978537e-04,3.426915e-02,1.416498e-01,2.124615e-02,2.022082e-02,3.410748e-02,9.380167e-04,2.033733e-01,5.314474e-01,1.966088e-03,4.077777e-04,4.747894e-04
4.795764e-03,8.859363e-03,4.220193e-03,4.480146e-04,3.917532e-02,1.024477e-01,1.759324e-02,1.652553e-02,7.804535e-02,8.891179e-04,3.045893e-01,4.178701e-01,3.306197e-03,6.789186e-04,5.558837e-04
6.166499e-03,2.889221e-02,1.034687e-02,7.061252e-04,4.207430e-02,8.204246e-02,1.612552e-02,1.656304e-02,9.975094e-02,9.277114e-04,3.552966e-01,3.352192e-01,4.228712e-03,8.452672e-04,8.145079e-04
4.649801e-03,5.456124e-02,9.020565e-03,5.941304e-04,3.378308e-02,6.155587e-02,1.155349e-02,1.238808e-02,1.277517e-01,1.122520e-03,4.005373e-01,2.752843e-01,5.376348e-03,1.138714e-03,6.828437e-04
4.080552e-03,5.862841e-02,9.943428e-03,6.026544e-04,3.573283e-02,5.314035e-02,8.418240e-03,1.078731e-02,1.584355e-01,1.221766e-03,4.390130e-01,2.107601e-01,7.058096e-03,1.572008e-03,6.057569e-04
4.614225e-03,5.320144e-02,1.072640e-02,6.608414e-04,3.540853e-02,4.310958e-02,6.614374e-03,1.509293e-02,1.517016e-01,2.495418e-03,4.709031e-01,1.796051e-01,2.267289e-02,2.510869e-03,6.827157e-04
5.101369e-03,4.942405e-02,1.124325e-02,6.824423e-04,3.238385e-02,3.916357e-02,4.905025e-03,1.536595e-02,1.379844e-01,4.591841e-03,5.100444e-01,1.509024e-01,3.362198e-02,3.888289e-03,6.972075e-04
6.736800e-03,5.640806e-02,2.311100e-02,1.001236e-03,5.197648e-02,4.470636e-02,3.818615e-03,3.534238e-02,1.518968e-01,5.870930e-03,4.575775e-01,1.178383e-01,3.760689e-02,5.128277e-03,9.802836e-04
6.970549e-03,4.777848e-02,1.882359e-02,1.298384e-03,7.020733e-02,5.985249e-02,3.185657e-03,5.176349e-02,1.885776e-01,6.831514e-03,3.740429e-01,1.139902e-01,4.998089e-02,5.614548e-03,1.082330e-03
7.018743e-03,3.749941e-02,1.471670e-02,1.361800e-03,7.960706e-02,6.558482e-02,2.959996e-03,4.658625e-02,2.160737e-01,6.939395e-03,3.001383e-01,1.285469e-01,8.636043e-02,4.982227e-03,1.624213e-03
9.817284e-03,3.722664e-02,1.258888e-02,2.306262e-03,1.230690e-01,8.161695e-02,3.354101e-03,5.461612e-02,2.301339e-01,5.329256e-03,2.351360e-01,1.318404e-01,6.698922e-02,4.471574e-03,1.504374e-03
1.175251e-02,5.098271e-02,9.754479e-03,2.127893e-03,1.106712e-01,7.855888e-02,2.721444e-03,5.450297e-02,2.399592e-01,4.628276e-03,1.833081e-01,1.765568e-01,6.626746e-02,5.240332e-03,2.967793e-03
1.748749e-02,4.535711e-02,7.831706e-03,2.864446e-03,1.219311e-01,6.516990e-02,2.778537e-03,7.718103e-02,2.025310e-01,3.772111e-03,1.400934e-01,2.406649e-01,6.170506e-02,7.821281e-03,2.810843e-03
3.398602e-02,3.998544e-02,6.475537e-03,3.450675e-03,1.180622e-01,5.513053e-02,2.861618e-03,9.427927e-02,1.764218e-01,3.343417e-03,1.079222e-01,2.713985e-01,7.276751e-02,9.922212e-03,3.992974e-03
5.412875e-02,3.359678e-02,6.426756e-03,5.183602e-03,1.035077e-01,5.007823e-02,4.509926e-03,1.004116e-01,1.834905e-01,5.399289e-03,8.442256e-02,2.699827e-01,7.981491e-02,1.214432e-02,6.902341e-03
5.971042e-02,3.064858e-02,6.165849e-03,5.743952e-03,7.875527e-02,4.598352e-02,4.751210e-03,8.111076e-02,1.641580e-01,4.890202e-03,7.849139e-02,2.580491e-01,1.589744e-01,1.105372e-02,1.151358e-02
9.285844e-02,3.906086e-02,8.220011e-03,1.634806e-02,7.215838e-02,4.048320e-02,6.504095e-03,6.652793e-02,1.625604e-01,5.335460e-03,6.531240e-02,1.892155e-01,1.930294e-01,1.348082e-02,2.890503e-02
1.063052e-01,3.403107e-02,7.556809e-03,1.511691e-02,5.683981e-02,7.399902e-02,6.676003e-03,4.760616e-02,1.269492e-01,5.145743e-03,5.359522e-02,1.891166e-01,2.376783e-01,1.299438e-02,2.638955e-02
8.213475e-02,2.632139e-02,6.689987e-03,1.203510e-02,4.897054e-02,5.771942e-02,5.790274e-03,3.361680e-02,9.533506e-02,4.367889e-03,5.755049e-02,2.213607e-01,3.162045e-01,1.033663e-02,2.156643e-02
6.064475e-02,1.939199e-02,5.962785e-03,9.214330e-03,3.714696e-02,5.470869e-02,4.726969e-03,2.372854e-02,7.078552e-02,3.375153e-03,5.402827e-02,2.867152e-01,3.456087e-01,7.997286e-03,1.596484e-02
4.362663e-02,1.377126e-02,4.976287e-03,6.646791e-03,2.827288e-02,4.519054e-02,3.592380e-03,1.671925e-02,5.127450e-02,2.568631e-03,4.209488e-02,4.189411e-01,3.037296e-01,5.911446e-03,1.268381e-02
3.094744e-02,9.705181e-03,3.740722e-03,4.787118e-03,2.083112e-02,3.346983e-02,2.597082e-03,1.172384e-02,3.696203e-02,2.000831e-03,3.192255e-02,5.624788e-01,2.348217e-01,4.400561e-03,9.611177e-03
2.202859e-02,7.051446e-03,2.643571e-03,3.595541e-03,1.565546e-02,4.269557e-02,1.934499e-03,8.210401e-03,2.647047e-02,1.673708e-03,2.358896e-02,4.650435e-01,3.693509e-01,3.178491e-03,6.878860e-03
1.548376e-02,4.984375e-03,1.876144e-03,2.550879e-03,1.179625e-02,3.084259e-02,1.404574e-03,5.749893e-03,1.876038e-02,1.734138e-03,2.065691e-02,5.752970e-01,3.012022e-01,2.260756e-03,5.400220e-03
1.092843e-02,3.561825e-03,1.491255e-03,1.862917e-03,9.209150e-03,2.188790e-02,1.248150e-03,4.032288e-03,1.353877e-02,2.362178e-03,2.230329e-02,6.771402e-01,2.248885e-01,1.667701e-03,3.877381e-03
7.681198e-03,2.617286e-03,1.218524e-03,1.353842e-03,9.561736e-03,1.607678e-02,9.133058e-04,2.847993e-03,1.031130e-02,3.076666e-03,1.773533e-02,7.224836e-01,1.999421e-01,1.248501e-03,2.931898e-03
5.419728e-03,2.030116e-03,1.854088e-03,9.875674e-04,1.361041e-02,1.145233e-02,8.653123e-04,2.147353e-03,7.678412e-03,5.483808e-03,1.479812e-02,7.590932e-01,1.711507e-01,9.612450e-04,2.467732e-03
3.900942e-03,1.533867e-03,4.109179e-03,7.054504e-04,1.345574e-02,8.659240e-03,1.052161e-03,1.704275e-03,5.609735e-03,6.985500e-03,1.386600e-02,6.971000e-01,2.382675e-01,8.329102e-04,2.217515e-03
2.817467e-03,1.122448e-03,8.708671e-03,5.168955e-04,1.391234e-02,6.589971e-03,2.170621e-03,2.313262e-03,4.269868e-03,9.319857e-03,1.449173e-02,6.142532e-01,3.154759e-01,1.111631e-03,2.926139e-03
2.193881e-03,8.940335e-04,9.294447e-03,3.985188e-04,1.969976e-02,5.089513e-03,2.844580e-03,3.459562e-03,4.257361e-03,1.246821e-02,1.698590e-02,5.557624e-01,3.613788e-01,1.274244e-03,3.998753e-03
1.896258e-03,7.474596e-04,7.345404e-03,5.161837e-04,1.583797e-02,1.349500e-02,2.228447e-03,3.425238e-03,4.183617e-03,2.533015e-02,2.346428e-02,4.544531e-01,4.410335e-01,1.797582e-03,4.245828e-03
1.712688e-03,5.927560e-04,5.951379e-03,6.074830e-04,1.408052e-02,1.644452e-02,2.018963e-03,4.584779e-03,4.870366e-03,2.580202e-02,2.997476e-02,3.914275e-01,4.961584e-01,2.028527e-03,3.745437e-03
2.042667e-03,5.385225e-04,5.810392e-03,6.197625e-04,1.382932e-02,1.536970e-02,2.678363e-03,1.139578e-02,6.453827e-03,2.178887e-02,2.848649e-02,3.583789e-01,5.267448e-01,2.775645e-03,3.086992e-03
2.651933e-03,4.157275e-04,4.933215e-03,5.941371e-04,2.664284e-02,1.147182e-02,3.651855e-03,2.338913e-02,6.648171e-03,1.968950e-02,2.815652e-02,3.216781e-01,5.414972e-01,5.769684e-03,2.810159e-03
5.309406e-03,3.208377e-04,4.209507e-03,6.018289e-04,1.148246e-01,8.320726e-03,6.204251e-03,2.764754e-02,8.609766e-03,1.655434e-02,2.725343e-02,2.412455e-01,5.295339e-01,6.518179e-03,2.846129e-03
1.364357e-02,2.684603e-04,3.267592e-03,2.155216e-03,1.105533e-01,6.178308e-03,5.400638e-03,4.175712e-02,8.115443e-03,1.386195e-02,3.340092e-02,1.899864e-01,5.618233e-01,7.289269e-03,2.298503e-03
1.543230e-02,2.335734e-04,2.358256e-03,2.064517e-03,1.139969e-01,5.398439e-03,4.191710e-03,6.874145e-02,7.579985e-03,9.830920e-03,2.743155e-02,1.463688e-01,5.893055e-01,5.254492e-03,1.811567e-03
1.701269e-02,2.098785e-04,2.476496e-03,4.561536e-03,9.441040e-02,5.217365e-03,3.198428e-03,2.085053e-01,7.355288e-03,7.009150e-03,2.444210e-02,1.072101e-01,5.129867e-01,4.047927e-03,1.356655e-03
2.542821e-02,2.057803e-04,5.547270e-03,2.637654e-02,1.139371e-01,1.442512e-02,4.004377e-03,2.473712e-01,1.044133e-02,5.050981e-03,2.362555e-02,7.861752e-02,4.406812e-01,3.047008e-03,1.240740e-03
3.711199e-02,2.533904e-04,6.577335e-03,8.774251e-02,2.104658e-01,3.607609e-02,4.581228e-03,1.925851e-01,1.184614e-02,3.659547e-03,1.924462e-02,5.708395e-02,3.293321e-01,2.246730e-03,1.193632e-03
6.724419e-02,7.271238e-04,5.323668e-03,8.813567e-02,2.965896e-01,6.311665e-02,4.448850e-03,1.391466e-01,1.257566e-02,2.770550e-03,1.577737e-02,5.336428e-02,2.478744e-01,1.672600e-03,1.232706e-03
1.032792e-01,1.814868e-03,4.032610e-03,7.494317e-02,3.276480e-01,1.004095e-01,4.724268e-03,9.924535e-02,1.437109e-02,2.057284e-03,1.280374e-02,5.716470e-02,1.950425e-01,1.288230e-03,1.175561e-03
1.307412e-01,2.261237e-03,3.437633e-03,9.319300e-02,3.339717e-01,9.270905e-02,6.064459e-03,7.716897e-02,1.831003e-02,1.759845e-03,1.593922e-02,6.138110e-02,1.605310e-01,1.120672e-03,1.410871e-03
1.414951e-01,3.674458e-03,3.561191e-03,1.042284e-01,3.356501e-01,7.902047e-02,7.118106e-03,6.016259e-02,3.743970e-02,2.495909e-03,1.710328e-02,7.384938e-02,1.308565e-01,1.100945e-03,2.243913e-03
1.542131e-01,4.482953e-03,3.560447e-03,1.134163e-01,3.666789e-01,6.382012e-02,6.611610e-03,6.778479e-02,3.634562e-02,2.648642e-03,1.979811e-02,6.275020e-02,9.491827e-02,1.132878e-03,1.838069e-03
1.185364e-01,3.207847e-03,2.657354e-03,8.116990e-02,2.676196e-01,4.630738e-02,4.850795e-03,3.187208e-01,2.577069e-02,1.872253e-03,1.481633e-02,4.430929e-02,6.803351e-02,8.230316e-04,1.304926e-03
1.219680e-01,2.354412e-03,2.152454e-03,6.107765e-02,2.031968e-01,3.727385e-02,4.063028e-03,4.516378e-01,1.829250e-02,1.347661e-03,1.138181e-02,3.224014e-02,5.142337e-02,5.978450e-04,9.926924e-04
1.278995e-01,2.052628e-03,2.272729e-03,4.574500e-02,1.480402e-01,3.622374e-02,4.911118e-03,5.454022e-01,1.312490e-02,1.069456e-03,8.475848e-03,2.484673e-02,3.799262e-02,4.942542e-04,1.449179e-03
2.015090e-01,3.809872e-03,2.730805e-03,3.618057e-02,1.100650e-01,5.575884e-02,7.698157e-03,4.975760e-01,1.012095e-02,9.175807e-04,7.715143e-03,2.557733e-02,3.591894e-02,6.710977e-04,3.750789e-03
2.166407e-01,5.918367e-03,2.676428e-03,3.719371e-02,8.015410e-02,7.626009e-02,7.703203e-03,4.306799e-01,1.074259e-02,1.826001e-03,1.035094e-02,3.271511e-02,8.041354e-02,9.985428e-04,5.726819e-03
2.055814e-01,8.023119e-03,3.346029e-03,1.096564e-01,6.240554e-02,5.843395e-02,7.728811e-03,3.567390e-01,1.711920e-02,3.488053e-03,2.104920e-02,4.655554e-02,9.157844e-02,1.567888e-03,6.727492e-03
1.679701e-01,2.167429e-02,6.946494e-03,1.669750e-01,4.543022e-02,7.635640e-02,6.715180e-03,2.639083e-01,3.437717e-02,5.203923e-03,2.509422e-02,3.994260e-02,1.284402e-01,1.530797e-03,9.435037e-03
1.218735e-01,1.704174e-02,5.712128e-03,1.253194e-01,3.310590e-02,5.964066e-02,5.013889e-03,1.855342e-01,2.634217e-02,4.106392e-03,2.203074e-02,4.170677e-02,3.419107e-01,1.140347e-03,9.521430e-03
9.044708e-02,1.294016e-02,4.934578e-03,9.022390e-02,2.550902e-02,7.178408e-02,4.911980e-03,1.305251e-01,2.280433e-02,3.128590e-03,1.795919e-02,4.092475e-02,4.755306e-01,9.976684e-04,7.378932e-03
6.710860e-02,1.038509e-02,4.921547e-03,6.383514e-02,1.871479e-02,1.360511e-01,5.106558e-03,9.256065e-02,1.879394e-02,2.389662e-03,1.865733e-02,4.721928e-02,5.075191e-01,8.977171e-04,5.839431e-03
4.795392e-02,7.733333e-03,4.090915e-03,4.592028e-02,1.375334e-02,2.146630e-01,3.893972e-03,6.509953e-02,1.541178e-02,1.807402e-03,1.485360e-02,4.085435e-02,5.183005e-01,7.313378e-04,4.932779e-03
3.429959e-02,5.516103e-03,3.076016e-03,3.267270e-02,9.913207e-03,2.248261e-01,2.912205e-03,4.563848e-02,1.118259e-02,1.331479e-03,1.198826e-02,5.005097e-02,5.606184e-01,6.257436e-04,5.348147e-03
2.468633e-02,4.175866e-03,2.837289e-03,2.375848e-02,7.513321e-03,2.160384e-01,3.814713e-03,3.220642e-02,8.758863e-03,1.213102e-03,8.999355e-03,6.959538e-02,5.905365e-01,5.368633e-04,5.329059e-03
1.840814e-02,2.975155e-03,2.080156e-03,1.684307e-02,5.810043e-03,1.865887e-01,3.027337e-03,2.300023e-02,6.277752e-03,9.665817e-04,6.905607e-03,1.056103e-01,6.153325e-01,5.253147e-04,5.649087e-03
1.471902e-02,2.157874e-03,1.767183e-03,1.215997e-02,6.641328e-03,1.832205e-01,3.198204e-03,1.664145e-02,4.714894e-03,9.222459e-04,5.321979e-03,1.472607e-01,5.958825e-01,4.624877e-04,4.929636e-03
1.226113e-02,1.610520e-03,1.718228e-03,8.800695e-03,1.762648e-02,1.723462e-01,2.739682e-03,1.277213e-02,3.870878e-03,6.907806e-04,4.083083e-03,1.326776e-01,6.243396e-01,4.075683e-04,4.055437e-03
1.047949e-02,1.402783e-03,1.556503e-03,6.475062e-03,3.964654e-02,1.289068e-01,2.899771e-03,9.393273e-03,7.451801e-03,5.804569e-04,3.249796e-03,1.786572e-01,6.055761e-01,3.733633e-04,3.351133e-03
1.183841e-02,1.917945e-03,5.464446e-03,5.013478e-03,3.179273e-02,2.307329e-01,2.681478e-03,7.000342e-03,9.455578e-03,1.261453e-03,4.798107e-03,1.557776e-01,5.285234e-01,4.409367e-04,3.301214e-03
1.669797e-02,7.513752e-03,3.653744e-02,4.535367e-03,5.491003e-02,1.792187e-01,7.958148e-03,1.368591e-02,6.792857e-02,1.335093e-03,5.218573e-03,1.332809e-01,4.661659e-01,4.635640e-04,4.550115e-03
1.883181e-02,1.085885e-02,4.672617e-02,3.756429e-03,5.205025e-02,1.746713e-01,7.440892e-03,1.185170e-02,1.174111e-01,1.260857e-03,5.853106e-03,1.026308e-01,4.409920e-01,6.381641e-04,5.026677e-03
2.494081e-02,1.388535e-02,5.953723e-02,5.754496e-03,4.814266e-02,1.440636e-01,7.592856e-03,3.161653e-02,1.504515e-01,2.685304e-03,5.623937e-03,7.760423e-02,4.088376e-01,1.742757e-03,1.752112e-02
3.411970e-02,2.438528e-02,6.613577e-02,1.108019e-02,4.344130e-02,1.414298e-01,7.429796e-03,3.370966e-02,2.160968e-01,3.384017e-03,4.877206e-03,5.735295e-02,3.243994e-01,1.797831e-03,3.036030e-02
6.364811e-02,3.256783e-02,6.215365e-02,1.803743e-02,5.257570e-02,1.468233e-01,7.235733e-03,3.852038e-02,2.371229e-01,3.331204e-03,3.735407e-03,4.130259e-02,2.392914e-01,1.528432e-03,5.212602e-02
7.898381e-02,2.771619e-02,5.064943e-02,3.324849e-02,5.657703e-02,2.118847e-01,9.438772e-03,3.959080e-02,2.266834e-01,3.434926e-03,2.864373e-03,2.965418e-02,1.706931e-01,1.378231e-03,5.720269e-02
1.096232e-01,2.768390e-02,4.151309e-02,3.443731e-02,4.931982e-02,2.621010e-01,9.275503e-03,4.847159e-02,1.993418e-01,7.202509e-03,2.265540e-03,2.194772e-02,1.256200e-01,1.335922e-03,5.986113e-02
9.800366e-02,2.575187e-02,3.153023e-02,3.573785e-02,4.263559e-02,2.082905e-01,1.015494e-02,1.935230e-01,1.919217e-01,6.638435e-03,1.831590e-03,1.565298e-02,9.033879e-02,1.056437e-03,4.693257e-02
8.261415e-02,2.056932e-02,2.242118e-02,2.602891e-02,3.722363e-02,1.840016e-01,9.102605e-03,3.458832e-01,1.559176e-01,4.680919e-03,1.380368e-03,1.101025e-02,6.421152e-02,7.741251e-04,3.418076e-02
7.501689e-02,1.481978e-02,1.602159e-02,1.859595e-02,2.762151e-02,1.310745e-01,7.954160e-03,5.146822e-01,1.113452e-01,3.315948e-03,1.088993e-03,7.767396e-03,4.594107e-02,5.543408e-04,2.420057e-02
5.743653e-02,1.042786e-02,1.132011e-02,1.324669e-02,1.973033e-02,9.243506e-02,5.835347e-03,6.527312e-01,7.822280e-02,2.344075e-03,8.597585e-04,5.511812e-03,3.248760e-02,3.937240e-04,1.701711e-02
4.461682e-02,7.379984e-03,7.992589e-03,9.390728e-03,1.444273e-02,6.521132e-02,4.325082e-03,7.504108e-01,5.495254e-02,1.656537e-03,6.514689e-04,3.897410e-03,2.282733e-02,2.831322e-04,1.196154e-02
3.310612e-02,5.199453e-03,5.678033e-03,6.626558e-03,1.037618e-02,4.598554e-02,3.096668e-03,8.223749e-01,3.851156e-02,1.162986e-03,5.038722e-04,2.751855e-03,1.603492e-02,2.039284e-04,8.387377e-03
2.714361e-02,3.715401e-03,4.042314e-03,4.719101e-03,7.749370e-03,3.270748e-02,2.350686e-03,8.696777e-01,2.711186e-02,8.206679e-04,5.052300e-04,1.970496e-03,1.142388e-02,1.504227e-04,5.911725e-03
2.739769e-02,2.689780e-03,2.966037e-03,3.443037e-03,6.019070e-03,2.395185e-02,2.333699e-03,8.964772e-01,1.930132e-02,5.874969e-04,6.598204e-04,1.589673e-03,8.257813e-03,1.274909e-04,4.198002e-03
2.630367e-02,1.931956e-03,2.269050e-03,2.683990e-03,4.625414e-03,1.762814e-02,1.965764e-03,9.173661e-01,1.372791e-02,4.250722e-04,6.463120e-04,1.344619e-03,5.955377e-03,1.102487e-04,3.016307e-03
2.529304e-02,1.402043e-03,1.775493e-03,2.102049e-03,3.468366e-03,1.295925e-02,1.847785e-03,9.328334e-01,9.822035e-03,3.055129e-04,5.631646e-04,1.092263e-03,4.283147e-03,8.832745e-05,2.164078e-03
3.255551e-02,1.222239e-03,1.636566e-03,2.195341e-03,4.073053e-03,1.005024e-02,1.952152e-03,9.322222e-01,7.203578e-03,2.343531e-04,5.740196e-04,1.095249e-03,3.219587e-03,8.204654e-05,1.683817e-03
4.962007e-02,1.816337e-03,2.284293e-03,2.127009e-02,4.929458e-03,1.070476e-02,1.726776e-03,8.615944e-01,1.073230e-02,1.292745e-03,7.584442e-03,8.332662e-03,1.293240e-02,7.729006e-04,4.406324e-03
