1.000000e+00,0.000000e+00,0.000000e+00,0.000000e+00,0.000000e+00,0.000000e+00,0.000000e+00,0.000000e+00,0.000000e+00,0.000000e+00,0.000000e+00,0.000000e+00,0.000000e+00,0.000000e+00,0.000000e+00
1.000000e+00,0.000000e+00,0.000000e+00,0.000000e+00,0.000000e+00,0.000000e+00,0.000000e+00,0.000000e+00,0.000000e+00,0.000000e+00,0.000000e+00,0.000000e+00,0.000000e+00,0.000000e+00,0.000000e+00
1.000000e+00,0.000000e+00,0.000000e+00,0.000000e+00,0.000000e+00,0.000000e+00,0.000000e+00,0.000000e+00,0.000000e+00,0.000000e+00,0.000000e+00,0.000000e+00,0.000000e+00,0.000000e+00,0.000000e+00
1.000000e+00,0.000000e+00,0.000000e+00,0.000000e+00,0.000000e+00,0.000000e+00,0.000000e+00,0.000000e+00,0.000000e+00,0.000000e+00,0.000000e+00,0.000000e+00,0.000000e+00,0.000000e+00,0.000000e+00
1.000000e+00,0.000000e+00,0.000000e+00,0.000000e+00,0.000000e+00,0.000000e+00,0.000000e+00,0.000000e+00,0.000000e+00,0.000000e+00,0.000000e+00,0.000000e+00,0.000000e+00,0.000000e+00,0.000000e+00
1.000000e+00,0.000000e+00,0.000000e+00,0.000000e+00,0.000000e+00,0.000000e+00,0.000000e+00,0.000000e+00,0.000000e+00,0.000000e+00,0.000000e+00,0.000000e+00,0.000000e+00,0.000000e+00,0.000000e+00
1.000000e+00,0.000000e+00,0.000000e+00,0.000000e+00,0.000000e+00,0.000000e+00,0.000000e+00,0.000000e+00,0.000000e+00,0.000000e+00,0.000000e+00,0.000000e+00,0.000000e+00,0.000000e+00,0.000000e+00
1.000000e+00,0.000000e+00,0.000000e+00,0.000000e+00,0.000000e+00,0.000000e+00,0.000000e+00,0.000000e+00,0.000000e+00,0.000000e+00,0.000000e+00,0.000000e+00,0.000000e+00,0.000000e+00,0.000000e+00
1.000000e+00,0.000000e+00,0.000000e+00,0.000000e+00,0.000000e+00,0.000000e+00,0.000000e+00,0.000000e+00,0.000000e+00,0.000000e+00,0.000000e+00,0.000000e+00,0.000000e+00,0.000000e+00,0.000000e+00
1.000000e+00,0.000000e+00,0.000000e+00,0.000000e+00,0.000000e+00,0.000000e+00,0.000000e+00,0.000000e+00,0.000000e+00,0.000000e+00,0.000000e+00,0.000000e+00,0.000000e+00,0.000000e+00,0.000000e+00
1.000000e+00,0.000000e+00,0.000000e+00,0.000000e+00,0.000000e+00,0.000000e+00,0.000000e+00,0.000000e+00,0.000000e+00,0.000000e+00,0.000000e+00,0.000000e+00,0.000000e+00,0.000000e+00,0.000000e+00
1.000000e+00,0.000000e+00,0.000000e+00,0.000000e+00,0.000000e+00,0.000000e+00,0.000000e+00,0.000000e+00,0.000000e+00,0.000000e+00,0.000000e+00,0.000000e+00,0.000000e+00,0.000000e+00,0.000000e+00
1.000000e+00,0.000000e+00,0.000000e+00,0.000000e+00,0.000000e+00,0.000000e+00,0.000000e+00,0.000000e+00,0.000000e+00,0.000000e+00,0.000000e+00,0.000000e+00,0.000000e+00,0.000000e+00,0.000000e+00
1.000000e+00,0.000000e+00,0.000000e+00,0.000000e+00,0.000000e+00,0.000000e+00,0.000000e+00,0.000000e+00,0.000000e+00,0.000000e+00,0.000000e+00,0.000000e+00,0.000000e+00,0.000000e+00,0.000000e+00
1.000000e+00,0.000000e+00,0.000000e+00,0.000000e+00,0.000000e+00,0.000000e+00,0.000000e+00,0.000000e+00,0.000000e+00,0.000000e+00,0.000000e+00,0.000000e+00,0.000000e+00,0.000000e+00,0.000000e+00
1.000000e+00,0.000000e+00,0.000000e+00,0.000000e+00,0.000000e+00,0.000000e+00,0.000000e+00,0.000000e+00,0.000000e+00,0.000000e+00,0.000000e+00,0.000000e+00,0.000000e+00,0.000000e+00,0.000000e+00
1.000000e+00,0.000000e+00,0.000000e+00,0.000000e+00,0.000000e+00,0.000000e+00,0.000000e+00,0.000000e+00,0.000000e+00,0.000000e+00,0.000000e+00,0.000000e+00,0.000000e+00,0.000000e+00,0.000000e+00
1.000000e+00,0.000000e+00,0.000000e+00,0.000000e+00,0.000000e+00,0.000000e+00,0.000000e+00,0.000000e+00,0.000000e+00,0.000000e+00,0.000000e+00,0.000000e+00,0.000000e+00,0.000000e+00,0.000000e+00
1.000000e+00,0.000000e+00,0.000000e+00,0.000000e+00,0.000000e+00,0.000000e+00,0.000000e+00,0.000000e+00,0.000000e+00,0.000000e+00,0.000000e+00,0.000000e+00,0.000000e+00,0.000000e+00,0.000000e+00
1.000000e+00,0.000000e+00,0.000000e+00,0.000000e+00,0.000000e+00,0.000000e+00,0.000000e+00,0.000000e+00,0.000000e+00,0.000000e+00,0.000000e+00,0.000000e+00,0.000000e+00,0.000000e+00,0.000000e+00
1.000000e+00,0.000000e+00,0.000000e+00,0.000000e+00,0.000000e+00,0.000000e+00,0.000000e+00,0.000000e+00,0.000000e+00,0.000000e+00,0.000000e+00,0.000000e+00,0.000000e+00,0.000000e+00,0.000000e+00
1.000000e+00,0.000000e+00,0.000000e+00,0.000000e+00,0.000000e+00,0.000000e+00,0.000000e+00,0.000000e+00,0.000000e+00,0.000000e+00,0.000000e+00,0.000000e+00,0.000000e+00,0.000000e+00,0.000000e+00
1.000000e+00,0.000000e+00,0.000000e+00,0.000000e+00,0.000000e+00,0.000000e+00,0.000000e+00,0.000000e+00,0.000000e+00,0.000000e+00,0.000000e+00,0.000000e+00,0.000000e+00,0.000000e+00,0.000000e+00
1.000000e+00,0.000000e+00,0.000000e+00,0.000000e+00,0.000000e+00,0.000000e+00,0.000000e+00,0.000000e+00,0.000000e+00,0.000000e+00,0.000000e+00,0.000000e+00,0.000000e+00,0.000000e+00,0.000000e+00
1.000000e+00,0.000000e+00,0.000000e+00,0.000000e+00,0.000000e+00,0.000000e+00,0.000000e+00,0.000000e+00,0.000000e+00,0.000000e+00,0.000000e+00,0.000000e+00,0.000000e+00,0.000000e+00,0.000000e+00
1.000000e+00,0.000000e+00,0.000000e+00,0.000000e+00,0.000000e+00,0.000000e+00,0.000000e+00,0.000000e+00,0.000000e+00,0.000000e+00,0.000000e+00,0.000000e+00,0.000000e+00,0.000000e+00,0.000000e+00
1.000000e+00,0.000000e+00,0.000000e+00,0.000000e+00,0.000000e+00,0.000000e+00,0.000000e+00,0.000000e+00,0.000000e+00,0.000000e+00,0.000000e+00,0.000000e+00,0.000000e+00,0.000000e+00,0.000000e+00
1.000000e+00,0.000000e+00,0.000000e+00,0.000000e+00,0.000000e+00,0.000000e+00,0.000000e+00,0.000000e+00,0.000000e+00,0.000000e+00,0.000000e+00,0.000000e+00,0.000000e+00,0.000000e+00,0.000000e+00
1.000000e+00,0.000000e+00,0.000000e+00,0.000000e+00,0.000000e+00,0.000000e+00,0.000000e+00,0.000000e+00,0.000000e+00,0.000000e+00,0.000000e+00,0.000000e+00,0.000000e+00,0.000000e+00,0.000000e+00
1.000000e+00,0.000000e+00,0.000000e+00,0.000000e+00,0.000000e+00,0.000000e+00,0.000000e+00,0.000000e+00,0.000000e+00,0.000000e+00,0.000000e+00,0.000000e+00,0.000000e+00,0.000000e+00,0.000000e+00
1.000000e+00,0.000000e+00,0.000000e+00,0.000000e+00,0.000000e+00,0.000000e+00,0.000000e+00,0.000000e+00,0.000000e+00,0.000000e+00,0.000000e+00,0.000000e+00,0.000000e+00,0.000000e+00,0.000000e+00
1.000000e+00,0.000000e+00,0.000000e+00,0.000000e+00,0.000000e+00,0.000000e+00,0.000000e+00,0.000000e+00,0.000000e+00,0.000000e+00,0.000000e+00,0.000000e+00,0.000000e+00,0.000000e+00,0.000000e+00
1.000000e+00,0.000000e+00,0.000000e+00,0.000000e+00,0.000000e+00,0.000000e+00,0.000000e+00,0.000000e+00,0.000000e+00,0.000000e+00,0.000000e+00,0.000000e+00,0.000000e+00,0.000000e+00,0.000000e+00
1.000000e+00,0.000000e+00,0.000000e+00,0.000000e+00,0.000000e+00,0.000000e+00,0.000000e+00,0.000000e+00,0.000000e+00,0.000000e+00,0.000000e+00,0.000000e+00,0.000000e+00,0.000000e+00,0.000000e+00
1.000000e+00,0.000000e+00,0.000000e+00,0.000000e+00,0.000000e+00,0.000000e+00,0.000000e+00,0.000000e+00,0.000000e+00,0.000000e+00,0.000000e+00,0.000000e+00,0.000000e+00,0.000000e+00,0.000000e+00
1.000000e+00,0.000000e+00,0.000000e+00,0.000000e+00,0.000000e+00,0.000000e+00,0.000000e+00,0.000000e+00,0.000000e+00,0.000000e+00,0.000000e+00,0.000000e+00,0.000000e+00,0.000000e+00,0.000000e+00
1.000000e+00,0.000000e+00,0.000000e+00,0.000000e+00,0.000000e+00,0.000000e+00,0.000000e+00,0.000000e+00,0.000000e+00,0.000000e+00,0.000000e+00,0.000000e+00,0.000000e+00,0.000000e+00,0.000000e+00
1.000000e+00,0.000000e+00,0.000000e+00,0.000000e+00,0.000000e+00,0.000000e+00,0.000000e+00,0.000000e+00,0.000000e+00,0.000000e+00,0.000000e+00,0.000000e+00,0.000000e+00,0.000000e+00,0.000000e+00
1.000000e+00,0.000000e+00,0.000000e+00,0.000000e+00,0.000000e+00,0.000000e+00,0.000000e+00,0.000000e+00,0.000000e+00,0.000000e+00,0.000000e+00,0.000000e+00,0.000000e+00,0.000000e+00,0.000000e+00
1.000000e+00,0.000000e+00,0.000000e+00,0.000000e+00,0.000000e+00,0.000000e+00,0.000000e+00,0.000000e+00,0.000000e+00,0.000000e+00,0.000000e+00,0.000000e+00,0.000000e+00,0.000000e+00,0.000000e+00
1.000000e+00,0.000000e+00,0.000000e+00,0.000000e+00,0.000000e+00,0.000000e+00,0.000000e+00,0.000000e+00,0.000000e+00,0.000000e+00,0.000000e+00,0.000000e+00,0.000000e+00,0.000000e+00,0.000000e+00
1.000000e+00,0.000000e+00,0.000000e+00,0.000000e+00,0.000000e+00,0.000000e+00,0.000000e+00,0.000000e+00,0.000000e+00,0.000000e+00,0.000000e+00,0.000000e+00,0.000000e+00,0.000000e+00,0.000000e+00
1.000000e+00,0.000000e+00,0.000000e+00,0.000000e+00,0.000000e+00,0.000000e+00,0.000000e+00,0.000000e+00,0.000000e+00,0.000000e+00,0.000000e+00,0.000000e+00,0.000000e+00,0.000000e+00,0.000000e+00
1.000000e+00,0.000000e+00,0.000000e+00,0.000000e+00,0.000000e+00,0.000000e+00,0.000000e+00,0.000000e+00,0.000000e+00,0.000000e+00,0.000000e+00,0.000000e+00,0.000000e+00,0.000000e+00,0.000000e+00
1.000000e+00,0.000000e+00,0.000000e+00,0.000000e+00,0.000000e+00,0.000000e+00,0.000000e+00,0.000000e+00,0.000000e+00,0.000000e+00,0.000000e+00,0.000000e+00,0.000000e+00,0.000000e+00,0.000000e+00
1.000000e+00,0.000000e+00,0.000000e+00,0.000000e+00,0.000000e+00,0.000000e+00,0.000000e+00,0.000000e+00,0.000000e+00,0.000000e+00,0.000000e+00,0.000000e+00,0.000000e+00,0.000000e+00,0.000000e+00
1.000000e+00,0.000000e+00,0.000000e+00,0.000000e+00,0.000000e+00,0.000000e+00,0.000000e+00,0.000000e+00,0.000000e+00,0.000000e+00,0.000000e+00,0.000000e+00,0.000000e+00,0.000000e+00,0.000000e+00
1.000000e+00,0.000000e+00,0.000000e+00,0.000000e+00,0.000000e+00,0.000000e+00,0.000000e+00,0.000000e+00,0.000000e+00,0.000000e+00,0.000000e+00,0.000000e+00,0.000000e+00,0.000000e+00,0.000000e+00
1.000000e+00,0.000000e+00,0.000000e+00,0.000000e+00,0.000000e+00,0.000000e+00,0.000000e+00,0.000000e+00,0.000000e+00,0.000000e+00,0.000000e+00,0.000000e+00,0.000000e+00,0.000000e+00,0.000000e+00
1.000000e+00,0.000000e+00,0.000000e+00,0.000000e+00,0.000000e+00,0.000000e+00,0.000000e+00,0.000000e+00,0.000000e+00,0.000000e+00,0.000000e+00,0.000000e+00,0.000000e+00,0.000000e+00,0.000000e+00
1.000000e+00,0.000000e+00,0.000000e+00,0.000000e+00,0.000000e+00,0.000000e+00,0.000000e+00,0.000000e+00,0.000000e+00,0.000000e+00,0.000000e+00,0.000000e+00,0.000000e+00,0.000000e+00,0.000000e+00
1.000000e+00,0.000000e+00,0.000000e+00,0.000000e+00,0.000000e+00,0.000000e+00,0.000000e+00,0.000000e+00,0.000000e+00,0.000000e+00,0.000000e+00,0.000000e+00,0.000000e+00,0.000000e+00,0.000000e+00
1.000000e+00,0.000000e+00,0.000000e+00,0.000000e+00,0.000000e+00,0.000000e+00,0.000000e+00,0.000000e+00,0.000000e+00,0.000000e+00,0.000000e+00,0.000000e+00,0.000000e+00,0.000000e+00,0.000000e+00
1.000000e+00,0.000000e+00,0.000000e+00,0.000000e+00,0.000000e+00,0.000000e+00,0.000000e+00,0.000000e+00,0.000000e+00,0.000000e+00,0.000000e+00,0.000000e+00,0.000000e+00,0.000000e+00,0.000000e+00
1.000000e+00,0.000000e+00,0.000000e+00,0.000000e+00,0.000000e+00,0.000000e+00,0.000000e+00,0.000000e+00,0.000000e+00,0.000000e+00,0.000000e+00,0.000000e+00,0.000000e+00,0.000000e+00,0.000000e+00
1.000000e+00,0.000000e+00,0.000000e+00,0.000000e+00,0.000000e+00,0.000000e+00,0.000000e+00,0.000000e+00,0.000000e+00,0.000000e+00,0.000000e+00,0.000000e+00,0.000000e+00,0.000000e+00,0.000000e+00
1.000000e+00,0.000000e+00,0.000000e+00,0.000000e+00,0.000000e+00,0.000000e+00,0.000000e+00,0.000000e+00,0.000000e+00,0.000000e+00,0.000000e+00,0.000000e+00,0.000000e+00,0.000000e+00,0.000000e+00
1.000000e+00,0.000000e+00,0.000000e+00,0.000000e+00,0.000000e+00,0.000000e+00,0.000000e+00,0.000000e+00,0.000000e+00,0.000000e+00,0.000000e+00,0.000000e+00,0.000000e+00,0.000000e+00,0.000000e+00
1.000000e+00,0.000000e+00,0.000000e+00,0.000000e+00,0.000000e+00,0.000000e+00,0.000000e+00,0.000000e+00,0.000000e+00,0.000000e+00,0.000000e+00,0.000000e+00,0.000000e+00,0.000000e+00,0.000000e+00
4.469137e-01,1.238008e-02,2.276125e-02,2.976508e-02,1.592822e-02,4.136064e-02,2.589519e-02,1.848956e-01,1.612813e-02,6.479056e-03,8.108759e-02,2.154484e-02,4.604013e-02,3.387932e-02,1.494114e-02
3.155144e-01,9.159047e-03,1.632459e-02,3.281630e-02,1.465730e-02,3.180201e-02,8.014832e-02,1.348398e-01,1.248799e-02,6.223773e-03,6.981325e-02,1.435558e-01,8.570524e-02,3.305535e-02,1.389680e-02
2.237079e-01,7.279540e-03,1.164169e-02,3.756046e-02,1.619772e-02,2.462387e-02,8.650400e-02,9.918638e-02,1.085401e-02,5.692581e-03,1.234090e-01,1.562031e-01,1.266356e-01,5.466959e-02,1.583445e-02
1.579232e-01,7.243448e-03,1.028270e-02,2.925681e-02,1.307669e-02,1.779096e-02,6.078021e-02,6.964032e-02,1.260844e-02,1.991561e-02,1.314238e-01,1.395410e-01,1.970047e-01,1.061265e-01,2.738563e-02
1.119388e-01,5.848956e-03,8.049367e-03,2.326511e-02,1.410434e-02,1.359152e-02,4.578014e-02,4.912921e-02,1.919622e-02,1.182863e-01,9.882355e-02,1.249955e-01,1.720507e-01,1.492086e-01,4.573158e-02
8.124996e-02,4.983369e-03,6.199781e-03,1.869998e-02,1.134649e-02,3.209770e-02,3.330544e-02,3.491283e-02,1.812905e-02,1.558676e-01,1.111741e-01,1.457363e-01,1.507540e-01,1.358959e-01,5.964750e-02
6.097810e-02,4.953832e-03,4.607769e-03,1.895052e-02,9.243832e-03,3.534765e-02,2.349806e-02,2.459673e-02,2.047759e-02,1.560259e-01,1.236330e-01,1.376448e-01,1.259289e-01,1.922537e-01,6.185966e-02
4.408387e-02,7.422278e-03,8.348618e-03,1.479872e-02,9.739509e-03,5.346641e-02,1.720196e-02,2.103586e-02,2.785091e-02,1.490923e-01,1.785434e-01,1.339591e-01,1.028421e-01,1.769509e-01,5.466421e-02
3.282725e-02,5.937581e-03,1.084922e-02,1.120263e-02,8.745584e-03,1.397786e-01,1.365275e-02,3.302276e-02,2.198564e-02,1.275167e-01,2.073277e-01,1.079816e-01,7.822212e-02,1.583194e-01,4.263054e-02
2.510116e-02,5.739850e-03,8.389034e-03,9.183470e-03,9.920949e-03,2.655712e-01,1.069446e-02,2.652684e-02,2.054799e-02,9.169904e-02,1.704888e-01,7.885514e-02,5.681506e-02,1.885935e-01,3.187350e-02
2.321729e-02,6.387096e-03,6.853337e-03,7.311188e-03,7.429184e-03,3.333476e-01,7.611983e-03,1.946386e-02,1.569530e-02,6.868736e-02,1.739632e-01,5.706451e-02,4.025956e-02,2.085657e-01,2.414286e-02
1.800235e-02,5.425209e-03,5.349602e-03,5.353892e-03,5.824631e-03,2.530139e-01,5.349920e-03,1.446401e-02,1.586431e-02,4.888888e-02,1.684353e-01,4.244332e-02,2.869461e-02,3.650943e-01,1.779582e-02
1.567711e-02,9.911911e-03,9.122752e-03,4.339739e-03,5.436449e-03,1.906601e-01,3.819610e-03,1.087245e-02,2.074176e-02,3.553203e-02,1.463527e-01,3.034792e-02,2.044739e-02,4.830640e-01,1.367413e-02
1.167535e-02,8.983016e-03,6.984213e-03,3.214907e-03,4.992628e-03,1.348188e-01,2.685856e-03,8.092601e-03,2.468189e-02,2.516529e-02,1.069847e-01,2.165717e-02,1.491726e-02,6.146950e-01,1.045146e-02
9.989956e-03,8.108991e-03,5.646597e-03,2.717886e-03,5.675685e-03,9.495262e-02,1.902147e-03,6.624822e-03,4.487638e-02,1.843795e-02,7.997866e-02,1.614492e-02,1.144740e-02,6.852195e-01,8.276471e-03
1.503280e-02,1.297568e-02,1.022313e-02,2.483351e-03,1.130281e-02,6.749583e-02,1.531129e-03,6.350567e-03,9.284370e-02,1.375095e-02,7.109381e-02,1.256816e-02,1.120054e-02,6.630222e-01,8.125423e-03
2.038222e-02,1.653621e-02,8.900343e-03,3.071814e-03,1.337852e-02,5.616982e-02,1.166290e-03,8.971621e-03,2.566166e-01,1.087462e-02,5.639313e-02,1.168227e-02,1.586530e-02,5.113409e-01,8.650310e-03
2.528852e-02,1.669817e-02,1.788330e-02,4.611044e-03,2.261129e-02,4.751442e-02,9.985857e-04,2.195147e-02,3.272152e-01,9.103026e-03,5.738912e-02,1.135702e-02,2.110635e-02,4.073550e-01,8.917464e-03
2.689280e-02,1.576551e-02,5.041896e-02,5.087463e-03,2.441686e-02,3.893790e-02,1.422665e-03,2.989338e-02,3.138460e-01,8.478390e-03,5.829632e-02,1.387008e-02,4.150017e-02,3.573328e-01,1.384077e-02
3.540114e-02,2.441778e-02,5.334915e-02,6.085316e-03,2.570648e-02,3.976553e-02,1.436976e-03,3.636380e-02,2.909428e-01,7.622350e-03,5.147329e-02,1.344284e-02,5.700725e-02,3.318991e-01,2.508614e-02
3.202248e-02,2.597638e-02,4.348116e-02,9.839298e-03,2.610672e-02,4.787356e-02,2.195493e-03,3.699062e-02,2.941674e-01,8.275549e-03,5.181856e-02,1.414750e-02,9.590346e-02,2.635934e-01,4.760843e-02
2.883301e-02,3.901817e-02,3.553198e-02,8.337529e-03,2.943835e-02,7.185847e-02,2.982151e-03,4.419881e-02,3.066953e-01,7.307007e-03,6.396340e-02,1.824903e-02,1.014031e-01,1.975443e-01,4.463948e-02
3.260966e-02,3.651898e-02,3.465648e-02,6.483988e-03,6.091995e-02,9.699409e-02,3.838237e-03,4.580809e-02,2.625950e-01,5.786330e-03,1.070600e-01,3.710878e-02,9.319779e-02,1.432492e-01,3.317345e-02
3.589460e-02,2.652374e-02,2.492628e-02,5.103693e-03,4.991577e-02,8.861095e-02,2.959255e-03,3.437040e-02,2.101401e-01,4.557583e-03,1.375985e-01,1.018649e-01,1.491822e-01,1.034902e-01,2.486183e-02
4.924691e-02,2.008938e-02,1.841516e-02,4.429721e-03,4.236948e-02,1.345099e-01,2.721007e-03,3.652148e-02,1.938351e-01,4.731407e-03,1.401672e-01,1.120954e-01,1.449325e-01,7.513677e-02,2.079867e-02
5.243298e-02,1.641717e-02,1.369377e-02,3.750184e-03,3.179114e-02,2.038047e-01,2.718468e-03,2.776247e-02,1.621802e-01,3.748687e-03,1.250623e-01,1.652222e-01,1.198613e-01,5.411856e-02,1.743593e-02
4.033513e-02,1.159499e-02,9.736646e-03,2.999568e-03,2.290862e-02,4.144934e-01,2.209547e-03,2.001510e-02,1.241033e-01,5.191732e-03,8.858794e-02,1.201782e-01,8.461344e-02,3.901686e-02,1.401555e-02
3.569259e-02,8.177133e-03,6.922571e-03,2.330868e-03,1.645753e-02,5.015049e-01,2.099349e-03,3.210980e-02,9.799676e-02,3.927887e-03,6.444179e-02,1.228573e-01,6.369211e-02,3.119528e-02,1.059411e-02
3.604821e-02,6.255036e-03,5.131951e-03,6.568884e-03,1.208751e-02,5.677491e-01,1.928231e-03,2.378657e-02,1.033788e-01,3.868206e-03,5.446303e-02,9.024968e-02,5.256703e-02,2.490747e-02,1.101031e-02
2.617614e-02,5.048212e-03,3.635616e-03,5.941305e-03,9.734356e-03,5.914406e-01,1.468415e-03,1.680874e-02,8.455998e-02,3.309240e-03,7.723056e-02,6.397818e-02,3.932943e-02,3.708991e-02,3.424937e-02
1.968172e-02,4.718764e-03,3.064526e-03,5.794405e-03,9.173604e-03,4.826361e-01,1.141468e-03,1.202612e-02,1.061979e-01,6.652283e-03,9.639885e-02,4.616906e-02,3.093313e-02,1.062494e-01,6.916283e-02
1.428761e-02,3.981872e-03,2.827638e-03,6.912054e-03,8.598714e-03,3.549294e-01,9.145021e-04,8.797674e-03,1.705326e-01,7.370527e-03,8.770362e-02,3.394869e-02,2.366623e-02,1.174250e-01,1.581040e-01
1.033513e-02,3.034652e-03,2.528254e-03,5.299055e-03,7.248016e-03,2.499441e-01,6.688894e-04,6.324798e-03,1.236221e-01,1.206535e-02,1.425382e-01,2.572818e-02,2.028995e-02,2.061083e-01,1.842650e-01
7.546378e-03,2.322581e-03,2.306732e-03,4.148523e-03,5.544263e-03,1.753238e-01,4.938797e-04,4.637561e-03,9.083518e-02,1.628523e-02,1.993497e-01,1.958958e-02,1.771556e-02,2.881497e-01,1.657513e-01
5.503430e-03,1.736377e-03,2.082554e-03,3.172142e-03,4.266479e-03,1.229478e-01,3.794052e-04,3.508033e-03,6.599819e-02,2.800762e-02,2.468176e-01,1.602696e-02,1.441594e-02,2.833443e-01,2.017931e-01
4.813274e-03,1.386054e-03,2.117265e-03,2.453369e-03,3.814975e-03,8.628865e-02,2.928104e-04,2.732491e-03,4.704324e-02,3.625470e-02,3.536833e-01,1.372136e-02,1.152619e-02,2.433899e-01,1.904824e-01
4.264983e-03,1.108847e-03,2.142904e-03,2.170501e-03,3.365984e-03,6.097290e-02,3.086337e-04,2.168312e-03,3.340730e-02,3.492571e-02,3.983149e-01,1.186191e-02,9.840525e-03,1.813575e-01,2.537890e-01
3.963610e-03,8.759026e-04,1.894189e-03,2.209626e-03,3.095014e-03,4.314096e-02,2.902932e-04,1.685528e-03,2.376821e-02,3.048355e-02,4.674025e-01,1.067416e-02,9.064236e-03,1.372088e-01,2.642434e-01
3.824126e-03,8.107981e-04,2.230341e-03,1.833361e-03,2.510472e-03,3.080161e-02,2.477276e-04,1.277756e-03,1.701844e-02,2.662565e-02,5.843685e-01,1.051433e-02,7.350423e-03,1.044840e-01,2.061026e-01
6.045630e-03,8.383563e-04,2.286014e-03,1.591016e-03,2.208490e-03,2.228179e-02,2.294106e-04,1.010132e-03,1.246497e-02,2.673407e-02,6.475263e-01,1.143539e-02,5.923641e-03,8.979975e-02,1.696251e-01
5.676910e-03,9.631548e-04,4.544194e-03,1.256536e-03,2.180984e-03,1.605690e-02,2.128378e-04,8.243346e-04,9.220760e-03,2.785183e-02,6.801073e-01,1.540558e-02,5.589482e-03,9.926583e-02,1.308434e-01
4.519043e-03,1.502316e-03,7.224616e-03,9.148611e-04,5.139505e-03,1.188828e-02,1.937025e-04,7.794226e-04,6.840234e-03,2.449520e-02,7.406433e-01,1.316828e-02,4.266419e-03,8.200184e-02,9.642310e-02
4.695829e-03,2.904061e-03,9.967550e-03,7.296689e-04,9.621545e-03,9.080660e-03,1.860867e-04,9.936463e-04,5.948936e-03,1.980491e-02,7.130749e-01,1.293927e-02,3.292844e-03,1.375753e-01,6.918475e-02
1.167173e-02,2.204539e-02,2.131931e-02,9.569606e-04,1.009041e-02,2.749094e-02,8.652433e-04,4.157699e-03,1.048747e-02,1.675335e-02,6.377897e-01,1.934914e-02,3.031510e-03,1.639467e-01,5.004438e-02
2.099245e-02,4.130169e-02,3.671758e-02,2.061998e-03,1.049558e-02,5.459515e-02,1.918959e-03,1.329191e-02,1.973186e-02,1.292852e-02,5.603755e-01,2.310422e-02,4.085491e-03,1.617206e-01,3.667858e-02
4.176987e-02,4.830377e-02,6.962317e-02,8.770815e-03,1.116269e-02,7.447036e-02,4.160406e-03,3.517883e-02,3.136460e-02,1.109379e-02,4.588991e-01,2.578506e-02,7.723557e-03,1.390360e-01,3.265804e-02
6.653614e-02,7.393292e-02,7.888364e-02,2.336843e-02,1.202136e-02,9.977533e-02,4.655800e-03,9.641076e-02,3.245966e-02,8.667195e-03,3.388358e-01,2.025415e-02,1.033741e-02,1.081116e-01,2.574983e-02
6.149397e-02,6.354170e-02,6.845925e-02,4.818220e-02,1.027270e-02,2.333352e-01,3.941816e-03,8.455547e-02,3.611820e-02,6.647286e-03,2.498527e-01,1.578598e-02,1.022944e-02,8.554698e-02,2.203714e-02
8.851096e-02,7.560027e-02,7.165760e-02,5.724422e-02,1.593899e-02,1.888621e-01,3.684062e-03,8.069935e-02,6.189508e-02,6.432513e-03,2.243735e-01,1.632902e-02,1.021605e-02,7.790445e-02,2.065191e-02
1.066824e-01,7.467899e-02,7.181147e-02,7.120404e-02,3.116194e-02,1.543072e-01,3.326318e-03,7.898495e-02,9.428720e-02,7.502445e-03,1.857410e-01,1.377000e-02,9.742629e-03,7.702653e-02,1.977297e-02
1.150050e-01,5.976480e-02,6.844515e-02,6.847841e-02,4.339335e-02,1.445941e-01,2.544508e-03,6.001039e-02,9.806520e-02,6.345195e-03,1.460192e-01,1.042268e-02,7.927468e-03,1.528010e-01,1.618350e-02
1.281810e-01,5.459853e-02,6.294379e-02,6.176801e-02,4.362178e-02,1.198949e-01,1.984835e-03,4.494947e-02,1.028467e-01,5.767853e-03,1.219896e-01,8.526307e-03,6.991880e-03,2.206747e-01,1.526079e-02
1.570608e-01,5.488759e-02,7.061398e-02,5.951110e-02,5.032951e-02,9.413508e-02,1.972836e-03,3.811722e-02,1.054433e-01,8.988757e-03,1.137055e-01,7.988686e-03,6.946799e-03,2.155857e-01,1.471316e-02
1.993575e-01,5.794213e-02,7.268536e-02,5.156730e-02,4.862167e-02,7.787742e-02,1.932942e-03,4.060571e-02,1.238463e-01,1.617037e-02,1.026360e-01,9.885376e-03,7.264809e-03,1.722851e-01,1.732192e-02
2.469594e-01,6.047149e-02,7.848984e-02,4.873408e-02,4.670580e-02,7.290491e-02,2.144736e-03,5.734298e-02,1.034704e-01,1.483158e-02,1.024776e-01,1.103595e-02,6.597763e-03,1.319269e-01,1.590659e-02
2.764751e-01,6.341732e-02,8.508300e-02,4.446139e-02,3.751583e-02,1.116099e-01,2.188056e-03,4.964852e-02,8.039570e-02,1.518351e-02,9.366085e-02,1.133188e-02,5.632791e-03,1.010161e-01,2.238000e-02
3.303477e-01,5.385766e-02,6.554716e-02,3.731173e-02,3.017429e-02,1.347728e-01,2.394034e-03,4.294632e-02,6.245348e-02,1.609199e-02,9.775096e-02,1.301411e-02,4.925212e-03,8.197165e-02,2.644089e-02
2.607649e-01,4.091093e-02,5.097845e-02,2.913953e-02,2.262505e-02,2.886578e-01,1.818427e-03,3.204669e-02,4.577600e-02,1.260070e-02,1.086574e-01,1.179851e-02,4.035007e-03,6.554188e-02,2.464882e-02
2.069908e-01,3.150313e-02,3.789676e-02,2.116150e-02,1.688169e-02,3.497730e-01,1.383429e-03,2.343051e-02,3.301490e-02,9.206252e-03,1.766561e-01,1.141877e-02,3.805657e-03,5.727281e-02,1.960469e-02
1.704238e-01,2.435642e-02,2.815796e-02,1.534318e-02,1.276184e-02,3.731385e-01,1.164711e-03,1.745601e-02,2.432651e-02,6.843116e-03,2.401853e-01,1.073540e-02,3.689705e-03,5.579825e-02,1.561944e-02
1.394733e-01,1.804139e-02,2.067190e-02,1.105623e-02,9.133768e-03,3.422896e-01,9.376190e-04,1.308606e-02,1.739271e-02,5.096336e-03,3.457130e-01,1.079725e-02,3.436437e-03,5.136103e-02,1.151333e-02
1.003835e-01,1.288810e-02,1.480076e-02,7.980210e-03,6.565163e-03,2.566935e-01,8.907237e-04,9.654407e-03,1.239566e-02,3.737773e-03,4.957744e-01,1.318354e-02,2.847674e-03,5.389014e-02,8.314473e-03
7.062376e-02,9.182593e-03,1.062618e-02,5.674316e-03,4.655760e-03,1.891779e-01,7.338208e-04,6.970534e-03,8.928272e-03,3.012985e-03,6.130769e-01,1.679541e-02,2.173532e-03,5.213998e-02,6.228033e-03
5.650366e-02,9.671486e-03,1.939270e-02,5.052417e-03,4.370572e-03,1.439222e-01,1.525228e-03,6.961954e-03,7.468742e-03,2.890897e-03,6.636180e-01,1.649133e-02,1.806236e-03,5.568633e-02,4.638216e-03
4.765225e-02,1.115885e-02,1.435628e-02,4.336872e-03,6.521810e-03,1.052933e-01,1.450359e-03,5.968123e-03,5.795691e-03,2.321252e-03,7.182099e-01,1.537073e-02,1.605356e-03,5.641812e-02,3.541144e-03
3.551262e-02,8.739098e-03,1.034335e-02,3.244096e-03,5.073275e-03,7.620098e-02,1.197204e-03,4.293183e-03,4.475076e-03,2.153059e-03,7.574683e-01,1.454641e-02,1.402002e-03,7.259809e-02,2.753258e-03
2.618837e-02,7.027734e-03,7.834475e-03,2.414405e-03,6.066690e-03,5.433531e-02,1.173011e-03,3.348312e-03,3.285360e-03,1.743644e-03,7.975886e-01,1.327927e-02,1.122121e-03,7.255693e-02,2.035776e-03
1.894525e-02,5.263816e-03,5.704786e-03,1.772567e-03,8.128567e-03,3.838450e-02,1.184135e-03,2.550523e-03,2.525144e-03,1.511083e-03,8.147502e-01,1.332610e-02,1.009578e-03,8.344683e-02,1.496932e-03
1.425090e-02,5.096484e-03,4.299705e-03,1.306784e-03,7.516152e-03,2.722007e-02,1.062924e-03,1.947733e-03,2.063533e-03,1.732907e-03,8.230985e-01,1.249511e-02,1.021913e-03,9.565370e-02,1.233593e-03
1.315275e-02,4.453092e-03,3.372098e-03,1.163641e-03,2.285277e-02,1.959874e-02,1.460467e-03,2.343672e-03,1.849674e-03,1.832025e-03,8.079308e-01,1.066348e-02,1.143819e-03,1.071399e-01,1.043042e-03
1.110866e-02,3.502731e-03,2.628581e-03,1.027025e-03,3.170770e-02,1.421191e-02,1.911843e-03,2.289637e-03,1.765164e-03,2.193141e-03,7.726837e-01,1.016225e-02,1.617354e-03,1.423390e-01,8.513755e-04
9.113298e-03,2.963650e-03,2.044736e-03,8.963944e-04,4.605407e-02,1.057587e-02,2.130453e-03,1.958299e-03,2.285799e-03,2.158146e-03,7.362455e-01,9.806935e-03,1.912566e-03,1.711432e-01,7.112404e-04
7.728371e-03,2.949579e-03,1.604451e-03,8.663198e-04,7.069500e-02,8.092705e-03,2.587596e-03,1.745517e-03,4.157040e-03,1.987820e-03,6.871243e-01,9.845583e-03,2.290699e-03,1.975785e-01,7.465663e-04
6.577047e-03,6.660284e-03,2.435804e-03,9.489426e-04,5.943417e-02,8.415900e-03,4.843879e-03,2.934050e-03,1.057217e-02,2.743870e-03,7.297681e-01,1.048019e-02,2.702371e-03,1.481907e-01,3.292568e-03
5.671647e-03,2.037347e-02,5.085772e-03,8.098069e-04,4.834732e-02,1.373102e-02,7.571511e-03,4.797302e-03,2.151436e-02,3.172966e-03,7.455144e-01,9.403244e-03,3.057345e-03,1.051755e-01,5.774426e-03
5.022126e-03,1.752639e-02,5.794071e-03,1.212860e-03,4.089230e-02,1.956895e-02,7.049065e-03,1.063549e-02,2.696699e-02,2.495147e-03,7.720977e-01,7.979184e-03,3.640421e-03,7.379266e-02,5.326696e-03
3.959280e-03,1.680920e-02,6.541017e-03,2.446345e-03,4.243547e-02,2.857642e-02,5.193242e-03,1.765189e-02,6.083869e-02,2.075466e-03,7.410169e-01,9.145755e-03,7.132787e-03,5.177202e-02,4.405541e-03
3.610562e-03,1.485383e-02,6.603071e-03,3.289539e-03,4.119662e-02,3.900892e-02,3.733993e-03,1.786565e-02,1.095808e-01,2.128140e-03,6.677703e-01,2.682532e-02,2.094243e-02,3.785301e-02,4.737918e-03
4.443965e-03,1.773369e-02,8.784268e-03,4.335640e-03,3.854836e-02,3.588332e-02,3.022602e-03,1.905733e-02,1.613995e-01,2.388597e-03,5.852217e-01,4.790200e-02,3.675491e-02,2.895927e-02,5.564927e-03
4.029204e-03,1.851594e-02,7.683238e-03,4.234446e-03,3.172375e-02,3.725405e-02,2.548991e-03,1.509352e-02,2.212856e-01,2.465272e-03,5.034630e-01,7.001647e-02,5.144837e-02,2.508956e-02,5.148677e-03
9.363314e-03,1.329915e-02,8.884005e-03,3.587933e-03,4.744063e-02,3.969788e-02,1.357987e-02,6.750125e-02,1.766149e-01,3.121654e-03,4.686298e-01,6.147556e-02,6.103497e-02,2.150491e-02,4.264190e-03
1.155991e-02,9.803083e-03,1.663795e-02,3.283392e-03,4.165915e-02,2.434745e-01,1.250117e-02,5.308507e-02,1.290329e-01,2.627790e-03,3.545129e-01,5.235425e-02,4.757768e-02,1.817754e-02,3.712790e-03
1.347935e-02,7.951556e-03,1.591821e-02,2.732170e-03,3.339728e-02,3.805349e-01,9.982680e-03,4.058504e-02,9.736704e-02,2.156991e-03,2.913801e-01,4.608489e-02,4.063962e-02,1.431432e-02,3.475849e-03
1.277835e-02,5.910071e-03,1.414238e-02,2.110568e-03,2.403670e-02,5.356253e-01,7.194313e-03,2.927468e-02,6.910880e-02,1.798678e-03,2.098560e-01,4.023137e-02,3.270513e-02,1.182226e-02,3.405343e-03
1.493433e-02,4.483808e-03,1.240578e-02,1.621483e-03,1.771624e-02,6.111550e-01,5.596824e-03,2.193830e-02,4.892448e-02,1.349703e-03,1.538359e-01,5.532170e-02,3.624878e-02,9.567386e-03,4.900265e-03
1.371012e-02,3.501485e-03,9.782841e-03,1.308369e-03,1.338097e-02,5.309159e-01,4.514740e-03,1.642686e-02,3.475957e-02,1.052565e-03,1.107615e-01,1.314367e-01,1.169296e-01,6.893110e-03,4.625672e-03
1.007525e-02,2.554384e-03,7.008525e-03,1.182155e-03,9.563425e-03,5.776851e-01,3.686324e-03,1.160999e-02,2.460365e-02,1.133718e-03,7.915010e-02,1.137014e-01,1.469948e-01,5.067126e-03,5.984005e-03
8.973928e-03,2.072116e-03,5.747288e-03,1.289614e-03,7.318286e-03,5.648468e-01,4.221394e-03,8.800409e-03,1.829886e-02,1.206416e-03,6.042467e-02,1.450180e-01,1.614739e-01,3.911977e-03,6.396296e-03
7.068335e-03,1.586326e-03,4.336944e-03,1.161930e-03,5.731250e-03,4.436920e-01,4.062350e-03,6.321301e-03,1.306454e-02,1.481928e-03,4.372307e-02,2.466647e-01,2.079398e-01,3.621510e-03,9.544119e-03
5.662454e-03,1.237470e-03,3.199936e-03,1.413140e-03,4.945291e-03,4.340830e-01,3.635874e-03,4.521606e-03,9.944317e-03,1.815405e-03,3.263666e-02,2.520668e-01,2.290435e-01,3.155651e-03,1.263893e-02
4.310478e-03,9.101463e-04,2.297136e-03,1.252032e-03,3.612964e-03,4.451566e-01,2.742864e-03,3.177394e-03,7.684321e-03,2.369266e-03,2.666100e-02,2.608684e-01,2.260088e-01,2.428644e-03,1.051995e-02
3.295060e-03,6.736612e-04,1.680487e-03,9.900683e-04,2.690151e-03,3.411739e-01,2.376395e-03,2.234553e-03,5.582536e-03,3.166994e-03,2.073437e-02,3.710619e-01,2.340302e-01,1.873625e-03,8.436016e-03
2.599810e-03,4.927753e-04,1.401254e-03,8.159482e-04,2.599144e-03,2.606374e-01,4.769448e-03,1.610403e-03,4.171526e-03,5.730428e-03,1.743104e-02,3.891304e-01,2.989613e-01,1.599896e-03,8.049259e-03
2.046305e-03,3.574827e-04,1.389629e-03,5.983365e-04,6.287252e-03,1.840766e-01,3.925757e-03,1.166686e-03,3.176544e-03,5.725735e-03,1.449992e-02,3.023972e-01,4.642578e-01,1.295520e-03,8.799279e-03
2.102614e-03,2.593751e-04,1.292696e-03,4.401749e-04,8.114169e-03,1.305567e-01,4.101264e-03,9.905483e-04,2.875591e-03,6.813905e-03,1.241316e-02,2.560850e-01,5.644915e-01,1.117592e-03,8.345700e-03
1.995589e-03,2.588271e-04,4.921591e-03,3.505265e-04,2.341286e-02,9.256374e-02,6.996595e-03,2.091831e-03,5.214443e-03,1.314330e-02,1.472893e-02,2.342101e-01,5.914491e-01,1.089145e-03,7.573430e-03
1.588973e-03,2.288645e-04,4.981181e-03,2.579837e-04,1.941844e-02,6.520113e-02,6.424474e-03,2.965184e-03,4.428876e-03,1.491032e-02,1.290322e-02,2.913479e-01,5.685158e-01,8.516265e-04,5.976027e-03
1.529544e-03,2.438971e-04,9.279478e-03,2.161227e-04,2.128148e-02,4.719680e-02,5.706838e-03,4.205666e-03,4.507003e-03,1.264716e-02,1.221265e-02,2.694173e-01,6.056714e-01,6.693786e-04,5.215277e-03
1.442790e-03,2.160906e-04,7.288512e-03,2.231749e-04,2.283484e-02,3.501326e-02,4.654589e-03,3.861093e-03,4.746382e-03,1.314791e-02,1.359838e-02,2.445758e-01,6.418003e-01,5.907480e-04,6.006115e-03
1.563174e-03,2.495736e-04,5.458405e-03,2.305192e-04,1.965404e-02,2.672926e-02,3.475272e-03,2.999955e-03,6.677321e-03,1.332011e-02,1.492444e-02,3.121194e-01,5.835328e-01,4.832306e-04,8.582531e-03
3.470651e-03,3.377237e-04,4.180976e-03,3.643925e-04,2.598321e-02,2.263531e-02,2.788776e-03,4.290114e-03,9.063262e-03,1.103289e-02,1.635892e-02,4.270051e-01,4.644912e-01,6.506469e-04,7.346781e-03
5.562417e-03,5.109726e-04,4.890847e-03,3.056370e-04,3.044388e-02,1.696393e-02,4.335146e-03,9.028731e-03,8.657322e-03,1.228704e-02,1.718632e-02,4.848756e-01,3.967654e-01,1.463325e-03,6.723450e-03
6.098432e-03,4.674575e-04,4.905883e-03,3.018216e-04,2.786245e-02,1.267055e-02,4.262893e-03,1.065688e-02,7.206157e-03,1.148314e-02,1.729150e-02,5.150403e-01,3.732360e-01,2.233193e-03,6.283310e-03
7.240629e-03,3.585014e-04,5.331378e-03,3.203044e-04,6.233763e-02,9.305612e-03,6.147431e-03,4.861330e-02,6.709536e-03,1.233700e-02,1.970848e-02,4.690820e-01,3.436088e-01,1.926468e-03,6.972927e-03
7.523858e-03,2.771853e-04,4.230838e-03,3.040370e-04,9.441471e-02,6.965978e-03,5.949930e-03,6.557836e-02,5.992564e-03,1.136970e-02,1.780352e-02,4.972606e-01,2.749826e-01,1.651099e-03,5.694912e-03
1.110824e-02,2.205089e-04,3.369492e-03,5.747859e-04,2.351635e-01,5.205092e-03,2.802043e-02,7.213373e-02,7.244534e-03,1.164844e-02,1.660974e-02,3.755601e-01,2.268465e-01,1.607536e-03,4.687239e-03
1.680664e-02,5.874299e-04,2.574468e-03,7.296493e-04,2.548471e-01,4.992056e-03,3.392152e-02,7.684687e-02,1.120654e-01,9.714574e-03,1.275937e-02,2.967132e-01,1.727696e-01,1.226347e-03,3.445676e-03
2.329173e-02,5.953915e-04,2.026544e-03,8.755418e-04,3.160944e-01,4.823119e-03,5.789806e-02,6.111145e-02,1.489684e-01,7.692542e-03,9.631122e-03,2.367350e-01,1.265340e-01,1.045554e-03,2.677132e-03
3.215756e-02,1.193336e-03,1.920287e-03,8.057050e-04,3.061794e-01,6.606243e-03,4.687800e-02,4.458246e-02,2.843483e-01,5.954384e-03,6.936958e-03,1.703293e-01,8.917798e-02,8.165056e-04,2.113540e-03
4.231805e-02,1.576641e-03,1.613712e-03,9.307909e-04,3.377239e-01,7.194325e-03,3.603951e-02,3.549637e-02,3.352158e-01,4.384759e-03,5.015443e-03,1.275357e-01,6.282966e-02,5.944228e-04,1.530925e-03
6.071533e-02,1.642218e-03,1.363550e-03,9.266143e-04,3.696914e-01,6.149414e-03,2.689556e-02,2.580746e-02,3.604508e-01,3.120902e-03,3.727489e-03,9.184737e-02,4.588786e-02,5.053775e-04,1.268662e-03
9.044753e-02,2.230876e-03,1.445094e-03,4.195194e-03,3.304220e-01,1.962070e-02,2.214333e-02,1.948540e-02,3.628505e-01,2.436793e-03,4.588267e-03,8.763526e-02,4.795517e-02,5.676682e-04,3.976315e-03
1.187899e-01,2.451530e-03,1.452380e-03,1.326444e-02,3.115640e-01,1.953037e-02,1.773962e-02,1.950708e-02,3.242210e-01,1.866669e-03,7.181529e-03,9.676838e-02,6.132209e-02,5.808071e-04,3.760267e-03
1.207803e-01,2.187495e-03,1.883992e-03,1.118199e-02,2.880519e-01,1.559989e-02,1.956097e-02,9.663355e-02,3.178346e-01,1.449686e-03,5.417730e-03,7.059764e-02,4.551215e-02,4.719715e-04,2.836132e-03
1.429054e-01,2.214242e-03,4.877063e-03,1.069823e-02,3.214632e-01,1.443333e-02,1.839963e-02,9.431535e-02,2.948919e-01,1.395469e-03,4.496762e-03,5.352170e-02,3.332219e-02,5.647152e-04,2.500803e-03
1.516761e-01,1.970589e-03,1.466370e-02,8.644927e-03,2.573616e-01,1.306567e-02,1.862105e-02,2.485827e-01,2.144567e-01,1.559342e-03,3.966657e-03,3.863725e-02,2.398298e-02,6.564202e-04,2.154280e-03
1.153271e-01,1.509296e-03,1.292568e-02,7.394167e-03,1.857739e-01,1.034454e-02,1.581451e-02,4.487568e-01,1.508120e-01,1.424490e-03,2.965759e-03,2.733897e-02,1.731449e-02,5.156754e-04,1.782483e-03
9.639867e-02,1.436738e-03,1.316519e-02,8.610683e-03,1.428004e-01,9.949376e-03,1.389700e-02,5.662453e-01,1.059542e-01,2.764224e-03,2.559769e-03,1.969277e-02,1.338428e-02,4.789097e-04,2.662491e-03
9.658235e-02,1.551811e-03,2.193913e-02,8.268993e-03,1.141786e-01,1.017420e-02,1.800113e-02,6.171334e-01,7.544553e-02,2.816660e-03,2.528323e-03,1.539284e-02,1.140103e-02,6.038070e-04,3.982263e-03
8.673549e-02,2.271743e-03,2.692922e-02,8.096689e-03,9.271723e-02,1.115040e-02,1.771761e-02,6.649642e-01,5.342091e-02,3.446224e-03,2.598060e-03,1.232059e-02,9.772267e-03,7.975918e-04,7.061729e-03
9.474756e-02,2.918293e-03,2.918619e-02,7.669854e-03,7.422172e-02,1.324447e-02,2.093019e-02,6.801087e-01,3.808613e-02,5.544932e-03,2.836539e-03,1.075331e-02,9.159722e-03,8.740106e-04,9.718452e-03
1.273605e-01,3.345426e-03,2.815180e-02,8.202637e-03,6.639901e-02,1.289865e-02,1.884322e-02,6.675374e-01,2.701312e-02,6.117899e-03,2.744323e-03,1.025777e-02,8.868221e-03,9.472145e-04,1.131283e-02
1.427378e-01,5.545375e-03,3.019433e-02,1.050394e-02,5.635326e-02,1.638786e-02,1.550994e-02,6.063207e-01,2.202089e-02,1.977601e-02,6.266545e-03,1.327173e-02,1.178036e-02,3.165031e-03,4.016624e-02
1.208199e-01,3.295764e-02,3.073912e-02,4.910291e-02,4.908976e-02,1.385230e-02,1.186781e-02,4.325317e-01,3.911134e-02,3.265738e-02,1.858616e-02,2.683137e-02,2.057240e-02,5.564138e-03,1.157161e-01
1.438044e-01,2.783725e-02,3.595811e-02,4.378699e-02,4.167273e-02,1.483687e-02,9.677627e-03,3.298983e-01,4.704741e-02,3.439663e-02,1.865796e-02,2.962518e-02,2.203372e-02,1.095729e-02,1.898095e-01
1.259446e-01,2.094713e-02,3.223025e-02,3.126975e-02,3.012348e-02,1.208811e-02,7.140587e-03,2.332693e-01,5.867772e-02,3.762431e-02,1.622168e-02,2.256199e-02,1.827117e-02,6.985473e-02,2.837752e-01
2.206218e-01,1.690223e-02,2.919381e-02,2.333622e-02,2.168130e-02,1.248562e-02,5.995330e-03,1.651590e-01,6.122272e-02,2.965660e-02,1.499583e-02,1.793931e-02,1.598393e-02,1.004967e-01,2.643296e-01
3.127734e-01,1.389275e-02,2.499558e-02,1.788418e-02,1.585532e-02,1.553457e-02,5.317080e-03,1.170646e-01,5.041924e-02,2.354841e-02,1.432095e-02,1.574918e-02,1.768203e-02,1.203269e-01,2.346358e-01
2.621697e-01,1.267070e-02,1.880408e-02,1.642175e-02,1.167849e-02,2.158702e-02,4.558478e-03,8.287358e-02,1.178205e-01,2.602553e-02,1.346457e-02,1.365286e-02,2.628620e-02,8.888753e-02,2.830989e-01
2.208216e-01,1.463242e-02,1.415607e-02,1.605379e-02,1.138371e-02,3.845400e-02,5.139827e-03,5.967798e-02,1.515623e-01,2.756615e-02,1.581101e-02,1.205643e-02,6.355537e-02,7.282049e-02,2.763088e-01
1.575852e-01,1.792041e-02,1.056171e-02,1.757941e-02,8.421874e-03,2.846614e-02,3.779872e-03,4.187856e-02,2.944025e-01,2.527470e-02,1.215307e-02,9.063941e-03,7.759260e-02,5.275371e-02,2.425662e-01
1.130031e-01,1.379372e-02,1.180562e-02,1.578123e-02,9.528605e-03,2.281816e-02,1.006274e-02,3.101661e-02,2.447147e-01,2.204233e-02,1.485248e-02,8.054412e-03,1.712508e-01,4.154085e-02,2.697346e-01
8.222675e-02,1.089351e-02,1.203107e-02,1.283130e-02,9.271811e-03,1.904927e-02,1.003725e-02,2.218086e-02,1.975270e-01,2.390624e-02,1.360474e-02,7.975112e-03,2.300413e-01,3.146910e-02,3.169547e-01
5.840782e-02,7.908086e-03,9.623147e-03,9.303693e-03,7.420250e-03,1.548956e-02,7.582757e-03,1.564209e-02,1.429166e-01,2.028025e-02,9.862183e-03,6.121494e-03,3.212227e-01,2.272506e-02,3.454944e-01
4.159958e-02,5.778947e-03,7.520849e-03,6.775935e-03,6.509131e-03,1.135571e-02,6.036364e-03,1.112997e-02,1.041358e-01,1.805126e-02,8.471472e-03,5.623751e-03,2.551371e-01,1.647724e-02,4.953970e-01
3.038374e-02,4.210098e-03,7.366028e-03,4.856327e-03,5.451524e-03,8.341472e-03,1.189438e-02,1.364161e-02,7.476932e-02,1.483783e-02,7.112474e-03,4.643188e-03,1.952308e-01,1.227921e-02,6.049821e-01
2.778590e-02,3.502334e-03,8.099636e-03,3.927502e-03,4.654285e-03,8.229387e-03,1.130757e-02,1.071894e-02,5.481125e-02,1.114962e-02,5.786811e-03,6.680250e-03,3.022919e-01,9.055737e-03,5.319990e-01
3.751231e-02,4.190197e-03,7.323693e-03,3.120382e-03,5.551361e-03,7.431498e-03,1.098466e-02,9.598384e-03,4.027000e-02,8.414667e-03,5.506922e-03,1.180976e-02,3.551072e-01,6.567108e-03,4.866119e-01
2.850103e-02,3.930135e-03,7.371810e-03,2.481519e-03,9.257294e-03,6.968875e-03,5.813893e-02,1.130309e-02,3.111695e-02,6.621078e-03,4.668781e-03,1.604398e-02,3.762743e-01,4.749352e-03,4.325729e-01
2.019808e-02,3.065693e-03,6.119171e-03,1.846138e-03,7.526825e-03,5.246452e-03,2.603787e-01,1.640979e-02,2.246738e-02,5.088240e-03,3.888640e-03,1.428773e-02,3.036518e-01,3.365870e-03,3.264594e-01
1.682435e-02,4.140184e-03,1.654592e-02,1.649293e-03,9.217706e-03,5.555234e-03,2.722456e-01,1.776532e-02,2.267250e-02,4.041655e-03,4.165512e-03,1.647686e-02,3.610644e-01,2.461160e-03,2.451744e-01
1.462519e-02,3.726451e-03,1.674169e-02,1.312154e-03,1.023468e-02,4.986400e-03,1.977116e-01,1.458470e-02,1.780328e-02,3.130723e-03,4.585480e-03,1.890392e-02,4.964770e-01,1.999192e-03,1.931775e-01
1.622811e-02,3.132185e-03,1.621745e-02,1.033316e-03,1.085605e-02,7.484717e-03,1.417821e-01,1.161997e-02,1.314821e-02,2.301202e-03,3.719490e-03,2.758542e-02,6.019705e-01,1.711242e-03,1.412101e-01
3.275498e-02,2.988150e-03,4.431316e-02,1.464274e-03,1.164633e-02,1.179560e-02,1.040639e-01,1.154709e-02,1.025249e-02,2.096186e-03,4.579480e-03,3.332207e-02,6.226092e-01,1.944427e-03,1.046227e-01
6.510987e-02,2.726175e-03,4.254651e-02,1.402000e-03,1.076656e-02,1.098762e-02,7.530719e-02,1.040315e-02,8.768565e-03,1.705149e-03,7.392953e-03,5.738998e-02,6.266716e-01,1.727143e-03,7.709550e-02
