1.000000e+00,0.000000e+00,0.000000e+00,0.000000e+00,0.000000e+00,0.000000e+00,0.000000e+00,0.000000e+00,0.000000e+00,0.000000e+00,0.000000e+00,0.000000e+00,0.000000e+00,0.000000e+00,0.000000e+00
1.000000e+00,0.000000e+00,0.000000e+00,0.000000e+00,0.000000e+00,0.000000e+00,0.000000e+00,0.000000e+00,0.000000e+00,0.000000e+00,0.000000e+00,0.000000e+00,0.000000e+00,0.000000e+00,0.000000e+00
1.000000e+00,0.000000e+00,0.000000e+00,0.000000e+00,0.000000e+00,0.000000e+00,0.000000e+00,0.000000e+00,0.000000e+00,0.000000e+00,0.000000e+00,0.000000e+00,0.000000e+00,0.000000e+00,0.000000e+00
1.000000e+00,0.000000e+00,0.000000e+00,0.000000e+00,0.000000e+00,0.000000e+00,0.000000e+00,0.000000e+00,0.000000e+00,0.000000e+00,0.000000e+00,0.000000e+00,0.000000e+00,0.000000e+00,0.000000e+00
1.000000e+00,0.000000e+00,0.000000e+00,0.000000e+00,0.000000e+00,0.000000e+00,0.000000e+00,0.000000e+00,0.000000e+00,0.000000e+00,0.000000e+00,0.000000e+00,0.000000e+00,0.000000e+00,0.000000e+00
1.000000e+00,0.000000e+00,0.000000e+00,0.000000e+00,0.000000e+00,0.000000e+00,0.000000e+00,0.000000e+00,0.000000e+00,0.000000e+00,0.000000e+00,0.000000e+00,0.000000e+00,0.000000e+00,0.000000e+00
1.000000e+00,0.000000e+00,0.000000e+00,0.000000e+00,0.000000e+00,0.000000e+00,0.000000e+00,0.000000e+00,0.000000e+00,0.000000e+00,0.000000e+00,0.000000e+00,0.000000e+00,0.000000e+00,0.000000e+00
1.000000e+00,0.000000e+00,0.000000e+00,0.000000e+00,0.000000e+00,0.000000e+00,0.000000e+00,0.000000e+00,0.000000e+00,0.000000e+00,0.000000e+00,0.000000e+00,0.000000e+00,0.000000e+00,0.000000e+00
1.000000e+00,0.000000e+00,0.000000e+00,0.000000e+00,0.000000e+00,0.000000e+00,0.000000e+00,0.000000e+00,0.000000e+00,0.000000e+00,0.000000e+00,0.000000e+00,0.000000e+00,0.000000e+00,0.000000e+00
1.000000e+00,0.000000e+00,0.000000e+00,0.000000e+00,0.000000e+00,0.000000e+00,0.000000e+00,0.000000e+00,0.000000e+00,0.000000e+00,0.000000e+00,0.000000e+00,0.000000e+00,0.000000e+00,0.000000e+00
1.000000e+00,0.000000e+00,0.000000e+00,0.000000e+00,0.000000e+00,0.000000e+00,0.000000e+00,0.000000e+00,0.000000e+00,0.000000e+00,0.000000e+00,0.000000e+00,0.000000e+00,0.000000e+00,0.000000e+00
1.000000e+00,0.000000e+00,0.000000e+00,0.000000e+00,0.000000e+00,0.000000e+00,0.000000e+00,0.000000e+00,0.000000e+00,0.000000e+00,0.000000e+00,0.000000e+00,0.000000e+00,0.000000e+00,0.000000e+00
1.000000e+00,0.000000e+00,0.000000e+00,0.000000e+00,0.000000e+00,0.000000e+00,0.000000e+00,0.000000e+00,0.000000e+00,0.000000e+00,0.000000e+00,0.000000e+00,0.000000e+00,0.000000e+00,0.000000e+00
1.000000e+00,0.000000e+00,0.000000e+00,0.000000e+00,0.000000e+00,0.000000e+00,0.000000e+00,0.000000e+00,0.000000e+00,0.000000e+00,0.000000e+00,0.000000e+00,0.000000e+00,0.000000e+00,0.000000e+00
1.000000e+00,0.000000e+00,0.000000e+00,0.000000e+00,0.000000e+00,0.000000e+00,0.000000e+00,0.000000e+00,0.000000e+00,0.000000e+00,0.000000e+00,0.000000e+00,0.000000e+00,0.000000e+00,0.000000e+00
1.000000e+00,0.000000e+00,0.000000e+00,0.000000e+00,0.000000e+00,0.000000e+00,0.000000e+00,0.000000e+00,0.000000e+00,0.000000e+00,0.000000e+00,0.000000e+00,0.000000e+00,0.000000e+00,0.000000e+00
1.000000e+00,0.000000e+00,0.000000e+00,0.000000e+00,0.000000e+00,0.000000e+00,0.000000e+00,0.000000e+00,0.000000e+00,0.000000e+00,0.000000e+00,0.000000e+00,0.000000e+00,0.000000e+00,0.000000e+00
1.000000e+00,0.000000e+00,0.000000e+00,0.000000e+00,0.000000e+00,0.000000e+00,0.000000e+00,0.000000e+00,0.000000e+00,0.000000e+00,0.000000e+00,0.000000e+00,0.000000e+00,0.000000e+00,0.000000e+00
1.000000e+00,0.000000e+00,0.000000e+00,0.000000e+00,0.000000e+00,0.000000e+00,0.000000e+00,0.000000e+00,0.000000e+00,0.000000e+00,0.000000e+00,0.000000e+00,0.000000e+00,0.000000e+00,0.000000e+00
1.000000e+00,0.000000e+00,0.000000e+00,0.000000e+00,0.000000e+00,0.000000e+00,0.000000e+00,0.000000e+00,0.000000e+00,0.000000e+00,0.000000e+00,0.000000e+00,0.000000e+00,0.000000e+00,0.000000e+00
1.000000e+00,0.000000e+00,0.000000e+00,0.000000e+00,0.000000e+00,0.000000e+00,0.000000e+00,0.000000e+00,0.000000e+00,0.000000e+00,0.000000e+00,0.000000e+00,0.000000e+00,0.000000e+00,0.000000e+00
1.000000e+00,0.000000e+00,0.000000e+00,0.000000e+00,0.000000e+00,0.000000e+00,0.000000e+00,0.000000e+00,0.000000e+00,0.000000e+00,0.000000e+00,0.000000e+00,0.000000e+00,0.000000e+00,0.000000e+00
1.000000e+00,0.000000e+00,0.000000e+00,0.000000e+00,0.000000e+00,0.000000e+00,0.000000e+00,0.000000e+00,0.000000e+00,0.000000e+00,0.000000e+00,0.000000e+00,0.000000e+00,0.000000e+00,0.000000e+00
1.000000e+00,0.000000e+00,0.000000e+00,0.000000e+00,0.000000e+00,0.000000e+00,0.000000e+00,0.000000e+00,0.000000e+00,0.000000e+00,0.000000e+00,0.000000e+00,0.000000e+00,0.000000e+00,0.000000e+00
1.000000e+00,0.000000e+00,0.000000e+00,0.000000e+00,0.000000e+00,0.000000e+00,0.000000e+00,0.000000e+00,0.000000e+00,0.000000e+00,0.000000e+00,0.000000e+00,0.000000e+00,0.000000e+00,0.000000e+00
1.000000e+00,0.000000e+00,0.000000e+00,0.000000e+00,0.000000e+00,0.000000e+00,0.000000e+00,0.000000e+00,0.000000e+00,0.000000e+00,0.000000e+00,0.000000e+00,0.000000e+00,0.000000e+00,0.000000e+00
1.000000e+00,0.000000e+00,0.000000e+00,0.000000e+00,0.000000e+00,0.000000e+00,0.000000e+00,0.000000e+00,0.000000e+00,0.000000e+00,0.000000e+00,0.000000e+00,0.000000e+00,0.000000e+00,0.000000e+00
1.000000e+00,0.000000e+00,0.000000e+00,0.000000e+00,0.000000e+00,0.000000e+00,0.000000e+00,0.000000e+00,0.000000e+00,0.000000e+00,0.000000e+00,0.000000e+00,0.000000e+00,0.000000e+00,0.000000e+00
1.000000e+00,0.000000e+00,0.000000e+00,0.000000e+00,0.000000e+00,0.000000e+00,0.000000e+00,0.000000e+00,0.000000e+00,0.000000e+00,0.000000e+00,0.000000e+00,0.000000e+00,0.000000e+00,0.000000e+00
1.000000e+00,0.000000e+00,0.000000e+00,0.000000e+00,0.000000e+00,0.000000e+00,0.000000e+00,0.000000e+00,0.000000e+00,0.000000e+00,0.000000e+00,0.000000e+00,0.000000e+00,0.000000e+00,0.000000e+00
1.000000e+00,0.000000e+00,0.000000e+00,0.000000e+00,0.000000e+00,0.000000e+00,0.000000e+00,0.000000e+00,0.000000e+00,0.000000e+00,0.000000e+00,0.000000e+00,0.000000e+00,0.000000e+00,0.000000e+00
1.000000e+00,0.000000e+00,0.000000e+00,0.000000e+00,0.000000e+00,0.000000e+00,0.000000e+00,0.000000e+00,0.000000e+00,0.000000e+00,0.000000e+00,0.000000e+00,0.000000e+00,0.000000e+00,0.000000e+00
1.000000e+00,0.000000e+00,0.000000e+00,0.000000e+00,0.000000e+00,0.000000e+00,0.000000e+00,0.000000e+00,0.000000e+00,0.000000e+00,0.000000e+00,0.000000e+00,0.000000e+00,0.000000e+00,0.000000e+00
1.000000e+00,0.000000e+00,0.000000e+00,0.000000e+00,0.000000e+00,0.000000e+00,0.000000e+00,0.000000e+00,0.000000e+00,0.000000e+00,0.000000e+00,0.000000e+00,0.000000e+00,0.000000e+00,0.000000e+00
1.000000e+00,0.000000e+00,0.000000e+00,0.000000e+00,0.000000e+00,0.000000e+00,0.000000e+00,0.000000e+00,0.000000e+00,0.000000e+00,0.000000e+00,0.000000e+00,0.000000e+00,0.000000e+00,0.000000e+00
1.000000e+00,0.000000e+00,0.000000e+00,0.000000e+00,0.000000e+00,0.000000e+00,0.000000e+00,0.000000e+00,0.000000e+00,0.000000e+00,0.000000e+00,0.000000e+00,0.000000e+00,0.000000e+00,0.000000e+00
1.000000e+00,0.000000e+00,0.000000e+00,0.000000e+00,0.000000e+00,0.000000e+00,0.000000e+00,0.000000e+00,0.000000e+00,0.000000e+00,0.000000e+00,0.000000e+00,0.000000e+00,0.000000e+00,0.000000e+00
1.000000e+00,0.000000e+00,0.000000e+00,0.000000e+00,0.000000e+00,0.000000e+00,0.000000e+00,0.000000e+00,0.000000e+00,0.000000e+00,0.000000e+00,0.000000e+00,0.000000e+00,0.000000e+00,0.000000e+00
1.000000e+00,0.000000e+00,0.000000e+00,0.000000e+00,0.000000e+00,0.000000e+00,0.000000e+00,0.000000e+00,0.000000e+00,0.000000e+00,0.000000e+00,0.000000e+00,0.000000e+00,0.000000e+00,0.000000e+00
1.000000e+00,0.000000e+00,0.000000e+00,0.000000e+00,0.000000e+00,0.000000e+00,0.000000e+00,0.000000e+00,0.000000e+00,0.000000e+00,0.000000e+00,0.000000e+00,0.000000e+00,0.000000e+00,0.000000e+00
1.000000e+00,0.000000e+00,0.000000e+00,0.000000e+00,0.000000e+00,0.000000e+00,0.000000e+00,0.000000e+00,0.000000e+00,0.000000e+00,0.000000e+00,0.000000e+00,0.000000e+00,0.000000e+00,0.000000e+00
1.000000e+00,0.000000e+00,0.000000e+00,0.000000e+00,0.000000e+00,0.000000e+00,0.000000e+00,0.000000e+00,0.000000e+00,0.000000e+00,0.000000e+00,0.000000e+00,0.000000e+00,0.000000e+00,0.000000e+00
1.000000e+00,0.000000e+00,0.000000e+00,0.000000e+00,0.000000e+00,0.000000e+00,0.000000e+00,0.000000e+00,0.000000e+00,0.000000e+00,0.000000e+00,0.000000e+00,0.000000e+00,0.000000e+00,0.000000e+00
1.000000e+00,0.000000e+00,0.000000e+00,0.000000e+00,0.000000e+00,0.000000e+00,0.000000e+00,0.000000e+00,0.000000e+00,0.000000e+00,0.000000e+00,0.000000e+00,0.000000e+00,0.000000e+00,0.000000e+00
1.000000e+00,0.000000e+00,0.000000e+00,0.000000e+00,0.000000e+00,0.000000e+00,0.000000e+00,0.000000e+00,0.000000e+00,0.000000e+00,0.000000e+00,0.000000e+00,0.000000e+00,0.000000e+00,0.000000e+00
1.000000e+00,0.000000e+00,0.000000e+00,0.000000e+00,0.000000e+00,0.000000e+00,0.000000e+00,0.000000e+00,0.000000e+00,0.000000e+00,0.000000e+00,0.000000e+00,0.000000e+00,0.000000e+00,0.000000e+00
1.000000e+00,0.000000e+00,0.000000e+00,0.000000e+00,0.000000e+00,0.000000e+00,0.000000e+00,0.000000e+00,0.000000e+00,0.000000e+00,0.000000e+00,0.000000e+00,0.000000e+00,0.000000e+00,0.000000e+00
1.000000e+00,0.000000e+00,0.000000e+00,0.000000e+00,0.000000e+00,0.000000e+00,0.000000e+00,0.000000e+00,0.000000e+00,0.000000e+00,0.000000e+00,0.000000e+00,0.000000e+00,0.000000e+00,0.000000e+00
1.000000e+00,0.000000e+00,0.000000e+00,0.000000e+00,0.000000e+00,0.000000e+00,0.000000e+00,0.000000e+00,0.000000e+00,0.000000e+00,0.000000e+00,0.000000e+00,0.000000e+00,0.000000e+00,0.000000e+00
1.000000e+00,0.000000e+00,0.000000e+00,0.000000e+00,0.000000e+00,0.000000e+00,0.000000e+00,0.000000e+00,0.000000e+00,0.000000e+00,0.000000e+00,0.000000e+00,0.000000e+00,0.000000e+00,0.000000e+00
1.000000e+00,0.000000e+00,0.000000e+00,0.000000e+00,0.000000e+00,0.000000e+00,0.000000e+00,0.000000e+00,0.000000e+00,0.000000e+00,0.000000e+00,0.000000e+00,0.000000e+00,0.000000e+00,0.000000e+00
1.000000e+00,0.000000e+00,0.000000e+00,0.000000e+00,0.000000e+00,0.000000e+00,0.000000e+00,0.000000e+00,0.000000e+00,0.000000e+00,0.000000e+00,0.000000e+00,0.000000e+00,0.000000e+00,0.000000e+00
1.000000e+00,0.000000e+00,0.000000e+00,0.000000e+00,0.000000e+00,0.000000e+00,0.000000e+00,0.000000e+00,0.000000e+00,0.000000e+00,0.000000e+00,0.000000e+00,0.000000e+00,0.000000e+00,0.000000e+00
1.000000e+00,0.000000e+00,0.000000e+00,0.000000e+00,0.000000e+00,0.000000e+00,0.000000e+00,0.000000e+00,0.000000e+00,0.000000e+00,0.000000e+00,0.000000e+00,0.000000e+00,0.000000e+00,0.000000e+00
1.000000e+00,0.000000e+00,0.000000e+00,0.000000e+00,0.000000e+00,0.000000e+00,0.000000e+00,0.000000e+00,0.000000e+00,0.000000e+00,0.000000e+00,0.000000e+00,0.000000e+00,0.000000e+00,0.000000e+00
1.000000e+00,0.000000e+00,0.000000e+00,0.000000e+00,0.000000e+00,0.000000e+00,0.000000e+00,0.000000e+00,0.000000e+00,0.000000e+00,0.000000e+00,0.000000e+00,0.000000e+00,0.000000e+00,0.000000e+00
1.000000e+00,0.000000e+00,0.000000e+00,0.000000e+00,0.000000e+00,0.000000e+00,0.000000e+00,0.000000e+00,0.000000e+00,0.000000e+00,0.000000e+00,0.000000e+00,0.000000e+00,0.000000e+00,0.000000e+00
1.000000e+00,0.000000e+00,0.000000e+00,0.000000e+00,0.000000e+00,0.000000e+00,0.000000e+00,0.000000e+00,0.000000e+00,0.000000e+00,0.000000e+00,0.000000e+00,0.000000e+00,0.000000e+00,0.000000e+00
4.062198e-01,1.774889e-02,1.186386e-01,6.721052e-02,1.476001e-02,4.182691e-02,1.616745e-02,2.181037e-01,7.542273e-03,1.608271e-03,1.651685e-02,3.147939e-02,2.261196e-02,3.470015e-03,1.609539e-02
3.125818e-01,1.303795e-02,2.275484e-01,5.880405e-02,1.169542e-02,3.968929e-02,1.863457e-02,2.442995e-01,5.493347e-03,1.398212e-03,1.219166e-02,2.307772e-02,1.695779e-02,2.756650e-03,1.183358e-02
4.005198e-01,1.275239e-02,1.941219e-01,4.698673e-02,1.114818e-02,3.907736e-02,1.988867e-02,2.065122e-01,4.620074e-03,2.649889e-03,1.129871e-02,1.979000e-02,1.483157e-02,3.484484e-03,1.231790e-02
4.498036e-01,1.702912e-02,1.602514e-01,3.843965e-02,1.198006e-02,4.415856e-02,2.047531e-02,1.678728e-01,4.407666e-03,1.814453e-02,1.124021e-02,1.740425e-02,1.314078e-02,5.754834e-03,1.989716e-02
1.000000e+00,0.000000e+00,0.000000e+00,0.000000e+00,0.000000e+00,0.000000e+00,0.000000e+00,0.000000e+00,0.000000e+00,0.000000e+00,0.000000e+00,0.000000e+00,0.000000e+00,0.000000e+00,0.000000e+00
1.000000e+00,0.000000e+00,0.000000e+00,0.000000e+00,0.000000e+00,0.000000e+00,0.000000e+00,0.000000e+00,0.000000e+00,0.000000e+00,0.000000e+00,0.000000e+00,0.000000e+00,0.000000e+00,0.000000e+00
1.000000e+00,0.000000e+00,0.000000e+00,0.000000e+00,0.000000e+00,0.000000e+00,0.000000e+00,0.000000e+00,0.000000e+00,0.000000e+00,0.000000e+00,0.000000e+00,0.000000e+00,0.000000e+00,0.000000e+00
1.000000e+00,0.000000e+00,0.000000e+00,0.000000e+00,0.000000e+00,0.000000e+00,0.000000e+00,0.000000e+00,0.000000e+00,0.000000e+00,0.000000e+00,0.000000e+00,0.000000e+00,0.000000e+00,0.000000e+00
3.567219e-01,1.747286e-02,3.704631e-02,2.682714e-02,6.249854e-03,9.157803e-02,5.847303e-03,3.304622e-02,1.327350e-01,1.931920e-02,1.381325e-02,1.312634e-02,1.511270e-02,9.361836e-03,2.217420e-01
2.534068e-01,1.792297e-02,2.663859e-02,1.929501e-02,4.893737e-03,1.287464e-01,4.603508e-03,2.349606e-02,1.283168e-01,1.459263e-02,2.344391e-02,1.414553e-02,1.239922e-02,1.176629e-01,2.104359e-01
1.902400e-01,1.862880e-02,2.056722e-02,1.453636e-02,4.066155e-03,1.210337e-01,3.850561e-03,1.729367e-02,1.163435e-01,1.123115e-02,4.479472e-02,1.523473e-02,1.024220e-02,1.878995e-01,2.240376e-01
1.351237e-01,1.414221e-02,1.484294e-02,1.048710e-02,2.997207e-03,9.863057e-02,2.823994e-03,1.218790e-02,9.361649e-02,8.511677e-03,8.742987e-02,1.237996e-02,7.912997e-03,3.202392e-01,1.786742e-01
9.847651e-02,1.090914e-02,1.048149e-02,7.649049e-03,2.183216e-03,7.478938e-02,2.159638e-03,8.599798e-03,7.728069e-02,7.411752e-03,1.010501e-01,1.149912e-02,6.578391e-03,4.464898e-01,1.344419e-01
7.372004e-02,8.619539e-03,7.458709e-03,5.717431e-03,1.692681e-03,5.446026e-02,1.571291e-03,6.092124e-03,7.849689e-02,5.652402e-03,1.083310e-01,1.062540e-02,5.040210e-03,5.320600e-01,1.004621e-01
5.364326e-02,6.581814e-03,5.310102e-03,4.129525e-03,1.303923e-03,3.937433e-02,1.168215e-03,4.349345e-03,1.094996e-01,5.779568e-03,1.067056e-01,8.128469e-03,3.618408e-03,5.788556e-01,7.155219e-02
3.783778e-02,5.509179e-03,3.797904e-03,2.927674e-03,1.011437e-03,2.809534e-02,8.467719e-04,3.061590e-03,1.355749e-01,5.483394e-03,1.043076e-01,6.513531e-03,2.594175e-03,6.114398e-01,5.099883e-02
2.663016e-02,9.239073e-03,3.269573e-03,2.104712e-03,8.780999e-04,2.084676e-02,6.206567e-04,2.184134e-03,2.562867e-01,4.676034e-03,9.667261e-02,4.971617e-03,1.857931e-03,5.332760e-01,3.648593e-02
1.877206e-02,7.019195e-03,3.440674e-03,1.794311e-03,1.351863e-03,1.524061e-02,4.576980e-04,1.648178e-03,3.627586e-01,4.322530e-03,8.396316e-02,4.520424e-03,1.507949e-03,4.674457e-01,2.575702e-02
1.332186e-02,5.666804e-03,3.082444e-03,1.521216e-03,1.964446e-03,1.104471e-02,3.364073e-04,1.239543e-03,4.571825e-01,3.506045e-03,6.440713e-02,3.550560e-03,1.105425e-03,4.139590e-01,1.811195e-02
9.446243e-03,6.170753e-03,3.367601e-03,1.511743e-03,1.942460e-03,8.953895e-03,2.894594e-04,1.181986e-03,5.608995e-01,2.897400e-03,4.818479e-02,2.729234e-03,8.682549e-04,3.386959e-01,1.286089e-02
6.816087e-03,4.963250e-03,3.127563e-03,1.285719e-03,2.222945e-03,6.833775e-03,2.444461e-04,9.377346e-04,6.032106e-01,2.566329e-03,3.711880e-02,2.073858e-03,6.787875e-04,3.187254e-01,9.194801e-03
5.882589e-03,3.904924e-03,4.334318e-03,5.645659e-03,4.041208e-03,8.414020e-03,3.581987e-04,3.403610e-03,6.911503e-01,2.876509e-03,2.682328e-02,1.618089e-03,5.668709e-04,2.342571e-01,6.723346e-03
3.744842e-02,3.299299e-03,5.990715e-03,1.493040e-02,1.148815e-02,1.764153e-02,8.317111e-04,5.412217e-03,6.909487e-01,4.181496e-03,2.010189e-02,3.096019e-03,2.026725e-03,1.766426e-01,5.960157e-03
6.038011e-02,3.384959e-03,5.727145e-03,1.518631e-02,1.721007e-02,3.062044e-02,1.076582e-03,6.130087e-03,6.715280e-01,4.122050e-03,1.615469e-02,5.203221e-03,8.859497e-03,1.472729e-01,7.143967e-03
5.759129e-02,6.827879e-03,5.859355e-03,7.513214e-02,1.909949e-02,2.376841e-02,7.990578e-04,7.524153e-03,6.332170e-01,5.340149e-03,1.981703e-02,8.913370e-03,1.814770e-02,1.079682e-01,9.994842e-03
6.210509e-02,1.493315e-02,5.877651e-03,7.579243e-02,3.463250e-02,2.106349e-02,6.398366e-04,8.827589e-03,6.083565e-01,6.721192e-03,2.858801e-02,1.206850e-02,2.403418e-02,8.219308e-02,1.416674e-02
5.761622e-02,1.509039e-02,8.002889e-03,6.179336e-02,2.842485e-02,4.345195e-02,5.420976e-04,8.140227e-03,5.949255e-01,7.927182e-03,2.633593e-02,1.176403e-02,2.451781e-02,6.993271e-02,4.153479e-02
5.350305e-02,1.127368e-02,2.620632e-02,6.613478e-02,2.640483e-02,4.682690e-02,5.960296e-04,9.727717e-02,5.326433e-01,6.460755e-03,2.113515e-02,8.943570e-03,1.835366e-02,5.234100e-02,3.189971e-02
4.821007e-02,8.799519e-03,5.108304e-02,1.522037e-01,2.122936e-02,3.535114e-02,5.086580e-04,9.941906e-02,4.619736e-01,8.301034e-03,1.919269e-02,6.999560e-03,1.425801e-02,3.733954e-02,3.513094e-02
6.261239e-02,6.974479e-03,7.521877e-02,1.650295e-01,1.590437e-02,1.135503e-01,8.420339e-04,1.069119e-01,3.595042e-01,6.247511e-03,1.477331e-02,5.383092e-03,1.122325e-02,2.913402e-02,2.669094e-02
8.016819e-02,7.921860e-03,6.370127e-02,1.355320e-01,1.396172e-02,2.435944e-01,8.556589e-04,9.763700e-02,2.803600e-01,4.727232e-03,1.396810e-02,4.491301e-03,8.536315e-03,2.453628e-02,2.000874e-02
1.315343e-01,2.568148e-02,4.915500e-02,1.031676e-01,1.587048e-02,2.745501e-01,1.296459e-03,8.321565e-02,2.467826e-01,4.699624e-03,1.093230e-02,5.308106e-03,7.317381e-03,1.959867e-02,2.089033e-02
1.635917e-01,2.431217e-02,3.880899e-02,7.886840e-02,1.963492e-02,2.892313e-01,1.813040e-03,1.077543e-01,2.209591e-01,3.528145e-03,8.503154e-03,4.897984e-03,5.981145e-03,1.585851e-02,1.625723e-02
1.653738e-01,2.125163e-02,2.975724e-02,5.997893e-02,2.377511e-02,3.159564e-01,1.950469e-03,1.527773e-01,1.863889e-01,2.583918e-03,6.555868e-03,4.116403e-03,4.867123e-03,1.267126e-02,1.199563e-02
1.305749e-01,1.889591e-02,2.501509e-02,4.826091e-02,3.159045e-02,2.239954e-01,1.570844e-03,3.335473e-01,1.521829e-01,2.259919e-03,5.214993e-03,3.923503e-03,4.477553e-03,9.138498e-03,9.351914e-03
1.255835e-01,1.674729e-02,2.172408e-02,3.818434e-02,2.891194e-02,1.639467e-01,1.389892e-03,4.238356e-01,1.430017e-01,2.330903e-03,5.691027e-03,4.001861e-03,4.818429e-03,7.392689e-03,1.244009e-02
1.190775e-01,1.229398e-02,1.902620e-02,2.797566e-02,2.201270e-02,1.158364e-01,1.079055e-03,5.396279e-01,1.022785e-01,2.283422e-03,1.051135e-02,4.900305e-03,5.088792e-03,7.404129e-03,1.060396e-02
1.149561e-01,1.382867e-02,2.114302e-02,3.819573e-02,2.304813e-02,8.423775e-02,1.125888e-03,4.545594e-01,9.007041e-02,2.807228e-02,7.428044e-02,1.896031e-02,1.183993e-02,1.336974e-02,1.231217e-02
8.833619e-02,1.513164e-02,2.270028e-02,4.952283e-02,2.087082e-02,6.072246e-02,9.575249e-04,3.339203e-01,8.689447e-02,3.272491e-02,1.678095e-01,6.936602e-02,2.024630e-02,1.627331e-02,1.452342e-02
7.228778e-02,1.160796e-02,1.789676e-02,4.290642e-02,1.757165e-02,4.463135e-02,8.235914e-04,2.523070e-01,6.639265e-02,3.102942e-02,2.013898e-01,1.608908e-01,3.583910e-02,2.228322e-02,2.214245e-02
5.390552e-02,8.708930e-03,1.401140e-02,3.843134e-02,1.437144e-02,3.238636e-02,7.857173e-04,1.875701e-01,5.122025e-02,2.520073e-02,2.229326e-01,2.613580e-01,3.736593e-02,3.404734e-02,1.770431e-02
4.185878e-02,7.450826e-03,1.169236e-02,2.989171e-02,1.249366e-02,2.622265e-02,7.176545e-04,1.367830e-01,4.154646e-02,2.033179e-02,2.937368e-01,2.827548e-01,3.183294e-02,4.904294e-02,1.364358e-02
3.028590e-02,5.523073e-03,8.486997e-03,2.148446e-02,9.791726e-03,1.904669e-02,5.884812e-04,9.608150e-02,3.060893e-02,1.670667e-02,3.811836e-01,2.815014e-01,2.338596e-02,6.553354e-02,9.791019e-03
2.154958e-02,4.445485e-03,6.947288e-03,1.568886e-02,1.107766e-02,1.372656e-02,5.039381e-04,6.739368e-02,2.361874e-02,1.394467e-02,3.898386e-01,2.824859e-01,1.707671e-02,1.242798e-01,7.422487e-03
1.865618e-02,3.397106e-03,5.651384e-03,1.161433e-02,1.211076e-02,9.899186e-03,5.265001e-04,4.751721e-02,1.900456e-02,2.513678e-02,4.626862e-01,2.433433e-01,1.315365e-02,1.209201e-01,6.382772e-03
2.673449e-02,3.624413e-03,6.329402e-03,9.918488e-03,1.419063e-02,8.744614e-03,8.543969e-04,3.481733e-02,1.546651e-02,2.738264e-02,5.153439e-01,2.114468e-01,1.114166e-02,1.077045e-01,6.300217e-03
3.579440e-02,6.097314e-03,8.429952e-03,1.122828e-02,1.577355e-02,9.130437e-03,1.663371e-03,2.549037e-02,1.682988e-02,2.030134e-02,5.655866e-01,1.836057e-01,1.027289e-02,8.288688e-02,6.909101e-03
4.439294e-02,5.518325e-03,7.041972e-03,8.890469e-03,1.316758e-02,7.990856e-03,1.901791e-03,1.916368e-02,1.430366e-02,1.650220e-02,6.127174e-01,1.542622e-01,9.403741e-03,7.915458e-02,5.588633e-03
6.431501e-02,2.145395e-02,8.974830e-03,9.465847e-03,2.848427e-02,1.355392e-02,3.063521e-03,1.975748e-02,4.651050e-02,1.273506e-02,5.589672e-01,1.334994e-01,9.410752e-03,6.460993e-02,5.198415e-03
7.006221e-02,4.269068e-02,1.398364e-02,1.155490e-02,3.018036e-02,2.605558e-02,2.625320e-03,2.007161e-02,8.739212e-02,1.058513e-02,4.752405e-01,1.305348e-01,1.549855e-02,5.817456e-02,5.350097e-03
7.206239e-02,7.093270e-02,1.944402e-02,1.003236e-02,3.146934e-02,3.567679e-02,2.704750e-03,1.644626e-02,1.106893e-01,9.030037e-03,4.309310e-01,1.123512e-01,1.670076e-02,5.602727e-02,5.501837e-03
7.488821e-02,6.327783e-02,2.281503e-02,1.017129e-02,3.267332e-02,4.063208e-02,4.539110e-03,4.257237e-02,1.316947e-01,1.059426e-02,3.884190e-01,8.987980e-02,2.868467e-02,5.232116e-02,6.837098e-03
7.133365e-02,4.870037e-02,2.123341e-02,9.010435e-03,4.820519e-02,3.979668e-02,4.194264e-03,3.459445e-02,1.087949e-01,9.768564e-03,4.125000e-01,9.908260e-02,3.934520e-02,4.645250e-02,6.987796e-03
8.218318e-02,4.390799e-02,1.937235e-02,8.723300e-03,5.910923e-02,3.953078e-02,5.381720e-03,3.350428e-02,1.017081e-01,9.629409e-03,3.986179e-01,1.105104e-01,3.689297e-02,4.084957e-02,1.007891e-02
7.808305e-02,4.193600e-02,1.958100e-02,8.426338e-03,6.905201e-02,4.074252e-02,5.357636e-03,3.348162e-02,1.058956e-01,8.902613e-03,3.517716e-01,1.539730e-01,3.686775e-02,3.542972e-02,1.049963e-02
7.239140e-02,3.901657e-02,1.803015e-02,7.999404e-03,7.947058e-02,6.627186e-02,5.490575e-03,3.676341e-02,1.148919e-01,9.377189e-03,3.129290e-01,1.619425e-01,3.694830e-02,2.863259e-02,9.844520e-03
7.516854e-02,4.088634e-02,3.891649e-02,7.970119e-03,7.244502e-02,4.988457e-02,5.101552e-03,1.107572e-01,9.529904e-02,8.229029e-03,2.511897e-01,1.691225e-01,3.956274e-02,2.628431e-02,9.182832e-03
7.054903e-02,3.430243e-02,7.115009e-02,6.565872e-03,6.354919e-02,4.197612e-02,4.407150e-03,1.903671e-01,8.050115e-02,6.526817e-03,2.150606e-01,1.529522e-01,3.165271e-02,2.244662e-02,7.992988e-03
5.201666e-02,2.426174e-02,6.786715e-02,5.006331e-03,4.577551e-02,2.996762e-02,3.434427e-03,4.027646e-01,5.781107e-02,4.622031e-03,1.537149e-01,1.083356e-01,2.271011e-02,1.602852e-02,5.683686e-03
5.233555e-02,1.833078e-02,1.894356e-01,5.352785e-03,4.073017e-02,2.456418e-02,2.998606e-03,3.835044e-01,4.269660e-02,3.980243e-03,1.208414e-01,7.943460e-02,1.626342e-02,1.213344e-02,7.398242e-03
4.480515e-02,1.418466e-02,2.191751e-01,5.736842e-03,3.545134e-02,2.226457e-02,2.747375e-03,4.467546e-01,3.177811e-02,3.256424e-03,8.649150e-02,5.801297e-02,1.303480e-02,8.928096e-03,7.378556e-03
3.391638e-02,1.046808e-02,1.957170e-01,5.146231e-03,2.637705e-02,1.802764e-02,2.826016e-03,5.578328e-01,2.289697e-02,2.397671e-03,6.078145e-02,4.160924e-02,1.004868e-02,6.450701e-03,5.504021e-03
2.510528e-02,7.528372e-03,1.663652e-01,3.861036e-03,1.995514e-02,1.287225e-02,2.565076e-03,6.563730e-01,1.620355e-02,1.705057e-03,4.256773e-02,2.926369e-02,7.140316e-03,4.606324e-03,3.887920e-03
2.002530e-02,5.559670e-03,1.369604e-01,2.923492e-03,1.632811e-02,9.448036e-03,2.741367e-03,7.315125e-01,1.145189e-02,1.236517e-03,2.983258e-02,2.059759e-02,5.172835e-03,3.357803e-03,2.851789e-03
1.692223e-02,4.237672e-03,1.016909e-01,2.286932e-03,1.412406e-02,8.272138e-03,2.674539e-03,7.962824e-01,8.534933e-03,8.979139e-04,2.092174e-02,1.444498e-02,3.945557e-03,2.565775e-03,2.198231e-03
1.644849e-02,3.253740e-03,7.612231e-02,1.976750e-03,1.205686e-02,7.642590e-03,2.611504e-03,8.409977e-01,6.108244e-03,6.649855e-04,1.477208e-02,1.015824e-02,3.015021e-03,2.281551e-03,1.889907e-03
1.623412e-02,2.477724e-03,5.687586e-02,1.804127e-03,9.189411e-03,6.888770e-03,2.675649e-03,8.745204e-01,4.499023e-03,5.848422e-04,1.047670e-02,7.235597e-03,2.419149e-03,1.966586e-03,2.151996e-03
2.563423e-02,2.157730e-03,4.158152e-02,4.191719e-03,7.113679e-03,6.126445e-03,2.144784e-03,8.877008e-01,3.454768e-03,5.372167e-04,7.521897e-03,5.563392e-03,1.929170e-03,1.826552e-03,2.516060e-03
4.624574e-02,2.972722e-03,3.167497e-02,1.905811e-02,5.660357e-03,7.161938e-03,1.716753e-03,8.176112e-01,1.464531e-02,3.788599e-03,1.143691e-02,1.267607e-02,4.689148e-03,2.760484e-03,1.790169e-02
5.144723e-02,3.502714e-03,3.481448e-02,4.074001e-02,6.654896e-03,6.756049e-03,1.824300e-03,7.793974e-01,1.833653e-02,4.944735e-03,1.262804e-02,1.399614e-02,4.458498e-03,2.947618e-03,1.755132e-02
6.388283e-02,3.144784e-03,3.095236e-02,3.058190e-02,6.602097e-03,5.445028e-03,1.835468e-03,7.976873e-01,1.445172e-02,3.735938e-03,1.007251e-02,1.108417e-02,3.651825e-03,2.960310e-03,1.391165e-02
7.595810e-02,1.334989e-02,6.048775e-02,1.102413e-01,1.407625e-02,6.885496e-03,2.705255e-03,5.887074e-01,1.885640e-02,4.418608e-03,2.496380e-02,3.242266e-02,1.236762e-02,1.830909e-02,1.625033e-02
8.257411e-02,1.765578e-02,6.087386e-02,1.248513e-01,1.407434e-02,6.709122e-03,2.260794e-03,4.192406e-01,2.450748e-02,5.924156e-03,8.631563e-02,4.243848e-02,2.366190e-02,7.155008e-02,1.736230e-02
8.673929e-02,1.673776e-02,1.024625e-01,9.370043e-02,1.573840e-02,1.044622e-02,2.034110e-03,2.984945e-01,2.424774e-02,4.797773e-03,9.256509e-02,3.272707e-02,2.018572e-02,1.817468e-01,1.737655e-02
1.087009e-01,1.635660e-02,7.829614e-02,7.080761e-02,1.656081e-02,1.027385e-02,1.936608e-03,2.147571e-01,3.517438e-02,6.028135e-03,1.603720e-01,2.641819e-02,1.794322e-02,2.109329e-01,2.544159e-02
9.005376e-02,1.505506e-02,5.712050e-02,5.056035e-02,1.247609e-02,9.081970e-03,1.625104e-03,1.514378e-01,2.906023e-02,5.092625e-03,1.836374e-01,2.135063e-02,1.459820e-02,3.376101e-01,2.124023e-02
6.923687e-02,1.140592e-02,4.038178e-02,3.629491e-02,1.014203e-02,7.641849e-03,1.347582e-03,1.064265e-01,2.533984e-02,5.471121e-03,2.570724e-01,1.644800e-02,1.122720e-02,3.845381e-01,1.702598e-02
5.692584e-02,8.174768e-03,2.838544e-02,2.619267e-02,7.808342e-03,6.033510e-03,1.093996e-03,7.470082e-02,1.909390e-02,5.637682e-03,2.902952e-01,1.273079e-02,8.262502e-03,4.416320e-01,1.303256e-02
4.226485e-02,5.807151e-03,1.995604e-02,1.859826e-02,6.341642e-03,4.394650e-03,8.247179e-04,5.239471e-02,1.422890e-02,4.854199e-03,2.830547e-01,9.696944e-03,5.906335e-03,5.223807e-01,9.296202e-03
3.036878e-02,4.347836e-03,1.432080e-02,1.332552e-02,5.578254e-03,3.571378e-03,6.856929e-04,3.695324e-02,1.220065e-02,4.756769e-03,3.641994e-01,7.798621e-03,4.267242e-03,4.904297e-01,7.196161e-03
2.152478e-02,3.903222e-03,1.139476e-02,1.049122e-02,6.706143e-03,1.240603e-02,8.607351e-04,2.715927e-02,1.117687e-02,4.979115e-03,4.061155e-01,6.963822e-03,3.076858e-03,4.674488e-01,5.792988e-03
1.539913e-02,1.644835e-02,9.270422e-03,7.800128e-03,1.094681e-01,3.898584e-02,3.914454e-03,2.041355e-02,3.374636e-02,5.331906e-03,3.227477e-01,5.247039e-03,2.337108e-03,4.043694e-01,4.520537e-03
1.216007e-02,5.869786e-02,7.514297e-03,1.270483e-02,1.678795e-01,3.209011e-02,3.338760e-03,1.520699e-02,1.534176e-01,6.706391e-03,2.311146e-01,3.786720e-03,1.817356e-03,2.890889e-01,4.476133e-03
1.011320e-02,7.380626e-02,2.175538e-02,2.320632e-02,2.157218e-01,2.933159e-02,2.811278e-03,1.157758e-02,2.271840e-01,7.795044e-03,1.645431e-01,2.735060e-03,1.438946e-03,2.039351e-01,4.045462e-03
8.429440e-03,1.176262e-01,4.165420e-02,4.161669e-02,1.710945e-01,4.430145e-02,2.250833e-03,8.732920e-03,2.316885e-01,2.161209e-02,1.190375e-01,2.249577e-03,3.226391e-03,1.433414e-01,4.313827e-02
8.005930e-03,1.382359e-01,1.262175e-01,5.329221e-02,1.292358e-01,3.426846e-02,1.624801e-03,6.798081e-03,2.022594e-01,3.777427e-02,9.113454e-02,1.959314e-03,4.999781e-03,1.016406e-01,6.255343e-02
6.242721e-03,1.087147e-01,1.060198e-01,5.169980e-02,9.422275e-02,2.599082e-02,1.258233e-03,5.336379e-03,1.602605e-01,3.734118e-02,8.639468e-02,3.495425e-03,1.491527e-02,7.175843e-02,2.263493e-01
4.894078e-03,1.053633e-01,9.204711e-02,6.327343e-02,6.660140e-02,2.051917e-02,9.192662e-04,4.182352e-03,1.780381e-01,3.553290e-02,7.173428e-02,5.168145e-03,2.774777e-02,5.104788e-02,2.729309e-01
4.061718e-03,1.151641e-01,6.884807e-02,5.180211e-02,4.764735e-02,1.978246e-02,6.917192e-04,4.323072e-03,3.199540e-01,2.628645e-02,6.091984e-02,7.111523e-03,3.126191e-02,3.605947e-02,2.060862e-01
3.113881e-03,1.429272e-01,4.935231e-02,1.305664e-01,3.342937e-02,1.530647e-02,4.894878e-04,3.122729e-03,3.245369e-01,1.994105e-02,4.847915e-02,6.836221e-03,3.274439e-02,2.555975e-02,1.635947e-01
2.523053e-03,2.228394e-01,3.723603e-02,1.250390e-01,2.344806e-02,1.239844e-02,3.527263e-04,2.239740e-03,2.568640e-01,1.451967e-02,3.958665e-02,9.752849e-03,1.119403e-01,1.803896e-02,1.232212e-01
1.806300e-03,1.666402e-01,2.711042e-02,1.373405e-01,1.645800e-02,1.116847e-02,2.603880e-04,1.637036e-03,1.832839e-01,1.023786e-02,2.926007e-02,8.907316e-03,3.066482e-01,1.264401e-02,8.659729e-02
1.306463e-03,1.167923e-01,1.902796e-02,1.014223e-01,1.159097e-02,8.399163e-03,1.885383e-04,1.155728e-03,1.296821e-01,7.174782e-03,2.071846e-02,7.456503e-03,5.051523e-01,8.865184e-03,6.106719e-02
9.828785e-04,8.177129e-02,1.332868e-02,7.124797e-02,8.255077e-03,6.788124e-03,1.478140e-04,8.390383e-04,9.115476e-02,5.032726e-03,1.478234e-02,5.940205e-03,6.506354e-01,6.231177e-03,4.286257e-02
7.780931e-04,5.727894e-02,9.355615e-03,4.996198e-02,5.874536e-03,6.854415e-03,1.261404e-04,6.062838e-04,6.399134e-02,3.540927e-03,1.078380e-02,7.662803e-03,7.487417e-01,4.406965e-03,3.003644e-02
6.449132e-04,4.019042e-02,6.626809e-03,3.518800e-02,4.858834e-03,1.231238e-02,1.263662e-04,4.532774e-04,4.658483e-02,2.595792e-03,9.940725e-03,1.786043e-02,7.981223e-01,3.125975e-03,2.136890e-02
1.965230e-03,2.837538e-02,5.029276e-03,2.495540e-02,6.950650e-03,1.448248e-02,5.615928e-04,1.304683e-03,4.735313e-02,2.222658e-03,2.497125e-02,5.724681e-02,7.664132e-01,2.441328e-03,1.572698e-02
7.632985e-03,2.068831e-02,5.124023e-03,1.824659e-02,1.415103e-02,3.103167e-02,1.230299e-03,1.869675e-03,3.871548e-02,1.779280e-03,1.986433e-02,4.902542e-02,7.770748e-01,2.263085e-03,1.130304e-02
1.552320e-02,1.581815e-02,6.240740e-03,1.392976e-02,1.572520e-02,4.409003e-02,1.505057e-03,2.580264e-03,3.155409e-02,1.547861e-03,1.623679e-02,4.629751e-02,7.783828e-01,2.229272e-03,8.339305e-03
2.389726e-02,1.294713e-02,5.523670e-03,1.035905e-02,1.443223e-02,5.839742e-02,1.828994e-03,2.730933e-03,3.407142e-02,1.704563e-03,1.911440e-02,4.563161e-02,7.599805e-01,2.592022e-03,6.788749e-03
2.882871e-02,1.058086e-02,4.647753e-03,7.754507e-03,1.587332e-02,5.699891e-02,1.999782e-03,2.738653e-03,3.348372e-02,1.511965e-03,1.607471e-02,3.440014e-02,7.774501e-01,2.273737e-03,5.383086e-03
3.200626e-02,8.351020e-03,4.573293e-03,6.583476e-03,2.586853e-02,5.050742e-02,3.407582e-03,3.653076e-03,2.916909e-02,1.297202e-03,1.267452e-02,2.612406e-02,7.892953e-01,1.984139e-03,4.504991e-03
5.084623e-02,7.210281e-03,4.095333e-03,5.865052e-03,2.383718e-02,6.039803e-02,3.688082e-03,3.674278e-03,2.416019e-02,1.279528e-03,1.049499e-02,2.435347e-02,7.724403e-01,2.296859e-03,5.360166e-03
6.291533e-02,9.029718e-03,3.873141e-03,5.878541e-03,2.359148e-02,7.221411e-02,4.955925e-03,4.675930e-03,2.597293e-02,1.742521e-03,1.058564e-02,2.629926e-02,7.371383e-01,2.814306e-03,8.312834e-03
7.027967e-02,9.252338e-03,3.531348e-03,5.890669e-03,2.571682e-02,6.373146e-02,5.580337e-03,5.974124e-03,2.513292e-02,1.756010e-03,1.024530e-02,2.442905e-02,7.356852e-01,3.322562e-03,9.472219e-03
8.630747e-02,9.343866e-03,2.952496e-03,6.582658e-03,2.633410e-02,5.081483e-02,5.025229e-03,6.679488e-03,2.578074e-02,1.717519e-03,1.164427e-02,2.254025e-02,7.286073e-01,3.518351e-03,1.215142e-02
9.355197e-02,1.209351e-02,3.478747e-03,9.037501e-03,3.471023e-02,5.274092e-02,4.776198e-03,8.882961e-03,3.550786e-02,2.489360e-03,2.121694e-02,2.616870e-02,6.714839e-01,5.193065e-03,1.866810e-02
1.011602e-01,2.203402e-02,5.320165e-03,1.121594e-02,3.656814e-02,7.330900e-02,5.268150e-03,1.298407e-02,7.887627e-02,6.541969e-03,4.845823e-02,3.686849e-02,5.290193e-01,7.300773e-03,2.507533e-02
8.792226e-02,3.357509e-02,5.813797e-03,2.373946e-02,3.665033e-02,7.427926e-02,4.630388e-03,1.835614e-02,1.474697e-01,1.408265e-02,7.303514e-02,3.881471e-02,4.025906e-01,7.327577e-03,3.171283e-02
6.925593e-02,5.175442e-02,4.887646e-03,2.192206e-02,2.976697e-02,9.805011e-02,3.771067e-03,1.782854e-02,2.335837e-01,1.554489e-02,7.803870e-02,4.723683e-02,2.922192e-01,8.611813e-03,2.752812e-02
5.299571e-02,6.208593e-02,4.256764e-03,2.218832e-02,2.476337e-02,1.230112e-01,2.979595e-03,1.622430e-02,2.772064e-01,1.593368e-02,8.331713e-02,5.937643e-02,2.158387e-01,1.230710e-02,2.751541e-02
3.921736e-02,4.583390e-02,3.316919e-03,5.886138e-02,1.854199e-02,9.122504e-02,2.146901e-03,1.181588e-02,4.007161e-01,1.245177e-02,8.250141e-02,4.346452e-02,1.530268e-01,1.055247e-02,2.632763e-02
2.899205e-02,3.317203e-02,3.299155e-03,5.159022e-02,1.676014e-02,6.515412e-02,1.745430e-03,9.133643e-03,4.277353e-01,9.543550e-03,1.630910e-01,4.626085e-02,1.118062e-01,1.154219e-02,2.017412e-02
2.142686e-02,2.354562e-02,2.695415e-03,4.201324e-02,1.312923e-02,5.081967e-02,1.667570e-03,7.043298e-03,3.712042e-01,7.465616e-03,2.661030e-01,8.375710e-02,8.316936e-02,1.084012e-02,1.511971e-02
2.446765e-02,1.676505e-02,2.197012e-03,4.127828e-02,1.780500e-02,4.065681e-02,1.793381e-03,5.782914e-03,2.717718e-01,6.813832e-03,2.934689e-01,1.877245e-01,6.273480e-02,1.499616e-02,1.174387e-02
2.204157e-02,1.233139e-02,2.514818e-03,4.102589e-02,2.338326e-02,3.144276e-02,1.504580e-03,4.415128e-03,2.038060e-01,8.629560e-03,3.442053e-01,2.208138e-01,4.601816e-02,2.812837e-02,9.739487e-03
3.322414e-02,9.127213e-03,2.064084e-03,3.061172e-02,2.151522e-02,2.639804e-02,1.371178e-03,3.689192e-03,1.446493e-01,6.752442e-03,3.906599e-01,2.600243e-01,3.341067e-02,2.893383e-02,7.568744e-03
3.093880e-02,7.346872e-03,2.440311e-03,2.183293e-02,1.786081e-02,2.045614e-02,1.032090e-03,2.772796e-03,1.026360e-01,6.235241e-03,4.701822e-01,2.152200e-01,2.412933e-02,7.073903e-02,6.177448e-03
2.665645e-02,5.582377e-03,2.274681e-03,1.592556e-02,1.403349e-02,1.549839e-02,7.613501e-04,2.104984e-03,7.490610e-02,7.290298e-03,5.121135e-01,2.044281e-01,1.787486e-02,9.596543e-02,4.584468e-03
2.520760e-02,4.135036e-03,1.957807e-03,1.172079e-02,1.163944e-02,1.207037e-02,5.569978e-04,1.617215e-03,5.334957e-02,1.337938e-02,6.094611e-01,1.565383e-01,1.328473e-02,8.145378e-02,3.627939e-03
1.977019e-02,3.192128e-03,1.625479e-03,8.561517e-03,9.971314e-03,8.841462e-03,4.023876e-04,1.168212e-03,3.851231e-02,1.396301e-02,6.742030e-01,1.314645e-01,1.050102e-02,7.500514e-02,2.818361e-03
1.461945e-02,2.993423e-03,1.723322e-03,6.148840e-03,9.667683e-03,6.541820e-03,3.082496e-04,8.427686e-04,2.756224e-02,1.128453e-02,7.481989e-01,9.886079e-02,7.746899e-03,6.105112e-02,2.450077e-03
1.119636e-02,3.179276e-03,1.958394e-03,4.375110e-03,8.541955e-03,5.030219e-03,2.413477e-04,6.114662e-04,2.050456e-02,1.110594e-02,7.744097e-01,8.505025e-02,6.433612e-03,6.388117e-02,3.480784e-03
9.362206e-03,2.787819e-03,2.120802e-03,3.107955e-03,6.363568e-03,4.298193e-03,1.929152e-04,4.735850e-04,1.527868e-02,1.095929e-02,7.811241e-01,8.026101e-02,5.805700e-03,7.468870e-02,3.175527e-03
7.897821e-03,2.536468e-03,4.985087e-03,2.280219e-03,5.291061e-03,8.029507e-03,9.918186e-04,1.391194e-03,1.201683e-02,1.796075e-02,7.331269e-01,1.029405e-01,6.305493e-03,8.922917e-02,5.017197e-03
6.541740e-03,1.954265e-03,3.834563e-03,1.670067e-03,4.285368e-03,1.603791e-02,1.361506e-03,1.282121e-03,8.939219e-03,1.867004e-02,7.236048e-01,1.063461e-01,6.661511e-03,9.327101e-02,5.539699e-03
1.449767e-02,2.032598e-03,2.981626e-03,1.328924e-03,3.333407e-03,1.917884e-02,1.254401e-03,1.159014e-03,6.854539e-03,1.735996e-02,7.581992e-01,8.487587e-02,5.493683e-03,7.680683e-02,4.643367e-03
1.360290e-02,1.796048e-03,2.366924e-03,1.051520e-03,3.081539e-03,2.583498e-02,1.689480e-03,1.232661e-03,5.270635e-03,1.598921e-02,7.778696e-01,7.535654e-02,5.272388e-03,6.545123e-02,4.134352e-03
1.093678e-02,1.349292e-03,1.833488e-03,7.841781e-04,2.802458e-03,2.657678e-02,1.895705e-03,1.038041e-03,3.845056e-03,1.778560e-02,8.032359e-01,6.514844e-02,5.014879e-03,5.416946e-02,3.583954e-03
9.060940e-03,2.431960e-03,2.876259e-03,6.229539e-04,1.047960e-02,2.156886e-02,2.348932e-03,8.471273e-04,2.935649e-03,1.525811e-02,8.045449e-01,6.913845e-02,4.353085e-03,4.752465e-02,6.008533e-03
8.683304e-03,2.517756e-03,3.809694e-03,5.252733e-04,1.851266e-02,1.926832e-02,2.708000e-03,8.283928e-04,2.393164e-03,1.355540e-02,7.855810e-01,7.701620e-02,4.693519e-03,5.213963e-02,7.767692e-03
7.395867e-03,3.734872e-03,5.730780e-03,4.715252e-04,2.000858e-02,1.543521e-02,2.286774e-03,7.951153e-04,2.713110e-03,1.170803e-02,7.723081e-01,8.141129e-02,4.220594e-03,4.599912e-02,2.578101e-02
8.694977e-03,7.457275e-03,2.147337e-02,5.427517e-04,1.915011e-02,1.233643e-02,1.875723e-03,2.045893e-03,4.773387e-03,1.539697e-02,5.983233e-01,8.671901e-02,4.176399e-03,5.047733e-02,1.665570e-01
1.836446e-02,7.847953e-03,5.519205e-02,5.787162e-04,3.030427e-02,1.241940e-02,4.414253e-03,3.161502e-02,8.118385e-03,1.694593e-02,4.898260e-01,1.170769e-01,4.934628e-03,7.001301e-02,1.323489e-01
2.363998e-02,5.965250e-03,1.181735e-01,7.880179e-04,2.614377e-02,1.003134e-02,1.213361e-02,1.587924e-01,7.579916e-03,1.434361e-02,3.689199e-01,9.691036e-02,5.204298e-03,5.505297e-02,9.632115e-02
2.750624e-02,5.934340e-03,1.120639e-01,1.231302e-03,2.655976e-02,9.189381e-03,9.976341e-03,2.811978e-01,2.159427e-02,1.204458e-02,2.891068e-01,8.087640e-02,5.472929e-03,4.337546e-02,7.387055e-02
3.767736e-02,2.026874e-02,9.890059e-02,3.399058e-03,3.997783e-02,1.373112e-02,7.618480e-03,2.312347e-01,1.675880e-01,9.939756e-03,2.186371e-01,5.910083e-02,4.351594e-03,3.358107e-02,5.399377e-02
5.755863e-02,1.603547e-02,9.799194e-02,7.898170e-03,4.541790e-02,1.642427e-02,6.952703e-03,2.868841e-01,1.587076e-01,1.046806e-02,1.817953e-01,4.329578e-02,3.943136e-03,2.843022e-02,3.819675e-02
4.761280e-02,1.156404e-02,8.803454e-02,7.965440e-03,4.750888e-02,1.213806e-02,5.069620e-03,4.423634e-01,1.199382e-01,7.797909e-03,1.288106e-01,3.059157e-02,3.022430e-03,2.080199e-02,2.678061e-02
3.859044e-02,8.324733e-03,6.581073e-02,6.135059e-03,6.351910e-02,8.624896e-03,3.643068e-03,5.639312e-01,8.783714e-02,5.581429e-03,9.098194e-02,2.146078e-02,2.165212e-03,1.463916e-02,1.875518e-02
3.113643e-02,6.175190e-03,4.987336e-02,4.856360e-03,5.257523e-02,6.318468e-03,2.737418e-03,6.748966e-01,6.282815e-02,4.160123e-03,6.416204e-02,1.511695e-02,1.589144e-03,1.041769e-02,1.315687e-02
4.028874e-02,6.084785e-03,4.775991e-02,8.727856e-03,4.536435e-02,1.151017e-02,1.012210e-02,7.003876e-01,4.522661e-02,3.197254e-03,4.574876e-02,1.110926e-02,6.144937e-03,7.718070e-03,1.060959e-02
3.208684e-02,4.804788e-03,3.477200e-02,6.551782e-03,3.524094e-02,9.201505e-03,2.232766e-01,5.585924e-01,3.346300e-02,2.301542e-03,3.207889e-02,7.845103e-03,6.718415e-03,5.500372e-03,7.565746e-03
2.372004e-02,3.507664e-03,2.456553e-02,4.659519e-03,2.561578e-02,6.935495e-03,4.257589e-01,4.165090e-01,2.399149e-02,1.640163e-03,2.247919e-02,5.530371e-03,5.862425e-03,3.881090e-03,5.343250e-03
1.804588e-02,2.486119e-03,1.781031e-02,3.371268e-03,1.871155e-02,6.017648e-03,5.795271e-01,3.030778e-01,1.729253e-02,1.195808e-03,1.578595e-02,4.007545e-03,6.090764e-03,2.730058e-03,3.849630e-03
1.344129e-02,1.802042e-03,1.323726e-02,2.458913e-03,1.364199e-02,5.232116e-03,6.894089e-01,2.201687e-01,1.277357e-02,9.552651e-04,1.122604e-02,2.877488e-03,7.992904e-03,1.922654e-03,2.860919e-03
