1.000000e+00,0.000000e+00,0.000000e+00,0.000000e+00,0.000000e+00,0.000000e+00,0.000000e+00,0.000000e+00,0.000000e+00,0.000000e+00,0.000000e+00,0.000000e+00,0.000000e+00,0.000000e+00,0.000000e+00
1.000000e+00,0.000000e+00,0.000000e+00,0.000000e+00,0.000000e+00,0.000000e+00,0.000000e+00,0.000000e+00,0.000000e+00,0.000000e+00,0.000000e+00,0.000000e+00,0.000000e+00,0.000000e+00,0.000000e+00
1.000000e+00,0.000000e+00,0.000000e+00,0.000000e+00,0.000000e+00,0.000000e+00,0.000000e+00,0.000000e+00,0.000000e+00,0.000000e+00,0.000000e+00,0.000000e+00,0.000000e+00,0.000000e+00,0.000000e+00
1.000000e+00,0.000000e+00,0.000000e+00,0.000000e+00,0.000000e+00,0.000000e+00,0.000000e+00,0.000000e+00,0.000000e+00,0.000000e+00,0.000000e+00,0.000000e+00,0.000000e+00,0.000000e+00,0.000000e+00
1.000000e+00,0.000000e+00,0.000000e+00,0.000000e+00,0.000000e+00,0.000000e+00,0.000000e+00,0.000000e+00,0.000000e+00,0.000000e+00,0.000000e+00,0.000000e+00,0.000000e+00,0.000000e+00,0.000000e+00
1.000000e+00,0.000000e+00,0.000000e+00,0.000000e+00,0.000000e+00,0.000000e+00,0.000000e+00,0.000000e+00,0.000000e+00,0.000000e+00,0.000000e+00,0.000000e+00,0.000000e+00,0.000000e+00,0.000000e+00
1.000000e+00,0.000000e+00,0.000000e+00,0.000000e+00,0.000000e+00,0.000000e+00,0.000000e+00,0.000000e+00,0.000000e+00,0.000000e+00,0.000000e+00,0.000000e+00,0.000000e+00,0.000000e+00,0.000000e+00
1.000000e+00,0.000000e+00,0.000000e+00,0.000000e+00,0.000000e+00,0.000000e+00,0.000000e+00,0.000000e+00,0.000000e+00,0.000000e+00,0.000000e+00,0.000000e+00,0.000000e+00,0.000000e+00,0.000000e+00
1.000000e+00,0.000000e+00,0.000000e+00,0.000000e+00,0.000000e+00,0.000000e+00,0.000000e+00,0.000000e+00,0.000000e+00,0.000000e+00,0.000000e+00,0.000000e+00,0.000000e+00,0.000000e+00,0.000000e+00
1.000000e+00,0.000000e+00,0.000000e+00,0.000000e+00,0.000000e+00,0.000000e+00,0.000000e+00,0.000000e+00,0.000000e+00,0.000000e+00,0.000000e+00,0.000000e+00,0.000000e+00,0.000000e+00,0.000000e+00
1.000000e+00,0.000000e+00,0.000000e+00,0.000000e+00,0.000000e+00,0.000000e+00,0.000000e+00,0.000000e+00,0.000000e+00,0.000000e+00,0.000000e+00,0.000000e+00,0.000000e+00,0.000000e+00,0.000000e+00
1.000000e+00,0.000000e+00,0.000000e+00,0.000000e+00,0.000000e+00,0.000000e+00,0.000000e+00,0.000000e+00,0.000000e+00,0.000000e+00,0.000000e+00,0.000000e+00,0.000000e+00,0.000000e+00,0.000000e+00
1.000000e+00,0.000000e+00,0.000000e+00,0.000000e+00,0.000000e+00,0.000000e+00,0.000000e+00,0.000000e+00,0.000000e+00,0.000000e+00,0.000000e+00,0.000000e+00,0.000000e+00,0.000000e+00,0.000000e+00
1.000000e+00,0.000000e+00,0.000000e+00,0.000000e+00,0.000000e+00,0.000000e+00,0.000000e+00,0.000000e+00,0.000000e+00,0.000000e+00,0.000000e+00,0.000000e+00,0.000000e+00,0.000000e+00,0.000000e+00
1.000000e+00,0.000000e+00,0.000000e+00,0.000000e+00,0.000000e+00,0.000000e+00,0.000000e+00,0.000000e+00,0.000000e+00,0.000000e+00,0.000000e+00,0.000000e+00,0.000000e+00,0.000000e+00,0.000000e+00
1.000000e+00,0.000000e+00,0.000000e+00,0.000000e+00,0.000000e+00,0.000000e+00,0.000000e+00,0.000000e+00,0.000000e+00,0.000000e+00,0.000000e+00,0.000000e+00,0.000000e+00,0.000000e+00,0.000000e+00
1.000000e+00,0.000000e+00,0.000000e+00,0.000000e+00,0.000000e+00,0.000000e+00,0.000000e+00,0.000000e+00,0.000000e+00,0.000000e+00,0.000000e+00,0.000000e+00,0.000000e+00,0.000000e+00,0.000000e+00
1.000000e+00,0.000000e+00,0.000000e+00,0.000000e+00,0.000000e+00,0.000000e+00,0.000000e+00,0.000000e+00,0.000000e+00,0.000000e+00,0.000000e+00,0.000000e+00,0.000000e+00,0.000000e+00,0.000000e+00
1.000000e+00,0.000000e+00,0.000000e+00,0.000000e+00,0.000000e+00,0.000000e+00,0.000000e+00,0.000000e+00,0.000000e+00,0.000000e+00,0.000000e+00,0.000000e+00,0.000000e+00,0.000000e+00,0.000000e+00
1.000000e+00,0.000000e+00,0.000000e+00,0.000000e+00,0.000000e+00,0.000000e+00,0.000000e+00,0.000000e+00,0.000000e+00,0.000000e+00,0.000000e+00,0.000000e+00,0.000000e+00,0.000000e+00,0.000000e+00
1.000000e+00,0.000000e+00,0.000000e+00,0.000000e+00,0.000000e+00,0.000000e+00,0.000000e+00,0.000000e+00,0.000000e+00,0.000000e+00,0.000000e+00,0.000000e+00,0.000000e+00,0.000000e+00,0.000000e+00
1.000000e+00,0.000000e+00,0.000000e+00,0.000000e+00,0.000000e+00,0.000000e+00,0.000000e+00,0.000000e+00,0.000000e+00,0.000000e+00,0.000000e+00,0.000000e+00,0.000000e+00,0.000000e+00,0.000000e+00
1.000000e+00,0.000000e+00,0.000000e+00,0.000000e+00,0.000000e+00,0.000000e+00,0.000000e+00,0.000000e+00,0.000000e+00,0.000000e+00,0.000000e+00,0.000000e+00,0.000000e+00,0.000000e+00,0.000000e+00
1.000000e+00,0.000000e+00,0.000000e+00,0.000000e+00,0.000000e+00,0.000000e+00,0.000000e+00,0.000000e+00,0.000000e+00,0.000000e+00,0.000000e+00,0.000000e+00,0.000000e+00,0.000000e+00,0.000000e+00
1.000000e+00,0.000000e+00,0.000000e+00,0.000000e+00,0.000000e+00,0.000000e+00,0.000000e+00,0.000000e+00,0.000000e+00,0.000000e+00,0.000000e+00,0.000000e+00,0.000000e+00,0.000000e+00,0.000000e+00
1.000000e+00,0.000000e+00,0.000000e+00,0.000000e+00,0.000000e+00,0.000000e+00,0.000000e+00,0.000000e+00,0.000000e+00,0.000000e+00,0.000000e+00,0.000000e+00,0.000000e+00,0.000000e+00,0.000000e+00
1.000000e+00,0.000000e+00,0.000000e+00,0.000000e+00,0.000000e+00,0.000000e+00,0.000000e+00,0.000000e+00,0.000000e+00,0.000000e+00,0.000000e+00,0.000000e+00,0.000000e+00,0.000000e+00,0.000000e+00
1.000000e+00,0.000000e+00,0.000000e+00,0.000000e+00,0.000000e+00,0.000000e+00,0.000000e+00,0.000000e+00,0.000000e+00,0.000000e+00,0.000000e+00,0.000000e+00,0.000000e+00,0.000000e+00,0.000000e+00
1.000000e+00,0.000000e+00,0.000000e+00,0.000000e+00,0.000000e+00,0.000000e+00,0.000000e+00,0.000000e+00,0.000000e+00,0.000000e+00,0.000000e+00,0.000000e+00,0.000000e+00,0.000000e+00,0.000000e+00
1.000000e+00,0.000000e+00,0.000000e+00,0.000000e+00,0.000000e+00,0.000000e+00,0.000000e+00,0.000000e+00,0.000000e+00,0.000000e+00,0.000000e+00,0.000000e+00,0.000000e+00,0.000000e+00,0.000000e+00
1.000000e+00,0.000000e+00,0.000000e+00,0.000000e+00,0.000000e+00,0.000000e+00,0.000000e+00,0.000000e+00,0.000000e+00,0.000000e+00,0.000000e+00,0.000000e+00,0.000000e+00,0.000000e+00,0.000000e+00
1.000000e+00,0.000000e+00,0.000000e+00,0.000000e+00,0.000000e+00,0.000000e+00,0.000000e+00,0.000000e+00,0.000000e+00,0.000000e+00,0.000000e+00,0.000000e+00,0.000000e+00,0.000000e+00,0.000000e+00
1.000000e+00,0.000000e+00,0.000000e+00,0.000000e+00,0.000000e+00,0.000000e+00,0.000000e+00,0.000000e+00,0.000000e+00,0.000000e+00,0.000000e+00,0.000000e+00,0.000000e+00,0.000000e+00,0.000000e+00
1.000000e+00,0.000000e+00,0.000000e+00,0.000000e+00,0.000000e+00,0.000000e+00,0.000000e+00,0.000000e+00,0.000000e+00,0.000000e+00,0.000000e+00,0.000000e+00,0.000000e+00,0.000000e+00,0.000000e+00
1.000000e+00,0.000000e+00,0.000000e+00,0.000000e+00,0.000000e+00,0.000000e+00,0.000000e+00,0.000000e+00,0.000000e+00,0.000000e+00,0.000000e+00,0.000000e+00,0.000000e+00,0.000000e+00,0.000000e+00
1.000000e+00,0.000000e+00,0.000000e+00,0.000000e+00,0.000000e+00,0.000000e+00,0.000000e+00,0.000000e+00,0.000000e+00,0.000000e+00,0.000000e+00,0.000000e+00,0.000000e+00,0.000000e+00,0.000000e+00
1.000000e+00,0.000000e+00,0.000000e+00,0.000000e+00,0.000000e+00,0.000000e+00,0.000000e+00,0.000000e+00,0.000000e+00,0.000000e+00,0.000000e+00,0.000000e+00,0.000000e+00,0.000000e+00,0.000000e+00
1.000000e+00,0.000000e+00,0.000000e+00,0.000000e+00,0.000000e+00,0.000000e+00,0.000000e+00,0.000000e+00,0.000000e+00,0.000000e+00,0.000000e+00,0.000000e+00,0.000000e+00,0.000000e+00,0.000000e+00
1.000000e+00,0.000000e+00,0.000000e+00,0.000000e+00,0.000000e+00,0.000000e+00,0.000000e+00,0.000000e+00,0.000000e+00,0.000000e+00,0.000000e+00,0.000000e+00,0.000000e+00,0.000000e+00,0.000000e+00
1.000000e+00,0.000000e+00,0.000000e+00,0.000000e+00,0.000000e+00,0.000000e+00,0.000000e+00,0.000000e+00,0.000000e+00,0.000000e+00,0.000000e+00,0.000000e+00,0.000000e+00,0.000000e+00,0.000000e+00
1.000000e+00,0.000000e+00,0.000000e+00,0.000000e+00,0.000000e+00,0.000000e+00,0.000000e+00,0.000000e+00,0.000000e+00,0.000000e+00,0.000000e+00,0.000000e+00,0.000000e+00,0.000000e+00,0.000000e+00
1.000000e+00,0.000000e+00,0.000000e+00,0.000000e+00,0.000000e+00,0.000000e+00,0.000000e+00,0.000000e+00,0.000000e+00,0.000000e+00,0.000000e+00,0.000000e+00,0.000000e+00,0.000000e+00,0.000000e+00
1.000000e+00,0.000000e+00,0.000000e+00,0.000000e+00,0.000000e+00,0.000000e+00,0.000000e+00,0.000000e+00,0.000000e+00,0.000000e+00,0.000000e+00,0.000000e+00,0.000000e+00,0.000000e+00,0.000000e+00
1.000000e+00,0.000000e+00,0.000000e+00,0.000000e+00,0.000000e+00,0.000000e+00,0.000000e+00,0.000000e+00,0.000000e+00,0.000000e+00,0.000000e+00,0.000000e+00,0.000000e+00,0.000000e+00,0.000000e+00
1.000000e+00,0.000000e+00,0.000000e+00,0.000000e+00,0.000000e+00,0.000000e+00,0.000000e+00,0.000000e+00,0.000000e+00,0.000000e+00,0.000000e+00,0.000000e+00,0.000000e+00,0.000000e+00,0.000000e+00
1.000000e+00,0.000000e+00,0.000000e+00,0.000000e+00,0.000000e+00,0.000000e+00,0.000000e+00,0.000000e+00,0.000000e+00,0.000000e+00,0.000000e+00,0.000000e+00,0.000000e+00,0.000000e+00,0.000000e+00
1.000000e+00,0.000000e+00,0.000000e+00,0.000000e+00,0.000000e+00,0.000000e+00,0.000000e+00,0.000000e+00,0.000000e+00,0.000000e+00,0.000000e+00,0.000000e+00,0.000000e+00,0.000000e+00,0.000000e+00
1.000000e+00,0.000000e+00,0.000000e+00,0.000000e+00,0.000000e+00,0.000000e+00,0.000000e+00,0.000000e+00,0.000000e+00,0.000000e+00,0.000000e+00,0.000000e+00,0.000000e+00,0.000000e+00,0.000000e+00
1.000000e+00,0.000000e+00,0.000000e+00,0.000000e+00,0.000000e+00,0.000000e+00,0.000000e+00,0.000000e+00,0.000000e+00,0.000000e+00,0.000000e+00,0.000000e+00,0.000000e+00,0.000000e+00,0.000000e+00
1.000000e+00,0.000000e+00,0.000000e+00,0.000000e+00,0.000000e+00,0.000000e+00,0.000000e+00,0.000000e+00,0.000000e+00,0.000000e+00,0.000000e+00,0.000000e+00,0.000000e+00,0.000000e+00,0.000000e+00
1.000000e+00,0.000000e+00,0.000000e+00,0.000000e+00,0.000000e+00,0.000000e+00,0.000000e+00,0.000000e+00,0.000000e+00,0.000000e+00,0.000000e+00,0.000000e+00,0.000000e+00,0.000000e+00,0.000000e+00
1.000000e+00,0.000000e+00,0.000000e+00,0.000000e+00,0.000000e+00,0.000000e+00,0.000000e+00,0.000000e+00,0.000000e+00,0.000000e+00,0.000000e+00,0.000000e+00,0.000000e+00,0.000000e+00,0.000000e+00
4.390526e-01,2.910503e-02,1.021717e-02,9.154865e-02,3.740518e-03,1.527397e-02,3.196637e-03,4.740180e-03,1.585527e-01,3.336148e-03,7.546801e-03,1.391090e-02,1.279956e-01,2.212076e-03,8.957100e-02
3.256121e-01,2.109139e-02,7.731149e-03,6.949322e-02,2.748901e-03,1.933957e-02,2.495944e-03,3.601338e-03,1.159631e-01,2.429728e-03,5.550236e-03,9.836767e-03,3.476650e-01,1.592789e-03,6.484873e-02
2.293313e-01,1.519149e-02,5.476577e-03,4.907088e-02,1.952807e-03,1.619781e-02,1.809420e-03,2.561630e-03,8.157636e-02,1.734423e-03,3.906777e-03,6.956914e-03,5.352484e-01,1.121142e-03,4.786408e-02
1.605697e-01,1.079653e-02,3.847358e-03,3.439317e-02,1.376342e-03,1.166366e-02,1.292453e-03,1.800653e-03,5.734174e-02,1.222638e-03,2.739208e-03,4.891056e-03,6.719069e-01,7.856272e-04,3.537288e-02
1.124120e-01,7.612276e-03,2.701134e-03,2.409059e-02,9.783203e-04,8.704243e-03,9.404226e-04,1.264236e-03,4.023403e-02,8.577045e-04,1.919754e-03,3.446783e-03,7.677939e-01,5.501424e-04,2.649447e-02
7.869174e-02,5.350358e-03,1.895187e-03,1.687450e-02,6.960693e-04,6.375176e-03,6.695543e-04,8.870502e-04,2.821348e-02,6.008794e-04,1.346435e-03,2.429830e-03,8.318629e-01,3.851556e-04,2.372163e-02
5.508512e-02,3.749295e-03,1.327896e-03,1.181531e-02,4.942439e-04,4.699849e-03,4.717266e-04,6.215825e-04,1.976052e-02,4.208650e-04,9.434597e-04,1.707180e-03,8.753434e-01,2.696353e-04,2.328994e-02
3.855991e-02,2.626552e-03,9.308578e-04,8.271690e-03,3.538256e-04,3.343899e-03,3.336131e-04,4.354581e-04,1.383795e-02,2.954505e-04,6.615528e-04,1.204722e-03,8.991824e-01,1.888139e-04,2.977325e-02
2.699758e-02,1.848862e-03,6.607622e-04,5.795173e-03,3.231212e-04,2.689796e-03,3.108885e-04,3.080595e-04,9.755510e-03,2.163436e-04,4.784545e-04,1.073689e-03,8.627693e-01,1.347741e-04,8.663766e-02
1.890888e-02,1.304510e-03,4.697927e-04,4.062056e-03,2.760441e-04,2.939633e-03,3.256823e-04,2.190369e-04,6.867331e-03,1.570929e-04,3.504245e-04,1.151002e-03,8.837605e-01,9.532233e-05,7.911271e-02
1.326440e-02,9.242209e-04,3.351720e-04,2.858266e-03,2.929054e-04,6.238084e-03,3.751336e-04,1.571447e-04,4.856852e-03,1.248794e-04,3.057329e-04,1.667586e-03,9.058552e-01,6.793518e-05,6.267652e-02
9.306626e-03,6.542064e-04,2.407382e-04,2.019380e-03,2.760858e-04,1.255635e-02,3.979577e-04,1.137278e-04,3.464397e-03,1.121485e-04,3.015319e-04,2.688533e-03,9.204662e-01,4.878196e-05,4.735343e-02
6.556790e-03,4.798429e-04,1.832288e-04,1.453299e-03,2.834838e-04,1.575140e-02,4.765770e-04,8.945571e-05,2.591558e-03,4.369229e-04,1.394934e-03,8.598819e-03,9.260550e-01,4.250889e-05,3.560623e-02
4.656066e-03,4.034803e-04,2.232704e-04,1.070780e-03,2.366772e-04,2.298630e-02,7.629733e-04,7.624974e-05,1.966425e-03,1.234456e-03,2.394103e-03,1.474334e-02,9.190018e-01,5.361238e-05,3.019055e-02
3.345562e-03,3.306204e-04,3.655228e-04,8.324735e-04,2.501241e-04,2.704920e-02,1.564599e-03,1.252799e-04,1.510175e-03,1.933195e-03,3.681337e-03,1.636438e-02,9.124519e-01,6.919641e-05,3.012651e-02
2.589669e-03,2.913682e-04,4.339560e-04,7.794522e-04,3.537448e-04,4.124082e-02,1.937074e-03,2.137682e-04,1.387530e-03,2.858899e-03,6.086363e-03,3.333740e-02,8.791231e-01,1.224547e-04,2.924440e-02
2.212947e-03,2.356513e-04,9.753644e-04,1.021902e-03,6.420577e-04,9.434064e-02,2.730453e-03,2.520203e-03,1.414502e-03,5.292702e-03,1.203953e-02,6.035475e-02,7.802289e-01,2.032946e-04,3.578706e-02
1.891834e-03,1.718374e-04,9.872274e-04,2.963647e-03,9.440659e-04,1.176944e-01,2.296867e-03,5.359383e-03,1.246938e-03,6.545987e-03,1.774018e-02,5.961753e-02,7.542328e-01,4.449781e-04,2.786227e-02
1.778433e-03,1.346559e-04,1.059378e-03,3.137142e-03,2.762642e-03,8.657040e-02,2.671393e-03,2.194281e-02,2.270489e-03,1.447774e-02,2.522238e-02,6.850854e-02,7.465591e-01,4.283694e-04,2.247644e-02
1.963103e-03,1.163114e-04,2.083284e-03,3.105909e-03,4.532834e-03,6.172659e-02,3.765201e-03,5.550134e-02,3.466739e-03,2.119357e-02,3.513927e-02,7.361536e-02,7.151392e-01,3.714831e-04,1.827984e-02
2.746361e-03,1.194302e-04,3.656401e-03,3.031628e-03,7.143833e-03,4.729719e-02,8.001497e-03,6.909643e-02,3.628385e-03,2.247944e-02,4.119273e-02,7.380768e-02,6.948066e-01,6.200414e-04,2.237236e-02
3.722918e-03,1.690590e-04,8.933345e-03,4.717585e-03,1.197392e-02,3.431207e-02,8.008643e-03,1.190361e-01,5.348279e-03,2.471795e-02,5.466590e-02,6.669558e-02,6.334444e-01,7.952055e-04,2.345897e-02
3.633650e-03,2.013945e-04,1.141769e-02,4.492007e-03,1.837106e-02,2.506447e-02,7.255591e-03,2.396547e-01,5.894125e-03,2.524772e-02,6.381050e-02,5.662731e-02,5.115487e-01,1.265090e-03,2.551594e-02
3.765796e-03,3.868232e-04,1.464209e-02,4.692202e-03,1.795569e-02,1.904664e-02,6.131383e-03,2.683776e-01,8.858329e-03,2.652754e-02,6.379810e-02,4.508061e-02,4.139890e-01,4.252889e-03,1.024953e-01
4.132781e-03,8.286727e-04,1.742103e-02,5.252603e-03,1.907006e-02,1.688302e-02,7.090578e-03,3.036169e-01,1.798061e-02,2.463242e-02,6.000222e-02,3.859888e-02,3.367202e-01,4.673163e-03,1.430969e-01
9.016222e-03,2.334208e-03,3.414468e-02,5.661442e-03,3.309606e-02,2.980323e-02,7.199713e-03,3.329555e-01,5.948328e-02,1.955328e-02,4.698121e-02,2.871047e-02,2.434557e-01,4.095954e-03,1.435090e-01
1.365789e-02,3.944943e-03,4.143376e-02,6.354753e-03,3.444959e-02,4.055854e-02,7.412820e-03,3.541651e-01,9.946231e-02,1.504699e-02,3.541918e-02,2.171681e-02,1.769360e-01,3.575090e-03,1.458661e-01
1.652214e-02,3.956826e-03,3.845246e-02,5.536981e-03,2.983575e-02,5.203254e-02,6.655845e-03,4.144289e-01,1.188839e-01,1.086414e-02,2.574427e-02,1.594740e-02,1.345845e-01,3.069674e-03,1.234846e-01
3.871676e-02,7.189104e-03,3.814074e-02,1.028692e-02,3.068588e-02,6.004662e-02,6.350464e-03,3.408790e-01,2.244446e-01,8.155221e-03,1.865529e-02,1.201704e-02,9.743693e-02,2.849584e-03,1.041458e-01
5.815021e-02,1.382550e-02,4.308432e-02,2.397976e-02,2.931522e-02,5.494737e-02,6.187464e-03,2.760963e-01,2.979695e-01,6.789142e-03,1.359763e-02,9.715453e-03,7.540830e-02,2.546988e-03,8.838683e-02
6.060930e-02,1.837889e-02,4.015943e-02,2.636419e-02,2.662153e-02,4.259333e-02,6.696044e-03,2.411305e-01,3.763668e-01,5.954763e-03,9.985532e-03,8.067493e-03,6.163091e-02,1.909605e-03,7.353159e-02
5.296241e-02,1.802871e-02,3.239731e-02,2.326927e-02,2.508273e-02,3.191315e-02,6.587318e-03,2.557261e-01,4.296749e-01,4.722861e-03,7.277477e-03,5.982697e-03,4.615768e-02,1.374879e-03,5.884245e-02
4.888847e-02,2.133188e-02,3.264227e-02,3.729052e-02,1.966194e-02,2.707636e-02,5.149622e-03,3.166133e-01,3.958700e-01,5.705907e-03,5.442252e-03,4.530566e-03,3.413496e-02,1.003670e-03,4.465817e-02
4.082569e-02,1.771178e-02,3.253962e-02,2.836737e-02,1.608135e-02,2.188976e-02,4.002240e-03,4.575139e-01,3.118277e-01,4.523962e-03,3.884882e-03,3.228932e-03,2.450228e-02,7.243725e-04,3.237619e-02
3.506974e-02,1.403415e-02,2.785479e-02,2.186630e-02,1.348614e-02,2.035354e-02,3.199354e-03,5.773087e-01,2.364910e-01,3.375719e-03,2.791066e-03,2.343503e-03,1.798019e-02,5.227894e-04,2.332294e-02
4.175240e-02,1.037698e-02,2.215852e-02,1.644095e-02,1.011931e-02,1.514740e-02,2.335577e-03,6.764964e-01,1.682452e-01,2.467457e-03,2.244736e-03,1.953293e-03,1.318688e-02,4.168110e-04,1.665810e-02
4.774830e-02,8.206478e-03,2.386576e-02,1.619906e-02,7.502552e-03,1.467579e-02,1.668464e-03,6.918507e-01,1.206357e-01,3.049285e-03,3.451347e-02,2.268034e-03,9.582166e-03,5.538164e-03,1.269604e-02
3.687659e-02,6.201973e-03,4.114540e-02,2.769823e-02,5.757337e-03,1.074075e-02,1.314877e-03,6.590011e-01,8.714281e-02,3.032717e-03,9.179132e-02,4.666822e-03,7.184340e-03,8.272570e-03,9.173154e-03
2.692256e-02,4.772709e-03,3.891736e-02,6.858357e-02,4.367719e-03,7.822834e-03,1.098343e-03,4.734480e-01,6.652021e-02,3.612180e-03,2.591656e-01,1.400436e-02,6.558422e-03,1.730908e-02,6.897024e-03
1.965768e-02,3.835786e-03,3.718366e-02,6.968793e-02,3.439546e-03,6.598898e-03,9.776693e-04,3.465598e-01,5.813772e-02,3.819125e-03,3.888621e-01,3.447207e-02,5.208631e-03,1.552907e-02,6.030323e-03
1.400065e-02,2.892209e-03,2.776479e-02,5.294688e-02,2.953678e-03,4.984792e-03,7.972480e-04,2.445658e-01,4.399075e-02,3.638523e-03,5.292095e-01,4.888524e-02,4.440589e-03,1.439795e-02,4.531380e-03
1.000346e-02,2.120316e-03,2.059490e-02,4.033594e-02,2.408804e-03,3.900783e-03,6.359174e-04,1.726207e-01,3.339832e-02,3.320290e-03,5.542760e-01,1.349386e-01,3.465018e-03,1.469458e-02,3.286259e-03
7.238696e-03,1.548376e-03,1.486895e-02,2.872605e-02,2.443378e-03,2.869119e-03,4.867230e-04,1.213714e-01,2.505193e-02,3.179485e-03,5.364951e-01,2.329885e-01,2.676106e-03,1.767006e-02,2.386034e-03
5.191695e-03,1.106964e-03,1.050777e-02,2.026969e-02,2.415601e-03,2.318893e-03,3.862982e-04,8.504277e-02,1.806907e-02,2.673716e-03,5.083063e-01,3.179718e-01,2.028079e-03,2.200435e-02,1.707037e-03
3.706801e-03,8.604964e-04,7.489766e-03,1.423187e-02,6.099448e-03,1.784761e-03,3.173513e-04,5.955505e-02,1.318669e-02,2.003193e-03,4.394420e-01,4.275302e-01,1.566286e-03,2.100640e-02,1.219650e-03
2.653281e-03,6.479014e-04,5.280794e-03,1.000630e-02,7.555470e-03,1.424708e-03,2.527454e-04,4.169994e-02,9.324784e-03,1.445471e-03,4.028145e-01,4.955394e-01,1.202352e-03,1.928133e-02,8.710375e-04
1.971169e-03,5.252580e-04,3.760889e-03,7.096978e-03,7.908009e-03,1.245535e-03,2.145018e-04,2.920681e-02,6.875080e-03,1.119354e-03,3.774733e-01,5.407453e-01,1.017641e-03,2.017868e-02,6.616024e-04
1.585398e-03,4.663667e-04,2.698497e-03,5.071517e-03,7.033312e-03,1.140581e-03,3.553094e-04,2.047934e-02,5.063004e-03,8.728617e-04,4.210272e-01,5.142249e-01,9.296078e-04,1.852225e-02,5.299680e-04
1.518256e-03,5.837212e-04,2.033971e-03,3.637149e-03,1.272238e-02,1.219382e-03,7.124055e-04,1.454923e-02,4.380934e-03,7.462095e-04,4.571532e-01,4.776625e-01,8.536372e-04,2.174629e-02,4.808057e-04
1.385685e-03,5.487662e-04,1.605905e-03,2.673529e-03,1.221769e-02,1.493305e-03,7.825174e-04,1.048807e-02,3.787855e-03,6.530979e-04,4.346068e-01,5.078751e-01,7.562120e-04,2.071065e-02,4.148437e-04
1.099668e-03,4.447348e-04,1.173494e-03,1.885657e-03,9.066000e-03,1.524198e-03,6.260418e-04,7.376614e-03,2.772764e-03,5.915640e-04,5.202092e-01,4.357487e-01,6.912797e-04,1.644978e-02,3.402706e-04
9.460623e-04,4.234355e-04,9.263416e-04,1.345634e-03,7.185105e-03,1.550303e-03,6.815518e-04,5.269661e-03,2.349065e-03,7.538591e-04,5.905243e-01,3.727122e-01,5.882004e-04,1.440342e-02,3.409848e-04
8.370696e-04,5.030397e-04,7.658275e-04,9.618782e-04,5.401152e-03,1.411515e-03,6.472232e-04,3.802524e-03,2.369857e-03,8.538873e-04,6.639907e-01,3.047703e-01,5.300019e-04,1.281178e-02,3.432083e-04
9.203658e-04,1.046085e-03,9.250703e-04,7.193596e-04,4.711752e-03,1.466455e-03,1.139642e-03,3.218948e-03,4.166322e-03,1.470750e-03,7.247357e-01,2.417696e-01,6.185503e-04,1.261931e-02,4.720179e-04
1.349160e-03,1.775701e-03,1.452212e-03,6.202538e-04,5.023937e-03,2.222392e-03,1.925971e-03,4.752616e-03,6.658855e-03,2.117486e-03,7.320986e-01,2.261045e-01,8.498636e-04,1.236849e-02,6.798664e-04
1.897872e-03,1.516149e-03,1.222625e-03,5.670845e-04,5.990069e-03,2.895448e-03,2.039559e-03,4.154486e-03,6.531719e-03,2.019127e-03,7.737401e-01,1.836279e-01,1.080948e-03,1.184060e-02,8.763066e-04
6.489786e-03,2.716896e-03,2.021935e-03,7.202197e-04,1.427091e-02,4.234660e-03,3.106263e-03,4.823087e-03,1.174366e-02,3.634529e-03,7.535216e-01,1.718864e-01,1.591268e-03,1.724314e-02,1.995759e-03
1.306362e-02,3.553156e-03,2.545524e-03,1.006501e-03,1.497796e-02,5.001206e-03,3.038695e-03,5.293461e-03,1.138296e-02,3.741276e-03,7.502371e-01,1.625443e-01,1.936531e-03,1.899838e-02,2.679328e-03
1.945986e-02,3.592953e-03,1.993890e-03,1.150942e-03,1.401002e-02,5.821323e-03,2.590492e-03,4.133223e-03,9.118606e-03,3.288763e-03,7.699512e-01,1.418139e-01,2.076797e-03,1.813027e-02,2.867772e-03
2.890781e-02,4.918566e-03,1.806601e-03,1.577665e-03,1.785071e-02,6.793937e-03,2.406598e-03,3.731817e-03,8.496330e-03,3.561279e-03,7.425172e-01,1.528306e-01,2.349146e-03,1.906096e-02,3.190695e-03
2.806280e-02,5.344408e-03,2.021991e-03,1.604144e-03,2.183071e-02,6.704560e-03,2.310677e-03,3.978161e-03,9.655053e-03,5.069924e-03,7.155083e-01,1.712591e-01,2.373053e-03,2.087644e-02,3.400661e-03
3.630085e-02,8.425873e-03,3.368330e-03,2.318698e-03,2.705450e-02,6.994644e-03,1.883217e-03,4.423494e-03,9.925494e-03,5.542919e-03,6.539785e-01,2.067116e-01,2.263333e-03,2.637589e-02,4.432552e-03
3.481556e-02,9.111798e-03,5.793849e-03,3.180393e-03,4.469094e-02,6.315341e-03,1.680053e-03,1.035495e-02,1.357049e-02,5.481233e-03,5.957943e-01,2.369768e-01,2.342325e-03,2.607579e-02,3.816113e-03
2.981696e-02,9.271893e-03,7.274351e-03,2.886380e-03,4.600220e-02,6.620793e-03,2.100307e-03,1.040061e-02,1.237369e-02,8.780710e-03,6.331260e-01,2.034220e-01,2.072897e-03,2.165664e-02,4.194560e-03
2.745163e-02,5.242803e-02,1.677020e-02,2.391613e-03,8.810221e-02,7.470761e-03,2.391811e-03,1.056834e-02,1.307358e-01,9.919659e-03,4.587485e-01,1.684717e-01,1.772840e-03,1.743350e-02,5.343439e-03
2.119195e-02,4.846458e-02,1.770923e-02,2.825830e-03,1.280309e-01,5.704680e-03,2.093002e-03,9.140073e-03,2.790610e-01,7.862225e-03,3.317594e-01,1.278730e-01,1.309597e-03,1.282679e-02,4.147674e-03
1.564723e-02,6.017524e-02,1.605194e-02,2.413746e-03,1.165174e-01,4.742264e-03,1.596879e-03,6.945427e-03,4.292000e-01,5.874549e-03,2.349430e-01,9.253685e-02,9.742519e-04,9.129176e-03,3.252083e-03
1.509503e-02,9.172974e-02,1.416552e-02,2.743741e-03,1.393542e-01,5.273541e-03,1.315811e-03,5.833685e-03,4.697029e-01,5.410274e-03,1.700752e-01,6.549075e-02,1.153482e-03,6.563709e-03,6.092416e-03
1.801515e-02,1.286050e-01,1.121578e-02,1.750988e-02,1.584669e-01,5.673206e-03,1.064127e-03,1.418568e-02,4.471309e-01,6.697210e-03,1.214166e-01,4.750191e-02,1.521053e-03,5.201691e-03,1.579488e-02
2.745756e-02,1.178325e-01,9.160828e-03,1.943142e-02,1.576149e-01,9.149117e-03,1.014787e-03,2.171315e-02,4.740145e-01,5.693456e-03,8.729389e-02,3.666731e-02,3.931869e-03,4.083270e-03,2.494149e-02
2.749334e-02,1.458501e-01,7.677368e-03,8.875202e-02,1.372409e-01,8.594519e-03,8.213838e-04,2.322907e-02,4.275838e-01,4.942720e-03,6.317348e-02,3.149910e-02,5.343775e-03,3.105122e-03,2.469333e-02
3.250346e-02,1.947154e-01,6.019673e-03,6.618311e-02,1.510096e-01,1.703332e-02,7.353024e-04,2.861411e-02,4.002399e-01,3.549652e-03,4.818260e-02,2.399329e-02,5.985147e-03,2.373765e-03,1.886162e-02
2.947742e-02,1.684939e-01,4.455582e-03,1.240146e-01,1.356552e-01,1.566136e-02,6.779771e-04,3.452134e-02,3.984048e-01,2.765696e-03,3.635798e-02,2.174287e-02,1.068253e-02,1.783611e-03,1.530501e-02
2.351844e-02,1.430207e-01,3.876208e-03,1.618111e-01,1.025727e-01,1.563856e-02,8.156385e-04,3.257739e-02,4.264234e-01,2.528444e-03,3.136872e-02,1.941047e-02,1.433281e-02,1.566229e-03,2.053928e-02
1.807445e-02,1.219057e-01,3.429466e-03,2.512041e-01,7.338414e-02,1.516960e-02,5.960945e-04,2.458021e-02,3.952822e-01,3.867310e-03,4.058302e-02,1.478095e-02,1.524932e-02,2.593105e-03,1.930034e-02
1.632821e-02,1.207142e-01,3.913892e-03,2.605376e-01,5.199924e-02,1.173642e-02,4.496114e-04,1.763490e-02,3.529388e-01,4.751754e-03,9.204548e-02,2.368782e-02,2.187060e-02,3.881206e-03,1.751031e-02
1.368189e-02,1.127143e-01,3.915510e-03,2.394009e-01,3.673312e-02,9.489823e-03,3.320525e-04,1.281833e-02,3.639092e-01,4.188735e-03,1.252906e-01,3.068788e-02,2.345697e-02,7.952530e-03,1.542815e-02
1.128926e-02,8.105000e-02,3.295828e-03,1.823003e-01,2.606554e-02,7.235093e-03,2.682760e-04,9.551039e-03,2.887264e-01,4.236351e-03,2.600882e-01,7.958048e-02,2.380171e-02,1.057789e-02,1.193368e-02
1.034968e-02,5.781569e-02,2.634458e-03,1.333389e-01,2.020217e-02,1.036941e-02,2.855308e-04,7.043951e-03,2.123264e-01,3.674398e-03,3.219639e-01,1.806719e-01,2.214581e-02,8.524014e-03,8.653739e-03
1.108493e-02,4.123821e-02,2.121883e-03,9.912892e-02,1.795577e-02,1.142231e-02,2.764684e-04,5.064177e-03,1.573789e-01,3.791553e-03,2.917921e-01,3.259569e-01,1.819784e-02,7.993464e-03,6.596648e-03
1.720094e-02,3.032050e-02,1.925490e-03,7.379235e-02,3.277833e-02,2.957744e-02,8.536589e-04,4.383800e-03,1.209032e-01,4.487981e-03,2.704123e-01,3.861598e-01,1.417662e-02,8.033211e-03,4.994346e-03
1.826942e-02,2.165073e-02,1.659110e-03,5.497194e-02,5.007770e-02,2.989462e-02,1.264917e-03,4.501611e-03,8.837283e-02,4.288626e-03,2.684279e-01,4.339829e-01,1.154309e-02,7.481975e-03,3.612630e-03
2.033315e-02,1.539307e-02,1.325087e-03,4.014073e-02,6.097434e-02,2.576849e-02,1.398562e-03,3.505582e-03,6.358119e-02,4.138722e-03,2.150546e-01,5.309540e-01,8.675770e-03,6.092967e-03,2.663835e-03
2.195534e-02,1.106946e-02,1.055085e-03,2.887277e-02,6.925926e-02,2.567066e-02,1.476976e-03,2.744000e-03,4.575475e-02,3.560141e-03,1.818319e-01,5.918232e-01,6.950677e-03,5.922090e-03,2.053743e-03
2.659911e-02,8.276463e-03,9.230184e-04,2.144951e-02,7.984599e-02,2.374504e-02,1.663616e-03,2.355911e-03,3.344351e-02,3.687253e-03,1.606356e-01,6.241686e-01,5.951007e-03,5.455917e-03,1.799486e-03
2.223714e-02,6.107420e-03,7.005121e-04,1.540605e-02,7.247455e-02,2.015864e-02,2.093238e-03,1.949959e-03,2.380419e-02,2.994400e-03,2.152568e-01,6.052312e-01,5.522105e-03,4.689526e-03,1.374305e-03
1.853956e-02,4.675796e-03,5.739491e-04,1.096903e-02,8.991897e-02,1.831715e-02,2.308300e-03,1.793664e-03,1.699728e-02,2.567985e-03,1.840174e-01,6.392207e-01,4.673685e-03,4.322720e-03,1.103885e-03
1.894322e-02,4.538861e-03,9.677417e-04,7.866329e-03,9.480156e-02,2.301104e-02,3.807013e-03,4.357453e-03,1.303406e-02,2.183650e-03,1.417797e-01,6.753756e-01,3.843400e-03,4.609807e-03,8.805834e-04
1.634353e-02,3.633933e-03,1.013950e-03,5.652874e-03,7.900000e-02,2.629803e-02,5.116369e-03,7.226815e-03,1.147963e-02,1.809864e-03,1.149421e-01,7.189520e-01,3.469004e-03,4.383123e-03,6.788363e-04
1.796097e-02,5.068405e-03,1.407221e-03,4.109775e-03,8.096337e-02,6.194509e-02,5.350086e-03,8.662619e-03,1.015613e-02,1.555238e-03,9.481829e-02,6.999408e-01,3.554434e-03,3.957767e-03,5.498501e-04
2.082358e-02,4.647073e-03,1.940874e-03,3.102021e-03,1.054117e-01,1.091442e-01,6.997329e-03,1.866235e-02,1.105017e-02,1.544856e-03,7.389322e-02,6.352571e-01,3.419372e-03,3.680039e-03,4.261873e-04
2.086994e-02,3.780006e-03,2.201902e-03,2.568698e-03,1.608806e-01,9.681158e-02,1.353635e-02,4.334559e-02,1.799200e-02,1.583856e-03,5.397205e-02,5.759940e-01,2.985849e-03,3.157179e-03,3.203837e-04
2.002682e-02,3.162295e-03,2.812649e-03,2.185306e-03,2.108698e-01,7.544998e-02,1.141352e-02,4.997429e-02,3.353935e-02,1.592623e-03,4.214086e-02,5.389721e-01,4.599902e-03,3.002964e-03,2.574239e-04
1.605639e-02,2.450316e-03,4.713176e-03,2.593591e-03,2.894067e-01,5.468633e-02,8.790532e-03,1.158920e-01,4.026724e-02,1.277184e-03,3.153427e-02,4.227512e-01,6.803250e-03,2.569020e-03,2.087442e-04
1.325417e-02,2.046444e-03,5.139990e-03,2.154392e-03,4.300462e-01,3.976319e-02,8.714353e-03,1.003314e-01,4.304319e-02,9.561395e-04,2.354226e-02,3.210900e-01,7.641939e-03,2.101056e-03,1.752131e-04
1.591964e-02,2.123105e-03,5.208630e-03,2.539839e-03,4.341604e-01,3.546431e-02,8.023685e-03,1.295363e-01,7.971431e-02,8.491280e-04,1.917123e-02,2.472933e-01,1.743295e-02,1.891461e-03,6.717466e-04
1.678736e-02,1.944025e-03,6.599936e-03,2.353076e-03,4.052276e-01,2.810822e-02,7.784517e-03,1.759821e-01,1.310622e-01,8.061696e-04,1.715772e-02,1.847034e-01,1.872882e-02,1.729136e-03,1.025835e-03
2.149060e-02,1.640554e-03,9.840719e-03,3.955439e-03,3.291683e-01,2.309190e-02,1.263687e-02,3.202064e-01,1.018985e-01,1.172858e-03,1.769040e-02,1.364085e-01,1.829880e-02,1.592499e-03,9.076725e-04
2.233330e-02,1.577121e-03,1.235994e-02,5.058206e-03,2.473044e-01,2.103555e-02,9.531814e-03,4.658464e-01,7.724141e-02,1.580391e-03,1.435490e-02,1.035595e-01,1.574115e-02,1.443530e-03,1.032494e-03
1.836400e-02,1.392198e-03,1.198300e-02,4.259345e-03,1.815122e-01,1.677171e-02,6.801351e-03,5.969855e-01,5.544408e-02,1.507070e-03,1.277566e-02,7.811442e-02,1.202729e-02,1.209285e-03,8.530730e-04
1.488076e-02,1.070795e-03,8.769178e-03,3.293735e-03,1.286272e-01,1.296990e-02,4.879571e-03,7.081180e-01,3.925366e-02,1.123223e-03,1.024508e-02,5.563716e-02,9.605914e-03,8.771360e-04,6.488294e-04
1.140610e-02,8.033073e-04,6.443604e-03,2.624822e-03,9.232510e-02,9.494352e-03,3.562964e-03,7.891245e-01,2.783473e-02,8.279880e-04,8.145042e-03,3.950791e-02,6.803629e-03,6.262824e-04,4.696782e-04
9.673698e-03,7.206441e-04,4.856125e-03,2.035654e-03,7.236881e-02,7.331275e-03,2.784956e-03,8.371681e-01,2.024114e-02,7.435759e-04,7.711223e-03,2.847186e-02,5.004160e-03,5.298384e-04,3.589058e-04
8.834186e-03,6.380730e-04,3.910864e-03,1.502776e-03,5.420947e-02,6.194841e-03,2.780277e-03,8.747751e-01,1.522426e-02,6.568636e-04,6.160120e-03,2.023490e-02,4.013733e-03,5.549521e-04,3.095281e-04
7.978922e-03,5.067067e-04,3.213374e-03,1.153718e-03,4.015417e-02,4.992285e-03,2.651532e-03,9.046831e-01,1.109141e-02,5.007088e-04,4.881307e-03,1.427765e-02,3.185019e-03,4.769203e-04,2.532100e-04
1.199577e-02,5.721338e-04,3.417529e-03,9.673524e-04,3.032873e-02,4.210816e-03,4.548992e-03,9.160972e-01,9.514768e-03,4.173268e-04,3.859691e-03,1.036274e-02,2.730045e-03,7.294450e-04,2.474069e-04
2.168846e-02,7.184562e-04,4.321462e-03,8.301994e-04,2.381470e-02,4.266204e-03,1.365156e-02,9.071278e-01,9.140055e-03,3.352451e-04,3.006996e-03,7.405115e-03,2.623005e-03,7.227901e-04,3.479628e-04
4.573081e-02,1.586707e-03,1.253413e-02,1.102213e-03,2.117774e-02,8.247817e-03,3.200864e-02,8.537871e-01,9.439464e-03,4.851827e-04,2.658864e-03,5.622667e-03,3.361458e-03,9.570100e-04,1.300198e-03
5.561018e-02,3.057089e-03,1.142954e-02,1.544791e-03,2.091432e-02,7.066857e-03,2.870314e-02,8.345213e-01,2.422963e-02,5.157033e-04,2.846413e-03,4.630886e-03,2.777847e-03,8.580544e-04,1.294337e-03
8.401170e-02,4.406941e-03,1.126218e-02,1.795073e-03,1.758330e-02,7.594506e-03,2.627724e-02,7.337778e-01,2.429797e-02,5.176236e-03,2.634689e-02,1.563752e-02,3.336861e-02,4.376897e-03,4.087178e-03
1.921444e-01,4.798934e-03,1.017032e-02,2.694041e-03,1.905645e-02,1.011458e-02,2.654950e-02,5.678425e-01,4.592715e-02,7.545520e-03,4.082119e-02,1.891154e-02,2.849264e-02,1.726470e-02,7.666507e-03
2.939567e-01,4.766128e-03,8.651408e-03,3.653613e-03,2.057485e-02,1.249331e-02,2.595746e-02,4.386209e-01,4.829916e-02,8.605294e-03,4.722309e-02,2.423511e-02,2.371450e-02,2.763608e-02,1.161245e-02
2.401143e-01,5.453758e-03,1.063986e-02,1.637989e-02,2.093127e-02,1.521533e-02,2.541789e-02,3.294036e-01,4.684499e-02,4.015826e-02,8.588894e-02,6.071010e-02,2.665570e-02,4.962685e-02,2.655927e-02
1.815214e-01,4.600005e-03,8.302649e-03,1.703488e-02,1.797144e-02,1.187788e-02,1.923497e-02,2.388924e-01,4.506370e-02,4.165673e-02,1.243255e-01,6.804827e-02,2.880306e-02,1.714111e-01,2.125606e-02
1.317140e-01,4.151735e-03,6.331917e-03,1.480335e-02,1.612763e-02,8.793768e-03,1.469892e-02,1.738057e-01,4.535636e-02,3.294484e-02,1.640736e-01,8.291711e-02,3.994760e-02,2.479670e-01,1.636646e-02
1.057473e-01,6.269407e-03,5.052343e-03,1.396618e-02,1.569893e-02,6.930567e-03,1.415021e-02,1.273714e-01,3.847585e-02,2.759699e-02,2.129278e-01,1.123373e-01,3.507997e-02,2.611396e-01,1.725616e-02
7.643379e-02,5.026596e-03,3.783385e-03,1.353335e-02,1.522876e-02,5.114824e-03,1.027046e-02,9.051006e-02,3.677083e-02,2.493347e-02,2.016116e-01,1.934519e-01,3.048966e-02,2.774679e-01,1.537337e-02
6.145168e-02,4.601190e-03,3.158033e-03,2.150435e-02,1.624204e-02,4.735354e-03,7.713702e-03,6.448751e-02,4.300835e-02,2.289916e-02,2.310984e-01,1.704571e-01,2.648156e-02,3.105309e-01,1.163063e-02
4.788568e-02,4.348903e-03,3.198466e-03,1.581691e-02,1.360604e-02,5.706579e-03,5.597980e-03,4.563450e-02,5.696346e-02,1.843381e-02,1.895100e-01,1.303220e-01,2.022289e-02,4.339523e-01,8.800561e-03
4.073279e-02,4.132910e-03,3.254786e-03,1.190216e-02,1.068540e-02,9.678312e-03,4.241579e-03,3.220561e-02,5.692412e-02,1.446931e-02,1.634705e-01,1.005589e-01,1.586252e-02,5.250755e-01,6.805510e-03
3.039408e-02,3.962048e-03,2.980032e-03,8.591780e-03,7.790517e-03,1.189810e-02,3.103045e-03,2.267884e-02,5.257221e-02,1.031489e-02,1.191794e-01,7.120129e-02,1.138279e-02,6.386272e-01,5.323818e-03
2.132587e-02,2.997198e-03,2.415405e-03,6.050123e-03,5.520076e-03,9.104435e-03,2.176321e-03,1.588865e-02,4.080470e-02,7.270746e-03,8.482512e-02,4.993079e-02,7.998885e-03,7.397187e-01,3.972988e-03
1.509944e-02,2.640592e-03,2.323716e-03,4.294052e-03,3.929666e-03,7.198510e-03,1.530344e-03,1.113605e-02,3.723480e-02,5.131492e-03,6.076384e-02,3.506269e-02,5.643908e-03,8.047566e-01,3.254264e-03
1.091939e-02,2.397512e-03,2.039278e-03,3.191771e-03,2.952452e-03,6.140099e-03,1.078915e-03,7.833519e-03,4.442856e-02,3.649659e-03,4.522092e-02,2.459523e-02,4.031987e-03,8.379278e-01,3.592918e-03
8.127706e-03,2.678854e-03,1.735642e-03,2.328554e-03,2.160976e-03,5.558149e-03,7.648324e-04,5.516293e-03,5.230274e-02,2.589025e-03,3.373089e-02,1.724660e-02,2.892675e-03,8.591773e-01,3.189778e-03
5.830738e-03,3.125695e-03,1.281349e-03,1.679661e-03,1.536740e-03,4.958669e-03,5.379236e-04,3.867783e-03,4.962132e-02,1.855540e-03,2.454316e-02,1.209095e-02,2.062468e-03,8.841882e-01,2.819851e-03
4.345943e-03,3.416497e-03,1.070149e-03,1.215350e-03,1.095940e-03,4.682806e-03,3.809258e-04,2.715984e-03,4.867909e-02,1.331575e-03,1.776940e-02,8.488891e-03,1.476910e-03,9.010951e-01,2.235471e-03
3.238009e-03,3.476710e-03,1.258975e-03,8.748189e-04,7.910422e-04,3.952209e-03,2.685316e-04,1.903424e-03,5.643322e-02,1.007479e-03,1.343839e-02,5.967822e-03,1.060116e-03,9.043058e-01,2.023490e-03
2.740782e-03,3.446053e-03,1.163828e-03,6.755469e-04,5.689875e-04,3.595045e-03,1.932944e-04,1.336495e-03,6.488498e-02,8.115801e-04,9.692101e-03,4.198829e-03,7.773121e-04,9.036174e-01,2.297846e-03
3.852344e-03,7.831389e-03,1.441511e-02,8.697742e-04,6.001117e-04,9.588974e-03,2.652131e-04,1.127914e-03,9.062959e-02,8.445914e-04,7.258946e-03,2.951522e-03,6.561653e-04,8.562415e-01,2.866919e-03
9.169817e-03,1.186426e-02,1.217381e-01,3.001936e-03,1.505105e-03,2.181240e-02,8.271983e-04,2.694048e-03,9.245587e-02,1.440891e-03,5.841335e-03,2.089605e-03,6.672037e-04,7.208165e-01,4.075790e-03
1.599763e-02,1.266670e-02,2.631329e-01,4.605012e-03,2.085762e-03,2.508312e-02,8.648434e-04,5.341231e-03,8.154533e-02,1.827808e-03,4.605996e-03,1.475355e-03,5.806322e-04,5.756565e-01,4.531303e-03
1.940619e-02,1.138182e-02,3.967640e-01,5.030041e-03,1.793779e-03,2.408610e-02,6.995930e-04,6.161760e-03,7.613230e-02,5.591962e-03,3.379807e-03,1.034714e-03,9.575222e-04,4.394463e-01,8.134132e-03
2.225515e-02,1.255464e-02,4.775624e-01,5.393051e-03,1.572990e-03,1.838019e-02,5.423392e-04,8.195816e-03,9.365194e-02,1.205149e-02,2.469303e-03,7.277465e-04,2.139586e-03,3.313594e-01,1.114409e-02
2.684932e-02,1.055290e-02,5.586554e-01,1.115228e-02,1.330502e-03,1.355276e-02,4.360209e-04,1.288883e-02,7.928084e-02,1.469980e-02,1.764427e-03,5.108099e-04,1.867668e-03,2.570304e-01,9.428054e-03
3.403369e-02,9.989388e-03,5.741900e-01,1.292983e-02,1.131715e-03,1.075854e-02,3.627837e-04,1.616861e-02,7.404041e-02,3.575902e-02,1.282819e-03,3.609428e-04,1.590999e-03,2.150527e-01,1.234862e-02
4.049644e-02,9.816236e-03,5.182358e-01,1.459170e-02,1.153050e-03,8.406022e-03,2.976924e-04,2.045595e-02,7.699643e-02,7.670815e-02,1.036003e-03,2.626858e-04,1.273007e-03,2.092580e-01,2.101283e-02
4.062188e-02,8.606439e-03,4.349866e-01,1.769927e-02,1.299174e-03,6.490006e-03,2.399051e-04,2.146214e-02,8.077151e-02,1.400729e-01,1.033179e-03,2.103496e-04,1.017996e-03,2.202742e-01,2.521437e-02
4.932970e-02,8.954262e-03,3.507466e-01,1.841963e-02,2.117716e-03,5.258933e-03,3.321269e-04,2.473678e-02,6.925827e-02,1.900086e-01,1.168264e-03,2.132006e-04,9.426359e-04,2.500057e-01,2.850755e-02
5.886848e-02,1.161257e-02,2.946818e-01,1.832494e-02,3.584516e-03,4.866126e-03,4.385586e-04,2.914480e-02,5.644993e-02,2.404159e-01,1.648302e-03,3.439749e-04,1.027217e-03,2.426960e-01,3.589699e-02
7.035720e-02,1.726539e-02,2.216113e-01,1.518182e-02,5.331689e-03,4.550349e-03,4.960812e-04,3.547639e-02,4.835506e-02,3.454302e-01,2.612279e-03,5.182311e-04,1.070108e-03,1.886961e-01,4.304786e-02
5.211783e-02,1.804489e-02,1.920542e-01,1.110034e-02,3.805404e-03,3.527232e-03,3.666276e-04,2.591802e-02,3.619970e-02,4.816430e-01,2.379487e-03,4.377260e-04,8.541948e-04,1.333303e-01,3.822101e-02
3.684347e-02,1.873228e-02,2.633260e-01,7.918987e-03,2.729744e-03,2.805088e-03,3.637091e-04,1.872610e-02,3.800732e-02,3.880088e-01,3.097971e-02,5.584634e-04,7.804892e-04,1.410123e-01,4.920753e-02
2.590963e-02,1.673543e-02,1.943913e-01,5.661313e-03,1.941463e-03,2.209670e-03,2.908856e-04,1.315785e-02,4.351093e-02,2.743945e-01,4.264090e-02,9.745148e-04,1.305244e-03,3.036338e-01,7.324264e-02
1.819953e-02,1.245366e-02,1.382087e-01,4.239751e-03,1.407124e-03,1.632402e-03,2.591041e-04,9.315845e-03,1.133634e-01,2.025277e-01,3.846897e-02,2.616619e-03,1.525858e-03,3.884770e-01,6.730437e-02
1.290381e-02,9.272642e-03,9.748822e-02,3.384483e-03,1.315095e-03,1.384946e-03,2.210571e-04,6.595564e-03,9.132442e-02,1.490395e-01,6.177630e-02,2.998060e-03,1.619542e-03,4.676986e-01,9.297773e-02
9.207449e-03,6.801544e-03,6.895883e-02,2.739319e-03,1.323531e-03,1.346698e-03,1.955022e-04,4.727541e-03,8.007020e-02,1.104022e-01,1.336617e-01,3.642654e-03,1.661001e-03,4.568355e-01,1.184262e-01
6.553483e-03,5.114036e-03,4.840115e-02,2.465751e-03,1.247352e-03,1.121634e-03,1.936139e-04,3.357590e-03,1.017845e-01,8.393822e-02,1.427319e-01,3.589231e-03,1.386554e-03,5.040067e-01,9.410822e-02
4.771960e-03,6.687249e-03,3.404266e-02,2.086884e-03,1.391254e-03,1.135028e-03,1.820233e-04,2.421509e-03,1.834135e-01,6.683934e-02,1.452490e-01,3.857015e-03,1.755601e-03,4.595714e-01,8.659567e-02
3.645387e-03,9.817657e-03,2.413025e-02,2.117316e-03,1.810104e-03,2.580243e-03,3.589197e-04,2.038245e-03,2.458241e-01,5.538503e-02,1.489940e-01,3.707155e-03,2.309855e-03,4.257813e-01,7.150047e-02
3.085032e-03,5.841492e-02,1.723966e-02,2.396890e-03,2.332899e-03,4.895581e-03,3.823627e-04,1.666067e-03,3.100305e-01,4.110152e-02,1.390020e-01,3.125338e-03,1.933169e-03,3.602323e-01,5.416187e-02
2.830307e-03,5.051601e-02,1.272898e-02,6.771775e-03,3.249539e-03,5.405620e-03,5.108575e-04,1.948235e-03,3.890620e-01,3.207168e-02,1.540081e-01,3.132891e-03,2.018292e-03,2.935232e-01,4.222260e-02
