1.000000e+00,0.000000e+00,0.000000e+00,0.000000e+00,0.000000e+00,0.000000e+00,0.000000e+00,0.000000e+00,0.000000e+00,0.000000e+00,0.000000e+00,0.000000e+00,0.000000e+00,0.000000e+00,0.000000e+00
1.000000e+00,0.000000e+00,0.000000e+00,0.000000e+00,0.000000e+00,0.000000e+00,0.000000e+00,0.000000e+00,0.000000e+00,0.000000e+00,0.000000e+00,0.000000e+00,0.000000e+00,0.000000e+00,0.000000e+00
1.000000e+00,0.000000e+00,0.000000e+00,0.000000e+00,0.000000e+00,0.000000e+00,0.000000e+00,0.000000e+00,0.000000e+00,0.000000e+00,0.000000e+00,0.000000e+00,0.000000e+00,0.000000e+00,0.000000e+00
1.000000e+00,0.000000e+00,0.000000e+00,0.000000e+00,0.000000e+00,0.000000e+00,0.000000e+00,0.000000e+00,0.000000e+00,0.000000e+00,0.000000e+00,0.000000e+00,0.000000e+00,0.000000e+00,0.000000e+00
1.000000e+00,0.000000e+00,0.000000e+00,0.000000e+00,0.000000e+00,0.000000e+00,0.000000e+00,0.000000e+00,0.000000e+00,0.000000e+00,0.000000e+00,0.000000e+00,0.000000e+00,0.000000e+00,0.000000e+00
1.000000e+00,0.000000e+00,0.000000e+00,0.000000e+00,0.000000e+00,0.000000e+00,0.000000e+00,0.000000e+00,0.000000e+00,0.000000e+00,0.000000e+00,0.000000e+00,0.000000e+00,0.000000e+00,0.000000e+00
1.000000e+00,0.000000e+00,0.000000e+00,0.000000e+00,0.000000e+00,0.000000e+00,0.000000e+00,0.000000e+00,0.000000e+00,0.000000e+00,0.000000e+00,0.000000e+00,0.000000e+00,0.000000e+00,0.000000e+00
1.000000e+00,0.000000e+00,0.000000e+00,0.000000e+00,0.000000e+00,0.000000e+00,0.000000e+00,0.000000e+00,0.000000e+00,0.000000e+00,0.000000e+00,0.000000e+00,0.000000e+00,0.000000e+00,0.000000e+00
1.000000e+00,0.000000e+00,0.000000e+00,0.000000e+00,0.000000e+00,0.000000e+00,0.000000e+00,0.000000e+00,0.000000e+00,0.000000e+00,0.000000e+00,0.000000e+00,0.000000e+00,0.000000e+00,0.000000e+00
1.000000e+00,0.000000e+00,0.000000e+00,0.000000e+00,0.000000e+00,0.000000e+00,0.000000e+00,0.000000e+00,0.000000e+00,0.000000e+00,0.000000e+00,0.000000e+00,0.000000e+00,0.000000e+00,0.000000e+00
1.000000e+00,0.000000e+00,0.000000e+00,0.000000e+00,0.000000e+00,0.000000e+00,0.000000e+00,0.000000e+00,0.000000e+00,0.000000e+00,0.000000e+00,0.000000e+00,0.000000e+00,0.000000e+00,0.000000e+00
1.000000e+00,0.000000e+00,0.000000e+00,0.000000e+00,0.000000e+00,0.000000e+00,0.000000e+00,0.000000e+00,0.000000e+00,0.000000e+00,0.000000e+00,0.000000e+00,0.000000e+00,0.000000e+00,0.000000e+00
1.000000e+00,0.000000e+00,0.000000e+00,0.000000e+00,0.000000e+00,0.000000e+00,0.000000e+00,0.000000e+00,0.000000e+00,0.000000e+00,0.000000e+00,0.000000e+00,0.000000e+00,0.000000e+00,0.000000e+00
1.000000e+00,0.000000e+00,0.000000e+00,0.000000e+00,0.000000e+00,0.000000e+00,0.000000e+00,0.000000e+00,0.000000e+00,0.000000e+00,0.000000e+00,0.000000e+00,0.000000e+00,0.000000e+00,0.000000e+00
1.000000e+00,0.000000e+00,0.000000e+00,0.000000e+00,0.000000e+00,0.000000e+00,0.000000e+00,0.000000e+00,0.000000e+00,0.000000e+00,0.000000e+00,0.000000e+00,0.000000e+00,0.000000e+00,0.000000e+00
1.000000e+00,0.000000e+00,0.000000e+00,0.000000e+00,0.000000e+00,0.000000e+00,0.000000e+00,0.000000e+00,0.000000e+00,0.000000e+00,0.000000e+00,0.000000e+00,0.000000e+00,0.000000e+00,0.000000e+00
1.000000e+00,0.000000e+00,0.000000e+00,0.000000e+00,0.000000e+00,0.000000e+00,0.000000e+00,0.000000e+00,0.000000e+00,0.000000e+00,0.000000e+00,0.000000e+00,0.000000e+00,0.000000e+00,0.000000e+00
1.000000e+00,0.000000e+00,0.000000e+00,0.000000e+00,0.000000e+00,0.000000e+00,0.000000e+00,0.000000e+00,0.000000e+00,0.000000e+00,0.000000e+00,0.000000e+00,0.000000e+00,0.000000e+00,0.000000e+00
1.000000e+00,0.000000e+00,0.000000e+00,0.000000e+00,0.000000e+00,0.000000e+00,0.000000e+00,0.000000e+00,0.000000e+00,0.000000e+00,0.000000e+00,0.000000e+00,0.000000e+00,0.000000e+00,0.000000e+00
1.000000e+00,0.000000e+00,0.000000e+00,0.000000e+00,0.000000e+00,0.000000e+00,0.000000e+00,0.000000e+00,0.000000e+00,0.000000e+00,0.000000e+00,0.000000e+00,0.000000e+00,0.000000e+00,0.000000e+00
1.000000e+00,0.000000e+00,0.000000e+00,0.000000e+00,0.000000e+00,0.000000e+00,0.000000e+00,0.000000e+00,0.000000e+00,0.000000e+00,0.000000e+00,0.000000e+00,0.000000e+00,0.000000e+00,0.000000e+00
1.000000e+00,0.000000e+00,0.000000e+00,0.000000e+00,0.000000e+00,0.000000e+00,0.000000e+00,0.000000e+00,0.000000e+00,0.000000e+00,0.000000e+00,0.000000e+00,0.000000e+00,0.000000e+00,0.000000e+00
1.000000e+00,0.000000e+00,0.000000e+00,0.000000e+00,0.000000e+00,0.000000e+00,0.000000e+00,0.000000e+00,0.000000e+00,0.000000e+00,0.000000e+00,0.000000e+00,0.000000e+00,0.000000e+00,0.000000e+00
1.000000e+00,0.000000e+00,0.000000e+00,0.000000e+00,0.000000e+00,0.000000e+00,0.000000e+00,0.000000e+00,0.000000e+00,0.000000e+00,0.000000e+00,0.000000e+00,0.000000e+00,0.000000e+00,0.000000e+00
1.000000e+00,0.000000e+00,0.000000e+00,0.000000e+00,0.000000e+00,0.000000e+00,0.000000e+00,0.000000e+00,0.000000e+00,0.000000e+00,0.000000e+00,0.000000e+00,0.000000e+00,0.000000e+00,0.000000e+00
1.000000e+00,0.000000e+00,0.000000e+00,0.000000e+00,0.000000e+00,0.000000e+00,0.000000e+00,0.000000e+00,0.000000e+00,0.000000e+00,0.000000e+00,0.000000e+00,0.000000e+00,0.000000e+00,0.000000e+00
1.000000e+00,0.000000e+00,0.000000e+00,0.000000e+00,0.000000e+00,0.000000e+00,0.000000e+00,0.000000e+00,0.000000e+00,0.000000e+00,0.000000e+00,0.000000e+00,0.000000e+00,0.000000e+00,0.000000e+00
1.000000e+00,0.000000e+00,0.000000e+00,0.000000e+00,0.000000e+00,0.000000e+00,0.000000e+00,0.000000e+00,0.000000e+00,0.000000e+00,0.000000e+00,0.000000e+00,0.000000e+00,0.000000e+00,0.000000e+00
1.000000e+00,0.000000e+00,0.000000e+00,0.000000e+00,0.000000e+00,0.000000e+00,0.000000e+00,0.000000e+00,0.000000e+00,0.000000e+00,0.000000e+00,0.000000e+00,0.000000e+00,0.000000e+00,0.000000e+00
1.000000e+00,0.000000e+00,0.000000e+00,0.000000e+00,0.000000e+00,0.000000e+00,0.000000e+00,0.000000e+00,0.000000e+00,0.000000e+00,0.000000e+00,0.000000e+00,0.000000e+00,0.000000e+00,0.000000e+00
1.000000e+00,0.000000e+00,0.000000e+00,0.000000e+00,0.000000e+00,0.000000e+00,0.000000e+00,0.000000e+00,0.000000e+00,0.000000e+00,0.000000e+00,0.000000e+00,0.000000e+00,0.000000e+00,0.000000e+00
1.000000e+00,0.000000e+00,0.000000e+00,0.000000e+00,0.000000e+00,0.000000e+00,0.000000e+00,0.000000e+00,0.000000e+00,0.000000e+00,0.000000e+00,0.000000e+00,0.000000e+00,0.000000e+00,0.000000e+00
1.000000e+00,0.000000e+00,0.000000e+00,0.000000e+00,0.000000e+00,0.000000e+00,0.000000e+00,0.000000e+00,0.000000e+00,0.000000e+00,0.000000e+00,0.000000e+00,0.000000e+00,0.000000e+00,0.000000e+00
1.000000e+00,0.000000e+00,0.000000e+00,0.000000e+00,0.000000e+00,0.000000e+00,0.000000e+00,0.000000e+00,0.000000e+00,0.000000e+00,0.000000e+00,0.000000e+00,0.000000e+00,0.000000e+00,0.000000e+00
1.000000e+00,0.000000e+00,0.000000e+00,0.000000e+00,0.000000e+00,0.000000e+00,0.000000e+00,0.000000e+00,0.000000e+00,0.000000e+00,0.000000e+00,0.000000e+00,0.000000e+00,0.000000e+00,0.000000e+00
1.000000e+00,0.000000e+00,0.000000e+00,0.000000e+00,0.000000e+00,0.000000e+00,0.000000e+00,0.000000e+00,0.000000e+00,0.000000e+00,0.000000e+00,0.000000e+00,0.000000e+00,0.000000e+00,0.000000e+00
1.000000e+00,0.000000e+00,0.000000e+00,0.000000e+00,0.000000e+00,0.000000e+00,0.000000e+00,0.000000e+00,0.000000e+00,0.000000e+00,0.000000e+00,0.000000e+00,0.000000e+00,0.000000e+00,0.000000e+00
1.000000e+00,0.000000e+00,0.000000e+00,0.000000e+00,0.000000e+00,0.000000e+00,0.000000e+00,0.000000e+00,0.000000e+00,0.000000e+00,0.000000e+00,0.000000e+00,0.000000e+00,0.000000e+00,0.000000e+00
1.000000e+00,0.000000e+00,0.000000e+00,0.000000e+00,0.000000e+00,0.000000e+00,0.000000e+00,0.000000e+00,0.000000e+00,0.000000e+00,0.000000e+00,0.000000e+00,0.000000e+00,0.000000e+00,0.000000e+00
1.000000e+00,0.000000e+00,0.000000e+00,0.000000e+00,0.000000e+00,0.000000e+00,0.000000e+00,0.000000e+00,0.000000e+00,0.000000e+00,0.000000e+00,0.000000e+00,0.000000e+00,0.000000e+00,0.000000e+00
1.000000e+00,0.000000e+00,0.000000e+00,0.000000e+00,0.000000e+00,0.000000e+00,0.000000e+00,0.000000e+00,0.000000e+00,0.000000e+00,0.000000e+00,0.000000e+00,0.000000e+00,0.000000e+00,0.000000e+00
1.000000e+00,0.000000e+00,0.000000e+00,0.000000e+00,0.000000e+00,0.000000e+00,0.000000e+00,0.000000e+00,0.000000e+00,0.000000e+00,0.000000e+00,0.000000e+00,0.000000e+00,0.000000e+00,0.000000e+00
1.000000e+00,0.000000e+00,0.000000e+00,0.000000e+00,0.000000e+00,0.000000e+00,0.000000e+00,0.000000e+00,0.000000e+00,0.000000e+00,0.000000e+00,0.000000e+00,0.000000e+00,0.000000e+00,0.000000e+00
1.000000e+00,0.000000e+00,0.000000e+00,0.000000e+00,0.000000e+00,0.000000e+00,0.000000e+00,0.000000e+00,0.000000e+00,0.000000e+00,0.000000e+00,0.000000e+00,0.000000e+00,0.000000e+00,0.000000e+00
1.000000e+00,0.000000e+00,0.000000e+00,0.000000e+00,0.000000e+00,0.000000e+00,0.000000e+00,0.000000e+00,0.000000e+00,0.000000e+00,0.000000e+00,0.000000e+00,0.000000e+00,0.000000e+00,0.000000e+00
1.000000e+00,0.000000e+00,0.000000e+00,0.000000e+00,0.000000e+00,0.000000e+00,0.000000e+00,0.000000e+00,0.000000e+00,0.000000e+00,0.000000e+00,0.000000e+00,0.000000e+00,0.000000e+00,0.000000e+00
1.000000e+00,0.000000e+00,0.000000e+00,0.000000e+00,0.000000e+00,0.000000e+00,0.000000e+00,0.000000e+00,0.000000e+00,0.000000e+00,0.000000e+00,0.000000e+00,0.000000e+00,0.000000e+00,0.000000e+00
1.000000e+00,0.000000e+00,0.000000e+00,0.000000e+00,0.000000e+00,0.000000e+00,0.000000e+00,0.000000e+00,0.000000e+00,0.000000e+00,0.000000e+00,0.000000e+00,0.000000e+00,0.000000e+00,0.000000e+00
1.000000e+00,0.000000e+00,0.000000e+00,0.000000e+00,0.000000e+00,0.000000e+00,0.000000e+00,0.000000e+00,0.000000e+00,0.000000e+00,0.000000e+00,0.000000e+00,0.000000e+00,0.000000e+00,0.000000e+00
1.000000e+00,0.000000e+00,0.000000e+00,0.000000e+00,0.000000e+00,0.000000e+00,0.000000e+00,0.000000e+00,0.000000e+00,0.000000e+00,0.000000e+00,0.000000e+00,0.000000e+00,0.000000e+00,0.000000e+00
1.000000e+00,0.000000e+00,0.000000e+00,0.000000e+00,0.000000e+00,0.000000e+00,0.000000e+00,0.000000e+00,0.000000e+00,0.000000e+00,0.000000e+00,0.000000e+00,0.000000e+00,0.000000e+00,0.000000e+00
1.000000e+00,0.000000e+00,0.000000e+00,0.000000e+00,0.000000e+00,0.000000e+00,0.000000e+00,0.000000e+00,0.000000e+00,0.000000e+00,0.000000e+00,0.000000e+00,0.000000e+00,0.000000e+00,0.000000e+00
1.000000e+00,0.000000e+00,0.000000e+00,0.000000e+00,0.000000e+00,0.000000e+00,0.000000e+00,0.000000e+00,0.000000e+00,0.000000e+00,0.000000e+00,0.000000e+00,0.000000e+00,0.000000e+00,0.000000e+00
1.000000e+00,0.000000e+00,0.000000e+00,0.000000e+00,0.000000e+00,0.000000e+00,0.000000e+00,0.000000e+00,0.000000e+00,0.000000e+00,0.000000e+00,0.000000e+00,0.000000e+00,0.000000e+00,0.000000e+00
1.000000e+00,0.000000e+00,0.000000e+00,0.000000e+00,0.000000e+00,0.000000e+00,0.000000e+00,0.000000e+00,0.000000e+00,0.000000e+00,0.000000e+00,0.000000e+00,0.000000e+00,0.000000e+00,0.000000e+00
1.000000e+00,0.000000e+00,0.000000e+00,0.000000e+00,0.000000e+00,0.000000e+00,0.000000e+00,0.000000e+00,0.000000e+00,0.000000e+00,0.000000e+00,0.000000e+00,0.000000e+00,0.000000e+00,0.000000e+00
1.000000e+00,0.000000e+00,0.000000e+00,0.000000e+00,0.000000e+00,0.000000e+00,0.000000e+00,0.000000e+00,0.000000e+00,0.000000e+00,0.000000e+00,0.000000e+00,0.000000e+00,0.000000e+00,0.000000e+00
1.000000e+00,0.000000e+00,0.000000e+00,0.000000e+00,0.000000e+00,0.000000e+00,0.000000e+00,0.000000e+00,0.000000e+00,0.000000e+00,0.000000e+00,0.000000e+00,0.000000e+00,0.000000e+00,0.000000e+00
1.000000e+00,0.000000e+00,0.000000e+00,0.000000e+00,0.000000e+00,0.000000e+00,0.000000e+00,0.000000e+00,0.000000e+00,0.000000e+00,0.000000e+00,0.000000e+00,0.000000e+00,0.000000e+00,0.000000e+00
1.000000e+00,0.000000e+00,0.000000e+00,0.000000e+00,0.000000e+00,0.000000e+00,0.000000e+00,0.000000e+00,0.000000e+00,0.000000e+00,0.000000e+00,0.000000e+00,0.000000e+00,0.000000e+00,0.000000e+00
1.000000e+00,0.000000e+00,0.000000e+00,0.000000e+00,0.000000e+00,0.000000e+00,0.000000e+00,0.000000e+00,0.000000e+00,0.000000e+00,0.000000e+00,0.000000e+00,0.000000e+00,0.000000e+00,0.000000e+00
1.000000e+00,0.000000e+00,0.000000e+00,0.000000e+00,0.000000e+00,0.000000e+00,0.000000e+00,0.000000e+00,0.000000e+00,0.000000e+00,0.000000e+00,0.000000e+00,0.000000e+00,0.000000e+00,0.000000e+00
4.522614e-01,2.664471e-02,8.633366e-03,8.947382e-02,3.111409e-03,1.250072e-02,2.307746e-03,5.598100e-03,9.878555e-02,5.521224e-03,1.690714e-02,1.822530e-02,1.930928e-02,1.350037e-02,2.272199e-01
3.208863e-01,2.010009e-02,6.538050e-03,6.476240e-02,2.409836e-03,9.450150e-03,1.787310e-03,4.005746e-03,8.416713e-02,5.850391e-03,1.889631e-02,1.498233e-02,1.447737e-02,2.837805e-02,4.033086e-01
2.259170e-01,1.575560e-02,6.138909e-03,4.563751e-02,1.817424e-03,7.515006e-03,1.416451e-03,2.937086e-03,7.586821e-02,5.344080e-03,5.974253e-02,1.212686e-02,1.073373e-02,9.336153e-02,4.356881e-01
1.597871e-01,1.130381e-02,4.364795e-03,3.254342e-02,2.088194e-03,8.290661e-03,1.326367e-03,2.318542e-03,5.782325e-02,3.965303e-03,2.794084e-01,1.708592e-02,8.356503e-03,9.179091e-02,3.195469e-01
1.129513e-01,7.992581e-03,3.095637e-03,2.299222e-02,1.736849e-03,1.117478e-02,1.166987e-03,1.832458e-03,4.256088e-02,2.875247e-03,4.176471e-01,1.530254e-02,6.599818e-03,1.187854e-01,2.332862e-01
7.923286e-02,5.644858e-03,2.188950e-03,1.614423e-02,1.491359e-03,9.298054e-03,8.808461e-04,1.318372e-03,3.574636e-02,2.133429e-03,3.969381e-01,1.241920e-02,4.894524e-03,2.677611e-01,1.639079e-01
5.566118e-02,4.101821e-03,1.584138e-03,1.137293e-02,1.731024e-03,8.495012e-03,6.996304e-04,9.508370e-04,3.177436e-02,1.690867e-03,3.972856e-01,9.837496e-03,4.020080e-03,3.552566e-01,1.155386e-01
3.912576e-02,2.895680e-03,1.132505e-03,8.048759e-03,1.378853e-03,6.955613e-03,5.135492e-04,6.816224e-04,2.502571e-02,1.417228e-03,4.071330e-01,9.548836e-03,3.040370e-03,4.117877e-01,8.131488e-02
2.743636e-02,2.078129e-03,8.223238e-04,5.705743e-03,1.282711e-03,5.079531e-03,3.800255e-04,4.866722e-04,2.177324e-02,1.159177e-03,4.465964e-01,1.116943e-02,2.179192e-03,4.166785e-01,5.717264e-02
1.925570e-02,1.604114e-03,6.515064e-04,4.033766e-03,1.220537e-03,3.819194e-03,2.836017e-04,3.482267e-04,1.714191e-02,1.174773e-03,4.632810e-01,1.300973e-02,1.668271e-03,4.321345e-01,4.037312e-02
1.353358e-02,1.367786e-03,8.157038e-04,2.978229e-03,1.733941e-03,3.901718e-03,3.753236e-04,3.102296e-04,1.565632e-02,1.665295e-03,4.644551e-01,1.351703e-02,1.380356e-03,4.497454e-01,2.856394e-02
9.516607e-03,1.145340e-03,8.274885e-04,2.149601e-03,1.727620e-03,3.341306e-03,3.130575e-04,2.340532e-04,1.285142e-02,1.847292e-03,4.649445e-01,1.298287e-02,1.156499e-03,4.667092e-01,2.025316e-02
6.721012e-03,1.966531e-03,1.282816e-03,1.968538e-03,1.980330e-03,4.522158e-03,3.039456e-04,1.821009e-04,1.459175e-02,3.086880e-03,4.806795e-01,1.219354e-02,9.787964e-04,4.537311e-01,1.581088e-02
4.789035e-03,2.070593e-03,1.507394e-03,2.664097e-03,2.184286e-03,6.538666e-03,4.492390e-04,2.116848e-04,1.966649e-02,7.229596e-03,4.680180e-01,1.128513e-02,1.287237e-03,4.581978e-01,1.390067e-02
3.467594e-03,3.040205e-03,1.388401e-03,6.591335e-03,5.802874e-03,1.660156e-02,1.127049e-03,5.579367e-04,2.280961e-02,1.084532e-02,4.676300e-01,9.090172e-03,1.857390e-03,4.375189e-01,1.167158e-02
2.650652e-03,1.345118e-02,3.189724e-03,5.252984e-03,5.418690e-03,1.546086e-02,1.147110e-03,5.338185e-04,1.986447e-02,4.563789e-02,4.355188e-01,7.897428e-03,1.741636e-03,4.133482e-01,2.888650e-02
2.551604e-03,1.287975e-02,2.109315e-02,6.995308e-03,7.381867e-03,1.937873e-02,2.724269e-03,5.259248e-03,1.730181e-02,4.277376e-02,3.938890e-01,7.318406e-03,2.990731e-03,4.300862e-01,2.737623e-02
2.151624e-03,1.020952e-02,1.551903e-02,2.585894e-02,7.768359e-03,2.442352e-02,3.168686e-03,4.584902e-03,1.977580e-02,4.215109e-02,4.258641e-01,7.796041e-03,7.576149e-03,3.551527e-01,4.799962e-02
3.320226e-03,1.447769e-02,1.426526e-02,3.194069e-02,1.446157e-02,3.568169e-02,3.041172e-03,6.639519e-03,4.337887e-02,3.950783e-02,3.424127e-01,8.633712e-03,1.979109e-02,3.022814e-01,1.201667e-01
7.685323e-03,1.255320e-02,1.670290e-02,2.535559e-02,1.900983e-02,3.703473e-02,3.584591e-03,6.607243e-02,6.419740e-02,3.637686e-02,2.696116e-01,2.792810e-02,5.284090e-02,2.379807e-01,1.230659e-01
9.840474e-03,1.124190e-02,2.770616e-02,2.077418e-02,2.532481e-02,8.154918e-02,4.386749e-03,5.957408e-02,1.243476e-01,4.628418e-02,2.026318e-01,2.635717e-02,5.072122e-02,1.737525e-01,1.355080e-01
1.123314e-02,1.023313e-02,3.245721e-02,1.966494e-02,2.080898e-02,6.781767e-02,3.397388e-03,5.009441e-02,2.128724e-01,4.742785e-02,1.468826e-01,2.552659e-02,4.931048e-02,1.231720e-01,1.791012e-01
2.973434e-02,1.626878e-02,2.646647e-02,1.860796e-02,2.962847e-02,7.493332e-02,3.230135e-03,5.553622e-02,2.290565e-01,4.019073e-02,1.253347e-01,3.123132e-02,5.081556e-02,9.014527e-02,1.788202e-01
2.326526e-02,1.674880e-02,2.011566e-02,4.100929e-02,2.153842e-02,6.630597e-02,2.297794e-03,3.931167e-02,3.310999e-01,3.214373e-02,9.958849e-02,2.407832e-02,4.987275e-02,6.521155e-02,1.674124e-01
4.476751e-02,2.775958e-02,1.523067e-02,4.660933e-02,2.072643e-02,1.189635e-01,1.787885e-03,2.915742e-02,2.834832e-01,2.500595e-02,8.776440e-02,2.203171e-02,6.368053e-02,5.062033e-02,1.624116e-01
4.349172e-02,2.373410e-02,1.093561e-02,4.588260e-02,1.581616e-02,1.211270e-01,1.639189e-03,2.163565e-02,3.223373e-01,2.010581e-02,7.263555e-02,2.435879e-02,1.029499e-01,3.678453e-02,1.365661e-01
4.873420e-02,2.036305e-02,8.358836e-03,3.948313e-02,1.433764e-02,1.295113e-01,1.742317e-03,1.620695e-02,2.478639e-01,1.517422e-02,5.672041e-02,4.897045e-02,2.157623e-01,2.927626e-02,1.074952e-01
4.009846e-02,2.002638e-02,6.355980e-03,4.247186e-02,1.453343e-02,1.046306e-01,1.804220e-03,1.259356e-02,2.153967e-01,1.092348e-02,4.443166e-02,8.789041e-02,2.913652e-01,2.183759e-02,8.564055e-02
2.953848e-02,1.459459e-02,4.557373e-03,3.070118e-02,1.161080e-02,7.487667e-02,1.390262e-03,9.119708e-03,1.539165e-01,7.683118e-03,3.159664e-02,8.385329e-02,4.672340e-01,1.533351e-02,6.399389e-02
2.154488e-02,1.299497e-02,3.578226e-03,2.244244e-02,9.889951e-03,5.418821e-02,1.107302e-03,6.483170e-03,1.153776e-01,5.678004e-03,2.324226e-02,6.537306e-02,5.825079e-01,1.098140e-02,6.461070e-02
1.714266e-02,1.118757e-02,3.806202e-03,1.628249e-02,8.595339e-03,4.047150e-02,1.160422e-03,4.821416e-03,9.138185e-02,4.518319e-03,1.722718e-02,5.150129e-02,6.593881e-01,8.108442e-03,6.440733e-02
1.296770e-02,8.951316e-03,2.839235e-03,1.179202e-02,8.104186e-03,3.287320e-02,1.253360e-03,4.823485e-03,7.198235e-02,3.434051e-03,1.359124e-02,6.266079e-02,6.946164e-01,5.817608e-03,6.429314e-02
1.171613e-02,7.495564e-03,3.914322e-03,1.025164e-02,1.201328e-02,2.861862e-02,2.169398e-03,6.861285e-03,5.729217e-02,2.875090e-03,1.042435e-02,4.835157e-02,7.352174e-01,4.325300e-03,5.847390e-02
1.032718e-02,6.345515e-03,4.600682e-03,7.579856e-03,3.516865e-02,2.142751e-02,2.077449e-03,5.391974e-03,4.222039e-02,2.108242e-03,7.595118e-03,3.532236e-02,7.688030e-01,3.283251e-03,4.774880e-02
1.162289e-02,4.833116e-03,3.357655e-03,6.358196e-03,3.724872e-02,1.606114e-02,3.168053e-03,4.680954e-03,3.281366e-02,1.648235e-03,7.342817e-03,3.546304e-02,7.959380e-01,2.636385e-03,3.682709e-02
1.239527e-02,4.705791e-03,2.807271e-03,5.610959e-03,3.441029e-02,1.673543e-02,2.658322e-03,3.787628e-03,2.556246e-02,1.454391e-03,6.639164e-03,4.853258e-02,8.062628e-01,1.901818e-03,2.653582e-02
1.265696e-02,3.646757e-03,2.759098e-03,4.301294e-03,2.946561e-02,1.772906e-02,3.082368e-03,3.620707e-03,1.890821e-02,1.142743e-03,6.100278e-03,5.200055e-02,8.238331e-01,1.355658e-03,1.939761e-02
2.410097e-02,2.881910e-03,3.156430e-03,3.218386e-03,2.966693e-02,2.589357e-02,2.518098e-03,3.527473e-03,1.397832e-02,8.954033e-04,6.264255e-03,4.074193e-02,8.282984e-01,1.228785e-03,1.362912e-02
2.583883e-02,2.157769e-03,2.620902e-03,2.399483e-03,2.613911e-02,2.589009e-02,2.011276e-03,2.783242e-03,1.027979e-02,6.549006e-04,5.852027e-03,3.162258e-02,8.507606e-01,1.276989e-03,9.712365e-03
2.509900e-02,1.641612e-03,1.946929e-03,1.777711e-03,2.135444e-02,2.140135e-02,1.510510e-03,2.044500e-03,8.026195e-03,4.897091e-04,4.927277e-03,2.641629e-02,8.750334e-01,1.174154e-03,7.156880e-03
3.052364e-02,1.542633e-03,1.616058e-03,1.371801e-03,1.687414e-02,1.932928e-02,1.854908e-03,1.832690e-03,7.871419e-03,4.224889e-04,4.082145e-03,3.886152e-02,8.676727e-01,9.115589e-04,5.233033e-03
3.508315e-02,1.606104e-03,1.199901e-03,1.085464e-03,1.491571e-02,1.922064e-02,1.552828e-03,1.529875e-03,9.904472e-03,3.671571e-04,3.537169e-03,7.686266e-02,8.283861e-01,8.249909e-04,3.923760e-03
5.259222e-02,5.304635e-03,1.707310e-03,1.664068e-03,1.273864e-02,5.235599e-02,2.848783e-03,3.070286e-03,3.252876e-02,1.894679e-03,4.328396e-03,1.084712e-01,7.130142e-01,2.000232e-03,5.480479e-03
5.018616e-02,4.503365e-03,1.546601e-03,1.374149e-03,1.082675e-02,4.511734e-02,4.644372e-03,5.997377e-03,2.932512e-02,1.618657e-03,3.589791e-03,1.863131e-01,6.458699e-01,4.875157e-03,4.212180e-03
5.044398e-02,3.494926e-03,1.544037e-03,1.087305e-03,8.867271e-03,4.365784e-02,5.720144e-03,1.074179e-02,2.494175e-02,1.497152e-03,2.821402e-03,2.286983e-01,6.064411e-01,6.771140e-03,3.271938e-03
5.481961e-02,2.635677e-03,1.523422e-03,8.287331e-04,7.296361e-03,4.759062e-02,1.174573e-02,5.214436e-02,2.119589e-02,1.265342e-03,2.041763e-03,2.284915e-01,5.595723e-01,6.181709e-03,2.667008e-03
5.732311e-02,1.980996e-03,1.232358e-03,6.107712e-04,5.829356e-03,4.483543e-02,2.430536e-02,4.346604e-02,1.660653e-02,9.935170e-04,1.526467e-03,2.357528e-01,5.581040e-01,5.147788e-03,2.285511e-03
8.585759e-02,2.367263e-03,1.256809e-03,4.961154e-04,4.948886e-03,3.986099e-02,2.397422e-02,3.468783e-02,1.614164e-02,7.467570e-04,1.102929e-03,1.797899e-01,6.031401e-01,3.771164e-03,1.857780e-03
1.191364e-01,2.291006e-03,1.931898e-03,4.110127e-04,5.030318e-03,4.345785e-02,6.026284e-02,4.810614e-02,1.463435e-02,5.840551e-04,8.312315e-04,1.518503e-01,5.472459e-01,2.818740e-03,1.408107e-03
1.618087e-01,3.046511e-03,2.336374e-03,3.965492e-04,5.799951e-03,4.560149e-02,6.511750e-02,5.167171e-02,1.963238e-02,4.931965e-04,7.182438e-04,1.345407e-01,5.052943e-01,2.303182e-03,1.239233e-03
1.718735e-01,3.180165e-03,3.045546e-03,5.569191e-04,6.733270e-03,3.685036e-02,7.134739e-02,1.134777e-01,1.885237e-02,4.109836e-04,6.249648e-04,1.029230e-01,4.671705e-01,1.683981e-03,1.269365e-03
1.655260e-01,3.161972e-03,1.209343e-02,1.278692e-03,6.154230e-03,4.078462e-02,1.388159e-01,1.480485e-01,1.722849e-02,4.270642e-04,5.902036e-04,7.400146e-02,3.891300e-01,1.266740e-03,1.492762e-03
1.321522e-01,2.642258e-03,1.692248e-02,1.410238e-03,4.574386e-03,4.214052e-02,2.873119e-01,1.472820e-01,1.398957e-02,3.435127e-04,4.694551e-04,5.237864e-02,2.961029e-01,9.108426e-04,1.369147e-03
1.029840e-01,2.037199e-03,1.634747e-02,1.584314e-03,3.707020e-03,4.481905e-02,4.201306e-01,1.418058e-01,1.062576e-02,2.749578e-04,3.960065e-04,3.717673e-02,2.158201e-01,6.536916e-04,1.637355e-03
8.472527e-02,1.569304e-03,1.743051e-02,2.609866e-03,2.985626e-03,3.649602e-02,5.004113e-01,1.544457e-01,7.942426e-03,2.210059e-04,3.256878e-04,2.641510e-02,1.612973e-01,4.899531e-04,2.634898e-03
7.462868e-02,1.377756e-03,1.548744e-02,2.804094e-03,2.830362e-03,2.938207e-02,4.524257e-01,2.663479e-01,6.467574e-03,1.991666e-04,4.721280e-04,1.935029e-02,1.256026e-01,3.653952e-04,2.258862e-03
8.401109e-02,1.327934e-03,1.715401e-02,3.417343e-03,3.059790e-03,2.957166e-02,4.269920e-01,3.065445e-01,5.550559e-03,2.251516e-04,9.365450e-04,1.484626e-02,1.033135e-01,3.155224e-04,2.734175e-03
1.077632e-01,1.764052e-03,1.678681e-02,3.506181e-03,5.109238e-03,2.807898e-02,3.590991e-01,3.782209e-01,4.695205e-03,5.573665e-04,2.014710e-03,1.260730e-02,7.509962e-02,3.596684e-04,4.337629e-03
1.334882e-01,2.332308e-03,1.488371e-02,3.858428e-03,6.155207e-03,2.762316e-02,2.908388e-01,4.366287e-01,4.326856e-03,1.470880e-03,3.440222e-03,1.103642e-02,5.525945e-02,5.176468e-04,8.140018e-03
1.668724e-01,2.862188e-03,1.379987e-02,6.291649e-03,7.703701e-03,2.748759e-02,2.288863e-01,4.691846e-01,3.914890e-03,2.887384e-03,4.655061e-03,1.066936e-02,4.280816e-02,7.914468e-04,1.118539e-02
2.221763e-01,4.117481e-03,1.545198e-02,1.122874e-02,9.819916e-03,2.622234e-02,1.792886e-01,4.402331e-01,5.109484e-03,4.690795e-03,7.951088e-03,1.685864e-02,3.539675e-02,2.173664e-03,1.928100e-02
2.878441e-01,4.905689e-03,1.653171e-02,1.270803e-02,1.190280e-02,2.347119e-02,1.462105e-01,4.057991e-01,5.905358e-03,6.076019e-03,8.375283e-03,1.796865e-02,2.893486e-02,2.589630e-03,2.077705e-02
3.777919e-01,5.920076e-03,1.515359e-02,1.295994e-02,1.129068e-02,2.095647e-02,1.093040e-01,3.590904e-01,5.934219e-03,5.779883e-03,8.307852e-03,1.962252e-02,2.536709e-02,2.973765e-03,1.954746e-02
4.373915e-01,9.094238e-03,1.273769e-02,1.962909e-02,9.962485e-03,2.800900e-02,8.397204e-02,2.670791e-01,7.343347e-03,5.357257e-03,9.604706e-03,3.647239e-02,3.852506e-02,4.134742e-03,3.068727e-02
4.288772e-01,1.528313e-02,1.315973e-02,3.254927e-02,1.084321e-02,4.143704e-02,6.380052e-02,1.920791e-01,1.430002e-02,5.479876e-03,8.995301e-03,4.979766e-02,6.648622e-02,5.148783e-03,5.176282e-02
3.513378e-01,1.461168e-02,1.082236e-02,3.272157e-02,9.152791e-03,5.433143e-02,4.613265e-02,1.365413e-01,2.159482e-02,4.909590e-03,8.431271e-03,4.863629e-02,1.969810e-01,5.622439e-03,5.817298e-02
3.293777e-01,1.289275e-02,9.543923e-03,3.024494e-02,8.536669e-03,6.143972e-02,3.452422e-02,9.866843e-02,2.660049e-02,4.262450e-03,7.245038e-03,3.844117e-02,2.786248e-01,4.877640e-03,5.472006e-02
3.166847e-01,1.248214e-02,7.113219e-03,2.422170e-02,3.658717e-02,4.770499e-02,3.065357e-02,7.096448e-02,5.366410e-02,3.590667e-03,8.171236e-03,3.057009e-02,2.923975e-01,3.743134e-03,6.145131e-02
4.293886e-01,1.183625e-02,6.009065e-03,2.124670e-02,4.154600e-02,4.065061e-02,2.319369e-02,5.045419e-02,4.723413e-02,3.068919e-03,6.544162e-03,2.474321e-02,2.410256e-01,2.883393e-03,5.017536e-02
4.599174e-01,1.041847e-02,5.275346e-03,1.770539e-02,4.476516e-02,3.832823e-02,1.779478e-02,3.600091e-02,3.824129e-02,2.352777e-03,6.889411e-03,2.559914e-02,2.514756e-01,2.292727e-03,4.294322e-02
3.752278e-01,8.425105e-03,4.468279e-03,1.472983e-02,5.197818e-02,3.229194e-02,1.455525e-02,2.725373e-02,4.046692e-02,2.088560e-03,1.074691e-02,3.574782e-02,3.487110e-01,1.901782e-03,3.140682e-02
2.691084e-01,6.289217e-03,3.596816e-03,1.249406e-02,6.205291e-02,2.839993e-02,1.083976e-02,1.992593e-02,3.549848e-02,1.624457e-03,1.795153e-02,3.190215e-02,4.756321e-01,1.397729e-03,2.328653e-02
1.885944e-01,4.445347e-03,2.677602e-03,8.926474e-03,4.598194e-02,2.090352e-02,7.738174e-03,1.429488e-02,2.703507e-02,1.252292e-03,1.648575e-02,2.775379e-02,6.136010e-01,1.002942e-03,1.930680e-02
1.324796e-01,3.221405e-03,2.094725e-03,6.306020e-03,3.529989e-02,1.582513e-02,5.815216e-03,1.020376e-02,2.141920e-02,1.024368e-03,1.543725e-02,2.241450e-02,7.048055e-01,8.334852e-04,2.281984e-02
9.321111e-02,2.378573e-03,1.899196e-03,4.452782e-03,3.534143e-02,1.145615e-02,5.109307e-03,7.954380e-03,2.319026e-02,1.065480e-03,1.800004e-02,1.982178e-02,7.458417e-01,6.208734e-04,2.965682e-02
7.347462e-02,2.265490e-03,4.839364e-03,3.227384e-03,5.044029e-02,9.175286e-03,8.261317e-03,8.025235e-03,2.655751e-02,4.382505e-03,2.603820e-02,2.581638e-02,6.871195e-01,8.365518e-04,6.954031e-02
5.331510e-02,4.314511e-03,3.960111e-02,2.354033e-03,4.954370e-02,8.649753e-03,7.822509e-03,1.246669e-02,3.256323e-02,5.934639e-03,2.759601e-02,5.757815e-02,6.229995e-01,7.912590e-04,7.446976e-02
3.822845e-02,3.258167e-03,8.474529e-02,1.848403e-03,4.552880e-02,7.155361e-03,9.273828e-03,4.404502e-02,2.509263e-02,4.554197e-03,2.170731e-02,7.574663e-02,5.738919e-01,6.610566e-04,6.426293e-02
4.029036e-02,7.820790e-03,1.686577e-01,6.933866e-03,1.182682e-01,3.452140e-02,1.849816e-02,3.631034e-02,3.488995e-02,4.165280e-03,1.581401e-02,5.982554e-02,4.059962e-01,5.223284e-04,4.748579e-02
4.059124e-02,8.754015e-03,3.169497e-01,1.439477e-02,1.180651e-01,3.481890e-02,2.269324e-02,2.995101e-02,3.124226e-02,3.942382e-03,1.137344e-02,4.515878e-02,2.868394e-01,4.043233e-04,3.482140e-02
4.895644e-02,1.216676e-02,3.450662e-01,1.733617e-02,1.636333e-01,4.755613e-02,3.326311e-02,2.404555e-02,3.148173e-02,3.166371e-03,8.177893e-03,3.298466e-02,2.050702e-01,4.526734e-04,2.664290e-02
7.331146e-02,1.546580e-02,3.406953e-01,2.686601e-02,1.917542e-01,4.497468e-02,3.194016e-02,2.061520e-02,3.911413e-02,2.530162e-03,6.177673e-03,2.355807e-02,1.628842e-01,4.334015e-04,1.967962e-02
1.202750e-01,2.845931e-02,2.546618e-01,2.780153e-02,2.539140e-01,4.917899e-02,2.824669e-02,1.870803e-02,3.761039e-02,2.908465e-03,5.149241e-03,1.825073e-02,1.362443e-01,6.823909e-04,1.790906e-02
1.408363e-01,2.906678e-02,1.942127e-01,6.650411e-02,2.897254e-01,4.799820e-02,2.654094e-02,4.205856e-02,2.742105e-02,2.730981e-03,4.258022e-03,1.512762e-02,9.836266e-02,8.716125e-04,1.428503e-02
1.552762e-01,2.914205e-02,1.489226e-01,1.352943e-01,2.806492e-01,4.166428e-02,2.183540e-02,4.681776e-02,2.216179e-02,3.052083e-03,5.368019e-03,1.605644e-02,7.571881e-02,1.126483e-03,1.691456e-02
1.369933e-01,3.082793e-02,1.076695e-01,1.878442e-01,2.045742e-01,3.168621e-02,1.821258e-02,4.193324e-02,5.784906e-02,6.084243e-03,2.007493e-02,2.114251e-02,1.152524e-01,1.102250e-03,1.875343e-02
1.011596e-01,5.174138e-02,8.423537e-02,2.334443e-01,1.527541e-01,3.642672e-02,1.360780e-02,3.001596e-02,4.695068e-02,5.267177e-03,1.909071e-02,3.176707e-02,1.759870e-01,8.623235e-04,1.668982e-02
7.501087e-02,5.160217e-02,7.016891e-02,2.030400e-01,1.228639e-01,6.176110e-02,1.005110e-02,2.193981e-02,4.879223e-02,5.028088e-03,2.754125e-02,4.860188e-02,2.363823e-01,9.580081e-04,1.625841e-02
5.860837e-02,4.419324e-02,6.136968e-02,1.810047e-01,9.206779e-02,8.135922e-02,7.575137e-03,1.642122e-02,4.401354e-02,4.324742e-03,2.615789e-02,4.351629e-02,3.250697e-01,8.730320e-04,1.344539e-02
4.444306e-02,4.360138e-02,5.295615e-02,1.367590e-01,8.046594e-02,8.211669e-02,6.617024e-03,1.284965e-02,3.903050e-02,3.518546e-03,2.525769e-02,4.401865e-02,4.152125e-01,8.590840e-04,1.229408e-02
4.066864e-02,3.296783e-02,3.842351e-02,9.739907e-02,6.165066e-02,6.717698e-02,5.373431e-03,9.387513e-03,3.064816e-02,2.795480e-03,2.842693e-02,9.582390e-02,4.733176e-01,7.769153e-04,1.516331e-02
3.141288e-02,2.416523e-02,2.884668e-02,6.873443e-02,4.423782e-02,5.011163e-02,4.036470e-03,6.726348e-03,2.323917e-02,2.232819e-03,2.476732e-02,2.143632e-01,4.627806e-01,6.869315e-04,1.365849e-02
3.254499e-02,1.905848e-02,2.120094e-02,4.910604e-02,3.281169e-02,9.414767e-02,3.221197e-03,4.936033e-03,2.136300e-02,2.181453e-03,2.112718e-02,2.606771e-01,4.258858e-01,1.804493e-03,9.933895e-03
2.389639e-02,1.397172e-02,1.520269e-02,3.483155e-02,2.371022e-02,9.962775e-02,2.646813e-03,3.492707e-03,1.673022e-02,2.039569e-03,1.916532e-02,2.312320e-01,5.041536e-01,1.458681e-03,7.840754e-03
1.852565e-02,1.001776e-02,1.079308e-02,2.469059e-02,1.704009e-02,7.675401e-02,2.219974e-03,2.546185e-03,1.463882e-02,3.281018e-03,1.878174e-02,3.013700e-01,4.918323e-01,1.210213e-03,6.298584e-03
1.415773e-02,7.077330e-03,7.669475e-03,1.748780e-02,1.247400e-02,9.218097e-02,2.769696e-03,2.211563e-03,1.235155e-02,4.738531e-03,2.280046e-02,4.017487e-01,3.962323e-01,1.101713e-03,4.998035e-03
1.163319e-02,5.004554e-03,5.435591e-03,1.245631e-02,1.026436e-02,7.609504e-02,2.528172e-03,1.850559e-03,1.469970e-02,9.466922e-03,3.020057e-02,5.121027e-01,3.034422e-01,9.640162e-04,3.856059e-03
1.126808e-02,3.557805e-03,3.887447e-03,8.833108e-03,7.767120e-03,1.075314e-01,2.206643e-03,1.467924e-03,1.573850e-02,1.338475e-02,2.657985e-02,5.755801e-01,2.186046e-01,8.076435e-04,2.785128e-03
8.427540e-03,2.527091e-03,2.803480e-03,6.230787e-03,9.479181e-03,8.818325e-02,2.378053e-03,1.452584e-03,2.024163e-02,1.143107e-02,1.994158e-02,6.603962e-01,1.636177e-01,7.088286e-04,2.181037e-03
6.747350e-03,1.801192e-03,2.036636e-03,4.389754e-03,7.780496e-03,7.379785e-02,2.013416e-03,1.286512e-03,1.753483e-02,9.318683e-03,1.474053e-02,7.365751e-01,1.197126e-01,6.779158e-04,1.587233e-03
5.210686e-03,1.289843e-03,1.588407e-03,3.118465e-03,3.054396e-02,5.272756e-02,1.798677e-03,1.815557e-03,2.663424e-02,7.306877e-03,1.076926e-02,7.669761e-01,8.852407e-02,5.469447e-04,1.149375e-03
3.903299e-03,9.479353e-04,1.193755e-03,2.217152e-03,3.363748e-02,3.722496e-02,1.452143e-03,1.989769e-03,5.702231e-02,6.053875e-03,8.232283e-03,7.769723e-01,6.781081e-02,4.918007e-04,8.501713e-04
3.082752e-03,8.010036e-04,9.061656e-04,1.638947e-03,2.737886e-02,2.726934e-02,1.277243e-03,1.666586e-03,1.078804e-01,4.902165e-03,7.245515e-03,7.608385e-01,5.401444e-02,4.841486e-04,6.139076e-04
2.330806e-03,7.263389e-04,7.072798e-04,1.224776e-03,2.231821e-02,2.068027e-02,1.070962e-03,1.654951e-03,1.271554e-01,4.017662e-03,9.384520e-03,7.595829e-01,4.819400e-02,4.805809e-04,4.713435e-04
2.083784e-03,6.904692e-04,5.422101e-04,9.870100e-04,2.516394e-02,1.530954e-02,1.110309e-03,1.444099e-03,2.168203e-01,3.322008e-03,1.188674e-02,6.722828e-01,4.753134e-02,4.650978e-04,3.603635e-04
2.078685e-03,8.612535e-04,4.860738e-04,8.160776e-04,4.544292e-02,1.264511e-02,1.736812e-03,1.369427e-03,2.574486e-01,2.880146e-03,1.263332e-02,6.140503e-01,4.650800e-02,6.583711e-04,3.849262e-04
2.288430e-03,1.200175e-03,1.189836e-03,9.879910e-04,9.352259e-02,2.241306e-02,3.319832e-03,1.748042e-03,3.008676e-01,2.264789e-03,1.738027e-02,5.105097e-01,4.110545e-02,8.124789e-04,3.897279e-04
2.401407e-03,1.761973e-03,1.735791e-03,1.850986e-03,1.602809e-01,2.416155e-02,7.490104e-03,9.584606e-03,2.351340e-01,1.928384e-03,2.007446e-02,4.997264e-01,3.259359e-02,7.183269e-04,5.574992e-04
4.975013e-03,1.878333e-03,3.809165e-03,1.860195e-03,1.932102e-01,2.002918e-02,6.100683e-03,4.780772e-02,2.022945e-01,2.049735e-03,2.158861e-02,4.570745e-01,3.575886e-02,9.174880e-04,6.457740e-04
4.492280e-03,1.349365e-03,4.782794e-03,1.947858e-03,1.404640e-01,1.465666e-02,4.403473e-03,2.272473e-01,1.459393e-01,1.619713e-03,1.917668e-02,3.698287e-01,6.285425e-02,7.203641e-04,5.172354e-04
3.374152e-03,9.478981e-04,3.884129e-03,1.587259e-03,9.901479e-02,1.033496e-02,3.097950e-03,4.421250e-01,1.025545e-01,1.143611e-03,1.461185e-02,2.657112e-01,5.072745e-02,5.133761e-04,3.718089e-04
2.451714e-03,6.643514e-04,3.001726e-03,1.159462e-03,6.954522e-02,7.262871e-03,2.176139e-03,6.052566e-01,7.183512e-02,8.021959e-04,1.059579e-02,1.877031e-01,3.692316e-02,3.612857e-04,2.611686e-04
1.803712e-03,4.661725e-04,2.387107e-03,9.006644e-04,4.909198e-02,5.115338e-03,1.526807e-03,7.222313e-01,5.029380e-02,5.617351e-04,7.484398e-03,1.316274e-01,2.607292e-02,2.533234e-04,1.833294e-04
1.818700e-03,3.345461e-04,2.060429e-03,8.122684e-04,3.489847e-02,3.894526e-03,1.082524e-03,8.027275e-01,3.522722e-02,3.940637e-04,5.319781e-03,9.240796e-02,1.870434e-02,1.873907e-04,1.302080e-04
2.380387e-03,2.487949e-04,1.668978e-03,7.494100e-04,2.558503e-02,3.052183e-03,7.701913e-04,8.581773e-01,2.467795e-02,2.780340e-04,3.842324e-03,6.485967e-02,1.346467e-02,1.522041e-04,9.285016e-05
1.218196e-02,3.389523e-04,1.682844e-03,4.879193e-03,2.059880e-02,3.666498e-03,5.635149e-04,8.707672e-01,1.777206e-02,2.606793e-04,5.569700e-03,4.724894e-02,1.418792e-02,1.933204e-04,8.839314e-05
1.608864e-02,3.574108e-04,1.452391e-03,6.176180e-03,1.871577e-02,3.895623e-03,4.500564e-04,8.845901e-01,1.326133e-02,2.554257e-04,6.169085e-03,3.435635e-02,1.394239e-02,1.890971e-04,1.001458e-04
3.013143e-02,4.625852e-04,1.126886e-03,5.818910e-03,1.929413e-02,3.987913e-03,4.839962e-04,8.890339e-01,9.784045e-03,1.913742e-04,4.612874e-03,2.421916e-02,1.061628e-02,1.555663e-04,8.104184e-05
3.068288e-02,4.328431e-04,9.671596e-04,4.430654e-03,1.514240e-02,4.384610e-03,5.339078e-04,9.076580e-01,7.013332e-03,1.433578e-04,3.439154e-03,1.712193e-02,7.848726e-03,1.229070e-04,7.819918e-05
3.077353e-02,4.697549e-04,9.689755e-04,3.444625e-03,1.297937e-02,4.510755e-03,7.637368e-04,9.198840e-01,5.177032e-03,1.100072e-04,2.532664e-03,1.212073e-02,6.085532e-03,9.947502e-05,7.979702e-05
3.647800e-02,4.958189e-04,9.551286e-04,2.811360e-03,1.082140e-02,7.292819e-03,1.782230e-03,9.187519e-01,3.905614e-03,9.146351e-05,2.004824e-03,8.939192e-03,5.410249e-03,1.131974e-04,1.468584e-04
3.545991e-02,4.589879e-04,1.043509e-03,2.360357e-03,9.221150e-03,1.081858e-02,1.961614e-03,9.210229e-01,2.855746e-03,8.783707e-05,2.115749e-03,6.900579e-03,5.353882e-03,1.230156e-04,2.162161e-04
4.158899e-02,6.412201e-04,9.016033e-04,2.005623e-03,7.190017e-03,9.450353e-03,2.076089e-03,7.699010e-01,2.492977e-03,5.751931e-04,1.174604e-02,1.681049e-02,1.313655e-01,8.097597e-04,2.445127e-03
3.440871e-02,6.752781e-04,7.082996e-04,1.831787e-03,5.210933e-03,8.410899e-03,1.839214e-03,5.575121e-01,2.510952e-03,1.576074e-03,2.057926e-02,1.076586e-01,2.520406e-01,2.319979e-03,2.717263e-03
2.478777e-02,5.514419e-04,5.368079e-04,1.501159e-03,4.215076e-03,7.698597e-03,2.098639e-03,4.076938e-01,2.396946e-03,3.970267e-03,2.341836e-02,2.814361e-01,2.318557e-01,5.488848e-03,2.350404e-03
1.775054e-02,4.158159e-04,4.432967e-04,1.148177e-03,3.327079e-03,7.438767e-03,2.979787e-03,2.903625e-01,2.467799e-03,4.416162e-03,2.235693e-02,4.569055e-01,1.819604e-01,6.269696e-03,1.757670e-03
1.266203e-02,3.382374e-04,3.786147e-04,8.672274e-04,2.817062e-03,6.439618e-03,2.363896e-03,2.053196e-01,2.639539e-03,3.751879e-03,2.464371e-02,5.926592e-01,1.385279e-01,5.270919e-03,1.320564e-03
9.158822e-03,3.674135e-04,4.849540e-04,1.046672e-03,3.006659e-03,1.002512e-02,1.804407e-03,1.443731e-01,4.140917e-03,3.882742e-03,3.412508e-02,6.808097e-01,1.005307e-01,4.865527e-03,1.378180e-03
6.695066e-03,5.503013e-04,4.257340e-04,8.052498e-04,3.174521e-03,7.872310e-03,1.380317e-03,1.013314e-01,3.821447e-03,4.608272e-03,5.894503e-02,7.338551e-01,7.089564e-02,4.524668e-03,1.115009e-03
5.327765e-03,1.252792e-03,8.352482e-04,6.601283e-04,5.433443e-03,5.979542e-03,1.160614e-03,7.112657e-02,4.924427e-03,6.597945e-03,7.795712e-02,7.618641e-01,5.056884e-02,5.367767e-03,9.437157e-04
3.891980e-03,1.057066e-03,7.946160e-04,6.888220e-04,9.956768e-03,4.525790e-03,9.254636e-04,4.991854e-02,4.717264e-03,6.876213e-03,1.027421e-01,7.720411e-01,3.624317e-02,4.894108e-03,7.269821e-04
2.887908e-03,1.949756e-03,1.383271e-03,5.870115e-04,1.671151e-02,3.346256e-03,7.083733e-04,3.499460e-02,6.809067e-03,5.710783e-03,1.033720e-01,7.902197e-01,2.592002e-02,4.804460e-03,5.953020e-04
2.516487e-03,1.408613e-03,1.069750e-03,4.850973e-04,1.442352e-02,2.654475e-03,5.602574e-04,2.452680e-02,5.405193e-03,5.492456e-03,1.021974e-01,8.163873e-01,1.848429e-02,3.945017e-03,4.433399e-04
1.872936e-03,1.179352e-03,9.539491e-04,4.987102e-04,2.748274e-02,2.049959e-03,6.828788e-04,1.718955e-02,5.588589e-03,4.185295e-03,1.721344e-01,7.489709e-01,1.339374e-02,3.434377e-03,3.825914e-04
1.781786e-03,2.676245e-03,2.536348e-03,4.973123e-04,1.032690e-01,3.974313e-03,1.502284e-03,1.226160e-02,1.197362e-02,3.337593e-03,1.526438e-01,6.897362e-01,9.889520e-03,3.441864e-03,4.785466e-04
1.825749e-03,4.171302e-03,6.403946e-03,1.231430e-03,1.560534e-01,4.918044e-03,2.356093e-03,3.380352e-02,4.474944e-02,2.694237e-03,1.206495e-01,6.089472e-01,7.355745e-03,4.126749e-03,7.137190e-04
2.067079e-03,3.562029e-03,5.819019e-03,2.104204e-03,1.499279e-01,5.799922e-03,2.477417e-03,6.537952e-02,5.881281e-02,2.181933e-03,9.931362e-02,5.909840e-01,5.892647e-03,5.003144e-03,6.747883e-04
2.808201e-03,4.650349e-03,7.786872e-03,4.390547e-03,1.552636e-01,7.115478e-03,2.441589e-03,8.356157e-02,9.216900e-02,2.076759e-03,8.787679e-02,5.383689e-01,5.106491e-03,5.058961e-03,1.324826e-03
3.913733e-03,3.641841e-03,9.970350e-03,2.628123e-02,1.463947e-01,6.633563e-03,2.014278e-03,1.530482e-01,9.325139e-02,2.783583e-03,7.462577e-02,4.645806e-01,5.736941e-03,5.652268e-03,1.471651e-03
8.518385e-03,3.411436e-03,1.549028e-02,2.713212e-02,1.281510e-01,5.741548e-03,1.563490e-03,2.300587e-01,1.119189e-01,3.283887e-03,7.363962e-02,3.771085e-01,7.876181e-03,4.732614e-03,1.373322e-03
1.021806e-02,6.522513e-03,1.501537e-02,2.779519e-02,1.129258e-01,6.254971e-03,1.219986e-03,2.666016e-01,1.932797e-01,5.508064e-03,6.174694e-02,2.790038e-01,7.596065e-03,4.004030e-03,2.307947e-03
8.619668e-03,6.178992e-03,1.196025e-02,2.258792e-02,8.854386e-02,5.446265e-03,9.138089e-04,3.837211e-01,2.103279e-01,5.431590e-03,4.637010e-02,1.989816e-01,5.915676e-03,3.031329e-03,1.970045e-03
