1.000000e+00,0.000000e+00,0.000000e+00,0.000000e+00,0.000000e+00,0.000000e+00,0.000000e+00,0.000000e+00,0.000000e+00,0.000000e+00,0.000000e+00,0.000000e+00,0.000000e+00,0.000000e+00,0.000000e+00
1.000000e+00,0.000000e+00,0.000000e+00,0.000000e+00,0.000000e+00,0.000000e+00,0.000000e+00,0.000000e+00,0.000000e+00,0.000000e+00,0.000000e+00,0.000000e+00,0.000000e+00,0.000000e+00,0.000000e+00
1.000000e+00,0.000000e+00,0.000000e+00,0.000000e+00,0.000000e+00,0.000000e+00,0.000000e+00,0.000000e+00,0.000000e+00,0.000000e+00,0.000000e+00,0.000000e+00,0.000000e+00,0.000000e+00,0.000000e+00
1.000000e+00,0.000000e+00,0.000000e+00,0.000000e+00,0.000000e+00,0.000000e+00,0.000000e+00,0.000000e+00,0.000000e+00,0.000000e+00,0.000000e+00,0.000000e+00,0.000000e+00,0.000000e+00,0.000000e+00
1.000000e+00,0.000000e+00,0.000000e+00,0.000000e+00,0.000000e+00,0.000000e+00,0.000000e+00,0.000000e+00,0.000000e+00,0.000000e+00,0.000000e+00,0.000000e+00,0.000000e+00,0.000000e+00,0.000000e+00
1.000000e+00,0.000000e+00,0.000000e+00,0.000000e+00,0.000000e+00,0.000000e+00,0.000000e+00,0.000000e+00,0.000000e+00,0.000000e+00,0.000000e+00,0.000000e+00,0.000000e+00,0.000000e+00,0.000000e+00
1.000000e+00,0.000000e+00,0.000000e+00,0.000000e+00,0.000000e+00,0.000000e+00,0.000000e+00,0.000000e+00,0.000000e+00,0.000000e+00,0.000000e+00,0.000000e+00,0.000000e+00,0.000000e+00,0.000000e+00
1.000000e+00,0.000000e+00,0.000000e+00,0.000000e+00,0.000000e+00,0.000000e+00,0.000000e+00,0.000000e+00,0.000000e+00,0.000000e+00,0.000000e+00,0.000000e+00,0.000000e+00,0.000000e+00,0.000000e+00
1.000000e+00,0.000000e+00,0.000000e+00,0.000000e+00,0.000000e+00,0.000000e+00,0.000000e+00,0.000000e+00,0.000000e+00,0.000000e+00,0.000000e+00,0.000000e+00,0.000000e+00,0.000000e+00,0.000000e+00
1.000000e+00,0.000000e+00,0.000000e+00,0.000000e+00,0.000000e+00,0.000000e+00,0.000000e+00,0.000000e+00,0.000000e+00,0.000000e+00,0.000000e+00,0.000000e+00,0.000000e+00,0.000000e+00,0.000000e+00
1.000000e+00,0.000000e+00,0.000000e+00,0.000000e+00,0.000000e+00,0.000000e+00,0.000000e+00,0.000000e+00,0.000000e+00,0.000000e+00,0.000000e+00,0.000000e+00,0.000000e+00,0.000000e+00,0.000000e+00
1.000000e+00,0.000000e+00,0.000000e+00,0.000000e+00,0.000000e+00,0.000000e+00,0.000000e+00,0.000000e+00,0.000000e+00,0.000000e+00,0.000000e+00,0.000000e+00,0.000000e+00,0.000000e+00,0.000000e+00
1.000000e+00,0.000000e+00,0.000000e+00,0.000000e+00,0.000000e+00,0.000000e+00,0.000000e+00,0.000000e+00,0.000000e+00,0.000000e+00,0.000000e+00,0.000000e+00,0.000000e+00,0.000000e+00,0.000000e+00
1.000000e+00,0.000000e+00,0.000000e+00,0.000000e+00,0.000000e+00,0.000000e+00,0.000000e+00,0.000000e+00,0.000000e+00,0.000000e+00,0.000000e+00,0.000000e+00,0.000000e+00,0.000000e+00,0.000000e+00
1.000000e+00,0.000000e+00,0.000000e+00,0.000000e+00,0.000000e+00,0.000000e+00,0.000000e+00,0.000000e+00,0.000000e+00,0.000000e+00,0.000000e+00,0.000000e+00,0.000000e+00,0.000000e+00,0.000000e+00
1.000000e+00,0.000000e+00,0.000000e+00,0.000000e+00,0.000000e+00,0.000000e+00,0.000000e+00,0.000000e+00,0.000000e+00,0.000000e+00,0.000000e+00,0.000000e+00,0.000000e+00,0.000000e+00,0.000000e+00
1.000000e+00,0.000000e+00,0.000000e+00,0.000000e+00,0.000000e+00,0.000000e+00,0.000000e+00,0.000000e+00,0.000000e+00,0.000000e+00,0.000000e+00,0.000000e+00,0.000000e+00,0.000000e+00,0.000000e+00
1.000000e+00,0.000000e+00,0.000000e+00,0.000000e+00,0.000000e+00,0.000000e+00,0.000000e+00,0.000000e+00,0.000000e+00,0.000000e+00,0.000000e+00,0.000000e+00,0.000000e+00,0.000000e+00,0.000000e+00
1.000000e+00,0.000000e+00,0.000000e+00,0.000000e+00,0.000000e+00,0.000000e+00,0.000000e+00,0.000000e+00,0.000000e+00,0.000000e+00,0.000000e+00,0.000000e+00,0.000000e+00,0.000000e+00,0.000000e+00
1.000000e+00,0.000000e+00,0.000000e+00,0.000000e+00,0.000000e+00,0.000000e+00,0.000000e+00,0.000000e+00,0.000000e+00,0.000000e+00,0.000000e+00,0.000000e+00,0.000000e+00,0.000000e+00,0.000000e+00
1.000000e+00,0.000000e+00,0.000000e+00,0.000000e+00,0.000000e+00,0.000000e+00,0.000000e+00,0.000000e+00,0.000000e+00,0.000000e+00,0.000000e+00,0.000000e+00,0.000000e+00,0.000000e+00,0.000000e+00
1.000000e+00,0.000000e+00,0.000000e+00,0.000000e+00,0.000000e+00,0.000000e+00,0.000000e+00,0.000000e+00,0.000000e+00,0.000000e+00,0.000000e+00,0.000000e+00,0.000000e+00,0.000000e+00,0.000000e+00
1.000000e+00,0.000000e+00,0.000000e+00,0.000000e+00,0.000000e+00,0.000000e+00,0.000000e+00,0.000000e+00,0.000000e+00,0.000000e+00,0.000000e+00,0.000000e+00,0.000000e+00,0.000000e+00,0.000000e+00
1.000000e+00,0.000000e+00,0.000000e+00,0.000000e+00,0.000000e+00,0.000000e+00,0.000000e+00,0.000000e+00,0.000000e+00,0.000000e+00,0.000000e+00,0.000000e+00,0.000000e+00,0.000000e+00,0.000000e+00
1.000000e+00,0.000000e+00,0.000000e+00,0.000000e+00,0.000000e+00,0.000000e+00,0.000000e+00,0.000000e+00,0.000000e+00,0.000000e+00,0.000000e+00,0.000000e+00,0.000000e+00,0.000000e+00,0.000000e+00
1.000000e+00,0.000000e+00,0.000000e+00,0.000000e+00,0.000000e+00,0.000000e+00,0.000000e+00,0.000000e+00,0.000000e+00,0.000000e+00,0.000000e+00,0.000000e+00,0.000000e+00,0.000000e+00,0.000000e+00
1.000000e+00,0.000000e+00,0.000000e+00,0.000000e+00,0.000000e+00,0.000000e+00,0.000000e+00,0.000000e+00,0.000000e+00,0.000000e+00,0.000000e+00,0.000000e+00,0.000000e+00,0.000000e+00,0.000000e+00
1.000000e+00,0.000000e+00,0.000000e+00,0.000000e+00,0.000000e+00,0.000000e+00,0.000000e+00,0.000000e+00,0.000000e+00,0.000000e+00,0.000000e+00,0.000000e+00,0.000000e+00,0.000000e+00,0.000000e+00
1.000000e+00,0.000000e+00,0.000000e+00,0.000000e+00,0.000000e+00,0.000000e+00,0.000000e+00,0.000000e+00,0.000000e+00,0.000000e+00,0.000000e+00,0.000000e+00,0.000000e+00,0.000000e+00,0.000000e+00
1.000000e+00,0.000000e+00,0.000000e+00,0.000000e+00,0.000000e+00,0.000000e+00,0.000000e+00,0.000000e+00,0.000000e+00,0.000000e+00,0.000000e+00,0.000000e+00,0.000000e+00,0.000000e+00,0.000000e+00
1.000000e+00,0.000000e+00,0.000000e+00,0.000000e+00,0.000000e+00,0.000000e+00,0.000000e+00,0.000000e+00,0.000000e+00,0.000000e+00,0.000000e+00,0.000000e+00,0.000000e+00,0.000000e+00,0.000000e+00
1.000000e+00,0.000000e+00,0.000000e+00,0.000000e+00,0.000000e+00,0.000000e+00,0.000000e+00,0.000000e+00,0.000000e+00,0.000000e+00,0.000000e+00,0.000000e+00,0.000000e+00,0.000000e+00,0.000000e+00
1.000000e+00,0.000000e+00,0.000000e+00,0.000000e+00,0.000000e+00,0.000000e+00,0.000000e+00,0.000000e+00,0.000000e+00,0.000000e+00,0.000000e+00,0.000000e+00,0.000000e+00,0.000000e+00,0.000000e+00
1.000000e+00,0.000000e+00,0.000000e+00,0.000000e+00,0.000000e+00,0.000000e+00,0.000000e+00,0.000000e+00,0.000000e+00,0.000000e+00,0.000000e+00,0.000000e+00,0.000000e+00,0.000000e+00,0.000000e+00
1.000000e+00,0.000000e+00,0.000000e+00,0.000000e+00,0.000000e+00,0.000000e+00,0.000000e+00,0.000000e+00,0.000000e+00,0.000000e+00,0.000000e+00,0.000000e+00,0.000000e+00,0.000000e+00,0.000000e+00
1.000000e+00,0.000000e+00,0.000000e+00,0.000000e+00,0.000000e+00,0.000000e+00,0.000000e+00,0.000000e+00,0.000000e+00,0.000000e+00,0.000000e+00,0.000000e+00,0.000000e+00,0.000000e+00,0.000000e+00
1.000000e+00,0.000000e+00,0.000000e+00,0.000000e+00,0.000000e+00,0.000000e+00,0.000000e+00,0.000000e+00,0.000000e+00,0.000000e+00,0.000000e+00,0.000000e+00,0.000000e+00,0.000000e+00,0.000000e+00
1.000000e+00,0.000000e+00,0.000000e+00,0.000000e+00,0.000000e+00,0.000000e+00,0.000000e+00,0.000000e+00,0.000000e+00,0.000000e+00,0.000000e+00,0.000000e+00,0.000000e+00,0.000000e+00,0.000000e+00
1.000000e+00,0.000000e+00,0.000000e+00,0.000000e+00,0.000000e+00,0.000000e+00,0.000000e+00,0.000000e+00,0.000000e+00,0.000000e+00,0.000000e+00,0.000000e+00,0.000000e+00,0.000000e+00,0.000000e+00
1.000000e+00,0.000000e+00,0.000000e+00,0.000000e+00,0.000000e+00,0.000000e+00,0.000000e+00,0.000000e+00,0.000000e+00,0.000000e+00,0.000000e+00,0.000000e+00,0.000000e+00,0.000000e+00,0.000000e+00
1.000000e+00,0.000000e+00,0.000000e+00,0.000000e+00,0.000000e+00,0.000000e+00,0.000000e+00,0.000000e+00,0.000000e+00,0.000000e+00,0.000000e+00,0.000000e+00,0.000000e+00,0.000000e+00,0.000000e+00
1.000000e+00,0.000000e+00,0.000000e+00,0.000000e+00,0.000000e+00,0.000000e+00,0.000000e+00,0.000000e+00,0.000000e+00,0.000000e+00,0.000000e+00,0.000000e+00,0.000000e+00,0.000000e+00,0.000000e+00
1.000000e+00,0.000000e+00,0.000000e+00,0.000000e+00,0.000000e+00,0.000000e+00,0.000000e+00,0.000000e+00,0.000000e+00,0.000000e+00,0.000000e+00,0.000000e+00,0.000000e+00,0.000000e+00,0.000000e+00
1.000000e+00,0.000000e+00,0.000000e+00,0.000000e+00,0.000000e+00,0.000000e+00,0.000000e+00,0.000000e+00,0.000000e+00,0.000000e+00,0.000000e+00,0.000000e+00,0.000000e+00,0.000000e+00,0.000000e+00
1.000000e+00,0.000000e+00,0.000000e+00,0.000000e+00,0.000000e+00,0.000000e+00,0.000000e+00,0.000000e+00,0.000000e+00,0.000000e+00,0.000000e+00,0.000000e+00,0.000000e+00,0.000000e+00,0.000000e+00
1.000000e+00,0.000000e+00,0.000000e+00,0.000000e+00,0.000000e+00,0.000000e+00,0.000000e+00,0.000000e+00,0.000000e+00,0.000000e+00,0.000000e+00,0.000000e+00,0.000000e+00,0.000000e+00,0.000000e+00
1.000000e+00,0.000000e+00,0.000000e+00,0.000000e+00,0.000000e+00,0.000000e+00,0.000000e+00,0.000000e+00,0.000000e+00,0.000000e+00,0.000000e+00,0.000000e+00,0.000000e+00,0.000000e+00,0.000000e+00
1.000000e+00,0.000000e+00,0.000000e+00,0.000000e+00,0.000000e+00,0.000000e+00,0.000000e+00,0.000000e+00,0.000000e+00,0.000000e+00,0.000000e+00,0.000000e+00,0.000000e+00,0.000000e+00,0.000000e+00
4.921970e-01,2.088499e-02,1.296021e-01,6.077833e-02,6.494555e-03,1.011627e-01,1.669106e-02,3.192022e-02,9.614499e-03,2.833484e-03,4.033842e-02,4.469842e-02,1.183800e-02,6.594853e-03,2.435141e-02
4.446710e-01,1.989871e-02,2.255580e-01,5.914444e-02,6.137923e-03,7.841591e-02,1.302023e-02,2.844706e-02,1.089609e-02,3.626982e-03,3.468448e-02,3.422116e-02,1.005279e-02,7.374349e-03,2.385095e-02
3.189824e-01,1.480445e-02,3.879839e-01,7.869393e-02,5.105516e-03,5.828471e-02,9.260939e-03,2.386079e-02,1.040260e-02,3.899431e-03,2.878955e-02,2.613273e-02,8.934813e-03,6.001238e-03,1.886315e-02
2.348506e-01,1.199824e-02,5.284629e-01,7.158446e-02,4.500991e-03,4.181021e-02,6.613453e-03,1.810287e-02,9.240000e-03,4.127417e-03,2.262145e-02,1.909195e-02,7.031891e-03,4.823061e-03,1.514057e-02
1.783380e-01,9.542729e-03,6.253999e-01,6.000486e-02,4.151470e-03,3.193653e-02,4.779644e-03,1.369706e-02,1.228962e-02,5.689195e-03,1.721747e-02,1.367198e-02,5.398661e-03,3.992537e-03,1.389033e-02
1.515956e-01,8.099981e-03,6.648488e-01,5.748845e-02,4.385965e-03,2.858928e-02,3.804840e-03,1.149279e-02,1.757898e-02,5.985624e-03,1.357105e-02,1.017272e-02,5.225572e-03,3.367121e-03,1.379326e-02
1.698089e-01,9.012511e-03,6.459346e-01,6.123434e-02,5.940614e-03,2.543863e-02,3.037103e-03,1.122019e-02,2.120588e-02,5.640017e-03,1.074557e-02,7.656941e-03,4.538384e-03,3.164760e-03,1.542159e-02
1.848152e-01,1.010457e-02,6.333131e-01,5.786709e-02,6.040947e-03,2.066145e-02,2.639144e-03,1.008037e-02,2.668247e-02,5.544369e-03,9.107762e-03,6.376411e-03,4.147638e-03,4.375969e-03,1.824352e-02
3.444720e-01,1.147357e-02,4.802397e-01,5.193278e-02,7.378060e-03,1.909913e-02,3.038695e-03,1.034097e-02,2.264557e-02,4.349954e-03,8.933034e-03,8.035178e-03,6.208454e-03,4.279086e-03,1.757389e-02
3.889540e-01,1.646691e-02,3.732031e-01,6.009175e-02,9.995311e-03,3.128285e-02,3.811641e-03,1.325030e-02,2.259900e-02,4.387044e-03,1.940173e-02,1.786797e-02,1.074844e-02,6.422790e-03,2.151719e-02
4.572310e-01,2.244751e-02,2.761730e-01,6.121813e-02,9.912071e-03,3.598166e-02,4.620596e-03,1.283279e-02,1.904176e-02,4.395747e-03,2.609254e-02,2.413667e-02,1.327284e-02,7.913174e-03,2.473053e-02
1.000000e+00,0.000000e+00,0.000000e+00,0.000000e+00,0.000000e+00,0.000000e+00,0.000000e+00,0.000000e+00,0.000000e+00,0.000000e+00,0.000000e+00,0.000000e+00,0.000000e+00,0.000000e+00,0.000000e+00
1.000000e+00,0.000000e+00,0.000000e+00,0.000000e+00,0.000000e+00,0.000000e+00,0.000000e+00,0.000000e+00,0.000000e+00,0.000000e+00,0.000000e+00,0.000000e+00,0.000000e+00,0.000000e+00,0.000000e+00
1.000000e+00,0.000000e+00,0.000000e+00,0.000000e+00,0.000000e+00,0.000000e+00,0.000000e+00,0.000000e+00,0.000000e+00,0.000000e+00,0.000000e+00,0.000000e+00,0.000000e+00,0.000000e+00,0.000000e+00
4.951915e-01,2.240290e-02,8.479338e-02,5.073296e-02,8.132238e-03,1.370881e-01,5.621785e-03,1.227635e-02,8.541959e-03,3.455994e-03,7.010269e-02,5.174151e-02,1.447895e-02,1.014098e-02,2.529861e-02
4.878105e-01,2.332208e-02,6.614568e-02,5.253635e-02,7.810106e-03,1.618539e-01,5.861386e-03,1.108558e-02,7.706639e-03,3.573433e-03,6.810649e-02,5.176705e-02,1.522548e-02,1.006084e-02,2.713454e-02
1.000000e+00,0.000000e+00,0.000000e+00,0.000000e+00,0.000000e+00,0.000000e+00,0.000000e+00,0.000000e+00,0.000000e+00,0.000000e+00,0.000000e+00,0.000000e+00,0.000000e+00,0.000000e+00,0.000000e+00
1.000000e+00,0.000000e+00,0.000000e+00,0.000000e+00,0.000000e+00,0.000000e+00,0.000000e+00,0.000000e+00,0.000000e+00,0.000000e+00,0.000000e+00,0.000000e+00,0.000000e+00,0.000000e+00,0.000000e+00
4.960098e-01,3.626139e-02,3.112473e-02,7.194860e-02,8.786371e-03,1.259918e-01,7.338536e-03,1.191966e-02,1.202237e-02,5.421406e-03,4.104781e-02,7.259864e-02,2.958020e-02,7.212024e-03,4.273674e-02
4.123841e-01,3.708104e-02,2.331666e-02,7.202275e-02,8.510392e-03,1.914334e-01,6.036027e-03,9.761877e-03,2.026430e-02,8.770576e-03,4.373386e-02,7.971534e-02,2.574052e-02,5.744045e-03,5.548509e-02
3.189757e-01,2.787219e-02,1.755184e-02,5.575579e-02,6.480370e-03,3.254873e-01,4.815027e-03,7.396533e-03,1.724831e-02,6.981920e-03,3.970533e-02,1.011646e-01,1.926159e-02,4.996189e-03,4.630732e-02
3.519766e-01,2.192738e-02,1.350099e-02,4.685699e-02,5.878790e-03,2.825988e-01,4.160272e-03,6.021162e-03,1.352848e-02,5.298023e-03,5.276791e-02,1.391844e-01,1.474190e-02,4.105112e-03,3.745314e-02
3.825993e-01,2.092367e-02,1.042368e-02,4.771490e-02,8.393325e-03,2.196642e-01,4.802655e-03,4.859588e-03,1.538250e-02,4.374470e-03,7.055637e-02,1.590891e-01,1.210711e-02,3.583008e-03,3.552608e-02
3.963047e-01,1.974043e-02,8.142641e-03,4.707992e-02,1.172611e-02,1.784187e-01,6.126774e-03,4.433799e-03,1.681991e-02,3.540215e-03,9.536436e-02,1.674526e-01,1.081937e-02,3.116589e-03,3.091383e-02
3.828614e-01,1.814318e-02,8.081755e-03,3.914272e-02,2.685950e-02,1.645259e-01,1.050891e-02,5.733909e-03,2.217618e-02,2.880521e-03,1.123779e-01,1.674156e-01,1.146225e-02,3.183688e-03,2.464648e-02
3.537661e-01,1.411456e-02,6.675631e-03,3.036815e-02,2.291369e-02,1.647034e-01,9.890931e-03,5.640786e-03,2.232692e-02,2.764052e-03,9.936203e-02,2.327007e-01,1.237655e-02,3.530466e-03,1.886597e-02
2.656000e-01,1.141009e-02,5.453417e-03,2.212667e-02,2.983992e-02,1.282041e-01,7.888766e-03,5.090209e-03,4.299802e-02,2.825842e-03,7.946124e-02,3.660021e-01,1.480751e-02,3.913278e-03,1.437876e-02
1.881072e-01,9.896486e-03,7.013130e-03,1.600868e-02,2.645379e-02,1.039063e-01,5.780746e-03,4.106140e-03,6.029313e-02,2.242986e-03,6.147551e-02,4.857876e-01,1.480446e-02,3.638470e-03,1.048532e-02
1.344034e-01,1.694608e-02,1.920962e-02,1.162732e-02,3.367366e-02,7.860804e-02,4.402541e-03,4.625876e-03,1.448914e-01,2.118257e-03,5.017677e-02,4.725192e-01,1.428122e-02,4.415363e-03,8.101150e-03
1.058130e-01,2.586177e-02,3.347015e-02,8.867292e-03,1.102516e-01,6.411897e-02,8.404353e-03,1.072953e-02,1.455855e-01,2.394511e-03,4.259498e-02,4.127434e-01,1.327835e-02,8.684993e-03,7.201480e-03
1.093522e-01,2.583073e-02,3.551216e-02,8.040480e-03,1.566433e-01,5.933934e-02,1.388317e-02,1.976722e-02,1.305373e-01,2.265132e-03,4.723013e-02,3.524681e-01,1.869976e-02,1.286581e-02,7.565020e-03
2.002003e-01,2.006480e-02,2.647412e-02,9.002205e-03,1.291161e-01,7.179971e-02,1.524107e-02,2.719877e-02,9.895793e-02,1.869607e-03,4.849510e-02,2.881070e-01,4.420087e-02,1.005692e-02,9.215403e-03
3.200209e-01,1.705247e-02,1.898186e-02,1.818937e-02,9.456772e-02,8.429052e-02,1.199850e-02,2.122850e-02,7.525501e-02,1.480122e-03,3.728138e-02,2.339096e-01,4.840037e-02,7.491461e-03,9.852247e-03
3.591802e-01,1.444596e-02,1.381983e-02,1.809868e-02,8.020787e-02,9.168683e-02,1.034421e-02,1.708678e-02,5.919567e-02,1.371110e-03,3.499811e-02,2.092543e-01,7.516997e-02,5.817879e-03,9.322671e-03
3.476433e-01,1.171241e-02,1.116112e-02,1.487580e-02,7.189717e-02,6.985841e-02,8.529503e-03,1.604677e-02,4.664833e-02,1.513010e-03,6.750883e-02,1.758307e-01,1.430341e-01,5.673226e-03,8.067410e-03
4.514585e-01,1.167873e-02,9.716860e-03,1.427285e-02,5.965077e-02,5.504446e-02,8.061635e-03,1.563188e-02,3.921118e-02,1.510089e-03,5.395593e-02,1.353306e-01,1.286488e-01,6.183295e-03,9.644364e-03
4.979662e-01,1.189365e-02,1.287934e-02,1.769033e-02,4.571621e-02,4.496948e-02,7.449794e-03,1.867429e-02,3.344614e-02,2.362098e-03,4.256269e-02,1.194502e-01,1.199416e-01,5.975014e-03,1.902295e-02
1.000000e+00,0.000000e+00,0.000000e+00,0.000000e+00,0.000000e+00,0.000000e+00,0.000000e+00,0.000000e+00,0.000000e+00,0.000000e+00,0.000000e+00,0.000000e+00,0.000000e+00,0.000000e+00,0.000000e+00
1.000000e+00,0.000000e+00,0.000000e+00,0.000000e+00,0.000000e+00,0.000000e+00,0.000000e+00,0.000000e+00,0.000000e+00,0.000000e+00,0.000000e+00,0.000000e+00,0.000000e+00,0.000000e+00,0.000000e+00
1.000000e+00,0.000000e+00,0.000000e+00,0.000000e+00,0.000000e+00,0.000000e+00,0.000000e+00,0.000000e+00,0.000000e+00,0.000000e+00,0.000000e+00,0.000000e+00,0.000000e+00,0.000000e+00,0.000000e+00
1.000000e+00,0.000000e+00,0.000000e+00,0.000000e+00,0.000000e+00,0.000000e+00,0.000000e+00,0.000000e+00,0.000000e+00,0.000000e+00,0.000000e+00,0.000000e+00,0.000000e+00,0.000000e+00,0.000000e+00
1.000000e+00,0.000000e+00,0.000000e+00,0.000000e+00,0.000000e+00,0.000000e+00,0.000000e+00,0.000000e+00,0.000000e+00,0.000000e+00,0.000000e+00,0.000000e+00,0.000000e+00,0.000000e+00,0.000000e+00
4.323150e-01,8.901637e-03,7.666215e-03,1.138533e-02,7.768360e-03,2.416894e-02,2.529818e-03,6.811233e-03,1.184294e-01,4.212357e-02,6.255661e-02,3.854277e-02,7.977635e-02,8.618644e-02,7.083833e-02
3.150316e-01,8.601847e-03,6.687678e-03,8.638973e-03,9.235218e-03,1.785208e-02,1.875747e-03,4.923978e-03,1.772294e-01,3.401351e-02,1.018111e-01,3.097539e-02,6.651817e-02,1.311615e-01,8.544378e-02
2.275741e-01,7.351367e-03,5.431752e-03,6.437017e-03,7.012519e-03,1.652576e-02,1.392462e-03,3.485460e-03,2.320483e-01,2.655851e-02,1.114556e-01,2.349587e-02,4.937555e-02,1.928182e-01,8.903751e-02
1.635467e-01,5.940212e-03,4.173593e-03,4.771322e-03,5.116492e-03,1.312419e-02,1.021578e-03,2.446475e-03,2.244070e-01,2.157336e-02,9.438680e-02,1.734279e-02,3.595814e-02,3.071169e-01,9.907452e-02
1.149874e-01,4.901052e-03,3.149589e-03,3.485836e-03,3.686221e-03,9.661032e-03,7.205633e-04,1.719805e-03,2.315155e-01,1.646453e-02,7.625207e-02,1.273041e-02,2.607487e-02,4.185993e-01,7.605189e-02
8.125743e-02,3.809677e-03,2.359862e-03,2.539185e-03,2.700638e-03,7.027774e-03,5.104642e-04,1.225884e-03,2.547893e-01,1.305308e-02,5.757982e-02,9.224009e-03,1.853751e-02,4.903260e-01,5.505931e-02
5.815802e-02,3.535380e-03,2.655490e-03,1.846327e-03,2.208311e-03,5.252068e-03,3.668514e-04,9.214210e-04,3.010622e-01,1.151022e-02,4.854757e-02,6.661292e-03,1.325888e-02,4.986845e-01,4.533149e-02
4.943829e-02,3.647261e-03,2.409980e-02,7.289170e-03,3.435280e-03,1.853394e-02,4.813830e-04,2.176098e-03,3.913551e-01,9.063497e-03,3.839264e-02,4.878530e-03,9.962988e-03,4.025921e-01,3.465387e-02
4.045348e-02,1.037202e-02,3.031401e-02,9.251583e-03,6.776008e-03,2.339381e-02,4.785432e-04,3.539007e-03,4.475884e-01,7.761816e-03,2.920029e-02,3.576466e-03,7.290624e-03,3.536530e-01,2.635096e-02
3.943615e-02,2.378485e-02,3.651639e-02,1.762839e-02,2.043227e-02,1.861455e-02,4.823621e-04,4.924128e-03,4.356314e-01,8.381670e-03,2.218599e-02,2.683800e-03,5.351685e-03,3.410957e-01,2.285074e-02
3.686117e-02,2.085393e-02,5.957562e-02,1.407277e-01,7.374277e-02,1.706195e-02,1.573525e-03,1.255523e-02,3.414184e-01,7.337741e-03,1.621996e-02,1.931595e-03,3.953243e-03,2.492086e-01,1.697857e-02
8.514750e-02,2.984064e-02,5.946691e-02,1.121184e-01,1.180808e-01,1.737766e-02,2.224954e-03,9.635070e-03,2.693377e-01,7.126894e-03,1.276599e-02,1.417282e-03,3.024311e-03,2.573070e-01,1.512886e-02
9.052117e-02,5.014836e-02,4.451290e-02,1.216532e-01,1.442116e-01,2.273157e-02,4.617343e-03,7.074082e-03,2.594837e-01,8.824954e-03,9.896662e-03,1.132634e-03,1.278185e-02,1.963730e-01,2.603697e-02
7.652684e-02,6.712750e-02,3.352939e-02,2.188716e-01,1.346628e-01,2.845057e-02,7.760617e-03,6.052433e-03,2.209264e-01,9.339191e-03,8.317704e-03,9.620694e-04,1.344468e-02,1.422055e-01,3.182260e-02
5.940415e-02,7.777973e-02,5.568506e-02,3.248497e-01,1.276080e-01,2.548893e-02,7.182544e-03,5.098496e-03,1.613002e-01,7.286688e-03,6.313966e-03,7.458924e-04,9.648727e-03,1.012692e-01,3.033872e-02
9.937188e-02,7.229167e-02,4.968548e-02,2.619215e-01,2.167957e-01,3.128752e-02,8.873666e-03,5.003884e-03,1.324918e-01,5.339159e-03,6.355327e-03,8.721059e-04,8.427581e-03,7.753071e-02,2.375202e-02
1.050899e-01,7.456189e-02,6.438693e-02,2.551447e-01,2.509500e-01,3.662874e-02,1.053322e-02,6.061321e-03,1.051709e-01,3.967816e-03,5.598190e-03,1.268048e-03,6.837502e-03,5.561817e-02,1.818276e-02
8.790552e-02,5.481744e-02,9.595960e-02,3.803598e-01,1.896875e-01,2.676727e-02,7.841717e-03,1.125696e-02,7.676785e-02,3.375903e-03,5.782304e-03,1.319363e-03,5.311375e-03,3.929525e-02,1.355218e-02
6.249351e-02,4.180023e-02,7.929330e-02,5.079893e-01,1.371344e-01,1.890728e-02,5.541677e-03,8.069457e-03,5.654791e-02,3.999946e-03,3.223093e-02,4.466374e-03,4.090984e-03,2.768667e-02,9.747997e-03
4.384968e-02,3.053699e-02,5.710065e-02,5.651270e-01,9.676335e-02,1.333803e-02,3.884417e-03,5.736972e-03,4.061389e-02,3.338984e-03,6.952488e-02,3.977082e-02,3.749687e-03,1.968437e-02,6.980315e-03
3.073402e-02,2.158031e-02,4.127678e-02,4.445301e-01,6.836069e-02,9.609281e-03,2.721261e-03,4.035425e-03,2.902107e-02,2.740618e-03,2.259472e-01,9.701879e-02,3.526631e-03,1.397245e-02,4.925339e-03
2.161310e-02,1.530691e-02,3.183852e-02,3.311250e-01,5.037456e-02,1.635524e-02,1.918718e-03,2.865431e-03,2.111829e-02,2.236674e-03,2.753645e-01,2.123440e-01,4.196041e-03,9.847806e-03,3.495257e-03
1.513298e-02,1.071984e-02,2.245481e-02,2.323577e-01,3.557631e-02,1.172994e-02,1.344208e-03,2.010051e-03,1.491135e-02,1.601919e-03,1.998770e-01,4.398743e-01,3.044135e-03,6.908244e-03,2.457199e-03
1.059627e-02,7.505853e-03,1.576706e-02,1.630175e-01,2.506168e-02,8.526938e-03,9.416979e-04,1.412261e-03,1.048460e-02,1.137501e-03,1.470386e-01,5.997244e-01,2.205371e-03,4.853037e-03,1.727265e-03
7.434685e-03,5.263045e-03,1.106477e-02,1.144759e-01,1.838019e-02,7.311843e-03,6.605280e-04,9.961956e-04,7.426766e-03,8.368472e-04,1.132208e-01,7.066182e-01,1.611019e-03,3.464897e-03,1.234398e-03
5.224396e-03,3.688340e-03,7.750921e-03,8.055261e-02,1.421836e-02,5.540880e-03,4.629152e-04,7.014666e-04,5.253855e-03,6.108725e-04,8.560757e-02,7.858952e-01,1.158500e-03,2.451635e-03,8.824210e-04
3.670840e-03,2.585680e-03,5.432550e-03,5.688466e-02,1.686732e-02,4.070928e-03,3.255173e-04,4.936776e-04,3.740656e-03,4.518124e-04,6.456880e-02,8.377067e-01,8.382363e-04,1.732413e-03,6.301407e-04
2.602143e-03,1.837410e-03,3.834021e-03,4.020869e-02,5.094415e-02,3.253063e-03,2.707138e-04,3.753110e-04,2.743443e-03,3.881339e-04,4.668855e-02,8.445795e-01,5.975264e-04,1.222874e-03,4.544372e-04
1.874069e-03,1.312544e-03,2.701703e-03,2.842653e-02,5.342659e-02,2.473040e-03,2.247373e-04,2.944343e-04,2.015122e-03,3.436056e-04,3.380966e-02,8.714696e-01,4.351995e-04,8.671065e-04,3.260346e-04
1.396069e-03,1.014312e-03,1.997996e-03,2.006891e-02,1.204592e-01,2.634292e-03,1.567934e-03,4.040884e-04,3.014921e-03,2.951133e-04,2.533780e-02,8.206037e-01,3.276904e-04,6.427717e-04,2.352385e-04
1.055863e-03,7.365051e-04,1.443417e-03,1.407047e-02,1.016392e-01,2.541415e-03,1.430023e-03,3.991158e-04,3.160828e-03,2.565940e-04,1.947982e-02,8.525738e-01,5.504563e-04,4.943956e-04,1.680384e-04
1.110581e-03,5.288247e-04,1.052189e-03,9.869648e-03,8.851118e-02,2.467579e-03,1.317314e-03,6.623090e-04,3.121466e-03,4.238707e-04,1.675914e-02,8.725886e-01,1.062593e-03,4.024699e-04,1.222522e-04
8.935945e-04,4.310714e-04,9.964609e-04,6.920558e-03,7.180289e-02,2.311348e-03,1.171938e-03,7.105410e-04,6.861730e-03,4.519883e-04,1.333551e-02,8.924817e-01,1.119747e-03,4.147438e-04,9.620790e-05
6.953158e-04,5.174110e-04,8.725811e-04,4.860945e-03,5.855386e-02,1.918960e-03,9.316810e-04,7.967426e-04,4.067921e-02,4.356532e-04,1.153820e-02,8.759051e-01,1.786861e-03,4.334204e-04,7.407229e-05
5.048998e-04,3.868036e-04,6.555031e-04,3.414083e-03,4.681255e-02,1.599031e-03,7.357702e-04,7.226149e-04,4.807327e-02,5.622440e-04,1.017754e-02,8.825900e-01,3.257098e-03,4.483774e-04,6.023376e-05
4.298978e-04,3.822824e-04,8.338459e-04,2.455423e-03,5.114388e-02,1.365986e-03,5.899880e-04,1.594784e-03,7.959063e-02,6.996272e-04,1.563464e-02,8.356435e-01,9.084958e-03,5.010185e-04,4.950223e-05
3.902373e-04,4.997398e-04,9.421000e-04,1.814022e-03,4.493160e-02,1.462829e-03,4.484515e-04,2.081802e-03,1.060696e-01,1.083662e-03,1.866984e-02,8.093571e-01,1.147417e-02,7.240741e-04,5.075075e-05
4.660552e-04,4.164002e-04,1.064988e-03,1.347864e-03,9.492403e-02,1.511649e-03,8.797530e-04,4.914244e-03,1.235346e-01,8.616963e-04,1.640840e-02,7.437360e-01,9.319307e-03,5.729543e-04,4.194189e-05
9.275490e-04,5.588370e-04,1.191653e-03,1.151940e-03,2.399417e-01,1.452345e-03,1.679251e-03,5.732641e-03,1.774423e-01,6.362607e-04,1.389871e-02,5.476624e-01,7.275597e-03,4.158417e-04,3.301698e-05
9.520773e-04,8.744415e-04,1.635278e-03,1.152350e-03,2.961407e-01,1.211714e-03,1.701417e-03,4.973640e-03,2.881679e-01,4.620978e-04,1.007362e-02,3.870780e-01,5.244164e-03,3.008432e-04,3.183108e-05
2.448773e-03,1.056247e-03,6.014963e-03,4.582720e-03,4.592271e-01,3.256819e-03,3.174443e-03,7.572547e-03,2.291464e-01,3.379325e-04,7.347936e-03,2.716718e-01,3.909052e-03,2.145983e-04,3.876762e-05
6.401323e-03,2.141025e-03,7.870680e-03,5.145457e-03,5.754331e-01,8.481951e-03,5.714126e-03,7.485815e-03,1.805560e-01,2.573491e-04,6.149542e-03,1.910722e-01,3.047354e-03,1.573179e-04,8.666801e-05
1.207752e-02,2.574638e-03,7.876225e-03,4.592556e-03,6.679848e-01,1.153081e-02,5.081635e-03,6.370090e-03,1.380986e-01,2.014025e-04,5.618514e-03,1.350543e-01,2.599956e-03,1.251134e-04,2.138689e-04
2.621801e-02,3.020876e-03,9.236342e-03,8.791910e-03,7.083224e-01,1.329072e-02,4.450704e-03,9.039247e-03,1.095373e-01,1.715300e-04,4.999190e-03,9.918462e-02,3.143466e-03,1.211565e-04,4.725055e-04
3.119558e-02,3.347776e-03,8.405891e-03,8.312806e-03,7.624277e-01,1.145107e-02,3.518852e-03,1.221625e-02,8.142801e-02,1.352562e-04,3.835910e-03,7.055744e-02,2.574018e-03,1.537230e-04,4.396604e-04
5.881633e-02,3.826894e-03,1.418412e-02,1.096767e-02,7.557341e-01,1.532229e-02,4.102138e-03,1.309599e-02,6.266691e-02,2.229956e-04,3.769888e-03,5.308128e-02,3.428541e-03,2.052080e-04,5.756340e-04
6.939384e-02,3.902928e-03,1.335798e-02,1.205149e-02,7.740898e-01,1.700967e-02,3.298649e-03,1.069878e-02,4.878027e-02,2.676548e-04,3.512154e-03,3.950516e-02,3.095054e-03,2.722209e-04,7.644143e-04
7.483645e-02,3.903947e-03,1.921285e-02,1.279463e-02,7.895581e-01,1.357227e-02,2.661495e-03,9.353079e-03,3.741771e-02,3.799388e-04,2.782618e-03,2.925362e-02,2.872110e-03,2.692894e-04,1.132012e-03
8.700483e-02,4.760643e-03,2.149651e-02,2.309742e-02,7.713016e-01,1.072422e-02,2.468956e-03,8.711140e-03,3.965329e-02,4.823558e-04,2.897264e-03,2.252018e-02,3.056825e-03,3.371282e-04,1.487733e-03
7.949017e-02,9.159297e-03,3.277151e-02,1.610017e-01,5.487792e-01,1.015700e-02,1.905409e-03,7.924266e-03,3.612408e-02,4.638710e-03,1.932175e-02,4.802237e-02,3.644140e-02,4.792024e-04,3.784048e-03
6.154905e-02,7.331738e-03,2.475311e-02,1.367407e-01,3.872257e-01,8.121648e-03,1.432589e-03,7.460964e-03,2.917203e-02,8.788881e-03,1.152210e-01,1.230172e-01,8.474270e-02,9.371809e-04,3.505574e-03
5.131282e-02,5.916274e-03,1.949272e-02,1.090196e-01,2.759781e-01,9.208919e-03,1.447790e-03,9.548202e-03,2.435683e-02,7.244746e-03,2.458371e-01,1.240244e-01,1.121543e-01,1.336709e-03,3.121542e-03
9.257159e-02,6.785302e-03,2.480809e-02,1.031791e-01,1.992601e-01,1.824091e-02,1.448471e-03,7.759963e-03,3.689680e-02,8.841923e-03,2.130633e-01,1.883573e-01,9.191136e-02,2.524317e-03,4.351506e-03
1.815527e-01,8.389802e-03,2.628519e-02,9.657076e-02,1.450029e-01,2.343149e-02,1.558210e-03,7.299182e-03,3.446512e-02,9.441271e-03,1.729301e-01,2.005677e-01,8.393667e-02,2.986596e-03,5.582314e-03
1.713362e-01,7.726319e-03,3.087983e-02,8.444119e-02,1.061507e-01,2.766613e-02,1.505190e-03,6.708098e-03,2.972631e-02,1.118846e-02,1.776572e-01,2.598626e-01,7.625658e-02,3.178399e-03,5.716866e-03
2.071720e-01,6.089604e-03,2.313145e-02,6.869438e-02,8.028553e-02,2.871556e-02,1.817785e-03,6.483337e-03,2.503222e-02,1.363060e-02,1.651518e-01,3.027610e-01,6.153872e-02,3.831962e-03,5.664107e-03
1.769718e-01,5.795958e-03,1.635088e-02,5.053937e-02,7.258777e-02,2.146356e-02,1.625212e-03,5.174781e-03,1.095665e-01,1.238930e-02,1.368968e-01,3.337036e-01,4.968820e-02,2.950074e-03,4.296184e-03
2.268758e-01,7.545948e-03,1.163220e-02,3.698263e-02,5.514141e-02,1.706977e-02,1.518100e-03,4.013404e-03,1.068732e-01,1.484525e-02,1.131422e-01,3.600504e-01,3.779304e-02,2.713323e-03,3.803483e-03
2.296587e-01,9.720033e-03,8.317014e-03,2.746692e-02,4.341354e-02,1.383854e-02,2.266886e-03,3.548380e-03,1.682855e-01,1.445578e-02,1.023924e-01,3.375264e-01,3.276249e-02,2.460097e-03,3.887425e-03
1.706745e-01,1.042079e-02,6.297978e-03,1.954073e-02,3.977856e-02,1.176208e-02,2.628605e-03,4.645581e-03,2.413574e-01,1.453076e-02,8.044620e-02,3.642461e-01,2.819579e-02,2.509843e-03,2.965039e-03
1.402658e-01,1.405059e-02,4.851416e-03,1.385712e-02,3.664105e-02,1.167983e-02,4.097534e-03,8.901214e-03,3.163025e-01,1.302517e-02,6.143471e-02,3.478600e-01,2.256444e-02,2.056592e-03,2.411972e-03
1.291435e-01,1.894740e-02,3.983945e-03,1.020894e-02,4.039468e-02,1.523579e-02,9.631703e-03,1.510252e-02,4.018023e-01,1.068503e-02,4.578221e-02,2.777212e-01,1.735873e-02,1.585231e-03,2.416810e-03
9.477835e-02,1.835392e-02,3.412942e-03,7.355083e-03,4.055550e-02,7.363363e-02,8.966745e-03,1.295725e-02,4.814646e-01,8.839983e-03,3.292403e-02,1.990991e-01,1.423832e-02,1.218967e-03,2.201620e-03
6.795647e-02,1.497823e-02,2.610130e-03,5.303117e-03,4.441307e-02,1.886888e-01,7.208085e-03,9.264194e-03,4.743598e-01,6.582228e-03,2.372690e-02,1.404306e-01,1.185005e-02,9.206808e-04,1.707653e-03
4.835705e-02,1.220591e-02,2.015345e-03,4.002244e-03,9.276924e-02,1.687106e-01,6.323920e-03,6.653070e-03,5.250388e-01,4.923786e-03,1.697829e-02,9.856685e-02,1.132411e-02,7.254606e-04,1.405309e-03
3.713819e-02,9.872522e-03,2.781857e-03,2.136629e-02,1.407836e-01,1.448003e-01,1.073593e-02,3.939915e-02,4.819527e-01,4.592041e-03,1.324959e-02,7.067769e-02,1.955360e-02,5.979727e-04,2.498608e-03
3.051604e-02,8.779845e-03,2.878243e-03,2.048171e-02,2.189310e-01,1.863793e-01,3.199295e-02,3.186041e-02,3.826168e-01,3.698659e-03,9.829123e-03,4.971153e-02,1.956027e-02,4.956248e-04,2.268477e-03
2.580914e-02,8.649265e-03,3.908245e-03,6.432337e-02,2.192700e-01,1.885162e-01,2.806225e-02,2.958206e-02,3.144715e-01,8.477336e-03,1.520767e-02,3.891460e-02,4.925506e-02,4.898770e-04,5.063449e-03
3.320771e-02,1.090992e-02,4.045038e-03,5.321342e-02,2.140628e-01,1.714553e-01,3.212802e-02,6.125271e-02,2.814295e-01,8.110566e-03,1.422105e-02,2.826516e-02,8.158102e-02,5.200194e-04,5.597753e-03
2.919135e-02,9.487286e-03,3.805308e-03,4.094062e-02,1.841981e-01,1.281058e-01,4.759085e-02,1.928795e-01,2.534926e-01,7.951863e-03,1.567885e-02,2.063960e-02,6.127243e-02,4.494688e-04,4.316342e-03
2.526014e-02,7.009437e-03,3.119260e-03,2.978043e-02,1.366317e-01,9.279706e-02,3.790284e-02,4.064418e-01,1.801666e-01,5.793443e-03,1.268053e-02,1.460896e-02,4.424078e-02,3.442742e-04,3.222724e-03
2.699395e-02,5.682885e-03,3.642721e-03,2.193180e-02,1.031365e-01,7.008479e-02,4.902204e-02,5.229598e-01,1.297567e-01,4.430637e-03,1.065643e-02,1.041953e-02,3.824048e-02,2.856358e-04,2.756032e-03
2.840098e-02,5.920417e-03,3.684484e-03,1.977251e-02,8.566043e-02,6.376608e-02,4.144203e-02,5.489087e-01,9.816644e-02,3.349434e-03,9.617655e-03,8.363582e-03,8.001725e-02,3.087270e-04,2.621318e-03
2.303255e-02,4.895316e-03,3.594184e-03,1.668815e-02,6.652714e-02,5.476688e-02,3.279028e-02,5.862688e-01,7.086866e-02,3.185701e-03,9.956317e-03,7.455448e-03,1.169910e-01,3.664687e-04,2.613060e-03
1.715929e-02,4.135184e-03,4.226065e-03,1.387905e-02,4.812784e-02,4.214194e-02,2.462066e-02,6.259488e-01,5.113850e-02,1.058439e-02,2.424225e-02,2.188596e-02,9.468732e-02,1.410117e-02,3.121572e-03
1.432788e-02,3.426228e-03,3.590129e-03,1.140695e-02,3.405878e-02,3.309434e-02,1.783399e-02,4.586414e-01,4.478838e-02,1.043912e-02,1.023544e-01,6.154956e-02,1.873969e-01,1.188537e-02,5.206651e-03
1.096820e-02,3.116457e-03,2.612578e-03,8.521028e-03,2.403654e-02,2.571807e-02,1.280986e-02,3.254412e-01,4.043934e-02,8.703545e-03,1.760915e-01,9.074418e-02,2.578561e-01,8.885383e-03,4.056062e-03
1.616870e-02,6.240199e-03,3.729556e-03,1.237612e-02,1.952174e-02,2.027748e-02,9.537333e-03,2.376131e-01,8.735247e-02,8.475391e-03,1.995048e-01,9.214176e-02,2.731083e-01,7.979144e-03,5.973907e-03
1.494755e-02,5.851098e-03,3.913594e-03,1.153409e-02,1.748550e-02,1.513168e-02,7.386560e-03,1.744381e-01,1.064820e-01,7.611011e-03,2.158156e-01,8.363901e-02,3.216910e-01,7.654700e-03,6.418413e-03
1.189377e-02,5.041512e-03,5.562946e-03,9.731439e-03,1.912990e-02,1.108689e-02,5.612938e-03,1.396299e-01,1.171826e-01,7.440207e-03,2.041515e-01,8.859365e-02,3.618193e-01,7.041899e-03,6.081595e-03
1.855537e-02,7.288742e-03,1.588707e-02,8.822217e-03,2.007194e-02,9.244781e-03,5.422507e-03,1.811176e-01,1.123593e-01,6.954941e-03,1.549250e-01,9.164569e-02,3.508377e-01,1.153295e-02,5.334243e-03
2.868307e-02,1.394113e-02,1.520436e-02,7.582217e-03,2.586378e-02,1.639407e-02,5.798963e-03,1.551801e-01,1.194873e-01,6.756614e-03,1.678315e-01,1.444814e-01,2.621793e-01,2.595682e-02,4.659363e-03
3.109364e-02,1.031724e-02,1.098096e-02,5.932493e-03,1.959489e-02,2.578729e-02,4.273266e-03,1.120531e-01,9.310325e-02,6.144749e-03,2.673746e-01,1.997496e-01,1.859996e-01,2.371928e-02,3.876157e-03
3.907256e-02,8.217349e-03,8.302795e-03,4.639695e-03,1.534570e-02,3.636568e-02,3.211773e-03,7.988248e-02,6.807795e-02,5.419739e-03,3.136672e-01,2.611160e-01,1.328483e-01,2.031027e-02,3.522551e-03
5.966696e-02,7.990396e-03,6.709957e-03,3.650925e-03,1.183379e-02,6.732599e-02,2.631798e-03,5.806551e-02,4.952790e-02,4.804516e-03,3.074818e-01,3.022079e-01,9.603448e-02,1.823358e-02,3.834464e-03
4.600227e-02,1.332398e-02,5.438545e-02,4.006470e-03,1.045075e-02,5.045177e-02,2.016931e-03,4.649797e-02,3.605890e-02,5.029182e-03,2.577003e-01,3.888124e-01,6.866854e-02,1.378817e-02,2.806901e-03
3.969989e-02,2.190797e-02,4.283551e-02,3.233110e-03,1.313920e-02,3.937482e-02,1.808232e-03,3.376650e-02,2.738728e-02,6.922565e-03,2.613825e-01,4.454584e-01,4.890456e-02,1.195128e-02,2.228210e-03
3.719526e-02,1.742215e-02,3.186627e-02,2.846848e-03,1.194535e-02,2.899869e-02,1.516975e-03,2.479429e-02,2.005309e-02,6.574428e-03,2.622466e-01,5.069922e-01,3.505861e-02,1.076381e-02,1.725422e-03
3.247153e-02,1.315825e-02,2.283995e-02,2.172426e-03,8.961018e-03,2.147171e-02,1.097532e-03,1.762630e-02,1.443514e-02,5.493389e-03,2.334330e-01,5.917549e-01,2.489594e-02,8.887485e-03,1.301339e-03
2.497049e-02,1.001020e-02,1.653214e-02,1.623087e-03,6.942905e-03,1.561124e-02,7.862977e-04,1.250765e-02,1.100008e-02,5.301319e-03,2.637002e-01,6.046712e-01,1.755517e-02,7.691832e-03,1.096246e-03
2.193391e-02,7.403472e-03,1.194192e-02,1.253939e-03,5.582763e-03,1.144614e-02,6.824938e-04,9.167736e-03,8.183272e-03,6.611501e-03,2.728257e-01,6.206716e-01,1.286291e-02,8.540858e-03,8.917114e-04
2.094272e-02,7.344624e-03,9.226923e-03,1.188890e-03,6.698079e-03,8.910050e-03,8.362391e-04,6.983660e-03,6.368991e-03,5.820160e-03,3.126132e-01,5.941470e-01,9.612651e-03,8.405657e-03,9.011724e-04
2.916033e-02,9.324929e-03,8.058898e-03,1.538852e-03,9.924620e-03,8.266554e-03,1.086175e-03,6.547151e-03,5.432799e-03,5.024416e-03,3.493546e-01,5.473709e-01,7.685960e-03,1.000770e-02,1.216161e-03
3.711066e-02,1.189508e-02,6.926555e-03,2.088236e-03,1.341402e-02,7.911385e-03,1.279294e-03,6.542120e-03,4.790534e-03,4.295796e-03,3.680235e-01,5.168806e-01,5.973731e-03,1.114405e-02,1.724455e-03
3.542121e-02,1.125741e-02,6.328772e-03,1.914368e-03,1.185749e-02,7.197633e-03,1.059277e-03,7.784618e-03,5.125456e-03,3.413172e-03,4.404489e-01,4.482532e-01,4.424791e-03,1.349642e-02,2.017367e-03
2.840298e-02,1.059697e-02,5.005631e-03,1.431988e-03,1.054878e-02,5.446664e-03,7.816280e-04,5.975820e-03,4.848657e-03,4.238351e-03,5.602871e-01,3.394513e-01,3.176943e-03,1.795918e-02,1.847955e-03
2.354124e-02,8.897606e-03,4.079933e-03,1.074425e-03,1.004197e-02,4.411457e-03,5.885494e-04,4.745646e-03,4.108940e-03,4.422505e-03,6.443028e-01,2.656908e-01,2.373621e-03,2.019421e-02,1.526332e-03
1.789091e-02,1.103202e-02,4.663638e-03,1.017610e-03,1.796048e-02,3.771797e-03,5.137704e-04,3.975116e-03,5.469040e-03,1.361881e-02,6.589940e-01,2.342453e-01,1.756704e-03,2.318396e-02,1.906828e-03
1.326850e-02,1.050810e-02,4.512081e-03,7.979736e-04,2.840731e-02,4.107677e-03,6.398209e-04,3.269062e-03,6.136198e-03,3.299432e-02,6.564845e-01,2.063343e-01,1.434843e-03,2.932031e-02,1.784998e-03
1.492848e-02,1.057426e-02,7.813181e-03,9.897233e-04,3.026311e-02,5.703223e-03,1.319438e-03,4.614523e-03,6.554425e-03,4.998039e-02,6.646670e-01,1.691598e-01,1.351823e-03,3.011030e-02,1.970363e-03
1.207467e-02,1.007719e-02,7.178960e-03,9.959720e-04,3.070416e-02,9.349923e-03,2.518931e-03,4.414968e-03,7.567356e-03,9.778449e-02,6.306781e-01,1.536550e-01,1.389233e-03,2.844582e-02,3.165316e-03
1.091741e-02,1.067230e-02,6.156320e-03,1.020263e-03,3.398280e-02,9.217673e-03,4.174581e-03,4.072179e-03,7.805640e-03,1.170048e-01,6.299708e-01,1.355228e-01,1.924738e-03,2.349245e-02,4.065282e-03
8.390335e-03,8.728793e-03,5.153439e-03,9.594690e-04,2.518028e-02,1.487552e-02,3.468017e-03,3.065278e-03,7.608745e-03,2.509329e-01,5.315233e-01,1.134099e-01,1.649336e-03,1.854006e-02,6.514684e-03
6.735875e-03,1.178895e-02,6.098277e-03,9.007543e-04,1.926034e-02,1.333198e-02,2.652345e-03,2.402487e-03,1.104973e-02,3.709618e-01,4.256219e-01,1.009517e-01,1.567108e-03,1.643618e-02,1.024071e-02
4.920692e-03,8.496271e-03,4.679067e-03,6.734687e-04,1.394125e-02,1.222901e-02,1.901238e-03,1.729777e-03,8.853403e-03,5.220211e-01,3.260891e-01,7.273655e-02,1.185526e-03,1.264170e-02,7.902008e-03
3.615310e-03,6.192720e-03,3.568599e-03,5.398231e-04,1.095318e-02,9.121107e-03,1.366125e-03,1.311159e-03,6.768499e-03,6.583604e-01,2.301730e-01,5.205106e-02,8.868210e-04,9.158254e-03,5.934056e-03
2.698798e-03,4.457787e-03,2.640554e-03,3.986830e-04,8.880664e-03,6.483812e-03,9.688084e-04,9.862956e-04,4.978196e-03,7.574844e-01,1.619218e-01,3.656665e-02,6.423471e-04,6.632037e-03,4.259286e-03
2.245348e-03,3.545350e-03,2.121363e-03,3.253976e-04,7.287981e-03,4.744953e-03,6.913519e-04,1.111059e-03,3.918490e-03,8.265362e-01,1.135005e-01,2.570566e-02,4.719852e-04,4.709506e-03,3.084942e-03
2.924812e-03,3.240634e-03,2.350001e-03,4.295758e-04,6.832174e-03,4.612611e-03,5.397870e-04,6.678907e-03,4.461876e-03,8.632202e-01,7.995152e-02,1.849342e-02,3.996553e-04,3.549384e-03,2.315525e-03
7.419051e-03,3.527819e-03,3.062245e-03,1.213760e-03,2.158573e-02,4.654225e-03,6.884377e-04,1.869756e-02,8.268118e-03,8.557020e-01,5.649845e-02,1.354641e-02,3.982194e-04,2.975924e-03,1.762110e-03
1.336330e-02,8.927172e-03,1.108329e-02,1.827263e-03,5.040518e-02,1.892985e-02,3.934161e-03,5.641191e-02,1.652854e-02,7.628568e-01,4.031309e-02,1.012117e-02,7.419439e-04,2.926182e-03,1.630144e-03
2.173275e-02,1.213206e-02,3.887032e-02,4.233211e-03,7.753280e-02,3.291208e-02,1.146294e-02,7.080965e-02,1.630061e-02,6.721992e-01,2.868221e-02,8.037398e-03,9.257202e-04,2.336539e-03,1.832621e-03
2.672658e-02,9.982147e-03,4.061375e-02,5.435669e-03,7.897485e-02,2.512517e-02,1.274187e-02,2.374208e-01,1.304223e-02,5.193133e-01,2.037604e-02,6.030183e-03,8.203451e-04,1.878686e-03,1.518393e-03
3.006788e-02,9.314408e-03,5.196391e-02,6.900750e-03,7.709897e-02,1.966202e-02,2.780259e-02,3.486463e-01,1.087045e-02,3.949381e-01,1.448849e-02,4.497637e-03,8.407033e-04,1.503272e-03,1.404653e-03
