1.000000e+00,0.000000e+00,0.000000e+00,0.000000e+00,0.000000e+00,0.000000e+00,0.000000e+00,0.000000e+00,0.000000e+00,0.000000e+00,0.000000e+00,0.000000e+00,0.000000e+00,0.000000e+00,0.000000e+00
1.000000e+00,0.000000e+00,0.000000e+00,0.000000e+00,0.000000e+00,0.000000e+00,0.000000e+00,0.000000e+00,0.000000e+00,0.000000e+00,0.000000e+00,0.000000e+00,0.000000e+00,0.000000e+00,0.000000e+00
1.000000e+00,0.000000e+00,0.000000e+00,0.000000e+00,0.000000e+00,0.000000e+00,0.000000e+00,0.000000e+00,0.000000e+00,0.000000e+00,0.000000e+00,0.000000e+00,0.000000e+00,0.000000e+00,0.000000e+00
1.000000e+00,0.000000e+00,0.000000e+00,0.000000e+00,0.000000e+00,0.000000e+00,0.000000e+00,0.000000e+00,0.000000e+00,0.000000e+00,0.000000e+00,0.000000e+00,0.000000e+00,0.000000e+00,0.000000e+00
1.000000e+00,0.000000e+00,0.000000e+00,0.000000e+00,0.000000e+00,0.000000e+00,0.000000e+00,0.000000e+00,0.000000e+00,0.000000e+00,0.000000e+00,0.000000e+00,0.000000e+00,0.000000e+00,0.000000e+00
1.000000e+00,0.000000e+00,0.000000e+00,0.000000e+00,0.000000e+00,0.000000e+00,0.000000e+00,0.000000e+00,0.000000e+00,0.000000e+00,0.000000e+00,0.000000e+00,0.000000e+00,0.000000e+00,0.000000e+00
1.000000e+00,0.000000e+00,0.000000e+00,0.000000e+00,0.000000e+00,0.000000e+00,0.000000e+00,0.000000e+00,0.000000e+00,0.000000e+00,0.000000e+00,0.000000e+00,0.000000e+00,0.000000e+00,0.000000e+00
1.000000e+00,0.000000e+00,0.000000e+00,0.000000e+00,0.000000e+00,0.000000e+00,0.000000e+00,0.000000e+00,0.000000e+00,0.000000e+00,0.000000e+00,0.000000e+00,0.000000e+00,0.000000e+00,0.000000e+00
1.000000e+00,0.000000e+00,0.000000e+00,0.000000e+00,0.000000e+00,0.000000e+00,0.000000e+00,0.000000e+00,0.000000e+00,0.000000e+00,0.000000e+00,0.000000e+00,0.000000e+00,0.000000e+00,0.000000e+00
1.000000e+00,0.000000e+00,0.000000e+00,0.000000e+00,0.000000e+00,0.000000e+00,0.000000e+00,0.000000e+00,0.000000e+00,0.000000e+00,0.000000e+00,0.000000e+00,0.000000e+00,0.000000e+00,0.000000e+00
1.000000e+00,0.000000e+00,0.000000e+00,0.000000e+00,0.000000e+00,0.000000e+00,0.000000e+00,0.000000e+00,0.000000e+00,0.000000e+00,0.000000e+00,0.000000e+00,0.000000e+00,0.000000e+00,0.000000e+00
1.000000e+00,0.000000e+00,0.000000e+00,0.000000e+00,0.000000e+00,0.000000e+00,0.000000e+00,0.000000e+00,0.000000e+00,0.000000e+00,0.000000e+00,0.000000e+00,0.000000e+00,0.000000e+00,0.000000e+00
1.000000e+00,0.000000e+00,0.000000e+00,0.000000e+00,0.000000e+00,0.000000e+00,0.000000e+00,0.000000e+00,0.000000e+00,0.000000e+00,0.000000e+00,0.000000e+00,0.000000e+00,0.000000e+00,0.000000e+00
1.000000e+00,0.000000e+00,0.000000e+00,0.000000e+00,0.000000e+00,0.000000e+00,0.000000e+00,0.000000e+00,0.000000e+00,0.000000e+00,0.000000e+00,0.000000e+00,0.000000e+00,0.000000e+00,0.000000e+00
1.000000e+00,0.000000e+00,0.000000e+00,0.000000e+00,0.000000e+00,0.000000e+00,0.000000e+00,0.000000e+00,0.000000e+00,0.000000e+00,0.000000e+00,0.000000e+00,0.000000e+00,0.000000e+00,0.000000e+00
1.000000e+00,0.000000e+00,0.000000e+00,0.000000e+00,0.000000e+00,0.000000e+00,0.000000e+00,0.000000e+00,0.000000e+00,0.000000e+00,0.000000e+00,0.000000e+00,0.000000e+00,0.000000e+00,0.000000e+00
1.000000e+00,0.000000e+00,0.000000e+00,0.000000e+00,0.000000e+00,0.000000e+00,0.000000e+00,0.000000e+00,0.000000e+00,0.000000e+00,0.000000e+00,0.000000e+00,0.000000e+00,0.000000e+00,0.000000e+00
1.000000e+00,0.000000e+00,0.000000e+00,0.000000e+00,0.000000e+00,0.000000e+00,0.000000e+00,0.000000e+00,0.000000e+00,0.000000e+00,0.000000e+00,0.000000e+00,0.000000e+00,0.000000e+00,0.000000e+00
1.000000e+00,0.000000e+00,0.000000e+00,0.000000e+00,0.000000e+00,0.000000e+00,0.000000e+00,0.000000e+00,0.000000e+00,0.000000e+00,0.000000e+00,0.000000e+00,0.000000e+00,0.000000e+00,0.000000e+00
1.000000e+00,0.000000e+00,0.000000e+00,0.000000e+00,0.000000e+00,0.000000e+00,0.000000e+00,0.000000e+00,0.000000e+00,0.000000e+00,0.000000e+00,0.000000e+00,0.000000e+00,0.000000e+00,0.000000e+00
1.000000e+00,0.000000e+00,0.000000e+00,0.000000e+00,0.000000e+00,0.000000e+00,0.000000e+00,0.000000e+00,0.000000e+00,0.000000e+00,0.000000e+00,0.000000e+00,0.000000e+00,0.000000e+00,0.000000e+00
1.000000e+00,0.000000e+00,0.000000e+00,0.000000e+00,0.000000e+00,0.000000e+00,0.000000e+00,0.000000e+00,0.000000e+00,0.000000e+00,0.000000e+00,0.000000e+00,0.000000e+00,0.000000e+00,0.000000e+00
1.000000e+00,0.000000e+00,0.000000e+00,0.000000e+00,0.000000e+00,0.000000e+00,0.000000e+00,0.000000e+00,0.000000e+00,0.000000e+00,0.000000e+00,0.000000e+00,0.000000e+00,0.000000e+00,0.000000e+00
1.000000e+00,0.000000e+00,0.000000e+00,0.000000e+00,0.000000e+00,0.000000e+00,0.000000e+00,0.000000e+00,0.000000e+00,0.000000e+00,0.000000e+00,0.000000e+00,0.000000e+00,0.000000e+00,0.000000e+00
1.000000e+00,0.000000e+00,0.000000e+00,0.000000e+00,0.000000e+00,0.000000e+00,0.000000e+00,0.000000e+00,0.000000e+00,0.000000e+00,0.000000e+00,0.000000e+00,0.000000e+00,0.000000e+00,0.000000e+00
1.000000e+00,0.000000e+00,0.000000e+00,0.000000e+00,0.000000e+00,0.000000e+00,0.000000e+00,0.000000e+00,0.000000e+00,0.000000e+00,0.000000e+00,0.000000e+00,0.000000e+00,0.000000e+00,0.000000e+00
1.000000e+00,0.000000e+00,0.000000e+00,0.000000e+00,0.000000e+00,0.000000e+00,0.000000e+00,0.000000e+00,0.000000e+00,0.000000e+00,0.000000e+00,0.000000e+00,0.000000e+00,0.000000e+00,0.000000e+00
1.000000e+00,0.000000e+00,0.000000e+00,0.000000e+00,0.000000e+00,0.000000e+00,0.000000e+00,0.000000e+00,0.000000e+00,0.000000e+00,0.000000e+00,0.000000e+00,0.000000e+00,0.000000e+00,0.000000e+00
1.000000e+00,0.000000e+00,0.000000e+00,0.000000e+00,0.000000e+00,0.000000e+00,0.000000e+00,0.000000e+00,0.000000e+00,0.000000e+00,0.000000e+00,0.000000e+00,0.000000e+00,0.000000e+00,0.000000e+00
1.000000e+00,0.000000e+00,0.000000e+00,0.000000e+00,0.000000e+00,0.000000e+00,0.000000e+00,0.000000e+00,0.000000e+00,0.000000e+00,0.000000e+00,0.000000e+00,0.000000e+00,0.000000e+00,0.000000e+00
1.000000e+00,0.000000e+00,0.000000e+00,0.000000e+00,0.000000e+00,0.000000e+00,0.000000e+00,0.000000e+00,0.000000e+00,0.000000e+00,0.000000e+00,0.000000e+00,0.000000e+00,0.000000e+00,0.000000e+00
1.000000e+00,0.000000e+00,0.000000e+00,0.000000e+00,0.000000e+00,0.000000e+00,0.000000e+00,0.000000e+00,0.000000e+00,0.000000e+00,0.000000e+00,0.000000e+00,0.000000e+00,0.000000e+00,0.000000e+00
1.000000e+00,0.000000e+00,0.000000e+00,0.000000e+00,0.000000e+00,0.000000e+00,0.000000e+00,0.000000e+00,0.000000e+00,0.000000e+00,0.000000e+00,0.000000e+00,0.000000e+00,0.000000e+00,0.000000e+00
1.000000e+00,0.000000e+00,0.000000e+00,0.000000e+00,0.000000e+00,0.000000e+00,0.000000e+00,0.000000e+00,0.000000e+00,0.000000e+00,0.000000e+00,0.000000e+00,0.000000e+00,0.000000e+00,0.000000e+00
1.000000e+00,0.000000e+00,0.000000e+00,0.000000e+00,0.000000e+00,0.000000e+00,0.000000e+00,0.000000e+00,0.000000e+00,0.000000e+00,0.000000e+00,0.000000e+00,0.000000e+00,0.000000e+00,0.000000e+00
1.000000e+00,0.000000e+00,0.000000e+00,0.000000e+00,0.000000e+00,0.000000e+00,0.000000e+00,0.000000e+00,0.000000e+00,0.000000e+00,0.000000e+00,0.000000e+00,0.000000e+00,0.000000e+00,0.000000e+00
1.000000e+00,0.000000e+00,0.000000e+00,0.000000e+00,0.000000e+00,0.000000e+00,0.000000e+00,0.000000e+00,0.000000e+00,0.000000e+00,0.000000e+00,0.000000e+00,0.000000e+00,0.000000e+00,0.000000e+00
1.000000e+00,0.000000e+00,0.000000e+00,0.000000e+00,0.000000e+00,0.000000e+00,0.000000e+00,0.000000e+00,0.000000e+00,0.000000e+00,0.000000e+00,0.000000e+00,0.000000e+00,0.000000e+00,0.000000e+00
1.000000e+00,0.000000e+00,0.000000e+00,0.000000e+00,0.000000e+00,0.000000e+00,0.000000e+00,0.000000e+00,0.000000e+00,0.000000e+00,0.000000e+00,0.000000e+00,0.000000e+00,0.000000e+00,0.000000e+00
1.000000e+00,0.000000e+00,0.000000e+00,0.000000e+00,0.000000e+00,0.000000e+00,0.000000e+00,0.000000e+00,0.000000e+00,0.000000e+00,0.000000e+00,0.000000e+00,0.000000e+00,0.000000e+00,0.000000e+00
1.000000e+00,0.000000e+00,0.000000e+00,0.000000e+00,0.000000e+00,0.000000e+00,0.000000e+00,0.000000e+00,0.000000e+00,0.000000e+00,0.000000e+00,0.000000e+00,0.000000e+00,0.000000e+00,0.000000e+00
1.000000e+00,0.000000e+00,0.000000e+00,0.000000e+00,0.000000e+00,0.000000e+00,0.000000e+00,0.000000e+00,0.000000e+00,0.000000e+00,0.000000e+00,0.000000e+00,0.000000e+00,0.000000e+00,0.000000e+00
1.000000e+00,0.000000e+00,0.000000e+00,0.000000e+00,0.000000e+00,0.000000e+00,0.000000e+00,0.000000e+00,0.000000e+00,0.000000e+00,0.000000e+00,0.000000e+00,0.000000e+00,0.000000e+00,0.000000e+00
1.000000e+00,0.000000e+00,0.000000e+00,0.000000e+00,0.000000e+00,0.000000e+00,0.000000e+00,0.000000e+00,0.000000e+00,0.000000e+00,0.000000e+00,0.000000e+00,0.000000e+00,0.000000e+00,0.000000e+00
1.000000e+00,0.000000e+00,0.000000e+00,0.000000e+00,0.000000e+00,0.000000e+00,0.000000e+00,0.000000e+00,0.000000e+00,0.000000e+00,0.000000e+00,0.000000e+00,0.000000e+00,0.000000e+00,0.000000e+00
1.000000e+00,0.000000e+00,0.000000e+00,0.000000e+00,0.000000e+00,0.000000e+00,0.000000e+00,0.000000e+00,0.000000e+00,0.000000e+00,0.000000e+00,0.000000e+00,0.000000e+00,0.000000e+00,0.000000e+00
1.000000e+00,0.000000e+00,0.000000e+00,0.000000e+00,0.000000e+00,0.000000e+00,0.000000e+00,0.000000e+00,0.000000e+00,0.000000e+00,0.000000e+00,0.000000e+00,0.000000e+00,0.000000e+00,0.000000e+00
1.000000e+00,0.000000e+00,0.000000e+00,0.000000e+00,0.000000e+00,0.000000e+00,0.000000e+00,0.000000e+00,0.000000e+00,0.000000e+00,0.000000e+00,0.000000e+00,0.000000e+00,0.000000e+00,0.000000e+00
1.000000e+00,0.000000e+00,0.000000e+00,0.000000e+00,0.000000e+00,0.000000e+00,0.000000e+00,0.000000e+00,0.000000e+00,0.000000e+00,0.000000e+00,0.000000e+00,0.000000e+00,0.000000e+00,0.000000e+00
1.000000e+00,0.000000e+00,0.000000e+00,0.000000e+00,0.000000e+00,0.000000e+00,0.000000e+00,0.000000e+00,0.000000e+00,0.000000e+00,0.000000e+00,0.000000e+00,0.000000e+00,0.000000e+00,0.000000e+00
1.000000e+00,0.000000e+00,0.000000e+00,0.000000e+00,0.000000e+00,0.000000e+00,0.000000e+00,0.000000e+00,0.000000e+00,0.000000e+00,0.000000e+00,0.000000e+00,0.000000e+00,0.000000e+00,0.000000e+00
1.000000e+00,0.000000e+00,0.000000e+00,0.000000e+00,0.000000e+00,0.000000e+00,0.000000e+00,0.000000e+00,0.000000e+00,0.000000e+00,0.000000e+00,0.000000e+00,0.000000e+00,0.000000e+00,0.000000e+00
1.000000e+00,0.000000e+00,0.000000e+00,0.000000e+00,0.000000e+00,0.000000e+00,0.000000e+00,0.000000e+00,0.000000e+00,0.000000e+00,0.000000e+00,0.000000e+00,0.000000e+00,0.000000e+00,0.000000e+00
1.000000e+00,0.000000e+00,0.000000e+00,0.000000e+00,0.000000e+00,0.000000e+00,0.000000e+00,0.000000e+00,0.000000e+00,0.000000e+00,0.000000e+00,0.000000e+00,0.000000e+00,0.000000e+00,0.000000e+00
1.000000e+00,0.000000e+00,0.000000e+00,0.000000e+00,0.000000e+00,0.000000e+00,0.000000e+00,0.000000e+00,0.000000e+00,0.000000e+00,0.000000e+00,0.000000e+00,0.000000e+00,0.000000e+00,0.000000e+00
1.000000e+00,0.000000e+00,0.000000e+00,0.000000e+00,0.000000e+00,0.000000e+00,0.000000e+00,0.000000e+00,0.000000e+00,0.000000e+00,0.000000e+00,0.000000e+00,0.000000e+00,0.000000e+00,0.000000e+00
3.829278e-01,1.341781e-02,2.250438e-02,4.653646e-01,4.324956e-03,8.312102e-03,2.432510e-03,9.869191e-03,4.479425e-03,1.335751e-03,5.066955e-02,9.528653e-03,9.184287e-03,1.790319e-03,1.385867e-02
2.680638e-01,9.504952e-03,1.594616e-02,5.400518e-01,3.181894e-03,5.953221e-03,1.705228e-03,6.915659e-03,3.534697e-03,1.715947e-03,9.329500e-02,3.214935e-02,6.890874e-03,1.282540e-03,9.808903e-03
1.876558e-01,6.681220e-03,1.122171e-02,5.008668e-01,2.508504e-03,4.256004e-03,1.199169e-03,4.869126e-03,2.579085e-03,1.305449e-03,8.621584e-02,1.779231e-01,4.878576e-03,9.193930e-04,6.920269e-03
1.313634e-01,4.681226e-03,7.863777e-03,3.554471e-01,2.949653e-03,3.058703e-03,8.404162e-04,3.421376e-03,1.855503e-03,9.685491e-04,7.188916e-02,4.067090e-01,3.434120e-03,6.606810e-04,4.857289e-03
9.196831e-02,3.284662e-03,5.513578e-03,2.490312e-01,3.276865e-02,2.194997e-03,5.886900e-04,2.395821e-03,1.430257e-03,8.114650e-04,7.523242e-02,5.283488e-01,2.469244e-03,5.433799e-04,3.418524e-03
6.440132e-02,2.308314e-03,3.870682e-03,1.744693e-01,4.186736e-02,1.671382e-03,4.128939e-04,1.681521e-03,1.226673e-03,6.923423e-04,7.879046e-02,6.238871e-01,1.797550e-03,5.139048e-04,2.409165e-03
4.510652e-02,1.686104e-03,2.719763e-03,1.222512e-01,6.213441e-02,3.415197e-03,2.942408e-04,1.189693e-03,1.204009e-03,5.777766e-04,7.422538e-02,6.813571e-01,1.375175e-03,6.648168e-04,1.798493e-03
3.160669e-02,1.342131e-03,1.910003e-03,8.576486e-02,8.793685e-02,4.322256e-03,2.140701e-04,8.478638e-04,1.554214e-03,7.565172e-04,6.148773e-02,7.187570e-01,1.172645e-03,7.246476e-04,1.602493e-03
2.222103e-02,1.503884e-03,1.349569e-03,6.036182e-02,1.241092e-01,5.384251e-03,1.645017e-04,6.304283e-04,3.133204e-03,1.236591e-03,5.037841e-02,7.256582e-01,1.082896e-03,1.079763e-03,1.706261e-03
1.563117e-02,1.184949e-03,9.545658e-04,4.267302e-02,1.083874e-01,5.645511e-03,1.430363e-04,5.470404e-04,2.748762e-03,1.030685e-03,3.894449e-02,7.788198e-01,8.824294e-04,1.108482e-03,1.298634e-03
1.102684e-02,9.493850e-04,6.741252e-04,3.006260e-02,1.112692e-01,4.686337e-03,1.085159e-04,4.420625e-04,2.344661e-03,8.544053e-04,3.388961e-02,8.007791e-01,8.276703e-04,1.110889e-03,9.745937e-04
9.030779e-03,6.991666e-04,4.894561e-04,2.127192e-02,8.643442e-02,6.369813e-03,1.138216e-04,4.846730e-04,1.948201e-03,8.628560e-04,3.039666e-02,8.391283e-01,8.188173e-04,1.120663e-03,8.304425e-04
8.673622e-03,5.679459e-04,4.800959e-04,1.502701e-02,7.162606e-02,9.418599e-03,2.237197e-04,1.685916e-03,1.808287e-03,8.476455e-04,2.740368e-02,8.599626e-01,6.909435e-04,9.479583e-04,6.358824e-04
6.512490e-03,1.061279e-03,5.053141e-04,1.113995e-02,1.248884e-01,9.274409e-03,6.513760e-04,3.296921e-03,5.553589e-03,9.862229e-04,2.558817e-02,8.081030e-01,7.069745e-04,9.504136e-04,7.814269e-04
5.110723e-03,1.028346e-03,8.816102e-04,8.126582e-03,1.273531e-01,8.370762e-03,1.889742e-03,9.333691e-03,1.181763e-02,8.986304e-04,3.568614e-02,7.865330e-01,8.046665e-04,1.468210e-03,6.971267e-04
4.199944e-03,1.199927e-03,1.420121e-03,5.895342e-03,2.125692e-01,7.153615e-03,3.064503e-03,9.519613e-03,2.573425e-02,7.479912e-04,3.041744e-02,6.950510e-01,8.184823e-04,1.593555e-03,6.150063e-04
3.681928e-03,9.768638e-04,2.046397e-03,4.351712e-03,1.691201e-01,6.985900e-03,3.775802e-03,1.316939e-02,2.465769e-02,1.177148e-03,4.723902e-02,7.187455e-01,2.026595e-03,1.557657e-03,4.882707e-04
3.388174e-03,1.004760e-03,3.084661e-03,3.331334e-03,1.494281e-01,5.472064e-03,3.602460e-03,1.543344e-02,6.012780e-02,1.137107e-03,5.365773e-02,6.947230e-01,3.773062e-03,1.426360e-03,4.098700e-04
4.192209e-03,3.368572e-03,1.508761e-02,2.858872e-03,1.583758e-01,4.248644e-03,2.791007e-03,1.388127e-02,8.420391e-02,1.136032e-03,5.225341e-02,6.464770e-01,8.827151e-03,1.713993e-03,5.844542e-04
3.569816e-03,7.206310e-03,1.846757e-02,2.542593e-03,1.215258e-01,4.103811e-03,2.026839e-03,1.334053e-02,1.807286e-01,1.179749e-03,6.055818e-02,5.724490e-01,9.973134e-03,1.810307e-03,5.176938e-04
3.341653e-03,7.507695e-03,1.938878e-02,1.975840e-03,1.175202e-01,3.341933e-03,1.735963e-03,1.375437e-02,2.974900e-01,1.029950e-03,5.026284e-02,4.702881e-01,1.040380e-02,1.532672e-03,4.262752e-04
5.133594e-03,6.940341e-03,2.298246e-02,1.733433e-03,1.019340e-01,3.646738e-03,1.682493e-03,2.286527e-02,3.890037e-01,1.418249e-03,4.879919e-02,3.767309e-01,1.492922e-02,1.811366e-03,3.890138e-04
4.495364e-03,5.536944e-03,1.691657e-02,1.351241e-03,7.633328e-02,4.402733e-03,1.463472e-03,2.090233e-02,4.635910e-01,1.150630e-03,4.721396e-02,3.347192e-01,2.012821e-02,1.490486e-03,3.044802e-04
3.672701e-03,4.347624e-03,1.189450e-02,9.603464e-04,6.043608e-02,4.490607e-03,1.358088e-03,1.500326e-02,5.926558e-01,8.429590e-04,3.570876e-02,2.489761e-01,1.837298e-02,1.059648e-03,2.205681e-04
4.401079e-03,4.130242e-03,8.878303e-03,8.995422e-04,5.912828e-02,6.433785e-03,1.085972e-03,1.482420e-02,6.778092e-01,6.611441e-04,2.587811e-02,1.790540e-01,1.581762e-02,8.120501e-04,1.863553e-04
5.672751e-03,4.475266e-03,6.738628e-03,8.220492e-04,6.206703e-02,8.616086e-03,1.043187e-03,1.510195e-02,7.316142e-01,5.655222e-04,1.888652e-02,1.296376e-01,1.394041e-02,6.489010e-04,1.698742e-04
7.080371e-03,4.263543e-03,4.878591e-03,8.329194e-04,8.791919e-02,9.377563e-03,1.733004e-03,1.509427e-02,7.515842e-01,4.659077e-04,1.350004e-02,9.227269e-02,1.030406e-02,5.042934e-04,1.893447e-04
7.742053e-03,4.009330e-03,3.576219e-03,1.139813e-03,1.212186e-01,9.063886e-03,2.258941e-03,1.876703e-02,7.489150e-01,4.165499e-04,9.592295e-03,6.510513e-02,7.554362e-03,3.724932e-04,2.682889e-04
9.673730e-03,4.007619e-03,2.820625e-03,1.005855e-03,1.642315e-01,9.714109e-03,1.490629e-02,2.893634e-02,7.042443e-01,3.607073e-04,6.793700e-03,4.571511e-02,7.029802e-03,2.763812e-04,2.838926e-04
1.051447e-02,3.247954e-03,2.842695e-03,1.563695e-03,2.204090e-01,8.608907e-03,1.862140e-02,1.476984e-01,5.434530e-01,3.215331e-04,4.810833e-03,3.211023e-02,5.196900e-03,2.021771e-04,3.987153e-04
1.293917e-02,2.439925e-03,2.405854e-03,1.251112e-03,2.611007e-01,7.774225e-03,3.450382e-02,2.384531e-01,4.084461e-01,2.528322e-04,3.437756e-03,2.254203e-02,3.979225e-03,1.450438e-04,3.290321e-04
1.339835e-02,1.885684e-03,2.115095e-03,1.198596e-03,2.217872e-01,6.594336e-03,5.927532e-02,3.581762e-01,3.127968e-01,1.998917e-04,2.493261e-03,1.588741e-02,3.806885e-03,1.080056e-04,2.769631e-04
1.873923e-02,1.773376e-03,1.752399e-03,1.067533e-03,1.914362e-01,6.592617e-03,8.444590e-02,4.144667e-01,2.607495e-01,1.663222e-04,1.972043e-03,1.130577e-02,5.189181e-03,8.474704e-05,2.584778e-04
2.378479e-02,1.375219e-03,1.411139e-03,9.118945e-04,1.407810e-01,6.057962e-03,7.025316e-02,5.512865e-01,1.898056e-01,1.361018e-04,1.529824e-03,8.130988e-03,4.234230e-03,6.487953e-05,2.366484e-04
1.964976e-02,9.941205e-04,1.089590e-03,8.933888e-04,1.033517e-01,4.670885e-03,5.096477e-02,6.739943e-01,1.341162e-01,9.927914e-05,1.107449e-03,5.744393e-03,3.096770e-03,4.705956e-05,1.803088e-04
1.721658e-02,7.452684e-04,8.138643e-04,8.693340e-04,7.737555e-02,3.719453e-03,3.736865e-02,7.584418e-01,9.605049e-02,7.060585e-05,8.020509e-04,4.060410e-03,2.289621e-03,3.559812e-05,1.407695e-04
1.517147e-02,5.489241e-04,6.098304e-04,6.946881e-04,5.675457e-02,3.024040e-03,2.787693e-02,8.221307e-01,6.779949e-02,5.044269e-05,5.872963e-04,2.869364e-03,1.751022e-03,2.715882e-05,1.041244e-04
1.322291e-02,4.049416e-04,4.685107e-04,6.049285e-04,4.134418e-02,2.636774e-03,2.061933e-02,8.689877e-01,4.773273e-02,3.657284e-05,4.405155e-04,2.059164e-03,1.340853e-03,2.177610e-05,7.920196e-05
1.181976e-02,3.138435e-04,4.142724e-04,5.561262e-04,3.237049e-02,2.117546e-03,1.524075e-02,9.007697e-01,3.352525e-02,2.752262e-05,3.236916e-04,1.462740e-03,9.767282e-04,1.777389e-05,6.391296e-05
1.002233e-02,2.528999e-04,3.474260e-04,5.051743e-04,3.092620e-02,1.582403e-03,1.089768e-02,9.198791e-01,2.352691e-02,2.006952e-05,2.389105e-04,1.032662e-03,7.045189e-04,1.422818e-05,4.961675e-05
9.112939e-03,2.012210e-04,3.020517e-04,4.594188e-04,2.666082e-02,1.171283e-03,7.925525e-03,9.361414e-01,1.652710e-02,1.515082e-05,1.823509e-04,7.361239e-04,5.138151e-04,1.131178e-05,3.957239e-05
9.348989e-03,1.669278e-04,3.358485e-04,5.787164e-04,2.150112e-02,8.879906e-04,5.731287e-03,9.486903e-01,1.160705e-02,1.503846e-05,1.496597e-04,5.503210e-04,3.863474e-04,1.191770e-05,3.854863e-05
1.340165e-02,1.428949e-04,3.000745e-04,6.718510e-04,1.735811e-02,6.932335e-04,4.130750e-03,9.542040e-01,8.161939e-03,1.552460e-05,1.248695e-04,4.359195e-04,3.084133e-04,1.263988e-05,3.815813e-05
1.801527e-02,1.374117e-04,2.824885e-04,6.721375e-04,1.378860e-02,7.373689e-04,2.981620e-03,9.561850e-01,5.835634e-03,2.572977e-05,2.255923e-04,5.326174e-04,4.602491e-04,1.775687e-05,1.026304e-04
4.119300e-02,1.551251e-04,2.431276e-04,5.784144e-04,1.099863e-02,7.370277e-04,2.173421e-03,9.312494e-01,4.295035e-03,3.815156e-05,1.503251e-03,2.416220e-03,4.238094e-03,3.859433e-05,1.425264e-04
5.205426e-02,2.181258e-04,2.363208e-04,1.176263e-03,9.241467e-03,1.244307e-03,1.592919e-03,7.560807e-01,3.929772e-03,5.322961e-04,2.263736e-02,1.609111e-02,1.336432e-01,3.854337e-04,9.365475e-04
4.035083e-02,1.666509e-04,1.766385e-04,2.108674e-03,6.942370e-03,1.306799e-03,1.141043e-03,5.419385e-01,3.151252e-03,6.007266e-04,5.232427e-02,3.225252e-02,3.157316e-01,6.075101e-04,1.200665e-03
2.958489e-02,1.319256e-04,1.432566e-04,1.758147e-03,5.302101e-03,1.103186e-03,8.129987e-04,3.817960e-01,2.809645e-03,5.359782e-04,7.211491e-02,3.774574e-02,4.637216e-01,5.927350e-04,1.846903e-03
2.186989e-02,1.333561e-04,1.921627e-04,4.173243e-03,4.011055e-03,8.885438e-04,5.784781e-04,2.686718e-01,6.421882e-03,5.363899e-04,9.905209e-02,4.229543e-02,5.491055e-01,5.221635e-04,1.548058e-03
1.641563e-02,1.631510e-04,7.186616e-04,3.578807e-03,3.155435e-03,9.276817e-04,4.293062e-04,1.895820e-01,1.062908e-02,9.272048e-04,1.343776e-01,5.796674e-02,5.738237e-01,9.123753e-04,6.392702e-03
1.266049e-02,3.185488e-04,1.161582e-03,3.438616e-03,2.734220e-03,8.901317e-04,3.446270e-04,1.336762e-01,2.377056e-02,1.770286e-03,1.411508e-01,7.457981e-02,5.609953e-01,2.403015e-03,4.010568e-02
9.186855e-03,8.445235e-04,3.626565e-03,2.937519e-03,3.020473e-03,6.798746e-04,2.846526e-04,1.058911e-01,5.435546e-02,2.153652e-03,1.135561e-01,7.863161e-02,5.775537e-01,3.016037e-03,4.426183e-02
6.624143e-03,1.459648e-03,5.071411e-03,2.423917e-03,4.767038e-03,5.007639e-04,2.196487e-04,8.345524e-02,1.448724e-01,2.202734e-03,8.560368e-02,7.643325e-02,5.465209e-01,2.940877e-03,3.690441e-02
5.818994e-03,1.949507e-03,9.777307e-03,4.651090e-03,5.326175e-03,5.907459e-04,1.750009e-04,7.560655e-02,1.828758e-01,3.576449e-03,8.375821e-02,8.774956e-02,5.049153e-01,3.752127e-03,2.947731e-02
4.794352e-03,3.590019e-03,1.827552e-02,5.457190e-03,1.423790e-02,8.590703e-04,1.961643e-04,1.133526e-01,2.733539e-01,3.917739e-03,6.507377e-02,7.920640e-02,3.886951e-01,4.763803e-03,2.422660e-02
4.029378e-03,6.011576e-03,1.847895e-02,5.703308e-03,2.398195e-02,8.156788e-04,1.575166e-04,1.292704e-01,3.952793e-01,3.121418e-03,4.996189e-02,6.075847e-02,2.800020e-01,4.279985e-03,1.814824e-02
4.435166e-03,1.238738e-02,1.617675e-02,6.489836e-03,2.240777e-02,1.076276e-03,1.303652e-04,1.390174e-01,4.912812e-01,2.519941e-03,3.787565e-02,4.904301e-02,1.992587e-01,4.513729e-03,1.338686e-02
6.767940e-03,2.376754e-02,1.991577e-02,6.168584e-03,3.354104e-02,1.102346e-03,1.264780e-04,1.632996e-01,5.218264e-01,2.049170e-03,2.851444e-02,3.713030e-02,1.409424e-01,4.733030e-03,1.011499e-02
1.163456e-02,4.780659e-02,1.734373e-02,7.037383e-02,3.218223e-02,2.756838e-03,1.458504e-04,1.195073e-01,5.280493e-01,3.353454e-03,2.243026e-02,2.806862e-02,1.005306e-01,4.299371e-03,1.151750e-02
3.537459e-02,3.665977e-02,2.055593e-02,6.626907e-02,4.998865e-02,3.415261e-03,5.118885e-04,1.594548e-01,4.803074e-01,2.910387e-03,2.607832e-02,2.654637e-02,7.610980e-02,6.291588e-03,9.526196e-03
8.777063e-02,2.913989e-02,1.521603e-02,4.922704e-02,4.030252e-02,3.915619e-03,7.344280e-04,1.166590e-01,4.339201e-01,2.535601e-03,6.758837e-02,4.990505e-02,8.211219e-02,1.291147e-02,8.062042e-03
1.235960e-01,2.916665e-02,1.329407e-02,3.845531e-02,3.895765e-02,4.094536e-03,1.092399e-03,9.344010e-02,3.708622e-01,2.106147e-03,1.016768e-01,6.517164e-02,8.252759e-02,2.373375e-02,1.182515e-02
1.308261e-01,2.514959e-02,1.729940e-02,3.186074e-02,3.743143e-02,3.800406e-03,1.348535e-03,1.416495e-01,3.143988e-01,1.617818e-03,9.897825e-02,7.011040e-02,9.409614e-02,2.139073e-02,1.004217e-02
1.319914e-01,1.971200e-02,2.465076e-02,4.082254e-02,3.683510e-02,4.476450e-03,1.191746e-03,2.048610e-01,2.486061e-01,2.320801e-03,8.654478e-02,6.883508e-02,9.642331e-02,1.959642e-02,1.313253e-02
1.024791e-01,1.413415e-02,2.081044e-02,3.206464e-02,3.137867e-02,3.490804e-03,9.763504e-04,4.143824e-01,1.771942e-01,1.725847e-03,6.143175e-02,4.860083e-02,6.797113e-02,1.395521e-02,9.404416e-03
7.814052e-02,1.006900e-02,1.640833e-02,2.404926e-02,2.492508e-02,2.697798e-03,8.139030e-04,5.736483e-01,1.255765e-01,1.281512e-03,4.353410e-02,3.441238e-02,4.787680e-02,9.863353e-03,6.703190e-03
5.747619e-02,7.203611e-03,1.206558e-02,1.704095e-02,1.869503e-02,2.159959e-03,6.743763e-04,6.951780e-01,8.839326e-02,9.394701e-04,3.063930e-02,2.419120e-02,3.361287e-02,6.936318e-03,4.793901e-03
4.234872e-02,5.132588e-03,8.679169e-03,1.204778e-02,1.459382e-02,1.665159e-03,5.959190e-04,7.818427e-01,6.209079e-02,6.681167e-04,2.150686e-02,1.698259e-02,2.358469e-02,4.866916e-03,3.394232e-03
3.184073e-02,3.690775e-03,6.231137e-03,8.550797e-03,1.435600e-02,1.324342e-03,6.775865e-04,8.398234e-01,4.356272e-02,4.766988e-04,1.514467e-02,1.191675e-02,1.655228e-02,3.451567e-03,2.400596e-03
2.528992e-02,2.641997e-03,4.446501e-03,6.169641e-03,1.318994e-02,1.145882e-03,6.690908e-04,8.806258e-01,3.066050e-02,3.432697e-04,1.066603e-02,8.373807e-03,1.163306e-02,2.444846e-03,1.699765e-03
2.219758e-02,1.928678e-03,3.206695e-03,4.512536e-03,1.097619e-02,1.162062e-03,8.280050e-04,9.085498e-01,2.179725e-02,2.485354e-04,7.524421e-03,5.913682e-03,8.201456e-03,1.737114e-03,1.216114e-03
1.985997e-02,1.502934e-03,2.387614e-03,3.348717e-03,8.490974e-03,1.231518e-03,7.949375e-04,9.290366e-01,1.551179e-02,1.863183e-04,5.383670e-03,4.284106e-03,5.803596e-03,1.262439e-03,9.148950e-04
2.012550e-02,1.166123e-03,1.848608e-03,2.576026e-03,6.340855e-03,1.227476e-03,8.577233e-04,9.416932e-01,1.116300e-02,1.455056e-04,3.899861e-03,3.228806e-03,4.118972e-03,9.201626e-04,6.881924e-04
3.617139e-02,1.029803e-03,1.733698e-03,2.335215e-03,5.997011e-03,2.937149e-03,2.430828e-03,9.283854e-01,8.602059e-03,1.501084e-04,2.931556e-03,2.882319e-03,3.154782e-03,6.852485e-04,5.734788e-04
8.583190e-02,1.096060e-03,2.598455e-03,2.848058e-03,5.435246e-03,6.613436e-03,4.311380e-03,8.740730e-01,6.465408e-03,2.112334e-04,2.580802e-03,3.696378e-03,2.723264e-03,6.475871e-04,8.677390e-04
9.415921e-02,9.285478e-04,3.863437e-03,3.259868e-03,4.295084e-03,8.543346e-03,5.378632e-03,8.633551e-01,5.008355e-03,2.995934e-04,2.394456e-03,4.475468e-03,2.318748e-03,6.274317e-04,1.092694e-03
1.454353e-01,9.444802e-04,3.379083e-03,3.815551e-03,3.565017e-03,1.014845e-02,4.490132e-03,7.573994e-01,7.128393e-03,2.013997e-03,1.428778e-02,2.315057e-02,2.087732e-02,1.411850e-03,1.952583e-03
2.030971e-01,1.041971e-03,2.790878e-03,4.484480e-03,3.647198e-03,1.435684e-02,3.696167e-03,5.844123e-01,1.351591e-02,4.860559e-03,2.723442e-02,4.648780e-02,8.289985e-02,3.350574e-03,4.123926e-03
1.881505e-01,1.268168e-03,2.084813e-03,4.357249e-03,3.362926e-03,1.063755e-02,2.802175e-03,4.213241e-01,1.671595e-02,6.869986e-03,6.617884e-02,9.194945e-02,1.741270e-01,4.207979e-03,5.963312e-03
1.420342e-01,2.920598e-03,2.839839e-03,9.714205e-03,3.636633e-03,1.024354e-02,2.260693e-03,3.091230e-01,4.467389e-02,9.261797e-03,8.015715e-02,8.371951e-02,2.805416e-01,4.654767e-03,1.421854e-02
1.156503e-01,4.251083e-03,2.865231e-03,1.464949e-02,3.817418e-03,1.071453e-02,2.104528e-03,2.276101e-01,1.044613e-01,1.086006e-02,7.329120e-02,7.412963e-02,3.349433e-01,4.654093e-03,1.599774e-02
9.240337e-02,4.219037e-03,3.016152e-03,2.176115e-02,5.021299e-03,1.986836e-02,5.245856e-03,1.655871e-01,1.421005e-01,8.057533e-03,6.590433e-02,1.236520e-01,3.238077e-01,5.137800e-03,1.421780e-02
9.255470e-02,4.636076e-03,2.879089e-03,2.669175e-02,6.341895e-03,2.564056e-02,4.315406e-03,1.174593e-01,1.477513e-01,6.071604e-03,6.266711e-02,1.247456e-01,3.613273e-01,4.692289e-03,1.222609e-02
6.836855e-02,3.644214e-03,2.355456e-03,1.935656e-02,7.096060e-03,1.931111e-02,3.944756e-03,8.293394e-02,1.062008e-01,4.791339e-03,5.246774e-02,2.219387e-01,3.937737e-01,3.809868e-03,1.000721e-02
4.881207e-02,2.657823e-03,1.794789e-03,1.362602e-02,6.452399e-03,1.390188e-02,3.027673e-03,5.823491e-02,7.518622e-02,3.637346e-03,3.827670e-02,3.852477e-01,3.370789e-01,3.088088e-03,8.977481e-03
3.446572e-02,1.925660e-03,1.442344e-03,9.545056e-03,6.573285e-03,1.012710e-02,2.315651e-03,4.084839e-02,5.317136e-02,2.737358e-03,2.829173e-02,4.540812e-01,3.423533e-01,2.425794e-03,9.696092e-03
2.435085e-02,1.457151e-03,1.319368e-03,6.687326e-03,6.236575e-03,9.237604e-03,2.059613e-03,2.865250e-02,3.765110e-02,2.146233e-03,2.017709e-02,5.966219e-01,2.543175e-01,1.893206e-03,7.192036e-03
1.727641e-02,1.204225e-03,1.707229e-03,4.695031e-03,7.367852e-03,1.024512e-02,3.157212e-03,2.034463e-02,2.699070e-02,1.863990e-03,1.476389e-02,6.717878e-01,2.097149e-01,1.650852e-03,7.230188e-03
1.369374e-02,1.292556e-03,4.581587e-03,3.337912e-03,2.280428e-02,1.651879e-02,2.168335e-02,1.690645e-02,2.026681e-02,2.007975e-03,1.111808e-02,6.895805e-01,1.674619e-01,1.564699e-03,7.181391e-03
1.037425e-02,1.480569e-03,5.995183e-03,2.724256e-03,3.458307e-02,1.688726e-02,1.558900e-02,1.906592e-02,1.582124e-02,2.220722e-03,1.144111e-02,7.228169e-01,1.339242e-01,1.454189e-03,5.622123e-03
9.352427e-03,1.183071e-02,8.151129e-03,2.418132e-03,3.165327e-02,2.016871e-02,1.142991e-02,1.829157e-02,2.898993e-02,4.375703e-03,1.428730e-02,7.277897e-01,1.043045e-01,1.754195e-03,5.202782e-03
8.954615e-03,8.237647e-02,7.418899e-03,2.676167e-03,2.574765e-02,2.184626e-02,8.742520e-03,1.367324e-02,2.073139e-01,4.729241e-03,1.238024e-02,5.243598e-01,7.412656e-02,1.317089e-03,4.337386e-03
8.961178e-03,9.514959e-02,9.394096e-03,7.479172e-03,2.460750e-02,2.744370e-02,6.933638e-03,1.133026e-02,3.639594e-01,4.651406e-03,9.187727e-03,3.736035e-01,5.264579e-02,1.017078e-03,3.635940e-03
9.008945e-03,1.194997e-01,9.148560e-03,6.959814e-03,2.070174e-02,4.854643e-02,5.725987e-03,8.610995e-03,4.536901e-01,4.529387e-03,6.736718e-03,2.628002e-01,3.720590e-02,8.761554e-04,5.959239e-03
8.651851e-03,1.379853e-01,8.902386e-03,1.070670e-02,2.369156e-02,5.284845e-02,6.404475e-03,7.267288e-03,5.020574e-01,5.042917e-03,4.848460e-03,1.842912e-01,3.340223e-02,6.964358e-04,1.320325e-02
8.438398e-03,1.808081e-01,1.220356e-02,6.275577e-02,1.814190e-02,4.222623e-02,4.575884e-03,7.830259e-03,4.407397e-01,1.054047e-02,6.495491e-03,1.303343e-01,2.758024e-02,7.148914e-04,4.661475e-02
1.702644e-02,1.772237e-01,1.192984e-02,4.846833e-02,2.570161e-02,3.854172e-02,4.850103e-03,9.710434e-03,4.615315e-01,1.155723e-02,9.873814e-03,9.443455e-02,2.758178e-02,9.892047e-04,6.057981e-02
2.131117e-02,1.920410e-01,9.874975e-03,3.876708e-02,4.254553e-02,3.474275e-02,4.473571e-03,8.301494e-03,4.740384e-01,1.104454e-02,1.258643e-02,6.978861e-02,2.558997e-02,7.523206e-04,5.414212e-02
1.915656e-02,1.677127e-01,1.903739e-02,4.664801e-02,9.029830e-02,3.432630e-02,1.042433e-02,9.928629e-03,4.703146e-01,9.600780e-03,1.026273e-02,4.918773e-02,1.950405e-02,5.783286e-04,4.301963e-02
1.426033e-02,3.409200e-01,1.523482e-02,4.312877e-02,6.443674e-02,2.445114e-02,7.389317e-03,7.085592e-03,3.757108e-01,8.117400e-03,8.064391e-03,3.463197e-02,1.419677e-02,4.200118e-04,4.195196e-02
1.066901e-02,4.204374e-01,1.575125e-02,8.818306e-02,4.581032e-02,1.787747e-02,5.200249e-03,5.321686e-03,2.840086e-01,9.986827e-03,7.360684e-03,2.461881e-02,1.140628e-02,3.227291e-04,5.304555e-02
8.129721e-03,3.731580e-01,1.393778e-02,1.623725e-01,3.316197e-02,1.643761e-02,3.775031e-03,4.495976e-03,2.283737e-01,7.169601e-03,8.404637e-03,1.845132e-02,8.320579e-02,3.249711e-04,3.860134e-02
6.762717e-03,2.802485e-01,1.144267e-02,1.934352e-01,2.549462e-02,1.415403e-02,2.735378e-03,3.581533e-03,1.657643e-01,5.147976e-03,1.021508e-02,1.581904e-02,2.362362e-01,2.752231e-04,2.868754e-02
5.432692e-03,1.986066e-01,8.329268e-03,1.428918e-01,1.822291e-02,1.108184e-02,2.002008e-03,2.781522e-03,1.266530e-01,4.125545e-03,1.189864e-02,1.589475e-02,4.186513e-01,1.657302e-03,3.177081e-02
5.981436e-03,1.573452e-01,7.114657e-03,1.052335e-01,1.332110e-02,1.305361e-02,1.573706e-03,3.322188e-03,1.375078e-01,3.626407e-03,1.150351e-02,1.326990e-02,4.960416e-01,1.639342e-03,2.946611e-02
5.968379e-03,1.289409e-01,6.444114e-03,8.145427e-02,9.713684e-03,2.004759e-02,1.221784e-03,3.709771e-03,1.453709e-01,3.570963e-03,1.016464e-02,1.122232e-02,5.432404e-01,1.636518e-03,2.729382e-02
8.735038e-03,1.119405e-01,7.475032e-03,6.511267e-02,7.833735e-03,4.833630e-02,1.089959e-03,6.082420e-03,1.806565e-01,3.819332e-03,1.073301e-02,1.210744e-02,5.080129e-01,1.837893e-03,2.622731e-02
1.265637e-02,1.064499e-01,7.322555e-03,5.400719e-02,7.974008e-03,5.902686e-02,9.891503e-04,6.711998e-03,2.082077e-01,4.724735e-03,1.049217e-02,1.050637e-02,4.362682e-01,4.363841e-03,7.029901e-02
2.130893e-02,7.994110e-02,6.157365e-03,4.473369e-02,6.557232e-03,5.991796e-02,8.980808e-04,5.210224e-03,1.864319e-01,5.783911e-03,1.970220e-02,2.380034e-02,4.044712e-01,3.993648e-02,9.514941e-02
1.968374e-02,5.776516e-02,4.849781e-03,3.245581e-02,5.022448e-03,4.561298e-02,7.713519e-04,3.685839e-03,1.390659e-01,5.500359e-03,2.227094e-02,2.665677e-02,3.175863e-01,1.131055e-01,2.059672e-01
2.141732e-02,4.306716e-02,4.260097e-03,2.343698e-02,4.757335e-03,3.538261e-02,7.233626e-04,2.642448e-03,1.156404e-01,8.049781e-03,2.325899e-02,3.022659e-02,2.359806e-01,2.426764e-01,2.084800e-01
8.366673e-02,3.263381e-02,3.434869e-03,1.804864e-02,5.247864e-03,2.927342e-02,1.067007e-03,2.219077e-03,1.050167e-01,8.781227e-03,3.297830e-02,9.636008e-02,2.303530e-01,1.969619e-01,1.539574e-01
1.084627e-01,2.448329e-02,2.955623e-03,1.400890e-02,6.206132e-03,2.300424e-02,1.444262e-03,2.435415e-03,8.982065e-02,8.881409e-03,3.789610e-02,1.623581e-01,2.145282e-01,1.877576e-01,1.157573e-01
9.917235e-02,2.220126e-02,2.811288e-03,1.042924e-02,5.555536e-03,1.821073e-02,1.306945e-03,1.999910e-03,6.961610e-02,1.585168e-02,3.709225e-02,1.927260e-01,1.802293e-01,2.541852e-01,8.861223e-02
7.341629e-02,1.711025e-02,2.610439e-03,7.436793e-03,5.262521e-03,1.374507e-02,1.157620e-03,1.653230e-03,5.290871e-02,2.234735e-02,3.685721e-02,2.175089e-01,1.554201e-01,3.226605e-01,6.990506e-02
5.343626e-02,1.597365e-02,8.306653e-03,5.480641e-03,4.597034e-03,1.191301e-02,1.091145e-03,1.597524e-03,4.383588e-02,8.908010e-02,4.017472e-02,1.696533e-01,1.114865e-01,3.871114e-01,5.626217e-02
4.087460e-02,1.293630e-02,7.111075e-03,4.683158e-03,9.036284e-03,9.201854e-03,1.345080e-03,3.665674e-03,4.275512e-02,9.242116e-02,5.309650e-02,2.746659e-01,8.736955e-02,3.178683e-01,4.296954e-02
3.115523e-02,9.991851e-03,6.040478e-03,4.025636e-03,1.322961e-02,7.096908e-03,1.420742e-03,5.377407e-03,4.545560e-02,1.197232e-01,5.941166e-02,3.449056e-01,7.364392e-02,2.457681e-01,3.275409e-02
2.399335e-02,7.374333e-03,5.971200e-03,5.115730e-03,1.296443e-02,6.085990e-03,1.671765e-03,9.657674e-03,3.705710e-02,1.492938e-01,6.179126e-02,3.823939e-01,6.304704e-02,2.074783e-01,2.610408e-02
1.818863e-02,5.512903e-03,5.711117e-03,4.907111e-03,3.697384e-02,4.668324e-03,1.660481e-03,1.123840e-02,4.609376e-02,1.347526e-01,6.804504e-02,4.167170e-01,7.452595e-02,1.516351e-01,1.936975e-02
1.665694e-02,4.653458e-03,8.275066e-03,5.081652e-03,3.869882e-02,5.990496e-03,2.594608e-03,1.445786e-02,4.285770e-02,1.553354e-01,6.230703e-02,4.417454e-01,7.110718e-02,1.150776e-01,1.516091e-02
1.428844e-02,3.413578e-03,6.098347e-03,3.897968e-03,3.838404e-02,8.213108e-03,2.156040e-03,1.397500e-02,3.699048e-02,1.226136e-01,6.059316e-02,5.237292e-01,7.213467e-02,8.271311e-02,1.079928e-02
1.129899e-02,2.572496e-03,4.714570e-03,2.856052e-03,8.919097e-02,6.449115e-03,2.721049e-03,1.489086e-02,7.378662e-02,9.850387e-02,4.933385e-02,5.127282e-01,6.483369e-02,5.844989e-02,7.669839e-03
9.409267e-03,2.011870e-03,4.276435e-03,2.128788e-03,1.756117e-01,5.263657e-03,3.206482e-03,1.792478e-02,8.675507e-02,7.975480e-02,3.876937e-02,4.693027e-01,5.832423e-02,4.174538e-02,5.515377e-03
1.257610e-02,1.753005e-03,3.395655e-03,1.740122e-03,1.476456e-01,4.722978e-03,2.852294e-03,2.636389e-02,9.016285e-02,9.337378e-02,3.214718e-02,4.868115e-01,6.188450e-02,3.054769e-02,4.022884e-03
1.380624e-02,1.816755e-03,2.735607e-03,1.363592e-03,1.954904e-01,4.058656e-03,2.868108e-03,2.893454e-02,1.627433e-01,8.465595e-02,2.588887e-02,3.916053e-01,5.936854e-02,2.172917e-02,2.934865e-03
1.295491e-02,1.582312e-03,2.935899e-03,1.905242e-03,2.581559e-01,3.443365e-03,2.858818e-03,6.066618e-02,1.498629e-01,9.226537e-02,1.971753e-02,3.260125e-01,5.007782e-02,1.543603e-02,2.125065e-03
1.718649e-02,2.542982e-03,3.747406e-03,2.662923e-03,2.660446e-01,3.180778e-03,2.869612e-03,7.670636e-02,1.766891e-01,1.067354e-01,2.162072e-02,2.649061e-01,4.232466e-02,1.119975e-02,1.583012e-03
2.475892e-02,3.283587e-03,3.553753e-03,3.208378e-03,2.167885e-01,6.422768e-03,2.724391e-03,9.988414e-02,2.471977e-01,1.062174e-01,1.938948e-02,2.213112e-01,3.597329e-02,7.994799e-03,1.291689e-03
4.701600e-02,2.733655e-03,7.541824e-03,5.699454e-03,1.905526e-01,1.442321e-02,2.806149e-02,1.005526e-01,2.577353e-01,9.219331e-02,1.464156e-02,2.010231e-01,3.088647e-02,5.800065e-03,1.139353e-03
4.967208e-02,2.170911e-03,1.083361e-02,5.925323e-03,2.069913e-01,1.445387e-02,1.448072e-01,7.980414e-02,2.259969e-01,6.716199e-02,1.065490e-02,1.509126e-01,2.541171e-02,4.172012e-03,1.031300e-03
4.118587e-02,1.581989e-03,1.174597e-02,7.420599e-03,1.513456e-01,1.120764e-02,2.384331e-01,1.912407e-01,1.628792e-01,4.745119e-02,7.524264e-03,1.060873e-01,1.819329e-02,2.948782e-03,7.543465e-04
3.033674e-02,1.115731e-03,8.475353e-03,5.361044e-03,1.092826e-01,8.171867e-03,4.382346e-01,1.556155e-01,1.147217e-01,3.328143e-02,5.295520e-03,7.437661e-02,1.312619e-02,2.070173e-03,5.348366e-04
2.198143e-02,7.888082e-04,6.549433e-03,3.942580e-03,8.163438e-02,5.995175e-03,4.314494e-01,2.768765e-01,8.052257e-02,2.333816e-02,3.760319e-03,5.208804e-02,9.241040e-03,1.455299e-03,3.768690e-04
1.567899e-02,5.580250e-04,4.796705e-03,2.841893e-03,6.490175e-02,4.317184e-03,3.810300e-01,4.061859e-01,5.639878e-02,1.636529e-02,2.652189e-03,3.646871e-02,6.519678e-03,1.019738e-03,2.650834e-04
1.139061e-02,3.958579e-04,3.661367e-03,2.104447e-03,5.268915e-02,3.177578e-03,3.949296e-01,4.474905e-01,3.953726e-02,1.153042e-02,1.888347e-03,2.554352e-02,4.755654e-03,7.150272e-04,1.905682e-04
8.494611e-03,2.824817e-04,2.761947e-03,1.566473e-03,4.932371e-02,2.366950e-03,3.761024e-01,4.997324e-01,2.772306e-02,8.097043e-03,1.345085e-03,1.788511e-02,3.680891e-03,5.023039e-04,1.354529e-04
6.291844e-03,2.009815e-04,2.067615e-03,1.156573e-03,4.777694e-02,1.713321e-03,3.265181e-01,5.725371e-01,1.943124e-02,5.673955e-03,9.519284e-04,1.252225e-02,2.708583e-03,3.529878e-04,9.642159e-05
4.775330e-03,1.469086e-04,1.541704e-03,8.453924e-04,4.301964e-02,1.268554e-03,2.541226e-01,6.647973e-01,1.362436e-02,3.973148e-03,6.909863e-04,8.768762e-03,2.102120e-03,2.515597e-04,7.151729e-05
4.451682e-03,1.491685e-04,1.545187e-03,6.794460e-04,4.324847e-02,1.080499e-03,1.933043e-01,7.345141e-01,9.614770e-03,2.785591e-03,5.223230e-04,6.147268e-03,1.709328e-03,1.870906e-04,6.075417e-05
5.456916e-03,1.616225e-04,1.578791e-03,5.854995e-04,3.803432e-02,8.716093e-04,1.451304e-01,7.931621e-01,6.810960e-03,1.959990e-03,4.037873e-04,4.322053e-03,1.328393e-03,1.392682e-04,5.422138e-05
7.106514e-03,2.020935e-04,1.388011e-03,5.002216e-04,3.175941e-02,8.256388e-04,1.076143e-01,8.396662e-01,4.842112e-03,1.381453e-03,3.642758e-04,3.077083e-03,1.111112e-03,1.066840e-04,5.481187e-05
1.145935e-02,2.106936e-04,1.252305e-03,5.012898e-04,2.608478e-02,1.047512e-03,8.035058e-02,8.709247e-01,3.486855e-03,9.797722e-04,3.449590e-04,2.262943e-03,9.472130e-04,8.656326e-05,6.046111e-05
1.504043e-02,1.961286e-04,1.531209e-03,7.691318e-04,2.003927e-02,1.016610e-03,5.835612e-02,8.969091e-01,2.494499e-03,7.172254e-04,3.012846e-04,1.655976e-03,7.795012e-04,8.374849e-05,1.097622e-04
2.065340e-02,2.677439e-04,1.594462e-03,9.872542e-04,1.738451e-02,1.164822e-03,4.184951e-02,9.106376e-01,1.833708e-03,5.322526e-04,4.388790e-04,1.391138e-03,9.467335e-04,9.726250e-05,2.207305e-04
2.932287e-02,3.188642e-04,1.734405e-03,1.176532e-03,1.515597e-02,1.377200e-03,3.092580e-02,9.147884e-01,1.401828e-03,4.071951e-04,5.212432e-04,1.295421e-03,1.126683e-03,1.119110e-04,3.357232e-04
3.709515e-02,3.533199e-04,2.030421e-03,2.001945e-03,1.392306e-02,1.527341e-03,2.300332e-02,9.149968e-01,1.134061e-03,3.130345e-04,5.036324e-04,1.323865e-03,1.219921e-03,1.222833e-04,4.519109e-04
5.264724e-02,4.867641e-04,2.468472e-03,2.981330e-03,1.361248e-02,2.016089e-03,1.836474e-02,9.015856e-01,1.034594e-03,2.760722e-04,6.395402e-04,1.511585e-03,1.457962e-03,1.654053e-04,7.521561e-04
