1.000000e+00,0.000000e+00,0.000000e+00,0.000000e+00,0.000000e+00,0.000000e+00,0.000000e+00,0.000000e+00,0.000000e+00,0.000000e+00,0.000000e+00,0.000000e+00,0.000000e+00,0.000000e+00,0.000000e+00
1.000000e+00,0.000000e+00,0.000000e+00,0.000000e+00,0.000000e+00,0.000000e+00,0.000000e+00,0.000000e+00,0.000000e+00,0.000000e+00,0.000000e+00,0.000000e+00,0.000000e+00,0.000000e+00,0.000000e+00
1.000000e+00,0.000000e+00,0.000000e+00,0.000000e+00,0.000000e+00,0.000000e+00,0.000000e+00,0.000000e+00,0.000000e+00,0.000000e+00,0.000000e+00,0.000000e+00,0.000000e+00,0.000000e+00,0.000000e+00
1.000000e+00,0.000000e+00,0.000000e+00,0.000000e+00,0.000000e+00,0.000000e+00,0.000000e+00,0.000000e+00,0.000000e+00,0.000000e+00,0.000000e+00,0.000000e+00,0.000000e+00,0.000000e+00,0.000000e+00
1.000000e+00,0.000000e+00,0.000000e+00,0.000000e+00,0.000000e+00,0.000000e+00,0.000000e+00,0.000000e+00,0.000000e+00,0.000000e+00,0.000000e+00,0.000000e+00,0.000000e+00,0.000000e+00,0.000000e+00
1.000000e+00,0.000000e+00,0.000000e+00,0.000000e+00,0.000000e+00,0.000000e+00,0.000000e+00,0.000000e+00,0.000000e+00,0.000000e+00,0.000000e+00,0.000000e+00,0.000000e+00,0.000000e+00,0.000000e+00
1.000000e+00,0.000000e+00,0.000000e+00,0.000000e+00,0.000000e+00,0.000000e+00,0.000000e+00,0.000000e+00,0.000000e+00,0.000000e+00,0.000000e+00,0.000000e+00,0.000000e+00,0.000000e+00,0.000000e+00
1.000000e+00,0.000000e+00,0.000000e+00,0.000000e+00,0.000000e+00,0.000000e+00,0.000000e+00,0.000000e+00,0.000000e+00,0.000000e+00,0.000000e+00,0.000000e+00,0.000000e+00,0.000000e+00,0.000000e+00
1.000000e+00,0.000000e+00,0.000000e+00,0.000000e+00,0.000000e+00,0.000000e+00,0.000000e+00,0.000000e+00,0.000000e+00,0.000000e+00,0.000000e+00,0.000000e+00,0.000000e+00,0.000000e+00,0.000000e+00
1.000000e+00,0.000000e+00,0.000000e+00,0.000000e+00,0.000000e+00,0.000000e+00,0.000000e+00,0.000000e+00,0.000000e+00,0.000000e+00,0.000000e+00,0.000000e+00,0.000000e+00,0.000000e+00,0.000000e+00
1.000000e+00,0.000000e+00,0.000000e+00,0.000000e+00,0.000000e+00,0.000000e+00,0.000000e+00,0.000000e+00,0.000000e+00,0.000000e+00,0.000000e+00,0.000000e+00,0.000000e+00,0.000000e+00,0.000000e+00
1.000000e+00,0.000000e+00,0.000000e+00,0.000000e+00,0.000000e+00,0.000000e+00,0.000000e+00,0.000000e+00,0.000000e+00,0.000000e+00,0.000000e+00,0.000000e+00,0.000000e+00,0.000000e+00,0.000000e+00
1.000000e+00,0.000000e+00,0.000000e+00,0.000000e+00,0.000000e+00,0.000000e+00,0.000000e+00,0.000000e+00,0.000000e+00,0.000000e+00,0.000000e+00,0.000000e+00,0.000000e+00,0.000000e+00,0.000000e+00
1.000000e+00,0.000000e+00,0.000000e+00,0.000000e+00,0.000000e+00,0.000000e+00,0.000000e+00,0.000000e+00,0.000000e+00,0.000000e+00,0.000000e+00,0.000000e+00,0.000000e+00,0.000000e+00,0.000000e+00
1.000000e+00,0.000000e+00,0.000000e+00,0.000000e+00,0.000000e+00,0.000000e+00,0.000000e+00,0.000000e+00,0.000000e+00,0.000000e+00,0.000000e+00,0.000000e+00,0.000000e+00,0.000000e+00,0.000000e+00
1.000000e+00,0.000000e+00,0.000000e+00,0.000000e+00,0.000000e+00,0.000000e+00,0.000000e+00,0.000000e+00,0.000000e+00,0.000000e+00,0.000000e+00,0.000000e+00,0.000000e+00,0.000000e+00,0.000000e+00
1.000000e+00,0.000000e+00,0.000000e+00,0.000000e+00,0.000000e+00,0.000000e+00,0.000000e+00,0.000000e+00,0.000000e+00,0.000000e+00,0.000000e+00,0.000000e+00,0.000000e+00,0.000000e+00,0.000000e+00
4.487882e-01,1.736520e-02,2.829615e-02,4.540671e-02,7.619578e-03,5.993189e-02,5.366281e-03,2.109454e-02,1.178714e-02,3.434742e-03,2.021615e-02,8.949700e-02,1.872449e-01,1.236624e-02,4.158526e-02
3.510595e-01,1.389341e-02,4.235195e-02,4.335063e-02,7.105149e-03,5.797467e-02,4.183600e-03,1.735543e-02,9.745438e-03,3.398261e-03,6.420156e-02,1.937091e-01,1.430906e-01,1.387357e-02,3.470720e-02
4.035003e-01,1.340773e-02,6.283608e-02,4.529184e-02,8.315987e-03,5.113943e-02,4.165097e-03,1.669390e-02,1.035637e-02,5.413286e-03,6.841493e-02,1.539190e-01,1.050881e-01,1.635762e-02,3.510032e-02
4.715170e-01,1.369569e-02,4.915245e-02,3.816874e-02,7.562350e-03,4.452109e-02,3.542318e-03,1.348057e-02,1.032607e-02,6.075055e-03,6.605101e-02,1.297418e-01,8.025059e-02,2.589944e-02,4.001590e-02
1.000000e+00,0.000000e+00,0.000000e+00,0.000000e+00,0.000000e+00,0.000000e+00,0.000000e+00,0.000000e+00,0.000000e+00,0.000000e+00,0.000000e+00,0.000000e+00,0.000000e+00,0.000000e+00,0.000000e+00
1.000000e+00,0.000000e+00,0.000000e+00,0.000000e+00,0.000000e+00,0.000000e+00,0.000000e+00,0.000000e+00,0.000000e+00,0.000000e+00,0.000000e+00,0.000000e+00,0.000000e+00,0.000000e+00,0.000000e+00
1.000000e+00,0.000000e+00,0.000000e+00,0.000000e+00,0.000000e+00,0.000000e+00,0.000000e+00,0.000000e+00,0.000000e+00,0.000000e+00,0.000000e+00,0.000000e+00,0.000000e+00,0.000000e+00,0.000000e+00
1.000000e+00,0.000000e+00,0.000000e+00,0.000000e+00,0.000000e+00,0.000000e+00,0.000000e+00,0.000000e+00,0.000000e+00,0.000000e+00,0.000000e+00,0.000000e+00,0.000000e+00,0.000000e+00,0.000000e+00
1.000000e+00,0.000000e+00,0.000000e+00,0.000000e+00,0.000000e+00,0.000000e+00,0.000000e+00,0.000000e+00,0.000000e+00,0.000000e+00,0.000000e+00,0.000000e+00,0.000000e+00,0.000000e+00,0.000000e+00
1.000000e+00,0.000000e+00,0.000000e+00,0.000000e+00,0.000000e+00,0.000000e+00,0.000000e+00,0.000000e+00,0.000000e+00,0.000000e+00,0.000000e+00,0.000000e+00,0.000000e+00,0.000000e+00,0.000000e+00
1.000000e+00,0.000000e+00,0.000000e+00,0.000000e+00,0.000000e+00,0.000000e+00,0.000000e+00,0.000000e+00,0.000000e+00,0.000000e+00,0.000000e+00,0.000000e+00,0.000000e+00,0.000000e+00,0.000000e+00
1.000000e+00,0.000000e+00,0.000000e+00,0.000000e+00,0.000000e+00,0.000000e+00,0.000000e+00,0.000000e+00,0.000000e+00,0.000000e+00,0.000000e+00,0.000000e+00,0.000000e+00,0.000000e+00,0.000000e+00
1.000000e+00,0.000000e+00,0.000000e+00,0.000000e+00,0.000000e+00,0.000000e+00,0.000000e+00,0.000000e+00,0.000000e+00,0.000000e+00,0.000000e+00,0.000000e+00,0.000000e+00,0.000000e+00,0.000000e+00
1.000000e+00,0.000000e+00,0.000000e+00,0.000000e+00,0.000000e+00,0.000000e+00,0.000000e+00,0.000000e+00,0.000000e+00,0.000000e+00,0.000000e+00,0.000000e+00,0.000000e+00,0.000000e+00,0.000000e+00
1.000000e+00,0.000000e+00,0.000000e+00,0.000000e+00,0.000000e+00,0.000000e+00,0.000000e+00,0.000000e+00,0.000000e+00,0.000000e+00,0.000000e+00,0.000000e+00,0.000000e+00,0.000000e+00,0.000000e+00
1.000000e+00,0.000000e+00,0.000000e+00,0.000000e+00,0.000000e+00,0.000000e+00,0.000000e+00,0.000000e+00,0.000000e+00,0.000000e+00,0.000000e+00,0.000000e+00,0.000000e+00,0.000000e+00,0.000000e+00
1.000000e+00,0.000000e+00,0.000000e+00,0.000000e+00,0.000000e+00,0.000000e+00,0.000000e+00,0.000000e+00,0.000000e+00,0.000000e+00,0.000000e+00,0.000000e+00,0.000000e+00,0.000000e+00,0.000000e+00
1.000000e+00,0.000000e+00,0.000000e+00,0.000000e+00,0.000000e+00,0.000000e+00,0.000000e+00,0.000000e+00,0.000000e+00,0.000000e+00,0.000000e+00,0.000000e+00,0.000000e+00,0.000000e+00,0.000000e+00
1.000000e+00,0.000000e+00,0.000000e+00,0.000000e+00,0.000000e+00,0.000000e+00,0.000000e+00,0.000000e+00,0.000000e+00,0.000000e+00,0.000000e+00,0.000000e+00,0.000000e+00,0.000000e+00,0.000000e+00
1.000000e+00,0.000000e+00,0.000000e+00,0.000000e+00,0.000000e+00,0.000000e+00,0.000000e+00,0.000000e+00,0.000000e+00,0.000000e+00,0.000000e+00,0.000000e+00,0.000000e+00,0.000000e+00,0.000000e+00
1.000000e+00,0.000000e+00,0.000000e+00,0.000000e+00,0.000000e+00,0.000000e+00,0.000000e+00,0.000000e+00,0.000000e+00,0.000000e+00,0.000000e+00,0.000000e+00,0.000000e+00,0.000000e+00,0.000000e+00
1.000000e+00,0.000000e+00,0.000000e+00,0.000000e+00,0.000000e+00,0.000000e+00,0.000000e+00,0.000000e+00,0.000000e+00,0.000000e+00,0.000000e+00,0.000000e+00,0.000000e+00,0.000000e+00,0.000000e+00
1.000000e+00,0.000000e+00,0.000000e+00,0.000000e+00,0.000000e+00,0.000000e+00,0.000000e+00,0.000000e+00,0.000000e+00,0.000000e+00,0.000000e+00,0.000000e+00,0.000000e+00,0.000000e+00,0.000000e+00
1.000000e+00,0.000000e+00,0.000000e+00,0.000000e+00,0.000000e+00,0.000000e+00,0.000000e+00,0.000000e+00,0.000000e+00,0.000000e+00,0.000000e+00,0.000000e+00,0.000000e+00,0.000000e+00,0.000000e+00
1.000000e+00,0.000000e+00,0.000000e+00,0.000000e+00,0.000000e+00,0.000000e+00,0.000000e+00,0.000000e+00,0.000000e+00,0.000000e+00,0.000000e+00,0.000000e+00,0.000000e+00,0.000000e+00,0.000000e+00
1.000000e+00,0.000000e+00,0.000000e+00,0.000000e+00,0.000000e+00,0.000000e+00,0.000000e+00,0.000000e+00,0.000000e+00,0.000000e+00,0.000000e+00,0.000000e+00,0.000000e+00,0.000000e+00,0.000000e+00
1.000000e+00,0.000000e+00,0.000000e+00,0.000000e+00,0.000000e+00,0.000000e+00,0.000000e+00,0.000000e+00,0.000000e+00,0.000000e+00,0.000000e+00,0.000000e+00,0.000000e+00,0.000000e+00,0.000000e+00
1.000000e+00,0.000000e+00,0.000000e+00,0.000000e+00,0.000000e+00,0.000000e+00,0.000000e+00,0.000000e+00,0.000000e+00,0.000000e+00,0.000000e+00,0.000000e+00,0.000000e+00,0.000000e+00,0.000000e+00
1.000000e+00,0.000000e+00,0.000000e+00,0.000000e+00,0.000000e+00,0.000000e+00,0.000000e+00,0.000000e+00,0.000000e+00,0.000000e+00,0.000000e+00,0.000000e+00,0.000000e+00,0.000000e+00,0.000000e+00
1.000000e+00,0.000000e+00,0.000000e+00,0.000000e+00,0.000000e+00,0.000000e+00,0.000000e+00,0.000000e+00,0.000000e+00,0.000000e+00,0.000000e+00,0.000000e+00,0.000000e+00,0.000000e+00,0.000000e+00
1.000000e+00,0.000000e+00,0.000000e+00,0.000000e+00,0.000000e+00,0.000000e+00,0.000000e+00,0.000000e+00,0.000000e+00,0.000000e+00,0.000000e+00,0.000000e+00,0.000000e+00,0.000000e+00,0.000000e+00
1.000000e+00,0.000000e+00,0.000000e+00,0.000000e+00,0.000000e+00,0.000000e+00,0.000000e+00,0.000000e+00,0.000000e+00,0.000000e+00,0.000000e+00,0.000000e+00,0.000000e+00,0.000000e+00,0.000000e+00
1.000000e+00,0.000000e+00,0.000000e+00,0.000000e+00,0.000000e+00,0.000000e+00,0.000000e+00,0.000000e+00,0.000000e+00,0.000000e+00,0.000000e+00,0.000000e+00,0.000000e+00,0.000000e+00,0.000000e+00
1.000000e+00,0.000000e+00,0.000000e+00,0.000000e+00,0.000000e+00,0.000000e+00,0.000000e+00,0.000000e+00,0.000000e+00,0.000000e+00,0.000000e+00,0.000000e+00,0.000000e+00,0.000000e+00,0.000000e+00
1.000000e+00,0.000000e+00,0.000000e+00,0.000000e+00,0.000000e+00,0.000000e+00,0.000000e+00,0.000000e+00,0.000000e+00,0.000000e+00,0.000000e+00,0.000000e+00,0.000000e+00,0.000000e+00,0.000000e+00
1.000000e+00,0.000000e+00,0.000000e+00,0.000000e+00,0.000000e+00,0.000000e+00,0.000000e+00,0.000000e+00,0.000000e+00,0.000000e+00,0.000000e+00,0.000000e+00,0.000000e+00,0.000000e+00,0.000000e+00
1.000000e+00,0.000000e+00,0.000000e+00,0.000000e+00,0.000000e+00,0.000000e+00,0.000000e+00,0.000000e+00,0.000000e+00,0.000000e+00,0.000000e+00,0.000000e+00,0.000000e+00,0.000000e+00,0.000000e+00
4.872657e-01,2.887737e-02,3.281332e-02,6.423450e-02,1.729583e-02,2.347257e-02,2.231922e-01,1.602213e-02,8.024902e-03,2.316152e-03,1.929110e-02,3.275194e-02,1.825725e-02,4.795673e-03,2.138943e-02
3.434247e-01,2.078500e-02,2.447302e-02,4.541709e-02,1.861179e-02,1.759943e-02,4.367680e-01,1.582028e-02,5.747417e-03,1.982643e-03,1.372808e-02,2.318070e-02,1.387826e-02,3.420895e-03,1.516272e-02
2.405462e-01,1.465125e-02,1.754753e-02,3.187660e-02,1.449307e-02,1.249496e-02,6.014202e-01,1.234967e-02,4.046830e-03,1.560079e-03,9.650907e-03,1.628045e-02,1.001733e-02,2.405200e-03,1.065987e-02
1.688821e-01,1.028865e-02,1.248828e-02,2.240854e-02,1.080131e-02,8.873537e-03,7.058740e-01,2.183437e-02,2.846746e-03,1.122560e-03,6.770222e-03,1.143813e-02,7.200748e-03,1.697973e-03,7.472980e-03
1.198090e-01,7.249312e-03,9.304787e-03,1.584426e-02,8.359725e-03,6.497217e-03,7.751870e-01,3.037936e-02,2.020867e-03,8.122841e-04,4.767774e-03,8.069836e-03,5.221581e-03,1.209194e-03,5.267830e-03
9.041239e-02,5.234937e-03,7.792891e-03,1.170622e-02,6.691743e-03,5.435721e-03,7.390840e-01,1.135019e-01,1.494205e-03,6.092641e-04,3.450386e-03,5.802071e-03,3.947502e-03,9.205856e-04,3.916258e-03
6.428191e-02,3.722791e-03,6.467042e-03,9.159118e-03,5.513870e-03,4.126722e-03,5.856709e-01,3.064743e-01,1.065891e-03,4.543136e-04,2.507090e-03,4.149950e-03,2.920242e-03,7.151758e-04,2.770667e-03
4.550644e-02,2.648969e-03,5.740746e-03,7.277125e-03,4.742888e-03,3.009631e-03,4.480337e-01,4.724734e-01,7.563035e-04,3.348098e-04,1.811264e-03,2.964284e-03,2.209904e-03,5.381176e-04,1.952439e-03
3.247551e-02,1.881619e-03,4.508761e-03,5.247544e-03,3.573916e-03,2.208467e-03,3.214418e-01,6.209910e-01,5.371764e-04,2.419173e-04,1.317621e-03,2.103018e-03,1.684955e-03,4.001035e-04,1.386713e-03
2.314274e-02,1.340761e-03,3.545234e-03,3.772393e-03,2.804135e-03,1.595132e-03,2.420506e-01,7.161275e-01,3.819504e-04,1.772907e-04,9.581203e-04,1.487825e-03,1.337511e-03,2.905274e-04,9.883557e-04
1.628806e-02,9.489130e-04,2.615694e-03,2.690476e-03,2.755735e-03,1.155213e-03,1.773217e-01,7.920640e-01,2.722431e-04,1.288424e-04,6.920494e-04,1.051739e-03,1.111770e-03,2.067566e-04,6.968809e-04
1.206469e-02,7.048775e-04,2.095025e-03,2.039289e-03,4.480986e-03,9.219291e-04,1.268895e-01,8.472403e-01,2.079209e-04,1.122745e-04,5.277243e-04,8.201942e-04,1.230138e-03,1.517533e-04,5.132668e-04
9.676069e-03,5.630637e-04,1.704148e-03,1.584748e-03,7.240899e-03,8.140008e-04,9.069929e-02,8.842168e-01,1.833743e-04,1.092754e-04,4.495583e-04,7.192419e-04,1.524423e-03,1.161018e-04,3.990631e-04
9.553848e-03,4.769156e-04,1.392900e-03,1.238295e-03,9.523801e-03,7.107994e-04,6.404417e-02,9.097841e-01,1.675608e-04,9.647369e-05,4.132469e-04,6.794182e-04,1.491473e-03,9.597505e-05,3.310712e-04
1.403898e-02,4.613359e-04,1.152707e-03,1.055307e-03,1.182001e-02,7.821103e-04,4.569393e-02,9.204804e-01,2.410316e-04,1.063586e-04,4.631430e-04,1.000083e-03,2.243364e-03,9.538201e-05,3.659801e-04
3.217062e-02,1.080485e-03,1.095218e-03,1.819662e-03,1.585968e-02,1.593780e-03,3.281113e-02,8.835891e-01,2.105878e-03,5.418490e-04,2.070846e-03,4.399110e-03,1.938449e-02,2.545918e-04,1.223568e-03
5.869496e-02,3.110864e-03,1.164353e-03,2.917434e-03,2.037524e-02,2.260307e-03,2.331133e-02,8.237085e-01,5.001656e-03,1.861975e-03,4.573600e-03,1.225874e-02,3.726180e-02,5.829439e-04,2.916323e-03
8.813077e-02,4.358774e-03,1.271486e-03,4.040848e-03,2.049189e-02,3.058085e-03,1.660314e-02,7.569555e-01,9.216038e-03,2.232851e-03,7.457169e-03,2.397040e-02,5.740349e-02,8.906113e-04,3.918970e-03
1.027879e-01,5.389520e-03,1.426588e-03,6.714786e-03,1.630575e-02,4.595045e-03,1.221888e-02,6.091382e-01,2.386801e-02,2.055438e-03,1.186138e-02,4.547513e-02,1.507191e-01,1.607271e-03,5.837006e-03
1.403727e-01,6.796083e-03,2.213989e-03,1.013340e-02,1.366586e-02,9.105654e-03,9.833436e-03,5.156499e-01,3.808906e-02,2.054105e-03,1.302184e-02,6.301485e-02,1.670984e-01,2.151315e-03,6.799463e-03
1.947138e-01,8.994743e-03,2.735158e-03,1.351567e-02,1.156317e-02,1.176563e-02,7.544612e-03,3.850163e-01,6.551906e-02,2.956289e-03,1.678865e-02,7.515105e-02,1.920484e-01,2.699032e-03,8.988479e-03
2.046887e-01,1.229357e-02,2.353146e-03,1.784999e-02,1.078972e-02,1.042437e-02,5.908390e-03,2.786161e-01,1.595300e-01,3.623328e-03,1.717186e-02,8.590366e-02,1.786323e-01,2.926598e-03,9.288333e-03
1.851135e-01,1.485887e-02,1.820625e-03,1.595073e-02,9.433297e-03,8.120032e-03,4.603053e-03,1.979671e-01,2.909613e-01,3.598939e-03,1.498736e-02,8.618440e-02,1.550566e-01,2.465578e-03,8.878555e-03
1.874174e-01,1.911311e-02,1.643781e-03,2.022400e-02,8.453622e-03,9.054514e-03,3.516439e-03,1.406605e-01,3.650078e-01,4.134910e-03,1.623283e-02,8.254052e-02,1.245464e-01,2.823879e-03,1.463026e-02
2.277723e-01,2.423470e-02,1.870928e-03,2.139840e-02,7.275373e-03,9.924456e-03,2.695130e-03,1.007994e-01,3.890513e-01,3.751984e-03,1.624077e-02,7.531396e-02,1.001573e-01,2.767739e-03,1.674636e-02
2.196185e-01,2.032655e-02,3.072847e-03,2.480209e-02,9.319177e-03,9.878630e-03,2.291660e-03,8.246692e-02,4.257112e-01,3.528175e-03,1.713470e-02,7.474270e-02,8.980843e-02,2.808559e-03,1.448984e-02
2.340721e-01,1.748480e-02,2.837584e-03,2.518814e-02,1.235730e-02,1.142288e-02,1.995249e-03,7.608215e-02,4.088202e-01,3.355421e-03,1.985687e-02,8.320816e-02,8.606264e-02,2.819501e-03,1.443695e-02
2.018734e-01,1.638268e-02,2.886692e-03,2.332172e-02,1.514395e-02,1.401834e-02,1.993356e-03,6.315304e-02,3.638926e-01,4.367087e-03,2.380623e-02,1.324254e-01,1.197135e-01,2.603288e-03,1.441873e-02
1.782369e-01,2.749443e-02,3.911535e-03,3.108124e-02,1.745123e-02,2.228042e-02,1.985095e-03,4.945256e-02,3.511153e-01,7.313071e-03,2.953504e-02,1.412436e-01,1.136291e-01,2.926791e-03,2.234367e-02
1.358290e-01,3.531605e-02,3.713697e-03,3.510319e-02,1.726883e-02,2.085958e-02,1.679903e-03,3.828921e-02,3.850208e-01,7.539062e-03,3.763635e-02,1.418022e-01,1.181595e-01,2.469416e-03,1.931324e-02
9.694035e-02,3.666886e-02,3.289784e-03,3.033435e-02,1.403432e-02,1.600845e-02,1.349188e-03,2.864579e-02,3.923402e-01,7.585321e-03,5.642395e-02,1.421745e-01,1.547363e-01,2.042295e-03,1.742635e-02
7.083181e-02,3.417079e-02,5.115855e-03,3.340256e-02,1.594112e-02,1.581123e-02,1.979266e-03,7.349829e-02,3.845838e-01,6.827693e-03,6.660161e-02,1.058256e-01,1.415598e-01,1.739225e-03,4.211144e-02
5.414772e-02,4.148728e-02,5.268503e-03,3.676526e-02,1.467882e-02,2.462258e-02,1.795683e-03,1.031760e-01,3.635254e-01,5.663207e-03,8.017853e-02,8.484410e-02,1.428316e-01,1.511811e-03,3.950352e-02
4.220660e-02,1.501106e-01,5.094705e-03,4.086663e-02,1.240634e-02,2.076719e-02,1.403580e-03,7.923358e-02,3.579970e-01,6.066287e-03,6.137770e-02,6.129339e-02,1.256938e-01,1.249088e-03,3.423354e-02
3.357570e-02,2.306713e-01,4.264744e-03,3.856536e-02,1.040989e-02,1.953062e-02,1.141204e-03,6.102749e-02,3.546945e-01,6.372324e-03,4.675534e-02,4.403543e-02,1.170347e-01,1.014031e-03,3.090726e-02
2.509626e-02,3.298410e-01,3.924247e-03,3.656162e-02,8.116426e-03,1.866357e-02,1.040587e-03,4.612324e-02,2.918365e-01,5.120849e-03,3.729046e-02,3.324919e-02,1.361577e-01,1.471043e-03,2.550725e-02
2.306112e-02,2.871910e-01,4.405769e-03,6.374968e-02,5.857950e-03,1.612714e-02,8.293193e-04,3.330759e-02,2.821144e-01,7.374240e-03,4.081052e-02,5.657770e-02,1.363041e-01,8.140268e-03,3.414918e-02
1.744442e-02,2.092576e-01,3.516307e-03,5.858871e-02,4.240342e-03,1.292730e-02,7.173714e-04,2.354194e-02,2.150712e-01,6.153082e-03,6.628393e-02,8.459342e-02,2.527780e-01,9.471906e-03,3.541455e-02
1.723509e-02,1.486246e-01,2.860604e-03,4.662712e-02,3.160578e-03,1.217098e-02,1.162427e-03,1.712841e-02,1.669772e-01,5.265906e-03,1.046295e-01,2.112101e-01,2.263612e-01,1.054909e-02,2.603722e-02
1.518669e-02,1.049182e-01,2.292943e-03,3.861653e-02,2.617699e-03,1.483170e-02,1.541534e-03,1.226627e-02,1.309363e-01,5.573377e-03,9.291622e-02,3.768178e-01,1.678746e-01,1.376790e-02,1.984219e-02
1.128108e-02,7.388757e-02,2.505786e-03,2.811720e-02,2.721406e-03,1.299360e-02,1.177835e-03,9.095011e-03,1.056152e-01,4.854382e-03,8.163996e-02,4.988464e-01,1.297235e-01,2.290014e-02,1.464094e-02
9.545770e-03,5.201770e-02,1.866003e-03,1.992882e-02,2.616492e-03,9.558651e-03,9.645830e-04,8.269276e-03,7.912311e-02,3.967059e-03,7.226847e-02,6.014129e-01,1.033942e-01,2.441066e-02,1.065630e-02
8.112412e-03,3.662454e-02,1.392530e-03,1.409349e-02,2.059896e-03,7.588991e-03,7.903791e-04,6.289225e-03,5.851688e-02,3.468926e-03,6.476466e-02,6.879143e-01,8.002729e-02,2.045779e-02,7.898747e-03
6.511927e-03,2.591944e-02,1.188934e-03,9.964670e-03,1.856230e-03,5.781935e-03,6.600743e-04,4.569467e-03,4.541451e-02,3.944853e-03,5.277052e-02,7.564899e-01,5.914653e-02,1.978846e-02,5.992589e-03
5.959107e-03,1.915150e-02,1.819609e-03,7.159607e-03,2.816016e-03,4.408302e-03,6.426684e-04,3.794581e-03,4.541709e-02,4.784497e-03,4.767732e-02,7.817332e-01,4.968034e-02,2.022677e-02,4.729442e-03
5.687710e-03,1.392649e-02,2.077844e-03,5.247137e-03,3.454195e-03,3.953881e-03,6.723253e-04,4.483554e-03,3.813089e-02,8.493202e-03,8.851135e-02,7.456329e-01,4.259637e-02,3.262664e-02,4.505545e-03
5.611214e-03,1.059173e-02,2.553582e-03,4.544278e-03,6.627398e-03,3.183076e-03,7.046662e-04,1.077393e-02,5.683470e-02,1.406849e-02,9.233651e-02,7.218337e-01,3.690731e-02,2.942852e-02,4.000903e-03
9.372557e-03,8.527537e-03,2.854757e-03,3.651088e-03,6.275898e-03,2.676846e-03,6.092489e-04,1.072921e-02,5.982475e-02,2.186926e-02,7.771336e-02,7.310069e-01,3.430319e-02,2.711420e-02,3.471171e-03
1.204370e-02,7.211356e-03,2.903423e-03,2.756036e-03,9.576358e-03,2.633170e-03,7.150027e-04,1.151715e-02,1.341031e-01,2.456643e-02,6.099465e-02,6.778494e-01,2.912563e-02,2.127884e-02,2.725773e-03
1.001160e-02,6.741223e-03,2.938613e-03,2.003308e-03,2.591821e-02,2.162539e-03,6.193997e-04,1.042338e-02,3.049688e-01,1.878562e-02,4.525748e-02,5.296336e-01,2.307813e-02,1.543545e-02,2.022621e-03
1.063420e-02,6.302837e-03,2.320792e-03,1.451670e-03,1.945471e-02,2.579586e-03,4.788885e-04,8.614840e-03,3.075539e-01,1.557957e-02,3.457512e-02,5.575111e-01,1.901273e-02,1.241704e-02,1.512973e-03
8.176371e-03,6.246963e-03,1.739622e-03,1.041588e-03,1.393442e-02,2.384108e-03,3.596099e-04,6.328093e-03,2.720102e-01,1.288724e-02,2.771868e-02,6.181251e-01,1.793991e-02,9.836452e-03,1.271619e-03
6.496290e-03,5.474426e-03,1.309129e-03,8.075493e-04,1.148801e-02,2.308920e-03,3.169839e-04,5.384956e-03,3.736681e-01,1.008006e-02,2.361849e-02,5.326729e-01,1.812368e-02,7.231380e-03,1.019071e-03
4.838464e-03,4.338200e-03,9.378656e-04,6.290276e-04,8.426412e-03,1.792938e-03,2.377903e-04,4.433914e-03,4.245360e-01,8.488493e-03,2.186050e-02,4.936032e-01,1.959024e-02,5.454055e-03,8.329176e-04
3.936170e-03,3.930776e-03,6.935904e-04,5.325857e-04,6.535823e-03,1.639266e-03,1.886277e-04,6.394549e-03,5.503660e-01,6.574083e-03,1.912721e-02,3.782882e-01,1.722297e-02,3.918643e-03,6.514533e-04
3.399020e-03,6.647824e-03,6.772063e-04,4.738556e-04,6.598190e-03,1.533363e-03,1.762912e-04,4.969072e-03,6.432535e-01,5.231000e-03,1.703179e-02,2.917804e-01,1.481878e-02,2.850710e-03,5.590116e-04
3.597632e-03,6.410621e-03,1.012777e-03,1.009493e-03,1.188958e-02,2.766981e-03,1.981920e-04,1.573038e-02,7.009254e-01,5.300177e-03,1.359671e-02,2.223597e-01,1.257957e-02,2.161199e-03,4.616808e-04
3.590515e-03,6.395126e-03,8.985210e-04,1.069368e-03,1.319137e-02,3.326844e-03,1.934909e-04,1.577401e-02,7.450899e-01,4.553495e-03,1.283295e-02,1.808218e-01,1.023260e-02,1.653488e-03,3.765244e-04
4.244344e-03,5.067670e-03,9.663245e-04,1.487160e-03,2.301466e-02,3.143408e-03,2.476504e-04,5.832984e-02,7.334684e-01,5.242586e-03,1.131757e-02,1.430473e-01,8.838584e-03,1.293697e-03,2.907698e-04
2.136185e-02,4.330970e-03,8.058326e-04,2.315147e-03,2.887458e-02,3.644015e-03,3.057325e-04,4.827380e-02,7.370641e-01,1.310461e-02,1.699107e-02,1.128972e-01,8.373367e-03,1.320395e-03,3.373583e-04
3.666767e-02,4.976276e-03,1.537992e-03,3.773450e-03,4.365038e-02,3.368579e-03,2.616124e-04,7.208323e-02,6.686473e-01,2.548171e-02,3.355490e-02,9.402166e-02,9.432988e-03,2.064538e-03,4.776005e-04
3.280124e-02,3.862951e-03,1.258411e-03,4.332420e-03,4.628485e-02,2.631267e-03,3.057598e-04,2.907572e-01,4.936963e-01,2.127533e-02,2.526234e-02,6.837778e-02,7.239058e-03,1.544363e-03,3.706262e-04
2.654705e-02,2.823802e-03,1.008368e-03,3.834307e-03,4.459405e-02,2.011113e-03,3.121178e-04,4.733235e-01,3.561753e-01,1.580235e-02,1.850891e-02,4.844751e-02,5.220606e-03,1.121222e-03,2.696961e-04
1.925359e-02,1.985937e-03,7.631590e-04,3.269532e-03,3.526076e-02,1.505816e-03,2.681518e-04,6.252509e-01,2.496779e-01,1.112844e-02,1.304158e-02,3.394056e-02,3.666439e-03,7.966044e-04,1.904876e-04
1.474395e-02,1.407775e-03,6.061880e-04,3.103832e-03,2.780141e-02,1.209694e-03,2.484194e-04,7.311979e-01,1.751103e-01,8.129908e-03,9.297478e-03,2.381593e-02,2.599245e-03,5.887820e-04,1.391874e-04
1.084345e-02,9.970146e-04,5.110529e-04,2.578260e-03,2.395225e-02,9.151041e-04,2.244026e-04,8.058226e-01,1.227210e-01,5.835919e-03,6.559330e-03,1.668007e-02,1.833194e-03,4.273027e-04,9.904932e-05
8.326381e-03,7.134572e-04,3.856016e-04,2.364548e-03,3.484708e-02,8.282762e-04,2.189618e-04,8.442866e-01,8.593743e-02,4.113599e-03,4.624645e-03,1.167885e-02,1.296193e-03,3.075310e-04,7.089294e-05
6.435726e-03,5.116864e-04,3.007150e-04,1.977041e-03,3.520489e-02,6.819350e-04,1.977636e-04,8.789456e-01,6.020286e-02,2.900877e-03,3.268141e-03,8.177825e-03,9.169129e-04,2.262671e-04,5.177011e-05
5.409271e-03,3.766963e-04,2.705145e-04,1.640427e-03,3.188154e-02,5.660394e-04,1.919109e-04,9.065275e-01,4.217612e-02,2.037965e-03,2.307517e-03,5.727779e-03,6.535767e-04,1.948074e-04,3.837614e-05
5.085089e-03,2.895412e-04,2.560265e-04,1.437432e-03,2.786841e-02,5.075787e-04,2.179757e-04,9.270054e-01,2.957056e-02,1.437889e-03,1.644721e-03,4.014693e-03,4.736042e-04,1.598059e-04,3.129615e-05
5.717154e-03,2.631282e-04,2.919235e-04,1.186511e-03,2.470572e-02,5.592115e-04,3.033677e-04,9.405425e-01,2.081935e-02,1.021141e-03,1.213485e-03,2.832788e-03,3.706223e-04,1.404848e-04,3.269229e-05
6.257583e-03,2.225977e-04,2.885703e-04,1.014882e-03,2.289875e-02,6.003763e-04,3.639244e-04,9.496596e-01,1.461036e-02,7.261125e-04,8.948264e-04,2.000037e-03,3.173952e-04,1.044026e-04,4.071862e-05
6.579188e-03,1.802786e-04,2.855757e-04,9.059452e-04,2.045431e-02,5.692927e-04,3.634320e-04,9.573909e-01,1.024574e-02,5.222971e-04,6.768596e-04,1.424181e-03,2.777493e-04,7.845269e-05,4.597904e-05
8.525701e-03,1.486270e-04,2.584136e-04,7.688150e-04,1.759994e-02,4.762784e-04,4.078104e-04,9.623433e-01,7.196933e-03,3.728347e-04,5.151645e-04,1.027932e-03,2.497063e-04,6.192244e-05,4.670375e-05
3.226434e-02,1.879459e-04,2.249872e-04,6.188236e-04,1.429313e-02,5.714224e-04,4.610793e-04,9.400507e-01,5.189348e-03,2.804479e-04,8.987945e-04,1.684233e-03,3.081677e-03,8.687524e-05,1.061934e-04
2.757353e-02,2.288175e-04,1.909710e-04,1.022222e-03,1.076941e-02,6.743190e-04,4.007483e-04,7.353878e-01,7.196981e-03,6.308028e-03,4.424777e-02,2.869998e-02,1.263832e-01,8.982701e-03,1.933537e-03
2.220696e-02,2.490831e-04,1.795491e-04,9.435403e-04,8.301684e-03,6.034761e-04,3.371641e-04,5.308453e-01,6.537328e-03,1.742851e-02,7.974549e-02,3.989574e-02,2.496348e-01,2.317048e-02,1.992092e-02
1.649994e-02,2.299673e-04,2.085574e-04,7.801938e-04,6.761965e-03,5.007564e-04,2.679753e-04,3.769194e-01,5.171414e-03,3.082117e-02,8.288109e-02,5.548417e-02,3.604423e-01,2.946977e-02,3.356139e-02
1.290050e-02,8.999520e-04,4.732352e-04,8.926829e-04,5.822743e-03,4.957013e-04,2.381032e-04,2.670142e-01,6.349078e-03,2.906341e-02,6.807216e-02,7.803119e-02,4.298878e-01,4.898027e-02,5.087900e-02
9.459722e-03,1.262146e-03,1.022839e-03,1.197039e-03,5.292838e-03,4.607124e-04,2.457330e-04,1.876757e-01,5.758840e-03,6.022458e-02,5.665231e-02,1.061143e-01,3.988904e-01,1.095909e-01,5.615195e-02
6.823207e-03,1.166418e-03,1.026973e-03,2.339512e-03,7.058400e-03,5.041347e-04,4.878770e-04,1.317073e-01,6.091887e-03,1.617502e-01,4.531659e-02,1.196069e-01,3.096281e-01,1.407041e-01,6.578848e-02
5.462076e-03,9.668031e-04,1.273307e-03,3.114882e-03,1.079905e-02,7.665725e-04,1.584787e-03,9.260736e-02,6.647472e-03,1.564754e-01,3.782231e-02,1.989159e-01,2.963281e-01,1.170224e-01,7.021354e-02
4.062045e-03,7.943035e-04,1.750239e-03,3.176561e-03,2.360631e-02,1.055205e-03,1.860949e-03,6.506648e-02,7.221388e-03,1.397913e-01,4.410277e-02,3.168987e-01,2.429166e-01,9.531039e-02,5.238673e-02
2.983459e-03,7.670056e-04,1.725660e-03,3.296496e-03,2.164664e-02,1.151631e-03,1.767639e-03,4.595429e-02,7.503306e-03,1.008801e-01,3.380466e-02,4.539999e-01,2.098892e-01,7.436810e-02,4.026196e-02
2.296492e-03,7.507976e-04,1.637648e-03,3.551309e-03,2.056224e-02,1.193271e-03,1.705038e-03,3.247450e-02,8.210947e-03,7.237309e-02,2.679156e-02,5.317746e-01,2.015110e-01,6.215343e-02,3.301401e-02
2.617390e-03,6.745521e-04,1.681891e-03,3.456661e-03,1.031136e-01,2.094287e-03,1.939713e-03,2.812294e-02,7.227863e-03,5.287669e-02,2.946160e-02,4.555711e-01,2.216115e-01,5.459525e-02,3.495487e-02
2.237559e-03,5.041424e-04,1.299738e-03,4.065998e-03,8.528646e-02,2.062224e-03,1.422821e-03,1.984125e-02,6.248169e-03,3.888866e-02,4.283957e-02,3.893764e-01,3.400543e-01,4.038686e-02,2.548584e-02
2.687170e-03,4.337499e-04,1.499873e-03,8.374823e-03,8.251429e-02,2.021778e-03,1.082815e-03,1.511440e-02,5.999002e-03,2.905275e-02,6.823422e-02,3.698063e-01,3.657849e-01,2.911725e-02,1.827662e-02
5.885585e-03,5.001716e-04,1.544114e-03,8.392363e-03,1.155145e-01,1.943514e-03,8.841411e-04,1.310523e-02,8.928144e-03,2.048020e-02,7.075017e-02,3.155847e-01,4.028156e-01,2.054205e-02,1.312957e-02
1.308788e-02,7.984025e-04,3.342477e-03,1.181631e-02,1.434129e-01,2.809746e-03,9.019390e-04,3.758433e-02,1.571673e-02,1.464485e-02,9.115298e-02,2.523697e-01,3.884287e-01,1.456582e-02,9.367234e-03
1.551160e-02,3.581981e-03,2.848632e-03,1.034940e-02,1.268164e-01,3.081539e-03,1.597169e-03,2.847991e-02,2.518882e-01,1.034484e-02,6.802709e-02,1.823529e-01,2.781748e-01,1.021887e-02,6.726786e-03
1.345603e-02,6.612752e-03,8.468173e-03,2.349084e-02,1.350688e-01,5.359821e-03,5.399508e-03,2.233167e-02,3.840031e-01,8.357381e-03,4.901497e-02,1.285397e-01,1.969943e-01,7.208027e-03,5.694974e-03
1.183029e-02,8.117145e-03,2.427112e-02,2.373728e-02,1.750732e-01,5.770302e-03,1.309719e-02,1.893209e-02,4.338444e-01,6.502132e-03,3.653755e-02,9.117588e-02,1.417486e-01,5.065131e-03,4.297698e-03
1.071125e-02,1.703205e-02,3.438530e-02,3.000253e-02,1.599101e-01,7.851674e-03,1.456138e-02,1.494231e-02,4.964669e-01,7.137693e-03,2.779075e-02,6.528510e-02,1.046957e-01,3.562743e-03,5.664541e-03
2.001952e-02,1.839083e-02,3.462491e-02,2.708041e-02,1.929112e-01,1.067271e-02,1.918031e-02,1.186116e-02,5.045331e-01,5.652586e-03,2.315182e-02,4.697498e-02,7.716234e-02,2.518460e-03,5.265697e-03
3.038679e-02,2.423481e-02,2.843277e-02,2.383057e-02,2.653129e-01,1.659834e-02,2.061314e-02,9.467226e-03,4.643376e-01,4.347337e-03,1.724572e-02,3.347983e-02,5.497730e-02,1.795572e-03,4.940016e-03
2.345287e-02,2.842209e-02,2.592580e-02,1.983847e-01,2.090026e-01,1.324755e-02,1.459193e-02,7.293111e-03,3.503778e-01,3.437020e-03,5.354875e-02,2.454273e-02,4.166519e-02,1.443453e-03,4.664494e-03
1.670681e-02,2.245043e-02,1.902877e-02,3.147306e-01,1.648741e-01,9.849452e-03,1.028095e-02,5.750289e-03,2.567642e-01,2.575044e-03,1.185735e-01,1.956161e-02,3.423462e-02,1.179253e-03,3.440266e-03
1.184736e-02,1.590728e-02,1.365943e-02,3.411679e-01,1.212700e-01,7.029722e-03,7.224582e-03,4.798365e-03,1.823061e-01,2.359116e-03,2.033031e-01,5.802071e-02,2.554026e-02,3.088644e-03,2.477391e-03
8.398132e-03,1.121555e-02,9.601867e-03,2.858088e-01,8.664503e-02,4.999429e-03,5.079464e-03,3.752337e-03,1.286073e-01,2.012433e-03,2.561288e-01,1.501731e-01,2.209066e-02,2.370179e-02,1.785239e-03
5.965738e-03,7.915969e-03,6.824731e-03,2.157033e-01,7.083530e-02,3.839268e-03,3.583695e-03,2.866121e-03,9.049859e-02,1.979545e-03,3.443546e-01,2.065002e-01,1.573626e-02,2.209626e-02,1.300419e-03
4.482702e-03,5.573302e-03,4.865845e-03,1.551121e-01,6.075008e-02,5.009094e-03,2.529458e-03,2.277399e-03,6.382749e-02,2.448186e-03,3.851130e-01,2.769055e-01,1.136435e-02,1.876180e-02,9.796087e-04
3.418910e-03,3.997493e-03,3.652588e-03,1.105002e-01,7.290733e-02,4.765470e-03,1.786703e-03,1.709826e-03,4.501593e-02,2.242566e-03,3.932928e-01,3.279684e-01,8.505707e-03,1.941347e-02,8.226670e-04
2.730099e-03,2.969649e-03,2.801345e-03,7.809939e-02,6.433136e-02,4.013259e-03,1.265455e-03,1.240403e-03,3.172799e-02,2.172823e-03,5.008114e-01,2.742949e-01,6.339297e-03,2.646594e-02,7.367239e-04
2.062087e-03,2.180621e-03,2.177486e-03,5.508674e-02,4.915128e-02,2.978799e-03,8.902339e-04,8.962804e-04,2.251470e-02,2.298796e-03,5.816700e-01,2.427711e-01,4.773264e-03,2.995059e-02,5.981160e-04
1.637020e-03,2.378915e-03,2.430805e-03,3.885217e-02,4.722815e-02,2.238268e-03,6.318728e-04,7.555748e-04,1.629503e-02,2.454349e-03,5.973989e-01,2.378332e-01,3.678826e-03,4.555971e-02,6.272645e-04
1.651041e-03,2.015146e-03,2.882562e-03,2.776461e-02,7.632478e-02,2.189997e-03,5.523650e-04,8.426448e-04,1.462307e-02,2.370511e-03,5.716980e-01,2.402668e-01,3.327110e-03,5.270322e-02,7.882111e-04
2.184944e-03,2.314016e-03,3.653295e-03,1.990106e-02,7.582716e-02,1.757545e-03,4.390567e-04,1.083521e-03,1.168912e-02,3.724347e-03,6.101669e-01,2.108970e-01,3.385875e-03,5.218619e-02,7.899357e-04
3.802628e-03,1.864890e-03,6.003116e-03,1.491636e-02,1.365154e-01,1.847160e-03,1.015234e-03,2.335289e-02,9.466712e-03,3.975629e-03,5.736512e-01,1.671427e-01,3.955943e-03,5.164219e-02,8.479961e-04
3.779157e-03,1.913571e-03,6.222213e-03,1.073862e-02,1.347559e-01,2.077447e-03,1.202922e-03,2.174449e-02,9.888414e-03,3.524622e-03,6.068251e-01,1.495154e-01,4.184891e-03,4.275638e-02,8.709954e-04
3.137524e-03,1.678417e-03,6.376799e-03,7.758700e-03,1.012863e-01,2.037601e-03,1.032534e-03,1.978237e-02,1.074479e-02,3.977465e-03,6.272942e-01,1.671838e-01,9.044487e-03,3.762633e-02,1.038728e-03
2.603920e-03,1.294551e-03,5.870899e-03,5.930924e-03,8.216459e-02,2.289421e-03,1.175733e-03,3.574412e-02,1.198486e-02,3.846288e-03,6.442180e-01,1.621593e-01,1.075077e-02,2.912518e-02,8.415180e-04
2.526561e-03,1.062996e-03,6.112733e-03,5.807697e-03,7.516979e-02,2.347959e-03,1.161703e-03,8.563763e-02,1.489882e-02,4.551531e-03,6.160010e-01,1.442381e-01,1.467190e-02,2.509866e-02,7.130011e-04
2.544285e-03,9.492871e-04,7.493004e-03,8.105963e-03,5.993867e-02,2.589293e-03,9.587060e-04,2.626408e-01,1.645939e-02,4.051680e-03,4.791394e-01,1.148456e-01,1.905881e-02,2.058684e-02,6.383451e-04
4.590810e-03,1.081575e-03,7.930002e-03,1.668578e-02,1.244889e-01,4.116668e-03,1.093438e-03,3.183569e-01,2.447039e-02,4.560401e-03,3.754403e-01,8.413729e-02,1.702107e-02,1.554135e-02,4.852031e-04
1.330077e-02,2.789609e-03,1.809045e-02,3.911305e-02,1.711907e-01,1.282202e-02,2.174350e-03,2.954941e-01,7.306749e-02,5.259775e-03,2.809401e-01,5.963329e-02,1.377726e-02,1.154684e-02,8.002474e-04
1.606520e-02,3.437483e-03,2.154271e-02,1.149129e-01,2.303311e-01,1.208377e-02,4.405728e-03,2.585814e-01,7.361244e-02,4.049328e-03,1.996861e-01,4.202503e-02,1.014181e-02,8.148493e-03,9.765776e-04
1.721064e-02,4.111814e-03,4.764801e-02,1.527066e-01,2.538756e-01,1.351752e-02,6.547319e-03,2.322596e-01,8.365616e-02,3.423895e-03,1.414734e-01,2.960132e-02,7.333994e-03,5.744651e-03,8.894034e-04
1.714203e-02,8.029312e-03,4.953258e-02,1.940202e-01,2.391883e-01,1.030711e-02,5.175501e-03,1.893741e-01,1.530472e-01,3.364127e-03,9.947088e-02,2.097991e-02,5.269682e-03,4.048541e-03,1.050657e-03
1.923589e-02,7.188570e-03,3.708098e-02,1.851180e-01,2.840825e-01,8.471248e-03,4.381487e-03,1.539894e-01,2.053867e-01,2.641104e-03,6.987549e-02,1.479083e-02,3.782383e-03,2.861983e-03,1.113499e-03
1.566728e-02,5.159457e-03,2.613962e-02,1.373670e-01,2.857693e-01,6.266084e-03,3.580375e-03,2.951965e-01,1.581797e-01,1.858766e-03,4.896551e-02,1.038132e-02,2.671462e-03,2.006267e-03,7.913493e-04
3.081705e-02,5.383246e-03,1.904288e-02,1.071182e-01,3.339601e-01,5.375052e-03,2.807888e-03,3.178485e-01,1.294345e-01,1.337592e-03,3.472018e-02,7.640797e-03,2.209689e-03,1.471197e-03,8.331556e-04
6.005588e-02,5.389260e-03,1.406931e-02,8.153121e-02,3.923557e-01,5.513471e-03,2.275295e-03,2.681764e-01,1.344319e-01,9.613126e-04,2.524046e-02,5.990020e-03,2.084501e-03,1.122911e-03,8.023810e-04
6.897522e-02,4.857327e-03,1.005567e-02,6.467395e-02,4.294024e-01,7.519420e-03,1.985156e-03,2.513941e-01,1.306163e-01,7.284291e-04,1.942013e-02,5.952999e-03,2.651354e-03,9.225776e-04,8.450079e-04
7.902752e-02,4.062356e-03,7.316942e-03,4.966418e-02,3.766671e-01,1.110295e-02,1.650856e-03,3.376570e-01,1.085332e-01,5.533257e-04,1.436644e-02,5.388455e-03,2.587027e-03,6.912418e-04,7.314906e-04
1.019649e-01,3.613728e-03,5.472179e-03,3.878370e-02,2.970740e-01,9.379799e-03,1.505071e-03,4.358146e-01,8.713271e-02,4.348348e-04,1.080947e-02,4.437152e-03,2.344377e-03,5.195379e-04,7.139937e-04
1.824171e-01,3.290679e-03,4.838851e-03,3.347510e-02,2.203718e-01,7.475619e-03,1.716043e-03,4.640149e-01,6.585954e-02,4.241004e-04,8.785729e-03,3.681916e-03,2.294854e-03,4.744373e-04,8.793524e-04
2.082256e-01,2.585122e-03,4.435600e-03,2.717321e-02,1.572011e-01,5.951748e-03,1.875817e-03,5.292150e-01,4.880771e-02,3.947816e-04,7.309817e-03,3.392235e-03,1.997221e-03,5.158883e-04,9.191554e-04
3.179794e-01,2.832648e-03,4.025292e-03,2.157380e-02,1.127401e-01,7.123738e-03,1.967987e-03,4.778607e-01,3.866165e-02,4.829356e-04,6.281162e-03,3.833345e-03,1.969471e-03,9.137022e-04,1.754092e-03
4.251958e-01,2.580302e-03,3.194474e-03,1.620031e-02,8.109523e-02,6.390387e-03,1.825336e-03,3.806806e-01,2.899688e-02,1.452983e-03,1.865520e-02,9.305921e-03,2.096855e-02,1.781754e-03,1.676260e-03
4.518669e-01,2.953804e-03,2.797328e-03,1.837552e-02,5.769221e-02,6.203169e-03,1.541976e-03,2.764314e-01,2.277126e-02,4.313467e-03,5.348859e-02,2.471285e-02,6.998211e-02,3.355986e-03,3.513388e-03
4.617823e-01,2.798513e-03,2.896741e-03,1.489383e-02,4.145895e-02,5.665426e-03,1.432044e-03,1.972496e-01,1.809482e-02,5.516951e-03,5.824590e-02,2.563821e-02,1.453365e-01,3.572587e-03,1.541765e-02
1.000000e+00,0.000000e+00,0.000000e+00,0.000000e+00,0.000000e+00,0.000000e+00,0.000000e+00,0.000000e+00,0.000000e+00,0.000000e+00,0.000000e+00,0.000000e+00,0.000000e+00,0.000000e+00,0.000000e+00
4.168658e-01,2.399461e-03,5.522202e-03,1.067630e-02,2.597198e-02,5.655780e-03,1.578183e-03,9.984661e-02,1.250043e-02,1.334522e-02,7.150039e-02,9.386639e-02,1.877085e-01,4.009180e-03,4.855353e-02
3.466633e-01,1.934596e-03,5.213143e-03,8.046032e-03,2.240363e-02,5.046377e-03,1.932907e-03,7.335819e-02,1.001139e-02,1.302980e-02,6.216446e-02,1.161127e-01,2.083003e-01,4.776699e-03,1.210065e-01
2.555187e-01,1.492912e-03,5.354315e-03,5.771504e-03,1.846513e-02,5.161501e-03,2.497373e-03,5.839212e-02,8.221731e-03,1.335928e-02,4.819604e-02,1.425443e-01,2.063727e-01,4.305882e-03,2.243465e-01
1.805637e-01,1.402586e-03,4.364992e-03,4.101838e-03,1.637244e-02,5.871878e-03,2.166681e-03,4.235348e-02,7.004791e-03,9.946113e-03,3.589842e-02,3.147568e-01,2.070568e-01,3.388827e-03,1.647506e-01
1.270989e-01,1.361231e-03,3.711273e-03,2.986651e-03,1.461271e-02,4.849052e-03,2.053783e-03,3.157505e-02,5.808415e-03,7.454264e-03,2.659966e-02,4.401324e-01,2.063127e-01,2.800502e-03,1.226434e-01
8.957838e-02,1.323468e-03,3.068034e-03,2.150039e-03,1.473236e-02,4.197271e-03,6.493524e-03,2.439604e-02,6.026796e-03,5.820280e-03,2.093585e-02,5.304540e-01,1.924042e-01,3.987552e-03,9.443221e-02
6.306994e-02,1.089416e-03,2.668685e-03,1.532539e-03,1.201958e-02,3.972608e-03,1.534215e-02,3.164286e-02,5.400163e-03,4.613892e-03,1.689210e-02,5.733607e-01,1.917953e-01,4.313964e-03,7.228608e-02
4.566579e-02,1.142971e-03,2.332445e-03,1.321047e-03,1.024364e-02,6.267556e-03,1.431008e-02,3.120070e-02,6.145721e-03,3.559192e-03,1.556624e-02,6.362879e-01,1.663854e-01,3.436567e-03,5.613466e-02
3.469559e-02,1.145655e-03,2.359822e-03,1.431748e-03,8.518580e-03,6.669072e-03,1.097924e-02,6.915571e-02,6.653506e-03,2.726262e-03,1.301584e-02,6.714640e-01,1.276539e-01,3.373893e-03,4.015721e-02
2.842738e-02,1.161753e-03,2.383610e-03,1.240481e-03,7.391627e-03,5.242062e-03,9.034425e-03,1.811172e-01,6.521356e-03,2.048636e-03,1.071208e-02,6.084446e-01,1.020940e-01,5.340795e-03,2.884001e-02
2.212250e-02,8.454085e-04,1.873662e-03,9.533084e-04,5.813396e-03,4.628157e-03,7.477330e-03,4.120464e-01,4.763147e-03,1.453402e-03,8.206361e-03,4.300630e-01,7.563771e-02,3.858676e-03,2.025757e-02
1.999366e-02,6.263235e-04,1.505466e-03,7.870034e-04,5.656041e-03,5.233482e-03,6.275119e-03,5.755678e-01,3.451683e-03,1.034730e-03,6.087396e-03,3.017957e-01,5.506789e-02,2.712302e-03,1.420539e-02
1.589927e-02,4.500749e-04,1.206134e-03,6.014881e-04,5.149338e-03,5.977894e-03,6.094925e-03,6.933271e-01,2.448403e-03,7.331034e-04,4.437564e-03,2.117429e-01,4.005333e-02,1.912377e-03,9.966139e-03
1.438207e-02,3.316465e-04,1.094123e-03,5.397186e-04,6.387275e-03,8.423733e-03,5.505468e-03,7.710650e-01,1.751147e-03,5.212137e-04,3.215667e-03,1.484393e-01,2.998082e-02,1.373355e-03,6.989499e-03
1.683358e-02,2.490879e-04,9.080208e-04,5.868891e-04,1.143020e-02,7.455531e-03,4.631991e-03,8.224527e-01,1.279707e-03,3.726461e-04,2.361686e-03,1.040671e-01,2.146357e-02,9.927971e-04,4.914599e-03
1.998981e-02,2.124494e-04,7.846167e-04,1.653309e-03,1.247698e-02,1.042316e-02,3.694701e-03,8.541039e-01,9.845009e-04,2.771814e-04,1.965278e-03,7.298589e-02,1.621112e-02,7.446874e-04,3.492418e-03
2.945715e-02,2.335759e-04,6.245308e-04,2.408663e-03,2.074193e-02,8.514003e-03,3.116071e-03,8.660699e-01,9.245920e-04,2.062274e-04,1.779054e-03,5.119213e-02,1.171309e-02,5.466571e-04,2.472372e-03
