1.000000e+00,0.000000e+00,0.000000e+00,0.000000e+00,0.000000e+00,0.000000e+00,0.000000e+00,0.000000e+00,0.000000e+00,0.000000e+00,0.000000e+00,0.000000e+00,0.000000e+00,0.000000e+00,0.000000e+00
1.000000e+00,0.000000e+00,0.000000e+00,0.000000e+00,0.000000e+00,0.000000e+00,0.000000e+00,0.000000e+00,0.000000e+00,0.000000e+00,0.000000e+00,0.000000e+00,0.000000e+00,0.000000e+00,0.000000e+00
1.000000e+00,0.000000e+00,0.000000e+00,0.000000e+00,0.000000e+00,0.000000e+00,0.000000e+00,0.000000e+00,0.000000e+00,0.000000e+00,0.000000e+00,0.000000e+00,0.000000e+00,0.000000e+00,0.000000e+00
1.000000e+00,0.000000e+00,0.000000e+00,0.000000e+00,0.000000e+00,0.000000e+00,0.000000e+00,0.000000e+00,0.000000e+00,0.000000e+00,0.000000e+00,0.000000e+00,0.000000e+00,0.000000e+00,0.000000e+00
1.000000e+00,0.000000e+00,0.000000e+00,0.000000e+00,0.000000e+00,0.000000e+00,0.000000e+00,0.000000e+00,0.000000e+00,0.000000e+00,0.000000e+00,0.000000e+00,0.000000e+00,0.000000e+00,0.000000e+00
1.000000e+00,0.000000e+00,0.000000e+00,0.000000e+00,0.000000e+00,0.000000e+00,0.000000e+00,0.000000e+00,0.000000e+00,0.000000e+00,0.000000e+00,0.000000e+00,0.000000e+00,0.000000e+00,0.000000e+00
1.000000e+00,0.000000e+00,0.000000e+00,0.000000e+00,0.000000e+00,0.000000e+00,0.000000e+00,0.000000e+00,0.000000e+00,0.000000e+00,0.000000e+00,0.000000e+00,0.000000e+00,0.000000e+00,0.000000e+00
1.000000e+00,0.000000e+00,0.000000e+00,0.000000e+00,0.000000e+00,0.000000e+00,0.000000e+00,0.000000e+00,0.000000e+00,0.000000e+00,0.000000e+00,0.000000e+00,0.000000e+00,0.000000e+00,0.000000e+00
1.000000e+00,0.000000e+00,0.000000e+00,0.000000e+00,0.000000e+00,0.000000e+00,0.000000e+00,0.000000e+00,0.000000e+00,0.000000e+00,0.000000e+00,0.000000e+00,0.000000e+00,0.000000e+00,0.000000e+00
1.000000e+00,0.000000e+00,0.000000e+00,0.000000e+00,0.000000e+00,0.000000e+00,0.000000e+00,0.000000e+00,0.000000e+00,0.000000e+00,0.000000e+00,0.000000e+00,0.000000e+00,0.000000e+00,0.000000e+00
1.000000e+00,0.000000e+00,0.000000e+00,0.000000e+00,0.000000e+00,0.000000e+00,0.000000e+00,0.000000e+00,0.000000e+00,0.000000e+00,0.000000e+00,0.000000e+00,0.000000e+00,0.000000e+00,0.000000e+00
1.000000e+00,0.000000e+00,0.000000e+00,0.000000e+00,0.000000e+00,0.000000e+00,0.000000e+00,0.000000e+00,0.000000e+00,0.000000e+00,0.000000e+00,0.000000e+00,0.000000e+00,0.000000e+00,0.000000e+00
1.000000e+00,0.000000e+00,0.000000e+00,0.000000e+00,0.000000e+00,0.000000e+00,0.000000e+00,0.000000e+00,0.000000e+00,0.000000e+00,0.000000e+00,0.000000e+00,0.000000e+00,0.000000e+00,0.000000e+00
1.000000e+00,0.000000e+00,0.000000e+00,0.000000e+00,0.000000e+00,0.000000e+00,0.000000e+00,0.000000e+00,0.000000e+00,0.000000e+00,0.000000e+00,0.000000e+00,0.000000e+00,0.000000e+00,0.000000e+00
1.000000e+00,0.000000e+00,0.000000e+00,0.000000e+00,0.000000e+00,0.000000e+00,0.000000e+00,0.000000e+00,0.000000e+00,0.000000e+00,0.000000e+00,0.000000e+00,0.000000e+00,0.000000e+00,0.000000e+00
1.000000e+00,0.000000e+00,0.000000e+00,0.000000e+00,0.000000e+00,0.000000e+00,0.000000e+00,0.000000e+00,0.000000e+00,0.000000e+00,0.000000e+00,0.000000e+00,0.000000e+00,0.000000e+00,0.000000e+00
1.000000e+00,0.000000e+00,0.000000e+00,0.000000e+00,0.000000e+00,0.000000e+00,0.000000e+00,0.000000e+00,0.000000e+00,0.000000e+00,0.000000e+00,0.000000e+00,0.000000e+00,0.000000e+00,0.000000e+00
1.000000e+00,0.000000e+00,0.000000e+00,0.000000e+00,0.000000e+00,0.000000e+00,0.000000e+00,0.000000e+00,0.000000e+00,0.000000e+00,0.000000e+00,0.000000e+00,0.000000e+00,0.000000e+00,0.000000e+00
1.000000e+00,0.000000e+00,0.000000e+00,0.000000e+00,0.000000e+00,0.000000e+00,0.000000e+00,0.000000e+00,0.000000e+00,0.000000e+00,0.000000e+00,0.000000e+00,0.000000e+00,0.000000e+00,0.000000e+00
1.000000e+00,0.000000e+00,0.000000e+00,0.000000e+00,0.000000e+00,0.000000e+00,0.000000e+00,0.000000e+00,0.000000e+00,0.000000e+00,0.000000e+00,0.000000e+00,0.000000e+00,0.000000e+00,0.000000e+00
1.000000e+00,0.000000e+00,0.000000e+00,0.000000e+00,0.000000e+00,0.000000e+00,0.000000e+00,0.000000e+00,0.000000e+00,0.000000e+00,0.000000e+00,0.000000e+00,0.000000e+00,0.000000e+00,0.000000e+00
1.000000e+00,0.000000e+00,0.000000e+00,0.000000e+00,0.000000e+00,0.000000e+00,0.000000e+00,0.000000e+00,0.000000e+00,0.000000e+00,0.000000e+00,0.000000e+00,0.000000e+00,0.000000e+00,0.000000e+00
1.000000e+00,0.000000e+00,0.000000e+00,0.000000e+00,0.000000e+00,0.000000e+00,0.000000e+00,0.000000e+00,0.000000e+00,0.000000e+00,0.000000e+00,0.000000e+00,0.000000e+00,0.000000e+00,0.000000e+00
1.000000e+00,0.000000e+00,0.000000e+00,0.000000e+00,0.000000e+00,0.000000e+00,0.000000e+00,0.000000e+00,0.000000e+00,0.000000e+00,0.000000e+00,0.000000e+00,0.000000e+00,0.000000e+00,0.000000e+00
1.000000e+00,0.000000e+00,0.000000e+00,0.000000e+00,0.000000e+00,0.000000e+00,0.000000e+00,0.000000e+00,0.000000e+00,0.000000e+00,0.000000e+00,0.000000e+00,0.000000e+00,0.000000e+00,0.000000e+00
1.000000e+00,0.000000e+00,0.000000e+00,0.000000e+00,0.000000e+00,0.000000e+00,0.000000e+00,0.000000e+00,0.000000e+00,0.000000e+00,0.000000e+00,0.000000e+00,0.000000e+00,0.000000e+00,0.000000e+00
1.000000e+00,0.000000e+00,0.000000e+00,0.000000e+00,0.000000e+00,0.000000e+00,0.000000e+00,0.000000e+00,0.000000e+00,0.000000e+00,0.000000e+00,0.000000e+00,0.000000e+00,0.000000e+00,0.000000e+00
1.000000e+00,0.000000e+00,0.000000e+00,0.000000e+00,0.000000e+00,0.000000e+00,0.000000e+00,0.000000e+00,0.000000e+00,0.000000e+00,0.000000e+00,0.000000e+00,0.000000e+00,0.000000e+00,0.000000e+00
1.000000e+00,0.000000e+00,0.000000e+00,0.000000e+00,0.000000e+00,0.000000e+00,0.000000e+00,0.000000e+00,0.000000e+00,0.000000e+00,0.000000e+00,0.000000e+00,0.000000e+00,0.000000e+00,0.000000e+00
1.000000e+00,0.000000e+00,0.000000e+00,0.000000e+00,0.000000e+00,0.000000e+00,0.000000e+00,0.000000e+00,0.000000e+00,0.000000e+00,0.000000e+00,0.000000e+00,0.000000e+00,0.000000e+00,0.000000e+00
1.000000e+00,0.000000e+00,0.000000e+00,0.000000e+00,0.000000e+00,0.000000e+00,0.000000e+00,0.000000e+00,0.000000e+00,0.000000e+00,0.000000e+00,0.000000e+00,0.000000e+00,0.000000e+00,0.000000e+00
1.000000e+00,0.000000e+00,0.000000e+00,0.000000e+00,0.000000e+00,0.000000e+00,0.000000e+00,0.000000e+00,0.000000e+00,0.000000e+00,0.000000e+00,0.000000e+00,0.000000e+00,0.000000e+00,0.000000e+00
1.000000e+00,0.000000e+00,0.000000e+00,0.000000e+00,0.000000e+00,0.000000e+00,0.000000e+00,0.000000e+00,0.000000e+00,0.000000e+00,0.000000e+00,0.000000e+00,0.000000e+00,0.000000e+00,0.000000e+00
1.000000e+00,0.000000e+00,0.000000e+00,0.000000e+00,0.000000e+00,0.000000e+00,0.000000e+00,0.000000e+00,0.000000e+00,0.000000e+00,0.000000e+00,0.000000e+00,0.000000e+00,0.000000e+00,0.000000e+00
1.000000e+00,0.000000e+00,0.000000e+00,0.000000e+00,0.000000e+00,0.000000e+00,0.000000e+00,0.000000e+00,0.000000e+00,0.000000e+00,0.000000e+00,0.000000e+00,0.000000e+00,0.000000e+00,0.000000e+00
1.000000e+00,0.000000e+00,0.000000e+00,0.000000e+00,0.000000e+00,0.000000e+00,0.000000e+00,0.000000e+00,0.000000e+00,0.000000e+00,0.000000e+00,0.000000e+00,0.000000e+00,0.000000e+00,0.000000e+00
1.000000e+00,0.000000e+00,0.000000e+00,0.000000e+00,0.000000e+00,0.000000e+00,0.000000e+00,0.000000e+00,0.000000e+00,0.000000e+00,0.000000e+00,0.000000e+00,0.000000e+00,0.000000e+00,0.000000e+00
1.000000e+00,0.000000e+00,0.000000e+00,0.000000e+00,0.000000e+00,0.000000e+00,0.000000e+00,0.000000e+00,0.000000e+00,0.000000e+00,0.000000e+00,0.000000e+00,0.000000e+00,0.000000e+00,0.000000e+00
1.000000e+00,0.000000e+00,0.000000e+00,0.000000e+00,0.000000e+00,0.000000e+00,0.000000e+00,0.000000e+00,0.000000e+00,0.000000e+00,0.000000e+00,0.000000e+00,0.000000e+00,0.000000e+00,0.000000e+00
1.000000e+00,0.000000e+00,0.000000e+00,0.000000e+00,0.000000e+00,0.000000e+00,0.000000e+00,0.000000e+00,0.000000e+00,0.000000e+00,0.000000e+00,0.000000e+00,0.000000e+00,0.000000e+00,0.000000e+00
1.000000e+00,0.000000e+00,0.000000e+00,0.000000e+00,0.000000e+00,0.000000e+00,0.000000e+00,0.000000e+00,0.000000e+00,0.000000e+00,0.000000e+00,0.000000e+00,0.000000e+00,0.000000e+00,0.000000e+00
1.000000e+00,0.000000e+00,0.000000e+00,0.000000e+00,0.000000e+00,0.000000e+00,0.000000e+00,0.000000e+00,0.000000e+00,0.000000e+00,0.000000e+00,0.000000e+00,0.000000e+00,0.000000e+00,0.000000e+00
1.000000e+00,0.000000e+00,0.000000e+00,0.000000e+00,0.000000e+00,0.000000e+00,0.000000e+00,0.000000e+00,0.000000e+00,0.000000e+00,0.000000e+00,0.000000e+00,0.000000e+00,0.000000e+00,0.000000e+00
1.000000e+00,0.000000e+00,0.000000e+00,0.000000e+00,0.000000e+00,0.000000e+00,0.000000e+00,0.000000e+00,0.000000e+00,0.000000e+00,0.000000e+00,0.000000e+00,0.000000e+00,0.000000e+00,0.000000e+00
1.000000e+00,0.000000e+00,0.000000e+00,0.000000e+00,0.000000e+00,0.000000e+00,0.000000e+00,0.000000e+00,0.000000e+00,0.000000e+00,0.000000e+00,0.000000e+00,0.000000e+00,0.000000e+00,0.000000e+00
1.000000e+00,0.000000e+00,0.000000e+00,0.000000e+00,0.000000e+00,0.000000e+00,0.000000e+00,0.000000e+00,0.000000e+00,0.000000e+00,0.000000e+00,0.000000e+00,0.000000e+00,0.000000e+00,0.000000e+00
1.000000e+00,0.000000e+00,0.000000e+00,0.000000e+00,0.000000e+00,0.000000e+00,0.000000e+00,0.000000e+00,0.000000e+00,0.000000e+00,0.000000e+00,0.000000e+00,0.000000e+00,0.000000e+00,0.000000e+00
1.000000e+00,0.000000e+00,0.000000e+00,0.000000e+00,0.000000e+00,0.000000e+00,0.000000e+00,0.000000e+00,0.000000e+00,0.000000e+00,0.000000e+00,0.000000e+00,0.000000e+00,0.000000e+00,0.000000e+00
1.000000e+00,0.000000e+00,0.000000e+00,0.000000e+00,0.000000e+00,0.000000e+00,0.000000e+00,0.000000e+00,0.000000e+00,0.000000e+00,0.000000e+00,0.000000e+00,0.000000e+00,0.000000e+00,0.000000e+00
4.909209e-01,1.493296e-02,9.542044e-02,3.175187e-02,5.583452e-03,1.931527e-02,4.740831e-02,2.352334e-01,3.549852e-03,1.250898e-03,6.422039e-03,1.982150e-02,1.626492e-02,1.718693e-03,1.040548e-02
4.905150e-01,1.119431e-02,9.330920e-02,2.461741e-02,4.929727e-03,2.004093e-02,9.744345e-02,2.076249e-01,2.884588e-03,1.080687e-03,5.157695e-03,1.700298e-02,1.385268e-02,1.618229e-03,8.728250e-03
4.696494e-01,8.591443e-03,8.709165e-02,2.029185e-02,4.469438e-03,2.256791e-02,1.339197e-01,2.106268e-01,2.348542e-03,9.347638e-04,4.007822e-03,1.435979e-02,1.194438e-02,1.521915e-03,7.674606e-03
3.588788e-01,6.620970e-03,6.399289e-02,1.509445e-02,3.720549e-03,1.888778e-02,1.284439e-01,3.715912e-01,1.772654e-03,6.945718e-04,3.175287e-03,1.070581e-02,9.135175e-03,1.236666e-03,6.049214e-03
2.799302e-01,4.986881e-03,4.682568e-02,1.111094e-02,2.919006e-03,1.571322e-02,1.095305e-01,5.036427e-01,1.335970e-03,5.148232e-04,2.561432e-03,8.127463e-03,7.054577e-03,1.047061e-03,4.699429e-03
2.054337e-01,3.592061e-03,3.358150e-02,8.175895e-03,2.264806e-03,1.211603e-02,8.658127e-02,6.295758e-01,9.839039e-04,3.735836e-04,1.921364e-03,5.909706e-03,5.236554e-03,8.336423e-04,3.420087e-03
1.558179e-01,2.770027e-03,2.403862e-02,6.153388e-03,2.145905e-03,9.427111e-03,6.924164e-02,7.156053e-01,7.891830e-04,2.808027e-04,1.489560e-03,4.741271e-03,4.218875e-03,6.953203e-04,2.585190e-03
1.150380e-01,2.040074e-03,1.709891e-02,4.709346e-03,1.901881e-03,7.135706e-03,5.693746e-02,7.839977e-01,5.975582e-04,2.061327e-04,1.120774e-03,3.545125e-03,3.243501e-03,5.339590e-04,1.893982e-03
8.244625e-02,1.530321e-03,1.221418e-02,3.671476e-03,2.097411e-03,5.270108e-03,4.559314e-02,8.383558e-01,4.697999e-04,1.721615e-04,8.922193e-04,2.722747e-03,2.753905e-03,4.059974e-04,1.404485e-03
6.036000e-02,1.177961e-03,8.809765e-03,2.762039e-03,2.207476e-03,3.968941e-03,3.898059e-02,8.747462e-01,3.517429e-04,1.419695e-04,6.908734e-04,2.078875e-03,2.357224e-03,3.050573e-04,1.061229e-03
4.451148e-02,8.988294e-04,6.405622e-03,2.125208e-03,2.220411e-03,3.336450e-03,2.989686e-02,9.036816e-01,2.873699e-04,1.358683e-04,6.844650e-04,1.868403e-03,2.827028e-03,2.672991e-04,8.530471e-04
1.339847e-01,1.091728e-03,5.128014e-03,2.242848e-03,4.338039e-03,6.348565e-03,2.201616e-02,8.096659e-01,5.181241e-04,3.587132e-04,1.039146e-03,6.620754e-03,4.453874e-03,4.416822e-04,1.751717e-03
1.626562e-01,1.182216e-03,4.027882e-03,2.244368e-03,5.343742e-03,7.493084e-03,1.647102e-02,7.807292e-01,8.087683e-04,8.157191e-04,1.290128e-03,7.340541e-03,6.893243e-03,4.952805e-04,2.208594e-03
1.414947e-01,1.430400e-03,3.056159e-03,3.105649e-03,7.557344e-03,6.625075e-03,1.196200e-02,7.119896e-01,5.525366e-03,3.663532e-03,1.063060e-02,1.489641e-02,7.253312e-02,1.573409e-03,3.956507e-03
1.738816e-01,2.031097e-03,2.407226e-03,4.304252e-03,7.965792e-03,8.077855e-03,9.025205e-03,5.836452e-01,7.961517e-03,4.135687e-03,1.616402e-02,2.292721e-02,1.490744e-01,3.211923e-03,5.187062e-03
1.630477e-01,2.459193e-03,1.855758e-03,8.420700e-03,1.503718e-02,1.031492e-02,7.968847e-03,4.313799e-01,3.320565e-02,3.518652e-03,1.802147e-02,1.101092e-01,1.838003e-01,5.579691e-03,5.280985e-03
1.348555e-01,3.942135e-03,1.775021e-03,1.194252e-02,1.465754e-02,9.178190e-03,7.835591e-03,3.114878e-01,5.116223e-02,2.965604e-03,1.567500e-02,1.562184e-01,2.626700e-01,1.064057e-02,4.993985e-03
9.791324e-02,3.556056e-03,1.424035e-03,1.405782e-02,1.235091e-02,8.223307e-03,6.185346e-03,2.204348e-01,6.432684e-02,2.379549e-03,1.540131e-02,2.044284e-01,3.363317e-01,8.755734e-03,4.230977e-03
6.977677e-02,2.603561e-03,1.126486e-03,1.039552e-02,1.036055e-02,6.911511e-03,4.487383e-03,1.545667e-01,6.108608e-02,2.130653e-03,1.361848e-02,2.818177e-01,3.713290e-01,6.697547e-03,3.091988e-03
4.971659e-02,1.957827e-03,9.139359e-04,8.141580e-03,1.678892e-02,5.021977e-03,3.466834e-03,1.083986e-01,1.450482e-01,1.928117e-03,1.256415e-02,2.666058e-01,3.722705e-01,4.927401e-03,2.249544e-03
3.676076e-02,1.515482e-03,1.082323e-03,6.484747e-03,1.898370e-02,5.039708e-03,2.560995e-03,7.637128e-02,1.850079e-01,2.340047e-03,1.091556e-02,3.430376e-01,3.037195e-01,4.426184e-03,1.754171e-03
2.749089e-02,1.098620e-03,8.630721e-04,5.342313e-03,2.049589e-02,8.649917e-03,1.845583e-03,5.366065e-02,1.676811e-01,2.229578e-03,1.147580e-02,4.585264e-01,2.354495e-01,3.913385e-03,1.277291e-03
2.019567e-02,8.024680e-04,7.388254e-04,4.074029e-03,4.018407e-02,7.604485e-03,1.489120e-03,3.794211e-02,1.678271e-01,1.951891e-03,1.125764e-02,5.201824e-01,1.818898e-01,2.934009e-03,9.262520e-04
1.668414e-02,6.267938e-04,9.531804e-04,3.425069e-03,3.896179e-02,8.403176e-03,1.136556e-03,2.763013e-02,1.440330e-01,2.074913e-03,1.109660e-02,5.925041e-01,1.494401e-01,2.351311e-03,6.790787e-04
1.368978e-02,5.887224e-04,1.108199e-03,2.560651e-03,7.275534e-02,7.805744e-03,1.223626e-03,2.123000e-02,1.688941e-01,1.983256e-03,1.269718e-02,5.547106e-01,1.383438e-01,1.877988e-03,5.309955e-04
1.469000e-02,5.049590e-04,1.170872e-03,1.890890e-03,1.326235e-01,9.069753e-03,1.677634e-03,1.715539e-02,1.358725e-01,2.350446e-03,1.283911e-02,5.379699e-01,1.299009e-01,1.787639e-03,4.964575e-04
1.337443e-02,7.207409e-04,1.311631e-03,1.429206e-03,1.201043e-01,7.710645e-03,1.253941e-03,1.283409e-02,1.063241e-01,2.834047e-03,3.351191e-02,5.922228e-01,1.037842e-01,2.154580e-03,4.293778e-04
2.164204e-02,3.438915e-03,3.128676e-03,1.193398e-03,1.688958e-01,5.821493e-03,1.042335e-03,1.420206e-02,1.287543e-01,4.051455e-03,3.307404e-02,5.275235e-01,8.448276e-02,2.346653e-03,4.025107e-04
2.176013e-02,4.371039e-03,3.136712e-03,1.107176e-03,1.407556e-01,5.278532e-03,9.924382e-04,1.518956e-02,1.276307e-01,4.399418e-03,2.932935e-02,5.787375e-01,6.491855e-02,2.054032e-03,3.392440e-04
2.126194e-02,6.408616e-03,3.529011e-03,1.467376e-03,1.150391e-01,8.195995e-03,1.146798e-03,2.015670e-02,1.600115e-01,4.314826e-03,2.452432e-02,5.783042e-01,5.346309e-02,1.772496e-03,4.039391e-04
2.036052e-02,1.179062e-02,4.766402e-03,5.736443e-03,8.466216e-02,8.990661e-03,1.189630e-03,3.347566e-02,2.579001e-01,3.967689e-03,2.182083e-02,4.656756e-01,7.588048e-02,1.829724e-03,1.953326e-03
3.142218e-02,1.303129e-02,3.933708e-03,6.410755e-03,6.599420e-02,1.607760e-02,2.072042e-03,2.838594e-02,3.245902e-01,4.032389e-03,1.823884e-02,3.950391e-01,8.685648e-02,1.642850e-03,2.272405e-03
5.779295e-02,1.173074e-02,4.731383e-03,7.053008e-03,6.441484e-02,2.026301e-02,1.515428e-02,4.638452e-02,3.766603e-01,4.416677e-03,1.620726e-02,2.901069e-01,8.138361e-02,1.465350e-03,2.235180e-03
8.685365e-02,8.735268e-03,4.313488e-03,6.059991e-03,5.378240e-02,1.867321e-02,1.641405e-02,2.429979e-01,2.797262e-01,3.302415e-03,1.184718e-02,2.048379e-01,5.924249e-02,1.088381e-03,2.125334e-03
9.164531e-02,6.449739e-03,3.970071e-03,5.236126e-03,4.357269e-02,2.493002e-02,2.001231e-02,4.013802e-01,2.001496e-01,2.446319e-03,8.693671e-03,1.447356e-01,4.400351e-02,8.256930e-04,1.949027e-03
7.471806e-02,4.664053e-03,3.243702e-03,4.101044e-03,3.353842e-02,2.429701e-02,1.657289e-02,5.539771e-01,1.406931e-01,1.780107e-03,6.353274e-03,1.018683e-01,3.199711e-02,6.974083e-04,1.498372e-03
5.666108e-02,3.341678e-03,2.724558e-03,3.278734e-03,2.700810e-02,2.007814e-02,1.379359e-02,6.724805e-01,9.907787e-02,1.291542e-03,4.539812e-03,7.146019e-02,2.261365e-02,5.329386e-04,1.117588e-03
4.699542e-02,2.400955e-03,2.414476e-03,2.813234e-03,2.354767e-02,1.538941e-02,1.212581e-02,7.526010e-01,6.999498e-02,9.577106e-04,3.285975e-03,5.017817e-02,1.602302e-02,4.131593e-04,8.590190e-04
4.324735e-02,1.815335e-03,2.122061e-03,2.434024e-03,2.021928e-02,1.302765e-02,2.512531e-02,7.912374e-01,4.932746e-02,7.387019e-04,2.467056e-03,3.529718e-02,1.192500e-02,3.172811e-04,6.989962e-04
5.089188e-02,1.578553e-03,2.579916e-03,2.277960e-03,2.358750e-02,1.921781e-02,3.299499e-02,7.921506e-01,3.479689e-02,5.619318e-04,2.252710e-03,2.502200e-02,1.110919e-02,3.110348e-04,6.670911e-04
5.928657e-02,1.328840e-03,2.261518e-03,1.795399e-03,2.301349e-02,2.075745e-02,2.951349e-02,8.067993e-01,2.486395e-02,4.276031e-04,2.353426e-03,1.792997e-02,8.762000e-03,2.965199e-04,6.104957e-04
9.637028e-02,2.232880e-03,2.044748e-03,2.127059e-03,2.170244e-02,2.377064e-02,2.217262e-02,7.419404e-01,2.220432e-02,1.139932e-03,1.873951e-02,1.888795e-02,2.183246e-02,1.099247e-03,3.735567e-03
1.021223e-01,3.063696e-03,2.042622e-03,3.053350e-03,2.389337e-02,2.091699e-02,1.699824e-02,6.582764e-01,3.229989e-02,4.745752e-03,4.684988e-02,2.151817e-02,4.856985e-02,2.704697e-03,1.294477e-02
1.389394e-01,3.078299e-03,4.090824e-03,4.301331e-03,2.923360e-02,1.705995e-02,1.648918e-02,5.660763e-01,2.995603e-02,5.376684e-03,8.366349e-02,2.268339e-02,6.237209e-02,2.618856e-03,1.406060e-02
1.703744e-01,5.156394e-03,5.440477e-03,6.891449e-03,3.198127e-02,1.891847e-02,1.562195e-02,4.835628e-01,3.213292e-02,6.125553e-03,8.504382e-02,2.978995e-02,8.949071e-02,2.990170e-03,1.647963e-02
1.454052e-01,6.815325e-03,6.273611e-03,6.113173e-03,3.234540e-02,2.370196e-02,1.442815e-02,3.696483e-01,3.656531e-02,5.189629e-03,8.220951e-02,4.024031e-02,2.071725e-01,3.741931e-03,2.014954e-02
1.195588e-01,8.127424e-03,6.082406e-03,4.857969e-03,2.624838e-02,2.255369e-02,2.802495e-02,2.662193e-01,3.299746e-02,4.726151e-03,6.699923e-02,1.458305e-01,2.470561e-01,4.904249e-03,1.581344e-02
9.332567e-02,7.325254e-03,4.989329e-03,3.532792e-03,2.113742e-02,1.726565e-02,2.383545e-02,1.924245e-01,2.532330e-02,3.849183e-03,5.140740e-02,2.337487e-01,3.046824e-01,4.158427e-03,1.299450e-02
6.678955e-02,5.735730e-03,3.573696e-03,2.535161e-03,1.703496e-02,1.308170e-02,1.861249e-02,1.351799e-01,1.856680e-02,3.058902e-03,3.902984e-02,3.669884e-01,2.970996e-01,3.105089e-03,9.608281e-03
5.510581e-02,4.739727e-03,2.707178e-03,2.018205e-03,1.488533e-02,1.230559e-02,1.545043e-02,9.498770e-02,1.646107e-02,3.434328e-03,3.178852e-02,4.058956e-01,3.300668e-01,2.561542e-03,7.592166e-03
3.976213e-02,3.532488e-03,2.094908e-03,1.513751e-03,1.360876e-02,1.149014e-02,1.305413e-02,6.675518e-02,2.400391e-02,4.611713e-03,2.453619e-02,4.639317e-01,3.229734e-01,1.938753e-03,6.192874e-03
2.830951e-02,2.561899e-03,1.560344e-03,1.073845e-03,1.025819e-02,1.135325e-02,9.412461e-03,4.682941e-02,1.883336e-02,5.055729e-03,1.826337e-02,5.651735e-01,2.746666e-01,1.789163e-03,4.859450e-03
2.139070e-02,1.951854e-03,1.449963e-03,8.199955e-04,1.081514e-02,9.364811e-03,6.928886e-03,3.307723e-02,1.993236e-02,8.581791e-03,1.526223e-02,6.179391e-01,2.469865e-01,1.686827e-03,3.812708e-03
1.592073e-02,2.205641e-03,2.831701e-03,6.038140e-04,1.443388e-02,1.090729e-02,7.246727e-03,2.397201e-02,2.643665e-02,8.356287e-03,1.227416e-02,6.620224e-01,2.080330e-01,1.498671e-03,3.257024e-03
1.342070e-02,3.766485e-03,3.285507e-03,4.961313e-04,1.790952e-02,2.353124e-02,9.947534e-03,1.906745e-02,5.505056e-02,7.876063e-03,1.065797e-02,6.623410e-01,1.685339e-01,1.346673e-03,2.769330e-03
9.909448e-03,5.465983e-03,1.540175e-02,3.989396e-04,1.407489e-02,1.801216e-02,2.988339e-02,3.214133e-02,4.377194e-02,7.380091e-03,9.331162e-03,6.739619e-01,1.367039e-01,1.200513e-03,2.362665e-03
1.013527e-02,1.011707e-02,9.148870e-02,7.275711e-04,1.345011e-02,4.555037e-02,2.963770e-02,2.889955e-02,3.985262e-02,1.444829e-02,7.632653e-03,5.975140e-01,1.053193e-01,1.813609e-03,3.413180e-03
1.777029e-02,3.317491e-02,2.466682e-01,2.671399e-03,1.862969e-02,3.886031e-02,2.277669e-02,2.316812e-02,4.439830e-02,1.508339e-02,5.772223e-03,4.497567e-01,7.577879e-02,1.546661e-03,3.944344e-03
1.483867e-02,2.979165e-02,4.325176e-01,4.056219e-03,1.423390e-02,2.818653e-02,1.621839e-02,1.802897e-02,3.510530e-02,2.440721e-02,4.182156e-03,3.176010e-01,5.320688e-02,1.120929e-03,6.504687e-03
2.150123e-02,5.644859e-02,4.640032e-01,8.419713e-03,1.127976e-02,2.372560e-02,1.208649e-02,1.486656e-02,3.991232e-02,5.418515e-02,3.492735e-03,2.259497e-01,3.798634e-02,9.222011e-04,2.522048e-02
1.588547e-02,1.098995e-01,4.468120e-01,9.548410e-03,8.149007e-03,2.582118e-02,8.596807e-03,1.049287e-02,3.534327e-02,8.709064e-02,4.150964e-03,1.588412e-01,3.531314e-02,8.427635e-04,4.321273e-02
1.200582e-02,1.808181e-01,3.790163e-01,1.885421e-02,7.830812e-03,2.138255e-02,6.439778e-03,7.520715e-03,1.162455e-01,6.649081e-02,5.096402e-03,1.114993e-01,3.314117e-02,6.275006e-04,3.303097e-02
8.961594e-03,2.225983e-01,2.772294e-01,2.299660e-02,6.531415e-03,1.794016e-02,4.664456e-03,5.366769e-03,2.460306e-01,4.991288e-02,5.682131e-03,7.821316e-02,2.666214e-02,4.593160e-04,2.675110e-02
7.278859e-03,3.385389e-01,2.067338e-01,3.800956e-02,5.970116e-03,1.382066e-02,3.337847e-03,4.547297e-03,2.332503e-01,3.793542e-02,5.979084e-03,5.517366e-02,2.029072e-02,3.539563e-04,2.877987e-02
7.093827e-03,3.440480e-01,1.546119e-01,7.787846e-02,8.192850e-03,1.227185e-02,2.500238e-03,5.841801e-03,2.422529e-01,3.825574e-02,8.285546e-03,3.925697e-02,1.648413e-02,3.177435e-04,4.270806e-02
5.291031e-03,4.746455e-01,1.129026e-01,6.260570e-02,5.900073e-03,9.502101e-03,1.783345e-03,4.229719e-03,1.858219e-01,2.886778e-02,1.025680e-02,3.280794e-02,2.814793e-02,3.309201e-04,3.690668e-02
3.989560e-03,3.581624e-01,8.021872e-02,1.189967e-01,4.481821e-03,7.532056e-03,1.290384e-03,3.356884e-03,1.392495e-01,2.056127e-02,9.236831e-03,2.503259e-02,1.982341e-01,2.427593e-04,2.941436e-02
2.941582e-03,2.589350e-01,5.646546e-02,9.654112e-02,3.284123e-03,6.068325e-03,9.165879e-04,2.495895e-03,1.043746e-01,1.463449e-02,7.365991e-03,1.899929e-02,4.037911e-01,1.819137e-04,2.300453e-02
2.225973e-03,1.829018e-01,3.972109e-02,6.964991e-02,2.415530e-03,8.096617e-03,6.823234e-04,1.936060e-03,1.187092e-01,1.055335e-02,6.292078e-03,1.434441e-02,5.250788e-01,2.997432e-04,1.709314e-02
1.632737e-03,1.284104e-01,2.784132e-02,4.921725e-02,1.845994e-03,2.431694e-02,6.637026e-04,1.537166e-03,8.675233e-02,7.513393e-03,8.205690e-03,1.196013e-02,6.359243e-01,2.960919e-04,1.388253e-02
1.330462e-03,9.201528e-02,1.963281e-02,3.518298e-02,1.423122e-03,5.939158e-02,4.956866e-04,1.115546e-03,6.710341e-02,5.338726e-03,9.207331e-03,1.492332e-02,6.812900e-01,2.731193e-04,1.127663e-02
1.099264e-03,6.662949e-02,1.389969e-02,2.479513e-02,1.050640e-03,1.355957e-01,3.620252e-04,7.997261e-04,5.229830e-02,3.956457e-03,1.133100e-02,6.274164e-02,6.132541e-01,3.389563e-04,1.184783e-02
9.031789e-04,4.744834e-02,9.813833e-03,1.744677e-02,7.546837e-04,2.236328e-01,2.671826e-04,5.679823e-04,3.957549e-02,2.879044e-03,1.247921e-02,8.606447e-02,5.479571e-01,4.587771e-04,9.751139e-03
3.903457e-03,4.312192e-02,7.138480e-03,1.254919e-02,5.739944e-04,2.306355e-01,2.222629e-04,4.311116e-04,3.760149e-02,2.871471e-03,1.996650e-02,1.474501e-01,4.791439e-01,3.413063e-03,1.097758e-02
5.800015e-03,3.228454e-02,5.314924e-03,9.106131e-03,5.718158e-04,1.754398e-01,2.742214e-04,3.266796e-04,4.647299e-02,3.172688e-03,3.165445e-02,1.730420e-01,5.023281e-01,3.193874e-03,1.101786e-02
5.013810e-03,2.559168e-02,3.902185e-03,6.543761e-03,5.048129e-04,1.347951e-01,2.794275e-04,2.585735e-04,5.539196e-02,5.200923e-03,4.686480e-02,2.682281e-01,4.327704e-01,2.843447e-03,1.181107e-02
3.711137e-03,1.888907e-02,2.798692e-03,4.659153e-03,5.596263e-04,9.536783e-02,2.616793e-04,2.166592e-04,1.142223e-01,5.055495e-03,5.659925e-02,2.795086e-01,4.058375e-01,2.086034e-03,1.022702e-02
2.827709e-03,1.389708e-02,1.980197e-03,3.326645e-03,4.829384e-04,6.811517e-02,2.173786e-04,1.754041e-04,1.066242e-01,5.957654e-03,5.530782e-02,3.561721e-01,3.753000e-01,1.602302e-03,8.013343e-03
2.333300e-03,1.057667e-02,1.400735e-03,2.352718e-03,3.671780e-04,4.824725e-02,1.736719e-04,1.345214e-04,8.951230e-02,5.483296e-03,4.585388e-02,4.915066e-01,2.941521e-01,1.319567e-03,6.586184e-03
1.722284e-03,7.763431e-03,9.879171e-04,1.656726e-03,2.712323e-04,3.402086e-02,1.279529e-04,9.677505e-05,6.948146e-02,5.000557e-03,3.558093e-02,6.204684e-01,2.169186e-01,9.858768e-04,4.917086e-03
1.267387e-03,5.606162e-03,6.951854e-04,1.164492e-03,2.014995e-04,2.398450e-02,9.532592e-05,7.049030e-05,5.779995e-02,4.110162e-03,2.662775e-02,7.182022e-01,1.558941e-01,7.164825e-04,3.564325e-03
9.022119e-04,4.250317e-03,5.440916e-04,8.255193e-04,3.400410e-04,1.685851e-02,9.681729e-05,7.737597e-05,1.095437e-01,3.752961e-03,2.187034e-02,7.199095e-01,1.179767e-01,5.187754e-04,2.533189e-03
6.748111e-04,3.195629e-03,4.472760e-04,6.108616e-04,4.508526e-04,1.198201e-02,9.252697e-05,9.684020e-05,1.249172e-01,4.753924e-03,2.002997e-02,7.369770e-01,9.356848e-02,3.928239e-04,1.809854e-03
6.351537e-04,2.405761e-03,4.995331e-04,4.880049e-04,5.989206e-04,8.692733e-03,7.390040e-05,2.789219e-04,1.085484e-01,6.643155e-03,1.648555e-02,7.818042e-01,7.121701e-02,3.420079e-04,1.286741e-03
7.137746e-04,1.945050e-03,7.283620e-04,4.405544e-04,1.388946e-03,6.295203e-03,5.976787e-05,1.320601e-03,1.445047e-01,8.764538e-03,1.606551e-02,7.561553e-01,6.041430e-02,2.830663e-04,9.203255e-04
7.556389e-04,1.912319e-03,1.141221e-03,3.591533e-04,2.066738e-03,4.523550e-03,5.742845e-05,3.458632e-03,1.732616e-01,1.059472e-02,1.310137e-02,7.410127e-01,4.680530e-02,2.807177e-04,6.688291e-04
1.343439e-03,1.515905e-03,1.179463e-03,2.962706e-04,2.762419e-03,3.514442e-03,1.142774e-04,7.766991e-03,1.447168e-01,1.152271e-02,1.032452e-02,7.795607e-01,3.456822e-02,3.241193e-04,4.897761e-04
2.524849e-03,1.912841e-03,1.508865e-03,2.414894e-04,4.551900e-03,2.589196e-03,1.566184e-04,1.270355e-02,1.880935e-01,1.370565e-02,9.380193e-03,7.344897e-01,2.739120e-02,3.801544e-04,3.703030e-04
3.695440e-03,1.523891e-03,1.298571e-03,2.461951e-04,5.223744e-03,2.090956e-03,2.079484e-04,1.375847e-02,1.633810e-01,1.646931e-02,8.383378e-03,7.630019e-01,2.008133e-02,3.518631e-04,2.860262e-04
3.632792e-03,1.389466e-03,1.291143e-03,2.891785e-04,2.709121e-02,1.719974e-03,8.030959e-04,1.407055e-02,2.406109e-01,1.593355e-02,6.944930e-03,6.709253e-01,1.481049e-02,2.752747e-04,2.121726e-04
4.221677e-03,1.352591e-03,1.748084e-03,6.159015e-04,7.564401e-02,2.026640e-03,1.183989e-03,2.679543e-02,3.204818e-01,1.443081e-02,5.396686e-03,5.345611e-01,1.110939e-02,2.570283e-04,1.748919e-04
4.248172e-03,1.461361e-03,1.521342e-03,6.034649e-04,7.995566e-02,1.632924e-03,1.113188e-03,2.267984e-02,4.737136e-01,1.117619e-02,4.178506e-03,3.893127e-01,8.051889e-03,1.989424e-04,1.522193e-04
3.745747e-03,1.388499e-03,1.390774e-03,8.995861e-04,8.566133e-02,1.728688e-03,1.120505e-03,3.037845e-02,5.740275e-01,8.347765e-03,3.180425e-03,2.817954e-01,6.041232e-03,1.528865e-04,1.411241e-04
5.283548e-03,1.358558e-03,1.144315e-03,1.174806e-03,1.071574e-01,1.708903e-03,1.534801e-03,2.374231e-02,6.392897e-01,6.256651e-03,3.041276e-03,2.029345e-01,4.871025e-03,1.399380e-04,3.622235e-04
6.810200e-03,1.097586e-03,9.052307e-04,2.091912e-03,1.200674e-01,1.750668e-03,1.635472e-03,3.408866e-02,6.729643e-01,4.499631e-03,2.981664e-03,1.465744e-01,3.994492e-03,1.136405e-04,4.246864e-04
9.106172e-03,1.128915e-03,7.613287e-04,2.803721e-03,2.163236e-01,1.878052e-03,1.812011e-03,2.809381e-02,6.241502e-01,3.239857e-03,2.641852e-03,1.042775e-01,3.038933e-03,1.163195e-04,6.277374e-04
1.574957e-02,1.563427e-03,6.907089e-04,2.707764e-03,3.044597e-01,3.312914e-03,1.599976e-03,2.422738e-02,5.626896e-01,2.396110e-03,3.566532e-03,7.350679e-02,2.250689e-03,2.833801e-04,9.954309e-04
1.877209e-02,4.286531e-03,6.719932e-04,2.783432e-03,3.378778e-01,3.964877e-03,1.350681e-03,1.996847e-02,5.507096e-01,1.790541e-03,3.253441e-03,5.173093e-02,1.669096e-03,3.588204e-04,8.116743e-04
2.199102e-02,5.491476e-03,8.849564e-04,4.486660e-03,3.541819e-01,4.608911e-03,1.554811e-03,2.922793e-02,5.338694e-01,1.331265e-03,2.763139e-03,3.716166e-02,1.424930e-03,3.279460e-04,6.939176e-04
3.055005e-02,6.908837e-03,1.024179e-03,4.497937e-03,3.651075e-01,9.638817e-03,1.408073e-03,2.263363e-02,5.249474e-01,1.105183e-03,3.179655e-03,2.683743e-02,1.239288e-03,3.519550e-04,5.699690e-04
5.183149e-02,8.178199e-03,1.606779e-03,2.225269e-02,3.615179e-01,9.268791e-03,1.584182e-03,1.879326e-02,4.909750e-01,8.912440e-04,4.804185e-03,2.449575e-02,1.869158e-03,5.135291e-04,1.417726e-03
6.189833e-02,1.236168e-02,1.945339e-02,1.492943e-01,2.885107e-01,7.624727e-03,1.835842e-03,2.008456e-02,3.913611e-01,1.436007e-03,6.635415e-03,2.671895e-02,2.937205e-03,6.728523e-04,9.174925e-03
1.373625e-01,1.322895e-02,2.901683e-02,1.302276e-01,2.227469e-01,1.194964e-02,2.022110e-03,1.757722e-02,3.798087e-01,2.788817e-03,6.988548e-03,2.344554e-02,3.483959e-03,7.800277e-04,1.857262e-02
1.935465e-01,1.191949e-02,1.375963e-01,1.226483e-01,1.626728e-01,1.014113e-02,1.707291e-03,1.486320e-02,2.924014e-01,3.433442e-03,8.185721e-03,2.019502e-02,3.413228e-03,1.388940e-03,1.588714e-02
3.406305e-01,1.147600e-02,1.067431e-01,1.012668e-01,1.199811e-01,1.360788e-02,1.589807e-03,1.230972e-02,2.371577e-01,3.284958e-03,1.009262e-02,2.131679e-02,4.422710e-03,2.129619e-03,1.399071e-02
3.390308e-01,1.163108e-02,1.797498e-01,1.284261e-01,8.959743e-02,1.159996e-02,1.462400e-03,1.117743e-02,1.718760e-01,3.914704e-03,1.037635e-02,1.912754e-02,4.346737e-03,2.855300e-03,1.482832e-02
4.102170e-01,1.334788e-02,1.570627e-01,1.479358e-01,6.981080e-02,1.099768e-02,1.481907e-03,1.092514e-02,1.253315e-01,3.347558e-03,9.794615e-03,1.766882e-02,5.028577e-03,3.747911e-03,1.330213e-02
4.429038e-01,1.245504e-02,1.494970e-01,1.793340e-01,5.374385e-02,1.111474e-02,1.548981e-03,9.516617e-03,9.054273e-02,3.119883e-03,8.904030e-03,1.673577e-02,5.332169e-03,3.807707e-03,1.144371e-02
4.681771e-01,1.163932e-02,1.282963e-01,1.972214e-01,4.686133e-02,1.685334e-02,1.771354e-03,9.967154e-03,6.503878e-02,2.964202e-03,8.149276e-03,2.452767e-02,5.481799e-03,3.298509e-03,9.752348e-03
4.355161e-01,1.102781e-02,1.228012e-01,2.554544e-01,4.009459e-02,1.533343e-02,1.870089e-03,1.908677e-02,4.761410e-02,3.060869e-03,9.337534e-03,2.163318e-02,6.334345e-03,2.692387e-03,8.143148e-03
3.049627e-01,7.942776e-03,9.173021e-02,3.806590e-01,2.915086e-02,1.085743e-02,1.348796e-03,1.344975e-02,3.363158e-02,2.580439e-03,9.379482e-02,1.610549e-02,6.142831e-03,1.905844e-03,5.737509e-03
2.137928e-01,5.989422e-03,6.903559e-02,3.941180e-01,2.106834e-02,8.265989e-03,9.839940e-04,9.528038e-03,2.417620e-02,4.202398e-03,1.602901e-01,1.851547e-02,5.974520e-02,2.940404e-03,7.348005e-03
1.520301e-01,4.595282e-03,5.056074e-02,3.307847e-01,1.531004e-02,6.850138e-03,7.569785e-04,7.045273e-03,1.756778e-02,7.328372e-03,1.866641e-01,2.069033e-02,1.684878e-01,1.249004e-02,1.883842e-02
1.072259e-01,3.459194e-03,4.436473e-02,3.083724e-01,1.142750e-02,6.999151e-03,7.051434e-04,5.033617e-03,1.481433e-02,3.506748e-02,1.718410e-01,6.446388e-02,2.001967e-01,1.131087e-02,1.471813e-02
7.591383e-02,2.626107e-03,3.552421e-02,2.448826e-01,1.268322e-02,5.494978e-03,1.334584e-03,3.668708e-03,1.501057e-02,8.344182e-02,2.383024e-01,6.469259e-02,1.912307e-01,1.193264e-02,1.326113e-02
5.397015e-02,2.291920e-03,6.675313e-02,1.940053e-01,1.316164e-02,5.896819e-03,1.745301e-03,2.822339e-03,1.310872e-02,1.237428e-01,1.864132e-01,1.020702e-01,2.101228e-01,1.089072e-02,1.300507e-02
3.839426e-02,1.760704e-03,4.871815e-02,1.569118e-01,1.123760e-02,4.390628e-03,1.488450e-03,2.210028e-03,1.076315e-02,2.181178e-01,1.488280e-01,1.065349e-01,2.018352e-01,1.657691e-02,3.223242e-02
2.703637e-02,1.363156e-03,3.539377e-02,1.289881e-01,1.079050e-02,3.680361e-03,1.273491e-03,2.276376e-03,9.808250e-03,2.236937e-01,1.362609e-01,1.489946e-01,2.146302e-01,1.584066e-02,3.996968e-02
1.941724e-02,1.273362e-03,2.634281e-02,9.494334e-02,9.582792e-03,3.943861e-03,1.397444e-03,1.963505e-03,8.997728e-03,2.431513e-01,1.100477e-01,1.666270e-01,2.054511e-01,2.133843e-02,8.552249e-02
1.448933e-02,1.137572e-03,2.084503e-02,6.762911e-02,9.767951e-03,5.848247e-03,2.081927e-03,3.894250e-03,9.508892e-03,2.104848e-01,1.101107e-01,1.487291e-01,2.273072e-01,2.980034e-02,1.383656e-01
1.036052e-02,9.273301e-04,1.526107e-02,4.937569e-02,8.725060e-03,5.120275e-03,1.592044e-03,3.279944e-03,7.554383e-03,1.607513e-01,8.138347e-02,2.736078e-01,2.310237e-01,2.186995e-02,1.291675e-01
7.757810e-03,7.083302e-04,1.091304e-02,3.554967e-02,6.551132e-03,5.477528e-03,1.229084e-03,2.464082e-03,5.811599e-03,1.160559e-01,6.000118e-02,4.167745e-01,2.168185e-01,1.590972e-02,9.797788e-02
6.376464e-03,5.540645e-04,7.790143e-03,2.610670e-02,7.090260e-03,5.242401e-03,1.313585e-03,1.957285e-03,5.284182e-03,8.572935e-02,5.051994e-02,5.067766e-01,2.046800e-01,1.214877e-02,7.843024e-02
5.109787e-03,4.434161e-04,5.528679e-03,1.866803e-02,6.044207e-03,4.889841e-03,1.024662e-03,1.734876e-03,4.147133e-03,6.101371e-02,4.338435e-02,5.702100e-01,2.121364e-01,9.795433e-03,5.586951e-02
4.442256e-03,3.750551e-04,4.163111e-03,1.387999e-02,6.623135e-03,4.247640e-03,8.122956e-04,2.012482e-03,3.998887e-03,4.440596e-02,4.327171e-02,5.016955e-01,3.224549e-01,7.701003e-03,3.991614e-02
4.371478e-03,3.112539e-04,3.418623e-03,1.030611e-02,9.522060e-03,3.458637e-03,1.152470e-03,4.680216e-03,5.134063e-03,4.571424e-02,5.450533e-02,4.006234e-01,4.223334e-01,5.752238e-03,2.871661e-02
4.237677e-03,2.506600e-04,3.512114e-03,7.573063e-03,1.549800e-02,3.143485e-03,1.397535e-03,1.247925e-02,4.519315e-03,4.595109e-02,5.912785e-02,3.623677e-01,4.533279e-01,6.200935e-03,2.041341e-02
4.869316e-03,1.990551e-04,3.404338e-03,5.469307e-03,5.541891e-02,3.018152e-03,3.941937e-03,2.075071e-02,4.278434e-03,4.160441e-02,6.569898e-02,3.047765e-01,4.634747e-01,8.593990e-03,1.450128e-02
5.474987e-03,1.854738e-04,3.075152e-03,3.930341e-03,6.907040e-02,3.135074e-03,4.478782e-03,2.379069e-02,3.618331e-03,3.259394e-02,5.107135e-02,3.964295e-01,3.803870e-01,1.249277e-02,1.026622e-02
5.807038e-03,1.475030e-04,2.589432e-03,2.838939e-03,1.519920e-01,2.792548e-03,1.043064e-02,3.764847e-02,3.381640e-03,2.568175e-02,5.006444e-02,3.524405e-01,3.337875e-01,1.309041e-02,7.307207e-03
7.567592e-03,1.304553e-04,2.337410e-03,2.156277e-03,1.339236e-01,2.489882e-03,9.264928e-03,1.379041e-01,2.931126e-03,1.841445e-02,3.793120e-02,3.514559e-01,2.776817e-01,1.061862e-02,5.192834e-03
1.021319e-02,1.268310e-04,2.132809e-03,1.681058e-03,1.468579e-01,2.356826e-03,1.114383e-02,2.446719e-01,3.398222e-03,1.419380e-02,2.965290e-02,2.918537e-01,2.268512e-01,1.115405e-02,3.711708e-03
8.952478e-03,1.043478e-04,2.213915e-03,1.268701e-03,1.141291e-01,1.854161e-03,8.164971e-03,4.441646e-01,2.680926e-03,1.013324e-02,2.141239e-02,2.080817e-01,1.658546e-01,8.373847e-03,2.611006e-03
3.270944e-02,3.524998e-04,3.593429e-03,2.352658e-03,1.379035e-01,4.511084e-03,1.073070e-02,4.820517e-01,6.273675e-03,7.987208e-03,1.779961e-02,1.596918e-01,1.244610e-01,7.277579e-03,2.304182e-03
3.799824e-02,1.343193e-03,5.249358e-03,3.571043e-03,1.235830e-01,7.635514e-03,1.312990e-02,5.360169e-01,2.134622e-02,6.318782e-03,1.454438e-02,1.215691e-01,9.964951e-02,5.326706e-03,2.718127e-03
4.004684e-02,2.894764e-03,2.528896e-02,9.893293e-03,1.476599e-01,1.542867e-02,1.954082e-02,4.922964e-01,6.364030e-02,5.665879e-03,1.087085e-02,8.717607e-02,7.218809e-02,3.953286e-03,3.455860e-03
7.708009e-02,7.677565e-03,2.072161e-02,1.578289e-02,1.909642e-01,2.774497e-02,3.145102e-02,3.529509e-01,1.369336e-01,4.311160e-03,9.070046e-03,6.229739e-02,5.459715e-02,2.920194e-03,5.497167e-03
1.149016e-01,1.022384e-02,1.667529e-02,1.525084e-02,2.399355e-01,5.819096e-02,3.329097e-02,2.493159e-01,1.601663e-01,3.131463e-03,7.054675e-03,4.465799e-02,4.026671e-02,2.161425e-03,4.776633e-03
1.829552e-01,1.952766e-02,1.260895e-02,1.627059e-02,2.517671e-01,6.081545e-02,3.118740e-02,1.757953e-01,1.669344e-01,2.403049e-03,5.779509e-03,3.371583e-02,3.384423e-02,1.866193e-03,4.529167e-03
1.936228e-01,5.232649e-02,1.303670e-02,4.628512e-02,2.369558e-01,5.447798e-02,3.351650e-02,1.334264e-01,1.549316e-01,3.121244e-03,5.247436e-03,2.739295e-02,2.746191e-02,1.645781e-03,1.655133e-02
1.938595e-01,5.308578e-02,1.395032e-02,7.653399e-02,2.709512e-01,5.071417e-02,3.720248e-02,1.055826e-01,1.336091e-01,2.534208e-03,4.744028e-03,2.124390e-02,2.215314e-02,1.329902e-03,1.250565e-02
2.160134e-01,4.813660e-02,1.241440e-02,6.087779e-02,2.779810e-01,5.684500e-02,4.406482e-02,7.732940e-02,1.316460e-01,2.655851e-03,4.416198e-03,2.228665e-02,3.422993e-02,1.317964e-03,9.784970e-03
1.536101e-01,4.700318e-02,1.118242e-02,3.019179e-01,2.105066e-01,4.184563e-02,3.118888e-02,5.436046e-02,9.274396e-02,2.715939e-03,4.203202e-03,1.627659e-02,2.428940e-02,9.514844e-04,7.204273e-03
1.075400e-01,3.436598e-02,9.361445e-03,4.631211e-01,1.488079e-01,2.934711e-02,2.183850e-02,3.806313e-02,6.511316e-02,1.980929e-03,4.180564e-02,1.538384e-02,1.752766e-02,6.873789e-04,5.056317e-03
7.532827e-02,2.465105e-02,7.232501e-03,4.944575e-01,1.093025e-01,2.062725e-02,1.529684e-02,2.675365e-02,4.723268e-02,1.993999e-03,1.056706e-01,5.283397e-02,1.434004e-02,6.930844e-04,3.586085e-03
5.280637e-02,1.727997e-02,5.201045e-03,3.732062e-01,7.788259e-02,1.463685e-02,1.072348e-02,1.919649e-02,3.326855e-02,1.570873e-03,1.114859e-01,2.678279e-01,1.017851e-02,2.200991e-03,2.534324e-03
3.700121e-02,1.211892e-02,3.781161e-03,2.692999e-01,6.243300e-02,1.041380e-02,7.511449e-03,1.359368e-02,2.333558e-02,1.183708e-03,1.016026e-01,4.456176e-01,7.246576e-03,3.067702e-03,1.793145e-03
2.591437e-02,8.501251e-03,2.725212e-03,1.898143e-01,5.746556e-02,7.420348e-03,5.258827e-03,9.524345e-03,1.635543e-02,8.755524e-04,9.790164e-02,5.691298e-01,5.115387e-03,2.726031e-03,1.272004e-03
1.814707e-02,5.974927e-03,1.926966e-03,1.329735e-01,5.546758e-02,5.271361e-03,3.681542e-03,6.668753e-03,1.146962e-02,6.742612e-04,1.436526e-01,6.070612e-01,3.608444e-03,2.522305e-03,8.998114e-04
1.270998e-02,4.204608e-03,1.363139e-03,9.325841e-02,5.366434e-02,4.081947e-03,2.577930e-03,4.670935e-03,8.102733e-03,4.908217e-04,1.356642e-01,6.731223e-01,2.591216e-03,2.860108e-03,6.373223e-04
8.906649e-03,3.136519e-03,9.717573e-04,6.545947e-02,6.695537e-02,3.211925e-03,1.808443e-03,3.274182e-03,6.188853e-03,4.353846e-04,1.219804e-01,7.124233e-01,1.887801e-03,2.880574e-03,4.793370e-04
6.275590e-03,2.553273e-03,7.300571e-04,4.611840e-02,7.040454e-02,2.911104e-03,1.278052e-03,2.299314e-03,4.697594e-03,6.268130e-04,1.348933e-01,7.214868e-01,1.416833e-03,3.664397e-03,6.440047e-04
4.479349e-03,2.161124e-03,5.355848e-04,3.252754e-02,7.393029e-02,3.153207e-03,9.161011e-04,1.621687e-03,3.959454e-03,1.414508e-03,1.166256e-01,7.520579e-01,1.182749e-03,4.425637e-03,1.009263e-03
3.304826e-03,1.981203e-03,4.194124e-04,2.325228e-02,7.404218e-02,6.293437e-03,7.446497e-04,1.166744e-03,3.257690e-03,2.414175e-03,1.570888e-01,7.163845e-01,1.366080e-03,5.446954e-03,2.837149e-03
2.539314e-03,1.873442e-03,3.279818e-04,1.662219e-02,6.951707e-02,9.089600e-03,5.706773e-04,8.383363e-04,2.655898e-03,2.504534e-03,2.326579e-01,6.485489e-01,1.547628e-03,5.907751e-03,4.798755e-03
