1.000000e+00,0.000000e+00,0.000000e+00,0.000000e+00,0.000000e+00,0.000000e+00,0.000000e+00,0.000000e+00,0.000000e+00,0.000000e+00,0.000000e+00,0.000000e+00,0.000000e+00,0.000000e+00,0.000000e+00
1.000000e+00,0.000000e+00,0.000000e+00,0.000000e+00,0.000000e+00,0.000000e+00,0.000000e+00,0.000000e+00,0.000000e+00,0.000000e+00,0.000000e+00,0.000000e+00,0.000000e+00,0.000000e+00,0.000000e+00
1.000000e+00,0.000000e+00,0.000000e+00,0.000000e+00,0.000000e+00,0.000000e+00,0.000000e+00,0.000000e+00,0.000000e+00,0.000000e+00,0.000000e+00,0.000000e+00,0.000000e+00,0.000000e+00,0.000000e+00
1.000000e+00,0.000000e+00,0.000000e+00,0.000000e+00,0.000000e+00,0.000000e+00,0.000000e+00,0.000000e+00,0.000000e+00,0.000000e+00,0.000000e+00,0.000000e+00,0.000000e+00,0.000000e+00,0.000000e+00
1.000000e+00,0.000000e+00,0.000000e+00,0.000000e+00,0.000000e+00,0.000000e+00,0.000000e+00,0.000000e+00,0.000000e+00,0.000000e+00,0.000000e+00,0.000000e+00,0.000000e+00,0.000000e+00,0.000000e+00
1.000000e+00,0.000000e+00,0.000000e+00,0.000000e+00,0.000000e+00,0.000000e+00,0.000000e+00,0.000000e+00,0.000000e+00,0.000000e+00,0.000000e+00,0.000000e+00,0.000000e+00,0.000000e+00,0.000000e+00
1.000000e+00,0.000000e+00,0.000000e+00,0.000000e+00,0.000000e+00,0.000000e+00,0.000000e+00,0.000000e+00,0.000000e+00,0.000000e+00,0.000000e+00,0.000000e+00,0.000000e+00,0.000000e+00,0.000000e+00
1.000000e+00,0.000000e+00,0.000000e+00,0.000000e+00,0.000000e+00,0.000000e+00,0.000000e+00,0.000000e+00,0.000000e+00,0.000000e+00,0.000000e+00,0.000000e+00,0.000000e+00,0.000000e+00,0.000000e+00
1.000000e+00,0.000000e+00,0.000000e+00,0.000000e+00,0.000000e+00,0.000000e+00,0.000000e+00,0.000000e+00,0.000000e+00,0.000000e+00,0.000000e+00,0.000000e+00,0.000000e+00,0.000000e+00,0.000000e+00
1.000000e+00,0.000000e+00,0.000000e+00,0.000000e+00,0.000000e+00,0.000000e+00,0.000000e+00,0.000000e+00,0.000000e+00,0.000000e+00,0.000000e+00,0.000000e+00,0.000000e+00,0.000000e+00,0.000000e+00
1.000000e+00,0.000000e+00,0.000000e+00,0.000000e+00,0.000000e+00,0.000000e+00,0.000000e+00,0.000000e+00,0.000000e+00,0.000000e+00,0.000000e+00,0.000000e+00,0.000000e+00,0.000000e+00,0.000000e+00
1.000000e+00,0.000000e+00,0.000000e+00,0.000000e+00,0.000000e+00,0.000000e+00,0.000000e+00,0.000000e+00,0.000000e+00,0.000000e+00,0.000000e+00,0.000000e+00,0.000000e+00,0.000000e+00,0.000000e+00
1.000000e+00,0.000000e+00,0.000000e+00,0.000000e+00,0.000000e+00,0.000000e+00,0.000000e+00,0.000000e+00,0.000000e+00,0.000000e+00,0.000000e+00,0.000000e+00,0.000000e+00,0.000000e+00,0.000000e+00
1.000000e+00,0.000000e+00,0.000000e+00,0.000000e+00,0.000000e+00,0.000000e+00,0.000000e+00,0.000000e+00,0.000000e+00,0.000000e+00,0.000000e+00,0.000000e+00,0.000000e+00,0.000000e+00,0.000000e+00
1.000000e+00,0.000000e+00,0.000000e+00,0.000000e+00,0.000000e+00,0.000000e+00,0.000000e+00,0.000000e+00,0.000000e+00,0.000000e+00,0.000000e+00,0.000000e+00,0.000000e+00,0.000000e+00,0.000000e+00
1.000000e+00,0.000000e+00,0.000000e+00,0.000000e+00,0.000000e+00,0.000000e+00,0.000000e+00,0.000000e+00,0.000000e+00,0.000000e+00,0.000000e+00,0.000000e+00,0.000000e+00,0.000000e+00,0.000000e+00
1.000000e+00,0.000000e+00,0.000000e+00,0.000000e+00,0.000000e+00,0.000000e+00,0.000000e+00,0.000000e+00,0.000000e+00,0.000000e+00,0.000000e+00,0.000000e+00,0.000000e+00,0.000000e+00,0.000000e+00
1.000000e+00,0.000000e+00,0.000000e+00,0.000000e+00,0.000000e+00,0.000000e+00,0.000000e+00,0.000000e+00,0.000000e+00,0.000000e+00,0.000000e+00,0.000000e+00,0.000000e+00,0.000000e+00,0.000000e+00
1.000000e+00,0.000000e+00,0.000000e+00,0.000000e+00,0.000000e+00,0.000000e+00,0.000000e+00,0.000000e+00,0.000000e+00,0.000000e+00,0.000000e+00,0.000000e+00,0.000000e+00,0.000000e+00,0.000000e+00
1.000000e+00,0.000000e+00,0.000000e+00,0.000000e+00,0.000000e+00,0.000000e+00,0.000000e+00,0.000000e+00,0.000000e+00,0.000000e+00,0.000000e+00,0.000000e+00,0.000000e+00,0.000000e+00,0.000000e+00
1.000000e+00,0.000000e+00,0.000000e+00,0.000000e+00,0.000000e+00,0.000000e+00,0.000000e+00,0.000000e+00,0.000000e+00,0.000000e+00,0.000000e+00,0.000000e+00,0.000000e+00,0.000000e+00,0.000000e+00
1.000000e+00,0.000000e+00,0.000000e+00,0.000000e+00,0.000000e+00,0.000000e+00,0.000000e+00,0.000000e+00,0.000000e+00,0.000000e+00,0.000000e+00,0.000000e+00,0.000000e+00,0.000000e+00,0.000000e+00
1.000000e+00,0.000000e+00,0.000000e+00,0.000000e+00,0.000000e+00,0.000000e+00,0.000000e+00,0.000000e+00,0.000000e+00,0.000000e+00,0.000000e+00,0.000000e+00,0.000000e+00,0.000000e+00,0.000000e+00
1.000000e+00,0.000000e+00,0.000000e+00,0.000000e+00,0.000000e+00,0.000000e+00,0.000000e+00,0.000000e+00,0.000000e+00,0.000000e+00,0.000000e+00,0.000000e+00,0.000000e+00,0.000000e+00,0.000000e+00
1.000000e+00,0.000000e+00,0.000000e+00,0.000000e+00,0.000000e+00,0.000000e+00,0.000000e+00,0.000000e+00,0.000000e+00,0.000000e+00,0.000000e+00,0.000000e+00,0.000000e+00,0.000000e+00,0.000000e+00
1.000000e+00,0.000000e+00,0.000000e+00,0.000000e+00,0.000000e+00,0.000000e+00,0.000000e+00,0.000000e+00,0.000000e+00,0.000000e+00,0.000000e+00,0.000000e+00,0.000000e+00,0.000000e+00,0.000000e+00
1.000000e+00,0.000000e+00,0.000000e+00,0.000000e+00,0.000000e+00,0.000000e+00,0.000000e+00,0.000000e+00,0.000000e+00,0.000000e+00,0.000000e+00,0.000000e+00,0.000000e+00,0.000000e+00,0.000000e+00
1.000000e+00,0.000000e+00,0.000000e+00,0.000000e+00,0.000000e+00,0.000000e+00,0.000000e+00,0.000000e+00,0.000000e+00,0.000000e+00,0.000000e+00,0.000000e+00,0.000000e+00,0.000000e+00,0.000000e+00
1.000000e+00,0.000000e+00,0.000000e+00,0.000000e+00,0.000000e+00,0.000000e+00,0.000000e+00,0.000000e+00,0.000000e+00,0.000000e+00,0.000000e+00,0.000000e+00,0.000000e+00,0.000000e+00,0.000000e+00
1.000000e+00,0.000000e+00,0.000000e+00,0.000000e+00,0.000000e+00,0.000000e+00,0.000000e+00,0.000000e+00,0.000000e+00,0.000000e+00,0.000000e+00,0.000000e+00,0.000000e+00,0.000000e+00,0.000000e+00
1.000000e+00,0.000000e+00,0.000000e+00,0.000000e+00,0.000000e+00,0.000000e+00,0.000000e+00,0.000000e+00,0.000000e+00,0.000000e+00,0.000000e+00,0.000000e+00,0.000000e+00,0.000000e+00,0.000000e+00
1.000000e+00,0.000000e+00,0.000000e+00,0.000000e+00,0.000000e+00,0.000000e+00,0.000000e+00,0.000000e+00,0.000000e+00,0.000000e+00,0.000000e+00,0.000000e+00,0.000000e+00,0.000000e+00,0.000000e+00
1.000000e+00,0.000000e+00,0.000000e+00,0.000000e+00,0.000000e+00,0.000000e+00,0.000000e+00,0.000000e+00,0.000000e+00,0.000000e+00,0.000000e+00,0.000000e+00,0.000000e+00,0.000000e+00,0.000000e+00
1.000000e+00,0.000000e+00,0.000000e+00,0.000000e+00,0.000000e+00,0.000000e+00,0.000000e+00,0.000000e+00,0.000000e+00,0.000000e+00,0.000000e+00,0.000000e+00,0.000000e+00,0.000000e+00,0.000000e+00
1.000000e+00,0.000000e+00,0.000000e+00,0.000000e+00,0.000000e+00,0.000000e+00,0.000000e+00,0.000000e+00,0.000000e+00,0.000000e+00,0.000000e+00,0.000000e+00,0.000000e+00,0.000000e+00,0.000000e+00
1.000000e+00,0.000000e+00,0.000000e+00,0.000000e+00,0.000000e+00,0.000000e+00,0.000000e+00,0.000000e+00,0.000000e+00,0.000000e+00,0.000000e+00,0.000000e+00,0.000000e+00,0.000000e+00,0.000000e+00
1.000000e+00,0.000000e+00,0.000000e+00,0.000000e+00,0.000000e+00,0.000000e+00,0.000000e+00,0.000000e+00,0.000000e+00,0.000000e+00,0.000000e+00,0.000000e+00,0.000000e+00,0.000000e+00,0.000000e+00
1.000000e+00,0.000000e+00,0.000000e+00,0.000000e+00,0.000000e+00,0.000000e+00,0.000000e+00,0.000000e+00,0.000000e+00,0.000000e+00,0.000000e+00,0.000000e+00,0.000000e+00,0.000000e+00,0.000000e+00
1.000000e+00,0.000000e+00,0.000000e+00,0.000000e+00,0.000000e+00,0.000000e+00,0.000000e+00,0.000000e+00,0.000000e+00,0.000000e+00,0.000000e+00,0.000000e+00,0.000000e+00,0.000000e+00,0.000000e+00
1.000000e+00,0.000000e+00,0.000000e+00,0.000000e+00,0.000000e+00,0.000000e+00,0.000000e+00,0.000000e+00,0.000000e+00,0.000000e+00,0.000000e+00,0.000000e+00,0.000000e+00,0.000000e+00,0.000000e+00
1.000000e+00,0.000000e+00,0.000000e+00,0.000000e+00,0.000000e+00,0.000000e+00,0.000000e+00,0.000000e+00,0.000000e+00,0.000000e+00,0.000000e+00,0.000000e+00,0.000000e+00,0.000000e+00,0.000000e+00
1.000000e+00,0.000000e+00,0.000000e+00,0.000000e+00,0.000000e+00,0.000000e+00,0.000000e+00,0.000000e+00,0.000000e+00,0.000000e+00,0.000000e+00,0.000000e+00,0.000000e+00,0.000000e+00,0.000000e+00
1.000000e+00,0.000000e+00,0.000000e+00,0.000000e+00,0.000000e+00,0.000000e+00,0.000000e+00,0.000000e+00,0.000000e+00,0.000000e+00,0.000000e+00,0.000000e+00,0.000000e+00,0.000000e+00,0.000000e+00
1.000000e+00,0.000000e+00,0.000000e+00,0.000000e+00,0.000000e+00,0.000000e+00,0.000000e+00,0.000000e+00,0.000000e+00,0.000000e+00,0.000000e+00,0.000000e+00,0.000000e+00,0.000000e+00,0.000000e+00
1.000000e+00,0.000000e+00,0.000000e+00,0.000000e+00,0.000000e+00,0.000000e+00,0.000000e+00,0.000000e+00,0.000000e+00,0.000000e+00,0.000000e+00,0.000000e+00,0.000000e+00,0.000000e+00,0.000000e+00
1.000000e+00,0.000000e+00,0.000000e+00,0.000000e+00,0.000000e+00,0.000000e+00,0.000000e+00,0.000000e+00,0.000000e+00,0.000000e+00,0.000000e+00,0.000000e+00,0.000000e+00,0.000000e+00,0.000000e+00
1.000000e+00,0.000000e+00,0.000000e+00,0.000000e+00,0.000000e+00,0.000000e+00,0.000000e+00,0.000000e+00,0.000000e+00,0.000000e+00,0.000000e+00,0.000000e+00,0.000000e+00,0.000000e+00,0.000000e+00
1.000000e+00,0.000000e+00,0.000000e+00,0.000000e+00,0.000000e+00,0.000000e+00,0.000000e+00,0.000000e+00,0.000000e+00,0.000000e+00,0.000000e+00,0.000000e+00,0.000000e+00,0.000000e+00,0.000000e+00
1.000000e+00,0.000000e+00,0.000000e+00,0.000000e+00,0.000000e+00,0.000000e+00,0.000000e+00,0.000000e+00,0.000000e+00,0.000000e+00,0.000000e+00,0.000000e+00,0.000000e+00,0.000000e+00,0.000000e+00
4.280087e-01,9.315438e-03,1.085840e-01,6.356270e-02,6.370551e-03,1.370126e-02,4.689537e-03,3.040909e-01,4.793562e-03,1.290616e-03,1.045691e-02,1.898420e-02,1.163420e-02,2.322529e-03,1.219487e-02
3.076034e-01,6.644533e-03,8.025268e-02,4.702168e-02,4.742649e-03,1.064252e-02,4.157131e-03,4.941673e-01,3.404851e-03,9.303528e-04,7.587175e-03,1.367678e-02,8.681820e-03,1.767230e-03,8.719901e-03
2.206674e-01,4.764955e-03,5.932144e-02,3.455142e-02,3.563474e-03,8.232064e-03,3.568352e-03,6.324222e-01,2.416471e-03,6.677948e-04,5.626856e-03,9.970021e-03,6.589190e-03,1.387731e-03,6.250583e-03
1.647155e-01,3.485282e-03,4.322394e-02,2.500311e-02,2.759186e-03,6.548722e-03,3.518723e-03,7.264017e-01,1.717734e-03,4.927070e-04,4.175335e-03,7.264726e-03,5.053803e-03,1.187457e-03,4.452057e-03
1.252547e-01,2.624625e-03,3.179334e-02,1.823707e-02,2.367509e-03,5.232018e-03,3.432193e-03,7.928172e-01,1.228875e-03,3.753572e-04,3.110590e-03,5.360465e-03,3.965538e-03,1.006839e-03,3.193590e-03
1.084590e-01,2.286646e-03,2.338932e-02,1.348520e-02,2.966752e-03,5.185569e-03,4.863249e-03,8.217575e-01,9.890569e-04,4.628678e-04,2.707461e-03,5.095886e-03,4.825738e-03,9.131581e-04,2.612545e-03
1.635220e-01,2.495033e-03,1.734008e-02,1.121527e-02,3.529038e-03,6.820573e-03,4.543830e-03,7.517662e-01,1.446295e-03,8.750939e-04,3.843235e-03,8.108092e-03,2.057861e-02,1.003089e-03,2.913494e-03
1.918084e-01,3.296427e-03,1.267312e-02,1.115819e-02,3.707768e-03,9.056345e-03,4.200917e-03,6.755260e-01,2.372187e-03,1.300294e-03,6.148251e-03,1.046391e-02,6.279048e-02,1.462210e-03,4.035467e-03
1.673365e-01,4.981990e-03,9.109223e-03,1.238775e-02,3.146732e-03,1.400369e-02,3.850287e-03,5.323691e-01,1.057207e-02,1.434413e-03,1.452926e-02,1.616532e-02,1.989882e-01,1.596549e-03,9.528939e-03
1.560655e-01,6.050737e-03,6.660633e-03,2.505235e-02,2.836138e-03,2.301902e-02,3.422590e-03,4.013221e-01,2.239757e-02,1.317726e-03,1.544984e-02,1.579179e-02,3.083138e-01,1.500832e-03,1.079936e-02
1.161280e-01,4.879735e-03,4.915991e-03,2.114681e-02,3.202801e-03,2.205582e-02,2.774385e-03,2.843419e-01,2.371588e-02,9.906454e-04,1.234001e-02,1.257379e-02,4.808387e-01,1.132631e-03,8.962898e-03
8.282568e-02,3.766062e-03,3.568753e-03,1.574899e-02,3.850751e-03,2.383853e-02,2.145003e-03,1.995870e-01,2.140039e-02,7.242619e-04,1.041840e-02,1.111071e-02,6.132551e-01,8.457712e-04,6.914620e-03
5.931632e-02,2.794571e-03,2.639588e-03,1.185255e-02,3.943290e-03,2.158543e-02,1.730442e-03,1.402576e-01,1.814821e-02,5.248024e-04,9.020597e-03,9.713742e-03,7.127227e-01,6.218674e-04,5.128287e-03
4.158342e-02,1.999210e-03,1.907655e-03,8.492598e-03,4.203268e-03,1.530835e-02,1.254331e-03,9.831149e-02,1.576230e-02,3.716052e-04,7.466158e-03,7.599722e-03,7.915635e-01,4.418751e-04,3.734543e-03
2.997401e-02,1.448294e-03,1.424491e-03,7.317857e-03,4.683412e-03,1.517127e-02,1.005511e-03,6.923099e-02,1.439268e-02,2.761242e-04,5.858227e-03,7.104469e-03,8.390731e-01,3.217546e-04,2.717806e-03
2.109614e-02,1.029915e-03,1.037292e-03,5.242606e-03,3.916442e-03,1.225273e-02,7.471247e-04,4.899485e-02,1.223916e-02,2.133810e-04,5.195126e-03,1.472171e-02,8.710312e-01,2.336835e-04,2.048674e-03
1.546483e-02,7.369481e-04,7.357547e-04,3.797448e-03,3.257080e-03,9.300768e-03,5.659048e-04,3.451451e-02,1.054369e-02,2.381034e-04,5.490638e-03,2.244774e-02,8.911050e-01,1.732153e-04,1.628338e-03
1.369166e-02,5.519947e-04,5.327550e-04,2.806925e-03,3.667986e-03,7.553243e-03,4.716643e-04,2.449348e-02,9.544092e-03,3.752458e-04,5.678344e-03,3.021143e-02,8.988266e-01,1.411977e-04,1.453380e-03
1.020609e-02,4.748467e-04,5.346735e-04,2.045316e-03,6.392078e-03,5.396653e-03,3.585693e-04,1.840411e-02,7.383726e-03,3.189704e-04,6.296184e-03,2.346560e-02,9.173990e-01,1.029759e-04,1.221073e-03
8.131823e-03,4.888051e-04,5.278022e-04,1.623801e-03,1.309791e-02,3.859928e-03,3.058209e-04,1.637909e-02,7.082392e-03,3.515658e-04,6.573265e-03,2.002309e-02,9.205047e-01,7.996386e-05,9.699723e-04
6.235232e-03,4.541204e-04,5.384715e-04,1.383750e-03,4.471063e-02,2.759111e-03,2.879879e-04,2.039802e-02,7.189787e-03,3.127932e-04,6.123307e-03,1.746114e-02,8.911882e-01,6.139165e-05,8.959804e-04
4.575863e-03,4.435135e-04,4.924293e-04,1.329368e-03,4.430797e-02,2.023923e-03,2.427536e-04,2.691326e-02,7.506285e-03,2.570772e-04,5.224072e-03,1.605353e-02,8.893505e-01,5.190028e-05,1.227549e-03
3.468023e-03,6.392496e-04,7.490180e-04,1.243282e-03,6.363075e-02,1.529943e-03,2.242961e-04,3.249724e-02,1.689336e-02,2.498330e-04,5.549393e-03,1.504576e-02,8.560674e-01,4.914768e-05,2.163258e-03
2.851735e-03,1.371255e-03,2.919778e-03,1.730948e-03,5.040803e-02,1.649549e-03,9.445241e-04,6.416785e-02,3.271718e-02,3.008998e-04,5.761435e-03,1.400406e-02,8.177666e-01,5.555960e-05,3.350548e-03
2.516545e-03,1.205441e-03,4.421907e-03,2.186432e-03,3.884135e-02,2.680751e-03,1.076904e-03,1.228040e-01,3.153346e-02,3.645162e-04,6.562966e-03,1.558376e-02,7.659285e-01,8.024467e-05,4.213199e-03
3.387555e-03,1.381038e-03,5.739560e-03,2.683705e-03,3.530962e-02,3.910474e-03,8.573229e-04,2.011554e-01,5.780205e-02,6.682607e-04,1.631534e-02,2.782826e-02,6.383114e-01,1.896499e-04,4.460308e-03
7.572536e-03,1.714317e-03,6.245184e-03,4.126137e-03,3.098242e-02,4.815741e-03,6.397630e-04,2.403572e-01,1.330667e-01,1.453350e-03,2.468771e-02,3.522652e-02,5.051803e-01,2.531107e-04,3.679048e-03
1.506221e-02,2.153911e-03,7.210699e-03,5.731908e-03,3.300597e-02,4.413425e-03,5.219513e-04,2.563385e-01,2.185833e-01,1.825783e-03,2.824268e-02,3.966601e-02,3.838679e-01,2.613619e-04,3.114378e-03
1.890554e-02,3.695388e-03,7.966924e-03,6.563311e-03,3.061381e-02,3.799412e-03,5.034916e-04,2.269156e-01,3.579178e-01,1.997511e-03,2.460729e-02,3.835075e-02,2.747634e-01,2.790328e-04,3.120579e-03
2.589648e-02,3.775265e-03,1.084863e-02,7.834159e-03,3.576961e-02,3.245707e-03,5.380941e-04,2.472699e-01,3.959464e-01,2.466416e-03,2.398947e-02,4.096624e-02,1.986175e-01,2.861851e-04,2.550045e-03
3.859756e-02,3.675628e-03,1.065511e-02,9.547560e-03,3.821149e-02,2.960297e-03,6.087285e-04,2.232639e-01,4.694230e-01,2.425269e-03,2.256962e-02,3.387717e-02,1.418459e-01,2.998935e-04,2.038842e-03
5.443174e-02,4.079506e-03,7.818324e-03,8.834703e-03,3.059572e-02,3.594520e-03,5.285552e-04,1.758798e-01,5.639033e-01,2.188591e-03,1.918668e-02,2.688450e-02,1.000297e-01,3.572525e-04,1.687153e-03
6.948099e-02,3.810731e-03,5.971296e-03,1.170138e-02,2.780044e-02,3.027317e-03,4.709355e-04,1.592100e-01,6.033350e-01,1.885672e-03,1.742980e-02,2.307623e-02,7.108389e-02,3.598623e-04,1.356435e-03
6.702900e-02,7.307392e-03,5.896379e-03,6.585626e-02,3.754423e-02,2.731364e-03,4.348695e-04,1.614146e-01,5.605021e-01,2.104129e-03,1.562694e-02,1.921702e-02,5.166034e-02,4.230776e-04,2.252312e-03
6.062321e-02,7.181932e-03,4.881272e-03,5.216723e-02,3.633020e-02,2.430840e-03,3.774786e-04,2.103376e-01,5.569122e-01,1.668367e-03,1.262789e-02,1.486359e-02,3.742455e-02,3.571601e-04,1.816470e-03
4.897834e-02,5.578815e-03,3.772815e-03,3.774628e-02,3.381655e-02,1.992996e-03,3.423726e-04,3.213523e-01,4.974450e-01,1.198370e-03,9.193365e-03,1.060073e-02,2.637790e-02,2.630733e-04,1.341057e-03
3.823296e-02,4.132089e-03,3.190508e-03,2.707620e-02,2.670407e-02,1.921067e-03,3.400404e-04,4.934005e-01,3.703657e-01,8.459542e-04,6.621512e-03,7.482267e-03,1.852137e-02,1.944664e-04,9.712601e-04
2.933331e-02,3.045833e-03,2.797929e-03,1.978277e-02,2.045224e-02,1.838897e-03,3.145660e-04,6.333439e-01,2.646189e-01,5.991648e-04,4.780721e-03,5.261547e-03,1.299467e-02,1.422720e-04,6.931847e-04
2.259101e-02,2.204717e-03,2.163552e-03,1.463793e-02,1.666482e-02,1.558092e-03,2.639458e-04,7.365764e-01,1.859483e-01,4.263916e-04,3.526684e-03,3.705601e-03,9.128560e-03,1.074939e-04,4.964069e-04
1.892057e-02,1.618730e-03,1.727697e-03,1.108546e-02,1.748407e-02,1.603008e-03,2.270118e-04,8.041048e-01,1.307160e-01,3.070693e-04,2.705669e-03,2.617484e-03,6.439759e-03,8.481306e-05,3.578554e-04
2.087812e-02,1.266886e-03,1.351117e-03,8.498706e-03,1.523350e-02,1.545803e-03,2.338409e-04,8.496493e-01,9.197631e-02,2.199039e-04,2.114789e-03,2.026926e-03,4.635686e-03,7.935421e-05,2.898263e-04
2.192500e-02,9.666068e-04,1.044227e-03,6.358242e-03,1.245340e-02,1.281044e-03,2.582656e-04,8.841770e-01,6.455288e-02,1.586975e-04,1.592403e-03,1.567642e-03,3.363446e-03,6.861990e-05,2.325360e-04
2.235113e-02,7.471376e-04,8.506117e-04,4.778726e-03,1.085132e-02,1.099348e-03,3.023443e-04,9.084517e-01,4.527087e-02,1.180442e-04,1.196940e-03,1.225842e-03,2.498379e-03,6.281096e-05,1.947763e-04
2.798818e-02,6.796716e-04,8.021877e-04,3.696885e-03,9.169464e-03,1.174524e-03,4.039408e-04,9.192719e-01,3.184064e-02,1.120778e-04,1.070836e-03,1.376367e-03,2.080558e-03,9.119643e-05,2.415726e-04
2.754916e-02,5.284856e-04,7.432605e-04,2.852335e-03,7.823677e-03,1.015677e-03,4.798908e-04,9.326606e-01,2.233822e-02,9.327217e-05,8.708872e-04,1.129035e-03,1.603450e-03,8.009240e-05,2.319534e-04
2.496092e-02,4.004845e-04,6.174358e-04,2.205776e-03,6.666820e-03,8.483996e-04,5.086707e-04,9.449533e-01,1.566283e-02,7.908730e-05,7.015778e-04,8.821123e-04,1.235629e-03,6.581740e-05,2.111178e-04
2.706852e-02,3.124779e-04,5.468141e-04,1.712699e-03,5.457200e-03,9.584313e-04,9.210178e-04,9.492565e-01,1.099585e-02,7.262480e-05,5.798022e-04,7.652949e-04,1.056807e-03,6.206459e-05,2.338800e-04
2.747162e-02,2.384674e-04,4.854777e-04,1.331568e-03,4.254458e-03,9.072750e-04,1.111071e-03,9.540416e-01,7.718047e-03,6.654954e-05,5.003507e-04,6.637904e-04,9.134091e-04,5.962991e-05,2.366982e-04
2.632373e-02,1.772436e-04,3.759685e-04,9.800488e-04,3.267381e-03,7.234843e-04,1.107089e-03,9.597596e-01,5.412386e-03,5.007600e-05,3.733132e-04,5.114604e-04,6.970945e-04,4.510357e-05,1.960715e-04
2.541439e-02,1.366555e-04,3.003133e-04,7.238475e-04,2.561134e-03,5.821502e-04,9.944029e-04,9.640134e-01,3.799456e-03,3.787631e-05,2.839494e-04,4.101354e-04,5.422244e-04,3.506776e-05,1.650937e-04
3.027143e-02,1.115105e-04,2.777617e-04,5.651108e-04,2.082026e-03,5.212912e-04,1.113012e-03,9.611340e-01,2.671316e-03,3.075810e-05,2.237817e-04,3.794497e-04,4.369210e-04,3.047057e-05,1.512922e-04
4.499250e-02,1.011163e-04,2.927888e-04,5.109179e-04,1.749528e-03,5.562683e-04,1.001795e-03,9.476343e-01,1.890829e-03,2.960867e-05,1.900708e-04,4.446083e-04,3.947552e-04,3.431049e-05,1.765756e-04
5.336838e-02,9.648962e-05,3.123824e-04,5.216778e-04,1.531874e-03,4.879598e-04,9.052631e-04,9.402827e-01,1.342337e-03,2.927705e-05,1.659914e-04,4.052233e-04,3.390794e-04,3.384316e-05,1.775067e-04
8.753380e-02,1.248065e-04,3.763527e-04,7.123374e-04,1.691615e-03,7.330878e-04,8.788771e-04,9.047300e-01,9.860402e-04,4.560341e-05,2.461923e-04,9.869115e-04,5.745375e-04,5.995153e-05,3.197932e-04
1.124382e-01,1.693667e-04,5.557592e-04,1.074839e-03,1.877029e-03,9.964197e-04,7.705366e-04,8.742573e-01,8.442947e-04,1.091355e-04,7.002805e-04,3.278083e-03,2.099316e-03,1.077244e-04,7.216497e-04
1.227130e-01,2.835274e-04,5.444398e-04,7.431183e-03,2.874531e-03,1.272695e-03,5.955248e-04,7.484667e-01,1.784487e-03,5.962526e-04,1.074317e-02,4.486070e-02,5.596000e-02,6.221540e-04,1.251684e-03
1.371957e-01,4.147303e-04,5.532268e-04,8.191964e-03,3.559991e-03,1.490182e-03,4.984672e-04,5.881101e-01,6.572914e-03,1.331737e-03,3.796778e-02,9.380911e-02,1.176908e-01,8.719387e-04,1.741237e-03
1.491794e-01,5.749268e-04,5.011857e-04,7.367455e-03,3.272547e-03,1.395275e-03,4.301711e-04,4.573289e-01,1.731850e-02,1.858412e-03,7.230610e-02,1.126222e-01,1.732361e-01,9.275159e-04,1.681300e-03
1.669507e-01,1.050172e-03,5.503868e-04,7.314081e-03,3.101687e-03,1.629830e-03,3.774235e-04,3.426506e-01,6.373089e-02,2.250287e-03,9.735882e-02,1.120757e-01,1.967617e-01,1.398399e-03,2.799370e-03
2.226760e-01,2.735127e-03,6.894995e-04,8.173321e-03,3.087754e-03,2.171368e-03,3.619500e-04,2.649303e-01,1.003514e-01,2.457706e-03,9.562179e-02,1.058964e-01,1.852032e-01,2.319334e-03,3.324879e-03
3.183381e-01,5.838976e-03,1.006661e-03,8.644022e-03,3.715657e-03,2.150119e-03,3.647316e-04,2.080968e-01,1.233987e-01,2.889513e-03,7.816255e-02,8.792271e-02,1.532410e-01,2.941699e-03,3.288719e-03
4.185697e-01,8.934651e-03,1.595953e-03,9.268287e-03,4.088419e-03,3.739651e-03,4.770193e-04,1.701942e-01,1.112261e-01,2.558156e-03,6.216713e-02,7.629113e-02,1.233911e-01,3.022887e-03,4.475620e-03
4.426672e-01,1.007803e-02,2.115752e-03,1.309839e-02,7.885560e-03,6.858479e-03,8.480926e-04,1.415288e-01,1.069744e-01,2.660218e-03,5.757860e-02,8.144984e-02,1.160861e-01,3.327871e-03,6.842552e-03
4.655057e-01,1.138951e-02,4.081722e-03,2.321505e-02,9.680056e-03,1.126209e-02,9.603629e-04,1.035582e-01,9.599094e-02,3.956778e-03,6.367315e-02,8.314796e-02,1.049386e-01,4.795510e-03,1.384431e-02
4.975646e-01,1.311093e-02,5.714753e-03,4.147686e-02,9.990878e-03,1.429573e-02,1.209366e-03,7.811368e-02,8.218527e-02,4.605316e-03,6.126549e-02,8.082353e-02,8.604178e-02,5.771237e-03,1.783065e-02
4.907004e-01,1.674218e-02,6.417314e-03,4.913647e-02,1.137417e-02,1.576652e-02,1.189393e-03,5.629382e-02,7.909497e-02,8.010771e-03,6.529605e-02,9.152283e-02,7.280143e-02,7.133070e-03,2.852058e-02
4.467898e-01,1.489472e-02,6.909101e-03,5.139800e-02,1.400803e-02,1.591520e-02,1.690499e-03,4.146765e-02,7.467365e-02,8.176191e-03,9.929691e-02,9.669900e-02,8.688720e-02,1.330434e-02,2.788971e-02
3.653405e-01,1.097961e-02,1.260065e-02,4.209131e-02,2.072273e-02,1.381335e-02,4.324342e-03,6.098944e-02,5.717613e-02,8.775360e-03,1.898190e-01,7.441740e-02,9.737626e-02,1.420527e-02,2.736863e-02
3.910891e-01,9.682687e-03,2.633700e-02,3.500139e-02,3.742195e-02,1.261757e-02,4.249584e-03,6.487987e-02,7.067320e-02,8.021810e-03,1.616578e-01,6.063974e-02,8.177497e-02,1.420568e-02,2.174767e-02
4.156579e-01,8.900743e-03,4.674945e-02,2.946512e-02,4.124340e-02,1.308178e-02,6.278523e-03,1.047502e-01,5.896410e-02,7.058697e-03,1.265407e-01,4.873296e-02,6.487031e-02,1.119084e-02,1.651539e-02
3.731173e-01,3.768308e-02,8.575739e-02,3.044863e-02,5.731966e-02,1.337924e-02,5.651531e-03,1.008743e-01,7.690598e-02,8.189885e-03,1.020032e-01,3.641225e-02,4.817478e-02,9.762000e-03,1.432073e-02
2.864599e-01,4.395691e-02,1.690855e-01,3.227829e-02,1.263448e-01,1.299102e-02,1.458200e-02,7.846236e-02,7.370017e-02,7.978547e-03,7.361998e-02,2.625570e-02,3.506798e-02,7.612932e-03,1.160386e-02
2.424647e-01,4.828634e-02,2.372206e-01,2.998734e-02,1.147273e-01,1.684727e-02,1.361968e-02,7.186960e-02,8.566476e-02,1.536511e-02,5.451578e-02,1.891441e-02,2.602010e-02,6.202039e-03,1.829503e-02
2.054443e-01,3.735544e-02,1.785289e-01,2.362007e-02,1.056637e-01,1.344340e-02,1.196102e-02,2.266567e-01,9.593907e-02,1.106999e-02,3.981762e-02,1.357670e-02,1.886961e-02,4.430963e-03,1.362258e-02
1.522989e-01,2.730292e-02,1.360695e-01,1.725409e-02,9.171295e-02,1.107908e-02,1.308125e-02,4.003526e-01,7.829764e-02,7.919509e-03,2.843844e-02,9.570164e-03,1.354352e-02,3.139101e-03,9.940358e-03
1.125746e-01,1.929465e-02,9.687828e-02,1.237465e-02,6.859309e-02,8.435744e-03,1.449393e-02,5.602686e-01,5.547464e-02,5.715698e-03,1.999779e-02,6.715167e-03,9.936580e-03,2.252317e-03,6.994365e-03
8.013198e-02,1.358604e-02,6.856196e-02,8.873527e-03,5.027415e-02,8.411445e-03,1.162676e-02,6.828215e-01,3.889250e-02,4.043036e-03,1.406154e-02,4.724630e-03,7.409163e-03,1.646085e-03,4.935747e-03
5.798359e-02,9.613349e-03,4.836686e-02,6.463479e-03,3.776876e-02,7.103948e-03,9.237473e-03,7.700412e-01,2.730392e-02,2.850761e-03,9.898144e-03,3.330668e-03,5.384267e-03,1.180931e-03,3.472727e-03
5.289605e-02,7.162174e-03,3.499860e-02,5.255592e-03,3.317223e-02,3.669182e-02,1.122722e-02,7.735450e-01,1.944045e-02,2.127077e-03,8.557256e-03,3.151256e-03,8.161626e-03,9.841751e-04,2.629510e-03
5.287639e-02,5.798278e-03,2.586260e-02,4.695442e-03,3.071123e-02,4.838341e-02,1.059087e-02,7.848966e-01,1.446951e-02,1.591932e-03,6.941363e-03,2.791062e-03,7.432043e-03,7.922814e-04,2.166984e-03
5.696869e-02,4.421721e-03,1.874667e-02,4.619066e-03,3.216780e-02,4.276222e-02,8.701243e-03,7.968643e-01,1.151331e-02,1.267206e-03,6.281770e-03,4.234994e-03,8.320074e-03,7.163219e-04,2.414592e-03
6.841180e-02,3.648891e-03,1.430777e-02,4.606022e-03,3.012193e-02,1.159840e-01,7.156903e-03,7.260276e-01,9.575108e-03,9.957128e-04,5.132989e-03,3.987946e-03,7.033977e-03,6.548805e-04,2.354322e-03
8.548905e-02,3.165517e-03,1.172550e-02,4.101443e-03,2.608513e-02,1.402369e-01,5.730077e-03,6.970723e-01,7.900905e-03,8.086248e-04,4.233377e-03,4.013449e-03,5.943360e-03,6.931116e-04,2.801242e-03
1.082311e-01,3.596176e-03,9.061346e-03,8.123053e-03,2.227795e-02,2.455424e-01,4.644179e-03,5.449737e-01,7.537991e-03,2.053386e-03,9.033341e-03,1.492678e-02,7.909038e-03,1.716641e-03,1.037303e-02
1.220331e-01,5.621216e-03,7.371260e-03,1.323667e-02,1.985458e-02,3.342056e-01,4.279551e-03,4.055738e-01,1.051143e-02,3.686925e-03,1.305242e-02,2.681315e-02,1.095598e-02,2.167097e-03,2.063718e-02
9.039874e-02,1.692337e-02,8.366119e-03,2.846671e-02,2.037144e-02,3.193344e-01,3.316498e-03,2.848595e-01,3.847474e-02,5.534337e-03,5.244550e-02,7.957856e-02,2.220244e-02,3.205484e-03,2.652217e-02
7.058330e-02,1.323632e-02,6.559531e-03,2.245590e-02,1.543175e-02,4.054638e-01,3.205503e-03,2.008902e-01,2.977480e-02,5.486754e-03,7.583655e-02,8.161019e-02,2.275209e-02,2.047935e-02,2.623411e-02
5.176908e-02,9.785157e-03,4.701042e-03,1.677696e-02,1.174145e-02,3.296262e-01,2.961563e-03,1.413931e-01,2.767847e-02,4.281975e-03,8.360260e-02,2.487492e-01,2.241904e-02,2.499985e-02,1.951441e-02
3.737330e-02,7.581494e-03,3.428611e-03,1.243426e-02,8.874982e-03,2.556904e-01,2.629152e-03,9.967212e-02,7.750110e-02,3.362980e-03,1.241561e-01,2.855598e-01,2.335349e-02,4.333922e-02,1.504302e-02
2.706328e-02,6.522343e-03,2.536378e-03,9.184787e-03,6.654786e-03,1.852200e-01,2.025911e-03,6.994297e-02,1.370611e-01,3.862411e-03,1.783432e-01,2.670932e-01,2.241107e-02,6.798969e-02,1.408899e-02
1.943903e-02,7.015639e-03,1.881758e-03,6.689893e-03,4.785971e-03,1.325205e-01,1.445696e-03,4.903588e-02,1.550566e-01,3.339987e-03,2.236474e-01,1.978882e-01,1.754241e-02,1.681488e-01,1.156229e-02
1.381175e-02,9.490713e-03,1.410787e-03,4.720711e-03,3.383752e-03,9.471078e-02,1.019182e-03,3.437337e-02,1.308419e-01,2.476520e-03,1.672207e-01,1.412879e-01,1.239661e-02,3.738938e-01,8.961629e-03
1.011842e-02,2.784876e-02,1.390889e-03,3.355255e-03,2.430309e-03,6.790075e-02,7.244617e-04,2.418031e-02,1.396140e-01,2.051766e-03,1.288401e-01,1.017411e-01,8.788290e-03,4.739911e-01,7.024559e-03
7.132422e-03,2.448927e-02,1.008754e-03,2.357841e-03,1.717862e-03,4.819210e-02,5.087282e-04,1.693756e-02,1.091571e-01,1.511603e-03,9.254762e-02,7.175796e-02,6.175188e-03,6.113511e-01,5.154873e-03
5.031012e-03,2.257302e-02,7.305215e-04,1.655880e-03,1.218334e-03,3.431519e-02,3.568090e-04,1.186261e-02,8.681360e-02,1.133662e-03,6.726996e-02,5.078195e-02,4.342531e-03,7.079864e-01,3.928622e-03
3.577106e-03,2.068420e-02,5.671439e-04,1.186548e-03,8.748324e-04,2.472654e-02,2.529421e-04,8.318796e-03,8.881001e-02,9.229949e-04,4.898882e-02,3.600712e-02,3.067795e-03,7.586728e-01,3.342395e-03
2.658737e-03,5.592846e-02,8.741565e-04,9.512429e-04,6.894823e-04,1.830093e-02,1.880605e-04,5.892836e-03,9.427014e-02,8.135905e-04,3.570225e-02,2.547266e-02,2.192873e-03,7.527733e-01,3.291335e-03
2.161395e-03,6.148362e-02,7.725175e-04,7.024304e-04,5.214271e-04,1.311117e-02,1.371726e-04,4.206684e-03,7.922945e-02,7.710705e-04,2.695886e-02,1.830889e-02,1.645952e-03,7.869228e-01,3.066656e-03
4.243682e-03,1.320970e-01,1.648144e-03,9.492809e-04,6.735298e-04,9.795729e-03,1.147981e-04,3.145918e-03,1.177365e-01,1.233224e-03,2.203779e-02,1.296355e-02,1.321754e-03,6.890897e-01,2.949466e-03
6.417205e-03,1.971447e-01,2.178872e-03,9.861744e-04,6.177514e-04,7.650234e-03,9.278408e-05,2.742537e-03,1.051330e-01,1.284245e-03,2.579019e-02,9.133231e-03,1.047602e-03,6.370957e-01,2.685739e-03
6.122856e-03,1.757002e-01,1.914890e-03,8.022288e-04,4.758159e-04,6.036915e-03,7.159150e-05,2.086959e-03,9.764339e-02,1.124565e-03,2.166138e-02,6.422654e-03,7.975431e-04,6.767820e-01,2.357010e-03
6.700561e-03,1.681790e-01,1.860047e-02,1.180741e-02,3.192443e-03,6.491627e-03,1.297554e-04,4.076057e-03,1.836890e-01,2.761031e-03,1.731544e-02,4.712364e-03,1.054667e-03,5.655211e-01,5.769078e-03
9.530458e-03,1.441654e-01,2.705334e-02,1.165984e-02,7.456554e-03,6.429115e-03,2.083154e-04,6.352975e-03,2.789669e-01,2.997950e-03,2.056359e-02,3.425269e-03,9.701047e-04,4.740900e-01,6.130199e-03
2.012525e-02,1.576965e-01,3.832339e-02,1.252975e-02,1.261041e-02,1.028449e-02,3.017966e-04,9.096069e-03,2.766044e-01,4.949952e-03,2.029982e-02,2.622295e-03,1.217555e-03,4.140147e-01,1.932361e-02
2.167939e-02,1.893740e-01,3.434637e-02,9.253914e-03,1.349150e-02,1.320306e-02,2.978632e-04,1.517214e-02,2.728499e-01,4.926550e-03,1.979846e-02,1.889743e-03,1.025832e-03,3.840626e-01,1.862854e-02
2.813324e-02,1.659198e-01,8.051769e-02,6.867998e-03,1.317940e-02,1.373082e-02,3.063079e-04,1.683989e-02,2.252749e-01,3.450815e-02,1.756140e-02,1.555613e-03,1.435328e-03,3.335901e-01,6.057931e-02
2.722742e-02,1.269556e-01,8.476713e-02,5.969017e-03,1.196220e-02,1.143843e-02,4.316538e-04,1.577931e-02,2.268296e-01,5.044635e-02,2.727680e-02,1.951033e-03,3.043853e-03,3.083924e-01,9.752907e-02
3.430415e-02,9.713102e-02,7.752424e-02,6.686667e-03,1.125470e-02,9.710233e-03,4.034365e-04,2.176687e-02,2.491032e-01,5.663553e-02,4.712181e-02,1.787869e-03,5.019353e-03,2.586578e-01,1.228931e-01
2.707953e-02,7.054261e-02,5.779203e-02,5.398857e-03,8.037756e-03,7.948917e-03,3.368159e-04,1.576114e-02,2.193486e-01,6.479841e-02,1.682692e-01,3.552516e-03,6.992880e-03,2.293249e-01,1.148158e-01
2.016881e-02,5.180189e-02,4.316311e-02,4.471147e-03,5.730233e-03,6.539793e-03,2.955436e-04,1.137026e-02,2.046015e-01,6.456672e-02,2.938946e-01,3.899736e-03,7.402623e-03,1.916040e-01,9.049004e-02
1.488812e-02,3.687925e-02,3.059079e-02,3.295897e-03,4.069702e-03,4.885942e-03,2.467906e-04,8.019299e-03,1.508894e-01,4.595532e-02,4.670557e-01,4.471614e-03,5.836437e-03,1.591816e-01,6.373414e-02
1.120429e-02,2.598018e-02,2.158642e-02,2.471895e-03,2.919322e-03,3.857314e-03,1.999294e-04,5.737554e-03,1.071780e-01,3.238888e-02,5.994446e-01,8.494547e-03,4.958509e-03,1.287949e-01,4.478373e-02
8.220405e-03,1.830296e-02,1.517796e-02,1.785439e-03,2.078454e-03,2.936179e-03,1.538792e-04,4.085253e-03,7.550900e-02,2.281075e-02,6.960030e-01,1.205890e-02,3.977682e-03,1.054096e-01,3.149056e-02
6.022876e-03,1.287038e-02,1.069849e-02,1.293553e-03,1.501637e-03,2.700028e-03,1.211373e-04,2.937811e-03,5.335810e-02,1.613743e-02,7.559605e-01,1.348885e-02,3.433454e-03,9.734021e-02,2.213562e-02
4.500784e-03,9.180351e-03,7.693389e-03,9.671866e-04,1.180960e-03,3.718897e-03,1.013348e-04,2.172480e-03,3.798810e-02,1.162879e-02,7.449874e-01,1.796709e-02,3.010075e-03,1.392956e-01,1.560757e-02
3.743741e-03,1.222789e-02,1.060916e-02,1.709616e-03,5.155548e-03,4.512237e-02,1.479972e-03,2.684707e-03,5.107484e-02,1.012206e-02,6.312847e-01,2.239022e-02,3.596103e-03,1.868785e-01,1.192057e-02
3.046541e-03,8.999080e-03,8.931277e-03,1.433523e-03,4.124108e-03,4.741777e-02,1.208407e-03,2.334846e-03,4.276364e-02,8.306911e-03,6.671171e-01,2.087968e-02,3.801165e-03,1.710952e-01,8.540732e-03
2.752307e-03,8.554513e-03,1.177678e-02,1.307298e-03,3.922354e-03,1.133510e-01,1.094666e-03,2.519088e-03,4.035474e-02,7.834340e-03,5.964356e-01,2.332430e-02,4.530177e-03,1.760351e-01,6.207670e-03
2.553321e-03,7.866847e-03,1.187551e-02,1.199860e-03,3.472622e-03,1.267987e-01,8.656310e-04,2.125536e-03,3.961129e-02,6.831438e-03,6.230967e-01,2.332451e-02,4.635669e-03,1.412935e-01,4.448901e-03
2.269220e-03,9.741738e-03,1.107477e-02,1.099796e-03,2.896087e-03,1.477492e-01,6.436693e-04,1.819098e-03,3.938853e-02,5.688109e-03,5.908829e-01,3.405155e-02,4.229838e-03,1.452369e-01,3.228572e-03
2.375320e-03,1.239647e-02,1.289557e-02,1.404276e-03,3.411591e-03,2.014470e-01,5.336826e-04,3.347087e-03,4.845801e-02,6.863914e-03,5.353919e-01,4.188567e-02,4.091834e-03,1.230858e-01,2.411811e-03
2.953620e-03,1.516739e-02,1.758733e-02,1.455422e-03,5.083929e-03,2.658661e-01,6.340541e-04,3.193424e-03,7.789859e-02,8.725088e-03,4.470580e-01,3.663536e-02,3.616719e-03,1.122248e-01,1.900074e-03
3.860130e-03,1.581819e-02,1.550506e-02,1.606825e-03,6.166092e-03,2.695707e-01,6.669585e-04,2.724058e-03,1.069934e-01,1.091389e-02,4.119331e-01,3.623737e-02,3.320710e-03,1.131730e-01,1.510518e-03
9.654446e-03,1.473072e-02,1.615839e-02,2.731949e-03,1.433451e-02,2.130252e-01,8.977977e-04,4.285051e-03,1.228318e-01,1.112062e-02,4.469388e-01,3.569604e-02,3.371028e-03,1.026570e-01,1.566724e-03
1.522365e-02,1.351334e-02,1.458385e-02,3.724157e-03,1.853862e-02,1.619274e-01,9.239254e-04,5.169561e-03,1.516017e-01,9.224775e-03,4.841267e-01,3.090134e-02,3.263822e-03,8.578812e-02,1.488918e-03
1.595799e-02,1.024202e-02,1.221820e-02,5.649906e-03,2.835187e-02,1.158378e-01,1.124147e-03,5.574254e-03,1.234214e-01,7.132696e-03,5.761379e-01,2.919332e-02,3.878136e-03,6.376851e-02,1.511808e-03
2.434877e-02,1.168259e-02,1.514491e-02,6.374162e-03,4.217374e-02,8.329076e-02,1.229643e-03,1.373259e-02,1.065829e-01,6.457622e-03,5.885078e-01,3.940459e-02,4.809813e-03,5.420576e-02,2.054398e-03
3.928612e-02,1.347877e-02,1.716227e-02,6.185878e-03,4.854134e-02,6.035753e-02,1.704145e-03,2.094892e-02,1.265542e-01,6.336265e-03,5.624075e-01,4.569593e-02,4.873972e-03,4.253817e-02,3.929023e-03
4.175514e-02,2.019708e-02,2.387586e-02,4.895541e-03,3.776396e-02,4.536924e-02,2.129832e-03,2.094235e-02,1.013048e-01,6.397548e-03,6.110552e-01,4.121718e-02,4.440168e-03,3.179018e-02,6.865976e-03
3.325576e-02,1.703143e-02,1.882053e-02,4.321134e-03,3.135579e-02,3.360409e-02,2.037202e-03,1.858837e-02,8.125860e-02,5.012876e-03,6.892805e-01,3.229269e-02,3.943159e-03,2.242430e-02,6.773689e-03
3.150898e-02,2.991682e-02,2.161693e-02,4.218274e-03,3.209568e-02,3.408346e-02,1.864233e-03,4.447681e-02,8.217640e-02,4.385255e-03,6.542042e-01,3.167152e-02,4.520581e-03,1.668687e-02,6.574020e-03
3.495749e-02,3.302060e-02,2.448549e-02,5.216301e-03,3.763408e-02,3.860729e-02,1.835262e-03,5.372614e-02,1.050754e-01,3.972379e-03,5.884974e-01,4.638818e-02,8.287772e-03,1.237993e-02,5.916314e-03
3.317267e-02,2.918871e-02,2.053977e-02,5.133366e-03,4.951588e-02,3.663101e-02,2.178872e-03,5.626408e-02,9.031994e-02,3.316791e-03,6.073231e-01,4.313213e-02,9.252086e-03,9.261216e-03,4.770503e-03
3.720052e-02,2.841170e-02,2.383541e-02,5.402740e-03,5.289561e-02,4.469875e-02,1.971425e-03,6.448462e-02,1.008909e-01,3.727796e-03,5.558400e-01,5.665845e-02,1.215382e-02,7.934503e-03,3.893813e-03
3.719090e-02,2.659234e-02,2.062872e-02,5.657251e-03,5.788643e-02,3.393397e-02,1.669690e-03,7.533208e-02,1.442767e-01,3.284784e-03,4.966021e-01,6.506058e-02,2.125075e-02,7.617845e-03,3.015914e-03
3.704248e-02,2.105532e-02,2.089584e-02,6.766218e-03,8.243653e-02,3.031594e-02,2.242183e-03,1.236285e-01,1.890521e-01,2.814274e-03,3.840520e-01,6.183924e-02,2.856060e-02,6.547429e-03,2.751323e-03
5.175065e-02,1.785361e-02,2.147664e-02,7.559395e-03,7.409578e-02,3.334537e-02,1.816796e-03,1.150911e-01,1.679775e-01,2.488630e-03,3.485583e-01,8.155780e-02,6.619349e-02,7.683263e-03,2.551831e-03
4.673756e-02,1.658798e-02,2.397124e-02,8.215212e-03,5.630046e-02,3.694489e-02,1.674924e-03,8.645121e-02,1.253687e-01,4.905187e-03,3.070703e-01,1.072433e-01,1.629549e-01,6.457991e-03,9.116167e-03
3.465554e-02,1.268522e-02,2.323890e-02,6.761916e-03,4.268000e-02,3.051164e-02,2.336502e-03,6.890058e-02,8.986256e-02,5.233251e-03,2.278075e-01,9.668222e-02,2.660881e-01,5.867927e-03,8.668817e-02
2.527520e-02,9.309955e-03,1.742503e-02,5.759093e-03,3.075914e-02,2.358857e-02,2.072469e-03,4.975236e-02,6.420375e-02,6.950221e-03,1.891186e-01,7.293610e-02,2.720734e-01,4.816857e-03,2.259593e-01
1.812344e-02,7.659827e-03,1.291237e-02,4.447490e-03,2.203982e-02,1.692024e-02,1.533167e-03,3.490548e-02,5.360749e-02,6.488735e-03,1.633409e-01,5.201381e-02,2.090712e-01,9.257536e-03,3.876785e-01
1.376734e-02,6.287273e-03,9.528146e-03,3.500595e-03,1.577665e-02,1.387522e-02,1.133702e-03,2.450071e-02,1.220560e-01,6.882065e-03,1.272608e-01,3.970294e-02,1.521276e-01,3.680845e-02,4.267927e-01
1.060051e-02,5.474541e-03,7.686194e-03,2.853007e-03,1.134190e-02,1.186745e-02,8.380807e-04,1.721377e-02,1.108842e-01,7.942946e-03,9.548730e-02,2.827650e-02,1.073093e-01,5.064422e-02,5.315802e-01
9.175234e-03,7.741957e-03,6.640526e-03,5.680703e-03,8.665701e-03,1.037512e-02,6.251265e-04,1.262725e-02,1.389627e-01,7.755376e-03,7.352120e-02,2.071488e-02,7.776030e-02,4.007023e-02,5.796837e-01
8.848465e-03,8.940863e-03,6.983688e-03,5.431146e-03,7.198261e-03,1.022634e-02,5.135200e-04,9.206573e-03,1.130533e-01,9.382587e-03,6.400900e-02,1.504580e-02,5.597202e-02,3.552658e-02,6.496619e-01
1.195356e-02,1.495730e-02,9.932729e-02,1.436173e-02,6.322225e-03,1.217177e-02,4.878625e-04,7.178050e-03,1.190634e-01,2.442509e-02,5.974805e-02,1.138196e-02,4.180582e-02,3.216684e-02,5.446491e-01
1.997875e-02,1.436921e-02,1.210713e-01,1.260693e-02,6.382579e-03,1.026836e-02,4.948803e-04,9.572621e-03,1.151676e-01,3.635050e-02,6.209666e-02,8.741950e-03,3.231198e-02,3.620541e-02,5.143813e-01
4.484207e-02,1.192131e-02,9.556722e-02,9.917085e-03,6.123614e-03,8.582528e-03,4.289876e-04,8.124442e-03,1.134855e-01,3.174114e-02,6.516314e-02,6.373418e-03,2.447764e-02,4.932755e-02,5.239244e-01
5.961073e-02,1.089458e-02,7.537699e-02,8.483208e-03,7.930756e-03,1.002459e-02,6.568361e-04,2.007195e-02,1.542976e-01,3.155121e-02,4.979595e-02,5.452305e-03,1.909926e-02,7.952475e-02,4.672293e-01
6.191001e-02,8.977870e-03,5.838121e-02,6.890417e-03,8.743601e-03,9.909974e-03,6.700924e-04,2.653526e-02,2.280705e-01,3.965110e-02,3.843903e-02,4.250614e-03,1.423343e-02,1.061174e-01,3.872195e-01
7.716373e-02,9.155072e-03,5.292233e-02,1.172990e-02,1.171616e-02,8.926608e-03,7.538120e-04,2.881349e-02,2.823437e-01,3.694788e-02,3.257632e-02,3.935807e-03,1.310442e-02,9.804285e-02,3.318679e-01
9.207551e-02,8.904396e-03,5.035081e-02,1.227393e-02,2.027761e-02,1.003826e-02,1.860417e-03,3.691790e-02,2.394210e-01,4.003403e-02,3.647808e-02,1.114977e-02,3.726009e-02,7.958105e-02,3.233771e-01
1.011617e-01,9.569407e-03,7.258242e-02,1.945230e-02,3.265973e-02,9.393292e-03,2.167404e-03,7.855396e-02,1.949599e-01,3.740714e-02,3.636696e-02,1.299135e-02,4.287805e-02,6.849635e-02,2.813600e-01
1.204811e-01,9.100478e-03,8.754413e-02,3.430568e-02,2.707493e-02,9.457519e-03,1.908879e-03,8.119128e-02,2.312255e-01,3.753200e-02,2.884345e-02,1.114284e-02,3.370571e-02,5.274262e-02,2.337439e-01
1.158568e-01,8.096298e-03,7.814887e-02,3.003226e-02,2.038036e-02,7.888830e-03,1.629705e-03,9.336225e-02,2.869856e-01,7.870403e-02,2.204335e-02,8.384353e-03,2.578070e-02,3.952712e-02,1.831795e-01
