1.000000e+00,0.000000e+00,0.000000e+00,0.000000e+00,0.000000e+00,0.000000e+00,0.000000e+00,0.000000e+00,0.000000e+00,0.000000e+00,0.000000e+00,0.000000e+00,0.000000e+00,0.000000e+00,0.000000e+00
1.000000e+00,0.000000e+00,0.000000e+00,0.000000e+00,0.000000e+00,0.000000e+00,0.000000e+00,0.000000e+00,0.000000e+00,0.000000e+00,0.000000e+00,0.000000e+00,0.000000e+00,0.000000e+00,0.000000e+00
1.000000e+00,0.000000e+00,0.000000e+00,0.000000e+00,0.000000e+00,0.000000e+00,0.000000e+00,0.000000e+00,0.000000e+00,0.000000e+00,0.000000e+00,0.000000e+00,0.000000e+00,0.000000e+00,0.000000e+00
1.000000e+00,0.000000e+00,0.000000e+00,0.000000e+00,0.000000e+00,0.000000e+00,0.000000e+00,0.000000e+00,0.000000e+00,0.000000e+00,0.000000e+00,0.000000e+00,0.000000e+00,0.000000e+00,0.000000e+00
1.000000e+00,0.000000e+00,0.000000e+00,0.000000e+00,0.000000e+00,0.000000e+00,0.000000e+00,0.000000e+00,0.000000e+00,0.000000e+00,0.000000e+00,0.000000e+00,0.000000e+00,0.000000e+00,0.000000e+00
1.000000e+00,0.000000e+00,0.000000e+00,0.000000e+00,0.000000e+00,0.000000e+00,0.000000e+00,0.000000e+00,0.000000e+00,0.000000e+00,0.000000e+00,0.000000e+00,0.000000e+00,0.000000e+00,0.000000e+00
1.000000e+00,0.000000e+00,0.000000e+00,0.000000e+00,0.000000e+00,0.000000e+00,0.000000e+00,0.000000e+00,0.000000e+00,0.000000e+00,0.000000e+00,0.000000e+00,0.000000e+00,0.000000e+00,0.000000e+00
1.000000e+00,0.000000e+00,0.000000e+00,0.000000e+00,0.000000e+00,0.000000e+00,0.000000e+00,0.000000e+00,0.000000e+00,0.000000e+00,0.000000e+00,0.000000e+00,0.000000e+00,0.000000e+00,0.000000e+00
1.000000e+00,0.000000e+00,0.000000e+00,0.000000e+00,0.000000e+00,0.000000e+00,0.000000e+00,0.000000e+00,0.000000e+00,0.000000e+00,0.000000e+00,0.000000e+00,0.000000e+00,0.000000e+00,0.000000e+00
1.000000e+00,0.000000e+00,0.000000e+00,0.000000e+00,0.000000e+00,0.000000e+00,0.000000e+00,0.000000e+00,0.000000e+00,0.000000e+00,0.000000e+00,0.000000e+00,0.000000e+00,0.000000e+00,0.000000e+00
1.000000e+00,0.000000e+00,0.000000e+00,0.000000e+00,0.000000e+00,0.000000e+00,0.000000e+00,0.000000e+00,0.000000e+00,0.000000e+00,0.000000e+00,0.000000e+00,0.000000e+00,0.000000e+00,0.000000e+00
1.000000e+00,0.000000e+00,0.000000e+00,0.000000e+00,0.000000e+00,0.000000e+00,0.000000e+00,0.000000e+00,0.000000e+00,0.000000e+00,0.000000e+00,0.000000e+00,0.000000e+00,0.000000e+00,0.000000e+00
1.000000e+00,0.000000e+00,0.000000e+00,0.000000e+00,0.000000e+00,0.000000e+00,0.000000e+00,0.000000e+00,0.000000e+00,0.000000e+00,0.000000e+00,0.000000e+00,0.000000e+00,0.000000e+00,0.000000e+00
1.000000e+00,0.000000e+00,0.000000e+00,0.000000e+00,0.000000e+00,0.000000e+00,0.000000e+00,0.000000e+00,0.000000e+00,0.000000e+00,0.000000e+00,0.000000e+00,0.000000e+00,0.000000e+00,0.000000e+00
1.000000e+00,0.000000e+00,0.000000e+00,0.000000e+00,0.000000e+00,0.000000e+00,0.000000e+00,0.000000e+00,0.000000e+00,0.000000e+00,0.000000e+00,0.000000e+00,0.000000e+00,0.000000e+00,0.000000e+00
1.000000e+00,0.000000e+00,0.000000e+00,0.000000e+00,0.000000e+00,0.000000e+00,0.000000e+00,0.000000e+00,0.000000e+00,0.000000e+00,0.000000e+00,0.000000e+00,0.000000e+00,0.000000e+00,0.000000e+00
1.000000e+00,0.000000e+00,0.000000e+00,0.000000e+00,0.000000e+00,0.000000e+00,0.000000e+00,0.000000e+00,0.000000e+00,0.000000e+00,0.000000e+00,0.000000e+00,0.000000e+00,0.000000e+00,0.000000e+00
1.000000e+00,0.000000e+00,0.000000e+00,0.000000e+00,0.000000e+00,0.000000e+00,0.000000e+00,0.000000e+00,0.000000e+00,0.000000e+00,0.000000e+00,0.000000e+00,0.000000e+00,0.000000e+00,0.000000e+00
1.000000e+00,0.000000e+00,0.000000e+00,0.000000e+00,0.000000e+00,0.000000e+00,0.000000e+00,0.000000e+00,0.000000e+00,0.000000e+00,0.000000e+00,0.000000e+00,0.000000e+00,0.000000e+00,0.000000e+00
1.000000e+00,0.000000e+00,0.000000e+00,0.000000e+00,0.000000e+00,0.000000e+00,0.000000e+00,0.000000e+00,0.000000e+00,0.000000e+00,0.000000e+00,0.000000e+00,0.000000e+00,0.000000e+00,0.000000e+00
1.000000e+00,0.000000e+00,0.000000e+00,0.000000e+00,0.000000e+00,0.000000e+00,0.000000e+00,0.000000e+00,0.000000e+00,0.000000e+00,0.000000e+00,0.000000e+00,0.000000e+00,0.000000e+00,0.000000e+00
1.000000e+00,0.000000e+00,0.000000e+00,0.000000e+00,0.000000e+00,0.000000e+00,0.000000e+00,0.000000e+00,0.000000e+00,0.000000e+00,0.000000e+00,0.000000e+00,0.000000e+00,0.000000e+00,0.000000e+00
1.000000e+00,0.000000e+00,0.000000e+00,0.000000e+00,0.000000e+00,0.000000e+00,0.000000e+00,0.000000e+00,0.000000e+00,0.000000e+00,0.000000e+00,0.000000e+00,0.000000e+00,0.000000e+00,0.000000e+00
1.000000e+00,0.000000e+00,0.000000e+00,0.000000e+00,0.000000e+00,0.000000e+00,0.000000e+00,0.000000e+00,0.000000e+00,0.000000e+00,0.000000e+00,0.000000e+00,0.000000e+00,0.000000e+00,0.000000e+00
1.000000e+00,0.000000e+00,0.000000e+00,0.000000e+00,0.000000e+00,0.000000e+00,0.000000e+00,0.000000e+00,0.000000e+00,0.000000e+00,0.000000e+00,0.000000e+00,0.000000e+00,0.000000e+00,0.000000e+00
1.000000e+00,0.000000e+00,0.000000e+00,0.000000e+00,0.000000e+00,0.000000e+00,0.000000e+00,0.000000e+00,0.000000e+00,0.000000e+00,0.000000e+00,0.000000e+00,0.000000e+00,0.000000e+00,0.000000e+00
1.000000e+00,0.000000e+00,0.000000e+00,0.000000e+00,0.000000e+00,0.000000e+00,0.000000e+00,0.000000e+00,0.000000e+00,0.000000e+00,0.000000e+00,0.000000e+00,0.000000e+00,0.000000e+00,0.000000e+00
1.000000e+00,0.000000e+00,0.000000e+00,0.000000e+00,0.000000e+00,0.000000e+00,0.000000e+00,0.000000e+00,0.000000e+00,0.000000e+00,0.000000e+00,0.000000e+00,0.000000e+00,0.000000e+00,0.000000e+00
1.000000e+00,0.000000e+00,0.000000e+00,0.000000e+00,0.000000e+00,0.000000e+00,0.000000e+00,0.000000e+00,0.000000e+00,0.000000e+00,0.000000e+00,0.000000e+00,0.000000e+00,0.000000e+00,0.000000e+00
1.000000e+00,0.000000e+00,0.000000e+00,0.000000e+00,0.000000e+00,0.000000e+00,0.000000e+00,0.000000e+00,0.000000e+00,0.000000e+00,0.000000e+00,0.000000e+00,0.000000e+00,0.000000e+00,0.000000e+00
1.000000e+00,0.000000e+00,0.000000e+00,0.000000e+00,0.000000e+00,0.000000e+00,0.000000e+00,0.000000e+00,0.000000e+00,0.000000e+00,0.000000e+00,0.000000e+00,0.000000e+00,0.000000e+00,0.000000e+00
1.000000e+00,0.000000e+00,0.000000e+00,0.000000e+00,0.000000e+00,0.000000e+00,0.000000e+00,0.000000e+00,0.000000e+00,0.000000e+00,0.000000e+00,0.000000e+00,0.000000e+00,0.000000e+00,0.000000e+00
1.000000e+00,0.000000e+00,0.000000e+00,0.000000e+00,0.000000e+00,0.000000e+00,0.000000e+00,0.000000e+00,0.000000e+00,0.000000e+00,0.000000e+00,0.000000e+00,0.000000e+00,0.000000e+00,0.000000e+00
1.000000e+00,0.000000e+00,0.000000e+00,0.000000e+00,0.000000e+00,0.000000e+00,0.000000e+00,0.000000e+00,0.000000e+00,0.000000e+00,0.000000e+00,0.000000e+00,0.000000e+00,0.000000e+00,0.000000e+00
1.000000e+00,0.000000e+00,0.000000e+00,0.000000e+00,0.000000e+00,0.000000e+00,0.000000e+00,0.000000e+00,0.000000e+00,0.000000e+00,0.000000e+00,0.000000e+00,0.000000e+00,0.000000e+00,0.000000e+00
1.000000e+00,0.000000e+00,0.000000e+00,0.000000e+00,0.000000e+00,0.000000e+00,0.000000e+00,0.000000e+00,0.000000e+00,0.000000e+00,0.000000e+00,0.000000e+00,0.000000e+00,0.000000e+00,0.000000e+00
1.000000e+00,0.000000e+00,0.000000e+00,0.000000e+00,0.000000e+00,0.000000e+00,0.000000e+00,0.000000e+00,0.000000e+00,0.000000e+00,0.000000e+00,0.000000e+00,0.000000e+00,0.000000e+00,0.000000e+00
1.000000e+00,0.000000e+00,0.000000e+00,0.000000e+00,0.000000e+00,0.000000e+00,0.000000e+00,0.000000e+00,0.000000e+00,0.000000e+00,0.000000e+00,0.000000e+00,0.000000e+00,0.000000e+00,0.000000e+00
1.000000e+00,0.000000e+00,0.000000e+00,0.000000e+00,0.000000e+00,0.000000e+00,0.000000e+00,0.000000e+00,0.000000e+00,0.000000e+00,0.000000e+00,0.000000e+00,0.000000e+00,0.000000e+00,0.000000e+00
1.000000e+00,0.000000e+00,0.000000e+00,0.000000e+00,0.000000e+00,0.000000e+00,0.000000e+00,0.000000e+00,0.000000e+00,0.000000e+00,0.000000e+00,0.000000e+00,0.000000e+00,0.000000e+00,0.000000e+00
1.000000e+00,0.000000e+00,0.000000e+00,0.000000e+00,0.000000e+00,0.000000e+00,0.000000e+00,0.000000e+00,0.000000e+00,0.000000e+00,0.000000e+00,0.000000e+00,0.000000e+00,0.000000e+00,0.000000e+00
1.000000e+00,0.000000e+00,0.000000e+00,0.000000e+00,0.000000e+00,0.000000e+00,0.000000e+00,0.000000e+00,0.000000e+00,0.000000e+00,0.000000e+00,0.000000e+00,0.000000e+00,0.000000e+00,0.000000e+00
1.000000e+00,0.000000e+00,0.000000e+00,0.000000e+00,0.000000e+00,0.000000e+00,0.000000e+00,0.000000e+00,0.000000e+00,0.000000e+00,0.000000e+00,0.000000e+00,0.000000e+00,0.000000e+00,0.000000e+00
1.000000e+00,0.000000e+00,0.000000e+00,0.000000e+00,0.000000e+00,0.000000e+00,0.000000e+00,0.000000e+00,0.000000e+00,0.000000e+00,0.000000e+00,0.000000e+00,0.000000e+00,0.000000e+00,0.000000e+00
1.000000e+00,0.000000e+00,0.000000e+00,0.000000e+00,0.000000e+00,0.000000e+00,0.000000e+00,0.000000e+00,0.000000e+00,0.000000e+00,0.000000e+00,0.000000e+00,0.000000e+00,0.000000e+00,0.000000e+00
1.000000e+00,0.000000e+00,0.000000e+00,0.000000e+00,0.000000e+00,0.000000e+00,0.000000e+00,0.000000e+00,0.000000e+00,0.000000e+00,0.000000e+00,0.000000e+00,0.000000e+00,0.000000e+00,0.000000e+00
1.000000e+00,0.000000e+00,0.000000e+00,0.000000e+00,0.000000e+00,0.000000e+00,0.000000e+00,0.000000e+00,0.000000e+00,0.000000e+00,0.000000e+00,0.000000e+00,0.000000e+00,0.000000e+00,0.000000e+00
1.000000e+00,0.000000e+00,0.000000e+00,0.000000e+00,0.000000e+00,0.000000e+00,0.000000e+00,0.000000e+00,0.000000e+00,0.000000e+00,0.000000e+00,0.000000e+00,0.000000e+00,0.000000e+00,0.000000e+00
1.000000e+00,0.000000e+00,0.000000e+00,0.000000e+00,0.000000e+00,0.000000e+00,0.000000e+00,0.000000e+00,0.000000e+00,0.000000e+00,0.000000e+00,0.000000e+00,0.000000e+00,0.000000e+00,0.000000e+00
1.000000e+00,0.000000e+00,0.000000e+00,0.000000e+00,0.000000e+00,0.000000e+00,0.000000e+00,0.000000e+00,0.000000e+00,0.000000e+00,0.000000e+00,0.000000e+00,0.000000e+00,0.000000e+00,0.000000e+00
1.000000e+00,0.000000e+00,0.000000e+00,0.000000e+00,0.000000e+00,0.000000e+00,0.000000e+00,0.000000e+00,0.000000e+00,0.000000e+00,0.000000e+00,0.000000e+00,0.000000e+00,0.000000e+00,0.000000e+00
1.000000e+00,0.000000e+00,0.000000e+00,0.000000e+00,0.000000e+00,0.000000e+00,0.000000e+00,0.000000e+00,0.000000e+00,0.000000e+00,0.000000e+00,0.000000e+00,0.000000e+00,0.000000e+00,0.000000e+00
1.000000e+00,0.000000e+00,0.000000e+00,0.000000e+00,0.000000e+00,0.000000e+00,0.000000e+00,0.000000e+00,0.000000e+00,0.000000e+00,0.000000e+00,0.000000e+00,0.000000e+00,0.000000e+00,0.000000e+00
1.000000e+00,0.000000e+00,0.000000e+00,0.000000e+00,0.000000e+00,0.000000e+00,0.000000e+00,0.000000e+00,0.000000e+00,0.000000e+00,0.000000e+00,0.000000e+00,0.000000e+00,0.000000e+00,0.000000e+00
1.000000e+00,0.000000e+00,0.000000e+00,0.000000e+00,0.000000e+00,0.000000e+00,0.000000e+00,0.000000e+00,0.000000e+00,0.000000e+00,0.000000e+00,0.000000e+00,0.000000e+00,0.000000e+00,0.000000e+00
1.000000e+00,0.000000e+00,0.000000e+00,0.000000e+00,0.000000e+00,0.000000e+00,0.000000e+00,0.000000e+00,0.000000e+00,0.000000e+00,0.000000e+00,0.000000e+00,0.000000e+00,0.000000e+00,0.000000e+00
1.000000e+00,0.000000e+00,0.000000e+00,0.000000e+00,0.000000e+00,0.000000e+00,0.000000e+00,0.000000e+00,0.000000e+00,0.000000e+00,0.000000e+00,0.000000e+00,0.000000e+00,0.000000e+00,0.000000e+00
4.148171e-01,3.042318e-02,6.183490e-03,1.661856e-01,3.416600e-03,1.099017e-02,1.714882e-03,4.162787e-03,7.914826e-03,2.089652e-03,5.668944e-02,2.746662e-01,9.923646e-03,1.888329e-03,8.934003e-03
3.078657e-01,2.346575e-02,4.580763e-03,1.372113e-01,3.725738e-03,1.193746e-02,1.316740e-03,3.254733e-03,9.735577e-03,1.728654e-03,7.231423e-02,4.049479e-01,8.779381e-03,1.517801e-03,7.618333e-03
2.258318e-01,1.680160e-02,3.240814e-03,1.000849e-01,8.894469e-03,1.328681e-02,1.075925e-03,2.990811e-03,3.267782e-02,1.671252e-03,8.020028e-02,4.993058e-01,7.073143e-03,1.212093e-03,5.652476e-03
1.744244e-01,1.233420e-02,2.328376e-03,7.434303e-02,1.510142e-02,1.551806e-02,9.059100e-04,2.559578e-03,6.914382e-02,1.493598e-03,6.243482e-02,5.590277e-01,5.288582e-03,8.983988e-04,4.198079e-03
1.445829e-01,9.181626e-03,1.723786e-03,5.568501e-02,1.496698e-02,1.921679e-02,7.072447e-04,2.314429e-03,7.375504e-02,1.372233e-03,4.932546e-02,6.192903e-01,3.916536e-03,6.921141e-04,3.269586e-03
1.019891e-01,7.414474e-03,1.458098e-03,4.090525e-02,4.943182e-02,1.508321e-02,7.535882e-04,3.147712e-03,1.446203e-01,1.434413e-03,4.375276e-02,5.839636e-01,3.047680e-03,5.139404e-04,2.483921e-03
8.042622e-02,5.816763e-03,1.195337e-03,3.178073e-02,7.119622e-02,1.316086e-02,1.214816e-03,6.015983e-03,1.399945e-01,1.517900e-03,3.542704e-02,6.075020e-01,2.433350e-03,3.999228e-04,1.918404e-03
5.741308e-02,4.496770e-03,1.211743e-03,2.325000e-02,8.663589e-02,1.065072e-02,4.146470e-03,1.006600e-02,1.218086e-01,1.252998e-03,2.732169e-02,6.481170e-01,1.866836e-03,3.075825e-04,1.454589e-03
4.058219e-02,3.507009e-03,1.524745e-03,1.639275e-02,1.411740e-01,8.728683e-03,1.444730e-02,1.003448e-02,1.676736e-01,1.253076e-03,2.253573e-02,5.685335e-01,2.285591e-03,2.567552e-04,1.070506e-03
2.885961e-02,2.578936e-03,1.689229e-03,1.158335e-02,1.753999e-01,7.583337e-03,1.452580e-02,1.446481e-02,1.510517e-01,1.030987e-03,1.886915e-02,5.662222e-01,5.084466e-03,2.918572e-04,7.646061e-04
2.110724e-02,1.934664e-03,1.460371e-03,8.182846e-03,1.364037e-01,6.517522e-03,1.095884e-02,1.298793e-02,1.345241e-01,1.014034e-03,1.605595e-02,6.379126e-01,9.867571e-03,5.191731e-04,5.534400e-04
1.579696e-02,1.503180e-03,1.246365e-03,5.781168e-03,1.157637e-01,5.155743e-03,9.129910e-03,1.147165e-02,1.784565e-01,1.052324e-03,1.436006e-02,6.202202e-01,1.910800e-02,5.524044e-04,4.018688e-04
1.178204e-02,1.226038e-03,1.872258e-03,4.135397e-03,1.017520e-01,4.151283e-03,7.515280e-03,1.007021e-02,1.964098e-01,1.072866e-03,1.244096e-02,6.267288e-01,1.988318e-02,6.368735e-04,3.231205e-04
9.370671e-03,1.040581e-03,2.217649e-03,2.991831e-03,1.032889e-01,3.733966e-03,7.309336e-03,1.478050e-02,2.610736e-01,9.446772e-04,1.230471e-02,5.477237e-01,3.212831e-02,8.192656e-04,2.722717e-04
8.592336e-03,9.648289e-04,3.019209e-03,2.195294e-03,1.115454e-01,4.273047e-03,7.103812e-03,1.963928e-02,2.852703e-01,8.467720e-04,1.268781e-02,4.981607e-01,4.437613e-02,1.058051e-03,2.670230e-04
8.215789e-03,7.813886e-04,3.416906e-03,1.907451e-03,1.229584e-01,3.811329e-03,5.561290e-03,5.486611e-02,2.614075e-01,8.785199e-04,1.238138e-02,4.803085e-01,4.213176e-02,1.137218e-03,2.364251e-04
7.980526e-03,7.126648e-04,3.630496e-03,1.526526e-03,1.429046e-01,3.395602e-03,5.448093e-03,7.172832e-02,2.742800e-01,8.042828e-04,1.157744e-02,4.295638e-01,4.507704e-02,1.158391e-03,2.121784e-04
9.173510e-03,8.320892e-04,3.861142e-03,1.144816e-03,2.197347e-01,2.733618e-03,6.423880e-03,7.101332e-02,3.246287e-01,6.317465e-04,9.384094e-03,3.140107e-01,3.523545e-02,9.851826e-04,2.071247e-04
8.318702e-03,1.251294e-03,1.256158e-02,1.047366e-03,1.945588e-01,2.386669e-03,4.864472e-03,2.279924e-01,2.873369e-01,5.012685e-04,7.471949e-03,2.237110e-01,2.690457e-02,9.027405e-04,1.902342e-04
9.682218e-03,1.200736e-03,3.102623e-02,1.261201e-03,1.588620e-01,2.028983e-03,3.597842e-03,3.922060e-01,2.149706e-01,4.109354e-04,5.951596e-03,1.582225e-01,1.972407e-02,6.919485e-04,1.632576e-04
1.437599e-02,2.030962e-03,6.960161e-02,1.395951e-03,1.657138e-01,3.717643e-03,3.728310e-03,4.247391e-01,1.788846e-01,4.598688e-04,6.482313e-03,1.136247e-01,1.411248e-02,9.181061e-04,2.146635e-04
1.971345e-02,2.656029e-03,7.158795e-02,1.485255e-03,1.744059e-01,3.681355e-03,3.853106e-03,4.460583e-01,1.699631e-01,5.623320e-04,8.823646e-03,8.555943e-02,1.015791e-02,1.225085e-03,2.670701e-04
3.766791e-02,4.007163e-03,7.848033e-02,2.708855e-03,1.687488e-01,3.725457e-03,3.975756e-03,4.344334e-01,1.675216e-01,1.039668e-03,1.809194e-02,6.605026e-02,7.489824e-03,5.677166e-03,3.819175e-04
5.115155e-02,4.595878e-03,1.062988e-01,3.885515e-03,1.966724e-01,3.363722e-03,4.289938e-03,3.617697e-01,1.708880e-01,1.498146e-03,3.049008e-02,4.993856e-02,5.499916e-03,9.142087e-03,5.156932e-04
6.052067e-02,4.054310e-03,1.145841e-01,9.588546e-03,1.909029e-01,3.621891e-03,3.585516e-03,3.918722e-01,1.436349e-01,1.757595e-03,2.655938e-02,3.613966e-02,4.279091e-03,8.354493e-03,5.447828e-04
4.942731e-02,3.071749e-03,8.595936e-02,9.232363e-03,1.582201e-01,2.973923e-03,2.961601e-03,5.248228e-01,1.065698e-01,1.969595e-03,1.902775e-02,2.550549e-02,3.096102e-03,6.740670e-03,4.214025e-04
5.123606e-02,2.654701e-03,6.652436e-02,9.283448e-03,1.340421e-01,3.120228e-03,2.576851e-03,6.041104e-01,8.223812e-02,2.120345e-03,1.468210e-02,1.870820e-02,2.433585e-03,5.813857e-03,4.555513e-04
8.370171e-02,2.217437e-03,4.775466e-02,7.175657e-03,1.007721e-01,3.889865e-03,2.026636e-03,6.560276e-01,6.101260e-02,1.694527e-03,1.071803e-02,1.561630e-02,2.470510e-03,4.280418e-03,6.419681e-04
9.556547e-02,2.527482e-03,3.447107e-02,2.815283e-02,7.112814e-02,8.679369e-03,1.605483e-03,4.799351e-01,4.564388e-02,2.297748e-03,2.088149e-02,1.069468e-01,9.753650e-02,3.314559e-03,1.314090e-03
8.614565e-02,2.403456e-03,2.533412e-02,4.857169e-02,5.018381e-02,9.250822e-03,1.273150e-03,3.461102e-01,3.462780e-02,1.982000e-03,2.208019e-02,1.041176e-01,2.629837e-01,2.756960e-03,2.178747e-03
6.247304e-02,1.766828e-03,1.793360e-02,3.694668e-02,3.548035e-02,6.628088e-03,9.439904e-04,2.433702e-01,2.532260e-02,2.264949e-03,2.044987e-02,1.133207e-01,4.288139e-01,2.071571e-03,2.213640e-03
4.429477e-02,1.286572e-03,1.274965e-02,2.768876e-02,2.509174e-02,5.075727e-03,6.831071e-04,1.706175e-01,1.895705e-02,1.853740e-03,1.722319e-02,1.110185e-01,5.596834e-01,1.546811e-03,2.229324e-03
3.115813e-02,9.276387e-04,8.943210e-03,1.941827e-02,1.772451e-02,3.807524e-03,4.956200e-04,1.194690e-01,1.592280e-02,1.573537e-03,1.452783e-02,1.799673e-01,5.828285e-01,1.129312e-03,2.106796e-03
2.188944e-02,8.087081e-04,6.296427e-03,1.360419e-02,1.264275e-02,2.925940e-03,3.673672e-04,8.365865e-02,2.239127e-02,1.571030e-03,1.273814e-02,2.964832e-01,5.219460e-01,8.396171e-04,1.837248e-03
1.538847e-02,7.778557e-04,4.424762e-03,9.532867e-03,1.004850e-02,2.175621e-03,3.523427e-04,5.862151e-02,9.917113e-02,1.352587e-03,1.111436e-02,3.445417e-01,4.403595e-01,6.064017e-04,1.532410e-03
1.080964e-02,8.591264e-04,3.134700e-03,6.686612e-03,1.062491e-02,1.681201e-03,5.372043e-04,4.119103e-02,1.994119e-01,1.230568e-03,8.666591e-03,3.592730e-01,3.542411e-01,4.429380e-04,1.209327e-03
7.592964e-03,2.476726e-03,2.259056e-03,4.690024e-03,9.046054e-03,1.258479e-03,4.058446e-04,2.889675e-02,4.115022e-01,9.263727e-04,6.395934e-03,2.644687e-01,2.588473e-01,3.148152e-04,9.187892e-04
5.387117e-03,3.333893e-03,3.892548e-03,3.331860e-03,9.606425e-03,1.208348e-03,6.126082e-03,3.799614e-02,5.259460e-01,1.212070e-03,4.864473e-03,1.925069e-01,2.033657e-01,2.575475e-04,9.648857e-04
3.821559e-03,2.897250e-03,2.865415e-03,2.409917e-03,9.970395e-03,2.382329e-03,4.506191e-03,2.706511e-02,6.584151e-01,1.097932e-03,3.563535e-03,1.360386e-01,1.438756e-01,1.966672e-04,8.943991e-04
2.750419e-03,2.336836e-03,2.068632e-03,1.752684e-03,1.124891e-02,2.124347e-03,3.348389e-03,1.914032e-02,7.539043e-01,8.494511e-04,2.653999e-03,9.566498e-02,1.012958e-01,1.412195e-04,7.195913e-04
2.254068e-03,2.154033e-03,1.538476e-03,2.609781e-03,1.406548e-02,5.584519e-03,3.645371e-03,1.354840e-02,8.099491e-01,7.277696e-04,2.110980e-03,6.738175e-02,7.362781e-02,1.092669e-04,6.931757e-04
2.516280e-03,2.230224e-03,1.110363e-03,2.989201e-03,1.598513e-02,6.515098e-03,2.892470e-03,9.643013e-03,8.520888e-01,6.149055e-04,1.775035e-03,4.758632e-02,5.330345e-02,8.873727e-05,6.609643e-04
3.346808e-03,3.980931e-03,9.353500e-04,6.931654e-02,1.871293e-02,6.867496e-03,2.190423e-03,7.821093e-03,8.081627e-01,9.416325e-04,2.376124e-03,3.411916e-02,3.938243e-02,8.135458e-05,1.764928e-03
6.374569e-03,4.203307e-03,8.319747e-04,6.040933e-02,4.966316e-02,5.383540e-03,2.060233e-03,1.382152e-02,8.002084e-01,9.313980e-04,1.965492e-03,2.403570e-02,2.809324e-02,8.149749e-05,1.936594e-03
1.679846e-02,3.640423e-03,6.874020e-04,4.859037e-02,1.068043e-01,5.858779e-03,2.341975e-03,1.656267e-02,7.579046e-01,7.452852e-04,1.588582e-03,1.691573e-02,1.978571e-02,7.722196e-05,1.698478e-03
3.268135e-02,4.376838e-03,9.649103e-04,8.688211e-02,1.464036e-01,1.647789e-02,3.764939e-03,2.497596e-02,6.536554e-01,6.276009e-04,1.534210e-03,1.196725e-02,1.405627e-02,8.157320e-05,1.550103e-03
4.642657e-02,8.484093e-03,2.694889e-03,1.135338e-01,2.185528e-01,5.091196e-02,1.081521e-02,2.526568e-02,4.989283e-01,1.001051e-03,1.439430e-03,8.537376e-03,1.044812e-02,9.119163e-05,2.869450e-03
5.370006e-02,8.564853e-03,3.477975e-03,8.699211e-02,2.783875e-01,6.532715e-02,2.474537e-02,9.552027e-02,3.618924e-01,1.127195e-03,1.597490e-03,6.128223e-03,8.075101e-03,1.668488e-04,4.297462e-03
4.883429e-02,6.556065e-03,5.155262e-03,6.320002e-02,2.187752e-01,5.239435e-02,4.334762e-02,2.858667e-01,2.592545e-01,1.105651e-03,1.589685e-03,4.377205e-03,6.140398e-03,1.520487e-04,3.251024e-03
4.498493e-02,5.140951e-03,5.824736e-03,4.547315e-02,1.969547e-01,4.136685e-02,1.887220e-01,2.677923e-01,1.863326e-01,1.155553e-03,3.135908e-03,3.306807e-03,6.900789e-03,1.334877e-04,2.775287e-03
9.250198e-02,6.232950e-03,8.111752e-03,3.361646e-02,1.759283e-01,3.251956e-02,1.899472e-01,2.681515e-01,1.707624e-01,2.542157e-03,4.680112e-03,3.346954e-03,7.318954e-03,2.077809e-04,4.131967e-03
9.862682e-02,1.026817e-02,1.317815e-02,3.036292e-02,1.338057e-01,2.896316e-02,1.621221e-01,3.251963e-01,1.334571e-01,1.122240e-02,1.890282e-02,9.550255e-03,1.073862e-02,8.131649e-04,1.279230e-02
7.347163e-02,9.271719e-03,1.607220e-02,3.984178e-02,9.658123e-02,2.235221e-02,1.202955e-01,3.131556e-01,1.009774e-01,2.843273e-02,9.200963e-02,4.140430e-02,2.369050e-02,3.883811e-03,1.855977e-02
5.493598e-02,7.228594e-03,1.224290e-02,3.564162e-02,6.863844e-02,1.807453e-02,8.508808e-02,2.444992e-01,7.849325e-02,2.531349e-02,1.286334e-01,1.496695e-01,7.149151e-02,3.581090e-03,1.646842e-02
6.072532e-02,6.622392e-03,1.047930e-02,4.714939e-02,4.979691e-02,1.674479e-02,6.260167e-02,1.917214e-01,8.005867e-02,2.463163e-02,1.400542e-01,2.077063e-01,7.633957e-02,5.538411e-03,1.983013e-02
1.206540e-01,1.761815e-02,1.017919e-02,4.779022e-02,3.785273e-02,1.377384e-02,4.490688e-02,1.400288e-01,8.402757e-02,2.379423e-02,1.968516e-01,1.680495e-01,6.704948e-02,1.125574e-02,1.616810e-02
1.512959e-01,2.007721e-02,9.724457e-03,4.734991e-02,2.787670e-02,1.275910e-02,3.183280e-02,1.030394e-01,1.184059e-01,2.099533e-02,2.146037e-01,1.491853e-01,5.995478e-02,1.951306e-02,1.338647e-02
2.602555e-01,2.097766e-02,1.371619e-02,4.187871e-02,3.026134e-02,1.445055e-02,2.283311e-02,7.479438e-02,9.412962e-02,2.085775e-02,1.800039e-01,1.461069e-01,4.598952e-02,1.832657e-02,1.541824e-02
4.061349e-01,1.806442e-02,1.626034e-02,3.227204e-02,2.499589e-02,1.610787e-02,1.661449e-02,5.426046e-02,6.846341e-02,1.672366e-02,1.492530e-01,1.155275e-01,3.379536e-02,1.761692e-02,1.390977e-02
1.000000e+00,0.000000e+00,0.000000e+00,0.000000e+00,0.000000e+00,0.000000e+00,0.000000e+00,0.000000e+00,0.000000e+00,0.000000e+00,0.000000e+00,0.000000e+00,0.000000e+00,0.000000e+00,0.000000e+00
1.000000e+00,0.000000e+00,0.000000e+00,0.000000e+00,0.000000e+00,0.000000e+00,0.000000e+00,0.000000e+00,0.000000e+00,0.000000e+00,0.000000e+00,0.000000e+00,0.000000e+00,0.000000e+00,0.000000e+00
1.000000e+00,0.000000e+00,0.000000e+00,0.000000e+00,0.000000e+00,0.000000e+00,0.000000e+00,0.000000e+00,0.000000e+00,0.000000e+00,0.000000e+00,0.000000e+00,0.000000e+00,0.000000e+00,0.000000e+00
4.146335e-01,7.888510e-02,5.236637e-02,3.072415e-02,8.134250e-02,2.239741e-02,5.628715e-03,3.171775e-02,2.723366e-02,1.053814e-02,1.024987e-01,9.222174e-02,1.343188e-02,2.650898e-02,9.871383e-03
3.060849e-01,5.756868e-02,3.718641e-02,2.224360e-02,5.843890e-02,2.210374e-02,4.068041e-03,2.241636e-02,2.094689e-02,9.608228e-03,2.592235e-01,1.322096e-01,1.070394e-02,2.933539e-02,7.861801e-03
2.487640e-01,4.276462e-02,2.832299e-02,1.693143e-02,4.285565e-02,2.249771e-02,3.122094e-03,1.620348e-02,1.917307e-02,9.383172e-03,3.203136e-01,1.767875e-01,9.591985e-03,3.675998e-02,6.528794e-03
2.002432e-01,3.046097e-02,2.034094e-02,1.253821e-02,3.043095e-02,1.985307e-02,2.420194e-03,1.176812e-02,1.454788e-02,7.210750e-03,4.269685e-01,1.798186e-01,7.598188e-03,3.070315e-02,5.097365e-03
1.549054e-01,2.271816e-02,1.515082e-02,9.762061e-03,2.179374e-02,1.543321e-02,1.762725e-03,8.439811e-03,1.289344e-02,5.834981e-03,4.855642e-01,1.997735e-01,6.096834e-03,3.585385e-02,4.017307e-03
1.141443e-01,1.707772e-02,1.114953e-02,7.347815e-03,1.600386e-02,1.178844e-02,1.368340e-03,6.072300e-03,1.021220e-02,5.944677e-03,5.647576e-01,1.742075e-01,5.113859e-03,5.157305e-02,3.238700e-03
8.523278e-02,2.534229e-02,1.063839e-02,6.535656e-03,2.096136e-02,1.192418e-02,1.595584e-03,4.939129e-03,9.651489e-03,8.053845e-03,5.546932e-01,1.848989e-01,4.346878e-03,6.653037e-02,4.655994e-03
6.456566e-02,2.392075e-02,1.089267e-02,5.568876e-03,2.117157e-02,1.022694e-02,1.570003e-03,4.819795e-03,1.036806e-02,1.191075e-02,5.587795e-01,1.843422e-01,3.592997e-03,8.239959e-02,5.870595e-03
4.623501e-02,1.817184e-02,8.030263e-03,3.927832e-03,1.595514e-02,7.666536e-03,1.220616e-03,3.507609e-03,7.842026e-03,5.636616e-02,6.201255e-01,1.378780e-01,2.565769e-03,6.575306e-02,4.754696e-03
3.700324e-02,1.438736e-02,6.306426e-03,2.816220e-03,1.183654e-02,6.052971e-03,9.617642e-04,2.848144e-03,6.606238e-03,8.173463e-02,6.583536e-01,1.099065e-01,1.868789e-03,5.450954e-02,4.807997e-03
3.324629e-02,1.469928e-02,8.458002e-03,2.402860e-03,9.687366e-03,4.923026e-03,9.125796e-04,4.799202e-03,1.021418e-02,7.631573e-02,6.741812e-01,9.529843e-02,1.470337e-03,5.892327e-02,4.468180e-03
2.533562e-02,1.078597e-02,6.452349e-03,1.798943e-03,7.430092e-03,3.974773e-03,6.840816e-04,3.831254e-03,1.173462e-02,6.735524e-02,7.152908e-01,7.889681e-02,1.130213e-03,6.153126e-02,3.767896e-03
1.867293e-02,7.826218e-03,4.768031e-03,1.333309e-03,5.756958e-03,3.930270e-03,4.972240e-04,2.826433e-03,9.620196e-03,6.799962e-02,7.530819e-01,6.168886e-02,1.119570e-03,5.754867e-02,3.329684e-03
1.369447e-02,5.631895e-03,3.421340e-03,9.672344e-04,4.181022e-03,3.400758e-03,3.597077e-04,2.025850e-03,7.320583e-03,6.961871e-02,7.947610e-01,4.500166e-02,9.079556e-04,4.592330e-02,2.784396e-03
1.016957e-02,4.143193e-03,2.506404e-03,7.098821e-04,3.081299e-03,3.018755e-03,2.671520e-04,1.451110e-03,5.777895e-03,7.408390e-02,8.169810e-01,3.430152e-02,7.266429e-04,4.024401e-02,2.537615e-03
1.824281e-02,1.039664e-02,2.519742e-03,6.293916e-04,3.054840e-03,2.905695e-03,2.980716e-04,1.182617e-03,8.917155e-03,1.084030e-01,7.476991e-01,4.249318e-02,6.398257e-04,4.685286e-02,5.765034e-03
2.599494e-02,1.250063e-02,2.755957e-03,9.389215e-04,5.129243e-03,5.655999e-03,4.255140e-04,1.429505e-03,1.241816e-02,1.008269e-01,7.138897e-01,4.907475e-02,8.494752e-04,5.612106e-02,1.198925e-02
3.533865e-02,1.554555e-02,2.823971e-03,1.537916e-03,1.064893e-02,5.967310e-03,8.356149e-04,2.082198e-03,1.486728e-02,8.908617e-02,6.812976e-01,5.422455e-02,1.399353e-03,6.846508e-02,1.587983e-02
3.101820e-02,1.469487e-02,2.945214e-03,2.925622e-03,1.860402e-02,7.974656e-03,1.304319e-03,2.188297e-03,2.219993e-02,1.327551e-01,6.177839e-01,5.466681e-02,1.916112e-03,6.724844e-02,2.177450e-02
2.296480e-02,1.120778e-02,2.473173e-03,2.221724e-03,1.574016e-02,6.489255e-03,1.174262e-03,1.850182e-03,1.937823e-02,2.946481e-01,5.049987e-01,4.102229e-02,1.499891e-03,5.570978e-02,1.862162e-02
1.848704e-02,8.434353e-03,2.026263e-03,1.646237e-03,1.312841e-02,5.820448e-03,9.500986e-04,1.413936e-03,1.428316e-02,4.858620e-01,3.634937e-01,2.953343e-02,1.243809e-03,4.002713e-02,1.365005e-02
1.329064e-02,6.145066e-03,1.502086e-03,1.275434e-03,1.053685e-02,5.083710e-03,6.876033e-04,1.048083e-03,1.149370e-02,6.325665e-01,2.557308e-01,2.116699e-02,1.404739e-03,2.829773e-02,9.770134e-03
9.564023e-03,4.728058e-03,1.163358e-03,1.347663e-03,8.195599e-03,4.635842e-03,4.972687e-04,1.041699e-03,9.480092e-03,7.351679e-01,1.807328e-01,1.509908e-02,1.100767e-03,2.032154e-02,6.924430e-03
8.162378e-03,3.497387e-03,1.416342e-03,1.099859e-02,7.987684e-03,9.682887e-03,5.665497e-04,1.340606e-02,7.848045e-03,7.764982e-01,1.285138e-01,1.094065e-02,1.024217e-03,1.451928e-02,4.938006e-03
1.008376e-02,2.936702e-03,1.679123e-03,8.327180e-03,8.179130e-03,1.084396e-02,4.986107e-04,9.996998e-03,6.685296e-03,8.255863e-01,9.213474e-02,7.828450e-03,8.707576e-04,1.075567e-02,3.593299e-03
4.313042e-02,3.295272e-03,3.691409e-03,1.675189e-02,1.024591e-02,9.420083e-02,1.529198e-03,1.081146e-02,7.435713e-03,7.137704e-01,7.173939e-02,8.461763e-03,2.290896e-03,8.618894e-03,4.026636e-03
5.421777e-02,2.144855e-02,1.077676e-02,2.179260e-02,1.158586e-02,2.255169e-01,2.448371e-03,1.325917e-02,1.157076e-02,5.496044e-01,5.547916e-02,7.406869e-03,3.287977e-03,6.948946e-03,4.655897e-03
5.988334e-02,1.645536e-02,4.121708e-02,3.414872e-02,1.037197e-02,1.639081e-01,2.424335e-02,1.066317e-01,9.604694e-03,4.668396e-01,4.584414e-02,6.181549e-03,2.916700e-03,7.826514e-03,3.927220e-03
8.431101e-02,1.300369e-02,9.235216e-02,3.916706e-02,1.027109e-02,1.197596e-01,3.180000e-02,1.229702e-01,8.742912e-03,4.170567e-01,3.775534e-02,5.520510e-03,2.550985e-03,1.026775e-02,4.470968e-03
9.788062e-02,1.016175e-02,1.032654e-01,3.654377e-02,8.831812e-03,8.596339e-02,5.996094e-02,1.229277e-01,7.522760e-03,4.183298e-01,2.845245e-02,4.869117e-03,2.125615e-03,8.834529e-03,4.330406e-03
9.090605e-02,9.197492e-03,1.154253e-01,3.891400e-02,1.029733e-02,6.290933e-02,6.376351e-02,2.436933e-01,7.380798e-03,3.153733e-01,2.151653e-02,4.187043e-03,4.425035e-03,7.812569e-03,4.198411e-03
7.107806e-02,6.935372e-03,8.784989e-02,3.325336e-02,1.221241e-02,4.473668e-02,5.647694e-02,4.236664e-01,7.307963e-03,2.249766e-01,1.607700e-02,3.076641e-03,3.604697e-03,5.672383e-03,3.075508e-03
5.665466e-02,5.152564e-03,6.360567e-02,2.977196e-02,1.284595e-02,3.219111e-02,4.745278e-02,5.492125e-01,6.143911e-03,1.729768e-01,1.204796e-02,2.380550e-03,3.008140e-03,4.237338e-03,2.318080e-03
4.910676e-02,4.376462e-03,4.939432e-02,2.728161e-02,1.717579e-02,2.387455e-02,3.816692e-02,6.304312e-01,7.157502e-03,1.348060e-01,8.801833e-03,1.904292e-03,2.371300e-03,3.320373e-03,1.831149e-03
4.413162e-02,4.721331e-03,3.914015e-02,2.757544e-02,3.498249e-02,1.993869e-02,3.112288e-02,6.738904e-01,7.941078e-03,1.016997e-01,6.685297e-03,1.647704e-03,2.282965e-03,2.562201e-03,1.678029e-03
3.792398e-02,4.583707e-03,3.096672e-02,2.880415e-02,4.421573e-02,1.499377e-02,2.329071e-02,7.228854e-01,7.498953e-03,7.278992e-02,5.180656e-03,1.393965e-03,1.846124e-03,2.278655e-03,1.347512e-03
3.593496e-02,3.686860e-03,2.614368e-02,2.705572e-02,5.560563e-02,1.144448e-02,1.926815e-02,7.513100e-01,7.257705e-03,5.298398e-02,3.831254e-03,1.206324e-03,1.446845e-03,1.740425e-03,1.083966e-03
3.742132e-02,2.941551e-03,2.127303e-02,2.492101e-02,4.823392e-02,8.848376e-03,1.673561e-02,7.873148e-01,6.600176e-03,3.792840e-02,2.957947e-03,1.318041e-03,1.235738e-03,1.274654e-03,9.954496e-04
4.294057e-02,2.477020e-03,2.744253e-02,3.171481e-02,3.960255e-02,7.065606e-03,1.450931e-02,7.926027e-01,6.021362e-03,2.838875e-02,2.442929e-03,1.647936e-03,1.124170e-03,1.048959e-03,9.707729e-04
4.403839e-02,1.875936e-03,2.050344e-02,2.533506e-02,3.363094e-02,5.400141e-03,1.078162e-02,8.273703e-01,4.820070e-03,2.023022e-02,2.005597e-03,1.448219e-03,1.022272e-03,7.749319e-04,7.628573e-04
6.231835e-02,3.217852e-03,1.758688e-02,2.754348e-02,3.869822e-02,6.866002e-03,7.886919e-03,7.709842e-01,2.123654e-02,2.189927e-02,7.445799e-03,4.911626e-03,4.687063e-03,1.175828e-03,3.541943e-03
7.087988e-02,4.748030e-03,1.416774e-02,8.272922e-02,3.632660e-02,7.832463e-03,5.890584e-03,5.875811e-01,3.049483e-02,4.055975e-02,5.086982e-02,3.372839e-02,2.267519e-02,2.785045e-03,8.731372e-03
5.389330e-02,4.568079e-03,1.031546e-02,1.012336e-01,2.728625e-02,1.105688e-02,4.264634e-03,4.168653e-01,3.052202e-02,1.802815e-01,8.348969e-02,2.867305e-02,3.528611e-02,2.538663e-03,9.725505e-03
4.311261e-02,5.902212e-03,7.814705e-03,1.232502e-01,2.150785e-02,2.253286e-02,3.163601e-03,2.941129e-01,4.315227e-02,2.328351e-01,8.967125e-02,2.499063e-02,7.091738e-02,2.193842e-03,1.484262e-02
3.685158e-02,6.358023e-03,6.872586e-03,1.406931e-01,2.396917e-02,2.442888e-02,2.542446e-03,2.115893e-01,3.976679e-02,2.149165e-01,1.120684e-01,3.496154e-02,1.250727e-01,2.030823e-03,1.787812e-02
2.784251e-02,5.171672e-03,5.433076e-03,1.466393e-01,2.275351e-02,2.121226e-02,2.068881e-03,1.503501e-01,4.485784e-02,1.884173e-01,1.438116e-01,5.544605e-02,1.531953e-01,2.753699e-03,3.004688e-02
2.163596e-02,1.050385e-02,5.925328e-02,1.265844e-01,1.970875e-02,1.545676e-02,1.531497e-03,1.092651e-01,6.606399e-02,1.386718e-01,2.046734e-01,4.610672e-02,1.235843e-01,3.376615e-03,5.358353e-02
1.666046e-02,1.340456e-02,2.076042e-01,1.052841e-01,1.622639e-02,1.194500e-02,1.102181e-03,7.788918e-02,5.713537e-02,9.935747e-02,1.829751e-01,3.380645e-02,9.006600e-02,3.782136e-03,8.276135e-02
1.256469e-02,1.879759e-02,3.817279e-01,1.098082e-01,1.219785e-02,9.673592e-03,7.846127e-04,5.489966e-02,4.903156e-02,7.028078e-02,1.299717e-01,2.389739e-02,6.337139e-02,2.837173e-03,6.015592e-02
9.395778e-03,2.439485e-02,5.331947e-01,8.546370e-02,8.692482e-03,8.658553e-03,5.553046e-04,3.889308e-02,3.901279e-02,4.971013e-02,9.397146e-02,1.688751e-02,4.514353e-02,2.155106e-03,4.387100e-02
7.066169e-03,5.555300e-02,6.137223e-01,6.263626e-02,6.333389e-03,6.238940e-03,3.936611e-04,2.732043e-02,4.079379e-02,3.540947e-02,6.753760e-02,1.192286e-02,3.218546e-02,1.541495e-03,3.134517e-02
5.536091e-03,6.282048e-02,6.301541e-01,9.203240e-02,5.696910e-03,4.708999e-03,3.254593e-04,1.938619e-02,4.949222e-02,2.603168e-02,4.813059e-02,8.420988e-03,2.273651e-02,1.102196e-03,2.342514e-02
4.026482e-03,4.795215e-02,6.568503e-01,1.299946e-01,4.270306e-03,3.576706e-03,2.378689e-04,1.366466e-02,4.083854e-02,1.976862e-02,3.789410e-02,6.241442e-03,1.680663e-02,7.987739e-04,1.707880e-02
3.295969e-03,5.542327e-02,6.061192e-01,1.437966e-01,3.076912e-03,3.395928e-03,1.766810e-04,9.718111e-03,4.427821e-02,2.993171e-02,4.855577e-02,7.328704e-03,1.858042e-02,1.084090e-03,2.523835e-02
2.530662e-03,7.767254e-02,5.455080e-01,1.378261e-01,2.296321e-03,2.523400e-03,1.410135e-04,6.929645e-03,7.305474e-02,3.930430e-02,6.481293e-02,8.178139e-03,1.534663e-02,2.624801e-03,2.125076e-02
2.211699e-03,5.754397e-02,4.038529e-01,1.088815e-01,1.811359e-03,2.737301e-03,1.274224e-04,4.985163e-03,7.453310e-02,2.878082e-02,2.538960e-01,7.582756e-03,1.265995e-02,2.340502e-02,1.699102e-02
2.135474e-03,4.256213e-02,2.930031e-01,8.204673e-02,1.483518e-03,4.952476e-03,1.148929e-04,3.600336e-03,6.611115e-02,2.081851e-02,3.273762e-01,7.399079e-03,1.009741e-02,1.256894e-01,1.260957e-02
1.789641e-03,3.279284e-02,2.091655e-01,6.015528e-02,1.341031e-03,1.678929e-02,1.103951e-04,2.646974e-03,5.552603e-02,1.581164e-02,3.897382e-01,6.883360e-03,8.053032e-03,1.883807e-01,1.081610e-02
1.575609e-03,2.489790e-02,1.467467e-01,4.269045e-02,1.319534e-03,1.309461e-02,9.727616e-05,1.978646e-03,4.527681e-02,1.176261e-02,4.987731e-01,7.403252e-03,6.406764e-03,1.893045e-01,8.672219e-03
1.552683e-03,3.068510e-02,1.034688e-01,3.042730e-02,2.292676e-03,1.396583e-02,1.071516e-04,1.605569e-03,6.487679e-02,9.551445e-03,4.452356e-01,8.691371e-03,5.371702e-03,2.720552e-01,1.011273e-02
1.254873e-03,3.904855e-02,7.314225e-02,2.148268e-02,2.423009e-03,1.380182e-02,8.986465e-05,1.215885e-03,7.447288e-02,6.912749e-03,3.209874e-01,6.768726e-03,4.147511e-03,4.248782e-01,9.373641e-03
1.117728e-03,3.691724e-02,5.223161e-02,1.540638e-02,1.967725e-03,2.577954e-02,9.764590e-05,1.106543e-03,8.186287e-02,5.134322e-03,2.509227e-01,5.768986e-03,3.598263e-03,5.054951e-01,1.259335e-02
1.351895e-03,3.935767e-02,3.774800e-02,1.098468e-02,1.606170e-03,4.179326e-02,1.144994e-04,1.175277e-03,8.643784e-02,4.263378e-03,1.972065e-01,4.948104e-03,4.337914e-03,5.554615e-01,1.321326e-02
3.673193e-03,5.367766e-02,2.932260e-02,9.463998e-03,1.416120e-03,6.712214e-02,1.283264e-04,2.378087e-03,1.169758e-01,6.648968e-03,1.815084e-01,5.766276e-03,6.782010e-03,5.036860e-01,1.145048e-02
7.937296e-03,5.792040e-02,2.206648e-02,8.520467e-03,1.255626e-03,6.469695e-02,1.508604e-04,2.360598e-03,1.255922e-01,6.350093e-03,2.036732e-01,7.197974e-03,1.177816e-02,4.700938e-01,1.040582e-02
9.609608e-03,4.707196e-02,1.644000e-02,8.434703e-03,1.806699e-03,5.358040e-02,2.255920e-04,3.331039e-03,1.959923e-01,7.224445e-03,2.276875e-01,2.315918e-02,4.053580e-02,3.532067e-01,1.169420e-02
9.567371e-03,3.569672e-02,1.198014e-02,8.830391e-03,2.093410e-03,4.241127e-02,2.397428e-04,3.656748e-03,2.006044e-01,6.805935e-03,2.986873e-01,5.384429e-02,5.215733e-02,2.644024e-01,9.022592e-03
8.204994e-03,2.915041e-02,8.608295e-03,7.039517e-03,1.679981e-03,3.246123e-02,1.909974e-04,2.955572e-03,1.742843e-01,6.191917e-03,3.301295e-01,1.333138e-01,5.840935e-02,2.006183e-01,6.761878e-03
7.008362e-03,2.324335e-02,6.421955e-03,5.504031e-03,3.099912e-03,2.494926e-02,2.319564e-04,5.281442e-03,1.778725e-01,4.792785e-03,3.533072e-01,1.722525e-01,6.257124e-02,1.483298e-01,5.133600e-03
6.025732e-03,2.004725e-02,6.052266e-03,5.795965e-03,5.398207e-03,1.896982e-02,9.369699e-04,5.152308e-03,1.980134e-01,4.007232e-03,3.888335e-01,1.575352e-01,6.697025e-02,1.115295e-01,4.732449e-03
4.560497e-03,1.445660e-02,7.110916e-03,4.534726e-03,2.695462e-02,1.458068e-02,4.660999e-03,4.601656e-03,1.523660e-01,3.018441e-03,5.046184e-01,1.134213e-01,6.269020e-02,7.852234e-02,3.902599e-03
4.308964e-03,1.460927e-02,1.366997e-02,3.383183e-03,4.525955e-02,1.150947e-02,4.375544e-03,5.495011e-03,1.311887e-01,2.210193e-03,5.698725e-01,8.018602e-02,5.585856e-02,5.511975e-02,2.953295e-03
6.995090e-03,1.749425e-02,1.825667e-02,2.973395e-03,8.213905e-02,9.729628e-03,4.382196e-03,1.369286e-02,1.114499e-01,1.686431e-03,5.731789e-01,5.951245e-02,5.683181e-02,3.887429e-02,2.803006e-03
1.057458e-02,1.730495e-02,1.907396e-02,3.053063e-03,8.245991e-02,8.153589e-03,3.818391e-03,2.248740e-02,1.110876e-01,1.325585e-03,4.807554e-01,9.605451e-02,1.131982e-01,2.815765e-02,2.495152e-03
1.389638e-02,2.455015e-02,2.082525e-02,3.367406e-03,1.009786e-01,7.914383e-03,3.760164e-03,4.274071e-02,1.432809e-01,1.035615e-03,4.151082e-01,8.259880e-02,1.171007e-01,2.055828e-02,2.284466e-03
1.557547e-02,2.250380e-02,2.221995e-02,5.670650e-03,1.118065e-01,1.217605e-02,4.252729e-03,7.149743e-02,1.517963e-01,1.026307e-03,3.021668e-01,7.608899e-02,1.859721e-01,1.470881e-02,2.538160e-03
2.033116e-02,3.257204e-02,2.117634e-02,7.847033e-03,9.174539e-02,1.981061e-02,3.257432e-03,1.491853e-01,1.964972e-01,1.105327e-03,2.190074e-01,6.286786e-02,1.613152e-01,1.068815e-02,2.593490e-03
2.929895e-02,3.517845e-02,1.739455e-02,7.224763e-03,9.677996e-02,3.453978e-02,3.414658e-03,1.491779e-01,2.627290e-01,1.227877e-03,1.635324e-01,5.428373e-02,1.338116e-01,7.801375e-03,3.604961e-03
3.280406e-02,3.508475e-02,7.923733e-02,1.623446e-02,8.736220e-02,3.005897e-02,2.706795e-03,1.799910e-01,2.633173e-01,1.935066e-03,1.175791e-01,4.357770e-02,1.004332e-01,5.737739e-03,3.940390e-03
3.720683e-02,4.112238e-02,7.447619e-02,1.717107e-02,7.020719e-02,3.053338e-02,2.424246e-03,1.792487e-01,3.153117e-01,3.247577e-03,9.000352e-02,4.643157e-02,8.239241e-02,4.808428e-03,5.414806e-03
2.945059e-02,4.116609e-02,5.380513e-02,2.216511e-02,5.047845e-02,2.252832e-02,1.740306e-03,1.283320e-01,2.924510e-01,3.725787e-03,1.720369e-01,6.622094e-02,9.968196e-02,7.558843e-03,8.658628e-03
2.365724e-02,3.558906e-02,4.022973e-02,1.974059e-02,3.793664e-02,1.697052e-02,1.250298e-03,9.086830e-02,2.518231e-01,4.745577e-03,1.705232e-01,5.245332e-02,1.177726e-01,5.530497e-02,8.113485e-02
1.826570e-02,2.966839e-02,3.264083e-02,1.606045e-02,3.034738e-02,1.347886e-02,9.166543e-04,6.624386e-02,2.670891e-01,5.126521e-03,1.759864e-01,4.079663e-02,1.043438e-01,6.426567e-02,1.347697e-01
1.458096e-02,2.614133e-02,3.577852e-02,2.050937e-02,2.203257e-02,9.927481e-03,6.852568e-04,4.719266e-02,4.323196e-01,4.883992e-03,1.267305e-01,2.884789e-02,7.452073e-02,4.831604e-02,1.075330e-01
1.380360e-02,2.869081e-02,3.317187e-02,1.758917e-02,1.673117e-02,9.421158e-03,5.916395e-04,3.396791e-02,5.103619e-01,1.138878e-02,9.578921e-02,2.079040e-02,5.372293e-02,4.738682e-02,1.065926e-01
