1.000000e+00,0.000000e+00,0.000000e+00,0.000000e+00,0.000000e+00,0.000000e+00,0.000000e+00,0.000000e+00,0.000000e+00,0.000000e+00,0.000000e+00,0.000000e+00,0.000000e+00,0.000000e+00,0.000000e+00
1.000000e+00,0.000000e+00,0.000000e+00,0.000000e+00,0.000000e+00,0.000000e+00,0.000000e+00,0.000000e+00,0.000000e+00,0.000000e+00,0.000000e+00,0.000000e+00,0.000000e+00,0.000000e+00,0.000000e+00
1.000000e+00,0.000000e+00,0.000000e+00,0.000000e+00,0.000000e+00,0.000000e+00,0.000000e+00,0.000000e+00,0.000000e+00,0.000000e+00,0.000000e+00,0.000000e+00,0.000000e+00,0.000000e+00,0.000000e+00
1.000000e+00,0.000000e+00,0.000000e+00,0.000000e+00,0.000000e+00,0.000000e+00,0.000000e+00,0.000000e+00,0.000000e+00,0.000000e+00,0.000000e+00,0.000000e+00,0.000000e+00,0.000000e+00,0.000000e+00
1.000000e+00,0.000000e+00,0.000000e+00,0.000000e+00,0.000000e+00,0.000000e+00,0.000000e+00,0.000000e+00,0.000000e+00,0.000000e+00,0.000000e+00,0.000000e+00,0.000000e+00,0.000000e+00,0.000000e+00
1.000000e+00,0.000000e+00,0.000000e+00,0.000000e+00,0.000000e+00,0.000000e+00,0.000000e+00,0.000000e+00,0.000000e+00,0.000000e+00,0.000000e+00,0.000000e+00,0.000000e+00,0.000000e+00,0.000000e+00
1.000000e+00,0.000000e+00,0.000000e+00,0.000000e+00,0.000000e+00,0.000000e+00,0.000000e+00,0.000000e+00,0.000000e+00,0.000000e+00,0.000000e+00,0.000000e+00,0.000000e+00,0.000000e+00,0.000000e+00
1.000000e+00,0.000000e+00,0.000000e+00,0.000000e+00,0.000000e+00,0.000000e+00,0.000000e+00,0.000000e+00,0.000000e+00,0.000000e+00,0.000000e+00,0.000000e+00,0.000000e+00,0.000000e+00,0.000000e+00
1.000000e+00,0.000000e+00,0.000000e+00,0.000000e+00,0.000000e+00,0.000000e+00,0.000000e+00,0.000000e+00,0.000000e+00,0.000000e+00,0.000000e+00,0.000000e+00,0.000000e+00,0.000000e+00,0.000000e+00
1.000000e+00,0.000000e+00,0.000000e+00,0.000000e+00,0.000000e+00,0.000000e+00,0.000000e+00,0.000000e+00,0.000000e+00,0.000000e+00,0.000000e+00,0.000000e+00,0.000000e+00,0.000000e+00,0.000000e+00
1.000000e+00,0.000000e+00,0.000000e+00,0.000000e+00,0.000000e+00,0.000000e+00,0.000000e+00,0.000000e+00,0.000000e+00,0.000000e+00,0.000000e+00,0.000000e+00,0.000000e+00,0.000000e+00,0.000000e+00
1.000000e+00,0.000000e+00,0.000000e+00,0.000000e+00,0.000000e+00,0.000000e+00,0.000000e+00,0.000000e+00,0.000000e+00,0.000000e+00,0.000000e+00,0.000000e+00,0.000000e+00,0.000000e+00,0.000000e+00
1.000000e+00,0.000000e+00,0.000000e+00,0.000000e+00,0.000000e+00,0.000000e+00,0.000000e+00,0.000000e+00,0.000000e+00,0.000000e+00,0.000000e+00,0.000000e+00,0.000000e+00,0.000000e+00,0.000000e+00
1.000000e+00,0.000000e+00,0.000000e+00,0.000000e+00,0.000000e+00,0.000000e+00,0.000000e+00,0.000000e+00,0.000000e+00,0.000000e+00,0.000000e+00,0.000000e+00,0.000000e+00,0.000000e+00,0.000000e+00
1.000000e+00,0.000000e+00,0.000000e+00,0.000000e+00,0.000000e+00,0.000000e+00,0.000000e+00,0.000000e+00,0.000000e+00,0.000000e+00,0.000000e+00,0.000000e+00,0.000000e+00,0.000000e+00,0.000000e+00
1.000000e+00,0.000000e+00,0.000000e+00,0.000000e+00,0.000000e+00,0.000000e+00,0.000000e+00,0.000000e+00,0.000000e+00,0.000000e+00,0.000000e+00,0.000000e+00,0.000000e+00,0.000000e+00,0.000000e+00
1.000000e+00,0.000000e+00,0.000000e+00,0.000000e+00,0.000000e+00,0.000000e+00,0.000000e+00,0.000000e+00,0.000000e+00,0.000000e+00,0.000000e+00,0.000000e+00,0.000000e+00,0.000000e+00,0.000000e+00
1.000000e+00,0.000000e+00,0.000000e+00,0.000000e+00,0.000000e+00,0.000000e+00,0.000000e+00,0.000000e+00,0.000000e+00,0.000000e+00,0.000000e+00,0.000000e+00,0.000000e+00,0.000000e+00,0.000000e+00
1.000000e+00,0.000000e+00,0.000000e+00,0.000000e+00,0.000000e+00,0.000000e+00,0.000000e+00,0.000000e+00,0.000000e+00,0.000000e+00,0.000000e+00,0.000000e+00,0.000000e+00,0.000000e+00,0.000000e+00
1.000000e+00,0.000000e+00,0.000000e+00,0.000000e+00,0.000000e+00,0.000000e+00,0.000000e+00,0.000000e+00,0.000000e+00,0.000000e+00,0.000000e+00,0.000000e+00,0.000000e+00,0.000000e+00,0.000000e+00
1.000000e+00,0.000000e+00,0.000000e+00,0.000000e+00,0.000000e+00,0.000000e+00,0.000000e+00,0.000000e+00,0.000000e+00,0.000000e+00,0.000000e+00,0.000000e+00,0.000000e+00,0.000000e+00,0.000000e+00
1.000000e+00,0.000000e+00,0.000000e+00,0.000000e+00,0.000000e+00,0.000000e+00,0.000000e+00,0.000000e+00,0.000000e+00,0.000000e+00,0.000000e+00,0.000000e+00,0.000000e+00,0.000000e+00,0.000000e+00
1.000000e+00,0.000000e+00,0.000000e+00,0.000000e+00,0.000000e+00,0.000000e+00,0.000000e+00,0.000000e+00,0.000000e+00,0.000000e+00,0.000000e+00,0.000000e+00,0.000000e+00,0.000000e+00,0.000000e+00
1.000000e+00,0.000000e+00,0.000000e+00,0.000000e+00,0.000000e+00,0.000000e+00,0.000000e+00,0.000000e+00,0.000000e+00,0.000000e+00,0.000000e+00,0.000000e+00,0.000000e+00,0.000000e+00,0.000000e+00
1.000000e+00,0.000000e+00,0.000000e+00,0.000000e+00,0.000000e+00,0.000000e+00,0.000000e+00,0.000000e+00,0.000000e+00,0.000000e+00,0.000000e+00,0.000000e+00,0.000000e+00,0.000000e+00,0.000000e+00
1.000000e+00,0.000000e+00,0.000000e+00,0.000000e+00,0.000000e+00,0.000000e+00,0.000000e+00,0.000000e+00,0.000000e+00,0.000000e+00,0.000000e+00,0.000000e+00,0.000000e+00,0.000000e+00,0.000000e+00
1.000000e+00,0.000000e+00,0.000000e+00,0.000000e+00,0.000000e+00,0.000000e+00,0.000000e+00,0.000000e+00,0.000000e+00,0.000000e+00,0.000000e+00,0.000000e+00,0.000000e+00,0.000000e+00,0.000000e+00
1.000000e+00,0.000000e+00,0.000000e+00,0.000000e+00,0.000000e+00,0.000000e+00,0.000000e+00,0.000000e+00,0.000000e+00,0.000000e+00,0.000000e+00,0.000000e+00,0.000000e+00,0.000000e+00,0.000000e+00
1.000000e+00,0.000000e+00,0.000000e+00,0.000000e+00,0.000000e+00,0.000000e+00,0.000000e+00,0.000000e+00,0.000000e+00,0.000000e+00,0.000000e+00,0.000000e+00,0.000000e+00,0.000000e+00,0.000000e+00
1.000000e+00,0.000000e+00,0.000000e+00,0.000000e+00,0.000000e+00,0.000000e+00,0.000000e+00,0.000000e+00,0.000000e+00,0.000000e+00,0.000000e+00,0.000000e+00,0.000000e+00,0.000000e+00,0.000000e+00
1.000000e+00,0.000000e+00,0.000000e+00,0.000000e+00,0.000000e+00,0.000000e+00,0.000000e+00,0.000000e+00,0.000000e+00,0.000000e+00,0.000000e+00,0.000000e+00,0.000000e+00,0.000000e+00,0.000000e+00
1.000000e+00,0.000000e+00,0.000000e+00,0.000000e+00,0.000000e+00,0.000000e+00,0.000000e+00,0.000000e+00,0.000000e+00,0.000000e+00,0.000000e+00,0.000000e+00,0.000000e+00,0.000000e+00,0.000000e+00
1.000000e+00,0.000000e+00,0.000000e+00,0.000000e+00,0.000000e+00,0.000000e+00,0.000000e+00,0.000000e+00,0.000000e+00,0.000000e+00,0.000000e+00,0.000000e+00,0.000000e+00,0.000000e+00,0.000000e+00
1.000000e+00,0.000000e+00,0.000000e+00,0.000000e+00,0.000000e+00,0.000000e+00,0.000000e+00,0.000000e+00,0.000000e+00,0.000000e+00,0.000000e+00,0.000000e+00,0.000000e+00,0.000000e+00,0.000000e+00
1.000000e+00,0.000000e+00,0.000000e+00,0.000000e+00,0.000000e+00,0.000000e+00,0.000000e+00,0.000000e+00,0.000000e+00,0.000000e+00,0.000000e+00,0.000000e+00,0.000000e+00,0.000000e+00,0.000000e+00
4.761360e-01,5.057044e-02,2.074258e-02,1.426144e-01,2.348323e-02,3.714953e-02,1.781516e-02,3.921903e-02,2.600271e-02,4.383245e-03,1.885143e-02,8.353196e-02,2.346347e-02,3.131893e-03,3.290493e-02
4.282113e-01,5.653437e-02,1.964422e-02,1.658151e-01,2.559044e-02,3.658659e-02,1.674887e-02,3.602274e-02,2.901896e-02,4.653797e-03,1.912576e-02,9.488820e-02,2.787519e-02,3.181248e-03,3.610325e-02
4.269286e-01,5.531080e-02,1.673127e-02,1.599094e-01,2.522727e-02,3.529506e-02,1.569011e-02,3.129724e-02,2.929812e-02,4.402531e-03,1.826713e-02,1.044733e-01,3.784619e-02,3.564858e-03,3.575810e-02
4.249991e-01,5.180937e-02,1.443611e-02,1.473456e-01,2.346848e-02,3.580349e-02,1.470945e-02,2.753180e-02,2.953570e-02,4.257265e-03,1.765934e-02,1.191298e-01,5.002928e-02,4.010103e-03,3.527507e-02
4.151368e-01,5.217946e-02,1.291319e-02,1.343886e-01,2.246057e-02,3.873962e-02,1.333687e-02,2.410573e-02,2.851581e-02,4.453200e-03,1.776431e-02,1.309966e-01,6.232538e-02,4.665051e-03,3.801888e-02
4.729415e-01,4.841805e-02,1.309723e-02,1.130452e-01,2.041051e-02,3.712504e-02,1.201415e-02,2.087720e-02,2.516345e-02,4.316772e-03,1.614187e-02,1.137172e-01,6.179003e-02,4.840118e-03,3.610162e-02
1.000000e+00,0.000000e+00,0.000000e+00,0.000000e+00,0.000000e+00,0.000000e+00,0.000000e+00,0.000000e+00,0.000000e+00,0.000000e+00,0.000000e+00,0.000000e+00,0.000000e+00,0.000000e+00,0.000000e+00
1.000000e+00,0.000000e+00,0.000000e+00,0.000000e+00,0.000000e+00,0.000000e+00,0.000000e+00,0.000000e+00,0.000000e+00,0.000000e+00,0.000000e+00,0.000000e+00,0.000000e+00,0.000000e+00,0.000000e+00
1.000000e+00,0.000000e+00,0.000000e+00,0.000000e+00,0.000000e+00,0.000000e+00,0.000000e+00,0.000000e+00,0.000000e+00,0.000000e+00,0.000000e+00,0.000000e+00,0.000000e+00,0.000000e+00,0.000000e+00
1.000000e+00,0.000000e+00,0.000000e+00,0.000000e+00,0.000000e+00,0.000000e+00,0.000000e+00,0.000000e+00,0.000000e+00,0.000000e+00,0.000000e+00,0.000000e+00,0.000000e+00,0.000000e+00,0.000000e+00
1.000000e+00,0.000000e+00,0.000000e+00,0.000000e+00,0.000000e+00,0.000000e+00,0.000000e+00,0.000000e+00,0.000000e+00,0.000000e+00,0.000000e+00,0.000000e+00,0.000000e+00,0.000000e+00,0.000000e+00
1.000000e+00,0.000000e+00,0.000000e+00,0.000000e+00,0.000000e+00,0.000000e+00,0.000000e+00,0.000000e+00,0.000000e+00,0.000000e+00,0.000000e+00,0.000000e+00,0.000000e+00,0.000000e+00,0.000000e+00
1.000000e+00,0.000000e+00,0.000000e+00,0.000000e+00,0.000000e+00,0.000000e+00,0.000000e+00,0.000000e+00,0.000000e+00,0.000000e+00,0.000000e+00,0.000000e+00,0.000000e+00,0.000000e+00,0.000000e+00
1.000000e+00,0.000000e+00,0.000000e+00,0.000000e+00,0.000000e+00,0.000000e+00,0.000000e+00,0.000000e+00,0.000000e+00,0.000000e+00,0.000000e+00,0.000000e+00,0.000000e+00,0.000000e+00,0.000000e+00
1.000000e+00,0.000000e+00,0.000000e+00,0.000000e+00,0.000000e+00,0.000000e+00,0.000000e+00,0.000000e+00,0.000000e+00,0.000000e+00,0.000000e+00,0.000000e+00,0.000000e+00,0.000000e+00,0.000000e+00
1.000000e+00,0.000000e+00,0.000000e+00,0.000000e+00,0.000000e+00,0.000000e+00,0.000000e+00,0.000000e+00,0.000000e+00,0.000000e+00,0.000000e+00,0.000000e+00,0.000000e+00,0.000000e+00,0.000000e+00
1.000000e+00,0.000000e+00,0.000000e+00,0.000000e+00,0.000000e+00,0.000000e+00,0.000000e+00,0.000000e+00,0.000000e+00,0.000000e+00,0.000000e+00,0.000000e+00,0.000000e+00,0.000000e+00,0.000000e+00
4.448978e-01,1.529428e-02,5.460297e-03,2.145781e-01,3.480223e-03,2.112588e-02,2.237586e-03,8.955630e-03,1.488496e-02,3.700734e-03,3.311631e-02,1.899273e-01,1.546155e-02,2.870351e-03,2.400893e-02
3.261605e-01,1.197711e-02,4.324496e-03,2.155209e-01,3.762581e-03,1.949184e-02,1.678458e-03,6.535037e-03,1.575077e-02,3.208649e-03,6.843220e-02,2.901947e-01,1.244158e-02,2.204454e-03,1.831669e-02
2.397985e-01,8.911775e-03,3.093612e-03,1.674140e-01,4.047462e-03,2.302017e-02,1.285026e-03,4.727787e-03,3.352775e-02,2.741608e-03,6.712218e-02,4.185952e-01,1.021911e-02,1.877406e-03,1.361840e-02
1.681302e-01,6.284578e-03,2.171140e-03,1.177114e-01,6.100900e-03,1.798539e-02,9.234630e-04,3.398805e-03,4.518827e-02,1.967778e-03,6.314787e-02,5.483944e-01,7.674280e-03,1.363579e-03,9.557965e-03
1.186888e-01,4.538783e-03,1.567844e-03,8.376177e-02,3.337471e-02,1.904413e-02,7.411163e-04,2.580211e-03,4.480936e-02,1.557042e-03,7.212675e-02,6.035428e-01,5.622740e-03,1.166838e-03,6.877104e-03
8.435565e-02,3.439099e-03,1.190795e-03,5.973312e-02,3.834336e-02,2.236256e-02,7.192467e-04,2.686711e-03,4.021314e-02,1.386000e-03,6.953324e-02,6.653777e-01,4.161858e-03,1.263046e-03,5.234478e-03
5.913023e-02,2.587344e-03,1.020723e-03,4.262204e-02,4.405433e-02,1.809846e-02,5.963996e-04,2.288507e-03,4.374123e-02,1.207051e-03,5.597671e-02,7.202761e-01,3.235641e-03,1.125268e-03,4.039983e-03
4.156842e-02,1.882051e-03,8.840112e-04,3.026852e-02,3.493156e-02,1.384626e-02,5.567866e-04,2.875748e-03,3.481457e-02,9.730099e-04,4.497201e-02,7.847760e-01,2.782058e-03,1.815477e-03,3.053497e-03
2.914114e-02,1.351479e-03,7.558439e-04,2.125248e-02,3.977858e-02,9.836306e-03,6.368082e-04,2.529399e-03,3.618582e-02,7.971206e-04,3.324398e-02,8.175423e-01,3.108290e-03,1.687849e-03,2.152639e-03
2.047576e-02,1.058576e-03,1.831978e-03,1.504723e-02,6.345367e-02,7.079138e-03,7.507884e-04,5.879509e-03,5.563311e-02,7.641378e-04,2.545622e-02,7.959322e-01,3.673249e-03,1.437462e-03,1.526988e-03
1.458434e-02,8.284688e-04,1.799573e-03,1.059376e-02,6.291676e-02,6.586252e-03,8.521553e-04,6.122580e-03,5.279466e-02,7.462534e-04,1.896827e-02,8.171017e-01,3.307955e-03,1.717483e-03,1.079719e-03
1.033189e-02,6.471130e-04,1.446405e-03,7.448623e-03,5.333072e-02,5.772757e-03,7.826184e-04,5.092731e-03,5.726500e-02,6.459943e-04,1.460367e-02,8.374076e-01,3.051890e-03,1.410881e-03,7.620392e-04
7.297932e-03,4.821288e-04,1.103279e-03,5.245885e-03,7.904506e-02,4.225582e-03,7.274869e-04,3.904171e-03,8.350907e-02,4.957010e-04,1.159365e-02,7.976383e-01,3.174585e-03,1.019964e-03,5.371826e-04
5.183944e-03,5.462281e-04,3.823269e-03,3.712100e-03,9.471397e-02,3.789896e-03,7.327383e-04,3.872555e-03,7.958366e-02,6.439271e-04,8.981542e-03,7.899050e-01,3.299943e-03,8.175145e-04,3.936725e-04
3.769996e-03,4.684527e-04,3.936708e-03,2.639682e-03,1.425695e-01,3.684025e-03,1.716644e-03,5.033667e-03,9.225878e-02,6.664288e-04,7.686240e-03,7.309072e-01,3.690189e-03,6.815779e-04,2.908779e-04
4.644201e-03,1.286973e-03,1.873207e-02,1.934577e-03,2.322869e-01,4.688296e-03,5.851882e-03,1.915866e-02,1.218850e-01,1.388887e-03,8.006691e-03,5.736880e-01,5.314497e-03,8.104103e-04,3.229244e-04
5.046228e-03,3.186614e-03,4.715426e-02,1.497074e-03,2.709606e-01,6.742669e-03,6.955123e-03,2.405114e-02,1.977787e-01,1.730458e-03,7.493724e-03,4.208164e-01,5.418631e-03,8.103370e-04,3.579945e-04
9.663527e-03,3.218966e-03,8.049791e-02,1.346384e-03,2.623804e-01,1.004894e-02,6.949784e-03,1.251304e-01,1.819223e-01,2.182023e-03,6.825428e-03,3.026641e-01,5.926566e-03,8.812478e-04,3.620457e-04
1.475259e-02,3.556828e-03,1.598034e-01,2.258789e-03,3.037475e-01,1.507372e-02,7.886127e-03,1.211881e-01,1.438615e-01,1.899280e-03,5.653548e-03,2.139712e-01,4.826375e-03,9.476742e-04,5.733596e-04
2.096001e-02,6.213545e-03,2.071534e-01,4.129530e-03,2.904923e-01,1.883473e-02,6.528944e-03,1.517717e-01,1.277114e-01,1.853347e-03,5.323661e-03,1.524276e-01,4.510674e-03,1.021328e-03,1.067809e-03
2.208281e-02,6.783301e-03,1.818628e-01,4.912148e-03,3.101090e-01,3.155460e-02,9.437334e-03,1.885787e-01,1.228005e-01,3.145540e-03,4.409101e-03,1.074999e-01,4.191209e-03,1.119567e-03,1.513489e-03
3.055298e-02,7.962925e-03,2.205311e-01,4.865219e-03,2.839161e-01,3.470617e-02,9.885062e-03,1.986832e-01,1.153740e-01,4.746712e-03,3.573892e-03,7.702918e-02,4.193322e-03,1.700192e-03,2.279894e-03
4.099392e-02,1.112707e-02,2.281136e-01,5.293523e-03,3.050088e-01,3.129450e-02,1.735801e-02,1.780449e-01,1.105906e-01,4.516250e-03,3.970098e-03,5.513959e-02,3.792303e-03,2.618191e-03,2.138727e-03
6.351338e-02,1.345378e-02,2.268022e-01,5.994103e-03,3.257964e-01,2.548258e-02,1.600877e-02,1.668354e-01,9.763765e-02,4.375214e-03,4.823251e-03,4.074236e-02,3.107303e-03,3.417154e-03,2.010461e-03
8.143319e-02,1.388316e-02,2.193730e-01,6.602747e-03,3.585653e-01,2.148885e-02,1.368890e-02,1.546563e-01,8.127472e-02,3.991837e-03,5.459005e-03,3.110269e-02,2.554586e-03,3.678088e-03,2.247593e-03
6.450835e-02,4.685742e-02,1.623234e-01,1.725308e-01,3.162952e-01,1.553479e-02,9.734899e-03,1.140394e-01,5.833797e-02,3.600470e-03,4.595561e-03,2.355181e-02,2.284866e-03,2.643152e-03,3.161977e-03
4.572970e-02,4.421747e-02,1.166787e-01,3.539893e-01,2.318810e-01,1.099126e-02,6.835742e-03,7.994329e-02,4.148958e-02,2.916006e-03,3.816124e-02,1.757769e-02,5.321291e-03,1.886950e-03,2.380747e-03
3.334251e-02,3.336162e-02,8.354555e-02,4.023405e-01,2.331937e-01,8.210886e-03,4.882619e-03,5.604963e-02,3.023337e-02,2.736616e-03,4.479538e-02,2.453220e-02,3.952476e-02,1.383787e-03,1.866841e-03
2.389356e-02,2.373734e-02,5.900183e-02,2.995093e-01,1.686288e-01,6.396758e-03,3.487486e-03,3.928154e-02,2.178221e-02,2.256265e-03,5.938303e-02,1.088762e-01,1.805486e-01,1.678036e-03,1.538988e-03
1.695532e-02,1.678616e-02,4.166789e-02,2.118975e-01,1.191389e-01,4.892722e-03,2.493279e-03,2.752218e-02,1.588356e-02,1.857988e-03,5.018125e-02,2.702173e-01,2.178538e-01,1.486248e-03,1.165868e-03
1.206824e-02,1.176255e-02,2.920632e-02,1.484206e-01,8.400206e-02,3.536560e-03,1.760012e-03,1.927131e-02,1.250031e-02,1.733668e-03,3.736462e-02,4.528224e-01,1.835168e-01,1.183841e-03,8.506285e-04
8.558272e-03,8.250205e-03,2.047680e-02,1.039243e-01,5.916614e-02,2.544061e-03,1.239828e-03,1.349564e-02,1.066660e-02,1.729767e-03,2.742917e-02,5.993439e-01,1.416446e-01,9.163938e-04,6.143145e-04
6.064183e-03,5.805273e-03,1.433744e-02,7.277062e-02,4.177816e-02,1.886018e-03,9.105298e-04,9.477702e-03,2.921689e-02,1.844170e-03,2.083657e-02,6.859841e-01,1.078762e-01,7.507987e-04,4.613074e-04
4.257699e-03,4.128996e-03,1.004088e-02,5.094288e-02,2.942094e-02,1.381975e-03,7.046927e-04,6.647914e-03,7.123572e-02,1.501945e-03,1.569645e-02,7.233417e-01,7.980103e-02,5.510809e-04,3.460118e-04
3.029404e-03,3.543386e-03,7.074901e-03,3.567189e-02,2.119227e-02,1.129549e-03,5.840060e-04,4.706446e-03,1.699435e-01,1.340489e-03,1.168892e-02,6.800928e-01,5.930998e-02,4.222809e-04,2.701583e-04
2.165404e-03,4.001429e-03,5.020749e-03,2.498113e-02,1.645728e-02,1.242543e-03,1.039118e-03,4.092760e-03,3.557323e-01,1.200901e-03,8.492310e-03,5.323739e-01,4.268778e-02,3.109815e-04,2.013465e-04
1.605741e-03,3.904476e-03,3.527071e-03,1.749193e-02,1.234750e-02,2.416231e-03,1.104160e-03,3.306284e-03,5.138147e-01,1.003042e-03,6.167565e-03,4.022933e-01,3.063655e-02,2.265400e-04,1.549627e-04
1.210799e-03,3.769304e-03,2.494410e-03,1.225504e-02,1.079984e-02,9.723842e-03,1.248570e-03,2.557562e-03,6.343125e-01,9.459226e-04,4.673774e-03,2.933266e-01,2.237267e-02,1.760899e-04,1.330140e-04
1.103229e-03,3.314662e-03,1.776603e-03,8.644541e-03,1.222076e-02,1.646926e-02,1.148676e-03,1.844185e-03,7.231956e-01,1.170086e-03,3.695673e-03,2.080711e-01,1.695219e-02,1.490124e-04,2.443577e-04
1.290758e-03,3.495596e-03,1.296201e-03,6.250871e-03,1.643700e-02,2.390569e-02,9.662033e-04,1.400107e-03,7.773666e-01,1.356375e-03,3.254143e-03,1.488836e-01,1.357424e-02,1.326113e-04,3.899378e-04
3.288241e-03,4.573624e-03,1.209563e-03,6.941382e-03,5.560650e-02,2.797561e-02,1.819186e-03,1.839676e-03,7.732811e-01,1.745225e-03,2.751838e-03,1.049672e-01,1.303194e-02,1.373092e-04,8.315364e-04
5.767761e-03,5.710904e-03,1.431110e-03,7.461790e-03,9.605315e-02,2.838751e-02,3.291032e-03,9.242143e-03,7.515368e-01,2.080876e-03,2.346125e-03,7.449652e-02,1.098305e-02,1.453268e-04,1.065794e-03
9.412279e-03,6.598034e-03,3.739998e-03,1.349860e-02,1.091401e-01,3.281873e-02,5.266549e-03,4.021423e-02,7.079750e-01,3.647389e-03,2.009902e-03,5.295942e-02,9.808838e-03,1.371083e-04,2.773849e-03
1.988893e-02,7.476524e-03,7.820010e-03,4.648501e-02,1.670972e-01,2.561461e-02,6.648577e-03,6.019911e-02,6.068915e-01,3.066250e-03,1.626923e-03,3.728085e-02,7.143068e-03,1.207836e-04,2.640624e-03
4.957835e-02,2.179155e-02,8.860000e-03,1.391662e-01,1.979338e-01,3.364675e-02,6.651891e-03,4.378467e-02,4.549315e-01,3.661204e-03,2.652763e-03,2.628720e-02,5.367488e-03,1.478916e-04,5.538742e-03
3.811629e-02,2.827455e-02,2.771501e-02,2.820897e-01,1.943440e-01,2.401006e-02,5.280229e-03,3.315962e-02,3.271874e-01,4.731960e-03,2.970967e-03,1.868491e-02,4.267585e-03,1.312957e-04,9.036347e-03
4.557270e-02,2.622622e-02,2.418094e-02,2.622043e-01,2.358541e-01,2.542579e-02,8.691009e-03,7.418849e-02,2.650449e-01,3.588594e-03,3.842739e-03,1.348405e-02,4.043999e-03,2.243679e-04,7.427783e-03
5.022795e-02,1.923700e-02,1.859215e-02,1.899039e-01,2.438532e-01,2.382267e-02,1.063294e-02,2.121207e-01,2.061306e-01,2.663736e-03,3.950790e-03,9.601192e-03,3.660242e-03,1.943579e-04,5.408519e-03
4.006728e-02,1.361452e-02,1.338578e-02,1.340300e-01,1.756722e-01,1.774744e-02,9.147810e-03,4.327243e-01,1.447449e-01,1.950454e-03,3.404474e-03,6.776372e-03,2.707595e-03,1.445515e-04,3.882315e-03
4.065329e-02,1.086276e-02,1.077276e-02,9.668052e-02,1.329021e-01,1.584458e-02,1.254365e-02,5.535011e-01,1.029877e-01,2.519963e-03,8.038482e-03,5.303634e-03,3.801502e-03,1.604249e-04,3.427475e-03
3.674034e-02,8.559982e-03,1.045846e-02,6.895347e-02,9.621105e-02,1.526782e-02,1.089557e-02,6.535976e-01,7.314820e-02,2.421921e-03,9.469462e-03,4.680132e-03,6.252234e-03,2.848887e-04,3.058796e-03
3.299876e-02,7.073650e-03,8.700412e-03,5.028969e-02,6.911600e-02,1.541801e-02,7.904200e-03,7.226210e-01,5.250582e-02,2.090775e-03,1.238426e-02,5.409085e-03,1.029569e-02,6.238170e-04,2.568782e-03
2.528586e-02,6.614601e-03,8.179240e-03,3.712929e-02,5.074917e-02,1.942264e-02,5.915283e-03,6.944515e-01,3.832915e-02,2.999285e-02,2.143028e-02,1.899614e-02,3.704609e-02,2.962970e-03,3.494974e-03
1.932594e-02,5.213581e-03,7.567009e-03,2.640384e-02,3.605656e-02,1.651283e-02,4.262866e-03,5.354277e-01,2.930895e-02,1.614854e-01,4.820896e-02,2.300559e-02,7.331565e-02,6.290534e-03,7.614563e-03
1.529730e-02,4.380073e-03,6.784869e-03,1.974580e-02,2.605746e-02,1.482385e-02,3.043681e-03,4.012308e-01,2.609377e-02,2.682352e-01,6.577601e-02,2.272973e-02,1.065587e-01,8.286841e-03,1.095590e-02
1.214904e-02,3.765957e-03,6.333291e-03,1.608627e-02,1.915407e-02,1.452206e-02,2.421723e-03,2.916546e-01,2.321574e-02,3.649127e-01,6.905130e-02,2.109577e-02,1.323605e-01,6.553126e-03,1.672387e-02
1.124170e-02,3.203015e-03,5.433858e-03,1.296771e-02,1.668203e-02,1.627083e-02,2.270733e-03,2.153208e-01,2.099233e-02,4.602947e-01,6.758219e-02,1.870153e-02,1.230206e-01,5.754269e-03,2.026356e-02
2.735189e-02,3.445285e-03,4.708544e-03,1.639344e-02,1.678188e-02,2.270947e-02,2.651513e-03,1.704202e-01,2.127467e-02,4.242898e-01,6.946974e-02,2.828269e-02,1.270791e-01,6.172772e-03,5.896889e-02
7.999662e-02,5.459926e-03,6.060468e-03,3.463635e-02,2.084946e-02,4.170381e-02,3.281825e-03,1.376354e-01,3.316584e-02,3.656664e-01,6.002165e-02,4.195369e-02,1.124716e-01,4.908610e-03,5.218823e-02
1.530823e-01,5.179054e-03,6.089596e-03,4.294649e-02,2.496669e-02,4.820627e-02,3.858331e-03,1.130137e-01,3.990017e-02,2.906442e-01,6.286400e-02,4.522846e-02,1.026212e-01,4.331303e-03,5.706825e-02
1.289998e-01,4.153344e-03,5.917530e-03,3.714137e-02,2.163381e-02,4.181942e-02,3.075113e-03,8.184737e-02,5.042133e-02,3.043200e-01,8.467157e-02,5.744860e-02,9.298950e-02,4.454195e-03,8.110700e-02
9.924829e-02,3.757235e-03,1.043551e-02,2.746856e-02,2.049035e-02,3.027046e-02,2.557091e-03,5.956671e-02,7.911962e-02,3.595764e-01,8.461354e-02,5.060882e-02,8.727995e-02,3.800274e-03,8.120720e-02
7.475018e-02,2.844571e-03,8.653525e-03,1.962486e-02,1.502754e-02,2.477548e-02,1.934070e-03,4.299212e-02,6.197638e-02,5.005628e-01,6.234456e-02,3.666618e-02,6.320215e-02,3.860513e-03,8.078511e-02
8.282992e-02,4.137145e-03,3.881021e-02,3.045601e-02,1.454230e-02,3.158087e-02,1.716183e-03,6.170442e-02,5.779599e-02,4.698853e-01,5.205597e-02,3.722472e-02,5.324069e-02,3.538189e-03,6.048211e-02
8.100314e-02,4.604380e-03,3.592326e-02,2.670423e-02,1.897200e-02,5.119307e-02,1.422707e-03,6.583256e-02,4.720639e-02,5.014375e-01,4.082321e-02,3.529441e-02,4.210328e-02,3.270314e-03,4.420955e-02
7.049356e-02,5.583574e-03,3.125598e-02,2.118118e-02,1.588064e-02,5.112100e-02,1.340835e-03,5.628420e-02,3.943942e-02,5.755293e-01,3.168796e-02,3.185305e-02,3.292513e-02,2.787459e-03,3.263677e-02
5.638214e-02,6.175574e-03,2.373689e-02,1.543637e-02,1.826593e-02,3.770120e-02,1.180306e-03,4.849957e-02,6.432848e-02,6.134216e-01,3.058171e-02,3.056663e-02,2.796590e-02,2.461324e-03,2.329638e-02
4.739979e-02,8.078118e-03,1.814559e-02,1.222106e-02,1.544862e-02,2.810042e-02,9.752961e-04,5.144651e-02,1.224179e-01,5.998693e-01,2.722038e-02,2.660199e-02,2.292137e-02,2.364138e-03,1.678955e-02
3.831179e-02,1.042651e-02,1.711835e-02,9.965960e-03,1.396802e-02,2.024757e-02,9.410912e-04,1.661391e-01,1.414365e-01,5.004004e-01,2.211287e-02,2.073466e-02,2.165646e-02,2.205554e-03,1.433524e-02
2.856956e-02,7.605858e-03,1.286259e-02,7.474793e-03,1.061230e-02,1.431517e-02,7.175310e-04,3.814401e-01,1.051247e-01,3.708166e-01,1.685101e-02,1.505671e-02,1.650472e-02,1.602655e-03,1.044563e-02
2.024943e-02,5.369651e-03,9.315705e-03,5.335896e-03,7.835068e-03,1.006256e-02,6.121525e-04,5.630353e-01,7.391768e-02,2.617284e-01,1.187809e-02,1.056149e-02,1.161005e-02,1.135504e-03,7.352959e-03
1.454609e-02,3.780982e-03,6.652649e-03,3.786262e-03,6.072830e-03,7.139751e-03,7.122447e-04,6.898563e-01,5.183582e-02,1.856029e-01,8.382984e-03,7.409325e-03,8.205171e-03,8.138164e-04,5.202807e-03
1.055978e-02,2.653161e-03,4.793053e-03,2.735392e-03,5.486122e-03,5.195512e-03,1.142199e-03,7.785258e-01,3.633260e-02,1.312815e-01,5.952316e-03,5.196362e-03,5.830380e-03,6.345619e-04,3.681236e-03
7.820695e-03,1.862783e-03,3.415567e-03,1.958837e-03,5.420690e-03,4.053904e-03,1.015433e-03,8.410136e-01,2.546137e-02,9.251364e-02,4.219771e-03,3.644180e-03,4.388156e-03,6.175194e-04,2.593922e-03
5.943877e-03,1.310943e-03,2.460204e-03,1.450788e-03,4.529933e-03,3.108664e-03,8.052582e-04,8.861824e-01,1.784150e-02,6.508513e-02,2.973296e-03,2.556189e-03,3.429696e-03,4.975281e-04,1.824650e-03
4.660787e-03,9.254050e-04,1.817653e-03,1.099768e-03,4.630928e-03,2.279333e-03,7.720061e-04,9.175931e-01,1.250358e-02,4.562283e-02,2.093051e-03,1.793754e-03,2.565217e-03,3.611760e-04,1.281463e-03
5.323688e-03,6.869370e-04,1.633183e-03,8.491697e-04,3.961578e-03,1.977793e-03,1.415134e-03,9.365352e-01,8.812778e-03,3.198951e-02,1.497323e-03,1.272170e-03,2.827133e-03,2.797300e-04,9.386450e-04
1.372747e-02,5.610415e-04,1.498063e-03,9.279737e-04,4.136555e-03,1.979133e-03,2.438253e-03,9.404247e-01,6.392401e-03,2.240713e-02,1.115875e-03,9.345323e-04,2.512709e-03,2.254563e-04,7.187063e-04
2.149185e-02,4.454544e-04,1.735792e-03,1.236400e-03,3.963730e-03,1.849368e-03,3.782775e-03,9.408219e-01,4.622028e-03,1.569689e-02,8.548261e-04,7.206068e-04,2.051557e-03,1.762484e-04,5.506072e-04
2.613409e-02,3.718339e-04,1.700433e-03,1.482944e-03,3.340727e-03,1.683808e-03,4.353408e-03,9.430867e-01,3.334336e-03,1.100325e-02,6.682163e-04,5.868034e-04,1.673760e-03,1.386681e-04,4.409834e-04
2.727286e-02,3.333577e-04,2.435419e-03,1.799893e-03,2.799259e-03,1.394247e-03,5.101680e-03,9.459168e-01,2.412391e-03,7.730939e-03,5.275647e-04,5.115491e-04,1.280202e-03,1.172942e-04,3.666109e-04
2.604868e-02,3.108596e-04,3.389279e-03,1.917462e-03,2.758264e-03,1.234665e-03,6.251087e-03,9.485144e-01,1.762905e-03,5.459539e-03,4.354135e-04,4.963795e-04,9.733160e-04,1.144173e-04,3.333979e-04
2.274978e-02,2.592049e-04,2.845203e-03,2.058751e-03,3.924653e-03,1.144677e-03,5.638019e-03,9.541921e-01,1.290749e-03,3.858210e-03,3.901286e-04,4.745651e-04,7.644307e-04,1.137813e-04,2.958512e-04
2.042005e-02,2.160007e-04,2.188999e-03,1.686350e-03,6.284687e-03,9.782098e-04,5.019865e-03,9.578096e-01,9.379318e-04,2.712458e-03,3.609276e-04,4.248482e-04,6.178379e-04,9.604912e-05,2.463410e-04
1.984384e-02,1.924979e-04,1.790001e-03,1.409818e-03,7.235009e-03,1.030566e-03,4.685184e-03,9.595280e-01,6.874906e-04,1.921691e-03,3.382640e-04,4.410341e-04,5.448854e-04,9.201321e-05,2.597784e-04
2.402066e-02,1.852935e-04,1.399871e-03,1.265972e-03,9.398891e-03,1.157223e-03,4.092543e-03,9.546227e-01,5.191790e-04,1.367908e-03,3.950422e-04,5.291627e-04,5.909405e-04,9.647693e-05,3.581675e-04
2.915501e-02,2.179164e-04,1.190820e-03,1.210288e-03,1.057773e-02,1.418820e-03,3.736189e-03,9.487584e-01,4.227892e-04,9.828024e-04,4.341179e-04,6.659137e-04,6.602394e-04,1.197408e-04,4.492328e-04
4.486541e-02,3.608057e-04,1.446719e-03,1.471948e-03,1.076475e-02,1.978467e-03,3.044494e-03,9.307920e-01,4.159785e-04,7.367882e-04,6.901943e-04,1.174536e-03,1.085819e-03,2.239726e-04,9.481830e-04
6.024826e-02,6.599272e-04,1.926990e-03,2.209430e-03,1.108227e-02,2.622804e-03,2.657379e-03,9.109851e-01,4.596012e-04,6.110138e-04,1.094933e-03,1.869664e-03,1.579826e-03,3.649701e-04,1.627881e-03
7.401243e-02,1.078012e-03,2.874982e-03,3.069923e-03,1.096167e-02,3.262717e-03,2.571170e-03,8.922095e-01,5.438048e-04,5.655643e-04,1.445868e-03,2.432943e-03,2.030419e-03,5.182697e-04,2.422671e-03
9.628160e-02,2.567488e-03,5.619932e-03,9.112761e-03,1.272405e-02,6.046978e-03,2.825970e-03,8.278401e-01,2.909303e-03,3.226832e-03,4.179043e-03,8.055787e-03,4.803389e-03,1.166789e-03,1.263990e-02
9.557555e-02,4.681580e-03,6.900769e-03,3.487068e-02,1.725954e-02,1.053678e-02,2.760571e-03,6.816418e-01,1.298947e-02,1.020946e-02,1.631616e-02,3.375148e-02,2.190360e-02,2.748236e-03,4.785436e-02
8.592159e-02,7.330012e-03,6.560324e-03,4.286817e-02,2.011621e-02,1.343829e-02,3.783399e-03,5.257670e-01,2.000947e-02,1.140101e-01,2.136606e-02,3.047218e-02,1.966931e-02,3.560094e-03,8.512783e-02
1.066743e-01,7.694118e-03,7.434142e-03,4.808469e-02,2.508840e-02,1.919158e-02,5.184145e-03,5.067118e-01,2.575494e-02,1.077143e-01,2.425260e-02,2.827640e-02,1.815174e-02,3.389117e-03,6.639782e-02
1.278143e-01,9.116942e-03,7.443044e-03,5.763080e-02,2.560304e-02,3.561409e-02,5.384196e-03,4.209316e-01,3.591023e-02,1.300240e-01,3.819819e-02,2.799937e-02,2.231305e-02,3.670686e-03,5.234655e-02
1.289445e-01,1.971516e-02,7.586897e-03,9.091024e-02,2.443464e-02,3.644612e-02,4.620399e-03,3.098410e-01,5.390390e-02,1.454190e-01,5.360675e-02,3.753287e-02,3.644536e-02,3.614898e-03,4.697827e-02
1.271825e-01,1.951279e-02,7.000474e-03,9.141879e-02,2.164898e-02,3.175662e-02,4.068930e-03,2.242496e-01,5.957570e-02,2.074555e-01,6.188189e-02,5.631804e-02,4.114472e-02,4.026883e-03,4.275857e-02
1.038628e-01,1.527126e-02,5.392320e-03,8.011878e-02,1.887124e-02,2.647505e-02,3.211953e-03,1.602739e-01,4.883867e-02,2.962330e-01,6.601518e-02,8.244885e-02,5.491731e-02,3.585405e-03,3.448429e-02
9.151697e-02,1.230902e-02,4.589003e-03,1.597624e-01,2.176248e-02,2.124400e-02,2.500190e-03,1.154514e-01,5.471624e-02,2.239391e-01,9.118322e-02,1.017575e-01,6.783050e-02,4.294816e-03,2.714322e-02
9.247255e-02,1.021165e-02,8.833485e-03,1.486548e-01,3.929426e-02,1.735340e-02,2.123230e-03,8.559385e-02,4.526874e-02,1.790646e-01,1.476005e-01,8.535741e-02,9.093814e-02,9.137110e-03,3.809631e-02
1.304168e-01,8.837421e-03,1.066120e-02,1.075145e-01,3.877895e-02,1.460100e-02,2.045067e-03,6.956012e-02,3.782753e-02,1.408114e-01,1.391797e-01,6.489534e-02,1.025738e-01,1.380051e-02,1.184967e-01
1.533776e-01,1.486248e-02,1.933782e-02,7.823616e-02,3.625466e-02,1.391267e-02,2.306940e-03,7.013579e-02,3.601632e-02,1.378058e-01,1.395297e-01,5.240360e-02,9.593009e-02,1.993018e-02,1.299602e-01
1.470423e-01,2.047642e-02,1.658184e-02,5.581699e-02,2.938942e-02,1.085128e-02,1.998834e-03,5.965871e-02,5.116633e-02,1.064552e-01,1.053378e-01,3.780358e-02,7.256573e-02,2.720652e-02,2.576492e-01
1.532683e-01,2.113967e-02,1.310424e-02,3.971508e-02,2.665689e-02,9.927995e-03,1.638760e-03,4.574570e-02,7.541176e-02,7.596636e-02,8.438211e-02,2.717395e-02,5.255029e-02,4.283840e-02,3.304805e-01
1.295635e-01,1.665698e-02,1.005529e-02,2.795856e-02,3.116399e-02,7.435810e-03,1.239568e-03,3.307528e-02,1.406557e-01,5.365755e-02,7.693157e-02,1.930851e-02,3.848438e-02,5.874327e-02,3.550701e-01
1.220846e-01,1.374066e-02,8.247569e-03,2.039122e-02,2.394702e-02,9.772075e-03,1.251258e-03,2.375567e-02,2.562644e-01,3.975147e-02,6.079633e-02,1.452849e-02,2.911885e-02,5.865821e-02,3.176922e-01
1.407933e-01,1.345427e-02,6.673377e-03,1.448811e-02,2.281234e-02,9.829062e-03,9.708970e-04,1.673451e-02,2.438778e-01,2.898617e-02,5.970394e-02,1.048073e-02,2.102368e-02,6.049652e-02,3.496752e-01
1.366088e-01,1.829126e-02,7.547066e-03,1.113138e-02,2.008184e-02,1.592452e-02,9.012991e-04,1.190699e-02,2.016800e-01,2.122473e-02,4.530496e-02,7.598870e-03,1.585201e-02,5.862117e-02,4.273250e-01
1.067012e-01,1.388375e-02,5.663914e-03,7.935216e-03,1.441339e-02,1.614029e-02,6.764612e-04,8.346112e-03,1.643243e-01,1.610703e-02,3.307558e-02,6.040306e-03,1.167109e-02,7.484344e-02,5.201779e-01
9.746063e-02,1.197132e-02,6.220428e-03,7.082937e-03,1.223615e-02,2.087633e-02,8.167833e-04,5.945543e-03,1.595887e-01,1.233474e-02,2.502916e-02,4.860184e-03,8.941382e-03,7.329616e-02,5.533395e-01
8.696991e-02,1.218752e-02,8.815229e-03,6.403742e-03,1.002051e-02,1.743326e-02,6.975463e-04,4.232175e-03,1.805321e-01,1.302485e-02,1.961739e-02,3.852356e-03,7.124031e-03,1.015316e-01,5.275578e-01
6.254411e-02,9.506856e-03,6.379639e-03,4.620203e-03,8.089524e-03,1.304996e-02,5.043843e-04,2.966396e-03,1.444661e-01,1.022085e-02,1.440491e-02,2.766375e-03,5.181938e-03,1.245249e-01,5.907738e-01
4.490516e-02,6.872423e-03,4.554485e-03,3.297164e-03,5.849636e-03,9.624036e-03,3.652465e-04,2.083294e-03,1.363229e-01,9.705327e-03,1.162923e-02,2.046695e-03,3.912801e-03,1.720999e-01,5.867317e-01
3.177118e-02,5.213171e-03,1.225114e-02,3.696389e-03,4.651822e-03,7.027295e-03,2.653560e-04,1.495966e-03,1.639245e-01,2.036150e-02,1.077582e-02,1.854241e-03,3.167306e-03,2.225599e-01,5.109845e-01
2.373693e-02,4.130216e-03,1.108854e-02,2.978253e-03,3.824549e-03,5.232217e-03,2.155257e-04,1.108848e-03,1.446081e-01,2.090383e-02,8.970506e-03,1.355554e-03,2.268654e-03,3.418636e-01,4.277146e-01
2.260710e-02,5.803261e-03,1.662066e-02,1.031791e-02,6.107867e-03,4.074670e-03,1.813777e-04,1.028722e-03,1.534907e-01,2.040813e-02,8.323945e-03,1.195543e-03,1.679247e-03,2.922938e-01,4.558671e-01
1.766621e-02,4.912147e-03,1.444772e-02,9.644573e-03,5.535832e-03,3.139894e-03,1.554033e-04,7.851726e-04,1.455773e-01,1.911011e-02,7.135711e-03,9.250657e-04,1.273895e-03,2.791521e-01,4.905390e-01
1.323724e-02,4.019504e-03,1.426804e-02,6.912413e-03,4.305788e-03,2.368769e-03,1.241837e-04,5.658177e-04,1.232582e-01,3.799237e-02,6.025060e-03,7.457167e-04,9.835988e-04,2.574125e-01,5.277808e-01
2.129615e-02,3.959268e-03,4.830775e-02,1.145990e-02,8.062121e-03,2.971768e-03,1.231424e-04,1.411293e-03,1.983708e-01,3.985279e-02,8.124329e-03,1.048826e-03,1.862973e-03,2.057929e-01,4.473560e-01
2.227496e-02,3.911323e-03,4.188786e-02,9.136207e-03,6.771615e-03,3.306382e-03,1.361653e-04,1.115181e-03,1.756002e-01,3.928155e-02,7.007754e-03,9.605474e-04,1.786097e-03,2.398164e-01,4.470077e-01
1.576834e-02,3.935944e-03,3.649732e-02,6.758024e-03,4.846256e-03,2.533161e-03,1.124242e-04,7.978152e-04,1.675209e-01,7.210562e-02,5.739049e-03,1.016336e-03,1.432675e-03,1.790082e-01,5.019280e-01
1.140118e-02,3.662687e-03,2.924280e-02,5.028644e-03,3.627546e-03,2.149533e-03,1.253368e-04,5.787217e-04,1.633880e-01,9.409671e-02,5.790478e-03,1.596834e-03,1.556790e-03,1.568554e-01,5.208994e-01
8.599927e-03,5.708001e-03,2.146200e-02,3.882169e-03,2.618826e-03,1.721894e-03,1.401490e-04,4.315326e-04,1.557494e-01,7.927079e-02,2.129807e-02,2.346739e-03,1.394273e-03,2.602123e-01,4.351640e-01
1.829586e-02,5.546827e-03,2.974982e-02,9.461533e-03,3.148854e-03,2.728314e-03,2.133456e-04,9.803114e-04,1.584432e-01,7.180760e-02,2.773955e-02,3.212237e-03,2.099640e-03,3.002035e-01,3.663694e-01
1.895242e-02,5.749382e-03,2.346055e-02,7.399457e-03,2.681772e-03,2.573421e-03,1.930127e-04,7.616850e-04,1.382895e-01,6.556659e-02,2.167770e-02,2.512446e-03,2.008375e-03,4.074343e-01,3.007394e-01
2.755148e-02,5.639597e-02,2.916024e-02,6.547445e-03,4.384666e-03,9.739568e-03,2.293141e-04,8.586736e-04,1.416464e-01,5.916823e-02,1.675974e-02,2.144361e-03,2.300599e-03,3.605541e-01,2.825592e-01
2.392805e-02,7.021215e-02,3.174409e-02,5.500864e-03,6.899497e-03,9.444578e-03,3.059414e-04,1.888940e-03,1.464373e-01,5.606714e-02,1.366097e-02,1.763130e-03,2.008252e-03,3.943726e-01,2.357664e-01
2.866371e-02,8.803756e-02,7.374724e-02,8.211821e-02,3.049048e-02,1.394282e-02,7.996110e-04,3.499801e-03,1.459895e-01,4.195895e-02,1.087929e-02,1.606764e-03,1.759616e-03,2.829668e-01,1.935396e-01
4.238901e-02,8.441249e-02,1.418584e-01,1.655925e-01,3.346973e-02,1.350092e-02,1.094771e-03,3.117990e-03,1.154368e-01,3.242714e-02,8.620091e-03,1.676110e-03,2.172600e-03,2.039111e-01,1.503203e-01
4.484338e-02,8.364517e-02,2.128306e-01,1.338715e-01,2.783102e-02,1.417418e-02,1.070675e-03,2.642952e-03,9.772201e-02,4.437060e-02,7.149485e-03,1.380253e-03,2.574601e-03,1.642199e-01,1.616736e-01
4.561457e-02,7.172675e-02,2.578845e-01,1.358163e-01,2.301154e-02,1.133465e-02,9.764805e-04,2.349034e-03,1.002090e-01,5.242600e-02,7.644075e-03,1.577582e-03,2.296424e-03,1.277009e-01,1.594323e-01
4.795918e-02,5.954533e-02,3.013457e-01,1.051400e-01,1.898078e-02,9.822775e-03,8.839505e-04,2.023159e-03,9.653600e-02,5.514088e-02,8.458229e-03,1.658341e-03,2.076227e-03,1.336634e-01,1.567660e-01
6.786090e-02,6.225093e-02,2.506248e-01,8.754869e-02,1.566459e-02,1.082420e-02,9.636478e-04,3.000548e-03,1.063454e-01,6.044642e-02,7.844236e-02,6.428946e-03,4.402393e-03,1.240910e-01,1.211052e-01
5.376346e-02,4.821233e-02,1.888294e-01,6.310770e-02,1.139724e-02,9.062347e-03,1.078570e-03,3.824282e-03,8.022445e-02,4.566323e-02,2.265230e-01,6.571240e-03,4.339742e-03,1.702500e-01,8.715294e-02
4.000847e-02,3.523800e-02,1.358701e-01,4.551205e-02,8.501645e-03,6.950896e-03,9.056749e-04,3.302856e-03,6.369512e-02,3.702233e-02,4.052200e-01,5.877856e-03,4.199361e-03,1.447772e-01,6.291854e-02
3.052986e-02,2.518531e-02,9.537680e-02,3.203944e-02,6.071997e-03,5.187213e-03,7.058815e-04,2.470213e-03,4.523822e-02,2.638292e-02,5.598876e-01,6.776048e-03,3.324198e-03,1.166320e-01,4.419227e-02
2.698095e-02,1.825620e-02,6.711155e-02,2.265419e-02,4.466776e-03,4.866897e-03,5.705783e-04,1.966650e-03,3.289573e-02,2.053784e-02,5.934485e-01,1.286490e-02,2.704658e-03,1.594803e-01,3.119425e-02
2.099809e-02,1.295096e-02,4.705956e-02,1.609594e-02,3.218352e-03,3.808656e-03,4.309558e-04,1.459883e-03,2.395671e-02,1.530032e-02,6.633929e-01,1.525845e-02,2.148081e-03,1.519965e-01,2.192466e-02
1.512888e-02,1.106616e-02,3.312583e-02,1.171125e-02,6.719692e-03,2.815670e-02,5.741671e-04,1.328158e-03,9.900326e-02,1.233391e-02,5.489682e-01,1.507440e-02,1.918964e-03,1.993192e-01,1.557131e-02
1.109028e-02,7.990254e-03,2.324219e-02,8.609440e-03,5.058964e-03,2.188818e-02,4.445981e-04,1.081292e-03,7.746441e-02,1.051622e-02,6.048561e-01,1.349230e-02,1.761475e-03,2.015027e-01,1.100161e-02
8.943556e-03,7.015523e-03,1.729463e-02,6.692951e-03,5.286744e-03,2.665685e-02,5.912787e-04,1.936801e-03,8.039687e-02,1.138010e-02,5.706534e-01,1.340812e-02,1.782185e-03,2.400290e-01,7.932042e-03
6.781620e-03,5.176082e-03,1.231745e-02,5.018712e-03,4.287310e-03,2.371615e-02,4.803277e-04,1.958122e-03,6.228505e-02,1.042312e-02,6.242114e-01,1.119610e-02,1.917061e-03,2.245919e-01,5.639616e-03
5.157460e-03,3.882361e-03,8.694343e-03,3.926590e-03,3.373126e-03,1.885031e-02,3.783240e-04,1.705146e-03,5.151039e-02,8.349064e-03,7.044306e-01,9.544711e-03,2.021184e-03,1.741560e-01,4.020495e-03
3.733678e-03,2.836398e-03,6.120327e-03,2.884156e-03,2.649778e-03,1.370996e-02,3.157122e-04,1.379201e-03,3.949321e-02,6.900873e-03,7.764965e-01,8.995042e-03,1.835061e-03,1.298150e-01,2.835117e-03
2.756727e-03,2.074529e-03,4.294985e-03,2.074995e-03,1.952120e-03,9.872261e-03,2.455846e-04,9.953340e-04,2.930563e-02,5.311903e-03,8.349261e-01,7.847117e-03,1.575463e-03,9.476762e-02,1.999604e-03
2.129870e-03,1.496222e-03,3.024114e-03,1.532372e-03,1.951005e-03,7.124034e-03,2.757233e-04,9.327899e-04,2.388114e-02,4.082770e-03,8.730824e-01,7.462829e-03,1.519175e-03,7.009489e-02,1.410701e-03
1.622140e-03,1.262445e-03,2.159634e-03,1.263600e-03,2.273645e-03,5.449703e-03,2.984841e-04,1.159550e-03,4.322949e-02,3.750819e-03,8.630161e-01,8.505241e-03,1.714658e-03,6.329463e-02,9.997985e-04
1.214504e-03,1.774168e-03,1.638403e-03,9.442741e-04,2.836902e-03,4.155414e-03,4.141570e-04,8.890160e-04,4.287887e-02,2.901639e-03,8.846970e-01,6.781725e-03,3.000459e-03,4.507681e-02,7.965912e-04
8.958162e-04,6.145539e-03,1.299500e-03,7.138714e-04,2.810539e-03,3.292351e-03,3.437944e-04,7.291939e-04,4.950659e-02,2.170650e-03,8.901901e-01,5.196435e-03,4.372916e-03,3.168923e-02,6.434269e-04
7.306389e-04,1.387900e-02,1.571905e-03,6.300537e-04,4.241175e-03,3.580895e-03,3.817919e-04,7.956206e-04,5.509106e-02,1.752303e-03,8.829811e-01,4.137552e-03,7.287330e-03,2.231661e-02,6.229990e-04
1.396805e-03,1.621551e-02,2.536030e-03,1.274530e-03,1.713388e-02,6.388305e-03,3.480469e-04,2.048899e-03,9.767748e-02,1.311980e-03,8.133432e-01,1.166185e-02,1.163498e-02,1.621366e-02,8.148877e-04
2.212239e-03,2.305862e-02,5.189814e-03,2.832438e-03,2.890464e-02,5.380283e-03,3.226874e-04,6.369451e-03,1.405370e-01,9.721400e-04,7.449864e-01,1.401211e-02,1.287919e-02,1.148459e-02,8.585034e-04
