1.000000e+00,0.000000e+00,0.000000e+00,0.000000e+00,0.000000e+00,0.000000e+00,0.000000e+00,0.000000e+00,0.000000e+00,0.000000e+00,0.000000e+00,0.000000e+00,0.000000e+00,0.000000e+00,0.000000e+00
1.000000e+00,0.000000e+00,0.000000e+00,0.000000e+00,0.000000e+00,0.000000e+00,0.000000e+00,0.000000e+00,0.000000e+00,0.000000e+00,0.000000e+00,0.000000e+00,0.000000e+00,0.000000e+00,0.000000e+00
1.000000e+00,0.000000e+00,0.000000e+00,0.000000e+00,0.000000e+00,0.000000e+00,0.000000e+00,0.000000e+00,0.000000e+00,0.000000e+00,0.000000e+00,0.000000e+00,0.000000e+00,0.000000e+00,0.000000e+00
1.000000e+00,0.000000e+00,0.000000e+00,0.000000e+00,0.000000e+00,0.000000e+00,0.000000e+00,0.000000e+00,0.000000e+00,0.000000e+00,0.000000e+00,0.000000e+00,0.000000e+00,0.000000e+00,0.000000e+00
1.000000e+00,0.000000e+00,0.000000e+00,0.000000e+00,0.000000e+00,0.000000e+00,0.000000e+00,0.000000e+00,0.000000e+00,0.000000e+00,0.000000e+00,0.000000e+00,0.000000e+00,0.000000e+00,0.000000e+00
1.000000e+00,0.000000e+00,0.000000e+00,0.000000e+00,0.000000e+00,0.000000e+00,0.000000e+00,0.000000e+00,0.000000e+00,0.000000e+00,0.000000e+00,0.000000e+00,0.000000e+00,0.000000e+00,0.000000e+00
1.000000e+00,0.000000e+00,0.000000e+00,0.000000e+00,0.000000e+00,0.000000e+00,0.000000e+00,0.000000e+00,0.000000e+00,0.000000e+00,0.000000e+00,0.000000e+00,0.000000e+00,0.000000e+00,0.000000e+00
1.000000e+00,0.000000e+00,0.000000e+00,0.000000e+00,0.000000e+00,0.000000e+00,0.000000e+00,0.000000e+00,0.000000e+00,0.000000e+00,0.000000e+00,0.000000e+00,0.000000e+00,0.000000e+00,0.000000e+00
1.000000e+00,0.000000e+00,0.000000e+00,0.000000e+00,0.000000e+00,0.000000e+00,0.000000e+00,0.000000e+00,0.000000e+00,0.000000e+00,0.000000e+00,0.000000e+00,0.000000e+00,0.000000e+00,0.000000e+00
1.000000e+00,0.000000e+00,0.000000e+00,0.000000e+00,0.000000e+00,0.000000e+00,0.000000e+00,0.000000e+00,0.000000e+00,0.000000e+00,0.000000e+00,0.000000e+00,0.000000e+00,0.000000e+00,0.000000e+00
1.000000e+00,0.000000e+00,0.000000e+00,0.000000e+00,0.000000e+00,0.000000e+00,0.000000e+00,0.000000e+00,0.000000e+00,0.000000e+00,0.000000e+00,0.000000e+00,0.000000e+00,0.000000e+00,0.000000e+00
1.000000e+00,0.000000e+00,0.000000e+00,0.000000e+00,0.000000e+00,0.000000e+00,0.000000e+00,0.000000e+00,0.000000e+00,0.000000e+00,0.000000e+00,0.000000e+00,0.000000e+00,0.000000e+00,0.000000e+00
1.000000e+00,0.000000e+00,0.000000e+00,0.000000e+00,0.000000e+00,0.000000e+00,0.000000e+00,0.000000e+00,0.000000e+00,0.000000e+00,0.000000e+00,0.000000e+00,0.000000e+00,0.000000e+00,0.000000e+00
1.000000e+00,0.000000e+00,0.000000e+00,0.000000e+00,0.000000e+00,0.000000e+00,0.000000e+00,0.000000e+00,0.000000e+00,0.000000e+00,0.000000e+00,0.000000e+00,0.000000e+00,0.000000e+00,0.000000e+00
1.000000e+00,0.000000e+00,0.000000e+00,0.000000e+00,0.000000e+00,0.000000e+00,0.000000e+00,0.000000e+00,0.000000e+00,0.000000e+00,0.000000e+00,0.000000e+00,0.000000e+00,0.000000e+00,0.000000e+00
1.000000e+00,0.000000e+00,0.000000e+00,0.000000e+00,0.000000e+00,0.000000e+00,0.000000e+00,0.000000e+00,0.000000e+00,0.000000e+00,0.000000e+00,0.000000e+00,0.000000e+00,0.000000e+00,0.000000e+00
1.000000e+00,0.000000e+00,0.000000e+00,0.000000e+00,0.000000e+00,0.000000e+00,0.000000e+00,0.000000e+00,0.000000e+00,0.000000e+00,0.000000e+00,0.000000e+00,0.000000e+00,0.000000e+00,0.000000e+00
1.000000e+00,0.000000e+00,0.000000e+00,0.000000e+00,0.000000e+00,0.000000e+00,0.000000e+00,0.000000e+00,0.000000e+00,0.000000e+00,0.000000e+00,0.000000e+00,0.000000e+00,0.000000e+00,0.000000e+00
1.000000e+00,0.000000e+00,0.000000e+00,0.000000e+00,0.000000e+00,0.000000e+00,0.000000e+00,0.000000e+00,0.000000e+00,0.000000e+00,0.000000e+00,0.000000e+00,0.000000e+00,0.000000e+00,0.000000e+00
1.000000e+00,0.000000e+00,0.000000e+00,0.000000e+00,0.000000e+00,0.000000e+00,0.000000e+00,0.000000e+00,0.000000e+00,0.000000e+00,0.000000e+00,0.000000e+00,0.000000e+00,0.000000e+00,0.000000e+00
1.000000e+00,0.000000e+00,0.000000e+00,0.000000e+00,0.000000e+00,0.000000e+00,0.000000e+00,0.000000e+00,0.000000e+00,0.000000e+00,0.000000e+00,0.000000e+00,0.000000e+00,0.000000e+00,0.000000e+00
1.000000e+00,0.000000e+00,0.000000e+00,0.000000e+00,0.000000e+00,0.000000e+00,0.000000e+00,0.000000e+00,0.000000e+00,0.000000e+00,0.000000e+00,0.000000e+00,0.000000e+00,0.000000e+00,0.000000e+00
1.000000e+00,0.000000e+00,0.000000e+00,0.000000e+00,0.000000e+00,0.000000e+00,0.000000e+00,0.000000e+00,0.000000e+00,0.000000e+00,0.000000e+00,0.000000e+00,0.000000e+00,0.000000e+00,0.000000e+00
1.000000e+00,0.000000e+00,0.000000e+00,0.000000e+00,0.000000e+00,0.000000e+00,0.000000e+00,0.000000e+00,0.000000e+00,0.000000e+00,0.000000e+00,0.000000e+00,0.000000e+00,0.000000e+00,0.000000e+00
1.000000e+00,0.000000e+00,0.000000e+00,0.000000e+00,0.000000e+00,0.000000e+00,0.000000e+00,0.000000e+00,0.000000e+00,0.000000e+00,0.000000e+00,0.000000e+00,0.000000e+00,0.000000e+00,0.000000e+00
1.000000e+00,0.000000e+00,0.000000e+00,0.000000e+00,0.000000e+00,0.000000e+00,0.000000e+00,0.000000e+00,0.000000e+00,0.000000e+00,0.000000e+00,0.000000e+00,0.000000e+00,0.000000e+00,0.000000e+00
1.000000e+00,0.000000e+00,0.000000e+00,0.000000e+00,0.000000e+00,0.000000e+00,0.000000e+00,0.000000e+00,0.000000e+00,0.000000e+00,0.000000e+00,0.000000e+00,0.000000e+00,0.000000e+00,0.000000e+00
1.000000e+00,0.000000e+00,0.000000e+00,0.000000e+00,0.000000e+00,0.000000e+00,0.000000e+00,0.000000e+00,0.000000e+00,0.000000e+00,0.000000e+00,0.000000e+00,0.000000e+00,0.000000e+00,0.000000e+00
1.000000e+00,0.000000e+00,0.000000e+00,0.000000e+00,0.000000e+00,0.000000e+00,0.000000e+00,0.000000e+00,0.000000e+00,0.000000e+00,0.000000e+00,0.000000e+00,0.000000e+00,0.000000e+00,0.000000e+00
1.000000e+00,0.000000e+00,0.000000e+00,0.000000e+00,0.000000e+00,0.000000e+00,0.000000e+00,0.000000e+00,0.000000e+00,0.000000e+00,0.000000e+00,0.000000e+00,0.000000e+00,0.000000e+00,0.000000e+00
1.000000e+00,0.000000e+00,0.000000e+00,0.000000e+00,0.000000e+00,0.000000e+00,0.000000e+00,0.000000e+00,0.000000e+00,0.000000e+00,0.000000e+00,0.000000e+00,0.000000e+00,0.000000e+00,0.000000e+00
1.000000e+00,0.000000e+00,0.000000e+00,0.000000e+00,0.000000e+00,0.000000e+00,0.000000e+00,0.000000e+00,0.000000e+00,0.000000e+00,0.000000e+00,0.000000e+00,0.000000e+00,0.000000e+00,0.000000e+00
1.000000e+00,0.000000e+00,0.000000e+00,0.000000e+00,0.000000e+00,0.000000e+00,0.000000e+00,0.000000e+00,0.000000e+00,0.000000e+00,0.000000e+00,0.000000e+00,0.000000e+00,0.000000e+00,0.000000e+00
1.000000e+00,0.000000e+00,0.000000e+00,0.000000e+00,0.000000e+00,0.000000e+00,0.000000e+00,0.000000e+00,0.000000e+00,0.000000e+00,0.000000e+00,0.000000e+00,0.000000e+00,0.000000e+00,0.000000e+00
1.000000e+00,0.000000e+00,0.000000e+00,0.000000e+00,0.000000e+00,0.000000e+00,0.000000e+00,0.000000e+00,0.000000e+00,0.000000e+00,0.000000e+00,0.000000e+00,0.000000e+00,0.000000e+00,0.000000e+00
1.000000e+00,0.000000e+00,0.000000e+00,0.000000e+00,0.000000e+00,0.000000e+00,0.000000e+00,0.000000e+00,0.000000e+00,0.000000e+00,0.000000e+00,0.000000e+00,0.000000e+00,0.000000e+00,0.000000e+00
1.000000e+00,0.000000e+00,0.000000e+00,0.000000e+00,0.000000e+00,0.000000e+00,0.000000e+00,0.000000e+00,0.000000e+00,0.000000e+00,0.000000e+00,0.000000e+00,0.000000e+00,0.000000e+00,0.000000e+00
1.000000e+00,0.000000e+00,0.000000e+00,0.000000e+00,0.000000e+00,0.000000e+00,0.000000e+00,0.000000e+00,0.000000e+00,0.000000e+00,0.000000e+00,0.000000e+00,0.000000e+00,0.000000e+00,0.000000e+00
1.000000e+00,0.000000e+00,0.000000e+00,0.000000e+00,0.000000e+00,0.000000e+00,0.000000e+00,0.000000e+00,0.000000e+00,0.000000e+00,0.000000e+00,0.000000e+00,0.000000e+00,0.000000e+00,0.000000e+00
1.000000e+00,0.000000e+00,0.000000e+00,0.000000e+00,0.000000e+00,0.000000e+00,0.000000e+00,0.000000e+00,0.000000e+00,0.000000e+00,0.000000e+00,0.000000e+00,0.000000e+00,0.000000e+00,0.000000e+00
1.000000e+00,0.000000e+00,0.000000e+00,0.000000e+00,0.000000e+00,0.000000e+00,0.000000e+00,0.000000e+00,0.000000e+00,0.000000e+00,0.000000e+00,0.000000e+00,0.000000e+00,0.000000e+00,0.000000e+00
1.000000e+00,0.000000e+00,0.000000e+00,0.000000e+00,0.000000e+00,0.000000e+00,0.000000e+00,0.000000e+00,0.000000e+00,0.000000e+00,0.000000e+00,0.000000e+00,0.000000e+00,0.000000e+00,0.000000e+00
1.000000e+00,0.000000e+00,0.000000e+00,0.000000e+00,0.000000e+00,0.000000e+00,0.000000e+00,0.000000e+00,0.000000e+00,0.000000e+00,0.000000e+00,0.000000e+00,0.000000e+00,0.000000e+00,0.000000e+00
1.000000e+00,0.000000e+00,0.000000e+00,0.000000e+00,0.000000e+00,0.000000e+00,0.000000e+00,0.000000e+00,0.000000e+00,0.000000e+00,0.000000e+00,0.000000e+00,0.000000e+00,0.000000e+00,0.000000e+00
1.000000e+00,0.000000e+00,0.000000e+00,0.000000e+00,0.000000e+00,0.000000e+00,0.000000e+00,0.000000e+00,0.000000e+00,0.000000e+00,0.000000e+00,0.000000e+00,0.000000e+00,0.000000e+00,0.000000e+00
1.000000e+00,0.000000e+00,0.000000e+00,0.000000e+00,0.000000e+00,0.000000e+00,0.000000e+00,0.000000e+00,0.000000e+00,0.000000e+00,0.000000e+00,0.000000e+00,0.000000e+00,0.000000e+00,0.000000e+00
1.000000e+00,0.000000e+00,0.000000e+00,0.000000e+00,0.000000e+00,0.000000e+00,0.000000e+00,0.000000e+00,0.000000e+00,0.000000e+00,0.000000e+00,0.000000e+00,0.000000e+00,0.000000e+00,0.000000e+00
1.000000e+00,0.000000e+00,0.000000e+00,0.000000e+00,0.000000e+00,0.000000e+00,0.000000e+00,0.000000e+00,0.000000e+00,0.000000e+00,0.000000e+00,0.000000e+00,0.000000e+00,0.000000e+00,0.000000e+00
1.000000e+00,0.000000e+00,0.000000e+00,0.000000e+00,0.000000e+00,0.000000e+00,0.000000e+00,0.000000e+00,0.000000e+00,0.000000e+00,0.000000e+00,0.000000e+00,0.000000e+00,0.000000e+00,0.000000e+00
1.000000e+00,0.000000e+00,0.000000e+00,0.000000e+00,0.000000e+00,0.000000e+00,0.000000e+00,0.000000e+00,0.000000e+00,0.000000e+00,0.000000e+00,0.000000e+00,0.000000e+00,0.000000e+00,0.000000e+00
1.000000e+00,0.000000e+00,0.000000e+00,0.000000e+00,0.000000e+00,0.000000e+00,0.000000e+00,0.000000e+00,0.000000e+00,0.000000e+00,0.000000e+00,0.000000e+00,0.000000e+00,0.000000e+00,0.000000e+00
1.000000e+00,0.000000e+00,0.000000e+00,0.000000e+00,0.000000e+00,0.000000e+00,0.000000e+00,0.000000e+00,0.000000e+00,0.000000e+00,0.000000e+00,0.000000e+00,0.000000e+00,0.000000e+00,0.000000e+00
1.000000e+00,0.000000e+00,0.000000e+00,0.000000e+00,0.000000e+00,0.000000e+00,0.000000e+00,0.000000e+00,0.000000e+00,0.000000e+00,0.000000e+00,0.000000e+00,0.000000e+00,0.000000e+00,0.000000e+00
1.000000e+00,0.000000e+00,0.000000e+00,0.000000e+00,0.000000e+00,0.000000e+00,0.000000e+00,0.000000e+00,0.000000e+00,0.000000e+00,0.000000e+00,0.000000e+00,0.000000e+00,0.000000e+00,0.000000e+00
1.000000e+00,0.000000e+00,0.000000e+00,0.000000e+00,0.000000e+00,0.000000e+00,0.000000e+00,0.000000e+00,0.000000e+00,0.000000e+00,0.000000e+00,0.000000e+00,0.000000e+00,0.000000e+00,0.000000e+00
1.000000e+00,0.000000e+00,0.000000e+00,0.000000e+00,0.000000e+00,0.000000e+00,0.000000e+00,0.000000e+00,0.000000e+00,0.000000e+00,0.000000e+00,0.000000e+00,0.000000e+00,0.000000e+00,0.000000e+00
1.000000e+00,0.000000e+00,0.000000e+00,0.000000e+00,0.000000e+00,0.000000e+00,0.000000e+00,0.000000e+00,0.000000e+00,0.000000e+00,0.000000e+00,0.000000e+00,0.000000e+00,0.000000e+00,0.000000e+00
4.852266e-01,1.002243e-02,7.291093e-03,1.899607e-02,1.475292e-01,2.288622e-02,6.264121e-02,1.935153e-01,2.924046e-03,1.050196e-03,8.427682e-03,1.617575e-02,1.308839e-02,3.143533e-03,7.082183e-03
3.430932e-01,7.951644e-03,7.016368e-03,1.436615e-02,1.187272e-01,1.765522e-02,5.210960e-02,4.004025e-01,2.121141e-03,8.057296e-04,6.866126e-03,1.175493e-02,9.472832e-03,2.615568e-03,5.041837e-03
2.430338e-01,6.012527e-03,6.118239e-03,1.050717e-02,9.202957e-02,1.484513e-02,5.000254e-02,5.481983e-01,1.540205e-03,6.164205e-04,6.079344e-03,8.326553e-03,6.812182e-03,2.290313e-03,3.587767e-03
2.080799e-01,4.991484e-03,7.229812e-03,8.799330e-03,8.701191e-02,1.349702e-02,6.275044e-02,5.813665e-01,1.532665e-03,7.073099e-04,6.326359e-03,6.492183e-03,5.897426e-03,2.432430e-03,2.885285e-03
1.896323e-01,4.173412e-03,7.361867e-03,7.325825e-03,8.640860e-02,1.500416e-02,6.420901e-02,5.999017e-01,1.400071e-03,1.130547e-03,5.781383e-03,5.598893e-03,5.189737e-03,2.732142e-03,4.150304e-03
2.192308e-01,3.321942e-03,5.561053e-03,5.916094e-03,1.134065e-01,1.747111e-02,5.416449e-02,5.455773e-01,3.081254e-03,2.434988e-03,7.010328e-03,5.321422e-03,6.123400e-03,3.099575e-03,8.279737e-03
2.120993e-01,3.212341e-03,4.466282e-03,5.145515e-03,1.257651e-01,1.767628e-02,3.961406e-02,5.489286e-01,5.233539e-03,3.142489e-03,7.522271e-03,5.625863e-03,7.691864e-03,3.234453e-03,1.064203e-02
1.949512e-01,5.123417e-03,4.190964e-03,8.569437e-03,1.193452e-01,1.917631e-02,2.938065e-02,4.524397e-01,8.211270e-02,1.695684e-02,1.276811e-02,7.174979e-03,1.976410e-02,6.944754e-03,2.110163e-02
1.410356e-01,7.421587e-03,3.245068e-03,2.804753e-02,8.658576e-02,1.377493e-02,2.124267e-02,3.381029e-01,2.165906e-01,4.216786e-02,2.745017e-02,9.760013e-03,3.464945e-02,5.746778e-03,2.417903e-02
1.010450e-01,6.756333e-03,2.430695e-03,6.256817e-02,6.908796e-02,1.006049e-02,1.559509e-02,2.515206e-01,2.786584e-01,4.914341e-02,2.968765e-02,8.619216e-03,7.459569e-02,4.496251e-03,3.573504e-02
7.167440e-02,4.487112e-02,2.008180e-03,5.317499e-02,4.889573e-02,7.325125e-03,1.106739e-02,1.768233e-01,4.302551e-01,3.846099e-02,2.167619e-02,6.630193e-03,5.471807e-02,3.541283e-03,2.887790e-02
5.802796e-02,6.845134e-02,1.893969e-03,5.931605e-02,3.446287e-02,6.854061e-03,7.911392e-03,1.250741e-01,4.327639e-01,3.670027e-02,2.947902e-02,9.695841e-03,7.283098e-02,7.608362e-03,4.892983e-02
6.713836e-02,7.744952e-02,2.298418e-03,6.091606e-02,2.518562e-02,1.322468e-02,6.183282e-03,9.485729e-02,3.923404e-01,2.994717e-02,2.620903e-02,1.334369e-02,1.111391e-01,7.366490e-03,7.240096e-02
8.372878e-02,7.274031e-02,2.680950e-03,6.324974e-02,1.866842e-02,1.772200e-02,4.677128e-03,6.926099e-02,3.164550e-01,2.150670e-02,2.118159e-02,1.694631e-02,2.150724e-01,6.553300e-03,6.955632e-02
1.124230e-01,7.711180e-02,3.108758e-03,5.246834e-02,1.391970e-02,1.765626e-02,3.630968e-03,5.021609e-02,2.581282e-01,1.549232e-02,1.801801e-02,2.297367e-02,2.694808e-01,8.484900e-03,7.688715e-02
9.765630e-02,1.486298e-01,3.716982e-03,7.315272e-02,1.077630e-02,1.462035e-02,2.597754e-03,3.607390e-02,2.429040e-01,1.230207e-02,1.637517e-02,3.219946e-02,2.288459e-01,9.930668e-03,7.021867e-02
1.392614e-01,1.303508e-01,3.556575e-03,6.312139e-02,1.424013e-02,2.030437e-02,2.490931e-03,2.649428e-02,2.453018e-01,8.790812e-03,1.543375e-02,3.513397e-02,2.303772e-01,7.942977e-03,5.719958e-02
1.543573e-01,1.679816e-01,4.058137e-03,1.218439e-01,1.132767e-02,1.697231e-02,1.937270e-03,2.075900e-02,2.146219e-01,7.312620e-03,1.674103e-02,3.710840e-02,1.723810e-01,6.646528e-03,4.595144e-02
2.208815e-01,1.448588e-01,3.252844e-03,1.043560e-01,9.154090e-03,1.514232e-02,1.601567e-03,1.553658e-02,2.002611e-01,7.464128e-03,1.714998e-02,4.662988e-02,1.390810e-01,1.104876e-02,6.358154e-02
2.647206e-01,1.323608e-01,3.227285e-03,8.544137e-02,9.163937e-03,1.543444e-02,1.667059e-03,1.320268e-02,2.055694e-01,6.219094e-03,1.699743e-02,4.440984e-02,1.365751e-01,9.870552e-03,5.514046e-02
2.916337e-01,1.593262e-01,3.203622e-03,6.581645e-02,6.929380e-03,1.471654e-02,1.623453e-03,1.055918e-02,1.884098e-01,8.453613e-03,1.952601e-02,4.339812e-02,1.117475e-01,1.833346e-02,5.632300e-02
3.676845e-01,1.312329e-01,2.760650e-03,5.635562e-02,5.751223e-03,1.755934e-02,1.563659e-03,8.322977e-03,1.540327e-01,8.343636e-03,2.915457e-02,5.556107e-02,9.906574e-02,1.839999e-02,4.421139e-02
4.678159e-01,9.656525e-02,2.172776e-03,4.448720e-02,4.201653e-03,1.536903e-02,1.455015e-03,6.889224e-03,1.235832e-01,7.197762e-03,2.709477e-02,6.869309e-02,7.874345e-02,1.930957e-02,3.642218e-02
3.572025e-01,8.086131e-02,4.438185e-03,4.141945e-02,3.500166e-03,1.225934e-02,1.237312e-03,6.606690e-03,1.168198e-01,2.020556e-02,5.436444e-02,6.513388e-02,9.569282e-02,1.068420e-01,3.341661e-02
2.822205e-01,6.303370e-02,4.243145e-03,4.117541e-02,5.639131e-03,1.452266e-02,1.594018e-03,5.401607e-03,1.575596e-01,2.459230e-02,5.912662e-02,6.247837e-02,1.155334e-01,1.308929e-01,3.198672e-02
2.167363e-01,4.640908e-02,3.181174e-03,3.026685e-02,4.571761e-03,1.159779e-02,1.212685e-03,4.370535e-03,1.599551e-01,2.821814e-02,8.500177e-02,6.578786e-02,1.090413e-01,2.032642e-01,3.038542e-02
1.541698e-01,3.393272e-02,2.768895e-03,2.254268e-02,4.199021e-03,9.196677e-03,9.103873e-04,3.597253e-03,1.809486e-01,3.095307e-02,1.160411e-01,6.303298e-02,9.538110e-02,2.482873e-01,3.403839e-02
1.087621e-01,2.464748e-02,2.059943e-03,1.664037e-02,3.562490e-03,6.814784e-03,6.917916e-04,2.690138e-03,2.853265e-01,2.355829e-02,1.078196e-01,6.937069e-02,9.529963e-02,2.167881e-01,3.596804e-02
7.633300e-02,1.867298e-02,1.680690e-03,1.212134e-02,2.932150e-03,4.918448e-03,4.966313e-04,1.961213e-03,3.473542e-01,1.885829e-02,8.698919e-02,5.830716e-02,7.453685e-02,2.349518e-01,5.988614e-02
5.510533e-02,1.425607e-02,2.372194e-03,9.516662e-03,2.811866e-03,4.726650e-03,4.510923e-04,1.747753e-03,4.676920e-01,1.428404e-02,7.560135e-02,4.498266e-02,5.788342e-02,1.828657e-01,6.570321e-02
3.902085e-02,1.181610e-02,2.207943e-03,8.057879e-03,2.648224e-03,3.777036e-03,3.277973e-04,1.301650e-03,5.776409e-01,1.129639e-02,5.907437e-02,3.214826e-02,4.297647e-02,1.380731e-01,6.963308e-02
2.846010e-02,9.191435e-03,3.403189e-03,7.632809e-03,4.069066e-03,4.276275e-03,3.304679e-04,1.387516e-03,6.190253e-01,1.013243e-02,5.313214e-02,2.348303e-02,3.371891e-02,1.340707e-01,6.768667e-02
2.036778e-02,6.721914e-03,2.750980e-03,6.831735e-03,3.271766e-03,3.229297e-03,2.541392e-04,1.052424e-03,6.435343e-01,1.041846e-02,7.630762e-02,1.926967e-02,4.831741e-02,1.055371e-01,5.213545e-02
1.484186e-02,4.986261e-03,2.350169e-03,5.201211e-03,2.777944e-03,2.402631e-03,1.908481e-04,8.204453e-04,6.589031e-01,9.669497e-03,1.024322e-01,1.564569e-02,4.879570e-02,9.180398e-02,3.917848e-02
1.144154e-02,3.795559e-03,2.174066e-03,3.916146e-03,2.627434e-03,1.957222e-03,1.422452e-04,7.873980e-04,6.910707e-01,9.132259e-03,9.716056e-02,1.262393e-02,4.002574e-02,9.093492e-02,3.221028e-02
8.395992e-03,3.299636e-03,2.375096e-03,2.900621e-03,2.473560e-03,1.604766e-03,1.097616e-04,9.589531e-04,7.222192e-01,9.002626e-03,8.332580e-02,9.390830e-03,2.920187e-02,1.007759e-01,2.396548e-02
6.519864e-03,2.894106e-03,3.124828e-03,2.157993e-03,2.123943e-03,1.648723e-03,8.164881e-05,1.096545e-03,7.263993e-01,8.738576e-03,6.787422e-02,6.787877e-03,2.107501e-02,1.314884e-01,1.798904e-02
7.222504e-03,2.337805e-03,3.001318e-03,1.951228e-03,3.177110e-03,2.357640e-03,6.750148e-05,1.758121e-03,7.434545e-01,9.581395e-03,5.633073e-02,7.893179e-03,1.776422e-02,1.297743e-01,1.332848e-02
1.148829e-02,2.128783e-03,1.086968e-02,2.266251e-03,5.967827e-03,2.234830e-03,6.753427e-05,7.669795e-03,7.052243e-01,1.102681e-02,5.800223e-02,6.352246e-03,1.368175e-02,1.524226e-01,1.059701e-02
1.918539e-02,7.869968e-03,5.514947e-02,2.968826e-03,1.241344e-02,2.018645e-03,1.226502e-04,7.592868e-03,5.724601e-01,1.198109e-02,9.787139e-02,5.103196e-03,1.107573e-02,1.840433e-01,1.014397e-02
2.256365e-02,9.064479e-02,1.769533e-01,8.324743e-03,1.802529e-02,2.007875e-03,2.480773e-04,1.019336e-02,4.235694e-01,1.035624e-02,8.010405e-02,3.835839e-03,7.988419e-03,1.333817e-01,1.180331e-02
2.408475e-02,1.556829e-01,2.896249e-01,7.655558e-03,2.058987e-02,1.633162e-03,2.417668e-04,9.038682e-03,3.073863e-01,9.963837e-03,5.840493e-02,2.735006e-03,5.656001e-03,9.509249e-02,1.220986e-02
2.013782e-02,1.485238e-01,4.131258e-01,2.346450e-02,1.574614e-02,1.628630e-03,1.986768e-04,7.664595e-03,2.246805e-01,9.815118e-03,4.105344e-02,1.930959e-03,3.981570e-03,6.661315e-02,2.143538e-02
1.735546e-02,1.593806e-01,4.839759e-01,4.201043e-02,1.128743e-02,1.296283e-03,1.471800e-04,7.230313e-03,1.640039e-01,7.840292e-03,2.889492e-02,1.363384e-03,2.817264e-03,4.673880e-02,2.565780e-02
2.253001e-02,2.574293e-01,4.293658e-01,3.836684e-02,9.857485e-03,1.608437e-03,1.492437e-04,9.473175e-03,1.228401e-01,7.750088e-03,2.047132e-02,9.699370e-04,2.037061e-03,3.295103e-02,4.420012e-02
3.127734e-02,3.257015e-01,3.938774e-01,3.654177e-02,1.522332e-02,5.007406e-03,5.046877e-04,1.747856e-02,9.392509e-02,6.011242e-03,1.444081e-02,6.983675e-04,1.465579e-03,2.327958e-02,3.456736e-02
6.412806e-02,3.442631e-01,3.651620e-01,2.745500e-02,4.050254e-02,8.769684e-03,7.441319e-04,1.774591e-02,7.123045e-02,4.549961e-03,1.017326e-02,5.112541e-04,1.132965e-03,1.651840e-02,2.711325e-02
5.773745e-02,3.467212e-01,2.971790e-01,4.505618e-02,8.734766e-02,1.180100e-02,2.285167e-03,5.112741e-02,5.630087e-02,3.338595e-03,7.318495e-03,5.019318e-04,9.942530e-04,1.166776e-02,2.062300e-02
5.788811e-02,3.449115e-01,2.548346e-01,1.112726e-01,7.848467e-02,1.089688e-02,1.916540e-03,5.193976e-02,4.488463e-02,3.530791e-03,8.012010e-03,4.196547e-03,2.148728e-03,8.300480e-03,1.678214e-02
4.559151e-02,3.084388e-01,1.896608e-01,2.063956e-01,6.440186e-02,8.357702e-03,1.396812e-03,3.716418e-02,3.624462e-02,3.192486e-03,2.807102e-02,4.922577e-02,3.032455e-03,6.006981e-03,1.281935e-02
3.441168e-02,2.293301e-01,1.374314e-01,2.056758e-01,4.568918e-02,6.804775e-03,9.897184e-04,2.617185e-02,2.608480e-02,3.316823e-03,4.394621e-02,2.230925e-01,3.315947e-03,4.392029e-03,9.347289e-03
2.534834e-02,1.652779e-01,9.757686e-02,1.586482e-01,3.212863e-02,7.515662e-03,7.068201e-04,1.838937e-02,1.872124e-02,2.686993e-03,6.211317e-02,3.976526e-01,3.368989e-03,3.125578e-03,6.739660e-03
1.825447e-02,1.159156e-01,6.844402e-02,1.133503e-01,2.287260e-02,9.325152e-03,5.104218e-04,1.290814e-02,1.353696e-02,2.002961e-03,6.200939e-02,5.512176e-01,2.630614e-03,2.223542e-03,4.798309e-03
1.290356e-02,8.117298e-02,4.794416e-02,7.963715e-02,1.646042e-02,8.314051e-03,3.606408e-04,9.045172e-03,9.527382e-03,1.471801e-03,4.933382e-02,6.769753e-01,1.883399e-03,1.566142e-03,3.404015e-03
9.119254e-03,5.684110e-02,3.357610e-02,5.596816e-02,1.394933e-02,7.344560e-03,2.576204e-04,6.336943e-03,6.736015e-03,1.065415e-03,3.826385e-02,7.655929e-01,1.396005e-03,1.117724e-03,2.434993e-03
6.527831e-03,3.990086e-02,2.353815e-02,3.985710e-02,4.190690e-02,6.808795e-03,2.905107e-04,4.492160e-03,5.395122e-03,8.461162e-04,3.213619e-02,7.946377e-01,1.032365e-03,8.257309e-04,1.804457e-03
4.805105e-03,2.798698e-02,1.648698e-02,2.831750e-02,3.955392e-02,6.754168e-03,2.119204e-04,3.160690e-03,3.935237e-03,6.451755e-04,2.803498e-02,8.373821e-01,7.620915e-04,6.031313e-04,1.359943e-03
3.447370e-03,1.963191e-02,1.155342e-02,1.990612e-02,3.451902e-02,5.215593e-03,1.646490e-04,2.239940e-03,2.873962e-03,5.026337e-04,2.107566e-02,8.768940e-01,5.577008e-04,4.457243e-04,9.723284e-04
2.499646e-03,1.376696e-02,8.104877e-03,1.394880e-02,3.514473e-02,4.385893e-03,1.973450e-04,1.729603e-03,2.628697e-03,3.885679e-04,1.564220e-02,9.000686e-01,4.472209e-04,3.632081e-04,6.836255e-04
1.772681e-03,9.660228e-03,5.692466e-03,9.772276e-03,3.874082e-02,3.418183e-03,3.414036e-04,1.312967e-03,2.638989e-03,2.963971e-04,1.192880e-02,9.132894e-01,3.786159e-04,2.759095e-04,4.808673e-04
1.259606e-03,6.818523e-03,4.195468e-03,6.858791e-03,3.811203e-02,2.962342e-03,6.192550e-04,1.568769e-03,8.770615e-03,2.471330e-04,8.753979e-03,9.189276e-01,3.602238e-04,2.064109e-04,3.393198e-04
9.035985e-04,4.797845e-03,3.074374e-03,4.835457e-03,4.423425e-02,2.647304e-03,8.628718e-04,3.161949e-03,1.575718e-02,2.010189e-04,6.634625e-03,9.121268e-01,3.721099e-04,1.520582e-04,2.385913e-04
7.358646e-04,3.474843e-03,2.695370e-03,3.483941e-03,5.155032e-02,2.567945e-03,7.923524e-04,1.742426e-02,3.094959e-02,2.085220e-04,5.446157e-03,8.798329e-01,5.104042e-04,1.575881e-04,1.700500e-04
5.782379e-04,2.507382e-03,2.164745e-03,2.457947e-03,5.674026e-02,2.217783e-03,1.183156e-03,1.502344e-02,5.595590e-02,2.596701e-04,4.319562e-03,8.557683e-01,5.635407e-04,1.392560e-04,1.209334e-04
5.049826e-04,1.816538e-03,1.708998e-03,1.740198e-03,6.303700e-02,1.813015e-03,1.479486e-03,1.254668e-02,8.323912e-02,3.294941e-04,3.805240e-03,8.269128e-01,8.438833e-04,1.358903e-04,8.676139e-05
8.475821e-04,1.415627e-03,2.772415e-03,1.390172e-03,1.958345e-01,2.164263e-03,4.779397e-03,2.291331e-02,1.001730e-01,4.345888e-04,3.442297e-03,6.625071e-01,1.132943e-03,1.256733e-04,6.728117e-05
1.456165e-03,1.380548e-03,3.744624e-03,1.174987e-03,3.738528e-01,2.655749e-03,9.735348e-03,2.778271e-02,9.177044e-02,4.180184e-04,2.768422e-03,4.820180e-01,1.090243e-03,9.980331e-05,5.208311e-05
3.016409e-03,1.707213e-03,1.016825e-02,1.498436e-03,4.226396e-01,2.757965e-03,1.043809e-02,6.316312e-02,1.251636e-01,4.798323e-04,2.417197e-03,3.548700e-01,1.524821e-03,1.032001e-04,5.228428e-05
5.517078e-03,6.706183e-03,2.572050e-02,2.707730e-03,4.311086e-01,3.102172e-03,9.117913e-03,7.991220e-02,1.745345e-01,8.295461e-04,2.516563e-03,2.560518e-01,1.777013e-03,1.594051e-04,2.388365e-04
1.285066e-02,1.651811e-02,3.953668e-02,4.469220e-03,4.025023e-01,5.156311e-03,9.156612e-03,9.807256e-02,2.173031e-01,1.325238e-03,2.771216e-03,1.854072e-01,3.855261e-03,2.547152e-04,8.208280e-04
1.615764e-02,2.611725e-02,3.064434e-02,4.801425e-03,3.520812e-01,1.139649e-02,8.009419e-03,8.824858e-02,3.163863e-01,1.516469e-03,3.763304e-03,1.349864e-01,4.273922e-03,4.080622e-04,1.209133e-03
2.222439e-02,2.528458e-02,2.307236e-02,4.354514e-03,3.991792e-01,1.213904e-02,8.926579e-03,7.719297e-02,3.192638e-01,1.320871e-03,5.086062e-03,9.653370e-02,3.737738e-03,5.387476e-04,1.145389e-03
2.406988e-02,2.408801e-02,1.786285e-02,3.779065e-03,4.105334e-01,1.054668e-02,7.635934e-03,7.595222e-02,3.479286e-01,1.003720e-03,3.937110e-03,6.833117e-02,2.734762e-03,7.291222e-04,8.675223e-04
3.044153e-02,2.565623e-02,1.309689e-02,3.564154e-03,3.784699e-01,9.713706e-03,6.435104e-03,6.998528e-02,4.013827e-01,1.102655e-03,4.628261e-03,5.016503e-02,2.240328e-03,2.189534e-03,9.287818e-04
3.996000e-02,2.272983e-02,9.780091e-03,3.649794e-03,3.780656e-01,1.101584e-02,6.130944e-03,6.705818e-02,4.103195e-01,1.081685e-03,7.111626e-03,3.750260e-02,2.068806e-03,2.372229e-03,1.153284e-03
4.838331e-02,2.560896e-02,8.739025e-03,1.978039e-02,3.219975e-01,1.038408e-02,4.838223e-03,5.045572e-02,3.936386e-01,1.850040e-03,9.511456e-03,8.231529e-02,1.561438e-02,1.855873e-03,5.027170e-03
3.853286e-02,3.399136e-02,9.508306e-03,1.422036e-01,2.390971e-01,8.814197e-03,3.506550e-03,3.606299e-02,3.134802e-01,3.368387e-03,2.170814e-02,1.071481e-01,3.125797e-02,1.396455e-03,9.923872e-03
4.763487e-02,3.033761e-02,8.934887e-03,1.329274e-01,1.735494e-01,7.691535e-03,2.534284e-03,2.560484e-02,2.560123e-01,4.472964e-03,4.508623e-02,1.832240e-01,7.077570e-02,1.751849e-03,9.462256e-03
3.545645e-02,2.247613e-02,6.389271e-03,1.305481e-01,1.220206e-01,7.066196e-03,1.898059e-03,1.798964e-02,1.881725e-01,9.883130e-02,5.218990e-02,2.474370e-01,5.999462e-02,1.833493e-03,7.696683e-03
2.634672e-02,1.696245e-02,4.567070e-03,9.889494e-02,8.583029e-02,5.805288e-03,1.429225e-03,1.263888e-02,1.426221e-01,1.467886e-01,5.708143e-02,3.380462e-01,5.436303e-02,1.957328e-03,6.666492e-03
2.012651e-02,1.309094e-02,3.225117e-03,7.013766e-02,6.187859e-02,6.197694e-03,1.139021e-03,9.048049e-03,1.645870e-01,1.754173e-01,8.010241e-02,3.343499e-01,5.385713e-02,1.802670e-03,5.040089e-03
1.556033e-02,1.044437e-02,2.297120e-03,5.194250e-02,4.472866e-02,7.424134e-03,9.464264e-04,6.559800e-03,1.736745e-01,1.934870e-01,1.038985e-01,3.310811e-01,5.221824e-02,1.791909e-03,3.945465e-03
1.372445e-02,1.181175e-02,1.684629e-03,3.785973e-02,3.229247e-02,9.725571e-03,7.042718e-04,4.736177e-03,1.929503e-01,2.274838e-01,1.094202e-01,3.039322e-01,4.842110e-02,1.840957e-03,3.412420e-03
1.422156e-02,1.620212e-02,1.717151e-03,3.814356e-02,2.499762e-02,1.356072e-02,1.231404e-03,1.109567e-02,3.230907e-01,1.971614e-01,8.647499e-02,2.289160e-01,3.850940e-02,1.802496e-03,2.875177e-03
1.331646e-02,1.480803e-02,2.355299e-03,7.139999e-02,1.889300e-02,3.089878e-02,1.188928e-03,1.270537e-02,3.561977e-01,1.579189e-01,8.221458e-02,1.968172e-01,3.631486e-02,1.763025e-03,3.207814e-03
1.212161e-02,1.470093e-02,1.972810e-03,5.195036e-02,1.529670e-02,2.263730e-02,9.371230e-04,9.233530e-03,5.128506e-01,1.161713e-01,6.517980e-02,1.446334e-01,2.840688e-02,1.312421e-03,2.595258e-03
1.038123e-02,1.542977e-02,2.666756e-03,4.201166e-02,1.333345e-02,1.880648e-02,1.392496e-03,7.291636e-03,6.224340e-01,8.344168e-02,4.910807e-02,1.071980e-01,2.294745e-02,1.053552e-03,2.503719e-03
1.052089e-02,1.405714e-02,2.607088e-03,3.310802e-02,1.177155e-02,1.689861e-02,1.677572e-03,5.620277e-03,6.474195e-01,5.944413e-02,4.999241e-02,8.570041e-02,5.677405e-02,9.066350e-04,3.501696e-03
9.340670e-03,1.907255e-02,4.125061e-03,9.061448e-02,9.915636e-03,1.387903e-02,1.859915e-03,5.268692e-03,6.160077e-01,4.619972e-02,5.840228e-02,6.942146e-02,5.043352e-02,8.435038e-04,4.615849e-03
1.265864e-02,1.685431e-02,3.834153e-03,6.909963e-02,8.225425e-03,1.087385e-02,2.307377e-03,6.022452e-03,6.020167e-01,3.425520e-02,9.096256e-02,6.949048e-02,6.642134e-02,9.952358e-04,5.982616e-03
1.763011e-02,1.757910e-02,6.838364e-03,6.673680e-02,8.875408e-03,9.428884e-03,2.659721e-03,9.863554e-03,5.656363e-01,2.550438e-02,1.175032e-01,6.546579e-02,7.496410e-02,1.221999e-03,1.009233e-02
2.210886e-02,1.783743e-02,6.212838e-03,5.002874e-02,9.825611e-03,9.144678e-03,2.877700e-03,9.163653e-03,6.063223e-01,1.918195e-02,1.137741e-01,5.362393e-02,6.908803e-02,1.263474e-03,9.546766e-03
2.644002e-02,2.407315e-02,9.598654e-03,1.698213e-01,9.833777e-03,8.087398e-03,2.166793e-03,7.493068e-03,5.316636e-01,1.656475e-02,8.795328e-02,3.897384e-02,5.100960e-02,1.666551e-03,1.465421e-02
5.155774e-02,2.603342e-02,1.092318e-02,2.730671e-01,7.808957e-03,7.914647e-03,1.672770e-03,5.898544e-03,4.189264e-01,1.580352e-02,8.192094e-02,2.997711e-02,4.059299e-02,2.478166e-03,2.542452e-02
1.067566e-01,2.320412e-02,1.186478e-02,2.727687e-01,9.086311e-03,8.192663e-03,1.778260e-03,5.967641e-03,3.323300e-01,1.958560e-02,1.048505e-01,2.777165e-02,4.292802e-02,3.630537e-03,2.928449e-02
1.182632e-01,1.638290e-02,1.022460e-02,1.916679e-01,1.234780e-02,6.337670e-03,6.885320e-03,3.400318e-02,2.376065e-01,1.561473e-02,2.683476e-01,2.016095e-02,3.826512e-02,2.738160e-03,2.115422e-02
1.897970e-01,1.339090e-02,3.818438e-02,1.482325e-01,4.805918e-02,1.147431e-02,8.252852e-03,4.014058e-02,1.840825e-01,1.653557e-02,2.361624e-01,1.604067e-02,3.001845e-02,2.858588e-03,1.677023e-02
2.422328e-01,2.084614e-02,4.084837e-02,1.100214e-01,5.817164e-02,2.408488e-02,1.075890e-02,5.543492e-02,1.561813e-01,1.689890e-02,1.916693e-01,1.566116e-02,2.560453e-02,7.812466e-03,2.377317e-02
2.321663e-01,4.310405e-02,4.571163e-02,8.206789e-02,1.070678e-01,4.851878e-02,1.467401e-02,5.812816e-02,1.342847e-01,1.739101e-02,1.481666e-01,1.489319e-02,2.434282e-02,7.961228e-03,2.152168e-02
2.050477e-01,4.697280e-02,5.414557e-02,6.397179e-02,1.261652e-01,6.937665e-02,2.377627e-02,6.472859e-02,1.193327e-01,2.582156e-02,1.153553e-01,2.180361e-02,3.085005e-02,8.861607e-03,2.379068e-02
1.876582e-01,4.396560e-02,6.062089e-02,5.106430e-02,1.449799e-01,6.966840e-02,2.517962e-02,7.871914e-02,1.499800e-01,2.830317e-02,8.629637e-02,1.744463e-02,2.744024e-02,8.434522e-03,2.024503e-02
1.674845e-01,6.072486e-02,6.605220e-02,4.865462e-02,1.172545e-01,5.466292e-02,2.167962e-02,1.241879e-01,1.735564e-01,3.113114e-02,6.388404e-02,1.635662e-02,2.364263e-02,8.558012e-03,2.217010e-02
1.512291e-01,6.456302e-02,6.022514e-02,4.146110e-02,9.280579e-02,4.207404e-02,1.682986e-02,1.811125e-01,2.018992e-01,3.001791e-02,4.761509e-02,1.604091e-02,2.475702e-02,7.148480e-03,2.222090e-02
1.142578e-01,9.941323e-02,1.102822e-01,1.331086e-01,9.073853e-02,4.514056e-02,1.306205e-02,1.289651e-01,1.429175e-01,2.805686e-02,3.642784e-02,1.614126e-02,1.880074e-02,5.737605e-03,1.695007e-02
9.576790e-02,1.056494e-01,1.200799e-01,1.740085e-01,8.262280e-02,5.369843e-02,1.006946e-02,9.828857e-02,1.031238e-01,2.248766e-02,4.425437e-02,5.700568e-02,1.551475e-02,4.508785e-03,1.291997e-02
1.042195e-01,7.940959e-02,9.363708e-02,1.496543e-01,6.785765e-02,4.661353e-02,8.147942e-03,7.203043e-02,8.005140e-02,2.333101e-02,7.524547e-02,1.635955e-01,1.845950e-02,5.867071e-03,1.187998e-02
1.401555e-01,6.721936e-02,9.101572e-02,1.185069e-01,7.291950e-02,7.586674e-02,7.008448e-03,5.503501e-02,6.115339e-02,2.410704e-02,8.680233e-02,1.623786e-01,1.774023e-02,7.264609e-03,1.282655e-02
1.667636e-01,5.347552e-02,7.777312e-02,8.748677e-02,5.554580e-02,8.339972e-02,5.752193e-03,4.099168e-02,4.762457e-02,2.552752e-02,1.466534e-01,1.736823e-01,1.379867e-02,1.039110e-02,1.113397e-02
1.815796e-01,4.285517e-02,6.541134e-02,6.524616e-02,5.885634e-02,6.591938e-02,5.454313e-03,3.011679e-02,4.184240e-02,4.091374e-02,2.169295e-01,1.488203e-01,1.066262e-02,1.643249e-02,8.959905e-03
1.312353e-01,3.282283e-02,4.816452e-02,4.687270e-02,4.254061e-02,5.263243e-02,3.969226e-03,2.136719e-02,2.989770e-02,3.004775e-02,2.626109e-01,2.679955e-01,7.869677e-03,1.458888e-02,7.384777e-03
1.136850e-01,3.200375e-02,4.529214e-02,3.513089e-02,3.940647e-02,3.964568e-02,3.414922e-03,1.835926e-02,2.324417e-02,2.244956e-02,2.319587e-01,3.711681e-01,6.228708e-03,1.184158e-02,6.170946e-03
8.204369e-02,2.331218e-02,3.268636e-02,2.471935e-02,2.934609e-02,2.891368e-02,2.514530e-03,1.322873e-02,1.651259e-02,1.643437e-02,2.915588e-01,4.189860e-01,4.607883e-03,1.059982e-02,4.535971e-03
7.978724e-02,2.027719e-02,2.567755e-02,1.832308e-02,2.212751e-02,2.313581e-02,1.861625e-03,1.060477e-02,1.243657e-02,1.301042e-02,2.482678e-01,5.061716e-01,3.654709e-03,1.062831e-02,4.035813e-03
6.033177e-02,2.107338e-02,5.121183e-02,1.508266e-02,1.806780e-02,1.693560e-02,1.459022e-03,1.525895e-02,1.118371e-02,1.035998e-02,2.073333e-01,5.563080e-01,2.769104e-03,9.531176e-03,3.093732e-03
5.107900e-02,2.023920e-02,4.249656e-02,1.150938e-02,1.404260e-02,1.448988e-02,1.088721e-03,1.153172e-02,8.583282e-03,8.192570e-03,2.292466e-01,5.735766e-01,2.221799e-03,9.016965e-03,2.685236e-03
4.024681e-02,2.010366e-02,3.970375e-02,8.879015e-03,1.266296e-02,1.334332e-02,1.008510e-03,1.086821e-02,7.060381e-03,6.344283e-03,1.963095e-01,6.325265e-01,1.650552e-03,7.212845e-03,2.079667e-03
3.005566e-02,1.704786e-02,3.136967e-02,6.610985e-03,1.013043e-02,1.072086e-02,7.513023e-04,8.083018e-03,5.882477e-03,5.155171e-03,1.800944e-01,6.848658e-01,1.247659e-03,6.276783e-03,1.707885e-03
2.346129e-02,1.266442e-02,2.286373e-02,4.994822e-03,8.118089e-03,8.641497e-03,6.928110e-04,6.048499e-03,6.134170e-03,4.709552e-03,1.974377e-01,6.960536e-01,1.205376e-03,5.506366e-03,1.468046e-03
1.852567e-02,1.322973e-02,1.778368e-02,3.758324e-03,9.436278e-03,7.360786e-03,1.069925e-03,4.798567e-03,9.347300e-03,1.771006e-02,2.316358e-01,6.555735e-01,1.143139e-03,7.277178e-03,1.350091e-03
1.730320e-02,1.257762e-02,1.897477e-02,3.661575e-03,1.178597e-02,7.755757e-03,1.508023e-03,4.373695e-03,1.012340e-02,1.708990e-02,2.973663e-01,5.859709e-01,1.235857e-03,8.496629e-03,1.776362e-03
1.297337e-02,9.470170e-03,1.345077e-02,2.713165e-03,9.605640e-03,5.803594e-03,1.175771e-03,3.209469e-03,7.731017e-03,1.437865e-02,4.839287e-01,4.253389e-01,1.138600e-03,7.655539e-03,1.426700e-03
1.099647e-02,7.443294e-03,9.669535e-03,2.176211e-03,8.653970e-03,4.792516e-03,9.467566e-04,2.500312e-03,7.282123e-03,1.454868e-02,5.966030e-01,3.224154e-01,1.116298e-03,9.490628e-03,1.364730e-03
1.079827e-02,7.642630e-03,7.088507e-03,1.679536e-03,7.852096e-03,4.970865e-03,8.679048e-04,1.979454e-03,6.905824e-03,1.662142e-02,6.330522e-01,2.814532e-01,1.122894e-03,1.489206e-02,3.073026e-03
1.036741e-02,1.130442e-02,5.922595e-03,1.870224e-03,3.803396e-02,4.892689e-03,1.041798e-03,2.432095e-03,1.123870e-02,1.814050e-02,5.448768e-01,3.094422e-01,1.399358e-03,3.343444e-02,5.602760e-03
9.796967e-03,1.305958e-02,5.456641e-03,1.881298e-03,4.485599e-02,4.678607e-03,1.111383e-03,2.887383e-03,2.029386e-02,2.612053e-02,4.621333e-01,3.500130e-01,1.389544e-03,4.545056e-02,1.087134e-02
9.391038e-03,1.087165e-02,5.811843e-03,1.466705e-03,4.236057e-02,4.161667e-03,1.282182e-03,4.170909e-03,2.339189e-02,5.797717e-02,4.064845e-01,3.698536e-01,1.257164e-03,5.149115e-02,1.002803e-02
1.046113e-02,1.051543e-02,6.933673e-03,1.156014e-03,5.746384e-02,5.416796e-03,1.897095e-03,5.784984e-03,2.414213e-02,1.199858e-01,3.392338e-01,3.555384e-01,1.297531e-03,5.092909e-02,9.244263e-03
1.388187e-02,8.074566e-03,5.924843e-03,9.334615e-04,5.221924e-02,8.446526e-03,2.212155e-03,5.706195e-03,2.192588e-02,2.788408e-01,2.750579e-01,2.779216e-01,1.235106e-03,3.944327e-02,8.176591e-03
1.124109e-02,8.827053e-03,7.459490e-03,1.064729e-03,4.771774e-02,1.311866e-02,2.213852e-03,7.009485e-03,2.097569e-02,4.067866e-01,2.197782e-01,2.137802e-01,1.764761e-03,3.060500e-02,7.657451e-03
9.235098e-03,9.017012e-03,7.027721e-03,1.189884e-03,4.021658e-02,2.583678e-02,2.166810e-03,7.633908e-03,2.218057e-02,5.282891e-01,1.581756e-01,1.589047e-01,1.805753e-03,2.216323e-02,6.157250e-03
7.179472e-03,7.574688e-03,5.255857e-03,1.017025e-03,3.253261e-02,3.090035e-02,1.794166e-03,5.964764e-03,2.100706e-02,6.314776e-01,1.183199e-01,1.145591e-01,1.782911e-03,1.609011e-02,4.544387e-03
6.843161e-03,6.548234e-03,4.748148e-03,1.431273e-03,2.496305e-02,9.142822e-02,2.927951e-03,8.471869e-03,1.792113e-02,6.507035e-01,8.534440e-02,8.174655e-02,1.714822e-03,1.181646e-02,3.391223e-03
1.288001e-02,5.058547e-03,2.813463e-02,1.015275e-02,2.766183e-02,1.306932e-01,1.888288e-02,3.432580e-02,1.362414e-02,5.856274e-01,6.220651e-02,5.810314e-02,1.730716e-03,8.476028e-03,2.442399e-03
1.351330e-02,3.787662e-03,2.021110e-02,8.127234e-03,2.416979e-02,3.557680e-01,1.348846e-02,2.602058e-02,1.079408e-02,4.283015e-01,4.374646e-02,4.184937e-02,2.367855e-03,5.963311e-03,1.891309e-03
1.369029e-02,3.220390e-03,1.469613e-02,6.597784e-03,1.933594e-02,5.143183e-01,1.026586e-02,2.034894e-02,8.373685e-03,3.193672e-01,3.085265e-02,3.072779e-02,2.510993e-03,4.189165e-03,1.504769e-03
2.045415e-02,3.023469e-03,1.899965e-02,9.583024e-03,1.478691e-02,5.469919e-01,2.590857e-02,2.201481e-02,7.584820e-03,2.784281e-01,2.205728e-02,2.362775e-02,2.158093e-03,3.051599e-03,1.329775e-03
3.683362e-02,2.830639e-03,3.596518e-02,1.985897e-02,1.522062e-02,4.205491e-01,6.665704e-02,6.996682e-02,7.296781e-03,2.850527e-01,1.628788e-02,1.783188e-02,1.918946e-03,2.468979e-03,1.260912e-03
3.740451e-02,2.963044e-03,4.005521e-02,2.082437e-02,1.421134e-02,2.993503e-01,1.976075e-01,1.158078e-01,7.135941e-03,2.347518e-01,1.179251e-02,1.326080e-02,1.781068e-03,1.942524e-03,1.111277e-03
3.347615e-02,3.252075e-03,3.663680e-02,2.169320e-02,1.762327e-02,2.130772e-01,2.697964e-01,1.800992e-01,1.027402e-02,1.867194e-01,9.366845e-03,1.009035e-02,5.189156e-03,1.486823e-03,1.219066e-03
3.054433e-02,2.913908e-03,3.821786e-02,1.919807e-02,1.763626e-02,1.505213e-01,3.143235e-01,2.514122e-01,9.276171e-03,1.431344e-01,7.350698e-03,7.469862e-03,5.562114e-03,1.248583e-03,1.190802e-03
2.942307e-02,2.841670e-03,3.235201e-02,1.587752e-02,2.921510e-02,1.075895e-01,2.843720e-01,3.621978e-01,9.537908e-03,1.067336e-01,5.799368e-03,6.297182e-03,5.234116e-03,1.262078e-03,1.267156e-03
3.122671e-02,2.596871e-03,2.550228e-02,1.240136e-02,3.694934e-02,7.745551e-02,2.364765e-01,4.699588e-01,1.158125e-02,7.758286e-02,4.582481e-03,5.486146e-03,5.429985e-03,1.199668e-03,1.570172e-03
2.693756e-02,2.138196e-03,1.935058e-02,9.270676e-03,3.610663e-02,5.554324e-02,1.831368e-01,5.868174e-01,1.131633e-02,5.445289e-02,3.515017e-03,4.111861e-03,5.010105e-03,9.805167e-04,1.312306e-03
3.080605e-02,2.373408e-03,1.628514e-02,7.591704e-03,4.571518e-02,4.259416e-02,1.335374e-01,6.584328e-01,1.109941e-02,3.841490e-02,2.740724e-03,3.424442e-03,4.393185e-03,1.393939e-03,1.197533e-03
4.093022e-02,2.636658e-03,1.369765e-02,7.064966e-03,5.604520e-02,3.828457e-02,9.941969e-02,6.914186e-01,1.055269e-02,2.721176e-02,2.205565e-03,3.292133e-03,4.457825e-03,1.487084e-03,1.295450e-03
7.492325e-02,3.206711e-03,1.462588e-02,6.531866e-03,8.100215e-02,3.108998e-02,7.661340e-02,6.613034e-01,1.424592e-02,1.952263e-02,2.941098e-03,5.361624e-03,4.829844e-03,1.573251e-03,2.229004e-03
7.993408e-02,3.338916e-03,1.248050e-02,5.757580e-03,1.020520e-01,2.518510e-02,5.930439e-02,6.658331e-01,1.429626e-02,1.387686e-02,3.612597e-03,5.590458e-03,4.780743e-03,1.344029e-03,2.613369e-03
