1.000000e+00,0.000000e+00,0.000000e+00,0.000000e+00,0.000000e+00,0.000000e+00,0.000000e+00,0.000000e+00,0.000000e+00,0.000000e+00,0.000000e+00,0.000000e+00,0.000000e+00,0.000000e+00,0.000000e+00
1.000000e+00,0.000000e+00,0.000000e+00,0.000000e+00,0.000000e+00,0.000000e+00,0.000000e+00,0.000000e+00,0.000000e+00,0.000000e+00,0.000000e+00,0.000000e+00,0.000000e+00,0.000000e+00,0.000000e+00
1.000000e+00,0.000000e+00,0.000000e+00,0.000000e+00,0.000000e+00,0.000000e+00,0.000000e+00,0.000000e+00,0.000000e+00,0.000000e+00,0.000000e+00,0.000000e+00,0.000000e+00,0.000000e+00,0.000000e+00
1.000000e+00,0.000000e+00,0.000000e+00,0.000000e+00,0.000000e+00,0.000000e+00,0.000000e+00,0.000000e+00,0.000000e+00,0.000000e+00,0.000000e+00,0.000000e+00,0.000000e+00,0.000000e+00,0.000000e+00
1.000000e+00,0.000000e+00,0.000000e+00,0.000000e+00,0.000000e+00,0.000000e+00,0.000000e+00,0.000000e+00,0.000000e+00,0.000000e+00,0.000000e+00,0.000000e+00,0.000000e+00,0.000000e+00,0.000000e+00
1.000000e+00,0.000000e+00,0.000000e+00,0.000000e+00,0.000000e+00,0.000000e+00,0.000000e+00,0.000000e+00,0.000000e+00,0.000000e+00,0.000000e+00,0.000000e+00,0.000000e+00,0.000000e+00,0.000000e+00
1.000000e+00,0.000000e+00,0.000000e+00,0.000000e+00,0.000000e+00,0.000000e+00,0.000000e+00,0.000000e+00,0.000000e+00,0.000000e+00,0.000000e+00,0.000000e+00,0.000000e+00,0.000000e+00,0.000000e+00
1.000000e+00,0.000000e+00,0.000000e+00,0.000000e+00,0.000000e+00,0.000000e+00,0.000000e+00,0.000000e+00,0.000000e+00,0.000000e+00,0.000000e+00,0.000000e+00,0.000000e+00,0.000000e+00,0.000000e+00
1.000000e+00,0.000000e+00,0.000000e+00,0.000000e+00,0.000000e+00,0.000000e+00,0.000000e+00,0.000000e+00,0.000000e+00,0.000000e+00,0.000000e+00,0.000000e+00,0.000000e+00,0.000000e+00,0.000000e+00
1.000000e+00,0.000000e+00,0.000000e+00,0.000000e+00,0.000000e+00,0.000000e+00,0.000000e+00,0.000000e+00,0.000000e+00,0.000000e+00,0.000000e+00,0.000000e+00,0.000000e+00,0.000000e+00,0.000000e+00
1.000000e+00,0.000000e+00,0.000000e+00,0.000000e+00,0.000000e+00,0.000000e+00,0.000000e+00,0.000000e+00,0.000000e+00,0.000000e+00,0.000000e+00,0.000000e+00,0.000000e+00,0.000000e+00,0.000000e+00
1.000000e+00,0.000000e+00,0.000000e+00,0.000000e+00,0.000000e+00,0.000000e+00,0.000000e+00,0.000000e+00,0.000000e+00,0.000000e+00,0.000000e+00,0.000000e+00,0.000000e+00,0.000000e+00,0.000000e+00
1.000000e+00,0.000000e+00,0.000000e+00,0.000000e+00,0.000000e+00,0.000000e+00,0.000000e+00,0.000000e+00,0.000000e+00,0.000000e+00,0.000000e+00,0.000000e+00,0.000000e+00,0.000000e+00,0.000000e+00
1.000000e+00,0.000000e+00,0.000000e+00,0.000000e+00,0.000000e+00,0.000000e+00,0.000000e+00,0.000000e+00,0.000000e+00,0.000000e+00,0.000000e+00,0.000000e+00,0.000000e+00,0.000000e+00,0.000000e+00
1.000000e+00,0.000000e+00,0.000000e+00,0.000000e+00,0.000000e+00,0.000000e+00,0.000000e+00,0.000000e+00,0.000000e+00,0.000000e+00,0.000000e+00,0.000000e+00,0.000000e+00,0.000000e+00,0.000000e+00
1.000000e+00,0.000000e+00,0.000000e+00,0.000000e+00,0.000000e+00,0.000000e+00,0.000000e+00,0.000000e+00,0.000000e+00,0.000000e+00,0.000000e+00,0.000000e+00,0.000000e+00,0.000000e+00,0.000000e+00
1.000000e+00,0.000000e+00,0.000000e+00,0.000000e+00,0.000000e+00,0.000000e+00,0.000000e+00,0.000000e+00,0.000000e+00,0.000000e+00,0.000000e+00,0.000000e+00,0.000000e+00,0.000000e+00,0.000000e+00
1.000000e+00,0.000000e+00,0.000000e+00,0.000000e+00,0.000000e+00,0.000000e+00,0.000000e+00,0.000000e+00,0.000000e+00,0.000000e+00,0.000000e+00,0.000000e+00,0.000000e+00,0.000000e+00,0.000000e+00
1.000000e+00,0.000000e+00,0.000000e+00,0.000000e+00,0.000000e+00,0.000000e+00,0.000000e+00,0.000000e+00,0.000000e+00,0.000000e+00,0.000000e+00,0.000000e+00,0.000000e+00,0.000000e+00,0.000000e+00
1.000000e+00,0.000000e+00,0.000000e+00,0.000000e+00,0.000000e+00,0.000000e+00,0.000000e+00,0.000000e+00,0.000000e+00,0.000000e+00,0.000000e+00,0.000000e+00,0.000000e+00,0.000000e+00,0.000000e+00
1.000000e+00,0.000000e+00,0.000000e+00,0.000000e+00,0.000000e+00,0.000000e+00,0.000000e+00,0.000000e+00,0.000000e+00,0.000000e+00,0.000000e+00,0.000000e+00,0.000000e+00,0.000000e+00,0.000000e+00
1.000000e+00,0.000000e+00,0.000000e+00,0.000000e+00,0.000000e+00,0.000000e+00,0.000000e+00,0.000000e+00,0.000000e+00,0.000000e+00,0.000000e+00,0.000000e+00,0.000000e+00,0.000000e+00,0.000000e+00
1.000000e+00,0.000000e+00,0.000000e+00,0.000000e+00,0.000000e+00,0.000000e+00,0.000000e+00,0.000000e+00,0.000000e+00,0.000000e+00,0.000000e+00,0.000000e+00,0.000000e+00,0.000000e+00,0.000000e+00
1.000000e+00,0.000000e+00,0.000000e+00,0.000000e+00,0.000000e+00,0.000000e+00,0.000000e+00,0.000000e+00,0.000000e+00,0.000000e+00,0.000000e+00,0.000000e+00,0.000000e+00,0.000000e+00,0.000000e+00
1.000000e+00,0.000000e+00,0.000000e+00,0.000000e+00,0.000000e+00,0.000000e+00,0.000000e+00,0.000000e+00,0.000000e+00,0.000000e+00,0.000000e+00,0.000000e+00,0.000000e+00,0.000000e+00,0.000000e+00
1.000000e+00,0.000000e+00,0.000000e+00,0.000000e+00,0.000000e+00,0.000000e+00,0.000000e+00,0.000000e+00,0.000000e+00,0.000000e+00,0.000000e+00,0.000000e+00,0.000000e+00,0.000000e+00,0.000000e+00
1.000000e+00,0.000000e+00,0.000000e+00,0.000000e+00,0.000000e+00,0.000000e+00,0.000000e+00,0.000000e+00,0.000000e+00,0.000000e+00,0.000000e+00,0.000000e+00,0.000000e+00,0.000000e+00,0.000000e+00
1.000000e+00,0.000000e+00,0.000000e+00,0.000000e+00,0.000000e+00,0.000000e+00,0.000000e+00,0.000000e+00,0.000000e+00,0.000000e+00,0.000000e+00,0.000000e+00,0.000000e+00,0.000000e+00,0.000000e+00
1.000000e+00,0.000000e+00,0.000000e+00,0.000000e+00,0.000000e+00,0.000000e+00,0.000000e+00,0.000000e+00,0.000000e+00,0.000000e+00,0.000000e+00,0.000000e+00,0.000000e+00,0.000000e+00,0.000000e+00
1.000000e+00,0.000000e+00,0.000000e+00,0.000000e+00,0.000000e+00,0.000000e+00,0.000000e+00,0.000000e+00,0.000000e+00,0.000000e+00,0.000000e+00,0.000000e+00,0.000000e+00,0.000000e+00,0.000000e+00
1.000000e+00,0.000000e+00,0.000000e+00,0.000000e+00,0.000000e+00,0.000000e+00,0.000000e+00,0.000000e+00,0.000000e+00,0.000000e+00,0.000000e+00,0.000000e+00,0.000000e+00,0.000000e+00,0.000000e+00
1.000000e+00,0.000000e+00,0.000000e+00,0.000000e+00,0.000000e+00,0.000000e+00,0.000000e+00,0.000000e+00,0.000000e+00,0.000000e+00,0.000000e+00,0.000000e+00,0.000000e+00,0.000000e+00,0.000000e+00
1.000000e+00,0.000000e+00,0.000000e+00,0.000000e+00,0.000000e+00,0.000000e+00,0.000000e+00,0.000000e+00,0.000000e+00,0.000000e+00,0.000000e+00,0.000000e+00,0.000000e+00,0.000000e+00,0.000000e+00
1.000000e+00,0.000000e+00,0.000000e+00,0.000000e+00,0.000000e+00,0.000000e+00,0.000000e+00,0.000000e+00,0.000000e+00,0.000000e+00,0.000000e+00,0.000000e+00,0.000000e+00,0.000000e+00,0.000000e+00
1.000000e+00,0.000000e+00,0.000000e+00,0.000000e+00,0.000000e+00,0.000000e+00,0.000000e+00,0.000000e+00,0.000000e+00,0.000000e+00,0.000000e+00,0.000000e+00,0.000000e+00,0.000000e+00,0.000000e+00
1.000000e+00,0.000000e+00,0.000000e+00,0.000000e+00,0.000000e+00,0.000000e+00,0.000000e+00,0.000000e+00,0.000000e+00,0.000000e+00,0.000000e+00,0.000000e+00,0.000000e+00,0.000000e+00,0.000000e+00
1.000000e+00,0.000000e+00,0.000000e+00,0.000000e+00,0.000000e+00,0.000000e+00,0.000000e+00,0.000000e+00,0.000000e+00,0.000000e+00,0.000000e+00,0.000000e+00,0.000000e+00,0.000000e+00,0.000000e+00
1.000000e+00,0.000000e+00,0.000000e+00,0.000000e+00,0.000000e+00,0.000000e+00,0.000000e+00,0.000000e+00,0.000000e+00,0.000000e+00,0.000000e+00,0.000000e+00,0.000000e+00,0.000000e+00,0.000000e+00
1.000000e+00,0.000000e+00,0.000000e+00,0.000000e+00,0.000000e+00,0.000000e+00,0.000000e+00,0.000000e+00,0.000000e+00,0.000000e+00,0.000000e+00,0.000000e+00,0.000000e+00,0.000000e+00,0.000000e+00
1.000000e+00,0.000000e+00,0.000000e+00,0.000000e+00,0.000000e+00,0.000000e+00,0.000000e+00,0.000000e+00,0.000000e+00,0.000000e+00,0.000000e+00,0.000000e+00,0.000000e+00,0.000000e+00,0.000000e+00
1.000000e+00,0.000000e+00,0.000000e+00,0.000000e+00,0.000000e+00,0.000000e+00,0.000000e+00,0.000000e+00,0.000000e+00,0.000000e+00,0.000000e+00,0.000000e+00,0.000000e+00,0.000000e+00,0.000000e+00
1.000000e+00,0.000000e+00,0.000000e+00,0.000000e+00,0.000000e+00,0.000000e+00,0.000000e+00,0.000000e+00,0.000000e+00,0.000000e+00,0.000000e+00,0.000000e+00,0.000000e+00,0.000000e+00,0.000000e+00
1.000000e+00,0.000000e+00,0.000000e+00,0.000000e+00,0.000000e+00,0.000000e+00,0.000000e+00,0.000000e+00,0.000000e+00,0.000000e+00,0.000000e+00,0.000000e+00,0.000000e+00,0.000000e+00,0.000000e+00
1.000000e+00,0.000000e+00,0.000000e+00,0.000000e+00,0.000000e+00,0.000000e+00,0.000000e+00,0.000000e+00,0.000000e+00,0.000000e+00,0.000000e+00,0.000000e+00,0.000000e+00,0.000000e+00,0.000000e+00
1.000000e+00,0.000000e+00,0.000000e+00,0.000000e+00,0.000000e+00,0.000000e+00,0.000000e+00,0.000000e+00,0.000000e+00,0.000000e+00,0.000000e+00,0.000000e+00,0.000000e+00,0.000000e+00,0.000000e+00
1.000000e+00,0.000000e+00,0.000000e+00,0.000000e+00,0.000000e+00,0.000000e+00,0.000000e+00,0.000000e+00,0.000000e+00,0.000000e+00,0.000000e+00,0.000000e+00,0.000000e+00,0.000000e+00,0.000000e+00
1.000000e+00,0.000000e+00,0.000000e+00,0.000000e+00,0.000000e+00,0.000000e+00,0.000000e+00,0.000000e+00,0.000000e+00,0.000000e+00,0.000000e+00,0.000000e+00,0.000000e+00,0.000000e+00,0.000000e+00
1.000000e+00,0.000000e+00,0.000000e+00,0.000000e+00,0.000000e+00,0.000000e+00,0.000000e+00,0.000000e+00,0.000000e+00,0.000000e+00,0.000000e+00,0.000000e+00,0.000000e+00,0.000000e+00,0.000000e+00
1.000000e+00,0.000000e+00,0.000000e+00,0.000000e+00,0.000000e+00,0.000000e+00,0.000000e+00,0.000000e+00,0.000000e+00,0.000000e+00,0.000000e+00,0.000000e+00,0.000000e+00,0.000000e+00,0.000000e+00
1.000000e+00,0.000000e+00,0.000000e+00,0.000000e+00,0.000000e+00,0.000000e+00,0.000000e+00,0.000000e+00,0.000000e+00,0.000000e+00,0.000000e+00,0.000000e+00,0.000000e+00,0.000000e+00,0.000000e+00
1.000000e+00,0.000000e+00,0.000000e+00,0.000000e+00,0.000000e+00,0.000000e+00,0.000000e+00,0.000000e+00,0.000000e+00,0.000000e+00,0.000000e+00,0.000000e+00,0.000000e+00,0.000000e+00,0.000000e+00
1.000000e+00,0.000000e+00,0.000000e+00,0.000000e+00,0.000000e+00,0.000000e+00,0.000000e+00,0.000000e+00,0.000000e+00,0.000000e+00,0.000000e+00,0.000000e+00,0.000000e+00,0.000000e+00,0.000000e+00
1.000000e+00,0.000000e+00,0.000000e+00,0.000000e+00,0.000000e+00,0.000000e+00,0.000000e+00,0.000000e+00,0.000000e+00,0.000000e+00,0.000000e+00,0.000000e+00,0.000000e+00,0.000000e+00,0.000000e+00
1.000000e+00,0.000000e+00,0.000000e+00,0.000000e+00,0.000000e+00,0.000000e+00,0.000000e+00,0.000000e+00,0.000000e+00,0.000000e+00,0.000000e+00,0.000000e+00,0.000000e+00,0.000000e+00,0.000000e+00
1.000000e+00,0.000000e+00,0.000000e+00,0.000000e+00,0.000000e+00,0.000000e+00,0.000000e+00,0.000000e+00,0.000000e+00,0.000000e+00,0.000000e+00,0.000000e+00,0.000000e+00,0.000000e+00,0.000000e+00
1.000000e+00,0.000000e+00,0.000000e+00,0.000000e+00,0.000000e+00,0.000000e+00,0.000000e+00,0.000000e+00,0.000000e+00,0.000000e+00,0.000000e+00,0.000000e+00,0.000000e+00,0.000000e+00,0.000000e+00
1.000000e+00,0.000000e+00,0.000000e+00,0.000000e+00,0.000000e+00,0.000000e+00,0.000000e+00,0.000000e+00,0.000000e+00,0.000000e+00,0.000000e+00,0.000000e+00,0.000000e+00,0.000000e+00,0.000000e+00
1.000000e+00,0.000000e+00,0.000000e+00,0.000000e+00,0.000000e+00,0.000000e+00,0.000000e+00,0.000000e+00,0.000000e+00,0.000000e+00,0.000000e+00,0.000000e+00,0.000000e+00,0.000000e+00,0.000000e+00
3.845736e-01,1.555547e-02,1.233470e-02,2.688017e-02,6.317072e-02,6.756130e-02,6.513797e-03,3.696352e-01,4.950427e-03,2.126833e-03,1.222082e-02,1.263692e-02,9.799689e-03,2.485578e-03,9.554803e-03
2.840715e-01,1.809339e-02,1.502067e-02,2.725133e-02,1.866369e-01,8.164191e-02,7.438255e-03,3.162381e-01,4.155189e-03,2.056075e-02,1.187586e-02,9.142194e-03,7.622588e-03,2.577397e-03,7.673823e-03
2.027723e-01,1.520457e-02,1.245274e-02,2.154762e-02,3.062941e-01,8.336002e-02,6.578218e-03,2.487692e-01,3.777397e-03,6.135596e-02,1.282857e-02,7.009688e-03,6.096694e-03,4.356591e-03,7.596260e-03
1.441766e-01,1.148304e-02,9.490821e-03,1.579999e-02,3.988150e-01,7.177129e-02,6.548665e-03,1.892003e-01,3.593445e-03,1.009130e-01,1.808147e-02,6.155910e-03,5.021628e-03,1.069983e-02,8.248948e-03
1.065158e-01,9.494080e-03,7.256546e-03,1.142795e-02,4.796023e-01,6.513275e-02,5.531778e-03,1.423407e-01,4.358949e-03,9.365453e-02,2.596968e-02,7.111401e-03,5.815377e-03,1.707154e-02,1.871663e-02
9.697799e-02,8.928975e-03,6.177375e-03,8.908969e-03,5.016717e-01,5.962693e-02,5.068704e-03,1.076085e-01,5.338675e-03,9.393778e-02,3.620313e-02,9.322073e-03,5.987506e-03,2.722482e-02,2.701689e-02
1.475217e-01,9.360695e-03,6.581553e-03,1.084449e-02,4.439364e-01,6.598867e-02,3.910619e-03,8.766119e-02,5.786798e-03,6.781101e-02,3.305550e-02,8.441156e-03,5.772329e-03,5.260766e-02,5.072023e-02
1.184885e-01,5.144588e-02,5.707186e-03,4.070038e-02,3.222032e-01,7.981698e-02,3.298525e-03,6.283471e-02,2.574680e-02,5.415323e-02,3.594989e-02,9.912541e-03,1.267777e-02,4.343590e-02,1.336285e-01
8.493046e-02,1.599095e-01,5.429563e-03,6.566677e-02,2.298065e-01,7.856651e-02,2.552686e-03,4.408480e-02,4.458908e-02,4.259132e-02,3.879485e-02,9.734923e-03,1.507704e-02,3.343920e-02,1.448268e-01
6.004599e-02,2.679706e-01,7.091445e-03,7.592335e-02,1.619421e-01,5.800720e-02,2.117858e-03,3.087816e-02,4.687503e-02,3.495171e-02,3.443072e-02,8.296039e-03,1.263663e-02,2.474233e-02,1.740908e-01
4.255954e-02,3.239745e-01,9.178568e-03,1.107781e-01,1.136882e-01,4.215741e-02,1.577562e-03,2.166270e-02,4.408224e-02,2.811966e-02,3.736990e-02,6.697283e-03,9.933656e-03,1.838483e-02,1.898358e-01
3.128790e-02,3.299378e-01,9.615947e-03,9.974828e-02,8.000372e-02,4.587178e-02,1.160373e-03,1.525483e-02,4.831646e-02,2.830884e-02,1.197147e-01,6.867070e-03,8.318502e-03,1.767270e-02,1.579212e-01
2.238623e-02,2.491064e-01,7.102752e-03,7.709065e-02,5.617997e-02,3.333022e-02,8.270613e-04,1.070953e-02,4.916040e-02,2.169836e-02,3.236305e-01,7.315652e-03,6.707119e-03,1.593927e-02,1.188159e-01
1.576698e-02,1.768112e-01,5.042733e-03,5.506990e-02,3.946633e-02,2.377228e-02,5.944627e-04,7.510326e-03,4.040664e-02,1.711822e-02,5.073654e-01,7.653704e-03,5.722137e-03,1.237875e-02,8.532088e-02
1.113044e-02,1.248631e-01,3.578610e-03,3.938383e-02,2.784544e-02,1.703753e-02,4.363717e-04,5.281284e-03,3.960036e-02,1.262082e-02,6.329482e-01,1.060647e-02,4.342041e-03,1.019472e-02,6.013077e-02
7.926125e-03,8.820118e-02,2.564720e-03,2.810111e-02,1.954059e-02,1.346065e-02,3.183327e-04,3.716774e-03,3.092937e-02,9.112363e-03,7.270813e-01,1.501241e-02,3.348143e-03,8.364301e-03,4.232261e-02
6.269562e-03,6.367898e-02,2.220100e-03,2.145997e-02,1.422221e-02,1.306360e-02,3.872679e-04,2.958428e-03,3.897751e-02,6.904501e-03,7.649715e-01,2.418194e-02,2.732618e-03,7.755537e-03,3.021626e-02
6.602887e-03,4.629163e-02,2.158042e-03,1.583783e-02,1.024290e-02,1.054426e-02,3.966038e-04,2.653376e-03,3.204487e-02,5.496618e-03,7.997658e-01,3.320638e-02,2.172779e-03,1.114647e-02,2.143953e-02
7.161521e-03,3.713898e-02,2.357034e-03,1.217966e-02,7.553053e-03,9.393985e-03,4.356753e-04,2.585781e-03,3.274479e-02,5.257509e-03,7.952630e-01,5.262744e-02,1.773699e-03,1.807268e-02,1.545522e-02
5.734430e-03,2.870386e-02,1.736968e-03,9.064516e-03,5.660952e-03,7.703775e-03,4.199059e-04,2.106791e-03,4.380467e-02,5.233130e-03,7.943516e-01,6.122048e-02,1.528787e-03,2.159883e-02,1.113128e-02
4.562164e-03,2.060447e-02,1.234335e-03,6.578075e-03,4.194601e-03,6.021075e-03,3.270997e-04,1.604836e-03,3.757823e-02,4.557265e-03,8.261489e-01,5.784059e-02,1.358600e-03,1.948084e-02,7.909011e-03
5.202547e-03,1.827070e-02,1.194599e-03,4.950813e-03,8.507784e-03,6.886853e-03,6.318431e-04,3.497795e-03,1.156538e-01,5.127041e-03,7.449483e-01,5.486231e-02,1.595084e-03,2.285692e-02,5.813624e-03
5.233199e-03,1.319973e-02,1.250613e-03,4.102728e-03,9.065042e-03,6.323116e-03,1.118413e-03,1.517720e-02,1.014620e-01,4.304502e-03,7.682192e-01,4.495198e-02,1.586159e-03,1.987178e-02,4.134375e-03
4.304321e-03,1.326448e-02,1.191351e-03,3.293831e-03,1.022685e-02,5.430898e-03,1.003460e-03,1.356928e-02,1.952500e-01,3.701777e-03,6.910884e-01,3.700133e-02,1.532857e-03,1.612098e-02,3.020187e-03
3.809018e-03,1.855936e-02,4.195651e-03,1.154030e-02,2.050992e-02,5.460743e-03,9.902888e-04,1.587516e-02,2.561610e-01,3.752737e-03,6.137444e-01,2.780533e-02,1.853040e-03,1.244065e-02,3.302407e-03
3.674323e-03,3.000710e-02,6.579789e-03,9.565255e-03,3.080564e-02,5.719518e-03,1.080976e-03,1.499554e-02,4.077301e-01,2.931186e-03,4.538163e-01,1.991070e-02,1.446293e-03,8.997682e-03,2.739578e-03
3.219133e-03,4.351959e-02,6.911904e-03,8.047467e-03,2.918652e-02,6.253760e-03,8.369575e-04,1.188752e-02,5.461471e-01,2.169592e-03,3.181332e-01,1.397170e-02,1.146881e-03,6.339040e-03,2.229643e-03
4.752916e-03,4.441030e-02,1.214100e-02,1.054898e-02,2.831078e-02,6.721105e-03,6.848081e-04,1.441927e-02,6.343091e-01,1.753294e-03,2.235154e-01,1.010247e-02,1.159893e-03,4.532042e-03,2.638791e-03
9.187533e-03,4.251058e-02,1.003578e-02,8.985465e-03,4.118838e-02,5.644857e-03,7.539259e-04,3.109959e-02,6.774794e-01,1.420185e-03,1.569463e-01,7.310126e-03,1.063083e-03,3.317998e-03,3.056812e-03
1.703649e-02,5.076275e-02,2.156222e-02,1.446615e-02,4.457980e-02,4.615749e-03,8.847404e-04,5.821365e-02,6.584114e-01,1.564535e-03,1.110864e-01,6.211717e-03,1.341077e-03,2.576282e-03,6.687089e-03
3.691531e-02,4.112532e-02,1.796472e-02,1.397950e-02,5.130030e-02,4.318535e-03,1.161522e-03,6.893843e-02,6.694269e-01,1.361974e-03,7.845949e-02,5.427727e-03,1.349442e-03,2.051918e-03,6.218895e-03
7.183789e-02,4.125768e-02,1.655267e-02,1.665239e-02,7.816923e-02,4.354209e-03,1.515640e-03,7.579264e-02,6.223131e-01,1.448940e-03,5.562448e-02,4.930820e-03,1.249893e-03,1.735875e-03,6.564487e-03
7.352263e-02,4.863758e-02,7.289711e-02,1.096039e-01,7.503028e-02,3.951673e-03,1.232531e-03,8.758932e-02,4.611726e-01,3.804835e-03,3.997906e-02,5.364398e-03,1.792484e-03,1.425728e-03,1.399582e-02
8.684248e-02,3.996407e-02,7.628199e-02,1.865084e-01,1.088658e-01,5.180870e-03,1.165696e-03,9.036157e-02,3.421735e-01,3.741772e-03,3.051274e-02,7.342349e-03,6.578607e-03,1.178855e-03,1.330128e-02
8.715598e-02,2.909496e-02,5.941757e-02,1.718384e-01,2.490710e-01,6.278616e-03,1.183510e-03,6.826678e-02,2.478578e-01,2.874595e-03,2.344855e-02,7.371830e-03,3.534295e-02,9.230071e-04,9.874309e-03
1.257717e-01,2.323736e-02,4.398268e-02,1.424573e-01,3.236225e-01,7.553624e-03,1.498443e-03,5.290443e-02,1.835621e-01,2.553319e-03,2.063097e-02,1.016149e-02,5.302374e-02,9.593019e-04,8.080942e-03
1.829746e-01,2.575020e-02,3.326246e-02,1.093407e-01,2.930162e-01,1.279404e-02,2.940483e-03,4.430081e-02,1.482557e-01,2.766264e-03,2.753256e-02,1.226497e-02,9.395313e-02,2.199447e-03,8.648444e-03
2.278087e-01,2.449007e-02,2.583788e-02,8.455800e-02,2.106886e-01,1.357907e-02,3.591220e-03,3.382088e-02,1.117675e-01,4.085785e-03,2.735934e-02,1.572896e-02,2.032172e-01,3.237389e-03,1.022923e-02
2.087852e-01,2.044989e-02,1.982014e-02,6.380761e-02,1.499412e-01,1.586466e-02,3.687456e-03,2.633107e-02,8.139664e-02,3.380959e-03,2.387762e-02,2.551918e-02,3.446983e-01,3.887962e-03,8.552082e-03
2.702073e-01,2.171695e-02,1.570795e-02,4.815163e-02,1.064875e-01,2.519142e-02,4.632773e-03,2.058059e-02,6.135183e-02,3.102316e-03,1.868811e-02,3.967127e-02,3.497133e-01,6.760280e-03,8.036660e-03
1.924142e-01,1.573125e-02,1.124721e-02,3.438744e-02,7.484050e-02,1.854004e-02,3.437532e-03,1.480610e-02,4.499321e-02,2.434614e-03,1.549302e-02,4.686821e-02,5.125750e-01,6.382788e-03,5.848737e-03
1.381267e-01,1.140589e-02,7.992313e-03,2.430431e-02,5.344287e-02,1.346684e-02,2.466269e-03,1.041162e-02,7.948749e-02,1.882316e-03,1.225585e-02,4.313495e-02,5.929255e-01,4.564366e-03,4.132678e-03
1.050882e-01,8.092307e-03,5.812920e-03,1.735065e-02,3.876277e-02,1.120951e-02,1.804815e-03,7.483822e-03,6.233899e-02,1.567273e-03,1.118874e-02,5.513250e-02,6.678483e-01,3.391678e-03,2.927567e-03
7.829244e-02,5.823513e-03,4.142581e-03,1.232269e-02,2.814417e-02,1.005083e-02,1.367651e-03,5.382179e-03,4.863802e-02,1.668209e-03,1.056057e-02,1.597389e-01,6.292001e-01,2.537721e-03,2.130438e-03
5.576736e-02,4.170077e-03,2.967251e-03,8.720943e-03,2.025111e-02,7.449562e-03,1.020120e-03,3.926025e-03,3.594305e-02,3.166589e-03,9.324169e-03,3.131177e-01,5.305578e-01,1.992090e-03,1.626251e-03
3.909921e-02,2.946481e-03,2.095411e-03,6.138022e-03,1.526592e-02,5.281271e-03,7.636835e-04,2.837197e-03,2.683696e-02,2.652111e-03,8.448294e-03,4.406496e-01,4.443713e-01,1.434330e-03,1.180189e-03
2.744211e-02,2.237715e-03,2.025003e-03,4.364045e-03,1.175667e-02,3.850085e-03,6.357638e-04,2.903822e-03,2.105256e-02,3.928291e-03,6.724226e-03,4.974627e-01,4.136445e-01,1.091418e-03,8.810633e-04
1.932283e-02,1.694822e-03,1.723124e-03,3.239364e-03,1.321827e-02,2.816465e-03,6.397655e-04,6.244698e-03,2.333450e-02,5.658211e-03,5.316763e-03,5.683832e-01,3.469678e-01,8.058302e-04,6.343944e-04
1.369071e-02,1.300451e-03,1.421132e-03,2.537742e-03,1.943361e-02,2.179277e-03,6.089145e-04,1.089983e-02,2.791095e-02,6.675053e-03,4.566920e-03,6.222962e-01,2.854145e-01,6.031608e-04,4.615872e-04
1.001273e-02,1.312491e-03,1.790359e-03,2.028332e-03,3.305506e-02,1.856163e-03,6.608418e-04,1.656777e-02,5.171298e-02,1.155617e-02,4.413184e-03,6.508858e-01,2.132428e-01,5.565871e-04,3.487543e-04
7.711925e-03,1.714753e-03,2.164736e-03,1.612487e-03,4.071457e-02,1.553620e-03,6.095498e-04,2.868697e-02,9.639558e-02,1.766311e-02,4.620337e-03,6.368980e-01,1.588834e-01,5.126498e-04,2.583203e-04
1.008810e-02,3.647727e-03,2.941243e-03,1.743473e-03,3.946512e-02,2.448350e-03,5.134192e-04,4.047767e-02,1.211023e-01,2.941022e-02,5.684407e-03,6.254624e-01,1.160317e-01,7.634261e-04,2.204581e-04
9.116964e-03,4.821518e-03,2.780852e-03,1.672436e-03,4.472049e-02,1.884217e-03,4.056576e-04,5.795231e-02,2.178042e-01,2.979920e-02,6.265161e-03,5.372069e-01,8.463126e-02,7.590170e-04,1.798768e-04
1.396692e-02,4.881306e-03,4.741522e-03,5.629719e-03,5.123065e-02,4.862222e-03,3.875064e-04,7.664803e-02,2.362141e-01,3.221479e-02,7.981318e-03,4.957267e-01,6.424384e-02,1.024123e-03,2.473388e-04
1.083422e-02,5.487561e-03,3.513892e-03,4.306558e-03,4.255140e-02,3.684445e-03,3.664073e-04,5.646418e-02,3.959705e-01,2.709048e-02,7.400728e-03,3.941774e-01,4.712315e-02,8.035406e-04,2.255422e-04
8.730535e-03,4.699011e-03,2.721288e-03,4.100913e-03,3.321436e-02,2.951226e-03,3.595827e-04,4.886838e-02,4.805990e-01,2.177355e-02,7.510440e-03,3.457782e-01,3.782539e-02,6.401868e-04,2.279414e-04
9.694926e-03,4.777575e-03,3.057962e-03,6.439723e-03,2.772457e-02,2.531972e-03,3.358653e-04,5.188566e-02,5.646665e-01,1.785241e-02,8.392763e-03,2.709537e-01,3.075972e-02,6.038512e-04,3.228025e-04
8.596893e-03,4.272677e-03,2.801186e-03,6.564270e-03,3.087938e-02,2.348486e-03,4.346703e-04,5.350817e-02,6.497203e-01,1.311813e-02,6.346697e-03,1.969674e-01,2.363358e-02,4.652640e-04,3.428227e-04
7.237424e-03,4.297504e-03,3.422838e-03,1.030754e-02,2.873603e-02,3.140704e-03,4.086747e-04,4.609887e-02,7.247748e-01,9.654433e-03,4.681597e-03,1.393425e-01,1.702364e-02,3.628566e-04,5.106005e-04
6.877398e-03,3.996694e-03,2.620684e-03,9.406362e-03,3.872725e-02,2.957370e-03,4.660778e-04,3.635466e-02,7.773353e-01,6.911570e-03,3.505278e-03,9.787627e-02,1.203745e-02,2.785900e-04,6.490403e-04
8.223446e-03,4.233187e-03,2.141342e-03,1.576548e-02,5.428611e-02,3.294749e-03,5.697247e-04,3.413457e-02,7.904173e-01,5.138502e-03,2.719215e-03,6.887416e-02,8.615777e-03,2.271777e-04,1.359294e-03
1.699926e-02,4.162747e-03,1.947759e-03,1.461987e-02,1.455232e-01,4.730625e-03,9.057716e-04,3.401274e-02,7.131801e-01,3.775700e-03,2.409455e-03,4.857981e-02,6.308040e-03,2.440143e-04,2.600993e-03
1.980455e-02,4.563413e-03,2.983862e-03,3.032342e-02,1.640509e-01,4.065579e-03,1.194296e-03,7.315789e-02,6.524535e-01,3.052980e-03,1.998826e-03,3.436732e-02,4.665328e-03,2.681307e-04,3.049921e-03
2.360413e-02,4.882689e-03,3.111820e-03,3.079191e-02,1.780713e-01,3.945202e-03,1.245583e-03,1.270681e-01,5.925411e-01,2.360905e-03,1.598856e-03,2.433020e-02,3.386008e-03,3.025029e-04,2.759727e-03
4.331702e-02,5.685863e-03,3.171400e-03,2.563979e-02,1.995212e-01,4.417367e-03,1.889644e-03,1.188454e-01,5.704670e-01,2.374222e-03,1.327032e-03,1.744200e-02,2.516778e-03,3.050529e-04,3.080185e-03
7.441056e-02,9.400156e-03,3.892917e-03,2.068868e-02,1.900648e-01,7.139897e-03,1.853891e-03,1.005917e-01,5.642506e-01,3.854742e-03,1.358740e-03,1.256887e-02,1.887442e-03,3.993073e-04,7.637616e-03
8.122544e-02,2.888058e-02,4.741166e-02,8.665245e-02,1.477083e-01,5.445239e-03,1.490434e-03,7.679547e-02,4.057669e-01,1.167900e-02,2.176485e-03,1.122453e-02,2.373457e-03,5.180317e-04,9.065199e-02
9.855349e-02,2.550011e-02,6.860784e-02,7.766828e-02,1.671685e-01,4.499554e-03,2.483898e-03,1.101826e-01,3.594989e-01,8.672225e-03,1.746226e-03,8.166537e-03,1.910081e-03,4.241966e-04,6.491762e-02
1.003251e-01,2.206684e-02,5.692748e-02,6.099102e-02,2.067458e-01,3.910465e-03,6.271857e-03,1.137497e-01,3.669647e-01,6.696908e-03,1.397282e-03,5.995094e-03,1.574633e-03,4.104790e-04,4.597271e-02
1.019962e-01,1.846725e-02,7.873240e-02,2.178471e-01,1.496220e-01,4.098904e-03,4.531217e-03,8.510740e-02,2.670315e-01,6.641067e-03,2.284612e-02,5.972669e-03,2.568521e-03,7.952238e-04,3.374250e-02
7.693878e-02,1.437914e-02,6.504814e-02,2.879261e-01,1.070213e-01,3.426519e-03,3.245220e-03,6.063408e-02,1.901922e-01,5.710318e-03,1.475240e-01,5.425368e-03,6.536088e-03,1.222519e-03,2.477019e-02
8.448458e-02,1.232874e-02,4.890047e-02,3.377594e-01,9.423075e-02,3.353271e-03,2.528683e-03,4.883411e-02,1.344241e-01,4.292102e-03,1.921235e-01,7.123229e-03,1.013718e-02,1.256259e-03,1.822356e-02
1.088255e-01,1.125647e-02,4.527743e-02,3.001059e-01,7.803192e-02,6.204247e-03,2.286837e-03,3.921045e-02,9.571667e-02,5.694619e-03,2.669060e-01,7.253390e-03,1.561871e-02,1.633313e-03,1.597857e-02
1.257665e-01,1.257887e-02,3.828378e-02,2.343640e-01,7.634737e-02,1.727336e-02,2.657957e-03,3.272313e-02,7.132605e-02,1.358162e-02,3.312901e-01,8.445700e-03,1.703215e-02,4.794096e-03,1.353535e-02
1.323758e-01,1.640318e-02,6.524793e-02,2.283213e-01,9.454986e-02,2.294017e-02,4.713292e-03,3.432456e-02,5.787972e-02,1.744141e-02,2.750804e-01,1.452322e-02,2.110981e-02,4.661307e-03,1.042815e-02
1.218538e-01,1.638673e-02,6.091448e-02,1.882669e-01,7.388431e-02,1.922264e-02,4.792470e-03,3.364735e-02,4.403754e-02,4.428376e-02,3.097225e-01,2.110679e-02,3.933069e-02,1.307391e-02,9.476105e-03
9.462138e-02,1.256182e-02,4.668631e-02,1.498523e-01,5.281868e-02,1.587909e-02,4.068689e-03,2.499793e-02,3.350415e-02,6.880591e-02,3.068329e-01,1.043562e-01,6.571297e-02,1.153533e-02,7.766322e-03
6.768240e-02,9.933438e-03,3.603037e-02,1.171900e-01,3.849065e-02,1.279263e-02,3.047640e-03,1.829776e-02,2.739133e-02,1.553860e-01,2.530895e-01,1.124630e-01,1.170114e-01,1.257314e-02,1.862087e-02
4.866911e-02,7.531470e-03,2.935934e-02,8.512630e-02,3.080072e-02,1.368181e-02,3.644376e-03,1.443373e-02,2.353187e-02,2.202218e-01,2.309483e-01,1.156199e-01,1.470432e-01,1.282694e-02,1.656102e-02
3.633194e-02,8.627103e-03,2.965336e-02,6.366798e-02,2.590688e-02,1.780223e-02,3.847328e-03,1.297686e-02,2.252877e-02,2.851421e-01,1.789545e-01,1.060817e-01,1.542013e-01,1.603353e-02,3.824442e-02
3.183186e-02,1.086573e-02,4.605756e-02,4.914712e-02,2.471029e-02,4.463236e-02,6.370814e-03,1.143058e-02,2.049604e-02,2.720633e-01,1.367864e-01,1.024667e-01,1.564921e-01,2.013111e-02,6.651799e-02
4.744801e-02,1.191175e-02,1.137989e-01,8.152694e-02,2.381424e-02,1.029242e-01,6.023848e-03,1.057941e-02,2.744153e-02,2.054207e-01,9.805901e-02,7.703563e-02,1.239109e-01,1.626324e-02,5.384168e-02
4.311954e-02,1.164975e-02,9.175318e-02,7.382785e-02,1.833812e-02,1.231235e-01,6.115493e-03,9.001893e-03,2.657326e-02,1.643927e-01,9.035443e-02,8.734569e-02,1.831724e-01,1.677704e-02,5.445526e-02
3.478347e-02,9.577126e-03,7.511291e-02,6.501433e-02,1.361564e-02,9.765762e-02,4.692617e-03,6.533106e-03,2.282940e-02,1.430506e-01,1.576012e-01,1.357301e-01,1.792049e-01,1.314624e-02,4.145073e-02
3.021416e-02,9.936897e-03,5.824734e-02,5.373120e-02,1.214772e-02,7.382540e-02,4.827568e-03,5.877416e-03,2.259139e-02,1.523500e-01,1.251813e-01,1.200544e-01,2.459815e-01,1.350879e-02,7.152495e-02
2.385361e-02,8.089602e-03,4.353148e-02,4.034006e-02,1.031059e-02,5.427865e-02,4.249059e-03,5.824314e-03,2.038670e-02,1.843942e-01,9.680069e-02,1.195749e-01,2.344446e-01,1.606073e-02,1.378608e-01
2.067449e-02,7.052642e-03,3.192433e-02,3.267584e-02,7.002212e-02,3.934978e-02,6.209880e-03,6.321195e-03,3.889763e-02,1.613695e-01,8.897064e-02,9.614975e-02,2.140277e-01,1.548624e-02,1.708682e-01
1.814766e-02,7.084166e-03,3.668481e-02,2.685847e-02,6.107975e-02,2.984085e-02,2.023570e-02,1.231204e-02,3.455562e-02,1.532105e-01,6.852417e-02,1.396010e-01,1.897353e-01,1.826948e-02,1.838605e-01
2.063670e-02,7.468338e-03,2.797841e-02,2.093138e-02,4.925742e-02,2.337491e-02,1.497450e-02,1.210581e-02,2.703075e-02,1.268548e-01,5.272606e-02,2.318414e-01,2.142976e-01,1.634463e-02,1.541773e-01
2.573860e-02,1.078998e-02,2.371097e-02,1.528463e-02,4.360631e-02,2.696928e-02,1.232559e-02,1.546647e-02,2.298173e-02,9.399803e-02,3.932996e-02,3.473693e-01,1.933672e-01,1.271061e-02,1.163513e-01
3.076569e-02,1.438352e-02,2.395047e-02,1.177775e-02,4.374038e-02,2.736954e-02,1.135008e-02,2.465376e-02,2.369239e-02,7.547500e-02,2.922212e-02,4.377688e-01,1.505434e-01,9.792585e-03,8.551443e-02
3.225355e-02,1.321115e-02,1.916583e-02,8.578624e-03,3.701945e-02,2.732865e-02,1.115816e-02,2.275261e-02,1.983000e-02,5.371840e-02,2.180954e-02,5.522115e-01,1.134997e-01,7.121585e-03,6.034123e-02
3.921035e-02,1.448776e-02,2.916728e-02,6.625861e-03,3.228059e-02,2.614140e-02,1.346274e-02,3.984226e-02,2.044308e-02,3.873355e-02,1.610249e-02,5.882582e-01,8.673546e-02,5.700598e-03,4.280834e-02
5.980764e-02,2.810367e-02,4.411822e-02,6.716328e-03,2.792504e-02,4.131195e-02,1.393435e-02,5.248514e-02,2.898495e-02,2.854020e-02,1.172346e-02,5.523839e-01,6.812621e-02,4.798037e-03,3.104093e-02
5.599220e-02,3.986206e-02,3.269364e-02,5.132756e-03,2.163460e-02,5.603253e-02,1.375573e-02,4.036962e-02,3.838256e-02,2.076075e-02,8.824397e-03,5.897794e-01,5.086404e-02,3.525031e-03,2.239071e-02
5.310120e-02,3.768715e-02,2.395314e-02,3.959445e-03,1.730715e-02,7.461455e-02,1.594346e-02,3.116535e-02,5.018285e-02,1.575347e-02,6.765947e-03,6.047714e-01,4.559563e-02,2.709754e-03,1.648954e-02
6.664349e-02,8.957358e-02,2.447790e-02,2.563513e-02,1.438376e-02,1.072469e-01,1.312285e-02,2.882106e-02,8.621253e-02,1.339252e-02,5.137216e-03,4.707262e-01,3.462920e-02,2.243406e-03,1.775436e-02
7.871796e-02,8.307706e-02,1.823289e-02,2.111747e-02,1.252219e-02,1.301932e-01,1.052903e-02,2.907780e-02,9.090024e-02,9.814154e-03,4.160573e-03,4.569910e-01,3.791029e-02,2.172760e-03,1.458345e-02
8.852850e-02,6.922403e-02,1.327085e-02,1.681662e-02,1.227405e-02,1.649525e-01,1.081110e-02,2.676420e-02,8.734705e-02,7.425285e-03,3.247284e-03,4.349198e-01,5.071490e-02,1.818795e-03,1.188511e-02
7.616689e-02,7.016221e-02,9.838261e-03,1.296695e-02,1.222643e-02,2.443778e-01,9.952190e-03,2.449872e-02,1.033408e-01,5.872815e-03,2.771647e-03,3.677658e-01,4.815239e-02,1.767267e-03,1.013989e-02
6.569016e-02,6.009014e-02,8.020815e-03,1.034743e-02,1.116572e-02,3.341525e-01,1.238875e-02,3.981436e-02,1.150964e-01,4.762041e-03,2.430019e-03,2.794454e-01,4.593346e-02,1.482266e-03,9.180607e-03
6.867521e-02,5.895900e-02,1.911847e-02,9.692310e-02,1.095781e-02,3.457922e-01,9.318206e-03,4.621449e-02,9.245497e-02,4.347062e-03,2.326508e-03,1.973535e-01,3.656190e-02,1.206642e-03,9.791027e-03
7.946475e-02,4.823832e-02,1.726133e-02,1.016520e-01,1.128555e-02,3.924443e-01,8.912140e-03,4.637840e-02,8.239570e-02,4.878089e-03,3.647564e-03,1.476998e-01,4.546587e-02,1.201778e-03,9.074513e-03
8.453196e-02,3.648653e-02,1.387308e-02,9.623688e-02,1.385628e-02,4.542230e-01,8.252744e-03,3.972062e-02,7.556050e-02,4.434085e-03,6.313596e-03,1.141847e-01,4.312787e-02,1.121838e-03,8.076413e-03
9.156102e-02,3.692085e-02,1.437795e-02,1.936024e-01,1.235293e-02,3.692594e-01,6.228720e-03,3.975329e-02,7.902016e-02,5.227323e-03,1.132472e-02,8.910228e-02,3.464952e-02,1.471862e-03,1.514765e-02
9.576447e-02,3.713382e-02,1.436449e-02,1.896338e-01,1.619947e-02,3.076812e-01,6.877089e-03,5.034469e-02,1.089522e-01,5.988648e-03,2.242178e-02,6.922877e-02,5.075810e-02,1.734042e-03,2.291746e-02
1.341801e-01,5.304757e-02,2.120622e-02,1.559441e-01,1.624386e-02,2.438663e-01,5.877433e-03,5.065640e-02,9.988021e-02,9.608723e-03,2.028784e-02,5.355158e-02,1.077933e-01,2.204269e-03,2.565206e-02
1.133381e-01,4.056585e-02,7.586094e-02,2.549024e-01,1.291238e-02,1.738480e-01,4.273289e-03,6.603078e-02,8.701537e-02,8.376307e-03,1.780619e-02,3.891214e-02,8.323381e-02,2.270410e-03,2.065398e-02
1.195022e-01,3.273727e-02,1.166384e-01,2.656380e-01,1.187249e-02,1.313281e-01,3.667328e-03,6.904870e-02,8.744482e-02,1.270789e-02,2.330341e-02,3.069588e-02,6.600752e-02,3.939860e-03,2.546814e-02
1.124995e-01,3.833463e-02,1.819724e-01,2.123761e-01,1.274463e-02,1.049462e-01,3.480424e-03,8.126946e-02,8.803096e-02,1.491150e-02,2.204720e-02,2.398512e-02,5.402802e-02,5.166112e-03,4.420782e-02
9.564383e-02,3.034463e-02,2.952129e-01,1.774785e-01,1.149614e-02,7.794649e-02,3.449330e-03,8.979881e-02,6.860705e-02,1.700308e-02,1.800504e-02,1.763510e-02,4.051136e-02,4.730162e-03,5.213760e-02
6.992783e-02,2.167700e-02,4.458736e-01,1.433679e-01,9.173615e-03,5.485424e-02,2.621774e-03,8.267891e-02,5.072703e-02,1.750168e-02,1.428072e-02,1.258173e-02,2.901037e-02,3.706972e-03,4.201657e-02
5.479014e-02,1.625073e-02,3.763050e-01,1.055775e-01,1.001831e-02,3.883805e-02,4.433377e-03,2.690074e-01,3.678159e-02,1.308398e-02,1.055723e-02,8.865692e-03,2.066320e-02,2.694110e-03,3.213366e-02
4.621523e-02,1.280852e-02,3.475492e-01,8.168479e-02,1.158900e-02,2.805033e-02,7.469811e-03,3.677605e-01,2.666271e-02,1.111362e-02,7.949515e-03,6.458501e-03,1.537007e-02,2.070237e-03,2.724801e-02
3.854834e-02,9.581456e-03,2.831475e-01,6.032557e-02,9.840818e-03,2.003572e-02,9.418560e-03,4.971908e-01,1.916947e-02,9.461940e-03,5.990530e-03,4.632554e-03,1.133668e-02,1.529661e-03,1.979048e-02
2.982748e-02,6.887336e-03,2.025474e-01,4.262728e-02,8.838293e-03,1.419954e-02,7.806972e-03,6.357032e-01,1.365441e-02,7.115880e-03,4.278211e-03,3.287725e-03,8.078688e-03,1.111764e-03,1.403586e-02
2.239327e-02,4.924842e-03,1.432257e-01,2.999575e-02,7.789102e-03,1.014226e-02,6.039738e-03,7.382010e-01,9.743880e-03,5.339375e-03,3.027788e-03,2.339494e-03,6.029427e-03,8.557700e-04,9.952618e-03
1.773058e-02,3.594441e-03,1.018850e-01,2.116266e-02,7.243523e-03,7.373495e-03,4.438572e-03,8.093445e-01,7.129797e-03,3.946359e-03,2.145638e-03,1.672188e-03,4.380385e-03,7.331087e-04,7.219720e-03
1.465502e-02,2.624043e-03,7.166187e-02,1.498982e-02,6.148682e-03,5.520414e-03,3.209952e-03,8.610723e-01,5.496019e-03,2.852286e-03,1.554162e-03,1.225734e-03,3.211055e-03,5.725832e-04,5.206019e-03
1.372779e-02,2.028580e-03,5.044019e-02,1.078169e-02,5.101696e-03,5.099812e-03,2.600432e-03,8.945175e-01,4.065142e-03,2.060980e-03,1.165820e-03,1.082982e-03,2.707604e-03,4.721346e-04,4.147567e-03
1.438604e-02,1.627142e-03,3.559893e-02,7.733615e-03,4.712853e-03,4.540370e-03,3.189595e-03,9.152451e-01,3.098011e-03,1.491925e-03,8.604957e-04,8.786601e-04,2.785429e-03,3.675041e-04,3.484286e-03
1.915950e-02,1.309890e-03,2.561719e-02,5.833157e-03,4.016011e-03,4.424810e-03,3.395669e-03,9.257901e-01,2.694809e-03,1.073222e-03,6.764628e-04,7.458521e-04,2.448031e-03,2.728450e-04,2.542394e-03
4.611579e-02,1.407147e-03,1.892311e-02,4.772504e-03,5.256560e-03,1.059433e-02,6.040056e-03,8.936796e-01,3.354684e-03,8.337909e-04,7.384121e-04,1.731017e-03,3.969845e-03,2.739941e-04,2.309032e-03
6.852037e-02,1.495951e-03,1.410626e-02,3.804519e-03,7.195713e-03,1.184450e-02,9.040684e-03,8.695287e-01,4.089519e-03,6.420850e-04,7.648221e-04,2.075376e-03,4.612608e-03,2.423102e-04,2.036580e-03
6.392247e-02,1.133959e-03,1.001394e-02,3.093210e-03,6.337619e-03,8.619932e-03,7.225647e-03,8.887287e-01,3.159691e-03,4.611688e-04,6.402647e-04,1.660254e-03,3.334041e-03,1.804337e-04,1.488666e-03
7.789057e-02,1.465962e-03,7.771175e-03,4.056200e-03,1.307230e-02,9.158498e-03,9.307567e-03,7.838775e-01,1.461148e-02,8.195825e-03,1.872210e-02,7.073845e-03,3.667735e-02,1.003065e-03,7.116525e-03
1.472501e-01,1.880349e-03,5.903264e-03,5.189302e-03,1.602532e-02,9.996053e-03,1.971157e-02,6.291953e-01,1.444077e-02,5.162474e-02,2.789186e-02,1.004891e-02,4.393812e-02,2.455965e-03,1.444842e-02
2.278036e-01,1.979441e-03,6.381812e-03,5.037710e-03,1.610229e-02,1.019054e-02,1.712125e-02,5.004309e-01,1.408961e-02,4.653234e-02,2.967621e-02,1.010251e-02,5.496125e-02,4.697336e-03,5.489320e-02
2.753757e-01,4.923603e-03,5.407063e-03,7.155991e-03,2.540033e-02,1.844415e-02,2.914791e-02,3.821539e-01,2.058472e-02,4.467187e-02,2.429129e-02,4.154760e-02,7.174398e-02,5.300895e-03,4.385097e-02
3.199205e-01,1.244061e-02,5.031152e-03,5.958281e-03,2.869414e-02,1.749281e-02,4.699969e-02,2.754491e-01,2.370039e-02,3.439590e-02,1.840245e-02,7.921618e-02,9.208829e-02,6.062742e-03,3.414771e-02
3.136224e-01,1.263140e-02,3.895742e-03,4.525032e-03,2.266442e-02,1.435518e-02,4.090771e-02,1.934471e-01,2.201721e-02,2.509226e-02,1.799746e-02,8.448690e-02,2.117945e-01,5.618186e-03,2.694456e-02
4.536822e-01,1.573256e-02,3.451004e-03,4.012287e-03,1.775735e-02,1.180260e-02,3.203125e-02,1.356968e-01,1.952594e-02,1.881927e-02,1.360993e-02,7.615010e-02,1.723517e-01,4.455428e-03,2.092159e-02
4.568379e-01,1.521018e-02,3.045487e-03,3.478952e-03,1.620035e-02,2.315189e-02,2.529147e-02,9.540661e-02,2.713411e-02,1.643309e-02,1.221449e-02,1.164070e-01,1.684883e-01,4.659210e-03,1.604095e-02
4.295960e-01,1.591686e-02,2.392630e-03,3.362648e-03,1.470615e-02,3.654443e-02,2.154066e-02,6.727776e-02,3.676844e-02,1.658154e-02,1.030690e-02,1.655142e-01,1.628677e-01,3.978229e-03,1.264573e-02
3.876897e-01,2.269543e-02,2.793603e-03,3.528757e-03,1.813880e-02,4.612601e-02,2.833530e-02,4.960186e-02,6.163760e-02,1.859408e-02,9.171911e-03,2.115375e-01,1.243438e-01,3.944480e-03,1.186118e-02
3.602688e-01,8.151592e-02,2.727930e-03,3.467745e-03,1.551121e-02,5.702955e-02,2.400796e-02,3.583891e-02,6.850382e-02,1.615131e-02,8.166939e-03,2.156909e-01,9.691241e-02,3.678544e-03,1.052809e-02
3.207298e-01,1.362361e-01,2.364506e-03,4.027070e-03,1.255446e-02,8.516674e-02,1.985721e-02,2.551611e-02,1.027570e-01,1.255467e-02,6.326372e-03,1.876117e-01,7.113909e-02,3.001226e-03,1.015793e-02
2.286083e-01,1.919123e-01,2.733644e-03,8.522150e-03,9.543735e-03,1.419601e-01,1.407909e-02,1.809750e-02,1.629083e-01,1.075362e-02,4.973919e-03,1.392211e-01,5.352343e-02,2.287929e-03,1.087497e-02
1.624438e-01,1.976789e-01,3.068639e-03,8.118670e-03,8.070439e-03,2.239021e-01,1.009224e-02,1.320103e-02,2.064011e-01,1.007298e-02,3.808533e-03,1.030185e-01,3.889563e-02,1.677544e-03,9.549895e-03
1.300760e-01,2.048071e-01,3.014656e-03,9.026432e-03,1.838128e-02,2.671024e-01,8.717631e-03,1.490640e-02,2.172734e-01,8.568877e-03,3.129262e-03,7.385723e-02,3.004505e-02,1.328861e-03,9.765455e-03
9.613989e-02,1.853084e-01,6.388374e-03,7.596304e-02,1.796145e-02,2.946300e-01,6.778119e-03,3.021768e-02,1.850351e-01,8.865378e-03,2.970739e-03,5.210106e-02,2.266924e-02,1.016068e-03,1.395555e-02
8.260968e-02,1.397313e-01,1.810754e-02,1.141429e-01,1.480762e-02,2.501306e-01,5.306490e-03,3.778026e-02,1.443653e-01,6.150039e-02,1.107193e-02,3.949335e-02,2.065348e-02,8.482426e-04,5.945092e-02
6.573648e-02,1.227166e-01,1.728847e-02,1.216632e-01,2.035068e-02,2.475781e-01,4.447315e-03,2.994640e-02,1.534860e-01,6.830470e-02,2.469036e-02,2.917980e-02,2.079156e-02,9.105810e-04,7.290977e-02
4.965363e-02,1.314089e-01,1.368256e-02,1.246042e-01,1.768674e-02,2.442473e-01,3.508073e-03,2.440268e-02,1.577356e-01,6.502070e-02,2.303939e-02,2.136479e-02,2.049053e-02,7.651305e-04,1.023897e-01
3.593020e-02,1.200153e-01,1.064516e-02,3.274239e-01,1.352253e-02,1.716196e-01,2.483854e-03,1.750629e-02,1.253746e-01,4.607854e-02,2.096911e-02,1.549479e-02,1.698401e-02,6.133178e-04,7.533880e-02
2.986386e-02,9.912400e-02,8.559637e-03,3.920618e-01,1.035530e-02,1.248092e-01,1.857629e-03,1.305347e-02,1.011189e-01,3.318028e-02,8.445545e-02,1.473821e-02,2.964674e-02,5.708246e-04,5.660467e-02
