1.000000e+00,0.000000e+00,0.000000e+00,0.000000e+00,0.000000e+00,0.000000e+00,0.000000e+00,0.000000e+00,0.000000e+00,0.000000e+00,0.000000e+00,0.000000e+00,0.000000e+00,0.000000e+00,0.000000e+00
1.000000e+00,0.000000e+00,0.000000e+00,0.000000e+00,0.000000e+00,0.000000e+00,0.000000e+00,0.000000e+00,0.000000e+00,0.000000e+00,0.000000e+00,0.000000e+00,0.000000e+00,0.000000e+00,0.000000e+00
1.000000e+00,0.000000e+00,0.000000e+00,0.000000e+00,0.000000e+00,0.000000e+00,0.000000e+00,0.000000e+00,0.000000e+00,0.000000e+00,0.000000e+00,0.000000e+00,0.000000e+00,0.000000e+00,0.000000e+00
1.000000e+00,0.000000e+00,0.000000e+00,0.000000e+00,0.000000e+00,0.000000e+00,0.000000e+00,0.000000e+00,0.000000e+00,0.000000e+00,0.000000e+00,0.000000e+00,0.000000e+00,0.000000e+00,0.000000e+00
1.000000e+00,0.000000e+00,0.000000e+00,0.000000e+00,0.000000e+00,0.000000e+00,0.000000e+00,0.000000e+00,0.000000e+00,0.000000e+00,0.000000e+00,0.000000e+00,0.000000e+00,0.000000e+00,0.000000e+00
1.000000e+00,0.000000e+00,0.000000e+00,0.000000e+00,0.000000e+00,0.000000e+00,0.000000e+00,0.000000e+00,0.000000e+00,0.000000e+00,0.000000e+00,0.000000e+00,0.000000e+00,0.000000e+00,0.000000e+00
1.000000e+00,0.000000e+00,0.000000e+00,0.000000e+00,0.000000e+00,0.000000e+00,0.000000e+00,0.000000e+00,0.000000e+00,0.000000e+00,0.000000e+00,0.000000e+00,0.000000e+00,0.000000e+00,0.000000e+00
1.000000e+00,0.000000e+00,0.000000e+00,0.000000e+00,0.000000e+00,0.000000e+00,0.000000e+00,0.000000e+00,0.000000e+00,0.000000e+00,0.000000e+00,0.000000e+00,0.000000e+00,0.000000e+00,0.000000e+00
1.000000e+00,0.000000e+00,0.000000e+00,0.000000e+00,0.000000e+00,0.000000e+00,0.000000e+00,0.000000e+00,0.000000e+00,0.000000e+00,0.000000e+00,0.000000e+00,0.000000e+00,0.000000e+00,0.000000e+00
1.000000e+00,0.000000e+00,0.000000e+00,0.000000e+00,0.000000e+00,0.000000e+00,0.000000e+00,0.000000e+00,0.000000e+00,0.000000e+00,0.000000e+00,0.000000e+00,0.000000e+00,0.000000e+00,0.000000e+00
1.000000e+00,0.000000e+00,0.000000e+00,0.000000e+00,0.000000e+00,0.000000e+00,0.000000e+00,0.000000e+00,0.000000e+00,0.000000e+00,0.000000e+00,0.000000e+00,0.000000e+00,0.000000e+00,0.000000e+00
1.000000e+00,0.000000e+00,0.000000e+00,0.000000e+00,0.000000e+00,0.000000e+00,0.000000e+00,0.000000e+00,0.000000e+00,0.000000e+00,0.000000e+00,0.000000e+00,0.000000e+00,0.000000e+00,0.000000e+00
1.000000e+00,0.000000e+00,0.000000e+00,0.000000e+00,0.000000e+00,0.000000e+00,0.000000e+00,0.000000e+00,0.000000e+00,0.000000e+00,0.000000e+00,0.000000e+00,0.000000e+00,0.000000e+00,0.000000e+00
1.000000e+00,0.000000e+00,0.000000e+00,0.000000e+00,0.000000e+00,0.000000e+00,0.000000e+00,0.000000e+00,0.000000e+00,0.000000e+00,0.000000e+00,0.000000e+00,0.000000e+00,0.000000e+00,0.000000e+00
1.000000e+00,0.000000e+00,0.000000e+00,0.000000e+00,0.000000e+00,0.000000e+00,0.000000e+00,0.000000e+00,0.000000e+00,0.000000e+00,0.000000e+00,0.000000e+00,0.000000e+00,0.000000e+00,0.000000e+00
1.000000e+00,0.000000e+00,0.000000e+00,0.000000e+00,0.000000e+00,0.000000e+00,0.000000e+00,0.000000e+00,0.000000e+00,0.000000e+00,0.000000e+00,0.000000e+00,0.000000e+00,0.000000e+00,0.000000e+00
1.000000e+00,0.000000e+00,0.000000e+00,0.000000e+00,0.000000e+00,0.000000e+00,0.000000e+00,0.000000e+00,0.000000e+00,0.000000e+00,0.000000e+00,0.000000e+00,0.000000e+00,0.000000e+00,0.000000e+00
1.000000e+00,0.000000e+00,0.000000e+00,0.000000e+00,0.000000e+00,0.000000e+00,0.000000e+00,0.000000e+00,0.000000e+00,0.000000e+00,0.000000e+00,0.000000e+00,0.000000e+00,0.000000e+00,0.000000e+00
1.000000e+00,0.000000e+00,0.000000e+00,0.000000e+00,0.000000e+00,0.000000e+00,0.000000e+00,0.000000e+00,0.000000e+00,0.000000e+00,0.000000e+00,0.000000e+00,0.000000e+00,0.000000e+00,0.000000e+00
1.000000e+00,0.000000e+00,0.000000e+00,0.000000e+00,0.000000e+00,0.000000e+00,0.000000e+00,0.000000e+00,0.000000e+00,0.000000e+00,0.000000e+00,0.000000e+00,0.000000e+00,0.000000e+00,0.000000e+00
1.000000e+00,0.000000e+00,0.000000e+00,0.000000e+00,0.000000e+00,0.000000e+00,0.000000e+00,0.000000e+00,0.000000e+00,0.000000e+00,0.000000e+00,0.000000e+00,0.000000e+00,0.000000e+00,0.000000e+00
1.000000e+00,0.000000e+00,0.000000e+00,0.000000e+00,0.000000e+00,0.000000e+00,0.000000e+00,0.000000e+00,0.000000e+00,0.000000e+00,0.000000e+00,0.000000e+00,0.000000e+00,0.000000e+00,0.000000e+00
1.000000e+00,0.000000e+00,0.000000e+00,0.000000e+00,0.000000e+00,0.000000e+00,0.000000e+00,0.000000e+00,0.000000e+00,0.000000e+00,0.000000e+00,0.000000e+00,0.000000e+00,0.000000e+00,0.000000e+00
1.000000e+00,0.000000e+00,0.000000e+00,0.000000e+00,0.000000e+00,0.000000e+00,0.000000e+00,0.000000e+00,0.000000e+00,0.000000e+00,0.000000e+00,0.000000e+00,0.000000e+00,0.000000e+00,0.000000e+00
1.000000e+00,0.000000e+00,0.000000e+00,0.000000e+00,0.000000e+00,0.000000e+00,0.000000e+00,0.000000e+00,0.000000e+00,0.000000e+00,0.000000e+00,0.000000e+00,0.000000e+00,0.000000e+00,0.000000e+00
1.000000e+00,0.000000e+00,0.000000e+00,0.000000e+00,0.000000e+00,0.000000e+00,0.000000e+00,0.000000e+00,0.000000e+00,0.000000e+00,0.000000e+00,0.000000e+00,0.000000e+00,0.000000e+00,0.000000e+00
1.000000e+00,0.000000e+00,0.000000e+00,0.000000e+00,0.000000e+00,0.000000e+00,0.000000e+00,0.000000e+00,0.000000e+00,0.000000e+00,0.000000e+00,0.000000e+00,0.000000e+00,0.000000e+00,0.000000e+00
1.000000e+00,0.000000e+00,0.000000e+00,0.000000e+00,0.000000e+00,0.000000e+00,0.000000e+00,0.000000e+00,0.000000e+00,0.000000e+00,0.000000e+00,0.000000e+00,0.000000e+00,0.000000e+00,0.000000e+00
1.000000e+00,0.000000e+00,0.000000e+00,0.000000e+00,0.000000e+00,0.000000e+00,0.000000e+00,0.000000e+00,0.000000e+00,0.000000e+00,0.000000e+00,0.000000e+00,0.000000e+00,0.000000e+00,0.000000e+00
1.000000e+00,0.000000e+00,0.000000e+00,0.000000e+00,0.000000e+00,0.000000e+00,0.000000e+00,0.000000e+00,0.000000e+00,0.000000e+00,0.000000e+00,0.000000e+00,0.000000e+00,0.000000e+00,0.000000e+00
1.000000e+00,0.000000e+00,0.000000e+00,0.000000e+00,0.000000e+00,0.000000e+00,0.000000e+00,0.000000e+00,0.000000e+00,0.000000e+00,0.000000e+00,0.000000e+00,0.000000e+00,0.000000e+00,0.000000e+00
1.000000e+00,0.000000e+00,0.000000e+00,0.000000e+00,0.000000e+00,0.000000e+00,0.000000e+00,0.000000e+00,0.000000e+00,0.000000e+00,0.000000e+00,0.000000e+00,0.000000e+00,0.000000e+00,0.000000e+00
1.000000e+00,0.000000e+00,0.000000e+00,0.000000e+00,0.000000e+00,0.000000e+00,0.000000e+00,0.000000e+00,0.000000e+00,0.000000e+00,0.000000e+00,0.000000e+00,0.000000e+00,0.000000e+00,0.000000e+00
1.000000e+00,0.000000e+00,0.000000e+00,0.000000e+00,0.000000e+00,0.000000e+00,0.000000e+00,0.000000e+00,0.000000e+00,0.000000e+00,0.000000e+00,0.000000e+00,0.000000e+00,0.000000e+00,0.000000e+00
1.000000e+00,0.000000e+00,0.000000e+00,0.000000e+00,0.000000e+00,0.000000e+00,0.000000e+00,0.000000e+00,0.000000e+00,0.000000e+00,0.000000e+00,0.000000e+00,0.000000e+00,0.000000e+00,0.000000e+00
1.000000e+00,0.000000e+00,0.000000e+00,0.000000e+00,0.000000e+00,0.000000e+00,0.000000e+00,0.000000e+00,0.000000e+00,0.000000e+00,0.000000e+00,0.000000e+00,0.000000e+00,0.000000e+00,0.000000e+00
1.000000e+00,0.000000e+00,0.000000e+00,0.000000e+00,0.000000e+00,0.000000e+00,0.000000e+00,0.000000e+00,0.000000e+00,0.000000e+00,0.000000e+00,0.000000e+00,0.000000e+00,0.000000e+00,0.000000e+00
1.000000e+00,0.000000e+00,0.000000e+00,0.000000e+00,0.000000e+00,0.000000e+00,0.000000e+00,0.000000e+00,0.000000e+00,0.000000e+00,0.000000e+00,0.000000e+00,0.000000e+00,0.000000e+00,0.000000e+00
1.000000e+00,0.000000e+00,0.000000e+00,0.000000e+00,0.000000e+00,0.000000e+00,0.000000e+00,0.000000e+00,0.000000e+00,0.000000e+00,0.000000e+00,0.000000e+00,0.000000e+00,0.000000e+00,0.000000e+00
1.000000e+00,0.000000e+00,0.000000e+00,0.000000e+00,0.000000e+00,0.000000e+00,0.000000e+00,0.000000e+00,0.000000e+00,0.000000e+00,0.000000e+00,0.000000e+00,0.000000e+00,0.000000e+00,0.000000e+00
1.000000e+00,0.000000e+00,0.000000e+00,0.000000e+00,0.000000e+00,0.000000e+00,0.000000e+00,0.000000e+00,0.000000e+00,0.000000e+00,0.000000e+00,0.000000e+00,0.000000e+00,0.000000e+00,0.000000e+00
1.000000e+00,0.000000e+00,0.000000e+00,0.000000e+00,0.000000e+00,0.000000e+00,0.000000e+00,0.000000e+00,0.000000e+00,0.000000e+00,0.000000e+00,0.000000e+00,0.000000e+00,0.000000e+00,0.000000e+00
1.000000e+00,0.000000e+00,0.000000e+00,0.000000e+00,0.000000e+00,0.000000e+00,0.000000e+00,0.000000e+00,0.000000e+00,0.000000e+00,0.000000e+00,0.000000e+00,0.000000e+00,0.000000e+00,0.000000e+00
1.000000e+00,0.000000e+00,0.000000e+00,0.000000e+00,0.000000e+00,0.000000e+00,0.000000e+00,0.000000e+00,0.000000e+00,0.000000e+00,0.000000e+00,0.000000e+00,0.000000e+00,0.000000e+00,0.000000e+00
1.000000e+00,0.000000e+00,0.000000e+00,0.000000e+00,0.000000e+00,0.000000e+00,0.000000e+00,0.000000e+00,0.000000e+00,0.000000e+00,0.000000e+00,0.000000e+00,0.000000e+00,0.000000e+00,0.000000e+00
1.000000e+00,0.000000e+00,0.000000e+00,0.000000e+00,0.000000e+00,0.000000e+00,0.000000e+00,0.000000e+00,0.000000e+00,0.000000e+00,0.000000e+00,0.000000e+00,0.000000e+00,0.000000e+00,0.000000e+00
1.000000e+00,0.000000e+00,0.000000e+00,0.000000e+00,0.000000e+00,0.000000e+00,0.000000e+00,0.000000e+00,0.000000e+00,0.000000e+00,0.000000e+00,0.000000e+00,0.000000e+00,0.000000e+00,0.000000e+00
1.000000e+00,0.000000e+00,0.000000e+00,0.000000e+00,0.000000e+00,0.000000e+00,0.000000e+00,0.000000e+00,0.000000e+00,0.000000e+00,0.000000e+00,0.000000e+00,0.000000e+00,0.000000e+00,0.000000e+00
1.000000e+00,0.000000e+00,0.000000e+00,0.000000e+00,0.000000e+00,0.000000e+00,0.000000e+00,0.000000e+00,0.000000e+00,0.000000e+00,0.000000e+00,0.000000e+00,0.000000e+00,0.000000e+00,0.000000e+00
1.000000e+00,0.000000e+00,0.000000e+00,0.000000e+00,0.000000e+00,0.000000e+00,0.000000e+00,0.000000e+00,0.000000e+00,0.000000e+00,0.000000e+00,0.000000e+00,0.000000e+00,0.000000e+00,0.000000e+00
1.000000e+00,0.000000e+00,0.000000e+00,0.000000e+00,0.000000e+00,0.000000e+00,0.000000e+00,0.000000e+00,0.000000e+00,0.000000e+00,0.000000e+00,0.000000e+00,0.000000e+00,0.000000e+00,0.000000e+00
1.000000e+00,0.000000e+00,0.000000e+00,0.000000e+00,0.000000e+00,0.000000e+00,0.000000e+00,0.000000e+00,0.000000e+00,0.000000e+00,0.000000e+00,0.000000e+00,0.000000e+00,0.000000e+00,0.000000e+00
1.000000e+00,0.000000e+00,0.000000e+00,0.000000e+00,0.000000e+00,0.000000e+00,0.000000e+00,0.000000e+00,0.000000e+00,0.000000e+00,0.000000e+00,0.000000e+00,0.000000e+00,0.000000e+00,0.000000e+00
1.000000e+00,0.000000e+00,0.000000e+00,0.000000e+00,0.000000e+00,0.000000e+00,0.000000e+00,0.000000e+00,0.000000e+00,0.000000e+00,0.000000e+00,0.000000e+00,0.000000e+00,0.000000e+00,0.000000e+00
1.000000e+00,0.000000e+00,0.000000e+00,0.000000e+00,0.000000e+00,0.000000e+00,0.000000e+00,0.000000e+00,0.000000e+00,0.000000e+00,0.000000e+00,0.000000e+00,0.000000e+00,0.000000e+00,0.000000e+00
1.000000e+00,0.000000e+00,0.000000e+00,0.000000e+00,0.000000e+00,0.000000e+00,0.000000e+00,0.000000e+00,0.000000e+00,0.000000e+00,0.000000e+00,0.000000e+00,0.000000e+00,0.000000e+00,0.000000e+00
1.000000e+00,0.000000e+00,0.000000e+00,0.000000e+00,0.000000e+00,0.000000e+00,0.000000e+00,0.000000e+00,0.000000e+00,0.000000e+00,0.000000e+00,0.000000e+00,0.000000e+00,0.000000e+00,0.000000e+00
3.576744e-01,6.939182e-03,1.077082e-01,4.856006e-02,3.214670e-03,6.904619e-03,2.683167e-03,4.350190e-01,2.496195e-03,9.041056e-04,5.018443e-03,6.106290e-03,6.655990e-03,1.996752e-03,8.118846e-03
2.511540e-01,4.887598e-03,7.845982e-02,3.635869e-02,2.404292e-03,4.918047e-03,2.059997e-03,5.976723e-01,1.755660e-03,6.366303e-04,3.550088e-03,4.291801e-03,4.705478e-03,1.443926e-03,5.701622e-03
1.763389e-01,3.446593e-03,5.655477e-02,2.596381e-02,1.779926e-03,3.545167e-03,1.698402e-03,7.150630e-01,1.231578e-03,4.497104e-04,2.518045e-03,3.014298e-03,3.340542e-03,1.051512e-03,4.003803e-03
1.240357e-01,2.447562e-03,4.009869e-02,1.847550e-02,1.545245e-03,2.620892e-03,1.518513e-03,7.979676e-01,8.755616e-04,3.260030e-04,1.841758e-03,2.128773e-03,2.512596e-03,7.821633e-04,2.823510e-03
8.721535e-02,1.791254e-03,2.903127e-02,1.336363e-02,1.586515e-03,2.020065e-03,1.385026e-03,8.519490e-01,7.114185e-04,3.899482e-04,2.154713e-03,1.686428e-03,3.728951e-03,9.179339e-04,2.068541e-03
6.674139e-02,1.466413e-03,2.175651e-02,9.684554e-03,3.174687e-03,3.443444e-03,4.020027e-03,8.501065e-01,1.410059e-03,7.355781e-04,2.702975e-03,1.824757e-03,2.980736e-02,9.545417e-04,2.171199e-03
5.082320e-02,1.368194e-03,1.845369e-02,7.830134e-03,8.229399e-03,4.944862e-03,9.471820e-03,8.374439e-01,1.831108e-03,8.741236e-04,2.581894e-03,2.225785e-03,5.029602e-02,8.071419e-04,2.818756e-03
3.671072e-02,1.410184e-03,1.484733e-02,7.347047e-03,1.671461e-02,2.084295e-02,2.324028e-02,6.727808e-01,1.598334e-03,1.239698e-03,2.295232e-03,2.101070e-03,1.930157e-01,5.927271e-04,5.263388e-03
2.773943e-02,1.186903e-03,1.168674e-02,6.557765e-03,2.032484e-02,3.351462e-02,3.467243e-02,4.867696e-01,3.942788e-03,1.649981e-03,3.321301e-03,2.637527e-03,3.532580e-01,4.794444e-04,1.225869e-02
2.227414e-02,1.178734e-03,9.795303e-03,7.503539e-03,2.307289e-02,3.690950e-02,3.814681e-02,3.482577e-01,7.596163e-03,2.109621e-03,7.545065e-03,4.249502e-03,4.725567e-01,5.039159e-04,1.830042e-02
1.699026e-02,9.519870e-04,7.081117e-03,5.561580e-03,1.734028e-02,4.012450e-02,2.836259e-02,2.444184e-01,6.040856e-03,1.584724e-03,8.366883e-03,1.053163e-02,5.968512e-01,4.195498e-04,1.537447e-02
1.233743e-02,7.113632e-04,5.025784e-03,3.984143e-03,1.346859e-02,2.931583e-02,2.021597e-02,1.716444e-01,5.577246e-03,1.160759e-03,7.758129e-03,1.412232e-02,7.010361e-01,3.287395e-04,1.331317e-02
9.634211e-03,6.402986e-04,4.056825e-03,2.901096e-03,1.004284e-02,4.757425e-02,1.680164e-02,1.206085e-01,5.056705e-03,1.267981e-03,6.419748e-03,3.497573e-02,7.291791e-01,3.082791e-04,1.053283e-02
6.849064e-03,4.604079e-04,3.004359e-03,2.136080e-03,7.455335e-03,6.181185e-02,1.205325e-02,8.557507e-02,4.077548e-03,9.706582e-04,5.087153e-03,3.052550e-02,7.716178e-01,2.367065e-04,8.139248e-03
4.857426e-03,3.353714e-04,2.226876e-03,1.577409e-03,7.140041e-03,4.593429e-02,9.208143e-03,6.104789e-02,4.180611e-03,7.681808e-04,4.237892e-03,2.562967e-02,8.264752e-01,1.745120e-04,6.206494e-03
3.677320e-03,2.479359e-04,1.877739e-03,1.120517e-03,7.036065e-03,3.335731e-02,7.745284e-03,4.343770e-02,3.816943e-03,8.561476e-04,3.803342e-03,4.024212e-02,8.462908e-01,1.723564e-04,6.318472e-03
3.270418e-03,2.104100e-04,1.546024e-03,8.266672e-04,9.730667e-03,2.445485e-02,6.294644e-03,3.327729e-02,5.927060e-03,1.751044e-03,3.825318e-03,4.977616e-02,8.537532e-01,2.067038e-04,5.149530e-03
4.061750e-03,2.271387e-04,1.236382e-03,8.476062e-04,1.080684e-02,2.891013e-02,5.019404e-03,2.599307e-02,5.303916e-03,2.351355e-03,5.387154e-03,7.472439e-02,8.305886e-01,6.098662e-04,3.932425e-03
3.011758e-03,1.759250e-04,8.910489e-04,7.021732e-04,1.075998e-02,2.166462e-02,3.685552e-03,1.912786e-02,3.998066e-03,1.841828e-03,4.882365e-03,7.719349e-02,8.484411e-01,5.035265e-04,3.120745e-03
2.408026e-03,2.778606e-04,8.882839e-04,6.801826e-04,3.409003e-02,1.569631e-02,2.795979e-03,1.474023e-02,7.547278e-03,1.596535e-03,9.668514e-03,7.773694e-02,8.289510e-01,4.586952e-04,2.464223e-03
5.000419e-03,5.774283e-04,2.068970e-03,7.440517e-04,8.148275e-02,1.745592e-02,4.443648e-03,4.123320e-02,5.327462e-02,3.973886e-03,1.202559e-02,1.652079e-01,6.097890e-01,4.514958e-04,2.271189e-03
7.141375e-03,1.446754e-03,2.029348e-03,8.287445e-04,1.188076e-01,2.840129e-02,4.451093e-03,4.065876e-02,1.654361e-01,3.530984e-03,1.473869e-02,1.520649e-01,4.574972e-01,5.890906e-04,2.378198e-03
6.908183e-03,2.657797e-03,2.440543e-03,1.922097e-03,8.904336e-02,4.537424e-02,3.628876e-03,2.923183e-02,2.748822e-01,4.453923e-03,1.780498e-02,1.622865e-01,3.543442e-01,1.576521e-03,3.444711e-03
9.652672e-03,3.100103e-03,4.233843e-03,3.571229e-03,7.264605e-02,5.432842e-02,4.121656e-03,7.301816e-02,3.007191e-01,4.716228e-03,2.305769e-02,1.264911e-01,3.123750e-01,3.594538e-03,4.374259e-03
1.343834e-02,3.531222e-03,3.882120e-03,5.144281e-03,7.834687e-02,2.134470e-01,3.501508e-03,5.488977e-02,2.339887e-01,4.538532e-03,1.857897e-02,1.213470e-01,2.332490e-01,6.870826e-03,5.245839e-03
1.420150e-02,2.912159e-03,3.298898e-03,1.156200e-02,6.609648e-02,3.190387e-01,2.941837e-03,4.359549e-02,1.866660e-01,3.689909e-03,2.058870e-02,1.024454e-01,2.130464e-01,5.035643e-03,4.880919e-03
2.986944e-02,3.770349e-03,2.822214e-03,1.357323e-02,1.015233e-01,2.439563e-01,3.584281e-03,3.265752e-02,1.641569e-01,3.466613e-03,3.446271e-02,1.203465e-01,2.363542e-01,4.202847e-03,5.253558e-03
2.831908e-02,3.778075e-03,2.207477e-03,1.770948e-02,7.964345e-02,2.269290e-01,3.376819e-03,2.441552e-02,1.350218e-01,3.284631e-03,4.422452e-02,1.349440e-01,2.877234e-01,3.755094e-03,4.667722e-03
3.753754e-02,5.649993e-03,2.648638e-03,2.239465e-02,8.357500e-02,2.164187e-01,3.139339e-03,1.996000e-02,1.136734e-01,2.798695e-03,4.053373e-02,1.244533e-01,3.179972e-01,2.984620e-03,6.235167e-03
5.672703e-02,9.150412e-03,3.204527e-03,2.724357e-02,1.291021e-01,1.758394e-01,3.390927e-03,1.702875e-02,9.515216e-02,2.376249e-03,3.135118e-02,1.395797e-01,3.006112e-01,2.730708e-03,6.512121e-03
6.285040e-02,1.403715e-02,3.822876e-03,2.444580e-02,1.011639e-01,2.913446e-01,2.853473e-03,1.339483e-02,8.021295e-02,2.472679e-03,2.348276e-02,1.206353e-01,2.437664e-01,2.792462e-03,1.272443e-02
5.079608e-02,1.417326e-02,3.336455e-03,1.899896e-02,7.507810e-02,4.563205e-01,2.144192e-03,9.994178e-03,6.457023e-02,2.264947e-03,1.783202e-02,8.924057e-02,1.770339e-01,2.401856e-03,1.581473e-02
3.910118e-02,1.128495e-02,2.472477e-03,1.409169e-02,5.358618e-02,5.948795e-01,1.654869e-03,8.060003e-03,5.185258e-02,2.039760e-03,1.351665e-02,6.477234e-02,1.281367e-01,1.943876e-03,1.260724e-02
3.105783e-02,8.504462e-03,1.978260e-03,1.369538e-02,3.829038e-02,6.867793e-01,1.241808e-03,7.555557e-03,4.012110e-02,2.196090e-03,1.099378e-02,4.945786e-02,9.520857e-02,1.541202e-03,1.137845e-02
2.671517e-02,7.845938e-03,1.527554e-03,1.275863e-02,2.838974e-02,7.383179e-01,1.001145e-03,7.927696e-03,3.557166e-02,2.890843e-03,9.933928e-03,3.914545e-02,7.353147e-02,1.209337e-03,1.323352e-02
2.440372e-02,8.889948e-03,1.343381e-03,1.252520e-02,2.204800e-02,7.469184e-01,1.010459e-03,4.012525e-02,3.900870e-02,2.340962e-03,7.568881e-03,2.887727e-02,5.318910e-02,9.368029e-04,1.081393e-02
3.331906e-02,1.211696e-02,1.258821e-03,1.289183e-02,1.931706e-02,7.497665e-01,1.438573e-03,3.844690e-02,5.081825e-02,2.107073e-03,5.651111e-03,2.204492e-02,4.056060e-02,7.387510e-04,9.523629e-03
3.112331e-02,1.849539e-02,2.069475e-03,1.788707e-02,1.782203e-02,7.024806e-01,1.617486e-03,3.347326e-02,1.062809e-01,2.140184e-03,4.431122e-03,1.626869e-02,3.407897e-02,6.472965e-04,1.118426e-02
2.603111e-02,2.680050e-02,4.972080e-03,1.151288e-01,1.644374e-02,5.457191e-01,1.416039e-03,3.916205e-02,1.663527e-01,2.624462e-03,5.339422e-03,1.193439e-02,2.650746e-02,6.180876e-04,1.095004e-02
3.784704e-02,2.132795e-02,4.746605e-03,8.946232e-02,3.710159e-02,5.129579e-01,2.402557e-03,3.804312e-02,1.972408e-01,2.275426e-03,7.540771e-03,9.353780e-03,2.169442e-02,7.923371e-04,1.721339e-02
4.930200e-02,1.791438e-02,7.510144e-03,8.658482e-02,5.228659e-02,4.504344e-01,6.068820e-03,5.959522e-02,2.188022e-01,1.917404e-03,6.088306e-03,6.848583e-03,1.676746e-02,7.343701e-04,1.914534e-02
3.989775e-02,1.446308e-02,6.063456e-03,6.518827e-02,1.797268e-01,3.551746e-01,6.041179e-02,4.308307e-02,1.961738e-01,1.619551e-03,4.450700e-03,4.954419e-03,1.239695e-02,5.534137e-04,1.584238e-02
2.853249e-02,1.181828e-02,5.544173e-03,2.103515e-01,1.797054e-01,2.599987e-01,4.254384e-02,3.040538e-02,1.531454e-01,1.329976e-03,9.233306e-03,9.611708e-03,4.512022e-02,4.385293e-04,1.222123e-02
2.866573e-02,9.322754e-03,4.672800e-03,1.858338e-01,1.466139e-01,2.210316e-01,3.003075e-02,2.182636e-02,1.191244e-01,1.075756e-03,1.892702e-02,1.991087e-02,1.801850e-01,3.959712e-04,1.238319e-02
2.340153e-02,6.899915e-03,3.751867e-03,1.405631e-01,1.153711e-01,1.897901e-01,2.121462e-02,1.567974e-02,9.138398e-02,8.724458e-04,2.073327e-02,4.130797e-02,3.184906e-01,3.516864e-04,1.018806e-02
1.776805e-02,4.942570e-03,2.804694e-03,9.957507e-02,8.209725e-02,1.758895e-01,1.503049e-02,1.114860e-02,6.761222e-02,6.776091e-04,1.906300e-02,4.263183e-02,4.510045e-01,3.148116e-04,9.439752e-03
1.854425e-02,3.732769e-03,2.883966e-03,7.035470e-02,6.506383e-02,1.284488e-01,1.107220e-02,9.431556e-03,5.398269e-02,6.533379e-04,2.061404e-02,4.188429e-02,5.628807e-01,3.862023e-04,1.006669e-02
2.807594e-02,3.670738e-03,6.499557e-03,5.081218e-02,5.178433e-02,9.372477e-02,8.981277e-03,1.951497e-02,4.291922e-02,1.026151e-03,2.310195e-02,3.759997e-02,6.220109e-01,1.929797e-03,8.348262e-03
6.103988e-02,6.493708e-03,1.358712e-02,4.067679e-02,6.071952e-02,7.445741e-02,1.378255e-02,3.430686e-02,4.367480e-02,3.454624e-03,2.239190e-02,3.442918e-02,5.715228e-01,5.521127e-03,1.394168e-02
5.343071e-02,7.726558e-03,1.127883e-02,3.003495e-02,5.110934e-02,6.292664e-02,9.951603e-03,2.566820e-02,4.645602e-02,6.652629e-03,4.533397e-02,4.637602e-02,5.525578e-01,3.408676e-02,1.640999e-02
4.237454e-02,9.559426e-03,1.031153e-02,2.158955e-02,6.142918e-02,5.822382e-02,7.121217e-03,1.858846e-02,4.686559e-02,1.074237e-02,8.490051e-02,3.558519e-02,4.246652e-01,1.255284e-01,4.251503e-02
3.164899e-02,7.567242e-03,8.709046e-03,1.527193e-02,5.466662e-02,4.522261e-02,5.032003e-03,1.321721e-02,5.277508e-02,1.186166e-02,1.298207e-01,2.664856e-02,3.204978e-01,1.911884e-01,8.587209e-02
2.234955e-02,5.623489e-03,6.424259e-03,1.070301e-02,3.931322e-02,3.272718e-02,3.537379e-03,9.266442e-03,5.237134e-02,9.854367e-03,9.831489e-02,1.876437e-02,2.250855e-01,2.881445e-01,1.775205e-01
1.579361e-02,4.328084e-03,4.877684e-03,7.534207e-03,2.774105e-02,2.521105e-02,2.501808e-03,6.494503e-03,4.663368e-02,8.381443e-03,7.136945e-02,1.331811e-02,1.579398e-01,2.422159e-01,3.656597e-01
1.157377e-02,3.773624e-03,5.592501e-03,5.557946e-03,1.985173e-02,2.271698e-02,1.924757e-03,4.589636e-03,5.128335e-02,8.059882e-03,6.090237e-02,9.848032e-03,1.124873e-01,2.339020e-01,4.479362e-01
1.395053e-02,3.813598e-03,6.578971e-03,5.128132e-03,1.503981e-02,2.510200e-02,2.155474e-03,3.695827e-03,6.352468e-02,7.735464e-03,6.136874e-02,1.004609e-02,8.347269e-02,2.030069e-01,4.953811e-01
1.949558e-02,6.042656e-03,8.147346e-03,4.658188e-03,1.470677e-02,2.329476e-02,1.665303e-03,2.756064e-03,8.878871e-02,6.304450e-03,1.027893e-01,1.045708e-02,6.968817e-02,1.864294e-01,4.547762e-01
1.688216e-02,6.235883e-03,1.533011e-02,4.121847e-03,1.398792e-02,3.188040e-02,1.464959e-03,2.571302e-03,1.405173e-01,5.381581e-03,1.113734e-01,1.036607e-02,5.492089e-02,2.273274e-01,3.576388e-01
1.488729e-02,1.339515e-02,1.351210e-02,3.257496e-03,1.730763e-02,2.593110e-02,1.143518e-03,1.898184e-03,2.186964e-01,7.528019e-03,8.955117e-02,7.527249e-03,3.930872e-02,2.763554e-01,2.697006e-01
1.146218e-02,1.346812e-02,1.438244e-02,3.289934e-03,1.296069e-02,1.915777e-02,8.516535e-04,1.406185e-03,4.085503e-01,8.684697e-03,6.602129e-02,5.456370e-03,2.796862e-02,2.047212e-01,2.016186e-01
3.360273e-02,3.815850e-02,2.143340e-02,4.591888e-03,1.908045e-02,4.204964e-02,9.843102e-04,1.540570e-03,3.251522e-01,8.579236e-03,6.103842e-02,4.443646e-03,2.063161e-02,1.705704e-01,2.481430e-01
4.390682e-02,4.023062e-02,2.608373e-02,6.085684e-03,2.349596e-02,1.045018e-01,1.352836e-03,2.056506e-03,2.705834e-01,8.599994e-03,4.827119e-02,3.437450e-03,1.532155e-02,1.451262e-01,2.609463e-01
6.074431e-02,4.970592e-02,3.333834e-02,9.751706e-03,3.027065e-02,1.261075e-01,1.430791e-03,3.096617e-03,2.733020e-01,7.280974e-03,3.541791e-02,2.764809e-03,1.145184e-02,1.355863e-01,2.197504e-01
5.942209e-02,7.689064e-02,3.498665e-02,2.435504e-02,3.654942e-02,2.182870e-01,1.521859e-03,3.068729e-03,2.122453e-01,6.987079e-03,2.825112e-02,4.044738e-03,9.054579e-03,1.051233e-01,1.792126e-01
1.007938e-01,7.581350e-02,2.951203e-02,2.453168e-02,3.864338e-02,1.767751e-01,1.379722e-03,2.877438e-03,1.956694e-01,2.243973e-02,2.509629e-02,4.089693e-03,7.382006e-03,1.097977e-01,1.851985e-01
1.220279e-01,7.320388e-02,3.712405e-02,3.583883e-02,3.778706e-02,1.486847e-01,1.834850e-03,3.872273e-03,2.006518e-01,2.519609e-02,2.327455e-02,5.599505e-03,7.866861e-03,9.183082e-02,1.852068e-01
1.099994e-01,6.939576e-02,8.252461e-02,4.170218e-02,3.176588e-02,1.333873e-01,1.666890e-03,3.778670e-03,1.733613e-01,3.772342e-02,1.949635e-02,4.976206e-03,7.442962e-03,7.008287e-02,2.126962e-01
8.071118e-02,5.066215e-02,8.437505e-02,3.300511e-02,2.271150e-02,9.779325e-02,1.224111e-03,2.900304e-03,1.375921e-01,1.353575e-01,1.489477e-02,3.593988e-03,5.869018e-03,5.241702e-02,2.768930e-01
8.758535e-02,4.119980e-02,1.344889e-01,3.816048e-02,1.776290e-02,7.344182e-02,1.139597e-03,3.111194e-03,1.322766e-01,1.371500e-01,1.421518e-02,3.754376e-03,7.967350e-03,4.031466e-02,2.674319e-01
6.173947e-02,3.047128e-02,1.079409e-01,1.092821e-01,1.322716e-02,5.183605e-02,8.687041e-04,2.923636e-03,1.550246e-01,1.043621e-01,6.498165e-02,5.663330e-03,3.845815e-02,2.858959e-02,2.246312e-01
4.394644e-02,2.392340e-02,8.299507e-02,1.444206e-01,1.419155e-02,3.679668e-02,7.857209e-04,2.403696e-03,2.349397e-01,7.854949e-02,7.782624e-02,1.478565e-02,5.307355e-02,2.422605e-02,1.671362e-01
3.142820e-02,1.738709e-02,6.063695e-02,1.509367e-01,1.181063e-02,2.618316e-02,6.563250e-04,1.845850e-03,2.142392e-01,5.815115e-02,1.508631e-01,1.775163e-02,9.871013e-02,3.080518e-02,1.285948e-01
2.227011e-02,1.227202e-02,4.325914e-02,1.217158e-01,1.133815e-02,1.865646e-02,5.731860e-04,1.365382e-03,2.452654e-01,4.398987e-02,1.823736e-01,2.717350e-02,1.272349e-01,2.541991e-02,1.170926e-01
1.585101e-02,8.669713e-03,3.092402e-02,1.008010e-01,1.582803e-02,1.326147e-02,4.830239e-04,1.165092e-03,1.844662e-01,3.776415e-02,2.000644e-01,4.514069e-02,1.777648e-01,3.364588e-02,1.341705e-01
1.138849e-02,6.151009e-03,2.358058e-02,7.228922e-02,1.294333e-02,9.378043e-03,3.766201e-04,9.682305e-04,1.319452e-01,3.244507e-02,1.977718e-01,3.848134e-02,1.771508e-01,5.327094e-02,2.318593e-01
8.128976e-03,4.465321e-03,1.828399e-02,5.130458e-02,1.105071e-02,7.194353e-03,3.594462e-04,1.586568e-03,9.665664e-02,3.039674e-02,1.560220e-01,3.040511e-02,1.351724e-01,1.021625e-01,3.468108e-01
5.736602e-03,3.180721e-03,1.393149e-02,3.652915e-02,1.332137e-02,5.821805e-03,5.087967e-04,1.523423e-03,6.963343e-02,2.528132e-02,1.259122e-01,2.204942e-02,9.766717e-02,1.423736e-01,4.365295e-01
4.197618e-03,2.334464e-03,1.293378e-02,2.592856e-02,1.622369e-02,6.164836e-03,1.427324e-03,4.439205e-03,4.984462e-02,2.176498e-02,9.285662e-02,1.600292e-02,7.009597e-02,1.552516e-01,5.205338e-01
3.728460e-03,2.209748e-03,1.129028e-02,2.188709e-02,3.663278e-02,1.353719e-02,9.324356e-03,4.509572e-02,4.107558e-02,2.480380e-02,6.997399e-02,1.195944e-02,5.262991e-02,1.727254e-01,4.831263e-01
6.197827e-03,2.563750e-03,1.198439e-02,1.817839e-02,5.778303e-02,2.627166e-02,8.956590e-03,7.916023e-02,5.836347e-02,2.401902e-02,5.385567e-02,9.753208e-03,4.196884e-02,1.729391e-01,4.280048e-01
2.529073e-02,2.739502e-03,1.339658e-02,1.924217e-02,9.746309e-02,5.591034e-02,7.876648e-03,1.068095e-01,5.798195e-02,3.944533e-02,4.376910e-02,7.778485e-03,3.258891e-02,1.784965e-01,3.112111e-01
3.814184e-02,5.023309e-03,1.338221e-02,2.068096e-02,1.355658e-01,7.394780e-02,6.076117e-03,8.989307e-02,6.174298e-02,5.605375e-02,3.601163e-02,1.013012e-02,3.133330e-02,1.655211e-01,2.564961e-01
6.829214e-02,1.384961e-02,1.635945e-02,2.437571e-02,1.677497e-01,7.908841e-02,6.468337e-03,7.055606e-02,9.415470e-02,6.170330e-02,3.122307e-02,1.282328e-02,3.137028e-02,1.296831e-01,1.923029e-01
7.060641e-02,1.288857e-02,3.397865e-02,3.876154e-02,1.677759e-01,1.202982e-01,8.168448e-03,7.223830e-02,8.834618e-02,5.246315e-02,2.954264e-02,1.940351e-02,4.483071e-02,9.485893e-02,1.458390e-01
9.014952e-02,1.455630e-02,3.339371e-02,5.631009e-02,1.643930e-01,1.541243e-01,8.315285e-03,5.633333e-02,8.165079e-02,4.671488e-02,2.665071e-02,2.274025e-02,5.995488e-02,7.131290e-02,1.134002e-01
1.025134e-01,2.206063e-02,3.368304e-02,4.870250e-02,1.583463e-01,1.611674e-01,6.452998e-03,4.144794e-02,9.426960e-02,5.946298e-02,3.333277e-02,2.854391e-02,6.275957e-02,6.030694e-02,8.695004e-02
1.109365e-01,2.590497e-02,2.935567e-02,4.258154e-02,1.331505e-01,1.693857e-01,5.635812e-03,3.125497e-02,9.964501e-02,7.097082e-02,3.975554e-02,5.609644e-02,6.477392e-02,4.773363e-02,7.281904e-02
1.492766e-01,2.842636e-02,3.030505e-02,5.643027e-02,1.168837e-01,1.596386e-01,5.907870e-03,2.328061e-02,9.483270e-02,6.321355e-02,4.590937e-02,6.606380e-02,6.798461e-02,3.467511e-02,5.717192e-02
1.374514e-01,2.596992e-02,2.946296e-02,2.144581e-01,1.129355e-01,1.236203e-01,6.879985e-03,2.320357e-02,7.528833e-02,4.952782e-02,3.485393e-02,4.800107e-02,4.917397e-02,2.450646e-02,4.466683e-02
1.547476e-01,2.284212e-02,2.618521e-02,2.120281e-01,1.358496e-01,1.135832e-01,6.568377e-03,7.234471e-02,6.659258e-02,3.666772e-02,2.850125e-02,3.559066e-02,3.677391e-02,1.755643e-02,3.416859e-02
1.643465e-01,1.738537e-02,9.872280e-02,2.517206e-01,1.033816e-01,8.386217e-02,5.014085e-03,8.153530e-02,5.010653e-02,2.771250e-02,2.314574e-02,2.683123e-02,2.815042e-02,1.271274e-02,2.537244e-02
1.384634e-01,1.237781e-02,7.983350e-02,2.148536e-01,8.035290e-02,5.972800e-02,3.941713e-03,2.715191e-01,3.586625e-02,1.950190e-02,1.706356e-02,1.933647e-02,2.024162e-02,8.970284e-03,1.794995e-02
1.454301e-01,9.328970e-03,6.108798e-02,1.601753e-01,6.604449e-02,4.494034e-02,4.330633e-03,4.045398e-01,2.556696e-02,1.383364e-02,1.403697e-02,1.560452e-02,1.509202e-02,6.451984e-03,1.353627e-02
1.081893e-01,6.697339e-03,4.393121e-02,1.138171e-01,4.943668e-02,3.201095e-02,3.493813e-03,5.688674e-01,1.793094e-02,9.708214e-03,1.005108e-02,1.104507e-02,1.072075e-02,4.539128e-03,9.561069e-03
7.874823e-02,4.733976e-03,3.114255e-02,7.996807e-02,3.694540e-02,2.257264e-02,2.633396e-03,6.915507e-01,1.256487e-02,6.805429e-03,7.124647e-03,7.759392e-03,7.555554e-03,3.181525e-03,6.713670e-03
5.928244e-02,3.359423e-03,2.222776e-02,5.622989e-02,2.762423e-02,1.606147e-02,2.099955e-03,7.766959e-01,8.816263e-03,4.767828e-03,5.046284e-03,5.476737e-03,5.353257e-03,2.236257e-03,4.722327e-03
4.511179e-02,2.413231e-03,1.576016e-02,3.956190e-02,2.129193e-02,1.151743e-02,1.697537e-03,8.368198e-01,6.207317e-03,3.344742e-03,3.608449e-03,3.889737e-03,3.869582e-03,1.577468e-03,3.328902e-03
4.741304e-02,2.120150e-03,1.194262e-02,2.878505e-02,1.904749e-02,8.881466e-03,1.450988e-03,8.539578e-01,6.143831e-03,2.620270e-03,4.761019e-03,4.035269e-03,4.672017e-03,1.308800e-03,2.860221e-03
5.657331e-02,2.095606e-03,8.911790e-03,2.051850e-02,1.938912e-02,1.398511e-02,3.019738e-03,8.315510e-01,5.573807e-03,2.084942e-03,4.377047e-03,3.671390e-03,2.468167e-02,1.030117e-03,2.536943e-03
6.259680e-02,2.308981e-03,7.458034e-03,1.597284e-02,2.290693e-02,2.027263e-02,7.106237e-03,6.835818e-01,1.044732e-02,2.143225e-03,4.860551e-03,4.812307e-03,1.499305e-01,1.052109e-03,4.549766e-03
8.383165e-02,3.887405e-03,3.618926e-02,1.767540e-02,2.837617e-02,4.495182e-02,3.792549e-02,5.148198e-01,1.823768e-02,4.525247e-03,7.464901e-03,1.496400e-02,1.769151e-01,1.336186e-03,8.899902e-03
8.885717e-02,3.310216e-03,3.520471e-02,1.599129e-02,2.718242e-02,6.079945e-02,4.319823e-02,3.796826e-01,1.470165e-02,3.878527e-03,1.274472e-02,2.193338e-02,2.766753e-01,1.120735e-03,1.471963e-02
1.467507e-01,3.425014e-03,3.162189e-02,1.212944e-02,2.456837e-02,7.961711e-02,6.343537e-02,2.721409e-01,1.274035e-02,3.397570e-03,1.406069e-02,4.515692e-02,2.765211e-01,1.544924e-03,1.288963e-02
2.185384e-01,3.031767e-03,2.400958e-02,8.737456e-03,2.113863e-02,6.970650e-02,4.851755e-02,1.933646e-01,9.764988e-03,3.273708e-03,1.745891e-02,8.988865e-02,2.743027e-01,2.125007e-03,1.614163e-02
1.925891e-01,2.478141e-03,1.824678e-02,6.267095e-03,1.581598e-02,5.213675e-02,3.466944e-02,1.360463e-01,8.044543e-03,4.706641e-03,2.620342e-02,2.002975e-01,2.673543e-01,3.322002e-03,3.182194e-02
1.370113e-01,3.064612e-03,2.975229e-02,4.617674e-03,1.246287e-02,4.182913e-02,2.588661e-02,9.535142e-02,6.662196e-03,5.836857e-03,2.467225e-02,1.964492e-01,3.278830e-01,4.774972e-03,8.374554e-02
9.659346e-02,2.261990e-03,2.603173e-02,3.275119e-03,9.804998e-03,2.990524e-02,1.930224e-02,6.705331e-02,5.073138e-03,5.014867e-03,1.865793e-02,1.485436e-01,2.798141e-01,5.218631e-03,2.834497e-01
6.814227e-02,1.894790e-03,5.776110e-02,2.344016e-03,1.535008e-02,2.372775e-02,2.812546e-02,4.741768e-02,3.920049e-03,4.578379e-03,1.388791e-02,1.218506e-01,2.159469e-01,4.544611e-03,3.905084e-01
4.831723e-02,1.429093e-03,4.307974e-02,1.710593e-03,1.309363e-02,1.742632e-02,2.057239e-02,3.345624e-02,2.963545e-03,3.617406e-03,1.004516e-02,1.022210e-01,1.651372e-01,3.885733e-03,5.330446e-01
3.421702e-02,1.051815e-03,3.370016e-02,1.370137e-03,1.040126e-02,1.313204e-02,1.471237e-02,2.365743e-02,2.176899e-03,2.807519e-03,7.498639e-03,7.807010e-02,1.192389e-01,3.300252e-03,6.546654e-01
2.723989e-02,8.823939e-04,3.380823e-02,1.947305e-03,1.652810e-02,1.113946e-02,1.064994e-02,1.746333e-02,2.554363e-03,3.177194e-03,5.935258e-03,5.676417e-02,8.514987e-02,2.722508e-03,7.240380e-01
2.223200e-02,1.135916e-03,6.019808e-02,6.935416e-03,2.276651e-02,1.705201e-02,7.623711e-03,1.470590e-02,4.392970e-03,4.073855e-03,8.012243e-03,4.180303e-02,6.431654e-02,2.572595e-03,7.221792e-01
1.832506e-02,1.768678e-03,5.232524e-02,9.007355e-03,1.950726e-02,7.492191e-02,5.417380e-03,1.261401e-02,8.950867e-03,9.330515e-03,2.304132e-02,3.357242e-02,5.150353e-02,3.094150e-03,6.766204e-01
1.793694e-02,8.277529e-03,4.001926e-02,1.616866e-02,2.946082e-02,5.568569e-02,4.124949e-03,9.905192e-03,1.385131e-01,9.144587e-03,2.885538e-02,2.737365e-02,3.972923e-02,2.605805e-03,5.721992e-01
1.447466e-02,8.115320e-03,6.384221e-02,1.178426e-01,3.674188e-02,3.989508e-02,3.402138e-03,1.517603e-02,1.226655e-01,8.658086e-03,2.486422e-02,1.970682e-02,2.903704e-02,2.115446e-03,4.934630e-01
1.205210e-02,1.555088e-02,1.911309e-01,1.370134e-01,3.291895e-02,2.963413e-02,2.649417e-03,1.526747e-02,1.204336e-01,1.084281e-02,1.864994e-02,1.396284e-02,2.084864e-02,1.623392e-03,3.774215e-01
1.335993e-02,5.387818e-02,2.309169e-01,1.185770e-01,2.962853e-02,2.607566e-02,2.161034e-03,1.748835e-02,1.751195e-01,1.669787e-02,1.445139e-02,9.897278e-03,1.501999e-02,1.225468e-03,2.755029e-01
1.862584e-02,4.084639e-02,2.401202e-01,2.052836e-01,2.244909e-02,1.911933e-02,1.621918e-03,4.940245e-02,1.367914e-01,2.628184e-02,1.844585e-02,7.359114e-03,1.213214e-02,1.157162e-03,2.003637e-01
1.598739e-02,3.033546e-02,1.745420e-01,1.636183e-01,1.655763e-02,1.392479e-02,1.220022e-03,3.751571e-02,1.141034e-01,2.117828e-02,2.299944e-01,5.823927e-03,1.352385e-02,2.710957e-03,1.589638e-01
1.359678e-02,2.177563e-02,1.262972e-01,1.178763e-01,1.329079e-02,1.023713e-02,8.900807e-04,2.939745e-02,9.581473e-02,1.690636e-02,3.911609e-01,4.553239e-03,1.412472e-02,4.757327e-03,1.393213e-01
9.837473e-03,1.581291e-02,9.041829e-02,8.804134e-02,9.741906e-03,7.354677e-03,6.280650e-04,2.110280e-02,2.966456e-01,1.333134e-02,3.119025e-01,3.405271e-03,1.108007e-02,6.216939e-03,1.144808e-01
8.045909e-03,1.183331e-02,6.680411e-02,6.333063e-02,1.072974e-02,5.720960e-03,4.574882e-04,1.602901e-02,4.142709e-01,1.090369e-02,2.747441e-01,2.756334e-03,9.255590e-03,1.305647e-02,9.206177e-02
7.786300e-03,8.820208e-03,4.760367e-02,4.530510e-02,8.818815e-03,4.418461e-03,3.829617e-04,1.210204e-02,5.479433e-01,8.441390e-03,2.043201e-01,2.153689e-03,7.287490e-03,2.494746e-02,6.966902e-02
5.365754e-02,8.208213e-03,3.471469e-02,3.418804e-02,8.375974e-03,5.663255e-03,6.083030e-04,9.104872e-03,5.580856e-01,7.582662e-03,1.566579e-01,3.086375e-03,1.707601e-02,3.727957e-02,6.571094e-02
6.962854e-02,6.938849e-03,3.075130e-02,3.227730e-02,9.190737e-03,7.825040e-03,2.887186e-03,1.358741e-02,5.906453e-01,6.408240e-03,1.184897e-01,4.815918e-03,2.503642e-02,2.800461e-02,5.351347e-02
7.044051e-02,6.966783e-03,2.563168e-02,2.451985e-02,6.980258e-03,8.640775e-03,2.156369e-03,9.671086e-03,6.292157e-01,7.348530e-03,8.997668e-02,4.339367e-03,2.164202e-02,3.880139e-02,5.366901e-02
7.239575e-02,6.581255e-03,2.054032e-02,1.798070e-02,5.268698e-03,7.701638e-03,1.603330e-03,6.905010e-03,5.623151e-01,9.215876e-03,8.309938e-02,3.860128e-03,1.857864e-02,1.280452e-01,5.590897e-02
5.666455e-02,4.960484e-03,1.643522e-02,1.313496e-02,3.775338e-03,6.063088e-03,1.186048e-03,4.934112e-03,4.496680e-01,8.867271e-03,6.586213e-02,3.621554e-03,1.454896e-02,2.936054e-01,5.667286e-02
4.428569e-02,3.775479e-03,1.292388e-02,9.495816e-03,2.930438e-03,4.765429e-03,8.884349e-04,3.485439e-03,3.428847e-01,2.155685e-02,8.892374e-02,2.902424e-03,1.214715e-02,3.537667e-01,9.526783e-02
3.313978e-02,2.670645e-03,9.405687e-03,6.715014e-03,2.115291e-03,4.360013e-03,7.502061e-04,2.517779e-03,2.438214e-01,3.414475e-02,6.616948e-02,2.511663e-03,9.372815e-03,5.046604e-01,7.764506e-02
3.088950e-02,2.136132e-03,7.572586e-03,4.827933e-03,1.918640e-03,3.555154e-03,7.075667e-04,1.838730e-03,1.946529e-01,6.226341e-02,5.904305e-02,3.439877e-03,7.844814e-03,5.563247e-01,6.298490e-02
2.274683e-02,2.248489e-03,6.176924e-03,3.494252e-03,6.581097e-03,2.686042e-03,8.624076e-04,1.375106e-03,1.716821e-01,1.880731e-01,7.585835e-02,5.307843e-03,8.881973e-03,4.491633e-01,5.486214e-02
1.663587e-02,2.932205e-03,6.879917e-03,3.065151e-03,3.506000e-02,2.301606e-03,5.345293e-03,8.700641e-03,1.850091e-01,2.078564e-01,7.876955e-02,6.428412e-03,1.747954e-02,3.680103e-01,5.552606e-02
1.279689e-02,2.005562e-02,7.233300e-03,2.590966e-03,3.996837e-02,3.785692e-03,4.660854e-03,7.258369e-03,2.137981e-01,2.563623e-01,7.339577e-02,8.174266e-03,2.196641e-02,2.738358e-01,5.411728e-02
1.212655e-02,3.154679e-02,1.255100e-02,2.480695e-03,5.283606e-02,5.054597e-03,4.110504e-03,8.274004e-03,1.967801e-01,2.834360e-01,8.719937e-02,1.014831e-02,3.098950e-02,2.104947e-01,5.197174e-02
1.713595e-02,5.154362e-02,2.846170e-02,9.585331e-03,7.320230e-02,8.755752e-03,4.293084e-03,1.962081e-02,1.948346e-01,2.275185e-01,9.610287e-02,1.134305e-02,3.197668e-02,1.532456e-01,7.238014e-02
1.862210e-02,5.748536e-02,3.318598e-02,2.010582e-02,8.889624e-02,1.527155e-02,4.551206e-03,2.473944e-02,2.033331e-01,2.009613e-01,9.875274e-02,1.338693e-02,3.308289e-02,1.144792e-01,7.314614e-02
2.219671e-02,6.474207e-02,2.950851e-02,1.947583e-02,7.435409e-02,1.302985e-02,3.731077e-03,1.924579e-02,1.749729e-01,2.386125e-01,1.286986e-01,2.104999e-02,3.599880e-02,9.130269e-02,6.308060e-02
2.337665e-02,7.998741e-02,2.376592e-02,4.131237e-02,5.867553e-02,1.405727e-02,2.859098e-03,1.674423e-02,1.730291e-01,1.834409e-01,1.557235e-01,5.555255e-02,4.903352e-02,6.935979e-02,5.308225e-02
4.921573e-02,8.032353e-02,1.921867e-02,5.949260e-02,4.399741e-02,2.724804e-02,2.381377e-03,1.353081e-02,1.494600e-01,1.398208e-01,1.694173e-01,9.546740e-02,5.304585e-02,5.304905e-02,4.433146e-02
6.070661e-02,5.910762e-02,1.426886e-02,6.035347e-02,3.129150e-02,3.225241e-02,1.927745e-03,9.836222e-03,1.757186e-01,9.963540e-02,1.999826e-01,1.418700e-01,4.277249e-02,3.756931e-02,3.270720e-02
6.477389e-02,4.302647e-02,1.192486e-02,6.450316e-02,2.284473e-02,2.812988e-02,1.675543e-03,7.248899e-03,1.769608e-01,7.218277e-02,1.928276e-01,2.241910e-01,3.600555e-02,2.749280e-02,2.621208e-02
6.626220e-02,3.132242e-02,9.472467e-03,6.469589e-02,1.621089e-02,2.380570e-02,1.310055e-03,5.305591e-03,1.306158e-01,5.090880e-02,1.525413e-01,3.821116e-01,2.680140e-02,1.951471e-02,1.912118e-02
5.194587e-02,2.231726e-02,6.935774e-03,4.862878e-02,1.149613e-02,2.523566e-02,9.915415e-04,3.817711e-03,9.190753e-02,3.577067e-02,1.427319e-01,5.113672e-01,1.923528e-02,1.385190e-02,1.376680e-02
5.374824e-02,1.595256e-02,5.220423e-03,3.532958e-02,8.428467e-03,3.841883e-02,9.609935e-04,3.048235e-03,6.499206e-02,2.532270e-02,1.203580e-01,5.941072e-01,1.412493e-02,9.983638e-03,1.000411e-02
4.090074e-02,1.135917e-02,3.844233e-03,2.500751e-02,6.896132e-03,2.860777e-02,7.109636e-04,2.345532e-03,4.609815e-02,1.786045e-02,1.015890e-01,6.903707e-01,1.008234e-02,7.253436e-03,7.073833e-03
3.008451e-02,8.112013e-03,2.780013e-03,1.775713e-02,5.915235e-03,2.095259e-02,5.168461e-04,1.780291e-03,3.279115e-02,1.262681e-02,8.396626e-02,7.653060e-01,7.187846e-03,5.206141e-03,5.017124e-03
