1.000000e+00,0.000000e+00,0.000000e+00,0.000000e+00,0.000000e+00,0.000000e+00,0.000000e+00,0.000000e+00,0.000000e+00,0.000000e+00,0.000000e+00,0.000000e+00,0.000000e+00,0.000000e+00,0.000000e+00
1.000000e+00,0.000000e+00,0.000000e+00,0.000000e+00,0.000000e+00,0.000000e+00,0.000000e+00,0.000000e+00,0.000000e+00,0.000000e+00,0.000000e+00,0.000000e+00,0.000000e+00,0.000000e+00,0.000000e+00
1.000000e+00,0.000000e+00,0.000000e+00,0.000000e+00,0.000000e+00,0.000000e+00,0.000000e+00,0.000000e+00,0.000000e+00,0.000000e+00,0.000000e+00,0.000000e+00,0.000000e+00,0.000000e+00,0.000000e+00
1.000000e+00,0.000000e+00,0.000000e+00,0.000000e+00,0.000000e+00,0.000000e+00,0.000000e+00,0.000000e+00,0.000000e+00,0.000000e+00,0.000000e+00,0.000000e+00,0.000000e+00,0.000000e+00,0.000000e+00
1.000000e+00,0.000000e+00,0.000000e+00,0.000000e+00,0.000000e+00,0.000000e+00,0.000000e+00,0.000000e+00,0.000000e+00,0.000000e+00,0.000000e+00,0.000000e+00,0.000000e+00,0.000000e+00,0.000000e+00
1.000000e+00,0.000000e+00,0.000000e+00,0.000000e+00,0.000000e+00,0.000000e+00,0.000000e+00,0.000000e+00,0.000000e+00,0.000000e+00,0.000000e+00,0.000000e+00,0.000000e+00,0.000000e+00,0.000000e+00
1.000000e+00,0.000000e+00,0.000000e+00,0.000000e+00,0.000000e+00,0.000000e+00,0.000000e+00,0.000000e+00,0.000000e+00,0.000000e+00,0.000000e+00,0.000000e+00,0.000000e+00,0.000000e+00,0.000000e+00
1.000000e+00,0.000000e+00,0.000000e+00,0.000000e+00,0.000000e+00,0.000000e+00,0.000000e+00,0.000000e+00,0.000000e+00,0.000000e+00,0.000000e+00,0.000000e+00,0.000000e+00,0.000000e+00,0.000000e+00
1.000000e+00,0.000000e+00,0.000000e+00,0.000000e+00,0.000000e+00,0.000000e+00,0.000000e+00,0.000000e+00,0.000000e+00,0.000000e+00,0.000000e+00,0.000000e+00,0.000000e+00,0.000000e+00,0.000000e+00
1.000000e+00,0.000000e+00,0.000000e+00,0.000000e+00,0.000000e+00,0.000000e+00,0.000000e+00,0.000000e+00,0.000000e+00,0.000000e+00,0.000000e+00,0.000000e+00,0.000000e+00,0.000000e+00,0.000000e+00
1.000000e+00,0.000000e+00,0.000000e+00,0.000000e+00,0.000000e+00,0.000000e+00,0.000000e+00,0.000000e+00,0.000000e+00,0.000000e+00,0.000000e+00,0.000000e+00,0.000000e+00,0.000000e+00,0.000000e+00
1.000000e+00,0.000000e+00,0.000000e+00,0.000000e+00,0.000000e+00,0.000000e+00,0.000000e+00,0.000000e+00,0.000000e+00,0.000000e+00,0.000000e+00,0.000000e+00,0.000000e+00,0.000000e+00,0.000000e+00
1.000000e+00,0.000000e+00,0.000000e+00,0.000000e+00,0.000000e+00,0.000000e+00,0.000000e+00,0.000000e+00,0.000000e+00,0.000000e+00,0.000000e+00,0.000000e+00,0.000000e+00,0.000000e+00,0.000000e+00
1.000000e+00,0.000000e+00,0.000000e+00,0.000000e+00,0.000000e+00,0.000000e+00,0.000000e+00,0.000000e+00,0.000000e+00,0.000000e+00,0.000000e+00,0.000000e+00,0.000000e+00,0.000000e+00,0.000000e+00
1.000000e+00,0.000000e+00,0.000000e+00,0.000000e+00,0.000000e+00,0.000000e+00,0.000000e+00,0.000000e+00,0.000000e+00,0.000000e+00,0.000000e+00,0.000000e+00,0.000000e+00,0.000000e+00,0.000000e+00
1.000000e+00,0.000000e+00,0.000000e+00,0.000000e+00,0.000000e+00,0.000000e+00,0.000000e+00,0.000000e+00,0.000000e+00,0.000000e+00,0.000000e+00,0.000000e+00,0.000000e+00,0.000000e+00,0.000000e+00
1.000000e+00,0.000000e+00,0.000000e+00,0.000000e+00,0.000000e+00,0.000000e+00,0.000000e+00,0.000000e+00,0.000000e+00,0.000000e+00,0.000000e+00,0.000000e+00,0.000000e+00,0.000000e+00,0.000000e+00
1.000000e+00,0.000000e+00,0.000000e+00,0.000000e+00,0.000000e+00,0.000000e+00,0.000000e+00,0.000000e+00,0.000000e+00,0.000000e+00,0.000000e+00,0.000000e+00,0.000000e+00,0.000000e+00,0.000000e+00
1.000000e+00,0.000000e+00,0.000000e+00,0.000000e+00,0.000000e+00,0.000000e+00,0.000000e+00,0.000000e+00,0.000000e+00,0.000000e+00,0.000000e+00,0.000000e+00,0.000000e+00,0.000000e+00,0.000000e+00
1.000000e+00,0.000000e+00,0.000000e+00,0.000000e+00,0.000000e+00,0.000000e+00,0.000000e+00,0.000000e+00,0.000000e+00,0.000000e+00,0.000000e+00,0.000000e+00,0.000000e+00,0.000000e+00,0.000000e+00
1.000000e+00,0.000000e+00,0.000000e+00,0.000000e+00,0.000000e+00,0.000000e+00,0.000000e+00,0.000000e+00,0.000000e+00,0.000000e+00,0.000000e+00,0.000000e+00,0.000000e+00,0.000000e+00,0.000000e+00
1.000000e+00,0.000000e+00,0.000000e+00,0.000000e+00,0.000000e+00,0.000000e+00,0.000000e+00,0.000000e+00,0.000000e+00,0.000000e+00,0.000000e+00,0.000000e+00,0.000000e+00,0.000000e+00,0.000000e+00
1.000000e+00,0.000000e+00,0.000000e+00,0.000000e+00,0.000000e+00,0.000000e+00,0.000000e+00,0.000000e+00,0.000000e+00,0.000000e+00,0.000000e+00,0.000000e+00,0.000000e+00,0.000000e+00,0.000000e+00
1.000000e+00,0.000000e+00,0.000000e+00,0.000000e+00,0.000000e+00,0.000000e+00,0.000000e+00,0.000000e+00,0.000000e+00,0.000000e+00,0.000000e+00,0.000000e+00,0.000000e+00,0.000000e+00,0.000000e+00
1.000000e+00,0.000000e+00,0.000000e+00,0.000000e+00,0.000000e+00,0.000000e+00,0.000000e+00,0.000000e+00,0.000000e+00,0.000000e+00,0.000000e+00,0.000000e+00,0.000000e+00,0.000000e+00,0.000000e+00
1.000000e+00,0.000000e+00,0.000000e+00,0.000000e+00,0.000000e+00,0.000000e+00,0.000000e+00,0.000000e+00,0.000000e+00,0.000000e+00,0.000000e+00,0.000000e+00,0.000000e+00,0.000000e+00,0.000000e+00
1.000000e+00,0.000000e+00,0.000000e+00,0.000000e+00,0.000000e+00,0.000000e+00,0.000000e+00,0.000000e+00,0.000000e+00,0.000000e+00,0.000000e+00,0.000000e+00,0.000000e+00,0.000000e+00,0.000000e+00
1.000000e+00,0.000000e+00,0.000000e+00,0.000000e+00,0.000000e+00,0.000000e+00,0.000000e+00,0.000000e+00,0.000000e+00,0.000000e+00,0.000000e+00,0.000000e+00,0.000000e+00,0.000000e+00,0.000000e+00
1.000000e+00,0.000000e+00,0.000000e+00,0.000000e+00,0.000000e+00,0.000000e+00,0.000000e+00,0.000000e+00,0.000000e+00,0.000000e+00,0.000000e+00,0.000000e+00,0.000000e+00,0.000000e+00,0.000000e+00
1.000000e+00,0.000000e+00,0.000000e+00,0.000000e+00,0.000000e+00,0.000000e+00,0.000000e+00,0.000000e+00,0.000000e+00,0.000000e+00,0.000000e+00,0.000000e+00,0.000000e+00,0.000000e+00,0.000000e+00
1.000000e+00,0.000000e+00,0.000000e+00,0.000000e+00,0.000000e+00,0.000000e+00,0.000000e+00,0.000000e+00,0.000000e+00,0.000000e+00,0.000000e+00,0.000000e+00,0.000000e+00,0.000000e+00,0.000000e+00
1.000000e+00,0.000000e+00,0.000000e+00,0.000000e+00,0.000000e+00,0.000000e+00,0.000000e+00,0.000000e+00,0.000000e+00,0.000000e+00,0.000000e+00,0.000000e+00,0.000000e+00,0.000000e+00,0.000000e+00
1.000000e+00,0.000000e+00,0.000000e+00,0.000000e+00,0.000000e+00,0.000000e+00,0.000000e+00,0.000000e+00,0.000000e+00,0.000000e+00,0.000000e+00,0.000000e+00,0.000000e+00,0.000000e+00,0.000000e+00
1.000000e+00,0.000000e+00,0.000000e+00,0.000000e+00,0.000000e+00,0.000000e+00,0.000000e+00,0.000000e+00,0.000000e+00,0.000000e+00,0.000000e+00,0.000000e+00,0.000000e+00,0.000000e+00,0.000000e+00
1.000000e+00,0.000000e+00,0.000000e+00,0.000000e+00,0.000000e+00,0.000000e+00,0.000000e+00,0.000000e+00,0.000000e+00,0.000000e+00,0.000000e+00,0.000000e+00,0.000000e+00,0.000000e+00,0.000000e+00
1.000000e+00,0.000000e+00,0.000000e+00,0.000000e+00,0.000000e+00,0.000000e+00,0.000000e+00,0.000000e+00,0.000000e+00,0.000000e+00,0.000000e+00,0.000000e+00,0.000000e+00,0.000000e+00,0.000000e+00
1.000000e+00,0.000000e+00,0.000000e+00,0.000000e+00,0.000000e+00,0.000000e+00,0.000000e+00,0.000000e+00,0.000000e+00,0.000000e+00,0.000000e+00,0.000000e+00,0.000000e+00,0.000000e+00,0.000000e+00
1.000000e+00,0.000000e+00,0.000000e+00,0.000000e+00,0.000000e+00,0.000000e+00,0.000000e+00,0.000000e+00,0.000000e+00,0.000000e+00,0.000000e+00,0.000000e+00,0.000000e+00,0.000000e+00,0.000000e+00
1.000000e+00,0.000000e+00,0.000000e+00,0.000000e+00,0.000000e+00,0.000000e+00,0.000000e+00,0.000000e+00,0.000000e+00,0.000000e+00,0.000000e+00,0.000000e+00,0.000000e+00,0.000000e+00,0.000000e+00
1.000000e+00,0.000000e+00,0.000000e+00,0.000000e+00,0.000000e+00,0.000000e+00,0.000000e+00,0.000000e+00,0.000000e+00,0.000000e+00,0.000000e+00,0.000000e+00,0.000000e+00,0.000000e+00,0.000000e+00
1.000000e+00,0.000000e+00,0.000000e+00,0.000000e+00,0.000000e+00,0.000000e+00,0.000000e+00,0.000000e+00,0.000000e+00,0.000000e+00,0.000000e+00,0.000000e+00,0.000000e+00,0.000000e+00,0.000000e+00
1.000000e+00,0.000000e+00,0.000000e+00,0.000000e+00,0.000000e+00,0.000000e+00,0.000000e+00,0.000000e+00,0.000000e+00,0.000000e+00,0.000000e+00,0.000000e+00,0.000000e+00,0.000000e+00,0.000000e+00
1.000000e+00,0.000000e+00,0.000000e+00,0.000000e+00,0.000000e+00,0.000000e+00,0.000000e+00,0.000000e+00,0.000000e+00,0.000000e+00,0.000000e+00,0.000000e+00,0.000000e+00,0.000000e+00,0.000000e+00
1.000000e+00,0.000000e+00,0.000000e+00,0.000000e+00,0.000000e+00,0.000000e+00,0.000000e+00,0.000000e+00,0.000000e+00,0.000000e+00,0.000000e+00,0.000000e+00,0.000000e+00,0.000000e+00,0.000000e+00
1.000000e+00,0.000000e+00,0.000000e+00,0.000000e+00,0.000000e+00,0.000000e+00,0.000000e+00,0.000000e+00,0.000000e+00,0.000000e+00,0.000000e+00,0.000000e+00,0.000000e+00,0.000000e+00,0.000000e+00
1.000000e+00,0.000000e+00,0.000000e+00,0.000000e+00,0.000000e+00,0.000000e+00,0.000000e+00,0.000000e+00,0.000000e+00,0.000000e+00,0.000000e+00,0.000000e+00,0.000000e+00,0.000000e+00,0.000000e+00
1.000000e+00,0.000000e+00,0.000000e+00,0.000000e+00,0.000000e+00,0.000000e+00,0.000000e+00,0.000000e+00,0.000000e+00,0.000000e+00,0.000000e+00,0.000000e+00,0.000000e+00,0.000000e+00,0.000000e+00
1.000000e+00,0.000000e+00,0.000000e+00,0.000000e+00,0.000000e+00,0.000000e+00,0.000000e+00,0.000000e+00,0.000000e+00,0.000000e+00,0.000000e+00,0.000000e+00,0.000000e+00,0.000000e+00,0.000000e+00
4.569472e-01,9.224172e-02,2.391870e-02,1.223799e-01,1.383737e-02,3.078174e-02,6.869020e-03,1.593148e-02,2.072697e-02,9.770773e-03,2.221793e-02,3.169971e-02,2.033802e-02,1.954358e-02,1.127959e-01
4.997743e-01,8.508930e-02,2.256581e-02,1.116162e-01,1.356898e-02,2.867648e-02,6.373230e-03,1.474039e-02,1.894853e-02,9.022852e-03,2.132654e-02,3.059485e-02,1.951905e-02,1.759879e-02,1.005848e-01
1.000000e+00,0.000000e+00,0.000000e+00,0.000000e+00,0.000000e+00,0.000000e+00,0.000000e+00,0.000000e+00,0.000000e+00,0.000000e+00,0.000000e+00,0.000000e+00,0.000000e+00,0.000000e+00,0.000000e+00
1.000000e+00,0.000000e+00,0.000000e+00,0.000000e+00,0.000000e+00,0.000000e+00,0.000000e+00,0.000000e+00,0.000000e+00,0.000000e+00,0.000000e+00,0.000000e+00,0.000000e+00,0.000000e+00,0.000000e+00
1.000000e+00,0.000000e+00,0.000000e+00,0.000000e+00,0.000000e+00,0.000000e+00,0.000000e+00,0.000000e+00,0.000000e+00,0.000000e+00,0.000000e+00,0.000000e+00,0.000000e+00,0.000000e+00,0.000000e+00
1.000000e+00,0.000000e+00,0.000000e+00,0.000000e+00,0.000000e+00,0.000000e+00,0.000000e+00,0.000000e+00,0.000000e+00,0.000000e+00,0.000000e+00,0.000000e+00,0.000000e+00,0.000000e+00,0.000000e+00
1.000000e+00,0.000000e+00,0.000000e+00,0.000000e+00,0.000000e+00,0.000000e+00,0.000000e+00,0.000000e+00,0.000000e+00,0.000000e+00,0.000000e+00,0.000000e+00,0.000000e+00,0.000000e+00,0.000000e+00
1.000000e+00,0.000000e+00,0.000000e+00,0.000000e+00,0.000000e+00,0.000000e+00,0.000000e+00,0.000000e+00,0.000000e+00,0.000000e+00,0.000000e+00,0.000000e+00,0.000000e+00,0.000000e+00,0.000000e+00
1.000000e+00,0.000000e+00,0.000000e+00,0.000000e+00,0.000000e+00,0.000000e+00,0.000000e+00,0.000000e+00,0.000000e+00,0.000000e+00,0.000000e+00,0.000000e+00,0.000000e+00,0.000000e+00,0.000000e+00
4.558097e-01,4.109002e-02,3.660519e-02,1.359510e-01,8.111292e-02,3.968960e-02,8.841798e-03,1.219238e-01,5.700306e-03,2.553299e-03,1.835630e-02,1.683891e-02,1.462048e-02,4.501915e-03,1.640480e-02
3.858824e-01,3.783974e-02,3.332514e-02,1.041335e-01,1.749010e-01,4.400384e-02,8.133003e-03,1.393189e-01,4.477646e-03,2.040816e-03,2.324866e-02,1.249608e-02,1.396010e-02,3.828689e-03,1.241057e-02
3.601884e-01,3.022014e-02,2.570536e-02,7.676820e-02,2.704372e-01,4.949513e-02,8.627347e-03,1.047409e-01,4.169295e-03,1.881322e-03,3.062660e-02,9.612750e-03,1.311886e-02,3.596433e-03,1.081210e-02
3.359233e-01,2.331522e-02,1.842642e-02,5.745756e-02,3.482473e-01,6.331264e-02,7.275798e-03,7.752706e-02,3.875946e-03,1.637909e-03,2.803334e-02,8.435761e-03,1.173875e-02,4.404706e-03,1.038830e-02
2.835681e-01,1.859127e-02,1.326450e-02,4.328643e-02,4.432074e-01,6.526729e-02,6.249790e-03,5.743126e-02,3.883008e-03,1.808899e-03,2.611421e-02,7.139214e-03,1.053259e-02,7.012121e-03,1.264401e-02
2.942712e-01,1.944668e-02,1.046775e-02,3.785636e-02,4.047607e-01,7.910921e-02,5.622125e-03,4.445914e-02,4.265027e-03,2.872678e-03,4.011488e-02,7.398020e-03,1.123172e-02,1.235656e-02,2.576794e-02
3.665608e-01,2.008983e-02,8.943138e-03,3.290679e-02,3.322452e-01,7.480659e-02,5.455508e-03,3.812254e-02,4.019919e-03,2.962666e-03,4.577195e-02,7.879691e-03,1.225179e-02,1.363494e-02,3.434879e-02
4.387519e-01,1.701045e-02,7.469270e-03,2.567034e-02,2.746717e-01,7.105349e-02,4.573128e-03,3.367917e-02,3.498987e-03,3.365415e-03,5.263366e-02,8.823194e-03,1.131003e-02,1.251873e-02,3.497058e-02
1.000000e+00,0.000000e+00,0.000000e+00,0.000000e+00,0.000000e+00,0.000000e+00,0.000000e+00,0.000000e+00,0.000000e+00,0.000000e+00,0.000000e+00,0.000000e+00,0.000000e+00,0.000000e+00,0.000000e+00
1.000000e+00,0.000000e+00,0.000000e+00,0.000000e+00,0.000000e+00,0.000000e+00,0.000000e+00,0.000000e+00,0.000000e+00,0.000000e+00,0.000000e+00,0.000000e+00,0.000000e+00,0.000000e+00,0.000000e+00
1.000000e+00,0.000000e+00,0.000000e+00,0.000000e+00,0.000000e+00,0.000000e+00,0.000000e+00,0.000000e+00,0.000000e+00,0.000000e+00,0.000000e+00,0.000000e+00,0.000000e+00,0.000000e+00,0.000000e+00
1.000000e+00,0.000000e+00,0.000000e+00,0.000000e+00,0.000000e+00,0.000000e+00,0.000000e+00,0.000000e+00,0.000000e+00,0.000000e+00,0.000000e+00,0.000000e+00,0.000000e+00,0.000000e+00,0.000000e+00
4.560939e-01,9.514129e-03,4.602526e-03,1.411988e-02,1.501763e-01,8.285289e-02,2.327106e-03,1.789381e-02,1.930592e-03,2.643798e-03,1.840040e-01,4.429067e-02,5.393390e-03,7.519913e-03,1.663718e-02
3.530552e-01,7.676400e-03,3.658420e-03,1.045024e-02,1.070672e-01,9.318405e-02,2.384566e-03,1.357847e-02,2.365795e-03,2.817155e-03,2.670587e-01,1.060242e-01,4.254877e-03,1.281503e-02,1.360973e-02
2.705114e-01,5.990789e-03,2.875276e-03,7.995407e-03,7.589927e-02,8.908422e-02,2.693646e-03,1.071998e-02,2.432087e-03,2.614903e-03,3.761259e-01,1.239052e-01,3.186984e-03,1.526613e-02,1.069889e-02
1.908760e-01,4.609765e-03,2.316983e-03,5.901304e-03,5.340254e-02,6.544123e-02,2.034889e-03,7.653541e-03,2.442689e-03,2.607151e-03,4.848794e-01,1.540669e-01,2.455870e-03,1.363366e-02,7.678196e-03
1.340424e-01,3.364621e-03,1.865718e-03,4.277622e-03,3.751982e-02,4.705096e-02,1.603906e-03,5.499581e-03,2.344189e-03,2.210371e-03,5.481817e-01,1.933728e-01,1.840660e-03,1.138347e-02,5.442342e-03
9.396770e-02,2.682134e-03,2.713395e-03,3.070893e-03,2.669696e-02,3.329638e-02,1.208988e-03,3.945301e-03,2.667992e-03,2.058542e-03,5.092716e-01,3.041752e-01,1.381303e-03,8.940033e-03,3.923651e-03
6.580093e-02,1.968939e-03,3.549127e-03,2.248373e-03,1.938767e-02,2.344848e-02,8.903855e-04,3.125067e-03,8.483560e-03,1.551580e-03,5.554013e-01,3.018616e-01,9.858165e-04,8.527812e-03,2.769414e-03
4.639562e-02,2.846363e-03,6.611430e-03,1.885702e-03,1.507010e-02,1.719625e-02,7.753642e-04,3.458401e-03,1.526381e-02,1.880544e-03,5.798945e-01,2.944434e-01,7.573047e-04,1.151677e-02,2.004579e-03
3.257990e-02,2.251746e-03,7.327870e-03,1.533609e-03,1.179584e-02,1.330756e-02,6.588091e-04,3.983099e-03,4.618756e-02,1.591617e-03,6.174707e-01,2.470723e-01,5.743055e-04,1.221954e-02,1.445680e-03
2.288384e-02,1.780934e-03,6.111692e-03,1.318987e-03,8.905771e-03,1.002861e-02,5.364438e-04,3.458415e-03,8.754627e-02,1.354852e-03,6.389745e-01,2.027153e-01,4.814399e-04,1.287882e-02,1.024174e-03
1.626235e-02,1.830847e-03,8.327900e-03,1.398726e-03,7.854977e-03,1.208549e-02,5.335368e-04,5.618281e-03,8.629762e-02,1.837488e-03,6.672455e-01,1.757666e-01,5.736428e-04,1.358462e-02,7.824650e-04
1.174325e-02,2.044436e-03,6.010372e-03,1.112533e-03,6.035821e-03,1.232397e-02,6.150651e-04,4.606933e-03,8.827300e-02,4.156340e-03,6.535643e-01,1.888612e-01,5.360630e-03,1.458713e-02,7.051232e-04
8.557750e-03,6.329449e-03,4.406888e-03,8.316477e-04,4.778334e-03,9.760709e-03,5.112783e-04,3.637267e-03,7.551406e-02,6.187742e-03,6.256988e-01,2.193663e-01,8.520324e-03,2.522948e-02,6.699703e-04
6.718014e-03,1.442254e-02,4.399462e-03,8.835477e-04,4.213564e-03,8.976696e-03,4.273652e-04,5.494972e-03,9.791882e-02,2.003158e-02,5.515152e-01,1.949766e-01,9.084752e-03,7.914311e-02,1.793818e-03
5.086878e-03,1.495760e-02,3.711345e-03,8.767641e-04,3.885250e-03,6.979275e-03,3.632579e-04,4.647493e-03,1.131185e-01,1.825240e-02,5.524784e-01,1.786131e-01,8.137783e-03,8.711720e-02,1.774765e-03
8.585480e-03,2.641309e-02,4.400053e-03,1.504835e-02,1.241958e-02,6.710088e-03,5.426294e-04,1.612881e-02,1.917588e-01,2.259671e-02,4.645909e-01,1.400479e-01,6.704986e-03,7.156413e-02,1.248849e-02
6.944064e-03,2.607882e-02,3.255669e-03,1.659115e-02,1.136338e-02,6.608073e-03,4.474175e-04,1.440555e-02,3.650943e-01,1.865548e-02,3.447462e-01,1.009793e-01,5.747008e-03,6.511127e-02,1.397230e-02
7.098956e-03,2.199400e-02,2.775357e-03,2.222421e-02,1.720744e-02,5.136208e-03,3.813594e-04,1.248184e-02,4.966569e-01,1.590793e-02,2.515033e-01,7.324827e-02,5.308358e-03,5.214012e-02,1.593574e-02
1.158087e-02,2.359694e-02,4.612867e-03,2.566666e-02,1.828123e-02,4.326606e-03,3.631177e-04,1.620349e-01,4.216572e-01,1.265831e-02,1.872055e-01,5.964876e-02,1.410100e-02,3.931627e-02,1.494973e-02
1.439190e-02,1.806048e-02,5.812790e-03,3.240464e-02,1.678739e-02,4.097695e-03,3.167537e-04,3.084860e-01,3.526001e-01,9.697585e-03,1.358406e-01,4.615971e-02,1.329096e-02,2.914499e-02,1.290845e-02
1.348122e-02,1.376467e-02,7.874093e-03,2.653364e-02,2.237448e-02,3.484433e-03,2.572307e-04,4.703597e-01,2.649402e-01,7.008385e-03,9.614857e-02,3.288364e-02,9.819957e-03,2.126569e-02,9.804069e-03
1.207552e-02,1.026097e-02,7.195483e-03,2.235843e-02,2.220973e-02,3.105342e-03,2.000091e-04,5.955997e-01,2.009545e-01,5.011227e-03,6.785695e-02,2.342777e-02,7.038204e-03,1.550042e-02,7.205854e-03
1.106988e-02,7.464169e-03,6.117097e-03,1.745571e-02,2.107657e-02,2.688863e-03,1.558884e-04,6.903039e-01,1.540127e-01,3.565517e-03,4.780985e-02,1.652032e-02,5.002672e-03,1.134431e-02,5.412604e-03
9.597925e-03,5.332227e-03,5.386610e-03,1.325873e-02,1.684265e-02,2.241875e-03,1.188415e-04,7.734100e-01,1.105247e-01,2.510758e-03,3.361509e-02,1.166950e-02,3.548456e-03,8.110270e-03,3.832291e-03
8.460013e-03,3.832847e-03,4.766641e-03,9.912173e-03,1.359261e-02,1.973511e-03,1.085149e-04,8.339546e-01,7.854361e-02,1.767697e-03,2.360850e-02,8.199595e-03,2.561668e-03,5.998906e-03,2.719139e-03
7.518686e-03,2.721648e-03,3.725687e-03,7.343343e-03,1.195581e-02,1.706453e-03,1.162833e-04,8.774976e-01,5.544066e-02,1.252115e-03,1.655164e-02,5.753741e-03,1.849541e-03,4.654763e-03,1.912032e-03
8.083571e-03,1.977583e-03,3.174910e-03,5.382051e-03,9.634431e-03,1.419167e-03,1.122328e-04,9.081791e-01,3.916706e-02,8.913035e-04,1.161342e-02,4.047898e-03,1.325789e-03,3.643852e-03,1.347657e-03
1.023136e-02,1.507358e-03,2.951443e-03,4.491587e-03,7.435117e-03,2.085306e-03,1.040104e-04,9.264034e-01,2.792143e-02,6.363871e-04,8.256058e-03,2.946886e-03,1.055812e-03,2.981510e-03,9.923619e-04
9.309905e-03,1.234053e-03,3.769100e-03,1.393429e-02,5.423637e-03,1.634610e-03,7.885134e-05,8.355552e-01,1.975391e-02,1.814383e-03,6.667724e-02,2.552574e-02,4.874082e-03,9.499218e-03,9.158910e-04
7.067881e-03,1.055368e-03,3.307082e-03,2.810406e-02,4.254015e-03,1.335041e-03,7.684587e-05,6.871935e-01,1.437594e-02,3.022897e-03,1.344380e-01,7.581452e-02,1.532705e-02,2.376776e-02,8.601411e-04
5.271847e-03,1.078624e-03,2.526245e-03,2.516436e-02,3.098476e-03,1.035947e-03,6.169229e-05,4.880093e-01,1.205052e-02,6.673337e-03,2.387194e-01,1.596701e-01,3.177453e-02,2.409908e-02,7.665959e-04
4.201199e-03,8.516798e-04,2.217117e-03,1.877882e-02,2.756946e-03,1.039347e-03,5.065104e-05,3.428579e-01,1.170025e-02,1.194498e-02,2.237806e-01,3.204022e-01,3.071599e-02,2.811234e-02,5.900249e-04
3.064298e-03,6.276733e-04,1.653471e-03,1.335806e-02,2.664066e-03,8.513791e-04,4.086211e-05,2.403706e-01,9.260602e-03,1.415071e-02,1.927645e-01,4.681568e-01,2.527315e-02,2.731255e-02,4.512903e-04
2.230573e-03,4.894413e-04,1.258997e-03,9.437683e-03,2.946260e-03,7.023286e-04,3.727710e-05,1.684466e-01,7.331983e-03,1.696925e-02,1.513541e-01,5.951080e-01,2.035633e-02,2.297189e-02,3.592729e-04
1.628047e-03,3.579875e-04,9.206094e-04,6.736942e-03,3.792362e-03,5.916938e-04,3.512104e-05,1.180433e-01,5.723123e-03,2.282223e-02,1.285025e-01,6.765688e-01,1.698316e-02,1.698362e-02,3.104688e-04
1.323224e-03,3.103792e-04,8.290161e-04,5.528881e-03,8.882383e-03,2.110290e-03,7.329739e-05,8.301951e-02,4.759992e-03,1.648144e-02,1.167836e-01,7.314663e-01,1.580309e-02,1.237572e-02,2.529235e-04
1.315033e-03,3.017884e-04,8.930076e-04,5.814236e-03,4.555456e-02,3.675636e-03,2.251037e-04,5.872668e-02,4.519778e-03,1.305315e-02,1.346851e-01,7.058963e-01,1.453345e-02,1.056408e-02,2.419973e-04
1.446474e-03,3.022528e-04,8.950080e-04,6.110546e-03,9.904437e-02,4.486032e-03,2.512691e-04,4.152837e-02,4.335745e-03,1.018750e-02,1.552060e-01,6.504096e-01,1.523286e-02,1.025965e-02,3.043377e-04
1.772690e-03,6.643381e-04,1.574394e-03,4.916644e-03,1.164264e-01,7.957906e-03,4.562776e-04,3.020220e-02,9.036394e-03,7.627465e-03,1.415787e-01,6.516456e-01,1.729616e-02,8.495521e-03,3.493206e-04
4.356662e-03,1.042484e-03,1.624096e-03,4.475499e-03,1.768649e-01,1.435173e-02,1.765748e-03,2.274545e-02,2.725200e-02,5.929399e-03,1.762656e-01,5.391256e-01,1.697173e-02,6.802211e-03,4.268562e-04
1.326936e-02,2.208012e-03,3.827535e-03,6.833560e-03,2.150675e-01,3.383053e-02,1.220494e-02,2.157182e-02,4.261533e-02,5.056389e-03,2.034653e-01,4.182437e-01,1.493204e-02,5.339719e-03,1.534234e-03
1.612999e-02,5.946629e-03,8.148816e-03,7.799324e-03,1.956296e-01,3.389946e-02,1.172359e-02,6.902722e-02,6.743832e-02,5.947426e-03,2.200049e-01,3.315780e-01,1.821491e-02,5.673328e-03,2.838445e-03
2.145829e-02,1.041490e-02,7.368706e-03,6.638622e-03,1.640985e-01,3.636453e-02,1.071615e-02,8.830270e-02,1.272481e-01,8.185141e-03,2.152271e-01,2.706754e-01,2.411904e-02,6.011430e-03,3.171366e-03
2.093622e-02,1.327860e-02,1.488917e-02,3.800734e-02,1.421460e-01,3.692179e-02,8.249324e-03,1.665489e-01,1.471375e-01,1.066273e-02,1.614797e-01,1.988090e-01,2.910662e-02,5.223882e-03,6.603337e-03
2.728917e-02,1.600075e-02,1.424941e-02,3.141410e-02,1.211523e-01,6.493484e-02,6.548511e-03,1.857498e-01,1.723867e-01,1.215759e-02,1.233653e-01,1.734324e-01,2.829601e-02,5.238223e-03,1.778493e-02
2.929027e-02,1.994413e-02,1.409182e-02,2.869871e-02,8.944163e-02,7.104393e-02,6.002868e-03,1.768751e-01,1.926817e-01,5.704593e-02,9.802634e-02,1.333270e-01,3.339804e-02,4.497783e-03,4.563481e-02
4.463046e-02,3.605733e-02,1.215633e-02,2.443351e-02,7.256293e-02,9.767423e-02,6.282805e-03,1.318206e-01,2.095863e-01,4.450000e-02,7.872635e-02,1.411389e-01,4.181848e-02,4.237756e-03,5.437407e-02
6.145001e-02,4.410236e-02,1.133342e-02,1.957177e-02,7.974942e-02,1.293153e-01,6.720101e-03,9.638810e-02,1.975572e-01,3.310516e-02,5.968260e-02,1.373328e-01,3.882628e-02,4.490775e-03,8.037469e-02
1.025206e-01,7.787567e-02,1.026075e-02,1.963080e-02,6.695100e-02,1.148467e-01,5.837240e-03,7.031862e-02,1.870199e-01,2.474663e-02,4.557557e-02,1.050179e-01,3.608115e-02,9.543834e-03,1.237736e-01
1.274966e-01,9.266087e-02,9.099344e-03,1.715185e-02,8.663712e-02,1.361882e-01,5.200099e-03,5.564676e-02,1.883798e-01,1.771452e-02,3.822186e-02,8.672546e-02,3.003263e-02,8.391917e-03,1.004530e-01
1.249815e-01,8.239194e-02,6.933431e-03,1.661771e-02,1.924639e-01,1.337587e-01,5.013037e-03,4.284411e-02,1.856407e-01,1.255198e-02,2.799187e-02,6.270083e-02,2.215272e-02,6.369895e-03,7.758758e-02
1.145650e-01,6.983969e-02,9.017827e-03,2.953525e-02,2.724742e-01,1.181569e-01,8.191041e-03,4.754589e-02,1.802471e-01,8.867091e-03,2.014360e-02,4.407005e-02,1.673103e-02,4.695132e-03,5.592024e-02
9.100700e-02,7.197922e-02,1.718566e-02,2.072981e-01,2.381749e-01,8.834393e-02,6.329838e-03,3.680766e-02,1.305847e-01,6.744423e-03,1.597754e-02,3.097267e-02,1.202317e-02,3.458911e-03,4.311223e-02
7.015987e-02,5.412970e-02,1.955095e-01,1.997341e-01,1.896765e-01,6.770580e-02,5.430576e-03,3.974765e-02,9.825680e-02,4.815821e-03,1.136634e-02,2.177210e-02,8.639085e-03,2.503570e-03,3.055257e-02
6.069541e-02,3.934064e-02,1.845054e-01,2.315288e-01,1.658198e-01,4.995877e-02,4.843673e-03,1.150790e-01,9.137328e-02,3.440737e-03,8.220376e-03,1.531119e-02,6.402669e-03,1.820192e-03,2.166002e-02
4.814049e-02,2.936378e-02,2.685366e-01,2.862784e-01,1.229108e-01,3.810510e-02,3.647784e-03,8.718836e-02,6.706881e-02,4.550477e-03,8.932024e-03,1.116028e-02,5.729977e-03,1.516462e-03,1.687067e-02
4.573080e-02,2.397510e-02,2.324489e-01,3.713753e-01,9.915309e-02,3.025076e-02,2.970836e-03,6.380288e-02,4.802846e-02,3.759080e-03,8.497203e-03,9.271053e-03,4.686490e-02,1.255641e-03,1.261601e-02
5.374844e-02,2.226170e-02,2.185284e-01,3.680007e-01,8.138744e-02,2.409315e-02,2.419795e-03,5.028894e-02,3.547281e-02,4.795088e-03,1.273488e-02,1.022097e-02,1.041344e-01,1.462443e-03,1.045090e-02
6.640232e-02,2.159492e-02,1.898322e-01,2.771841e-01,7.531711e-02,2.520206e-02,4.226786e-03,3.675625e-02,3.504356e-02,5.822666e-03,3.496499e-02,6.211715e-02,1.511799e-01,3.383657e-03,1.097238e-02
8.869192e-02,1.778691e-02,1.400864e-01,2.026537e-01,7.788059e-02,2.507562e-02,8.112454e-03,2.761877e-02,3.969551e-02,3.189932e-02,3.930213e-02,9.427429e-02,1.873217e-01,5.301659e-03,1.429898e-02
1.018102e-01,1.527098e-02,9.886514e-02,1.424382e-01,5.729166e-02,1.915161e-02,9.873588e-03,2.059228e-02,3.244731e-02,2.970396e-02,4.371817e-02,2.089657e-01,1.884758e-01,1.816538e-02,1.323008e-02
1.060438e-01,1.110133e-02,6.944378e-02,1.001921e-01,4.441076e-02,1.489478e-02,9.274803e-03,1.501624e-02,2.879801e-02,6.674325e-02,6.322919e-02,3.002218e-01,1.364817e-01,2.284335e-02,1.130511e-02
8.552378e-02,8.148151e-03,4.894365e-02,7.044122e-02,3.256219e-02,1.219768e-02,7.981768e-03,1.121972e-02,2.326364e-02,7.173803e-02,9.259597e-02,3.888143e-01,9.941157e-02,3.790431e-02,9.254066e-03
1.238097e-01,7.074549e-03,3.573162e-02,4.987088e-02,2.606370e-02,1.095936e-02,7.508420e-03,1.015345e-02,1.886380e-02,5.606990e-02,1.347771e-01,3.798669e-01,7.167541e-02,5.942069e-02,8.154502e-03
1.249680e-01,6.051404e-03,2.646288e-02,3.567065e-02,2.354620e-02,9.165012e-03,6.262705e-03,9.740824e-03,1.645492e-02,4.711421e-02,1.780309e-01,3.936850e-01,5.225347e-02,6.418531e-02,6.408471e-03
1.155598e-01,8.372774e-03,2.064428e-02,2.586738e-02,2.463210e-02,7.833937e-03,4.711485e-03,8.379848e-03,1.420413e-02,3.660847e-02,2.792318e-01,3.495439e-01,3.778498e-02,6.112066e-02,5.504499e-03
8.565175e-02,7.095598e-03,1.552693e-02,1.839542e-02,1.943239e-02,5.812821e-03,3.464779e-03,6.511600e-03,1.520869e-02,2.715580e-02,4.376373e-01,2.641059e-01,2.660154e-02,6.259984e-02,4.799697e-03
6.984794e-02,6.368018e-03,1.163327e-02,1.316873e-02,1.474935e-02,4.441981e-03,2.621699e-03,5.927986e-03,2.512418e-02,2.126895e-02,5.077653e-01,2.037075e-01,1.914600e-02,9.011407e-02,4.115053e-03
5.075404e-02,4.929110e-03,8.652510e-03,9.408273e-03,1.338647e-02,3.344089e-03,1.887522e-03,4.954006e-03,3.790236e-02,1.708839e-02,5.288206e-01,1.505956e-01,1.394936e-02,1.498827e-01,4.444938e-03
4.197314e-02,3.678420e-03,6.325433e-03,6.757773e-03,1.016088e-02,2.883733e-03,1.382649e-03,3.955418e-03,5.678182e-02,1.399084e-02,5.667859e-01,1.202993e-01,1.042311e-02,1.508076e-01,3.793985e-03
5.932644e-02,3.914694e-03,5.992024e-03,6.565070e-03,1.254701e-02,5.482698e-03,1.190372e-03,5.005386e-03,5.575296e-02,1.233240e-02,5.652656e-01,1.118784e-01,8.667184e-03,1.416628e-01,4.416992e-03
4.878238e-02,3.176487e-03,4.465108e-03,5.047585e-03,1.088010e-02,5.861505e-03,8.966656e-04,5.000731e-03,5.945912e-02,1.003451e-02,6.291206e-01,8.368216e-02,6.580043e-03,1.234836e-01,3.529397e-03
3.566654e-02,2.551730e-03,3.318975e-03,3.635879e-03,8.008232e-03,4.687199e-03,6.397207e-04,3.602630e-03,7.224674e-02,7.817077e-03,6.342257e-01,6.287637e-02,4.902866e-03,1.526710e-01,3.149352e-03
2.515661e-02,1.909272e-03,2.531022e-03,2.564203e-03,5.691625e-03,3.609763e-03,4.489951e-04,2.539697e-03,7.797100e-02,5.643988e-03,6.786022e-01,4.472304e-02,3.522931e-03,1.425602e-01,2.525433e-03
1.821761e-02,1.502503e-03,2.055090e-03,1.828625e-03,4.061739e-03,3.034942e-03,3.159879e-04,1.800082e-03,1.284153e-01,4.178076e-03,6.650094e-01,3.324246e-02,2.725944e-03,1.316564e-01,1.955786e-03
1.483172e-02,1.586802e-03,2.887741e-03,1.577042e-03,2.963322e-03,4.342444e-03,2.318741e-04,1.719635e-03,1.421581e-01,3.555702e-03,6.679639e-01,2.440537e-02,2.068840e-03,1.282094e-01,1.498086e-03
1.242418e-02,1.754736e-03,2.192839e-03,1.138629e-03,2.236463e-03,3.694454e-03,1.660658e-04,1.351796e-03,1.347600e-01,2.916832e-03,6.651144e-01,1.750114e-02,1.489289e-03,1.519915e-01,1.267736e-03
1.203327e-02,1.450455e-03,2.657364e-03,9.720750e-04,1.895023e-03,3.923774e-03,1.209273e-04,1.193528e-03,1.232638e-01,2.496952e-03,6.930657e-01,1.235921e-02,1.067477e-03,1.424739e-01,1.026532e-03
1.096772e-02,1.082183e-03,2.036584e-03,7.199332e-04,1.478071e-03,3.277957e-03,8.604360e-05,8.926269e-04,9.782462e-02,1.933684e-03,7.380352e-01,8.708665e-03,7.591891e-04,1.312749e-01,9.227161e-04
1.297107e-02,8.004113e-04,1.525759e-03,5.415396e-04,1.288619e-03,2.632554e-03,6.270496e-05,7.088868e-04,8.327188e-02,1.534164e-03,7.822905e-01,6.199902e-03,5.507208e-04,1.048733e-01,7.479846e-04
3.211638e-02,7.773773e-04,1.240528e-03,5.020623e-04,1.303662e-03,3.890119e-03,6.894190e-05,1.194395e-03,6.964646e-02,1.525690e-03,7.843920e-01,4.925447e-03,5.853992e-04,9.654107e-02,1.290455e-03
4.868927e-02,7.730707e-04,9.967923e-04,5.399585e-04,1.366684e-03,3.420418e-03,7.601877e-05,1.721900e-03,7.496695e-02,1.397706e-03,7.621976e-01,4.008746e-03,7.086655e-04,9.749964e-02,1.636596e-03
5.121094e-02,6.407467e-04,8.415267e-04,6.615546e-04,1.315196e-03,2.986405e-03,7.238105e-05,2.174224e-03,8.618346e-02,1.290674e-03,7.512846e-01,3.074235e-03,6.525925e-04,9.612057e-02,1.490869e-03
4.837494e-02,6.921644e-04,8.582589e-04,1.066799e-03,2.667263e-03,3.343693e-03,7.253791e-05,1.911180e-03,1.097235e-01,1.069870e-03,7.186698e-01,2.291305e-03,5.369620e-04,1.072604e-01,1.461315e-03
4.623421e-02,8.665621e-04,8.019576e-04,1.273173e-03,4.010317e-03,3.310269e-03,8.394688e-05,1.774787e-03,1.048709e-01,9.554394e-04,7.224181e-01,1.716365e-03,4.504732e-04,1.095178e-01,1.715784e-03
4.767206e-02,1.461480e-03,1.483908e-03,2.591139e-03,8.366955e-03,4.188946e-03,1.703368e-04,2.202994e-03,1.052559e-01,8.232493e-04,6.876180e-01,1.301237e-03,4.281156e-04,1.344626e-01,1.973120e-03
6.779321e-02,6.746273e-03,1.448592e-02,1.143419e-02,1.608428e-02,1.002867e-02,6.633783e-04,2.639133e-03,1.102367e-01,8.590325e-04,5.856840e-01,1.794159e-03,7.804778e-04,1.643241e-01,6.446436e-03
6.774625e-02,5.479454e-03,1.516076e-02,8.770236e-03,1.286412e-02,8.822514e-03,5.758411e-04,2.091173e-03,1.194498e-01,8.864094e-04,5.436927e-01,1.541972e-03,6.905081e-04,2.062673e-01,5.960953e-03
9.616387e-02,5.089287e-03,1.686087e-02,8.185384e-03,1.204364e-02,1.234025e-02,8.453182e-04,2.019431e-03,1.358953e-01,1.724680e-03,4.338363e-01,1.768578e-03,9.201897e-04,2.649263e-01,7.380627e-03
1.209252e-01,4.453503e-03,1.424006e-02,7.580617e-03,1.091120e-02,1.312116e-02,8.993726e-04,1.960339e-03,1.531954e-01,3.346363e-03,3.732787e-01,1.999959e-03,1.119348e-03,2.850518e-01,7.916916e-03
1.517526e-01,4.597382e-03,1.159184e-02,6.818485e-03,9.999614e-03,1.474664e-02,9.089557e-04,1.939360e-03,2.210144e-01,4.372915e-03,2.960629e-01,2.829057e-03,1.191819e-03,2.645102e-01,7.663823e-03
2.411289e-01,6.253106e-03,1.078518e-02,8.992413e-03,9.204182e-03,1.857819e-02,1.121176e-03,2.729862e-03,2.506555e-01,7.578644e-03,2.124164e-01,5.832878e-03,2.292424e-03,2.135679e-01,8.863253e-03
3.161111e-01,6.673342e-03,9.951962e-03,1.035918e-02,8.635012e-03,2.005482e-02,1.207636e-03,2.888864e-03,2.689433e-01,9.490937e-03,1.528568e-01,7.413473e-03,2.565790e-03,1.728754e-01,9.972269e-03
4.257576e-01,9.835701e-03,1.079693e-02,1.406503e-02,1.100203e-02,2.704063e-02,1.319454e-03,4.216375e-03,2.067095e-01,8.186306e-03,1.107548e-01,9.941986e-03,3.972886e-03,1.372654e-01,1.913540e-02
4.254539e-01,1.250723e-02,1.068460e-02,1.675603e-02,1.077258e-02,2.693421e-02,1.181831e-03,4.322676e-03,1.538592e-01,6.630288e-03,9.128337e-02,1.497214e-02,5.529544e-03,1.717288e-01,4.738358e-02
3.121127e-01,1.252926e-02,9.283304e-03,1.215614e-02,7.907185e-03,2.046550e-02,8.450427e-04,3.138697e-03,1.112884e-01,4.875310e-03,1.245874e-01,1.202265e-02,4.406134e-03,3.057067e-01,5.867563e-02
2.197535e-01,1.042317e-02,7.174282e-03,9.338057e-03,5.958493e-03,1.514625e-02,6.233479e-04,2.271374e-03,8.422278e-02,3.843311e-03,1.741920e-01,1.154145e-02,4.544436e-03,3.709578e-01,8.000984e-02
1.540388e-01,8.928845e-03,5.398437e-03,7.042053e-03,4.623545e-03,1.165523e-02,4.573707e-04,1.627395e-03,6.375870e-02,3.958032e-03,1.908041e-01,9.933316e-03,5.965561e-03,4.236867e-01,1.081220e-01
1.080037e-01,6.461900e-03,4.094594e-03,5.020886e-03,4.656452e-03,1.067366e-02,3.650705e-04,1.182631e-03,4.600724e-02,2.263875e-02,2.429667e-01,7.596927e-03,5.179859e-03,4.486460e-01,8.650557e-02
7.574299e-02,4.736666e-03,3.078020e-03,3.745916e-03,3.970925e-03,8.774223e-03,4.231353e-04,8.760244e-04,3.573972e-02,2.158938e-02,3.049268e-01,7.334313e-03,4.362305e-03,4.598011e-01,6.489856e-02
5.317494e-02,3.400405e-03,2.265088e-03,3.119268e-03,3.833821e-03,7.271097e-03,3.699667e-04,6.591696e-04,2.708080e-02,1.817171e-02,4.354209e-01,6.967583e-03,3.862379e-03,3.821800e-01,5.222291e-02
3.724748e-02,2.387935e-03,1.594179e-03,2.246970e-03,3.491696e-03,5.308814e-03,4.125318e-04,4.745188e-04,2.029056e-02,1.402779e-02,5.643696e-01,7.074510e-03,3.135665e-03,2.978386e-01,4.009921e-02
2.609939e-02,1.689318e-03,1.128567e-03,1.628147e-03,3.382082e-03,3.907624e-03,3.948195e-04,3.389994e-04,1.656553e-02,1.173557e-02,6.485444e-01,8.869337e-03,2.703596e-03,2.386991e-01,3.431349e-02
1.851503e-02,1.239245e-03,8.233951e-04,1.252497e-03,4.332121e-03,3.016629e-03,4.083318e-04,2.599609e-04,1.580756e-02,1.066395e-02,6.809262e-01,1.569003e-02,2.457346e-03,2.072819e-01,3.732591e-02
1.318147e-02,1.030402e-03,6.479321e-04,1.006461e-03,6.883723e-03,2.380638e-03,3.519535e-04,2.243985e-04,2.661949e-02,9.637603e-03,7.093102e-01,1.799603e-02,2.173550e-03,1.702975e-01,3.825863e-02
1.486200e-02,1.028135e-03,5.872845e-04,1.134834e-03,6.110995e-03,2.571122e-03,3.860716e-04,2.387054e-04,4.087682e-02,1.562014e-02,6.994449e-01,2.336107e-02,2.918059e-03,1.488771e-01,4.198268e-02
3.021996e-02,2.196938e-03,9.163498e-04,2.181005e-03,5.783975e-03,3.173864e-03,7.998254e-04,4.188315e-04,6.387817e-02,2.372433e-02,6.163645e-01,5.899018e-02,3.719914e-03,1.347706e-01,5.286159e-02
4.689650e-02,2.489437e-03,9.954544e-04,2.346824e-03,4.781147e-03,3.582973e-03,9.635644e-04,5.112588e-04,5.202915e-02,2.257472e-02,6.232006e-01,8.237068e-02,4.069338e-03,1.078824e-01,4.530600e-02
8.532509e-02,4.903096e-03,1.199323e-03,3.814285e-03,5.321746e-03,4.861088e-03,3.057478e-03,1.373977e-03,4.184666e-02,2.012347e-02,6.225289e-01,8.229231e-02,4.988933e-03,8.072767e-02,3.763600e-02
1.178248e-01,6.174313e-03,1.460484e-03,4.586366e-03,4.967217e-03,5.798854e-03,4.484988e-03,2.155044e-03,3.252849e-02,1.671142e-02,6.172208e-01,8.480595e-02,5.610971e-03,6.256722e-02,3.310310e-02
1.935906e-01,7.183075e-03,1.591110e-03,4.929114e-03,4.684342e-03,7.644093e-03,4.842446e-03,2.161539e-03,2.382952e-02,1.364287e-02,5.574732e-01,9.943196e-02,5.174996e-03,4.674935e-02,2.707179e-02
2.532373e-01,7.654626e-03,1.834727e-03,5.015505e-03,5.656607e-03,9.854648e-03,4.584096e-03,2.729160e-03,1.757438e-02,1.151765e-02,4.866422e-01,1.320951e-01,4.668491e-03,3.610356e-02,2.083184e-02
2.363064e-01,1.291155e-02,2.031750e-03,5.440651e-03,1.702474e-02,9.530121e-03,4.247583e-03,2.988052e-03,1.497304e-02,9.360906e-03,4.722008e-01,1.578709e-01,4.347318e-03,3.354372e-02,1.722239e-02
2.220946e-01,1.729818e-02,4.967093e-03,6.882840e-03,1.041767e-01,9.154490e-03,4.551816e-03,9.079571e-03,1.453742e-02,7.265436e-03,3.656562e-01,1.882275e-01,3.606761e-03,2.876460e-02,1.373678e-02
1.852677e-01,1.671702e-02,9.145064e-03,7.107608e-03,1.721133e-01,1.019380e-02,6.637330e-03,1.108864e-02,2.008304e-02,5.869266e-03,2.897306e-01,2.262994e-01,3.521950e-03,2.549939e-02,1.072578e-02
1.885485e-01,2.529174e-02,1.750744e-02,7.700125e-03,2.028396e-01,1.076541e-02,5.201669e-03,2.420452e-02,1.996782e-02,5.490421e-03,2.547743e-01,1.996160e-01,3.681886e-03,2.371093e-02,1.069957e-02
1.593308e-01,2.009752e-02,6.692267e-02,1.539846e-02,1.690472e-01,8.682579e-03,4.407036e-03,1.627424e-01,1.798597e-02,4.440971e-03,1.886694e-01,1.533213e-01,3.502530e-03,1.744772e-02,8.003449e-03
1.377708e-01,2.244691e-02,6.770948e-02,1.343993e-02,2.344511e-01,1.046678e-02,3.814989e-03,1.728338e-01,4.909925e-02,3.878715e-03,1.430036e-01,1.144099e-01,3.481629e-03,1.496855e-02,8.224542e-03
1.022116e-01,2.618879e-02,5.152161e-02,1.130325e-02,1.931673e-01,1.113738e-02,2.924691e-03,1.314253e-01,2.621214e-01,2.984684e-03,1.025711e-01,8.115073e-02,2.810514e-03,1.095126e-02,7.530339e-03
7.609566e-02,2.316987e-02,4.248930e-02,1.153549e-02,1.584917e-01,1.147070e-02,2.326536e-03,1.211919e-01,3.962542e-01,2.684268e-03,7.903101e-02,5.779273e-02,2.984052e-03,8.131884e-03,6.350626e-03
6.971547e-02,1.855497e-02,3.568793e-02,1.390663e-02,2.802261e-01,1.134478e-02,1.922994e-03,1.029692e-01,3.429148e-01,2.066995e-03,6.582273e-02,4.153113e-02,2.467482e-03,5.932620e-03,4.936138e-03
6.203718e-02,1.522937e-02,2.761763e-02,1.911109e-02,2.724740e-01,1.140186e-02,1.511382e-03,9.288722e-02,4.020686e-01,1.835031e-03,5.192501e-02,3.026811e-02,2.022564e-03,4.690216e-03,4.920736e-03
5.589744e-02,1.240267e-02,1.996251e-02,1.746684e-02,2.814076e-01,1.544296e-02,1.238081e-03,7.307798e-02,4.435769e-01,1.640377e-03,4.494547e-02,2.267591e-02,1.598533e-03,4.100777e-03,4.565917e-03
5.714881e-02,9.404516e-03,1.417186e-02,1.656503e-02,3.596717e-01,1.330807e-02,9.483818e-04,6.011102e-02,4.064949e-01,1.847669e-03,3.504045e-02,1.717161e-02,1.334139e-03,3.368871e-03,3.413039e-03
6.662197e-02,1.110156e-02,1.102003e-02,2.014486e-02,3.687067e-01,1.495793e-02,7.638247e-04,4.611165e-02,4.011208e-01,7.451086e-03,3.049473e-02,1.358407e-02,1.190397e-03,3.900917e-03,2.829499e-03
8.544130e-02,1.035234e-02,9.003319e-03,6.777894e-02,3.720105e-01,1.358247e-02,8.410043e-04,4.447549e-02,3.332677e-01,6.855929e-03,2.886302e-02,1.963851e-02,1.670052e-03,3.047172e-03,3.172323e-03
1.047901e-01,2.188842e-02,6.939991e-03,5.825884e-02,3.143893e-01,2.168858e-02,7.821012e-04,3.844845e-02,3.644562e-01,1.570840e-02,2.720809e-02,1.635987e-02,1.803877e-03,3.922250e-03,3.355539e-03
1.239185e-01,2.124496e-02,5.088735e-03,4.584675e-02,2.555669e-01,3.298552e-02,7.404985e-04,2.869765e-02,4.153608e-01,1.972344e-02,2.606398e-02,1.521645e-02,1.924864e-03,4.137234e-03,3.483718e-03
1.852171e-01,2.032374e-02,4.072203e-03,4.022020e-02,1.962300e-01,4.807359e-02,7.544729e-04,2.180836e-02,4.021048e-01,1.778159e-02,3.359624e-02,1.431322e-02,2.530616e-03,7.992439e-03,4.981418e-03
2.673978e-01,1.789147e-02,5.442332e-03,6.048568e-02,1.477605e-01,4.100658e-02,2.047419e-03,4.758409e-02,3.190758e-01,1.553641e-02,3.872336e-02,1.519111e-02,3.351730e-03,1.245512e-02,6.050600e-03
3.199890e-01,2.095921e-02,7.113473e-03,7.174245e-02,1.103487e-01,3.482928e-02,1.927409e-03,3.741117e-02,2.719270e-01,1.488553e-02,5.146351e-02,1.572188e-02,4.007281e-03,2.779040e-02,9.883700e-03
3.697264e-01,2.024034e-02,1.544255e-02,8.651611e-02,8.161654e-02,2.825759e-02,2.187669e-03,3.207979e-02,2.171955e-01,1.519781e-02,6.766284e-02,1.841059e-02,5.574736e-03,2.834558e-02,1.154597e-02
4.417774e-01,1.927025e-02,1.528588e-02,8.492052e-02,5.966640e-02,2.370591e-02,2.120604e-03,2.481089e-02,1.809036e-01,1.345378e-02,6.330733e-02,1.893592e-02,6.434670e-03,2.920538e-02,1.620151e-02
1.000000e+00,0.000000e+00,0.000000e+00,0.000000e+00,0.000000e+00,0.000000e+00,0.000000e+00,0.000000e+00,0.000000e+00,0.000000e+00,0.000000e+00,0.000000e+00,0.000000e+00,0.000000e+00,0.000000e+00
1.000000e+00,0.000000e+00,0.000000e+00,0.000000e+00,0.000000e+00,0.000000e+00,0.000000e+00,0.000000e+00,0.000000e+00,0.000000e+00,0.000000e+00,0.000000e+00,0.000000e+00,0.000000e+00,0.000000e+00
