1.000000e+00,0.000000e+00,0.000000e+00,0.000000e+00,0.000000e+00,0.000000e+00,0.000000e+00,0.000000e+00,0.000000e+00,0.000000e+00,0.000000e+00,0.000000e+00,0.000000e+00,0.000000e+00,0.000000e+00
1.000000e+00,0.000000e+00,0.000000e+00,0.000000e+00,0.000000e+00,0.000000e+00,0.000000e+00,0.000000e+00,0.000000e+00,0.000000e+00,0.000000e+00,0.000000e+00,0.000000e+00,0.000000e+00,0.000000e+00
1.000000e+00,0.000000e+00,0.000000e+00,0.000000e+00,0.000000e+00,0.000000e+00,0.000000e+00,0.000000e+00,0.000000e+00,0.000000e+00,0.000000e+00,0.000000e+00,0.000000e+00,0.000000e+00,0.000000e+00
1.000000e+00,0.000000e+00,0.000000e+00,0.000000e+00,0.000000e+00,0.000000e+00,0.000000e+00,0.000000e+00,0.000000e+00,0.000000e+00,0.000000e+00,0.000000e+00,0.000000e+00,0.000000e+00,0.000000e+00
1.000000e+00,0.000000e+00,0.000000e+00,0.000000e+00,0.000000e+00,0.000000e+00,0.000000e+00,0.000000e+00,0.000000e+00,0.000000e+00,0.000000e+00,0.000000e+00,0.000000e+00,0.000000e+00,0.000000e+00
1.000000e+00,0.000000e+00,0.000000e+00,0.000000e+00,0.000000e+00,0.000000e+00,0.000000e+00,0.000000e+00,0.000000e+00,0.000000e+00,0.000000e+00,0.000000e+00,0.000000e+00,0.000000e+00,0.000000e+00
1.000000e+00,0.000000e+00,0.000000e+00,0.000000e+00,0.000000e+00,0.000000e+00,0.000000e+00,0.000000e+00,0.000000e+00,0.000000e+00,0.000000e+00,0.000000e+00,0.000000e+00,0.000000e+00,0.000000e+00
1.000000e+00,0.000000e+00,0.000000e+00,0.000000e+00,0.000000e+00,0.000000e+00,0.000000e+00,0.000000e+00,0.000000e+00,0.000000e+00,0.000000e+00,0.000000e+00,0.000000e+00,0.000000e+00,0.000000e+00
1.000000e+00,0.000000e+00,0.000000e+00,0.000000e+00,0.000000e+00,0.000000e+00,0.000000e+00,0.000000e+00,0.000000e+00,0.000000e+00,0.000000e+00,0.000000e+00,0.000000e+00,0.000000e+00,0.000000e+00
1.000000e+00,0.000000e+00,0.000000e+00,0.000000e+00,0.000000e+00,0.000000e+00,0.000000e+00,0.000000e+00,0.000000e+00,0.000000e+00,0.000000e+00,0.000000e+00,0.000000e+00,0.000000e+00,0.000000e+00
1.000000e+00,0.000000e+00,0.000000e+00,0.000000e+00,0.000000e+00,0.000000e+00,0.000000e+00,0.000000e+00,0.000000e+00,0.000000e+00,0.000000e+00,0.000000e+00,0.000000e+00,0.000000e+00,0.000000e+00
1.000000e+00,0.000000e+00,0.000000e+00,0.000000e+00,0.000000e+00,0.000000e+00,0.000000e+00,0.000000e+00,0.000000e+00,0.000000e+00,0.000000e+00,0.000000e+00,0.000000e+00,0.000000e+00,0.000000e+00
1.000000e+00,0.000000e+00,0.000000e+00,0.000000e+00,0.000000e+00,0.000000e+00,0.000000e+00,0.000000e+00,0.000000e+00,0.000000e+00,0.000000e+00,0.000000e+00,0.000000e+00,0.000000e+00,0.000000e+00
1.000000e+00,0.000000e+00,0.000000e+00,0.000000e+00,0.000000e+00,0.000000e+00,0.000000e+00,0.000000e+00,0.000000e+00,0.000000e+00,0.000000e+00,0.000000e+00,0.000000e+00,0.000000e+00,0.000000e+00
1.000000e+00,0.000000e+00,0.000000e+00,0.000000e+00,0.000000e+00,0.000000e+00,0.000000e+00,0.000000e+00,0.000000e+00,0.000000e+00,0.000000e+00,0.000000e+00,0.000000e+00,0.000000e+00,0.000000e+00
1.000000e+00,0.000000e+00,0.000000e+00,0.000000e+00,0.000000e+00,0.000000e+00,0.000000e+00,0.000000e+00,0.000000e+00,0.000000e+00,0.000000e+00,0.000000e+00,0.000000e+00,0.000000e+00,0.000000e+00
1.000000e+00,0.000000e+00,0.000000e+00,0.000000e+00,0.000000e+00,0.000000e+00,0.000000e+00,0.000000e+00,0.000000e+00,0.000000e+00,0.000000e+00,0.000000e+00,0.000000e+00,0.000000e+00,0.000000e+00
1.000000e+00,0.000000e+00,0.000000e+00,0.000000e+00,0.000000e+00,0.000000e+00,0.000000e+00,0.000000e+00,0.000000e+00,0.000000e+00,0.000000e+00,0.000000e+00,0.000000e+00,0.000000e+00,0.000000e+00
1.000000e+00,0.000000e+00,0.000000e+00,0.000000e+00,0.000000e+00,0.000000e+00,0.000000e+00,0.000000e+00,0.000000e+00,0.000000e+00,0.000000e+00,0.000000e+00,0.000000e+00,0.000000e+00,0.000000e+00
1.000000e+00,0.000000e+00,0.000000e+00,0.000000e+00,0.000000e+00,0.000000e+00,0.000000e+00,0.000000e+00,0.000000e+00,0.000000e+00,0.000000e+00,0.000000e+00,0.000000e+00,0.000000e+00,0.000000e+00
1.000000e+00,0.000000e+00,0.000000e+00,0.000000e+00,0.000000e+00,0.000000e+00,0.000000e+00,0.000000e+00,0.000000e+00,0.000000e+00,0.000000e+00,0.000000e+00,0.000000e+00,0.000000e+00,0.000000e+00
1.000000e+00,0.000000e+00,0.000000e+00,0.000000e+00,0.000000e+00,0.000000e+00,0.000000e+00,0.000000e+00,0.000000e+00,0.000000e+00,0.000000e+00,0.000000e+00,0.000000e+00,0.000000e+00,0.000000e+00
1.000000e+00,0.000000e+00,0.000000e+00,0.000000e+00,0.000000e+00,0.000000e+00,0.000000e+00,0.000000e+00,0.000000e+00,0.000000e+00,0.000000e+00,0.000000e+00,0.000000e+00,0.000000e+00,0.000000e+00
1.000000e+00,0.000000e+00,0.000000e+00,0.000000e+00,0.000000e+00,0.000000e+00,0.000000e+00,0.000000e+00,0.000000e+00,0.000000e+00,0.000000e+00,0.000000e+00,0.000000e+00,0.000000e+00,0.000000e+00
1.000000e+00,0.000000e+00,0.000000e+00,0.000000e+00,0.000000e+00,0.000000e+00,0.000000e+00,0.000000e+00,0.000000e+00,0.000000e+00,0.000000e+00,0.000000e+00,0.000000e+00,0.000000e+00,0.000000e+00
1.000000e+00,0.000000e+00,0.000000e+00,0.000000e+00,0.000000e+00,0.000000e+00,0.000000e+00,0.000000e+00,0.000000e+00,0.000000e+00,0.000000e+00,0.000000e+00,0.000000e+00,0.000000e+00,0.000000e+00
1.000000e+00,0.000000e+00,0.000000e+00,0.000000e+00,0.000000e+00,0.000000e+00,0.000000e+00,0.000000e+00,0.000000e+00,0.000000e+00,0.000000e+00,0.000000e+00,0.000000e+00,0.000000e+00,0.000000e+00
1.000000e+00,0.000000e+00,0.000000e+00,0.000000e+00,0.000000e+00,0.000000e+00,0.000000e+00,0.000000e+00,0.000000e+00,0.000000e+00,0.000000e+00,0.000000e+00,0.000000e+00,0.000000e+00,0.000000e+00
1.000000e+00,0.000000e+00,0.000000e+00,0.000000e+00,0.000000e+00,0.000000e+00,0.000000e+00,0.000000e+00,0.000000e+00,0.000000e+00,0.000000e+00,0.000000e+00,0.000000e+00,0.000000e+00,0.000000e+00
1.000000e+00,0.000000e+00,0.000000e+00,0.000000e+00,0.000000e+00,0.000000e+00,0.000000e+00,0.000000e+00,0.000000e+00,0.000000e+00,0.000000e+00,0.000000e+00,0.000000e+00,0.000000e+00,0.000000e+00
1.000000e+00,0.000000e+00,0.000000e+00,0.000000e+00,0.000000e+00,0.000000e+00,0.000000e+00,0.000000e+00,0.000000e+00,0.000000e+00,0.000000e+00,0.000000e+00,0.000000e+00,0.000000e+00,0.000000e+00
1.000000e+00,0.000000e+00,0.000000e+00,0.000000e+00,0.000000e+00,0.000000e+00,0.000000e+00,0.000000e+00,0.000000e+00,0.000000e+00,0.000000e+00,0.000000e+00,0.000000e+00,0.000000e+00,0.000000e+00
1.000000e+00,0.000000e+00,0.000000e+00,0.000000e+00,0.000000e+00,0.000000e+00,0.000000e+00,0.000000e+00,0.000000e+00,0.000000e+00,0.000000e+00,0.000000e+00,0.000000e+00,0.000000e+00,0.000000e+00
1.000000e+00,0.000000e+00,0.000000e+00,0.000000e+00,0.000000e+00,0.000000e+00,0.000000e+00,0.000000e+00,0.000000e+00,0.000000e+00,0.000000e+00,0.000000e+00,0.000000e+00,0.000000e+00,0.000000e+00
1.000000e+00,0.000000e+00,0.000000e+00,0.000000e+00,0.000000e+00,0.000000e+00,0.000000e+00,0.000000e+00,0.000000e+00,0.000000e+00,0.000000e+00,0.000000e+00,0.000000e+00,0.000000e+00,0.000000e+00
1.000000e+00,0.000000e+00,0.000000e+00,0.000000e+00,0.000000e+00,0.000000e+00,0.000000e+00,0.000000e+00,0.000000e+00,0.000000e+00,0.000000e+00,0.000000e+00,0.000000e+00,0.000000e+00,0.000000e+00
1.000000e+00,0.000000e+00,0.000000e+00,0.000000e+00,0.000000e+00,0.000000e+00,0.000000e+00,0.000000e+00,0.000000e+00,0.000000e+00,0.000000e+00,0.000000e+00,0.000000e+00,0.000000e+00,0.000000e+00
1.000000e+00,0.000000e+00,0.000000e+00,0.000000e+00,0.000000e+00,0.000000e+00,0.000000e+00,0.000000e+00,0.000000e+00,0.000000e+00,0.000000e+00,0.000000e+00,0.000000e+00,0.000000e+00,0.000000e+00
1.000000e+00,0.000000e+00,0.000000e+00,0.000000e+00,0.000000e+00,0.000000e+00,0.000000e+00,0.000000e+00,0.000000e+00,0.000000e+00,0.000000e+00,0.000000e+00,0.000000e+00,0.000000e+00,0.000000e+00
1.000000e+00,0.000000e+00,0.000000e+00,0.000000e+00,0.000000e+00,0.000000e+00,0.000000e+00,0.000000e+00,0.000000e+00,0.000000e+00,0.000000e+00,0.000000e+00,0.000000e+00,0.000000e+00,0.000000e+00
1.000000e+00,0.000000e+00,0.000000e+00,0.000000e+00,0.000000e+00,0.000000e+00,0.000000e+00,0.000000e+00,0.000000e+00,0.000000e+00,0.000000e+00,0.000000e+00,0.000000e+00,0.000000e+00,0.000000e+00
1.000000e+00,0.000000e+00,0.000000e+00,0.000000e+00,0.000000e+00,0.000000e+00,0.000000e+00,0.000000e+00,0.000000e+00,0.000000e+00,0.000000e+00,0.000000e+00,0.000000e+00,0.000000e+00,0.000000e+00
1.000000e+00,0.000000e+00,0.000000e+00,0.000000e+00,0.000000e+00,0.000000e+00,0.000000e+00,0.000000e+00,0.000000e+00,0.000000e+00,0.000000e+00,0.000000e+00,0.000000e+00,0.000000e+00,0.000000e+00
1.000000e+00,0.000000e+00,0.000000e+00,0.000000e+00,0.000000e+00,0.000000e+00,0.000000e+00,0.000000e+00,0.000000e+00,0.000000e+00,0.000000e+00,0.000000e+00,0.000000e+00,0.000000e+00,0.000000e+00
1.000000e+00,0.000000e+00,0.000000e+00,0.000000e+00,0.000000e+00,0.000000e+00,0.000000e+00,0.000000e+00,0.000000e+00,0.000000e+00,0.000000e+00,0.000000e+00,0.000000e+00,0.000000e+00,0.000000e+00
1.000000e+00,0.000000e+00,0.000000e+00,0.000000e+00,0.000000e+00,0.000000e+00,0.000000e+00,0.000000e+00,0.000000e+00,0.000000e+00,0.000000e+00,0.000000e+00,0.000000e+00,0.000000e+00,0.000000e+00
1.000000e+00,0.000000e+00,0.000000e+00,0.000000e+00,0.000000e+00,0.000000e+00,0.000000e+00,0.000000e+00,0.000000e+00,0.000000e+00,0.000000e+00,0.000000e+00,0.000000e+00,0.000000e+00,0.000000e+00
1.000000e+00,0.000000e+00,0.000000e+00,0.000000e+00,0.000000e+00,0.000000e+00,0.000000e+00,0.000000e+00,0.000000e+00,0.000000e+00,0.000000e+00,0.000000e+00,0.000000e+00,0.000000e+00,0.000000e+00
4.948764e-01,1.738930e-02,1.509404e-02,4.981123e-02,9.066606e-03,2.197987e-02,6.694817e-03,2.214594e-01,8.445355e-03,2.527371e-03,1.661908e-02,7.120208e-02,4.152328e-02,5.420671e-03,1.789050e-02
3.689264e-01,1.259350e-02,1.196668e-02,3.613229e-02,6.774413e-03,1.886224e-02,6.284623e-03,4.186907e-01,6.078070e-03,1.858261e-03,1.225759e-02,5.150156e-02,3.083405e-02,4.041410e-03,1.319823e-02
2.781755e-01,9.218547e-03,9.727267e-03,2.586586e-02,5.073341e-03,1.556109e-02,8.248951e-03,5.620453e-01,4.324179e-03,1.361839e-03,8.766320e-03,3.650494e-02,2.244001e-02,3.008116e-03,9.678655e-03
2.091050e-01,6.614983e-03,7.416064e-03,1.843942e-02,3.834098e-03,1.211181e-02,7.637363e-03,6.735531e-01,3.060032e-03,9.864920e-04,6.223139e-03,2.577006e-02,1.605339e-02,2.236059e-03,6.958933e-03
1.558485e-01,4.727694e-03,5.597923e-03,1.324115e-02,2.981638e-03,9.297425e-03,6.494017e-03,7.581187e-01,2.161929e-03,7.105448e-04,4.421594e-03,1.823250e-02,1.153550e-02,1.679342e-03,4.951424e-03
1.183916e-01,3.384586e-03,4.242111e-03,9.565346e-03,2.392976e-03,7.179069e-03,5.724875e-03,8.177339e-01,1.529423e-03,5.167220e-04,3.145170e-03,1.296913e-02,8.410956e-03,1.287329e-03,3.526725e-03
9.660655e-02,2.420386e-03,3.211798e-03,6.915817e-03,2.488823e-03,5.440361e-03,4.869216e-03,8.552152e-01,1.095029e-03,4.036529e-04,2.270000e-03,9.307690e-03,6.263090e-03,9.479075e-04,2.544387e-03
8.620815e-02,1.798991e-03,2.540237e-03,5.005557e-03,3.041239e-03,4.370116e-03,4.718692e-03,8.745080e-01,8.050831e-04,4.444087e-04,1.672063e-03,7.084226e-03,5.083298e-03,7.029038e-04,2.017021e-03
9.099241e-02,1.366281e-03,2.012725e-03,3.693517e-03,4.075322e-03,3.941157e-03,4.023820e-03,8.751041e-01,6.267710e-04,5.849448e-04,1.304531e-03,5.773124e-03,4.244636e-03,5.452738e-04,1.711423e-03
1.027952e-01,1.085057e-03,1.844902e-03,2.855251e-03,5.531455e-03,3.380003e-03,3.725277e-03,8.665901e-01,5.137575e-04,5.425633e-04,1.004670e-03,4.681034e-03,3.560842e-03,4.571522e-04,1.432707e-03
1.068563e-01,8.601543e-04,1.604306e-03,2.260609e-03,6.757490e-03,2.905222e-03,3.411982e-03,8.644804e-01,4.200807e-04,5.281526e-04,8.190759e-04,4.160156e-03,3.343811e-03,3.949535e-04,1.197350e-03
1.293232e-01,7.402844e-04,1.606605e-03,1.848636e-03,7.344519e-03,2.900398e-03,3.910290e-03,8.409663e-01,4.007467e-04,5.925604e-04,7.528414e-04,4.536514e-03,3.507740e-03,3.764258e-04,1.192885e-03
2.050494e-01,7.305052e-04,1.748256e-03,1.796910e-03,7.189211e-03,4.033118e-03,3.537680e-03,7.615923e-01,4.864456e-04,7.903837e-04,8.272336e-04,6.291954e-03,3.847843e-03,4.464790e-04,1.632369e-03
2.225869e-01,9.218377e-04,2.077232e-03,3.413940e-03,5.879569e-03,3.323384e-03,2.756942e-03,7.131664e-01,1.944745e-03,3.904441e-03,4.021694e-03,1.426685e-02,1.695676e-02,2.335366e-03,2.443916e-03
1.817122e-01,2.736447e-03,2.491512e-03,3.053631e-02,5.212811e-03,3.825012e-03,2.336984e-03,5.327372e-01,9.666265e-03,5.232746e-03,9.468455e-03,2.096657e-02,1.811369e-01,2.845856e-03,9.094694e-03
1.378223e-01,3.854498e-03,2.124066e-03,4.397632e-02,6.085168e-03,5.431298e-03,2.904808e-03,3.932471e-01,5.828983e-02,5.123054e-03,1.030886e-02,9.456897e-02,2.235746e-01,3.086170e-03,9.602917e-03
1.082319e-01,3.633741e-03,1.974411e-03,4.581111e-02,5.478724e-03,1.121427e-02,4.241394e-03,2.773232e-01,8.844474e-02,4.064771e-03,9.488042e-03,2.506969e-01,1.761130e-01,2.761669e-03,1.052216e-02
8.013001e-02,2.900037e-03,1.637824e-03,3.548141e-02,4.598544e-03,1.459561e-02,3.766223e-03,1.952460e-01,8.796914e-02,3.405086e-03,1.261422e-02,4.113594e-01,1.355202e-01,2.469022e-03,8.307272e-03
5.745689e-02,2.208438e-03,1.291833e-03,2.612261e-02,4.430509e-03,2.107320e-02,2.887318e-03,1.368478e-01,7.404697e-02,3.133028e-03,1.800956e-02,5.423613e-01,1.017222e-01,2.174692e-03,6.233614e-03
4.048925e-02,1.816778e-03,9.672730e-04,1.836944e-02,3.742644e-03,1.679480e-02,2.088969e-03,9.585231e-02,5.364275e-02,3.181997e-03,3.900179e-02,6.448476e-01,7.308497e-02,1.638366e-03,4.481112e-03
2.882683e-02,1.319100e-03,7.117635e-04,1.289298e-02,2.758537e-03,1.309677e-02,1.521947e-03,6.712254e-02,3.824915e-02,2.996043e-03,5.270036e-02,7.215871e-01,5.168885e-02,1.344664e-03,3.183418e-03
2.056081e-02,1.070308e-03,5.792965e-04,9.086261e-03,2.440434e-03,1.023419e-02,1.113202e-03,4.702543e-02,2.778914e-02,2.574066e-03,6.153116e-02,7.756544e-01,3.691079e-02,1.147480e-03,2.282948e-03
1.441759e-02,1.773502e-03,5.887873e-04,6.414044e-03,2.937844e-03,7.257528e-03,7.831518e-04,3.293933e-02,2.321129e-02,1.957698e-03,8.792965e-02,7.910426e-01,2.606041e-02,1.063416e-03,1.623189e-03
1.010697e-02,1.922765e-03,8.378101e-04,4.545950e-03,2.284746e-03,5.203879e-03,5.563321e-04,2.316756e-02,1.703712e-02,1.474775e-03,7.932368e-02,8.331597e-01,1.841210e-02,8.236680e-04,1.142859e-03
7.107456e-03,2.177780e-03,8.341153e-04,3.283675e-03,2.344385e-03,4.048599e-03,4.007193e-04,1.639130e-02,3.093625e-02,1.215438e-03,2.117960e-01,7.044608e-01,1.329159e-02,8.644994e-04,8.474097e-04
5.037873e-03,2.311327e-03,8.267348e-04,2.448021e-03,2.089858e-03,3.321742e-03,2.856478e-04,1.155793e-02,6.063107e-02,1.110703e-03,3.094603e-01,5.891097e-01,9.688538e-03,1.457534e-03,6.630023e-04
3.790395e-03,2.231623e-03,7.292528e-04,2.104188e-03,1.925441e-03,2.948585e-03,2.039774e-04,8.147262e-03,1.228938e-01,1.335210e-03,3.874381e-01,4.554471e-01,7.340096e-03,2.830306e-03,6.346924e-04
2.941689e-03,1.880064e-03,5.870155e-04,1.787952e-03,2.426981e-03,2.694719e-03,1.526257e-04,5.779416e-03,1.630520e-01,1.745005e-03,4.608823e-01,3.433565e-01,5.620117e-03,6.438962e-03,6.545920e-04
2.327507e-03,1.983267e-03,6.749483e-04,1.633771e-03,7.154536e-03,2.248220e-03,1.205117e-04,4.145049e-03,1.632005e-01,2.102159e-03,5.536945e-01,2.504395e-01,4.128793e-03,5.450825e-03,6.959644e-04
2.231090e-03,2.469942e-03,1.604021e-03,1.947747e-03,1.370901e-02,6.939205e-03,1.924893e-04,3.624427e-03,1.980733e-01,3.420034e-03,5.654789e-01,1.891436e-01,3.300357e-03,5.743662e-03,2.122183e-03
1.835621e-03,2.618049e-03,1.662797e-03,1.774673e-03,1.335740e-02,5.756926e-03,1.625498e-04,2.832675e-03,2.041801e-01,3.764097e-03,6.014931e-01,1.468834e-01,2.452312e-03,9.294439e-03,1.931902e-03
2.243090e-03,3.063995e-03,4.295711e-03,4.926553e-03,1.096950e-02,1.287365e-02,3.807486e-04,7.880313e-03,1.991820e-01,5.284699e-03,5.947903e-01,1.401262e-01,2.127235e-03,9.890538e-03,1.965449e-03
2.469219e-03,2.545410e-03,4.442332e-03,4.922962e-03,8.973114e-03,1.225965e-02,3.078253e-04,6.634302e-03,2.169893e-01,8.514880e-03,5.879251e-01,1.187252e-01,1.676506e-03,2.115270e-02,2.461452e-03
2.725527e-03,2.533787e-03,7.260380e-03,5.977233e-03,7.556315e-03,1.267437e-02,3.149397e-04,1.089543e-02,2.578249e-01,1.110564e-02,5.487838e-01,1.038699e-01,1.560341e-03,2.394793e-02,2.969545e-03
4.477112e-03,4.047346e-02,9.168502e-03,7.405418e-03,1.631152e-02,1.339235e-02,1.654750e-03,4.124547e-02,2.887600e-01,1.535093e-02,4.549995e-01,7.920774e-02,1.614556e-03,2.195163e-02,3.987061e-03
4.923568e-03,5.391415e-02,7.521678e-03,8.381501e-03,1.660414e-02,2.184625e-02,1.301589e-03,3.400340e-02,4.090469e-01,1.680196e-02,3.409722e-01,5.780109e-02,2.524859e-03,1.752532e-02,6.831361e-03
6.304884e-03,5.816645e-02,6.183257e-03,2.017134e-02,3.036596e-02,2.803464e-02,1.011533e-03,2.765573e-02,4.918564e-01,1.750151e-02,2.413837e-01,4.128570e-02,3.300803e-03,1.269637e-02,1.408170e-02
1.347922e-02,5.168679e-02,6.589448e-03,4.006161e-02,1.740289e-01,5.005489e-02,1.443506e-03,3.476510e-02,3.937445e-01,1.257916e-02,1.699924e-01,2.899248e-02,2.483272e-03,9.177148e-03,1.092161e-02
1.644226e-02,4.018017e-02,1.234976e-02,5.976122e-02,2.628084e-01,7.526711e-02,1.838412e-03,7.272395e-02,2.923052e-01,9.241129e-03,1.193777e-01,2.038765e-02,1.873586e-03,6.496412e-03,8.947116e-03
1.706805e-02,3.057570e-02,1.983632e-02,5.122809e-02,1.982340e-01,5.321054e-02,1.390211e-03,3.016149e-01,2.092587e-01,6.531904e-03,8.374760e-02,1.441009e-02,1.460450e-03,4.706826e-03,6.726617e-03
1.457061e-02,2.289817e-02,1.938620e-02,3.806290e-02,1.434150e-01,3.742705e-02,1.017824e-03,4.925380e-01,1.481412e-01,4.575994e-03,5.867047e-02,1.011394e-02,1.076800e-03,3.367293e-03,4.738636e-03
1.396725e-02,1.667182e-02,1.591381e-02,2.740548e-02,1.082669e-01,2.676528e-02,7.626922e-04,6.273176e-01,1.046018e-01,3.214108e-03,4.116165e-02,7.141046e-03,8.597987e-04,2.554406e-03,3.396337e-03
1.587864e-02,1.212485e-02,1.320587e-02,2.014269e-02,8.263885e-02,1.916868e-02,6.459106e-04,7.204688e-01,7.388137e-02,2.300618e-03,2.893738e-02,5.070999e-03,7.311119e-04,2.331329e-03,2.472959e-03
1.988284e-02,9.361126e-03,1.239803e-02,1.622847e-02,6.700289e-02,1.368026e-02,5.403965e-04,7.784858e-01,5.227734e-02,1.655412e-03,2.041616e-02,3.615954e-03,6.069923e-04,2.008301e-03,1.840003e-03
3.832286e-02,9.092053e-03,1.314208e-02,1.969432e-02,5.606365e-02,1.066171e-02,7.638979e-04,7.870828e-01,4.083024e-02,1.390315e-03,1.559532e-02,2.939829e-03,8.164896e-04,1.780637e-03,1.823779e-03
4.101707e-02,7.670279e-03,1.262383e-02,1.894403e-02,4.490722e-02,7.905297e-03,9.435584e-04,8.157932e-01,3.120556e-02,1.118497e-03,1.162235e-02,2.310863e-03,7.985109e-04,1.466969e-03,1.672689e-03
4.200091e-02,6.363182e-03,1.549894e-02,1.909226e-02,3.582316e-02,5.926684e-03,1.179792e-03,8.337932e-01,2.387334e-02,1.455770e-03,8.772744e-03,1.930377e-03,7.797900e-04,1.178395e-03,2.331413e-03
4.296392e-02,4.756911e-03,1.774159e-02,1.810143e-02,2.811458e-02,4.507979e-03,1.218631e-03,8.522271e-01,1.726376e-02,1.208079e-03,6.606068e-03,1.626766e-03,7.977596e-04,9.407249e-04,1.924665e-03
5.254227e-02,3.725959e-03,1.882538e-02,1.731826e-02,2.357025e-02,3.597825e-03,1.148891e-03,8.546349e-01,1.287997e-02,1.225419e-03,5.264195e-03,1.692824e-03,8.947363e-04,8.568128e-04,1.822296e-03
6.129891e-02,2.978358e-03,1.703592e-02,1.446530e-02,1.922753e-02,3.260652e-03,1.329280e-03,8.603238e-01,9.420055e-03,1.029622e-03,4.211053e-03,1.833945e-03,9.944499e-04,7.522831e-04,1.838885e-03
8.306171e-02,2.519517e-03,1.447538e-02,1.163300e-02,1.716626e-02,3.311116e-03,1.535861e-03,8.490388e-01,6.914224e-03,9.710739e-04,3.353206e-03,2.159097e-03,1.122632e-03,6.792601e-04,2.058836e-03
8.395079e-02,2.170579e-03,1.140130e-02,9.939931e-03,1.479665e-02,7.825749e-03,1.968293e-03,8.520246e-01,5.003960e-03,7.966873e-04,2.695698e-03,2.691998e-03,1.818051e-03,6.010507e-04,2.314730e-03
9.466751e-02,1.654927e-03,9.004042e-03,8.670820e-03,1.197142e-02,6.618255e-03,1.578287e-03,8.528168e-01,3.601755e-03,6.339634e-04,2.058235e-03,2.093756e-03,1.658878e-03,4.698179e-04,2.501517e-03
1.252726e-01,1.334531e-03,7.366444e-03,7.791651e-03,1.035013e-02,5.823564e-03,1.492522e-03,8.284420e-01,2.646846e-03,6.434731e-04,1.730720e-03,1.856319e-03,1.645196e-03,4.090682e-04,3.194890e-03
1.237157e-01,3.062253e-03,5.930861e-03,6.190267e-03,8.912454e-03,5.623828e-03,1.248402e-03,6.177394e-01,8.684260e-02,1.135058e-01,4.568527e-03,2.050350e-03,3.824949e-03,1.471400e-03,1.531314e-02
8.797414e-02,2.445174e-03,4.235106e-03,4.703849e-03,6.419064e-03,4.125060e-03,8.853165e-04,4.343870e-01,3.341863e-01,9.306359e-02,4.275950e-03,1.505138e-03,3.127380e-03,1.371889e-03,1.729499e-02
6.267541e-02,1.771892e-03,3.015913e-03,3.484068e-03,4.716590e-03,3.030149e-03,6.410040e-04,3.049611e-01,5.250862e-01,6.713276e-02,4.888117e-03,1.078291e-03,2.357855e-03,1.474941e-03,1.368565e-02
4.425539e-02,1.255726e-03,2.130377e-03,2.470113e-03,3.354779e-03,2.170096e-03,4.642812e-04,2.136213e-01,6.595541e-01,4.791025e-02,3.847728e-03,7.742335e-04,2.448407e-03,1.863176e-03,1.388011e-02
3.465448e-02,1.089969e-03,1.546937e-03,1.822585e-03,4.880697e-03,1.766534e-03,4.149705e-04,1.501125e-01,6.628281e-01,3.411521e-02,9.914653e-03,7.109591e-04,1.173398e-02,8.959506e-03,7.544891e-02
2.823132e-02,8.630980e-04,1.124094e-03,1.304100e-03,3.978262e-03,1.768676e-03,3.459657e-04,1.052951e-01,6.034333e-01,2.411410e-02,1.250107e-02,6.229504e-04,1.291372e-02,5.733373e-02,1.461705e-01
2.322610e-02,6.521983e-04,8.859912e-04,9.548483e-04,3.445498e-03,1.630415e-03,2.960876e-04,7.388017e-02,6.721795e-01,1.701419e-02,9.763536e-03,6.220326e-04,1.040978e-02,6.486905e-02,1.201707e-01
2.263020e-02,5.183212e-04,7.690347e-04,7.050006e-04,2.624316e-03,2.609127e-03,3.269390e-04,5.196690e-02,6.210395e-01,1.254205e-02,8.606374e-03,6.890057e-04,8.404083e-03,1.199244e-01,1.466448e-01
1.759015e-02,4.025893e-04,6.041398e-04,5.282263e-04,1.925308e-03,2.530377e-03,2.468587e-04,3.640992e-02,6.638039e-01,9.046241e-03,7.300137e-03,5.548262e-04,6.156947e-03,1.063342e-01,1.465661e-01
1.345364e-02,3.320279e-04,4.495076e-04,4.923819e-04,1.556844e-03,2.983097e-03,2.042719e-04,2.556836e-02,6.777859e-01,6.646639e-03,1.479622e-02,5.887926e-04,5.785689e-03,9.348634e-02,1.558702e-01
9.949717e-03,2.823353e-04,3.261537e-04,4.142401e-04,1.561637e-03,2.664085e-03,1.892116e-04,1.794289e-02,7.143679e-01,4.872457e-03,2.700550e-02,6.186675e-04,7.968195e-03,7.546704e-02,1.363700e-01
7.174607e-03,2.357613e-04,2.472869e-04,3.392086e-04,1.289963e-03,2.135799e-03,1.502966e-04,1.257623e-02,7.587059e-01,3.659342e-03,2.498947e-02,5.480253e-04,6.498848e-03,6.526636e-02,1.161829e-01
5.335617e-03,2.353357e-04,1.824599e-04,2.680864e-04,9.422959e-04,5.693126e-03,1.268885e-04,8.810581e-03,7.893527e-01,3.929704e-03,3.166980e-02,3.768573e-03,8.066873e-03,5.923449e-02,8.238351e-02
3.959350e-03,2.253460e-04,1.535536e-04,1.088047e-03,8.785854e-04,7.875919e-03,1.463197e-04,6.186245e-03,6.076607e-01,5.030815e-03,1.371234e-01,5.548196e-02,5.756694e-02,5.684833e-02,5.977449e-02
3.185966e-03,3.474262e-04,1.351136e-04,1.265224e-03,8.592653e-04,3.069313e-02,3.077795e-04,4.373654e-03,4.610022e-01,5.403697e-03,1.927347e-01,8.793598e-02,1.083654e-01,5.953644e-02,4.385402e-02
2.392147e-03,3.827661e-04,1.028322e-04,1.168906e-03,6.746817e-04,3.357412e-02,2.642487e-04,3.079559e-03,3.324679e-01,4.014333e-03,1.586494e-01,2.742203e-01,1.154370e-01,4.265367e-02,3.091802e-02
1.998727e-03,4.044866e-04,1.027442e-04,1.645464e-03,8.106243e-04,3.111220e-02,3.348514e-04,2.208119e-03,2.510340e-01,3.128933e-03,1.787399e-01,3.501723e-01,1.217023e-01,3.456485e-02,2.204056e-02
1.811051e-03,1.551035e-03,2.000024e-04,2.643719e-03,8.940439e-04,5.236938e-02,6.492978e-03,2.584954e-03,1.839557e-01,2.813558e-03,2.166250e-01,2.798792e-01,1.645200e-01,6.759024e-02,1.606925e-02
1.509756e-03,2.109170e-03,8.119760e-04,4.843208e-03,3.317021e-03,9.059043e-02,8.149185e-03,3.640505e-03,1.335015e-01,2.325919e-03,2.028024e-01,2.143984e-01,1.338272e-01,1.864753e-01,1.169803e-02
1.370460e-03,1.975838e-03,1.465782e-03,6.726056e-03,4.924580e-03,1.693827e-01,7.185762e-03,4.715158e-03,9.977478e-02,1.946334e-03,1.567844e-01,1.719646e-01,1.267309e-01,2.364580e-01,8.594665e-03
1.528349e-03,2.364413e-03,1.646847e-03,5.566360e-03,6.007073e-03,1.554917e-01,5.780189e-03,6.068314e-03,8.288273e-02,1.739650e-03,1.213229e-01,1.392281e-01,1.331167e-01,3.309064e-01,6.350296e-03
3.654195e-03,2.346729e-03,1.792810e-03,4.954541e-03,7.461234e-03,1.485551e-01,6.850897e-03,7.681000e-03,6.993072e-02,1.580702e-03,1.018512e-01,1.248698e-01,1.388945e-01,3.748596e-01,4.716991e-03
5.261664e-03,2.225620e-03,5.638465e-03,5.732512e-03,1.260221e-02,1.368420e-01,6.477751e-03,9.544829e-03,5.410091e-02,1.865918e-03,8.008145e-02,1.114899e-01,2.032865e-01,3.605361e-01,4.314223e-03
1.040549e-02,2.504200e-03,8.907418e-03,5.046695e-03,1.649857e-02,1.093615e-01,5.759912e-03,1.398394e-02,4.233672e-02,1.450842e-03,6.946962e-02,1.386934e-01,2.774991e-01,2.937755e-01,4.307139e-03
1.934011e-02,3.554629e-03,9.831682e-03,4.095359e-03,2.103752e-02,8.769648e-02,4.800696e-03,1.421863e-02,3.650263e-02,1.249072e-03,5.646779e-02,2.254998e-01,2.930935e-01,2.190253e-01,3.586941e-03
1.822172e-02,3.298341e-03,1.698998e-02,4.467643e-03,1.846932e-02,1.194728e-01,4.045365e-03,1.628412e-02,2.832556e-02,1.294152e-03,5.192466e-02,1.945200e-01,3.591079e-01,1.573640e-01,6.214499e-03
1.436301e-02,2.396047e-03,1.299284e-02,4.054432e-03,1.439579e-02,1.228212e-01,3.239638e-03,2.002127e-02,2.055242e-02,1.200517e-03,4.450810e-02,1.517794e-01,4.622918e-01,1.149931e-01,1.039048e-02
1.011563e-02,1.686033e-03,9.154396e-03,3.186124e-03,1.031503e-02,9.296209e-02,2.378931e-03,1.519832e-02,1.451659e-02,9.728415e-04,3.760875e-02,1.303439e-01,5.808527e-01,8.089079e-02,9.817896e-03
7.138876e-03,1.197743e-03,6.456761e-03,2.580340e-03,7.382206e-03,6.997464e-02,1.784409e-03,1.101120e-02,1.263156e-02,3.204732e-03,3.752049e-02,1.105604e-01,6.496459e-01,5.817630e-02,2.073447e-02
5.097832e-03,1.255502e-03,5.232151e-03,2.737311e-03,1.020691e-02,4.947774e-02,1.441852e-03,7.859930e-03,8.749283e-02,6.914942e-03,3.838773e-02,1.189450e-01,5.790896e-01,4.855652e-02,3.730418e-02
3.575105e-03,9.221419e-04,3.753124e-03,2.012075e-03,7.370609e-03,3.464911e-02,1.027329e-03,5.531443e-03,2.753396e-01,6.171424e-03,2.943401e-02,8.622541e-02,4.803079e-01,3.520250e-02,2.847827e-02
2.503394e-03,6.595516e-04,2.638658e-03,1.465276e-03,5.200434e-03,2.426350e-02,7.222275e-04,3.891857e-03,4.399644e-01,4.549934e-03,2.177949e-02,6.218919e-02,3.842560e-01,2.510924e-02,2.080687e-02
1.757247e-03,4.882223e-04,1.852224e-03,1.306479e-03,3.683697e-03,1.709789e-02,5.146363e-04,2.737032e-03,5.912883e-01,3.428905e-03,1.618306e-02,4.411276e-02,2.823558e-01,1.770803e-02,1.548569e-02
1.255837e-03,3.508919e-04,1.298929e-03,1.023115e-03,2.610308e-03,1.208789e-02,3.622321e-04,1.924402e-03,7.097744e-01,2.547444e-03,1.216814e-02,3.117546e-02,1.999265e-01,1.248229e-02,1.101228e-02
9.271661e-04,2.778549e-04,9.264691e-04,7.900926e-04,2.136040e-03,8.524437e-03,2.544811e-04,1.365823e-03,7.944371e-01,1.947244e-03,9.368657e-03,2.192051e-02,1.405008e-01,8.834004e-03,7.789456e-03
8.091477e-04,2.228190e-04,6.668761e-04,7.773560e-04,1.755639e-03,6.194742e-03,1.785107e-04,9.664139e-04,8.527050e-01,1.592393e-03,7.983461e-03,1.542231e-02,9.879113e-02,6.391224e-03,5.542998e-03
1.170920e-03,2.003324e-04,5.002471e-04,7.213124e-04,1.677050e-03,4.469312e-03,1.254080e-04,7.293090e-04,8.929844e-01,1.421396e-03,6.666707e-03,1.088671e-02,6.959417e-02,4.915434e-03,3.937319e-03
2.041005e-03,1.833985e-04,4.443764e-04,7.965335e-04,2.223518e-03,3.501949e-03,9.108687e-05,8.453593e-04,9.192834e-01,1.783040e-03,5.128445e-03,7.766120e-03,4.894601e-02,4.162674e-03,2.803060e-03
3.735275e-03,2.636263e-04,5.508068e-04,8.592854e-04,3.676215e-03,2.753887e-03,6.756919e-05,1.626932e-03,9.336444e-01,1.601561e-03,3.976044e-03,5.644512e-03,3.455552e-02,4.975514e-03,2.068885e-03
4.052134e-03,2.412707e-04,6.879643e-04,9.448676e-04,5.796953e-03,2.235560e-03,5.009388e-05,6.221525e-03,9.405910e-01,1.267285e-03,2.977285e-03,4.014737e-03,2.428056e-02,5.104554e-03,1.534323e-03
6.992329e-03,2.659799e-04,1.009170e-03,1.861622e-03,6.555283e-03,3.228406e-03,4.285506e-05,4.818383e-03,9.435471e-01,1.137897e-03,3.116759e-03,3.461789e-03,1.802924e-02,4.574145e-03,1.359112e-03
1.063456e-02,4.532129e-04,1.064959e-03,3.447017e-03,1.205624e-02,3.264925e-03,5.134500e-05,3.930531e-03,9.289439e-01,1.467939e-03,6.407139e-03,4.052667e-03,1.522733e-02,6.151241e-03,2.847104e-03
3.353726e-02,8.801894e-03,4.034338e-03,7.835678e-03,4.503493e-02,4.195644e-03,2.119044e-04,1.141793e-02,8.240529e-01,3.009100e-03,1.325849e-02,5.767503e-03,1.291282e-02,1.711584e-02,8.813743e-03
2.971245e-02,2.013231e-02,4.761230e-03,1.703608e-02,3.924430e-02,3.894107e-03,2.361530e-04,1.530973e-02,7.885945e-01,4.710098e-03,1.317102e-02,6.172846e-03,1.301299e-02,2.113637e-02,2.287582e-02
2.761438e-02,1.709120e-02,4.780761e-03,1.944280e-02,3.118866e-02,4.748353e-03,5.769147e-04,1.378993e-02,7.634920e-01,4.921864e-03,1.267301e-02,5.393311e-03,1.861895e-02,3.105344e-02,4.461441e-02
2.664514e-02,1.508184e-02,4.720429e-03,1.464829e-02,2.558918e-02,5.817180e-03,4.603310e-03,1.243245e-02,6.196752e-01,5.768434e-03,1.325548e-02,7.301305e-03,1.556401e-01,3.294905e-02,5.587265e-02
4.107435e-02,1.573120e-02,7.195917e-03,1.107746e-02,3.382280e-02,6.920283e-03,1.576164e-02,2.336069e-02,5.221696e-01,6.957941e-03,2.157272e-02,1.158562e-02,1.843877e-01,3.958204e-02,5.879999e-02
3.499110e-02,1.362991e-02,1.165053e-02,1.278041e-02,1.034961e-01,1.325407e-02,1.430810e-02,2.171727e-02,3.942584e-01,6.246530e-03,2.106551e-02,1.779817e-02,2.585565e-01,2.874965e-02,4.749781e-02
2.965387e-02,1.043497e-02,1.608418e-02,1.132452e-02,2.275267e-01,1.846682e-02,1.301990e-02,2.709939e-02,3.017067e-01,8.072782e-03,2.640801e-02,1.679499e-02,2.275379e-01,2.135319e-02,4.451611e-02
2.316377e-02,8.278510e-03,2.456852e-02,8.982108e-03,2.145975e-01,1.576985e-02,1.338952e-02,2.258395e-02,2.180364e-01,1.084385e-02,3.051560e-02,1.351408e-02,2.554917e-01,1.625710e-02,1.240075e-01
1.699874e-02,6.026532e-03,2.369631e-02,6.445254e-03,1.612486e-01,1.280662e-02,1.219023e-02,1.979229e-02,1.585825e-01,8.747653e-03,2.541509e-02,9.803216e-03,2.030326e-01,1.340381e-02,3.218105e-01
1.277275e-02,4.415546e-03,2.159658e-02,4.768527e-03,1.144737e-01,1.348845e-02,9.315133e-03,1.629140e-02,1.131101e-01,7.584300e-03,2.540065e-02,7.753601e-03,1.760492e-01,1.298025e-02,4.599998e-01
9.168168e-03,3.131514e-03,1.533837e-02,3.578331e-03,8.030932e-02,1.033502e-02,6.559078e-03,1.210776e-02,7.986936e-02,6.507077e-03,2.046052e-02,5.659936e-03,1.268052e-01,1.003132e-02,6.101390e-01
6.687237e-03,2.242396e-03,1.081638e-02,2.894588e-03,5.630206e-02,7.772164e-03,4.653419e-03,9.317922e-03,5.641580e-02,5.153111e-03,1.545236e-02,4.084780e-03,8.992106e-02,8.045769e-03,7.202410e-01
5.035515e-03,1.712809e-03,7.695488e-03,4.570486e-03,3.953112e-02,6.419840e-03,3.379373e-03,7.539137e-03,4.248001e-02,4.880957e-03,1.359880e-02,3.120443e-03,6.514359e-02,7.028344e-03,7.878641e-01
3.755572e-03,1.339951e-03,5.481429e-03,3.615175e-03,2.779763e-02,6.172959e-03,2.474655e-03,5.416874e-03,4.726123e-02,3.813898e-03,1.295672e-02,2.353202e-03,4.746291e-02,7.992635e-03,8.221052e-01
2.900355e-03,1.027442e-03,3.895281e-03,2.744869e-03,1.957101e-02,4.931760e-03,1.795704e-03,3.848677e-03,4.184670e-02,2.923103e-03,1.424561e-02,1.815669e-03,3.530806e-02,8.169492e-03,8.549763e-01
2.270201e-03,8.553382e-04,2.892313e-03,2.035127e-03,1.383600e-02,4.209422e-03,1.285552e-03,2.715640e-03,8.522490e-02,2.511781e-03,2.879694e-02,1.569056e-03,2.642164e-02,1.751791e-02,8.078582e-01
1.685482e-03,6.540398e-04,2.078706e-03,1.459087e-03,9.767565e-03,3.605819e-03,9.056277e-04,1.902574e-03,2.782692e-01,2.042089e-03,2.779739e-02,1.288013e-03,1.964822e-02,2.112655e-02,6.277696e-01
1.344801e-03,5.407681e-04,1.494878e-03,1.045241e-03,7.029492e-03,3.306665e-03,6.425786e-04,1.333742e-03,2.917123e-01,1.577461e-03,4.342340e-02,1.373053e-03,1.710121e-02,4.480330e-02,5.832711e-01
1.047843e-03,5.428535e-04,1.072010e-03,7.513366e-04,5.091201e-03,6.062855e-03,4.588718e-04,9.355372e-04,4.034327e-01,1.197220e-03,3.919750e-02,1.511999e-03,1.464792e-02,6.267125e-02,4.613790e-01
8.642302e-04,5.764034e-04,7.940413e-04,5.688765e-04,3.651572e-03,2.062519e-02,3.449065e-04,6.589702e-04,5.194937e-01,1.037407e-03,3.295371e-02,2.521847e-03,1.301098e-02,5.266322e-02,3.502350e-01
1.182915e-03,1.391144e-03,1.088730e-03,5.853958e-04,2.837812e-03,5.734928e-02,3.408694e-04,4.892589e-04,5.623624e-01,1.058597e-03,3.888255e-02,7.169077e-03,1.406122e-02,5.852333e-02,2.526774e-01
1.817208e-03,1.512539e-03,9.798500e-04,6.506182e-04,2.100923e-03,5.077294e-02,2.972243e-04,3.691215e-04,6.282651e-01,1.361722e-03,3.964508e-02,7.371673e-03,1.211834e-02,6.946389e-02,1.832737e-01
1.917970e-03,1.539736e-03,9.284539e-04,6.001136e-04,1.684723e-03,4.597319e-02,2.323326e-04,2.691491e-04,6.373501e-01,1.370464e-03,3.635120e-02,5.775365e-03,9.704135e-03,9.542757e-02,1.608755e-01
1.741219e-03,1.270296e-03,7.486969e-04,4.535198e-04,1.415162e-03,3.256182e-02,1.697956e-04,1.918486e-04,6.414692e-01,1.281020e-03,3.019550e-02,4.327115e-03,7.493895e-03,1.170216e-01,1.596594e-01
1.665915e-03,1.005409e-03,6.342442e-04,4.095036e-04,1.727291e-03,2.297980e-02,1.348227e-04,1.638740e-04,7.170256e-01,1.583576e-03,2.347240e-02,3.291424e-03,5.687088e-03,1.011729e-01,1.190462e-01
1.835618e-03,1.295010e-03,7.199406e-04,8.688153e-04,2.485907e-03,1.715092e-02,1.034118e-04,2.518899e-04,7.658076e-01,2.049261e-03,1.810386e-02,2.588369e-03,4.362284e-03,9.523131e-02,8.714584e-02
1.528093e-03,1.011322e-03,6.344753e-04,6.787820e-04,2.481376e-03,1.225074e-02,7.974556e-05,2.417379e-04,8.123541e-01,1.941890e-03,1.421954e-02,1.867086e-03,3.180394e-03,8.441316e-02,6.311768e-02
1.255184e-03,7.330138e-04,4.766421e-04,5.142330e-04,2.739743e-03,8.614757e-03,5.904107e-05,2.080994e-04,8.504088e-01,1.551967e-03,1.018850e-02,1.315711e-03,2.264138e-03,7.499304e-02,4.467722e-02
1.874288e-03,6.181476e-04,8.786872e-04,6.087170e-04,2.522876e-02,6.122844e-03,5.295792e-05,1.214851e-03,8.643428e-01,1.636219e-03,7.368809e-03,9.409188e-04,1.634698e-03,5.523666e-02,3.224062e-02
5.364900e-03,5.930645e-04,1.869894e-03,9.699499e-04,3.470536e-02,4.476775e-03,4.152632e-05,3.495491e-03,8.622955e-01,2.490391e-03,5.413977e-03,6.761114e-04,1.195305e-03,4.275002e-02,3.366170e-02
6.842260e-03,5.501413e-04,2.182565e-03,7.753207e-04,3.537224e-02,3.196109e-03,3.371683e-05,4.054227e-03,8.545112e-01,3.772838e-03,3.843274e-03,4.820432e-04,8.670689e-04,3.606931e-02,4.744763e-02
1.117072e-02,5.842435e-04,2.230528e-03,5.940280e-04,3.261055e-02,2.368945e-03,3.112651e-05,4.218380e-03,7.490671e-01,4.485752e-03,2.802753e-03,3.511938e-04,6.586687e-04,3.898340e-02,1.498426e-01
1.381769e-02,6.330077e-04,3.641963e-03,6.797056e-04,3.169386e-02,1.809912e-03,3.066208e-05,1.142232e-02,6.414394e-01,5.956479e-03,2.214776e-03,2.799055e-04,5.466971e-04,3.873522e-02,2.470984e-01
3.405568e-02,1.798456e-03,1.502395e-02,1.327964e-03,3.150459e-02,1.947425e-03,7.388365e-05,1.510298e-02,5.619501e-01,7.091557e-03,3.735523e-03,2.252669e-04,4.652562e-04,9.189095e-02,2.338065e-01
5.537400e-02,3.751469e-03,2.433913e-02,3.942604e-03,4.831569e-02,2.423237e-03,2.408180e-04,2.914593e-02,4.740354e-01,9.580741e-03,3.952577e-03,2.121489e-04,4.096744e-04,1.004832e-01,2.437934e-01
5.180372e-02,3.022251e-03,3.153492e-02,4.049026e-03,3.761113e-02,2.335710e-03,3.048515e-04,2.714040e-02,3.676921e-01,3.327473e-02,3.257135e-03,2.041916e-04,3.484521e-04,7.873408e-02,3.586873e-01
7.817701e-02,3.713192e-03,4.758570e-02,5.889022e-03,4.384548e-02,3.706782e-03,3.818693e-04,3.625671e-02,3.403367e-01,7.359197e-02,3.441749e-03,2.132490e-04,3.408736e-04,6.599224e-02,2.965275e-01
9.435371e-02,5.965822e-03,4.831181e-02,5.288280e-03,6.639490e-02,4.315077e-03,3.515225e-04,3.167209e-02,3.580337e-01,8.505083e-02,4.217018e-03,2.285995e-04,5.035267e-04,7.227923e-02,2.230339e-01
1.179471e-01,9.041422e-03,4.135051e-02,4.727565e-03,8.775738e-02,5.916772e-03,4.843108e-04,2.499972e-02,3.869612e-01,7.838020e-02,5.536343e-03,3.716437e-04,1.074013e-03,7.468017e-02,1.607717e-01
1.470515e-01,1.185258e-02,3.573216e-02,4.631574e-03,9.450463e-02,7.272664e-03,5.966529e-04,2.276023e-02,3.965771e-01,8.071999e-02,5.197365e-03,5.730464e-04,1.526222e-03,7.122678e-02,1.197774e-01
2.200994e-01,1.409161e-02,2.951618e-02,5.293975e-03,8.400320e-02,7.772028e-03,9.059131e-04,2.318690e-02,3.711987e-01,7.631704e-02,4.526551e-03,1.255835e-03,2.256788e-03,6.430504e-02,9.527084e-02
2.984439e-01,1.413105e-02,2.717083e-02,5.133861e-03,7.362257e-02,7.391409e-03,1.370600e-03,1.862189e-02,3.365712e-01,5.793941e-02,5.015262e-03,1.661303e-03,2.275972e-03,7.240216e-02,7.824861e-02
4.028029e-01,1.434042e-02,2.430292e-02,4.938689e-03,6.378991e-02,7.233224e-03,1.735497e-03,1.509583e-02,2.789073e-01,4.310093e-02,4.428658e-03,2.077110e-03,2.203322e-03,6.711382e-02,6.792937e-02
4.721868e-01,3.117768e-02,2.433542e-02,2.164325e-02,5.454142e-02,1.184592e-02,4.085332e-03,1.336951e-02,2.070296e-01,3.497152e-02,4.837105e-03,9.550184e-03,3.900427e-03,5.077393e-02,5.575190e-02
1.000000e+00,0.000000e+00,0.000000e+00,0.000000e+00,0.000000e+00,0.000000e+00,0.000000e+00,0.000000e+00,0.000000e+00,0.000000e+00,0.000000e+00,0.000000e+00,0.000000e+00,0.000000e+00,0.000000e+00
1.000000e+00,0.000000e+00,0.000000e+00,0.000000e+00,0.000000e+00,0.000000e+00,0.000000e+00,0.000000e+00,0.000000e+00,0.000000e+00,0.000000e+00,0.000000e+00,0.000000e+00,0.000000e+00,0.000000e+00
4.920591e-01,2.948276e-02,1.462538e-02,3.560920e-02,2.941767e-02,1.942831e-02,2.982338e-03,7.684879e-03,1.013477e-01,4.185473e-02,8.284262e-03,2.327844e-02,8.280902e-03,3.407499e-02,1.515894e-01
3.699747e-01,3.145097e-02,3.468869e-02,9.233663e-02,2.247342e-02,1.483544e-02,2.433978e-03,7.178030e-03,1.074604e-01,4.333471e-02,7.659366e-03,1.818876e-02,7.816900e-03,2.568323e-02,2.144848e-01
2.799360e-01,2.535245e-02,1.193017e-01,1.071189e-01,1.681123e-02,1.130378e-02,1.864146e-03,5.843412e-03,9.883886e-02,3.403649e-02,8.051159e-03,1.374919e-02,6.433444e-03,2.455285e-02,2.468063e-01
2.082177e-01,2.091113e-02,1.377468e-01,9.995117e-02,1.248999e-02,8.644022e-03,1.384688e-03,4.629811e-03,8.213911e-02,2.806237e-02,1.135303e-02,1.010897e-02,5.451140e-03,2.566887e-02,3.432413e-01
1.559957e-01,1.588942e-02,1.891182e-01,1.103204e-01,9.331088e-03,6.431147e-03,1.042882e-03,3.528690e-03,8.660618e-02,2.583835e-02,1.845727e-02,7.825438e-03,7.403801e-03,2.950901e-02,3.327024e-01
1.403235e-01,1.206938e-02,1.510965e-01,8.163977e-02,6.948038e-03,5.178512e-03,7.612864e-04,2.617805e-03,8.647408e-02,2.375182e-02,2.487834e-02,6.901040e-03,8.815824e-03,1.157195e-01,3.328246e-01
1.294320e-01,1.163434e-02,1.293388e-01,6.178552e-02,5.290015e-03,4.028070e-03,5.748858e-04,2.127491e-03,9.712922e-02,2.249660e-02,2.440561e-02,6.341370e-03,9.697244e-03,1.398307e-01,3.558881e-01
1.076340e-01,1.480228e-02,1.134094e-01,5.674641e-02,4.696353e-03,3.200137e-03,5.080774e-04,1.769899e-03,2.223503e-01,2.745837e-02,2.423036e-02,5.037851e-03,8.870274e-03,1.207012e-01,2.885852e-01
8.620761e-02,1.867124e-02,8.512022e-02,4.617728e-02,3.638791e-03,2.367966e-03,4.044079e-04,1.477627e-03,2.670773e-01,2.568705e-02,1.946143e-02,4.124843e-03,7.086935e-03,1.585205e-01,2.739769e-01
7.102679e-02,3.342507e-02,6.638131e-02,3.497588e-02,2.992485e-03,1.785184e-03,3.692078e-04,1.505965e-03,2.306489e-01,3.282442e-02,1.546071e-02,4.876183e-03,6.366781e-03,1.736809e-01,3.236802e-01
1.149340e-01,2.962061e-02,5.011297e-02,2.556863e-02,3.594469e-03,1.934997e-03,7.255658e-04,2.736478e-03,2.143058e-01,2.847456e-02,1.336251e-02,6.332859e-03,1.365229e-02,1.673563e-01,3.272879e-01
1.418977e-01,2.704628e-02,3.620802e-02,1.914610e-02,5.188279e-03,2.212462e-03,6.742976e-04,2.882906e-03,1.831391e-01,2.539625e-02,1.233254e-02,6.052905e-03,1.449767e-02,1.280572e-01,3.952683e-01
1.859435e-01,2.144706e-02,3.451557e-02,1.679371e-02,1.076727e-02,5.993362e-03,1.934137e-03,1.263894e-02,1.667351e-01,2.458126e-02,1.414986e-02,6.957926e-03,2.371656e-02,9.993453e-02,3.738912e-01
2.239179e-01,1.778328e-02,3.281114e-02,1.398441e-02,1.105534e-02,6.478678e-03,1.846576e-03,1.012409e-02,1.314339e-01,4.001385e-02,1.234861e-02,5.949714e-03,1.922344e-02,9.236779e-02,3.806612e-01
