1.000000e+00,0.000000e+00,0.000000e+00,0.000000e+00,0.000000e+00,0.000000e+00,0.000000e+00,0.000000e+00,0.000000e+00,0.000000e+00,0.000000e+00,0.000000e+00,0.000000e+00,0.000000e+00,0.000000e+00
1.000000e+00,0.000000e+00,0.000000e+00,0.000000e+00,0.000000e+00,0.000000e+00,0.000000e+00,0.000000e+00,0.000000e+00,0.000000e+00,0.000000e+00,0.000000e+00,0.000000e+00,0.000000e+00,0.000000e+00
1.000000e+00,0.000000e+00,0.000000e+00,0.000000e+00,0.000000e+00,0.000000e+00,0.000000e+00,0.000000e+00,0.000000e+00,0.000000e+00,0.000000e+00,0.000000e+00,0.000000e+00,0.000000e+00,0.000000e+00
1.000000e+00,0.000000e+00,0.000000e+00,0.000000e+00,0.000000e+00,0.000000e+00,0.000000e+00,0.000000e+00,0.000000e+00,0.000000e+00,0.000000e+00,0.000000e+00,0.000000e+00,0.000000e+00,0.000000e+00
1.000000e+00,0.000000e+00,0.000000e+00,0.000000e+00,0.000000e+00,0.000000e+00,0.000000e+00,0.000000e+00,0.000000e+00,0.000000e+00,0.000000e+00,0.000000e+00,0.000000e+00,0.000000e+00,0.000000e+00
1.000000e+00,0.000000e+00,0.000000e+00,0.000000e+00,0.000000e+00,0.000000e+00,0.000000e+00,0.000000e+00,0.000000e+00,0.000000e+00,0.000000e+00,0.000000e+00,0.000000e+00,0.000000e+00,0.000000e+00
1.000000e+00,0.000000e+00,0.000000e+00,0.000000e+00,0.000000e+00,0.000000e+00,0.000000e+00,0.000000e+00,0.000000e+00,0.000000e+00,0.000000e+00,0.000000e+00,0.000000e+00,0.000000e+00,0.000000e+00
1.000000e+00,0.000000e+00,0.000000e+00,0.000000e+00,0.000000e+00,0.000000e+00,0.000000e+00,0.000000e+00,0.000000e+00,0.000000e+00,0.000000e+00,0.000000e+00,0.000000e+00,0.000000e+00,0.000000e+00
1.000000e+00,0.000000e+00,0.000000e+00,0.000000e+00,0.000000e+00,0.000000e+00,0.000000e+00,0.000000e+00,0.000000e+00,0.000000e+00,0.000000e+00,0.000000e+00,0.000000e+00,0.000000e+00,0.000000e+00
1.000000e+00,0.000000e+00,0.000000e+00,0.000000e+00,0.000000e+00,0.000000e+00,0.000000e+00,0.000000e+00,0.000000e+00,0.000000e+00,0.000000e+00,0.000000e+00,0.000000e+00,0.000000e+00,0.000000e+00
1.000000e+00,0.000000e+00,0.000000e+00,0.000000e+00,0.000000e+00,0.000000e+00,0.000000e+00,0.000000e+00,0.000000e+00,0.000000e+00,0.000000e+00,0.000000e+00,0.000000e+00,0.000000e+00,0.000000e+00
1.000000e+00,0.000000e+00,0.000000e+00,0.000000e+00,0.000000e+00,0.000000e+00,0.000000e+00,0.000000e+00,0.000000e+00,0.000000e+00,0.000000e+00,0.000000e+00,0.000000e+00,0.000000e+00,0.000000e+00
1.000000e+00,0.000000e+00,0.000000e+00,0.000000e+00,0.000000e+00,0.000000e+00,0.000000e+00,0.000000e+00,0.000000e+00,0.000000e+00,0.000000e+00,0.000000e+00,0.000000e+00,0.000000e+00,0.000000e+00
1.000000e+00,0.000000e+00,0.000000e+00,0.000000e+00,0.000000e+00,0.000000e+00,0.000000e+00,0.000000e+00,0.000000e+00,0.000000e+00,0.000000e+00,0.000000e+00,0.000000e+00,0.000000e+00,0.000000e+00
1.000000e+00,0.000000e+00,0.000000e+00,0.000000e+00,0.000000e+00,0.000000e+00,0.000000e+00,0.000000e+00,0.000000e+00,0.000000e+00,0.000000e+00,0.000000e+00,0.000000e+00,0.000000e+00,0.000000e+00
1.000000e+00,0.000000e+00,0.000000e+00,0.000000e+00,0.000000e+00,0.000000e+00,0.000000e+00,0.000000e+00,0.000000e+00,0.000000e+00,0.000000e+00,0.000000e+00,0.000000e+00,0.000000e+00,0.000000e+00
1.000000e+00,0.000000e+00,0.000000e+00,0.000000e+00,0.000000e+00,0.000000e+00,0.000000e+00,0.000000e+00,0.000000e+00,0.000000e+00,0.000000e+00,0.000000e+00,0.000000e+00,0.000000e+00,0.000000e+00
1.000000e+00,0.000000e+00,0.000000e+00,0.000000e+00,0.000000e+00,0.000000e+00,0.000000e+00,0.000000e+00,0.000000e+00,0.000000e+00,0.000000e+00,0.000000e+00,0.000000e+00,0.000000e+00,0.000000e+00
1.000000e+00,0.000000e+00,0.000000e+00,0.000000e+00,0.000000e+00,0.000000e+00,0.000000e+00,0.000000e+00,0.000000e+00,0.000000e+00,0.000000e+00,0.000000e+00,0.000000e+00,0.000000e+00,0.000000e+00
1.000000e+00,0.000000e+00,0.000000e+00,0.000000e+00,0.000000e+00,0.000000e+00,0.000000e+00,0.000000e+00,0.000000e+00,0.000000e+00,0.000000e+00,0.000000e+00,0.000000e+00,0.000000e+00,0.000000e+00
1.000000e+00,0.000000e+00,0.000000e+00,0.000000e+00,0.000000e+00,0.000000e+00,0.000000e+00,0.000000e+00,0.000000e+00,0.000000e+00,0.000000e+00,0.000000e+00,0.000000e+00,0.000000e+00,0.000000e+00
1.000000e+00,0.000000e+00,0.000000e+00,0.000000e+00,0.000000e+00,0.000000e+00,0.000000e+00,0.000000e+00,0.000000e+00,0.000000e+00,0.000000e+00,0.000000e+00,0.000000e+00,0.000000e+00,0.000000e+00
1.000000e+00,0.000000e+00,0.000000e+00,0.000000e+00,0.000000e+00,0.000000e+00,0.000000e+00,0.000000e+00,0.000000e+00,0.000000e+00,0.000000e+00,0.000000e+00,0.000000e+00,0.000000e+00,0.000000e+00
1.000000e+00,0.000000e+00,0.000000e+00,0.000000e+00,0.000000e+00,0.000000e+00,0.000000e+00,0.000000e+00,0.000000e+00,0.000000e+00,0.000000e+00,0.000000e+00,0.000000e+00,0.000000e+00,0.000000e+00
1.000000e+00,0.000000e+00,0.000000e+00,0.000000e+00,0.000000e+00,0.000000e+00,0.000000e+00,0.000000e+00,0.000000e+00,0.000000e+00,0.000000e+00,0.000000e+00,0.000000e+00,0.000000e+00,0.000000e+00
1.000000e+00,0.000000e+00,0.000000e+00,0.000000e+00,0.000000e+00,0.000000e+00,0.000000e+00,0.000000e+00,0.000000e+00,0.000000e+00,0.000000e+00,0.000000e+00,0.000000e+00,0.000000e+00,0.000000e+00
1.000000e+00,0.000000e+00,0.000000e+00,0.000000e+00,0.000000e+00,0.000000e+00,0.000000e+00,0.000000e+00,0.000000e+00,0.000000e+00,0.000000e+00,0.000000e+00,0.000000e+00,0.000000e+00,0.000000e+00
1.000000e+00,0.000000e+00,0.000000e+00,0.000000e+00,0.000000e+00,0.000000e+00,0.000000e+00,0.000000e+00,0.000000e+00,0.000000e+00,0.000000e+00,0.000000e+00,0.000000e+00,0.000000e+00,0.000000e+00
1.000000e+00,0.000000e+00,0.000000e+00,0.000000e+00,0.000000e+00,0.000000e+00,0.000000e+00,0.000000e+00,0.000000e+00,0.000000e+00,0.000000e+00,0.000000e+00,0.000000e+00,0.000000e+00,0.000000e+00
1.000000e+00,0.000000e+00,0.000000e+00,0.000000e+00,0.000000e+00,0.000000e+00,0.000000e+00,0.000000e+00,0.000000e+00,0.000000e+00,0.000000e+00,0.000000e+00,0.000000e+00,0.000000e+00,0.000000e+00
1.000000e+00,0.000000e+00,0.000000e+00,0.000000e+00,0.000000e+00,0.000000e+00,0.000000e+00,0.000000e+00,0.000000e+00,0.000000e+00,0.000000e+00,0.000000e+00,0.000000e+00,0.000000e+00,0.000000e+00
1.000000e+00,0.000000e+00,0.000000e+00,0.000000e+00,0.000000e+00,0.000000e+00,0.000000e+00,0.000000e+00,0.000000e+00,0.000000e+00,0.000000e+00,0.000000e+00,0.000000e+00,0.000000e+00,0.000000e+00
1.000000e+00,0.000000e+00,0.000000e+00,0.000000e+00,0.000000e+00,0.000000e+00,0.000000e+00,0.000000e+00,0.000000e+00,0.000000e+00,0.000000e+00,0.000000e+00,0.000000e+00,0.000000e+00,0.000000e+00
1.000000e+00,0.000000e+00,0.000000e+00,0.000000e+00,0.000000e+00,0.000000e+00,0.000000e+00,0.000000e+00,0.000000e+00,0.000000e+00,0.000000e+00,0.000000e+00,0.000000e+00,0.000000e+00,0.000000e+00
1.000000e+00,0.000000e+00,0.000000e+00,0.000000e+00,0.000000e+00,0.000000e+00,0.000000e+00,0.000000e+00,0.000000e+00,0.000000e+00,0.000000e+00,0.000000e+00,0.000000e+00,0.000000e+00,0.000000e+00
1.000000e+00,0.000000e+00,0.000000e+00,0.000000e+00,0.000000e+00,0.000000e+00,0.000000e+00,0.000000e+00,0.000000e+00,0.000000e+00,0.000000e+00,0.000000e+00,0.000000e+00,0.000000e+00,0.000000e+00
1.000000e+00,0.000000e+00,0.000000e+00,0.000000e+00,0.000000e+00,0.000000e+00,0.000000e+00,0.000000e+00,0.000000e+00,0.000000e+00,0.000000e+00,0.000000e+00,0.000000e+00,0.000000e+00,0.000000e+00
1.000000e+00,0.000000e+00,0.000000e+00,0.000000e+00,0.000000e+00,0.000000e+00,0.000000e+00,0.000000e+00,0.000000e+00,0.000000e+00,0.000000e+00,0.000000e+00,0.000000e+00,0.000000e+00,0.000000e+00
1.000000e+00,0.000000e+00,0.000000e+00,0.000000e+00,0.000000e+00,0.000000e+00,0.000000e+00,0.000000e+00,0.000000e+00,0.000000e+00,0.000000e+00,0.000000e+00,0.000000e+00,0.000000e+00,0.000000e+00
1.000000e+00,0.000000e+00,0.000000e+00,0.000000e+00,0.000000e+00,0.000000e+00,0.000000e+00,0.000000e+00,0.000000e+00,0.000000e+00,0.000000e+00,0.000000e+00,0.000000e+00,0.000000e+00,0.000000e+00
1.000000e+00,0.000000e+00,0.000000e+00,0.000000e+00,0.000000e+00,0.000000e+00,0.000000e+00,0.000000e+00,0.000000e+00,0.000000e+00,0.000000e+00,0.000000e+00,0.000000e+00,0.000000e+00,0.000000e+00
1.000000e+00,0.000000e+00,0.000000e+00,0.000000e+00,0.000000e+00,0.000000e+00,0.000000e+00,0.000000e+00,0.000000e+00,0.000000e+00,0.000000e+00,0.000000e+00,0.000000e+00,0.000000e+00,0.000000e+00
1.000000e+00,0.000000e+00,0.000000e+00,0.000000e+00,0.000000e+00,0.000000e+00,0.000000e+00,0.000000e+00,0.000000e+00,0.000000e+00,0.000000e+00,0.000000e+00,0.000000e+00,0.000000e+00,0.000000e+00
1.000000e+00,0.000000e+00,0.000000e+00,0.000000e+00,0.000000e+00,0.000000e+00,0.000000e+00,0.000000e+00,0.000000e+00,0.000000e+00,0.000000e+00,0.000000e+00,0.000000e+00,0.000000e+00,0.000000e+00
1.000000e+00,0.000000e+00,0.000000e+00,0.000000e+00,0.000000e+00,0.000000e+00,0.000000e+00,0.000000e+00,0.000000e+00,0.000000e+00,0.000000e+00,0.000000e+00,0.000000e+00,0.000000e+00,0.000000e+00
1.000000e+00,0.000000e+00,0.000000e+00,0.000000e+00,0.000000e+00,0.000000e+00,0.000000e+00,0.000000e+00,0.000000e+00,0.000000e+00,0.000000e+00,0.000000e+00,0.000000e+00,0.000000e+00,0.000000e+00
1.000000e+00,0.000000e+00,0.000000e+00,0.000000e+00,0.000000e+00,0.000000e+00,0.000000e+00,0.000000e+00,0.000000e+00,0.000000e+00,0.000000e+00,0.000000e+00,0.000000e+00,0.000000e+00,0.000000e+00
1.000000e+00,0.000000e+00,0.000000e+00,0.000000e+00,0.000000e+00,0.000000e+00,0.000000e+00,0.000000e+00,0.000000e+00,0.000000e+00,0.000000e+00,0.000000e+00,0.000000e+00,0.000000e+00,0.000000e+00
1.000000e+00,0.000000e+00,0.000000e+00,0.000000e+00,0.000000e+00,0.000000e+00,0.000000e+00,0.000000e+00,0.000000e+00,0.000000e+00,0.000000e+00,0.000000e+00,0.000000e+00,0.000000e+00,0.000000e+00
1.000000e+00,0.000000e+00,0.000000e+00,0.000000e+00,0.000000e+00,0.000000e+00,0.000000e+00,0.000000e+00,0.000000e+00,0.000000e+00,0.000000e+00,0.000000e+00,0.000000e+00,0.000000e+00,0.000000e+00
1.000000e+00,0.000000e+00,0.000000e+00,0.000000e+00,0.000000e+00,0.000000e+00,0.000000e+00,0.000000e+00,0.000000e+00,0.000000e+00,0.000000e+00,0.000000e+00,0.000000e+00,0.000000e+00,0.000000e+00
1.000000e+00,0.000000e+00,0.000000e+00,0.000000e+00,0.000000e+00,0.000000e+00,0.000000e+00,0.000000e+00,0.000000e+00,0.000000e+00,0.000000e+00,0.000000e+00,0.000000e+00,0.000000e+00,0.000000e+00
1.000000e+00,0.000000e+00,0.000000e+00,0.000000e+00,0.000000e+00,0.000000e+00,0.000000e+00,0.000000e+00,0.000000e+00,0.000000e+00,0.000000e+00,0.000000e+00,0.000000e+00,0.000000e+00,0.000000e+00
1.000000e+00,0.000000e+00,0.000000e+00,0.000000e+00,0.000000e+00,0.000000e+00,0.000000e+00,0.000000e+00,0.000000e+00,0.000000e+00,0.000000e+00,0.000000e+00,0.000000e+00,0.000000e+00,0.000000e+00
1.000000e+00,0.000000e+00,0.000000e+00,0.000000e+00,0.000000e+00,0.000000e+00,0.000000e+00,0.000000e+00,0.000000e+00,0.000000e+00,0.000000e+00,0.000000e+00,0.000000e+00,0.000000e+00,0.000000e+00
4.210080e-01,1.014320e-01,2.753748e-02,6.966268e-02,9.218514e-03,6.957348e-02,6.038642e-03,8.539830e-03,6.047343e-02,1.228997e-01,2.725829e-02,1.513436e-02,1.966415e-02,3.479679e-03,3.807981e-02
3.003570e-01,1.236475e-01,2.175507e-02,5.612393e-02,6.879847e-03,5.595380e-02,4.447443e-03,6.143812e-03,6.539755e-02,2.366834e-01,5.521575e-02,1.633819e-02,1.472187e-02,3.112930e-03,3.322196e-02
2.247545e-01,1.053189e-01,1.639443e-02,4.250997e-02,5.146872e-03,4.625727e-02,3.402143e-03,4.467446e-03,5.284255e-02,1.951902e-01,1.841486e-01,7.410821e-02,1.161470e-02,4.388254e-03,2.945591e-02
1.868550e-01,9.059922e-02,1.290597e-02,3.172742e-02,3.833680e-03,4.753853e-02,3.073909e-03,3.400470e-03,4.330323e-02,1.521556e-01,2.296516e-01,1.556087e-01,8.926341e-03,5.635782e-03,2.478462e-02
1.616865e-01,7.404072e-02,1.249703e-02,7.232684e-02,5.387125e-03,4.600492e-02,3.550307e-03,2.812001e-03,4.798617e-02,1.170891e-01,2.173247e-01,1.965604e-01,7.209061e-03,5.567025e-03,2.995818e-02
1.298976e-01,5.668047e-02,9.712216e-03,5.622564e-02,4.498667e-03,3.872001e-02,2.933941e-03,2.085338e-03,4.085635e-02,8.782323e-02,1.751275e-01,3.539708e-01,5.377352e-03,6.268676e-03,2.982229e-02
1.173962e-01,4.332328e-02,7.985332e-03,4.856778e-02,4.133496e-03,3.703607e-02,2.579893e-03,1.659199e-03,3.450563e-02,6.273954e-02,1.406673e-01,4.588276e-01,4.228157e-03,6.624782e-03,2.972569e-02
9.846310e-02,3.622979e-02,7.926481e-03,4.145709e-02,4.834841e-03,3.404095e-02,2.526235e-03,1.870826e-03,2.923866e-02,4.443699e-02,1.141568e-01,5.478405e-01,3.242297e-03,5.479664e-03,2.825578e-02
8.653060e-02,2.756939e-02,6.278095e-03,3.160600e-02,4.512695e-03,2.921079e-02,2.238344e-03,1.630862e-03,2.338183e-02,3.140866e-02,9.931488e-02,6.267878e-01,2.480943e-03,4.706899e-03,2.234218e-02
7.504730e-02,2.348806e-02,5.720244e-03,2.506013e-02,5.553951e-03,2.608093e-02,2.360852e-03,1.764294e-03,1.959473e-02,2.231732e-02,1.178998e-01,6.493968e-01,2.106671e-03,4.435740e-03,1.917323e-02
6.765519e-02,1.907516e-02,4.651702e-03,1.908499e-02,5.441166e-03,2.314444e-02,2.203197e-03,1.785047e-03,1.701229e-02,1.593833e-02,1.516291e-01,6.496567e-01,1.859139e-03,4.408667e-03,1.645499e-02
6.147267e-02,1.504453e-02,3.681380e-03,1.464366e-02,5.540716e-03,2.021418e-02,2.030774e-03,1.853771e-03,1.623175e-02,1.142358e-02,1.747939e-01,6.542528e-01,1.713333e-03,3.839385e-03,1.326356e-02
5.676431e-02,1.328724e-02,3.519550e-03,1.144102e-02,1.669153e-02,2.115675e-02,4.436580e-03,5.040918e-03,1.904013e-02,8.280869e-03,2.753530e-01,5.475483e-01,2.211339e-03,3.590177e-03,1.163837e-02
5.438380e-02,1.817533e-02,4.519589e-03,1.206915e-02,3.972762e-02,2.248672e-02,1.138706e-02,1.301369e-02,2.233423e-02,6.118371e-03,3.147475e-01,4.600074e-01,3.408123e-03,3.541905e-03,1.407956e-02
4.344285e-02,1.664293e-02,7.639153e-03,1.169652e-02,6.180036e-02,4.949564e-02,1.622771e-02,3.717027e-02,3.258111e-02,4.659920e-03,3.373767e-01,3.563831e-01,7.259108e-03,2.887174e-03,1.473750e-02
3.231030e-02,1.417325e-02,1.106139e-02,1.090747e-02,8.334994e-02,6.687402e-02,1.477797e-02,6.798784e-02,2.799789e-02,4.170125e-03,3.640549e-01,2.733398e-01,1.201499e-02,2.542940e-03,1.443722e-02
2.613330e-02,1.620110e-02,1.496058e-02,1.685281e-02,1.325868e-01,9.548937e-02,1.586246e-02,6.578255e-02,4.731801e-02,3.842411e-03,3.263999e-01,2.055246e-01,1.181841e-02,2.031205e-03,1.919652e-02
2.006500e-02,1.235936e-02,1.653246e-02,1.577726e-02,1.239829e-01,8.010627e-02,1.154249e-02,1.512406e-01,1.093443e-01,3.522773e-03,2.600701e-01,1.516098e-01,1.615191e-02,1.810556e-03,2.588419e-02
2.206420e-02,9.358708e-03,1.462345e-02,1.243486e-02,1.507835e-01,9.337288e-02,8.635974e-03,1.308404e-01,1.394310e-01,3.428902e-03,2.539333e-01,1.096739e-01,2.141261e-02,1.750242e-03,2.825610e-02
2.930645e-02,7.739173e-03,1.326817e-02,1.025307e-02,2.523041e-01,1.223576e-01,7.837527e-03,9.739189e-02,1.107792e-01,2.653300e-03,2.288798e-01,7.791037e-02,1.689969e-02,1.377275e-03,2.104246e-02
3.609751e-02,1.154322e-02,2.301856e-02,2.442119e-02,2.772573e-01,1.836567e-01,7.531133e-03,8.829355e-02,8.664820e-02,2.217978e-03,1.695221e-01,5.581989e-02,1.464618e-02,1.384647e-03,1.794183e-02
4.734003e-02,1.417763e-02,2.058921e-02,2.100693e-02,3.389317e-01,1.727327e-01,5.882984e-03,6.764958e-02,8.841696e-02,1.916215e-03,1.515907e-01,4.017752e-02,1.134186e-02,2.734958e-03,1.551098e-02
5.842789e-02,1.784110e-02,2.823353e-02,2.595723e-02,3.007292e-01,1.394550e-01,4.687414e-03,6.959358e-02,1.436199e-01,1.834454e-03,1.518302e-01,3.000102e-02,8.481195e-03,7.005542e-03,1.230276e-02
8.070798e-02,1.892775e-02,3.021853e-02,3.185773e-02,2.780149e-01,1.041198e-01,4.059707e-03,7.541285e-02,1.888000e-01,1.549111e-03,1.382653e-01,2.481833e-02,6.351023e-03,7.517422e-03,9.379589e-03
1.028191e-01,2.189584e-02,2.581071e-02,3.575752e-02,2.469399e-01,8.491996e-02,3.857373e-03,6.359055e-02,2.631561e-01,1.487413e-03,1.088635e-01,2.061327e-02,4.893399e-03,7.099069e-03,8.296257e-03
1.361496e-01,2.530565e-02,3.074109e-02,1.117511e-01,2.005621e-01,6.489412e-02,3.365240e-03,5.124088e-02,2.534654e-01,1.936490e-03,8.023097e-02,1.707645e-02,3.918413e-03,9.879861e-03,9.482660e-03
2.002897e-01,2.340941e-02,3.056661e-02,1.147745e-01,1.716047e-01,5.511663e-02,2.837997e-03,5.189940e-02,2.472533e-01,1.824937e-03,6.108082e-02,1.476447e-02,3.670707e-03,1.313722e-02,7.769546e-03
2.193525e-01,1.796802e-02,7.205598e-02,1.633486e-01,1.362428e-01,4.115583e-02,2.477447e-03,7.594651e-02,1.902502e-01,1.580991e-03,4.536523e-02,1.277901e-02,3.236766e-03,1.233063e-02,5.909383e-03
2.018752e-01,1.346387e-02,6.425302e-02,1.509957e-01,1.034000e-01,2.978268e-02,2.380243e-03,2.346019e-01,1.390354e-01,1.191338e-03,3.252506e-02,9.732346e-03,2.613782e-03,9.788477e-03,4.361084e-03
1.648295e-01,1.008036e-02,4.898207e-02,1.095118e-01,7.422219e-02,2.177063e-02,2.375141e-03,4.262965e-01,9.816993e-02,8.849784e-04,2.313990e-02,7.023800e-03,2.048644e-03,7.293850e-03,3.370679e-03
1.335867e-01,7.366399e-03,4.022347e-02,7.922578e-02,5.296841e-02,1.650927e-02,2.120042e-03,5.665890e-01,6.921433e-02,6.757972e-04,1.656813e-02,5.260970e-03,1.665276e-03,5.257003e-03,2.769359e-03
1.341711e-01,5.906832e-03,3.383511e-02,5.838736e-02,3.850725e-02,1.271476e-02,1.872849e-03,6.408405e-01,4.920758e-02,5.328478e-04,1.203758e-02,4.134600e-03,1.570047e-03,3.873299e-03,2.408226e-03
1.191123e-01,4.567442e-03,2.641344e-02,4.298187e-02,2.845881e-02,1.007264e-02,1.634231e-03,7.132385e-01,3.488765e-02,3.991350e-04,8.714904e-03,3.225186e-03,1.465441e-03,2.906317e-03,1.922123e-03
9.250413e-02,3.553151e-03,1.955187e-02,3.096085e-02,2.140547e-02,7.349123e-03,1.310971e-03,7.854558e-01,2.451953e-02,2.845841e-04,6.190445e-03,2.308984e-03,1.120132e-03,2.079507e-03,1.405449e-03
8.985591e-02,3.603236e-03,1.510362e-02,2.400153e-02,1.787220e-02,5.992579e-03,1.109928e-03,8.129209e-01,1.740745e-02,2.697139e-04,4.955290e-03,2.000947e-03,1.842473e-03,1.726540e-03,1.337665e-03
9.495701e-02,3.241514e-03,1.162805e-02,1.797091e-02,1.955516e-02,5.286550e-03,1.001398e-03,8.136734e-01,1.299410e-02,7.283401e-04,6.263984e-03,3.380121e-03,5.790741e-03,1.683056e-03,1.845626e-03
1.047876e-01,4.578732e-03,9.252954e-03,1.701704e-02,2.615061e-02,5.721430e-03,1.106249e-03,7.566509e-01,1.344776e-02,1.835868e-03,1.230158e-02,8.985228e-03,3.239151e-02,1.945297e-03,3.827281e-03
7.880510e-02,4.907297e-03,7.041220e-03,1.689980e-02,2.024856e-02,4.191629e-02,1.402131e-03,5.669622e-01,1.810472e-02,1.840875e-03,1.392209e-02,1.088088e-02,2.071806e-01,1.651689e-03,8.236475e-03
7.333991e-02,4.233831e-03,6.504522e-03,1.401175e-02,2.133899e-02,7.083213e-02,2.221960e-03,4.244586e-01,1.698773e-02,1.592971e-03,1.338888e-02,1.125805e-02,3.282554e-01,1.336966e-03,1.023831e-02
7.406574e-02,6.008156e-03,6.619934e-03,1.234807e-02,1.774926e-02,7.533191e-02,2.885278e-03,3.057310e-01,2.610314e-02,1.740438e-03,1.706965e-02,3.201480e-02,4.117441e-01,1.387683e-03,9.200746e-03
5.454405e-02,6.730543e-03,5.053812e-03,9.863767e-03,1.307394e-02,5.611522e-02,2.480180e-03,2.146846e-01,3.333415e-02,1.559583e-03,1.505291e-02,3.548938e-02,5.411040e-01,1.271318e-03,9.642640e-03
4.251226e-02,6.885077e-03,4.380927e-03,8.027675e-03,9.597011e-03,6.582506e-02,2.205319e-03,1.507013e-01,3.927733e-02,1.972949e-03,1.564968e-02,7.790527e-02,5.613423e-01,3.351500e-03,1.036641e-02
3.569701e-02,5.770495e-03,3.844567e-03,6.890289e-03,7.665012e-03,5.551154e-02,1.985150e-03,1.058719e-01,3.459529e-02,2.599136e-03,1.622925e-02,1.216732e-01,5.748307e-01,9.263175e-03,1.757330e-02
3.240813e-02,5.644503e-03,3.763017e-03,6.013960e-03,6.115455e-03,5.695504e-02,1.733003e-03,7.434184e-02,3.485483e-02,4.150493e-03,1.906488e-02,1.948868e-01,5.183396e-01,2.237707e-02,1.935143e-02
2.971886e-02,4.445675e-03,3.692579e-03,5.073493e-03,5.634035e-03,4.501745e-02,1.693728e-03,5.221808e-02,4.373834e-02,8.945340e-03,2.562204e-02,2.932225e-01,4.382578e-01,2.396915e-02,1.875099e-02
2.642628e-02,3.695783e-03,3.137156e-03,3.913451e-03,5.365441e-03,3.358811e-02,1.912743e-03,3.702191e-02,5.032632e-02,2.751308e-02,3.010971e-02,3.278432e-01,3.780550e-01,3.664646e-02,3.444532e-02
2.995792e-02,2.911914e-03,2.424084e-03,3.230605e-03,5.372545e-03,2.713962e-02,1.922084e-03,2.650109e-02,4.896446e-02,3.600711e-02,3.291466e-02,3.956166e-01,3.232875e-01,3.294157e-02,3.080825e-02
3.006186e-02,3.107243e-03,2.735482e-03,3.924776e-03,2.645971e-02,2.164519e-02,3.423535e-03,2.026814e-02,9.913443e-02,4.054005e-02,3.767321e-02,3.965450e-01,2.632690e-01,2.581543e-02,2.539689e-02
2.742426e-02,3.002396e-03,2.451050e-03,3.424965e-03,2.435104e-02,1.902817e-02,2.978800e-03,1.542943e-02,8.406755e-02,3.406306e-02,4.324112e-02,4.984918e-01,1.976581e-01,2.302865e-02,2.135957e-02
2.178650e-02,3.161098e-03,2.886926e-03,2.731424e-03,2.731151e-02,1.795218e-02,2.659676e-03,1.198479e-02,7.193933e-02,3.162577e-02,4.073239e-02,5.853677e-01,1.437047e-01,1.947644e-02,1.667956e-02
1.779457e-02,5.462427e-03,3.204092e-03,2.492637e-03,2.983089e-02,1.923877e-02,2.175296e-03,9.508835e-03,7.277885e-02,3.252523e-02,3.801201e-02,6.311522e-01,1.050143e-01,1.800483e-02,1.280512e-02
1.584872e-02,3.513506e-02,3.794694e-03,1.976102e-03,2.794317e-02,3.007117e-02,1.861585e-03,7.185881e-03,1.795791e-01,2.619386e-02,2.993293e-02,5.400996e-01,7.699258e-02,1.341303e-02,9.972604e-03
1.497798e-02,4.393408e-02,4.883674e-03,1.698963e-03,2.509938e-02,5.033970e-02,1.820528e-03,8.972881e-03,2.866892e-01,2.012132e-02,2.289295e-02,4.432850e-01,5.725920e-02,9.912925e-03,8.112318e-03
1.615844e-02,4.125545e-02,6.390734e-03,1.670940e-03,2.437816e-02,9.473972e-02,2.159368e-03,1.796124e-02,2.886368e-01,1.636130e-02,1.828111e-02,4.084330e-01,4.869227e-02,7.846965e-03,7.034522e-03
1.438401e-02,4.649847e-02,5.216701e-03,1.888946e-03,2.197566e-02,1.544476e-01,1.794619e-03,2.261833e-02,3.018839e-01,1.248394e-02,1.347346e-02,3.505713e-01,4.056730e-02,6.144189e-03,6.051566e-03
1.758329e-02,4.615793e-02,4.221157e-03,2.434772e-03,2.090569e-02,2.389807e-01,1.560286e-03,2.229771e-02,2.969311e-01,9.961960e-03,9.880571e-03,2.835255e-01,3.271630e-02,5.576472e-03,7.266604e-03
1.691835e-02,3.877741e-02,3.248981e-03,1.963718e-03,2.210735e-02,3.157904e-01,1.776589e-03,2.065421e-02,2.937818e-01,7.400704e-03,7.055149e-03,2.358361e-01,2.481000e-02,4.229483e-03,5.649801e-03
2.326348e-02,3.286372e-02,2.680856e-03,1.880566e-03,3.016233e-02,3.665748e-01,4.786947e-03,3.184671e-02,2.714949e-01,5.796086e-03,5.075986e-03,1.975879e-01,1.815591e-02,3.167089e-03,4.662696e-03
3.705106e-02,2.481050e-02,3.144475e-03,2.922064e-03,4.046115e-02,4.349650e-01,6.690226e-03,7.099963e-02,2.043153e-01,4.154488e-03,3.634374e-03,1.481918e-01,1.300480e-02,2.262224e-03,3.393000e-03
5.295204e-02,3.210112e-02,3.079180e-03,3.029592e-03,4.940259e-02,3.937745e-01,1.163309e-02,1.017957e-01,2.151079e-01,3.252256e-03,2.670284e-03,1.154015e-01,9.470832e-03,1.817969e-03,4.511382e-03
6.888343e-02,2.918393e-02,7.833585e-03,1.148271e-02,9.101550e-02,3.179135e-01,3.454572e-02,1.210902e-01,2.083397e-01,3.569749e-03,2.143488e-03,8.331876e-02,7.024679e-03,1.517070e-03,1.213798e-02
9.396856e-02,3.036440e-02,8.972698e-03,1.156452e-02,1.026893e-01,2.921181e-01,3.687187e-02,1.093947e-01,2.217727e-01,3.192373e-03,2.090051e-03,6.027114e-02,5.245785e-03,1.343970e-03,2.013980e-02
9.389588e-02,2.806210e-02,1.351751e-02,1.746782e-02,1.197608e-01,2.516950e-01,3.972236e-02,1.122096e-01,2.449442e-01,3.368611e-03,1.883333e-03,4.354532e-02,4.658801e-03,1.167555e-03,2.410127e-02
9.810221e-02,2.297527e-02,1.140751e-02,1.979550e-02,1.002318e-01,2.804928e-01,3.003600e-02,1.463907e-01,2.307130e-01,2.541335e-03,1.484525e-03,3.115106e-02,4.211648e-03,1.030474e-03,1.943627e-02
1.046507e-01,2.245843e-02,9.619059e-03,1.693179e-02,7.417620e-02,2.291607e-01,2.160031e-02,2.737005e-01,1.989424e-01,2.062728e-03,1.144133e-03,2.204164e-02,4.310482e-03,1.118682e-03,1.808224e-02
1.410055e-01,1.839731e-02,7.883864e-03,1.329459e-02,5.392965e-02,1.719974e-01,1.558054e-02,3.699506e-01,1.666417e-01,1.637509e-03,1.094165e-03,1.626071e-02,5.186430e-03,1.408596e-03,1.573153e-02
1.465965e-01,1.407183e-02,6.400634e-03,1.058066e-02,3.878111e-02,1.272867e-01,1.125809e-02,4.711627e-01,1.424690e-01,1.184512e-03,9.178568e-04,1.192173e-02,4.593513e-03,1.183840e-03,1.159141e-02
1.735000e-01,1.088448e-02,5.195393e-03,7.906298e-03,2.778653e-02,9.023650e-02,8.286997e-03,5.366610e-01,1.079872e-01,8.968477e-04,9.773312e-04,9.444982e-03,1.000518e-02,1.150492e-03,9.080756e-03
1.906732e-01,8.383972e-03,4.573233e-03,5.975903e-03,1.999467e-02,6.434628e-02,6.146857e-03,5.878659e-01,7.999115e-02,6.678115e-04,9.906752e-04,7.544199e-03,1.449547e-02,1.164051e-03,7.186593e-03
2.020580e-01,6.540380e-03,4.143457e-03,4.556920e-03,1.420735e-02,4.639549e-02,4.616812e-03,6.299341e-01,5.995238e-02,4.980355e-04,1.001006e-03,6.058500e-03,1.302821e-02,1.095311e-03,5.914050e-03
1.911848e-01,4.887274e-03,4.130924e-03,3.899733e-03,1.029800e-02,3.324658e-02,3.746434e-03,6.826816e-01,4.413407e-02,3.706094e-04,8.507574e-04,4.512692e-03,1.068802e-02,8.661254e-04,4.502440e-03
1.771428e-01,3.787785e-03,4.357621e-03,3.549954e-03,7.501941e-03,2.398131e-02,3.062456e-03,7.275786e-01,3.175842e-02,2.980622e-04,7.353437e-04,3.481927e-03,8.439532e-03,7.484778e-04,3.575810e-03
2.203507e-01,3.260310e-03,4.039257e-03,3.446073e-03,5.538360e-03,1.777121e-02,2.318110e-03,7.032589e-01,2.286089e-02,3.673627e-04,1.256507e-03,4.346253e-03,6.901126e-03,8.264626e-04,3.458523e-03
2.714447e-01,3.322118e-03,3.959152e-03,3.301296e-03,5.453031e-03,1.686488e-02,2.478992e-03,6.583592e-01,1.681622e-02,4.068415e-04,1.775599e-03,4.508583e-03,7.273395e-03,7.929336e-04,3.243146e-03
3.103819e-01,6.640185e-03,7.735846e-03,3.350578e-02,1.469310e-02,1.869328e-02,2.342173e-03,5.277031e-01,2.290275e-02,3.032676e-03,9.873675e-03,1.077081e-02,2.140604e-02,1.842716e-03,8.475989e-03
2.560216e-01,8.282781e-03,6.785788e-03,4.250814e-02,1.225984e-02,6.325822e-02,3.066783e-03,4.045082e-01,3.311886e-02,9.081701e-03,1.293530e-02,1.624879e-02,9.853671e-02,3.021275e-03,3.036595e-02
2.195790e-01,1.459170e-02,7.458498e-03,8.175576e-02,1.139662e-02,6.784911e-02,3.257422e-03,2.961662e-01,5.692636e-02,1.667019e-02,1.898408e-02,2.007957e-02,1.353208e-01,3.323194e-03,4.664163e-02
1.841913e-01,1.109043e-02,6.370213e-03,5.998700e-02,1.656811e-02,9.253436e-02,3.337950e-03,2.116330e-01,4.164476e-02,1.179172e-02,1.466358e-02,1.537242e-02,2.915597e-01,2.452340e-03,3.680319e-02
1.551630e-01,8.950658e-03,5.231387e-03,4.356915e-02,1.643296e-02,1.105685e-01,2.754683e-03,1.497532e-01,3.054566e-02,8.310898e-03,1.063312e-02,1.191280e-02,4.164186e-01,1.871273e-03,2.788415e-02
1.322138e-01,7.602523e-03,4.067418e-03,3.175011e-02,1.397256e-02,8.600774e-02,2.753445e-03,1.051791e-01,2.339347e-02,5.884424e-03,8.275458e-03,1.291137e-02,5.417870e-01,2.244049e-03,2.195753e-02
1.205263e-01,6.141225e-03,2.988384e-03,2.274573e-02,1.169126e-02,6.496724e-02,3.589495e-03,7.381711e-02,1.800037e-02,4.455231e-03,8.579727e-03,3.416418e-02,6.066456e-01,2.860404e-03,1.882768e-02
1.058118e-01,4.727950e-03,2.267327e-03,1.667447e-02,1.004831e-02,5.093902e-02,3.290541e-03,5.192244e-02,1.350078e-02,3.530220e-03,7.808214e-03,1.067114e-01,6.038473e-01,2.578343e-03,1.634193e-02
9.882874e-02,3.735025e-03,2.004872e-03,1.205115e-02,9.237719e-03,4.762787e-02,1.004092e-02,3.671125e-02,1.163866e-02,4.372790e-03,9.305027e-03,1.275850e-01,6.072603e-01,3.541459e-03,1.605915e-02
8.285443e-02,3.401328e-03,6.951642e-03,8.914542e-03,1.160884e-02,5.401591e-02,1.222632e-02,2.617215e-02,9.023213e-03,4.805644e-03,1.291034e-02,1.158575e-01,6.311225e-01,3.872074e-03,1.626362e-02
9.655896e-02,3.240449e-03,5.273075e-03,6.965284e-03,1.281826e-02,5.659343e-02,1.033893e-02,1.874008e-02,7.405321e-03,7.854495e-03,1.579706e-02,1.821961e-01,5.580027e-01,4.763776e-03,1.345204e-02
9.364390e-02,2.845010e-03,4.430174e-03,5.347315e-03,1.655707e-02,4.239767e-02,8.160709e-03,1.443344e-02,8.192737e-03,8.071451e-03,1.820662e-02,2.404452e-01,5.201674e-01,4.690205e-03,1.241113e-02
7.752938e-02,2.790277e-03,3.788849e-03,3.997644e-03,1.331977e-02,3.131833e-02,6.577615e-03,1.153164e-02,9.133769e-03,8.540152e-03,1.774431e-02,3.810843e-01,4.151278e-01,5.940770e-03,1.157539e-02
6.206748e-02,2.399446e-03,8.256959e-03,5.290681e-03,1.308539e-02,4.200873e-02,6.452343e-03,1.413289e-02,9.104606e-03,9.789083e-03,1.613273e-02,4.557748e-01,3.408691e-01,4.739307e-03,9.896447e-03
4.713954e-02,3.750232e-03,6.767836e-03,4.107846e-03,1.778523e-02,3.260140e-02,5.317199e-03,1.332380e-02,2.193161e-02,1.101908e-02,1.481540e-02,5.436810e-01,2.656780e-01,3.823801e-03,8.258040e-03
4.042808e-02,3.276781e-03,1.046607e-02,7.479525e-03,7.227012e-02,2.402886e-02,1.161999e-02,6.535532e-02,5.436300e-02,1.235387e-02,1.391151e-02,4.756820e-01,1.993718e-01,2.831511e-03,6.561650e-03
3.548815e-02,4.724794e-03,1.228132e-02,1.152774e-02,8.960240e-02,2.591132e-02,1.080360e-02,1.303168e-01,1.010373e-01,1.494741e-02,1.832771e-02,3.583458e-01,1.756601e-01,2.458476e-03,8.567024e-03
4.355853e-02,4.833083e-03,1.517629e-02,1.061171e-01,8.976726e-02,2.892829e-02,8.739042e-03,1.216308e-01,1.384881e-01,1.314463e-02,2.256786e-02,2.580624e-01,1.387582e-01,2.181772e-03,8.046594e-03
9.407277e-02,4.995984e-03,1.323817e-02,8.885944e-02,1.005904e-01,2.687804e-02,7.057726e-03,1.265323e-01,1.570631e-01,1.159953e-02,2.977609e-02,1.920356e-01,1.320641e-01,2.441983e-03,1.279484e-02
1.022852e-01,5.374349e-03,1.148999e-02,6.496521e-02,2.004173e-01,2.525024e-02,9.774228e-03,1.449107e-01,1.338121e-01,9.780535e-03,3.045699e-02,1.402729e-01,1.046760e-01,2.559643e-03,1.397455e-02
1.505373e-01,7.474221e-03,1.081363e-02,5.319653e-02,1.936276e-01,2.154047e-02,1.018917e-02,1.989812e-01,1.029147e-01,7.853888e-03,2.974728e-02,1.047351e-01,9.025617e-02,2.709626e-03,1.542312e-02
2.103249e-01,8.334433e-03,1.059701e-02,4.192052e-02,2.084675e-01,1.935166e-02,1.122212e-02,1.862411e-01,1.053065e-01,7.097590e-03,2.485576e-02,7.755737e-02,7.168978e-02,2.470616e-03,1.456310e-02
2.507027e-01,8.974588e-03,8.917057e-03,3.602573e-02,2.233928e-01,2.748943e-02,1.193598e-02,1.632888e-01,1.087965e-01,5.678103e-03,2.069581e-02,5.844729e-02,6.055520e-02,2.173186e-03,1.292679e-02
2.453643e-01,1.035076e-02,6.662552e-03,3.496353e-02,2.027980e-01,4.302696e-02,1.099559e-02,1.182247e-01,1.680109e-01,4.591357e-03,1.654053e-02,4.588095e-02,7.717553e-02,2.263865e-03,1.315057e-02
2.601950e-01,1.156908e-02,5.677251e-03,4.658044e-02,2.033370e-01,5.375767e-02,1.315062e-02,8.735152e-02,1.884678e-01,3.744108e-03,1.378806e-02,3.592380e-02,6.251394e-02,2.210721e-03,1.173301e-02
2.878203e-01,2.185060e-02,1.051014e-02,7.587717e-02,2.017427e-01,4.348806e-02,1.622213e-02,7.234988e-02,1.601348e-01,3.431287e-03,1.176091e-02,2.866469e-02,5.262326e-02,2.065002e-03,1.145914e-02
2.644432e-01,2.091818e-02,4.695728e-02,1.981103e-01,1.577859e-01,3.344741e-02,1.406344e-02,5.630594e-02,1.198457e-01,3.613775e-03,1.046806e-02,2.189353e-02,3.984297e-02,1.593092e-03,1.071127e-02
2.807734e-01,1.626840e-02,4.113898e-02,1.757477e-01,1.354115e-01,2.543271e-02,1.360497e-02,1.461527e-01,9.371264e-02,2.792211e-03,1.038914e-02,1.701430e-02,3.226662e-02,1.276588e-03,8.018155e-03
2.115001e-01,1.153478e-02,2.933281e-02,1.260633e-01,1.049497e-01,1.822266e-02,1.052736e-02,3.684388e-01,6.675098e-02,1.973411e-03,8.143060e-03,1.238479e-02,2.361921e-02,9.062142e-04,5.652750e-03
1.544794e-01,8.133175e-03,2.070335e-02,8.934233e-02,7.766449e-02,1.296749e-02,7.768939e-03,5.439830e-01,4.711076e-02,1.411928e-03,6.336613e-03,8.732235e-03,1.675217e-02,6.371059e-04,3.977031e-03
1.098122e-01,5.722294e-03,1.465451e-02,6.268257e-02,5.546063e-02,9.320865e-03,5.576674e-03,6.770236e-01,3.301427e-02,1.022309e-03,4.535583e-03,6.136331e-03,1.178376e-02,4.513298e-04,2.803041e-03
8.157512e-02,4.089419e-03,1.065743e-02,4.412617e-02,3.946148e-02,7.540195e-03,4.684406e-03,7.634149e-01,2.326795e-02,7.896017e-04,3.749143e-03,4.858392e-03,9.326597e-03,3.643299e-04,2.094966e-03
6.212952e-02,2.929760e-03,7.898929e-03,3.222789e-02,2.780216e-02,5.937004e-03,3.673127e-03,7.849346e-01,1.653083e-02,8.478010e-04,1.003132e-02,1.818756e-02,2.414876e-02,1.055759e-03,1.664964e-03
5.089747e-02,2.430357e-03,6.170643e-03,3.069387e-02,1.984722e-02,6.069653e-03,2.877871e-03,6.820900e-01,1.368981e-02,3.601113e-03,2.151383e-02,5.896931e-02,9.456417e-02,4.505976e-03,2.078753e-03
4.349365e-02,2.289494e-03,4.612129e-03,2.510972e-02,1.473027e-02,6.198377e-03,2.434114e-03,5.666404e-01,2.674877e-02,3.649406e-03,3.962391e-02,7.452808e-02,1.806190e-01,4.492865e-03,4.829847e-03
3.439391e-02,7.824208e-03,4.679765e-03,7.794142e-02,1.131575e-02,5.696631e-03,1.955862e-03,4.015237e-01,1.582122e-01,4.233594e-03,3.461332e-02,5.815372e-02,1.899713e-01,3.791154e-03,5.693460e-03
2.615850e-02,1.014271e-02,4.218462e-03,9.295847e-02,8.802667e-03,5.011433e-03,1.448687e-03,2.818058e-01,2.394578e-01,4.395205e-03,3.532858e-02,6.037964e-02,2.157935e-01,5.671253e-03,8.427355e-03
1.929264e-02,9.605890e-03,3.301963e-03,8.181221e-02,7.271015e-03,6.168597e-03,1.134676e-03,1.976647e-01,2.460289e-01,4.568623e-03,5.988900e-02,1.121948e-01,2.352204e-01,6.489706e-03,9.356972e-03
2.011459e-02,9.431378e-03,2.705298e-03,6.466232e-02,6.193830e-03,5.607746e-03,9.734512e-04,1.389651e-01,2.148574e-01,7.177747e-03,5.794100e-02,1.552896e-01,2.570540e-01,2.771324e-02,3.131330e-02
3.672642e-02,9.830859e-03,2.620568e-03,4.920049e-02,7.187576e-03,6.750936e-03,1.424502e-03,9.770643e-02,1.865658e-01,1.824269e-02,5.496931e-02,2.108402e-01,2.531551e-01,3.442188e-02,3.035718e-02
5.293594e-02,8.333655e-03,3.149587e-03,3.842583e-02,1.904391e-02,6.462336e-03,1.734643e-03,7.033316e-02,1.612564e-01,1.867176e-02,5.978443e-02,2.242700e-01,2.729222e-01,3.323520e-02,2.944112e-02
8.282663e-02,8.876619e-03,3.592123e-03,2.814953e-02,5.078983e-02,6.580473e-03,1.556819e-03,5.048195e-02,1.582876e-01,1.919402e-02,7.989389e-02,2.226815e-01,2.293831e-01,3.179354e-02,2.591250e-02
1.092361e-01,9.459140e-03,4.600086e-03,2.180370e-02,6.642556e-02,7.351017e-03,2.281642e-03,4.022785e-02,1.707465e-01,1.837983e-02,7.229792e-02,2.244964e-01,2.063660e-01,2.637814e-02,1.995018e-02
8.917730e-02,1.680127e-02,1.934606e-02,1.752413e-02,6.974599e-02,9.808473e-03,2.934178e-03,4.116245e-02,1.796392e-01,4.473155e-02,7.016548e-02,2.068121e-01,1.893474e-01,2.430782e-02,1.849671e-02
8.077089e-02,1.553280e-02,3.517235e-02,1.395304e-02,8.644710e-02,7.111479e-02,4.991113e-03,4.769944e-02,1.533351e-01,3.955900e-02,8.712424e-02,1.791241e-01,1.530667e-01,1.831105e-02,1.379828e-02
8.713837e-02,1.279042e-02,1.260080e-01,1.343598e-02,1.043312e-01,7.356840e-02,6.742544e-03,5.355498e-02,1.339519e-01,4.822003e-02,7.117528e-02,1.317651e-01,1.136445e-01,1.322621e-02,1.044705e-02
1.002705e-01,1.323429e-02,1.849557e-01,2.294546e-02,1.267079e-01,8.186287e-02,1.025565e-02,3.993104e-02,1.331005e-01,4.186092e-02,5.292630e-02,9.400142e-02,8.051225e-02,9.419191e-03,8.015968e-03
1.224998e-01,1.431533e-02,1.935108e-01,2.311801e-02,1.465413e-01,8.487042e-02,1.143285e-02,2.845997e-02,1.357855e-01,5.964044e-02,3.999754e-02,6.796819e-02,5.729889e-02,6.883349e-03,7.677538e-03
1.024742e-01,1.442445e-02,1.437362e-01,7.004908e-02,2.197657e-01,1.281193e-01,1.864848e-02,2.384389e-02,1.034847e-01,4.488388e-02,2.962069e-02,4.885868e-02,4.090182e-02,5.084194e-03,6.104631e-03
1.062712e-01,1.917927e-02,1.179589e-01,1.353852e-01,2.210613e-01,1.303760e-01,1.876833e-02,1.874916e-02,8.797417e-02,4.051408e-02,2.646329e-02,3.701929e-02,3.044666e-02,3.908472e-03,5.924704e-03
8.583532e-02,1.598854e-02,8.703931e-02,3.001255e-01,1.806316e-01,1.083762e-01,1.381855e-02,2.412887e-02,6.986164e-02,3.293510e-02,2.354638e-02,2.720730e-02,2.320819e-02,2.874836e-03,4.422629e-03
9.585125e-02,1.320395e-02,7.183813e-02,2.270130e-01,1.781096e-01,9.512845e-02,1.088083e-02,1.646758e-01,5.064692e-02,2.983527e-02,1.988668e-02,2.010098e-02,1.733666e-02,2.177852e-03,3.314613e-03
1.456603e-01,1.388930e-02,7.091500e-02,1.770702e-01,1.695469e-01,8.599558e-02,9.020612e-03,1.510544e-01,3.851135e-02,7.037920e-02,2.840731e-02,1.582189e-02,1.503840e-02,2.153814e-03,6.535717e-03
1.418127e-01,5.018901e-02,7.954367e-02,1.607516e-01,1.409315e-01,1.088399e-01,7.206187e-03,1.130000e-01,3.711352e-02,6.224095e-02,4.465330e-02,1.521354e-02,1.550741e-02,5.800861e-03,1.719583e-02
1.463418e-01,5.490945e-02,6.815949e-02,1.396627e-01,1.145011e-01,8.577126e-02,5.653455e-03,8.963554e-02,3.266824e-02,8.630417e-02,8.364815e-02,2.090373e-02,2.998490e-02,6.593476e-03,3.526257e-02
1.089970e-01,6.096469e-02,5.019353e-02,1.017341e-01,8.372138e-02,6.616561e-02,4.269932e-03,6.315034e-02,3.203294e-02,2.318847e-01,7.043254e-02,1.659547e-02,5.351974e-02,1.380923e-02,4.252887e-02
9.364920e-02,5.840567e-02,3.740677e-02,7.296823e-02,1.205592e-01,4.969506e-02,3.508788e-03,4.570395e-02,4.017562e-02,1.684276e-01,1.063153e-01,1.323574e-02,1.027480e-01,2.201147e-02,6.518951e-02
1.056461e-01,5.685670e-02,3.049847e-02,6.388335e-02,1.228942e-01,4.115864e-02,3.261924e-03,3.929126e-02,7.295541e-02,1.281117e-01,1.214920e-01,1.082939e-02,9.781317e-02,3.144626e-02,7.386141e-02
8.956472e-02,4.252138e-02,2.314412e-02,4.528053e-02,1.330234e-01,3.084299e-02,2.605494e-03,2.919262e-02,7.203847e-02,9.270383e-02,1.012934e-01,7.792865e-03,7.255966e-02,3.777260e-02,2.196640e-01
6.987236e-02,3.276480e-02,1.745800e-02,3.214913e-02,1.205795e-01,2.279085e-02,2.054327e-03,2.116824e-02,1.041933e-01,6.710533e-02,9.965824e-02,5.600614e-03,5.298933e-02,6.117563e-02,2.904404e-01
5.239899e-02,2.429268e-02,1.706387e-02,2.355511e-02,9.157703e-02,2.765434e-02,1.803657e-03,1.655917e-02,1.221514e-01,4.749628e-02,7.761934e-02,4.068897e-03,3.826090e-02,5.334727e-02,4.021510e-01
5.914880e-02,2.273611e-02,1.663822e-02,1.716350e-02,7.132075e-02,2.665653e-02,1.669150e-03,1.220940e-02,2.404838e-01,3.388467e-02,6.181386e-02,3.339721e-03,2.779216e-02,6.912948e-02,3.360138e-01
6.626786e-02,2.099584e-02,1.459074e-02,1.252679e-02,5.342477e-02,2.628396e-02,1.466790e-03,9.226250e-03,2.826388e-01,2.566563e-02,5.109025e-02,2.668684e-03,2.079701e-02,9.401673e-02,3.183399e-01
7.962899e-02,2.736296e-02,2.763188e-02,9.308268e-03,3.983435e-02,2.628810e-02,1.425097e-03,9.420039e-03,2.794543e-01,2.028844e-02,3.974866e-02,1.988518e-03,1.576789e-02,1.437901e-01,2.780623e-01
8.808993e-02,2.746875e-02,7.844723e-02,7.578551e-03,3.231605e-02,2.323962e-02,1.139794e-03,7.863415e-03,2.749895e-01,1.660747e-02,3.090626e-02,1.656869e-03,1.198273e-02,1.327984e-01,2.649153e-01
7.947922e-02,2.791256e-02,2.091668e-01,6.094624e-03,2.624021e-02,1.693761e-02,9.136526e-04,5.852190e-03,2.239847e-01,2.066414e-02,2.267564e-02,1.317433e-03,9.194333e-03,1.016250e-01,2.479419e-01
7.061268e-02,3.283108e-02,2.021939e-01,6.868646e-03,2.399520e-02,1.318592e-02,7.454447e-04,1.074598e-02,2.309162e-01,2.439416e-02,2.434673e-02,7.513508e-03,1.946373e-02,9.480060e-02,2.373861e-01
6.311401e-02,3.217182e-02,2.262466e-01,1.053131e-02,2.595536e-02,1.073303e-02,8.152270e-04,1.858282e-02,2.180525e-01,2.900036e-02,2.223379e-02,1.004707e-02,2.705385e-02,9.174588e-02,2.137164e-01
5.289732e-02,2.863089e-02,2.872826e-01,4.928759e-02,3.260132e-02,8.313959e-03,6.247677e-04,1.456876e-02,1.889589e-01,2.656868e-02,1.926640e-02,7.936014e-03,2.096165e-02,7.746792e-02,1.846331e-01
5.754213e-02,2.359736e-02,2.522697e-01,3.721222e-02,2.612259e-02,6.760225e-03,4.772990e-04,1.413179e-02,1.951395e-01,7.193606e-02,1.848110e-02,5.727609e-03,1.517632e-02,9.908287e-02,1.763431e-01
5.016587e-02,2.673272e-02,1.960689e-01,5.208677e-02,2.177118e-02,5.981538e-03,4.144947e-04,2.511805e-02,1.940119e-01,8.066021e-02,7.118149e-02,7.639823e-03,2.291499e-02,8.151895e-02,1.637331e-01
4.728247e-02,5.950176e-02,1.477970e-01,7.526191e-02,2.198312e-02,1.162813e-02,5.050452e-04,4.967158e-02,1.960306e-01,6.112871e-02,1.055340e-01,9.981936e-03,2.684293e-02,6.540436e-02,1.214465e-01
4.057031e-02,8.215509e-02,1.255188e-01,1.146428e-01,2.189289e-02,1.152636e-02,4.957005e-04,6.101733e-02,2.142732e-01,4.917141e-02,8.845980e-02,1.110572e-02,3.342208e-02,4.823125e-02,9.751729e-02
5.600259e-02,6.898239e-02,1.169136e-01,1.025240e-01,4.719700e-02,1.363961e-02,9.262685e-04,9.338284e-02,2.421521e-01,3.818089e-02,7.096283e-02,1.108991e-02,3.054830e-02,3.640227e-02,7.109541e-02
5.859171e-02,5.567106e-02,8.713162e-02,9.199288e-02,4.493307e-02,1.737013e-02,8.842935e-04,2.038898e-01,2.398107e-01,2.756141e-02,5.762641e-02,9.464883e-03,2.678802e-02,2.680646e-02,5.147754e-02
