1.000000e+00,0.000000e+00,0.000000e+00,0.000000e+00,0.000000e+00,0.000000e+00,0.000000e+00,0.000000e+00,0.000000e+00,0.000000e+00,0.000000e+00,0.000000e+00,0.000000e+00,0.000000e+00,0.000000e+00
1.000000e+00,0.000000e+00,0.000000e+00,0.000000e+00,0.000000e+00,0.000000e+00,0.000000e+00,0.000000e+00,0.000000e+00,0.000000e+00,0.000000e+00,0.000000e+00,0.000000e+00,0.000000e+00,0.000000e+00
1.000000e+00,0.000000e+00,0.000000e+00,0.000000e+00,0.000000e+00,0.000000e+00,0.000000e+00,0.000000e+00,0.000000e+00,0.000000e+00,0.000000e+00,0.000000e+00,0.000000e+00,0.000000e+00,0.000000e+00
1.000000e+00,0.000000e+00,0.000000e+00,0.000000e+00,0.000000e+00,0.000000e+00,0.000000e+00,0.000000e+00,0.000000e+00,0.000000e+00,0.000000e+00,0.000000e+00,0.000000e+00,0.000000e+00,0.000000e+00
1.000000e+00,0.000000e+00,0.000000e+00,0.000000e+00,0.000000e+00,0.000000e+00,0.000000e+00,0.000000e+00,0.000000e+00,0.000000e+00,0.000000e+00,0.000000e+00,0.000000e+00,0.000000e+00,0.000000e+00
1.000000e+00,0.000000e+00,0.000000e+00,0.000000e+00,0.000000e+00,0.000000e+00,0.000000e+00,0.000000e+00,0.000000e+00,0.000000e+00,0.000000e+00,0.000000e+00,0.000000e+00,0.000000e+00,0.000000e+00
1.000000e+00,0.000000e+00,0.000000e+00,0.000000e+00,0.000000e+00,0.000000e+00,0.000000e+00,0.000000e+00,0.000000e+00,0.000000e+00,0.000000e+00,0.000000e+00,0.000000e+00,0.000000e+00,0.000000e+00
1.000000e+00,0.000000e+00,0.000000e+00,0.000000e+00,0.000000e+00,0.000000e+00,0.000000e+00,0.000000e+00,0.000000e+00,0.000000e+00,0.000000e+00,0.000000e+00,0.000000e+00,0.000000e+00,0.000000e+00
1.000000e+00,0.000000e+00,0.000000e+00,0.000000e+00,0.000000e+00,0.000000e+00,0.000000e+00,0.000000e+00,0.000000e+00,0.000000e+00,0.000000e+00,0.000000e+00,0.000000e+00,0.000000e+00,0.000000e+00
1.000000e+00,0.000000e+00,0.000000e+00,0.000000e+00,0.000000e+00,0.000000e+00,0.000000e+00,0.000000e+00,0.000000e+00,0.000000e+00,0.000000e+00,0.000000e+00,0.000000e+00,0.000000e+00,0.000000e+00
1.000000e+00,0.000000e+00,0.000000e+00,0.000000e+00,0.000000e+00,0.000000e+00,0.000000e+00,0.000000e+00,0.000000e+00,0.000000e+00,0.000000e+00,0.000000e+00,0.000000e+00,0.000000e+00,0.000000e+00
1.000000e+00,0.000000e+00,0.000000e+00,0.000000e+00,0.000000e+00,0.000000e+00,0.000000e+00,0.000000e+00,0.000000e+00,0.000000e+00,0.000000e+00,0.000000e+00,0.000000e+00,0.000000e+00,0.000000e+00
1.000000e+00,0.000000e+00,0.000000e+00,0.000000e+00,0.000000e+00,0.000000e+00,0.000000e+00,0.000000e+00,0.000000e+00,0.000000e+00,0.000000e+00,0.000000e+00,0.000000e+00,0.000000e+00,0.000000e+00
1.000000e+00,0.000000e+00,0.000000e+00,0.000000e+00,0.000000e+00,0.000000e+00,0.000000e+00,0.000000e+00,0.000000e+00,0.000000e+00,0.000000e+00,0.000000e+00,0.000000e+00,0.000000e+00,0.000000e+00
1.000000e+00,0.000000e+00,0.000000e+00,0.000000e+00,0.000000e+00,0.000000e+00,0.000000e+00,0.000000e+00,0.000000e+00,0.000000e+00,0.000000e+00,0.000000e+00,0.000000e+00,0.000000e+00,0.000000e+00
1.000000e+00,0.000000e+00,0.000000e+00,0.000000e+00,0.000000e+00,0.000000e+00,0.000000e+00,0.000000e+00,0.000000e+00,0.000000e+00,0.000000e+00,0.000000e+00,0.000000e+00,0.000000e+00,0.000000e+00
1.000000e+00,0.000000e+00,0.000000e+00,0.000000e+00,0.000000e+00,0.000000e+00,0.000000e+00,0.000000e+00,0.000000e+00,0.000000e+00,0.000000e+00,0.000000e+00,0.000000e+00,0.000000e+00,0.000000e+00
1.000000e+00,0.000000e+00,0.000000e+00,0.000000e+00,0.000000e+00,0.000000e+00,0.000000e+00,0.000000e+00,0.000000e+00,0.000000e+00,0.000000e+00,0.000000e+00,0.000000e+00,0.000000e+00,0.000000e+00
1.000000e+00,0.000000e+00,0.000000e+00,0.000000e+00,0.000000e+00,0.000000e+00,0.000000e+00,0.000000e+00,0.000000e+00,0.000000e+00,0.000000e+00,0.000000e+00,0.000000e+00,0.000000e+00,0.000000e+00
1.000000e+00,0.000000e+00,0.000000e+00,0.000000e+00,0.000000e+00,0.000000e+00,0.000000e+00,0.000000e+00,0.000000e+00,0.000000e+00,0.000000e+00,0.000000e+00,0.000000e+00,0.000000e+00,0.000000e+00
1.000000e+00,0.000000e+00,0.000000e+00,0.000000e+00,0.000000e+00,0.000000e+00,0.000000e+00,0.000000e+00,0.000000e+00,0.000000e+00,0.000000e+00,0.000000e+00,0.000000e+00,0.000000e+00,0.000000e+00
1.000000e+00,0.000000e+00,0.000000e+00,0.000000e+00,0.000000e+00,0.000000e+00,0.000000e+00,0.000000e+00,0.000000e+00,0.000000e+00,0.000000e+00,0.000000e+00,0.000000e+00,0.000000e+00,0.000000e+00
1.000000e+00,0.000000e+00,0.000000e+00,0.000000e+00,0.000000e+00,0.000000e+00,0.000000e+00,0.000000e+00,0.000000e+00,0.000000e+00,0.000000e+00,0.000000e+00,0.000000e+00,0.000000e+00,0.000000e+00
1.000000e+00,0.000000e+00,0.000000e+00,0.000000e+00,0.000000e+00,0.000000e+00,0.000000e+00,0.000000e+00,0.000000e+00,0.000000e+00,0.000000e+00,0.000000e+00,0.000000e+00,0.000000e+00,0.000000e+00
1.000000e+00,0.000000e+00,0.000000e+00,0.000000e+00,0.000000e+00,0.000000e+00,0.000000e+00,0.000000e+00,0.000000e+00,0.000000e+00,0.000000e+00,0.000000e+00,0.000000e+00,0.000000e+00,0.000000e+00
1.000000e+00,0.000000e+00,0.000000e+00,0.000000e+00,0.000000e+00,0.000000e+00,0.000000e+00,0.000000e+00,0.000000e+00,0.000000e+00,0.000000e+00,0.000000e+00,0.000000e+00,0.000000e+00,0.000000e+00
1.000000e+00,0.000000e+00,0.000000e+00,0.000000e+00,0.000000e+00,0.000000e+00,0.000000e+00,0.000000e+00,0.000000e+00,0.000000e+00,0.000000e+00,0.000000e+00,0.000000e+00,0.000000e+00,0.000000e+00
1.000000e+00,0.000000e+00,0.000000e+00,0.000000e+00,0.000000e+00,0.000000e+00,0.000000e+00,0.000000e+00,0.000000e+00,0.000000e+00,0.000000e+00,0.000000e+00,0.000000e+00,0.000000e+00,0.000000e+00
1.000000e+00,0.000000e+00,0.000000e+00,0.000000e+00,0.000000e+00,0.000000e+00,0.000000e+00,0.000000e+00,0.000000e+00,0.000000e+00,0.000000e+00,0.000000e+00,0.000000e+00,0.000000e+00,0.000000e+00
1.000000e+00,0.000000e+00,0.000000e+00,0.000000e+00,0.000000e+00,0.000000e+00,0.000000e+00,0.000000e+00,0.000000e+00,0.000000e+00,0.000000e+00,0.000000e+00,0.000000e+00,0.000000e+00,0.000000e+00
1.000000e+00,0.000000e+00,0.000000e+00,0.000000e+00,0.000000e+00,0.000000e+00,0.000000e+00,0.000000e+00,0.000000e+00,0.000000e+00,0.000000e+00,0.000000e+00,0.000000e+00,0.000000e+00,0.000000e+00
1.000000e+00,0.000000e+00,0.000000e+00,0.000000e+00,0.000000e+00,0.000000e+00,0.000000e+00,0.000000e+00,0.000000e+00,0.000000e+00,0.000000e+00,0.000000e+00,0.000000e+00,0.000000e+00,0.000000e+00
1.000000e+00,0.000000e+00,0.000000e+00,0.000000e+00,0.000000e+00,0.000000e+00,0.000000e+00,0.000000e+00,0.000000e+00,0.000000e+00,0.000000e+00,0.000000e+00,0.000000e+00,0.000000e+00,0.000000e+00
1.000000e+00,0.000000e+00,0.000000e+00,0.000000e+00,0.000000e+00,0.000000e+00,0.000000e+00,0.000000e+00,0.000000e+00,0.000000e+00,0.000000e+00,0.000000e+00,0.000000e+00,0.000000e+00,0.000000e+00
1.000000e+00,0.000000e+00,0.000000e+00,0.000000e+00,0.000000e+00,0.000000e+00,0.000000e+00,0.000000e+00,0.000000e+00,0.000000e+00,0.000000e+00,0.000000e+00,0.000000e+00,0.000000e+00,0.000000e+00
1.000000e+00,0.000000e+00,0.000000e+00,0.000000e+00,0.000000e+00,0.000000e+00,0.000000e+00,0.000000e+00,0.000000e+00,0.000000e+00,0.000000e+00,0.000000e+00,0.000000e+00,0.000000e+00,0.000000e+00
1.000000e+00,0.000000e+00,0.000000e+00,0.000000e+00,0.000000e+00,0.000000e+00,0.000000e+00,0.000000e+00,0.000000e+00,0.000000e+00,0.000000e+00,0.000000e+00,0.000000e+00,0.000000e+00,0.000000e+00
4.220783e-01,7.787207e-02,3.475614e-02,1.390174e-01,1.420663e-02,2.784117e-02,7.297874e-03,2.050844e-02,3.164443e-02,6.195202e-03,2.877260e-02,3.664595e-02,2.899480e-02,1.663515e-02,1.075338e-01
4.256117e-01,8.269155e-02,3.193083e-02,1.326811e-01,1.448239e-02,2.481266e-02,6.493105e-03,1.858127e-02,3.320013e-02,6.165505e-03,2.906851e-02,3.393884e-02,2.856032e-02,1.908416e-02,1.126980e-01
3.719696e-01,1.048583e-01,5.097533e-02,1.684031e-01,1.442648e-02,2.239471e-02,6.193948e-03,1.914070e-02,3.432719e-02,5.345610e-03,3.121098e-02,3.071334e-02,2.466260e-02,1.636698e-02,9.901115e-02
3.564025e-01,9.616048e-02,7.327470e-02,1.787442e-01,1.855899e-02,2.111114e-02,5.878813e-03,1.991785e-02,3.191213e-02,4.690076e-03,3.651744e-02,3.420006e-02,2.416860e-02,1.426075e-02,8.420232e-02
4.530822e-01,7.813707e-02,5.811485e-02,1.444472e-01,1.900252e-02,2.056516e-02,5.758406e-03,1.662161e-02,2.661530e-02,4.098237e-03,3.342316e-02,3.318176e-02,2.448788e-02,1.218893e-02,7.027572e-02
1.000000e+00,0.000000e+00,0.000000e+00,0.000000e+00,0.000000e+00,0.000000e+00,0.000000e+00,0.000000e+00,0.000000e+00,0.000000e+00,0.000000e+00,0.000000e+00,0.000000e+00,0.000000e+00,0.000000e+00
1.000000e+00,0.000000e+00,0.000000e+00,0.000000e+00,0.000000e+00,0.000000e+00,0.000000e+00,0.000000e+00,0.000000e+00,0.000000e+00,0.000000e+00,0.000000e+00,0.000000e+00,0.000000e+00,0.000000e+00
1.000000e+00,0.000000e+00,0.000000e+00,0.000000e+00,0.000000e+00,0.000000e+00,0.000000e+00,0.000000e+00,0.000000e+00,0.000000e+00,0.000000e+00,0.000000e+00,0.000000e+00,0.000000e+00,0.000000e+00
1.000000e+00,0.000000e+00,0.000000e+00,0.000000e+00,0.000000e+00,0.000000e+00,0.000000e+00,0.000000e+00,0.000000e+00,0.000000e+00,0.000000e+00,0.000000e+00,0.000000e+00,0.000000e+00,0.000000e+00
1.000000e+00,0.000000e+00,0.000000e+00,0.000000e+00,0.000000e+00,0.000000e+00,0.000000e+00,0.000000e+00,0.000000e+00,0.000000e+00,0.000000e+00,0.000000e+00,0.000000e+00,0.000000e+00,0.000000e+00
1.000000e+00,0.000000e+00,0.000000e+00,0.000000e+00,0.000000e+00,0.000000e+00,0.000000e+00,0.000000e+00,0.000000e+00,0.000000e+00,0.000000e+00,0.000000e+00,0.000000e+00,0.000000e+00,0.000000e+00
1.000000e+00,0.000000e+00,0.000000e+00,0.000000e+00,0.000000e+00,0.000000e+00,0.000000e+00,0.000000e+00,0.000000e+00,0.000000e+00,0.000000e+00,0.000000e+00,0.000000e+00,0.000000e+00,0.000000e+00
1.000000e+00,0.000000e+00,0.000000e+00,0.000000e+00,0.000000e+00,0.000000e+00,0.000000e+00,0.000000e+00,0.000000e+00,0.000000e+00,0.000000e+00,0.000000e+00,0.000000e+00,0.000000e+00,0.000000e+00
1.000000e+00,0.000000e+00,0.000000e+00,0.000000e+00,0.000000e+00,0.000000e+00,0.000000e+00,0.000000e+00,0.000000e+00,0.000000e+00,0.000000e+00,0.000000e+00,0.000000e+00,0.000000e+00,0.000000e+00
1.000000e+00,0.000000e+00,0.000000e+00,0.000000e+00,0.000000e+00,0.000000e+00,0.000000e+00,0.000000e+00,0.000000e+00,0.000000e+00,0.000000e+00,0.000000e+00,0.000000e+00,0.000000e+00,0.000000e+00
1.000000e+00,0.000000e+00,0.000000e+00,0.000000e+00,0.000000e+00,0.000000e+00,0.000000e+00,0.000000e+00,0.000000e+00,0.000000e+00,0.000000e+00,0.000000e+00,0.000000e+00,0.000000e+00,0.000000e+00
1.000000e+00,0.000000e+00,0.000000e+00,0.000000e+00,0.000000e+00,0.000000e+00,0.000000e+00,0.000000e+00,0.000000e+00,0.000000e+00,0.000000e+00,0.000000e+00,0.000000e+00,0.000000e+00,0.000000e+00
1.000000e+00,0.000000e+00,0.000000e+00,0.000000e+00,0.000000e+00,0.000000e+00,0.000000e+00,0.000000e+00,0.000000e+00,0.000000e+00,0.000000e+00,0.000000e+00,0.000000e+00,0.000000e+00,0.000000e+00
1.000000e+00,0.000000e+00,0.000000e+00,0.000000e+00,0.000000e+00,0.000000e+00,0.000000e+00,0.000000e+00,0.000000e+00,0.000000e+00,0.000000e+00,0.000000e+00,0.000000e+00,0.000000e+00,0.000000e+00
1.000000e+00,0.000000e+00,0.000000e+00,0.000000e+00,0.000000e+00,0.000000e+00,0.000000e+00,0.000000e+00,0.000000e+00,0.000000e+00,0.000000e+00,0.000000e+00,0.000000e+00,0.000000e+00,0.000000e+00
1.000000e+00,0.000000e+00,0.000000e+00,0.000000e+00,0.000000e+00,0.000000e+00,0.000000e+00,0.000000e+00,0.000000e+00,0.000000e+00,0.000000e+00,0.000000e+00,0.000000e+00,0.000000e+00,0.000000e+00
1.000000e+00,0.000000e+00,0.000000e+00,0.000000e+00,0.000000e+00,0.000000e+00,0.000000e+00,0.000000e+00,0.000000e+00,0.000000e+00,0.000000e+00,0.000000e+00,0.000000e+00,0.000000e+00,0.000000e+00
4.820148e-01,5.638347e-03,9.019520e-03,1.615778e-02,3.291854e-03,1.892221e-02,6.798789e-03,4.175200e-01,2.038589e-03,7.769885e-04,4.476392e-03,1.445921e-02,1.153868e-02,1.395460e-03,5.951298e-03
1.000000e+00,0.000000e+00,0.000000e+00,0.000000e+00,0.000000e+00,0.000000e+00,0.000000e+00,0.000000e+00,0.000000e+00,0.000000e+00,0.000000e+00,0.000000e+00,0.000000e+00,0.000000e+00,0.000000e+00
1.000000e+00,0.000000e+00,0.000000e+00,0.000000e+00,0.000000e+00,0.000000e+00,0.000000e+00,0.000000e+00,0.000000e+00,0.000000e+00,0.000000e+00,0.000000e+00,0.000000e+00,0.000000e+00,0.000000e+00
4.411196e-01,2.752070e-03,5.573636e-03,7.935942e-03,4.650732e-03,1.151532e-02,5.813577e-03,4.931857e-01,1.084876e-03,9.325852e-04,2.572975e-03,1.075518e-02,7.539359e-03,7.824990e-04,3.785889e-03
3.987713e-01,2.128930e-03,4.980665e-03,6.003069e-03,4.216900e-03,1.024020e-02,5.932930e-03,5.437133e-01,8.496589e-04,8.179922e-04,2.050190e-03,9.714011e-03,6.713067e-03,6.961672e-04,3.171652e-03
3.570679e-01,1.596972e-03,4.174998e-03,4.474696e-03,4.048155e-03,8.593475e-03,5.489743e-03,5.945078e-01,7.189714e-04,7.016879e-04,1.577886e-03,8.327845e-03,5.605942e-03,5.546949e-04,2.559287e-03
3.382603e-01,1.246023e-03,4.133157e-03,3.706917e-03,3.696820e-03,8.407006e-03,5.612879e-03,6.152706e-01,6.020647e-04,6.655724e-04,1.336967e-03,8.615319e-03,5.656666e-03,5.138607e-04,2.275855e-03
3.296826e-01,1.073975e-03,3.866375e-03,3.299905e-03,3.620488e-03,9.180069e-03,5.355789e-03,6.209726e-01,5.272393e-04,7.252219e-04,1.461791e-03,1.076463e-02,6.573750e-03,5.484400e-04,2.347135e-03
3.300042e-01,1.072264e-03,3.154540e-03,2.840213e-03,3.893982e-03,7.824794e-03,5.061924e-03,5.850762e-01,1.005278e-03,7.217976e-04,3.383419e-03,1.508677e-02,3.774972e-02,9.924321e-04,2.132553e-03
2.337842e-01,8.184419e-04,2.417524e-03,2.496965e-03,3.148322e-03,6.167805e-03,6.393692e-03,4.987611e-01,8.863561e-04,9.563464e-04,4.690974e-03,1.299844e-01,1.019147e-01,5.865701e-03,1.713532e-03
1.643223e-01,6.371574e-04,1.724327e-03,1.981007e-03,2.551995e-03,4.625412e-03,5.053196e-03,3.577183e-01,2.009662e-03,9.633600e-04,9.875442e-03,3.337088e-01,1.053596e-01,8.104426e-03,1.365088e-03
1.161807e-01,5.069587e-04,1.271306e-03,1.600188e-03,1.856210e-03,3.636855e-03,4.410805e-03,2.536478e-01,5.463153e-03,9.154052e-04,2.732696e-02,4.859235e-01,8.016740e-02,1.605544e-02,1.037361e-03
8.218609e-02,4.665562e-04,9.470061e-04,1.220807e-03,1.375911e-03,2.698234e-03,3.306696e-03,1.786311e-01,6.986551e-03,1.071275e-03,3.664500e-02,5.986257e-01,5.958026e-02,2.549252e-02,7.663874e-04
5.762823e-02,4.385030e-04,6.965493e-04,8.731519e-04,1.075098e-03,1.913736e-03,2.331376e-03,1.251246e-01,5.890508e-03,1.001116e-03,3.945625e-02,6.976926e-01,4.297931e-02,2.234033e-02,5.585533e-04
4.041341e-02,3.486626e-04,5.149079e-04,6.292745e-04,8.500692e-04,1.346989e-03,1.652811e-03,8.774122e-02,5.201689e-03,8.922446e-04,3.352815e-02,7.772747e-01,3.122974e-02,1.797424e-02,4.019091e-04
2.830531e-02,2.767659e-04,3.821409e-04,4.732125e-04,7.336974e-04,9.541573e-04,1.167094e-03,6.153236e-02,5.674726e-03,7.353584e-04,2.908804e-02,8.270983e-01,2.370703e-02,1.957470e-02,2.972637e-04
1.992825e-02,2.219693e-04,3.528017e-04,7.386836e-04,1.126272e-03,9.293811e-04,8.676810e-04,4.325483e-02,2.501419e-02,1.220148e-03,6.991373e-02,7.915349e-01,1.898704e-02,2.555463e-02,3.555686e-04
1.395398e-02,1.765032e-04,2.600525e-04,5.272623e-04,8.272885e-04,6.556787e-04,6.079305e-04,3.028930e-02,3.512298e-02,9.018653e-04,4.986491e-02,8.327107e-01,1.392962e-02,1.991457e-02,2.573965e-04
9.785648e-03,1.297673e-04,1.873706e-04,3.873403e-04,6.028832e-04,4.960230e-04,4.260504e-04,2.121117e-02,7.938132e-02,7.279077e-04,3.740155e-02,8.169146e-01,1.020697e-02,2.195356e-02,1.878935e-04
6.858191e-03,9.990021e-05,1.360942e-04,2.843182e-04,4.334004e-04,3.678327e-04,2.983266e-04,1.485034e-02,1.224037e-01,5.475673e-04,2.911107e-02,7.958092e-01,7.533000e-03,2.112995e-02,1.371171e-04
4.873889e-03,1.486274e-04,1.548014e-04,4.153732e-04,3.389970e-04,6.488967e-04,2.095477e-04,1.042197e-02,2.632761e-01,5.596816e-04,4.355543e-02,6.458656e-01,5.700741e-03,2.371841e-02,1.119356e-04
3.437286e-03,2.574095e-04,6.481147e-04,4.402852e-04,3.357833e-04,7.758262e-04,1.475589e-04,7.309918e-03,4.725967e-01,4.859463e-04,3.677777e-02,4.552498e-01,4.037490e-03,1.737401e-02,1.261883e-04
2.462483e-03,2.857014e-04,1.028164e-03,5.312202e-04,3.816924e-04,8.449145e-04,1.058530e-04,5.151370e-03,6.194514e-01,5.343826e-04,3.383056e-02,3.193105e-01,2.858740e-03,1.306668e-02,1.563689e-04
2.575173e-03,7.044466e-04,1.082241e-02,1.440464e-03,1.042950e-03,9.998086e-03,2.121120e-04,4.747407e-03,6.922178e-01,9.921852e-04,3.267295e-02,2.241165e-01,2.527852e-03,1.493902e-02,9.906109e-04
3.542935e-03,6.275650e-04,8.600784e-03,1.569778e-03,9.921858e-04,1.139137e-02,1.708440e-04,3.761368e-03,7.684752e-01,9.356416e-04,2.706846e-02,1.569698e-01,1.865980e-03,1.275833e-02,1.269790e-03
8.632408e-03,5.253276e-04,1.086453e-02,3.797230e-03,1.546201e-03,1.087671e-02,1.440775e-04,4.836270e-03,8.134602e-01,8.476371e-04,2.074618e-02,1.099162e-01,1.376684e-03,1.110450e-02,1.325928e-03
1.896949e-02,5.511135e-04,1.565608e-02,8.062028e-03,2.133363e-03,1.622831e-02,1.457045e-04,7.535002e-03,8.202064e-01,8.249726e-04,1.649171e-02,7.699507e-02,1.066092e-03,1.351744e-02,1.617207e-03
3.131093e-02,7.389048e-04,6.039879e-02,2.243267e-02,3.819157e-03,1.863864e-02,2.288066e-04,1.717614e-02,7.630200e-01,1.022995e-03,1.261719e-02,5.395280e-02,8.092775e-04,1.193488e-02,1.898850e-03
4.004907e-02,7.805257e-04,6.517993e-02,2.083369e-02,6.005275e-03,1.443226e-02,2.856131e-04,1.467418e-02,7.642872e-01,9.342251e-04,2.031371e-02,3.792654e-02,6.441289e-04,1.175357e-02,1.900169e-03
4.671850e-02,9.456965e-04,8.418151e-02,2.903318e-02,6.213428e-03,1.369128e-02,3.210134e-04,1.563132e-02,7.461189e-01,8.539960e-04,1.727473e-02,2.669792e-02,5.153344e-04,1.016457e-02,1.638688e-03
6.112132e-02,2.751333e-03,8.729244e-02,6.401720e-02,6.877447e-03,1.293342e-02,4.085539e-04,2.136942e-02,6.750136e-01,1.052651e-03,3.352396e-02,1.890790e-02,6.220951e-04,1.210457e-02,2.004076e-03
6.882780e-02,2.727730e-03,8.125037e-02,7.415051e-02,7.118470e-03,1.062892e-02,4.170907e-04,1.998071e-02,6.270192e-01,9.089548e-04,6.553628e-02,1.367052e-02,6.188161e-04,2.519545e-02,1.949174e-03
8.464929e-02,4.653828e-03,9.181900e-02,9.367736e-02,1.105926e-02,1.013092e-02,5.718987e-04,2.883182e-02,5.301664e-01,1.111881e-03,6.845186e-02,1.001348e-02,7.771537e-04,6.058020e-02,3.505618e-03
1.079589e-01,6.215152e-03,9.422012e-02,7.496897e-02,1.735395e-02,1.137613e-02,1.439552e-03,3.773759e-02,4.576883e-01,1.246440e-03,8.051520e-02,7.841815e-03,1.304037e-03,9.548706e-02,4.646712e-03
1.223790e-01,7.317299e-03,1.654571e-01,6.892961e-02,1.712721e-02,1.399438e-02,2.239681e-03,5.990721e-02,3.538660e-01,1.133979e-03,6.942108e-02,6.272778e-03,1.640411e-03,1.048189e-01,5.495271e-03
1.463833e-01,1.017452e-02,2.138337e-01,5.777615e-02,1.490759e-02,1.677258e-02,3.045953e-03,1.102601e-01,2.683910e-01,1.059255e-03,5.390226e-02,5.445558e-03,1.972599e-03,8.882074e-02,7.254750e-03
2.179368e-01,9.150078e-03,1.975857e-01,4.526593e-02,1.167100e-02,1.578368e-02,2.965481e-03,1.550232e-01,2.153228e-01,1.496700e-03,3.954266e-02,6.015909e-03,2.747108e-03,7.000466e-02,9.488349e-03
3.198544e-01,8.389540e-03,1.621226e-01,4.352020e-02,1.058251e-02,1.403881e-02,2.518400e-03,1.486461e-01,1.720918e-01,4.662783e-03,3.246096e-02,1.322216e-02,4.875859e-03,5.313959e-02,9.874376e-03
2.978676e-01,8.885712e-03,1.204825e-01,4.518842e-02,8.423694e-03,1.112407e-02,1.927805e-03,1.142378e-01,1.269915e-01,1.028975e-02,7.260611e-02,1.064285e-01,1.952374e-02,4.456552e-02,1.145737e-02
2.973286e-01,7.936212e-03,8.838139e-02,4.326009e-02,7.707999e-03,8.835065e-03,1.510844e-03,8.287553e-02,9.383410e-02,2.655430e-02,9.596837e-02,1.607784e-01,3.503941e-02,3.749073e-02,1.249895e-02
2.167606e-01,5.966601e-03,6.206958e-02,3.281662e-02,6.584259e-03,6.987575e-03,1.120418e-03,5.937775e-02,6.855135e-02,2.752047e-02,1.078620e-01,3.133932e-01,5.286945e-02,2.837737e-02,9.742810e-03
1.539225e-01,5.463195e-03,4.368040e-02,2.436142e-02,5.532642e-03,7.978598e-03,1.229481e-03,4.208544e-02,5.659966e-02,2.179732e-02,2.883378e-01,2.585339e-01,6.172077e-02,2.076760e-02,7.989329e-03
1.090873e-01,6.857992e-03,3.084178e-02,1.876215e-02,1.460597e-02,1.283969e-02,2.296039e-03,3.073937e-02,1.103215e-01,1.744472e-02,3.027154e-01,2.303303e-01,8.777934e-02,1.563203e-02,9.746443e-03
7.672259e-02,1.582530e-02,2.247278e-02,1.333897e-02,1.273884e-02,1.483278e-02,2.209313e-03,2.190827e-02,1.092806e-01,1.427449e-02,2.347677e-01,3.110392e-01,1.302931e-01,1.193716e-02,8.358935e-03
5.390090e-02,1.372184e-02,1.601766e-02,9.575983e-03,9.861941e-03,3.409382e-02,1.732033e-03,1.562956e-02,8.964054e-02,1.112287e-02,1.859635e-01,3.658064e-01,1.744716e-01,1.175446e-02,6.706836e-03
3.786002e-02,1.048435e-02,1.128079e-02,6.849340e-03,7.278279e-03,9.367937e-02,1.277872e-03,1.120789e-02,6.741168e-02,8.037090e-03,1.401779e-01,4.361054e-01,1.531381e-01,1.034349e-02,4.868477e-03
2.659345e-02,9.319032e-03,8.018734e-03,4.859424e-03,6.694502e-03,1.890645e-01,9.698740e-04,8.206287e-03,5.970392e-02,5.773466e-03,1.054613e-01,4.246979e-01,1.391813e-01,7.978929e-03,3.477287e-03
1.867196e-02,7.181789e-03,5.737248e-03,3.442487e-03,5.127059e-03,1.631904e-01,7.892083e-04,5.961937e-03,4.532376e-02,4.217594e-03,7.740311e-02,5.337005e-01,1.201118e-01,6.611433e-03,2.529701e-03
1.332150e-02,5.825656e-03,4.388200e-03,2.463177e-03,6.067127e-03,1.207782e-01,7.913128e-04,5.464667e-03,3.832574e-02,3.065529e-03,5.685068e-02,6.432914e-01,9.255462e-02,4.982702e-03,1.829460e-03
9.488652e-03,4.219844e-03,3.263277e-03,1.841616e-03,5.230458e-03,8.800416e-02,6.057433e-04,4.658358e-03,2.887605e-02,2.236897e-03,4.486314e-02,7.279454e-01,7.334742e-02,4.059407e-03,1.359597e-03
8.136128e-03,3.167478e-03,2.873425e-03,1.457377e-03,9.502566e-03,8.042881e-02,6.153772e-04,3.618016e-03,2.081729e-02,1.757911e-03,4.659787e-02,7.067659e-01,1.101098e-01,3.088259e-03,1.063752e-03
8.515025e-03,2.331500e-03,2.119795e-03,1.357062e-03,1.024834e-02,5.903094e-02,5.330488e-04,2.901668e-03,1.496993e-02,1.347507e-03,3.713449e-02,7.424349e-01,1.137991e-01,2.357455e-03,9.192211e-04
8.062775e-03,1.772290e-03,1.642507e-03,1.104483e-03,1.213902e-02,4.933691e-02,5.677144e-04,2.314365e-03,1.099589e-02,1.246654e-03,3.334236e-02,7.557802e-01,1.190566e-01,1.859141e-03,7.791385e-04
9.706321e-03,1.495677e-03,1.329147e-03,9.623707e-04,1.049131e-02,3.719213e-02,6.488194e-04,2.047655e-03,8.661496e-03,1.088405e-03,3.000321e-02,7.214011e-01,1.728464e-01,1.497253e-03,6.287532e-04
2.136641e-02,1.821336e-03,1.572389e-03,1.896207e-03,9.260619e-02,3.915307e-02,6.278067e-03,3.045013e-03,1.595432e-02,1.274935e-03,3.465236e-02,5.993049e-01,1.791259e-01,1.382589e-03,5.664023e-04
3.381380e-02,2.517577e-03,2.378011e-03,2.326960e-03,1.817000e-01,8.869704e-02,1.311420e-02,2.927896e-03,1.265576e-02,9.720031e-04,2.746677e-02,4.895190e-01,1.400316e-01,1.362848e-03,5.165761e-04
5.242550e-02,3.937415e-03,1.175775e-02,3.465874e-02,2.603998e-01,1.146451e-01,1.897830e-02,5.162334e-03,1.301831e-02,8.498778e-04,2.009622e-02,3.610927e-01,1.011311e-01,1.017631e-03,8.292276e-04
8.682005e-02,4.425462e-03,2.657513e-02,6.764453e-02,2.890036e-01,1.237027e-01,1.948277e-02,1.168463e-02,1.276404e-02,9.506179e-04,1.481213e-02,2.651278e-01,7.409561e-02,8.653002e-04,2.045627e-03
1.516076e-01,5.757341e-03,2.313310e-02,5.658598e-02,3.228073e-01,1.024243e-01,1.981569e-02,9.824110e-03,1.922868e-02,8.624064e-04,1.533356e-02,1.952934e-01,7.210501e-02,1.245150e-03,3.976368e-03
1.627898e-01,8.176545e-03,1.933870e-02,5.958239e-02,3.359727e-01,9.333834e-02,2.437146e-02,1.136052e-02,2.647026e-02,1.225828e-03,1.557088e-02,1.466366e-01,8.715960e-02,1.348213e-03,6.658280e-03
1.797531e-01,1.541523e-02,1.757250e-02,4.945703e-02,3.063404e-01,9.244704e-02,2.381597e-02,2.449159e-02,5.025294e-02,1.488902e-03,1.519188e-02,1.305803e-01,8.313576e-02,1.545736e-03,8.511646e-03
1.917960e-01,1.221557e-02,1.387990e-02,3.652888e-02,3.701398e-01,7.315913e-02,1.890752e-02,2.609292e-02,5.610418e-02,1.115160e-03,1.129031e-02,9.651798e-02,8.236273e-02,1.290428e-03,8.599547e-03
1.988881e-01,9.524031e-03,1.092980e-02,2.966826e-02,3.154915e-01,7.042659e-02,1.637996e-02,1.244760e-01,6.261452e-02,9.065544e-04,9.514308e-03,7.520828e-02,6.830899e-02,1.165670e-03,6.497422e-03
1.625005e-01,7.011198e-03,1.096354e-02,2.472322e-02,2.302027e-01,5.775402e-02,1.612576e-02,3.225750e-01,4.689422e-02,6.806205e-04,7.288073e-03,5.450879e-02,5.319616e-02,8.910403e-04,4.685191e-03
1.587932e-01,5.819189e-03,9.550020e-03,2.267822e-02,1.921057e-01,5.604026e-02,1.481820e-02,3.894078e-01,4.471178e-02,6.691065e-04,6.703212e-03,4.096900e-02,5.282172e-02,7.577200e-04,4.154850e-03
2.122713e-01,6.231135e-03,1.084588e-02,2.147295e-02,1.459826e-01,7.380485e-02,1.341085e-02,3.533396e-01,4.233431e-02,1.645318e-03,9.776518e-03,3.415456e-02,6.921333e-02,9.539291e-04,4.562832e-03
2.348669e-01,6.318861e-03,8.524259e-03,2.251887e-02,1.111487e-01,6.706152e-02,1.909869e-02,2.579306e-01,3.467152e-02,3.835278e-03,1.842183e-02,3.637639e-02,1.626013e-01,3.716476e-03,1.290877e-02
2.385739e-01,8.261255e-03,7.409609e-03,2.900770e-02,9.393796e-02,5.366593e-02,1.918436e-02,1.830597e-01,3.761131e-02,7.489853e-03,2.747515e-02,3.634392e-02,2.256211e-01,9.973027e-03,2.238505e-02
2.210048e-01,9.146175e-03,5.607403e-03,3.512969e-02,7.150476e-02,4.471217e-02,1.644479e-02,1.292395e-01,4.304390e-02,1.169199e-02,5.224746e-02,4.170988e-02,2.754615e-01,1.084449e-02,3.221145e-02
2.015570e-01,7.425402e-03,4.145580e-03,3.094728e-02,5.148550e-02,3.854360e-02,1.241293e-02,9.090546e-02,4.283309e-02,1.491579e-02,6.440650e-02,4.131471e-02,3.371328e-01,1.200860e-02,4.996581e-02
1.595086e-01,6.899833e-03,3.322013e-03,2.352346e-02,3.687999e-02,2.963596e-02,9.368449e-03,6.446856e-02,4.161381e-02,1.998438e-02,8.350149e-02,4.389827e-02,3.857252e-01,1.456365e-02,7.710633e-02
1.340614e-01,6.024412e-03,2.497285e-03,1.705100e-02,2.657882e-02,2.260324e-02,7.520454e-03,4.541357e-02,5.964395e-02,2.797248e-02,8.899032e-02,7.614350e-02,3.796848e-01,2.554051e-02,8.027419e-02
1.050598e-01,8.747209e-03,2.498682e-03,1.218848e-02,1.913857e-02,1.637946e-02,5.453194e-03,3.195791e-02,5.576922e-02,2.577696e-02,8.917782e-02,9.730200e-02,4.276451e-01,3.337158e-02,6.953388e-02
8.523573e-02,9.155607e-03,3.700783e-03,8.691968e-03,1.358093e-02,1.171193e-02,4.123073e-03,2.394996e-02,4.595361e-02,2.216849e-02,7.818402e-02,1.470768e-01,4.284082e-01,6.449734e-02,5.356152e-02
8.398713e-02,7.237338e-03,3.437042e-03,6.858473e-03,9.642988e-03,8.585352e-03,3.168469e-03,1.796769e-02,4.614416e-02,2.017803e-02,7.173415e-02,2.827317e-01,3.347690e-01,6.430237e-02,3.925622e-02
1.031522e-01,6.213399e-03,2.585210e-03,6.554463e-03,7.418534e-03,8.344151e-03,2.285191e-03,1.301085e-02,4.838469e-02,2.354243e-02,1.258449e-01,3.099581e-01,2.445859e-01,5.940053e-02,3.871939e-02
8.623493e-02,4.675925e-03,1.980708e-03,7.238294e-03,5.985931e-03,8.019952e-03,1.676150e-03,9.516858e-03,5.311488e-02,2.658581e-02,2.564363e-01,2.706964e-01,1.760523e-01,6.081583e-02,3.096976e-02
1.008406e-01,3.599897e-03,1.599385e-03,7.293780e-03,5.343212e-03,7.159895e-03,1.267200e-03,7.157817e-03,4.696239e-02,3.332618e-02,3.306913e-01,2.424022e-01,1.282275e-01,5.897506e-02,2.515360e-02
1.196923e-01,4.932495e-03,2.420478e-03,6.321798e-03,6.932798e-03,5.396391e-03,9.333455e-04,6.257388e-03,3.975208e-02,3.011991e-02,4.134837e-01,1.911504e-01,9.196682e-02,6.139662e-02,1.924353e-02
8.903778e-02,8.028986e-02,6.633610e-03,4.939473e-03,2.738017e-02,5.612206e-03,7.853933e-04,5.295747e-03,3.147665e-02,2.503970e-02,4.434571e-01,1.466003e-01,6.493707e-02,5.276217e-02,1.575295e-02
8.541588e-02,6.688577e-02,3.416355e-02,7.323416e-03,2.694994e-02,6.841536e-03,8.351500e-04,2.523421e-02,4.079390e-02,2.527240e-02,4.569861e-01,1.140222e-01,4.604354e-02,5.105967e-02,1.217277e-02
6.531473e-02,4.769836e-02,2.440013e-02,5.477234e-03,1.966959e-02,7.639817e-03,6.722814e-04,1.871774e-02,2.972232e-02,1.890736e-02,5.910006e-01,8.853734e-02,3.310182e-02,4.050824e-02,8.632557e-03
5.082889e-02,3.493421e-02,1.774644e-02,4.051547e-03,1.470790e-02,6.870374e-03,5.443639e-04,1.349573e-02,2.175381e-02,1.585874e-02,6.829018e-01,7.060618e-02,2.410263e-02,3.537755e-02,6.219872e-03
4.344037e-02,2.636704e-02,1.329536e-02,3.128347e-03,1.387091e-02,6.094706e-03,6.387492e-04,1.016239e-02,1.658846e-02,1.834587e-02,7.371044e-01,5.626437e-02,1.815500e-02,3.174787e-02,4.796181e-03
3.717572e-02,2.029546e-02,1.052019e-02,2.480708e-03,1.276009e-02,7.930850e-03,1.345974e-03,8.562108e-03,1.344362e-02,2.213643e-02,7.721816e-01,4.833335e-02,1.392624e-02,2.500866e-02,3.899069e-03
3.920549e-02,1.677335e-02,8.035803e-03,1.963214e-03,1.538346e-02,7.394083e-03,1.412709e-03,8.433132e-03,2.000216e-02,2.584464e-02,7.764459e-01,4.444001e-02,1.144947e-02,2.029862e-02,2.917944e-03
5.052440e-02,4.595745e-02,1.160479e-02,1.689690e-03,1.551793e-02,7.342940e-03,1.961519e-03,7.163113e-03,1.914091e-02,2.729767e-02,7.382228e-01,3.988395e-02,9.291672e-03,1.902210e-02,5.379107e-03
4.518361e-02,6.572245e-02,1.196910e-02,1.450241e-03,1.420220e-02,6.839070e-03,2.142498e-03,6.174470e-03,1.952199e-02,2.584692e-02,7.230452e-01,4.439956e-02,7.935138e-03,1.794402e-02,7.623583e-03
3.632365e-02,4.690660e-02,1.465312e-02,1.306708e-03,1.926596e-02,8.966693e-03,9.450373e-03,1.848069e-02,1.637836e-02,2.096134e-02,7.426836e-01,3.718979e-02,6.568024e-03,1.533699e-02,5.528104e-03
2.860826e-02,3.327132e-02,1.160975e-02,1.083115e-03,2.574723e-02,2.068417e-02,1.189983e-02,1.461270e-02,1.324588e-02,1.573104e-02,7.746956e-01,2.828920e-02,5.181094e-03,1.121272e-02,4.128089e-03
2.734771e-02,2.447077e-02,2.048369e-02,1.791335e-03,2.013777e-02,1.911285e-02,1.898257e-02,3.483272e-02,1.026837e-02,1.349801e-02,7.710298e-01,2.165293e-02,4.509701e-03,8.463277e-03,3.418445e-03
4.320184e-02,1.974446e-02,7.203890e-02,2.231012e-03,2.298764e-02,1.735374e-02,3.506190e-02,1.720525e-01,8.172467e-03,1.095928e-02,5.648252e-01,1.664402e-02,3.406221e-03,8.724735e-03,2.596170e-03
5.627033e-02,1.475658e-02,8.382151e-02,2.788907e-03,3.444827e-02,1.863902e-02,7.343333e-02,2.574017e-01,6.712698e-03,8.771047e-03,4.176614e-01,1.293345e-02,2.735564e-03,7.689462e-03,1.936677e-03
5.283386e-02,1.077095e-02,8.250935e-02,4.713323e-03,5.029214e-02,3.419875e-02,6.286678e-02,3.365887e-01,5.201812e-03,6.601518e-03,3.333190e-01,9.905528e-03,2.530178e-03,6.270932e-03,1.397169e-03
4.422883e-02,7.753951e-03,7.190683e-02,6.507332e-03,4.319238e-02,2.968260e-02,4.895502e-02,4.174990e-01,4.129567e-03,5.095267e-03,3.058886e-01,7.360057e-03,2.039943e-03,4.764757e-03,9.958084e-04
3.363435e-02,5.621928e-03,6.157622e-02,7.500470e-03,4.242165e-02,2.285247e-02,3.633342e-02,5.515780e-01,3.170789e-03,4.071362e-03,2.201001e-01,5.310214e-03,1.661608e-03,3.448679e-03,7.186782e-04
2.931797e-02,4.268836e-03,4.898181e-02,6.383749e-03,5.738245e-02,1.736701e-02,2.874668e-02,6.365186e-01,2.837454e-03,3.094257e-03,1.565249e-01,3.899900e-03,1.520067e-03,2.582350e-03,5.739440e-04
2.731798e-02,3.284073e-03,3.954664e-02,5.633019e-03,6.337625e-02,1.337342e-02,2.414606e-02,7.002116e-01,2.224427e-03,2.285647e-03,1.117239e-01,2.909768e-03,1.560050e-03,1.928654e-03,4.783545e-04
2.304526e-02,2.485081e-03,3.096936e-02,5.054845e-03,5.803637e-02,1.039895e-02,2.214089e-02,7.602872e-01,1.602655e-03,1.620804e-03,7.911053e-02,2.103393e-03,1.337951e-03,1.447249e-03,3.593600e-04
2.184928e-02,1.957243e-03,2.724919e-02,4.668431e-03,5.072808e-02,8.441309e-03,2.145330e-02,8.008724e-01,1.178353e-03,1.150441e-03,5.605723e-02,1.518810e-03,1.455669e-03,1.144437e-03,2.757208e-04
2.804023e-02,2.057251e-03,2.764203e-02,4.193397e-03,4.628440e-02,9.626755e-03,1.764454e-02,8.162926e-01,1.202636e-03,8.306858e-04,4.079805e-02,1.413003e-03,2.611094e-03,1.057834e-03,3.054070e-04
5.592387e-02,2.481022e-03,2.802915e-02,5.311454e-03,4.171017e-02,1.057784e-02,1.313832e-02,8.010964e-01,1.694422e-03,7.293105e-04,3.102219e-02,2.843639e-03,3.587899e-03,1.206391e-03,6.478556e-04
1.012424e-01,3.131185e-03,2.818942e-02,6.037930e-03,3.614061e-02,1.134907e-02,1.066739e-02,7.663992e-01,2.015085e-03,8.176762e-04,2.275559e-02,4.204830e-03,4.317010e-03,1.588917e-03,1.143627e-03
1.312999e-01,3.154855e-03,2.254334e-02,6.175530e-03,3.090580e-02,1.427003e-02,8.560227e-03,7.509761e-01,1.703784e-03,9.903898e-04,1.634230e-02,4.941346e-03,4.409798e-03,1.504320e-03,2.222153e-03
1.098010e-01,5.740631e-03,2.210830e-02,5.407619e-03,4.145236e-02,1.285232e-02,9.025630e-03,7.016119e-01,5.340746e-03,2.613441e-02,1.704277e-02,7.535877e-03,2.083983e-02,4.956580e-03,1.014994e-02
9.271909e-02,7.464088e-03,1.653167e-02,1.271484e-02,4.490514e-02,1.280441e-02,7.944544e-03,5.112055e-01,5.387359e-02,3.630367e-02,3.763840e-02,7.754219e-02,5.278011e-02,1.701701e-02,1.855569e-02
7.362396e-02,7.929199e-03,1.269651e-02,1.301754e-02,4.327234e-02,1.181840e-02,7.614897e-03,3.629812e-01,1.060523e-01,3.578500e-02,3.661011e-02,8.971110e-02,1.116426e-01,5.155292e-02,3.569189e-02
6.123931e-02,7.183077e-03,9.434171e-03,1.931678e-02,4.525799e-02,1.045051e-02,6.920503e-03,2.612531e-01,2.062410e-01,3.075783e-02,5.530044e-02,8.787353e-02,1.104562e-01,5.458689e-02,3.372864e-02
5.541915e-02,9.586371e-03,8.011516e-03,2.394306e-02,3.662082e-02,9.352108e-03,6.309312e-03,1.853701e-01,2.234979e-01,3.512469e-02,7.442079e-02,1.165722e-01,1.040535e-01,7.438795e-02,3.733050e-02
5.396426e-02,8.353069e-03,6.074871e-03,2.742442e-02,2.847146e-02,7.213701e-03,5.241289e-03,1.325080e-01,2.148022e-01,3.340713e-02,9.542403e-02,1.421238e-01,1.091948e-01,9.789155e-02,3.790532e-02
6.692700e-02,1.099132e-02,5.724807e-03,4.011386e-02,2.387980e-02,6.843123e-03,4.152321e-03,9.744754e-02,2.286999e-01,3.191747e-02,8.334732e-02,1.524919e-01,9.985567e-02,1.038320e-01,4.377601e-02
6.192527e-02,1.693880e-02,5.368290e-03,8.080474e-02,1.867876e-02,7.683045e-03,3.143537e-03,7.016062e-02,2.271284e-01,2.572698e-02,8.307857e-02,1.584451e-01,9.065036e-02,9.490687e-02,5.536065e-02
6.740935e-02,2.178096e-02,4.450127e-03,9.119277e-02,1.799913e-02,8.440880e-03,2.818228e-03,5.120204e-02,2.106891e-01,2.059343e-02,9.104940e-02,1.689747e-01,8.508112e-02,9.879674e-02,5.952206e-02
4.979136e-02,2.910253e-02,3.712838e-03,8.043453e-02,1.446255e-02,1.011688e-02,2.202867e-03,3.656015e-02,2.743129e-01,1.653846e-02,7.308941e-02,1.268099e-01,6.785316e-02,9.701957e-02,1.179929e-01
3.579725e-02,3.544553e-02,3.919042e-03,7.263939e-02,1.247294e-02,1.126635e-02,1.905007e-03,2.682547e-02,3.283247e-01,1.279065e-02,5.638985e-02,9.386761e-02,5.887622e-02,8.758669e-02,1.618933e-01
2.600862e-02,3.992843e-02,3.224118e-03,5.569438e-02,1.060495e-02,1.404781e-02,1.523254e-03,2.071725e-02,3.979292e-01,1.110422e-02,6.072454e-02,7.080068e-02,4.959756e-02,7.969445e-02,1.584006e-01
1.955775e-02,5.608191e-02,3.030171e-03,9.416352e-02,1.242856e-02,1.394313e-02,1.120570e-03,1.670983e-02,3.932213e-01,1.034299e-02,5.702773e-02,5.178700e-02,3.925533e-02,6.114481e-02,1.701854e-01
1.611027e-02,6.910153e-02,3.057805e-03,7.673682e-02,1.169957e-02,1.998121e-02,8.687808e-04,1.344521e-02,4.223006e-01,8.593545e-03,6.033111e-02,3.894422e-02,3.510277e-02,5.775224e-02,1.659743e-01
3.137617e-02,8.097553e-02,2.939608e-03,6.850494e-02,1.970644e-02,1.913396e-02,8.444746e-04,1.572529e-02,4.672247e-01,8.582294e-03,4.787085e-02,2.762718e-02,2.669422e-02,5.254499e-02,1.302493e-01
4.573073e-02,8.640712e-02,3.136365e-03,1.126732e-01,2.677974e-02,1.593061e-02,8.496605e-04,1.345376e-02,4.416916e-01,9.475622e-03,3.874735e-02,2.026160e-02,2.196530e-02,4.073235e-02,1.221649e-01
1.017409e-01,1.034950e-01,4.792515e-03,9.047918e-02,3.728198e-02,1.354660e-02,1.184489e-03,1.289682e-02,3.755948e-01,9.484839e-03,3.479269e-02,1.747145e-02,1.997315e-02,3.401555e-02,1.432500e-01
1.840364e-01,9.550211e-02,5.312810e-03,8.197764e-02,3.910344e-02,1.322688e-02,1.443266e-03,1.325209e-02,3.113225e-01,1.130173e-02,3.057862e-02,2.005846e-02,2.075442e-02,2.714672e-02,1.449829e-01
2.231573e-01,9.965048e-02,5.327445e-03,6.454744e-02,4.111994e-02,1.335635e-02,1.803746e-03,1.221629e-02,3.000848e-01,1.350127e-02,2.522401e-02,1.784419e-02,1.840914e-02,2.392302e-02,1.398345e-01
2.336111e-01,1.080021e-01,8.019840e-03,5.094825e-02,5.377404e-02,1.288663e-02,3.377041e-03,1.802900e-02,3.121329e-01,1.235206e-02,1.903459e-02,1.471535e-02,1.558318e-02,2.036081e-02,1.171732e-01
2.113229e-01,9.625775e-02,8.386781e-03,3.889628e-02,5.710468e-02,1.094885e-02,3.468407e-03,1.506340e-01,2.762687e-01,8.981099e-03,1.372165e-02,1.070403e-02,1.176438e-02,1.478437e-02,8.675610e-02
2.926446e-01,1.139561e-01,7.889545e-03,3.010989e-02,4.947714e-02,1.109424e-02,3.703491e-03,1.281892e-01,2.458600e-01,7.249754e-03,1.039024e-02,1.058130e-02,9.866829e-03,1.235453e-02,6.663311e-02
2.971476e-01,1.436615e-01,8.600229e-03,2.264277e-02,4.280781e-02,1.129615e-02,3.717491e-03,1.377259e-01,2.321650e-01,5.933233e-03,7.936401e-03,8.815086e-03,8.930301e-03,1.098936e-02,5.763121e-02
3.146557e-01,1.360095e-01,1.106414e-02,1.851641e-02,4.223618e-02,1.479535e-02,3.436153e-03,1.568973e-01,2.223053e-01,4.620732e-03,6.168868e-03,8.826910e-03,8.197474e-03,9.075637e-03,4.319439e-02
3.221191e-01,1.248714e-01,1.045179e-02,1.619741e-02,3.720212e-02,1.429601e-02,3.348629e-03,1.961422e-01,2.099521e-01,3.865386e-03,4.937561e-03,9.118147e-03,7.020130e-03,7.485668e-03,3.299231e-02
3.162692e-01,1.075417e-01,9.276940e-03,1.565695e-02,3.124115e-02,1.457534e-02,3.566643e-03,2.493045e-01,1.972092e-01,3.383578e-03,4.105492e-03,8.834507e-03,6.636416e-03,6.013251e-03,2.638510e-02
3.245490e-01,1.102508e-01,7.883145e-03,1.458631e-02,2.588709e-02,1.575165e-02,3.409463e-03,2.494981e-01,1.984484e-01,3.233671e-03,3.276331e-03,7.676307e-03,8.635353e-03,4.659603e-03,2.225485e-02
3.338243e-01,9.576753e-02,6.845625e-03,1.520869e-02,2.203875e-02,1.423762e-02,4.190253e-03,2.836842e-01,1.731736e-01,3.398470e-03,3.028768e-03,8.209858e-03,8.461644e-03,3.954710e-03,2.397597e-02
3.315448e-01,8.214442e-02,6.654114e-03,1.449981e-02,1.926289e-02,1.196603e-02,4.528056e-03,3.464741e-01,1.383564e-01,3.010586e-03,2.674317e-03,7.595947e-03,7.465997e-03,3.158560e-03,2.066403e-02
4.365787e-01,6.641927e-02,6.453394e-03,1.487689e-02,1.854563e-02,1.123855e-02,4.901540e-03,2.914435e-01,1.064132e-01,3.279061e-03,2.791132e-03,9.048654e-03,6.872047e-03,2.744737e-03,1.839373e-02
1.000000e+00,0.000000e+00,0.000000e+00,0.000000e+00,0.000000e+00,0.000000e+00,0.000000e+00,0.000000e+00,0.000000e+00,0.000000e+00,0.000000e+00,0.000000e+00,0.000000e+00,0.000000e+00,0.000000e+00
1.000000e+00,0.000000e+00,0.000000e+00,0.000000e+00,0.000000e+00,0.000000e+00,0.000000e+00,0.000000e+00,0.000000e+00,0.000000e+00,0.000000e+00,0.000000e+00,0.000000e+00,0.000000e+00,0.000000e+00
1.000000e+00,0.000000e+00,0.000000e+00,0.000000e+00,0.000000e+00,0.000000e+00,0.000000e+00,0.000000e+00,0.000000e+00,0.000000e+00,0.000000e+00,0.000000e+00,0.000000e+00,0.000000e+00,0.000000e+00
1.000000e+00,0.000000e+00,0.000000e+00,0.000000e+00,0.000000e+00,0.000000e+00,0.000000e+00,0.000000e+00,0.000000e+00,0.000000e+00,0.000000e+00,0.000000e+00,0.000000e+00,0.000000e+00,0.000000e+00
1.000000e+00,0.000000e+00,0.000000e+00,0.000000e+00,0.000000e+00,0.000000e+00,0.000000e+00,0.000000e+00,0.000000e+00,0.000000e+00,0.000000e+00,0.000000e+00,0.000000e+00,0.000000e+00,0.000000e+00
4.214477e-01,1.647912e-02,1.898358e-02,2.027977e-02,7.611329e-03,8.539213e-02,3.935136e-03,4.570539e-02,2.293227e-02,1.651635e-02,4.978020e-02,2.548610e-01,6.219573e-03,7.462390e-03,2.239407e-02
3.246757e-01,1.218985e-02,1.378518e-02,1.541803e-02,6.090606e-03,8.656305e-02,3.496401e-03,3.221268e-02,1.682458e-02,1.241283e-02,8.103384e-02,3.673009e-01,4.975010e-03,5.857689e-03,1.716368e-02
2.371963e-01,1.003213e-02,1.033066e-02,1.163246e-02,7.374919e-03,7.540195e-02,3.329523e-03,2.274236e-02,1.513348e-02,9.396522e-03,8.670054e-02,4.862081e-01,3.873323e-03,4.447822e-03,1.619985e-02
1.711198e-01,7.945327e-03,7.957958e-03,8.591297e-03,6.924114e-03,6.193099e-02,3.012508e-03,1.647112e-02,1.325303e-02,6.981950e-03,8.178736e-02,5.948429e-01,3.109728e-03,3.362382e-03,1.270948e-02
1.216723e-01,6.088192e-03,6.446809e-03,6.257419e-03,7.762304e-03,4.966021e-02,2.510583e-03,1.165234e-02,1.022664e-02,5.130866e-03,1.003220e-01,6.566980e-01,3.424204e-03,2.565343e-03,9.582775e-03
8.565945e-02,4.407396e-03,4.948955e-03,4.473789e-03,6.874980e-03,3.889904e-02,1.873797e-03,8.291366e-03,7.903385e-03,3.764303e-03,9.426114e-02,7.261152e-01,3.710348e-03,1.970974e-03,6.845837e-03
