1.000000e+00,0.000000e+00,0.000000e+00,0.000000e+00,0.000000e+00,0.000000e+00,0.000000e+00,0.000000e+00,0.000000e+00,0.000000e+00,0.000000e+00,0.000000e+00,0.000000e+00,0.000000e+00,0.000000e+00
1.000000e+00,0.000000e+00,0.000000e+00,0.000000e+00,0.000000e+00,0.000000e+00,0.000000e+00,0.000000e+00,0.000000e+00,0.000000e+00,0.000000e+00,0.000000e+00,0.000000e+00,0.000000e+00,0.000000e+00
1.000000e+00,0.000000e+00,0.000000e+00,0.000000e+00,0.000000e+00,0.000000e+00,0.000000e+00,0.000000e+00,0.000000e+00,0.000000e+00,0.000000e+00,0.000000e+00,0.000000e+00,0.000000e+00,0.000000e+00
1.000000e+00,0.000000e+00,0.000000e+00,0.000000e+00,0.000000e+00,0.000000e+00,0.000000e+00,0.000000e+00,0.000000e+00,0.000000e+00,0.000000e+00,0.000000e+00,0.000000e+00,0.000000e+00,0.000000e+00
1.000000e+00,0.000000e+00,0.000000e+00,0.000000e+00,0.000000e+00,0.000000e+00,0.000000e+00,0.000000e+00,0.000000e+00,0.000000e+00,0.000000e+00,0.000000e+00,0.000000e+00,0.000000e+00,0.000000e+00
1.000000e+00,0.000000e+00,0.000000e+00,0.000000e+00,0.000000e+00,0.000000e+00,0.000000e+00,0.000000e+00,0.000000e+00,0.000000e+00,0.000000e+00,0.000000e+00,0.000000e+00,0.000000e+00,0.000000e+00
1.000000e+00,0.000000e+00,0.000000e+00,0.000000e+00,0.000000e+00,0.000000e+00,0.000000e+00,0.000000e+00,0.000000e+00,0.000000e+00,0.000000e+00,0.000000e+00,0.000000e+00,0.000000e+00,0.000000e+00
1.000000e+00,0.000000e+00,0.000000e+00,0.000000e+00,0.000000e+00,0.000000e+00,0.000000e+00,0.000000e+00,0.000000e+00,0.000000e+00,0.000000e+00,0.000000e+00,0.000000e+00,0.000000e+00,0.000000e+00
1.000000e+00,0.000000e+00,0.000000e+00,0.000000e+00,0.000000e+00,0.000000e+00,0.000000e+00,0.000000e+00,0.000000e+00,0.000000e+00,0.000000e+00,0.000000e+00,0.000000e+00,0.000000e+00,0.000000e+00
1.000000e+00,0.000000e+00,0.000000e+00,0.000000e+00,0.000000e+00,0.000000e+00,0.000000e+00,0.000000e+00,0.000000e+00,0.000000e+00,0.000000e+00,0.000000e+00,0.000000e+00,0.000000e+00,0.000000e+00
1.000000e+00,0.000000e+00,0.000000e+00,0.000000e+00,0.000000e+00,0.000000e+00,0.000000e+00,0.000000e+00,0.000000e+00,0.000000e+00,0.000000e+00,0.000000e+00,0.000000e+00,0.000000e+00,0.000000e+00
1.000000e+00,0.000000e+00,0.000000e+00,0.000000e+00,0.000000e+00,0.000000e+00,0.000000e+00,0.000000e+00,0.000000e+00,0.000000e+00,0.000000e+00,0.000000e+00,0.000000e+00,0.000000e+00,0.000000e+00
1.000000e+00,0.000000e+00,0.000000e+00,0.000000e+00,0.000000e+00,0.000000e+00,0.000000e+00,0.000000e+00,0.000000e+00,0.000000e+00,0.000000e+00,0.000000e+00,0.000000e+00,0.000000e+00,0.000000e+00
1.000000e+00,0.000000e+00,0.000000e+00,0.000000e+00,0.000000e+00,0.000000e+00,0.000000e+00,0.000000e+00,0.000000e+00,0.000000e+00,0.000000e+00,0.000000e+00,0.000000e+00,0.000000e+00,0.000000e+00
1.000000e+00,0.000000e+00,0.000000e+00,0.000000e+00,0.000000e+00,0.000000e+00,0.000000e+00,0.000000e+00,0.000000e+00,0.000000e+00,0.000000e+00,0.000000e+00,0.000000e+00,0.000000e+00,0.000000e+00
1.000000e+00,0.000000e+00,0.000000e+00,0.000000e+00,0.000000e+00,0.000000e+00,0.000000e+00,0.000000e+00,0.000000e+00,0.000000e+00,0.000000e+00,0.000000e+00,0.000000e+00,0.000000e+00,0.000000e+00
1.000000e+00,0.000000e+00,0.000000e+00,0.000000e+00,0.000000e+00,0.000000e+00,0.000000e+00,0.000000e+00,0.000000e+00,0.000000e+00,0.000000e+00,0.000000e+00,0.000000e+00,0.000000e+00,0.000000e+00
1.000000e+00,0.000000e+00,0.000000e+00,0.000000e+00,0.000000e+00,0.000000e+00,0.000000e+00,0.000000e+00,0.000000e+00,0.000000e+00,0.000000e+00,0.000000e+00,0.000000e+00,0.000000e+00,0.000000e+00
1.000000e+00,0.000000e+00,0.000000e+00,0.000000e+00,0.000000e+00,0.000000e+00,0.000000e+00,0.000000e+00,0.000000e+00,0.000000e+00,0.000000e+00,0.000000e+00,0.000000e+00,0.000000e+00,0.000000e+00
1.000000e+00,0.000000e+00,0.000000e+00,0.000000e+00,0.000000e+00,0.000000e+00,0.000000e+00,0.000000e+00,0.000000e+00,0.000000e+00,0.000000e+00,0.000000e+00,0.000000e+00,0.000000e+00,0.000000e+00
1.000000e+00,0.000000e+00,0.000000e+00,0.000000e+00,0.000000e+00,0.000000e+00,0.000000e+00,0.000000e+00,0.000000e+00,0.000000e+00,0.000000e+00,0.000000e+00,0.000000e+00,0.000000e+00,0.000000e+00
1.000000e+00,0.000000e+00,0.000000e+00,0.000000e+00,0.000000e+00,0.000000e+00,0.000000e+00,0.000000e+00,0.000000e+00,0.000000e+00,0.000000e+00,0.000000e+00,0.000000e+00,0.000000e+00,0.000000e+00
1.000000e+00,0.000000e+00,0.000000e+00,0.000000e+00,0.000000e+00,0.000000e+00,0.000000e+00,0.000000e+00,0.000000e+00,0.000000e+00,0.000000e+00,0.000000e+00,0.000000e+00,0.000000e+00,0.000000e+00
1.000000e+00,0.000000e+00,0.000000e+00,0.000000e+00,0.000000e+00,0.000000e+00,0.000000e+00,0.000000e+00,0.000000e+00,0.000000e+00,0.000000e+00,0.000000e+00,0.000000e+00,0.000000e+00,0.000000e+00
1.000000e+00,0.000000e+00,0.000000e+00,0.000000e+00,0.000000e+00,0.000000e+00,0.000000e+00,0.000000e+00,0.000000e+00,0.000000e+00,0.000000e+00,0.000000e+00,0.000000e+00,0.000000e+00,0.000000e+00
1.000000e+00,0.000000e+00,0.000000e+00,0.000000e+00,0.000000e+00,0.000000e+00,0.000000e+00,0.000000e+00,0.000000e+00,0.000000e+00,0.000000e+00,0.000000e+00,0.000000e+00,0.000000e+00,0.000000e+00
1.000000e+00,0.000000e+00,0.000000e+00,0.000000e+00,0.000000e+00,0.000000e+00,0.000000e+00,0.000000e+00,0.000000e+00,0.000000e+00,0.000000e+00,0.000000e+00,0.000000e+00,0.000000e+00,0.000000e+00
1.000000e+00,0.000000e+00,0.000000e+00,0.000000e+00,0.000000e+00,0.000000e+00,0.000000e+00,0.000000e+00,0.000000e+00,0.000000e+00,0.000000e+00,0.000000e+00,0.000000e+00,0.000000e+00,0.000000e+00
1.000000e+00,0.000000e+00,0.000000e+00,0.000000e+00,0.000000e+00,0.000000e+00,0.000000e+00,0.000000e+00,0.000000e+00,0.000000e+00,0.000000e+00,0.000000e+00,0.000000e+00,0.000000e+00,0.000000e+00
1.000000e+00,0.000000e+00,0.000000e+00,0.000000e+00,0.000000e+00,0.000000e+00,0.000000e+00,0.000000e+00,0.000000e+00,0.000000e+00,0.000000e+00,0.000000e+00,0.000000e+00,0.000000e+00,0.000000e+00
1.000000e+00,0.000000e+00,0.000000e+00,0.000000e+00,0.000000e+00,0.000000e+00,0.000000e+00,0.000000e+00,0.000000e+00,0.000000e+00,0.000000e+00,0.000000e+00,0.000000e+00,0.000000e+00,0.000000e+00
1.000000e+00,0.000000e+00,0.000000e+00,0.000000e+00,0.000000e+00,0.000000e+00,0.000000e+00,0.000000e+00,0.000000e+00,0.000000e+00,0.000000e+00,0.000000e+00,0.000000e+00,0.000000e+00,0.000000e+00
1.000000e+00,0.000000e+00,0.000000e+00,0.000000e+00,0.000000e+00,0.000000e+00,0.000000e+00,0.000000e+00,0.000000e+00,0.000000e+00,0.000000e+00,0.000000e+00,0.000000e+00,0.000000e+00,0.000000e+00
1.000000e+00,0.000000e+00,0.000000e+00,0.000000e+00,0.000000e+00,0.000000e+00,0.000000e+00,0.000000e+00,0.000000e+00,0.000000e+00,0.000000e+00,0.000000e+00,0.000000e+00,0.000000e+00,0.000000e+00
1.000000e+00,0.000000e+00,0.000000e+00,0.000000e+00,0.000000e+00,0.000000e+00,0.000000e+00,0.000000e+00,0.000000e+00,0.000000e+00,0.000000e+00,0.000000e+00,0.000000e+00,0.000000e+00,0.000000e+00
1.000000e+00,0.000000e+00,0.000000e+00,0.000000e+00,0.000000e+00,0.000000e+00,0.000000e+00,0.000000e+00,0.000000e+00,0.000000e+00,0.000000e+00,0.000000e+00,0.000000e+00,0.000000e+00,0.000000e+00
1.000000e+00,0.000000e+00,0.000000e+00,0.000000e+00,0.000000e+00,0.000000e+00,0.000000e+00,0.000000e+00,0.000000e+00,0.000000e+00,0.000000e+00,0.000000e+00,0.000000e+00,0.000000e+00,0.000000e+00
1.000000e+00,0.000000e+00,0.000000e+00,0.000000e+00,0.000000e+00,0.000000e+00,0.000000e+00,0.000000e+00,0.000000e+00,0.000000e+00,0.000000e+00,0.000000e+00,0.000000e+00,0.000000e+00,0.000000e+00
1.000000e+00,0.000000e+00,0.000000e+00,0.000000e+00,0.000000e+00,0.000000e+00,0.000000e+00,0.000000e+00,0.000000e+00,0.000000e+00,0.000000e+00,0.000000e+00,0.000000e+00,0.000000e+00,0.000000e+00
1.000000e+00,0.000000e+00,0.000000e+00,0.000000e+00,0.000000e+00,0.000000e+00,0.000000e+00,0.000000e+00,0.000000e+00,0.000000e+00,0.000000e+00,0.000000e+00,0.000000e+00,0.000000e+00,0.000000e+00
4.623239e-01,2.894444e-02,5.266003e-02,1.593334e-01,1.520301e-02,3.517211e-02,1.246112e-02,3.928567e-02,2.432053e-02,2.985974e-03,2.028389e-02,6.885307e-02,3.656165e-02,6.112587e-03,3.549864e-02
4.683474e-01,3.596279e-02,4.844914e-02,1.523980e-01,1.668183e-02,3.226863e-02,1.126608e-02,3.320736e-02,2.756394e-02,3.206976e-03,2.182836e-02,6.750052e-02,3.672639e-02,6.507003e-03,3.808553e-02
4.445509e-01,3.688723e-02,4.687058e-02,1.467195e-01,1.755107e-02,3.390782e-02,1.025527e-02,2.976502e-02,2.631625e-02,4.029433e-03,2.386242e-02,8.235992e-02,4.560900e-02,7.186594e-03,4.412904e-02
4.557146e-01,3.944936e-02,3.730102e-02,1.352534e-01,1.842881e-02,3.591174e-02,1.059143e-02,2.574576e-02,2.520382e-02,3.769279e-03,2.271202e-02,8.601876e-02,5.513091e-02,7.078593e-03,4.169055e-02
4.590380e-01,3.613416e-02,3.004609e-02,1.209726e-01,2.071875e-02,4.180524e-02,1.041637e-02,2.372520e-02,2.312250e-02,3.709112e-03,2.369682e-02,9.285393e-02,6.656899e-02,7.508343e-03,3.968392e-02
4.495600e-01,3.951893e-02,4.296824e-02,1.279108e-01,2.208465e-02,3.860505e-02,1.024990e-02,2.539464e-02,2.068694e-02,3.486070e-03,2.437225e-02,8.891635e-02,5.840606e-02,6.770546e-03,4.106959e-02
3.988574e-01,3.953087e-02,8.304770e-02,1.626381e-01,2.174279e-02,3.301523e-02,9.151210e-03,2.865566e-02,1.916294e-02,3.521744e-03,2.231213e-02,7.959493e-02,5.017410e-02,5.542662e-03,4.305254e-02
1.000000e+00,0.000000e+00,0.000000e+00,0.000000e+00,0.000000e+00,0.000000e+00,0.000000e+00,0.000000e+00,0.000000e+00,0.000000e+00,0.000000e+00,0.000000e+00,0.000000e+00,0.000000e+00,0.000000e+00
1.000000e+00,0.000000e+00,0.000000e+00,0.000000e+00,0.000000e+00,0.000000e+00,0.000000e+00,0.000000e+00,0.000000e+00,0.000000e+00,0.000000e+00,0.000000e+00,0.000000e+00,0.000000e+00,0.000000e+00
1.000000e+00,0.000000e+00,0.000000e+00,0.000000e+00,0.000000e+00,0.000000e+00,0.000000e+00,0.000000e+00,0.000000e+00,0.000000e+00,0.000000e+00,0.000000e+00,0.000000e+00,0.000000e+00,0.000000e+00
1.000000e+00,0.000000e+00,0.000000e+00,0.000000e+00,0.000000e+00,0.000000e+00,0.000000e+00,0.000000e+00,0.000000e+00,0.000000e+00,0.000000e+00,0.000000e+00,0.000000e+00,0.000000e+00,0.000000e+00
1.000000e+00,0.000000e+00,0.000000e+00,0.000000e+00,0.000000e+00,0.000000e+00,0.000000e+00,0.000000e+00,0.000000e+00,0.000000e+00,0.000000e+00,0.000000e+00,0.000000e+00,0.000000e+00,0.000000e+00
1.000000e+00,0.000000e+00,0.000000e+00,0.000000e+00,0.000000e+00,0.000000e+00,0.000000e+00,0.000000e+00,0.000000e+00,0.000000e+00,0.000000e+00,0.000000e+00,0.000000e+00,0.000000e+00,0.000000e+00
1.000000e+00,0.000000e+00,0.000000e+00,0.000000e+00,0.000000e+00,0.000000e+00,0.000000e+00,0.000000e+00,0.000000e+00,0.000000e+00,0.000000e+00,0.000000e+00,0.000000e+00,0.000000e+00,0.000000e+00
1.000000e+00,0.000000e+00,0.000000e+00,0.000000e+00,0.000000e+00,0.000000e+00,0.000000e+00,0.000000e+00,0.000000e+00,0.000000e+00,0.000000e+00,0.000000e+00,0.000000e+00,0.000000e+00,0.000000e+00
1.000000e+00,0.000000e+00,0.000000e+00,0.000000e+00,0.000000e+00,0.000000e+00,0.000000e+00,0.000000e+00,0.000000e+00,0.000000e+00,0.000000e+00,0.000000e+00,0.000000e+00,0.000000e+00,0.000000e+00
1.000000e+00,0.000000e+00,0.000000e+00,0.000000e+00,0.000000e+00,0.000000e+00,0.000000e+00,0.000000e+00,0.000000e+00,0.000000e+00,0.000000e+00,0.000000e+00,0.000000e+00,0.000000e+00,0.000000e+00
1.000000e+00,0.000000e+00,0.000000e+00,0.000000e+00,0.000000e+00,0.000000e+00,0.000000e+00,0.000000e+00,0.000000e+00,0.000000e+00,0.000000e+00,0.000000e+00,0.000000e+00,0.000000e+00,0.000000e+00
1.000000e+00,0.000000e+00,0.000000e+00,0.000000e+00,0.000000e+00,0.000000e+00,0.000000e+00,0.000000e+00,0.000000e+00,0.000000e+00,0.000000e+00,0.000000e+00,0.000000e+00,0.000000e+00,0.000000e+00
1.000000e+00,0.000000e+00,0.000000e+00,0.000000e+00,0.000000e+00,0.000000e+00,0.000000e+00,0.000000e+00,0.000000e+00,0.000000e+00,0.000000e+00,0.000000e+00,0.000000e+00,0.000000e+00,0.000000e+00
1.000000e+00,0.000000e+00,0.000000e+00,0.000000e+00,0.000000e+00,0.000000e+00,0.000000e+00,0.000000e+00,0.000000e+00,0.000000e+00,0.000000e+00,0.000000e+00,0.000000e+00,0.000000e+00,0.000000e+00
1.000000e+00,0.000000e+00,0.000000e+00,0.000000e+00,0.000000e+00,0.000000e+00,0.000000e+00,0.000000e+00,0.000000e+00,0.000000e+00,0.000000e+00,0.000000e+00,0.000000e+00,0.000000e+00,0.000000e+00
1.000000e+00,0.000000e+00,0.000000e+00,0.000000e+00,0.000000e+00,0.000000e+00,0.000000e+00,0.000000e+00,0.000000e+00,0.000000e+00,0.000000e+00,0.000000e+00,0.000000e+00,0.000000e+00,0.000000e+00
4.885288e-01,8.401643e-03,4.806970e-02,3.037239e-02,4.310688e-03,2.068157e-02,1.371288e-02,3.392317e-01,1.935345e-03,8.234762e-04,5.180476e-03,1.621295e-02,1.313635e-02,1.619854e-03,7.782069e-03
3.791054e-01,6.200004e-03,3.988533e-02,2.208223e-02,3.361187e-03,1.896596e-02,1.361266e-02,4.815353e-01,1.411786e-03,6.306323e-04,3.898170e-03,1.215756e-02,9.817150e-03,1.282963e-03,6.053550e-03
3.093646e-01,4.567871e-03,2.947100e-02,1.595763e-02,3.216397e-03,1.513527e-02,1.172483e-02,5.830736e-01,1.095594e-03,5.595745e-04,3.011529e-03,9.280562e-03,7.772449e-03,1.010226e-03,4.758749e-03
2.695360e-01,3.713614e-03,2.311758e-02,1.217919e-02,3.125549e-03,1.285122e-02,1.060468e-02,6.387146e-01,1.147956e-03,6.618744e-04,2.698007e-03,8.413590e-03,7.390112e-03,1.172673e-03,4.673371e-03
2.503146e-01,3.545346e-03,1.784237e-02,9.351868e-03,3.841790e-03,1.012319e-02,9.459314e-03,6.644865e-01,1.523709e-03,1.069919e-03,2.945040e-03,7.552842e-03,1.254982e-02,1.182384e-03,4.211316e-03
2.425749e-01,4.294355e-03,1.416784e-02,7.577957e-03,6.499898e-03,8.098435e-03,8.243340e-03,6.689630e-01,3.065909e-03,1.541941e-03,4.863670e-03,7.337161e-03,1.717252e-02,1.370389e-03,4.228694e-03
2.028194e-01,4.489648e-02,1.498135e-02,4.792211e-02,9.299693e-02,1.113768e-02,7.067786e-03,5.053037e-01,2.690755e-02,6.611945e-03,5.161340e-03,7.111631e-03,1.887181e-02,1.665721e-03,6.544449e-03
2.696352e-01,4.407833e-02,1.670072e-02,4.274012e-02,8.975633e-02,1.355175e-02,5.643474e-03,3.804704e-01,3.233942e-02,6.067861e-03,6.810964e-03,6.169906e-03,7.135491e-02,1.827703e-03,1.285290e-02
3.752182e-01,3.487917e-02,1.324940e-02,3.549994e-02,7.770731e-02,2.169178e-02,4.686706e-03,2.720318e-01,2.390254e-02,4.526386e-03,5.905208e-03,5.317782e-03,1.106531e-01,1.454677e-03,1.327593e-02
4.552540e-01,2.613054e-02,1.133933e-02,2.804275e-02,5.609166e-02,4.630246e-02,4.504921e-03,1.941707e-01,1.811890e-02,3.273592e-03,4.720734e-03,5.211829e-03,1.321539e-01,1.086206e-03,1.359847e-02
4.347553e-01,2.031997e-02,1.077943e-02,2.276360e-02,4.075776e-02,6.523038e-02,4.323483e-03,1.387155e-01,1.794527e-02,2.526578e-03,4.130885e-03,5.536716e-03,2.111148e-01,8.639875e-04,2.023639e-02
3.348268e-01,2.284677e-02,7.996281e-03,1.878739e-02,2.942046e-02,5.662367e-02,3.554371e-03,9.794427e-02,3.334522e-02,2.160625e-03,3.266739e-03,4.355644e-03,3.349052e-01,6.935067e-04,4.927310e-02
2.619854e-01,1.750858e-02,5.716425e-03,1.364891e-02,2.100126e-02,5.489289e-02,2.781349e-03,6.881015e-02,2.422154e-02,1.558152e-03,2.433365e-03,4.024024e-03,4.792279e-01,4.960598e-04,4.169397e-02
1.994234e-01,1.359719e-02,4.073469e-03,1.010286e-02,1.498580e-02,4.433608e-02,2.033486e-03,4.824882e-02,1.800258e-02,1.110273e-03,1.837060e-03,3.493025e-03,6.049248e-01,3.528115e-04,3.347834e-02
1.432479e-01,1.008211e-02,3.116556e-03,8.424175e-03,1.083846e-02,3.373133e-02,1.553359e-03,3.383119e-02,1.393245e-02,7.915479e-04,1.617461e-03,3.267026e-03,7.089573e-01,2.624723e-04,2.634662e-02
1.013036e-01,7.594477e-03,2.296258e-03,6.572056e-03,8.221952e-03,2.558540e-02,1.198788e-03,2.373707e-02,1.065201e-02,5.748181e-04,1.458962e-03,3.454094e-03,7.811597e-01,2.062507e-04,2.598449e-02
7.122388e-02,5.430872e-03,1.683654e-03,4.693044e-03,6.633814e-03,2.247090e-02,2.070599e-03,1.717256e-02,7.855515e-03,4.559314e-04,1.235682e-03,3.396652e-03,8.320825e-01,1.729144e-04,2.342149e-02
5.229442e-02,4.126573e-03,1.726938e-03,3.462195e-03,6.171359e-03,4.239728e-02,2.209632e-03,1.271846e-02,5.989816e-03,3.840325e-04,1.090738e-03,5.337002e-03,8.444976e-01,1.620627e-04,1.743193e-02
3.837882e-02,3.015219e-03,1.552195e-03,2.542056e-03,5.540261e-03,1.861517e-01,1.933857e-03,8.993800e-03,4.431475e-03,2.991559e-04,1.044730e-03,6.563104e-03,7.268640e-01,1.516536e-04,1.253787e-02
2.765274e-02,2.193928e-03,1.506067e-03,1.850423e-03,5.212455e-03,3.745768e-01,1.487566e-03,6.455757e-03,3.330661e-03,2.505882e-04,1.341355e-03,7.139575e-03,5.576127e-01,1.682423e-04,9.221105e-03
2.005167e-02,1.616957e-03,1.259216e-03,1.353343e-03,4.522104e-03,4.986222e-01,1.134226e-03,4.631897e-03,2.582305e-03,2.220076e-04,1.800034e-03,1.077193e-02,4.440416e-01,1.590685e-04,7.231444e-03
1.543781e-02,1.280655e-03,1.412865e-03,1.055893e-03,3.844351e-03,5.201463e-01,1.191807e-03,3.352473e-03,3.272409e-03,3.181633e-04,3.545712e-03,4.011969e-02,3.980373e-01,1.722906e-04,6.812325e-03
2.576627e-02,1.835426e-03,5.634068e-03,1.190271e-03,9.741523e-03,3.957518e-01,3.196101e-03,9.171616e-03,1.963879e-02,1.191445e-03,4.359177e-03,4.955873e-02,4.604585e-01,9.469984e-04,1.155928e-02
2.334983e-02,2.007547e-03,1.244858e-02,1.288199e-03,1.768459e-02,2.862481e-01,3.166631e-03,1.708432e-02,2.459066e-02,1.325325e-03,4.050373e-03,5.122741e-02,5.383949e-01,1.116517e-03,1.601712e-02
2.754684e-02,3.467033e-03,1.511051e-02,2.637941e-03,3.307765e-02,2.064907e-01,5.771418e-03,4.652272e-02,3.990770e-02,1.787930e-03,3.337988e-03,5.128119e-02,5.446447e-01,1.090700e-03,1.732502e-02
2.955496e-02,9.125795e-03,1.780813e-02,4.042511e-03,4.687461e-02,1.704541e-01,7.156327e-03,7.368738e-02,9.117842e-02,1.865457e-03,3.306387e-03,4.832004e-02,4.780647e-01,9.894267e-04,1.757174e-02
3.356965e-02,8.997779e-03,2.364324e-02,1.011178e-02,9.952606e-02,1.414935e-01,3.225834e-02,8.325912e-02,1.007788e-01,1.599485e-03,3.169901e-03,4.935617e-02,3.903133e-01,1.028507e-03,2.089437e-02
4.082131e-02,1.039422e-02,1.990702e-02,1.109423e-02,1.514471e-01,2.194062e-01,3.702165e-02,6.079804e-02,7.587503e-02,1.247832e-03,2.517865e-03,3.925506e-02,3.137365e-01,9.480181e-04,1.553005e-02
5.166216e-02,1.343163e-02,1.484391e-02,1.057542e-02,1.676438e-01,2.730015e-01,3.048717e-02,4.333621e-02,5.407868e-02,9.674300e-04,1.982407e-03,2.957835e-02,2.960888e-01,8.143883e-04,1.150820e-02
6.296499e-02,2.195204e-02,1.113979e-02,1.126748e-02,1.788779e-01,2.688742e-01,2.404867e-02,3.190101e-02,4.518092e-02,8.331884e-04,2.179612e-03,3.294546e-02,2.975510e-01,7.837147e-04,9.500104e-03
6.432942e-02,3.955803e-02,8.982058e-03,1.443991e-02,1.811493e-01,3.252129e-01,2.107582e-02,2.443551e-02,4.321918e-02,6.885793e-04,2.472001e-03,2.767018e-02,2.385070e-01,7.552302e-04,7.504879e-03
1.313142e-01,4.021335e-02,9.066892e-03,1.608987e-02,1.430147e-01,2.502134e-01,1.658689e-02,1.842148e-02,5.054619e-02,7.234467e-04,3.039699e-03,2.347200e-02,2.878667e-01,1.406335e-03,8.024752e-03
2.190672e-01,4.112079e-02,1.611570e-02,2.800339e-02,1.156335e-01,1.876516e-01,1.238902e-02,1.445797e-02,4.651918e-02,1.101360e-03,4.076490e-03,2.054395e-02,2.815155e-01,1.885771e-03,9.918521e-03
3.088610e-01,3.483169e-02,1.344457e-02,2.500970e-02,9.196840e-02,1.433124e-01,9.803445e-03,1.144814e-02,4.723526e-02,1.311929e-03,4.404040e-03,1.726617e-02,2.788961e-01,2.074342e-03,1.013282e-02
3.220077e-01,3.168572e-02,7.398270e-02,6.694883e-02,8.143613e-02,1.195273e-01,7.744778e-03,1.196129e-02,3.933692e-02,2.003466e-03,5.335751e-03,1.669671e-02,2.089943e-01,1.772583e-03,1.056573e-02
3.969995e-01,2.292535e-02,7.800724e-02,8.762407e-02,6.668200e-02,8.697100e-02,5.880790e-03,4.098503e-02,3.041423e-02,1.585344e-03,5.767727e-03,1.449480e-02,1.520324e-01,1.594272e-03,8.036211e-03
3.142373e-01,1.628159e-02,6.463794e-02,7.535549e-02,5.207691e-02,6.181031e-02,4.376258e-03,2.579748e-01,2.167962e-02,1.144762e-03,5.144328e-03,1.096523e-02,1.072918e-01,1.231809e-03,5.791830e-03
2.247040e-01,1.144540e-02,4.607121e-02,5.463415e-02,3.897548e-02,4.342072e-02,3.222838e-03,4.699421e-01,1.520982e-02,8.081068e-04,3.700568e-03,7.725821e-03,7.518496e-02,8.717360e-04,4.083144e-03
1.645340e-01,8.060836e-03,3.292019e-02,3.903510e-02,2.873706e-02,3.061864e-02,2.368237e-03,6.181461e-01,1.066771e-02,5.791415e-04,2.665869e-03,5.444794e-03,5.271322e-02,6.203157e-04,2.888836e-03
1.208345e-01,5.756905e-03,2.379899e-02,2.767186e-02,2.130895e-02,2.157105e-02,1.761236e-03,7.241795e-01,7.493334e-03,4.163721e-04,1.922832e-03,3.857334e-03,3.694843e-02,4.396308e-04,2.039099e-03
9.067934e-02,4.162182e-03,1.708352e-02,1.959546e-02,1.653601e-02,1.530006e-02,1.345918e-03,7.978805e-01,5.262610e-03,3.040023e-04,1.400055e-03,2.755171e-03,2.592865e-02,3.134266e-04,1.453190e-03
6.632575e-02,2.997695e-03,1.218799e-02,1.385637e-02,1.347033e-02,1.083001e-02,1.010287e-03,8.529552e-01,3.700692e-03,2.170255e-04,1.027181e-03,1.968158e-03,1.819763e-02,2.255346e-04,1.030109e-03
5.153176e-02,2.281598e-03,8.970056e-03,1.013580e-02,1.288575e-02,7.890767e-03,7.932688e-04,8.855250e-01,2.752003e-03,2.156542e-04,9.620349e-04,1.596061e-03,1.342386e-02,2.306455e-04,8.057643e-04
4.499820e-02,2.207450e-03,7.309853e-03,9.968522e-03,1.422049e-02,6.087694e-03,6.888850e-04,8.757429e-01,4.297728e-03,6.928942e-04,3.720015e-03,4.661191e-03,2.335479e-02,7.538973e-04,1.295604e-03
4.371146e-02,2.395036e-03,6.866678e-03,1.002435e-02,4.931280e-02,5.112705e-03,1.251134e-03,8.394181e-01,6.065267e-03,9.542742e-04,6.195031e-03,4.601542e-03,2.188892e-02,7.265699e-04,1.476159e-03
4.937885e-02,2.559128e-03,6.640999e-03,8.560764e-03,8.659200e-02,7.617558e-03,2.149439e-03,7.981838e-01,4.866458e-03,7.825050e-04,5.500088e-03,4.387173e-03,2.069206e-02,5.947009e-04,1.494524e-03
8.024971e-02,2.348139e-03,6.571504e-03,7.025125e-03,8.597530e-02,9.244864e-03,2.649327e-03,7.585654e-01,4.682119e-03,7.562916e-04,6.737018e-03,6.813968e-03,2.628816e-02,5.066022e-04,1.586538e-03
1.817374e-01,3.332214e-03,7.601637e-03,5.701391e-03,6.629040e-02,2.181869e-02,4.730559e-03,5.728517e-01,5.730099e-03,1.052544e-03,1.046362e-02,2.992879e-02,8.569607e-02,1.113175e-03,1.951703e-03
2.218184e-01,3.356516e-03,6.781005e-03,4.315420e-03,4.876037e-02,2.303308e-02,5.390350e-03,4.094652e-01,6.299598e-03,1.375285e-03,1.339728e-02,4.891982e-02,2.030469e-01,1.696799e-03,2.344031e-03
1.956359e-01,3.252655e-03,6.555474e-03,3.441954e-03,3.547440e-02,3.280599e-02,8.201054e-03,2.885002e-01,6.997592e-03,1.949799e-03,1.273886e-02,9.924241e-02,2.977928e-01,4.425652e-03,2.985308e-03
1.498336e-01,3.662046e-03,5.290724e-03,3.508364e-03,2.684963e-02,3.970956e-02,7.084489e-03,2.030598e-01,1.196564e-02,2.626903e-03,1.309837e-02,1.718914e-01,3.520685e-01,6.209271e-03,3.141546e-03
1.118759e-01,4.010710e-03,4.008065e-03,3.208540e-03,2.016300e-02,3.354260e-02,5.361966e-03,1.424783e-01,2.870018e-02,3.356272e-03,1.346934e-02,2.156464e-01,4.055841e-01,5.249005e-03,3.345657e-03
9.156844e-02,3.554233e-03,3.184753e-03,2.932180e-03,1.542310e-02,3.015305e-02,4.674704e-03,1.001218e-01,3.501024e-02,9.584197e-03,1.208416e-02,3.035882e-01,3.710944e-01,1.085700e-02,6.169556e-03
7.049631e-02,2.998753e-03,2.506251e-03,2.612781e-03,1.357307e-02,2.474925e-02,3.728579e-03,7.035000e-02,4.036805e-02,1.278307e-02,1.134482e-02,3.432786e-01,3.825819e-01,1.186101e-02,6.767502e-03
5.594441e-02,2.499386e-03,2.427426e-03,2.058957e-03,1.352509e-02,1.810013e-02,3.155242e-03,4.977768e-02,3.303064e-02,1.725373e-02,1.105667e-02,3.676854e-01,4.034953e-01,1.224458e-02,7.745304e-03
5.842561e-02,2.911945e-03,3.036232e-03,1.713821e-03,2.691544e-02,1.376305e-02,3.054622e-03,3.603513e-02,3.884503e-02,1.779085e-02,1.369990e-02,3.031996e-01,4.629420e-01,1.036150e-02,7.305309e-03
4.797871e-02,4.432456e-03,1.732931e-02,1.582679e-03,4.358509e-02,1.179532e-02,3.164197e-03,2.848925e-02,7.211452e-02,5.539506e-02,1.330048e-02,2.952870e-01,3.922628e-01,7.756055e-03,5.527059e-03
3.791236e-02,4.837951e-03,1.661681e-02,1.447257e-03,6.608712e-02,2.266669e-02,4.341229e-03,6.093063e-02,1.813916e-01,5.395535e-02,1.172871e-02,2.152157e-01,3.132337e-01,5.514740e-03,4.120176e-03
2.993755e-02,4.748504e-03,1.325635e-02,1.376525e-03,1.924888e-01,5.966076e-02,1.484966e-02,4.503667e-02,1.628881e-01,4.077129e-02,1.363480e-02,1.580197e-01,2.563593e-01,3.908135e-03,3.063955e-03
3.070107e-02,4.069656e-03,1.033149e-02,1.153330e-03,3.124105e-01,6.580497e-02,2.616994e-02,3.201469e-02,1.769700e-01,2.947797e-02,1.181297e-02,1.112434e-01,1.828471e-01,2.753645e-03,2.239265e-03
3.054657e-02,3.162658e-03,7.681913e-03,9.428298e-04,4.468973e-01,6.693055e-02,3.544587e-02,2.278133e-02,1.429682e-01,2.113475e-02,1.055190e-02,7.820997e-02,1.291328e-01,1.943090e-03,1.670236e-03
2.616799e-02,2.741145e-03,6.392866e-03,1.269473e-02,5.239255e-01,9.854285e-02,2.881148e-02,2.655837e-02,1.035116e-01,1.488640e-02,7.641797e-03,5.489244e-02,9.057271e-02,1.372486e-03,1.287557e-03
5.919879e-02,3.519509e-03,6.058233e-03,2.406549e-02,5.443058e-01,8.730567e-02,2.284956e-02,4.676057e-02,7.595006e-02,1.445106e-02,7.023368e-03,3.907117e-02,6.418315e-02,1.169875e-03,4.087626e-03
5.913966e-02,3.977678e-03,5.499806e-03,3.840970e-02,5.365722e-01,7.627491e-02,1.757463e-02,1.117254e-01,5.598890e-02,1.143374e-02,5.722783e-03,2.799740e-02,4.536629e-02,9.137272e-04,3.403100e-03
6.277867e-02,1.207502e-02,5.056155e-03,3.231820e-02,5.315620e-01,5.660372e-02,1.346985e-02,1.622910e-01,4.740569e-02,1.142312e-02,6.423842e-03,2.080019e-02,3.306010e-02,9.071589e-04,3.825200e-03
7.530473e-02,1.212504e-02,6.902379e-03,2.950498e-02,5.059842e-01,4.197294e-02,1.072460e-02,2.187746e-01,3.854785e-02,1.014025e-02,6.048902e-03,1.548440e-02,2.394601e-02,8.222671e-04,3.716793e-03
8.592758e-02,2.373215e-02,1.796625e-02,3.196419e-02,3.947907e-01,3.444088e-02,9.259810e-03,2.992004e-01,3.432738e-02,2.097549e-02,6.300847e-03,1.217186e-02,1.833655e-02,1.114732e-03,9.491118e-03
8.904375e-02,2.425515e-02,1.646168e-02,6.515167e-02,2.847454e-01,3.229366e-02,6.944123e-03,3.142256e-01,4.292840e-02,2.566954e-02,1.853820e-02,1.153088e-02,2.117861e-02,3.067626e-03,4.396573e-02
8.475595e-02,2.438682e-02,1.772206e-02,6.320021e-02,2.042614e-01,2.507247e-02,5.599272e-03,3.221926e-01,5.245421e-02,5.779326e-02,2.990982e-02,1.336520e-02,2.584085e-02,5.259016e-03,6.818680e-02
6.702077e-02,3.172941e-02,1.318434e-02,1.064564e-01,1.474961e-01,1.861394e-02,4.341879e-03,2.272639e-01,2.190566e-01,4.785991e-02,2.646094e-02,9.726039e-03,2.046038e-02,4.269245e-03,5.606014e-02
6.538811e-02,2.555036e-02,1.149394e-02,8.759376e-02,1.274493e-01,1.533861e-02,3.331945e-03,1.634041e-01,3.448842e-01,4.718078e-02,2.554879e-02,7.469980e-03,1.744517e-02,5.742842e-03,5.217816e-02
5.006288e-02,1.959141e-02,8.426648e-03,6.366034e-02,8.998600e-02,1.101670e-02,2.376667e-03,1.146697e-01,5.240663e-01,3.366221e-02,1.921109e-02,5.508327e-03,1.297383e-02,6.998040e-03,3.778984e-02
4.269709e-02,1.505202e-02,6.127478e-03,4.466797e-02,6.381373e-02,8.430908e-03,1.743674e-03,8.057565e-02,6.440986e-01,2.377841e-02,1.743468e-02,4.172655e-03,9.771889e-03,1.017089e-02,2.746433e-02
6.739064e-02,1.114996e-02,5.088575e-03,3.223845e-02,4.542917e-02,6.888533e-03,1.360608e-03,5.696789e-02,6.916317e-01,1.690675e-02,1.734808e-02,6.108495e-03,9.589000e-03,1.192162e-02,1.998048e-02
8.794215e-02,8.313783e-03,3.895993e-03,2.276565e-02,3.296451e-02,6.869707e-03,1.082917e-03,4.014543e-02,6.550652e-01,1.237924e-02,1.439161e-02,4.656276e-03,9.595357e-03,6.628877e-02,3.364348e-02
9.664394e-02,6.016629e-03,3.125242e-03,1.611439e-02,2.424951e-02,7.586243e-03,1.059902e-03,2.851432e-02,5.985118e-01,9.260336e-03,1.516317e-02,3.890434e-03,1.275219e-02,1.343352e-01,4.277676e-02
1.383274e-01,5.110123e-03,1.758699e-02,1.216351e-02,1.796990e-02,7.215889e-03,9.249842e-04,2.044243e-02,5.036916e-01,6.747918e-03,1.443860e-02,3.206851e-03,1.214015e-02,1.981426e-01,4.189124e-02
1.408987e-01,6.650853e-03,3.845506e-02,1.053701e-02,1.725715e-02,1.367153e-02,1.172218e-03,1.504703e-02,4.670813e-01,5.624261e-03,1.693905e-02,2.733138e-03,9.450469e-03,1.953865e-01,5.909578e-02
1.419909e-01,7.552266e-03,3.504771e-02,9.558429e-03,1.561029e-02,2.393581e-02,8.992553e-04,1.090522e-02,3.852628e-01,4.861744e-03,2.531906e-02,2.197014e-03,7.157417e-03,2.549691e-01,7.473311e-02
1.061038e-01,7.254057e-03,2.614532e-02,8.234110e-03,1.217370e-02,2.514786e-02,6.969869e-04,7.847382e-03,3.954063e-01,4.703888e-03,2.209229e-02,1.705330e-03,5.299751e-03,2.591272e-01,1.180620e-01
1.044314e-01,1.013335e-02,3.583029e-02,1.717658e-02,1.490633e-02,2.721776e-02,6.565800e-04,6.906425e-03,4.013297e-01,7.035676e-03,1.970340e-02,1.532022e-03,4.363719e-03,2.274615e-01,1.213153e-01
1.016029e-01,1.275721e-02,3.966741e-02,1.551606e-02,2.022133e-02,2.857245e-02,5.765849e-04,5.436790e-03,3.899919e-01,7.935954e-03,1.519408e-02,1.310622e-03,3.473583e-03,1.757928e-01,1.819503e-01
9.343059e-02,3.687155e-02,7.124400e-02,2.811417e-02,3.635045e-02,2.254030e-02,5.645983e-04,5.353573e-03,3.913281e-01,6.736494e-03,1.110255e-02,1.164365e-03,2.855845e-03,1.255978e-01,1.667456e-01
9.905786e-02,2.803808e-02,5.866040e-02,2.315159e-02,3.170311e-02,1.904513e-02,4.574453e-04,5.479960e-03,4.769262e-01,6.251073e-03,8.171159e-03,8.858416e-04,2.195015e-03,9.215117e-02,1.478260e-01
9.732819e-02,2.908093e-02,6.727429e-02,7.896826e-02,4.354268e-02,1.736732e-02,5.831817e-04,5.150823e-03,4.469090e-01,8.268108e-03,6.476768e-03,9.438946e-04,1.927329e-03,6.539288e-02,1.307864e-01
1.059545e-01,2.672805e-02,5.939572e-02,7.311940e-02,3.623614e-02,1.611776e-02,5.772847e-04,5.505847e-03,4.036460e-01,1.524920e-02,5.867773e-03,1.439964e-03,1.937909e-03,4.845157e-02,1.997730e-01
1.405544e-01,3.210014e-02,6.182989e-02,7.491907e-02,3.128863e-02,1.617154e-02,9.673319e-04,5.393726e-03,3.597725e-01,2.549426e-02,5.908056e-03,2.074609e-03,2.153512e-03,3.685033e-02,2.045220e-01
2.141491e-01,2.817922e-02,7.210417e-02,6.937986e-02,2.561873e-02,1.524233e-02,1.335614e-03,7.382627e-03,3.251822e-01,3.032252e-02,5.764700e-03,2.480422e-03,1.941871e-03,2.900971e-02,1.719069e-01
2.761199e-01,2.461244e-02,7.580137e-02,7.742967e-02,2.304174e-02,1.586709e-02,1.758013e-03,1.458003e-02,2.960706e-01,2.919277e-02,5.065050e-03,2.914237e-03,1.735670e-03,2.107062e-02,1.347408e-01
2.886976e-01,2.404789e-02,1.227845e-01,7.849029e-02,1.904122e-02,1.407066e-02,1.837541e-03,1.756577e-02,2.465167e-01,4.572172e-02,4.329221e-03,2.917292e-03,1.332440e-03,1.797730e-02,1.146699e-01
3.425713e-01,3.068977e-02,1.174782e-01,7.559422e-02,1.897081e-02,1.545177e-02,2.567338e-03,2.451969e-02,1.993257e-01,5.064824e-02,4.090192e-03,3.057039e-03,1.122663e-03,1.868396e-02,9.522907e-02
4.439392e-01,2.899308e-02,8.971718e-02,5.985680e-02,2.273131e-02,1.420717e-02,2.427930e-03,2.173100e-02,1.818768e-01,3.762079e-02,4.374395e-03,3.417018e-03,1.175761e-03,1.673156e-02,7.120002e-02
1.000000e+00,0.000000e+00,0.000000e+00,0.000000e+00,0.000000e+00,0.000000e+00,0.000000e+00,0.000000e+00,0.000000e+00,0.000000e+00,0.000000e+00,0.000000e+00,0.000000e+00,0.000000e+00,0.000000e+00
1.000000e+00,0.000000e+00,0.000000e+00,0.000000e+00,0.000000e+00,0.000000e+00,0.000000e+00,0.000000e+00,0.000000e+00,0.000000e+00,0.000000e+00,0.000000e+00,0.000000e+00,0.000000e+00,0.000000e+00
1.000000e+00,0.000000e+00,0.000000e+00,0.000000e+00,0.000000e+00,0.000000e+00,0.000000e+00,0.000000e+00,0.000000e+00,0.000000e+00,0.000000e+00,0.000000e+00,0.000000e+00,0.000000e+00,0.000000e+00
1.000000e+00,0.000000e+00,0.000000e+00,0.000000e+00,0.000000e+00,0.000000e+00,0.000000e+00,0.000000e+00,0.000000e+00,0.000000e+00,0.000000e+00,0.000000e+00,0.000000e+00,0.000000e+00,0.000000e+00
1.000000e+00,0.000000e+00,0.000000e+00,0.000000e+00,0.000000e+00,0.000000e+00,0.000000e+00,0.000000e+00,0.000000e+00,0.000000e+00,0.000000e+00,0.000000e+00,0.000000e+00,0.000000e+00,0.000000e+00
4.478714e-01,4.167344e-02,2.138506e-02,2.143715e-01,1.773233e-02,6.637379e-03,1.415597e-03,7.052174e-03,7.303468e-02,1.015383e-02,1.228813e-02,1.087652e-02,6.911114e-03,6.077839e-03,1.225190e-01
3.305342e-01,3.324841e-02,2.160161e-02,2.536432e-01,1.273588e-02,5.019295e-03,1.041295e-03,5.115923e-03,7.912894e-02,1.643230e-02,1.207960e-02,9.331622e-03,6.185181e-03,5.072760e-03,2.088299e-01
2.697981e-01,4.232047e-02,1.998552e-02,2.481570e-01,9.086190e-03,4.100781e-03,7.813161e-04,3.721890e-03,7.084908e-02,1.389109e-02,1.217269e-02,9.009738e-03,5.362418e-03,6.219400e-03,2.845444e-01
2.283448e-01,3.880648e-02,1.838360e-02,1.776257e-01,6.700117e-03,3.845068e-03,6.013745e-04,2.681407e-03,6.294916e-02,1.172678e-02,9.995292e-03,7.999740e-03,4.422812e-03,1.734051e-02,4.085772e-01
1.878192e-01,3.217504e-02,2.343372e-02,1.300400e-01,4.977440e-03,3.662542e-03,4.685701e-04,1.949412e-03,9.176548e-02,1.177537e-02,1.505919e-02,8.651971e-03,4.323131e-03,2.024686e-02,4.636521e-01
1.336806e-01,2.414120e-02,1.669141e-02,9.123608e-02,3.530137e-03,2.830118e-03,3.471127e-04,1.396656e-03,9.817384e-02,1.813604e-02,3.477064e-02,9.570841e-03,7.928816e-03,2.537163e-02,5.321949e-01
9.472433e-02,1.779080e-02,1.189668e-02,6.416805e-02,2.493582e-03,2.232761e-03,2.538426e-04,9.923311e-04,2.572724e-01,2.050406e-02,2.679964e-02,9.622547e-03,1.100877e-02,1.924743e-02,4.609928e-01
6.963310e-02,1.474680e-02,8.915781e-03,4.548587e-02,4.534224e-03,2.068708e-03,2.754681e-04,8.310045e-04,1.951514e-01,1.004911e-01,3.927355e-02,1.041750e-02,1.526022e-02,2.960978e-02,4.633054e-01
5.122282e-02,1.151757e-02,6.355541e-03,3.236113e-02,2.680903e-02,1.784997e-03,3.797477e-04,8.672532e-04,1.548672e-01,7.419752e-02,4.392716e-02,1.037430e-02,2.156102e-02,2.418759e-02,5.395871e-01
5.384286e-02,1.343748e-02,5.396936e-03,2.557112e-02,4.123275e-02,8.871705e-03,5.203852e-03,2.363708e-03,1.687170e-01,5.645702e-02,3.901923e-02,2.442163e-02,1.262553e-01,2.302919e-02,4.061803e-01
4.238951e-02,1.564961e-02,7.532006e-03,2.699430e-02,4.338064e-02,1.406374e-02,7.146150e-03,1.258281e-02,2.176799e-01,4.317505e-02,4.800015e-02,2.769858e-02,1.454612e-01,2.806821e-02,3.201781e-01
4.910535e-02,1.303761e-02,7.242813e-03,2.420522e-02,4.059763e-02,2.588437e-02,6.594825e-03,1.226158e-02,2.150933e-01,3.337322e-02,4.323926e-02,3.614696e-02,2.233958e-01,2.605902e-02,2.437630e-01
4.464610e-02,1.228674e-02,1.004110e-02,7.404998e-02,4.393325e-02,3.786102e-02,5.658609e-03,1.011975e-02,2.233250e-01,2.826780e-02,4.287478e-02,3.294258e-02,2.389921e-01,2.061705e-02,1.743841e-01
3.488902e-02,1.030855e-02,8.359634e-03,1.052544e-01,4.178596e-02,3.830443e-02,4.460935e-03,7.497744e-03,1.771266e-01,2.174335e-02,3.833481e-02,3.078575e-02,3.385019e-01,1.703957e-02,1.256073e-01
2.884867e-02,7.962590e-03,5.984127e-03,8.727857e-02,3.126490e-02,3.244044e-02,3.430650e-03,5.571569e-03,1.247636e-01,1.964581e-02,4.219156e-02,3.024261e-02,4.768911e-01,1.412362e-02,8.936023e-02
2.166542e-02,5.887166e-03,4.375797e-03,6.514191e-02,2.232104e-02,2.636897e-02,2.439703e-03,3.935729e-03,8.789130e-02,1.430263e-02,3.427887e-02,9.874120e-02,5.392314e-01,1.027408e-02,6.314482e-02
1.653043e-02,4.224712e-03,3.079535e-03,4.609613e-02,2.315321e-02,2.671517e-02,1.757235e-03,2.801956e-03,6.210539e-02,1.034157e-02,4.324614e-02,8.085763e-02,6.264936e-01,7.764237e-03,4.483307e-02
1.615615e-02,3.157253e-03,2.212404e-03,3.273221e-02,1.846867e-02,3.077252e-02,1.392176e-03,2.117195e-03,4.457577e-02,8.618093e-03,8.588447e-02,1.388258e-01,5.767108e-01,6.340120e-03,3.203635e-02
1.310518e-02,2.316313e-03,1.597913e-03,2.317138e-02,1.763261e-02,2.290436e-02,1.179895e-03,1.755554e-03,3.215457e-02,6.753765e-03,8.980788e-02,2.094592e-01,5.506388e-01,4.739615e-03,2.278293e-02
9.494666e-03,1.884381e-03,1.243633e-03,1.638425e-02,1.416956e-02,1.885953e-02,9.026562e-04,1.315521e-03,2.392530e-02,5.022339e-03,7.954845e-02,3.606155e-01,4.472441e-01,3.404233e-03,1.598585e-02
6.831302e-03,1.471653e-03,9.028828e-04,1.153587e-02,1.067505e-02,1.738052e-02,6.557122e-04,9.530445e-04,1.836668e-02,3.810523e-03,6.414028e-02,4.712266e-01,3.783306e-01,2.502652e-03,1.121657e-02
5.090600e-03,1.158620e-03,7.091088e-04,8.142465e-03,8.816526e-03,1.317484e-02,4.967412e-04,7.549917e-04,1.505027e-02,3.096874e-03,5.539110e-02,5.420222e-01,3.363859e-01,1.821634e-03,7.888054e-03
3.747823e-03,9.085870e-04,5.140462e-04,5.736137e-03,1.677815e-02,9.446110e-03,4.462964e-04,7.848832e-04,1.568821e-02,2.383166e-03,4.366529e-02,4.878721e-01,4.051952e-01,1.298196e-03,5.535785e-03
3.100998e-03,7.313545e-04,3.736452e-04,4.049805e-03,2.324438e-02,7.299527e-03,5.003150e-04,7.417051e-04,1.832476e-02,2.298356e-03,3.423756e-02,5.440733e-01,3.562011e-01,9.320479e-04,3.891104e-03
3.264562e-03,6.323116e-04,2.899403e-04,2.999048e-03,1.828829e-02,3.145001e-02,3.984346e-04,6.347752e-04,1.624349e-02,2.534257e-03,3.166373e-02,6.285607e-01,2.596138e-01,6.880378e-04,2.738703e-03
2.709769e-03,4.645557e-04,2.099873e-04,2.134065e-03,1.299729e-02,2.452640e-02,2.899771e-04,5.112821e-04,1.224829e-02,2.173760e-03,2.947451e-02,7.253464e-01,1.844594e-01,5.295711e-04,1.924708e-03
2.024170e-03,3.643025e-04,1.551112e-04,1.510896e-03,9.675153e-03,1.754824e-02,2.120353e-04,6.331453e-04,1.152442e-02,1.747565e-03,2.951086e-02,7.914095e-01,1.319395e-01,3.946198e-04,1.350568e-03
2.215686e-03,4.128684e-03,2.096199e-03,1.284296e-03,1.064057e-02,1.252047e-02,1.631525e-04,1.795171e-03,2.657678e-02,2.779209e-03,4.396109e-02,7.904425e-01,9.993401e-02,4.611709e-04,1.001033e-03
2.175848e-03,3.888021e-03,1.649020e-03,1.131929e-03,8.837338e-03,9.156085e-03,1.331562e-04,1.844989e-03,3.693306e-02,4.241200e-03,4.802202e-02,8.032306e-01,7.719800e-02,7.977395e-04,7.609953e-04
1.685274e-03,4.684028e-02,3.252386e-03,9.986185e-04,8.001333e-03,6.726279e-03,1.086970e-04,2.293367e-03,1.079546e-01,3.728966e-03,4.434499e-02,7.129097e-01,5.940288e-02,1.100540e-03,6.521470e-04
1.232818e-03,3.479171e-02,2.514561e-03,9.567335e-04,6.260897e-03,5.977610e-03,9.337079e-05,1.993921e-03,1.456261e-01,4.008965e-03,4.250824e-02,7.042837e-01,4.504428e-02,4.215241e-03,4.919131e-04
1.176007e-03,2.792277e-02,3.015315e-03,1.862583e-03,6.473223e-03,7.140301e-03,1.334273e-04,4.022131e-03,2.508116e-01,9.093263e-03,6.882572e-02,5.815681e-01,3.333600e-02,4.149584e-03,4.699396e-04
9.629687e-04,2.490147e-02,2.744644e-03,1.760181e-03,6.825683e-03,6.447097e-03,1.017653e-04,2.953871e-03,4.343208e-01,8.737845e-03,6.563418e-02,4.162240e-01,2.380927e-02,3.758906e-03,8.173251e-04
7.819457e-04,1.779620e-02,2.111230e-03,1.587094e-03,5.313680e-03,5.829052e-03,8.576655e-05,2.259740e-03,5.916116e-01,6.545556e-03,4.932328e-02,2.949549e-01,1.713837e-02,3.807370e-03,8.540519e-04
2.349508e-03,1.271490e-02,3.047142e-03,2.171965e-03,6.554287e-03,2.427218e-02,2.316536e-04,1.729079e-02,6.643624e-01,4.998760e-03,3.848951e-02,2.074779e-01,1.221001e-02,2.915283e-03,9.135347e-04
2.727088e-03,1.018133e-02,2.534112e-03,3.053189e-03,6.452221e-03,4.210130e-02,1.743846e-04,1.313576e-02,7.187237e-01,3.930797e-03,3.179310e-02,1.493198e-01,1.128527e-02,3.076464e-03,1.511499e-03
6.223887e-03,9.970352e-03,2.381864e-03,3.830000e-03,8.839235e-03,4.580872e-02,1.344252e-04,9.680176e-03,7.421669e-01,3.374284e-03,3.391220e-02,1.097091e-01,1.250351e-02,5.771524e-03,5.693723e-03
6.369458e-03,8.108421e-03,1.948818e-03,6.076097e-03,6.915109e-03,3.577615e-02,1.047186e-04,6.871808e-03,7.932557e-01,3.022622e-03,3.054900e-02,7.810856e-02,1.162666e-02,4.977353e-03,6.289541e-03
7.145893e-03,7.310044e-03,1.776278e-03,5.882137e-03,6.292773e-03,3.872222e-02,8.823477e-05,4.849476e-03,7.733493e-01,2.596592e-03,6.948492e-02,5.622900e-02,1.352796e-02,6.991356e-03,5.753764e-03
5.430160e-03,5.440539e-03,1.639453e-03,5.309542e-03,4.713893e-03,2.803294e-02,6.817689e-05,3.416426e-03,8.051077e-01,2.122734e-03,6.977210e-02,3.980958e-02,1.079410e-02,1.161925e-02,6.723394e-03
3.889141e-03,4.008301e-03,1.611539e-03,4.190301e-03,3.386519e-03,1.968667e-02,5.842233e-05,2.411035e-03,7.911880e-01,2.415524e-03,8.871007e-02,2.947327e-02,8.635182e-03,3.173524e-02,8.600771e-03
2.823912e-03,2.950164e-03,1.821439e-03,3.319896e-03,2.501189e-03,1.387721e-02,5.668210e-05,1.716166e-03,7.275282e-01,2.194411e-03,1.273775e-01,2.183345e-02,6.900714e-03,7.702381e-02,8.075258e-03
2.242550e-03,2.453520e-03,2.481798e-03,3.352347e-03,1.856695e-03,9.925853e-03,6.443622e-05,1.238386e-03,5.739234e-01,1.821056e-03,2.801606e-01,2.185864e-02,6.834954e-03,8.540189e-02,6.383826e-03
1.774985e-03,2.026252e-03,2.613302e-03,2.600835e-03,1.406074e-03,7.692270e-03,5.866428e-05,8.801830e-04,4.173233e-01,1.425863e-03,3.683544e-01,2.882996e-02,6.185238e-03,1.539287e-01,4.900036e-03
