1.000000e+00,0.000000e+00,0.000000e+00,0.000000e+00,0.000000e+00,0.000000e+00,0.000000e+00,0.000000e+00,0.000000e+00,0.000000e+00,0.000000e+00,0.000000e+00,0.000000e+00,0.000000e+00,0.000000e+00
1.000000e+00,0.000000e+00,0.000000e+00,0.000000e+00,0.000000e+00,0.000000e+00,0.000000e+00,0.000000e+00,0.000000e+00,0.000000e+00,0.000000e+00,0.000000e+00,0.000000e+00,0.000000e+00,0.000000e+00
1.000000e+00,0.000000e+00,0.000000e+00,0.000000e+00,0.000000e+00,0.000000e+00,0.000000e+00,0.000000e+00,0.000000e+00,0.000000e+00,0.000000e+00,0.000000e+00,0.000000e+00,0.000000e+00,0.000000e+00
1.000000e+00,0.000000e+00,0.000000e+00,0.000000e+00,0.000000e+00,0.000000e+00,0.000000e+00,0.000000e+00,0.000000e+00,0.000000e+00,0.000000e+00,0.000000e+00,0.000000e+00,0.000000e+00,0.000000e+00
1.000000e+00,0.000000e+00,0.000000e+00,0.000000e+00,0.000000e+00,0.000000e+00,0.000000e+00,0.000000e+00,0.000000e+00,0.000000e+00,0.000000e+00,0.000000e+00,0.000000e+00,0.000000e+00,0.000000e+00
1.000000e+00,0.000000e+00,0.000000e+00,0.000000e+00,0.000000e+00,0.000000e+00,0.000000e+00,0.000000e+00,0.000000e+00,0.000000e+00,0.000000e+00,0.000000e+00,0.000000e+00,0.000000e+00,0.000000e+00
1.000000e+00,0.000000e+00,0.000000e+00,0.000000e+00,0.000000e+00,0.000000e+00,0.000000e+00,0.000000e+00,0.000000e+00,0.000000e+00,0.000000e+00,0.000000e+00,0.000000e+00,0.000000e+00,0.000000e+00
1.000000e+00,0.000000e+00,0.000000e+00,0.000000e+00,0.000000e+00,0.000000e+00,0.000000e+00,0.000000e+00,0.000000e+00,0.000000e+00,0.000000e+00,0.000000e+00,0.000000e+00,0.000000e+00,0.000000e+00
1.000000e+00,0.000000e+00,0.000000e+00,0.000000e+00,0.000000e+00,0.000000e+00,0.000000e+00,0.000000e+00,0.000000e+00,0.000000e+00,0.000000e+00,0.000000e+00,0.000000e+00,0.000000e+00,0.000000e+00
1.000000e+00,0.000000e+00,0.000000e+00,0.000000e+00,0.000000e+00,0.000000e+00,0.000000e+00,0.000000e+00,0.000000e+00,0.000000e+00,0.000000e+00,0.000000e+00,0.000000e+00,0.000000e+00,0.000000e+00
1.000000e+00,0.000000e+00,0.000000e+00,0.000000e+00,0.000000e+00,0.000000e+00,0.000000e+00,0.000000e+00,0.000000e+00,0.000000e+00,0.000000e+00,0.000000e+00,0.000000e+00,0.000000e+00,0.000000e+00
1.000000e+00,0.000000e+00,0.000000e+00,0.000000e+00,0.000000e+00,0.000000e+00,0.000000e+00,0.000000e+00,0.000000e+00,0.000000e+00,0.000000e+00,0.000000e+00,0.000000e+00,0.000000e+00,0.000000e+00
1.000000e+00,0.000000e+00,0.000000e+00,0.000000e+00,0.000000e+00,0.000000e+00,0.000000e+00,0.000000e+00,0.000000e+00,0.000000e+00,0.000000e+00,0.000000e+00,0.000000e+00,0.000000e+00,0.000000e+00
1.000000e+00,0.000000e+00,0.000000e+00,0.000000e+00,0.000000e+00,0.000000e+00,0.000000e+00,0.000000e+00,0.000000e+00,0.000000e+00,0.000000e+00,0.000000e+00,0.000000e+00,0.000000e+00,0.000000e+00
1.000000e+00,0.000000e+00,0.000000e+00,0.000000e+00,0.000000e+00,0.000000e+00,0.000000e+00,0.000000e+00,0.000000e+00,0.000000e+00,0.000000e+00,0.000000e+00,0.000000e+00,0.000000e+00,0.000000e+00
1.000000e+00,0.000000e+00,0.000000e+00,0.000000e+00,0.000000e+00,0.000000e+00,0.000000e+00,0.000000e+00,0.000000e+00,0.000000e+00,0.000000e+00,0.000000e+00,0.000000e+00,0.000000e+00,0.000000e+00
1.000000e+00,0.000000e+00,0.000000e+00,0.000000e+00,0.000000e+00,0.000000e+00,0.000000e+00,0.000000e+00,0.000000e+00,0.000000e+00,0.000000e+00,0.000000e+00,0.000000e+00,0.000000e+00,0.000000e+00
1.000000e+00,0.000000e+00,0.000000e+00,0.000000e+00,0.000000e+00,0.000000e+00,0.000000e+00,0.000000e+00,0.000000e+00,0.000000e+00,0.000000e+00,0.000000e+00,0.000000e+00,0.000000e+00,0.000000e+00
1.000000e+00,0.000000e+00,0.000000e+00,0.000000e+00,0.000000e+00,0.000000e+00,0.000000e+00,0.000000e+00,0.000000e+00,0.000000e+00,0.000000e+00,0.000000e+00,0.000000e+00,0.000000e+00,0.000000e+00
1.000000e+00,0.000000e+00,0.000000e+00,0.000000e+00,0.000000e+00,0.000000e+00,0.000000e+00,0.000000e+00,0.000000e+00,0.000000e+00,0.000000e+00,0.000000e+00,0.000000e+00,0.000000e+00,0.000000e+00
1.000000e+00,0.000000e+00,0.000000e+00,0.000000e+00,0.000000e+00,0.000000e+00,0.000000e+00,0.000000e+00,0.000000e+00,0.000000e+00,0.000000e+00,0.000000e+00,0.000000e+00,0.000000e+00,0.000000e+00
1.000000e+00,0.000000e+00,0.000000e+00,0.000000e+00,0.000000e+00,0.000000e+00,0.000000e+00,0.000000e+00,0.000000e+00,0.000000e+00,0.000000e+00,0.000000e+00,0.000000e+00,0.000000e+00,0.000000e+00
1.000000e+00,0.000000e+00,0.000000e+00,0.000000e+00,0.000000e+00,0.000000e+00,0.000000e+00,0.000000e+00,0.000000e+00,0.000000e+00,0.000000e+00,0.000000e+00,0.000000e+00,0.000000e+00,0.000000e+00
1.000000e+00,0.000000e+00,0.000000e+00,0.000000e+00,0.000000e+00,0.000000e+00,0.000000e+00,0.000000e+00,0.000000e+00,0.000000e+00,0.000000e+00,0.000000e+00,0.000000e+00,0.000000e+00,0.000000e+00
1.000000e+00,0.000000e+00,0.000000e+00,0.000000e+00,0.000000e+00,0.000000e+00,0.000000e+00,0.000000e+00,0.000000e+00,0.000000e+00,0.000000e+00,0.000000e+00,0.000000e+00,0.000000e+00,0.000000e+00
1.000000e+00,0.000000e+00,0.000000e+00,0.000000e+00,0.000000e+00,0.000000e+00,0.000000e+00,0.000000e+00,0.000000e+00,0.000000e+00,0.000000e+00,0.000000e+00,0.000000e+00,0.000000e+00,0.000000e+00
1.000000e+00,0.000000e+00,0.000000e+00,0.000000e+00,0.000000e+00,0.000000e+00,0.000000e+00,0.000000e+00,0.000000e+00,0.000000e+00,0.000000e+00,0.000000e+00,0.000000e+00,0.000000e+00,0.000000e+00
1.000000e+00,0.000000e+00,0.000000e+00,0.000000e+00,0.000000e+00,0.000000e+00,0.000000e+00,0.000000e+00,0.000000e+00,0.000000e+00,0.000000e+00,0.000000e+00,0.000000e+00,0.000000e+00,0.000000e+00
1.000000e+00,0.000000e+00,0.000000e+00,0.000000e+00,0.000000e+00,0.000000e+00,0.000000e+00,0.000000e+00,0.000000e+00,0.000000e+00,0.000000e+00,0.000000e+00,0.000000e+00,0.000000e+00,0.000000e+00
1.000000e+00,0.000000e+00,0.000000e+00,0.000000e+00,0.000000e+00,0.000000e+00,0.000000e+00,0.000000e+00,0.000000e+00,0.000000e+00,0.000000e+00,0.000000e+00,0.000000e+00,0.000000e+00,0.000000e+00
1.000000e+00,0.000000e+00,0.000000e+00,0.000000e+00,0.000000e+00,0.000000e+00,0.000000e+00,0.000000e+00,0.000000e+00,0.000000e+00,0.000000e+00,0.000000e+00,0.000000e+00,0.000000e+00,0.000000e+00
1.000000e+00,0.000000e+00,0.000000e+00,0.000000e+00,0.000000e+00,0.000000e+00,0.000000e+00,0.000000e+00,0.000000e+00,0.000000e+00,0.000000e+00,0.000000e+00,0.000000e+00,0.000000e+00,0.000000e+00
1.000000e+00,0.000000e+00,0.000000e+00,0.000000e+00,0.000000e+00,0.000000e+00,0.000000e+00,0.000000e+00,0.000000e+00,0.000000e+00,0.000000e+00,0.000000e+00,0.000000e+00,0.000000e+00,0.000000e+00
1.000000e+00,0.000000e+00,0.000000e+00,0.000000e+00,0.000000e+00,0.000000e+00,0.000000e+00,0.000000e+00,0.000000e+00,0.000000e+00,0.000000e+00,0.000000e+00,0.000000e+00,0.000000e+00,0.000000e+00
1.000000e+00,0.000000e+00,0.000000e+00,0.000000e+00,0.000000e+00,0.000000e+00,0.000000e+00,0.000000e+00,0.000000e+00,0.000000e+00,0.000000e+00,0.000000e+00,0.000000e+00,0.000000e+00,0.000000e+00
1.000000e+00,0.000000e+00,0.000000e+00,0.000000e+00,0.000000e+00,0.000000e+00,0.000000e+00,0.000000e+00,0.000000e+00,0.000000e+00,0.000000e+00,0.000000e+00,0.000000e+00,0.000000e+00,0.000000e+00
1.000000e+00,0.000000e+00,0.000000e+00,0.000000e+00,0.000000e+00,0.000000e+00,0.000000e+00,0.000000e+00,0.000000e+00,0.000000e+00,0.000000e+00,0.000000e+00,0.000000e+00,0.000000e+00,0.000000e+00
1.000000e+00,0.000000e+00,0.000000e+00,0.000000e+00,0.000000e+00,0.000000e+00,0.000000e+00,0.000000e+00,0.000000e+00,0.000000e+00,0.000000e+00,0.000000e+00,0.000000e+00,0.000000e+00,0.000000e+00
1.000000e+00,0.000000e+00,0.000000e+00,0.000000e+00,0.000000e+00,0.000000e+00,0.000000e+00,0.000000e+00,0.000000e+00,0.000000e+00,0.000000e+00,0.000000e+00,0.000000e+00,0.000000e+00,0.000000e+00
1.000000e+00,0.000000e+00,0.000000e+00,0.000000e+00,0.000000e+00,0.000000e+00,0.000000e+00,0.000000e+00,0.000000e+00,0.000000e+00,0.000000e+00,0.000000e+00,0.000000e+00,0.000000e+00,0.000000e+00
1.000000e+00,0.000000e+00,0.000000e+00,0.000000e+00,0.000000e+00,0.000000e+00,0.000000e+00,0.000000e+00,0.000000e+00,0.000000e+00,0.000000e+00,0.000000e+00,0.000000e+00,0.000000e+00,0.000000e+00
1.000000e+00,0.000000e+00,0.000000e+00,0.000000e+00,0.000000e+00,0.000000e+00,0.000000e+00,0.000000e+00,0.000000e+00,0.000000e+00,0.000000e+00,0.000000e+00,0.000000e+00,0.000000e+00,0.000000e+00
1.000000e+00,0.000000e+00,0.000000e+00,0.000000e+00,0.000000e+00,0.000000e+00,0.000000e+00,0.000000e+00,0.000000e+00,0.000000e+00,0.000000e+00,0.000000e+00,0.000000e+00,0.000000e+00,0.000000e+00
1.000000e+00,0.000000e+00,0.000000e+00,0.000000e+00,0.000000e+00,0.000000e+00,0.000000e+00,0.000000e+00,0.000000e+00,0.000000e+00,0.000000e+00,0.000000e+00,0.000000e+00,0.000000e+00,0.000000e+00
1.000000e+00,0.000000e+00,0.000000e+00,0.000000e+00,0.000000e+00,0.000000e+00,0.000000e+00,0.000000e+00,0.000000e+00,0.000000e+00,0.000000e+00,0.000000e+00,0.000000e+00,0.000000e+00,0.000000e+00
1.000000e+00,0.000000e+00,0.000000e+00,0.000000e+00,0.000000e+00,0.000000e+00,0.000000e+00,0.000000e+00,0.000000e+00,0.000000e+00,0.000000e+00,0.000000e+00,0.000000e+00,0.000000e+00,0.000000e+00
1.000000e+00,0.000000e+00,0.000000e+00,0.000000e+00,0.000000e+00,0.000000e+00,0.000000e+00,0.000000e+00,0.000000e+00,0.000000e+00,0.000000e+00,0.000000e+00,0.000000e+00,0.000000e+00,0.000000e+00
1.000000e+00,0.000000e+00,0.000000e+00,0.000000e+00,0.000000e+00,0.000000e+00,0.000000e+00,0.000000e+00,0.000000e+00,0.000000e+00,0.000000e+00,0.000000e+00,0.000000e+00,0.000000e+00,0.000000e+00
1.000000e+00,0.000000e+00,0.000000e+00,0.000000e+00,0.000000e+00,0.000000e+00,0.000000e+00,0.000000e+00,0.000000e+00,0.000000e+00,0.000000e+00,0.000000e+00,0.000000e+00,0.000000e+00,0.000000e+00
1.000000e+00,0.000000e+00,0.000000e+00,0.000000e+00,0.000000e+00,0.000000e+00,0.000000e+00,0.000000e+00,0.000000e+00,0.000000e+00,0.000000e+00,0.000000e+00,0.000000e+00,0.000000e+00,0.000000e+00
1.000000e+00,0.000000e+00,0.000000e+00,0.000000e+00,0.000000e+00,0.000000e+00,0.000000e+00,0.000000e+00,0.000000e+00,0.000000e+00,0.000000e+00,0.000000e+00,0.000000e+00,0.000000e+00,0.000000e+00
4.646954e-01,5.607947e-02,3.585820e-02,1.602483e-01,2.764793e-02,3.284263e-02,1.437519e-02,4.064861e-02,1.949890e-02,3.803315e-03,1.388071e-02,6.572375e-02,2.805596e-02,3.443793e-03,3.319785e-02
3.648769e-01,6.220076e-02,5.515074e-02,2.070394e-01,3.621288e-02,3.151435e-02,1.340292e-02,4.616822e-02,2.092455e-02,3.689595e-03,1.686814e-02,7.356559e-02,2.707504e-02,3.924365e-03,3.738660e-02
2.930292e-01,7.419103e-02,6.996988e-02,2.420386e-01,3.990987e-02,2.870685e-02,1.240000e-02,4.475225e-02,2.313363e-02,4.290108e-03,1.881186e-02,7.439381e-02,2.508409e-02,4.519521e-03,4.476917e-02
3.487946e-01,7.432737e-02,6.004921e-02,2.115185e-01,3.686366e-02,2.687587e-02,1.023943e-02,3.611087e-02,2.253510e-02,4.291311e-03,1.954660e-02,6.736135e-02,2.689217e-02,6.295378e-03,4.829851e-02
3.110940e-01,8.187041e-02,6.042858e-02,2.329606e-01,3.769076e-02,2.744213e-02,9.556964e-03,3.536059e-02,2.140473e-02,4.270477e-03,1.996126e-02,6.623007e-02,2.842981e-02,6.807512e-03,5.649211e-02
2.476552e-01,7.331181e-02,8.870347e-02,3.181533e-01,3.218724e-02,2.253316e-02,7.784548e-03,3.322980e-02,1.812148e-02,3.756334e-03,1.814049e-02,5.482516e-02,2.392237e-02,5.596632e-03,5.207904e-02
3.547924e-01,6.700640e-02,7.417253e-02,2.524316e-01,2.974139e-02,2.124280e-02,7.871268e-03,2.784653e-02,1.670823e-02,3.619778e-03,1.761018e-02,4.867459e-02,2.430337e-02,5.675641e-03,4.830336e-02
4.908363e-01,5.395119e-02,5.441077e-02,1.899340e-01,2.368291e-02,1.828567e-02,6.455833e-03,2.182422e-02,1.388978e-02,3.009941e-03,1.452768e-02,4.050960e-02,2.310740e-02,5.182790e-03,4.039199e-02
1.000000e+00,0.000000e+00,0.000000e+00,0.000000e+00,0.000000e+00,0.000000e+00,0.000000e+00,0.000000e+00,0.000000e+00,0.000000e+00,0.000000e+00,0.000000e+00,0.000000e+00,0.000000e+00,0.000000e+00
1.000000e+00,0.000000e+00,0.000000e+00,0.000000e+00,0.000000e+00,0.000000e+00,0.000000e+00,0.000000e+00,0.000000e+00,0.000000e+00,0.000000e+00,0.000000e+00,0.000000e+00,0.000000e+00,0.000000e+00
1.000000e+00,0.000000e+00,0.000000e+00,0.000000e+00,0.000000e+00,0.000000e+00,0.000000e+00,0.000000e+00,0.000000e+00,0.000000e+00,0.000000e+00,0.000000e+00,0.000000e+00,0.000000e+00,0.000000e+00
1.000000e+00,0.000000e+00,0.000000e+00,0.000000e+00,0.000000e+00,0.000000e+00,0.000000e+00,0.000000e+00,0.000000e+00,0.000000e+00,0.000000e+00,0.000000e+00,0.000000e+00,0.000000e+00,0.000000e+00
1.000000e+00,0.000000e+00,0.000000e+00,0.000000e+00,0.000000e+00,0.000000e+00,0.000000e+00,0.000000e+00,0.000000e+00,0.000000e+00,0.000000e+00,0.000000e+00,0.000000e+00,0.000000e+00,0.000000e+00
3.618476e-01,2.582890e-02,1.216508e-02,2.647633e-01,8.096370e-03,3.082195e-02,3.239710e-03,1.052275e-02,3.809448e-02,2.351793e-03,1.271254e-02,2.084486e-02,1.908367e-01,1.518115e-03,1.635584e-02
2.554236e-01,3.879843e-02,9.160532e-03,2.569931e-01,5.777142e-03,2.664319e-02,2.438726e-03,7.513692e-03,1.802880e-01,3.460227e-03,1.161363e-02,1.556873e-02,1.687454e-01,1.156921e-03,1.641880e-02
1.809944e-01,3.671820e-02,7.052025e-03,2.188080e-01,4.515638e-03,4.026558e-02,2.485521e-03,5.554515e-03,2.007236e-01,3.311848e-03,1.445953e-02,1.484682e-02,2.508830e-01,9.444964e-04,1.843696e-02
1.276517e-01,4.344559e-02,5.412678e-03,1.889488e-01,3.490621e-03,3.602623e-02,1.933731e-03,4.111073e-03,2.409428e-01,3.039551e-03,1.165726e-02,1.354781e-02,3.015245e-01,7.806311e-04,1.748713e-02
9.103400e-02,4.929190e-02,4.736977e-03,1.609752e-01,2.770863e-03,3.931430e-02,1.542840e-03,3.051120e-03,2.869587e-01,3.249421e-03,1.066386e-02,1.366282e-02,3.129235e-01,8.059747e-04,1.901856e-02
6.852852e-02,3.624049e-02,3.566593e-03,1.166999e-01,2.538515e-03,4.999189e-02,1.392983e-03,2.689842e-03,2.133993e-01,2.326959e-03,1.003416e-02,1.738601e-02,4.586774e-01,6.710064e-04,1.585651e-02
5.220523e-02,2.649287e-02,2.602179e-03,8.290908e-02,2.219123e-03,3.863302e-02,1.172172e-03,2.733566e-03,1.552180e-01,1.680809e-03,7.600096e-03,1.506856e-02,5.990682e-01,5.439860e-04,1.185312e-02
3.979834e-02,1.885308e-02,2.685436e-03,6.074820e-02,2.769681e-03,5.179609e-02,1.835340e-03,5.455589e-03,1.139712e-01,1.325426e-03,6.348482e-03,1.542509e-02,6.693488e-01,4.749064e-04,9.164271e-03
3.505842e-02,1.396782e-02,2.444369e-03,4.367146e-02,2.786298e-03,7.185635e-02,2.836290e-03,1.010416e-02,8.568748e-02,1.232708e-03,5.476578e-03,2.334774e-02,6.909250e-01,6.002609e-04,1.000505e-02
2.809548e-02,1.035009e-02,2.326533e-03,3.209940e-02,3.591259e-03,1.425903e-01,2.836995e-03,8.927559e-03,6.465074e-02,1.280749e-03,5.538778e-03,3.437621e-02,6.499377e-01,6.028807e-04,1.279524e-02
2.163668e-02,7.656309e-03,1.886656e-03,2.298257e-02,3.212200e-03,1.219809e-01,2.271614e-03,6.826919e-03,4.725696e-02,1.400493e-03,5.098091e-03,6.272005e-02,6.815211e-01,1.050642e-03,1.249892e-02
1.639056e-02,5.812223e-03,1.577993e-03,1.671483e-02,2.952215e-03,1.017041e-01,1.835590e-03,5.227088e-03,3.747436e-02,1.264117e-03,8.197517e-03,1.000308e-01,6.885402e-01,1.169113e-03,1.110927e-02
2.146651e-02,5.536273e-03,1.659861e-03,1.270404e-02,2.801742e-03,9.705746e-02,1.587340e-03,5.133076e-03,3.636811e-02,1.839467e-03,1.960062e-02,1.833476e-01,5.945398e-01,2.575246e-03,1.378288e-02
1.806118e-02,5.287136e-03,1.567228e-03,1.004225e-02,7.079594e-03,6.992280e-02,1.392455e-03,4.368319e-03,1.766528e-01,1.672204e-03,2.051093e-02,1.725530e-01,4.990208e-01,1.902164e-03,9.967236e-03
9.086036e-02,6.866265e-03,1.039699e-02,2.482152e-02,1.669315e-02,6.462908e-02,3.857527e-03,1.490088e-02,1.959127e-01,3.201926e-03,2.043325e-02,1.469511e-01,3.877732e-01,1.980261e-03,1.072183e-02
8.951831e-02,1.000808e-02,1.232268e-02,2.662552e-02,2.922168e-02,4.856847e-02,3.204159e-03,1.392267e-02,2.903256e-01,4.965798e-03,3.440101e-02,1.225703e-01,3.024875e-01,2.551964e-03,9.306272e-03
1.467603e-01,1.496091e-02,2.166992e-02,4.101690e-02,6.584467e-02,3.860199e-02,7.055463e-03,1.930634e-02,2.692328e-01,5.672954e-03,3.062995e-02,9.312016e-02,2.350455e-01,2.835059e-03,8.247031e-03
1.932206e-01,1.856450e-02,2.021135e-02,4.308634e-02,6.923219e-02,2.994161e-02,6.971015e-03,1.974482e-02,2.782145e-01,7.634920e-03,3.085877e-02,7.866566e-02,1.872455e-01,4.631891e-03,1.177630e-02
1.814165e-01,1.958477e-02,1.628935e-02,5.904173e-02,5.718987e-02,2.370938e-02,1.026683e-02,1.659432e-02,3.287449e-01,1.044967e-02,4.116635e-02,6.787298e-02,1.477029e-01,4.930591e-03,1.503990e-02
1.695659e-01,2.691434e-02,1.324956e-02,6.445299e-02,4.608946e-02,2.079314e-02,1.100216e-02,1.441018e-02,3.542156e-01,1.200501e-02,4.844537e-02,6.222217e-02,1.243896e-01,4.753684e-03,2.749078e-02
1.638637e-01,2.826909e-02,1.615398e-02,6.066976e-02,5.947302e-02,1.848717e-02,1.254765e-02,1.897876e-02,3.294968e-01,1.425069e-02,7.107013e-02,5.402068e-02,1.178937e-01,5.008298e-03,2.981650e-02
1.828132e-01,3.238494e-02,1.453986e-02,5.086799e-02,5.618401e-02,2.316092e-02,1.247275e-02,1.987887e-02,3.113523e-01,1.803302e-02,5.777987e-02,4.596248e-02,1.380579e-01,5.526891e-03,3.098499e-02
1.780022e-01,6.004933e-02,1.318881e-02,4.953493e-02,4.749429e-02,3.688448e-02,1.007194e-02,1.784953e-02,2.921447e-01,2.153472e-02,4.580070e-02,4.083648e-02,1.402897e-01,5.536327e-03,4.078196e-02
2.275232e-01,6.666037e-02,1.108464e-02,5.107013e-02,4.469686e-02,3.312816e-02,8.490756e-03,1.590609e-02,2.665351e-01,2.022284e-02,3.736359e-02,4.348490e-02,1.189187e-01,6.567533e-03,4.834715e-02
2.939842e-01,7.125907e-02,9.934207e-03,5.274409e-02,3.888909e-02,3.060368e-02,7.098511e-03,1.564302e-02,2.254968e-01,1.830766e-02,3.307253e-02,4.131252e-02,1.059798e-01,8.575626e-03,4.709933e-02
2.744940e-01,6.985407e-02,9.792995e-03,3.913637e-02,3.455090e-02,3.883678e-02,6.695593e-03,4.386105e-02,2.108858e-01,1.591279e-02,3.323307e-02,3.534419e-02,9.408015e-02,1.665848e-02,7.666376e-02
2.338881e-01,7.217732e-02,1.411738e-02,3.224696e-02,3.384520e-02,4.842340e-02,5.352366e-03,8.428380e-02,2.023531e-01,1.747918e-02,2.641669e-02,2.699704e-02,9.823035e-02,2.136585e-02,8.282333e-02
1.791289e-01,5.893552e-02,1.583128e-02,2.629499e-02,3.457167e-02,3.924724e-02,4.077951e-03,2.145224e-01,1.730587e-01,1.558550e-02,2.106993e-02,2.257876e-02,1.039347e-01,2.144830e-02,6.971420e-02
1.263186e-01,4.144754e-02,1.263793e-02,1.864754e-02,2.492356e-02,2.849929e-02,3.197483e-03,4.367459e-01,1.238892e-01,1.099262e-02,1.518016e-02,1.634877e-02,7.681632e-02,1.525682e-02,4.909837e-02
8.888900e-02,2.907268e-02,9.358423e-03,1.311728e-02,1.795299e-02,2.048142e-02,2.337557e-03,5.994148e-01,8.725495e-02,7.706497e-03,1.073011e-02,1.165295e-02,5.687201e-02,1.073135e-02,3.442804e-02
6.296928e-02,2.039178e-02,6.928348e-03,9.289307e-03,1.376695e-02,1.524677e-02,1.767068e-03,7.137827e-01,6.123085e-02,5.418759e-03,7.569148e-03,8.213044e-03,4.171972e-02,7.567234e-03,2.413902e-02
4.570748e-02,1.431688e-02,5.169848e-03,6.730824e-03,1.143071e-02,1.241727e-02,1.415862e-03,7.917120e-01,4.296760e-02,3.854690e-03,5.474073e-03,5.820947e-03,3.042360e-02,5.605665e-03,1.695249e-02
3.356247e-02,1.005332e-02,3.768401e-03,4.916520e-03,1.046223e-02,9.730190e-03,1.139628e-03,8.470899e-01,3.015102e-02,2.741898e-03,3.907980e-03,4.157044e-03,2.225152e-02,4.186137e-03,1.188175e-02
2.709818e-02,7.091634e-03,2.716667e-03,3.756045e-03,9.305834e-03,7.496406e-03,8.864700e-04,8.855588e-01,2.120623e-02,1.932499e-03,2.833468e-03,2.964704e-03,1.581240e-02,3.014423e-03,8.326248e-03
2.602569e-02,5.247731e-03,2.090373e-03,3.045242e-03,8.318852e-03,6.465419e-03,7.908023e-04,9.066893e-01,1.517209e-02,1.370047e-03,2.237190e-03,2.220183e-03,1.227877e-02,2.188396e-03,5.860032e-03
2.932425e-02,3.875388e-03,1.673099e-03,2.618043e-03,6.700286e-03,8.029715e-03,1.637669e-03,9.128779e-01,1.078511e-02,9.789940e-04,1.933586e-03,2.007748e-03,1.182079e-02,1.565414e-03,4.172073e-03
2.662660e-02,2.809223e-03,1.566081e-03,2.824673e-03,5.253072e-03,6.147869e-03,1.311720e-03,9.292726e-01,7.715780e-03,7.046357e-04,1.588930e-03,1.598627e-03,8.436550e-03,1.121906e-03,3.021750e-03
2.539609e-02,2.059843e-03,1.672473e-03,2.955991e-03,4.275318e-03,5.002406e-03,1.146088e-03,9.393255e-01,5.589106e-03,5.216463e-04,1.365487e-03,1.451166e-03,6.154473e-03,8.314071e-04,2.253065e-03
3.552471e-02,1.895275e-03,2.779713e-03,3.800525e-03,3.959836e-03,4.413577e-03,1.328886e-03,9.304848e-01,4.508266e-03,6.365579e-04,1.207167e-03,1.655205e-03,4.651826e-03,7.214800e-04,2.432245e-03
5.086394e-02,1.605725e-03,3.357506e-03,3.869868e-03,3.720904e-03,4.389253e-03,1.626510e-03,9.173589e-01,3.415817e-03,6.026406e-04,1.051754e-03,1.634251e-03,3.528181e-03,6.064685e-04,2.368263e-03
5.910712e-02,1.360800e-03,3.982459e-03,4.294056e-03,4.158532e-03,3.533940e-03,1.611007e-03,9.113454e-01,2.522101e-03,5.206304e-04,9.156235e-04,1.444321e-03,2.702950e-03,5.212425e-04,1.979840e-03
1.273846e-01,1.533078e-03,3.724875e-03,5.864870e-03,5.218354e-03,3.537109e-03,1.499898e-03,8.208305e-01,3.087492e-03,6.404455e-04,2.596842e-03,6.371264e-03,1.497959e-02,8.849250e-04,1.846185e-03
1.941918e-01,2.291376e-03,3.446895e-03,9.016376e-03,6.486327e-03,5.074530e-03,1.767937e-03,6.980806e-01,3.465786e-03,8.483620e-04,4.460833e-03,3.300107e-02,3.316058e-02,1.604754e-03,3.102767e-03
1.694992e-01,1.884248e-03,2.762712e-03,9.830767e-03,5.362574e-03,1.063928e-02,3.072923e-03,5.135657e-01,5.518386e-03,7.046309e-04,6.832202e-03,2.323821e-01,3.351789e-02,1.351326e-03,3.076077e-03
1.484221e-01,1.439092e-03,2.396821e-03,1.097828e-02,5.156188e-03,2.167236e-02,8.159067e-03,3.768139e-01,7.918866e-03,5.766103e-04,1.584879e-02,3.651870e-01,3.104538e-02,1.831289e-03,2.554176e-03
1.238472e-01,1.111914e-03,1.784950e-03,8.627671e-03,3.869221e-03,2.586236e-02,6.275402e-03,2.660346e-01,6.820600e-03,4.529766e-04,5.425588e-02,4.711533e-01,2.566967e-02,2.243337e-03,1.990892e-03
1.118032e-01,8.862494e-04,1.351635e-03,6.394143e-03,2.930198e-03,2.106845e-02,4.638926e-03,1.867147e-01,5.238229e-03,4.733344e-04,8.301061e-02,5.501781e-01,1.903944e-02,4.725359e-03,1.547501e-03
8.977108e-02,7.326618e-04,1.014189e-03,4.594040e-03,2.184627e-03,1.552345e-02,3.311858e-03,1.307708e-01,3.894509e-03,4.974985e-04,1.204059e-01,6.070583e-01,1.373438e-02,5.331452e-03,1.175103e-03
6.386170e-02,7.087098e-04,7.335632e-04,3.227970e-03,1.594432e-03,1.093083e-02,2.331431e-03,9.155845e-02,3.246401e-03,4.191905e-04,1.378653e-01,6.687657e-01,9.705557e-03,4.218493e-03,8.321933e-04
4.505796e-02,7.925450e-04,5.605354e-04,2.271935e-03,1.181413e-03,7.686690e-03,1.635820e-03,6.411798e-02,2.738338e-03,3.434378e-04,2.104729e-01,6.525882e-01,6.857829e-03,3.105009e-03,5.893564e-04
3.161294e-02,1.211838e-03,4.661941e-04,1.621631e-03,9.693776e-04,5.402408e-03,1.146731e-03,4.492132e-02,2.682642e-03,3.066657e-04,2.716381e-01,6.305032e-01,4.828528e-03,2.272406e-03,4.159447e-04
2.223311e-02,2.897105e-03,8.109907e-03,2.113598e-03,8.899241e-04,4.297284e-03,8.120222e-04,3.203784e-02,6.249160e-03,3.330130e-04,2.994155e-01,6.152306e-01,3.414250e-03,1.672094e-03,2.945905e-04
1.570312e-02,3.533852e-03,1.100199e-02,3.005248e-03,1.111338e-03,3.425961e-03,5.825129e-04,2.403663e-02,1.041133e-02,5.214438e-04,2.778215e-01,6.448334e-01,2.434214e-03,1.361247e-03,2.161184e-04
1.117616e-02,5.765175e-03,1.644345e-02,4.946710e-03,3.389430e-03,2.782221e-03,4.506337e-04,2.310896e-02,5.227119e-02,9.220299e-04,3.782829e-01,4.972723e-01,1.749042e-03,1.187599e-03,2.521912e-04
8.045531e-03,5.406309e-03,1.375086e-02,4.592843e-03,7.494780e-03,4.208887e-03,4.127919e-04,1.743504e-02,7.685731e-02,1.116681e-03,4.918541e-01,3.662834e-01,1.260365e-03,1.048662e-03,2.324359e-04
5.944158e-03,5.127876e-03,1.099781e-02,4.715696e-03,9.947270e-03,3.369608e-03,3.796785e-04,1.408978e-02,8.605342e-02,1.785247e-03,5.939807e-01,2.607886e-01,9.072553e-04,1.517851e-03,3.950336e-04
4.788587e-03,4.847175e-03,9.245906e-03,4.965840e-03,9.824528e-03,2.826069e-03,3.095848e-04,1.400327e-02,8.389885e-02,1.819937e-03,6.721842e-01,1.869660e-01,7.096169e-04,3.184333e-03,4.260369e-04
4.047383e-03,4.873204e-03,9.585322e-03,9.909954e-03,1.289470e-02,2.283225e-03,2.622145e-04,2.758523e-02,8.286805e-02,2.429000e-03,7.013502e-01,1.378464e-01,5.869820e-04,3.096864e-03,3.811964e-04
4.660009e-03,4.520824e-03,8.536532e-03,1.196797e-02,3.151074e-02,4.072780e-03,4.146500e-04,3.324853e-02,2.015349e-01,5.327972e-03,5.761893e-01,1.125622e-01,1.810374e-03,2.839759e-03,8.034549e-04
5.505156e-03,4.089626e-03,7.324144e-03,1.067592e-02,2.812772e-02,1.165133e-02,8.116639e-04,2.691370e-02,3.055241e-01,6.315751e-03,4.575892e-01,1.217356e-01,8.303716e-03,4.067384e-03,1.365032e-03
5.408439e-03,4.113410e-03,5.815372e-03,8.046756e-03,2.298542e-02,9.703727e-03,7.327422e-04,2.733659e-02,4.064939e-01,1.132393e-02,3.652625e-01,1.091622e-01,1.682143e-02,5.636397e-03,1.157168e-03
5.037682e-03,4.415648e-03,9.875836e-03,6.017373e-03,4.420078e-02,7.249214e-03,7.066261e-04,2.269249e-02,5.051550e-01,1.041390e-02,2.826644e-01,8.112580e-02,1.501045e-02,4.453285e-03,9.814283e-04
3.923377e-03,4.470746e-03,8.559729e-03,4.482296e-03,5.134813e-02,5.893803e-03,6.391689e-04,2.945899e-02,6.053704e-01,8.459997e-03,2.039662e-01,5.778467e-02,1.162402e-02,3.295732e-03,7.226985e-04
5.886214e-03,4.762028e-03,2.163742e-02,5.739959e-03,5.755313e-02,5.287160e-03,2.119145e-03,1.660213e-01,5.247910e-01,7.900822e-03,1.454357e-01,4.103895e-02,8.736336e-03,2.492299e-03,5.985306e-04
9.283263e-03,5.038102e-03,2.993556e-02,5.546885e-03,5.754522e-02,4.575364e-03,3.690010e-03,3.346946e-01,4.021395e-01,6.481797e-03,1.030228e-01,2.912293e-02,6.497661e-03,1.920572e-03,5.056523e-04
1.271505e-02,4.456927e-03,3.363103e-02,6.001315e-03,5.923194e-02,5.356824e-03,5.435468e-03,4.793029e-01,2.875800e-01,5.459424e-03,7.340999e-02,2.070232e-02,4.873085e-03,1.453630e-03,3.900908e-04
1.293669e-02,4.759806e-03,3.766930e-02,5.825409e-03,5.921025e-02,6.682678e-03,4.625126e-03,5.871143e-01,2.048293e-01,4.389987e-03,5.200860e-02,1.472816e-02,3.560157e-03,1.335830e-03,3.245127e-04
1.162493e-02,3.804141e-03,2.973440e-02,5.546430e-03,5.790227e-02,6.171743e-03,3.724657e-03,6.825180e-01,1.447576e-01,3.263323e-03,3.666458e-02,1.038646e-02,2.584397e-03,1.067395e-03,2.497837e-04
1.227064e-02,3.091475e-03,2.240417e-02,4.810202e-03,5.173933e-02,4.777334e-03,3.130388e-03,7.572860e-01,1.020719e-01,2.329240e-03,2.579530e-02,7.324967e-03,1.954363e-03,8.236659e-04,1.910630e-04
1.588523e-02,2.592293e-03,1.662228e-02,4.088711e-03,4.189329e-02,5.284939e-03,3.484353e-03,8.096542e-01,7.188100e-02,1.735955e-03,1.822586e-02,5.265253e-03,2.520744e-03,6.774882e-04,1.883042e-04
2.018045e-02,2.145550e-03,1.222526e-02,3.624945e-03,4.236062e-02,4.947433e-03,3.667830e-03,8.395550e-01,5.055017e-02,1.323461e-03,1.283904e-02,3.798439e-03,2.085304e-03,5.265723e-04,1.699021e-04
2.185324e-02,1.815527e-03,9.540466e-03,3.053219e-03,3.510405e-02,4.245168e-03,3.363124e-03,8.704182e-01,3.576151e-02,9.528826e-04,9.042956e-03,2.706180e-03,1.561482e-03,4.420945e-04,1.398510e-04
2.190832e-02,1.705483e-03,7.179868e-03,2.619516e-03,3.182349e-02,3.908746e-03,3.101036e-03,8.916444e-01,2.529669e-02,6.918857e-04,6.388513e-03,1.949397e-03,1.248923e-03,3.822839e-04,1.515087e-04
2.361070e-02,1.460192e-03,5.350743e-03,2.113518e-03,2.780001e-02,3.298254e-03,2.773841e-03,9.075149e-01,1.804180e-02,5.168137e-04,4.524018e-03,1.447036e-03,9.918655e-04,3.169482e-04,2.394581e-04
8.184091e-02,2.003799e-03,4.763583e-03,2.083282e-03,2.809394e-02,4.590226e-03,2.452131e-03,8.443311e-01,1.383723e-02,1.176177e-03,4.763762e-03,3.738373e-03,3.889485e-03,1.113620e-03,1.322371e-03
7.362586e-02,3.850750e-03,4.213464e-03,7.667565e-03,2.374940e-02,5.230195e-03,2.014878e-03,6.809617e-01,4.594349e-02,1.503705e-02,1.765273e-02,1.989570e-02,7.542457e-02,9.943804e-03,1.478887e-02
7.201666e-02,6.742788e-03,4.117558e-03,1.722368e-02,1.848062e-02,5.797086e-03,2.130417e-03,5.048280e-01,6.449032e-02,2.335073e-02,2.855234e-02,5.991295e-02,1.431514e-01,1.781088e-02,3.139460e-02
5.663765e-02,6.395437e-03,3.621492e-03,1.660868e-02,1.339271e-02,5.056906e-03,1.852303e-03,3.632407e-01,2.370683e-01,2.926665e-02,2.741751e-02,5.373988e-02,1.204969e-01,2.213989e-02,4.306496e-02
4.286905e-02,8.433368e-03,3.241099e-03,1.320673e-02,1.038150e-02,4.340752e-03,1.517308e-03,2.665633e-01,1.946558e-01,2.598661e-02,1.229632e-01,5.587095e-02,1.409564e-01,6.988315e-02,3.913090e-02
3.173922e-02,6.993217e-03,2.420473e-03,1.050172e-02,7.598245e-03,3.267857e-03,1.189372e-03,1.887076e-01,2.168082e-01,2.392936e-02,2.119851e-01,5.019385e-02,1.131511e-01,1.008288e-01,3.068584e-02
2.256996e-02,5.267601e-03,1.780052e-03,8.243253e-03,5.918640e-03,2.510962e-03,8.886106e-04,1.344394e-01,2.147787e-01,1.953201e-02,1.883600e-01,6.737900e-02,1.808160e-01,1.198291e-01,2.768662e-02
1.600453e-02,4.194533e-03,1.313298e-03,5.946667e-03,5.759804e-03,1.852748e-03,6.350281e-04,9.464384e-02,3.113744e-01,1.517052e-02,1.507700e-01,5.643518e-02,1.449580e-01,1.628676e-01,2.807385e-02
1.148066e-02,3.527495e-03,9.730206e-04,4.240029e-03,1.137969e-02,1.470854e-03,4.527236e-04,6.651679e-02,4.346931e-01,1.115907e-02,1.130528e-01,4.398219e-02,1.066652e-01,1.631310e-01,2.727541e-02
8.449599e-03,3.073620e-03,7.059421e-04,2.996104e-03,8.248333e-03,1.279076e-03,3.244900e-04,4.660071e-02,4.879537e-01,8.091230e-03,8.890722e-02,3.167464e-02,7.580285e-02,2.050547e-01,3.083789e-02
6.369101e-03,2.532771e-03,5.317518e-04,2.178276e-03,5.984558e-03,1.117462e-03,2.312106e-04,3.264334e-02,5.067024e-01,5.719396e-03,6.928110e-02,2.317228e-02,5.387336e-02,2.643632e-01,2.529979e-02
6.139273e-03,2.854235e-03,5.211689e-04,1.999318e-03,5.284088e-03,2.167991e-03,2.182178e-04,2.295768e-02,5.207936e-01,4.121691e-03,6.032203e-02,1.723722e-02,3.918416e-02,2.970586e-01,1.914070e-02
1.104623e-02,3.542956e-03,2.899095e-03,2.308591e-03,3.209233e-02,2.212788e-03,3.723725e-04,1.680346e-02,5.968561e-01,3.367638e-03,4.960871e-02,1.443201e-02,3.038949e-02,2.202943e-01,1.377395e-02
1.108951e-02,5.421577e-03,5.649049e-03,2.253059e-03,3.635633e-02,2.341235e-03,4.264287e-04,1.230779e-02,6.165066e-01,3.443087e-03,5.894312e-02,1.318590e-02,2.318389e-02,1.988065e-01,1.008593e-02
1.585625e-02,7.324236e-03,8.832956e-03,2.273085e-03,3.311126e-02,9.995990e-03,5.102717e-04,9.969513e-03,6.595381e-01,2.863280e-03,4.923655e-02,1.035223e-02,1.842087e-02,1.637084e-01,8.006969e-03
2.208030e-02,6.470215e-03,7.682359e-03,2.052159e-03,2.670965e-02,1.026506e-02,4.495582e-04,7.729596e-03,6.834090e-01,2.367511e-03,4.724402e-02,8.796874e-03,1.493374e-02,1.538875e-01,5.922457e-03
2.481379e-02,4.989068e-03,6.604285e-03,2.370781e-03,2.066937e-02,9.643230e-03,3.595821e-04,5.797630e-03,6.951357e-01,4.477928e-03,5.451460e-02,2.229880e-02,2.479379e-02,1.181694e-01,5.362105e-03
1.914549e-02,4.300042e-03,5.460016e-03,3.926382e-03,1.539966e-02,7.392644e-03,2.884506e-04,4.546169e-03,6.708025e-01,4.903200e-03,8.805820e-02,2.498559e-02,4.626326e-02,9.470040e-02,9.827949e-03
2.256080e-02,3.895920e-03,1.867902e-02,9.096024e-03,1.903787e-02,6.686394e-03,5.658084e-04,2.290721e-02,5.888779e-01,6.385763e-03,1.431758e-01,2.403972e-02,4.631845e-02,7.704963e-02,1.072371e-02
2.589985e-02,6.704818e-03,1.956633e-02,8.872624e-03,2.048994e-02,6.465345e-03,2.629388e-03,3.230169e-02,5.988655e-01,1.389223e-02,1.229815e-01,2.004219e-02,3.860243e-02,7.275729e-02,9.928840e-03
2.151009e-02,7.178215e-03,1.741945e-02,8.124441e-03,1.826461e-02,5.445937e-03,2.837990e-03,5.961321e-02,6.248935e-01,1.763210e-02,1.006995e-01,1.768751e-02,3.182414e-02,5.855283e-02,8.316445e-03
1.811346e-02,5.714004e-03,3.015291e-02,1.762621e-02,1.736205e-02,4.055582e-03,2.283410e-03,2.669072e-01,4.587913e-01,1.329894e-02,7.821952e-02,1.310839e-02,2.557087e-02,4.205514e-02,6.740938e-03
1.366541e-02,4.113146e-03,2.205507e-02,1.689932e-02,1.353208e-02,2.961660e-03,1.671451e-03,4.753357e-01,3.232649e-01,9.455981e-03,5.554288e-02,9.215498e-03,1.801254e-02,2.948066e-02,4.793761e-03
1.012753e-02,2.898946e-03,1.574038e-02,1.426683e-02,1.054766e-02,2.140941e-03,1.219868e-03,6.276542e-01,2.265051e-01,6.669344e-03,3.909095e-02,6.473539e-03,1.264815e-02,2.065252e-02,3.364007e-03
8.888691e-03,2.067816e-03,1.115943e-02,1.101462e-02,1.191220e-02,2.503027e-03,9.140775e-04,7.300279e-01,1.587642e-01,4.706688e-03,2.759930e-02,4.555467e-03,8.971296e-03,1.455104e-02,2.364278e-03
9.096262e-03,1.498164e-03,7.886071e-03,8.700692e-03,1.428250e-02,2.631734e-03,7.158773e-04,7.994386e-01,1.114034e-01,3.320284e-03,1.953885e-02,3.203813e-03,6.384590e-03,1.023835e-02,1.660829e-03
1.303808e-02,1.084332e-03,5.593304e-03,6.926447e-03,1.643084e-02,2.562799e-03,5.596884e-04,8.444502e-01,7.804108e-02,2.332484e-03,1.377801e-02,2.279680e-03,4.558712e-03,7.196518e-03,1.167846e-03
1.682757e-02,8.299992e-04,3.988536e-03,5.242315e-03,1.599837e-02,2.057003e-03,4.442943e-04,8.776637e-01,5.471725e-02,1.646855e-03,9.744871e-03,1.681022e-03,3.278760e-03,5.055177e-03,8.242530e-04
2.498984e-02,6.161361e-04,2.910237e-03,4.032049e-03,1.546584e-02,1.998807e-03,4.361487e-04,8.953228e-01,3.836513e-02,1.158439e-03,6.908480e-03,1.253459e-03,2.404169e-03,3.553776e-03,5.847651e-04
2.784787e-02,4.627621e-04,2.111691e-03,3.056346e-03,1.680716e-02,2.084550e-03,4.312451e-04,9.087870e-01,2.689154e-02,8.152588e-04,4.953603e-03,9.783520e-04,1.854392e-03,2.498775e-03,4.194689e-04
2.692036e-02,3.563272e-04,1.559407e-03,2.339493e-03,1.594990e-02,1.903304e-03,3.922015e-04,9.233795e-01,1.885149e-02,5.744132e-04,3.545282e-03,7.500866e-04,1.419222e-03,1.757068e-03,3.020057e-04
3.221797e-02,3.119525e-04,1.242203e-03,1.893072e-03,1.275934e-02,2.786186e-03,4.635245e-04,9.283761e-01,1.322512e-02,4.164571e-04,2.678494e-03,8.078330e-04,1.299813e-03,1.255693e-03,2.663418e-04
4.660715e-02,3.600940e-04,9.962467e-04,1.562789e-03,1.062152e-02,6.236647e-03,6.290852e-04,9.156092e-01,9.499079e-03,3.211921e-04,2.552480e-03,1.411487e-03,2.349240e-03,9.231834e-04,3.205765e-04
3.464096e-02,3.088166e-04,8.218208e-04,1.668107e-03,7.686369e-03,6.635848e-03,6.914681e-04,7.420286e-01,6.890907e-03,7.534077e-04,5.961740e-03,5.458326e-02,1.351103e-01,1.406434e-03,8.120022e-04
2.459924e-02,2.835828e-04,5.841235e-04,1.364435e-03,5.473897e-03,4.878707e-03,5.148207e-04,5.270673e-01,5.171348e-03,1.449422e-03,1.210808e-02,1.352934e-01,2.759380e-01,4.447996e-03,8.256488e-04
1.752554e-02,3.133483e-04,4.155814e-04,1.040373e-03,3.885631e-03,3.647543e-03,3.831604e-04,3.749580e-01,4.179470e-03,1.192625e-03,1.470306e-02,2.543584e-01,3.140053e-01,8.690063e-03,7.018616e-04
1.251929e-02,5.029042e-04,3.104864e-04,9.199656e-04,2.853910e-03,2.806296e-03,2.853422e-04,2.638912e-01,8.300475e-03,9.232270e-04,6.843203e-02,3.904839e-01,2.299420e-01,1.728780e-02,5.412364e-04
8.769427e-03,3.664292e-04,2.275997e-04,6.601788e-04,2.067265e-03,1.988123e-03,2.086672e-04,1.848571e-01,8.361001e-03,6.839426e-04,4.905731e-02,5.642830e-01,1.642448e-01,1.383993e-02,3.852834e-04
6.139379e-03,2.836696e-04,1.646019e-04,4.774208e-04,1.543153e-03,1.393281e-03,1.477965e-04,1.294229e-01,1.884267e-02,5.675331e-04,3.546306e-02,6.757256e-01,1.183088e-01,1.124459e-02,2.756409e-04
4.302948e-03,2.165141e-04,1.413158e-04,3.935783e-04,1.125972e-03,1.023046e-03,1.103720e-04,9.063127e-02,7.612909e-02,6.440830e-04,2.717939e-02,7.002840e-01,8.536030e-02,1.222746e-02,2.306939e-04
3.014547e-03,1.584960e-04,1.018854e-04,3.258847e-04,8.165651e-04,7.282975e-04,7.770058e-05,6.344552e-02,1.400036e-01,5.667074e-04,1.992215e-02,6.963139e-01,6.091268e-02,1.343060e-02,1.814260e-04
2.119102e-03,1.223902e-04,8.512417e-05,2.774510e-04,6.379018e-04,5.206749e-04,5.458079e-05,4.441734e-02,2.742994e-01,4.918661e-04,1.685118e-02,6.014591e-01,4.352081e-02,1.499504e-02,1.479695e-04
1.564860e-03,1.761990e-04,8.246616e-04,1.722859e-03,2.222043e-03,2.070047e-03,5.235851e-05,3.120737e-02,3.859489e-01,2.623291e-03,3.285883e-02,4.446463e-01,4.156807e-02,5.210397e-02,4.102713e-04
1.229477e-03,3.988543e-04,2.578074e-03,2.821951e-03,3.081641e-03,2.333958e-03,4.587190e-05,2.192733e-02,4.170940e-01,3.629771e-03,3.906362e-02,3.594676e-01,3.115172e-02,1.146178e-01,5.583116e-04
9.852798e-04,1.271668e-03,6.823361e-03,2.185302e-03,2.461026e-03,1.954924e-03,3.608860e-05,1.535849e-02,5.421543e-01,2.819187e-03,3.507763e-02,2.583136e-01,2.265068e-02,1.073496e-01,5.588720e-04
7.856389e-04,1.033175e-03,6.368074e-03,1.763055e-03,1.884678e-03,1.792383e-03,2.839662e-05,1.075801e-02,6.364715e-01,2.252988e-03,2.944504e-02,1.820996e-01,1.619064e-02,1.085552e-01,5.715961e-04
6.177248e-04,1.103528e-03,7.774661e-03,1.470938e-03,1.545626e-03,2.141597e-03,2.401246e-05,7.534325e-03,6.836549e-01,2.101637e-03,2.622510e-02,1.279957e-01,1.144289e-02,1.250998e-01,1.267615e-03
5.545543e-04,9.476747e-04,7.832683e-03,1.899855e-03,1.296335e-03,3.867706e-03,3.073531e-05,5.351014e-03,7.357677e-01,3.227436e-03,2.426123e-02,8.977411e-02,8.506601e-03,1.129435e-01,3.738884e-03
7.892773e-04,9.023810e-04,9.325645e-03,5.044667e-03,1.319673e-03,4.266391e-02,4.059681e-04,4.448537e-03,7.038259e-01,5.041334e-03,3.531436e-02,6.414459e-02,1.127984e-02,1.067546e-01,8.739420e-03
2.250088e-03,1.568459e-03,9.913226e-03,6.959833e-03,8.216018e-03,5.677501e-02,1.332621e-03,4.688007e-03,6.638415e-01,6.963336e-03,5.737759e-02,4.730910e-02,1.182235e-02,1.080609e-01,1.292202e-02
3.987209e-03,2.036609e-03,1.400528e-02,9.299592e-03,1.329759e-02,7.169926e-02,3.158662e-03,2.068822e-02,6.254556e-01,1.156058e-02,6.060843e-02,3.563755e-02,1.108515e-02,1.019036e-01,1.557668e-02
8.237606e-03,9.801317e-03,1.569900e-02,2.268790e-02,2.349035e-02,9.400325e-02,8.057004e-03,5.234243e-02,5.249291e-01,1.321284e-02,5.569895e-02,2.804759e-02,1.500657e-02,1.110733e-01,1.771281e-02
7.631487e-03,1.382298e-02,2.050328e-02,1.261010e-01,1.819146e-02,7.454880e-02,5.758809e-03,3.796755e-02,5.094392e-01,1.012376e-02,4.104932e-02,2.093369e-02,1.451494e-02,7.914911e-02,2.026463e-02
1.501200e-02,1.786811e-02,3.574705e-02,1.049612e-01,2.068826e-02,5.975238e-02,4.218673e-03,4.986603e-02,5.262190e-01,8.891260e-03,3.291901e-02,1.587329e-02,1.310537e-02,7.376297e-02,2.111544e-02
2.068977e-02,2.265105e-02,2.973999e-02,1.037386e-01,4.180934e-02,4.770768e-02,3.414861e-03,1.191219e-01,4.845515e-01,6.703678e-03,2.402842e-02,1.196353e-02,1.089723e-02,5.464802e-02,1.833446e-02
2.698458e-02,2.120520e-02,2.356135e-02,8.119990e-02,4.947116e-02,4.096905e-02,2.838373e-03,2.200074e-01,4.308456e-01,4.862065e-03,1.778336e-02,8.892983e-03,9.091257e-03,4.732536e-02,1.496244e-02
2.492690e-02,1.692325e-02,1.804290e-02,5.972448e-02,5.782150e-02,3.059846e-02,2.439057e-03,3.443847e-01,3.707074e-01,3.468228e-03,1.273640e-02,6.375066e-03,6.599459e-03,3.426175e-02,1.099050e-02
2.991640e-02,3.006026e-02,1.765843e-02,4.343791e-02,5.131228e-02,2.411284e-02,2.391495e-03,4.120935e-01,3.296730e-01,2.598034e-03,9.361262e-03,4.887810e-03,5.264632e-03,2.749302e-02,9.739116e-03
2.957696e-02,3.535097e-02,1.381416e-02,3.109833e-02,5.063953e-02,2.088491e-02,2.056563e-03,4.610230e-01,3.111279e-01,1.859659e-03,6.833396e-03,3.607639e-03,3.931813e-03,2.101129e-02,7.183890e-03
4.152995e-02,4.579632e-02,1.148149e-02,2.254125e-02,4.378621e-02,1.718871e-02,2.300194e-03,4.971693e-01,2.818013e-01,1.377399e-03,5.506799e-03,3.149236e-03,3.232057e-03,1.687782e-02,6.261937e-03
4.972364e-02,6.013194e-02,1.134001e-02,1.712592e-02,3.660788e-02,1.520539e-02,3.073814e-03,5.453037e-01,2.295099e-01,1.029900e-03,4.548103e-03,3.153164e-03,3.219388e-03,1.452283e-02,5.504340e-03
4.588424e-02,9.505905e-02,9.215244e-03,1.249736e-02,2.985288e-02,1.207490e-02,2.710027e-03,5.928513e-01,1.739606e-01,7.704048e-04,3.767591e-03,2.621528e-03,2.787139e-03,1.118170e-02,4.765917e-03
4.695628e-02,1.116465e-01,7.628474e-03,9.056432e-03,2.217044e-02,9.176310e-03,2.379975e-03,6.406479e-01,1.301183e-01,5.864851e-04,2.854367e-03,2.259183e-03,2.259531e-03,8.341004e-03,3.918815e-03
4.231293e-02,9.430342e-02,6.093077e-03,6.523449e-03,1.598668e-02,6.669199e-03,1.782587e-03,7.141441e-01,9.692363e-02,4.315850e-04,2.168965e-03,1.955772e-03,1.743627e-03,6.017056e-03,2.943929e-03
6.909879e-02,7.187751e-02,5.726612e-03,1.523974e-02,1.413167e-02,5.802428e-03,1.472039e-03,6.714689e-01,1.046509e-01,2.628251e-03,9.046976e-03,9.645540e-03,5.736015e-03,5.490763e-03,7.983910e-03
1.369500e-01,5.373275e-02,5.259512e-03,2.005001e-02,1.151943e-02,6.699380e-03,1.246391e-03,5.648059e-01,9.976249e-02,4.529527e-03,2.623123e-02,2.827915e-02,1.178411e-02,8.492201e-03,2.065797e-02
