1.000000e+00,0.000000e+00,0.000000e+00,0.000000e+00,0.000000e+00,0.000000e+00,0.000000e+00,0.000000e+00,0.000000e+00,0.000000e+00,0.000000e+00,0.000000e+00,0.000000e+00,0.000000e+00,0.000000e+00
1.000000e+00,0.000000e+00,0.000000e+00,0.000000e+00,0.000000e+00,0.000000e+00,0.000000e+00,0.000000e+00,0.000000e+00,0.000000e+00,0.000000e+00,0.000000e+00,0.000000e+00,0.000000e+00,0.000000e+00
1.000000e+00,0.000000e+00,0.000000e+00,0.000000e+00,0.000000e+00,0.000000e+00,0.000000e+00,0.000000e+00,0.000000e+00,0.000000e+00,0.000000e+00,0.000000e+00,0.000000e+00,0.000000e+00,0.000000e+00
1.000000e+00,0.000000e+00,0.000000e+00,0.000000e+00,0.000000e+00,0.000000e+00,0.000000e+00,0.000000e+00,0.000000e+00,0.000000e+00,0.000000e+00,0.000000e+00,0.000000e+00,0.000000e+00,0.000000e+00
1.000000e+00,0.000000e+00,0.000000e+00,0.000000e+00,0.000000e+00,0.000000e+00,0.000000e+00,0.000000e+00,0.000000e+00,0.000000e+00,0.000000e+00,0.000000e+00,0.000000e+00,0.000000e+00,0.000000e+00
1.000000e+00,0.000000e+00,0.000000e+00,0.000000e+00,0.000000e+00,0.000000e+00,0.000000e+00,0.000000e+00,0.000000e+00,0.000000e+00,0.000000e+00,0.000000e+00,0.000000e+00,0.000000e+00,0.000000e+00
1.000000e+00,0.000000e+00,0.000000e+00,0.000000e+00,0.000000e+00,0.000000e+00,0.000000e+00,0.000000e+00,0.000000e+00,0.000000e+00,0.000000e+00,0.000000e+00,0.000000e+00,0.000000e+00,0.000000e+00
1.000000e+00,0.000000e+00,0.000000e+00,0.000000e+00,0.000000e+00,0.000000e+00,0.000000e+00,0.000000e+00,0.000000e+00,0.000000e+00,0.000000e+00,0.000000e+00,0.000000e+00,0.000000e+00,0.000000e+00
1.000000e+00,0.000000e+00,0.000000e+00,0.000000e+00,0.000000e+00,0.000000e+00,0.000000e+00,0.000000e+00,0.000000e+00,0.000000e+00,0.000000e+00,0.000000e+00,0.000000e+00,0.000000e+00,0.000000e+00
1.000000e+00,0.000000e+00,0.000000e+00,0.000000e+00,0.000000e+00,0.000000e+00,0.000000e+00,0.000000e+00,0.000000e+00,0.000000e+00,0.000000e+00,0.000000e+00,0.000000e+00,0.000000e+00,0.000000e+00
1.000000e+00,0.000000e+00,0.000000e+00,0.000000e+00,0.000000e+00,0.000000e+00,0.000000e+00,0.000000e+00,0.000000e+00,0.000000e+00,0.000000e+00,0.000000e+00,0.000000e+00,0.000000e+00,0.000000e+00
1.000000e+00,0.000000e+00,0.000000e+00,0.000000e+00,0.000000e+00,0.000000e+00,0.000000e+00,0.000000e+00,0.000000e+00,0.000000e+00,0.000000e+00,0.000000e+00,0.000000e+00,0.000000e+00,0.000000e+00
1.000000e+00,0.000000e+00,0.000000e+00,0.000000e+00,0.000000e+00,0.000000e+00,0.000000e+00,0.000000e+00,0.000000e+00,0.000000e+00,0.000000e+00,0.000000e+00,0.000000e+00,0.000000e+00,0.000000e+00
1.000000e+00,0.000000e+00,0.000000e+00,0.000000e+00,0.000000e+00,0.000000e+00,0.000000e+00,0.000000e+00,0.000000e+00,0.000000e+00,0.000000e+00,0.000000e+00,0.000000e+00,0.000000e+00,0.000000e+00
1.000000e+00,0.000000e+00,0.000000e+00,0.000000e+00,0.000000e+00,0.000000e+00,0.000000e+00,0.000000e+00,0.000000e+00,0.000000e+00,0.000000e+00,0.000000e+00,0.000000e+00,0.000000e+00,0.000000e+00
1.000000e+00,0.000000e+00,0.000000e+00,0.000000e+00,0.000000e+00,0.000000e+00,0.000000e+00,0.000000e+00,0.000000e+00,0.000000e+00,0.000000e+00,0.000000e+00,0.000000e+00,0.000000e+00,0.000000e+00
1.000000e+00,0.000000e+00,0.000000e+00,0.000000e+00,0.000000e+00,0.000000e+00,0.000000e+00,0.000000e+00,0.000000e+00,0.000000e+00,0.000000e+00,0.000000e+00,0.000000e+00,0.000000e+00,0.000000e+00
1.000000e+00,0.000000e+00,0.000000e+00,0.000000e+00,0.000000e+00,0.000000e+00,0.000000e+00,0.000000e+00,0.000000e+00,0.000000e+00,0.000000e+00,0.000000e+00,0.000000e+00,0.000000e+00,0.000000e+00
1.000000e+00,0.000000e+00,0.000000e+00,0.000000e+00,0.000000e+00,0.000000e+00,0.000000e+00,0.000000e+00,0.000000e+00,0.000000e+00,0.000000e+00,0.000000e+00,0.000000e+00,0.000000e+00,0.000000e+00
1.000000e+00,0.000000e+00,0.000000e+00,0.000000e+00,0.000000e+00,0.000000e+00,0.000000e+00,0.000000e+00,0.000000e+00,0.000000e+00,0.000000e+00,0.000000e+00,0.000000e+00,0.000000e+00,0.000000e+00
1.000000e+00,0.000000e+00,0.000000e+00,0.000000e+00,0.000000e+00,0.000000e+00,0.000000e+00,0.000000e+00,0.000000e+00,0.000000e+00,0.000000e+00,0.000000e+00,0.000000e+00,0.000000e+00,0.000000e+00
1.000000e+00,0.000000e+00,0.000000e+00,0.000000e+00,0.000000e+00,0.000000e+00,0.000000e+00,0.000000e+00,0.000000e+00,0.000000e+00,0.000000e+00,0.000000e+00,0.000000e+00,0.000000e+00,0.000000e+00
1.000000e+00,0.000000e+00,0.000000e+00,0.000000e+00,0.000000e+00,0.000000e+00,0.000000e+00,0.000000e+00,0.000000e+00,0.000000e+00,0.000000e+00,0.000000e+00,0.000000e+00,0.000000e+00,0.000000e+00
1.000000e+00,0.000000e+00,0.000000e+00,0.000000e+00,0.000000e+00,0.000000e+00,0.000000e+00,0.000000e+00,0.000000e+00,0.000000e+00,0.000000e+00,0.000000e+00,0.000000e+00,0.000000e+00,0.000000e+00
1.000000e+00,0.000000e+00,0.000000e+00,0.000000e+00,0.000000e+00,0.000000e+00,0.000000e+00,0.000000e+00,0.000000e+00,0.000000e+00,0.000000e+00,0.000000e+00,0.000000e+00,0.000000e+00,0.000000e+00
1.000000e+00,0.000000e+00,0.000000e+00,0.000000e+00,0.000000e+00,0.000000e+00,0.000000e+00,0.000000e+00,0.000000e+00,0.000000e+00,0.000000e+00,0.000000e+00,0.000000e+00,0.000000e+00,0.000000e+00
1.000000e+00,0.000000e+00,0.000000e+00,0.000000e+00,0.000000e+00,0.000000e+00,0.000000e+00,0.000000e+00,0.000000e+00,0.000000e+00,0.000000e+00,0.000000e+00,0.000000e+00,0.000000e+00,0.000000e+00
1.000000e+00,0.000000e+00,0.000000e+00,0.000000e+00,0.000000e+00,0.000000e+00,0.000000e+00,0.000000e+00,0.000000e+00,0.000000e+00,0.000000e+00,0.000000e+00,0.000000e+00,0.000000e+00,0.000000e+00
1.000000e+00,0.000000e+00,0.000000e+00,0.000000e+00,0.000000e+00,0.000000e+00,0.000000e+00,0.000000e+00,0.000000e+00,0.000000e+00,0.000000e+00,0.000000e+00,0.000000e+00,0.000000e+00,0.000000e+00
1.000000e+00,0.000000e+00,0.000000e+00,0.000000e+00,0.000000e+00,0.000000e+00,0.000000e+00,0.000000e+00,0.000000e+00,0.000000e+00,0.000000e+00,0.000000e+00,0.000000e+00,0.000000e+00,0.000000e+00
1.000000e+00,0.000000e+00,0.000000e+00,0.000000e+00,0.000000e+00,0.000000e+00,0.000000e+00,0.000000e+00,0.000000e+00,0.000000e+00,0.000000e+00,0.000000e+00,0.000000e+00,0.000000e+00,0.000000e+00
1.000000e+00,0.000000e+00,0.000000e+00,0.000000e+00,0.000000e+00,0.000000e+00,0.000000e+00,0.000000e+00,0.000000e+00,0.000000e+00,0.000000e+00,0.000000e+00,0.000000e+00,0.000000e+00,0.000000e+00
1.000000e+00,0.000000e+00,0.000000e+00,0.000000e+00,0.000000e+00,0.000000e+00,0.000000e+00,0.000000e+00,0.000000e+00,0.000000e+00,0.000000e+00,0.000000e+00,0.000000e+00,0.000000e+00,0.000000e+00
1.000000e+00,0.000000e+00,0.000000e+00,0.000000e+00,0.000000e+00,0.000000e+00,0.000000e+00,0.000000e+00,0.000000e+00,0.000000e+00,0.000000e+00,0.000000e+00,0.000000e+00,0.000000e+00,0.000000e+00
1.000000e+00,0.000000e+00,0.000000e+00,0.000000e+00,0.000000e+00,0.000000e+00,0.000000e+00,0.000000e+00,0.000000e+00,0.000000e+00,0.000000e+00,0.000000e+00,0.000000e+00,0.000000e+00,0.000000e+00
4.713328e-01,2.143792e-02,5.451111e-02,7.926448e-02,1.051908e-02,3.566331e-02,9.654902e-03,1.391820e-01,1.187453e-02,2.986195e-03,3.709180e-02,7.058667e-02,2.459639e-02,5.815787e-03,2.548312e-02
4.802174e-01,1.832025e-02,5.269956e-02,6.794205e-02,9.022118e-03,3.617689e-02,8.980295e-03,1.736369e-01,9.417915e-03,2.699094e-03,3.095077e-02,6.058879e-02,2.155607e-02,5.157206e-03,2.263472e-02
1.000000e+00,0.000000e+00,0.000000e+00,0.000000e+00,0.000000e+00,0.000000e+00,0.000000e+00,0.000000e+00,0.000000e+00,0.000000e+00,0.000000e+00,0.000000e+00,0.000000e+00,0.000000e+00,0.000000e+00
1.000000e+00,0.000000e+00,0.000000e+00,0.000000e+00,0.000000e+00,0.000000e+00,0.000000e+00,0.000000e+00,0.000000e+00,0.000000e+00,0.000000e+00,0.000000e+00,0.000000e+00,0.000000e+00,0.000000e+00
1.000000e+00,0.000000e+00,0.000000e+00,0.000000e+00,0.000000e+00,0.000000e+00,0.000000e+00,0.000000e+00,0.000000e+00,0.000000e+00,0.000000e+00,0.000000e+00,0.000000e+00,0.000000e+00,0.000000e+00
1.000000e+00,0.000000e+00,0.000000e+00,0.000000e+00,0.000000e+00,0.000000e+00,0.000000e+00,0.000000e+00,0.000000e+00,0.000000e+00,0.000000e+00,0.000000e+00,0.000000e+00,0.000000e+00,0.000000e+00
1.000000e+00,0.000000e+00,0.000000e+00,0.000000e+00,0.000000e+00,0.000000e+00,0.000000e+00,0.000000e+00,0.000000e+00,0.000000e+00,0.000000e+00,0.000000e+00,0.000000e+00,0.000000e+00,0.000000e+00
1.000000e+00,0.000000e+00,0.000000e+00,0.000000e+00,0.000000e+00,0.000000e+00,0.000000e+00,0.000000e+00,0.000000e+00,0.000000e+00,0.000000e+00,0.000000e+00,0.000000e+00,0.000000e+00,0.000000e+00
1.000000e+00,0.000000e+00,0.000000e+00,0.000000e+00,0.000000e+00,0.000000e+00,0.000000e+00,0.000000e+00,0.000000e+00,0.000000e+00,0.000000e+00,0.000000e+00,0.000000e+00,0.000000e+00,0.000000e+00
1.000000e+00,0.000000e+00,0.000000e+00,0.000000e+00,0.000000e+00,0.000000e+00,0.000000e+00,0.000000e+00,0.000000e+00,0.000000e+00,0.000000e+00,0.000000e+00,0.000000e+00,0.000000e+00,0.000000e+00
1.000000e+00,0.000000e+00,0.000000e+00,0.000000e+00,0.000000e+00,0.000000e+00,0.000000e+00,0.000000e+00,0.000000e+00,0.000000e+00,0.000000e+00,0.000000e+00,0.000000e+00,0.000000e+00,0.000000e+00
1.000000e+00,0.000000e+00,0.000000e+00,0.000000e+00,0.000000e+00,0.000000e+00,0.000000e+00,0.000000e+00,0.000000e+00,0.000000e+00,0.000000e+00,0.000000e+00,0.000000e+00,0.000000e+00,0.000000e+00
4.469858e-01,9.497589e-03,2.744042e-02,1.923385e-02,3.508720e-03,3.650511e-02,8.273239e-03,7.324785e-02,1.095393e-02,3.487612e-02,8.387825e-03,1.095077e-02,1.783167e-02,1.136277e-02,2.809443e-01
3.205848e-01,7.962172e-03,2.285801e-02,1.700708e-02,2.545063e-03,2.608342e-02,5.819099e-03,5.177807e-02,1.288770e-02,4.581628e-02,6.569185e-03,8.319980e-03,1.384283e-02,9.356865e-03,4.485695e-01
2.258460e-01,6.097677e-03,1.665599e-02,1.251538e-02,1.801459e-03,1.844870e-02,4.085970e-03,3.626147e-02,1.066533e-02,8.395658e-02,4.712006e-03,5.903935e-03,9.935639e-03,7.073074e-03,5.560408e-01
1.610322e-01,4.593828e-03,1.233864e-02,8.857063e-03,1.269067e-03,1.363175e-02,2.868429e-03,2.544384e-02,7.741271e-03,7.448663e-02,4.063214e-03,4.957599e-03,7.731071e-03,1.686114e-02,6.541244e-01
1.137734e-01,3.506162e-03,8.870261e-03,6.272965e-03,8.966469e-04,1.021799e-02,2.015327e-03,1.785361e-02,6.164934e-03,6.418735e-02,5.408533e-03,7.026194e-03,7.706376e-03,1.323810e-02,7.328622e-01
8.167490e-02,2.059672e-02,1.041207e-02,1.150962e-02,7.021188e-04,7.648013e-03,1.522934e-03,1.258188e-02,2.192094e-02,8.270345e-02,8.920114e-03,5.927369e-03,6.991937e-03,1.383309e-02,7.130549e-01
5.892493e-02,2.507395e-02,8.894991e-03,8.619526e-03,5.511990e-04,5.795153e-03,1.106043e-03,8.842277e-03,2.521053e-02,9.861037e-02,8.074073e-03,4.803610e-03,5.697918e-03,2.234435e-02,7.174511e-01
4.176435e-02,2.035669e-01,1.173807e-02,1.117849e-02,3.947554e-04,4.199819e-03,7.827472e-04,6.200381e-03,3.430645e-02,7.588916e-02,6.362559e-03,4.198822e-03,4.545477e-03,1.905771e-02,5.758143e-01
3.830408e-02,2.640890e-01,2.441530e-02,1.444257e-02,3.192502e-04,3.569767e-03,5.907974e-04,4.430920e-03,6.385396e-02,6.846283e-02,7.903836e-03,6.198904e-03,4.986570e-03,3.581396e-02,4.626182e-01
3.099351e-02,2.450116e-01,2.073616e-02,1.563243e-02,2.641091e-04,2.826611e-03,4.353194e-04,3.240518e-03,1.455512e-01,8.460758e-02,2.157886e-02,7.639598e-03,8.716386e-03,3.463664e-02,3.781295e-01
2.769824e-02,1.822823e-01,1.548951e-02,1.116034e-02,2.913210e-04,2.085349e-03,3.575815e-04,2.419878e-03,1.693788e-01,6.426500e-02,5.048407e-02,1.688123e-02,3.075353e-02,2.915761e-02,3.972952e-01
2.042150e-02,1.334839e-01,1.130385e-02,8.019742e-03,2.783301e-04,1.614886e-03,2.958305e-04,1.784274e-03,1.658211e-01,4.706533e-02,8.374719e-02,2.313584e-02,4.130958e-02,2.255178e-02,4.391669e-01
1.581638e-02,9.420236e-02,8.272436e-03,5.930834e-03,4.562082e-04,1.340820e-03,3.458934e-04,2.237618e-03,1.237842e-01,3.341480e-02,7.972813e-02,2.187399e-02,5.488577e-02,1.754969e-02,5.401608e-01
1.301639e-02,7.190605e-02,8.846154e-03,6.758170e-03,2.090813e-03,3.056376e-03,1.283729e-03,5.732056e-03,1.606351e-01,2.467259e-02,6.319732e-02,2.515795e-02,7.574863e-02,1.401141e-02,5.238872e-01
1.741844e-02,5.715395e-02,6.934918e-03,5.658609e-03,8.013492e-03,6.163503e-03,1.793430e-03,5.999525e-03,1.696369e-01,1.765040e-02,4.848790e-02,2.158215e-02,2.157185e-01,1.030475e-02,4.074835e-01
2.070742e-02,4.684007e-02,1.413304e-02,1.541266e-02,2.424354e-02,6.032206e-03,3.220284e-03,3.606686e-02,2.402960e-01,1.305005e-02,3.887158e-02,1.653623e-02,1.965202e-01,8.013121e-03,3.200566e-01
3.239720e-02,4.078604e-02,1.138963e-02,1.779857e-02,2.686230e-02,5.865172e-03,2.993043e-03,3.046311e-02,2.776483e-01,1.001649e-02,2.974112e-02,1.332149e-02,2.152153e-01,6.284558e-03,2.792176e-01
5.850006e-02,3.774015e-02,9.116900e-03,1.794828e-02,4.414146e-02,6.054821e-03,2.806423e-03,2.385886e-02,2.340902e-01,7.564181e-03,2.382307e-02,1.541550e-02,2.981260e-01,4.803001e-03,2.160110e-01
8.748582e-02,3.666391e-02,8.452143e-03,2.196404e-02,4.661117e-02,7.483437e-03,2.610469e-03,2.336507e-02,2.540923e-01,6.484464e-03,2.158592e-02,1.736101e-02,2.957481e-01,3.932928e-03,1.661592e-01
7.788571e-02,3.758926e-02,1.828741e-02,3.982498e-02,3.975532e-02,6.607805e-03,2.245038e-03,1.891753e-02,3.578871e-01,7.724828e-03,1.804080e-02,1.385174e-02,2.260724e-01,3.052077e-03,1.322580e-01
1.271764e-01,3.203868e-02,4.075088e-02,3.771959e-02,3.233508e-02,6.692479e-03,2.178512e-03,1.806264e-02,3.215632e-01,8.949915e-03,1.541512e-02,1.481713e-02,2.384720e-01,2.704338e-03,1.011239e-01
2.254864e-01,2.816468e-02,3.562520e-02,3.287324e-02,2.982950e-02,9.436949e-03,2.095651e-03,1.563107e-02,2.621556e-01,1.335679e-02,1.607356e-02,1.317759e-02,2.232747e-01,2.885079e-03,8.993401e-02
3.693807e-01,2.261990e-02,2.680105e-02,2.831140e-02,2.387214e-02,9.459172e-03,1.740380e-03,1.250505e-02,1.889388e-01,1.067828e-02,1.561214e-02,1.473604e-02,2.009991e-01,3.175481e-03,7.117037e-02
4.808438e-01,1.901122e-02,1.969668e-02,2.511866e-02,2.002150e-02,1.501258e-02,1.870447e-03,1.040541e-02,1.419778e-01,8.997331e-03,1.333227e-02,1.818149e-02,1.657863e-01,3.286523e-03,5.645791e-02
4.774310e-01,3.002843e-02,2.036411e-02,4.239798e-02,1.602001e-02,1.907246e-02,2.139639e-03,8.469129e-03,1.221014e-01,1.241140e-02,1.082790e-02,2.014384e-02,1.247558e-01,2.972122e-03,9.086467e-02
4.719895e-01,4.008675e-02,2.242063e-02,5.643443e-02,1.447982e-02,1.976840e-02,2.173999e-03,7.289118e-03,1.197293e-01,1.482586e-02,9.360252e-03,2.176784e-02,1.008163e-01,2.983749e-03,9.587410e-02
4.621407e-01,6.089272e-02,2.024961e-02,5.637594e-02,1.368683e-02,1.808939e-02,2.142128e-03,5.594565e-03,1.296952e-01,1.445158e-02,7.544082e-03,1.705957e-02,8.938423e-02,2.533903e-03,1.001596e-01
4.177930e-01,8.471962e-02,4.580314e-02,6.271698e-02,1.551127e-02,2.195106e-02,2.194811e-03,8.678808e-03,1.261951e-01,1.343858e-02,7.405277e-03,1.485999e-02,7.819869e-02,2.611287e-03,9.792240e-02
3.696568e-01,1.322864e-01,4.426876e-02,7.804716e-02,1.410626e-02,2.017476e-02,1.824555e-03,8.360811e-03,1.499924e-01,1.221942e-02,6.262395e-03,1.129388e-02,5.992119e-02,2.620242e-03,8.896493e-02
3.923419e-01,1.182493e-01,4.278139e-02,7.130192e-02,3.125258e-02,3.887192e-02,4.174464e-03,1.151409e-02,1.415705e-01,1.013495e-02,6.113986e-03,8.754181e-03,4.672263e-02,3.044110e-03,7.317197e-02
4.207776e-01,1.096331e-01,3.409313e-02,5.832228e-02,5.014149e-02,6.466855e-02,6.293007e-03,1.302252e-02,1.296622e-01,8.064102e-03,5.169210e-03,6.561723e-03,3.446905e-02,2.933443e-03,5.618855e-02
3.862190e-01,1.042324e-01,2.928714e-02,4.643147e-02,8.516559e-02,1.049349e-01,9.960109e-03,1.338803e-02,1.318548e-01,6.621086e-03,4.521804e-03,4.856311e-03,2.564961e-02,2.782791e-03,4.409498e-02
3.107544e-01,1.116153e-01,3.178472e-02,4.394552e-02,1.121137e-01,1.010032e-01,1.423336e-02,1.995439e-02,1.789574e-01,4.899646e-03,4.727083e-03,3.726349e-03,2.179670e-02,2.618646e-03,3.786957e-02
2.532934e-01,1.313844e-01,3.276567e-02,5.188888e-02,1.351423e-01,9.405305e-02,1.905070e-02,3.767221e-02,1.825719e-01,3.827162e-03,4.602059e-03,3.101634e-03,1.749019e-02,2.350237e-03,3.080610e-02
1.964052e-01,2.408709e-01,5.607383e-02,9.321830e-02,1.037311e-01,7.684736e-02,1.421435e-02,3.000936e-02,1.342152e-01,4.618812e-03,4.710080e-03,2.987435e-03,1.285724e-02,1.758385e-03,2.748245e-02
1.907475e-01,2.237564e-01,5.685181e-02,9.642894e-02,7.939418e-02,1.031400e-01,1.043468e-02,4.847127e-02,1.154359e-01,5.433439e-03,2.259470e-02,6.936866e-03,1.306385e-02,2.107174e-03,2.520327e-02
2.076714e-01,2.242098e-01,4.973249e-02,7.700213e-02,5.888264e-02,1.127769e-01,8.089907e-03,4.361869e-02,1.417738e-01,6.060560e-03,2.200463e-02,9.079147e-03,1.212521e-02,2.189415e-03,2.478332e-02
3.060457e-01,1.633760e-01,6.648611e-02,6.551118e-02,4.360016e-02,9.430350e-02,7.892451e-03,6.468688e-02,1.208209e-01,5.433409e-03,1.841243e-02,7.667581e-03,1.322719e-02,2.191690e-03,2.034473e-02
4.301388e-01,1.187829e-01,6.597100e-02,5.019055e-02,3.317780e-02,7.190699e-02,7.517626e-03,6.143241e-02,9.620535e-02,6.474043e-03,1.620942e-02,8.846376e-03,1.239453e-02,2.676637e-03,1.807563e-02
4.800224e-01,8.767459e-02,6.517501e-02,4.112533e-02,3.101788e-02,6.384967e-02,7.032303e-03,5.802509e-02,8.213703e-02,1.541828e-02,1.720312e-02,1.745788e-02,1.162688e-02,3.070782e-03,1.916383e-02
1.000000e+00,0.000000e+00,0.000000e+00,0.000000e+00,0.000000e+00,0.000000e+00,0.000000e+00,0.000000e+00,0.000000e+00,0.000000e+00,0.000000e+00,0.000000e+00,0.000000e+00,0.000000e+00,0.000000e+00
1.000000e+00,0.000000e+00,0.000000e+00,0.000000e+00,0.000000e+00,0.000000e+00,0.000000e+00,0.000000e+00,0.000000e+00,0.000000e+00,0.000000e+00,0.000000e+00,0.000000e+00,0.000000e+00,0.000000e+00
4.549004e-01,4.152835e-02,3.580960e-02,9.527050e-02,1.744908e-02,5.779013e-02,4.650602e-03,2.694448e-02,3.881807e-02,8.363387e-03,2.056121e-02,1.597467e-01,1.604280e-02,3.876785e-03,1.824789e-02
4.740376e-01,3.248087e-02,3.420999e-02,9.465672e-02,1.459439e-02,5.100385e-02,4.195125e-03,2.058003e-02,2.979397e-02,6.609088e-03,2.129800e-02,1.826023e-01,1.441476e-02,3.477307e-03,1.604605e-02
4.571982e-01,2.815825e-02,3.076517e-02,9.608211e-02,1.611893e-02,4.627895e-02,3.863779e-03,1.736719e-02,3.231961e-02,5.415685e-03,2.989735e-02,2.010885e-01,1.374853e-02,3.927143e-03,1.777063e-02
4.622350e-01,2.662333e-02,3.819724e-02,1.010103e-01,1.386848e-02,4.723870e-02,3.914765e-03,1.460638e-02,2.629000e-02,4.770472e-03,3.339601e-02,1.905301e-01,1.272722e-02,3.930389e-03,2.066165e-02
4.264933e-01,2.726553e-02,4.117101e-02,1.096513e-01,1.160220e-02,4.713207e-02,3.592529e-03,1.191235e-02,2.638517e-02,4.812563e-03,4.498962e-02,2.076486e-01,1.174810e-02,4.508055e-03,2.108761e-02
4.063096e-01,2.288279e-02,3.175148e-02,9.286624e-02,1.220771e-02,3.843159e-02,3.136960e-03,1.083714e-02,2.381329e-02,4.131270e-03,6.256439e-02,2.592606e-01,1.016611e-02,4.191093e-03,1.744979e-02
3.920019e-01,2.025674e-02,2.720279e-02,8.424240e-02,1.673262e-02,3.423050e-02,3.570150e-03,1.608139e-02,2.506407e-02,4.155404e-03,7.453537e-02,2.700257e-01,1.111827e-02,5.005172e-03,1.577759e-02
4.305886e-01,1.970271e-02,2.227256e-02,7.616980e-02,2.045015e-02,3.335036e-02,3.757637e-03,1.837635e-02,2.421354e-02,4.541843e-03,6.992708e-02,2.444676e-01,1.185993e-02,5.879583e-03,1.444227e-02
4.325468e-01,2.237974e-02,2.337250e-02,7.215682e-02,2.081593e-02,3.552258e-02,4.230713e-03,2.011956e-02,2.879257e-02,5.448231e-03,7.147814e-02,2.101789e-01,1.309055e-02,1.983031e-02,2.003668e-02
3.933280e-01,2.803922e-02,3.329883e-02,1.192119e-01,2.451159e-02,3.373651e-02,4.151677e-03,2.561172e-02,4.960578e-02,6.396568e-03,6.435121e-02,1.640859e-01,1.341196e-02,1.805376e-02,2.220538e-02
4.962032e-01,2.546058e-02,2.693149e-02,9.735303e-02,2.019995e-02,3.223641e-02,3.913558e-03,2.201886e-02,3.983887e-02,5.523895e-03,5.503669e-02,1.262528e-01,1.321997e-02,1.573671e-02,2.007395e-02
1.000000e+00,0.000000e+00,0.000000e+00,0.000000e+00,0.000000e+00,0.000000e+00,0.000000e+00,0.000000e+00,0.000000e+00,0.000000e+00,0.000000e+00,0.000000e+00,0.000000e+00,0.000000e+00,0.000000e+00
4.996798e-01,3.949628e-02,1.608501e-02,6.034255e-02,2.271659e-02,2.513817e-02,4.066443e-03,2.006891e-02,7.687126e-02,7.184800e-03,5.529806e-02,9.717333e-02,1.437815e-02,3.242419e-02,2.907647e-02
4.146899e-01,5.222991e-02,1.622557e-02,5.363900e-02,2.150117e-02,2.203100e-02,4.287955e-03,4.302507e-02,1.053455e-01,9.486834e-03,5.805699e-02,1.180231e-01,1.898376e-02,3.580779e-02,2.666643e-02
3.400586e-01,7.786408e-02,1.365980e-02,4.201301e-02,1.968898e-02,2.400953e-02,3.606047e-03,3.635320e-02,1.900016e-01,1.068750e-02,5.201776e-02,9.861330e-02,1.892019e-02,4.981177e-02,2.269465e-02
2.990657e-01,7.097885e-02,1.260449e-02,4.986305e-02,2.905163e-02,2.560313e-02,4.208927e-03,4.838564e-02,2.482996e-01,9.693102e-03,4.508987e-02,8.205988e-02,1.562660e-02,3.714955e-02,2.232008e-02
2.782676e-01,7.224238e-02,2.005698e-02,6.338852e-02,3.356756e-02,2.280377e-02,4.867423e-03,5.885047e-02,2.719409e-01,9.000308e-03,3.747579e-02,6.304055e-02,1.424027e-02,3.202873e-02,1.822873e-02
2.493882e-01,6.595117e-02,2.009423e-02,5.977146e-02,4.198468e-02,3.952290e-02,4.346156e-03,5.371466e-02,3.104267e-01,8.428551e-03,3.648548e-02,5.178336e-02,1.705069e-02,2.487991e-02,1.617183e-02
2.415567e-01,6.848855e-02,1.804742e-02,4.584348e-02,3.912490e-02,7.924858e-02,3.850353e-03,4.123998e-02,3.237014e-01,7.625849e-03,3.934111e-02,4.202348e-02,1.494971e-02,2.113920e-02,1.381937e-02
2.265465e-01,7.746486e-02,1.524760e-02,3.452888e-02,3.541527e-02,1.310108e-01,4.780988e-03,3.431873e-02,3.180083e-01,7.863726e-03,3.498514e-02,3.471966e-02,1.305066e-02,1.929877e-02,1.276018e-02
1.904783e-01,6.446243e-02,1.262903e-02,2.486111e-02,3.828626e-02,1.004569e-01,2.592576e-02,7.025488e-02,3.721585e-01,8.874563e-03,2.653679e-02,2.583612e-02,1.110524e-02,1.797676e-02,1.015745e-02
1.757526e-01,5.966094e-02,1.139020e-02,1.807556e-02,3.571701e-02,8.402297e-02,2.799995e-02,8.311291e-02,4.076573e-01,1.343619e-02,2.048480e-02,2.119999e-02,8.777551e-03,2.221159e-02,1.050045e-02
1.835074e-01,5.515699e-02,9.780802e-03,1.312979e-02,3.153935e-02,7.675561e-02,3.588202e-02,8.565729e-02,4.151775e-01,1.411876e-02,1.791837e-02,1.963276e-02,7.737375e-03,2.302969e-02,1.097629e-02
2.210950e-01,4.386874e-02,1.034177e-02,1.030765e-02,2.961283e-02,5.980764e-02,3.038374e-02,8.532214e-02,4.261416e-01,1.196191e-02,1.495634e-02,1.810184e-02,6.480065e-03,1.831014e-02,1.330864e-02
2.133015e-01,3.589313e-02,8.895773e-03,7.873685e-03,3.021679e-02,4.498670e-02,2.527799e-02,1.011372e-01,4.660381e-01,9.637333e-03,1.158769e-02,1.534842e-02,5.111439e-03,1.353628e-02,1.115799e-02
2.277326e-01,2.978830e-02,8.343725e-03,6.892612e-03,3.021355e-02,3.368998e-02,3.934328e-02,1.217173e-01,4.410549e-01,9.860963e-03,1.024213e-02,1.486567e-02,4.735968e-03,9.911094e-03,1.160798e-02
2.734902e-01,2.300757e-02,9.154960e-03,6.969584e-03,3.554149e-02,2.578649e-02,5.630898e-02,1.334650e-01,3.729514e-01,1.132092e-02,1.047417e-02,1.793851e-02,4.851762e-03,7.246640e-03,1.149223e-02
3.653711e-01,2.595649e-02,1.252388e-02,2.873537e-02,3.363678e-02,2.325784e-02,4.635208e-02,9.955313e-02,2.733535e-01,1.513282e-02,1.330632e-02,2.953817e-02,5.224964e-03,6.490449e-03,2.156710e-02
3.767968e-01,2.439576e-02,3.704603e-02,8.305542e-02,3.693250e-02,2.121360e-02,3.499728e-02,7.657018e-02,2.069136e-01,1.512582e-02,1.611144e-02,4.081483e-02,5.650874e-03,5.384942e-03,1.899101e-02
4.515227e-01,2.058770e-02,3.846443e-02,7.537923e-02,2.980953e-02,1.997021e-02,3.417399e-02,6.236249e-02,1.587722e-01,1.293523e-02,2.230000e-02,4.303251e-02,7.264469e-03,5.381401e-03,1.804387e-02
4.281034e-01,1.748529e-02,3.702724e-02,1.310997e-01,2.676159e-02,1.868809e-02,2.713176e-02,5.574754e-02,1.352151e-01,1.351760e-02,2.642501e-02,5.194612e-02,1.000351e-02,4.438539e-03,1.640943e-02
3.929453e-01,1.668439e-02,4.904643e-02,2.257714e-01,2.178138e-02,1.628373e-02,1.947751e-02,4.334522e-02,1.059432e-01,1.200950e-02,2.598437e-02,4.439584e-02,9.151974e-03,3.462633e-03,1.371700e-02
4.530313e-01,1.773930e-02,4.431445e-02,2.108689e-01,1.813350e-02,1.474514e-02,1.457963e-02,3.490588e-02,8.897137e-02,9.610392e-03,2.670641e-02,3.938942e-02,8.471260e-03,3.246584e-03,1.528640e-02
4.495651e-01,2.751686e-02,4.622585e-02,2.326044e-01,1.853341e-02,1.445723e-02,1.216736e-02,3.075456e-02,7.113223e-02,7.586093e-03,2.664439e-02,3.546262e-02,8.028489e-03,3.498011e-03,1.582338e-02
4.946572e-01,3.232700e-02,4.492986e-02,2.046857e-01,1.715667e-02,1.444294e-02,1.003892e-02,2.644814e-02,5.464774e-02,6.425078e-03,2.679026e-02,3.638821e-02,8.285692e-03,3.900568e-03,1.887604e-02
1.000000e+00,0.000000e+00,0.000000e+00,0.000000e+00,0.000000e+00,0.000000e+00,0.000000e+00,0.000000e+00,0.000000e+00,0.000000e+00,0.000000e+00,0.000000e+00,0.000000e+00,0.000000e+00,0.000000e+00
1.000000e+00,0.000000e+00,0.000000e+00,0.000000e+00,0.000000e+00,0.000000e+00,0.000000e+00,0.000000e+00,0.000000e+00,0.000000e+00,0.000000e+00,0.000000e+00,0.000000e+00,0.000000e+00,0.000000e+00
1.000000e+00,0.000000e+00,0.000000e+00,0.000000e+00,0.000000e+00,0.000000e+00,0.000000e+00,0.000000e+00,0.000000e+00,0.000000e+00,0.000000e+00,0.000000e+00,0.000000e+00,0.000000e+00,0.000000e+00
1.000000e+00,0.000000e+00,0.000000e+00,0.000000e+00,0.000000e+00,0.000000e+00,0.000000e+00,0.000000e+00,0.000000e+00,0.000000e+00,0.000000e+00,0.000000e+00,0.000000e+00,0.000000e+00,0.000000e+00
1.000000e+00,0.000000e+00,0.000000e+00,0.000000e+00,0.000000e+00,0.000000e+00,0.000000e+00,0.000000e+00,0.000000e+00,0.000000e+00,0.000000e+00,0.000000e+00,0.000000e+00,0.000000e+00,0.000000e+00
1.000000e+00,0.000000e+00,0.000000e+00,0.000000e+00,0.000000e+00,0.000000e+00,0.000000e+00,0.000000e+00,0.000000e+00,0.000000e+00,0.000000e+00,0.000000e+00,0.000000e+00,0.000000e+00,0.000000e+00
1.000000e+00,0.000000e+00,0.000000e+00,0.000000e+00,0.000000e+00,0.000000e+00,0.000000e+00,0.000000e+00,0.000000e+00,0.000000e+00,0.000000e+00,0.000000e+00,0.000000e+00,0.000000e+00,0.000000e+00
1.000000e+00,0.000000e+00,0.000000e+00,0.000000e+00,0.000000e+00,0.000000e+00,0.000000e+00,0.000000e+00,0.000000e+00,0.000000e+00,0.000000e+00,0.000000e+00,0.000000e+00,0.000000e+00,0.000000e+00
4.087780e-01,5.042006e-02,2.690152e-02,2.827410e-01,1.130316e-02,8.388652e-03,2.428906e-03,5.220539e-03,7.915723e-03,2.662124e-03,8.581311e-02,6.097195e-02,3.129215e-02,3.609140e-03,1.155410e-02
3.046663e-01,3.848897e-02,2.119304e-02,2.496459e-01,8.360383e-03,6.494270e-03,1.742024e-03,3.765990e-03,6.768532e-03,4.824354e-03,2.127003e-01,6.534810e-02,6.350313e-02,3.458536e-03,9.040215e-03
2.221078e-01,2.728084e-02,2.228818e-02,2.175458e-01,6.736779e-03,8.882614e-03,1.316791e-03,2.937734e-03,7.395843e-03,1.638216e-02,2.894242e-01,8.173405e-02,8.252402e-02,6.406864e-03,7.036362e-03
1.883082e-01,1.982010e-02,1.954410e-02,1.811455e-01,1.193168e-02,1.075114e-02,1.531674e-03,3.111038e-03,2.969589e-02,2.099587e-02,2.672201e-01,1.514263e-01,7.563143e-02,1.129138e-02,7.595677e-03
1.603638e-01,1.445629e-02,1.473518e-02,1.420283e-01,1.237969e-02,1.052481e-02,2.026870e-03,2.716251e-03,5.106168e-02,1.678961e-02,2.152867e-01,2.601462e-01,7.557239e-02,1.340822e-02,8.504037e-03
1.144944e-01,1.170445e-02,1.047115e-02,1.022161e-01,1.007528e-02,2.032487e-02,1.881888e-03,2.279645e-03,8.953737e-02,1.306475e-02,1.614127e-01,3.423918e-01,1.031355e-01,1.017710e-02,6.832998e-03
8.051042e-02,8.554955e-03,7.377095e-03,7.224781e-02,7.960919e-03,1.869862e-02,1.412652e-03,1.683061e-03,7.022699e-02,1.029186e-02,1.188925e-01,4.750101e-01,1.138490e-01,7.960311e-03,5.323674e-03
5.669055e-02,6.145147e-03,5.260616e-03,5.078210e-02,6.659993e-03,1.727392e-02,1.095047e-03,1.295957e-03,5.469634e-02,9.027842e-03,9.149192e-02,5.489110e-01,1.352911e-01,8.278610e-03,7.099819e-03
4.016459e-02,4.682025e-03,4.323785e-03,3.573943e-02,9.424921e-03,1.525674e-02,1.648117e-03,1.354676e-03,5.065639e-02,1.086805e-02,7.760186e-02,5.466995e-01,1.821923e-01,8.528532e-03,1.085915e-02
3.025235e-02,3.980990e-03,6.085941e-03,2.526817e-02,1.993766e-02,1.531555e-02,3.969450e-03,4.994890e-03,5.597357e-02,1.625749e-02,6.513932e-02,5.195983e-01,2.088207e-01,1.287645e-02,1.152914e-02
2.437857e-02,4.378007e-03,7.619282e-03,1.884335e-02,2.665681e-02,1.445722e-02,3.169682e-03,5.974893e-03,5.689486e-02,2.553734e-02,5.271544e-02,5.446771e-01,1.912896e-01,1.454508e-02,8.862736e-03
2.046482e-02,4.617411e-03,7.878229e-03,1.403222e-02,3.197008e-02,1.364871e-02,2.726914e-03,6.896097e-03,6.108178e-02,2.866575e-02,4.758202e-02,5.483807e-01,1.921686e-01,1.272969e-02,7.156910e-03
3.176767e-02,6.439784e-03,2.079439e-02,1.564709e-02,9.748125e-02,1.380075e-02,3.192873e-03,5.432995e-02,8.477049e-02,3.683954e-02,3.997305e-02,4.214328e-01,1.581833e-01,9.762065e-03,5.585005e-03
3.439710e-02,6.877706e-03,7.674371e-02,3.643016e-02,1.394158e-01,1.369056e-02,4.521149e-03,9.572318e-02,9.658061e-02,3.391249e-02,3.356012e-02,3.015463e-01,1.149652e-01,7.333030e-03,4.302898e-03
4.400797e-02,1.175535e-02,7.503378e-02,3.296815e-02,1.650472e-01,1.643200e-02,5.389112e-03,1.047359e-01,1.521259e-01,4.284277e-02,2.974878e-02,2.220303e-01,8.414969e-02,9.091841e-03,4.641335e-03
5.809058e-02,2.403387e-02,7.057513e-02,3.276663e-02,2.209395e-01,1.497382e-02,7.755101e-03,8.474457e-02,1.925908e-01,3.257170e-02,2.836967e-02,1.571458e-01,6.115496e-02,8.303232e-03,5.984719e-03
5.828665e-02,2.536853e-02,6.702068e-02,3.133616e-02,3.309070e-01,1.707793e-02,1.220290e-02,6.704866e-02,1.689373e-01,2.413182e-02,2.919364e-02,1.112783e-01,4.521697e-02,6.532523e-03,5.461088e-03
5.743874e-02,2.865313e-02,1.060187e-01,1.039735e-01,3.300649e-01,1.446723e-02,1.666877e-02,5.912996e-02,1.220505e-01,1.753104e-02,2.243095e-02,7.825118e-02,3.210474e-02,4.757527e-03,6.459235e-03
6.018373e-02,3.404100e-02,1.261998e-01,1.193127e-01,3.635261e-01,1.969584e-02,2.674942e-02,4.845633e-02,8.723024e-02,1.239643e-02,1.612707e-02,5.485570e-02,2.263332e-02,3.639500e-03,4.952800e-03
5.523053e-02,3.357456e-02,1.017061e-01,1.368060e-01,3.836605e-01,6.885610e-02,3.109778e-02,3.851249e-02,6.715804e-02,9.334871e-03,1.211241e-02,3.859421e-02,1.628012e-02,2.672551e-03,4.403823e-03
6.395634e-02,3.296743e-02,7.668036e-02,9.984035e-02,3.584876e-01,7.362919e-02,2.365381e-02,1.615542e-01,4.951327e-02,6.661603e-03,8.733596e-03,2.716295e-02,1.155538e-02,2.119210e-03,3.484732e-03
1.097119e-01,3.079140e-02,6.116936e-02,7.972201e-02,3.719824e-01,8.682611e-02,1.778794e-02,1.533131e-01,4.228861e-02,5.079568e-03,6.926204e-03,1.962593e-02,8.794839e-03,1.804227e-03,4.176363e-03
1.513652e-01,2.817056e-02,4.795324e-02,1.149005e-01,2.920224e-01,8.151645e-02,1.274820e-02,1.225569e-01,6.720354e-02,4.897757e-03,3.461650e-02,2.638651e-02,6.617762e-03,4.138563e-03,4.905825e-03
1.909808e-01,2.577353e-02,4.018637e-02,1.497403e-01,2.126381e-01,5.936103e-02,9.230510e-03,8.992623e-02,6.062588e-02,4.506682e-03,1.000918e-01,3.898175e-02,5.541359e-03,7.338031e-03,5.077587e-03
2.264083e-01,2.220934e-02,3.138687e-02,1.196577e-01,1.508940e-01,5.052118e-02,6.954154e-03,6.416386e-02,5.414435e-02,4.006864e-03,1.509736e-01,9.788441e-02,4.816856e-03,9.313399e-03,6.664979e-03
1.863710e-01,1.639633e-02,2.286598e-02,8.666819e-02,1.066510e-01,3.898420e-02,4.980349e-03,4.558074e-02,4.547788e-02,3.615881e-03,2.140952e-01,2.023170e-01,3.819068e-03,1.656950e-02,5.607587e-03
1.592959e-01,1.204347e-02,1.784501e-02,6.321361e-02,7.515736e-02,4.557195e-02,3.647721e-03,3.272954e-02,3.632082e-02,3.341598e-03,2.638058e-01,2.601385e-01,3.386449e-03,1.841531e-02,5.086901e-03
1.151432e-01,8.624796e-03,1.308940e-02,4.469654e-02,5.273988e-02,3.888353e-02,2.582502e-03,2.353401e-02,2.582673e-02,2.605965e-03,2.665299e-01,3.848255e-01,2.600771e-03,1.459082e-02,3.726421e-03
8.210870e-02,6.314265e-03,9.363796e-03,3.150972e-02,3.703437e-02,3.063566e-02,1.845690e-03,1.664744e-02,1.863350e-02,2.114791e-03,2.377236e-01,5.095923e-01,2.028935e-03,1.170036e-02,2.746837e-03
5.769647e-02,4.670676e-03,6.670494e-03,2.243027e-02,2.699516e-02,2.261011e-02,1.362296e-03,1.173643e-02,1.393215e-02,1.947133e-03,2.523726e-01,5.644357e-01,1.726328e-03,9.305003e-03,2.109177e-03
4.059711e-02,5.554169e-03,6.136945e-03,1.601880e-02,2.418078e-02,1.616409e-02,1.068173e-03,8.535243e-03,1.109478e-02,2.513477e-03,2.210275e-01,6.302158e-01,1.478144e-03,1.340056e-02,2.014438e-03
2.874181e-02,4.669470e-03,5.468179e-03,1.174653e-02,1.888395e-02,1.257612e-02,8.346719e-04,6.235444e-03,9.099720e-03,2.701617e-03,2.147253e-01,6.657023e-01,1.273134e-03,1.570538e-02,1.636396e-03
2.039629e-02,5.948628e-03,9.077260e-03,8.350588e-03,1.604718e-02,9.254259e-03,6.384561e-04,4.897657e-03,8.048326e-03,2.898864e-03,2.575414e-01,6.417724e-01,1.022813e-03,1.277724e-02,1.328686e-03
1.473383e-02,4.898674e-03,7.425047e-03,6.094815e-03,1.437888e-02,7.023250e-03,6.601877e-04,4.982601e-03,6.176328e-03,2.450338e-03,4.139173e-01,5.050049e-01,1.183547e-03,1.006681e-02,1.003545e-03
1.147183e-02,4.836951e-03,6.064561e-03,4.405657e-03,1.510962e-02,5.253250e-03,7.213036e-04,4.833854e-03,4.852359e-03,2.386320e-03,5.309080e-01,3.979248e-01,1.681376e-03,8.763015e-03,7.871237e-04
1.139873e-02,1.117510e-02,1.219029e-02,3.383876e-03,7.062162e-02,5.146017e-03,1.325352e-03,8.499546e-03,7.896231e-03,6.036643e-03,4.912484e-01,3.599571e-01,1.600128e-03,7.808648e-03,1.712350e-03
8.631328e-03,1.200752e-02,1.505451e-02,2.648633e-03,1.440851e-01,5.923592e-03,2.609881e-03,7.823951e-03,1.022024e-02,7.156801e-03,4.341354e-01,3.384594e-01,1.691733e-03,7.959662e-03,1.592219e-03
1.067426e-02,1.158930e-02,3.813875e-02,2.613329e-03,2.099904e-01,7.186620e-03,4.384778e-03,5.309050e-02,1.715222e-02,6.939063e-03,3.571174e-01,2.697940e-01,1.856287e-03,7.680892e-03,1.792230e-03
1.116396e-02,1.129442e-02,8.216524e-02,2.473022e-03,2.426699e-01,7.918671e-03,4.662405e-03,1.273869e-01,2.249448e-02,7.831303e-03,2.737134e-01,1.951513e-01,1.622597e-03,7.271828e-03,2.180460e-03
1.361211e-02,1.104888e-02,1.021833e-01,2.885956e-03,2.889404e-01,7.106743e-03,4.391936e-03,1.833062e-01,2.664348e-02,7.996206e-03,2.027367e-01,1.388935e-01,1.400498e-03,5.957145e-03,2.896984e-03
1.772238e-02,1.467675e-02,1.047412e-01,2.930250e-03,2.953647e-01,7.145304e-03,4.990421e-03,2.301810e-01,4.292584e-02,6.620765e-03,1.556341e-01,1.003121e-01,4.069150e-03,6.821385e-03,5.864508e-03
2.258850e-02,2.231793e-02,9.876638e-02,3.337956e-03,3.206654e-01,8.173059e-03,7.357185e-03,1.933724e-01,7.838120e-02,5.358603e-03,1.355506e-01,7.799710e-02,8.608363e-03,1.057734e-02,6.948026e-03
2.580822e-02,3.765997e-02,1.081188e-01,3.594181e-03,3.119640e-01,9.768298e-03,7.400518e-03,1.758353e-01,1.292115e-01,4.455012e-03,1.048127e-01,5.721039e-02,8.398498e-03,9.033184e-03,6.729363e-03
2.577879e-02,4.107006e-02,1.180634e-01,6.423177e-03,2.718524e-01,9.943832e-03,9.611925e-03,1.827509e-01,1.847044e-01,4.188951e-03,8.119096e-02,4.269254e-02,7.090515e-03,9.232644e-03,5.405453e-03
3.228021e-02,3.579245e-02,1.577977e-01,1.098520e-02,2.253194e-01,8.779385e-03,7.807701e-03,1.437346e-01,2.373475e-01,1.159938e-02,6.086242e-02,3.380404e-02,8.228183e-03,1.438257e-02,1.127939e-02
6.570502e-02,3.259769e-02,1.323361e-01,1.362277e-02,1.866573e-01,8.865829e-03,6.735716e-03,1.120858e-01,2.685061e-01,2.666599e-02,5.433977e-02,3.511298e-02,1.088548e-02,2.674123e-02,1.914219e-02
8.718929e-02,2.759570e-02,1.063092e-01,1.234016e-02,1.444373e-01,8.394430e-03,6.031534e-03,8.439682e-02,2.492391e-01,5.062469e-02,8.467623e-02,4.033321e-02,2.477862e-02,4.230370e-02,3.135012e-02
1.748567e-01,2.206050e-02,7.816527e-02,1.033088e-02,1.043812e-01,1.005001e-02,5.307219e-03,6.176917e-02,1.895716e-01,4.180315e-02,9.789743e-02,8.791298e-02,3.838974e-02,4.582692e-02,3.167728e-02
1.392738e-01,2.209618e-02,5.885062e-02,8.371110e-03,7.575598e-02,9.807770e-03,4.018062e-03,4.816941e-02,1.911027e-01,3.534291e-02,1.768204e-01,9.467326e-02,6.034519e-02,4.829131e-02,2.708142e-02
1.154396e-01,2.436201e-02,4.840283e-02,7.198201e-03,5.466537e-02,9.889767e-03,3.192247e-03,3.758607e-02,1.589955e-01,4.571079e-02,2.129774e-01,1.059002e-01,5.885749e-02,8.507095e-02,3.175162e-02
8.994912e-02,3.753053e-02,3.616528e-02,7.607135e-03,4.059612e-02,1.250876e-02,2.334929e-03,2.974316e-02,1.746076e-01,3.479894e-02,2.587734e-01,9.309541e-02,4.781998e-02,1.061743e-01,2.829537e-02
6.548016e-02,5.527596e-02,3.076775e-02,7.866008e-03,3.604304e-02,1.464640e-02,1.717187e-03,2.164772e-02,2.184819e-01,2.857374e-02,2.485685e-01,7.503034e-02,3.678012e-02,1.252673e-01,3.385391e-02
5.036294e-02,6.702468e-02,3.041688e-02,7.236958e-03,2.908111e-02,1.500142e-02,1.415229e-03,1.801354e-02,2.855313e-01,2.315555e-02,2.159890e-01,5.652578e-02,2.829950e-02,1.403144e-01,3.163168e-02
3.885485e-02,9.007616e-02,2.604028e-02,7.249034e-03,2.506968e-02,1.636685e-02,1.095069e-03,1.505273e-02,3.597823e-01,2.067561e-02,2.003777e-01,4.274855e-02,2.139680e-02,1.103026e-01,2.491180e-02
3.355975e-02,1.007231e-01,2.745548e-02,7.540550e-03,2.526946e-02,1.792914e-02,9.156351e-04,1.360992e-02,4.216419e-01,1.879365e-02,1.692609e-01,3.309765e-02,1.658287e-02,9.362199e-02,1.999806e-02
3.163193e-02,9.414573e-02,2.231677e-02,6.447732e-03,3.193004e-02,1.796978e-02,7.180474e-04,1.694574e-02,4.500970e-01,1.527280e-02,1.763663e-01,2.420730e-02,1.214053e-02,8.431952e-02,1.549082e-02
2.613768e-02,1.078464e-01,2.036450e-02,5.151494e-03,3.337190e-02,2.023284e-02,5.790169e-04,1.543183e-02,4.933924e-01,1.190333e-02,1.454279e-01,1.729931e-02,8.945052e-03,8.057300e-02,1.334336e-02
2.454730e-02,9.769490e-02,1.690369e-02,4.335302e-03,3.292573e-02,1.667806e-02,5.229885e-04,1.395171e-02,5.359027e-01,9.495044e-03,1.293968e-01,1.226919e-02,6.696276e-03,8.809105e-02,1.058919e-02
3.663141e-02,1.155299e-01,2.052092e-02,2.795959e-02,6.232475e-02,1.352328e-02,4.773704e-04,3.528064e-02,4.883525e-01,8.132072e-03,1.006150e-01,8.842275e-03,4.794458e-03,6.629438e-02,1.072147e-02
4.378050e-02,1.070720e-01,3.831153e-02,6.497772e-02,5.846784e-02,1.021064e-02,4.171437e-04,3.818358e-02,4.866128e-01,7.447865e-03,7.262421e-02,6.527143e-03,3.588215e-03,4.982817e-02,1.195067e-02
6.050741e-02,9.252920e-02,8.626114e-02,7.827526e-02,5.246907e-02,7.850733e-03,3.424121e-04,3.809923e-02,4.638387e-01,6.138108e-03,5.342643e-02,4.975023e-03,2.673499e-03,3.985389e-02,1.275995e-02
8.847382e-02,1.057857e-01,9.447455e-02,6.951374e-02,4.760379e-02,6.775165e-03,3.072756e-04,3.370716e-02,4.479629e-01,5.129399e-03,4.086505e-02,3.781715e-03,2.095554e-03,3.869193e-02,1.483227e-02
1.729829e-01,1.006249e-01,9.530529e-02,6.519639e-02,3.744989e-02,5.770848e-03,4.596540e-04,2.754513e-02,4.005300e-01,4.033186e-03,3.455898e-02,3.405502e-03,1.775141e-03,3.830530e-02,1.205690e-02
2.410348e-01,1.226950e-01,1.445372e-01,5.817116e-02,3.312775e-02,6.251734e-03,4.515388e-04,2.163945e-02,2.975847e-01,2.995476e-03,2.588598e-02,2.688987e-03,1.480066e-03,3.204305e-02,9.413112e-03
3.078560e-01,1.347770e-01,1.303503e-01,5.501889e-02,3.823873e-02,8.196060e-03,1.037023e-03,2.466545e-02,2.336739e-01,2.610719e-03,2.013539e-02,3.438052e-03,1.630932e-03,2.767376e-02,1.069790e-02
4.073339e-01,1.176530e-01,1.115623e-01,4.988779e-02,3.251721e-02,9.847349e-03,1.788773e-03,2.253085e-02,1.908007e-01,2.526923e-03,1.572506e-02,3.871639e-03,1.553654e-03,2.215651e-02,1.024444e-02
4.474272e-01,1.264804e-01,1.047794e-01,4.320643e-02,2.950656e-02,2.132731e-02,1.926198e-03,2.007668e-02,1.514827e-01,2.182565e-03,1.449963e-02,4.664778e-03,2.205458e-03,2.015268e-02,1.008199e-02
1.000000e+00,0.000000e+00,0.000000e+00,0.000000e+00,0.000000e+00,0.000000e+00,0.000000e+00,0.000000e+00,0.000000e+00,0.000000e+00,0.000000e+00,0.000000e+00,0.000000e+00,0.000000e+00,0.000000e+00
1.000000e+00,0.000000e+00,0.000000e+00,0.000000e+00,0.000000e+00,0.000000e+00,0.000000e+00,0.000000e+00,0.000000e+00,0.000000e+00,0.000000e+00,0.000000e+00,0.000000e+00,0.000000e+00,0.000000e+00
1.000000e+00,0.000000e+00,0.000000e+00,0.000000e+00,0.000000e+00,0.000000e+00,0.000000e+00,0.000000e+00,0.000000e+00,0.000000e+00,0.000000e+00,0.000000e+00,0.000000e+00,0.000000e+00,0.000000e+00
1.000000e+00,0.000000e+00,0.000000e+00,0.000000e+00,0.000000e+00,0.000000e+00,0.000000e+00,0.000000e+00,0.000000e+00,0.000000e+00,0.000000e+00,0.000000e+00,0.000000e+00,0.000000e+00,0.000000e+00
1.000000e+00,0.000000e+00,0.000000e+00,0.000000e+00,0.000000e+00,0.000000e+00,0.000000e+00,0.000000e+00,0.000000e+00,0.000000e+00,0.000000e+00,0.000000e+00,0.000000e+00,0.000000e+00,0.000000e+00
