1.000000e+00,0.000000e+00,0.000000e+00,0.000000e+00,0.000000e+00,0.000000e+00,0.000000e+00,0.000000e+00,0.000000e+00,0.000000e+00,0.000000e+00,0.000000e+00,0.000000e+00,0.000000e+00,0.000000e+00
1.000000e+00,0.000000e+00,0.000000e+00,0.000000e+00,0.000000e+00,0.000000e+00,0.000000e+00,0.000000e+00,0.000000e+00,0.000000e+00,0.000000e+00,0.000000e+00,0.000000e+00,0.000000e+00,0.000000e+00
1.000000e+00,0.000000e+00,0.000000e+00,0.000000e+00,0.000000e+00,0.000000e+00,0.000000e+00,0.000000e+00,0.000000e+00,0.000000e+00,0.000000e+00,0.000000e+00,0.000000e+00,0.000000e+00,0.000000e+00
1.000000e+00,0.000000e+00,0.000000e+00,0.000000e+00,0.000000e+00,0.000000e+00,0.000000e+00,0.000000e+00,0.000000e+00,0.000000e+00,0.000000e+00,0.000000e+00,0.000000e+00,0.000000e+00,0.000000e+00
1.000000e+00,0.000000e+00,0.000000e+00,0.000000e+00,0.000000e+00,0.000000e+00,0.000000e+00,0.000000e+00,0.000000e+00,0.000000e+00,0.000000e+00,0.000000e+00,0.000000e+00,0.000000e+00,0.000000e+00
1.000000e+00,0.000000e+00,0.000000e+00,0.000000e+00,0.000000e+00,0.000000e+00,0.000000e+00,0.000000e+00,0.000000e+00,0.000000e+00,0.000000e+00,0.000000e+00,0.000000e+00,0.000000e+00,0.000000e+00
1.000000e+00,0.000000e+00,0.000000e+00,0.000000e+00,0.000000e+00,0.000000e+00,0.000000e+00,0.000000e+00,0.000000e+00,0.000000e+00,0.000000e+00,0.000000e+00,0.000000e+00,0.000000e+00,0.000000e+00
1.000000e+00,0.000000e+00,0.000000e+00,0.000000e+00,0.000000e+00,0.000000e+00,0.000000e+00,0.000000e+00,0.000000e+00,0.000000e+00,0.000000e+00,0.000000e+00,0.000000e+00,0.000000e+00,0.000000e+00
1.000000e+00,0.000000e+00,0.000000e+00,0.000000e+00,0.000000e+00,0.000000e+00,0.000000e+00,0.000000e+00,0.000000e+00,0.000000e+00,0.000000e+00,0.000000e+00,0.000000e+00,0.000000e+00,0.000000e+00
1.000000e+00,0.000000e+00,0.000000e+00,0.000000e+00,0.000000e+00,0.000000e+00,0.000000e+00,0.000000e+00,0.000000e+00,0.000000e+00,0.000000e+00,0.000000e+00,0.000000e+00,0.000000e+00,0.000000e+00
1.000000e+00,0.000000e+00,0.000000e+00,0.000000e+00,0.000000e+00,0.000000e+00,0.000000e+00,0.000000e+00,0.000000e+00,0.000000e+00,0.000000e+00,0.000000e+00,0.000000e+00,0.000000e+00,0.000000e+00
1.000000e+00,0.000000e+00,0.000000e+00,0.000000e+00,0.000000e+00,0.000000e+00,0.000000e+00,0.000000e+00,0.000000e+00,0.000000e+00,0.000000e+00,0.000000e+00,0.000000e+00,0.000000e+00,0.000000e+00
1.000000e+00,0.000000e+00,0.000000e+00,0.000000e+00,0.000000e+00,0.000000e+00,0.000000e+00,0.000000e+00,0.000000e+00,0.000000e+00,0.000000e+00,0.000000e+00,0.000000e+00,0.000000e+00,0.000000e+00
1.000000e+00,0.000000e+00,0.000000e+00,0.000000e+00,0.000000e+00,0.000000e+00,0.000000e+00,0.000000e+00,0.000000e+00,0.000000e+00,0.000000e+00,0.000000e+00,0.000000e+00,0.000000e+00,0.000000e+00
1.000000e+00,0.000000e+00,0.000000e+00,0.000000e+00,0.000000e+00,0.000000e+00,0.000000e+00,0.000000e+00,0.000000e+00,0.000000e+00,0.000000e+00,0.000000e+00,0.000000e+00,0.000000e+00,0.000000e+00
1.000000e+00,0.000000e+00,0.000000e+00,0.000000e+00,0.000000e+00,0.000000e+00,0.000000e+00,0.000000e+00,0.000000e+00,0.000000e+00,0.000000e+00,0.000000e+00,0.000000e+00,0.000000e+00,0.000000e+00
1.000000e+00,0.000000e+00,0.000000e+00,0.000000e+00,0.000000e+00,0.000000e+00,0.000000e+00,0.000000e+00,0.000000e+00,0.000000e+00,0.000000e+00,0.000000e+00,0.000000e+00,0.000000e+00,0.000000e+00
1.000000e+00,0.000000e+00,0.000000e+00,0.000000e+00,0.000000e+00,0.000000e+00,0.000000e+00,0.000000e+00,0.000000e+00,0.000000e+00,0.000000e+00,0.000000e+00,0.000000e+00,0.000000e+00,0.000000e+00
1.000000e+00,0.000000e+00,0.000000e+00,0.000000e+00,0.000000e+00,0.000000e+00,0.000000e+00,0.000000e+00,0.000000e+00,0.000000e+00,0.000000e+00,0.000000e+00,0.000000e+00,0.000000e+00,0.000000e+00
1.000000e+00,0.000000e+00,0.000000e+00,0.000000e+00,0.000000e+00,0.000000e+00,0.000000e+00,0.000000e+00,0.000000e+00,0.000000e+00,0.000000e+00,0.000000e+00,0.000000e+00,0.000000e+00,0.000000e+00
1.000000e+00,0.000000e+00,0.000000e+00,0.000000e+00,0.000000e+00,0.000000e+00,0.000000e+00,0.000000e+00,0.000000e+00,0.000000e+00,0.000000e+00,0.000000e+00,0.000000e+00,0.000000e+00,0.000000e+00
1.000000e+00,0.000000e+00,0.000000e+00,0.000000e+00,0.000000e+00,0.000000e+00,0.000000e+00,0.000000e+00,0.000000e+00,0.000000e+00,0.000000e+00,0.000000e+00,0.000000e+00,0.000000e+00,0.000000e+00
1.000000e+00,0.000000e+00,0.000000e+00,0.000000e+00,0.000000e+00,0.000000e+00,0.000000e+00,0.000000e+00,0.000000e+00,0.000000e+00,0.000000e+00,0.000000e+00,0.000000e+00,0.000000e+00,0.000000e+00
1.000000e+00,0.000000e+00,0.000000e+00,0.000000e+00,0.000000e+00,0.000000e+00,0.000000e+00,0.000000e+00,0.000000e+00,0.000000e+00,0.000000e+00,0.000000e+00,0.000000e+00,0.000000e+00,0.000000e+00
1.000000e+00,0.000000e+00,0.000000e+00,0.000000e+00,0.000000e+00,0.000000e+00,0.000000e+00,0.000000e+00,0.000000e+00,0.000000e+00,0.000000e+00,0.000000e+00,0.000000e+00,0.000000e+00,0.000000e+00
1.000000e+00,0.000000e+00,0.000000e+00,0.000000e+00,0.000000e+00,0.000000e+00,0.000000e+00,0.000000e+00,0.000000e+00,0.000000e+00,0.000000e+00,0.000000e+00,0.000000e+00,0.000000e+00,0.000000e+00
1.000000e+00,0.000000e+00,0.000000e+00,0.000000e+00,0.000000e+00,0.000000e+00,0.000000e+00,0.000000e+00,0.000000e+00,0.000000e+00,0.000000e+00,0.000000e+00,0.000000e+00,0.000000e+00,0.000000e+00
1.000000e+00,0.000000e+00,0.000000e+00,0.000000e+00,0.000000e+00,0.000000e+00,0.000000e+00,0.000000e+00,0.000000e+00,0.000000e+00,0.000000e+00,0.000000e+00,0.000000e+00,0.000000e+00,0.000000e+00
1.000000e+00,0.000000e+00,0.000000e+00,0.000000e+00,0.000000e+00,0.000000e+00,0.000000e+00,0.000000e+00,0.000000e+00,0.000000e+00,0.000000e+00,0.000000e+00,0.000000e+00,0.000000e+00,0.000000e+00
1.000000e+00,0.000000e+00,0.000000e+00,0.000000e+00,0.000000e+00,0.000000e+00,0.000000e+00,0.000000e+00,0.000000e+00,0.000000e+00,0.000000e+00,0.000000e+00,0.000000e+00,0.000000e+00,0.000000e+00
1.000000e+00,0.000000e+00,0.000000e+00,0.000000e+00,0.000000e+00,0.000000e+00,0.000000e+00,0.000000e+00,0.000000e+00,0.000000e+00,0.000000e+00,0.000000e+00,0.000000e+00,0.000000e+00,0.000000e+00
1.000000e+00,0.000000e+00,0.000000e+00,0.000000e+00,0.000000e+00,0.000000e+00,0.000000e+00,0.000000e+00,0.000000e+00,0.000000e+00,0.000000e+00,0.000000e+00,0.000000e+00,0.000000e+00,0.000000e+00
1.000000e+00,0.000000e+00,0.000000e+00,0.000000e+00,0.000000e+00,0.000000e+00,0.000000e+00,0.000000e+00,0.000000e+00,0.000000e+00,0.000000e+00,0.000000e+00,0.000000e+00,0.000000e+00,0.000000e+00
1.000000e+00,0.000000e+00,0.000000e+00,0.000000e+00,0.000000e+00,0.000000e+00,0.000000e+00,0.000000e+00,0.000000e+00,0.000000e+00,0.000000e+00,0.000000e+00,0.000000e+00,0.000000e+00,0.000000e+00
1.000000e+00,0.000000e+00,0.000000e+00,0.000000e+00,0.000000e+00,0.000000e+00,0.000000e+00,0.000000e+00,0.000000e+00,0.000000e+00,0.000000e+00,0.000000e+00,0.000000e+00,0.000000e+00,0.000000e+00
1.000000e+00,0.000000e+00,0.000000e+00,0.000000e+00,0.000000e+00,0.000000e+00,0.000000e+00,0.000000e+00,0.000000e+00,0.000000e+00,0.000000e+00,0.000000e+00,0.000000e+00,0.000000e+00,0.000000e+00
1.000000e+00,0.000000e+00,0.000000e+00,0.000000e+00,0.000000e+00,0.000000e+00,0.000000e+00,0.000000e+00,0.000000e+00,0.000000e+00,0.000000e+00,0.000000e+00,0.000000e+00,0.000000e+00,0.000000e+00
1.000000e+00,0.000000e+00,0.000000e+00,0.000000e+00,0.000000e+00,0.000000e+00,0.000000e+00,0.000000e+00,0.000000e+00,0.000000e+00,0.000000e+00,0.000000e+00,0.000000e+00,0.000000e+00,0.000000e+00
1.000000e+00,0.000000e+00,0.000000e+00,0.000000e+00,0.000000e+00,0.000000e+00,0.000000e+00,0.000000e+00,0.000000e+00,0.000000e+00,0.000000e+00,0.000000e+00,0.000000e+00,0.000000e+00,0.000000e+00
1.000000e+00,0.000000e+00,0.000000e+00,0.000000e+00,0.000000e+00,0.000000e+00,0.000000e+00,0.000000e+00,0.000000e+00,0.000000e+00,0.000000e+00,0.000000e+00,0.000000e+00,0.000000e+00,0.000000e+00
1.000000e+00,0.000000e+00,0.000000e+00,0.000000e+00,0.000000e+00,0.000000e+00,0.000000e+00,0.000000e+00,0.000000e+00,0.000000e+00,0.000000e+00,0.000000e+00,0.000000e+00,0.000000e+00,0.000000e+00
1.000000e+00,0.000000e+00,0.000000e+00,0.000000e+00,0.000000e+00,0.000000e+00,0.000000e+00,0.000000e+00,0.000000e+00,0.000000e+00,0.000000e+00,0.000000e+00,0.000000e+00,0.000000e+00,0.000000e+00
1.000000e+00,0.000000e+00,0.000000e+00,0.000000e+00,0.000000e+00,0.000000e+00,0.000000e+00,0.000000e+00,0.000000e+00,0.000000e+00,0.000000e+00,0.000000e+00,0.000000e+00,0.000000e+00,0.000000e+00
1.000000e+00,0.000000e+00,0.000000e+00,0.000000e+00,0.000000e+00,0.000000e+00,0.000000e+00,0.000000e+00,0.000000e+00,0.000000e+00,0.000000e+00,0.000000e+00,0.000000e+00,0.000000e+00,0.000000e+00
1.000000e+00,0.000000e+00,0.000000e+00,0.000000e+00,0.000000e+00,0.000000e+00,0.000000e+00,0.000000e+00,0.000000e+00,0.000000e+00,0.000000e+00,0.000000e+00,0.000000e+00,0.000000e+00,0.000000e+00
1.000000e+00,0.000000e+00,0.000000e+00,0.000000e+00,0.000000e+00,0.000000e+00,0.000000e+00,0.000000e+00,0.000000e+00,0.000000e+00,0.000000e+00,0.000000e+00,0.000000e+00,0.000000e+00,0.000000e+00
1.000000e+00,0.000000e+00,0.000000e+00,0.000000e+00,0.000000e+00,0.000000e+00,0.000000e+00,0.000000e+00,0.000000e+00,0.000000e+00,0.000000e+00,0.000000e+00,0.000000e+00,0.000000e+00,0.000000e+00
1.000000e+00,0.000000e+00,0.000000e+00,0.000000e+00,0.000000e+00,0.000000e+00,0.000000e+00,0.000000e+00,0.000000e+00,0.000000e+00,0.000000e+00,0.000000e+00,0.000000e+00,0.000000e+00,0.000000e+00
4.785393e-01,7.961728e-03,6.089177e-02,3.512973e-02,4.305036e-03,1.644524e-02,5.794719e-03,3.286712e-01,3.556844e-03,1.628720e-03,1.357380e-02,1.605610e-02,1.020638e-02,3.966726e-03,1.327275e-02
3.484752e-01,5.695672e-03,4.485406e-02,2.577261e-02,3.258193e-03,1.264791e-02,5.144531e-03,5.088500e-01,2.543487e-03,1.210799e-03,9.704685e-03,1.157732e-02,7.598268e-03,3.012113e-03,9.655233e-03
2.450032e-01,4.295297e-03,3.302554e-02,1.920625e-02,2.855359e-03,9.191293e-03,4.184013e-03,6.487417e-01,1.844206e-03,8.922892e-04,7.104820e-03,8.478326e-03,5.621243e-03,2.673470e-03,6.883068e-03
1.720398e-01,3.167577e-03,2.362246e-02,1.387897e-02,2.616697e-03,7.248971e-03,4.425220e-03,7.457966e-01,1.456926e-03,6.921671e-04,5.613633e-03,6.457954e-03,5.841079e-03,2.232485e-03,4.909624e-03
1.490305e-01,2.994893e-03,1.745124e-02,1.136186e-02,7.520332e-03,1.960820e-02,4.879518e-03,7.559981e-01,2.562816e-03,8.349407e-04,4.741228e-03,7.033233e-03,9.039251e-03,2.712067e-03,4.231861e-03
1.182474e-01,2.931142e-03,1.350920e-02,1.118735e-02,9.798920e-03,1.036562e-01,4.885330e-03,7.000461e-01,2.072826e-03,6.781947e-04,4.489360e-03,1.262425e-02,1.009554e-02,2.546917e-03,3.231412e-03
9.809152e-02,2.516974e-03,1.014008e-02,8.143778e-03,8.173087e-03,3.395542e-01,3.850629e-03,5.020685e-01,1.501254e-03,4.926791e-04,3.860449e-03,1.003807e-02,7.383416e-03,1.851566e-03,2.333858e-03
7.399394e-02,2.055286e-03,7.625125e-03,5.776936e-03,6.343671e-03,5.244981e-01,2.846158e-03,3.542330e-01,1.094296e-03,3.980091e-04,3.660155e-03,9.075153e-03,5.305163e-03,1.371365e-03,1.723597e-03
5.726358e-02,1.743402e-03,5.812890e-03,4.128442e-03,4.839325e-03,6.497341e-01,2.202536e-03,2.488389e-01,8.380384e-04,3.584267e-04,4.085989e-03,1.391173e-02,3.868128e-03,1.069615e-03,1.304864e-03
1.371593e-01,2.928639e-03,7.128032e-03,6.195320e-03,7.023894e-03,5.974784e-01,2.342640e-03,1.800912e-01,2.676381e-03,6.281597e-04,5.322381e-03,4.379939e-02,4.421549e-03,9.829515e-04,1.821683e-03
1.635738e-01,4.966769e-03,7.857394e-03,5.629038e-03,6.953591e-03,5.883896e-01,2.286210e-03,1.317475e-01,3.017311e-03,7.568054e-04,7.339717e-03,6.783260e-02,5.400464e-03,1.146015e-03,3.103161e-03
1.197236e-01,4.265183e-03,6.048163e-03,4.375893e-03,5.152903e-03,6.390570e-01,1.778845e-03,9.239745e-02,2.395161e-03,6.217943e-04,1.235627e-02,1.031245e-01,4.382214e-03,1.053099e-03,3.267887e-03
8.515498e-02,3.114993e-03,4.369892e-03,3.133607e-03,3.647272e-03,5.585840e-01,1.341996e-03,6.475552e-02,1.833303e-03,5.216310e-04,2.880938e-02,2.382053e-01,3.178673e-03,7.963719e-04,2.552966e-03
6.070150e-02,2.423317e-03,3.401724e-03,2.290345e-03,2.651140e-03,4.216471e-01,1.000433e-03,4.539889e-02,1.505785e-03,4.216498e-04,4.591200e-02,4.077996e-01,2.271379e-03,5.982919e-04,1.976829e-03
4.440884e-02,2.230201e-03,2.866799e-03,1.990474e-03,2.051770e-03,2.992046e-01,8.961667e-04,3.202052e-02,1.401139e-03,3.840843e-04,6.440334e-02,5.443887e-01,1.622879e-03,4.956822e-04,1.634892e-03
3.239746e-02,1.874494e-03,2.390672e-03,1.516261e-03,1.567546e-03,2.116152e-01,8.377667e-04,2.263142e-02,1.257466e-03,3.552843e-04,6.956860e-02,6.511553e-01,1.164038e-03,4.144016e-04,1.254126e-03
2.560898e-02,2.651339e-03,3.045299e-03,1.386141e-03,2.106320e-03,1.501594e-01,1.138868e-03,1.698842e-02,3.075547e-03,3.722911e-04,7.174931e-02,7.190800e-01,8.797396e-04,4.253411e-04,1.333129e-03
2.196468e-02,3.861473e-03,4.058845e-03,1.489385e-03,2.495761e-03,1.092288e-01,2.952044e-03,1.873244e-02,2.888616e-03,3.215979e-04,6.632772e-02,7.634310e-01,6.680926e-04,5.602692e-04,1.019288e-03
1.714867e-02,6.179809e-03,5.624419e-03,1.741161e-03,2.476166e-03,7.871216e-02,4.717444e-03,2.746841e-02,3.035377e-03,2.927836e-04,6.300510e-02,7.876238e-01,5.105619e-04,6.992420e-04,7.649332e-04
1.660728e-02,7.066108e-03,6.334922e-03,1.945101e-03,5.341917e-03,6.000250e-02,9.767710e-03,3.162531e-02,4.498544e-03,4.968207e-04,1.085693e-01,7.453125e-01,5.305980e-04,1.183344e-03,7.181431e-04
1.580584e-02,7.369211e-03,5.320864e-03,1.740578e-03,1.114523e-02,4.344310e-02,1.185038e-02,2.948825e-02,1.092999e-02,9.980452e-04,1.868213e-01,6.719754e-01,6.799621e-04,1.768786e-03,6.630996e-04
1.866530e-02,8.412855e-03,5.713518e-03,1.554442e-03,1.367302e-02,3.804795e-02,1.523547e-02,2.370569e-02,1.041605e-02,2.558398e-02,2.799195e-01,5.528038e-01,8.214788e-04,3.357432e-03,2.089540e-03
1.623126e-02,7.240488e-03,4.915759e-03,1.278203e-03,1.435107e-02,2.950644e-02,1.420781e-02,2.356383e-02,1.030207e-02,2.478548e-02,4.000379e-01,4.453068e-01,1.280353e-03,5.343087e-03,1.649468e-03
1.727420e-02,7.038075e-03,4.745581e-03,1.315167e-03,1.554788e-02,2.534635e-02,1.309617e-02,2.551806e-02,9.526050e-03,2.195739e-02,5.004416e-01,3.488297e-01,1.467861e-03,6.357146e-03,1.538820e-03
5.469025e-02,1.121758e-02,1.115691e-02,6.660965e-03,2.868349e-02,2.812318e-02,1.199289e-02,4.292074e-02,9.701332e-03,1.825438e-02,4.543063e-01,3.094811e-01,2.286584e-03,7.749662e-03,2.774631e-03
8.962031e-02,1.400989e-02,1.620190e-02,9.219494e-03,4.409070e-02,2.429950e-02,9.559243e-03,5.388022e-02,1.294716e-02,1.733436e-02,4.287102e-01,2.633768e-01,2.545819e-03,9.859074e-03,4.345284e-03
1.388736e-01,2.287130e-02,1.929786e-02,1.852630e-02,4.820716e-02,2.612620e-02,7.328745e-03,5.574707e-02,1.893371e-02,1.579181e-02,3.212219e-01,2.645164e-01,4.127358e-03,1.338051e-02,2.505010e-02
1.576020e-01,2.966259e-02,5.313410e-02,1.904015e-02,5.836038e-02,2.341522e-02,6.427137e-03,6.234629e-02,2.388739e-02,1.547444e-02,2.604620e-01,2.439199e-01,5.306688e-03,1.567281e-02,2.528892e-02
1.762247e-01,2.920446e-02,5.856274e-02,1.983275e-02,6.584164e-02,2.162756e-02,5.884691e-03,7.048845e-02,2.718585e-02,1.316690e-02,2.145699e-01,2.581846e-01,5.744633e-03,1.332335e-02,2.015782e-02
1.899502e-01,2.700571e-02,5.356589e-02,1.942937e-02,7.568663e-02,1.677502e-02,5.064120e-03,1.173108e-01,2.799510e-02,1.073840e-02,1.728658e-01,2.509294e-01,5.650897e-03,1.163109e-02,1.540167e-02
1.787174e-01,2.812496e-02,5.019336e-02,1.775030e-02,8.375316e-02,1.293232e-02,3.971204e-03,1.369373e-01,4.295890e-02,1.102389e-02,1.605161e-01,2.423057e-01,5.381827e-03,1.316720e-02,1.226645e-02
1.692240e-01,2.871877e-02,4.588804e-02,1.394616e-02,7.891303e-02,9.427120e-03,2.894065e-03,1.080163e-01,9.278204e-02,1.129931e-02,1.901140e-01,2.149141e-01,4.633621e-03,1.781566e-02,1.141384e-02
1.313200e-01,2.090392e-02,3.399353e-02,1.116486e-02,6.008517e-02,6.802973e-03,2.077265e-03,8.358405e-02,2.309441e-01,9.586196e-03,2.203728e-01,1.587139e-01,3.498418e-03,1.733088e-02,9.622013e-03
1.089729e-01,1.520409e-02,2.814091e-02,1.161918e-02,4.747896e-02,5.259504e-03,1.527865e-03,6.840307e-02,3.094195e-01,8.855272e-03,2.499426e-01,1.174938e-01,2.891639e-03,1.697404e-02,7.816670e-03
9.353492e-02,1.126288e-02,2.473578e-02,1.296407e-02,4.368147e-02,4.324318e-03,1.112673e-03,7.485698e-02,3.575085e-01,7.579350e-03,2.605544e-01,8.459789e-02,2.228037e-03,1.502714e-02,6.031650e-03
7.176650e-02,8.889430e-03,1.846530e-02,9.464085e-03,3.592375e-02,3.243488e-03,7.912330e-04,6.972317e-02,4.624594e-01,6.555626e-03,2.312163e-01,6.047387e-02,1.629597e-03,1.432252e-02,5.075772e-03
7.075903e-02,6.664257e-03,1.363661e-02,7.118690e-03,3.532141e-02,2.873607e-03,6.312922e-04,5.570389e-02,4.971278e-01,5.541705e-03,2.258721e-01,4.294527e-02,1.292345e-03,2.883658e-02,5.675450e-03
9.727547e-02,7.217530e-03,1.446489e-02,1.210867e-02,6.109878e-02,3.009219e-03,6.010563e-04,7.416186e-02,4.692500e-01,5.318251e-03,1.785084e-01,3.058584e-02,1.242221e-03,3.793738e-02,7.220519e-03
1.140537e-01,8.499265e-03,3.033713e-02,3.308331e-02,7.018819e-02,3.557132e-03,6.044948e-04,8.130392e-02,4.453757e-01,4.943606e-03,1.341417e-01,2.333260e-02,2.374443e-03,3.513737e-02,1.306748e-02
1.090821e-01,1.204382e-02,9.710024e-02,7.682016e-02,5.536820e-02,3.231370e-03,5.039969e-04,6.601544e-02,3.967149e-01,4.466082e-03,9.851708e-02,1.758395e-02,2.511069e-03,3.699968e-02,2.304197e-02
1.205436e-01,1.500439e-02,1.064889e-01,6.828074e-02,4.800637e-02,3.831634e-03,4.681982e-04,5.760306e-02,3.832455e-01,5.031044e-03,7.327683e-02,1.314520e-02,2.407325e-03,4.297432e-02,5.969305e-02
1.375207e-01,1.632998e-02,1.475308e-01,7.833925e-02,3.716671e-02,4.697945e-03,5.528338e-04,4.257458e-02,3.002903e-01,5.042345e-03,5.421766e-02,1.038485e-02,2.859085e-03,5.854059e-02,1.039525e-01
1.271591e-01,1.488594e-02,1.404951e-01,7.228000e-02,2.659208e-02,4.204951e-03,5.071700e-04,3.052898e-02,2.162805e-01,5.375908e-03,3.883247e-02,8.198002e-03,2.640558e-03,4.465343e-02,2.673660e-01
1.566695e-01,1.579916e-02,1.647494e-01,7.794111e-02,1.917771e-02,4.201062e-03,1.003201e-03,2.371487e-02,1.585085e-01,5.487215e-03,2.813211e-02,7.363674e-03,2.898258e-03,3.956229e-02,2.947919e-01
2.022488e-01,1.802617e-02,1.716523e-01,6.133873e-02,1.480236e-02,3.594042e-03,1.308692e-03,2.052488e-02,1.225023e-01,6.333283e-03,2.050099e-02,5.604625e-03,2.221937e-03,4.323475e-02,3.061062e-01
2.329048e-01,1.855939e-02,1.596588e-01,5.768976e-02,1.136327e-02,3.558158e-03,1.503485e-03,1.618886e-02,9.874637e-02,6.534574e-03,1.542389e-02,4.632903e-03,1.899112e-03,3.901485e-02,3.323217e-01
1.984067e-01,1.512827e-02,3.132777e-01,5.360221e-02,8.482137e-03,3.276672e-03,1.345616e-03,1.153161e-02,7.325228e-02,7.236703e-03,1.133530e-02,3.894098e-03,1.517485e-03,3.576913e-02,2.619441e-01
1.968873e-01,3.236536e-02,2.889016e-01,6.353579e-02,7.364935e-03,4.227940e-03,1.209422e-03,9.346521e-03,5.559782e-02,6.993570e-03,9.675209e-03,6.575527e-03,2.770452e-03,3.632449e-02,2.782240e-01
2.390771e-01,3.617224e-02,2.747039e-01,7.429478e-02,6.502354e-03,5.537603e-03,1.061979e-03,8.310022e-03,4.350384e-02,6.186005e-03,1.022176e-02,1.100978e-02,4.942936e-03,4.046535e-02,2.380103e-01
3.159093e-01,3.610991e-02,2.361490e-01,6.999770e-02,5.464029e-03,5.756913e-03,1.092679e-03,7.373611e-03,3.751912e-02,5.894904e-03,1.117106e-02,1.167610e-02,4.875111e-03,4.223463e-02,2.087760e-01
4.052697e-01,3.427410e-02,1.913305e-01,5.725158e-02,5.185408e-03,5.196644e-03,1.201397e-03,7.130661e-03,3.339158e-02,5.526197e-03,1.043009e-02,1.062982e-02,5.033065e-03,4.314553e-02,1.850037e-01
3.424005e-01,3.278325e-02,1.480193e-01,4.441058e-02,4.801613e-03,5.086739e-03,1.516786e-03,6.557512e-03,5.821630e-02,1.240843e-02,9.181200e-03,9.065387e-03,4.636791e-03,6.627481e-02,2.546408e-01
3.987489e-01,3.399318e-02,1.076370e-01,3.789560e-02,5.968828e-03,4.866520e-03,1.500722e-03,6.115758e-03,6.153909e-02,1.444507e-02,9.064753e-03,8.043100e-03,5.193016e-03,6.270768e-02,2.422808e-01
3.773395e-01,4.069015e-02,8.626273e-02,8.938688e-02,7.111165e-03,7.132272e-03,2.107313e-03,8.466348e-03,8.000313e-02,1.333629e-02,8.863574e-03,7.423806e-03,5.757303e-03,4.519469e-02,2.209248e-01
3.156298e-01,3.821924e-02,1.102008e-01,1.366942e-01,6.834503e-03,7.402539e-03,2.113162e-03,7.027439e-03,7.276048e-02,1.594656e-02,7.625738e-03,6.252248e-03,4.555759e-03,3.397874e-02,2.347588e-01
3.817782e-01,3.992745e-02,9.383646e-02,1.147079e-01,7.141417e-03,9.213468e-03,2.347894e-03,6.152655e-03,7.366768e-02,1.374289e-02,7.551285e-03,6.340780e-03,5.099792e-03,2.894292e-02,2.095491e-01
4.418845e-01,3.766694e-02,1.234435e-01,9.518411e-02,9.616490e-03,1.017139e-02,2.322207e-03,5.302189e-03,5.699737e-02,1.053403e-02,1.031802e-02,6.238014e-03,4.514287e-03,2.458192e-02,1.612250e-01
4.931874e-01,5.083887e-02,9.732069e-02,9.073646e-02,1.185266e-02,1.208759e-02,2.972458e-03,5.393320e-03,4.222291e-02,8.906026e-03,9.014617e-03,7.855287e-03,4.828929e-03,2.101747e-02,1.417653e-01
4.875747e-01,6.880461e-02,8.419561e-02,8.839344e-02,1.287280e-02,1.243388e-02,2.801417e-03,4.653105e-03,3.298042e-02,9.960896e-03,7.662592e-03,7.550627e-03,4.854651e-03,1.774460e-02,1.575166e-01
3.474198e-01,1.094092e-01,9.146674e-02,2.081928e-01,1.024607e-02,9.248833e-03,2.033420e-03,3.344496e-03,2.677783e-02,1.020621e-02,6.275536e-03,5.554159e-03,3.629790e-03,1.265794e-02,1.535371e-01
3.248934e-01,9.699146e-02,9.429863e-02,2.371931e-01,9.083056e-03,8.444486e-03,1.855120e-03,2.929835e-03,2.527731e-02,1.137137e-02,6.735847e-03,5.124455e-03,3.869096e-03,9.687539e-03,1.622452e-01
2.932670e-01,8.318365e-02,1.778721e-01,2.455855e-01,7.668879e-03,7.928846e-03,1.680139e-03,2.837689e-03,1.994965e-02,9.826134e-03,5.706309e-03,5.637305e-03,4.318248e-03,7.115894e-03,1.274225e-01
2.640889e-01,6.726956e-02,2.167698e-01,2.871383e-01,8.113560e-03,7.366241e-03,1.729417e-03,2.882825e-03,1.810024e-02,8.974168e-03,7.277117e-03,4.996135e-03,4.464243e-03,5.487602e-03,9.534173e-02
2.929194e-01,6.148618e-02,2.571939e-01,2.334310e-01,1.187364e-02,8.843676e-03,2.125878e-03,3.474254e-03,1.477288e-02,9.222264e-03,9.459680e-03,5.381416e-03,4.635270e-03,6.313552e-03,7.886696e-02
3.481639e-01,6.957410e-02,2.074128e-01,2.051460e-01,2.475410e-02,2.754173e-02,3.646570e-03,4.181249e-03,1.211657e-02,8.680750e-03,8.000085e-03,7.055537e-03,4.309030e-03,5.498578e-03,6.391898e-02
4.177741e-01,8.181775e-02,1.616517e-01,1.718563e-01,2.632039e-02,3.380382e-02,3.870561e-03,4.106387e-03,1.036665e-02,1.260320e-02,7.297582e-03,8.316820e-03,3.946775e-03,4.727622e-03,5.154022e-02
4.035126e-01,7.459684e-02,1.295219e-01,2.450187e-01,2.237224e-02,2.663189e-02,3.080995e-03,5.176611e-03,1.143734e-02,1.131381e-02,6.646434e-03,8.489431e-03,4.045385e-03,3.961585e-03,4.419423e-02
3.547573e-01,7.904080e-02,1.164546e-01,2.100419e-01,1.914994e-02,2.130052e-02,2.538802e-03,7.182524e-03,5.829683e-02,1.601559e-02,1.542799e-02,7.582642e-03,6.110373e-03,1.087292e-02,7.522716e-02
2.518053e-01,7.707745e-02,1.156278e-01,1.525390e-01,1.416365e-02,1.626524e-02,2.047875e-03,5.338860e-03,1.133365e-01,3.835850e-02,1.531085e-02,6.697712e-03,5.218075e-03,3.310685e-02,1.531063e-01
2.279951e-01,6.643008e-02,1.108570e-01,1.154605e-01,1.440791e-02,3.561744e-02,2.684214e-03,1.592300e-02,1.029064e-01,3.101141e-02,5.841202e-02,9.632762e-03,1.466348e-02,6.813759e-02,1.258611e-01
2.102613e-01,5.442474e-02,1.506052e-01,8.730371e-02,1.392099e-02,5.000172e-02,2.623357e-03,1.787178e-02,8.003013e-02,2.423507e-02,7.133617e-02,9.749291e-03,1.530092e-02,1.134900e-01,9.884561e-02
1.586816e-01,4.001755e-02,2.273448e-01,6.381972e-02,1.128398e-02,4.167787e-02,2.060733e-03,1.448992e-02,5.901246e-02,1.978834e-02,1.230950e-01,8.237799e-03,1.144994e-02,1.474085e-01,7.163177e-02
1.153134e-01,2.873399e-02,2.115561e-01,4.711174e-02,8.711670e-03,3.524837e-02,1.693931e-03,1.084571e-02,4.363709e-02,1.762565e-02,1.674163e-01,7.367566e-03,8.635930e-03,2.422110e-01,5.389148e-02
1.273855e-01,3.268579e-02,1.881701e-01,4.060536e-02,1.781213e-02,1.054225e-01,4.189599e-03,1.036658e-02,3.382760e-02,1.725852e-02,1.520583e-01,6.547158e-03,7.382019e-03,2.143450e-01,4.194382e-02
1.073062e-01,2.641149e-02,1.435938e-01,3.138795e-02,2.332506e-02,1.583889e-01,3.557456e-03,1.066663e-02,3.312059e-02,1.574468e-02,1.970197e-01,6.336598e-03,6.289403e-03,2.054935e-01,3.135790e-02
8.269637e-02,2.375891e-02,1.111881e-01,2.502665e-02,4.160511e-02,1.721046e-01,3.027295e-03,8.561481e-03,3.008837e-02,1.383888e-02,2.100674e-01,5.527969e-03,4.784209e-03,2.438337e-01,2.389098e-02
7.183441e-02,1.868811e-02,8.931215e-02,2.128826e-02,6.368421e-02,1.335184e-01,2.458747e-03,7.990160e-03,9.688598e-02,1.270377e-02,1.708699e-01,7.126605e-03,4.359785e-03,2.794236e-01,1.985597e-02
7.826893e-02,1.759720e-02,6.688729e-02,1.989338e-02,6.953493e-02,1.013168e-01,2.138614e-03,7.661158e-03,9.692685e-02,1.125715e-02,1.929064e-01,7.373082e-03,4.693943e-03,3.055986e-01,1.794557e-02
1.212155e-01,2.058077e-02,9.559821e-02,2.647801e-02,9.702381e-02,8.474746e-02,2.472363e-03,9.515720e-03,9.534102e-02,1.136705e-02,1.478813e-01,8.153966e-03,5.015620e-03,2.582298e-01,1.637937e-02
2.233801e-01,2.198409e-02,1.019665e-01,4.833440e-02,7.815193e-02,7.672592e-02,2.869937e-03,8.865702e-03,7.476060e-02,1.016302e-02,1.165794e-01,1.119498e-02,5.109811e-03,1.977344e-01,2.217923e-02
2.223092e-01,2.086499e-02,1.276793e-01,4.105247e-02,6.044784e-02,7.191832e-02,2.464212e-03,7.298417e-03,6.045943e-02,1.395327e-02,1.034587e-01,9.930442e-03,4.706063e-03,2.197325e-01,3.372477e-02
1.943676e-01,1.628520e-02,1.089175e-01,3.121313e-02,4.426167e-02,5.559581e-02,2.161714e-03,6.289372e-03,5.073985e-02,1.231749e-02,1.135619e-01,1.037152e-02,4.071781e-03,3.238890e-01,2.595642e-02
1.592728e-01,1.468948e-02,7.992709e-02,2.637657e-02,3.175185e-02,4.285210e-02,1.792426e-03,4.942758e-03,6.092208e-02,1.189740e-02,1.260031e-01,1.013020e-02,3.902016e-03,4.049378e-01,2.060227e-02
1.189947e-01,1.293348e-02,6.062730e-02,1.941454e-02,2.306979e-02,3.377176e-02,1.341893e-03,3.629523e-03,5.447813e-02,9.976216e-03,1.301505e-01,8.727052e-03,3.255363e-03,5.037478e-01,1.588190e-02
1.061152e-01,1.358445e-02,4.540649e-02,1.648905e-02,1.775863e-02,2.643091e-02,1.086119e-03,2.886453e-03,6.233867e-02,1.196261e-02,1.719942e-01,7.848369e-03,2.807038e-03,4.991800e-01,1.411180e-02
8.262289e-02,1.373139e-02,3.357027e-02,1.236302e-02,1.365860e-02,1.956008e-02,8.704348e-04,2.145232e-03,7.177195e-02,1.039015e-02,1.839764e-01,6.770713e-03,2.222949e-03,5.355702e-01,1.077575e-02
6.529211e-02,1.394377e-02,2.860411e-02,1.058330e-02,1.048779e-02,1.466386e-02,7.705396e-04,2.107513e-03,1.157406e-01,8.848256e-03,1.600067e-01,5.320621e-03,1.663223e-03,5.537185e-01,8.249154e-03
6.292326e-02,3.036611e-02,4.714660e-02,3.648292e-02,1.058531e-02,1.230109e-02,7.673378e-04,3.024176e-03,1.802509e-01,8.378172e-03,1.252592e-01,4.130903e-03,1.385523e-03,4.676992e-01,9.299286e-03
6.076405e-02,4.189034e-02,4.980015e-02,3.481130e-02,9.762215e-03,1.828367e-02,7.035587e-04,3.299297e-03,2.602392e-01,7.347016e-03,9.569627e-02,3.377647e-03,1.157270e-03,4.033049e-01,9.563063e-03
5.065697e-02,4.312978e-02,8.132231e-02,2.841724e-02,8.241317e-03,1.891520e-02,5.739702e-04,3.075843e-03,2.975536e-01,2.946387e-02,7.262051e-02,2.593125e-03,9.406555e-04,3.394892e-01,2.300642e-02
4.429217e-02,3.500488e-02,8.460014e-02,2.226074e-02,6.724774e-03,2.455835e-02,4.438582e-04,2.671335e-03,3.193856e-01,5.776916e-02,5.753417e-02,2.041524e-03,8.219337e-04,3.078026e-01,3.408879e-02
7.162820e-02,2.925258e-02,7.557379e-02,2.471369e-02,7.443851e-03,4.473198e-02,7.267887e-04,3.875528e-03,3.421387e-01,6.162916e-02,4.534596e-02,1.896461e-03,2.214073e-03,2.412655e-01,4.756375e-02
9.615950e-02,2.515831e-02,1.176461e-01,4.842942e-02,2.043711e-02,4.616933e-02,1.473679e-03,8.652115e-03,3.127454e-01,5.454953e-02,3.478634e-02,2.186927e-03,2.400551e-03,1.819513e-01,4.725435e-02
1.000491e-01,2.038258e-02,1.727048e-01,5.384180e-02,2.298046e-02,4.059901e-02,1.535733e-03,1.028833e-02,2.690556e-01,7.351433e-02,2.571750e-02,1.995129e-03,2.285390e-03,1.327604e-01,7.228986e-02
1.210277e-01,2.258282e-02,1.740294e-01,7.215394e-02,2.118384e-02,4.992124e-02,1.366875e-03,1.269076e-02,2.058730e-01,6.371289e-02,2.117304e-02,3.386857e-03,2.939160e-03,9.684402e-02,1.311145e-01
1.376073e-01,2.761101e-02,1.614850e-01,6.931780e-02,2.721239e-02,6.706500e-02,1.499461e-03,1.997259e-02,1.697922e-01,5.450252e-02,1.863564e-02,3.198694e-03,3.134167e-03,7.264818e-02,1.663181e-01
1.426967e-01,2.317498e-02,2.115251e-01,5.302056e-02,2.187990e-02,5.127732e-02,1.210912e-03,1.850994e-02,1.320919e-01,5.567849e-02,1.386246e-02,2.314559e-03,2.784472e-03,5.294951e-02,2.170233e-01
1.555262e-01,2.985968e-02,2.959187e-01,4.406400e-02,2.445028e-02,4.127821e-02,1.368236e-03,1.542625e-02,9.893944e-02,4.310762e-02,1.004546e-02,1.799593e-03,2.616683e-03,3.908877e-02,1.965109e-01
1.564931e-01,3.242901e-02,3.763659e-01,3.411259e-02,2.686065e-02,3.349165e-02,1.270992e-03,1.316785e-02,7.505245e-02,3.479980e-02,7.247246e-03,1.347818e-03,2.183424e-03,3.054868e-02,1.746289e-01
1.650691e-01,7.505970e-02,3.231269e-01,3.417144e-02,3.281615e-02,3.962052e-02,2.272080e-03,1.231728e-02,5.753627e-02,3.142982e-02,5.507827e-03,1.118922e-03,2.097220e-03,2.373036e-02,1.941264e-01
1.254469e-01,6.738874e-02,2.341894e-01,2.771637e-02,3.611714e-02,2.659028e-01,2.635535e-03,9.534829e-03,4.120212e-02,2.397665e-02,4.102253e-03,8.559531e-04,1.726516e-03,1.697812e-02,1.422267e-01
9.255248e-02,4.965491e-02,1.644198e-01,1.983259e-02,2.659080e-02,4.634328e-01,1.993274e-03,6.781762e-03,2.966755e-02,2.228161e-02,4.098969e-03,7.117451e-04,1.388450e-03,1.346633e-02,1.031269e-01
6.826042e-02,3.800805e-02,1.155139e-01,1.624228e-02,1.953174e-02,5.263591e-01,1.509792e-03,5.046420e-03,2.616351e-02,7.996104e-02,5.998724e-03,7.245140e-04,1.429108e-03,1.257339e-02,8.267802e-02
4.976243e-02,2.856467e-02,8.097558e-02,1.195166e-02,1.460806e-02,4.492801e-01,1.225205e-03,3.868119e-03,2.660546e-02,2.224210e-01,2.047153e-02,1.098731e-03,1.269467e-03,2.388174e-02,6.401625e-02
4.080192e-02,2.208753e-02,5.703391e-02,9.066140e-03,1.186073e-02,3.441536e-01,1.694571e-03,3.538883e-03,5.960927e-02,2.429412e-01,6.958237e-02,4.950770e-03,1.615552e-03,6.774122e-02,6.332241e-02
4.088920e-02,1.669725e-02,4.059989e-02,6.884802e-03,9.567688e-03,2.647635e-01,3.214888e-03,4.611251e-03,5.693758e-02,2.312599e-01,1.335230e-01,9.698672e-03,2.775630e-03,1.248931e-01,5.368375e-02
1.421047e-01,1.551994e-02,3.430095e-02,1.124699e-02,1.362720e-02,2.563293e-01,5.487705e-03,8.520132e-03,4.611930e-02,1.894328e-01,1.120053e-01,1.125193e-02,4.771980e-03,1.084735e-01,4.080824e-02
2.008986e-01,1.691969e-02,2.869684e-02,2.399294e-02,2.065098e-02,2.276381e-01,5.943295e-03,9.879079e-03,4.775612e-02,1.543165e-01,9.551682e-02,1.327161e-02,4.996636e-03,1.087257e-01,4.079709e-02
1.884991e-01,1.630864e-02,3.034082e-02,2.403165e-02,2.402521e-02,1.689912e-01,6.002164e-03,1.393184e-02,5.547164e-02,1.196937e-01,1.161647e-01,1.293229e-02,4.918126e-03,1.787581e-01,3.993067e-02
1.773536e-01,1.377809e-02,2.878289e-02,2.470293e-02,2.693095e-02,1.251070e-01,4.944815e-03,2.027481e-02,4.709334e-02,9.350181e-02,1.701612e-01,1.189726e-02,4.909236e-03,2.184363e-01,3.212576e-02
1.624789e-01,1.508011e-02,2.586845e-02,2.854466e-02,4.504158e-02,1.156724e-01,4.665635e-03,2.444277e-02,3.955340e-02,7.131830e-02,1.922230e-01,1.401101e-02,5.642477e-03,2.285494e-01,2.690784e-02
1.792786e-01,1.290537e-02,2.631123e-02,2.619415e-02,5.624794e-02,9.228975e-02,4.459730e-03,2.213390e-02,4.066152e-02,5.594724e-02,1.929528e-01,1.851711e-02,6.305836e-03,2.436913e-01,2.210350e-02
2.758579e-01,1.385520e-02,2.429319e-02,3.405036e-02,4.987960e-02,7.972459e-02,4.430582e-03,2.102082e-02,3.715277e-02,4.148692e-02,1.654538e-01,1.870423e-02,8.812539e-03,2.038065e-01,2.147096e-02
2.916845e-01,1.343171e-02,2.769513e-02,3.310103e-02,4.472556e-02,7.073560e-02,3.984701e-03,1.798548e-02,3.842298e-02,3.219016e-02,1.597018e-01,2.071593e-02,9.162048e-03,2.180789e-01,1.838450e-02
3.262097e-01,1.414507e-02,3.070831e-02,3.997197e-02,3.640370e-02,6.331076e-02,4.113204e-03,1.539847e-02,3.818063e-02,2.446799e-02,1.498151e-01,2.612799e-02,1.078963e-02,2.011381e-01,1.921949e-02
2.883405e-01,1.227049e-02,2.650870e-02,3.149237e-02,2.884316e-02,6.179474e-02,3.255727e-03,1.173168e-02,3.254241e-02,1.789590e-02,1.468357e-01,2.232699e-02,8.975738e-03,2.875026e-01,1.968330e-02
2.448636e-01,1.182098e-02,2.266306e-02,2.720289e-02,2.386773e-02,5.747702e-02,2.781188e-03,1.025245e-02,3.400978e-02,1.321388e-02,1.503532e-01,1.792401e-02,7.358213e-03,3.584269e-01,1.778513e-02
2.474352e-01,1.056268e-02,2.939321e-02,2.613380e-02,1.918352e-02,6.053358e-02,2.424086e-03,8.564119e-03,3.289954e-02,1.038246e-02,1.514894e-01,1.443467e-02,5.743584e-03,3.635529e-01,1.726732e-02
1.884525e-01,8.579688e-03,2.846380e-02,1.985485e-02,1.444625e-02,4.847544e-02,1.960281e-03,6.481004e-03,4.053988e-02,7.929903e-03,1.478739e-01,1.155287e-02,4.248055e-03,4.570956e-01,1.404604e-02
1.469896e-01,7.592075e-03,2.701475e-02,1.901434e-02,1.178676e-02,4.114955e-02,1.669229e-03,5.223016e-03,1.105697e-01,6.638023e-03,1.356639e-01,8.709370e-03,3.261749e-03,4.626520e-01,1.206602e-02
1.047799e-01,5.956562e-03,2.415732e-02,1.403724e-02,9.102826e-03,3.092511e-02,1.259365e-03,3.821520e-03,1.735051e-01,5.547983e-03,1.100551e-01,6.632358e-03,2.365117e-03,4.979183e-01,9.936222e-03
7.759730e-02,5.013583e-03,1.981249e-02,1.137760e-02,7.135967e-03,2.303681e-02,1.067049e-03,3.174623e-03,3.199186e-01,4.471766e-03,8.586603e-02,5.101440e-03,1.791607e-03,4.269654e-01,7.669718e-03
5.775266e-02,4.277494e-03,1.555415e-02,8.285693e-03,5.245334e-03,1.759832e-02,7.856785e-04,2.359777e-03,4.341334e-01,3.725973e-03,6.482054e-02,3.937922e-03,1.323061e-03,3.744155e-01,5.784479e-03
4.168341e-02,4.783386e-03,1.223609e-02,6.262169e-03,4.238335e-03,1.291663e-02,5.727081e-04,1.750194e-03,5.580539e-01,3.121027e-03,4.826979e-02,2.881346e-03,9.514566e-04,2.975667e-01,4.712814e-03
3.007416e-02,4.172368e-03,9.252051e-03,4.910412e-03,3.358770e-03,9.651781e-03,4.212432e-04,1.341956e-03,6.680135e-01,2.908411e-03,3.493528e-02,2.065189e-03,7.018108e-04,2.243957e-01,3.797394e-03
2.135117e-02,3.274209e-03,6.626872e-03,3.973634e-03,2.805843e-03,6.900910e-03,2.979848e-04,1.098731e-03,7.589159e-01,2.639349e-03,2.487011e-02,1.459562e-03,5.161022e-04,1.620701e-01,3.199520e-03
1.661521e-02,3.322842e-03,6.262403e-03,3.892592e-03,3.035754e-03,5.792820e-03,2.262397e-04,1.843899e-03,8.118393e-01,2.461288e-03,1.814849e-02,1.044381e-03,4.031137e-04,1.223278e-01,2.783807e-03
1.818397e-02,3.074125e-03,9.421511e-03,1.411193e-02,5.225793e-03,8.495364e-03,2.202115e-04,4.610199e-03,8.222945e-01,2.819787e-03,1.340923e-02,7.899423e-04,5.277717e-04,9.355491e-02,3.260741e-03
2.795201e-02,3.170515e-03,2.309094e-02,2.766511e-02,1.052352e-02,1.548018e-02,3.574744e-04,1.326329e-02,7.758769e-01,3.575820e-03,1.012335e-02,6.161418e-04,5.288495e-04,8.304850e-02,4.727360e-03
3.410014e-02,6.636163e-03,1.469456e-01,6.105502e-02,1.343676e-02,1.387489e-02,3.952082e-04,1.432796e-02,6.065518e-01,4.634094e-03,8.089141e-03,4.946517e-04,5.550695e-04,7.966506e-02,9.238437e-03
4.710946e-02,7.541038e-03,1.989727e-01,6.246991e-02,2.178910e-02,1.205185e-02,4.750481e-04,2.700523e-02,5.237260e-01,6.631495e-03,6.359726e-03,4.348181e-04,5.407311e-04,7.307777e-02,1.181508e-02
3.845518e-02,8.256886e-03,3.620692e-01,7.861629e-02,1.595373e-02,9.195239e-03,3.553704e-04,1.967235e-02,3.813874e-01,1.060801e-02,5.060540e-03,3.617255e-04,4.847013e-04,5.466886e-02,1.485435e-02
3.550384e-02,8.010612e-03,3.784006e-01,1.631138e-01,1.293855e-02,7.644967e-03,2.668578e-04,1.680193e-02,2.996637e-01,1.197265e-02,6.271798e-03,4.661217e-04,1.076803e-03,4.391308e-02,1.395467e-02
4.917882e-02,1.623363e-02,3.390864e-01,1.651543e-01,1.172788e-02,6.153796e-03,2.187413e-04,1.761670e-02,2.730933e-01,3.854930e-02,1.373662e-02,1.030935e-03,2.977580e-03,4.468508e-02,2.055698e-02
5.751649e-02,2.562936e-02,2.938825e-01,1.547410e-01,1.211229e-02,9.107639e-03,2.581200e-04,6.759647e-02,2.370785e-01,4.515220e-02,1.322203e-02,1.053202e-03,2.757910e-03,4.494776e-02,3.494451e-02
6.918497e-02,4.940449e-02,2.171866e-01,1.243280e-01,1.237254e-02,2.301246e-02,3.582633e-04,9.995756e-02,2.323134e-01,6.324381e-02,1.385671e-02,1.253203e-03,3.405410e-03,4.360510e-02,4.651741e-02
7.173069e-02,5.643484e-02,1.563581e-01,9.426694e-02,1.589116e-02,4.972992e-02,7.735619e-04,1.381104e-01,2.561001e-01,5.371265e-02,1.349777e-02,1.291433e-03,4.595607e-03,4.405808e-02,4.344875e-02
5.859282e-02,8.225368e-02,1.114732e-01,7.069312e-02,1.576310e-02,4.507197e-02,8.082667e-04,2.021895e-01,2.856075e-01,4.230415e-02,1.172013e-02,1.117454e-03,3.610827e-03,3.616287e-02,3.263126e-02
4.913044e-02,1.155903e-01,7.884181e-02,5.300671e-02,1.502618e-02,3.747641e-02,7.219674e-04,2.596087e-01,2.914269e-01,3.229915e-02,1.051800e-02,1.046820e-03,2.760858e-03,2.855837e-02,2.398734e-02
4.797485e-02,1.614443e-01,5.659575e-02,3.974427e-02,1.344083e-02,5.268581e-02,7.919876e-04,2.600198e-01,2.878201e-01,2.701038e-02,9.283305e-03,1.355006e-03,2.133498e-03,2.206561e-02,1.763439e-02
4.536991e-02,2.199839e-01,4.022058e-02,2.859868e-02,1.269698e-02,5.603475e-02,8.452542e-04,2.443477e-01,2.859091e-01,2.165533e-02,8.230031e-03,1.282687e-03,1.705863e-03,2.020616e-02,1.291295e-02
5.835500e-02,2.227070e-01,2.858690e-02,2.056437e-02,1.275141e-02,6.621235e-02,1.699725e-03,1.952306e-01,3.269180e-01,2.521594e-02,8.632758e-03,1.730972e-03,1.657531e-03,1.980064e-02,9.936813e-03
6.658767e-02,2.323236e-01,2.037735e-02,1.458968e-02,1.339063e-02,5.880518e-02,1.634394e-03,1.527205e-01,3.319907e-01,6.076306e-02,8.427033e-03,1.716441e-03,1.648548e-03,2.759147e-02,7.433810e-03
8.249260e-02,2.257335e-01,1.462948e-02,1.044394e-02,1.351839e-02,5.870531e-02,1.656822e-03,1.204912e-01,3.385459e-01,8.622619e-02,1.034364e-02,2.032817e-03,1.667944e-03,2.782499e-02,5.687186e-03
1.405311e-01,2.098641e-01,1.075133e-02,7.862615e-03,1.256323e-02,5.112019e-02,2.146181e-03,8.940581e-02,2.937326e-01,1.318454e-01,1.449559e-02,3.655646e-03,2.028113e-03,2.492923e-02,5.068892e-03
1.869740e-01,1.915485e-01,8.114390e-03,6.002882e-03,1.268774e-02,4.487595e-02,2.781690e-03,6.915432e-02,2.803618e-01,1.414873e-01,1.857113e-02,4.341433e-03,2.079029e-03,2.596533e-02,5.054584e-03
2.996948e-01,1.627565e-01,6.457489e-03,5.200299e-03,1.170849e-02,3.626251e-02,3.546334e-03,5.394231e-02,2.385542e-01,1.290628e-01,1.645913e-02,5.924093e-03,2.323096e-03,2.246909e-02,5.638932e-03
3.432616e-01,1.238786e-01,5.770550e-03,7.352031e-03,1.213153e-02,2.935228e-02,4.032636e-03,5.247669e-02,2.285999e-01,1.303845e-01,1.433415e-02,9.226189e-03,3.416549e-03,1.756157e-02,1.822120e-02
3.977486e-01,9.469134e-02,6.192802e-03,8.692230e-03,1.253762e-02,2.559556e-02,3.592183e-03,4.651567e-02,1.857678e-01,1.231172e-01,1.227240e-02,1.122489e-02,4.676501e-03,1.525456e-02,5.212063e-02
4.691618e-01,7.005756e-02,1.255995e-02,1.545738e-02,1.387285e-02,2.316841e-02,4.247102e-03,5.032588e-02,1.462792e-01,9.288549e-02,1.156030e-02,1.676618e-02,7.350672e-03,1.506525e-02,5.124203e-02
4.681536e-01,5.482491e-02,1.800518e-02,2.154046e-02,1.723321e-02,2.221002e-02,3.925985e-03,5.677224e-02,1.140342e-01,8.033913e-02,1.325661e-02,2.333723e-02,1.016585e-02,1.682116e-02,7.938023e-02
4.426761e-01,4.626190e-02,2.903922e-02,4.874836e-02,1.592220e-02,2.707477e-02,4.241176e-03,5.518651e-02,8.737039e-02,5.938704e-02,1.803730e-02,5.231644e-02,1.639328e-02,1.479631e-02,8.254893e-02
1.000000e+00,0.000000e+00,0.000000e+00,0.000000e+00,0.000000e+00,0.000000e+00,0.000000e+00,0.000000e+00,0.000000e+00,0.000000e+00,0.000000e+00,0.000000e+00,0.000000e+00,0.000000e+00,0.000000e+00
4.779586e-01,3.320606e-02,2.588997e-02,7.300112e-02,1.311249e-02,2.996263e-02,4.961845e-03,5.787511e-02,5.796630e-02,3.238999e-02,1.906316e-02,6.153820e-02,1.987536e-02,1.454167e-02,7.865751e-02
4.040756e-01,4.464854e-02,3.339271e-02,1.749851e-01,1.010985e-02,2.446354e-02,4.050383e-03,4.528140e-02,5.796985e-02,2.334245e-02,1.647663e-02,5.885261e-02,1.891104e-02,1.083588e-02,7.260444e-02
3.700347e-01,3.783514e-02,6.518141e-02,2.014825e-01,7.798075e-03,2.122064e-02,3.205792e-03,3.682144e-02,5.552648e-02,1.819484e-02,1.545016e-02,5.173938e-02,1.853635e-02,9.377295e-03,8.759573e-02
