1.000000e+00,0.000000e+00,0.000000e+00,0.000000e+00,0.000000e+00,0.000000e+00,0.000000e+00,0.000000e+00,0.000000e+00,0.000000e+00,0.000000e+00,0.000000e+00,0.000000e+00,0.000000e+00,0.000000e+00
1.000000e+00,0.000000e+00,0.000000e+00,0.000000e+00,0.000000e+00,0.000000e+00,0.000000e+00,0.000000e+00,0.000000e+00,0.000000e+00,0.000000e+00,0.000000e+00,0.000000e+00,0.000000e+00,0.000000e+00
1.000000e+00,0.000000e+00,0.000000e+00,0.000000e+00,0.000000e+00,0.000000e+00,0.000000e+00,0.000000e+00,0.000000e+00,0.000000e+00,0.000000e+00,0.000000e+00,0.000000e+00,0.000000e+00,0.000000e+00
1.000000e+00,0.000000e+00,0.000000e+00,0.000000e+00,0.000000e+00,0.000000e+00,0.000000e+00,0.000000e+00,0.000000e+00,0.000000e+00,0.000000e+00,0.000000e+00,0.000000e+00,0.000000e+00,0.000000e+00
1.000000e+00,0.000000e+00,0.000000e+00,0.000000e+00,0.000000e+00,0.000000e+00,0.000000e+00,0.000000e+00,0.000000e+00,0.000000e+00,0.000000e+00,0.000000e+00,0.000000e+00,0.000000e+00,0.000000e+00
1.000000e+00,0.000000e+00,0.000000e+00,0.000000e+00,0.000000e+00,0.000000e+00,0.000000e+00,0.000000e+00,0.000000e+00,0.000000e+00,0.000000e+00,0.000000e+00,0.000000e+00,0.000000e+00,0.000000e+00
1.000000e+00,0.000000e+00,0.000000e+00,0.000000e+00,0.000000e+00,0.000000e+00,0.000000e+00,0.000000e+00,0.000000e+00,0.000000e+00,0.000000e+00,0.000000e+00,0.000000e+00,0.000000e+00,0.000000e+00
1.000000e+00,0.000000e+00,0.000000e+00,0.000000e+00,0.000000e+00,0.000000e+00,0.000000e+00,0.000000e+00,0.000000e+00,0.000000e+00,0.000000e+00,0.000000e+00,0.000000e+00,0.000000e+00,0.000000e+00
1.000000e+00,0.000000e+00,0.000000e+00,0.000000e+00,0.000000e+00,0.000000e+00,0.000000e+00,0.000000e+00,0.000000e+00,0.000000e+00,0.000000e+00,0.000000e+00,0.000000e+00,0.000000e+00,0.000000e+00
1.000000e+00,0.000000e+00,0.000000e+00,0.000000e+00,0.000000e+00,0.000000e+00,0.000000e+00,0.000000e+00,0.000000e+00,0.000000e+00,0.000000e+00,0.000000e+00,0.000000e+00,0.000000e+00,0.000000e+00
1.000000e+00,0.000000e+00,0.000000e+00,0.000000e+00,0.000000e+00,0.000000e+00,0.000000e+00,0.000000e+00,0.000000e+00,0.000000e+00,0.000000e+00,0.000000e+00,0.000000e+00,0.000000e+00,0.000000e+00
1.000000e+00,0.000000e+00,0.000000e+00,0.000000e+00,0.000000e+00,0.000000e+00,0.000000e+00,0.000000e+00,0.000000e+00,0.000000e+00,0.000000e+00,0.000000e+00,0.000000e+00,0.000000e+00,0.000000e+00
1.000000e+00,0.000000e+00,0.000000e+00,0.000000e+00,0.000000e+00,0.000000e+00,0.000000e+00,0.000000e+00,0.000000e+00,0.000000e+00,0.000000e+00,0.000000e+00,0.000000e+00,0.000000e+00,0.000000e+00
1.000000e+00,0.000000e+00,0.000000e+00,0.000000e+00,0.000000e+00,0.000000e+00,0.000000e+00,0.000000e+00,0.000000e+00,0.000000e+00,0.000000e+00,0.000000e+00,0.000000e+00,0.000000e+00,0.000000e+00
1.000000e+00,0.000000e+00,0.000000e+00,0.000000e+00,0.000000e+00,0.000000e+00,0.000000e+00,0.000000e+00,0.000000e+00,0.000000e+00,0.000000e+00,0.000000e+00,0.000000e+00,0.000000e+00,0.000000e+00
1.000000e+00,0.000000e+00,0.000000e+00,0.000000e+00,0.000000e+00,0.000000e+00,0.000000e+00,0.000000e+00,0.000000e+00,0.000000e+00,0.000000e+00,0.000000e+00,0.000000e+00,0.000000e+00,0.000000e+00
1.000000e+00,0.000000e+00,0.000000e+00,0.000000e+00,0.000000e+00,0.000000e+00,0.000000e+00,0.000000e+00,0.000000e+00,0.000000e+00,0.000000e+00,0.000000e+00,0.000000e+00,0.000000e+00,0.000000e+00
1.000000e+00,0.000000e+00,0.000000e+00,0.000000e+00,0.000000e+00,0.000000e+00,0.000000e+00,0.000000e+00,0.000000e+00,0.000000e+00,0.000000e+00,0.000000e+00,0.000000e+00,0.000000e+00,0.000000e+00
1.000000e+00,0.000000e+00,0.000000e+00,0.000000e+00,0.000000e+00,0.000000e+00,0.000000e+00,0.000000e+00,0.000000e+00,0.000000e+00,0.000000e+00,0.000000e+00,0.000000e+00,0.000000e+00,0.000000e+00
1.000000e+00,0.000000e+00,0.000000e+00,0.000000e+00,0.000000e+00,0.000000e+00,0.000000e+00,0.000000e+00,0.000000e+00,0.000000e+00,0.000000e+00,0.000000e+00,0.000000e+00,0.000000e+00,0.000000e+00
1.000000e+00,0.000000e+00,0.000000e+00,0.000000e+00,0.000000e+00,0.000000e+00,0.000000e+00,0.000000e+00,0.000000e+00,0.000000e+00,0.000000e+00,0.000000e+00,0.000000e+00,0.000000e+00,0.000000e+00
1.000000e+00,0.000000e+00,0.000000e+00,0.000000e+00,0.000000e+00,0.000000e+00,0.000000e+00,0.000000e+00,0.000000e+00,0.000000e+00,0.000000e+00,0.000000e+00,0.000000e+00,0.000000e+00,0.000000e+00
1.000000e+00,0.000000e+00,0.000000e+00,0.000000e+00,0.000000e+00,0.000000e+00,0.000000e+00,0.000000e+00,0.000000e+00,0.000000e+00,0.000000e+00,0.000000e+00,0.000000e+00,0.000000e+00,0.000000e+00
1.000000e+00,0.000000e+00,0.000000e+00,0.000000e+00,0.000000e+00,0.000000e+00,0.000000e+00,0.000000e+00,0.000000e+00,0.000000e+00,0.000000e+00,0.000000e+00,0.000000e+00,0.000000e+00,0.000000e+00
1.000000e+00,0.000000e+00,0.000000e+00,0.000000e+00,0.000000e+00,0.000000e+00,0.000000e+00,0.000000e+00,0.000000e+00,0.000000e+00,0.000000e+00,0.000000e+00,0.000000e+00,0.000000e+00,0.000000e+00
1.000000e+00,0.000000e+00,0.000000e+00,0.000000e+00,0.000000e+00,0.000000e+00,0.000000e+00,0.000000e+00,0.000000e+00,0.000000e+00,0.000000e+00,0.000000e+00,0.000000e+00,0.000000e+00,0.000000e+00
1.000000e+00,0.000000e+00,0.000000e+00,0.000000e+00,0.000000e+00,0.000000e+00,0.000000e+00,0.000000e+00,0.000000e+00,0.000000e+00,0.000000e+00,0.000000e+00,0.000000e+00,0.000000e+00,0.000000e+00
1.000000e+00,0.000000e+00,0.000000e+00,0.000000e+00,0.000000e+00,0.000000e+00,0.000000e+00,0.000000e+00,0.000000e+00,0.000000e+00,0.000000e+00,0.000000e+00,0.000000e+00,0.000000e+00,0.000000e+00
1.000000e+00,0.000000e+00,0.000000e+00,0.000000e+00,0.000000e+00,0.000000e+00,0.000000e+00,0.000000e+00,0.000000e+00,0.000000e+00,0.000000e+00,0.000000e+00,0.000000e+00,0.000000e+00,0.000000e+00
1.000000e+00,0.000000e+00,0.000000e+00,0.000000e+00,0.000000e+00,0.000000e+00,0.000000e+00,0.000000e+00,0.000000e+00,0.000000e+00,0.000000e+00,0.000000e+00,0.000000e+00,0.000000e+00,0.000000e+00
1.000000e+00,0.000000e+00,0.000000e+00,0.000000e+00,0.000000e+00,0.000000e+00,0.000000e+00,0.000000e+00,0.000000e+00,0.000000e+00,0.000000e+00,0.000000e+00,0.000000e+00,0.000000e+00,0.000000e+00
1.000000e+00,0.000000e+00,0.000000e+00,0.000000e+00,0.000000e+00,0.000000e+00,0.000000e+00,0.000000e+00,0.000000e+00,0.000000e+00,0.000000e+00,0.000000e+00,0.000000e+00,0.000000e+00,0.000000e+00
1.000000e+00,0.000000e+00,0.000000e+00,0.000000e+00,0.000000e+00,0.000000e+00,0.000000e+00,0.000000e+00,0.000000e+00,0.000000e+00,0.000000e+00,0.000000e+00,0.000000e+00,0.000000e+00,0.000000e+00
1.000000e+00,0.000000e+00,0.000000e+00,0.000000e+00,0.000000e+00,0.000000e+00,0.000000e+00,0.000000e+00,0.000000e+00,0.000000e+00,0.000000e+00,0.000000e+00,0.000000e+00,0.000000e+00,0.000000e+00
1.000000e+00,0.000000e+00,0.000000e+00,0.000000e+00,0.000000e+00,0.000000e+00,0.000000e+00,0.000000e+00,0.000000e+00,0.000000e+00,0.000000e+00,0.000000e+00,0.000000e+00,0.000000e+00,0.000000e+00
1.000000e+00,0.000000e+00,0.000000e+00,0.000000e+00,0.000000e+00,0.000000e+00,0.000000e+00,0.000000e+00,0.000000e+00,0.000000e+00,0.000000e+00,0.000000e+00,0.000000e+00,0.000000e+00,0.000000e+00
1.000000e+00,0.000000e+00,0.000000e+00,0.000000e+00,0.000000e+00,0.000000e+00,0.000000e+00,0.000000e+00,0.000000e+00,0.000000e+00,0.000000e+00,0.000000e+00,0.000000e+00,0.000000e+00,0.000000e+00
1.000000e+00,0.000000e+00,0.000000e+00,0.000000e+00,0.000000e+00,0.000000e+00,0.000000e+00,0.000000e+00,0.000000e+00,0.000000e+00,0.000000e+00,0.000000e+00,0.000000e+00,0.000000e+00,0.000000e+00
1.000000e+00,0.000000e+00,0.000000e+00,0.000000e+00,0.000000e+00,0.000000e+00,0.000000e+00,0.000000e+00,0.000000e+00,0.000000e+00,0.000000e+00,0.000000e+00,0.000000e+00,0.000000e+00,0.000000e+00
1.000000e+00,0.000000e+00,0.000000e+00,0.000000e+00,0.000000e+00,0.000000e+00,0.000000e+00,0.000000e+00,0.000000e+00,0.000000e+00,0.000000e+00,0.000000e+00,0.000000e+00,0.000000e+00,0.000000e+00
1.000000e+00,0.000000e+00,0.000000e+00,0.000000e+00,0.000000e+00,0.000000e+00,0.000000e+00,0.000000e+00,0.000000e+00,0.000000e+00,0.000000e+00,0.000000e+00,0.000000e+00,0.000000e+00,0.000000e+00
1.000000e+00,0.000000e+00,0.000000e+00,0.000000e+00,0.000000e+00,0.000000e+00,0.000000e+00,0.000000e+00,0.000000e+00,0.000000e+00,0.000000e+00,0.000000e+00,0.000000e+00,0.000000e+00,0.000000e+00
1.000000e+00,0.000000e+00,0.000000e+00,0.000000e+00,0.000000e+00,0.000000e+00,0.000000e+00,0.000000e+00,0.000000e+00,0.000000e+00,0.000000e+00,0.000000e+00,0.000000e+00,0.000000e+00,0.000000e+00
1.000000e+00,0.000000e+00,0.000000e+00,0.000000e+00,0.000000e+00,0.000000e+00,0.000000e+00,0.000000e+00,0.000000e+00,0.000000e+00,0.000000e+00,0.000000e+00,0.000000e+00,0.000000e+00,0.000000e+00
1.000000e+00,0.000000e+00,0.000000e+00,0.000000e+00,0.000000e+00,0.000000e+00,0.000000e+00,0.000000e+00,0.000000e+00,0.000000e+00,0.000000e+00,0.000000e+00,0.000000e+00,0.000000e+00,0.000000e+00
1.000000e+00,0.000000e+00,0.000000e+00,0.000000e+00,0.000000e+00,0.000000e+00,0.000000e+00,0.000000e+00,0.000000e+00,0.000000e+00,0.000000e+00,0.000000e+00,0.000000e+00,0.000000e+00,0.000000e+00
1.000000e+00,0.000000e+00,0.000000e+00,0.000000e+00,0.000000e+00,0.000000e+00,0.000000e+00,0.000000e+00,0.000000e+00,0.000000e+00,0.000000e+00,0.000000e+00,0.000000e+00,0.000000e+00,0.000000e+00
1.000000e+00,0.000000e+00,0.000000e+00,0.000000e+00,0.000000e+00,0.000000e+00,0.000000e+00,0.000000e+00,0.000000e+00,0.000000e+00,0.000000e+00,0.000000e+00,0.000000e+00,0.000000e+00,0.000000e+00
1.000000e+00,0.000000e+00,0.000000e+00,0.000000e+00,0.000000e+00,0.000000e+00,0.000000e+00,0.000000e+00,0.000000e+00,0.000000e+00,0.000000e+00,0.000000e+00,0.000000e+00,0.000000e+00,0.000000e+00
1.000000e+00,0.000000e+00,0.000000e+00,0.000000e+00,0.000000e+00,0.000000e+00,0.000000e+00,0.000000e+00,0.000000e+00,0.000000e+00,0.000000e+00,0.000000e+00,0.000000e+00,0.000000e+00,0.000000e+00
1.000000e+00,0.000000e+00,0.000000e+00,0.000000e+00,0.000000e+00,0.000000e+00,0.000000e+00,0.000000e+00,0.000000e+00,0.000000e+00,0.000000e+00,0.000000e+00,0.000000e+00,0.000000e+00,0.000000e+00
1.000000e+00,0.000000e+00,0.000000e+00,0.000000e+00,0.000000e+00,0.000000e+00,0.000000e+00,0.000000e+00,0.000000e+00,0.000000e+00,0.000000e+00,0.000000e+00,0.000000e+00,0.000000e+00,0.000000e+00
1.000000e+00,0.000000e+00,0.000000e+00,0.000000e+00,0.000000e+00,0.000000e+00,0.000000e+00,0.000000e+00,0.000000e+00,0.000000e+00,0.000000e+00,0.000000e+00,0.000000e+00,0.000000e+00,0.000000e+00
1.000000e+00,0.000000e+00,0.000000e+00,0.000000e+00,0.000000e+00,0.000000e+00,0.000000e+00,0.000000e+00,0.000000e+00,0.000000e+00,0.000000e+00,0.000000e+00,0.000000e+00,0.000000e+00,0.000000e+00
4.184999e-01,9.658062e-03,1.495882e-02,2.210298e-02,7.468884e-03,7.566440e-02,2.488674e-03,2.975737e-01,3.495659e-03,4.125528e-03,8.320086e-02,3.327917e-02,1.063166e-02,5.113640e-03,1.173816e-02
2.931042e-01,6.778790e-03,1.418434e-02,1.807735e-02,5.305578e-03,5.359490e-02,1.840287e-03,5.009236e-01,2.455405e-03,2.909423e-03,5.826414e-02,2.330118e-02,7.449000e-03,3.583801e-03,8.228066e-03
2.053311e-01,4.758726e-03,1.276597e-02,1.407297e-02,3.784989e-03,3.790352e-02,1.380915e-03,6.455743e-01,1.728294e-03,2.069952e-03,4.080688e-02,1.631445e-02,5.220389e-03,2.511964e-03,5.775535e-03
1.451204e-01,3.465808e-03,1.079045e-02,1.148007e-02,3.187899e-03,3.001213e-02,1.214065e-03,7.232218e-01,2.216784e-03,8.662199e-03,3.211278e-02,1.208175e-02,9.553552e-03,2.239808e-03,4.640578e-03
1.024239e-01,3.448498e-03,8.883942e-03,9.289907e-03,8.721944e-03,2.457330e-02,1.000784e-03,7.237574e-01,7.544176e-03,1.576924e-02,4.990491e-02,1.186839e-02,2.548988e-02,3.699355e-03,3.624452e-03
7.415656e-02,7.193752e-03,6.800066e-03,9.761292e-03,2.326561e-02,2.815745e-02,1.049048e-03,5.669039e-01,8.844168e-02,1.512970e-02,8.409498e-02,1.653667e-02,5.082313e-02,2.177116e-02,5.915024e-03
5.388844e-02,1.205351e-02,5.245154e-03,8.703299e-03,1.737498e-02,2.017205e-02,8.184190e-04,4.080879e-01,2.812858e-01,1.420251e-02,7.600754e-02,1.467316e-02,4.316717e-02,3.459395e-02,9.726121e-03
3.789469e-02,1.523260e-02,3.852298e-03,6.520214e-03,1.244359e-02,1.417845e-02,5.889163e-04,2.871683e-01,4.706672e-01,1.152115e-02,5.646082e-02,1.054745e-02,3.122891e-02,2.801584e-02,1.367967e-02
2.784555e-02,3.240641e-02,3.072138e-03,5.656179e-03,9.311089e-03,1.084534e-02,4.204175e-04,2.013300e-01,5.372793e-01,9.363798e-03,4.489462e-02,7.532446e-03,2.335643e-02,2.550960e-02,6.117665e-02
2.028589e-02,3.019772e-02,2.265371e-03,4.387692e-03,6.692881e-03,8.964343e-03,2.994021e-04,1.410947e-01,6.152813e-01,7.660120e-03,3.270072e-02,5.337535e-03,1.800787e-02,2.333021e-02,8.349428e-02
1.457383e-02,2.288908e-02,1.635789e-03,3.405363e-03,4.718753e-03,6.737068e-03,2.165960e-04,9.883633e-02,6.411324e-01,5.628525e-03,2.330176e-02,3.858382e-03,1.325279e-02,1.941295e-02,1.404004e-01
1.087737e-02,1.784931e-02,1.220312e-03,2.517282e-03,3.309662e-03,5.549736e-03,1.576372e-04,6.919944e-02,5.745964e-01,4.670486e-03,1.680706e-02,2.774324e-03,1.019294e-02,4.890923e-02,2.313689e-01
8.935673e-03,1.367186e-02,9.851200e-04,1.798332e-03,2.327347e-03,5.057796e-03,1.222929e-04,4.844904e-02,4.378702e-01,4.152501e-03,1.403848e-02,2.008676e-03,7.689062e-03,1.000495e-01,3.528442e-01
7.820720e-03,1.144545e-02,7.843868e-04,1.286885e-03,1.636675e-03,4.393148e-03,9.219012e-05,3.392125e-02,3.219064e-01,4.952578e-03,1.190410e-02,1.480990e-03,5.983743e-03,1.846699e-01,4.077218e-01
6.880607e-03,1.094325e-02,6.801445e-04,1.011362e-03,1.168841e-03,3.695392e-03,7.172046e-05,2.374980e-02,2.391757e-01,4.343865e-03,1.294882e-02,1.161982e-03,4.572809e-03,1.506097e-01,5.389861e-01
5.032205e-03,1.352953e-02,5.361226e-04,7.322893e-04,8.487116e-04,2.728420e-03,5.208750e-05,1.662544e-02,1.851240e-01,3.823586e-03,1.025985e-02,8.430065e-04,3.299957e-03,1.330609e-01,6.235039e-01
3.579453e-03,1.903763e-02,4.104481e-04,5.324088e-04,6.118660e-04,2.002066e-03,3.701203e-05,1.163794e-02,1.725303e-01,3.355615e-03,7.874897e-03,5.991904e-04,2.358504e-03,1.106042e-01,6.648285e-01
2.572295e-03,4.008076e-02,3.228267e-04,3.905690e-04,4.516523e-04,1.572578e-03,2.638515e-05,8.146736e-03,1.765287e-01,3.101510e-03,6.129279e-03,4.318112e-04,1.775387e-03,9.338965e-02,6.650799e-01
2.119943e-03,8.375825e-02,4.232173e-04,3.529565e-04,6.079287e-04,2.189526e-03,2.341878e-05,5.707531e-03,2.259853e-01,6.113768e-03,7.568786e-03,3.379951e-04,1.487883e-03,6.897094e-02,5.943526e-01
1.854089e-03,2.339763e-01,5.645020e-04,4.435086e-04,9.674950e-04,3.596374e-03,2.496311e-05,4.016104e-03,2.265387e-01,6.633844e-03,6.700398e-03,2.524770e-04,1.270629e-03,5.089990e-02,4.622608e-01
1.419772e-03,3.065840e-01,4.449545e-04,6.927877e-04,1.107788e-03,3.165198e-03,2.187477e-05,2.819725e-03,2.574728e-01,8.381235e-03,5.004554e-03,1.889533e-04,1.146799e-03,3.622107e-02,3.753285e-01
1.152653e-03,3.376698e-01,3.408096e-04,1.038238e-03,1.538296e-03,3.814310e-03,2.089856e-05,2.017910e-03,3.069094e-01,1.024326e-02,3.812406e-03,1.556541e-04,1.226765e-03,2.570679e-02,3.043528e-01
1.005014e-03,3.288257e-01,2.738450e-04,1.550289e-03,2.729698e-03,4.759977e-03,2.572110e-05,1.450458e-03,3.344746e-01,1.203375e-02,2.970516e-03,1.344356e-04,1.549464e-03,1.823904e-02,2.899775e-01
1.170135e-03,3.052012e-01,2.600019e-04,4.169960e-03,5.649133e-03,4.129217e-03,3.739596e-05,1.082901e-03,3.261400e-01,1.141751e-02,2.276538e-03,1.239494e-04,1.463715e-03,1.289511e-02,3.239832e-01
1.299985e-03,2.922107e-01,2.352695e-04,8.186853e-03,6.899432e-03,3.603847e-03,3.854541e-05,8.348286e-04,3.675033e-01,9.370415e-03,1.799435e-03,1.420055e-04,1.894395e-03,9.159391e-03,2.968216e-01
1.144867e-03,2.358085e-01,2.667871e-04,2.292970e-02,5.632254e-03,3.105582e-03,3.116099e-05,7.202647e-04,4.625546e-01,7.605999e-03,1.511842e-03,1.528869e-04,2.252573e-03,6.654262e-03,2.496286e-01
1.060422e-03,1.873271e-01,2.959216e-04,4.577845e-02,5.173206e-03,4.170353e-03,3.182375e-05,7.982313e-04,5.565024e-01,5.719234e-03,1.657209e-03,1.592535e-04,2.893829e-03,4.875239e-03,1.835573e-01
1.057171e-03,1.520417e-01,3.997791e-04,5.936085e-02,4.989028e-03,4.414719e-03,4.173056e-05,9.461705e-04,6.258873e-01,4.995319e-03,2.590218e-03,2.068435e-04,2.793215e-03,3.657627e-03,1.366183e-01
9.503876e-04,1.230750e-01,4.645625e-04,6.628394e-02,3.614870e-03,4.050514e-03,3.502850e-05,9.127051e-04,6.885043e-01,3.957433e-03,2.903841e-03,2.934861e-04,2.541934e-03,3.105385e-03,9.930661e-02
2.261033e-03,1.057262e-01,7.351320e-04,6.091593e-02,3.929170e-03,4.573736e-03,1.149960e-04,1.527036e-03,7.237463e-01,3.271501e-03,6.535594e-03,4.212314e-04,4.211664e-03,2.623811e-03,7.940668e-02
2.566280e-03,1.007535e-01,8.894552e-04,5.536547e-02,2.932109e-03,3.940887e-03,9.529034e-05,1.538185e-03,7.376516e-01,3.827295e-03,6.979123e-03,6.680468e-04,4.588427e-03,2.819103e-03,7.538533e-02
3.135148e-03,8.506487e-02,1.063402e-03,4.387062e-02,2.336619e-03,4.627960e-03,9.076641e-05,1.249064e-03,7.686015e-01,3.686045e-03,5.976717e-03,6.784508e-04,4.506838e-03,3.182213e-03,7.192989e-02
5.714441e-03,7.372858e-02,1.977052e-03,4.523206e-02,5.259356e-03,9.037494e-03,2.795585e-04,1.855728e-03,7.599861e-01,3.896501e-03,6.385270e-03,9.054649e-04,6.916957e-03,3.007957e-03,7.581753e-02
1.090452e-02,6.979547e-02,2.471726e-03,4.938713e-02,8.325865e-03,2.397609e-02,6.263339e-04,1.913461e-03,7.415937e-01,3.307753e-03,5.329602e-03,9.107938e-04,9.360954e-03,2.921027e-03,6.917564e-02
1.098486e-02,5.929216e-02,4.935078e-03,7.109548e-02,1.737815e-02,4.224374e-02,1.712297e-03,7.116492e-03,7.057589e-01,3.121895e-03,4.557405e-03,8.456910e-04,1.029493e-02,2.387888e-03,5.827506e-02
1.105610e-02,4.810803e-02,1.120440e-02,1.584875e-01,1.863336e-02,6.501021e-02,2.272979e-03,2.235150e-02,5.721651e-01,5.349930e-03,3.927416e-03,8.067867e-04,1.086045e-02,1.836684e-03,6.792954e-02
1.215073e-02,5.065630e-02,4.535985e-02,1.885457e-01,1.904709e-02,6.898927e-02,2.497198e-03,3.355875e-02,4.595545e-01,1.319702e-02,3.009155e-03,7.148654e-04,9.526890e-03,1.440406e-03,9.175237e-02
2.153774e-02,5.348522e-02,7.631824e-02,1.833875e-01,2.665837e-02,8.843221e-02,3.361800e-03,3.525539e-02,3.754345e-01,2.127033e-02,2.491756e-03,6.982777e-04,8.954233e-03,1.199099e-03,1.015154e-01
3.246002e-02,1.067259e-01,1.096586e-01,1.554366e-01,3.246142e-02,7.425997e-02,3.663190e-03,2.742356e-02,3.305450e-01,2.675873e-02,3.390105e-03,6.202458e-04,8.731696e-03,9.892058e-04,8.687575e-02
2.355927e-02,8.722123e-02,1.261428e-01,2.185330e-01,2.546735e-02,5.229716e-02,2.803807e-03,2.110848e-02,3.327414e-01,2.513633e-02,3.357711e-03,4.863365e-04,6.890748e-03,7.365301e-04,7.351788e-02
2.430900e-02,6.833103e-02,2.157084e-01,2.167645e-01,2.555686e-02,3.978705e-02,2.574664e-03,1.641700e-02,2.574706e-01,2.360057e-02,1.239039e-02,5.211055e-04,5.547848e-03,1.071374e-03,8.994967e-02
1.879032e-02,5.177925e-02,2.933114e-01,2.139184e-01,1.973188e-02,2.849087e-02,2.020768e-03,1.226848e-02,2.028906e-01,2.212052e-02,1.281357e-02,7.716682e-04,4.641717e-03,2.069991e-03,1.143806e-01
1.337542e-02,3.696753e-02,3.398871e-01,2.929861e-01,1.493666e-02,2.006678e-02,1.519014e-03,8.745501e-03,1.479805e-01,1.745544e-02,1.102382e-02,7.023051e-04,3.732635e-03,1.670549e-03,8.895068e-02
1.856395e-02,3.113770e-02,4.317558e-01,2.114560e-01,1.504687e-02,2.050517e-02,1.485716e-03,6.442335e-03,1.101298e-01,1.553434e-02,1.277243e-02,1.134450e-03,3.611321e-03,2.816542e-02,9.225883e-02
1.852889e-02,3.930488e-02,3.599650e-01,3.029412e-01,3.551471e-02,3.777815e-02,6.943790e-03,6.301568e-03,7.959200e-02,1.119910e-02,1.078216e-02,1.334956e-03,3.024546e-03,2.001920e-02,6.676988e-02
2.713173e-02,4.588755e-02,3.438419e-01,3.475820e-01,3.568241e-02,3.313110e-02,6.009791e-03,4.755064e-03,6.029877e-02,1.037756e-02,9.786541e-03,1.569961e-03,3.038537e-03,1.538666e-02,5.552047e-02
5.114569e-02,5.846834e-02,3.016459e-01,3.220495e-01,7.663430e-02,5.379564e-02,1.234665e-02,5.660782e-03,4.374246e-02,7.954276e-03,8.480881e-03,2.054893e-03,3.029319e-03,1.126340e-02,4.172803e-02
1.117393e-01,6.354883e-02,2.534947e-01,3.022902e-01,9.276140e-02,5.473393e-02,1.280794e-02,8.804781e-03,3.378292e-02,7.791397e-03,9.364238e-03,2.938199e-03,3.530072e-03,8.739023e-03,3.367313e-02
1.566204e-01,5.281391e-02,2.446232e-01,2.184508e-01,7.233629e-02,4.165450e-02,9.313022e-03,6.747462e-03,3.583086e-02,8.992339e-03,1.086505e-02,4.752844e-03,6.180428e-03,3.854800e-02,9.227099e-02
1.709006e-01,1.069816e-01,1.778981e-01,2.531460e-01,6.333151e-02,3.468693e-02,8.961870e-03,6.883471e-03,3.669939e-02,7.402104e-03,1.076568e-02,5.249125e-03,6.499193e-03,2.756058e-02,8.303393e-02
1.828275e-01,9.328156e-02,1.881905e-01,2.780170e-01,4.839978e-02,2.689376e-02,6.715036e-03,6.692138e-03,3.126181e-02,6.673597e-03,1.063933e-02,1.019561e-02,7.513014e-03,2.184831e-02,8.085109e-02
2.703588e-01,8.417843e-02,1.510394e-01,2.442053e-01,3.880171e-02,2.335304e-02,5.457712e-03,7.289683e-03,2.774391e-02,6.221068e-03,1.321286e-02,2.273143e-02,9.743839e-03,1.867847e-02,7.698435e-02
3.271543e-01,7.462476e-02,1.379317e-01,1.863454e-01,3.128326e-02,2.343730e-02,5.047745e-03,1.010499e-02,2.662324e-02,6.058289e-03,1.674460e-02,3.086567e-02,9.413555e-03,3.564021e-02,7.872506e-02
2.810048e-01,5.481433e-02,1.165495e-01,1.365317e-01,2.238528e-02,1.863894e-02,4.113315e-03,8.073658e-03,2.536684e-02,6.343347e-03,1.719668e-02,3.932662e-02,7.710008e-03,1.295031e-01,1.324419e-01
2.754102e-01,4.204626e-02,1.212749e-01,9.970283e-02,1.731659e-02,1.497775e-02,3.111263e-03,6.189044e-03,2.235998e-02,7.057384e-03,1.589403e-02,3.430122e-02,6.565398e-03,1.864244e-01,1.473687e-01
2.779917e-01,3.204424e-02,9.392379e-02,7.707376e-02,1.392763e-02,1.403918e-02,2.705487e-03,5.793442e-03,2.655755e-02,6.147805e-03,1.533751e-02,2.725242e-02,5.413313e-03,2.744667e-01,1.273255e-01
3.130534e-01,2.507616e-02,8.994821e-02,8.854485e-02,1.696271e-02,1.467277e-02,2.965712e-03,1.342122e-02,3.127930e-02,6.556933e-03,1.814893e-02,2.811019e-02,6.390546e-03,2.410569e-01,1.038121e-01
2.616057e-01,1.848790e-02,6.651970e-02,6.383051e-02,1.298564e-02,1.328080e-02,2.671526e-03,1.040261e-02,4.003505e-02,7.741225e-03,1.677265e-02,2.310685e-02,5.001677e-03,3.717703e-01,8.578784e-02
1.867638e-01,1.311959e-02,5.496211e-02,4.517796e-02,9.507777e-03,1.114726e-02,1.891309e-03,7.556561e-03,3.393161e-02,8.274925e-03,1.957600e-02,1.673066e-02,3.608461e-03,5.137449e-01,7.400709e-02
1.375150e-01,9.492157e-03,4.443940e-02,3.201545e-02,7.054504e-03,9.091498e-03,1.368750e-03,5.522700e-03,2.864869e-02,9.153849e-03,2.121997e-02,1.211727e-02,2.679172e-03,6.174067e-01,6.227480e-02
1.205789e-01,6.890139e-03,3.280949e-02,2.257826e-02,5.100359e-03,6.988253e-03,9.967675e-04,3.937927e-03,2.412052e-02,1.582225e-02,2.465974e-02,8.697146e-03,2.033853e-03,6.787860e-01,4.600026e-02
8.738408e-02,4.885391e-03,2.419937e-02,1.592668e-02,3.681527e-03,5.013961e-03,7.144626e-04,2.791453e-03,1.887846e-02,3.631872e-02,2.266189e-02,6.227646e-03,1.568436e-03,7.357712e-01,3.397676e-02
6.818982e-02,3.553554e-03,1.761970e-02,1.137967e-02,2.666463e-03,3.757464e-03,5.279907e-04,1.987881e-03,1.935008e-02,6.714690e-02,2.633954e-02,4.611268e-03,1.211697e-03,7.410238e-01,3.063417e-02
5.123101e-02,2.569049e-03,1.260690e-02,8.050605e-03,1.930200e-03,2.801116e-03,3.885284e-04,1.416727e-03,2.748672e-02,6.459195e-02,2.118507e-02,3.528708e-03,9.836027e-04,7.711308e-01,3.009896e-02
3.765352e-02,1.972908e-03,9.189498e-03,5.683688e-03,1.493212e-03,2.160690e-03,2.938702e-04,1.005070e-03,6.670868e-02,7.377268e-02,1.851879e-02,2.772821e-03,8.841095e-04,7.494432e-01,2.844715e-02
3.304929e-02,2.546522e-03,9.874541e-03,4.514612e-03,1.750284e-03,3.727106e-03,3.420037e-04,1.304603e-03,1.818077e-01,6.457556e-02,3.767517e-02,4.598523e-03,2.161534e-03,6.300070e-01,2.206552e-02
3.247049e-02,2.710158e-03,8.339021e-03,3.574421e-03,2.664670e-03,5.443764e-03,2.687249e-04,1.223280e-03,2.987928e-01,5.222044e-02,3.474362e-02,3.661834e-03,1.876983e-03,5.347031e-01,1.730665e-02
3.283211e-02,2.380808e-03,7.039181e-03,2.973816e-03,3.193015e-03,5.524055e-03,2.079221e-04,1.387525e-03,4.179688e-01,3.914255e-02,2.977091e-02,2.742405e-03,1.647652e-03,4.394892e-01,1.370018e-02
5.806428e-02,2.321701e-03,8.281128e-03,6.578439e-03,5.133473e-03,7.271872e-03,1.769088e-04,2.243348e-03,5.163043e-01,2.816865e-02,2.338431e-02,2.167432e-03,1.517217e-03,3.261101e-01,1.227690e-02
7.364348e-02,2.161192e-03,8.036861e-03,6.625780e-03,5.782781e-03,7.812566e-03,1.394140e-04,3.115410e-03,5.643842e-01,2.061514e-02,1.868321e-02,1.755197e-03,1.390716e-03,2.661589e-01,1.969517e-02
8.775550e-02,2.278225e-03,8.355395e-03,5.521411e-03,6.889503e-03,8.827141e-03,1.214387e-04,3.992929e-03,5.593177e-01,1.479881e-02,1.460169e-02,1.419059e-03,1.241907e-03,2.609024e-01,2.397687e-02
8.651228e-02,3.070985e-03,1.461300e-02,5.297146e-03,1.171007e-02,1.106718e-02,1.047364e-04,4.193137e-03,4.825219e-01,1.158636e-02,1.170234e-02,1.176264e-03,1.145722e-03,2.851823e-01,7.011655e-02
8.402147e-02,3.658706e-03,1.241614e-02,4.737682e-03,1.378781e-02,1.162558e-02,9.490090e-05,4.020718e-03,4.083112e-01,9.806063e-03,9.772741e-03,1.006505e-03,1.337588e-03,3.303103e-01,1.050925e-01
8.342958e-02,2.894803e-02,1.693107e-02,9.972012e-02,1.784633e-02,1.196369e-02,2.355048e-04,4.923079e-03,3.031052e-01,8.401634e-03,7.524306e-03,1.093050e-03,1.415462e-03,2.574551e-01,1.570078e-01
1.107979e-01,2.671459e-02,5.040302e-02,1.079411e-01,2.025429e-02,1.127436e-02,3.816691e-04,7.123856e-03,2.275533e-01,9.644573e-03,5.845711e-03,1.148159e-03,1.381104e-03,2.216998e-01,1.978366e-01
1.122288e-01,2.179312e-02,9.432711e-02,8.005103e-02,2.006224e-02,1.098579e-02,3.114670e-04,6.834934e-03,1.911577e-01,1.073606e-02,4.606236e-03,9.476876e-04,1.095658e-03,1.763575e-01,2.685046e-01
9.123700e-02,1.978365e-02,1.475111e-01,1.025638e-01,1.600788e-02,8.238515e-03,2.740225e-04,5.139915e-03,1.353214e-01,9.948985e-03,3.706141e-03,1.010059e-03,9.555670e-04,1.258042e-01,3.324978e-01
1.169226e-01,1.778343e-02,2.308281e-01,9.522155e-02,1.623981e-02,7.316027e-03,4.080419e-04,4.438215e-03,9.943564e-02,1.021393e-02,3.328089e-03,1.928375e-03,1.152383e-03,9.709160e-02,2.976921e-01
1.324772e-01,2.474559e-02,2.914288e-01,9.869288e-02,2.372694e-02,9.075988e-03,6.172811e-04,5.746721e-03,7.432728e-02,1.104153e-02,3.490200e-03,3.688402e-03,1.532887e-03,7.247484e-02,2.469335e-01
1.166369e-01,2.480704e-02,2.846253e-01,7.140654e-02,1.983482e-02,8.291248e-03,5.056203e-04,4.196256e-03,5.422511e-02,1.286514e-02,2.820505e-03,2.971411e-03,1.195068e-03,7.564587e-02,3.199732e-01
2.007546e-01,3.076053e-02,2.428761e-01,5.491080e-02,1.695173e-02,1.151645e-02,9.094238e-04,4.701408e-03,4.437922e-02,1.860180e-02,2.803901e-03,3.808917e-03,1.707889e-03,8.032152e-02,2.849958e-01
2.479262e-01,3.108805e-02,1.939959e-01,4.320028e-02,1.849888e-02,1.064062e-02,9.534886e-04,5.459334e-03,4.180637e-02,3.026092e-02,2.748197e-03,3.582785e-03,2.084867e-03,7.035720e-02,2.973969e-01
2.486671e-01,2.914847e-02,1.453928e-01,3.379507e-02,1.394705e-02,9.761251e-03,8.755771e-04,4.450170e-03,5.922488e-02,5.039304e-02,2.781132e-03,3.590876e-03,3.421744e-03,5.487878e-02,3.396720e-01
2.027937e-01,2.811960e-02,1.084389e-01,2.750719e-02,1.015829e-02,1.040502e-02,7.136997e-04,3.546095e-03,9.115681e-02,1.065949e-01,4.361162e-03,3.413494e-03,5.217788e-03,7.336222e-02,3.242112e-01
1.928540e-01,2.340695e-02,8.000921e-02,2.132519e-02,7.479616e-03,1.069609e-02,6.531164e-04,3.023642e-03,9.531279e-02,1.527725e-01,7.246201e-03,3.406331e-03,7.226164e-03,9.736849e-02,2.972197e-01
2.078186e-01,1.820057e-02,6.579565e-02,1.766976e-02,6.035601e-03,1.229600e-02,1.218870e-03,3.625620e-03,9.384495e-02,1.445426e-01,4.125578e-02,5.273496e-03,1.490930e-02,1.163923e-01,2.511209e-01
1.767740e-01,1.301303e-02,4.660294e-02,1.320784e-02,4.450578e-03,1.082960e-02,9.843886e-04,2.604779e-03,1.211165e-01,1.421347e-01,4.469977e-02,8.799993e-03,2.675886e-02,1.795678e-01,2.084552e-01
1.404241e-01,9.355017e-03,3.282095e-02,9.779114e-03,3.753210e-03,9.853358e-03,8.375412e-04,1.883758e-03,9.306218e-02,1.136860e-01,5.393637e-02,1.305370e-02,3.560662e-02,1.426293e-01,3.393188e-01
9.936069e-02,6.596294e-03,2.303833e-02,7.061340e-03,3.538439e-03,8.728706e-03,6.402455e-04,1.349391e-03,6.924053e-02,8.468249e-02,4.324777e-02,1.993173e-02,3.111951e-02,2.513840e-01,3.500806e-01
6.979355e-02,4.626307e-03,1.614501e-02,5.233555e-03,6.474816e-03,6.447248e-03,5.456140e-04,1.102590e-03,4.947533e-02,6.371362e-02,3.508366e-02,1.685410e-02,2.406483e-02,3.484105e-01,3.520293e-01
5.024139e-02,3.261553e-03,1.135551e-02,4.287055e-03,5.478052e-03,7.521414e-03,1.296603e-03,2.086079e-03,3.523868e-02,4.585847e-02,3.182949e-02,1.911668e-02,2.438207e-02,4.942534e-01,2.637936e-01
3.522171e-02,2.298910e-03,7.973209e-03,3.193042e-03,4.478097e-03,6.540849e-03,1.127664e-03,1.580817e-03,2.485791e-02,3.234107e-02,2.470401e-02,3.060941e-02,1.860982e-02,6.178204e-01,1.886431e-01
2.478651e-02,1.656641e-03,5.633381e-03,2.475148e-03,3.737062e-03,6.883465e-03,1.075673e-03,1.237764e-03,1.791752e-02,2.338196e-02,2.031296e-02,7.192428e-02,1.840549e-02,6.619172e-01,1.386549e-01
1.750456e-02,1.177313e-03,4.015444e-03,1.780203e-03,3.114932e-03,5.168660e-03,8.669465e-04,9.784712e-04,1.269624e-02,1.686460e-02,1.669765e-02,2.148027e-01,1.967516e-02,5.838128e-01,1.008443e-01
1.238745e-02,8.513828e-04,2.895626e-03,1.298119e-03,2.982414e-03,3.960780e-03,8.409075e-04,7.436929e-04,8.977172e-03,1.219872e-02,1.320838e-02,3.889015e-01,2.501914e-02,4.530400e-01,7.269466e-02
8.959970e-03,6.146808e-04,2.126065e-03,9.313598e-04,3.975164e-03,3.879627e-03,1.461972e-03,7.730742e-04,6.532057e-03,9.187404e-03,1.029400e-02,5.359917e-01,3.243643e-02,3.313806e-01,5.145602e-02
6.608218e-03,5.496854e-04,2.240648e-03,6.987633e-04,6.105830e-03,4.911467e-03,1.911738e-03,2.521415e-03,5.577321e-03,7.533632e-03,8.832956e-03,6.440625e-01,3.422607e-02,2.375330e-01,3.668688e-02
4.960402e-03,5.151762e-04,2.091917e-03,5.315026e-04,5.992980e-03,4.763220e-03,1.509712e-03,2.419856e-03,4.451155e-03,6.215034e-03,8.211430e-03,7.327792e-01,3.099643e-02,1.684928e-01,2.606924e-02
4.336177e-03,6.993428e-04,2.540976e-03,4.486965e-04,7.454328e-03,4.064281e-03,1.327779e-03,2.835900e-03,4.544699e-03,4.788351e-03,7.177442e-03,7.875649e-01,3.467478e-02,1.191999e-01,1.834255e-02
4.693254e-03,7.228449e-04,2.409199e-03,3.809177e-04,7.781408e-03,3.447414e-03,1.183631e-03,2.693524e-03,3.889973e-03,3.648587e-03,5.691581e-03,7.802735e-01,8.476792e-02,8.553722e-02,1.287904e-02
1.409620e-02,1.154827e-03,4.703474e-03,7.938524e-04,1.512534e-02,4.413279e-03,2.396064e-03,8.489101e-03,4.010646e-03,4.161310e-03,4.908323e-03,7.340709e-01,1.231230e-01,6.947327e-02,9.080446e-03
2.998563e-02,2.057755e-03,7.484716e-03,9.201500e-04,2.679264e-02,3.911006e-03,4.634392e-03,1.453717e-02,4.838175e-03,3.968764e-03,3.924564e-03,7.211357e-01,1.132148e-01,5.618281e-02,6.411711e-03
3.795636e-02,2.266398e-03,1.117751e-02,1.154512e-03,9.241891e-02,3.960514e-03,1.655098e-02,2.237084e-02,7.925002e-03,3.269415e-03,3.944178e-03,6.532893e-01,9.930921e-02,3.983577e-02,4.571103e-03
4.783744e-02,3.443326e-03,4.306614e-02,3.465357e-03,8.045186e-02,4.077730e-03,1.471295e-02,1.554088e-01,8.908390e-03,2.658036e-03,4.039203e-03,5.138578e-01,8.587196e-02,2.857831e-02,3.622648e-03
7.182436e-02,4.442913e-03,7.933197e-02,5.743791e-03,8.241320e-02,6.816671e-03,2.110437e-02,2.074135e-01,1.078387e-02,2.602374e-03,3.854231e-03,4.112617e-01,6.865210e-02,2.078207e-02,2.972889e-03
7.930450e-02,6.324509e-03,1.069748e-01,1.049254e-02,7.509845e-02,2.672690e-02,2.778897e-02,2.507833e-01,4.069265e-02,3.228005e-03,3.066167e-03,2.986234e-01,5.298434e-02,1.484445e-02,3.067059e-03
6.656437e-02,8.010063e-03,1.731008e-01,3.402787e-02,6.892658e-02,3.027529e-02,3.476777e-02,2.424852e-01,7.270314e-02,3.514750e-03,2.461138e-03,2.100171e-01,3.836736e-02,1.046513e-02,4.313456e-03
8.122940e-02,1.730962e-02,1.425798e-01,2.857874e-02,7.715462e-02,3.927961e-02,7.076766e-02,2.103180e-01,1.364020e-01,3.691677e-03,1.880023e-03,1.487916e-01,2.871211e-02,7.477162e-03,5.828094e-03
1.000340e-01,2.025465e-02,1.058392e-01,2.464680e-02,1.352202e-01,3.996011e-02,1.283861e-01,1.573922e-01,1.459974e-01,2.859889e-03,1.422118e-03,1.058114e-01,2.180064e-02,5.347115e-03,5.028246e-03
1.214131e-01,2.604115e-02,7.828012e-02,1.860479e-02,1.734906e-01,4.020606e-02,1.688428e-01,1.146914e-01,1.453756e-01,2.081238e-03,1.097775e-03,8.075004e-02,2.140469e-02,3.864150e-03,3.856428e-03
1.165064e-01,4.398514e-02,5.965431e-02,1.535877e-02,2.061619e-01,5.029859e-02,1.288963e-01,9.331974e-02,1.937463e-01,1.777834e-03,1.516354e-03,6.240336e-02,1.896020e-02,3.281360e-03,4.133409e-03
1.160461e-01,5.378328e-02,6.701798e-02,5.404472e-02,1.959815e-01,4.205429e-02,9.712064e-02,1.372984e-01,1.606668e-01,2.112568e-03,1.449947e-03,4.493314e-02,1.449372e-02,2.441909e-03,1.055501e-02
1.042065e-01,5.462273e-02,5.312861e-02,5.799128e-02,2.463615e-01,5.141383e-02,7.538711e-02,1.555750e-01,1.361585e-01,1.913697e-03,2.207636e-03,3.367583e-02,1.382792e-02,2.025537e-03,1.150427e-02
1.327185e-01,4.251166e-02,3.878165e-02,1.370738e-01,1.993658e-01,5.355284e-02,5.351149e-02,1.270265e-01,1.118322e-01,5.060373e-03,3.472980e-02,3.285840e-02,1.451780e-02,2.168852e-03,1.429035e-02
1.044266e-01,3.600352e-02,2.773273e-02,2.440575e-01,1.507572e-01,3.855369e-02,3.752215e-02,9.111375e-02,8.301916e-02,6.856319e-03,1.137348e-01,3.652728e-02,1.129491e-02,2.008128e-03,1.639229e-02
8.857089e-02,2.598283e-02,1.959899e-02,1.948297e-01,1.127342e-01,2.891598e-02,2.639948e-02,6.510846e-02,5.934289e-02,5.510516e-03,3.102479e-01,3.702609e-02,1.004636e-02,2.758955e-03,1.292675e-02
1.581865e-01,1.995301e-02,1.391777e-02,1.709999e-01,8.374389e-02,2.257363e-02,1.882254e-02,4.926197e-02,4.388780e-02,8.604208e-03,3.226678e-01,5.368343e-02,1.115353e-02,1.182678e-02,1.071733e-02
2.643686e-01,1.640309e-02,1.130604e-02,1.432785e-01,8.000129e-02,1.841835e-02,1.372579e-02,5.282615e-02,3.521308e-02,1.538596e-02,2.692626e-01,4.679587e-02,1.047389e-02,1.271032e-02,9.830488e-03
2.986919e-01,1.979791e-02,1.146490e-02,1.195029e-01,8.413580e-02,2.191947e-02,9.904834e-03,3.997558e-02,3.106080e-02,2.140608e-02,2.640415e-01,4.106208e-02,1.085344e-02,1.651780e-02,9.664925e-03
3.463797e-01,2.144967e-02,1.176241e-02,9.690979e-02,7.234447e-02,2.320040e-02,7.095592e-03,2.935612e-02,2.718160e-02,1.817201e-02,2.616000e-01,3.800602e-02,1.385838e-02,2.382350e-02,8.860338e-03
4.753190e-01,1.663741e-02,1.087724e-02,7.633864e-02,5.818620e-02,2.460186e-02,5.281738e-03,2.266818e-02,2.681326e-02,1.423450e-02,1.958736e-01,3.051602e-02,1.279949e-02,2.204119e-02,7.811631e-03
1.000000e+00,0.000000e+00,0.000000e+00,0.000000e+00,0.000000e+00,0.000000e+00,0.000000e+00,0.000000e+00,0.000000e+00,0.000000e+00,0.000000e+00,0.000000e+00,0.000000e+00,0.000000e+00,0.000000e+00
1.000000e+00,0.000000e+00,0.000000e+00,0.000000e+00,0.000000e+00,0.000000e+00,0.000000e+00,0.000000e+00,0.000000e+00,0.000000e+00,0.000000e+00,0.000000e+00,0.000000e+00,0.000000e+00,0.000000e+00
1.000000e+00,0.000000e+00,0.000000e+00,0.000000e+00,0.000000e+00,0.000000e+00,0.000000e+00,0.000000e+00,0.000000e+00,0.000000e+00,0.000000e+00,0.000000e+00,0.000000e+00,0.000000e+00,0.000000e+00
1.000000e+00,0.000000e+00,0.000000e+00,0.000000e+00,0.000000e+00,0.000000e+00,0.000000e+00,0.000000e+00,0.000000e+00,0.000000e+00,0.000000e+00,0.000000e+00,0.000000e+00,0.000000e+00,0.000000e+00
1.000000e+00,0.000000e+00,0.000000e+00,0.000000e+00,0.000000e+00,0.000000e+00,0.000000e+00,0.000000e+00,0.000000e+00,0.000000e+00,0.000000e+00,0.000000e+00,0.000000e+00,0.000000e+00,0.000000e+00
4.389210e-01,1.888396e-02,3.366669e-02,4.861288e-02,1.847738e-02,6.597894e-02,3.259087e-03,8.232174e-03,5.695049e-02,6.281506e-03,1.027985e-01,1.915837e-02,7.780230e-03,1.525831e-01,1.841572e-02
3.344814e-01,1.769960e-02,3.474995e-02,4.023789e-02,1.466713e-02,6.689917e-02,2.749971e-03,6.910563e-03,7.858497e-02,8.014996e-03,1.157393e-01,1.960895e-02,6.731436e-03,2.345968e-01,1.832791e-02
2.400955e-01,1.505655e-02,2.662963e-02,2.884045e-02,1.087270e-02,4.966284e-02,1.972722e-03,4.989827e-03,8.579570e-02,7.061640e-03,1.358187e-01,1.500764e-02,5.154732e-03,3.592934e-01,1.374794e-02
1.736174e-01,1.396524e-02,2.493637e-02,2.086825e-02,8.623152e-03,3.745208e-02,1.425002e-03,3.965689e-03,9.123336e-02,7.225417e-03,1.452738e-01,1.086598e-02,3.977567e-03,4.461856e-01,1.038507e-02
1.459424e-01,1.971786e-02,4.887581e-02,6.442858e-02,1.523453e-02,3.019959e-02,1.463532e-03,9.344078e-03,1.277737e-01,7.957956e-03,1.254054e-01,8.254995e-03,3.679681e-03,3.805935e-01,1.112840e-02
1.106944e-01,1.889546e-02,4.116864e-02,5.952361e-02,1.231072e-02,2.335312e-02,1.115923e-03,8.271720e-03,1.910509e-01,1.511833e-02,1.198285e-01,6.788501e-03,3.912587e-03,3.760657e-01,1.190193e-02
8.296398e-02,2.379264e-02,3.124997e-02,8.391140e-02,1.500572e-02,2.102011e-02,9.517953e-04,6.299390e-03,2.128211e-01,4.552164e-02,1.209891e-01,7.236981e-03,4.865473e-03,3.270373e-01,1.633348e-02
6.084186e-02,2.668643e-02,2.303220e-02,1.212468e-01,1.423850e-02,1.739329e-02,8.625656e-04,5.171735e-03,2.616127e-01,5.518888e-02,1.000610e-01,8.011453e-03,8.757426e-03,2.711170e-01,2.577829e-02
4.591004e-02,2.525803e-02,1.751610e-02,1.607921e-01,1.334107e-02,1.644760e-02,7.545823e-04,5.448256e-03,2.914862e-01,7.549225e-02,8.061201e-02,6.878208e-03,7.659422e-03,2.297950e-01,2.260912e-02
4.038344e-02,2.538844e-02,1.465012e-02,1.415481e-01,1.507394e-02,1.674578e-02,8.291581e-04,6.291628e-03,3.277954e-01,9.894784e-02,7.543207e-02,6.650528e-03,8.567569e-03,1.997103e-01,2.198563e-02
3.702147e-02,2.383243e-02,1.259331e-02,1.170971e-01,1.593346e-02,1.977118e-02,1.140641e-03,6.300937e-03,3.813224e-01,9.065016e-02,6.133090e-02,6.442863e-03,1.086411e-02,1.833899e-01,3.230908e-02
3.082903e-02,1.788901e-02,1.111468e-02,9.065774e-02,3.534576e-02,2.312258e-02,2.003121e-03,3.168126e-02,4.322774e-01,7.798699e-02,5.258120e-02,6.241472e-03,1.191150e-02,1.515817e-01,2.477645e-02
3.690779e-02,1.426437e-02,1.283068e-02,6.749365e-02,3.985364e-02,3.243301e-02,2.765079e-03,5.077969e-02,4.697577e-01,7.041627e-02,4.033068e-02,4.654251e-03,9.521351e-03,1.078670e-01,4.012478e-02
3.999870e-02,1.338368e-02,1.836953e-02,5.394762e-02,6.058702e-02,3.676863e-02,3.750606e-03,4.547954e-02,5.260652e-01,5.174185e-02,2.938128e-02,3.390566e-03,7.233371e-03,7.657020e-02,3.333216e-02
4.322146e-02,2.966150e-02,4.492422e-02,5.717481e-02,9.032684e-02,3.197620e-02,8.451386e-03,3.738806e-02,4.628033e-01,4.429081e-02,2.125652e-02,2.655838e-03,1.079986e-02,5.411804e-02,6.095112e-02
4.337927e-02,3.676748e-02,6.009927e-02,8.247288e-02,1.092892e-01,2.958187e-02,1.751089e-02,4.759565e-02,4.219252e-01,3.444192e-02,1.538693e-02,2.082100e-03,9.834769e-03,3.803015e-02,5.160240e-02
3.823779e-02,3.205194e-02,9.582189e-02,1.417342e-01,1.160023e-01,2.371913e-02,1.732896e-02,7.362686e-02,3.458759e-01,2.737113e-02,1.097696e-02,1.549551e-03,7.358395e-03,2.669690e-02,4.164801e-02
3.211210e-02,2.701619e-02,2.317163e-01,1.860041e-01,8.746611e-02,1.733919e-02,1.293228e-02,5.699100e-02,2.503180e-01,2.338586e-02,8.089088e-03,1.159238e-03,5.402426e-03,1.873412e-02,4.133392e-02
4.600376e-02,3.051984e-02,2.886975e-01,1.791901e-01,9.261028e-02,1.840025e-02,1.028065e-02,4.738644e-02,2.006728e-01,2.191013e-02,6.051311e-03,9.376661e-04,4.203408e-03,1.320931e-02,3.992655e-02
4.685089e-02,2.466142e-02,2.234056e-01,1.866792e-01,1.335360e-01,2.015369e-02,9.534814e-03,1.386099e-01,1.549343e-01,1.555731e-02,4.659237e-03,7.612130e-04,3.170410e-03,9.301991e-03,2.818406e-02
4.021346e-02,1.749505e-02,1.594557e-01,1.353302e-01,1.004349e-01,1.499250e-02,6.966968e-03,3.701895e-01,1.109871e-01,1.090988e-02,3.697122e-03,6.599416e-04,2.384222e-03,6.525346e-03,1.975818e-02
3.217509e-02,1.235782e-02,1.125756e-01,9.542754e-02,7.385734e-02,1.090656e-02,5.035760e-03,5.479895e-01,7.855475e-02,7.646480e-03,2.843033e-03,5.036239e-04,1.712110e-03,4.572829e-03,1.384186e-02
2.399916e-02,8.912107e-03,7.914817e-02,6.805016e-02,5.258363e-02,7.727396e-03,3.580288e-03,6.784260e-01,5.518384e-02,5.373033e-03,2.342400e-03,4.422688e-04,1.275160e-03,3.214762e-03,9.741560e-03
1.862542e-02,6.371387e-03,5.572337e-02,4.822648e-02,3.810089e-02,6.013091e-03,2.548594e-03,7.691978e-01,3.870115e-02,3.776762e-03,1.976019e-03,4.805506e-04,1.106622e-03,2.266595e-03,6.885194e-03
