1.000000e+00,0.000000e+00,0.000000e+00,0.000000e+00,0.000000e+00,0.000000e+00,0.000000e+00,0.000000e+00,0.000000e+00,0.000000e+00,0.000000e+00,0.000000e+00,0.000000e+00,0.000000e+00,0.000000e+00
1.000000e+00,0.000000e+00,0.000000e+00,0.000000e+00,0.000000e+00,0.000000e+00,0.000000e+00,0.000000e+00,0.000000e+00,0.000000e+00,0.000000e+00,0.000000e+00,0.000000e+00,0.000000e+00,0.000000e+00
1.000000e+00,0.000000e+00,0.000000e+00,0.000000e+00,0.000000e+00,0.000000e+00,0.000000e+00,0.000000e+00,0.000000e+00,0.000000e+00,0.000000e+00,0.000000e+00,0.000000e+00,0.000000e+00,0.000000e+00
1.000000e+00,0.000000e+00,0.000000e+00,0.000000e+00,0.000000e+00,0.000000e+00,0.000000e+00,0.000000e+00,0.000000e+00,0.000000e+00,0.000000e+00,0.000000e+00,0.000000e+00,0.000000e+00,0.000000e+00
1.000000e+00,0.000000e+00,0.000000e+00,0.000000e+00,0.000000e+00,0.000000e+00,0.000000e+00,0.000000e+00,0.000000e+00,0.000000e+00,0.000000e+00,0.000000e+00,0.000000e+00,0.000000e+00,0.000000e+00
1.000000e+00,0.000000e+00,0.000000e+00,0.000000e+00,0.000000e+00,0.000000e+00,0.000000e+00,0.000000e+00,0.000000e+00,0.000000e+00,0.000000e+00,0.000000e+00,0.000000e+00,0.000000e+00,0.000000e+00
1.000000e+00,0.000000e+00,0.000000e+00,0.000000e+00,0.000000e+00,0.000000e+00,0.000000e+00,0.000000e+00,0.000000e+00,0.000000e+00,0.000000e+00,0.000000e+00,0.000000e+00,0.000000e+00,0.000000e+00
1.000000e+00,0.000000e+00,0.000000e+00,0.000000e+00,0.000000e+00,0.000000e+00,0.000000e+00,0.000000e+00,0.000000e+00,0.000000e+00,0.000000e+00,0.000000e+00,0.000000e+00,0.000000e+00,0.000000e+00
1.000000e+00,0.000000e+00,0.000000e+00,0.000000e+00,0.000000e+00,0.000000e+00,0.000000e+00,0.000000e+00,0.000000e+00,0.000000e+00,0.000000e+00,0.000000e+00,0.000000e+00,0.000000e+00,0.000000e+00
1.000000e+00,0.000000e+00,0.000000e+00,0.000000e+00,0.000000e+00,0.000000e+00,0.000000e+00,0.000000e+00,0.000000e+00,0.000000e+00,0.000000e+00,0.000000e+00,0.000000e+00,0.000000e+00,0.000000e+00
1.000000e+00,0.000000e+00,0.000000e+00,0.000000e+00,0.000000e+00,0.000000e+00,0.000000e+00,0.000000e+00,0.000000e+00,0.000000e+00,0.000000e+00,0.000000e+00,0.000000e+00,0.000000e+00,0.000000e+00
1.000000e+00,0.000000e+00,0.000000e+00,0.000000e+00,0.000000e+00,0.000000e+00,0.000000e+00,0.000000e+00,0.000000e+00,0.000000e+00,0.000000e+00,0.000000e+00,0.000000e+00,0.000000e+00,0.000000e+00
1.000000e+00,0.000000e+00,0.000000e+00,0.000000e+00,0.000000e+00,0.000000e+00,0.000000e+00,0.000000e+00,0.000000e+00,0.000000e+00,0.000000e+00,0.000000e+00,0.000000e+00,0.000000e+00,0.000000e+00
1.000000e+00,0.000000e+00,0.000000e+00,0.000000e+00,0.000000e+00,0.000000e+00,0.000000e+00,0.000000e+00,0.000000e+00,0.000000e+00,0.000000e+00,0.000000e+00,0.000000e+00,0.000000e+00,0.000000e+00
1.000000e+00,0.000000e+00,0.000000e+00,0.000000e+00,0.000000e+00,0.000000e+00,0.000000e+00,0.000000e+00,0.000000e+00,0.000000e+00,0.000000e+00,0.000000e+00,0.000000e+00,0.000000e+00,0.000000e+00
1.000000e+00,0.000000e+00,0.000000e+00,0.000000e+00,0.000000e+00,0.000000e+00,0.000000e+00,0.000000e+00,0.000000e+00,0.000000e+00,0.000000e+00,0.000000e+00,0.000000e+00,0.000000e+00,0.000000e+00
1.000000e+00,0.000000e+00,0.000000e+00,0.000000e+00,0.000000e+00,0.000000e+00,0.000000e+00,0.000000e+00,0.000000e+00,0.000000e+00,0.000000e+00,0.000000e+00,0.000000e+00,0.000000e+00,0.000000e+00
1.000000e+00,0.000000e+00,0.000000e+00,0.000000e+00,0.000000e+00,0.000000e+00,0.000000e+00,0.000000e+00,0.000000e+00,0.000000e+00,0.000000e+00,0.000000e+00,0.000000e+00,0.000000e+00,0.000000e+00
1.000000e+00,0.000000e+00,0.000000e+00,0.000000e+00,0.000000e+00,0.000000e+00,0.000000e+00,0.000000e+00,0.000000e+00,0.000000e+00,0.000000e+00,0.000000e+00,0.000000e+00,0.000000e+00,0.000000e+00
1.000000e+00,0.000000e+00,0.000000e+00,0.000000e+00,0.000000e+00,0.000000e+00,0.000000e+00,0.000000e+00,0.000000e+00,0.000000e+00,0.000000e+00,0.000000e+00,0.000000e+00,0.000000e+00,0.000000e+00
1.000000e+00,0.000000e+00,0.000000e+00,0.000000e+00,0.000000e+00,0.000000e+00,0.000000e+00,0.000000e+00,0.000000e+00,0.000000e+00,0.000000e+00,0.000000e+00,0.000000e+00,0.000000e+00,0.000000e+00
1.000000e+00,0.000000e+00,0.000000e+00,0.000000e+00,0.000000e+00,0.000000e+00,0.000000e+00,0.000000e+00,0.000000e+00,0.000000e+00,0.000000e+00,0.000000e+00,0.000000e+00,0.000000e+00,0.000000e+00
1.000000e+00,0.000000e+00,0.000000e+00,0.000000e+00,0.000000e+00,0.000000e+00,0.000000e+00,0.000000e+00,0.000000e+00,0.000000e+00,0.000000e+00,0.000000e+00,0.000000e+00,0.000000e+00,0.000000e+00
1.000000e+00,0.000000e+00,0.000000e+00,0.000000e+00,0.000000e+00,0.000000e+00,0.000000e+00,0.000000e+00,0.000000e+00,0.000000e+00,0.000000e+00,0.000000e+00,0.000000e+00,0.000000e+00,0.000000e+00
1.000000e+00,0.000000e+00,0.000000e+00,0.000000e+00,0.000000e+00,0.000000e+00,0.000000e+00,0.000000e+00,0.000000e+00,0.000000e+00,0.000000e+00,0.000000e+00,0.000000e+00,0.000000e+00,0.000000e+00
1.000000e+00,0.000000e+00,0.000000e+00,0.000000e+00,0.000000e+00,0.000000e+00,0.000000e+00,0.000000e+00,0.000000e+00,0.000000e+00,0.000000e+00,0.000000e+00,0.000000e+00,0.000000e+00,0.000000e+00
1.000000e+00,0.000000e+00,0.000000e+00,0.000000e+00,0.000000e+00,0.000000e+00,0.000000e+00,0.000000e+00,0.000000e+00,0.000000e+00,0.000000e+00,0.000000e+00,0.000000e+00,0.000000e+00,0.000000e+00
1.000000e+00,0.000000e+00,0.000000e+00,0.000000e+00,0.000000e+00,0.000000e+00,0.000000e+00,0.000000e+00,0.000000e+00,0.000000e+00,0.000000e+00,0.000000e+00,0.000000e+00,0.000000e+00,0.000000e+00
1.000000e+00,0.000000e+00,0.000000e+00,0.000000e+00,0.000000e+00,0.000000e+00,0.000000e+00,0.000000e+00,0.000000e+00,0.000000e+00,0.000000e+00,0.000000e+00,0.000000e+00,0.000000e+00,0.000000e+00
1.000000e+00,0.000000e+00,0.000000e+00,0.000000e+00,0.000000e+00,0.000000e+00,0.000000e+00,0.000000e+00,0.000000e+00,0.000000e+00,0.000000e+00,0.000000e+00,0.000000e+00,0.000000e+00,0.000000e+00
1.000000e+00,0.000000e+00,0.000000e+00,0.000000e+00,0.000000e+00,0.000000e+00,0.000000e+00,0.000000e+00,0.000000e+00,0.000000e+00,0.000000e+00,0.000000e+00,0.000000e+00,0.000000e+00,0.000000e+00
1.000000e+00,0.000000e+00,0.000000e+00,0.000000e+00,0.000000e+00,0.000000e+00,0.000000e+00,0.000000e+00,0.000000e+00,0.000000e+00,0.000000e+00,0.000000e+00,0.000000e+00,0.000000e+00,0.000000e+00
1.000000e+00,0.000000e+00,0.000000e+00,0.000000e+00,0.000000e+00,0.000000e+00,0.000000e+00,0.000000e+00,0.000000e+00,0.000000e+00,0.000000e+00,0.000000e+00,0.000000e+00,0.000000e+00,0.000000e+00
1.000000e+00,0.000000e+00,0.000000e+00,0.000000e+00,0.000000e+00,0.000000e+00,0.000000e+00,0.000000e+00,0.000000e+00,0.000000e+00,0.000000e+00,0.000000e+00,0.000000e+00,0.000000e+00,0.000000e+00
1.000000e+00,0.000000e+00,0.000000e+00,0.000000e+00,0.000000e+00,0.000000e+00,0.000000e+00,0.000000e+00,0.000000e+00,0.000000e+00,0.000000e+00,0.000000e+00,0.000000e+00,0.000000e+00,0.000000e+00
1.000000e+00,0.000000e+00,0.000000e+00,0.000000e+00,0.000000e+00,0.000000e+00,0.000000e+00,0.000000e+00,0.000000e+00,0.000000e+00,0.000000e+00,0.000000e+00,0.000000e+00,0.000000e+00,0.000000e+00
1.000000e+00,0.000000e+00,0.000000e+00,0.000000e+00,0.000000e+00,0.000000e+00,0.000000e+00,0.000000e+00,0.000000e+00,0.000000e+00,0.000000e+00,0.000000e+00,0.000000e+00,0.000000e+00,0.000000e+00
1.000000e+00,0.000000e+00,0.000000e+00,0.000000e+00,0.000000e+00,0.000000e+00,0.000000e+00,0.000000e+00,0.000000e+00,0.000000e+00,0.000000e+00,0.000000e+00,0.000000e+00,0.000000e+00,0.000000e+00
1.000000e+00,0.000000e+00,0.000000e+00,0.000000e+00,0.000000e+00,0.000000e+00,0.000000e+00,0.000000e+00,0.000000e+00,0.000000e+00,0.000000e+00,0.000000e+00,0.000000e+00,0.000000e+00,0.000000e+00
1.000000e+00,0.000000e+00,0.000000e+00,0.000000e+00,0.000000e+00,0.000000e+00,0.000000e+00,0.000000e+00,0.000000e+00,0.000000e+00,0.000000e+00,0.000000e+00,0.000000e+00,0.000000e+00,0.000000e+00
1.000000e+00,0.000000e+00,0.000000e+00,0.000000e+00,0.000000e+00,0.000000e+00,0.000000e+00,0.000000e+00,0.000000e+00,0.000000e+00,0.000000e+00,0.000000e+00,0.000000e+00,0.000000e+00,0.000000e+00
1.000000e+00,0.000000e+00,0.000000e+00,0.000000e+00,0.000000e+00,0.000000e+00,0.000000e+00,0.000000e+00,0.000000e+00,0.000000e+00,0.000000e+00,0.000000e+00,0.000000e+00,0.000000e+00,0.000000e+00
1.000000e+00,0.000000e+00,0.000000e+00,0.000000e+00,0.000000e+00,0.000000e+00,0.000000e+00,0.000000e+00,0.000000e+00,0.000000e+00,0.000000e+00,0.000000e+00,0.000000e+00,0.000000e+00,0.000000e+00
1.000000e+00,0.000000e+00,0.000000e+00,0.000000e+00,0.000000e+00,0.000000e+00,0.000000e+00,0.000000e+00,0.000000e+00,0.000000e+00,0.000000e+00,0.000000e+00,0.000000e+00,0.000000e+00,0.000000e+00
1.000000e+00,0.000000e+00,0.000000e+00,0.000000e+00,0.000000e+00,0.000000e+00,0.000000e+00,0.000000e+00,0.000000e+00,0.000000e+00,0.000000e+00,0.000000e+00,0.000000e+00,0.000000e+00,0.000000e+00
1.000000e+00,0.000000e+00,0.000000e+00,0.000000e+00,0.000000e+00,0.000000e+00,0.000000e+00,0.000000e+00,0.000000e+00,0.000000e+00,0.000000e+00,0.000000e+00,0.000000e+00,0.000000e+00,0.000000e+00
1.000000e+00,0.000000e+00,0.000000e+00,0.000000e+00,0.000000e+00,0.000000e+00,0.000000e+00,0.000000e+00,0.000000e+00,0.000000e+00,0.000000e+00,0.000000e+00,0.000000e+00,0.000000e+00,0.000000e+00
1.000000e+00,0.000000e+00,0.000000e+00,0.000000e+00,0.000000e+00,0.000000e+00,0.000000e+00,0.000000e+00,0.000000e+00,0.000000e+00,0.000000e+00,0.000000e+00,0.000000e+00,0.000000e+00,0.000000e+00
1.000000e+00,0.000000e+00,0.000000e+00,0.000000e+00,0.000000e+00,0.000000e+00,0.000000e+00,0.000000e+00,0.000000e+00,0.000000e+00,0.000000e+00,0.000000e+00,0.000000e+00,0.000000e+00,0.000000e+00
1.000000e+00,0.000000e+00,0.000000e+00,0.000000e+00,0.000000e+00,0.000000e+00,0.000000e+00,0.000000e+00,0.000000e+00,0.000000e+00,0.000000e+00,0.000000e+00,0.000000e+00,0.000000e+00,0.000000e+00
1.000000e+00,0.000000e+00,0.000000e+00,0.000000e+00,0.000000e+00,0.000000e+00,0.000000e+00,0.000000e+00,0.000000e+00,0.000000e+00,0.000000e+00,0.000000e+00,0.000000e+00,0.000000e+00,0.000000e+00
1.000000e+00,0.000000e+00,0.000000e+00,0.000000e+00,0.000000e+00,0.000000e+00,0.000000e+00,0.000000e+00,0.000000e+00,0.000000e+00,0.000000e+00,0.000000e+00,0.000000e+00,0.000000e+00,0.000000e+00
4.954776e-01,2.185497e-02,2.389953e-01,9.445922e-02,5.165795e-03,1.925517e-02,5.197739e-03,3.204484e-02,4.852054e-03,6.437824e-03,1.388981e-02,2.164599e-02,1.165078e-02,5.231787e-03,2.384122e-02
3.484702e-01,1.663321e-02,4.007488e-01,7.022915e-02,3.675299e-03,1.418922e-02,3.808299e-03,2.378969e-02,8.021848e-03,1.610445e-02,1.436217e-02,1.541385e-02,8.589614e-03,2.405545e-02,3.190866e-02
2.474431e-01,1.646890e-02,3.057582e-01,6.154927e-02,2.683067e-03,1.145179e-02,2.688061e-03,1.678178e-02,4.172215e-02,1.615087e-02,1.786393e-02,1.281142e-02,7.866981e-03,3.512211e-02,2.036383e-01
1.750732e-01,1.347432e-02,2.249908e-01,4.668638e-02,2.023083e-03,9.672044e-03,1.936294e-03,1.188867e-02,4.565631e-02,1.973552e-02,4.886985e-02,2.718039e-02,8.395847e-03,8.005857e-02,2.843587e-01
1.237018e-01,1.202873e-02,1.642823e-01,6.879285e-02,1.911780e-03,8.709116e-03,1.441438e-03,8.531858e-03,7.288057e-02,1.964042e-02,1.278150e-01,2.800390e-02,8.923600e-03,8.010259e-02,2.732340e-01
8.937736e-02,9.280627e-03,1.154381e-01,5.434300e-02,3.180698e-03,6.929429e-03,1.086468e-03,6.169104e-03,8.398813e-02,2.257344e-02,2.295061e-01,4.029950e-02,8.597484e-03,1.134768e-01,2.157537e-01
6.626671e-02,7.172958e-03,8.143007e-02,4.963197e-02,4.555068e-03,7.475603e-03,9.756052e-04,4.948621e-03,1.050044e-01,2.060880e-02,2.382812e-01,6.659903e-02,1.159499e-02,1.755003e-01,1.599547e-01
4.677102e-02,9.959701e-03,5.737836e-02,3.610419e-02,4.741536e-03,6.887585e-03,7.416697e-04,3.624668e-03,1.915899e-01,1.941365e-02,1.978817e-01,6.243860e-02,1.108098e-02,2.221593e-01,1.292272e-01
3.308583e-02,1.393774e-02,4.073854e-02,2.625585e-02,3.703709e-03,1.491419e-02,5.951236e-04,2.625404e-03,1.951551e-01,1.495897e-02,1.658446e-01,4.488212e-02,9.070043e-03,3.379754e-01,9.625741e-02
2.365514e-02,1.822744e-02,3.009624e-02,2.009224e-02,3.298293e-03,4.303795e-02,6.882366e-04,2.007247e-03,1.778200e-01,1.420808e-02,1.482924e-01,3.354679e-02,8.014430e-03,4.013648e-01,7.565064e-02
1.687256e-02,1.682046e-02,2.158436e-02,1.434739e-02,2.443215e-03,3.419336e-02,5.073963e-04,1.426404e-03,1.646435e-01,2.030644e-02,1.788803e-01,2.876365e-02,1.142276e-02,4.308670e-01,5.692120e-02
1.268058e-02,1.700769e-02,1.540814e-02,1.134557e-02,1.930481e-03,3.050026e-02,3.891791e-04,1.074227e-03,1.555991e-01,1.718300e-02,2.607654e-01,2.698753e-02,1.077188e-02,3.956953e-01,4.266170e-02
9.084767e-03,1.837895e-02,1.193646e-02,8.088124e-03,1.666628e-03,2.937475e-02,2.964371e-04,8.040020e-04,1.216429e-01,1.358340e-02,2.583933e-01,2.177010e-02,7.816565e-03,4.657916e-01,3.137195e-02
6.485031e-03,1.503119e-02,8.584819e-03,5.720000e-03,1.223094e-03,2.153080e-02,2.152054e-04,5.755192e-04,1.002285e-01,1.045556e-02,2.458610e-01,1.664161e-02,5.587006e-03,5.396103e-01,2.225039e-02
4.754550e-03,1.205552e-02,6.357872e-03,4.397819e-03,1.168675e-03,1.631698e-02,1.906580e-04,4.630381e-04,1.652094e-01,8.749201e-03,2.020418e-01,1.264512e-02,4.009571e-03,5.455415e-01,1.609832e-02
3.665723e-03,8.916793e-03,4.758513e-03,3.562841e-03,1.094223e-03,1.253448e-02,1.643419e-04,3.681090e-04,2.674708e-01,8.029586e-03,1.565269e-01,9.172056e-03,2.891036e-03,5.088816e-01,1.196301e-02
3.916943e-03,6.671740e-03,3.512041e-03,3.613686e-03,1.028721e-03,1.002308e-02,1.600785e-04,3.027314e-04,3.358979e-01,7.498730e-03,1.255372e-01,6.850358e-03,2.168643e-03,4.838283e-01,8.989863e-03
4.440638e-03,9.357912e-03,3.379668e-03,4.908075e-03,1.829485e-03,2.219549e-02,1.684956e-04,3.741590e-04,4.515263e-01,7.433287e-03,9.845717e-02,4.943890e-03,1.698557e-03,3.812581e-01,8.028872e-03
1.195465e-02,8.389126e-03,6.274655e-03,1.529314e-02,4.024567e-03,2.503928e-02,2.627756e-04,2.214422e-03,4.969011e-01,9.487996e-03,8.983974e-02,4.808957e-03,4.604945e-03,3.120635e-01,8.841198e-03
1.793167e-02,6.469434e-03,4.769505e-03,1.355823e-02,4.479448e-03,2.096280e-02,2.169394e-04,1.761474e-03,5.250493e-01,8.364225e-03,1.043264e-01,5.259419e-03,5.696012e-03,2.737998e-01,7.355365e-03
2.045996e-02,5.462734e-03,4.203055e-03,1.288693e-02,6.070722e-03,1.895215e-02,1.797412e-04,1.972987e-03,4.745748e-01,9.722943e-03,1.891502e-01,8.118702e-03,9.555863e-03,2.307278e-01,7.961472e-03
2.501408e-02,6.869248e-03,3.599173e-03,1.284206e-02,6.033301e-03,2.092423e-02,2.191286e-04,1.947353e-03,4.852478e-01,1.215613e-02,1.876657e-01,8.932522e-03,9.572389e-03,2.064390e-01,1.253790e-02
2.585948e-02,2.370494e-02,1.036736e-02,7.658580e-02,1.322024e-02,1.629824e-02,2.765852e-04,1.068624e-02,4.877267e-01,1.279892e-02,1.411228e-01,8.034375e-03,9.904874e-03,1.479834e-01,1.543012e-02
5.270642e-02,2.651912e-02,1.329499e-02,6.407873e-02,1.220784e-02,8.367017e-02,4.352278e-03,4.407197e-02,4.193691e-01,1.078758e-02,1.232249e-01,9.352039e-03,1.047484e-02,1.124075e-01,1.348250e-02
5.118579e-02,3.478990e-02,1.043934e-02,6.534398e-02,1.183051e-02,1.000670e-01,3.298288e-03,3.351313e-02,4.603082e-01,8.709458e-03,9.965013e-02,1.199759e-02,1.139931e-02,8.404459e-02,1.342284e-02
3.797797e-02,5.643260e-02,9.077660e-03,2.026113e-01,9.258041e-03,7.478046e-02,2.346942e-03,2.380843e-02,4.084837e-01,7.034413e-03,7.474814e-02,9.587708e-03,9.828123e-03,5.940161e-02,1.462281e-02
3.345257e-02,5.894160e-02,7.634976e-03,1.514654e-01,1.725152e-02,1.115871e-01,2.400406e-03,2.236130e-02,4.247985e-01,6.058899e-03,6.125449e-02,1.486965e-02,2.784052e-02,4.345798e-02,1.662518e-02
3.044902e-02,5.569918e-02,6.707487e-03,1.181942e-01,2.403979e-02,1.385102e-01,2.261056e-03,4.219421e-02,4.246497e-01,4.908807e-03,4.895735e-02,1.423431e-02,4.356656e-02,3.137489e-02,1.425327e-02
3.027629e-02,5.364053e-02,1.124304e-02,1.398822e-01,2.331029e-02,1.740953e-01,1.840141e-03,6.069514e-02,3.642651e-01,5.611770e-03,4.045340e-02,1.297118e-02,3.769948e-02,2.349631e-02,2.051976e-02
3.171163e-02,4.881499e-02,1.670796e-02,1.484191e-01,2.489707e-02,1.800991e-01,1.535646e-03,5.813068e-02,3.157967e-01,1.265084e-02,4.033153e-02,1.344463e-02,3.694351e-02,1.935751e-02,5.115905e-02
2.555565e-02,4.744836e-02,4.712856e-02,2.164163e-01,2.103488e-02,1.430653e-01,1.142111e-03,4.333342e-02,2.753727e-01,1.608960e-02,3.362367e-02,1.054358e-02,2.886701e-02,1.417030e-02,7.620847e-02
3.008205e-02,4.600746e-02,3.531251e-02,1.672253e-01,2.299968e-02,1.704390e-01,1.278670e-03,5.141635e-02,2.673645e-01,1.451340e-02,5.478513e-02,1.045679e-02,5.211652e-02,1.186863e-02,6.413388e-02
5.122294e-02,5.581876e-02,2.670030e-02,1.385112e-01,2.145104e-02,1.683161e-01,1.404336e-03,5.016615e-02,2.952934e-01,1.223813e-02,4.092159e-02,8.870788e-03,6.936239e-02,9.265906e-03,5.045688e-02
5.266761e-02,7.708129e-02,3.126122e-02,1.992822e-01,1.593515e-02,1.422176e-01,1.215292e-03,4.078919e-02,2.535118e-01,1.561095e-02,3.130383e-02,8.315591e-03,6.140994e-02,7.278544e-03,6.211973e-02
6.126977e-02,8.524890e-02,3.953842e-02,2.519656e-01,1.159579e-02,1.054685e-01,1.020309e-03,3.028189e-02,1.968295e-01,2.140377e-02,3.347234e-02,7.729291e-03,4.875252e-02,7.209482e-03,9.821391e-02
1.680934e-01,7.522190e-02,3.513649e-02,2.049961e-01,8.784223e-03,7.944732e-02,1.359513e-03,2.227074e-02,1.605155e-01,2.175638e-02,3.399181e-02,3.974397e-02,4.542246e-02,1.081187e-02,9.244832e-02
2.425284e-01,7.066148e-02,2.802331e-02,1.541133e-01,7.166128e-03,6.070400e-02,1.540009e-03,1.713837e-02,1.331820e-01,1.947590e-02,3.987293e-02,7.091440e-02,4.885668e-02,1.807009e-02,8.775292e-02
3.501232e-01,5.341223e-02,2.065082e-02,1.114789e-01,5.515447e-03,4.753354e-02,1.513547e-03,1.282609e-02,9.706997e-02,1.500116e-02,4.439717e-02,7.978212e-02,4.864947e-02,3.984267e-02,7.220367e-02
2.971684e-01,3.945925e-02,1.884157e-02,8.932956e-02,1.639997e-02,4.502972e-02,1.632498e-03,1.052830e-02,7.484552e-02,1.263723e-02,1.043361e-01,9.663542e-02,7.366467e-02,4.863448e-02,7.085739e-02
2.322553e-01,2.857046e-02,1.399942e-02,6.464060e-02,1.510930e-02,3.899549e-02,1.474976e-03,8.489758e-03,5.842570e-02,1.208069e-02,8.886127e-02,1.345884e-01,1.013581e-01,1.368186e-01,6.433203e-02
2.186631e-01,2.181138e-02,1.185420e-02,4.880945e-02,1.627283e-02,4.261275e-02,1.565151e-03,9.954065e-03,4.934448e-02,9.441479e-03,7.462782e-02,1.378659e-01,2.013545e-01,1.039990e-01,5.182377e-02
1.777302e-01,1.813825e-02,1.055469e-02,3.656368e-02,1.675392e-02,5.352949e-02,2.744079e-03,1.559122e-02,5.080744e-02,8.017317e-03,7.075612e-02,1.427751e-01,2.669809e-01,8.666258e-02,4.239494e-02
1.316802e-01,1.946357e-02,1.089022e-02,2.677499e-02,1.629072e-02,5.111601e-02,2.768047e-03,1.206776e-02,5.768555e-02,1.108428e-02,5.872108e-02,2.367030e-01,2.342230e-01,8.487448e-02,4.565706e-02
9.451702e-02,1.589837e-02,1.288235e-02,2.118612e-02,2.413141e-02,4.261163e-02,4.689307e-03,1.000809e-02,7.744610e-02,1.373980e-02,5.151957e-02,2.767895e-01,2.352758e-01,6.520187e-02,5.410306e-02
7.213152e-02,1.227324e-02,1.002886e-02,1.580543e-02,5.003091e-02,3.136548e-02,6.959689e-03,8.283928e-03,1.248125e-01,1.216417e-02,5.226459e-02,2.241629e-01,2.774127e-01,4.649469e-02,5.580926e-02
9.933597e-02,1.305769e-02,1.462711e-02,1.498883e-02,6.515390e-02,2.676486e-02,6.797621e-03,1.989942e-02,1.463149e-01,1.418014e-02,4.420060e-02,1.982609e-01,2.604699e-01,3.329222e-02,4.265585e-02
8.739449e-02,1.186071e-02,1.353369e-02,1.155098e-02,6.333967e-02,2.616275e-02,6.009914e-03,1.572079e-02,1.502609e-01,1.330348e-02,4.460628e-02,2.432199e-01,2.535655e-01,2.431331e-02,3.515767e-02
6.948082e-02,9.624370e-03,1.069920e-02,9.232282e-03,5.288979e-02,2.414997e-02,4.947217e-03,1.137927e-02,1.442538e-01,1.269785e-02,4.406377e-02,3.552812e-01,2.080553e-01,1.776376e-02,2.548136e-02
6.195669e-02,1.145345e-02,7.994503e-03,6.681792e-03,5.197499e-02,1.878360e-02,4.315136e-03,8.706366e-03,2.569686e-01,1.263962e-02,3.870509e-02,3.057126e-01,1.827943e-01,1.273889e-02,1.857437e-02
5.320461e-02,1.196905e-02,7.908798e-03,6.020132e-03,6.403829e-02,1.522449e-02,4.176567e-03,7.812559e-03,2.964229e-01,1.970404e-02,3.732757e-02,2.858504e-01,1.663592e-01,9.664689e-03,1.431671e-02
5.118588e-02,9.776798e-03,1.404544e-02,6.849867e-03,1.388966e-01,1.535479e-02,7.909115e-03,2.917236e-02,2.599836e-01,1.866639e-02,3.379166e-02,2.414876e-01,1.550407e-01,7.262176e-03,1.057703e-02
5.389086e-02,8.573214e-03,1.093720e-02,5.569975e-03,1.851833e-01,1.253767e-02,8.341002e-03,2.800945e-02,2.659888e-01,2.218179e-02,3.064100e-02,2.170476e-01,1.375886e-01,5.396456e-03,8.113097e-03
4.810279e-02,6.786330e-03,8.748921e-03,4.914952e-03,2.936021e-01,1.155903e-02,8.480489e-03,2.401820e-02,2.553892e-01,2.027661e-02,2.445506e-02,1.650794e-01,1.184882e-01,4.072009e-03,6.026646e-03
4.854896e-02,5.937668e-03,8.270936e-03,5.699760e-03,2.983819e-01,1.000088e-02,8.455154e-03,5.100490e-02,2.914346e-01,1.922416e-02,1.976013e-02,1.305787e-01,9.513192e-02,3.104021e-03,4.466349e-03
4.513751e-02,5.282679e-03,6.411502e-03,4.607636e-03,2.807083e-01,8.141305e-03,7.676971e-03,5.989468e-02,3.728595e-01,1.517355e-02,1.551950e-02,1.012001e-01,7.189072e-02,2.254271e-03,3.241773e-03
3.939197e-02,5.089905e-03,8.214160e-03,1.095508e-02,3.510334e-01,7.958429e-03,9.465213e-03,6.424452e-02,3.531668e-01,1.092804e-02,1.147232e-02,7.215275e-02,5.183379e-02,1.647565e-03,2.446041e-03
3.439490e-02,5.923378e-03,6.720922e-03,8.229859e-03,3.118124e-01,1.334105e-02,9.551556e-03,4.982088e-02,4.510842e-01,7.907460e-03,8.563866e-03,5.151096e-02,3.806328e-02,1.227345e-03,1.848047e-03
3.294199e-02,1.005620e-02,6.763025e-03,6.747808e-03,3.114667e-01,1.506837e-02,9.038245e-03,3.897790e-02,4.804291e-01,8.356076e-03,6.560828e-03,3.658259e-02,2.793504e-02,9.670635e-04,8.109129e-03
3.213545e-02,1.539560e-02,3.270507e-02,3.280975e-02,3.078519e-01,1.308976e-02,1.263217e-02,3.774723e-02,4.335797e-01,8.304776e-03,5.350733e-03,2.794866e-02,2.407498e-02,7.634522e-04,1.561081e-02
4.333540e-02,1.383204e-02,7.984910e-02,3.847543e-02,3.079852e-01,1.530524e-02,1.987892e-02,5.087534e-02,3.618376e-01,8.453919e-03,4.291089e-03,2.129711e-02,1.855634e-02,6.039832e-04,1.542326e-02
6.290445e-02,1.603141e-02,1.860756e-01,6.973025e-02,2.408269e-01,1.600666e-02,2.121780e-02,4.713676e-02,2.787805e-01,9.550288e-03,4.928997e-03,1.680974e-02,1.531628e-02,5.725882e-04,1.411176e-02
1.408368e-01,1.584297e-02,1.470490e-01,6.713446e-02,2.166745e-01,1.638675e-02,1.850362e-02,5.070878e-02,2.584653e-01,1.136799e-02,5.257648e-03,1.453545e-02,1.293304e-02,7.080357e-04,2.359562e-02
2.365233e-01,1.818730e-02,1.061561e-01,5.594069e-02,1.998254e-01,1.664421e-02,1.774922e-02,6.471807e-02,2.256609e-01,8.875620e-03,4.995244e-03,1.329961e-02,1.064237e-02,9.472445e-04,1.983469e-02
1.829334e-01,1.422607e-02,7.679571e-02,5.159209e-02,1.562104e-01,1.294972e-02,1.318564e-02,2.837087e-01,1.656570e-01,6.430233e-03,4.025151e-03,9.730380e-03,7.655656e-03,7.106223e-04,1.418925e-02
1.360325e-01,1.048291e-02,5.544543e-02,3.753214e-02,1.248357e-01,9.970937e-03,9.759677e-03,4.678738e-01,1.176301e-01,4.536499e-03,2.962653e-03,6.943432e-03,5.467806e-03,5.149563e-04,1.001139e-02
1.128475e-01,9.073456e-03,3.988897e-02,3.071644e-02,9.355937e-02,8.979577e-03,9.134799e-03,5.867464e-01,8.596787e-02,3.304607e-03,2.305677e-03,4.951482e-03,4.206348e-03,4.008576e-04,7.916641e-03
1.076413e-01,8.603512e-03,2.951095e-02,2.329812e-02,7.146975e-02,9.254108e-03,8.716004e-03,6.506797e-01,6.221940e-02,2.783250e-03,2.288960e-03,3.756175e-03,9.924659e-03,3.856606e-04,9.468328e-03
8.559341e-02,6.922904e-03,2.653385e-02,1.847591e-02,5.287042e-02,9.161505e-03,1.094030e-02,7.126687e-01,4.388505e-02,2.754128e-03,1.890469e-03,2.732864e-03,1.562159e-02,3.413463e-04,9.607522e-03
7.898110e-02,5.495856e-03,2.316655e-02,1.390099e-02,3.876259e-02,2.021479e-02,1.650987e-02,7.417948e-01,3.181139e-02,2.151300e-03,1.514035e-03,2.401308e-03,1.528468e-02,2.931294e-04,7.717522e-03
8.034047e-02,4.774400e-03,2.579260e-02,1.174935e-02,3.009027e-02,2.724157e-02,1.791336e-02,7.502884e-01,2.539656e-02,1.822346e-03,1.510160e-03,2.246544e-03,1.410718e-02,2.993260e-04,6.427399e-03
1.583516e-01,7.124439e-03,5.442151e-02,1.061255e-02,3.835895e-02,3.661215e-02,4.139368e-02,5.841395e-01,3.212500e-02,5.831766e-03,2.063660e-03,2.726955e-03,1.665922e-02,9.019977e-04,8.676961e-03
2.684391e-01,6.736153e-03,5.665823e-02,1.018269e-02,3.403495e-02,4.194104e-02,3.720308e-02,4.795786e-01,2.570676e-02,7.253727e-03,2.253144e-03,3.364760e-03,1.488907e-02,1.340512e-03,1.041812e-02
2.794143e-01,5.683083e-03,5.070523e-02,9.472959e-03,2.915842e-02,4.214544e-02,3.823199e-02,4.873123e-01,2.197198e-02,6.170073e-03,2.198718e-03,3.923677e-03,1.223780e-02,1.424816e-03,9.949133e-03
4.139565e-01,5.096520e-03,4.406149e-02,9.569276e-03,2.659441e-02,3.691791e-02,3.585938e-02,3.745467e-01,1.750070e-02,5.358860e-03,2.250169e-03,4.597439e-03,1.131275e-02,1.503852e-03,1.087397e-02
4.824151e-01,6.140959e-03,7.247952e-02,1.295121e-02,3.067312e-02,3.339882e-02,3.004219e-02,2.695612e-01,1.664458e-02,8.087921e-03,2.738816e-03,1.128306e-02,9.879747e-03,1.868227e-03,1.183550e-02
1.000000e+00,0.000000e+00,0.000000e+00,0.000000e+00,0.000000e+00,0.000000e+00,0.000000e+00,0.000000e+00,0.000000e+00,0.000000e+00,0.000000e+00,0.000000e+00,0.000000e+00,0.000000e+00,0.000000e+00
1.000000e+00,0.000000e+00,0.000000e+00,0.000000e+00,0.000000e+00,0.000000e+00,0.000000e+00,0.000000e+00,0.000000e+00,0.000000e+00,0.000000e+00,0.000000e+00,0.000000e+00,0.000000e+00,0.000000e+00
4.430105e-01,2.700887e-02,9.393921e-02,5.797934e-02,1.487391e-02,4.673245e-02,1.541994e-02,9.560946e-02,3.472036e-02,1.567619e-02,1.160584e-02,6.724815e-02,1.497695e-02,7.776385e-03,5.342241e-02
3.940884e-01,2.194270e-02,6.990488e-02,4.708049e-02,1.058307e-02,4.444335e-02,1.102787e-02,6.708432e-02,3.772758e-02,1.197228e-02,1.905328e-02,2.029098e-01,1.326771e-02,7.627150e-03,4.128701e-02
3.166249e-01,1.704066e-02,5.135718e-02,3.517793e-02,7.553458e-03,3.582446e-02,7.827812e-03,4.720104e-02,3.874035e-02,9.245267e-03,2.832351e-02,3.456781e-01,1.632599e-02,1.180708e-02,3.127226e-02
2.597999e-01,1.618791e-02,3.661689e-02,2.820112e-02,5.642005e-03,2.625521e-02,5.838379e-03,3.355990e-02,5.279859e-02,9.823027e-03,6.141797e-02,3.667450e-01,2.393155e-02,4.867423e-02,2.450827e-02
2.544376e-01,1.649623e-02,2.620433e-02,2.364615e-02,4.374005e-03,1.899751e-02,4.245515e-03,2.494507e-02,9.372801e-02,9.897819e-03,5.664102e-02,3.856226e-01,2.195654e-02,4.062761e-02,1.817999e-02
1.835229e-01,1.251685e-02,1.838100e-02,1.795052e-02,3.253040e-03,1.380281e-02,3.046842e-03,1.767280e-02,9.498730e-02,8.835915e-03,1.042489e-01,4.561065e-01,1.842769e-02,3.381507e-02,1.343177e-02
1.320575e-01,1.112376e-02,1.295193e-02,1.349143e-02,3.862713e-03,1.025062e-02,2.312316e-03,1.319482e-02,1.388038e-01,1.002662e-02,1.208364e-01,4.762354e-01,1.581187e-02,2.866838e-02,1.037246e-02
9.508824e-02,1.582621e-02,9.219701e-03,1.014672e-02,3.563268e-03,7.681483e-03,1.717025e-03,1.016065e-02,1.760671e-01,1.088053e-02,1.066524e-01,4.986935e-01,1.496196e-02,3.108848e-02,8.252689e-03
7.011797e-02,2.775298e-02,9.584743e-03,1.142623e-02,8.487418e-03,6.661907e-03,1.500275e-03,1.030331e-02,2.523733e-01,1.498596e-02,9.663078e-02,4.358004e-01,1.353896e-02,3.213584e-02,8.699888e-03
5.702216e-02,2.805532e-02,8.651133e-03,1.076268e-02,1.250119e-02,6.316504e-03,1.724986e-03,1.645887e-02,3.062126e-01,1.879968e-02,9.310888e-02,3.932286e-01,1.298055e-02,2.700831e-02,7.168481e-03
5.735645e-02,3.578866e-02,8.241152e-03,1.276255e-02,2.987393e-02,6.689331e-03,2.539839e-03,2.164823e-02,3.704348e-01,1.594253e-02,7.737821e-02,3.203487e-01,1.308933e-02,2.123153e-02,6.674853e-03
4.824339e-02,4.637679e-02,9.946989e-03,1.162835e-02,6.094916e-02,9.199911e-03,2.310144e-03,3.208177e-02,4.168331e-01,1.370158e-02,5.895246e-02,2.465549e-01,1.442225e-02,2.142734e-02,7.371851e-03
3.946973e-02,4.750558e-02,1.064340e-02,1.113277e-02,7.563075e-02,1.229611e-02,2.482715e-03,4.269116e-02,4.748214e-01,1.205374e-02,4.694789e-02,1.846278e-01,1.561234e-02,1.724075e-02,6.843911e-03
3.613357e-02,5.319797e-02,1.754866e-02,9.232479e-03,9.562177e-02,2.122673e-02,3.513798e-03,5.646312e-02,4.841118e-01,1.188419e-02,3.797004e-02,1.333456e-01,1.870451e-02,1.514692e-02,5.898845e-03
3.678697e-02,5.867564e-02,2.445961e-02,7.673442e-03,1.250989e-01,2.224162e-02,6.201858e-03,9.748321e-02,4.478306e-01,1.044444e-02,3.141540e-02,9.519155e-02,1.656208e-02,1.528220e-02,4.652535e-03
4.418207e-02,9.770463e-02,2.138335e-02,7.901897e-03,1.575499e-01,1.866499e-02,6.460798e-03,7.351395e-02,4.377829e-01,9.127359e-03,2.613575e-02,6.723221e-02,1.284347e-02,1.509464e-02,4.422114e-03
6.490253e-02,9.195383e-02,4.552524e-02,7.007870e-02,1.490210e-01,1.578682e-02,5.623597e-03,8.374150e-02,3.636519e-01,9.234460e-03,2.147699e-02,4.882087e-02,1.193900e-02,1.295988e-02,5.283811e-03
9.992947e-02,8.780483e-02,3.745613e-02,7.395111e-02,1.294544e-01,1.295264e-02,4.895133e-03,1.320674e-01,3.341678e-01,8.366561e-03,1.712658e-02,3.640642e-02,9.589511e-03,1.093224e-02,4.899792e-03
1.269608e-01,7.844976e-02,3.320323e-02,7.312368e-02,1.258633e-01,1.461594e-02,4.266789e-03,1.618322e-01,3.013194e-01,1.629425e-02,1.340557e-02,2.667328e-02,8.982115e-03,8.883110e-03,6.126510e-03
1.322074e-01,6.338220e-02,2.765279e-02,6.416579e-02,1.517666e-01,1.374917e-02,7.114446e-03,2.045478e-01,2.695431e-01,1.359729e-02,1.090465e-02,2.123368e-02,7.889497e-03,6.809107e-03,5.436576e-03
1.430969e-01,4.717105e-02,3.771863e-02,8.993198e-02,1.642880e-01,1.173258e-02,7.341672e-03,2.480770e-01,1.966647e-01,1.243644e-02,8.192167e-03,1.752931e-02,6.218558e-03,5.124396e-03,4.476571e-03
1.168754e-01,3.344900e-02,2.951299e-02,7.619617e-02,1.230675e-01,8.772221e-03,5.345976e-03,4.296184e-01,1.385758e-01,8.955427e-03,5.868766e-03,1.248840e-02,4.441483e-03,3.644697e-03,3.187815e-03
9.098069e-02,2.355020e-02,2.166823e-02,6.033572e-02,9.001068e-02,6.446950e-03,3.868609e-03,5.783435e-01,9.741382e-02,6.330866e-03,4.213653e-03,8.846585e-03,3.181274e-03,2.563678e-03,2.245469e-03
8.886986e-02,1.664612e-02,1.620195e-02,4.569869e-02,8.161619e-02,4.904015e-03,3.196244e-03,6.522578e-01,6.852721e-02,4.663776e-03,4.499596e-03,6.633303e-03,2.791607e-03,1.831940e-03,1.661667e-03
8.286265e-02,1.178805e-02,1.252591e-02,3.501055e-02,7.026748e-02,4.118868e-03,5.535890e-03,7.122526e-01,4.833817e-02,3.511699e-03,3.804710e-03,4.832770e-03,2.626998e-03,1.297605e-03,1.226007e-03
8.282878e-02,8.491914e-03,1.046098e-02,2.695763e-02,9.934442e-02,2.563044e-02,2.055949e-02,6.740662e-01,3.422333e-02,2.652979e-03,3.096423e-03,3.552679e-03,6.172048e-03,9.210263e-04,1.041597e-03
6.330583e-02,6.502161e-03,9.686084e-03,2.079132e-02,1.261982e-01,4.690301e-02,2.572768e-02,6.108089e-01,2.411861e-02,2.161516e-03,4.049816e-03,2.848424e-03,5.397955e-02,6.773570e-04,2.241472e-03
5.222010e-02,5.376161e-03,1.093657e-02,2.092187e-02,1.290952e-01,4.988910e-02,2.602873e-02,5.174174e-01,1.717956e-02,1.878168e-03,3.923216e-03,2.162094e-03,1.574865e-01,5.795907e-04,4.905716e-03
4.126846e-02,5.629736e-03,2.039037e-02,3.360797e-02,1.540280e-01,4.199283e-02,2.416844e-02,4.567414e-01,1.231453e-02,1.752665e-02,3.817926e-03,1.662715e-03,1.722025e-01,6.591494e-04,1.398931e-02
3.601129e-02,5.592361e-03,2.196656e-02,2.662757e-02,1.516384e-01,4.196047e-02,2.822737e-02,4.030630e-01,9.250540e-03,4.380552e-02,5.411854e-03,2.037268e-03,1.777916e-01,1.147634e-03,4.546855e-02
2.759831e-02,4.537423e-03,3.541457e-02,1.886574e-02,1.079872e-01,4.326875e-02,2.037814e-02,2.860981e-01,7.505897e-03,2.023716e-01,6.221167e-03,1.768305e-03,1.394273e-01,1.300148e-03,9.725735e-02
2.552608e-02,3.999308e-03,4.217109e-02,1.370906e-02,7.730548e-02,3.322885e-02,1.535902e-02,2.021496e-01,7.597579e-03,2.185841e-01,7.009740e-03,1.498634e-03,1.029109e-01,1.525452e-03,2.474250e-01
2.405898e-02,3.357728e-03,3.461559e-02,1.001530e-02,5.501198e-02,2.563020e-02,1.097537e-02,1.428442e-01,6.213207e-03,1.610718e-01,8.535247e-03,1.404670e-03,7.492393e-02,1.722382e-03,4.396194e-01
2.175429e-02,2.213434e-02,1.806387e-01,2.747765e-02,4.131186e-02,1.996301e-02,7.962446e-03,1.001210e-01,1.543780e-02,1.518994e-01,1.039166e-02,2.307261e-03,5.517575e-02,1.815996e-03,3.416088e-01
1.722581e-02,1.763928e-02,1.967638e-01,2.395057e-02,2.955055e-02,1.937927e-02,5.735588e-03,7.016066e-02,1.475820e-02,2.468402e-01,1.751958e-02,3.577744e-03,4.652477e-02,2.940173e-03,2.874337e-01
3.039283e-02,2.044008e-02,1.663250e-01,1.851289e-02,2.095098e-02,2.300474e-02,4.335348e-03,4.934822e-02,1.486022e-02,2.225587e-01,3.212328e-02,5.511562e-03,3.762062e-02,5.995750e-02,2.940580e-01
2.705784e-02,1.478090e-02,1.233952e-01,1.312790e-02,1.499882e-02,1.755630e-02,3.216573e-03,3.464471e-02,1.635056e-02,2.472144e-01,4.679371e-02,5.787487e-03,2.924215e-02,1.016861e-01,3.041473e-01
2.970955e-02,1.133929e-02,8.930930e-02,9.387252e-03,1.083810e-02,1.347014e-02,2.328675e-03,2.436841e-02,1.724235e-02,1.986758e-01,4.154485e-02,4.742097e-03,2.154891e-02,1.408735e-01,3.846218e-01
3.298472e-02,1.020399e-02,6.786837e-02,6.831195e-03,8.984469e-03,1.073266e-02,1.714481e-03,1.714939e-02,4.057594e-02,1.461306e-01,5.385517e-02,3.770618e-03,1.555856e-02,2.284219e-01,3.552180e-01
2.774304e-02,8.516148e-03,4.866135e-02,4.909702e-03,7.163546e-03,8.030090e-03,1.225795e-03,1.207777e-02,7.063533e-02,1.082738e-01,6.611899e-02,2.863253e-03,1.118035e-02,2.977331e-01,3.248678e-01
2.609687e-02,1.736310e-02,3.776217e-02,4.246700e-03,5.240071e-03,7.142856e-03,8.989475e-04,8.534691e-03,9.351048e-02,8.331112e-02,6.261209e-02,2.297906e-03,8.068419e-03,3.685644e-01,2.743502e-01
2.553822e-02,1.411284e-02,2.828555e-02,3.174830e-03,3.797275e-03,5.859276e-03,6.862399e-04,6.097162e-03,9.300321e-02,6.681666e-02,5.424185e-02,1.747227e-03,5.824537e-03,4.457079e-01,2.451072e-01
2.294116e-02,1.186049e-02,2.040556e-02,2.275017e-03,2.741122e-03,4.474957e-03,5.050478e-04,4.315504e-03,8.193454e-02,5.927176e-02,4.180219e-02,1.285243e-03,4.265821e-03,5.500684e-01,1.918531e-01
1.701022e-02,8.373386e-03,1.474938e-02,1.600884e-03,1.945257e-03,3.270895e-03,3.628452e-04,3.032932e-03,6.041130e-02,7.223786e-02,3.050277e-02,9.202256e-04,3.058565e-03,6.433612e-01,1.391623e-01
1.484642e-02,6.092786e-03,1.167738e-02,1.139046e-03,1.437122e-03,2.426972e-03,2.792375e-04,2.155609e-03,5.203352e-02,9.318292e-02,2.209448e-02,7.013796e-04,2.249175e-03,6.849524e-01,1.047316e-01
1.396500e-02,4.527749e-03,1.154971e-02,9.527778e-04,1.573205e-03,2.408997e-03,2.212863e-04,1.586935e-03,5.806004e-02,1.716410e-01,1.676929e-02,5.414378e-04,1.711836e-03,6.337977e-01,8.069304e-02
2.684573e-02,3.955901e-03,9.992846e-03,1.142277e-03,3.445648e-03,2.676628e-03,2.043853e-04,2.726582e-03,1.548698e-01,1.496181e-01,1.769729e-02,7.396467e-04,1.993332e-03,5.618106e-01,6.228125e-02
2.586018e-02,3.368360e-03,7.934761e-03,1.054772e-03,3.730273e-03,2.674992e-03,1.704971e-04,2.476074e-03,2.386747e-01,1.324029e-01,1.514303e-02,8.003587e-04,1.924269e-03,5.136908e-01,5.009400e-02
2.441663e-02,4.469749e-03,6.616013e-03,1.416914e-03,3.377346e-03,3.055174e-03,1.323146e-04,2.681570e-03,2.683001e-01,9.607165e-02,1.799174e-02,1.363230e-03,2.004599e-03,5.248809e-01,4.322208e-02
2.275348e-02,4.539019e-03,5.539443e-03,1.196536e-03,3.365746e-03,3.300304e-03,1.075557e-04,2.689296e-03,3.227193e-01,7.270364e-02,1.738135e-02,1.162485e-03,1.534873e-03,5.062714e-01,3.473555e-02
2.557228e-02,9.657672e-03,5.257017e-03,1.828759e-03,3.458761e-03,8.847764e-03,9.067702e-05,2.542188e-03,3.466588e-01,5.382311e-02,2.058593e-02,1.141605e-03,1.235694e-03,4.862147e-01,3.308513e-02
2.840255e-02,8.138698e-03,5.188663e-03,2.004535e-03,4.069744e-03,7.451056e-03,8.773943e-05,3.364716e-03,4.633755e-01,4.329766e-02,1.552796e-02,9.167871e-04,9.566013e-04,3.901325e-01,2.708540e-02
3.651581e-02,9.951055e-03,1.259613e-02,9.852984e-03,7.129579e-03,6.305249e-03,1.032737e-04,4.071688e-03,5.100439e-01,3.622558e-02,1.136569e-02,7.404138e-04,7.447341e-04,3.085285e-01,4.582543e-02
4.890309e-02,1.152740e-02,3.671580e-02,1.361413e-02,9.878610e-03,6.368776e-03,1.788217e-04,6.126446e-03,5.458065e-01,2.974368e-02,8.684073e-03,6.147668e-04,6.786138e-04,2.297257e-01,5.143365e-02
5.310243e-02,1.029212e-02,3.083798e-02,1.162535e-02,1.010556e-02,5.061768e-03,1.506261e-04,8.515256e-03,5.930597e-01,2.555452e-02,6.527837e-03,5.007150e-04,5.533876e-04,1.915049e-01,5.260788e-02
4.177473e-02,1.386241e-02,3.536467e-02,1.367949e-02,8.442306e-03,4.816279e-03,1.473172e-04,6.184228e-03,4.476511e-01,2.096346e-02,4.905276e-03,4.582694e-04,5.328974e-04,1.390916e-01,2.621260e-01
4.181262e-02,1.327152e-02,4.016588e-02,1.300581e-02,6.888511e-03,4.209474e-03,1.607446e-04,5.497851e-03,3.320271e-01,1.833874e-02,3.779228e-03,4.696861e-04,5.417365e-04,1.036562e-01,4.161748e-01
3.822359e-02,1.203319e-02,3.616456e-02,1.021760e-02,5.398861e-03,3.222988e-03,1.400092e-04,4.488626e-03,2.478593e-01,1.589742e-02,2.920133e-03,4.289959e-04,5.694835e-04,7.404463e-02,5.483906e-01
4.097053e-02,1.130515e-02,3.146996e-02,1.456405e-02,5.708089e-03,2.800174e-03,2.127418e-04,6.603467e-03,2.127118e-01,1.509692e-02,2.758605e-03,5.710380e-04,8.630793e-04,5.610378e-02,5.982606e-01
4.129622e-02,9.193092e-03,2.318985e-02,1.472151e-02,4.684423e-03,2.334034e-03,2.405053e-04,5.543314e-03,1.757254e-01,1.526933e-02,2.455073e-03,6.153579e-04,1.093837e-03,4.257096e-02,6.610671e-01
3.691559e-02,7.661036e-03,2.309211e-02,1.297800e-02,3.615822e-03,2.009186e-03,2.421656e-04,4.308240e-03,1.370274e-01,1.595517e-02,2.717462e-03,6.282851e-04,9.476509e-04,4.123399e-02,7.106678e-01
3.286561e-02,9.306355e-03,2.806213e-02,1.254993e-02,2.886942e-03,1.708806e-03,2.693423e-04,4.184401e-03,1.278321e-01,4.722092e-02,2.827683e-03,5.660381e-04,7.964810e-04,4.351743e-02,6.854059e-01
2.933157e-02,1.159978e-02,2.522209e-02,9.331775e-03,2.276383e-03,1.508228e-03,2.685804e-04,3.294326e-03,9.933869e-02,5.150237e-02,2.674758e-03,5.138805e-04,7.605138e-04,5.148768e-02,7.108894e-01
2.661433e-02,4.169494e-02,4.244250e-02,8.695667e-03,1.746434e-03,1.668112e-03,2.239759e-04,2.362996e-03,8.604703e-02,8.107327e-02,2.158281e-03,5.742842e-04,8.574694e-04,3.780065e-02,6.660401e-01
3.328770e-02,6.672859e-02,4.148304e-02,7.189920e-03,1.712115e-03,1.686728e-03,2.508351e-04,1.928667e-03,7.931817e-02,9.162480e-02,2.069229e-03,5.735899e-04,1.176333e-03,4.040153e-02,6.305687e-01
3.674201e-02,1.097617e-01,4.762048e-02,6.840199e-03,1.396437e-03,1.955226e-03,2.263509e-04,1.468887e-03,7.858673e-02,9.877150e-02,2.430481e-03,1.181068e-03,1.268607e-03,3.520149e-02,5.765488e-01
6.140408e-02,1.743378e-01,5.465116e-02,7.342742e-03,2.293840e-03,3.043657e-03,3.199734e-04,4.048779e-03,9.451379e-02,9.259426e-02,4.080493e-03,1.834061e-03,2.192940e-03,3.703041e-02,4.603119e-01
8.192918e-02,1.701503e-01,5.528706e-02,6.885166e-03,2.799852e-03,3.537355e-03,4.286600e-04,3.915108e-03,9.915600e-02,1.090016e-01,8.323517e-03,4.094349e-03,2.778597e-03,6.444222e-02,3.872710e-01
1.507556e-01,1.508769e-01,6.600192e-02,1.331864e-02,1.463459e-02,8.076581e-03,9.757983e-04,8.122873e-03,1.336272e-01,8.393790e-02,1.557334e-02,8.607904e-03,6.794227e-03,5.359847e-02,2.850981e-01
1.565240e-01,1.347458e-01,6.585051e-02,1.240747e-02,3.013803e-02,1.523129e-02,1.081433e-03,1.440805e-02,1.600554e-01,6.872577e-02,1.764739e-02,7.691646e-03,7.491117e-03,5.171693e-02,2.562851e-01
2.296494e-01,1.155478e-01,5.187571e-02,1.452585e-02,2.956412e-02,1.446284e-02,1.293206e-03,1.348537e-02,1.482810e-01,5.791282e-02,1.624353e-02,6.639883e-03,7.094197e-03,5.576062e-02,2.376636e-01
3.558415e-01,1.035405e-01,3.853067e-02,1.617302e-02,2.716642e-02,1.375308e-02,1.456789e-03,1.598281e-02,1.324780e-01,4.289930e-02,1.430619e-02,6.696306e-03,6.416094e-03,4.420097e-02,1.805583e-01
3.559201e-01,9.866084e-02,3.902579e-02,1.885021e-02,2.454670e-02,1.281683e-02,1.483867e-03,1.420102e-02,1.525639e-01,4.505755e-02,1.239104e-02,5.894360e-03,6.585405e-03,4.644427e-02,1.655581e-01
3.888265e-01,1.025809e-01,4.125615e-02,2.987765e-02,1.966553e-02,1.225926e-02,1.489604e-03,1.078726e-02,1.356375e-01,3.868491e-02,1.103247e-02,6.905536e-03,6.026900e-03,3.594382e-02,1.590259e-01
3.729526e-01,9.886906e-02,5.648323e-02,2.955139e-02,1.704477e-02,1.091562e-02,1.869002e-03,9.672802e-03,1.309304e-01,5.340690e-02,9.356895e-03,6.419816e-03,6.096675e-03,3.752340e-02,1.589074e-01
