1.000000e+00,0.000000e+00,0.000000e+00,0.000000e+00,0.000000e+00,0.000000e+00,0.000000e+00,0.000000e+00,0.000000e+00,0.000000e+00,0.000000e+00,0.000000e+00,0.000000e+00,0.000000e+00,0.000000e+00
1.000000e+00,0.000000e+00,0.000000e+00,0.000000e+00,0.000000e+00,0.000000e+00,0.000000e+00,0.000000e+00,0.000000e+00,0.000000e+00,0.000000e+00,0.000000e+00,0.000000e+00,0.000000e+00,0.000000e+00
1.000000e+00,0.000000e+00,0.000000e+00,0.000000e+00,0.000000e+00,0.000000e+00,0.000000e+00,0.000000e+00,0.000000e+00,0.000000e+00,0.000000e+00,0.000000e+00,0.000000e+00,0.000000e+00,0.000000e+00
1.000000e+00,0.000000e+00,0.000000e+00,0.000000e+00,0.000000e+00,0.000000e+00,0.000000e+00,0.000000e+00,0.000000e+00,0.000000e+00,0.000000e+00,0.000000e+00,0.000000e+00,0.000000e+00,0.000000e+00
1.000000e+00,0.000000e+00,0.000000e+00,0.000000e+00,0.000000e+00,0.000000e+00,0.000000e+00,0.000000e+00,0.000000e+00,0.000000e+00,0.000000e+00,0.000000e+00,0.000000e+00,0.000000e+00,0.000000e+00
1.000000e+00,0.000000e+00,0.000000e+00,0.000000e+00,0.000000e+00,0.000000e+00,0.000000e+00,0.000000e+00,0.000000e+00,0.000000e+00,0.000000e+00,0.000000e+00,0.000000e+00,0.000000e+00,0.000000e+00
1.000000e+00,0.000000e+00,0.000000e+00,0.000000e+00,0.000000e+00,0.000000e+00,0.000000e+00,0.000000e+00,0.000000e+00,0.000000e+00,0.000000e+00,0.000000e+00,0.000000e+00,0.000000e+00,0.000000e+00
1.000000e+00,0.000000e+00,0.000000e+00,0.000000e+00,0.000000e+00,0.000000e+00,0.000000e+00,0.000000e+00,0.000000e+00,0.000000e+00,0.000000e+00,0.000000e+00,0.000000e+00,0.000000e+00,0.000000e+00
1.000000e+00,0.000000e+00,0.000000e+00,0.000000e+00,0.000000e+00,0.000000e+00,0.000000e+00,0.000000e+00,0.000000e+00,0.000000e+00,0.000000e+00,0.000000e+00,0.000000e+00,0.000000e+00,0.000000e+00
1.000000e+00,0.000000e+00,0.000000e+00,0.000000e+00,0.000000e+00,0.000000e+00,0.000000e+00,0.000000e+00,0.000000e+00,0.000000e+00,0.000000e+00,0.000000e+00,0.000000e+00,0.000000e+00,0.000000e+00
1.000000e+00,0.000000e+00,0.000000e+00,0.000000e+00,0.000000e+00,0.000000e+00,0.000000e+00,0.000000e+00,0.000000e+00,0.000000e+00,0.000000e+00,0.000000e+00,0.000000e+00,0.000000e+00,0.000000e+00
1.000000e+00,0.000000e+00,0.000000e+00,0.000000e+00,0.000000e+00,0.000000e+00,0.000000e+00,0.000000e+00,0.000000e+00,0.000000e+00,0.000000e+00,0.000000e+00,0.000000e+00,0.000000e+00,0.000000e+00
1.000000e+00,0.000000e+00,0.000000e+00,0.000000e+00,0.000000e+00,0.000000e+00,0.000000e+00,0.000000e+00,0.000000e+00,0.000000e+00,0.000000e+00,0.000000e+00,0.000000e+00,0.000000e+00,0.000000e+00
1.000000e+00,0.000000e+00,0.000000e+00,0.000000e+00,0.000000e+00,0.000000e+00,0.000000e+00,0.000000e+00,0.000000e+00,0.000000e+00,0.000000e+00,0.000000e+00,0.000000e+00,0.000000e+00,0.000000e+00
1.000000e+00,0.000000e+00,0.000000e+00,0.000000e+00,0.000000e+00,0.000000e+00,0.000000e+00,0.000000e+00,0.000000e+00,0.000000e+00,0.000000e+00,0.000000e+00,0.000000e+00,0.000000e+00,0.000000e+00
1.000000e+00,0.000000e+00,0.000000e+00,0.000000e+00,0.000000e+00,0.000000e+00,0.000000e+00,0.000000e+00,0.000000e+00,0.000000e+00,0.000000e+00,0.000000e+00,0.000000e+00,0.000000e+00,0.000000e+00
1.000000e+00,0.000000e+00,0.000000e+00,0.000000e+00,0.000000e+00,0.000000e+00,0.000000e+00,0.000000e+00,0.000000e+00,0.000000e+00,0.000000e+00,0.000000e+00,0.000000e+00,0.000000e+00,0.000000e+00
1.000000e+00,0.000000e+00,0.000000e+00,0.000000e+00,0.000000e+00,0.000000e+00,0.000000e+00,0.000000e+00,0.000000e+00,0.000000e+00,0.000000e+00,0.000000e+00,0.000000e+00,0.000000e+00,0.000000e+00
1.000000e+00,0.000000e+00,0.000000e+00,0.000000e+00,0.000000e+00,0.000000e+00,0.000000e+00,0.000000e+00,0.000000e+00,0.000000e+00,0.000000e+00,0.000000e+00,0.000000e+00,0.000000e+00,0.000000e+00
1.000000e+00,0.000000e+00,0.000000e+00,0.000000e+00,0.000000e+00,0.000000e+00,0.000000e+00,0.000000e+00,0.000000e+00,0.000000e+00,0.000000e+00,0.000000e+00,0.000000e+00,0.000000e+00,0.000000e+00
1.000000e+00,0.000000e+00,0.000000e+00,0.000000e+00,0.000000e+00,0.000000e+00,0.000000e+00,0.000000e+00,0.000000e+00,0.000000e+00,0.000000e+00,0.000000e+00,0.000000e+00,0.000000e+00,0.000000e+00
1.000000e+00,0.000000e+00,0.000000e+00,0.000000e+00,0.000000e+00,0.000000e+00,0.000000e+00,0.000000e+00,0.000000e+00,0.000000e+00,0.000000e+00,0.000000e+00,0.000000e+00,0.000000e+00,0.000000e+00
1.000000e+00,0.000000e+00,0.000000e+00,0.000000e+00,0.000000e+00,0.000000e+00,0.000000e+00,0.000000e+00,0.000000e+00,0.000000e+00,0.000000e+00,0.000000e+00,0.000000e+00,0.000000e+00,0.000000e+00
1.000000e+00,0.000000e+00,0.000000e+00,0.000000e+00,0.000000e+00,0.000000e+00,0.000000e+00,0.000000e+00,0.000000e+00,0.000000e+00,0.000000e+00,0.000000e+00,0.000000e+00,0.000000e+00,0.000000e+00
1.000000e+00,0.000000e+00,0.000000e+00,0.000000e+00,0.000000e+00,0.000000e+00,0.000000e+00,0.000000e+00,0.000000e+00,0.000000e+00,0.000000e+00,0.000000e+00,0.000000e+00,0.000000e+00,0.000000e+00
1.000000e+00,0.000000e+00,0.000000e+00,0.000000e+00,0.000000e+00,0.000000e+00,0.000000e+00,0.000000e+00,0.000000e+00,0.000000e+00,0.000000e+00,0.000000e+00,0.000000e+00,0.000000e+00,0.000000e+00
1.000000e+00,0.000000e+00,0.000000e+00,0.000000e+00,0.000000e+00,0.000000e+00,0.000000e+00,0.000000e+00,0.000000e+00,0.000000e+00,0.000000e+00,0.000000e+00,0.000000e+00,0.000000e+00,0.000000e+00
1.000000e+00,0.000000e+00,0.000000e+00,0.000000e+00,0.000000e+00,0.000000e+00,0.000000e+00,0.000000e+00,0.000000e+00,0.000000e+00,0.000000e+00,0.000000e+00,0.000000e+00,0.000000e+00,0.000000e+00
1.000000e+00,0.000000e+00,0.000000e+00,0.000000e+00,0.000000e+00,0.000000e+00,0.000000e+00,0.000000e+00,0.000000e+00,0.000000e+00,0.000000e+00,0.000000e+00,0.000000e+00,0.000000e+00,0.000000e+00
1.000000e+00,0.000000e+00,0.000000e+00,0.000000e+00,0.000000e+00,0.000000e+00,0.000000e+00,0.000000e+00,0.000000e+00,0.000000e+00,0.000000e+00,0.000000e+00,0.000000e+00,0.000000e+00,0.000000e+00
1.000000e+00,0.000000e+00,0.000000e+00,0.000000e+00,0.000000e+00,0.000000e+00,0.000000e+00,0.000000e+00,0.000000e+00,0.000000e+00,0.000000e+00,0.000000e+00,0.000000e+00,0.000000e+00,0.000000e+00
1.000000e+00,0.000000e+00,0.000000e+00,0.000000e+00,0.000000e+00,0.000000e+00,0.000000e+00,0.000000e+00,0.000000e+00,0.000000e+00,0.000000e+00,0.000000e+00,0.000000e+00,0.000000e+00,0.000000e+00
1.000000e+00,0.000000e+00,0.000000e+00,0.000000e+00,0.000000e+00,0.000000e+00,0.000000e+00,0.000000e+00,0.000000e+00,0.000000e+00,0.000000e+00,0.000000e+00,0.000000e+00,0.000000e+00,0.000000e+00
1.000000e+00,0.000000e+00,0.000000e+00,0.000000e+00,0.000000e+00,0.000000e+00,0.000000e+00,0.000000e+00,0.000000e+00,0.000000e+00,0.000000e+00,0.000000e+00,0.000000e+00,0.000000e+00,0.000000e+00
1.000000e+00,0.000000e+00,0.000000e+00,0.000000e+00,0.000000e+00,0.000000e+00,0.000000e+00,0.000000e+00,0.000000e+00,0.000000e+00,0.000000e+00,0.000000e+00,0.000000e+00,0.000000e+00,0.000000e+00
1.000000e+00,0.000000e+00,0.000000e+00,0.000000e+00,0.000000e+00,0.000000e+00,0.000000e+00,0.000000e+00,0.000000e+00,0.000000e+00,0.000000e+00,0.000000e+00,0.000000e+00,0.000000e+00,0.000000e+00
1.000000e+00,0.000000e+00,0.000000e+00,0.000000e+00,0.000000e+00,0.000000e+00,0.000000e+00,0.000000e+00,0.000000e+00,0.000000e+00,0.000000e+00,0.000000e+00,0.000000e+00,0.000000e+00,0.000000e+00
1.000000e+00,0.000000e+00,0.000000e+00,0.000000e+00,0.000000e+00,0.000000e+00,0.000000e+00,0.000000e+00,0.000000e+00,0.000000e+00,0.000000e+00,0.000000e+00,0.000000e+00,0.000000e+00,0.000000e+00
1.000000e+00,0.000000e+00,0.000000e+00,0.000000e+00,0.000000e+00,0.000000e+00,0.000000e+00,0.000000e+00,0.000000e+00,0.000000e+00,0.000000e+00,0.000000e+00,0.000000e+00,0.000000e+00,0.000000e+00
1.000000e+00,0.000000e+00,0.000000e+00,0.000000e+00,0.000000e+00,0.000000e+00,0.000000e+00,0.000000e+00,0.000000e+00,0.000000e+00,0.000000e+00,0.000000e+00,0.000000e+00,0.000000e+00,0.000000e+00
1.000000e+00,0.000000e+00,0.000000e+00,0.000000e+00,0.000000e+00,0.000000e+00,0.000000e+00,0.000000e+00,0.000000e+00,0.000000e+00,0.000000e+00,0.000000e+00,0.000000e+00,0.000000e+00,0.000000e+00
1.000000e+00,0.000000e+00,0.000000e+00,0.000000e+00,0.000000e+00,0.000000e+00,0.000000e+00,0.000000e+00,0.000000e+00,0.000000e+00,0.000000e+00,0.000000e+00,0.000000e+00,0.000000e+00,0.000000e+00
1.000000e+00,0.000000e+00,0.000000e+00,0.000000e+00,0.000000e+00,0.000000e+00,0.000000e+00,0.000000e+00,0.000000e+00,0.000000e+00,0.000000e+00,0.000000e+00,0.000000e+00,0.000000e+00,0.000000e+00
1.000000e+00,0.000000e+00,0.000000e+00,0.000000e+00,0.000000e+00,0.000000e+00,0.000000e+00,0.000000e+00,0.000000e+00,0.000000e+00,0.000000e+00,0.000000e+00,0.000000e+00,0.000000e+00,0.000000e+00
1.000000e+00,0.000000e+00,0.000000e+00,0.000000e+00,0.000000e+00,0.000000e+00,0.000000e+00,0.000000e+00,0.000000e+00,0.000000e+00,0.000000e+00,0.000000e+00,0.000000e+00,0.000000e+00,0.000000e+00
1.000000e+00,0.000000e+00,0.000000e+00,0.000000e+00,0.000000e+00,0.000000e+00,0.000000e+00,0.000000e+00,0.000000e+00,0.000000e+00,0.000000e+00,0.000000e+00,0.000000e+00,0.000000e+00,0.000000e+00
1.000000e+00,0.000000e+00,0.000000e+00,0.000000e+00,0.000000e+00,0.000000e+00,0.000000e+00,0.000000e+00,0.000000e+00,0.000000e+00,0.000000e+00,0.000000e+00,0.000000e+00,0.000000e+00,0.000000e+00
1.000000e+00,0.000000e+00,0.000000e+00,0.000000e+00,0.000000e+00,0.000000e+00,0.000000e+00,0.000000e+00,0.000000e+00,0.000000e+00,0.000000e+00,0.000000e+00,0.000000e+00,0.000000e+00,0.000000e+00
1.000000e+00,0.000000e+00,0.000000e+00,0.000000e+00,0.000000e+00,0.000000e+00,0.000000e+00,0.000000e+00,0.000000e+00,0.000000e+00,0.000000e+00,0.000000e+00,0.000000e+00,0.000000e+00,0.000000e+00
1.000000e+00,0.000000e+00,0.000000e+00,0.000000e+00,0.000000e+00,0.000000e+00,0.000000e+00,0.000000e+00,0.000000e+00,0.000000e+00,0.000000e+00,0.000000e+00,0.000000e+00,0.000000e+00,0.000000e+00
1.000000e+00,0.000000e+00,0.000000e+00,0.000000e+00,0.000000e+00,0.000000e+00,0.000000e+00,0.000000e+00,0.000000e+00,0.000000e+00,0.000000e+00,0.000000e+00,0.000000e+00,0.000000e+00,0.000000e+00
1.000000e+00,0.000000e+00,0.000000e+00,0.000000e+00,0.000000e+00,0.000000e+00,0.000000e+00,0.000000e+00,0.000000e+00,0.000000e+00,0.000000e+00,0.000000e+00,0.000000e+00,0.000000e+00,0.000000e+00
1.000000e+00,0.000000e+00,0.000000e+00,0.000000e+00,0.000000e+00,0.000000e+00,0.000000e+00,0.000000e+00,0.000000e+00,0.000000e+00,0.000000e+00,0.000000e+00,0.000000e+00,0.000000e+00,0.000000e+00
1.000000e+00,0.000000e+00,0.000000e+00,0.000000e+00,0.000000e+00,0.000000e+00,0.000000e+00,0.000000e+00,0.000000e+00,0.000000e+00,0.000000e+00,0.000000e+00,0.000000e+00,0.000000e+00,0.000000e+00
1.000000e+00,0.000000e+00,0.000000e+00,0.000000e+00,0.000000e+00,0.000000e+00,0.000000e+00,0.000000e+00,0.000000e+00,0.000000e+00,0.000000e+00,0.000000e+00,0.000000e+00,0.000000e+00,0.000000e+00
1.000000e+00,0.000000e+00,0.000000e+00,0.000000e+00,0.000000e+00,0.000000e+00,0.000000e+00,0.000000e+00,0.000000e+00,0.000000e+00,0.000000e+00,0.000000e+00,0.000000e+00,0.000000e+00,0.000000e+00
1.000000e+00,0.000000e+00,0.000000e+00,0.000000e+00,0.000000e+00,0.000000e+00,0.000000e+00,0.000000e+00,0.000000e+00,0.000000e+00,0.000000e+00,0.000000e+00,0.000000e+00,0.000000e+00,0.000000e+00
1.000000e+00,0.000000e+00,0.000000e+00,0.000000e+00,0.000000e+00,0.000000e+00,0.000000e+00,0.000000e+00,0.000000e+00,0.000000e+00,0.000000e+00,0.000000e+00,0.000000e+00,0.000000e+00,0.000000e+00
1.000000e+00,0.000000e+00,0.000000e+00,0.000000e+00,0.000000e+00,0.000000e+00,0.000000e+00,0.000000e+00,0.000000e+00,0.000000e+00,0.000000e+00,0.000000e+00,0.000000e+00,0.000000e+00,0.000000e+00
4.851996e-01,4.860425e-02,3.345202e-02,3.025935e-01,5.267727e-03,1.084462e-02,3.705737e-03,9.187235e-03,1.366808e-02,6.022855e-03,1.069951e-02,1.274094e-02,1.219936e-02,2.954825e-03,4.285983e-02
3.624824e-01,5.815834e-02,2.984573e-02,3.352849e-01,5.625106e-03,8.801279e-03,3.316628e-03,7.090017e-03,5.139505e-02,1.228528e-02,1.004777e-02,1.044650e-02,1.213021e-02,2.495418e-03,9.059542e-02
2.638460e-01,6.603745e-02,2.657111e-02,2.927292e-01,5.481885e-03,7.279047e-03,3.128593e-03,5.204844e-03,1.812852e-01,1.306358e-02,9.148092e-03,8.171747e-03,1.162608e-02,1.873452e-03,1.045538e-01
1.957286e-01,6.186198e-02,1.919072e-02,2.130626e-01,4.175383e-03,5.894932e-03,2.495956e-03,3.772102e-03,3.762001e-01,9.848511e-03,7.227842e-03,6.366223e-03,1.160069e-02,1.521959e-03,8.105241e-02
1.623445e-01,5.413123e-02,1.399710e-02,1.545727e-01,3.870673e-03,5.450329e-03,2.034931e-03,2.769680e-03,5.052227e-01,7.283698e-03,7.241033e-03,5.496340e-03,1.348256e-02,1.211326e-03,6.089124e-02
1.147335e-01,7.992490e-02,1.377441e-02,2.380957e-01,2.921006e-03,4.256928e-03,1.521853e-03,1.960894e-03,4.552144e-01,1.141194e-02,5.454343e-03,3.921624e-03,1.161530e-02,9.100367e-04,5.428310e-02
8.241232e-02,8.915790e-02,1.002797e-02,1.787681e-01,2.168163e-03,3.404053e-03,1.117082e-03,1.396711e-03,5.612994e-01,8.757121e-03,4.196538e-03,2.897202e-03,1.073059e-02,8.821610e-04,4.278470e-02
7.085158e-02,7.400304e-02,7.243692e-03,1.282469e-01,2.980995e-03,5.153038e-03,9.297443e-04,1.007285e-03,6.550417e-01,6.409695e-03,4.365029e-03,2.221168e-03,8.961547e-03,7.997146e-04,3.178483e-02
5.809271e-02,7.091138e-02,5.121603e-03,9.548371e-02,2.321810e-03,4.103038e-03,7.024883e-04,7.346156e-04,7.206427e-01,4.765156e-03,4.239843e-03,1.756465e-03,7.055625e-03,7.164675e-04,2.335232e-02
7.828611e-02,6.284766e-02,3.854984e-03,7.930537e-02,2.630793e-03,4.868487e-03,5.769944e-04,6.537643e-04,7.048744e-01,4.295011e-03,5.883252e-03,1.668459e-03,1.650500e-02,1.939804e-03,3.180980e-02
1.204881e-01,4.906964e-02,2.853761e-03,6.366139e-02,3.005501e-03,7.054440e-03,7.120696e-04,2.211157e-03,6.229139e-01,4.052414e-03,5.794892e-03,3.290265e-03,2.884478e-02,7.091876e-03,7.895574e-02
1.650768e-01,3.785928e-02,2.205533e-03,5.291278e-02,3.950280e-03,1.497983e-02,1.114112e-03,2.351951e-03,4.830399e-01,3.260329e-03,6.528894e-03,7.815976e-03,1.394261e-01,8.445364e-03,7.103279e-02
2.085880e-01,3.041901e-02,1.691200e-03,4.345142e-02,5.301902e-03,2.082271e-02,2.431097e-03,2.365825e-03,4.286098e-01,3.089524e-03,6.648820e-03,1.478889e-02,1.594266e-01,8.698553e-03,6.366659e-02
1.980859e-01,3.074887e-02,1.555195e-03,3.978585e-02,5.053990e-03,2.946118e-02,2.458055e-03,2.568391e-03,4.244348e-01,3.162117e-03,7.867748e-03,2.099939e-02,1.642689e-01,8.939601e-03,6.060993e-02
2.346520e-01,2.885192e-02,1.649523e-03,4.465584e-02,5.963479e-03,4.175075e-02,2.555648e-03,2.664499e-03,3.428982e-01,3.278949e-03,9.235894e-03,3.400614e-02,1.648824e-01,9.704949e-03,7.324979e-02
2.391658e-01,3.416463e-02,1.658709e-03,4.504639e-02,6.751447e-03,4.276596e-02,2.126226e-03,3.346881e-03,3.488618e-01,2.848512e-03,1.058549e-02,4.167029e-02,1.481434e-01,8.001804e-03,6.486270e-02
1.874107e-01,3.651915e-02,3.570390e-03,1.018692e-01,5.415346e-03,5.135997e-02,1.693689e-03,3.692941e-03,3.889329e-01,3.585751e-03,9.181206e-03,3.251060e-02,1.152985e-01,5.963825e-03,5.299580e-02
1.703801e-01,4.042889e-02,9.784955e-03,1.249952e-01,4.825818e-03,8.502251e-02,1.373268e-03,1.037670e-02,3.685194e-01,4.634898e-03,1.029104e-02,2.675132e-02,9.034144e-02,5.278042e-03,4.699644e-02
1.502572e-01,3.351609e-02,1.166872e-02,9.924266e-02,1.012296e-02,8.721644e-02,1.515003e-03,1.060525e-02,3.520774e-01,7.517386e-03,1.052847e-02,2.063097e-02,7.039994e-02,5.942911e-03,1.287586e-01
1.247808e-01,2.764827e-02,2.236010e-02,1.429272e-01,1.890972e-02,9.625109e-02,2.213927e-03,1.975715e-02,3.070841e-01,9.960936e-03,1.348340e-02,1.831636e-02,5.690096e-02,6.170863e-03,1.332352e-01
9.451936e-02,2.185450e-02,3.483437e-02,1.533586e-01,2.120629e-02,7.616807e-02,2.076382e-03,2.422788e-02,2.457552e-01,9.694270e-03,3.967665e-02,2.232982e-02,5.636959e-02,1.040346e-02,1.875255e-01
7.619625e-02,1.868673e-02,4.162169e-02,1.607625e-01,1.773066e-02,5.687384e-02,1.631634e-03,4.007277e-02,1.950416e-01,1.378351e-02,1.040558e-01,2.033114e-02,5.809991e-02,1.483998e-02,1.802721e-01
5.612743e-02,1.462412e-02,7.453791e-02,2.727957e-01,1.923958e-02,4.027477e-02,1.221630e-03,3.596739e-02,1.728053e-01,1.183481e-02,8.809385e-02,1.521107e-02,4.540013e-02,1.163090e-02,1.402355e-01
6.599320e-02,1.889784e-02,8.923422e-02,2.448657e-01,2.131433e-02,3.050808e-02,1.189768e-03,2.766339e-02,1.510974e-01,1.243041e-02,8.157773e-02,1.459401e-02,4.022504e-02,3.950686e-02,1.609020e-01
7.608607e-02,1.890805e-02,1.458573e-01,2.101076e-01,2.494211e-02,2.392648e-02,1.137736e-03,2.109860e-02,1.235163e-01,1.234519e-02,8.613399e-02,1.201712e-02,3.228727e-02,5.452006e-02,1.571162e-01
8.175723e-02,6.221665e-02,1.213022e-01,1.673633e-01,4.359879e-02,2.102096e-02,1.935131e-03,1.779532e-02,1.860021e-01,1.049704e-02,7.722726e-02,9.452854e-03,2.766881e-02,4.331925e-02,1.288431e-01
6.935089e-02,1.220680e-01,1.691335e-01,1.560345e-01,3.858863e-02,1.633704e-02,1.732344e-03,1.352994e-02,1.647402e-01,9.696955e-03,5.640345e-02,7.427894e-03,2.023826e-02,3.253959e-02,1.221788e-01
5.528542e-02,9.965307e-02,3.019653e-01,1.485569e-01,3.095230e-02,1.235602e-02,1.621259e-03,1.032964e-02,1.274221e-01,8.791734e-03,4.039881e-02,5.691293e-03,1.508401e-02,2.318056e-02,1.187116e-01
1.075340e-01,1.124751e-01,2.866357e-01,1.171233e-01,3.555211e-02,1.608972e-02,2.988714e-03,8.988699e-03,1.212626e-01,1.076539e-02,3.131871e-02,6.400985e-03,1.258367e-02,1.923950e-02,1.110419e-01
1.454777e-01,1.006760e-01,3.064966e-01,8.991215e-02,5.277235e-02,2.499815e-02,4.493018e-03,7.503816e-03,9.619325e-02,1.086456e-02,2.879689e-02,5.543645e-03,1.064370e-02,1.605105e-02,9.957711e-02
1.745048e-01,1.190970e-01,2.655140e-01,8.678049e-02,8.053967e-02,3.602006e-02,1.912720e-02,9.729870e-03,7.587031e-02,8.914793e-03,2.161640e-02,4.928011e-03,9.746214e-03,1.200595e-02,7.560525e-02
2.256936e-01,1.247936e-01,2.241741e-01,1.482353e-01,6.532269e-02,2.883278e-02,1.432206e-02,8.990986e-03,5.491971e-02,7.582224e-03,1.625052e-02,4.863555e-03,7.790201e-03,8.963137e-03,5.926548e-02
3.261992e-01,9.835321e-02,1.732522e-01,1.562825e-01,5.737607e-02,2.602626e-02,1.201777e-02,2.011229e-02,4.337556e-02,6.982353e-03,1.390366e-02,5.178614e-03,8.370047e-03,7.145226e-03,4.542508e-02
4.175264e-01,7.262328e-02,1.241390e-01,1.169083e-01,5.140181e-02,2.647630e-02,1.065073e-02,7.608562e-02,3.203289e-02,5.181483e-03,1.111531e-02,4.437006e-03,1.283221e-02,5.325559e-03,3.326407e-02
4.341258e-01,5.390256e-02,8.947182e-02,8.920772e-02,4.710764e-02,3.742621e-02,1.384383e-02,1.395382e-01,2.339649e-02,4.081332e-03,9.936530e-03,4.682144e-03,2.419397e-02,3.964673e-03,2.512104e-02
3.435352e-01,3.846600e-02,6.424730e-02,6.473827e-02,3.825766e-02,3.521988e-02,2.058805e-02,3.214256e-01,1.662149e-02,2.969858e-03,7.541427e-03,4.143583e-03,2.122471e-02,2.830691e-03,1.819031e-02
3.002129e-01,2.768368e-02,4.571916e-02,4.708225e-02,2.950286e-02,3.771555e-02,3.203846e-02,4.184251e-01,1.179227e-02,2.125237e-03,5.479650e-03,4.181555e-03,2.240487e-02,2.021628e-03,1.361478e-02
2.985373e-01,2.022968e-02,3.271481e-02,3.525022e-02,2.316842e-02,4.834010e-02,3.126758e-02,4.517020e-01,8.558429e-03,1.553024e-03,4.199368e-03,5.667984e-03,2.668042e-02,1.517126e-03,1.061353e-02
3.188355e-01,1.562094e-02,2.410293e-02,2.807756e-02,1.958094e-02,6.749158e-02,2.861560e-02,4.412577e-01,6.789091e-03,1.142123e-03,3.337650e-03,7.120812e-03,2.846641e-02,1.269308e-03,8.291794e-03
2.571284e-01,1.167961e-02,1.797395e-02,1.995407e-02,1.594530e-02,1.581539e-01,3.752190e-02,4.188316e-01,5.324053e-03,8.159552e-04,2.664765e-03,6.019473e-03,4.103246e-02,9.637949e-04,5.990755e-03
2.039551e-01,8.887501e-03,1.360233e-02,1.439208e-02,1.474250e-02,2.042217e-01,3.410954e-02,4.409684e-01,4.060388e-03,6.761304e-04,2.123708e-03,5.047951e-03,4.794038e-02,7.316899e-04,4.540662e-03
1.672050e-01,6.729560e-03,1.038650e-02,1.064738e-02,1.980981e-02,2.371195e-01,3.461133e-02,4.531871e-01,3.834861e-03,6.228860e-04,1.860547e-03,4.455125e-03,4.522905e-02,5.400889e-04,3.761287e-03
1.347541e-01,5.096463e-03,7.833317e-03,7.848385e-03,2.608118e-02,3.218745e-01,2.873170e-02,4.050547e-01,3.360186e-03,5.024113e-04,1.478586e-03,3.852024e-03,5.020061e-02,3.976775e-04,2.934134e-03
9.706806e-02,3.630145e-03,5.629137e-03,5.558534e-03,1.942535e-02,5.151334e-01,2.027383e-02,2.842022e-01,2.391138e-03,3.567656e-04,1.081000e-03,3.146206e-03,3.970695e-02,2.843013e-04,2.113106e-03
6.976998e-02,2.661177e-03,4.152789e-03,3.941141e-03,1.409878e-02,6.443759e-01,1.444957e-02,1.995343e-01,1.748204e-03,2.714893e-04,9.373269e-04,3.710242e-03,3.849483e-02,2.174317e-04,1.636859e-03
5.915100e-02,3.339449e-03,1.974213e-02,1.327278e-02,1.231528e-02,6.270238e-01,1.128085e-02,1.411137e-01,3.198336e-03,4.636202e-03,1.330927e-03,1.933866e-02,7.864295e-02,2.856322e-04,5.328319e-03
5.365665e-02,3.585795e-03,1.853124e-02,1.078234e-02,9.352637e-03,4.908594e-01,8.524124e-03,9.955370e-02,6.101446e-03,4.380435e-03,3.810904e-03,1.159133e-01,1.671377e-01,7.468500e-04,7.063436e-03
5.138743e-02,3.568176e-03,1.674268e-02,8.852771e-03,7.808117e-03,3.990442e-01,7.417118e-03,7.180470e-02,1.236941e-02,3.884923e-03,6.699442e-03,1.459268e-01,2.560871e-01,1.167464e-03,7.239792e-03
4.119515e-02,2.729686e-03,1.192311e-02,6.589618e-03,5.611028e-03,2.908301e-01,5.602903e-03,5.034905e-02,9.093884e-03,4.093597e-03,6.528894e-03,1.314445e-01,4.269699e-01,1.074294e-03,5.964290e-03
3.341702e-02,2.193621e-03,8.806787e-03,5.201810e-03,4.065155e-03,2.750704e-01,4.543636e-03,3.533255e-02,6.984143e-03,5.874994e-03,7.110159e-03,1.412004e-01,4.633508e-01,1.298362e-03,5.550166e-03
3.297424e-02,1.737067e-03,6.736448e-03,3.972550e-03,3.147560e-03,2.250287e-01,3.573078e-03,2.490224e-02,6.380357e-03,1.400020e-02,1.117484e-02,2.930188e-01,3.643576e-01,3.729041e-03,5.267335e-03
2.538049e-02,1.322049e-03,4.909494e-03,2.829339e-03,2.254298e-03,1.674911e-01,2.638242e-03,1.746847e-02,4.976349e-03,1.440588e-02,1.576161e-02,4.666198e-01,2.668919e-01,3.124594e-03,3.926476e-03
1.936820e-02,1.053224e-03,3.553168e-03,2.043085e-03,1.678559e-03,1.252102e-01,1.961933e-03,1.228065e-02,4.756661e-03,1.599527e-02,2.091293e-02,5.902531e-01,1.942819e-01,3.541298e-03,3.109777e-03
1.716276e-02,1.083660e-03,2.662241e-03,1.511868e-03,1.795266e-03,8.935498e-02,1.527621e-03,8.656478e-03,1.106393e-02,1.624585e-02,1.825008e-02,6.861066e-01,1.394261e-01,2.833473e-03,2.319078e-03
1.624983e-02,1.040637e-03,1.912537e-03,1.097896e-03,1.407592e-03,6.333436e-02,1.096509e-03,6.084487e-03,1.173175e-02,1.562189e-02,2.257674e-02,7.542044e-01,9.970061e-02,2.224595e-03,1.716098e-03
1.761374e-02,1.178784e-03,1.552372e-03,8.243616e-04,1.487184e-03,4.499263e-02,8.176530e-04,4.568827e-03,2.064517e-02,1.538872e-02,2.707901e-02,7.900164e-01,7.078544e-02,1.774805e-03,1.274882e-03
1.557118e-02,1.020217e-03,1.099082e-03,6.052091e-04,1.110448e-03,3.188789e-02,5.794509e-04,3.240096e-03,2.202104e-02,1.221900e-02,2.901801e-02,8.293171e-01,5.007423e-02,1.314138e-03,9.229182e-04
1.204400e-02,1.428564e-03,7.867392e-04,4.514731e-04,1.031155e-03,2.255495e-02,4.184260e-04,2.341853e-03,5.654886e-02,9.557895e-03,2.898917e-02,8.265237e-01,3.567410e-02,9.709351e-04,6.781906e-04
9.208268e-03,2.459141e-03,6.210848e-04,3.441594e-04,9.685985e-04,1.610086e-02,2.982086e-04,1.741138e-03,4.718967e-02,7.460660e-03,4.552012e-02,8.416517e-01,2.514604e-02,7.707508e-04,5.196097e-04
6.774463e-03,3.672173e-03,5.219587e-04,2.600117e-04,1.022771e-03,1.140994e-02,2.146360e-04,1.509016e-03,5.646808e-02,5.725285e-03,5.278608e-02,8.408350e-01,1.781554e-02,5.930807e-04,3.919927e-04
5.935526e-03,4.978513e-03,1.344925e-03,4.275783e-04,2.167631e-03,8.170779e-03,1.933336e-04,5.646839e-03,6.032129e-02,4.435468e-03,6.960969e-02,8.234164e-01,1.257868e-02,4.801474e-04,2.932842e-04
5.061090e-03,8.339848e-03,5.323539e-03,1.794258e-03,2.256513e-02,6.075555e-03,4.041054e-04,1.194887e-02,6.955257e-02,3.457128e-03,1.491893e-01,7.066888e-01,8.970398e-03,4.139062e-04,2.156095e-04
5.141933e-03,1.405039e-02,1.162078e-02,4.061438e-03,3.527389e-02,4.860251e-03,6.237163e-04,2.095462e-02,7.788391e-02,2.801084e-03,1.897092e-01,6.259860e-01,6.451149e-03,3.879956e-04,1.935420e-04
6.812276e-03,1.726309e-02,2.709395e-02,1.778605e-02,3.910564e-02,4.383523e-03,1.685649e-03,6.611489e-02,9.764434e-02,2.317161e-03,1.982643e-01,5.158876e-01,4.719700e-03,4.791450e-04,4.426507e-04
8.508921e-03,2.052622e-02,2.860782e-02,2.307177e-02,4.475665e-02,4.567493e-03,2.255769e-03,6.080864e-02,1.303184e-01,2.463056e-03,2.743009e-01,3.941177e-01,3.513530e-03,8.904901e-04,1.292626e-03
8.859088e-03,1.755719e-02,2.302327e-02,1.834887e-02,3.742160e-02,4.225749e-03,1.816230e-03,4.933216e-02,1.958121e-01,2.888189e-03,3.493012e-01,2.858667e-01,2.635025e-03,9.672961e-04,1.945202e-03
8.772457e-03,1.304323e-02,1.651093e-02,1.420423e-02,2.833158e-02,5.358389e-03,1.306378e-03,3.515349e-02,1.939388e-01,2.251281e-03,4.739847e-01,2.017810e-01,1.970055e-03,1.455542e-03,1.937846e-03
1.398868e-02,1.029503e-02,1.957992e-02,7.026845e-02,3.137307e-02,6.809413e-03,1.128345e-03,5.315963e-02,1.881764e-01,1.971636e-03,4.560553e-01,1.424872e-01,1.569828e-03,1.425873e-03,1.711113e-03
2.310010e-02,7.911198e-03,1.798903e-02,8.937256e-02,2.719050e-02,5.859486e-03,9.083375e-04,4.264868e-02,2.305559e-01,1.688552e-03,4.451116e-01,1.015108e-01,1.372616e-03,2.350020e-03,2.430586e-03
4.235300e-02,6.188589e-03,2.212573e-02,1.066254e-01,2.528545e-02,5.878924e-03,6.956197e-04,3.555335e-02,2.781069e-01,1.951307e-03,3.918554e-01,7.329458e-02,1.428692e-03,5.048325e-03,3.608751e-03
5.550570e-02,4.865400e-03,6.513397e-02,1.440195e-01,2.307505e-02,4.870187e-03,5.617389e-04,2.874680e-02,2.885243e-01,7.910401e-03,3.077982e-01,5.180276e-02,1.294662e-03,7.082529e-03,8.808875e-03
5.885521e-02,3.892095e-03,5.244911e-02,3.279578e-01,2.227965e-02,3.805190e-03,4.487404e-04,2.377299e-02,2.257499e-01,6.191589e-03,2.233799e-01,3.671796e-02,1.217082e-03,6.308891e-03,6.973837e-03
6.624845e-02,3.473655e-03,5.620764e-02,4.339567e-01,1.915678e-02,3.336885e-03,3.834658e-04,2.017528e-02,1.899215e-01,5.185779e-03,1.606508e-01,2.612429e-02,1.254142e-03,7.486668e-03,6.437965e-03
7.667638e-02,3.977674e-03,5.131594e-02,5.243332e-01,2.207631e-02,2.963129e-03,3.029100e-04,1.620411e-02,1.507036e-01,3.929113e-03,1.137680e-01,1.914280e-02,1.485518e-03,7.415066e-03,5.706252e-03
9.274296e-02,4.568440e-03,6.197264e-02,5.636585e-01,1.756353e-02,3.008022e-03,3.065545e-04,1.514075e-02,1.233022e-01,3.065151e-03,8.162592e-02,1.413638e-02,2.048054e-03,9.905622e-03,6.955277e-03
1.351237e-01,5.936767e-03,1.776816e-01,4.472618e-01,1.354616e-02,3.635211e-03,6.103921e-04,1.206772e-02,9.981645e-02,2.572427e-03,5.841612e-02,1.059041e-02,2.453196e-03,1.321156e-02,1.707655e-02
1.362030e-01,5.997574e-03,2.993096e-01,3.519566e-01,1.035834e-02,3.750717e-03,7.870509e-04,1.003450e-02,7.914762e-02,3.226901e-03,4.217799e-02,8.062152e-03,2.302040e-03,1.303992e-02,3.364605e-02
1.362740e-01,5.529245e-03,2.789429e-01,2.582678e-01,7.992244e-03,4.008175e-03,9.093718e-04,7.859055e-03,7.617135e-02,7.093775e-03,3.180388e-02,7.112255e-03,3.134902e-03,1.931273e-02,1.555883e-01
1.655910e-01,8.001307e-03,2.654410e-01,1.920426e-01,7.765273e-03,3.508128e-03,8.979684e-04,7.101995e-03,7.840095e-02,1.297993e-02,2.358315e-02,5.553838e-03,3.381729e-03,2.898426e-02,1.967669e-01
1.509174e-01,2.559406e-02,2.225923e-01,2.213238e-01,1.248680e-02,4.275307e-03,9.210474e-04,5.346340e-03,8.373451e-02,1.221221e-02,1.818081e-02,4.994274e-03,3.765323e-03,2.167028e-02,2.119856e-01
1.959428e-01,2.706707e-02,1.667319e-01,1.762070e-01,1.074410e-02,5.051417e-03,1.117131e-03,4.357194e-03,7.162586e-02,1.703801e-02,1.699932e-02,6.843729e-03,6.158431e-03,2.763275e-02,2.664833e-01
3.194901e-01,3.216039e-02,1.271264e-01,1.355391e-01,2.146816e-02,7.685964e-03,2.000596e-03,7.141848e-03,5.772623e-02,1.478448e-02,1.486843e-02,9.003257e-03,6.058671e-03,3.343700e-02,2.115094e-01
3.683324e-01,4.596378e-02,1.015890e-01,1.315987e-01,3.168385e-02,9.195598e-03,2.513684e-03,8.096738e-03,4.779751e-02,1.308765e-02,1.426866e-02,1.130023e-02,6.962834e-03,3.304824e-02,1.745611e-01
4.647183e-01,4.388532e-02,8.029562e-02,1.093649e-01,2.879417e-02,1.060130e-02,2.882583e-03,9.750795e-03,3.658457e-02,1.021769e-02,1.149077e-02,1.297628e-02,7.299642e-03,2.835823e-02,1.427798e-01
4.709974e-01,4.309701e-02,7.708355e-02,8.901932e-02,2.289139e-02,1.332114e-02,3.084618e-03,8.683540e-03,3.555273e-02,1.018996e-02,1.044153e-02,1.313033e-02,7.646037e-03,3.776617e-02,1.570953e-01
4.246550e-01,3.984972e-02,8.838052e-02,9.503394e-02,2.040008e-02,1.488327e-02,3.126808e-03,8.078012e-03,4.301405e-02,1.165233e-02,1.825531e-02,1.713543e-02,7.486454e-03,6.219343e-02,1.458557e-01
4.671804e-01,3.534409e-02,7.274518e-02,8.229052e-02,1.888193e-02,1.688525e-02,3.006063e-03,8.938309e-03,4.041767e-02,9.284959e-03,2.393957e-02,2.752651e-02,1.103542e-02,6.298494e-02,1.195392e-01
4.317347e-01,3.344771e-02,6.297935e-02,6.821635e-02,2.102192e-02,1.875588e-02,2.588973e-03,1.029504e-02,4.423734e-02,8.573519e-03,2.563008e-02,2.424637e-02,1.073682e-02,1.074615e-01,1.300744e-01
3.840153e-01,3.802970e-02,5.482436e-02,5.665517e-02,1.938673e-02,1.602114e-02,2.105023e-03,1.018289e-02,6.037781e-02,1.554475e-02,2.386496e-02,2.014092e-02,1.024563e-02,1.017468e-01,1.868589e-01
3.037469e-01,3.428401e-02,4.308913e-02,4.209223e-02,1.647194e-02,1.328034e-02,1.671528e-03,7.728086e-03,7.651304e-02,1.872684e-02,2.028884e-02,1.470137e-02,8.486192e-03,1.579848e-01,2.409348e-01
2.423119e-01,4.210514e-02,4.129964e-02,3.701475e-02,1.247903e-02,1.077736e-02,1.267306e-03,5.784042e-03,1.401374e-01,2.852941e-02,1.544109e-02,1.103349e-02,8.147039e-03,1.234343e-01,2.802382e-01
2.007976e-01,6.050497e-02,4.529222e-02,3.685280e-02,1.426655e-02,1.030457e-02,1.612646e-03,6.473974e-03,2.116199e-01,3.426643e-02,1.457372e-02,8.903866e-03,8.097257e-03,1.140753e-01,2.323582e-01
1.588555e-01,5.369252e-02,3.609013e-02,2.803230e-02,1.103905e-02,9.269804e-03,1.281469e-03,4.949740e-03,2.025173e-01,3.667816e-02,1.279813e-02,7.118086e-03,6.721001e-03,2.129616e-01,2.179952e-01
1.430635e-01,4.542397e-02,2.727532e-02,2.070842e-02,8.723319e-03,8.142660e-03,1.196960e-03,4.173730e-03,1.665398e-01,3.696953e-02,1.155153e-02,6.231544e-03,5.840185e-03,3.199956e-01,1.941639e-01
1.121100e-01,3.313932e-02,2.252345e-02,1.503334e-02,6.433966e-03,6.463417e-03,8.659251e-04,2.965412e-03,1.225632e-01,2.713797e-02,8.920344e-03,4.540163e-03,4.318523e-03,4.590405e-01,1.739446e-01
1.333680e-01,3.908899e-02,2.111364e-02,1.745714e-02,8.691103e-03,6.843974e-03,7.885538e-04,2.578752e-03,9.230973e-02,2.203788e-02,7.273675e-03,3.809442e-03,3.403825e-03,3.566441e-01,2.845912e-01
1.302299e-01,4.186314e-02,3.701608e-02,2.686254e-02,9.859055e-03,6.507437e-03,7.477095e-04,2.146462e-03,7.242791e-02,2.517892e-02,5.849617e-03,3.538257e-03,2.699916e-03,2.646639e-01,3.704092e-01
1.286895e-01,3.758606e-02,4.501110e-02,2.518328e-02,8.937482e-03,5.561885e-03,7.024356e-04,1.650803e-03,6.196402e-02,3.472156e-02,4.713106e-03,2.856396e-03,2.211050e-03,2.305868e-01,4.096245e-01
2.657635e-01,4.460113e-02,3.668824e-02,2.939549e-02,1.915980e-02,6.298239e-03,8.822717e-04,2.479439e-03,6.375706e-02,2.648411e-02,5.199329e-03,2.778254e-03,2.205076e-03,1.709690e-01,3.233390e-01
2.330174e-01,5.390286e-02,5.872429e-02,4.425006e-02,1.731489e-02,5.405225e-03,8.618964e-04,2.426181e-03,5.145090e-02,3.340936e-02,4.237835e-03,2.413000e-03,1.955226e-03,1.235089e-01,3.671219e-01
2.086224e-01,4.639963e-02,1.845548e-01,4.470825e-02,1.352232e-02,5.307079e-03,8.185518e-04,2.237266e-03,3.933911e-02,2.836089e-02,4.151993e-03,2.863316e-03,2.370580e-03,8.808115e-02,3.286627e-01
2.369141e-01,4.401111e-02,2.508428e-01,6.053840e-02,1.313109e-02,5.171281e-03,9.097969e-04,4.075546e-03,3.042182e-02,2.371138e-02,4.781092e-03,3.792517e-03,2.384330e-03,6.280001e-02,2.565147e-01
3.016241e-01,5.337670e-02,2.379477e-01,5.048837e-02,1.388656e-02,4.843502e-03,8.646362e-04,5.831101e-03,2.451535e-02,2.635892e-02,4.332033e-03,3.248657e-03,1.929667e-03,4.628714e-02,2.244655e-01
4.102793e-01,6.554499e-02,1.924435e-01,4.061149e-02,1.524165e-02,8.286644e-03,1.018847e-03,7.021294e-03,1.851110e-02,2.392853e-02,3.446614e-03,2.735212e-03,1.586535e-03,3.417208e-02,1.751722e-01
4.246194e-01,9.122899e-02,1.750380e-01,4.502948e-02,1.985711e-02,1.515615e-02,2.786328e-03,1.063731e-02,1.412818e-02,2.326593e-02,2.812959e-03,2.423761e-03,1.385392e-03,2.479074e-02,1.468402e-01
3.423129e-01,9.625064e-02,2.634244e-01,5.124183e-02,3.931605e-02,2.086435e-02,5.384506e-03,1.229016e-02,1.080454e-02,2.043737e-02,2.145780e-03,1.857708e-03,1.094913e-03,1.801023e-02,1.145646e-01
3.649969e-01,9.700336e-02,2.393705e-01,5.772984e-02,4.538394e-02,2.600348e-02,4.981367e-03,1.021401e-02,1.084700e-02,2.011644e-02,2.244435e-03,1.660182e-03,9.875473e-04,1.346287e-02,1.049981e-01
3.920652e-01,8.242026e-02,2.403492e-01,4.392210e-02,4.472615e-02,2.059593e-02,3.735788e-03,8.248754e-03,1.322477e-02,2.004092e-02,2.177492e-03,1.485083e-03,8.487806e-04,1.295593e-02,1.132036e-01
3.631064e-01,8.494013e-02,1.796587e-01,3.953365e-02,3.358621e-02,1.707481e-02,2.859700e-03,6.250212e-03,1.559540e-02,1.957766e-02,3.213986e-03,2.987420e-03,1.556594e-03,1.873301e-02,2.113262e-01
2.882549e-01,8.523724e-02,1.323860e-01,4.362118e-02,2.497595e-02,1.318371e-02,2.321829e-03,4.752614e-03,2.451919e-02,3.025954e-02,3.201056e-03,3.468116e-03,1.999442e-03,1.663182e-02,3.251874e-01
2.326810e-01,7.016160e-02,1.219634e-01,4.244541e-02,1.866117e-02,9.982166e-03,1.798694e-03,3.638638e-03,3.156364e-02,3.009969e-02,3.298683e-03,3.303042e-03,1.771983e-03,1.623837e-02,4.123925e-01
1.788864e-01,6.047388e-02,1.372791e-01,5.359805e-02,1.348299e-02,7.507948e-03,1.342144e-03,2.634239e-03,3.240980e-02,3.094162e-02,3.045297e-03,2.985908e-03,1.683142e-03,1.444601e-02,4.592834e-01
1.353326e-01,4.513641e-02,1.232619e-01,4.288663e-02,9.748480e-03,5.758876e-03,1.008238e-03,1.936311e-03,2.763321e-02,2.813122e-02,2.739415e-03,2.411766e-03,1.493711e-03,1.948132e-02,5.530398e-01
1.013586e-01,3.586364e-02,1.515866e-01,3.788305e-02,7.098327e-03,4.292086e-03,7.285557e-04,1.413231e-03,2.827460e-02,2.534555e-02,2.343068e-03,1.786520e-03,1.313466e-03,1.883560e-02,5.818771e-01
7.590268e-02,3.063071e-02,1.316614e-01,2.933973e-02,5.079112e-03,3.155947e-03,5.237843e-04,1.062318e-03,3.284439e-02,2.532186e-02,2.085863e-03,1.465154e-03,1.262509e-03,1.904990e-02,6.406146e-01
5.482828e-02,3.367937e-02,1.141127e-01,2.143440e-02,3.571840e-03,2.328726e-03,3.809795e-04,7.519521e-04,2.977778e-02,2.356957e-02,2.130853e-03,1.252832e-03,9.720832e-04,6.059416e-02,6.506144e-01
3.927861e-02,3.008302e-02,9.216856e-02,1.576467e-02,2.524575e-03,1.713889e-03,2.810454e-04,5.311889e-04,2.857506e-02,2.636284e-02,3.665046e-03,1.210734e-03,7.606875e-04,1.384598e-01,6.186202e-01
2.777903e-02,2.155886e-02,6.506737e-02,1.105836e-02,1.775603e-03,1.224061e-03,2.058491e-04,3.745238e-04,2.083525e-02,2.359653e-02,5.290917e-03,9.530120e-04,5.441558e-04,3.372751e-01,4.824613e-01
1.982067e-02,1.624208e-02,4.751178e-02,7.942669e-03,1.277596e-03,9.364791e-04,1.523946e-04,2.664334e-04,1.903391e-02,3.272311e-02,1.065265e-02,1.033622e-03,4.516722e-04,4.736176e-01,3.683374e-01
1.404044e-02,1.164423e-02,3.397312e-02,5.592857e-03,9.405395e-04,7.578376e-04,1.122758e-04,1.936627e-04,2.051561e-02,5.550010e-02,1.339386e-02,1.216078e-03,5.131150e-04,5.523520e-01,2.892543e-01
1.028003e-02,8.636075e-03,2.420140e-02,3.984927e-03,6.801625e-04,7.323777e-04,9.139151e-05,1.471943e-04,3.091745e-02,6.400335e-02,1.380756e-02,1.221807e-03,5.930410e-04,6.085817e-01,2.321215e-01
7.317157e-03,6.176720e-03,1.752792e-02,2.812135e-03,4.989675e-04,6.159607e-04,6.895730e-05,1.064206e-04,2.358133e-02,1.764779e-01,1.222982e-02,1.095367e-03,6.249739e-04,5.525110e-01,1.983553e-01
5.736729e-03,4.445230e-03,1.273037e-02,1.983403e-03,3.653932e-04,5.198973e-04,7.390458e-05,8.645930e-05,1.732035e-02,1.750622e-01,1.086710e-02,9.951945e-04,8.106772e-04,5.868001e-01,1.822030e-01
8.241572e-03,3.523923e-03,9.275168e-03,1.434331e-03,3.513756e-04,7.387419e-04,1.547109e-04,1.073420e-04,1.417517e-02,2.609961e-01,1.436683e-02,1.260316e-03,2.019446e-03,4.910369e-01,1.923181e-01
6.830311e-03,2.591875e-03,6.639537e-03,1.128171e-03,7.821443e-04,6.844315e-04,1.791073e-04,1.406388e-04,1.656596e-02,2.921116e-01,1.686445e-02,1.435386e-03,2.898029e-03,3.583101e-01,2.928383e-01
7.585987e-03,1.982241e-03,4.900992e-03,1.271958e-03,1.123823e-03,7.853685e-04,3.967257e-04,3.674790e-04,1.586848e-02,3.219139e-01,2.182170e-02,1.744249e-03,5.047962e-03,2.584021e-01,3.567870e-01
7.724471e-03,1.851284e-03,3.854880e-03,1.421799e-03,5.529332e-03,1.025778e-03,7.786130e-04,3.957886e-04,1.602663e-02,3.285434e-01,1.780624e-02,1.524441e-03,5.279443e-03,1.851463e-01,4.230916e-01
6.888736e-03,3.548807e-03,3.585489e-03,1.409855e-03,1.579599e-02,1.279177e-03,1.193546e-03,5.006443e-04,2.327933e-02,3.220101e-01,1.769406e-02,1.686868e-03,8.039566e-03,1.379251e-01,4.551628e-01
7.617141e-03,9.816892e-02,1.316054e-02,1.765322e-03,2.486322e-02,3.686797e-03,1.244345e-03,2.985581e-03,9.378150e-02,2.647920e-01,3.836237e-02,4.590786e-03,1.609428e-02,1.001490e-01,3.287382e-01
6.508079e-03,2.314268e-01,3.341264e-02,1.991604e-03,3.810437e-02,4.208833e-03,1.021654e-03,5.044331e-03,1.225823e-01,1.917109e-01,4.014702e-02,4.560974e-03,1.440722e-02,7.097911e-02,2.338941e-01
7.519204e-03,2.362654e-01,1.181424e-01,6.736266e-03,5.688526e-02,4.653184e-03,9.532608e-04,7.319246e-03,1.550476e-01,1.428548e-01,2.891579e-02,3.551777e-03,1.041348e-02,4.983827e-02,1.709042e-01
1.062178e-02,2.435675e-01,2.080127e-01,1.249917e-02,5.817699e-02,6.270525e-03,9.052684e-04,6.880511e-03,1.566427e-01,1.070227e-01,2.052493e-02,2.687032e-03,7.462310e-03,3.493911e-02,1.237868e-01
1.888094e-02,2.037862e-01,2.766851e-01,3.319328e-02,5.996316e-02,7.654805e-03,1.116039e-03,1.727922e-02,1.698733e-01,7.721853e-02,1.479351e-02,2.107250e-03,5.424265e-03,2.451220e-02,8.751217e-02
2.109971e-02,1.555420e-01,2.202939e-01,2.590383e-02,5.622403e-02,6.160385e-03,1.128115e-03,2.362164e-01,1.279395e-01,5.442085e-02,1.046414e-02,1.536772e-03,3.947757e-03,1.729608e-02,6.182640e-02
2.094377e-02,1.113085e-01,1.853993e-01,2.024924e-02,4.364149e-02,5.734269e-03,1.595740e-03,4.130723e-01,9.260689e-02,3.818984e-02,7.359134e-03,1.096125e-03,2.967136e-03,1.215943e-02,4.367690e-02
2.085295e-02,8.104204e-02,1.566037e-01,1.560179e-02,3.329329e-02,4.945471e-03,3.769221e-03,5.426517e-01,6.622048e-02,2.711445e-02,5.318332e-03,8.368667e-04,2.253110e-03,8.570677e-03,3.092590e-02
1.837544e-02,5.827000e-02,1.358622e-01,1.132550e-02,2.482986e-02,4.510751e-03,4.624479e-03,6.419494e-01,4.680451e-02,1.908170e-02,3.772252e-03,6.456210e-04,1.786402e-03,6.081102e-03,2.208082e-02
1.957327e-02,4.346248e-02,1.169358e-01,9.015917e-03,2.008531e-02,4.125026e-03,4.112234e-03,7.084728e-01,3.325220e-02,1.362624e-02,2.973835e-03,9.076260e-04,1.622357e-03,4.359205e-03,1.747559e-02
3.675983e-02,3.228655e-02,8.432711e-02,9.497209e-03,1.651859e-02,5.990327e-03,5.145523e-03,7.252083e-01,2.581253e-02,1.069066e-02,7.387797e-03,7.362202e-03,6.360288e-03,3.333166e-03,2.331997e-02
4.378490e-02,2.420112e-02,6.149799e-02,8.026351e-03,1.417851e-02,6.690159e-03,5.830926e-03,7.668585e-01,2.013928e-02,7.627272e-03,6.286141e-03,6.731611e-03,6.474503e-03,2.468431e-03,1.920439e-02
8.631225e-02,1.941467e-02,4.414979e-02,8.570198e-03,1.270930e-02,6.380084e-03,1.372393e-02,7.427082e-01,1.956525e-02,5.927117e-03,5.568925e-03,6.973805e-03,6.349375e-03,2.051478e-03,1.959569e-02
1.099133e-01,2.239875e-02,3.670600e-02,6.892274e-02,1.225788e-02,5.846928e-03,1.076676e-02,6.422303e-01,2.348055e-02,8.326595e-03,7.197214e-03,1.032554e-02,8.569341e-03,1.854512e-03,3.120362e-02
1.303399e-01,1.670384e-02,2.722587e-02,5.293907e-02,1.044051e-02,5.303887e-03,8.386881e-03,6.697419e-01,2.108492e-02,6.931878e-03,6.517830e-03,1.014895e-02,7.274538e-03,1.846011e-03,2.511407e-02
2.866808e-01,1.297984e-02,2.160852e-02,3.996678e-02,1.128572e-02,7.025732e-03,6.914138e-03,5.320162e-01,2.064244e-02,5.847308e-03,9.180977e-03,1.472248e-02,6.701893e-03,3.190771e-03,2.123645e-02
4.282972e-01,1.015304e-02,1.725787e-02,3.052456e-02,1.201092e-02,6.867448e-03,5.576578e-03,4.086582e-01,2.015236e-02,5.316731e-03,1.149770e-02,1.445398e-02,6.830793e-03,4.089053e-03,1.831355e-02
