1.000000e+00,0.000000e+00,0.000000e+00,0.000000e+00,0.000000e+00,0.000000e+00,0.000000e+00,0.000000e+00,0.000000e+00,0.000000e+00,0.000000e+00,0.000000e+00,0.000000e+00,0.000000e+00,0.000000e+00
1.000000e+00,0.000000e+00,0.000000e+00,0.000000e+00,0.000000e+00,0.000000e+00,0.000000e+00,0.000000e+00,0.000000e+00,0.000000e+00,0.000000e+00,0.000000e+00,0.000000e+00,0.000000e+00,0.000000e+00
1.000000e+00,0.000000e+00,0.000000e+00,0.000000e+00,0.000000e+00,0.000000e+00,0.000000e+00,0.000000e+00,0.000000e+00,0.000000e+00,0.000000e+00,0.000000e+00,0.000000e+00,0.000000e+00,0.000000e+00
1.000000e+00,0.000000e+00,0.000000e+00,0.000000e+00,0.000000e+00,0.000000e+00,0.000000e+00,0.000000e+00,0.000000e+00,0.000000e+00,0.000000e+00,0.000000e+00,0.000000e+00,0.000000e+00,0.000000e+00
1.000000e+00,0.000000e+00,0.000000e+00,0.000000e+00,0.000000e+00,0.000000e+00,0.000000e+00,0.000000e+00,0.000000e+00,0.000000e+00,0.000000e+00,0.000000e+00,0.000000e+00,0.000000e+00,0.000000e+00
1.000000e+00,0.000000e+00,0.000000e+00,0.000000e+00,0.000000e+00,0.000000e+00,0.000000e+00,0.000000e+00,0.000000e+00,0.000000e+00,0.000000e+00,0.000000e+00,0.000000e+00,0.000000e+00,0.000000e+00
1.000000e+00,0.000000e+00,0.000000e+00,0.000000e+00,0.000000e+00,0.000000e+00,0.000000e+00,0.000000e+00,0.000000e+00,0.000000e+00,0.000000e+00,0.000000e+00,0.000000e+00,0.000000e+00,0.000000e+00
1.000000e+00,0.000000e+00,0.000000e+00,0.000000e+00,0.000000e+00,0.000000e+00,0.000000e+00,0.000000e+00,0.000000e+00,0.000000e+00,0.000000e+00,0.000000e+00,0.000000e+00,0.000000e+00,0.000000e+00
1.000000e+00,0.000000e+00,0.000000e+00,0.000000e+00,0.000000e+00,0.000000e+00,0.000000e+00,0.000000e+00,0.000000e+00,0.000000e+00,0.000000e+00,0.000000e+00,0.000000e+00,0.000000e+00,0.000000e+00
1.000000e+00,0.000000e+00,0.000000e+00,0.000000e+00,0.000000e+00,0.000000e+00,0.000000e+00,0.000000e+00,0.000000e+00,0.000000e+00,0.000000e+00,0.000000e+00,0.000000e+00,0.000000e+00,0.000000e+00
1.000000e+00,0.000000e+00,0.000000e+00,0.000000e+00,0.000000e+00,0.000000e+00,0.000000e+00,0.000000e+00,0.000000e+00,0.000000e+00,0.000000e+00,0.000000e+00,0.000000e+00,0.000000e+00,0.000000e+00
1.000000e+00,0.000000e+00,0.000000e+00,0.000000e+00,0.000000e+00,0.000000e+00,0.000000e+00,0.000000e+00,0.000000e+00,0.000000e+00,0.000000e+00,0.000000e+00,0.000000e+00,0.000000e+00,0.000000e+00
1.000000e+00,0.000000e+00,0.000000e+00,0.000000e+00,0.000000e+00,0.000000e+00,0.000000e+00,0.000000e+00,0.000000e+00,0.000000e+00,0.000000e+00,0.000000e+00,0.000000e+00,0.000000e+00,0.000000e+00
1.000000e+00,0.000000e+00,0.000000e+00,0.000000e+00,0.000000e+00,0.000000e+00,0.000000e+00,0.000000e+00,0.000000e+00,0.000000e+00,0.000000e+00,0.000000e+00,0.000000e+00,0.000000e+00,0.000000e+00
1.000000e+00,0.000000e+00,0.000000e+00,0.000000e+00,0.000000e+00,0.000000e+00,0.000000e+00,0.000000e+00,0.000000e+00,0.000000e+00,0.000000e+00,0.000000e+00,0.000000e+00,0.000000e+00,0.000000e+00
1.000000e+00,0.000000e+00,0.000000e+00,0.000000e+00,0.000000e+00,0.000000e+00,0.000000e+00,0.000000e+00,0.000000e+00,0.000000e+00,0.000000e+00,0.000000e+00,0.000000e+00,0.000000e+00,0.000000e+00
1.000000e+00,0.000000e+00,0.000000e+00,0.000000e+00,0.000000e+00,0.000000e+00,0.000000e+00,0.000000e+00,0.000000e+00,0.000000e+00,0.000000e+00,0.000000e+00,0.000000e+00,0.000000e+00,0.000000e+00
1.000000e+00,0.000000e+00,0.000000e+00,0.000000e+00,0.000000e+00,0.000000e+00,0.000000e+00,0.000000e+00,0.000000e+00,0.000000e+00,0.000000e+00,0.000000e+00,0.000000e+00,0.000000e+00,0.000000e+00
1.000000e+00,0.000000e+00,0.000000e+00,0.000000e+00,0.000000e+00,0.000000e+00,0.000000e+00,0.000000e+00,0.000000e+00,0.000000e+00,0.000000e+00,0.000000e+00,0.000000e+00,0.000000e+00,0.000000e+00
1.000000e+00,0.000000e+00,0.000000e+00,0.000000e+00,0.000000e+00,0.000000e+00,0.000000e+00,0.000000e+00,0.000000e+00,0.000000e+00,0.000000e+00,0.000000e+00,0.000000e+00,0.000000e+00,0.000000e+00
1.000000e+00,0.000000e+00,0.000000e+00,0.000000e+00,0.000000e+00,0.000000e+00,0.000000e+00,0.000000e+00,0.000000e+00,0.000000e+00,0.000000e+00,0.000000e+00,0.000000e+00,0.000000e+00,0.000000e+00
1.000000e+00,0.000000e+00,0.000000e+00,0.000000e+00,0.000000e+00,0.000000e+00,0.000000e+00,0.000000e+00,0.000000e+00,0.000000e+00,0.000000e+00,0.000000e+00,0.000000e+00,0.000000e+00,0.000000e+00
1.000000e+00,0.000000e+00,0.000000e+00,0.000000e+00,0.000000e+00,0.000000e+00,0.000000e+00,0.000000e+00,0.000000e+00,0.000000e+00,0.000000e+00,0.000000e+00,0.000000e+00,0.000000e+00,0.000000e+00
1.000000e+00,0.000000e+00,0.000000e+00,0.000000e+00,0.000000e+00,0.000000e+00,0.000000e+00,0.000000e+00,0.000000e+00,0.000000e+00,0.000000e+00,0.000000e+00,0.000000e+00,0.000000e+00,0.000000e+00
1.000000e+00,0.000000e+00,0.000000e+00,0.000000e+00,0.000000e+00,0.000000e+00,0.000000e+00,0.000000e+00,0.000000e+00,0.000000e+00,0.000000e+00,0.000000e+00,0.000000e+00,0.000000e+00,0.000000e+00
1.000000e+00,0.000000e+00,0.000000e+00,0.000000e+00,0.000000e+00,0.000000e+00,0.000000e+00,0.000000e+00,0.000000e+00,0.000000e+00,0.000000e+00,0.000000e+00,0.000000e+00,0.000000e+00,0.000000e+00
1.000000e+00,0.000000e+00,0.000000e+00,0.000000e+00,0.000000e+00,0.000000e+00,0.000000e+00,0.000000e+00,0.000000e+00,0.000000e+00,0.000000e+00,0.000000e+00,0.000000e+00,0.000000e+00,0.000000e+00
1.000000e+00,0.000000e+00,0.000000e+00,0.000000e+00,0.000000e+00,0.000000e+00,0.000000e+00,0.000000e+00,0.000000e+00,0.000000e+00,0.000000e+00,0.000000e+00,0.000000e+00,0.000000e+00,0.000000e+00
1.000000e+00,0.000000e+00,0.000000e+00,0.000000e+00,0.000000e+00,0.000000e+00,0.000000e+00,0.000000e+00,0.000000e+00,0.000000e+00,0.000000e+00,0.000000e+00,0.000000e+00,0.000000e+00,0.000000e+00
1.000000e+00,0.000000e+00,0.000000e+00,0.000000e+00,0.000000e+00,0.000000e+00,0.000000e+00,0.000000e+00,0.000000e+00,0.000000e+00,0.000000e+00,0.000000e+00,0.000000e+00,0.000000e+00,0.000000e+00
1.000000e+00,0.000000e+00,0.000000e+00,0.000000e+00,0.000000e+00,0.000000e+00,0.000000e+00,0.000000e+00,0.000000e+00,0.000000e+00,0.000000e+00,0.000000e+00,0.000000e+00,0.000000e+00,0.000000e+00
1.000000e+00,0.000000e+00,0.000000e+00,0.000000e+00,0.000000e+00,0.000000e+00,0.000000e+00,0.000000e+00,0.000000e+00,0.000000e+00,0.000000e+00,0.000000e+00,0.000000e+00,0.000000e+00,0.000000e+00
1.000000e+00,0.000000e+00,0.000000e+00,0.000000e+00,0.000000e+00,0.000000e+00,0.000000e+00,0.000000e+00,0.000000e+00,0.000000e+00,0.000000e+00,0.000000e+00,0.000000e+00,0.000000e+00,0.000000e+00
1.000000e+00,0.000000e+00,0.000000e+00,0.000000e+00,0.000000e+00,0.000000e+00,0.000000e+00,0.000000e+00,0.000000e+00,0.000000e+00,0.000000e+00,0.000000e+00,0.000000e+00,0.000000e+00,0.000000e+00
1.000000e+00,0.000000e+00,0.000000e+00,0.000000e+00,0.000000e+00,0.000000e+00,0.000000e+00,0.000000e+00,0.000000e+00,0.000000e+00,0.000000e+00,0.000000e+00,0.000000e+00,0.000000e+00,0.000000e+00
1.000000e+00,0.000000e+00,0.000000e+00,0.000000e+00,0.000000e+00,0.000000e+00,0.000000e+00,0.000000e+00,0.000000e+00,0.000000e+00,0.000000e+00,0.000000e+00,0.000000e+00,0.000000e+00,0.000000e+00
1.000000e+00,0.000000e+00,0.000000e+00,0.000000e+00,0.000000e+00,0.000000e+00,0.000000e+00,0.000000e+00,0.000000e+00,0.000000e+00,0.000000e+00,0.000000e+00,0.000000e+00,0.000000e+00,0.000000e+00
1.000000e+00,0.000000e+00,0.000000e+00,0.000000e+00,0.000000e+00,0.000000e+00,0.000000e+00,0.000000e+00,0.000000e+00,0.000000e+00,0.000000e+00,0.000000e+00,0.000000e+00,0.000000e+00,0.000000e+00
1.000000e+00,0.000000e+00,0.000000e+00,0.000000e+00,0.000000e+00,0.000000e+00,0.000000e+00,0.000000e+00,0.000000e+00,0.000000e+00,0.000000e+00,0.000000e+00,0.000000e+00,0.000000e+00,0.000000e+00
1.000000e+00,0.000000e+00,0.000000e+00,0.000000e+00,0.000000e+00,0.000000e+00,0.000000e+00,0.000000e+00,0.000000e+00,0.000000e+00,0.000000e+00,0.000000e+00,0.000000e+00,0.000000e+00,0.000000e+00
1.000000e+00,0.000000e+00,0.000000e+00,0.000000e+00,0.000000e+00,0.000000e+00,0.000000e+00,0.000000e+00,0.000000e+00,0.000000e+00,0.000000e+00,0.000000e+00,0.000000e+00,0.000000e+00,0.000000e+00
1.000000e+00,0.000000e+00,0.000000e+00,0.000000e+00,0.000000e+00,0.000000e+00,0.000000e+00,0.000000e+00,0.000000e+00,0.000000e+00,0.000000e+00,0.000000e+00,0.000000e+00,0.000000e+00,0.000000e+00
1.000000e+00,0.000000e+00,0.000000e+00,0.000000e+00,0.000000e+00,0.000000e+00,0.000000e+00,0.000000e+00,0.000000e+00,0.000000e+00,0.000000e+00,0.000000e+00,0.000000e+00,0.000000e+00,0.000000e+00
1.000000e+00,0.000000e+00,0.000000e+00,0.000000e+00,0.000000e+00,0.000000e+00,0.000000e+00,0.000000e+00,0.000000e+00,0.000000e+00,0.000000e+00,0.000000e+00,0.000000e+00,0.000000e+00,0.000000e+00
1.000000e+00,0.000000e+00,0.000000e+00,0.000000e+00,0.000000e+00,0.000000e+00,0.000000e+00,0.000000e+00,0.000000e+00,0.000000e+00,0.000000e+00,0.000000e+00,0.000000e+00,0.000000e+00,0.000000e+00
1.000000e+00,0.000000e+00,0.000000e+00,0.000000e+00,0.000000e+00,0.000000e+00,0.000000e+00,0.000000e+00,0.000000e+00,0.000000e+00,0.000000e+00,0.000000e+00,0.000000e+00,0.000000e+00,0.000000e+00
1.000000e+00,0.000000e+00,0.000000e+00,0.000000e+00,0.000000e+00,0.000000e+00,0.000000e+00,0.000000e+00,0.000000e+00,0.000000e+00,0.000000e+00,0.000000e+00,0.000000e+00,0.000000e+00,0.000000e+00
1.000000e+00,0.000000e+00,0.000000e+00,0.000000e+00,0.000000e+00,0.000000e+00,0.000000e+00,0.000000e+00,0.000000e+00,0.000000e+00,0.000000e+00,0.000000e+00,0.000000e+00,0.000000e+00,0.000000e+00
1.000000e+00,0.000000e+00,0.000000e+00,0.000000e+00,0.000000e+00,0.000000e+00,0.000000e+00,0.000000e+00,0.000000e+00,0.000000e+00,0.000000e+00,0.000000e+00,0.000000e+00,0.000000e+00,0.000000e+00
1.000000e+00,0.000000e+00,0.000000e+00,0.000000e+00,0.000000e+00,0.000000e+00,0.000000e+00,0.000000e+00,0.000000e+00,0.000000e+00,0.000000e+00,0.000000e+00,0.000000e+00,0.000000e+00,0.000000e+00
1.000000e+00,0.000000e+00,0.000000e+00,0.000000e+00,0.000000e+00,0.000000e+00,0.000000e+00,0.000000e+00,0.000000e+00,0.000000e+00,0.000000e+00,0.000000e+00,0.000000e+00,0.000000e+00,0.000000e+00
1.000000e+00,0.000000e+00,0.000000e+00,0.000000e+00,0.000000e+00,0.000000e+00,0.000000e+00,0.000000e+00,0.000000e+00,0.000000e+00,0.000000e+00,0.000000e+00,0.000000e+00,0.000000e+00,0.000000e+00
1.000000e+00,0.000000e+00,0.000000e+00,0.000000e+00,0.000000e+00,0.000000e+00,0.000000e+00,0.000000e+00,0.000000e+00,0.000000e+00,0.000000e+00,0.000000e+00,0.000000e+00,0.000000e+00,0.000000e+00
1.000000e+00,0.000000e+00,0.000000e+00,0.000000e+00,0.000000e+00,0.000000e+00,0.000000e+00,0.000000e+00,0.000000e+00,0.000000e+00,0.000000e+00,0.000000e+00,0.000000e+00,0.000000e+00,0.000000e+00
1.000000e+00,0.000000e+00,0.000000e+00,0.000000e+00,0.000000e+00,0.000000e+00,0.000000e+00,0.000000e+00,0.000000e+00,0.000000e+00,0.000000e+00,0.000000e+00,0.000000e+00,0.000000e+00,0.000000e+00
1.000000e+00,0.000000e+00,0.000000e+00,0.000000e+00,0.000000e+00,0.000000e+00,0.000000e+00,0.000000e+00,0.000000e+00,0.000000e+00,0.000000e+00,0.000000e+00,0.000000e+00,0.000000e+00,0.000000e+00
1.000000e+00,0.000000e+00,0.000000e+00,0.000000e+00,0.000000e+00,0.000000e+00,0.000000e+00,0.000000e+00,0.000000e+00,0.000000e+00,0.000000e+00,0.000000e+00,0.000000e+00,0.000000e+00,0.000000e+00
1.000000e+00,0.000000e+00,0.000000e+00,0.000000e+00,0.000000e+00,0.000000e+00,0.000000e+00,0.000000e+00,0.000000e+00,0.000000e+00,0.000000e+00,0.000000e+00,0.000000e+00,0.000000e+00,0.000000e+00
1.000000e+00,0.000000e+00,0.000000e+00,0.000000e+00,0.000000e+00,0.000000e+00,0.000000e+00,0.000000e+00,0.000000e+00,0.000000e+00,0.000000e+00,0.000000e+00,0.000000e+00,0.000000e+00,0.000000e+00
4.821778e-01,1.060513e-02,1.099731e-01,3.943845e-02,5.775884e-03,7.939608e-02,4.072940e-02,9.419711e-02,5.629338e-03,9.956833e-04,1.827267e-02,6.301057e-02,3.284702e-02,3.483414e-03,1.346833e-02
3.837154e-01,7.702690e-03,9.649727e-02,2.931339e-02,4.719532e-03,1.295027e-01,1.446273e-01,8.388547e-02,4.176090e-03,7.786335e-04,1.332025e-02,4.598837e-02,4.255123e-02,2.766766e-03,1.045492e-02
2.969683e-01,5.619568e-03,1.061962e-01,2.309546e-02,3.920816e-03,1.404417e-01,2.275593e-01,1.023720e-01,3.069317e-03,6.040021e-04,9.524792e-03,3.303933e-02,3.758937e-02,2.087446e-03,7.912394e-03
2.461406e-01,4.111874e-03,8.948109e-02,1.829286e-02,3.131577e-03,1.713204e-01,2.500390e-01,1.463680e-01,2.266024e-03,4.652337e-04,6.808982e-03,2.376406e-02,3.017477e-02,1.582213e-03,6.053277e-03
2.070747e-01,3.060865e-03,6.830667e-02,1.356509e-02,2.455301e-03,1.942987e-01,2.872410e-01,1.690491e-01,1.677695e-03,3.558505e-04,4.870968e-03,1.716335e-02,2.487000e-02,1.191796e-03,4.818809e-03
1.798465e-01,2.307374e-03,5.014073e-02,9.924623e-03,1.977197e-03,2.805447e-01,2.734043e-01,1.570709e-01,1.280928e-03,3.127623e-04,3.554419e-03,1.267361e-02,2.204607e-02,9.622120e-04,3.953605e-03
1.387923e-01,1.857216e-03,4.062245e-02,8.754309e-03,2.176352e-03,2.487159e-01,3.551950e-01,1.668999e-01,9.738263e-04,4.182507e-04,2.672679e-03,9.769077e-03,1.915161e-02,7.818529e-04,3.219252e-03
1.139839e-01,1.561999e-03,3.298726e-02,7.644818e-03,2.730279e-03,2.197082e-01,4.082544e-01,1.828765e-01,7.685392e-04,4.810684e-04,2.049754e-03,7.447862e-03,1.625171e-02,6.471668e-04,2.606561e-03
9.627960e-02,1.229374e-03,2.418888e-02,5.699303e-03,3.018649e-03,1.788772e-01,5.067857e-01,1.587361e-01,6.185762e-04,4.714943e-04,1.575767e-03,5.967053e-03,1.381969e-02,5.109012e-04,2.221682e-03
1.134252e-01,1.075891e-03,1.832176e-02,4.277534e-03,3.339403e-03,1.553883e-01,5.301447e-01,1.492180e-01,6.193172e-04,5.501858e-04,1.372618e-03,6.260561e-03,1.324110e-02,4.391040e-04,2.326362e-03
1.348182e-01,9.294536e-04,1.411590e-02,3.247906e-03,3.003786e-03,1.171713e-01,5.576431e-01,1.463143e-01,6.272459e-04,4.839096e-04,1.141186e-03,6.466939e-03,1.121910e-02,3.825705e-04,2.435018e-03
1.291199e-01,7.679674e-04,1.038436e-02,2.441874e-03,2.618946e-03,8.488769e-02,6.183632e-01,1.315349e-01,5.593490e-04,3.992490e-04,9.209567e-04,6.211877e-03,9.045653e-03,3.411151e-04,2.402913e-03
1.236934e-01,8.327523e-04,8.109748e-03,2.045306e-03,2.456046e-03,6.399500e-02,6.626617e-01,1.172275e-01,5.233022e-04,3.889309e-04,8.312000e-04,6.398005e-03,7.553715e-03,3.412992e-04,2.941955e-03
1.496383e-01,9.825042e-04,6.411280e-03,2.045947e-03,2.476295e-03,5.153758e-02,6.650283e-01,1.013244e-01,5.849003e-04,4.569115e-04,9.612571e-04,6.681341e-03,7.588382e-03,4.001253e-04,3.882512e-03
2.474489e-01,1.713442e-03,5.240847e-03,2.965231e-03,2.648088e-03,4.802217e-02,5.739662e-01,9.031979e-02,9.162689e-04,6.590656e-04,1.389383e-03,9.045623e-03,8.917425e-03,6.104825e-04,6.137081e-03
3.228167e-01,2.448626e-03,6.214889e-03,5.673782e-03,3.361955e-03,4.775448e-02,4.844876e-01,8.536742e-02,1.262118e-03,1.947043e-03,2.376846e-03,1.105905e-02,1.242592e-02,1.066714e-03,1.173686e-02
2.839311e-01,7.423561e-03,5.121158e-03,1.143147e-02,4.705828e-03,6.345798e-02,3.913459e-01,6.749514e-02,6.514908e-03,6.032650e-03,6.120151e-03,1.110022e-02,1.118508e-01,1.166297e-03,2.230293e-02
2.565121e-01,1.155129e-02,4.003816e-03,2.310201e-02,6.799546e-03,6.789467e-02,2.941650e-01,5.200089e-02,1.334919e-02,1.217742e-02,8.814993e-03,1.201149e-02,1.909886e-01,1.118466e-03,4.551047e-02
1.910744e-01,2.996639e-02,4.069371e-03,4.192844e-02,1.284971e-02,5.016514e-02,2.154825e-01,3.744133e-02,1.713572e-01,1.036595e-02,6.935669e-03,1.221603e-02,1.615028e-01,1.012359e-03,5.363264e-02
1.741169e-01,2.944938e-02,4.501947e-03,4.465875e-02,1.231808e-02,4.430793e-02,1.586980e-01,2.940629e-02,1.662789e-01,9.885229e-03,1.012745e-02,1.378057e-02,2.068231e-01,1.895981e-03,9.375144e-02
1.337378e-01,2.170683e-02,3.529124e-03,3.417988e-02,1.191525e-02,3.716935e-02,1.166346e-01,2.241562e-02,1.286095e-01,7.723832e-03,9.340885e-03,1.128409e-02,3.419437e-01,1.566418e-03,1.182431e-01
1.236930e-01,1.614083e-02,3.191804e-03,2.613158e-02,1.256354e-02,3.264687e-02,8.324871e-02,1.665444e-02,9.389654e-02,5.834280e-03,7.372441e-03,1.239411e-02,4.724559e-01,1.419140e-03,9.235682e-02
1.086677e-01,1.190214e-02,2.471475e-03,1.902274e-02,1.426280e-02,2.672061e-02,5.905950e-02,1.229431e-02,6.841464e-02,4.179404e-03,6.834128e-03,1.668495e-02,5.758671e-01,1.163562e-03,7.245485e-02
8.730052e-02,8.903367e-03,2.572120e-03,1.370657e-02,1.634509e-02,2.764352e-02,4.302896e-02,1.068457e-02,4.959952e-02,2.984595e-03,5.394365e-03,2.007461e-02,6.584693e-01,1.152252e-03,5.214066e-02
8.727932e-02,6.666246e-03,3.239692e-03,9.812752e-03,3.042963e-02,3.564991e-02,3.708226e-02,1.800354e-02,3.609430e-02,2.151742e-03,4.732257e-03,2.592648e-02,6.647558e-01,1.108249e-03,3.706787e-02
9.512451e-02,4.912612e-03,1.057971e-02,8.037262e-03,3.792527e-02,6.769356e-02,5.773605e-02,1.029860e-01,2.641724e-02,1.580438e-03,4.001822e-03,2.584899e-02,5.301824e-01,8.405533e-04,2.613357e-02
9.027937e-02,3.620989e-03,9.185717e-03,6.314619e-03,3.832627e-02,8.974791e-02,4.396192e-02,1.623983e-01,1.973670e-02,1.138006e-03,3.221593e-03,2.157626e-02,4.913809e-01,6.372028e-04,1.847431e-02
7.693331e-02,2.844668e-03,1.624642e-02,6.987687e-03,3.630058e-02,1.010264e-01,4.191705e-02,2.654772e-01,1.441570e-02,8.416440e-04,2.922228e-03,2.031152e-02,4.001558e-01,5.297986e-04,1.309013e-02
5.744606e-02,2.139361e-03,3.415355e-02,2.096803e-02,3.052636e-02,1.112253e-01,3.254585e-02,3.814781e-01,1.019669e-02,6.291787e-04,2.230526e-03,1.488715e-02,2.919069e-01,4.108543e-04,9.256159e-03
4.706596e-02,1.620382e-03,2.883472e-02,1.833834e-02,2.816662e-02,2.010604e-01,2.677162e-02,3.927929e-01,7.329946e-03,4.571714e-04,1.723774e-03,1.116532e-02,2.278119e-01,3.066043e-04,6.554297e-03
3.932118e-02,1.284162e-03,2.213418e-02,1.372564e-02,2.516270e-02,2.624015e-01,3.222839e-02,3.969047e-01,5.262306e-03,3.484472e-04,1.444190e-03,8.194210e-03,1.866264e-01,2.262295e-04,4.735801e-03
3.301784e-02,9.994996e-04,1.684733e-02,1.024250e-02,2.057783e-02,2.044949e-01,3.044226e-02,5.198333e-01,3.871708e-03,2.574956e-04,1.160203e-03,5.939285e-03,1.487666e-01,1.653044e-04,3.383902e-03
3.079825e-02,8.022139e-04,1.381672e-02,7.795869e-03,1.832925e-02,1.483003e-01,2.733161e-02,6.245577e-01,3.056732e-03,1.892089e-04,8.961458e-04,4.361092e-03,1.172251e-01,1.218379e-04,2.417946e-03
3.565081e-02,6.510972e-04,1.054989e-02,5.947937e-03,1.486216e-02,1.066863e-01,2.211157e-02,7.091748e-01,2.251922e-03,1.410682e-04,7.791772e-04,3.560131e-03,8.574794e-02,9.884186e-05,1.786420e-03
4.430266e-02,6.885066e-04,7.940097e-03,4.695399e-03,1.215893e-02,7.601881e-02,1.717762e-02,7.678818e-01,1.706597e-03,1.217802e-04,9.209695e-04,3.022222e-03,6.158740e-02,1.145709e-04,1.662681e-03
3.401511e-02,7.397493e-04,5.870719e-03,3.435395e-03,1.084026e-02,5.418501e-02,1.307679e-02,6.702207e-01,1.476083e-03,4.539966e-03,9.347352e-03,6.594857e-02,1.205296e-01,2.899182e-03,2.875541e-03
2.522461e-02,7.702189e-04,4.223899e-03,2.521276e-03,1.017446e-02,4.060962e-02,1.286419e-02,4.833444e-01,1.696732e-03,4.843487e-02,1.378231e-02,2.284256e-01,9.536704e-02,2.963520e-02,2.925639e-03
1.847961e-02,5.782964e-04,3.004832e-03,1.944266e-03,7.884244e-03,2.947735e-02,1.007298e-02,3.418575e-01,1.693313e-03,3.721005e-02,1.685389e-02,4.094675e-01,7.495179e-02,4.400630e-02,2.518098e-03
1.335232e-02,6.303223e-04,2.533634e-03,1.508754e-03,8.626536e-03,2.159508e-02,8.113069e-03,2.413982e-01,2.726594e-03,2.933258e-02,5.941207e-02,4.585128e-01,5.406501e-02,9.609489e-02,2.098139e-03
1.001908e-02,6.770460e-04,2.050851e-03,1.202546e-03,9.761016e-03,1.760816e-02,6.778447e-03,1.708497e-01,4.398710e-03,2.140338e-02,1.099293e-01,4.446451e-01,3.911228e-02,1.599279e-01,1.636359e-03
7.211731e-03,6.089169e-04,1.614575e-03,1.299202e-03,9.619095e-03,1.285031e-02,4.861620e-03,1.198250e-01,5.450672e-03,1.817526e-02,2.046279e-01,4.330024e-01,2.830570e-02,1.511216e-01,1.425972e-03
6.239039e-03,5.601669e-04,1.417747e-03,1.999601e-03,9.551439e-03,9.951632e-03,3.746132e-03,8.468658e-02,6.282658e-03,1.842436e-02,2.385970e-01,4.501669e-01,2.129665e-02,1.457590e-01,1.321120e-03
4.689352e-03,7.356594e-04,1.851981e-03,2.348663e-03,1.695900e-02,7.488405e-03,3.331636e-03,5.970039e-02,9.679135e-03,3.505318e-02,3.437350e-01,3.689265e-01,1.722094e-02,1.265168e-01,1.763355e-03
3.571219e-03,1.260643e-03,3.676356e-03,4.034520e-03,4.026090e-02,6.359751e-03,2.861128e-03,4.262359e-02,1.458408e-02,3.012838e-02,3.842486e-01,3.490790e-01,1.350250e-02,1.021900e-01,1.619331e-03
2.870519e-03,1.904004e-03,3.941126e-03,4.317245e-03,3.457385e-02,5.031710e-03,2.099375e-03,3.044908e-02,2.525797e-02,2.776260e-02,3.215366e-01,4.263089e-01,1.034496e-02,1.022041e-01,1.398009e-03
2.585993e-03,2.227677e-03,4.539254e-03,3.957631e-03,2.881156e-02,4.205089e-03,1.510465e-03,2.160604e-02,7.310045e-02,2.443404e-02,3.086833e-01,4.136654e-01,7.941788e-03,1.012784e-01,1.452951e-03
2.711645e-03,2.709988e-03,8.443545e-03,9.192842e-03,3.066264e-02,6.054969e-03,1.473131e-03,1.641076e-02,6.530238e-02,2.616956e-02,3.577294e-01,3.331536e-01,7.906860e-03,1.295975e-01,2.481104e-03
4.400626e-03,3.135189e-03,7.901540e-03,8.791005e-03,3.216035e-02,4.738346e-03,1.499169e-03,1.210472e-02,5.441358e-02,3.339187e-02,3.639812e-01,2.743472e-01,8.377681e-03,1.886285e-01,2.129038e-03
8.162530e-03,3.789412e-03,6.366693e-03,7.079352e-03,3.606323e-02,3.655502e-03,1.214907e-03,9.023843e-03,5.157252e-02,3.427859e-02,3.491072e-01,2.632403e-01,1.084951e-02,2.139831e-01,1.613376e-03
8.898042e-03,4.012198e-03,5.732706e-03,5.541869e-03,4.584167e-02,3.101845e-03,1.242520e-03,6.617461e-03,4.166729e-02,3.225136e-02,3.176650e-01,1.990635e-01,1.073182e-02,3.162704e-01,1.362341e-03
1.013483e-02,7.804472e-03,4.914688e-03,4.838323e-03,4.790630e-02,5.046365e-03,1.580849e-03,4.977159e-03,3.145539e-02,2.646890e-02,3.326057e-01,1.659155e-01,8.676815e-03,3.457169e-01,1.957910e-03
1.260135e-02,7.948657e-03,4.486016e-03,4.052653e-03,4.149894e-02,6.527517e-03,1.520588e-03,4.258660e-03,2.404058e-02,2.562735e-02,3.467771e-01,1.546388e-01,7.444970e-03,3.566740e-01,1.902805e-03
2.819657e-02,1.880610e-02,6.524574e-03,8.632883e-03,4.472058e-02,1.860492e-02,2.536789e-03,5.186325e-03,2.943054e-02,3.324755e-02,3.345951e-01,1.317669e-01,7.449548e-03,3.232197e-01,7.082000e-03
4.320934e-02,1.535529e-02,6.937386e-03,8.266166e-03,4.473743e-02,1.504946e-02,2.108187e-03,1.592218e-02,2.555590e-02,2.846910e-02,3.949282e-01,1.133540e-01,7.381228e-03,2.727911e-01,5.934987e-03
3.395252e-02,1.348762e-02,9.885937e-03,6.339766e-03,5.216473e-02,1.197827e-02,1.829461e-03,1.310567e-02,2.115113e-02,2.596628e-02,4.520969e-01,1.041691e-01,7.292084e-03,2.414573e-01,5.123215e-03
2.828545e-02,1.312160e-02,1.453874e-02,5.494638e-03,2.157165e-01,1.299429e-02,5.650535e-03,1.640965e-02,2.433144e-02,1.939065e-02,3.640017e-01,8.178644e-02,7.395387e-03,1.868156e-01,4.067473e-03
3.709584e-02,1.840058e-02,2.504550e-02,6.167735e-03,2.144445e-01,1.661254e-02,6.699404e-03,2.367650e-02,1.305131e-01,1.641151e-02,2.804807e-01,6.238418e-02,6.474366e-03,1.507980e-01,4.795511e-03
3.835841e-02,1.527279e-02,5.174910e-02,7.248515e-03,1.733169e-01,1.388807e-02,6.776341e-03,1.742235e-01,1.041199e-01,1.358198e-02,2.274474e-01,4.950887e-02,1.143383e-02,1.092442e-01,3.830175e-03
3.871143e-02,1.161854e-02,7.142395e-02,7.629476e-03,1.413856e-01,1.333796e-02,4.968123e-03,3.355446e-01,7.631886e-02,1.023335e-02,1.638479e-01,3.553766e-02,9.018212e-03,7.747054e-02,2.953812e-03
3.267960e-02,8.711788e-03,7.332830e-02,5.966019e-03,1.109394e-01,1.175100e-02,3.611116e-03,4.859639e-01,5.458473e-02,7.390430e-03,1.162620e-01,2.521028e-02,6.692782e-03,5.472994e-02,2.178797e-03
2.572946e-02,6.648479e-03,5.694801e-02,4.473895e-03,8.731758e-02,1.001395e-02,2.674202e-03,6.181206e-01,3.858748e-02,5.201675e-03,8.153159e-02,1.789078e-02,4.862475e-03,3.839185e-02,1.608029e-03
1.969105e-02,4.869374e-03,4.090172e-02,3.302920e-03,6.632417e-02,7.760181e-03,1.934790e-03,7.226041e-01,2.746547e-02,3.680711e-03,5.719697e-02,1.267531e-02,3.494432e-03,2.693904e-02,1.159766e-03
1.576293e-02,3.642755e-03,2.938320e-02,2.528690e-03,5.232166e-02,6.308618e-03,1.476073e-03,7.948489e-01,1.940065e-02,2.605616e-03,4.016815e-02,9.034930e-03,2.723438e-03,1.894180e-02,8.526025e-04
1.315799e-02,2.700352e-03,2.151415e-02,1.862103e-03,4.003724e-02,4.902159e-03,1.411661e-03,8.477641e-01,1.374810e-02,1.871486e-03,2.818725e-02,6.451434e-03,2.339068e-03,1.336351e-02,6.894497e-04
1.241748e-02,1.995256e-03,1.577831e-02,1.399714e-03,3.287988e-02,4.109663e-03,1.471645e-03,8.826755e-01,9.717798e-03,1.333213e-03,1.978524e-02,4.606016e-03,1.865930e-03,9.447553e-03,5.168000e-04
1.300641e-02,1.583148e-03,1.197358e-02,1.155789e-03,2.923826e-02,4.789903e-03,3.048208e-03,9.014486e-01,6.907095e-03,9.603252e-04,1.389657e-02,3.279384e-03,1.495256e-03,6.822896e-03,3.946280e-04
1.637810e-02,1.202056e-03,9.081302e-03,1.104181e-03,2.328231e-02,4.847655e-03,5.280715e-03,9.145941e-01,4.949544e-03,6.895084e-04,9.800402e-03,2.349157e-03,1.196457e-03,4.923205e-03,3.212813e-04
1.943124e-02,9.164471e-04,6.800028e-03,1.159088e-03,2.203631e-02,6.169155e-03,7.069102e-03,9.186890e-01,3.592569e-03,4.974423e-04,6.961346e-03,1.717083e-03,1.173456e-03,3.521226e-03,2.664357e-04
2.293433e-02,7.861461e-04,5.316315e-03,1.526955e-03,2.275643e-02,6.706256e-03,8.201987e-03,9.179046e-01,2.700486e-03,3.966496e-04,5.152094e-03,1.345588e-03,1.404627e-03,2.586556e-03,2.810684e-04
2.843048e-02,8.669441e-04,4.305450e-03,1.442929e-03,2.495777e-02,8.610570e-03,9.721014e-03,9.088261e-01,2.460079e-03,3.298784e-04,4.073800e-03,1.266685e-03,2.476464e-03,1.883879e-03,3.480517e-04
2.762398e-02,1.150284e-03,3.301316e-03,1.233773e-03,2.177014e-02,1.953721e-02,9.272674e-03,7.499536e-01,3.143928e-03,4.647785e-04,5.095014e-03,1.503505e-03,1.514451e-01,1.532921e-03,2.971838e-03
2.868080e-02,9.232125e-04,2.500979e-03,1.385008e-03,2.695833e-02,2.735682e-02,9.991412e-03,5.814059e-01,3.977997e-03,1.148828e-03,1.574113e-02,1.632024e-02,2.576172e-01,2.062958e-03,2.392918e-02
2.522339e-02,7.256666e-04,1.831972e-03,1.421232e-03,2.631512e-02,2.871561e-02,9.039052e-03,4.192657e-01,7.598742e-03,1.246678e-03,2.394341e-02,3.830501e-02,3.663912e-01,2.834223e-03,4.714307e-02
2.043197e-02,8.159537e-04,1.510384e-03,1.851020e-03,2.240327e-02,2.393183e-02,1.002317e-02,2.988189e-01,3.523504e-02,1.284521e-03,3.315223e-02,5.685890e-02,4.457058e-01,3.555951e-03,4.442110e-02
1.829475e-02,2.083463e-03,1.811660e-03,4.584898e-03,3.114071e-02,1.800653e-02,1.335729e-02,2.173882e-01,1.476266e-01,2.945864e-03,3.277436e-02,6.397565e-02,4.037854e-01,4.899059e-03,3.732554e-02
1.351951e-02,3.602849e-03,1.774478e-03,6.574458e-03,2.887812e-02,1.313501e-02,1.035443e-02,1.547585e-01,1.285223e-01,7.998213e-03,4.627160e-02,8.750833e-02,4.487439e-01,1.544898e-02,3.290938e-02
1.022980e-02,3.961962e-03,1.868060e-03,5.195425e-03,2.924499e-02,1.015897e-02,8.780778e-03,1.120202e-01,1.000821e-01,2.404302e-02,5.476054e-02,1.220495e-01,3.534704e-01,1.375503e-01,2.658392e-02
7.402545e-03,3.547983e-03,1.660978e-03,3.791650e-03,2.434167e-02,7.383422e-03,6.686367e-03,7.956997e-02,8.069015e-02,2.110498e-02,4.931937e-02,1.679720e-01,2.657649e-01,2.593618e-01,2.140220e-02
7.483920e-03,3.419429e-03,1.716455e-03,3.191009e-03,1.962867e-02,6.178130e-03,5.185529e-03,5.753506e-02,8.319695e-02,2.098542e-02,1.008971e-01,2.313931e-01,1.953180e-01,2.479441e-01,1.592719e-02
6.662437e-03,3.248274e-03,1.808908e-03,3.072451e-03,1.476126e-02,7.194861e-03,3.831081e-03,4.137158e-02,8.549349e-02,2.018249e-02,1.255499e-01,2.766319e-01,1.418206e-01,2.562405e-01,1.213024e-02
7.279526e-03,5.169686e-03,2.551881e-03,4.458213e-03,1.248658e-02,7.335451e-03,2.868071e-03,3.043769e-02,8.435396e-02,1.986085e-02,1.919237e-01,2.507752e-01,1.011984e-01,2.688184e-01,1.048243e-02
8.485883e-03,6.341483e-03,2.690619e-03,4.223118e-03,9.526772e-03,7.990906e-03,2.043616e-03,2.164584e-02,7.910840e-02,1.673193e-02,1.955231e-01,2.078665e-01,7.391565e-02,3.547692e-01,9.136911e-03
1.005826e-02,7.025925e-03,3.479985e-03,5.497019e-03,8.597272e-03,7.337964e-03,1.567708e-03,1.541102e-02,6.647002e-02,1.768319e-02,2.479422e-01,1.664628e-01,5.441482e-02,3.805081e-01,7.543686e-03
1.777951e-02,8.795879e-03,6.139070e-03,5.381428e-03,7.616794e-03,7.544380e-03,1.304863e-03,1.139175e-02,5.491578e-02,3.042772e-02,2.347451e-01,1.255704e-01,4.089821e-02,4.400385e-01,7.450562e-03
1.860855e-02,9.002605e-03,3.536742e-02,1.146655e-02,1.047564e-02,1.004548e-02,1.416237e-03,9.899419e-03,5.455711e-02,4.483562e-02,2.102895e-01,9.044719e-02,3.105685e-02,4.550356e-01,7.496161e-03
1.975559e-02,8.727334e-03,4.135610e-02,1.306055e-02,1.053461e-02,2.126351e-02,2.334999e-03,9.733593e-03,6.249395e-02,4.794469e-02,1.992476e-01,6.561624e-02,2.409980e-02,4.674827e-01,6.348677e-03
2.791381e-02,1.053594e-02,5.034419e-02,1.737127e-02,2.853767e-02,3.522971e-02,7.852360e-03,1.728774e-02,1.030940e-01,5.099469e-02,1.953568e-01,4.787191e-02,2.051808e-02,3.808933e-01,6.198510e-03
3.005806e-02,1.782689e-02,6.189452e-02,1.852968e-02,3.059856e-02,5.245347e-02,6.962915e-03,3.353982e-02,1.378591e-01,5.791827e-02,1.725229e-01,3.739486e-02,1.587292e-02,3.212354e-01,5.332626e-03
2.753682e-02,2.286300e-02,6.878571e-02,1.678887e-02,5.238262e-02,4.558668e-02,6.664963e-03,3.006089e-02,1.326204e-01,4.290931e-02,2.740607e-01,2.770871e-02,1.483171e-02,2.296959e-01,7.503681e-03
2.440625e-02,5.827831e-02,6.953567e-02,1.407366e-02,4.873807e-02,8.501315e-02,5.467280e-03,2.818561e-02,2.012900e-01,3.273186e-02,2.228984e-01,2.001379e-02,1.167047e-02,1.710934e-01,6.603978e-03
2.883665e-02,6.622940e-02,1.389964e-01,3.377692e-02,5.236322e-02,8.213193e-02,4.760172e-03,3.681976e-02,2.025008e-01,2.531990e-02,1.693746e-01,1.604558e-02,9.812999e-03,1.227043e-01,1.032735e-02
3.841388e-02,1.095720e-01,1.500720e-01,2.653195e-02,4.272175e-02,1.020146e-01,3.954662e-03,3.681591e-02,2.011202e-01,1.937456e-02,1.367218e-01,1.297261e-02,8.144588e-03,1.000296e-01,1.153971e-02
6.282689e-02,1.133083e-01,1.603477e-01,3.455019e-02,3.800747e-02,1.110473e-01,3.409807e-03,5.060313e-02,1.809484e-01,1.533592e-02,1.090062e-01,1.151007e-02,8.321542e-03,8.345701e-02,1.732003e-02
7.097400e-02,1.171537e-01,1.511401e-01,3.542782e-02,3.262378e-02,1.173492e-01,3.142025e-03,8.451694e-02,1.588952e-01,1.126923e-02,1.221717e-01,9.597461e-03,7.491875e-03,6.178705e-02,1.645985e-02
7.793553e-02,1.159350e-01,1.353299e-01,3.050094e-02,3.171669e-02,1.460734e-01,2.479412e-03,7.004754e-02,1.574939e-01,8.141677e-03,1.420097e-01,8.722305e-03,7.289466e-03,5.157241e-02,1.475211e-02
9.816648e-02,1.144688e-01,1.090990e-01,3.209691e-02,3.948797e-02,1.247164e-01,2.326925e-03,7.136460e-02,1.610935e-01,5.845616e-03,1.518078e-01,1.343327e-02,1.286522e-02,4.507260e-02,1.815488e-02
8.388942e-02,1.058474e-01,8.548512e-02,2.771813e-02,3.466294e-02,1.180539e-01,3.074233e-03,7.010434e-02,1.638533e-01,4.401881e-03,2.066420e-01,1.280648e-02,3.016085e-02,3.574944e-02,1.755054e-02
9.633057e-02,9.681056e-02,6.670883e-02,2.588888e-02,3.035731e-02,1.061800e-01,3.357899e-03,5.879018e-02,1.637893e-01,3.485616e-03,2.249860e-01,2.263229e-02,5.549975e-02,2.695533e-02,1.822752e-02
8.993777e-02,9.063493e-02,4.943952e-02,2.042580e-02,2.435601e-02,9.375852e-02,3.125093e-03,5.084017e-02,1.671232e-01,2.889351e-03,2.050076e-01,3.258212e-02,1.205993e-01,1.999168e-02,2.928890e-02
9.969351e-02,8.673380e-02,4.030205e-02,1.665989e-02,2.793759e-02,1.119878e-01,3.430587e-03,6.819515e-02,1.863070e-01,2.228624e-03,1.798946e-01,2.963420e-02,1.075640e-01,1.495412e-02,2.447706e-02
1.093038e-01,6.838299e-02,3.204527e-02,1.882892e-02,2.722824e-02,9.037258e-02,4.658462e-03,8.625314e-02,1.518817e-01,2.049799e-03,1.538638e-01,7.701784e-02,1.424659e-01,1.471078e-02,2.093683e-02
1.031777e-01,5.199758e-02,2.361162e-02,1.435148e-02,2.184000e-02,7.206441e-02,5.278479e-03,7.550787e-02,1.210102e-01,1.629031e-03,1.099099e-01,1.520679e-01,2.156796e-01,1.113058e-02,2.074358e-02
8.683433e-02,3.753665e-02,2.038882e-02,1.076123e-02,1.827072e-02,5.588766e-02,4.634639e-02,1.192577e-01,9.570647e-02,1.534954e-03,7.793908e-02,1.666640e-01,2.339542e-01,7.944233e-03,2.097353e-02
9.785162e-02,2.942920e-02,1.824882e-02,8.709500e-03,2.045601e-02,4.892929e-02,3.704171e-02,9.118824e-02,7.632135e-02,1.346501e-03,5.869301e-02,1.943209e-01,2.927152e-01,6.947952e-03,1.780070e-02
1.102642e-01,2.220410e-02,1.413877e-02,6.737975e-03,2.374380e-02,7.902523e-02,3.009720e-02,6.715547e-02,5.908399e-02,1.138915e-03,4.370197e-02,2.350561e-01,2.882809e-01,5.297418e-03,1.407383e-02
1.102500e-01,1.762935e-02,1.136498e-02,5.842839e-03,2.271299e-02,1.456456e-01,2.160517e-02,4.824401e-02,4.304976e-02,9.078529e-04,3.557923e-02,2.225739e-01,2.989739e-01,4.105738e-03,1.151459e-02
1.004014e-01,1.336647e-02,8.651454e-03,4.593044e-03,2.370286e-02,1.341915e-01,1.623698e-02,3.630764e-02,3.201187e-02,6.987403e-04,2.864306e-02,1.961548e-01,3.922372e-01,3.288809e-03,9.514160e-03
8.473533e-02,9.804310e-03,6.791455e-03,3.810499e-03,3.082493e-02,1.228456e-01,1.345172e-02,2.811064e-02,2.607477e-02,5.774203e-04,2.322856e-02,1.686478e-01,4.710701e-01,2.688213e-03,7.338585e-03
6.512389e-02,1.082087e-02,5.304598e-03,2.954559e-03,2.607902e-02,1.601351e-01,1.360578e-02,1.987226e-02,1.481257e-01,4.909999e-04,1.813098e-02,1.213447e-01,3.999450e-01,2.056266e-03,6.010322e-03
5.886541e-02,9.094487e-03,4.121513e-03,2.299583e-03,4.287772e-02,1.457261e-01,3.157993e-02,1.460182e-02,1.458294e-01,4.161371e-04,1.355097e-02,9.021374e-02,4.343918e-01,1.716558e-03,4.714810e-03
5.517774e-02,7.203041e-03,4.802729e-03,2.112574e-03,6.846592e-02,1.193586e-01,5.971047e-02,1.155221e-02,1.150868e-01,4.462285e-04,9.746314e-03,6.563909e-02,4.755125e-01,1.332133e-03,3.853587e-03
6.464903e-02,6.000355e-03,4.143854e-03,2.102552e-03,6.390668e-02,1.017574e-01,4.961221e-02,8.878821e-03,8.849662e-02,3.995524e-04,7.007578e-03,4.742369e-02,5.511795e-01,1.162110e-03,3.280094e-03
7.132306e-02,6.070628e-03,3.536781e-03,2.188840e-03,5.352417e-02,8.801398e-02,3.710709e-02,7.101740e-03,7.069306e-02,3.927202e-04,5.153475e-03,3.672887e-02,6.141088e-01,1.028228e-03,3.028546e-03
1.102853e-01,9.283090e-03,8.853266e-03,1.373419e-02,5.814706e-02,8.239669e-02,3.424739e-02,1.048878e-02,6.197851e-02,8.855592e-04,4.185392e-03,3.337018e-02,5.671408e-01,1.161271e-03,3.842515e-03
1.479015e-01,8.697719e-03,7.581401e-03,1.315907e-02,6.892803e-02,6.507397e-02,3.572695e-02,4.737715e-02,5.218902e-02,6.531716e-04,3.352637e-03,4.832418e-02,4.963615e-01,1.088255e-03,3.585405e-03
1.752854e-01,7.189244e-03,6.486830e-03,1.113311e-02,6.433669e-02,4.733356e-02,3.121022e-02,1.844487e-01,3.778537e-02,5.398975e-04,2.806831e-03,3.814635e-02,3.892978e-01,1.077240e-03,2.922657e-03
2.619966e-01,7.082098e-03,5.544939e-03,1.063564e-02,5.438485e-02,3.629199e-02,2.413968e-02,2.179957e-01,2.859306e-02,5.290553e-04,2.638208e-03,2.862115e-02,3.180686e-01,9.447482e-04,2.533582e-03
2.611830e-01,5.921134e-03,5.649215e-03,1.034361e-02,4.318180e-02,3.121750e-02,2.066016e-02,3.362522e-01,2.133130e-02,4.304448e-04,2.105762e-03,2.144217e-02,2.373848e-01,7.771864e-04,2.119615e-03
2.195332e-01,4.296118e-03,4.793178e-03,7.994050e-03,3.134057e-02,2.507192e-02,1.661328e-02,4.851869e-01,1.522438e-02,3.280544e-04,1.633099e-03,1.567299e-02,1.701394e-01,5.809625e-04,1.591883e-03
1.982401e-01,3.164226e-03,4.303135e-03,6.265070e-03,2.386367e-02,2.001707e-02,1.377891e-02,5.848285e-01,1.091454e-02,2.476513e-04,1.279063e-03,1.141546e-02,1.199878e-01,4.457051e-04,1.249038e-03
1.819477e-01,2.330996e-03,3.536096e-03,5.571400e-03,1.808751e-02,1.724163e-02,1.134963e-02,6.561401e-01,7.810912e-03,2.079064e-04,1.149195e-03,8.320802e-03,8.494519e-02,3.471016e-04,1.013730e-03
1.391531e-01,1.694201e-03,3.062408e-03,4.523386e-03,1.356564e-02,1.364255e-02,1.324378e-02,7.373852e-01,5.564854e-03,1.586314e-04,8.817988e-04,6.008965e-03,6.009001e-02,2.583339e-04,7.671099e-04
1.041057e-01,1.226693e-03,3.094232e-03,3.653108e-03,1.042242e-02,1.644882e-02,2.700362e-02,7.797512e-01,3.926935e-03,1.290694e-04,7.406803e-04,4.512443e-03,4.414343e-02,2.052961e-04,6.363466e-04
7.621010e-02,8.887026e-04,2.949256e-03,2.794448e-03,8.735734e-03,1.832203e-02,5.722129e-02,7.884037e-01,2.798325e-03,1.131524e-04,6.353304e-04,3.322110e-03,3.694606e-02,1.536278e-04,5.060560e-04
5.861519e-02,6.823630e-04,2.786620e-03,2.260949e-03,8.351384e-03,1.641453e-02,7.854679e-02,7.974175e-01,2.075723e-03,1.662534e-04,5.511966e-04,2.479103e-03,2.900691e-02,1.232388e-04,5.222952e-04
4.596008e-02,5.064485e-04,2.543061e-03,1.771247e-03,6.687888e-03,1.629603e-02,8.482371e-02,8.130698e-01,1.484923e-03,2.108130e-04,5.427292e-04,1.945409e-03,2.345293e-02,1.118724e-04,5.929882e-04
4.069367e-02,3.802264e-04,2.690183e-03,1.452308e-03,5.638573e-03,1.493481e-02,1.193377e-01,7.929012e-01,1.130654e-03,2.311609e-04,4.783731e-04,1.571108e-03,1.779466e-02,1.008935e-04,6.644424e-04
3.753147e-02,3.755330e-04,3.093994e-03,1.361773e-03,5.522949e-03,1.814543e-02,1.272917e-01,7.848877e-01,1.005233e-03,5.905073e-04,7.937106e-04,1.582336e-03,1.638329e-02,2.229092e-04,1.211317e-03
3.886129e-02,4.038629e-04,2.837628e-03,1.202842e-03,7.223252e-03,1.446023e-02,1.515538e-01,7.653654e-01,1.072961e-03,5.371132e-04,7.083422e-04,1.254566e-03,1.313752e-02,1.784884e-04,1.202661e-03
4.930837e-02,6.336806e-04,2.766298e-03,1.333480e-03,8.920254e-03,1.486513e-02,1.484368e-01,7.560005e-01,1.099315e-03,6.745515e-04,7.636196e-04,1.239671e-03,1.199168e-02,1.962753e-04,1.770341e-03
8.307938e-02,1.919311e-03,3.609687e-03,2.446386e-03,1.170687e-02,1.642815e-02,1.526979e-01,6.687206e-01,4.225815e-03,1.307299e-02,4.523552e-03,4.654157e-03,1.969928e-02,1.844686e-03,1.137118e-02
1.020370e-01,4.323601e-03,3.685241e-03,7.405922e-03,1.731575e-02,3.094575e-02,1.514149e-01,5.447928e-01,1.569130e-02,1.622331e-02,8.162188e-03,7.448968e-03,6.907979e-02,1.970468e-03,1.950302e-02
1.405957e-01,6.644454e-03,3.319181e-03,8.881525e-03,1.952559e-02,3.123210e-02,1.288343e-01,4.245530e-01,2.960584e-02,2.077717e-02,1.173268e-02,1.091184e-02,1.308240e-01,2.164728e-03,3.039794e-02
1.318799e-01,1.190224e-02,3.558025e-03,1.372431e-02,1.976649e-02,2.509310e-02,9.601293e-02,3.159572e-01,1.154852e-01,5.241076e-02,1.267116e-02,1.280026e-02,1.425613e-01,2.513885e-03,4.366325e-02
1.594132e-01,1.650632e-02,3.678610e-03,1.398896e-02,2.012303e-02,2.097367e-02,7.028151e-02,2.468567e-01,1.580833e-01,5.536665e-02,1.273079e-02,1.318784e-02,1.440884e-01,3.600461e-03,6.112059e-02
1.394539e-01,2.938341e-02,3.266662e-03,1.934273e-02,1.566341e-02,1.652391e-02,4.935120e-02,1.742368e-01,3.175137e-01,4.773501e-02,1.371838e-02,1.290446e-02,1.082010e-01,2.952368e-03,4.975307e-02
1.202840e-01,3.477851e-02,2.687482e-03,1.583900e-02,1.172046e-02,1.416311e-02,3.480859e-02,1.235598e-01,4.378859e-01,3.653032e-02,1.630209e-02,1.407796e-02,8.798051e-02,3.932715e-03,4.544950e-02
1.461292e-01,6.122218e-02,2.421400e-03,1.806396e-02,9.497340e-03,1.576599e-02,2.456512e-02,8.746637e-02,4.266925e-01,3.091038e-02,1.665287e-02,2.658451e-02,7.400142e-02,6.130855e-03,5.389578e-02
1.334575e-01,1.305052e-01,2.271198e-03,2.253069e-02,6.972081e-03,1.557793e-02,1.723710e-02,6.151418e-02,4.023378e-01,2.599227e-02,1.284016e-02,2.186109e-02,5.963904e-02,5.357798e-03,8.190586e-02
1.559916e-01,1.172143e-01,1.781746e-03,2.068167e-02,6.673597e-03,2.392736e-02,1.218201e-02,4.393867e-02,4.509649e-01,1.900557e-02,1.025661e-02,1.672981e-02,4.429475e-02,4.035324e-03,7.232202e-02
1.610195e-01,1.255862e-01,1.670173e-03,1.983401e-02,1.354260e-02,2.949940e-02,8.817504e-03,3.599928e-02,4.574990e-01,1.439896e-02,7.550925e-03,1.225424e-02,3.416113e-02,3.151593e-03,7.501546e-02
1.435734e-01,1.033258e-01,1.388319e-03,2.563769e-02,1.922144e-02,4.971811e-02,6.609450e-03,5.242395e-02,4.839631e-01,1.034380e-02,5.762578e-03,8.945700e-03,2.730732e-02,2.677723e-03,5.910164e-02
1.146960e-01,7.712052e-02,1.262169e-03,2.972674e-02,2.693155e-02,1.020564e-01,5.297513e-03,1.183676e-01,4.385250e-01,7.359767e-03,4.333352e-03,6.452959e-03,2.044952e-02,2.093089e-03,4.532786e-02
8.241828e-02,7.738902e-02,2.159344e-03,1.224614e-01,2.042424e-02,9.667942e-02,3.774484e-03,9.044958e-02,4.008139e-01,7.670383e-03,6.802606e-03,5.329688e-03,1.679142e-02,2.033714e-03,6.480253e-02
6.043280e-02,6.263104e-02,3.882116e-03,2.022121e-01,1.668509e-02,8.295845e-02,2.800376e-03,6.921659e-02,3.654267e-01,8.235209e-03,1.975705e-02,6.127466e-03,3.117906e-02,2.101695e-03,6.635437e-02
