1.000000e+00,0.000000e+00,0.000000e+00,0.000000e+00,0.000000e+00,0.000000e+00,0.000000e+00,0.000000e+00,0.000000e+00,0.000000e+00,0.000000e+00,0.000000e+00,0.000000e+00,0.000000e+00,0.000000e+00
1.000000e+00,0.000000e+00,0.000000e+00,0.000000e+00,0.000000e+00,0.000000e+00,0.000000e+00,0.000000e+00,0.000000e+00,0.000000e+00,0.000000e+00,0.000000e+00,0.000000e+00,0.000000e+00,0.000000e+00
1.000000e+00,0.000000e+00,0.000000e+00,0.000000e+00,0.000000e+00,0.000000e+00,0.000000e+00,0.000000e+00,0.000000e+00,0.000000e+00,0.000000e+00,0.000000e+00,0.000000e+00,0.000000e+00,0.000000e+00
1.000000e+00,0.000000e+00,0.000000e+00,0.000000e+00,0.000000e+00,0.000000e+00,0.000000e+00,0.000000e+00,0.000000e+00,0.000000e+00,0.000000e+00,0.000000e+00,0.000000e+00,0.000000e+00,0.000000e+00
1.000000e+00,0.000000e+00,0.000000e+00,0.000000e+00,0.000000e+00,0.000000e+00,0.000000e+00,0.000000e+00,0.000000e+00,0.000000e+00,0.000000e+00,0.000000e+00,0.000000e+00,0.000000e+00,0.000000e+00
1.000000e+00,0.000000e+00,0.000000e+00,0.000000e+00,0.000000e+00,0.000000e+00,0.000000e+00,0.000000e+00,0.000000e+00,0.000000e+00,0.000000e+00,0.000000e+00,0.000000e+00,0.000000e+00,0.000000e+00
1.000000e+00,0.000000e+00,0.000000e+00,0.000000e+00,0.000000e+00,0.000000e+00,0.000000e+00,0.000000e+00,0.000000e+00,0.000000e+00,0.000000e+00,0.000000e+00,0.000000e+00,0.000000e+00,0.000000e+00
1.000000e+00,0.000000e+00,0.000000e+00,0.000000e+00,0.000000e+00,0.000000e+00,0.000000e+00,0.000000e+00,0.000000e+00,0.000000e+00,0.000000e+00,0.000000e+00,0.000000e+00,0.000000e+00,0.000000e+00
1.000000e+00,0.000000e+00,0.000000e+00,0.000000e+00,0.000000e+00,0.000000e+00,0.000000e+00,0.000000e+00,0.000000e+00,0.000000e+00,0.000000e+00,0.000000e+00,0.000000e+00,0.000000e+00,0.000000e+00
1.000000e+00,0.000000e+00,0.000000e+00,0.000000e+00,0.000000e+00,0.000000e+00,0.000000e+00,0.000000e+00,0.000000e+00,0.000000e+00,0.000000e+00,0.000000e+00,0.000000e+00,0.000000e+00,0.000000e+00
1.000000e+00,0.000000e+00,0.000000e+00,0.000000e+00,0.000000e+00,0.000000e+00,0.000000e+00,0.000000e+00,0.000000e+00,0.000000e+00,0.000000e+00,0.000000e+00,0.000000e+00,0.000000e+00,0.000000e+00
1.000000e+00,0.000000e+00,0.000000e+00,0.000000e+00,0.000000e+00,0.000000e+00,0.000000e+00,0.000000e+00,0.000000e+00,0.000000e+00,0.000000e+00,0.000000e+00,0.000000e+00,0.000000e+00,0.000000e+00
1.000000e+00,0.000000e+00,0.000000e+00,0.000000e+00,0.000000e+00,0.000000e+00,0.000000e+00,0.000000e+00,0.000000e+00,0.000000e+00,0.000000e+00,0.000000e+00,0.000000e+00,0.000000e+00,0.000000e+00
1.000000e+00,0.000000e+00,0.000000e+00,0.000000e+00,0.000000e+00,0.000000e+00,0.000000e+00,0.000000e+00,0.000000e+00,0.000000e+00,0.000000e+00,0.000000e+00,0.000000e+00,0.000000e+00,0.000000e+00
1.000000e+00,0.000000e+00,0.000000e+00,0.000000e+00,0.000000e+00,0.000000e+00,0.000000e+00,0.000000e+00,0.000000e+00,0.000000e+00,0.000000e+00,0.000000e+00,0.000000e+00,0.000000e+00,0.000000e+00
1.000000e+00,0.000000e+00,0.000000e+00,0.000000e+00,0.000000e+00,0.000000e+00,0.000000e+00,0.000000e+00,0.000000e+00,0.000000e+00,0.000000e+00,0.000000e+00,0.000000e+00,0.000000e+00,0.000000e+00
1.000000e+00,0.000000e+00,0.000000e+00,0.000000e+00,0.000000e+00,0.000000e+00,0.000000e+00,0.000000e+00,0.000000e+00,0.000000e+00,0.000000e+00,0.000000e+00,0.000000e+00,0.000000e+00,0.000000e+00
1.000000e+00,0.000000e+00,0.000000e+00,0.000000e+00,0.000000e+00,0.000000e+00,0.000000e+00,0.000000e+00,0.000000e+00,0.000000e+00,0.000000e+00,0.000000e+00,0.000000e+00,0.000000e+00,0.000000e+00
1.000000e+00,0.000000e+00,0.000000e+00,0.000000e+00,0.000000e+00,0.000000e+00,0.000000e+00,0.000000e+00,0.000000e+00,0.000000e+00,0.000000e+00,0.000000e+00,0.000000e+00,0.000000e+00,0.000000e+00
1.000000e+00,0.000000e+00,0.000000e+00,0.000000e+00,0.000000e+00,0.000000e+00,0.000000e+00,0.000000e+00,0.000000e+00,0.000000e+00,0.000000e+00,0.000000e+00,0.000000e+00,0.000000e+00,0.000000e+00
1.000000e+00,0.000000e+00,0.000000e+00,0.000000e+00,0.000000e+00,0.000000e+00,0.000000e+00,0.000000e+00,0.000000e+00,0.000000e+00,0.000000e+00,0.000000e+00,0.000000e+00,0.000000e+00,0.000000e+00
1.000000e+00,0.000000e+00,0.000000e+00,0.000000e+00,0.000000e+00,0.000000e+00,0.000000e+00,0.000000e+00,0.000000e+00,0.000000e+00,0.000000e+00,0.000000e+00,0.000000e+00,0.000000e+00,0.000000e+00
1.000000e+00,0.000000e+00,0.000000e+00,0.000000e+00,0.000000e+00,0.000000e+00,0.000000e+00,0.000000e+00,0.000000e+00,0.000000e+00,0.000000e+00,0.000000e+00,0.000000e+00,0.000000e+00,0.000000e+00
1.000000e+00,0.000000e+00,0.000000e+00,0.000000e+00,0.000000e+00,0.000000e+00,0.000000e+00,0.000000e+00,0.000000e+00,0.000000e+00,0.000000e+00,0.000000e+00,0.000000e+00,0.000000e+00,0.000000e+00
1.000000e+00,0.000000e+00,0.000000e+00,0.000000e+00,0.000000e+00,0.000000e+00,0.000000e+00,0.000000e+00,0.000000e+00,0.000000e+00,0.000000e+00,0.000000e+00,0.000000e+00,0.000000e+00,0.000000e+00
1.000000e+00,0.000000e+00,0.000000e+00,0.000000e+00,0.000000e+00,0.000000e+00,0.000000e+00,0.000000e+00,0.000000e+00,0.000000e+00,0.000000e+00,0.000000e+00,0.000000e+00,0.000000e+00,0.000000e+00
1.000000e+00,0.000000e+00,0.000000e+00,0.000000e+00,0.000000e+00,0.000000e+00,0.000000e+00,0.000000e+00,0.000000e+00,0.000000e+00,0.000000e+00,0.000000e+00,0.000000e+00,0.000000e+00,0.000000e+00
1.000000e+00,0.000000e+00,0.000000e+00,0.000000e+00,0.000000e+00,0.000000e+00,0.000000e+00,0.000000e+00,0.000000e+00,0.000000e+00,0.000000e+00,0.000000e+00,0.000000e+00,0.000000e+00,0.000000e+00
1.000000e+00,0.000000e+00,0.000000e+00,0.000000e+00,0.000000e+00,0.000000e+00,0.000000e+00,0.000000e+00,0.000000e+00,0.000000e+00,0.000000e+00,0.000000e+00,0.000000e+00,0.000000e+00,0.000000e+00
1.000000e+00,0.000000e+00,0.000000e+00,0.000000e+00,0.000000e+00,0.000000e+00,0.000000e+00,0.000000e+00,0.000000e+00,0.000000e+00,0.000000e+00,0.000000e+00,0.000000e+00,0.000000e+00,0.000000e+00
1.000000e+00,0.000000e+00,0.000000e+00,0.000000e+00,0.000000e+00,0.000000e+00,0.000000e+00,0.000000e+00,0.000000e+00,0.000000e+00,0.000000e+00,0.000000e+00,0.000000e+00,0.000000e+00,0.000000e+00
1.000000e+00,0.000000e+00,0.000000e+00,0.000000e+00,0.000000e+00,0.000000e+00,0.000000e+00,0.000000e+00,0.000000e+00,0.000000e+00,0.000000e+00,0.000000e+00,0.000000e+00,0.000000e+00,0.000000e+00
1.000000e+00,0.000000e+00,0.000000e+00,0.000000e+00,0.000000e+00,0.000000e+00,0.000000e+00,0.000000e+00,0.000000e+00,0.000000e+00,0.000000e+00,0.000000e+00,0.000000e+00,0.000000e+00,0.000000e+00
1.000000e+00,0.000000e+00,0.000000e+00,0.000000e+00,0.000000e+00,0.000000e+00,0.000000e+00,0.000000e+00,0.000000e+00,0.000000e+00,0.000000e+00,0.000000e+00,0.000000e+00,0.000000e+00,0.000000e+00
1.000000e+00,0.000000e+00,0.000000e+00,0.000000e+00,0.000000e+00,0.000000e+00,0.000000e+00,0.000000e+00,0.000000e+00,0.000000e+00,0.000000e+00,0.000000e+00,0.000000e+00,0.000000e+00,0.000000e+00
1.000000e+00,0.000000e+00,0.000000e+00,0.000000e+00,0.000000e+00,0.000000e+00,0.000000e+00,0.000000e+00,0.000000e+00,0.000000e+00,0.000000e+00,0.000000e+00,0.000000e+00,0.000000e+00,0.000000e+00
1.000000e+00,0.000000e+00,0.000000e+00,0.000000e+00,0.000000e+00,0.000000e+00,0.000000e+00,0.000000e+00,0.000000e+00,0.000000e+00,0.000000e+00,0.000000e+00,0.000000e+00,0.000000e+00,0.000000e+00
1.000000e+00,0.000000e+00,0.000000e+00,0.000000e+00,0.000000e+00,0.000000e+00,0.000000e+00,0.000000e+00,0.000000e+00,0.000000e+00,0.000000e+00,0.000000e+00,0.000000e+00,0.000000e+00,0.000000e+00
1.000000e+00,0.000000e+00,0.000000e+00,0.000000e+00,0.000000e+00,0.000000e+00,0.000000e+00,0.000000e+00,0.000000e+00,0.000000e+00,0.000000e+00,0.000000e+00,0.000000e+00,0.000000e+00,0.000000e+00
1.000000e+00,0.000000e+00,0.000000e+00,0.000000e+00,0.000000e+00,0.000000e+00,0.000000e+00,0.000000e+00,0.000000e+00,0.000000e+00,0.000000e+00,0.000000e+00,0.000000e+00,0.000000e+00,0.000000e+00
1.000000e+00,0.000000e+00,0.000000e+00,0.000000e+00,0.000000e+00,0.000000e+00,0.000000e+00,0.000000e+00,0.000000e+00,0.000000e+00,0.000000e+00,0.000000e+00,0.000000e+00,0.000000e+00,0.000000e+00
1.000000e+00,0.000000e+00,0.000000e+00,0.000000e+00,0.000000e+00,0.000000e+00,0.000000e+00,0.000000e+00,0.000000e+00,0.000000e+00,0.000000e+00,0.000000e+00,0.000000e+00,0.000000e+00,0.000000e+00
1.000000e+00,0.000000e+00,0.000000e+00,0.000000e+00,0.000000e+00,0.000000e+00,0.000000e+00,0.000000e+00,0.000000e+00,0.000000e+00,0.000000e+00,0.000000e+00,0.000000e+00,0.000000e+00,0.000000e+00
1.000000e+00,0.000000e+00,0.000000e+00,0.000000e+00,0.000000e+00,0.000000e+00,0.000000e+00,0.000000e+00,0.000000e+00,0.000000e+00,0.000000e+00,0.000000e+00,0.000000e+00,0.000000e+00,0.000000e+00
1.000000e+00,0.000000e+00,0.000000e+00,0.000000e+00,0.000000e+00,0.000000e+00,0.000000e+00,0.000000e+00,0.000000e+00,0.000000e+00,0.000000e+00,0.000000e+00,0.000000e+00,0.000000e+00,0.000000e+00
1.000000e+00,0.000000e+00,0.000000e+00,0.000000e+00,0.000000e+00,0.000000e+00,0.000000e+00,0.000000e+00,0.000000e+00,0.000000e+00,0.000000e+00,0.000000e+00,0.000000e+00,0.000000e+00,0.000000e+00
1.000000e+00,0.000000e+00,0.000000e+00,0.000000e+00,0.000000e+00,0.000000e+00,0.000000e+00,0.000000e+00,0.000000e+00,0.000000e+00,0.000000e+00,0.000000e+00,0.000000e+00,0.000000e+00,0.000000e+00
1.000000e+00,0.000000e+00,0.000000e+00,0.000000e+00,0.000000e+00,0.000000e+00,0.000000e+00,0.000000e+00,0.000000e+00,0.000000e+00,0.000000e+00,0.000000e+00,0.000000e+00,0.000000e+00,0.000000e+00
1.000000e+00,0.000000e+00,0.000000e+00,0.000000e+00,0.000000e+00,0.000000e+00,0.000000e+00,0.000000e+00,0.000000e+00,0.000000e+00,0.000000e+00,0.000000e+00,0.000000e+00,0.000000e+00,0.000000e+00
1.000000e+00,0.000000e+00,0.000000e+00,0.000000e+00,0.000000e+00,0.000000e+00,0.000000e+00,0.000000e+00,0.000000e+00,0.000000e+00,0.000000e+00,0.000000e+00,0.000000e+00,0.000000e+00,0.000000e+00
1.000000e+00,0.000000e+00,0.000000e+00,0.000000e+00,0.000000e+00,0.000000e+00,0.000000e+00,0.000000e+00,0.000000e+00,0.000000e+00,0.000000e+00,0.000000e+00,0.000000e+00,0.000000e+00,0.000000e+00
1.000000e+00,0.000000e+00,0.000000e+00,0.000000e+00,0.000000e+00,0.000000e+00,0.000000e+00,0.000000e+00,0.000000e+00,0.000000e+00,0.000000e+00,0.000000e+00,0.000000e+00,0.000000e+00,0.000000e+00
1.000000e+00,0.000000e+00,0.000000e+00,0.000000e+00,0.000000e+00,0.000000e+00,0.000000e+00,0.000000e+00,0.000000e+00,0.000000e+00,0.000000e+00,0.000000e+00,0.000000e+00,0.000000e+00,0.000000e+00
1.000000e+00,0.000000e+00,0.000000e+00,0.000000e+00,0.000000e+00,0.000000e+00,0.000000e+00,0.000000e+00,0.000000e+00,0.000000e+00,0.000000e+00,0.000000e+00,0.000000e+00,0.000000e+00,0.000000e+00
1.000000e+00,0.000000e+00,0.000000e+00,0.000000e+00,0.000000e+00,0.000000e+00,0.000000e+00,0.000000e+00,0.000000e+00,0.000000e+00,0.000000e+00,0.000000e+00,0.000000e+00,0.000000e+00,0.000000e+00
1.000000e+00,0.000000e+00,0.000000e+00,0.000000e+00,0.000000e+00,0.000000e+00,0.000000e+00,0.000000e+00,0.000000e+00,0.000000e+00,0.000000e+00,0.000000e+00,0.000000e+00,0.000000e+00,0.000000e+00
1.000000e+00,0.000000e+00,0.000000e+00,0.000000e+00,0.000000e+00,0.000000e+00,0.000000e+00,0.000000e+00,0.000000e+00,0.000000e+00,0.000000e+00,0.000000e+00,0.000000e+00,0.000000e+00,0.000000e+00
1.000000e+00,0.000000e+00,0.000000e+00,0.000000e+00,0.000000e+00,0.000000e+00,0.000000e+00,0.000000e+00,0.000000e+00,0.000000e+00,0.000000e+00,0.000000e+00,0.000000e+00,0.000000e+00,0.000000e+00
1.000000e+00,0.000000e+00,0.000000e+00,0.000000e+00,0.000000e+00,0.000000e+00,0.000000e+00,0.000000e+00,0.000000e+00,0.000000e+00,0.000000e+00,0.000000e+00,0.000000e+00,0.000000e+00,0.000000e+00
1.000000e+00,0.000000e+00,0.000000e+00,0.000000e+00,0.000000e+00,0.000000e+00,0.000000e+00,0.000000e+00,0.000000e+00,0.000000e+00,0.000000e+00,0.000000e+00,0.000000e+00,0.000000e+00,0.000000e+00
1.000000e+00,0.000000e+00,0.000000e+00,0.000000e+00,0.000000e+00,0.000000e+00,0.000000e+00,0.000000e+00,0.000000e+00,0.000000e+00,0.000000e+00,0.000000e+00,0.000000e+00,0.000000e+00,0.000000e+00
1.000000e+00,0.000000e+00,0.000000e+00,0.000000e+00,0.000000e+00,0.000000e+00,0.000000e+00,0.000000e+00,0.000000e+00,0.000000e+00,0.000000e+00,0.000000e+00,0.000000e+00,0.000000e+00,0.000000e+00
4.252436e-01,1.011070e-02,1.261010e-02,2.873120e-02,5.639655e-03,1.386617e-02,4.277274e-03,4.455299e-01,4.022464e-03,1.219248e-03,6.774070e-03,1.529274e-02,1.275318e-02,2.727750e-03,1.120188e-02
3.008095e-01,7.137597e-03,9.160723e-03,2.029717e-02,4.192007e-03,1.023761e-02,3.456401e-03,6.062396e-01,2.833152e-03,8.624148e-04,4.830818e-03,1.089134e-02,9.163980e-03,1.950063e-03,7.937725e-03
2.111267e-01,5.014468e-03,6.526032e-03,1.426871e-02,3.003273e-03,7.368714e-03,2.605699e-03,7.229429e-01,1.985582e-03,6.052847e-04,3.442425e-03,7.648466e-03,6.490199e-03,1.405647e-03,5.565858e-03
1.489149e-01,3.530741e-03,4.596278e-03,1.007992e-02,3.087197e-03,5.274594e-03,1.946935e-03,8.027867e-01,1.402057e-03,4.268149e-04,2.760468e-03,5.395791e-03,4.888954e-03,1.006835e-03,3.901781e-03
1.056772e-01,2.537590e-03,3.237623e-03,7.160577e-03,5.409378e-03,3.936914e-03,1.535891e-03,8.549534e-01,1.050895e-03,3.051619e-04,2.482079e-03,3.851221e-03,4.387606e-03,7.273971e-04,2.747105e-03
7.614409e-02,1.861792e-03,2.282742e-03,5.149483e-03,5.458291e-03,3.157357e-03,1.230954e-03,8.409108e-01,1.148719e-03,2.612396e-04,1.129904e-02,6.500718e-03,4.123591e-02,1.218548e-03,2.140303e-03
5.885238e-02,1.496724e-03,1.635405e-03,4.127671e-03,6.463433e-03,2.897171e-03,1.074457e-03,7.875440e-01,1.607420e-03,2.705497e-04,1.747286e-02,9.720752e-03,1.014718e-01,3.248256e-03,2.117096e-03
4.202869e-02,1.184313e-03,1.156271e-03,2.969979e-03,6.189471e-03,2.339152e-03,1.171535e-03,5.799668e-01,2.137103e-03,3.648863e-04,1.831442e-02,1.015255e-02,3.241878e-01,2.419715e-03,5.417286e-03
3.022663e-02,9.007278e-04,8.315013e-04,2.164890e-03,4.652366e-03,3.526145e-03,1.029483e-03,4.106269e-01,1.952733e-03,2.774502e-04,1.459983e-02,8.475029e-03,5.145338e-01,1.711989e-03,4.490561e-03
2.257386e-02,8.472835e-04,6.217307e-04,1.670417e-03,3.734851e-03,1.218176e-02,8.452461e-04,2.898960e-01,2.763109e-03,2.137674e-04,1.174545e-02,7.475532e-03,6.401494e-01,1.225290e-03,4.056323e-03
1.676797e-02,7.101049e-04,4.778731e-04,1.257738e-03,2.997062e-03,1.049190e-02,9.001240e-04,2.056074e-01,2.595181e-03,1.657009e-04,9.285595e-03,6.808033e-03,7.379848e-01,8.880552e-04,3.062494e-03
2.009616e-02,8.570832e-04,5.526359e-04,1.002441e-03,2.993021e-03,1.808275e-02,1.811369e-03,1.505776e-01,3.140259e-03,1.369672e-04,7.405672e-03,6.741270e-03,7.836233e-01,6.588683e-04,2.320623e-03
2.122608e-02,4.214201e-03,7.696678e-04,8.816640e-04,2.962715e-03,1.497227e-02,1.922606e-03,1.092006e-01,6.767654e-03,2.779919e-04,6.278092e-03,7.417941e-03,8.206043e-01,5.760560e-04,1.928230e-03
1.889322e-02,3.363666e-03,6.835815e-04,7.855399e-04,3.250903e-03,1.131572e-02,1.447862e-03,7.815167e-02,6.185256e-03,2.627419e-04,4.835125e-03,6.599402e-03,8.621269e-01,5.819800e-04,1.516366e-03
2.094161e-02,2.707477e-03,5.816701e-04,7.381146e-04,3.509621e-03,8.577792e-03,1.076910e-03,5.561757e-02,5.841058e-03,2.362619e-04,3.705074e-03,6.506376e-03,8.882754e-01,5.001517e-04,1.184947e-03
2.836847e-02,2.997977e-03,8.478331e-04,7.789274e-04,4.482348e-03,6.781130e-03,8.771479e-04,3.941331e-02,7.231132e-03,3.396821e-04,3.004310e-03,6.400882e-03,8.955436e-01,8.015600e-04,2.131648e-03
3.146145e-02,3.650126e-03,1.018548e-03,7.140838e-04,6.545767e-03,5.552243e-03,8.113066e-04,2.819109e-02,1.039674e-02,3.618760e-04,2.485358e-03,5.804542e-03,9.004860e-01,7.291569e-04,1.791688e-03
3.887816e-02,1.714646e-02,1.928027e-02,3.259178e-03,9.184544e-03,9.534066e-03,7.047641e-04,2.382724e-02,2.914818e-02,4.245308e-03,2.893196e-03,5.261166e-03,8.197227e-01,9.443489e-04,1.597044e-02
3.292298e-02,3.398763e-02,4.371769e-02,4.004379e-03,1.350635e-02,2.561649e-02,1.073900e-03,2.350119e-02,9.024900e-02,3.800720e-03,2.836376e-03,4.399655e-03,7.053816e-01,1.241861e-03,1.376018e-02
3.021981e-02,5.379651e-02,1.129206e-01,3.643821e-03,1.395926e-02,4.313446e-02,1.936559e-03,2.372203e-02,1.232561e-01,3.433090e-03,2.490571e-03,3.537613e-03,5.703765e-01,1.410278e-03,1.216280e-02
3.356754e-02,7.171892e-02,1.241491e-01,4.670931e-03,1.492608e-02,5.702377e-02,1.861795e-03,2.517159e-02,1.977167e-01,4.337391e-03,2.697954e-03,3.548563e-03,4.463848e-01,1.186593e-03,1.103820e-02
3.925278e-02,8.242865e-02,9.633017e-02,4.197468e-03,1.719532e-02,8.503649e-02,1.748969e-03,2.816607e-02,2.536330e-01,3.562510e-03,2.197628e-03,3.110648e-03,3.718966e-01,1.050254e-03,1.019347e-02
5.867939e-02,7.389309e-02,8.371155e-02,1.831887e-02,1.590682e-02,1.363581e-01,1.475068e-03,3.586160e-02,2.671719e-01,6.694343e-03,2.418409e-03,3.364458e-03,2.833950e-01,9.522022e-04,1.179919e-02
7.218884e-02,6.388269e-02,6.430025e-02,2.244195e-02,1.627411e-02,1.633192e-01,1.434934e-03,8.165598e-02,2.706466e-01,6.429827e-03,2.251417e-03,3.501683e-03,2.207333e-01,9.025665e-04,1.003661e-02
9.727488e-02,5.539221e-02,4.917797e-02,2.660231e-02,1.738875e-02,2.274156e-01,1.713902e-03,1.037714e-01,2.333844e-01,7.079224e-03,1.911147e-03,3.058386e-03,1.636695e-01,9.337740e-04,1.122655e-02
1.154616e-01,4.536722e-02,3.826040e-02,4.511562e-02,1.514468e-02,2.749547e-01,1.677165e-03,1.232054e-01,1.899706e-01,7.530757e-03,2.124825e-03,3.175738e-03,1.193116e-01,1.046970e-03,1.765278e-02
1.181775e-01,3.848676e-02,2.797211e-02,3.975885e-02,1.207582e-02,3.201094e-01,1.412731e-03,1.164048e-01,1.592141e-01,7.483846e-03,2.162080e-03,2.636854e-03,9.213385e-02,1.224825e-03,6.074649e-02
1.414826e-01,3.275316e-02,2.376273e-02,4.828919e-02,9.913217e-03,2.782008e-01,1.172528e-03,1.157279e-01,1.441836e-01,1.037434e-02,4.909749e-03,3.590690e-03,7.045303e-02,3.198513e-03,1.119880e-01
1.184472e-01,3.024681e-02,1.795196e-02,4.055910e-02,8.203036e-03,2.108794e-01,9.116599e-04,8.384982e-02,1.984367e-01,9.142776e-03,9.814495e-03,5.244310e-03,6.701533e-02,1.740373e-02,1.818936e-01
8.613692e-02,2.525426e-02,1.512637e-02,3.044879e-02,6.725354e-03,1.484746e-01,7.358096e-04,5.920403e-02,2.126179e-01,1.006972e-02,1.319045e-02,6.934729e-03,5.724188e-02,4.810303e-02,2.797361e-01
6.382713e-02,2.120434e-02,1.110205e-02,2.188472e-02,5.102199e-03,1.051081e-01,6.206153e-04,4.148990e-02,1.763873e-01,1.025023e-02,1.777751e-02,8.283323e-03,4.789883e-02,1.716077e-01,2.974561e-01
5.875644e-02,2.134445e-02,8.217153e-03,1.579975e-02,4.338688e-03,7.539669e-02,6.502195e-04,2.909588e-02,1.464833e-01,9.610713e-03,2.224517e-02,1.797562e-02,4.247266e-02,2.304229e-01,3.171903e-01
4.892061e-02,2.822952e-02,7.038621e-03,1.136207e-02,3.789773e-03,5.343987e-02,5.793176e-04,2.040506e-02,1.115515e-01,2.011424e-02,4.909045e-02,2.899913e-02,3.820997e-02,3.197927e-01,2.584772e-01
3.563970e-02,2.224999e-02,5.062928e-03,8.034932e-03,2.726983e-03,3.766654e-02,4.920236e-04,1.431088e-02,8.337844e-02,1.626604e-02,4.690665e-02,2.826810e-02,2.782707e-02,4.777402e-01,1.934295e-01
3.401867e-02,1.879357e-02,3.780061e-03,5.940830e-03,2.068596e-03,2.729424e-02,5.311627e-04,1.010666e-02,6.600538e-02,1.445039e-02,4.237575e-02,7.766329e-02,2.425292e-02,5.237925e-01,1.489260e-01
3.282946e-02,1.374962e-02,3.008672e-03,4.473245e-03,7.422940e-03,1.982513e-02,7.556053e-04,7.211427e-03,5.444424e-02,2.190839e-02,3.778331e-02,1.356383e-01,3.092506e-02,5.195544e-01,1.104701e-01
4.117735e-02,1.358777e-02,4.599296e-03,3.933505e-03,2.487498e-02,1.585511e-02,1.006838e-03,5.423141e-03,4.783405e-02,3.178629e-02,4.122462e-02,1.875619e-01,5.067581e-02,4.451821e-01,8.527721e-02
3.444796e-02,9.764936e-03,3.412292e-03,2.917972e-03,1.930068e-02,1.176930e-02,7.681248e-04,3.912669e-03,3.698840e-02,3.070980e-02,4.256710e-02,3.899462e-01,3.692640e-02,3.161078e-01,6.046042e-02
4.038882e-02,7.410581e-03,2.806055e-03,2.341369e-03,1.489282e-02,9.055518e-03,6.387256e-04,3.296492e-03,2.827973e-02,2.736467e-02,3.785171e-02,5.334153e-01,2.632005e-02,2.232020e-01,4.273623e-02
3.781561e-02,6.209838e-03,2.761762e-03,1.944020e-03,1.326308e-02,9.322691e-03,5.498697e-04,2.706766e-03,2.304989e-02,2.338277e-02,4.963575e-02,6.218528e-01,1.884121e-02,1.576885e-01,3.097558e-02
5.454998e-02,5.660764e-03,3.200262e-03,2.353413e-03,1.184646e-02,9.879930e-03,5.796410e-04,4.328776e-03,1.738326e-02,2.130802e-02,4.118592e-02,6.800391e-01,1.363642e-02,1.113141e-01,2.273398e-02
5.313343e-02,5.205423e-03,2.861444e-03,2.174926e-03,1.054886e-02,8.434965e-03,4.789336e-04,3.574351e-03,1.313573e-02,1.649492e-02,3.980147e-02,7.392772e-01,9.813373e-03,7.844578e-02,1.661926e-02
5.341546e-02,4.627358e-03,4.077824e-03,2.339432e-03,9.694185e-03,7.521052e-03,5.138977e-04,9.749752e-03,1.051939e-02,1.262021e-02,3.215698e-02,7.786456e-01,7.120723e-03,5.520352e-02,1.179467e-02
3.970452e-02,3.787273e-03,3.835724e-03,1.732038e-03,8.074107e-03,5.765163e-03,3.923278e-04,7.117553e-03,7.872406e-03,9.225746e-03,2.839705e-02,8.317240e-01,5.045056e-03,3.899184e-02,8.335209e-03
3.650375e-02,4.747285e-03,9.335347e-03,1.899916e-03,1.092582e-02,5.493690e-03,3.650835e-04,9.076242e-03,7.321631e-03,8.400612e-03,2.451661e-02,8.441236e-01,3.651408e-03,2.767883e-02,5.960220e-03
2.620325e-02,1.283614e-02,2.333071e-02,1.471711e-03,2.119483e-02,4.131265e-03,3.463814e-04,8.171775e-03,5.920284e-03,7.047283e-03,2.241177e-02,8.401917e-01,2.591342e-03,1.972314e-02,4.428479e-03
2.102861e-02,1.547159e-02,3.802625e-02,2.111840e-03,2.323941e-02,3.410200e-03,3.976774e-04,1.431076e-02,5.839107e-03,8.784658e-03,2.259687e-02,8.253201e-01,1.889889e-03,1.431734e-02,3.255701e-03
2.085920e-02,2.149071e-02,2.105868e-01,1.418379e-02,1.881929e-02,3.232505e-03,5.125664e-04,2.879321e-02,4.550144e-03,9.790627e-03,2.221343e-02,6.311082e-01,1.455558e-03,1.009690e-02,2.307172e-03
1.788856e-02,4.126361e-02,1.749838e-01,1.886749e-02,4.384501e-02,5.809237e-03,2.658727e-03,9.205627e-02,1.938290e-02,1.470987e-02,3.637535e-02,5.213618e-01,1.150103e-03,7.801821e-03,1.845506e-03
1.390306e-02,3.111144e-02,1.466455e-01,2.647036e-02,4.053240e-02,4.455002e-03,2.377616e-03,2.841254e-01,1.753809e-02,1.204886e-02,2.981342e-02,3.832116e-01,8.734965e-04,5.563437e-03,1.330434e-03
1.121441e-02,2.222195e-02,1.092788e-01,2.644106e-02,3.312425e-02,3.403668e-03,1.734888e-03,4.701334e-01,1.478930e-02,8.641475e-03,2.240189e-02,2.710184e-01,6.718884e-04,3.978744e-03,9.458624e-04
1.101713e-02,1.780164e-02,9.190634e-02,5.248967e-02,7.118901e-02,5.357915e-03,1.438480e-03,5.033828e-01,2.209201e-02,6.319252e-03,2.110920e-02,1.916498e-01,5.360639e-04,3.027309e-03,6.834349e-04
2.454213e-02,1.489809e-02,1.038326e-01,7.558218e-02,1.442437e-01,9.738837e-03,1.083485e-03,3.998860e-01,3.836887e-02,8.023043e-03,3.664322e-02,1.366425e-01,6.641166e-04,4.798676e-03,1.052484e-03
5.134152e-02,1.755220e-02,8.942714e-02,6.093898e-02,1.762014e-01,1.307486e-02,8.353681e-04,2.967713e-01,9.347744e-02,9.219750e-03,7.465000e-02,1.005347e-01,1.646283e-03,1.187733e-02,2.451608e-03
5.906057e-02,1.930863e-02,8.050139e-02,5.025968e-02,2.408777e-01,1.797357e-02,6.827165e-04,2.233194e-01,9.029187e-02,8.896752e-03,1.107967e-01,7.234883e-02,2.133813e-03,2.110362e-02,2.444739e-03
6.751579e-02,2.653829e-02,7.957860e-02,3.998749e-02,2.838916e-01,1.994758e-02,8.667602e-04,1.928731e-01,7.966399e-02,6.990476e-03,1.131551e-01,5.346853e-02,2.750888e-03,3.027851e-02,2.493335e-03
8.657288e-02,2.915225e-02,7.553461e-02,3.350154e-02,2.708451e-01,1.775785e-02,7.691611e-04,1.483217e-01,9.305521e-02,5.564165e-03,1.517286e-01,3.961142e-02,2.659707e-03,4.195027e-02,2.975512e-03
1.291620e-01,2.887406e-02,6.245648e-02,2.831858e-02,2.255642e-01,1.559667e-02,9.212210e-04,1.120468e-01,1.148523e-01,5.796073e-03,1.829071e-01,3.148901e-02,2.510580e-03,5.607093e-02,3.434083e-03
2.206461e-01,4.796247e-02,5.250561e-02,2.432885e-02,1.723693e-01,1.797280e-02,2.280586e-03,8.911285e-02,1.058567e-01,1.217118e-02,1.366552e-01,3.123435e-02,5.010762e-03,6.301212e-02,1.888126e-02
2.538943e-01,6.674521e-02,4.498384e-02,2.978895e-02,1.306432e-01,1.774225e-02,2.305467e-03,6.674796e-02,9.627942e-02,1.978874e-02,1.076443e-01,3.599221e-02,6.702002e-03,5.727860e-02,6.346357e-02
2.182468e-01,8.602758e-02,5.975629e-02,2.318944e-02,9.621072e-02,1.927806e-02,1.814242e-03,4.860375e-02,8.609900e-02,3.140857e-02,8.927726e-02,2.872962e-02,6.632396e-03,1.228816e-01,8.184460e-02
2.481410e-01,7.601835e-02,6.141300e-02,2.571440e-02,7.144977e-02,2.115323e-02,2.195009e-03,3.942825e-02,7.747836e-02,3.693925e-02,8.394506e-02,3.615011e-02,9.215459e-03,1.229060e-01,8.785268e-02
2.543636e-01,6.141160e-02,6.063624e-02,2.493480e-02,5.532390e-02,2.312639e-02,2.126965e-03,3.271439e-02,7.391946e-02,3.227959e-02,9.858320e-02,3.660602e-02,1.270393e-02,1.541938e-01,7.707604e-02
1.931753e-01,4.941574e-02,4.630973e-02,2.288171e-02,4.005807e-02,2.175138e-02,1.632006e-03,2.388093e-02,7.435094e-02,3.311227e-02,9.490924e-02,2.820795e-02,1.072769e-02,2.680530e-01,9.153405e-02
2.049707e-01,4.533488e-02,8.060661e-02,3.113122e-02,3.145297e-02,2.079278e-02,1.602918e-03,2.343425e-02,6.313852e-02,2.694300e-02,1.428469e-01,2.490166e-02,1.258372e-02,2.191105e-01,7.114933e-02
1.660536e-01,9.194161e-02,1.484209e-01,4.847874e-02,2.959169e-02,2.029776e-02,1.369903e-03,1.765937e-02,7.540812e-02,2.111344e-02,1.237573e-01,1.903562e-02,9.902366e-03,1.605824e-01,6.638709e-02
1.416069e-01,2.253878e-01,1.252109e-01,5.199921e-02,2.427850e-02,1.595411e-02,1.156887e-03,1.645525e-02,7.772236e-02,1.556833e-02,1.120059e-01,1.426914e-02,8.379322e-03,1.204438e-01,4.956159e-02
1.195235e-01,2.492127e-01,1.158453e-01,1.402677e-01,1.810132e-02,1.449117e-02,9.615024e-04,1.332490e-02,8.278059e-02,1.182571e-02,8.539999e-02,1.024870e-02,6.653254e-03,8.756512e-02,4.379845e-02
1.030427e-01,3.751360e-01,9.233201e-02,1.084321e-01,1.452148e-02,1.222027e-02,7.680045e-04,1.044586e-02,8.232427e-02,8.862387e-03,6.389564e-02,7.830736e-03,6.406283e-03,7.517951e-02,3.860274e-02
8.947133e-02,4.012589e-01,7.741191e-02,1.234170e-01,1.730002e-02,1.285283e-02,9.610589e-04,1.373990e-02,1.060117e-01,6.556150e-03,4.776570e-02,5.990933e-03,5.894355e-03,5.872860e-02,3.263963e-02
7.417539e-02,3.358595e-01,5.773043e-02,1.339498e-01,1.519471e-02,2.705152e-02,1.025886e-03,1.181318e-02,1.822307e-01,7.296715e-03,3.883218e-02,5.420071e-03,1.204864e-02,5.401312e-02,4.335820e-02
5.820546e-02,3.130490e-01,4.232711e-02,1.044761e-01,1.452260e-02,2.412295e-02,1.049245e-03,1.338919e-02,2.681168e-01,6.351895e-03,2.968006e-02,4.672795e-03,2.070386e-02,5.500681e-02,4.432602e-02
4.365927e-02,2.753001e-01,2.986421e-02,8.913994e-02,1.173063e-02,2.026317e-02,8.123836e-04,1.100429e-02,3.840714e-01,5.787436e-03,2.360324e-02,3.948027e-03,2.115901e-02,4.113284e-02,3.852404e-02
3.130013e-02,2.032398e-01,2.116277e-02,9.848961e-02,8.944834e-03,1.708602e-02,5.833877e-04,8.279797e-03,5.042964e-01,4.662202e-03,1.899592e-02,3.095889e-03,1.734751e-02,2.902265e-02,3.349300e-02
3.530813e-02,1.708588e-01,1.835123e-02,1.040121e-01,3.008149e-02,7.298879e-02,8.785054e-04,3.123454e-02,4.394832e-01,3.989888e-03,2.093431e-02,3.225542e-03,1.628079e-02,2.114799e-02,3.122460e-02
2.754843e-02,1.255433e-01,1.403351e-02,1.106874e-01,2.202674e-02,8.155435e-02,6.777151e-04,2.415158e-02,4.329583e-01,9.491922e-03,6.291142e-02,4.753657e-03,1.888948e-02,2.071095e-02,4.406126e-02
2.541993e-02,1.055202e-01,1.228992e-02,9.643310e-02,1.838542e-02,9.033211e-02,6.244642e-04,1.892720e-02,4.048140e-01,1.350464e-02,1.168649e-01,7.959316e-03,2.135239e-02,1.942255e-02,4.814986e-02
2.363549e-02,9.765471e-02,1.146232e-02,7.638586e-02,2.470331e-02,8.478912e-02,2.573685e-03,1.392269e-02,3.654003e-01,1.511321e-02,9.972350e-02,2.964028e-02,9.175252e-02,1.574154e-02,4.750147e-02
2.324386e-02,7.835118e-02,8.340565e-03,5.790834e-02,1.864249e-02,1.130303e-01,2.154956e-03,1.446203e-02,2.781345e-01,1.256096e-02,1.241311e-01,7.293977e-02,1.426084e-01,1.323983e-02,4.025175e-02
2.940293e-02,6.103460e-02,6.125827e-03,4.388833e-02,1.630624e-02,1.347750e-01,1.698789e-03,1.172051e-02,2.269953e-01,1.042967e-02,1.245387e-01,1.072623e-01,1.810947e-01,1.166413e-02,3.306308e-02
4.838925e-02,5.232844e-02,4.746363e-03,3.483361e-02,1.385013e-02,1.359776e-01,1.524244e-03,1.024786e-02,1.712108e-01,1.284911e-02,1.168450e-01,1.085888e-01,2.121523e-01,2.720539e-02,4.925111e-02
5.562595e-02,4.189537e-02,3.448677e-03,2.557905e-02,1.125094e-02,1.206633e-01,1.227495e-03,7.861824e-03,1.351016e-01,1.179534e-02,9.944914e-02,1.441808e-01,2.732253e-01,2.914489e-02,3.955032e-02
4.890513e-02,3.202493e-02,2.762332e-03,1.966341e-02,8.360567e-03,9.878588e-02,1.009998e-03,5.890147e-03,1.066748e-01,9.872954e-03,7.620989e-02,2.856300e-01,2.530469e-01,2.190874e-02,2.925434e-02
5.011395e-02,2.606334e-02,2.141308e-03,1.461950e-02,6.249989e-03,8.828776e-02,7.856753e-04,4.334823e-03,8.493114e-02,8.702341e-03,6.648977e-02,3.838923e-01,2.254663e-01,1.612565e-02,2.179612e-02
4.899837e-02,2.348265e-02,1.709583e-03,1.073947e-02,4.815079e-03,7.521168e-02,6.552478e-04,3.374802e-03,7.041624e-02,7.518865e-03,6.042551e-02,4.492823e-01,2.129211e-01,1.279184e-02,1.765713e-02
5.491329e-02,1.844102e-02,1.598715e-03,8.217815e-03,5.562413e-03,6.575046e-02,8.552275e-04,2.980356e-03,6.907786e-02,1.730814e-02,6.036695e-02,4.975280e-01,1.673438e-01,1.278472e-02,1.727115e-02
4.491710e-02,1.798793e-02,1.417766e-03,5.887532e-03,4.951047e-03,5.041998e-02,7.242900e-04,2.505387e-03,7.144486e-02,2.249244e-02,6.953076e-02,5.425177e-01,1.349608e-01,1.283762e-02,1.740480e-02
3.459882e-02,1.427944e-02,1.085811e-03,4.591615e-03,4.278532e-03,4.100100e-02,8.335726e-04,2.377117e-03,9.537209e-02,2.421372e-02,6.788154e-02,5.674319e-01,1.150764e-01,1.005525e-02,1.692322e-02
2.572368e-02,1.335274e-02,9.123472e-04,3.820441e-03,4.765879e-03,5.455304e-02,1.540400e-03,2.992091e-03,1.511603e-01,4.109158e-02,6.455195e-02,5.091988e-01,9.901047e-02,9.052388e-03,1.827382e-02
1.894900e-02,1.252429e-02,7.669302e-04,3.500640e-03,6.573460e-03,6.592017e-02,2.198040e-03,3.358227e-03,2.581909e-01,4.009684e-02,5.532849e-02,4.316720e-01,7.642330e-02,8.807741e-03,1.568987e-02
1.591806e-02,2.188658e-02,1.082976e-03,3.699690e-03,9.503949e-03,1.007628e-01,3.098723e-03,4.562975e-03,3.030785e-01,4.267189e-02,4.852433e-02,3.420361e-01,7.816041e-02,9.757056e-03,1.525592e-02
1.444969e-02,2.534840e-02,2.361000e-03,3.865120e-03,1.271568e-02,1.368399e-01,3.268262e-03,5.188205e-03,3.115397e-01,4.105721e-02,4.302441e-02,2.627600e-01,1.003626e-01,9.713322e-03,2.750647e-02
1.158231e-02,2.061124e-02,4.179047e-03,4.198808e-03,1.569836e-02,2.173536e-01,3.018153e-03,8.445879e-03,2.909014e-01,3.375641e-02,3.807554e-02,2.293887e-01,9.176743e-02,7.957461e-03,2.306578e-02
9.350737e-03,1.913774e-02,3.836210e-03,3.344499e-03,1.550280e-02,2.912129e-01,2.690296e-03,6.939655e-03,3.037164e-01,2.438255e-02,3.856327e-02,1.748634e-01,8.165172e-02,6.302559e-03,1.850536e-02
9.084909e-03,1.478731e-02,6.043456e-03,5.610244e-03,3.321945e-02,2.930538e-01,3.433024e-03,1.569561e-02,3.420032e-01,1.808981e-02,3.235035e-02,1.435437e-01,6.416299e-02,4.970957e-03,1.395123e-02
1.216818e-02,3.428641e-02,5.651904e-03,6.274795e-03,3.888357e-02,2.615251e-01,3.015455e-03,1.591372e-02,4.022204e-01,1.401605e-02,2.720142e-02,1.131188e-01,4.841911e-02,4.297514e-03,1.300753e-02
1.924271e-02,3.008949e-02,7.492786e-03,4.120548e-02,6.913255e-02,2.374828e-01,2.718071e-03,2.895306e-02,3.980886e-01,1.170200e-02,2.210914e-02,8.297782e-02,3.490864e-02,3.375902e-03,1.052082e-02
2.055205e-02,3.365619e-02,6.862487e-03,3.567496e-02,6.017566e-02,2.039669e-01,2.138375e-03,2.386137e-02,4.018904e-01,2.909469e-02,2.054151e-02,6.551905e-02,2.631143e-02,5.908582e-03,6.384633e-02
4.209301e-02,4.497111e-02,7.948359e-03,2.843624e-02,8.861963e-02,1.578983e-01,2.474600e-03,3.527565e-02,4.032045e-01,2.278541e-02,1.673687e-02,4.770145e-02,2.020502e-02,5.221488e-03,7.642834e-02
5.947146e-02,6.397787e-02,1.041285e-02,2.460922e-02,8.323340e-02,1.220579e-01,2.532999e-03,1.126087e-01,3.602086e-01,1.724972e-02,1.713705e-02,3.531489e-02,1.562327e-02,4.729263e-03,7.083276e-02
4.886761e-02,5.052384e-02,9.747584e-03,2.014299e-02,6.167579e-02,8.674921e-02,1.946063e-03,2.123911e-01,2.772534e-01,1.746781e-02,1.298940e-02,2.494652e-02,1.326518e-02,3.896776e-03,1.581367e-01
3.768418e-02,3.570415e-02,7.663930e-03,1.526938e-02,4.620825e-02,6.139962e-02,1.749072e-03,4.351988e-01,1.966696e-01,1.224532e-02,9.192504e-03,1.747949e-02,9.429388e-03,2.802503e-03,1.113037e-01
3.258879e-02,2.514089e-02,6.421625e-03,1.171747e-02,3.564750e-02,4.429278e-02,1.639710e-03,5.898045e-01,1.384123e-01,8.610308e-03,6.564686e-03,1.225105e-02,6.680335e-03,2.122530e-03,7.810552e-02
3.219413e-02,1.792499e-02,5.959063e-03,9.541298e-03,2.800438e-02,3.695767e-02,2.304761e-03,6.869050e-01,9.757964e-02,6.178902e-03,5.193619e-03,8.676764e-03,5.173427e-03,2.207719e-03,5.519863e-02
2.668151e-02,1.274708e-02,4.395956e-03,6.913940e-03,2.148068e-02,2.779828e-02,2.118336e-03,7.700328e-01,6.861958e-02,4.374721e-03,3.937566e-03,6.130700e-03,4.077166e-03,1.981216e-03,3.871048e-02
2.776377e-02,9.416515e-03,3.291634e-03,5.085639e-03,1.742924e-02,2.116727e-02,1.807033e-03,8.086534e-01,4.864019e-02,3.152159e-03,9.482324e-03,5.471522e-03,9.197996e-03,2.064221e-03,2.737711e-02
2.466397e-02,7.003834e-03,2.410806e-03,4.047442e-03,1.328817e-02,4.286031e-02,2.014973e-03,6.328932e-01,3.598103e-02,2.681703e-03,3.989478e-02,3.274345e-02,1.365473e-01,2.199301e-03,2.076979e-02
2.776860e-02,5.335754e-03,2.082096e-03,4.236343e-03,9.757660e-03,8.315896e-02,2.858983e-03,4.619292e-01,2.724846e-02,2.440952e-03,5.384446e-02,1.059153e-01,1.943103e-01,2.846347e-03,1.626666e-02
2.134801e-02,3.829434e-03,1.756524e-03,3.161673e-03,6.914187e-03,1.205005e-01,2.515442e-03,3.244053e-01,1.969716e-02,1.772111e-03,4.095003e-02,2.240512e-01,2.147586e-01,2.582268e-03,1.175754e-02
1.655819e-02,2.816438e-03,1.868508e-03,2.374756e-03,4.918871e-03,1.774061e-01,2.283854e-03,2.288233e-01,1.505170e-02,1.341199e-03,2.987979e-02,3.387030e-01,1.640751e-01,3.279058e-03,1.062012e-02
1.180736e-02,2.113420e-03,2.107933e-03,1.717917e-03,3.587329e-03,1.545634e-01,1.812347e-03,1.603153e-01,1.254208e-02,1.334994e-03,2.222546e-02,4.799777e-01,1.357591e-01,2.502927e-03,7.632737e-03
8.848831e-03,1.741205e-03,2.019082e-03,1.308110e-03,2.812173e-03,1.238850e-01,2.088092e-03,1.126727e-01,1.134852e-02,2.833643e-03,2.024910e-02,5.990496e-01,1.030450e-01,2.199463e-03,5.899542e-03
8.894311e-03,1.851339e-03,1.688566e-03,1.063956e-03,2.947201e-03,9.099774e-02,2.048193e-03,8.017277e-02,1.040410e-02,6.405128e-03,2.690014e-02,6.769822e-01,8.243245e-02,2.271394e-03,4.940545e-03
8.946434e-03,1.843356e-03,1.234482e-03,7.829308e-04,2.290364e-03,6.416325e-02,1.502295e-03,5.642914e-02,7.589924e-03,6.483076e-03,4.165128e-02,7.424428e-01,5.881137e-02,2.164595e-03,3.664654e-03
1.049277e-02,2.437247e-03,9.814753e-04,6.081180e-04,2.362259e-03,4.584010e-02,1.197017e-03,3.978916e-02,5.840737e-03,7.759792e-03,3.743698e-02,7.982889e-01,4.170076e-02,2.454038e-03,2.810644e-03
9.256962e-03,2.319341e-03,7.818268e-04,5.158074e-04,5.651217e-03,3.280965e-02,8.842607e-04,2.807777e-02,5.288416e-03,7.648984e-03,3.007887e-02,8.416985e-01,3.008074e-02,2.880351e-03,2.027296e-03
8.369651e-03,2.371794e-03,7.869566e-04,5.116106e-04,1.691456e-02,2.366215e-02,6.825929e-04,2.015258e-02,9.656856e-03,8.178082e-03,2.427450e-02,8.570021e-01,2.237823e-02,3.591747e-03,1.466554e-03
1.134463e-02,2.212957e-03,7.446679e-04,5.466659e-04,1.427961e-02,1.766246e-02,5.096522e-04,1.429915e-02,8.800341e-03,7.406310e-03,3.141337e-02,8.703228e-01,1.637199e-02,2.952677e-03,1.132705e-03
1.235227e-02,2.969262e-03,1.074794e-03,1.728572e-03,2.690497e-02,1.361881e-02,5.849851e-04,1.540805e-02,9.273926e-03,8.242162e-03,2.966019e-02,8.624763e-01,1.208480e-02,2.771897e-03,8.490614e-04
1.302215e-02,4.277047e-03,1.175345e-02,8.291637e-03,3.060632e-02,1.111529e-02,1.087755e-03,1.614643e-01,8.565903e-03,8.764270e-03,2.341933e-02,7.058372e-01,8.885193e-03,2.287266e-03,6.229569e-04
1.659900e-02,3.609677e-03,1.091316e-02,8.663260e-03,4.202819e-02,1.023181e-02,4.013015e-03,2.890546e-01,1.119712e-02,6.912225e-03,2.199453e-02,5.655725e-01,6.791903e-03,1.934386e-03,4.847161e-04
2.424464e-02,3.295504e-03,1.821004e-02,1.872779e-02,3.644899e-02,1.739011e-02,4.451212e-03,3.726730e-01,1.181840e-02,6.192443e-03,3.458048e-02,4.443904e-01,5.379875e-03,1.799667e-03,3.975438e-04
4.885485e-02,3.599022e-03,1.617799e-02,2.172158e-02,5.910178e-02,3.917223e-02,3.602915e-03,3.570720e-01,3.774279e-02,4.977089e-03,3.662601e-02,3.597150e-01,9.228840e-03,1.633775e-03,7.741495e-04
4.298938e-02,6.496592e-03,1.537131e-02,2.098936e-02,5.017530e-02,2.844248e-02,2.638231e-03,3.615694e-01,1.415551e-01,4.124771e-03,4.325590e-02,2.688779e-01,1.060298e-02,2.097691e-03,8.136128e-04
3.442290e-02,5.381995e-03,1.359303e-02,2.054709e-02,6.806129e-02,2.090467e-02,2.293794e-03,4.595873e-01,1.256844e-01,3.828120e-03,3.709172e-02,1.959867e-01,1.007173e-02,1.788246e-03,7.571423e-04
3.132315e-02,7.900111e-03,1.091953e-02,1.785266e-02,5.581279e-02,1.609322e-02,2.009224e-03,3.601612e-01,2.867376e-01,4.515844e-03,4.479240e-02,1.442022e-01,1.446206e-02,1.817790e-03,1.400219e-03
2.887367e-02,8.928398e-03,1.027278e-02,2.557602e-02,4.958342e-02,1.302850e-02,1.634356e-03,2.790631e-01,3.917346e-01,6.176771e-03,5.371607e-02,1.083726e-01,1.801654e-02,2.322401e-03,2.700921e-03
2.337486e-02,1.108906e-02,1.538346e-02,5.848762e-02,4.237318e-02,1.068881e-02,1.283944e-03,2.504300e-01,3.926464e-01,2.089012e-02,5.436882e-02,8.326985e-02,1.687941e-02,2.065763e-03,1.676864e-02
1.673801e-02,8.998944e-03,1.168052e-02,6.949302e-02,3.006839e-02,7.633368e-03,9.443871e-04,1.756146e-01,4.649871e-01,1.520831e-02,9.832663e-02,6.866353e-02,1.541763e-02,2.404161e-03,1.382141e-02
1.202224e-02,7.373258e-03,9.989282e-03,8.556938e-02,2.151657e-02,5.548385e-03,6.986640e-04,1.236144e-01,4.512503e-01,1.174066e-02,1.801307e-01,5.834500e-02,1.287634e-02,8.555992e-03,1.076883e-02
8.643867e-03,5.366512e-03,7.869461e-03,6.628518e-02,1.591679e-02,3.996086e-03,5.184850e-04,8.661467e-02,3.293449e-01,8.687521e-03,3.638116e-01,6.521009e-02,9.637599e-03,2.012486e-02,7.972375e-03
6.156843e-03,3.922528e-03,6.041223e-03,5.016942e-02,1.214105e-02,2.921036e-03,3.745798e-04,6.072626e-02,2.323857e-01,6.493057e-03,5.064117e-01,5.456671e-02,6.974824e-03,4.489536e-02,5.819682e-03
4.497424e-03,3.497700e-03,9.278536e-03,3.630062e-02,2.291495e-02,2.244660e-03,2.772205e-04,4.274423e-02,1.637095e-01,4.930810e-03,5.886247e-01,4.314053e-02,5.268889e-03,6.780237e-02,4.767839e-03
3.192865e-03,2.560678e-03,7.740743e-03,2.561730e-02,1.833025e-02,1.643972e-03,1.973064e-04,2.994396e-02,1.147947e-01,3.639389e-03,5.327204e-01,3.223283e-02,3.934787e-03,2.196347e-01,3.816027e-03
2.268717e-03,2.113467e-03,7.391984e-03,1.804094e-02,2.545429e-02,1.379886e-03,1.448676e-04,2.099455e-02,8.104535e-02,2.756072e-03,4.246576e-01,2.386054e-02,3.096630e-03,3.837817e-01,3.013480e-03
1.697666e-03,3.487685e-03,6.585302e-03,1.268322e-02,2.282204e-02,4.561934e-03,1.032120e-04,1.471415e-02,5.853696e-02,2.342797e-03,3.043210e-01,1.679734e-02,2.332390e-03,5.458703e-01,3.143989e-03
1.934859e-03,2.473042e-02,6.136207e-02,9.740880e-03,2.591888e-02,2.139813e-02,8.833285e-05,1.050186e-02,4.470156e-02,2.033140e-03,2.319963e-01,1.188405e-02,2.672993e-03,5.477961e-01,3.240475e-03
8.173647e-03,3.544904e-02,1.384357e-01,1.041876e-02,3.353438e-02,2.766250e-02,1.190106e-04,7.829413e-03,3.580103e-02,7.425862e-03,1.677111e-01,8.433957e-03,2.540160e-03,4.818037e-01,3.466164e-02
6.034862e-03,2.766563e-02,3.731605e-01,7.781228e-03,2.367989e-02,2.028980e-02,8.816555e-05,5.542910e-03,2.767686e-02,6.283214e-03,1.175944e-01,5.906113e-03,1.812044e-03,3.421765e-01,3.430796e-02
8.301608e-03,2.726053e-02,5.112600e-01,6.315491e-03,1.741389e-02,1.828350e-02,9.431172e-05,3.955163e-03,2.152368e-02,5.666016e-03,8.313105e-02,4.140014e-03,1.371721e-03,2.581111e-01,3.317196e-02
2.699161e-02,5.363987e-02,5.142606e-01,4.299261e-02,1.757560e-02,1.917257e-02,2.175516e-04,2.920385e-03,1.850404e-02,4.551772e-03,5.911671e-02,2.919547e-03,1.258371e-03,1.972293e-01,3.864944e-02
1.028420e-01,6.479444e-02,4.699692e-01,3.924174e-02,2.189043e-02,2.109539e-02,4.922040e-04,2.127552e-03,1.570079e-02,3.476143e-03,4.286271e-02,2.073781e-03,1.238598e-03,1.774161e-01,3.477900e-02
