1.000000e+00,0.000000e+00,0.000000e+00,0.000000e+00,0.000000e+00,0.000000e+00,0.000000e+00,0.000000e+00,0.000000e+00,0.000000e+00,0.000000e+00,0.000000e+00,0.000000e+00,0.000000e+00,0.000000e+00
1.000000e+00,0.000000e+00,0.000000e+00,0.000000e+00,0.000000e+00,0.000000e+00,0.000000e+00,0.000000e+00,0.000000e+00,0.000000e+00,0.000000e+00,0.000000e+00,0.000000e+00,0.000000e+00,0.000000e+00
1.000000e+00,0.000000e+00,0.000000e+00,0.000000e+00,0.000000e+00,0.000000e+00,0.000000e+00,0.000000e+00,0.000000e+00,0.000000e+00,0.000000e+00,0.000000e+00,0.000000e+00,0.000000e+00,0.000000e+00
1.000000e+00,0.000000e+00,0.000000e+00,0.000000e+00,0.000000e+00,0.000000e+00,0.000000e+00,0.000000e+00,0.000000e+00,0.000000e+00,0.000000e+00,0.000000e+00,0.000000e+00,0.000000e+00,0.000000e+00
1.000000e+00,0.000000e+00,0.000000e+00,0.000000e+00,0.000000e+00,0.000000e+00,0.000000e+00,0.000000e+00,0.000000e+00,0.000000e+00,0.000000e+00,0.000000e+00,0.000000e+00,0.000000e+00,0.000000e+00
1.000000e+00,0.000000e+00,0.000000e+00,0.000000e+00,0.000000e+00,0.000000e+00,0.000000e+00,0.000000e+00,0.000000e+00,0.000000e+00,0.000000e+00,0.000000e+00,0.000000e+00,0.000000e+00,0.000000e+00
1.000000e+00,0.000000e+00,0.000000e+00,0.000000e+00,0.000000e+00,0.000000e+00,0.000000e+00,0.000000e+00,0.000000e+00,0.000000e+00,0.000000e+00,0.000000e+00,0.000000e+00,0.000000e+00,0.000000e+00
1.000000e+00,0.000000e+00,0.000000e+00,0.000000e+00,0.000000e+00,0.000000e+00,0.000000e+00,0.000000e+00,0.000000e+00,0.000000e+00,0.000000e+00,0.000000e+00,0.000000e+00,0.000000e+00,0.000000e+00
1.000000e+00,0.000000e+00,0.000000e+00,0.000000e+00,0.000000e+00,0.000000e+00,0.000000e+00,0.000000e+00,0.000000e+00,0.000000e+00,0.000000e+00,0.000000e+00,0.000000e+00,0.000000e+00,0.000000e+00
1.000000e+00,0.000000e+00,0.000000e+00,0.000000e+00,0.000000e+00,0.000000e+00,0.000000e+00,0.000000e+00,0.000000e+00,0.000000e+00,0.000000e+00,0.000000e+00,0.000000e+00,0.000000e+00,0.000000e+00
1.000000e+00,0.000000e+00,0.000000e+00,0.000000e+00,0.000000e+00,0.000000e+00,0.000000e+00,0.000000e+00,0.000000e+00,0.000000e+00,0.000000e+00,0.000000e+00,0.000000e+00,0.000000e+00,0.000000e+00
1.000000e+00,0.000000e+00,0.000000e+00,0.000000e+00,0.000000e+00,0.000000e+00,0.000000e+00,0.000000e+00,0.000000e+00,0.000000e+00,0.000000e+00,0.000000e+00,0.000000e+00,0.000000e+00,0.000000e+00
1.000000e+00,0.000000e+00,0.000000e+00,0.000000e+00,0.000000e+00,0.000000e+00,0.000000e+00,0.000000e+00,0.000000e+00,0.000000e+00,0.000000e+00,0.000000e+00,0.000000e+00,0.000000e+00,0.000000e+00
1.000000e+00,0.000000e+00,0.000000e+00,0.000000e+00,0.000000e+00,0.000000e+00,0.000000e+00,0.000000e+00,0.000000e+00,0.000000e+00,0.000000e+00,0.000000e+00,0.000000e+00,0.000000e+00,0.000000e+00
1.000000e+00,0.000000e+00,0.000000e+00,0.000000e+00,0.000000e+00,0.000000e+00,0.000000e+00,0.000000e+00,0.000000e+00,0.000000e+00,0.000000e+00,0.000000e+00,0.000000e+00,0.000000e+00,0.000000e+00
1.000000e+00,0.000000e+00,0.000000e+00,0.000000e+00,0.000000e+00,0.000000e+00,0.000000e+00,0.000000e+00,0.000000e+00,0.000000e+00,0.000000e+00,0.000000e+00,0.000000e+00,0.000000e+00,0.000000e+00
1.000000e+00,0.000000e+00,0.000000e+00,0.000000e+00,0.000000e+00,0.000000e+00,0.000000e+00,0.000000e+00,0.000000e+00,0.000000e+00,0.000000e+00,0.000000e+00,0.000000e+00,0.000000e+00,0.000000e+00
1.000000e+00,0.000000e+00,0.000000e+00,0.000000e+00,0.000000e+00,0.000000e+00,0.000000e+00,0.000000e+00,0.000000e+00,0.000000e+00,0.000000e+00,0.000000e+00,0.000000e+00,0.000000e+00,0.000000e+00
1.000000e+00,0.000000e+00,0.000000e+00,0.000000e+00,0.000000e+00,0.000000e+00,0.000000e+00,0.000000e+00,0.000000e+00,0.000000e+00,0.000000e+00,0.000000e+00,0.000000e+00,0.000000e+00,0.000000e+00
1.000000e+00,0.000000e+00,0.000000e+00,0.000000e+00,0.000000e+00,0.000000e+00,0.000000e+00,0.000000e+00,0.000000e+00,0.000000e+00,0.000000e+00,0.000000e+00,0.000000e+00,0.000000e+00,0.000000e+00
1.000000e+00,0.000000e+00,0.000000e+00,0.000000e+00,0.000000e+00,0.000000e+00,0.000000e+00,0.000000e+00,0.000000e+00,0.000000e+00,0.000000e+00,0.000000e+00,0.000000e+00,0.000000e+00,0.000000e+00
1.000000e+00,0.000000e+00,0.000000e+00,0.000000e+00,0.000000e+00,0.000000e+00,0.000000e+00,0.000000e+00,0.000000e+00,0.000000e+00,0.000000e+00,0.000000e+00,0.000000e+00,0.000000e+00,0.000000e+00
1.000000e+00,0.000000e+00,0.000000e+00,0.000000e+00,0.000000e+00,0.000000e+00,0.000000e+00,0.000000e+00,0.000000e+00,0.000000e+00,0.000000e+00,0.000000e+00,0.000000e+00,0.000000e+00,0.000000e+00
1.000000e+00,0.000000e+00,0.000000e+00,0.000000e+00,0.000000e+00,0.000000e+00,0.000000e+00,0.000000e+00,0.000000e+00,0.000000e+00,0.000000e+00,0.000000e+00,0.000000e+00,0.000000e+00,0.000000e+00
1.000000e+00,0.000000e+00,0.000000e+00,0.000000e+00,0.000000e+00,0.000000e+00,0.000000e+00,0.000000e+00,0.000000e+00,0.000000e+00,0.000000e+00,0.000000e+00,0.000000e+00,0.000000e+00,0.000000e+00
1.000000e+00,0.000000e+00,0.000000e+00,0.000000e+00,0.000000e+00,0.000000e+00,0.000000e+00,0.000000e+00,0.000000e+00,0.000000e+00,0.000000e+00,0.000000e+00,0.000000e+00,0.000000e+00,0.000000e+00
1.000000e+00,0.000000e+00,0.000000e+00,0.000000e+00,0.000000e+00,0.000000e+00,0.000000e+00,0.000000e+00,0.000000e+00,0.000000e+00,0.000000e+00,0.000000e+00,0.000000e+00,0.000000e+00,0.000000e+00
1.000000e+00,0.000000e+00,0.000000e+00,0.000000e+00,0.000000e+00,0.000000e+00,0.000000e+00,0.000000e+00,0.000000e+00,0.000000e+00,0.000000e+00,0.000000e+00,0.000000e+00,0.000000e+00,0.000000e+00
1.000000e+00,0.000000e+00,0.000000e+00,0.000000e+00,0.000000e+00,0.000000e+00,0.000000e+00,0.000000e+00,0.000000e+00,0.000000e+00,0.000000e+00,0.000000e+00,0.000000e+00,0.000000e+00,0.000000e+00
1.000000e+00,0.000000e+00,0.000000e+00,0.000000e+00,0.000000e+00,0.000000e+00,0.000000e+00,0.000000e+00,0.000000e+00,0.000000e+00,0.000000e+00,0.000000e+00,0.000000e+00,0.000000e+00,0.000000e+00
1.000000e+00,0.000000e+00,0.000000e+00,0.000000e+00,0.000000e+00,0.000000e+00,0.000000e+00,0.000000e+00,0.000000e+00,0.000000e+00,0.000000e+00,0.000000e+00,0.000000e+00,0.000000e+00,0.000000e+00
1.000000e+00,0.000000e+00,0.000000e+00,0.000000e+00,0.000000e+00,0.000000e+00,0.000000e+00,0.000000e+00,0.000000e+00,0.000000e+00,0.000000e+00,0.000000e+00,0.000000e+00,0.000000e+00,0.000000e+00
1.000000e+00,0.000000e+00,0.000000e+00,0.000000e+00,0.000000e+00,0.000000e+00,0.000000e+00,0.000000e+00,0.000000e+00,0.000000e+00,0.000000e+00,0.000000e+00,0.000000e+00,0.000000e+00,0.000000e+00
1.000000e+00,0.000000e+00,0.000000e+00,0.000000e+00,0.000000e+00,0.000000e+00,0.000000e+00,0.000000e+00,0.000000e+00,0.000000e+00,0.000000e+00,0.000000e+00,0.000000e+00,0.000000e+00,0.000000e+00
1.000000e+00,0.000000e+00,0.000000e+00,0.000000e+00,0.000000e+00,0.000000e+00,0.000000e+00,0.000000e+00,0.000000e+00,0.000000e+00,0.000000e+00,0.000000e+00,0.000000e+00,0.000000e+00,0.000000e+00
1.000000e+00,0.000000e+00,0.000000e+00,0.000000e+00,0.000000e+00,0.000000e+00,0.000000e+00,0.000000e+00,0.000000e+00,0.000000e+00,0.000000e+00,0.000000e+00,0.000000e+00,0.000000e+00,0.000000e+00
1.000000e+00,0.000000e+00,0.000000e+00,0.000000e+00,0.000000e+00,0.000000e+00,0.000000e+00,0.000000e+00,0.000000e+00,0.000000e+00,0.000000e+00,0.000000e+00,0.000000e+00,0.000000e+00,0.000000e+00
1.000000e+00,0.000000e+00,0.000000e+00,0.000000e+00,0.000000e+00,0.000000e+00,0.000000e+00,0.000000e+00,0.000000e+00,0.000000e+00,0.000000e+00,0.000000e+00,0.000000e+00,0.000000e+00,0.000000e+00
1.000000e+00,0.000000e+00,0.000000e+00,0.000000e+00,0.000000e+00,0.000000e+00,0.000000e+00,0.000000e+00,0.000000e+00,0.000000e+00,0.000000e+00,0.000000e+00,0.000000e+00,0.000000e+00,0.000000e+00
1.000000e+00,0.000000e+00,0.000000e+00,0.000000e+00,0.000000e+00,0.000000e+00,0.000000e+00,0.000000e+00,0.000000e+00,0.000000e+00,0.000000e+00,0.000000e+00,0.000000e+00,0.000000e+00,0.000000e+00
1.000000e+00,0.000000e+00,0.000000e+00,0.000000e+00,0.000000e+00,0.000000e+00,0.000000e+00,0.000000e+00,0.000000e+00,0.000000e+00,0.000000e+00,0.000000e+00,0.000000e+00,0.000000e+00,0.000000e+00
1.000000e+00,0.000000e+00,0.000000e+00,0.000000e+00,0.000000e+00,0.000000e+00,0.000000e+00,0.000000e+00,0.000000e+00,0.000000e+00,0.000000e+00,0.000000e+00,0.000000e+00,0.000000e+00,0.000000e+00
1.000000e+00,0.000000e+00,0.000000e+00,0.000000e+00,0.000000e+00,0.000000e+00,0.000000e+00,0.000000e+00,0.000000e+00,0.000000e+00,0.000000e+00,0.000000e+00,0.000000e+00,0.000000e+00,0.000000e+00
1.000000e+00,0.000000e+00,0.000000e+00,0.000000e+00,0.000000e+00,0.000000e+00,0.000000e+00,0.000000e+00,0.000000e+00,0.000000e+00,0.000000e+00,0.000000e+00,0.000000e+00,0.000000e+00,0.000000e+00
1.000000e+00,0.000000e+00,0.000000e+00,0.000000e+00,0.000000e+00,0.000000e+00,0.000000e+00,0.000000e+00,0.000000e+00,0.000000e+00,0.000000e+00,0.000000e+00,0.000000e+00,0.000000e+00,0.000000e+00
1.000000e+00,0.000000e+00,0.000000e+00,0.000000e+00,0.000000e+00,0.000000e+00,0.000000e+00,0.000000e+00,0.000000e+00,0.000000e+00,0.000000e+00,0.000000e+00,0.000000e+00,0.000000e+00,0.000000e+00
1.000000e+00,0.000000e+00,0.000000e+00,0.000000e+00,0.000000e+00,0.000000e+00,0.000000e+00,0.000000e+00,0.000000e+00,0.000000e+00,0.000000e+00,0.000000e+00,0.000000e+00,0.000000e+00,0.000000e+00
1.000000e+00,0.000000e+00,0.000000e+00,0.000000e+00,0.000000e+00,0.000000e+00,0.000000e+00,0.000000e+00,0.000000e+00,0.000000e+00,0.000000e+00,0.000000e+00,0.000000e+00,0.000000e+00,0.000000e+00
1.000000e+00,0.000000e+00,0.000000e+00,0.000000e+00,0.000000e+00,0.000000e+00,0.000000e+00,0.000000e+00,0.000000e+00,0.000000e+00,0.000000e+00,0.000000e+00,0.000000e+00,0.000000e+00,0.000000e+00
1.000000e+00,0.000000e+00,0.000000e+00,0.000000e+00,0.000000e+00,0.000000e+00,0.000000e+00,0.000000e+00,0.000000e+00,0.000000e+00,0.000000e+00,0.000000e+00,0.000000e+00,0.000000e+00,0.000000e+00
1.000000e+00,0.000000e+00,0.000000e+00,0.000000e+00,0.000000e+00,0.000000e+00,0.000000e+00,0.000000e+00,0.000000e+00,0.000000e+00,0.000000e+00,0.000000e+00,0.000000e+00,0.000000e+00,0.000000e+00
1.000000e+00,0.000000e+00,0.000000e+00,0.000000e+00,0.000000e+00,0.000000e+00,0.000000e+00,0.000000e+00,0.000000e+00,0.000000e+00,0.000000e+00,0.000000e+00,0.000000e+00,0.000000e+00,0.000000e+00
1.000000e+00,0.000000e+00,0.000000e+00,0.000000e+00,0.000000e+00,0.000000e+00,0.000000e+00,0.000000e+00,0.000000e+00,0.000000e+00,0.000000e+00,0.000000e+00,0.000000e+00,0.000000e+00,0.000000e+00
1.000000e+00,0.000000e+00,0.000000e+00,0.000000e+00,0.000000e+00,0.000000e+00,0.000000e+00,0.000000e+00,0.000000e+00,0.000000e+00,0.000000e+00,0.000000e+00,0.000000e+00,0.000000e+00,0.000000e+00
1.000000e+00,0.000000e+00,0.000000e+00,0.000000e+00,0.000000e+00,0.000000e+00,0.000000e+00,0.000000e+00,0.000000e+00,0.000000e+00,0.000000e+00,0.000000e+00,0.000000e+00,0.000000e+00,0.000000e+00
1.000000e+00,0.000000e+00,0.000000e+00,0.000000e+00,0.000000e+00,0.000000e+00,0.000000e+00,0.000000e+00,0.000000e+00,0.000000e+00,0.000000e+00,0.000000e+00,0.000000e+00,0.000000e+00,0.000000e+00
1.000000e+00,0.000000e+00,0.000000e+00,0.000000e+00,0.000000e+00,0.000000e+00,0.000000e+00,0.000000e+00,0.000000e+00,0.000000e+00,0.000000e+00,0.000000e+00,0.000000e+00,0.000000e+00,0.000000e+00
1.000000e+00,0.000000e+00,0.000000e+00,0.000000e+00,0.000000e+00,0.000000e+00,0.000000e+00,0.000000e+00,0.000000e+00,0.000000e+00,0.000000e+00,0.000000e+00,0.000000e+00,0.000000e+00,0.000000e+00
1.000000e+00,0.000000e+00,0.000000e+00,0.000000e+00,0.000000e+00,0.000000e+00,0.000000e+00,0.000000e+00,0.000000e+00,0.000000e+00,0.000000e+00,0.000000e+00,0.000000e+00,0.000000e+00,0.000000e+00
1.000000e+00,0.000000e+00,0.000000e+00,0.000000e+00,0.000000e+00,0.000000e+00,0.000000e+00,0.000000e+00,0.000000e+00,0.000000e+00,0.000000e+00,0.000000e+00,0.000000e+00,0.000000e+00,0.000000e+00
4.728440e-01,4.406568e-02,8.396048e-03,1.912809e-01,5.363358e-03,1.785341e-02,3.378833e-03,1.024363e-02,9.343128e-02,4.898288e-03,2.170817e-02,2.563832e-02,5.547511e-02,2.881270e-03,4.254172e-02
3.418864e-01,7.020995e-02,7.169090e-03,1.969541e-01,4.205420e-03,2.149027e-02,2.837281e-03,8.364682e-03,1.521662e-01,6.554257e-03,1.886633e-02,2.718818e-02,8.543684e-02,2.398621e-03,5.427236e-02
2.805942e-01,1.044103e-01,7.212299e-03,1.668873e-01,3.739284e-03,1.876571e-02,2.451466e-03,1.552349e-02,2.190508e-01,6.291061e-03,1.550176e-02,2.048776e-02,8.727239e-02,2.671112e-03,4.914107e-02
2.245501e-01,9.373306e-02,5.792914e-03,1.326402e-01,3.270978e-03,2.372141e-02,2.152076e-03,1.366332e-02,2.043510e-01,4.885598e-03,1.150292e-02,1.514935e-02,2.094696e-01,2.366491e-03,5.275103e-02
1.688729e-01,8.390586e-02,4.617880e-03,9.670804e-02,2.594936e-03,2.392006e-02,1.674481e-03,1.053363e-02,1.799412e-01,3.816660e-03,8.463887e-03,1.137531e-02,3.584249e-01,1.906189e-03,4.324403e-02
1.295553e-01,1.071877e-01,3.949288e-03,7.593203e-02,2.246862e-03,2.095649e-02,1.349069e-03,8.422209e-03,2.184743e-01,3.178966e-03,6.402491e-03,9.853128e-03,3.688320e-01,2.017638e-03,4.164254e-02
9.599505e-02,1.396516e-01,3.433799e-03,5.939806e-02,1.718453e-03,1.718793e-02,1.047750e-03,6.469811e-03,2.566435e-01,2.732611e-03,4.823699e-03,7.833472e-03,3.642151e-01,1.693106e-03,3.715605e-02
1.051314e-01,1.614172e-01,3.102193e-03,4.434831e-02,1.573440e-03,1.831114e-02,9.005554e-04,5.323465e-03,2.088632e-01,2.022183e-03,3.891244e-03,6.422296e-03,3.930379e-01,1.511754e-03,4.414368e-02
1.209797e-01,1.312134e-01,2.694301e-03,3.256144e-02,1.575557e-03,1.932816e-02,7.805356e-04,4.674990e-03,1.586898e-01,1.461667e-03,3.316885e-03,6.201087e-03,4.710101e-01,1.399149e-03,4.411325e-02
9.751742e-02,1.029204e-01,2.185517e-03,2.319324e-02,1.353299e-03,1.506128e-02,6.332393e-04,3.775075e-03,1.235574e-01,1.074969e-03,2.564122e-03,6.608862e-03,5.826815e-01,1.133026e-03,3.574058e-02
8.221173e-02,8.246459e-02,2.471115e-03,1.712799e-02,1.238465e-03,1.308043e-02,6.498697e-04,3.145700e-03,1.027047e-01,8.111476e-04,2.723625e-03,7.781116e-03,6.541431e-01,1.221547e-03,2.822491e-02
6.906226e-02,6.529795e-02,2.328414e-03,1.252603e-02,1.310852e-03,1.242537e-02,6.238165e-04,2.972404e-03,8.603385e-02,6.246286e-04,2.866474e-03,6.802532e-03,7.134212e-01,9.669209e-04,2.273729e-02
7.450450e-02,4.876488e-02,1.798981e-03,9.319597e-03,1.287212e-03,1.485132e-02,5.628174e-04,2.730013e-03,6.351716e-02,4.687998e-04,3.766562e-03,7.091779e-03,7.522432e-01,7.934783e-04,1.829977e-02
6.808812e-02,3.788895e-02,1.529736e-03,6.966553e-03,1.415678e-03,2.663424e-02,6.301362e-04,2.939424e-03,5.048821e-02,3.610217e-04,3.994592e-03,9.318121e-03,7.726877e-01,6.514073e-04,1.640620e-02
5.060640e-02,3.104391e-02,1.944223e-03,5.044824e-03,1.715786e-03,2.214429e-02,5.193091e-04,2.192094e-03,4.988283e-02,3.342665e-04,3.296589e-03,8.208284e-03,8.040831e-01,5.944725e-04,1.838965e-02
4.454746e-02,2.331358e-02,2.144030e-03,5.013393e-03,1.895278e-03,2.366076e-02,4.617195e-04,4.151963e-03,6.555485e-02,1.092423e-03,3.568169e-03,1.223425e-02,7.914551e-01,6.020396e-04,2.030505e-02
3.244864e-02,1.642554e-02,2.589044e-03,5.420132e-03,1.610646e-03,2.428471e-02,3.893358e-04,2.095540e-02,5.015636e-02,1.478614e-03,3.550272e-03,1.354882e-02,8.044208e-01,6.006474e-04,2.212104e-02
2.382845e-02,1.161125e-02,3.788074e-03,1.278181e-02,1.433128e-03,2.931971e-02,4.317904e-04,6.238685e-02,3.921835e-02,2.490899e-03,3.289834e-03,1.262883e-02,7.042548e-01,1.061386e-03,9.147486e-02
1.712395e-02,8.299512e-03,3.413578e-03,1.075288e-02,1.328081e-03,2.163249e-02,5.779580e-04,1.941505e-01,3.304327e-02,2.487635e-03,3.670306e-03,1.458181e-02,5.662837e-01,9.547771e-04,1.216995e-01
1.375994e-02,6.803092e-03,4.767437e-03,1.105992e-02,1.224034e-03,1.580052e-02,9.568576e-04,3.966258e-01,3.298201e-02,2.568856e-03,3.061987e-03,1.118828e-02,4.003909e-01,7.296077e-04,9.808078e-02
1.806345e-02,6.540272e-03,8.122252e-03,1.185212e-02,4.569930e-03,1.568394e-02,2.787833e-03,5.016450e-01,4.171924e-02,2.383367e-03,2.876640e-03,8.350741e-03,2.868373e-01,8.355876e-04,8.773229e-02
3.258229e-02,6.426503e-03,1.357338e-02,1.784646e-02,1.444541e-02,1.507705e-02,5.025818e-03,5.345549e-01,4.588462e-02,2.268105e-03,3.158357e-03,6.518397e-03,2.114030e-01,1.204819e-03,9.003083e-02
2.533152e-02,4.983859e-03,1.165567e-02,2.506674e-02,2.700393e-02,1.548691e-02,6.469737e-03,6.107713e-01,3.741325e-02,1.849380e-03,2.789862e-03,4.775473e-03,1.517368e-01,9.636765e-04,7.370184e-02
2.249547e-02,3.942227e-03,8.984279e-03,2.247951e-02,4.332977e-02,1.654581e-02,7.219912e-03,6.664860e-01,3.118882e-02,1.423433e-03,2.390989e-03,3.593924e-03,1.092478e-01,7.915440e-04,5.988041e-02
1.749140e-02,2.940556e-03,6.538602e-03,1.653112e-02,3.745831e-02,1.230847e-02,5.590350e-03,7.520947e-01,2.279526e-02,1.018935e-03,1.819875e-03,2.567626e-03,7.700952e-02,5.982020e-04,4.323706e-02
1.334763e-02,2.086375e-03,4.755695e-03,1.221498e-02,2.720320e-02,1.049745e-02,4.094744e-03,8.208324e-01,1.603173e-02,7.305226e-04,1.433521e-03,1.860970e-03,5.408758e-02,4.459835e-04,3.037719e-02
1.389181e-02,1.914739e-03,5.010035e-03,9.100813e-03,2.019682e-02,3.061598e-02,3.085603e-03,8.254683e-01,1.181993e-02,9.643874e-04,9.597708e-03,2.838847e-03,4.154253e-02,1.857540e-03,2.209488e-02
1.577352e-02,1.489785e-03,4.308454e-03,6.518981e-03,1.486482e-02,2.697378e-02,2.270308e-03,8.558555e-01,8.491766e-03,8.152854e-04,9.666856e-03,3.178209e-03,3.067985e-02,1.517452e-03,1.759549e-02
1.379718e-02,1.936991e-03,4.014891e-03,4.989249e-03,1.100393e-02,7.933526e-02,1.804535e-03,6.905882e-01,6.837973e-03,2.255020e-03,4.784232e-02,1.747792e-02,3.416365e-02,6.988253e-02,1.407037e-02
9.848965e-03,2.253094e-03,2.869836e-03,3.658676e-03,7.720342e-03,7.785901e-02,1.270680e-03,4.883952e-01,5.346711e-03,2.238276e-03,4.569517e-02,1.593028e-02,2.688377e-02,2.831021e-01,2.692788e-02
7.079036e-03,2.748505e-03,2.091633e-03,2.678657e-03,5.428605e-03,6.398186e-02,9.032549e-04,3.439860e-01,9.955359e-03,2.653264e-03,4.668279e-02,1.334636e-02,2.128005e-02,4.407507e-01,3.643390e-02
5.106268e-03,4.050797e-03,1.579406e-03,2.184242e-03,3.843541e-03,4.899521e-02,6.422818e-04,2.410269e-01,3.343247e-02,2.911968e-03,4.224656e-02,9.979779e-03,1.626168e-02,5.451182e-01,4.262081e-02
3.814377e-03,4.401319e-03,1.515297e-03,2.643920e-03,2.792307e-03,3.875181e-02,4.707806e-04,1.688004e-01,8.084129e-02,3.853345e-03,3.613091e-02,1.103180e-02,1.212519e-02,5.168092e-01,1.160181e-01
2.949711e-03,5.527162e-03,1.125417e-03,2.834150e-03,2.019771e-03,3.368803e-02,3.442214e-04,1.181736e-01,8.302718e-02,3.623780e-03,2.990136e-02,9.100388e-03,9.060287e-03,6.041903e-01,9.443454e-02
2.512472e-03,7.014284e-03,9.979985e-04,6.317312e-03,1.538412e-03,4.055653e-02,2.739714e-04,8.278162e-02,7.847252e-02,6.130335e-03,5.759362e-02,1.488858e-02,9.042405e-03,6.102333e-01,8.164658e-02
2.258637e-03,5.982191e-03,7.555258e-04,5.484460e-03,1.192002e-03,3.682317e-02,1.978204e-04,5.796425e-02,6.603698e-02,5.748468e-03,1.115898e-01,2.315364e-02,1.020991e-02,5.949482e-01,7.765482e-02
2.432509e-03,5.115597e-03,6.373002e-04,6.777516e-03,1.395498e-03,5.140943e-02,1.507742e-04,4.060962e-02,7.030766e-02,5.897515e-03,1.356091e-01,3.410017e-02,1.391971e-02,5.633732e-01,6.826433e-02
3.210829e-03,4.835672e-03,8.052738e-04,7.204593e-03,9.883386e-03,3.891340e-02,1.543543e-04,2.848306e-02,8.475571e-02,8.794440e-03,1.539052e-01,5.890993e-02,2.402674e-02,5.227492e-01,5.336822e-02
5.079896e-03,3.878303e-03,8.988898e-04,6.481454e-03,2.279598e-02,2.813689e-02,2.538632e-04,2.010531e-02,1.056194e-01,1.606535e-02,1.511726e-01,5.835368e-02,2.703464e-02,5.113543e-01,4.276942e-02
8.345217e-03,7.361451e-03,2.717531e-03,1.110018e-02,2.788255e-02,2.273894e-02,6.551301e-04,1.743615e-02,1.915696e-01,2.275711e-02,1.388421e-01,5.491404e-02,2.989041e-02,4.250224e-01,3.876714e-02
8.434786e-03,7.810850e-03,3.244922e-03,1.324739e-02,3.174622e-02,1.740417e-02,6.369032e-04,1.713256e-02,2.598594e-01,2.468383e-02,1.263857e-01,5.347145e-02,2.620494e-02,3.803343e-01,2.940267e-02
8.615959e-03,1.128520e-02,3.626500e-03,1.478813e-02,2.841754e-02,1.382490e-02,5.501371e-04,1.677185e-02,3.045527e-01,2.570176e-02,1.168382e-01,5.071001e-02,2.431968e-02,3.570006e-01,2.299688e-02
1.488371e-02,3.450899e-02,3.837065e-03,1.687025e-02,2.725346e-02,1.149551e-02,5.198404e-04,1.649696e-02,3.267806e-01,2.795795e-02,1.009945e-01,4.413000e-02,2.148052e-02,3.318308e-01,2.095985e-02
1.478632e-02,2.821833e-02,3.432912e-03,2.023292e-02,2.480906e-02,1.057414e-02,5.148973e-04,1.637633e-02,3.143761e-01,2.904877e-02,1.379243e-01,5.348522e-02,2.471376e-02,3.034601e-01,1.804694e-02
1.314144e-02,2.296064e-02,3.544851e-03,1.803482e-02,2.234805e-02,1.024598e-02,6.482633e-04,1.345869e-02,2.509377e-01,2.564659e-02,2.476095e-01,6.031156e-02,2.053045e-02,2.754058e-01,1.517577e-02
1.228944e-02,2.016093e-02,5.713785e-03,1.642714e-02,2.008279e-02,1.392535e-02,7.025849e-04,3.038272e-02,2.556100e-01,2.262211e-02,2.176371e-01,5.018459e-02,1.788333e-02,3.037003e-01,1.267783e-02
1.147197e-02,3.059338e-02,8.264755e-03,1.523536e-02,1.659037e-02,4.155355e-02,8.619726e-04,3.846863e-02,2.522950e-01,2.023612e-02,1.848224e-01,3.976602e-02,2.075708e-02,3.028172e-01,1.626623e-02
1.061322e-02,4.175968e-02,8.187341e-03,1.721213e-02,1.567534e-02,4.606750e-02,8.291322e-04,3.751090e-02,3.711364e-01,1.779996e-02,1.329998e-01,2.925598e-02,2.385401e-02,2.256608e-01,2.143785e-02
1.411749e-02,4.184800e-02,7.416195e-03,2.252403e-02,2.269279e-02,1.210269e-01,8.470501e-04,2.968801e-02,3.490836e-01,1.400066e-02,9.987293e-02,2.146425e-02,2.175685e-02,2.035401e-01,3.012110e-02
1.203195e-02,3.152608e-02,8.309238e-03,1.064098e-01,4.333723e-02,9.629606e-02,1.097917e-03,2.488243e-02,3.941759e-01,1.128126e-02,7.067709e-02,1.514069e-02,1.629077e-02,1.433054e-01,2.523822e-02
3.076033e-02,2.840384e-02,1.295223e-02,1.039946e-01,4.638566e-02,1.288118e-01,1.619788e-03,1.963141e-02,3.883827e-01,9.549065e-03,5.202778e-02,1.098113e-02,1.578572e-02,1.100618e-01,4.065212e-02
6.578962e-02,2.918267e-02,1.281880e-02,9.116274e-02,6.387941e-02,1.423213e-01,1.943273e-03,1.452782e-02,3.474591e-01,8.913011e-03,5.112059e-02,8.362303e-03,1.357658e-02,9.256405e-02,5.637862e-02
5.336557e-02,3.611621e-02,1.975746e-02,1.744786e-01,7.492499e-02,1.059660e-01,1.817317e-03,1.110029e-02,3.435255e-01,7.030233e-03,3.647811e-02,6.059094e-03,1.045132e-02,6.569840e-02,5.323084e-02
6.759648e-02,3.856770e-02,2.112371e-02,1.584480e-01,1.022885e-01,8.293485e-02,2.289482e-03,8.856264e-03,3.505081e-01,6.156409e-03,2.933513e-02,4.982146e-03,9.525697e-03,5.112743e-02,6.626005e-02
7.860533e-02,3.679932e-02,9.607013e-02,1.841880e-01,1.186897e-01,6.864867e-02,2.486829e-03,9.369501e-03,2.719761e-01,5.042892e-03,2.260947e-02,3.867653e-03,7.720418e-03,3.852529e-02,5.540075e-02
1.213855e-01,4.067747e-02,8.730546e-02,1.895904e-01,1.359717e-01,5.679251e-02,2.301828e-03,8.765717e-03,2.368098e-01,5.004614e-03,1.938988e-02,3.464604e-03,6.402710e-03,3.114336e-02,5.499450e-02
1.838174e-01,4.151807e-02,7.215214e-02,2.014441e-01,1.412931e-01,4.578870e-02,2.233600e-03,9.461596e-03,1.945330e-01,4.071647e-03,1.743370e-02,4.196652e-03,5.886964e-03,2.913269e-02,4.703664e-02
1.583754e-01,3.159134e-02,5.375502e-02,1.465694e-01,1.110941e-01,2.459918e-01,2.378169e-03,8.630636e-03,1.406199e-01,3.132785e-03,3.112618e-02,4.519670e-03,4.776199e-03,2.298115e-02,3.445813e-02
1.700864e-01,2.549583e-02,3.933712e-02,1.060256e-01,8.573846e-02,3.515567e-01,2.283124e-03,8.260774e-03,1.101498e-01,5.734069e-03,3.938564e-02,5.362119e-03,4.654142e-03,1.827738e-02,2.765287e-02
1.293038e-01,1.890307e-02,2.814753e-02,7.500109e-02,6.078515e-02,5.124021e-01,1.659646e-03,6.983219e-03,7.807097e-02,1.268005e-02,3.336745e-02,3.996837e-03,3.502169e-03,1.405073e-02,2.114619e-02
9.304280e-02,1.361682e-02,1.978051e-02,5.401751e-02,4.286261e-02,5.157521e-01,1.253963e-03,5.357318e-03,1.222946e-01,4.197575e-02,3.109202e-02,3.102207e-03,3.553482e-03,1.307898e-02,3.921930e-02
6.694280e-02,9.923235e-03,1.404174e-02,3.947900e-02,3.029469e-02,4.456411e-01,9.608954e-04,4.105313e-03,1.749339e-01,4.877574e-02,9.973617e-02,3.423101e-03,3.440278e-03,1.909714e-02,3.920488e-02
4.773692e-02,7.123250e-03,9.918397e-03,2.796673e-02,2.130819e-02,3.538224e-01,8.062618e-04,3.621297e-03,1.467346e-01,4.149013e-02,1.740195e-01,4.256546e-03,3.556716e-03,2.671332e-02,1.309257e-01
4.475114e-02,5.098147e-03,7.047382e-03,2.014726e-02,1.512523e-02,2.578142e-01,8.513712e-04,3.424844e-03,1.079809e-01,3.518778e-02,1.743017e-01,4.309484e-03,3.802546e-03,3.298456e-02,2.871734e-01
3.498555e-02,3.637827e-03,4.966897e-03,1.422835e-02,1.100062e-02,1.844442e-01,7.577997e-04,2.627390e-03,8.305101e-02,4.457386e-02,2.056355e-01,4.472460e-03,3.291784e-03,4.432346e-02,3.580033e-01
2.847436e-02,2.638946e-03,3.529056e-03,1.091677e-02,1.574135e-02,1.318070e-01,6.558851e-04,2.503920e-03,6.240583e-02,4.177710e-02,1.622268e-01,4.536539e-03,2.986977e-03,3.628828e-02,4.935111e-01
2.278388e-02,2.067202e-03,2.580953e-03,8.098086e-03,1.626913e-02,1.008721e-01,8.963080e-04,2.867040e-03,5.301948e-02,6.742203e-02,2.687894e-01,7.306620e-03,3.729838e-03,7.080116e-02,3.724968e-01
1.688608e-02,1.726013e-03,1.917747e-03,6.157643e-03,1.517781e-02,7.219580e-02,9.565387e-04,2.633218e-03,6.124795e-02,1.084148e-01,3.241578e-01,9.873096e-03,3.833227e-03,9.755073e-02,2.772715e-01
1.308646e-02,1.749081e-03,1.568437e-03,4.771545e-03,1.322058e-02,5.243957e-02,1.130901e-03,3.006862e-03,5.279279e-02,1.221707e-01,3.364691e-01,9.858737e-03,4.624162e-03,1.585808e-01,2.245302e-01
1.064126e-02,1.819903e-03,1.500853e-03,3.651982e-03,1.021096e-02,3.853244e-02,1.120594e-03,2.964231e-03,3.996062e-02,1.363472e-01,3.412191e-01,8.735342e-03,4.441719e-03,2.236394e-01,1.752143e-01
2.921342e-02,2.818858e-03,1.660678e-02,6.817706e-03,8.319071e-03,3.566225e-02,1.660187e-03,9.369448e-03,3.444856e-02,1.074656e-01,3.531378e-01,8.906549e-03,5.621564e-03,2.333787e-01,1.465735e-01
4.232512e-02,3.128827e-03,1.450080e-02,6.393317e-03,6.299754e-03,2.656045e-02,1.411965e-03,7.847575e-03,2.777703e-02,8.644786e-02,3.717031e-01,1.151485e-02,5.356462e-03,2.782746e-01,1.104583e-01
3.913448e-02,3.985609e-03,1.160515e-02,5.543745e-03,5.211008e-03,1.943233e-02,1.116911e-03,6.110312e-03,5.735043e-02,6.363338e-02,2.839853e-01,1.177101e-02,4.923134e-03,4.078008e-01,7.839645e-02
4.357921e-02,5.594788e-03,1.164486e-02,5.843223e-03,4.691496e-03,1.513775e-02,9.493650e-04,5.668897e-03,7.718973e-02,4.599950e-02,2.364222e-01,9.367974e-03,4.229434e-03,4.769018e-01,5.677977e-02
5.002599e-02,1.924367e-02,2.126957e-02,3.080980e-02,8.562964e-03,1.380819e-02,3.211878e-03,2.800607e-02,1.455877e-01,3.304731e-02,1.870299e-01,7.741194e-03,4.361444e-03,4.054089e-01,4.188549e-02
9.530286e-02,3.676600e-02,1.680607e-02,9.723667e-02,7.655260e-03,1.331229e-02,3.488676e-03,2.695489e-02,2.161955e-01,2.338494e-02,1.328157e-01,5.894728e-03,3.842685e-03,2.893630e-01,3.098070e-02
9.632961e-02,3.360040e-02,1.240151e-02,1.372072e-01,6.802868e-03,1.207525e-02,2.511997e-03,1.997748e-02,3.316457e-01,1.667301e-02,9.468840e-02,5.122604e-03,3.468793e-03,2.041773e-01,2.331785e-02
7.861463e-02,3.173814e-02,8.969055e-03,2.115511e-01,6.615940e-03,9.773981e-03,1.777086e-03,1.422966e-02,3.822143e-01,1.241662e-02,6.915033e-02,4.065159e-03,3.575235e-03,1.437850e-01,2.152368e-02
5.984529e-02,3.513410e-02,6.547322e-03,2.111407e-01,8.636320e-03,8.075011e-03,1.293530e-03,1.010241e-02,4.640340e-01,9.426972e-03,5.062018e-02,3.239022e-03,3.889645e-03,1.015963e-01,2.641931e-02
4.416810e-02,5.352319e-02,4.792581e-03,2.021947e-01,1.137993e-02,6.811712e-03,9.612214e-04,7.129767e-03,5.033971e-01,9.649309e-03,3.837910e-02,2.539637e-03,6.829259e-03,7.151978e-02,3.672457e-02
3.643093e-02,5.806964e-02,3.578446e-03,2.127086e-01,1.531799e-02,6.718277e-03,7.820971e-04,5.892737e-03,5.305768e-01,7.567656e-03,3.178881e-02,2.083925e-03,6.943336e-03,5.087351e-02,3.066722e-02
2.972026e-02,5.589740e-02,8.618543e-03,2.341067e-01,2.224533e-02,6.087101e-03,7.040391e-04,1.997414e-02,5.243962e-01,6.279655e-03,2.619446e-02,1.568162e-03,5.499464e-03,3.590989e-02,2.279863e-02
8.227776e-02,5.689429e-02,1.247996e-02,2.077663e-01,5.103815e-02,2.486065e-02,1.540161e-03,2.908923e-02,4.570022e-01,5.202249e-03,2.024755e-02,1.543163e-03,4.776643e-03,2.554953e-02,1.973208e-02
8.838029e-02,4.602572e-02,1.404554e-02,1.644859e-01,8.414732e-02,3.028288e-02,2.103556e-03,5.124411e-02,4.577342e-01,4.967757e-03,1.463825e-02,1.350365e-03,3.972908e-03,1.809655e-02,1.852470e-02
9.983239e-02,4.349472e-02,1.358164e-02,1.314160e-01,1.046821e-01,3.537001e-02,1.944608e-03,5.312978e-02,4.271784e-01,6.779886e-03,1.122169e-02,1.135212e-03,3.621309e-03,1.298502e-02,5.362717e-02
8.766071e-02,3.566729e-02,3.904525e-02,1.977043e-01,8.327046e-02,3.118155e-02,1.714053e-03,9.140968e-02,3.400129e-01,8.643744e-03,9.186635e-03,1.145724e-03,3.023872e-03,9.380587e-03,6.095310e-02
9.634474e-02,3.415386e-02,3.908983e-02,1.530055e-01,7.497710e-02,6.304492e-02,1.543476e-03,1.552215e-01,2.832678e-01,7.481762e-03,7.285048e-03,1.120638e-03,2.577592e-03,7.248679e-03,7.363767e-02
8.376494e-02,2.879362e-02,3.780203e-02,2.287868e-01,8.700098e-02,5.252325e-02,1.526301e-03,1.924697e-01,2.126962e-01,5.542482e-03,6.173055e-03,1.394150e-03,2.539676e-03,5.155606e-03,5.383120e-02
1.047779e-01,2.625239e-02,4.027943e-02,3.126174e-01,7.796483e-02,4.926771e-02,1.362581e-03,1.528553e-01,1.675947e-01,4.749968e-03,6.784140e-03,2.635824e-03,3.042309e-03,3.826545e-03,4.598896e-02
1.502190e-01,4.537777e-02,5.786799e-02,2.336822e-01,8.696660e-02,6.396087e-02,1.713032e-03,1.185973e-01,1.844933e-01,3.721346e-03,5.745613e-03,3.690762e-03,4.441798e-03,3.022263e-03,3.650014e-02
1.917249e-01,3.717448e-02,6.056785e-02,2.190502e-01,8.590743e-02,6.917660e-02,2.002396e-03,1.152738e-01,1.691890e-01,2.920832e-03,5.600545e-03,6.211993e-03,4.995060e-03,2.654248e-03,2.755065e-02
2.519999e-01,3.797742e-02,6.739645e-02,2.176163e-01,8.033498e-02,5.705202e-02,2.011070e-03,9.210742e-02,1.465995e-01,2.430711e-03,5.177588e-03,9.314411e-03,5.567840e-03,2.431862e-03,2.198257e-02
2.756996e-01,3.320115e-02,4.983697e-02,1.745570e-01,7.542421e-02,9.245078e-02,1.888925e-03,6.746125e-02,1.109681e-01,1.884787e-03,7.057229e-02,1.304286e-02,6.368818e-03,9.605331e-03,1.703796e-02
1.943035e-01,3.141501e-02,3.550572e-02,1.452747e-01,5.604485e-02,6.566063e-02,1.342151e-03,4.743672e-02,7.849658e-02,1.636731e-03,3.063462e-01,9.881883e-03,5.124509e-03,9.299987e-03,1.223080e-02
1.364733e-01,2.887510e-02,2.532532e-02,1.086865e-01,3.994052e-02,4.634136e-02,9.511745e-04,3.329958e-02,6.084023e-02,1.501507e-03,4.649073e-01,7.186338e-03,5.396763e-03,3.004018e-02,1.023485e-02
9.559631e-02,2.038920e-02,1.787025e-02,7.681275e-02,2.874045e-02,3.267089e-02,6.759372e-04,2.332767e-02,4.447311e-02,4.628291e-03,4.453059e-01,5.267385e-03,4.316165e-03,1.890766e-01,1.084911e-02
6.697515e-02,1.434558e-02,1.271206e-02,5.445390e-02,2.059032e-02,2.304976e-02,4.993535e-04,1.636545e-02,3.565063e-02,1.314175e-02,4.957475e-01,4.054226e-03,3.249527e-03,2.249706e-01,1.419421e-02
4.693880e-02,1.010913e-02,9.176415e-03,3.913007e-02,1.810026e-02,1.663913e-02,4.245222e-04,1.149841e-02,5.400797e-02,1.729909e-02,5.663116e-01,8.980869e-03,3.093963e-03,1.696808e-01,2.860895e-02
3.291556e-02,7.150199e-03,6.767132e-03,2.805192e-02,1.479425e-02,1.227735e-02,3.192580e-04,8.145854e-03,3.837283e-02,2.071767e-02,6.247751e-01,1.435112e-02,2.777900e-03,1.350139e-01,5.356997e-02
2.307550e-02,5.020137e-03,4.783845e-03,2.047684e-02,2.286071e-02,8.649028e-03,2.275239e-04,5.749139e-03,2.696039e-02,1.524078e-02,6.904649e-01,1.836396e-02,2.195885e-03,9.913495e-02,5.679637e-02
1.633468e-02,3.543663e-03,3.399471e-03,1.473892e-02,2.378021e-02,6.301560e-03,1.758656e-04,4.162231e-03,1.896987e-02,1.201943e-02,7.484317e-01,2.503977e-02,1.707193e-03,8.007042e-02,4.132495e-02
1.158101e-02,2.547476e-03,2.487809e-03,1.040091e-02,2.075227e-02,4.918941e-03,1.489510e-04,3.219970e-03,1.333500e-02,9.117794e-03,8.021663e-01,2.351678e-02,1.297579e-03,6.356835e-02,3.094085e-02
8.320447e-03,1.809895e-03,1.963063e-03,7.353188e-03,1.759870e-02,3.931035e-03,1.358073e-04,2.793922e-03,9.434006e-03,7.383318e-03,8.364152e-01,3.002837e-02,1.031396e-03,4.745445e-02,2.434723e-02
5.933357e-03,1.309789e-03,1.764019e-03,5.233455e-03,1.361978e-02,2.995265e-03,1.042963e-04,2.151846e-03,6.665085e-03,5.704043e-03,8.540652e-01,4.316255e-02,8.623927e-04,3.852542e-02,1.790348e-02
4.333518e-03,9.367773e-04,1.581912e-03,3.702160e-03,1.019152e-02,2.252857e-03,7.940763e-05,1.863752e-03,4.716888e-03,5.931162e-03,8.679850e-01,4.854525e-02,8.537770e-04,3.223340e-02,1.479254e-02
3.694349e-03,6.708027e-04,1.446003e-03,2.895365e-03,8.364279e-03,1.667027e-03,7.406432e-05,1.595242e-03,3.445908e-03,8.888973e-03,8.805827e-01,4.821558e-02,1.013451e-03,2.424078e-02,1.320542e-02
3.222142e-03,5.194539e-04,1.437223e-03,2.238273e-03,7.308007e-03,1.268697e-03,6.385332e-05,1.496241e-03,2.540052e-03,1.405407e-02,8.868111e-01,4.904749e-02,9.798433e-04,1.837447e-02,1.063908e-02
7.062235e-03,4.387021e-04,1.724712e-03,1.828647e-03,6.091573e-03,1.326897e-03,6.521553e-05,3.073200e-03,2.029131e-03,2.324418e-02,8.713571e-01,5.492482e-02,1.107525e-03,1.660776e-02,9.118316e-03
9.000346e-03,3.599175e-04,1.957361e-03,1.444025e-03,4.869554e-03,1.585835e-03,7.214567e-05,5.162554e-03,1.814972e-03,4.683623e-02,8.427914e-01,5.992638e-02,1.388316e-03,1.560606e-02,7.184943e-03
2.059080e-02,6.109470e-04,3.181754e-03,1.607586e-03,4.419271e-03,7.556454e-03,1.239964e-04,1.760346e-02,2.057245e-03,1.133952e-01,7.463368e-01,5.770819e-02,1.412979e-03,1.823142e-02,5.163923e-03
4.303377e-02,2.010640e-03,5.371993e-03,1.739841e-03,1.348579e-02,1.350615e-02,2.674559e-04,1.737338e-02,3.465605e-03,1.421667e-01,6.550062e-01,7.802811e-02,1.486495e-03,1.924506e-02,3.812949e-03
6.732979e-02,1.938015e-03,6.431399e-03,2.614787e-03,1.120498e-02,2.303154e-02,4.403862e-04,2.892131e-02,3.477841e-03,1.264508e-01,6.284798e-01,7.638624e-02,1.400104e-03,1.900410e-02,2.888896e-03
1.046028e-01,3.033586e-03,8.151395e-03,4.083579e-03,4.557735e-02,2.249699e-02,9.974483e-04,3.372179e-02,7.331745e-03,9.774752e-02,5.562001e-01,9.437838e-02,1.332851e-03,1.737307e-02,2.971504e-03
1.254898e-01,6.309781e-03,1.117289e-02,6.768774e-03,7.632102e-02,2.007085e-02,1.125346e-03,3.626619e-02,1.213520e-02,7.513608e-02,5.159761e-01,8.950527e-02,1.169434e-03,1.892601e-02,3.627377e-03
1.890107e-01,7.326385e-03,2.479342e-02,1.243092e-02,9.121410e-02,1.733587e-02,1.485031e-03,7.279405e-02,1.418051e-02,5.487591e-02,4.085593e-01,8.453531e-02,1.488766e-03,1.616618e-02,3.803620e-03
1.932055e-01,6.948409e-03,4.061202e-02,1.530344e-02,1.125892e-01,1.732673e-02,1.391003e-03,1.071845e-01,2.215763e-02,4.098101e-02,3.451732e-01,7.628810e-02,1.793941e-03,1.553936e-02,3.505921e-03
1.809278e-01,6.657676e-03,6.518894e-02,1.502462e-02,9.656886e-02,1.707054e-02,1.249129e-03,9.168161e-02,2.870646e-02,3.071445e-02,3.731667e-01,7.237945e-02,2.432419e-03,1.465024e-02,3.581175e-03
1.580232e-01,6.690036e-03,7.195358e-02,1.272651e-02,9.997027e-02,1.425056e-02,2.013494e-03,9.509461e-02,3.961959e-02,2.317320e-02,3.893974e-01,6.896078e-02,2.302203e-03,1.262738e-02,3.197145e-03
1.261701e-01,8.025401e-03,5.523639e-02,1.095058e-02,1.102635e-01,1.209431e-02,2.500906e-03,7.476218e-02,1.208221e-01,1.681952e-02,3.550675e-01,9.096523e-02,3.201885e-03,1.020404e-02,2.916341e-03
1.179863e-01,6.898201e-03,5.347185e-02,1.092026e-02,9.551679e-02,1.090650e-02,2.134068e-03,1.846111e-01,1.170562e-01,1.225772e-02,2.620000e-01,1.087175e-01,5.871692e-03,8.788045e-03,2.863859e-03
1.151082e-01,6.542806e-03,5.866334e-02,1.415796e-02,8.854672e-02,1.026811e-02,1.880265e-03,2.739286e-01,1.164431e-01,9.595760e-03,1.971187e-01,8.630235e-02,1.148194e-02,6.929910e-03,3.032255e-03
1.019253e-01,6.360480e-03,5.598593e-02,1.469204e-02,1.688154e-01,1.129618e-02,3.059785e-03,2.581332e-01,1.297879e-01,7.915469e-03,1.508600e-01,6.850646e-02,1.430184e-02,5.426245e-03,2.933965e-03
7.668468e-02,5.374804e-03,4.148420e-02,1.113550e-02,2.070591e-01,8.741478e-03,3.062732e-03,2.715778e-01,1.855553e-01,6.267873e-03,1.123878e-01,5.106914e-02,1.346895e-02,3.979077e-03,2.151611e-03
5.743617e-02,4.542150e-03,2.996949e-02,8.355411e-03,1.923709e-01,6.570956e-03,2.469119e-03,3.488674e-01,2.083835e-01,4.662137e-03,8.281548e-02,3.702085e-02,1.207837e-02,2.896756e-03,1.561377e-03
4.174547e-02,3.703004e-03,2.265834e-02,6.399179e-03,1.460891e-01,4.706031e-03,1.834677e-03,5.112174e-01,1.580969e-01,3.356270e-03,5.925553e-02,2.670139e-02,1.106458e-02,2.057452e-03,1.114721e-03
3.228902e-02,3.150256e-03,2.010532e-02,5.383365e-03,1.145224e-01,3.389722e-03,1.431067e-03,6.322900e-01,1.142890e-01,2.401346e-03,4.164302e-02,1.878439e-02,8.060476e-03,1.468004e-03,7.926216e-04
2.481950e-02,2.746576e-03,1.506404e-02,4.551445e-03,9.077445e-02,2.548948e-03,1.124129e-03,7.238818e-01,8.284807e-02,1.721719e-03,2.929405e-02,1.321392e-02,5.781096e-03,1.066616e-03,5.635506e-04
1.862261e-02,2.015993e-03,1.098054e-02,3.687721e-03,6.931949e-02,2.166115e-03,9.304095e-04,7.968498e-01,5.898580e-02,1.322594e-03,2.057531e-02,9.280454e-03,4.101995e-03,7.612312e-04,3.999296e-04
1.476736e-02,1.463028e-03,8.293409e-03,3.046582e-03,5.697872e-02,1.690858e-03,8.014617e-04,8.452905e-01,4.200872e-02,9.645569e-04,1.444034e-02,6.518008e-03,2.903660e-03,5.490560e-04,2.837061e-04
1.263193e-02,1.049493e-03,6.047854e-03,2.917725e-03,4.569452e-02,1.565402e-03,7.482448e-04,8.817095e-01,2.950972e-02,6.947721e-04,1.015222e-02,4.579153e-03,2.081687e-03,4.143522e-04,2.034316e-04
1.233793e-02,7.980615e-04,4.387765e-03,2.542850e-03,4.418680e-02,1.879478e-03,9.212800e-04,8.989164e-01,2.080984e-02,5.057820e-04,7.173233e-03,3.235587e-03,1.764234e-03,3.823377e-04,1.584121e-04
1.316961e-02,6.682274e-04,3.231860e-03,2.277725e-03,4.524744e-02,1.990244e-03,9.588625e-04,9.078352e-01,1.482036e-02,3.692064e-04,5.126780e-03,2.319920e-03,1.496310e-03,3.568675e-04,1.314162e-04
1.753868e-02,5.565608e-04,2.432020e-03,1.905865e-03,3.391100e-02,2.229538e-03,7.306752e-04,9.221348e-01,1.047741e-02,2.900752e-04,3.928564e-03,1.970383e-03,1.405362e-03,3.237101e-04,1.654734e-04
3.358118e-02,6.817196e-04,1.809243e-03,2.378789e-03,2.455042e-02,3.196991e-03,5.590326e-04,7.773386e-01,7.767624e-03,2.215530e-03,3.379999e-02,9.423855e-02,1.548054e-02,2.110269e-03,2.916164e-04
2.695087e-02,1.619845e-03,1.309271e-03,2.455010e-03,1.737304e-02,3.295123e-03,4.749092e-04,5.916684e-01,6.760721e-03,7.594457e-03,8.728391e-02,1.465482e-01,3.796906e-02,6.775580e-02,9.414991e-04
2.246580e-02,1.557022e-03,9.766371e-04,2.126802e-03,1.234985e-02,3.032683e-03,4.192824e-04,4.275661e-01,5.009187e-03,1.164003e-02,1.392915e-01,1.993256e-01,2.892617e-02,1.444868e-01,8.266614e-04
1.886269e-02,1.591349e-03,7.447760e-04,1.838124e-03,9.022496e-03,2.697739e-03,3.749117e-04,3.077295e-01,4.321200e-03,9.733221e-03,1.327639e-01,3.298797e-01,2.231596e-02,1.573654e-01,7.590751e-04
1.378776e-02,1.172535e-03,5.435618e-04,1.716384e-03,6.580086e-03,2.142902e-03,2.954060e-04,2.174502e-01,6.600745e-03,7.188823e-03,1.239772e-01,4.674083e-01,1.627787e-02,1.341981e-01,6.601461e-04
1.016913e-02,9.413721e-04,4.160039e-04,3.660627e-03,5.018902e-03,2.152608e-03,2.359297e-04,1.530555e-01,1.157794e-02,5.706524e-03,2.461447e-01,4.135078e-01,1.167286e-02,1.350195e-01,7.205271e-04
8.440185e-03,7.315816e-04,3.229140e-04,5.233090e-03,4.809693e-03,2.010778e-03,2.079292e-04,1.073843e-01,1.132894e-02,5.737193e-03,3.927240e-01,3.314942e-01,8.430146e-03,1.205087e-01,6.363401e-04
6.997734e-03,6.798121e-04,9.251609e-04,6.646545e-03,1.062013e-02,7.710191e-03,3.064827e-04,7.579599e-02,1.249883e-02,5.348768e-03,4.990410e-01,2.601953e-01,7.168126e-03,1.053269e-01,7.390762e-04
6.427566e-03,6.944305e-04,1.003509e-03,6.052874e-03,1.505851e-02,8.630322e-03,3.315595e-04,5.334698e-02,1.212751e-02,5.583613e-03,5.427080e-01,2.215795e-01,5.729608e-03,1.197931e-01,9.329501e-04
5.879077e-03,6.219498e-04,1.004269e-03,4.450405e-03,1.482281e-02,7.649918e-03,2.808850e-04,3.770595e-02,9.547569e-03,4.630570e-03,5.514721e-01,1.832752e-01,5.454727e-03,1.724034e-01,8.011023e-04
5.258985e-03,6.305237e-04,8.897077e-04,3.417394e-03,1.637755e-02,7.529106e-03,2.355565e-04,2.687034e-02,7.437413e-03,3.776223e-03,5.752279e-01,1.452474e-01,5.343883e-03,2.010353e-01,7.227048e-04
