1.000000e+00,0.000000e+00,0.000000e+00,0.000000e+00,0.000000e+00,0.000000e+00,0.000000e+00,0.000000e+00,0.000000e+00,0.000000e+00,0.000000e+00,0.000000e+00,0.000000e+00,0.000000e+00,0.000000e+00
1.000000e+00,0.000000e+00,0.000000e+00,0.000000e+00,0.000000e+00,0.000000e+00,0.000000e+00,0.000000e+00,0.000000e+00,0.000000e+00,0.000000e+00,0.000000e+00,0.000000e+00,0.000000e+00,0.000000e+00
1.000000e+00,0.000000e+00,0.000000e+00,0.000000e+00,0.000000e+00,0.000000e+00,0.000000e+00,0.000000e+00,0.000000e+00,0.000000e+00,0.000000e+00,0.000000e+00,0.000000e+00,0.000000e+00,0.000000e+00
1.000000e+00,0.000000e+00,0.000000e+00,0.000000e+00,0.000000e+00,0.000000e+00,0.000000e+00,0.000000e+00,0.000000e+00,0.000000e+00,0.000000e+00,0.000000e+00,0.000000e+00,0.000000e+00,0.000000e+00
1.000000e+00,0.000000e+00,0.000000e+00,0.000000e+00,0.000000e+00,0.000000e+00,0.000000e+00,0.000000e+00,0.000000e+00,0.000000e+00,0.000000e+00,0.000000e+00,0.000000e+00,0.000000e+00,0.000000e+00
1.000000e+00,0.000000e+00,0.000000e+00,0.000000e+00,0.000000e+00,0.000000e+00,0.000000e+00,0.000000e+00,0.000000e+00,0.000000e+00,0.000000e+00,0.000000e+00,0.000000e+00,0.000000e+00,0.000000e+00
1.000000e+00,0.000000e+00,0.000000e+00,0.000000e+00,0.000000e+00,0.000000e+00,0.000000e+00,0.000000e+00,0.000000e+00,0.000000e+00,0.000000e+00,0.000000e+00,0.000000e+00,0.000000e+00,0.000000e+00
1.000000e+00,0.000000e+00,0.000000e+00,0.000000e+00,0.000000e+00,0.000000e+00,0.000000e+00,0.000000e+00,0.000000e+00,0.000000e+00,0.000000e+00,0.000000e+00,0.000000e+00,0.000000e+00,0.000000e+00
1.000000e+00,0.000000e+00,0.000000e+00,0.000000e+00,0.000000e+00,0.000000e+00,0.000000e+00,0.000000e+00,0.000000e+00,0.000000e+00,0.000000e+00,0.000000e+00,0.000000e+00,0.000000e+00,0.000000e+00
1.000000e+00,0.000000e+00,0.000000e+00,0.000000e+00,0.000000e+00,0.000000e+00,0.000000e+00,0.000000e+00,0.000000e+00,0.000000e+00,0.000000e+00,0.000000e+00,0.000000e+00,0.000000e+00,0.000000e+00
1.000000e+00,0.000000e+00,0.000000e+00,0.000000e+00,0.000000e+00,0.000000e+00,0.000000e+00,0.000000e+00,0.000000e+00,0.000000e+00,0.000000e+00,0.000000e+00,0.000000e+00,0.000000e+00,0.000000e+00
1.000000e+00,0.000000e+00,0.000000e+00,0.000000e+00,0.000000e+00,0.000000e+00,0.000000e+00,0.000000e+00,0.000000e+00,0.000000e+00,0.000000e+00,0.000000e+00,0.000000e+00,0.000000e+00,0.000000e+00
1.000000e+00,0.000000e+00,0.000000e+00,0.000000e+00,0.000000e+00,0.000000e+00,0.000000e+00,0.000000e+00,0.000000e+00,0.000000e+00,0.000000e+00,0.000000e+00,0.000000e+00,0.000000e+00,0.000000e+00
1.000000e+00,0.000000e+00,0.000000e+00,0.000000e+00,0.000000e+00,0.000000e+00,0.000000e+00,0.000000e+00,0.000000e+00,0.000000e+00,0.000000e+00,0.000000e+00,0.000000e+00,0.000000e+00,0.000000e+00
1.000000e+00,0.000000e+00,0.000000e+00,0.000000e+00,0.000000e+00,0.000000e+00,0.000000e+00,0.000000e+00,0.000000e+00,0.000000e+00,0.000000e+00,0.000000e+00,0.000000e+00,0.000000e+00,0.000000e+00
1.000000e+00,0.000000e+00,0.000000e+00,0.000000e+00,0.000000e+00,0.000000e+00,0.000000e+00,0.000000e+00,0.000000e+00,0.000000e+00,0.000000e+00,0.000000e+00,0.000000e+00,0.000000e+00,0.000000e+00
1.000000e+00,0.000000e+00,0.000000e+00,0.000000e+00,0.000000e+00,0.000000e+00,0.000000e+00,0.000000e+00,0.000000e+00,0.000000e+00,0.000000e+00,0.000000e+00,0.000000e+00,0.000000e+00,0.000000e+00
1.000000e+00,0.000000e+00,0.000000e+00,0.000000e+00,0.000000e+00,0.000000e+00,0.000000e+00,0.000000e+00,0.000000e+00,0.000000e+00,0.000000e+00,0.000000e+00,0.000000e+00,0.000000e+00,0.000000e+00
1.000000e+00,0.000000e+00,0.000000e+00,0.000000e+00,0.000000e+00,0.000000e+00,0.000000e+00,0.000000e+00,0.000000e+00,0.000000e+00,0.000000e+00,0.000000e+00,0.000000e+00,0.000000e+00,0.000000e+00
1.000000e+00,0.000000e+00,0.000000e+00,0.000000e+00,0.000000e+00,0.000000e+00,0.000000e+00,0.000000e+00,0.000000e+00,0.000000e+00,0.000000e+00,0.000000e+00,0.000000e+00,0.000000e+00,0.000000e+00
1.000000e+00,0.000000e+00,0.000000e+00,0.000000e+00,0.000000e+00,0.000000e+00,0.000000e+00,0.000000e+00,0.000000e+00,0.000000e+00,0.000000e+00,0.000000e+00,0.000000e+00,0.000000e+00,0.000000e+00
1.000000e+00,0.000000e+00,0.000000e+00,0.000000e+00,0.000000e+00,0.000000e+00,0.000000e+00,0.000000e+00,0.000000e+00,0.000000e+00,0.000000e+00,0.000000e+00,0.000000e+00,0.000000e+00,0.000000e+00
1.000000e+00,0.000000e+00,0.000000e+00,0.000000e+00,0.000000e+00,0.000000e+00,0.000000e+00,0.000000e+00,0.000000e+00,0.000000e+00,0.000000e+00,0.000000e+00,0.000000e+00,0.000000e+00,0.000000e+00
1.000000e+00,0.000000e+00,0.000000e+00,0.000000e+00,0.000000e+00,0.000000e+00,0.000000e+00,0.000000e+00,0.000000e+00,0.000000e+00,0.000000e+00,0.000000e+00,0.000000e+00,0.000000e+00,0.000000e+00
1.000000e+00,0.000000e+00,0.000000e+00,0.000000e+00,0.000000e+00,0.000000e+00,0.000000e+00,0.000000e+00,0.000000e+00,0.000000e+00,0.000000e+00,0.000000e+00,0.000000e+00,0.000000e+00,0.000000e+00
1.000000e+00,0.000000e+00,0.000000e+00,0.000000e+00,0.000000e+00,0.000000e+00,0.000000e+00,0.000000e+00,0.000000e+00,0.000000e+00,0.000000e+00,0.000000e+00,0.000000e+00,0.000000e+00,0.000000e+00
1.000000e+00,0.000000e+00,0.000000e+00,0.000000e+00,0.000000e+00,0.000000e+00,0.000000e+00,0.000000e+00,0.000000e+00,0.000000e+00,0.000000e+00,0.000000e+00,0.000000e+00,0.000000e+00,0.000000e+00
1.000000e+00,0.000000e+00,0.000000e+00,0.000000e+00,0.000000e+00,0.000000e+00,0.000000e+00,0.000000e+00,0.000000e+00,0.000000e+00,0.000000e+00,0.000000e+00,0.000000e+00,0.000000e+00,0.000000e+00
1.000000e+00,0.000000e+00,0.000000e+00,0.000000e+00,0.000000e+00,0.000000e+00,0.000000e+00,0.000000e+00,0.000000e+00,0.000000e+00,0.000000e+00,0.000000e+00,0.000000e+00,0.000000e+00,0.000000e+00
1.000000e+00,0.000000e+00,0.000000e+00,0.000000e+00,0.000000e+00,0.000000e+00,0.000000e+00,0.000000e+00,0.000000e+00,0.000000e+00,0.000000e+00,0.000000e+00,0.000000e+00,0.000000e+00,0.000000e+00
1.000000e+00,0.000000e+00,0.000000e+00,0.000000e+00,0.000000e+00,0.000000e+00,0.000000e+00,0.000000e+00,0.000000e+00,0.000000e+00,0.000000e+00,0.000000e+00,0.000000e+00,0.000000e+00,0.000000e+00
1.000000e+00,0.000000e+00,0.000000e+00,0.000000e+00,0.000000e+00,0.000000e+00,0.000000e+00,0.000000e+00,0.000000e+00,0.000000e+00,0.000000e+00,0.000000e+00,0.000000e+00,0.000000e+00,0.000000e+00
1.000000e+00,0.000000e+00,0.000000e+00,0.000000e+00,0.000000e+00,0.000000e+00,0.000000e+00,0.000000e+00,0.000000e+00,0.000000e+00,0.000000e+00,0.000000e+00,0.000000e+00,0.000000e+00,0.000000e+00
1.000000e+00,0.000000e+00,0.000000e+00,0.000000e+00,0.000000e+00,0.000000e+00,0.000000e+00,0.000000e+00,0.000000e+00,0.000000e+00,0.000000e+00,0.000000e+00,0.000000e+00,0.000000e+00,0.000000e+00
1.000000e+00,0.000000e+00,0.000000e+00,0.000000e+00,0.000000e+00,0.000000e+00,0.000000e+00,0.000000e+00,0.000000e+00,0.000000e+00,0.000000e+00,0.000000e+00,0.000000e+00,0.000000e+00,0.000000e+00
1.000000e+00,0.000000e+00,0.000000e+00,0.000000e+00,0.000000e+00,0.000000e+00,0.000000e+00,0.000000e+00,0.000000e+00,0.000000e+00,0.000000e+00,0.000000e+00,0.000000e+00,0.000000e+00,0.000000e+00
1.000000e+00,0.000000e+00,0.000000e+00,0.000000e+00,0.000000e+00,0.000000e+00,0.000000e+00,0.000000e+00,0.000000e+00,0.000000e+00,0.000000e+00,0.000000e+00,0.000000e+00,0.000000e+00,0.000000e+00
1.000000e+00,0.000000e+00,0.000000e+00,0.000000e+00,0.000000e+00,0.000000e+00,0.000000e+00,0.000000e+00,0.000000e+00,0.000000e+00,0.000000e+00,0.000000e+00,0.000000e+00,0.000000e+00,0.000000e+00
1.000000e+00,0.000000e+00,0.000000e+00,0.000000e+00,0.000000e+00,0.000000e+00,0.000000e+00,0.000000e+00,0.000000e+00,0.000000e+00,0.000000e+00,0.000000e+00,0.000000e+00,0.000000e+00,0.000000e+00
1.000000e+00,0.000000e+00,0.000000e+00,0.000000e+00,0.000000e+00,0.000000e+00,0.000000e+00,0.000000e+00,0.000000e+00,0.000000e+00,0.000000e+00,0.000000e+00,0.000000e+00,0.000000e+00,0.000000e+00
1.000000e+00,0.000000e+00,0.000000e+00,0.000000e+00,0.000000e+00,0.000000e+00,0.000000e+00,0.000000e+00,0.000000e+00,0.000000e+00,0.000000e+00,0.000000e+00,0.000000e+00,0.000000e+00,0.000000e+00
1.000000e+00,0.000000e+00,0.000000e+00,0.000000e+00,0.000000e+00,0.000000e+00,0.000000e+00,0.000000e+00,0.000000e+00,0.000000e+00,0.000000e+00,0.000000e+00,0.000000e+00,0.000000e+00,0.000000e+00
1.000000e+00,0.000000e+00,0.000000e+00,0.000000e+00,0.000000e+00,0.000000e+00,0.000000e+00,0.000000e+00,0.000000e+00,0.000000e+00,0.000000e+00,0.000000e+00,0.000000e+00,0.000000e+00,0.000000e+00
1.000000e+00,0.000000e+00,0.000000e+00,0.000000e+00,0.000000e+00,0.000000e+00,0.000000e+00,0.000000e+00,0.000000e+00,0.000000e+00,0.000000e+00,0.000000e+00,0.000000e+00,0.000000e+00,0.000000e+00
1.000000e+00,0.000000e+00,0.000000e+00,0.000000e+00,0.000000e+00,0.000000e+00,0.000000e+00,0.000000e+00,0.000000e+00,0.000000e+00,0.000000e+00,0.000000e+00,0.000000e+00,0.000000e+00,0.000000e+00
1.000000e+00,0.000000e+00,0.000000e+00,0.000000e+00,0.000000e+00,0.000000e+00,0.000000e+00,0.000000e+00,0.000000e+00,0.000000e+00,0.000000e+00,0.000000e+00,0.000000e+00,0.000000e+00,0.000000e+00
1.000000e+00,0.000000e+00,0.000000e+00,0.000000e+00,0.000000e+00,0.000000e+00,0.000000e+00,0.000000e+00,0.000000e+00,0.000000e+00,0.000000e+00,0.000000e+00,0.000000e+00,0.000000e+00,0.000000e+00
1.000000e+00,0.000000e+00,0.000000e+00,0.000000e+00,0.000000e+00,0.000000e+00,0.000000e+00,0.000000e+00,0.000000e+00,0.000000e+00,0.000000e+00,0.000000e+00,0.000000e+00,0.000000e+00,0.000000e+00
1.000000e+00,0.000000e+00,0.000000e+00,0.000000e+00,0.000000e+00,0.000000e+00,0.000000e+00,0.000000e+00,0.000000e+00,0.000000e+00,0.000000e+00,0.000000e+00,0.000000e+00,0.000000e+00,0.000000e+00
1.000000e+00,0.000000e+00,0.000000e+00,0.000000e+00,0.000000e+00,0.000000e+00,0.000000e+00,0.000000e+00,0.000000e+00,0.000000e+00,0.000000e+00,0.000000e+00,0.000000e+00,0.000000e+00,0.000000e+00
1.000000e+00,0.000000e+00,0.000000e+00,0.000000e+00,0.000000e+00,0.000000e+00,0.000000e+00,0.000000e+00,0.000000e+00,0.000000e+00,0.000000e+00,0.000000e+00,0.000000e+00,0.000000e+00,0.000000e+00
1.000000e+00,0.000000e+00,0.000000e+00,0.000000e+00,0.000000e+00,0.000000e+00,0.000000e+00,0.000000e+00,0.000000e+00,0.000000e+00,0.000000e+00,0.000000e+00,0.000000e+00,0.000000e+00,0.000000e+00
1.000000e+00,0.000000e+00,0.000000e+00,0.000000e+00,0.000000e+00,0.000000e+00,0.000000e+00,0.000000e+00,0.000000e+00,0.000000e+00,0.000000e+00,0.000000e+00,0.000000e+00,0.000000e+00,0.000000e+00
3.906756e-01,2.736871e-02,1.724710e-02,6.294783e-02,1.004125e-01,4.451788e-02,1.042528e-02,3.088759e-01,3.018174e-03,1.368691e-03,8.533103e-03,1.057468e-02,6.169869e-03,1.444158e-03,6.420564e-03
3.141033e-01,2.321057e-02,1.697328e-02,4.602653e-02,1.955115e-01,4.273363e-02,8.547042e-02,2.322993e-01,2.744465e-03,1.487233e-02,6.782303e-03,7.838391e-03,4.990883e-03,1.363643e-03,5.079460e-03
2.205561e-01,1.740595e-02,1.208835e-02,3.242057e-02,3.714703e-01,3.638594e-02,8.550911e-02,1.641918e-01,2.111662e-03,3.233706e-02,6.379488e-03,6.095681e-03,5.862088e-03,1.137764e-03,6.048216e-03
1.556258e-01,1.583987e-02,8.986737e-03,2.365848e-02,4.667807e-01,3.495906e-02,7.937960e-02,1.203631e-01,1.705234e-03,3.325427e-02,2.657080e-02,1.151904e-02,6.523700e-03,6.930265e-03,7.903429e-03
1.094866e-01,1.146384e-02,6.799078e-03,1.696918e-02,3.605135e-01,2.774924e-02,1.143589e-01,8.613597e-02,1.626554e-03,3.172968e-02,1.103396e-01,7.424019e-02,1.213132e-02,2.515138e-02,1.130494e-02
7.700063e-02,8.157335e-03,5.007522e-03,1.209975e-02,2.631901e-01,2.332155e-02,8.967134e-02,6.096454e-02,1.498982e-03,4.193037e-02,2.004710e-01,1.292937e-01,1.127423e-02,6.138421e-02,1.473469e-02
5.416547e-02,5.814868e-03,3.655496e-03,8.793548e-03,1.860445e-01,1.961814e-02,6.351550e-02,4.279147e-02,4.541483e-03,4.537021e-02,2.905425e-01,1.717100e-01,9.957463e-03,8.172198e-02,1.175740e-02
3.801736e-02,4.423873e-03,2.605284e-03,6.373279e-03,1.309773e-01,1.717000e-02,4.481050e-02,3.009487e-02,8.897370e-03,4.270689e-02,2.372144e-01,2.900531e-01,1.474551e-02,1.212403e-01,1.067008e-02
2.682984e-02,3.408062e-03,1.895783e-03,5.283403e-03,9.278447e-02,1.512869e-02,3.177175e-02,2.135709e-02,1.620265e-02,3.304289e-02,2.136636e-01,3.619804e-01,1.435984e-02,1.521934e-01,1.009814e-02
1.925064e-02,3.691790e-03,1.530614e-03,9.272441e-03,6.684855e-02,1.374423e-02,2.243035e-02,1.527287e-02,8.785253e-02,2.556178e-02,2.437792e-01,2.909479e-01,1.196041e-02,1.721839e-01,1.567279e-02
1.376412e-02,4.872940e-03,1.255434e-03,8.130295e-03,4.861842e-02,1.024867e-02,1.582018e-02,1.096208e-02,1.185971e-01,1.876154e-02,2.720579e-01,2.661397e-01,1.037076e-02,1.848575e-01,1.554335e-02
1.092485e-02,6.619321e-03,5.480668e-03,1.596331e-02,4.121133e-02,8.899764e-03,1.132077e-02,9.146145e-03,1.434434e-01,1.409998e-02,3.174701e-01,1.980111e-01,8.331003e-03,1.933714e-01,1.570686e-02
8.269602e-03,1.144389e-02,5.081171e-03,1.236060e-02,3.063129e-02,1.540704e-02,8.119505e-03,6.920840e-03,1.711684e-01,1.057242e-02,2.873692e-01,1.553887e-01,7.820316e-03,2.557848e-01,1.366223e-02
6.227780e-03,1.350623e-02,4.409838e-03,9.394265e-03,2.255583e-02,1.432571e-02,5.753264e-03,5.306023e-03,2.143910e-01,8.204985e-03,3.029793e-01,1.135148e-01,6.359056e-03,2.623953e-01,1.067667e-02
4.777206e-03,1.512622e-02,4.931588e-03,6.897434e-03,1.682353e-02,1.113422e-02,4.049104e-03,3.794095e-03,2.074320e-01,6.673961e-03,3.318813e-01,8.249921e-02,4.884191e-03,2.909089e-01,8.187066e-03
3.642747e-03,1.609078e-02,4.462508e-03,5.004294e-03,1.230390e-02,8.304687e-03,2.845774e-03,2.682113e-03,1.861715e-01,6.844328e-03,3.227977e-01,5.984624e-02,3.837069e-03,3.588715e-01,6.294837e-03
3.639038e-03,4.773291e-02,5.706255e-03,4.255947e-03,1.230562e-02,1.424577e-02,2.114757e-03,2.283156e-03,2.287591e-01,6.942010e-03,2.743332e-01,4.375750e-02,3.848204e-03,3.447709e-01,5.305675e-03
4.111183e-03,3.850126e-02,7.284119e-03,1.233159e-02,2.563437e-02,3.474263e-02,4.816200e-03,1.701819e-02,2.480726e-01,1.219581e-02,2.348323e-01,3.296584e-02,1.094257e-02,3.114347e-01,5.116569e-03
4.872625e-03,2.971071e-02,6.532091e-03,2.210297e-02,5.802020e-02,3.673677e-02,4.695199e-03,3.104137e-02,2.955718e-01,1.515542e-02,1.968527e-01,2.410507e-02,8.238676e-03,2.619957e-01,4.368663e-03
3.689338e-03,2.338485e-02,4.965428e-03,1.548341e-01,4.991216e-02,2.786536e-02,3.332045e-03,2.189816e-02,3.499703e-01,1.130186e-02,1.384507e-01,1.702322e-02,6.086984e-03,1.836037e-01,3.681691e-03
3.592673e-03,1.790541e-02,4.288920e-03,1.123907e-01,4.128518e-02,2.563068e-02,2.588699e-03,1.604716e-02,5.183954e-01,8.579792e-03,9.868353e-02,1.270876e-02,5.461995e-03,1.290766e-01,3.364437e-03
3.535504e-03,1.516483e-02,3.303366e-03,8.126728e-02,3.886399e-02,2.598584e-02,1.881619e-03,1.215271e-02,6.310793e-01,6.879692e-03,7.042523e-02,8.998501e-03,4.723570e-03,9.119592e-02,4.542648e-03
7.249502e-03,1.481785e-02,2.956311e-03,7.245114e-02,4.977002e-02,3.853794e-02,1.903617e-03,1.028427e-02,6.648191e-01,5.255865e-03,4.973735e-02,6.388727e-03,4.671826e-03,6.413621e-02,7.020239e-03
8.201551e-03,1.556955e-02,2.435016e-03,7.490784e-02,4.637515e-02,3.985886e-02,1.669649e-03,9.873925e-03,6.971365e-01,4.325996e-03,3.543396e-02,4.630975e-03,6.353848e-03,4.502438e-02,8.202745e-03
6.413115e-03,1.243992e-02,2.282324e-03,6.433575e-02,4.126327e-02,2.955614e-02,1.491374e-03,1.125713e-02,7.463909e-01,3.813095e-03,3.066220e-02,3.677753e-03,8.096671e-03,3.167554e-02,6.644825e-03
1.139526e-02,1.470772e-02,2.226491e-03,4.633104e-02,3.715707e-02,1.025123e-01,1.924217e-03,1.648132e-01,5.515862e-01,2.738538e-03,2.592404e-02,2.689385e-03,8.081274e-03,2.231298e-02,5.600399e-03
2.606637e-02,1.419016e-02,6.813397e-03,3.678512e-02,3.889814e-02,1.387424e-01,2.318772e-03,2.455783e-01,4.272059e-01,2.124461e-03,2.220351e-02,4.370654e-03,9.892279e-03,1.785212e-02,6.958461e-03
2.720791e-02,1.340323e-02,6.645401e-03,3.329723e-02,3.093800e-02,1.073440e-01,2.061732e-03,2.507900e-01,3.112168e-01,3.730983e-03,9.539533e-02,6.307466e-02,3.144348e-02,1.483283e-02,8.618440e-03
4.655655e-02,1.650302e-02,6.333234e-03,2.843905e-02,2.601642e-02,9.569336e-02,1.908900e-03,2.204449e-01,2.645347e-01,4.005036e-03,1.325976e-01,8.886606e-02,4.137128e-02,1.573598e-02,1.099391e-02
5.128769e-02,1.626738e-02,6.707217e-03,2.553915e-02,2.100595e-02,7.650941e-02,1.619901e-03,1.677547e-01,2.351117e-01,5.866341e-03,1.931978e-01,1.309355e-01,3.654290e-02,2.214266e-02,9.511790e-03
5.417307e-02,1.521030e-02,8.112915e-03,2.282124e-02,1.720527e-02,6.329223e-02,2.003932e-03,1.387552e-01,2.253345e-01,5.206795e-03,2.293272e-01,1.500630e-01,3.269700e-02,2.821618e-02,7.581255e-03
5.100451e-02,1.265272e-02,8.110942e-03,1.808708e-02,1.601194e-02,7.182256e-02,2.343891e-03,9.938931e-02,1.688768e-01,6.399389e-03,3.030866e-01,1.827314e-01,2.688761e-02,2.569010e-02,6.905089e-03
1.015280e-01,1.531788e-02,8.500069e-03,1.500053e-02,1.587492e-02,5.705277e-02,2.515384e-03,7.274532e-02,1.424382e-01,7.227573e-03,3.391321e-01,1.679516e-01,2.106830e-02,2.659773e-02,7.049694e-03
2.174610e-01,1.825021e-02,1.092820e-02,1.564566e-02,1.939008e-02,4.616988e-02,2.555975e-03,5.622000e-02,1.207540e-01,6.525255e-03,3.022347e-01,1.319483e-01,1.695471e-02,2.808898e-02,6.873121e-03
3.558243e-01,2.105522e-02,1.159697e-02,1.751915e-02,1.888587e-02,4.078734e-02,2.266158e-03,4.216352e-02,8.921742e-02,5.646117e-03,2.350911e-01,1.079393e-01,1.521614e-02,2.675704e-02,1.003448e-02
4.447315e-01,2.549916e-02,1.357584e-02,1.797802e-02,2.111029e-02,3.433093e-02,2.164155e-03,3.413162e-02,6.768966e-02,4.943087e-03,1.847201e-01,9.208147e-02,1.341404e-02,2.793894e-02,1.569132e-02
4.949484e-01,2.468720e-02,1.625687e-02,1.602565e-02,1.742112e-02,3.269208e-02,2.322280e-03,2.812949e-02,5.281105e-02,4.423562e-03,1.711012e-01,8.178034e-02,1.079318e-02,2.988553e-02,1.672210e-02
4.533694e-01,2.350166e-02,2.646702e-02,2.055963e-02,1.632652e-02,3.366524e-02,2.274231e-03,2.512427e-02,4.155358e-02,5.603552e-03,1.760904e-01,1.208525e-01,1.016472e-02,2.652320e-02,1.792412e-02
3.882361e-01,2.499905e-02,2.238234e-02,2.080871e-02,1.369887e-02,3.038474e-02,1.908198e-03,1.983856e-02,3.319298e-02,5.380472e-03,1.991935e-01,1.874888e-01,1.037126e-02,2.599592e-02,1.612046e-02
3.270452e-01,2.154898e-02,1.836205e-02,1.635364e-02,1.061072e-02,2.342340e-02,1.798601e-03,1.720615e-02,3.945955e-02,4.926569e-03,2.401756e-01,1.871739e-01,8.596893e-03,6.894086e-02,1.437785e-02
2.965330e-01,1.887146e-02,1.535528e-02,1.330051e-02,8.194030e-03,2.071382e-02,1.960698e-03,1.495592e-02,4.141537e-02,4.573364e-03,2.525907e-01,1.909999e-01,7.793815e-03,1.003966e-01,1.234550e-02
2.604284e-01,1.494284e-02,1.204077e-02,1.119797e-02,6.109555e-03,2.287733e-02,1.840254e-03,1.175325e-02,3.895128e-02,5.441457e-03,2.696931e-01,2.073409e-01,6.419986e-03,1.200106e-01,1.095231e-02
2.100635e-01,1.236708e-02,1.035104e-02,9.588700e-03,5.010342e-03,2.481122e-02,1.963246e-03,9.172680e-03,3.636435e-02,6.039518e-03,3.714463e-01,1.789867e-01,6.655166e-03,1.070391e-01,1.014106e-02
1.572157e-01,1.080872e-02,1.595541e-02,8.105356e-03,4.553316e-03,4.140245e-02,2.075434e-03,8.851207e-03,6.849277e-02,6.429691e-03,3.095920e-01,1.681468e-01,5.739943e-03,1.831719e-01,9.459294e-03
1.114975e-01,1.021278e-02,1.364780e-02,5.939779e-03,3.446943e-03,3.293108e-02,1.501870e-03,6.410073e-03,8.547077e-02,6.721675e-03,2.550718e-01,1.199994e-01,4.149675e-03,3.299834e-01,1.301545e-02
7.957572e-02,9.131691e-03,1.032951e-02,4.314155e-03,2.559324e-03,2.513762e-02,1.085481e-03,4.650253e-03,1.258447e-01,6.040449e-03,2.293090e-01,8.700850e-02,2.987900e-03,4.011087e-01,1.091706e-02
5.786074e-02,8.677562e-03,2.106658e-02,4.577459e-03,2.209799e-03,5.664770e-02,9.639486e-04,4.681554e-03,2.082267e-01,4.944398e-03,1.713405e-01,6.238941e-02,2.370164e-03,3.851351e-01,8.908436e-03
4.206460e-02,8.641962e-03,1.796604e-02,4.015814e-03,2.120293e-03,4.672208e-02,7.621187e-04,3.990734e-03,2.831632e-01,4.031234e-03,1.306852e-01,4.439079e-02,1.741316e-03,4.022838e-01,7.420748e-03
3.669879e-02,1.305444e-02,2.570039e-02,5.517711e-03,4.105217e-03,3.681681e-02,7.162695e-04,3.846081e-03,3.096781e-01,3.276090e-03,1.221540e-01,3.126438e-02,1.314604e-03,3.987131e-01,7.144123e-03
3.581525e-02,1.758887e-02,9.251445e-02,3.617691e-02,5.848705e-03,3.053696e-02,5.992035e-04,9.537457e-03,3.231472e-01,2.851313e-03,1.010431e-01,2.202533e-02,1.089323e-03,3.069977e-01,1.422827e-02
4.050723e-02,2.273127e-02,1.332876e-01,4.545484e-02,6.679219e-03,2.363938e-02,4.665161e-04,8.226546e-03,3.535296e-01,4.225815e-03,8.461287e-02,1.551711e-02,8.360291e-04,2.317854e-01,2.850055e-02
3.898173e-02,2.230931e-02,2.717999e-01,3.604501e-02,7.259677e-03,1.823560e-02,3.481811e-04,6.463877e-03,2.833555e-01,5.894831e-03,7.696148e-02,1.111393e-02,9.303938e-04,1.691309e-01,5.116964e-02
4.593954e-02,2.341926e-02,2.481860e-01,7.129934e-02,1.140552e-02,1.899582e-02,4.390682e-04,5.932875e-03,2.437989e-01,9.487137e-03,6.442434e-02,9.266469e-03,2.091565e-03,1.471443e-01,9.816982e-02
7.785249e-02,2.695590e-02,2.061156e-01,6.649339e-02,2.048262e-02,1.721906e-02,5.015100e-04,1.077620e-02,2.448476e-01,7.580922e-03,7.580630e-02,7.801263e-03,2.458033e-03,1.563368e-01,7.877234e-02
9.256850e-02,3.251381e-02,1.660046e-01,7.335909e-02,2.847462e-02,1.921445e-02,7.229190e-04,2.136489e-02,2.435394e-01,5.876268e-03,6.764392e-02,6.487483e-03,2.776565e-03,1.748456e-01,6.460788e-02
9.322436e-02,3.330655e-02,1.367897e-01,6.819235e-02,2.423678e-02,1.683784e-02,7.303187e-04,2.728773e-02,2.294645e-01,8.114157e-03,5.076559e-02,5.113027e-03,2.570396e-03,1.430975e-01,1.602693e-01
6.876271e-02,2.441962e-02,9.916710e-02,4.815073e-02,1.714597e-02,1.207550e-02,5.263935e-04,1.934992e-02,1.699131e-01,7.737589e-03,3.635316e-02,3.717953e-03,2.003386e-03,1.144993e-01,3.761775e-01
9.390049e-02,2.785856e-02,8.921366e-02,4.071063e-02,1.361505e-02,1.078518e-02,1.538889e-03,2.513408e-02,1.304376e-01,7.224805e-03,3.772150e-02,8.428873e-03,1.036704e-02,9.909843e-02,4.039653e-01
7.915103e-02,2.737082e-02,8.634282e-02,3.374343e-02,1.023963e-02,1.187600e-02,1.216276e-03,1.827120e-02,1.015202e-01,9.845417e-03,4.371918e-02,6.778794e-03,8.808136e-03,1.864674e-01,3.746496e-01
5.590609e-02,2.236114e-02,7.776606e-02,2.457814e-02,7.343316e-03,8.976367e-03,8.909373e-04,1.288692e-02,9.341267e-02,9.976078e-03,1.071079e-01,6.104339e-03,7.596496e-03,2.506419e-01,3.144517e-01
4.165370e-02,1.642582e-02,5.732505e-02,1.763678e-02,5.506831e-03,7.598039e-03,7.867474e-04,9.307498e-03,6.891710e-02,9.633020e-03,1.691907e-01,4.979839e-03,6.551004e-03,3.448002e-01,2.396878e-01
3.089829e-02,1.218511e-02,4.200763e-02,1.263720e-02,4.062470e-03,6.600504e-03,8.331832e-04,6.698366e-03,5.021242e-02,7.960564e-03,2.542663e-01,5.749348e-03,5.196188e-03,3.917912e-01,1.689012e-01
2.239766e-02,9.105271e-03,3.088898e-02,9.587051e-03,3.165133e-03,5.232189e-03,6.975894e-04,4.775794e-03,3.777675e-02,8.314605e-03,3.691570e-01,8.670339e-03,4.323425e-03,3.667086e-01,1.191996e-01
1.591740e-02,6.478425e-03,2.177302e-02,7.179033e-03,2.421028e-03,3.959571e-03,5.834862e-04,3.393412e-03,2.753387e-02,8.038618e-03,4.662139e-01,9.722060e-03,3.364011e-03,3.395332e-01,8.388891e-02
1.138061e-02,4.736262e-03,1.532408e-02,5.128244e-03,2.480193e-03,2.995380e-03,5.859035e-04,2.526120e-03,1.961690e-02,6.473480e-03,5.412281e-01,1.143982e-02,2.601571e-03,3.145306e-01,5.895264e-02
8.099628e-03,3.390809e-03,1.075878e-02,3.678291e-03,2.972205e-03,2.254695e-03,5.539763e-04,1.821250e-03,1.400556e-02,5.191526e-03,5.905194e-01,1.183118e-02,2.198000e-03,3.009993e-01,4.172541e-02
5.762236e-03,2.633061e-03,7.581274e-03,2.864143e-03,4.560478e-03,1.875060e-03,4.740308e-04,1.309767e-03,1.034597e-02,5.128889e-03,5.611148e-01,1.582072e-02,1.959143e-03,3.485888e-01,2.998164e-02
4.405794e-03,2.120953e-03,5.367994e-03,2.404011e-03,5.512435e-03,1.725402e-03,6.395250e-04,1.022999e-03,7.716528e-03,4.449084e-03,6.152573e-01,1.818218e-02,1.737763e-03,3.075013e-01,2.195668e-02
3.998959e-03,4.017526e-03,4.172259e-03,2.315759e-03,1.657600e-02,1.890990e-03,5.305869e-04,8.582273e-04,5.934350e-03,5.612693e-03,5.578669e-01,2.979958e-02,1.829093e-03,3.455665e-01,1.903052e-02
4.831350e-03,5.216822e-03,3.600230e-03,2.302258e-03,1.836972e-02,2.438795e-03,6.024599e-04,1.029604e-03,5.333813e-03,5.628575e-03,5.589293e-01,4.698160e-02,1.788851e-03,3.278597e-01,1.508681e-02
6.112254e-03,7.417842e-03,3.138220e-03,2.367271e-03,1.588410e-02,2.933981e-03,4.896105e-04,1.050187e-03,4.963054e-03,5.758226e-03,5.966371e-01,6.859739e-02,1.865410e-03,2.697255e-01,1.305979e-02
7.077926e-03,6.382248e-03,2.689088e-03,1.913082e-03,1.301482e-02,3.239191e-03,3.976915e-04,1.781486e-03,4.489693e-03,5.002566e-03,6.219958e-01,8.574161e-02,1.776783e-03,2.349462e-01,9.551835e-03
5.174906e-03,6.574194e-03,2.059697e-03,1.396996e-03,1.351557e-02,2.539087e-03,3.198040e-04,1.385149e-03,4.551906e-03,4.466044e-03,6.622361e-01,1.019448e-01,1.522323e-03,1.853716e-01,6.941792e-03
3.893242e-03,1.590560e-02,2.191206e-03,1.093932e-03,1.020862e-01,4.670244e-03,1.165621e-03,1.345095e-03,6.049534e-03,4.137744e-03,5.757810e-01,1.280619e-01,1.533378e-03,1.465739e-01,5.511323e-03
5.276389e-03,1.283254e-02,3.045949e-02,4.426605e-03,1.751384e-01,5.159839e-03,2.596088e-03,5.640374e-02,6.427673e-03,4.631573e-03,4.752848e-01,1.046135e-01,1.268415e-03,1.113912e-01,4.089893e-03
6.827227e-03,1.213533e-02,2.577857e-02,5.231648e-03,2.999107e-01,1.027517e-02,3.165654e-03,9.269945e-02,6.160160e-03,3.764290e-03,3.557311e-01,8.972605e-02,1.030619e-03,8.457533e-02,2.988674e-03
1.954337e-02,1.698498e-02,3.476138e-02,7.130603e-03,4.165858e-01,1.870099e-02,5.211389e-03,7.899433e-02,6.693972e-03,4.014538e-03,2.608123e-01,6.438451e-02,1.002344e-03,6.228346e-02,2.895996e-03
2.437021e-02,1.860650e-02,1.483737e-01,1.530018e-02,4.046109e-01,1.666244e-02,6.841626e-03,7.423794e-02,5.891077e-03,3.193475e-03,1.866874e-01,4.810290e-02,9.155970e-04,4.402282e-02,2.183145e-03
5.002388e-02,1.827940e-02,1.743515e-01,1.771459e-02,4.475524e-01,1.688029e-02,6.634476e-03,5.352960e-02,5.317789e-03,2.522865e-03,1.362253e-01,3.598750e-02,9.724712e-04,3.216517e-02,1.842779e-03
8.138020e-02,1.968059e-02,1.808078e-01,2.791925e-02,3.970407e-01,2.100645e-02,5.260634e-03,4.097392e-02,2.376161e-02,6.688872e-03,1.254547e-01,2.773134e-02,1.257968e-03,3.860016e-02,2.435753e-03
1.059764e-01,2.050085e-02,1.648034e-01,2.849209e-02,4.151837e-01,2.254474e-02,3.887066e-03,2.951917e-02,3.043189e-02,7.502442e-03,1.075457e-01,2.120017e-02,1.270182e-03,3.842202e-02,2.720175e-03
1.383874e-01,2.437842e-02,2.120573e-01,5.188022e-02,3.263066e-01,2.061042e-02,2.836609e-03,2.575062e-02,3.287823e-02,7.624083e-03,9.615777e-02,1.979906e-02,1.546726e-03,3.600905e-02,3.777450e-03
1.440320e-01,2.233291e-02,2.544952e-01,7.624975e-02,2.716246e-01,2.274202e-02,2.148476e-03,2.021236e-02,3.923253e-02,7.927345e-03,8.117267e-02,2.115306e-02,1.726040e-03,3.109544e-02,3.855606e-03
1.646574e-01,2.150419e-02,2.256072e-01,9.194091e-02,2.526820e-01,2.704069e-02,1.808887e-03,1.671292e-02,5.201468e-02,7.073296e-03,7.859950e-02,2.459977e-02,1.963917e-03,2.946308e-02,4.331606e-03
1.760707e-01,1.697918e-02,1.952429e-01,1.435796e-01,2.264123e-01,2.548092e-02,1.385272e-03,1.322866e-02,6.818792e-02,9.728611e-03,7.044045e-02,2.118916e-02,1.949995e-03,2.541665e-02,4.707619e-03
2.157852e-01,1.555649e-02,1.783662e-01,1.736911e-01,1.841719e-01,2.700997e-02,1.263234e-03,1.160785e-02,6.556194e-02,1.116434e-02,6.294363e-02,2.026298e-02,2.291794e-03,2.389026e-02,6.432995e-03
2.651874e-01,2.762582e-02,1.442333e-01,1.722427e-01,1.696645e-01,2.585020e-02,1.401761e-03,1.748230e-02,5.360103e-02,9.426458e-03,5.531457e-02,2.390102e-02,3.074151e-03,2.414667e-02,6.848141e-03
3.300354e-01,4.132920e-02,1.143709e-01,1.509980e-01,1.412377e-01,2.604323e-02,1.628900e-03,1.414325e-02,4.328405e-02,9.224009e-03,4.912162e-02,3.136985e-02,5.134471e-03,2.713921e-02,1.494027e-02
2.315134e-01,3.660838e-02,8.452418e-02,2.940546e-01,1.000147e-01,1.889100e-02,1.146799e-03,9.940689e-03,3.060560e-02,7.246380e-03,6.807236e-02,7.286434e-02,1.486148e-02,1.906387e-02,1.059223e-02
1.622231e-01,2.599979e-02,5.978982e-02,3.604339e-01,7.108655e-02,1.349314e-02,8.128029e-04,6.981234e-03,2.154656e-02,2.899469e-02,1.257514e-01,7.926975e-02,2.272774e-02,1.343828e-02,7.451274e-03
1.135992e-01,1.826982e-02,4.199862e-02,2.628247e-01,5.243015e-02,9.794436e-03,5.766462e-04,4.896022e-03,1.515835e-02,2.446420e-02,2.914958e-01,1.250700e-01,2.469100e-02,9.500246e-03,5.230969e-03
7.961295e-02,1.279947e-02,2.941297e-02,1.870521e-01,9.147500e-02,7.808015e-03,4.236083e-04,3.464135e-03,1.220196e-02,1.837621e-02,3.462713e-01,1.783673e-01,2.216606e-02,6.889439e-03,3.679545e-03
5.621646e-02,8.986818e-03,2.062432e-02,1.333007e-01,8.787781e-02,2.324141e-02,4.665961e-04,2.763581e-03,1.127197e-02,1.394206e-02,2.947975e-01,3.049473e-01,3.377882e-02,5.111953e-03,2.672692e-03
3.983454e-02,6.310316e-03,1.445565e-02,9.406078e-02,8.351181e-02,4.582553e-02,4.446229e-04,2.420301e-03,1.293656e-02,1.049080e-02,2.445708e-01,3.940418e-01,4.525767e-02,3.922936e-03,1.915822e-03
2.804302e-02,4.442691e-03,1.015789e-02,6.644884e-02,1.091090e-01,3.618800e-02,6.814840e-04,3.585347e-03,3.145920e-02,8.435379e-03,2.040116e-01,4.432124e-01,4.966076e-02,3.208420e-03,1.355918e-03
1.983862e-02,3.149396e-03,7.216691e-03,4.727953e-02,1.043469e-01,5.554731e-02,8.081016e-04,7.596433e-03,4.880474e-02,7.098467e-03,1.530880e-01,4.819914e-01,5.984788e-02,2.414265e-03,9.722298e-04
1.449022e-02,3.303057e-03,7.531061e-03,3.341791e-02,7.985920e-02,5.546033e-02,1.540861e-03,1.729918e-02,5.940190e-02,7.624284e-03,1.094768e-01,5.199585e-01,8.721185e-02,2.639245e-03,7.856208e-04
1.092484e-02,2.719692e-03,8.025561e-03,2.396690e-02,7.085811e-02,6.510831e-02,2.899866e-03,2.484821e-02,1.305214e-01,8.680364e-03,7.832970e-02,4.640256e-01,1.051687e-01,3.059390e-03,8.633218e-04
8.162847e-03,2.903952e-03,8.341298e-03,1.739060e-02,5.717394e-02,9.812282e-02,3.052309e-03,2.149495e-02,2.329077e-01,8.782750e-03,5.628462e-02,3.860053e-01,9.480075e-02,3.580535e-03,9.956147e-04
7.387194e-03,4.244504e-03,7.970640e-03,1.294386e-02,4.636371e-02,1.465233e-01,4.813402e-03,5.066306e-02,2.213993e-01,7.117757e-03,4.137660e-02,3.659704e-01,7.840293e-02,3.845710e-03,9.776538e-04
7.692835e-03,3.518196e-03,5.805893e-03,9.628892e-03,3.645227e-02,1.428317e-01,5.469353e-03,6.419941e-02,1.893938e-01,5.541221e-03,3.043725e-02,4.334047e-01,6.098676e-02,3.748836e-03,8.887892e-04
9.368969e-03,5.459161e-03,4.917881e-03,7.411774e-03,2.871016e-02,1.531992e-01,4.369123e-03,5.099141e-02,1.971051e-01,4.746133e-03,2.366281e-02,4.507893e-01,5.365096e-02,4.398961e-03,1.219056e-03
1.182177e-02,1.106417e-02,4.946519e-03,8.160420e-03,2.490110e-02,1.402752e-01,3.800636e-03,4.685166e-02,2.345521e-01,5.338898e-03,2.318132e-02,4.267195e-01,5.084352e-02,5.279224e-03,2.263961e-03
1.371521e-02,1.463587e-02,3.955431e-03,6.253623e-03,3.282177e-02,1.411960e-01,3.326299e-03,3.771345e-02,2.161796e-01,4.739195e-03,2.332961e-02,4.446413e-01,4.947644e-02,5.800633e-03,2.215620e-03
3.087905e-02,2.527177e-02,6.502664e-03,8.792287e-03,6.753295e-02,1.267641e-01,3.623644e-03,4.224512e-02,1.989545e-01,5.310977e-03,4.781374e-02,3.802328e-01,4.094246e-02,1.089518e-02,4.238783e-03
4.762554e-02,3.406451e-02,1.187998e-02,1.515966e-02,9.756325e-02,1.002710e-01,3.943523e-03,6.246775e-02,1.937057e-01,5.699959e-03,5.471057e-02,3.163606e-01,3.412348e-02,1.612971e-02,6.294828e-03
6.070738e-02,7.404404e-02,1.829203e-02,2.295585e-02,9.838750e-02,9.951181e-02,3.487967e-03,6.162177e-02,1.755419e-01,7.450454e-03,4.979846e-02,2.339862e-01,2.812987e-02,2.478203e-02,4.130264e-02
6.047720e-02,8.694234e-02,1.611485e-02,1.927912e-02,9.200006e-02,1.351643e-01,3.413959e-03,6.798910e-02,2.308733e-01,5.817223e-03,3.865584e-02,1.682682e-01,2.167181e-02,1.874177e-02,3.459090e-02
6.869049e-02,8.473021e-02,1.787388e-02,1.918823e-02,8.501656e-02,1.241316e-01,3.208989e-03,1.543457e-01,2.197996e-01,5.149997e-03,3.332818e-02,1.240998e-01,1.792199e-02,1.524929e-02,2.726544e-02
6.447938e-02,6.834780e-02,1.834226e-02,1.496214e-02,1.084235e-01,9.267741e-02,2.867540e-03,3.023766e-01,1.674119e-01,3.685486e-03,2.497460e-02,8.752730e-02,1.336081e-02,1.099694e-02,1.956634e-02
5.483808e-02,5.382151e-02,1.760423e-02,1.180417e-02,8.637150e-02,6.847271e-02,2.203929e-03,4.642681e-01,1.248730e-01,2.685366e-03,1.819439e-02,6.257687e-02,9.831413e-03,8.109054e-03,1.434572e-02
4.836881e-02,4.072281e-02,1.573347e-02,2.134323e-02,6.478818e-02,7.180779e-02,2.009291e-03,5.263529e-01,1.016418e-01,2.083255e-03,1.577572e-02,4.744428e-02,2.492271e-02,5.821782e-03,1.118396e-02
5.555815e-02,2.882185e-02,1.197961e-02,2.484161e-02,4.790805e-02,7.253134e-02,1.933062e-03,4.676217e-01,7.447883e-02,2.293387e-03,2.571423e-02,5.621251e-02,1.160640e-01,4.466211e-03,9.575363e-03
9.614763e-02,2.033507e-02,9.154369e-03,2.262791e-02,3.780846e-02,6.305321e-02,1.996021e-03,3.825023e-01,5.454737e-02,2.075890e-03,3.479290e-02,5.444084e-02,2.081392e-01,3.455123e-03,8.923695e-03
1.430427e-01,1.492680e-02,7.919524e-03,2.170888e-02,3.282838e-02,5.091964e-02,2.119806e-03,2.715469e-01,4.289545e-02,4.245502e-03,6.830069e-02,4.563838e-02,2.718018e-01,2.915557e-03,1.918990e-02
1.831456e-01,1.098561e-02,6.434444e-03,1.901161e-02,2.686146e-02,4.721272e-02,2.786452e-03,1.916810e-01,3.534094e-02,5.144733e-03,7.908159e-02,4.553315e-02,3.103718e-01,3.856362e-03,3.255251e-02
1.478370e-01,8.015561e-03,5.941038e-03,1.688772e-02,3.025789e-02,3.804637e-02,2.236383e-03,1.356166e-01,3.105812e-02,1.389100e-02,1.665900e-01,6.783910e-02,2.969821e-01,9.150941e-03,2.965012e-02
1.122121e-01,6.291286e-03,4.929005e-03,1.647813e-02,2.991206e-02,2.854017e-02,1.805080e-03,9.538210e-02,2.676836e-02,2.773206e-02,3.127446e-01,6.039201e-02,2.236829e-01,2.232222e-02,3.080791e-02
8.064341e-02,4.883072e-03,3.700391e-03,1.286731e-02,2.873219e-02,2.090222e-02,1.369120e-03,6.695554e-02,2.380658e-02,2.082002e-02,4.503941e-01,5.121741e-02,1.767094e-01,3.378854e-02,2.321075e-02
6.633566e-02,4.457998e-03,3.146035e-03,9.768846e-03,2.196967e-02,1.589889e-02,1.087547e-03,4.749866e-02,1.878477e-02,2.005346e-02,5.168366e-01,4.220466e-02,1.269235e-01,8.736251e-02,1.767108e-02
5.077440e-02,4.896170e-03,2.669575e-03,7.625036e-03,1.638593e-02,1.207309e-02,8.666953e-04,3.376003e-02,1.560845e-02,2.279848e-02,5.475236e-01,3.518920e-02,9.168355e-02,1.440685e-01,1.407731e-02
3.942177e-02,3.844447e-03,2.762798e-03,5.675621e-03,1.179058e-02,9.725868e-03,6.458918e-04,2.394192e-02,1.163509e-02,1.976360e-02,6.161349e-01,2.798431e-02,6.480889e-02,1.509484e-01,1.091595e-02
4.338908e-02,3.073536e-03,2.491771e-03,4.579132e-03,9.015366e-03,7.463169e-03,5.049925e-04,1.733206e-02,9.031013e-03,2.844223e-02,6.226869e-01,2.318750e-02,4.606337e-02,1.582574e-01,2.448256e-02
4.287057e-02,2.640065e-03,2.282822e-03,3.661120e-03,7.593286e-03,5.666094e-03,4.176192e-04,1.240999e-02,7.218743e-03,2.751148e-02,6.748410e-01,2.108172e-02,3.287724e-02,1.330228e-01,2.590546e-02
5.806229e-02,3.748327e-03,4.271988e-03,3.339875e-03,7.242356e-03,1.040874e-02,6.604958e-04,9.544101e-03,6.723623e-03,6.430042e-02,6.330003e-01,4.062801e-02,2.720415e-02,1.068051e-01,2.406027e-02
5.228354e-02,6.063469e-03,5.443745e-03,3.017981e-03,7.917883e-03,9.928704e-03,8.063883e-04,7.406020e-03,5.875496e-03,6.632082e-02,6.486678e-01,5.376124e-02,2.114034e-02,8.610119e-02,2.526548e-02
7.027772e-02,6.124451e-03,5.219107e-03,3.562740e-03,2.663239e-02,9.616783e-03,1.141047e-03,9.304091e-03,7.820106e-03,5.363640e-02,6.351738e-01,6.433392e-02,1.657616e-02,6.920001e-02,2.138121e-02
1.013345e-01,1.387421e-02,1.027522e-02,3.758329e-03,3.543642e-02,7.965332e-03,9.852051e-04,7.690736e-03,7.890118e-03,4.074034e-02,6.115644e-01,7.228386e-02,1.212886e-02,5.629309e-02,1.777932e-02
1.328721e-01,2.271303e-02,2.592348e-02,3.455421e-03,5.804822e-02,1.276479e-02,1.786449e-03,1.293717e-02,3.081035e-02,3.170498e-02,5.149966e-01,7.693815e-02,9.005697e-03,5.216422e-02,1.387918e-02
1.086236e-01,2.239763e-02,5.622855e-02,3.426905e-03,4.583233e-02,1.257555e-02,3.104216e-03,1.485181e-01,4.570909e-02,2.350319e-02,4.013875e-01,7.262421e-02,7.397166e-03,3.849692e-02,1.017496e-02
8.157611e-02,2.062960e-02,5.113909e-02,2.834142e-03,3.605495e-02,1.149689e-02,2.740067e-03,3.318384e-01,4.827643e-02,1.697447e-02,2.924883e-01,6.190600e-02,6.825244e-03,2.783983e-02,7.380484e-03
6.231121e-02,1.551848e-02,4.213401e-02,2.463549e-03,2.974005e-02,1.013543e-02,2.194505e-03,4.971964e-01,3.879850e-02,1.217807e-02,2.092434e-01,4.703314e-02,5.890298e-03,1.971459e-02,5.448424e-03
4.431390e-02,1.089432e-02,3.084938e-02,1.758080e-03,2.138746e-02,7.719330e-03,1.741812e-03,6.438031e-01,2.728955e-02,8.563984e-03,1.468083e-01,3.303434e-02,4.176815e-03,1.383076e-02,3.828883e-03
3.187684e-02,7.640154e-03,2.220650e-02,1.279830e-03,1.710140e-02,5.783023e-03,1.376009e-03,7.460978e-01,1.917300e-02,6.006577e-03,1.029404e-01,2.317036e-02,2.955690e-03,9.705910e-03,2.686525e-03
2.281615e-02,5.365087e-03,1.579779e-02,9.377555e-04,1.393635e-02,5.074814e-03,1.057162e-03,8.179693e-01,1.345112e-02,4.210903e-03,7.211895e-02,1.626167e-02,2.297040e-03,6.821434e-03,1.884546e-03
1.691918e-02,3.789816e-03,1.117535e-02,7.479907e-04,1.231061e-02,4.903868e-03,7.984038e-04,8.668901e-01,9.453950e-03,2.954526e-03,5.053018e-02,1.141217e-02,1.979482e-03,4.811729e-03,1.322619e-03
1.898807e-02,2.721047e-03,7.885507e-03,1.267476e-03,1.140120e-02,4.911186e-03,5.709680e-04,8.934978e-01,6.745614e-03,2.078109e-03,3.567537e-02,8.115273e-03,1.742123e-03,3.464959e-03,9.354034e-04
2.259162e-02,1.927757e-03,5.559111e-03,1.673938e-03,8.755994e-03,3.790526e-03,4.239672e-04,9.133850e-01,4.827271e-03,1.465235e-03,2.519229e-02,5.835022e-03,1.448392e-03,2.462428e-03,6.614589e-04
2.677244e-02,1.371284e-03,3.926756e-03,1.917792e-03,7.393062e-03,3.166655e-03,3.380670e-04,9.249091e-01,3.462650e-03,1.030428e-03,1.790548e-02,4.236314e-03,1.357298e-03,1.744478e-03,4.682485e-04
2.624378e-02,9.809926e-04,2.798133e-03,1.551541e-03,6.471044e-03,2.608674e-03,3.518789e-04,9.375054e-01,2.475875e-03,7.233371e-04,1.266586e-02,3.003039e-03,1.057732e-03,1.230737e-03,3.319638e-04
2.415826e-02,7.139418e-04,2.008165e-03,1.308876e-03,6.074957e-03,2.004371e-03,3.176861e-04,9.480734e-01,1.789884e-03,5.091626e-04,8.971559e-03,2.135327e-03,8.295744e-04,8.671003e-04,2.377626e-04
2.139667e-02,5.323295e-04,1.464286e-03,1.056173e-03,4.931687e-03,1.633106e-03,2.656491e-04,9.573417e-01,1.273130e-03,3.647737e-04,6.458311e-03,1.634873e-03,8.396044e-04,6.192527e-04,1.884817e-04
4.681677e-02,6.449746e-04,1.065617e-03,1.118896e-03,3.705233e-03,1.404922e-03,2.285027e-04,8.557400e-01,1.063633e-03,5.757468e-04,2.318059e-02,2.365047e-02,3.905398e-02,1.363833e-03,3.868863e-04
3.376195e-02,5.469858e-04,7.744481e-04,8.787502e-04,2.726146e-03,1.161140e-03,2.196267e-04,6.754255e-01,8.083764e-04,1.938668e-03,3.068145e-02,2.073069e-01,3.414281e-02,9.305985e-03,3.212629e-04
2.380984e-02,4.009037e-04,5.528140e-04,7.204070e-04,2.376429e-03,8.643423e-04,1.749125e-04,4.780199e-01,7.649582e-04,5.562587e-03,3.344843e-02,3.962091e-01,4.281935e-02,1.399164e-02,2.843606e-04
1.677982e-02,2.948535e-04,3.945898e-04,5.328042e-04,1.881961e-03,6.485513e-04,1.817680e-04,3.389158e-01,6.305932e-04,9.420253e-03,2.916041e-02,5.400652e-01,3.260187e-02,2.827506e-02,2.164662e-04
1.180477e-02,2.684381e-04,2.916086e-04,4.236010e-04,2.203695e-03,5.694891e-04,1.512513e-04,2.379548e-01,6.233896e-04,7.154412e-03,4.793147e-02,6.444376e-01,2.313303e-02,2.285034e-02,2.020975e-04
8.299598e-03,4.053780e-04,2.201019e-04,3.891322e-04,5.015411e-03,6.278617e-04,1.328083e-04,1.668091e-01,7.281465e-04,5.944290e-03,5.069739e-02,7.252787e-01,1.644399e-02,1.884641e-02,1.617102e-04
5.823238e-03,8.725346e-04,1.664460e-04,2.854244e-04,5.446363e-03,5.547858e-04,1.129377e-04,1.168600e-01,6.073134e-04,4.690964e-03,4.727264e-02,7.903913e-01,1.164067e-02,1.514652e-02,1.288563e-04
4.118749e-03,8.700925e-04,1.349537e-04,2.229346e-04,6.244676e-03,5.649070e-04,1.246322e-04,8.186990e-02,4.740897e-04,3.842344e-03,4.850035e-02,8.324007e-01,8.215832e-03,1.230310e-02,1.128245e-04
2.896979e-03,1.597505e-03,1.397308e-04,1.631019e-04,7.288189e-03,6.712603e-04,1.225496e-04,5.734207e-02,3.778113e-04,2.959431e-03,4.759980e-02,8.633142e-01,5.803785e-03,9.624864e-03,9.878207e-05
