1.000000e+00,0.000000e+00,0.000000e+00,0.000000e+00,0.000000e+00,0.000000e+00,0.000000e+00,0.000000e+00,0.000000e+00,0.000000e+00,0.000000e+00,0.000000e+00,0.000000e+00,0.000000e+00,0.000000e+00
1.000000e+00,0.000000e+00,0.000000e+00,0.000000e+00,0.000000e+00,0.000000e+00,0.000000e+00,0.000000e+00,0.000000e+00,0.000000e+00,0.000000e+00,0.000000e+00,0.000000e+00,0.000000e+00,0.000000e+00
1.000000e+00,0.000000e+00,0.000000e+00,0.000000e+00,0.000000e+00,0.000000e+00,0.000000e+00,0.000000e+00,0.000000e+00,0.000000e+00,0.000000e+00,0.000000e+00,0.000000e+00,0.000000e+00,0.000000e+00
1.000000e+00,0.000000e+00,0.000000e+00,0.000000e+00,0.000000e+00,0.000000e+00,0.000000e+00,0.000000e+00,0.000000e+00,0.000000e+00,0.000000e+00,0.000000e+00,0.000000e+00,0.000000e+00,0.000000e+00
1.000000e+00,0.000000e+00,0.000000e+00,0.000000e+00,0.000000e+00,0.000000e+00,0.000000e+00,0.000000e+00,0.000000e+00,0.000000e+00,0.000000e+00,0.000000e+00,0.000000e+00,0.000000e+00,0.000000e+00
1.000000e+00,0.000000e+00,0.000000e+00,0.000000e+00,0.000000e+00,0.000000e+00,0.000000e+00,0.000000e+00,0.000000e+00,0.000000e+00,0.000000e+00,0.000000e+00,0.000000e+00,0.000000e+00,0.000000e+00
1.000000e+00,0.000000e+00,0.000000e+00,0.000000e+00,0.000000e+00,0.000000e+00,0.000000e+00,0.000000e+00,0.000000e+00,0.000000e+00,0.000000e+00,0.000000e+00,0.000000e+00,0.000000e+00,0.000000e+00
1.000000e+00,0.000000e+00,0.000000e+00,0.000000e+00,0.000000e+00,0.000000e+00,0.000000e+00,0.000000e+00,0.000000e+00,0.000000e+00,0.000000e+00,0.000000e+00,0.000000e+00,0.000000e+00,0.000000e+00
1.000000e+00,0.000000e+00,0.000000e+00,0.000000e+00,0.000000e+00,0.000000e+00,0.000000e+00,0.000000e+00,0.000000e+00,0.000000e+00,0.000000e+00,0.000000e+00,0.000000e+00,0.000000e+00,0.000000e+00
1.000000e+00,0.000000e+00,0.000000e+00,0.000000e+00,0.000000e+00,0.000000e+00,0.000000e+00,0.000000e+00,0.000000e+00,0.000000e+00,0.000000e+00,0.000000e+00,0.000000e+00,0.000000e+00,0.000000e+00
1.000000e+00,0.000000e+00,0.000000e+00,0.000000e+00,0.000000e+00,0.000000e+00,0.000000e+00,0.000000e+00,0.000000e+00,0.000000e+00,0.000000e+00,0.000000e+00,0.000000e+00,0.000000e+00,0.000000e+00
1.000000e+00,0.000000e+00,0.000000e+00,0.000000e+00,0.000000e+00,0.000000e+00,0.000000e+00,0.000000e+00,0.000000e+00,0.000000e+00,0.000000e+00,0.000000e+00,0.000000e+00,0.000000e+00,0.000000e+00
1.000000e+00,0.000000e+00,0.000000e+00,0.000000e+00,0.000000e+00,0.000000e+00,0.000000e+00,0.000000e+00,0.000000e+00,0.000000e+00,0.000000e+00,0.000000e+00,0.000000e+00,0.000000e+00,0.000000e+00
1.000000e+00,0.000000e+00,0.000000e+00,0.000000e+00,0.000000e+00,0.000000e+00,0.000000e+00,0.000000e+00,0.000000e+00,0.000000e+00,0.000000e+00,0.000000e+00,0.000000e+00,0.000000e+00,0.000000e+00
1.000000e+00,0.000000e+00,0.000000e+00,0.000000e+00,0.000000e+00,0.000000e+00,0.000000e+00,0.000000e+00,0.000000e+00,0.000000e+00,0.000000e+00,0.000000e+00,0.000000e+00,0.000000e+00,0.000000e+00
1.000000e+00,0.000000e+00,0.000000e+00,0.000000e+00,0.000000e+00,0.000000e+00,0.000000e+00,0.000000e+00,0.000000e+00,0.000000e+00,0.000000e+00,0.000000e+00,0.000000e+00,0.000000e+00,0.000000e+00
1.000000e+00,0.000000e+00,0.000000e+00,0.000000e+00,0.000000e+00,0.000000e+00,0.000000e+00,0.000000e+00,0.000000e+00,0.000000e+00,0.000000e+00,0.000000e+00,0.000000e+00,0.000000e+00,0.000000e+00
1.000000e+00,0.000000e+00,0.000000e+00,0.000000e+00,0.000000e+00,0.000000e+00,0.000000e+00,0.000000e+00,0.000000e+00,0.000000e+00,0.000000e+00,0.000000e+00,0.000000e+00,0.000000e+00,0.000000e+00
1.000000e+00,0.000000e+00,0.000000e+00,0.000000e+00,0.000000e+00,0.000000e+00,0.000000e+00,0.000000e+00,0.000000e+00,0.000000e+00,0.000000e+00,0.000000e+00,0.000000e+00,0.000000e+00,0.000000e+00
1.000000e+00,0.000000e+00,0.000000e+00,0.000000e+00,0.000000e+00,0.000000e+00,0.000000e+00,0.000000e+00,0.000000e+00,0.000000e+00,0.000000e+00,0.000000e+00,0.000000e+00,0.000000e+00,0.000000e+00
1.000000e+00,0.000000e+00,0.000000e+00,0.000000e+00,0.000000e+00,0.000000e+00,0.000000e+00,0.000000e+00,0.000000e+00,0.000000e+00,0.000000e+00,0.000000e+00,0.000000e+00,0.000000e+00,0.000000e+00
1.000000e+00,0.000000e+00,0.000000e+00,0.000000e+00,0.000000e+00,0.000000e+00,0.000000e+00,0.000000e+00,0.000000e+00,0.000000e+00,0.000000e+00,0.000000e+00,0.000000e+00,0.000000e+00,0.000000e+00
1.000000e+00,0.000000e+00,0.000000e+00,0.000000e+00,0.000000e+00,0.000000e+00,0.000000e+00,0.000000e+00,0.000000e+00,0.000000e+00,0.000000e+00,0.000000e+00,0.000000e+00,0.000000e+00,0.000000e+00
1.000000e+00,0.000000e+00,0.000000e+00,0.000000e+00,0.000000e+00,0.000000e+00,0.000000e+00,0.000000e+00,0.000000e+00,0.000000e+00,0.000000e+00,0.000000e+00,0.000000e+00,0.000000e+00,0.000000e+00
1.000000e+00,0.000000e+00,0.000000e+00,0.000000e+00,0.000000e+00,0.000000e+00,0.000000e+00,0.000000e+00,0.000000e+00,0.000000e+00,0.000000e+00,0.000000e+00,0.000000e+00,0.000000e+00,0.000000e+00
1.000000e+00,0.000000e+00,0.000000e+00,0.000000e+00,0.000000e+00,0.000000e+00,0.000000e+00,0.000000e+00,0.000000e+00,0.000000e+00,0.000000e+00,0.000000e+00,0.000000e+00,0.000000e+00,0.000000e+00
1.000000e+00,0.000000e+00,0.000000e+00,0.000000e+00,0.000000e+00,0.000000e+00,0.000000e+00,0.000000e+00,0.000000e+00,0.000000e+00,0.000000e+00,0.000000e+00,0.000000e+00,0.000000e+00,0.000000e+00
1.000000e+00,0.000000e+00,0.000000e+00,0.000000e+00,0.000000e+00,0.000000e+00,0.000000e+00,0.000000e+00,0.000000e+00,0.000000e+00,0.000000e+00,0.000000e+00,0.000000e+00,0.000000e+00,0.000000e+00
1.000000e+00,0.000000e+00,0.000000e+00,0.000000e+00,0.000000e+00,0.000000e+00,0.000000e+00,0.000000e+00,0.000000e+00,0.000000e+00,0.000000e+00,0.000000e+00,0.000000e+00,0.000000e+00,0.000000e+00
1.000000e+00,0.000000e+00,0.000000e+00,0.000000e+00,0.000000e+00,0.000000e+00,0.000000e+00,0.000000e+00,0.000000e+00,0.000000e+00,0.000000e+00,0.000000e+00,0.000000e+00,0.000000e+00,0.000000e+00
1.000000e+00,0.000000e+00,0.000000e+00,0.000000e+00,0.000000e+00,0.000000e+00,0.000000e+00,0.000000e+00,0.000000e+00,0.000000e+00,0.000000e+00,0.000000e+00,0.000000e+00,0.000000e+00,0.000000e+00
1.000000e+00,0.000000e+00,0.000000e+00,0.000000e+00,0.000000e+00,0.000000e+00,0.000000e+00,0.000000e+00,0.000000e+00,0.000000e+00,0.000000e+00,0.000000e+00,0.000000e+00,0.000000e+00,0.000000e+00
1.000000e+00,0.000000e+00,0.000000e+00,0.000000e+00,0.000000e+00,0.000000e+00,0.000000e+00,0.000000e+00,0.000000e+00,0.000000e+00,0.000000e+00,0.000000e+00,0.000000e+00,0.000000e+00,0.000000e+00
1.000000e+00,0.000000e+00,0.000000e+00,0.000000e+00,0.000000e+00,0.000000e+00,0.000000e+00,0.000000e+00,0.000000e+00,0.000000e+00,0.000000e+00,0.000000e+00,0.000000e+00,0.000000e+00,0.000000e+00
1.000000e+00,0.000000e+00,0.000000e+00,0.000000e+00,0.000000e+00,0.000000e+00,0.000000e+00,0.000000e+00,0.000000e+00,0.000000e+00,0.000000e+00,0.000000e+00,0.000000e+00,0.000000e+00,0.000000e+00
1.000000e+00,0.000000e+00,0.000000e+00,0.000000e+00,0.000000e+00,0.000000e+00,0.000000e+00,0.000000e+00,0.000000e+00,0.000000e+00,0.000000e+00,0.000000e+00,0.000000e+00,0.000000e+00,0.000000e+00
1.000000e+00,0.000000e+00,0.000000e+00,0.000000e+00,0.000000e+00,0.000000e+00,0.000000e+00,0.000000e+00,0.000000e+00,0.000000e+00,0.000000e+00,0.000000e+00,0.000000e+00,0.000000e+00,0.000000e+00
1.000000e+00,0.000000e+00,0.000000e+00,0.000000e+00,0.000000e+00,0.000000e+00,0.000000e+00,0.000000e+00,0.000000e+00,0.000000e+00,0.000000e+00,0.000000e+00,0.000000e+00,0.000000e+00,0.000000e+00
1.000000e+00,0.000000e+00,0.000000e+00,0.000000e+00,0.000000e+00,0.000000e+00,0.000000e+00,0.000000e+00,0.000000e+00,0.000000e+00,0.000000e+00,0.000000e+00,0.000000e+00,0.000000e+00,0.000000e+00
1.000000e+00,0.000000e+00,0.000000e+00,0.000000e+00,0.000000e+00,0.000000e+00,0.000000e+00,0.000000e+00,0.000000e+00,0.000000e+00,0.000000e+00,0.000000e+00,0.000000e+00,0.000000e+00,0.000000e+00
1.000000e+00,0.000000e+00,0.000000e+00,0.000000e+00,0.000000e+00,0.000000e+00,0.000000e+00,0.000000e+00,0.000000e+00,0.000000e+00,0.000000e+00,0.000000e+00,0.000000e+00,0.000000e+00,0.000000e+00
1.000000e+00,0.000000e+00,0.000000e+00,0.000000e+00,0.000000e+00,0.000000e+00,0.000000e+00,0.000000e+00,0.000000e+00,0.000000e+00,0.000000e+00,0.000000e+00,0.000000e+00,0.000000e+00,0.000000e+00
1.000000e+00,0.000000e+00,0.000000e+00,0.000000e+00,0.000000e+00,0.000000e+00,0.000000e+00,0.000000e+00,0.000000e+00,0.000000e+00,0.000000e+00,0.000000e+00,0.000000e+00,0.000000e+00,0.000000e+00
1.000000e+00,0.000000e+00,0.000000e+00,0.000000e+00,0.000000e+00,0.000000e+00,0.000000e+00,0.000000e+00,0.000000e+00,0.000000e+00,0.000000e+00,0.000000e+00,0.000000e+00,0.000000e+00,0.000000e+00
1.000000e+00,0.000000e+00,0.000000e+00,0.000000e+00,0.000000e+00,0.000000e+00,0.000000e+00,0.000000e+00,0.000000e+00,0.000000e+00,0.000000e+00,0.000000e+00,0.000000e+00,0.000000e+00,0.000000e+00
1.000000e+00,0.000000e+00,0.000000e+00,0.000000e+00,0.000000e+00,0.000000e+00,0.000000e+00,0.000000e+00,0.000000e+00,0.000000e+00,0.000000e+00,0.000000e+00,0.000000e+00,0.000000e+00,0.000000e+00
1.000000e+00,0.000000e+00,0.000000e+00,0.000000e+00,0.000000e+00,0.000000e+00,0.000000e+00,0.000000e+00,0.000000e+00,0.000000e+00,0.000000e+00,0.000000e+00,0.000000e+00,0.000000e+00,0.000000e+00
1.000000e+00,0.000000e+00,0.000000e+00,0.000000e+00,0.000000e+00,0.000000e+00,0.000000e+00,0.000000e+00,0.000000e+00,0.000000e+00,0.000000e+00,0.000000e+00,0.000000e+00,0.000000e+00,0.000000e+00
1.000000e+00,0.000000e+00,0.000000e+00,0.000000e+00,0.000000e+00,0.000000e+00,0.000000e+00,0.000000e+00,0.000000e+00,0.000000e+00,0.000000e+00,0.000000e+00,0.000000e+00,0.000000e+00,0.000000e+00
4.937925e-01,7.704321e-02,3.277759e-02,1.025937e-01,8.927791e-03,2.631475e-02,4.988709e-03,1.589188e-02,2.336445e-02,1.055870e-02,4.193407e-02,1.889158e-02,9.254220e-03,2.026027e-02,1.134065e-01
4.142137e-01,8.036061e-02,3.845608e-02,1.234658e-01,9.963271e-03,2.490090e-02,4.686279e-03,1.723378e-02,3.305157e-02,1.257406e-02,4.452052e-02,2.124296e-02,1.111465e-02,2.818926e-02,1.360266e-01
3.815121e-01,8.298635e-02,3.560916e-02,1.289591e-01,1.044600e-02,2.356203e-02,4.589349e-03,1.493357e-02,3.730806e-02,1.428637e-02,4.402427e-02,2.172718e-02,1.184788e-02,3.168364e-02,1.565250e-01
4.073060e-01,8.590288e-02,2.998234e-02,1.184099e-01,1.097628e-02,2.246858e-02,4.313863e-03,1.331977e-02,3.194069e-02,1.327867e-02,4.045432e-02,2.335234e-02,1.425847e-02,3.375073e-02,1.502852e-01
3.974206e-01,1.009038e-01,4.319122e-02,1.170070e-01,1.841277e-02,2.490117e-02,6.407646e-03,1.596273e-02,2.675044e-02,1.106883e-02,4.104574e-02,2.888202e-02,1.509165e-02,2.934811e-02,1.236064e-01
3.085796e-01,7.516820e-02,7.264823e-02,1.340171e-01,2.074411e-02,2.208072e-02,7.011200e-03,1.401812e-01,2.019520e-02,8.110804e-03,3.610529e-02,3.146870e-02,1.376738e-02,2.145282e-02,8.846940e-02
2.251567e-01,5.458989e-02,7.960847e-02,9.678067e-02,1.750811e-02,1.743492e-02,1.682670e-01,1.815139e-01,1.442127e-02,5.931802e-03,2.659141e-02,2.328508e-02,1.089650e-02,1.549933e-02,6.251490e-02
1.600637e-01,3.869936e-02,5.999262e-02,6.904003e-02,1.374150e-02,1.274885e-02,2.809973e-01,2.511721e-01,1.021536e-02,4.218799e-03,1.906282e-02,1.683670e-02,8.213597e-03,1.108890e-02,4.390837e-02
1.171260e-01,2.756197e-02,4.715384e-02,4.924592e-02,9.991741e-03,1.006934e-02,2.430108e-01,4.148332e-01,7.233175e-03,3.022844e-03,1.357510e-02,1.212299e-02,6.121633e-03,7.976292e-03,3.095509e-02
8.397984e-02,1.945566e-02,3.496314e-02,3.494517e-02,7.179180e-03,7.824750e-03,1.798261e-01,5.746160e-01,5.087178e-03,2.138495e-03,9.566010e-03,8.557349e-03,4.430953e-03,5.664364e-03,2.176591e-02
5.971953e-02,1.369110e-02,2.639787e-02,2.481084e-02,5.178825e-03,5.791825e-03,1.350925e-01,6.889976e-01,3.572763e-03,1.510940e-03,6.749007e-03,6.018418e-03,3.156570e-03,4.033166e-03,1.527915e-02
4.224246e-02,9.611648e-03,1.886948e-02,1.745758e-02,3.734447e-03,4.158865e-03,1.103858e-01,7.651209e-01,2.510074e-03,1.066765e-03,4.769106e-03,4.231850e-03,2.236596e-03,2.866992e-03,1.073753e-02
3.010168e-02,6.749236e-03,1.343716e-02,1.230272e-02,2.697263e-03,3.027540e-03,9.276336e-02,8.188488e-01,1.765389e-03,7.544553e-04,3.371288e-03,2.990031e-03,1.614779e-03,2.033026e-03,7.543208e-03
2.146975e-02,4.750039e-03,9.704839e-03,8.726390e-03,2.011239e-03,2.182438e-03,6.937121e-02,8.674664e-01,1.246696e-03,5.383790e-04,2.431091e-03,2.114959e-03,1.219681e-03,1.451513e-03,5.315313e-03
1.523785e-02,3.354451e-03,7.114212e-03,6.267428e-03,1.621449e-03,1.624714e-03,5.350110e-02,9.009346e-01,8.914093e-04,3.875202e-04,1.759808e-03,1.505301e-03,9.945679e-04,1.039346e-03,3.766198e-03
1.084052e-02,2.363253e-03,5.123410e-03,4.487619e-03,1.525976e-03,1.233938e-03,4.682717e-02,9.197705e-01,6.495935e-04,2.822977e-04,1.288093e-03,1.122483e-03,1.072767e-03,7.455427e-04,2.666866e-03
8.252729e-03,1.688112e-03,3.884347e-03,3.328258e-03,2.125914e-03,1.057030e-03,3.932291e-02,9.337050e-01,4.925873e-04,2.430754e-04,9.669231e-04,9.546736e-04,1.510845e-03,5.367317e-04,1.930901e-03
6.526126e-03,1.207342e-03,3.008794e-03,2.513701e-03,3.478950e-03,8.734157e-04,3.334304e-02,9.435569e-01,3.757619e-04,2.044165e-04,7.555577e-04,7.833155e-04,1.595076e-03,3.855749e-04,1.392031e-03
8.158038e-03,9.668960e-04,2.513241e-03,2.189106e-03,8.104094e-03,1.228271e-03,2.763592e-02,9.423912e-01,4.449788e-04,3.829459e-04,8.530063e-04,1.136395e-03,2.462008e-03,3.077275e-04,1.226121e-03
1.440411e-02,8.628277e-04,2.231857e-03,2.042060e-03,1.329412e-02,1.662757e-03,2.437803e-02,9.324506e-01,5.826394e-04,5.542135e-04,1.050998e-03,1.658552e-03,3.155702e-03,2.871063e-04,1.384452e-03
2.357081e-02,8.616913e-04,2.560689e-03,2.535938e-03,1.971615e-02,1.875922e-03,2.145174e-02,9.172809e-01,1.012103e-03,6.861071e-04,1.380369e-03,1.823148e-03,3.374328e-03,2.763334e-04,1.593822e-03
3.358675e-02,1.694633e-03,2.803951e-03,3.239340e-03,2.853881e-02,2.346772e-03,1.867127e-02,8.786740e-01,1.268647e-02,2.458152e-03,2.440234e-03,2.344257e-03,5.773913e-03,3.772100e-04,4.364325e-03
3.279772e-02,2.446277e-03,2.611378e-03,6.037761e-03,2.973994e-02,2.768008e-03,1.506629e-02,7.675540e-01,5.225099e-02,1.633218e-02,9.090951e-03,8.957610e-03,4.109849e-02,1.729989e-03,1.151847e-02
4.202345e-02,7.127703e-03,2.200112e-03,8.179654e-03,3.789651e-02,3.128368e-03,1.518292e-02,6.647896e-01,7.640944e-02,3.940897e-02,1.366630e-02,1.360469e-02,4.332071e-02,5.649492e-03,2.741215e-02
5.882826e-02,1.033504e-02,2.112562e-03,1.239737e-02,4.433994e-02,3.730244e-03,2.304420e-02,5.728544e-01,1.043944e-01,6.082332e-02,1.744571e-02,1.485846e-02,3.672518e-02,8.866022e-03,2.924491e-02
4.897332e-02,1.281928e-02,1.721177e-03,1.592325e-02,3.620480e-02,3.316171e-03,1.667152e-02,4.058979e-01,1.354978e-01,1.487158e-01,1.621169e-02,1.573202e-02,3.148351e-02,1.183856e-02,9.899320e-02
1.031037e-01,1.575388e-02,1.894021e-03,1.947182e-02,3.597162e-02,4.090157e-03,1.301944e-02,3.042048e-01,1.931239e-01,1.257916e-01,2.373493e-02,1.462442e-02,3.483235e-02,1.938320e-02,9.100020e-02
1.462105e-01,1.786255e-02,2.577291e-03,2.701978e-02,3.517454e-02,4.492323e-03,9.848366e-03,2.303452e-01,2.105095e-01,1.036845e-01,3.823454e-02,1.909363e-02,4.811655e-02,2.477833e-02,8.205248e-02
2.019436e-01,2.292569e-02,8.280548e-03,2.390271e-02,3.300981e-02,6.290253e-03,8.262495e-03,1.797320e-01,2.091169e-01,7.643464e-02,4.203393e-02,3.091615e-02,4.446437e-02,3.831789e-02,7.436908e-02
2.561436e-01,2.456305e-02,9.320689e-03,2.164865e-02,3.065022e-02,7.121493e-03,6.615827e-03,1.388236e-01,2.240048e-01,5.758244e-02,4.717830e-02,3.083320e-02,3.716248e-02,4.286154e-02,6.549008e-02
2.827917e-01,2.493106e-02,1.360333e-02,1.976174e-02,2.924227e-02,1.122242e-02,6.657948e-03,1.765372e-01,2.067451e-01,4.116446e-02,4.096003e-02,2.984046e-02,3.223361e-02,3.602879e-02,4.827984e-02
2.389959e-01,1.856577e-02,1.129762e-02,1.491677e-02,2.421133e-02,9.037603e-03,6.708457e-03,3.491681e-01,1.585133e-01,2.895245e-02,3.265850e-02,2.313232e-02,2.349011e-02,2.615201e-02,3.419982e-02
2.402372e-01,1.416146e-02,9.128471e-03,1.347028e-02,2.187465e-02,1.003619e-02,6.413243e-03,4.399441e-01,1.153847e-01,2.039034e-02,2.606461e-02,2.056838e-02,1.839366e-02,1.899580e-02,2.493685e-02
2.310808e-01,1.080807e-02,8.163784e-03,1.141339e-02,2.089280e-02,1.119093e-02,8.323360e-03,5.195358e-01,8.288137e-02,1.442915e-02,1.975250e-02,1.589468e-02,1.366065e-02,1.375335e-02,1.821932e-02
1.952382e-01,7.790733e-03,6.419749e-03,8.729118e-03,2.639704e-02,1.200524e-02,1.116238e-02,6.031833e-01,5.931607e-02,1.019112e-02,1.470647e-02,1.152761e-02,1.032857e-02,9.924128e-03,1.308021e-02
1.491123e-01,5.514091e-03,4.810838e-03,6.455284e-03,2.721651e-02,1.261299e-02,1.053629e-02,6.916664e-01,4.196179e-02,7.145985e-03,1.086685e-02,8.184334e-03,7.525955e-03,7.151790e-03,9.238610e-03
1.186035e-01,3.997292e-03,3.770364e-03,5.176453e-03,4.691291e-02,1.077084e-02,8.682510e-03,7.366498e-01,2.964751e-02,5.017159e-03,7.898942e-03,5.771264e-03,5.452869e-03,5.133306e-03,6.515224e-03
9.930436e-02,2.924840e-03,3.012070e-03,4.416254e-03,5.284004e-02,9.308331e-03,6.837311e-03,7.742422e-01,2.127014e-02,3.522458e-03,5.848180e-03,4.081707e-03,4.026195e-03,3.760444e-03,4.605477e-03
7.398992e-02,2.087445e-03,2.209261e-03,3.467450e-03,5.430478e-02,7.592742e-03,4.958056e-03,8.178961e-01,1.514416e-02,2.468642e-03,4.209807e-03,2.863799e-03,2.858806e-03,2.711974e-03,3.236995e-03
5.391959e-02,1.495366e-03,1.601140e-03,2.669041e-03,8.404520e-02,5.746624e-03,3.841600e-03,8.230198e-01,1.069583e-02,1.729324e-03,3.010671e-03,2.009152e-03,2.028044e-03,1.918158e-03,2.270454e-03
4.519862e-02,1.207246e-03,1.296973e-03,2.097419e-03,8.049384e-02,5.970080e-03,3.501952e-03,8.428209e-01,7.623951e-03,1.215116e-03,2.304445e-03,1.474881e-03,1.768193e-03,1.394785e-03,1.631598e-03
3.536097e-02,9.206993e-04,1.021916e-03,1.662729e-03,6.591874e-02,4.474809e-03,2.808385e-03,8.753396e-01,5.433037e-03,8.536038e-04,1.676989e-03,1.069055e-03,1.320796e-03,9.863277e-04,1.152334e-03
3.238834e-02,8.098429e-04,8.704137e-04,1.331188e-03,5.119466e-02,3.758837e-03,2.142722e-03,8.973782e-01,3.981193e-03,6.134695e-04,1.419021e-03,9.578329e-04,1.605226e-03,7.124938e-04,8.365376e-04
3.379732e-02,8.769800e-04,1.125443e-03,2.162063e-03,4.323963e-02,3.231248e-03,1.622527e-03,8.956345e-01,5.042467e-03,7.322334e-04,3.273905e-03,2.078039e-03,5.492009e-03,7.436600e-04,9.479507e-04
3.940400e-02,9.041599e-04,9.606393e-04,2.303117e-03,4.456738e-02,2.812874e-03,1.370854e-03,8.815248e-01,4.577014e-03,7.462390e-04,4.678454e-03,5.963913e-03,8.686621e-03,6.599755e-04,8.399712e-04
7.497485e-02,1.145095e-03,8.375489e-04,2.475668e-03,3.574599e-02,2.896582e-03,1.184863e-03,7.604347e-01,7.062801e-03,8.737153e-04,2.176810e-02,3.118824e-02,5.760632e-02,8.002070e-04,1.005299e-03
8.960874e-02,2.526284e-03,1.310254e-03,3.188835e-03,2.859598e-02,4.902676e-03,1.129303e-03,6.183271e-01,1.766773e-02,1.316482e-03,3.895399e-02,9.140772e-02,9.492314e-02,1.578986e-03,4.562730e-03
8.129859e-02,4.650968e-03,1.880851e-03,3.467916e-03,2.221383e-02,6.375591e-03,1.054009e-03,4.629700e-01,2.938280e-02,1.539764e-03,5.174126e-02,1.786016e-01,1.327497e-01,5.837979e-03,1.623511e-02
1.111953e-01,4.949384e-03,2.562000e-03,5.553401e-03,1.860518e-02,1.574910e-02,2.105746e-03,3.562460e-01,3.631609e-02,1.700433e-03,4.886955e-02,2.574851e-01,1.159177e-01,7.226828e-03,1.551821e-02
1.285369e-01,5.502898e-03,2.964574e-03,6.523331e-03,1.572245e-02,2.097734e-02,2.209916e-03,2.636005e-01,6.028145e-02,1.718565e-03,3.924028e-02,3.377973e-01,9.482502e-02,7.783549e-03,1.231590e-02
1.056421e-01,6.235578e-03,3.450641e-03,6.271744e-03,1.387597e-02,2.085242e-02,3.144829e-03,1.865892e-01,4.995696e-02,3.446302e-03,3.291100e-02,4.759250e-01,7.072901e-02,8.013172e-03,1.295603e-02
8.370358e-02,4.883220e-03,3.567179e-03,5.480671e-03,1.094441e-02,1.636796e-02,2.519795e-03,1.311651e-01,3.716569e-02,5.449499e-03,3.306081e-02,5.945172e-01,5.449653e-02,6.506164e-03,1.017216e-02
6.441949e-02,3.620359e-03,2.936942e-03,4.032236e-03,8.593867e-03,1.325658e-02,2.080943e-03,9.202448e-02,2.682265e-02,5.477721e-03,3.661389e-02,6.873301e-01,3.984842e-02,5.409016e-03,7.533297e-03
4.737701e-02,2.639542e-03,2.147999e-03,2.852855e-03,1.023873e-02,1.069000e-02,1.840338e-03,6.453241e-02,1.961205e-02,4.351799e-03,3.449694e-02,7.606361e-01,2.873225e-02,4.552767e-03,5.299234e-03
3.383088e-02,1.984646e-03,1.614956e-03,2.015359e-03,9.020252e-03,8.473153e-03,1.357584e-03,4.521325e-02,1.495101e-02,3.563093e-03,3.811792e-02,8.118958e-01,2.084549e-02,3.388403e-03,3.728172e-03
2.380235e-02,1.766331e-03,1.512781e-03,1.437543e-03,1.500577e-02,6.147008e-03,1.064874e-03,3.172024e-02,1.321230e-02,2.870242e-03,3.496248e-02,8.456550e-01,1.541478e-02,2.796539e-03,2.631791e-03
1.678776e-02,1.520122e-03,1.613405e-03,1.023304e-03,1.245490e-02,4.564174e-03,7.753834e-04,2.231678e-02,1.043512e-02,2.464592e-03,5.560227e-02,8.548848e-01,1.110500e-02,2.585022e-03,1.867343e-03
1.188624e-02,1.711376e-03,2.387264e-03,7.300854e-04,1.142419e-02,3.363858e-03,5.599256e-04,1.575554e-02,9.102920e-03,2.416866e-03,6.123943e-02,8.679639e-01,8.121491e-03,1.995582e-03,1.341397e-03
8.405703e-03,1.336751e-03,2.052590e-03,5.411173e-04,2.149319e-02,3.094452e-03,4.457239e-04,1.146982e-02,7.872242e-03,2.107052e-03,4.486942e-02,8.879341e-01,5.870919e-03,1.559072e-03,9.478980e-04
6.110327e-03,2.107450e-03,1.865756e-03,4.120604e-04,3.979528e-02,2.750501e-03,3.191964e-04,8.599173e-03,7.094211e-03,2.599412e-03,3.801179e-02,8.838068e-01,4.649244e-03,1.199977e-03,6.788436e-04
4.595044e-03,4.565302e-03,2.902937e-03,3.474752e-04,3.171967e-02,2.189664e-03,2.330263e-04,6.864366e-03,7.152242e-03,3.046562e-03,4.963527e-02,8.815012e-01,3.483997e-03,1.170815e-03,5.924249e-04
3.372486e-03,4.586537e-03,4.429491e-03,3.460136e-04,2.919114e-02,1.702090e-03,2.623328e-04,7.582184e-03,1.206282e-02,2.621930e-03,3.697846e-02,8.927987e-01,2.526873e-03,1.056975e-03,4.819792e-04
3.555555e-03,7.049067e-03,1.115434e-02,1.586062e-03,2.984112e-02,2.196746e-03,6.254079e-04,3.867310e-02,4.806050e-02,2.310322e-03,2.870075e-02,8.228949e-01,2.004401e-03,9.749243e-04,3.727423e-04
2.880876e-03,5.807135e-03,1.066771e-02,2.039007e-03,2.215907e-02,1.964824e-03,5.327591e-04,5.878028e-02,3.939895e-02,1.886774e-03,2.393225e-02,8.271672e-01,1.577471e-03,9.128564e-04,2.928316e-04
3.415596e-03,5.441039e-03,1.773877e-02,6.171789e-03,1.713339e-02,2.720685e-03,6.822572e-04,1.436263e-01,3.866774e-02,2.744079e-03,2.233755e-02,7.369085e-01,1.350919e-03,8.256898e-04,2.356342e-04
3.736367e-03,5.698585e-03,1.417330e-02,8.265765e-03,1.390973e-02,4.588605e-03,9.005235e-04,2.315789e-01,6.213477e-02,2.965069e-03,2.764336e-02,6.219949e-01,1.352520e-03,8.357720e-04,2.218202e-04
4.830804e-03,5.233278e-03,1.262419e-02,7.815405e-03,1.867628e-02,8.359076e-03,8.668987e-04,1.823770e-01,1.034795e-01,2.881852e-03,3.232427e-02,6.178539e-01,1.253924e-03,1.140787e-03,2.826881e-04
5.607175e-03,6.009322e-03,1.236733e-02,8.462371e-03,1.809006e-02,8.875879e-03,7.424731e-04,1.745101e-01,1.468723e-01,3.143540e-03,5.019752e-02,5.616597e-01,1.405560e-03,1.689637e-03,3.669960e-04
8.741916e-03,7.565297e-03,1.194880e-02,9.667658e-03,2.386291e-02,1.328986e-02,7.378924e-04,1.819851e-01,2.235674e-01,3.346906e-03,7.543856e-02,4.350542e-01,1.720440e-03,2.474256e-03,5.987047e-04
1.204253e-02,9.836386e-03,1.214993e-02,1.589011e-02,2.506879e-02,1.824613e-02,7.127882e-04,1.516556e-01,2.787312e-01,3.684564e-03,1.324677e-01,3.295377e-01,1.604497e-03,7.579876e-03,7.919682e-04
1.814007e-02,1.030818e-02,1.055850e-02,1.489027e-02,3.363825e-02,1.537760e-02,6.320546e-04,1.196604e-01,2.567694e-01,3.422521e-03,2.458887e-01,2.553640e-01,1.542423e-03,1.261671e-02,1.190793e-03
3.148755e-02,1.542226e-02,1.174945e-02,1.423467e-02,4.468314e-02,1.635451e-02,5.466312e-04,9.334479e-02,2.561551e-01,3.287408e-03,2.980625e-01,1.884082e-01,1.312273e-03,2.329130e-02,1.660112e-03
6.475776e-02,1.687981e-02,1.145338e-02,1.551016e-02,4.393890e-02,1.448641e-02,5.284824e-04,7.010729e-02,2.247943e-01,3.192059e-03,3.524307e-01,1.441506e-01,1.180341e-03,3.461321e-02,1.976497e-03
4.916786e-02,1.400590e-02,8.759635e-03,1.101381e-02,3.268957e-02,1.357156e-02,4.436093e-04,4.924616e-02,1.806634e-01,5.001341e-03,4.298564e-01,1.192014e-01,1.145999e-03,8.210076e-02,3.132465e-03
3.516476e-02,1.046176e-02,6.358570e-03,7.762016e-03,2.342243e-02,1.166258e-02,3.491946e-04,3.451983e-02,1.382603e-01,5.101280e-03,4.249811e-01,9.718954e-02,9.447851e-04,2.009223e-01,2.899516e-03
2.478307e-02,7.620799e-03,4.507484e-03,5.450256e-03,1.669733e-02,8.479415e-03,2.495290e-04,2.416865e-02,1.027271e-01,3.942594e-03,4.502850e-01,7.409034e-02,7.304560e-04,2.741619e-01,2.105958e-03
1.765533e-02,5.756087e-03,3.229792e-03,3.887543e-03,1.196115e-02,6.747791e-03,1.993831e-04,1.694493e-02,8.062436e-02,3.613956e-03,4.511330e-01,5.826081e-02,6.458767e-04,3.377072e-01,1.632841e-03
1.274371e-02,4.312201e-03,2.450758e-03,2.785088e-03,8.584649e-03,6.322312e-03,1.859101e-04,1.190973e-02,6.380425e-02,3.461687e-03,4.081083e-01,4.521028e-02,5.537707e-04,4.282031e-01,1.364197e-03
9.245313e-03,3.465323e-03,2.118680e-03,1.999677e-03,6.351466e-03,5.414737e-03,1.849670e-04,8.417961e-03,6.903065e-02,3.995546e-03,3.499937e-01,3.785352e-02,4.749994e-04,5.002853e-01,1.168198e-03
6.838914e-03,2.726858e-03,1.738333e-03,1.454666e-03,4.645016e-03,4.769251e-03,1.760426e-04,5.979408e-03,6.811567e-02,4.524499e-03,3.098070e-01,3.087078e-02,4.066026e-04,5.569722e-01,9.747113e-04
5.203435e-03,2.355281e-03,1.602174e-03,1.375902e-03,3.598532e-03,5.856137e-03,1.718775e-04,4.246072e-03,9.191697e-02,4.104827e-03,2.712457e-01,2.516374e-02,3.446221e-04,5.818105e-01,1.004149e-03
4.068914e-03,2.145164e-03,1.684297e-03,1.362598e-03,2.821873e-03,5.510358e-03,2.203347e-04,3.518599e-03,1.803407e-01,4.078468e-03,2.299658e-01,1.977024e-02,3.377191e-04,5.433245e-01,8.504299e-04
3.366678e-03,2.081686e-03,3.054635e-03,1.508048e-03,2.522661e-03,7.432132e-03,3.643326e-04,3.369319e-03,2.882482e-01,4.260873e-03,1.824212e-01,1.514141e-02,3.552400e-04,4.851272e-01,7.462904e-04
3.113138e-03,9.606379e-03,3.360116e-03,3.458939e-03,4.408639e-03,7.028154e-03,3.135010e-04,2.675257e-03,3.513307e-01,7.906305e-03,1.774141e-01,1.146180e-02,5.160383e-04,4.140788e-01,3.328134e-03
3.605159e-03,9.267687e-03,3.035505e-03,5.262082e-03,4.490723e-03,7.098451e-03,3.070936e-04,2.380634e-03,3.704442e-01,8.229266e-03,1.846819e-01,9.632495e-03,7.063072e-04,3.864546e-01,4.403756e-03
3.104860e-03,9.147931e-03,2.520201e-03,5.042226e-03,5.317432e-03,7.297213e-03,2.890034e-04,3.258991e-03,4.606380e-01,6.439887e-03,1.600175e-01,7.831683e-03,7.606260e-04,3.234762e-01,4.858265e-03
2.548809e-03,1.115687e-02,2.285981e-03,4.992013e-03,4.981663e-03,7.377252e-03,2.314391e-04,2.687021e-03,5.231777e-01,5.051955e-03,1.388897e-01,9.370279e-03,9.136681e-04,2.786530e-01,7.682708e-03
2.692352e-03,1.045279e-02,2.059156e-03,6.371990e-03,5.032141e-03,8.086432e-03,2.370591e-04,2.440365e-03,5.374671e-01,4.552340e-03,1.370438e-01,1.014448e-02,1.121326e-03,2.603414e-01,1.195734e-02
3.298976e-03,8.152134e-03,1.720387e-03,7.150386e-03,4.299324e-03,1.020069e-02,2.461678e-04,2.609463e-03,5.535260e-01,4.259405e-03,1.581499e-01,1.443782e-02,4.007336e-03,2.157816e-01,1.216042e-02
4.234063e-03,2.530353e-02,5.176767e-03,6.324819e-03,3.872854e-02,1.629835e-02,3.864597e-04,3.780921e-03,5.568671e-01,4.877073e-03,1.407723e-01,1.326822e-02,3.472244e-03,1.702629e-01,1.024670e-02
3.957274e-03,3.273213e-02,4.706465e-03,1.453762e-02,3.909910e-02,1.356794e-02,3.136562e-04,6.134837e-03,6.296902e-01,3.765757e-03,1.097331e-01,1.139216e-02,2.840640e-03,1.199796e-01,7.549542e-03
4.272849e-03,5.681483e-02,4.659912e-03,3.077090e-02,3.360882e-02,2.259215e-02,3.653283e-04,1.001372e-02,6.467039e-01,3.019539e-03,8.383309e-02,9.291569e-03,3.306161e-03,8.467864e-02,6.068618e-03
3.885755e-03,6.972459e-02,3.854875e-03,4.198004e-02,3.176749e-02,2.308475e-02,3.045948e-04,7.633285e-03,6.776673e-01,2.689938e-03,6.073043e-02,7.109682e-03,3.333008e-03,5.982945e-02,6.404867e-03
4.920446e-03,1.016195e-01,3.433478e-03,4.761271e-02,4.558615e-02,4.073717e-02,3.179988e-04,9.062922e-03,6.300542e-01,2.702191e-03,4.428142e-02,5.415510e-03,4.866705e-03,4.465212e-02,1.473749e-02
6.918549e-03,1.667082e-01,6.670724e-03,4.151713e-02,6.931642e-02,5.744856e-02,3.992720e-04,7.612438e-03,5.294150e-01,3.767289e-03,3.485931e-02,4.471053e-03,5.999469e-03,3.538308e-02,2.951351e-02
7.036276e-03,2.320444e-01,6.183738e-03,3.725786e-02,6.845704e-02,5.315155e-02,4.772604e-04,9.593106e-03,4.699520e-01,3.860035e-03,2.633075e-02,3.634654e-03,7.454873e-03,3.957081e-02,3.499571e-02
5.506244e-03,1.848548e-01,5.428149e-03,5.315555e-02,4.926307e-02,3.900346e-02,3.678750e-04,8.372619e-03,5.520875e-01,3.470002e-03,2.340199e-02,4.499197e-03,1.136175e-02,2.877871e-02,3.044917e-02
6.178643e-03,1.526085e-01,6.512361e-03,7.273799e-02,3.622393e-02,3.387150e-02,4.274516e-04,6.870059e-03,5.406333e-01,5.611121e-03,3.005930e-02,1.121885e-02,2.257078e-02,2.164202e-02,5.283417e-02
1.299181e-02,1.322365e-01,1.082232e-02,8.817224e-02,3.158232e-02,5.852001e-02,2.132763e-03,1.530296e-02,4.059491e-01,5.162963e-03,5.988099e-02,2.674401e-02,8.459215e-02,1.710504e-02,4.880484e-02
1.273000e-02,1.068233e-01,9.682238e-03,8.625257e-02,3.095539e-02,7.693058e-02,1.962113e-03,1.567681e-02,3.084083e-01,5.039427e-03,6.465811e-02,5.372275e-02,1.653723e-01,1.696952e-02,4.481670e-02
1.052892e-02,7.814944e-02,7.343433e-03,6.311555e-02,2.324289e-02,6.617659e-02,1.564991e-03,1.205825e-02,2.379133e-01,7.238205e-03,1.021245e-01,7.265282e-02,2.559431e-01,2.347245e-02,3.847550e-02
9.853299e-03,6.465863e-02,6.309076e-03,4.641318e-02,1.707643e-02,5.297537e-02,1.310503e-03,1.036092e-02,1.843850e-01,1.249696e-02,1.490680e-01,7.122900e-02,3.137585e-01,2.437915e-02,3.572606e-02
1.023516e-02,5.515951e-02,5.517055e-03,3.494310e-02,1.463054e-02,4.780399e-02,1.217454e-03,9.514958e-03,1.426154e-01,3.337172e-02,1.681128e-01,7.454897e-02,3.475769e-01,2.277561e-02,3.197679e-02
1.465838e-02,4.320751e-02,6.605168e-03,2.936614e-02,1.753756e-02,4.531103e-02,1.427354e-03,1.298915e-02,1.082393e-01,6.134636e-02,1.926757e-01,1.131388e-01,3.046539e-01,2.241086e-02,2.643277e-02
3.069116e-02,3.571083e-02,7.679596e-03,2.413841e-02,2.363243e-02,4.355409e-02,1.878459e-03,2.204254e-02,9.329039e-02,8.003862e-02,1.919803e-01,1.237717e-01,2.797048e-01,2.002387e-02,2.186277e-02
7.838384e-02,2.911443e-02,1.030172e-02,2.283636e-02,2.711916e-02,5.450279e-02,2.246319e-03,3.161069e-02,8.422422e-02,1.189595e-01,1.799994e-01,1.088842e-01,2.136754e-01,1.924394e-02,1.889823e-02
1.264549e-01,2.596741e-02,1.208132e-02,2.125867e-02,2.844629e-02,8.095129e-02,3.005558e-03,3.815135e-02,7.063933e-02,1.352431e-01,1.597679e-01,9.632450e-02,1.658924e-01,1.796896e-02,1.784706e-02
1.772977e-01,2.409675e-02,1.402480e-02,1.873675e-02,3.071907e-02,8.296505e-02,4.125067e-03,3.831997e-02,6.053425e-02,1.465082e-01,1.516797e-01,8.732954e-02,1.292632e-01,1.684689e-02,1.755301e-02
2.348694e-01,2.016833e-02,2.031204e-02,2.162419e-02,2.653795e-02,8.664153e-02,4.388979e-03,3.181247e-02,4.782944e-02,1.406080e-01,1.438025e-01,8.627135e-02,1.016608e-01,1.525087e-02,1.822223e-02
2.972705e-01,1.758165e-02,2.014148e-02,2.283136e-02,2.296501e-02,8.121602e-02,4.620531e-03,2.483671e-02,3.827120e-02,1.141703e-01,1.410969e-01,9.448989e-02,8.587646e-02,1.385178e-02,2.078024e-02
3.457918e-01,1.865842e-02,2.007306e-02,2.499479e-02,2.023916e-02,6.801175e-02,3.878197e-03,1.827080e-02,3.168535e-02,1.064927e-01,1.150246e-01,1.048682e-01,6.869351e-02,1.882713e-02,3.449053e-02
3.229080e-01,2.411035e-02,2.920984e-02,2.550748e-02,2.156291e-02,5.079920e-02,3.349362e-03,1.449821e-02,3.488350e-02,1.350560e-01,9.057333e-02,1.095334e-01,5.763773e-02,2.267155e-02,5.769907e-02
2.528691e-01,2.416347e-02,3.432578e-02,2.803139e-02,2.165995e-02,4.215081e-02,3.090228e-03,5.052611e-02,5.535719e-02,1.585121e-01,7.074574e-02,1.398770e-01,5.049161e-02,1.822011e-02,4.997932e-02
1.930165e-01,2.689886e-02,4.643278e-02,2.405428e-02,1.830251e-02,3.180342e-02,2.449425e-03,1.749974e-01,5.534135e-02,1.283674e-01,5.330756e-02,1.464003e-01,4.533855e-02,1.385263e-02,3.943697e-02
1.519143e-01,4.111244e-02,4.067955e-02,3.216367e-02,1.862562e-02,2.758309e-02,2.846135e-03,1.432671e-01,1.629649e-01,1.019568e-01,4.101890e-02,1.261380e-01,6.298359e-02,1.080134e-02,3.594461e-02
1.164028e-01,4.483365e-02,3.005783e-02,3.056910e-02,2.068561e-02,5.242021e-02,2.764042e-03,1.033033e-01,2.641344e-01,7.479902e-02,3.369699e-02,9.235781e-02,9.511015e-02,7.924458e-03,3.094060e-02
8.361649e-02,3.816765e-02,2.124303e-02,2.753856e-02,2.625866e-02,1.178799e-01,2.313287e-03,7.292107e-02,3.659351e-01,5.353221e-02,2.433889e-02,6.576291e-02,7.027451e-02,5.731799e-03,2.448596e-02
5.983234e-02,3.306737e-02,1.504327e-02,2.804293e-02,3.532565e-02,1.702194e-01,2.006903e-03,5.151185e-02,4.273252e-01,3.805169e-02,1.761308e-02,4.713083e-02,5.215104e-02,4.111532e-03,1.856688e-02
4.294526e-02,2.745147e-02,1.062786e-02,5.343788e-02,3.051722e-02,2.193886e-01,1.697070e-03,3.679800e-02,4.358687e-01,2.781467e-02,1.410980e-02,3.795193e-02,4.028799e-02,2.991649e-03,1.811190e-02
3.202796e-02,2.531072e-02,7.983893e-03,4.891410e-02,2.983072e-02,2.646827e-01,1.668517e-03,3.047124e-02,4.523038e-01,2.003386e-02,1.100628e-02,2.809880e-02,3.048088e-02,2.217764e-03,1.496879e-02
2.823615e-02,2.294331e-02,9.638846e-03,4.544531e-02,8.037517e-02,3.339691e-01,2.027544e-03,2.456462e-02,3.672323e-01,1.515282e-02,8.226142e-03,1.984998e-02,2.182512e-02,1.631745e-03,1.888183e-02
3.826794e-02,5.155551e-02,9.050825e-03,4.366403e-02,9.761652e-02,2.851731e-01,2.223127e-03,1.852224e-02,3.514061e-01,1.406110e-02,6.736873e-03,1.465086e-02,1.617130e-02,1.182403e-03,4.971809e-02
2.991935e-02,5.032955e-02,1.539372e-02,1.748620e-01,7.869066e-02,2.137428e-01,1.866272e-03,1.405755e-02,2.702844e-01,1.463203e-02,5.641636e-03,1.059266e-02,1.164311e-02,9.001760e-04,1.074441e-01
3.442727e-02,4.522846e-02,4.916970e-02,1.919945e-01,1.053161e-01,1.590127e-01,2.606050e-03,1.987371e-02,2.633457e-01,1.194708e-02,5.515144e-03,7.687423e-03,9.205431e-03,7.294673e-04,9.394136e-02
4.143138e-02,4.037257e-02,4.615983e-02,1.818424e-01,1.387248e-01,1.166881e-01,2.792268e-03,7.431018e-02,2.612935e-01,9.019092e-03,5.253186e-03,5.472184e-03,6.950957e-03,5.560223e-04,6.913345e-02
5.730266e-02,4.582903e-02,5.782375e-02,2.024203e-01,1.202814e-01,8.384442e-02,2.989496e-03,1.041883e-01,2.173246e-01,1.533085e-02,6.482193e-03,4.158653e-03,5.933799e-03,4.839936e-04,7.560650e-02
5.804170e-02,3.881402e-02,4.533017e-02,1.448352e-01,8.919203e-02,6.088286e-02,2.751597e-03,3.200499e-01,1.604591e-01,1.133276e-02,5.502648e-03,3.072356e-03,5.258252e-03,4.298923e-04,5.404745e-02
5.275998e-02,2.934347e-02,3.405795e-02,1.021057e-01,6.694274e-02,4.345546e-02,2.577904e-03,4.962021e-01,1.139935e-01,8.085193e-03,4.713580e-03,2.266553e-03,4.626113e-03,3.618975e-04,3.850785e-02
3.997862e-02,2.071352e-02,2.537194e-02,7.172614e-02,4.784051e-02,3.253317e-02,2.153757e-03,6.372448e-01,7.993758e-02,5.739392e-03,3.668398e-03,1.714788e-03,3.810412e-03,3.855440e-04,2.718149e-02
2.982747e-02,1.459824e-02,1.873619e-02,5.039946e-02,3.406580e-02,2.471383e-02,1.695964e-03,7.386940e-01,5.609727e-02,4.075762e-03,2.894485e-03,1.354525e-03,3.270682e-03,4.169421e-04,1.915946e-02
2.857051e-02,1.059038e-02,1.484408e-02,3.657650e-02,2.415974e-02,1.922631e-02,1.228377e-03,7.678559e-01,4.014207e-02,3.980634e-03,1.753580e-02,4.639474e-03,1.320597e-02,3.488503e-03,1.395579e-02
2.230775e-02,1.105224e-02,1.052839e-02,2.651462e-02,1.695076e-02,1.370393e-02,8.774602e-04,6.639966e-01,2.897647e-02,4.797616e-03,1.363207e-01,1.559194e-02,2.424671e-02,1.407354e-02,1.006135e-02
1.734347e-02,1.014294e-02,7.552107e-03,1.933593e-02,1.202940e-02,9.688980e-03,6.286505e-04,5.218347e-01,2.175367e-02,6.802954e-03,2.819582e-01,2.277918e-02,3.191042e-02,2.888656e-02,7.352842e-03
1.369584e-02,8.113815e-03,6.842951e-03,1.599589e-02,8.820004e-03,8.484902e-03,5.013711e-04,3.900192e-01,2.229767e-02,6.338435e-03,3.363600e-01,1.083198e-01,2.762782e-02,4.095622e-02,5.626061e-03
1.100191e-02,6.794596e-03,5.755554e-03,1.400821e-02,6.657465e-03,6.713683e-03,4.032360e-04,2.909494e-01,4.516844e-02,4.854863e-03,3.485010e-01,1.496619e-01,3.385466e-02,7.098276e-02,4.692209e-03
8.498739e-03,5.802733e-03,4.716389e-03,1.107908e-02,4.833102e-03,5.259888e-03,3.030388e-04,2.132706e-01,1.391370e-01,3.970163e-03,3.385543e-01,1.172843e-01,2.951191e-02,1.138229e-01,3.955872e-03
6.602270e-03,4.620546e-03,4.010169e-03,1.058543e-02,3.579821e-03,4.190821e-03,2.228525e-04,1.496327e-01,3.242083e-01,3.508936e-03,2.656670e-01,8.678382e-02,2.266099e-02,1.093096e-01,4.416850e-03
7.059544e-03,5.426241e-03,3.153225e-03,8.126128e-03,2.662849e-03,6.245493e-03,1.916009e-04,1.049638e-01,3.565689e-01,3.379284e-03,2.300388e-01,6.566343e-02,1.820038e-02,1.830551e-01,5.265115e-03
1.227173e-02,4.856696e-03,2.652425e-03,8.859698e-03,2.058885e-03,9.645007e-03,2.036323e-04,7.477885e-02,3.853461e-01,2.991971e-03,2.121795e-01,5.116028e-02,1.425690e-02,2.142305e-01,4.507869e-03
1.354082e-02,7.259505e-03,3.152626e-03,7.513499e-03,1.737693e-03,1.957133e-02,2.792729e-04,5.289659e-02,4.545954e-01,2.991828e-03,1.602810e-01,3.776246e-02,1.090023e-02,2.220334e-01,5.484213e-03
1.309159e-02,8.350464e-03,2.547895e-03,6.765021e-03,1.507461e-03,1.670185e-02,2.337278e-04,3.720611e-02,4.108471e-01,3.082278e-03,1.476868e-01,2.999135e-02,9.222083e-03,3.076740e-01,5.092260e-03
1.101917e-02,3.118391e-02,6.830300e-03,1.123559e-02,1.816778e-03,1.832917e-02,2.444487e-04,2.642626e-02,3.924014e-01,6.059858e-03,1.504612e-01,2.590008e-02,1.596226e-02,2.931224e-01,9.007180e-03
1.582677e-02,3.866439e-02,7.799973e-03,1.679160e-02,2.676847e-03,2.326598e-02,3.219775e-04,1.898587e-02,3.505854e-01,6.152498e-03,1.254776e-01,1.959922e-02,1.437809e-02,3.504187e-01,9.055056e-03
2.058841e-02,3.235606e-02,6.689380e-03,1.828358e-02,2.380504e-03,1.808010e-02,3.503254e-04,1.372409e-02,3.081772e-01,8.134232e-03,1.238687e-01,1.724811e-02,1.281804e-02,4.091145e-01,8.186813e-03
2.316664e-02,3.101202e-02,1.223635e-02,1.717382e-02,3.640890e-03,1.513948e-02,4.294151e-04,1.035925e-02,3.010443e-01,9.497144e-03,1.070662e-01,1.506090e-02,1.050229e-02,4.354804e-01,8.190900e-03
3.727541e-02,2.365440e-02,1.059969e-02,1.458754e-02,3.196935e-03,1.213801e-02,4.865218e-04,7.635355e-03,2.926600e-01,8.474540e-03,9.376765e-02,1.740920e-02,8.326228e-03,4.630253e-01,6.763260e-03
4.305409e-02,2.422720e-02,1.022295e-02,1.147942e-02,3.203770e-03,1.360931e-02,5.152052e-04,5.851240e-03,2.634692e-01,6.925300e-03,9.079828e-02,2.164023e-02,7.181232e-03,4.919462e-01,5.876388e-03
5.235936e-02,2.651996e-02,9.769371e-03,1.505612e-02,6.012718e-03,1.230937e-02,6.480226e-04,5.294859e-03,3.393832e-01,6.046905e-03,7.139496e-02,1.660257e-02,5.621943e-03,4.249287e-01,8.051854e-03
6.639663e-02,2.599311e-02,1.300678e-02,3.483437e-02,1.747606e-02,1.267159e-02,1.018010e-03,7.743363e-03,3.782870e-01,6.848991e-03,5.943147e-02,1.374477e-02,4.988327e-03,3.396501e-01,1.790947e-02
9.019879e-02,2.452537e-02,2.839844e-02,5.970376e-02,2.460052e-02,1.400586e-02,1.200420e-03,9.218813e-03,3.744504e-01,7.860181e-03,4.936295e-02,1.192373e-02,4.871134e-03,2.711552e-01,2.852440e-02
8.170459e-02,5.329892e-02,2.406029e-02,7.407876e-02,4.640703e-02,1.525221e-02,1.297568e-03,9.544560e-03,3.863336e-01,7.220558e-03,4.226629e-02,1.030649e-02,4.597761e-03,2.120354e-01,3.159594e-02
9.676827e-02,5.570450e-02,3.058001e-02,1.197301e-01,4.484257e-02,1.551029e-02,1.228272e-03,1.116326e-02,3.733156e-01,6.578735e-03,4.419328e-02,9.807535e-03,5.595685e-03,1.538969e-01,3.108492e-02
9.366039e-02,7.017646e-02,2.723113e-02,8.743187e-02,4.247186e-02,3.284236e-02,1.183801e-03,3.109035e-02,4.189252e-01,5.519418e-03,3.563313e-02,7.824983e-03,5.242616e-03,1.164835e-01,2.428292e-02
1.007773e-01,6.711607e-02,3.258862e-02,6.879956e-02,4.180560e-02,7.065526e-02,1.222549e-03,3.453670e-02,4.248177e-01,4.594239e-03,2.896224e-02,8.243017e-03,4.911786e-03,9.130926e-02,1.966005e-02
1.044904e-01,6.400616e-02,4.502191e-02,5.186847e-02,4.149111e-02,8.312467e-02,3.916900e-03,6.446409e-02,4.064637e-01,3.434295e-03,2.146665e-02,6.282068e-03,5.025420e-03,8.393151e-02,1.501263e-02
