1.000000e+00,0.000000e+00,0.000000e+00,0.000000e+00,0.000000e+00,0.000000e+00,0.000000e+00,0.000000e+00,0.000000e+00,0.000000e+00,0.000000e+00,0.000000e+00,0.000000e+00,0.000000e+00,0.000000e+00
1.000000e+00,0.000000e+00,0.000000e+00,0.000000e+00,0.000000e+00,0.000000e+00,0.000000e+00,0.000000e+00,0.000000e+00,0.000000e+00,0.000000e+00,0.000000e+00,0.000000e+00,0.000000e+00,0.000000e+00
1.000000e+00,0.000000e+00,0.000000e+00,0.000000e+00,0.000000e+00,0.000000e+00,0.000000e+00,0.000000e+00,0.000000e+00,0.000000e+00,0.000000e+00,0.000000e+00,0.000000e+00,0.000000e+00,0.000000e+00
1.000000e+00,0.000000e+00,0.000000e+00,0.000000e+00,0.000000e+00,0.000000e+00,0.000000e+00,0.000000e+00,0.000000e+00,0.000000e+00,0.000000e+00,0.000000e+00,0.000000e+00,0.000000e+00,0.000000e+00
1.000000e+00,0.000000e+00,0.000000e+00,0.000000e+00,0.000000e+00,0.000000e+00,0.000000e+00,0.000000e+00,0.000000e+00,0.000000e+00,0.000000e+00,0.000000e+00,0.000000e+00,0.000000e+00,0.000000e+00
1.000000e+00,0.000000e+00,0.000000e+00,0.000000e+00,0.000000e+00,0.000000e+00,0.000000e+00,0.000000e+00,0.000000e+00,0.000000e+00,0.000000e+00,0.000000e+00,0.000000e+00,0.000000e+00,0.000000e+00
1.000000e+00,0.000000e+00,0.000000e+00,0.000000e+00,0.000000e+00,0.000000e+00,0.000000e+00,0.000000e+00,0.000000e+00,0.000000e+00,0.000000e+00,0.000000e+00,0.000000e+00,0.000000e+00,0.000000e+00
1.000000e+00,0.000000e+00,0.000000e+00,0.000000e+00,0.000000e+00,0.000000e+00,0.000000e+00,0.000000e+00,0.000000e+00,0.000000e+00,0.000000e+00,0.000000e+00,0.000000e+00,0.000000e+00,0.000000e+00
1.000000e+00,0.000000e+00,0.000000e+00,0.000000e+00,0.000000e+00,0.000000e+00,0.000000e+00,0.000000e+00,0.000000e+00,0.000000e+00,0.000000e+00,0.000000e+00,0.000000e+00,0.000000e+00,0.000000e+00
1.000000e+00,0.000000e+00,0.000000e+00,0.000000e+00,0.000000e+00,0.000000e+00,0.000000e+00,0.000000e+00,0.000000e+00,0.000000e+00,0.000000e+00,0.000000e+00,0.000000e+00,0.000000e+00,0.000000e+00
1.000000e+00,0.000000e+00,0.000000e+00,0.000000e+00,0.000000e+00,0.000000e+00,0.000000e+00,0.000000e+00,0.000000e+00,0.000000e+00,0.000000e+00,0.000000e+00,0.000000e+00,0.000000e+00,0.000000e+00
1.000000e+00,0.000000e+00,0.000000e+00,0.000000e+00,0.000000e+00,0.000000e+00,0.000000e+00,0.000000e+00,0.000000e+00,0.000000e+00,0.000000e+00,0.000000e+00,0.000000e+00,0.000000e+00,0.000000e+00
1.000000e+00,0.000000e+00,0.000000e+00,0.000000e+00,0.000000e+00,0.000000e+00,0.000000e+00,0.000000e+00,0.000000e+00,0.000000e+00,0.000000e+00,0.000000e+00,0.000000e+00,0.000000e+00,0.000000e+00
1.000000e+00,0.000000e+00,0.000000e+00,0.000000e+00,0.000000e+00,0.000000e+00,0.000000e+00,0.000000e+00,0.000000e+00,0.000000e+00,0.000000e+00,0.000000e+00,0.000000e+00,0.000000e+00,0.000000e+00
1.000000e+00,0.000000e+00,0.000000e+00,0.000000e+00,0.000000e+00,0.000000e+00,0.000000e+00,0.000000e+00,0.000000e+00,0.000000e+00,0.000000e+00,0.000000e+00,0.000000e+00,0.000000e+00,0.000000e+00
1.000000e+00,0.000000e+00,0.000000e+00,0.000000e+00,0.000000e+00,0.000000e+00,0.000000e+00,0.000000e+00,0.000000e+00,0.000000e+00,0.000000e+00,0.000000e+00,0.000000e+00,0.000000e+00,0.000000e+00
1.000000e+00,0.000000e+00,0.000000e+00,0.000000e+00,0.000000e+00,0.000000e+00,0.000000e+00,0.000000e+00,0.000000e+00,0.000000e+00,0.000000e+00,0.000000e+00,0.000000e+00,0.000000e+00,0.000000e+00
1.000000e+00,0.000000e+00,0.000000e+00,0.000000e+00,0.000000e+00,0.000000e+00,0.000000e+00,0.000000e+00,0.000000e+00,0.000000e+00,0.000000e+00,0.000000e+00,0.000000e+00,0.000000e+00,0.000000e+00
1.000000e+00,0.000000e+00,0.000000e+00,0.000000e+00,0.000000e+00,0.000000e+00,0.000000e+00,0.000000e+00,0.000000e+00,0.000000e+00,0.000000e+00,0.000000e+00,0.000000e+00,0.000000e+00,0.000000e+00
1.000000e+00,0.000000e+00,0.000000e+00,0.000000e+00,0.000000e+00,0.000000e+00,0.000000e+00,0.000000e+00,0.000000e+00,0.000000e+00,0.000000e+00,0.000000e+00,0.000000e+00,0.000000e+00,0.000000e+00
1.000000e+00,0.000000e+00,0.000000e+00,0.000000e+00,0.000000e+00,0.000000e+00,0.000000e+00,0.000000e+00,0.000000e+00,0.000000e+00,0.000000e+00,0.000000e+00,0.000000e+00,0.000000e+00,0.000000e+00
1.000000e+00,0.000000e+00,0.000000e+00,0.000000e+00,0.000000e+00,0.000000e+00,0.000000e+00,0.000000e+00,0.000000e+00,0.000000e+00,0.000000e+00,0.000000e+00,0.000000e+00,0.000000e+00,0.000000e+00
1.000000e+00,0.000000e+00,0.000000e+00,0.000000e+00,0.000000e+00,0.000000e+00,0.000000e+00,0.000000e+00,0.000000e+00,0.000000e+00,0.000000e+00,0.000000e+00,0.000000e+00,0.000000e+00,0.000000e+00
1.000000e+00,0.000000e+00,0.000000e+00,0.000000e+00,0.000000e+00,0.000000e+00,0.000000e+00,0.000000e+00,0.000000e+00,0.000000e+00,0.000000e+00,0.000000e+00,0.000000e+00,0.000000e+00,0.000000e+00
1.000000e+00,0.000000e+00,0.000000e+00,0.000000e+00,0.000000e+00,0.000000e+00,0.000000e+00,0.000000e+00,0.000000e+00,0.000000e+00,0.000000e+00,0.000000e+00,0.000000e+00,0.000000e+00,0.000000e+00
1.000000e+00,0.000000e+00,0.000000e+00,0.000000e+00,0.000000e+00,0.000000e+00,0.000000e+00,0.000000e+00,0.000000e+00,0.000000e+00,0.000000e+00,0.000000e+00,0.000000e+00,0.000000e+00,0.000000e+00
1.000000e+00,0.000000e+00,0.000000e+00,0.000000e+00,0.000000e+00,0.000000e+00,0.000000e+00,0.000000e+00,0.000000e+00,0.000000e+00,0.000000e+00,0.000000e+00,0.000000e+00,0.000000e+00,0.000000e+00
1.000000e+00,0.000000e+00,0.000000e+00,0.000000e+00,0.000000e+00,0.000000e+00,0.000000e+00,0.000000e+00,0.000000e+00,0.000000e+00,0.000000e+00,0.000000e+00,0.000000e+00,0.000000e+00,0.000000e+00
1.000000e+00,0.000000e+00,0.000000e+00,0.000000e+00,0.000000e+00,0.000000e+00,0.000000e+00,0.000000e+00,0.000000e+00,0.000000e+00,0.000000e+00,0.000000e+00,0.000000e+00,0.000000e+00,0.000000e+00
1.000000e+00,0.000000e+00,0.000000e+00,0.000000e+00,0.000000e+00,0.000000e+00,0.000000e+00,0.000000e+00,0.000000e+00,0.000000e+00,0.000000e+00,0.000000e+00,0.000000e+00,0.000000e+00,0.000000e+00
1.000000e+00,0.000000e+00,0.000000e+00,0.000000e+00,0.000000e+00,0.000000e+00,0.000000e+00,0.000000e+00,0.000000e+00,0.000000e+00,0.000000e+00,0.000000e+00,0.000000e+00,0.000000e+00,0.000000e+00
1.000000e+00,0.000000e+00,0.000000e+00,0.000000e+00,0.000000e+00,0.000000e+00,0.000000e+00,0.000000e+00,0.000000e+00,0.000000e+00,0.000000e+00,0.000000e+00,0.000000e+00,0.000000e+00,0.000000e+00
1.000000e+00,0.000000e+00,0.000000e+00,0.000000e+00,0.000000e+00,0.000000e+00,0.000000e+00,0.000000e+00,0.000000e+00,0.000000e+00,0.000000e+00,0.000000e+00,0.000000e+00,0.000000e+00,0.000000e+00
1.000000e+00,0.000000e+00,0.000000e+00,0.000000e+00,0.000000e+00,0.000000e+00,0.000000e+00,0.000000e+00,0.000000e+00,0.000000e+00,0.000000e+00,0.000000e+00,0.000000e+00,0.000000e+00,0.000000e+00
1.000000e+00,0.000000e+00,0.000000e+00,0.000000e+00,0.000000e+00,0.000000e+00,0.000000e+00,0.000000e+00,0.000000e+00,0.000000e+00,0.000000e+00,0.000000e+00,0.000000e+00,0.000000e+00,0.000000e+00
1.000000e+00,0.000000e+00,0.000000e+00,0.000000e+00,0.000000e+00,0.000000e+00,0.000000e+00,0.000000e+00,0.000000e+00,0.000000e+00,0.000000e+00,0.000000e+00,0.000000e+00,0.000000e+00,0.000000e+00
1.000000e+00,0.000000e+00,0.000000e+00,0.000000e+00,0.000000e+00,0.000000e+00,0.000000e+00,0.000000e+00,0.000000e+00,0.000000e+00,0.000000e+00,0.000000e+00,0.000000e+00,0.000000e+00,0.000000e+00
1.000000e+00,0.000000e+00,0.000000e+00,0.000000e+00,0.000000e+00,0.000000e+00,0.000000e+00,0.000000e+00,0.000000e+00,0.000000e+00,0.000000e+00,0.000000e+00,0.000000e+00,0.000000e+00,0.000000e+00
4.766237e-01,9.459364e-03,1.247458e-02,1.822188e-02,3.887656e-03,3.734395e-02,3.237154e-01,1.974046e-02,3.260906e-03,9.954909e-04,1.889561e-02,4.794623e-02,1.535209e-02,2.069050e-03,1.001363e-02
3.784618e-01,7.130418e-03,1.393863e-02,1.325674e-02,3.236729e-03,3.685478e-02,4.195521e-01,4.997969e-02,2.474754e-03,8.858448e-04,1.416561e-02,3.814032e-02,1.198779e-02,1.664680e-03,8.270137e-03
3.648026e-01,6.134340e-03,1.493208e-02,1.147117e-02,3.135966e-03,4.509159e-02,4.242329e-01,6.066469e-02,2.414090e-03,8.430752e-04,1.083832e-02,3.244866e-02,1.259399e-02,1.535672e-03,8.860782e-03
4.059575e-01,5.230664e-03,1.681442e-02,9.644241e-03,2.809257e-03,4.674716e-02,3.870404e-01,6.480017e-02,2.162825e-03,7.456229e-04,8.140070e-03,2.810918e-02,1.164883e-02,1.329047e-03,8.820606e-03
4.060564e-01,5.604711e-03,1.497766e-02,1.192868e-02,2.776167e-03,8.022057e-02,3.526602e-01,5.342436e-02,2.857775e-03,6.500256e-04,6.202811e-03,2.935357e-02,2.214479e-02,1.067864e-03,1.007435e-02
4.327391e-01,6.595951e-03,1.341546e-02,1.667813e-02,2.739649e-03,9.641036e-02,2.927582e-01,4.457010e-02,3.764625e-03,5.918330e-04,5.061819e-03,3.563901e-02,3.589890e-02,8.912786e-04,1.224550e-02
4.606945e-01,5.731279e-03,1.131933e-02,1.590713e-02,2.473530e-03,1.027298e-01,2.645542e-01,4.004295e-02,3.729550e-03,5.017784e-04,4.116802e-03,3.550947e-02,3.994781e-02,7.655317e-04,1.197633e-02
1.000000e+00,0.000000e+00,0.000000e+00,0.000000e+00,0.000000e+00,0.000000e+00,0.000000e+00,0.000000e+00,0.000000e+00,0.000000e+00,0.000000e+00,0.000000e+00,0.000000e+00,0.000000e+00,0.000000e+00
1.000000e+00,0.000000e+00,0.000000e+00,0.000000e+00,0.000000e+00,0.000000e+00,0.000000e+00,0.000000e+00,0.000000e+00,0.000000e+00,0.000000e+00,0.000000e+00,0.000000e+00,0.000000e+00,0.000000e+00
4.992191e-01,3.962491e-03,8.446748e-03,1.404692e-02,2.703868e-03,1.161341e-01,1.738488e-01,3.200797e-02,3.241571e-03,6.582199e-04,3.323539e-03,6.859267e-02,6.139749e-02,8.833879e-04,1.153312e-02
1.000000e+00,0.000000e+00,0.000000e+00,0.000000e+00,0.000000e+00,0.000000e+00,0.000000e+00,0.000000e+00,0.000000e+00,0.000000e+00,0.000000e+00,0.000000e+00,0.000000e+00,0.000000e+00,0.000000e+00
1.000000e+00,0.000000e+00,0.000000e+00,0.000000e+00,0.000000e+00,0.000000e+00,0.000000e+00,0.000000e+00,0.000000e+00,0.000000e+00,0.000000e+00,0.000000e+00,0.000000e+00,0.000000e+00,0.000000e+00
1.000000e+00,0.000000e+00,0.000000e+00,0.000000e+00,0.000000e+00,0.000000e+00,0.000000e+00,0.000000e+00,0.000000e+00,0.000000e+00,0.000000e+00,0.000000e+00,0.000000e+00,0.000000e+00,0.000000e+00
1.000000e+00,0.000000e+00,0.000000e+00,0.000000e+00,0.000000e+00,0.000000e+00,0.000000e+00,0.000000e+00,0.000000e+00,0.000000e+00,0.000000e+00,0.000000e+00,0.000000e+00,0.000000e+00,0.000000e+00
4.505440e-01,1.487703e-02,1.285984e-02,2.425368e-02,7.052882e-03,6.934611e-02,1.679619e-01,4.487059e-02,1.075840e-02,9.171307e-03,1.453112e-02,7.057162e-02,4.135939e-02,8.570640e-03,5.327155e-02
3.207004e-01,1.528795e-02,1.969324e-02,2.356441e-02,6.316925e-03,5.436751e-02,2.036695e-01,5.705589e-02,1.729953e-02,5.060868e-02,5.365396e-02,6.147093e-02,3.231166e-02,2.695608e-02,5.704335e-02
2.254918e-01,1.134320e-02,1.473330e-02,1.772393e-02,5.171551e-03,3.912053e-02,2.058797e-01,4.934634e-02,1.483384e-02,4.065062e-02,1.619268e-01,7.045628e-02,2.410778e-02,7.705684e-02,4.215753e-02
1.582997e-01,8.382089e-03,1.046518e-02,1.275108e-02,4.009591e-03,2.757764e-02,1.597377e-01,3.571723e-02,1.205375e-02,3.209535e-02,2.007926e-01,8.049234e-02,1.756608e-02,2.043871e-01,3.567261e-02
1.108732e-01,5.997133e-03,7.360682e-03,9.141602e-03,3.114966e-03,1.944070e-02,1.138434e-01,2.525218e-02,1.181432e-02,2.341304e-02,1.715484e-01,7.763317e-02,1.269759e-02,3.812180e-01,2.665164e-02
7.794019e-02,4.301663e-03,5.201680e-03,6.739738e-03,3.125869e-03,1.403374e-02,8.079289e-02,1.785124e-02,1.356151e-02,1.820730e-02,2.407649e-01,7.369763e-02,9.290550e-03,4.149703e-01,1.952087e-02
5.480369e-02,3.265518e-03,3.679943e-03,5.075751e-03,2.654090e-03,1.020156e-02,5.681023e-02,1.259967e-02,1.364082e-02,1.505097e-02,2.247916e-01,5.901550e-02,6.772752e-03,5.173920e-01,1.424582e-02
3.856485e-02,3.284288e-03,2.631237e-03,4.050328e-03,2.150423e-03,7.922797e-03,4.016135e-02,8.863656e-03,1.696769e-02,1.481611e-02,2.686082e-01,4.621351e-02,5.132350e-03,5.300441e-01,1.058921e-02
2.795240e-02,3.060697e-03,4.052388e-03,5.827351e-03,2.236749e-03,1.907776e-02,2.817297e-02,6.372145e-03,1.552748e-02,1.206393e-02,3.738850e-01,3.328450e-02,4.063387e-03,4.566158e-01,7.807425e-03
2.010834e-02,2.375493e-03,2.957657e-03,4.819682e-03,2.306575e-03,2.169224e-02,1.973782e-02,4.531722e-03,1.363142e-02,9.227096e-03,4.128259e-01,2.465012e-02,3.227681e-03,4.521496e-01,5.758636e-03
1.429290e-02,2.050672e-03,2.307589e-03,3.547035e-03,8.128949e-03,1.834852e-02,1.383861e-02,3.275407e-03,3.559763e-02,7.391078e-03,3.592195e-01,2.111739e-02,2.560713e-03,5.036179e-01,4.705995e-03
1.070376e-02,2.019407e-03,2.138243e-03,2.849261e-03,1.214681e-02,1.750279e-02,9.699183e-03,2.526059e-03,4.968990e-02,6.904139e-03,3.067164e-01,1.652533e-02,2.183682e-03,5.535905e-01,4.804472e-03
9.272161e-03,2.738527e-03,3.904127e-03,2.826063e-03,2.024947e-02,2.347841e-02,6.843574e-03,2.176950e-03,5.619603e-02,7.882809e-03,2.591424e-01,1.262002e-02,2.307263e-03,5.848634e-01,5.498677e-03
7.853230e-03,2.417808e-03,4.076033e-03,3.333624e-03,1.596200e-02,3.036360e-02,4.822160e-03,1.830230e-03,1.126454e-01,6.568449e-03,2.047521e-01,9.031779e-03,2.249149e-03,5.876867e-01,6.407603e-03
6.614943e-03,2.177203e-03,3.794379e-03,3.937824e-03,1.221116e-02,2.367541e-02,3.489934e-03,1.408181e-03,2.208795e-01,5.241949e-03,1.523307e-01,6.461361e-03,2.198346e-03,5.488740e-01,6.705055e-03
4.954233e-03,1.653039e-03,3.023159e-03,3.590895e-03,8.842043e-03,1.839462e-02,2.472159e-03,1.003242e-03,2.739806e-01,4.219484e-03,1.153467e-01,4.652150e-03,2.196871e-03,5.504224e-01,5.248381e-03
3.567137e-03,1.308893e-03,3.102756e-03,2.815949e-03,6.388380e-03,1.416736e-02,1.744682e-03,7.162941e-04,3.591789e-01,3.448113e-03,8.608900e-02,3.340583e-03,1.828215e-03,5.081566e-01,4.147175e-03
2.782329e-03,2.940912e-03,1.854936e-02,6.925151e-03,6.050392e-03,1.140949e-02,1.306083e-03,1.334809e-03,4.618861e-01,4.051964e-03,6.671989e-02,2.432681e-03,1.901673e-03,4.071735e-01,4.535730e-03
3.029325e-03,2.249040e-03,1.757342e-02,4.520091e-02,5.798331e-03,1.296521e-02,1.010858e-03,1.589115e-03,4.982035e-01,4.552042e-03,5.720420e-02,2.521647e-03,5.331669e-03,3.383789e-01,4.391796e-03
5.329557e-03,1.756285e-03,1.758665e-02,5.025567e-02,7.978261e-03,1.225069e-02,7.990238e-04,1.993076e-03,5.163064e-01,5.036450e-03,6.673750e-02,3.219519e-03,1.107335e-02,2.952014e-01,4.476134e-03
6.450728e-03,1.426856e-03,1.899532e-02,3.810970e-02,7.775796e-03,1.063253e-02,6.178754e-04,3.120450e-03,4.678376e-01,4.858082e-03,5.551412e-02,2.804936e-03,1.278470e-02,3.638256e-01,5.245647e-03
1.551092e-02,1.962622e-03,2.825264e-02,2.907606e-02,8.636027e-03,9.067387e-03,5.440708e-04,4.336536e-03,4.360365e-01,5.830107e-03,5.311645e-02,2.311121e-03,1.033040e-02,3.875476e-01,7.441614e-03
2.183953e-02,4.473227e-03,4.163419e-02,2.473826e-02,8.719514e-03,1.366743e-02,5.035210e-04,3.764227e-03,3.568718e-01,5.839462e-03,3.954964e-02,1.776869e-03,8.000622e-03,4.573921e-01,1.122957e-02
2.514252e-02,1.086026e-02,3.701686e-02,2.528942e-02,1.030316e-02,1.086269e-02,5.110173e-04,1.592766e-02,3.832221e-01,5.054841e-03,2.981000e-02,1.496495e-03,6.215336e-03,4.282956e-01,9.992041e-03
1.908072e-02,1.175075e-02,3.166488e-02,2.538996e-02,1.053800e-02,8.214895e-03,6.069901e-04,2.663338e-02,4.985044e-01,4.090030e-03,2.172467e-02,1.282547e-03,5.762258e-03,3.257508e-01,9.005768e-03
1.839937e-02,1.680207e-02,3.569317e-02,1.852541e-02,1.335884e-02,7.310183e-03,1.082434e-03,1.849471e-01,4.163816e-01,3.068477e-03,1.616501e-02,1.021979e-03,4.710334e-03,2.545668e-01,7.967263e-03
1.817418e-02,1.475141e-02,2.798977e-02,1.427398e-02,1.181425e-02,6.630204e-03,1.196640e-03,3.660669e-01,3.265935e-01,2.229328e-03,1.168845e-02,8.355873e-04,4.023766e-03,1.869121e-01,6.819998e-03
1.441545e-02,1.260795e-02,2.203212e-02,1.068616e-02,1.025344e-02,5.625100e-03,1.117288e-03,5.318866e-01,2.400009e-01,1.645457e-03,8.561056e-03,6.419310e-04,3.217614e-03,1.319281e-01,5.380750e-03
1.078006e-02,9.069144e-03,1.785187e-02,7.872025e-03,7.519880e-03,4.791989e-03,8.398793e-04,6.661339e-01,1.686933e-01,1.166817e-03,6.062488e-03,4.572287e-04,2.336184e-03,9.252478e-02,3.900408e-03
8.317844e-03,6.501973e-03,1.399522e-02,5.756847e-03,5.551983e-03,4.175408e-03,6.860536e-04,7.615013e-01,1.183461e-01,8.293895e-04,4.337794e-03,3.324479e-04,1.811492e-03,6.501698e-02,2.839122e-03
7.785786e-03,4.688121e-03,1.139015e-02,4.237259e-03,5.502360e-03,4.661786e-03,6.623847e-04,8.231308e-01,8.300198e-02,5.948366e-04,3.101566e-03,2.468915e-04,3.059433e-03,4.592122e-02,2.015334e-03
7.581336e-03,3.508481e-03,9.798603e-03,3.230417e-03,5.627555e-03,7.862475e-03,1.238823e-03,8.473163e-01,5.827821e-02,4.471390e-04,2.302448e-03,2.124228e-04,1.875379e-02,3.237007e-02,1.471882e-03
8.593913e-03,2.586038e-03,7.458992e-03,2.570127e-03,8.143310e-03,7.642121e-03,1.306473e-03,8.784765e-01,4.103966e-02,3.280943e-04,1.754539e-03,1.931975e-04,1.610658e-02,2.269078e-02,1.109608e-03
1.808451e-02,2.024656e-03,6.120879e-03,2.155949e-03,1.353545e-02,9.270607e-03,2.294951e-03,8.784031e-01,2.913941e-02,2.405649e-04,1.438809e-03,2.289895e-04,2.019564e-02,1.592868e-02,9.377362e-04
2.570966e-02,1.601338e-03,5.223769e-03,1.928101e-03,1.967837e-02,9.968852e-03,5.306193e-03,8.735660e-01,2.076698e-02,1.787736e-04,1.115232e-03,2.200345e-04,2.263049e-02,1.117985e-02,9.262832e-04
3.784959e-02,1.790181e-03,3.988721e-03,2.004800e-03,1.879302e-02,1.085693e-02,6.356139e-03,8.622177e-01,1.548372e-02,1.379848e-04,9.694680e-04,5.898682e-04,3.017768e-02,7.860647e-03,9.235768e-04
3.976096e-02,1.472045e-03,2.987239e-03,1.826310e-03,1.580140e-02,1.130263e-02,6.757348e-03,8.754431e-01,1.125751e-02,1.045753e-04,8.080809e-04,7.917350e-04,2.547201e-02,5.512524e-03,7.024415e-04
7.830387e-02,1.125974e-03,2.163678e-03,2.007793e-03,1.167440e-02,1.038522e-02,5.333164e-03,8.313279e-01,8.519673e-03,1.502154e-04,1.908221e-03,1.167814e-02,3.088083e-02,3.947855e-03,5.930221e-04
7.990064e-02,2.892035e-03,1.702674e-03,7.260255e-03,9.354463e-03,3.917449e-02,5.526504e-03,6.215348e-01,2.215085e-02,7.188838e-04,1.335818e-02,1.917396e-02,1.714530e-01,3.052308e-03,2.747006e-03
7.696328e-02,3.596445e-03,1.469879e-03,6.449560e-03,8.381264e-03,6.832417e-02,6.261192e-03,4.717864e-01,3.682064e-02,1.712225e-03,2.016529e-02,3.021281e-02,2.538927e-01,3.446423e-03,1.051766e-02
5.771619e-02,5.252756e-03,1.302441e-03,8.879744e-03,7.176109e-03,4.935195e-02,4.630122e-03,3.334464e-01,2.276770e-01,2.256814e-03,1.740926e-02,3.225610e-02,2.376971e-01,3.005894e-03,1.194206e-02
4.546517e-02,5.443933e-03,1.059591e-03,8.990081e-03,5.618169e-03,4.114203e-02,4.033633e-03,2.380848e-01,2.004681e-01,2.028965e-03,2.118712e-02,8.337437e-02,3.298805e-01,3.030993e-03,1.019251e-02
3.578324e-02,5.698063e-03,9.482861e-04,8.872340e-03,4.633950e-03,3.379409e-02,3.944871e-03,1.675874e-01,1.691147e-01,1.708135e-03,2.318453e-02,2.404596e-01,2.720895e-01,1.946985e-02,1.271130e-02
2.828459e-02,4.543169e-03,1.728981e-03,7.006724e-03,4.034669e-03,2.648332e-02,4.574334e-03,1.176919e-01,1.300100e-01,1.781924e-03,1.989531e-02,3.253228e-01,2.387712e-01,7.459193e-02,1.527907e-02
2.850180e-02,3.669112e-03,1.642963e-03,5.581653e-03,3.456164e-03,2.124740e-02,5.271471e-03,8.305906e-02,1.006564e-01,1.979813e-03,1.863116e-02,3.716375e-01,1.966112e-01,1.431254e-01,1.492880e-02
4.286817e-02,5.514103e-03,3.956149e-03,5.359203e-03,3.251555e-03,1.804112e-02,4.663990e-03,5.934396e-02,8.362950e-02,3.785278e-03,1.932531e-02,3.295050e-01,1.545998e-01,2.491737e-01,1.698310e-02
5.255350e-02,5.087841e-03,3.794329e-03,4.346077e-03,2.929481e-03,1.634894e-02,5.008811e-03,4.297289e-02,6.796108e-02,3.794127e-03,2.088802e-02,3.617443e-01,1.268437e-01,2.711737e-01,1.455317e-02
4.769789e-02,5.696527e-03,3.488625e-03,3.312394e-03,3.239517e-03,1.439598e-02,4.658087e-03,3.120183e-02,5.645091e-02,9.462457e-03,2.827145e-02,3.292165e-01,9.583944e-02,3.545377e-01,1.253064e-02
3.515390e-02,4.644758e-03,2.595261e-03,2.458313e-03,2.504166e-03,1.107742e-02,3.454061e-03,2.210098e-02,5.526730e-02,8.625271e-03,2.689515e-02,4.686890e-01,6.922590e-02,2.781700e-01,9.138460e-03
2.716001e-02,4.091916e-03,1.919105e-03,1.872931e-03,2.158998e-03,8.497275e-03,2.544738e-03,1.568304e-02,6.373836e-02,8.109635e-03,2.535027e-02,5.700877e-01,5.023580e-02,2.119009e-01,6.649286e-03
2.165875e-02,3.507443e-03,1.417638e-03,1.428981e-03,1.756974e-03,6.641156e-03,1.895858e-03,1.122296e-02,6.157522e-02,7.614747e-03,2.255033e-02,6.498040e-01,3.643545e-02,1.677358e-01,4.754725e-03
1.591735e-02,2.824888e-03,1.021876e-03,1.045773e-03,1.466295e-03,5.531370e-03,1.371619e-03,7.987504e-03,6.768733e-02,6.673362e-03,2.044029e-02,7.142033e-01,2.692376e-02,1.234912e-01,3.414082e-03
1.226413e-02,2.402956e-03,7.440577e-04,8.110525e-04,1.218032e-03,4.337244e-03,9.967539e-04,5.732870e-03,7.312012e-02,5.548717e-03,2.078232e-02,7.596726e-01,1.999281e-02,8.992929e-02,2.447022e-03
9.761784e-03,1.939260e-03,5.568378e-04,6.780314e-04,1.802174e-03,3.498123e-03,7.800274e-04,4.319540e-03,8.697873e-02,4.405415e-03,1.872620e-02,7.862150e-01,1.516583e-02,6.343138e-02,1.741678e-03
8.635187e-03,1.887549e-03,4.455315e-04,6.007325e-04,3.115083e-03,2.834068e-03,6.393454e-04,3.908728e-03,1.206435e-01,3.865244e-03,1.632815e-02,7.797911e-01,1.133365e-02,4.472341e-02,1.248724e-03
8.323616e-03,3.178762e-03,6.727327e-04,6.631147e-04,5.698180e-03,2.531143e-03,6.113271e-04,8.747289e-03,1.873314e-01,3.270158e-03,1.583657e-02,7.220770e-01,8.580922e-03,3.155548e-02,9.224609e-04
7.297985e-03,3.193390e-03,6.805442e-04,5.861996e-04,1.552895e-02,2.196762e-03,6.935251e-04,9.349138e-03,2.505152e-01,2.686704e-03,1.269651e-02,6.651266e-01,6.531502e-03,2.224150e-02,6.756009e-04
6.017253e-03,7.724957e-03,2.283621e-03,5.512284e-04,7.577985e-02,2.475466e-03,1.073656e-03,8.562651e-03,3.636197e-01,2.081930e-03,9.754465e-03,4.988812e-01,4.942075e-03,1.566798e-02,5.841383e-04
5.167596e-03,7.124879e-03,3.935765e-03,9.334801e-04,1.597315e-01,3.523556e-03,1.529969e-03,7.975319e-03,4.099401e-01,2.390664e-03,7.824489e-03,3.740174e-01,4.137682e-03,1.122591e-02,5.417758e-04
7.720558e-03,7.670487e-03,4.259267e-03,1.333271e-03,2.113015e-01,6.805422e-03,2.028919e-03,1.064464e-02,4.325407e-01,2.309158e-03,8.542387e-03,2.917261e-01,3.681845e-03,8.707708e-03,7.280316e-04
2.042730e-02,1.032676e-02,1.361495e-02,1.389491e-02,2.572641e-01,8.184513e-03,2.186981e-03,3.541992e-02,3.881783e-01,2.357539e-03,1.102380e-02,2.211099e-01,7.712674e-03,6.785942e-03,1.512427e-03
4.567337e-02,1.123682e-02,1.219365e-02,1.413287e-02,2.913707e-01,1.506824e-02,2.746959e-03,3.285351e-02,3.689125e-01,1.993518e-03,1.223108e-02,1.754383e-01,8.320168e-03,5.962454e-03,1.865877e-03
8.784778e-02,1.011744e-02,9.833815e-03,1.274714e-02,3.314923e-01,1.733783e-02,4.615968e-03,3.004099e-02,3.313690e-01,1.885941e-03,1.277499e-02,1.335315e-01,8.314475e-03,6.004904e-03,2.085812e-03
1.351405e-01,8.502649e-03,2.596895e-02,3.510740e-02,2.772710e-01,1.900352e-02,6.545430e-03,9.436809e-02,2.673693e-01,1.626014e-03,1.161431e-02,1.023555e-01,7.312983e-03,5.909000e-03,1.905243e-03
2.055563e-01,8.979321e-03,2.171399e-02,2.603718e-02,2.302933e-01,2.469798e-02,1.298430e-02,1.306794e-01,2.184524e-01,1.326545e-03,9.972865e-03,9.076858e-02,8.935521e-03,7.769405e-03,1.832910e-03
1.967010e-01,7.317563e-03,1.821930e-02,1.976042e-02,1.939914e-01,3.409328e-02,9.186170e-02,1.438586e-01,1.886895e-01,1.812660e-03,8.934121e-03,7.311801e-02,1.180409e-02,7.829705e-03,2.008682e-03
1.752789e-01,6.024090e-03,1.632346e-02,1.500823e-02,2.036160e-01,3.940285e-02,1.148094e-01,1.639880e-01,1.638994e-01,1.549780e-03,7.891328e-03,6.592762e-02,1.746920e-02,7.043055e-03,1.768718e-03
1.782726e-01,5.823134e-03,1.431668e-02,1.107494e-02,2.291251e-01,3.696593e-02,1.339372e-01,1.599180e-01,1.503325e-01,1.360482e-03,7.093379e-03,4.769162e-02,1.499547e-02,7.307972e-03,1.785094e-03
1.914771e-01,8.245917e-03,1.126090e-02,8.451187e-03,2.242482e-01,3.265412e-02,1.101692e-01,1.434273e-01,1.966284e-01,1.385236e-03,7.206502e-03,3.549075e-02,1.408809e-02,1.319020e-02,2.076986e-03
2.295094e-01,1.240707e-02,1.020795e-02,6.821554e-03,2.054203e-01,3.027605e-02,9.137844e-02,1.263076e-01,2.025776e-01,2.292918e-03,7.523774e-03,2.788053e-02,1.261995e-02,3.218311e-02,2.593757e-03
2.799287e-01,1.203169e-02,9.435469e-03,5.640202e-03,2.025072e-01,2.391847e-02,7.570086e-02,1.066732e-01,2.073577e-01,3.164891e-03,7.045317e-03,2.139552e-02,1.167887e-02,3.027119e-02,3.250749e-03
3.428135e-01,1.192006e-02,8.155275e-03,5.549915e-03,1.806982e-01,2.201056e-02,6.121429e-02,8.770725e-02,2.132247e-01,3.306447e-03,6.028723e-03,1.780563e-02,1.270499e-02,2.323312e-02,3.627311e-03
4.000978e-01,1.340333e-02,6.854132e-03,5.917075e-03,1.505580e-01,2.292048e-02,4.988427e-02,6.937451e-02,2.080634e-01,3.414806e-03,5.340535e-03,1.772963e-02,2.423835e-02,1.706409e-02,5.139681e-03
4.484327e-01,1.569983e-02,5.782565e-03,6.189195e-03,1.111259e-01,2.376159e-02,4.819170e-02,5.518567e-02,2.064553e-01,3.188570e-03,5.332599e-03,1.711373e-02,3.321310e-02,1.266312e-02,7.664474e-03
1.000000e+00,0.000000e+00,0.000000e+00,0.000000e+00,0.000000e+00,0.000000e+00,0.000000e+00,0.000000e+00,0.000000e+00,0.000000e+00,0.000000e+00,0.000000e+00,0.000000e+00,0.000000e+00,0.000000e+00
1.000000e+00,0.000000e+00,0.000000e+00,0.000000e+00,0.000000e+00,0.000000e+00,0.000000e+00,0.000000e+00,0.000000e+00,0.000000e+00,0.000000e+00,0.000000e+00,0.000000e+00,0.000000e+00,0.000000e+00
1.000000e+00,0.000000e+00,0.000000e+00,0.000000e+00,0.000000e+00,0.000000e+00,0.000000e+00,0.000000e+00,0.000000e+00,0.000000e+00,0.000000e+00,0.000000e+00,0.000000e+00,0.000000e+00,0.000000e+00
1.000000e+00,0.000000e+00,0.000000e+00,0.000000e+00,0.000000e+00,0.000000e+00,0.000000e+00,0.000000e+00,0.000000e+00,0.000000e+00,0.000000e+00,0.000000e+00,0.000000e+00,0.000000e+00,0.000000e+00
1.000000e+00,0.000000e+00,0.000000e+00,0.000000e+00,0.000000e+00,0.000000e+00,0.000000e+00,0.000000e+00,0.000000e+00,0.000000e+00,0.000000e+00,0.000000e+00,0.000000e+00,0.000000e+00,0.000000e+00
1.000000e+00,0.000000e+00,0.000000e+00,0.000000e+00,0.000000e+00,0.000000e+00,0.000000e+00,0.000000e+00,0.000000e+00,0.000000e+00,0.000000e+00,0.000000e+00,0.000000e+00,0.000000e+00,0.000000e+00
4.906248e-01,2.569105e-02,4.167541e-02,6.999687e-02,3.664369e-02,2.628359e-02,2.118423e-02,1.240911e-01,3.982242e-02,2.556305e-02,1.270535e-02,2.989681e-02,2.463072e-02,4.422968e-03,2.676795e-02
4.673743e-01,2.385342e-02,3.632758e-02,6.015122e-02,4.408307e-02,2.753108e-02,2.179475e-02,1.651251e-01,3.249257e-02,2.109632e-02,1.168677e-02,2.926615e-02,2.985370e-02,3.790458e-03,2.557357e-02
3.905204e-01,2.851426e-02,5.093813e-02,1.063550e-01,3.814559e-02,2.447202e-02,1.711285e-02,1.219966e-01,8.392843e-02,1.925365e-02,1.304619e-02,4.497055e-02,3.250230e-02,4.120172e-03,2.412382e-02
3.740564e-01,2.426631e-02,9.312555e-02,1.121203e-01,3.630963e-02,2.865359e-02,1.334011e-02,9.401664e-02,7.087283e-02,1.479892e-02,1.628848e-02,5.777906e-02,3.653695e-02,4.227538e-03,2.360767e-02
3.994107e-01,2.186817e-02,7.438625e-02,9.536651e-02,3.365334e-02,3.393894e-02,1.213141e-02,7.531215e-02,7.502332e-02,1.117945e-02,1.999104e-02,7.380390e-02,4.489646e-02,4.759680e-03,2.427865e-02
4.376050e-01,2.069293e-02,5.943175e-02,7.257257e-02,2.846784e-02,3.459559e-02,9.697089e-03,5.602569e-02,7.006210e-02,9.040151e-03,1.988141e-02,7.087888e-02,6.587067e-02,5.614931e-03,3.956336e-02
4.731767e-01,2.160255e-02,5.503682e-02,5.638155e-02,3.213156e-02,3.448735e-02,9.617874e-03,5.479096e-02,7.361524e-02,7.335214e-03,1.838574e-02,6.366911e-02,6.194403e-02,5.573271e-03,3.225198e-02
1.000000e+00,0.000000e+00,0.000000e+00,0.000000e+00,0.000000e+00,0.000000e+00,0.000000e+00,0.000000e+00,0.000000e+00,0.000000e+00,0.000000e+00,0.000000e+00,0.000000e+00,0.000000e+00,0.000000e+00
4.747485e-01,3.919586e-02,4.290921e-02,3.744425e-02,5.351055e-02,4.256984e-02,1.569192e-02,4.642977e-02,1.057008e-01,4.891155e-03,1.499754e-02,4.911985e-02,4.840614e-02,4.368382e-03,2.001625e-02
3.728710e-01,5.010653e-02,3.572800e-02,4.071795e-02,4.755435e-02,6.417266e-02,1.188791e-02,3.432638e-02,8.023703e-02,6.984641e-03,2.415188e-02,1.350222e-01,5.684863e-02,6.949072e-03,3.244177e-02
2.817880e-01,7.344504e-02,3.726128e-02,4.233406e-02,5.956573e-02,6.697147e-02,9.084047e-03,2.530134e-02,7.305466e-02,8.095946e-03,3.311655e-02,1.415128e-01,6.423457e-02,1.689971e-02,6.733480e-02
2.076143e-01,7.046492e-02,3.042530e-02,3.746822e-02,5.095959e-02,5.819042e-02,6.927516e-03,1.824987e-02,7.320899e-02,1.056281e-02,5.453691e-02,1.457424e-01,6.580171e-02,7.653422e-02,9.331282e-02
1.462929e-01,5.548475e-02,2.626695e-02,2.957435e-02,3.950767e-02,4.158860e-02,4.947057e-03,1.296365e-02,9.570714e-02,1.350707e-02,9.279537e-02,1.141578e-01,4.921629e-02,1.942358e-01,8.375464e-02
1.027924e-01,4.018621e-02,2.394494e-02,2.228910e-02,3.126290e-02,2.983615e-02,3.663647e-03,9.274123e-03,7.889307e-02,1.358820e-02,1.508135e-01,8.499940e-02,3.567934e-02,3.097234e-01,6.305369e-02
7.280296e-02,2.934241e-02,2.138799e-02,1.959325e-02,2.417882e-02,2.215490e-02,3.091207e-03,7.222489e-03,7.131477e-02,1.611139e-02,2.221736e-01,8.367234e-02,2.682033e-02,3.328235e-01,4.731005e-02
5.226802e-02,2.116671e-02,1.556318e-02,1.536497e-02,2.010961e-02,1.758635e-02,2.481436e-03,5.790154e-03,5.617334e-02,1.500810e-02,3.036011e-01,7.829779e-02,2.108916e-02,3.405511e-01,3.494899e-02
3.759615e-02,1.574938e-02,1.145586e-02,1.191907e-02,1.750254e-02,1.289741e-02,1.859247e-03,4.350238e-03,4.757868e-02,1.497578e-02,3.015628e-01,1.094417e-01,1.716475e-02,3.705809e-01,2.536558e-02
2.995847e-02,1.263581e-02,8.481761e-03,1.019845e-02,1.914467e-02,9.358727e-03,1.526421e-03,4.347646e-03,4.380711e-02,1.246354e-02,2.831409e-01,1.661918e-01,1.401999e-02,3.651259e-01,1.959889e-02
2.520419e-02,9.724509e-03,6.634828e-03,9.548161e-03,2.207622e-02,7.166882e-03,1.308207e-03,4.007125e-03,3.664806e-02,1.115318e-02,3.074950e-01,1.552401e-01,1.107936e-02,3.782285e-01,1.448585e-02
3.274041e-02,9.863267e-03,6.233862e-03,7.747590e-03,4.505963e-02,7.413802e-03,1.177292e-03,4.757703e-03,3.150990e-02,9.836653e-03,3.336801e-01,1.421071e-01,9.440410e-03,3.475882e-01,1.084407e-02
2.815016e-02,1.416938e-02,8.022080e-03,6.168038e-03,4.159719e-02,6.764839e-03,9.812707e-04,4.686241e-03,4.636787e-02,1.349816e-02,3.667212e-01,1.527004e-01,8.101996e-03,2.939417e-01,8.129553e-03
2.531764e-02,1.264536e-02,7.626128e-03,4.932743e-03,3.068654e-02,6.370416e-03,7.627355e-04,4.008619e-03,1.036002e-01,1.438100e-02,3.643306e-01,1.432452e-01,7.206883e-03,2.685178e-01,6.368148e-03
2.389945e-02,1.162851e-02,1.059915e-02,3.882915e-03,2.210858e-02,6.741680e-03,5.785886e-04,3.371757e-03,1.485783e-01,1.555263e-02,3.805080e-01,1.199137e-01,5.902493e-03,2.414533e-01,5.280985e-03
2.004328e-02,8.823101e-03,8.144151e-03,2.866657e-03,1.570527e-02,5.759392e-03,4.160867e-04,2.494006e-03,1.284932e-01,1.789554e-02,4.323104e-01,1.074110e-01,4.503255e-03,2.411754e-01,3.959229e-03
1.641569e-02,7.251253e-03,7.935691e-03,2.578749e-03,1.173315e-02,5.422905e-03,3.339967e-04,2.114323e-03,1.339905e-01,2.274955e-02,4.478710e-01,1.123202e-01,3.593565e-03,2.226021e-01,3.087373e-03
1.234073e-02,5.786222e-03,6.643847e-03,2.422728e-03,9.846482e-03,5.128085e-03,3.908469e-04,1.849162e-03,1.060935e-01,2.857433e-02,5.240592e-01,9.363026e-02,2.902050e-03,1.978021e-01,2.530395e-03
9.071130e-03,4.734166e-03,5.360955e-03,2.534125e-03,8.637083e-03,5.108317e-03,4.248003e-04,1.468779e-03,8.850048e-02,4.851634e-02,5.609298e-01,7.318064e-02,2.957514e-03,1.859508e-01,2.625037e-03
7.555980e-03,6.924759e-03,4.922615e-03,2.955483e-03,7.869622e-03,1.084488e-02,8.161223e-04,3.906466e-03,1.360980e-01,5.440039e-02,5.082217e-01,6.158640e-02,5.477350e-03,1.848325e-01,3.587689e-03
6.861684e-03,6.487437e-03,5.179303e-03,5.143445e-03,8.443874e-03,1.460300e-02,7.652371e-04,7.417534e-03,1.190915e-01,5.662119e-02,5.135866e-01,5.538893e-02,7.684159e-03,1.890558e-01,3.670375e-03
6.517978e-03,7.013737e-03,9.178854e-03,6.554480e-03,8.662627e-03,5.149622e-02,1.177585e-03,1.809895e-02,1.109830e-01,6.849550e-02,4.418960e-01,5.177312e-02,1.112956e-02,2.033550e-01,3.667445e-03
7.420102e-03,6.482605e-03,7.358965e-03,5.434754e-03,7.374029e-03,4.048329e-02,9.114530e-04,1.331426e-02,1.278752e-01,5.400786e-02,4.724230e-01,4.199744e-02,9.080442e-03,2.018633e-01,3.973181e-03
8.674283e-03,6.518500e-03,6.377077e-03,8.011119e-03,7.383902e-03,3.686873e-02,8.601124e-04,1.047109e-02,1.819458e-01,4.375960e-02,4.091719e-01,3.899916e-02,7.433489e-03,2.223636e-01,1.116161e-02
1.989868e-02,1.806789e-02,8.810325e-03,1.013327e-02,1.469085e-02,3.300051e-02,3.212547e-03,1.646218e-02,1.731718e-01,3.894030e-02,4.157031e-01,3.745772e-02,8.233084e-03,1.773832e-01,2.483453e-02
3.240017e-02,1.810919e-02,1.337693e-02,1.668851e-02,1.657289e-02,4.422472e-02,8.510049e-03,1.488960e-01,1.503234e-01,3.565361e-02,3.134493e-01,3.023345e-02,6.389038e-03,1.392126e-01,2.596023e-02
9.864362e-02,2.041252e-02,1.732825e-02,1.830388e-02,5.855652e-02,5.811555e-02,8.090463e-03,1.108240e-01,1.493822e-01,3.555180e-02,2.390786e-01,2.243255e-02,5.841842e-03,1.151105e-01,4.232781e-02
1.166679e-01,1.749655e-02,1.490999e-02,1.766760e-02,9.012488e-02,9.983870e-02,7.022954e-03,8.064947e-02,1.798441e-01,3.259118e-02,1.789319e-01,1.640918e-02,4.829223e-03,1.066434e-01,3.637305e-02
1.281163e-01,2.238693e-02,1.216124e-02,1.735622e-02,1.363845e-01,1.279905e-01,5.323657e-03,5.869421e-02,1.571067e-01,2.972041e-02,1.431683e-01,1.257361e-02,4.956594e-03,1.044297e-01,3.963117e-02
1.374972e-01,2.341680e-02,1.006110e-02,1.491749e-02,1.158229e-01,1.351780e-01,4.263120e-03,4.543297e-02,1.770945e-01,2.613698e-02,1.466804e-01,1.093014e-02,6.670540e-03,1.135881e-01,3.230975e-02
1.340021e-01,2.108967e-02,1.513957e-02,1.462671e-02,1.011564e-01,1.118250e-01,3.242753e-03,4.765578e-02,2.817990e-01,1.948258e-02,1.138696e-01,8.957329e-03,7.161321e-03,9.474790e-02,2.524419e-02
1.293178e-01,1.743694e-02,2.952220e-02,2.289548e-02,8.846819e-02,9.154730e-02,2.630196e-03,5.258333e-02,3.326637e-01,1.449406e-02,9.337090e-02,7.865435e-03,7.348033e-03,9.101629e-02,1.884014e-02
1.181553e-01,1.363113e-02,2.891689e-02,4.821545e-02,1.085619e-01,6.679196e-02,2.435384e-03,1.536543e-01,2.715679e-01,1.062529e-02,8.268389e-02,7.559634e-03,5.813904e-03,6.779165e-02,1.359542e-02
1.067483e-01,1.030827e-02,2.530567e-02,4.617406e-02,9.042004e-02,4.924951e-02,2.219231e-03,2.884846e-01,2.098413e-01,7.648665e-03,9.198458e-02,6.777802e-03,4.583814e-03,5.036903e-02,9.885116e-03
9.643480e-02,7.912514e-03,2.041177e-02,4.079138e-02,6.860446e-02,3.740948e-02,1.828966e-03,4.424011e-01,1.500588e-01,5.433348e-03,7.601979e-02,5.631784e-03,3.736775e-03,3.611469e-02,7.210261e-03
8.261034e-02,6.109056e-03,1.536045e-02,3.204267e-02,5.350333e-02,2.805672e-02,1.866586e-03,5.771101e-01,1.060895e-01,3.895071e-03,5.432330e-02,4.434586e-03,3.114684e-03,2.609838e-02,5.385169e-03
6.826023e-02,4.747897e-03,1.149458e-02,2.415877e-02,3.999672e-02,2.222893e-02,2.270049e-03,6.819605e-01,7.505251e-02,2.790265e-03,3.825878e-02,3.392562e-03,2.583115e-03,1.877967e-02,4.025381e-03
5.726410e-02,3.679115e-03,8.844623e-03,1.813891e-02,3.011799e-02,1.930063e-02,2.084839e-03,7.574763e-01,5.293472e-02,1.990902e-03,2.692693e-02,2.592981e-03,2.335882e-03,1.334946e-02,2.962546e-03
5.037441e-02,2.832328e-03,6.901304e-03,1.309417e-02,2.505190e-02,1.506273e-02,2.048254e-03,8.109877e-01,3.746705e-02,1.470174e-03,1.897185e-02,1.931945e-03,1.994081e-03,9.642255e-03,2.169894e-03
9.321270e-02,2.512980e-03,5.658508e-03,1.056725e-02,1.883111e-02,1.719171e-02,1.849631e-03,7.863323e-01,2.726400e-02,1.437552e-03,1.698645e-02,4.863948e-03,3.830398e-03,7.149973e-03,2.311501e-03
1.472045e-01,2.520113e-03,4.526314e-03,9.257582e-03,1.369905e-02,7.810879e-02,3.029064e-03,6.660314e-01,2.182282e-02,1.290721e-03,1.653199e-02,6.000879e-03,2.214112e-02,5.347385e-03,2.488211e-03
1.482013e-01,2.199085e-03,4.466705e-03,7.848188e-03,1.044703e-02,1.650481e-01,6.367140e-03,5.394701e-01,1.777410e-02,1.112897e-03,1.766794e-02,7.465871e-03,6.520505e-02,4.082475e-03,2.643917e-03
1.477590e-01,1.827301e-03,5.561730e-03,6.986634e-03,9.389401e-03,2.494910e-01,1.129463e-02,4.096091e-01,1.544537e-02,9.927577e-04,2.403550e-02,9.423537e-03,1.020072e-01,3.096602e-03,3.080220e-03
1.945371e-01,1.927239e-03,9.765872e-03,6.235803e-03,1.116379e-02,2.308278e-01,1.264427e-02,3.363050e-01,1.473783e-02,1.021703e-03,2.912832e-02,8.850615e-03,1.368698e-01,2.390020e-03,3.594824e-03
1.476598e-01,1.684572e-03,7.672959e-03,5.164778e-03,8.708293e-03,1.750032e-01,9.654504e-03,2.427680e-01,1.425268e-02,9.077147e-04,3.803694e-02,3.410104e-02,3.089916e-01,2.375454e-03,3.018497e-03
1.377583e-01,2.299396e-03,7.561328e-03,5.781604e-03,8.351156e-03,1.304450e-01,7.686733e-03,1.807034e-01,1.878168e-02,1.285856e-03,3.422331e-02,1.353591e-01,3.178906e-01,4.819991e-03,7.052519e-03
1.028603e-01,2.104050e-03,6.338141e-03,4.636229e-03,7.815078e-03,9.460118e-02,6.470853e-03,1.289878e-01,1.814946e-02,2.057835e-03,2.869916e-02,2.532302e-01,3.294587e-01,7.790031e-03,6.800939e-03
7.820459e-02,2.221293e-03,5.976283e-03,3.995378e-03,7.877408e-03,6.767866e-02,5.961256e-03,9.144393e-02,2.121180e-02,7.706498e-03,2.581491e-02,3.858784e-01,2.684236e-01,1.716097e-02,1.044496e-02
6.329130e-02,1.848460e-03,4.850348e-03,3.254762e-03,6.335845e-03,4.969723e-02,6.727698e-03,6.588645e-02,1.732721e-02,7.742989e-03,2.157412e-02,4.978663e-01,2.280695e-01,1.755286e-02,7.974847e-03
4.681931e-02,1.385278e-03,3.611019e-03,2.578843e-03,5.654778e-03,3.544952e-02,5.455975e-03,4.658914e-02,1.275001e-02,6.577762e-03,2.096560e-02,6.275319e-01,1.619815e-01,1.682896e-02,5.820405e-03
4.472565e-02,1.032077e-03,2.659144e-03,2.009030e-03,4.989523e-03,2.523638e-02,4.533118e-03,3.354390e-02,9.593267e-03,5.670796e-03,2.649691e-02,7.035069e-01,1.151450e-01,1.650774e-02,4.350558e-03
3.322911e-02,7.801162e-04,1.926409e-03,1.473593e-03,4.328249e-03,1.780194e-02,3.247262e-03,2.390673e-02,6.998574e-03,4.528018e-03,2.283466e-02,7.804641e-01,8.148371e-02,1.382650e-02,3.171049e-03
2.547018e-02,6.505125e-04,1.413330e-03,1.175299e-03,4.744408e-03,1.287693e-02,2.461181e-03,1.705515e-02,5.268123e-03,3.650581e-03,2.481958e-02,8.283211e-01,5.808421e-02,1.162897e-02,2.380416e-03
1.946255e-02,6.520280e-04,1.114952e-03,9.743838e-04,6.453796e-03,9.547299e-03,1.934967e-03,1.213892e-02,4.160083e-03,3.108050e-03,2.645989e-02,8.615477e-01,4.170991e-02,8.981287e-03,1.754173e-03
1.629925e-02,2.106260e-03,5.237280e-03,8.584873e-04,9.956237e-03,7.422329e-03,1.465265e-03,9.057914e-03,7.985863e-03,4.938451e-03,2.922863e-02,8.565270e-01,3.116373e-02,1.615386e-02,1.599433e-03
1.710212e-02,1.972731e-03,5.310286e-03,6.942147e-04,8.191667e-03,6.221793e-03,1.122024e-03,7.124504e-03,7.113444e-03,1.214604e-02,5.142540e-02,8.422284e-01,2.300699e-02,1.506170e-02,1.278625e-03
1.586203e-02,1.792683e-03,4.944280e-03,5.958860e-04,8.374820e-03,5.010084e-03,8.751100e-04,5.880838e-03,6.602244e-03,1.774397e-02,4.790991e-02,8.522820e-01,1.776099e-02,1.335489e-02,1.010102e-03
1.205554e-02,2.591004e-03,7.070974e-03,4.997555e-04,1.068459e-02,4.102036e-03,6.378824e-04,4.250769e-03,5.976556e-03,1.401624e-02,4.640206e-02,8.631976e-01,1.296552e-02,1.418180e-02,1.367571e-03
8.861188e-03,4.463267e-03,1.112407e-02,5.644857e-04,2.885315e-02,8.682476e-03,6.101954e-04,3.210238e-03,6.415861e-03,1.053570e-02,3.579644e-02,8.579320e-01,9.525421e-03,1.149346e-02,1.932010e-03
6.988428e-03,4.598643e-03,3.489134e-02,1.043741e-03,3.550894e-02,4.035340e-02,1.079064e-02,1.024429e-02,7.539682e-03,9.051284e-03,2.967250e-02,7.903385e-01,7.175571e-03,9.291419e-03,2.511617e-03
6.054628e-03,5.093879e-03,6.080579e-02,3.344306e-03,5.955015e-02,4.803408e-02,9.498202e-03,2.779588e-02,3.660756e-02,7.640982e-03,2.644951e-02,6.931347e-01,5.791661e-03,7.349896e-03,2.848778e-03
5.634515e-03,4.102665e-03,5.369779e-02,2.844709e-03,5.288632e-02,3.625769e-02,1.574959e-02,1.247469e-01,3.661301e-02,6.278466e-03,2.299455e-02,6.246641e-01,5.516185e-03,5.603374e-03,2.410122e-03
5.543239e-03,3.463153e-03,5.324412e-02,2.520884e-03,4.346979e-02,4.014044e-02,2.253516e-02,3.155324e-01,2.855814e-02,4.993163e-03,1.704914e-02,4.506474e-01,6.380249e-03,4.002197e-03,1.920589e-03
4.754996e-03,2.535399e-03,4.627480e-02,2.034739e-03,3.479785e-02,3.039560e-02,2.286798e-02,4.928352e-01,2.068174e-02,3.780225e-03,1.234104e-02,3.172196e-01,5.253436e-03,2.825369e-03,1.402074e-03
