1.000000e+00,0.000000e+00,0.000000e+00,0.000000e+00,0.000000e+00,0.000000e+00,0.000000e+00,0.000000e+00,0.000000e+00,0.000000e+00,0.000000e+00,0.000000e+00,0.000000e+00,0.000000e+00,0.000000e+00
1.000000e+00,0.000000e+00,0.000000e+00,0.000000e+00,0.000000e+00,0.000000e+00,0.000000e+00,0.000000e+00,0.000000e+00,0.000000e+00,0.000000e+00,0.000000e+00,0.000000e+00,0.000000e+00,0.000000e+00
1.000000e+00,0.000000e+00,0.000000e+00,0.000000e+00,0.000000e+00,0.000000e+00,0.000000e+00,0.000000e+00,0.000000e+00,0.000000e+00,0.000000e+00,0.000000e+00,0.000000e+00,0.000000e+00,0.000000e+00
1.000000e+00,0.000000e+00,0.000000e+00,0.000000e+00,0.000000e+00,0.000000e+00,0.000000e+00,0.000000e+00,0.000000e+00,0.000000e+00,0.000000e+00,0.000000e+00,0.000000e+00,0.000000e+00,0.000000e+00
1.000000e+00,0.000000e+00,0.000000e+00,0.000000e+00,0.000000e+00,0.000000e+00,0.000000e+00,0.000000e+00,0.000000e+00,0.000000e+00,0.000000e+00,0.000000e+00,0.000000e+00,0.000000e+00,0.000000e+00
1.000000e+00,0.000000e+00,0.000000e+00,0.000000e+00,0.000000e+00,0.000000e+00,0.000000e+00,0.000000e+00,0.000000e+00,0.000000e+00,0.000000e+00,0.000000e+00,0.000000e+00,0.000000e+00,0.000000e+00
1.000000e+00,0.000000e+00,0.000000e+00,0.000000e+00,0.000000e+00,0.000000e+00,0.000000e+00,0.000000e+00,0.000000e+00,0.000000e+00,0.000000e+00,0.000000e+00,0.000000e+00,0.000000e+00,0.000000e+00
1.000000e+00,0.000000e+00,0.000000e+00,0.000000e+00,0.000000e+00,0.000000e+00,0.000000e+00,0.000000e+00,0.000000e+00,0.000000e+00,0.000000e+00,0.000000e+00,0.000000e+00,0.000000e+00,0.000000e+00
1.000000e+00,0.000000e+00,0.000000e+00,0.000000e+00,0.000000e+00,0.000000e+00,0.000000e+00,0.000000e+00,0.000000e+00,0.000000e+00,0.000000e+00,0.000000e+00,0.000000e+00,0.000000e+00,0.000000e+00
1.000000e+00,0.000000e+00,0.000000e+00,0.000000e+00,0.000000e+00,0.000000e+00,0.000000e+00,0.000000e+00,0.000000e+00,0.000000e+00,0.000000e+00,0.000000e+00,0.000000e+00,0.000000e+00,0.000000e+00
1.000000e+00,0.000000e+00,0.000000e+00,0.000000e+00,0.000000e+00,0.000000e+00,0.000000e+00,0.000000e+00,0.000000e+00,0.000000e+00,0.000000e+00,0.000000e+00,0.000000e+00,0.000000e+00,0.000000e+00
1.000000e+00,0.000000e+00,0.000000e+00,0.000000e+00,0.000000e+00,0.000000e+00,0.000000e+00,0.000000e+00,0.000000e+00,0.000000e+00,0.000000e+00,0.000000e+00,0.000000e+00,0.000000e+00,0.000000e+00
1.000000e+00,0.000000e+00,0.000000e+00,0.000000e+00,0.000000e+00,0.000000e+00,0.000000e+00,0.000000e+00,0.000000e+00,0.000000e+00,0.000000e+00,0.000000e+00,0.000000e+00,0.000000e+00,0.000000e+00
1.000000e+00,0.000000e+00,0.000000e+00,0.000000e+00,0.000000e+00,0.000000e+00,0.000000e+00,0.000000e+00,0.000000e+00,0.000000e+00,0.000000e+00,0.000000e+00,0.000000e+00,0.000000e+00,0.000000e+00
1.000000e+00,0.000000e+00,0.000000e+00,0.000000e+00,0.000000e+00,0.000000e+00,0.000000e+00,0.000000e+00,0.000000e+00,0.000000e+00,0.000000e+00,0.000000e+00,0.000000e+00,0.000000e+00,0.000000e+00
1.000000e+00,0.000000e+00,0.000000e+00,0.000000e+00,0.000000e+00,0.000000e+00,0.000000e+00,0.000000e+00,0.000000e+00,0.000000e+00,0.000000e+00,0.000000e+00,0.000000e+00,0.000000e+00,0.000000e+00
1.000000e+00,0.000000e+00,0.000000e+00,0.000000e+00,0.000000e+00,0.000000e+00,0.000000e+00,0.000000e+00,0.000000e+00,0.000000e+00,0.000000e+00,0.000000e+00,0.000000e+00,0.000000e+00,0.000000e+00
1.000000e+00,0.000000e+00,0.000000e+00,0.000000e+00,0.000000e+00,0.000000e+00,0.000000e+00,0.000000e+00,0.000000e+00,0.000000e+00,0.000000e+00,0.000000e+00,0.000000e+00,0.000000e+00,0.000000e+00
1.000000e+00,0.000000e+00,0.000000e+00,0.000000e+00,0.000000e+00,0.000000e+00,0.000000e+00,0.000000e+00,0.000000e+00,0.000000e+00,0.000000e+00,0.000000e+00,0.000000e+00,0.000000e+00,0.000000e+00
1.000000e+00,0.000000e+00,0.000000e+00,0.000000e+00,0.000000e+00,0.000000e+00,0.000000e+00,0.000000e+00,0.000000e+00,0.000000e+00,0.000000e+00,0.000000e+00,0.000000e+00,0.000000e+00,0.000000e+00
1.000000e+00,0.000000e+00,0.000000e+00,0.000000e+00,0.000000e+00,0.000000e+00,0.000000e+00,0.000000e+00,0.000000e+00,0.000000e+00,0.000000e+00,0.000000e+00,0.000000e+00,0.000000e+00,0.000000e+00
1.000000e+00,0.000000e+00,0.000000e+00,0.000000e+00,0.000000e+00,0.000000e+00,0.000000e+00,0.000000e+00,0.000000e+00,0.000000e+00,0.000000e+00,0.000000e+00,0.000000e+00,0.000000e+00,0.000000e+00
1.000000e+00,0.000000e+00,0.000000e+00,0.000000e+00,0.000000e+00,0.000000e+00,0.000000e+00,0.000000e+00,0.000000e+00,0.000000e+00,0.000000e+00,0.000000e+00,0.000000e+00,0.000000e+00,0.000000e+00
1.000000e+00,0.000000e+00,0.000000e+00,0.000000e+00,0.000000e+00,0.000000e+00,0.000000e+00,0.000000e+00,0.000000e+00,0.000000e+00,0.000000e+00,0.000000e+00,0.000000e+00,0.000000e+00,0.000000e+00
1.000000e+00,0.000000e+00,0.000000e+00,0.000000e+00,0.000000e+00,0.000000e+00,0.000000e+00,0.000000e+00,0.000000e+00,0.000000e+00,0.000000e+00,0.000000e+00,0.000000e+00,0.000000e+00,0.000000e+00
1.000000e+00,0.000000e+00,0.000000e+00,0.000000e+00,0.000000e+00,0.000000e+00,0.000000e+00,0.000000e+00,0.000000e+00,0.000000e+00,0.000000e+00,0.000000e+00,0.000000e+00,0.000000e+00,0.000000e+00
1.000000e+00,0.000000e+00,0.000000e+00,0.000000e+00,0.000000e+00,0.000000e+00,0.000000e+00,0.000000e+00,0.000000e+00,0.000000e+00,0.000000e+00,0.000000e+00,0.000000e+00,0.000000e+00,0.000000e+00
1.000000e+00,0.000000e+00,0.000000e+00,0.000000e+00,0.000000e+00,0.000000e+00,0.000000e+00,0.000000e+00,0.000000e+00,0.000000e+00,0.000000e+00,0.000000e+00,0.000000e+00,0.000000e+00,0.000000e+00
1.000000e+00,0.000000e+00,0.000000e+00,0.000000e+00,0.000000e+00,0.000000e+00,0.000000e+00,0.000000e+00,0.000000e+00,0.000000e+00,0.000000e+00,0.000000e+00,0.000000e+00,0.000000e+00,0.000000e+00
1.000000e+00,0.000000e+00,0.000000e+00,0.000000e+00,0.000000e+00,0.000000e+00,0.000000e+00,0.000000e+00,0.000000e+00,0.000000e+00,0.000000e+00,0.000000e+00,0.000000e+00,0.000000e+00,0.000000e+00
1.000000e+00,0.000000e+00,0.000000e+00,0.000000e+00,0.000000e+00,0.000000e+00,0.000000e+00,0.000000e+00,0.000000e+00,0.000000e+00,0.000000e+00,0.000000e+00,0.000000e+00,0.000000e+00,0.000000e+00
1.000000e+00,0.000000e+00,0.000000e+00,0.000000e+00,0.000000e+00,0.000000e+00,0.000000e+00,0.000000e+00,0.000000e+00,0.000000e+00,0.000000e+00,0.000000e+00,0.000000e+00,0.000000e+00,0.000000e+00
1.000000e+00,0.000000e+00,0.000000e+00,0.000000e+00,0.000000e+00,0.000000e+00,0.000000e+00,0.000000e+00,0.000000e+00,0.000000e+00,0.000000e+00,0.000000e+00,0.000000e+00,0.000000e+00,0.000000e+00
1.000000e+00,0.000000e+00,0.000000e+00,0.000000e+00,0.000000e+00,0.000000e+00,0.000000e+00,0.000000e+00,0.000000e+00,0.000000e+00,0.000000e+00,0.000000e+00,0.000000e+00,0.000000e+00,0.000000e+00
1.000000e+00,0.000000e+00,0.000000e+00,0.000000e+00,0.000000e+00,0.000000e+00,0.000000e+00,0.000000e+00,0.000000e+00,0.000000e+00,0.000000e+00,0.000000e+00,0.000000e+00,0.000000e+00,0.000000e+00
1.000000e+00,0.000000e+00,0.000000e+00,0.000000e+00,0.000000e+00,0.000000e+00,0.000000e+00,0.000000e+00,0.000000e+00,0.000000e+00,0.000000e+00,0.000000e+00,0.000000e+00,0.000000e+00,0.000000e+00
1.000000e+00,0.000000e+00,0.000000e+00,0.000000e+00,0.000000e+00,0.000000e+00,0.000000e+00,0.000000e+00,0.000000e+00,0.000000e+00,0.000000e+00,0.000000e+00,0.000000e+00,0.000000e+00,0.000000e+00
1.000000e+00,0.000000e+00,0.000000e+00,0.000000e+00,0.000000e+00,0.000000e+00,0.000000e+00,0.000000e+00,0.000000e+00,0.000000e+00,0.000000e+00,0.000000e+00,0.000000e+00,0.000000e+00,0.000000e+00
1.000000e+00,0.000000e+00,0.000000e+00,0.000000e+00,0.000000e+00,0.000000e+00,0.000000e+00,0.000000e+00,0.000000e+00,0.000000e+00,0.000000e+00,0.000000e+00,0.000000e+00,0.000000e+00,0.000000e+00
1.000000e+00,0.000000e+00,0.000000e+00,0.000000e+00,0.000000e+00,0.000000e+00,0.000000e+00,0.000000e+00,0.000000e+00,0.000000e+00,0.000000e+00,0.000000e+00,0.000000e+00,0.000000e+00,0.000000e+00
1.000000e+00,0.000000e+00,0.000000e+00,0.000000e+00,0.000000e+00,0.000000e+00,0.000000e+00,0.000000e+00,0.000000e+00,0.000000e+00,0.000000e+00,0.000000e+00,0.000000e+00,0.000000e+00,0.000000e+00
1.000000e+00,0.000000e+00,0.000000e+00,0.000000e+00,0.000000e+00,0.000000e+00,0.000000e+00,0.000000e+00,0.000000e+00,0.000000e+00,0.000000e+00,0.000000e+00,0.000000e+00,0.000000e+00,0.000000e+00
1.000000e+00,0.000000e+00,0.000000e+00,0.000000e+00,0.000000e+00,0.000000e+00,0.000000e+00,0.000000e+00,0.000000e+00,0.000000e+00,0.000000e+00,0.000000e+00,0.000000e+00,0.000000e+00,0.000000e+00
1.000000e+00,0.000000e+00,0.000000e+00,0.000000e+00,0.000000e+00,0.000000e+00,0.000000e+00,0.000000e+00,0.000000e+00,0.000000e+00,0.000000e+00,0.000000e+00,0.000000e+00,0.000000e+00,0.000000e+00
1.000000e+00,0.000000e+00,0.000000e+00,0.000000e+00,0.000000e+00,0.000000e+00,0.000000e+00,0.000000e+00,0.000000e+00,0.000000e+00,0.000000e+00,0.000000e+00,0.000000e+00,0.000000e+00,0.000000e+00
1.000000e+00,0.000000e+00,0.000000e+00,0.000000e+00,0.000000e+00,0.000000e+00,0.000000e+00,0.000000e+00,0.000000e+00,0.000000e+00,0.000000e+00,0.000000e+00,0.000000e+00,0.000000e+00,0.000000e+00
1.000000e+00,0.000000e+00,0.000000e+00,0.000000e+00,0.000000e+00,0.000000e+00,0.000000e+00,0.000000e+00,0.000000e+00,0.000000e+00,0.000000e+00,0.000000e+00,0.000000e+00,0.000000e+00,0.000000e+00
1.000000e+00,0.000000e+00,0.000000e+00,0.000000e+00,0.000000e+00,0.000000e+00,0.000000e+00,0.000000e+00,0.000000e+00,0.000000e+00,0.000000e+00,0.000000e+00,0.000000e+00,0.000000e+00,0.000000e+00
1.000000e+00,0.000000e+00,0.000000e+00,0.000000e+00,0.000000e+00,0.000000e+00,0.000000e+00,0.000000e+00,0.000000e+00,0.000000e+00,0.000000e+00,0.000000e+00,0.000000e+00,0.000000e+00,0.000000e+00
1.000000e+00,0.000000e+00,0.000000e+00,0.000000e+00,0.000000e+00,0.000000e+00,0.000000e+00,0.000000e+00,0.000000e+00,0.000000e+00,0.000000e+00,0.000000e+00,0.000000e+00,0.000000e+00,0.000000e+00
1.000000e+00,0.000000e+00,0.000000e+00,0.000000e+00,0.000000e+00,0.000000e+00,0.000000e+00,0.000000e+00,0.000000e+00,0.000000e+00,0.000000e+00,0.000000e+00,0.000000e+00,0.000000e+00,0.000000e+00
1.000000e+00,0.000000e+00,0.000000e+00,0.000000e+00,0.000000e+00,0.000000e+00,0.000000e+00,0.000000e+00,0.000000e+00,0.000000e+00,0.000000e+00,0.000000e+00,0.000000e+00,0.000000e+00,0.000000e+00
1.000000e+00,0.000000e+00,0.000000e+00,0.000000e+00,0.000000e+00,0.000000e+00,0.000000e+00,0.000000e+00,0.000000e+00,0.000000e+00,0.000000e+00,0.000000e+00,0.000000e+00,0.000000e+00,0.000000e+00
1.000000e+00,0.000000e+00,0.000000e+00,0.000000e+00,0.000000e+00,0.000000e+00,0.000000e+00,0.000000e+00,0.000000e+00,0.000000e+00,0.000000e+00,0.000000e+00,0.000000e+00,0.000000e+00,0.000000e+00
1.000000e+00,0.000000e+00,0.000000e+00,0.000000e+00,0.000000e+00,0.000000e+00,0.000000e+00,0.000000e+00,0.000000e+00,0.000000e+00,0.000000e+00,0.000000e+00,0.000000e+00,0.000000e+00,0.000000e+00
1.000000e+00,0.000000e+00,0.000000e+00,0.000000e+00,0.000000e+00,0.000000e+00,0.000000e+00,0.000000e+00,0.000000e+00,0.000000e+00,0.000000e+00,0.000000e+00,0.000000e+00,0.000000e+00,0.000000e+00
1.000000e+00,0.000000e+00,0.000000e+00,0.000000e+00,0.000000e+00,0.000000e+00,0.000000e+00,0.000000e+00,0.000000e+00,0.000000e+00,0.000000e+00,0.000000e+00,0.000000e+00,0.000000e+00,0.000000e+00
1.000000e+00,0.000000e+00,0.000000e+00,0.000000e+00,0.000000e+00,0.000000e+00,0.000000e+00,0.000000e+00,0.000000e+00,0.000000e+00,0.000000e+00,0.000000e+00,0.000000e+00,0.000000e+00,0.000000e+00
1.000000e+00,0.000000e+00,0.000000e+00,0.000000e+00,0.000000e+00,0.000000e+00,0.000000e+00,0.000000e+00,0.000000e+00,0.000000e+00,0.000000e+00,0.000000e+00,0.000000e+00,0.000000e+00,0.000000e+00
1.000000e+00,0.000000e+00,0.000000e+00,0.000000e+00,0.000000e+00,0.000000e+00,0.000000e+00,0.000000e+00,0.000000e+00,0.000000e+00,0.000000e+00,0.000000e+00,0.000000e+00,0.000000e+00,0.000000e+00
1.000000e+00,0.000000e+00,0.000000e+00,0.000000e+00,0.000000e+00,0.000000e+00,0.000000e+00,0.000000e+00,0.000000e+00,0.000000e+00,0.000000e+00,0.000000e+00,0.000000e+00,0.000000e+00,0.000000e+00
4.981142e-01,2.002198e-02,8.028741e-02,2.037621e-01,5.514971e-03,1.290773e-02,3.683469e-03,1.376651e-02,4.587202e-02,5.781760e-03,1.306128e-02,1.505925e-02,1.843476e-02,2.856927e-03,6.087559e-02
1.000000e+00,0.000000e+00,0.000000e+00,0.000000e+00,0.000000e+00,0.000000e+00,0.000000e+00,0.000000e+00,0.000000e+00,0.000000e+00,0.000000e+00,0.000000e+00,0.000000e+00,0.000000e+00,0.000000e+00
4.196225e-01,3.017873e-02,5.297145e-02,3.271391e-01,4.411429e-03,9.101754e-03,2.529160e-03,9.583258e-03,4.071212e-02,6.624387e-03,1.002710e-02,1.057085e-02,1.229433e-02,2.666597e-03,6.156720e-02
2.942602e-01,2.565933e-02,4.794864e-02,4.301583e-01,3.166275e-03,6.478134e-03,1.795247e-03,6.772108e-03,4.735008e-02,1.605014e-02,1.224197e-02,7.568796e-03,9.008504e-03,1.943086e-03,8.959918e-02
2.498294e-01,2.205616e-02,3.935953e-02,3.136513e-01,2.676240e-03,5.104170e-03,1.339718e-03,5.329768e-03,1.887450e-01,1.387795e-02,1.427671e-02,5.529542e-03,8.116957e-03,2.680527e-03,1.274269e-01
1.843812e-01,1.943862e-02,3.657082e-02,3.132178e-01,2.141465e-03,3.781495e-03,1.006043e-03,4.016331e-03,2.564137e-01,1.891534e-02,1.405888e-02,4.036167e-03,6.574928e-03,2.402435e-03,1.330447e-01
1.295952e-01,3.748735e-02,4.822812e-02,3.597239e-01,1.560885e-03,2.712679e-03,7.166626e-04,2.829183e-03,2.669119e-01,1.551983e-02,1.093589e-02,2.962350e-03,4.781355e-03,1.843269e-03,1.141914e-01
1.033431e-01,3.630856e-02,4.408681e-02,3.524579e-01,1.388256e-03,2.279019e-03,5.661195e-04,2.081928e-03,2.297353e-01,1.561244e-02,1.987987e-02,2.422355e-03,4.538564e-03,2.556512e-03,1.827433e-01
1.113984e-01,3.978798e-02,3.393129e-02,2.888278e-01,1.517930e-03,3.107322e-03,1.956854e-03,2.732232e-03,2.385472e-01,1.509847e-02,3.402129e-02,3.977639e-03,3.934159e-02,4.777965e-03,1.809761e-01
8.895455e-02,6.783076e-02,2.974721e-02,2.291082e-01,1.371823e-03,8.392944e-03,2.956002e-03,3.247260e-03,2.471720e-01,1.792544e-02,2.586534e-02,4.740408e-03,7.795945e-02,4.384966e-03,1.903436e-01
6.454799e-02,6.868887e-02,2.608085e-02,1.673809e-01,1.070651e-03,1.131461e-02,3.076086e-03,2.502373e-03,1.952603e-01,1.424946e-02,1.836666e-02,4.130574e-03,2.666534e-01,3.407289e-03,1.532700e-01
4.599235e-02,5.666271e-02,1.908122e-02,1.183048e-01,8.642651e-04,9.643190e-03,2.630137e-03,1.820515e-03,1.600939e-01,1.086012e-02,1.395694e-02,8.365273e-03,4.327273e-01,3.913309e-03,1.150840e-01
3.271215e-02,4.120155e-02,1.367094e-02,8.310616e-02,7.335654e-04,7.215824e-03,2.370305e-03,1.294064e-03,1.188747e-01,7.907503e-03,1.016231e-02,1.040056e-02,5.727175e-01,3.374076e-03,9.425873e-02
2.405497e-02,2.991243e-02,1.069280e-02,5.882409e-02,1.252966e-03,1.099618e-02,2.651696e-03,1.003983e-03,8.706794e-02,6.348993e-03,1.147171e-02,9.073721e-02,5.637393e-01,5.125706e-03,9.612007e-02
5.237263e-02,2.282895e-02,8.582802e-03,4.294033e-02,1.414639e-03,3.091973e-02,2.513725e-03,1.307281e-03,7.656501e-02,6.702120e-03,1.566880e-02,1.275814e-01,4.931091e-01,1.491724e-02,1.025763e-01
7.419591e-02,1.668474e-02,6.744977e-03,3.136144e-02,1.656103e-03,4.749899e-02,3.107553e-03,1.467598e-03,6.526320e-02,7.864643e-03,1.986880e-02,1.982285e-01,4.165841e-01,1.629855e-02,9.317488e-02
7.022619e-02,1.350235e-02,7.450978e-03,2.361983e-02,1.958938e-03,5.250148e-02,3.002096e-03,1.416295e-03,6.541350e-02,1.122167e-02,2.566818e-02,2.915357e-01,3.309568e-01,2.017402e-02,8.135199e-02
1.042897e-01,1.158393e-02,7.297715e-03,1.857783e-02,4.417982e-03,4.630596e-02,3.509206e-03,1.978714e-03,7.254989e-02,1.538232e-02,2.699075e-02,3.090904e-01,2.694005e-01,2.163514e-02,8.698997e-02
1.434084e-01,1.132576e-02,2.171627e-02,1.687751e-02,9.871547e-03,4.532080e-02,7.466510e-03,3.031215e-03,7.105279e-02,3.198905e-02,2.663740e-02,2.545827e-01,2.355450e-01,2.988782e-02,9.128730e-02
1.765736e-01,1.001242e-02,2.391550e-02,1.328527e-02,9.643695e-03,3.461817e-02,7.327742e-03,5.609074e-03,5.506500e-02,5.109923e-02,2.284262e-02,2.802038e-01,1.841002e-01,4.496463e-02,8.073898e-02
1.737470e-01,1.190558e-02,3.012360e-02,1.139637e-02,2.146864e-02,2.813441e-02,6.157018e-03,9.783488e-03,4.738402e-02,6.786727e-02,2.537118e-02,2.995693e-01,1.494721e-01,5.094989e-02,6.667011e-02
1.844371e-01,1.033614e-02,3.194983e-02,9.312356e-03,2.324425e-02,2.227867e-02,7.674192e-03,2.507972e-02,3.883852e-02,9.601810e-02,3.096535e-02,2.843241e-01,1.105166e-01,6.458380e-02,6.044134e-02
2.080348e-01,1.038569e-02,3.194655e-02,1.214621e-02,2.627666e-02,2.166680e-02,1.103514e-02,6.870531e-02,3.959305e-02,9.702443e-02,3.408252e-02,2.402804e-01,8.317314e-02,6.413329e-02,5.151612e-02
2.863597e-01,1.078032e-02,3.365269e-02,1.522960e-02,2.349287e-02,2.115254e-02,9.641375e-03,7.060359e-02,3.814226e-02,8.348294e-02,3.511788e-02,2.058305e-01,6.391826e-02,6.109637e-02,4.149913e-02
2.799428e-01,1.320081e-02,4.968587e-02,2.666775e-02,2.102228e-02,1.982180e-02,9.080504e-03,9.189290e-02,5.186333e-02,7.437959e-02,3.727900e-02,1.680498e-01,5.152112e-02,7.157579e-02,3.401659e-02
2.347915e-01,2.524096e-02,4.457489e-02,3.048754e-02,2.334763e-02,2.271287e-02,8.570639e-03,8.240022e-02,8.351816e-02,7.123490e-02,5.280855e-02,1.388212e-01,4.312890e-02,1.033798e-01,3.498228e-02
1.790023e-01,3.107997e-02,3.416440e-02,4.528876e-02,1.816403e-02,1.898606e-02,7.401542e-03,6.902629e-02,2.288911e-01,5.524909e-02,4.498874e-02,1.027604e-01,3.668612e-02,9.024352e-02,3.806765e-02
1.362488e-01,3.776876e-02,3.006592e-02,5.220917e-02,1.646528e-02,1.986299e-02,5.655205e-03,5.410884e-02,2.824080e-01,4.527346e-02,6.301926e-02,8.340672e-02,3.892696e-02,9.811493e-02,3.646566e-02
1.040817e-01,8.731642e-02,2.463914e-02,8.351415e-02,1.265408e-02,1.712563e-02,4.063049e-03,3.809029e-02,3.206583e-01,3.415083e-02,5.029992e-02,6.744057e-02,3.366680e-02,7.439131e-02,4.790784e-02
7.631208e-02,7.518501e-02,1.924214e-02,1.660522e-01,9.795536e-03,1.419953e-02,2.981226e-03,2.684240e-02,2.700656e-01,2.446188e-02,5.926109e-02,1.115710e-01,5.305231e-02,5.385681e-02,3.712104e-02
5.752568e-02,5.500760e-02,1.384843e-02,1.464020e-01,7.189172e-03,1.177450e-02,2.176204e-03,1.904757e-02,2.143599e-01,1.797793e-02,1.022353e-01,1.512676e-01,1.284410e-01,4.249064e-02,3.025643e-02
4.682014e-02,3.921873e-02,9.757707e-03,1.114281e-01,5.231473e-03,9.069718e-03,1.643377e-03,1.373073e-02,1.622413e-01,1.415786e-02,1.112549e-01,2.097890e-01,2.042801e-01,3.928128e-02,2.209563e-02
3.838392e-02,2.806779e-02,7.008891e-03,8.169169e-02,4.779375e-03,1.456488e-02,1.678761e-03,1.106265e-02,1.268382e-01,1.230089e-02,1.614837e-01,2.240285e-01,2.395206e-01,3.253371e-02,1.605640e-02
2.933323e-02,2.064261e-02,5.201972e-03,5.900401e-02,5.909097e-03,2.481512e-02,2.491605e-03,1.681453e-02,1.055308e-01,1.089959e-02,1.278423e-01,3.348764e-01,2.158125e-01,2.901214e-02,1.181408e-02
2.097204e-02,1.612647e-02,3.950320e-03,4.307251e-02,6.662923e-03,4.079969e-02,2.195706e-03,1.422131e-02,9.779398e-02,9.433847e-03,1.005660e-01,4.132754e-01,1.983519e-01,2.370515e-02,8.872818e-03
1.875347e-02,1.368799e-02,3.240847e-03,3.230301e-02,1.167446e-02,4.239564e-02,2.349176e-03,1.809397e-02,1.277908e-01,9.952383e-03,8.592895e-02,4.110794e-01,1.956397e-01,1.989955e-02,7.210664e-03
1.652769e-02,1.494336e-02,3.975922e-03,2.447336e-02,1.521030e-02,3.843305e-02,2.453376e-03,2.296295e-02,1.823963e-01,8.566083e-03,6.660488e-02,3.906645e-01,1.913631e-01,1.534221e-02,6.082931e-03
1.474557e-02,1.284269e-02,3.332424e-03,1.901162e-02,2.083438e-02,4.069615e-02,2.796907e-03,2.579394e-02,1.667925e-01,8.479204e-03,5.125451e-02,4.366027e-01,1.798991e-01,1.188239e-02,5.035945e-03
1.751989e-02,1.551573e-02,4.149321e-03,1.437240e-02,3.044100e-02,5.903527e-02,3.270539e-03,2.194140e-02,1.932352e-01,8.056630e-03,3.930992e-02,4.307516e-01,1.481925e-01,9.512503e-03,4.696151e-03
1.648478e-02,2.463434e-02,5.413998e-03,1.052040e-02,4.592269e-02,5.099046e-02,3.883029e-03,1.631994e-02,2.001307e-01,8.166734e-03,2.911057e-02,4.656099e-01,1.115412e-01,7.268532e-03,4.002727e-03
1.607260e-02,2.301814e-02,4.258118e-03,7.540349e-03,4.357623e-02,4.498237e-02,3.450415e-03,1.261436e-02,1.583998e-01,7.405174e-03,2.198231e-02,5.578970e-01,8.981603e-02,5.889505e-03,3.097548e-03
1.911303e-02,2.214353e-02,4.350534e-03,6.305499e-03,4.186497e-02,3.649742e-02,2.920203e-03,1.043193e-02,1.318306e-01,7.580864e-03,1.762633e-02,6.201349e-01,6.944761e-02,7.062802e-03,2.689720e-03
2.211628e-02,1.671557e-02,3.255393e-03,4.649747e-03,3.677840e-02,2.955221e-02,2.285731e-03,8.195877e-03,9.767853e-02,5.896233e-03,1.360474e-02,6.997852e-01,5.133583e-02,6.086817e-03,2.063377e-03
4.991492e-02,1.678926e-02,3.619606e-03,4.157170e-03,3.717945e-02,2.783222e-02,2.227732e-03,1.177760e-02,8.601009e-02,6.047113e-03,1.320088e-02,6.827178e-01,4.571207e-02,1.055975e-02,2.254333e-03
8.614133e-02,2.405446e-02,8.241624e-03,7.443990e-03,4.812768e-02,2.799003e-02,1.876172e-03,1.567356e-02,1.016203e-01,8.871509e-03,1.715271e-02,5.955759e-01,3.903782e-02,1.521256e-02,2.980243e-03
7.165596e-02,2.318968e-02,8.244652e-03,6.790265e-03,1.923400e-01,2.701266e-02,3.229221e-03,1.480453e-02,1.488071e-01,7.218739e-03,1.631537e-02,4.370158e-01,2.805675e-02,1.274720e-02,2.572056e-03
1.093879e-01,2.270463e-02,2.341270e-02,1.076422e-02,1.721190e-01,3.472614e-02,3.999172e-03,3.630761e-02,1.559979e-01,6.496926e-03,2.734454e-02,3.588080e-01,2.064053e-02,1.253897e-02,4.751807e-03
1.152238e-01,2.369305e-02,1.850545e-02,9.878453e-03,1.603579e-01,5.456003e-02,5.070554e-03,2.730365e-02,1.621546e-01,5.397617e-03,5.275721e-02,3.277856e-01,1.588933e-02,1.223461e-02,9.188103e-03
1.042273e-01,3.151996e-02,4.163874e-02,7.152904e-02,1.457879e-01,5.132083e-02,4.466336e-03,2.940085e-02,2.005801e-01,5.155243e-03,4.590273e-02,2.363647e-01,1.150471e-02,9.085124e-03,1.151652e-02
8.998744e-02,3.392791e-02,3.100811e-02,5.184672e-02,1.289232e-01,1.689150e-01,3.641672e-03,2.125849e-02,2.075179e-01,4.660067e-03,5.321753e-02,1.740127e-01,9.285249e-03,8.273381e-03,1.352462e-02
1.057072e-01,3.051546e-02,2.782514e-02,6.412677e-02,1.734357e-01,1.646977e-01,5.464383e-03,1.829073e-02,1.989464e-01,4.088139e-03,4.674263e-02,1.298632e-01,9.698193e-03,8.007541e-03,1.259084e-02
1.412575e-01,3.112894e-02,1.982536e-02,4.885628e-02,1.518789e-01,2.038207e-01,4.650841e-03,1.338544e-02,1.842788e-01,3.020078e-03,3.683417e-02,9.986918e-02,4.210793e-02,9.218626e-03,9.867163e-03
1.341629e-01,3.237439e-02,1.424942e-02,3.756333e-02,1.532418e-01,2.609353e-01,3.851546e-03,9.578696e-03,1.866490e-01,2.415653e-03,2.838800e-02,8.073527e-02,3.792484e-02,9.576236e-03,8.353575e-03
1.375253e-01,6.818573e-02,1.197099e-02,3.813968e-02,1.592776e-01,2.243960e-01,3.637313e-03,7.353018e-03,2.126828e-01,1.872331e-03,2.390695e-02,5.864639e-02,3.126617e-02,1.194545e-02,9.194269e-03
1.374674e-01,5.566695e-02,4.453996e-02,9.855929e-02,1.622645e-01,1.697227e-01,3.652497e-03,1.042391e-02,2.136801e-01,2.221655e-03,1.853039e-02,4.178094e-02,2.302971e-02,8.856244e-03,9.603756e-03
1.646146e-01,7.018963e-02,5.516209e-02,9.043221e-02,1.760425e-01,1.383597e-01,2.926196e-03,9.486979e-03,2.054142e-01,3.732475e-03,1.480611e-02,3.022823e-02,1.798720e-02,6.846623e-03,1.377125e-02
1.891068e-01,6.456077e-02,6.016923e-02,1.908296e-01,1.347474e-01,1.007435e-01,2.678330e-03,8.130070e-03,1.653556e-01,5.138609e-03,1.303451e-02,2.436814e-02,1.389673e-02,5.329837e-03,2.191086e-02
2.940170e-01,5.884840e-02,5.289210e-02,1.800231e-01,1.034624e-01,8.336486e-02,2.525709e-03,6.837446e-03,1.358598e-01,4.605803e-03,1.277271e-02,2.149897e-02,1.231224e-02,5.383803e-03,2.559562e-02
2.480404e-01,4.650143e-02,4.059945e-02,3.481838e-01,7.428754e-02,6.077005e-02,1.987588e-03,5.584959e-03,9.914979e-02,4.253013e-03,1.479580e-02,1.993301e-02,9.820182e-03,4.139451e-03,2.195354e-02
1.740571e-01,3.404019e-02,2.877897e-02,2.579100e-01,5.237781e-02,4.266462e-02,1.402070e-03,4.001744e-03,6.985031e-02,3.185525e-03,2.770963e-01,2.742768e-02,7.556456e-03,4.059359e-03,1.559186e-02
1.221583e-01,2.689806e-02,2.073799e-02,1.903005e-01,3.681745e-02,3.001473e-02,9.843877e-04,2.877948e-03,5.011422e-02,2.794056e-03,4.545099e-01,3.778727e-02,5.877299e-03,6.966158e-03,1.116184e-02
8.623488e-02,2.293270e-02,1.714622e-02,1.765778e-01,2.821301e-02,2.205037e-02,7.024305e-04,2.452296e-03,3.670620e-02,4.485480e-03,4.998552e-01,7.462643e-02,6.377140e-03,1.340285e-02,8.237065e-03
6.042948e-02,1.627976e-02,1.266086e-02,1.394742e-01,3.053124e-02,1.592874e-02,4.965005e-04,1.745235e-03,2.632596e-02,3.535517e-03,6.026902e-01,6.855040e-02,5.046455e-03,1.038497e-02,5.920491e-03
4.233861e-02,1.143215e-02,9.447216e-03,1.072904e-01,6.649367e-02,1.243707e-02,3.877700e-04,1.259444e-03,1.905014e-02,3.631576e-03,6.444886e-01,6.249278e-02,4.480666e-03,9.347283e-03,5.422686e-03
2.974395e-02,8.039431e-03,6.741283e-03,7.652611e-02,7.338771e-02,1.065805e-02,2.859175e-04,9.629428e-04,1.441111e-02,4.470876e-03,5.990700e-01,1.592406e-01,4.723499e-03,7.711178e-03,4.027358e-03
2.110362e-02,5.706990e-03,4.961476e-03,5.604787e-02,7.886906e-02,2.202290e-02,2.938202e-04,1.619209e-03,1.073659e-02,5.606836e-03,4.996574e-01,2.789687e-01,4.444660e-03,6.893457e-03,3.067415e-03
1.489683e-02,4.016891e-03,3.545283e-03,3.954446e-02,6.830140e-02,1.731362e-02,2.233444e-04,1.351779e-03,9.019074e-03,7.025338e-03,3.909868e-01,4.295301e-01,5.731194e-03,6.286946e-03,2.226929e-03
1.068665e-02,2.935420e-03,2.672323e-03,2.778965e-02,5.865643e-02,1.433072e-02,1.752262e-04,1.159074e-03,8.259495e-03,6.078812e-03,2.951398e-01,5.580609e-01,6.543607e-03,5.909991e-03,1.601831e-03
7.709844e-03,2.296052e-03,2.002716e-03,1.948173e-02,4.433648e-02,1.052686e-02,1.362776e-04,1.204104e-03,9.647730e-03,4.923519e-03,2.134273e-01,6.706588e-01,7.301622e-03,5.194718e-03,1.152230e-03
5.858658e-03,2.120909e-03,2.529015e-03,1.398558e-02,5.794481e-02,7.697062e-03,2.084450e-04,2.356116e-02,1.803180e-02,4.780238e-03,1.565061e-01,6.949807e-01,6.691430e-03,4.279515e-03,8.246858e-04
4.237334e-03,2.058922e-03,3.509258e-03,1.001754e-02,8.137535e-02,5.674742e-03,6.968787e-04,2.390190e-02,3.222589e-02,4.368656e-03,1.208132e-01,7.014995e-01,5.330611e-03,3.683088e-03,6.071955e-04
3.436282e-03,1.809067e-03,3.182081e-03,7.270498e-03,9.119193e-02,4.270093e-03,1.471873e-03,3.934418e-02,6.546369e-02,4.033737e-03,9.390301e-02,6.762893e-01,5.026614e-03,2.848878e-03,4.588013e-04
2.865548e-03,1.681476e-03,2.815333e-03,5.331790e-03,8.860134e-02,3.215105e-03,1.715224e-03,4.934305e-02,8.842840e-02,3.862564e-03,7.467940e-02,6.696859e-01,5.159551e-03,2.259302e-03,3.560851e-04
3.919860e-03,2.677080e-03,3.434001e-03,4.434411e-03,1.272615e-01,3.729926e-03,2.668971e-03,5.617881e-02,1.463371e-01,4.370992e-03,5.411047e-02,5.830524e-01,5.401774e-03,2.097046e-03,3.257227e-04
5.835525e-03,1.980635e-03,3.109661e-03,3.367218e-03,1.813354e-01,4.405331e-03,3.432978e-03,4.751167e-02,1.262383e-01,3.737189e-03,4.034943e-02,5.682305e-01,8.532366e-03,1.667916e-03,2.659273e-04
5.975588e-03,1.468763e-03,2.415043e-03,2.664325e-03,2.157100e-01,3.913255e-03,3.830626e-03,3.943542e-02,1.372131e-01,3.057189e-03,3.241106e-02,5.359379e-01,1.444254e-02,1.304386e-03,2.208351e-04
5.362700e-03,1.149020e-03,2.135571e-03,2.227087e-03,1.929088e-01,3.749860e-03,3.058787e-03,3.211064e-02,1.182695e-01,2.663163e-03,3.354304e-02,5.753573e-01,2.609203e-02,1.174573e-03,1.979164e-04
4.946165e-03,9.916732e-04,1.743386e-03,1.976610e-03,1.503296e-01,3.806050e-03,2.219420e-03,2.651273e-02,9.771187e-02,2.750681e-03,3.597481e-02,6.325932e-01,3.669963e-02,1.553680e-03,1.905703e-04
5.339903e-03,1.400588e-03,1.396891e-03,1.922464e-03,1.122058e-01,3.821182e-03,1.586824e-03,2.106892e-02,1.038130e-01,3.991270e-03,4.267860e-02,6.582673e-01,3.758042e-02,4.637456e-03,2.893684e-04
5.418067e-03,1.239589e-03,1.318471e-03,2.221083e-03,9.777936e-02,3.652729e-03,1.661802e-03,1.612141e-02,8.700771e-02,3.654163e-03,4.734920e-02,6.915005e-01,3.663694e-02,4.167651e-03,2.712378e-04
7.936954e-03,1.140393e-03,1.178281e-03,2.991379e-03,7.937326e-02,6.911635e-03,1.235501e-03,1.265007e-02,6.743358e-02,3.469485e-03,5.126498e-02,7.291991e-01,3.071652e-02,4.189540e-03,3.093785e-04
8.077653e-03,9.912893e-04,9.405400e-04,2.535163e-03,5.701827e-02,1.168838e-02,8.906098e-04,9.215654e-03,4.802654e-02,2.710806e-03,5.075875e-02,7.812028e-01,2.231909e-02,3.259484e-03,3.650372e-04
6.813523e-03,8.694115e-04,7.523040e-04,2.517963e-03,4.049475e-02,1.368343e-02,6.423983e-04,6.589498e-03,3.401626e-02,2.100023e-03,4.241312e-02,8.303529e-01,1.593167e-02,2.446667e-03,3.761111e-04
6.498325e-03,1.371650e-03,9.536535e-04,3.014758e-03,3.064246e-02,1.702585e-02,4.979227e-04,4.863631e-03,2.460912e-02,1.795380e-03,3.928038e-02,8.548314e-01,1.166510e-02,2.283699e-03,6.667199e-04
7.414048e-03,1.061167e-03,7.744603e-04,2.280117e-03,2.217432e-02,1.355520e-02,4.231701e-04,3.610672e-03,1.760541e-02,1.473423e-03,3.001370e-02,8.888484e-01,8.484760e-03,1.734102e-03,5.471260e-04
9.442182e-03,9.396765e-04,6.349017e-04,1.736385e-03,1.618771e-02,1.044724e-02,3.247822e-04,2.621118e-03,1.265440e-02,1.355273e-03,2.530424e-02,9.103128e-01,6.193815e-03,1.366641e-03,4.789485e-04
1.048192e-02,8.398865e-04,5.016786e-04,1.406418e-03,1.213292e-02,8.711006e-03,2.634439e-04,1.910745e-03,9.250412e-03,1.227865e-03,2.335284e-02,9.237529e-01,4.556643e-03,1.145095e-03,4.663504e-04
9.419767e-03,7.173254e-04,3.850252e-04,1.149293e-03,9.028872e-03,7.973717e-03,2.050098e-04,1.402351e-03,6.703102e-03,1.028269e-03,2.056276e-02,9.367648e-01,3.364455e-03,9.052513e-04,3.900922e-04
8.629084e-03,7.097573e-04,3.418606e-04,8.728977e-04,9.178879e-03,6.164059e-03,1.829725e-04,1.466184e-03,4.965468e-03,8.780218e-04,1.567503e-02,9.474202e-01,2.435642e-03,7.732217e-04,3.068015e-04
6.633421e-03,5.821101e-04,2.901504e-04,6.392269e-04,7.207050e-03,4.897839e-03,1.386846e-04,1.211097e-03,3.649583e-03,7.109835e-04,1.480227e-02,9.565749e-01,1.764596e-03,6.585073e-04,2.396665e-04
4.790608e-03,5.349001e-04,2.502906e-04,4.668538e-04,6.395698e-03,3.616435e-03,1.048592e-04,9.354956e-04,2.793219e-03,6.070774e-04,1.212820e-02,9.652878e-01,1.332607e-03,5.715047e-04,1.844167e-04
3.532617e-03,5.189800e-04,2.440828e-04,3.535113e-04,5.609571e-03,2.765093e-03,8.299159e-05,9.124312e-04,2.164524e-03,5.388528e-04,1.137369e-02,9.702179e-01,1.006415e-03,5.237648e-04,1.554920e-04
2.709491e-03,4.648398e-04,2.732714e-04,2.832593e-04,5.974149e-03,2.252960e-03,1.292117e-04,1.142850e-03,1.679203e-03,4.983079e-04,9.010113e-03,9.742070e-01,7.928250e-04,4.644247e-04,1.180159e-04
2.165591e-03,3.876728e-04,2.333655e-04,2.274375e-04,4.972847e-03,2.039236e-03,1.925429e-04,1.330292e-03,1.291768e-03,4.451232e-04,8.308648e-03,9.772369e-01,6.488858e-04,4.316884e-04,8.803469e-05
1.600402e-03,4.258180e-04,3.210312e-04,1.679352e-04,4.586819e-03,1.785278e-03,2.045621e-04,1.127632e-03,9.565969e-04,4.451887e-04,6.669363e-03,9.807766e-01,5.128654e-04,3.482615e-04,7.165830e-05
1.236556e-03,3.829880e-04,3.056185e-04,1.303677e-04,4.210033e-03,1.824647e-03,1.844344e-04,9.981203e-04,7.277640e-04,4.399161e-04,6.484185e-03,9.822672e-01,4.154471e-04,3.278231e-04,6.495185e-05
9.566663e-04,4.815409e-04,4.458498e-04,1.192311e-04,9.862226e-03,1.569541e-03,2.722338e-04,9.956856e-04,6.024747e-04,4.720531e-04,6.328912e-03,9.770652e-01,4.155061e-04,3.559046e-04,5.702974e-05
7.716026e-04,5.077843e-04,6.582744e-04,1.049498e-04,9.917552e-03,1.451163e-03,3.134353e-04,1.347197e-03,5.272150e-04,5.459359e-04,5.162834e-03,9.779390e-01,3.746824e-04,3.285539e-04,4.982229e-05
8.408342e-04,7.131612e-04,1.008666e-03,1.333263e-04,8.633614e-03,2.149117e-03,3.147192e-04,3.085517e-03,5.093289e-04,6.475375e-04,6.748441e-03,9.743869e-01,3.066141e-04,4.544901e-04,6.779227e-05
7.204368e-04,5.794027e-04,9.308109e-04,1.222965e-04,7.113764e-03,1.737765e-03,2.563579e-04,2.953448e-03,5.773783e-04,6.537171e-04,6.331552e-03,9.772267e-01,2.761571e-04,4.649110e-04,5.532828e-05
6.551634e-04,5.596683e-04,8.876111e-04,1.174213e-04,7.130702e-03,1.624664e-03,2.309421e-04,2.743586e-03,6.430316e-04,5.849575e-04,5.417445e-03,9.786628e-01,2.764896e-04,4.162846e-04,4.922836e-05
8.113922e-04,1.564867e-03,4.928539e-03,2.083756e-04,4.736124e-02,1.688941e-03,2.249281e-04,6.211420e-03,1.421636e-03,5.375235e-04,5.002329e-03,9.290664e-01,3.953350e-04,4.777095e-04,9.940256e-05
6.894568e-04,2.240930e-03,1.474509e-02,3.360954e-04,9.945010e-02,1.608291e-03,3.102612e-04,7.257225e-03,2.349409e-03,4.416987e-04,4.080324e-03,8.654883e-01,4.001482e-04,4.631007e-04,1.395712e-04
9.877458e-04,1.658831e-03,1.348525e-02,4.401018e-04,7.629441e-02,1.838692e-03,1.283932e-03,8.352639e-02,3.279652e-03,5.811413e-04,5.865122e-03,8.086599e-01,6.963679e-04,1.259159e-03,1.432909e-04
2.823039e-03,1.294170e-03,1.393732e-02,1.095625e-03,8.006316e-02,5.197825e-03,2.656558e-02,1.701567e-01,2.998564e-02,1.169695e-03,1.368657e-02,6.506610e-01,1.061118e-03,2.061157e-03,2.414619e-04
3.372457e-03,2.034067e-03,1.260732e-02,9.348431e-04,1.030234e-01,1.060145e-02,2.266103e-02,1.323655e-01,2.276986e-01,1.208596e-03,1.331585e-02,4.667742e-01,1.163740e-03,1.802583e-03,4.364370e-04
2.511988e-03,2.305839e-03,9.219380e-03,1.000059e-03,8.227111e-02,9.306460e-03,1.601348e-02,9.353675e-02,4.419291e-01,9.507508e-04,9.834964e-03,3.282858e-01,1.141082e-03,1.274386e-03,4.188966e-04
1.940046e-03,3.294940e-03,6.769396e-03,1.409777e-03,7.268518e-02,1.452494e-02,1.134253e-02,6.629129e-02,5.781387e-01,1.055957e-03,7.392529e-03,2.323692e-01,1.323343e-03,9.046049e-04,5.576498e-04
1.541693e-03,7.371100e-03,4.922249e-03,5.629296e-03,6.017863e-02,5.166492e-02,8.083185e-03,4.681066e-02,6.225127e-01,3.066516e-03,7.760013e-03,1.665961e-01,1.041660e-02,6.839751e-04,2.762424e-03
1.510732e-03,7.369723e-03,3.507565e-03,8.409771e-03,5.901395e-02,4.858093e-02,6.257202e-03,3.601561e-02,6.705875e-01,3.087515e-03,8.846837e-03,1.198402e-01,2.351797e-02,5.433497e-04,2.911123e-03
2.172822e-03,7.370732e-03,2.546673e-03,9.482070e-03,7.069404e-02,3.921159e-02,5.718997e-03,2.664467e-02,7.073563e-01,3.108445e-03,8.081837e-03,8.629888e-02,2.720546e-02,4.242612e-04,3.683280e-03
4.875793e-03,1.029716e-02,1.905414e-03,1.456208e-02,6.784703e-02,3.962579e-02,4.542154e-03,1.986688e-02,7.310128e-01,3.478395e-03,7.125789e-03,6.212037e-02,2.740449e-02,3.452225e-04,4.990706e-03
1.049969e-02,1.037969e-02,1.622584e-03,1.878012e-02,8.025387e-02,6.682714e-02,4.394130e-03,2.002803e-02,6.973126e-01,3.197931e-03,7.292564e-03,4.608540e-02,2.843842e-02,2.892488e-04,4.598590e-03
1.004690e-02,1.631941e-02,1.327467e-03,1.751753e-02,7.181063e-02,8.564800e-02,3.708747e-03,1.670652e-02,6.884069e-01,2.791915e-03,9.809468e-03,3.520627e-02,3.560050e-02,3.025412e-04,4.797210e-03
1.680033e-02,2.725063e-02,1.265125e-03,2.177018e-02,9.093729e-02,7.899110e-02,3.465949e-03,1.480437e-02,6.379503e-01,2.494240e-03,1.334231e-02,2.714173e-02,5.658771e-02,4.320991e-04,6.766607e-03
4.029731e-02,2.365159e-02,1.558622e-03,2.433951e-02,1.290141e-01,6.458812e-02,3.293039e-03,1.750011e-02,5.702247e-01,2.031276e-03,1.631168e-02,2.248840e-02,7.717177e-02,6.752829e-04,6.854404e-03
6.640188e-02,2.094386e-02,2.438320e-03,2.672350e-02,1.032584e-01,5.571029e-02,2.944863e-03,1.437513e-02,4.807149e-01,2.275744e-03,2.846093e-02,2.208288e-02,1.569586e-01,7.501481e-03,9.209257e-03
4.915228e-02,1.707077e-02,3.946311e-03,2.347903e-02,7.586616e-02,4.202037e-02,2.189171e-03,1.058348e-02,4.790253e-01,3.343858e-03,9.662140e-02,1.778079e-02,1.262116e-01,3.389885e-02,1.881064e-02
3.480761e-02,1.273682e-02,3.492664e-03,1.685416e-02,5.510846e-02,3.026147e-02,1.580254e-03,7.574087e-03,3.467429e-01,3.489573e-03,2.081210e-01,1.530933e-02,9.145560e-02,1.509598e-01,2.150625e-02
2.463486e-02,9.289532e-03,4.281463e-03,1.223619e-02,3.974424e-02,2.595308e-02,1.154095e-03,6.026835e-03,2.478150e-01,3.132662e-03,2.246959e-01,1.196650e-02,6.494075e-02,3.079436e-01,1.618520e-02
1.735535e-02,6.986224e-03,5.110747e-03,8.920644e-03,2.928633e-02,2.998215e-02,8.480151e-04,4.316004e-03,1.859698e-01,3.567421e-03,2.056010e-01,1.341514e-02,4.836275e-02,4.273938e-01,1.288461e-02
1.357714e-02,7.278151e-03,5.487713e-02,1.288178e-02,2.337970e-02,1.095193e-01,6.873176e-04,3.328745e-03,1.745724e-01,4.385570e-03,1.705433e-01,1.036241e-02,3.497488e-02,3.675434e-01,1.208884e-02
1.023354e-02,5.490008e-03,4.072928e-02,1.002532e-02,1.704173e-02,8.779449e-02,5.160163e-04,2.391196e-03,1.515030e-01,3.716601e-03,1.526774e-01,8.416134e-03,2.479959e-02,4.756245e-01,9.041278e-03
8.445435e-03,5.027937e-03,4.057274e-02,1.193414e-02,1.337709e-02,8.687650e-02,6.550871e-04,2.100390e-03,1.823421e-01,4.776841e-03,1.422041e-01,1.184829e-02,1.800456e-02,4.646425e-01,7.192221e-03
6.176741e-03,4.537822e-03,2.994325e-02,9.202397e-03,9.708325e-03,6.543578e-02,5.225390e-04,1.598109e-03,1.845872e-01,5.027955e-03,1.186415e-01,1.228317e-02,1.305894e-02,5.337971e-01,5.479253e-03
4.526434e-03,4.278280e-03,2.191788e-02,7.254676e-03,6.958151e-03,4.851182e-02,4.154760e-04,1.295320e-03,1.922592e-01,5.236476e-03,9.990792e-02,1.271165e-02,9.562380e-03,5.808478e-01,4.316553e-03
3.244458e-03,6.610465e-03,1.648531e-02,5.698457e-03,5.103918e-03,3.471427e-02,3.220478e-04,1.096850e-03,2.272943e-01,5.846748e-03,8.769532e-02,1.171147e-02,6.839436e-03,5.837128e-01,3.624205e-03
2.473349e-03,8.248895e-03,1.720364e-02,4.986343e-03,3.892229e-03,2.539374e-02,2.698658e-04,1.202441e-03,2.765479e-01,6.766265e-03,7.279450e-02,9.070064e-03,5.074896e-03,5.627269e-01,3.349031e-03
2.503880e-03,2.799748e-02,1.984655e-02,5.358587e-03,6.512231e-03,2.110508e-02,4.961855e-04,4.175013e-03,3.217520e-01,8.712161e-03,6.396846e-02,7.522330e-03,4.017586e-03,5.013641e-01,4.668409e-03
2.648459e-03,5.683471e-02,1.545295e-02,4.202689e-03,5.223596e-03,2.258059e-02,3.910352e-04,3.554781e-03,3.890870e-01,6.989326e-03,4.621179e-02,5.518596e-03,3.025971e-03,4.341330e-01,4.145470e-03
4.528678e-03,7.774007e-02,1.801757e-02,1.635524e-02,6.677106e-03,1.951505e-02,4.260626e-04,4.619293e-03,4.598442e-01,6.227431e-03,3.624913e-02,4.308486e-03,2.890338e-03,3.371626e-01,5.438833e-03
1.244654e-02,6.997703e-02,1.825140e-02,3.181453e-02,1.034050e-02,2.081567e-02,5.825851e-04,1.035540e-02,4.752592e-01,8.218882e-03,4.329210e-02,4.817630e-03,3.991723e-03,2.812931e-01,8.543728e-03
2.507062e-02,6.232714e-02,1.809397e-02,2.499455e-02,9.183886e-03,2.301767e-02,5.568300e-04,9.321355e-03,4.762121e-01,8.869613e-03,5.735439e-02,4.261455e-03,3.819219e-03,2.681008e-01,8.816428e-03
1.878347e-02,5.684386e-02,1.489587e-02,1.773312e-02,7.377504e-03,2.007902e-02,4.021263e-04,6.662154e-03,4.032529e-01,9.744806e-03,1.186745e-01,4.416439e-03,3.777131e-03,3.083891e-01,8.967948e-03
3.296135e-02,5.707654e-02,1.686911e-02,1.728802e-02,6.753393e-03,2.014454e-02,3.706231e-04,7.622211e-03,4.012304e-01,1.190031e-02,1.380035e-01,6.149363e-03,5.245814e-03,2.695414e-01,8.843403e-03
4.839156e-02,5.231283e-02,2.403106e-02,1.482520e-02,9.781521e-03,1.637692e-02,3.814646e-04,9.985840e-03,3.737991e-01,1.045661e-02,1.389189e-01,6.836403e-03,5.113901e-03,2.818642e-01,6.924481e-03
4.584547e-02,4.548769e-02,1.930361e-02,1.626567e-02,1.484298e-02,1.833228e-02,3.932134e-04,8.054927e-03,3.305431e-01,1.153112e-02,1.828091e-01,1.127192e-02,4.645499e-03,2.846383e-01,6.035162e-03
4.160514e-02,3.936333e-02,1.659508e-02,1.316845e-02,1.511115e-02,3.318971e-02,6.988790e-04,6.739555e-03,3.150741e-01,1.144733e-02,2.170440e-01,1.620526e-02,5.246118e-03,2.631324e-01,5.379516e-03
3.430252e-02,3.110875e-02,1.216433e-02,9.539773e-03,1.394585e-02,3.894809e-02,8.391464e-04,5.837587e-03,2.887094e-01,9.475695e-03,3.172969e-01,2.250101e-02,5.241418e-03,2.047903e-01,5.299246e-03
3.347591e-02,2.859875e-02,9.948608e-03,8.073197e-03,1.655354e-02,4.961187e-02,8.691099e-04,9.605660e-03,2.818288e-01,9.490700e-03,3.279093e-01,2.615574e-02,8.144682e-03,1.807767e-01,8.957461e-03
3.056937e-02,3.134373e-02,9.569215e-03,1.059578e-02,1.627133e-02,7.448643e-02,8.190801e-04,3.397638e-02,2.712481e-01,1.158568e-02,2.752118e-01,4.209645e-02,1.537826e-02,1.608093e-01,1.603915e-02
2.614568e-02,2.710344e-02,7.565689e-03,1.547417e-02,2.752397e-02,8.357359e-02,1.582688e-03,3.854530e-02,2.343863e-01,1.418047e-02,3.229657e-01,3.835113e-02,1.822709e-02,1.219062e-01,2.246859e-02
2.023292e-02,2.318581e-02,5.654541e-03,1.981013e-02,2.364870e-02,1.558352e-01,1.484853e-03,3.388009e-02,2.427688e-01,1.451442e-02,2.721143e-01,4.326510e-02,2.565588e-02,9.508266e-02,2.286666e-02
