1.000000e+00,0.000000e+00,0.000000e+00,0.000000e+00,0.000000e+00,0.000000e+00,0.000000e+00,0.000000e+00,0.000000e+00,0.000000e+00,0.000000e+00,0.000000e+00,0.000000e+00,0.000000e+00,0.000000e+00
1.000000e+00,0.000000e+00,0.000000e+00,0.000000e+00,0.000000e+00,0.000000e+00,0.000000e+00,0.000000e+00,0.000000e+00,0.000000e+00,0.000000e+00,0.000000e+00,0.000000e+00,0.000000e+00,0.000000e+00
1.000000e+00,0.000000e+00,0.000000e+00,0.000000e+00,0.000000e+00,0.000000e+00,0.000000e+00,0.000000e+00,0.000000e+00,0.000000e+00,0.000000e+00,0.000000e+00,0.000000e+00,0.000000e+00,0.000000e+00
1.000000e+00,0.000000e+00,0.000000e+00,0.000000e+00,0.000000e+00,0.000000e+00,0.000000e+00,0.000000e+00,0.000000e+00,0.000000e+00,0.000000e+00,0.000000e+00,0.000000e+00,0.000000e+00,0.000000e+00
1.000000e+00,0.000000e+00,0.000000e+00,0.000000e+00,0.000000e+00,0.000000e+00,0.000000e+00,0.000000e+00,0.000000e+00,0.000000e+00,0.000000e+00,0.000000e+00,0.000000e+00,0.000000e+00,0.000000e+00
1.000000e+00,0.000000e+00,0.000000e+00,0.000000e+00,0.000000e+00,0.000000e+00,0.000000e+00,0.000000e+00,0.000000e+00,0.000000e+00,0.000000e+00,0.000000e+00,0.000000e+00,0.000000e+00,0.000000e+00
1.000000e+00,0.000000e+00,0.000000e+00,0.000000e+00,0.000000e+00,0.000000e+00,0.000000e+00,0.000000e+00,0.000000e+00,0.000000e+00,0.000000e+00,0.000000e+00,0.000000e+00,0.000000e+00,0.000000e+00
1.000000e+00,0.000000e+00,0.000000e+00,0.000000e+00,0.000000e+00,0.000000e+00,0.000000e+00,0.000000e+00,0.000000e+00,0.000000e+00,0.000000e+00,0.000000e+00,0.000000e+00,0.000000e+00,0.000000e+00
1.000000e+00,0.000000e+00,0.000000e+00,0.000000e+00,0.000000e+00,0.000000e+00,0.000000e+00,0.000000e+00,0.000000e+00,0.000000e+00,0.000000e+00,0.000000e+00,0.000000e+00,0.000000e+00,0.000000e+00
1.000000e+00,0.000000e+00,0.000000e+00,0.000000e+00,0.000000e+00,0.000000e+00,0.000000e+00,0.000000e+00,0.000000e+00,0.000000e+00,0.000000e+00,0.000000e+00,0.000000e+00,0.000000e+00,0.000000e+00
1.000000e+00,0.000000e+00,0.000000e+00,0.000000e+00,0.000000e+00,0.000000e+00,0.000000e+00,0.000000e+00,0.000000e+00,0.000000e+00,0.000000e+00,0.000000e+00,0.000000e+00,0.000000e+00,0.000000e+00
1.000000e+00,0.000000e+00,0.000000e+00,0.000000e+00,0.000000e+00,0.000000e+00,0.000000e+00,0.000000e+00,0.000000e+00,0.000000e+00,0.000000e+00,0.000000e+00,0.000000e+00,0.000000e+00,0.000000e+00
1.000000e+00,0.000000e+00,0.000000e+00,0.000000e+00,0.000000e+00,0.000000e+00,0.000000e+00,0.000000e+00,0.000000e+00,0.000000e+00,0.000000e+00,0.000000e+00,0.000000e+00,0.000000e+00,0.000000e+00
1.000000e+00,0.000000e+00,0.000000e+00,0.000000e+00,0.000000e+00,0.000000e+00,0.000000e+00,0.000000e+00,0.000000e+00,0.000000e+00,0.000000e+00,0.000000e+00,0.000000e+00,0.000000e+00,0.000000e+00
1.000000e+00,0.000000e+00,0.000000e+00,0.000000e+00,0.000000e+00,0.000000e+00,0.000000e+00,0.000000e+00,0.000000e+00,0.000000e+00,0.000000e+00,0.000000e+00,0.000000e+00,0.000000e+00,0.000000e+00
1.000000e+00,0.000000e+00,0.000000e+00,0.000000e+00,0.000000e+00,0.000000e+00,0.000000e+00,0.000000e+00,0.000000e+00,0.000000e+00,0.000000e+00,0.000000e+00,0.000000e+00,0.000000e+00,0.000000e+00
1.000000e+00,0.000000e+00,0.000000e+00,0.000000e+00,0.000000e+00,0.000000e+00,0.000000e+00,0.000000e+00,0.000000e+00,0.000000e+00,0.000000e+00,0.000000e+00,0.000000e+00,0.000000e+00,0.000000e+00
1.000000e+00,0.000000e+00,0.000000e+00,0.000000e+00,0.000000e+00,0.000000e+00,0.000000e+00,0.000000e+00,0.000000e+00,0.000000e+00,0.000000e+00,0.000000e+00,0.000000e+00,0.000000e+00,0.000000e+00
1.000000e+00,0.000000e+00,0.000000e+00,0.000000e+00,0.000000e+00,0.000000e+00,0.000000e+00,0.000000e+00,0.000000e+00,0.000000e+00,0.000000e+00,0.000000e+00,0.000000e+00,0.000000e+00,0.000000e+00
1.000000e+00,0.000000e+00,0.000000e+00,0.000000e+00,0.000000e+00,0.000000e+00,0.000000e+00,0.000000e+00,0.000000e+00,0.000000e+00,0.000000e+00,0.000000e+00,0.000000e+00,0.000000e+00,0.000000e+00
1.000000e+00,0.000000e+00,0.000000e+00,0.000000e+00,0.000000e+00,0.000000e+00,0.000000e+00,0.000000e+00,0.000000e+00,0.000000e+00,0.000000e+00,0.000000e+00,0.000000e+00,0.000000e+00,0.000000e+00
1.000000e+00,0.000000e+00,0.000000e+00,0.000000e+00,0.000000e+00,0.000000e+00,0.000000e+00,0.000000e+00,0.000000e+00,0.000000e+00,0.000000e+00,0.000000e+00,0.000000e+00,0.000000e+00,0.000000e+00
1.000000e+00,0.000000e+00,0.000000e+00,0.000000e+00,0.000000e+00,0.000000e+00,0.000000e+00,0.000000e+00,0.000000e+00,0.000000e+00,0.000000e+00,0.000000e+00,0.000000e+00,0.000000e+00,0.000000e+00
1.000000e+00,0.000000e+00,0.000000e+00,0.000000e+00,0.000000e+00,0.000000e+00,0.000000e+00,0.000000e+00,0.000000e+00,0.000000e+00,0.000000e+00,0.000000e+00,0.000000e+00,0.000000e+00,0.000000e+00
1.000000e+00,0.000000e+00,0.000000e+00,0.000000e+00,0.000000e+00,0.000000e+00,0.000000e+00,0.000000e+00,0.000000e+00,0.000000e+00,0.000000e+00,0.000000e+00,0.000000e+00,0.000000e+00,0.000000e+00
1.000000e+00,0.000000e+00,0.000000e+00,0.000000e+00,0.000000e+00,0.000000e+00,0.000000e+00,0.000000e+00,0.000000e+00,0.000000e+00,0.000000e+00,0.000000e+00,0.000000e+00,0.000000e+00,0.000000e+00
1.000000e+00,0.000000e+00,0.000000e+00,0.000000e+00,0.000000e+00,0.000000e+00,0.000000e+00,0.000000e+00,0.000000e+00,0.000000e+00,0.000000e+00,0.000000e+00,0.000000e+00,0.000000e+00,0.000000e+00
1.000000e+00,0.000000e+00,0.000000e+00,0.000000e+00,0.000000e+00,0.000000e+00,0.000000e+00,0.000000e+00,0.000000e+00,0.000000e+00,0.000000e+00,0.000000e+00,0.000000e+00,0.000000e+00,0.000000e+00
1.000000e+00,0.000000e+00,0.000000e+00,0.000000e+00,0.000000e+00,0.000000e+00,0.000000e+00,0.000000e+00,0.000000e+00,0.000000e+00,0.000000e+00,0.000000e+00,0.000000e+00,0.000000e+00,0.000000e+00
1.000000e+00,0.000000e+00,0.000000e+00,0.000000e+00,0.000000e+00,0.000000e+00,0.000000e+00,0.000000e+00,0.000000e+00,0.000000e+00,0.000000e+00,0.000000e+00,0.000000e+00,0.000000e+00,0.000000e+00
1.000000e+00,0.000000e+00,0.000000e+00,0.000000e+00,0.000000e+00,0.000000e+00,0.000000e+00,0.000000e+00,0.000000e+00,0.000000e+00,0.000000e+00,0.000000e+00,0.000000e+00,0.000000e+00,0.000000e+00
1.000000e+00,0.000000e+00,0.000000e+00,0.000000e+00,0.000000e+00,0.000000e+00,0.000000e+00,0.000000e+00,0.000000e+00,0.000000e+00,0.000000e+00,0.000000e+00,0.000000e+00,0.000000e+00,0.000000e+00
1.000000e+00,0.000000e+00,0.000000e+00,0.000000e+00,0.000000e+00,0.000000e+00,0.000000e+00,0.000000e+00,0.000000e+00,0.000000e+00,0.000000e+00,0.000000e+00,0.000000e+00,0.000000e+00,0.000000e+00
1.000000e+00,0.000000e+00,0.000000e+00,0.000000e+00,0.000000e+00,0.000000e+00,0.000000e+00,0.000000e+00,0.000000e+00,0.000000e+00,0.000000e+00,0.000000e+00,0.000000e+00,0.000000e+00,0.000000e+00
1.000000e+00,0.000000e+00,0.000000e+00,0.000000e+00,0.000000e+00,0.000000e+00,0.000000e+00,0.000000e+00,0.000000e+00,0.000000e+00,0.000000e+00,0.000000e+00,0.000000e+00,0.000000e+00,0.000000e+00
1.000000e+00,0.000000e+00,0.000000e+00,0.000000e+00,0.000000e+00,0.000000e+00,0.000000e+00,0.000000e+00,0.000000e+00,0.000000e+00,0.000000e+00,0.000000e+00,0.000000e+00,0.000000e+00,0.000000e+00
1.000000e+00,0.000000e+00,0.000000e+00,0.000000e+00,0.000000e+00,0.000000e+00,0.000000e+00,0.000000e+00,0.000000e+00,0.000000e+00,0.000000e+00,0.000000e+00,0.000000e+00,0.000000e+00,0.000000e+00
1.000000e+00,0.000000e+00,0.000000e+00,0.000000e+00,0.000000e+00,0.000000e+00,0.000000e+00,0.000000e+00,0.000000e+00,0.000000e+00,0.000000e+00,0.000000e+00,0.000000e+00,0.000000e+00,0.000000e+00
1.000000e+00,0.000000e+00,0.000000e+00,0.000000e+00,0.000000e+00,0.000000e+00,0.000000e+00,0.000000e+00,0.000000e+00,0.000000e+00,0.000000e+00,0.000000e+00,0.000000e+00,0.000000e+00,0.000000e+00
1.000000e+00,0.000000e+00,0.000000e+00,0.000000e+00,0.000000e+00,0.000000e+00,0.000000e+00,0.000000e+00,0.000000e+00,0.000000e+00,0.000000e+00,0.000000e+00,0.000000e+00,0.000000e+00,0.000000e+00
1.000000e+00,0.000000e+00,0.000000e+00,0.000000e+00,0.000000e+00,0.000000e+00,0.000000e+00,0.000000e+00,0.000000e+00,0.000000e+00,0.000000e+00,0.000000e+00,0.000000e+00,0.000000e+00,0.000000e+00
1.000000e+00,0.000000e+00,0.000000e+00,0.000000e+00,0.000000e+00,0.000000e+00,0.000000e+00,0.000000e+00,0.000000e+00,0.000000e+00,0.000000e+00,0.000000e+00,0.000000e+00,0.000000e+00,0.000000e+00
1.000000e+00,0.000000e+00,0.000000e+00,0.000000e+00,0.000000e+00,0.000000e+00,0.000000e+00,0.000000e+00,0.000000e+00,0.000000e+00,0.000000e+00,0.000000e+00,0.000000e+00,0.000000e+00,0.000000e+00
1.000000e+00,0.000000e+00,0.000000e+00,0.000000e+00,0.000000e+00,0.000000e+00,0.000000e+00,0.000000e+00,0.000000e+00,0.000000e+00,0.000000e+00,0.000000e+00,0.000000e+00,0.000000e+00,0.000000e+00
1.000000e+00,0.000000e+00,0.000000e+00,0.000000e+00,0.000000e+00,0.000000e+00,0.000000e+00,0.000000e+00,0.000000e+00,0.000000e+00,0.000000e+00,0.000000e+00,0.000000e+00,0.000000e+00,0.000000e+00
1.000000e+00,0.000000e+00,0.000000e+00,0.000000e+00,0.000000e+00,0.000000e+00,0.000000e+00,0.000000e+00,0.000000e+00,0.000000e+00,0.000000e+00,0.000000e+00,0.000000e+00,0.000000e+00,0.000000e+00
1.000000e+00,0.000000e+00,0.000000e+00,0.000000e+00,0.000000e+00,0.000000e+00,0.000000e+00,0.000000e+00,0.000000e+00,0.000000e+00,0.000000e+00,0.000000e+00,0.000000e+00,0.000000e+00,0.000000e+00
1.000000e+00,0.000000e+00,0.000000e+00,0.000000e+00,0.000000e+00,0.000000e+00,0.000000e+00,0.000000e+00,0.000000e+00,0.000000e+00,0.000000e+00,0.000000e+00,0.000000e+00,0.000000e+00,0.000000e+00
1.000000e+00,0.000000e+00,0.000000e+00,0.000000e+00,0.000000e+00,0.000000e+00,0.000000e+00,0.000000e+00,0.000000e+00,0.000000e+00,0.000000e+00,0.000000e+00,0.000000e+00,0.000000e+00,0.000000e+00
1.000000e+00,0.000000e+00,0.000000e+00,0.000000e+00,0.000000e+00,0.000000e+00,0.000000e+00,0.000000e+00,0.000000e+00,0.000000e+00,0.000000e+00,0.000000e+00,0.000000e+00,0.000000e+00,0.000000e+00
1.000000e+00,0.000000e+00,0.000000e+00,0.000000e+00,0.000000e+00,0.000000e+00,0.000000e+00,0.000000e+00,0.000000e+00,0.000000e+00,0.000000e+00,0.000000e+00,0.000000e+00,0.000000e+00,0.000000e+00
1.000000e+00,0.000000e+00,0.000000e+00,0.000000e+00,0.000000e+00,0.000000e+00,0.000000e+00,0.000000e+00,0.000000e+00,0.000000e+00,0.000000e+00,0.000000e+00,0.000000e+00,0.000000e+00,0.000000e+00
1.000000e+00,0.000000e+00,0.000000e+00,0.000000e+00,0.000000e+00,0.000000e+00,0.000000e+00,0.000000e+00,0.000000e+00,0.000000e+00,0.000000e+00,0.000000e+00,0.000000e+00,0.000000e+00,0.000000e+00
1.000000e+00,0.000000e+00,0.000000e+00,0.000000e+00,0.000000e+00,0.000000e+00,0.000000e+00,0.000000e+00,0.000000e+00,0.000000e+00,0.000000e+00,0.000000e+00,0.000000e+00,0.000000e+00,0.000000e+00
1.000000e+00,0.000000e+00,0.000000e+00,0.000000e+00,0.000000e+00,0.000000e+00,0.000000e+00,0.000000e+00,0.000000e+00,0.000000e+00,0.000000e+00,0.000000e+00,0.000000e+00,0.000000e+00,0.000000e+00
1.000000e+00,0.000000e+00,0.000000e+00,0.000000e+00,0.000000e+00,0.000000e+00,0.000000e+00,0.000000e+00,0.000000e+00,0.000000e+00,0.000000e+00,0.000000e+00,0.000000e+00,0.000000e+00,0.000000e+00
1.000000e+00,0.000000e+00,0.000000e+00,0.000000e+00,0.000000e+00,0.000000e+00,0.000000e+00,0.000000e+00,0.000000e+00,0.000000e+00,0.000000e+00,0.000000e+00,0.000000e+00,0.000000e+00,0.000000e+00
1.000000e+00,0.000000e+00,0.000000e+00,0.000000e+00,0.000000e+00,0.000000e+00,0.000000e+00,0.000000e+00,0.000000e+00,0.000000e+00,0.000000e+00,0.000000e+00,0.000000e+00,0.000000e+00,0.000000e+00
1.000000e+00,0.000000e+00,0.000000e+00,0.000000e+00,0.000000e+00,0.000000e+00,0.000000e+00,0.000000e+00,0.000000e+00,0.000000e+00,0.000000e+00,0.000000e+00,0.000000e+00,0.000000e+00,0.000000e+00
1.000000e+00,0.000000e+00,0.000000e+00,0.000000e+00,0.000000e+00,0.000000e+00,0.000000e+00,0.000000e+00,0.000000e+00,0.000000e+00,0.000000e+00,0.000000e+00,0.000000e+00,0.000000e+00,0.000000e+00
4.822745e-01,2.093841e-02,3.550406e-02,3.730619e-02,5.767352e-03,1.872384e-02,4.177323e-03,8.858667e-03,7.318160e-03,4.159852e-03,2.957579e-01,2.600768e-02,1.232133e-02,1.441487e-02,2.646982e-02
3.392026e-01,1.506954e-02,2.493162e-02,2.619890e-02,4.063751e-03,1.346266e-02,2.931126e-03,6.224670e-03,5.244621e-03,2.965156e-03,5.000522e-01,1.997622e-02,8.701843e-03,1.217867e-02,1.879642e-02
2.390990e-01,1.086656e-02,1.755201e-02,1.844055e-02,2.935675e-03,1.012639e-02,2.073540e-03,4.429282e-03,3.791063e-03,2.173845e-03,6.431316e-01,1.557118e-02,6.154632e-03,9.983338e-03,1.367139e-02
1.687437e-01,7.990120e-03,1.241580e-02,1.301301e-02,2.252457e-03,8.143073e-03,1.509243e-03,3.214050e-03,2.807701e-03,1.844032e-03,7.390326e-01,1.457218e-02,4.399660e-03,9.421555e-03,1.064080e-02
1.194565e-01,5.882040e-03,9.053568e-03,9.415982e-03,2.160975e-03,1.139501e-02,1.221142e-03,2.415018e-03,2.714128e-03,3.746616e-03,7.852100e-01,1.930559e-02,3.216519e-03,1.356561e-02,1.124138e-02
8.388807e-02,4.299936e-03,6.510164e-03,6.978145e-03,1.799069e-03,1.416485e-02,9.151179e-04,1.784951e-03,2.427278e-03,3.029571e-03,8.245497e-01,2.223549e-02,2.428329e-03,1.492960e-02,1.005980e-02
5.883688e-02,3.118611e-03,4.720243e-03,5.003199e-03,1.415083e-03,1.524924e-02,6.984864e-04,1.308211e-03,2.075239e-03,4.586028e-03,8.573341e-01,1.878287e-02,1.834035e-03,1.606398e-02,8.973807e-03
4.160239e-02,4.356042e-03,4.592811e-03,4.792739e-03,3.390430e-03,1.300177e-02,8.152591e-04,1.313493e-03,4.043580e-03,1.336396e-02,8.065531e-01,4.322273e-02,1.608942e-03,3.592113e-02,2.142167e-02
2.979219e-02,3.682232e-03,4.192371e-03,3.586300e-03,3.304677e-03,1.439433e-02,1.008761e-03,1.242497e-03,4.565616e-03,3.208898e-02,7.457066e-01,7.660668e-02,1.315265e-03,4.956536e-02,2.894816e-02
2.182297e-02,3.081751e-03,8.275136e-03,2.819997e-03,3.566422e-03,1.673147e-02,1.797397e-03,2.624122e-03,5.065689e-03,8.776729e-02,6.883034e-01,8.054002e-02,1.084568e-03,4.929432e-02,2.722555e-02
1.615982e-02,2.582221e-03,7.167774e-03,2.413929e-03,4.025433e-03,1.573082e-02,2.208630e-03,3.789616e-03,7.382006e-03,1.415157e-01,6.201777e-01,1.035657e-01,9.132430e-04,4.942915e-02,2.293824e-02
1.182742e-02,2.180019e-03,5.611930e-03,1.814175e-03,4.237839e-03,1.289408e-02,2.472100e-03,3.557585e-03,8.304163e-03,1.782261e-01,6.056585e-01,9.809881e-02,7.794552e-04,4.631156e-02,1.802625e-02
1.261866e-02,2.003804e-03,4.147571e-03,1.372202e-03,4.642285e-03,1.319224e-02,2.349688e-03,2.963975e-03,9.038353e-03,2.526293e-01,5.497192e-01,9.011081e-02,8.874708e-04,4.064346e-02,1.368092e-02
9.239016e-03,2.085887e-03,3.203432e-03,1.016000e-03,4.671390e-03,1.227862e-02,1.929520e-03,2.168272e-03,8.830320e-03,3.695368e-01,4.521566e-01,8.408072e-02,7.988242e-04,3.469780e-02,1.330674e-02
6.839975e-03,1.568396e-03,2.390801e-03,7.563455e-04,5.021741e-03,1.087088e-02,1.509855e-03,1.671986e-03,7.561789e-03,5.202243e-01,3.404323e-01,6.408925e-02,7.418930e-04,2.653756e-02,9.782900e-03
4.873627e-03,1.377746e-03,1.854869e-03,5.744878e-04,4.285280e-03,8.902454e-03,1.098847e-03,1.222688e-03,7.079306e-03,6.407825e-01,2.472612e-01,5.325893e-02,6.737229e-04,1.933126e-02,7.423089e-03
3.491551e-03,2.026692e-03,1.737494e-03,4.389520e-04,4.542654e-03,6.716148e-03,7.914216e-04,8.708647e-04,6.799679e-03,7.306386e-01,1.783104e-01,4.291788e-02,6.950914e-04,1.423224e-02,5.790363e-03
2.912987e-03,1.845803e-03,1.463997e-03,7.097450e-04,4.212325e-03,8.437497e-03,6.833800e-04,7.645584e-04,8.336757e-03,7.730250e-01,1.369228e-01,4.349535e-02,1.234980e-03,1.124941e-02,4.705436e-03
4.330480e-03,2.095281e-03,1.379295e-03,7.100379e-04,3.685625e-03,7.151576e-03,5.507220e-04,6.105024e-04,7.028596e-03,8.132100e-01,1.047863e-01,4.020554e-02,1.228788e-03,9.273793e-03,3.753497e-03
1.194442e-02,2.662515e-03,1.307585e-03,1.098762e-03,4.241397e-03,1.472281e-02,5.737867e-04,8.198862e-04,7.968968e-03,8.042708e-01,9.490372e-02,4.214110e-02,1.404401e-03,8.665501e-03,3.274359e-03
2.811191e-02,3.313729e-03,1.236980e-03,1.841144e-03,7.787770e-03,2.404605e-02,6.856443e-04,1.141325e-03,1.131675e-02,7.383723e-01,1.056704e-01,6.266885e-02,2.572089e-03,7.673434e-03,3.561691e-03
2.832142e-02,6.908762e-03,1.548494e-03,2.165202e-03,1.057927e-02,3.801514e-02,8.128543e-04,2.123856e-03,2.126651e-02,6.913207e-01,1.178158e-01,6.583803e-02,3.241457e-03,6.458220e-03,3.584474e-03
3.646543e-02,1.002994e-02,1.554308e-03,2.588272e-03,1.274275e-02,3.464536e-02,1.440157e-03,2.103114e-03,3.697799e-02,5.606930e-01,2.233306e-01,6.265624e-02,3.973122e-03,5.826264e-03,4.973628e-03
3.444444e-02,1.143458e-02,1.532576e-03,2.484443e-03,1.316652e-02,4.328623e-02,5.498507e-03,4.335253e-03,5.961739e-02,4.580973e-01,2.966256e-01,5.543182e-02,4.016236e-03,4.564647e-03,5.464450e-03
2.752555e-02,1.537948e-02,1.434262e-03,4.063126e-03,2.798828e-02,3.836886e-02,7.010147e-03,7.412495e-03,1.201921e-01,3.306593e-01,3.604965e-01,4.393634e-02,5.999855e-03,3.385791e-03,6.148068e-03
2.517553e-02,1.253617e-02,3.224352e-03,8.750739e-03,3.141700e-02,6.378233e-02,1.220004e-02,6.214564e-02,1.043508e-01,2.333118e-01,3.866774e-01,4.184118e-02,6.205143e-03,2.672722e-03,5.709162e-03
2.443282e-02,8.908750e-03,3.940583e-03,2.681527e-02,2.502060e-02,1.181399e-01,1.294581e-02,1.413963e-01,7.482841e-02,1.658534e-01,3.471088e-01,3.650742e-02,7.607280e-03,2.122885e-03,4.371909e-03
2.697487e-02,6.491263e-03,7.683306e-03,8.004185e-02,2.749752e-02,1.198439e-01,1.101675e-02,2.442827e-01,5.425261e-02,1.171575e-01,2.640290e-01,2.874294e-02,7.229079e-03,1.552378e-03,3.204343e-03
2.236907e-02,4.620670e-03,7.090956e-03,7.391805e-02,2.253389e-02,8.692713e-02,9.118158e-03,4.345207e-01,3.831351e-02,8.239422e-02,1.878677e-01,2.068827e-02,6.167482e-03,1.160554e-03,2.309674e-03
1.901727e-02,3.261024e-03,5.912623e-03,5.368056e-02,2.002190e-02,6.206669e-02,6.780993e-03,5.904840e-01,2.685188e-02,5.772493e-02,1.324608e-01,1.466346e-02,4.606496e-03,8.293169e-04,1.638021e-03
1.586736e-02,2.332196e-03,4.654823e-03,3.819452e-02,1.605107e-02,4.530554e-02,4.895615e-03,7.047246e-01,1.889098e-02,4.045118e-02,9.293181e-02,1.041227e-02,3.481117e-03,6.340317e-04,1.172906e-03
1.940225e-02,1.850142e-03,3.749560e-03,2.758394e-02,1.571544e-02,3.513286e-02,3.787620e-03,7.736604e-01,1.335281e-02,2.849393e-02,6.537186e-02,7.431468e-03,3.073326e-03,5.301186e-04,8.642669e-04
2.343499e-02,1.464961e-03,2.942688e-03,2.000402e-02,1.953790e-02,2.740697e-02,3.135361e-03,8.172975e-01,9.449982e-03,2.001234e-02,4.631473e-02,5.274733e-03,2.625447e-03,4.430648e-04,6.553491e-04
2.733011e-02,1.144128e-03,2.218068e-03,1.500448e-02,2.190480e-02,2.100973e-02,2.592223e-03,8.485306e-01,6.696628e-03,1.402328e-02,3.279886e-02,3.731307e-03,2.191528e-03,3.337223e-04,4.905828e-04
3.207445e-02,9.228634e-04,1.637968e-03,1.096925e-02,2.217423e-02,1.567098e-02,2.044167e-03,8.712783e-01,4.798305e-03,9.826122e-03,2.324559e-02,2.754680e-03,2.001961e-03,2.452102e-04,3.560167e-04
2.885751e-02,6.726327e-04,1.174480e-03,7.841043e-03,1.885512e-02,1.116789e-02,1.568167e-03,8.993009e-01,3.399888e-03,6.880565e-03,1.635963e-02,1.976901e-03,1.512559e-03,1.773289e-04,2.554103e-04
2.692052e-02,5.108562e-04,9.033883e-04,5.807722e-03,1.643176e-02,8.483814e-03,1.540206e-03,9.168638e-01,2.422167e-03,4.821203e-03,1.161620e-02,1.556814e-03,1.785614e-03,1.365329e-04,1.994633e-04
2.311635e-02,4.237051e-04,7.018853e-04,4.314983e-03,1.869147e-02,6.243030e-03,1.348550e-03,9.289035e-01,1.759614e-03,3.381566e-03,8.216869e-03,1.180936e-03,1.460893e-03,1.033001e-04,1.534329e-04
2.020648e-02,3.741896e-04,5.579115e-04,3.199729e-03,1.840266e-02,4.725837e-03,1.240929e-03,9.393216e-01,1.325437e-03,2.374644e-03,5.831129e-03,9.752450e-04,1.253739e-03,7.970878e-05,1.308186e-04
3.495237e-02,1.034661e-03,5.184453e-04,4.489081e-03,1.581739e-02,4.789080e-03,1.075932e-03,8.642625e-01,3.382606e-03,1.894889e-03,1.189998e-02,9.936575e-03,4.454104e-02,4.252575e-04,9.802945e-04
4.630258e-02,1.463128e-03,4.826640e-04,4.646491e-03,1.736871e-02,7.178751e-03,1.224619e-03,7.341573e-01,5.680123e-03,1.583691e-03,1.850419e-02,7.698964e-02,8.244058e-02,5.450720e-04,1.432519e-03
5.798208e-02,2.160615e-03,7.232078e-04,4.573390e-03,2.640455e-02,2.201322e-02,2.354887e-03,6.011469e-01,7.277320e-03,2.195503e-03,2.257879e-02,1.127123e-01,1.347300e-01,7.864789e-04,2.360770e-03
4.995818e-02,1.757859e-03,6.655928e-04,3.499034e-03,1.918641e-02,1.679913e-02,2.217420e-03,4.476130e-01,8.725409e-03,1.662820e-03,3.763462e-02,1.323562e-01,2.750772e-01,7.877942e-04,2.059322e-03
6.820360e-02,2.310635e-03,1.087808e-03,3.904555e-03,1.582235e-02,1.970951e-02,7.054441e-03,3.574564e-01,2.741847e-02,1.409581e-03,3.126859e-02,2.278257e-01,2.314652e-01,1.253384e-03,3.809839e-03
4.916778e-02,1.888741e-03,9.522278e-04,3.157324e-03,1.226533e-02,2.089554e-02,5.259938e-03,2.523516e-01,2.845291e-02,1.079452e-03,3.004455e-02,3.665899e-01,2.225168e-01,1.960570e-03,3.417398e-03
4.184021e-02,1.938199e-03,1.108144e-03,3.490443e-03,1.209067e-02,1.810047e-02,5.621300e-03,1.781313e-01,3.648679e-02,1.982068e-03,2.649782e-02,4.723828e-01,1.830916e-01,1.241533e-02,4.822874e-03
3.693543e-02,1.630032e-03,1.049666e-03,3.148698e-03,9.481280e-03,1.807877e-02,5.656700e-03,1.255707e-01,3.244799e-02,2.554265e-03,2.104597e-02,5.834303e-01,1.409395e-01,1.298745e-02,5.043201e-03
3.379122e-02,1.710693e-03,1.065521e-03,2.638568e-03,7.542987e-03,1.990310e-02,5.967408e-03,8.853555e-02,3.048240e-02,4.823010e-03,1.841269e-02,6.661885e-01,1.027018e-01,1.128683e-02,4.949721e-03
3.085514e-02,2.636259e-03,1.258973e-03,2.074728e-03,6.474589e-03,1.623980e-02,4.548319e-03,6.209145e-02,2.826811e-02,6.387905e-03,1.799542e-02,7.335275e-01,7.445280e-02,9.316129e-03,3.872871e-03
2.207262e-02,1.943050e-03,1.093035e-03,1.509887e-03,5.762571e-03,1.215129e-02,3.373602e-03,4.359477e-02,2.092352e-02,5.969323e-03,1.790311e-02,7.999548e-01,5.372217e-02,7.256765e-03,2.769575e-03
1.562093e-02,1.417318e-03,8.426149e-04,1.075558e-03,5.977742e-03,8.676134e-03,2.433931e-03,3.056922e-02,1.530830e-02,5.218773e-03,1.648246e-02,8.498886e-01,3.892300e-02,5.603694e-03,1.961830e-03
1.107265e-02,1.169772e-03,1.082943e-03,7.806569e-04,1.662600e-02,6.134703e-03,1.811108e-03,2.154994e-02,1.612340e-02,4.278802e-03,1.326931e-02,8.709171e-01,2.952433e-02,4.245074e-03,1.414256e-03
7.982749e-03,1.072749e-03,1.434264e-03,6.929595e-04,1.838399e-02,4.431675e-03,1.332976e-03,1.583708e-02,1.393874e-02,4.111851e-03,1.309481e-02,8.907045e-01,2.207231e-02,3.898293e-03,1.011128e-03
6.050258e-03,9.534237e-04,2.124541e-03,1.090317e-03,2.371822e-02,3.912871e-03,9.788652e-04,1.715572e-02,1.485696e-02,4.032589e-03,1.089840e-02,8.932410e-01,1.728515e-02,2.981736e-03,7.200345e-04
5.303275e-03,1.388311e-03,2.549241e-02,1.159042e-03,3.397804e-02,4.477495e-03,7.568095e-04,2.193821e-02,2.419795e-02,4.760512e-03,9.422578e-03,8.500077e-01,1.332246e-02,3.209699e-03,5.856756e-04
5.630923e-03,4.625415e-03,5.113618e-02,2.581969e-03,5.428498e-02,5.153707e-03,6.299884e-04,4.031699e-02,9.432992e-02,6.227959e-03,8.921014e-03,7.092252e-01,1.116439e-02,5.113696e-03,6.577520e-04
6.631802e-03,4.197397e-03,6.948546e-02,5.456081e-03,5.005817e-02,7.260530e-03,1.373295e-03,1.507763e-01,9.789781e-02,6.486336e-03,9.904042e-03,5.732109e-01,1.207992e-02,4.534454e-03,6.475411e-04
1.106002e-02,6.799198e-03,5.835440e-02,1.657291e-02,5.824059e-02,6.148581e-03,1.250364e-03,2.131214e-01,1.675783e-01,5.603590e-03,1.168154e-02,4.253363e-01,1.358659e-02,4.008276e-03,6.579522e-04
1.311917e-02,6.477492e-03,4.560024e-02,5.170416e-02,5.238087e-02,5.197748e-03,1.603453e-03,3.361593e-01,1.511183e-01,5.253657e-03,9.482053e-03,3.069075e-01,1.142930e-02,2.996347e-03,5.704058e-04
2.611767e-02,9.724792e-03,4.185716e-02,1.014240e-01,9.655546e-02,5.594968e-03,1.781634e-03,2.968383e-01,1.721450e-01,5.823954e-03,8.746175e-03,2.202300e-01,9.149322e-03,3.187518e-03,8.241787e-04
3.334234e-02,1.361644e-02,3.333049e-02,1.414211e-01,9.519923e-02,5.905394e-03,1.576219e-03,3.072425e-01,1.793126e-01,4.774271e-03,8.580294e-03,1.642650e-01,7.567236e-03,2.972606e-03,8.942821e-04
3.343104e-02,1.245544e-02,2.592489e-02,1.400501e-01,7.724020e-02,6.241707e-03,1.463664e-03,4.048032e-01,1.607693e-01,3.444235e-03,6.768973e-03,1.181001e-01,6.031196e-03,2.456759e-03,8.192519e-04
3.835994e-02,1.234675e-02,1.974072e-02,1.019339e-01,7.347836e-02,6.949293e-03,1.381084e-03,4.756666e-01,1.685023e-01,2.624492e-03,6.084354e-03,8.487377e-02,4.881232e-03,2.297949e-03,8.793868e-04
4.970738e-02,1.504642e-02,1.743583e-02,7.342232e-02,6.097167e-02,9.136316e-03,1.278280e-03,4.932472e-01,1.505515e-01,2.261492e-03,1.262290e-02,9.789306e-02,8.642512e-03,3.921252e-03,3.861949e-03
8.695786e-02,2.418005e-02,1.513207e-02,6.469269e-02,7.209431e-02,1.025361e-02,1.382450e-03,3.620179e-01,1.276009e-01,3.274103e-03,4.442023e-02,1.513460e-01,2.287868e-02,4.591700e-03,9.177444e-03
1.330252e-01,1.971052e-02,1.378411e-02,7.691967e-02,5.673397e-02,1.102677e-02,1.198011e-03,2.582036e-01,1.341609e-01,2.999543e-03,6.952177e-02,1.878821e-01,2.300520e-02,3.967857e-03,7.860769e-03
9.779526e-02,1.469000e-02,1.079540e-02,5.935308e-02,4.274836e-02,8.545949e-03,8.861927e-04,1.817449e-01,1.073759e-01,2.504104e-03,1.133659e-01,3.235333e-01,2.686147e-02,3.891815e-03,5.908275e-03
7.081328e-02,1.080647e-02,8.484150e-03,4.694063e-02,3.312910e-02,7.058332e-03,6.844170e-04,1.275999e-01,8.053311e-02,2.593999e-03,1.182210e-01,4.444615e-01,3.950597e-02,4.407098e-03,4.761103e-03
6.717352e-02,8.172623e-03,7.328659e-03,3.635465e-02,3.710088e-02,6.666297e-03,6.982145e-04,9.054858e-02,6.905525e-02,4.116317e-03,1.450950e-01,4.544029e-01,5.955482e-02,9.726608e-03,4.005654e-03
5.882043e-02,6.603394e-03,6.586388e-03,2.847977e-02,3.522548e-02,1.250947e-02,7.716734e-04,6.537435e-02,5.271154e-02,5.294145e-03,1.437196e-01,5.158828e-01,5.173022e-02,1.269211e-02,3.598520e-03
4.214640e-02,5.151613e-03,5.227391e-03,2.166592e-02,3.078528e-02,1.134938e-02,6.279661e-04,4.704754e-02,3.820226e-02,4.751438e-03,1.604646e-01,5.661654e-01,4.276999e-02,2.093164e-02,2.713233e-03
3.121811e-02,3.951617e-03,4.587595e-03,1.856007e-02,2.737647e-02,1.285734e-02,5.848080e-04,3.602014e-02,2.775878e-02,5.050262e-03,1.477676e-01,6.274965e-01,3.391850e-02,2.059469e-02,2.257385e-03
2.284551e-02,3.134604e-03,3.537811e-03,1.514651e-02,2.545435e-02,1.026846e-02,4.557518e-04,2.590009e-02,2.114492e-02,5.391211e-03,1.619781e-01,6.557264e-01,2.557372e-02,2.128198e-02,2.160490e-03
1.656650e-02,3.135660e-03,3.564107e-03,1.211291e-02,4.447704e-02,7.829989e-03,4.075365e-04,1.877867e-02,1.856032e-02,5.385653e-03,1.386845e-01,6.895617e-01,1.993774e-02,1.906658e-02,1.931079e-03
1.584805e-02,2.687422e-03,4.230647e-03,9.415644e-03,4.655374e-02,6.218600e-03,4.834856e-04,1.474405e-02,1.759592e-02,8.123046e-03,1.392872e-01,6.940777e-01,1.821959e-02,2.071089e-02,1.803971e-03
1.134775e-02,2.153639e-03,3.625140e-03,6.823995e-03,3.490262e-02,4.646616e-03,4.024691e-04,1.043909e-02,1.663918e-02,9.482302e-03,1.098777e-01,7.505035e-01,1.529089e-02,2.245994e-02,1.405196e-03
8.229142e-03,1.611007e-03,2.739008e-03,4.958347e-03,2.529350e-02,3.848128e-03,3.202154e-04,7.436716e-03,1.286202e-02,8.422377e-03,9.092239e-02,8.021652e-01,1.256137e-02,1.759136e-02,1.039216e-03
6.946660e-03,1.371334e-03,2.756004e-03,3.617727e-03,1.903778e-02,4.824381e-03,4.735786e-04,5.964415e-03,9.688642e-03,9.354427e-03,7.178670e-02,8.387401e-01,9.944156e-03,1.468317e-02,8.109058e-04
6.122607e-03,1.309571e-03,2.336057e-03,2.713645e-03,1.455762e-02,4.243352e-03,3.533971e-04,4.402912e-03,7.595237e-03,9.150533e-03,5.959771e-02,8.666713e-01,7.902986e-03,1.235143e-02,6.916977e-04
5.200896e-03,1.818308e-03,2.473078e-03,2.279447e-03,1.778684e-02,3.331382e-03,2.710893e-04,3.399586e-03,6.941266e-03,9.841560e-03,5.202347e-02,8.766661e-01,6.797450e-03,1.043800e-02,7.315770e-04
4.837198e-03,1.933479e-03,2.431971e-03,1.902381e-03,2.144510e-02,2.596385e-03,2.042006e-04,2.902907e-03,5.757671e-03,1.122183e-02,4.750744e-02,8.818933e-01,5.984692e-03,8.723240e-03,6.582094e-04
5.231153e-03,2.790242e-03,2.372230e-03,1.502740e-03,2.991503e-02,2.575469e-03,1.514309e-04,2.733679e-03,4.611824e-03,1.242287e-02,5.344237e-02,8.690085e-01,5.356348e-03,7.235265e-03,6.508809e-04
4.253954e-03,2.320686e-03,2.183229e-03,1.082269e-03,2.189936e-02,1.987797e-03,1.099856e-04,2.100832e-03,3.507078e-03,1.017816e-02,4.385217e-02,8.965939e-01,3.911929e-03,5.499934e-03,5.186776e-04
3.556682e-03,2.146541e-03,2.190343e-03,7.978000e-04,1.624752e-02,1.583548e-03,8.178571e-05,1.615417e-03,2.748541e-03,9.269229e-03,3.559127e-02,9.165691e-01,2.944114e-03,4.196538e-03,4.616136e-04
3.083467e-03,2.745983e-03,7.107187e-03,6.220330e-04,1.441334e-02,1.565237e-03,7.346953e-05,2.488516e-03,2.823879e-03,7.920963e-03,3.187737e-02,9.191734e-01,2.197473e-03,3.319217e-03,5.885196e-04
2.326261e-03,2.406273e-03,7.586073e-03,4.859881e-04,1.253049e-02,1.270902e-03,6.906546e-05,2.566774e-03,3.305023e-03,7.963505e-03,2.638273e-02,9.277260e-01,1.867867e-03,2.975613e-03,5.375039e-04
3.959380e-03,1.948500e-02,2.874179e-02,1.999612e-03,2.004233e-02,1.095869e-03,9.987863e-05,2.579586e-02,4.364992e-03,6.764044e-03,2.570422e-02,8.568172e-01,1.795780e-03,2.853449e-03,4.806769e-04
3.995664e-03,1.767430e-02,5.130848e-02,2.949902e-03,2.496821e-02,8.657851e-04,8.989089e-05,2.171275e-02,2.442812e-02,6.098026e-03,1.644826e-01,6.680557e-01,1.556228e-03,1.133206e-02,4.823515e-04
5.627686e-03,2.083446e-02,5.277150e-02,3.369310e-03,2.458207e-02,8.349118e-04,1.133386e-04,2.497917e-02,5.390592e-02,6.315810e-03,2.675991e-01,5.065346e-01,1.696230e-03,3.028125e-02,5.546897e-04
7.708091e-03,1.658987e-02,4.330733e-02,2.882357e-03,1.962493e-02,6.661485e-04,9.647474e-05,1.837707e-02,1.431589e-01,6.100696e-03,3.399686e-01,3.554725e-01,1.252510e-03,4.417376e-02,6.208328e-04
1.767214e-02,1.248271e-02,7.995228e-02,2.003711e-02,1.815630e-02,1.755226e-03,3.529035e-04,3.333337e-02,2.184149e-01,6.023975e-03,3.052979e-01,2.504944e-01,1.074037e-03,3.429491e-02,6.579008e-04
2.052689e-02,9.715325e-03,6.793094e-02,1.568654e-02,1.766806e-02,1.677877e-03,2.985671e-04,2.449339e-02,2.405180e-01,5.188705e-03,3.823167e-01,1.756199e-01,8.091365e-04,3.628910e-02,1.260918e-03
2.247828e-02,7.191909e-03,5.171380e-02,1.116369e-02,1.722470e-02,1.355891e-03,2.438823e-04,1.733944e-02,3.393055e-01,5.141302e-03,3.590044e-01,1.230690e-01,6.360463e-04,4.202695e-02,2.105209e-03
2.122797e-02,5.352600e-03,3.829691e-02,7.904211e-03,1.347144e-02,1.215570e-03,2.196013e-04,1.222981e-02,3.727843e-01,4.878784e-03,3.457323e-01,8.626405e-02,5.152466e-04,8.727907e-02,2.628159e-03
2.263034e-02,4.089035e-03,3.563675e-02,5.663784e-03,1.500589e-02,1.101862e-03,1.634727e-04,8.617712e-03,3.886300e-01,4.566229e-03,3.612672e-01,6.048810e-02,4.469565e-04,8.900528e-02,2.687387e-03
2.454815e-02,3.208550e-03,3.452562e-02,4.356051e-03,1.389854e-02,9.055802e-04,1.287286e-04,6.097730e-03,3.690681e-01,3.813942e-03,3.039358e-01,4.254805e-02,5.392873e-04,1.892968e-01,3.129030e-03
2.640853e-02,2.689235e-03,2.601484e-02,3.824493e-03,1.144895e-02,9.276341e-04,1.224292e-04,4.603657e-03,4.252356e-01,3.426730e-03,2.606652e-01,2.998467e-02,4.940903e-04,2.006365e-01,3.517503e-03
3.864444e-02,2.274450e-03,2.056262e-02,3.265939e-03,9.695697e-03,1.048323e-03,1.235519e-04,3.313881e-03,3.828034e-01,2.914893e-03,2.634960e-01,2.145398e-02,4.870399e-04,2.458434e-01,4.072407e-03
5.739862e-02,2.586202e-03,1.737323e-02,3.837083e-03,7.952498e-03,1.616419e-03,1.891972e-04,2.585381e-03,3.340104e-01,2.515095e-03,2.630085e-01,1.600911e-02,5.298029e-04,2.853310e-01,5.057511e-03
1.397898e-01,3.173364e-03,1.930068e-02,6.067320e-03,7.696993e-03,2.466204e-03,4.264243e-04,2.184122e-03,2.864923e-01,7.955665e-03,2.204293e-01,1.293213e-02,6.132934e-04,2.826073e-01,7.865060e-03
2.275408e-01,5.388503e-03,1.770599e-02,8.644894e-03,7.776595e-03,5.864933e-03,7.368010e-04,2.239574e-03,2.777445e-01,8.006629e-03,1.894188e-01,1.445657e-02,1.810326e-03,2.149101e-01,1.775496e-02
3.065422e-01,6.257677e-03,1.308050e-02,9.265775e-03,1.323103e-02,6.693679e-02,7.450462e-04,5.054150e-03,2.097651e-01,5.754113e-03,1.569231e-01,1.940512e-02,3.803384e-03,1.650071e-01,1.822893e-02
2.270623e-01,5.549769e-03,9.364987e-03,6.786111e-03,1.001759e-02,2.890032e-01,5.616648e-04,4.771038e-03,1.531871e-01,5.379951e-03,1.208714e-01,1.411834e-02,3.217429e-03,1.302530e-01,1.985610e-02
1.646645e-01,5.074992e-03,6.637168e-03,4.939228e-03,7.889548e-03,4.335159e-01,4.213433e-04,3.532032e-03,1.158675e-01,7.279040e-03,8.796968e-02,9.987315e-03,2.452517e-03,1.203834e-01,2.938597e-02
1.170693e-01,4.050530e-03,4.779300e-03,4.358537e-03,5.717021e-03,5.067286e-01,3.159564e-04,2.690904e-03,1.183458e-01,1.379980e-02,6.248581e-02,7.050099e-03,1.960984e-03,9.312412e-02,5.752318e-02
8.268882e-02,3.123414e-03,3.382474e-03,3.412545e-03,4.122751e-03,3.830149e-01,2.376077e-04,1.898648e-03,1.407273e-01,2.011324e-02,5.059534e-02,5.132008e-03,1.702875e-03,1.858852e-01,1.139629e-01
5.812286e-02,2.734730e-03,2.388392e-03,2.514800e-03,2.983008e-03,2.865187e-01,1.821680e-04,1.334699e-03,1.309986e-01,2.424632e-02,6.363302e-02,3.777164e-03,1.431462e-03,2.438990e-01,1.752352e-01
4.129631e-02,2.416805e-03,1.760813e-03,2.501619e-03,2.234335e-03,2.031527e-01,1.427371e-04,9.458591e-04,1.201736e-01,1.940246e-02,4.822733e-02,2.738331e-03,1.093656e-03,2.505187e-01,3.033949e-01
2.977478e-02,2.186922e-03,1.386002e-03,2.156555e-03,1.834931e-03,1.444009e-01,1.197755e-04,6.783594e-04,1.026087e-01,1.434528e-02,3.704955e-02,2.493762e-03,1.028291e-03,4.298413e-01,2.300949e-01
2.193934e-02,6.203048e-02,4.753673e-03,3.574425e-03,7.486338e-03,1.027785e-01,2.191516e-04,6.151480e-04,1.813863e-01,1.403194e-02,3.378051e-02,2.525968e-03,1.291571e-03,3.937741e-01,1.698126e-01
1.701514e-02,4.544285e-02,4.109346e-03,4.730087e-03,8.879965e-03,7.314137e-02,2.466619e-04,5.532323e-04,2.901416e-01,1.195826e-02,2.858145e-02,2.126672e-03,1.627027e-03,3.551817e-01,1.562647e-01
1.314586e-02,3.676388e-02,4.250052e-03,6.766774e-03,1.114527e-02,5.248211e-02,2.702961e-04,5.264251e-04,3.462925e-01,1.033871e-02,2.355411e-02,1.844870e-03,2.649270e-03,3.298190e-01,1.601508e-01
1.936007e-02,3.236212e-02,4.452188e-03,1.017660e-02,9.977485e-03,4.068712e-02,2.641868e-04,6.605940e-04,3.649996e-01,9.271959e-03,2.425381e-02,3.368971e-03,4.701253e-03,3.121494e-01,1.633146e-01
2.118379e-02,2.731127e-02,4.012822e-03,1.046884e-02,1.039098e-02,3.656673e-02,2.697350e-04,1.241914e-03,4.542151e-01,9.335600e-03,2.315052e-02,3.786521e-03,7.703751e-03,2.648609e-01,1.255014e-01
2.308556e-02,2.387325e-02,3.816390e-03,1.269207e-02,8.235148e-03,3.355943e-02,4.071597e-04,1.538255e-03,3.922587e-01,9.889811e-03,3.687861e-02,1.403723e-02,2.310073e-02,3.187255e-01,9.790215e-02
1.911557e-02,1.935087e-02,9.542724e-03,1.028559e-02,7.004252e-03,2.611985e-02,3.556604e-04,1.097878e-03,3.262304e-01,8.604927e-03,3.860196e-02,1.102798e-02,1.708487e-02,4.138775e-01,9.169996e-02
1.894252e-02,1.553535e-02,9.783745e-03,9.577705e-03,5.729266e-03,2.002805e-02,3.894094e-04,8.469761e-04,4.090475e-01,7.266615e-03,4.215198e-02,9.975313e-03,1.251664e-02,3.557679e-01,8.244099e-02
1.750278e-02,1.265204e-02,8.121379e-03,1.092398e-02,4.232275e-03,1.649787e-02,4.227090e-04,6.670614e-04,3.768593e-01,6.585539e-03,6.897520e-02,2.599002e-02,1.045087e-02,3.644935e-01,7.562540e-02
1.419836e-02,1.087264e-02,1.154730e-02,9.230084e-03,5.496222e-03,1.267179e-02,3.696624e-04,6.335119e-04,3.426115e-01,1.232507e-02,7.542746e-02,3.018196e-02,9.314057e-03,4.073924e-01,5.772802e-02
1.277710e-02,1.009980e-02,2.279497e-02,9.680618e-03,9.418141e-03,9.853717e-03,4.928948e-04,4.749478e-03,3.541208e-01,1.759607e-02,8.282115e-02,2.678550e-02,8.736122e-03,3.823437e-01,4.772990e-02
1.095920e-02,2.220161e-02,1.833019e-02,9.092914e-03,1.478970e-02,2.924044e-02,7.025106e-04,4.608981e-03,4.149622e-01,1.807445e-02,6.758717e-02,2.476500e-02,8.438873e-03,3.206809e-01,3.556581e-02
9.957745e-03,3.087392e-02,1.578090e-02,1.125010e-02,1.400458e-02,3.616266e-02,7.207843e-04,9.624356e-03,4.750342e-01,1.826478e-02,5.559966e-02,2.300057e-02,1.259057e-02,2.576079e-01,2.952720e-02
1.031550e-02,3.410819e-02,1.348687e-02,2.171331e-02,1.251064e-02,3.691719e-02,6.153798e-04,8.711553e-03,5.259687e-01,1.903282e-02,4.298500e-02,1.916609e-02,1.351048e-02,1.931274e-01,4.783080e-02
1.567282e-02,4.301336e-02,1.380268e-02,2.013197e-02,1.736311e-02,4.797398e-02,8.377230e-04,1.091110e-02,5.533454e-01,1.519265e-02,4.069269e-02,1.666625e-02,1.256241e-02,1.493323e-01,4.250153e-02
5.067490e-02,4.080841e-02,1.525049e-02,1.986532e-02,3.355926e-02,5.829099e-02,1.228121e-03,1.131266e-01,4.284219e-01,1.277669e-02,3.145216e-02,1.570397e-02,1.308459e-02,1.184527e-01,4.730396e-02
7.464252e-02,3.790885e-02,1.464500e-02,2.816109e-02,4.010057e-02,6.493666e-02,1.270714e-03,1.575952e-01,3.679308e-01,1.417337e-02,2.331649e-02,1.201406e-02,1.140176e-02,9.625642e-02,5.564652e-02
9.725346e-02,3.919778e-02,1.262954e-02,3.012140e-02,4.289505e-02,9.731272e-02,1.330281e-03,1.894794e-01,2.936986e-01,1.316199e-02,1.743958e-02,8.928586e-03,1.177737e-02,8.203379e-02,6.274041e-02
8.554722e-02,4.135285e-02,1.357909e-02,4.599767e-02,4.442889e-02,1.215816e-01,1.565288e-03,1.633998e-01,3.070672e-01,1.511660e-02,1.281065e-02,6.448501e-03,1.032980e-02,6.014303e-02,7.063174e-02
8.368897e-02,3.445887e-02,1.115749e-02,5.075631e-02,3.654662e-02,1.888276e-01,1.461300e-03,1.954328e-01,2.578455e-01,1.235162e-02,9.901317e-03,4.641609e-03,8.838600e-03,4.391585e-02,6.017556e-02
1.052073e-01,3.233397e-02,8.882870e-03,4.288414e-02,6.979667e-02,2.492912e-01,2.378417e-03,1.671770e-01,2.053935e-01,9.470498e-03,7.851194e-03,3.379158e-03,1.085055e-02,3.212832e-02,5.297516e-02
1.260090e-01,5.396730e-02,9.532296e-03,4.376520e-02,7.422110e-02,1.835087e-01,2.958352e-03,1.898865e-01,1.834268e-01,1.284778e-02,6.666387e-03,2.678228e-03,1.513097e-02,2.806452e-02,6.733675e-02
1.328535e-01,6.758432e-02,7.912394e-03,3.726788e-02,6.904781e-02,1.328653e-01,2.695808e-03,2.692724e-01,1.549732e-01,1.160591e-02,5.589390e-03,2.396207e-03,1.429451e-02,2.238447e-02,6.925689e-02
1.151765e-01,6.437942e-02,6.798347e-03,2.888421e-02,5.742004e-02,9.446798e-02,2.320314e-03,4.076692e-01,1.268181e-01,8.908610e-03,4.566140e-03,2.067567e-03,1.100982e-02,1.680590e-02,5.270777e-02
1.188375e-01,5.854226e-02,5.994369e-03,2.220675e-02,4.846816e-02,6.789024e-02,2.146014e-03,5.024457e-01,1.031483e-01,6.406600e-03,3.448533e-03,1.653272e-03,8.480573e-03,1.230288e-02,3.802887e-02
1.665323e-01,5.947504e-02,5.520044e-03,1.908880e-02,3.663666e-02,5.425648e-02,2.338272e-03,4.899658e-01,1.031943e-01,4.817536e-03,3.403305e-03,2.918656e-03,8.969909e-03,9.164533e-03,3.371837e-02
1.640636e-01,4.984021e-02,5.193268e-03,1.979898e-02,2.629035e-02,4.226799e-02,2.006946e-03,5.325908e-01,9.420480e-02,4.417340e-03,5.693403e-03,5.952806e-03,1.060893e-02,6.985459e-03,3.008515e-02
1.943837e-01,4.128513e-02,5.531068e-03,1.904894e-02,1.963769e-02,5.105732e-02,2.270843e-03,5.118213e-01,8.927870e-02,3.357331e-03,4.905373e-03,5.922438e-03,2.303996e-02,5.165912e-03,2.329425e-02
2.425382e-01,3.007132e-02,5.038533e-03,1.734652e-02,1.424866e-02,7.075680e-02,2.198306e-03,4.884511e-01,6.516007e-02,2.422332e-03,4.074033e-03,5.376884e-03,2.895156e-02,3.743540e-03,1.962220e-02
3.273417e-01,2.265219e-02,5.469151e-03,1.761049e-02,1.092721e-02,6.449139e-02,2.704896e-03,4.425383e-01,4.722936e-02,1.801481e-03,3.533760e-03,5.850443e-03,2.812411e-02,2.748271e-03,1.697730e-02
3.891996e-01,1.802515e-02,7.447992e-03,2.119920e-02,1.072176e-02,7.755247e-02,3.979260e-03,3.715335e-01,3.532397e-02,1.400947e-03,3.287182e-03,8.814599e-03,3.489256e-02,2.051716e-03,1.457013e-02
3.918400e-01,1.384556e-02,6.774898e-03,2.000854e-02,1.852066e-02,6.528556e-02,3.520694e-03,3.390089e-01,2.640012e-02,1.026065e-03,2.967575e-03,8.563564e-03,8.997694e-02,1.484045e-03,1.077685e-02
4.293745e-01,1.060789e-02,5.902038e-03,1.588939e-02,2.201767e-02,5.073618e-02,2.986912e-03,2.842257e-01,1.943525e-02,7.582202e-04,2.681253e-03,9.961845e-03,1.362202e-01,1.084146e-03,8.118803e-03
3.840821e-01,1.998414e-02,3.120271e-02,1.173384e-01,4.098583e-02,3.904129e-02,2.784834e-03,2.074564e-01,1.597881e-02,1.909650e-03,4.039633e-03,1.911289e-02,1.049838e-01,1.028005e-03,1.007152e-02
4.179385e-01,2.029708e-02,2.580930e-02,1.318764e-01,3.869661e-02,3.647218e-02,2.415959e-03,1.517615e-01,1.483127e-02,2.693938e-03,1.052046e-02,2.927919e-02,1.041884e-01,1.286907e-03,1.193225e-02
