1.000000e+00,0.000000e+00,0.000000e+00,0.000000e+00,0.000000e+00,0.000000e+00,0.000000e+00,0.000000e+00,0.000000e+00,0.000000e+00,0.000000e+00,0.000000e+00,0.000000e+00,0.000000e+00,0.000000e+00
1.000000e+00,0.000000e+00,0.000000e+00,0.000000e+00,0.000000e+00,0.000000e+00,0.000000e+00,0.000000e+00,0.000000e+00,0.000000e+00,0.000000e+00,0.000000e+00,0.000000e+00,0.000000e+00,0.000000e+00
1.000000e+00,0.000000e+00,0.000000e+00,0.000000e+00,0.000000e+00,0.000000e+00,0.000000e+00,0.000000e+00,0.000000e+00,0.000000e+00,0.000000e+00,0.000000e+00,0.000000e+00,0.000000e+00,0.000000e+00
1.000000e+00,0.000000e+00,0.000000e+00,0.000000e+00,0.000000e+00,0.000000e+00,0.000000e+00,0.000000e+00,0.000000e+00,0.000000e+00,0.000000e+00,0.000000e+00,0.000000e+00,0.000000e+00,0.000000e+00
1.000000e+00,0.000000e+00,0.000000e+00,0.000000e+00,0.000000e+00,0.000000e+00,0.000000e+00,0.000000e+00,0.000000e+00,0.000000e+00,0.000000e+00,0.000000e+00,0.000000e+00,0.000000e+00,0.000000e+00
1.000000e+00,0.000000e+00,0.000000e+00,0.000000e+00,0.000000e+00,0.000000e+00,0.000000e+00,0.000000e+00,0.000000e+00,0.000000e+00,0.000000e+00,0.000000e+00,0.000000e+00,0.000000e+00,0.000000e+00
1.000000e+00,0.000000e+00,0.000000e+00,0.000000e+00,0.000000e+00,0.000000e+00,0.000000e+00,0.000000e+00,0.000000e+00,0.000000e+00,0.000000e+00,0.000000e+00,0.000000e+00,0.000000e+00,0.000000e+00
1.000000e+00,0.000000e+00,0.000000e+00,0.000000e+00,0.000000e+00,0.000000e+00,0.000000e+00,0.000000e+00,0.000000e+00,0.000000e+00,0.000000e+00,0.000000e+00,0.000000e+00,0.000000e+00,0.000000e+00
1.000000e+00,0.000000e+00,0.000000e+00,0.000000e+00,0.000000e+00,0.000000e+00,0.000000e+00,0.000000e+00,0.000000e+00,0.000000e+00,0.000000e+00,0.000000e+00,0.000000e+00,0.000000e+00,0.000000e+00
1.000000e+00,0.000000e+00,0.000000e+00,0.000000e+00,0.000000e+00,0.000000e+00,0.000000e+00,0.000000e+00,0.000000e+00,0.000000e+00,0.000000e+00,0.000000e+00,0.000000e+00,0.000000e+00,0.000000e+00
1.000000e+00,0.000000e+00,0.000000e+00,0.000000e+00,0.000000e+00,0.000000e+00,0.000000e+00,0.000000e+00,0.000000e+00,0.000000e+00,0.000000e+00,0.000000e+00,0.000000e+00,0.000000e+00,0.000000e+00
1.000000e+00,0.000000e+00,0.000000e+00,0.000000e+00,0.000000e+00,0.000000e+00,0.000000e+00,0.000000e+00,0.000000e+00,0.000000e+00,0.000000e+00,0.000000e+00,0.000000e+00,0.000000e+00,0.000000e+00
1.000000e+00,0.000000e+00,0.000000e+00,0.000000e+00,0.000000e+00,0.000000e+00,0.000000e+00,0.000000e+00,0.000000e+00,0.000000e+00,0.000000e+00,0.000000e+00,0.000000e+00,0.000000e+00,0.000000e+00
1.000000e+00,0.000000e+00,0.000000e+00,0.000000e+00,0.000000e+00,0.000000e+00,0.000000e+00,0.000000e+00,0.000000e+00,0.000000e+00,0.000000e+00,0.000000e+00,0.000000e+00,0.000000e+00,0.000000e+00
1.000000e+00,0.000000e+00,0.000000e+00,0.000000e+00,0.000000e+00,0.000000e+00,0.000000e+00,0.000000e+00,0.000000e+00,0.000000e+00,0.000000e+00,0.000000e+00,0.000000e+00,0.000000e+00,0.000000e+00
1.000000e+00,0.000000e+00,0.000000e+00,0.000000e+00,0.000000e+00,0.000000e+00,0.000000e+00,0.000000e+00,0.000000e+00,0.000000e+00,0.000000e+00,0.000000e+00,0.000000e+00,0.000000e+00,0.000000e+00
1.000000e+00,0.000000e+00,0.000000e+00,0.000000e+00,0.000000e+00,0.000000e+00,0.000000e+00,0.000000e+00,0.000000e+00,0.000000e+00,0.000000e+00,0.000000e+00,0.000000e+00,0.000000e+00,0.000000e+00
1.000000e+00,0.000000e+00,0.000000e+00,0.000000e+00,0.000000e+00,0.000000e+00,0.000000e+00,0.000000e+00,0.000000e+00,0.000000e+00,0.000000e+00,0.000000e+00,0.000000e+00,0.000000e+00,0.000000e+00
1.000000e+00,0.000000e+00,0.000000e+00,0.000000e+00,0.000000e+00,0.000000e+00,0.000000e+00,0.000000e+00,0.000000e+00,0.000000e+00,0.000000e+00,0.000000e+00,0.000000e+00,0.000000e+00,0.000000e+00
1.000000e+00,0.000000e+00,0.000000e+00,0.000000e+00,0.000000e+00,0.000000e+00,0.000000e+00,0.000000e+00,0.000000e+00,0.000000e+00,0.000000e+00,0.000000e+00,0.000000e+00,0.000000e+00,0.000000e+00
1.000000e+00,0.000000e+00,0.000000e+00,0.000000e+00,0.000000e+00,0.000000e+00,0.000000e+00,0.000000e+00,0.000000e+00,0.000000e+00,0.000000e+00,0.000000e+00,0.000000e+00,0.000000e+00,0.000000e+00
1.000000e+00,0.000000e+00,0.000000e+00,0.000000e+00,0.000000e+00,0.000000e+00,0.000000e+00,0.000000e+00,0.000000e+00,0.000000e+00,0.000000e+00,0.000000e+00,0.000000e+00,0.000000e+00,0.000000e+00
1.000000e+00,0.000000e+00,0.000000e+00,0.000000e+00,0.000000e+00,0.000000e+00,0.000000e+00,0.000000e+00,0.000000e+00,0.000000e+00,0.000000e+00,0.000000e+00,0.000000e+00,0.000000e+00,0.000000e+00
1.000000e+00,0.000000e+00,0.000000e+00,0.000000e+00,0.000000e+00,0.000000e+00,0.000000e+00,0.000000e+00,0.000000e+00,0.000000e+00,0.000000e+00,0.000000e+00,0.000000e+00,0.000000e+00,0.000000e+00
1.000000e+00,0.000000e+00,0.000000e+00,0.000000e+00,0.000000e+00,0.000000e+00,0.000000e+00,0.000000e+00,0.000000e+00,0.000000e+00,0.000000e+00,0.000000e+00,0.000000e+00,0.000000e+00,0.000000e+00
1.000000e+00,0.000000e+00,0.000000e+00,0.000000e+00,0.000000e+00,0.000000e+00,0.000000e+00,0.000000e+00,0.000000e+00,0.000000e+00,0.000000e+00,0.000000e+00,0.000000e+00,0.000000e+00,0.000000e+00
1.000000e+00,0.000000e+00,0.000000e+00,0.000000e+00,0.000000e+00,0.000000e+00,0.000000e+00,0.000000e+00,0.000000e+00,0.000000e+00,0.000000e+00,0.000000e+00,0.000000e+00,0.000000e+00,0.000000e+00
1.000000e+00,0.000000e+00,0.000000e+00,0.000000e+00,0.000000e+00,0.000000e+00,0.000000e+00,0.000000e+00,0.000000e+00,0.000000e+00,0.000000e+00,0.000000e+00,0.000000e+00,0.000000e+00,0.000000e+00
1.000000e+00,0.000000e+00,0.000000e+00,0.000000e+00,0.000000e+00,0.000000e+00,0.000000e+00,0.000000e+00,0.000000e+00,0.000000e+00,0.000000e+00,0.000000e+00,0.000000e+00,0.000000e+00,0.000000e+00
1.000000e+00,0.000000e+00,0.000000e+00,0.000000e+00,0.000000e+00,0.000000e+00,0.000000e+00,0.000000e+00,0.000000e+00,0.000000e+00,0.000000e+00,0.000000e+00,0.000000e+00,0.000000e+00,0.000000e+00
1.000000e+00,0.000000e+00,0.000000e+00,0.000000e+00,0.000000e+00,0.000000e+00,0.000000e+00,0.000000e+00,0.000000e+00,0.000000e+00,0.000000e+00,0.000000e+00,0.000000e+00,0.000000e+00,0.000000e+00
1.000000e+00,0.000000e+00,0.000000e+00,0.000000e+00,0.000000e+00,0.000000e+00,0.000000e+00,0.000000e+00,0.000000e+00,0.000000e+00,0.000000e+00,0.000000e+00,0.000000e+00,0.000000e+00,0.000000e+00
1.000000e+00,0.000000e+00,0.000000e+00,0.000000e+00,0.000000e+00,0.000000e+00,0.000000e+00,0.000000e+00,0.000000e+00,0.000000e+00,0.000000e+00,0.000000e+00,0.000000e+00,0.000000e+00,0.000000e+00
1.000000e+00,0.000000e+00,0.000000e+00,0.000000e+00,0.000000e+00,0.000000e+00,0.000000e+00,0.000000e+00,0.000000e+00,0.000000e+00,0.000000e+00,0.000000e+00,0.000000e+00,0.000000e+00,0.000000e+00
1.000000e+00,0.000000e+00,0.000000e+00,0.000000e+00,0.000000e+00,0.000000e+00,0.000000e+00,0.000000e+00,0.000000e+00,0.000000e+00,0.000000e+00,0.000000e+00,0.000000e+00,0.000000e+00,0.000000e+00
1.000000e+00,0.000000e+00,0.000000e+00,0.000000e+00,0.000000e+00,0.000000e+00,0.000000e+00,0.000000e+00,0.000000e+00,0.000000e+00,0.000000e+00,0.000000e+00,0.000000e+00,0.000000e+00,0.000000e+00
1.000000e+00,0.000000e+00,0.000000e+00,0.000000e+00,0.000000e+00,0.000000e+00,0.000000e+00,0.000000e+00,0.000000e+00,0.000000e+00,0.000000e+00,0.000000e+00,0.000000e+00,0.000000e+00,0.000000e+00
1.000000e+00,0.000000e+00,0.000000e+00,0.000000e+00,0.000000e+00,0.000000e+00,0.000000e+00,0.000000e+00,0.000000e+00,0.000000e+00,0.000000e+00,0.000000e+00,0.000000e+00,0.000000e+00,0.000000e+00
1.000000e+00,0.000000e+00,0.000000e+00,0.000000e+00,0.000000e+00,0.000000e+00,0.000000e+00,0.000000e+00,0.000000e+00,0.000000e+00,0.000000e+00,0.000000e+00,0.000000e+00,0.000000e+00,0.000000e+00
1.000000e+00,0.000000e+00,0.000000e+00,0.000000e+00,0.000000e+00,0.000000e+00,0.000000e+00,0.000000e+00,0.000000e+00,0.000000e+00,0.000000e+00,0.000000e+00,0.000000e+00,0.000000e+00,0.000000e+00
1.000000e+00,0.000000e+00,0.000000e+00,0.000000e+00,0.000000e+00,0.000000e+00,0.000000e+00,0.000000e+00,0.000000e+00,0.000000e+00,0.000000e+00,0.000000e+00,0.000000e+00,0.000000e+00,0.000000e+00
1.000000e+00,0.000000e+00,0.000000e+00,0.000000e+00,0.000000e+00,0.000000e+00,0.000000e+00,0.000000e+00,0.000000e+00,0.000000e+00,0.000000e+00,0.000000e+00,0.000000e+00,0.000000e+00,0.000000e+00
1.000000e+00,0.000000e+00,0.000000e+00,0.000000e+00,0.000000e+00,0.000000e+00,0.000000e+00,0.000000e+00,0.000000e+00,0.000000e+00,0.000000e+00,0.000000e+00,0.000000e+00,0.000000e+00,0.000000e+00
1.000000e+00,0.000000e+00,0.000000e+00,0.000000e+00,0.000000e+00,0.000000e+00,0.000000e+00,0.000000e+00,0.000000e+00,0.000000e+00,0.000000e+00,0.000000e+00,0.000000e+00,0.000000e+00,0.000000e+00
1.000000e+00,0.000000e+00,0.000000e+00,0.000000e+00,0.000000e+00,0.000000e+00,0.000000e+00,0.000000e+00,0.000000e+00,0.000000e+00,0.000000e+00,0.000000e+00,0.000000e+00,0.000000e+00,0.000000e+00
1.000000e+00,0.000000e+00,0.000000e+00,0.000000e+00,0.000000e+00,0.000000e+00,0.000000e+00,0.000000e+00,0.000000e+00,0.000000e+00,0.000000e+00,0.000000e+00,0.000000e+00,0.000000e+00,0.000000e+00
1.000000e+00,0.000000e+00,0.000000e+00,0.000000e+00,0.000000e+00,0.000000e+00,0.000000e+00,0.000000e+00,0.000000e+00,0.000000e+00,0.000000e+00,0.000000e+00,0.000000e+00,0.000000e+00,0.000000e+00
1.000000e+00,0.000000e+00,0.000000e+00,0.000000e+00,0.000000e+00,0.000000e+00,0.000000e+00,0.000000e+00,0.000000e+00,0.000000e+00,0.000000e+00,0.000000e+00,0.000000e+00,0.000000e+00,0.000000e+00
1.000000e+00,0.000000e+00,0.000000e+00,0.000000e+00,0.000000e+00,0.000000e+00,0.000000e+00,0.000000e+00,0.000000e+00,0.000000e+00,0.000000e+00,0.000000e+00,0.000000e+00,0.000000e+00,0.000000e+00
1.000000e+00,0.000000e+00,0.000000e+00,0.000000e+00,0.000000e+00,0.000000e+00,0.000000e+00,0.000000e+00,0.000000e+00,0.000000e+00,0.000000e+00,0.000000e+00,0.000000e+00,0.000000e+00,0.000000e+00
1.000000e+00,0.000000e+00,0.000000e+00,0.000000e+00,0.000000e+00,0.000000e+00,0.000000e+00,0.000000e+00,0.000000e+00,0.000000e+00,0.000000e+00,0.000000e+00,0.000000e+00,0.000000e+00,0.000000e+00
1.000000e+00,0.000000e+00,0.000000e+00,0.000000e+00,0.000000e+00,0.000000e+00,0.000000e+00,0.000000e+00,0.000000e+00,0.000000e+00,0.000000e+00,0.000000e+00,0.000000e+00,0.000000e+00,0.000000e+00
1.000000e+00,0.000000e+00,0.000000e+00,0.000000e+00,0.000000e+00,0.000000e+00,0.000000e+00,0.000000e+00,0.000000e+00,0.000000e+00,0.000000e+00,0.000000e+00,0.000000e+00,0.000000e+00,0.000000e+00
1.000000e+00,0.000000e+00,0.000000e+00,0.000000e+00,0.000000e+00,0.000000e+00,0.000000e+00,0.000000e+00,0.000000e+00,0.000000e+00,0.000000e+00,0.000000e+00,0.000000e+00,0.000000e+00,0.000000e+00
1.000000e+00,0.000000e+00,0.000000e+00,0.000000e+00,0.000000e+00,0.000000e+00,0.000000e+00,0.000000e+00,0.000000e+00,0.000000e+00,0.000000e+00,0.000000e+00,0.000000e+00,0.000000e+00,0.000000e+00
1.000000e+00,0.000000e+00,0.000000e+00,0.000000e+00,0.000000e+00,0.000000e+00,0.000000e+00,0.000000e+00,0.000000e+00,0.000000e+00,0.000000e+00,0.000000e+00,0.000000e+00,0.000000e+00,0.000000e+00
4.946300e-01,8.931227e-03,1.808896e-02,1.999711e-02,2.000413e-01,1.829604e-02,5.693797e-03,1.315741e-02,6.437634e-03,7.658525e-03,1.040302e-01,1.404926e-02,1.354011e-02,1.222075e-02,6.322768e-02
3.574097e-01,1.521064e-02,1.421905e-02,4.041706e-02,1.457266e-01,1.389409e-02,4.145464e-03,9.346357e-03,1.341392e-02,8.294140e-03,1.980187e-01,1.086805e-02,1.452392e-02,1.057287e-02,1.439395e-01
2.504272e-01,1.456687e-01,1.048782e-02,4.067047e-02,1.032570e-01,1.090106e-02,2.959459e-03,6.585429e-03,7.509001e-02,7.757934e-03,1.475363e-01,9.999335e-03,1.223391e-02,1.219869e-02,1.642267e-01
1.762495e-01,1.062164e-01,7.837623e-03,4.054046e-02,7.271583e-02,1.050442e-02,2.105535e-03,5.382854e-03,6.434113e-02,6.435377e-03,2.216616e-01,1.001106e-02,7.589404e-02,7.157464e-02,1.285295e-01
1.257592e-01,8.147933e-02,6.259121e-03,6.636576e-02,6.452323e-02,8.780986e-03,1.721491e-03,5.156006e-03,9.195945e-02,5.473024e-03,2.081540e-01,1.102612e-02,6.721590e-02,1.081048e-01,1.480216e-01
8.841331e-02,5.906651e-02,4.673219e-03,4.886114e-02,5.227541e-02,7.409025e-03,1.292085e-03,3.838600e-03,8.144011e-02,4.713490e-03,1.712020e-01,1.298894e-02,5.614755e-02,2.974256e-01,1.102530e-01
6.206883e-02,4.481206e-02,3.431882e-03,3.465670e-02,3.819820e-02,7.558275e-03,9.376350e-04,2.729429e-03,1.046492e-01,3.733355e-03,1.304101e-01,1.185387e-02,4.123482e-02,4.243934e-01,8.933213e-02
4.354411e-02,3.704045e-02,2.519914e-03,2.445924e-02,2.823704e-02,6.856894e-03,6.659341e-04,1.917646e-03,1.182712e-01,3.022116e-03,1.034584e-01,1.008801e-02,3.004789e-02,5.193433e-01,7.052790e-02
3.058870e-02,2.928770e-02,1.808207e-03,1.718842e-02,1.989953e-02,7.260740e-03,4.759765e-04,1.351598e-03,1.286248e-01,2.315985e-03,7.422898e-02,1.035451e-02,2.240169e-02,6.028203e-01,5.139289e-02
2.254722e-02,2.256165e-02,1.862261e-03,1.228870e-02,1.412296e-02,1.499658e-01,9.333498e-04,2.144335e-03,1.299282e-01,1.969258e-03,5.419529e-02,7.498592e-03,1.633619e-02,5.262957e-01,3.735056e-02
1.798853e-02,5.178812e-02,1.917383e-03,9.252813e-03,1.057995e-02,1.422966e-01,9.248145e-04,3.455140e-03,1.418644e-01,1.686890e-03,4.181953e-02,5.781144e-03,1.264473e-02,5.299138e-01,2.808615e-02
1.444571e-02,5.310366e-02,2.237352e-03,1.064005e-02,9.488227e-03,1.032154e-01,1.056636e-03,1.712634e-02,2.519377e-01,1.572513e-03,3.164661e-02,4.297094e-03,9.162708e-03,4.695754e-01,2.049449e-02
1.136872e-02,6.152036e-02,2.590997e-03,9.125358e-03,9.366179e-03,7.697739e-02,1.113782e-03,2.156138e-02,3.339743e-01,1.960760e-03,2.307885e-02,3.190963e-03,6.770320e-03,4.215443e-01,1.585634e-02
8.726057e-03,6.801013e-02,2.326346e-03,7.600799e-03,1.195785e-02,5.597182e-02,8.894470e-04,1.543689e-02,3.974650e-01,3.397864e-03,2.112046e-02,4.504041e-03,5.467571e-03,3.828770e-01,1.424876e-02
7.810155e-03,1.071595e-01,3.091199e-03,9.012466e-03,2.148926e-02,4.036961e-02,1.019798e-03,1.330153e-02,4.399670e-01,4.498607e-03,1.653950e-02,3.376666e-03,4.877614e-03,3.108469e-01,1.664018e-02
6.961618e-03,1.112837e-01,3.828296e-03,8.739909e-03,2.735064e-02,3.019925e-02,1.581172e-03,1.026374e-02,4.713160e-01,5.461229e-03,1.595791e-02,2.930093e-03,5.954831e-03,2.793198e-01,1.885182e-02
6.724546e-03,8.818981e-02,3.466546e-03,6.937834e-03,2.337139e-02,2.272370e-02,1.301827e-03,7.382208e-03,3.962967e-01,5.953653e-03,1.504242e-02,8.395005e-03,1.210106e-02,3.822764e-01,1.983698e-02
6.257582e-03,6.944914e-02,3.115924e-03,5.948372e-03,1.960029e-02,1.847070e-02,1.259190e-03,6.016311e-03,3.107494e-01,6.049718e-03,1.588192e-02,1.216119e-02,1.610118e-02,4.895244e-01,1.941470e-02
1.262059e-02,6.334499e-02,4.717306e-03,7.413227e-03,1.696429e-02,1.637033e-02,1.059033e-03,6.367495e-03,2.536311e-01,5.909228e-03,2.606817e-02,5.351415e-02,2.617252e-02,4.771116e-01,2.873609e-02
1.932529e-02,7.137399e-02,7.034495e-03,6.142420e-03,2.251396e-02,1.322173e-02,8.205645e-04,1.070499e-02,1.852010e-01,4.848517e-03,3.774466e-02,2.140884e-01,3.652683e-02,3.470775e-01,2.337566e-02
2.459502e-02,9.972832e-02,2.063345e-02,4.698502e-03,3.667497e-02,1.708028e-02,7.559683e-04,1.238328e-02,1.390189e-01,3.847783e-03,3.152574e-02,3.169111e-01,2.902479e-02,2.456931e-01,1.742887e-02
3.877303e-02,7.784933e-02,1.001552e-01,6.781803e-03,5.680380e-02,1.779227e-02,1.570905e-03,5.108114e-02,9.984266e-02,3.329590e-03,2.330586e-02,3.085572e-01,2.828173e-02,1.732590e-01,1.261659e-02
5.102371e-02,7.618688e-02,1.265225e-01,6.241513e-03,5.198957e-02,9.970939e-02,3.595666e-03,5.306624e-02,7.965907e-02,2.993797e-03,1.680769e-02,2.779887e-01,2.277987e-02,1.220551e-01,9.380352e-03
5.730554e-02,7.034297e-02,1.366986e-01,4.854653e-03,4.339513e-02,1.792872e-01,7.700429e-03,4.875394e-02,6.446608e-02,2.632631e-03,1.324458e-02,2.608770e-01,1.663363e-02,8.643647e-02,7.371217e-03
5.451471e-02,6.409942e-02,1.639130e-01,4.919386e-03,3.482476e-02,2.642136e-01,7.728064e-03,4.349350e-02,5.172345e-02,2.478942e-03,1.183631e-02,2.159025e-01,1.337935e-02,6.093172e-02,6.041362e-03
5.803283e-02,5.510355e-02,1.263880e-01,4.086797e-03,2.768712e-02,3.787954e-01,8.877633e-03,3.882710e-02,4.381016e-02,2.357173e-03,9.096006e-03,1.880345e-01,1.115222e-02,4.289390e-02,4.857706e-03
6.760716e-02,5.333919e-02,1.140909e-01,3.865230e-03,2.372550e-02,3.113544e-01,7.058680e-03,2.975995e-02,3.802229e-02,3.501746e-03,7.121922e-03,1.336094e-01,1.847701e-02,3.434538e-02,1.541212e-01
4.828105e-02,3.827210e-02,8.427976e-02,3.192090e-03,1.684816e-02,2.189046e-01,4.972623e-03,2.102370e-02,3.105512e-02,4.277600e-03,5.227083e-03,9.356966e-02,1.306201e-02,2.459944e-02,3.924350e-01
3.814512e-02,3.751026e-02,6.888058e-02,2.909969e-02,1.410659e-02,1.566311e-01,3.645456e-03,1.648760e-02,8.373280e-02,9.083273e-03,8.516513e-03,6.635921e-02,1.011014e-02,2.310566e-02,4.345860e-01
2.705237e-02,2.872159e-02,5.007632e-02,2.070272e-02,1.001151e-02,1.098394e-01,2.574008e-03,1.159445e-02,9.139317e-02,2.058261e-02,1.002194e-02,4.751433e-02,8.709634e-03,4.478087e-02,5.164251e-01
1.994951e-02,2.627805e-02,3.558752e-02,1.486218e-02,8.832378e-03,7.753604e-02,1.842659e-03,8.224050e-03,1.996931e-01,1.756638e-02,1.951982e-02,3.466395e-02,1.738376e-02,6.000390e-02,4.580567e-01
1.568562e-02,2.167736e-02,2.782804e-02,1.125632e-02,8.931920e-03,5.466909e-02,1.482880e-03,6.358939e-03,3.169320e-01,2.160465e-02,1.841907e-02,2.474497e-02,1.457323e-02,8.125816e-02,3.745778e-01
1.193979e-02,2.047610e-02,2.163331e-02,8.045453e-03,8.347068e-03,3.903811e-02,1.233222e-03,4.524952e-03,2.867277e-01,2.220922e-02,1.653787e-02,1.748226e-02,1.127740e-02,1.549354e-01,3.755921e-01
1.008647e-02,1.535314e-02,1.560158e-02,5.730021e-03,6.308812e-03,2.796515e-02,8.959716e-04,3.186773e-03,3.035906e-01,2.082725e-02,1.733851e-02,1.239117e-02,8.986560e-03,1.991068e-01,3.526312e-01
7.628658e-03,1.091560e-02,1.110861e-02,4.172160e-03,4.478847e-03,2.026868e-02,6.390942e-04,2.247697e-03,3.454723e-01,1.884750e-02,1.653871e-02,8.807973e-03,6.757575e-03,2.500742e-01,2.920425e-01
5.705253e-03,7.732835e-03,7.917634e-03,3.061357e-03,3.184724e-03,1.517092e-02,4.639087e-04,1.591269e-03,3.433464e-01,1.592801e-02,2.665070e-02,6.404348e-03,5.464490e-03,3.240645e-01,2.333137e-01
5.087327e-03,5.729539e-03,5.699751e-03,2.216810e-03,2.345784e-03,1.182828e-02,4.064743e-04,1.166188e-03,3.421091e-01,2.537840e-02,3.404110e-02,5.840252e-03,4.413322e-03,3.645748e-01,1.891629e-01
4.635991e-03,4.643247e-03,4.386170e-03,1.930231e-03,1.898481e-03,1.210576e-02,3.145114e-04,8.649129e-04,2.884126e-01,2.134362e-02,9.718157e-02,5.234369e-03,6.727621e-03,3.847867e-01,1.655343e-01
3.744033e-03,3.396235e-03,3.355770e-03,1.508263e-03,1.578967e-03,1.205144e-02,2.657959e-04,6.229102e-04,2.247108e-01,1.698391e-02,8.625558e-02,3.937808e-03,5.279367e-03,5.100827e-01,1.262264e-01
3.705182e-03,2.947219e-03,3.194141e-03,1.429409e-03,1.334216e-03,8.888898e-03,2.308404e-04,5.038977e-04,1.879756e-01,2.253098e-02,8.302239e-02,3.191244e-03,3.979078e-03,5.681394e-01,1.089276e-01
3.678971e-03,2.984092e-03,3.162580e-03,1.364040e-03,1.135657e-03,7.999095e-03,2.082914e-04,4.307652e-04,1.592878e-01,2.141679e-02,6.694382e-02,2.485495e-03,2.979051e-03,6.400653e-01,8.585832e-02
4.595483e-03,3.305617e-03,4.866077e-03,1.302382e-03,1.045140e-03,7.789039e-03,1.621974e-04,3.753586e-04,1.289550e-01,1.631882e-02,5.102837e-02,1.862470e-03,2.276488e-03,7.119467e-01,6.417082e-02
5.126504e-03,4.591983e-03,1.251078e-02,2.033505e-03,2.417578e-03,1.148101e-02,1.994205e-04,5.653986e-04,1.572525e-01,1.302936e-02,4.361643e-02,1.418546e-03,2.111724e-03,6.965964e-01,4.704886e-02
6.536966e-03,1.873532e-02,3.282960e-02,2.191099e-03,5.366961e-03,2.038925e-02,2.692827e-04,1.711197e-03,1.869699e-01,1.094011e-02,3.341681e-02,1.025014e-03,1.762318e-03,6.412634e-01,3.659273e-02
8.871661e-03,1.961226e-02,3.572585e-02,1.996469e-03,8.465241e-03,1.867662e-02,2.449135e-04,1.998726e-03,2.152396e-01,8.740480e-03,2.422382e-02,7.797726e-04,1.545827e-03,6.250089e-01,2.886978e-02
9.860125e-03,1.872504e-02,3.120140e-02,1.970574e-03,8.335771e-03,2.016139e-02,2.331251e-04,1.799687e-03,2.096936e-01,6.853180e-03,1.822489e-02,6.098290e-04,1.451099e-03,6.473849e-01,2.349526e-02
1.519333e-02,2.242737e-02,3.024682e-02,2.965300e-03,9.983350e-03,2.898502e-02,3.905669e-04,2.531272e-03,2.138615e-01,5.583567e-03,1.491122e-02,5.225935e-04,1.660802e-03,6.253468e-01,2.539042e-02
2.000890e-02,3.730507e-02,4.796808e-02,1.840856e-02,1.912603e-02,3.038316e-02,7.075706e-04,3.388676e-03,2.375199e-01,5.352955e-03,1.158804e-02,4.129106e-04,1.336548e-03,5.314788e-01,3.501466e-02
3.083194e-02,3.455004e-02,6.537092e-02,3.243102e-02,2.922942e-02,2.293361e-02,7.524535e-04,3.677922e-03,3.024537e-01,5.446600e-03,8.679187e-03,4.295399e-04,1.026460e-03,4.286867e-01,3.350049e-02
6.042551e-02,3.093890e-02,6.018288e-02,2.649607e-02,4.356469e-02,1.783741e-02,9.018726e-04,4.114063e-03,3.129679e-01,5.720419e-03,7.694068e-03,5.523307e-04,1.110076e-03,3.994430e-01,2.805074e-02
7.843179e-02,3.833144e-02,5.286617e-02,5.947337e-02,8.392048e-02,1.452707e-02,1.830625e-03,6.390240e-03,3.115172e-01,5.901019e-03,6.180252e-03,1.165433e-03,1.140217e-03,3.133950e-01,2.492971e-02
8.055659e-02,3.849161e-02,5.180231e-02,1.708060e-01,1.320961e-01,1.457563e-02,2.184705e-03,1.042124e-02,2.421890e-01,6.127190e-03,4.953006e-03,1.021575e-03,1.018523e-03,2.214332e-01,2.232334e-02
1.483651e-01,3.489363e-02,8.375567e-02,1.337342e-01,1.712121e-01,1.549367e-02,1.907352e-03,1.327276e-02,2.043609e-01,6.637265e-03,3.810223e-03,8.720942e-04,8.855115e-04,1.580373e-01,2.276218e-02
2.651843e-01,3.879021e-02,7.455050e-02,1.040901e-01,1.562730e-01,1.605226e-02,1.891733e-03,1.256390e-02,1.739961e-01,6.381276e-03,3.528301e-03,1.432662e-03,1.255391e-03,1.186325e-01,2.537773e-02
2.712396e-01,3.593550e-02,1.321281e-01,1.185953e-01,1.606958e-01,1.801676e-02,3.478943e-03,1.375002e-02,1.272673e-01,5.052318e-03,3.836408e-03,1.910118e-03,1.575184e-03,8.500017e-02,2.151840e-02
3.129465e-01,3.475092e-02,1.661709e-01,8.964202e-02,1.732036e-01,2.018923e-02,3.160883e-03,1.276576e-02,9.666751e-02,4.650682e-03,3.296829e-03,1.701943e-03,1.400061e-03,6.155410e-02,1.789900e-02
3.550481e-01,3.459745e-02,1.534299e-01,7.816008e-02,1.776604e-01,2.843765e-02,3.847614e-03,1.304188e-02,7.806404e-02,5.483138e-03,3.806174e-03,2.016837e-03,1.745827e-03,4.713205e-02,1.752892e-02
3.574504e-01,4.308644e-02,1.339968e-01,9.699699e-02,1.669779e-01,3.265242e-02,3.891138e-03,1.427634e-02,6.123602e-02,1.091807e-02,5.295767e-03,7.096610e-03,2.386045e-03,3.582763e-02,2.791148e-02
4.407698e-01,4.315599e-02,1.080596e-01,8.161116e-02,1.400772e-01,2.672776e-02,3.354034e-03,1.142354e-02,5.478237e-02,9.769199e-03,6.580841e-03,1.011578e-02,4.693928e-03,3.066931e-02,2.820951e-02
4.198989e-01,4.146367e-02,9.001268e-02,6.456898e-02,1.711152e-01,4.057077e-02,2.759238e-03,1.759360e-02,4.913237e-02,8.915238e-03,1.431343e-02,9.591772e-03,9.593924e-03,2.816032e-02,3.230996e-02
4.156746e-01,4.473997e-02,7.557818e-02,4.849507e-02,1.534019e-01,6.845495e-02,2.243572e-03,1.537589e-02,4.657162e-02,9.313513e-03,1.583517e-02,7.722070e-03,9.953058e-03,2.982188e-02,5.681857e-02
4.400202e-01,4.252104e-02,5.818072e-02,3.945916e-02,1.256944e-01,7.811013e-02,1.804092e-03,1.227798e-02,6.965814e-02,9.286282e-03,1.823214e-02,7.034200e-03,9.076660e-03,3.691112e-02,5.173378e-02
4.990127e-01,4.251959e-02,4.377908e-02,3.312882e-02,9.451267e-02,7.570700e-02,1.526722e-03,9.690708e-03,7.402842e-02,8.244380e-03,1.947794e-02,7.205700e-03,8.782161e-03,3.762139e-02,4.476267e-02
4.375939e-01,5.168973e-02,3.451972e-02,2.862824e-02,7.040228e-02,6.361222e-02,1.423641e-03,7.542410e-03,5.973083e-02,9.072874e-03,1.083821e-01,1.052442e-02,7.721999e-03,6.105556e-02,4.810001e-02
3.080924e-01,3.778511e-02,2.444240e-02,2.015821e-02,4.971121e-02,5.230688e-02,1.068012e-03,5.395169e-03,4.357975e-02,7.548427e-03,2.440618e-01,1.616212e-02,5.773341e-03,1.459671e-01,3.794801e-02
2.163287e-01,2.687543e-02,1.726531e-02,1.415216e-02,3.492001e-02,3.997116e-02,7.958523e-04,3.828074e-03,3.191466e-02,5.597677e-03,2.896378e-01,1.496904e-02,4.104643e-03,2.719754e-01,2.766410e-02
1.515373e-01,1.900814e-02,1.223748e-02,9.968063e-03,2.457672e-02,2.995621e-02,6.134181e-04,2.715930e-03,2.409010e-02,4.159590e-03,2.804745e-01,1.271237e-02,2.926098e-03,4.055064e-01,1.951772e-02
1.064967e-01,1.406975e-02,8.891679e-03,7.316029e-03,1.750965e-02,2.455316e-02,5.596887e-04,2.084866e-03,2.740171e-02,3.402668e-03,2.931655e-01,1.325334e-02,2.189023e-03,4.650610e-01,1.404519e-02
7.472250e-02,1.208825e-02,6.319665e-03,5.325081e-03,1.304618e-02,2.628328e-02,4.460590e-04,1.520605e-03,1.451266e-01,3.640561e-03,3.235702e-01,1.326008e-02,2.109892e-03,3.623512e-01,1.018988e-02
5.288105e-02,1.621903e-02,1.768441e-02,4.232359e-03,1.233702e-02,2.224794e-02,8.273814e-04,1.807879e-03,1.492986e-01,9.198695e-03,3.761376e-01,1.344286e-02,1.838627e-03,3.136856e-01,8.160938e-03
3.741157e-02,2.220514e-02,1.533723e-02,3.336575e-03,2.515107e-02,4.397111e-02,1.183642e-03,1.823265e-03,2.362448e-01,9.511026e-03,3.012798e-01,1.265034e-02,1.458522e-03,2.819096e-01,6.526240e-03
2.635075e-02,1.895774e-02,1.121355e-02,2.511439e-03,1.866893e-02,3.410093e-02,9.851607e-04,1.473838e-03,3.669015e-01,8.386015e-03,2.222585e-01,1.110900e-02,1.188578e-03,2.696402e-01,6.253823e-03
1.861270e-02,1.625175e-02,8.113674e-03,2.659149e-03,1.455575e-02,2.819034e-02,9.001202e-04,1.131317e-03,5.041561e-01,7.486306e-03,1.677549e-01,1.123734e-02,1.185853e-03,2.101452e-01,7.619369e-03
1.394393e-02,1.355224e-02,6.150214e-03,3.922874e-03,1.282513e-02,2.754884e-02,8.901436e-04,8.494475e-04,5.066572e-01,7.642992e-03,1.405488e-01,2.822560e-02,1.032705e-02,2.164417e-01,1.047382e-02
1.085023e-02,1.365905e-02,4.483977e-03,4.365870e-03,1.074816e-02,2.937820e-02,7.093223e-04,8.144773e-04,4.729292e-01,6.094723e-03,1.083810e-01,2.767116e-02,1.465482e-02,2.746386e-01,2.062110e-02
1.178747e-02,1.924810e-02,4.024494e-03,4.530886e-03,1.115509e-02,5.413098e-02,1.248627e-03,2.016097e-03,4.247821e-01,5.969255e-03,8.890326e-02,2.386156e-02,1.890577e-02,2.767265e-01,5.270980e-02
1.076090e-02,2.307392e-02,3.250096e-03,3.615362e-03,9.680694e-03,5.508912e-02,9.522330e-04,1.912323e-03,3.725430e-01,5.163113e-03,6.829278e-02,2.058229e-02,1.725166e-02,2.875486e-01,1.202839e-01
9.037139e-03,2.103367e-02,2.970191e-03,2.748075e-03,8.430093e-03,4.702940e-02,7.275888e-04,1.810130e-03,3.634155e-01,7.479067e-03,5.451631e-02,1.522887e-02,1.331048e-02,2.530470e-01,1.992165e-01
1.609434e-02,2.254801e-02,5.397487e-03,1.985245e-02,1.300626e-02,3.589306e-02,8.988883e-04,4.258379e-03,4.267494e-01,1.153523e-02,4.637732e-02,1.162123e-02,1.037271e-02,2.135639e-01,1.618314e-01
1.468952e-02,2.232011e-02,7.810860e-03,2.011085e-02,1.955765e-02,2.939162e-02,8.582285e-04,3.614323e-03,4.063679e-01,1.108718e-02,4.471395e-02,1.826314e-02,1.417805e-02,2.386127e-01,1.484239e-01
1.687193e-02,2.534188e-02,8.365716e-03,1.779046e-02,2.797502e-02,3.446209e-02,9.170534e-04,3.165321e-03,3.562016e-01,1.157810e-02,4.148854e-02,2.432964e-02,2.311953e-02,2.418369e-01,1.665561e-01
1.968312e-02,4.667131e-02,1.921140e-02,2.581010e-02,2.712416e-02,3.445129e-02,1.006461e-03,3.258237e-03,3.503412e-01,1.499935e-02,4.217824e-02,2.991934e-02,2.464664e-02,2.096540e-01,1.510451e-01
2.896432e-02,4.679658e-02,1.881114e-02,3.261608e-02,3.719625e-02,3.145469e-02,1.281769e-03,3.486938e-03,2.961013e-01,1.563207e-02,5.008242e-02,2.862317e-02,3.650299e-02,1.725564e-01,1.998939e-01
3.552206e-02,4.422077e-02,4.779500e-02,1.623451e-01,4.563037e-02,2.723166e-02,1.335037e-03,1.110755e-02,2.372384e-01,1.267986e-02,3.829991e-02,2.095050e-02,2.741011e-02,1.234044e-01,1.648293e-01
3.960447e-02,3.772883e-02,8.745052e-02,2.001175e-01,3.818667e-02,2.323939e-02,1.087382e-03,1.353241e-02,2.267406e-01,1.749112e-02,3.297159e-02,1.586912e-02,2.146224e-02,9.024939e-02,1.542687e-01
6.550161e-02,3.592949e-02,9.676750e-02,1.540247e-01,6.750002e-02,5.877592e-02,2.200228e-03,1.452653e-02,1.844374e-01,1.586819e-02,3.440045e-02,1.444719e-02,2.055873e-02,7.146601e-02,1.635961e-01
9.017806e-02,3.650562e-02,9.503671e-02,1.400058e-01,1.192790e-01,7.624061e-02,6.131111e-03,2.407486e-02,1.494757e-01,1.479266e-02,2.906689e-02,1.302676e-02,1.767401e-02,5.808404e-02,1.304282e-01
1.442355e-01,3.415473e-02,8.359580e-02,1.299050e-01,1.114732e-01,7.071526e-02,6.372151e-03,2.776366e-02,1.254330e-01,1.743433e-02,2.468692e-02,1.214818e-02,1.961500e-02,4.513539e-02,1.473319e-01
1.249850e-01,5.024323e-02,1.416834e-01,1.900065e-01,8.369441e-02,5.497370e-02,5.169522e-03,2.050394e-02,9.813073e-02,1.539846e-02,1.900243e-02,9.884009e-03,1.485551e-02,3.226014e-02,1.392091e-01
2.040479e-01,3.861931e-02,1.636996e-01,1.915233e-01,7.469247e-02,4.425000e-02,5.593034e-03,2.117875e-02,8.080202e-02,1.152461e-02,1.496840e-02,9.674747e-03,1.463002e-02,2.348841e-02,1.013074e-01
3.110477e-01,3.330934e-02,1.303757e-01,1.490368e-01,6.042806e-02,3.532523e-02,4.835321e-03,1.572770e-02,7.632969e-02,9.960866e-03,1.446366e-02,9.051043e-03,1.494885e-02,2.041681e-02,1.147431e-01
2.343234e-01,2.582643e-02,1.078958e-01,1.094950e-01,4.339740e-02,2.542431e-02,3.542267e-03,1.132004e-02,8.002114e-02,1.155384e-02,1.197175e-02,6.974259e-03,1.190027e-02,2.481288e-02,2.915412e-01
1.736564e-01,2.037394e-02,9.110044e-02,7.801884e-02,3.132055e-02,1.819544e-02,2.600237e-03,8.170122e-03,6.913223e-02,1.238667e-02,1.052256e-02,5.531409e-03,9.402432e-03,8.102231e-02,3.885664e-01
1.357693e-01,1.806987e-02,7.503378e-02,5.735351e-02,2.335696e-02,1.298700e-02,1.909094e-03,6.077827e-03,5.904120e-02,1.419058e-02,1.047227e-02,4.550099e-03,7.578772e-03,2.073889e-01,3.662208e-01
1.248487e-01,1.488378e-02,5.726743e-02,4.154206e-02,1.846505e-02,1.001844e-02,1.504292e-03,4.683545e-03,4.996672e-02,1.378038e-02,9.298759e-03,3.646740e-03,6.621628e-03,2.131619e-01,4.303105e-01
9.378866e-02,1.407945e-02,4.468737e-02,3.115225e-02,1.345283e-02,7.330393e-03,1.115996e-03,3.361232e-03,4.126571e-02,1.090287e-02,7.395754e-03,2.768727e-03,4.921176e-03,1.657705e-01,5.580071e-01
6.922545e-02,1.229284e-02,3.365890e-02,2.256297e-02,9.607672e-03,5.349983e-03,8.223095e-04,2.412837e-03,4.259518e-02,1.158953e-02,6.222222e-03,2.164420e-03,3.645632e-03,1.703631e-01,6.074870e-01
5.351359e-02,1.194035e-02,2.424424e-02,1.608030e-02,6.949587e-03,4.070368e-03,6.367094e-04,1.723516e-03,3.906306e-02,1.169855e-02,5.238558e-03,1.726057e-03,2.791844e-03,2.305587e-01,5.897645e-01
4.151223e-02,1.670526e-02,1.736842e-02,1.138739e-02,4.953797e-03,3.377615e-03,4.993807e-04,1.233529e-03,3.103038e-02,1.101406e-02,4.479587e-03,1.357974e-03,2.393573e-03,3.944055e-01,4.582813e-01
3.301000e-02,1.416711e-02,1.360557e-02,8.027450e-03,3.806700e-03,3.405148e-03,3.987651e-04,9.485472e-04,2.580359e-02,2.317115e-02,8.110406e-03,1.733941e-03,2.633411e-03,4.595639e-01,4.016143e-01
2.831885e-02,1.420030e-02,1.376943e-02,5.989580e-03,3.514910e-03,1.685317e-02,1.373091e-03,3.292591e-03,3.322085e-02,8.873613e-02,1.819741e-02,4.488627e-03,7.022743e-03,4.269037e-01,3.341187e-01
2.178489e-02,1.545753e-02,1.147501e-02,4.469740e-03,3.548269e-03,1.369935e-02,1.211260e-03,2.634980e-03,5.604231e-02,1.784989e-01,3.256853e-02,8.596745e-03,1.055450e-02,3.753433e-01,2.641146e-01
1.685873e-02,3.706050e-02,8.869259e-03,3.525778e-03,5.064016e-03,1.297921e-02,9.673546e-04,2.027880e-03,2.108890e-01,1.705024e-01,3.463407e-02,8.378023e-03,1.096421e-02,2.781330e-01,1.991466e-01
1.686347e-02,4.797616e-02,6.873935e-03,8.331737e-03,2.902337e-02,1.439494e-02,2.833527e-02,2.664014e-02,2.994804e-01,1.293023e-01,2.693946e-02,6.395404e-03,1.229184e-02,2.000316e-01,1.471200e-01
1.729993e-02,4.944981e-02,5.774694e-03,7.922072e-03,3.078466e-02,3.678434e-02,2.331878e-02,2.347893e-02,3.429059e-01,1.055655e-01,2.286853e-02,5.961920e-03,5.596681e-02,1.633602e-01,1.085579e-01
2.580591e-02,6.486983e-02,2.213554e-02,4.809994e-02,4.197770e-02,3.984495e-02,1.909362e-02,2.212095e-02,3.360967e-01,9.429212e-02,2.085010e-02,6.396524e-03,5.440238e-02,1.163330e-01,8.768078e-02
2.553922e-02,5.633748e-02,1.185773e-01,6.429644e-02,3.738818e-02,3.035935e-02,1.402981e-02,1.745936e-02,2.951419e-01,9.302025e-02,2.129642e-02,6.179808e-03,4.638334e-02,8.343393e-02,9.055722e-02
3.044389e-02,5.439545e-02,8.696286e-02,5.480326e-02,4.097966e-02,4.465483e-02,1.117926e-02,1.522920e-02,3.083391e-01,7.466193e-02,2.007306e-02,6.569446e-03,1.111170e-01,6.294411e-02,7.764699e-02
3.343151e-02,5.120870e-02,6.354626e-02,4.083558e-02,4.023851e-02,5.496909e-02,9.458353e-03,1.304979e-02,2.399064e-01,5.864131e-02,1.920911e-02,9.142477e-03,2.348483e-01,4.724431e-02,8.427034e-02
2.913068e-02,5.029354e-02,4.760164e-02,2.939749e-02,3.288599e-02,7.039499e-02,8.669518e-03,1.002327e-02,1.812510e-01,4.447829e-02,1.509066e-02,9.000698e-03,3.517568e-01,3.409540e-02,8.593005e-02
2.547726e-02,4.026014e-02,5.852278e-02,2.213112e-02,3.021529e-02,5.544804e-02,9.683158e-03,7.894546e-03,1.343454e-01,3.554117e-02,1.207055e-02,7.900122e-03,4.567398e-01,2.442469e-02,7.934593e-02
2.573202e-02,3.042784e-02,4.397122e-02,1.693360e-02,2.630915e-02,6.906176e-02,2.668996e-02,1.059938e-02,1.012698e-01,2.605921e-02,1.020997e-02,6.695851e-03,5.169696e-01,1.722228e-02,7.184838e-02
2.185571e-02,2.352748e-02,3.150787e-02,1.228282e-02,2.130694e-02,5.671082e-02,1.959819e-02,8.936692e-03,8.092643e-02,1.862124e-02,9.254017e-03,5.577603e-03,6.239003e-01,1.217282e-02,5.382110e-02
2.988520e-02,2.057236e-02,2.433702e-02,9.738827e-03,2.121320e-02,9.756809e-02,1.472420e-02,1.086839e-02,7.272696e-02,1.477687e-02,9.859005e-03,5.567417e-03,6.158513e-01,8.737070e-03,4.357413e-02
2.336952e-02,1.750999e-02,2.022882e-02,8.021481e-03,1.522191e-02,2.676223e-01,1.056622e-02,8.253451e-03,5.328139e-02,2.738725e-02,9.228339e-03,1.136145e-02,4.811437e-01,6.461577e-03,4.034273e-02
2.437729e-02,1.886590e-02,1.517581e-02,7.319223e-03,1.160610e-02,2.584769e-01,7.965929e-03,6.849980e-03,4.584172e-02,5.223330e-02,1.426559e-02,3.139649e-02,4.498168e-01,5.131365e-03,5.067768e-02
1.978069e-02,1.661973e-02,1.683628e-02,8.193784e-03,9.102900e-03,1.871306e-01,8.474349e-03,8.469296e-03,3.911812e-02,6.339066e-02,1.418892e-02,2.711954e-02,4.603517e-01,4.025140e-03,1.171983e-01
1.543336e-02,1.382135e-02,1.335460e-02,6.624055e-03,6.592275e-03,1.348373e-01,6.366044e-03,6.685749e-03,3.019950e-02,6.094830e-02,1.090859e-02,2.169079e-02,3.986384e-01,3.071764e-03,2.708280e-01
1.329159e-02,1.642647e-02,1.455315e-02,1.271093e-02,4.856286e-03,9.852070e-02,6.098477e-03,4.944694e-03,2.449139e-02,5.988900e-02,9.232247e-03,1.821950e-02,3.767084e-01,2.641798e-03,3.374153e-01
1.254148e-02,1.650289e-02,1.665020e-02,1.626707e-02,3.744866e-03,7.306171e-02,5.509918e-03,4.206439e-03,2.123475e-02,5.437899e-02,7.584670e-03,1.722834e-02,2.959988e-01,2.209001e-03,4.528809e-01
1.323615e-02,1.562742e-02,1.314217e-02,2.032164e-02,3.042687e-03,5.700097e-02,4.130985e-03,4.566467e-03,1.627021e-02,4.074714e-02,1.010521e-02,1.510116e-02,2.193608e-01,2.257657e-03,5.650894e-01
1.504618e-02,7.622491e-02,1.220931e-02,1.139607e-01,3.265154e-03,4.644749e-02,3.210243e-03,6.335556e-03,3.536683e-02,3.048920e-02,1.687580e-02,2.474371e-02,1.758546e-01,2.330960e-03,4.376394e-01
1.513401e-02,7.282096e-02,1.002025e-02,1.071747e-01,2.986783e-03,3.682386e-02,2.906589e-03,6.436172e-03,7.405441e-02,2.273163e-02,4.680369e-02,4.196783e-02,1.725979e-01,2.496618e-03,3.850445e-01
1.302142e-02,8.696175e-02,8.887812e-03,1.919824e-01,2.505669e-03,2.755979e-02,2.120682e-03,7.412099e-03,1.438730e-01,1.661158e-02,4.078180e-02,3.743797e-02,1.391461e-01,2.116745e-03,2.795812e-01
1.202710e-02,7.629015e-02,8.699000e-03,1.722208e-01,2.037829e-03,2.297073e-02,1.591846e-03,5.789108e-03,1.946136e-01,1.202447e-02,4.756384e-02,4.600965e-02,1.641132e-01,2.728050e-03,2.313207e-01
8.855001e-03,5.627854e-02,6.127325e-03,1.227344e-01,2.019492e-03,1.635395e-02,1.159475e-03,4.092938e-03,3.890327e-01,8.462521e-03,4.062542e-02,3.707391e-02,1.365888e-01,2.024226e-03,1.685713e-01
6.965195e-03,4.368969e-02,7.040575e-03,1.194930e-01,4.470360e-03,1.282162e-02,8.698027e-04,4.012219e-03,5.137013e-01,6.296048e-03,2.966856e-02,2.670363e-02,9.900892e-02,1.743901e-03,1.235152e-01
5.975809e-03,3.196184e-02,5.271178e-03,8.798765e-02,7.458960e-03,1.328340e-02,1.333668e-03,3.217455e-03,6.394275e-01,4.517343e-03,2.125019e-02,1.892109e-02,7.011569e-02,1.250142e-03,8.802802e-02
5.867584e-03,2.409630e-02,4.697518e-03,1.382677e-01,1.595130e-02,1.194138e-02,1.171356e-03,9.366436e-03,6.435149e-01,3.259976e-03,1.544540e-02,1.340100e-02,5.005520e-02,9.350258e-04,6.202888e-02
2.518457e-02,4.181965e-02,8.819815e-03,1.251571e-01,6.440399e-02,1.370755e-02,3.612423e-03,1.132812e-02,5.668068e-01,3.266077e-03,1.890681e-02,1.143976e-02,3.812845e-02,1.438282e-03,6.598049e-02
2.668467e-02,3.715076e-02,1.699918e-02,2.342005e-01,8.727138e-02,1.122561e-02,6.227158e-03,2.282453e-02,4.536081e-01,2.763778e-03,1.498500e-02,8.537881e-03,2.805894e-02,1.189323e-03,4.827313e-02
4.667011e-02,4.291460e-02,3.506736e-02,2.440546e-01,8.222647e-02,1.010867e-02,5.987586e-03,2.624330e-02,3.806530e-01,5.071032e-03,1.798214e-02,1.007535e-02,2.344535e-02,1.886352e-03,6.761405e-02
7.671511e-02,4.455695e-02,3.139020e-02,2.193091e-01,1.023325e-01,1.303709e-02,8.207276e-03,2.752792e-02,3.674806e-01,5.078443e-03,1.734412e-02,1.022006e-02,1.863249e-02,1.645986e-03,5.652216e-02
1.548799e-01,6.127434e-02,3.063911e-02,2.062583e-01,1.085352e-01,1.508570e-02,9.308208e-03,3.845986e-02,2.855824e-01,3.857269e-03,1.512263e-02,1.162919e-02,1.454322e-02,1.528752e-03,4.329593e-02
1.376292e-01,4.736303e-02,3.828631e-02,1.915470e-01,7.705403e-02,2.108432e-02,6.642165e-03,2.711190e-02,2.057310e-01,2.878587e-03,1.839802e-02,1.720126e-01,2.097833e-02,1.218957e-03,3.206444e-02
9.647959e-02,3.813727e-02,4.418343e-02,1.968116e-01,5.443997e-02,1.804833e-02,4.666653e-03,1.899067e-02,1.452750e-01,2.190060e-03,2.086684e-02,3.190442e-01,1.726887e-02,9.199150e-04,2.267755e-02
6.786472e-02,2.752522e-02,3.231806e-02,1.578091e-01,3.845823e-02,1.334928e-02,3.279477e-03,1.333423e-02,1.021492e-01,1.699289e-03,3.035816e-02,4.828939e-01,1.227458e-02,6.718786e-04,1.601464e-02
4.780465e-02,1.949535e-02,2.296628e-02,1.137536e-01,2.722239e-02,9.936381e-03,2.301806e-03,9.349166e-03,7.218254e-02,1.376969e-03,6.653681e-02,5.863016e-01,8.928590e-03,5.048638e-04,1.133900e-02
3.392232e-02,1.392751e-02,1.631849e-02,8.032042e-02,3.110419e-02,1.066950e-02,1.631083e-03,6.721620e-03,5.694697e-02,1.330215e-03,8.956339e-02,6.421919e-01,6.913429e-03,4.076596e-04,8.031280e-03
2.600330e-02,1.013961e-02,1.561691e-02,5.755708e-02,4.139540e-02,1.021558e-01,1.416625e-03,1.075689e-02,4.119442e-02,2.502864e-03,8.472734e-02,5.952677e-01,5.314024e-03,3.041593e-04,5.647911e-03
2.014259e-02,7.315510e-03,1.178795e-02,4.090525e-02,5.289170e-02,1.119613e-01,1.080185e-03,8.574549e-03,2.972817e-02,2.522888e-03,6.997956e-02,6.349455e-01,3.942836e-03,2.295964e-04,3.992462e-03
1.507420e-02,5.360151e-03,8.374218e-03,2.873446e-02,4.896432e-02,8.851022e-02,8.524649e-04,6.251214e-03,2.222276e-02,2.300060e-03,5.101505e-02,7.163568e-01,2.912771e-03,1.979843e-04,2.873400e-03
1.253125e-02,4.226873e-03,5.998184e-03,2.044432e-02,5.124545e-02,8.480562e-02,7.736130e-04,5.016509e-03,1.885618e-02,1.923882e-03,3.984755e-02,7.496586e-01,2.369923e-03,1.896741e-04,2.112359e-03
1.576614e-02,5.680401e-03,5.812946e-03,1.533154e-02,1.438967e-01,1.000849e-01,2.858212e-03,1.099766e-02,1.858549e-02,2.588332e-03,4.118466e-02,6.327583e-01,2.289608e-03,2.893782e-04,1.875739e-03
1.394541e-02,4.392093e-03,4.548351e-03,1.154053e-02,1.142494e-01,1.072873e-01,2.198470e-03,9.307744e-03,1.372494e-02,2.336670e-03,4.541609e-02,6.670951e-01,2.257414e-03,3.014157e-04,1.399097e-03
1.200685e-02,3.559354e-03,3.444597e-03,8.773618e-03,9.499437e-02,8.640539e-02,1.693411e-03,8.684748e-03,1.160059e-02,2.056950e-03,4.339976e-02,7.193564e-01,2.633373e-03,3.257434e-04,1.064854e-03
6.677450e-02,1.060837e-02,3.438395e-03,1.015403e-02,1.008223e-01,7.101253e-02,3.015134e-03,1.800456e-02,2.323208e-02,4.559970e-03,5.006873e-02,6.317371e-01,3.975469e-03,7.491517e-04,1.847734e-03
1.210855e-01,1.206364e-02,3.999328e-03,1.483929e-02,1.183738e-01,5.882499e-02,4.505864e-03,3.271138e-02,2.566587e-02,6.790312e-03,5.947617e-02,5.333625e-01,5.342553e-03,9.655126e-04,1.993296e-03
