1.000000e+00,0.000000e+00,0.000000e+00,0.000000e+00,0.000000e+00,0.000000e+00,0.000000e+00,0.000000e+00,0.000000e+00,0.000000e+00,0.000000e+00,0.000000e+00,0.000000e+00,0.000000e+00,0.000000e+00
1.000000e+00,0.000000e+00,0.000000e+00,0.000000e+00,0.000000e+00,0.000000e+00,0.000000e+00,0.000000e+00,0.000000e+00,0.000000e+00,0.000000e+00,0.000000e+00,0.000000e+00,0.000000e+00,0.000000e+00
1.000000e+00,0.000000e+00,0.000000e+00,0.000000e+00,0.000000e+00,0.000000e+00,0.000000e+00,0.000000e+00,0.000000e+00,0.000000e+00,0.000000e+00,0.000000e+00,0.000000e+00,0.000000e+00,0.000000e+00
1.000000e+00,0.000000e+00,0.000000e+00,0.000000e+00,0.000000e+00,0.000000e+00,0.000000e+00,0.000000e+00,0.000000e+00,0.000000e+00,0.000000e+00,0.000000e+00,0.000000e+00,0.000000e+00,0.000000e+00
1.000000e+00,0.000000e+00,0.000000e+00,0.000000e+00,0.000000e+00,0.000000e+00,0.000000e+00,0.000000e+00,0.000000e+00,0.000000e+00,0.000000e+00,0.000000e+00,0.000000e+00,0.000000e+00,0.000000e+00
1.000000e+00,0.000000e+00,0.000000e+00,0.000000e+00,0.000000e+00,0.000000e+00,0.000000e+00,0.000000e+00,0.000000e+00,0.000000e+00,0.000000e+00,0.000000e+00,0.000000e+00,0.000000e+00,0.000000e+00
1.000000e+00,0.000000e+00,0.000000e+00,0.000000e+00,0.000000e+00,0.000000e+00,0.000000e+00,0.000000e+00,0.000000e+00,0.000000e+00,0.000000e+00,0.000000e+00,0.000000e+00,0.000000e+00,0.000000e+00
1.000000e+00,0.000000e+00,0.000000e+00,0.000000e+00,0.000000e+00,0.000000e+00,0.000000e+00,0.000000e+00,0.000000e+00,0.000000e+00,0.000000e+00,0.000000e+00,0.000000e+00,0.000000e+00,0.000000e+00
1.000000e+00,0.000000e+00,0.000000e+00,0.000000e+00,0.000000e+00,0.000000e+00,0.000000e+00,0.000000e+00,0.000000e+00,0.000000e+00,0.000000e+00,0.000000e+00,0.000000e+00,0.000000e+00,0.000000e+00
1.000000e+00,0.000000e+00,0.000000e+00,0.000000e+00,0.000000e+00,0.000000e+00,0.000000e+00,0.000000e+00,0.000000e+00,0.000000e+00,0.000000e+00,0.000000e+00,0.000000e+00,0.000000e+00,0.000000e+00
1.000000e+00,0.000000e+00,0.000000e+00,0.000000e+00,0.000000e+00,0.000000e+00,0.000000e+00,0.000000e+00,0.000000e+00,0.000000e+00,0.000000e+00,0.000000e+00,0.000000e+00,0.000000e+00,0.000000e+00
1.000000e+00,0.000000e+00,0.000000e+00,0.000000e+00,0.000000e+00,0.000000e+00,0.000000e+00,0.000000e+00,0.000000e+00,0.000000e+00,0.000000e+00,0.000000e+00,0.000000e+00,0.000000e+00,0.000000e+00
1.000000e+00,0.000000e+00,0.000000e+00,0.000000e+00,0.000000e+00,0.000000e+00,0.000000e+00,0.000000e+00,0.000000e+00,0.000000e+00,0.000000e+00,0.000000e+00,0.000000e+00,0.000000e+00,0.000000e+00
1.000000e+00,0.000000e+00,0.000000e+00,0.000000e+00,0.000000e+00,0.000000e+00,0.000000e+00,0.000000e+00,0.000000e+00,0.000000e+00,0.000000e+00,0.000000e+00,0.000000e+00,0.000000e+00,0.000000e+00
1.000000e+00,0.000000e+00,0.000000e+00,0.000000e+00,0.000000e+00,0.000000e+00,0.000000e+00,0.000000e+00,0.000000e+00,0.000000e+00,0.000000e+00,0.000000e+00,0.000000e+00,0.000000e+00,0.000000e+00
1.000000e+00,0.000000e+00,0.000000e+00,0.000000e+00,0.000000e+00,0.000000e+00,0.000000e+00,0.000000e+00,0.000000e+00,0.000000e+00,0.000000e+00,0.000000e+00,0.000000e+00,0.000000e+00,0.000000e+00
1.000000e+00,0.000000e+00,0.000000e+00,0.000000e+00,0.000000e+00,0.000000e+00,0.000000e+00,0.000000e+00,0.000000e+00,0.000000e+00,0.000000e+00,0.000000e+00,0.000000e+00,0.000000e+00,0.000000e+00
1.000000e+00,0.000000e+00,0.000000e+00,0.000000e+00,0.000000e+00,0.000000e+00,0.000000e+00,0.000000e+00,0.000000e+00,0.000000e+00,0.000000e+00,0.000000e+00,0.000000e+00,0.000000e+00,0.000000e+00
1.000000e+00,0.000000e+00,0.000000e+00,0.000000e+00,0.000000e+00,0.000000e+00,0.000000e+00,0.000000e+00,0.000000e+00,0.000000e+00,0.000000e+00,0.000000e+00,0.000000e+00,0.000000e+00,0.000000e+00
1.000000e+00,0.000000e+00,0.000000e+00,0.000000e+00,0.000000e+00,0.000000e+00,0.000000e+00,0.000000e+00,0.000000e+00,0.000000e+00,0.000000e+00,0.000000e+00,0.000000e+00,0.000000e+00,0.000000e+00
1.000000e+00,0.000000e+00,0.000000e+00,0.000000e+00,0.000000e+00,0.000000e+00,0.000000e+00,0.000000e+00,0.000000e+00,0.000000e+00,0.000000e+00,0.000000e+00,0.000000e+00,0.000000e+00,0.000000e+00
1.000000e+00,0.000000e+00,0.000000e+00,0.000000e+00,0.000000e+00,0.000000e+00,0.000000e+00,0.000000e+00,0.000000e+00,0.000000e+00,0.000000e+00,0.000000e+00,0.000000e+00,0.000000e+00,0.000000e+00
1.000000e+00,0.000000e+00,0.000000e+00,0.000000e+00,0.000000e+00,0.000000e+00,0.000000e+00,0.000000e+00,0.000000e+00,0.000000e+00,0.000000e+00,0.000000e+00,0.000000e+00,0.000000e+00,0.000000e+00
1.000000e+00,0.000000e+00,0.000000e+00,0.000000e+00,0.000000e+00,0.000000e+00,0.000000e+00,0.000000e+00,0.000000e+00,0.000000e+00,0.000000e+00,0.000000e+00,0.000000e+00,0.000000e+00,0.000000e+00
1.000000e+00,0.000000e+00,0.000000e+00,0.000000e+00,0.000000e+00,0.000000e+00,0.000000e+00,0.000000e+00,0.000000e+00,0.000000e+00,0.000000e+00,0.000000e+00,0.000000e+00,0.000000e+00,0.000000e+00
1.000000e+00,0.000000e+00,0.000000e+00,0.000000e+00,0.000000e+00,0.000000e+00,0.000000e+00,0.000000e+00,0.000000e+00,0.000000e+00,0.000000e+00,0.000000e+00,0.000000e+00,0.000000e+00,0.000000e+00
1.000000e+00,0.000000e+00,0.000000e+00,0.000000e+00,0.000000e+00,0.000000e+00,0.000000e+00,0.000000e+00,0.000000e+00,0.000000e+00,0.000000e+00,0.000000e+00,0.000000e+00,0.000000e+00,0.000000e+00
1.000000e+00,0.000000e+00,0.000000e+00,0.000000e+00,0.000000e+00,0.000000e+00,0.000000e+00,0.000000e+00,0.000000e+00,0.000000e+00,0.000000e+00,0.000000e+00,0.000000e+00,0.000000e+00,0.000000e+00
1.000000e+00,0.000000e+00,0.000000e+00,0.000000e+00,0.000000e+00,0.000000e+00,0.000000e+00,0.000000e+00,0.000000e+00,0.000000e+00,0.000000e+00,0.000000e+00,0.000000e+00,0.000000e+00,0.000000e+00
1.000000e+00,0.000000e+00,0.000000e+00,0.000000e+00,0.000000e+00,0.000000e+00,0.000000e+00,0.000000e+00,0.000000e+00,0.000000e+00,0.000000e+00,0.000000e+00,0.000000e+00,0.000000e+00,0.000000e+00
1.000000e+00,0.000000e+00,0.000000e+00,0.000000e+00,0.000000e+00,0.000000e+00,0.000000e+00,0.000000e+00,0.000000e+00,0.000000e+00,0.000000e+00,0.000000e+00,0.000000e+00,0.000000e+00,0.000000e+00
1.000000e+00,0.000000e+00,0.000000e+00,0.000000e+00,0.000000e+00,0.000000e+00,0.000000e+00,0.000000e+00,0.000000e+00,0.000000e+00,0.000000e+00,0.000000e+00,0.000000e+00,0.000000e+00,0.000000e+00
1.000000e+00,0.000000e+00,0.000000e+00,0.000000e+00,0.000000e+00,0.000000e+00,0.000000e+00,0.000000e+00,0.000000e+00,0.000000e+00,0.000000e+00,0.000000e+00,0.000000e+00,0.000000e+00,0.000000e+00
1.000000e+00,0.000000e+00,0.000000e+00,0.000000e+00,0.000000e+00,0.000000e+00,0.000000e+00,0.000000e+00,0.000000e+00,0.000000e+00,0.000000e+00,0.000000e+00,0.000000e+00,0.000000e+00,0.000000e+00
1.000000e+00,0.000000e+00,0.000000e+00,0.000000e+00,0.000000e+00,0.000000e+00,0.000000e+00,0.000000e+00,0.000000e+00,0.000000e+00,0.000000e+00,0.000000e+00,0.000000e+00,0.000000e+00,0.000000e+00
1.000000e+00,0.000000e+00,0.000000e+00,0.000000e+00,0.000000e+00,0.000000e+00,0.000000e+00,0.000000e+00,0.000000e+00,0.000000e+00,0.000000e+00,0.000000e+00,0.000000e+00,0.000000e+00,0.000000e+00
1.000000e+00,0.000000e+00,0.000000e+00,0.000000e+00,0.000000e+00,0.000000e+00,0.000000e+00,0.000000e+00,0.000000e+00,0.000000e+00,0.000000e+00,0.000000e+00,0.000000e+00,0.000000e+00,0.000000e+00
1.000000e+00,0.000000e+00,0.000000e+00,0.000000e+00,0.000000e+00,0.000000e+00,0.000000e+00,0.000000e+00,0.000000e+00,0.000000e+00,0.000000e+00,0.000000e+00,0.000000e+00,0.000000e+00,0.000000e+00
1.000000e+00,0.000000e+00,0.000000e+00,0.000000e+00,0.000000e+00,0.000000e+00,0.000000e+00,0.000000e+00,0.000000e+00,0.000000e+00,0.000000e+00,0.000000e+00,0.000000e+00,0.000000e+00,0.000000e+00
1.000000e+00,0.000000e+00,0.000000e+00,0.000000e+00,0.000000e+00,0.000000e+00,0.000000e+00,0.000000e+00,0.000000e+00,0.000000e+00,0.000000e+00,0.000000e+00,0.000000e+00,0.000000e+00,0.000000e+00
1.000000e+00,0.000000e+00,0.000000e+00,0.000000e+00,0.000000e+00,0.000000e+00,0.000000e+00,0.000000e+00,0.000000e+00,0.000000e+00,0.000000e+00,0.000000e+00,0.000000e+00,0.000000e+00,0.000000e+00
1.000000e+00,0.000000e+00,0.000000e+00,0.000000e+00,0.000000e+00,0.000000e+00,0.000000e+00,0.000000e+00,0.000000e+00,0.000000e+00,0.000000e+00,0.000000e+00,0.000000e+00,0.000000e+00,0.000000e+00
1.000000e+00,0.000000e+00,0.000000e+00,0.000000e+00,0.000000e+00,0.000000e+00,0.000000e+00,0.000000e+00,0.000000e+00,0.000000e+00,0.000000e+00,0.000000e+00,0.000000e+00,0.000000e+00,0.000000e+00
1.000000e+00,0.000000e+00,0.000000e+00,0.000000e+00,0.000000e+00,0.000000e+00,0.000000e+00,0.000000e+00,0.000000e+00,0.000000e+00,0.000000e+00,0.000000e+00,0.000000e+00,0.000000e+00,0.000000e+00
1.000000e+00,0.000000e+00,0.000000e+00,0.000000e+00,0.000000e+00,0.000000e+00,0.000000e+00,0.000000e+00,0.000000e+00,0.000000e+00,0.000000e+00,0.000000e+00,0.000000e+00,0.000000e+00,0.000000e+00
1.000000e+00,0.000000e+00,0.000000e+00,0.000000e+00,0.000000e+00,0.000000e+00,0.000000e+00,0.000000e+00,0.000000e+00,0.000000e+00,0.000000e+00,0.000000e+00,0.000000e+00,0.000000e+00,0.000000e+00
1.000000e+00,0.000000e+00,0.000000e+00,0.000000e+00,0.000000e+00,0.000000e+00,0.000000e+00,0.000000e+00,0.000000e+00,0.000000e+00,0.000000e+00,0.000000e+00,0.000000e+00,0.000000e+00,0.000000e+00
1.000000e+00,0.000000e+00,0.000000e+00,0.000000e+00,0.000000e+00,0.000000e+00,0.000000e+00,0.000000e+00,0.000000e+00,0.000000e+00,0.000000e+00,0.000000e+00,0.000000e+00,0.000000e+00,0.000000e+00
1.000000e+00,0.000000e+00,0.000000e+00,0.000000e+00,0.000000e+00,0.000000e+00,0.000000e+00,0.000000e+00,0.000000e+00,0.000000e+00,0.000000e+00,0.000000e+00,0.000000e+00,0.000000e+00,0.000000e+00
1.000000e+00,0.000000e+00,0.000000e+00,0.000000e+00,0.000000e+00,0.000000e+00,0.000000e+00,0.000000e+00,0.000000e+00,0.000000e+00,0.000000e+00,0.000000e+00,0.000000e+00,0.000000e+00,0.000000e+00
1.000000e+00,0.000000e+00,0.000000e+00,0.000000e+00,0.000000e+00,0.000000e+00,0.000000e+00,0.000000e+00,0.000000e+00,0.000000e+00,0.000000e+00,0.000000e+00,0.000000e+00,0.000000e+00,0.000000e+00
1.000000e+00,0.000000e+00,0.000000e+00,0.000000e+00,0.000000e+00,0.000000e+00,0.000000e+00,0.000000e+00,0.000000e+00,0.000000e+00,0.000000e+00,0.000000e+00,0.000000e+00,0.000000e+00,0.000000e+00
1.000000e+00,0.000000e+00,0.000000e+00,0.000000e+00,0.000000e+00,0.000000e+00,0.000000e+00,0.000000e+00,0.000000e+00,0.000000e+00,0.000000e+00,0.000000e+00,0.000000e+00,0.000000e+00,0.000000e+00
1.000000e+00,0.000000e+00,0.000000e+00,0.000000e+00,0.000000e+00,0.000000e+00,0.000000e+00,0.000000e+00,0.000000e+00,0.000000e+00,0.000000e+00,0.000000e+00,0.000000e+00,0.000000e+00,0.000000e+00
1.000000e+00,0.000000e+00,0.000000e+00,0.000000e+00,0.000000e+00,0.000000e+00,0.000000e+00,0.000000e+00,0.000000e+00,0.000000e+00,0.000000e+00,0.000000e+00,0.000000e+00,0.000000e+00,0.000000e+00
1.000000e+00,0.000000e+00,0.000000e+00,0.000000e+00,0.000000e+00,0.000000e+00,0.000000e+00,0.000000e+00,0.000000e+00,0.000000e+00,0.000000e+00,0.000000e+00,0.000000e+00,0.000000e+00,0.000000e+00
1.000000e+00,0.000000e+00,0.000000e+00,0.000000e+00,0.000000e+00,0.000000e+00,0.000000e+00,0.000000e+00,0.000000e+00,0.000000e+00,0.000000e+00,0.000000e+00,0.000000e+00,0.000000e+00,0.000000e+00
1.000000e+00,0.000000e+00,0.000000e+00,0.000000e+00,0.000000e+00,0.000000e+00,0.000000e+00,0.000000e+00,0.000000e+00,0.000000e+00,0.000000e+00,0.000000e+00,0.000000e+00,0.000000e+00,0.000000e+00
1.000000e+00,0.000000e+00,0.000000e+00,0.000000e+00,0.000000e+00,0.000000e+00,0.000000e+00,0.000000e+00,0.000000e+00,0.000000e+00,0.000000e+00,0.000000e+00,0.000000e+00,0.000000e+00,0.000000e+00
4.866439e-01,1.183199e-02,5.318999e-03,2.890703e-01,1.786927e-03,1.644967e-02,3.331760e-03,6.912680e-03,3.731925e-02,4.035586e-03,3.577060e-02,2.381789e-02,5.095864e-02,1.057743e-03,2.569395e-02
3.539861e-01,1.898006e-02,4.120888e-03,2.356047e-01,2.073811e-03,1.281222e-02,2.708993e-03,5.316359e-03,2.090805e-01,5.187905e-03,3.822363e-02,2.339650e-02,4.806913e-02,1.429598e-03,3.900965e-02
2.587177e-01,6.123765e-02,3.386538e-03,1.832473e-01,1.738058e-03,9.649244e-03,1.933384e-03,3.894675e-03,2.023956e-01,6.938390e-03,3.081450e-02,1.755664e-02,3.566426e-02,4.859176e-03,1.779669e-01
1.873937e-01,6.617183e-02,3.474703e-03,1.461738e-01,1.831444e-03,7.298648e-03,1.669392e-03,3.133165e-03,2.807932e-01,6.671594e-03,7.245668e-02,1.392386e-02,2.541532e-02,2.668846e-02,1.569041e-01
1.332118e-01,5.186484e-02,3.278011e-03,1.125721e-01,2.034485e-03,5.638117e-03,1.288708e-03,2.481445e-03,3.417006e-01,6.287894e-03,1.683730e-01,1.556587e-02,1.816288e-02,2.431019e-02,1.132300e-01
9.384313e-02,3.696600e-02,2.996197e-03,8.409934e-02,4.658056e-03,5.569446e-03,1.003623e-03,1.942121e-03,2.582795e-01,4.948570e-03,3.192419e-01,6.793420e-02,1.304031e-02,2.503742e-02,8.044021e-02
6.582748e-02,2.608937e-02,2.241013e-03,6.154873e-02,1.723825e-02,4.358246e-03,7.640595e-04,1.576834e-03,1.832458e-01,3.598901e-03,4.527264e-01,9.292282e-02,9.509259e-03,2.185161e-02,5.650121e-02
4.620690e-02,1.842871e-02,1.650806e-03,4.622890e-02,3.438197e-02,3.368651e-03,5.793764e-04,1.195860e-03,1.296803e-01,2.781456e-03,5.444478e-01,1.053659e-01,6.991201e-03,1.886248e-02,3.982969e-02
3.400421e-02,1.361456e-02,1.489229e-03,3.898524e-02,5.128379e-02,5.789995e-03,5.026731e-04,1.016696e-03,9.165402e-02,2.795276e-03,5.545880e-01,1.373501e-01,5.181358e-03,3.058015e-02,3.116466e-02
2.561535e-02,9.732491e-03,1.295449e-03,3.533295e-02,5.945455e-02,1.119072e-02,4.721870e-04,9.239239e-04,6.494929e-02,2.870752e-03,5.066602e-01,2.173351e-01,4.043367e-03,3.600444e-02,2.411923e-02
1.921259e-02,6.921960e-03,9.955532e-04,2.872600e-02,6.724163e-02,2.074221e-02,4.803134e-04,8.322650e-04,4.656822e-02,2.710514e-03,4.998747e-01,2.475155e-01,3.679901e-03,3.582388e-02,1.867475e-02
1.385255e-02,5.367628e-03,1.374871e-03,2.053371e-02,5.978592e-02,1.685526e-02,3.970642e-04,1.025566e-03,3.465978e-02,3.212566e-03,5.381823e-01,2.468792e-01,3.063158e-03,3.967397e-02,1.513652e-02
1.025368e-02,4.315067e-03,1.266036e-03,1.456128e-02,4.489029e-02,1.218782e-02,3.300479e-04,2.046482e-03,2.675015e-02,2.820233e-03,6.311328e-01,1.990606e-01,2.334177e-03,3.680577e-02,1.124551e-02
7.307115e-03,6.339166e-03,2.218232e-03,1.035151e-02,3.702439e-02,9.139152e-03,2.944702e-04,1.776955e-03,3.253945e-02,3.844131e-03,6.652031e-01,1.738521e-01,1.760085e-03,3.708093e-02,1.126923e-02
5.530992e-03,8.479727e-03,1.208055e-02,8.538887e-03,5.017012e-02,1.752571e-02,1.810924e-03,6.208507e-03,5.477052e-02,5.446373e-03,5.882620e-01,1.964443e-01,1.755507e-03,3.278143e-02,1.019442e-02
5.794125e-03,1.577546e-02,1.795588e-02,9.113517e-03,1.031603e-01,2.484367e-02,5.420734e-03,1.385051e-02,5.702848e-02,5.894858e-03,5.372825e-01,1.681442e-01,2.278201e-03,2.412052e-02,9.337032e-03
4.997131e-03,3.861558e-02,1.641638e-02,1.035220e-02,1.304915e-01,3.756411e-02,4.104419e-03,1.103569e-02,2.127883e-01,5.754028e-03,3.796779e-01,1.193758e-01,2.353965e-03,1.834548e-02,8.127571e-03
5.517110e-03,4.032661e-02,1.245997e-02,1.081897e-02,2.199827e-01,3.653744e-02,3.160965e-03,8.030510e-03,2.814335e-01,4.799224e-03,2.693312e-01,8.523858e-02,2.371869e-03,1.322670e-02,6.764655e-03
6.284578e-03,3.710140e-02,9.351145e-03,2.557139e-02,2.564688e-01,6.121050e-02,2.540474e-03,6.455260e-03,3.119344e-01,4.214742e-03,1.920732e-01,6.259839e-02,4.399760e-03,9.612387e-03,1.018357e-02
1.555750e-02,3.544381e-02,7.194549e-03,2.714389e-02,2.441378e-01,9.996489e-02,2.034502e-03,5.365667e-03,3.384950e-01,3.487039e-03,1.507734e-01,4.923213e-02,4.518764e-03,7.329880e-03,9.321200e-03
2.022231e-02,4.191796e-02,7.491093e-03,3.608653e-02,1.937107e-01,2.162615e-01,2.168588e-03,6.598120e-03,2.862166e-01,3.317023e-03,1.146477e-01,3.988577e-02,9.945703e-03,6.312504e-03,1.521798e-02
2.663137e-02,5.028231e-02,6.638457e-03,3.215319e-02,1.579667e-01,2.452358e-01,2.110657e-03,5.924775e-03,2.715765e-01,3.786202e-03,1.106718e-01,4.986011e-02,1.460532e-02,7.359100e-03,1.519769e-02
3.742467e-02,5.860531e-02,6.622640e-03,2.414038e-02,1.404386e-01,2.656541e-01,2.004749e-03,5.404647e-03,2.667294e-01,5.492879e-03,1.102798e-01,4.176094e-02,1.248370e-02,1.017056e-02,1.278752e-02
3.714128e-02,7.219017e-02,6.225533e-03,2.326044e-02,1.170257e-01,2.040529e-01,1.950560e-03,8.731665e-03,2.863836e-01,6.359386e-03,1.332196e-01,6.852628e-02,1.051396e-02,8.668102e-03,1.575076e-02
3.098283e-02,1.692357e-01,1.086543e-02,6.878665e-02,9.317391e-02,1.446277e-01,1.471347e-03,6.388020e-03,2.413018e-01,6.528734e-03,1.072679e-01,7.435779e-02,8.893611e-03,8.170228e-03,2.794836e-02
2.473013e-02,1.495969e-01,1.344671e-02,5.707951e-02,7.832296e-02,1.042840e-01,1.329108e-03,5.136305e-03,2.250674e-01,1.146695e-02,1.587537e-01,7.057931e-02,8.176660e-03,5.850148e-02,3.352887e-02
1.821250e-02,1.072152e-01,1.492005e-02,4.141304e-02,5.520536e-02,7.346345e-02,9.632361e-04,4.308028e-03,1.690372e-01,1.018345e-02,3.266655e-01,5.283810e-02,6.422187e-03,9.322909e-02,2.592358e-02
1.339880e-02,7.669991e-02,1.419023e-02,3.134796e-02,3.946030e-02,5.203504e-02,7.076757e-04,3.637163e-03,1.274030e-01,9.096280e-03,4.512983e-01,4.186513e-02,5.882524e-03,1.127617e-01,2.021602e-02
9.990228e-03,5.449681e-02,1.066207e-02,2.313688e-02,2.891586e-02,3.687386e-02,6.068316e-04,2.811406e-03,9.342909e-02,7.550962e-03,5.129715e-01,3.324636e-02,5.252966e-03,1.655154e-01,1.453977e-02
7.097674e-03,3.835988e-02,7.649154e-03,1.648426e-02,2.363981e-02,2.593804e-02,4.597867e-04,2.082054e-03,6.626199e-02,9.222157e-03,5.824430e-01,2.429692e-02,3.981602e-03,1.813540e-01,1.072969e-02
5.090845e-03,2.719648e-02,5.483457e-03,1.170056e-02,1.872203e-02,2.020221e-02,4.094591e-04,1.745508e-03,5.365426e-02,1.405943e-02,5.699297e-01,2.143211e-02,3.691149e-03,2.389773e-01,7.705611e-03
3.751049e-03,1.934768e-02,3.890119e-03,8.552592e-03,1.776372e-02,1.475556e-02,4.857666e-04,1.260108e-03,4.154094e-02,1.399089e-02,5.944703e-01,2.156060e-02,3.152150e-03,2.499721e-01,5.506511e-03
2.739552e-03,1.385907e-02,2.790945e-03,6.122044e-03,1.757218e-02,1.101084e-02,6.240403e-04,9.092460e-04,3.340423e-02,1.486535e-02,6.286631e-01,1.860145e-02,3.800507e-03,2.410186e-01,4.018825e-03
2.103881e-03,1.106032e-02,2.356880e-03,5.144499e-03,1.975609e-02,8.679117e-03,8.785382e-04,7.058592e-04,2.826175e-02,1.938611e-02,6.779553e-01,1.534989e-02,4.569234e-03,2.003527e-01,3.439817e-03
1.573865e-03,8.602994e-03,2.542975e-03,5.772500e-03,2.666026e-02,1.120351e-02,4.367357e-03,6.123935e-04,3.717861e-02,4.528487e-02,6.561775e-01,1.385829e-02,7.055000e-03,1.754967e-01,3.613196e-03
1.229018e-03,2.205786e-02,7.909795e-03,6.566517e-03,2.572856e-02,1.227895e-02,4.512055e-03,5.582584e-04,8.721711e-02,1.006334e-01,5.403720e-01,1.227902e-02,6.744557e-03,1.607033e-01,1.120960e-02
1.344866e-03,2.484514e-02,3.417698e-02,6.733050e-03,2.061899e-02,1.656801e-02,3.993857e-03,4.457308e-03,1.203473e-01,1.334469e-01,4.112283e-01,1.123337e-02,5.618962e-03,1.496873e-01,5.569963e-02
1.324372e-03,2.336956e-02,4.258512e-02,7.603234e-03,1.690238e-02,6.722140e-02,5.467679e-03,2.543914e-02,1.172978e-01,1.367303e-01,3.393717e-01,1.099641e-02,6.634702e-03,1.523880e-01,4.666818e-02
1.634879e-03,1.949582e-02,3.321167e-02,6.049091e-03,1.299371e-02,2.432917e-01,4.014041e-03,2.184759e-02,1.353974e-01,1.023139e-01,2.441605e-01,8.050838e-03,5.252888e-03,1.107196e-01,5.156638e-02
2.313506e-03,1.572859e-02,2.763504e-02,7.199858e-03,1.172053e-02,3.353552e-01,3.180960e-03,3.488543e-02,1.651681e-01,7.818596e-02,1.739549e-01,6.513662e-03,4.844982e-03,8.016354e-02,5.314972e-02
8.586646e-03,1.856049e-02,3.093633e-02,9.211421e-03,3.720777e-02,3.721057e-01,3.402546e-03,6.590626e-02,1.582934e-01,5.982140e-02,1.229440e-01,4.839430e-03,4.227793e-03,5.770164e-02,4.625506e-02
1.525483e-02,1.802275e-02,2.843495e-02,2.160873e-02,3.405159e-02,3.486652e-01,2.521348e-03,5.906525e-02,2.141528e-01,4.888152e-02,8.746635e-02,3.931724e-03,3.516244e-03,4.147108e-02,7.295561e-02
1.698424e-02,1.588167e-02,2.536234e-02,2.341873e-02,3.046805e-02,2.844545e-01,1.924219e-03,1.763350e-01,2.159618e-01,3.857697e-02,6.414670e-02,5.104637e-03,3.432777e-03,2.968705e-02,6.826134e-02
1.438683e-02,1.643605e-02,3.066553e-02,1.937302e-02,2.651652e-02,2.017873e-01,1.527503e-03,3.765424e-01,1.606343e-01,2.734814e-02,4.630684e-02,3.969330e-03,3.131344e-03,2.118288e-02,5.019192e-02
1.211409e-02,1.458786e-02,2.943190e-02,1.464219e-02,2.313435e-02,1.424200e-01,1.283806e-03,5.326399e-01,1.188830e-01,1.936423e-02,3.304418e-02,2.950274e-03,3.734387e-03,1.509187e-02,3.667797e-02
9.994746e-03,1.175366e-02,2.585176e-02,1.098449e-02,1.966924e-02,1.003205e-01,1.259006e-03,6.460651e-01,8.598915e-02,1.400220e-02,2.516966e-02,2.414432e-03,7.644782e-03,1.082030e-02,2.806097e-02
1.160227e-02,1.425953e-02,3.166385e-02,1.031929e-02,1.640661e-02,9.179905e-02,2.032527e-03,5.559196e-01,6.694960e-02,1.097220e-02,2.290637e-02,2.931003e-03,1.324883e-01,8.012646e-03,2.173708e-02
1.153779e-02,1.074073e-02,3.076883e-02,8.211359e-03,1.503183e-02,7.097453e-02,3.056360e-03,5.818062e-01,4.848667e-02,1.202722e-02,2.911786e-02,1.563884e-02,1.331010e-01,8.245841e-03,2.125491e-02
1.679308e-02,1.023028e-02,3.037620e-02,6.554040e-03,1.700296e-02,1.357737e-01,4.078049e-03,4.860085e-01,4.058210e-02,1.196584e-02,5.358228e-02,1.811098e-02,1.041722e-01,4.030249e-02,2.446724e-02
1.583283e-02,1.088308e-02,3.146201e-02,6.921296e-03,1.905845e-02,1.892250e-01,4.071683e-03,3.723117e-01,3.931493e-02,1.878580e-02,6.976232e-02,2.016353e-02,8.775866e-02,8.171419e-02,3.273447e-02
1.228045e-02,1.923625e-02,2.486031e-02,6.767259e-03,1.614106e-02,1.916337e-01,3.450410e-03,2.648179e-01,3.925663e-02,1.668461e-02,1.029783e-01,2.166602e-02,7.587855e-02,1.744083e-01,2.994026e-02
1.293228e-02,1.591262e-02,2.013882e-02,1.373285e-02,1.199953e-02,1.558641e-01,2.737073e-03,1.872562e-01,6.532077e-02,1.436474e-02,9.531346e-02,1.910430e-02,6.197093e-02,2.932112e-01,3.014117e-02
1.197538e-02,1.175619e-02,1.483244e-02,1.294458e-02,1.021777e-02,1.152499e-01,2.104498e-03,1.320915e-01,1.005078e-01,1.115317e-02,8.932294e-02,2.161043e-02,6.405185e-02,3.700306e-01,3.215083e-02
1.368506e-02,8.410264e-03,1.063097e-02,1.012016e-02,8.521711e-03,8.587503e-02,1.696313e-03,9.304570e-02,1.130627e-01,8.389757e-03,7.370526e-02,2.281461e-02,5.494615e-02,4.681259e-01,2.697041e-02
1.610889e-02,6.425725e-03,9.098820e-03,9.578805e-03,1.332564e-02,6.577892e-02,1.666760e-03,6.662531e-02,1.307714e-01,1.124696e-02,5.928889e-02,1.940743e-02,4.884178e-02,5.177284e-01,2.410621e-02
1.355296e-02,5.262502e-03,1.306329e-02,9.517081e-03,1.112844e-02,5.038043e-02,1.259296e-03,4.692385e-02,1.294451e-01,1.931842e-02,1.219226e-01,2.649967e-02,7.753891e-02,4.524728e-01,2.171457e-02
1.171411e-02,5.578448e-03,1.397770e-02,6.966181e-03,1.282431e-02,3.652162e-02,9.277826e-04,3.293875e-02,1.732184e-01,1.911574e-02,1.334550e-01,3.092455e-02,9.186558e-02,4.015935e-01,2.837832e-02
1.033681e-02,4.713506e-03,1.128886e-02,5.570705e-03,1.088694e-02,2.725332e-02,6.881636e-04,2.313918e-02,2.122347e-01,1.684662e-02,1.666984e-01,3.315154e-02,8.514997e-02,3.659803e-01,2.606102e-02
7.574149e-03,3.657679e-03,9.374768e-03,4.157818e-03,1.168933e-02,1.961868e-02,4.841673e-04,1.620893e-02,1.585058e-01,1.274281e-02,1.627565e-01,2.508608e-02,6.500311e-02,4.825351e-01,2.060504e-02
6.417470e-03,2.944867e-03,7.433330e-03,3.523055e-03,1.037807e-02,1.573939e-02,3.451927e-04,1.136381e-02,1.217222e-01,1.049642e-02,1.365873e-01,1.985747e-02,5.136678e-02,5.803329e-01,2.149182e-02
5.985171e-03,2.867904e-03,9.435058e-03,3.387979e-03,8.200170e-03,1.902115e-02,3.461958e-04,8.061204e-03,9.458119e-02,1.427856e-02,1.760778e-01,2.860178e-02,5.881041e-02,5.378437e-01,3.250171e-02
4.881665e-03,3.273722e-03,7.843990e-02,9.697011e-03,7.858455e-03,1.652098e-02,3.972509e-04,6.267777e-03,1.185517e-01,1.793094e-02,1.683606e-01,3.396956e-02,7.308431e-02,4.231120e-01,3.765409e-02
5.019778e-03,3.838066e-03,8.351898e-02,1.090453e-02,1.246327e-02,4.010012e-02,1.888270e-03,8.102497e-03,9.237986e-02,2.080435e-02,2.121249e-01,2.981169e-02,7.739244e-02,3.690103e-01,3.264096e-02
8.279911e-03,4.983142e-03,7.745651e-02,1.071802e-02,1.387113e-02,3.361713e-02,2.628470e-03,8.194696e-03,1.478582e-01,3.105450e-02,1.887448e-01,2.388516e-02,6.202698e-02,3.025804e-01,8.410092e-02
9.787491e-03,5.412007e-03,7.884457e-02,1.058029e-02,2.260214e-02,2.628404e-02,2.635428e-03,7.386426e-03,1.530857e-01,3.127465e-02,1.659342e-01,2.055767e-02,5.475378e-02,3.254537e-01,8.540794e-02
1.007320e-02,6.328746e-03,7.919443e-02,1.010513e-02,1.971879e-02,2.084425e-02,1.954174e-03,5.707114e-03,1.608601e-01,4.610350e-02,1.656705e-01,2.125862e-02,4.687332e-02,3.031708e-01,1.021373e-01
8.177735e-03,5.132527e-03,5.896429e-02,7.929053e-03,1.542439e-02,1.550161e-02,1.422607e-03,4.276476e-03,1.454453e-01,4.738224e-02,1.471903e-01,2.109300e-02,3.660233e-02,3.373328e-01,1.481254e-01
6.400899e-03,4.002473e-03,4.326824e-02,6.102929e-03,1.194964e-02,1.143832e-02,1.028841e-03,3.210196e-03,1.143008e-01,3.964056e-02,1.572845e-01,1.894327e-02,2.807347e-02,4.310350e-01,1.233210e-01
1.227084e-02,3.515228e-03,3.330304e-02,5.592023e-03,1.051978e-02,9.210455e-03,7.989242e-04,2.799081e-03,1.054489e-01,5.258965e-02,1.885420e-01,1.821079e-02,2.102673e-02,4.385984e-01,9.757420e-02
1.585446e-02,3.056151e-03,2.461143e-02,5.335120e-03,1.048680e-02,7.403512e-03,6.951636e-04,3.023810e-03,8.638148e-02,5.937982e-02,2.140568e-01,1.964069e-02,1.647012e-02,4.611068e-01,7.249784e-02
2.390603e-02,2.857384e-03,1.790325e-02,4.931377e-03,8.787997e-03,6.064877e-03,7.085527e-04,2.864229e-03,7.107238e-02,5.888765e-02,2.148932e-01,3.316977e-02,1.404032e-02,4.882031e-01,5.170986e-02
2.411518e-02,2.767238e-03,1.375030e-02,4.921784e-03,7.131392e-03,5.025507e-03,6.652563e-04,2.513126e-03,8.054674e-02,5.161824e-02,2.080614e-01,5.595917e-02,1.285531e-02,4.932435e-01,3.682589e-02
2.723083e-02,2.480214e-03,1.064669e-02,5.816755e-03,6.263697e-03,4.948968e-03,6.593880e-04,2.660750e-03,7.957585e-02,4.636537e-02,2.100818e-01,6.220199e-02,1.115776e-02,5.032661e-01,2.664385e-02
2.058861e-02,2.404511e-03,8.147188e-03,4.609486e-03,5.000729e-03,4.233775e-03,4.889318e-04,2.019191e-03,6.321531e-02,9.203528e-02,2.915084e-01,5.316691e-02,8.688393e-03,4.239820e-01,1.991134e-02
3.122563e-02,2.574330e-03,7.742538e-03,4.841723e-03,4.534970e-03,4.530826e-03,4.331405e-04,2.137295e-03,6.715630e-02,8.935936e-02,2.861049e-01,4.940825e-02,9.747551e-03,4.248852e-01,1.531802e-02
2.830880e-02,2.438519e-03,5.925887e-03,4.421602e-03,3.639444e-03,3.759468e-03,3.736112e-04,1.880422e-03,6.402551e-02,8.262274e-02,2.836332e-01,4.340290e-02,9.170386e-03,4.551733e-01,1.122423e-02
2.120492e-02,1.831387e-03,4.253352e-03,3.135581e-03,2.629929e-03,2.810417e-03,2.688458e-04,1.344150e-03,4.773065e-02,7.139226e-02,3.856442e-01,3.346249e-02,6.546653e-03,4.097909e-01,7.954272e-03
1.633440e-02,1.420859e-03,3.058741e-03,2.294450e-03,1.939106e-03,2.543063e-03,1.993694e-04,9.727366e-04,3.689510e-02,7.069223e-02,4.329504e-01,2.722994e-02,4.766093e-03,3.929623e-01,5.741212e-03
1.283129e-02,1.130367e-03,2.212253e-03,1.653654e-03,1.423453e-03,2.054033e-03,1.476661e-04,7.027868e-04,2.692187e-02,6.055412e-02,5.034258e-01,2.270508e-02,3.502441e-03,3.566199e-01,4.115247e-03
1.500773e-02,1.461759e-03,2.766307e-03,1.432205e-03,1.216174e-03,2.245178e-03,1.811516e-04,7.448877e-04,2.394570e-02,5.748494e-02,4.651594e-01,2.006239e-02,2.665014e-03,4.024412e-01,3.185925e-03
1.188956e-02,1.967114e-03,2.529846e-03,1.454455e-03,2.078217e-03,2.543407e-03,1.902123e-04,9.452689e-04,1.939892e-02,5.255447e-02,4.163628e-01,1.554593e-02,2.327313e-03,4.673191e-01,2.893370e-03
9.051466e-03,1.736836e-03,2.220987e-03,1.541411e-03,2.356277e-03,2.303726e-03,1.869696e-04,9.490246e-04,1.619047e-02,4.550121e-02,3.584804e-01,1.329474e-02,2.023210e-03,5.419964e-01,2.166943e-03
6.941992e-03,2.190463e-03,3.092440e-03,1.825298e-03,2.163226e-03,2.440136e-03,2.129445e-04,8.313240e-04,1.572776e-02,4.454726e-02,3.023556e-01,1.572306e-02,1.611588e-03,5.983100e-01,2.027008e-03
6.699521e-03,2.555994e-03,3.677412e-03,2.812809e-03,2.779434e-03,3.402639e-03,4.389341e-04,2.009085e-03,2.227157e-02,4.560515e-02,3.092191e-01,2.103491e-02,1.676745e-03,5.731076e-01,2.709176e-03
6.640869e-03,2.699571e-03,9.103043e-03,2.983824e-03,2.961518e-03,3.852918e-03,7.309447e-04,3.149756e-03,2.057614e-02,7.537672e-02,2.883326e-01,1.965518e-02,1.640425e-03,5.594175e-01,2.878962e-03
2.119756e-02,8.863729e-03,6.457016e-02,4.921528e-03,2.026403e-02,1.232726e-02,1.835227e-03,1.422316e-02,2.570141e-02,8.568566e-02,2.461907e-01,1.699222e-02,2.380484e-03,4.700962e-01,4.750646e-03
3.606702e-02,7.317226e-03,7.465314e-02,6.727359e-03,3.159907e-02,1.757446e-02,2.768716e-03,1.810723e-02,2.607898e-02,8.763717e-02,2.908655e-01,1.800252e-02,3.008353e-03,3.751050e-01,4.488226e-03
5.077025e-02,9.818923e-03,5.554898e-02,5.320885e-03,1.246486e-01,4.919915e-02,3.514287e-03,1.355286e-02,2.091908e-02,7.467636e-02,2.505027e-01,1.584579e-02,3.310437e-03,3.185439e-01,3.827850e-03
7.399736e-02,1.411480e-02,4.041834e-02,4.421274e-03,1.838829e-01,7.835363e-02,3.500554e-03,1.084552e-02,1.797997e-02,7.393757e-02,2.311493e-01,1.415237e-02,3.535906e-03,2.452607e-01,4.449863e-03
9.563629e-02,1.375798e-02,2.989643e-02,3.946913e-03,2.076117e-01,9.742417e-02,3.079027e-03,9.109045e-03,1.853098e-02,7.691488e-02,2.320315e-01,1.205058e-02,3.524842e-03,1.902318e-01,6.253859e-03
1.036112e-01,1.931075e-02,2.480477e-02,6.026892e-03,2.554845e-01,1.221751e-01,2.829593e-03,1.229493e-02,1.595952e-02,6.505293e-02,2.080664e-01,9.945480e-03,3.470028e-03,1.439558e-01,7.012128e-03
1.233635e-01,2.199344e-02,2.631629e-02,1.475183e-02,2.616000e-01,1.238905e-01,2.951906e-03,1.499521e-02,1.987468e-02,5.575610e-02,1.978405e-01,1.172541e-02,4.186519e-03,1.136436e-01,7.110525e-03
1.390951e-01,2.256274e-02,2.007620e-02,1.471077e-02,2.934870e-01,1.057939e-01,2.262136e-03,1.224537e-02,1.860289e-02,5.835949e-02,2.038890e-01,9.477268e-03,3.914665e-03,8.794130e-02,7.582207e-03
1.555539e-01,1.823220e-02,3.585815e-02,3.988891e-02,2.324026e-01,1.090441e-01,1.725355e-03,9.591843e-03,3.406388e-02,1.020262e-01,1.665773e-01,9.322100e-03,4.028338e-03,7.141143e-02,1.027367e-02
1.797822e-01,1.494399e-02,3.183258e-02,7.503307e-02,1.947826e-01,1.179617e-01,1.396985e-03,7.756513e-03,3.557183e-02,1.249145e-01,1.325764e-01,1.023028e-02,4.023102e-03,5.691031e-02,1.228409e-02
1.862984e-01,1.456414e-02,2.978330e-02,7.471371e-02,1.492094e-01,1.052112e-01,1.409819e-03,6.993493e-03,4.929274e-02,1.451754e-01,1.551199e-01,1.426555e-02,3.561611e-03,4.822755e-02,1.617385e-02
2.693238e-01,1.294728e-02,3.382068e-02,9.012207e-02,1.167345e-01,8.038117e-02,1.993224e-03,6.678551e-03,5.649298e-02,1.423480e-01,1.173652e-01,1.385927e-02,3.173782e-03,3.922722e-02,1.553226e-02
3.576415e-01,1.087625e-02,2.849414e-02,1.107455e-01,8.933529e-02,6.056894e-02,2.142055e-03,1.519140e-02,5.893434e-02,1.143940e-01,8.861335e-02,1.342918e-02,3.086929e-03,3.144030e-02,1.510692e-02
3.184213e-01,8.008589e-03,8.315727e-02,2.129136e-01,6.556316e-02,4.415553e-02,1.758909e-03,2.301392e-02,5.124348e-02,8.153258e-02,6.366592e-02,1.021964e-02,2.578060e-03,2.252276e-02,1.124532e-02
2.554670e-01,6.049887e-03,2.026683e-01,1.872322e-01,4.833642e-02,3.235110e-02,1.640866e-03,8.671843e-02,4.038020e-02,5.738046e-02,4.722429e-02,7.691919e-03,2.104897e-03,1.606435e-02,8.689726e-03
2.210180e-01,4.948718e-03,3.054516e-01,1.614292e-01,3.708059e-02,2.381315e-02,1.456984e-03,1.144098e-01,3.016135e-02,4.051015e-02,3.375598e-02,5.792199e-03,1.705303e-03,1.157058e-02,6.896316e-03
1.771629e-01,3.949949e-03,2.561726e-01,1.822054e-01,2.924046e-02,1.778118e-02,1.078024e-03,1.235244e-01,6.744403e-02,8.097880e-02,3.210409e-02,5.234940e-03,3.278211e-03,9.984216e-03,9.860756e-03
1.298425e-01,4.065002e-03,2.405499e-01,1.526257e-01,2.128818e-02,1.304869e-02,7.848077e-04,9.551950e-02,7.342396e-02,1.941264e-01,4.285367e-02,5.129280e-03,3.518837e-03,1.491627e-02,8.307382e-03
9.362133e-02,4.270265e-03,1.796526e-01,1.481675e-01,1.569984e-02,9.462548e-03,5.876265e-04,7.228409e-02,9.346822e-02,2.035536e-01,1.137326e-01,1.537705e-02,1.495240e-02,2.721101e-02,7.959351e-03
6.631312e-02,3.926562e-03,1.386416e-01,1.211070e-01,1.210977e-02,7.559204e-03,5.296428e-04,5.149823e-02,1.361369e-01,1.530365e-01,1.912945e-01,2.994833e-02,2.485149e-02,5.232500e-02,1.072218e-02
4.684529e-02,3.407856e-03,9.775658e-02,8.828562e-02,9.418909e-03,7.083987e-03,4.503202e-04,3.635672e-02,1.199203e-01,1.142845e-01,2.035890e-01,2.910280e-02,2.038499e-02,2.122125e-01,1.090055e-02
3.312043e-02,3.125891e-03,6.930957e-02,6.937206e-02,7.315109e-03,6.789640e-03,4.710742e-04,2.617171e-02,1.524481e-01,9.030735e-02,2.141981e-01,5.922675e-02,1.961203e-02,2.343338e-01,1.419839e-02
2.358950e-02,2.435630e-03,4.871752e-02,5.066710e-02,5.384766e-03,5.487941e-03,4.400031e-04,1.862261e-02,1.187806e-01,6.835788e-02,2.084721e-01,8.278351e-02,1.450774e-02,3.402643e-01,1.148873e-02
1.736882e-02,2.024131e-03,3.426744e-02,3.895794e-02,5.197113e-03,4.752845e-03,3.764816e-04,1.361026e-02,8.689991e-02,5.104059e-02,3.000037e-01,9.342959e-02,1.102853e-02,3.304322e-01,1.061044e-02
1.437467e-02,2.109336e-03,2.433244e-02,2.978136e-02,1.061390e-02,4.697046e-03,5.171824e-04,1.009212e-02,6.541059e-02,3.868881e-02,3.215635e-01,8.476521e-02,8.764410e-03,3.707255e-01,1.356389e-02
1.760296e-02,2.323707e-03,1.728819e-02,2.373571e-02,2.182311e-02,5.588484e-03,5.647581e-04,7.634103e-03,4.648808e-02,2.894404e-02,3.758169e-01,8.092444e-02,7.080019e-03,3.523926e-01,1.179281e-02
1.331654e-02,1.764090e-03,1.216127e-02,1.699715e-02,2.521536e-02,4.316451e-03,6.788309e-04,5.528460e-03,3.293574e-02,2.200655e-02,3.785848e-01,7.139299e-02,7.132409e-03,3.992907e-01,8.678548e-03
1.046290e-02,1.762963e-03,8.867875e-03,1.227980e-02,3.704099e-02,3.625262e-03,8.549991e-04,4.144731e-03,2.375288e-02,1.958286e-02,3.705860e-01,7.364969e-02,6.452702e-03,4.199959e-01,6.940411e-03
1.083791e-02,2.124815e-03,7.715343e-03,9.820492e-03,4.961776e-02,3.854725e-03,2.115853e-03,5.282945e-03,1.895637e-02,1.899380e-02,3.502361e-01,8.753409e-02,5.213867e-03,4.225251e-01,5.170768e-03
8.465816e-03,2.517657e-03,6.030162e-03,7.217111e-03,4.176313e-02,3.070062e-03,1.654623e-03,3.861316e-03,1.829867e-02,1.723409e-02,4.096042e-01,9.775383e-02,4.186010e-03,3.744555e-01,3.887773e-03
6.476809e-03,2.215066e-03,4.359111e-03,5.200569e-03,3.083290e-02,2.487493e-03,1.172777e-03,2.745598e-03,1.970432e-02,1.464173e-02,4.474567e-01,1.328855e-01,3.287657e-03,3.236805e-01,2.853215e-03
4.710504e-03,2.278567e-03,3.186840e-03,3.758447e-03,2.539024e-02,1.948297e-03,8.777282e-04,2.018761e-03,1.736427e-02,1.301753e-02,4.791277e-01,1.397359e-01,2.674547e-03,3.017314e-01,2.179184e-03
3.713391e-03,3.664009e-03,2.507700e-03,2.797296e-03,2.514553e-02,1.669330e-03,6.887087e-04,1.518446e-03,1.618256e-02,1.429717e-02,4.840582e-01,1.700923e-01,2.379012e-03,2.691588e-01,2.127508e-03
3.342197e-03,5.007426e-03,2.161470e-03,2.149092e-03,2.929552e-02,2.233321e-03,6.509661e-04,1.536544e-03,1.993907e-02,1.682755e-02,5.097030e-01,1.732572e-01,1.925604e-03,2.294842e-01,2.486835e-03
2.910944e-03,1.134190e-02,2.532627e-03,1.938330e-03,2.735590e-02,2.511995e-03,5.303964e-04,1.420259e-03,2.192297e-02,1.869880e-02,4.984254e-01,2.068135e-01,1.646064e-03,1.981774e-01,3.773575e-03
2.372911e-03,1.112719e-02,2.551874e-03,1.681675e-03,5.553989e-02,4.046471e-03,6.881020e-04,1.910335e-03,2.210777e-02,1.804776e-02,5.070230e-01,1.962660e-01,1.585919e-03,1.715714e-01,3.479813e-03
2.093104e-03,1.437421e-02,3.450524e-03,1.603951e-03,5.107271e-02,5.287725e-03,6.181490e-04,4.621213e-03,3.716647e-02,1.683665e-02,5.251454e-01,1.837738e-01,1.234479e-03,1.487349e-01,3.986690e-03
2.854162e-03,1.180975e-02,7.214455e-03,2.464584e-03,5.046786e-02,7.982633e-03,1.228352e-03,1.410315e-02,4.864528e-02,2.882360e-02,4.681419e-01,1.774689e-01,2.765988e-03,1.708919e-01,5.137531e-03
4.125243e-03,9.393904e-03,1.241823e-02,3.782382e-03,4.101507e-02,8.974032e-03,2.161258e-03,4.451790e-02,4.825444e-02,4.434484e-02,4.386381e-01,1.560966e-01,2.606922e-03,1.793758e-01,4.295218e-03
9.946989e-03,1.579457e-02,1.909250e-02,3.864135e-03,4.166195e-02,1.630941e-02,2.264542e-03,3.577837e-02,6.186873e-02,6.212423e-02,4.022887e-01,1.165221e-01,3.494116e-03,1.994981e-01,9.491498e-03
2.186178e-02,2.174741e-02,4.394951e-02,4.737660e-03,3.858994e-02,6.247027e-02,2.244713e-03,5.084739e-02,1.046080e-01,5.953013e-02,3.325086e-01,8.674429e-02,4.402458e-03,1.544304e-01,1.132739e-02
4.286016e-02,3.162527e-02,5.221223e-02,5.472817e-03,4.554757e-02,8.771048e-02,2.101097e-03,4.291891e-02,1.304556e-01,6.986989e-02,2.798027e-01,6.310375e-02,4.849558e-03,1.241171e-01,1.735284e-02
6.309937e-02,3.576550e-02,6.108366e-02,8.770689e-03,6.718659e-02,8.187242e-02,2.712151e-03,6.468658e-02,1.671656e-01,5.782574e-02,2.200530e-01,4.585293e-02,4.233731e-03,1.032422e-01,1.644991e-02
6.587761e-02,3.493511e-02,7.256109e-02,2.449774e-02,6.544244e-02,6.474681e-02,2.141785e-03,6.231482e-02,2.784037e-01,4.361300e-02,1.605029e-01,3.269111e-02,3.314934e-03,7.569879e-02,1.325819e-02
8.811793e-02,3.910013e-02,6.349635e-02,3.734380e-02,6.179428e-02,5.171591e-02,1.606332e-03,4.480933e-02,3.348861e-01,3.616070e-02,1.339852e-01,2.429822e-02,2.880801e-03,6.616498e-02,1.363992e-02
7.656423e-02,3.299609e-02,5.976880e-02,1.078042e-01,5.078367e-02,3.765048e-02,1.194594e-03,3.741718e-02,3.860429e-01,2.888319e-02,9.628661e-02,1.782537e-02,2.622310e-03,4.684196e-02,1.731839e-02
6.928687e-02,3.093873e-02,8.703746e-02,1.463021e-01,4.076561e-02,2.946139e-02,9.826594e-04,2.809695e-02,4.114197e-01,2.282155e-02,6.900736e-02,1.309057e-02,2.710710e-03,3.314095e-02,1.493743e-02
6.848325e-02,3.146648e-02,1.415434e-01,1.918232e-01,3.517777e-02,2.362540e-02,7.929038e-04,2.355910e-02,3.614928e-01,1.854904e-02,5.174670e-02,1.031056e-02,2.288103e-03,2.442130e-02,1.472002e-02
7.066044e-02,2.510818e-02,1.839063e-01,1.828263e-01,4.004768e-02,1.812008e-02,6.881352e-04,1.008013e-01,2.814632e-01,1.408390e-02,4.130167e-02,8.381097e-03,2.225548e-03,1.765490e-02,1.273120e-02
5.785704e-02,1.968165e-02,1.360078e-01,1.416099e-01,3.410206e-02,1.339270e-02,5.519732e-04,3.215480e-01,2.025553e-01,1.020248e-02,3.229505e-02,6.236202e-03,1.904936e-03,1.256909e-02,9.485763e-03
5.547819e-02,2.146067e-02,1.097248e-01,1.156204e-01,2.678345e-02,1.084647e-02,5.098541e-04,4.441503e-01,1.523632e-01,8.123353e-03,2.829449e-02,5.671145e-03,2.271876e-03,9.437705e-03,9.264207e-03
5.892175e-02,2.791688e-02,1.002213e-01,9.254745e-02,2.071150e-02,1.024082e-02,4.124698e-04,3.622949e-01,1.922606e-01,3.133395e-02,4.297375e-02,6.429469e-03,4.008716e-03,2.076707e-02,2.895933e-02
4.602008e-02,2.240629e-02,1.216785e-01,6.648333e-02,1.506775e-02,8.104516e-03,3.085884e-04,2.645476e-01,2.223656e-01,9.193435e-02,4.291607e-02,5.717869e-03,3.396063e-03,3.589930e-02,5.315404e-02
3.520507e-02,2.327882e-02,9.675887e-02,4.815722e-02,1.103429e-02,8.612879e-03,2.631134e-04,1.874195e-01,3.048307e-01,7.977476e-02,6.152696e-02,5.554653e-03,5.451221e-03,4.811072e-02,8.402120e-02
2.805329e-02,2.104104e-02,1.020572e-01,3.689474e-02,8.146857e-03,9.612929e-03,2.624070e-04,1.319945e-01,3.964446e-01,6.059265e-02,7.133420e-02,4.296646e-03,4.873134e-03,5.390315e-02,7.049267e-02
2.132139e-02,1.772556e-02,1.192007e-01,2.660539e-02,6.086465e-03,8.085876e-03,2.090534e-04,9.247218e-02,4.392174e-01,4.547928e-02,7.660282e-02,3.340008e-03,3.926441e-03,6.762072e-02,7.210676e-02
2.222367e-02,1.372858e-02,9.204660e-02,2.567923e-02,4.884772e-03,7.749145e-03,2.018250e-04,6.518831e-02,5.579959e-01,3.302859e-02,5.872232e-02,2.785774e-03,3.341666e-03,5.439664e-02,5.802694e-02
5.651483e-02,1.201576e-02,7.424860e-02,2.050401e-02,5.161808e-03,1.003159e-02,3.848452e-04,4.649528e-02,5.762113e-01,2.407985e-02,4.896332e-02,3.115941e-03,3.209794e-03,6.164757e-02,5.741545e-02
6.311183e-02,1.102254e-02,5.281395e-02,1.524511e-02,4.015740e-03,1.147472e-02,3.547498e-04,3.322985e-02,5.662789e-01,1.771153e-02,4.229156e-02,3.573441e-03,3.044418e-03,8.661380e-02,8.921784e-02
4.830164e-02,8.546496e-03,3.788817e-02,1.087863e-02,3.059861e-03,1.408385e-02,2.676712e-04,2.358044e-02,5.443665e-01,1.351909e-02,3.841402e-02,3.176303e-03,3.213134e-03,1.156757e-01,1.350285e-01
