1.000000e+00,0.000000e+00,0.000000e+00,0.000000e+00,0.000000e+00,0.000000e+00,0.000000e+00,0.000000e+00,0.000000e+00,0.000000e+00,0.000000e+00,0.000000e+00,0.000000e+00,0.000000e+00,0.000000e+00
1.000000e+00,0.000000e+00,0.000000e+00,0.000000e+00,0.000000e+00,0.000000e+00,0.000000e+00,0.000000e+00,0.000000e+00,0.000000e+00,0.000000e+00,0.000000e+00,0.000000e+00,0.000000e+00,0.000000e+00
1.000000e+00,0.000000e+00,0.000000e+00,0.000000e+00,0.000000e+00,0.000000e+00,0.000000e+00,0.000000e+00,0.000000e+00,0.000000e+00,0.000000e+00,0.000000e+00,0.000000e+00,0.000000e+00,0.000000e+00
1.000000e+00,0.000000e+00,0.000000e+00,0.000000e+00,0.000000e+00,0.000000e+00,0.000000e+00,0.000000e+00,0.000000e+00,0.000000e+00,0.000000e+00,0.000000e+00,0.000000e+00,0.000000e+00,0.000000e+00
1.000000e+00,0.000000e+00,0.000000e+00,0.000000e+00,0.000000e+00,0.000000e+00,0.000000e+00,0.000000e+00,0.000000e+00,0.000000e+00,0.000000e+00,0.000000e+00,0.000000e+00,0.000000e+00,0.000000e+00
1.000000e+00,0.000000e+00,0.000000e+00,0.000000e+00,0.000000e+00,0.000000e+00,0.000000e+00,0.000000e+00,0.000000e+00,0.000000e+00,0.000000e+00,0.000000e+00,0.000000e+00,0.000000e+00,0.000000e+00
1.000000e+00,0.000000e+00,0.000000e+00,0.000000e+00,0.000000e+00,0.000000e+00,0.000000e+00,0.000000e+00,0.000000e+00,0.000000e+00,0.000000e+00,0.000000e+00,0.000000e+00,0.000000e+00,0.000000e+00
1.000000e+00,0.000000e+00,0.000000e+00,0.000000e+00,0.000000e+00,0.000000e+00,0.000000e+00,0.000000e+00,0.000000e+00,0.000000e+00,0.000000e+00,0.000000e+00,0.000000e+00,0.000000e+00,0.000000e+00
1.000000e+00,0.000000e+00,0.000000e+00,0.000000e+00,0.000000e+00,0.000000e+00,0.000000e+00,0.000000e+00,0.000000e+00,0.000000e+00,0.000000e+00,0.000000e+00,0.000000e+00,0.000000e+00,0.000000e+00
1.000000e+00,0.000000e+00,0.000000e+00,0.000000e+00,0.000000e+00,0.000000e+00,0.000000e+00,0.000000e+00,0.000000e+00,0.000000e+00,0.000000e+00,0.000000e+00,0.000000e+00,0.000000e+00,0.000000e+00
1.000000e+00,0.000000e+00,0.000000e+00,0.000000e+00,0.000000e+00,0.000000e+00,0.000000e+00,0.000000e+00,0.000000e+00,0.000000e+00,0.000000e+00,0.000000e+00,0.000000e+00,0.000000e+00,0.000000e+00
1.000000e+00,0.000000e+00,0.000000e+00,0.000000e+00,0.000000e+00,0.000000e+00,0.000000e+00,0.000000e+00,0.000000e+00,0.000000e+00,0.000000e+00,0.000000e+00,0.000000e+00,0.000000e+00,0.000000e+00
1.000000e+00,0.000000e+00,0.000000e+00,0.000000e+00,0.000000e+00,0.000000e+00,0.000000e+00,0.000000e+00,0.000000e+00,0.000000e+00,0.000000e+00,0.000000e+00,0.000000e+00,0.000000e+00,0.000000e+00
1.000000e+00,0.000000e+00,0.000000e+00,0.000000e+00,0.000000e+00,0.000000e+00,0.000000e+00,0.000000e+00,0.000000e+00,0.000000e+00,0.000000e+00,0.000000e+00,0.000000e+00,0.000000e+00,0.000000e+00
1.000000e+00,0.000000e+00,0.000000e+00,0.000000e+00,0.000000e+00,0.000000e+00,0.000000e+00,0.000000e+00,0.000000e+00,0.000000e+00,0.000000e+00,0.000000e+00,0.000000e+00,0.000000e+00,0.000000e+00
1.000000e+00,0.000000e+00,0.000000e+00,0.000000e+00,0.000000e+00,0.000000e+00,0.000000e+00,0.000000e+00,0.000000e+00,0.000000e+00,0.000000e+00,0.000000e+00,0.000000e+00,0.000000e+00,0.000000e+00
1.000000e+00,0.000000e+00,0.000000e+00,0.000000e+00,0.000000e+00,0.000000e+00,0.000000e+00,0.000000e+00,0.000000e+00,0.000000e+00,0.000000e+00,0.000000e+00,0.000000e+00,0.000000e+00,0.000000e+00
1.000000e+00,0.000000e+00,0.000000e+00,0.000000e+00,0.000000e+00,0.000000e+00,0.000000e+00,0.000000e+00,0.000000e+00,0.000000e+00,0.000000e+00,0.000000e+00,0.000000e+00,0.000000e+00,0.000000e+00
1.000000e+00,0.000000e+00,0.000000e+00,0.000000e+00,0.000000e+00,0.000000e+00,0.000000e+00,0.000000e+00,0.000000e+00,0.000000e+00,0.000000e+00,0.000000e+00,0.000000e+00,0.000000e+00,0.000000e+00
1.000000e+00,0.000000e+00,0.000000e+00,0.000000e+00,0.000000e+00,0.000000e+00,0.000000e+00,0.000000e+00,0.000000e+00,0.000000e+00,0.000000e+00,0.000000e+00,0.000000e+00,0.000000e+00,0.000000e+00
1.000000e+00,0.000000e+00,0.000000e+00,0.000000e+00,0.000000e+00,0.000000e+00,0.000000e+00,0.000000e+00,0.000000e+00,0.000000e+00,0.000000e+00,0.000000e+00,0.000000e+00,0.000000e+00,0.000000e+00
1.000000e+00,0.000000e+00,0.000000e+00,0.000000e+00,0.000000e+00,0.000000e+00,0.000000e+00,0.000000e+00,0.000000e+00,0.000000e+00,0.000000e+00,0.000000e+00,0.000000e+00,0.000000e+00,0.000000e+00
1.000000e+00,0.000000e+00,0.000000e+00,0.000000e+00,0.000000e+00,0.000000e+00,0.000000e+00,0.000000e+00,0.000000e+00,0.000000e+00,0.000000e+00,0.000000e+00,0.000000e+00,0.000000e+00,0.000000e+00
1.000000e+00,0.000000e+00,0.000000e+00,0.000000e+00,0.000000e+00,0.000000e+00,0.000000e+00,0.000000e+00,0.000000e+00,0.000000e+00,0.000000e+00,0.000000e+00,0.000000e+00,0.000000e+00,0.000000e+00
1.000000e+00,0.000000e+00,0.000000e+00,0.000000e+00,0.000000e+00,0.000000e+00,0.000000e+00,0.000000e+00,0.000000e+00,0.000000e+00,0.000000e+00,0.000000e+00,0.000000e+00,0.000000e+00,0.000000e+00
1.000000e+00,0.000000e+00,0.000000e+00,0.000000e+00,0.000000e+00,0.000000e+00,0.000000e+00,0.000000e+00,0.000000e+00,0.000000e+00,0.000000e+00,0.000000e+00,0.000000e+00,0.000000e+00,0.000000e+00
1.000000e+00,0.000000e+00,0.000000e+00,0.000000e+00,0.000000e+00,0.000000e+00,0.000000e+00,0.000000e+00,0.000000e+00,0.000000e+00,0.000000e+00,0.000000e+00,0.000000e+00,0.000000e+00,0.000000e+00
1.000000e+00,0.000000e+00,0.000000e+00,0.000000e+00,0.000000e+00,0.000000e+00,0.000000e+00,0.000000e+00,0.000000e+00,0.000000e+00,0.000000e+00,0.000000e+00,0.000000e+00,0.000000e+00,0.000000e+00
1.000000e+00,0.000000e+00,0.000000e+00,0.000000e+00,0.000000e+00,0.000000e+00,0.000000e+00,0.000000e+00,0.000000e+00,0.000000e+00,0.000000e+00,0.000000e+00,0.000000e+00,0.000000e+00,0.000000e+00
1.000000e+00,0.000000e+00,0.000000e+00,0.000000e+00,0.000000e+00,0.000000e+00,0.000000e+00,0.000000e+00,0.000000e+00,0.000000e+00,0.000000e+00,0.000000e+00,0.000000e+00,0.000000e+00,0.000000e+00
1.000000e+00,0.000000e+00,0.000000e+00,0.000000e+00,0.000000e+00,0.000000e+00,0.000000e+00,0.000000e+00,0.000000e+00,0.000000e+00,0.000000e+00,0.000000e+00,0.000000e+00,0.000000e+00,0.000000e+00
1.000000e+00,0.000000e+00,0.000000e+00,0.000000e+00,0.000000e+00,0.000000e+00,0.000000e+00,0.000000e+00,0.000000e+00,0.000000e+00,0.000000e+00,0.000000e+00,0.000000e+00,0.000000e+00,0.000000e+00
1.000000e+00,0.000000e+00,0.000000e+00,0.000000e+00,0.000000e+00,0.000000e+00,0.000000e+00,0.000000e+00,0.000000e+00,0.000000e+00,0.000000e+00,0.000000e+00,0.000000e+00,0.000000e+00,0.000000e+00
1.000000e+00,0.000000e+00,0.000000e+00,0.000000e+00,0.000000e+00,0.000000e+00,0.000000e+00,0.000000e+00,0.000000e+00,0.000000e+00,0.000000e+00,0.000000e+00,0.000000e+00,0.000000e+00,0.000000e+00
1.000000e+00,0.000000e+00,0.000000e+00,0.000000e+00,0.000000e+00,0.000000e+00,0.000000e+00,0.000000e+00,0.000000e+00,0.000000e+00,0.000000e+00,0.000000e+00,0.000000e+00,0.000000e+00,0.000000e+00
1.000000e+00,0.000000e+00,0.000000e+00,0.000000e+00,0.000000e+00,0.000000e+00,0.000000e+00,0.000000e+00,0.000000e+00,0.000000e+00,0.000000e+00,0.000000e+00,0.000000e+00,0.000000e+00,0.000000e+00
1.000000e+00,0.000000e+00,0.000000e+00,0.000000e+00,0.000000e+00,0.000000e+00,0.000000e+00,0.000000e+00,0.000000e+00,0.000000e+00,0.000000e+00,0.000000e+00,0.000000e+00,0.000000e+00,0.000000e+00
1.000000e+00,0.000000e+00,0.000000e+00,0.000000e+00,0.000000e+00,0.000000e+00,0.000000e+00,0.000000e+00,0.000000e+00,0.000000e+00,0.000000e+00,0.000000e+00,0.000000e+00,0.000000e+00,0.000000e+00
1.000000e+00,0.000000e+00,0.000000e+00,0.000000e+00,0.000000e+00,0.000000e+00,0.000000e+00,0.000000e+00,0.000000e+00,0.000000e+00,0.000000e+00,0.000000e+00,0.000000e+00,0.000000e+00,0.000000e+00
1.000000e+00,0.000000e+00,0.000000e+00,0.000000e+00,0.000000e+00,0.000000e+00,0.000000e+00,0.000000e+00,0.000000e+00,0.000000e+00,0.000000e+00,0.000000e+00,0.000000e+00,0.000000e+00,0.000000e+00
1.000000e+00,0.000000e+00,0.000000e+00,0.000000e+00,0.000000e+00,0.000000e+00,0.000000e+00,0.000000e+00,0.000000e+00,0.000000e+00,0.000000e+00,0.000000e+00,0.000000e+00,0.000000e+00,0.000000e+00
1.000000e+00,0.000000e+00,0.000000e+00,0.000000e+00,0.000000e+00,0.000000e+00,0.000000e+00,0.000000e+00,0.000000e+00,0.000000e+00,0.000000e+00,0.000000e+00,0.000000e+00,0.000000e+00,0.000000e+00
1.000000e+00,0.000000e+00,0.000000e+00,0.000000e+00,0.000000e+00,0.000000e+00,0.000000e+00,0.000000e+00,0.000000e+00,0.000000e+00,0.000000e+00,0.000000e+00,0.000000e+00,0.000000e+00,0.000000e+00
1.000000e+00,0.000000e+00,0.000000e+00,0.000000e+00,0.000000e+00,0.000000e+00,0.000000e+00,0.000000e+00,0.000000e+00,0.000000e+00,0.000000e+00,0.000000e+00,0.000000e+00,0.000000e+00,0.000000e+00
1.000000e+00,0.000000e+00,0.000000e+00,0.000000e+00,0.000000e+00,0.000000e+00,0.000000e+00,0.000000e+00,0.000000e+00,0.000000e+00,0.000000e+00,0.000000e+00,0.000000e+00,0.000000e+00,0.000000e+00
4.779612e-01,9.517670e-03,2.361099e-01,5.353780e-02,6.895744e-03,1.368229e-02,6.806093e-03,1.406282e-01,5.318804e-03,1.467508e-03,1.345902e-02,1.223306e-02,8.921784e-03,3.478287e-03,9.982591e-03
4.008018e-01,7.422697e-03,1.954176e-01,4.269480e-02,6.280278e-03,1.108318e-02,7.488258e-03,2.860346e-01,4.319177e-03,1.240884e-03,1.017752e-02,8.976638e-03,6.985561e-03,2.735352e-03,8.341531e-03
3.316321e-01,7.014074e-03,1.650729e-01,3.646882e-02,7.179065e-03,1.489451e-02,7.082519e-03,3.922997e-01,3.726163e-03,1.560073e-03,9.052507e-03,6.929505e-03,5.487518e-03,2.515954e-03,9.084655e-03
2.718973e-01,5.474091e-03,1.465027e-01,3.399602e-02,6.051559e-03,1.284333e-02,6.837941e-03,4.845471e-01,3.025068e-03,1.476921e-03,7.361827e-03,5.389354e-03,4.417674e-03,2.027116e-03,8.152134e-03
2.534353e-01,4.406668e-03,1.288168e-01,3.284414e-02,5.175866e-03,1.175779e-02,8.454317e-03,5.271737e-01,2.482929e-03,1.853013e-03,5.638364e-03,4.798343e-03,3.758725e-03,1.740603e-03,7.663486e-03
3.411192e-01,3.610599e-03,1.020956e-01,2.514435e-02,5.113740e-03,1.713658e-02,7.514521e-03,4.653258e-01,2.801661e-03,4.324557e-03,5.060807e-03,5.354946e-03,3.860364e-03,1.710106e-03,9.827169e-03
3.345147e-01,3.709785e-03,7.944696e-02,1.910012e-02,6.497375e-03,2.309304e-02,6.447117e-03,4.843915e-01,4.695573e-03,5.243863e-03,5.339563e-03,8.384311e-03,8.123489e-03,1.931000e-03,9.081678e-03
3.659150e-01,3.317682e-03,5.739463e-02,1.552598e-02,8.107549e-03,2.759398e-02,5.193557e-03,4.761108e-01,4.164775e-03,4.301684e-03,4.483417e-03,8.959292e-03,8.114293e-03,1.759033e-03,9.058399e-03
3.095950e-01,2.749304e-03,4.192100e-02,1.320970e-02,1.287181e-02,2.343512e-02,4.137869e-03,5.576637e-01,3.408337e-03,3.256030e-03,3.562186e-03,8.190946e-03,7.063684e-03,1.409414e-03,7.525941e-03
3.071101e-01,2.743892e-03,3.068506e-02,1.194267e-02,1.456752e-02,2.642694e-02,3.389434e-03,5.622561e-01,3.820538e-03,2.602233e-03,3.711528e-03,1.213757e-02,8.132829e-03,1.930715e-03,8.542967e-03
2.552977e-01,2.252660e-03,2.236325e-02,9.865797e-03,2.218889e-02,2.037461e-02,2.679678e-03,6.331069e-01,2.905307e-03,1.916061e-03,3.016425e-03,9.521395e-03,6.431491e-03,1.461224e-03,6.618660e-03
2.247139e-01,2.009923e-03,1.719451e-02,8.545934e-03,2.950617e-02,1.637338e-02,2.756163e-03,6.722655e-01,2.315349e-03,1.520221e-03,2.565583e-03,8.153680e-03,5.364507e-03,1.161032e-03,5.554256e-03
2.123183e-01,1.922309e-03,1.419369e-02,8.307102e-03,2.848306e-02,1.383663e-02,2.670653e-03,6.936476e-01,1.951301e-03,1.244922e-03,2.910502e-03,7.254796e-03,4.514596e-03,1.057396e-03,5.687153e-03
2.376370e-01,2.261971e-03,1.128401e-02,9.103626e-03,2.696943e-02,1.326833e-02,2.392998e-03,6.698103e-01,1.680676e-03,1.038338e-03,4.657917e-03,6.410077e-03,4.109145e-03,1.343874e-03,8.032309e-03
1.703226e-01,3.304108e-03,8.371680e-03,7.816019e-03,1.955222e-02,2.524306e-02,1.878881e-03,4.700333e-01,1.500583e-03,8.625659e-04,2.349103e-01,3.721846e-02,3.773262e-03,9.189006e-03,6.023979e-03
1.195792e-01,2.500595e-03,5.948856e-03,5.561071e-03,1.423612e-02,1.830767e-02,1.323847e-03,3.290695e-01,4.134456e-03,7.209503e-04,4.393706e-01,4.237467e-02,2.712044e-03,9.495459e-03,4.664970e-03
8.419969e-02,2.025410e-03,4.719045e-03,4.228431e-03,1.078703e-02,1.383229e-02,9.568995e-04,2.304317e-01,5.259000e-03,1.076378e-03,5.714555e-01,5.557581e-02,1.997644e-03,8.715415e-03,4.739823e-03
6.007017e-02,2.410879e-03,4.238059e-03,3.623434e-03,1.077027e-02,1.436101e-02,8.324113e-04,1.621709e-01,9.590277e-03,2.077689e-03,6.261163e-01,4.549021e-02,1.588711e-03,4.761781e-02,9.041842e-03
4.267442e-02,3.055496e-03,3.703261e-03,2.905661e-03,2.224738e-02,1.255553e-02,7.874442e-04,1.140787e-01,7.256775e-02,3.136074e-03,6.107775e-01,4.507089e-02,1.549325e-03,5.626214e-02,8.628419e-03
3.083559e-02,2.979422e-03,4.275760e-03,2.463649e-03,1.665241e-02,3.420775e-02,1.125034e-03,8.221537e-02,6.831756e-02,4.560811e-03,6.029645e-01,8.887594e-02,2.116521e-03,5.147873e-02,6.930897e-03
2.192963e-02,2.970834e-03,1.047129e-02,4.179240e-03,4.734397e-02,3.369976e-02,2.021472e-03,5.987769e-02,8.148408e-02,6.403736e-03,5.912437e-01,9.001773e-02,1.994939e-03,4.067696e-02,5.684963e-03
1.570093e-02,2.625113e-03,1.027991e-02,3.470227e-03,8.056794e-02,3.938818e-02,2.212886e-03,4.371586e-02,1.428871e-01,5.577283e-03,5.383348e-01,7.800224e-02,1.812096e-03,3.107285e-02,4.352535e-03
1.375757e-02,4.292083e-03,1.261444e-02,4.305441e-03,6.899625e-02,3.678464e-02,2.092358e-03,3.483976e-02,1.480225e-01,5.812769e-03,5.340268e-01,6.946012e-02,2.303566e-03,5.711524e-02,5.576404e-03
1.190220e-02,5.486079e-03,2.316572e-02,1.243260e-02,6.737825e-02,3.196792e-02,2.076550e-03,3.490972e-02,1.692687e-01,7.280241e-03,5.026319e-01,6.974558e-02,3.036306e-03,5.202458e-02,6.693706e-03
1.608729e-02,9.399626e-03,2.506548e-02,1.698517e-02,6.216082e-02,2.946652e-02,2.457665e-03,4.480490e-02,1.952394e-01,1.406512e-02,3.992332e-01,9.872991e-02,1.175492e-02,6.337754e-02,1.117246e-02
3.521170e-02,9.165846e-03,2.367336e-02,2.504674e-02,6.623968e-02,2.434438e-02,3.987020e-03,4.969988e-02,1.696972e-01,1.467272e-02,3.585553e-01,8.255337e-02,3.068401e-02,8.676590e-02,1.970286e-02
9.143476e-02,1.238208e-02,2.359134e-02,3.604344e-02,7.125564e-02,2.452027e-02,5.974984e-03,4.032974e-02,1.595448e-01,1.614927e-02,2.914421e-01,6.827929e-02,4.267937e-02,8.648542e-02,2.988752e-02
1.514744e-01,1.742257e-02,3.213508e-02,3.721420e-02,5.808143e-02,2.762876e-02,1.064826e-02,5.399580e-02,1.399188e-01,1.815381e-02,2.300288e-01,5.692675e-02,4.649620e-02,8.582623e-02,3.404896e-02
1.618922e-01,3.943814e-02,3.978377e-02,4.252066e-02,4.927854e-02,3.220132e-02,9.329743e-03,4.593923e-02,1.490766e-01,2.686637e-02,1.715986e-01,4.689687e-02,4.022002e-02,7.052951e-02,7.442848e-02
1.273072e-01,3.804003e-02,6.327844e-02,1.328715e-01,4.273779e-02,2.477753e-02,7.157285e-03,3.555267e-02,1.712800e-01,3.268678e-02,1.238796e-01,3.385580e-02,3.076633e-02,5.046143e-02,8.534765e-02
1.504952e-01,3.519686e-02,6.322224e-02,1.494374e-01,5.842574e-02,3.097854e-02,2.120477e-02,2.785561e-02,1.669886e-01,2.914972e-02,9.390871e-02,2.737517e-02,3.152449e-02,3.833675e-02,7.590021e-02
1.323424e-01,3.580673e-02,5.939236e-02,1.393767e-01,7.240930e-02,3.091287e-02,1.946441e-02,2.028296e-02,2.174106e-01,2.815520e-02,7.327896e-02,2.171130e-02,4.306038e-02,3.000756e-02,7.638821e-02
1.046234e-01,5.762130e-02,4.972552e-02,1.033985e-01,6.225767e-02,2.452351e-02,1.487886e-02,1.475579e-02,2.581394e-01,3.800122e-02,5.857024e-02,1.831609e-02,4.122445e-02,2.282945e-02,1.311347e-01
1.006738e-01,8.441347e-02,4.527534e-02,7.572429e-02,8.415177e-02,2.146327e-02,1.369932e-02,1.391739e-02,2.984828e-01,3.292936e-02,4.891308e-02,1.715221e-02,3.676949e-02,1.930609e-02,1.071283e-01
8.577668e-02,8.613272e-02,3.499471e-02,1.302981e-01,8.675976e-02,1.900477e-02,1.090481e-02,2.132666e-02,3.051633e-01,2.824861e-02,3.903909e-02,1.746351e-02,2.846347e-02,1.419913e-02,9.222468e-02
9.853457e-02,6.668019e-02,5.674466e-02,2.078358e-01,8.610825e-02,1.937582e-02,9.491008e-03,2.173205e-02,2.446564e-01,2.458812e-02,3.349002e-02,2.132371e-02,2.433614e-02,1.127418e-02,7.382908e-02
1.697481e-01,6.025634e-02,4.937366e-02,1.932267e-01,1.131977e-01,2.065080e-02,8.913686e-03,1.846574e-02,1.900764e-01,1.996442e-02,2.832708e-02,2.484704e-02,2.440520e-02,9.619948e-03,6.892727e-02
2.633842e-01,5.248562e-02,4.180910e-02,1.526431e-01,1.040009e-01,2.232442e-02,8.915998e-03,3.242264e-02,1.463605e-01,1.580632e-02,2.557906e-02,2.465153e-02,4.864080e-02,9.071550e-03,5.190447e-02
3.179784e-01,5.112337e-02,4.620387e-02,1.508985e-01,9.278644e-02,2.354050e-02,8.619636e-03,3.014744e-02,1.096430e-01,1.379280e-02,2.169082e-02,3.031910e-02,5.175899e-02,8.179003e-03,4.331826e-02
3.513379e-01,4.568907e-02,5.042215e-02,1.460081e-01,6.757542e-02,3.228801e-02,7.219754e-03,2.419537e-02,8.050065e-02,1.180281e-02,2.245155e-02,6.116015e-02,5.534951e-02,6.299351e-03,3.770020e-02
3.995987e-01,3.428828e-02,4.000028e-02,1.256345e-01,4.814078e-02,3.050685e-02,5.630801e-03,1.810749e-02,5.927225e-02,9.327875e-03,2.379448e-02,1.094210e-01,6.177268e-02,5.068880e-03,2.943514e-02
3.350364e-01,2.510310e-02,2.932015e-02,9.568094e-02,3.409795e-02,2.783444e-02,4.112433e-03,1.311961e-02,4.697073e-02,9.210829e-03,3.647360e-02,1.819830e-01,1.348050e-01,3.988104e-03,2.226376e-02
2.555799e-01,1.877244e-02,2.136501e-02,7.276500e-02,2.508878e-02,2.982878e-02,3.160724e-03,1.001646e-02,4.268967e-02,8.375256e-03,4.204442e-02,3.410332e-01,1.078296e-01,3.709678e-03,1.774107e-02
1.793797e-01,1.328249e-02,1.502719e-02,5.164251e-02,1.867862e-02,2.133236e-02,2.282878e-03,7.119650e-03,4.048702e-02,6.365068e-03,4.245593e-02,4.976070e-01,8.897141e-02,2.741108e-03,1.262703e-02
1.276445e-01,9.825898e-03,1.114312e-02,3.845486e-02,1.722080e-02,1.695184e-02,1.901899e-03,7.524165e-03,3.713303e-02,9.135874e-03,5.085288e-02,5.821240e-01,7.588200e-02,4.677684e-03,9.527462e-03
9.038925e-02,7.130826e-03,8.285346e-03,2.854899e-02,2.235533e-02,1.346552e-02,1.815519e-03,6.246198e-03,3.153977e-02,1.952235e-02,7.693847e-02,6.221416e-01,5.841918e-02,6.102419e-03,7.099169e-03
6.360875e-02,5.155602e-03,6.103496e-03,2.079872e-02,2.950505e-02,1.155753e-02,2.385608e-03,5.208624e-03,3.028364e-02,1.721456e-02,8.443154e-02,6.694409e-01,4.414803e-02,5.008003e-03,5.149851e-03
4.462465e-02,3.677508e-03,4.528092e-03,1.474216e-02,5.973259e-02,9.220004e-03,4.979557e-03,7.402278e-03,2.454664e-02,1.369268e-02,7.122368e-02,6.990211e-01,3.405959e-02,4.160499e-03,4.388975e-03
3.158792e-02,2.937868e-03,4.638900e-03,1.038562e-02,1.475888e-01,8.204466e-03,8.398429e-03,1.413779e-02,2.249785e-02,1.029079e-02,6.449247e-02,6.391178e-01,2.849024e-02,3.623839e-03,3.607238e-03
2.243480e-02,2.121701e-03,3.583987e-03,7.319268e-03,1.207125e-01,6.628761e-03,7.341011e-03,1.506063e-02,1.914507e-02,9.885142e-03,5.481612e-02,6.967162e-01,2.772663e-02,3.624512e-03,2.883747e-03
1.650802e-02,1.517758e-03,2.545744e-03,5.194591e-03,9.019678e-02,5.990922e-03,5.334349e-03,1.237490e-02,1.586884e-02,8.282779e-03,4.747328e-02,7.539134e-01,2.966849e-02,3.045346e-03,2.084823e-03
1.300150e-02,1.122111e-03,1.903828e-03,3.738183e-03,7.664344e-02,5.236526e-03,4.197185e-03,1.192772e-02,1.708365e-02,7.308081e-03,4.377588e-02,7.791390e-01,3.093203e-02,2.459638e-03,1.531141e-03
1.176091e-02,1.080257e-03,2.379575e-03,3.098281e-03,1.120416e-01,4.137606e-03,5.419565e-03,1.946048e-02,4.102408e-02,8.860615e-03,4.103571e-02,7.094105e-01,3.649029e-02,2.477513e-03,1.322951e-03
1.114238e-02,1.424715e-03,2.929681e-03,2.404650e-03,1.531963e-01,3.414992e-03,5.331973e-03,2.631897e-02,1.145285e-01,8.010553e-03,3.767346e-02,5.907025e-01,3.942784e-02,2.249655e-03,1.243730e-03
1.074156e-02,1.227504e-02,8.964192e-03,2.996942e-03,1.254526e-01,7.002535e-03,4.120761e-03,3.271241e-02,1.636853e-01,1.237315e-02,3.032991e-02,5.489395e-01,3.621215e-02,2.686884e-03,1.506952e-03
1.203983e-02,2.520616e-02,2.006391e-02,3.544472e-03,1.458580e-01,6.587916e-03,3.793279e-03,3.012617e-02,2.960469e-01,1.060392e-02,2.350754e-02,3.899042e-01,2.918794e-02,2.255464e-03,1.274265e-03
1.050307e-02,3.134415e-02,1.886356e-02,3.018268e-03,1.402957e-01,7.468767e-03,3.493862e-03,2.602778e-02,4.317961e-01,8.559649e-03,1.751681e-02,2.767726e-01,2.150622e-02,1.770645e-03,1.062761e-03
9.346509e-03,3.665136e-02,1.598943e-02,2.672113e-03,1.260445e-01,1.232593e-02,2.883614e-03,1.973540e-02,5.410887e-01,6.464277e-03,1.376734e-02,1.951429e-01,1.554601e-02,1.405216e-03,9.366555e-04
8.363729e-03,3.596845e-02,2.153909e-02,4.924295e-03,1.153485e-01,1.210489e-02,2.671795e-03,2.264706e-02,6.102581e-01,5.435935e-03,9.929528e-03,1.374809e-01,1.141054e-02,1.041983e-03,8.753065e-04
1.021762e-02,2.934463e-02,1.258065e-01,5.752273e-02,1.172647e-01,9.371055e-03,2.064561e-03,2.589994e-02,5.017402e-01,5.457199e-03,7.423298e-03,9.695779e-02,8.692084e-03,7.585144e-04,1.479232e-03
1.052734e-02,5.444418e-02,1.787664e-01,5.534846e-02,1.188943e-01,1.887747e-02,1.991679e-03,2.551949e-02,4.443966e-01,4.801622e-03,5.801944e-03,6.956927e-02,7.677146e-03,6.206848e-04,2.763309e-03
9.510250e-03,5.246548e-02,3.570961e-01,6.096468e-02,8.856076e-02,1.507235e-02,1.646958e-03,2.111407e-02,3.256975e-01,4.806223e-03,4.369892e-03,4.921392e-02,5.865110e-03,4.571512e-04,3.159578e-03
1.889525e-02,6.519178e-02,4.563890e-01,4.858275e-02,7.708605e-02,1.172931e-02,4.266355e-03,2.123204e-02,2.393993e-01,9.515490e-03,3.964767e-03,3.485842e-02,4.536879e-03,6.375596e-04,3.715065e-03
2.596769e-02,5.422669e-02,4.949600e-01,3.787083e-02,1.255105e-01,1.646204e-02,7.483145e-03,1.855852e-02,1.752952e-01,8.385505e-03,3.103865e-03,2.468016e-02,3.854465e-03,5.968937e-04,3.044580e-03
3.544193e-02,8.619525e-02,4.449263e-01,3.461737e-02,1.437879e-01,1.962764e-02,7.316653e-03,1.582322e-02,1.705439e-01,9.939084e-03,2.877331e-03,1.781372e-02,3.433588e-03,6.365363e-04,7.019704e-03
4.008071e-02,8.432415e-02,4.094737e-01,4.892484e-02,1.791021e-01,3.748731e-02,6.985877e-03,1.517506e-02,1.405719e-01,8.321727e-03,2.683962e-03,1.321296e-02,4.187459e-03,7.888778e-04,8.679450e-03
3.859735e-02,6.575854e-02,3.297475e-01,2.317795e-01,1.442039e-01,3.069957e-02,5.315184e-03,1.494621e-02,1.025334e-01,7.375514e-03,3.476427e-03,1.003421e-02,3.568693e-03,7.445157e-04,1.121953e-02
3.678607e-02,5.193288e-02,2.734563e-01,3.020553e-01,1.218131e-01,2.715208e-02,4.092843e-03,1.214014e-02,8.512760e-02,6.970813e-03,3.428739e-02,1.390576e-02,1.775239e-02,9.496685e-04,1.157763e-02
2.888975e-02,3.979650e-02,2.026632e-01,3.810084e-01,9.462646e-02,2.265679e-02,3.007968e-03,9.239281e-03,7.308263e-02,6.200673e-03,6.535245e-02,1.688880e-02,4.329670e-02,9.717295e-04,1.231865e-02
2.079659e-02,2.834568e-02,1.423837e-01,3.433927e-01,6.730534e-02,1.865271e-02,2.155498e-03,6.779945e-03,5.301384e-02,4.536832e-03,5.351625e-02,2.116368e-02,2.282619e-01,6.899320e-04,9.005455e-03
1.575911e-02,2.005637e-02,9.991096e-02,2.462682e-01,4.859948e-02,2.517612e-02,1.780499e-03,5.128179e-03,3.866469e-02,3.523840e-03,3.893692e-02,2.000986e-02,4.281229e-01,5.694697e-04,7.493433e-03
1.269851e-02,1.430675e-02,7.011669e-02,1.749398e-01,3.562933e-02,2.392683e-02,1.431442e-03,3.896768e-03,3.019525e-02,2.938058e-03,2.924221e-02,1.912428e-02,5.733478e-01,1.066903e-03,7.139375e-03
1.825790e-02,1.146635e-02,4.993048e-02,1.244911e-01,2.549523e-02,2.644208e-02,1.567791e-03,3.091328e-03,2.259190e-02,3.130072e-03,4.654634e-02,1.067413e-01,5.493015e-01,3.138992e-03,7.807700e-03
1.879800e-02,9.119681e-03,3.587529e-02,8.865932e-02,1.828147e-02,3.305005e-02,1.616794e-03,2.459839e-03,1.687422e-02,2.897075e-03,4.641866e-02,1.722306e-01,5.436842e-01,3.004366e-03,7.030464e-03
1.344967e-02,6.538150e-03,2.515506e-02,6.233070e-02,1.294688e-02,3.048669e-02,1.236698e-03,1.729838e-03,1.221358e-02,2.998737e-03,4.561927e-02,1.778190e-01,5.987035e-01,2.984460e-03,5.787777e-03
9.813485e-03,4.654291e-03,1.764060e-02,4.375415e-02,9.227662e-03,2.333775e-02,9.582211e-04,1.215712e-03,9.026158e-03,5.620020e-03,5.463508e-02,2.887178e-01,5.234340e-01,2.824799e-03,5.140219e-03
7.417575e-03,3.314666e-03,1.240221e-02,3.070454e-02,6.686717e-03,1.751731e-02,7.893919e-04,8.619967e-04,6.983207e-03,1.716667e-02,7.122579e-02,3.203964e-01,4.966150e-01,2.525477e-03,5.393046e-03
5.497743e-03,2.451047e-03,8.885294e-03,2.153027e-02,4.980688e-03,1.353647e-02,6.990325e-04,6.326574e-04,5.547361e-03,4.131262e-02,8.279179e-02,3.519576e-01,4.526173e-01,2.195169e-03,5.364994e-03
4.072168e-03,1.817053e-03,6.359540e-03,1.509714e-02,3.953385e-03,1.086151e-02,6.458380e-04,4.704295e-04,4.738245e-03,6.149984e-02,9.374999e-02,3.895953e-01,4.002192e-01,1.986026e-03,4.934411e-03
3.164455e-03,1.335045e-03,4.879418e-03,1.059143e-02,3.290029e-03,9.098679e-03,1.009711e-03,3.616121e-04,4.541609e-03,1.184691e-01,8.462921e-02,3.768541e-01,3.755127e-01,1.939292e-03,4.323665e-03
2.345046e-03,9.633554e-04,3.493400e-03,7.431266e-03,2.369890e-03,8.057797e-03,7.526742e-04,3.040845e-04,3.620831e-03,1.542455e-01,7.552985e-02,4.426436e-01,2.930816e-01,1.597658e-03,3.563559e-03
1.752897e-03,7.291636e-04,2.664411e-03,5.228344e-03,2.314831e-03,6.042864e-03,5.622427e-04,3.394167e-04,5.005830e-03,2.141883e-01,6.559337e-02,4.515663e-01,2.400347e-01,1.207890e-03,2.769492e-03
1.270552e-03,1.209844e-03,4.260679e-03,3.728796e-03,6.250225e-03,4.315832e-03,4.874690e-04,4.156694e-04,1.611308e-02,3.322600e-01,5.195880e-02,3.897911e-01,1.848450e-01,9.927324e-04,2.100248e-03
9.609989e-04,3.893461e-02,4.336811e-02,2.715717e-03,2.058214e-02,3.089771e-03,3.957056e-04,4.572650e-04,1.363646e-01,2.763900e-01,3.942703e-02,2.995883e-01,1.354582e-01,7.113145e-04,1.556193e-03
8.215728e-04,1.004224e-01,1.169555e-01,1.964622e-03,1.706223e-02,2.558915e-03,4.080907e-04,1.529050e-03,1.504497e-01,2.550748e-01,2.940217e-02,2.175807e-01,1.041255e-01,5.108899e-04,1.133731e-03
7.392323e-04,1.296905e-01,1.147945e-01,1.852434e-03,1.804889e-02,6.423299e-03,2.919192e-04,1.247242e-03,2.971329e-01,1.820457e-01,2.076036e-02,1.525705e-01,7.309108e-02,3.690873e-04,9.422541e-04
8.132361e-04,1.857332e-01,8.935869e-02,1.998340e-03,2.253014e-02,6.274448e-03,2.066516e-04,1.031594e-03,3.872264e-01,1.302187e-01,1.487996e-02,1.069757e-01,5.135548e-02,2.773447e-04,1.120042e-03
2.388552e-03,1.577176e-01,7.228939e-02,1.380153e-02,4.545298e-02,8.248073e-03,1.744099e-04,1.150114e-02,4.715912e-01,9.243749e-02,1.106274e-02,7.500925e-02,3.622983e-02,2.382818e-04,1.857463e-03
5.992608e-03,1.410763e-01,6.073723e-02,2.588873e-02,7.607398e-02,8.424005e-03,3.652482e-04,1.087437e-02,5.124663e-01,6.701846e-02,8.083928e-03,5.266585e-02,2.570020e-02,2.185133e-04,4.414262e-03
1.067105e-02,1.269355e-01,4.878439e-02,1.115345e-01,1.010752e-01,1.086955e-02,1.101353e-03,2.225676e-02,4.537928e-01,4.731765e-02,5.906826e-03,3.691060e-02,1.814633e-02,1.929917e-04,4.504509e-03
5.459947e-02,1.478979e-01,3.586432e-02,1.184836e-01,1.054533e-01,1.063519e-02,1.481128e-03,2.605515e-02,3.931956e-01,3.492599e-02,5.959156e-03,2.669750e-02,1.464168e-02,1.729621e-03,2.238036e-02
8.546805e-02,1.927499e-01,2.703412e-02,9.717439e-02,1.156111e-01,9.965049e-03,1.725158e-03,2.755578e-02,3.410533e-01,2.601510e-02,6.566184e-03,2.029546e-02,1.180304e-02,3.781518e-03,3.320181e-02
9.541867e-02,2.109136e-01,2.058965e-02,7.968345e-02,9.966031e-02,8.758420e-03,1.661532e-03,3.175426e-02,3.248763e-01,2.165873e-02,1.281898e-02,1.813924e-02,9.467971e-03,1.161124e-02,5.298761e-02
8.622292e-02,2.003441e-01,1.524212e-02,5.899357e-02,9.046723e-02,7.616340e-03,1.321333e-03,2.523142e-02,3.561957e-01,2.232989e-02,1.520567e-02,1.446564e-02,7.638291e-03,1.524863e-02,8.347712e-02
6.880803e-02,1.988146e-01,1.110244e-02,4.805427e-02,6.908212e-02,5.722988e-03,1.010091e-03,1.845272e-02,3.960777e-01,2.580373e-02,1.292978e-02,1.093034e-02,6.123251e-03,1.548445e-02,1.116034e-01
4.832885e-02,1.463337e-01,8.055010e-03,3.573034e-02,4.845772e-02,4.112852e-03,7.091212e-04,1.292494e-02,5.478833e-01,1.839360e-02,9.800008e-03,7.674158e-03,4.310832e-03,1.768699e-02,8.959858e-02
3.386901e-02,1.282638e-01,5.697604e-03,2.514277e-02,3.392439e-02,2.883494e-03,4.966795e-04,9.051343e-03,6.523740e-01,1.333744e-02,9.753369e-03,5.449665e-03,3.080273e-03,1.360608e-02,6.307016e-02
2.392486e-02,9.452018e-02,4.740406e-03,1.793550e-02,2.378686e-02,2.070706e-03,3.586828e-04,6.504014e-03,5.715826e-01,1.152953e-02,1.594343e-01,8.639326e-03,5.186750e-03,2.371387e-02,4.607242e-02
1.682642e-02,6.739488e-02,3.565859e-03,1.268022e-02,1.667840e-02,1.497802e-03,2.603748e-04,4.599113e-03,4.373858e-01,9.986088e-03,3.337869e-01,1.109019e-02,6.206974e-03,4.139365e-02,3.664733e-02
1.180436e-02,4.744061e-02,2.562634e-03,8.891876e-03,1.180871e-02,1.551457e-03,2.088199e-04,4.250166e-03,3.071960e-01,7.388383e-03,5.192952e-01,1.048836e-02,5.945269e-03,3.372162e-02,2.744647e-02
8.347362e-03,3.428836e-02,2.259335e-03,6.265873e-03,9.993961e-03,1.533211e-03,1.574863e-04,3.097252e-03,2.192574e-01,5.291610e-03,4.862392e-01,9.827084e-03,4.270158e-03,1.892541e-01,1.991755e-02
6.124168e-03,2.426994e-02,1.993917e-03,4.443204e-03,7.442010e-03,1.708602e-03,1.244288e-04,2.402008e-03,1.543090e-01,4.045232e-03,5.707723e-01,1.128283e-02,3.191082e-03,1.929187e-01,1.497258e-02
4.364041e-03,1.702102e-02,1.655607e-03,3.224584e-03,5.759029e-03,1.542018e-03,1.133295e-04,2.023404e-03,1.083615e-01,3.205848e-03,5.848187e-01,1.039479e-02,2.419214e-03,2.426763e-01,1.242054e-02
3.088159e-03,1.195693e-02,1.357993e-03,2.294339e-03,4.305233e-03,1.266062e-03,8.897262e-05,1.544434e-03,7.609309e-02,2.789231e-03,5.552328e-01,1.140581e-02,1.789400e-03,3.176179e-01,9.169697e-03
2.197986e-03,8.498247e-03,1.560686e-03,1.822512e-03,3.347976e-03,1.270310e-03,8.249269e-05,1.810692e-03,5.390846e-02,2.613234e-03,5.378420e-01,1.138851e-02,1.415537e-03,3.655789e-01,6.662486e-03
1.562639e-03,6.030691e-03,1.402402e-03,1.343885e-03,2.667765e-03,1.670363e-03,7.443345e-05,1.331198e-03,3.827052e-02,2.302141e-03,4.343819e-01,9.815321e-03,1.216133e-03,4.931200e-01,4.810634e-03
1.116775e-03,4.346154e-03,2.632466e-03,1.099659e-03,2.558151e-03,2.081777e-03,1.246865e-04,1.028625e-03,2.968557e-02,2.146486e-03,3.759036e-01,1.001264e-02,1.035398e-03,5.627876e-01,3.440362e-03
8.251257e-04,3.730953e-03,1.473749e-02,1.078214e-03,3.273020e-03,5.289950e-03,3.962383e-04,1.105859e-03,3.156567e-02,2.536101e-03,3.496768e-01,9.194490e-03,1.179222e-03,5.728726e-01,2.538202e-03
7.001155e-04,5.967170e-03,2.055530e-02,1.616282e-03,3.496789e-03,5.378486e-03,3.767775e-04,1.871146e-03,3.322098e-02,2.415159e-03,3.052781e-01,9.939984e-03,1.389550e-03,6.059241e-01,1.869993e-03
1.310924e-03,5.807640e-03,1.076649e-01,5.135621e-03,4.040196e-03,2.714060e-02,9.009024e-04,2.315106e-02,5.344855e-02,2.440958e-03,2.470884e-01,7.410782e-03,1.449004e-03,5.114391e-01,1.571237e-03
3.150258e-03,4.225628e-03,1.830560e-01,1.143733e-02,3.298133e-03,3.217261e-02,7.911140e-04,3.254639e-02,1.086708e-01,2.459768e-03,1.878013e-01,5.268087e-03,1.068117e-03,4.229052e-01,1.149284e-03
3.943568e-03,3.136195e-03,1.348752e-01,8.954117e-03,2.533209e-03,4.249309e-02,5.704658e-04,2.452097e-02,1.497293e-01,2.026914e-03,1.749310e-01,3.728380e-03,8.214713e-04,4.468171e-01,9.189953e-04
6.051329e-03,2.520398e-03,1.352768e-01,9.146666e-03,2.153231e-03,3.324023e-02,4.092285e-04,1.942953e-02,2.748154e-01,1.896398e-03,1.345044e-01,2.639724e-03,6.184645e-04,3.764043e-01,8.940100e-04
6.348121e-03,1.810989e-03,1.000481e-01,7.346533e-03,1.736479e-03,2.497878e-02,2.897145e-04,1.382555e-02,4.619874e-01,1.478022e-03,9.792954e-02,1.860026e-03,4.474783e-04,2.791649e-01,7.484790e-04
7.965264e-03,1.302797e-03,7.236797e-02,5.701846e-03,1.347838e-03,1.860555e-02,2.073416e-04,9.737861e-03,5.876424e-01,1.871846e-03,7.273231e-02,1.325032e-03,3.251162e-04,2.179216e-01,9.453368e-04
8.468900e-03,9.796571e-04,5.201754e-02,4.597647e-03,1.039666e-03,1.373353e-02,1.538754e-04,7.029153e-03,6.712027e-01,3.082187e-03,5.978156e-02,9.616400e-04,2.429794e-04,1.753286e-01,1.380371e-03
1.019108e-02,8.965172e-04,3.803437e-02,4.139503e-03,1.036138e-03,1.069400e-02,1.471374e-04,5.631357e-03,7.408836e-01,3.779139e-03,4.967643e-02,7.069178e-04,1.860263e-04,1.316569e-01,2.340931e-03
1.088577e-02,9.051805e-04,2.840267e-02,3.482200e-03,9.912029e-04,1.020032e-02,1.176845e-04,4.641820e-03,7.734402e-01,4.051535e-03,5.623095e-02,5.297703e-04,1.504291e-04,1.037232e-01,2.247145e-03
1.136404e-02,8.209540e-04,2.066980e-02,2.685760e-03,8.268977e-04,9.658319e-03,9.271780e-05,3.579457e-03,7.745638e-01,4.175184e-03,7.049536e-02,4.033479e-04,1.306305e-04,9.841442e-02,2.119364e-03
1.505047e-02,8.088985e-04,1.508403e-02,2.128410e-03,7.978030e-04,8.072667e-03,8.242888e-05,3.222864e-03,7.705809e-01,4.673032e-03,8.509980e-02,3.465806e-04,1.622357e-04,9.142663e-02,2.463357e-03
3.353263e-02,2.036727e-03,2.255076e-02,1.441879e-02,7.583152e-03,7.109028e-03,1.192661e-04,9.188512e-03,7.411877e-01,4.223627e-03,7.782931e-02,4.215988e-04,1.931613e-04,7.482673e-02,4.779113e-03
5.032945e-02,3.058585e-03,1.096389e-01,3.258983e-02,1.161473e-02,6.125366e-03,2.035678e-04,1.519224e-02,6.409086e-01,3.580521e-03,5.864396e-02,5.246378e-04,2.133393e-04,6.109512e-02,6.281218e-03
5.442324e-02,2.982214e-03,1.124097e-01,3.294984e-02,1.067771e-02,6.866461e-03,1.942638e-04,1.462432e-02,6.278955e-01,3.161082e-03,5.964424e-02,5.530961e-04,1.951459e-04,6.782771e-02,5.595526e-03
5.504642e-02,2.548888e-03,1.124026e-01,3.899851e-02,8.695183e-03,6.809326e-03,1.700133e-04,1.419408e-02,5.897022e-01,3.172439e-03,6.515395e-02,7.604850e-04,1.982134e-04,9.712945e-02,5.018379e-03
5.276289e-02,2.120658e-03,2.416133e-01,6.083551e-02,7.691943e-03,5.634808e-03,1.760175e-04,1.481543e-02,4.757869e-01,2.712239e-03,5.281062e-02,6.938791e-04,1.773513e-04,7.824674e-02,3.921798e-03
6.516714e-02,1.976017e-03,3.289784e-01,8.964998e-02,7.289358e-03,5.336903e-03,2.303983e-04,1.930988e-02,3.704013e-01,2.707772e-03,4.449876e-02,1.112338e-03,2.761863e-04,5.938261e-02,3.683029e-03
8.199924e-02,1.878353e-03,3.966138e-01,9.899485e-02,8.224207e-03,4.197699e-03,2.324391e-04,2.221386e-02,2.977923e-01,2.527750e-03,3.385282e-02,1.195454e-03,3.128642e-04,4.681606e-02,3.148321e-03
1.359153e-01,1.906662e-03,4.424462e-01,8.563250e-02,7.286425e-03,3.692850e-03,4.149831e-04,1.881385e-02,2.170557e-01,2.728912e-03,3.324294e-02,1.737515e-03,4.587957e-04,4.554715e-02,3.120183e-03
1.785132e-01,2.088415e-03,4.838192e-01,7.709752e-02,6.945285e-03,3.264655e-03,5.301217e-04,1.577610e-02,1.576330e-01,2.532632e-03,2.767226e-02,2.065813e-03,5.421537e-04,3.853576e-02,2.983920e-03
2.489031e-01,2.412070e-03,4.894976e-01,6.237152e-02,6.354145e-03,3.373705e-03,8.437057e-04,1.289304e-02,1.139943e-01,2.511159e-03,2.003737e-02,3.215489e-03,9.347798e-04,2.900906e-02,3.649017e-03
2.803298e-01,3.505909e-03,5.120537e-01,5.190598e-02,5.496291e-03,3.312563e-03,9.687581e-04,9.899962e-03,8.326702e-02,2.785702e-03,1.459513e-02,3.261660e-03,1.152736e-03,2.256635e-02,4.898444e-03
3.219287e-01,5.064352e-03,5.057521e-01,4.434145e-02,5.124887e-03,3.250541e-03,1.165488e-03,7.635127e-03,6.180433e-02,3.476776e-03,1.080233e-02,3.317912e-03,1.301558e-03,1.909158e-02,5.942854e-03
4.295586e-01,1.285839e-02,3.990584e-01,3.718821e-02,5.838703e-03,6.188449e-03,1.756319e-03,8.502964e-03,4.679869e-02,3.716701e-03,9.427651e-03,6.481043e-03,2.942149e-03,1.688445e-02,1.279931e-02
1.000000e+00,0.000000e+00,0.000000e+00,0.000000e+00,0.000000e+00,0.000000e+00,0.000000e+00,0.000000e+00,0.000000e+00,0.000000e+00,0.000000e+00,0.000000e+00,0.000000e+00,0.000000e+00,0.000000e+00
1.000000e+00,0.000000e+00,0.000000e+00,0.000000e+00,0.000000e+00,0.000000e+00,0.000000e+00,0.000000e+00,0.000000e+00,0.000000e+00,0.000000e+00,0.000000e+00,0.000000e+00,0.000000e+00,0.000000e+00
1.000000e+00,0.000000e+00,0.000000e+00,0.000000e+00,0.000000e+00,0.000000e+00,0.000000e+00,0.000000e+00,0.000000e+00,0.000000e+00,0.000000e+00,0.000000e+00,0.000000e+00,0.000000e+00,0.000000e+00
1.000000e+00,0.000000e+00,0.000000e+00,0.000000e+00,0.000000e+00,0.000000e+00,0.000000e+00,0.000000e+00,0.000000e+00,0.000000e+00,0.000000e+00,0.000000e+00,0.000000e+00,0.000000e+00,0.000000e+00
1.000000e+00,0.000000e+00,0.000000e+00,0.000000e+00,0.000000e+00,0.000000e+00,0.000000e+00,0.000000e+00,0.000000e+00,0.000000e+00,0.000000e+00,0.000000e+00,0.000000e+00,0.000000e+00,0.000000e+00
1.000000e+00,0.000000e+00,0.000000e+00,0.000000e+00,0.000000e+00,0.000000e+00,0.000000e+00,0.000000e+00,0.000000e+00,0.000000e+00,0.000000e+00,0.000000e+00,0.000000e+00,0.000000e+00,0.000000e+00
3.916742e-01,1.922813e-02,1.597195e-01,2.189317e-02,3.174514e-03,1.391933e-02,1.840335e-03,9.693714e-03,2.278970e-02,7.731557e-03,5.999567e-02,1.168917e-02,6.078424e-03,1.816196e-01,8.895296e-02
3.246115e-01,2.735469e-02,1.361612e-01,2.025134e-02,2.613515e-03,1.145172e-02,1.397476e-03,7.506367e-03,4.569802e-02,1.022836e-02,1.449707e-01,9.738823e-03,5.687329e-03,1.380156e-01,1.143134e-01
2.658173e-01,2.619637e-02,1.190504e-01,2.372262e-02,2.417283e-03,1.272823e-02,1.175018e-03,7.124251e-03,4.465188e-02,1.037027e-02,2.727562e-01,1.021210e-02,7.208559e-03,1.077356e-01,8.883382e-02
1.900709e-01,1.947069e-02,8.533018e-02,1.873513e-02,2.170189e-03,1.116282e-02,8.663533e-04,5.235887e-03,4.251622e-02,8.975876e-03,4.442421e-01,2.186128e-02,5.664095e-03,7.777648e-02,6.592171e-02
1.345185e-01,1.418950e-02,6.015509e-02,1.452289e-02,1.774818e-03,9.775358e-03,6.997504e-04,3.814168e-03,3.701713e-02,6.805149e-03,5.440688e-01,5.979529e-02,4.463422e-03,6.085826e-02,4.754193e-02
9.494605e-02,1.033290e-02,4.233560e-02,1.108289e-02,1.551331e-03,7.807172e-03,6.319242e-04,3.059807e-03,3.126956e-02,5.048512e-03,6.218807e-01,7.686035e-02,3.516628e-03,5.610736e-02,3.356923e-02
6.666820e-02,7.683099e-03,2.971062e-02,8.381169e-03,1.697942e-03,5.964370e-03,4.863116e-04,2.331021e-03,2.695272e-02,3.977550e-03,6.396042e-01,1.164767e-01,2.680533e-03,6.356939e-02,2.381613e-02
4.678048e-02,6.318429e-03,2.091382e-02,6.456020e-03,2.059621e-03,4.435049e-03,3.795585e-04,1.750367e-03,2.262423e-02,3.400132e-03,6.659210e-01,1.339337e-01,1.992050e-03,6.586987e-02,1.716571e-02
3.287328e-02,4.513770e-03,1.475696e-02,4.814718e-03,3.271910e-03,4.194587e-03,5.488025e-04,2.032109e-03,1.682232e-02,3.933635e-03,7.078497e-01,1.028880e-01,1.847511e-03,8.713430e-02,1.251834e-02
2.305539e-02,3.269563e-03,1.035838e-02,3.461978e-03,2.679394e-03,3.093092e-03,4.828201e-04,1.498036e-03,1.207124e-02,3.560131e-03,7.763312e-01,7.797650e-02,1.423659e-03,7.177053e-02,8.968098e-03
1.616294e-02,2.381148e-03,7.257722e-03,2.475262e-03,2.278128e-03,2.213612e-03,3.624969e-04,1.082619e-03,8.592945e-03,2.891837e-03,8.343850e-01,5.791032e-02,1.192592e-03,5.440442e-02,6.408909e-03
1.139320e-02,1.827009e-03,5.119468e-03,1.761715e-03,3.336666e-03,1.696093e-03,3.150505e-04,8.045783e-04,6.267426e-03,2.305616e-03,8.715467e-01,4.763057e-02,1.057281e-03,4.034370e-02,4.594903e-03
7.999847e-03,1.336861e-03,3.597991e-03,1.246704e-03,2.944340e-03,1.312120e-03,2.627429e-04,5.772861e-04,4.443151e-03,1.718718e-03,9.054960e-01,3.611232e-02,8.628168e-04,2.882901e-02,3.260096e-03
5.653434e-03,1.098017e-03,2.792703e-03,8.973238e-04,6.405001e-03,1.355116e-03,7.301827e-04,4.958570e-04,3.828069e-03,1.747466e-03,9.169627e-01,3.194208e-02,1.021306e-03,2.250900e-02,2.561710e-03
4.146650e-03,1.062514e-03,2.337728e-03,6.491566e-04,7.081805e-03,3.206527e-03,3.339943e-03,6.000218e-04,2.950256e-03,2.027529e-03,9.210043e-01,3.139123e-02,1.425823e-03,1.659219e-02,2.184254e-03
4.262178e-03,8.747873e-04,3.111210e-03,5.068731e-04,5.789349e-03,3.595310e-02,1.680140e-02,1.420538e-03,2.323219e-03,2.743233e-03,8.804795e-01,2.911035e-02,2.423241e-03,1.207123e-02,2.129758e-03
6.359720e-03,1.130230e-03,1.327918e-02,1.154318e-03,1.096916e-02,4.304708e-02,1.352227e-02,3.674122e-02,3.285776e-03,3.754405e-03,8.244612e-01,2.580934e-02,3.772159e-03,9.928068e-03,2.785915e-03
8.819247e-03,2.462293e-02,6.984363e-02,3.429740e-03,1.471712e-02,3.343874e-02,9.692288e-03,5.087555e-02,3.381253e-02,4.199957e-03,7.010727e-01,2.038044e-02,3.412298e-03,7.325362e-03,1.435747e-02
9.546156e-03,2.266822e-02,7.483672e-02,7.564474e-03,1.824916e-02,3.933275e-02,6.871066e-03,8.008882e-02,1.492218e-01,5.826514e-03,5.444428e-01,1.555657e-02,3.194720e-03,5.451781e-03,1.714848e-02
1.279306e-02,3.516833e-02,7.390205e-02,1.056541e-02,2.609004e-02,6.475854e-02,4.877932e-03,6.371448e-02,2.294796e-01,1.068309e-02,4.075568e-01,1.148600e-02,3.073417e-03,4.085490e-03,4.176572e-02
