1.000000e+00,0.000000e+00,0.000000e+00,0.000000e+00,0.000000e+00,0.000000e+00,0.000000e+00,0.000000e+00,0.000000e+00,0.000000e+00,0.000000e+00,0.000000e+00,0.000000e+00,0.000000e+00,0.000000e+00
1.000000e+00,0.000000e+00,0.000000e+00,0.000000e+00,0.000000e+00,0.000000e+00,0.000000e+00,0.000000e+00,0.000000e+00,0.000000e+00,0.000000e+00,0.000000e+00,0.000000e+00,0.000000e+00,0.000000e+00
1.000000e+00,0.000000e+00,0.000000e+00,0.000000e+00,0.000000e+00,0.000000e+00,0.000000e+00,0.000000e+00,0.000000e+00,0.000000e+00,0.000000e+00,0.000000e+00,0.000000e+00,0.000000e+00,0.000000e+00
1.000000e+00,0.000000e+00,0.000000e+00,0.000000e+00,0.000000e+00,0.000000e+00,0.000000e+00,0.000000e+00,0.000000e+00,0.000000e+00,0.000000e+00,0.000000e+00,0.000000e+00,0.000000e+00,0.000000e+00
1.000000e+00,0.000000e+00,0.000000e+00,0.000000e+00,0.000000e+00,0.000000e+00,0.000000e+00,0.000000e+00,0.000000e+00,0.000000e+00,0.000000e+00,0.000000e+00,0.000000e+00,0.000000e+00,0.000000e+00
1.000000e+00,0.000000e+00,0.000000e+00,0.000000e+00,0.000000e+00,0.000000e+00,0.000000e+00,0.000000e+00,0.000000e+00,0.000000e+00,0.000000e+00,0.000000e+00,0.000000e+00,0.000000e+00,0.000000e+00
1.000000e+00,0.000000e+00,0.000000e+00,0.000000e+00,0.000000e+00,0.000000e+00,0.000000e+00,0.000000e+00,0.000000e+00,0.000000e+00,0.000000e+00,0.000000e+00,0.000000e+00,0.000000e+00,0.000000e+00
1.000000e+00,0.000000e+00,0.000000e+00,0.000000e+00,0.000000e+00,0.000000e+00,0.000000e+00,0.000000e+00,0.000000e+00,0.000000e+00,0.000000e+00,0.000000e+00,0.000000e+00,0.000000e+00,0.000000e+00
1.000000e+00,0.000000e+00,0.000000e+00,0.000000e+00,0.000000e+00,0.000000e+00,0.000000e+00,0.000000e+00,0.000000e+00,0.000000e+00,0.000000e+00,0.000000e+00,0.000000e+00,0.000000e+00,0.000000e+00
1.000000e+00,0.000000e+00,0.000000e+00,0.000000e+00,0.000000e+00,0.000000e+00,0.000000e+00,0.000000e+00,0.000000e+00,0.000000e+00,0.000000e+00,0.000000e+00,0.000000e+00,0.000000e+00,0.000000e+00
1.000000e+00,0.000000e+00,0.000000e+00,0.000000e+00,0.000000e+00,0.000000e+00,0.000000e+00,0.000000e+00,0.000000e+00,0.000000e+00,0.000000e+00,0.000000e+00,0.000000e+00,0.000000e+00,0.000000e+00
1.000000e+00,0.000000e+00,0.000000e+00,0.000000e+00,0.000000e+00,0.000000e+00,0.000000e+00,0.000000e+00,0.000000e+00,0.000000e+00,0.000000e+00,0.000000e+00,0.000000e+00,0.000000e+00,0.000000e+00
1.000000e+00,0.000000e+00,0.000000e+00,0.000000e+00,0.000000e+00,0.000000e+00,0.000000e+00,0.000000e+00,0.000000e+00,0.000000e+00,0.000000e+00,0.000000e+00,0.000000e+00,0.000000e+00,0.000000e+00
1.000000e+00,0.000000e+00,0.000000e+00,0.000000e+00,0.000000e+00,0.000000e+00,0.000000e+00,0.000000e+00,0.000000e+00,0.000000e+00,0.000000e+00,0.000000e+00,0.000000e+00,0.000000e+00,0.000000e+00
1.000000e+00,0.000000e+00,0.000000e+00,0.000000e+00,0.000000e+00,0.000000e+00,0.000000e+00,0.000000e+00,0.000000e+00,0.000000e+00,0.000000e+00,0.000000e+00,0.000000e+00,0.000000e+00,0.000000e+00
1.000000e+00,0.000000e+00,0.000000e+00,0.000000e+00,0.000000e+00,0.000000e+00,0.000000e+00,0.000000e+00,0.000000e+00,0.000000e+00,0.000000e+00,0.000000e+00,0.000000e+00,0.000000e+00,0.000000e+00
1.000000e+00,0.000000e+00,0.000000e+00,0.000000e+00,0.000000e+00,0.000000e+00,0.000000e+00,0.000000e+00,0.000000e+00,0.000000e+00,0.000000e+00,0.000000e+00,0.000000e+00,0.000000e+00,0.000000e+00
1.000000e+00,0.000000e+00,0.000000e+00,0.000000e+00,0.000000e+00,0.000000e+00,0.000000e+00,0.000000e+00,0.000000e+00,0.000000e+00,0.000000e+00,0.000000e+00,0.000000e+00,0.000000e+00,0.000000e+00
1.000000e+00,0.000000e+00,0.000000e+00,0.000000e+00,0.000000e+00,0.000000e+00,0.000000e+00,0.000000e+00,0.000000e+00,0.000000e+00,0.000000e+00,0.000000e+00,0.000000e+00,0.000000e+00,0.000000e+00
1.000000e+00,0.000000e+00,0.000000e+00,0.000000e+00,0.000000e+00,0.000000e+00,0.000000e+00,0.000000e+00,0.000000e+00,0.000000e+00,0.000000e+00,0.000000e+00,0.000000e+00,0.000000e+00,0.000000e+00
1.000000e+00,0.000000e+00,0.000000e+00,0.000000e+00,0.000000e+00,0.000000e+00,0.000000e+00,0.000000e+00,0.000000e+00,0.000000e+00,0.000000e+00,0.000000e+00,0.000000e+00,0.000000e+00,0.000000e+00
1.000000e+00,0.000000e+00,0.000000e+00,0.000000e+00,0.000000e+00,0.000000e+00,0.000000e+00,0.000000e+00,0.000000e+00,0.000000e+00,0.000000e+00,0.000000e+00,0.000000e+00,0.000000e+00,0.000000e+00
1.000000e+00,0.000000e+00,0.000000e+00,0.000000e+00,0.000000e+00,0.000000e+00,0.000000e+00,0.000000e+00,0.000000e+00,0.000000e+00,0.000000e+00,0.000000e+00,0.000000e+00,0.000000e+00,0.000000e+00
1.000000e+00,0.000000e+00,0.000000e+00,0.000000e+00,0.000000e+00,0.000000e+00,0.000000e+00,0.000000e+00,0.000000e+00,0.000000e+00,0.000000e+00,0.000000e+00,0.000000e+00,0.000000e+00,0.000000e+00
1.000000e+00,0.000000e+00,0.000000e+00,0.000000e+00,0.000000e+00,0.000000e+00,0.000000e+00,0.000000e+00,0.000000e+00,0.000000e+00,0.000000e+00,0.000000e+00,0.000000e+00,0.000000e+00,0.000000e+00
1.000000e+00,0.000000e+00,0.000000e+00,0.000000e+00,0.000000e+00,0.000000e+00,0.000000e+00,0.000000e+00,0.000000e+00,0.000000e+00,0.000000e+00,0.000000e+00,0.000000e+00,0.000000e+00,0.000000e+00
1.000000e+00,0.000000e+00,0.000000e+00,0.000000e+00,0.000000e+00,0.000000e+00,0.000000e+00,0.000000e+00,0.000000e+00,0.000000e+00,0.000000e+00,0.000000e+00,0.000000e+00,0.000000e+00,0.000000e+00
1.000000e+00,0.000000e+00,0.000000e+00,0.000000e+00,0.000000e+00,0.000000e+00,0.000000e+00,0.000000e+00,0.000000e+00,0.000000e+00,0.000000e+00,0.000000e+00,0.000000e+00,0.000000e+00,0.000000e+00
1.000000e+00,0.000000e+00,0.000000e+00,0.000000e+00,0.000000e+00,0.000000e+00,0.000000e+00,0.000000e+00,0.000000e+00,0.000000e+00,0.000000e+00,0.000000e+00,0.000000e+00,0.000000e+00,0.000000e+00
1.000000e+00,0.000000e+00,0.000000e+00,0.000000e+00,0.000000e+00,0.000000e+00,0.000000e+00,0.000000e+00,0.000000e+00,0.000000e+00,0.000000e+00,0.000000e+00,0.000000e+00,0.000000e+00,0.000000e+00
1.000000e+00,0.000000e+00,0.000000e+00,0.000000e+00,0.000000e+00,0.000000e+00,0.000000e+00,0.000000e+00,0.000000e+00,0.000000e+00,0.000000e+00,0.000000e+00,0.000000e+00,0.000000e+00,0.000000e+00
1.000000e+00,0.000000e+00,0.000000e+00,0.000000e+00,0.000000e+00,0.000000e+00,0.000000e+00,0.000000e+00,0.000000e+00,0.000000e+00,0.000000e+00,0.000000e+00,0.000000e+00,0.000000e+00,0.000000e+00
1.000000e+00,0.000000e+00,0.000000e+00,0.000000e+00,0.000000e+00,0.000000e+00,0.000000e+00,0.000000e+00,0.000000e+00,0.000000e+00,0.000000e+00,0.000000e+00,0.000000e+00,0.000000e+00,0.000000e+00
1.000000e+00,0.000000e+00,0.000000e+00,0.000000e+00,0.000000e+00,0.000000e+00,0.000000e+00,0.000000e+00,0.000000e+00,0.000000e+00,0.000000e+00,0.000000e+00,0.000000e+00,0.000000e+00,0.000000e+00
1.000000e+00,0.000000e+00,0.000000e+00,0.000000e+00,0.000000e+00,0.000000e+00,0.000000e+00,0.000000e+00,0.000000e+00,0.000000e+00,0.000000e+00,0.000000e+00,0.000000e+00,0.000000e+00,0.000000e+00
1.000000e+00,0.000000e+00,0.000000e+00,0.000000e+00,0.000000e+00,0.000000e+00,0.000000e+00,0.000000e+00,0.000000e+00,0.000000e+00,0.000000e+00,0.000000e+00,0.000000e+00,0.000000e+00,0.000000e+00
1.000000e+00,0.000000e+00,0.000000e+00,0.000000e+00,0.000000e+00,0.000000e+00,0.000000e+00,0.000000e+00,0.000000e+00,0.000000e+00,0.000000e+00,0.000000e+00,0.000000e+00,0.000000e+00,0.000000e+00
1.000000e+00,0.000000e+00,0.000000e+00,0.000000e+00,0.000000e+00,0.000000e+00,0.000000e+00,0.000000e+00,0.000000e+00,0.000000e+00,0.000000e+00,0.000000e+00,0.000000e+00,0.000000e+00,0.000000e+00
1.000000e+00,0.000000e+00,0.000000e+00,0.000000e+00,0.000000e+00,0.000000e+00,0.000000e+00,0.000000e+00,0.000000e+00,0.000000e+00,0.000000e+00,0.000000e+00,0.000000e+00,0.000000e+00,0.000000e+00
1.000000e+00,0.000000e+00,0.000000e+00,0.000000e+00,0.000000e+00,0.000000e+00,0.000000e+00,0.000000e+00,0.000000e+00,0.000000e+00,0.000000e+00,0.000000e+00,0.000000e+00,0.000000e+00,0.000000e+00
1.000000e+00,0.000000e+00,0.000000e+00,0.000000e+00,0.000000e+00,0.000000e+00,0.000000e+00,0.000000e+00,0.000000e+00,0.000000e+00,0.000000e+00,0.000000e+00,0.000000e+00,0.000000e+00,0.000000e+00
1.000000e+00,0.000000e+00,0.000000e+00,0.000000e+00,0.000000e+00,0.000000e+00,0.000000e+00,0.000000e+00,0.000000e+00,0.000000e+00,0.000000e+00,0.000000e+00,0.000000e+00,0.000000e+00,0.000000e+00
1.000000e+00,0.000000e+00,0.000000e+00,0.000000e+00,0.000000e+00,0.000000e+00,0.000000e+00,0.000000e+00,0.000000e+00,0.000000e+00,0.000000e+00,0.000000e+00,0.000000e+00,0.000000e+00,0.000000e+00
1.000000e+00,0.000000e+00,0.000000e+00,0.000000e+00,0.000000e+00,0.000000e+00,0.000000e+00,0.000000e+00,0.000000e+00,0.000000e+00,0.000000e+00,0.000000e+00,0.000000e+00,0.000000e+00,0.000000e+00
1.000000e+00,0.000000e+00,0.000000e+00,0.000000e+00,0.000000e+00,0.000000e+00,0.000000e+00,0.000000e+00,0.000000e+00,0.000000e+00,0.000000e+00,0.000000e+00,0.000000e+00,0.000000e+00,0.000000e+00
1.000000e+00,0.000000e+00,0.000000e+00,0.000000e+00,0.000000e+00,0.000000e+00,0.000000e+00,0.000000e+00,0.000000e+00,0.000000e+00,0.000000e+00,0.000000e+00,0.000000e+00,0.000000e+00,0.000000e+00
1.000000e+00,0.000000e+00,0.000000e+00,0.000000e+00,0.000000e+00,0.000000e+00,0.000000e+00,0.000000e+00,0.000000e+00,0.000000e+00,0.000000e+00,0.000000e+00,0.000000e+00,0.000000e+00,0.000000e+00
1.000000e+00,0.000000e+00,0.000000e+00,0.000000e+00,0.000000e+00,0.000000e+00,0.000000e+00,0.000000e+00,0.000000e+00,0.000000e+00,0.000000e+00,0.000000e+00,0.000000e+00,0.000000e+00,0.000000e+00
1.000000e+00,0.000000e+00,0.000000e+00,0.000000e+00,0.000000e+00,0.000000e+00,0.000000e+00,0.000000e+00,0.000000e+00,0.000000e+00,0.000000e+00,0.000000e+00,0.000000e+00,0.000000e+00,0.000000e+00
1.000000e+00,0.000000e+00,0.000000e+00,0.000000e+00,0.000000e+00,0.000000e+00,0.000000e+00,0.000000e+00,0.000000e+00,0.000000e+00,0.000000e+00,0.000000e+00,0.000000e+00,0.000000e+00,0.000000e+00
1.000000e+00,0.000000e+00,0.000000e+00,0.000000e+00,0.000000e+00,0.000000e+00,0.000000e+00,0.000000e+00,0.000000e+00,0.000000e+00,0.000000e+00,0.000000e+00,0.000000e+00,0.000000e+00,0.000000e+00
1.000000e+00,0.000000e+00,0.000000e+00,0.000000e+00,0.000000e+00,0.000000e+00,0.000000e+00,0.000000e+00,0.000000e+00,0.000000e+00,0.000000e+00,0.000000e+00,0.000000e+00,0.000000e+00,0.000000e+00
1.000000e+00,0.000000e+00,0.000000e+00,0.000000e+00,0.000000e+00,0.000000e+00,0.000000e+00,0.000000e+00,0.000000e+00,0.000000e+00,0.000000e+00,0.000000e+00,0.000000e+00,0.000000e+00,0.000000e+00
1.000000e+00,0.000000e+00,0.000000e+00,0.000000e+00,0.000000e+00,0.000000e+00,0.000000e+00,0.000000e+00,0.000000e+00,0.000000e+00,0.000000e+00,0.000000e+00,0.000000e+00,0.000000e+00,0.000000e+00
1.000000e+00,0.000000e+00,0.000000e+00,0.000000e+00,0.000000e+00,0.000000e+00,0.000000e+00,0.000000e+00,0.000000e+00,0.000000e+00,0.000000e+00,0.000000e+00,0.000000e+00,0.000000e+00,0.000000e+00
1.000000e+00,0.000000e+00,0.000000e+00,0.000000e+00,0.000000e+00,0.000000e+00,0.000000e+00,0.000000e+00,0.000000e+00,0.000000e+00,0.000000e+00,0.000000e+00,0.000000e+00,0.000000e+00,0.000000e+00
1.000000e+00,0.000000e+00,0.000000e+00,0.000000e+00,0.000000e+00,0.000000e+00,0.000000e+00,0.000000e+00,0.000000e+00,0.000000e+00,0.000000e+00,0.000000e+00,0.000000e+00,0.000000e+00,0.000000e+00
1.000000e+00,0.000000e+00,0.000000e+00,0.000000e+00,0.000000e+00,0.000000e+00,0.000000e+00,0.000000e+00,0.000000e+00,0.000000e+00,0.000000e+00,0.000000e+00,0.000000e+00,0.000000e+00,0.000000e+00
1.000000e+00,0.000000e+00,0.000000e+00,0.000000e+00,0.000000e+00,0.000000e+00,0.000000e+00,0.000000e+00,0.000000e+00,0.000000e+00,0.000000e+00,0.000000e+00,0.000000e+00,0.000000e+00,0.000000e+00
4.487043e-01,2.172393e-01,5.365844e-02,5.161724e-02,3.400363e-03,1.530693e-02,2.962848e-03,1.040163e-02,5.945525e-03,8.524014e-03,5.236108e-02,1.459025e-02,7.531853e-03,6.131079e-02,4.644547e-02
3.154595e-01,1.621998e-01,4.037431e-02,3.676825e-02,2.646440e-03,1.179050e-02,2.089124e-03,7.690519e-03,5.885400e-03,1.680990e-02,1.760399e-01,1.088470e-02,5.616324e-03,1.665267e-01,3.921866e-02
2.229092e-01,1.230649e-01,2.919507e-02,2.610044e-02,2.796536e-03,1.021185e-02,1.480891e-03,5.838552e-03,5.902625e-03,1.947444e-02,2.857683e-01,8.832499e-03,4.607257e-03,2.131749e-01,4.064254e-02
1.564815e-01,8.744704e-02,2.095210e-02,1.871083e-02,9.898307e-03,8.685344e-03,1.072881e-03,4.279472e-03,5.810430e-03,1.842364e-02,4.216862e-01,1.283443e-02,4.516499e-03,1.931434e-01,3.605782e-02
1.099265e-01,6.204248e-02,1.510954e-02,1.378883e-02,1.250207e-02,7.448697e-03,8.365394e-04,3.218212e-03,5.451229e-03,1.755231e-02,4.722608e-01,2.175273e-02,4.184240e-03,2.255988e-01,2.832699e-02
7.926312e-02,4.381011e-02,1.105842e-02,1.012345e-02,2.040209e-02,1.132809e-02,1.076703e-03,3.421706e-03,4.052476e-03,1.313960e-02,4.699155e-01,1.987658e-02,3.780744e-03,2.879425e-01,2.080892e-02
5.561953e-02,3.084932e-02,7.842837e-03,7.330257e-03,1.839691e-02,1.042620e-02,8.198959e-04,2.578682e-03,3.377934e-03,9.410509e-03,4.694648e-01,2.293602e-02,3.578640e-03,3.423546e-01,1.501388e-02
3.899824e-02,2.172439e-02,5.544745e-03,5.206303e-03,1.719980e-02,8.388526e-03,6.435179e-04,1.853848e-03,2.882239e-03,7.006464e-03,5.369077e-01,2.516450e-02,3.451766e-03,3.140776e-01,1.095035e-02
2.740440e-02,1.542246e-02,3.953749e-03,3.707648e-03,1.688858e-02,6.466906e-03,4.647973e-04,1.345308e-03,2.803568e-03,5.240022e-03,5.693166e-01,3.088032e-02,2.680570e-03,3.048707e-01,8.554308e-03
1.942180e-02,1.088583e-02,2.901685e-03,2.783937e-03,2.327418e-02,6.089260e-03,3.386209e-04,1.057851e-03,2.736205e-03,3.994644e-03,5.703314e-01,3.074513e-02,2.000188e-03,3.165312e-01,6.908049e-03
1.403362e-02,7.953285e-03,2.127202e-03,2.189010e-03,1.979064e-02,4.789047e-03,2.777756e-04,9.177527e-04,2.301002e-03,3.277229e-03,6.070169e-01,2.712722e-02,1.602366e-03,3.011552e-01,5.441761e-03
1.005341e-02,6.088948e-03,1.559400e-03,1.666210e-03,1.444139e-02,3.546732e-03,2.063109e-04,6.988732e-04,2.563430e-03,3.154475e-03,6.670430e-01,3.306558e-02,1.222170e-03,2.505726e-01,4.117530e-03
7.656182e-03,4.830799e-03,1.218802e-03,1.423081e-03,1.084837e-02,2.712530e-03,1.593046e-04,6.097276e-04,2.810830e-03,2.639601e-03,6.940685e-01,4.108705e-02,1.097509e-03,2.257023e-01,3.135459e-03
6.397325e-03,3.995697e-03,1.254506e-03,1.233098e-03,8.641750e-03,2.139380e-03,1.461344e-04,6.875289e-04,2.648768e-03,2.479152e-03,7.305264e-01,4.191309e-02,1.147137e-03,1.944657e-01,2.324322e-03
5.016751e-03,4.054224e-03,1.256134e-03,9.583238e-04,6.946236e-03,2.522825e-03,1.336893e-04,6.112249e-04,2.384209e-03,2.839515e-03,7.578744e-01,4.182781e-02,9.688533e-04,1.708885e-01,1.717345e-03
3.632128e-03,3.775546e-03,1.412054e-03,7.018987e-04,5.317444e-03,2.082032e-03,1.055059e-04,4.772282e-04,1.966653e-03,3.580557e-03,7.904443e-01,4.356449e-02,8.052580e-04,1.408465e-01,1.288512e-03
2.650682e-03,3.084790e-03,1.628417e-03,5.420112e-04,5.043156e-03,1.889053e-03,1.164582e-04,4.576317e-04,1.902810e-03,5.671410e-03,7.888175e-01,5.015967e-02,7.080498e-04,1.362700e-01,1.058410e-03
2.021736e-03,4.805566e-03,1.773019e-03,4.136126e-04,4.887585e-03,1.486150e-03,1.014248e-04,5.957918e-04,2.486558e-03,5.527680e-03,8.082848e-01,4.513406e-02,5.367382e-04,1.211155e-01,8.298873e-04
1.566652e-03,3.647293e-03,3.336823e-03,7.794398e-04,4.489996e-03,1.493844e-03,1.444234e-04,2.686717e-03,1.391288e-02,5.311022e-03,7.937686e-01,5.224133e-02,4.672231e-04,1.153064e-01,8.473409e-04
1.301696e-03,3.774911e-03,4.538429e-03,1.937809e-03,4.500044e-03,1.351599e-03,2.113740e-04,6.928392e-03,6.080840e-02,5.971896e-03,7.172269e-01,9.009665e-02,3.802609e-04,9.979587e-02,1.175773e-03
2.643827e-03,5.009991e-03,9.169172e-03,6.209143e-03,1.343147e-02,2.704667e-03,3.825065e-04,4.909120e-02,1.368261e-01,7.742416e-03,6.143062e-01,7.161270e-02,3.500691e-04,7.906904e-02,1.451485e-03
1.011361e-02,4.246268e-03,1.615552e-02,1.538377e-02,1.360254e-02,1.294305e-02,4.444176e-04,4.596702e-02,2.291815e-01,7.155269e-03,5.298140e-01,5.121778e-02,3.856026e-04,6.079739e-02,2.592246e-03
1.502833e-02,4.263766e-03,1.956159e-02,1.339086e-02,1.837366e-02,1.922755e-02,5.132955e-04,3.319698e-02,2.947415e-01,7.276852e-03,4.804837e-01,3.666542e-02,7.098675e-04,5.239348e-02,4.173180e-03
2.373274e-02,5.311272e-03,3.315736e-02,2.951722e-02,4.009528e-02,3.223102e-02,4.548408e-04,3.307729e-02,3.490470e-01,1.536943e-02,3.545370e-01,2.610146e-02,1.398573e-03,4.137259e-02,1.459694e-02
4.121367e-02,4.894942e-03,4.332073e-02,4.352962e-02,4.993719e-02,4.561739e-02,4.787676e-04,2.675026e-02,3.631833e-01,1.789391e-02,2.820598e-01,1.893857e-02,2.743407e-03,3.292596e-02,2.651245e-02
4.671660e-02,6.086378e-03,4.978830e-02,4.649122e-02,5.987541e-02,5.113832e-02,4.007359e-04,2.240033e-02,3.497702e-01,1.456202e-02,2.867457e-01,1.401482e-02,2.548260e-03,2.598974e-02,2.347193e-02
5.576626e-02,6.652272e-03,4.783201e-02,3.990942e-02,6.764425e-02,4.479013e-02,5.204468e-04,1.662695e-02,2.993113e-01,1.146540e-02,3.579897e-01,1.075765e-02,2.228318e-03,1.999716e-02,1.850872e-02
5.359448e-02,1.278330e-02,4.403262e-02,1.435916e-01,1.479557e-01,3.891470e-02,1.043638e-03,2.030404e-02,2.202644e-01,9.172808e-03,2.685908e-01,8.976352e-03,1.885469e-03,1.444402e-02,1.444612e-02
9.623589e-02,1.529907e-02,5.703719e-02,1.228022e-01,2.137827e-01,4.174928e-02,1.124148e-03,1.518744e-02,1.654946e-01,6.914027e-03,2.319894e-01,7.841267e-03,2.213074e-03,1.166845e-02,1.066122e-02
1.237417e-01,1.965797e-02,6.604677e-02,1.227631e-01,2.631328e-01,4.711220e-02,1.418611e-03,1.118684e-02,1.280390e-01,5.872237e-03,1.814804e-01,7.501974e-03,2.727910e-03,1.133534e-02,7.983150e-03
1.465636e-01,2.391276e-02,8.712918e-02,1.137092e-01,2.511064e-01,4.725011e-02,1.331790e-03,8.321883e-03,1.243728e-01,5.148625e-03,1.467698e-01,1.111685e-02,4.456013e-03,2.192157e-02,6.889347e-03
1.789023e-01,3.458602e-02,9.418443e-02,9.543169e-02,2.108728e-01,4.863728e-02,1.628676e-03,6.816011e-03,1.292658e-01,5.990163e-03,1.163408e-01,2.235116e-02,1.250784e-02,3.189577e-02,1.058930e-02
2.010975e-01,4.183349e-02,8.350232e-02,1.103818e-01,2.017112e-01,4.208132e-02,1.834669e-03,6.582730e-03,1.109194e-01,5.255633e-03,8.781776e-02,3.804595e-02,2.450123e-02,2.846837e-02,1.596664e-02
2.102223e-01,4.177354e-02,7.334457e-02,8.286119e-02,1.597079e-01,4.109177e-02,1.669531e-03,5.892638e-03,9.888235e-02,9.548571e-03,6.882618e-02,3.772539e-02,2.729860e-02,5.850466e-02,8.265071e-02
1.578669e-01,3.396743e-02,5.563493e-02,5.936716e-02,1.141561e-01,3.442245e-02,1.224618e-03,4.566362e-03,8.270285e-02,7.682541e-03,5.109110e-02,2.822778e-02,2.144806e-02,1.486515e-01,1.989902e-01
1.118714e-01,2.398090e-02,3.948711e-02,4.177613e-02,8.013145e-02,2.497587e-02,8.890796e-04,3.249916e-03,7.048204e-02,6.225746e-03,3.843920e-02,2.107067e-02,1.589039e-02,3.355905e-01,1.859397e-01
7.989730e-02,1.707112e-02,2.802327e-02,2.960343e-02,5.641149e-02,1.910445e-02,6.593972e-04,2.296290e-03,5.272391e-02,4.988838e-03,3.149750e-02,1.786998e-02,1.204161e-02,4.796202e-01,1.681912e-01
5.815845e-02,1.274982e-02,2.037147e-02,2.138590e-02,4.018780e-02,1.501593e-02,5.140463e-04,1.641481e-03,4.282076e-02,5.397197e-03,2.974198e-02,1.380588e-02,8.964751e-03,5.982155e-01,1.310291e-01
4.286861e-02,9.439399e-03,1.478673e-02,1.647036e-02,2.936774e-02,1.166492e-02,4.307145e-04,1.214455e-03,7.560974e-02,6.826120e-03,2.732185e-02,1.070360e-02,6.591069e-03,6.390637e-01,1.076410e-01
3.044812e-02,6.815180e-03,1.050473e-02,1.168102e-02,2.087506e-02,8.664017e-03,3.195195e-04,8.574920e-04,1.115558e-01,1.186354e-02,2.274268e-02,8.050933e-03,4.780175e-03,6.639583e-01,8.688346e-02
2.197937e-02,4.790819e-03,7.394203e-03,8.209033e-03,1.464495e-02,6.250542e-03,2.262154e-04,6.022194e-04,8.193329e-02,1.898312e-02,1.945186e-02,5.842324e-03,3.580861e-03,7.377346e-01,6.837665e-02
1.665866e-02,3.389764e-03,5.316309e-03,5.811603e-03,1.040688e-02,4.550555e-03,1.704484e-04,4.371358e-04,7.278800e-02,4.387958e-02,2.075289e-02,4.696466e-03,2.765796e-03,7.585251e-01,4.985082e-02
1.211859e-02,2.394250e-03,3.798370e-03,4.129781e-03,7.538360e-03,3.341779e-03,1.335230e-04,3.138063e-04,6.158476e-02,5.743705e-02,2.827924e-02,3.932695e-03,2.363406e-03,7.744024e-01,3.823198e-02
9.039556e-03,1.687664e-03,2.737423e-03,2.959535e-03,5.442916e-03,2.537014e-03,1.727538e-04,2.379040e-04,4.646919e-02,1.339479e-01,3.641208e-02,3.541616e-03,2.292995e-03,7.220481e-01,3.047336e-02
8.437635e-03,1.274864e-03,2.097641e-03,2.381438e-03,5.112835e-03,3.066950e-03,3.140491e-04,4.766909e-04,6.518954e-02,1.580579e-01,8.991539e-02,4.071986e-03,2.729026e-03,6.305613e-01,2.631287e-02
6.605430e-02,1.123858e-03,2.198796e-03,4.035706e-03,1.044256e-02,1.261420e-02,6.015676e-03,4.557217e-03,6.667531e-02,1.923595e-01,1.095683e-01,7.518533e-03,5.288357e-03,4.800304e-01,3.151724e-02
8.591883e-02,1.250545e-03,2.235790e-03,7.793738e-03,1.077094e-02,1.652454e-02,5.818297e-03,5.347694e-03,7.395208e-02,2.378981e-01,1.209615e-01,1.542454e-02,1.297622e-02,3.716128e-01,3.151448e-02
1.203356e-01,2.195508e-03,2.816488e-03,1.138622e-02,1.247492e-02,1.711848e-02,5.837850e-03,5.809695e-03,9.101604e-02,2.286010e-01,1.272875e-01,1.397661e-02,1.261853e-02,3.093559e-01,3.916969e-02
1.078375e-01,2.833016e-03,9.094709e-03,1.202228e-02,1.439210e-02,1.837789e-02,5.083787e-03,2.399182e-02,1.950104e-01,2.033229e-01,1.032057e-01,1.004768e-02,9.924451e-03,2.503161e-01,3.453958e-02
8.832348e-02,2.996555e-03,9.944469e-03,1.103643e-02,1.444475e-02,1.865002e-02,3.782760e-03,2.214707e-02,3.457641e-01,1.643701e-01,8.459047e-02,7.143429e-03,7.379517e-03,1.911797e-01,2.824710e-02
9.188761e-02,3.314188e-03,3.016933e-02,1.352802e-02,2.025240e-02,2.556961e-02,3.610992e-03,2.362701e-02,4.225792e-01,1.212195e-01,6.687617e-02,5.376723e-03,5.847806e-03,1.421879e-01,2.395346e-02
8.639291e-02,4.444865e-03,3.492334e-02,3.180194e-02,1.971896e-02,2.071739e-02,2.678851e-03,2.059415e-02,4.936205e-01,8.863728e-02,4.811651e-02,3.991161e-03,4.335620e-03,1.018242e-01,3.820226e-02
1.132057e-01,6.621283e-03,3.818525e-02,3.682211e-02,2.231708e-02,2.636114e-02,2.125070e-03,2.074631e-02,4.953929e-01,6.612767e-02,3.691198e-02,3.796816e-03,3.844118e-03,7.686971e-02,5.067285e-02
1.313747e-01,8.589762e-03,3.397727e-02,3.033362e-02,2.306649e-02,2.469083e-02,1.948523e-03,2.667426e-02,5.365735e-01,4.706438e-02,2.886005e-02,3.791403e-03,3.883198e-03,5.987265e-02,3.929938e-02
1.125590e-01,7.473952e-03,2.766830e-02,8.147343e-02,1.861799e-02,2.114225e-02,1.417729e-03,1.962267e-02,5.692025e-01,3.390112e-02,2.540811e-02,3.533276e-03,4.521056e-03,4.250693e-02,3.095162e-02
8.110783e-02,5.838139e-03,2.537124e-02,1.323467e-01,1.781716e-02,1.518363e-02,1.035176e-03,1.399055e-02,5.754654e-01,2.562689e-02,3.723802e-02,4.082507e-03,9.773346e-03,3.042085e-02,2.470254e-02
5.701238e-02,4.535030e-03,1.975981e-02,1.380057e-01,1.372737e-02,1.102674e-02,8.099077e-04,9.923376e-03,4.514053e-01,1.936615e-02,1.151899e-01,6.930760e-03,6.373896e-02,2.786885e-02,6.069968e-02
4.008123e-02,3.622351e-03,1.566515e-02,1.475043e-01,1.009852e-02,7.986618e-03,6.039172e-04,7.021572e-03,3.543565e-01,1.628552e-02,1.908012e-01,9.992676e-03,8.152668e-02,3.244700e-02,8.200683e-02
2.822131e-02,2.989597e-03,1.363358e-02,1.101896e-01,1.005959e-02,5.747895e-03,4.876604e-04,5.056273e-03,2.806713e-01,2.479417e-02,1.885425e-01,1.267430e-02,9.962440e-02,9.137769e-02,1.259301e-01
2.004747e-02,2.488741e-03,1.089869e-02,8.004667e-02,1.061270e-02,4.260129e-03,3.977891e-04,3.782900e-03,2.054907e-01,3.488271e-02,1.816549e-01,1.306895e-02,8.131603e-02,1.476476e-01,2.034040e-01
1.418351e-02,1.978416e-03,7.985665e-03,5.617668e-02,8.469893e-03,3.147097e-03,3.076446e-04,2.736948e-03,1.492124e-01,3.499533e-02,1.860009e-01,1.217193e-02,6.327482e-02,1.890667e-01,2.702920e-01
9.969873e-03,1.532972e-03,5.734873e-03,3.954678e-02,6.041524e-03,2.316196e-03,2.286566e-04,1.975154e-03,1.088801e-01,4.246810e-02,2.558382e-01,1.194869e-02,4.741734e-02,1.574605e-01,3.086411e-01
7.024814e-03,1.270386e-03,4.334446e-03,2.784293e-02,4.343104e-03,1.680806e-03,1.730136e-04,1.471152e-03,7.808240e-02,4.358924e-02,3.069527e-01,1.104429e-02,3.506152e-02,1.612402e-01,3.158890e-01
4.972302e-03,1.282559e-03,3.703949e-03,1.953635e-02,3.396231e-03,1.233302e-03,1.490251e-04,1.079527e-03,5.535851e-02,6.773376e-02,3.359807e-01,1.061143e-02,2.546292e-02,1.591147e-01,3.103848e-01
3.585579e-03,1.236907e-03,3.009356e-03,1.378094e-02,2.811446e-03,9.819214e-04,1.402768e-04,7.990631e-04,3.924687e-02,7.091991e-02,4.013265e-01,1.181424e-02,1.848665e-02,1.604734e-01,2.713870e-01
2.906102e-03,1.097130e-03,2.641226e-03,9.767162e-03,2.324417e-03,1.194443e-03,1.576858e-04,6.109283e-04,2.813154e-02,6.612392e-02,4.642949e-01,1.729965e-02,1.386943e-02,1.787549e-01,2.108266e-01
4.423945e-03,1.376652e-03,2.533513e-03,7.119311e-03,2.304898e-03,1.862681e-03,2.557441e-04,5.857933e-04,2.121459e-02,7.260475e-02,4.726509e-01,3.168713e-02,1.053416e-02,2.147864e-01,1.560597e-01
8.653460e-03,2.304033e-03,2.460562e-03,5.501755e-03,2.376507e-03,2.958008e-03,3.096759e-04,4.849112e-04,1.601593e-02,6.147195e-02,5.206744e-01,4.513618e-02,8.221279e-03,2.112951e-01,1.121363e-01
1.435666e-02,3.328510e-03,2.376662e-03,4.381575e-03,2.268115e-03,4.792617e-03,2.861102e-04,3.968741e-04,1.191977e-02,4.741727e-02,5.650543e-01,5.886392e-02,6.550975e-03,1.983910e-01,7.961570e-02
1.935622e-02,3.921283e-03,2.093023e-03,3.576476e-03,2.290501e-03,5.805578e-03,2.883305e-04,3.306763e-04,9.005159e-03,3.731067e-02,6.045007e-01,6.532779e-02,5.354918e-03,1.841821e-01,5.665667e-02
1.500197e-02,5.680416e-03,3.494124e-03,4.503042e-03,9.934537e-03,7.294470e-03,1.678398e-03,4.214156e-04,7.885628e-03,4.051851e-02,5.732477e-01,8.013768e-02,4.526185e-03,2.046265e-01,4.104941e-02
1.078963e-02,7.445246e-03,7.297772e-03,3.468380e-03,1.773148e-02,8.929980e-03,3.985703e-03,3.890228e-04,6.721524e-03,4.064945e-02,5.967549e-01,7.139249e-02,4.145711e-03,1.866535e-01,3.364515e-02
8.368649e-03,1.645424e-02,2.661676e-02,3.336223e-03,6.897874e-02,1.083443e-02,8.163002e-03,1.283103e-03,9.437229e-03,5.552948e-02,4.722906e-01,6.584529e-02,4.158256e-03,2.123194e-01,3.638453e-02
6.984822e-03,1.476645e-02,3.688111e-02,3.390191e-03,9.707108e-02,1.349930e-02,8.499601e-03,5.418571e-03,2.188424e-02,6.363789e-02,4.251145e-01,5.942898e-02,4.173359e-03,1.996445e-01,3.960533e-02
5.313046e-03,1.088705e-02,3.020740e-02,3.593639e-03,7.916691e-02,1.733775e-02,6.758891e-03,1.566167e-02,5.897099e-02,8.340488e-02,3.495010e-01,5.402357e-02,4.219733e-03,2.342002e-01,4.675321e-02
4.239506e-03,8.109640e-03,2.366176e-02,9.049682e-03,5.769005e-02,1.335135e-02,4.983532e-03,6.837604e-02,1.281785e-01,7.188824e-02,2.861950e-01,5.603765e-02,2.150609e-02,1.951077e-01,5.162535e-02
4.291228e-03,6.968074e-03,2.016454e-02,7.529517e-03,4.518932e-02,1.605814e-02,5.518518e-03,7.072909e-02,2.644617e-01,5.326294e-02,2.214215e-01,5.141656e-02,4.123171e-02,1.470684e-01,4.468875e-02
3.730543e-03,5.448902e-03,1.597373e-02,7.342247e-03,3.374068e-02,1.827116e-02,6.405488e-03,6.369597e-02,3.320090e-01,4.262414e-02,1.855652e-01,4.990437e-02,8.017581e-02,1.121691e-01,4.294372e-02
4.785300e-03,5.184674e-03,1.492112e-02,8.146150e-03,2.902513e-02,1.859660e-02,4.954597e-03,4.641397e-02,3.297344e-01,8.410449e-02,1.634277e-01,5.814359e-02,9.350473e-02,9.843793e-02,4.061967e-02
5.852200e-03,5.173005e-03,1.129682e-02,8.273156e-03,2.559132e-02,1.964704e-02,4.217508e-03,3.523334e-02,2.877106e-01,1.059315e-01,1.542047e-01,8.431578e-02,1.372416e-01,7.751928e-02,3.779211e-02
7.029620e-03,7.816561e-03,9.881981e-03,7.499584e-03,2.771933e-02,2.704250e-02,3.554122e-03,3.064483e-02,2.638945e-01,8.570322e-02,1.416638e-01,8.818232e-02,1.648762e-01,1.013771e-01,3.311426e-02
1.432995e-02,7.858839e-03,1.495575e-02,7.297903e-03,3.659444e-02,2.386422e-02,8.068455e-03,9.700382e-02,2.286790e-01,6.682426e-02,1.254387e-01,6.939592e-02,1.354640e-01,1.367167e-01,2.750807e-02
2.964679e-02,9.677634e-03,4.711461e-02,8.414474e-03,4.297766e-02,2.752229e-02,2.032728e-02,1.075829e-01,1.832388e-01,5.383853e-02,1.172119e-01,5.486598e-02,1.166111e-01,1.506226e-01,3.034741e-02
4.247239e-02,9.051382e-03,7.903612e-02,8.290984e-03,3.917520e-02,5.639160e-02,1.809192e-02,1.090559e-01,1.625534e-01,3.950616e-02,1.192646e-01,4.333509e-02,1.206463e-01,1.194844e-01,3.364455e-02
3.540250e-02,8.380899e-03,7.222933e-02,9.296915e-03,7.958093e-02,1.456531e-01,1.550210e-02,8.009648e-02,1.524674e-01,3.006071e-02,8.876184e-02,3.300563e-02,1.224489e-01,8.448450e-02,4.262882e-02
2.591038e-02,7.337631e-03,5.594223e-02,1.479898e-02,5.886479e-02,2.275361e-01,1.133780e-02,5.739802e-02,1.079481e-01,2.245736e-02,6.492186e-02,2.364984e-02,2.261493e-01,5.919581e-02,3.655173e-02
1.836122e-02,5.249248e-03,3.961807e-02,1.100103e-02,4.158054e-02,1.722175e-01,8.006638e-03,4.024401e-02,7.606358e-02,1.580876e-02,4.715842e-02,1.742011e-02,4.358512e-01,4.145180e-02,2.996781e-02
1.315272e-02,3.744383e-03,2.789133e-02,8.055996e-03,2.945447e-02,1.273610e-01,5.663323e-03,2.821366e-02,5.357965e-02,1.114084e-02,3.442676e-02,1.385522e-02,5.873132e-01,2.902702e-02,2.712044e-02
9.321775e-03,2.710800e-03,1.972050e-02,5.863596e-03,2.091750e-02,9.228177e-02,4.268656e-03,1.980359e-02,3.796709e-02,7.863542e-03,2.462070e-02,1.071304e-02,7.001724e-01,2.033259e-02,2.344245e-02
6.690849e-03,2.133234e-03,1.395234e-02,4.278819e-03,1.489446e-02,6.840357e-02,3.341257e-03,1.394741e-02,2.752326e-02,5.574442e-03,1.774089e-02,9.918695e-03,7.730303e-01,1.426408e-02,2.430631e-02
5.335587e-03,2.209402e-03,1.005099e-02,3.180438e-03,1.115591e-02,6.798808e-02,4.153237e-03,1.017415e-02,2.278461e-02,4.108771e-03,1.415068e-02,1.345698e-02,7.960984e-01,1.010320e-02,2.504953e-02
3.971094e-03,1.771264e-03,7.184775e-03,2.412730e-03,8.103032e-03,7.636117e-02,3.434397e-03,7.233624e-03,1.669151e-02,3.212208e-03,1.286944e-02,1.514558e-02,8.142190e-01,7.268249e-03,2.012183e-02
3.162951e-03,1.359403e-03,5.366956e-03,2.154401e-03,6.303868e-03,1.094443e-01,3.119051e-03,5.170641e-03,1.255165e-02,2.489003e-03,1.100998e-02,1.488386e-02,8.019531e-01,5.211378e-03,1.581941e-02
2.595578e-03,1.019152e-03,3.890170e-03,1.761638e-03,4.792131e-03,1.599163e-01,2.452660e-03,3.650713e-03,9.018624e-03,1.990012e-03,8.997042e-03,2.227252e-02,7.624115e-01,3.712826e-03,1.151902e-02
1.953608e-03,7.362635e-04,2.751489e-03,1.390072e-03,4.083849e-03,1.629498e-01,2.013869e-03,2.579619e-03,6.493588e-03,1.698598e-03,9.749714e-03,4.942111e-02,7.427241e-01,2.653219e-03,8.801165e-03
1.427973e-03,5.242026e-04,1.948546e-03,1.068153e-03,3.024989e-03,2.012844e-01,1.620292e-03,1.807433e-03,4.610790e-03,1.321843e-03,8.173830e-03,9.653467e-02,6.685027e-01,1.893957e-03,6.256207e-03
1.027912e-03,3.722975e-04,1.378566e-03,8.267526e-04,2.223475e-03,2.095793e-01,1.262440e-03,1.266211e-03,3.336602e-03,1.288075e-03,8.356226e-03,1.595180e-01,6.036764e-01,1.350599e-03,4.537012e-03
8.197603e-04,2.678486e-04,9.858792e-04,6.818402e-04,1.743921e-03,2.484374e-01,9.572667e-04,8.909110e-04,2.581999e-03,2.445958e-03,2.086085e-02,1.761929e-01,5.388491e-01,9.816831e-04,3.302700e-03
6.921416e-04,1.971497e-04,7.324936e-04,5.212434e-04,1.288594e-03,2.968822e-01,9.322633e-04,6.284269e-04,2.134736e-03,5.674633e-03,2.618449e-02,2.421839e-01,4.188700e-01,7.428252e-04,2.334915e-03
6.758837e-04,1.835678e-04,5.569163e-04,4.365498e-04,1.021582e-03,2.956987e-01,7.790616e-04,4.503634e-04,1.953142e-03,1.395510e-02,4.484090e-02,2.990194e-01,3.379881e-01,7.411428e-04,1.699529e-03
1.434220e-03,1.604418e-04,5.533005e-04,3.789039e-04,8.167723e-04,2.349284e-01,6.612111e-04,3.467154e-04,2.174185e-03,1.908465e-02,5.790775e-02,4.310391e-01,2.454405e-01,3.529013e-03,1.544920e-03
1.314748e-03,1.754985e-04,6.596452e-04,3.656973e-04,6.706179e-04,1.709558e-01,5.503561e-04,2.990495e-04,3.966313e-03,1.991636e-02,6.830171e-02,5.479236e-01,1.751365e-01,8.330295e-03,1.433877e-03
1.167096e-03,2.128179e-04,7.957513e-04,3.320622e-04,6.191565e-04,1.232144e-01,4.459040e-04,2.652499e-04,7.766930e-03,2.231725e-02,8.304697e-02,5.838178e-01,1.243549e-01,5.015561e-02,1.488067e-03
9.300627e-04,2.285458e-04,1.331303e-03,4.341089e-04,7.103160e-04,8.921304e-02,3.504955e-04,2.525121e-04,1.282811e-02,1.744636e-02,1.292874e-01,5.203484e-01,8.751941e-02,1.369344e-01,2.185581e-03
7.309093e-04,2.532957e-04,1.618462e-03,6.837869e-04,1.409467e-03,6.421094e-02,2.866130e-04,2.811957e-04,1.363586e-02,1.574470e-02,1.515322e-01,5.145412e-01,6.173091e-02,1.713619e-01,1.978658e-03
7.242503e-04,5.616419e-04,1.449998e-03,1.046713e-03,4.120670e-03,4.606980e-02,2.571565e-04,2.264321e-04,1.280975e-02,2.737634e-02,2.436244e-01,4.442617e-01,4.383672e-02,1.714222e-01,2.212392e-03
7.238154e-04,9.076841e-04,1.179609e-03,9.848223e-04,4.150344e-03,3.313648e-02,1.998994e-04,2.069774e-04,1.255512e-02,2.783588e-02,3.108539e-01,3.801699e-01,3.106952e-02,1.931459e-01,2.880111e-03
7.684179e-04,3.522131e-03,1.328214e-03,1.187744e-03,5.529174e-03,2.382062e-02,1.751541e-04,2.080057e-04,2.493798e-02,3.090956e-02,2.968785e-01,3.717595e-01,2.184607e-02,2.093353e-01,7.793521e-03
7.762786e-04,2.651542e-03,1.051523e-03,9.734145e-04,4.226633e-03,1.819106e-02,1.311648e-04,1.794130e-04,2.408699e-02,2.581329e-02,3.055453e-01,3.106136e-01,1.556609e-02,2.836868e-01,6.506908e-03
1.782068e-03,2.220029e-03,2.560565e-03,9.794264e-04,4.754688e-03,1.473402e-02,1.487323e-04,6.627877e-04,2.451743e-02,3.048928e-02,3.021051e-01,2.664903e-01,1.147219e-02,3.312886e-01,5.794772e-03
1.248973e-02,3.331720e-03,3.114884e-02,1.761305e-03,1.447647e-02,1.773692e-02,5.329003e-04,2.691125e-03,2.634783e-02,5.807874e-02,2.725898e-01,2.138098e-01,1.018049e-02,3.265629e-01,8.261429e-03
1.264640e-02,3.446948e-03,2.674451e-02,1.876150e-03,1.306614e-02,2.051763e-02,5.622552e-04,3.235272e-03,2.857734e-02,5.861632e-02,3.197839e-01,1.762189e-01,9.106603e-03,3.169476e-01,8.654086e-03
1.389614e-02,3.060699e-03,2.290025e-02,1.707533e-03,1.055162e-02,2.813913e-02,5.168740e-04,2.760783e-03,2.488994e-02,4.787227e-02,3.715810e-01,1.372029e-01,7.727494e-03,3.182888e-01,8.904586e-03
1.553216e-02,2.398205e-03,1.742188e-02,1.353590e-03,8.423543e-03,2.496384e-02,4.298938e-04,2.370502e-03,2.163303e-02,3.550595e-02,3.923941e-01,1.015179e-01,5.671442e-03,3.634802e-01,6.903763e-03
1.796354e-02,2.089831e-03,1.367563e-02,1.133565e-03,7.411845e-03,2.032487e-02,3.388301e-04,1.813820e-03,2.215211e-02,2.580947e-02,3.601006e-01,7.348367e-02,4.126231e-03,4.439730e-01,5.602975e-03
1.591002e-02,1.610428e-03,1.100537e-02,9.357460e-04,6.390106e-03,1.662547e-02,2.693431e-04,1.383791e-03,3.024430e-02,1.831017e-02,2.962792e-01,5.358263e-02,2.966436e-03,5.402448e-01,4.242163e-03
1.147627e-02,1.188232e-03,8.078426e-03,7.546720e-04,4.652943e-03,1.262050e-02,1.978884e-04,1.024471e-03,4.971002e-02,1.344147e-02,2.672137e-01,3.856525e-02,2.124785e-03,5.858300e-01,3.121453e-03
8.533070e-03,8.988028e-04,5.887942e-03,6.130692e-04,3.390374e-03,9.786765e-03,1.507726e-04,7.852268e-04,6.736290e-02,1.029315e-02,2.670548e-01,2.875417e-02,1.566021e-03,5.925750e-01,2.348032e-03
6.687093e-03,8.888495e-04,4.369843e-03,5.656436e-04,2.660175e-03,7.565873e-03,1.291271e-04,6.611189e-04,1.030433e-01,9.892480e-03,3.052424e-01,2.341473e-02,1.317237e-03,5.314220e-01,2.140093e-03
5.726493e-03,1.166546e-03,3.826281e-03,6.841524e-04,2.228999e-03,6.247456e-03,1.193136e-04,6.858621e-04,1.895075e-01,9.425027e-03,2.595278e-01,1.806769e-02,1.011943e-03,4.998033e-01,1.971641e-03
5.060996e-03,1.329035e-03,3.307557e-03,7.169674e-04,1.801424e-03,4.984530e-03,1.090691e-04,8.002265e-04,3.188659e-01,8.365671e-03,1.955396e-01,1.330221e-02,7.584013e-04,4.432999e-01,1.758556e-03
4.134745e-03,1.048585e-03,2.759578e-03,7.503456e-04,1.409801e-03,3.979811e-03,8.376092e-05,6.845872e-04,4.696892e-01,6.439468e-03,1.389005e-01,9.387854e-03,5.498046e-04,3.586453e-01,1.536652e-03
3.475847e-03,1.041920e-03,2.439920e-03,8.692360e-04,1.120397e-03,3.417763e-03,6.696957e-05,5.957792e-04,6.083384e-01,5.215382e-03,9.826086e-02,6.617673e-03,3.972350e-04,2.663534e-01,1.789175e-03
6.454502e-03,1.796143e-03,2.401665e-03,2.711864e-03,1.620553e-03,3.352794e-03,8.903732e-05,1.088819e-03,7.040421e-01,6.060326e-03,6.931221e-02,4.687244e-03,3.643166e-04,1.896656e-01,6.352852e-03
8.828418e-03,1.430838e-03,2.088515e-03,2.346574e-03,3.363439e-03,2.735651e-03,8.345900e-05,1.085667e-03,7.795279e-01,4.711587e-03,4.942487e-02,3.309662e-03,2.889083e-04,1.351008e-01,5.673764e-03
1.105641e-02,1.388194e-03,3.563748e-03,2.335684e-03,5.559206e-03,3.431892e-03,7.725873e-05,1.428798e-03,8.218006e-01,3.718939e-03,3.757082e-02,2.334866e-03,2.913099e-04,9.922085e-02,6.221440e-03
1.401226e-02,3.410321e-03,5.938670e-03,9.619331e-03,9.235693e-03,5.839317e-03,9.652939e-05,1.643651e-03,8.264594e-01,3.093505e-03,3.570295e-02,1.663167e-03,2.950359e-04,7.186771e-02,1.112245e-02
2.037130e-02,4.335691e-03,6.055006e-03,1.026723e-02,1.284710e-02,6.287353e-03,1.312518e-04,1.593783e-03,8.185912e-01,2.888498e-03,4.444939e-02,1.210893e-03,3.044456e-04,5.530179e-02,1.536499e-02
2.852525e-02,4.463339e-03,5.759492e-03,1.200012e-02,1.883981e-02,8.045278e-03,2.080711e-04,1.843339e-03,7.911801e-01,2.330216e-03,6.643429e-02,9.816592e-04,3.296201e-04,4.566417e-02,1.339512e-02
3.393144e-02,4.127258e-03,5.629760e-03,9.371971e-03,1.972345e-02,8.447487e-03,1.914988e-04,1.513939e-03,7.808499e-01,2.122290e-03,7.350141e-02,8.102799e-04,3.489176e-04,4.553918e-02,1.389122e-02
4.732487e-02,4.609095e-03,1.555918e-02,8.744080e-03,1.858756e-02,8.797226e-03,2.521944e-04,1.445341e-03,7.059733e-01,2.473116e-03,1.081906e-01,1.239903e-03,4.892164e-04,5.737975e-02,1.893461e-02
7.035254e-02,5.943355e-03,4.795700e-02,1.027465e-02,2.450344e-02,9.567309e-03,3.677098e-04,1.422928e-03,6.247790e-01,3.421263e-03,1.195815e-01,3.229272e-03,7.664114e-04,5.866669e-02,1.916687e-02
8.170760e-02,5.805171e-03,5.424348e-02,9.974632e-03,2.427796e-02,8.579094e-03,4.020359e-04,1.321053e-03,5.847521e-01,3.670056e-03,1.369242e-01,6.110821e-03,7.735898e-04,6.482309e-02,1.663504e-02
1.080227e-01,8.834198e-03,5.891266e-02,1.086741e-02,2.577740e-02,8.909453e-03,6.252616e-04,1.638341e-03,5.656148e-01,3.761383e-03,1.144192e-01,5.581522e-03,8.495736e-04,7.029474e-02,1.589128e-02
1.764455e-01,1.562532e-02,7.449386e-02,1.409096e-02,2.354873e-02,1.236369e-02,8.825212e-04,1.945580e-03,4.852868e-01,4.607301e-03,9.238868e-02,5.143557e-03,1.215269e-03,6.752528e-02,2.443689e-02
1.771749e-01,4.160886e-02,1.556892e-01,7.087474e-02,2.350061e-02,1.387452e-02,1.197745e-03,1.945848e-03,3.564674e-01,4.744470e-03,6.704607e-02,4.672597e-03,1.232217e-03,4.950318e-02,3.046761e-02
1.886849e-01,3.891916e-02,2.419494e-01,5.887865e-02,1.934963e-02,1.256992e-02,1.488386e-03,1.737603e-03,2.618541e-01,1.137697e-02,4.808914e-02,4.553353e-03,1.472708e-03,4.318075e-02,6.589541e-02
1.359066e-01,3.075321e-02,1.838902e-01,4.145665e-02,1.363853e-02,9.672832e-03,1.053386e-03,1.244919e-03,1.850709e-01,1.037202e-02,3.463980e-02,3.315429e-03,1.182985e-03,1.537850e-01,1.940176e-01
9.534328e-02,2.321451e-02,1.292248e-01,2.904119e-02,9.602545e-03,6.876611e-03,7.463089e-04,8.747504e-04,1.362893e-01,8.457256e-03,2.645301e-02,2.402961e-03,9.271236e-04,2.863700e-01,2.441763e-01
6.677414e-02,1.721772e-02,9.055025e-02,2.033193e-02,6.729587e-03,4.845853e-03,5.245189e-04,6.124197e-04,9.797696e-02,6.363573e-03,2.026933e-02,1.692920e-03,7.084127e-04,4.736061e-01,1.917963e-01
4.677043e-02,1.229976e-02,6.340919e-02,1.423525e-02,4.753971e-03,3.456819e-03,3.677808e-04,4.290039e-04,7.349147e-02,5.072745e-03,1.827944e-02,1.213158e-03,6.541638e-04,6.126157e-01,1.429512e-01
3.274821e-02,8.620412e-03,4.445252e-02,9.970187e-03,3.336167e-03,2.460954e-03,2.599570e-04,3.006169e-04,6.158157e-02,1.140469e-02,1.323395e-02,8.673670e-04,5.468630e-04,7.079403e-01,1.022762e-01
2.295046e-02,6.075731e-03,3.125997e-02,6.986318e-03,2.365915e-03,1.782598e-03,1.892323e-04,2.115885e-04,8.357491e-02,5.016731e-02,9.925848e-03,6.394973e-04,4.296095e-04,7.053412e-01,7.809979e-02
1.607636e-02,4.265360e-03,2.195307e-02,4.895893e-03,1.677547e-03,1.318140e-03,1.386223e-04,1.485638e-04,7.961365e-02,4.098839e-02,7.152067e-03,4.562002e-04,3.223192e-04,7.613021e-01,5.969175e-02
1.126426e-02,2.992062e-03,1.543520e-02,3.444360e-03,1.186030e-03,9.638612e-04,1.002129e-04,1.045510e-04,6.965317e-02,3.238545e-02,5.171189e-03,3.326666e-04,2.526854e-04,8.134469e-01,4.326746e-02
