1.000000e+00,0.000000e+00,0.000000e+00,0.000000e+00,0.000000e+00,0.000000e+00,0.000000e+00,0.000000e+00,0.000000e+00,0.000000e+00,0.000000e+00,0.000000e+00,0.000000e+00,0.000000e+00,0.000000e+00
1.000000e+00,0.000000e+00,0.000000e+00,0.000000e+00,0.000000e+00,0.000000e+00,0.000000e+00,0.000000e+00,0.000000e+00,0.000000e+00,0.000000e+00,0.000000e+00,0.000000e+00,0.000000e+00,0.000000e+00
1.000000e+00,0.000000e+00,0.000000e+00,0.000000e+00,0.000000e+00,0.000000e+00,0.000000e+00,0.000000e+00,0.000000e+00,0.000000e+00,0.000000e+00,0.000000e+00,0.000000e+00,0.000000e+00,0.000000e+00
1.000000e+00,0.000000e+00,0.000000e+00,0.000000e+00,0.000000e+00,0.000000e+00,0.000000e+00,0.000000e+00,0.000000e+00,0.000000e+00,0.000000e+00,0.000000e+00,0.000000e+00,0.000000e+00,0.000000e+00
1.000000e+00,0.000000e+00,0.000000e+00,0.000000e+00,0.000000e+00,0.000000e+00,0.000000e+00,0.000000e+00,0.000000e+00,0.000000e+00,0.000000e+00,0.000000e+00,0.000000e+00,0.000000e+00,0.000000e+00
1.000000e+00,0.000000e+00,0.000000e+00,0.000000e+00,0.000000e+00,0.000000e+00,0.000000e+00,0.000000e+00,0.000000e+00,0.000000e+00,0.000000e+00,0.000000e+00,0.000000e+00,0.000000e+00,0.000000e+00
1.000000e+00,0.000000e+00,0.000000e+00,0.000000e+00,0.000000e+00,0.000000e+00,0.000000e+00,0.000000e+00,0.000000e+00,0.000000e+00,0.000000e+00,0.000000e+00,0.000000e+00,0.000000e+00,0.000000e+00
1.000000e+00,0.000000e+00,0.000000e+00,0.000000e+00,0.000000e+00,0.000000e+00,0.000000e+00,0.000000e+00,0.000000e+00,0.000000e+00,0.000000e+00,0.000000e+00,0.000000e+00,0.000000e+00,0.000000e+00
1.000000e+00,0.000000e+00,0.000000e+00,0.000000e+00,0.000000e+00,0.000000e+00,0.000000e+00,0.000000e+00,0.000000e+00,0.000000e+00,0.000000e+00,0.000000e+00,0.000000e+00,0.000000e+00,0.000000e+00
1.000000e+00,0.000000e+00,0.000000e+00,0.000000e+00,0.000000e+00,0.000000e+00,0.000000e+00,0.000000e+00,0.000000e+00,0.000000e+00,0.000000e+00,0.000000e+00,0.000000e+00,0.000000e+00,0.000000e+00
1.000000e+00,0.000000e+00,0.000000e+00,0.000000e+00,0.000000e+00,0.000000e+00,0.000000e+00,0.000000e+00,0.000000e+00,0.000000e+00,0.000000e+00,0.000000e+00,0.000000e+00,0.000000e+00,0.000000e+00
1.000000e+00,0.000000e+00,0.000000e+00,0.000000e+00,0.000000e+00,0.000000e+00,0.000000e+00,0.000000e+00,0.000000e+00,0.000000e+00,0.000000e+00,0.000000e+00,0.000000e+00,0.000000e+00,0.000000e+00
1.000000e+00,0.000000e+00,0.000000e+00,0.000000e+00,0.000000e+00,0.000000e+00,0.000000e+00,0.000000e+00,0.000000e+00,0.000000e+00,0.000000e+00,0.000000e+00,0.000000e+00,0.000000e+00,0.000000e+00
1.000000e+00,0.000000e+00,0.000000e+00,0.000000e+00,0.000000e+00,0.000000e+00,0.000000e+00,0.000000e+00,0.000000e+00,0.000000e+00,0.000000e+00,0.000000e+00,0.000000e+00,0.000000e+00,0.000000e+00
1.000000e+00,0.000000e+00,0.000000e+00,0.000000e+00,0.000000e+00,0.000000e+00,0.000000e+00,0.000000e+00,0.000000e+00,0.000000e+00,0.000000e+00,0.000000e+00,0.000000e+00,0.000000e+00,0.000000e+00
1.000000e+00,0.000000e+00,0.000000e+00,0.000000e+00,0.000000e+00,0.000000e+00,0.000000e+00,0.000000e+00,0.000000e+00,0.000000e+00,0.000000e+00,0.000000e+00,0.000000e+00,0.000000e+00,0.000000e+00
1.000000e+00,0.000000e+00,0.000000e+00,0.000000e+00,0.000000e+00,0.000000e+00,0.000000e+00,0.000000e+00,0.000000e+00,0.000000e+00,0.000000e+00,0.000000e+00,0.000000e+00,0.000000e+00,0.000000e+00
1.000000e+00,0.000000e+00,0.000000e+00,0.000000e+00,0.000000e+00,0.000000e+00,0.000000e+00,0.000000e+00,0.000000e+00,0.000000e+00,0.000000e+00,0.000000e+00,0.000000e+00,0.000000e+00,0.000000e+00
1.000000e+00,0.000000e+00,0.000000e+00,0.000000e+00,0.000000e+00,0.000000e+00,0.000000e+00,0.000000e+00,0.000000e+00,0.000000e+00,0.000000e+00,0.000000e+00,0.000000e+00,0.000000e+00,0.000000e+00
1.000000e+00,0.000000e+00,0.000000e+00,0.000000e+00,0.000000e+00,0.000000e+00,0.000000e+00,0.000000e+00,0.000000e+00,0.000000e+00,0.000000e+00,0.000000e+00,0.000000e+00,0.000000e+00,0.000000e+00
1.000000e+00,0.000000e+00,0.000000e+00,0.000000e+00,0.000000e+00,0.000000e+00,0.000000e+00,0.000000e+00,0.000000e+00,0.000000e+00,0.000000e+00,0.000000e+00,0.000000e+00,0.000000e+00,0.000000e+00
1.000000e+00,0.000000e+00,0.000000e+00,0.000000e+00,0.000000e+00,0.000000e+00,0.000000e+00,0.000000e+00,0.000000e+00,0.000000e+00,0.000000e+00,0.000000e+00,0.000000e+00,0.000000e+00,0.000000e+00
1.000000e+00,0.000000e+00,0.000000e+00,0.000000e+00,0.000000e+00,0.000000e+00,0.000000e+00,0.000000e+00,0.000000e+00,0.000000e+00,0.000000e+00,0.000000e+00,0.000000e+00,0.000000e+00,0.000000e+00
1.000000e+00,0.000000e+00,0.000000e+00,0.000000e+00,0.000000e+00,0.000000e+00,0.000000e+00,0.000000e+00,0.000000e+00,0.000000e+00,0.000000e+00,0.000000e+00,0.000000e+00,0.000000e+00,0.000000e+00
1.000000e+00,0.000000e+00,0.000000e+00,0.000000e+00,0.000000e+00,0.000000e+00,0.000000e+00,0.000000e+00,0.000000e+00,0.000000e+00,0.000000e+00,0.000000e+00,0.000000e+00,0.000000e+00,0.000000e+00
1.000000e+00,0.000000e+00,0.000000e+00,0.000000e+00,0.000000e+00,0.000000e+00,0.000000e+00,0.000000e+00,0.000000e+00,0.000000e+00,0.000000e+00,0.000000e+00,0.000000e+00,0.000000e+00,0.000000e+00
1.000000e+00,0.000000e+00,0.000000e+00,0.000000e+00,0.000000e+00,0.000000e+00,0.000000e+00,0.000000e+00,0.000000e+00,0.000000e+00,0.000000e+00,0.000000e+00,0.000000e+00,0.000000e+00,0.000000e+00
1.000000e+00,0.000000e+00,0.000000e+00,0.000000e+00,0.000000e+00,0.000000e+00,0.000000e+00,0.000000e+00,0.000000e+00,0.000000e+00,0.000000e+00,0.000000e+00,0.000000e+00,0.000000e+00,0.000000e+00
1.000000e+00,0.000000e+00,0.000000e+00,0.000000e+00,0.000000e+00,0.000000e+00,0.000000e+00,0.000000e+00,0.000000e+00,0.000000e+00,0.000000e+00,0.000000e+00,0.000000e+00,0.000000e+00,0.000000e+00
1.000000e+00,0.000000e+00,0.000000e+00,0.000000e+00,0.000000e+00,0.000000e+00,0.000000e+00,0.000000e+00,0.000000e+00,0.000000e+00,0.000000e+00,0.000000e+00,0.000000e+00,0.000000e+00,0.000000e+00
1.000000e+00,0.000000e+00,0.000000e+00,0.000000e+00,0.000000e+00,0.000000e+00,0.000000e+00,0.000000e+00,0.000000e+00,0.000000e+00,0.000000e+00,0.000000e+00,0.000000e+00,0.000000e+00,0.000000e+00
1.000000e+00,0.000000e+00,0.000000e+00,0.000000e+00,0.000000e+00,0.000000e+00,0.000000e+00,0.000000e+00,0.000000e+00,0.000000e+00,0.000000e+00,0.000000e+00,0.000000e+00,0.000000e+00,0.000000e+00
1.000000e+00,0.000000e+00,0.000000e+00,0.000000e+00,0.000000e+00,0.000000e+00,0.000000e+00,0.000000e+00,0.000000e+00,0.000000e+00,0.000000e+00,0.000000e+00,0.000000e+00,0.000000e+00,0.000000e+00
1.000000e+00,0.000000e+00,0.000000e+00,0.000000e+00,0.000000e+00,0.000000e+00,0.000000e+00,0.000000e+00,0.000000e+00,0.000000e+00,0.000000e+00,0.000000e+00,0.000000e+00,0.000000e+00,0.000000e+00
1.000000e+00,0.000000e+00,0.000000e+00,0.000000e+00,0.000000e+00,0.000000e+00,0.000000e+00,0.000000e+00,0.000000e+00,0.000000e+00,0.000000e+00,0.000000e+00,0.000000e+00,0.000000e+00,0.000000e+00
1.000000e+00,0.000000e+00,0.000000e+00,0.000000e+00,0.000000e+00,0.000000e+00,0.000000e+00,0.000000e+00,0.000000e+00,0.000000e+00,0.000000e+00,0.000000e+00,0.000000e+00,0.000000e+00,0.000000e+00
1.000000e+00,0.000000e+00,0.000000e+00,0.000000e+00,0.000000e+00,0.000000e+00,0.000000e+00,0.000000e+00,0.000000e+00,0.000000e+00,0.000000e+00,0.000000e+00,0.000000e+00,0.000000e+00,0.000000e+00
1.000000e+00,0.000000e+00,0.000000e+00,0.000000e+00,0.000000e+00,0.000000e+00,0.000000e+00,0.000000e+00,0.000000e+00,0.000000e+00,0.000000e+00,0.000000e+00,0.000000e+00,0.000000e+00,0.000000e+00
1.000000e+00,0.000000e+00,0.000000e+00,0.000000e+00,0.000000e+00,0.000000e+00,0.000000e+00,0.000000e+00,0.000000e+00,0.000000e+00,0.000000e+00,0.000000e+00,0.000000e+00,0.000000e+00,0.000000e+00
1.000000e+00,0.000000e+00,0.000000e+00,0.000000e+00,0.000000e+00,0.000000e+00,0.000000e+00,0.000000e+00,0.000000e+00,0.000000e+00,0.000000e+00,0.000000e+00,0.000000e+00,0.000000e+00,0.000000e+00
1.000000e+00,0.000000e+00,0.000000e+00,0.000000e+00,0.000000e+00,0.000000e+00,0.000000e+00,0.000000e+00,0.000000e+00,0.000000e+00,0.000000e+00,0.000000e+00,0.000000e+00,0.000000e+00,0.000000e+00
1.000000e+00,0.000000e+00,0.000000e+00,0.000000e+00,0.000000e+00,0.000000e+00,0.000000e+00,0.000000e+00,0.000000e+00,0.000000e+00,0.000000e+00,0.000000e+00,0.000000e+00,0.000000e+00,0.000000e+00
1.000000e+00,0.000000e+00,0.000000e+00,0.000000e+00,0.000000e+00,0.000000e+00,0.000000e+00,0.000000e+00,0.000000e+00,0.000000e+00,0.000000e+00,0.000000e+00,0.000000e+00,0.000000e+00,0.000000e+00
1.000000e+00,0.000000e+00,0.000000e+00,0.000000e+00,0.000000e+00,0.000000e+00,0.000000e+00,0.000000e+00,0.000000e+00,0.000000e+00,0.000000e+00,0.000000e+00,0.000000e+00,0.000000e+00,0.000000e+00
1.000000e+00,0.000000e+00,0.000000e+00,0.000000e+00,0.000000e+00,0.000000e+00,0.000000e+00,0.000000e+00,0.000000e+00,0.000000e+00,0.000000e+00,0.000000e+00,0.000000e+00,0.000000e+00,0.000000e+00
1.000000e+00,0.000000e+00,0.000000e+00,0.000000e+00,0.000000e+00,0.000000e+00,0.000000e+00,0.000000e+00,0.000000e+00,0.000000e+00,0.000000e+00,0.000000e+00,0.000000e+00,0.000000e+00,0.000000e+00
1.000000e+00,0.000000e+00,0.000000e+00,0.000000e+00,0.000000e+00,0.000000e+00,0.000000e+00,0.000000e+00,0.000000e+00,0.000000e+00,0.000000e+00,0.000000e+00,0.000000e+00,0.000000e+00,0.000000e+00
1.000000e+00,0.000000e+00,0.000000e+00,0.000000e+00,0.000000e+00,0.000000e+00,0.000000e+00,0.000000e+00,0.000000e+00,0.000000e+00,0.000000e+00,0.000000e+00,0.000000e+00,0.000000e+00,0.000000e+00
1.000000e+00,0.000000e+00,0.000000e+00,0.000000e+00,0.000000e+00,0.000000e+00,0.000000e+00,0.000000e+00,0.000000e+00,0.000000e+00,0.000000e+00,0.000000e+00,0.000000e+00,0.000000e+00,0.000000e+00
1.000000e+00,0.000000e+00,0.000000e+00,0.000000e+00,0.000000e+00,0.000000e+00,0.000000e+00,0.000000e+00,0.000000e+00,0.000000e+00,0.000000e+00,0.000000e+00,0.000000e+00,0.000000e+00,0.000000e+00
1.000000e+00,0.000000e+00,0.000000e+00,0.000000e+00,0.000000e+00,0.000000e+00,0.000000e+00,0.000000e+00,0.000000e+00,0.000000e+00,0.000000e+00,0.000000e+00,0.000000e+00,0.000000e+00,0.000000e+00
1.000000e+00,0.000000e+00,0.000000e+00,0.000000e+00,0.000000e+00,0.000000e+00,0.000000e+00,0.000000e+00,0.000000e+00,0.000000e+00,0.000000e+00,0.000000e+00,0.000000e+00,0.000000e+00,0.000000e+00
1.000000e+00,0.000000e+00,0.000000e+00,0.000000e+00,0.000000e+00,0.000000e+00,0.000000e+00,0.000000e+00,0.000000e+00,0.000000e+00,0.000000e+00,0.000000e+00,0.000000e+00,0.000000e+00,0.000000e+00
1.000000e+00,0.000000e+00,0.000000e+00,0.000000e+00,0.000000e+00,0.000000e+00,0.000000e+00,0.000000e+00,0.000000e+00,0.000000e+00,0.000000e+00,0.000000e+00,0.000000e+00,0.000000e+00,0.000000e+00
1.000000e+00,0.000000e+00,0.000000e+00,0.000000e+00,0.000000e+00,0.000000e+00,0.000000e+00,0.000000e+00,0.000000e+00,0.000000e+00,0.000000e+00,0.000000e+00,0.000000e+00,0.000000e+00,0.000000e+00
1.000000e+00,0.000000e+00,0.000000e+00,0.000000e+00,0.000000e+00,0.000000e+00,0.000000e+00,0.000000e+00,0.000000e+00,0.000000e+00,0.000000e+00,0.000000e+00,0.000000e+00,0.000000e+00,0.000000e+00
1.000000e+00,0.000000e+00,0.000000e+00,0.000000e+00,0.000000e+00,0.000000e+00,0.000000e+00,0.000000e+00,0.000000e+00,0.000000e+00,0.000000e+00,0.000000e+00,0.000000e+00,0.000000e+00,0.000000e+00
1.000000e+00,0.000000e+00,0.000000e+00,0.000000e+00,0.000000e+00,0.000000e+00,0.000000e+00,0.000000e+00,0.000000e+00,0.000000e+00,0.000000e+00,0.000000e+00,0.000000e+00,0.000000e+00,0.000000e+00
1.000000e+00,0.000000e+00,0.000000e+00,0.000000e+00,0.000000e+00,0.000000e+00,0.000000e+00,0.000000e+00,0.000000e+00,0.000000e+00,0.000000e+00,0.000000e+00,0.000000e+00,0.000000e+00,0.000000e+00
1.000000e+00,0.000000e+00,0.000000e+00,0.000000e+00,0.000000e+00,0.000000e+00,0.000000e+00,0.000000e+00,0.000000e+00,0.000000e+00,0.000000e+00,0.000000e+00,0.000000e+00,0.000000e+00,0.000000e+00
4.705029e-01,1.203706e-02,3.082330e-02,2.834702e-02,2.021278e-03,2.436872e-02,3.293531e-03,3.538935e-02,6.884909e-02,2.853914e-02,1.811470e-02,1.451136e-02,1.354180e-02,5.254928e-02,1.971114e-01
3.954974e-01,1.408083e-02,3.551932e-02,2.807246e-02,2.094100e-03,2.159536e-02,2.842080e-03,2.746663e-02,6.946898e-02,2.805628e-02,1.981053e-02,1.461672e-02,1.520145e-02,5.367429e-02,2.720035e-01
3.345447e-01,1.464513e-02,3.015493e-02,2.755791e-02,2.669398e-03,2.014774e-02,2.250139e-03,2.097890e-02,1.127459e-01,3.352604e-02,2.497205e-02,1.272399e-02,1.641139e-02,7.859334e-02,2.680784e-01
3.095870e-01,1.474145e-02,2.408557e-02,2.165797e-02,6.384495e-03,2.032682e-02,2.028523e-03,1.678975e-02,9.216343e-02,3.747137e-02,3.142352e-02,1.154510e-02,2.216263e-02,1.506353e-01,2.389970e-01
2.184162e-01,1.133228e-02,1.719289e-02,1.530255e-02,8.457127e-03,1.474184e-02,1.485836e-03,1.204572e-02,6.881779e-02,3.706710e-02,2.922069e-02,9.058289e-03,1.672621e-02,3.651448e-01,1.749907e-01
1.954307e-01,1.163508e-02,1.504396e-02,1.315423e-02,9.197100e-03,2.015022e-02,1.581049e-03,9.142694e-03,8.533433e-02,3.024684e-02,3.003497e-02,9.414714e-03,1.848840e-02,4.014638e-01,1.496819e-01
1.560553e-01,1.097876e-02,1.186630e-02,1.002389e-02,8.173027e-03,2.183138e-02,1.694079e-03,6.965638e-03,1.024353e-01,2.451221e-02,3.556482e-02,8.335831e-03,1.726661e-02,4.611706e-01,1.231262e-01
1.349537e-01,1.067112e-02,1.215285e-02,7.827358e-03,6.118122e-03,3.779406e-02,1.522487e-03,5.049945e-03,9.211900e-02,2.682260e-02,3.287946e-02,6.996498e-03,1.440676e-02,5.097600e-01,1.009260e-01
1.030065e-01,1.305300e-02,1.198068e-02,5.911407e-03,4.827958e-03,5.409563e-02,1.304345e-03,3.651015e-03,9.884638e-02,2.815239e-02,3.066286e-02,5.438734e-03,1.190250e-02,5.478547e-01,7.931195e-02
7.572997e-02,2.006227e-02,5.633522e-02,4.812995e-03,4.693723e-03,4.656217e-02,1.371290e-03,3.281302e-03,1.283797e-01,2.731713e-02,2.725512e-02,4.272787e-03,9.152070e-03,5.325550e-01,5.821921e-02
5.580353e-02,2.414430e-02,4.772476e-02,3.697420e-03,5.606575e-03,3.593675e-02,1.212137e-03,3.386547e-03,1.767603e-01,2.821005e-02,3.202963e-02,3.712508e-03,7.626941e-03,5.280482e-01,4.610034e-02
4.023439e-02,2.447448e-02,3.664770e-02,2.668754e-03,4.762015e-03,2.659704e-02,9.036164e-04,2.525150e-03,2.289877e-01,2.655495e-02,2.481934e-02,2.751521e-03,5.568597e-03,5.356271e-01,3.687760e-02
2.937933e-02,1.881943e-02,2.694715e-02,1.968619e-03,3.920092e-03,1.953057e-02,6.780337e-04,1.931052e-03,3.023883e-01,2.612092e-02,2.287377e-02,2.171970e-03,4.087053e-03,5.103388e-01,2.884483e-02
2.107439e-02,1.530963e-02,1.956636e-02,1.429967e-03,4.040503e-03,1.393938e-02,4.874121e-04,1.481332e-03,3.810359e-01,2.149464e-02,1.746003e-02,1.592691e-03,2.913999e-03,4.768520e-01,2.132186e-02
1.595638e-02,1.652359e-02,2.708964e-02,1.558329e-03,5.324044e-03,1.022718e-02,3.878379e-04,1.498204e-03,4.382261e-01,1.604967e-02,1.338106e-02,1.235348e-03,2.129711e-03,4.343088e-01,1.610406e-02
1.481187e-02,1.854163e-02,2.618871e-02,2.902100e-03,8.121737e-03,8.185294e-03,4.066649e-04,1.627259e-03,4.607723e-01,1.385142e-02,1.129276e-02,1.149220e-03,1.703999e-03,4.171370e-01,1.330806e-02
1.102937e-02,1.377113e-02,1.980505e-02,2.247835e-03,9.909076e-03,6.043914e-03,3.095916e-04,1.208058e-03,4.928699e-01,1.047015e-02,9.472921e-03,8.456784e-04,1.236956e-03,4.094715e-01,1.130886e-02
1.062058e-02,1.058198e-02,1.457945e-02,2.103127e-03,8.593327e-03,5.331671e-03,2.560777e-04,9.746379e-04,4.876513e-01,8.175565e-03,8.837841e-03,7.998824e-04,1.060577e-03,4.300933e-01,1.034071e-02
9.117198e-03,8.600692e-03,1.208160e-02,3.972043e-03,8.772271e-03,4.255718e-03,2.108204e-04,1.159706e-03,5.544276e-01,7.052042e-03,7.461823e-03,7.971372e-04,1.005164e-03,3.699225e-01,1.116361e-02
1.611356e-02,1.921635e-02,1.293313e-02,5.001002e-03,1.660689e-02,5.868005e-03,3.375443e-04,2.545086e-03,4.677739e-01,6.110757e-03,1.657983e-02,9.492204e-04,1.249986e-03,4.187968e-01,9.917967e-03
2.279631e-02,1.641238e-02,2.966563e-02,9.888458e-02,2.828898e-02,5.950023e-03,4.789807e-04,5.237770e-03,4.313774e-01,6.131320e-03,1.484172e-02,1.384536e-03,1.971521e-03,3.199830e-01,1.659588e-02
3.513152e-02,1.352278e-02,3.085090e-02,7.996695e-02,3.504682e-02,5.932366e-03,5.444954e-04,1.206906e-02,4.857398e-01,5.261947e-03,1.302599e-02,1.211765e-03,1.700786e-03,2.651312e-01,1.486367e-02
5.531029e-02,1.256676e-02,3.277676e-02,6.355822e-02,4.525699e-02,9.593316e-03,9.929067e-04,1.118197e-02,4.272660e-01,4.453232e-03,1.908571e-02,1.097756e-03,1.877463e-03,2.969418e-01,1.804079e-02
6.581078e-02,1.541446e-02,2.677384e-02,4.596606e-02,4.071366e-02,1.221793e-02,9.364347e-04,9.243475e-03,3.790740e-01,4.184613e-03,2.426929e-02,9.429822e-04,1.994289e-03,3.466743e-01,2.578384e-02
9.353551e-02,2.810535e-02,2.084992e-02,3.726673e-02,3.926227e-02,1.477539e-02,9.441611e-04,1.087506e-02,3.694134e-01,3.884664e-03,2.345636e-02,1.156817e-03,2.405849e-03,3.271165e-01,2.695191e-02
1.223826e-01,2.751640e-02,2.322316e-02,4.590126e-02,4.500365e-02,2.061405e-02,1.231939e-03,2.180006e-02,3.453202e-01,7.422901e-03,1.849825e-02,1.683145e-03,2.244339e-03,2.509567e-01,6.620138e-02
1.795858e-01,3.285544e-02,2.148121e-02,3.672629e-02,5.957153e-02,2.602838e-02,1.495280e-03,3.128460e-02,3.281058e-01,7.947009e-03,1.456858e-02,1.937920e-03,2.177527e-03,2.006915e-01,5.554305e-02
2.346287e-01,3.711656e-02,5.430198e-02,6.385415e-02,6.272195e-02,2.919812e-02,1.972039e-03,4.873068e-02,2.612458e-01,6.129643e-03,1.122869e-02,2.172104e-03,2.040754e-03,1.431065e-01,4.155231e-02
2.466578e-01,7.246394e-02,6.225671e-02,5.568780e-02,6.339095e-02,3.688902e-02,1.731443e-03,4.814560e-02,2.465995e-01,5.134160e-03,8.947789e-03,2.034518e-03,1.979746e-03,1.021192e-01,4.596178e-02
2.222018e-01,7.868080e-02,1.064707e-01,9.654437e-02,4.842778e-02,2.699282e-02,1.387705e-03,3.654521e-02,1.860975e-01,4.310383e-03,9.072924e-03,3.113578e-03,2.692813e-03,7.713314e-02,1.003285e-01
1.768211e-01,7.372504e-02,1.333863e-01,9.581630e-02,3.734035e-02,2.039474e-02,1.118788e-03,2.616816e-02,1.502222e-01,4.675828e-03,1.350615e-02,4.202397e-03,3.245896e-03,1.292522e-01,1.301246e-01
1.526229e-01,6.961252e-02,1.514158e-01,8.532699e-02,2.853974e-02,1.602118e-02,1.061620e-03,1.893237e-02,1.207435e-01,4.845137e-03,1.773739e-02,5.485924e-03,3.871009e-03,1.622574e-01,1.615266e-01
1.597420e-01,5.723842e-02,1.539412e-01,1.051263e-01,3.031245e-02,1.276942e-02,1.061731e-03,1.482946e-02,1.077221e-01,6.690359e-03,2.689805e-02,7.430961e-03,5.751892e-03,1.802199e-01,1.302658e-01
1.668170e-01,4.571735e-02,1.213049e-01,8.279750e-02,2.403548e-02,1.061274e-02,1.141257e-03,1.149470e-02,1.149272e-01,8.233540e-03,2.692159e-02,8.241946e-03,8.440958e-03,2.122757e-01,1.570381e-01
1.410202e-01,3.607635e-02,9.339909e-02,5.862252e-02,1.747863e-02,8.117081e-03,8.622555e-04,8.258869e-03,1.143421e-01,1.336261e-02,2.390292e-02,6.262649e-03,6.661616e-03,3.196020e-01,1.520311e-01
1.460515e-01,2.726959e-02,6.846732e-02,4.198619e-02,1.297439e-02,6.658330e-03,6.861146e-04,6.091542e-03,1.347969e-01,2.150650e-02,2.112015e-02,4.881284e-03,5.448967e-03,3.764032e-01,1.256579e-01
1.115887e-01,1.983258e-02,4.884781e-02,2.953987e-02,9.218648e-03,5.114699e-03,5.176448e-04,4.302379e-03,1.039925e-01,2.083418e-02,1.542976e-02,3.544984e-03,4.054308e-03,5.136422e-01,1.095397e-01
7.940475e-02,1.395917e-02,3.431058e-02,2.068459e-02,6.474111e-03,3.623706e-03,3.676010e-04,3.016791e-03,7.336852e-02,1.541684e-02,1.101289e-02,2.496860e-03,2.864454e-03,6.527100e-01,8.028916e-02
5.582887e-02,9.798455e-03,2.417003e-02,1.448073e-02,4.553904e-03,2.553473e-03,2.615179e-04,2.114258e-03,5.167314e-02,1.568653e-02,7.859156e-03,1.754618e-03,2.023235e-03,7.477348e-01,5.950734e-02
3.957083e-02,6.879792e-03,1.754246e-02,1.014168e-02,3.237123e-03,1.830210e-03,2.018137e-04,1.486468e-03,3.643298e-02,2.358142e-02,6.758662e-03,1.238088e-03,1.460386e-03,8.044168e-01,4.522137e-02
2.788904e-02,4.831163e-03,1.232178e-02,7.101812e-03,2.298204e-03,1.290381e-03,1.434912e-04,1.041512e-03,2.563222e-02,2.656735e-02,6.536953e-03,8.820833e-04,1.030377e-03,8.499991e-01,3.243467e-02
1.962063e-02,3.394006e-03,8.658944e-03,4.975767e-03,1.642293e-03,9.078337e-04,1.021452e-04,7.299106e-04,1.824360e-02,2.996614e-02,7.865535e-03,6.280023e-04,7.266628e-04,8.788133e-01,2.372525e-02
1.438403e-02,2.396965e-03,6.148700e-03,3.536524e-03,1.240844e-03,7.217759e-04,8.406460e-05,5.196282e-04,1.665729e-02,3.800164e-02,2.097819e-02,5.546564e-04,5.786553e-04,8.768353e-01,1.736183e-02
1.057230e-02,1.690546e-03,4.333260e-03,2.531053e-03,9.611605e-04,6.093228e-04,6.804619e-05,3.719826e-04,1.473234e-02,4.045079e-02,3.615811e-02,5.374427e-04,5.346362e-04,8.733492e-01,1.309990e-02
8.480313e-03,1.231903e-03,3.198289e-03,2.126273e-03,2.117587e-03,8.079677e-04,5.780637e-04,7.350838e-04,1.683729e-02,7.844033e-02,4.707031e-02,7.725284e-04,5.644762e-04,8.272735e-01,9.766112e-03
7.999660e-03,9.741687e-04,2.316457e-03,1.890831e-03,4.393718e-03,7.640452e-04,6.703665e-04,7.388372e-04,1.533347e-02,1.703778e-01,5.190701e-02,1.100810e-03,1.605498e-03,7.320062e-01,7.921115e-03
7.518377e-03,8.742256e-04,1.762016e-03,1.946554e-03,6.736185e-03,7.750379e-04,6.788221e-04,6.770019e-04,1.695495e-02,2.279815e-01,5.359487e-02,2.325929e-03,2.683738e-03,6.690538e-01,6.436991e-03
1.993346e-02,1.377827e-03,1.484741e-03,3.457945e-03,9.994052e-03,2.670688e-03,1.121394e-03,7.930942e-04,2.063671e-02,2.114346e-01,9.599437e-02,1.868569e-02,8.875704e-03,5.968059e-01,6.733850e-03
2.053324e-02,1.944380e-03,1.688462e-03,3.916035e-03,9.913996e-03,4.258995e-03,2.379058e-03,9.069713e-04,1.804022e-02,1.890544e-01,1.443522e-01,2.345638e-02,1.379271e-02,5.589540e-01,6.808923e-03
2.629903e-02,2.182109e-03,7.903639e-03,5.172409e-03,8.261253e-03,5.607520e-02,6.375993e-03,2.276419e-03,1.693108e-02,1.628629e-01,2.216182e-01,3.524274e-02,2.007784e-02,4.196962e-01,9.024968e-03
3.684491e-02,2.174773e-03,3.241440e-02,2.287277e-02,8.067425e-03,1.357514e-01,7.133514e-03,3.485025e-02,1.822959e-02,1.465090e-01,1.921742e-01,3.458263e-02,1.648596e-02,3.036488e-01,8.260340e-03
4.330035e-02,2.229707e-03,3.816049e-02,3.134489e-02,7.509588e-03,2.048038e-01,6.215980e-03,5.886868e-02,2.678463e-02,1.244711e-01,1.817214e-01,3.270390e-02,1.284244e-02,2.178920e-01,1.115113e-02
3.853081e-02,1.644809e-03,5.621934e-02,4.153800e-02,5.858576e-03,1.562701e-01,5.222987e-03,2.396058e-01,3.101314e-02,9.233940e-02,1.342852e-01,2.346498e-02,9.268113e-03,1.561453e-01,8.593425e-03
4.091789e-02,1.508395e-03,7.649310e-02,1.065296e-01,9.077174e-03,1.698696e-01,5.813948e-03,2.043940e-01,5.988100e-02,6.803030e-02,1.105258e-01,1.781970e-02,7.004403e-03,1.138867e-01,8.248362e-03
3.485060e-02,1.085220e-03,1.111158e-01,2.220686e-01,7.329954e-03,1.226561e-01,4.531797e-03,2.193217e-01,4.725236e-02,4.792211e-02,7.812453e-02,1.271269e-02,5.022338e-03,8.011745e-02,5.888777e-03
3.036335e-02,8.176537e-04,1.586971e-01,2.939725e-01,7.070020e-03,8.725073e-02,3.335038e-03,2.182874e-01,3.582246e-02,3.379096e-02,5.608417e-02,9.025916e-03,3.693343e-03,5.762022e-02,4.169220e-03
2.802734e-02,6.600357e-04,1.865682e-01,2.873988e-01,1.004957e-02,6.152196e-02,2.511088e-03,2.709915e-01,3.019607e-02,2.413773e-02,4.105489e-02,6.453936e-03,2.798261e-03,4.467034e-02,2.960410e-03
2.654415e-02,7.210695e-04,1.521479e-01,2.421429e-01,1.723840e-02,4.391005e-02,1.912230e-03,3.995012e-01,2.599919e-02,1.717756e-02,2.999668e-02,4.606573e-03,2.281835e-03,3.359018e-02,2.230078e-03
2.669963e-02,8.597542e-04,1.267033e-01,2.001843e-01,2.232309e-02,3.151980e-02,1.472916e-03,4.974528e-01,2.413776e-02,1.246084e-02,2.261803e-02,3.318446e-03,1.861419e-03,2.653406e-02,1.853830e-03
2.777493e-02,1.379956e-03,1.046747e-01,1.629255e-01,2.650548e-02,2.392959e-02,1.308587e-03,5.766745e-01,1.998132e-02,8.778763e-03,1.824787e-02,2.575820e-03,2.450851e-03,2.087192e-02,1.920299e-03
3.145409e-02,3.524312e-03,9.178582e-02,1.325073e-01,3.914534e-02,1.921483e-02,1.334190e-03,6.204836e-01,1.554011e-02,6.209068e-03,1.413297e-02,2.231602e-03,3.165424e-03,1.715827e-02,2.113100e-03
3.434144e-02,4.105743e-03,8.347333e-02,1.028834e-01,4.709569e-02,1.530215e-02,1.638022e-03,6.624880e-01,1.219922e-02,4.423050e-03,1.110892e-02,1.793029e-03,3.053449e-03,1.413720e-02,1.957478e-03
4.337270e-02,5.277902e-03,7.724368e-02,9.168512e-02,4.482950e-02,1.392397e-02,2.144861e-03,6.797777e-01,1.014557e-02,3.301295e-03,8.774382e-03,1.601413e-03,3.011975e-03,1.211579e-02,2.794177e-03
6.758380e-02,6.077712e-03,7.139815e-02,7.941404e-02,3.744780e-02,1.343723e-02,2.620153e-03,6.796260e-01,1.001396e-02,2.727741e-03,7.922906e-03,1.973767e-03,3.043103e-03,1.268774e-02,4.025895e-03
8.614740e-02,7.380554e-03,5.814510e-02,6.314667e-02,3.410895e-02,1.194094e-02,2.623003e-03,6.984725e-01,9.172475e-03,2.107712e-03,6.680787e-03,2.356437e-03,2.858832e-03,9.964007e-03,4.894647e-03
1.373590e-01,8.022400e-03,4.512602e-02,4.699453e-02,3.332461e-02,1.221222e-02,2.825773e-03,6.728985e-01,9.751835e-03,1.870234e-03,6.777426e-03,4.236606e-03,3.160724e-03,8.261521e-03,7.178614e-03
1.602991e-01,7.641417e-03,3.438861e-02,3.549912e-02,2.998386e-02,1.401433e-02,2.965924e-03,6.725888e-01,8.875205e-03,1.683761e-03,6.071326e-03,5.558738e-03,3.622461e-03,6.892103e-03,9.915201e-03
2.795736e-01,1.039961e-02,3.257360e-02,3.355390e-02,2.487113e-02,1.861228e-02,3.661532e-03,5.250763e-01,8.795572e-03,3.957475e-03,1.165941e-02,1.777928e-02,7.493432e-03,7.464940e-03,1.452784e-02
2.377104e-01,3.209800e-02,3.036001e-02,4.111194e-02,2.111825e-02,1.923131e-02,3.332362e-03,3.917210e-01,1.498464e-02,8.444156e-03,1.503803e-02,5.008984e-02,7.965909e-02,1.087548e-02,4.422541e-02
1.791406e-01,2.811761e-02,2.483152e-02,4.389689e-02,1.575188e-02,1.845041e-02,3.093544e-03,2.781685e-01,1.983926e-02,6.818370e-03,1.628757e-02,1.322959e-01,1.321595e-01,1.143524e-02,8.971331e-02
1.776550e-01,2.410598e-02,2.423788e-02,3.919525e-02,1.584738e-02,1.709906e-02,8.854165e-03,2.048623e-01,2.595285e-02,6.852538e-03,1.895413e-02,1.645673e-01,1.600573e-01,1.694587e-02,9.481305e-02
1.867877e-01,2.147949e-02,2.380674e-02,3.165579e-02,1.680552e-02,2.329845e-02,1.294890e-02,1.495120e-01,2.671389e-02,5.960900e-03,1.872204e-02,2.396639e-01,1.370677e-01,1.859863e-02,8.697839e-02
1.452236e-01,1.615675e-02,1.777267e-02,2.401405e-02,1.302443e-02,2.969497e-02,1.058419e-02,1.052760e-01,2.344406e-02,6.748172e-03,1.783748e-02,4.002210e-01,1.099033e-01,1.550796e-02,6.459147e-02
1.038655e-01,1.168819e-02,1.269822e-02,1.725779e-02,9.693793e-03,2.758426e-02,7.899091e-03,7.381164e-02,1.872897e-02,6.393528e-03,2.082104e-02,5.457333e-01,8.440024e-02,1.251190e-02,4.691248e-02
7.471149e-02,8.773882e-03,9.005789e-03,1.222021e-02,7.711533e-03,2.192023e-02,6.580356e-03,5.198235e-02,1.685878e-02,8.834929e-03,3.182535e-02,6.422721e-01,6.436624e-02,9.608377e-03,3.332835e-02
5.577024e-02,6.292228e-03,6.411514e-03,8.626240e-03,5.574282e-03,1.640604e-02,5.100336e-03,3.685705e-02,1.288999e-02,9.555384e-03,4.488812e-02,7.140057e-01,4.618966e-02,8.001182e-03,2.343205e-02
4.213716e-02,4.505541e-03,4.564284e-03,6.080591e-03,4.030090e-03,1.213286e-02,3.708012e-03,2.604653e-02,1.008441e-02,8.855959e-03,7.884917e-02,7.428166e-01,3.297669e-02,6.738967e-03,1.647314e-02
3.041334e-02,3.333121e-03,3.346297e-03,4.308541e-03,2.986548e-03,8.833896e-03,2.633394e-03,1.858184e-02,9.227522e-03,7.976616e-03,1.970311e-01,6.707807e-01,2.348658e-02,5.464074e-03,1.159646e-02
2.151895e-02,2.555473e-03,2.415213e-03,3.087271e-03,2.195873e-03,6.361892e-03,1.865353e-03,1.325135e-02,1.051704e-02,7.536749e-03,2.284864e-01,6.709069e-01,1.658344e-02,4.530117e-03,8.187932e-03
1.515071e-02,2.432700e-03,2.738073e-03,2.323982e-03,4.431872e-03,4.581309e-03,1.386444e-03,9.493726e-03,1.324064e-02,1.209457e-02,1.724074e-01,7.375298e-01,1.174040e-02,4.494147e-03,5.954304e-03
1.086025e-02,1.955518e-03,2.459994e-03,2.308880e-03,1.056618e-02,3.484545e-03,1.044309e-03,6.876124e-03,2.565322e-02,1.984255e-02,1.460062e-01,7.474017e-01,8.551907e-03,8.335826e-03,4.652852e-03
8.064091e-03,6.273766e-03,4.691200e-03,2.586538e-03,5.942994e-02,3.429117e-03,1.079008e-03,5.756549e-03,4.331058e-02,3.438613e-02,1.329272e-01,6.766870e-01,6.392493e-03,1.054455e-02,4.441826e-03
6.271767e-03,4.917494e-03,4.887052e-03,2.861098e-03,4.560178e-02,5.770762e-03,8.902458e-04,5.331452e-03,8.075020e-02,3.555824e-02,2.446425e-01,5.445423e-01,4.689610e-03,9.846044e-03,3.439398e-03
4.960862e-03,4.171435e-03,4.499057e-03,2.613635e-03,3.831556e-02,8.920670e-03,8.450390e-04,4.900165e-03,1.317138e-01,3.913760e-02,2.981143e-01,4.439218e-01,3.482022e-03,1.177233e-02,2.631642e-03
3.595334e-03,3.472172e-03,3.603281e-03,1.979414e-03,2.753483e-02,6.525401e-03,5.971800e-04,3.559942e-03,1.467760e-01,3.001384e-02,4.258822e-01,3.303692e-01,2.538116e-03,1.152603e-02,2.026971e-03
2.579867e-03,2.582733e-03,2.960930e-03,1.485505e-03,1.970196e-02,4.847914e-03,4.210735e-04,2.559236e-03,1.292430e-01,2.201692e-02,5.604495e-01,2.344158e-01,1.802096e-03,1.325607e-02,1.677452e-03
2.077767e-03,2.232779e-03,2.950522e-03,1.580713e-03,1.420359e-02,4.014756e-03,3.144243e-04,2.297988e-03,1.196860e-01,1.623815e-02,6.541481e-01,1.656644e-01,1.288176e-03,1.162573e-02,1.676909e-03
3.574735e-03,1.823347e-03,6.406622e-03,1.878939e-03,1.117948e-02,1.149958e-02,3.586577e-04,4.023635e-03,1.169104e-01,1.201903e-02,6.975865e-01,1.166939e-01,1.035291e-03,1.289955e-02,2.110370e-03
5.168558e-03,1.373040e-03,4.990379e-03,1.508763e-03,8.826773e-03,1.580267e-02,2.769625e-04,3.059168e-03,9.418394e-02,9.433448e-03,7.435668e-01,8.186726e-02,9.169169e-04,1.997582e-02,9.049527e-03
1.187686e-02,1.081954e-03,4.053695e-03,1.187087e-03,8.090450e-03,1.405981e-02,2.666709e-04,3.087807e-03,9.810872e-02,9.223055e-03,7.415413e-01,5.753149e-02,2.099369e-03,3.280407e-02,1.498766e-02
1.977070e-02,9.682753e-04,9.710379e-03,1.262500e-02,1.609021e-02,1.333791e-02,4.050474e-04,5.027584e-02,1.241015e-01,1.823395e-02,6.448981e-01,4.099179e-02,2.408432e-03,3.006927e-02,1.611364e-02
4.529355e-02,1.406184e-03,1.377168e-02,1.374453e-02,2.200354e-02,1.797701e-02,4.097685e-04,4.357898e-02,1.335355e-01,1.512447e-02,6.002324e-01,2.899875e-02,2.166010e-03,4.273245e-02,1.902520e-02
6.193940e-02,2.828820e-03,2.053108e-02,1.418240e-02,2.545625e-02,2.209445e-02,4.924192e-04,3.301949e-02,1.479313e-01,1.223158e-02,5.231527e-01,2.048969e-02,2.409054e-03,8.770448e-02,2.553686e-02
6.393721e-02,2.682660e-03,1.645156e-02,1.099436e-02,2.524584e-02,2.198396e-02,4.286475e-04,2.352080e-02,1.888636e-01,9.533489e-03,4.968877e-01,1.449483e-02,2.004223e-03,1.007311e-01,2.223992e-02
7.726666e-02,4.595344e-03,1.435266e-02,1.154364e-02,2.602415e-02,1.528940e-01,4.760588e-04,1.666110e-02,1.699943e-01,7.147012e-03,3.753755e-01,1.044723e-02,2.153775e-03,1.095704e-01,2.149818e-02
7.305374e-02,5.173517e-03,1.143875e-02,1.010692e-02,2.147942e-02,2.829744e-01,8.016858e-04,1.222083e-02,1.429289e-01,6.376736e-03,2.752460e-01,7.432715e-03,2.513807e-03,1.290039e-01,1.924869e-02
5.446957e-02,8.441442e-03,8.888436e-03,1.986701e-02,1.657524e-02,4.293385e-01,6.140536e-04,8.726266e-03,1.148190e-01,9.072296e-03,1.955241e-01,5.624909e-03,2.296653e-03,9.728094e-02,2.846148e-02
3.936112e-02,1.405500e-02,6.884455e-03,1.634579e-02,1.268216e-02,3.507048e-01,5.291249e-04,6.283002e-03,1.029743e-01,1.723660e-02,2.912843e-01,6.630179e-03,2.069891e-03,1.029913e-01,2.996795e-02
2.807400e-02,1.218101e-02,5.482867e-03,1.266754e-02,9.844069e-03,2.673433e-01,4.587279e-04,4.587763e-03,8.173694e-02,2.194027e-02,3.741554e-01,8.039821e-03,1.667451e-03,1.460422e-01,2.577865e-02
1.986749e-02,8.923400e-03,4.313900e-03,9.311336e-03,7.277183e-03,1.884477e-01,3.538453e-04,3.294763e-03,6.216899e-02,1.700409e-02,4.405336e-01,1.610371e-02,1.328551e-03,2.012707e-01,1.980071e-02
1.399319e-02,6.391081e-03,3.419928e-03,6.566222e-03,5.287535e-03,1.321350e-01,2.544290e-04,2.330360e-03,4.484447e-02,1.257985e-02,5.535009e-01,2.683537e-02,9.845985e-04,1.767592e-01,1.411782e-02
1.007400e-02,5.037459e-03,3.327052e-03,4.901349e-03,1.151316e-02,9.435946e-02,3.389892e-04,1.862752e-03,3.409305e-02,1.055627e-02,5.697291e-01,4.577677e-02,1.264877e-03,1.966105e-01,1.055524e-02
7.210766e-03,4.481449e-03,2.902332e-03,3.702702e-03,4.078297e-02,6.723122e-02,2.748342e-04,1.417730e-03,3.758208e-02,8.686124e-03,5.524729e-01,5.164579e-02,1.087835e-03,2.126223e-01,7.898939e-03
5.370512e-03,3.541654e-03,2.302994e-03,2.810788e-03,3.572053e-02,4.766300e-02,2.183474e-04,1.135174e-03,3.447040e-02,7.417928e-03,5.463167e-01,4.334375e-02,9.234948e-04,2.629676e-01,5.797185e-03
4.032853e-03,2.648179e-03,1.844727e-03,2.270034e-03,2.947385e-02,3.425044e-02,1.783469e-04,1.054716e-03,2.596563e-02,5.634982e-03,5.661502e-01,3.569970e-02,8.387266e-04,2.857295e-01,4.228111e-03
2.912140e-03,2.820825e-03,1.658380e-03,1.843208e-03,3.042204e-02,2.475458e-02,2.125931e-04,9.431543e-04,2.073057e-02,6.453974e-03,5.869732e-01,3.481274e-02,7.832970e-04,2.816595e-01,3.019925e-03
2.457301e-03,3.444769e-03,3.171420e-03,2.102297e-03,2.865953e-02,1.792138e-02,2.031886e-04,1.059011e-03,1.677157e-02,5.791942e-03,6.117355e-01,3.814559e-02,7.349441e-04,2.655860e-01,2.215591e-03
2.515560e-03,3.968851e-03,4.013909e-03,2.040145e-03,2.281893e-02,1.423777e-02,3.746661e-04,1.516461e-03,1.375996e-02,6.923022e-03,6.311944e-01,3.716930e-02,8.572485e-04,2.570069e-01,1.602946e-03
1.874129e-03,3.313087e-03,4.055107e-03,1.670925e-03,1.848589e-02,1.058634e-02,3.049116e-04,1.322611e-03,1.125753e-02,5.689100e-03,6.602013e-01,3.345596e-02,1.152391e-03,2.454877e-01,1.143095e-03
1.455874e-03,3.110900e-03,2.619606e-02,2.105135e-03,1.459162e-02,7.897136e-03,2.592200e-04,4.506758e-03,1.547217e-02,5.519137e-03,6.780730e-01,2.740090e-02,1.009252e-03,2.115209e-01,8.819261e-04
1.602161e-03,2.317006e-03,2.214576e-02,2.180199e-03,1.097127e-02,6.687646e-03,2.459533e-04,6.219028e-03,1.515649e-02,4.842914e-03,7.108208e-01,2.130122e-02,1.218269e-03,1.935554e-01,7.359189e-04
1.697159e-03,1.706739e-03,2.532200e-02,3.075984e-03,8.392920e-03,5.559568e-03,2.200421e-04,9.054208e-03,1.808016e-02,4.084035e-03,7.301638e-01,1.667035e-02,1.017964e-03,1.743582e-01,5.969448e-04
1.488618e-03,1.579514e-03,3.171616e-02,4.406067e-03,6.816267e-03,4.179268e-03,1.655137e-04,8.505563e-03,4.653569e-02,3.821902e-03,7.256257e-01,1.438914e-02,7.897887e-04,1.494396e-01,5.412237e-04
2.236697e-03,2.295748e-03,2.507357e-02,4.605928e-03,1.948609e-02,6.731526e-03,2.614328e-04,7.234032e-03,5.666073e-02,3.373347e-03,7.091067e-01,1.246072e-02,8.199160e-04,1.491262e-01,5.273109e-04
9.749278e-03,3.993792e-03,2.005822e-02,6.723429e-03,4.127076e-02,6.623994e-03,3.568902e-04,9.930605e-03,1.127387e-01,4.033217e-03,6.286568e-01,1.017782e-02,7.639148e-04,1.432195e-01,1.703045e-03
1.988143e-02,8.150975e-03,3.948456e-02,8.094081e-02,1.334894e-01,7.180859e-03,3.845531e-04,2.270713e-02,1.108884e-01,4.125065e-03,4.553298e-01,7.740980e-03,6.238517e-04,1.048264e-01,4.245723e-03
2.875310e-02,2.785037e-02,5.844904e-02,1.293644e-01,1.628525e-01,9.572779e-03,3.909858e-04,1.996912e-02,1.051331e-01,5.570315e-03,3.492073e-01,7.296813e-03,6.711580e-04,8.209860e-02,1.282040e-02
4.296241e-02,3.157040e-02,6.176437e-02,1.012692e-01,1.370276e-01,1.168430e-02,4.061888e-04,3.672700e-02,1.595728e-01,1.157098e-02,2.728238e-01,9.404920e-03,1.369335e-03,7.327658e-02,4.857008e-02
6.848968e-02,2.853506e-02,7.976513e-02,8.239942e-02,1.604869e-01,2.057339e-02,4.369194e-04,3.117727e-02,1.681812e-01,1.074701e-02,2.231533e-01,9.649478e-03,1.642111e-03,6.913652e-02,4.562655e-02
7.310186e-02,2.796994e-02,9.085956e-02,7.549916e-02,1.959307e-01,3.565428e-02,7.290923e-04,3.009555e-02,1.632627e-01,8.731876e-03,2.006835e-01,8.004271e-03,1.696781e-03,5.265257e-02,3.512800e-02
6.918511e-02,3.720435e-02,1.207889e-01,8.495004e-02,1.913465e-01,6.868291e-02,7.728122e-04,3.550633e-02,1.477964e-01,8.095564e-03,1.491063e-01,7.391157e-03,1.506289e-03,4.136713e-02,3.630012e-02
6.934212e-02,3.622185e-02,1.900547e-01,1.052734e-01,1.697206e-01,7.691736e-02,8.798671e-04,3.299407e-02,1.268760e-01,7.814221e-03,1.117272e-01,7.731213e-03,1.535118e-03,3.158875e-02,3.132352e-02
1.211630e-01,6.551191e-02,1.824710e-01,8.482679e-02,1.616039e-01,7.969023e-02,9.760628e-04,2.486728e-02,9.839500e-02,8.328872e-03,9.614930e-02,6.928969e-03,3.651774e-03,2.818218e-02,3.725376e-02
1.055631e-01,8.040580e-02,1.579351e-01,9.124593e-02,1.359057e-01,6.531088e-02,1.014082e-03,2.022971e-02,1.274087e-01,1.802357e-02,9.845626e-02,7.997300e-03,6.572141e-03,3.076778e-02,5.316396e-02
8.421121e-02,6.927504e-02,1.141065e-01,7.225063e-02,9.798686e-02,4.693651e-02,8.569883e-04,1.466424e-02,1.150403e-01,1.615888e-02,2.549234e-01,1.845748e-02,7.913960e-03,3.751468e-02,4.970336e-02
6.111052e-02,5.038455e-02,8.393345e-02,5.226118e-02,6.944895e-02,3.387458e-02,7.487468e-04,1.069551e-02,8.617795e-02,1.321378e-02,4.056664e-01,2.691893e-02,6.637028e-03,6.318242e-02,3.574596e-02
4.469325e-02,3.618243e-02,6.095874e-02,3.771344e-02,4.891131e-02,2.473711e-02,6.660187e-04,7.717672e-03,6.384036e-02,1.095308e-02,5.260268e-01,3.786820e-02,5.409062e-03,6.874945e-02,2.557300e-02
3.516727e-02,2.571938e-02,4.313566e-02,2.670697e-02,3.457891e-02,1.997969e-02,5.314490e-04,5.517809e-03,4.527536e-02,1.091369e-02,6.051520e-01,4.783376e-02,4.428489e-03,7.630385e-02,1.875572e-02
2.649793e-02,1.829901e-02,3.051094e-02,1.902926e-02,2.510713e-02,1.547248e-02,4.596728e-04,3.999523e-03,3.273994e-02,9.543278e-03,6.589468e-01,5.353881e-02,3.563037e-03,8.857681e-02,1.371538e-02
2.082048e-02,1.803215e-02,2.366297e-02,1.409363e-02,2.260965e-02,1.262889e-02,4.899516e-04,3.355068e-03,3.530217e-02,9.055647e-03,6.672904e-01,7.264382e-02,2.858932e-03,8.701264e-02,1.014352e-02
1.525359e-02,6.324697e-02,2.505512e-02,1.065603e-02,2.328420e-02,2.044975e-02,4.993524e-04,2.838260e-03,6.527617e-02,1.189816e-02,5.838839e-01,6.280788e-02,2.567059e-03,1.029250e-01,9.358488e-03
1.339112e-02,5.391495e-02,2.480588e-02,8.067532e-03,2.041363e-02,2.057450e-02,5.247552e-04,3.350326e-03,8.102889e-02,1.110516e-02,5.219077e-01,5.340123e-02,2.477448e-03,1.768422e-01,8.194761e-03
1.191560e-02,5.922595e-02,1.847345e-01,8.383335e-03,2.788730e-02,2.080072e-02,9.217095e-04,1.176740e-02,7.124388e-02,1.040400e-02,4.093244e-01,4.048681e-02,2.823313e-03,1.336692e-01,6.411847e-03
1.567697e-02,7.641497e-02,2.044536e-01,7.882035e-03,3.196003e-02,3.365019e-02,1.258124e-03,1.614155e-02,8.993225e-02,9.641392e-03,3.497661e-01,3.253255e-02,2.976896e-03,1.221510e-01,5.562334e-03
2.081946e-02,7.530595e-02,1.994618e-01,6.926844e-03,3.355991e-02,3.570449e-02,1.079975e-03,1.553480e-02,1.217315e-01,1.036407e-02,3.218964e-01,2.460603e-02,2.366679e-03,1.262453e-01,4.396898e-03
3.568271e-02,7.558192e-02,1.495759e-01,7.290150e-03,7.180980e-02,3.756951e-02,1.309581e-03,1.631790e-02,1.804319e-01,8.465330e-03,2.687536e-01,1.781259e-02,2.021241e-03,1.234979e-01,3.880116e-03
4.506337e-02,6.627388e-02,1.155682e-01,8.205142e-03,9.756032e-02,4.102945e-02,1.182150e-03,1.638771e-02,2.427017e-01,7.242824e-03,2.193755e-01,1.279480e-02,1.762511e-03,1.214824e-01,3.370152e-03
4.802100e-02,6.405896e-02,1.181345e-01,1.721119e-02,9.284633e-02,1.044788e-01,1.070784e-03,1.501634e-02,2.534723e-01,5.372093e-03,1.655111e-01,9.212499e-03,1.515958e-03,1.007369e-01,3.341303e-03
5.878857e-02,5.241090e-02,8.942910e-02,1.472067e-02,7.432336e-02,1.240444e-01,8.970329e-04,1.179037e-02,3.026978e-01,4.137381e-03,1.382661e-01,7.132621e-03,1.459541e-03,1.159535e-01,3.948613e-03
6.622369e-02,4.223139e-02,7.046954e-02,1.356398e-02,5.742382e-02,1.220463e-01,7.286442e-04,9.444137e-03,3.702307e-01,3.409311e-03,1.098611e-01,5.815565e-03,1.595714e-03,1.216780e-01,5.278087e-03
1.143233e-01,3.159392e-02,5.930058e-02,1.630900e-02,5.004936e-02,1.073427e-01,6.743946e-04,7.827715e-03,3.716111e-01,3.051047e-03,1.054505e-01,5.610707e-03,1.614401e-03,1.176432e-01,7.598014e-03
1.499899e-01,2.620852e-02,8.574526e-02,3.610187e-02,5.124587e-02,9.303465e-02,9.878207e-04,8.467350e-03,3.336298e-01,2.809313e-03,8.673603e-02,5.160090e-03,1.408517e-03,1.097958e-01,8.679246e-03
2.548715e-01,1.977664e-02,7.825087e-02,3.510231e-02,3.829090e-02,6.804410e-02,8.923387e-04,7.139149e-03,3.190116e-01,2.286786e-03,6.614283e-02,4.664495e-03,1.406039e-03,9.717366e-02,6.946775e-03
3.798256e-01,1.491459e-02,6.633157e-02,2.793284e-02,2.797740e-02,5.019736e-02,9.580352e-04,5.879326e-03,2.781697e-01,2.090037e-03,4.949258e-02,4.238205e-03,1.635168e-03,8.391496e-02,6.442705e-03
