1.000000e+00,0.000000e+00,0.000000e+00,0.000000e+00,0.000000e+00,0.000000e+00,0.000000e+00,0.000000e+00,0.000000e+00,0.000000e+00,0.000000e+00,0.000000e+00,0.000000e+00,0.000000e+00,0.000000e+00
1.000000e+00,0.000000e+00,0.000000e+00,0.000000e+00,0.000000e+00,0.000000e+00,0.000000e+00,0.000000e+00,0.000000e+00,0.000000e+00,0.000000e+00,0.000000e+00,0.000000e+00,0.000000e+00,0.000000e+00
1.000000e+00,0.000000e+00,0.000000e+00,0.000000e+00,0.000000e+00,0.000000e+00,0.000000e+00,0.000000e+00,0.000000e+00,0.000000e+00,0.000000e+00,0.000000e+00,0.000000e+00,0.000000e+00,0.000000e+00
1.000000e+00,0.000000e+00,0.000000e+00,0.000000e+00,0.000000e+00,0.000000e+00,0.000000e+00,0.000000e+00,0.000000e+00,0.000000e+00,0.000000e+00,0.000000e+00,0.000000e+00,0.000000e+00,0.000000e+00
1.000000e+00,0.000000e+00,0.000000e+00,0.000000e+00,0.000000e+00,0.000000e+00,0.000000e+00,0.000000e+00,0.000000e+00,0.000000e+00,0.000000e+00,0.000000e+00,0.000000e+00,0.000000e+00,0.000000e+00
1.000000e+00,0.000000e+00,0.000000e+00,0.000000e+00,0.000000e+00,0.000000e+00,0.000000e+00,0.000000e+00,0.000000e+00,0.000000e+00,0.000000e+00,0.000000e+00,0.000000e+00,0.000000e+00,0.000000e+00
1.000000e+00,0.000000e+00,0.000000e+00,0.000000e+00,0.000000e+00,0.000000e+00,0.000000e+00,0.000000e+00,0.000000e+00,0.000000e+00,0.000000e+00,0.000000e+00,0.000000e+00,0.000000e+00,0.000000e+00
1.000000e+00,0.000000e+00,0.000000e+00,0.000000e+00,0.000000e+00,0.000000e+00,0.000000e+00,0.000000e+00,0.000000e+00,0.000000e+00,0.000000e+00,0.000000e+00,0.000000e+00,0.000000e+00,0.000000e+00
1.000000e+00,0.000000e+00,0.000000e+00,0.000000e+00,0.000000e+00,0.000000e+00,0.000000e+00,0.000000e+00,0.000000e+00,0.000000e+00,0.000000e+00,0.000000e+00,0.000000e+00,0.000000e+00,0.000000e+00
1.000000e+00,0.000000e+00,0.000000e+00,0.000000e+00,0.000000e+00,0.000000e+00,0.000000e+00,0.000000e+00,0.000000e+00,0.000000e+00,0.000000e+00,0.000000e+00,0.000000e+00,0.000000e+00,0.000000e+00
1.000000e+00,0.000000e+00,0.000000e+00,0.000000e+00,0.000000e+00,0.000000e+00,0.000000e+00,0.000000e+00,0.000000e+00,0.000000e+00,0.000000e+00,0.000000e+00,0.000000e+00,0.000000e+00,0.000000e+00
1.000000e+00,0.000000e+00,0.000000e+00,0.000000e+00,0.000000e+00,0.000000e+00,0.000000e+00,0.000000e+00,0.000000e+00,0.000000e+00,0.000000e+00,0.000000e+00,0.000000e+00,0.000000e+00,0.000000e+00
1.000000e+00,0.000000e+00,0.000000e+00,0.000000e+00,0.000000e+00,0.000000e+00,0.000000e+00,0.000000e+00,0.000000e+00,0.000000e+00,0.000000e+00,0.000000e+00,0.000000e+00,0.000000e+00,0.000000e+00
1.000000e+00,0.000000e+00,0.000000e+00,0.000000e+00,0.000000e+00,0.000000e+00,0.000000e+00,0.000000e+00,0.000000e+00,0.000000e+00,0.000000e+00,0.000000e+00,0.000000e+00,0.000000e+00,0.000000e+00
1.000000e+00,0.000000e+00,0.000000e+00,0.000000e+00,0.000000e+00,0.000000e+00,0.000000e+00,0.000000e+00,0.000000e+00,0.000000e+00,0.000000e+00,0.000000e+00,0.000000e+00,0.000000e+00,0.000000e+00
1.000000e+00,0.000000e+00,0.000000e+00,0.000000e+00,0.000000e+00,0.000000e+00,0.000000e+00,0.000000e+00,0.000000e+00,0.000000e+00,0.000000e+00,0.000000e+00,0.000000e+00,0.000000e+00,0.000000e+00
1.000000e+00,0.000000e+00,0.000000e+00,0.000000e+00,0.000000e+00,0.000000e+00,0.000000e+00,0.000000e+00,0.000000e+00,0.000000e+00,0.000000e+00,0.000000e+00,0.000000e+00,0.000000e+00,0.000000e+00
1.000000e+00,0.000000e+00,0.000000e+00,0.000000e+00,0.000000e+00,0.000000e+00,0.000000e+00,0.000000e+00,0.000000e+00,0.000000e+00,0.000000e+00,0.000000e+00,0.000000e+00,0.000000e+00,0.000000e+00
1.000000e+00,0.000000e+00,0.000000e+00,0.000000e+00,0.000000e+00,0.000000e+00,0.000000e+00,0.000000e+00,0.000000e+00,0.000000e+00,0.000000e+00,0.000000e+00,0.000000e+00,0.000000e+00,0.000000e+00
1.000000e+00,0.000000e+00,0.000000e+00,0.000000e+00,0.000000e+00,0.000000e+00,0.000000e+00,0.000000e+00,0.000000e+00,0.000000e+00,0.000000e+00,0.000000e+00,0.000000e+00,0.000000e+00,0.000000e+00
1.000000e+00,0.000000e+00,0.000000e+00,0.000000e+00,0.000000e+00,0.000000e+00,0.000000e+00,0.000000e+00,0.000000e+00,0.000000e+00,0.000000e+00,0.000000e+00,0.000000e+00,0.000000e+00,0.000000e+00
1.000000e+00,0.000000e+00,0.000000e+00,0.000000e+00,0.000000e+00,0.000000e+00,0.000000e+00,0.000000e+00,0.000000e+00,0.000000e+00,0.000000e+00,0.000000e+00,0.000000e+00,0.000000e+00,0.000000e+00
1.000000e+00,0.000000e+00,0.000000e+00,0.000000e+00,0.000000e+00,0.000000e+00,0.000000e+00,0.000000e+00,0.000000e+00,0.000000e+00,0.000000e+00,0.000000e+00,0.000000e+00,0.000000e+00,0.000000e+00
1.000000e+00,0.000000e+00,0.000000e+00,0.000000e+00,0.000000e+00,0.000000e+00,0.000000e+00,0.000000e+00,0.000000e+00,0.000000e+00,0.000000e+00,0.000000e+00,0.000000e+00,0.000000e+00,0.000000e+00
1.000000e+00,0.000000e+00,0.000000e+00,0.000000e+00,0.000000e+00,0.000000e+00,0.000000e+00,0.000000e+00,0.000000e+00,0.000000e+00,0.000000e+00,0.000000e+00,0.000000e+00,0.000000e+00,0.000000e+00
1.000000e+00,0.000000e+00,0.000000e+00,0.000000e+00,0.000000e+00,0.000000e+00,0.000000e+00,0.000000e+00,0.000000e+00,0.000000e+00,0.000000e+00,0.000000e+00,0.000000e+00,0.000000e+00,0.000000e+00
1.000000e+00,0.000000e+00,0.000000e+00,0.000000e+00,0.000000e+00,0.000000e+00,0.000000e+00,0.000000e+00,0.000000e+00,0.000000e+00,0.000000e+00,0.000000e+00,0.000000e+00,0.000000e+00,0.000000e+00
1.000000e+00,0.000000e+00,0.000000e+00,0.000000e+00,0.000000e+00,0.000000e+00,0.000000e+00,0.000000e+00,0.000000e+00,0.000000e+00,0.000000e+00,0.000000e+00,0.000000e+00,0.000000e+00,0.000000e+00
1.000000e+00,0.000000e+00,0.000000e+00,0.000000e+00,0.000000e+00,0.000000e+00,0.000000e+00,0.000000e+00,0.000000e+00,0.000000e+00,0.000000e+00,0.000000e+00,0.000000e+00,0.000000e+00,0.000000e+00
1.000000e+00,0.000000e+00,0.000000e+00,0.000000e+00,0.000000e+00,0.000000e+00,0.000000e+00,0.000000e+00,0.000000e+00,0.000000e+00,0.000000e+00,0.000000e+00,0.000000e+00,0.000000e+00,0.000000e+00
1.000000e+00,0.000000e+00,0.000000e+00,0.000000e+00,0.000000e+00,0.000000e+00,0.000000e+00,0.000000e+00,0.000000e+00,0.000000e+00,0.000000e+00,0.000000e+00,0.000000e+00,0.000000e+00,0.000000e+00
1.000000e+00,0.000000e+00,0.000000e+00,0.000000e+00,0.000000e+00,0.000000e+00,0.000000e+00,0.000000e+00,0.000000e+00,0.000000e+00,0.000000e+00,0.000000e+00,0.000000e+00,0.000000e+00,0.000000e+00
1.000000e+00,0.000000e+00,0.000000e+00,0.000000e+00,0.000000e+00,0.000000e+00,0.000000e+00,0.000000e+00,0.000000e+00,0.000000e+00,0.000000e+00,0.000000e+00,0.000000e+00,0.000000e+00,0.000000e+00
1.000000e+00,0.000000e+00,0.000000e+00,0.000000e+00,0.000000e+00,0.000000e+00,0.000000e+00,0.000000e+00,0.000000e+00,0.000000e+00,0.000000e+00,0.000000e+00,0.000000e+00,0.000000e+00,0.000000e+00
1.000000e+00,0.000000e+00,0.000000e+00,0.000000e+00,0.000000e+00,0.000000e+00,0.000000e+00,0.000000e+00,0.000000e+00,0.000000e+00,0.000000e+00,0.000000e+00,0.000000e+00,0.000000e+00,0.000000e+00
1.000000e+00,0.000000e+00,0.000000e+00,0.000000e+00,0.000000e+00,0.000000e+00,0.000000e+00,0.000000e+00,0.000000e+00,0.000000e+00,0.000000e+00,0.000000e+00,0.000000e+00,0.000000e+00,0.000000e+00
1.000000e+00,0.000000e+00,0.000000e+00,0.000000e+00,0.000000e+00,0.000000e+00,0.000000e+00,0.000000e+00,0.000000e+00,0.000000e+00,0.000000e+00,0.000000e+00,0.000000e+00,0.000000e+00,0.000000e+00
1.000000e+00,0.000000e+00,0.000000e+00,0.000000e+00,0.000000e+00,0.000000e+00,0.000000e+00,0.000000e+00,0.000000e+00,0.000000e+00,0.000000e+00,0.000000e+00,0.000000e+00,0.000000e+00,0.000000e+00
1.000000e+00,0.000000e+00,0.000000e+00,0.000000e+00,0.000000e+00,0.000000e+00,0.000000e+00,0.000000e+00,0.000000e+00,0.000000e+00,0.000000e+00,0.000000e+00,0.000000e+00,0.000000e+00,0.000000e+00
1.000000e+00,0.000000e+00,0.000000e+00,0.000000e+00,0.000000e+00,0.000000e+00,0.000000e+00,0.000000e+00,0.000000e+00,0.000000e+00,0.000000e+00,0.000000e+00,0.000000e+00,0.000000e+00,0.000000e+00
1.000000e+00,0.000000e+00,0.000000e+00,0.000000e+00,0.000000e+00,0.000000e+00,0.000000e+00,0.000000e+00,0.000000e+00,0.000000e+00,0.000000e+00,0.000000e+00,0.000000e+00,0.000000e+00,0.000000e+00
1.000000e+00,0.000000e+00,0.000000e+00,0.000000e+00,0.000000e+00,0.000000e+00,0.000000e+00,0.000000e+00,0.000000e+00,0.000000e+00,0.000000e+00,0.000000e+00,0.000000e+00,0.000000e+00,0.000000e+00
1.000000e+00,0.000000e+00,0.000000e+00,0.000000e+00,0.000000e+00,0.000000e+00,0.000000e+00,0.000000e+00,0.000000e+00,0.000000e+00,0.000000e+00,0.000000e+00,0.000000e+00,0.000000e+00,0.000000e+00
1.000000e+00,0.000000e+00,0.000000e+00,0.000000e+00,0.000000e+00,0.000000e+00,0.000000e+00,0.000000e+00,0.000000e+00,0.000000e+00,0.000000e+00,0.000000e+00,0.000000e+00,0.000000e+00,0.000000e+00
1.000000e+00,0.000000e+00,0.000000e+00,0.000000e+00,0.000000e+00,0.000000e+00,0.000000e+00,0.000000e+00,0.000000e+00,0.000000e+00,0.000000e+00,0.000000e+00,0.000000e+00,0.000000e+00,0.000000e+00
1.000000e+00,0.000000e+00,0.000000e+00,0.000000e+00,0.000000e+00,0.000000e+00,0.000000e+00,0.000000e+00,0.000000e+00,0.000000e+00,0.000000e+00,0.000000e+00,0.000000e+00,0.000000e+00,0.000000e+00
1.000000e+00,0.000000e+00,0.000000e+00,0.000000e+00,0.000000e+00,0.000000e+00,0.000000e+00,0.000000e+00,0.000000e+00,0.000000e+00,0.000000e+00,0.000000e+00,0.000000e+00,0.000000e+00,0.000000e+00
1.000000e+00,0.000000e+00,0.000000e+00,0.000000e+00,0.000000e+00,0.000000e+00,0.000000e+00,0.000000e+00,0.000000e+00,0.000000e+00,0.000000e+00,0.000000e+00,0.000000e+00,0.000000e+00,0.000000e+00
1.000000e+00,0.000000e+00,0.000000e+00,0.000000e+00,0.000000e+00,0.000000e+00,0.000000e+00,0.000000e+00,0.000000e+00,0.000000e+00,0.000000e+00,0.000000e+00,0.000000e+00,0.000000e+00,0.000000e+00
1.000000e+00,0.000000e+00,0.000000e+00,0.000000e+00,0.000000e+00,0.000000e+00,0.000000e+00,0.000000e+00,0.000000e+00,0.000000e+00,0.000000e+00,0.000000e+00,0.000000e+00,0.000000e+00,0.000000e+00
1.000000e+00,0.000000e+00,0.000000e+00,0.000000e+00,0.000000e+00,0.000000e+00,0.000000e+00,0.000000e+00,0.000000e+00,0.000000e+00,0.000000e+00,0.000000e+00,0.000000e+00,0.000000e+00,0.000000e+00
1.000000e+00,0.000000e+00,0.000000e+00,0.000000e+00,0.000000e+00,0.000000e+00,0.000000e+00,0.000000e+00,0.000000e+00,0.000000e+00,0.000000e+00,0.000000e+00,0.000000e+00,0.000000e+00,0.000000e+00
1.000000e+00,0.000000e+00,0.000000e+00,0.000000e+00,0.000000e+00,0.000000e+00,0.000000e+00,0.000000e+00,0.000000e+00,0.000000e+00,0.000000e+00,0.000000e+00,0.000000e+00,0.000000e+00,0.000000e+00
1.000000e+00,0.000000e+00,0.000000e+00,0.000000e+00,0.000000e+00,0.000000e+00,0.000000e+00,0.000000e+00,0.000000e+00,0.000000e+00,0.000000e+00,0.000000e+00,0.000000e+00,0.000000e+00,0.000000e+00
1.000000e+00,0.000000e+00,0.000000e+00,0.000000e+00,0.000000e+00,0.000000e+00,0.000000e+00,0.000000e+00,0.000000e+00,0.000000e+00,0.000000e+00,0.000000e+00,0.000000e+00,0.000000e+00,0.000000e+00
1.000000e+00,0.000000e+00,0.000000e+00,0.000000e+00,0.000000e+00,0.000000e+00,0.000000e+00,0.000000e+00,0.000000e+00,0.000000e+00,0.000000e+00,0.000000e+00,0.000000e+00,0.000000e+00,0.000000e+00
1.000000e+00,0.000000e+00,0.000000e+00,0.000000e+00,0.000000e+00,0.000000e+00,0.000000e+00,0.000000e+00,0.000000e+00,0.000000e+00,0.000000e+00,0.000000e+00,0.000000e+00,0.000000e+00,0.000000e+00
1.000000e+00,0.000000e+00,0.000000e+00,0.000000e+00,0.000000e+00,0.000000e+00,0.000000e+00,0.000000e+00,0.000000e+00,0.000000e+00,0.000000e+00,0.000000e+00,0.000000e+00,0.000000e+00,0.000000e+00
1.000000e+00,0.000000e+00,0.000000e+00,0.000000e+00,0.000000e+00,0.000000e+00,0.000000e+00,0.000000e+00,0.000000e+00,0.000000e+00,0.000000e+00,0.000000e+00,0.000000e+00,0.000000e+00,0.000000e+00
4.538511e-01,1.337543e-02,2.453596e-02,3.231385e-02,4.289232e-03,2.150716e-02,2.825546e-03,2.437557e-02,8.108856e-02,1.709431e-01,1.383844e-02,1.205076e-02,9.892719e-03,9.532564e-03,1.255800e-01
3.662437e-01,1.161598e-02,1.981784e-02,2.621638e-02,3.293464e-03,1.962454e-02,2.764946e-03,1.815098e-02,7.602569e-02,1.975922e-01,1.394166e-02,1.006230e-02,7.961173e-03,3.019671e-02,1.964924e-01
3.419281e-01,1.018809e-02,1.737073e-02,2.041841e-02,2.608215e-03,1.868148e-02,2.670276e-03,1.367031e-02,7.170206e-02,2.242469e-01,1.547563e-02,8.094375e-03,7.027584e-03,4.626071e-02,1.996571e-01
3.019193e-01,8.824985e-03,1.379616e-02,1.486449e-02,2.213018e-03,1.593490e-02,2.161206e-03,1.009127e-02,6.284524e-02,1.889693e-01,3.610418e-02,6.537787e-03,5.742437e-03,1.407958e-01,1.892000e-01
2.340228e-01,7.682526e-03,1.077997e-02,1.079696e-02,2.347657e-03,1.303344e-02,1.830152e-03,7.338363e-03,5.329874e-02,1.808779e-01,8.641257e-02,5.348257e-03,4.830742e-03,2.124794e-01,1.689205e-01
1.722678e-01,6.397540e-03,9.193939e-03,7.760542e-03,2.114154e-03,1.128031e-02,1.559093e-03,5.319498e-03,4.008986e-02,1.318467e-01,1.321963e-01,4.155141e-03,3.738068e-03,3.442837e-01,1.277973e-01
1.254787e-01,4.897468e-03,7.214346e-03,6.218484e-03,2.452061e-03,1.138433e-02,1.274490e-03,4.081715e-03,2.994664e-02,9.478343e-02,1.411158e-01,3.844445e-03,3.111617e-03,4.711097e-01,9.308675e-02
9.213388e-02,3.574278e-03,5.554053e-03,5.170503e-03,2.803128e-03,1.298700e-02,1.101378e-03,3.430341e-03,2.247988e-02,6.882392e-02,1.658563e-01,4.073403e-03,2.994950e-03,5.414568e-01,6.756019e-02
6.546251e-02,2.581942e-03,4.003198e-03,4.065843e-03,2.885985e-03,1.013614e-02,9.073961e-04,2.720867e-03,1.741058e-02,5.222122e-02,2.117687e-01,4.059228e-03,2.543980e-03,5.708063e-01,4.842623e-02
4.626159e-02,1.871682e-03,3.388242e-03,3.034258e-03,2.401768e-03,8.682849e-03,6.898028e-04,2.052090e-03,1.343166e-02,3.830443e-02,2.284429e-01,3.794239e-03,1.881587e-03,6.115128e-01,3.425020e-02
3.270735e-02,1.387871e-03,2.670370e-03,2.352804e-03,1.787600e-03,8.594503e-03,5.054579e-04,1.481471e-03,1.222376e-02,2.813178e-02,2.269213e-01,3.426796e-03,1.379887e-03,6.520966e-01,2.433256e-02
2.300849e-02,1.074788e-03,2.309073e-03,1.830662e-03,1.438527e-03,8.041397e-03,3.660868e-04,1.106643e-03,1.537796e-02,2.095030e-02,2.091444e-01,2.886534e-03,1.043421e-03,6.940033e-01,1.741849e-02
1.613330e-02,8.088932e-04,1.919903e-03,1.347755e-03,1.134289e-03,9.538083e-03,2.622769e-04,7.958394e-04,2.329602e-02,1.573452e-02,1.832979e-01,2.379052e-03,7.714413e-04,7.302736e-01,1.230709e-02
1.132152e-02,6.430569e-04,1.715662e-03,1.074300e-03,9.527063e-04,8.255895e-03,1.926056e-04,5.844273e-04,2.818951e-02,1.150570e-02,1.654471e-01,2.062187e-03,6.019163e-04,7.586463e-01,8.807063e-03
7.945499e-03,5.419324e-04,1.417394e-03,8.720573e-04,8.138346e-04,1.256452e-02,1.459579e-04,4.221373e-04,4.813655e-02,8.849209e-03,1.478392e-01,1.768307e-03,4.610014e-04,7.618905e-01,6.331956e-03
5.653438e-03,4.882675e-03,9.451491e-03,1.058530e-03,1.019037e-03,4.066361e-02,2.653062e-04,4.587376e-04,1.195229e-01,8.309678e-03,1.326598e-01,1.583260e-03,4.208940e-04,6.690151e-01,5.035554e-03
4.175380e-03,5.491554e-03,1.381592e-02,2.296245e-03,1.245321e-03,6.136794e-02,2.654745e-04,5.776220e-04,1.801046e-01,1.154042e-02,1.083383e-01,1.444735e-03,4.563103e-04,6.022530e-01,6.627263e-03
3.334873e-03,4.434301e-03,1.259020e-02,1.904058e-03,1.525417e-03,5.409869e-02,2.134573e-04,4.816625e-04,2.057340e-01,1.114073e-02,8.974316e-02,1.235397e-03,3.621814e-04,6.070110e-01,6.190879e-03
2.899435e-03,7.859661e-03,2.149220e-02,1.040180e-02,3.973363e-03,4.516416e-02,2.024941e-04,9.497866e-04,2.183392e-01,1.415773e-02,8.033431e-02,2.028554e-03,1.327138e-03,5.717245e-01,1.914564e-02
2.535416e-03,6.549550e-03,1.706442e-02,1.011092e-02,4.619756e-03,3.677212e-02,1.600344e-04,7.711199e-04,2.580228e-01,1.775430e-02,7.191432e-02,2.400018e-03,1.290039e-03,5.456246e-01,2.441061e-02
4.751304e-03,9.755711e-03,2.192038e-02,1.247746e-02,6.334680e-03,2.901495e-02,1.787489e-04,1.793931e-03,2.983620e-01,1.825317e-02,7.020198e-02,2.209441e-03,1.435495e-03,4.944737e-01,2.883699e-02
7.639973e-03,9.688921e-03,1.785574e-02,9.688163e-03,5.282302e-03,3.241207e-02,1.449733e-04,1.664273e-03,3.022524e-01,1.939754e-02,5.985491e-02,1.725761e-03,1.137802e-03,5.008612e-01,3.039390e-02
2.520883e-02,1.471990e-02,2.363481e-02,1.449344e-02,6.343015e-03,2.688434e-02,2.036437e-04,2.855092e-03,3.436848e-01,2.128638e-02,5.051010e-02,1.522827e-03,1.014152e-03,4.329992e-01,3.463951e-02
2.716384e-02,2.029886e-02,2.506953e-02,1.173288e-02,6.620339e-03,3.675189e-02,2.787520e-04,8.413378e-03,3.950632e-01,2.378572e-02,4.163463e-02,1.211951e-03,8.577881e-04,3.698997e-01,3.121758e-02
2.756426e-02,1.728682e-02,1.964757e-02,9.008888e-03,6.225195e-03,3.726643e-02,2.995585e-04,1.053568e-02,4.809576e-01,2.134448e-02,3.639124e-02,9.407944e-04,6.974308e-04,3.072369e-01,2.459724e-02
3.757992e-02,1.573395e-02,2.034705e-02,1.026827e-02,7.352481e-03,3.132784e-02,1.353954e-03,4.970362e-02,5.138973e-01,1.888734e-02,3.091151e-02,7.677791e-04,7.063611e-04,2.427096e-01,1.845300e-02
5.616403e-02,1.938627e-02,2.548995e-02,9.887360e-03,7.337262e-03,2.979498e-02,1.217118e-03,7.130634e-02,5.146631e-01,1.725860e-02,3.375142e-02,8.367829e-04,1.048530e-03,1.965077e-01,1.535049e-02
6.270196e-02,4.089522e-02,4.276523e-02,1.030389e-02,8.913050e-03,2.931954e-02,1.156348e-03,8.012877e-02,4.741940e-01,1.537204e-02,3.130775e-02,8.259799e-04,1.531022e-03,1.857709e-01,1.481424e-02
7.474250e-02,7.487448e-02,5.475088e-02,9.959660e-03,1.873981e-02,3.336268e-02,1.386422e-03,7.246713e-02,4.037717e-01,1.247538e-02,3.954180e-02,1.099254e-03,2.127030e-03,1.877293e-01,1.297199e-02
7.864427e-02,1.019803e-01,4.799965e-02,8.916044e-03,2.203431e-02,7.654554e-02,1.355501e-03,6.088342e-02,3.721725e-01,9.320152e-03,3.249347e-02,1.165491e-03,1.981181e-03,1.740732e-01,1.043499e-02
7.480210e-02,1.198754e-01,3.883127e-02,7.431525e-03,2.335569e-02,9.459579e-02,1.113814e-03,4.890674e-02,3.896562e-01,6.927248e-03,3.710154e-02,1.264142e-03,1.712417e-03,1.463065e-01,8.119741e-03
7.865835e-02,1.942625e-01,3.468999e-02,6.445673e-03,2.127163e-02,9.322027e-02,1.313041e-03,4.336299e-02,3.435884e-01,6.325709e-03,3.296357e-02,1.755988e-03,1.625009e-03,1.331607e-01,7.356200e-03
8.248932e-02,2.997636e-01,2.796386e-02,5.196749e-03,1.643702e-02,8.642287e-02,1.487854e-03,3.789401e-02,2.809557e-01,5.226749e-03,2.829323e-02,1.921598e-03,1.421850e-03,1.178502e-01,6.675377e-03
9.340139e-02,3.754054e-01,2.396629e-02,4.518407e-03,1.285494e-02,7.240964e-02,1.540834e-03,4.253210e-02,2.472285e-01,4.374408e-03,2.244844e-02,2.251545e-03,1.214779e-03,9.007634e-02,5.776973e-03
1.029077e-01,4.438124e-01,2.280162e-02,4.024143e-03,1.047777e-02,6.243445e-02,2.821305e-03,4.038725e-02,2.100803e-01,4.196340e-03,1.724165e-02,2.357947e-03,1.120771e-03,7.042064e-02,4.915752e-03
1.567393e-01,3.906052e-01,2.351033e-02,4.177899e-03,8.629148e-03,5.184755e-02,3.457007e-03,4.349879e-02,2.278886e-01,7.501376e-03,1.703860e-02,3.461429e-03,1.076120e-03,5.600183e-02,4.566860e-03
2.197740e-01,3.242821e-01,2.447017e-02,3.538929e-03,7.795960e-03,4.137501e-02,4.447636e-03,4.038515e-02,2.451780e-01,1.453176e-02,1.607963e-02,4.834318e-03,1.274728e-03,4.612509e-02,5.907521e-03
3.033111e-01,2.491360e-01,2.267795e-02,3.407921e-03,8.447414e-03,3.682311e-02,6.199937e-03,3.284205e-02,2.134775e-01,4.720459e-02,2.299647e-02,6.554979e-03,1.475654e-03,3.838799e-02,7.057445e-03
3.776127e-01,1.822856e-01,2.436846e-02,3.696751e-03,1.081816e-02,3.440164e-02,9.589396e-03,2.807074e-02,1.780846e-01,6.412466e-02,2.725870e-02,1.247619e-02,3.024113e-03,3.497487e-02,9.213540e-03
4.182399e-01,1.343617e-01,2.753428e-02,5.408587e-03,1.491615e-02,3.197537e-02,1.453439e-02,3.713319e-02,1.424830e-01,6.622809e-02,2.709646e-02,2.432556e-02,9.930013e-03,3.031056e-02,1.552275e-02
4.620505e-01,9.648375e-02,3.418079e-02,9.341136e-03,1.260602e-02,2.568746e-02,1.145988e-02,5.788741e-02,1.075160e-01,8.555885e-02,2.164704e-02,2.682391e-02,9.275598e-03,2.279410e-02,1.668760e-02
4.775422e-01,6.858069e-02,3.362539e-02,1.830936e-02,1.156133e-02,2.328677e-02,1.007658e-02,8.315674e-02,7.853637e-02,1.148532e-01,1.634402e-02,2.306369e-02,7.999825e-03,1.780518e-02,1.525868e-02
4.825816e-01,4.964241e-02,3.511181e-02,1.832254e-02,1.143434e-02,2.785816e-02,8.866427e-03,8.284851e-02,5.945270e-02,1.470520e-01,1.383521e-02,2.283476e-02,8.425527e-03,1.513205e-02,1.660199e-02
4.904678e-01,3.596313e-02,4.257316e-02,1.878892e-02,1.139322e-02,3.812659e-02,7.371895e-03,9.507696e-02,4.514289e-02,1.374379e-01,1.233083e-02,2.805788e-02,9.336555e-03,1.261125e-02,1.532102e-02
4.731444e-01,2.655239e-02,4.370466e-02,1.904476e-02,1.267738e-02,3.292727e-02,6.148181e-03,8.787488e-02,3.477600e-02,1.872903e-01,1.218866e-02,2.701024e-02,1.101221e-02,1.082500e-02,1.482367e-02
3.826837e-01,2.431796e-02,3.724097e-02,7.150632e-02,3.397549e-02,3.567607e-02,6.151311e-03,8.530410e-02,2.765440e-02,1.573687e-01,2.255734e-02,5.964635e-02,3.020968e-02,9.122112e-03,1.658554e-02
3.337064e-01,2.057323e-02,3.764324e-02,8.630981e-02,3.985965e-02,3.630191e-02,6.735524e-03,6.986918e-02,2.405693e-02,1.376901e-01,3.009342e-02,1.041793e-01,4.317587e-02,9.432563e-03,2.037289e-02
3.216377e-01,1.834619e-02,3.113297e-02,9.323348e-02,3.662260e-02,4.129466e-02,6.230815e-03,5.578547e-02,2.402026e-02,1.087715e-01,3.206481e-02,1.441460e-01,5.337620e-02,9.142748e-03,2.419469e-02
3.450555e-01,1.777722e-02,2.818052e-02,7.767515e-02,5.219808e-02,3.360116e-02,5.751199e-03,5.523263e-02,2.884527e-02,9.276654e-02,3.633069e-02,1.261522e-01,6.896131e-02,9.521724e-03,2.195084e-02
3.822097e-01,1.494550e-02,2.274839e-02,6.279236e-02,5.627586e-02,3.381481e-02,5.033901e-03,4.386256e-02,2.885415e-02,7.277219e-02,3.420665e-02,1.137644e-01,1.024718e-01,7.836888e-03,1.841084e-02
3.820798e-01,1.239777e-02,2.028440e-02,5.034510e-02,5.010141e-02,3.044757e-02,4.601079e-03,3.435055e-02,2.337759e-02,5.794648e-02,3.204675e-02,1.506773e-01,1.289044e-01,6.647158e-03,1.579254e-02
3.514399e-01,9.643063e-03,1.568924e-02,3.940360e-02,4.520752e-02,2.749016e-02,3.878764e-03,2.747162e-02,2.363412e-02,4.435368e-02,3.452790e-02,1.919916e-01,1.628517e-01,5.899550e-03,1.651758e-02
2.813306e-01,7.032502e-03,1.253497e-02,3.094190e-02,3.771334e-02,2.389851e-02,3.321297e-03,3.289522e-02,2.063437e-02,3.633321e-02,3.433680e-02,1.947484e-01,2.593806e-01,4.959357e-03,1.993879e-02
2.496685e-01,5.607540e-03,2.068609e-02,5.584044e-02,4.728325e-02,2.426624e-02,3.902488e-03,5.789912e-02,2.123567e-02,2.814376e-02,3.693715e-02,1.485493e-01,2.759349e-01,4.054854e-03,1.999062e-02
2.970748e-01,4.785629e-03,2.270517e-02,8.992170e-02,4.618049e-02,2.239245e-02,4.184411e-03,7.181115e-02,2.876330e-02,2.093685e-02,3.095202e-02,1.123177e-01,2.296634e-01,3.110971e-03,1.519992e-02
2.910904e-01,5.302795e-03,3.979643e-02,1.481192e-01,4.573478e-02,2.845968e-02,7.224993e-03,7.167934e-02,4.274472e-02,1.594482e-02,2.486946e-02,8.504242e-02,1.800356e-01,2.367518e-03,1.158787e-02
2.732586e-01,9.748759e-03,3.957366e-02,1.462221e-01,5.989405e-02,3.457862e-02,2.540332e-02,6.847993e-02,8.997554e-02,1.381446e-02,2.420512e-02,6.221242e-02,1.400004e-01,2.198765e-03,1.043424e-02
2.472028e-01,1.539400e-02,3.859594e-02,1.236115e-01,9.558829e-02,7.196002e-02,3.835772e-02,5.360504e-02,1.205110e-01,1.282882e-02,2.055993e-02,4.462671e-02,1.034369e-01,1.895920e-03,1.182544e-02
2.047965e-01,2.852902e-02,3.142931e-02,1.328391e-01,1.576856e-01,9.245774e-02,5.485750e-02,4.053919e-02,1.107894e-01,9.344241e-03,1.525910e-02,3.229382e-02,7.850941e-02,1.504557e-03,9.165549e-03
1.745580e-01,3.477582e-02,2.663113e-02,1.116781e-01,2.009407e-01,8.402281e-02,5.476018e-02,3.873764e-02,1.623519e-01,6.891611e-03,1.168442e-02,2.366845e-02,6.090794e-02,1.223280e-03,7.168027e-03
1.541231e-01,3.138275e-02,2.778567e-02,1.100743e-01,2.644967e-01,7.480841e-02,5.371708e-02,6.984100e-02,1.275568e-01,5.975123e-03,9.743748e-03,1.748408e-02,4.658895e-02,9.758834e-04,5.446398e-03
1.979249e-01,2.693198e-02,2.469685e-02,1.092815e-01,2.320265e-01,6.225744e-02,4.212072e-02,1.092793e-01,1.232169e-01,4.916221e-03,8.055860e-03,1.450293e-02,3.943032e-02,9.327355e-04,4.425805e-03
1.992178e-01,2.240250e-02,2.218381e-02,1.019442e-01,2.279837e-01,5.308313e-02,3.383060e-02,1.731302e-01,1.088290e-01,3.726437e-03,6.516519e-03,1.171750e-02,3.096689e-02,8.113059e-04,3.656482e-03
1.814414e-01,1.885404e-02,1.837853e-02,8.110148e-02,1.919292e-01,4.001753e-02,2.463757e-02,3.021017e-01,9.727681e-02,2.760821e-03,5.162053e-03,9.291021e-03,2.343357e-02,7.199420e-04,2.894337e-03
2.045776e-01,1.993388e-02,1.527158e-02,6.451280e-02,1.647467e-01,3.062320e-02,1.851140e-02,3.453988e-01,9.549421e-02,2.353308e-03,4.982943e-03,1.017260e-02,1.904633e-02,9.463591e-04,3.428287e-03
2.548140e-01,1.812594e-02,1.256312e-02,5.549789e-02,1.408301e-01,2.444502e-02,1.393242e-02,3.581473e-01,8.389892e-02,2.049878e-03,4.453936e-03,1.125006e-02,1.549733e-02,1.059453e-03,3.434676e-03
3.649411e-01,1.586714e-02,1.064333e-02,4.274932e-02,1.096088e-01,2.135451e-02,1.117921e-02,3.136839e-01,6.860359e-02,2.092815e-03,4.812754e-03,1.536023e-02,1.368932e-02,1.419377e-03,3.994618e-03
4.081987e-01,1.800055e-02,1.032181e-02,4.009533e-02,8.653754e-02,2.162188e-02,9.435704e-03,2.815948e-01,5.890162e-02,3.293534e-03,6.434042e-03,2.663898e-02,1.810450e-02,2.263583e-03,8.557430e-03
3.818737e-01,2.861344e-02,1.048735e-02,4.921631e-02,6.609423e-02,2.575059e-02,7.923057e-03,2.118873e-01,5.968621e-02,1.024886e-02,9.659421e-03,3.225937e-02,5.436757e-02,3.556099e-03,4.837644e-02
2.949755e-01,5.610742e-02,1.942615e-02,9.828254e-02,5.208132e-02,2.227709e-02,8.354282e-03,1.513710e-01,5.092930e-02,1.897549e-02,1.143808e-02,4.033714e-02,7.057682e-02,3.815336e-03,1.010525e-01
2.310484e-01,5.882286e-02,2.710230e-02,1.599520e-01,3.923624e-02,2.350849e-02,1.325284e-02,1.075873e-01,4.765287e-02,2.846434e-02,1.277349e-02,4.555134e-02,5.919613e-02,4.561730e-03,1.412897e-01
2.440528e-01,4.838163e-02,2.351699e-02,1.386040e-01,2.918987e-02,4.060170e-02,1.092590e-02,7.676276e-02,3.662687e-02,2.060909e-02,1.198704e-02,3.284643e-02,1.769778e-01,3.704824e-03,1.052123e-01
3.149722e-01,4.645856e-02,2.101134e-02,1.311850e-01,2.678609e-02,3.981784e-02,1.423917e-02,5.805664e-02,4.127120e-02,1.562366e-02,1.412732e-02,2.524849e-02,1.651913e-01,3.356728e-03,8.265444e-02
4.177906e-01,3.755271e-02,1.669630e-02,1.023901e-01,2.059587e-02,3.703136e-02,1.119516e-02,4.209388e-02,4.140516e-02,1.153926e-02,1.328311e-02,3.143123e-02,1.462808e-01,4.800650e-03,6.591379e-02
4.980094e-01,2.888523e-02,1.358184e-02,8.216668e-02,1.687873e-02,5.479664e-02,1.038879e-02,3.178653e-02,3.707564e-02,8.254828e-03,1.210644e-02,2.867725e-02,1.239128e-01,4.015877e-03,4.946331e-02
1.000000e+00,0.000000e+00,0.000000e+00,0.000000e+00,0.000000e+00,0.000000e+00,0.000000e+00,0.000000e+00,0.000000e+00,0.000000e+00,0.000000e+00,0.000000e+00,0.000000e+00,0.000000e+00,0.000000e+00
4.785328e-01,1.820984e-02,1.253765e-02,4.811018e-02,1.031710e-02,5.320839e-02,7.102341e-03,1.712039e-02,2.555536e-02,4.506717e-03,7.708481e-03,2.238609e-02,2.596996e-01,3.209451e-03,3.179567e-02
4.492666e-01,1.435216e-02,9.815074e-03,3.556310e-02,8.021252e-03,5.718962e-02,6.527684e-03,1.239977e-02,1.955822e-02,3.592534e-03,8.964439e-03,3.365131e-02,3.133245e-01,4.258689e-03,2.351501e-02
3.972678e-01,1.169932e-02,7.956555e-03,2.696074e-02,7.193794e-03,5.949360e-02,8.541287e-03,9.383685e-03,1.982292e-02,3.518019e-03,1.074753e-02,9.080304e-02,3.232102e-01,4.933118e-03,1.846838e-02
3.428365e-01,1.012104e-02,5.962473e-03,2.232203e-02,1.920046e-02,5.993766e-02,8.157844e-03,6.832041e-03,2.467351e-02,1.015645e-02,2.604111e-02,1.212919e-01,3.176766e-01,4.661323e-03,2.012900e-02
3.036928e-01,9.531308e-03,8.351041e-03,1.794729e-02,1.619054e-02,6.362645e-02,6.485121e-03,4.954365e-03,2.071339e-02,1.759483e-02,2.869533e-02,1.064023e-01,3.539292e-01,1.037430e-02,3.151179e-02
2.817292e-01,7.990502e-03,8.632950e-03,1.384623e-02,1.438782e-02,6.929262e-02,5.245375e-03,3.636302e-03,2.233189e-02,3.590097e-02,2.457569e-02,8.583976e-02,3.134465e-01,1.463142e-02,9.851276e-02
2.435388e-01,6.557215e-03,1.621905e-02,1.116556e-02,1.244214e-02,5.579943e-02,5.791108e-03,2.744934e-03,3.658435e-02,7.902763e-02,2.357249e-02,6.959542e-02,3.066062e-01,1.301773e-02,1.173379e-01
2.247213e-01,5.787392e-03,1.255841e-02,9.245777e-03,9.501114e-03,4.371680e-02,4.338890e-03,2.154949e-03,3.965890e-02,1.131858e-01,2.034034e-02,5.240783e-02,2.211194e-01,1.104850e-02,2.302147e-01
1.824895e-01,4.697702e-03,9.738985e-03,7.472336e-03,7.233551e-03,3.212706e-02,3.178518e-03,1.861506e-03,3.365799e-02,1.256995e-01,1.731226e-02,3.792565e-02,1.580475e-01,8.957114e-03,3.696008e-01
1.669283e-01,4.506654e-03,8.528418e-03,6.317939e-03,5.552643e-03,3.056724e-02,2.304016e-03,1.411234e-03,2.861475e-02,1.604057e-01,1.430038e-02,2.929197e-02,1.163061e-01,7.314598e-03,4.176502e-01
1.675348e-01,4.350922e-03,7.422448e-03,4.866017e-03,4.537041e-03,2.382550e-02,1.692914e-03,1.222085e-03,3.123364e-02,1.368915e-01,1.243942e-02,2.124101e-02,8.275180e-02,8.822413e-03,4.911684e-01
1.637302e-01,6.391144e-03,6.777296e-03,3.814322e-03,3.768359e-03,1.799802e-02,1.249031e-03,1.184147e-03,4.825832e-02,1.409846e-01,1.001049e-02,1.525130e-02,5.901232e-02,9.420482e-03,5.121499e-01
1.558468e-01,1.015809e-02,6.385199e-03,5.709559e-03,2.914118e-03,1.482435e-02,9.079725e-04,9.851099e-04,1.752010e-01,1.120618e-01,9.442439e-03,1.163958e-02,4.330856e-02,1.174272e-02,4.388727e-01
1.447395e-01,9.884256e-03,4.926668e-03,5.290109e-03,2.440928e-03,1.215395e-02,7.093836e-04,8.273976e-04,1.919796e-01,8.749296e-02,1.494210e-02,1.008336e-02,3.725214e-02,1.259899e-02,4.646786e-01
1.190230e-01,1.065666e-02,4.139162e-03,7.698900e-03,2.338223e-03,1.063985e-02,6.462937e-04,8.435110e-04,1.957253e-01,6.532528e-02,4.111554e-02,1.018500e-02,4.281099e-02,1.519327e-02,4.736591e-01
8.754799e-02,8.398528e-03,3.424133e-03,6.274283e-03,2.344332e-03,8.267785e-03,6.362263e-04,1.133074e-03,1.648075e-01,4.713557e-02,5.045618e-02,1.343199e-02,9.037063e-02,1.228398e-02,5.034878e-01
6.999803e-02,6.744877e-03,3.185374e-03,5.925184e-03,3.445586e-03,7.034303e-03,5.915542e-04,1.179598e-03,1.281608e-01,3.367034e-02,6.996417e-02,2.449331e-02,1.543259e-01,9.620717e-03,4.816602e-01
5.255183e-02,6.438747e-03,2.861254e-03,6.674157e-03,5.090829e-03,7.115269e-03,6.115246e-04,1.010232e-03,9.717914e-02,2.499697e-02,6.068505e-02,9.249914e-02,2.084795e-01,7.614765e-03,4.261916e-01
3.798190e-02,5.849565e-03,2.691820e-03,6.360664e-03,5.588213e-03,2.898018e-02,2.001676e-03,1.140722e-03,8.201955e-02,1.785967e-02,5.484781e-02,1.276302e-01,2.574665e-01,5.769045e-03,3.638125e-01
2.730805e-02,1.313678e-02,2.566073e-03,5.511373e-03,5.843072e-03,3.363176e-02,2.063726e-03,8.807381e-04,9.965414e-02,1.284309e-02,7.555775e-02,1.950138e-01,2.536885e-01,6.438609e-03,2.658626e-01
1.954487e-02,1.491142e-02,4.558784e-03,4.020504e-03,9.356895e-03,2.812208e-02,2.699520e-03,7.438367e-04,9.486396e-02,9.606992e-03,7.698657e-02,2.743804e-01,2.535543e-01,7.856536e-03,1.987934e-01
1.410517e-02,1.628193e-02,4.516209e-03,2.859413e-03,1.212926e-02,5.620513e-02,3.057446e-03,6.572405e-04,1.173068e-01,7.114258e-03,6.500209e-02,2.988400e-01,2.510645e-01,6.728512e-03,1.441320e-01
1.027964e-02,1.732674e-02,4.147079e-03,2.034686e-03,1.211656e-02,6.842712e-02,2.663841e-03,6.296816e-04,1.026113e-01,5.631477e-03,5.093660e-02,4.168555e-01,1.978345e-01,5.845542e-03,1.026598e-01
7.501909e-03,1.413149e-02,3.183634e-03,1.453040e-03,9.299241e-03,1.350159e-01,1.978131e-03,5.835964e-04,7.761724e-02,4.234373e-03,3.947112e-02,4.556237e-01,1.727169e-01,5.204209e-03,7.198557e-02
6.473200e-03,1.135238e-02,2.683400e-03,1.048508e-03,8.658408e-03,1.122553e-01,1.562644e-03,7.116700e-04,6.387962e-02,3.436306e-03,2.982563e-02,5.469171e-01,1.564947e-01,4.134050e-03,5.056710e-02
5.959716e-03,9.405890e-03,2.653962e-03,7.658639e-04,8.128521e-03,8.082905e-02,1.263541e-03,7.701989e-04,4.994578e-02,2.598302e-03,2.217005e-02,6.461864e-01,1.304585e-01,3.402762e-03,3.546150e-02
7.520373e-03,1.321414e-02,6.130007e-03,6.249615e-04,7.341177e-03,5.917816e-02,1.183813e-03,1.417212e-03,4.555374e-02,2.229790e-03,1.700922e-02,7.009152e-01,1.086746e-01,4.079820e-03,2.492789e-02
1.539838e-02,1.169192e-02,6.811131e-03,5.527143e-04,8.062759e-03,4.557151e-02,1.074136e-03,3.359433e-03,3.799715e-02,1.766074e-03,1.644297e-02,7.272879e-01,1.023560e-01,4.082180e-03,1.754587e-02
1.570567e-02,1.085547e-02,5.315867e-03,4.498699e-04,8.702574e-03,3.398862e-02,8.289731e-04,2.833615e-03,3.330049e-02,1.360685e-03,1.347568e-02,7.468287e-01,1.108263e-01,3.202972e-03,1.232461e-02
2.224470e-02,8.573395e-03,4.194676e-03,3.938322e-04,8.493669e-03,2.522067e-02,8.617745e-04,2.999902e-03,2.535253e-02,1.115639e-03,9.911415e-03,7.756346e-01,1.033929e-01,2.945602e-03,8.664803e-03
2.773266e-02,6.446589e-03,3.344993e-03,3.133177e-04,7.997561e-03,1.808222e-02,7.974138e-04,2.833849e-03,1.867667e-02,8.403926e-04,8.291367e-03,8.123671e-01,8.340704e-02,2.785860e-03,6.083134e-03
2.977622e-02,4.922156e-03,2.705662e-03,2.625680e-04,8.703262e-03,1.334180e-02,1.109087e-03,2.411914e-03,1.428861e-02,6.949390e-04,6.501019e-03,8.436843e-01,6.507403e-02,2.244362e-03,4.280209e-03
5.494799e-02,5.374034e-03,5.490446e-03,5.139813e-04,1.188335e-02,1.357237e-02,3.634493e-03,8.494834e-03,1.459005e-02,7.379156e-04,6.109427e-03,7.943445e-01,7.337430e-02,3.754443e-03,3.177972e-03
7.656391e-02,5.505281e-03,7.363915e-03,7.561549e-04,1.149941e-02,1.508542e-02,4.762229e-03,2.135616e-02,1.486988e-02,8.482631e-04,6.189186e-03,7.639881e-01,6.411784e-02,4.697592e-03,2.396750e-03
6.817538e-02,4.066247e-03,5.765827e-03,1.045341e-03,9.781273e-03,1.259136e-02,4.943516e-03,1.660922e-02,1.149920e-02,7.436717e-04,7.687600e-03,7.603946e-01,8.967148e-02,5.223517e-03,1.801831e-03
7.959257e-02,3.049123e-03,5.776382e-03,2.809117e-03,8.314406e-03,1.416081e-02,5.891948e-03,2.339546e-02,8.468940e-03,7.489008e-04,7.594207e-03,6.257566e-01,2.070476e-01,5.412108e-03,1.981810e-03
9.579237e-02,2.642067e-03,6.114040e-03,4.780184e-03,7.016011e-03,2.054526e-02,6.323317e-03,2.530302e-02,6.634150e-03,8.668699e-04,6.738591e-03,4.775556e-01,3.314853e-01,4.892127e-03,3.311011e-03
9.071137e-02,2.303316e-03,4.503094e-03,3.989240e-03,6.145806e-03,1.709070e-02,5.737417e-03,1.976358e-02,5.750801e-03,7.984245e-04,5.586108e-03,3.661612e-01,4.614272e-01,6.977559e-03,3.054187e-03
9.014146e-02,1.957188e-03,3.432263e-03,3.667345e-03,5.196553e-03,1.741541e-02,4.812483e-03,1.560536e-02,4.767516e-03,8.407982e-04,5.086213e-03,3.084854e-01,5.273849e-01,7.966639e-03,3.240478e-03
9.469757e-02,1.719109e-03,2.928354e-03,3.424279e-03,4.240194e-03,1.431055e-02,4.151255e-03,1.274676e-02,4.520318e-03,8.224917e-04,4.844912e-03,2.575433e-01,5.843184e-01,6.757369e-03,2.975156e-03
1.309073e-01,2.065187e-03,3.748042e-03,3.249709e-03,4.492424e-03,1.622947e-02,7.986006e-03,3.606632e-02,6.055224e-03,9.979152e-04,4.142189e-03,2.317380e-01,5.434567e-01,5.557299e-03,3.308220e-03
1.715978e-01,2.788211e-03,5.493849e-03,3.066700e-03,6.429421e-03,2.215841e-02,9.895744e-03,5.160656e-02,5.997851e-03,9.636941e-04,4.202492e-03,1.858624e-01,5.195569e-01,6.180984e-03,4.198998e-03
2.621151e-01,3.417188e-03,8.591067e-03,3.389056e-03,9.596590e-03,2.755253e-02,1.193924e-02,5.732588e-02,6.153175e-03,9.412056e-04,6.050811e-03,1.555289e-01,4.351814e-01,6.557024e-03,5.660887e-03
3.430191e-01,3.952208e-03,9.885991e-03,5.204002e-03,1.190984e-02,3.377748e-02,1.226817e-02,5.925316e-02,5.966569e-03,8.788696e-04,7.715289e-03,1.250975e-01,3.673661e-01,5.649048e-03,8.056667e-03
3.999883e-01,5.755213e-03,1.253282e-02,1.140759e-02,1.663122e-02,4.208823e-02,1.356057e-02,7.445814e-02,7.162546e-03,1.254500e-03,8.704117e-03,9.863634e-02,2.901066e-01,5.333239e-03,1.238065e-02
4.327451e-01,9.076674e-03,1.273045e-02,1.450343e-02,1.432853e-02,4.929696e-02,1.361956e-02,6.691814e-02,7.385304e-03,1.701563e-03,8.750012e-03,9.738538e-02,2.523393e-01,4.868949e-03,1.435062e-02
3.961028e-01,2.909052e-02,2.845679e-02,4.350283e-02,1.716545e-02,4.976493e-02,1.195690e-02,4.928427e-02,1.362307e-02,4.608607e-03,9.440481e-03,8.859248e-02,2.278456e-01,5.581514e-03,2.498366e-02
3.785426e-01,3.034252e-02,2.653894e-02,5.604837e-02,2.250689e-02,4.222310e-02,1.226450e-02,3.792994e-02,2.027773e-02,2.150960e-02,2.668398e-02,7.621318e-02,1.885857e-01,1.631911e-02,4.401384e-02
3.823667e-01,2.771151e-02,2.494469e-02,5.756731e-02,2.349176e-02,3.826901e-02,1.137759e-02,2.857074e-02,2.842517e-02,3.811638e-02,2.729396e-02,6.435511e-02,1.690243e-01,2.356769e-02,5.491804e-02
2.838981e-01,1.998946e-02,1.885160e-02,4.279751e-02,1.820495e-02,2.841841e-02,8.747735e-03,2.060405e-02,2.428649e-02,3.962200e-02,2.737808e-02,5.342764e-02,2.886424e-01,5.925412e-02,6.587748e-02
2.190498e-01,1.465750e-02,1.378088e-02,3.135305e-02,1.408469e-02,2.122993e-02,6.812190e-03,1.550456e-02,3.678131e-02,3.144766e-02,2.233065e-02,4.754975e-02,3.598883e-01,8.029726e-02,8.523242e-02
1.572965e-01,1.064578e-02,9.772652e-03,2.224727e-02,1.125082e-02,1.544641e-02,5.130770e-03,1.140530e-02,6.600749e-02,2.752083e-02,1.752242e-02,3.760361e-02,2.980008e-01,1.778055e-01,1.323439e-01
1.145723e-01,7.819092e-03,7.180928e-03,1.574330e-02,9.795362e-03,1.128186e-02,3.703415e-03,8.120860e-03,1.444359e-01,2.512202e-02,1.582960e-02,2.954498e-02,2.231678e-01,2.390285e-01,1.446541e-01
8.304523e-02,6.058725e-03,5.321950e-03,1.109438e-02,8.023874e-03,8.890851e-03,2.766832e-03,5.834984e-03,1.798988e-01,2.115194e-02,1.273148e-02,2.245297e-02,1.694723e-01,2.823020e-01,1.809538e-01
5.945127e-02,5.508285e-03,4.642240e-03,7.831812e-03,6.192953e-03,8.501707e-03,1.982757e-03,4.173342e-03,1.983655e-01,1.997988e-02,1.805113e-02,1.694028e-02,1.267229e-01,2.514101e-01,2.702459e-01
4.275288e-02,5.661526e-03,3.880912e-03,5.744473e-03,5.323283e-03,8.961514e-03,1.413941e-03,2.968359e-03,2.709855e-01,1.707935e-02,3.231172e-02,1.243196e-02,9.175312e-02,2.314643e-01,2.672672e-01
3.069639e-02,6.515751e-03,6.079166e-03,4.951536e-03,4.311604e-03,1.044142e-02,1.017717e-03,2.125605e-03,3.628529e-01,1.734973e-02,3.819732e-02,1.026903e-02,6.822249e-02,1.901126e-01,2.468568e-01
2.173605e-02,6.556069e-03,6.085199e-03,3.577360e-03,3.300102e-03,9.114193e-03,7.222623e-04,1.506560e-03,4.765060e-01,1.403956e-02,3.149588e-02,7.398001e-03,4.867546e-02,1.382125e-01,2.310748e-01
1.565362e-02,6.586030e-03,4.993913e-03,2.568900e-03,2.605444e-03,7.603433e-03,5.144880e-04,1.099383e-03,5.408508e-01,1.218745e-02,2.926844e-02,5.376038e-03,3.553228e-02,1.030593e-01,2.321005e-01
1.166413e-02,5.567112e-03,8.426666e-03,2.023262e-03,2.083615e-03,7.869232e-03,3.657091e-04,9.700154e-04,6.124513e-01,1.510119e-02,2.480223e-02,4.297224e-03,2.767147e-02,7.627456e-02,2.004323e-01
1.666363e-02,5.168652e-03,1.308517e-01,7.349053e-03,1.840466e-02,2.396301e-02,7.514824e-04,9.283699e-03,4.762802e-01,1.349858e-02,3.165997e-02,3.484732e-03,2.347078e-02,6.040340e-02,1.787664e-01
3.186995e-02,1.078510e-02,2.069016e-01,1.007756e-02,7.138945e-02,4.026651e-02,1.536812e-03,8.104969e-03,3.459195e-01,1.322558e-02,2.308536e-02,2.521744e-03,1.672434e-02,4.557740e-02,1.720142e-01
6.222960e-02,1.126942e-02,2.051151e-01,8.866103e-03,9.689349e-02,5.230310e-02,2.795440e-03,7.954592e-03,2.941944e-01,1.419708e-02,1.642981e-02,1.812163e-03,1.196110e-02,3.787944e-02,1.760991e-01
8.242252e-02,1.245973e-02,1.860177e-01,9.143195e-03,1.291116e-01,5.749527e-02,3.254758e-03,7.724790e-03,2.593306e-01,1.727667e-02,1.206153e-02,1.317975e-03,8.917889e-03,4.332016e-02,1.701456e-01
1.051627e-01,2.240812e-02,1.818576e-01,1.439584e-02,9.891367e-02,4.389893e-02,2.495151e-03,6.465271e-03,2.308637e-01,2.485858e-02,9.071413e-03,1.046523e-03,7.574388e-03,3.219029e-02,2.187978e-01
1.105356e-01,4.513466e-02,1.711032e-01,9.790926e-02,9.078264e-02,3.467790e-02,2.132221e-03,6.443257e-03,2.060079e-01,2.072345e-02,7.050342e-03,1.024973e-03,5.593935e-03,2.358468e-02,1.772959e-01
1.073555e-01,7.417631e-02,1.502154e-01,1.839893e-01,8.350284e-02,2.873005e-02,1.886410e-03,6.843667e-03,1.820673e-01,1.741000e-02,6.979276e-03,1.197811e-03,4.349601e-03,1.719296e-02,1.341035e-01
7.778223e-02,7.657740e-02,1.351663e-01,2.501442e-01,6.007855e-02,2.062429e-02,1.357709e-03,5.088487e-03,1.598899e-01,3.185073e-02,3.092976e-02,2.909916e-03,3.477546e-03,1.505185e-02,1.290711e-01
5.650106e-02,7.268754e-02,1.091219e-01,2.665845e-01,4.254700e-02,1.515807e-02,9.702114e-04,3.743691e-03,1.446432e-01,3.983938e-02,1.260213e-01,3.685150e-03,4.267568e-03,1.176550e-02,1.024639e-01
