1.000000e+00,0.000000e+00,0.000000e+00,0.000000e+00,0.000000e+00,0.000000e+00,0.000000e+00,0.000000e+00,0.000000e+00,0.000000e+00,0.000000e+00,0.000000e+00,0.000000e+00,0.000000e+00,0.000000e+00
1.000000e+00,0.000000e+00,0.000000e+00,0.000000e+00,0.000000e+00,0.000000e+00,0.000000e+00,0.000000e+00,0.000000e+00,0.000000e+00,0.000000e+00,0.000000e+00,0.000000e+00,0.000000e+00,0.000000e+00
1.000000e+00,0.000000e+00,0.000000e+00,0.000000e+00,0.000000e+00,0.000000e+00,0.000000e+00,0.000000e+00,0.000000e+00,0.000000e+00,0.000000e+00,0.000000e+00,0.000000e+00,0.000000e+00,0.000000e+00
1.000000e+00,0.000000e+00,0.000000e+00,0.000000e+00,0.000000e+00,0.000000e+00,0.000000e+00,0.000000e+00,0.000000e+00,0.000000e+00,0.000000e+00,0.000000e+00,0.000000e+00,0.000000e+00,0.000000e+00
1.000000e+00,0.000000e+00,0.000000e+00,0.000000e+00,0.000000e+00,0.000000e+00,0.000000e+00,0.000000e+00,0.000000e+00,0.000000e+00,0.000000e+00,0.000000e+00,0.000000e+00,0.000000e+00,0.000000e+00
1.000000e+00,0.000000e+00,0.000000e+00,0.000000e+00,0.000000e+00,0.000000e+00,0.000000e+00,0.000000e+00,0.000000e+00,0.000000e+00,0.000000e+00,0.000000e+00,0.000000e+00,0.000000e+00,0.000000e+00
1.000000e+00,0.000000e+00,0.000000e+00,0.000000e+00,0.000000e+00,0.000000e+00,0.000000e+00,0.000000e+00,0.000000e+00,0.000000e+00,0.000000e+00,0.000000e+00,0.000000e+00,0.000000e+00,0.000000e+00
1.000000e+00,0.000000e+00,0.000000e+00,0.000000e+00,0.000000e+00,0.000000e+00,0.000000e+00,0.000000e+00,0.000000e+00,0.000000e+00,0.000000e+00,0.000000e+00,0.000000e+00,0.000000e+00,0.000000e+00
1.000000e+00,0.000000e+00,0.000000e+00,0.000000e+00,0.000000e+00,0.000000e+00,0.000000e+00,0.000000e+00,0.000000e+00,0.000000e+00,0.000000e+00,0.000000e+00,0.000000e+00,0.000000e+00,0.000000e+00
1.000000e+00,0.000000e+00,0.000000e+00,0.000000e+00,0.000000e+00,0.000000e+00,0.000000e+00,0.000000e+00,0.000000e+00,0.000000e+00,0.000000e+00,0.000000e+00,0.000000e+00,0.000000e+00,0.000000e+00
1.000000e+00,0.000000e+00,0.000000e+00,0.000000e+00,0.000000e+00,0.000000e+00,0.000000e+00,0.000000e+00,0.000000e+00,0.000000e+00,0.000000e+00,0.000000e+00,0.000000e+00,0.000000e+00,0.000000e+00
1.000000e+00,0.000000e+00,0.000000e+00,0.000000e+00,0.000000e+00,0.000000e+00,0.000000e+00,0.000000e+00,0.000000e+00,0.000000e+00,0.000000e+00,0.000000e+00,0.000000e+00,0.000000e+00,0.000000e+00
1.000000e+00,0.000000e+00,0.000000e+00,0.000000e+00,0.000000e+00,0.000000e+00,0.000000e+00,0.000000e+00,0.000000e+00,0.000000e+00,0.000000e+00,0.000000e+00,0.000000e+00,0.000000e+00,0.000000e+00
1.000000e+00,0.000000e+00,0.000000e+00,0.000000e+00,0.000000e+00,0.000000e+00,0.000000e+00,0.000000e+00,0.000000e+00,0.000000e+00,0.000000e+00,0.000000e+00,0.000000e+00,0.000000e+00,0.000000e+00
1.000000e+00,0.000000e+00,0.000000e+00,0.000000e+00,0.000000e+00,0.000000e+00,0.000000e+00,0.000000e+00,0.000000e+00,0.000000e+00,0.000000e+00,0.000000e+00,0.000000e+00,0.000000e+00,0.000000e+00
1.000000e+00,0.000000e+00,0.000000e+00,0.000000e+00,0.000000e+00,0.000000e+00,0.000000e+00,0.000000e+00,0.000000e+00,0.000000e+00,0.000000e+00,0.000000e+00,0.000000e+00,0.000000e+00,0.000000e+00
1.000000e+00,0.000000e+00,0.000000e+00,0.000000e+00,0.000000e+00,0.000000e+00,0.000000e+00,0.000000e+00,0.000000e+00,0.000000e+00,0.000000e+00,0.000000e+00,0.000000e+00,0.000000e+00,0.000000e+00
1.000000e+00,0.000000e+00,0.000000e+00,0.000000e+00,0.000000e+00,0.000000e+00,0.000000e+00,0.000000e+00,0.000000e+00,0.000000e+00,0.000000e+00,0.000000e+00,0.000000e+00,0.000000e+00,0.000000e+00
1.000000e+00,0.000000e+00,0.000000e+00,0.000000e+00,0.000000e+00,0.000000e+00,0.000000e+00,0.000000e+00,0.000000e+00,0.000000e+00,0.000000e+00,0.000000e+00,0.000000e+00,0.000000e+00,0.000000e+00
1.000000e+00,0.000000e+00,0.000000e+00,0.000000e+00,0.000000e+00,0.000000e+00,0.000000e+00,0.000000e+00,0.000000e+00,0.000000e+00,0.000000e+00,0.000000e+00,0.000000e+00,0.000000e+00,0.000000e+00
1.000000e+00,0.000000e+00,0.000000e+00,0.000000e+00,0.000000e+00,0.000000e+00,0.000000e+00,0.000000e+00,0.000000e+00,0.000000e+00,0.000000e+00,0.000000e+00,0.000000e+00,0.000000e+00,0.000000e+00
1.000000e+00,0.000000e+00,0.000000e+00,0.000000e+00,0.000000e+00,0.000000e+00,0.000000e+00,0.000000e+00,0.000000e+00,0.000000e+00,0.000000e+00,0.000000e+00,0.000000e+00,0.000000e+00,0.000000e+00
1.000000e+00,0.000000e+00,0.000000e+00,0.000000e+00,0.000000e+00,0.000000e+00,0.000000e+00,0.000000e+00,0.000000e+00,0.000000e+00,0.000000e+00,0.000000e+00,0.000000e+00,0.000000e+00,0.000000e+00
1.000000e+00,0.000000e+00,0.000000e+00,0.000000e+00,0.000000e+00,0.000000e+00,0.000000e+00,0.000000e+00,0.000000e+00,0.000000e+00,0.000000e+00,0.000000e+00,0.000000e+00,0.000000e+00,0.000000e+00
1.000000e+00,0.000000e+00,0.000000e+00,0.000000e+00,0.000000e+00,0.000000e+00,0.000000e+00,0.000000e+00,0.000000e+00,0.000000e+00,0.000000e+00,0.000000e+00,0.000000e+00,0.000000e+00,0.000000e+00
1.000000e+00,0.000000e+00,0.000000e+00,0.000000e+00,0.000000e+00,0.000000e+00,0.000000e+00,0.000000e+00,0.000000e+00,0.000000e+00,0.000000e+00,0.000000e+00,0.000000e+00,0.000000e+00,0.000000e+00
1.000000e+00,0.000000e+00,0.000000e+00,0.000000e+00,0.000000e+00,0.000000e+00,0.000000e+00,0.000000e+00,0.000000e+00,0.000000e+00,0.000000e+00,0.000000e+00,0.000000e+00,0.000000e+00,0.000000e+00
1.000000e+00,0.000000e+00,0.000000e+00,0.000000e+00,0.000000e+00,0.000000e+00,0.000000e+00,0.000000e+00,0.000000e+00,0.000000e+00,0.000000e+00,0.000000e+00,0.000000e+00,0.000000e+00,0.000000e+00
1.000000e+00,0.000000e+00,0.000000e+00,0.000000e+00,0.000000e+00,0.000000e+00,0.000000e+00,0.000000e+00,0.000000e+00,0.000000e+00,0.000000e+00,0.000000e+00,0.000000e+00,0.000000e+00,0.000000e+00
1.000000e+00,0.000000e+00,0.000000e+00,0.000000e+00,0.000000e+00,0.000000e+00,0.000000e+00,0.000000e+00,0.000000e+00,0.000000e+00,0.000000e+00,0.000000e+00,0.000000e+00,0.000000e+00,0.000000e+00
1.000000e+00,0.000000e+00,0.000000e+00,0.000000e+00,0.000000e+00,0.000000e+00,0.000000e+00,0.000000e+00,0.000000e+00,0.000000e+00,0.000000e+00,0.000000e+00,0.000000e+00,0.000000e+00,0.000000e+00
1.000000e+00,0.000000e+00,0.000000e+00,0.000000e+00,0.000000e+00,0.000000e+00,0.000000e+00,0.000000e+00,0.000000e+00,0.000000e+00,0.000000e+00,0.000000e+00,0.000000e+00,0.000000e+00,0.000000e+00
1.000000e+00,0.000000e+00,0.000000e+00,0.000000e+00,0.000000e+00,0.000000e+00,0.000000e+00,0.000000e+00,0.000000e+00,0.000000e+00,0.000000e+00,0.000000e+00,0.000000e+00,0.000000e+00,0.000000e+00
1.000000e+00,0.000000e+00,0.000000e+00,0.000000e+00,0.000000e+00,0.000000e+00,0.000000e+00,0.000000e+00,0.000000e+00,0.000000e+00,0.000000e+00,0.000000e+00,0.000000e+00,0.000000e+00,0.000000e+00
1.000000e+00,0.000000e+00,0.000000e+00,0.000000e+00,0.000000e+00,0.000000e+00,0.000000e+00,0.000000e+00,0.000000e+00,0.000000e+00,0.000000e+00,0.000000e+00,0.000000e+00,0.000000e+00,0.000000e+00
1.000000e+00,0.000000e+00,0.000000e+00,0.000000e+00,0.000000e+00,0.000000e+00,0.000000e+00,0.000000e+00,0.000000e+00,0.000000e+00,0.000000e+00,0.000000e+00,0.000000e+00,0.000000e+00,0.000000e+00
1.000000e+00,0.000000e+00,0.000000e+00,0.000000e+00,0.000000e+00,0.000000e+00,0.000000e+00,0.000000e+00,0.000000e+00,0.000000e+00,0.000000e+00,0.000000e+00,0.000000e+00,0.000000e+00,0.000000e+00
1.000000e+00,0.000000e+00,0.000000e+00,0.000000e+00,0.000000e+00,0.000000e+00,0.000000e+00,0.000000e+00,0.000000e+00,0.000000e+00,0.000000e+00,0.000000e+00,0.000000e+00,0.000000e+00,0.000000e+00
1.000000e+00,0.000000e+00,0.000000e+00,0.000000e+00,0.000000e+00,0.000000e+00,0.000000e+00,0.000000e+00,0.000000e+00,0.000000e+00,0.000000e+00,0.000000e+00,0.000000e+00,0.000000e+00,0.000000e+00
1.000000e+00,0.000000e+00,0.000000e+00,0.000000e+00,0.000000e+00,0.000000e+00,0.000000e+00,0.000000e+00,0.000000e+00,0.000000e+00,0.000000e+00,0.000000e+00,0.000000e+00,0.000000e+00,0.000000e+00
1.000000e+00,0.000000e+00,0.000000e+00,0.000000e+00,0.000000e+00,0.000000e+00,0.000000e+00,0.000000e+00,0.000000e+00,0.000000e+00,0.000000e+00,0.000000e+00,0.000000e+00,0.000000e+00,0.000000e+00
1.000000e+00,0.000000e+00,0.000000e+00,0.000000e+00,0.000000e+00,0.000000e+00,0.000000e+00,0.000000e+00,0.000000e+00,0.000000e+00,0.000000e+00,0.000000e+00,0.000000e+00,0.000000e+00,0.000000e+00
1.000000e+00,0.000000e+00,0.000000e+00,0.000000e+00,0.000000e+00,0.000000e+00,0.000000e+00,0.000000e+00,0.000000e+00,0.000000e+00,0.000000e+00,0.000000e+00,0.000000e+00,0.000000e+00,0.000000e+00
1.000000e+00,0.000000e+00,0.000000e+00,0.000000e+00,0.000000e+00,0.000000e+00,0.000000e+00,0.000000e+00,0.000000e+00,0.000000e+00,0.000000e+00,0.000000e+00,0.000000e+00,0.000000e+00,0.000000e+00
1.000000e+00,0.000000e+00,0.000000e+00,0.000000e+00,0.000000e+00,0.000000e+00,0.000000e+00,0.000000e+00,0.000000e+00,0.000000e+00,0.000000e+00,0.000000e+00,0.000000e+00,0.000000e+00,0.000000e+00
1.000000e+00,0.000000e+00,0.000000e+00,0.000000e+00,0.000000e+00,0.000000e+00,0.000000e+00,0.000000e+00,0.000000e+00,0.000000e+00,0.000000e+00,0.000000e+00,0.000000e+00,0.000000e+00,0.000000e+00
1.000000e+00,0.000000e+00,0.000000e+00,0.000000e+00,0.000000e+00,0.000000e+00,0.000000e+00,0.000000e+00,0.000000e+00,0.000000e+00,0.000000e+00,0.000000e+00,0.000000e+00,0.000000e+00,0.000000e+00
1.000000e+00,0.000000e+00,0.000000e+00,0.000000e+00,0.000000e+00,0.000000e+00,0.000000e+00,0.000000e+00,0.000000e+00,0.000000e+00,0.000000e+00,0.000000e+00,0.000000e+00,0.000000e+00,0.000000e+00
1.000000e+00,0.000000e+00,0.000000e+00,0.000000e+00,0.000000e+00,0.000000e+00,0.000000e+00,0.000000e+00,0.000000e+00,0.000000e+00,0.000000e+00,0.000000e+00,0.000000e+00,0.000000e+00,0.000000e+00
1.000000e+00,0.000000e+00,0.000000e+00,0.000000e+00,0.000000e+00,0.000000e+00,0.000000e+00,0.000000e+00,0.000000e+00,0.000000e+00,0.000000e+00,0.000000e+00,0.000000e+00,0.000000e+00,0.000000e+00
1.000000e+00,0.000000e+00,0.000000e+00,0.000000e+00,0.000000e+00,0.000000e+00,0.000000e+00,0.000000e+00,0.000000e+00,0.000000e+00,0.000000e+00,0.000000e+00,0.000000e+00,0.000000e+00,0.000000e+00
1.000000e+00,0.000000e+00,0.000000e+00,0.000000e+00,0.000000e+00,0.000000e+00,0.000000e+00,0.000000e+00,0.000000e+00,0.000000e+00,0.000000e+00,0.000000e+00,0.000000e+00,0.000000e+00,0.000000e+00
1.000000e+00,0.000000e+00,0.000000e+00,0.000000e+00,0.000000e+00,0.000000e+00,0.000000e+00,0.000000e+00,0.000000e+00,0.000000e+00,0.000000e+00,0.000000e+00,0.000000e+00,0.000000e+00,0.000000e+00
1.000000e+00,0.000000e+00,0.000000e+00,0.000000e+00,0.000000e+00,0.000000e+00,0.000000e+00,0.000000e+00,0.000000e+00,0.000000e+00,0.000000e+00,0.000000e+00,0.000000e+00,0.000000e+00,0.000000e+00
1.000000e+00,0.000000e+00,0.000000e+00,0.000000e+00,0.000000e+00,0.000000e+00,0.000000e+00,0.000000e+00,0.000000e+00,0.000000e+00,0.000000e+00,0.000000e+00,0.000000e+00,0.000000e+00,0.000000e+00
1.000000e+00,0.000000e+00,0.000000e+00,0.000000e+00,0.000000e+00,0.000000e+00,0.000000e+00,0.000000e+00,0.000000e+00,0.000000e+00,0.000000e+00,0.000000e+00,0.000000e+00,0.000000e+00,0.000000e+00
1.000000e+00,0.000000e+00,0.000000e+00,0.000000e+00,0.000000e+00,0.000000e+00,0.000000e+00,0.000000e+00,0.000000e+00,0.000000e+00,0.000000e+00,0.000000e+00,0.000000e+00,0.000000e+00,0.000000e+00
1.000000e+00,0.000000e+00,0.000000e+00,0.000000e+00,0.000000e+00,0.000000e+00,0.000000e+00,0.000000e+00,0.000000e+00,0.000000e+00,0.000000e+00,0.000000e+00,0.000000e+00,0.000000e+00,0.000000e+00
1.000000e+00,0.000000e+00,0.000000e+00,0.000000e+00,0.000000e+00,0.000000e+00,0.000000e+00,0.000000e+00,0.000000e+00,0.000000e+00,0.000000e+00,0.000000e+00,0.000000e+00,0.000000e+00,0.000000e+00
1.000000e+00,0.000000e+00,0.000000e+00,0.000000e+00,0.000000e+00,0.000000e+00,0.000000e+00,0.000000e+00,0.000000e+00,0.000000e+00,0.000000e+00,0.000000e+00,0.000000e+00,0.000000e+00,0.000000e+00
1.000000e+00,0.000000e+00,0.000000e+00,0.000000e+00,0.000000e+00,0.000000e+00,0.000000e+00,0.000000e+00,0.000000e+00,0.000000e+00,0.000000e+00,0.000000e+00,0.000000e+00,0.000000e+00,0.000000e+00
1.000000e+00,0.000000e+00,0.000000e+00,0.000000e+00,0.000000e+00,0.000000e+00,0.000000e+00,0.000000e+00,0.000000e+00,0.000000e+00,0.000000e+00,0.000000e+00,0.000000e+00,0.000000e+00,0.000000e+00
4.062174e-01,5.869681e-02,1.773011e-01,1.834029e-01,8.537354e-03,1.754257e-02,2.698458e-03,8.934509e-03,6.020780e-03,3.623239e-03,1.091817e-02,2.016933e-02,8.909511e-03,3.874132e-02,4.828661e-02
3.332142e-01,5.321044e-02,2.509967e-01,1.451026e-01,7.442536e-03,1.705788e-02,2.094050e-03,7.370084e-03,7.015402e-03,4.796256e-03,1.133166e-02,1.610690e-02,8.431329e-03,7.602836e-02,5.980171e-02
3.006316e-01,5.319059e-02,2.203512e-01,1.217496e-01,7.171534e-03,2.150622e-02,2.048604e-03,7.012221e-03,2.039577e-02,4.870327e-03,2.378209e-02,1.619006e-02,9.547515e-03,1.267516e-01,6.480132e-02
2.466069e-01,4.825721e-02,1.600724e-01,9.814456e-02,5.943129e-03,2.717369e-02,1.733419e-03,5.385865e-03,3.081705e-02,6.330752e-03,3.020649e-02,1.705853e-02,9.814756e-03,2.287942e-01,8.366096e-02
1.884042e-01,3.754170e-02,1.194339e-01,7.044618e-02,5.048980e-03,2.236538e-02,1.441611e-03,3.940527e-03,3.622182e-02,1.919881e-02,3.465311e-02,1.484963e-02,9.211568e-03,3.687226e-01,6.851994e-02
1.497724e-01,2.880006e-02,8.547990e-02,5.168733e-02,4.677166e-03,1.840585e-02,1.556578e-03,3.245716e-03,9.341544e-02,5.579691e-02,3.239150e-02,1.151308e-02,7.290702e-03,3.992687e-01,5.669861e-02
1.201328e-01,2.264917e-02,6.119443e-02,3.932302e-02,5.160530e-03,1.547523e-02,1.311216e-03,2.477601e-03,1.315732e-01,9.238127e-02,2.747051e-02,9.150798e-03,6.547576e-03,4.129790e-01,5.217367e-02
1.171955e-01,1.714709e-02,4.375930e-02,2.858087e-02,4.356385e-03,1.253267e-02,1.177314e-03,1.939692e-03,1.497743e-01,8.659721e-02,2.333839e-02,6.978893e-03,5.141266e-03,4.573494e-01,4.413171e-02
1.480048e-01,1.468119e-02,3.323558e-02,2.592535e-02,1.101322e-02,1.189835e-02,1.744363e-03,3.973392e-03,1.885208e-01,7.886860e-02,2.552849e-02,6.644979e-03,6.385137e-03,4.087332e-01,3.484258e-02
2.085541e-01,1.731153e-02,3.122448e-02,4.848887e-02,1.689142e-02,1.356719e-02,2.957555e-03,5.889182e-03,1.858772e-01,6.502636e-02,2.555606e-02,8.935425e-03,7.775382e-03,3.264169e-01,3.552835e-02
2.425895e-01,1.853821e-02,3.394338e-02,4.934864e-02,3.618614e-02,1.860218e-02,3.059052e-03,5.947395e-03,1.689732e-01,5.964140e-02,2.732151e-02,1.529638e-02,1.052871e-02,2.541149e-01,5.590938e-02
3.377668e-01,1.659582e-02,2.765135e-02,4.594878e-02,4.017638e-02,3.223986e-02,6.744890e-03,8.904452e-03,1.412119e-01,4.554134e-02,2.520245e-02,1.904477e-02,1.334436e-02,1.918190e-01,4.780789e-02
4.083917e-01,1.404028e-02,2.204118e-02,3.927467e-02,5.312120e-02,3.454076e-02,5.259088e-03,8.943316e-03,1.367731e-01,4.776478e-02,1.984165e-02,1.709855e-02,1.150602e-02,1.396519e-01,4.175180e-02
3.676882e-01,1.407765e-02,2.207908e-02,3.198882e-02,5.879157e-02,1.361802e-01,4.909032e-03,1.109714e-02,1.233359e-01,5.351682e-02,1.469621e-02,1.296099e-02,9.442968e-03,1.025216e-01,3.671380e-02
3.689431e-01,1.556103e-02,2.316190e-02,2.756874e-02,6.162055e-02,1.560937e-01,3.945445e-03,1.046144e-02,1.238647e-01,6.264038e-02,1.274690e-02,1.186503e-02,9.185748e-03,7.815351e-02,3.418789e-02
2.769598e-01,1.232068e-02,1.724027e-02,3.093607e-02,4.570779e-02,1.261383e-01,3.212920e-03,7.692258e-03,8.854452e-02,4.775760e-02,1.852933e-02,2.212798e-01,1.937882e-02,5.550719e-02,2.879478e-02
1.959124e-01,1.056959e-02,1.496702e-02,3.016867e-02,3.447903e-02,1.229934e-01,3.073883e-03,5.511748e-03,6.485087e-02,4.090606e-02,3.003826e-02,3.661309e-01,1.711307e-02,3.999593e-02,2.328919e-02
1.376871e-01,8.786248e-03,1.072412e-02,2.470848e-02,2.426325e-02,8.759843e-02,2.190260e-03,3.902513e-03,4.584682e-02,2.929503e-02,4.231466e-02,5.244628e-01,1.285069e-02,2.821314e-02,1.715639e-02
9.950764e-02,6.826135e-03,7.869263e-03,1.820981e-02,1.750078e-02,6.271343e-02,1.589716e-03,2.814274e-03,3.297090e-02,2.122378e-02,5.771650e-02,6.280807e-01,9.683262e-03,2.080718e-02,1.248658e-02
7.397196e-02,6.238981e-03,5.922271e-03,1.312049e-02,1.293269e-02,4.563564e-02,1.336644e-03,2.081187e-03,2.388795e-02,1.563780e-02,5.273102e-02,7.150724e-01,7.217049e-03,1.517714e-02,9.036765e-03
5.208474e-02,4.960343e-03,4.297647e-03,9.313340e-03,1.502751e-02,3.314099e-02,1.232799e-03,1.618903e-03,1.873100e-02,1.150592e-02,4.288880e-02,7.825482e-01,5.383063e-03,1.082414e-02,6.442593e-03
3.785546e-02,4.710845e-03,3.205940e-03,6.669660e-03,1.294586e-02,2.470305e-02,1.172984e-03,1.384802e-03,1.505118e-02,8.924495e-03,3.729134e-02,8.297074e-01,3.916508e-03,7.723082e-03,4.737421e-03
2.703898e-02,3.403994e-03,2.290924e-03,4.707592e-03,9.738010e-03,1.839019e-02,8.528240e-04,1.047781e-03,1.135271e-02,6.889757e-03,3.377141e-02,8.687019e-01,2.813696e-03,5.600215e-03,3.399979e-03
1.925347e-02,2.418396e-03,1.636244e-03,3.317269e-03,7.543006e-03,1.316502e-02,6.602879e-04,8.023791e-04,8.737146e-03,5.539026e-03,2.762714e-02,9.006689e-01,2.073669e-03,4.155059e-03,2.403034e-03
1.389208e-02,1.716513e-03,1.183875e-03,2.342200e-03,5.507864e-03,9.802622e-03,5.966165e-04,6.660452e-04,6.505203e-03,4.500833e-03,2.430319e-02,9.224995e-01,1.529169e-03,3.252758e-03,1.701485e-03
9.932738e-03,1.264427e-03,8.742770e-04,1.668762e-03,4.406299e-03,8.489411e-03,5.258350e-04,5.221312e-04,5.243483e-03,4.048902e-03,2.691473e-02,9.300575e-01,1.761347e-03,3.018233e-03,1.271977e-03
7.053909e-03,9.782102e-04,6.488474e-04,1.199196e-03,3.516043e-03,8.828837e-03,6.060346e-04,4.300574e-04,4.882513e-03,3.933361e-03,5.624820e-02,9.045799e-01,3.643126e-03,2.505996e-03,9.457784e-04
5.027510e-03,2.694523e-03,6.202579e-04,9.095981e-04,1.320067e-02,3.278673e-02,7.004284e-04,4.020285e-04,1.949118e-01,2.914693e-03,4.423777e-02,6.946467e-01,4.037016e-03,2.172686e-03,7.375600e-04
3.630665e-03,2.549697e-03,9.435446e-04,8.218479e-04,1.187539e-02,4.967601e-02,6.146287e-04,3.333514e-04,1.470311e-01,3.679239e-03,6.026585e-02,7.090053e-01,5.216306e-03,3.484572e-03,8.724564e-04
2.720064e-03,2.809846e-03,2.624094e-03,1.439011e-03,2.894410e-02,8.110650e-02,8.299951e-04,5.076719e-04,1.228630e-01,4.317450e-03,7.381476e-02,6.641703e-01,6.532782e-03,6.083692e-03,1.236801e-03
2.109219e-03,2.118811e-03,2.081448e-03,1.172300e-03,2.247720e-02,8.622366e-02,6.461960e-04,4.163205e-04,8.812514e-02,3.435968e-03,8.832371e-02,6.877806e-01,7.674513e-03,6.396554e-03,1.018414e-03
1.622863e-03,2.216280e-03,1.926481e-03,1.039330e-03,1.796612e-02,1.059371e-01,5.117817e-04,3.900325e-04,6.907016e-02,2.973089e-03,1.454377e-01,6.056452e-01,3.861880e-02,5.705860e-03,9.393087e-04
1.340900e-03,3.978076e-03,1.901235e-03,1.193451e-03,1.386932e-02,1.046686e-01,4.820567e-04,6.345441e-04,6.231849e-02,2.274026e-03,1.470448e-01,5.483207e-01,1.066476e-01,4.493307e-03,8.329531e-04
1.070963e-03,4.006966e-03,1.378562e-03,8.664224e-04,9.804088e-03,2.372754e-01,3.488360e-04,5.093106e-04,5.022713e-02,1.651117e-03,1.148375e-01,4.208584e-01,1.531860e-01,3.332881e-03,6.463430e-04
9.699095e-04,4.215473e-03,9.883952e-04,6.198328e-04,7.163330e-03,3.800567e-01,3.227752e-04,5.039137e-04,8.662607e-02,1.180103e-03,8.543815e-02,3.006700e-01,1.283487e-01,2.409967e-03,4.867249e-04
1.253235e-03,5.567313e-03,7.701102e-04,5.486059e-04,7.006116e-03,5.030326e-01,2.480862e-04,4.288201e-04,1.088615e-01,8.732812e-04,6.232252e-02,2.132831e-01,9.318584e-02,1.776954e-03,8.418874e-04
1.811978e-03,6.703600e-03,7.795701e-04,5.478892e-04,9.357098e-03,5.608616e-01,2.392785e-04,5.222670e-04,1.522976e-01,7.707791e-04,4.529620e-02,1.508913e-01,6.745698e-02,1.344674e-03,1.119203e-03
2.103217e-03,1.110079e-02,1.342306e-03,2.645385e-03,1.422971e-02,5.506315e-01,3.410960e-04,1.079072e-03,2.138152e-01,3.833655e-03,3.341595e-02,1.079364e-01,5.001090e-02,1.066038e-03,6.448830e-03
3.904119e-03,1.455952e-02,2.473805e-03,1.086508e-02,2.514859e-02,5.332412e-01,8.434177e-04,5.059710e-03,2.165856e-01,9.441311e-03,2.421612e-02,7.627065e-02,4.656982e-02,8.319638e-04,2.998915e-02
5.187443e-03,1.710145e-02,3.140080e-03,1.506818e-02,5.109844e-02,4.540559e-01,2.315729e-03,4.942003e-03,2.563809e-01,1.094517e-02,1.749950e-02,5.414602e-02,3.885868e-02,6.397383e-04,6.862079e-02
4.062301e-03,2.062958e-02,2.792076e-03,1.512031e-01,3.792734e-02,3.278837e-01,1.702987e-03,3.989515e-03,2.652137e-01,9.420088e-03,1.334891e-02,3.882911e-02,2.813963e-02,4.900487e-04,9.436791e-02
6.438302e-03,2.540237e-02,2.911435e-03,1.257689e-01,5.066988e-02,2.833027e-01,1.903330e-03,4.020929e-03,2.849926e-01,8.822408e-03,1.255593e-02,2.843335e-02,2.419056e-02,5.484999e-04,1.400389e-01
4.870261e-03,2.666432e-02,2.243447e-03,1.280320e-01,3.689107e-02,2.202404e-01,1.484545e-03,3.417627e-03,3.803238e-01,9.417411e-03,1.014917e-02,2.000936e-02,1.903860e-02,5.898323e-04,1.366282e-01
4.692364e-03,2.030279e-02,1.834518e-03,9.320710e-02,2.655617e-02,1.699544e-01,1.128717e-03,2.670807e-03,2.840411e-01,7.409906e-03,9.338872e-03,1.521647e-02,2.654855e-01,4.759522e-04,9.768534e-02
6.628597e-03,1.580805e-02,3.863320e-03,7.304128e-02,3.621290e-02,2.391596e-01,1.016335e-02,7.064702e-03,2.252021e-01,6.420084e-03,1.091216e-02,1.250374e-02,2.773830e-01,5.083081e-04,7.512893e-02
8.961516e-03,1.443398e-02,3.429531e-03,6.788024e-02,3.031905e-02,1.935599e-01,7.549275e-03,7.083982e-03,1.793126e-01,7.937297e-03,3.761094e-02,2.145292e-02,3.506031e-01,1.995791e-03,6.786993e-02
8.084122e-03,1.333600e-02,4.625486e-03,8.433255e-02,2.862673e-02,1.542261e-01,5.943456e-03,6.826538e-03,1.424782e-01,2.391651e-02,9.190533e-02,2.806329e-02,2.970624e-01,2.674018e-03,1.078993e-01
7.475165e-03,1.329671e-02,3.436006e-03,6.199066e-02,2.082205e-02,1.192684e-01,4.236982e-03,5.002389e-03,1.318394e-01,2.572436e-02,1.100783e-01,2.514694e-02,2.280762e-01,2.210508e-02,2.215014e-01
6.704797e-03,1.127892e-02,2.958034e-03,4.489743e-02,1.508950e-02,9.459553e-02,3.080179e-03,3.717761e-03,1.043050e-01,1.919321e-02,1.023113e-01,1.910215e-02,1.631752e-01,7.675000e-02,3.328410e-01
5.437948e-03,9.212118e-03,2.377954e-03,3.256463e-02,1.549568e-02,6.883298e-02,2.191024e-03,2.639643e-03,9.008911e-02,1.443995e-02,9.204155e-02,1.379856e-02,1.171062e-01,1.491461e-01,3.846266e-01
4.285795e-03,7.349462e-03,2.819044e-03,2.379421e-02,1.296320e-02,4.860084e-02,1.578111e-03,1.971710e-03,7.686812e-02,1.083473e-02,8.396076e-02,9.945854e-03,8.308009e-02,2.329432e-01,3.990050e-01
3.356299e-03,5.736388e-03,2.751737e-03,1.686103e-02,1.077311e-02,3.427608e-02,1.137800e-03,1.423998e-03,6.357700e-02,8.339701e-03,6.874546e-02,7.246115e-03,5.903443e-02,2.848486e-01,4.318923e-01
3.235700e-03,5.679007e-03,2.282053e-03,1.194712e-02,1.523696e-02,2.495799e-02,8.200395e-04,1.027878e-03,5.424301e-02,6.071901e-03,5.954490e-02,5.372254e-03,4.263677e-02,3.745106e-01,3.924338e-01
2.612688e-03,1.650305e-02,2.542146e-03,8.624532e-03,1.179660e-02,1.932233e-02,6.014063e-04,8.176373e-04,7.296217e-02,4.785295e-03,5.368709e-02,4.000614e-03,3.051711e-02,4.062390e-01,3.649884e-01
3.105092e-03,4.392854e-02,1.124469e-02,7.499288e-03,8.941443e-03,1.746546e-02,5.965992e-04,3.283496e-03,1.223635e-01,6.688469e-03,5.463876e-02,2.960849e-03,2.206094e-02,4.101340e-01,2.850889e-01
3.911298e-03,3.431825e-02,1.035243e-02,6.156643e-03,7.220077e-03,1.353587e-02,4.516958e-04,2.477147e-03,2.111567e-01,5.724393e-03,4.758869e-02,2.228781e-03,1.597082e-02,4.260548e-01,2.128524e-01
4.587228e-03,2.764878e-02,8.170347e-03,5.998792e-03,5.886775e-03,1.070949e-02,3.635921e-04,2.743041e-03,2.984306e-01,6.467623e-03,5.173620e-02,2.035932e-03,1.302517e-02,4.049233e-01,1.572731e-01
4.890170e-03,2.161053e-02,1.325508e-02,2.946027e-02,1.043830e-02,7.835101e-03,3.154433e-04,1.839053e-02,3.748008e-01,5.931039e-03,5.861496e-02,1.961173e-03,1.172354e-02,3.280730e-01,1.127000e-01
9.073257e-03,3.040580e-02,1.757738e-02,2.754679e-02,1.668101e-02,6.665877e-03,3.029220e-04,4.838577e-02,4.028383e-01,9.270144e-03,6.666996e-02,3.998050e-03,1.267096e-02,2.653101e-01,8.260370e-02
1.870244e-02,3.068062e-02,1.604761e-02,2.314695e-02,4.901806e-02,6.667397e-03,3.085560e-04,4.727085e-02,4.618357e-01,1.180683e-02,5.991888e-02,4.212012e-03,1.059427e-02,2.002206e-01,5.956926e-02
2.474538e-02,3.774102e-02,3.227380e-02,2.062354e-02,4.949461e-02,9.904796e-03,4.227041e-04,9.770852e-02,4.371307e-01,1.465452e-02,4.828512e-02,3.824211e-03,8.721150e-03,1.700691e-01,4.440090e-02
2.772323e-02,3.007163e-02,4.474279e-02,3.018886e-02,5.496770e-02,9.155817e-03,5.648720e-04,1.482270e-01,4.250599e-01,1.246592e-02,3.781568e-02,3.598290e-03,7.802758e-03,1.290518e-01,3.856374e-02
4.273402e-02,3.210396e-02,4.396821e-02,2.282650e-02,5.092311e-02,1.315634e-02,1.809346e-03,1.939784e-01,4.025265e-01,9.645474e-03,3.080056e-02,4.679623e-03,9.992049e-03,1.069014e-01,3.395455e-02
5.476034e-02,3.205981e-02,5.123278e-02,1.920802e-02,5.349937e-02,1.393262e-01,2.424537e-03,1.505152e-01,3.266181e-01,7.518200e-03,2.990895e-02,6.998036e-03,1.699953e-02,8.062824e-02,2.830266e-02
4.627445e-02,2.699114e-02,4.995447e-02,2.962700e-02,4.879047e-02,1.446422e-01,3.498247e-03,1.179598e-01,3.721545e-01,6.820313e-03,2.896115e-02,1.201562e-02,2.794938e-02,5.745455e-02,2.690668e-02
5.114177e-02,2.776470e-02,4.522606e-02,4.445750e-02,3.729553e-02,1.738492e-01,3.281865e-03,9.460923e-02,3.228185e-01,6.698348e-03,3.644609e-02,2.273367e-02,5.864856e-02,4.314413e-02,3.188490e-02
6.558286e-02,2.818673e-02,4.567165e-02,4.219495e-02,3.765229e-02,2.371734e-01,3.055204e-03,7.505776e-02,2.526394e-01,5.306186e-03,3.985467e-02,2.845452e-02,8.005174e-02,3.241596e-02,2.670271e-02
7.311650e-02,2.284819e-02,3.968469e-02,4.093712e-02,3.055556e-02,1.900458e-01,2.878662e-03,6.283600e-02,1.865466e-01,4.908595e-03,3.475268e-02,4.060827e-02,2.186924e-01,2.659950e-02,2.498934e-02
1.290333e-01,1.703069e-02,3.332477e-02,3.592644e-02,2.361211e-02,1.374766e-01,3.550050e-03,5.205027e-02,1.366926e-01,4.540295e-03,3.293816e-02,7.149501e-02,2.680064e-01,3.099283e-02,2.333061e-02
1.259848e-01,1.354493e-02,2.498674e-02,3.082582e-02,1.979670e-02,1.043906e-01,4.289974e-03,3.958041e-02,9.974991e-02,3.972573e-03,3.632424e-02,8.199294e-02,3.661200e-01,2.718296e-02,2.125742e-02
9.660788e-02,1.080602e-02,1.804150e-02,2.400223e-02,1.510272e-02,7.821329e-02,3.528963e-03,2.845213e-02,7.224900e-02,4.186688e-03,4.134272e-02,9.918410e-02,4.565999e-01,2.171493e-02,2.996796e-02
9.351900e-02,1.118790e-02,2.235072e-02,9.033015e-02,1.505458e-02,5.865640e-02,3.122833e-03,2.623281e-02,8.063507e-02,5.928115e-03,4.752024e-02,8.492707e-02,4.141432e-01,1.913854e-02,2.725342e-02
8.474091e-02,9.446427e-03,2.243119e-02,7.335970e-02,1.347947e-02,4.390470e-02,2.699070e-03,2.129110e-02,6.823744e-02,5.551241e-03,5.717976e-02,8.298428e-02,4.702573e-01,1.537919e-02,2.905825e-02
1.395310e-01,1.027602e-02,2.937559e-02,7.929216e-02,1.436253e-02,4.000681e-02,2.990725e-03,1.602077e-02,6.382955e-02,8.086873e-03,5.636212e-02,1.001715e-01,3.990167e-01,1.445361e-02,2.622402e-02
1.073804e-01,8.627794e-03,2.260806e-02,6.382089e-02,1.500818e-02,2.999315e-02,3.678707e-03,1.147755e-02,5.429123e-02,2.220637e-02,6.055522e-02,9.931542e-02,4.637835e-01,1.073399e-02,2.651954e-02
8.154826e-02,6.418383e-03,1.609126e-02,4.597516e-02,1.093766e-02,2.315814e-02,2.759985e-03,8.167310e-03,4.628195e-02,3.696851e-02,6.571647e-02,2.482316e-01,3.799563e-01,8.136339e-03,1.965276e-02
9.636065e-02,5.173665e-03,1.173330e-02,3.367283e-02,8.542473e-03,1.839385e-02,2.272356e-03,6.003124e-03,4.334630e-02,4.428245e-02,7.919382e-02,3.252643e-01,3.037331e-01,7.101484e-03,1.492625e-02
6.898289e-02,4.037481e-03,8.401537e-03,2.403109e-02,6.291866e-03,1.523191e-02,1.749703e-03,4.402472e-03,3.732043e-02,4.425236e-02,8.279876e-02,4.285883e-01,2.567344e-01,5.680103e-03,1.149670e-02
5.739862e-02,4.004356e-03,6.602516e-03,1.731899e-02,4.984980e-03,1.177230e-02,1.374572e-03,3.233221e-03,3.477921e-02,7.667068e-02,7.856996e-02,4.814934e-01,2.065716e-01,6.006225e-03,9.219402e-03
4.360713e-02,3.880507e-03,5.988615e-03,1.263265e-02,4.267176e-03,9.855272e-03,1.092683e-03,2.506923e-03,3.286259e-02,7.845317e-02,7.833396e-02,5.525475e-01,1.603639e-01,6.485460e-03,7.122562e-03
4.010718e-02,3.628004e-03,5.122465e-03,9.059690e-03,3.249109e-03,9.218444e-03,8.924159e-04,1.952431e-03,2.640191e-02,6.286192e-02,1.300993e-01,5.597867e-01,1.254248e-01,1.543450e-02,6.761150e-03
3.307975e-02,4.525821e-03,5.485461e-03,7.037688e-03,3.079760e-03,9.539418e-03,7.508611e-04,1.824938e-03,2.174479e-02,5.706784e-02,1.725180e-01,5.567644e-01,9.678453e-02,2.160401e-02,8.192752e-03
3.071429e-02,3.613192e-03,4.154155e-03,5.308158e-03,2.644474e-03,9.301987e-03,7.303492e-04,1.595293e-03,1.723656e-02,5.221929e-02,2.048871e-01,5.513380e-01,6.978040e-02,3.917564e-02,7.301176e-03
2.656298e-02,3.540732e-03,1.437257e-02,4.865330e-03,5.454912e-03,7.983025e-03,8.394931e-04,6.683347e-03,1.579387e-02,5.048476e-02,1.873626e-01,5.815077e-01,5.036718e-02,3.829571e-02,5.885744e-03
3.466428e-02,4.679026e-03,1.676967e-02,4.289903e-03,6.000069e-03,8.029325e-03,9.797390e-04,9.295519e-03,1.547083e-02,6.499472e-02,1.770273e-01,5.680025e-01,3.722111e-02,4.651702e-02,6.059036e-03
3.843759e-02,5.975288e-03,2.057680e-02,5.004917e-03,2.145235e-02,6.904318e-03,1.184613e-03,2.198346e-02,2.176848e-02,8.071585e-02,1.817208e-01,4.956520e-01,2.762099e-02,6.275118e-02,8.251365e-03
3.296789e-02,1.333275e-02,2.030850e-02,4.430593e-03,8.950666e-02,1.155769e-02,2.037380e-03,1.907747e-02,4.763164e-02,8.810206e-02,1.820802e-01,3.911728e-01,2.069460e-02,6.350041e-02,1.359938e-02
2.599404e-02,1.415369e-02,2.440699e-02,6.257256e-03,8.619160e-02,1.603382e-02,2.626674e-03,1.953020e-02,8.892363e-02,1.668378e-01,1.460959e-01,3.034078e-01,1.783936e-02,5.813131e-02,2.356998e-02
1.998800e-02,1.151222e-02,2.492996e-02,5.612543e-03,6.422743e-02,1.293377e-02,1.935502e-03,1.549390e-02,9.623520e-02,3.329380e-01,1.072585e-01,2.200106e-01,1.557498e-02,4.941776e-02,2.193160e-02
1.858683e-02,9.338703e-03,2.835923e-02,5.298653e-03,4.646116e-02,1.055323e-02,1.454551e-03,1.223721e-02,1.006727e-01,4.401946e-01,8.147828e-02,1.597921e-01,1.971465e-02,4.566330e-02,2.019476e-02
2.085924e-02,7.441195e-03,2.225371e-02,3.815096e-03,3.444441e-02,8.110477e-03,1.044158e-03,9.392215e-03,7.833844e-02,5.613214e-01,6.235158e-02,1.127352e-01,1.833382e-02,4.233989e-02,1.721934e-02
2.327484e-02,7.500368e-03,4.105539e-02,4.093652e-03,3.310482e-02,6.873530e-03,9.901117e-04,3.493843e-02,9.015416e-02,5.379416e-01,5.434015e-02,8.133433e-02,2.374323e-02,4.482993e-02,1.582558e-02
2.027238e-02,9.644171e-03,3.539741e-02,3.833348e-03,2.559682e-02,7.894534e-03,8.053956e-04,2.793157e-02,7.507525e-02,6.133074e-01,4.491168e-02,5.756905e-02,1.924946e-02,4.088432e-02,1.762726e-02
2.350166e-02,2.261195e-02,4.381659e-02,7.603063e-03,2.356826e-02,6.564557e-03,8.306233e-04,3.783751e-02,1.424027e-01,5.459682e-01,3.452022e-02,4.068897e-02,1.425467e-02,4.178818e-02,1.404292e-02
2.188438e-02,2.678944e-02,3.924643e-02,8.684337e-03,2.224251e-02,5.511860e-03,7.407751e-04,3.150134e-02,2.602926e-01,4.543961e-01,2.708356e-02,2.879266e-02,1.084802e-02,4.141129e-02,2.057465e-02
2.432067e-02,2.212707e-02,3.037556e-02,7.086800e-03,1.990378e-02,5.170780e-03,6.196233e-04,2.429057e-02,3.816912e-01,3.394560e-01,2.393876e-02,2.049973e-02,9.314418e-03,3.438602e-02,5.681901e-02
2.770278e-02,1.729774e-02,2.345434e-02,5.697858e-03,2.113791e-02,5.249689e-03,5.294442e-04,1.783306e-02,3.942153e-01,2.478663e-01,2.490131e-02,1.459351e-02,9.809280e-03,3.993112e-02,1.497803e-01
2.127597e-02,1.415950e-02,1.724786e-02,4.080639e-03,1.662654e-02,4.086358e-03,3.874487e-04,1.264162e-02,4.868901e-01,1.794835e-01,2.041553e-02,1.036192e-02,7.732641e-03,3.685508e-02,1.677553e-01
1.749028e-02,1.525581e-02,1.308581e-02,3.076826e-03,1.406338e-02,3.058520e-03,3.283521e-04,1.002432e-02,6.055713e-01,1.284279e-01,1.505739e-02,7.311474e-03,6.416281e-03,3.262455e-02,1.282078e-01
3.104959e-02,1.644056e-02,1.123105e-02,2.518687e-03,1.337957e-02,3.981565e-03,4.147957e-04,7.780133e-03,6.274848e-01,9.433042e-02,1.219927e-02,5.462509e-03,6.586701e-03,3.212564e-02,1.350147e-01
3.476808e-02,1.639298e-02,9.575503e-03,2.009229e-03,1.064166e-02,3.765745e-03,3.658843e-04,5.534899e-03,5.184298e-01,7.049568e-02,2.167406e-02,4.207957e-03,5.953264e-03,1.533301e-01,1.428551e-01
4.222772e-02,1.584562e-02,8.495124e-03,1.502994e-03,8.820656e-03,3.251209e-03,3.337539e-04,3.943558e-03,4.172793e-01,5.526450e-02,2.008259e-02,3.250563e-03,5.037049e-03,2.332321e-01,1.814332e-01
5.099479e-02,1.716224e-02,3.591772e-02,1.543791e-03,7.731952e-03,3.140992e-03,5.686764e-04,3.734259e-03,3.503097e-01,4.893603e-02,2.484352e-02,2.998702e-03,5.081046e-03,2.766650e-01,1.703716e-01
3.956708e-02,1.690627e-02,2.817048e-02,1.618771e-03,7.084471e-03,3.209732e-03,5.420487e-04,2.999973e-03,2.789637e-01,4.003331e-02,2.836486e-02,3.422490e-03,5.159711e-03,3.668517e-01,1.771055e-01
3.112350e-02,1.681215e-02,2.337764e-02,2.542172e-03,6.270409e-03,3.469316e-03,4.863860e-04,2.261033e-03,2.299523e-01,4.083606e-02,2.994464e-02,4.009857e-03,5.780515e-03,4.232282e-01,1.799059e-01
2.905677e-02,2.115025e-02,1.856211e-02,2.858116e-03,5.127870e-03,5.320820e-03,6.658281e-04,2.359176e-03,1.877793e-01,5.145134e-02,1.460561e-01,2.445784e-02,1.661995e-02,3.482233e-01,1.403111e-01
2.553636e-02,3.539619e-02,1.941898e-02,4.562905e-03,5.804264e-03,1.228100e-02,1.272230e-03,2.119350e-03,1.490636e-01,7.541092e-02,2.162223e-01,4.291195e-02,2.528545e-02,2.726442e-01,1.120703e-01
4.290745e-02,9.114817e-02,2.349398e-02,6.187910e-03,9.742414e-03,1.678966e-02,3.714435e-03,7.605336e-03,1.289229e-01,8.097830e-02,1.825667e-01,4.173855e-02,3.596958e-02,2.306051e-01,9.762946e-02
8.394310e-02,1.945298e-01,2.029850e-02,6.415400e-03,1.043232e-02,1.602624e-02,3.587051e-03,1.207736e-02,1.142653e-01,6.565775e-02,1.500571e-01,4.075787e-02,2.988136e-02,1.809897e-01,7.108109e-02
9.325950e-02,1.911821e-01,2.867896e-02,1.355270e-02,1.420825e-02,1.380859e-02,3.463006e-03,4.354466e-02,1.424044e-01,5.701359e-02,1.363198e-01,4.260107e-02,2.785449e-02,1.396093e-01,5.249956e-02
8.047089e-02,2.192747e-01,3.245376e-02,2.088764e-02,2.796945e-02,1.915918e-02,3.215222e-03,3.699030e-02,1.893426e-01,5.381519e-02,1.019027e-01,3.140789e-02,2.195283e-02,1.090343e-01,5.212335e-02
6.285086e-02,2.054083e-01,4.321170e-02,4.695734e-02,2.580351e-02,1.560962e-02,2.439768e-03,2.930451e-02,2.694963e-01,4.829527e-02,7.500689e-02,2.243548e-02,1.670252e-02,7.894356e-02,5.753439e-02
5.715545e-02,1.769175e-01,4.012924e-02,4.360921e-02,2.183985e-02,1.415351e-02,1.860666e-03,2.179350e-02,3.416903e-01,4.550368e-02,6.050410e-02,1.802509e-02,1.451522e-02,5.989613e-02,8.240645e-02
5.117765e-02,1.387845e-01,3.303830e-02,5.075725e-02,2.521941e-02,3.761696e-02,1.606496e-03,2.054412e-02,3.819935e-01,4.229487e-02,5.638535e-02,1.582944e-02,2.298879e-02,4.430657e-02,7.745681e-02
5.458539e-02,1.094491e-01,2.623105e-02,4.139437e-02,4.610752e-02,5.070069e-02,1.695659e-03,2.437976e-02,4.165558e-01,3.633989e-02,4.298577e-02,1.217791e-02,2.060545e-02,3.378297e-02,8.300862e-02
5.341267e-02,1.030802e-01,2.171821e-02,4.792889e-02,6.396720e-02,5.925827e-02,1.540573e-03,6.341739e-02,4.049864e-01,2.818045e-02,3.132783e-02,8.862988e-03,1.513321e-02,2.503661e-02,7.214914e-02
6.834714e-02,8.820639e-02,1.667109e-02,5.099621e-02,1.232607e-01,7.958046e-02,1.701744e-03,6.813374e-02,3.638088e-01,2.041959e-02,2.271721e-02,6.395202e-03,1.097961e-02,1.806090e-02,6.072127e-02
1.135539e-01,7.296544e-02,1.724638e-02,9.461349e-02,1.444885e-01,8.088106e-02,2.655565e-03,7.643633e-02,2.841486e-01,1.510070e-02,1.700171e-02,4.930433e-03,8.623183e-03,1.321940e-02,5.413537e-02
1.054475e-01,6.097683e-02,1.128209e-01,1.389745e-01,1.303217e-01,7.091316e-02,3.582033e-03,7.238644e-02,2.136065e-01,1.185152e-02,1.241629e-02,3.652503e-03,6.451080e-03,9.503026e-03,4.709592e-02
1.255716e-01,7.483051e-02,1.144798e-01,1.148239e-01,1.470427e-01,5.978362e-02,3.615079e-03,6.701549e-02,2.088360e-01,9.388889e-03,9.721413e-03,3.019452e-03,5.298084e-03,7.257886e-03,4.931566e-02
1.068398e-01,9.053454e-02,1.202295e-01,1.798669e-01,1.446898e-01,5.179996e-02,4.532631e-03,6.359422e-02,1.691263e-01,7.135089e-03,7.441042e-03,2.831773e-03,4.296382e-03,5.280247e-03,4.180180e-02
1.000694e-01,1.791334e-01,1.661082e-01,1.512043e-01,1.110661e-01,4.236871e-02,4.229158e-03,4.791947e-02,1.326081e-01,8.109253e-03,6.547054e-03,2.773933e-03,3.883210e-03,3.859913e-03,4.011984e-02
1.216756e-01,1.516466e-01,1.962101e-01,1.838541e-01,8.649128e-02,3.599140e-02,3.647047e-03,3.507612e-02,1.049106e-01,9.203404e-03,9.312503e-03,8.912936e-03,4.891341e-03,3.357989e-03,4.481893e-02
8.615285e-02,1.328293e-01,1.504455e-01,1.679308e-01,6.327064e-02,2.793481e-02,2.921829e-03,2.471190e-02,9.586446e-02,1.055506e-02,1.033207e-01,9.329017e-03,7.748599e-02,6.112363e-03,4.113482e-02
6.238216e-02,1.060982e-01,1.098574e-01,1.475053e-01,4.823221e-02,2.114520e-02,2.436186e-03,1.744626e-02,8.170193e-02,9.362393e-03,2.094704e-01,9.124635e-03,1.029522e-01,8.095575e-03,6.419009e-02
4.521345e-02,7.873128e-02,8.010320e-02,1.060851e-01,3.593044e-02,1.538623e-02,1.852916e-03,1.379447e-02,1.116965e-01,8.838318e-03,1.680442e-01,8.062368e-03,1.154760e-01,2.320666e-02,1.875788e-01
3.287653e-02,5.827311e-02,5.707179e-02,7.541274e-02,2.630912e-02,1.144346e-02,1.456042e-03,9.982218e-03,1.072924e-01,7.991456e-03,1.416894e-01,6.509095e-03,1.193667e-01,3.211891e-02,3.122072e-01
2.328818e-02,4.109360e-02,4.464443e-02,5.337867e-02,1.947966e-02,8.316673e-03,1.090639e-03,7.050003e-03,8.618117e-02,2.753588e-02,1.116643e-01,5.828675e-03,9.693757e-02,4.550608e-02,4.280045e-01
1.634008e-02,2.885742e-02,3.159628e-02,3.743315e-02,1.390531e-02,5.905821e-03,7.822326e-04,4.952598e-03,6.172619e-02,3.120945e-02,8.039692e-02,4.475371e-03,7.001346e-02,3.564581e-02,5.767599e-01
1.148432e-02,2.025530e-02,2.255806e-02,2.633386e-02,1.020915e-02,4.262423e-03,5.707220e-04,3.503346e-03,4.408651e-02,3.024170e-02,5.833799e-02,3.337490e-03,4.980707e-02,2.669479e-02,6.883173e-01
8.080013e-03,1.425606e-02,1.618402e-02,1.851623e-02,7.381012e-03,3.400028e-03,4.595169e-04,2.507549e-03,3.190168e-02,2.755027e-02,4.569869e-02,3.175042e-03,3.684879e-02,2.099890e-02,7.630422e-01
5.748899e-03,1.067387e-02,1.373945e-02,1.310115e-02,6.081226e-03,2.762734e-03,3.761869e-04,1.828395e-03,2.896037e-02,6.724216e-02,5.688358e-02,5.985661e-03,3.022801e-02,3.157121e-02,7.248171e-01
5.126619e-03,8.144446e-03,1.246442e-02,9.524050e-03,6.811553e-03,4.809462e-03,5.226014e-04,1.938424e-03,3.686263e-02,7.636373e-02,9.516914e-02,1.511677e-02,2.369917e-02,4.169355e-02,6.617535e-01
1.372424e-02,6.180764e-03,1.017060e-02,6.904303e-03,6.495477e-03,4.975290e-03,4.245070e-04,1.931242e-03,3.699644e-02,7.977977e-02,1.825898e-01,1.901966e-02,1.964122e-02,9.901668e-02,5.121500e-01
1.655182e-02,4.790315e-03,9.266511e-03,5.025890e-03,6.236012e-03,5.343667e-03,4.676921e-04,1.846500e-03,3.360926e-02,7.539404e-02,2.641138e-01,3.230354e-02,1.787218e-02,1.369264e-01,3.902524e-01
8.203163e-02,4.822132e-03,3.068765e-02,5.817377e-03,1.015527e-02,1.604667e-02,2.190368e-03,7.793514e-03,3.902141e-02,6.164198e-02,2.470292e-01,4.612620e-02,1.636381e-02,1.397992e-01,2.904736e-01
7.318374e-02,4.804883e-03,2.314947e-02,6.274808e-03,1.412733e-02,1.921317e-02,2.024395e-03,6.871248e-03,5.163774e-02,4.969325e-02,2.731085e-01,5.818431e-02,1.383170e-02,1.935675e-01,2.103280e-01
6.141201e-02,5.086942e-03,2.016481e-02,6.338341e-03,1.064061e-02,1.605383e-02,1.625389e-03,5.141906e-03,4.810326e-02,3.806613e-02,2.849982e-01,4.834465e-02,1.083942e-02,2.927612e-01,1.504233e-01
4.648176e-02,5.170152e-03,1.564663e-02,5.686536e-03,8.005319e-03,1.248243e-02,1.250253e-03,3.972658e-03,5.623596e-02,2.824597e-02,2.228108e-01,3.843232e-02,8.047597e-03,4.411156e-01,1.064161e-01
3.557111e-02,1.751739e-02,2.495624e-02,5.033473e-03,1.198097e-02,1.072896e-02,1.275199e-03,4.381283e-03,1.020726e-01,2.189118e-02,2.229797e-01,2.862737e-02,6.406127e-03,4.302706e-01,7.630783e-02
2.786947e-02,2.399068e-02,4.567649e-02,6.103823e-03,1.333318e-02,1.220403e-02,1.630333e-03,1.348780e-02,1.359151e-01,1.699776e-02,1.683953e-01,2.094578e-02,5.353141e-03,4.530320e-01,5.506510e-02
2.157300e-02,2.872943e-02,3.670715e-02,6.530660e-03,2.188719e-02,2.488575e-02,1.677491e-03,1.265148e-02,2.529392e-01,1.590441e-02,1.232027e-01,1.527370e-02,7.204953e-03,3.889515e-01,4.188140e-02
