1.000000e+00,0.000000e+00,0.000000e+00,0.000000e+00,0.000000e+00,0.000000e+00,0.000000e+00,0.000000e+00,0.000000e+00,0.000000e+00,0.000000e+00,0.000000e+00,0.000000e+00,0.000000e+00,0.000000e+00
1.000000e+00,0.000000e+00,0.000000e+00,0.000000e+00,0.000000e+00,0.000000e+00,0.000000e+00,0.000000e+00,0.000000e+00,0.000000e+00,0.000000e+00,0.000000e+00,0.000000e+00,0.000000e+00,0.000000e+00
1.000000e+00,0.000000e+00,0.000000e+00,0.000000e+00,0.000000e+00,0.000000e+00,0.000000e+00,0.000000e+00,0.000000e+00,0.000000e+00,0.000000e+00,0.000000e+00,0.000000e+00,0.000000e+00,0.000000e+00
1.000000e+00,0.000000e+00,0.000000e+00,0.000000e+00,0.000000e+00,0.000000e+00,0.000000e+00,0.000000e+00,0.000000e+00,0.000000e+00,0.000000e+00,0.000000e+00,0.000000e+00,0.000000e+00,0.000000e+00
1.000000e+00,0.000000e+00,0.000000e+00,0.000000e+00,0.000000e+00,0.000000e+00,0.000000e+00,0.000000e+00,0.000000e+00,0.000000e+00,0.000000e+00,0.000000e+00,0.000000e+00,0.000000e+00,0.000000e+00
1.000000e+00,0.000000e+00,0.000000e+00,0.000000e+00,0.000000e+00,0.000000e+00,0.000000e+00,0.000000e+00,0.000000e+00,0.000000e+00,0.000000e+00,0.000000e+00,0.000000e+00,0.000000e+00,0.000000e+00
1.000000e+00,0.000000e+00,0.000000e+00,0.000000e+00,0.000000e+00,0.000000e+00,0.000000e+00,0.000000e+00,0.000000e+00,0.000000e+00,0.000000e+00,0.000000e+00,0.000000e+00,0.000000e+00,0.000000e+00
1.000000e+00,0.000000e+00,0.000000e+00,0.000000e+00,0.000000e+00,0.000000e+00,0.000000e+00,0.000000e+00,0.000000e+00,0.000000e+00,0.000000e+00,0.000000e+00,0.000000e+00,0.000000e+00,0.000000e+00
1.000000e+00,0.000000e+00,0.000000e+00,0.000000e+00,0.000000e+00,0.000000e+00,0.000000e+00,0.000000e+00,0.000000e+00,0.000000e+00,0.000000e+00,0.000000e+00,0.000000e+00,0.000000e+00,0.000000e+00
1.000000e+00,0.000000e+00,0.000000e+00,0.000000e+00,0.000000e+00,0.000000e+00,0.000000e+00,0.000000e+00,0.000000e+00,0.000000e+00,0.000000e+00,0.000000e+00,0.000000e+00,0.000000e+00,0.000000e+00
1.000000e+00,0.000000e+00,0.000000e+00,0.000000e+00,0.000000e+00,0.000000e+00,0.000000e+00,0.000000e+00,0.000000e+00,0.000000e+00,0.000000e+00,0.000000e+00,0.000000e+00,0.000000e+00,0.000000e+00
1.000000e+00,0.000000e+00,0.000000e+00,0.000000e+00,0.000000e+00,0.000000e+00,0.000000e+00,0.000000e+00,0.000000e+00,0.000000e+00,0.000000e+00,0.000000e+00,0.000000e+00,0.000000e+00,0.000000e+00
1.000000e+00,0.000000e+00,0.000000e+00,0.000000e+00,0.000000e+00,0.000000e+00,0.000000e+00,0.000000e+00,0.000000e+00,0.000000e+00,0.000000e+00,0.000000e+00,0.000000e+00,0.000000e+00,0.000000e+00
1.000000e+00,0.000000e+00,0.000000e+00,0.000000e+00,0.000000e+00,0.000000e+00,0.000000e+00,0.000000e+00,0.000000e+00,0.000000e+00,0.000000e+00,0.000000e+00,0.000000e+00,0.000000e+00,0.000000e+00
1.000000e+00,0.000000e+00,0.000000e+00,0.000000e+00,0.000000e+00,0.000000e+00,0.000000e+00,0.000000e+00,0.000000e+00,0.000000e+00,0.000000e+00,0.000000e+00,0.000000e+00,0.000000e+00,0.000000e+00
1.000000e+00,0.000000e+00,0.000000e+00,0.000000e+00,0.000000e+00,0.000000e+00,0.000000e+00,0.000000e+00,0.000000e+00,0.000000e+00,0.000000e+00,0.000000e+00,0.000000e+00,0.000000e+00,0.000000e+00
1.000000e+00,0.000000e+00,0.000000e+00,0.000000e+00,0.000000e+00,0.000000e+00,0.000000e+00,0.000000e+00,0.000000e+00,0.000000e+00,0.000000e+00,0.000000e+00,0.000000e+00,0.000000e+00,0.000000e+00
1.000000e+00,0.000000e+00,0.000000e+00,0.000000e+00,0.000000e+00,0.000000e+00,0.000000e+00,0.000000e+00,0.000000e+00,0.000000e+00,0.000000e+00,0.000000e+00,0.000000e+00,0.000000e+00,0.000000e+00
1.000000e+00,0.000000e+00,0.000000e+00,0.000000e+00,0.000000e+00,0.000000e+00,0.000000e+00,0.000000e+00,0.000000e+00,0.000000e+00,0.000000e+00,0.000000e+00,0.000000e+00,0.000000e+00,0.000000e+00
1.000000e+00,0.000000e+00,0.000000e+00,0.000000e+00,0.000000e+00,0.000000e+00,0.000000e+00,0.000000e+00,0.000000e+00,0.000000e+00,0.000000e+00,0.000000e+00,0.000000e+00,0.000000e+00,0.000000e+00
1.000000e+00,0.000000e+00,0.000000e+00,0.000000e+00,0.000000e+00,0.000000e+00,0.000000e+00,0.000000e+00,0.000000e+00,0.000000e+00,0.000000e+00,0.000000e+00,0.000000e+00,0.000000e+00,0.000000e+00
1.000000e+00,0.000000e+00,0.000000e+00,0.000000e+00,0.000000e+00,0.000000e+00,0.000000e+00,0.000000e+00,0.000000e+00,0.000000e+00,0.000000e+00,0.000000e+00,0.000000e+00,0.000000e+00,0.000000e+00
1.000000e+00,0.000000e+00,0.000000e+00,0.000000e+00,0.000000e+00,0.000000e+00,0.000000e+00,0.000000e+00,0.000000e+00,0.000000e+00,0.000000e+00,0.000000e+00,0.000000e+00,0.000000e+00,0.000000e+00
1.000000e+00,0.000000e+00,0.000000e+00,0.000000e+00,0.000000e+00,0.000000e+00,0.000000e+00,0.000000e+00,0.000000e+00,0.000000e+00,0.000000e+00,0.000000e+00,0.000000e+00,0.000000e+00,0.000000e+00
1.000000e+00,0.000000e+00,0.000000e+00,0.000000e+00,0.000000e+00,0.000000e+00,0.000000e+00,0.000000e+00,0.000000e+00,0.000000e+00,0.000000e+00,0.000000e+00,0.000000e+00,0.000000e+00,0.000000e+00
1.000000e+00,0.000000e+00,0.000000e+00,0.000000e+00,0.000000e+00,0.000000e+00,0.000000e+00,0.000000e+00,0.000000e+00,0.000000e+00,0.000000e+00,0.000000e+00,0.000000e+00,0.000000e+00,0.000000e+00
1.000000e+00,0.000000e+00,0.000000e+00,0.000000e+00,0.000000e+00,0.000000e+00,0.000000e+00,0.000000e+00,0.000000e+00,0.000000e+00,0.000000e+00,0.000000e+00,0.000000e+00,0.000000e+00,0.000000e+00
1.000000e+00,0.000000e+00,0.000000e+00,0.000000e+00,0.000000e+00,0.000000e+00,0.000000e+00,0.000000e+00,0.000000e+00,0.000000e+00,0.000000e+00,0.000000e+00,0.000000e+00,0.000000e+00,0.000000e+00
1.000000e+00,0.000000e+00,0.000000e+00,0.000000e+00,0.000000e+00,0.000000e+00,0.000000e+00,0.000000e+00,0.000000e+00,0.000000e+00,0.000000e+00,0.000000e+00,0.000000e+00,0.000000e+00,0.000000e+00
1.000000e+00,0.000000e+00,0.000000e+00,0.000000e+00,0.000000e+00,0.000000e+00,0.000000e+00,0.000000e+00,0.000000e+00,0.000000e+00,0.000000e+00,0.000000e+00,0.000000e+00,0.000000e+00,0.000000e+00
1.000000e+00,0.000000e+00,0.000000e+00,0.000000e+00,0.000000e+00,0.000000e+00,0.000000e+00,0.000000e+00,0.000000e+00,0.000000e+00,0.000000e+00,0.000000e+00,0.000000e+00,0.000000e+00,0.000000e+00
1.000000e+00,0.000000e+00,0.000000e+00,0.000000e+00,0.000000e+00,0.000000e+00,0.000000e+00,0.000000e+00,0.000000e+00,0.000000e+00,0.000000e+00,0.000000e+00,0.000000e+00,0.000000e+00,0.000000e+00
1.000000e+00,0.000000e+00,0.000000e+00,0.000000e+00,0.000000e+00,0.000000e+00,0.000000e+00,0.000000e+00,0.000000e+00,0.000000e+00,0.000000e+00,0.000000e+00,0.000000e+00,0.000000e+00,0.000000e+00
1.000000e+00,0.000000e+00,0.000000e+00,0.000000e+00,0.000000e+00,0.000000e+00,0.000000e+00,0.000000e+00,0.000000e+00,0.000000e+00,0.000000e+00,0.000000e+00,0.000000e+00,0.000000e+00,0.000000e+00
1.000000e+00,0.000000e+00,0.000000e+00,0.000000e+00,0.000000e+00,0.000000e+00,0.000000e+00,0.000000e+00,0.000000e+00,0.000000e+00,0.000000e+00,0.000000e+00,0.000000e+00,0.000000e+00,0.000000e+00
1.000000e+00,0.000000e+00,0.000000e+00,0.000000e+00,0.000000e+00,0.000000e+00,0.000000e+00,0.000000e+00,0.000000e+00,0.000000e+00,0.000000e+00,0.000000e+00,0.000000e+00,0.000000e+00,0.000000e+00
1.000000e+00,0.000000e+00,0.000000e+00,0.000000e+00,0.000000e+00,0.000000e+00,0.000000e+00,0.000000e+00,0.000000e+00,0.000000e+00,0.000000e+00,0.000000e+00,0.000000e+00,0.000000e+00,0.000000e+00
1.000000e+00,0.000000e+00,0.000000e+00,0.000000e+00,0.000000e+00,0.000000e+00,0.000000e+00,0.000000e+00,0.000000e+00,0.000000e+00,0.000000e+00,0.000000e+00,0.000000e+00,0.000000e+00,0.000000e+00
1.000000e+00,0.000000e+00,0.000000e+00,0.000000e+00,0.000000e+00,0.000000e+00,0.000000e+00,0.000000e+00,0.000000e+00,0.000000e+00,0.000000e+00,0.000000e+00,0.000000e+00,0.000000e+00,0.000000e+00
1.000000e+00,0.000000e+00,0.000000e+00,0.000000e+00,0.000000e+00,0.000000e+00,0.000000e+00,0.000000e+00,0.000000e+00,0.000000e+00,0.000000e+00,0.000000e+00,0.000000e+00,0.000000e+00,0.000000e+00
1.000000e+00,0.000000e+00,0.000000e+00,0.000000e+00,0.000000e+00,0.000000e+00,0.000000e+00,0.000000e+00,0.000000e+00,0.000000e+00,0.000000e+00,0.000000e+00,0.000000e+00,0.000000e+00,0.000000e+00
1.000000e+00,0.000000e+00,0.000000e+00,0.000000e+00,0.000000e+00,0.000000e+00,0.000000e+00,0.000000e+00,0.000000e+00,0.000000e+00,0.000000e+00,0.000000e+00,0.000000e+00,0.000000e+00,0.000000e+00
1.000000e+00,0.000000e+00,0.000000e+00,0.000000e+00,0.000000e+00,0.000000e+00,0.000000e+00,0.000000e+00,0.000000e+00,0.000000e+00,0.000000e+00,0.000000e+00,0.000000e+00,0.000000e+00,0.000000e+00
1.000000e+00,0.000000e+00,0.000000e+00,0.000000e+00,0.000000e+00,0.000000e+00,0.000000e+00,0.000000e+00,0.000000e+00,0.000000e+00,0.000000e+00,0.000000e+00,0.000000e+00,0.000000e+00,0.000000e+00
1.000000e+00,0.000000e+00,0.000000e+00,0.000000e+00,0.000000e+00,0.000000e+00,0.000000e+00,0.000000e+00,0.000000e+00,0.000000e+00,0.000000e+00,0.000000e+00,0.000000e+00,0.000000e+00,0.000000e+00
1.000000e+00,0.000000e+00,0.000000e+00,0.000000e+00,0.000000e+00,0.000000e+00,0.000000e+00,0.000000e+00,0.000000e+00,0.000000e+00,0.000000e+00,0.000000e+00,0.000000e+00,0.000000e+00,0.000000e+00
1.000000e+00,0.000000e+00,0.000000e+00,0.000000e+00,0.000000e+00,0.000000e+00,0.000000e+00,0.000000e+00,0.000000e+00,0.000000e+00,0.000000e+00,0.000000e+00,0.000000e+00,0.000000e+00,0.000000e+00
1.000000e+00,0.000000e+00,0.000000e+00,0.000000e+00,0.000000e+00,0.000000e+00,0.000000e+00,0.000000e+00,0.000000e+00,0.000000e+00,0.000000e+00,0.000000e+00,0.000000e+00,0.000000e+00,0.000000e+00
1.000000e+00,0.000000e+00,0.000000e+00,0.000000e+00,0.000000e+00,0.000000e+00,0.000000e+00,0.000000e+00,0.000000e+00,0.000000e+00,0.000000e+00,0.000000e+00,0.000000e+00,0.000000e+00,0.000000e+00
1.000000e+00,0.000000e+00,0.000000e+00,0.000000e+00,0.000000e+00,0.000000e+00,0.000000e+00,0.000000e+00,0.000000e+00,0.000000e+00,0.000000e+00,0.000000e+00,0.000000e+00,0.000000e+00,0.000000e+00
1.000000e+00,0.000000e+00,0.000000e+00,0.000000e+00,0.000000e+00,0.000000e+00,0.000000e+00,0.000000e+00,0.000000e+00,0.000000e+00,0.000000e+00,0.000000e+00,0.000000e+00,0.000000e+00,0.000000e+00
1.000000e+00,0.000000e+00,0.000000e+00,0.000000e+00,0.000000e+00,0.000000e+00,0.000000e+00,0.000000e+00,0.000000e+00,0.000000e+00,0.000000e+00,0.000000e+00,0.000000e+00,0.000000e+00,0.000000e+00
1.000000e+00,0.000000e+00,0.000000e+00,0.000000e+00,0.000000e+00,0.000000e+00,0.000000e+00,0.000000e+00,0.000000e+00,0.000000e+00,0.000000e+00,0.000000e+00,0.000000e+00,0.000000e+00,0.000000e+00
1.000000e+00,0.000000e+00,0.000000e+00,0.000000e+00,0.000000e+00,0.000000e+00,0.000000e+00,0.000000e+00,0.000000e+00,0.000000e+00,0.000000e+00,0.000000e+00,0.000000e+00,0.000000e+00,0.000000e+00
1.000000e+00,0.000000e+00,0.000000e+00,0.000000e+00,0.000000e+00,0.000000e+00,0.000000e+00,0.000000e+00,0.000000e+00,0.000000e+00,0.000000e+00,0.000000e+00,0.000000e+00,0.000000e+00,0.000000e+00
1.000000e+00,0.000000e+00,0.000000e+00,0.000000e+00,0.000000e+00,0.000000e+00,0.000000e+00,0.000000e+00,0.000000e+00,0.000000e+00,0.000000e+00,0.000000e+00,0.000000e+00,0.000000e+00,0.000000e+00
1.000000e+00,0.000000e+00,0.000000e+00,0.000000e+00,0.000000e+00,0.000000e+00,0.000000e+00,0.000000e+00,0.000000e+00,0.000000e+00,0.000000e+00,0.000000e+00,0.000000e+00,0.000000e+00,0.000000e+00
1.000000e+00,0.000000e+00,0.000000e+00,0.000000e+00,0.000000e+00,0.000000e+00,0.000000e+00,0.000000e+00,0.000000e+00,0.000000e+00,0.000000e+00,0.000000e+00,0.000000e+00,0.000000e+00,0.000000e+00
1.000000e+00,0.000000e+00,0.000000e+00,0.000000e+00,0.000000e+00,0.000000e+00,0.000000e+00,0.000000e+00,0.000000e+00,0.000000e+00,0.000000e+00,0.000000e+00,0.000000e+00,0.000000e+00,0.000000e+00
4.540676e-01,7.248850e-02,2.245656e-02,3.195098e-01,5.248089e-03,1.101327e-02,3.777677e-03,9.864931e-03,4.374462e-03,1.445582e-03,2.132063e-02,4.414233e-02,1.545573e-02,1.951972e-03,1.288280e-02
3.180549e-01,5.122366e-02,1.631266e-02,2.351284e-01,5.812846e-03,1.025725e-02,2.695738e-03,6.996491e-03,4.105133e-03,5.053810e-03,5.240741e-02,2.447505e-01,3.646854e-02,1.434651e-03,9.298057e-03
2.228052e-01,3.594861e-02,1.158359e-02,1.729128e-01,9.382134e-03,7.584094e-03,1.920185e-03,4.975396e-03,4.657995e-03,5.327516e-03,6.328321e-02,4.221994e-01,2.952427e-02,1.163130e-03,6.732489e-03
1.561303e-01,2.521727e-02,8.148097e-03,1.215477e-01,1.870652e-02,6.710368e-03,1.436567e-03,3.553442e-03,8.075662e-03,3.937359e-03,4.723347e-02,5.696843e-01,2.393991e-02,8.556605e-04,4.823347e-03
1.094074e-01,1.767341e-02,5.720859e-03,8.531124e-02,1.364464e-02,7.668146e-03,1.081882e-03,2.501096e-03,6.305561e-03,2.839362e-03,3.366430e-02,6.915874e-01,1.850050e-02,6.494073e-04,3.444795e-03
7.683215e-02,1.241286e-02,4.023158e-03,5.980063e-02,1.038654e-02,2.800236e-02,8.446195e-04,1.790672e-03,5.126213e-03,2.121744e-03,2.696692e-02,7.463947e-01,2.125598e-02,1.533188e-03,2.508337e-03
5.396196e-02,8.758578e-03,2.835071e-03,4.199275e-02,7.627580e-03,3.300463e-02,6.231192e-04,1.408942e-03,5.988303e-03,1.960386e-03,2.226155e-02,7.905600e-01,2.562536e-02,1.583874e-03,1.807888e-03
3.794683e-02,6.153886e-03,2.003120e-03,2.949880e-02,5.951245e-03,3.848931e-02,4.575394e-04,1.060985e-03,5.337547e-03,1.659268e-03,2.084123e-02,8.262013e-01,2.174082e-02,1.371104e-03,1.287038e-03
2.673684e-02,4.332804e-03,1.416416e-03,2.071962e-02,4.583849e-03,3.551982e-02,4.283981e-04,7.850992e-04,5.529398e-03,1.482150e-03,1.868945e-02,8.530455e-01,2.442411e-02,1.391600e-03,9.150008e-04
1.898852e-02,3.104713e-03,1.033202e-03,1.460306e-02,3.527826e-03,3.414151e-02,4.107206e-04,5.968415e-04,7.763009e-03,1.593663e-03,1.580618e-02,8.707640e-01,2.522723e-02,1.783642e-03,6.558750e-04
1.354532e-02,2.250506e-03,7.906337e-04,1.029892e-02,2.698612e-03,9.267351e-02,3.673898e-04,4.853873e-04,7.910248e-03,1.605494e-03,1.271727e-02,8.275879e-01,2.513325e-02,1.451945e-03,4.836304e-04
9.555896e-03,1.676259e-03,5.615950e-04,7.216552e-03,1.903965e-03,1.167569e-01,2.743918e-04,3.605072e-04,6.678615e-03,1.429315e-03,9.609826e-03,8.010748e-01,4.139126e-02,1.157174e-03,3.530162e-04
6.741515e-03,1.219010e-03,4.011698e-04,5.059362e-03,1.345023e-03,9.494316e-02,2.057092e-04,2.681256e-04,6.336643e-03,1.182997e-03,8.032690e-03,8.248011e-01,4.831946e-02,8.841751e-04,2.597954e-04
4.841952e-03,1.011593e-03,2.969644e-04,3.553557e-03,1.197182e-03,7.153453e-02,1.567935e-04,2.551361e-04,1.607208e-02,9.505745e-04,6.123120e-03,8.526356e-01,4.051118e-02,6.648492e-04,1.948354e-04
3.547857e-03,8.453876e-04,2.431483e-04,2.499630e-03,1.014241e-03,5.464577e-02,1.237310e-04,2.424861e-04,1.552293e-02,7.780837e-04,4.668895e-03,8.825109e-01,3.271464e-02,4.909087e-04,1.513362e-04
2.739312e-03,6.917780e-04,2.336249e-04,1.764480e-03,9.201166e-04,4.065778e-02,1.368172e-04,4.997890e-04,1.261673e-02,6.716494e-04,3.555402e-03,9.100114e-01,2.501122e-02,3.715298e-04,1.182859e-04
4.592995e-03,7.552257e-04,4.013678e-04,1.249318e-03,1.406395e-03,2.940471e-02,6.755588e-04,2.889472e-03,1.090036e-02,5.705902e-04,2.662936e-03,9.258717e-01,1.821516e-02,2.899298e-04,1.141532e-04
1.242292e-02,9.434308e-04,2.848784e-03,1.026565e-03,4.706731e-03,2.272136e-02,6.001877e-03,6.701203e-02,1.102716e-02,5.349654e-04,2.089410e-03,8.545477e-01,1.356989e-02,4.202402e-04,1.268854e-04
3.736498e-02,1.006210e-03,1.213025e-02,1.744780e-03,5.421598e-03,3.466734e-02,8.273489e-03,7.306964e-02,9.238532e-03,5.650604e-04,2.036509e-03,8.033383e-01,1.027185e-02,5.906028e-04,2.808349e-04
6.217649e-02,2.024109e-03,1.580693e-02,5.968855e-03,1.073039e-02,3.948899e-02,1.044431e-02,5.854933e-02,8.281856e-03,7.022886e-04,2.796930e-03,7.721169e-01,8.923747e-03,6.478557e-04,1.341037e-03
7.886155e-02,1.451586e-02,6.212978e-02,2.164016e-02,1.150233e-02,5.202325e-02,1.496296e-02,5.113821e-02,1.964166e-02,3.842245e-03,3.430550e-03,6.453406e-01,1.418912e-02,8.052397e-04,5.976468e-03
1.015693e-01,1.811797e-02,6.092296e-02,7.044639e-02,4.066942e-02,4.347773e-02,1.849381e-02,3.875224e-02,3.279899e-02,3.485481e-03,7.413743e-03,5.393745e-01,1.512350e-02,1.100286e-03,8.253710e-03
1.147913e-01,2.050477e-02,4.561222e-02,6.079731e-02,6.345114e-02,3.856006e-02,2.792643e-02,3.293606e-02,6.584102e-02,2.793030e-03,7.327933e-03,4.970689e-01,1.469126e-02,9.885175e-04,6.710050e-03
1.200465e-01,1.933621e-02,3.737832e-02,4.796623e-02,9.806567e-02,3.622179e-02,5.082482e-02,5.935039e-02,6.678857e-02,2.254404e-03,7.073264e-03,4.337739e-01,1.470394e-02,1.084974e-03,5.130948e-03
1.160029e-01,1.630442e-02,2.780795e-02,3.765386e-02,9.917367e-02,3.089209e-02,4.606954e-02,1.840048e-01,6.114829e-02,1.754805e-03,5.971700e-03,3.554983e-01,1.281647e-02,1.069765e-03,3.831373e-03
1.134541e-01,1.795744e-02,2.592649e-02,3.010944e-02,9.838136e-02,4.102954e-02,4.571219e-02,2.177656e-01,6.802562e-02,1.856093e-03,6.012970e-03,3.019668e-01,2.674750e-02,1.308197e-03,3.746704e-03
1.375520e-01,2.079531e-02,2.201770e-02,2.558358e-02,9.133586e-02,5.699696e-02,4.208635e-02,1.697053e-01,6.951811e-02,2.175888e-03,7.372031e-03,3.037116e-01,4.484280e-02,1.863838e-03,4.442770e-03
1.268729e-01,6.037823e-02,2.472220e-02,5.500106e-02,1.108361e-01,5.248178e-02,4.370421e-02,1.369671e-01,9.304854e-02,3.762338e-03,6.252629e-03,2.228136e-01,4.925542e-02,1.661101e-03,1.224290e-02
1.156351e-01,6.016053e-02,2.420109e-02,5.586603e-02,8.922687e-02,4.707155e-02,3.410622e-02,1.074088e-01,8.668767e-02,4.336755e-03,6.457212e-03,1.655207e-01,1.767576e-01,1.471052e-03,2.509291e-02
1.114326e-01,4.536549e-02,1.919862e-02,4.472964e-02,7.554103e-02,4.401768e-02,2.557867e-02,7.982482e-02,6.491267e-02,3.222941e-03,5.264243e-03,1.183509e-01,3.405520e-01,1.109321e-03,2.089937e-02
1.735927e-01,3.456224e-02,1.684196e-02,3.386442e-02,5.851607e-02,3.696720e-02,2.046510e-02,6.205410e-02,5.164003e-02,2.462372e-03,4.243404e-03,8.553816e-02,3.933846e-01,9.660169e-04,2.490165e-02
2.260659e-01,2.589671e-02,1.399259e-02,2.457615e-02,4.309480e-02,3.379851e-02,1.570672e-02,4.441139e-02,3.842309e-02,2.050204e-03,3.865195e-03,6.233020e-02,4.404354e-01,1.574512e-03,2.377859e-02
1.992507e-01,1.975433e-02,1.035771e-02,1.761329e-02,3.121971e-02,3.719843e-02,1.281921e-02,3.143817e-02,2.827204e-02,2.190746e-03,6.219890e-03,5.096445e-02,5.290539e-01,2.098464e-03,2.154901e-02
1.420042e-01,1.423521e-02,7.360946e-03,1.262094e-02,2.225246e-02,3.010276e-02,9.157114e-03,2.201251e-02,2.016062e-02,1.176362e-02,1.062978e-02,4.929028e-02,6.254064e-01,2.046476e-03,2.095667e-02
1.011920e-01,1.043464e-02,5.513034e-03,9.183187e-03,1.599670e-02,2.426581e-02,6.658156e-03,1.541620e-02,1.486551e-02,4.017660e-02,1.594605e-02,4.625233e-02,6.620062e-01,2.702427e-03,2.939121e-02
7.286242e-02,7.843115e-03,4.603811e-03,6.857400e-03,1.151113e-02,1.883343e-02,5.001063e-03,1.081382e-02,1.193572e-02,1.779153e-01,1.739301e-02,4.209254e-02,5.075842e-01,3.401784e-03,1.013513e-01
5.116763e-02,5.789774e-03,3.273548e-03,4.862069e-03,8.116892e-03,1.326828e-02,3.532499e-03,7.571337e-03,9.048895e-03,3.693575e-01,1.424075e-02,3.520411e-02,3.892387e-01,2.884418e-03,8.244365e-02
3.585654e-02,4.107946e-03,2.303289e-03,3.633903e-03,5.713820e-03,9.372912e-03,2.477641e-03,5.302660e-03,1.100882e-02,5.225214e-01,1.172776e-02,2.692509e-02,2.916993e-01,2.341251e-03,6.500767e-02
2.511990e-02,2.896685e-03,1.616450e-03,2.791406e-03,4.009967e-03,6.641582e-03,1.735906e-03,3.714042e-03,1.705525e-02,6.463213e-01,9.338463e-03,2.071634e-02,2.063606e-01,1.687558e-03,4.999458e-02
1.760734e-02,2.155751e-03,1.146501e-03,2.086934e-03,2.847318e-03,4.771580e-03,1.216042e-03,2.605679e-03,1.994529e-02,7.312360e-01,8.838375e-03,1.724626e-02,1.468107e-01,1.231064e-03,4.025510e-02
1.236864e-02,1.621502e-03,8.110484e-04,1.544025e-03,2.011870e-03,3.551268e-03,8.531989e-04,1.828183e-03,1.673549e-02,7.910306e-01,1.205078e-02,1.508315e-02,1.055240e-01,1.107972e-03,3.387829e-02
8.716041e-03,1.360622e-03,5.937738e-04,1.564789e-03,1.536899e-03,2.896068e-03,6.334262e-04,1.333661e-03,3.107426e-02,8.068247e-01,1.456180e-02,2.302467e-02,7.864626e-02,1.173962e-03,2.605907e-02
6.251351e-03,1.579471e-03,4.528139e-04,1.447178e-03,1.695569e-03,2.200463e-03,4.561791e-04,1.035434e-03,6.449508e-02,7.657954e-01,3.581862e-02,3.004697e-02,6.453421e-02,1.284352e-03,2.290693e-02
4.598266e-03,1.680779e-03,5.246234e-04,3.225448e-03,1.797986e-03,4.903508e-03,3.800919e-04,1.493867e-03,1.167957e-01,7.039468e-01,3.957341e-02,4.570686e-02,5.424755e-02,1.773900e-03,1.935119e-02
3.596776e-03,2.421437e-03,6.055175e-04,5.462691e-03,2.822958e-03,6.640274e-03,3.183515e-04,1.705334e-03,1.536265e-01,6.422496e-01,4.003167e-02,7.223989e-02,4.517537e-02,4.120699e-03,1.898290e-02
3.393122e-03,3.880532e-03,2.417208e-03,4.793222e-03,4.044662e-03,1.792561e-02,4.035393e-04,4.710006e-03,1.691794e-01,5.853465e-01,6.797175e-02,6.807749e-02,4.816917e-02,4.792810e-03,1.489502e-02
4.367463e-03,1.230949e-02,5.245126e-03,5.562034e-03,5.858167e-03,1.847639e-02,4.304202e-04,8.398770e-03,2.033556e-01,5.662082e-01,5.565135e-02,4.986699e-02,3.585248e-02,1.194607e-02,1.647148e-02
5.786763e-03,3.059053e-02,1.408261e-02,6.175659e-03,9.413230e-03,1.981100e-02,3.862140e-04,1.570954e-02,2.507397e-01,5.153437e-01,4.271395e-02,3.556105e-02,2.589290e-02,1.165120e-02,1.614204e-02
8.563176e-03,5.542815e-02,2.109994e-02,6.456986e-03,2.266980e-02,2.304253e-02,4.756717e-04,3.832310e-02,2.565337e-01,4.614109e-01,3.142192e-02,2.515170e-02,1.850259e-02,1.510400e-02,1.581589e-02
1.298461e-02,7.977675e-02,2.467499e-02,7.782088e-03,3.309416e-02,2.681259e-02,1.077378e-03,9.490772e-02,2.489374e-01,3.874429e-01,2.309502e-02,1.800692e-02,1.345224e-02,1.397470e-02,1.398064e-02
1.936184e-02,1.284923e-01,5.758309e-02,7.686859e-03,2.990016e-02,2.181769e-02,2.957380e-03,1.475492e-01,2.183492e-01,2.929989e-01,1.938674e-02,1.280511e-02,1.025883e-02,1.780882e-02,1.304387e-02
2.175663e-02,2.261232e-01,6.070934e-02,6.080385e-03,2.882070e-02,1.958388e-02,3.368015e-03,1.561525e-01,1.891989e-01,2.259418e-01,1.419119e-02,9.163039e-03,8.673886e-03,1.723008e-02,1.300643e-02
3.108571e-02,2.620678e-01,5.876448e-02,5.033809e-03,2.995752e-02,2.000209e-02,3.690857e-03,1.808633e-01,1.768856e-01,1.696559e-01,1.068731e-02,6.868517e-03,8.946910e-03,2.290469e-02,1.258552e-02
3.201422e-02,2.156580e-01,6.333300e-02,5.603490e-03,4.381089e-02,1.741453e-02,5.646930e-03,2.736635e-01,1.715596e-01,1.203021e-01,7.705715e-03,4.926779e-03,7.459084e-03,2.128806e-02,9.614138e-03
3.988677e-02,2.198722e-01,5.840501e-02,6.416338e-03,5.514286e-02,1.559765e-02,6.785532e-03,2.902160e-01,1.723494e-01,8.627948e-02,5.728488e-03,3.627106e-03,6.037285e-03,2.529879e-02,8.357136e-03
6.394301e-02,2.271269e-01,5.365437e-02,5.830128e-03,4.523501e-02,1.580587e-02,9.245790e-03,2.764946e-01,1.832387e-01,6.327632e-02,5.440934e-03,3.816711e-03,5.705838e-03,3.301781e-02,8.168054e-03
8.689306e-02,2.238824e-01,4.593943e-02,5.186626e-03,3.602029e-02,1.705616e-02,2.246294e-02,2.576929e-01,1.961386e-01,4.548075e-02,5.082518e-03,3.988063e-03,6.604997e-03,3.892510e-02,8.646159e-03
9.135160e-02,1.822974e-01,4.679193e-02,4.456109e-03,2.826593e-02,1.455677e-02,2.933107e-02,3.251631e-01,1.905485e-01,3.357445e-02,3.926387e-03,3.576409e-03,7.493818e-03,3.049828e-02,8.168301e-03
9.297644e-02,1.334327e-01,4.975990e-02,4.013848e-03,2.049879e-02,5.984026e-02,2.287403e-02,2.360978e-01,1.376200e-01,1.803274e-01,1.384622e-02,7.845819e-03,5.953511e-03,2.489049e-02,1.002277e-02
7.170323e-02,9.481152e-02,4.080882e-02,4.139136e-03,1.507822e-02,6.348683e-02,1.794337e-02,1.666518e-01,9.769607e-02,3.640884e-01,1.236947e-02,1.631866e-02,6.773495e-03,1.865761e-02,9.473448e-03
6.537955e-02,6.664054e-02,3.005837e-02,3.932558e-03,1.083431e-02,5.079950e-02,1.781374e-02,1.172270e-01,6.938557e-02,4.281719e-01,1.902388e-02,9.308253e-02,5.387526e-03,1.475567e-02,7.507381e-03
4.869865e-02,4.776499e-02,2.196435e-02,4.363607e-03,9.016565e-03,4.008925e-02,1.655461e-02,8.285350e-02,4.910365e-02,3.396804e-01,6.175572e-02,2.555984e-01,4.390401e-03,1.246877e-02,5.697105e-03
3.761823e-02,3.388949e-02,1.602511e-02,4.600605e-03,7.226974e-03,3.112912e-02,1.351241e-02,5.913766e-02,3.583442e-02,2.564599e-01,1.312545e-01,3.537513e-01,3.404719e-03,1.184341e-02,4.312252e-03
2.651310e-02,2.383998e-02,1.144669e-02,3.618104e-03,5.416842e-03,2.242076e-02,9.519194e-03,4.148066e-02,2.640207e-02,1.822283e-01,1.635464e-01,4.664758e-01,2.633793e-03,1.127538e-02,3.182946e-03
1.921656e-02,1.689981e-02,8.326937e-03,2.825507e-03,4.448168e-03,1.667012e-02,6.754404e-03,2.912932e-02,1.913148e-02,1.340781e-01,2.031353e-01,5.155216e-01,2.229439e-03,1.922551e-02,2.407722e-03
1.365058e-02,1.211560e-02,6.316631e-03,2.127929e-03,3.656810e-03,1.273058e-02,4.950990e-03,2.047058e-02,1.456426e-02,9.598585e-02,1.872527e-01,6.024094e-01,1.897334e-03,1.993186e-02,1.938991e-03
9.646170e-03,9.090859e-03,4.842746e-03,1.646383e-03,5.232925e-03,9.622398e-03,3.833386e-03,1.443720e-02,1.114031e-02,6.839947e-02,2.827473e-01,5.481405e-01,2.163382e-03,2.742703e-02,1.629955e-03
6.846881e-03,7.631558e-03,4.522071e-03,1.261770e-03,6.561325e-03,7.537732e-03,2.882018e-03,1.021951e-02,1.085733e-02,5.030951e-02,3.024085e-01,5.478410e-01,1.862309e-03,3.734175e-02,1.916861e-03
4.942720e-03,5.644895e-03,4.246662e-03,9.684223e-04,7.039967e-03,6.548022e-03,2.296229e-03,7.380250e-03,8.692649e-03,3.738967e-02,4.081904e-01,4.472504e-01,1.747422e-03,5.606687e-02,1.595409e-03
3.640220e-03,5.316947e-03,3.946735e-03,7.381547e-04,7.500058e-03,5.814311e-03,1.731024e-03,5.254861e-03,7.988395e-03,3.564126e-02,4.611949e-01,3.718162e-01,1.487576e-03,8.656394e-02,1.365435e-03
2.662021e-03,3.988355e-03,2.950541e-03,5.407553e-04,5.876341e-03,4.325041e-03,1.232455e-03,3.693306e-03,6.925209e-03,3.139577e-02,5.788941e-01,2.806039e-01,1.300666e-03,7.442593e-02,1.185586e-03
2.065652e-03,3.081355e-03,2.169177e-03,3.912492e-04,4.438680e-03,3.369130e-03,8.908544e-04,2.598646e-03,5.345637e-03,3.061393e-02,6.595620e-01,2.080728e-01,1.334168e-03,7.503243e-02,1.034293e-03
1.788747e-03,3.199379e-03,2.081493e-03,3.343989e-04,4.656777e-03,2.968494e-03,9.049865e-04,1.934876e-03,4.944196e-03,3.558286e-02,6.955081e-01,1.623373e-01,1.318704e-03,8.096225e-02,1.477463e-03
1.631657e-03,2.595762e-03,1.709507e-03,2.543788e-04,3.760721e-03,2.385910e-03,6.763227e-04,1.417781e-03,4.112867e-03,2.745760e-02,7.444960e-01,1.229284e-01,1.105053e-03,8.341502e-02,2.053029e-03
1.981233e-03,3.464461e-03,4.459768e-03,2.721836e-04,5.985915e-03,2.393242e-03,7.211881e-04,1.461083e-03,6.062034e-03,3.055474e-02,7.193971e-01,1.137255e-01,8.730910e-04,1.047408e-01,3.907758e-03
2.797320e-03,3.118665e-03,6.431653e-03,3.560390e-04,5.251291e-03,1.308565e-02,9.576952e-04,2.330510e-03,8.269656e-03,4.433218e-02,6.920013e-01,9.899852e-02,7.958281e-04,1.164740e-01,4.799729e-03
5.820859e-03,2.693341e-03,6.787827e-03,3.303639e-04,4.262856e-03,1.266471e-02,8.768571e-04,2.804732e-03,1.052696e-02,6.360693e-02,6.966898e-01,7.186506e-02,6.798481e-04,1.158033e-01,4.586631e-03
9.555148e-03,4.457004e-03,2.039352e-02,4.379509e-04,4.227621e-03,1.591879e-02,8.609704e-04,3.197863e-03,1.310808e-02,9.131773e-02,6.567413e-01,5.110122e-02,5.789772e-04,1.228113e-01,5.292617e-03
1.416026e-02,3.666176e-03,7.831767e-02,1.785460e-03,3.822183e-03,2.236285e-02,1.940287e-03,1.288170e-02,2.791404e-02,8.622848e-02,5.947221e-01,3.675926e-02,7.910106e-04,1.091185e-01,5.530089e-03
2.756520e-02,2.975063e-03,8.375170e-02,1.566709e-03,3.145261e-03,4.077112e-02,2.006249e-03,9.987211e-03,3.530397e-02,7.889687e-02,5.546782e-01,2.628502e-02,1.076365e-03,1.242811e-01,7.709943e-03
3.281711e-02,2.577640e-03,6.919952e-02,1.429688e-03,3.079502e-03,7.564879e-02,1.771019e-03,7.518278e-03,3.210208e-02,6.784371e-02,5.459772e-01,1.948448e-02,1.387769e-03,1.302538e-01,8.909435e-03
6.287459e-02,2.111989e-03,5.140188e-02,1.477403e-03,2.708676e-03,6.734748e-02,1.366896e-03,5.545306e-03,3.107293e-02,8.528941e-02,4.767394e-01,1.474978e-02,1.288533e-03,1.860140e-01,1.001167e-02
9.782024e-02,2.591479e-03,5.582459e-02,5.037364e-03,3.670984e-03,6.639386e-02,1.349571e-03,5.195306e-03,3.482521e-02,9.786174e-02,4.041448e-01,1.494917e-02,1.557850e-03,1.952195e-01,1.355830e-02
1.134512e-01,5.253747e-03,6.169532e-02,1.301059e-02,1.105931e-02,7.732143e-02,2.603131e-03,9.257718e-03,3.578176e-02,1.106952e-01,3.331970e-01,1.755791e-02,1.516649e-03,1.942573e-01,1.334165e-02
1.149964e-01,1.259913e-02,1.263013e-01,1.678684e-02,2.465107e-02,7.159083e-02,2.607446e-03,7.558940e-03,2.751487e-02,9.155259e-02,2.944991e-01,1.894738e-02,1.377565e-03,1.773236e-01,1.169287e-02
1.353176e-01,2.640610e-02,9.970456e-02,1.730212e-02,5.586677e-02,8.344831e-02,2.006537e-03,6.595332e-03,2.521390e-02,7.148142e-02,2.945962e-01,1.786130e-02,1.635748e-03,1.521234e-01,1.044071e-02
1.645816e-01,3.715547e-02,8.917248e-02,3.759896e-02,7.831933e-02,9.567364e-02,1.695356e-03,6.285571e-03,2.199484e-02,5.684407e-02,2.493786e-01,2.387583e-02,2.383907e-03,1.228781e-01,1.216214e-02
1.865034e-01,4.933211e-02,9.022288e-02,5.402958e-02,9.039585e-02,9.964769e-02,1.393706e-03,6.487900e-03,1.985033e-02,4.478107e-02,2.167050e-01,2.799281e-02,2.761916e-03,9.699561e-02,1.290012e-02
1.729268e-01,8.730558e-02,7.048342e-02,9.028786e-02,1.237678e-01,1.105088e-01,1.182054e-03,7.430495e-03,1.638636e-02,3.248586e-02,1.605025e-01,2.846922e-02,4.240605e-03,7.769674e-02,1.632598e-02
1.716948e-01,7.396039e-02,5.579759e-02,6.667495e-02,9.433411e-02,1.848450e-01,1.062546e-03,5.817725e-03,1.212125e-02,2.422738e-02,1.746856e-01,5.672783e-02,3.430946e-03,6.071828e-02,1.390164e-02
1.218397e-01,5.227433e-02,3.931203e-02,4.706752e-02,6.617949e-02,1.381001e-01,7.672810e-04,4.089858e-03,8.610714e-03,1.708435e-02,3.625849e-01,8.608183e-02,2.494947e-03,4.310965e-02,1.040331e-02
9.178192e-02,3.829952e-02,2.781447e-02,3.392386e-02,4.714667e-02,1.101146e-01,7.028946e-04,2.986500e-03,6.303522e-03,1.224409e-02,4.527720e-01,1.334895e-01,1.937999e-03,3.095564e-02,9.526787e-03
6.697120e-02,2.747981e-02,1.971044e-02,2.410302e-02,3.360981e-02,8.428463e-02,5.853503e-04,2.199892e-03,4.606745e-03,8.792805e-03,4.620726e-01,2.341481e-01,1.635586e-03,2.238698e-02,7.413009e-03
4.814693e-02,2.068523e-02,1.409428e-02,1.716208e-02,2.541329e-02,6.363492e-02,8.776928e-04,1.722981e-03,3.967582e-03,6.776670e-03,4.307649e-01,3.420939e-01,1.512870e-03,1.621433e-02,6.932320e-03
3.423420e-02,1.642001e-02,1.053659e-02,1.214987e-02,2.096475e-02,5.127262e-02,1.399224e-03,1.322034e-03,3.290613e-03,5.474271e-03,3.471548e-01,4.763345e-01,1.267889e-03,1.194552e-02,6.233087e-03
2.568357e-02,1.248228e-02,1.174173e-02,8.873143e-03,1.897958e-02,4.049812e-02,2.930821e-03,9.215346e-03,2.695003e-03,4.338303e-03,2.547185e-01,5.933365e-01,1.032592e-03,8.805588e-03,4.668905e-03
1.944672e-02,9.439298e-03,1.014777e-02,6.799671e-03,3.103001e-02,3.262150e-02,8.743558e-03,2.092091e-02,2.590772e-03,3.252941e-03,1.837941e-01,6.603839e-01,8.544596e-04,6.620675e-03,3.353743e-03
1.477740e-02,6.958054e-03,8.031107e-03,5.003860e-03,3.285776e-02,2.740065e-02,1.087807e-02,1.995824e-02,2.385864e-03,2.503195e-03,1.370040e-01,7.238649e-01,7.636523e-04,5.190015e-03,2.423289e-03
1.231219e-02,8.321549e-03,9.170680e-03,3.778483e-03,6.286909e-02,9.345355e-02,3.007368e-02,1.787174e-02,2.071832e-03,2.347778e-03,1.044302e-01,6.467078e-01,6.553903e-04,4.126397e-03,1.809725e-03
1.124654e-02,6.276264e-03,6.897862e-03,2.744681e-03,5.207280e-02,8.463379e-02,3.408702e-02,1.469842e-02,2.012287e-03,2.695646e-03,1.331537e-01,6.430639e-01,9.267997e-04,4.022479e-03,1.467792e-03
1.102832e-02,5.328762e-03,5.787056e-03,2.201050e-03,8.469145e-02,7.468281e-02,5.979081e-02,1.635109e-02,1.822730e-03,2.257493e-03,1.625890e-01,5.681316e-01,9.873282e-04,3.164835e-03,1.185677e-03
1.254429e-02,4.219223e-03,5.688800e-03,1.834437e-03,1.213275e-01,5.512379e-02,5.498310e-02,2.395260e-02,2.148816e-03,3.002669e-03,2.081572e-01,4.999143e-01,2.128990e-03,4.071461e-03,9.028824e-04
1.526720e-02,3.512450e-03,5.251938e-03,1.369431e-03,2.711068e-01,4.553105e-02,4.637644e-02,2.082703e-02,4.658887e-03,3.368516e-03,1.891834e-01,3.866070e-01,2.792635e-03,3.415901e-03,7.313839e-04
2.205877e-02,3.921654e-03,8.747093e-03,1.423294e-03,2.754835e-01,3.989455e-02,4.053536e-02,5.301036e-02,2.407967e-02,6.360243e-03,1.792022e-01,3.371449e-01,4.154003e-03,3.216838e-03,7.676352e-04
2.739293e-02,5.361888e-03,9.131069e-03,1.319716e-03,3.341072e-01,3.737100e-02,3.036964e-02,4.602529e-02,3.507146e-02,6.978556e-03,1.896156e-01,2.682253e-01,4.526427e-03,3.517502e-03,9.863434e-04
4.931188e-02,5.036389e-03,1.927570e-02,3.158633e-03,3.112511e-01,3.579510e-02,2.617681e-02,1.210561e-01,2.771199e-02,1.020050e-02,1.856823e-01,1.961480e-01,3.861548e-03,3.440102e-03,1.893891e-03
6.861335e-02,5.674252e-03,2.633531e-02,8.742053e-03,2.819264e-01,3.599594e-02,1.992362e-02,1.301305e-01,2.266436e-02,2.291422e-02,2.136761e-01,1.529017e-01,3.906573e-03,4.116652e-03,2.479039e-03
6.804349e-02,5.493557e-03,2.211769e-02,7.620721e-03,2.280468e-01,3.220739e-02,1.425597e-02,9.715287e-02,1.823621e-02,2.672511e-02,3.502375e-01,1.198644e-01,3.930829e-03,3.599908e-03,2.467603e-03
6.439959e-02,5.392373e-03,2.222311e-02,5.994992e-03,1.891305e-01,2.756481e-02,1.007015e-02,6.935622e-02,1.701522e-02,2.423109e-02,4.617856e-01,9.281173e-02,3.403596e-03,4.474342e-03,2.146781e-03
6.234434e-02,5.362940e-03,2.000672e-02,5.040405e-03,1.731602e-01,2.542398e-02,7.188451e-03,5.036795e-02,1.643528e-02,2.296671e-02,5.266938e-01,7.533902e-02,3.013755e-03,4.782650e-03,1.873815e-03
6.675555e-02,6.537615e-03,1.756234e-02,4.113781e-03,1.340106e-01,3.111431e-02,5.215466e-03,3.592696e-02,3.430010e-02,2.247117e-02,5.480564e-01,8.185555e-02,3.097659e-03,6.301412e-03,2.681192e-03
1.036092e-01,6.487567e-03,1.340345e-02,3.348852e-03,1.038596e-01,3.067375e-02,3.895550e-03,2.562255e-02,3.638183e-02,2.824703e-02,5.327427e-01,9.680324e-02,3.089580e-03,8.610366e-03,3.224711e-03
1.830482e-01,7.348851e-03,9.821980e-03,3.382420e-03,7.562058e-02,3.381439e-02,3.198940e-03,1.884769e-02,3.725842e-02,3.562312e-02,4.782848e-01,9.552956e-02,3.427657e-03,9.601827e-03,5.191633e-03
3.000415e-01,6.453027e-03,7.349725e-03,5.015514e-03,6.040459e-02,2.831771e-02,2.925449e-03,1.498602e-02,3.858424e-02,3.320768e-02,3.945229e-01,8.930670e-02,3.724942e-03,9.712481e-03,5.447520e-03
3.819266e-01,6.155631e-03,5.534106e-03,5.840029e-03,4.658571e-02,2.501854e-02,2.751353e-03,1.178572e-02,4.151708e-02,3.300945e-02,3.147689e-01,1.035690e-01,4.414008e-03,1.119802e-02,5.925749e-03
4.820098e-01,5.994121e-03,4.310071e-03,7.465716e-03,3.700241e-02,2.158643e-02,3.360843e-03,1.004674e-02,3.956070e-02,2.732882e-02,2.442181e-01,9.412783e-02,5.396006e-03,1.031704e-02,7.275400e-03
1.000000e+00,0.000000e+00,0.000000e+00,0.000000e+00,0.000000e+00,0.000000e+00,0.000000e+00,0.000000e+00,0.000000e+00,0.000000e+00,0.000000e+00,0.000000e+00,0.000000e+00,0.000000e+00,0.000000e+00
1.000000e+00,0.000000e+00,0.000000e+00,0.000000e+00,0.000000e+00,0.000000e+00,0.000000e+00,0.000000e+00,0.000000e+00,0.000000e+00,0.000000e+00,0.000000e+00,0.000000e+00,0.000000e+00,0.000000e+00
1.000000e+00,0.000000e+00,0.000000e+00,0.000000e+00,0.000000e+00,0.000000e+00,0.000000e+00,0.000000e+00,0.000000e+00,0.000000e+00,0.000000e+00,0.000000e+00,0.000000e+00,0.000000e+00,0.000000e+00
4.417091e-01,1.104706e-02,4.253637e-03,1.504417e-02,1.930994e-02,1.799694e-01,4.649924e-03,1.657780e-02,3.302574e-02,7.724386e-02,7.690262e-02,7.108777e-02,8.768706e-03,9.314505e-03,3.109577e-02
3.157384e-01,1.058563e-02,3.190319e-03,1.578452e-02,1.427014e-02,2.058100e-01,3.531523e-03,1.219145e-02,8.488823e-02,8.150781e-02,8.097975e-02,5.331495e-02,1.301191e-02,1.282324e-02,9.237216e-02
2.237138e-01,8.818577e-03,2.436151e-03,1.258655e-02,1.054845e-02,1.468589e-01,2.540405e-03,8.674820e-03,9.062473e-02,6.408242e-02,5.915454e-02,3.785251e-02,1.083321e-02,1.163285e-02,3.096421e-01
1.586620e-01,6.453309e-03,1.853288e-03,1.042925e-02,8.511487e-03,1.066399e-01,1.990922e-03,6.234508e-03,9.250464e-02,4.546542e-02,4.439415e-02,2.827664e-02,9.089726e-03,1.118712e-02,4.683076e-01
1.117119e-01,4.685679e-03,1.400188e-03,7.641332e-03,6.770330e-03,7.620113e-02,1.503977e-03,4.469453e-03,8.257627e-02,3.239783e-02,3.258759e-02,2.073524e-02,8.226712e-03,8.941803e-03,6.001506e-01
7.831919e-02,3.295869e-03,9.886692e-04,5.501584e-03,4.998807e-03,5.454795e-02,1.075702e-03,3.146871e-03,6.443259e-02,2.311782e-02,2.451582e-02,1.647678e-02,6.803105e-03,7.681348e-03,7.050979e-01
5.498830e-02,2.350796e-03,8.028377e-04,4.434756e-03,1.131248e-02,4.108913e-02,7.705026e-04,2.525637e-03,4.960094e-02,1.640808e-02,2.118947e-02,2.117880e-02,1.015219e-02,5.705539e-03,7.574906e-01
3.894275e-02,1.677273e-03,6.153077e-04,4.089104e-03,1.378699e-02,4.455983e-02,5.601151e-04,1.815878e-03,3.527565e-02,1.215782e-02,1.866574e-02,2.171661e-02,1.237853e-02,4.272950e-03,7.894855e-01
2.772656e-02,1.236051e-03,5.363821e-04,4.302395e-03,2.855804e-02,4.051223e-02,4.117674e-04,1.392380e-03,2.538348e-02,1.072869e-02,2.029781e-02,3.102400e-02,1.672081e-02,3.686637e-03,7.874827e-01
1.989424e-02,9.703584e-04,7.127378e-04,3.560724e-03,4.932259e-02,3.009875e-02,3.599165e-04,1.549644e-03,1.938330e-02,8.039915e-03,2.071000e-02,2.548490e-02,1.601463e-02,3.518090e-03,8.003802e-01
1.419232e-02,7.027845e-04,6.435828e-04,2.727583e-03,5.360904e-02,2.149696e-02,3.329674e-04,1.218450e-03,1.416455e-02,6.164732e-03,1.574683e-02,1.902221e-02,1.220072e-02,2.856785e-03,8.349205e-01
1.076502e-02,8.601639e-04,1.601178e-03,2.081693e-03,1.535608e-01,1.849130e-02,1.934283e-03,2.952104e-03,1.150497e-02,5.744305e-03,1.279400e-02,4.279231e-02,2.191259e-02,2.953049e-03,7.100523e-01
8.627178e-03,1.160604e-03,3.292946e-03,1.694037e-03,1.715501e-01,1.440393e-02,1.775759e-02,6.675713e-03,1.369257e-02,6.968010e-03,1.432605e-02,1.723788e-01,4.313632e-02,8.628122e-03,5.157080e-01
6.741858e-03,1.473766e-03,4.304137e-03,1.646034e-03,2.711628e-01,1.108145e-02,2.335949e-02,7.488145e-03,1.816493e-02,1.176366e-02,1.343415e-02,1.866521e-01,5.209929e-02,9.999715e-03,3.806285e-01
6.989627e-03,1.606394e-03,4.164711e-03,2.273119e-03,1.985688e-01,1.091682e-02,1.974750e-02,8.696409e-03,3.138767e-02,2.324732e-02,2.434490e-02,2.908869e-01,7.075720e-02,2.219834e-02,2.842143e-01
7.105670e-03,1.571596e-03,3.654900e-03,2.799908e-03,1.433342e-01,1.068860e-02,1.459225e-02,9.391979e-03,3.817080e-02,2.268362e-02,4.327044e-02,3.771951e-01,7.484706e-02,4.525901e-02,2.054349e-01
6.300182e-03,1.508909e-03,3.587242e-03,4.241929e-03,1.187731e-01,8.370733e-03,1.102990e-02,1.262655e-02,3.492322e-02,2.568631e-02,1.564555e-01,3.255297e-01,1.024149e-01,3.948374e-02,1.490680e-01
5.143680e-03,1.619099e-03,4.466473e-03,3.873294e-03,8.588542e-02,6.377541e-03,7.780638e-03,1.041510e-02,3.994665e-02,2.237194e-02,2.742157e-01,2.933088e-01,9.881322e-02,3.976899e-02,1.060134e-01
5.439960e-03,1.895269e-03,7.329890e-02,4.433929e-03,6.415140e-02,4.917132e-03,5.562053e-03,2.092922e-02,3.586234e-02,1.743876e-02,3.166730e-01,2.303086e-01,1.127230e-01,3.073024e-02,7.563622e-02
4.907943e-03,5.440600e-03,5.593178e-02,3.811013e-03,5.073476e-02,3.807396e-03,3.946747e-03,1.578685e-02,1.265609e-01,2.028021e-02,2.775515e-01,1.867707e-01,8.911944e-02,9.526595e-02,6.008422e-02
4.677004e-03,3.345486e-02,4.710640e-02,3.077569e-03,4.065474e-02,4.396209e-03,2.879927e-03,1.265425e-02,2.698917e-01,1.872825e-02,2.183386e-01,1.384963e-01,6.505420e-02,8.959459e-02,5.099542e-02
4.515550e-03,3.829766e-02,3.576959e-02,3.853584e-03,3.743195e-02,5.271981e-03,2.213415e-03,1.475387e-02,4.231792e-01,1.405270e-02,1.598919e-01,1.006496e-01,4.627813e-02,7.199326e-02,4.184761e-02
5.585642e-03,3.442023e-02,2.660505e-02,3.092390e-03,2.774314e-02,4.276923e-03,1.583453e-03,1.101569e-02,5.358595e-01,1.171966e-02,1.141994e-01,7.263843e-02,3.313116e-02,7.032026e-02,4.780900e-02
1.051546e-02,6.944498e-02,2.291153e-02,2.587716e-03,2.428542e-02,3.857758e-03,1.139938e-03,8.800229e-03,5.534968e-01,9.237361e-03,8.286890e-02,5.196491e-02,2.453532e-02,6.653462e-02,6.781900e-02
1.075119e-02,5.577327e-02,1.707968e-02,1.990444e-03,2.183437e-02,3.268201e-03,8.134885e-04,7.957382e-03,6.192315e-01,6.921629e-03,6.013613e-02,3.704331e-02,1.780206e-02,8.129276e-02,5.810461e-02
1.043996e-02,4.675294e-02,1.363953e-02,1.642369e-03,2.944405e-02,2.731718e-03,6.100408e-04,6.755638e-03,6.805248e-01,5.369044e-03,4.320637e-02,2.636745e-02,1.287727e-02,7.075749e-02,4.888134e-02
