1.000000e+00,0.000000e+00,0.000000e+00,0.000000e+00,0.000000e+00,0.000000e+00,0.000000e+00,0.000000e+00,0.000000e+00,0.000000e+00,0.000000e+00,0.000000e+00,0.000000e+00,0.000000e+00,0.000000e+00
1.000000e+00,0.000000e+00,0.000000e+00,0.000000e+00,0.000000e+00,0.000000e+00,0.000000e+00,0.000000e+00,0.000000e+00,0.000000e+00,0.000000e+00,0.000000e+00,0.000000e+00,0.000000e+00,0.000000e+00
1.000000e+00,0.000000e+00,0.000000e+00,0.000000e+00,0.000000e+00,0.000000e+00,0.000000e+00,0.000000e+00,0.000000e+00,0.000000e+00,0.000000e+00,0.000000e+00,0.000000e+00,0.000000e+00,0.000000e+00
1.000000e+00,0.000000e+00,0.000000e+00,0.000000e+00,0.000000e+00,0.000000e+00,0.000000e+00,0.000000e+00,0.000000e+00,0.000000e+00,0.000000e+00,0.000000e+00,0.000000e+00,0.000000e+00,0.000000e+00
1.000000e+00,0.000000e+00,0.000000e+00,0.000000e+00,0.000000e+00,0.000000e+00,0.000000e+00,0.000000e+00,0.000000e+00,0.000000e+00,0.000000e+00,0.000000e+00,0.000000e+00,0.000000e+00,0.000000e+00
1.000000e+00,0.000000e+00,0.000000e+00,0.000000e+00,0.000000e+00,0.000000e+00,0.000000e+00,0.000000e+00,0.000000e+00,0.000000e+00,0.000000e+00,0.000000e+00,0.000000e+00,0.000000e+00,0.000000e+00
1.000000e+00,0.000000e+00,0.000000e+00,0.000000e+00,0.000000e+00,0.000000e+00,0.000000e+00,0.000000e+00,0.000000e+00,0.000000e+00,0.000000e+00,0.000000e+00,0.000000e+00,0.000000e+00,0.000000e+00
1.000000e+00,0.000000e+00,0.000000e+00,0.000000e+00,0.000000e+00,0.000000e+00,0.000000e+00,0.000000e+00,0.000000e+00,0.000000e+00,0.000000e+00,0.000000e+00,0.000000e+00,0.000000e+00,0.000000e+00
1.000000e+00,0.000000e+00,0.000000e+00,0.000000e+00,0.000000e+00,0.000000e+00,0.000000e+00,0.000000e+00,0.000000e+00,0.000000e+00,0.000000e+00,0.000000e+00,0.000000e+00,0.000000e+00,0.000000e+00
1.000000e+00,0.000000e+00,0.000000e+00,0.000000e+00,0.000000e+00,0.000000e+00,0.000000e+00,0.000000e+00,0.000000e+00,0.000000e+00,0.000000e+00,0.000000e+00,0.000000e+00,0.000000e+00,0.000000e+00
1.000000e+00,0.000000e+00,0.000000e+00,0.000000e+00,0.000000e+00,0.000000e+00,0.000000e+00,0.000000e+00,0.000000e+00,0.000000e+00,0.000000e+00,0.000000e+00,0.000000e+00,0.000000e+00,0.000000e+00
1.000000e+00,0.000000e+00,0.000000e+00,0.000000e+00,0.000000e+00,0.000000e+00,0.000000e+00,0.000000e+00,0.000000e+00,0.000000e+00,0.000000e+00,0.000000e+00,0.000000e+00,0.000000e+00,0.000000e+00
1.000000e+00,0.000000e+00,0.000000e+00,0.000000e+00,0.000000e+00,0.000000e+00,0.000000e+00,0.000000e+00,0.000000e+00,0.000000e+00,0.000000e+00,0.000000e+00,0.000000e+00,0.000000e+00,0.000000e+00
1.000000e+00,0.000000e+00,0.000000e+00,0.000000e+00,0.000000e+00,0.000000e+00,0.000000e+00,0.000000e+00,0.000000e+00,0.000000e+00,0.000000e+00,0.000000e+00,0.000000e+00,0.000000e+00,0.000000e+00
1.000000e+00,0.000000e+00,0.000000e+00,0.000000e+00,0.000000e+00,0.000000e+00,0.000000e+00,0.000000e+00,0.000000e+00,0.000000e+00,0.000000e+00,0.000000e+00,0.000000e+00,0.000000e+00,0.000000e+00
1.000000e+00,0.000000e+00,0.000000e+00,0.000000e+00,0.000000e+00,0.000000e+00,0.000000e+00,0.000000e+00,0.000000e+00,0.000000e+00,0.000000e+00,0.000000e+00,0.000000e+00,0.000000e+00,0.000000e+00
1.000000e+00,0.000000e+00,0.000000e+00,0.000000e+00,0.000000e+00,0.000000e+00,0.000000e+00,0.000000e+00,0.000000e+00,0.000000e+00,0.000000e+00,0.000000e+00,0.000000e+00,0.000000e+00,0.000000e+00
1.000000e+00,0.000000e+00,0.000000e+00,0.000000e+00,0.000000e+00,0.000000e+00,0.000000e+00,0.000000e+00,0.000000e+00,0.000000e+00,0.000000e+00,0.000000e+00,0.000000e+00,0.000000e+00,0.000000e+00
1.000000e+00,0.000000e+00,0.000000e+00,0.000000e+00,0.000000e+00,0.000000e+00,0.000000e+00,0.000000e+00,0.000000e+00,0.000000e+00,0.000000e+00,0.000000e+00,0.000000e+00,0.000000e+00,0.000000e+00
1.000000e+00,0.000000e+00,0.000000e+00,0.000000e+00,0.000000e+00,0.000000e+00,0.000000e+00,0.000000e+00,0.000000e+00,0.000000e+00,0.000000e+00,0.000000e+00,0.000000e+00,0.000000e+00,0.000000e+00
1.000000e+00,0.000000e+00,0.000000e+00,0.000000e+00,0.000000e+00,0.000000e+00,0.000000e+00,0.000000e+00,0.000000e+00,0.000000e+00,0.000000e+00,0.000000e+00,0.000000e+00,0.000000e+00,0.000000e+00
1.000000e+00,0.000000e+00,0.000000e+00,0.000000e+00,0.000000e+00,0.000000e+00,0.000000e+00,0.000000e+00,0.000000e+00,0.000000e+00,0.000000e+00,0.000000e+00,0.000000e+00,0.000000e+00,0.000000e+00
1.000000e+00,0.000000e+00,0.000000e+00,0.000000e+00,0.000000e+00,0.000000e+00,0.000000e+00,0.000000e+00,0.000000e+00,0.000000e+00,0.000000e+00,0.000000e+00,0.000000e+00,0.000000e+00,0.000000e+00
1.000000e+00,0.000000e+00,0.000000e+00,0.000000e+00,0.000000e+00,0.000000e+00,0.000000e+00,0.000000e+00,0.000000e+00,0.000000e+00,0.000000e+00,0.000000e+00,0.000000e+00,0.000000e+00,0.000000e+00
1.000000e+00,0.000000e+00,0.000000e+00,0.000000e+00,0.000000e+00,0.000000e+00,0.000000e+00,0.000000e+00,0.000000e+00,0.000000e+00,0.000000e+00,0.000000e+00,0.000000e+00,0.000000e+00,0.000000e+00
1.000000e+00,0.000000e+00,0.000000e+00,0.000000e+00,0.000000e+00,0.000000e+00,0.000000e+00,0.000000e+00,0.000000e+00,0.000000e+00,0.000000e+00,0.000000e+00,0.000000e+00,0.000000e+00,0.000000e+00
1.000000e+00,0.000000e+00,0.000000e+00,0.000000e+00,0.000000e+00,0.000000e+00,0.000000e+00,0.000000e+00,0.000000e+00,0.000000e+00,0.000000e+00,0.000000e+00,0.000000e+00,0.000000e+00,0.000000e+00
1.000000e+00,0.000000e+00,0.000000e+00,0.000000e+00,0.000000e+00,0.000000e+00,0.000000e+00,0.000000e+00,0.000000e+00,0.000000e+00,0.000000e+00,0.000000e+00,0.000000e+00,0.000000e+00,0.000000e+00
1.000000e+00,0.000000e+00,0.000000e+00,0.000000e+00,0.000000e+00,0.000000e+00,0.000000e+00,0.000000e+00,0.000000e+00,0.000000e+00,0.000000e+00,0.000000e+00,0.000000e+00,0.000000e+00,0.000000e+00
1.000000e+00,0.000000e+00,0.000000e+00,0.000000e+00,0.000000e+00,0.000000e+00,0.000000e+00,0.000000e+00,0.000000e+00,0.000000e+00,0.000000e+00,0.000000e+00,0.000000e+00,0.000000e+00,0.000000e+00
1.000000e+00,0.000000e+00,0.000000e+00,0.000000e+00,0.000000e+00,0.000000e+00,0.000000e+00,0.000000e+00,0.000000e+00,0.000000e+00,0.000000e+00,0.000000e+00,0.000000e+00,0.000000e+00,0.000000e+00
1.000000e+00,0.000000e+00,0.000000e+00,0.000000e+00,0.000000e+00,0.000000e+00,0.000000e+00,0.000000e+00,0.000000e+00,0.000000e+00,0.000000e+00,0.000000e+00,0.000000e+00,0.000000e+00,0.000000e+00
1.000000e+00,0.000000e+00,0.000000e+00,0.000000e+00,0.000000e+00,0.000000e+00,0.000000e+00,0.000000e+00,0.000000e+00,0.000000e+00,0.000000e+00,0.000000e+00,0.000000e+00,0.000000e+00,0.000000e+00
1.000000e+00,0.000000e+00,0.000000e+00,0.000000e+00,0.000000e+00,0.000000e+00,0.000000e+00,0.000000e+00,0.000000e+00,0.000000e+00,0.000000e+00,0.000000e+00,0.000000e+00,0.000000e+00,0.000000e+00
1.000000e+00,0.000000e+00,0.000000e+00,0.000000e+00,0.000000e+00,0.000000e+00,0.000000e+00,0.000000e+00,0.000000e+00,0.000000e+00,0.000000e+00,0.000000e+00,0.000000e+00,0.000000e+00,0.000000e+00
1.000000e+00,0.000000e+00,0.000000e+00,0.000000e+00,0.000000e+00,0.000000e+00,0.000000e+00,0.000000e+00,0.000000e+00,0.000000e+00,0.000000e+00,0.000000e+00,0.000000e+00,0.000000e+00,0.000000e+00
1.000000e+00,0.000000e+00,0.000000e+00,0.000000e+00,0.000000e+00,0.000000e+00,0.000000e+00,0.000000e+00,0.000000e+00,0.000000e+00,0.000000e+00,0.000000e+00,0.000000e+00,0.000000e+00,0.000000e+00
1.000000e+00,0.000000e+00,0.000000e+00,0.000000e+00,0.000000e+00,0.000000e+00,0.000000e+00,0.000000e+00,0.000000e+00,0.000000e+00,0.000000e+00,0.000000e+00,0.000000e+00,0.000000e+00,0.000000e+00
1.000000e+00,0.000000e+00,0.000000e+00,0.000000e+00,0.000000e+00,0.000000e+00,0.000000e+00,0.000000e+00,0.000000e+00,0.000000e+00,0.000000e+00,0.000000e+00,0.000000e+00,0.000000e+00,0.000000e+00
1.000000e+00,0.000000e+00,0.000000e+00,0.000000e+00,0.000000e+00,0.000000e+00,0.000000e+00,0.000000e+00,0.000000e+00,0.000000e+00,0.000000e+00,0.000000e+00,0.000000e+00,0.000000e+00,0.000000e+00
1.000000e+00,0.000000e+00,0.000000e+00,0.000000e+00,0.000000e+00,0.000000e+00,0.000000e+00,0.000000e+00,0.000000e+00,0.000000e+00,0.000000e+00,0.000000e+00,0.000000e+00,0.000000e+00,0.000000e+00
1.000000e+00,0.000000e+00,0.000000e+00,0.000000e+00,0.000000e+00,0.000000e+00,0.000000e+00,0.000000e+00,0.000000e+00,0.000000e+00,0.000000e+00,0.000000e+00,0.000000e+00,0.000000e+00,0.000000e+00
1.000000e+00,0.000000e+00,0.000000e+00,0.000000e+00,0.000000e+00,0.000000e+00,0.000000e+00,0.000000e+00,0.000000e+00,0.000000e+00,0.000000e+00,0.000000e+00,0.000000e+00,0.000000e+00,0.000000e+00
1.000000e+00,0.000000e+00,0.000000e+00,0.000000e+00,0.000000e+00,0.000000e+00,0.000000e+00,0.000000e+00,0.000000e+00,0.000000e+00,0.000000e+00,0.000000e+00,0.000000e+00,0.000000e+00,0.000000e+00
1.000000e+00,0.000000e+00,0.000000e+00,0.000000e+00,0.000000e+00,0.000000e+00,0.000000e+00,0.000000e+00,0.000000e+00,0.000000e+00,0.000000e+00,0.000000e+00,0.000000e+00,0.000000e+00,0.000000e+00
1.000000e+00,0.000000e+00,0.000000e+00,0.000000e+00,0.000000e+00,0.000000e+00,0.000000e+00,0.000000e+00,0.000000e+00,0.000000e+00,0.000000e+00,0.000000e+00,0.000000e+00,0.000000e+00,0.000000e+00
1.000000e+00,0.000000e+00,0.000000e+00,0.000000e+00,0.000000e+00,0.000000e+00,0.000000e+00,0.000000e+00,0.000000e+00,0.000000e+00,0.000000e+00,0.000000e+00,0.000000e+00,0.000000e+00,0.000000e+00
1.000000e+00,0.000000e+00,0.000000e+00,0.000000e+00,0.000000e+00,0.000000e+00,0.000000e+00,0.000000e+00,0.000000e+00,0.000000e+00,0.000000e+00,0.000000e+00,0.000000e+00,0.000000e+00,0.000000e+00
1.000000e+00,0.000000e+00,0.000000e+00,0.000000e+00,0.000000e+00,0.000000e+00,0.000000e+00,0.000000e+00,0.000000e+00,0.000000e+00,0.000000e+00,0.000000e+00,0.000000e+00,0.000000e+00,0.000000e+00
1.000000e+00,0.000000e+00,0.000000e+00,0.000000e+00,0.000000e+00,0.000000e+00,0.000000e+00,0.000000e+00,0.000000e+00,0.000000e+00,0.000000e+00,0.000000e+00,0.000000e+00,0.000000e+00,0.000000e+00
1.000000e+00,0.000000e+00,0.000000e+00,0.000000e+00,0.000000e+00,0.000000e+00,0.000000e+00,0.000000e+00,0.000000e+00,0.000000e+00,0.000000e+00,0.000000e+00,0.000000e+00,0.000000e+00,0.000000e+00
1.000000e+00,0.000000e+00,0.000000e+00,0.000000e+00,0.000000e+00,0.000000e+00,0.000000e+00,0.000000e+00,0.000000e+00,0.000000e+00,0.000000e+00,0.000000e+00,0.000000e+00,0.000000e+00,0.000000e+00
1.000000e+00,0.000000e+00,0.000000e+00,0.000000e+00,0.000000e+00,0.000000e+00,0.000000e+00,0.000000e+00,0.000000e+00,0.000000e+00,0.000000e+00,0.000000e+00,0.000000e+00,0.000000e+00,0.000000e+00
1.000000e+00,0.000000e+00,0.000000e+00,0.000000e+00,0.000000e+00,0.000000e+00,0.000000e+00,0.000000e+00,0.000000e+00,0.000000e+00,0.000000e+00,0.000000e+00,0.000000e+00,0.000000e+00,0.000000e+00
1.000000e+00,0.000000e+00,0.000000e+00,0.000000e+00,0.000000e+00,0.000000e+00,0.000000e+00,0.000000e+00,0.000000e+00,0.000000e+00,0.000000e+00,0.000000e+00,0.000000e+00,0.000000e+00,0.000000e+00
1.000000e+00,0.000000e+00,0.000000e+00,0.000000e+00,0.000000e+00,0.000000e+00,0.000000e+00,0.000000e+00,0.000000e+00,0.000000e+00,0.000000e+00,0.000000e+00,0.000000e+00,0.000000e+00,0.000000e+00
1.000000e+00,0.000000e+00,0.000000e+00,0.000000e+00,0.000000e+00,0.000000e+00,0.000000e+00,0.000000e+00,0.000000e+00,0.000000e+00,0.000000e+00,0.000000e+00,0.000000e+00,0.000000e+00,0.000000e+00
1.000000e+00,0.000000e+00,0.000000e+00,0.000000e+00,0.000000e+00,0.000000e+00,0.000000e+00,0.000000e+00,0.000000e+00,0.000000e+00,0.000000e+00,0.000000e+00,0.000000e+00,0.000000e+00,0.000000e+00
1.000000e+00,0.000000e+00,0.000000e+00,0.000000e+00,0.000000e+00,0.000000e+00,0.000000e+00,0.000000e+00,0.000000e+00,0.000000e+00,0.000000e+00,0.000000e+00,0.000000e+00,0.000000e+00,0.000000e+00
1.000000e+00,0.000000e+00,0.000000e+00,0.000000e+00,0.000000e+00,0.000000e+00,0.000000e+00,0.000000e+00,0.000000e+00,0.000000e+00,0.000000e+00,0.000000e+00,0.000000e+00,0.000000e+00,0.000000e+00
1.000000e+00,0.000000e+00,0.000000e+00,0.000000e+00,0.000000e+00,0.000000e+00,0.000000e+00,0.000000e+00,0.000000e+00,0.000000e+00,0.000000e+00,0.000000e+00,0.000000e+00,0.000000e+00,0.000000e+00
4.750730e-01,3.001683e-02,3.616858e-02,6.064482e-02,8.604724e-03,4.824356e-02,5.247677e-03,3.049189e-02,5.958637e-02,1.231933e-01,2.337097e-02,1.504422e-02,9.532404e-03,7.289319e-03,6.749226e-02
3.435058e-01,2.805807e-02,2.701618e-02,5.424477e-02,6.215587e-03,3.507918e-02,3.786434e-03,2.281121e-02,1.196702e-01,1.049178e-01,3.010184e-02,1.430684e-02,1.020197e-02,1.658615e-02,1.834979e-01
3.047925e-01,2.208208e-02,2.248283e-02,4.658350e-02,5.720766e-03,3.242740e-02,3.452310e-03,1.923451e-02,9.815259e-02,8.736823e-02,6.787351e-02,1.612036e-02,1.442121e-02,7.228152e-02,1.870067e-01
2.467237e-01,2.010283e-02,1.832065e-02,3.428813e-02,5.004275e-03,2.788777e-02,2.705056e-03,1.430020e-02,8.239759e-02,7.198293e-02,7.862454e-02,1.275232e-02,1.282474e-02,1.994144e-01,1.726709e-01
1.741193e-01,1.492305e-02,1.312710e-02,2.443372e-02,4.828019e-03,2.151900e-02,1.984435e-03,1.017374e-02,7.108988e-02,5.988011e-02,7.172024e-02,9.662475e-03,1.092673e-02,3.500134e-01,1.615987e-01
1.284069e-01,1.336771e-02,1.036472e-02,2.001855e-02,4.034597e-03,2.277994e-02,2.072808e-03,8.101992e-03,1.106788e-01,5.717621e-02,7.102130e-02,1.186701e-02,2.086789e-02,3.680223e-01,1.512193e-01
1.248728e-01,1.734482e-02,1.292410e-02,2.351816e-02,4.354334e-03,3.635497e-02,4.605550e-03,8.443711e-03,1.098074e-01,4.605443e-02,6.681691e-02,1.420345e-02,2.051021e-02,3.771159e-01,1.330732e-01
9.214409e-02,1.412069e-02,1.027059e-02,1.732101e-02,3.777073e-03,4.017104e-02,3.687132e-03,6.155475e-03,9.912749e-02,3.591734e-02,5.092811e-02,1.104895e-02,1.568713e-02,4.914173e-01,1.082266e-01
6.670700e-02,1.158076e-02,7.700987e-03,1.235693e-02,2.852019e-03,3.490258e-02,2.673143e-03,4.341557e-03,8.528812e-02,3.081838e-02,4.564884e-02,8.498533e-03,1.160706e-02,5.889286e-01,8.609555e-02
5.085786e-02,2.009991e-02,1.198222e-02,9.376752e-03,2.299505e-03,3.800462e-02,2.223095e-03,3.185124e-03,8.244217e-02,4.636169e-02,4.209392e-02,8.100579e-03,1.063796e-02,6.035986e-01,6.873603e-02
4.012113e-02,2.497705e-02,1.319593e-02,7.381321e-03,5.154830e-03,3.175301e-02,2.295899e-03,2.647847e-03,1.300968e-01,5.578829e-02,3.504672e-02,6.408132e-03,7.965683e-03,5.830950e-01,5.407237e-02
2.948902e-02,2.863211e-02,1.113669e-02,5.489422e-03,7.667473e-03,2.500234e-02,1.692325e-03,2.158891e-03,2.085750e-01,4.592004e-02,2.826717e-02,4.624093e-03,5.862002e-03,5.522690e-01,4.321438e-02
2.151773e-02,4.556633e-02,1.414791e-02,4.787615e-03,1.945969e-02,1.929412e-02,1.272825e-03,2.236311e-03,3.326974e-01,3.642859e-02,2.310766e-02,3.318940e-03,4.437504e-03,4.384615e-01,3.326590e-02
1.760501e-02,5.915888e-02,2.262405e-02,6.730097e-03,1.713975e-02,1.521874e-02,9.819344e-04,1.652323e-03,3.654666e-01,4.096519e-02,1.919150e-02,2.861440e-03,3.916757e-03,3.886813e-01,3.780640e-02
1.463137e-02,6.898842e-02,1.916377e-02,5.627648e-03,1.369849e-02,1.177874e-02,7.627790e-04,1.348153e-03,4.005827e-01,3.399381e-02,1.875198e-02,2.421181e-03,3.515672e-03,3.628837e-01,4.185160e-02
1.239968e-02,9.774108e-02,1.806766e-02,3.189253e-02,1.047665e-02,9.049873e-03,7.246670e-04,1.063800e-03,4.392141e-01,2.778881e-02,1.785842e-02,2.439481e-03,3.254255e-03,2.903970e-01,3.763196e-02
1.418209e-02,7.698286e-02,1.406603e-02,2.347923e-02,7.571352e-03,9.538725e-03,6.186983e-04,8.551657e-04,3.704077e-01,2.245933e-02,2.500498e-02,3.144457e-03,2.769467e-03,3.939767e-01,3.494315e-02
1.693759e-02,6.186536e-02,1.205094e-02,1.727292e-02,6.241690e-03,1.029177e-02,5.540383e-04,9.400090e-04,3.168495e-01,2.070348e-02,2.639423e-02,2.916909e-03,2.587826e-03,4.591230e-01,4.527069e-02
2.988997e-02,6.227026e-02,4.975441e-02,1.929879e-02,6.448146e-03,1.519119e-02,7.063478e-04,2.952612e-03,2.903959e-01,3.087326e-02,2.195989e-02,2.910182e-03,3.444185e-03,4.132482e-01,5.065664e-02
5.218768e-02,7.293098e-02,6.472366e-02,3.251089e-02,1.153642e-02,1.283881e-02,1.192360e-03,6.782034e-03,2.964349e-01,3.022886e-02,1.761758e-02,2.578496e-03,3.203253e-03,3.472311e-01,4.800292e-02
5.756730e-02,5.990654e-02,5.422080e-02,2.466455e-02,1.574415e-02,1.154085e-02,1.283965e-03,5.390615e-03,3.130480e-01,3.400495e-02,1.429713e-02,2.242806e-03,2.819042e-03,3.174740e-01,8.579534e-02
5.632126e-02,4.938773e-02,4.919812e-02,1.007587e-01,2.421741e-02,9.001645e-03,1.112939e-03,7.418256e-03,3.656215e-01,2.621504e-02,1.138886e-02,1.866480e-03,2.518062e-03,2.256464e-01,6.932768e-02
1.028428e-01,4.829645e-02,3.970994e-02,1.013661e-01,7.150322e-02,1.115329e-02,1.357602e-03,7.622426e-03,3.288439e-01,2.110702e-02,1.221211e-02,2.056292e-03,2.889614e-03,1.752279e-01,7.381131e-02
1.817743e-01,4.190276e-02,3.139962e-02,1.323909e-01,5.577494e-02,1.127946e-02,1.494428e-03,6.335287e-03,2.902245e-01,1.751273e-02,1.276737e-02,3.068075e-03,3.174969e-03,1.315670e-01,7.933360e-02
2.124475e-01,3.372696e-02,7.408369e-02,1.552391e-01,4.340196e-02,1.006343e-02,1.510122e-03,6.371882e-03,2.651758e-01,1.444435e-02,1.215016e-02,3.411370e-03,2.974625e-03,9.632053e-02,6.867856e-02
2.357298e-01,3.137653e-02,7.425284e-02,1.369719e-01,4.052293e-02,1.139359e-02,1.456615e-03,6.545730e-03,2.943956e-01,1.113666e-02,1.335219e-02,3.808014e-03,3.523034e-03,7.917918e-02,5.635533e-02
2.972024e-01,2.537593e-02,6.617326e-02,1.115420e-01,5.339740e-02,1.182033e-02,1.307517e-03,6.487761e-03,2.841347e-01,9.049739e-03,1.152353e-02,4.127137e-03,3.823225e-03,7.012142e-02,4.391362e-02
3.620496e-01,3.749249e-02,5.617409e-02,1.172157e-01,4.217625e-02,1.167868e-02,1.602396e-03,5.874256e-03,2.268047e-01,7.443564e-03,1.042691e-02,6.342536e-03,4.208352e-03,5.201732e-02,5.849309e-02
2.793809e-01,4.361530e-02,6.057318e-02,9.415831e-02,3.267894e-02,1.114880e-02,1.473825e-03,4.378411e-03,1.954972e-01,7.440611e-03,9.588905e-03,5.032491e-03,3.484512e-03,9.607609e-02,1.554725e-01
2.000093e-01,3.642965e-02,5.597929e-02,6.666332e-02,2.357121e-02,8.427685e-03,1.079795e-03,3.138845e-03,1.653229e-01,9.192465e-03,1.476963e-02,4.288940e-03,2.741923e-03,1.674528e-01,2.409323e-01
1.525881e-01,2.956341e-02,4.475161e-02,4.777259e-02,1.720339e-02,6.449716e-03,8.080846e-04,2.237874e-03,1.339760e-01,8.676824e-03,1.782879e-02,3.694091e-03,2.164626e-03,3.296075e-01,2.026774e-01
1.078722e-01,2.160629e-02,3.294493e-02,3.394823e-02,1.260836e-02,4.973234e-03,6.539939e-04,1.623772e-03,9.595133e-02,8.452594e-03,3.195485e-02,3.127795e-03,2.121204e-03,4.890136e-01,1.531476e-01
7.602119e-02,1.539188e-02,2.384753e-02,2.402251e-02,9.021164e-03,4.361851e-03,6.398549e-04,1.201323e-03,6.959330e-02,7.210367e-03,6.780776e-02,2.745397e-03,2.061278e-03,5.756516e-01,1.204230e-01
5.418088e-02,1.091739e-02,1.691007e-02,1.709861e-02,7.028445e-03,3.543273e-03,9.047318e-04,9.561068e-04,5.049467e-02,6.203873e-03,1.639930e-01,2.367316e-03,1.791300e-03,5.736411e-01,8.996920e-02
3.936816e-02,7.806931e-03,1.191999e-02,1.226982e-02,5.909847e-03,2.845187e-03,8.502394e-04,7.726149e-04,3.812683e-02,7.172397e-03,2.240693e-01,5.056657e-03,2.481266e-03,5.722455e-01,6.910525e-02
2.795748e-02,5.502983e-03,8.368219e-03,8.675838e-03,4.611185e-03,2.097468e-03,6.908397e-04,6.141416e-04,2.749318e-02,5.507987e-03,2.554387e-01,4.106537e-03,1.976244e-03,5.981048e-01,4.885435e-02
1.977376e-02,3.873493e-03,5.892443e-03,6.147418e-03,3.831029e-03,1.941835e-03,5.029619e-04,5.244148e-04,2.002340e-02,4.044288e-03,3.045039e-01,3.558071e-03,1.472211e-03,5.894810e-01,3.442971e-02
1.399135e-02,2.724707e-03,4.156468e-03,4.371023e-03,3.505397e-03,1.698414e-03,3.656383e-04,4.434476e-04,1.436247e-02,2.951275e-03,3.331574e-01,3.008663e-03,1.068445e-03,5.900068e-01,2.418854e-02
9.811658e-03,1.937850e-03,3.006957e-03,3.125650e-03,3.276499e-03,1.330918e-03,2.588634e-04,3.172745e-04,1.442324e-02,2.235289e-03,2.783604e-01,4.412666e-03,7.717765e-04,6.597537e-01,1.697724e-02
6.878937e-03,1.380474e-03,2.233569e-03,2.266379e-03,2.949375e-03,1.089148e-03,1.838479e-04,2.267805e-04,1.634805e-02,1.688202e-03,2.127657e-01,3.643055e-03,5.557597e-04,7.358434e-01,1.194732e-02
4.835413e-03,1.042641e-03,2.416857e-03,1.718960e-03,2.792446e-03,1.269772e-03,1.403819e-04,1.685114e-04,2.402884e-02,1.551706e-03,1.807897e-01,3.718073e-03,4.532340e-04,7.665704e-01,8.503047e-03
3.419687e-03,7.970731e-04,2.550839e-02,1.394887e-03,2.316540e-03,3.404439e-03,3.364765e-04,3.006873e-04,4.326927e-02,1.822924e-03,1.481927e-01,3.376410e-03,3.966223e-04,7.594167e-01,6.047186e-03
2.448343e-03,6.466948e-04,2.251820e-02,1.046877e-03,1.862954e-03,5.067779e-03,2.549867e-04,2.454622e-04,4.071043e-02,2.838214e-03,1.449799e-01,3.775166e-03,3.517716e-04,7.687264e-01,4.526754e-03
1.873012e-03,5.647977e-04,1.652785e-01,1.509572e-03,2.291442e-03,1.121868e-02,1.013248e-03,7.978404e-04,4.143203e-02,5.492066e-03,1.336178e-01,3.935927e-03,4.566454e-04,6.269538e-01,3.564579e-03
1.630059e-03,5.297798e-04,1.961144e-01,1.942262e-03,2.563301e-03,1.344703e-02,9.727746e-04,1.009812e-03,4.154596e-02,1.139904e-02,1.205949e-01,3.174468e-03,4.020849e-04,6.016306e-01,3.043517e-03
2.598778e-03,5.004147e-04,2.655703e-01,5.298501e-03,3.284449e-03,1.952769e-02,8.864231e-04,3.215983e-03,3.886522e-02,1.160061e-02,1.020123e-01,2.409791e-03,3.262329e-04,5.416700e-01,2.233376e-03
3.870112e-03,5.533745e-04,2.034033e-01,4.552514e-03,3.423629e-03,1.870589e-02,6.569602e-04,2.523972e-03,4.258627e-02,1.618765e-02,1.161151e-01,1.801281e-03,3.159987e-04,5.833997e-01,1.904259e-03
4.905431e-03,5.187689e-04,1.573990e-01,3.878628e-03,3.096008e-03,2.284204e-02,4.966147e-04,2.074921e-03,4.261561e-02,2.260777e-02,1.286753e-01,1.446067e-03,2.852364e-04,6.073316e-01,1.827025e-03
7.330689e-03,5.114926e-04,1.196965e-01,3.147837e-03,2.576190e-03,1.853944e-02,4.196398e-04,1.819014e-03,3.975743e-02,2.370975e-02,1.327922e-01,1.287998e-03,2.712418e-04,6.462237e-01,1.916899e-03
1.199882e-02,9.937475e-04,9.256858e-02,3.609162e-03,2.512707e-03,1.490435e-02,3.998319e-04,2.292326e-03,3.293152e-02,2.458466e-02,1.538038e-01,1.012191e-03,2.873571e-04,6.555679e-01,2.533102e-03
1.600586e-02,1.167220e-03,7.243768e-02,3.498417e-03,2.198601e-03,1.362705e-02,4.301741e-04,2.630651e-03,2.917823e-02,2.192490e-02,1.612417e-01,8.299222e-04,3.450758e-04,6.713956e-01,3.088953e-03
2.454858e-02,1.987733e-03,5.571754e-02,5.533334e-03,2.487449e-03,1.364045e-02,4.516546e-04,2.789144e-03,3.419993e-02,2.986784e-02,1.623294e-01,6.723546e-04,4.885058e-04,6.611812e-01,4.104956e-03
4.232496e-02,4.401758e-03,4.381851e-02,5.420194e-03,2.994321e-03,1.733337e-02,6.663482e-04,2.569011e-03,3.560881e-02,5.105935e-02,1.596344e-01,9.260898e-04,9.421481e-04,6.213545e-01,1.094634e-02
3.133083e-02,3.164173e-03,3.122942e-02,3.819538e-03,2.138271e-03,6.238299e-02,4.710179e-04,1.878078e-03,2.526234e-02,3.608578e-02,2.702414e-01,1.318853e-03,7.102044e-04,5.211093e-01,8.857807e-03
2.257099e-02,2.284167e-03,2.221210e-02,2.739890e-03,1.577415e-03,5.729619e-02,3.379110e-04,1.343567e-03,1.803942e-02,2.563826e-02,3.168959e-01,3.213351e-03,5.213262e-04,5.186626e-01,6.666960e-03
1.598007e-02,1.633003e-03,1.567548e-02,1.947187e-03,1.128335e-03,4.296954e-02,2.404972e-04,9.548499e-04,1.277734e-02,1.804112e-02,3.720761e-01,4.645893e-03,3.871832e-04,5.066658e-01,4.877632e-03
1.129986e-02,1.278087e-03,1.114815e-02,1.425023e-03,9.331142e-04,3.102449e-02,1.940120e-04,6.987706e-04,9.373750e-03,1.292945e-02,4.387444e-01,8.950986e-03,3.039581e-04,4.678795e-01,3.816480e-03
8.047650e-03,9.641736e-04,7.974640e-03,1.066735e-03,8.464658e-04,2.340305e-02,1.874021e-04,5.902674e-04,6.861491e-03,9.424658e-03,4.977140e-01,1.073576e-02,2.586363e-04,4.290875e-01,2.837609e-03
5.865336e-03,8.444826e-04,5.730820e-03,8.203055e-04,1.081504e-03,1.745828e-02,2.225121e-04,5.440335e-04,5.144913e-03,7.102187e-03,6.067657e-01,1.082446e-02,3.178594e-04,3.352190e-01,2.058650e-03
4.509599e-03,8.527131e-04,4.989621e-03,7.275726e-04,1.441592e-03,1.468239e-02,3.626293e-04,6.438433e-04,4.378588e-03,6.094516e-03,6.429223e-01,1.357330e-02,3.690402e-04,3.028927e-01,1.559533e-03
3.218666e-03,9.924469e-04,4.773463e-03,5.679412e-04,2.496077e-03,1.110859e-02,3.414012e-04,5.299462e-04,4.454452e-03,6.493373e-03,6.048816e-01,1.698514e-02,3.636855e-04,3.414159e-01,1.377356e-03
2.337009e-03,9.479437e-04,3.978712e-03,4.787575e-04,3.187626e-03,8.292632e-03,2.755506e-04,4.737485e-04,9.685909e-03,6.430879e-03,5.639586e-01,1.437683e-02,2.872381e-04,3.840074e-01,1.281172e-03
1.670921e-03,1.251342e-03,3.115128e-03,3.527746e-04,3.686066e-03,5.988289e-03,2.385438e-04,3.587001e-04,9.920972e-03,6.769090e-03,5.532161e-01,1.199757e-02,2.307971e-04,4.002016e-01,1.002208e-03
1.230835e-03,2.270120e-03,2.506375e-03,3.775278e-04,4.785225e-03,5.465047e-03,3.616084e-04,3.059022e-04,1.630846e-02,1.648508e-02,5.278589e-01,1.032818e-02,3.415701e-04,4.096719e-01,1.703394e-03
9.654124e-04,2.657753e-03,4.287787e-03,4.128468e-04,5.257713e-03,6.034897e-03,5.528134e-04,4.965068e-04,2.292051e-02,8.813101e-02,5.166288e-01,1.023034e-02,7.019418e-04,3.374770e-01,3.244826e-03
1.260322e-03,5.456129e-03,4.035368e-02,5.467276e-04,8.439925e-03,6.851836e-03,7.455026e-04,5.927195e-04,2.071943e-02,1.895428e-01,4.222519e-01,9.891113e-03,1.131670e-03,2.881767e-01,4.039712e-03
3.651677e-03,7.087491e-03,4.179851e-02,2.420626e-03,1.741864e-02,9.879960e-03,8.456509e-04,1.160024e-03,2.731618e-02,3.478411e-01,3.047996e-01,7.189143e-03,9.804768e-04,2.133411e-01,1.426992e-02
8.947313e-03,1.183168e-02,3.345681e-02,3.516082e-03,5.221212e-02,6.317307e-02,1.825162e-03,9.643727e-04,4.943613e-02,3.511318e-01,2.207260e-01,5.197353e-03,1.532842e-03,1.582112e-01,3.783815e-02
2.546216e-02,2.145664e-02,6.096382e-02,5.759994e-03,9.674041e-02,1.132985e-01,3.360579e-03,4.076071e-03,5.338913e-02,2.930821e-01,1.562113e-01,3.815924e-03,1.761402e-03,1.155807e-01,4.504140e-02
5.658716e-02,3.031683e-02,8.793145e-02,3.123845e-02,1.302147e-01,1.681311e-01,5.635284e-03,4.704062e-03,4.167849e-02,2.093048e-01,1.106905e-01,2.896602e-03,2.072258e-03,8.247993e-02,3.611847e-02
7.131635e-02,4.365505e-02,1.033431e-01,3.572815e-02,1.549313e-01,2.240792e-01,8.021655e-03,3.997028e-03,3.280491e-02,1.482462e-01,7.882581e-02,2.234021e-03,2.507180e-03,5.966721e-02,3.064289e-02
6.304654e-02,4.041150e-02,1.130161e-01,5.121907e-02,1.123666e-01,1.847709e-01,5.818469e-03,3.367465e-03,3.358584e-02,1.285284e-01,5.751998e-02,2.729071e-03,3.984274e-03,4.391127e-02,1.557245e-01
4.476105e-02,2.906218e-02,9.445602e-02,1.795757e-01,8.033888e-02,1.314142e-01,4.144975e-03,2.615493e-03,2.589568e-02,9.759017e-02,1.502056e-01,3.491302e-03,9.458527e-03,3.091756e-02,1.160727e-01
3.272609e-02,2.138356e-02,7.188277e-02,1.793233e-01,5.755285e-02,9.327409e-02,3.212651e-03,2.074331e-03,2.092140e-02,2.090040e-01,1.540830e-01,1.013264e-02,3.335730e-02,2.251429e-02,8.855779e-02
2.418437e-02,1.671600e-02,6.338949e-02,1.541083e-01,4.199560e-02,6.781578e-02,2.872995e-03,1.744431e-03,1.611644e-02,1.659088e-01,1.506233e-01,1.357819e-01,6.964678e-02,1.763438e-02,7.146139e-02
2.102355e-02,1.506280e-02,5.896154e-02,1.172541e-01,3.410215e-02,4.955004e-02,2.840345e-03,1.398489e-03,1.273903e-02,1.694492e-01,1.106860e-01,2.722262e-01,5.599767e-02,1.453621e-02,6.417277e-02
1.927462e-02,1.215988e-02,5.628132e-02,8.849849e-02,3.088496e-02,3.586942e-02,2.784602e-03,1.726480e-03,1.169096e-02,1.628454e-01,1.159542e-01,3.357739e-01,6.717581e-02,1.324020e-02,4.583967e-02
1.798865e-02,9.987980e-03,4.602995e-02,6.399553e-02,2.403674e-02,2.607903e-02,2.284328e-03,1.401980e-03,9.747755e-03,1.288765e-01,8.855999e-02,4.770076e-01,6.039653e-02,1.071445e-02,3.289301e-02
1.407578e-02,7.733032e-03,3.288570e-02,4.503356e-02,1.945446e-02,1.917383e-02,1.927402e-03,1.280240e-03,8.319690e-03,1.081931e-01,9.141178e-02,5.666126e-01,5.090510e-02,9.694445e-03,2.329928e-02
1.036228e-02,5.532357e-03,2.319917e-02,3.160896e-02,1.416009e-02,1.474984e-02,1.433044e-03,1.016244e-03,6.464022e-03,7.762946e-02,6.776854e-02,6.833763e-01,3.876173e-02,7.534027e-03,1.640396e-02
8.183947e-03,4.055519e-03,1.646126e-02,2.230055e-02,1.139751e-02,1.344381e-02,1.159857e-03,1.135991e-03,5.862365e-03,5.734920e-02,5.566532e-02,7.553642e-01,2.998922e-02,5.915218e-03,1.171606e-02
6.425835e-03,3.302434e-03,1.190092e-02,1.591522e-02,2.819627e-02,1.490217e-02,1.241438e-03,1.309360e-03,1.601976e-02,4.175549e-02,4.933940e-02,7.708431e-01,2.562418e-02,4.801377e-03,8.423079e-03
4.914652e-03,2.692457e-03,8.726315e-03,1.149307e-02,4.161775e-02,1.684355e-02,3.095277e-03,1.582933e-03,4.227682e-02,3.053987e-02,4.134934e-02,7.636615e-01,2.108917e-02,3.992913e-03,6.124443e-03
4.603880e-03,2.437174e-03,6.951338e-03,8.310319e-03,4.442042e-02,3.096635e-02,2.686419e-03,1.804242e-03,4.042493e-02,2.210634e-02,3.726684e-02,7.680568e-01,2.154724e-02,3.854486e-03,4.563365e-03
4.115460e-03,1.758192e-03,4.915415e-03,5.853610e-03,3.181960e-02,2.577868e-02,1.940664e-03,1.492205e-03,2.921729e-02,1.643041e-02,3.639936e-02,8.140070e-01,1.905295e-02,3.925473e-03,3.293714e-03
7.196561e-03,1.267943e-03,3.524668e-03,4.159531e-03,2.369265e-02,3.581053e-02,1.522803e-03,1.623398e-03,2.242192e-02,1.197555e-02,3.372734e-02,8.312598e-01,1.572721e-02,3.737961e-03,2.352165e-03
5.869820e-03,9.596280e-04,2.631235e-03,3.041661e-03,2.384410e-02,4.164835e-02,1.256702e-03,4.026845e-03,2.488896e-02,8.828839e-03,3.026178e-02,8.339001e-01,1.284355e-02,4.310460e-03,1.688026e-03
5.609125e-03,9.152291e-04,2.198798e-03,2.266056e-03,9.086489e-02,4.082375e-02,1.248099e-03,4.167233e-03,9.567393e-02,6.418507e-03,2.848371e-02,7.060084e-01,1.048630e-02,3.608078e-03,1.227913e-03
5.140090e-03,1.594777e-03,2.903687e-03,1.755013e-03,9.140754e-02,5.422055e-02,1.284925e-03,1.101302e-02,1.592228e-01,4.840365e-03,2.360388e-02,6.274291e-01,1.034393e-02,4.318523e-03,9.218340e-04
9.335034e-03,2.543355e-03,3.569730e-03,2.156073e-03,2.317009e-01,8.005160e-02,3.000289e-03,1.037529e-02,1.577898e-01,3.691079e-03,2.052747e-02,4.621451e-01,8.852649e-03,3.428308e-03,8.332281e-04
1.834723e-02,3.164620e-03,5.077952e-03,4.156131e-03,2.881747e-01,9.345499e-02,3.608028e-03,2.391735e-02,1.481770e-01,3.274277e-03,2.072433e-02,3.743494e-01,9.416564e-03,3.092310e-03,1.065135e-03
4.132672e-02,5.009854e-03,6.644110e-03,7.115305e-03,2.714299e-01,1.022220e-01,8.181186e-03,2.969261e-02,1.273776e-01,2.971539e-03,3.808470e-02,3.416117e-01,1.399535e-02,2.868923e-03,1.468463e-03
4.183847e-02,4.070441e-03,4.990491e-03,5.751165e-03,2.237018e-01,1.093970e-01,7.553427e-03,2.195817e-02,1.013162e-01,2.565312e-03,6.510919e-02,3.901830e-01,1.754989e-02,2.712396e-03,1.302982e-03
5.001403e-02,3.299632e-03,3.594554e-03,5.433353e-03,1.754944e-01,8.969697e-02,5.584871e-03,1.588502e-02,7.808626e-02,2.057905e-03,8.134031e-02,4.694804e-01,1.652828e-02,2.225068e-03,1.278918e-03
5.366030e-02,2.771878e-03,2.595002e-03,5.037254e-03,1.362611e-01,7.106917e-02,4.030026e-03,1.175450e-02,6.174709e-02,1.995595e-03,1.086615e-01,5.209830e-01,1.600431e-02,2.280141e-03,1.149112e-03
6.939059e-02,2.781722e-03,1.919734e-03,6.384818e-03,1.213521e-01,5.256373e-02,2.982945e-03,2.070411e-02,5.144208e-02,1.735578e-03,1.304340e-01,5.221264e-01,1.284941e-02,2.388217e-03,9.445464e-04
6.296768e-02,2.132562e-03,1.488234e-03,4.785779e-03,8.923078e-02,3.777419e-02,2.176598e-03,1.627299e-02,3.805434e-02,1.503204e-03,1.373473e-01,5.909625e-01,1.018245e-02,4.375086e-03,7.463618e-04
8.883829e-02,4.718241e-03,1.770164e-03,5.407839e-03,7.086661e-02,3.279103e-02,1.790958e-03,1.765739e-02,3.463191e-02,2.679991e-03,1.378261e-01,5.790756e-01,9.214723e-03,1.015433e-02,2.576868e-03
7.728518e-02,9.681032e-03,9.342535e-03,3.345525e-02,5.904774e-02,3.645056e-02,2.081706e-03,1.494013e-02,3.037639e-02,5.084760e-03,1.019292e-01,4.654235e-01,1.395330e-01,8.575875e-03,6.793166e-03
5.451564e-02,7.030630e-03,6.790777e-03,2.559803e-02,4.200321e-02,2.796890e-02,1.509823e-03,1.047285e-02,2.584462e-02,5.573285e-03,7.589336e-02,4.393097e-01,2.643679e-01,6.590399e-03,6.530821e-03
4.534851e-02,5.890785e-03,6.261033e-03,2.071351e-02,4.087737e-02,2.983790e-02,2.660500e-03,7.413591e-03,2.605242e-02,6.201576e-03,5.751443e-02,5.073723e-01,2.290270e-01,5.564911e-03,9.264152e-03
4.106927e-02,4.900311e-03,4.995519e-03,1.512370e-02,3.214332e-02,2.260257e-02,2.744537e-03,5.312519e-03,1.999958e-02,4.633517e-03,4.405012e-02,6.252826e-01,1.646378e-01,4.423513e-03,8.081103e-03
3.483507e-02,3.879851e-03,4.298060e-03,1.110008e-02,2.340369e-02,1.926689e-02,2.487772e-03,3.846155e-03,1.509651e-02,3.644814e-03,4.302384e-02,7.066677e-01,1.180609e-01,3.594748e-03,6.793914e-03
2.589432e-02,2.771714e-03,3.042328e-03,7.802451e-03,1.678196e-02,1.457977e-02,1.799287e-03,2.756422e-03,1.301148e-02,2.692505e-03,3.336742e-02,7.827508e-01,8.529075e-02,2.640042e-03,4.818713e-03
1.890594e-02,1.952969e-03,2.139424e-03,5.476944e-03,1.193004e-02,1.156317e-02,1.338391e-03,1.970129e-03,9.382931e-03,2.110481e-03,4.491277e-02,8.227752e-01,6.005828e-02,2.042879e-03,3.440386e-03
1.387061e-02,1.384002e-03,1.505823e-03,3.843860e-03,8.498537e-03,9.124528e-03,1.024231e-03,1.452107e-03,6.975164e-03,2.023107e-03,6.178533e-02,8.421664e-01,4.223945e-02,1.639205e-03,2.467593e-03
9.909553e-03,1.011526e-03,1.075847e-03,2.727045e-03,6.257063e-03,7.088587e-03,7.463108e-04,1.090924e-03,5.320468e-03,3.025326e-03,1.241132e-01,8.046103e-01,2.966340e-02,1.448328e-03,1.912165e-03
7.117273e-03,8.552831e-04,9.348021e-04,1.958122e-03,5.397731e-03,5.454057e-03,5.666467e-04,1.012999e-03,4.624545e-03,9.587980e-03,1.522014e-01,7.862135e-01,2.085765e-02,1.660847e-03,1.557165e-03
5.125467e-03,8.580957e-04,7.428024e-04,1.515516e-03,4.695793e-03,3.954511e-03,4.158496e-04,1.357715e-03,5.273072e-03,1.227560e-02,1.842141e-01,7.619361e-01,1.465349e-02,1.742683e-03,1.239132e-03
4.016513e-03,9.396672e-04,8.622193e-04,1.433356e-03,4.235029e-03,3.023385e-03,3.173482e-04,2.731013e-03,7.582972e-03,1.379109e-02,2.212817e-01,7.263386e-01,1.034499e-02,2.082612e-03,1.019467e-03
2.976512e-03,7.797643e-04,7.263521e-04,1.173870e-03,3.728179e-03,2.355712e-03,2.554385e-04,2.556395e-03,6.409858e-03,1.265473e-02,1.669997e-01,7.893727e-01,7.325040e-03,1.906314e-03,7.795172e-04
2.542008e-03,1.022307e-03,1.294165e-03,1.070276e-03,3.359085e-03,2.092950e-03,2.345677e-04,3.122305e-03,5.537270e-03,1.096556e-02,1.293398e-01,8.319058e-01,5.196653e-03,1.730767e-03,5.865838e-04
2.775745e-03,1.888320e-03,1.690661e-03,8.828774e-04,4.311402e-03,3.333260e-03,2.354134e-04,2.546049e-03,4.280278e-03,1.081214e-02,1.004527e-01,8.602984e-01,3.775514e-03,2.240356e-03,4.768971e-04
3.045795e-03,3.223317e-03,2.441324e-03,1.041054e-03,5.038615e-03,3.381769e-03,2.262100e-04,2.656738e-03,3.321596e-03,9.349172e-03,9.869240e-02,8.626287e-01,2.727313e-03,1.869307e-03,3.567073e-04
2.487971e-03,2.687591e-03,2.695965e-03,1.411263e-03,5.054145e-03,2.565527e-03,1.865969e-04,2.991177e-03,2.959368e-03,7.334542e-03,9.672153e-02,8.689709e-01,1.966172e-03,1.704522e-03,2.627284e-04
2.103069e-03,2.968915e-03,4.998005e-03,2.021674e-03,7.330846e-03,2.179312e-03,1.842919e-04,6.131137e-03,2.548654e-03,5.976707e-03,7.768542e-02,8.825260e-01,1.458591e-03,1.690238e-03,1.971569e-04
1.970768e-03,3.519641e-03,9.933283e-02,1.730213e-02,2.181949e-02,1.844815e-03,4.215867e-04,1.349413e-01,2.095833e-03,5.069534e-03,5.647733e-02,6.527205e-01,1.053075e-03,1.288121e-03,1.431701e-04
2.674306e-03,6.815413e-03,7.683410e-02,1.527319e-02,1.758912e-01,3.421728e-03,1.855398e-03,1.238730e-01,8.526856e-03,4.785907e-03,5.206843e-02,5.237403e-01,1.040482e-03,2.985054e-03,2.147214e-04
3.408662e-03,6.095492e-03,1.004952e-01,2.801894e-02,1.576710e-01,3.919932e-03,2.365691e-03,2.087982e-01,1.189620e-02,4.394771e-03,5.573935e-02,4.133994e-01,8.332492e-04,2.786090e-03,1.779488e-04
1.352633e-02,5.624964e-03,1.029736e-01,4.405098e-02,1.670005e-01,3.162134e-02,4.281943e-03,2.236895e-01,1.522299e-02,3.783930e-03,6.344316e-02,3.186207e-01,9.011043e-04,4.865496e-03,3.934974e-04
2.565408e-02,8.189289e-03,9.884639e-02,4.731049e-02,1.698925e-01,2.822549e-02,4.690447e-03,2.233630e-01,2.263661e-02,4.237870e-03,1.169502e-01,2.375926e-01,1.238503e-03,1.046447e-02,7.081922e-04
3.117835e-02,1.226914e-02,7.836714e-02,4.673627e-02,1.487843e-01,2.452028e-02,4.272455e-03,1.633465e-01,4.047315e-02,6.664540e-03,2.511172e-01,1.725276e-01,1.345039e-03,1.760183e-02,7.961756e-04
3.913418e-02,1.735815e-02,6.351048e-02,5.263746e-02,1.434973e-01,2.319086e-02,3.938147e-03,1.273524e-01,8.747426e-02,7.096107e-03,2.710636e-01,1.272611e-01,1.527917e-03,3.381431e-02,1.143714e-03
5.242977e-02,1.840647e-02,7.457490e-02,1.428767e-01,1.310327e-01,2.133909e-02,3.093997e-03,9.624054e-02,8.975592e-02,7.547396e-03,2.400674e-01,9.257214e-02,1.350330e-03,2.730855e-02,1.404159e-03
6.949753e-02,2.269254e-02,1.001132e-01,2.167650e-01,1.182156e-01,1.955790e-02,2.242882e-03,7.492991e-02,7.884733e-02,7.393240e-03,1.962550e-01,6.685934e-02,1.060896e-03,2.368119e-02,1.888550e-03
6.991683e-02,2.061100e-02,1.724394e-01,2.846582e-01,1.000263e-01,1.503908e-02,1.602787e-03,5.801321e-02,5.956596e-02,5.726636e-03,1.438172e-01,4.790376e-02,7.861421e-04,1.821568e-02,1.677815e-03
6.710857e-02,2.127808e-02,1.406378e-01,2.831705e-01,1.546618e-01,5.958019e-02,1.416914e-03,5.357455e-02,4.353581e-02,4.544073e-03,1.157686e-01,3.637407e-02,6.364354e-04,1.620686e-02,1.505613e-03
5.776906e-02,1.625202e-02,1.649408e-01,2.564216e-01,2.415989e-01,6.677374e-02,1.126723e-03,3.818246e-02,3.097145e-02,3.400984e-03,8.216584e-02,2.663446e-02,5.373328e-04,1.206613e-02,1.158505e-03
5.344528e-02,1.183726e-02,1.197138e-01,1.885820e-01,4.003162e-01,8.399363e-02,1.091230e-03,2.697902e-02,2.226047e-02,2.833509e-03,5.866256e-02,1.983052e-02,5.876511e-04,8.910761e-03,9.560757e-04
3.999685e-02,1.046932e-02,8.566390e-02,1.360828e-01,2.892625e-01,6.335679e-02,7.736824e-04,1.934739e-02,1.197037e-01,5.159441e-03,1.466006e-01,1.707462e-02,1.518731e-02,1.221271e-02,3.910832e-02
2.946489e-02,9.482482e-03,6.064757e-02,1.000914e-01,2.035096e-01,4.507213e-02,5.472641e-04,1.373766e-02,1.710242e-01,5.410660e-03,2.030637e-01,1.382887e-02,3.654607e-02,1.117131e-02,9.640209e-02
2.101399e-02,7.580325e-03,4.292481e-02,7.131962e-02,1.435178e-01,3.212479e-02,3.988305e-04,9.806998e-03,1.864900e-01,4.597982e-03,2.198920e-01,1.249590e-02,1.156620e-01,5.392687e-02,7.824821e-02
1.522769e-02,6.276181e-03,3.039480e-02,5.282694e-02,1.015306e-01,2.366549e-02,3.326721e-04,7.281964e-03,2.734764e-01,4.339785e-03,2.034343e-01,1.562705e-02,1.226082e-01,7.859926e-02,6.437863e-02
1.080704e-02,4.532523e-03,2.136366e-02,3.770001e-02,7.162217e-02,1.693118e-02,2.582862e-04,5.167124e-03,2.678362e-01,5.261716e-03,2.117729e-01,2.028855e-02,1.210065e-01,1.418416e-01,6.361052e-02
8.298559e-03,4.058256e-03,1.537188e-02,2.983485e-02,5.220661e-02,1.237710e-02,2.724671e-04,3.823758e-03,3.053055e-01,7.457544e-03,2.050413e-01,2.687293e-02,9.892049e-02,1.583526e-01,7.180615e-02
6.293661e-03,3.064583e-03,1.097888e-02,2.355930e-02,3.771374e-02,9.555411e-03,2.440725e-04,2.784551e-03,2.925777e-01,1.200844e-02,2.213788e-01,2.741370e-02,8.650292e-02,1.851737e-01,8.075047e-02
6.692350e-03,2.726714e-03,8.281501e-03,1.812612e-02,2.793864e-02,7.364678e-03,2.052941e-04,2.088457e-03,2.582569e-01,1.235050e-02,2.513314e-01,2.268151e-02,6.542101e-02,2.492418e-01,6.729305e-02
8.191561e-03,2.258326e-03,5.932519e-03,1.586721e-02,2.011696e-02,6.629949e-03,2.027231e-04,1.612240e-03,2.829037e-01,1.317116e-02,2.505729e-01,3.302862e-02,5.123201e-02,2.542759e-01,5.400428e-02
7.367664e-03,2.490021e-03,4.804587e-03,1.240898e-02,1.566564e-02,5.217030e-03,1.571615e-04,1.208134e-03,2.245641e-01,1.430948e-02,2.612518e-01,2.852823e-02,3.874790e-02,3.400691e-01,4.321014e-02
8.090576e-03,2.491900e-03,3.559232e-03,9.342665e-03,1.226210e-02,4.081467e-03,1.317015e-04,9.358767e-04,1.919174e-01,1.469808e-02,2.760234e-01,3.473108e-02,3.186980e-02,3.737598e-01,3.610488e-02
6.373698e-03,1.962209e-03,2.709921e-03,6.860189e-03,9.472929e-03,3.045759e-03,1.371394e-04,6.955477e-04,1.476797e-01,1.386773e-02,4.134629e-01,2.712686e-02,2.328420e-02,3.123897e-01,3.093152e-02
4.593587e-03,1.432720e-03,2.051733e-03,4.905542e-03,6.786168e-03,2.175925e-03,1.052621e-04,4.980819e-04,1.056213e-01,1.047867e-02,5.619664e-01,2.088500e-02,1.675312e-02,2.379301e-01,2.381639e-02
3.604391e-03,1.118298e-03,1.673613e-03,3.561909e-03,4.936043e-03,1.700584e-03,7.984198e-05,3.814823e-04,7.434724e-02,8.539144e-03,6.632401e-01,1.600461e-02,1.227183e-02,1.889944e-01,1.954661e-02
