1.000000e+00,0.000000e+00,0.000000e+00,0.000000e+00,0.000000e+00,0.000000e+00,0.000000e+00,0.000000e+00,0.000000e+00,0.000000e+00,0.000000e+00,0.000000e+00,0.000000e+00,0.000000e+00,0.000000e+00
1.000000e+00,0.000000e+00,0.000000e+00,0.000000e+00,0.000000e+00,0.000000e+00,0.000000e+00,0.000000e+00,0.000000e+00,0.000000e+00,0.000000e+00,0.000000e+00,0.000000e+00,0.000000e+00,0.000000e+00
1.000000e+00,0.000000e+00,0.000000e+00,0.000000e+00,0.000000e+00,0.000000e+00,0.000000e+00,0.000000e+00,0.000000e+00,0.000000e+00,0.000000e+00,0.000000e+00,0.000000e+00,0.000000e+00,0.000000e+00
1.000000e+00,0.000000e+00,0.000000e+00,0.000000e+00,0.000000e+00,0.000000e+00,0.000000e+00,0.000000e+00,0.000000e+00,0.000000e+00,0.000000e+00,0.000000e+00,0.000000e+00,0.000000e+00,0.000000e+00
1.000000e+00,0.000000e+00,0.000000e+00,0.000000e+00,0.000000e+00,0.000000e+00,0.000000e+00,0.000000e+00,0.000000e+00,0.000000e+00,0.000000e+00,0.000000e+00,0.000000e+00,0.000000e+00,0.000000e+00
1.000000e+00,0.000000e+00,0.000000e+00,0.000000e+00,0.000000e+00,0.000000e+00,0.000000e+00,0.000000e+00,0.000000e+00,0.000000e+00,0.000000e+00,0.000000e+00,0.000000e+00,0.000000e+00,0.000000e+00
1.000000e+00,0.000000e+00,0.000000e+00,0.000000e+00,0.000000e+00,0.000000e+00,0.000000e+00,0.000000e+00,0.000000e+00,0.000000e+00,0.000000e+00,0.000000e+00,0.000000e+00,0.000000e+00,0.000000e+00
1.000000e+00,0.000000e+00,0.000000e+00,0.000000e+00,0.000000e+00,0.000000e+00,0.000000e+00,0.000000e+00,0.000000e+00,0.000000e+00,0.000000e+00,0.000000e+00,0.000000e+00,0.000000e+00,0.000000e+00
1.000000e+00,0.000000e+00,0.000000e+00,0.000000e+00,0.000000e+00,0.000000e+00,0.000000e+00,0.000000e+00,0.000000e+00,0.000000e+00,0.000000e+00,0.000000e+00,0.000000e+00,0.000000e+00,0.000000e+00
1.000000e+00,0.000000e+00,0.000000e+00,0.000000e+00,0.000000e+00,0.000000e+00,0.000000e+00,0.000000e+00,0.000000e+00,0.000000e+00,0.000000e+00,0.000000e+00,0.000000e+00,0.000000e+00,0.000000e+00
1.000000e+00,0.000000e+00,0.000000e+00,0.000000e+00,0.000000e+00,0.000000e+00,0.000000e+00,0.000000e+00,0.000000e+00,0.000000e+00,0.000000e+00,0.000000e+00,0.000000e+00,0.000000e+00,0.000000e+00
1.000000e+00,0.000000e+00,0.000000e+00,0.000000e+00,0.000000e+00,0.000000e+00,0.000000e+00,0.000000e+00,0.000000e+00,0.000000e+00,0.000000e+00,0.000000e+00,0.000000e+00,0.000000e+00,0.000000e+00
1.000000e+00,0.000000e+00,0.000000e+00,0.000000e+00,0.000000e+00,0.000000e+00,0.000000e+00,0.000000e+00,0.000000e+00,0.000000e+00,0.000000e+00,0.000000e+00,0.000000e+00,0.000000e+00,0.000000e+00
1.000000e+00,0.000000e+00,0.000000e+00,0.000000e+00,0.000000e+00,0.000000e+00,0.000000e+00,0.000000e+00,0.000000e+00,0.000000e+00,0.000000e+00,0.000000e+00,0.000000e+00,0.000000e+00,0.000000e+00
1.000000e+00,0.000000e+00,0.000000e+00,0.000000e+00,0.000000e+00,0.000000e+00,0.000000e+00,0.000000e+00,0.000000e+00,0.000000e+00,0.000000e+00,0.000000e+00,0.000000e+00,0.000000e+00,0.000000e+00
1.000000e+00,0.000000e+00,0.000000e+00,0.000000e+00,0.000000e+00,0.000000e+00,0.000000e+00,0.000000e+00,0.000000e+00,0.000000e+00,0.000000e+00,0.000000e+00,0.000000e+00,0.000000e+00,0.000000e+00
1.000000e+00,0.000000e+00,0.000000e+00,0.000000e+00,0.000000e+00,0.000000e+00,0.000000e+00,0.000000e+00,0.000000e+00,0.000000e+00,0.000000e+00,0.000000e+00,0.000000e+00,0.000000e+00,0.000000e+00
1.000000e+00,0.000000e+00,0.000000e+00,0.000000e+00,0.000000e+00,0.000000e+00,0.000000e+00,0.000000e+00,0.000000e+00,0.000000e+00,0.000000e+00,0.000000e+00,0.000000e+00,0.000000e+00,0.000000e+00
1.000000e+00,0.000000e+00,0.000000e+00,0.000000e+00,0.000000e+00,0.000000e+00,0.000000e+00,0.000000e+00,0.000000e+00,0.000000e+00,0.000000e+00,0.000000e+00,0.000000e+00,0.000000e+00,0.000000e+00
1.000000e+00,0.000000e+00,0.000000e+00,0.000000e+00,0.000000e+00,0.000000e+00,0.000000e+00,0.000000e+00,0.000000e+00,0.000000e+00,0.000000e+00,0.000000e+00,0.000000e+00,0.000000e+00,0.000000e+00
1.000000e+00,0.000000e+00,0.000000e+00,0.000000e+00,0.000000e+00,0.000000e+00,0.000000e+00,0.000000e+00,0.000000e+00,0.000000e+00,0.000000e+00,0.000000e+00,0.000000e+00,0.000000e+00,0.000000e+00
1.000000e+00,0.000000e+00,0.000000e+00,0.000000e+00,0.000000e+00,0.000000e+00,0.000000e+00,0.000000e+00,0.000000e+00,0.000000e+00,0.000000e+00,0.000000e+00,0.000000e+00,0.000000e+00,0.000000e+00
1.000000e+00,0.000000e+00,0.000000e+00,0.000000e+00,0.000000e+00,0.000000e+00,0.000000e+00,0.000000e+00,0.000000e+00,0.000000e+00,0.000000e+00,0.000000e+00,0.000000e+00,0.000000e+00,0.000000e+00
1.000000e+00,0.000000e+00,0.000000e+00,0.000000e+00,0.000000e+00,0.000000e+00,0.000000e+00,0.000000e+00,0.000000e+00,0.000000e+00,0.000000e+00,0.000000e+00,0.000000e+00,0.000000e+00,0.000000e+00
1.000000e+00,0.000000e+00,0.000000e+00,0.000000e+00,0.000000e+00,0.000000e+00,0.000000e+00,0.000000e+00,0.000000e+00,0.000000e+00,0.000000e+00,0.000000e+00,0.000000e+00,0.000000e+00,0.000000e+00
1.000000e+00,0.000000e+00,0.000000e+00,0.000000e+00,0.000000e+00,0.000000e+00,0.000000e+00,0.000000e+00,0.000000e+00,0.000000e+00,0.000000e+00,0.000000e+00,0.000000e+00,0.000000e+00,0.000000e+00
1.000000e+00,0.000000e+00,0.000000e+00,0.000000e+00,0.000000e+00,0.000000e+00,0.000000e+00,0.000000e+00,0.000000e+00,0.000000e+00,0.000000e+00,0.000000e+00,0.000000e+00,0.000000e+00,0.000000e+00
1.000000e+00,0.000000e+00,0.000000e+00,0.000000e+00,0.000000e+00,0.000000e+00,0.000000e+00,0.000000e+00,0.000000e+00,0.000000e+00,0.000000e+00,0.000000e+00,0.000000e+00,0.000000e+00,0.000000e+00
1.000000e+00,0.000000e+00,0.000000e+00,0.000000e+00,0.000000e+00,0.000000e+00,0.000000e+00,0.000000e+00,0.000000e+00,0.000000e+00,0.000000e+00,0.000000e+00,0.000000e+00,0.000000e+00,0.000000e+00
1.000000e+00,0.000000e+00,0.000000e+00,0.000000e+00,0.000000e+00,0.000000e+00,0.000000e+00,0.000000e+00,0.000000e+00,0.000000e+00,0.000000e+00,0.000000e+00,0.000000e+00,0.000000e+00,0.000000e+00
1.000000e+00,0.000000e+00,0.000000e+00,0.000000e+00,0.000000e+00,0.000000e+00,0.000000e+00,0.000000e+00,0.000000e+00,0.000000e+00,0.000000e+00,0.000000e+00,0.000000e+00,0.000000e+00,0.000000e+00
1.000000e+00,0.000000e+00,0.000000e+00,0.000000e+00,0.000000e+00,0.000000e+00,0.000000e+00,0.000000e+00,0.000000e+00,0.000000e+00,0.000000e+00,0.000000e+00,0.000000e+00,0.000000e+00,0.000000e+00
1.000000e+00,0.000000e+00,0.000000e+00,0.000000e+00,0.000000e+00,0.000000e+00,0.000000e+00,0.000000e+00,0.000000e+00,0.000000e+00,0.000000e+00,0.000000e+00,0.000000e+00,0.000000e+00,0.000000e+00
1.000000e+00,0.000000e+00,0.000000e+00,0.000000e+00,0.000000e+00,0.000000e+00,0.000000e+00,0.000000e+00,0.000000e+00,0.000000e+00,0.000000e+00,0.000000e+00,0.000000e+00,0.000000e+00,0.000000e+00
1.000000e+00,0.000000e+00,0.000000e+00,0.000000e+00,0.000000e+00,0.000000e+00,0.000000e+00,0.000000e+00,0.000000e+00,0.000000e+00,0.000000e+00,0.000000e+00,0.000000e+00,0.000000e+00,0.000000e+00
1.000000e+00,0.000000e+00,0.000000e+00,0.000000e+00,0.000000e+00,0.000000e+00,0.000000e+00,0.000000e+00,0.000000e+00,0.000000e+00,0.000000e+00,0.000000e+00,0.000000e+00,0.000000e+00,0.000000e+00
1.000000e+00,0.000000e+00,0.000000e+00,0.000000e+00,0.000000e+00,0.000000e+00,0.000000e+00,0.000000e+00,0.000000e+00,0.000000e+00,0.000000e+00,0.000000e+00,0.000000e+00,0.000000e+00,0.000000e+00
1.000000e+00,0.000000e+00,0.000000e+00,0.000000e+00,0.000000e+00,0.000000e+00,0.000000e+00,0.000000e+00,0.000000e+00,0.000000e+00,0.000000e+00,0.000000e+00,0.000000e+00,0.000000e+00,0.000000e+00
1.000000e+00,0.000000e+00,0.000000e+00,0.000000e+00,0.000000e+00,0.000000e+00,0.000000e+00,0.000000e+00,0.000000e+00,0.000000e+00,0.000000e+00,0.000000e+00,0.000000e+00,0.000000e+00,0.000000e+00
1.000000e+00,0.000000e+00,0.000000e+00,0.000000e+00,0.000000e+00,0.000000e+00,0.000000e+00,0.000000e+00,0.000000e+00,0.000000e+00,0.000000e+00,0.000000e+00,0.000000e+00,0.000000e+00,0.000000e+00
1.000000e+00,0.000000e+00,0.000000e+00,0.000000e+00,0.000000e+00,0.000000e+00,0.000000e+00,0.000000e+00,0.000000e+00,0.000000e+00,0.000000e+00,0.000000e+00,0.000000e+00,0.000000e+00,0.000000e+00
1.000000e+00,0.000000e+00,0.000000e+00,0.000000e+00,0.000000e+00,0.000000e+00,0.000000e+00,0.000000e+00,0.000000e+00,0.000000e+00,0.000000e+00,0.000000e+00,0.000000e+00,0.000000e+00,0.000000e+00
1.000000e+00,0.000000e+00,0.000000e+00,0.000000e+00,0.000000e+00,0.000000e+00,0.000000e+00,0.000000e+00,0.000000e+00,0.000000e+00,0.000000e+00,0.000000e+00,0.000000e+00,0.000000e+00,0.000000e+00
1.000000e+00,0.000000e+00,0.000000e+00,0.000000e+00,0.000000e+00,0.000000e+00,0.000000e+00,0.000000e+00,0.000000e+00,0.000000e+00,0.000000e+00,0.000000e+00,0.000000e+00,0.000000e+00,0.000000e+00
1.000000e+00,0.000000e+00,0.000000e+00,0.000000e+00,0.000000e+00,0.000000e+00,0.000000e+00,0.000000e+00,0.000000e+00,0.000000e+00,0.000000e+00,0.000000e+00,0.000000e+00,0.000000e+00,0.000000e+00
1.000000e+00,0.000000e+00,0.000000e+00,0.000000e+00,0.000000e+00,0.000000e+00,0.000000e+00,0.000000e+00,0.000000e+00,0.000000e+00,0.000000e+00,0.000000e+00,0.000000e+00,0.000000e+00,0.000000e+00
1.000000e+00,0.000000e+00,0.000000e+00,0.000000e+00,0.000000e+00,0.000000e+00,0.000000e+00,0.000000e+00,0.000000e+00,0.000000e+00,0.000000e+00,0.000000e+00,0.000000e+00,0.000000e+00,0.000000e+00
1.000000e+00,0.000000e+00,0.000000e+00,0.000000e+00,0.000000e+00,0.000000e+00,0.000000e+00,0.000000e+00,0.000000e+00,0.000000e+00,0.000000e+00,0.000000e+00,0.000000e+00,0.000000e+00,0.000000e+00
1.000000e+00,0.000000e+00,0.000000e+00,0.000000e+00,0.000000e+00,0.000000e+00,0.000000e+00,0.000000e+00,0.000000e+00,0.000000e+00,0.000000e+00,0.000000e+00,0.000000e+00,0.000000e+00,0.000000e+00
1.000000e+00,0.000000e+00,0.000000e+00,0.000000e+00,0.000000e+00,0.000000e+00,0.000000e+00,0.000000e+00,0.000000e+00,0.000000e+00,0.000000e+00,0.000000e+00,0.000000e+00,0.000000e+00,0.000000e+00
1.000000e+00,0.000000e+00,0.000000e+00,0.000000e+00,0.000000e+00,0.000000e+00,0.000000e+00,0.000000e+00,0.000000e+00,0.000000e+00,0.000000e+00,0.000000e+00,0.000000e+00,0.000000e+00,0.000000e+00
1.000000e+00,0.000000e+00,0.000000e+00,0.000000e+00,0.000000e+00,0.000000e+00,0.000000e+00,0.000000e+00,0.000000e+00,0.000000e+00,0.000000e+00,0.000000e+00,0.000000e+00,0.000000e+00,0.000000e+00
1.000000e+00,0.000000e+00,0.000000e+00,0.000000e+00,0.000000e+00,0.000000e+00,0.000000e+00,0.000000e+00,0.000000e+00,0.000000e+00,0.000000e+00,0.000000e+00,0.000000e+00,0.000000e+00,0.000000e+00
1.000000e+00,0.000000e+00,0.000000e+00,0.000000e+00,0.000000e+00,0.000000e+00,0.000000e+00,0.000000e+00,0.000000e+00,0.000000e+00,0.000000e+00,0.000000e+00,0.000000e+00,0.000000e+00,0.000000e+00
1.000000e+00,0.000000e+00,0.000000e+00,0.000000e+00,0.000000e+00,0.000000e+00,0.000000e+00,0.000000e+00,0.000000e+00,0.000000e+00,0.000000e+00,0.000000e+00,0.000000e+00,0.000000e+00,0.000000e+00
1.000000e+00,0.000000e+00,0.000000e+00,0.000000e+00,0.000000e+00,0.000000e+00,0.000000e+00,0.000000e+00,0.000000e+00,0.000000e+00,0.000000e+00,0.000000e+00,0.000000e+00,0.000000e+00,0.000000e+00
1.000000e+00,0.000000e+00,0.000000e+00,0.000000e+00,0.000000e+00,0.000000e+00,0.000000e+00,0.000000e+00,0.000000e+00,0.000000e+00,0.000000e+00,0.000000e+00,0.000000e+00,0.000000e+00,0.000000e+00
3.711655e-01,9.134639e-03,4.835620e-02,7.263795e-02,6.004388e-03,5.661406e-02,5.304836e-02,1.680427e-02,1.138696e-02,8.593295e-02,3.940337e-02,1.985174e-01,1.234911e-02,7.476838e-03,1.116805e-02
2.671897e-01,7.621353e-03,3.472688e-02,8.994025e-02,4.934548e-03,4.976723e-02,3.830542e-02,1.270042e-02,1.295627e-02,6.275583e-02,5.294086e-02,3.411422e-01,9.412384e-03,6.410632e-03,9.196006e-03
1.911612e-01,5.812927e-03,2.494257e-02,7.100128e-02,4.838108e-03,3.890918e-02,2.852701e-02,9.582859e-03,1.276134e-02,4.967489e-02,7.904650e-02,4.623647e-01,7.761098e-03,6.359746e-03,7.256574e-03
1.345958e-01,4.199559e-03,1.778738e-02,5.058102e-02,5.001102e-03,2.872148e-02,2.073439e-02,7.273006e-03,1.091991e-02,3.591295e-02,1.276275e-01,5.327570e-01,6.832184e-03,1.166967e-02,5.387147e-03
9.506928e-02,3.109858e-03,1.266326e-02,3.617056e-02,5.038563e-03,2.209737e-02,1.484687e-02,5.316067e-03,8.576735e-03,2.743710e-02,1.439290e-01,6.026782e-01,5.991680e-03,1.298967e-02,4.085720e-03
6.694717e-02,2.550360e-03,9.629833e-03,2.572105e-02,5.629935e-03,1.674160e-02,1.051593e-02,4.222587e-03,6.467511e-03,1.980897e-02,1.397432e-01,6.708784e-01,4.904510e-03,1.323442e-02,3.004542e-03
4.706281e-02,1.882911e-03,6.856527e-03,1.816962e-02,5.496312e-03,1.246486e-02,7.413908e-03,3.126211e-03,4.755736e-03,1.418815e-02,1.683646e-01,6.911422e-01,3.990001e-03,1.289701e-02,2.189202e-03
3.306159e-02,1.802693e-03,4.958098e-03,1.285991e-02,6.289472e-03,8.877175e-03,5.201392e-03,2.350440e-03,4.302654e-03,1.026796e-02,2.249866e-01,6.687815e-01,3.106224e-03,1.148731e-02,1.667005e-03
2.416838e-02,2.265655e-03,4.140272e-03,9.612329e-03,1.003274e-02,7.116660e-03,3.735825e-03,2.429263e-03,4.973042e-03,8.620210e-03,2.032053e-01,7.013086e-01,2.535007e-03,1.456114e-02,1.295582e-03
1.716592e-02,2.287179e-03,3.532343e-03,6.894224e-03,8.438814e-03,5.408003e-03,2.624165e-03,1.796247e-03,4.617644e-03,6.532676e-03,2.297562e-01,6.932561e-01,1.950298e-03,1.469827e-02,1.041960e-03
1.210194e-02,2.801122e-03,5.702408e-03,4.981303e-03,8.149737e-03,4.141016e-03,1.860820e-03,1.389833e-03,5.383401e-03,5.417351e-03,1.952956e-01,7.388348e-01,1.408827e-03,1.165972e-02,8.720839e-04
9.523246e-03,4.664752e-03,8.262209e-03,3.988225e-03,6.497057e-03,3.243904e-03,1.322573e-03,1.503790e-03,5.111016e-03,4.446043e-03,1.819167e-01,7.577555e-01,1.105909e-03,9.974074e-03,6.850210e-04
7.178352e-03,6.877279e-03,7.661296e-03,3.019286e-03,5.105235e-03,2.438869e-03,9.322147e-04,1.218614e-03,4.831690e-03,3.689613e-03,3.140483e-01,6.328450e-01,8.372983e-04,8.783231e-03,5.337307e-04
5.095346e-03,5.439186e-03,8.671316e-03,2.556454e-03,3.762560e-03,1.817832e-03,6.582027e-04,1.168612e-03,4.743156e-03,2.813110e-03,4.388938e-01,5.163500e-01,5.993687e-04,7.018582e-03,4.125502e-04
3.630212e-03,4.266755e-03,8.678850e-03,2.099174e-03,2.728582e-03,1.399820e-03,4.642994e-04,1.001722e-03,4.364568e-03,2.220959e-03,5.604495e-01,4.026819e-01,4.274838e-04,5.257487e-03,3.286503e-04
4.479036e-03,5.563552e-03,3.396687e-02,3.993277e-03,2.498521e-03,3.346673e-03,5.349878e-04,5.787754e-03,6.659471e-03,4.280989e-03,5.089603e-01,4.140319e-01,4.158112e-04,5.115123e-03,3.657720e-04
3.834641e-03,5.456630e-03,3.416454e-02,4.187471e-03,3.018952e-03,3.134213e-03,4.354197e-04,6.015165e-03,1.219771e-02,5.584761e-03,5.570787e-01,3.588978e-01,3.578306e-04,5.101729e-03,5.344616e-04
5.054083e-03,4.001629e-03,6.109395e-02,6.561905e-03,3.352541e-03,4.273823e-03,7.515153e-04,1.712028e-02,2.072322e-02,7.260154e-03,5.943592e-01,2.684647e-01,3.084178e-04,5.921059e-03,7.535428e-04
4.506865e-03,2.909560e-03,4.403885e-02,5.545297e-03,2.602377e-03,3.474887e-03,5.417361e-04,1.302074e-02,5.272035e-02,5.513759e-03,6.678162e-01,1.906281e-01,2.479215e-04,5.743435e-03,6.899784e-04
4.404214e-03,2.227443e-03,3.227378e-02,5.601935e-03,2.328616e-03,3.082527e-03,4.006062e-04,9.947590e-03,7.082058e-02,4.504724e-03,7.231420e-01,1.349566e-01,2.011333e-04,5.394629e-03,7.136055e-04
6.075266e-03,1.736800e-03,2.530856e-02,5.970942e-03,3.086989e-03,4.158237e-03,3.761784e-04,1.510886e-02,8.740601e-02,3.884428e-03,7.450961e-01,9.522421e-02,2.249116e-04,5.341404e-03,1.001129e-03
6.064249e-03,1.446848e-03,1.849418e-02,4.511971e-03,6.717743e-03,3.369313e-03,2.917182e-04,1.099951e-02,8.201376e-02,3.179613e-03,7.890688e-01,6.761014e-02,3.810972e-04,4.380947e-03,1.470167e-03
7.434178e-03,1.349135e-03,1.524201e-02,7.336382e-03,2.306265e-02,3.460533e-03,2.264921e-04,1.408776e-02,1.485745e-01,3.539421e-03,7.203650e-01,4.870017e-02,5.019678e-04,3.558849e-03,2.560966e-03
1.355693e-02,1.146997e-03,1.261146e-02,7.128673e-03,2.846909e-02,3.416059e-03,1.800143e-04,1.424984e-02,1.785644e-01,3.416548e-03,6.957847e-01,3.461345e-02,5.651294e-04,3.623655e-03,2.673031e-03
1.652482e-02,1.812885e-03,1.408807e-02,6.024473e-03,2.616592e-02,4.052144e-03,1.469064e-04,1.163081e-02,2.739304e-01,4.191235e-03,5.683628e-01,2.483487e-02,1.406655e-03,1.187440e-02,3.495362e-02
1.322819e-02,5.977846e-03,3.905413e-02,5.065101e-03,2.769266e-02,3.559499e-03,1.418877e-04,8.997225e-03,2.976501e-01,4.452421e-03,4.082177e-01,1.772883e-02,1.802647e-03,7.375274e-02,9.267902e-02
9.812858e-03,5.644154e-03,3.620746e-02,3.736627e-03,2.005025e-02,2.586775e-03,1.226894e-04,6.560690e-03,3.258630e-01,4.427246e-03,3.174556e-01,1.325491e-02,1.660733e-03,1.166385e-01,1.359785e-01
6.957169e-03,4.635802e-03,3.592880e-02,2.712719e-03,1.419234e-02,1.871148e-03,9.397707e-05,4.651289e-03,2.350718e-01,3.357115e-03,3.491252e-01,9.581570e-03,1.251517e-03,2.318085e-01,9.876104e-02
5.004071e-03,3.622936e-03,2.792109e-02,1.997106e-03,1.011988e-02,1.536649e-03,9.479373e-05,3.298037e-03,1.669951e-01,2.752925e-03,3.581634e-01,7.276005e-03,1.184337e-03,3.404172e-01,6.961644e-02
3.649702e-03,2.749064e-03,2.090340e-02,1.600424e-03,7.237468e-03,1.421168e-03,1.302439e-04,2.373894e-03,1.193957e-01,2.709384e-03,3.739293e-01,6.129733e-03,1.344754e-03,4.066274e-01,4.979847e-02
2.739784e-03,2.029118e-03,1.485554e-02,1.380258e-03,5.627203e-03,3.587781e-03,1.664781e-04,1.711795e-03,8.573397e-02,2.418990e-03,3.126946e-01,6.260458e-03,1.592607e-03,5.239899e-01,3.521157e-02
2.003679e-03,1.479546e-03,1.049888e-02,1.158771e-03,4.189788e-03,4.203562e-03,1.428134e-04,1.218429e-03,6.149528e-02,1.949368e-03,2.592734e-01,6.131118e-03,1.555335e-03,6.198955e-01,2.480457e-02
1.448184e-03,1.106689e-03,7.480341e-03,1.233529e-03,3.154767e-03,5.125971e-03,1.252054e-04,8.610896e-04,4.535034e-02,1.493373e-03,1.985914e-01,5.250489e-03,1.214982e-03,7.100407e-01,1.752289e-02
1.053127e-03,9.022907e-04,5.528528e-03,1.304289e-03,2.414382e-03,6.432403e-03,1.243664e-04,6.114354e-04,3.564236e-02,1.214136e-03,1.583883e-01,4.190062e-03,9.182949e-04,7.688410e-01,1.243507e-02
8.000109e-04,7.708835e-04,4.972655e-03,1.586377e-03,2.188828e-03,6.782477e-03,1.836510e-04,4.673752e-04,2.833580e-02,1.094164e-03,1.307232e-01,3.367335e-03,7.613593e-04,8.088982e-01,9.067747e-03
5.884403e-04,5.886696e-04,3.882133e-03,1.242210e-03,1.680804e-03,8.394066e-03,1.491845e-04,3.394266e-04,2.357564e-02,1.088112e-03,1.039883e-01,2.678077e-03,6.527223e-04,8.446234e-01,6.528873e-03
4.622644e-04,6.934881e-04,3.459625e-03,1.226835e-03,1.356852e-03,1.730407e-02,1.510642e-04,2.533953e-04,2.891986e-02,1.357635e-03,9.023836e-02,2.206736e-03,5.220824e-04,8.468838e-01,4.964000e-03
3.517313e-04,7.413808e-04,2.885767e-03,1.168985e-03,1.149994e-03,2.593309e-02,1.201310e-04,2.067030e-04,5.210615e-02,1.304514e-03,7.430814e-02,1.961910e-03,4.146990e-04,8.336126e-01,3.734293e-03
2.543352e-04,7.808638e-04,2.340920e-03,1.119517e-03,9.260785e-04,1.990936e-02,8.861940e-05,1.506946e-04,1.085549e-01,1.301646e-03,5.977989e-02,1.846467e-03,3.184466e-04,7.995265e-01,3.101820e-03
1.852983e-04,1.168617e-03,1.863605e-03,9.744309e-04,7.224944e-04,1.463523e-02,6.480878e-05,1.099494e-04,1.754620e-01,1.268036e-03,4.852108e-02,1.759457e-03,2.299590e-04,7.503639e-01,2.671085e-03
1.420631e-04,1.049755e-03,1.496681e-03,8.941508e-04,5.646621e-04,1.122698e-02,4.814524e-05,8.386572e-05,2.174869e-01,1.185796e-03,4.162401e-02,1.569538e-03,1.855435e-04,7.190036e-01,3.438266e-03
1.101089e-04,9.288500e-04,1.167845e-03,8.211958e-04,4.227323e-04,8.321415e-03,3.658050e-05,6.456390e-05,2.191110e-01,1.157946e-03,3.553280e-02,1.559551e-03,1.434203e-04,7.274235e-01,3.198448e-03
1.104343e-04,1.861756e-03,9.472508e-04,8.066876e-04,3.338841e-04,6.283920e-03,3.074207e-05,5.325884e-05,3.059941e-01,1.645351e-03,2.877610e-02,1.708955e-03,1.130257e-04,6.473689e-01,3.965691e-03
1.036021e-04,2.118689e-03,8.468280e-04,9.786573e-04,2.719134e-04,5.330544e-03,2.582877e-05,5.150214e-05,4.463179e-01,1.997177e-03,2.290815e-02,1.628124e-03,9.808874e-05,5.117071e-01,5.615923e-03
1.141521e-04,4.331429e-03,8.811988e-04,1.366222e-03,2.507921e-04,5.184450e-03,2.482717e-05,5.506696e-05,5.699385e-01,2.892317e-03,1.935292e-02,1.657261e-03,1.087480e-04,3.821045e-01,1.173758e-02
1.700180e-04,5.187216e-03,1.421521e-03,1.353977e-03,2.614929e-04,8.244563e-03,2.893706e-05,6.978549e-05,6.213403e-01,3.452819e-03,1.883967e-02,2.133691e-03,1.831340e-04,3.212302e-01,1.608266e-02
3.512509e-04,6.417874e-03,3.158282e-03,1.650657e-03,2.479703e-04,6.978859e-03,3.604366e-05,6.623867e-05,6.671419e-01,7.672033e-03,2.278430e-02,1.733436e-03,2.414113e-04,2.517547e-01,2.976502e-02
1.159136e-03,8.243630e-03,1.538986e-02,2.931374e-03,4.929873e-04,1.063733e-02,9.610479e-05,3.260749e-04,6.536196e-01,1.119691e-02,2.966156e-02,1.961260e-03,9.273356e-04,1.899578e-01,7.339904e-02
2.103573e-03,6.122023e-03,1.170322e-02,2.692375e-03,5.645069e-04,1.031052e-02,8.699523e-05,6.195405e-04,5.482285e-01,1.103420e-02,3.034478e-02,3.864904e-03,4.338614e-03,1.498978e-01,2.180885e-01
2.684319e-03,4.330567e-03,8.758103e-03,2.165301e-03,5.427238e-04,8.154966e-03,6.623603e-05,6.424432e-04,4.201687e-01,1.343987e-02,2.958589e-02,4.455611e-03,4.938367e-03,1.134864e-01,3.865806e-01
3.559244e-03,3.264689e-03,7.168842e-03,1.998769e-03,5.453180e-04,7.006868e-03,6.172650e-05,5.637255e-04,3.352711e-01,1.558573e-02,3.230839e-02,8.208915e-03,5.601761e-03,1.217424e-01,4.571125e-01
4.421518e-03,2.478977e-03,8.523522e-03,3.323250e-03,5.468120e-04,6.988616e-03,5.888463e-05,4.980203e-04,3.253051e-01,1.888266e-02,3.353548e-02,9.100500e-03,7.663388e-03,1.025775e-01,4.760958e-01
1.454873e-02,2.017930e-03,1.029946e-02,2.500968e-03,1.325996e-03,5.662529e-03,5.903333e-05,1.012148e-03,2.581095e-01,1.067846e-01,6.505831e-02,1.438078e-02,9.887971e-03,1.111860e-01,3.971660e-01
1.434887e-02,1.854693e-03,1.203773e-02,2.033652e-03,1.200014e-03,4.286672e-03,4.761050e-05,1.137717e-03,2.272817e-01,9.878285e-02,7.038670e-02,1.669151e-02,1.093614e-02,1.235964e-01,4.153778e-01
1.555552e-02,1.662194e-03,1.551515e-02,1.740481e-03,1.463851e-03,3.448241e-03,4.448678e-05,2.094825e-03,1.814182e-01,1.304388e-01,8.291557e-02,2.179030e-02,1.359140e-02,1.717076e-01,3.566134e-01
1.477168e-02,1.916737e-03,1.380445e-02,2.755563e-03,1.692243e-03,3.983135e-03,5.529723e-05,1.850140e-03,1.604112e-01,1.724991e-01,1.153312e-01,6.647553e-02,2.700219e-02,1.410453e-01,2.764063e-01
1.384401e-02,1.694775e-03,1.101718e-02,3.869876e-03,2.483802e-03,3.728959e-03,1.300166e-04,1.906574e-03,1.397260e-01,1.591961e-01,2.220507e-01,9.045903e-02,3.453811e-02,1.127602e-01,2.025946e-01
1.264989e-02,1.374124e-03,8.121402e-03,3.298728e-03,2.780772e-03,3.733501e-03,2.580293e-04,1.543913e-03,1.213207e-01,1.447398e-01,2.844005e-01,1.198868e-01,3.337210e-02,1.177163e-01,1.448035e-01
9.317060e-03,1.081769e-03,5.860678e-03,2.597343e-03,2.973293e-03,3.131324e-03,3.498324e-04,1.121235e-03,8.844619e-02,1.037314e-01,3.664812e-01,1.499860e-01,2.824471e-02,1.350366e-01,1.016414e-01
7.304087e-03,9.402896e-04,4.291314e-03,1.993380e-03,5.483937e-03,3.235857e-03,6.702960e-04,8.927411e-04,6.984615e-02,7.681482e-02,2.994951e-01,1.670793e-01,2.979757e-02,2.598520e-01,7.230318e-02
1.210622e-02,2.072708e-03,4.491997e-03,2.308608e-03,1.707438e-02,1.186565e-02,1.597161e-03,1.655112e-03,6.908562e-02,5.621495e-02,2.530824e-01,2.271554e-01,5.773839e-02,2.309717e-01,5.257967e-02
1.122621e-02,2.594086e-03,3.757394e-03,2.163200e-03,1.714561e-02,1.587423e-02,1.569551e-03,2.193040e-03,6.040362e-02,4.307947e-02,2.018849e-01,2.919185e-01,6.819112e-02,2.398113e-01,3.818785e-02
9.370018e-03,2.317850e-03,3.368984e-03,2.406433e-03,3.278710e-02,1.529776e-02,1.449714e-03,2.834724e-03,4.798148e-02,3.516350e-02,1.777030e-01,2.986227e-01,1.319606e-01,2.103682e-01,2.836793e-02
7.657241e-03,1.779066e-03,2.734267e-03,2.579616e-03,2.605718e-02,1.498431e-02,1.399182e-03,3.644202e-03,3.558467e-02,2.782871e-02,1.536791e-01,2.751988e-01,1.415174e-01,2.848033e-01,2.055293e-02
7.597046e-03,1.382606e-03,2.813790e-03,2.955779e-03,2.574342e-02,1.209342e-02,1.509801e-03,5.064729e-03,2.848431e-02,2.762397e-02,1.465859e-01,3.076950e-01,1.370729e-01,2.782913e-01,1.508612e-02
8.205839e-03,1.152297e-03,3.115239e-03,2.780673e-03,2.170144e-02,1.081216e-02,1.377319e-03,5.316752e-03,2.167499e-02,2.436595e-02,1.102211e-01,4.405058e-01,1.075957e-01,2.302433e-01,1.093146e-02
7.096069e-03,1.339606e-03,3.009890e-03,2.517476e-03,1.806867e-02,9.543940e-03,1.249880e-03,5.152016e-03,1.749017e-02,1.963291e-02,8.447666e-02,5.674940e-01,8.359186e-02,1.713178e-01,8.019065e-03
7.637599e-03,1.392425e-03,3.524537e-03,2.266360e-03,1.826513e-02,1.099004e-02,1.254684e-03,5.115374e-03,1.837132e-02,1.693737e-02,6.528623e-02,6.380061e-01,8.140579e-02,1.236690e-01,5.878138e-03
7.466830e-03,1.696399e-03,4.954226e-03,1.877384e-03,1.602665e-02,8.919887e-03,1.071079e-03,4.353514e-03,1.837878e-02,1.341699e-02,4.981419e-02,7.097826e-01,7.044265e-02,8.750706e-02,4.291778e-03
1.340695e-02,1.660795e-03,4.439211e-03,1.566983e-03,2.509741e-02,7.621414e-03,2.178887e-03,4.142902e-03,2.002104e-02,1.099678e-02,3.798487e-02,7.439467e-01,6.078436e-02,6.261872e-02,3.533032e-03
1.210673e-02,3.355680e-03,5.815906e-03,1.319436e-03,1.928642e-02,1.016639e-02,1.687353e-03,3.545629e-03,2.127674e-02,8.895266e-03,3.376178e-02,7.398803e-01,9.060983e-02,4.551669e-02,2.775847e-03
1.859803e-02,4.015469e-03,6.082946e-03,1.336172e-03,1.507016e-02,3.377758e-02,1.540506e-03,2.895164e-03,1.818354e-02,8.526267e-03,3.245994e-02,7.231613e-01,9.682373e-02,3.510034e-02,2.428898e-03
3.496534e-02,6.425066e-03,5.245348e-03,4.320976e-03,1.704165e-02,2.749879e-02,1.179319e-03,2.499491e-03,7.670296e-02,8.752353e-03,3.283212e-02,6.488554e-01,1.036770e-01,2.761584e-02,2.388370e-03
2.546964e-02,1.214553e-02,4.729924e-03,7.242732e-03,1.697227e-02,2.045851e-02,8.571918e-04,2.306735e-03,2.647065e-01,6.492053e-03,3.170874e-02,5.010723e-01,8.420999e-02,1.962400e-02,2.003794e-03
1.976843e-02,1.130360e-02,1.284336e-02,1.024690e-02,1.500365e-02,1.632055e-02,8.404368e-04,9.269475e-03,2.951404e-01,5.125700e-03,4.612409e-02,4.325425e-01,1.096631e-01,1.407603e-02,1.731721e-03
1.441238e-02,1.127402e-02,1.080295e-02,1.484656e-02,1.143159e-02,1.364132e-02,6.027044e-04,7.056069e-03,3.794123e-01,4.465284e-03,4.723050e-02,3.772420e-01,9.597972e-02,1.006273e-02,1.539905e-03
1.065144e-02,1.177048e-02,8.305890e-03,1.486374e-02,8.690333e-03,1.106502e-02,4.356317e-04,5.179457e-03,4.343739e-01,3.938123e-03,5.017863e-02,3.494606e-01,8.082061e-02,7.852778e-03,2.413383e-03
1.057208e-02,2.716066e-02,7.102257e-03,1.790820e-02,7.327389e-03,2.413217e-02,3.312080e-04,3.975299e-03,4.531703e-01,5.552745e-03,7.253981e-02,2.966453e-01,5.922316e-02,9.246597e-03,5.112858e-03
1.035760e-02,2.216364e-02,9.354031e-03,4.686033e-02,6.606160e-03,2.175038e-02,3.485833e-04,3.721900e-03,3.563533e-01,4.858383e-03,1.943634e-01,2.671010e-01,4.246743e-02,8.673644e-03,5.020275e-03
8.936528e-03,1.765635e-02,1.069716e-02,4.702127e-02,6.159590e-03,2.283344e-02,2.805104e-04,3.105619e-03,2.533090e-01,3.595182e-03,2.777010e-01,3.080883e-01,2.998974e-02,6.682544e-03,3.943827e-03
1.034890e-02,1.415605e-02,7.954244e-03,3.553753e-02,5.353581e-03,1.966494e-02,2.735581e-04,2.287345e-03,1.778316e-01,2.853806e-03,3.511970e-01,3.424251e-01,2.137603e-02,5.046941e-03,3.693293e-03
1.365503e-02,1.073355e-02,5.860708e-03,2.806246e-02,4.668243e-03,2.055793e-02,2.939325e-04,1.774989e-03,1.247190e-01,2.204615e-03,3.039056e-01,4.613343e-01,1.542009e-02,3.806508e-03,3.003071e-03
3.739965e-02,8.477049e-03,4.229194e-03,2.043191e-02,4.565758e-03,1.726386e-02,3.194021e-04,1.377826e-03,8.777335e-02,2.112221e-03,2.899396e-01,5.085167e-01,1.204491e-02,2.977321e-03,2.571186e-03
3.093390e-02,6.141862e-03,2.999005e-03,1.459507e-02,4.311042e-03,1.427062e-02,2.444184e-04,1.020628e-03,6.179345e-02,2.378238e-03,2.743329e-01,5.731812e-01,9.446655e-03,2.328491e-03,2.022520e-03
2.346776e-02,4.443080e-03,2.130174e-03,1.049197e-02,5.085801e-03,1.310994e-02,1.802293e-04,7.504494e-04,4.346346e-02,2.431209e-03,2.136399e-01,6.699897e-01,7.201829e-03,1.953463e-03,1.661064e-03
1.748842e-02,3.212696e-03,1.519524e-03,7.459463e-03,4.310626e-03,1.146191e-02,1.436530e-04,5.690978e-04,3.065738e-02,2.253186e-03,1.660764e-01,7.461278e-01,5.644458e-03,1.673509e-03,1.401862e-03
1.255030e-02,2.446060e-03,1.105595e-03,5.294266e-03,5.093934e-03,1.077426e-02,1.343421e-04,4.248576e-04,2.176050e-02,2.095152e-03,1.393741e-01,7.916113e-01,4.527086e-03,1.459382e-03,1.348848e-03
9.704803e-03,3.167307e-03,1.830840e-03,3.863069e-03,5.034193e-02,1.142291e-02,1.038473e-03,1.108179e-03,1.562922e-02,1.783598e-03,1.056155e-01,7.882590e-01,3.364518e-03,1.525732e-03,1.344963e-03
9.688979e-03,2.395083e-03,1.765993e-03,2.914897e-03,6.514239e-02,1.178091e-02,6.939154e-03,1.365042e-02,1.124654e-02,2.299211e-03,9.109633e-02,7.756037e-01,2.788633e-03,1.681293e-03,1.006502e-03
7.583865e-03,1.764129e-03,1.333980e-03,2.066517e-03,5.792993e-02,9.285704e-03,6.095860e-03,1.100434e-02,8.170259e-03,2.033215e-03,7.284705e-02,8.151462e-01,2.298479e-03,1.686549e-03,7.540092e-04
5.611874e-03,1.297506e-03,1.044842e-03,1.481171e-03,4.297433e-02,7.745128e-03,4.752802e-03,7.984764e-03,6.159797e-03,1.914376e-03,5.610240e-02,8.589190e-01,1.927485e-03,1.532566e-03,5.520306e-04
4.361389e-03,9.967615e-04,9.173715e-04,1.080905e-03,3.312768e-02,6.769581e-03,3.684086e-03,5.906150e-03,4.663304e-03,1.905598e-03,4.485968e-02,8.881496e-01,1.883082e-03,1.282065e-03,4.127850e-04
4.214767e-03,1.043913e-03,3.468534e-03,8.413328e-04,7.966946e-02,6.113799e-03,3.344312e-03,5.262700e-03,9.797928e-03,2.446187e-03,3.613318e-02,8.428965e-01,2.854235e-03,1.470739e-03,4.423789e-04
4.493222e-03,1.080771e-03,7.968479e-02,6.696807e-04,2.024172e-01,5.560307e-03,3.763878e-03,2.704798e-02,9.445966e-03,1.988867e-03,2.653889e-02,6.329530e-01,2.805132e-03,1.222177e-03,3.280737e-04
5.827877e-03,3.496523e-03,1.293497e-01,8.686859e-04,3.185502e-01,2.093456e-02,4.764598e-03,2.220429e-02,1.068821e-02,1.549281e-03,2.033781e-02,4.577192e-01,2.426347e-03,9.948498e-04,2.877427e-04
6.013454e-03,2.865394e-03,1.730416e-01,1.660263e-03,4.028553e-01,1.576286e-02,5.526984e-03,3.924272e-02,1.185592e-02,1.191639e-03,1.463174e-02,3.224149e-01,1.989862e-03,7.199228e-04,2.273210e-04
7.501010e-03,2.623417e-03,1.675981e-01,2.050213e-03,5.201546e-01,1.226816e-02,4.814761e-03,2.991865e-02,1.281085e-02,9.437139e-04,1.051719e-02,2.265071e-01,1.501408e-03,5.378775e-04,2.529708e-04
7.346300e-03,3.185652e-03,2.751344e-01,4.550528e-03,4.899440e-01,1.115808e-02,6.190795e-03,2.358453e-02,1.020438e-02,7.689964e-04,7.474615e-03,1.586644e-01,1.115869e-03,3.845874e-04,2.928451e-04
6.845224e-03,7.207261e-03,2.216908e-01,2.359184e-02,4.606137e-01,9.192329e-03,4.496815e-03,1.925612e-02,1.177455e-02,1.694759e-03,1.051451e-01,1.141325e-01,6.034496e-03,5.845245e-03,2.479195e-03
6.614181e-03,1.383844e-02,1.814964e-01,3.333509e-02,4.014295e-01,7.653848e-03,3.388947e-03,1.769651e-02,2.954495e-02,1.023283e-02,1.786010e-01,8.774039e-02,8.610748e-03,1.189347e-02,7.923719e-03
6.817184e-03,1.502041e-02,1.288502e-01,4.971819e-02,3.061721e-01,5.755127e-03,2.462158e-03,1.346837e-02,2.507373e-02,7.954441e-03,3.391829e-01,7.465048e-02,7.307632e-03,1.082853e-02,6.738586e-03
7.390520e-03,1.318679e-02,9.191145e-02,5.404207e-02,2.838356e-01,5.179779e-03,1.974650e-03,1.179273e-02,2.055144e-02,6.144582e-03,3.833185e-01,7.869130e-02,8.281415e-03,2.845842e-02,5.240759e-03
5.502172e-03,9.799229e-03,6.493604e-02,3.986019e-02,2.056931e-01,4.105247e-03,1.446988e-03,8.678230e-03,1.570210e-02,4.927956e-03,5.109258e-01,8.318589e-02,6.892711e-03,3.445441e-02,3.890054e-03
6.453532e-03,7.017799e-03,4.573452e-02,2.993515e-02,1.574332e-01,4.410178e-03,1.045274e-03,6.310576e-03,1.150578e-02,7.616379e-03,5.456848e-01,1.353933e-01,6.019854e-03,3.245888e-02,2.980855e-03
5.190957e-03,5.133558e-03,3.243962e-02,2.126341e-02,1.152875e-01,4.150209e-03,7.449806e-04,4.527178e-03,8.847391e-03,7.371376e-03,6.069804e-01,1.454621e-01,5.113242e-03,3.511850e-02,2.369565e-03
6.893322e-03,4.309765e-03,2.436193e-02,1.513045e-02,9.024827e-02,6.501335e-03,5.473975e-04,3.620381e-03,8.068840e-03,7.811726e-03,6.598621e-01,1.151329e-01,4.110452e-03,5.142548e-02,1.975644e-03
8.225693e-03,3.889037e-03,1.842077e-02,1.096421e-02,1.366311e-01,6.018632e-03,3.951802e-04,2.676039e-03,1.254992e-02,1.507327e-02,6.230608e-01,9.317701e-02,3.433223e-03,6.330343e-02,2.181642e-03
1.306010e-02,5.052286e-03,1.808159e-02,8.523492e-03,1.469764e-01,2.206011e-02,3.545409e-04,5.175308e-03,1.534200e-02,4.916747e-02,5.775049e-01,7.298606e-02,3.103740e-03,6.054144e-02,2.070561e-03
2.112071e-02,1.368950e-02,1.881064e-02,6.354586e-03,1.562632e-01,4.776515e-02,3.052411e-04,5.017404e-03,2.667340e-02,4.544127e-02,4.940244e-01,5.429091e-02,3.121035e-03,1.049647e-01,2.157850e-03
4.331350e-02,3.056490e-02,1.719706e-02,5.061334e-03,1.564708e-01,5.070372e-02,2.931152e-04,4.616109e-03,3.113466e-02,4.703998e-02,4.259542e-01,4.107214e-02,2.977980e-03,1.407956e-01,2.804979e-03
7.875361e-02,3.697832e-02,1.690106e-02,4.126245e-03,1.407888e-01,5.924068e-02,2.491694e-04,3.907785e-03,4.687365e-02,3.991178e-02,3.563662e-01,3.057734e-02,2.517456e-03,1.795777e-01,3.230181e-03
8.935829e-02,3.597626e-02,2.013801e-02,4.364185e-03,1.175065e-01,1.331767e-01,2.269846e-04,4.410466e-03,4.736355e-02,3.056487e-02,2.927196e-01,2.251157e-02,2.062520e-03,1.957877e-01,3.832755e-03
9.427059e-02,3.234330e-02,2.774783e-02,5.856999e-03,8.861408e-02,2.043278e-01,3.363820e-04,5.483252e-03,4.085972e-02,2.339802e-02,2.606509e-01,1.628097e-02,1.693153e-03,1.932022e-01,4.934663e-03
1.114760e-01,2.995554e-02,2.911656e-02,6.282686e-03,6.545153e-02,2.545107e-01,2.948396e-04,5.096599e-03,3.629690e-02,1.722446e-02,2.489693e-01,1.173262e-02,1.397581e-03,1.760978e-01,6.096874e-03
1.136305e-01,2.680805e-02,2.613731e-02,7.554687e-03,4.965424e-02,2.951783e-01,2.584712e-04,5.126756e-03,3.262856e-02,1.245888e-02,2.501191e-01,8.666559e-03,1.133637e-03,1.617956e-01,8.849228e-03
1.334538e-01,2.382086e-02,3.255375e-02,1.344998e-02,3.788340e-02,2.806957e-01,3.479004e-04,1.248591e-02,2.985847e-02,9.316924e-03,2.555023e-01,6.718922e-03,1.159804e-03,1.541252e-01,8.627032e-03
1.463022e-01,2.472938e-02,3.688191e-02,1.697965e-02,2.990629e-02,2.593808e-01,4.371228e-04,1.521653e-02,2.591496e-02,7.296105e-03,2.524287e-01,5.321169e-03,1.182534e-03,1.705192e-01,7.503325e-03
1.544730e-01,2.399535e-02,3.453784e-02,2.003653e-02,2.621809e-02,1.957462e-01,5.903046e-04,1.787985e-02,2.344726e-02,6.811575e-03,2.928988e-01,4.892932e-03,1.192012e-03,1.907621e-01,6.518185e-03
1.533174e-01,1.869015e-02,2.896491e-02,1.592237e-02,1.958331e-02,1.455202e-01,5.335788e-04,1.301692e-02,3.402199e-02,7.181640e-03,3.005802e-01,4.772346e-03,1.032095e-03,2.504884e-01,6.374520e-03
1.620034e-01,1.533644e-02,2.726452e-02,1.480568e-02,1.500397e-02,1.078463e-01,5.117276e-04,9.715659e-03,4.764048e-02,8.288450e-03,2.828262e-01,5.831296e-03,1.027646e-03,2.948757e-01,7.022595e-03
1.624337e-01,1.217070e-02,2.339677e-02,1.324105e-02,1.246430e-02,8.052627e-02,4.354482e-04,7.311728e-03,8.234254e-02,9.657853e-03,2.394710e-01,5.806481e-03,1.265274e-03,3.405375e-01,8.939460e-03
1.477385e-01,9.846757e-03,2.308310e-02,1.343751e-02,1.055393e-02,6.047350e-02,3.747193e-04,5.594367e-03,9.928618e-02,1.101080e-02,2.146320e-01,6.560988e-03,1.353085e-03,3.873166e-01,8.737929e-03
1.158453e-01,7.775209e-03,1.952494e-02,9.719941e-03,7.625305e-03,8.656219e-02,3.076503e-04,4.744506e-03,7.011619e-02,8.762909e-03,3.555899e-01,6.972319e-03,1.010881e-03,2.982960e-01,7.146730e-03
8.259135e-02,5.518088e-03,1.409839e-02,6.836334e-03,5.401829e-03,7.328706e-02,2.432440e-04,3.518124e-03,4.927652e-02,6.322183e-03,5.084147e-01,6.381928e-03,7.333940e-04,2.319375e-01,5.439324e-03
5.924496e-02,3.924087e-03,1.021486e-02,4.814650e-03,3.821503e-03,5.893748e-02,1.831487e-04,2.545839e-03,3.470911e-02,4.617576e-03,5.923091e-01,6.850388e-03,5.647468e-04,2.130268e-01,4.235760e-03
4.192811e-02,2.922758e-03,7.553937e-03,3.509500e-03,2.850884e-03,4.206895e-02,1.551939e-04,1.872707e-03,2.981075e-02,3.883238e-03,5.972461e-01,1.801246e-02,4.206883e-04,2.435909e-01,4.173891e-03
2.963199e-02,2.128453e-03,5.761970e-03,2.579547e-03,2.181223e-03,3.159338e-02,1.297875e-04,1.396513e-03,2.590666e-02,3.133798e-03,5.745600e-01,2.270188e-02,3.375604e-04,2.947102e-01,3.246980e-03
2.095018e-02,1.692314e-03,5.094023e-03,1.970120e-03,1.931474e-03,2.320760e-02,1.468358e-04,1.215230e-03,2.409482e-02,2.641951e-03,5.563702e-01,2.566330e-02,2.566075e-04,3.323871e-01,2.378230e-03
1.471432e-02,1.341989e-03,4.031696e-03,1.518288e-03,1.463688e-03,1.734608e-02,1.426846e-04,9.781356e-04,5.076604e-02,2.005358e-03,4.410574e-01,3.034025e-02,1.954057e-04,4.323841e-01,1.714572e-03
1.033555e-02,1.007549e-03,3.172701e-03,1.200167e-03,1.092298e-03,1.309148e-02,1.212763e-04,7.545923e-04,8.964413e-02,1.499930e-03,3.422680e-01,2.809316e-02,1.449243e-04,5.063232e-01,1.251148e-03
7.276025e-03,8.298772e-04,2.320633e-03,9.435902e-04,8.312812e-04,9.982240e-03,1.036144e-04,5.733269e-04,2.097351e-01,1.278491e-03,2.558698e-01,2.292324e-02,1.087048e-04,4.861951e-01,1.029029e-03
5.134295e-03,6.185101e-04,1.709341e-03,6.973700e-04,6.061101e-04,7.832288e-03,8.982184e-05,4.294361e-04,1.985660e-01,1.029917e-03,1.941589e-01,1.906539e-02,8.337027e-05,5.691841e-01,7.951757e-04
3.664684e-03,8.586437e-04,2.397106e-03,5.966489e-04,5.367374e-04,9.662615e-03,8.494838e-05,4.178855e-04,2.297190e-01,1.252919e-03,1.639975e-01,1.456444e-02,7.058374e-05,5.712805e-01,8.959317e-04
2.672083e-03,7.783006e-04,2.037672e-03,6.170402e-04,4.687005e-04,7.452498e-03,8.023315e-05,3.694895e-04,2.942894e-01,1.179025e-03,1.207669e-01,1.036298e-02,5.756840e-05,5.580100e-01,8.581391e-04
1.917880e-03,6.906605e-04,1.527666e-03,6.801282e-04,4.061327e-04,5.574991e-03,6.477311e-05,2.840757e-04,3.151518e-01,1.390423e-03,1.002940e-01,7.358874e-03,5.268867e-05,5.637271e-01,8.788336e-04
1.390008e-03,1.108885e-03,1.184127e-03,8.633775e-04,4.546084e-04,4.229572e-03,5.057843e-05,2.293593e-04,4.045061e-01,3.054361e-03,8.312842e-02,5.208964e-03,5.161674e-05,4.934319e-01,1.108107e-03
1.097880e-03,8.705523e-03,1.323314e-03,2.546578e-03,1.316025e-03,4.802600e-03,1.233395e-04,3.252383e-04,5.365997e-01,6.634662e-03,6.405520e-02,3.674162e-03,3.116342e-04,3.654473e-01,3.036952e-03
1.542525e-03,1.038612e-02,3.135727e-03,8.284817e-03,1.797986e-03,1.310402e-02,5.213080e-04,6.962761e-04,5.510592e-01,7.035294e-02,4.981174e-02,2.726488e-03,3.220482e-03,2.687165e-01,1.464387e-02
2.762090e-03,8.660885e-03,1.495605e-02,1.117630e-02,8.006551e-03,1.272052e-02,1.174883e-03,3.059949e-03,4.601316e-01,2.051607e-01,4.176635e-02,2.174530e-03,2.676924e-03,2.063320e-01,1.924063e-02
5.366327e-03,1.089551e-02,1.198389e-02,9.905931e-03,4.440159e-02,4.740179e-02,1.301998e-03,2.248657e-03,3.426861e-01,3.104373e-01,3.194085e-02,1.644342e-03,2.527189e-03,1.522207e-01,2.503777e-02
1.117338e-02,1.089961e-02,1.544242e-02,9.838000e-03,1.637775e-01,5.836618e-02,4.799967e-03,2.451909e-03,2.544454e-01,2.955322e-01,2.418442e-02,1.306087e-03,2.419290e-03,1.134792e-01,3.188449e-02
2.340642e-02,1.057223e-02,1.463103e-02,8.092122e-03,2.076041e-01,5.239409e-02,5.606296e-03,1.930360e-03,1.922206e-01,3.097756e-01,1.755527e-02,9.612579e-04,2.090497e-03,8.244368e-02,7.071658e-02
6.532913e-02,1.332377e-02,1.549133e-02,7.416161e-03,2.317716e-01,4.738239e-02,6.969729e-03,2.394873e-03,1.586943e-01,2.822648e-01,1.481941e-02,8.742012e-04,1.939856e-03,7.003336e-02,8.129512e-02
1.001829e-01,1.386574e-02,2.044980e-02,8.284963e-03,2.077744e-01,4.195494e-02,6.791769e-03,4.610462e-03,1.951515e-01,2.379801e-01,1.659329e-02,1.624903e-03,2.194020e-03,6.278418e-02,7.975706e-02
1.165800e-01,3.067437e-02,2.458752e-02,2.381272e-02,2.064470e-01,3.643430e-02,8.882737e-03,8.168994e-03,1.589124e-01,1.900555e-01,1.310569e-02,2.318973e-03,2.403858e-03,4.960681e-02,1.280090e-01
1.412108e-01,2.723212e-02,2.561483e-02,2.080918e-02,1.758406e-01,5.992306e-02,7.438299e-03,8.102547e-03,1.494416e-01,1.753163e-01,1.870189e-02,3.343329e-03,2.691735e-03,4.469786e-02,1.396358e-01
1.651856e-01,2.350640e-02,6.297551e-02,2.418669e-02,1.611249e-01,7.899100e-02,5.622207e-03,6.452729e-03,1.403246e-01,1.558315e-01,1.832522e-02,3.017426e-03,2.264048e-03,4.668605e-02,1.055061e-01
