1.000000e+00,0.000000e+00,0.000000e+00,0.000000e+00,0.000000e+00,0.000000e+00,0.000000e+00,0.000000e+00,0.000000e+00,0.000000e+00,0.000000e+00,0.000000e+00,0.000000e+00,0.000000e+00,0.000000e+00
1.000000e+00,0.000000e+00,0.000000e+00,0.000000e+00,0.000000e+00,0.000000e+00,0.000000e+00,0.000000e+00,0.000000e+00,0.000000e+00,0.000000e+00,0.000000e+00,0.000000e+00,0.000000e+00,0.000000e+00
1.000000e+00,0.000000e+00,0.000000e+00,0.000000e+00,0.000000e+00,0.000000e+00,0.000000e+00,0.000000e+00,0.000000e+00,0.000000e+00,0.000000e+00,0.000000e+00,0.000000e+00,0.000000e+00,0.000000e+00
1.000000e+00,0.000000e+00,0.000000e+00,0.000000e+00,0.000000e+00,0.000000e+00,0.000000e+00,0.000000e+00,0.000000e+00,0.000000e+00,0.000000e+00,0.000000e+00,0.000000e+00,0.000000e+00,0.000000e+00
1.000000e+00,0.000000e+00,0.000000e+00,0.000000e+00,0.000000e+00,0.000000e+00,0.000000e+00,0.000000e+00,0.000000e+00,0.000000e+00,0.000000e+00,0.000000e+00,0.000000e+00,0.000000e+00,0.000000e+00
1.000000e+00,0.000000e+00,0.000000e+00,0.000000e+00,0.000000e+00,0.000000e+00,0.000000e+00,0.000000e+00,0.000000e+00,0.000000e+00,0.000000e+00,0.000000e+00,0.000000e+00,0.000000e+00,0.000000e+00
1.000000e+00,0.000000e+00,0.000000e+00,0.000000e+00,0.000000e+00,0.000000e+00,0.000000e+00,0.000000e+00,0.000000e+00,0.000000e+00,0.000000e+00,0.000000e+00,0.000000e+00,0.000000e+00,0.000000e+00
1.000000e+00,0.000000e+00,0.000000e+00,0.000000e+00,0.000000e+00,0.000000e+00,0.000000e+00,0.000000e+00,0.000000e+00,0.000000e+00,0.000000e+00,0.000000e+00,0.000000e+00,0.000000e+00,0.000000e+00
1.000000e+00,0.000000e+00,0.000000e+00,0.000000e+00,0.000000e+00,0.000000e+00,0.000000e+00,0.000000e+00,0.000000e+00,0.000000e+00,0.000000e+00,0.000000e+00,0.000000e+00,0.000000e+00,0.000000e+00
1.000000e+00,0.000000e+00,0.000000e+00,0.000000e+00,0.000000e+00,0.000000e+00,0.000000e+00,0.000000e+00,0.000000e+00,0.000000e+00,0.000000e+00,0.000000e+00,0.000000e+00,0.000000e+00,0.000000e+00
1.000000e+00,0.000000e+00,0.000000e+00,0.000000e+00,0.000000e+00,0.000000e+00,0.000000e+00,0.000000e+00,0.000000e+00,0.000000e+00,0.000000e+00,0.000000e+00,0.000000e+00,0.000000e+00,0.000000e+00
1.000000e+00,0.000000e+00,0.000000e+00,0.000000e+00,0.000000e+00,0.000000e+00,0.000000e+00,0.000000e+00,0.000000e+00,0.000000e+00,0.000000e+00,0.000000e+00,0.000000e+00,0.000000e+00,0.000000e+00
1.000000e+00,0.000000e+00,0.000000e+00,0.000000e+00,0.000000e+00,0.000000e+00,0.000000e+00,0.000000e+00,0.000000e+00,0.000000e+00,0.000000e+00,0.000000e+00,0.000000e+00,0.000000e+00,0.000000e+00
1.000000e+00,0.000000e+00,0.000000e+00,0.000000e+00,0.000000e+00,0.000000e+00,0.000000e+00,0.000000e+00,0.000000e+00,0.000000e+00,0.000000e+00,0.000000e+00,0.000000e+00,0.000000e+00,0.000000e+00
1.000000e+00,0.000000e+00,0.000000e+00,0.000000e+00,0.000000e+00,0.000000e+00,0.000000e+00,0.000000e+00,0.000000e+00,0.000000e+00,0.000000e+00,0.000000e+00,0.000000e+00,0.000000e+00,0.000000e+00
1.000000e+00,0.000000e+00,0.000000e+00,0.000000e+00,0.000000e+00,0.000000e+00,0.000000e+00,0.000000e+00,0.000000e+00,0.000000e+00,0.000000e+00,0.000000e+00,0.000000e+00,0.000000e+00,0.000000e+00
1.000000e+00,0.000000e+00,0.000000e+00,0.000000e+00,0.000000e+00,0.000000e+00,0.000000e+00,0.000000e+00,0.000000e+00,0.000000e+00,0.000000e+00,0.000000e+00,0.000000e+00,0.000000e+00,0.000000e+00
1.000000e+00,0.000000e+00,0.000000e+00,0.000000e+00,0.000000e+00,0.000000e+00,0.000000e+00,0.000000e+00,0.000000e+00,0.000000e+00,0.000000e+00,0.000000e+00,0.000000e+00,0.000000e+00,0.000000e+00
1.000000e+00,0.000000e+00,0.000000e+00,0.000000e+00,0.000000e+00,0.000000e+00,0.000000e+00,0.000000e+00,0.000000e+00,0.000000e+00,0.000000e+00,0.000000e+00,0.000000e+00,0.000000e+00,0.000000e+00
1.000000e+00,0.000000e+00,0.000000e+00,0.000000e+00,0.000000e+00,0.000000e+00,0.000000e+00,0.000000e+00,0.000000e+00,0.000000e+00,0.000000e+00,0.000000e+00,0.000000e+00,0.000000e+00,0.000000e+00
1.000000e+00,0.000000e+00,0.000000e+00,0.000000e+00,0.000000e+00,0.000000e+00,0.000000e+00,0.000000e+00,0.000000e+00,0.000000e+00,0.000000e+00,0.000000e+00,0.000000e+00,0.000000e+00,0.000000e+00
1.000000e+00,0.000000e+00,0.000000e+00,0.000000e+00,0.000000e+00,0.000000e+00,0.000000e+00,0.000000e+00,0.000000e+00,0.000000e+00,0.000000e+00,0.000000e+00,0.000000e+00,0.000000e+00,0.000000e+00
1.000000e+00,0.000000e+00,0.000000e+00,0.000000e+00,0.000000e+00,0.000000e+00,0.000000e+00,0.000000e+00,0.000000e+00,0.000000e+00,0.000000e+00,0.000000e+00,0.000000e+00,0.000000e+00,0.000000e+00
1.000000e+00,0.000000e+00,0.000000e+00,0.000000e+00,0.000000e+00,0.000000e+00,0.000000e+00,0.000000e+00,0.000000e+00,0.000000e+00,0.000000e+00,0.000000e+00,0.000000e+00,0.000000e+00,0.000000e+00
1.000000e+00,0.000000e+00,0.000000e+00,0.000000e+00,0.000000e+00,0.000000e+00,0.000000e+00,0.000000e+00,0.000000e+00,0.000000e+00,0.000000e+00,0.000000e+00,0.000000e+00,0.000000e+00,0.000000e+00
1.000000e+00,0.000000e+00,0.000000e+00,0.000000e+00,0.000000e+00,0.000000e+00,0.000000e+00,0.000000e+00,0.000000e+00,0.000000e+00,0.000000e+00,0.000000e+00,0.000000e+00,0.000000e+00,0.000000e+00
1.000000e+00,0.000000e+00,0.000000e+00,0.000000e+00,0.000000e+00,0.000000e+00,0.000000e+00,0.000000e+00,0.000000e+00,0.000000e+00,0.000000e+00,0.000000e+00,0.000000e+00,0.000000e+00,0.000000e+00
1.000000e+00,0.000000e+00,0.000000e+00,0.000000e+00,0.000000e+00,0.000000e+00,0.000000e+00,0.000000e+00,0.000000e+00,0.000000e+00,0.000000e+00,0.000000e+00,0.000000e+00,0.000000e+00,0.000000e+00
1.000000e+00,0.000000e+00,0.000000e+00,0.000000e+00,0.000000e+00,0.000000e+00,0.000000e+00,0.000000e+00,0.000000e+00,0.000000e+00,0.000000e+00,0.000000e+00,0.000000e+00,0.000000e+00,0.000000e+00
1.000000e+00,0.000000e+00,0.000000e+00,0.000000e+00,0.000000e+00,0.000000e+00,0.000000e+00,0.000000e+00,0.000000e+00,0.000000e+00,0.000000e+00,0.000000e+00,0.000000e+00,0.000000e+00,0.000000e+00
1.000000e+00,0.000000e+00,0.000000e+00,0.000000e+00,0.000000e+00,0.000000e+00,0.000000e+00,0.000000e+00,0.000000e+00,0.000000e+00,0.000000e+00,0.000000e+00,0.000000e+00,0.000000e+00,0.000000e+00
1.000000e+00,0.000000e+00,0.000000e+00,0.000000e+00,0.000000e+00,0.000000e+00,0.000000e+00,0.000000e+00,0.000000e+00,0.000000e+00,0.000000e+00,0.000000e+00,0.000000e+00,0.000000e+00,0.000000e+00
1.000000e+00,0.000000e+00,0.000000e+00,0.000000e+00,0.000000e+00,0.000000e+00,0.000000e+00,0.000000e+00,0.000000e+00,0.000000e+00,0.000000e+00,0.000000e+00,0.000000e+00,0.000000e+00,0.000000e+00
1.000000e+00,0.000000e+00,0.000000e+00,0.000000e+00,0.000000e+00,0.000000e+00,0.000000e+00,0.000000e+00,0.000000e+00,0.000000e+00,0.000000e+00,0.000000e+00,0.000000e+00,0.000000e+00,0.000000e+00
1.000000e+00,0.000000e+00,0.000000e+00,0.000000e+00,0.000000e+00,0.000000e+00,0.000000e+00,0.000000e+00,0.000000e+00,0.000000e+00,0.000000e+00,0.000000e+00,0.000000e+00,0.000000e+00,0.000000e+00
1.000000e+00,0.000000e+00,0.000000e+00,0.000000e+00,0.000000e+00,0.000000e+00,0.000000e+00,0.000000e+00,0.000000e+00,0.000000e+00,0.000000e+00,0.000000e+00,0.000000e+00,0.000000e+00,0.000000e+00
1.000000e+00,0.000000e+00,0.000000e+00,0.000000e+00,0.000000e+00,0.000000e+00,0.000000e+00,0.000000e+00,0.000000e+00,0.000000e+00,0.000000e+00,0.000000e+00,0.000000e+00,0.000000e+00,0.000000e+00
1.000000e+00,0.000000e+00,0.000000e+00,0.000000e+00,0.000000e+00,0.000000e+00,0.000000e+00,0.000000e+00,0.000000e+00,0.000000e+00,0.000000e+00,0.000000e+00,0.000000e+00,0.000000e+00,0.000000e+00
1.000000e+00,0.000000e+00,0.000000e+00,0.000000e+00,0.000000e+00,0.000000e+00,0.000000e+00,0.000000e+00,0.000000e+00,0.000000e+00,0.000000e+00,0.000000e+00,0.000000e+00,0.000000e+00,0.000000e+00
1.000000e+00,0.000000e+00,0.000000e+00,0.000000e+00,0.000000e+00,0.000000e+00,0.000000e+00,0.000000e+00,0.000000e+00,0.000000e+00,0.000000e+00,0.000000e+00,0.000000e+00,0.000000e+00,0.000000e+00
1.000000e+00,0.000000e+00,0.000000e+00,0.000000e+00,0.000000e+00,0.000000e+00,0.000000e+00,0.000000e+00,0.000000e+00,0.000000e+00,0.000000e+00,0.000000e+00,0.000000e+00,0.000000e+00,0.000000e+00
1.000000e+00,0.000000e+00,0.000000e+00,0.000000e+00,0.000000e+00,0.000000e+00,0.000000e+00,0.000000e+00,0.000000e+00,0.000000e+00,0.000000e+00,0.000000e+00,0.000000e+00,0.000000e+00,0.000000e+00
1.000000e+00,0.000000e+00,0.000000e+00,0.000000e+00,0.000000e+00,0.000000e+00,0.000000e+00,0.000000e+00,0.000000e+00,0.000000e+00,0.000000e+00,0.000000e+00,0.000000e+00,0.000000e+00,0.000000e+00
1.000000e+00,0.000000e+00,0.000000e+00,0.000000e+00,0.000000e+00,0.000000e+00,0.000000e+00,0.000000e+00,0.000000e+00,0.000000e+00,0.000000e+00,0.000000e+00,0.000000e+00,0.000000e+00,0.000000e+00
1.000000e+00,0.000000e+00,0.000000e+00,0.000000e+00,0.000000e+00,0.000000e+00,0.000000e+00,0.000000e+00,0.000000e+00,0.000000e+00,0.000000e+00,0.000000e+00,0.000000e+00,0.000000e+00,0.000000e+00
1.000000e+00,0.000000e+00,0.000000e+00,0.000000e+00,0.000000e+00,0.000000e+00,0.000000e+00,0.000000e+00,0.000000e+00,0.000000e+00,0.000000e+00,0.000000e+00,0.000000e+00,0.000000e+00,0.000000e+00
1.000000e+00,0.000000e+00,0.000000e+00,0.000000e+00,0.000000e+00,0.000000e+00,0.000000e+00,0.000000e+00,0.000000e+00,0.000000e+00,0.000000e+00,0.000000e+00,0.000000e+00,0.000000e+00,0.000000e+00
1.000000e+00,0.000000e+00,0.000000e+00,0.000000e+00,0.000000e+00,0.000000e+00,0.000000e+00,0.000000e+00,0.000000e+00,0.000000e+00,0.000000e+00,0.000000e+00,0.000000e+00,0.000000e+00,0.000000e+00
1.000000e+00,0.000000e+00,0.000000e+00,0.000000e+00,0.000000e+00,0.000000e+00,0.000000e+00,0.000000e+00,0.000000e+00,0.000000e+00,0.000000e+00,0.000000e+00,0.000000e+00,0.000000e+00,0.000000e+00
1.000000e+00,0.000000e+00,0.000000e+00,0.000000e+00,0.000000e+00,0.000000e+00,0.000000e+00,0.000000e+00,0.000000e+00,0.000000e+00,0.000000e+00,0.000000e+00,0.000000e+00,0.000000e+00,0.000000e+00
1.000000e+00,0.000000e+00,0.000000e+00,0.000000e+00,0.000000e+00,0.000000e+00,0.000000e+00,0.000000e+00,0.000000e+00,0.000000e+00,0.000000e+00,0.000000e+00,0.000000e+00,0.000000e+00,0.000000e+00
1.000000e+00,0.000000e+00,0.000000e+00,0.000000e+00,0.000000e+00,0.000000e+00,0.000000e+00,0.000000e+00,0.000000e+00,0.000000e+00,0.000000e+00,0.000000e+00,0.000000e+00,0.000000e+00,0.000000e+00
3.861748e-01,3.106084e-02,7.853890e-02,2.334409e-01,1.024229e-02,2.786338e-02,1.423259e-02,3.436608e-02,1.751957e-02,1.163369e-02,4.720380e-02,4.066715e-02,2.375969e-02,1.418595e-02,2.911036e-02
3.233228e-01,2.664002e-02,7.409236e-02,2.294111e-01,8.268980e-03,2.270131e-02,1.017364e-02,2.472801e-02,1.734128e-02,1.929183e-02,9.306447e-02,3.786795e-02,2.883471e-02,1.970542e-02,6.455608e-02
2.676379e-01,2.217660e-02,6.008432e-02,2.810380e-01,6.674203e-03,1.873955e-02,7.397460e-03,1.772056e-02,2.202743e-02,1.493022e-02,9.636527e-02,3.318769e-02,2.724866e-02,2.451646e-02,1.002557e-01
2.384278e-01,1.939268e-02,4.985801e-02,2.345017e-01,5.583091e-03,2.038887e-02,5.505817e-03,1.260764e-02,2.472515e-02,1.263599e-02,1.057994e-01,2.823342e-02,2.368545e-02,9.481426e-02,1.238407e-01
1.799379e-01,1.618715e-02,4.205526e-02,1.702936e-01,5.121799e-03,1.651978e-02,3.989933e-03,8.991802e-03,3.018157e-02,1.492914e-02,2.194929e-01,2.420048e-02,2.123439e-02,1.433357e-01,1.035286e-01
1.275685e-01,1.282959e-02,3.097699e-02,1.210109e-01,4.475483e-03,1.402001e-02,2.868203e-03,6.380490e-03,7.365341e-02,1.716256e-02,1.828601e-01,2.166697e-02,2.154933e-02,2.541325e-01,1.088449e-01
8.990640e-02,1.138357e-02,2.510874e-02,8.733842e-02,4.021033e-03,1.169841e-02,2.079110e-03,4.509281e-03,1.903542e-01,1.777487e-02,1.366237e-01,1.762865e-02,1.835070e-02,2.412550e-01,1.419680e-01
6.435436e-02,8.737255e-03,1.841145e-02,6.141813e-02,3.395199e-03,9.142038e-03,1.514212e-03,3.210256e-03,1.766691e-01,3.435712e-02,1.006667e-01,1.359700e-02,1.386976e-02,3.486786e-01,1.419789e-01
4.709537e-02,6.536714e-03,1.812824e-02,4.348807e-02,2.705264e-03,7.256691e-03,1.179223e-03,2.335384e-03,2.502571e-01,8.429678e-02,7.367446e-02,1.129119e-02,1.043427e-02,3.289376e-01,1.123835e-01
3.381632e-02,4.859805e-03,1.558725e-02,3.062939e-02,2.433686e-03,5.433230e-03,9.099480e-04,1.700997e-03,1.975026e-01,1.308589e-01,5.518361e-02,8.300181e-03,7.818909e-03,4.134153e-01,9.154981e-02
2.465546e-02,3.678351e-03,1.219357e-02,2.156354e-02,1.884036e-03,3.992309e-03,6.593586e-04,1.204234e-03,1.623044e-01,1.188051e-01,4.185964e-02,6.005683e-03,5.607259e-03,5.216377e-01,7.394929e-02
1.872363e-02,2.867145e-03,9.236341e-03,1.517210e-02,1.720796e-03,3.039137e-03,4.769307e-04,8.575580e-04,1.486424e-01,1.491681e-01,3.317726e-02,4.862290e-03,4.650749e-03,5.359083e-01,7.149714e-02
1.493115e-02,2.253631e-03,7.530085e-03,1.074432e-02,1.922692e-03,2.777806e-03,4.032645e-04,6.647414e-04,1.333061e-01,2.443756e-01,3.131286e-02,4.714604e-03,4.890092e-03,4.714811e-01,6.869198e-02
1.958032e-02,2.173361e-03,7.250418e-03,9.203278e-03,3.792750e-03,2.972783e-03,3.691399e-04,7.902623e-04,2.088478e-01,2.328426e-01,3.482686e-02,4.542455e-03,8.497166e-03,3.758356e-01,8.847509e-02
2.472453e-02,2.330363e-03,2.021496e-02,9.701911e-03,5.967567e-03,5.889511e-03,7.858258e-04,1.270374e-03,2.589313e-01,2.129390e-01,4.957432e-02,7.593559e-03,1.333843e-02,2.976793e-01,8.905898e-02
3.198644e-02,2.920551e-03,2.561388e-02,1.320678e-02,7.084842e-03,1.298552e-02,9.195389e-04,1.471046e-03,2.584875e-01,2.008453e-01,6.501104e-02,4.024858e-02,3.893183e-02,2.239655e-01,7.632171e-02
3.402063e-02,3.942974e-03,2.670175e-02,1.297648e-02,2.485361e-02,1.394718e-02,1.775227e-03,1.398331e-02,2.297250e-01,2.073498e-01,1.110417e-01,4.325512e-02,4.476058e-02,1.715776e-01,6.008917e-02
3.803648e-02,4.332983e-03,3.023630e-02,1.729307e-02,2.070317e-02,1.422257e-02,1.483922e-03,1.233387e-02,3.035203e-01,1.587879e-01,9.604396e-02,3.925352e-02,5.193605e-02,1.475967e-01,6.421916e-02
4.524961e-02,1.028430e-02,5.455748e-02,2.647068e-02,2.464592e-02,1.229221e-02,1.373875e-03,1.276442e-02,3.458086e-01,1.239286e-01,8.432166e-02,3.542763e-02,4.962198e-02,1.109573e-01,6.229560e-02
4.716164e-02,1.092783e-02,6.476595e-02,2.593466e-02,2.330628e-02,1.033311e-02,1.197510e-03,1.488900e-02,3.907554e-01,9.644267e-02,6.972294e-02,2.953270e-02,4.696934e-02,9.487583e-02,7.318509e-02
4.861749e-02,1.303462e-02,8.564097e-02,2.183139e-02,3.026062e-02,9.981502e-03,1.321723e-03,1.695250e-02,3.627950e-01,7.455345e-02,6.732873e-02,2.172403e-02,3.598712e-02,1.243446e-01,8.562624e-02
4.282645e-02,1.763584e-02,1.041990e-01,2.367833e-02,2.760508e-02,8.922959e-03,1.989288e-03,1.952999e-02,3.827092e-01,6.226010e-02,5.432189e-02,1.703469e-02,2.868220e-02,1.259422e-01,8.266278e-02
4.161580e-02,2.426943e-02,1.522117e-01,1.973953e-02,3.412903e-02,9.130788e-03,2.220152e-03,2.078719e-02,3.118997e-01,5.989230e-02,5.265916e-02,1.563403e-02,2.714761e-02,1.463332e-01,8.233040e-02
3.647896e-02,2.998196e-02,2.402070e-01,3.432827e-02,2.795571e-02,7.538634e-03,1.746259e-03,1.724990e-02,3.024701e-01,5.013644e-02,3.966336e-02,1.165094e-02,2.030451e-02,1.140554e-01,6.623254e-02
4.507188e-02,3.398516e-02,2.400191e-01,2.764566e-02,3.436460e-02,7.495243e-03,1.646780e-03,1.845902e-02,2.695154e-01,4.253544e-02,3.856299e-02,1.088277e-02,1.786705e-02,1.551069e-01,5.684213e-02
5.400822e-02,3.201855e-02,2.175473e-01,2.704680e-02,2.996017e-02,7.190640e-03,1.505549e-03,2.146829e-02,2.748372e-01,4.390652e-02,3.897658e-02,1.220141e-02,1.864070e-02,1.365059e-01,8.418617e-02
6.731322e-02,3.331238e-02,1.858588e-01,2.298872e-02,3.700408e-02,1.185510e-02,2.817638e-03,2.440829e-02,2.428273e-01,4.006290e-02,3.542756e-02,1.406879e-02,4.486947e-02,1.535815e-01,8.360431e-02
7.005013e-02,2.868709e-02,1.456594e-01,2.173730e-02,3.513325e-02,1.789379e-02,3.019334e-03,2.040537e-02,1.951760e-01,4.106585e-02,4.242467e-02,4.228101e-02,1.045186e-01,1.507415e-01,8.120678e-02
7.093411e-02,2.532622e-02,1.105916e-01,1.963478e-02,6.814776e-02,1.819731e-02,3.548522e-03,3.291045e-02,1.831574e-01,3.833028e-02,4.405547e-02,5.906746e-02,9.997238e-02,1.521524e-01,7.397386e-02
7.807327e-02,2.061464e-02,8.188827e-02,1.881494e-02,8.169940e-02,2.238071e-02,3.720620e-03,3.183608e-02,1.470444e-01,3.620696e-02,5.404799e-02,1.052843e-01,1.110268e-01,1.475301e-01,5.983151e-02
8.902991e-02,1.705016e-02,6.674267e-02,1.667299e-02,7.167149e-02,1.991901e-02,4.360607e-03,7.503846e-02,1.286899e-01,2.982666e-02,5.010815e-02,1.407805e-01,9.374389e-02,1.470436e-01,4.932194e-02
8.849833e-02,1.462980e-02,5.250455e-02,1.277199e-02,8.452846e-02,1.800823e-02,7.602132e-03,6.936623e-02,1.085888e-01,3.042521e-02,4.424540e-02,1.964893e-01,8.005074e-02,1.453200e-01,4.697081e-02
1.222920e-01,1.079428e-02,5.749347e-02,1.812764e-02,7.415375e-02,1.877127e-02,1.844022e-02,1.618744e-01,9.082661e-02,2.553142e-02,3.615261e-02,1.551218e-01,6.313699e-02,1.084680e-01,3.881555e-02
1.549539e-01,8.751864e-03,4.371269e-02,1.442066e-02,8.883458e-02,1.547356e-02,1.671805e-02,1.170145e-01,1.125272e-01,4.487407e-02,3.233536e-02,1.271470e-01,5.215361e-02,9.891365e-02,7.216933e-02
2.047824e-01,6.612516e-03,3.428656e-02,2.171876e-02,1.047363e-01,1.361689e-02,1.831239e-02,9.239427e-02,1.096292e-01,4.113936e-02,3.697804e-02,1.164524e-01,4.430049e-02,8.372296e-02,7.131761e-02
2.604004e-01,5.081128e-03,2.695050e-02,2.022489e-02,8.858450e-02,1.332913e-02,1.439144e-02,6.564115e-02,9.330615e-02,4.076944e-02,3.774230e-02,1.468753e-01,4.267814e-02,7.156105e-02,7.246450e-02
2.557022e-01,3.996239e-03,2.013890e-02,1.984427e-02,7.245944e-02,1.107595e-02,1.168025e-02,4.793436e-02,6.907990e-02,4.700767e-02,4.564405e-02,2.156024e-01,4.971513e-02,6.343238e-02,6.668679e-02
2.564059e-01,4.011330e-03,3.090991e-02,1.911207e-02,8.629823e-02,8.551743e-03,8.834238e-03,3.407868e-02,5.450074e-02,4.857431e-02,4.136641e-02,2.270663e-01,6.533393e-02,5.320994e-02,6.174627e-02
2.530000e-01,8.537857e-03,3.372706e-02,3.072479e-02,1.236379e-01,8.384385e-03,1.253963e-02,2.816984e-02,5.355108e-02,4.965914e-02,3.592560e-02,1.945762e-01,7.688439e-02,4.365449e-02,4.702768e-02
2.496617e-01,8.848015e-03,3.148326e-02,2.932613e-02,1.692389e-01,1.159217e-02,4.275009e-02,2.521401e-02,4.369968e-02,5.410501e-02,2.868826e-02,1.726613e-01,6.469354e-02,3.219344e-02,3.584451e-02
2.962430e-01,1.051256e-02,3.308891e-02,2.913503e-02,1.749385e-01,1.908335e-02,3.479147e-02,2.913764e-02,4.322479e-02,7.578453e-02,2.223916e-02,1.290002e-01,5.280376e-02,2.400030e-02,2.601676e-02
3.211464e-01,1.024804e-02,4.032429e-02,3.081188e-02,1.662820e-01,1.935083e-02,3.533288e-02,7.228935e-02,4.218815e-02,6.264263e-02,1.935126e-02,1.000124e-01,4.246605e-02,1.829520e-02,1.925869e-02
3.717049e-01,1.076120e-02,3.849008e-02,3.547752e-02,1.497566e-01,3.061643e-02,3.241635e-02,6.112772e-02,3.817436e-02,4.767171e-02,1.923765e-02,9.550005e-02,4.004837e-02,1.377629e-02,1.524081e-02
4.711851e-01,1.130928e-02,2.946076e-02,3.429897e-02,1.167513e-01,3.018802e-02,2.609600e-02,4.576835e-02,3.488305e-02,3.465443e-02,1.641493e-02,7.772853e-02,4.334647e-02,1.033540e-02,1.757941e-02
4.762043e-01,9.366924e-03,2.127802e-02,3.032788e-02,8.656324e-02,4.038018e-02,2.229211e-02,3.323831e-02,2.763020e-02,3.054602e-02,2.814574e-02,6.026964e-02,9.069055e-02,7.861365e-03,3.520543e-02
4.081674e-01,7.014719e-03,1.525383e-02,2.358607e-02,6.224032e-02,3.884285e-02,2.081812e-02,2.352889e-02,2.001534e-02,2.618175e-02,2.511654e-02,4.400484e-02,1.582343e-01,7.934435e-03,1.190605e-01
3.211624e-01,5.205126e-03,1.112125e-02,1.742234e-02,4.447854e-02,3.911784e-02,1.810783e-02,1.704367e-02,1.479308e-02,2.111374e-02,2.371332e-02,3.439273e-02,1.784937e-01,6.770878e-03,2.470635e-01
3.033884e-01,5.952641e-03,9.918053e-03,1.497855e-02,3.413266e-02,6.242390e-02,1.430753e-02,1.255658e-02,1.469206e-02,1.709155e-02,2.370053e-02,3.755182e-02,1.826214e-01,6.130782e-03,2.605536e-01
3.625193e-01,7.882190e-03,1.283005e-02,1.565224e-02,2.606510e-02,7.768867e-02,1.416398e-02,9.275723e-03,1.575471e-02,1.661251e-02,2.482880e-02,5.237957e-02,1.519622e-01,5.291281e-03,2.070938e-01
3.829201e-01,8.767781e-03,1.248030e-02,1.324045e-02,1.998314e-02,6.495813e-02,1.485344e-02,6.824087e-03,1.793030e-02,2.189519e-02,3.452908e-02,8.714139e-02,1.342535e-01,6.271799e-03,1.739513e-01
3.007725e-01,1.030024e-02,1.545786e-02,1.766202e-02,4.094024e-02,6.327748e-02,2.383380e-02,7.256725e-03,1.948188e-02,2.134307e-02,4.314516e-02,1.046868e-01,1.295305e-01,6.318066e-03,1.959935e-01
2.428985e-01,9.114725e-03,1.196596e-02,1.441849e-02,3.083150e-02,5.179369e-02,1.810530e-02,6.531137e-03,2.623786e-02,3.164797e-02,7.965086e-02,1.750056e-01,1.393848e-01,6.307757e-03,1.561059e-01
2.259462e-01,1.011203e-02,8.992892e-03,1.139657e-02,2.455779e-02,4.376339e-02,1.343525e-02,6.635895e-03,4.747535e-02,3.537104e-02,8.013606e-02,2.242571e-01,1.213780e-01,7.364444e-03,1.391780e-01
2.129258e-01,1.841723e-02,7.252948e-03,1.002730e-02,1.914749e-02,4.551632e-02,1.006721e-02,7.523272e-03,5.812311e-02,3.765202e-02,7.013839e-02,2.451870e-01,9.933402e-02,1.042321e-02,1.482648e-01
1.586694e-01,2.139271e-02,5.799336e-03,9.331550e-03,1.812533e-02,4.216577e-02,7.965652e-03,9.325828e-03,9.156235e-02,3.372148e-02,6.548894e-02,3.143671e-01,7.937258e-02,1.141215e-02,1.312998e-01
1.580939e-01,2.130639e-02,4.423416e-03,7.994505e-03,1.523443e-02,3.392835e-02,7.598691e-03,7.746016e-03,7.840820e-02,3.199716e-02,6.294261e-02,3.797569e-01,6.353173e-02,1.432534e-02,1.127124e-01
1.651630e-01,2.110734e-02,3.570240e-03,6.798249e-03,1.345098e-02,3.146181e-02,6.491863e-03,6.957217e-03,7.037807e-02,3.085713e-02,6.544421e-02,4.233498e-01,5.320275e-02,1.691645e-02,8.485098e-02
1.620152e-01,1.914176e-02,3.461353e-03,7.191040e-03,1.322655e-02,2.927501e-02,5.239178e-03,9.369975e-03,7.342507e-02,2.902015e-02,5.364604e-02,4.704292e-01,4.174520e-02,2.006333e-02,6.275100e-02
1.739735e-01,1.467710e-02,8.020332e-03,8.227595e-03,2.564295e-02,3.495398e-02,9.332759e-03,9.072410e-02,7.746657e-02,2.539324e-02,5.318070e-02,3.754573e-01,4.037515e-02,1.741778e-02,4.515705e-02
2.085023e-01,1.159939e-02,2.651943e-02,1.597950e-02,3.001219e-02,3.343870e-02,9.407959e-03,1.662491e-01,6.507158e-02,2.036661e-02,4.678648e-02,2.832772e-01,3.561178e-02,1.402258e-02,3.315529e-02
2.461003e-01,1.166973e-02,2.393138e-02,4.478627e-02,2.695223e-02,4.962046e-02,7.291032e-03,1.193177e-01,8.817038e-02,1.836644e-02,4.524145e-02,2.065342e-01,3.310443e-02,1.148358e-02,6.743044e-02
2.336747e-01,1.303889e-02,2.047732e-02,5.540959e-02,3.092221e-02,6.305183e-02,6.976644e-03,8.840685e-02,1.648725e-01,1.536924e-02,3.567872e-02,1.540884e-01,3.105546e-02,9.152964e-03,7.782461e-02
2.355251e-01,2.454314e-02,1.762924e-02,6.990942e-02,3.477202e-02,7.203928e-02,6.670782e-03,6.376921e-02,1.954604e-01,1.616707e-02,2.713676e-02,1.129249e-01,2.828335e-02,7.147149e-03,8.802224e-02
2.692132e-01,2.129790e-02,1.448111e-02,7.336719e-02,5.167132e-02,1.001722e-01,9.075302e-03,6.468971e-02,1.764777e-01,1.203516e-02,2.678119e-02,8.599111e-02,2.367504e-02,5.758263e-03,6.531352e-02
2.722890e-01,1.839991e-02,1.506996e-02,7.320346e-02,6.151203e-02,1.138501e-01,1.055761e-02,1.153937e-01,1.468547e-01,9.610825e-03,2.267196e-02,6.561764e-02,1.948200e-02,5.060530e-03,5.042663e-02
3.696657e-01,1.950914e-02,1.478336e-02,6.584565e-02,5.598766e-02,1.096004e-01,1.050991e-02,8.815542e-02,1.205549e-01,8.506386e-03,1.880128e-02,5.415091e-02,1.844284e-02,4.822598e-03,4.066390e-02
3.651699e-01,2.757110e-02,1.221301e-02,8.379691e-02,5.046143e-02,9.055579e-02,8.623893e-03,6.740494e-02,1.459892e-01,9.526366e-03,1.713766e-02,4.726312e-02,2.165787e-02,4.082832e-03,4.854600e-02
2.637020e-01,4.091550e-02,9.812034e-03,1.176931e-01,3.694217e-02,7.639265e-02,6.591142e-03,4.805765e-02,2.035336e-01,9.233219e-03,1.655548e-02,3.845552e-02,7.355687e-02,2.927545e-03,5.563141e-02
1.901575e-01,2.983051e-02,7.483583e-03,1.342716e-01,2.867474e-02,6.184736e-02,5.403250e-03,3.609144e-02,1.535391e-01,7.302662e-03,1.657946e-02,3.034056e-02,2.502798e-01,2.082817e-03,4.611560e-02
1.654432e-01,2.152164e-02,5.710339e-03,1.058370e-01,2.328048e-02,4.735503e-02,4.533057e-03,3.187115e-02,1.161885e-01,5.476010e-03,1.564058e-02,2.636562e-02,3.896751e-01,1.574062e-03,3.952814e-02
1.384138e-01,1.548318e-02,4.130603e-03,7.515897e-02,1.767368e-02,3.750734e-02,3.425909e-03,2.266780e-02,8.429493e-02,4.011578e-03,1.415336e-02,3.100755e-02,4.926028e-01,1.300476e-03,5.816809e-02
1.151470e-01,1.117274e-02,2.985868e-03,5.291606e-02,1.266013e-02,3.142896e-02,2.589082e-03,1.599968e-02,5.997304e-02,2.905034e-03,1.189094e-02,5.347047e-02,5.755623e-01,1.363710e-03,4.993505e-02
9.160889e-02,7.958780e-03,2.137139e-03,3.712692e-02,9.110137e-03,2.723338e-02,2.423092e-03,1.128090e-02,4.262494e-02,2.397678e-03,1.067913e-02,8.090974e-02,6.331210e-01,1.094957e-03,4.029335e-02
6.715114e-02,5.639489e-03,1.514961e-03,2.602696e-02,6.447309e-03,2.109390e-02,1.782270e-03,7.909291e-03,3.051836e-02,2.046447e-03,9.669968e-03,8.481510e-02,7.022455e-01,1.062456e-03,3.207683e-02
4.869834e-02,4.005846e-03,1.088010e-03,1.824138e-02,4.597043e-03,1.673388e-02,1.305761e-03,5.559353e-03,2.223487e-02,3.993500e-03,1.386967e-02,1.047199e-01,7.090434e-01,1.384956e-03,4.452419e-02
3.496650e-02,3.767930e-03,9.241420e-04,1.279502e-02,3.354960e-03,1.221106e-02,1.014918e-03,3.910647e-03,1.810904e-02,1.542525e-02,1.644623e-02,1.037205e-01,6.458296e-01,1.410760e-03,1.261134e-01
2.744067e-02,4.885005e-03,7.679772e-04,9.026050e-03,2.418612e-03,9.343428e-03,8.429834e-04,2.756969e-03,1.594690e-02,4.809316e-02,2.230680e-02,1.464110e-01,5.442609e-01,1.696738e-03,1.638029e-01
2.163820e-02,5.329670e-03,6.340971e-04,6.423589e-03,1.795723e-03,7.297080e-03,6.374511e-04,1.948868e-03,1.880533e-02,1.202845e-01,2.223474e-02,1.923397e-01,4.394329e-01,2.403379e-03,1.587948e-01
1.671192e-02,3.887087e-03,4.696194e-04,4.966649e-03,1.349666e-03,5.912784e-03,5.191381e-04,1.442795e-03,3.687024e-02,2.305071e-01,2.860878e-02,2.179334e-01,3.269532e-01,2.645942e-03,1.212216e-01
1.353862e-02,2.908813e-03,3.767441e-04,3.625190e-03,1.018280e-03,4.901026e-03,4.051659e-04,1.104831e-03,3.708266e-02,3.375226e-01,3.607801e-02,2.143125e-01,2.524535e-01,3.155450e-03,9.151666e-02
1.094637e-02,2.130127e-03,2.828141e-04,3.290803e-03,7.772607e-04,5.250821e-03,3.169586e-04,8.934505e-04,4.491324e-02,3.272430e-01,4.636289e-02,3.034271e-01,1.844343e-01,2.652951e-03,6.707795e-02
8.450807e-03,1.898703e-03,2.262733e-04,2.616342e-03,6.914935e-04,4.181449e-03,2.583574e-04,6.760310e-04,4.707103e-02,2.810540e-01,5.117711e-02,4.132743e-01,1.353497e-01,2.258021e-03,5.081644e-02
9.300460e-03,1.495569e-03,2.087277e-04,2.182697e-03,6.599936e-04,5.248546e-03,2.466766e-04,5.862475e-04,3.932650e-02,2.685457e-01,6.303727e-02,4.716392e-01,9.729680e-02,3.664495e-03,3.656102e-02
9.648831e-03,1.223790e-03,2.955084e-04,2.558152e-03,1.148522e-03,4.328167e-03,2.467271e-04,6.564553e-04,3.286148e-02,2.642320e-01,7.023588e-02,5.082458e-01,6.999341e-02,8.169402e-03,2.615576e-02
1.147812e-02,1.204469e-03,1.203760e-02,4.974261e-03,3.409822e-03,4.338674e-03,5.769809e-04,3.462729e-03,2.837773e-02,2.453406e-01,6.593142e-02,5.398420e-01,5.237987e-02,8.052917e-03,1.859275e-02
3.131165e-02,2.064507e-03,1.210641e-02,1.917943e-02,7.863900e-03,7.871039e-03,1.434785e-03,5.286642e-03,2.742459e-02,2.485319e-01,6.672232e-02,5.039182e-01,3.917264e-02,1.183349e-02,1.527840e-02
4.370932e-02,2.422035e-03,1.136968e-02,2.291043e-02,1.049430e-02,8.134579e-03,1.855504e-03,1.069702e-02,3.070564e-02,2.218701e-01,6.004176e-02,5.223407e-01,2.962236e-02,1.221320e-02,1.161338e-02
1.023476e-01,3.642202e-03,3.610571e-02,3.525444e-02,1.172445e-02,1.194073e-02,2.276978e-03,3.861316e-02,2.863571e-02,1.925296e-01,6.993251e-02,4.184693e-01,2.364601e-02,1.406899e-02,1.081262e-02
1.446206e-01,7.545931e-03,3.146110e-02,4.159124e-02,1.491623e-02,1.535324e-02,2.219140e-03,3.641894e-02,4.204053e-02,1.826821e-01,1.062339e-01,3.096255e-01,1.818439e-02,2.644606e-02,2.066114e-02
1.833064e-01,1.154564e-02,2.886182e-02,4.351451e-02,1.875591e-02,3.135490e-02,1.977670e-03,3.014238e-02,4.843199e-02,1.684041e-01,1.036317e-01,2.259487e-01,1.454213e-02,3.284083e-02,5.674129e-02
1.562556e-01,1.121666e-02,2.962234e-02,1.104590e-01,2.031053e-02,2.629158e-02,1.855015e-03,3.628787e-02,1.506548e-01,1.237569e-01,7.725941e-02,1.630932e-01,1.243111e-02,2.487465e-02,5.563127e-02
2.141064e-01,1.472585e-02,3.142030e-02,1.012499e-01,2.324923e-02,3.094081e-02,1.993019e-03,3.252042e-02,1.379302e-01,9.321093e-02,7.934054e-02,1.221113e-01,1.200889e-02,3.537209e-02,6.982018e-02
2.907177e-01,1.647354e-02,3.062736e-02,9.428040e-02,2.832565e-02,4.137970e-02,2.052201e-03,2.508113e-02,1.117211e-01,6.860953e-02,6.845315e-02,8.900134e-02,1.129671e-02,4.414015e-02,7.784037e-02
3.377214e-01,1.866508e-02,6.513142e-02,1.250590e-01,2.900616e-02,4.058103e-02,2.815234e-03,2.094934e-02,8.920073e-02,4.902974e-02,5.310660e-02,6.548659e-02,9.452534e-03,3.290369e-02,6.089147e-02
3.560524e-01,1.507405e-02,1.300574e-01,1.382996e-01,2.747031e-02,4.023991e-02,2.508671e-03,1.759097e-02,6.924497e-02,3.559517e-02,4.023873e-02,4.755813e-02,7.906556e-03,2.468383e-02,4.747937e-02
3.903831e-01,1.327716e-02,1.287822e-01,1.365240e-01,2.601283e-02,3.341703e-02,3.179135e-03,5.275448e-02,5.368438e-02,2.690930e-02,3.087084e-02,3.532175e-02,6.596855e-03,2.610184e-02,3.618507e-02
4.118765e-01,1.243476e-02,1.190320e-01,1.198895e-01,2.331162e-02,3.038618e-02,3.992615e-03,1.032214e-01,4.534831e-02,2.076084e-02,2.361738e-02,2.604810e-02,5.303543e-03,2.556146e-02,2.921568e-02
4.569362e-01,1.334703e-02,1.024532e-01,1.006127e-01,1.980275e-02,2.665419e-02,4.752582e-03,1.254829e-01,3.717681e-02,1.615166e-02,1.943443e-02,2.143488e-02,5.416922e-03,2.082960e-02,2.951406e-02
4.990709e-01,1.301207e-02,8.190723e-02,8.974197e-02,1.862794e-02,2.134055e-02,4.370328e-03,1.483124e-01,2.878892e-02,1.265854e-02,1.600903e-02,1.854595e-02,5.401874e-03,1.644084e-02,2.577142e-02
4.665334e-01,1.508185e-02,7.725205e-02,1.003531e-01,1.612020e-02,1.840955e-02,4.067334e-03,1.939239e-01,2.341001e-02,1.019657e-02,1.464169e-02,1.810779e-02,7.583154e-03,1.229206e-02,2.202740e-02
3.554330e-01,1.124885e-02,5.470857e-02,1.280663e-01,1.313894e-02,1.360863e-02,2.928173e-03,1.566560e-01,2.065550e-02,9.294659e-03,1.509254e-01,3.019869e-02,2.699013e-02,9.701176e-03,1.644592e-02
2.553715e-01,8.183464e-03,3.858860e-02,1.343350e-01,1.005000e-02,9.941671e-03,2.114678e-03,1.297642e-01,1.611733e-02,7.937625e-03,2.806221e-01,4.545265e-02,3.882503e-02,1.049288e-02,1.220333e-02
1.801595e-01,5.776155e-03,2.708084e-02,1.022880e-01,7.149404e-03,7.075720e-03,1.500019e-03,9.353305e-02,1.180829e-02,8.154500e-03,4.005464e-01,6.282510e-02,5.737691e-02,2.541466e-02,9.311463e-03
1.368756e-01,4.178306e-03,1.906277e-02,7.545132e-02,5.758810e-03,5.180880e-03,1.152315e-03,6.942344e-02,9.830992e-03,1.178070e-02,3.636481e-01,1.779052e-01,4.726732e-02,6.565137e-02,6.832787e-03
1.017439e-01,3.004538e-03,1.343053e-02,5.405027e-02,4.510828e-03,3.843053e-03,8.838158e-04,5.019816e-02,7.548741e-03,1.467413e-02,4.097371e-01,2.114284e-01,3.470059e-02,8.515163e-02,5.094385e-03
7.545417e-02,2.247508e-03,9.569747e-03,3.844213e-02,3.983994e-03,2.893578e-03,6.454343e-04,3.536030e-02,5.943958e-03,2.018631e-02,5.007128e-01,1.890362e-01,2.481902e-02,8.696109e-02,3.743813e-03
5.448360e-02,1.646634e-03,6.788021e-03,2.730519e-02,3.694304e-03,2.183195e-03,4.690081e-04,2.480159e-02,4.507905e-03,2.168150e-02,5.919170e-01,1.626619e-01,1.790536e-02,7.710049e-02,2.854265e-03
3.909377e-02,1.251948e-03,4.861047e-03,1.948632e-02,4.879321e-03,1.696807e-03,3.437807e-04,1.738041e-02,3.409872e-03,2.403742e-02,6.639615e-01,1.321860e-01,1.300596e-02,7.207523e-02,2.330564e-03
3.025122e-02,1.081709e-03,3.639988e-03,1.491041e-02,8.263689e-03,2.662465e-03,3.056597e-04,1.222350e-02,2.848899e-03,1.975951e-02,6.871398e-01,1.114586e-01,9.817573e-03,9.364865e-02,1.988267e-03
2.320531e-02,8.782392e-04,2.758113e-03,1.139073e-02,1.317011e-02,5.200140e-03,3.606021e-04,8.608358e-03,2.567550e-03,1.804543e-02,6.795114e-01,1.265125e-01,8.143176e-03,9.797110e-02,1.677216e-03
1.755678e-02,1.053106e-03,3.414573e-03,8.303418e-03,2.704190e-02,6.107706e-03,4.070593e-04,6.064538e-03,2.250344e-03,1.520723e-02,6.848999e-01,1.324690e-01,6.833444e-03,8.655839e-02,1.832599e-03
1.450863e-02,1.449641e-03,6.371543e-03,6.160329e-03,3.501182e-02,6.736872e-03,6.315456e-04,4.414881e-03,2.356421e-03,1.728754e-02,6.420926e-01,1.638640e-01,6.564352e-03,9.046657e-02,2.083257e-03
2.746153e-02,2.828686e-03,6.949944e-03,5.041131e-03,2.948339e-02,8.893846e-03,8.033577e-04,3.423575e-03,4.688828e-03,1.772495e-02,5.209259e-01,2.665153e-01,5.681192e-03,9.469769e-02,4.880670e-03
8.924739e-02,8.130979e-03,1.693548e-02,5.014824e-03,2.897470e-02,1.126729e-02,8.568903e-04,5.922063e-03,9.220867e-03,1.754540e-02,3.962360e-01,2.808709e-01,4.830329e-03,1.164887e-01,8.458255e-03
1.636317e-01,1.805763e-02,6.228057e-02,7.110930e-03,3.532293e-02,1.411900e-02,2.298879e-03,1.825736e-02,9.565815e-03,1.558987e-02,3.180283e-01,2.287889e-01,4.041126e-03,9.508602e-02,7.820883e-03
2.085255e-01,2.198929e-02,9.534498e-02,8.940443e-03,4.145169e-02,3.536455e-02,2.326186e-03,2.016747e-02,1.103048e-02,1.510420e-02,2.607269e-01,1.699893e-01,3.734867e-03,9.715065e-02,8.153562e-03
2.569551e-01,2.460952e-02,1.473404e-01,3.728734e-02,4.680781e-02,3.044076e-02,2.662580e-03,2.185441e-02,1.026793e-02,1.225031e-02,1.922307e-01,1.323007e-01,3.380336e-03,7.294969e-02,8.662453e-03
2.932632e-01,3.019568e-02,1.967598e-01,4.238615e-02,4.709473e-02,2.652775e-02,2.495068e-03,1.736948e-02,1.358986e-02,1.385643e-02,1.428763e-01,1.000616e-01,3.293750e-03,6.044900e-02,9.781268e-03
3.835455e-01,3.026256e-02,1.630506e-01,3.601417e-02,3.936272e-02,2.559697e-02,2.068922e-03,1.407097e-02,3.141807e-02,1.887290e-02,1.134231e-01,7.582784e-02,3.994963e-03,5.098392e-02,1.150675e-02
4.330284e-01,2.850682e-02,1.350368e-01,5.276105e-02,3.051247e-02,2.401378e-02,1.568133e-03,1.091115e-02,4.346592e-02,1.792938e-02,9.546591e-02,6.232390e-02,5.835102e-03,3.893390e-02,1.970729e-02
3.370640e-01,3.028419e-02,1.031626e-01,1.140984e-01,2.266721e-02,1.821731e-02,1.136466e-03,8.075645e-03,1.620433e-01,1.538740e-02,8.109582e-02,4.749920e-02,6.414166e-03,2.911260e-02,2.374166e-02
2.414671e-01,4.020634e-02,7.905265e-02,1.167654e-01,1.681211e-02,1.320588e-02,8.200898e-04,5.869530e-03,3.061663e-01,1.206873e-02,8.251593e-02,3.496930e-02,5.912150e-03,2.251236e-02,2.165612e-02
1.703729e-01,2.951510e-02,5.562321e-02,9.015372e-02,1.195076e-02,9.460031e-03,5.871818e-04,4.177243e-03,2.792686e-01,9.328390e-03,2.394298e-01,6.101546e-02,5.635830e-03,1.681058e-02,1.667121e-02
1.301080e-01,2.113802e-02,3.925005e-02,7.257189e-02,1.026440e-02,8.376224e-03,5.422113e-04,3.076680e-03,2.159751e-01,9.407739e-03,2.600149e-01,1.886686e-01,7.327855e-03,2.022270e-02,1.305567e-02
1.063601e-01,1.546938e-02,2.868421e-02,5.799132e-02,1.986125e-02,5.270134e-02,1.806315e-03,5.820191e-03,1.559840e-01,8.251825e-03,2.635713e-01,2.420154e-01,9.502679e-03,2.219113e-02,9.789575e-03
8.406228e-02,1.157935e-02,2.043693e-02,4.286223e-02,1.628432e-02,4.896564e-02,1.471485e-03,4.501443e-03,1.128871e-01,7.047218e-03,2.915385e-01,3.098950e-01,9.376084e-03,3.177280e-02,7.319613e-03
8.228922e-02,8.906508e-03,1.469553e-02,3.157093e-02,1.257995e-02,1.031446e-01,1.413913e-03,3.641903e-03,8.111793e-02,6.943142e-03,2.790180e-01,3.301734e-01,8.299267e-03,3.028934e-02,5.916371e-03
7.449099e-02,7.360307e-03,1.083385e-02,2.300589e-02,1.080366e-02,9.036687e-02,1.153757e-03,2.875303e-03,5.783177e-02,7.354042e-03,2.425556e-01,4.316003e-01,8.450631e-03,2.636404e-02,4.953043e-03
7.766663e-02,5.718244e-03,8.051486e-03,2.008337e-02,1.004974e-02,8.100608e-02,1.076717e-03,2.732356e-03,4.253141e-02,7.091647e-03,2.056833e-01,5.058034e-01,7.478339e-03,2.091458e-02,4.112760e-03
8.221168e-02,6.615984e-03,7.332661e-03,1.744957e-02,1.240408e-02,6.775834e-02,1.329796e-03,3.926031e-03,3.577133e-02,6.518744e-03,1.706217e-01,5.598513e-01,6.863229e-03,1.703951e-02,4.306045e-03
1.043243e-01,6.214038e-03,6.678936e-03,1.388801e-02,1.204393e-02,5.600084e-02,2.187629e-03,6.362059e-03,2.784424e-02,5.820791e-03,1.308338e-01,6.016933e-01,7.617818e-03,1.430838e-02,4.182000e-03
1.338237e-01,8.704942e-03,8.277703e-03,1.136411e-02,1.191931e-02,4.721377e-02,2.932556e-03,6.849265e-03,2.076375e-02,5.250699e-03,1.041097e-01,6.161007e-01,6.363126e-03,1.148235e-02,4.844359e-03
2.058131e-01,1.031790e-02,1.140794e-02,1.238032e-02,1.713108e-02,3.737902e-02,4.411102e-03,1.123843e-02,1.677787e-02,4.958157e-03,8.257495e-02,5.659329e-01,5.659817e-03,9.160858e-03,4.856525e-03
2.973926e-01,1.650555e-02,1.335399e-02,1.261067e-02,2.866710e-02,3.740793e-02,6.190179e-03,1.664358e-02,1.455837e-02,4.505804e-03,6.573464e-02,4.677559e-01,5.288738e-03,8.150983e-03,5.233966e-03
3.737757e-01,1.514441e-02,1.308603e-02,1.156853e-02,3.122875e-02,3.407924e-02,9.812402e-03,2.551026e-02,1.277690e-02,4.073528e-03,5.439008e-02,3.966739e-01,5.669226e-03,7.006520e-03,5.204633e-03
4.849432e-01,1.428267e-02,1.042485e-02,1.377341e-02,2.527210e-02,2.913078e-02,8.200255e-03,2.104132e-02,1.111759e-02,3.799626e-03,4.674634e-02,3.070801e-01,8.447738e-03,6.441822e-03,9.298236e-03
4.938859e-01,1.500755e-02,9.279085e-03,1.577902e-02,2.538914e-02,2.819002e-02,1.080505e-02,2.189302e-02,1.256516e-02,3.662011e-03,4.158298e-02,2.949094e-01,1.058267e-02,5.968153e-03,1.050094e-02
4.085319e-01,1.997931e-02,1.521465e-02,2.603639e-02,6.916553e-02,5.123493e-02,1.316016e-02,7.026510e-02,1.372406e-02,3.622026e-03,3.642905e-02,2.494197e-01,9.767105e-03,5.064490e-03,8.385526e-03
4.153230e-01,2.190334e-02,1.433416e-02,3.462407e-02,9.133726e-02,6.231412e-02,1.201020e-02,5.569977e-02,1.620277e-02,1.409836e-02,3.842295e-02,1.984284e-01,1.114288e-02,5.124415e-03,9.034268e-03
3.932969e-01,2.345363e-02,1.542750e-02,4.329206e-02,1.094122e-01,7.328174e-02,9.900265e-03,4.877643e-02,1.822038e-02,2.040799e-02,5.705158e-02,1.601304e-01,1.223443e-02,5.532749e-03,9.581752e-03
3.419120e-01,2.137078e-02,2.629020e-02,5.605061e-02,1.369784e-01,1.007963e-01,1.054501e-02,5.714864e-02,1.902412e-02,1.907672e-02,5.627772e-02,1.303563e-01,1.020558e-02,4.766613e-03,9.201122e-03
3.181005e-01,1.763730e-02,3.494026e-02,5.158204e-02,1.759924e-01,8.950014e-02,2.094127e-02,7.667202e-02,2.317434e-02,2.183725e-02,4.662701e-02,1.012601e-01,9.448064e-03,5.172584e-03,7.114792e-03
2.653329e-01,1.576465e-02,3.861637e-02,4.101317e-02,2.329291e-01,1.058625e-01,4.513706e-02,7.723486e-02,2.537558e-02,2.019765e-02,3.595835e-02,7.518494e-02,8.590577e-03,6.297734e-03,6.504700e-03
2.760902e-01,1.517127e-02,3.717206e-02,3.629406e-02,2.807113e-01,9.774414e-02,3.656432e-02,6.012695e-02,2.575081e-02,2.735595e-02,2.795425e-02,5.733467e-02,7.655201e-03,6.317514e-03,7.757406e-03
2.689507e-01,1.334050e-02,3.629449e-02,3.447388e-02,3.130103e-01,1.064510e-01,3.131339e-02,4.729404e-02,2.288948e-02,2.830335e-02,2.324425e-02,4.780315e-02,7.491631e-03,6.490852e-03,1.264900e-02
3.502150e-01,1.322511e-02,3.441991e-02,2.783274e-02,2.996062e-01,8.386620e-02,2.741119e-02,3.685468e-02,1.811743e-02,2.149075e-02,2.139110e-02,3.852549e-02,7.317645e-03,7.295297e-03,1.243136e-02
4.256112e-01,1.409448e-02,3.213150e-02,2.350946e-02,2.761004e-01,6.715909e-02,2.234799e-02,2.796216e-02,1.536094e-02,1.595031e-02,1.978286e-02,3.319034e-02,7.270404e-03,7.055209e-03,1.247378e-02
4.483246e-01,1.189473e-02,2.464810e-02,2.430029e-02,2.156774e-01,1.027258e-01,3.049675e-02,2.124770e-02,1.278517e-02,1.274059e-02,2.427287e-02,3.434490e-02,8.739182e-03,9.002565e-03,1.879938e-02
3.707813e-01,9.077929e-03,1.832776e-02,1.804875e-02,1.522312e-01,1.954684e-01,2.223717e-02,1.633419e-02,1.125910e-02,4.369810e-02,6.574206e-02,2.682470e-02,7.740440e-03,2.150851e-02,2.072045e-02
3.025323e-01,6.855968e-03,1.358217e-02,1.371467e-02,1.074564e-01,2.081088e-01,1.603485e-02,1.185241e-02,8.999323e-03,1.779066e-01,6.719368e-02,2.158455e-02,6.272295e-03,1.807310e-02,1.983303e-02
2.776935e-01,5.780227e-03,1.038573e-02,1.282502e-02,7.576730e-02,1.908771e-01,1.180478e-02,9.294217e-03,9.223603e-03,2.107282e-01,1.068669e-01,3.368442e-02,5.565938e-03,2.149653e-02,1.800662e-02
3.096581e-01,4.994131e-03,7.827424e-03,1.084427e-02,5.343005e-02,1.770944e-01,9.622784e-03,7.385108e-03,8.406913e-03,1.774786e-01,1.475287e-01,4.468917e-02,5.216783e-03,2.161398e-02,1.420957e-02
