1.000000e+00,0.000000e+00,0.000000e+00,0.000000e+00,0.000000e+00,0.000000e+00,0.000000e+00,0.000000e+00,0.000000e+00,0.000000e+00,0.000000e+00,0.000000e+00,0.000000e+00,0.000000e+00,0.000000e+00
1.000000e+00,0.000000e+00,0.000000e+00,0.000000e+00,0.000000e+00,0.000000e+00,0.000000e+00,0.000000e+00,0.000000e+00,0.000000e+00,0.000000e+00,0.000000e+00,0.000000e+00,0.000000e+00,0.000000e+00
1.000000e+00,0.000000e+00,0.000000e+00,0.000000e+00,0.000000e+00,0.000000e+00,0.000000e+00,0.000000e+00,0.000000e+00,0.000000e+00,0.000000e+00,0.000000e+00,0.000000e+00,0.000000e+00,0.000000e+00
1.000000e+00,0.000000e+00,0.000000e+00,0.000000e+00,0.000000e+00,0.000000e+00,0.000000e+00,0.000000e+00,0.000000e+00,0.000000e+00,0.000000e+00,0.000000e+00,0.000000e+00,0.000000e+00,0.000000e+00
1.000000e+00,0.000000e+00,0.000000e+00,0.000000e+00,0.000000e+00,0.000000e+00,0.000000e+00,0.000000e+00,0.000000e+00,0.000000e+00,0.000000e+00,0.000000e+00,0.000000e+00,0.000000e+00,0.000000e+00
1.000000e+00,0.000000e+00,0.000000e+00,0.000000e+00,0.000000e+00,0.000000e+00,0.000000e+00,0.000000e+00,0.000000e+00,0.000000e+00,0.000000e+00,0.000000e+00,0.000000e+00,0.000000e+00,0.000000e+00
1.000000e+00,0.000000e+00,0.000000e+00,0.000000e+00,0.000000e+00,0.000000e+00,0.000000e+00,0.000000e+00,0.000000e+00,0.000000e+00,0.000000e+00,0.000000e+00,0.000000e+00,0.000000e+00,0.000000e+00
1.000000e+00,0.000000e+00,0.000000e+00,0.000000e+00,0.000000e+00,0.000000e+00,0.000000e+00,0.000000e+00,0.000000e+00,0.000000e+00,0.000000e+00,0.000000e+00,0.000000e+00,0.000000e+00,0.000000e+00
1.000000e+00,0.000000e+00,0.000000e+00,0.000000e+00,0.000000e+00,0.000000e+00,0.000000e+00,0.000000e+00,0.000000e+00,0.000000e+00,0.000000e+00,0.000000e+00,0.000000e+00,0.000000e+00,0.000000e+00
1.000000e+00,0.000000e+00,0.000000e+00,0.000000e+00,0.000000e+00,0.000000e+00,0.000000e+00,0.000000e+00,0.000000e+00,0.000000e+00,0.000000e+00,0.000000e+00,0.000000e+00,0.000000e+00,0.000000e+00
1.000000e+00,0.000000e+00,0.000000e+00,0.000000e+00,0.000000e+00,0.000000e+00,0.000000e+00,0.000000e+00,0.000000e+00,0.000000e+00,0.000000e+00,0.000000e+00,0.000000e+00,0.000000e+00,0.000000e+00
1.000000e+00,0.000000e+00,0.000000e+00,0.000000e+00,0.000000e+00,0.000000e+00,0.000000e+00,0.000000e+00,0.000000e+00,0.000000e+00,0.000000e+00,0.000000e+00,0.000000e+00,0.000000e+00,0.000000e+00
1.000000e+00,0.000000e+00,0.000000e+00,0.000000e+00,0.000000e+00,0.000000e+00,0.000000e+00,0.000000e+00,0.000000e+00,0.000000e+00,0.000000e+00,0.000000e+00,0.000000e+00,0.000000e+00,0.000000e+00
1.000000e+00,0.000000e+00,0.000000e+00,0.000000e+00,0.000000e+00,0.000000e+00,0.000000e+00,0.000000e+00,0.000000e+00,0.000000e+00,0.000000e+00,0.000000e+00,0.000000e+00,0.000000e+00,0.000000e+00
1.000000e+00,0.000000e+00,0.000000e+00,0.000000e+00,0.000000e+00,0.000000e+00,0.000000e+00,0.000000e+00,0.000000e+00,0.000000e+00,0.000000e+00,0.000000e+00,0.000000e+00,0.000000e+00,0.000000e+00
1.000000e+00,0.000000e+00,0.000000e+00,0.000000e+00,0.000000e+00,0.000000e+00,0.000000e+00,0.000000e+00,0.000000e+00,0.000000e+00,0.000000e+00,0.000000e+00,0.000000e+00,0.000000e+00,0.000000e+00
1.000000e+00,0.000000e+00,0.000000e+00,0.000000e+00,0.000000e+00,0.000000e+00,0.000000e+00,0.000000e+00,0.000000e+00,0.000000e+00,0.000000e+00,0.000000e+00,0.000000e+00,0.000000e+00,0.000000e+00
1.000000e+00,0.000000e+00,0.000000e+00,0.000000e+00,0.000000e+00,0.000000e+00,0.000000e+00,0.000000e+00,0.000000e+00,0.000000e+00,0.000000e+00,0.000000e+00,0.000000e+00,0.000000e+00,0.000000e+00
1.000000e+00,0.000000e+00,0.000000e+00,0.000000e+00,0.000000e+00,0.000000e+00,0.000000e+00,0.000000e+00,0.000000e+00,0.000000e+00,0.000000e+00,0.000000e+00,0.000000e+00,0.000000e+00,0.000000e+00
1.000000e+00,0.000000e+00,0.000000e+00,0.000000e+00,0.000000e+00,0.000000e+00,0.000000e+00,0.000000e+00,0.000000e+00,0.000000e+00,0.000000e+00,0.000000e+00,0.000000e+00,0.000000e+00,0.000000e+00
1.000000e+00,0.000000e+00,0.000000e+00,0.000000e+00,0.000000e+00,0.000000e+00,0.000000e+00,0.000000e+00,0.000000e+00,0.000000e+00,0.000000e+00,0.000000e+00,0.000000e+00,0.000000e+00,0.000000e+00
1.000000e+00,0.000000e+00,0.000000e+00,0.000000e+00,0.000000e+00,0.000000e+00,0.000000e+00,0.000000e+00,0.000000e+00,0.000000e+00,0.000000e+00,0.000000e+00,0.000000e+00,0.000000e+00,0.000000e+00
1.000000e+00,0.000000e+00,0.000000e+00,0.000000e+00,0.000000e+00,0.000000e+00,0.000000e+00,0.000000e+00,0.000000e+00,0.000000e+00,0.000000e+00,0.000000e+00,0.000000e+00,0.000000e+00,0.000000e+00
1.000000e+00,0.000000e+00,0.000000e+00,0.000000e+00,0.000000e+00,0.000000e+00,0.000000e+00,0.000000e+00,0.000000e+00,0.000000e+00,0.000000e+00,0.000000e+00,0.000000e+00,0.000000e+00,0.000000e+00
1.000000e+00,0.000000e+00,0.000000e+00,0.000000e+00,0.000000e+00,0.000000e+00,0.000000e+00,0.000000e+00,0.000000e+00,0.000000e+00,0.000000e+00,0.000000e+00,0.000000e+00,0.000000e+00,0.000000e+00
1.000000e+00,0.000000e+00,0.000000e+00,0.000000e+00,0.000000e+00,0.000000e+00,0.000000e+00,0.000000e+00,0.000000e+00,0.000000e+00,0.000000e+00,0.000000e+00,0.000000e+00,0.000000e+00,0.000000e+00
1.000000e+00,0.000000e+00,0.000000e+00,0.000000e+00,0.000000e+00,0.000000e+00,0.000000e+00,0.000000e+00,0.000000e+00,0.000000e+00,0.000000e+00,0.000000e+00,0.000000e+00,0.000000e+00,0.000000e+00
1.000000e+00,0.000000e+00,0.000000e+00,0.000000e+00,0.000000e+00,0.000000e+00,0.000000e+00,0.000000e+00,0.000000e+00,0.000000e+00,0.000000e+00,0.000000e+00,0.000000e+00,0.000000e+00,0.000000e+00
1.000000e+00,0.000000e+00,0.000000e+00,0.000000e+00,0.000000e+00,0.000000e+00,0.000000e+00,0.000000e+00,0.000000e+00,0.000000e+00,0.000000e+00,0.000000e+00,0.000000e+00,0.000000e+00,0.000000e+00
1.000000e+00,0.000000e+00,0.000000e+00,0.000000e+00,0.000000e+00,0.000000e+00,0.000000e+00,0.000000e+00,0.000000e+00,0.000000e+00,0.000000e+00,0.000000e+00,0.000000e+00,0.000000e+00,0.000000e+00
1.000000e+00,0.000000e+00,0.000000e+00,0.000000e+00,0.000000e+00,0.000000e+00,0.000000e+00,0.000000e+00,0.000000e+00,0.000000e+00,0.000000e+00,0.000000e+00,0.000000e+00,0.000000e+00,0.000000e+00
1.000000e+00,0.000000e+00,0.000000e+00,0.000000e+00,0.000000e+00,0.000000e+00,0.000000e+00,0.000000e+00,0.000000e+00,0.000000e+00,0.000000e+00,0.000000e+00,0.000000e+00,0.000000e+00,0.000000e+00
1.000000e+00,0.000000e+00,0.000000e+00,0.000000e+00,0.000000e+00,0.000000e+00,0.000000e+00,0.000000e+00,0.000000e+00,0.000000e+00,0.000000e+00,0.000000e+00,0.000000e+00,0.000000e+00,0.000000e+00
1.000000e+00,0.000000e+00,0.000000e+00,0.000000e+00,0.000000e+00,0.000000e+00,0.000000e+00,0.000000e+00,0.000000e+00,0.000000e+00,0.000000e+00,0.000000e+00,0.000000e+00,0.000000e+00,0.000000e+00
1.000000e+00,0.000000e+00,0.000000e+00,0.000000e+00,0.000000e+00,0.000000e+00,0.000000e+00,0.000000e+00,0.000000e+00,0.000000e+00,0.000000e+00,0.000000e+00,0.000000e+00,0.000000e+00,0.000000e+00
1.000000e+00,0.000000e+00,0.000000e+00,0.000000e+00,0.000000e+00,0.000000e+00,0.000000e+00,0.000000e+00,0.000000e+00,0.000000e+00,0.000000e+00,0.000000e+00,0.000000e+00,0.000000e+00,0.000000e+00
1.000000e+00,0.000000e+00,0.000000e+00,0.000000e+00,0.000000e+00,0.000000e+00,0.000000e+00,0.000000e+00,0.000000e+00,0.000000e+00,0.000000e+00,0.000000e+00,0.000000e+00,0.000000e+00,0.000000e+00
1.000000e+00,0.000000e+00,0.000000e+00,0.000000e+00,0.000000e+00,0.000000e+00,0.000000e+00,0.000000e+00,0.000000e+00,0.000000e+00,0.000000e+00,0.000000e+00,0.000000e+00,0.000000e+00,0.000000e+00
1.000000e+00,0.000000e+00,0.000000e+00,0.000000e+00,0.000000e+00,0.000000e+00,0.000000e+00,0.000000e+00,0.000000e+00,0.000000e+00,0.000000e+00,0.000000e+00,0.000000e+00,0.000000e+00,0.000000e+00
1.000000e+00,0.000000e+00,0.000000e+00,0.000000e+00,0.000000e+00,0.000000e+00,0.000000e+00,0.000000e+00,0.000000e+00,0.000000e+00,0.000000e+00,0.000000e+00,0.000000e+00,0.000000e+00,0.000000e+00
1.000000e+00,0.000000e+00,0.000000e+00,0.000000e+00,0.000000e+00,0.000000e+00,0.000000e+00,0.000000e+00,0.000000e+00,0.000000e+00,0.000000e+00,0.000000e+00,0.000000e+00,0.000000e+00,0.000000e+00
1.000000e+00,0.000000e+00,0.000000e+00,0.000000e+00,0.000000e+00,0.000000e+00,0.000000e+00,0.000000e+00,0.000000e+00,0.000000e+00,0.000000e+00,0.000000e+00,0.000000e+00,0.000000e+00,0.000000e+00
1.000000e+00,0.000000e+00,0.000000e+00,0.000000e+00,0.000000e+00,0.000000e+00,0.000000e+00,0.000000e+00,0.000000e+00,0.000000e+00,0.000000e+00,0.000000e+00,0.000000e+00,0.000000e+00,0.000000e+00
1.000000e+00,0.000000e+00,0.000000e+00,0.000000e+00,0.000000e+00,0.000000e+00,0.000000e+00,0.000000e+00,0.000000e+00,0.000000e+00,0.000000e+00,0.000000e+00,0.000000e+00,0.000000e+00,0.000000e+00
1.000000e+00,0.000000e+00,0.000000e+00,0.000000e+00,0.000000e+00,0.000000e+00,0.000000e+00,0.000000e+00,0.000000e+00,0.000000e+00,0.000000e+00,0.000000e+00,0.000000e+00,0.000000e+00,0.000000e+00
1.000000e+00,0.000000e+00,0.000000e+00,0.000000e+00,0.000000e+00,0.000000e+00,0.000000e+00,0.000000e+00,0.000000e+00,0.000000e+00,0.000000e+00,0.000000e+00,0.000000e+00,0.000000e+00,0.000000e+00
1.000000e+00,0.000000e+00,0.000000e+00,0.000000e+00,0.000000e+00,0.000000e+00,0.000000e+00,0.000000e+00,0.000000e+00,0.000000e+00,0.000000e+00,0.000000e+00,0.000000e+00,0.000000e+00,0.000000e+00
1.000000e+00,0.000000e+00,0.000000e+00,0.000000e+00,0.000000e+00,0.000000e+00,0.000000e+00,0.000000e+00,0.000000e+00,0.000000e+00,0.000000e+00,0.000000e+00,0.000000e+00,0.000000e+00,0.000000e+00
1.000000e+00,0.000000e+00,0.000000e+00,0.000000e+00,0.000000e+00,0.000000e+00,0.000000e+00,0.000000e+00,0.000000e+00,0.000000e+00,0.000000e+00,0.000000e+00,0.000000e+00,0.000000e+00,0.000000e+00
1.000000e+00,0.000000e+00,0.000000e+00,0.000000e+00,0.000000e+00,0.000000e+00,0.000000e+00,0.000000e+00,0.000000e+00,0.000000e+00,0.000000e+00,0.000000e+00,0.000000e+00,0.000000e+00,0.000000e+00
1.000000e+00,0.000000e+00,0.000000e+00,0.000000e+00,0.000000e+00,0.000000e+00,0.000000e+00,0.000000e+00,0.000000e+00,0.000000e+00,0.000000e+00,0.000000e+00,0.000000e+00,0.000000e+00,0.000000e+00
1.000000e+00,0.000000e+00,0.000000e+00,0.000000e+00,0.000000e+00,0.000000e+00,0.000000e+00,0.000000e+00,0.000000e+00,0.000000e+00,0.000000e+00,0.000000e+00,0.000000e+00,0.000000e+00,0.000000e+00
1.000000e+00,0.000000e+00,0.000000e+00,0.000000e+00,0.000000e+00,0.000000e+00,0.000000e+00,0.000000e+00,0.000000e+00,0.000000e+00,0.000000e+00,0.000000e+00,0.000000e+00,0.000000e+00,0.000000e+00
1.000000e+00,0.000000e+00,0.000000e+00,0.000000e+00,0.000000e+00,0.000000e+00,0.000000e+00,0.000000e+00,0.000000e+00,0.000000e+00,0.000000e+00,0.000000e+00,0.000000e+00,0.000000e+00,0.000000e+00
1.000000e+00,0.000000e+00,0.000000e+00,0.000000e+00,0.000000e+00,0.000000e+00,0.000000e+00,0.000000e+00,0.000000e+00,0.000000e+00,0.000000e+00,0.000000e+00,0.000000e+00,0.000000e+00,0.000000e+00
1.000000e+00,0.000000e+00,0.000000e+00,0.000000e+00,0.000000e+00,0.000000e+00,0.000000e+00,0.000000e+00,0.000000e+00,0.000000e+00,0.000000e+00,0.000000e+00,0.000000e+00,0.000000e+00,0.000000e+00
4.266087e-01,2.675015e-02,1.638930e-02,1.830435e-02,1.864386e-03,4.926087e-02,1.453414e-03,4.059957e-03,3.151705e-02,2.570094e-03,1.339465e-01,1.513966e-02,7.771602e-03,1.227212e-01,1.416427e-01
3.091592e-01,2.405120e-02,1.188057e-02,1.364616e-02,1.496067e-03,3.564265e-02,1.045129e-03,3.018467e-03,3.110996e-02,2.722440e-03,3.253531e-01,1.351205e-02,7.607803e-03,9.286777e-02,1.268874e-01
2.217724e-01,2.010975e-02,8.643392e-03,1.017549e-02,1.242384e-03,3.030331e-02,7.723538e-04,2.351617e-03,2.533205e-02,2.575770e-03,4.751188e-01,1.226337e-02,7.616145e-03,8.164074e-02,1.000824e-01
1.579451e-01,1.465596e-02,6.195216e-03,7.258885e-03,2.891775e-03,2.273969e-02,6.516306e-04,2.078308e-03,2.116749e-02,2.434701e-03,5.690027e-01,1.463096e-02,6.139667e-03,1.011498e-01,7.105829e-02
1.118825e-01,1.052954e-02,4.444051e-03,5.479252e-03,3.240673e-03,1.905548e-02,5.046882e-04,1.563269e-03,2.024483e-02,2.294725e-03,6.244493e-01,1.757159e-02,5.044043e-03,1.225932e-01,5.110309e-02
8.043703e-02,7.709572e-03,3.605083e-03,4.675741e-03,3.636157e-03,1.807918e-02,4.561954e-04,1.264358e-03,1.883743e-02,2.438175e-03,6.736695e-01,1.734355e-02,4.137597e-03,1.271802e-01,3.653036e-02
5.678352e-02,5.752597e-03,2.974670e-03,3.624928e-03,4.308573e-03,1.534251e-02,3.920798e-04,1.003966e-03,1.977130e-02,3.211780e-03,6.541030e-01,1.482263e-02,3.411491e-03,1.879707e-01,2.652638e-02
4.117475e-02,4.386685e-03,4.011159e-03,2.820061e-03,4.394529e-03,1.875733e-02,4.459966e-04,1.136883e-03,2.064769e-02,6.688160e-03,6.092643e-01,1.228399e-02,2.811842e-03,2.518561e-01,1.932061e-02
3.009721e-02,4.275037e-03,5.883271e-03,3.675908e-03,5.192861e-03,1.532640e-02,6.881414e-04,1.129896e-03,1.817413e-02,1.705720e-02,6.465226e-01,1.110520e-02,2.613543e-03,2.207832e-01,1.747550e-02
2.320156e-02,3.518884e-03,1.026168e-02,5.305464e-03,6.010294e-03,1.379866e-02,6.456102e-04,1.797280e-03,1.552530e-02,1.866212e-02,6.690189e-01,9.301735e-03,2.329645e-03,2.059124e-01,1.471044e-02
1.665467e-02,3.275858e-03,9.744583e-03,4.679099e-03,9.289321e-03,1.034488e-02,5.613475e-04,1.634998e-03,1.286488e-02,1.760128e-02,5.758575e-01,9.274012e-03,2.299439e-03,3.141180e-01,1.180016e-02
1.273227e-02,4.939535e-03,1.084402e-02,4.365831e-03,2.286557e-02,1.295502e-02,1.099097e-03,3.511392e-03,1.283916e-02,2.780725e-02,4.977013e-01,1.000652e-02,2.194284e-03,3.667040e-01,9.434802e-03
1.618771e-02,5.926174e-03,1.461849e-02,4.964786e-03,4.284657e-02,1.612460e-02,3.514464e-03,5.143244e-03,1.431123e-02,4.067621e-02,4.943155e-01,9.760328e-03,2.690260e-03,3.203521e-01,8.568328e-03
1.426311e-02,6.942425e-03,1.511001e-02,7.878509e-03,3.540084e-02,1.805506e-02,3.943720e-03,5.961501e-03,1.440260e-02,4.574670e-02,5.658501e-01,9.574477e-03,4.987229e-03,2.356885e-01,1.619522e-02
2.602059e-02,1.022908e-02,3.512990e-02,1.252256e-02,2.919630e-02,3.057981e-02,1.020963e-02,4.558473e-02,1.486602e-02,4.718724e-02,5.212084e-01,1.162014e-02,5.325258e-03,1.806747e-01,1.964567e-02
3.436555e-02,8.674324e-03,5.017344e-02,2.060454e-02,2.429829e-02,5.333542e-02,9.953867e-03,9.811182e-02,1.287933e-02,4.150204e-02,4.765899e-01,1.389388e-02,5.819090e-03,1.323705e-01,1.742797e-02
6.679894e-02,1.087580e-02,7.948268e-02,2.958242e-02,1.861053e-02,8.365379e-02,1.178398e-02,1.098353e-01,1.260884e-02,3.615398e-02,4.025946e-01,1.912872e-02,5.503480e-03,9.601501e-02,1.737194e-02
1.201430e-01,1.969315e-02,6.589040e-02,4.093484e-02,1.647552e-02,8.499411e-02,9.819988e-03,1.251937e-01,1.653220e-02,3.292513e-02,3.453482e-01,2.134916e-02,6.217740e-03,7.184803e-02,2.263482e-02
1.245365e-01,2.020978e-02,5.916525e-02,7.169131e-02,1.539246e-02,7.157542e-02,7.487772e-03,1.894210e-01,1.713070e-02,2.390764e-02,3.045405e-01,1.733748e-02,5.824741e-03,5.341178e-02,1.836773e-02
1.112254e-01,1.619823e-02,6.250761e-02,5.805849e-02,1.562830e-02,5.218597e-02,5.625422e-03,3.328561e-01,1.476686e-02,1.733144e-02,2.440405e-01,1.295670e-02,4.499226e-03,3.861225e-02,1.350757e-02
1.018801e-01,1.358153e-02,6.750575e-02,4.967286e-02,1.518104e-02,3.971753e-02,4.200773e-03,4.194740e-01,1.363789e-02,1.267999e-02,2.093823e-01,1.001691e-02,3.517572e-03,2.934599e-02,1.020572e-02
1.161451e-01,1.596921e-02,5.313104e-02,3.966691e-02,1.783657e-02,3.133906e-02,3.185781e-03,4.443787e-01,1.360020e-02,9.436554e-03,2.090559e-01,9.666842e-03,3.443306e-03,2.447983e-02,8.665018e-03
1.251886e-01,1.248338e-02,4.004245e-02,2.996020e-02,1.924859e-02,2.513946e-02,2.333104e-03,5.248560e-01,1.321011e-02,6.983553e-03,1.583860e-01,1.107941e-02,3.446254e-03,2.075138e-02,6.891394e-03
1.539472e-01,1.003529e-02,3.094222e-02,2.424109e-02,1.626666e-02,2.248658e-02,1.742417e-03,4.845790e-01,1.358685e-02,5.505744e-03,1.288361e-01,6.757982e-02,1.261679e-02,1.766326e-02,9.970956e-03
1.653135e-01,8.725449e-03,3.204493e-02,6.658664e-02,1.468205e-02,1.910571e-02,1.442890e-03,3.776047e-01,2.122402e-02,7.480789e-03,1.235635e-01,1.040053e-01,2.173053e-02,1.687597e-02,1.961399e-02
1.615669e-01,6.966338e-03,2.757807e-02,8.834852e-02,1.108275e-02,1.509846e-02,1.051062e-03,2.722587e-01,2.002509e-02,1.059028e-02,1.967310e-01,1.268605e-01,2.726784e-02,1.432139e-02,2.025311e-02
1.228512e-01,9.461798e-03,3.323523e-02,1.603849e-01,8.327086e-03,1.265371e-02,7.780963e-04,1.930724e-01,4.327913e-02,1.012011e-02,1.891039e-01,1.333731e-01,3.098925e-02,1.175250e-02,4.061761e-02
1.133614e-01,1.013026e-02,2.958017e-02,1.973242e-01,6.472501e-03,1.417661e-02,7.109557e-04,1.386697e-01,5.112483e-02,9.037992e-03,1.787201e-01,1.677404e-01,2.678026e-02,1.228061e-02,4.389011e-02
9.094705e-02,8.720799e-03,2.153659e-02,1.713019e-01,7.507704e-03,1.374414e-02,7.775833e-04,9.768210e-02,4.120519e-02,8.036504e-03,1.686909e-01,2.999544e-01,2.220195e-02,1.504848e-02,3.264477e-02
7.313649e-02,6.418712e-03,1.516978e-02,1.229414e-01,8.805133e-03,9.883075e-03,6.418072e-04,6.897168e-02,3.222607e-02,6.379365e-03,1.271093e-01,4.718245e-01,1.737625e-02,1.575637e-02,2.336018e-02
7.969191e-02,5.379279e-03,1.095336e-02,8.976604e-02,1.514589e-02,7.259184e-03,5.496253e-04,4.942443e-02,3.219225e-02,6.901128e-03,1.145906e-01,5.357903e-01,1.506294e-02,1.994682e-02,1.734621e-02
1.463269e-01,6.853282e-03,8.674663e-03,6.699900e-02,1.995508e-02,7.059074e-03,5.207609e-04,3.553923e-02,4.064528e-02,6.143860e-03,1.128158e-01,4.807434e-01,1.157190e-02,4.216431e-02,1.398744e-02
1.521492e-01,5.765910e-03,6.611009e-03,5.131569e-02,2.345105e-02,6.367345e-03,4.848349e-04,2.660647e-02,7.297432e-02,5.763494e-03,1.215891e-01,4.602700e-01,9.543371e-03,4.595042e-02,1.115768e-02
1.960858e-01,5.343310e-03,5.772634e-03,5.624422e-02,2.688094e-02,1.008479e-02,4.701602e-04,2.285748e-02,8.830366e-02,8.715631e-03,1.425203e-01,3.700703e-01,1.077280e-02,4.603479e-02,9.843168e-03
3.110842e-01,9.802463e-03,5.017974e-03,4.445702e-02,3.457655e-02,1.135662e-02,4.652452e-04,1.787719e-02,6.782492e-02,1.098141e-02,1.367813e-01,2.911857e-01,9.196799e-03,4.108196e-02,8.310691e-03
4.127355e-01,1.338029e-02,5.358360e-03,3.501581e-02,3.282038e-02,1.096802e-02,4.655199e-04,1.365789e-02,5.137324e-02,1.314749e-02,1.242927e-01,2.310134e-01,8.685002e-03,3.919575e-02,7.890677e-03
4.628254e-01,1.583926e-02,4.852574e-03,2.681613e-02,2.567849e-02,1.082197e-02,7.427867e-04,1.042430e-02,3.947348e-02,1.747971e-02,1.385074e-01,1.860529e-01,8.314236e-03,4.387620e-02,8.295113e-03
1.000000e+00,0.000000e+00,0.000000e+00,0.000000e+00,0.000000e+00,0.000000e+00,0.000000e+00,0.000000e+00,0.000000e+00,0.000000e+00,0.000000e+00,0.000000e+00,0.000000e+00,0.000000e+00,0.000000e+00
1.000000e+00,0.000000e+00,0.000000e+00,0.000000e+00,0.000000e+00,0.000000e+00,0.000000e+00,0.000000e+00,0.000000e+00,0.000000e+00,0.000000e+00,0.000000e+00,0.000000e+00,0.000000e+00,0.000000e+00
4.254184e-01,2.958081e-02,9.853557e-03,3.431629e-02,2.263819e-02,3.887367e-02,1.616638e-03,1.856297e-02,3.884237e-02,1.970921e-02,1.252735e-01,1.282399e-01,1.090574e-02,4.566951e-02,5.049916e-02
3.268923e-01,2.669487e-02,1.205125e-02,3.144443e-02,2.633243e-02,1.087693e-01,2.986945e-03,2.468165e-02,4.344652e-02,2.012130e-02,1.379817e-01,1.069775e-01,2.003469e-02,5.582536e-02,5.575968e-02
2.710907e-01,2.028644e-02,1.600743e-02,2.937330e-02,2.337776e-02,7.949112e-02,2.720165e-03,5.941966e-02,4.298892e-02,2.279567e-02,1.067357e-01,8.627675e-02,2.591769e-02,4.338934e-02,1.701293e-01
2.590221e-01,1.526870e-02,1.298447e-02,2.350872e-02,2.050631e-02,5.739019e-02,2.031430e-03,5.395809e-02,3.655746e-02,2.104147e-02,7.875820e-02,6.216111e-02,2.029176e-02,3.206805e-02,3.044519e-01
2.270947e-01,1.206514e-02,1.026232e-02,2.406596e-02,1.797895e-02,4.439126e-02,1.492037e-03,4.511566e-02,3.716473e-02,1.746799e-02,5.848563e-02,4.523703e-02,1.928460e-02,2.316808e-02,4.167259e-01
1.724354e-01,1.213123e-02,9.122999e-03,2.130421e-02,1.832045e-02,3.695287e-02,1.184978e-03,4.491986e-02,4.942816e-02,1.780605e-02,4.396108e-02,3.632331e-02,1.753718e-02,1.774462e-02,5.008276e-01
1.268886e-01,1.011477e-02,8.336574e-03,1.852601e-02,1.647608e-02,3.400539e-02,1.008269e-03,3.962587e-02,4.206549e-02,1.836768e-02,4.460943e-02,3.522781e-02,2.048163e-02,1.334981e-02,5.709165e-01
9.085174e-02,8.319219e-03,6.135210e-03,1.359050e-02,1.323868e-02,2.473415e-02,7.660086e-04,2.842637e-02,3.923614e-02,2.067099e-02,4.859735e-02,2.647597e-02,3.489729e-02,1.003707e-02,6.340233e-01
7.490215e-02,6.788674e-03,4.733704e-03,1.360644e-02,1.581882e-02,2.323001e-02,8.972086e-04,2.164223e-02,3.165236e-02,1.851345e-02,5.474243e-02,2.234390e-02,1.490599e-01,7.657250e-03,5.544114e-01
7.437885e-02,5.191034e-03,3.728210e-03,1.143952e-02,1.404820e-02,2.124833e-02,7.602244e-04,1.551511e-02,2.481752e-02,2.490661e-02,5.949904e-02,2.693431e-02,2.704478e-01,1.322515e-02,4.338601e-01
5.535920e-02,3.993009e-03,2.948028e-03,1.054283e-02,1.073631e-02,2.183730e-02,6.565236e-04,1.114458e-02,2.278970e-02,3.053564e-02,6.363468e-02,3.611990e-02,3.639479e-01,2.928399e-02,3.364704e-01
4.249524e-02,3.225935e-03,4.364692e-03,1.023973e-02,9.143253e-03,2.395691e-02,8.458792e-04,8.557398e-03,2.125300e-02,2.939782e-02,7.005010e-02,4.521456e-02,3.870649e-01,7.694986e-02,2.672407e-01
4.870053e-02,3.528649e-03,5.801943e-03,1.019854e-02,9.219605e-03,2.485503e-02,1.760323e-03,7.016585e-03,2.065058e-02,2.818337e-02,6.255123e-02,6.357504e-02,4.176235e-01,6.006661e-02,2.362684e-01
9.143663e-02,4.679906e-03,8.099416e-03,8.900558e-03,1.090719e-02,2.697271e-02,3.208746e-03,5.175712e-03,2.080201e-02,3.426293e-02,5.435218e-02,1.106368e-01,3.919010e-01,4.782188e-02,1.808424e-01
7.796374e-02,4.768549e-03,7.435012e-03,8.679138e-03,1.864807e-02,3.498618e-02,3.761113e-03,4.194375e-03,2.509520e-02,2.903733e-02,6.967549e-02,1.082769e-01,4.332903e-01,3.468152e-02,1.395071e-01
6.210705e-02,4.516395e-03,7.053417e-03,8.146646e-03,2.143092e-02,3.376134e-02,2.993264e-03,4.266270e-03,2.838868e-02,3.324468e-02,1.067070e-01,1.543522e-01,4.007686e-01,2.683966e-02,1.054239e-01
4.728843e-02,3.811786e-03,5.957313e-03,7.277941e-03,2.547501e-02,2.764420e-02,2.250467e-03,3.898808e-03,2.871063e-02,3.483421e-02,1.671157e-01,1.982563e-01,3.464144e-01,2.053373e-02,8.053104e-02
3.555933e-02,3.603590e-02,2.922811e-02,5.744060e-03,3.026167e-02,1.981147e-02,1.769514e-03,3.475917e-03,5.391967e-02,2.982757e-02,1.841499e-01,1.538979e-01,3.350206e-01,1.682940e-02,6.446896e-02
3.995720e-02,4.680158e-02,2.528174e-02,6.626440e-03,3.401709e-02,1.777022e-02,2.288368e-03,5.340816e-03,7.117637e-02,7.689124e-02,1.818717e-01,1.264274e-01,2.861150e-01,2.149707e-02,5.793787e-02
4.202873e-02,9.114561e-02,2.448521e-02,1.020186e-02,3.195222e-02,1.916696e-02,2.170790e-03,6.437234e-03,7.800634e-02,9.494884e-02,1.653078e-01,1.048908e-01,2.274640e-01,2.737061e-02,7.442296e-02
7.178260e-02,1.747319e-01,2.128498e-02,9.453364e-03,2.478547e-02,1.562957e-02,1.713284e-03,6.129547e-03,7.431196e-02,1.204472e-01,1.336523e-01,7.968082e-02,1.656218e-01,4.027187e-02,6.050334e-02
8.891131e-02,2.622027e-01,2.660722e-02,8.737901e-03,2.391415e-02,1.170838e-02,1.630558e-03,5.085219e-03,6.254622e-02,9.551577e-02,1.482581e-01,6.025492e-02,1.269688e-01,3.258309e-02,4.507556e-02
6.930719e-02,2.620229e-01,1.546777e-01,3.135986e-02,2.305466e-02,9.291460e-03,2.904149e-03,5.579062e-03,6.394663e-02,7.314280e-02,1.088400e-01,4.575798e-02,9.109832e-02,2.515539e-02,3.386184e-02
6.682542e-02,3.251627e-01,1.267219e-01,2.822671e-02,2.105580e-02,8.419403e-03,2.671648e-03,8.282882e-03,7.897235e-02,7.194187e-02,9.610349e-02,4.535250e-02,6.807211e-02,2.588366e-02,2.630753e-02
7.774842e-02,3.642189e-01,9.639984e-02,3.341900e-02,3.890797e-02,1.140641e-02,2.647303e-03,1.617562e-02,1.022271e-01,5.739870e-02,7.103606e-02,3.727616e-02,5.070668e-02,1.928006e-02,2.115173e-02
1.504315e-01,2.705285e-01,8.842944e-02,3.187580e-02,4.759456e-02,1.195310e-02,3.969553e-03,1.117318e-01,8.252361e-02,4.770289e-02,5.312568e-02,3.110787e-02,3.824668e-02,1.419235e-02,1.658670e-02
1.847458e-01,1.935058e-01,7.540419e-02,2.767997e-02,4.552868e-02,1.122484e-02,5.458413e-03,2.403858e-01,6.259698e-02,3.834087e-02,3.852553e-02,2.533328e-02,2.772814e-02,1.037479e-02,1.316689e-02
2.074937e-01,1.386122e-01,6.695333e-02,2.312888e-02,3.709669e-02,1.392618e-02,7.366288e-03,3.410445e-01,4.738972e-02,2.919597e-02,2.762492e-02,2.058404e-02,2.068585e-02,8.020978e-03,1.087672e-02
2.283254e-01,1.004274e-01,5.574373e-02,1.978382e-02,3.183045e-02,1.926137e-02,9.100383e-03,3.997457e-01,3.672753e-02,2.813319e-02,2.009085e-02,1.819068e-02,1.586026e-02,6.669142e-03,1.011003e-02
2.409618e-01,7.570695e-02,4.500266e-02,1.719991e-02,2.693576e-02,2.280306e-02,8.750902e-03,4.418077e-01,3.305021e-02,2.248967e-02,1.551476e-02,1.852032e-02,1.309105e-02,5.610530e-03,1.255480e-02
2.348114e-01,5.639050e-02,3.452686e-02,1.345677e-02,2.484076e-02,1.774161e-02,7.688067e-03,4.987373e-01,2.929095e-02,2.781685e-02,1.214511e-02,1.549962e-02,9.932832e-03,5.883783e-03,1.123763e-02
2.499388e-01,4.599877e-02,2.914381e-02,1.114792e-02,2.435126e-02,1.410080e-02,7.999084e-03,5.105063e-01,2.682560e-02,3.200252e-02,9.452763e-03,1.318157e-02,7.704073e-03,6.993601e-03,1.065317e-02
2.720977e-01,3.676507e-02,2.486062e-02,9.696104e-03,2.249914e-02,1.245228e-02,8.292242e-03,5.109997e-01,3.062909e-02,2.805276e-02,7.414863e-03,1.224746e-02,6.313291e-03,7.957208e-03,9.722536e-03
2.838909e-01,2.823213e-02,2.225056e-02,8.822512e-03,1.947699e-02,1.094299e-02,8.081354e-03,5.213034e-01,3.158626e-02,2.622367e-02,6.041323e-03,1.043922e-02,5.022138e-03,8.826869e-03,8.859777e-03
2.777979e-01,2.058371e-02,1.789345e-02,7.154535e-03,1.446863e-02,1.241742e-02,7.328790e-03,5.592732e-01,2.567916e-02,2.086052e-02,4.710227e-03,8.475533e-03,3.821801e-03,6.984200e-03,1.255093e-02
2.832300e-01,1.586471e-02,1.591752e-02,7.438712e-03,1.227288e-02,1.110411e-02,6.090861e-03,5.767370e-01,1.968045e-02,1.774572e-02,3.875664e-03,7.372587e-03,3.120784e-03,5.544133e-03,1.400488e-02
3.447732e-01,1.262094e-02,1.325755e-02,6.463801e-03,9.405391e-03,1.120652e-02,4.718326e-03,4.968886e-01,2.033946e-02,2.768516e-02,4.353100e-03,6.594303e-03,2.740379e-03,5.718715e-03,3.323457e-02
3.978021e-01,1.023277e-02,1.342377e-02,6.488457e-03,8.329048e-03,1.157215e-02,3.916426e-03,3.978290e-01,3.929411e-02,2.501826e-02,5.749992e-03,7.314946e-03,2.980347e-03,1.013859e-02,5.991011e-02
4.112814e-01,8.041580e-03,1.364316e-02,5.465627e-03,6.981281e-03,1.080590e-02,3.177283e-03,3.302341e-01,6.689934e-02,2.866249e-02,5.710209e-03,6.559731e-03,2.735085e-03,1.229852e-02,8.750432e-02
4.134637e-01,6.410232e-03,1.412059e-02,5.555214e-03,6.064083e-03,1.353849e-02,2.562353e-03,2.424065e-01,1.219174e-01,3.348329e-02,9.940637e-03,5.658478e-03,3.766640e-03,1.978829e-02,1.013241e-01
3.833668e-01,4.971529e-03,1.238883e-02,4.549336e-03,5.025457e-03,1.258151e-02,2.109507e-03,1.724589e-01,1.955079e-01,4.473806e-02,1.024840e-02,4.870716e-03,4.880440e-03,4.509543e-02,9.720726e-02
4.195364e-01,4.212962e-03,9.449884e-03,3.583565e-03,3.998416e-03,1.390624e-02,1.961635e-03,1.228536e-01,1.706639e-01,4.058915e-02,1.227530e-02,4.787742e-03,8.254488e-03,7.279563e-02,1.111311e-01
4.280388e-01,3.624184e-03,6.933844e-03,2.750843e-03,3.828344e-03,1.130412e-02,1.770759e-03,8.714268e-02,1.327019e-01,2.930496e-02,1.737243e-02,4.147073e-03,1.193730e-02,1.031019e-01,1.560409e-01
4.209582e-01,3.732840e-03,5.079827e-03,2.480701e-03,3.287674e-03,1.155414e-02,1.595096e-03,6.137373e-02,1.132192e-01,2.233424e-02,2.519523e-02,4.029189e-03,1.425053e-02,1.301037e-01,1.808057e-01
3.968719e-01,3.758145e-03,3.781851e-03,2.419598e-03,3.066095e-03,1.444234e-02,1.358683e-03,4.316525e-02,1.008340e-01,1.842855e-02,4.120649e-02,4.765715e-03,1.409557e-02,1.337797e-01,2.180261e-01
3.709280e-01,4.495141e-03,3.505828e-03,2.751557e-03,2.668472e-03,1.666876e-02,1.144407e-03,3.044797e-02,9.505006e-02,1.605318e-02,5.097765e-02,5.803910e-03,1.208095e-02,1.743671e-01,2.130570e-01
3.200894e-01,4.971797e-03,3.401797e-03,2.535442e-03,2.598002e-03,1.416034e-02,9.443989e-04,2.145476e-02,9.643729e-02,1.476029e-02,5.326965e-02,5.415449e-03,1.004294e-02,2.206312e-01,2.292872e-01
2.465353e-01,5.037256e-03,3.284405e-03,2.159023e-03,2.258000e-03,1.289144e-02,7.751396e-04,1.512222e-02,1.033854e-01,1.773571e-02,6.128351e-02,4.781540e-03,8.263650e-03,2.934356e-01,2.230518e-01
1.885355e-01,6.446607e-03,3.183506e-03,1.824816e-03,1.933884e-03,1.092894e-02,6.258525e-04,1.063759e-02,1.203682e-01,2.010212e-02,6.028271e-02,3.960771e-03,6.410055e-03,3.471487e-01,2.176108e-01
1.355737e-01,8.743059e-03,2.745728e-03,1.501042e-03,1.608789e-03,8.835802e-03,4.756138e-04,7.497271e-03,1.538675e-01,1.566458e-02,4.913093e-02,3.319954e-03,4.927434e-03,4.146503e-01,1.914584e-01
9.618252e-02,9.828867e-03,3.305421e-03,1.183780e-03,1.390609e-03,9.655842e-03,3.681946e-04,5.352104e-03,1.651340e-01,1.289253e-02,3.668690e-02,2.413731e-03,3.708673e-03,5.079939e-01,1.439029e-01
6.951878e-02,9.865446e-03,7.225387e-02,1.597644e-03,2.439965e-03,1.197368e-02,4.128460e-04,5.578993e-03,1.981824e-01,1.423103e-02,3.119674e-02,1.958814e-03,3.338915e-03,4.728835e-01,1.045674e-01
4.973494e-02,7.134607e-03,3.114512e-01,1.969491e-03,3.331757e-03,1.135311e-02,4.945766e-04,6.227816e-03,1.481034e-01,1.747701e-02,2.308569e-02,1.426558e-03,2.550473e-03,3.403158e-01,7.534352e-02
4.103881e-02,5.732192e-03,3.299540e-01,2.905905e-03,7.398849e-03,1.002721e-02,4.095773e-04,7.207386e-03,1.370437e-01,5.868500e-02,1.734469e-02,1.073970e-03,2.296976e-03,3.120692e-01,6.681262e-02
4.341931e-02,5.104314e-03,3.242514e-01,4.112058e-03,1.245962e-02,9.912647e-03,3.540564e-04,8.152707e-03,1.211879e-01,9.714106e-02,1.388294e-02,8.691088e-04,2.757094e-03,2.736317e-01,8.276407e-02
4.888290e-02,4.439911e-03,2.815275e-01,5.236073e-03,1.208385e-02,1.619107e-02,4.486279e-04,8.564991e-03,9.963389e-02,1.167008e-01,1.448399e-02,1.162920e-03,4.138873e-03,2.566535e-01,1.298510e-01
4.409038e-02,4.955678e-03,2.910332e-01,9.442410e-03,1.027319e-02,1.432334e-02,3.449937e-04,6.444809e-03,1.433923e-01,1.121538e-01,1.338592e-02,1.225537e-03,3.765291e-03,1.923474e-01,1.528217e-01
3.506167e-02,6.605034e-03,2.770331e-01,1.180922e-02,1.095512e-02,1.135069e-02,4.272262e-04,5.492595e-03,1.886384e-01,8.645894e-02,7.261541e-02,1.925919e-03,3.443234e-03,1.533784e-01,1.348049e-01
2.605067e-02,7.638991e-03,2.257265e-01,1.302041e-02,8.586681e-03,8.950475e-03,4.586724e-04,4.134347e-03,1.551773e-01,7.644925e-02,2.233123e-01,4.700398e-03,3.367704e-03,1.225077e-01,1.199186e-01
1.865911e-02,7.484592e-03,1.698433e-01,1.177810e-02,6.404541e-03,6.587970e-03,3.912871e-04,3.006530e-03,1.118599e-01,5.456041e-02,4.090759e-01,2.036075e-02,3.354427e-03,8.903023e-02,8.760299e-02
1.357128e-02,5.855420e-03,1.255827e-01,1.055856e-02,4.875807e-03,5.974795e-03,4.010945e-04,2.304125e-03,8.016666e-02,3.873998e-02,5.487373e-01,2.927906e-02,4.768583e-03,6.770226e-02,6.148233e-02
1.030376e-02,4.683374e-03,9.145489e-02,9.001178e-03,3.899347e-03,6.476332e-03,3.683452e-04,1.825368e-03,5.753389e-02,2.772835e-02,6.318649e-01,4.264206e-02,4.629436e-03,6.426716e-02,4.332158e-02
7.866377e-03,3.482894e-03,6.488612e-02,6.981077e-03,2.941074e-03,7.029587e-03,3.208878e-04,1.414924e-03,4.085543e-02,2.070333e-02,7.080838e-01,3.841865e-02,4.369824e-03,6.213128e-02,3.051471e-02
5.929540e-03,2.593574e-03,4.587820e-02,5.390758e-03,2.250673e-03,8.494866e-03,2.758322e-04,1.069023e-03,2.918439e-02,1.675314e-02,7.710348e-01,3.535987e-02,4.321153e-03,4.965634e-02,2.180784e-02
4.227175e-03,1.966754e-03,3.221156e-02,3.922701e-03,1.641526e-03,6.723603e-03,2.646155e-04,7.594653e-04,2.057033e-02,1.190249e-02,8.361285e-01,2.609977e-02,3.165439e-03,3.504311e-02,1.537308e-02
3.078620e-03,2.390519e-03,2.279166e-02,2.933163e-03,3.062283e-03,5.185892e-03,6.016488e-04,5.973376e-04,1.486234e-02,9.078012e-03,8.681494e-01,2.700466e-02,2.559468e-03,2.557086e-02,1.213411e-02
2.284805e-03,2.461330e-03,1.634193e-02,2.167817e-03,3.595569e-03,4.312501e-03,8.306579e-04,4.981625e-04,1.092178e-02,6.799549e-03,8.926167e-01,2.674411e-02,2.179501e-03,1.849697e-02,9.748571e-03
1.811752e-03,2.037405e-03,1.161181e-02,1.563994e-03,2.740506e-03,4.233595e-03,8.134801e-04,4.002018e-04,8.057231e-03,5.483107e-03,9.085476e-01,2.919161e-02,1.872865e-03,1.377858e-02,7.856268e-03
2.540848e-03,2.275188e-03,8.363314e-03,1.180014e-03,2.144377e-03,4.781946e-03,8.094774e-04,4.153357e-04,6.375517e-03,5.134325e-03,9.007568e-01,4.383087e-02,1.779233e-03,1.113522e-02,8.477569e-03
4.336641e-03,4.090234e-03,7.273014e-03,1.047997e-03,5.215919e-03,4.177093e-03,1.425821e-03,8.124701e-04,6.147692e-03,5.694899e-03,8.810345e-01,5.756568e-02,2.339460e-03,1.023172e-02,8.606885e-03
8.071361e-03,6.734623e-03,1.129734e-02,1.161220e-03,2.574428e-02,1.086972e-02,5.168090e-03,3.421424e-03,1.007081e-02,5.584254e-03,8.239732e-01,6.656104e-02,3.569033e-03,9.083712e-03,8.689853e-03
1.183658e-02,8.068721e-03,1.446382e-02,1.471723e-03,4.738775e-02,1.431072e-02,2.167581e-02,2.168301e-02,3.478473e-02,7.747768e-03,7.216521e-01,7.509983e-02,4.908078e-03,7.993531e-03,6.915845e-03
2.548011e-02,2.640772e-02,4.367298e-02,5.201837e-03,1.073986e-01,2.591016e-02,2.467056e-02,4.525664e-02,6.353173e-02,9.554197e-03,5.319654e-01,6.971348e-02,6.675234e-03,7.487370e-03,7.074028e-03
3.973927e-02,3.052656e-02,4.119492e-02,6.968733e-03,1.587985e-01,3.173511e-02,2.058172e-02,4.713745e-02,1.065703e-01,8.270795e-03,4.158285e-01,7.060297e-02,7.864989e-03,7.125859e-03,7.054352e-03
6.395561e-02,2.686146e-02,3.373832e-02,8.969910e-03,2.549033e-01,5.711615e-02,2.128770e-02,4.621878e-02,9.727934e-02,7.193161e-03,3.051928e-01,5.664705e-02,8.166431e-03,5.937984e-03,6.531900e-03
8.189259e-02,2.051011e-02,8.448097e-02,1.589771e-02,2.511893e-01,5.601423e-02,4.686670e-02,8.274394e-02,7.951806e-02,7.226949e-03,2.159731e-01,4.121947e-02,6.552784e-03,4.754229e-03,5.159802e-03
7.910292e-02,1.544035e-02,1.461772e-01,1.784939e-02,2.131171e-01,4.750489e-02,9.798978e-02,1.215139e-01,6.065951e-02,6.248993e-03,1.522083e-01,2.932896e-02,5.367328e-03,3.629681e-03,3.861732e-03
7.542421e-02,1.360766e-02,2.250201e-01,1.718008e-02,2.478299e-01,4.491525e-02,7.001475e-02,1.087935e-01,4.864202e-02,5.608864e-03,1.109426e-01,2.144595e-02,4.172024e-03,3.141333e-03,3.261716e-03
6.455822e-02,1.035360e-02,3.424989e-01,1.761194e-02,2.266850e-01,4.238835e-02,5.355702e-02,9.022784e-02,3.585494e-02,1.113996e-02,7.828574e-02,1.675706e-02,3.880005e-03,2.366627e-03,3.834818e-03
5.148026e-02,8.279162e-03,5.101002e-01,1.437744e-02,1.709529e-01,3.150146e-02,3.829086e-02,6.455473e-02,2.545888e-02,1.018830e-02,5.486697e-02,1.198271e-02,2.834943e-03,1.748860e-03,3.382295e-03
3.998448e-02,7.001224e-03,6.456302e-01,1.062505e-02,1.232471e-01,2.268245e-02,2.690600e-02,4.546401e-02,1.802961e-02,7.565649e-03,3.845041e-02,8.515884e-03,2.058143e-03,1.296381e-03,2.543488e-03
3.669040e-02,6.435127e-03,7.271287e-01,1.155214e-02,8.939118e-02,1.848183e-02,1.905102e-02,3.208025e-02,1.305941e-02,7.089578e-03,2.704554e-02,6.626182e-03,1.865183e-03,1.006368e-03,2.497082e-03
5.959098e-02,1.233084e-02,6.729619e-01,4.573832e-02,6.489860e-02,2.000121e-02,1.365257e-02,2.370056e-02,1.213831e-02,1.939571e-02,2.180238e-02,7.448159e-03,3.071067e-03,1.814642e-03,2.145483e-02
7.783312e-02,1.517945e-02,5.513953e-01,4.788184e-02,4.810291e-02,3.188860e-02,9.979518e-03,1.899577e-02,1.411770e-02,9.258790e-02,2.291477e-02,8.079039e-03,9.814452e-03,3.410730e-03,4.781894e-02
7.077818e-02,1.516268e-02,4.545480e-01,7.808453e-02,3.518886e-02,2.638008e-02,7.158858e-03,1.475735e-02,3.244618e-02,1.328158e-01,2.662345e-02,8.012849e-03,8.931939e-03,7.424172e-03,8.168711e-02
6.461275e-02,1.198374e-02,3.237257e-01,6.909973e-02,2.898552e-02,2.515415e-02,5.219050e-03,1.064799e-02,2.802112e-02,1.051028e-01,2.311328e-01,1.114831e-02,9.930482e-03,1.360142e-02,6.163455e-02
7.904202e-02,1.001990e-02,2.273670e-01,5.488601e-02,2.533101e-02,2.291462e-02,4.083646e-03,8.004537e-03,2.620018e-02,8.082607e-02,3.496959e-01,1.112175e-02,1.089947e-02,4.167799e-02,4.793003e-02
1.642356e-01,1.527744e-02,1.649508e-01,6.650929e-02,1.873124e-02,3.015932e-02,5.509437e-03,1.162129e-02,3.128766e-02,6.416667e-02,2.980710e-01,1.379350e-02,1.658832e-02,4.571984e-02,5.337868e-02
2.339260e-01,2.128333e-02,1.199490e-01,5.759597e-02,1.393901e-02,3.462732e-02,5.595359e-03,1.028936e-02,2.948271e-02,5.118773e-02,2.487187e-01,1.448033e-02,1.844995e-02,6.098595e-02,7.948920e-02
3.178197e-01,3.196786e-02,8.823957e-02,5.228110e-02,1.160391e-02,3.137548e-02,4.292432e-03,8.224901e-03,3.491291e-02,4.167176e-02,2.045441e-01,1.410661e-02,1.791756e-02,7.529803e-02,6.574413e-02
2.863323e-01,4.743758e-02,6.555760e-02,5.258822e-02,1.066289e-02,2.755628e-02,3.827977e-03,7.603044e-03,7.678173e-02,3.602321e-02,1.863080e-01,1.950078e-02,1.594111e-02,1.098503e-01,5.402885e-02
2.366998e-01,3.929393e-02,5.508470e-02,1.587532e-01,1.381249e-02,2.328038e-02,4.271435e-03,3.617894e-02,9.540557e-02,2.952947e-02,1.478602e-01,1.621256e-02,1.442889e-02,8.845685e-02,4.073156e-02
2.141877e-01,5.265158e-02,4.165071e-02,1.294326e-01,2.589016e-02,2.012552e-02,3.773742e-03,2.927477e-02,1.772760e-01,2.389986e-02,1.341119e-01,2.036718e-02,1.466355e-02,7.609326e-02,3.660155e-02
1.750282e-01,5.056803e-02,3.202986e-02,1.010774e-01,3.193803e-02,2.016626e-02,4.293886e-03,2.810988e-02,3.004666e-01,1.992601e-02,1.060027e-01,1.960146e-02,1.426462e-02,6.225533e-02,3.427175e-02
1.617980e-01,4.257339e-02,2.562840e-02,1.647744e-01,2.971696e-02,1.765740e-02,3.295362e-03,2.249812e-02,3.232398e-01,1.766041e-02,7.982366e-02,1.549656e-02,1.185065e-02,4.507161e-02,3.891532e-02
1.387914e-01,3.213919e-02,2.228322e-02,3.008802e-01,2.161023e-02,1.419151e-02,2.399389e-03,1.745139e-02,2.845783e-01,1.451252e-02,5.811566e-02,1.150036e-02,9.201446e-03,3.185723e-02,4.048795e-02
2.015805e-01,2.537957e-02,1.788938e-02,2.764901e-01,2.026574e-02,1.866005e-02,2.190817e-03,1.427472e-02,2.647543e-01,1.088154e-02,4.984790e-02,1.413766e-02,1.340216e-02,2.335969e-02,4.688594e-02
2.840612e-01,2.131909e-02,1.392318e-02,2.308154e-01,1.821918e-02,2.334928e-02,2.337487e-03,1.402287e-02,2.065613e-01,8.366412e-03,5.077333e-02,2.915507e-02,2.623427e-02,1.874465e-02,5.211730e-02
2.983617e-01,1.849569e-02,1.056819e-02,2.074457e-01,1.692123e-02,1.936075e-02,2.228431e-03,1.669946e-02,1.845413e-01,6.449020e-03,6.846083e-02,3.330132e-02,5.721205e-02,1.632273e-02,4.363159e-02
2.691499e-01,1.494632e-02,1.375236e-02,1.672901e-01,2.436043e-02,2.223459e-02,2.079324e-03,3.165126e-02,2.105225e-01,5.068370e-03,1.034269e-01,2.630577e-02,5.832069e-02,1.611621e-02,3.477532e-02
2.277390e-01,1.366568e-02,4.293371e-02,1.808004e-01,3.431560e-02,2.463789e-02,1.841176e-03,2.564534e-02,2.260422e-01,4.561034e-03,9.832098e-02,2.912538e-02,5.136912e-02,1.272806e-02,2.627442e-02
1.671468e-01,1.695337e-02,5.066819e-02,1.907694e-01,4.157597e-02,2.127058e-02,2.142234e-03,1.921486e-02,2.020925e-01,4.529023e-03,1.519240e-01,2.933245e-02,6.136008e-02,1.250080e-02,2.851978e-02
1.245817e-01,1.380317e-02,4.615438e-02,1.932226e-01,3.320668e-02,1.697854e-02,1.936536e-03,1.413765e-02,1.518028e-01,5.650655e-03,2.556684e-01,3.884289e-02,6.165747e-02,1.621806e-02,2.613850e-02
8.836695e-02,1.038934e-02,3.755041e-02,1.634846e-01,2.432609e-02,1.307042e-02,1.547813e-03,1.036445e-02,1.089698e-01,5.942172e-03,3.684946e-01,4.846403e-02,6.032141e-02,3.009756e-02,2.861033e-02
6.897949e-02,8.148893e-03,2.727772e-02,1.308202e-01,1.843953e-02,1.079121e-02,1.199644e-03,7.748902e-03,7.995389e-02,9.419275e-03,4.718994e-01,5.480821e-02,5.025781e-02,3.498686e-02,2.526899e-02
8.180758e-02,8.148641e-03,2.147752e-02,1.114935e-01,1.415060e-02,9.236555e-03,1.022961e-03,6.710642e-03,7.044574e-02,1.683430e-02,4.774435e-01,6.593598e-02,3.979742e-02,5.368643e-02,2.180867e-02
7.909305e-02,7.799196e-03,2.800379e-02,9.597392e-02,1.166418e-02,8.481705e-03,1.287135e-03,1.555110e-02,5.411266e-02,3.180924e-02,4.819490e-01,6.811750e-02,3.617571e-02,5.948085e-02,2.050099e-02
9.267274e-02,8.042522e-03,2.618296e-02,7.630691e-02,9.568889e-03,1.203393e-02,1.779477e-03,1.340163e-02,4.345538e-02,8.026209e-02,4.412298e-01,7.020029e-02,3.129616e-02,6.888263e-02,2.468466e-02
7.314870e-02,8.417989e-03,2.332842e-02,5.839159e-02,7.565228e-03,9.734659e-03,1.449275e-03,1.044505e-02,3.522927e-02,1.122601e-01,4.686267e-01,6.538709e-02,2.591194e-02,7.846977e-02,2.163420e-02
