1.000000e+00,0.000000e+00,0.000000e+00,0.000000e+00,0.000000e+00,0.000000e+00,0.000000e+00,0.000000e+00,0.000000e+00,0.000000e+00,0.000000e+00,0.000000e+00,0.000000e+00,0.000000e+00,0.000000e+00
1.000000e+00,0.000000e+00,0.000000e+00,0.000000e+00,0.000000e+00,0.000000e+00,0.000000e+00,0.000000e+00,0.000000e+00,0.000000e+00,0.000000e+00,0.000000e+00,0.000000e+00,0.000000e+00,0.000000e+00
1.000000e+00,0.000000e+00,0.000000e+00,0.000000e+00,0.000000e+00,0.000000e+00,0.000000e+00,0.000000e+00,0.000000e+00,0.000000e+00,0.000000e+00,0.000000e+00,0.000000e+00,0.000000e+00,0.000000e+00
1.000000e+00,0.000000e+00,0.000000e+00,0.000000e+00,0.000000e+00,0.000000e+00,0.000000e+00,0.000000e+00,0.000000e+00,0.000000e+00,0.000000e+00,0.000000e+00,0.000000e+00,0.000000e+00,0.000000e+00
1.000000e+00,0.000000e+00,0.000000e+00,0.000000e+00,0.000000e+00,0.000000e+00,0.000000e+00,0.000000e+00,0.000000e+00,0.000000e+00,0.000000e+00,0.000000e+00,0.000000e+00,0.000000e+00,0.000000e+00
1.000000e+00,0.000000e+00,0.000000e+00,0.000000e+00,0.000000e+00,0.000000e+00,0.000000e+00,0.000000e+00,0.000000e+00,0.000000e+00,0.000000e+00,0.000000e+00,0.000000e+00,0.000000e+00,0.000000e+00
1.000000e+00,0.000000e+00,0.000000e+00,0.000000e+00,0.000000e+00,0.000000e+00,0.000000e+00,0.000000e+00,0.000000e+00,0.000000e+00,0.000000e+00,0.000000e+00,0.000000e+00,0.000000e+00,0.000000e+00
1.000000e+00,0.000000e+00,0.000000e+00,0.000000e+00,0.000000e+00,0.000000e+00,0.000000e+00,0.000000e+00,0.000000e+00,0.000000e+00,0.000000e+00,0.000000e+00,0.000000e+00,0.000000e+00,0.000000e+00
1.000000e+00,0.000000e+00,0.000000e+00,0.000000e+00,0.000000e+00,0.000000e+00,0.000000e+00,0.000000e+00,0.000000e+00,0.000000e+00,0.000000e+00,0.000000e+00,0.000000e+00,0.000000e+00,0.000000e+00
1.000000e+00,0.000000e+00,0.000000e+00,0.000000e+00,0.000000e+00,0.000000e+00,0.000000e+00,0.000000e+00,0.000000e+00,0.000000e+00,0.000000e+00,0.000000e+00,0.000000e+00,0.000000e+00,0.000000e+00
1.000000e+00,0.000000e+00,0.000000e+00,0.000000e+00,0.000000e+00,0.000000e+00,0.000000e+00,0.000000e+00,0.000000e+00,0.000000e+00,0.000000e+00,0.000000e+00,0.000000e+00,0.000000e+00,0.000000e+00
1.000000e+00,0.000000e+00,0.000000e+00,0.000000e+00,0.000000e+00,0.000000e+00,0.000000e+00,0.000000e+00,0.000000e+00,0.000000e+00,0.000000e+00,0.000000e+00,0.000000e+00,0.000000e+00,0.000000e+00
1.000000e+00,0.000000e+00,0.000000e+00,0.000000e+00,0.000000e+00,0.000000e+00,0.000000e+00,0.000000e+00,0.000000e+00,0.000000e+00,0.000000e+00,0.000000e+00,0.000000e+00,0.000000e+00,0.000000e+00
1.000000e+00,0.000000e+00,0.000000e+00,0.000000e+00,0.000000e+00,0.000000e+00,0.000000e+00,0.000000e+00,0.000000e+00,0.000000e+00,0.000000e+00,0.000000e+00,0.000000e+00,0.000000e+00,0.000000e+00
1.000000e+00,0.000000e+00,0.000000e+00,0.000000e+00,0.000000e+00,0.000000e+00,0.000000e+00,0.000000e+00,0.000000e+00,0.000000e+00,0.000000e+00,0.000000e+00,0.000000e+00,0.000000e+00,0.000000e+00
1.000000e+00,0.000000e+00,0.000000e+00,0.000000e+00,0.000000e+00,0.000000e+00,0.000000e+00,0.000000e+00,0.000000e+00,0.000000e+00,0.000000e+00,0.000000e+00,0.000000e+00,0.000000e+00,0.000000e+00
1.000000e+00,0.000000e+00,0.000000e+00,0.000000e+00,0.000000e+00,0.000000e+00,0.000000e+00,0.000000e+00,0.000000e+00,0.000000e+00,0.000000e+00,0.000000e+00,0.000000e+00,0.000000e+00,0.000000e+00
1.000000e+00,0.000000e+00,0.000000e+00,0.000000e+00,0.000000e+00,0.000000e+00,0.000000e+00,0.000000e+00,0.000000e+00,0.000000e+00,0.000000e+00,0.000000e+00,0.000000e+00,0.000000e+00,0.000000e+00
1.000000e+00,0.000000e+00,0.000000e+00,0.000000e+00,0.000000e+00,0.000000e+00,0.000000e+00,0.000000e+00,0.000000e+00,0.000000e+00,0.000000e+00,0.000000e+00,0.000000e+00,0.000000e+00,0.000000e+00
1.000000e+00,0.000000e+00,0.000000e+00,0.000000e+00,0.000000e+00,0.000000e+00,0.000000e+00,0.000000e+00,0.000000e+00,0.000000e+00,0.000000e+00,0.000000e+00,0.000000e+00,0.000000e+00,0.000000e+00
1.000000e+00,0.000000e+00,0.000000e+00,0.000000e+00,0.000000e+00,0.000000e+00,0.000000e+00,0.000000e+00,0.000000e+00,0.000000e+00,0.000000e+00,0.000000e+00,0.000000e+00,0.000000e+00,0.000000e+00
1.000000e+00,0.000000e+00,0.000000e+00,0.000000e+00,0.000000e+00,0.000000e+00,0.000000e+00,0.000000e+00,0.000000e+00,0.000000e+00,0.000000e+00,0.000000e+00,0.000000e+00,0.000000e+00,0.000000e+00
1.000000e+00,0.000000e+00,0.000000e+00,0.000000e+00,0.000000e+00,0.000000e+00,0.000000e+00,0.000000e+00,0.000000e+00,0.000000e+00,0.000000e+00,0.000000e+00,0.000000e+00,0.000000e+00,0.000000e+00
1.000000e+00,0.000000e+00,0.000000e+00,0.000000e+00,0.000000e+00,0.000000e+00,0.000000e+00,0.000000e+00,0.000000e+00,0.000000e+00,0.000000e+00,0.000000e+00,0.000000e+00,0.000000e+00,0.000000e+00
1.000000e+00,0.000000e+00,0.000000e+00,0.000000e+00,0.000000e+00,0.000000e+00,0.000000e+00,0.000000e+00,0.000000e+00,0.000000e+00,0.000000e+00,0.000000e+00,0.000000e+00,0.000000e+00,0.000000e+00
1.000000e+00,0.000000e+00,0.000000e+00,0.000000e+00,0.000000e+00,0.000000e+00,0.000000e+00,0.000000e+00,0.000000e+00,0.000000e+00,0.000000e+00,0.000000e+00,0.000000e+00,0.000000e+00,0.000000e+00
1.000000e+00,0.000000e+00,0.000000e+00,0.000000e+00,0.000000e+00,0.000000e+00,0.000000e+00,0.000000e+00,0.000000e+00,0.000000e+00,0.000000e+00,0.000000e+00,0.000000e+00,0.000000e+00,0.000000e+00
1.000000e+00,0.000000e+00,0.000000e+00,0.000000e+00,0.000000e+00,0.000000e+00,0.000000e+00,0.000000e+00,0.000000e+00,0.000000e+00,0.000000e+00,0.000000e+00,0.000000e+00,0.000000e+00,0.000000e+00
1.000000e+00,0.000000e+00,0.000000e+00,0.000000e+00,0.000000e+00,0.000000e+00,0.000000e+00,0.000000e+00,0.000000e+00,0.000000e+00,0.000000e+00,0.000000e+00,0.000000e+00,0.000000e+00,0.000000e+00
1.000000e+00,0.000000e+00,0.000000e+00,0.000000e+00,0.000000e+00,0.000000e+00,0.000000e+00,0.000000e+00,0.000000e+00,0.000000e+00,0.000000e+00,0.000000e+00,0.000000e+00,0.000000e+00,0.000000e+00
1.000000e+00,0.000000e+00,0.000000e+00,0.000000e+00,0.000000e+00,0.000000e+00,0.000000e+00,0.000000e+00,0.000000e+00,0.000000e+00,0.000000e+00,0.000000e+00,0.000000e+00,0.000000e+00,0.000000e+00
1.000000e+00,0.000000e+00,0.000000e+00,0.000000e+00,0.000000e+00,0.000000e+00,0.000000e+00,0.000000e+00,0.000000e+00,0.000000e+00,0.000000e+00,0.000000e+00,0.000000e+00,0.000000e+00,0.000000e+00
1.000000e+00,0.000000e+00,0.000000e+00,0.000000e+00,0.000000e+00,0.000000e+00,0.000000e+00,0.000000e+00,0.000000e+00,0.000000e+00,0.000000e+00,0.000000e+00,0.000000e+00,0.000000e+00,0.000000e+00
1.000000e+00,0.000000e+00,0.000000e+00,0.000000e+00,0.000000e+00,0.000000e+00,0.000000e+00,0.000000e+00,0.000000e+00,0.000000e+00,0.000000e+00,0.000000e+00,0.000000e+00,0.000000e+00,0.000000e+00
1.000000e+00,0.000000e+00,0.000000e+00,0.000000e+00,0.000000e+00,0.000000e+00,0.000000e+00,0.000000e+00,0.000000e+00,0.000000e+00,0.000000e+00,0.000000e+00,0.000000e+00,0.000000e+00,0.000000e+00
1.000000e+00,0.000000e+00,0.000000e+00,0.000000e+00,0.000000e+00,0.000000e+00,0.000000e+00,0.000000e+00,0.000000e+00,0.000000e+00,0.000000e+00,0.000000e+00,0.000000e+00,0.000000e+00,0.000000e+00
1.000000e+00,0.000000e+00,0.000000e+00,0.000000e+00,0.000000e+00,0.000000e+00,0.000000e+00,0.000000e+00,0.000000e+00,0.000000e+00,0.000000e+00,0.000000e+00,0.000000e+00,0.000000e+00,0.000000e+00
1.000000e+00,0.000000e+00,0.000000e+00,0.000000e+00,0.000000e+00,0.000000e+00,0.000000e+00,0.000000e+00,0.000000e+00,0.000000e+00,0.000000e+00,0.000000e+00,0.000000e+00,0.000000e+00,0.000000e+00
1.000000e+00,0.000000e+00,0.000000e+00,0.000000e+00,0.000000e+00,0.000000e+00,0.000000e+00,0.000000e+00,0.000000e+00,0.000000e+00,0.000000e+00,0.000000e+00,0.000000e+00,0.000000e+00,0.000000e+00
1.000000e+00,0.000000e+00,0.000000e+00,0.000000e+00,0.000000e+00,0.000000e+00,0.000000e+00,0.000000e+00,0.000000e+00,0.000000e+00,0.000000e+00,0.000000e+00,0.000000e+00,0.000000e+00,0.000000e+00
1.000000e+00,0.000000e+00,0.000000e+00,0.000000e+00,0.000000e+00,0.000000e+00,0.000000e+00,0.000000e+00,0.000000e+00,0.000000e+00,0.000000e+00,0.000000e+00,0.000000e+00,0.000000e+00,0.000000e+00
1.000000e+00,0.000000e+00,0.000000e+00,0.000000e+00,0.000000e+00,0.000000e+00,0.000000e+00,0.000000e+00,0.000000e+00,0.000000e+00,0.000000e+00,0.000000e+00,0.000000e+00,0.000000e+00,0.000000e+00
1.000000e+00,0.000000e+00,0.000000e+00,0.000000e+00,0.000000e+00,0.000000e+00,0.000000e+00,0.000000e+00,0.000000e+00,0.000000e+00,0.000000e+00,0.000000e+00,0.000000e+00,0.000000e+00,0.000000e+00
1.000000e+00,0.000000e+00,0.000000e+00,0.000000e+00,0.000000e+00,0.000000e+00,0.000000e+00,0.000000e+00,0.000000e+00,0.000000e+00,0.000000e+00,0.000000e+00,0.000000e+00,0.000000e+00,0.000000e+00
1.000000e+00,0.000000e+00,0.000000e+00,0.000000e+00,0.000000e+00,0.000000e+00,0.000000e+00,0.000000e+00,0.000000e+00,0.000000e+00,0.000000e+00,0.000000e+00,0.000000e+00,0.000000e+00,0.000000e+00
1.000000e+00,0.000000e+00,0.000000e+00,0.000000e+00,0.000000e+00,0.000000e+00,0.000000e+00,0.000000e+00,0.000000e+00,0.000000e+00,0.000000e+00,0.000000e+00,0.000000e+00,0.000000e+00,0.000000e+00
1.000000e+00,0.000000e+00,0.000000e+00,0.000000e+00,0.000000e+00,0.000000e+00,0.000000e+00,0.000000e+00,0.000000e+00,0.000000e+00,0.000000e+00,0.000000e+00,0.000000e+00,0.000000e+00,0.000000e+00
1.000000e+00,0.000000e+00,0.000000e+00,0.000000e+00,0.000000e+00,0.000000e+00,0.000000e+00,0.000000e+00,0.000000e+00,0.000000e+00,0.000000e+00,0.000000e+00,0.000000e+00,0.000000e+00,0.000000e+00
1.000000e+00,0.000000e+00,0.000000e+00,0.000000e+00,0.000000e+00,0.000000e+00,0.000000e+00,0.000000e+00,0.000000e+00,0.000000e+00,0.000000e+00,0.000000e+00,0.000000e+00,0.000000e+00,0.000000e+00
1.000000e+00,0.000000e+00,0.000000e+00,0.000000e+00,0.000000e+00,0.000000e+00,0.000000e+00,0.000000e+00,0.000000e+00,0.000000e+00,0.000000e+00,0.000000e+00,0.000000e+00,0.000000e+00,0.000000e+00
1.000000e+00,0.000000e+00,0.000000e+00,0.000000e+00,0.000000e+00,0.000000e+00,0.000000e+00,0.000000e+00,0.000000e+00,0.000000e+00,0.000000e+00,0.000000e+00,0.000000e+00,0.000000e+00,0.000000e+00
1.000000e+00,0.000000e+00,0.000000e+00,0.000000e+00,0.000000e+00,0.000000e+00,0.000000e+00,0.000000e+00,0.000000e+00,0.000000e+00,0.000000e+00,0.000000e+00,0.000000e+00,0.000000e+00,0.000000e+00
4.856316e-01,4.155324e-02,3.225812e-02,5.786213e-02,1.547082e-02,1.587166e-01,6.062772e-03,3.025182e-02,1.372090e-02,3.677443e-02,3.175522e-02,2.139962e-02,2.416549e-02,5.604727e-03,3.877243e-02
3.420987e-01,3.074273e-02,2.361068e-02,4.302296e-02,1.102571e-02,1.187287e-01,4.324239e-03,2.131473e-02,1.473244e-02,2.919385e-01,2.385530e-02,1.529524e-02,1.850877e-02,4.170588e-03,3.663081e-02
2.407157e-01,4.570584e-02,1.868272e-02,4.003656e-02,7.858753e-03,8.399373e-02,3.109313e-03,1.510202e-02,5.977713e-02,3.939425e-01,1.750771e-02,1.102289e-02,1.437952e-02,3.268285e-03,4.489738e-02
1.733097e-01,4.357233e-02,1.713634e-02,4.131959e-02,5.946705e-03,6.047153e-02,2.500878e-03,1.238553e-02,6.374176e-02,4.470365e-01,1.728974e-02,9.860918e-03,1.924601e-02,1.029100e-02,7.589151e-02
1.224793e-01,3.326060e-02,1.262902e-02,2.970907e-02,4.232039e-03,4.358097e-02,1.811570e-03,8.978996e-03,5.830814e-02,4.241005e-01,1.526298e-02,7.367453e-03,1.768594e-02,1.434229e-02,2.062511e-01
9.021726e-02,3.038778e-02,1.170491e-02,2.230310e-02,3.235896e-03,3.307371e-02,1.366505e-03,6.477718e-03,9.026355e-02,3.162452e-01,1.463111e-02,5.654316e-03,1.401836e-02,2.298591e-02,3.374347e-01
6.945878e-02,2.437989e-02,9.827934e-03,1.654425e-02,2.742501e-03,2.515806e-02,1.100211e-03,4.681448e-03,8.084719e-02,2.549962e-01,1.480823e-02,4.334319e-03,1.158641e-02,5.528307e-02,4.242515e-01
7.254329e-02,1.867060e-02,1.060244e-02,1.206215e-02,2.379841e-03,1.991714e-02,8.630408e-04,3.336109e-03,6.696612e-02,1.861575e-01,1.428229e-02,3.282591e-03,9.615733e-03,1.340236e-01,4.452975e-01
6.203270e-02,1.434427e-02,1.246234e-02,8.617504e-03,2.254474e-03,4.818322e-02,9.885688e-04,2.658755e-03,5.429376e-02,1.453046e-01,1.375432e-02,2.408772e-03,7.377748e-03,1.952266e-01,4.300924e-01
4.686608e-02,1.165827e-02,1.602406e-02,6.256031e-03,2.047592e-03,4.847782e-02,8.047071e-04,2.017350e-03,4.780530e-02,1.095487e-01,1.781321e-02,1.752780e-03,5.947887e-03,2.933693e-01,3.896109e-01
3.438684e-02,6.937629e-02,1.453398e-02,4.507166e-03,1.992871e-03,4.239140e-02,6.005826e-04,1.474455e-03,4.964152e-02,8.485786e-02,2.022146e-02,1.405083e-03,5.546319e-03,2.708948e-01,3.981694e-01
2.547724e-02,6.548402e-02,1.191855e-02,3.216934e-03,1.688675e-03,3.445052e-02,4.526162e-04,1.073197e-03,4.505810e-02,7.034227e-02,2.099200e-02,1.088905e-03,4.757987e-03,3.771900e-01,3.368090e-01
2.036976e-02,1.173045e-01,1.384160e-02,3.357275e-03,2.421830e-03,2.510469e-02,5.061197e-04,1.217275e-03,1.096124e-01,6.099178e-02,2.109618e-02,1.074461e-03,4.674568e-03,3.208249e-01,2.976028e-01
2.365724e-02,1.279194e-01,1.260034e-02,4.189457e-03,4.333165e-03,1.952181e-02,6.174665e-04,1.388213e-03,1.652914e-01,5.665924e-02,2.246707e-02,2.985520e-03,5.629724e-03,2.958454e-01,2.568947e-01
4.373340e-02,1.874989e-01,1.324448e-02,4.928310e-03,7.752787e-03,1.533431e-02,7.477059e-04,2.083550e-03,1.498586e-01,4.418487e-02,1.877214e-02,3.100016e-03,5.430272e-03,2.894026e-01,2.139281e-01
8.777700e-02,2.090237e-01,1.769179e-02,1.225083e-02,1.157357e-02,1.628120e-02,1.317905e-03,2.327614e-03,1.537933e-01,3.383199e-02,1.664879e-02,4.003158e-03,5.937046e-03,2.544564e-01,1.730857e-01
1.227867e-01,2.056153e-01,1.790995e-02,1.298962e-02,2.022778e-02,1.399058e-02,1.262820e-03,3.904456e-03,1.534263e-01,2.635432e-02,1.482652e-02,3.911265e-03,5.220584e-03,2.599931e-01,1.375806e-01
1.518095e-01,2.195391e-01,1.535654e-02,4.053053e-02,4.145838e-02,1.445364e-02,1.206214e-03,5.954247e-03,1.751469e-01,1.975828e-02,1.148715e-02,3.827585e-03,4.287183e-03,1.913210e-01,1.038639e-01
1.810497e-01,2.020106e-01,1.590826e-02,6.191646e-02,5.083780e-02,1.863720e-02,1.347058e-03,7.230585e-03,1.962366e-01,1.557733e-02,1.229852e-02,6.704586e-03,5.527039e-03,1.455810e-01,7.913726e-02
2.124772e-01,1.892448e-01,1.846180e-02,6.930056e-02,5.048863e-02,2.296080e-02,1.695470e-03,7.338610e-03,1.831462e-01,1.296152e-02,1.481419e-02,1.733562e-02,8.410932e-03,1.138855e-01,7.747805e-02
2.605556e-01,1.412245e-01,1.754147e-02,8.422524e-02,4.445361e-02,2.061134e-02,1.541042e-03,7.649223e-03,1.866315e-01,1.109915e-02,3.095022e-02,3.044012e-02,1.387067e-02,8.663692e-02,6.256940e-02
3.146607e-01,1.100076e-01,1.679149e-02,7.825142e-02,4.144393e-02,2.217888e-02,1.692503e-03,7.492355e-03,1.665845e-01,9.109656e-03,3.905667e-02,4.696197e-02,2.027181e-02,6.889868e-02,5.659785e-02
2.478937e-01,9.741583e-02,2.519473e-02,1.737144e-01,3.412053e-02,1.646807e-02,1.516137e-03,6.769635e-03,1.636168e-01,1.071553e-02,4.429158e-02,4.414425e-02,1.994963e-02,5.080955e-02,6.337967e-02
2.005806e-01,9.505091e-02,1.909424e-02,1.437137e-01,2.791761e-02,1.360071e-02,1.532957e-03,6.401634e-03,2.068113e-01,1.062328e-02,4.149527e-02,4.077157e-02,3.386743e-02,4.225174e-02,1.162871e-01
1.572959e-01,8.006270e-02,2.281498e-02,1.637787e-01,2.180087e-02,1.127634e-02,1.346616e-03,5.676961e-03,2.233889e-01,1.308947e-02,3.800460e-02,3.967248e-02,3.816283e-02,3.399801e-02,1.496306e-01
1.133010e-01,9.231366e-02,2.636452e-02,2.065262e-01,1.581445e-02,8.679750e-03,1.031231e-03,4.079098e-03,2.219010e-01,1.732139e-02,2.765585e-02,2.810052e-02,2.841425e-02,2.451283e-02,1.839843e-01
1.199588e-01,8.334908e-02,3.243591e-02,1.775119e-01,2.195865e-02,2.247379e-02,1.965070e-03,3.928283e-03,2.443829e-01,1.765845e-02,2.536330e-02,2.211824e-02,2.464445e-02,1.866839e-02,1.835828e-01
1.490839e-01,7.732195e-02,2.817456e-02,1.494261e-01,2.065086e-02,2.124263e-02,2.085607e-03,3.209848e-03,2.154112e-01,1.771012e-02,2.104160e-02,1.717361e-02,2.447033e-02,1.448695e-02,2.385108e-01
1.371047e-01,7.319492e-02,5.074083e-02,2.141775e-01,1.981520e-02,2.394596e-02,2.315885e-03,4.542689e-03,1.829997e-01,1.837469e-02,1.688933e-02,1.402236e-02,2.179482e-02,1.065765e-02,2.094238e-01
2.326106e-01,6.603913e-02,4.023479e-02,1.983456e-01,2.096283e-02,2.483673e-02,2.308823e-03,8.200242e-03,1.516725e-01,1.436186e-02,1.636746e-02,1.358243e-02,2.133166e-02,9.327094e-03,1.798183e-01
2.962955e-01,6.332379e-02,4.222285e-02,1.848920e-01,2.189242e-02,3.802181e-02,2.489896e-03,1.063347e-02,1.224198e-01,1.235000e-02,1.519446e-02,1.270599e-02,1.922588e-02,7.918970e-03,1.504132e-01
2.131397e-01,5.316572e-02,4.179149e-02,3.497888e-01,1.727587e-02,2.741716e-02,1.839701e-03,7.837677e-03,9.719747e-02,1.234523e-02,2.565814e-02,9.596273e-03,1.720151e-02,5.686538e-03,1.200587e-01
1.558252e-01,4.139586e-02,8.867298e-02,3.557628e-01,1.357506e-02,1.961878e-02,1.430643e-03,5.994844e-03,8.792713e-02,1.816208e-02,4.505755e-02,8.017045e-03,1.599130e-02,6.656114e-03,1.359127e-01
1.615860e-01,3.778544e-02,9.836008e-02,3.099902e-01,1.322919e-02,1.645738e-02,1.257661e-03,5.310789e-03,7.776040e-02,1.617722e-02,6.840479e-02,8.811679e-03,1.646184e-02,3.264211e-02,1.357653e-01
1.181640e-01,3.132755e-02,9.070768e-02,2.189268e-01,1.013677e-02,1.241322e-02,9.126488e-04,3.750120e-03,6.075568e-02,1.177293e-02,5.306592e-02,6.365460e-03,1.184294e-02,8.859891e-02,2.812594e-01
1.178708e-01,4.430913e-02,8.533496e-02,1.853647e-01,1.499666e-02,1.288781e-02,9.001591e-04,3.165720e-03,4.824997e-02,9.058586e-03,4.511220e-02,5.201026e-03,1.006112e-02,1.050684e-01,3.124188e-01
9.601226e-02,3.497921e-02,6.299644e-02,1.304356e-01,1.139401e-02,1.092518e-02,7.240023e-04,2.279646e-03,4.227787e-02,7.544076e-03,3.371939e-02,4.038074e-03,7.798390e-03,2.353194e-01,3.195565e-01
1.056789e-01,2.750488e-02,4.581426e-02,9.447271e-02,8.587149e-03,9.659512e-03,7.255623e-04,1.870942e-03,7.619338e-02,7.098492e-03,2.477939e-02,3.184579e-03,6.176807e-03,3.111443e-01,2.771092e-01
1.008269e-01,2.554241e-02,3.630850e-02,7.059102e-02,9.236118e-03,9.399235e-03,1.217320e-03,2.480871e-03,1.644458e-01,1.155821e-02,2.116746e-02,3.022026e-03,6.042639e-03,3.175009e-01,2.206605e-01
7.879427e-02,2.478942e-02,4.450511e-02,5.328550e-02,8.012804e-03,7.428017e-03,1.115514e-03,2.336064e-03,1.945610e-01,1.735298e-02,1.768319e-02,2.471164e-03,4.647837e-03,3.659373e-01,1.770798e-01
7.860281e-02,2.478966e-02,3.586100e-02,3.807684e-02,7.063133e-03,8.307298e-03,8.576342e-04,1.805885e-03,1.490166e-01,1.379004e-02,1.561390e-02,2.142718e-03,3.820794e-03,4.224459e-01,1.978057e-01
7.592243e-02,2.098255e-02,2.681818e-02,2.687516e-02,5.225713e-03,6.753887e-03,6.701399e-04,1.371470e-03,1.298937e-01,1.218607e-02,1.425490e-02,1.826437e-03,3.226120e-03,5.182175e-01,1.557757e-01
9.625179e-02,1.563229e-02,1.952272e-02,1.903611e-02,3.802763e-03,5.975126e-03,5.505999e-04,1.040536e-03,1.129641e-01,1.132665e-02,1.153676e-02,1.399533e-03,2.722558e-03,5.594933e-01,1.387452e-01
1.228325e-01,1.191458e-02,1.435993e-02,1.356666e-02,2.961725e-03,6.169999e-03,6.468117e-04,8.181015e-04,9.714933e-02,1.514397e-02,1.104953e-02,1.464597e-03,2.450423e-03,5.881251e-01,1.113468e-01
1.156041e-01,9.116054e-03,1.099350e-02,9.702193e-03,2.239923e-03,4.903125e-03,5.814778e-04,6.138440e-04,7.875301e-02,1.941546e-02,9.874677e-03,1.324174e-03,2.075498e-03,6.464422e-01,8.836071e-02
1.003377e-01,6.986976e-03,8.377214e-03,7.006893e-03,1.995156e-03,4.012975e-03,5.160422e-04,4.667771e-04,6.267721e-02,9.731156e-02,1.156448e-02,1.380425e-03,2.368761e-03,6.206086e-01,7.438926e-02
1.043610e-01,5.352194e-03,6.386510e-03,5.262612e-03,1.888726e-03,3.351663e-03,5.027419e-04,4.015566e-04,5.597719e-02,1.176334e-01,1.776167e-02,1.447328e-03,3.217628e-03,6.110753e-01,6.538053e-02
1.998383e-01,5.976432e-03,8.803383e-03,6.047259e-03,5.219279e-03,7.552837e-03,1.746170e-03,1.889715e-03,5.564642e-02,1.282243e-01,2.806397e-02,3.721875e-03,4.947610e-03,4.881875e-01,5.413491e-02
1.819151e-01,4.903619e-03,1.735236e-02,6.976441e-03,1.219497e-02,1.498105e-02,4.441694e-03,3.877752e-03,6.300755e-02,2.151919e-01,3.315566e-02,4.039908e-03,6.508990e-03,3.845830e-01,4.686995e-02
1.682864e-01,4.466593e-03,1.801861e-02,6.607866e-03,1.477164e-02,5.890475e-02,7.026833e-03,3.588393e-03,7.098255e-02,2.560444e-01,3.500689e-02,4.906657e-03,7.946555e-03,2.998555e-01,4.358641e-02
1.272528e-01,4.722203e-03,1.833683e-02,6.530315e-03,3.475297e-02,5.440484e-02,5.318945e-03,4.509869e-03,8.557769e-02,3.037254e-01,5.397966e-02,7.657047e-03,1.473144e-02,2.317256e-01,4.677447e-02
9.745953e-02,7.649690e-03,2.450665e-02,3.842117e-02,8.784333e-02,8.739090e-02,4.050566e-03,1.559517e-02,7.277459e-02,2.335456e-01,6.606255e-02,1.583423e-02,3.356302e-02,1.695437e-01,4.575924e-02
7.505798e-02,7.717289e-03,3.232785e-02,1.320115e-01,1.023795e-01,7.537502e-02,3.056132e-03,1.632069e-02,6.620682e-02,1.812304e-01,7.664213e-02,2.490392e-02,4.138748e-02,1.218593e-01,4.352403e-02
5.790349e-02,7.437761e-03,2.469444e-02,1.129047e-01,1.030800e-01,1.042137e-01,2.449019e-03,1.407466e-02,5.923226e-02,1.415493e-01,1.016682e-01,5.368263e-02,6.606985e-02,9.137215e-02,5.966789e-02
4.529597e-02,8.632689e-03,1.784045e-02,8.805971e-02,9.458754e-02,7.653075e-02,1.947426e-03,1.233845e-02,6.209432e-02,1.193247e-01,1.249788e-01,1.105010e-01,7.731184e-02,6.693187e-02,9.362447e-02
3.604895e-02,1.189876e-02,1.389632e-02,7.381021e-02,8.819335e-02,5.967942e-02,2.072677e-03,3.050882e-02,1.195289e-01,1.148615e-01,1.456988e-01,1.091788e-01,7.331807e-02,5.030397e-02,7.100131e-02
3.141595e-02,1.279716e-02,1.107442e-02,6.332789e-02,8.412746e-02,4.577097e-02,3.199050e-03,5.941624e-02,1.268581e-01,1.186290e-01,1.614561e-01,9.523135e-02,7.403260e-02,5.695681e-02,5.570686e-02
2.735377e-02,1.796440e-02,9.158413e-03,4.955824e-02,1.151118e-01,4.444295e-02,3.012599e-03,1.213282e-01,1.608029e-01,9.623427e-02,1.226714e-01,7.274266e-02,6.016222e-02,5.833107e-02,4.112517e-02
3.300503e-02,1.500111e-02,2.310515e-02,1.060797e-01,1.446429e-01,4.465543e-02,2.484354e-03,1.350819e-01,1.370540e-01,7.624074e-02,9.445703e-02,5.453151e-02,4.724659e-02,5.105973e-02,3.535473e-02
4.389066e-02,1.554243e-02,1.951747e-02,8.111092e-02,1.537356e-01,4.991702e-02,2.406521e-03,1.095787e-01,1.621775e-01,6.547949e-02,8.650161e-02,4.675872e-02,4.517223e-02,5.637490e-02,6.183618e-02
6.334688e-02,1.884044e-02,3.112141e-02,8.885733e-02,1.453843e-01,4.169595e-02,2.575761e-03,1.228197e-01,1.431781e-01,5.217684e-02,7.176895e-02,3.939029e-02,3.779247e-02,5.290585e-02,8.814570e-02
1.123630e-01,1.771915e-02,3.579076e-02,7.252936e-02,1.249479e-01,3.835738e-02,2.705925e-03,1.239538e-01,1.317986e-01,4.552079e-02,5.798695e-02,3.159480e-02,3.022155e-02,5.425806e-02,1.202520e-01
2.780347e-01,2.426264e-02,2.860675e-02,5.453074e-02,9.586845e-02,3.247445e-02,2.497290e-03,1.003019e-01,1.161012e-01,3.356755e-02,4.266538e-02,2.512424e-02,2.497713e-02,4.051568e-02,1.004719e-01
3.560579e-01,2.667187e-02,2.949883e-02,5.417568e-02,6.963859e-02,2.613003e-02,2.176338e-03,7.367203e-02,1.230665e-01,3.217808e-02,3.125709e-02,1.860784e-02,1.993696e-02,2.979079e-02,1.071415e-01
4.688767e-01,2.610363e-02,2.330105e-02,4.395081e-02,5.081461e-02,2.127232e-02,2.218026e-03,5.468597e-02,1.051150e-01,2.746423e-02,2.306075e-02,1.446917e-02,1.639407e-02,2.251689e-02,9.975678e-02
1.000000e+00,0.000000e+00,0.000000e+00,0.000000e+00,0.000000e+00,0.000000e+00,0.000000e+00,0.000000e+00,0.000000e+00,0.000000e+00,0.000000e+00,0.000000e+00,0.000000e+00,0.000000e+00,0.000000e+00
1.000000e+00,0.000000e+00,0.000000e+00,0.000000e+00,0.000000e+00,0.000000e+00,0.000000e+00,0.000000e+00,0.000000e+00,0.000000e+00,0.000000e+00,0.000000e+00,0.000000e+00,0.000000e+00,0.000000e+00
4.601876e-01,5.286243e-02,2.459372e-02,6.152300e-02,3.116174e-02,1.502565e-02,3.190492e-03,2.935191e-02,1.595113e-01,2.829338e-02,1.207224e-02,9.237279e-03,1.147053e-02,1.241622e-02,8.910243e-02
3.790147e-01,4.970745e-02,5.065488e-02,6.585176e-02,2.448680e-02,1.370956e-02,2.584646e-03,2.276092e-02,1.772775e-01,4.478757e-02,1.066322e-02,8.246479e-03,1.033565e-02,1.096836e-02,1.289504e-01
3.252248e-01,5.020289e-02,4.736228e-02,5.660223e-02,1.971500e-02,1.086333e-02,2.076821e-03,1.911097e-02,2.043369e-01,5.537944e-02,9.724187e-03,6.778871e-03,8.794175e-03,9.897636e-03,1.739304e-01
2.915476e-01,4.660571e-02,7.564846e-02,6.512748e-02,1.443584e-02,8.569871e-03,1.553266e-03,1.397910e-02,2.090198e-01,6.729836e-02,9.168838e-03,6.468116e-03,8.025641e-03,7.566445e-03,1.749855e-01
3.428319e-01,5.292272e-02,6.516259e-02,5.245255e-02,1.444260e-02,9.606685e-03,1.411994e-03,1.175299e-02,1.863111e-01,5.050968e-02,8.318284e-03,6.464298e-03,1.047504e-02,8.722181e-03,1.786154e-01
3.850600e-01,6.366208e-02,5.160338e-02,4.444657e-02,1.405682e-02,1.038972e-02,2.144616e-03,1.014222e-02,1.634211e-01,3.723168e-02,6.961953e-03,5.601717e-03,5.333290e-02,7.115775e-03,1.448295e-01
4.122595e-01,6.395994e-02,3.909105e-02,3.491384e-02,1.148943e-02,1.294968e-02,2.950136e-03,9.087089e-03,1.497340e-01,2.662120e-02,5.806146e-03,4.948590e-03,1.096577e-01,5.574036e-03,1.109576e-01
3.920646e-01,9.011919e-02,2.969829e-02,2.880734e-02,9.375771e-03,1.346307e-02,2.883553e-03,7.842964e-03,1.500631e-01,2.089986e-02,5.175107e-03,4.796678e-03,1.439942e-01,5.351077e-03,9.546529e-02
4.437840e-01,7.059612e-02,2.143951e-02,2.299487e-02,7.187654e-03,1.989189e-02,2.716522e-03,6.377722e-03,1.127855e-01,1.487668e-02,4.276906e-03,4.553952e-03,1.912926e-01,4.188721e-03,7.303745e-02
4.904461e-01,5.687650e-02,1.546791e-02,2.011340e-02,5.925320e-03,2.452897e-02,3.197541e-03,5.510159e-03,8.871398e-02,1.061339e-02,3.504004e-03,4.264238e-03,2.121037e-01,3.150026e-03,5.558477e-02
3.967339e-01,5.790775e-02,1.198294e-02,1.737554e-02,4.990104e-03,1.921581e-02,2.793710e-03,4.577287e-03,8.769076e-02,8.018119e-03,2.772322e-03,4.382705e-03,3.266163e-01,2.686142e-03,5.225664e-02
3.987176e-01,4.851245e-02,8.777334e-03,1.338652e-02,7.079447e-03,1.704627e-02,3.048982e-03,4.238429e-03,7.347070e-02,5.724234e-03,2.210474e-03,3.585724e-03,3.558507e-01,2.153095e-03,5.619797e-02
3.242950e-01,3.803398e-02,7.016353e-03,1.306948e-02,1.267628e-02,1.419558e-02,3.291941e-03,5.007809e-03,6.665837e-02,4.148731e-03,1.889321e-03,3.277320e-03,4.394950e-01,2.215432e-03,6.472942e-02
3.102000e-01,2.942862e-02,6.714186e-03,1.198281e-02,1.501359e-02,1.263162e-02,3.794022e-03,7.400296e-03,5.298378e-02,3.142889e-03,2.394455e-03,3.870273e-03,4.243491e-01,3.394018e-03,1.127004e-01
2.779462e-01,2.388184e-02,1.251505e-02,1.036405e-02,2.606373e-02,1.283997e-02,4.939015e-03,1.276820e-02,4.061193e-02,2.638846e-03,2.866723e-03,4.802681e-03,4.046449e-01,3.405371e-03,1.597115e-01
2.245061e-01,1.927550e-02,3.292396e-02,1.082877e-02,2.865257e-02,1.439054e-02,7.114347e-03,1.699693e-02,4.078405e-02,4.249526e-03,5.093778e-03,6.849275e-03,3.511729e-01,3.249301e-03,2.339124e-01
2.242635e-01,1.537944e-02,3.558122e-02,1.000910e-02,3.292019e-02,1.361677e-02,8.434485e-03,1.948134e-02,1.200797e-01,5.027005e-03,4.897257e-03,6.567273e-03,2.722331e-01,2.921847e-03,2.285877e-01
2.553132e-01,1.417680e-02,5.796904e-02,1.215144e-02,5.998536e-02,2.993721e-02,1.267219e-02,1.618627e-02,1.215707e-01,3.980110e-03,4.543403e-03,6.266712e-03,2.112506e-01,2.350690e-03,1.916462e-01
2.407395e-01,1.364929e-02,6.357909e-02,1.659229e-02,8.896267e-02,4.230627e-02,4.676764e-02,1.401045e-02,1.100206e-01,3.959021e-03,4.889183e-03,6.132762e-03,1.709974e-01,2.145592e-03,1.752482e-01
2.496195e-01,1.886468e-02,7.034612e-02,1.823008e-02,9.377871e-02,4.282098e-02,4.211173e-02,1.084575e-02,1.415522e-01,6.650371e-03,5.085399e-03,6.603289e-03,1.298894e-01,1.857492e-03,1.617443e-01
2.421450e-01,2.777799e-02,8.613938e-02,4.598334e-02,1.033184e-01,4.360138e-02,4.628391e-02,1.160280e-02,1.205127e-01,6.437968e-03,7.321912e-03,1.104963e-02,1.018383e-01,1.829328e-03,1.441579e-01
2.093364e-01,2.595902e-02,7.003870e-02,6.557331e-02,1.332296e-01,6.399378e-02,7.014547e-02,1.865263e-02,1.074507e-01,6.681364e-03,7.184654e-03,1.089064e-02,7.947832e-02,1.832326e-03,1.295532e-01
1.667293e-01,3.369066e-02,5.598963e-02,1.825922e-01,1.025235e-01,1.105277e-01,5.052523e-02,1.466310e-02,8.010343e-02,1.041636e-02,2.020938e-02,1.271238e-02,5.965576e-02,1.563383e-03,9.809806e-02
1.286705e-01,2.676694e-02,3.967669e-02,2.691311e-01,7.405064e-02,8.259832e-02,3.557171e-02,1.060405e-02,5.826851e-02,8.928970e-03,1.393614e-01,9.591400e-03,4.478125e-02,1.399526e-03,7.059906e-02
9.605258e-02,1.963916e-02,2.819298e-02,2.590922e-01,5.370077e-02,6.090653e-02,2.515690e-02,7.557794e-03,4.201762e-02,7.485496e-03,2.951308e-01,7.851311e-03,4.101109e-02,1.944878e-03,5.425984e-02
6.899840e-02,1.446579e-02,1.987014e-02,2.166315e-01,3.971582e-02,4.660476e-02,1.771846e-02,5.833044e-03,3.372312e-02,5.811720e-03,3.818526e-01,6.299294e-03,7.719488e-02,6.863473e-03,5.841706e-02
5.458523e-02,1.072829e-02,1.419130e-02,1.639789e-01,3.339462e-02,4.391139e-02,1.271187e-02,6.724607e-03,5.738358e-02,5.100510e-03,3.137041e-01,5.071745e-03,6.793051e-02,1.543253e-02,1.951508e-01
3.922445e-02,8.036924e-03,1.066491e-02,1.187431e-01,2.693329e-02,3.462600e-02,9.026463e-03,5.135581e-03,4.972748e-02,5.029860e-03,3.523238e-01,4.039094e-03,8.294302e-02,3.006135e-02,2.234846e-01
2.898732e-02,6.036804e-03,8.159411e-03,8.581515e-02,2.064117e-02,2.620611e-02,6.537816e-03,6.498840e-03,8.539486e-02,5.741404e-03,3.466306e-01,3.314220e-03,1.041705e-01,4.844120e-02,2.174245e-01
2.124317e-02,4.547943e-03,6.150003e-03,6.143706e-02,1.634719e-02,1.899627e-02,4.646166e-03,5.229679e-03,2.064535e-01,5.786014e-03,2.857252e-01,2.532609e-03,8.340907e-02,6.374380e-02,2.137524e-01
1.541386e-02,3.897285e-03,4.800669e-03,4.353854e-02,1.262129e-02,1.543359e-02,3.394316e-03,5.155325e-03,3.808792e-01,4.948501e-03,2.096633e-01,1.906562e-03,6.165754e-02,5.845725e-02,1.782328e-01
1.101117e-02,6.804928e-03,5.298305e-03,3.311435e-02,9.264186e-03,1.198626e-02,2.382976e-03,4.016199e-03,5.161154e-01,4.664236e-03,1.476075e-01,1.595457e-03,4.419550e-02,5.128661e-02,1.506569e-01
8.384750e-03,9.778706e-03,7.022222e-03,2.409348e-02,7.042619e-03,1.307898e-02,1.685268e-03,4.032718e-03,5.601031e-01,5.240744e-03,1.053825e-01,1.392415e-03,3.279056e-02,9.153224e-02,1.284397e-01
9.380101e-03,2.090306e-02,9.675637e-03,2.359042e-02,5.833455e-03,2.295958e-02,1.254884e-03,6.239291e-03,5.257452e-01,6.671723e-03,8.654420e-02,1.617900e-03,2.412410e-02,1.450748e-01,1.103857e-01
1.076672e-02,2.520437e-02,1.054490e-02,1.759388e-02,4.387787e-03,2.132468e-02,8.977258e-04,4.922132e-03,3.999839e-01,6.963838e-03,9.415586e-02,2.182347e-03,1.909140e-02,2.789144e-01,1.030660e-01
1.627487e-02,6.381264e-02,1.374913e-02,1.329526e-02,4.559737e-03,1.780431e-02,6.393739e-04,4.283388e-03,2.979193e-01,6.471868e-03,8.495840e-02,1.918391e-03,1.495284e-02,3.619748e-01,9.738562e-02
1.526950e-02,1.059573e-01,2.931944e-02,1.230714e-02,3.872979e-03,1.389335e-02,4.899785e-04,3.400676e-03,2.327093e-01,6.107820e-03,6.281767e-02,1.652902e-03,1.114845e-02,3.650852e-01,1.359684e-01
1.359617e-02,2.105987e-01,2.670454e-02,9.353431e-03,3.545479e-03,1.050029e-02,4.449185e-04,3.186284e-03,1.956183e-01,5.104021e-03,4.497743e-02,1.332124e-03,8.095345e-03,3.430386e-01,1.239044e-01
1.395963e-02,2.560318e-01,5.332877e-02,1.202658e-02,6.617454e-03,8.419493e-03,8.989375e-04,5.126739e-03,1.928856e-01,5.473795e-03,3.226710e-02,1.061775e-03,6.111259e-03,2.908497e-01,1.149414e-01
2.474385e-02,3.061883e-01,5.415459e-02,1.063715e-02,1.005471e-02,8.074537e-03,8.264716e-04,4.892344e-03,1.527038e-01,6.062366e-03,2.369474e-02,8.976586e-04,4.600246e-03,2.548286e-01,1.376406e-01
4.711007e-02,2.608919e-01,4.956342e-02,1.381616e-02,1.355415e-02,8.635021e-03,7.113829e-04,7.053304e-03,1.468581e-01,6.956509e-03,1.952462e-02,1.698718e-03,4.238776e-03,2.822353e-01,1.371526e-01
5.127590e-02,2.022156e-01,3.887831e-02,1.141263e-02,1.271763e-02,1.731813e-02,6.160929e-04,6.495441e-03,1.401775e-01,5.955917e-03,1.713248e-02,1.544204e-03,3.327683e-03,3.531128e-01,1.378197e-01
7.324634e-02,1.640215e-01,5.045185e-02,2.600117e-02,1.945063e-02,4.844164e-02,5.848873e-04,6.591724e-03,1.334952e-01,6.372108e-03,2.051250e-02,2.493005e-03,3.329415e-03,3.292211e-01,1.157870e-01
6.744759e-02,1.222446e-01,4.112438e-02,1.906751e-02,1.702493e-02,3.614410e-02,4.419779e-04,5.405338e-03,2.178578e-01,5.350226e-03,1.779429e-02,2.135795e-03,2.659234e-03,3.536150e-01,9.168730e-02
6.981229e-02,9.854844e-02,3.900525e-02,1.576681e-02,2.272390e-02,3.285287e-02,4.554071e-04,4.919027e-03,2.399178e-01,5.571655e-03,1.685399e-02,2.210744e-03,2.707091e-03,3.627061e-01,8.594863e-02
6.185998e-02,1.053625e-01,3.521314e-02,1.343615e-01,3.355264e-02,3.131251e-02,5.354364e-04,4.162923e-03,1.993015e-01,5.022954e-03,1.431860e-02,2.458998e-03,2.428109e-03,2.760031e-01,9.410614e-02
1.023576e-01,9.517932e-02,3.067407e-02,1.014680e-01,3.460060e-02,2.780258e-02,7.630932e-04,4.393263e-03,2.229115e-01,4.925441e-03,1.481195e-02,3.545190e-03,3.029498e-03,2.607310e-01,9.280694e-02
1.301845e-01,9.510645e-02,2.817757e-02,1.420075e-01,3.761247e-02,2.458400e-02,7.979270e-04,6.029027e-03,2.136260e-01,4.731341e-03,1.399919e-02,5.162078e-03,2.920572e-03,1.975494e-01,9.751211e-02
2.095565e-01,7.318722e-02,3.524905e-02,1.151697e-01,3.563717e-02,2.290406e-02,1.157618e-03,8.453857e-03,2.298611e-01,5.010815e-03,1.336381e-02,6.938849e-03,3.258631e-03,1.546476e-01,8.560403e-02
2.425590e-01,5.637014e-02,4.091908e-02,8.765727e-02,2.849195e-02,2.274100e-02,1.298761e-03,7.207990e-03,2.272588e-01,5.639471e-03,1.356652e-02,7.187417e-03,3.161844e-03,1.598388e-01,9.610194e-02
3.127614e-01,4.803680e-02,4.683075e-02,6.918290e-02,2.748973e-02,1.977441e-02,1.849041e-03,1.205388e-02,2.220459e-01,5.721713e-03,1.282676e-02,7.064653e-03,2.990172e-03,1.232848e-01,8.808717e-02
3.031204e-01,5.702661e-02,8.126804e-02,1.098183e-01,4.250291e-02,1.909714e-02,2.378552e-03,1.475131e-02,1.639711e-01,6.408781e-03,1.317324e-02,7.983123e-03,2.895857e-03,9.083176e-02,8.477299e-02
3.394601e-01,6.139015e-02,7.829209e-02,1.170277e-01,5.445522e-02,2.368670e-02,2.850525e-03,1.709708e-02,1.271686e-01,6.647429e-03,1.196323e-02,7.182383e-03,3.612369e-03,6.778692e-02,8.137958e-02
2.677735e-01,5.942874e-02,9.042770e-02,1.127956e-01,4.614279e-02,1.988442e-02,2.369680e-03,1.466670e-02,1.008513e-01,9.174798e-03,9.788396e-03,6.385626e-03,3.114426e-03,5.821119e-02,1.989850e-01
2.186765e-01,5.611493e-02,1.716730e-01,1.243495e-01,4.710344e-02,1.655600e-02,2.096691e-03,1.277583e-02,8.049883e-02,9.628274e-03,7.607889e-03,5.015282e-03,2.437649e-03,4.459310e-02,2.008730e-01
2.889243e-01,4.981928e-02,1.791661e-01,1.036109e-01,3.986741e-02,1.768073e-02,2.041198e-03,1.520491e-02,8.066074e-02,9.197521e-03,7.568097e-03,5.124840e-03,2.237549e-03,4.225413e-02,1.566423e-01
3.218524e-01,5.606440e-02,1.786848e-01,8.172559e-02,4.236265e-02,1.886494e-02,1.816905e-03,1.658738e-02,7.797783e-02,1.000853e-02,7.389772e-03,4.890824e-03,2.415538e-03,5.202509e-02,1.273334e-01
3.893310e-01,5.442579e-02,1.400428e-01,7.094259e-02,4.048476e-02,2.264422e-02,1.789280e-03,1.810184e-02,7.075055e-02,1.200441e-02,7.069600e-03,5.736693e-03,3.828146e-03,5.118931e-02,1.116590e-01
3.909000e-01,4.701713e-02,1.342746e-01,5.682757e-02,3.580244e-02,2.054347e-02,1.453911e-03,1.690968e-02,9.813526e-02,1.211106e-02,7.778548e-03,5.545890e-03,3.304625e-03,7.980937e-02,8.958643e-02
4.412993e-01,3.747504e-02,1.026611e-01,4.679414e-02,3.128608e-02,2.142270e-02,1.412190e-03,2.112543e-02,9.866892e-02,1.167242e-02,1.015687e-02,7.885537e-03,4.110796e-03,8.781894e-02,7.621044e-02
4.682527e-01,2.902750e-02,8.328298e-02,3.674538e-02,2.472385e-02,2.026564e-02,2.173838e-03,1.800998e-02,9.647267e-02,1.151032e-02,1.661264e-02,1.143377e-02,5.168302e-03,1.127239e-01,6.359658e-02
1.000000e+00,0.000000e+00,0.000000e+00,0.000000e+00,0.000000e+00,0.000000e+00,0.000000e+00,0.000000e+00,0.000000e+00,0.000000e+00,0.000000e+00,0.000000e+00,0.000000e+00,0.000000e+00,0.000000e+00
1.000000e+00,0.000000e+00,0.000000e+00,0.000000e+00,0.000000e+00,0.000000e+00,0.000000e+00,0.000000e+00,0.000000e+00,0.000000e+00,0.000000e+00,0.000000e+00,0.000000e+00,0.000000e+00,0.000000e+00
1.000000e+00,0.000000e+00,0.000000e+00,0.000000e+00,0.000000e+00,0.000000e+00,0.000000e+00,0.000000e+00,0.000000e+00,0.000000e+00,0.000000e+00,0.000000e+00,0.000000e+00,0.000000e+00,0.000000e+00
1.000000e+00,0.000000e+00,0.000000e+00,0.000000e+00,0.000000e+00,0.000000e+00,0.000000e+00,0.000000e+00,0.000000e+00,0.000000e+00,0.000000e+00,0.000000e+00,0.000000e+00,0.000000e+00,0.000000e+00
1.000000e+00,0.000000e+00,0.000000e+00,0.000000e+00,0.000000e+00,0.000000e+00,0.000000e+00,0.000000e+00,0.000000e+00,0.000000e+00,0.000000e+00,0.000000e+00,0.000000e+00,0.000000e+00,0.000000e+00
1.000000e+00,0.000000e+00,0.000000e+00,0.000000e+00,0.000000e+00,0.000000e+00,0.000000e+00,0.000000e+00,0.000000e+00,0.000000e+00,0.000000e+00,0.000000e+00,0.000000e+00,0.000000e+00,0.000000e+00
4.830723e-01,1.562624e-02,1.323476e-02,1.182416e-02,8.322094e-03,2.367098e-02,1.325247e-03,6.093332e-03,6.586405e-02,1.085402e-02,6.967010e-03,1.181192e-02,8.523602e-03,5.665810e-02,2.761522e-01
3.414339e-01,1.712342e-02,9.995707e-03,1.356560e-02,6.048312e-03,1.697765e-02,9.596164e-04,4.332773e-03,9.467314e-02,1.385626e-02,5.450984e-03,8.509225e-03,6.834045e-03,4.378311e-02,4.164562e-01
2.413721e-01,1.288780e-02,7.129092e-03,9.658707e-03,4.302295e-03,1.254481e-02,7.164543e-04,3.089405e-03,8.573337e-02,2.277442e-02,4.182077e-03,6.154554e-03,5.270114e-03,3.864886e-02,5.455359e-01
1.694821e-01,1.695170e-02,1.127011e-02,1.080824e-02,3.178800e-03,8.911387e-03,5.339377e-04,2.253022e-03,2.536803e-01,2.975156e-02,4.138506e-03,4.709815e-03,3.988324e-03,2.814604e-02,4.521961e-01
1.283953e-01,1.626153e-02,6.024427e-02,1.768747e-02,3.796260e-03,8.056348e-03,6.288033e-04,2.527576e-03,2.144570e-01,3.965811e-02,6.030960e-03,4.634134e-03,4.554566e-03,4.423583e-02,4.488319e-01
9.737431e-02,1.521142e-02,7.342598e-02,1.429712e-02,3.130595e-03,8.527615e-03,5.713218e-04,1.994000e-03,1.559949e-01,9.115046e-02,6.095909e-03,3.614976e-03,3.843322e-03,9.444860e-02,4.303195e-01
7.198630e-02,1.224018e-02,5.667156e-02,1.017862e-02,2.266333e-03,6.474936e-03,4.111003e-04,1.427940e-03,1.165551e-01,2.140741e-01,6.774276e-03,3.077720e-03,3.469675e-03,9.886624e-02,3.955259e-01
5.063786e-02,8.903567e-03,3.981686e-02,7.180668e-03,1.637403e-03,5.024987e-03,3.003966e-04,1.019164e-03,8.867805e-02,2.344032e-01,5.951379e-03,4.408266e-03,9.101905e-03,7.071704e-02,4.722192e-01
4.514430e-02,8.067379e-03,2.820795e-02,5.478228e-03,1.714863e-03,4.863934e-03,3.250072e-04,9.058494e-04,8.076882e-02,2.050165e-01,1.469130e-02,4.369606e-03,1.614968e-02,5.683529e-02,5.274613e-01
3.429400e-02,8.805590e-03,2.201994e-02,5.877380e-03,2.026367e-02,4.555255e-03,6.830061e-04,2.203462e-03,8.109269e-02,1.573228e-01,2.558862e-02,4.086377e-03,3.208809e-02,4.634095e-02,5.547782e-01
2.658873e-02,9.431265e-03,1.594744e-02,6.698804e-03,1.890502e-02,5.134442e-03,1.175101e-03,3.009139e-03,1.390154e-01,1.205766e-01,2.231267e-02,3.544791e-03,3.316067e-02,3.549724e-02,5.590028e-01
2.471832e-02,1.036878e-02,1.139149e-02,5.135431e-03,1.569308e-02,4.382707e-03,1.024284e-03,2.413531e-03,1.080439e-01,9.191119e-02,1.660390e-02,3.017169e-03,2.702239e-02,2.628958e-02,6.519843e-01
2.204024e-02,9.152289e-03,8.101051e-03,4.107592e-03,1.174404e-02,3.680035e-03,7.692367e-04,2.346836e-03,8.220755e-02,6.771651e-02,1.300786e-02,2.464854e-03,2.164992e-02,1.904261e-02,7.319694e-01
1.806348e-02,6.857065e-03,6.357878e-03,3.294585e-03,1.490103e-02,3.331260e-03,4.523581e-03,1.680570e-02,6.518363e-02,5.063762e-02,1.744845e-02,2.396140e-03,2.688124e-02,1.389506e-02,7.494233e-01
6.911296e-02,8.226186e-03,5.710436e-03,1.053221e-02,1.000538e-01,7.481617e-03,8.425412e-03,1.770542e-02,6.260683e-02,3.887485e-02,1.956404e-02,7.560872e-03,4.203829e-02,1.032620e-02,5.917808e-01
5.676083e-02,1.546393e-02,4.813419e-03,8.507434e-02,1.518798e-01,9.861644e-03,6.842218e-03,1.349838e-02,1.145158e-01,2.807389e-02,2.147701e-02,1.020877e-02,5.704504e-02,7.500254e-03,4.169847e-01
5.134531e-02,1.128690e-02,3.679815e-03,6.385662e-02,1.279431e-01,9.418312e-03,4.926824e-03,9.537888e-03,9.126838e-02,2.091107e-02,4.153603e-02,7.730150e-02,1.870382e-01,5.952227e-03,2.939978e-01
4.008806e-02,8.029698e-03,2.971056e-03,4.559864e-02,9.584300e-02,7.353866e-03,3.511405e-03,6.720962e-03,6.575643e-02,1.648872e-02,7.901937e-02,1.652177e-01,2.475342e-01,4.513186e-03,2.113537e-01
