1.000000e+00,0.000000e+00,0.000000e+00,0.000000e+00,0.000000e+00,0.000000e+00,0.000000e+00,0.000000e+00,0.000000e+00,0.000000e+00,0.000000e+00,0.000000e+00,0.000000e+00,0.000000e+00,0.000000e+00
1.000000e+00,0.000000e+00,0.000000e+00,0.000000e+00,0.000000e+00,0.000000e+00,0.000000e+00,0.000000e+00,0.000000e+00,0.000000e+00,0.000000e+00,0.000000e+00,0.000000e+00,0.000000e+00,0.000000e+00
1.000000e+00,0.000000e+00,0.000000e+00,0.000000e+00,0.000000e+00,0.000000e+00,0.000000e+00,0.000000e+00,0.000000e+00,0.000000e+00,0.000000e+00,0.000000e+00,0.000000e+00,0.000000e+00,0.000000e+00
1.000000e+00,0.000000e+00,0.000000e+00,0.000000e+00,0.000000e+00,0.000000e+00,0.000000e+00,0.000000e+00,0.000000e+00,0.000000e+00,0.000000e+00,0.000000e+00,0.000000e+00,0.000000e+00,0.000000e+00
1.000000e+00,0.000000e+00,0.000000e+00,0.000000e+00,0.000000e+00,0.000000e+00,0.000000e+00,0.000000e+00,0.000000e+00,0.000000e+00,0.000000e+00,0.000000e+00,0.000000e+00,0.000000e+00,0.000000e+00
1.000000e+00,0.000000e+00,0.000000e+00,0.000000e+00,0.000000e+00,0.000000e+00,0.000000e+00,0.000000e+00,0.000000e+00,0.000000e+00,0.000000e+00,0.000000e+00,0.000000e+00,0.000000e+00,0.000000e+00
1.000000e+00,0.000000e+00,0.000000e+00,0.000000e+00,0.000000e+00,0.000000e+00,0.000000e+00,0.000000e+00,0.000000e+00,0.000000e+00,0.000000e+00,0.000000e+00,0.000000e+00,0.000000e+00,0.000000e+00
1.000000e+00,0.000000e+00,0.000000e+00,0.000000e+00,0.000000e+00,0.000000e+00,0.000000e+00,0.000000e+00,0.000000e+00,0.000000e+00,0.000000e+00,0.000000e+00,0.000000e+00,0.000000e+00,0.000000e+00
1.000000e+00,0.000000e+00,0.000000e+00,0.000000e+00,0.000000e+00,0.000000e+00,0.000000e+00,0.000000e+00,0.000000e+00,0.000000e+00,0.000000e+00,0.000000e+00,0.000000e+00,0.000000e+00,0.000000e+00
1.000000e+00,0.000000e+00,0.000000e+00,0.000000e+00,0.000000e+00,0.000000e+00,0.000000e+00,0.000000e+00,0.000000e+00,0.000000e+00,0.000000e+00,0.000000e+00,0.000000e+00,0.000000e+00,0.000000e+00
1.000000e+00,0.000000e+00,0.000000e+00,0.000000e+00,0.000000e+00,0.000000e+00,0.000000e+00,0.000000e+00,0.000000e+00,0.000000e+00,0.000000e+00,0.000000e+00,0.000000e+00,0.000000e+00,0.000000e+00
1.000000e+00,0.000000e+00,0.000000e+00,0.000000e+00,0.000000e+00,0.000000e+00,0.000000e+00,0.000000e+00,0.000000e+00,0.000000e+00,0.000000e+00,0.000000e+00,0.000000e+00,0.000000e+00,0.000000e+00
1.000000e+00,0.000000e+00,0.000000e+00,0.000000e+00,0.000000e+00,0.000000e+00,0.000000e+00,0.000000e+00,0.000000e+00,0.000000e+00,0.000000e+00,0.000000e+00,0.000000e+00,0.000000e+00,0.000000e+00
1.000000e+00,0.000000e+00,0.000000e+00,0.000000e+00,0.000000e+00,0.000000e+00,0.000000e+00,0.000000e+00,0.000000e+00,0.000000e+00,0.000000e+00,0.000000e+00,0.000000e+00,0.000000e+00,0.000000e+00
1.000000e+00,0.000000e+00,0.000000e+00,0.000000e+00,0.000000e+00,0.000000e+00,0.000000e+00,0.000000e+00,0.000000e+00,0.000000e+00,0.000000e+00,0.000000e+00,0.000000e+00,0.000000e+00,0.000000e+00
1.000000e+00,0.000000e+00,0.000000e+00,0.000000e+00,0.000000e+00,0.000000e+00,0.000000e+00,0.000000e+00,0.000000e+00,0.000000e+00,0.000000e+00,0.000000e+00,0.000000e+00,0.000000e+00,0.000000e+00
1.000000e+00,0.000000e+00,0.000000e+00,0.000000e+00,0.000000e+00,0.000000e+00,0.000000e+00,0.000000e+00,0.000000e+00,0.000000e+00,0.000000e+00,0.000000e+00,0.000000e+00,0.000000e+00,0.000000e+00
1.000000e+00,0.000000e+00,0.000000e+00,0.000000e+00,0.000000e+00,0.000000e+00,0.000000e+00,0.000000e+00,0.000000e+00,0.000000e+00,0.000000e+00,0.000000e+00,0.000000e+00,0.000000e+00,0.000000e+00
1.000000e+00,0.000000e+00,0.000000e+00,0.000000e+00,0.000000e+00,0.000000e+00,0.000000e+00,0.000000e+00,0.000000e+00,0.000000e+00,0.000000e+00,0.000000e+00,0.000000e+00,0.000000e+00,0.000000e+00
1.000000e+00,0.000000e+00,0.000000e+00,0.000000e+00,0.000000e+00,0.000000e+00,0.000000e+00,0.000000e+00,0.000000e+00,0.000000e+00,0.000000e+00,0.000000e+00,0.000000e+00,0.000000e+00,0.000000e+00
1.000000e+00,0.000000e+00,0.000000e+00,0.000000e+00,0.000000e+00,0.000000e+00,0.000000e+00,0.000000e+00,0.000000e+00,0.000000e+00,0.000000e+00,0.000000e+00,0.000000e+00,0.000000e+00,0.000000e+00
1.000000e+00,0.000000e+00,0.000000e+00,0.000000e+00,0.000000e+00,0.000000e+00,0.000000e+00,0.000000e+00,0.000000e+00,0.000000e+00,0.000000e+00,0.000000e+00,0.000000e+00,0.000000e+00,0.000000e+00
1.000000e+00,0.000000e+00,0.000000e+00,0.000000e+00,0.000000e+00,0.000000e+00,0.000000e+00,0.000000e+00,0.000000e+00,0.000000e+00,0.000000e+00,0.000000e+00,0.000000e+00,0.000000e+00,0.000000e+00
1.000000e+00,0.000000e+00,0.000000e+00,0.000000e+00,0.000000e+00,0.000000e+00,0.000000e+00,0.000000e+00,0.000000e+00,0.000000e+00,0.000000e+00,0.000000e+00,0.000000e+00,0.000000e+00,0.000000e+00
1.000000e+00,0.000000e+00,0.000000e+00,0.000000e+00,0.000000e+00,0.000000e+00,0.000000e+00,0.000000e+00,0.000000e+00,0.000000e+00,0.000000e+00,0.000000e+00,0.000000e+00,0.000000e+00,0.000000e+00
1.000000e+00,0.000000e+00,0.000000e+00,0.000000e+00,0.000000e+00,0.000000e+00,0.000000e+00,0.000000e+00,0.000000e+00,0.000000e+00,0.000000e+00,0.000000e+00,0.000000e+00,0.000000e+00,0.000000e+00
1.000000e+00,0.000000e+00,0.000000e+00,0.000000e+00,0.000000e+00,0.000000e+00,0.000000e+00,0.000000e+00,0.000000e+00,0.000000e+00,0.000000e+00,0.000000e+00,0.000000e+00,0.000000e+00,0.000000e+00
1.000000e+00,0.000000e+00,0.000000e+00,0.000000e+00,0.000000e+00,0.000000e+00,0.000000e+00,0.000000e+00,0.000000e+00,0.000000e+00,0.000000e+00,0.000000e+00,0.000000e+00,0.000000e+00,0.000000e+00
1.000000e+00,0.000000e+00,0.000000e+00,0.000000e+00,0.000000e+00,0.000000e+00,0.000000e+00,0.000000e+00,0.000000e+00,0.000000e+00,0.000000e+00,0.000000e+00,0.000000e+00,0.000000e+00,0.000000e+00
1.000000e+00,0.000000e+00,0.000000e+00,0.000000e+00,0.000000e+00,0.000000e+00,0.000000e+00,0.000000e+00,0.000000e+00,0.000000e+00,0.000000e+00,0.000000e+00,0.000000e+00,0.000000e+00,0.000000e+00
1.000000e+00,0.000000e+00,0.000000e+00,0.000000e+00,0.000000e+00,0.000000e+00,0.000000e+00,0.000000e+00,0.000000e+00,0.000000e+00,0.000000e+00,0.000000e+00,0.000000e+00,0.000000e+00,0.000000e+00
1.000000e+00,0.000000e+00,0.000000e+00,0.000000e+00,0.000000e+00,0.000000e+00,0.000000e+00,0.000000e+00,0.000000e+00,0.000000e+00,0.000000e+00,0.000000e+00,0.000000e+00,0.000000e+00,0.000000e+00
1.000000e+00,0.000000e+00,0.000000e+00,0.000000e+00,0.000000e+00,0.000000e+00,0.000000e+00,0.000000e+00,0.000000e+00,0.000000e+00,0.000000e+00,0.000000e+00,0.000000e+00,0.000000e+00,0.000000e+00
1.000000e+00,0.000000e+00,0.000000e+00,0.000000e+00,0.000000e+00,0.000000e+00,0.000000e+00,0.000000e+00,0.000000e+00,0.000000e+00,0.000000e+00,0.000000e+00,0.000000e+00,0.000000e+00,0.000000e+00
1.000000e+00,0.000000e+00,0.000000e+00,0.000000e+00,0.000000e+00,0.000000e+00,0.000000e+00,0.000000e+00,0.000000e+00,0.000000e+00,0.000000e+00,0.000000e+00,0.000000e+00,0.000000e+00,0.000000e+00
1.000000e+00,0.000000e+00,0.000000e+00,0.000000e+00,0.000000e+00,0.000000e+00,0.000000e+00,0.000000e+00,0.000000e+00,0.000000e+00,0.000000e+00,0.000000e+00,0.000000e+00,0.000000e+00,0.000000e+00
1.000000e+00,0.000000e+00,0.000000e+00,0.000000e+00,0.000000e+00,0.000000e+00,0.000000e+00,0.000000e+00,0.000000e+00,0.000000e+00,0.000000e+00,0.000000e+00,0.000000e+00,0.000000e+00,0.000000e+00
1.000000e+00,0.000000e+00,0.000000e+00,0.000000e+00,0.000000e+00,0.000000e+00,0.000000e+00,0.000000e+00,0.000000e+00,0.000000e+00,0.000000e+00,0.000000e+00,0.000000e+00,0.000000e+00,0.000000e+00
1.000000e+00,0.000000e+00,0.000000e+00,0.000000e+00,0.000000e+00,0.000000e+00,0.000000e+00,0.000000e+00,0.000000e+00,0.000000e+00,0.000000e+00,0.000000e+00,0.000000e+00,0.000000e+00,0.000000e+00
1.000000e+00,0.000000e+00,0.000000e+00,0.000000e+00,0.000000e+00,0.000000e+00,0.000000e+00,0.000000e+00,0.000000e+00,0.000000e+00,0.000000e+00,0.000000e+00,0.000000e+00,0.000000e+00,0.000000e+00
1.000000e+00,0.000000e+00,0.000000e+00,0.000000e+00,0.000000e+00,0.000000e+00,0.000000e+00,0.000000e+00,0.000000e+00,0.000000e+00,0.000000e+00,0.000000e+00,0.000000e+00,0.000000e+00,0.000000e+00
1.000000e+00,0.000000e+00,0.000000e+00,0.000000e+00,0.000000e+00,0.000000e+00,0.000000e+00,0.000000e+00,0.000000e+00,0.000000e+00,0.000000e+00,0.000000e+00,0.000000e+00,0.000000e+00,0.000000e+00
1.000000e+00,0.000000e+00,0.000000e+00,0.000000e+00,0.000000e+00,0.000000e+00,0.000000e+00,0.000000e+00,0.000000e+00,0.000000e+00,0.000000e+00,0.000000e+00,0.000000e+00,0.000000e+00,0.000000e+00
1.000000e+00,0.000000e+00,0.000000e+00,0.000000e+00,0.000000e+00,0.000000e+00,0.000000e+00,0.000000e+00,0.000000e+00,0.000000e+00,0.000000e+00,0.000000e+00,0.000000e+00,0.000000e+00,0.000000e+00
1.000000e+00,0.000000e+00,0.000000e+00,0.000000e+00,0.000000e+00,0.000000e+00,0.000000e+00,0.000000e+00,0.000000e+00,0.000000e+00,0.000000e+00,0.000000e+00,0.000000e+00,0.000000e+00,0.000000e+00
1.000000e+00,0.000000e+00,0.000000e+00,0.000000e+00,0.000000e+00,0.000000e+00,0.000000e+00,0.000000e+00,0.000000e+00,0.000000e+00,0.000000e+00,0.000000e+00,0.000000e+00,0.000000e+00,0.000000e+00
1.000000e+00,0.000000e+00,0.000000e+00,0.000000e+00,0.000000e+00,0.000000e+00,0.000000e+00,0.000000e+00,0.000000e+00,0.000000e+00,0.000000e+00,0.000000e+00,0.000000e+00,0.000000e+00,0.000000e+00
1.000000e+00,0.000000e+00,0.000000e+00,0.000000e+00,0.000000e+00,0.000000e+00,0.000000e+00,0.000000e+00,0.000000e+00,0.000000e+00,0.000000e+00,0.000000e+00,0.000000e+00,0.000000e+00,0.000000e+00
1.000000e+00,0.000000e+00,0.000000e+00,0.000000e+00,0.000000e+00,0.000000e+00,0.000000e+00,0.000000e+00,0.000000e+00,0.000000e+00,0.000000e+00,0.000000e+00,0.000000e+00,0.000000e+00,0.000000e+00
1.000000e+00,0.000000e+00,0.000000e+00,0.000000e+00,0.000000e+00,0.000000e+00,0.000000e+00,0.000000e+00,0.000000e+00,0.000000e+00,0.000000e+00,0.000000e+00,0.000000e+00,0.000000e+00,0.000000e+00
1.000000e+00,0.000000e+00,0.000000e+00,0.000000e+00,0.000000e+00,0.000000e+00,0.000000e+00,0.000000e+00,0.000000e+00,0.000000e+00,0.000000e+00,0.000000e+00,0.000000e+00,0.000000e+00,0.000000e+00
1.000000e+00,0.000000e+00,0.000000e+00,0.000000e+00,0.000000e+00,0.000000e+00,0.000000e+00,0.000000e+00,0.000000e+00,0.000000e+00,0.000000e+00,0.000000e+00,0.000000e+00,0.000000e+00,0.000000e+00
1.000000e+00,0.000000e+00,0.000000e+00,0.000000e+00,0.000000e+00,0.000000e+00,0.000000e+00,0.000000e+00,0.000000e+00,0.000000e+00,0.000000e+00,0.000000e+00,0.000000e+00,0.000000e+00,0.000000e+00
1.000000e+00,0.000000e+00,0.000000e+00,0.000000e+00,0.000000e+00,0.000000e+00,0.000000e+00,0.000000e+00,0.000000e+00,0.000000e+00,0.000000e+00,0.000000e+00,0.000000e+00,0.000000e+00,0.000000e+00
1.000000e+00,0.000000e+00,0.000000e+00,0.000000e+00,0.000000e+00,0.000000e+00,0.000000e+00,0.000000e+00,0.000000e+00,0.000000e+00,0.000000e+00,0.000000e+00,0.000000e+00,0.000000e+00,0.000000e+00
1.000000e+00,0.000000e+00,0.000000e+00,0.000000e+00,0.000000e+00,0.000000e+00,0.000000e+00,0.000000e+00,0.000000e+00,0.000000e+00,0.000000e+00,0.000000e+00,0.000000e+00,0.000000e+00,0.000000e+00
1.000000e+00,0.000000e+00,0.000000e+00,0.000000e+00,0.000000e+00,0.000000e+00,0.000000e+00,0.000000e+00,0.000000e+00,0.000000e+00,0.000000e+00,0.000000e+00,0.000000e+00,0.000000e+00,0.000000e+00
1.000000e+00,0.000000e+00,0.000000e+00,0.000000e+00,0.000000e+00,0.000000e+00,0.000000e+00,0.000000e+00,0.000000e+00,0.000000e+00,0.000000e+00,0.000000e+00,0.000000e+00,0.000000e+00,0.000000e+00
1.000000e+00,0.000000e+00,0.000000e+00,0.000000e+00,0.000000e+00,0.000000e+00,0.000000e+00,0.000000e+00,0.000000e+00,0.000000e+00,0.000000e+00,0.000000e+00,0.000000e+00,0.000000e+00,0.000000e+00
1.000000e+00,0.000000e+00,0.000000e+00,0.000000e+00,0.000000e+00,0.000000e+00,0.000000e+00,0.000000e+00,0.000000e+00,0.000000e+00,0.000000e+00,0.000000e+00,0.000000e+00,0.000000e+00,0.000000e+00
1.000000e+00,0.000000e+00,0.000000e+00,0.000000e+00,0.000000e+00,0.000000e+00,0.000000e+00,0.000000e+00,0.000000e+00,0.000000e+00,0.000000e+00,0.000000e+00,0.000000e+00,0.000000e+00,0.000000e+00
1.000000e+00,0.000000e+00,0.000000e+00,0.000000e+00,0.000000e+00,0.000000e+00,0.000000e+00,0.000000e+00,0.000000e+00,0.000000e+00,0.000000e+00,0.000000e+00,0.000000e+00,0.000000e+00,0.000000e+00
4.947742e-01,3.019273e-02,3.040578e-02,3.235927e-01,4.360093e-03,1.491506e-02,3.004027e-03,1.033657e-02,1.035391e-02,2.515848e-03,1.998506e-02,2.540350e-02,1.474696e-02,1.781031e-03,1.363263e-02
3.848830e-01,2.958564e-02,6.803843e-02,3.848363e-01,3.934857e-03,1.285569e-02,2.271480e-03,7.846111e-03,9.188796e-03,3.427516e-03,2.732778e-02,3.806150e-02,1.152684e-02,1.471129e-03,1.474498e-02
2.761173e-01,2.464475e-02,6.137760e-02,4.256995e-01,3.423030e-03,2.507501e-02,1.775345e-03,5.733114e-03,1.092855e-02,4.012452e-03,4.511032e-02,7.028714e-02,2.546791e-02,1.204952e-03,1.914309e-02
2.109120e-01,2.014285e-02,5.118058e-02,3.846761e-01,3.017145e-03,2.510786e-02,1.579896e-03,4.656077e-03,2.206109e-02,5.994813e-03,5.843879e-02,1.269863e-01,6.005102e-02,1.270109e-03,2.392538e-02
1.946539e-01,1.576346e-02,4.724617e-02,3.589187e-01,2.627389e-03,4.062166e-02,1.888918e-03,3.897557e-03,2.346787e-02,1.019921e-02,5.209590e-02,1.266253e-01,8.876640e-02,1.634262e-03,3.159332e-02
2.479637e-01,1.403527e-02,3.917830e-02,2.736197e-01,2.955434e-03,4.013142e-02,1.815060e-03,6.869816e-03,2.819343e-02,1.070585e-02,4.835290e-02,1.158454e-01,1.247755e-01,3.140969e-03,4.241726e-02
2.828711e-01,1.661176e-02,3.065858e-02,2.001599e-01,3.321259e-03,3.548348e-02,1.781601e-03,6.934765e-03,5.513952e-02,1.110246e-02,4.109702e-02,1.056439e-01,1.597431e-01,5.356290e-03,4.409528e-02
2.823020e-01,3.446462e-02,2.367675e-02,1.518273e-01,3.130424e-03,3.303865e-02,2.242885e-03,7.890723e-03,9.015185e-02,1.554281e-02,3.200137e-02,8.525264e-02,1.667386e-01,8.481131e-03,6.325831e-02
2.428100e-01,3.291366e-02,1.742408e-02,1.169379e-01,2.815704e-03,2.730652e-02,2.603721e-03,9.742994e-03,1.007077e-01,2.000536e-02,2.762127e-02,7.541479e-02,2.070875e-01,1.634651e-02,1.002623e-01
2.347484e-01,3.247675e-02,1.329240e-02,9.588115e-02,2.867927e-03,2.609989e-02,3.042415e-03,9.752154e-03,9.568340e-02,2.348401e-02,2.349888e-02,7.401717e-02,2.311150e-01,1.591414e-02,1.181264e-01
2.430205e-01,3.094995e-02,1.014072e-02,7.907321e-02,3.260408e-03,2.798362e-02,2.875602e-03,8.464147e-03,8.307119e-02,2.304009e-02,2.109520e-02,7.993773e-02,2.340444e-01,1.552944e-02,1.375138e-01
2.811756e-01,3.240430e-02,7.504886e-03,6.031878e-02,3.097969e-03,2.486198e-02,2.426465e-03,6.906798e-03,7.386698e-02,1.983637e-02,1.779452e-02,9.158583e-02,2.289924e-01,1.426844e-02,1.349587e-01
3.866730e-01,3.057381e-02,5.500231e-03,4.734904e-02,3.374621e-03,2.615632e-02,2.068884e-03,5.428506e-03,6.031998e-02,1.573319e-02,1.413965e-02,9.798987e-02,1.899437e-01,1.169203e-02,1.030572e-01
4.625929e-01,2.686389e-02,4.358934e-03,4.503317e-02,5.483489e-03,2.977447e-02,2.354139e-03,4.232136e-03,5.456076e-02,1.321876e-02,1.276637e-02,8.702932e-02,1.456266e-01,1.210469e-02,9.400032e-02
4.805868e-01,2.400485e-02,4.082364e-03,4.285293e-02,7.192172e-03,3.336842e-02,2.946578e-03,5.518632e-03,5.417133e-02,1.189628e-02,1.511385e-02,9.803525e-02,1.256118e-01,1.303214e-02,8.158661e-02
4.345215e-01,2.096786e-02,8.041879e-03,5.021679e-02,2.043264e-02,2.802857e-02,5.549621e-03,5.926710e-02,6.109098e-02,1.026151e-02,1.651041e-02,9.235910e-02,1.132333e-01,1.009840e-02,6.942037e-02
4.029590e-01,1.802358e-02,1.173619e-02,8.749273e-02,4.386441e-02,3.874242e-02,8.818729e-03,8.350239e-02,5.251204e-02,7.660270e-03,1.606260e-02,7.309626e-02,9.110634e-02,7.810526e-03,5.661253e-02
3.414381e-01,1.669538e-02,1.061658e-02,1.781293e-01,8.021303e-02,6.341715e-02,1.812221e-02,6.017556e-02,4.400859e-02,5.643839e-03,1.219559e-02,5.215972e-02,6.674529e-02,5.596888e-03,4.484275e-02
2.443363e-01,1.347931e-02,1.269169e-02,2.979760e-01,9.676677e-02,8.905710e-02,3.407723e-02,4.614563e-02,3.261183e-02,4.098289e-03,8.749648e-03,3.657086e-02,4.781966e-02,3.935586e-03,3.168409e-02
1.854688e-01,1.165253e-02,1.623308e-02,3.493601e-01,1.153572e-01,1.170940e-01,4.827324e-02,3.527037e-02,2.555550e-02,3.017706e-03,6.613584e-03,2.567274e-02,3.507650e-02,2.779295e-03,2.257519e-02
1.348499e-01,9.681426e-03,2.624930e-02,4.619961e-01,1.128897e-01,9.082817e-02,4.439425e-02,2.921732e-02,1.980063e-02,2.361652e-03,5.399982e-03,1.810462e-02,2.625579e-02,1.962289e-03,1.600887e-02
1.237918e-01,8.633067e-03,3.410924e-02,4.765450e-01,1.375986e-01,7.585559e-02,4.693247e-02,2.356211e-02,1.838389e-02,2.021546e-03,5.524319e-03,1.287262e-02,2.103595e-02,1.438772e-03,1.169501e-02
8.923683e-02,6.293216e-03,2.843837e-02,5.088736e-01,1.908675e-01,5.386303e-02,3.503522e-02,2.811373e-02,1.435316e-02,1.542409e-03,8.096393e-03,9.429680e-03,1.641814e-02,1.038437e-03,8.400231e-03
6.564408e-02,5.591056e-03,2.145710e-02,4.221012e-01,1.479651e-01,3.818606e-02,2.486257e-02,2.272052e-02,1.649337e-02,3.395806e-03,1.937979e-01,7.985250e-03,2.184181e-02,9.505986e-04,7.007616e-03
4.623001e-02,4.060248e-03,1.554243e-02,3.652417e-01,1.056255e-01,2.682436e-02,1.749920e-02,2.144888e-02,1.332734e-02,3.408274e-03,3.492962e-01,6.356991e-03,1.902124e-02,9.774724e-04,5.140222e-03
3.263743e-02,3.300773e-03,1.258166e-02,3.456632e-01,7.679931e-02,1.886908e-02,1.227971e-02,1.543985e-02,1.451391e-02,2.738136e-03,4.341511e-01,6.010510e-03,1.965725e-02,1.499835e-03,3.858224e-03
2.353144e-02,2.659228e-03,9.639380e-03,2.707894e-01,5.691721e-02,1.335672e-02,8.628038e-03,1.112443e-02,1.100581e-02,2.601050e-03,5.534215e-01,5.505048e-03,1.895578e-02,8.114293e-03,3.750738e-03
1.779490e-02,3.492984e-03,1.142283e-02,2.008078e-01,4.229499e-02,1.080068e-02,6.074721e-03,8.233108e-03,1.004410e-02,4.275802e-03,5.515109e-01,5.661239e-03,2.456923e-02,8.885362e-02,1.416315e-02
1.449630e-02,6.711321e-03,6.360105e-02,1.693809e-01,3.324760e-02,8.104682e-03,4.339800e-03,1.164583e-02,3.951855e-02,4.800454e-03,5.063785e-01,5.964360e-03,3.265613e-02,8.248280e-02,1.667175e-02
1.391268e-02,9.502985e-03,1.087009e-01,1.973363e-01,2.600733e-02,8.121020e-03,3.134351e-03,9.295854e-03,4.323631e-02,5.209363e-03,4.326512e-01,4.906493e-03,3.269149e-02,8.106020e-02,2.423364e-02
1.533203e-02,1.172143e-02,9.538039e-02,1.641371e-01,2.058023e-02,7.508256e-03,2.234760e-03,7.372223e-03,3.642200e-02,4.861453e-03,4.716198e-01,3.829607e-03,2.852085e-02,9.448011e-02,3.599967e-02
2.432873e-02,1.922909e-02,7.707435e-02,1.376267e-01,1.557927e-02,9.766636e-03,1.688399e-03,7.695536e-03,3.282166e-02,4.728618e-03,4.221711e-01,3.270372e-03,2.504993e-02,1.766592e-01,4.231042e-02
3.673537e-02,4.221739e-02,6.266911e-02,1.417568e-01,1.335827e-02,1.316644e-02,1.448521e-03,8.716803e-03,5.009098e-02,6.258181e-03,3.566442e-01,4.361146e-03,2.751690e-02,1.536225e-01,8.143742e-02
4.709897e-02,7.256804e-02,6.098014e-02,1.478887e-01,1.148723e-02,1.516658e-02,1.504211e-03,1.136467e-02,5.385690e-02,6.951898e-03,3.257973e-01,5.148287e-03,2.743759e-02,1.280759e-01,8.467363e-02
6.036355e-02,8.056826e-02,5.962144e-02,1.512186e-01,1.025378e-02,1.727916e-02,1.526695e-03,1.112941e-02,5.725157e-02,7.819637e-03,3.098091e-01,9.932560e-03,2.896929e-02,1.064791e-01,8.777781e-02
1.402080e-01,6.294788e-02,4.913715e-02,1.452126e-01,1.187360e-02,1.852440e-02,1.648479e-03,1.574154e-02,5.793393e-02,1.415149e-02,2.731557e-01,2.021514e-02,3.101961e-02,8.621790e-02,7.201266e-02
2.452824e-01,4.884193e-02,3.731130e-02,1.163105e-01,9.987294e-03,1.732729e-02,1.916268e-03,1.449496e-02,5.310471e-02,1.401242e-02,2.393622e-01,3.618207e-02,3.410264e-02,7.588565e-02,5.587844e-02
4.000374e-01,3.694294e-02,2.928970e-02,9.249607e-02,8.442573e-03,1.658631e-02,2.378980e-03,1.385754e-02,4.130991e-02,1.189657e-02,1.830954e-01,3.379430e-02,2.838730e-02,5.759716e-02,4.388772e-02
4.117609e-01,2.951703e-02,2.689721e-02,8.094059e-02,1.070376e-02,1.369887e-02,3.063723e-03,3.171362e-02,4.565867e-02,1.237768e-02,1.755746e-01,3.988303e-02,2.533139e-02,5.593062e-02,3.694828e-02
3.622875e-01,2.527429e-02,3.268822e-02,7.642735e-02,1.561589e-02,1.085000e-02,2.948796e-03,4.594252e-02,1.052065e-01,1.355252e-02,1.568321e-01,5.152445e-02,2.180070e-02,4.892464e-02,3.012463e-02
2.785759e-01,2.626611e-02,7.297405e-02,8.465099e-02,2.146246e-02,1.559833e-02,2.521352e-03,7.054201e-02,1.636397e-01,1.021214e-02,1.293866e-01,4.102925e-02,1.660279e-02,4.162512e-02,2.491323e-02
2.200965e-01,2.629142e-02,1.011820e-01,1.117258e-01,2.608868e-02,1.886501e-02,2.058968e-03,6.609817e-02,2.230725e-01,8.140183e-03,9.990452e-02,2.962889e-02,1.221617e-02,3.458708e-02,2.004408e-02
1.620336e-01,1.930263e-02,2.355835e-01,1.246345e-01,2.613868e-02,1.569268e-02,1.603546e-03,5.698713e-02,2.094640e-01,6.667992e-03,7.207268e-02,2.078410e-02,8.678069e-03,2.496496e-02,1.539192e-02
1.238108e-01,2.806163e-02,1.925775e-01,1.045938e-01,2.317416e-02,1.848063e-02,1.286688e-03,5.728867e-02,3.393375e-01,5.703280e-03,5.194414e-02,1.456599e-02,6.288351e-03,1.907487e-02,1.381212e-02
9.304602e-02,2.409417e-02,1.509710e-01,9.822271e-02,2.781711e-02,1.454270e-02,1.054652e-03,1.106387e-01,3.982624e-01,4.436599e-03,3.787324e-02,1.027359e-02,4.638181e-03,1.383452e-02,1.029438e-02
6.650484e-02,1.877048e-02,1.080926e-01,8.869831e-02,2.033381e-02,1.038085e-02,7.519908e-04,8.095467e-02,5.068152e-01,4.035776e-03,6.040861e-02,7.682568e-03,7.583804e-03,1.098372e-02,8.002845e-03
4.696422e-02,1.451669e-02,7.755200e-02,7.066233e-02,1.457089e-02,7.529662e-03,5.678595e-04,5.900276e-02,5.595992e-01,7.933686e-03,6.461035e-02,8.216051e-03,4.773713e-02,9.820374e-03,1.071683e-02
3.320413e-02,1.036950e-02,5.536020e-02,5.382221e-02,1.068396e-02,5.399744e-03,4.330650e-04,4.178420e-02,6.184847e-01,1.464171e-02,6.884197e-02,1.522418e-02,4.527760e-02,1.533974e-02,1.113311e-02
2.333648e-02,7.431755e-03,3.936376e-02,4.091629e-02,9.103857e-03,4.087911e-03,5.161217e-04,2.979871e-02,5.150000e-01,1.371405e-02,1.167524e-01,2.237305e-02,4.133007e-02,1.080014e-01,2.827416e-02
1.636508e-02,5.254684e-03,2.771132e-02,2.919707e-02,7.062152e-03,3.064741e-03,3.982371e-04,2.104642e-02,3.774147e-01,1.138217e-02,1.167907e-01,2.061822e-02,3.467320e-02,3.026283e-01,2.639296e-02
1.147185e-02,3.745802e-03,1.957889e-02,2.045516e-02,5.071804e-03,2.274961e-03,2.976857e-04,1.478410e-02,2.682354e-01,9.929257e-03,1.157688e-01,1.615135e-02,2.474737e-02,4.666684e-01,2.081905e-02
8.037255e-03,3.290416e-03,1.421126e-02,1.432608e-02,3.856812e-03,1.920938e-03,2.159877e-04,1.036453e-02,1.906659e-01,7.269603e-03,9.381097e-02,1.191254e-02,1.758920e-02,6.030619e-01,1.946667e-02
5.788871e-03,2.991132e-03,1.003639e-02,1.005371e-02,2.746422e-03,2.194606e-03,1.691056e-04,7.291896e-03,1.362796e-01,5.469855e-03,1.032401e-01,9.330304e-03,1.246135e-02,6.775159e-01,1.443077e-02
4.180361e-03,3.114464e-03,7.639167e-03,7.237850e-03,2.125626e-03,4.420477e-03,1.521095e-04,5.142943e-03,9.687697e-02,4.634041e-03,1.869071e-01,8.929876e-03,1.380300e-02,6.425257e-01,1.231029e-02
3.000455e-03,2.609167e-03,5.563265e-03,5.131458e-03,1.644423e-03,4.390034e-03,1.274382e-04,3.614284e-03,6.839716e-02,3.895295e-03,2.823499e-01,7.104567e-03,1.092701e-02,5.916057e-01,9.639833e-03
2.145394e-03,2.775739e-03,4.400773e-03,3.616729e-03,1.377016e-03,6.181258e-03,1.180439e-04,2.540639e-03,4.945526e-02,5.107971e-03,3.306520e-01,6.068092e-03,8.818839e-03,5.693772e-01,7.365140e-03
1.547942e-03,2.420449e-03,3.435184e-03,2.566629e-03,1.194919e-03,9.205591e-03,9.473310e-05,1.787312e-03,3.847802e-02,4.425257e-03,2.696931e-01,5.301903e-03,6.275012e-03,6.481942e-01,5.379749e-03
1.140273e-03,2.420405e-03,4.966154e-03,1.837021e-03,1.978925e-03,1.339087e-02,7.400242e-05,1.278891e-03,4.582854e-02,3.849970e-03,2.287020e-01,4.477923e-03,4.481876e-03,6.816804e-01,3.892765e-03
1.320066e-03,3.428854e-03,4.366258e-03,1.438763e-03,4.129122e-03,1.179957e-02,5.629770e-05,9.584217e-04,1.444362e-01,3.800234e-03,1.860284e-01,3.283904e-03,3.217826e-03,6.287969e-01,2.939138e-03
1.240985e-03,2.814200e-03,3.432325e-03,1.570125e-03,4.212325e-03,1.007282e-02,4.505923e-05,6.989074e-04,2.109101e-01,4.009573e-03,1.599128e-01,2.549704e-03,2.459745e-03,5.933230e-01,2.748416e-03
1.351648e-03,3.026468e-03,3.468995e-03,1.547790e-03,3.878755e-03,1.427465e-02,4.872534e-05,5.967226e-04,3.552878e-01,3.847082e-03,1.185388e-01,1.963415e-03,1.966538e-03,4.865550e-01,3.647696e-03
2.445758e-03,2.995811e-03,2.133685e-02,2.026723e-03,3.285100e-03,2.372267e-02,1.179602e-04,2.838337e-03,4.751834e-01,3.638676e-03,8.518965e-02,1.438009e-03,1.623649e-03,3.704691e-01,3.688387e-03
3.989462e-03,2.724220e-03,2.250640e-02,2.035307e-03,3.088448e-03,1.933558e-02,1.019694e-04,2.148610e-03,5.822272e-01,4.144668e-03,6.189214e-02,1.059906e-03,1.216795e-03,2.894675e-01,4.061829e-03
7.812757e-03,2.292835e-03,4.252154e-02,2.108838e-03,2.757844e-03,2.064327e-02,1.346991e-04,2.779947e-03,6.445978e-01,4.253274e-03,4.456386e-02,7.599551e-04,9.111888e-04,2.194697e-01,4.392462e-03
1.440181e-02,1.870397e-03,3.625802e-02,1.879174e-03,2.471293e-03,2.617986e-02,1.192849e-04,2.481950e-03,6.857806e-01,5.597997e-03,3.302487e-02,5.514378e-04,6.831509e-04,1.799757e-01,8.724445e-03
2.181533e-02,1.752879e-03,2.986156e-02,1.945753e-03,2.128979e-03,2.135190e-02,1.330789e-04,2.864986e-03,7.378440e-01,6.889630e-03,2.432021e-02,4.111181e-04,5.090298e-04,1.355454e-01,1.262616e-02
2.330858e-02,1.404156e-03,2.128885e-02,1.455230e-03,1.934302e-03,1.906364e-02,1.109120e-04,2.546865e-03,7.854806e-01,5.567387e-03,1.962492e-02,3.174015e-04,3.958916e-04,1.068597e-01,1.064163e-02
3.180543e-02,1.141382e-03,1.594656e-02,2.443126e-03,2.739465e-03,1.538093e-02,1.127347e-04,4.607626e-03,8.141060e-01,6.415595e-03,1.467178e-02,2.495166e-04,3.063468e-04,7.954418e-02,1.052926e-02
3.681988e-02,1.171288e-03,1.140373e-02,2.135255e-03,3.202416e-03,1.297036e-02,1.169998e-04,4.898854e-03,8.267217e-01,5.882097e-03,1.261563e-02,3.363708e-04,3.563015e-04,7.062957e-02,1.073952e-02
4.148517e-02,1.050895e-03,8.144856e-03,2.046322e-03,2.854900e-03,1.267613e-02,1.179110e-04,3.966705e-03,8.310955e-01,4.989339e-03,1.343504e-02,5.266437e-04,5.221426e-04,6.521276e-02,1.187574e-02
5.261522e-02,9.097843e-04,6.488410e-03,2.031441e-03,2.233140e-03,3.257618e-02,2.366783e-04,3.145599e-03,7.942860e-01,3.907041e-03,1.839090e-02,1.245404e-03,6.876895e-04,6.611331e-02,1.513315e-02
6.868165e-02,1.045540e-03,6.213224e-03,1.908353e-03,2.247398e-03,1.002541e-01,6.066610e-04,2.949437e-03,6.721672e-01,4.182665e-03,2.504751e-02,1.997106e-03,9.547707e-04,9.370936e-02,1.803501e-02
9.853448e-02,9.703523e-04,6.434475e-03,2.370725e-03,2.043244e-03,1.168397e-01,1.189157e-03,3.726428e-03,5.939450e-01,4.365310e-03,3.062366e-02,2.478458e-03,1.342735e-03,1.175318e-01,1.760446e-02
1.542477e-01,1.168011e-03,6.683232e-03,2.692810e-03,2.737270e-03,1.446299e-01,2.477860e-03,4.897354e-03,4.726097e-01,6.109516e-03,3.909485e-02,2.865734e-03,1.927520e-03,1.382145e-01,1.964401e-02
2.215870e-01,1.563758e-03,6.820691e-03,2.998747e-03,4.327218e-03,1.504768e-01,3.709819e-03,5.787437e-03,3.892467e-01,7.717432e-03,3.969473e-02,2.794063e-03,2.558741e-03,1.409695e-01,1.974724e-02
3.159720e-01,2.880625e-03,1.119389e-02,5.727837e-03,4.939310e-03,1.351189e-01,3.482154e-03,5.774528e-03,3.278228e-01,7.669451e-03,3.271133e-02,2.869657e-03,2.866222e-03,1.187478e-01,2.222351e-02
2.300804e-01,3.930731e-03,8.679585e-03,1.189129e-02,4.102174e-03,1.232052e-01,2.506597e-03,4.376627e-03,2.971317e-01,1.463975e-01,2.692024e-02,2.268440e-03,4.375588e-03,8.606783e-02,4.806622e-02
1.653250e-01,1.250339e-02,8.695463e-03,9.652322e-03,5.475888e-03,1.372117e-01,1.962329e-03,3.261596e-03,2.355320e-01,1.161793e-01,2.910822e-02,3.407285e-03,6.237078e-03,7.575056e-02,1.896979e-01
1.208683e-01,1.647457e-02,7.188427e-03,7.027754e-03,4.379574e-03,1.017814e-01,1.509497e-03,2.447975e-03,2.021968e-01,8.912289e-02,2.619117e-02,3.001691e-03,6.178635e-03,8.849953e-02,3.231318e-01
8.840656e-02,1.466285e-02,6.412712e-03,5.087405e-03,3.339887e-03,7.538900e-02,1.178726e-03,1.841744e-03,1.613746e-01,6.712075e-02,2.754059e-02,2.699659e-03,6.785482e-03,1.129840e-01,4.251761e-01
6.568457e-02,1.243111e-02,6.811296e-03,3.867981e-03,3.556877e-03,6.229559e-02,1.263282e-03,1.529491e-03,1.297933e-01,5.299826e-02,3.069144e-02,2.723709e-03,8.693649e-03,1.366773e-01,4.809822e-01
4.894665e-02,1.031931e-02,7.413770e-03,3.077833e-03,3.138016e-03,5.478051e-02,1.293278e-03,1.279766e-03,1.107231e-01,4.050559e-02,3.917218e-02,4.120690e-03,1.515198e-02,1.601306e-01,4.999468e-01
3.743268e-02,1.026577e-02,6.841624e-03,2.920586e-03,2.510415e-03,4.071299e-02,1.044981e-03,9.594413e-04,1.163960e-01,4.214290e-02,6.863557e-02,5.087068e-03,1.445578e-02,2.322199e-01,4.183743e-01
2.943711e-02,1.023963e-02,5.700579e-03,2.688604e-03,1.908902e-03,3.424508e-02,9.174039e-04,7.991720e-04,1.151298e-01,5.837053e-02,5.495578e-02,4.539988e-03,1.087821e-02,3.489648e-01,3.212244e-01
2.357894e-02,8.525156e-03,5.686923e-03,2.127643e-03,1.525158e-03,2.862021e-02,8.094778e-04,6.717743e-04,9.254297e-02,7.758512e-02,5.683585e-02,3.687968e-03,8.026324e-03,4.224293e-01,2.673472e-01
1.930994e-02,7.228949e-03,5.176777e-03,1.618681e-03,1.165532e-03,2.103442e-02,6.169836e-04,5.016078e-04,7.811317e-02,6.986073e-02,6.946974e-02,2.970014e-03,5.962141e-03,5.195698e-01,1.974015e-01
1.489112e-02,6.459862e-03,4.505308e-03,1.221022e-03,9.106128e-04,1.585725e-02,4.559449e-04,3.637304e-04,7.280037e-02,7.059540e-02,7.160486e-02,2.411200e-03,4.556608e-03,5.763810e-01,1.569857e-01
1.116155e-02,9.162185e-03,3.553206e-03,8.828223e-04,6.884813e-04,1.258794e-02,3.754192e-04,2.883190e-04,8.973890e-02,5.526152e-02,6.617396e-02,2.184691e-03,3.295387e-03,6.155845e-01,1.290611e-01
7.978747e-03,1.058980e-02,3.429463e-03,6.567853e-04,5.578384e-04,1.034209e-02,2.816010e-04,2.264774e-04,8.905927e-02,4.077001e-02,4.732228e-02,1.600450e-03,2.413841e-03,6.879872e-01,9.678413e-02
6.039986e-03,2.152358e-02,1.122670e-02,7.800327e-04,6.115224e-04,1.852962e-02,2.829515e-04,2.364562e-04,9.272391e-02,3.530908e-02,3.533357e-02,1.230945e-03,2.604685e-03,6.990683e-01,7.449868e-02
4.930788e-03,2.332214e-02,1.036747e-02,6.732964e-04,5.531802e-04,2.659968e-02,2.390858e-04,2.611374e-04,8.360936e-02,2.720924e-02,2.514994e-02,8.885623e-04,2.118892e-03,7.371449e-01,5.693237e-02
4.237171e-03,2.169583e-02,8.850556e-03,5.402660e-04,4.800344e-04,2.572869e-02,1.856737e-04,2.711400e-04,7.254091e-02,2.268526e-02,1.801120e-02,6.420346e-04,1.672673e-03,7.786740e-01,4.378458e-02
4.098411e-03,3.830134e-02,1.202462e-02,1.011579e-03,1.393960e-03,2.701391e-02,2.711904e-04,2.994044e-03,9.956528e-02,1.915477e-02,1.332315e-02,4.679741e-04,1.790365e-03,7.427976e-01,3.579177e-02
3.894182e-03,3.001990e-02,9.019651e-03,8.665229e-04,1.155276e-03,2.101194e-02,2.044465e-04,2.693249e-03,1.231945e-01,1.713274e-02,9.794600e-03,3.704970e-04,1.525500e-03,7.468156e-01,3.230143e-02
5.505999e-03,2.612968e-02,8.002060e-03,7.871881e-04,1.562442e-03,1.779621e-02,1.789278e-04,3.501780e-03,1.277267e-01,1.559039e-02,8.042071e-03,2.717845e-04,1.306644e-03,7.561074e-01,2.749067e-02
1.694635e-02,2.093820e-02,1.984403e-02,4.378410e-03,5.798006e-03,1.913456e-02,3.339879e-04,3.985221e-03,1.680688e-01,1.344579e-02,6.647277e-03,2.020119e-04,1.032915e-03,6.939968e-01,2.524767e-02
2.435234e-02,1.626482e-02,1.726981e-02,3.985532e-03,5.038460e-03,1.815180e-02,2.824384e-04,3.524933e-03,1.728267e-01,1.829099e-02,5.876374e-03,1.577900e-04,9.146186e-04,6.741127e-01,3.895075e-02
2.924671e-02,1.734812e-02,1.388121e-02,3.513554e-03,6.415884e-03,1.568122e-02,3.020084e-04,3.987484e-03,1.511145e-01,1.797607e-02,8.918951e-03,1.391730e-04,1.421864e-03,6.778489e-01,5.220428e-02
3.828199e-02,1.482447e-02,1.464246e-02,3.549273e-03,5.021692e-03,1.814770e-02,2.694456e-04,3.410450e-03,1.409452e-01,2.396425e-02,8.650654e-03,3.501879e-04,2.421515e-03,5.740978e-01,1.514229e-01
3.301917e-02,1.178045e-02,1.577426e-02,4.109060e-03,3.904440e-03,1.624567e-02,2.739883e-04,2.668570e-03,1.385390e-01,2.731988e-02,7.176633e-03,4.416102e-04,3.045652e-03,4.187637e-01,3.169380e-01
6.234683e-02,1.039730e-02,1.431195e-02,5.054917e-03,4.939254e-03,1.543247e-02,3.437406e-04,3.231660e-03,1.473865e-01,2.316718e-02,1.183112e-02,1.508910e-03,6.790583e-03,4.177773e-01,2.754803e-01
7.086212e-02,1.076703e-02,1.093549e-02,5.009095e-03,4.203869e-03,2.030642e-02,4.922963e-04,2.707685e-03,1.498790e-01,1.956603e-02,1.126906e-02,1.848684e-03,7.487906e-03,4.016767e-01,2.829886e-01
1.310633e-01,1.161754e-02,8.399976e-03,5.555668e-03,4.550233e-03,2.062793e-02,8.415547e-04,2.592480e-03,1.261408e-01,1.927241e-02,1.272127e-02,2.242907e-03,9.932619e-03,3.633887e-01,2.810526e-01
2.039125e-01,1.095166e-02,6.748836e-03,9.412371e-03,4.188510e-03,1.768177e-02,1.223053e-03,2.260554e-03,1.134574e-01,1.985699e-02,1.532822e-02,3.099587e-03,9.848176e-03,3.070225e-01,2.750079e-01
2.157249e-01,9.787663e-03,5.533279e-03,9.686151e-03,3.201393e-03,1.600012e-02,1.222746e-03,1.903211e-03,9.232046e-02,1.935085e-02,1.268092e-02,5.455705e-03,1.041645e-02,2.510907e-01,3.456255e-01
1.784988e-01,7.820562e-03,4.398239e-03,7.165510e-03,2.327540e-03,1.244863e-02,9.889931e-04,1.493064e-03,6.860705e-02,2.265666e-02,1.019995e-02,5.877924e-03,8.103803e-03,2.327961e-01,4.366172e-01
1.326712e-01,6.282378e-03,4.556056e-03,5.244285e-03,1.711091e-03,9.374793e-03,8.066464e-04,1.238468e-03,5.064743e-02,5.363993e-02,1.119821e-02,5.278899e-03,6.214890e-03,3.212286e-01,3.899072e-01
1.048936e-01,5.252075e-03,3.420983e-03,3.804368e-03,1.307700e-03,7.601584e-03,6.351643e-04,1.222042e-03,3.702958e-02,6.244417e-02,9.107275e-02,1.931213e-02,7.643334e-03,3.271608e-01,3.271998e-01
7.566475e-02,3.935440e-03,2.494359e-03,2.701908e-03,9.762486e-04,5.606433e-03,4.674672e-04,8.885477e-04,2.673310e-02,9.036337e-02,1.040374e-01,1.403830e-02,5.763804e-03,4.205513e-01,2.457777e-01
5.380911e-02,2.900015e-03,1.778805e-03,1.916287e-03,7.999623e-04,4.066706e-03,3.501813e-04,6.528329e-04,2.039521e-02,1.246445e-01,1.319570e-01,1.025276e-02,4.342680e-03,4.523696e-01,1.897644e-01
3.787861e-02,2.388851e-03,1.262933e-03,1.381876e-03,1.913428e-03,3.027001e-03,2.798448e-04,5.485769e-04,5.851588e-02,1.659673e-01,2.399360e-01,7.847546e-03,3.410779e-03,3.319003e-01,1.437411e-01
2.672601e-02,7.249846e-03,9.169741e-04,1.165648e-03,2.875237e-03,4.321881e-03,2.967821e-04,4.727048e-04,1.754864e-01,2.180167e-01,1.875810e-01,5.926745e-03,3.207149e-03,2.412283e-01,1.245285e-01
1.968806e-02,1.822554e-02,3.314091e-03,1.222230e-02,1.361186e-02,1.389753e-02,4.452092e-04,3.616314e-03,3.145786e-01,1.869361e-01,1.376166e-01,4.561983e-03,3.535138e-03,1.713735e-01,9.637709e-02
1.676137e-02,3.170833e-02,4.353522e-03,1.905309e-02,2.878152e-02,5.206971e-02,1.059068e-03,5.149303e-03,3.950289e-01,1.439857e-01,9.786138e-02,3.235081e-03,2.669357e-03,1.211403e-01,7.714342e-02
1.420497e-02,3.536607e-02,5.171028e-03,1.804982e-02,5.928135e-02,9.160544e-02,9.246028e-04,6.152907e-03,4.357173e-01,1.042658e-01,6.969606e-02,2.277698e-03,1.994096e-03,8.533819e-02,6.995475e-02
1.805118e-02,2.681704e-02,8.750340e-03,8.387142e-02,8.755349e-02,8.394953e-02,1.151165e-03,4.740870e-02,4.050050e-01,7.370909e-02,5.015841e-02,1.651977e-03,1.600475e-03,5.992514e-02,5.039701e-02
1.495561e-02,2.289029e-02,9.974311e-03,1.840221e-01,6.815757e-02,8.313428e-02,8.517735e-04,3.409744e-02,3.977985e-01,5.613481e-02,4.449932e-02,1.248921e-03,1.521663e-03,4.202295e-02,3.869045e-02
1.170694e-02,1.840717e-02,1.098633e-02,1.600892e-01,5.202625e-02,6.153478e-02,7.018001e-04,3.161061e-02,3.471061e-01,4.740274e-02,1.448775e-01,9.249358e-03,3.878566e-02,3.093753e-02,3.457799e-02
9.284030e-03,1.396586e-02,8.376258e-03,1.140021e-01,3.814983e-02,4.551363e-02,6.579172e-04,2.328288e-02,2.830996e-01,3.758107e-02,2.660428e-01,1.094375e-02,6.209621e-02,4.299996e-02,4.400419e-02
9.933008e-03,1.047996e-02,7.295821e-03,8.118150e-02,3.127620e-02,3.967556e-02,1.218956e-03,2.820754e-02,2.276580e-01,2.838481e-02,3.378181e-01,1.287114e-02,9.475152e-02,3.700160e-02,5.224638e-02
8.953640e-03,7.920524e-03,7.123696e-03,5.914981e-02,2.495359e-02,2.876217e-02,1.228054e-03,2.333573e-02,1.938744e-01,2.519693e-02,4.407930e-01,1.929972e-02,7.265654e-02,3.953575e-02,4.721646e-02
1.011774e-02,6.888831e-03,8.540126e-03,4.403084e-02,1.977756e-02,2.255544e-02,1.276120e-03,1.894766e-02,1.477669e-01,1.968008e-02,4.347522e-01,2.369247e-02,5.817755e-02,1.476030e-01,3.619349e-02
1.911750e-02,8.100076e-03,7.186521e-03,3.411274e-02,1.526197e-02,1.838643e-02,1.309775e-03,1.609752e-02,1.088852e-01,1.610609e-02,3.893642e-01,2.990046e-02,4.201008e-02,2.677067e-01,2.645467e-02
1.772178e-02,1.243482e-02,5.824681e-03,2.683740e-02,1.123266e-02,1.517431e-02,1.108770e-03,1.280253e-02,9.510633e-02,1.269647e-02,3.324399e-01,2.318571e-02,2.990572e-02,3.836158e-01,1.991309e-02
2.221149e-02,1.204855e-02,4.464279e-03,1.993841e-02,7.965165e-03,1.257555e-02,8.654502e-04,9.679833e-03,7.317651e-02,1.113446e-02,2.678039e-01,1.755963e-02,2.141573e-02,5.042313e-01,1.492968e-02
1.916270e-02,1.323637e-02,3.803264e-03,1.494106e-02,5.700961e-03,1.046727e-02,6.631005e-04,7.406218e-03,6.835279e-02,9.635578e-03,2.417268e-01,1.324235e-02,1.555525e-02,5.633426e-01,1.276373e-02
2.036804e-02,1.850675e-02,3.538550e-03,1.230119e-02,4.141511e-03,1.292615e-02,5.917296e-04,6.217810e-03,1.025277e-01,9.405522e-03,2.135090e-01,1.059139e-02,1.175331e-02,5.625052e-01,1.111613e-02
1.512350e-02,1.528209e-02,3.624123e-03,1.151157e-02,5.772847e-03,1.979652e-02,6.695233e-04,5.943774e-03,1.736705e-01,1.071613e-02,2.796577e-01,1.097863e-02,1.460915e-02,4.236691e-01,8.974898e-03
1.105771e-02,1.240845e-02,2.745694e-03,8.929824e-03,5.569235e-03,2.142077e-02,8.391833e-04,4.921845e-03,2.269868e-01,1.141009e-02,3.496890e-01,9.784784e-03,1.658349e-02,3.104124e-01,7.240767e-03
1.056702e-02,2.053482e-02,2.796901e-03,9.109084e-03,5.347680e-03,2.403901e-02,1.077685e-03,6.127905e-03,3.870296e-01,1.326792e-02,2.693824e-01,7.597970e-03,1.371372e-02,2.235125e-01,5.895820e-03
9.363382e-03,2.133436e-02,5.353801e-03,1.142325e-02,1.178770e-02,2.679562e-02,2.483272e-03,2.122699e-02,4.934120e-01,1.292791e-02,2.011197e-01,5.736355e-03,1.189778e-02,1.604782e-01,4.659682e-03
1.278192e-02,2.712896e-02,5.631737e-03,1.007683e-02,1.468605e-02,4.167093e-02,3.281093e-03,2.314628e-02,5.547189e-01,1.404302e-02,1.591202e-01,4.344489e-03,9.618316e-03,1.160699e-01,3.681401e-03
2.440286e-02,3.087886e-02,9.586172e-03,8.702183e-03,3.054259e-02,3.327156e-02,2.373635e-02,1.172129e-01,4.891201e-01,1.341527e-02,1.209381e-01,3.558303e-03,7.971755e-03,8.363286e-02,3.030153e-03
4.335169e-02,2.465313e-02,1.305891e-02,6.602261e-03,3.430559e-02,2.691401e-02,1.424198e-01,1.798644e-01,3.594546e-01,1.108363e-02,8.650193e-02,3.090132e-03,6.401010e-03,5.976909e-02,2.529837e-03
4.198601e-02,1.842541e-02,1.280188e-02,5.282032e-03,3.088825e-02,2.074997e-02,1.575990e-01,3.294718e-01,2.610117e-01,8.885724e-03,6.155497e-02,2.316914e-03,4.741476e-03,4.239474e-02,1.890128e-03
3.367294e-02,1.426568e-02,1.140986e-02,3.974550e-03,2.321571e-02,1.519522e-02,3.534992e-01,2.667131e-01,1.909867e-01,6.858337e-03,4.329770e-02,1.771558e-03,3.550740e-03,3.020245e-02,1.386320e-03
3.482023e-02,1.480967e-02,1.317586e-02,3.793558e-03,1.986856e-02,1.273688e-02,4.062961e-01,2.687931e-01,1.551333e-01,1.000423e-02,3.205749e-02,1.751308e-03,2.959825e-03,2.270027e-02,1.099632e-03
4.342410e-02,1.260334e-02,1.197990e-02,3.362939e-03,1.724169e-02,1.055551e-02,4.429718e-01,2.630570e-01,1.401933e-01,8.942181e-03,2.326460e-02,1.799768e-03,3.209678e-03,1.638189e-02,1.012327e-03
6.046771e-02,1.092761e-02,1.127694e-02,3.171809e-03,1.370294e-02,8.391756e-03,4.339668e-01,2.805350e-01,1.338411e-01,8.706495e-03,1.699257e-02,2.011843e-03,2.770950e-03,1.186625e-02,1.370179e-03
7.578928e-02,8.795065e-03,1.010591e-02,2.598429e-03,1.226781e-02,6.629057e-03,3.761853e-01,3.410710e-01,1.319112e-01,8.182718e-03,1.228757e-02,1.912896e-03,2.200914e-03,8.739059e-03,1.323844e-03
9.478240e-02,6.773030e-03,9.268750e-03,2.243553e-03,1.254710e-02,6.189713e-03,3.224072e-01,4.074836e-01,1.088202e-01,8.163920e-03,8.917637e-03,2.181620e-03,2.281809e-03,6.611626e-03,1.327892e-03
1.191640e-01,5.192011e-03,8.755250e-03,2.028151e-03,1.722106e-02,5.705262e-03,2.425345e-01,4.787186e-01,9.514553e-02,8.068403e-03,6.637617e-03,2.465397e-03,2.099247e-03,5.000997e-03,1.263949e-03
