1.000000e+00,0.000000e+00,0.000000e+00,0.000000e+00,0.000000e+00,0.000000e+00,0.000000e+00,0.000000e+00,0.000000e+00,0.000000e+00,0.000000e+00,0.000000e+00,0.000000e+00,0.000000e+00,0.000000e+00
1.000000e+00,0.000000e+00,0.000000e+00,0.000000e+00,0.000000e+00,0.000000e+00,0.000000e+00,0.000000e+00,0.000000e+00,0.000000e+00,0.000000e+00,0.000000e+00,0.000000e+00,0.000000e+00,0.000000e+00
1.000000e+00,0.000000e+00,0.000000e+00,0.000000e+00,0.000000e+00,0.000000e+00,0.000000e+00,0.000000e+00,0.000000e+00,0.000000e+00,0.000000e+00,0.000000e+00,0.000000e+00,0.000000e+00,0.000000e+00
1.000000e+00,0.000000e+00,0.000000e+00,0.000000e+00,0.000000e+00,0.000000e+00,0.000000e+00,0.000000e+00,0.000000e+00,0.000000e+00,0.000000e+00,0.000000e+00,0.000000e+00,0.000000e+00,0.000000e+00
1.000000e+00,0.000000e+00,0.000000e+00,0.000000e+00,0.000000e+00,0.000000e+00,0.000000e+00,0.000000e+00,0.000000e+00,0.000000e+00,0.000000e+00,0.000000e+00,0.000000e+00,0.000000e+00,0.000000e+00
1.000000e+00,0.000000e+00,0.000000e+00,0.000000e+00,0.000000e+00,0.000000e+00,0.000000e+00,0.000000e+00,0.000000e+00,0.000000e+00,0.000000e+00,0.000000e+00,0.000000e+00,0.000000e+00,0.000000e+00
1.000000e+00,0.000000e+00,0.000000e+00,0.000000e+00,0.000000e+00,0.000000e+00,0.000000e+00,0.000000e+00,0.000000e+00,0.000000e+00,0.000000e+00,0.000000e+00,0.000000e+00,0.000000e+00,0.000000e+00
1.000000e+00,0.000000e+00,0.000000e+00,0.000000e+00,0.000000e+00,0.000000e+00,0.000000e+00,0.000000e+00,0.000000e+00,0.000000e+00,0.000000e+00,0.000000e+00,0.000000e+00,0.000000e+00,0.000000e+00
1.000000e+00,0.000000e+00,0.000000e+00,0.000000e+00,0.000000e+00,0.000000e+00,0.000000e+00,0.000000e+00,0.000000e+00,0.000000e+00,0.000000e+00,0.000000e+00,0.000000e+00,0.000000e+00,0.000000e+00
1.000000e+00,0.000000e+00,0.000000e+00,0.000000e+00,0.000000e+00,0.000000e+00,0.000000e+00,0.000000e+00,0.000000e+00,0.000000e+00,0.000000e+00,0.000000e+00,0.000000e+00,0.000000e+00,0.000000e+00
1.000000e+00,0.000000e+00,0.000000e+00,0.000000e+00,0.000000e+00,0.000000e+00,0.000000e+00,0.000000e+00,0.000000e+00,0.000000e+00,0.000000e+00,0.000000e+00,0.000000e+00,0.000000e+00,0.000000e+00
1.000000e+00,0.000000e+00,0.000000e+00,0.000000e+00,0.000000e+00,0.000000e+00,0.000000e+00,0.000000e+00,0.000000e+00,0.000000e+00,0.000000e+00,0.000000e+00,0.000000e+00,0.000000e+00,0.000000e+00
1.000000e+00,0.000000e+00,0.000000e+00,0.000000e+00,0.000000e+00,0.000000e+00,0.000000e+00,0.000000e+00,0.000000e+00,0.000000e+00,0.000000e+00,0.000000e+00,0.000000e+00,0.000000e+00,0.000000e+00
1.000000e+00,0.000000e+00,0.000000e+00,0.000000e+00,0.000000e+00,0.000000e+00,0.000000e+00,0.000000e+00,0.000000e+00,0.000000e+00,0.000000e+00,0.000000e+00,0.000000e+00,0.000000e+00,0.000000e+00
1.000000e+00,0.000000e+00,0.000000e+00,0.000000e+00,0.000000e+00,0.000000e+00,0.000000e+00,0.000000e+00,0.000000e+00,0.000000e+00,0.000000e+00,0.000000e+00,0.000000e+00,0.000000e+00,0.000000e+00
1.000000e+00,0.000000e+00,0.000000e+00,0.000000e+00,0.000000e+00,0.000000e+00,0.000000e+00,0.000000e+00,0.000000e+00,0.000000e+00,0.000000e+00,0.000000e+00,0.000000e+00,0.000000e+00,0.000000e+00
1.000000e+00,0.000000e+00,0.000000e+00,0.000000e+00,0.000000e+00,0.000000e+00,0.000000e+00,0.000000e+00,0.000000e+00,0.000000e+00,0.000000e+00,0.000000e+00,0.000000e+00,0.000000e+00,0.000000e+00
1.000000e+00,0.000000e+00,0.000000e+00,0.000000e+00,0.000000e+00,0.000000e+00,0.000000e+00,0.000000e+00,0.000000e+00,0.000000e+00,0.000000e+00,0.000000e+00,0.000000e+00,0.000000e+00,0.000000e+00
1.000000e+00,0.000000e+00,0.000000e+00,0.000000e+00,0.000000e+00,0.000000e+00,0.000000e+00,0.000000e+00,0.000000e+00,0.000000e+00,0.000000e+00,0.000000e+00,0.000000e+00,0.000000e+00,0.000000e+00
1.000000e+00,0.000000e+00,0.000000e+00,0.000000e+00,0.000000e+00,0.000000e+00,0.000000e+00,0.000000e+00,0.000000e+00,0.000000e+00,0.000000e+00,0.000000e+00,0.000000e+00,0.000000e+00,0.000000e+00
1.000000e+00,0.000000e+00,0.000000e+00,0.000000e+00,0.000000e+00,0.000000e+00,0.000000e+00,0.000000e+00,0.000000e+00,0.000000e+00,0.000000e+00,0.000000e+00,0.000000e+00,0.000000e+00,0.000000e+00
1.000000e+00,0.000000e+00,0.000000e+00,0.000000e+00,0.000000e+00,0.000000e+00,0.000000e+00,0.000000e+00,0.000000e+00,0.000000e+00,0.000000e+00,0.000000e+00,0.000000e+00,0.000000e+00,0.000000e+00
1.000000e+00,0.000000e+00,0.000000e+00,0.000000e+00,0.000000e+00,0.000000e+00,0.000000e+00,0.000000e+00,0.000000e+00,0.000000e+00,0.000000e+00,0.000000e+00,0.000000e+00,0.000000e+00,0.000000e+00
1.000000e+00,0.000000e+00,0.000000e+00,0.000000e+00,0.000000e+00,0.000000e+00,0.000000e+00,0.000000e+00,0.000000e+00,0.000000e+00,0.000000e+00,0.000000e+00,0.000000e+00,0.000000e+00,0.000000e+00
1.000000e+00,0.000000e+00,0.000000e+00,0.000000e+00,0.000000e+00,0.000000e+00,0.000000e+00,0.000000e+00,0.000000e+00,0.000000e+00,0.000000e+00,0.000000e+00,0.000000e+00,0.000000e+00,0.000000e+00
1.000000e+00,0.000000e+00,0.000000e+00,0.000000e+00,0.000000e+00,0.000000e+00,0.000000e+00,0.000000e+00,0.000000e+00,0.000000e+00,0.000000e+00,0.000000e+00,0.000000e+00,0.000000e+00,0.000000e+00
1.000000e+00,0.000000e+00,0.000000e+00,0.000000e+00,0.000000e+00,0.000000e+00,0.000000e+00,0.000000e+00,0.000000e+00,0.000000e+00,0.000000e+00,0.000000e+00,0.000000e+00,0.000000e+00,0.000000e+00
1.000000e+00,0.000000e+00,0.000000e+00,0.000000e+00,0.000000e+00,0.000000e+00,0.000000e+00,0.000000e+00,0.000000e+00,0.000000e+00,0.000000e+00,0.000000e+00,0.000000e+00,0.000000e+00,0.000000e+00
1.000000e+00,0.000000e+00,0.000000e+00,0.000000e+00,0.000000e+00,0.000000e+00,0.000000e+00,0.000000e+00,0.000000e+00,0.000000e+00,0.000000e+00,0.000000e+00,0.000000e+00,0.000000e+00,0.000000e+00
1.000000e+00,0.000000e+00,0.000000e+00,0.000000e+00,0.000000e+00,0.000000e+00,0.000000e+00,0.000000e+00,0.000000e+00,0.000000e+00,0.000000e+00,0.000000e+00,0.000000e+00,0.000000e+00,0.000000e+00
1.000000e+00,0.000000e+00,0.000000e+00,0.000000e+00,0.000000e+00,0.000000e+00,0.000000e+00,0.000000e+00,0.000000e+00,0.000000e+00,0.000000e+00,0.000000e+00,0.000000e+00,0.000000e+00,0.000000e+00
1.000000e+00,0.000000e+00,0.000000e+00,0.000000e+00,0.000000e+00,0.000000e+00,0.000000e+00,0.000000e+00,0.000000e+00,0.000000e+00,0.000000e+00,0.000000e+00,0.000000e+00,0.000000e+00,0.000000e+00
1.000000e+00,0.000000e+00,0.000000e+00,0.000000e+00,0.000000e+00,0.000000e+00,0.000000e+00,0.000000e+00,0.000000e+00,0.000000e+00,0.000000e+00,0.000000e+00,0.000000e+00,0.000000e+00,0.000000e+00
1.000000e+00,0.000000e+00,0.000000e+00,0.000000e+00,0.000000e+00,0.000000e+00,0.000000e+00,0.000000e+00,0.000000e+00,0.000000e+00,0.000000e+00,0.000000e+00,0.000000e+00,0.000000e+00,0.000000e+00
1.000000e+00,0.000000e+00,0.000000e+00,0.000000e+00,0.000000e+00,0.000000e+00,0.000000e+00,0.000000e+00,0.000000e+00,0.000000e+00,0.000000e+00,0.000000e+00,0.000000e+00,0.000000e+00,0.000000e+00
1.000000e+00,0.000000e+00,0.000000e+00,0.000000e+00,0.000000e+00,0.000000e+00,0.000000e+00,0.000000e+00,0.000000e+00,0.000000e+00,0.000000e+00,0.000000e+00,0.000000e+00,0.000000e+00,0.000000e+00
1.000000e+00,0.000000e+00,0.000000e+00,0.000000e+00,0.000000e+00,0.000000e+00,0.000000e+00,0.000000e+00,0.000000e+00,0.000000e+00,0.000000e+00,0.000000e+00,0.000000e+00,0.000000e+00,0.000000e+00
1.000000e+00,0.000000e+00,0.000000e+00,0.000000e+00,0.000000e+00,0.000000e+00,0.000000e+00,0.000000e+00,0.000000e+00,0.000000e+00,0.000000e+00,0.000000e+00,0.000000e+00,0.000000e+00,0.000000e+00
1.000000e+00,0.000000e+00,0.000000e+00,0.000000e+00,0.000000e+00,0.000000e+00,0.000000e+00,0.000000e+00,0.000000e+00,0.000000e+00,0.000000e+00,0.000000e+00,0.000000e+00,0.000000e+00,0.000000e+00
1.000000e+00,0.000000e+00,0.000000e+00,0.000000e+00,0.000000e+00,0.000000e+00,0.000000e+00,0.000000e+00,0.000000e+00,0.000000e+00,0.000000e+00,0.000000e+00,0.000000e+00,0.000000e+00,0.000000e+00
1.000000e+00,0.000000e+00,0.000000e+00,0.000000e+00,0.000000e+00,0.000000e+00,0.000000e+00,0.000000e+00,0.000000e+00,0.000000e+00,0.000000e+00,0.000000e+00,0.000000e+00,0.000000e+00,0.000000e+00
1.000000e+00,0.000000e+00,0.000000e+00,0.000000e+00,0.000000e+00,0.000000e+00,0.000000e+00,0.000000e+00,0.000000e+00,0.000000e+00,0.000000e+00,0.000000e+00,0.000000e+00,0.000000e+00,0.000000e+00
1.000000e+00,0.000000e+00,0.000000e+00,0.000000e+00,0.000000e+00,0.000000e+00,0.000000e+00,0.000000e+00,0.000000e+00,0.000000e+00,0.000000e+00,0.000000e+00,0.000000e+00,0.000000e+00,0.000000e+00
1.000000e+00,0.000000e+00,0.000000e+00,0.000000e+00,0.000000e+00,0.000000e+00,0.000000e+00,0.000000e+00,0.000000e+00,0.000000e+00,0.000000e+00,0.000000e+00,0.000000e+00,0.000000e+00,0.000000e+00
1.000000e+00,0.000000e+00,0.000000e+00,0.000000e+00,0.000000e+00,0.000000e+00,0.000000e+00,0.000000e+00,0.000000e+00,0.000000e+00,0.000000e+00,0.000000e+00,0.000000e+00,0.000000e+00,0.000000e+00
4.942222e-01,9.438703e-03,4.987686e-02,7.116290e-02,4.423903e-03,1.231035e-02,3.203512e-03,2.829082e-01,3.416699e-03,1.532015e-03,1.222508e-02,2.750023e-02,1.458445e-02,3.703137e-03,9.491633e-03
3.690662e-01,6.893534e-03,3.893308e-02,5.352053e-02,3.515393e-03,9.903267e-03,2.924756e-03,4.614530e-01,2.492524e-03,1.155649e-03,8.867793e-03,2.009843e-02,1.134280e-02,2.798527e-03,7.034453e-03
3.235188e-01,5.265704e-03,2.981828e-02,3.832170e-02,3.650696e-03,8.057464e-03,3.026777e-03,5.476481e-01,1.992797e-03,1.011898e-03,6.656965e-03,1.468341e-02,8.958481e-03,2.058347e-03,5.330464e-03
3.089091e-01,4.349801e-03,2.240988e-02,2.799031e-02,3.277559e-03,7.495042e-03,4.077612e-03,5.882366e-01,1.617670e-03,8.897833e-04,5.077789e-03,1.153730e-02,7.852215e-03,1.591851e-03,4.687413e-03
2.637799e-01,4.215235e-03,1.944694e-02,2.306160e-02,4.079956e-03,7.208743e-03,4.781483e-03,6.394131e-01,1.651698e-03,8.695184e-04,4.692620e-03,1.253823e-02,7.895425e-03,1.894582e-03,4.470960e-03
2.127748e-01,3.572485e-03,1.458215e-02,1.672898e-02,5.436002e-03,5.829720e-03,4.636987e-03,7.082487e-01,1.285620e-03,8.312956e-04,3.583997e-03,1.026562e-02,7.138927e-03,1.454525e-03,3.630144e-03
1.792524e-01,3.042543e-03,1.066893e-02,1.255162e-02,1.288453e-02,5.317207e-03,3.503213e-03,7.503572e-01,1.122249e-03,7.645070e-04,2.793589e-03,7.913826e-03,6.018328e-03,1.075664e-03,2.734268e-03
2.663432e-01,3.087968e-03,8.484187e-03,1.186819e-02,1.466387e-02,6.334166e-03,3.329908e-03,6.550078e-01,1.426971e-03,7.827663e-04,3.050795e-03,1.319308e-02,7.876915e-03,1.069638e-03,3.480519e-03
3.296354e-01,2.961582e-03,6.924976e-03,1.147435e-02,1.503700e-02,7.692975e-03,3.370489e-03,5.825814e-01,1.463221e-03,8.330522e-04,3.857687e-03,1.913110e-02,9.199226e-03,1.151516e-03,4.686013e-03
3.668430e-01,3.028982e-03,6.305923e-03,1.135982e-02,1.739871e-02,8.224975e-03,3.420441e-03,5.357240e-01,1.441363e-03,9.505622e-04,4.847541e-03,2.376447e-02,9.786484e-03,1.367733e-03,5.535872e-03
3.233553e-01,2.487844e-03,5.573011e-03,8.745825e-03,1.415041e-02,7.558257e-03,4.164725e-03,5.918445e-01,1.179649e-03,7.913020e-04,3.947555e-03,2.122511e-02,8.720040e-03,1.166990e-03,5.089428e-03
3.243599e-01,2.027058e-03,4.739135e-03,6.598820e-03,1.462619e-02,6.154107e-03,3.826119e-03,6.029755e-01,1.110028e-03,8.049379e-04,3.129161e-03,1.738016e-02,7.256642e-03,9.018876e-04,4.110326e-03
3.879985e-01,2.302193e-03,4.978664e-03,6.733668e-03,1.331474e-02,8.012759e-03,4.714616e-03,5.303810e-01,1.423714e-03,9.189863e-04,3.490337e-03,2.026855e-02,8.550045e-03,1.215062e-03,5.697180e-03
3.964174e-01,2.239870e-03,5.318036e-03,6.449891e-03,1.109180e-02,1.071235e-02,6.355860e-03,5.160054e-01,1.372806e-03,9.152650e-04,3.796790e-03,2.177931e-02,9.288312e-03,1.303262e-03,6.953573e-03
4.188571e-01,1.780588e-03,4.547929e-03,5.062141e-03,9.630664e-03,1.077108e-02,6.248571e-03,5.036087e-01,1.218849e-03,9.124101e-04,3.078885e-03,1.942601e-02,8.142550e-03,1.077581e-03,5.636918e-03
4.241022e-01,1.402501e-03,3.872341e-03,3.959467e-03,8.734651e-03,1.086144e-02,6.498737e-03,5.047699e-01,1.054662e-03,9.592397e-04,2.587463e-03,1.789079e-02,7.417008e-03,9.368700e-04,4.952705e-03
4.246409e-01,1.151385e-03,2.987440e-03,3.456416e-03,6.894742e-03,8.094280e-03,4.790687e-03,4.934405e-01,1.092436e-03,1.049442e-03,4.231774e-03,1.885788e-02,2.418215e-02,1.227077e-03,3.902855e-03
4.385352e-01,1.241393e-03,2.359223e-03,3.700551e-03,6.851013e-03,7.212365e-03,3.854514e-03,4.233808e-01,2.409202e-03,1.013569e-03,5.616948e-03,2.155140e-02,7.732357e-02,1.583859e-03,3.366294e-03
4.243690e-01,1.237464e-03,1.860359e-03,3.169214e-03,8.456650e-03,6.030473e-03,3.155652e-03,3.357562e-01,3.378270e-03,9.409087e-04,7.576865e-03,2.089272e-02,1.779079e-01,1.669970e-03,3.598330e-03
3.295776e-01,1.353493e-03,1.559403e-03,3.927059e-03,9.617726e-03,4.870742e-03,2.663438e-03,2.465097e-01,2.080160e-02,1.022548e-03,7.726833e-03,2.997529e-02,3.351162e-01,2.195625e-03,3.082741e-03
2.347122e-01,1.018286e-03,1.164935e-03,2.921632e-03,7.600673e-03,3.646204e-03,1.978701e-03,1.736313e-01,1.885771e-02,8.813497e-04,7.578354e-03,4.839202e-02,4.931897e-01,1.707065e-03,2.719895e-03
1.674390e-01,7.602018e-04,8.526284e-04,2.128143e-03,5.890442e-03,2.652728e-03,1.439133e-03,1.224677e-01,1.568974e-02,8.323421e-04,7.019672e-03,7.942064e-02,5.895817e-01,1.362311e-03,2.463579e-03
1.191528e-01,7.027134e-04,8.502237e-04,1.611707e-03,5.842148e-03,1.960270e-03,1.302716e-03,8.630086e-02,1.389304e-02,1.813279e-03,5.935733e-03,1.124823e-01,6.435617e-01,1.404748e-03,3.185724e-03
8.450023e-02,5.909991e-04,6.785176e-04,1.283666e-03,6.847035e-03,1.558492e-03,1.026147e-03,6.079059e-02,1.599476e-02,2.603291e-03,5.904905e-03,1.914999e-01,6.222022e-01,1.237232e-03,3.281977e-03
5.928433e-02,5.484482e-04,8.573177e-04,9.461015e-04,1.041495e-02,1.261386e-03,9.373921e-04,4.278575e-02,1.496417e-02,2.574674e-03,5.117425e-03,2.746979e-01,5.819465e-01,1.049809e-03,2.613829e-03
4.158394e-02,4.361447e-04,8.162893e-04,6.748634e-04,1.327619e-02,1.029654e-03,8.131439e-04,3.014458e-02,1.196296e-02,2.356520e-03,3.986782e-03,4.216341e-01,4.683867e-01,9.621777e-04,1.935945e-03
2.920420e-02,6.173529e-04,9.015667e-04,4.823532e-04,3.434928e-02,7.728292e-04,6.307800e-04,2.137252e-02,2.898065e-02,2.193023e-03,3.424782e-03,5.184965e-01,3.563758e-01,7.967797e-04,1.401589e-03
2.056041e-02,1.751920e-03,4.055626e-03,3.679879e-04,9.909286e-02,7.446944e-04,7.744672e-04,1.667294e-02,1.377206e-01,2.051962e-03,3.094672e-03,4.477566e-01,2.636088e-01,6.747575e-04,1.071701e-03
1.465346e-02,2.229212e-03,1.666260e-02,3.652045e-04,1.058522e-01,8.935255e-04,8.868517e-04,2.335823e-02,2.620202e-01,1.661579e-03,2.935174e-03,3.648321e-01,2.023551e-01,4.994339e-04,7.950643e-04
1.163622e-02,4.055113e-03,3.711857e-02,5.835826e-04,8.456355e-02,1.746285e-03,8.019845e-04,3.836201e-02,4.049801e-01,2.349547e-03,2.634340e-03,2.652397e-01,1.445916e-01,4.697595e-04,8.676669e-04
8.871391e-03,8.675995e-03,3.911106e-02,1.403597e-03,6.356759e-02,4.466886e-03,6.043570e-04,3.733150e-02,5.379449e-01,4.813845e-03,2.291085e-03,1.872652e-01,1.018757e-01,4.430853e-04,1.333809e-03
7.325720e-03,1.264329e-02,3.691586e-02,2.194718e-03,4.860350e-02,6.181851e-03,5.019549e-04,3.446701e-02,6.387447e-01,4.502814e-03,2.090974e-03,1.317927e-01,7.189314e-02,5.920873e-04,1.549626e-03
6.968658e-03,1.639256e-02,3.258330e-02,4.336283e-03,5.175790e-02,1.315998e-02,6.488157e-04,3.270787e-02,6.893961e-01,4.231423e-03,1.784254e-03,9.258667e-02,5.073787e-02,7.488534e-04,1.959434e-03
9.719299e-03,2.728443e-02,2.712646e-02,1.213639e-02,5.529474e-02,1.714365e-02,8.179467e-04,3.101943e-02,7.041020e-01,7.372993e-03,1.649878e-03,6.507049e-02,3.622299e-02,6.912262e-04,4.347985e-03
1.122016e-02,3.652114e-02,2.003238e-02,1.116750e-02,6.949178e-02,2.077388e-02,8.935239e-04,3.087823e-02,7.125552e-01,7.726568e-03,1.269101e-03,4.563385e-02,2.601639e-02,6.085554e-04,5.211667e-03
1.407023e-02,4.614384e-02,1.618623e-02,1.832097e-02,7.936736e-02,1.666244e-02,9.728801e-04,5.574149e-02,6.756965e-01,9.458538e-03,1.085539e-03,3.203638e-02,2.528758e-02,4.899110e-04,8.480107e-03
1.564070e-02,6.541406e-02,1.274722e-02,1.981104e-02,8.982432e-02,1.338905e-02,1.259066e-03,6.721378e-02,6.514174e-01,9.018231e-03,9.029375e-04,2.250203e-02,2.225123e-02,3.980113e-04,8.210895e-03
1.277484e-02,6.380577e-02,2.202380e-02,1.572650e-01,6.495850e-02,1.013387e-02,1.028364e-03,5.333640e-02,5.321483e-01,1.960926e-02,6.349340e-03,1.665878e-02,2.347377e-02,3.186848e-04,1.611532e-02
9.349870e-03,4.871424e-02,2.024894e-02,2.505279e-01,4.589925e-02,7.246662e-03,7.863676e-04,3.967319e-02,4.458480e-01,2.243556e-02,4.305936e-02,1.287301e-02,3.303525e-02,6.337785e-04,1.966868e-02
6.752401e-03,3.704247e-02,2.161116e-02,2.811008e-01,3.307011e-02,5.233924e-03,7.110463e-04,2.871866e-02,3.897975e-01,2.124203e-02,7.604466e-02,4.133208e-02,3.049178e-02,4.240639e-03,2.261073e-02
4.953913e-03,2.694492e-02,1.639020e-02,2.216128e-01,2.432259e-02,3.772332e-03,6.211472e-04,2.060824e-02,3.019319e-01,2.822071e-02,1.497437e-01,1.079515e-01,3.175611e-02,3.912082e-02,2.204913e-02
3.661213e-03,1.919376e-02,1.277502e-02,1.649670e-01,1.787809e-02,2.809259e-03,5.189789e-04,1.463281e-02,2.329248e-01,3.742202e-02,1.742745e-01,2.214542e-01,3.290700e-02,4.158392e-02,2.299739e-02
2.673887e-03,1.356167e-02,9.166115e-03,1.172567e-01,1.420940e-02,2.057698e-03,4.163952e-04,1.027756e-02,1.664305e-01,3.909520e-02,1.386521e-01,3.993115e-01,3.531251e-02,3.436710e-02,1.721165e-02
2.067804e-03,9.638947e-03,6.549675e-03,8.255265e-02,1.101505e-02,1.573077e-03,3.581761e-04,7.221347e-03,1.203840e-01,4.217122e-02,1.107136e-01,5.322495e-01,3.088866e-02,3.003418e-02,1.258217e-02
1.659762e-03,6.787506e-03,4.625833e-03,5.787462e-02,9.271546e-03,1.191313e-03,3.030209e-04,5.120789e-03,8.750418e-02,3.863388e-02,1.193431e-01,6.061243e-01,2.487807e-02,2.755615e-02,9.125868e-03
1.356706e-03,4.803201e-03,3.452068e-03,4.056727e-02,9.328672e-03,9.062201e-04,3.073866e-04,3.744102e-03,6.257825e-02,5.699997e-02,1.161200e-01,6.427019e-01,2.172326e-02,2.857688e-02,6.834086e-03
1.314590e-03,3.498759e-03,3.029294e-03,2.849456e-02,1.002947e-02,7.418175e-04,3.447242e-04,3.359533e-03,4.617406e-02,7.513585e-02,1.406128e-01,6.257646e-01,2.117880e-02,3.511946e-02,5.201610e-03
1.105929e-03,2.684125e-03,4.632284e-03,2.018495e-02,1.541905e-02,7.952736e-04,2.811363e-04,3.523506e-03,5.496986e-02,5.552246e-02,1.670189e-01,5.931029e-01,3.327294e-02,4.247771e-02,5.008969e-03
1.334449e-03,2.081680e-03,4.573565e-03,1.459788e-02,2.770047e-02,1.582918e-03,2.547723e-04,6.526805e-03,6.985418e-02,4.207890e-02,1.616145e-01,5.703864e-01,5.208141e-02,3.841837e-02,6.913705e-03
1.824145e-02,9.480288e-03,3.091834e-02,1.281903e-02,4.385756e-02,7.100448e-03,7.838701e-04,2.088209e-02,9.492838e-02,3.265717e-02,1.441304e-01,4.854489e-01,4.388912e-02,4.831351e-02,6.549405e-03
4.799011e-02,1.001236e-02,4.138247e-02,1.243902e-02,4.841400e-02,1.056338e-02,1.366895e-03,2.990088e-02,1.051378e-01,2.943150e-02,1.321003e-01,4.362932e-01,3.469677e-02,5.208922e-02,8.182086e-03
7.091880e-02,2.035622e-02,3.906770e-02,1.050506e-02,4.413509e-02,2.010022e-02,2.892812e-03,3.750037e-02,1.805921e-01,2.419110e-02,1.192489e-01,3.398126e-01,2.621363e-02,5.603269e-02,8.432649e-03
5.525333e-02,2.814931e-02,3.577089e-02,8.379759e-03,3.623068e-02,2.157565e-02,2.461639e-03,3.413580e-02,3.487426e-01,2.531930e-02,9.006319e-02,2.393115e-01,1.934713e-02,4.796012e-02,7.299004e-03
5.257377e-02,2.627785e-02,5.889071e-02,1.026793e-02,4.820218e-02,5.683620e-02,4.385260e-03,3.829465e-02,3.698693e-01,2.332368e-02,7.273460e-02,1.684962e-01,1.557288e-02,4.846633e-02,5.808452e-03
6.983276e-02,3.325449e-02,1.032126e-01,1.430565e-02,5.795667e-02,5.068512e-02,7.159884e-03,4.752441e-02,3.035050e-01,6.333708e-02,5.528408e-02,1.188279e-01,1.281078e-02,4.859553e-02,1.370810e-02
8.237052e-02,3.008072e-02,1.214793e-01,2.199348e-02,7.325713e-02,4.232372e-02,1.021065e-02,5.855759e-02,2.697960e-01,1.036250e-01,4.107319e-02,8.382197e-02,9.792232e-03,3.576770e-02,1.585080e-02
9.666824e-02,3.659268e-02,9.755210e-02,2.066350e-02,9.946189e-02,3.730404e-02,1.014829e-02,5.875483e-02,2.790812e-01,1.168386e-01,3.139737e-02,5.977569e-02,7.686550e-03,2.775275e-02,2.032229e-02
8.497255e-02,3.408729e-02,7.452611e-02,3.375764e-02,1.795731e-01,2.929495e-02,1.509256e-02,9.359390e-02,2.580731e-01,9.062237e-02,2.305035e-02,4.238680e-02,5.822892e-03,2.018289e-02,1.496353e-02
9.676655e-02,5.601681e-02,6.406409e-02,3.731608e-02,2.043734e-01,2.574752e-02,1.354751e-02,8.737729e-02,2.479072e-01,8.352921e-02,1.889093e-02,3.237180e-02,4.914214e-03,1.560392e-02,1.157357e-02
1.141800e-01,7.991146e-02,4.997581e-02,3.986129e-02,2.074826e-01,5.935201e-02,1.142929e-02,7.953692e-02,2.137350e-01,6.245645e-02,2.440045e-02,3.003610e-02,5.080325e-03,1.171574e-02,1.084659e-02
9.996589e-02,5.682496e-02,4.067753e-02,2.956039e-02,2.948430e-01,1.021933e-01,1.229820e-02,1.043529e-01,1.510033e-01,4.938471e-02,1.744893e-02,2.138285e-02,3.804180e-03,8.317598e-03,7.942294e-03
8.341640e-02,4.030684e-02,3.244077e-02,2.205581e-02,4.080607e-01,1.085855e-01,1.237807e-02,8.110367e-02,1.063757e-01,5.834884e-02,1.541093e-02,1.561334e-02,3.395701e-03,6.200007e-03,6.307742e-03
6.358215e-02,2.853521e-02,2.336651e-02,1.702511e-02,2.929044e-01,8.271974e-02,1.028359e-02,5.734763e-02,7.886142e-02,2.761285e-01,3.860549e-02,1.194222e-02,5.149689e-03,4.667504e-03,8.880833e-03
4.513841e-02,2.003627e-02,1.640574e-02,1.197475e-02,2.055949e-01,5.852967e-02,7.523350e-03,4.017456e-02,5.611371e-02,4.830090e-01,2.957920e-02,8.452197e-03,4.065445e-03,3.413042e-03,9.989823e-03
3.165644e-02,1.403893e-02,1.149300e-02,8.388299e-03,1.439411e-01,4.101320e-02,5.269147e-03,2.812308e-02,3.944487e-02,6.336712e-01,2.101055e-02,5.936037e-03,2.945866e-03,2.510746e-03,1.055766e-02
2.293425e-02,9.853669e-03,8.056307e-03,5.880391e-03,1.008075e-01,2.877893e-02,3.697306e-03,1.969027e-02,2.795882e-02,6.706968e-01,1.538016e-02,4.200223e-03,2.250009e-03,6.900015e-03,7.291538e-02
1.697423e-02,6.924846e-03,5.653924e-03,4.120079e-03,7.065033e-02,2.023279e-02,2.595751e-03,1.378915e-02,2.002528e-02,5.600093e-01,1.182177e-02,2.982358e-03,1.885815e-03,2.037451e-02,2.419599e-01
1.285043e-02,5.821043e-03,4.965197e-03,3.458805e-03,4.987603e-02,1.582025e-02,1.847722e-03,9.684420e-03,8.904552e-02,4.243359e-01,1.045783e-02,2.416373e-03,3.719947e-03,2.893452e-02,3.367661e-01
1.219791e-02,5.173069e-03,3.644225e-03,2.478400e-03,3.515189e-02,1.210792e-02,1.325376e-03,6.803115e-03,7.300126e-02,3.190299e-01,1.040209e-02,1.806312e-03,3.728544e-03,4.121917e-02,4.719309e-01
3.048923e-02,8.425026e-03,3.445580e-03,2.216596e-03,2.491393e-02,1.006952e-02,9.714949e-04,4.857368e-03,1.135363e-01,2.311436e-01,9.066381e-03,1.417643e-03,3.222440e-03,5.244111e-02,5.037838e-01
2.333079e-02,7.403209e-03,2.724383e-03,1.630566e-03,1.756519e-02,8.204930e-03,6.989908e-04,3.405477e-03,1.102906e-01,1.640046e-01,7.550002e-03,1.048861e-03,2.604710e-03,1.796888e-01,4.698489e-01
3.348353e-02,1.018244e-02,2.420955e-03,1.429297e-03,1.319431e-02,7.445074e-03,5.271937e-04,2.411982e-03,8.710360e-02,1.172607e-01,1.201320e-02,8.938665e-04,2.164896e-03,2.314745e-01,4.779944e-01
4.124659e-02,3.503374e-02,4.316739e-03,2.225878e-03,1.028043e-02,7.065709e-03,4.804855e-04,1.860627e-03,1.506869e-01,9.071217e-02,1.216336e-02,7.303589e-04,3.025220e-03,1.917690e-01,4.484028e-01
3.456219e-02,5.404468e-02,3.445557e-03,2.708509e-03,1.039155e-02,1.037613e-02,4.580254e-04,1.546170e-03,1.839046e-01,6.960689e-02,1.094041e-02,7.335932e-04,4.786172e-03,1.466842e-01,4.658113e-01
2.573500e-02,1.214955e-01,2.653573e-03,4.161717e-03,9.852185e-03,8.509403e-03,3.810321e-04,1.166327e-03,2.602205e-01,5.197807e-02,8.056757e-03,5.417371e-04,4.380877e-03,1.040675e-01,3.967998e-01
1.866657e-02,1.038205e-01,2.008983e-03,8.983292e-03,8.813590e-03,6.457991e-03,3.103333e-04,9.088142e-04,4.074665e-01,4.034885e-02,6.115940e-03,4.072049e-04,4.102441e-03,7.344803e-02,3.181410e-01
1.660228e-02,1.207433e-01,1.826052e-03,1.946280e-02,2.863282e-02,1.095354e-02,2.992129e-04,7.926666e-04,4.519454e-01,3.145890e-02,5.115351e-03,3.281774e-04,6.671676e-03,5.218973e-02,2.529780e-01
1.321006e-02,1.251725e-01,1.595747e-03,3.059021e-02,3.176311e-02,1.102694e-02,2.348201e-04,7.300689e-04,4.789811e-01,2.770666e-02,3.992762e-03,2.702618e-04,5.669151e-03,3.716454e-02,2.318921e-01
1.276872e-02,1.156631e-01,1.652129e-03,4.293614e-02,7.094766e-02,1.333516e-02,2.644176e-04,1.154472e-03,4.907740e-01,2.191821e-02,3.084254e-03,2.292157e-04,5.157789e-03,2.652212e-02,1.935926e-01
1.266056e-02,8.934700e-02,3.799903e-03,1.082647e-01,1.313718e-01,2.269845e-02,7.519290e-04,7.869480e-03,4.318573e-01,1.609595e-02,2.897123e-03,2.086106e-04,3.991487e-03,1.881231e-02,1.493733e-01
1.341048e-02,6.657270e-02,3.093881e-02,1.946647e-01,1.089576e-01,1.970464e-02,9.432144e-04,7.620697e-03,3.490272e-01,1.717435e-02,2.514212e-03,2.044454e-04,3.155963e-03,1.325887e-02,1.718521e-01
1.317556e-02,4.989184e-02,1.515763e-01,1.952173e-01,8.823611e-02,2.007157e-02,1.428007e-03,6.431369e-03,2.713717e-01,2.063734e-02,2.123496e-03,2.047849e-04,2.810520e-03,9.386962e-03,1.674372e-01
1.067165e-02,3.571342e-02,3.524413e-01,1.726660e-01,6.359565e-02,1.454895e-02,1.106086e-03,4.578364e-03,1.956059e-01,1.590962e-02,1.696606e-03,1.720899e-04,2.162021e-03,6.599030e-03,1.225334e-01
8.060245e-03,2.759522e-02,4.513400e-01,1.221845e-01,4.485958e-02,1.039684e-02,7.906985e-04,3.214463e-03,1.409740e-01,1.217416e-02,2.733769e-03,2.034553e-04,1.756901e-03,1.142011e-02,1.622962e-01
7.691910e-03,2.332347e-02,3.672186e-01,8.589848e-02,3.183972e-02,7.877913e-03,7.542230e-04,2.304846e-03,1.122967e-01,1.503864e-02,5.396548e-03,7.131240e-04,2.768432e-03,4.295837e-02,2.939191e-01
7.475708e-03,1.820922e-02,3.673601e-01,6.452552e-02,2.278785e-02,6.108742e-03,5.722993e-04,1.641332e-03,1.450957e-01,1.729673e-02,6.306071e-03,7.115582e-04,2.535136e-03,4.495987e-02,2.944142e-01
2.425051e-02,1.420215e-02,4.295057e-01,7.037020e-02,1.830745e-02,6.012481e-03,4.959035e-04,1.410706e-03,1.284659e-01,1.736569e-02,1.287476e-02,2.024292e-03,4.363332e-03,4.075595e-02,2.295951e-01
2.353960e-02,1.268143e-02,4.116177e-01,6.586149e-02,1.333094e-02,5.826653e-03,4.905289e-04,1.175047e-03,1.022959e-01,2.710099e-02,1.048681e-02,2.959102e-03,3.729850e-03,8.040319e-02,2.385008e-01
2.344026e-02,1.287158e-02,3.281696e-01,4.764694e-02,9.776343e-03,5.268216e-03,4.874176e-04,9.053393e-04,7.715184e-02,2.830170e-02,8.286272e-03,2.550754e-03,3.148460e-03,1.768221e-01,2.751732e-01
2.126539e-02,1.149690e-02,2.645347e-01,3.477777e-02,7.314385e-03,4.229011e-03,4.156118e-04,7.563714e-04,7.355718e-02,5.564712e-02,8.162840e-03,2.917103e-03,3.161134e-03,1.897286e-01,3.220358e-01
5.821741e-02,1.040164e-02,1.959203e-01,2.518327e-02,5.594101e-03,4.328224e-03,4.922671e-04,9.529474e-04,6.087957e-02,9.239590e-02,1.590705e-02,4.240697e-03,3.050827e-03,2.715192e-01,2.509166e-01
1.161200e-01,1.002553e-02,1.469313e-01,1.957636e-02,5.130501e-03,8.994932e-03,1.514178e-03,1.935987e-03,4.806538e-02,1.171087e-01,3.140775e-02,7.575511e-03,3.689817e-03,2.890481e-01,1.928760e-01
1.084189e-01,1.646031e-02,1.551564e-01,2.411732e-02,5.550039e-03,1.127209e-02,1.563945e-03,2.081859e-03,5.390836e-02,1.840459e-01,3.310618e-02,6.209783e-03,3.462949e-03,2.472958e-01,1.473502e-01
8.478330e-02,1.385979e-02,1.330815e-01,2.013836e-02,4.799451e-03,1.046820e-02,1.549119e-03,2.080014e-03,5.430803e-02,2.191020e-01,3.098192e-02,5.024993e-03,3.077737e-03,2.769620e-01,1.397836e-01
9.979595e-02,2.630960e-02,1.479699e-01,4.598212e-02,4.919864e-03,1.047818e-02,2.077207e-03,3.587404e-03,8.212861e-02,1.934389e-01,4.202713e-02,6.995637e-03,8.949705e-03,2.033253e-01,1.220145e-01
8.372021e-02,2.159961e-02,1.049164e-01,4.961456e-02,4.637742e-03,9.603424e-03,1.632541e-03,3.220868e-03,7.876965e-02,1.577295e-01,1.572448e-01,1.231743e-02,3.940716e-02,1.559386e-01,1.196474e-01
6.378590e-02,1.614525e-02,7.442081e-02,6.249391e-02,5.829428e-03,8.784882e-03,1.302453e-03,5.519608e-03,8.681552e-02,1.255712e-01,2.126680e-01,2.442996e-02,6.782633e-02,1.251684e-01,1.192384e-01
7.305658e-02,1.566735e-02,5.333221e-02,7.404938e-02,9.459740e-03,8.751162e-03,1.129835e-03,8.351436e-03,1.449481e-01,9.196462e-02,2.440454e-01,2.451883e-02,6.213198e-02,9.129520e-02,9.729814e-02
6.699425e-02,1.413389e-02,3.926620e-02,6.304813e-02,1.446018e-02,7.099244e-03,1.123140e-03,1.600369e-02,2.610417e-01,6.764967e-02,2.269370e-01,2.068205e-02,5.509732e-02,6.813651e-02,7.832704e-02
1.107890e-01,1.379445e-02,3.333202e-02,6.547167e-02,6.467773e-02,1.331156e-02,2.591977e-03,3.930145e-02,2.635856e-01,4.895496e-02,1.731648e-01,1.765332e-02,4.518088e-02,5.086851e-02,5.732201e-02
1.084604e-01,1.265163e-02,2.700347e-02,4.951048e-02,2.282309e-01,1.537475e-02,1.001092e-02,3.978694e-02,2.222450e-01,3.605874e-02,1.246669e-01,1.355294e-02,3.330157e-02,3.732228e-02,4.182298e-02
1.268571e-01,1.167818e-02,2.113845e-02,3.895723e-02,3.357610e-01,1.634461e-02,1.271008e-02,3.878787e-02,1.782288e-01,2.755494e-02,8.972710e-02,1.099163e-02,2.685006e-02,2.964755e-02,3.476533e-02
1.325447e-01,1.183885e-02,1.598957e-02,3.068244e-02,4.213613e-01,2.162334e-02,1.858239e-02,3.677058e-02,1.343990e-01,2.300034e-02,6.616599e-02,1.034242e-02,2.252573e-02,2.320147e-02,3.097184e-02
1.475869e-01,1.264950e-02,1.217656e-02,2.437624e-02,4.601680e-01,3.420559e-02,2.024763e-02,3.299714e-02,1.083443e-01,2.063829e-02,5.163939e-02,1.038336e-02,1.954538e-02,1.812552e-02,2.691616e-02
1.184456e-01,1.211799e-02,9.935921e-03,2.376804e-02,4.692526e-01,3.027371e-02,1.855874e-02,1.273123e-01,7.907048e-02,1.572949e-02,3.813385e-02,8.130858e-03,1.546612e-02,1.360634e-02,2.019791e-02
9.249265e-02,8.822324e-03,7.312520e-03,1.756637e-02,3.989016e-01,2.180583e-02,1.409185e-02,3.043260e-01,5.599696e-02,1.103812e-02,2.700248e-02,5.754048e-03,1.101435e-02,9.596886e-03,1.427798e-02
6.901537e-02,6.266304e-03,5.280768e-03,1.273706e-02,3.152746e-01,1.549120e-02,1.017716e-02,4.705285e-01,3.937661e-02,7.733734e-03,1.922315e-02,4.140976e-03,7.906394e-03,6.784056e-03,1.006413e-02
5.414252e-02,4.495343e-03,3.965205e-03,9.404624e-03,2.297371e-01,1.542467e-02,8.078086e-03,6.063384e-01,2.766692e-02,5.442691e-03,1.363355e-02,3.055592e-03,6.619848e-03,4.777414e-03,7.217982e-03
4.753899e-02,3.335167e-03,3.147341e-03,7.204982e-03,1.866162e-01,1.714114e-02,6.614505e-03,6.772159e-01,1.948960e-02,3.854801e-03,1.000221e-02,2.482278e-03,6.745654e-03,3.385189e-03,5.226036e-03
6.474607e-02,3.786791e-03,4.474883e-03,1.229220e-02,1.484252e-01,2.509858e-02,5.934705e-03,6.677772e-01,1.551112e-02,3.035950e-03,1.137216e-02,1.232767e-02,1.638876e-02,2.848142e-03,5.980463e-03
7.622114e-02,1.139693e-02,3.766822e-03,1.303269e-02,1.501817e-01,2.859836e-02,4.829948e-03,5.839932e-01,2.511539e-02,2.985284e-03,2.892139e-02,1.473612e-02,4.322669e-02,2.599645e-03,1.039461e-02
1.671671e-01,1.575615e-02,3.210367e-03,1.383600e-02,1.373946e-01,2.369379e-02,3.874553e-03,4.664128e-01,3.898640e-02,3.001394e-03,4.014375e-02,1.589969e-02,4.858139e-02,2.620080e-03,1.942197e-02
2.194550e-01,1.589804e-02,3.193994e-03,2.203731e-02,1.109309e-01,2.186239e-02,3.527577e-03,3.388492e-01,6.008328e-02,3.328932e-03,3.780935e-02,1.562477e-02,6.389182e-02,2.807930e-03,8.069935e-02
1.824711e-01,1.440827e-02,2.782277e-03,2.217114e-02,8.050351e-02,1.903996e-02,3.450502e-03,2.403483e-01,6.889702e-02,3.135732e-03,2.904239e-02,1.166147e-02,5.517740e-02,2.518155e-03,2.643927e-01
1.324129e-01,1.404816e-02,2.136722e-03,1.722689e-02,5.677908e-02,1.459397e-02,2.715428e-03,1.688744e-01,6.294893e-02,3.090764e-03,2.210269e-02,8.611152e-03,4.515308e-02,2.387130e-03,4.469187e-01
1.123090e-01,1.639123e-02,1.916202e-03,1.297596e-02,4.003286e-02,1.325321e-02,2.078426e-03,1.187659e-01,5.302028e-02,2.886342e-03,1.613960e-02,6.379728e-03,3.478470e-02,3.386623e-03,5.656800e-01
8.186105e-02,1.488510e-02,1.505668e-03,9.529186e-03,2.811259e-02,1.092764e-02,1.504825e-03,8.321932e-02,4.236890e-02,2.302812e-03,1.157190e-02,4.568990e-03,2.554573e-02,3.444600e-03,6.786517e-01
5.845932e-02,1.182341e-02,1.081806e-03,6.873263e-03,1.971055e-02,9.422563e-03,1.058824e-03,5.827248e-02,3.234615e-02,1.778984e-03,8.505700e-03,3.331103e-03,1.817481e-02,3.151722e-03,7.660093e-01
4.290937e-02,1.476156e-02,8.004776e-04,5.148167e-03,1.385126e-02,7.489719e-03,7.484272e-04,4.082011e-02,3.759408e-02,1.420971e-03,6.390820e-03,2.519876e-03,1.337443e-02,3.110877e-03,8.090599e-01
3.041564e-02,2.064200e-02,6.135604e-04,3.874608e-03,9.740811e-03,5.642619e-03,5.258078e-04,2.859347e-02,3.787864e-02,1.189350e-03,4.822523e-03,1.846422e-03,1.087677e-02,3.245415e-03,8.400924e-01
2.161348e-02,2.582598e-02,4.801238e-04,3.034974e-03,6.872820e-03,5.168600e-03,3.711875e-04,2.003909e-02,3.909628e-02,1.263172e-03,3.610809e-03,1.369755e-03,1.091362e-02,2.782118e-03,8.575580e-01
1.537241e-02,3.167282e-02,3.691039e-04,2.322457e-03,4.872602e-03,5.389515e-03,2.627421e-04,1.403615e-02,4.662627e-02,1.625415e-03,2.850652e-03,1.098568e-03,9.954145e-03,2.280060e-03,8.612671e-01
1.097701e-02,4.736546e-02,2.968264e-04,2.124281e-03,3.476527e-03,5.577163e-03,1.873278e-04,9.836386e-03,6.533244e-02,2.005253e-03,3.038971e-03,1.179956e-03,8.092339e-03,1.843516e-03,8.386666e-01
7.847737e-03,4.814876e-02,2.269673e-04,1.861066e-03,2.459741e-03,6.452479e-03,1.399240e-04,6.914390e-03,1.095202e-01,2.894326e-03,3.227838e-03,1.820801e-03,8.463884e-03,1.674970e-03,7.983469e-01
5.918690e-03,4.117698e-02,2.019414e-04,2.561658e-03,1.798822e-03,8.467335e-03,1.324108e-04,4.965655e-03,1.424998e-01,3.157690e-03,1.208912e-02,1.500960e-02,2.725921e-02,1.563163e-03,7.331979e-01
4.418172e-03,3.495207e-02,3.706449e-04,5.780686e-03,1.378085e-03,6.784899e-03,1.255433e-04,3.785732e-03,1.247820e-01,2.481794e-03,1.671909e-02,1.364574e-02,2.808526e-02,1.320888e-03,7.553694e-01
3.316658e-03,3.348571e-02,5.266303e-04,4.969419e-03,1.095230e-03,5.275287e-03,9.598870e-05,2.675440e-03,1.087453e-01,1.988221e-03,2.115273e-02,1.048647e-02,2.428998e-02,1.166656e-03,7.807304e-01
2.502447e-03,3.903276e-02,8.779127e-04,7.688441e-03,1.216206e-03,9.640045e-03,1.090929e-04,2.139419e-03,1.727844e-01,1.670968e-03,1.539740e-02,7.484507e-03,2.108496e-02,9.716073e-04,7.173998e-01
2.196869e-03,5.297705e-02,1.417087e-03,1.001916e-02,2.414953e-03,2.396383e-02,2.444072e-04,2.417702e-03,2.233081e-01,1.388569e-03,1.118765e-02,5.291577e-03,1.886776e-02,1.476380e-03,6.428289e-01
2.364194e-03,5.694724e-02,1.706964e-02,2.265535e-02,8.333870e-03,3.299232e-02,1.388986e-03,1.035357e-02,2.583088e-01,1.290292e-03,8.093718e-03,3.748410e-03,1.681279e-02,1.227285e-03,5.584136e-01
2.402823e-03,4.483793e-02,2.055894e-01,3.843691e-02,8.188115e-03,2.914900e-02,1.240884e-03,1.146299e-02,2.079993e-01,3.895606e-03,5.889730e-03,2.653850e-03,1.276489e-02,9.438636e-04,4.245448e-01
3.624741e-03,4.577883e-02,1.588970e-01,3.733984e-02,9.883487e-03,3.486405e-02,1.291749e-03,1.523421e-01,1.922169e-01,3.986118e-03,4.385198e-03,1.948920e-03,1.031792e-02,7.651870e-04,3.423580e-01
6.751547e-03,4.258720e-02,1.150550e-01,2.725272e-02,1.110467e-02,2.590338e-02,1.381235e-03,3.692798e-01,1.422334e-01,3.445803e-03,3.260813e-03,1.449222e-03,7.703982e-03,5.561710e-04,2.420349e-01
9.402929e-03,3.759852e-02,8.248737e-02,2.118126e-02,1.005773e-02,1.902312e-02,1.167266e-03,5.317504e-01,1.034390e-01,2.794283e-03,2.618717e-03,1.172208e-03,5.878809e-03,4.160136e-04,1.710124e-01
1.200037e-02,2.952909e-02,6.290805e-02,1.944337e-02,7.956069e-03,1.523061e-02,8.962835e-04,6.274658e-01,8.703546e-02,4.863748e-03,3.529085e-03,1.261640e-03,4.908664e-03,9.063589e-04,1.220654e-01
2.196622e-02,2.256442e-02,4.642782e-02,1.952018e-02,6.143968e-03,3.534488e-02,8.675176e-04,6.099240e-01,9.248735e-02,4.636401e-03,8.610357e-03,2.009857e-03,4.154397e-02,7.650282e-04,8.718809e-02
2.718196e-02,1.623081e-02,3.429960e-02,2.503741e-02,4.849120e-03,6.185295e-02,8.771622e-04,6.200422e-01,7.840664e-02,3.772815e-03,1.253315e-02,5.662446e-03,4.643586e-02,7.316588e-04,6.208620e-02
3.927260e-02,1.185339e-02,2.578763e-02,2.663974e-02,4.166685e-03,1.206277e-01,1.073524e-03,5.894008e-01,6.972411e-02,2.926804e-03,1.254832e-02,6.323572e-03,4.403691e-02,5.902220e-04,4.502805e-02
5.543258e-02,8.717796e-03,2.081592e-02,2.536988e-02,3.459031e-03,1.815521e-01,1.618840e-03,5.339047e-01,6.332759e-02,2.684387e-03,1.623647e-02,6.555606e-03,4.556152e-02,5.073650e-04,3.425627e-02
8.040482e-02,9.340776e-03,1.025269e-01,3.179889e-02,5.011401e-03,2.013820e-01,5.695666e-03,3.972162e-01,6.920178e-02,3.425091e-03,1.318830e-02,5.747867e-03,4.669165e-02,5.043345e-04,2.786442e-02
1.725435e-01,7.161135e-03,8.422526e-02,2.541133e-02,6.196275e-03,2.286306e-01,7.009717e-03,3.048729e-01,5.177812e-02,2.708130e-03,1.219165e-02,7.693497e-03,6.782742e-02,5.588498e-04,2.119172e-02
2.303313e-01,5.775780e-03,8.892262e-02,1.968264e-02,8.484590e-03,2.308370e-01,1.029628e-02,2.508577e-01,3.987851e-02,2.112415e-03,1.160913e-02,1.258531e-02,7.188074e-02,5.560967e-04,1.618998e-02
3.315986e-01,4.956068e-03,8.113236e-02,1.773318e-02,1.390560e-02,1.762462e-01,1.106896e-02,1.868630e-01,3.041894e-02,1.792699e-03,1.075454e-02,2.864109e-02,9.156774e-02,7.260914e-04,1.259486e-02
3.876022e-01,3.982831e-03,5.846733e-02,1.384952e-02,1.177148e-02,1.377120e-01,9.259049e-03,1.432499e-01,2.405390e-02,1.411494e-03,1.061841e-02,3.997304e-02,1.474528e-01,8.535918e-04,9.742562e-03
3.866273e-01,5.632126e-03,4.276391e-02,1.288307e-02,1.253102e-02,1.007207e-01,8.585023e-03,1.074664e-01,2.548496e-02,1.501212e-03,1.485489e-02,6.745252e-02,2.026293e-01,1.691201e-03,9.176344e-03
3.789907e-01,6.148303e-03,3.052013e-02,1.431550e-02,1.268775e-02,7.493062e-02,7.525759e-03,7.773258e-02,6.726135e-02,2.276958e-03,1.596252e-02,9.823243e-02,2.037045e-01,2.345333e-03,7.365605e-03
3.576139e-01,5.749730e-03,2.186581e-02,1.201855e-02,1.612906e-02,5.595592e-02,5.724858e-03,5.707063e-02,6.171095e-02,1.992719e-03,1.928393e-02,9.774033e-02,2.789549e-01,2.800056e-03,5.388649e-03
4.012420e-01,4.688936e-03,1.586461e-02,9.135353e-03,2.829550e-02,4.244233e-02,4.807533e-03,4.219536e-02,4.842095e-02,1.814552e-03,2.404295e-02,1.020484e-01,2.676529e-01,2.999961e-03,4.348610e-03
3.484803e-01,5.511071e-03,1.322254e-02,7.715950e-03,8.056369e-02,3.569692e-02,8.035225e-03,3.406953e-02,8.408551e-02,1.584006e-03,2.529115e-02,8.151610e-02,2.685386e-01,2.244050e-03,3.445380e-03
3.565692e-01,7.852729e-03,1.967981e-02,7.012753e-03,8.733561e-02,2.925112e-02,1.059526e-02,5.809256e-02,6.633207e-02,1.555210e-03,2.121579e-02,8.076622e-02,2.480346e-01,1.794145e-03,3.912928e-03
4.188979e-01,1.000515e-02,1.789370e-02,1.380836e-02,1.074398e-01,3.989581e-02,1.070649e-02,5.146925e-02,5.432311e-02,2.162806e-03,1.664087e-02,6.248045e-02,1.889925e-01,1.640583e-03,3.643226e-03
4.374549e-01,8.632786e-03,1.448438e-02,1.399106e-02,1.278103e-01,4.250828e-02,1.151193e-02,3.984968e-02,4.647083e-02,1.958925e-03,1.909946e-02,5.244039e-02,1.786546e-01,1.630940e-03,3.501561e-03
3.884818e-01,1.057852e-02,1.319439e-02,1.332173e-02,1.599748e-01,3.440714e-02,1.347804e-02,3.699293e-02,5.484845e-02,2.394751e-03,2.757619e-02,4.336585e-02,1.925715e-01,2.007500e-03,6.806440e-03
3.901586e-01,1.053064e-02,1.100056e-02,1.270379e-02,1.667281e-01,2.750991e-02,1.424450e-02,3.768817e-02,5.619488e-02,2.251741e-03,3.009235e-02,3.563792e-02,1.928151e-01,2.653522e-03,9.790277e-03
3.854722e-01,1.066512e-02,9.473570e-03,1.039579e-02,1.834401e-01,2.284697e-02,1.411852e-02,3.127401e-02,6.087208e-02,2.504473e-03,3.055266e-02,3.465969e-02,1.902763e-01,2.428077e-03,1.102044e-02
3.595277e-01,2.360365e-02,1.570405e-02,9.818152e-03,1.676814e-01,2.254361e-02,1.297647e-02,2.459373e-02,7.632713e-02,6.125395e-03,2.806648e-02,6.682974e-02,1.659413e-01,2.976677e-03,1.728445e-02
3.351251e-01,3.067836e-02,1.985569e-02,9.142498e-03,1.541243e-01,2.207823e-02,1.223382e-02,2.571880e-02,1.105524e-01,1.050751e-02,2.547803e-02,6.620204e-02,1.550970e-01,3.621868e-03,1.958419e-02
2.729365e-01,4.516445e-02,2.202984e-02,7.391281e-03,1.541040e-01,3.998192e-02,1.090455e-02,2.962305e-02,1.418323e-01,9.972941e-03,1.970821e-02,7.282526e-02,1.410674e-01,3.645792e-03,2.881248e-02
2.290000e-01,5.023209e-02,2.017672e-02,6.188734e-03,1.554893e-01,6.038214e-02,1.155788e-02,3.088590e-02,1.585774e-01,1.177571e-02,1.578188e-02,8.800159e-02,1.253750e-01,3.706104e-03,3.286942e-02
