1.000000e+00,0.000000e+00,0.000000e+00,0.000000e+00,0.000000e+00,0.000000e+00,0.000000e+00,0.000000e+00,0.000000e+00,0.000000e+00,0.000000e+00,0.000000e+00,0.000000e+00,0.000000e+00,0.000000e+00
1.000000e+00,0.000000e+00,0.000000e+00,0.000000e+00,0.000000e+00,0.000000e+00,0.000000e+00,0.000000e+00,0.000000e+00,0.000000e+00,0.000000e+00,0.000000e+00,0.000000e+00,0.000000e+00,0.000000e+00
1.000000e+00,0.000000e+00,0.000000e+00,0.000000e+00,0.000000e+00,0.000000e+00,0.000000e+00,0.000000e+00,0.000000e+00,0.000000e+00,0.000000e+00,0.000000e+00,0.000000e+00,0.000000e+00,0.000000e+00
1.000000e+00,0.000000e+00,0.000000e+00,0.000000e+00,0.000000e+00,0.000000e+00,0.000000e+00,0.000000e+00,0.000000e+00,0.000000e+00,0.000000e+00,0.000000e+00,0.000000e+00,0.000000e+00,0.000000e+00
1.000000e+00,0.000000e+00,0.000000e+00,0.000000e+00,0.000000e+00,0.000000e+00,0.000000e+00,0.000000e+00,0.000000e+00,0.000000e+00,0.000000e+00,0.000000e+00,0.000000e+00,0.000000e+00,0.000000e+00
1.000000e+00,0.000000e+00,0.000000e+00,0.000000e+00,0.000000e+00,0.000000e+00,0.000000e+00,0.000000e+00,0.000000e+00,0.000000e+00,0.000000e+00,0.000000e+00,0.000000e+00,0.000000e+00,0.000000e+00
1.000000e+00,0.000000e+00,0.000000e+00,0.000000e+00,0.000000e+00,0.000000e+00,0.000000e+00,0.000000e+00,0.000000e+00,0.000000e+00,0.000000e+00,0.000000e+00,0.000000e+00,0.000000e+00,0.000000e+00
1.000000e+00,0.000000e+00,0.000000e+00,0.000000e+00,0.000000e+00,0.000000e+00,0.000000e+00,0.000000e+00,0.000000e+00,0.000000e+00,0.000000e+00,0.000000e+00,0.000000e+00,0.000000e+00,0.000000e+00
1.000000e+00,0.000000e+00,0.000000e+00,0.000000e+00,0.000000e+00,0.000000e+00,0.000000e+00,0.000000e+00,0.000000e+00,0.000000e+00,0.000000e+00,0.000000e+00,0.000000e+00,0.000000e+00,0.000000e+00
1.000000e+00,0.000000e+00,0.000000e+00,0.000000e+00,0.000000e+00,0.000000e+00,0.000000e+00,0.000000e+00,0.000000e+00,0.000000e+00,0.000000e+00,0.000000e+00,0.000000e+00,0.000000e+00,0.000000e+00
1.000000e+00,0.000000e+00,0.000000e+00,0.000000e+00,0.000000e+00,0.000000e+00,0.000000e+00,0.000000e+00,0.000000e+00,0.000000e+00,0.000000e+00,0.000000e+00,0.000000e+00,0.000000e+00,0.000000e+00
1.000000e+00,0.000000e+00,0.000000e+00,0.000000e+00,0.000000e+00,0.000000e+00,0.000000e+00,0.000000e+00,0.000000e+00,0.000000e+00,0.000000e+00,0.000000e+00,0.000000e+00,0.000000e+00,0.000000e+00
1.000000e+00,0.000000e+00,0.000000e+00,0.000000e+00,0.000000e+00,0.000000e+00,0.000000e+00,0.000000e+00,0.000000e+00,0.000000e+00,0.000000e+00,0.000000e+00,0.000000e+00,0.000000e+00,0.000000e+00
1.000000e+00,0.000000e+00,0.000000e+00,0.000000e+00,0.000000e+00,0.000000e+00,0.000000e+00,0.000000e+00,0.000000e+00,0.000000e+00,0.000000e+00,0.000000e+00,0.000000e+00,0.000000e+00,0.000000e+00
1.000000e+00,0.000000e+00,0.000000e+00,0.000000e+00,0.000000e+00,0.000000e+00,0.000000e+00,0.000000e+00,0.000000e+00,0.000000e+00,0.000000e+00,0.000000e+00,0.000000e+00,0.000000e+00,0.000000e+00
1.000000e+00,0.000000e+00,0.000000e+00,0.000000e+00,0.000000e+00,0.000000e+00,0.000000e+00,0.000000e+00,0.000000e+00,0.000000e+00,0.000000e+00,0.000000e+00,0.000000e+00,0.000000e+00,0.000000e+00
1.000000e+00,0.000000e+00,0.000000e+00,0.000000e+00,0.000000e+00,0.000000e+00,0.000000e+00,0.000000e+00,0.000000e+00,0.000000e+00,0.000000e+00,0.000000e+00,0.000000e+00,0.000000e+00,0.000000e+00
1.000000e+00,0.000000e+00,0.000000e+00,0.000000e+00,0.000000e+00,0.000000e+00,0.000000e+00,0.000000e+00,0.000000e+00,0.000000e+00,0.000000e+00,0.000000e+00,0.000000e+00,0.000000e+00,0.000000e+00
1.000000e+00,0.000000e+00,0.000000e+00,0.000000e+00,0.000000e+00,0.000000e+00,0.000000e+00,0.000000e+00,0.000000e+00,0.000000e+00,0.000000e+00,0.000000e+00,0.000000e+00,0.000000e+00,0.000000e+00
1.000000e+00,0.000000e+00,0.000000e+00,0.000000e+00,0.000000e+00,0.000000e+00,0.000000e+00,0.000000e+00,0.000000e+00,0.000000e+00,0.000000e+00,0.000000e+00,0.000000e+00,0.000000e+00,0.000000e+00
1.000000e+00,0.000000e+00,0.000000e+00,0.000000e+00,0.000000e+00,0.000000e+00,0.000000e+00,0.000000e+00,0.000000e+00,0.000000e+00,0.000000e+00,0.000000e+00,0.000000e+00,0.000000e+00,0.000000e+00
1.000000e+00,0.000000e+00,0.000000e+00,0.000000e+00,0.000000e+00,0.000000e+00,0.000000e+00,0.000000e+00,0.000000e+00,0.000000e+00,0.000000e+00,0.000000e+00,0.000000e+00,0.000000e+00,0.000000e+00
1.000000e+00,0.000000e+00,0.000000e+00,0.000000e+00,0.000000e+00,0.000000e+00,0.000000e+00,0.000000e+00,0.000000e+00,0.000000e+00,0.000000e+00,0.000000e+00,0.000000e+00,0.000000e+00,0.000000e+00
1.000000e+00,0.000000e+00,0.000000e+00,0.000000e+00,0.000000e+00,0.000000e+00,0.000000e+00,0.000000e+00,0.000000e+00,0.000000e+00,0.000000e+00,0.000000e+00,0.000000e+00,0.000000e+00,0.000000e+00
1.000000e+00,0.000000e+00,0.000000e+00,0.000000e+00,0.000000e+00,0.000000e+00,0.000000e+00,0.000000e+00,0.000000e+00,0.000000e+00,0.000000e+00,0.000000e+00,0.000000e+00,0.000000e+00,0.000000e+00
1.000000e+00,0.000000e+00,0.000000e+00,0.000000e+00,0.000000e+00,0.000000e+00,0.000000e+00,0.000000e+00,0.000000e+00,0.000000e+00,0.000000e+00,0.000000e+00,0.000000e+00,0.000000e+00,0.000000e+00
1.000000e+00,0.000000e+00,0.000000e+00,0.000000e+00,0.000000e+00,0.000000e+00,0.000000e+00,0.000000e+00,0.000000e+00,0.000000e+00,0.000000e+00,0.000000e+00,0.000000e+00,0.000000e+00,0.000000e+00
1.000000e+00,0.000000e+00,0.000000e+00,0.000000e+00,0.000000e+00,0.000000e+00,0.000000e+00,0.000000e+00,0.000000e+00,0.000000e+00,0.000000e+00,0.000000e+00,0.000000e+00,0.000000e+00,0.000000e+00
1.000000e+00,0.000000e+00,0.000000e+00,0.000000e+00,0.000000e+00,0.000000e+00,0.000000e+00,0.000000e+00,0.000000e+00,0.000000e+00,0.000000e+00,0.000000e+00,0.000000e+00,0.000000e+00,0.000000e+00
1.000000e+00,0.000000e+00,0.000000e+00,0.000000e+00,0.000000e+00,0.000000e+00,0.000000e+00,0.000000e+00,0.000000e+00,0.000000e+00,0.000000e+00,0.000000e+00,0.000000e+00,0.000000e+00,0.000000e+00
1.000000e+00,0.000000e+00,0.000000e+00,0.000000e+00,0.000000e+00,0.000000e+00,0.000000e+00,0.000000e+00,0.000000e+00,0.000000e+00,0.000000e+00,0.000000e+00,0.000000e+00,0.000000e+00,0.000000e+00
1.000000e+00,0.000000e+00,0.000000e+00,0.000000e+00,0.000000e+00,0.000000e+00,0.000000e+00,0.000000e+00,0.000000e+00,0.000000e+00,0.000000e+00,0.000000e+00,0.000000e+00,0.000000e+00,0.000000e+00
1.000000e+00,0.000000e+00,0.000000e+00,0.000000e+00,0.000000e+00,0.000000e+00,0.000000e+00,0.000000e+00,0.000000e+00,0.000000e+00,0.000000e+00,0.000000e+00,0.000000e+00,0.000000e+00,0.000000e+00
1.000000e+00,0.000000e+00,0.000000e+00,0.000000e+00,0.000000e+00,0.000000e+00,0.000000e+00,0.000000e+00,0.000000e+00,0.000000e+00,0.000000e+00,0.000000e+00,0.000000e+00,0.000000e+00,0.000000e+00
1.000000e+00,0.000000e+00,0.000000e+00,0.000000e+00,0.000000e+00,0.000000e+00,0.000000e+00,0.000000e+00,0.000000e+00,0.000000e+00,0.000000e+00,0.000000e+00,0.000000e+00,0.000000e+00,0.000000e+00
1.000000e+00,0.000000e+00,0.000000e+00,0.000000e+00,0.000000e+00,0.000000e+00,0.000000e+00,0.000000e+00,0.000000e+00,0.000000e+00,0.000000e+00,0.000000e+00,0.000000e+00,0.000000e+00,0.000000e+00
1.000000e+00,0.000000e+00,0.000000e+00,0.000000e+00,0.000000e+00,0.000000e+00,0.000000e+00,0.000000e+00,0.000000e+00,0.000000e+00,0.000000e+00,0.000000e+00,0.000000e+00,0.000000e+00,0.000000e+00
1.000000e+00,0.000000e+00,0.000000e+00,0.000000e+00,0.000000e+00,0.000000e+00,0.000000e+00,0.000000e+00,0.000000e+00,0.000000e+00,0.000000e+00,0.000000e+00,0.000000e+00,0.000000e+00,0.000000e+00
1.000000e+00,0.000000e+00,0.000000e+00,0.000000e+00,0.000000e+00,0.000000e+00,0.000000e+00,0.000000e+00,0.000000e+00,0.000000e+00,0.000000e+00,0.000000e+00,0.000000e+00,0.000000e+00,0.000000e+00
1.000000e+00,0.000000e+00,0.000000e+00,0.000000e+00,0.000000e+00,0.000000e+00,0.000000e+00,0.000000e+00,0.000000e+00,0.000000e+00,0.000000e+00,0.000000e+00,0.000000e+00,0.000000e+00,0.000000e+00
1.000000e+00,0.000000e+00,0.000000e+00,0.000000e+00,0.000000e+00,0.000000e+00,0.000000e+00,0.000000e+00,0.000000e+00,0.000000e+00,0.000000e+00,0.000000e+00,0.000000e+00,0.000000e+00,0.000000e+00
1.000000e+00,0.000000e+00,0.000000e+00,0.000000e+00,0.000000e+00,0.000000e+00,0.000000e+00,0.000000e+00,0.000000e+00,0.000000e+00,0.000000e+00,0.000000e+00,0.000000e+00,0.000000e+00,0.000000e+00
1.000000e+00,0.000000e+00,0.000000e+00,0.000000e+00,0.000000e+00,0.000000e+00,0.000000e+00,0.000000e+00,0.000000e+00,0.000000e+00,0.000000e+00,0.000000e+00,0.000000e+00,0.000000e+00,0.000000e+00
1.000000e+00,0.000000e+00,0.000000e+00,0.000000e+00,0.000000e+00,0.000000e+00,0.000000e+00,0.000000e+00,0.000000e+00,0.000000e+00,0.000000e+00,0.000000e+00,0.000000e+00,0.000000e+00,0.000000e+00
1.000000e+00,0.000000e+00,0.000000e+00,0.000000e+00,0.000000e+00,0.000000e+00,0.000000e+00,0.000000e+00,0.000000e+00,0.000000e+00,0.000000e+00,0.000000e+00,0.000000e+00,0.000000e+00,0.000000e+00
1.000000e+00,0.000000e+00,0.000000e+00,0.000000e+00,0.000000e+00,0.000000e+00,0.000000e+00,0.000000e+00,0.000000e+00,0.000000e+00,0.000000e+00,0.000000e+00,0.000000e+00,0.000000e+00,0.000000e+00
1.000000e+00,0.000000e+00,0.000000e+00,0.000000e+00,0.000000e+00,0.000000e+00,0.000000e+00,0.000000e+00,0.000000e+00,0.000000e+00,0.000000e+00,0.000000e+00,0.000000e+00,0.000000e+00,0.000000e+00
1.000000e+00,0.000000e+00,0.000000e+00,0.000000e+00,0.000000e+00,0.000000e+00,0.000000e+00,0.000000e+00,0.000000e+00,0.000000e+00,0.000000e+00,0.000000e+00,0.000000e+00,0.000000e+00,0.000000e+00
1.000000e+00,0.000000e+00,0.000000e+00,0.000000e+00,0.000000e+00,0.000000e+00,0.000000e+00,0.000000e+00,0.000000e+00,0.000000e+00,0.000000e+00,0.000000e+00,0.000000e+00,0.000000e+00,0.000000e+00
1.000000e+00,0.000000e+00,0.000000e+00,0.000000e+00,0.000000e+00,0.000000e+00,0.000000e+00,0.000000e+00,0.000000e+00,0.000000e+00,0.000000e+00,0.000000e+00,0.000000e+00,0.000000e+00,0.000000e+00
1.000000e+00,0.000000e+00,0.000000e+00,0.000000e+00,0.000000e+00,0.000000e+00,0.000000e+00,0.000000e+00,0.000000e+00,0.000000e+00,0.000000e+00,0.000000e+00,0.000000e+00,0.000000e+00,0.000000e+00
1.000000e+00,0.000000e+00,0.000000e+00,0.000000e+00,0.000000e+00,0.000000e+00,0.000000e+00,0.000000e+00,0.000000e+00,0.000000e+00,0.000000e+00,0.000000e+00,0.000000e+00,0.000000e+00,0.000000e+00
1.000000e+00,0.000000e+00,0.000000e+00,0.000000e+00,0.000000e+00,0.000000e+00,0.000000e+00,0.000000e+00,0.000000e+00,0.000000e+00,0.000000e+00,0.000000e+00,0.000000e+00,0.000000e+00,0.000000e+00
1.000000e+00,0.000000e+00,0.000000e+00,0.000000e+00,0.000000e+00,0.000000e+00,0.000000e+00,0.000000e+00,0.000000e+00,0.000000e+00,0.000000e+00,0.000000e+00,0.000000e+00,0.000000e+00,0.000000e+00
1.000000e+00,0.000000e+00,0.000000e+00,0.000000e+00,0.000000e+00,0.000000e+00,0.000000e+00,0.000000e+00,0.000000e+00,0.000000e+00,0.000000e+00,0.000000e+00,0.000000e+00,0.000000e+00,0.000000e+00
1.000000e+00,0.000000e+00,0.000000e+00,0.000000e+00,0.000000e+00,0.000000e+00,0.000000e+00,0.000000e+00,0.000000e+00,0.000000e+00,0.000000e+00,0.000000e+00,0.000000e+00,0.000000e+00,0.000000e+00
1.000000e+00,0.000000e+00,0.000000e+00,0.000000e+00,0.000000e+00,0.000000e+00,0.000000e+00,0.000000e+00,0.000000e+00,0.000000e+00,0.000000e+00,0.000000e+00,0.000000e+00,0.000000e+00,0.000000e+00
1.000000e+00,0.000000e+00,0.000000e+00,0.000000e+00,0.000000e+00,0.000000e+00,0.000000e+00,0.000000e+00,0.000000e+00,0.000000e+00,0.000000e+00,0.000000e+00,0.000000e+00,0.000000e+00,0.000000e+00
1.000000e+00,0.000000e+00,0.000000e+00,0.000000e+00,0.000000e+00,0.000000e+00,0.000000e+00,0.000000e+00,0.000000e+00,0.000000e+00,0.000000e+00,0.000000e+00,0.000000e+00,0.000000e+00,0.000000e+00
1.000000e+00,0.000000e+00,0.000000e+00,0.000000e+00,0.000000e+00,0.000000e+00,0.000000e+00,0.000000e+00,0.000000e+00,0.000000e+00,0.000000e+00,0.000000e+00,0.000000e+00,0.000000e+00,0.000000e+00
1.000000e+00,0.000000e+00,0.000000e+00,0.000000e+00,0.000000e+00,0.000000e+00,0.000000e+00,0.000000e+00,0.000000e+00,0.000000e+00,0.000000e+00,0.000000e+00,0.000000e+00,0.000000e+00,0.000000e+00
1.000000e+00,0.000000e+00,0.000000e+00,0.000000e+00,0.000000e+00,0.000000e+00,0.000000e+00,0.000000e+00,0.000000e+00,0.000000e+00,0.000000e+00,0.000000e+00,0.000000e+00,0.000000e+00,0.000000e+00
4.052993e-01,3.885090e-02,6.409513e-03,1.449230e-01,6.619554e-03,3.012961e-02,3.643434e-03,5.662029e-03,1.043244e-02,2.216158e-03,7.090980e-03,1.506588e-02,3.009767e-01,1.521653e-03,2.115884e-02
2.840394e-01,2.842038e-02,4.669419e-03,1.178187e-01,5.541017e-03,2.806805e-02,2.830727e-03,4.229430e-03,9.195595e-03,1.678105e-03,5.418903e-03,1.331494e-02,4.754326e-01,1.075371e-03,1.826737e-02
1.993065e-01,2.078011e-02,3.472187e-03,8.551721e-02,8.871813e-03,2.214641e-02,3.301917e-03,4.343960e-03,3.901587e-02,1.339218e-03,4.874705e-03,1.160742e-02,5.685700e-01,8.415286e-04,2.601113e-02
1.398081e-01,1.465274e-02,2.477437e-03,6.097705e-02,6.880728e-03,2.163850e-02,2.502565e-03,3.353568e-03,4.535607e-02,9.780095e-04,4.563625e-03,1.353252e-02,6.629640e-01,6.186310e-04,1.969641e-02
9.824284e-02,1.038510e-02,1.769604e-03,4.364584e-02,6.064584e-03,2.262620e-02,2.103955e-03,2.724080e-03,6.641762e-02,7.212744e-04,6.164576e-03,1.475390e-02,7.083418e-01,4.577255e-04,1.558087e-02
7.178854e-02,7.742205e-03,1.644535e-03,3.254122e-02,5.183497e-03,4.387972e-02,2.243100e-03,2.559050e-03,8.452207e-02,6.345885e-04,6.222908e-03,2.790169e-02,6.997251e-01,3.558219e-04,1.305600e-02
5.762775e-02,5.777513e-03,1.326543e-03,2.438457e-02,4.660928e-03,6.618276e-02,1.974729e-03,2.282896e-03,7.882884e-02,5.127975e-04,5.812156e-03,3.204621e-02,7.051936e-01,2.811229e-04,1.310759e-02
4.800938e-02,4.496884e-03,1.102324e-03,1.743298e-02,5.723943e-03,5.283166e-02,2.404109e-03,2.320905e-03,6.628603e-02,5.712104e-04,6.421130e-03,2.839185e-02,7.229890e-01,2.524607e-04,4.076620e-02
3.995036e-02,3.432986e-03,8.713516e-04,1.242742e-02,4.492591e-03,4.782514e-02,1.861112e-03,1.889771e-03,5.242123e-02,5.017658e-04,5.257013e-03,3.099288e-02,7.613576e-01,2.024127e-04,3.651637e-02
3.069261e-02,2.501302e-03,6.859069e-04,8.814638e-03,3.443652e-03,4.343438e-02,1.430549e-03,1.509801e-03,4.076252e-02,4.641877e-04,5.056308e-03,3.302791e-02,7.996269e-01,2.937696e-04,2.825556e-02
3.262945e-02,2.701261e-03,1.458719e-03,7.120286e-03,3.582354e-03,4.075113e-02,1.509009e-03,4.217765e-03,3.986995e-02,1.072202e-03,8.805041e-03,4.204259e-02,7.814009e-01,8.244519e-04,3.201501e-02
3.021880e-02,2.302752e-03,1.175607e-03,5.501952e-03,4.008115e-03,3.697351e-02,1.337296e-03,3.494979e-03,4.320805e-02,1.284142e-03,1.255745e-02,5.089414e-02,7.772196e-01,8.451716e-04,2.897854e-02
4.711101e-02,2.620125e-03,1.156167e-03,5.652340e-03,8.842019e-03,4.661537e-02,1.959023e-03,3.799222e-03,3.325979e-02,1.353697e-03,1.063930e-02,1.174640e-01,6.954892e-01,7.333882e-04,2.330546e-02
3.739170e-02,2.056325e-03,1.032622e-03,4.148776e-03,9.827010e-03,3.520877e-02,2.137953e-03,3.492408e-03,2.580579e-02,1.856178e-03,1.006608e-02,1.301241e-01,7.109056e-01,8.300736e-04,2.511669e-02
3.652192e-02,2.292525e-03,1.905221e-03,4.593142e-03,1.256204e-02,3.650167e-02,2.035191e-03,5.342097e-03,2.618873e-02,2.417697e-03,1.057772e-02,1.438833e-01,6.937233e-01,1.006245e-03,2.044926e-02
3.029474e-02,1.953286e-03,1.754253e-03,4.021730e-03,1.161250e-02,4.308288e-02,1.925267e-03,4.072457e-03,2.477980e-02,2.658973e-03,1.607749e-02,1.549147e-01,6.835502e-01,1.200885e-03,1.810084e-02
2.473718e-02,1.692019e-03,1.458504e-03,3.295502e-03,1.041156e-02,3.324816e-02,2.480626e-03,3.348512e-03,2.858458e-02,3.711926e-03,2.076940e-02,1.679787e-01,6.727475e-01,1.672741e-03,2.386319e-02
1.964948e-02,1.641262e-03,2.582988e-03,3.273048e-03,2.161969e-02,2.468589e-02,4.237617e-03,4.841025e-03,5.224963e-02,3.642163e-03,2.626741e-02,1.316121e-01,6.603171e-01,1.472609e-03,4.190807e-02
1.754566e-02,2.941093e-03,5.942697e-03,5.040361e-03,2.407894e-02,1.862159e-02,5.243395e-03,1.100942e-02,1.066191e-01,5.107502e-03,2.633982e-02,1.025006e-01,6.107196e-01,1.481165e-03,5.680911e-02
3.087821e-02,6.091657e-03,2.421189e-02,5.437164e-02,2.599056e-02,2.042056e-02,4.404149e-03,2.187866e-02,1.815729e-01,6.341502e-03,2.777255e-02,8.081438e-02,4.715064e-01,1.572391e-03,4.217261e-02
3.079031e-02,8.294312e-03,2.290548e-02,5.010367e-02,2.430046e-02,1.798388e-02,4.465688e-03,1.818885e-02,2.098550e-01,6.110936e-03,3.460056e-02,7.172867e-02,4.530033e-01,1.432880e-03,4.623605e-02
2.492211e-02,7.118273e-03,2.051270e-02,3.837427e-02,3.885746e-02,1.389195e-02,1.030806e-02,2.246119e-02,2.018153e-01,6.104636e-03,3.693964e-02,5.935355e-02,4.561747e-01,1.281478e-03,6.188470e-02
2.484641e-02,1.819252e-02,2.398318e-02,2.822015e-02,5.363345e-02,1.906789e-02,1.105670e-02,2.151816e-02,2.881930e-01,4.934670e-03,3.385332e-02,6.189078e-02,3.565494e-01,1.188820e-03,5.287154e-02
3.606481e-02,1.902928e-02,7.629725e-02,9.539358e-02,5.613040e-02,1.710472e-02,9.430014e-03,2.010888e-02,2.803164e-01,7.209230e-03,2.818407e-02,4.588197e-02,2.637117e-01,1.504767e-03,4.363298e-02
9.580950e-02,3.064604e-02,6.172984e-02,7.581839e-02,5.781681e-02,4.548435e-02,9.541191e-03,1.888843e-02,2.718366e-01,6.417840e-03,2.570637e-02,3.940938e-02,2.124455e-01,4.494577e-03,4.395518e-02
9.669693e-02,3.567925e-02,7.078379e-02,7.463379e-02,7.253885e-02,5.370804e-02,1.068684e-02,3.034633e-02,2.696299e-01,6.799771e-03,2.357512e-02,3.851905e-02,1.735947e-01,4.536655e-03,3.827106e-02
8.572496e-02,3.231933e-02,5.948137e-02,5.537007e-02,9.624802e-02,6.511925e-02,1.384290e-02,2.943651e-02,2.882061e-01,5.066556e-03,2.080103e-02,3.542876e-02,1.755534e-01,4.157211e-03,3.324450e-02
9.302880e-02,2.811545e-02,4.514531e-02,4.094291e-02,7.675691e-02,6.551027e-02,1.455560e-02,4.636712e-02,3.002178e-01,4.349880e-03,1.786556e-02,3.295309e-02,1.943311e-01,3.795975e-03,3.606425e-02
9.625471e-02,2.353396e-02,4.582555e-02,1.097328e-01,5.730068e-02,5.363204e-02,1.078384e-02,4.033284e-02,3.167013e-01,6.039540e-03,1.654339e-02,2.998538e-02,1.536838e-01,3.882349e-03,3.576778e-02
1.105631e-01,2.405067e-02,3.507361e-02,8.047546e-02,6.299133e-02,6.259011e-02,9.999735e-03,3.616692e-02,3.343590e-01,5.351910e-03,1.712521e-02,3.429181e-02,1.361168e-01,6.206962e-03,4.463750e-02
9.393183e-02,1.891406e-02,2.618503e-02,1.246439e-01,5.772877e-02,6.091610e-02,7.682875e-03,2.635285e-02,2.475577e-01,3.924248e-03,1.662182e-02,2.826257e-02,2.481417e-01,4.584288e-03,3.455233e-02
8.096543e-02,1.409246e-02,1.948030e-02,1.340616e-01,6.555872e-02,5.046588e-02,5.703988e-03,1.975948e-02,1.810591e-01,2.952782e-03,1.757849e-02,2.799055e-02,3.494229e-01,3.438408e-03,2.746997e-02
6.162664e-02,1.015750e-02,1.374096e-02,9.938346e-02,4.991801e-02,3.965655e-02,4.148984e-03,1.390823e-02,1.304141e-01,2.298042e-03,1.956151e-02,3.474726e-02,4.969825e-01,2.646658e-03,2.080958e-02
4.830418e-02,7.275585e-03,9.657975e-03,7.084774e-02,3.599422e-02,3.404489e-02,3.011159e-03,9.811998e-03,9.229892e-02,2.016854e-03,3.075192e-02,3.649642e-02,6.019051e-01,2.139175e-03,1.544382e-02
3.593816e-02,5.127370e-03,6.778791e-03,4.980003e-02,2.635156e-02,2.532434e-02,2.219536e-03,6.946370e-03,6.723440e-02,1.811486e-03,5.046852e-02,4.186107e-02,6.661179e-01,1.634514e-03,1.238590e-02
2.636735e-02,3.802126e-03,4.768705e-03,3.497654e-02,1.917866e-02,1.850441e-02,1.687831e-03,5.142696e-03,6.601959e-02,5.001470e-03,6.578482e-02,4.621501e-02,6.905764e-01,1.265440e-03,1.070892e-02
2.151841e-02,3.264322e-03,3.435829e-03,2.463153e-02,1.509049e-02,1.886761e-02,1.457474e-03,4.827575e-03,7.919365e-02,9.278922e-03,6.347857e-02,4.878911e-02,6.961035e-01,1.007382e-03,9.055694e-03
1.975524e-02,2.613877e-03,5.286295e-03,1.891049e-02,3.088217e-02,1.853331e-02,2.781867e-02,3.277353e-02,7.896760e-02,1.545592e-02,6.614144e-02,3.942229e-02,6.294600e-01,9.356273e-04,1.304360e-02
1.702412e-02,2.718369e-03,4.420077e-03,1.376823e-02,5.287571e-02,1.893767e-02,2.098309e-02,2.683830e-02,9.798414e-02,1.431054e-02,6.023719e-02,4.649088e-02,6.114167e-01,8.678351e-04,1.112719e-02
2.971184e-02,2.544652e-03,3.485268e-03,1.070108e-02,1.162608e-01,2.389023e-02,1.739442e-02,2.101029e-02,1.194922e-01,1.126853e-02,5.096920e-02,4.136108e-02,5.421724e-01,8.166275e-04,8.921398e-03
2.811588e-02,2.288757e-03,3.519274e-03,7.780799e-03,1.204481e-01,1.930747e-02,1.320384e-02,2.172907e-02,1.000007e-01,8.504583e-03,6.971735e-02,3.700392e-02,5.590582e-01,7.426986e-04,8.579441e-03
2.364411e-02,2.240749e-03,2.627178e-03,5.598289e-03,1.050763e-01,1.590883e-02,9.977037e-03,1.721247e-02,1.055514e-01,6.755594e-03,7.956447e-02,5.641587e-02,5.610333e-01,6.747255e-04,7.719711e-03
1.990906e-02,2.409448e-03,2.176292e-03,4.087043e-03,1.575883e-01,1.844689e-02,1.059751e-02,1.462218e-02,1.667547e-01,5.131809e-03,7.891386e-02,5.084330e-02,4.602668e-01,5.255403e-04,7.727179e-03
2.140138e-02,3.745074e-03,2.052449e-03,3.976616e-03,1.537245e-01,2.516713e-02,9.058370e-03,1.399357e-02,1.788257e-01,5.743712e-03,6.713050e-02,5.839257e-02,4.474027e-01,7.339539e-04,8.651757e-03
3.131986e-02,4.675006e-03,1.532589e-03,3.210359e-03,1.287446e-01,2.948628e-02,7.653798e-03,1.169057e-02,2.137397e-01,5.600911e-03,6.584034e-02,6.864247e-02,4.181615e-01,8.282615e-04,8.873766e-03
2.591221e-02,1.257796e-02,1.642055e-03,3.120538e-03,1.004555e-01,6.561224e-02,5.697562e-03,8.920899e-03,2.534531e-01,5.804489e-03,6.026794e-02,7.436924e-02,3.657004e-01,2.288357e-03,1.417755e-02
1.993768e-02,1.282067e-02,1.395161e-03,2.476639e-03,7.920066e-02,8.306606e-02,4.512900e-03,7.409568e-03,2.523363e-01,6.012468e-03,6.975622e-02,9.893929e-02,3.459167e-01,2.598792e-03,1.362089e-02
1.524991e-02,1.475660e-02,1.917008e-03,1.930580e-03,5.929232e-02,6.937504e-02,3.708253e-03,8.487199e-03,2.676697e-01,8.389675e-03,7.112776e-02,1.131252e-01,3.474244e-01,2.205604e-03,1.534079e-02
1.177132e-02,2.250756e-02,2.634105e-03,1.743066e-03,4.258789e-02,5.462699e-02,2.702166e-03,9.961566e-03,4.153415e-01,6.169076e-03,5.184681e-02,9.423536e-02,2.712662e-01,1.562134e-03,1.104422e-02
8.506650e-03,2.890779e-02,1.906107e-03,1.418037e-03,3.113121e-02,4.176772e-02,1.927113e-03,7.248263e-03,5.668914e-01,4.355320e-03,3.658611e-02,6.805407e-02,1.923683e-01,1.104053e-03,7.827702e-03
6.223002e-03,2.820134e-02,1.731711e-03,1.214797e-02,2.699976e-02,3.097714e-02,1.511068e-03,6.277380e-03,6.676558e-01,3.262508e-03,2.567194e-02,4.774560e-02,1.350023e-01,7.833011e-04,5.809212e-03
4.767722e-03,2.665794e-02,1.542320e-03,1.836537e-02,2.404749e-02,2.308605e-02,1.097668e-03,4.517281e-03,7.422433e-01,2.552728e-03,1.803247e-02,3.347633e-02,9.471538e-02,5.560772e-04,4.341914e-03
3.769247e-03,3.561625e-02,1.354623e-03,8.665710e-02,2.362549e-02,1.749006e-02,7.954534e-04,3.386334e-03,7.184867e-01,2.086166e-03,1.282180e-02,2.349478e-02,6.648473e-02,3.983327e-04,3.532953e-03
4.847589e-03,6.367683e-02,1.278104e-03,1.115915e-01,2.915615e-02,1.466111e-02,6.187079e-04,3.490364e-03,6.919658e-01,1.931016e-03,9.250156e-03,1.654192e-02,4.677948e-02,2.960457e-04,3.915301e-03
6.362677e-03,6.627466e-02,1.283015e-03,1.331393e-01,4.032658e-02,1.206688e-02,5.752945e-04,4.165830e-03,6.755378e-01,2.493554e-03,6.959931e-03,1.178074e-02,3.337588e-02,2.247618e-04,5.433111e-03
8.913163e-03,7.395715e-02,1.729706e-03,1.632206e-01,5.693620e-02,1.086417e-02,1.196621e-03,5.168454e-03,6.297144e-01,2.659498e-03,5.492162e-03,8.487273e-03,2.509171e-02,1.673914e-04,6.401524e-03
1.049824e-02,9.506971e-02,1.347565e-03,1.245204e-01,5.795203e-02,1.077142e-02,1.038401e-03,4.537584e-03,6.573813e-01,2.563596e-03,4.080038e-03,6.065783e-03,1.850913e-02,1.262537e-04,5.538565e-03
1.521868e-02,9.122239e-02,1.241045e-03,9.720910e-02,7.872313e-02,1.068847e-02,1.427163e-03,8.423438e-03,6.661668e-01,2.627315e-03,3.062280e-03,4.308688e-03,1.423078e-02,9.620523e-05,5.354446e-03
1.568808e-02,1.289255e-01,1.594447e-03,1.020083e-01,7.274107e-02,9.472252e-03,1.274510e-03,9.784640e-03,6.249852e-01,3.680136e-03,2.360288e-03,3.128424e-03,1.508923e-02,8.549538e-05,9.182289e-03
1.545796e-02,1.344718e-01,1.535639e-02,1.881925e-01,6.616911e-02,8.859333e-03,1.124176e-03,1.244902e-02,5.004609e-01,1.030745e-02,2.550014e-03,2.395757e-03,1.209421e-02,9.918702e-05,3.001211e-02
1.560431e-02,1.220522e-01,4.563703e-02,2.352584e-01,5.211135e-02,7.819124e-03,9.139896e-04,1.152124e-02,3.748904e-01,2.729590e-02,2.456637e-03,2.035619e-03,9.076021e-03,1.188985e-04,9.320884e-02
4.114378e-02,1.024265e-01,3.782566e-02,1.854241e-01,6.261890e-02,1.839428e-02,1.325141e-03,1.169620e-02,3.163838e-01,4.214879e-02,2.767205e-03,1.668744e-03,6.976308e-03,1.642556e-04,1.690363e-01
3.677870e-02,8.191808e-02,1.144280e-01,2.293872e-01,5.514029e-02,1.653239e-02,1.751993e-03,1.616983e-02,2.354560e-01,4.784737e-02,2.681490e-03,1.377446e-03,5.224959e-03,1.774401e-04,1.551288e-01
2.758945e-02,6.186677e-02,2.115097e-01,2.939524e-01,4.463020e-02,1.419052e-02,1.426244e-03,1.311198e-02,1.719287e-01,3.726627e-02,2.238164e-03,1.016691e-03,3.739645e-03,1.400727e-04,1.153931e-01
1.944315e-02,7.374702e-02,3.326581e-01,2.718974e-01,3.310853e-02,1.056261e-02,1.026310e-03,9.291067e-03,1.222216e-01,3.125443e-02,6.657945e-03,1.203791e-03,2.998841e-03,1.390672e-04,8.379025e-02
1.361863e-02,5.375262e-02,4.461246e-01,2.183914e-01,2.355451e-02,7.566800e-03,7.851781e-04,6.550762e-03,8.586711e-02,4.193612e-02,5.736069e-03,3.389125e-02,3.193457e-03,2.095058e-04,5.882192e-02
9.539379e-03,3.802277e-02,4.597507e-01,1.650789e-01,1.662813e-02,5.316744e-03,5.739057e-04,4.599245e-03,6.062160e-02,3.615867e-02,7.673479e-03,1.405830e-01,1.385436e-02,2.500775e-04,4.134900e-02
6.694549e-03,2.672679e-02,4.474182e-01,1.174014e-01,1.178285e-02,4.557220e-03,4.647055e-04,3.247998e-03,4.287177e-02,2.604627e-02,1.526905e-02,2.414759e-01,2.676663e-02,2.488062e-04,2.902780e-02
4.689508e-03,1.875571e-02,3.439393e-01,8.242781e-02,8.270154e-03,3.246912e-03,3.411546e-04,2.276033e-03,3.055255e-02,1.847468e-02,1.237246e-02,4.214808e-01,3.264809e-02,1.889867e-04,2.033581e-02
3.286821e-03,1.319188e-02,2.425054e-01,5.783952e-02,7.263944e-03,2.305848e-03,2.579814e-04,1.602962e-03,2.674384e-02,1.318108e-02,1.268372e-02,5.270272e-01,7.770851e-02,1.517773e-04,1.424940e-02
2.302909e-03,9.339851e-03,1.698347e-01,4.050313e-02,6.815833e-03,2.656307e-03,2.383731e-04,1.177544e-03,4.675615e-02,1.080669e-02,1.055475e-02,5.727377e-01,1.161012e-01,1.488310e-04,1.002603e-02
1.614861e-03,6.760673e-03,1.189304e-01,2.835937e-02,5.005976e-03,9.387880e-03,1.978693e-04,9.395037e-04,4.627391e-02,8.402701e-03,8.120941e-03,4.927247e-01,2.660214e-01,1.714748e-04,7.088188e-03
1.160859e-03,5.080838e-03,8.334309e-02,1.987616e-02,4.015793e-03,1.051443e-02,2.403156e-04,8.087144e-04,4.715968e-02,7.613027e-03,7.697234e-03,5.769219e-01,2.299485e-01,4.179315e-04,5.201379e-03
8.732532e-04,3.798119e-03,5.843242e-02,1.391975e-02,3.522051e-03,1.788112e-02,2.721182e-04,7.019485e-04,3.618767e-02,6.960969e-03,6.350559e-03,6.613368e-01,1.855205e-01,4.978171e-04,3.744900e-03
7.578343e-04,3.353063e-03,4.108141e-02,9.763099e-03,6.188851e-03,4.617538e-02,4.534259e-04,9.534580e-04,4.053894e-02,5.604773e-03,6.169631e-03,6.914113e-01,1.441415e-01,5.989126e-04,2.808421e-03
1.148450e-03,3.107233e-03,2.889398e-02,6.855550e-03,1.314562e-02,5.605403e-02,8.773438e-04,1.998194e-03,4.540045e-02,4.345678e-03,5.030082e-03,7.258901e-01,1.046735e-01,5.577001e-04,2.022099e-03
1.288974e-03,3.461074e-03,2.030170e-02,4.816602e-03,1.352272e-02,7.276393e-02,9.377982e-04,1.923454e-03,4.500667e-02,3.348975e-03,4.040641e-03,7.462310e-01,8.041182e-02,4.993186e-04,1.445288e-03
1.622378e-03,4.097040e-03,1.428857e-02,3.396214e-03,1.178140e-02,6.795758e-02,1.075739e-03,1.871031e-03,8.106692e-02,2.694172e-03,3.784152e-03,7.450880e-01,5.967024e-02,5.448502e-04,1.061664e-03
1.426289e-03,3.927155e-03,1.006386e-02,2.398610e-03,9.144700e-03,5.080954e-02,1.015455e-03,1.907412e-03,1.181392e-01,1.957837e-03,3.207378e-03,7.505873e-01,4.413478e-02,4.894307e-04,7.909694e-04
2.770268e-03,3.634819e-03,7.250524e-03,1.717777e-03,9.192199e-03,4.726230e-02,1.923570e-03,4.709264e-03,1.366185e-01,1.516278e-03,3.313036e-03,7.405510e-01,3.841155e-02,4.938832e-04,6.350146e-04
3.401417e-03,5.629180e-03,6.110924e-03,1.568739e-03,9.330039e-03,5.469094e-02,2.152800e-03,2.495687e-02,1.851499e-01,1.319358e-03,3.688530e-03,6.685759e-01,3.174641e-02,1.041320e-03,6.377168e-04
4.047836e-03,1.295549e-02,4.758972e-03,1.201385e-03,8.219483e-03,6.716313e-02,2.285840e-03,2.268471e-02,3.040146e-01,1.071222e-03,4.281629e-03,5.375231e-01,2.827543e-02,9.586055e-04,5.586240e-04
6.588001e-03,2.419295e-02,4.371824e-03,2.007451e-03,8.705282e-03,1.088785e-01,4.587194e-03,2.560347e-02,3.699091e-01,1.180788e-03,3.431837e-03,4.174300e-01,2.186096e-02,7.159130e-04,5.368002e-04
1.220067e-02,3.567747e-02,7.760137e-03,2.977724e-03,2.007513e-02,1.216479e-01,3.150313e-02,3.285572e-02,3.973502e-01,1.246335e-03,2.988218e-03,3.162544e-01,1.622652e-02,5.499481e-04,6.865497e-04
2.901658e-02,4.416471e-02,8.380783e-03,7.450725e-03,7.308175e-02,1.106238e-01,4.258092e-02,2.982866e-02,3.721583e-01,1.094899e-03,4.716374e-03,2.618124e-01,1.344008e-02,4.608834e-04,1.189025e-03
3.275673e-02,1.125375e-01,1.119542e-02,1.296432e-02,7.234008e-02,9.509709e-02,3.957482e-02,2.613516e-02,3.879919e-01,1.154840e-03,4.019548e-03,1.922318e-01,1.000142e-02,4.057074e-04,1.593756e-03
4.547276e-02,1.004807e-01,1.496577e-02,1.781581e-02,1.202546e-01,8.065841e-02,5.640131e-02,2.607249e-02,3.614814e-01,9.883943e-04,4.021491e-03,1.611917e-01,8.401495e-03,3.376428e-04,1.455951e-03
4.178089e-02,7.591099e-02,2.312866e-02,1.411143e-01,1.670032e-01,5.926607e-02,4.483476e-02,5.540702e-02,2.659657e-01,8.015854e-04,3.181174e-03,1.139359e-01,6.061120e-03,2.578145e-04,1.350827e-03
4.870507e-02,5.623998e-02,5.836538e-02,2.366239e-01,1.654618e-01,4.442272e-02,4.104474e-02,5.136863e-02,2.045398e-01,6.844492e-04,2.774871e-03,8.330118e-02,4.948081e-03,2.276566e-04,1.291707e-03
8.886036e-02,7.038505e-02,6.757516e-02,1.741091e-01,1.919488e-01,4.209441e-02,4.926949e-02,4.002424e-02,1.985515e-01,5.741291e-04,2.939302e-03,6.517666e-02,6.202290e-03,3.682376e-04,1.921204e-03
6.963201e-02,5.701972e-02,5.788368e-02,3.433659e-01,1.653136e-01,3.264781e-02,3.591770e-02,3.469207e-02,1.439869e-01,7.214862e-04,2.975219e-03,4.698873e-02,5.499245e-03,3.427110e-04,3.013139e-03
5.903001e-02,4.733918e-02,6.270865e-02,4.515682e-01,1.336586e-01,2.616915e-02,2.613375e-02,2.807277e-02,1.106394e-01,2.474404e-03,4.528425e-03,3.468577e-02,4.996408e-03,3.548057e-04,7.640369e-03
1.000857e-01,4.448169e-02,1.349542e-01,3.857056e-01,1.181442e-01,2.404290e-02,1.898914e-02,2.756672e-02,9.548126e-02,2.475487e-03,5.304296e-03,2.775911e-02,5.117285e-03,6.579394e-04,9.234511e-03
1.502486e-01,3.921502e-02,1.660639e-01,3.475843e-01,1.004993e-01,2.045687e-02,1.387987e-02,2.760617e-02,7.523763e-02,3.319540e-03,8.923339e-03,2.419458e-02,6.775440e-03,2.424828e-03,1.357056e-02
2.782905e-01,3.294873e-02,1.392719e-01,2.700784e-01,7.534942e-02,1.715281e-02,1.055536e-02,2.938907e-02,6.597450e-02,3.979133e-03,1.232622e-02,2.329816e-02,8.138226e-03,8.397045e-03,2.485055e-02
3.863622e-01,3.187893e-02,1.135408e-01,2.258364e-01,6.013907e-02,1.492087e-02,7.913613e-03,2.555943e-02,5.280191e-02,4.050487e-03,1.183951e-02,2.017364e-02,9.582051e-03,1.225867e-02,2.314255e-02
4.738341e-01,2.957852e-02,9.918780e-02,1.832874e-01,4.630955e-02,1.428284e-02,6.448630e-03,2.640489e-02,3.988677e-02,4.041642e-03,1.110986e-02,1.906408e-02,1.058453e-02,1.262759e-02,2.335181e-02
3.435737e-01,1.683562e-01,9.980405e-02,1.937435e-01,3.400807e-02,1.128345e-02,4.697259e-03,1.911005e-02,3.251988e-02,1.232255e-02,1.156638e-02,1.504684e-02,1.077059e-02,9.320060e-03,3.387743e-02
2.509231e-01,1.446599e-01,8.715781e-02,1.809783e-01,2.504433e-02,9.091360e-03,3.741923e-03,1.365784e-02,2.352012e-02,9.238889e-03,8.879695e-03,1.791741e-02,1.930231e-01,6.624872e-03,2.554140e-02
1.822013e-01,1.119282e-01,6.349657e-02,1.604129e-01,1.872730e-02,8.366319e-03,4.242491e-03,9.837674e-03,1.826710e-02,7.084064e-03,6.926972e-03,1.800286e-02,3.626337e-01,5.032526e-03,2.283998e-02
1.299496e-01,8.117958e-02,4.603468e-02,1.253884e-01,1.507697e-02,7.433978e-03,6.064650e-03,7.108433e-03,1.489257e-02,5.229469e-03,6.440285e-03,3.526498e-02,4.943650e-01,3.718297e-03,2.185312e-02
9.170584e-02,5.792407e-02,3.248456e-02,9.044868e-02,1.205750e-02,9.140503e-03,5.589445e-03,5.033507e-03,1.115677e-02,3.707462e-03,5.842984e-03,3.792305e-02,6.166155e-01,2.626136e-03,1.774392e-02
6.549893e-02,4.185441e-02,2.297884e-02,6.496824e-02,9.596611e-03,1.812276e-02,6.246788e-03,3.641351e-03,9.095382e-03,2.758288e-03,5.969124e-03,5.905753e-02,6.733739e-01,1.998236e-03,1.483956e-02
4.672179e-02,2.967817e-02,1.617860e-02,4.593923e-02,7.338302e-03,1.607383e-02,5.008493e-03,2.617233e-03,7.458372e-03,3.628663e-03,8.089593e-03,5.998212e-02,7.345244e-01,1.771225e-03,1.498998e-02
3.297046e-02,2.088950e-02,1.136750e-02,3.247994e-02,5.412385e-03,1.311107e-02,3.624625e-03,1.906542e-03,6.588059e-03,3.851049e-03,9.147000e-03,5.943539e-02,7.815562e-01,1.779187e-03,1.588107e-02
2.315740e-02,1.467508e-02,8.012022e-03,2.342179e-02,4.063508e-03,9.955089e-03,2.705775e-03,2.438749e-03,6.872750e-03,8.949052e-03,1.226997e-02,6.649441e-02,7.947882e-01,1.482147e-03,2.071404e-02
1.626688e-02,1.054186e-02,5.726717e-03,1.732568e-02,3.670296e-03,7.618540e-03,2.050238e-03,7.996324e-03,2.865844e-02,2.004827e-02,1.466058e-02,7.021183e-02,7.742215e-01,1.094597e-03,1.990829e-02
1.207772e-02,8.248697e-03,4.416737e-03,1.475639e-02,4.342742e-03,1.298648e-02,1.744856e-03,1.256524e-02,6.807215e-02,6.794740e-02,2.019357e-02,9.142749e-02,6.434259e-01,1.506517e-03,3.628809e-02
1.107782e-02,7.640462e-03,3.720983e-03,1.459451e-02,5.149703e-03,1.439534e-02,1.534311e-03,1.205676e-02,1.057009e-01,1.068930e-01,2.398796e-02,9.709242e-02,5.063199e-01,3.325935e-03,8.650995e-02
9.898795e-03,6.596054e-03,3.103349e-03,1.214850e-02,6.504814e-03,1.304647e-02,1.275288e-03,1.275894e-02,1.393182e-01,1.486426e-01,2.734690e-02,1.231518e-01,3.944868e-01,5.465459e-03,9.625603e-02
1.222695e-02,7.475146e-03,5.335938e-03,1.158838e-02,1.393242e-02,1.345828e-02,1.082436e-03,2.394722e-02,2.103721e-01,1.472788e-01,4.011038e-02,1.055901e-01,2.984731e-01,1.502018e-02,9.410851e-02
1.204908e-02,1.074882e-02,5.378742e-03,9.512788e-03,1.572685e-02,3.060225e-02,8.965484e-04,2.333103e-02,2.906027e-01,1.332251e-01,3.997582e-02,8.883248e-02,2.221323e-01,1.936990e-02,9.761548e-02
1.289510e-02,2.422188e-02,6.732612e-03,8.731665e-03,2.196212e-02,3.771784e-02,7.769871e-04,1.782819e-02,3.417047e-01,1.067233e-01,6.132346e-02,6.613239e-02,1.591418e-01,1.924024e-02,1.148676e-01
9.615384e-03,2.534091e-02,5.095000e-03,7.544818e-03,1.698005e-02,4.744418e-02,5.676418e-04,1.356415e-02,4.855826e-01,7.612379e-02,4.423504e-02,4.774206e-02,1.121895e-01,1.426418e-02,9.371073e-02
7.677559e-03,2.623652e-02,4.248871e-03,6.303499e-03,1.443357e-02,4.642829e-02,4.185785e-04,1.108701e-02,5.986886e-01,5.397427e-02,3.188075e-02,3.413528e-02,7.909461e-02,1.037908e-02,7.501358e-02
5.868717e-03,2.464958e-02,3.093329e-03,5.613904e-03,1.088995e-02,3.689765e-02,3.036679e-04,8.095884e-03,7.020335e-01,3.820137e-02,2.260262e-02,2.435626e-02,5.606856e-02,7.541818e-03,5.378322e-02
9.480803e-03,3.650612e-02,2.559000e-03,4.877983e-03,2.581442e-02,7.820271e-02,6.616673e-04,8.690303e-03,6.781927e-01,2.699091e-02,1.691495e-02,1.818987e-02,4.322732e-02,7.433530e-03,4.225768e-02
8.060912e-03,2.949729e-02,2.201720e-03,8.011409e-03,1.974436e-02,6.266264e-02,5.846850e-04,7.252551e-03,7.352749e-01,1.932996e-02,1.435991e-02,1.362300e-02,3.919595e-02,5.822732e-03,3.437800e-02
7.300113e-03,2.659865e-02,3.331032e-03,1.282737e-02,1.542435e-02,4.919739e-02,6.097325e-04,6.896527e-03,7.701862e-01,1.425317e-02,1.190006e-02,1.039777e-02,3.364012e-02,4.534245e-03,3.290322e-02
9.398198e-03,2.631299e-02,3.171888e-03,1.650131e-02,1.729135e-02,4.097651e-02,1.600829e-03,9.913127e-03,7.295491e-01,1.146591e-02,1.441131e-02,1.262999e-02,4.410399e-02,4.870706e-03,5.780277e-02
1.986909e-02,3.377394e-02,5.085282e-03,2.122745e-02,4.202127e-02,3.845972e-02,2.728167e-03,1.430293e-02,6.118536e-01,9.398656e-03,1.307707e-02,1.180013e-02,3.522984e-02,6.467804e-03,1.347051e-01
1.747208e-02,3.614039e-02,4.050881e-03,1.652472e-02,4.478921e-02,3.241188e-02,2.444148e-03,1.184151e-02,6.679389e-01,6.816089e-03,1.017770e-02,9.574651e-03,2.594966e-02,5.219477e-03,1.086488e-01
1.271482e-02,4.808205e-02,3.956010e-03,1.596783e-01,3.323149e-02,3.477626e-02,1.771862e-03,9.136242e-03,5.600823e-01,5.485976e-03,8.919951e-03,7.309801e-03,2.018898e-02,3.801053e-03,9.086500e-02
8.950558e-03,3.395120e-02,2.820135e-03,2.372040e-01,2.425011e-02,2.478067e-02,1.245536e-03,6.465831e-03,4.339902e-01,3.892268e-03,1.337711e-01,5.728601e-03,1.584752e-02,2.982618e-03,6.411982e-02
6.336451e-03,2.424931e-02,2.183030e-03,3.341857e-01,2.194713e-02,1.758265e-02,9.101576e-04,4.674258e-03,3.566537e-01,3.000478e-03,1.554631e-01,9.995090e-03,1.333405e-02,3.851718e-03,4.563331e-02
4.468111e-03,1.702366e-02,1.608897e-03,3.147393e-01,1.685875e-02,1.258307e-02,6.490826e-04,3.309392e-03,2.542122e-01,7.141605e-03,2.474215e-01,7.100853e-02,1.271596e-02,4.243600e-03,3.201627e-02
3.168297e-03,1.194161e-02,1.204336e-03,2.747719e-01,1.399284e-02,9.425476e-03,4.801633e-04,2.363381e-03,1.825561e-01,6.825509e-03,2.415959e-01,2.080226e-01,1.294860e-02,8.226776e-03,2.247647e-02
2.253129e-03,8.393525e-03,9.216219e-04,1.974262e-01,2.352807e-02,1.278101e-02,3.669484e-04,1.694354e-03,1.315310e-01,8.153959e-03,2.762197e-01,2.942544e-01,1.697515e-02,9.602057e-03,1.589889e-02
1.699413e-03,5.899257e-03,6.571400e-04,1.388922e-01,3.876562e-02,1.152576e-02,2.629330e-04,1.195225e-03,9.315553e-02,7.123411e-03,2.734796e-01,3.935428e-01,1.553851e-02,7.079478e-03,1.118316e-02
1.617901e-03,4.235455e-03,4.993844e-04,9.799810e-02,5.446421e-02,1.671772e-02,2.235505e-04,9.141963e-04,6.686954e-02,6.993174e-03,2.385835e-01,4.816248e-01,1.508586e-02,6.258315e-03,7.914381e-03
2.000889e-03,3.131260e-03,4.343882e-04,6.918162e-02,5.682864e-02,4.066603e-02,2.949664e-04,1.466266e-03,4.764246e-02,6.531625e-03,2.252798e-01,5.242564e-01,1.195033e-02,4.711139e-03,5.624142e-03
2.361626e-03,2.255250e-03,3.718056e-04,4.944861e-02,6.738950e-02,3.863964e-02,3.164959e-04,1.532572e-03,3.386090e-02,5.656930e-03,2.014769e-01,5.803015e-01,8.877039e-03,3.495764e-03,4.015455e-03
2.337718e-03,1.631760e-03,2.889749e-04,3.543179e-02,6.422501e-02,3.306852e-02,3.109213e-04,1.207500e-03,2.394256e-02,4.374549e-03,1.731837e-01,6.477802e-01,6.592621e-03,2.706035e-03,2.918097e-03
2.469716e-03,1.253421e-03,2.398537e-04,2.511154e-02,6.575704e-02,2.596083e-02,2.490984e-04,8.993383e-04,1.739622e-02,3.601874e-03,1.323925e-01,7.155082e-01,4.955877e-03,2.013762e-03,2.190663e-03
2.718249e-03,1.014641e-03,2.368586e-04,1.793205e-02,7.088827e-02,2.109295e-02,2.167032e-04,7.425811e-04,1.262606e-02,2.820596e-03,1.098731e-01,7.527024e-01,3.804151e-03,1.644226e-03,1.687182e-03
4.342345e-03,8.203707e-04,2.085457e-04,1.262772e-02,5.884661e-02,1.868029e-02,2.063086e-04,5.881535e-04,9.126005e-03,2.425831e-03,9.275667e-02,7.932376e-01,3.228537e-03,1.594624e-03,1.310436e-03
4.290700e-03,9.571518e-04,3.147295e-04,8.881744e-03,6.822053e-02,1.533447e-02,2.067511e-04,4.649988e-04,6.964125e-03,1.908360e-03,1.129497e-01,7.738240e-01,2.938935e-03,1.686903e-03,1.056831e-03
3.632667e-03,1.269407e-03,6.280416e-04,6.320602e-03,5.786691e-02,2.352263e-02,5.422762e-04,4.712548e-04,5.580002e-03,1.582547e-03,2.156417e-01,6.777720e-01,2.675161e-03,1.458731e-03,1.036027e-03
6.731976e-03,1.535380e-03,1.415376e-03,4.629593e-03,5.340882e-02,2.517157e-02,1.398288e-03,7.044666e-04,6.228699e-03,1.481363e-03,3.066489e-01,5.840230e-01,3.838346e-03,1.600572e-03,1.183578e-03
6.944392e-03,1.378380e-03,1.696853e-03,3.321191e-03,4.672856e-02,6.118022e-02,1.596173e-03,9.260743e-04,5.895852e-03,1.209338e-03,3.734051e-01,4.867563e-01,6.484264e-03,1.496961e-03,9.803615e-04
1.124994e-02,1.417787e-03,2.729998e-03,2.409831e-03,4.643156e-02,9.876110e-02,2.633756e-03,1.283603e-03,5.215162e-03,1.106587e-03,4.151039e-01,3.985229e-01,1.088706e-02,1.424470e-03,8.223677e-04
1.223312e-02,1.315028e-03,2.785516e-03,1.725808e-03,4.264094e-02,8.237211e-02,2.330984e-03,1.264700e-03,6.372980e-03,1.021597e-03,4.813707e-01,3.457760e-01,1.677319e-02,1.337340e-03,6.800138e-04
