1.000000e+00,0.000000e+00,0.000000e+00,0.000000e+00,0.000000e+00,0.000000e+00,0.000000e+00,0.000000e+00,0.000000e+00,0.000000e+00,0.000000e+00,0.000000e+00,0.000000e+00,0.000000e+00,0.000000e+00
1.000000e+00,0.000000e+00,0.000000e+00,0.000000e+00,0.000000e+00,0.000000e+00,0.000000e+00,0.000000e+00,0.000000e+00,0.000000e+00,0.000000e+00,0.000000e+00,0.000000e+00,0.000000e+00,0.000000e+00
1.000000e+00,0.000000e+00,0.000000e+00,0.000000e+00,0.000000e+00,0.000000e+00,0.000000e+00,0.000000e+00,0.000000e+00,0.000000e+00,0.000000e+00,0.000000e+00,0.000000e+00,0.000000e+00,0.000000e+00
1.000000e+00,0.000000e+00,0.000000e+00,0.000000e+00,0.000000e+00,0.000000e+00,0.000000e+00,0.000000e+00,0.000000e+00,0.000000e+00,0.000000e+00,0.000000e+00,0.000000e+00,0.000000e+00,0.000000e+00
1.000000e+00,0.000000e+00,0.000000e+00,0.000000e+00,0.000000e+00,0.000000e+00,0.000000e+00,0.000000e+00,0.000000e+00,0.000000e+00,0.000000e+00,0.000000e+00,0.000000e+00,0.000000e+00,0.000000e+00
1.000000e+00,0.000000e+00,0.000000e+00,0.000000e+00,0.000000e+00,0.000000e+00,0.000000e+00,0.000000e+00,0.000000e+00,0.000000e+00,0.000000e+00,0.000000e+00,0.000000e+00,0.000000e+00,0.000000e+00
1.000000e+00,0.000000e+00,0.000000e+00,0.000000e+00,0.000000e+00,0.000000e+00,0.000000e+00,0.000000e+00,0.000000e+00,0.000000e+00,0.000000e+00,0.000000e+00,0.000000e+00,0.000000e+00,0.000000e+00
1.000000e+00,0.000000e+00,0.000000e+00,0.000000e+00,0.000000e+00,0.000000e+00,0.000000e+00,0.000000e+00,0.000000e+00,0.000000e+00,0.000000e+00,0.000000e+00,0.000000e+00,0.000000e+00,0.000000e+00
1.000000e+00,0.000000e+00,0.000000e+00,0.000000e+00,0.000000e+00,0.000000e+00,0.000000e+00,0.000000e+00,0.000000e+00,0.000000e+00,0.000000e+00,0.000000e+00,0.000000e+00,0.000000e+00,0.000000e+00
1.000000e+00,0.000000e+00,0.000000e+00,0.000000e+00,0.000000e+00,0.000000e+00,0.000000e+00,0.000000e+00,0.000000e+00,0.000000e+00,0.000000e+00,0.000000e+00,0.000000e+00,0.000000e+00,0.000000e+00
1.000000e+00,0.000000e+00,0.000000e+00,0.000000e+00,0.000000e+00,0.000000e+00,0.000000e+00,0.000000e+00,0.000000e+00,0.000000e+00,0.000000e+00,0.000000e+00,0.000000e+00,0.000000e+00,0.000000e+00
1.000000e+00,0.000000e+00,0.000000e+00,0.000000e+00,0.000000e+00,0.000000e+00,0.000000e+00,0.000000e+00,0.000000e+00,0.000000e+00,0.000000e+00,0.000000e+00,0.000000e+00,0.000000e+00,0.000000e+00
1.000000e+00,0.000000e+00,0.000000e+00,0.000000e+00,0.000000e+00,0.000000e+00,0.000000e+00,0.000000e+00,0.000000e+00,0.000000e+00,0.000000e+00,0.000000e+00,0.000000e+00,0.000000e+00,0.000000e+00
1.000000e+00,0.000000e+00,0.000000e+00,0.000000e+00,0.000000e+00,0.000000e+00,0.000000e+00,0.000000e+00,0.000000e+00,0.000000e+00,0.000000e+00,0.000000e+00,0.000000e+00,0.000000e+00,0.000000e+00
1.000000e+00,0.000000e+00,0.000000e+00,0.000000e+00,0.000000e+00,0.000000e+00,0.000000e+00,0.000000e+00,0.000000e+00,0.000000e+00,0.000000e+00,0.000000e+00,0.000000e+00,0.000000e+00,0.000000e+00
1.000000e+00,0.000000e+00,0.000000e+00,0.000000e+00,0.000000e+00,0.000000e+00,0.000000e+00,0.000000e+00,0.000000e+00,0.000000e+00,0.000000e+00,0.000000e+00,0.000000e+00,0.000000e+00,0.000000e+00
1.000000e+00,0.000000e+00,0.000000e+00,0.000000e+00,0.000000e+00,0.000000e+00,0.000000e+00,0.000000e+00,0.000000e+00,0.000000e+00,0.000000e+00,0.000000e+00,0.000000e+00,0.000000e+00,0.000000e+00
1.000000e+00,0.000000e+00,0.000000e+00,0.000000e+00,0.000000e+00,0.000000e+00,0.000000e+00,0.000000e+00,0.000000e+00,0.000000e+00,0.000000e+00,0.000000e+00,0.000000e+00,0.000000e+00,0.000000e+00
1.000000e+00,0.000000e+00,0.000000e+00,0.000000e+00,0.000000e+00,0.000000e+00,0.000000e+00,0.000000e+00,0.000000e+00,0.000000e+00,0.000000e+00,0.000000e+00,0.000000e+00,0.000000e+00,0.000000e+00
1.000000e+00,0.000000e+00,0.000000e+00,0.000000e+00,0.000000e+00,0.000000e+00,0.000000e+00,0.000000e+00,0.000000e+00,0.000000e+00,0.000000e+00,0.000000e+00,0.000000e+00,0.000000e+00,0.000000e+00
1.000000e+00,0.000000e+00,0.000000e+00,0.000000e+00,0.000000e+00,0.000000e+00,0.000000e+00,0.000000e+00,0.000000e+00,0.000000e+00,0.000000e+00,0.000000e+00,0.000000e+00,0.000000e+00,0.000000e+00
1.000000e+00,0.000000e+00,0.000000e+00,0.000000e+00,0.000000e+00,0.000000e+00,0.000000e+00,0.000000e+00,0.000000e+00,0.000000e+00,0.000000e+00,0.000000e+00,0.000000e+00,0.000000e+00,0.000000e+00
1.000000e+00,0.000000e+00,0.000000e+00,0.000000e+00,0.000000e+00,0.000000e+00,0.000000e+00,0.000000e+00,0.000000e+00,0.000000e+00,0.000000e+00,0.000000e+00,0.000000e+00,0.000000e+00,0.000000e+00
1.000000e+00,0.000000e+00,0.000000e+00,0.000000e+00,0.000000e+00,0.000000e+00,0.000000e+00,0.000000e+00,0.000000e+00,0.000000e+00,0.000000e+00,0.000000e+00,0.000000e+00,0.000000e+00,0.000000e+00
1.000000e+00,0.000000e+00,0.000000e+00,0.000000e+00,0.000000e+00,0.000000e+00,0.000000e+00,0.000000e+00,0.000000e+00,0.000000e+00,0.000000e+00,0.000000e+00,0.000000e+00,0.000000e+00,0.000000e+00
1.000000e+00,0.000000e+00,0.000000e+00,0.000000e+00,0.000000e+00,0.000000e+00,0.000000e+00,0.000000e+00,0.000000e+00,0.000000e+00,0.000000e+00,0.000000e+00,0.000000e+00,0.000000e+00,0.000000e+00
1.000000e+00,0.000000e+00,0.000000e+00,0.000000e+00,0.000000e+00,0.000000e+00,0.000000e+00,0.000000e+00,0.000000e+00,0.000000e+00,0.000000e+00,0.000000e+00,0.000000e+00,0.000000e+00,0.000000e+00
1.000000e+00,0.000000e+00,0.000000e+00,0.000000e+00,0.000000e+00,0.000000e+00,0.000000e+00,0.000000e+00,0.000000e+00,0.000000e+00,0.000000e+00,0.000000e+00,0.000000e+00,0.000000e+00,0.000000e+00
1.000000e+00,0.000000e+00,0.000000e+00,0.000000e+00,0.000000e+00,0.000000e+00,0.000000e+00,0.000000e+00,0.000000e+00,0.000000e+00,0.000000e+00,0.000000e+00,0.000000e+00,0.000000e+00,0.000000e+00
1.000000e+00,0.000000e+00,0.000000e+00,0.000000e+00,0.000000e+00,0.000000e+00,0.000000e+00,0.000000e+00,0.000000e+00,0.000000e+00,0.000000e+00,0.000000e+00,0.000000e+00,0.000000e+00,0.000000e+00
1.000000e+00,0.000000e+00,0.000000e+00,0.000000e+00,0.000000e+00,0.000000e+00,0.000000e+00,0.000000e+00,0.000000e+00,0.000000e+00,0.000000e+00,0.000000e+00,0.000000e+00,0.000000e+00,0.000000e+00
1.000000e+00,0.000000e+00,0.000000e+00,0.000000e+00,0.000000e+00,0.000000e+00,0.000000e+00,0.000000e+00,0.000000e+00,0.000000e+00,0.000000e+00,0.000000e+00,0.000000e+00,0.000000e+00,0.000000e+00
1.000000e+00,0.000000e+00,0.000000e+00,0.000000e+00,0.000000e+00,0.000000e+00,0.000000e+00,0.000000e+00,0.000000e+00,0.000000e+00,0.000000e+00,0.000000e+00,0.000000e+00,0.000000e+00,0.000000e+00
1.000000e+00,0.000000e+00,0.000000e+00,0.000000e+00,0.000000e+00,0.000000e+00,0.000000e+00,0.000000e+00,0.000000e+00,0.000000e+00,0.000000e+00,0.000000e+00,0.000000e+00,0.000000e+00,0.000000e+00
1.000000e+00,0.000000e+00,0.000000e+00,0.000000e+00,0.000000e+00,0.000000e+00,0.000000e+00,0.000000e+00,0.000000e+00,0.000000e+00,0.000000e+00,0.000000e+00,0.000000e+00,0.000000e+00,0.000000e+00
1.000000e+00,0.000000e+00,0.000000e+00,0.000000e+00,0.000000e+00,0.000000e+00,0.000000e+00,0.000000e+00,0.000000e+00,0.000000e+00,0.000000e+00,0.000000e+00,0.000000e+00,0.000000e+00,0.000000e+00
1.000000e+00,0.000000e+00,0.000000e+00,0.000000e+00,0.000000e+00,0.000000e+00,0.000000e+00,0.000000e+00,0.000000e+00,0.000000e+00,0.000000e+00,0.000000e+00,0.000000e+00,0.000000e+00,0.000000e+00
1.000000e+00,0.000000e+00,0.000000e+00,0.000000e+00,0.000000e+00,0.000000e+00,0.000000e+00,0.000000e+00,0.000000e+00,0.000000e+00,0.000000e+00,0.000000e+00,0.000000e+00,0.000000e+00,0.000000e+00
1.000000e+00,0.000000e+00,0.000000e+00,0.000000e+00,0.000000e+00,0.000000e+00,0.000000e+00,0.000000e+00,0.000000e+00,0.000000e+00,0.000000e+00,0.000000e+00,0.000000e+00,0.000000e+00,0.000000e+00
1.000000e+00,0.000000e+00,0.000000e+00,0.000000e+00,0.000000e+00,0.000000e+00,0.000000e+00,0.000000e+00,0.000000e+00,0.000000e+00,0.000000e+00,0.000000e+00,0.000000e+00,0.000000e+00,0.000000e+00
1.000000e+00,0.000000e+00,0.000000e+00,0.000000e+00,0.000000e+00,0.000000e+00,0.000000e+00,0.000000e+00,0.000000e+00,0.000000e+00,0.000000e+00,0.000000e+00,0.000000e+00,0.000000e+00,0.000000e+00
1.000000e+00,0.000000e+00,0.000000e+00,0.000000e+00,0.000000e+00,0.000000e+00,0.000000e+00,0.000000e+00,0.000000e+00,0.000000e+00,0.000000e+00,0.000000e+00,0.000000e+00,0.000000e+00,0.000000e+00
1.000000e+00,0.000000e+00,0.000000e+00,0.000000e+00,0.000000e+00,0.000000e+00,0.000000e+00,0.000000e+00,0.000000e+00,0.000000e+00,0.000000e+00,0.000000e+00,0.000000e+00,0.000000e+00,0.000000e+00
1.000000e+00,0.000000e+00,0.000000e+00,0.000000e+00,0.000000e+00,0.000000e+00,0.000000e+00,0.000000e+00,0.000000e+00,0.000000e+00,0.000000e+00,0.000000e+00,0.000000e+00,0.000000e+00,0.000000e+00
1.000000e+00,0.000000e+00,0.000000e+00,0.000000e+00,0.000000e+00,0.000000e+00,0.000000e+00,0.000000e+00,0.000000e+00,0.000000e+00,0.000000e+00,0.000000e+00,0.000000e+00,0.000000e+00,0.000000e+00
1.000000e+00,0.000000e+00,0.000000e+00,0.000000e+00,0.000000e+00,0.000000e+00,0.000000e+00,0.000000e+00,0.000000e+00,0.000000e+00,0.000000e+00,0.000000e+00,0.000000e+00,0.000000e+00,0.000000e+00
1.000000e+00,0.000000e+00,0.000000e+00,0.000000e+00,0.000000e+00,0.000000e+00,0.000000e+00,0.000000e+00,0.000000e+00,0.000000e+00,0.000000e+00,0.000000e+00,0.000000e+00,0.000000e+00,0.000000e+00
1.000000e+00,0.000000e+00,0.000000e+00,0.000000e+00,0.000000e+00,0.000000e+00,0.000000e+00,0.000000e+00,0.000000e+00,0.000000e+00,0.000000e+00,0.000000e+00,0.000000e+00,0.000000e+00,0.000000e+00
1.000000e+00,0.000000e+00,0.000000e+00,0.000000e+00,0.000000e+00,0.000000e+00,0.000000e+00,0.000000e+00,0.000000e+00,0.000000e+00,0.000000e+00,0.000000e+00,0.000000e+00,0.000000e+00,0.000000e+00
1.000000e+00,0.000000e+00,0.000000e+00,0.000000e+00,0.000000e+00,0.000000e+00,0.000000e+00,0.000000e+00,0.000000e+00,0.000000e+00,0.000000e+00,0.000000e+00,0.000000e+00,0.000000e+00,0.000000e+00
1.000000e+00,0.000000e+00,0.000000e+00,0.000000e+00,0.000000e+00,0.000000e+00,0.000000e+00,0.000000e+00,0.000000e+00,0.000000e+00,0.000000e+00,0.000000e+00,0.000000e+00,0.000000e+00,0.000000e+00
1.000000e+00,0.000000e+00,0.000000e+00,0.000000e+00,0.000000e+00,0.000000e+00,0.000000e+00,0.000000e+00,0.000000e+00,0.000000e+00,0.000000e+00,0.000000e+00,0.000000e+00,0.000000e+00,0.000000e+00
1.000000e+00,0.000000e+00,0.000000e+00,0.000000e+00,0.000000e+00,0.000000e+00,0.000000e+00,0.000000e+00,0.000000e+00,0.000000e+00,0.000000e+00,0.000000e+00,0.000000e+00,0.000000e+00,0.000000e+00
1.000000e+00,0.000000e+00,0.000000e+00,0.000000e+00,0.000000e+00,0.000000e+00,0.000000e+00,0.000000e+00,0.000000e+00,0.000000e+00,0.000000e+00,0.000000e+00,0.000000e+00,0.000000e+00,0.000000e+00
4.051998e-01,2.907807e-02,1.005454e-02,6.999651e-02,1.702545e-02,1.158852e-01,2.668108e-02,1.832640e-02,1.711877e-02,2.792412e-03,7.718910e-03,1.253062e-01,1.303506e-01,2.451790e-03,2.201426e-02
3.421405e-01,2.998209e-02,1.053337e-02,7.979993e-02,2.276266e-02,1.034440e-01,2.540750e-02,1.691656e-02,2.052201e-02,3.053844e-03,1.085979e-02,1.605148e-01,1.461422e-01,3.258791e-03,2.466202e-02
3.072118e-01,2.956937e-02,1.007043e-02,8.318050e-02,2.442261e-02,8.981875e-02,2.268162e-02,1.557593e-02,2.185279e-02,3.244226e-03,1.299684e-02,1.930947e-01,1.573620e-01,3.727624e-03,2.519082e-02
2.598234e-01,3.020684e-02,1.151452e-02,9.327663e-02,2.901445e-02,8.763427e-02,2.149822e-02,1.682947e-02,2.103232e-02,2.890223e-03,1.523869e-02,2.243754e-01,1.607298e-01,3.633773e-03,2.230204e-02
2.545223e-01,3.105674e-02,1.068170e-02,9.793557e-02,3.197327e-02,7.790472e-02,1.929580e-02,1.498348e-02,2.450444e-02,2.886465e-03,1.705128e-02,2.250759e-01,1.644892e-01,4.396294e-03,2.324279e-02
2.784027e-01,3.121573e-02,1.063757e-02,9.824109e-02,3.179312e-02,6.970819e-02,1.697643e-02,1.395112e-02,2.478289e-02,3.393475e-03,2.022176e-02,2.121368e-01,1.546768e-01,5.799901e-03,2.806244e-02
3.369763e-01,3.430196e-02,1.009623e-02,9.804788e-02,2.833172e-02,5.996163e-02,1.455589e-02,1.291432e-02,2.409750e-02,3.823259e-03,2.093254e-02,1.791655e-01,1.310874e-01,8.347565e-03,3.736041e-02
3.105727e-01,4.409187e-02,1.428277e-02,1.135989e-01,2.723330e-02,5.689090e-02,1.313437e-02,1.576855e-02,2.938217e-02,4.541499e-03,2.681804e-02,1.598253e-01,1.170909e-01,1.216959e-02,5.459929e-02
3.112196e-01,5.071912e-02,2.535698e-02,1.216337e-01,2.587668e-02,5.027006e-02,1.227068e-02,1.857339e-02,3.409804e-02,4.909428e-03,3.174116e-02,1.340569e-01,9.744602e-02,1.504518e-02,6.678310e-02
3.391773e-01,5.114944e-02,2.178403e-02,1.149411e-01,2.172575e-02,4.285650e-02,1.003983e-02,1.639295e-02,4.653894e-02,6.654060e-03,3.765408e-02,1.095049e-01,8.087909e-02,1.872395e-02,8.197810e-02
4.674578e-01,4.267981e-02,1.694137e-02,9.375864e-02,1.715363e-02,3.480373e-02,8.155990e-03,1.383898e-02,3.537609e-02,5.647562e-03,3.167973e-02,8.466950e-02,6.273318e-02,1.601191e-02,6.909207e-02
1.000000e+00,0.000000e+00,0.000000e+00,0.000000e+00,0.000000e+00,0.000000e+00,0.000000e+00,0.000000e+00,0.000000e+00,0.000000e+00,0.000000e+00,0.000000e+00,0.000000e+00,0.000000e+00,0.000000e+00
4.499467e-01,4.029035e-02,4.739178e-02,1.479549e-01,1.603619e-02,2.894671e-02,5.425955e-03,5.295682e-02,2.491181e-02,5.141794e-03,3.207307e-02,4.939999e-02,4.383925e-02,1.200197e-02,4.368282e-02
3.412634e-01,3.109109e-02,7.852162e-02,1.352196e-01,1.435272e-02,2.633688e-02,4.830461e-03,1.942927e-01,2.051737e-02,3.911647e-03,2.893361e-02,4.060968e-02,3.459671e-02,1.249187e-02,3.303074e-02
2.980188e-01,2.528547e-02,8.151918e-02,1.101600e-01,1.186086e-02,2.637357e-02,6.302085e-03,2.870209e-01,1.728790e-02,3.486475e-03,2.690366e-02,3.573695e-02,2.866076e-02,1.428608e-02,2.709730e-02
2.619384e-01,1.952971e-02,6.416698e-02,8.115375e-02,9.186230e-03,2.352986e-02,7.247747e-03,4.178484e-01,1.268863e-02,2.785103e-03,2.035033e-02,2.675013e-02,2.099437e-02,1.150788e-02,2.032248e-02
3.950405e-01,1.649779e-02,4.717666e-02,6.386362e-02,7.438910e-03,2.196294e-02,7.223331e-03,3.291442e-01,1.073269e-02,3.101146e-03,1.848441e-02,2.538889e-02,2.036436e-02,9.981799e-03,2.359882e-02
4.674291e-01,1.415458e-02,3.427549e-02,4.933510e-02,5.944110e-03,3.500938e-02,6.831230e-03,2.500293e-01,1.883316e-02,2.702891e-03,1.762995e-02,2.360844e-02,3.144926e-02,1.420508e-02,2.856296e-02
1.000000e+00,0.000000e+00,0.000000e+00,0.000000e+00,0.000000e+00,0.000000e+00,0.000000e+00,0.000000e+00,0.000000e+00,0.000000e+00,0.000000e+00,0.000000e+00,0.000000e+00,0.000000e+00,0.000000e+00
1.000000e+00,0.000000e+00,0.000000e+00,0.000000e+00,0.000000e+00,0.000000e+00,0.000000e+00,0.000000e+00,0.000000e+00,0.000000e+00,0.000000e+00,0.000000e+00,0.000000e+00,0.000000e+00,0.000000e+00
4.900640e-01,1.174334e-02,1.362325e-02,2.375978e-02,4.265646e-03,2.026333e-02,3.779281e-03,9.565027e-02,3.325509e-02,2.107285e-03,1.177204e-02,1.517983e-02,2.326816e-01,1.196111e-02,2.989419e-02
4.254768e-01,2.210249e-02,1.027046e-02,2.117410e-02,3.886187e-03,1.768345e-02,3.154465e-03,6.789561e-02,9.230275e-02,2.454424e-03,9.049972e-03,1.303219e-02,2.716651e-01,1.011019e-02,2.974180e-02
3.552009e-01,2.469797e-02,7.358701e-03,1.603748e-02,3.056346e-03,1.545342e-02,2.557291e-03,4.801231e-02,7.703030e-02,2.060810e-03,7.121421e-03,1.443714e-02,3.933306e-01,7.990623e-03,2.565469e-02
2.725010e-01,2.240320e-02,5.312053e-03,1.172610e-02,2.732198e-03,1.507244e-02,2.178917e-03,3.434308e-02,5.964956e-02,1.640342e-03,6.361011e-03,1.962661e-02,5.173237e-01,6.367643e-03,2.276221e-02
2.303280e-01,2.548292e-02,4.254165e-03,9.267768e-03,2.932434e-03,1.355572e-02,1.910392e-03,2.474726e-02,5.194392e-02,1.608369e-03,5.484770e-03,2.841920e-02,5.736661e-01,5.568815e-03,2.083011e-02
1.919451e-01,3.584688e-02,3.752522e-03,6.961219e-03,2.476109e-03,1.333497e-02,1.520850e-03,1.824501e-02,4.932674e-02,1.739679e-03,5.584666e-03,3.579447e-02,5.900580e-01,7.208623e-03,3.620518e-02
1.532596e-01,7.606649e-02,4.131751e-03,6.265352e-03,2.566155e-03,2.304189e-02,1.231964e-03,1.341307e-02,8.633749e-02,2.236530e-03,5.751509e-03,3.596709e-02,4.841641e-01,1.077060e-02,9.479643e-02
1.142100e-01,8.242407e-02,3.832974e-03,5.019382e-03,3.348849e-03,6.476770e-02,1.129648e-03,1.116967e-02,2.012013e-01,1.917975e-03,5.345378e-03,3.805998e-02,3.830792e-01,8.247036e-03,7.624684e-02
8.320580e-02,1.307102e-01,3.014651e-03,3.744042e-03,3.607467e-03,1.050438e-01,9.229801e-04,8.370858e-03,2.891350e-01,1.518264e-03,3.887444e-03,2.828360e-02,2.745544e-01,5.989279e-03,5.801219e-02
6.016146e-02,1.396241e-01,2.336392e-03,3.100909e-03,4.200205e-03,1.504580e-01,7.524419e-04,6.390929e-03,3.556707e-01,1.242321e-03,2.848092e-03,2.114048e-02,2.053140e-01,4.276597e-03,4.248339e-02
4.441368e-02,1.435294e-01,1.869104e-03,2.682367e-03,1.079409e-02,2.187251e-01,8.581432e-04,4.909991e-03,3.672822e-01,1.403511e-03,2.139074e-03,1.589250e-02,1.502561e-01,3.154087e-03,3.209074e-02
3.325880e-02,1.460201e-01,2.023803e-03,5.947438e-03,1.389670e-02,1.835292e-01,9.379657e-04,4.848661e-03,4.235227e-01,8.544673e-03,2.599998e-03,1.174672e-02,1.250903e-01,2.650997e-03,3.538194e-02
3.489652e-02,1.218906e-01,2.987570e-03,9.597678e-03,6.142259e-02,1.674841e-01,2.039813e-03,6.451868e-03,4.221947e-01,1.046978e-02,2.903678e-03,8.626271e-03,9.077568e-02,2.706253e-03,5.555302e-02
3.301349e-02,9.534263e-02,3.106321e-03,9.505068e-03,5.445029e-02,1.396337e-01,1.691278e-03,5.242850e-03,3.293176e-01,1.342950e-02,2.547816e-03,6.135052e-03,6.482833e-02,2.387228e-03,2.393688e-01
3.292960e-02,7.153477e-02,4.619522e-03,1.209773e-02,4.676108e-02,1.112563e-01,1.602096e-03,5.228025e-03,2.440641e-01,1.909644e-02,2.120901e-03,4.390347e-03,4.690529e-02,1.897282e-03,3.954965e-01
2.838652e-02,6.055181e-02,1.496903e-02,3.493605e-02,3.735808e-02,9.046117e-02,1.526269e-03,5.056407e-03,1.915036e-01,2.192634e-02,1.641736e-03,3.130123e-03,3.324549e-02,1.590923e-03,4.737165e-01
3.224579e-02,4.559417e-02,6.635848e-02,6.963351e-02,2.838271e-02,6.830942e-02,1.397401e-03,1.101828e-02,1.615042e-01,3.795569e-02,1.484419e-03,2.252320e-03,2.349168e-02,1.672670e-03,4.486993e-01
3.895178e-02,3.403737e-02,5.783658e-02,5.957620e-02,2.568596e-02,5.819457e-02,1.783847e-03,2.358963e-01,1.209171e-01,2.743529e-02,1.907957e-03,1.694946e-03,1.671947e-02,1.544950e-03,3.178177e-01
3.382023e-02,2.511036e-02,4.417269e-02,4.629923e-02,2.093001e-02,4.302938e-02,1.866031e-03,4.374018e-01,8.716314e-02,1.933026e-02,2.580700e-03,1.271771e-03,1.205075e-02,1.217772e-03,2.237560e-01
2.925057e-02,1.813806e-02,3.313359e-02,3.461524e-02,1.686919e-02,3.058332e-02,1.556913e-03,5.895329e-01,6.183195e-02,1.358901e-02,2.826598e-03,9.289024e-04,8.641890e-03,9.321165e-04,1.575698e-01
2.377472e-02,1.301533e-02,2.386692e-02,2.484766e-02,1.240257e-02,2.247380e-02,1.139430e-03,7.027029e-01,4.374235e-02,9.623305e-03,4.105842e-03,7.913403e-04,6.214437e-03,7.183110e-04,1.105811e-01
1.984999e-02,9.313443e-03,1.950178e-02,1.995877e-02,8.937716e-03,1.741834e-02,8.586041e-04,6.949954e-01,3.214715e-02,7.707998e-03,3.863700e-02,1.789526e-02,3.326166e-02,1.196311e-03,7.832061e-02
1.842322e-02,6.951504e-03,1.593897e-02,1.679031e-02,6.819682e-03,1.578228e-02,7.293915e-04,6.428337e-01,2.520460e-02,5.757549e-03,4.524225e-02,3.322602e-02,1.092408e-01,1.234688e-03,5.582512e-02
1.708114e-02,5.450050e-03,1.175467e-02,1.250230e-02,5.018169e-03,1.328114e-02,6.910623e-04,4.836869e-01,2.266710e-02,4.173450e-03,3.662585e-02,4.845909e-02,2.974961e-01,1.105173e-03,4.000780e-02
1.717243e-02,4.112523e-03,9.382328e-03,1.049807e-02,3.992902e-03,1.164041e-02,9.141344e-04,3.623741e-01,2.091288e-02,3.180863e-03,3.016233e-02,6.303674e-02,4.330550e-01,1.120656e-03,2.844464e-02
1.518999e-02,3.941495e-03,8.028129e-03,8.110661e-03,3.962424e-03,1.398112e-02,1.406686e-03,2.586550e-01,2.259571e-02,2.744198e-03,3.465012e-02,1.457912e-01,4.593568e-01,1.369558e-03,2.021684e-02
1.134485e-02,3.119696e-03,5.791184e-03,6.268795e-03,4.241759e-03,1.092280e-02,1.086341e-03,1.824128e-01,2.195019e-02,3.785203e-03,4.204641e-02,1.429567e-01,5.471581e-01,2.131898e-03,1.478319e-02
8.186149e-03,2.779966e-03,4.303487e-03,4.906681e-03,5.542218e-03,7.752712e-03,8.597730e-04,1.282610e-01,3.061630e-02,8.701136e-03,3.648046e-02,1.536724e-01,5.923858e-01,4.310459e-03,1.124146e-02
5.867106e-03,2.223762e-03,3.355925e-03,3.685723e-03,5.369482e-03,5.539018e-03,6.838902e-04,9.098901e-02,3.992666e-02,9.467739e-03,2.666006e-02,1.787806e-01,6.118754e-01,6.801526e-03,8.774087e-03
4.197254e-03,1.699466e-03,2.662100e-03,2.732779e-03,4.369628e-03,3.942093e-03,5.042442e-04,6.408563e-02,6.469071e-02,9.508745e-03,1.935980e-02,1.738999e-01,6.347229e-01,6.713711e-03,6.911011e-03
4.131243e-03,1.842907e-03,2.270272e-03,3.346079e-03,4.425255e-03,3.193874e-03,4.224057e-04,4.573507e-02,1.591043e-01,2.209410e-02,1.819895e-02,2.002715e-01,5.185665e-01,1.109579e-02,5.301703e-03
1.792332e-02,2.315141e-03,2.101950e-03,5.839581e-03,5.049882e-03,4.369161e-03,4.377824e-04,3.288352e-02,3.106813e-01,2.777544e-02,1.911062e-02,1.728314e-01,3.840918e-01,9.408375e-03,5.180804e-03
3.383279e-02,5.677708e-03,2.987897e-03,8.946603e-03,6.440291e-03,3.352077e-03,3.718045e-04,2.454458e-02,2.867347e-01,2.411814e-02,2.095159e-02,2.696937e-01,2.968036e-01,1.111630e-02,4.428294e-03
7.111343e-02,1.927748e-02,8.262604e-03,8.417299e-03,8.213650e-03,3.024820e-03,3.128797e-04,1.848345e-02,2.163295e-01,1.950143e-02,4.544763e-02,3.286681e-01,2.188780e-01,2.995377e-02,4.116009e-03
2.215094e-01,1.875942e-02,1.275122e-02,1.154240e-02,1.038012e-02,3.128026e-03,3.866877e-04,1.607485e-02,1.691518e-01,1.866323e-02,4.560372e-02,2.820154e-01,1.570933e-01,2.862930e-02,4.311149e-03
3.074185e-01,1.862126e-02,1.996052e-02,1.097137e-02,1.377486e-02,3.300880e-03,5.485249e-04,1.545270e-02,1.365198e-01,1.530544e-02,5.532520e-02,2.445473e-01,1.125226e-01,4.191078e-02,3.820365e-03
3.040814e-01,2.361677e-02,7.425475e-02,1.430303e-02,1.522567e-02,5.666754e-03,8.370404e-04,2.328226e-02,1.069379e-01,1.195555e-02,5.591076e-02,2.113706e-01,8.216875e-02,6.627795e-02,4.110910e-03
2.317977e-01,3.472613e-02,1.497230e-01,1.376395e-02,2.119380e-02,7.562894e-03,9.724023e-04,3.161657e-02,8.880807e-02,9.520778e-03,5.977177e-02,1.877513e-01,6.133280e-02,9.769359e-02,3.765343e-03
1.693161e-01,3.051709e-02,2.393893e-01,1.561210e-02,2.335659e-02,8.001379e-03,1.476121e-03,1.052410e-01,7.948656e-02,7.159413e-03,4.755595e-02,1.358726e-01,4.559398e-02,8.834656e-02,3.075185e-03
1.359430e-01,4.359423e-02,2.913136e-01,1.709851e-02,3.821557e-02,1.035772e-02,3.725605e-03,9.698328e-02,9.572257e-02,6.372087e-03,4.068617e-02,9.732085e-02,3.261811e-02,8.687140e-02,3.177263e-03
1.027930e-01,4.834383e-02,2.462534e-01,3.567521e-02,3.272836e-02,1.066456e-02,2.846101e-03,7.327399e-02,2.469025e-01,4.929520e-03,3.251539e-02,6.874938e-02,2.310233e-02,6.809641e-02,3.126001e-03
1.036947e-01,4.079171e-02,1.817993e-01,2.975119e-02,7.071845e-02,3.063815e-02,2.502870e-03,5.286418e-02,2.283114e-01,7.106429e-03,4.733847e-02,4.848029e-02,1.676046e-02,1.363835e-01,2.858892e-03
1.232957e-01,3.941168e-02,1.381034e-01,5.388662e-02,7.369639e-02,2.836213e-02,2.241919e-03,4.398551e-02,2.130392e-01,9.015614e-03,5.000364e-02,3.595119e-02,1.346020e-02,1.718011e-01,3.745656e-03
1.366847e-01,5.030440e-02,1.008433e-01,4.662471e-02,6.597369e-02,2.334133e-02,1.608007e-03,3.240715e-02,1.880158e-01,1.044987e-02,8.925098e-02,2.740218e-02,1.009309e-02,2.115131e-01,5.487682e-03
1.515350e-01,5.507995e-02,7.462955e-02,6.532820e-02,6.362822e-02,2.973570e-02,1.334900e-03,3.003486e-02,2.008650e-01,1.318289e-02,9.241468e-02,2.236241e-02,8.107019e-03,1.847894e-01,6.972220e-03
1.610743e-01,5.324873e-02,6.368425e-02,6.766080e-02,6.717297e-02,3.097958e-02,1.259191e-03,2.524629e-02,2.386015e-01,1.130308e-02,8.471428e-02,2.345966e-02,6.789078e-03,1.540257e-01,1.078040e-02
1.577718e-01,3.917737e-02,8.737586e-02,5.714216e-02,7.828087e-02,2.723843e-02,3.048029e-03,1.379072e-01,1.916154e-01,8.929434e-03,6.546204e-02,2.085899e-02,5.877210e-03,1.110836e-01,8.231564e-03
1.321390e-01,2.818068e-02,7.404927e-02,4.839040e-02,6.996834e-02,2.120552e-02,5.955502e-03,3.178339e-01,1.449230e-01,6.363477e-03,4.724920e-02,1.499443e-02,4.400583e-03,7.836527e-02,5.981375e-03
1.813384e-01,2.154813e-02,1.012382e-01,5.491890e-02,6.816592e-02,1.887431e-02,5.327776e-03,3.171574e-01,1.098450e-01,5.665188e-03,3.657731e-02,1.300076e-02,4.139746e-03,5.553184e-02,6.671135e-03
1.962529e-01,1.675753e-02,1.021116e-01,7.404260e-02,8.371694e-02,1.984690e-02,4.301832e-03,2.562474e-01,9.801538e-02,4.005359e-02,4.215746e-02,1.151029e-02,5.678253e-03,3.946696e-02,9.840377e-03
1.915454e-01,1.364064e-02,7.398351e-02,6.295265e-02,7.630734e-02,2.205385e-02,3.363890e-03,1.932085e-01,8.707774e-02,1.420437e-01,5.307873e-02,1.097573e-02,5.753354e-03,4.496428e-02,1.905075e-02
2.064552e-01,1.312880e-02,5.279349e-02,5.199700e-02,5.784915e-02,2.214551e-02,2.529033e-03,1.373380e-01,6.995364e-02,1.880306e-01,9.311475e-02,1.949947e-02,1.416690e-02,4.446220e-02,2.653626e-02
1.704683e-01,1.044334e-02,3.766501e-02,4.264136e-02,4.290441e-02,2.179621e-02,1.853260e-03,9.659155e-02,5.378748e-02,2.550562e-01,1.262759e-01,2.153721e-02,3.335205e-02,4.964756e-02,3.598015e-02
1.275181e-01,1.042763e-02,2.730609e-02,3.387179e-02,3.356548e-02,1.954660e-02,1.374828e-03,6.789070e-02,5.431694e-02,2.709252e-01,1.966398e-01,3.157622e-02,3.672422e-02,5.979415e-02,2.852227e-02
9.513676e-02,1.016920e-02,2.015019e-02,3.760896e-02,2.622482e-02,1.648474e-02,1.098508e-03,4.796731e-02,7.610561e-02,2.477835e-01,2.318462e-01,4.755108e-02,3.461098e-02,8.338286e-02,2.387924e-02
8.181518e-02,1.301999e-02,1.633064e-02,4.180194e-02,2.241696e-02,1.294031e-02,1.023745e-03,3.455136e-02,1.030135e-01,1.804890e-01,2.527160e-01,5.583997e-02,2.637936e-02,1.366106e-01,2.105139e-02
6.777167e-02,1.876331e-02,1.453261e-02,5.171678e-02,1.785732e-02,1.248542e-02,9.377458e-04,2.670380e-02,1.578853e-01,1.390662e-01,2.561163e-01,5.380919e-02,2.170167e-02,1.433828e-01,1.726990e-02
6.009298e-02,2.040596e-02,1.280502e-02,4.372572e-02,1.481254e-02,1.098564e-02,8.083216e-04,2.042363e-02,2.384602e-01,1.090487e-01,2.153824e-01,6.541616e-02,1.860399e-02,1.524979e-01,1.653096e-02
9.874031e-02,1.681987e-02,1.171951e-02,3.523070e-02,1.248468e-02,1.078646e-02,8.052907e-04,1.737431e-02,2.785620e-01,7.963718e-02,1.801683e-01,5.052974e-02,1.550944e-02,1.783981e-01,1.323417e-02
1.501769e-01,1.486577e-02,1.128238e-02,2.829334e-02,1.071497e-02,1.123052e-02,7.070354e-04,1.599644e-02,2.665669e-01,5.880702e-02,1.668375e-01,4.096761e-02,1.399218e-02,1.987590e-01,1.080239e-02
1.397669e-01,1.357987e-02,1.246520e-02,2.449232e-02,1.362067e-02,1.017235e-02,6.259441e-04,1.388149e-02,2.101183e-01,4.407180e-02,2.416072e-01,3.249184e-02,1.205099e-02,2.226495e-01,8.405549e-03
1.123477e-01,1.519895e-02,1.360294e-02,1.798802e-02,1.161742e-02,8.218121e-03,5.367294e-04,1.111447e-02,1.696161e-01,3.365345e-02,2.598548e-01,2.684663e-02,1.121325e-02,3.005546e-01,7.636706e-03
1.099979e-01,2.541348e-02,2.439839e-02,1.592157e-02,1.550980e-02,8.886595e-03,5.404208e-04,1.385443e-02,1.679373e-01,2.633996e-02,2.455100e-01,2.120372e-02,1.102876e-02,3.053700e-01,8.087742e-03
1.527799e-01,2.478295e-02,6.610113e-02,2.059255e-02,2.328663e-02,1.628872e-02,1.125757e-03,2.250410e-02,1.574072e-01,2.072269e-02,2.019202e-01,1.790611e-02,1.070836e-02,2.545970e-01,9.276684e-03
2.186965e-01,2.038538e-02,9.545225e-02,2.903699e-02,3.436092e-02,2.135730e-02,1.296278e-03,1.813652e-02,1.276921e-01,1.570609e-02,1.609122e-01,1.430871e-02,1.006154e-02,2.244626e-01,8.134624e-03
2.164562e-01,2.309671e-02,1.511423e-01,2.523255e-02,3.109933e-02,2.825424e-02,1.088798e-03,1.486201e-02,1.447569e-01,1.168617e-02,1.224977e-01,1.064019e-02,8.388963e-03,2.018024e-01,8.995446e-03
1.701041e-01,2.663430e-02,2.087342e-01,2.225549e-02,3.199748e-02,3.368962e-02,9.850838e-04,1.242527e-02,1.992114e-01,8.570640e-03,9.496017e-02,7.822314e-03,6.646975e-03,1.650331e-01,1.092989e-02
1.314092e-01,3.925252e-02,2.017552e-01,1.855438e-02,3.397810e-02,4.026385e-02,1.132514e-03,1.591356e-02,2.369452e-01,6.584087e-03,7.338862e-02,5.875700e-03,5.739516e-03,1.705928e-01,1.861482e-02
1.010349e-01,3.337858e-02,2.309752e-01,4.097366e-02,5.327808e-02,3.227566e-02,1.091187e-03,1.522616e-02,2.786740e-01,5.206198e-03,5.447023e-02,4.684096e-03,4.765865e-03,1.260784e-01,1.788788e-02
8.558137e-02,3.507284e-02,1.978273e-01,3.739046e-02,6.085572e-02,3.567098e-02,1.194610e-03,2.197183e-02,3.045808e-01,4.340113e-03,4.822893e-02,4.547052e-03,6.175239e-03,1.351064e-01,2.145637e-02
8.193485e-02,2.997611e-02,1.579388e-01,2.913358e-02,4.713010e-02,5.642796e-02,9.984570e-04,2.265012e-02,2.760820e-01,3.832605e-03,4.345059e-02,3.860042e-03,5.796265e-03,2.146451e-01,2.614345e-02
8.453109e-02,2.603957e-02,1.334425e-01,3.879624e-02,4.401312e-02,4.185272e-02,1.099449e-03,5.038615e-02,3.466569e-01,3.091970e-03,3.436367e-02,3.338019e-03,4.959594e-03,1.676091e-01,1.981997e-02
7.377124e-02,2.243195e-02,1.011406e-01,3.669539e-02,4.357099e-02,3.235088e-02,8.752396e-04,4.877437e-02,4.491768e-01,2.557361e-03,2.916354e-02,2.712104e-03,3.974005e-03,1.370183e-01,1.578725e-02
1.005619e-01,2.651916e-02,7.781611e-02,3.025062e-02,5.623995e-02,2.500138e-02,1.192116e-03,7.471624e-02,4.407513e-01,2.410694e-03,2.480095e-02,3.147309e-03,4.971674e-03,1.168155e-01,1.480512e-02
1.212878e-01,3.219447e-02,5.873960e-02,2.403927e-02,6.167736e-02,3.154741e-02,1.657921e-03,7.036922e-02,4.140686e-01,2.261614e-03,2.272132e-02,3.560101e-03,6.857656e-03,1.362471e-01,1.277050e-02
1.187769e-01,3.932257e-02,4.652173e-02,1.848234e-02,6.142148e-02,3.675711e-02,1.620608e-03,5.993410e-02,3.960317e-01,2.552558e-03,2.095734e-02,4.406769e-03,9.892322e-03,1.652617e-01,1.806091e-02
1.149760e-01,4.154297e-02,3.512591e-02,1.426338e-02,6.263952e-02,3.513453e-02,1.349269e-03,5.363514e-02,3.854637e-01,2.473367e-03,2.982552e-02,7.387840e-03,9.227134e-03,1.912743e-01,1.568138e-02
1.213784e-01,4.956176e-02,2.762142e-02,1.225637e-02,8.942474e-02,2.831029e-02,1.463593e-03,5.251851e-02,3.699388e-01,2.805945e-03,2.657249e-02,7.597086e-03,1.270505e-02,1.777248e-01,2.012076e-02
1.766455e-01,4.352871e-02,2.048246e-02,1.193975e-02,6.995582e-02,4.045691e-02,1.377659e-03,3.746601e-02,2.793829e-01,4.412771e-03,2.755380e-02,5.809639e-02,4.692944e-02,1.477477e-01,3.402417e-02
2.497017e-01,4.143077e-02,1.535352e-02,9.898392e-03,5.717496e-02,3.990100e-02,1.348311e-03,2.694026e-02,2.133859e-01,4.543516e-03,2.695064e-02,6.816018e-02,8.105756e-02,1.271617e-01,3.699161e-02
2.799690e-01,3.329829e-02,1.208373e-02,1.031868e-02,4.123863e-02,3.546079e-02,1.405252e-03,1.945696e-02,1.835652e-01,6.029632e-03,2.920270e-02,6.324394e-02,6.028659e-02,1.649178e-01,5.952279e-02
4.003146e-01,2.492166e-02,8.996444e-03,9.901041e-03,3.035472e-02,3.732623e-02,1.879253e-03,1.408551e-02,1.328825e-01,5.755509e-03,2.310523e-02,8.202944e-02,5.232906e-02,1.281259e-01,4.799296e-02
4.557200e-01,1.894578e-02,6.886142e-03,9.248937e-03,2.203475e-02,3.671463e-02,1.877680e-03,1.027983e-02,9.811359e-02,5.743434e-03,2.046297e-02,1.068100e-01,7.092069e-02,9.880808e-02,3.743346e-02
3.828173e-01,1.416442e-02,5.262874e-03,7.225976e-03,1.571529e-02,3.068013e-02,2.331667e-03,8.056660e-03,7.569167e-02,5.878444e-03,1.879048e-02,2.033793e-01,1.248356e-01,7.817827e-02,2.699192e-02
3.579738e-01,1.150939e-02,5.016309e-03,5.810297e-03,1.189230e-02,2.376776e-02,2.415048e-03,6.969217e-03,6.040230e-02,6.425534e-03,1.654791e-02,2.159586e-01,1.992400e-01,5.679423e-02,1.927741e-02
3.192012e-01,8.584290e-03,3.980025e-03,4.636325e-03,9.154486e-03,1.732227e-02,2.108129e-03,7.162363e-03,4.745812e-02,6.693975e-03,1.322230e-02,2.593409e-01,2.439835e-01,4.344249e-02,1.370963e-02
2.626827e-01,7.137453e-03,3.750589e-03,4.361034e-03,1.090294e-02,1.333287e-02,2.010592e-03,6.554996e-03,3.947533e-02,7.658266e-03,1.109209e-02,3.135622e-01,2.746970e-01,3.284820e-02,9.933740e-03
2.955119e-01,8.272958e-03,4.179589e-03,4.878238e-03,3.105360e-02,1.591807e-02,2.279007e-03,7.759652e-03,5.255426e-02,1.256820e-02,1.076673e-02,2.864410e-01,2.355714e-01,2.487103e-02,7.374371e-03
2.268208e-01,8.379994e-03,4.831210e-03,5.815241e-03,7.943481e-02,1.505660e-02,2.524751e-03,1.653882e-02,1.501265e-01,1.511529e-02,1.136188e-02,2.272016e-01,2.128891e-01,1.808482e-02,5.818610e-03
2.014627e-01,9.188035e-03,5.709705e-03,5.578071e-03,1.175457e-01,1.413334e-02,3.266240e-03,2.180749e-02,1.954581e-01,1.658795e-02,1.171109e-02,1.909878e-01,1.878508e-01,1.389014e-02,4.822949e-03
3.010960e-01,9.082483e-03,5.383844e-03,6.168033e-03,1.174965e-01,1.471960e-02,2.994068e-03,1.826613e-02,1.671571e-01,1.592639e-02,1.195448e-02,1.602087e-01,1.491885e-01,1.528023e-02,5.077956e-03
3.512438e-01,9.916766e-03,4.488839e-03,6.444332e-03,1.104337e-01,1.468771e-02,2.698706e-03,1.527163e-02,1.451914e-01,1.260034e-02,1.070091e-02,1.866802e-01,1.112649e-01,1.336404e-02,5.012645e-03
3.628087e-01,1.254688e-02,5.367871e-03,8.616395e-03,1.000626e-01,2.025675e-02,2.640090e-03,1.353214e-02,1.792541e-01,9.817178e-03,9.367445e-03,1.686436e-01,8.533954e-02,1.510491e-02,6.641786e-03
2.903113e-01,1.186287e-02,5.068176e-03,7.606147e-03,1.017610e-01,1.624605e-02,2.066971e-03,1.259223e-02,3.224976e-01,7.524644e-03,8.087826e-03,1.315092e-01,6.185979e-02,1.491026e-02,6.095882e-03
2.377820e-01,1.358137e-02,6.721235e-03,8.548577e-03,8.472422e-02,1.555331e-02,1.839813e-03,1.710443e-02,4.359273e-01,6.447083e-03,6.720006e-03,9.785403e-02,4.583430e-02,1.462414e-02,6.738205e-03
1.973538e-01,3.029586e-02,1.714562e-02,3.082442e-02,6.934268e-02,2.180944e-02,1.618569e-03,1.871046e-02,4.670475e-01,7.301315e-03,7.038240e-03,7.390798e-02,3.327649e-02,1.381002e-02,1.051767e-02
1.688273e-01,3.126440e-02,2.082999e-02,7.602730e-02,6.239199e-02,2.114316e-02,1.418322e-03,2.509790e-02,4.776333e-01,7.766999e-03,8.354495e-03,5.252611e-02,2.369555e-02,1.116729e-02,1.185587e-02
1.455346e-01,3.681833e-02,1.757305e-02,6.495272e-02,6.620514e-02,3.814839e-02,1.296869e-03,2.106119e-02,5.015173e-01,7.180011e-03,1.132355e-02,3.783619e-02,1.706649e-02,1.204029e-02,2.144581e-02
1.401272e-01,4.220282e-02,1.481006e-02,5.051071e-02,5.755670e-02,4.122043e-02,1.193317e-03,1.555890e-02,5.321277e-01,6.066252e-03,1.456968e-02,2.814102e-02,1.268827e-02,1.348394e-02,2.974295e-02
1.566013e-01,3.518753e-02,1.679757e-02,7.487544e-02,5.872232e-02,3.282521e-02,1.380096e-03,1.269912e-02,5.034368e-01,4.997173e-03,2.005891e-02,2.287152e-02,9.560968e-03,1.535008e-02,3.463593e-02
1.471029e-01,3.238480e-02,1.593323e-02,5.983308e-02,5.990568e-02,2.884316e-02,1.261097e-03,1.134240e-02,5.222889e-01,4.656817e-03,3.513180e-02,1.983911e-02,7.297537e-03,1.795945e-02,3.622006e-02
1.329494e-01,2.863571e-02,1.785295e-02,6.272757e-02,4.777725e-02,2.350301e-02,1.279151e-03,9.228028e-03,4.764550e-01,1.454553e-02,3.019538e-02,1.439099e-02,6.636097e-03,1.841389e-02,1.154101e-01
1.073378e-01,2.408941e-02,1.467653e-02,9.242562e-02,3.619273e-02,1.748802e-02,9.726044e-04,6.945787e-03,3.894280e-01,3.019387e-02,3.750493e-02,1.154888e-02,9.169753e-03,1.378343e-02,2.082426e-01
1.420924e-01,2.110624e-02,1.120462e-02,8.397848e-02,3.405844e-02,2.164418e-02,1.120257e-03,5.776439e-03,3.213797e-01,2.281657e-02,3.935998e-02,1.353971e-02,7.214703e-02,1.319413e-02,1.965818e-01
1.399853e-01,1.837664e-02,8.290030e-03,6.861527e-02,3.116666e-02,2.071571e-02,1.128312e-03,4.797309e-03,2.656031e-01,1.864640e-02,3.282820e-02,1.791215e-02,7.444386e-02,1.762039e-02,2.798707e-01
1.095477e-01,2.060420e-02,6.305928e-03,5.892866e-02,2.296896e-02,2.001240e-02,1.151529e-03,3.832576e-03,2.548418e-01,1.512714e-02,2.698028e-02,2.864221e-02,1.386012e-01,1.931099e-02,2.731445e-01
9.565679e-02,1.730802e-02,5.005416e-03,4.573014e-02,1.692087e-02,2.323088e-02,1.227672e-03,3.415316e-03,2.212340e-01,1.177198e-02,2.505726e-02,5.498770e-02,2.435539e-01,2.866231e-02,2.062377e-01
1.047348e-01,1.355706e-02,3.970579e-03,3.390497e-02,1.238452e-02,2.102032e-02,1.168147e-03,3.116383e-03,1.672407e-01,8.700277e-03,1.931767e-02,7.464794e-02,3.615046e-01,2.485005e-02,1.498820e-01
1.018610e-01,1.063345e-02,3.116656e-03,2.454083e-02,9.327835e-03,1.762986e-02,1.019126e-03,2.876241e-03,1.211947e-01,6.331841e-03,1.424128e-02,5.906668e-02,5.011622e-01,1.902564e-02,1.079726e-01
1.040659e-01,9.484384e-03,2.541174e-03,1.781648e-02,7.499375e-03,1.590054e-02,9.797012e-04,2.815349e-03,8.756190e-02,4.625810e-03,1.130210e-02,4.709332e-02,5.941372e-01,1.619798e-02,7.797871e-02
9.868083e-02,1.009042e-02,2.003508e-03,1.412473e-02,6.043015e-03,1.740459e-02,1.030233e-03,3.646294e-03,8.729478e-02,3.834471e-03,1.235147e-02,4.730014e-02,6.177530e-01,1.764034e-02,6.080206e-02
8.475336e-02,9.451617e-03,2.079038e-03,1.232383e-02,7.320697e-03,1.794925e-02,1.463653e-03,5.698990e-03,7.457943e-02,3.637072e-03,1.494640e-02,8.491036e-02,6.193667e-01,1.691690e-02,4.460267e-02
6.906606e-02,9.556041e-03,2.100363e-03,1.020350e-02,7.102556e-03,1.685585e-02,1.621760e-03,6.078925e-03,6.627300e-02,4.287552e-03,1.578321e-02,1.006718e-01,6.384356e-01,1.750436e-02,3.445944e-02
5.447752e-02,9.764905e-03,3.294283e-03,8.120643e-03,1.016555e-02,3.572278e-02,1.638954e-03,5.186527e-03,8.320245e-02,3.730537e-03,2.189028e-02,1.085339e-01,6.119541e-01,1.547731e-02,2.684026e-02
4.427472e-02,9.930288e-03,3.330976e-03,6.423792e-03,8.678435e-03,3.741588e-02,1.447430e-03,4.599418e-03,6.718696e-02,3.164258e-03,1.837883e-02,1.458133e-01,6.100205e-01,1.603422e-02,2.330105e-02
4.670002e-02,1.077012e-02,3.040283e-02,5.777203e-03,2.714354e-02,3.378873e-02,3.261982e-03,7.669224e-03,7.467628e-02,2.548807e-03,2.255463e-02,1.641996e-01,5.376679e-01,1.287089e-02,1.996825e-02
3.840690e-02,8.488080e-03,2.453309e-02,4.707759e-03,2.334959e-02,2.914700e-02,3.293303e-03,6.274505e-03,5.944545e-02,1.857598e-03,1.681424e-02,1.377723e-01,6.213394e-01,9.456679e-03,1.511400e-02
3.686892e-02,6.319853e-03,1.953219e-02,3.901282e-03,1.824683e-02,2.594976e-02,3.828909e-03,6.895928e-03,4.325888e-02,1.356716e-03,1.314299e-02,1.136480e-01,6.885815e-01,6.969160e-03,1.149909e-02
3.312041e-02,4.806107e-03,1.400345e-02,2.887929e-03,1.428864e-02,1.982886e-02,3.064711e-03,5.252766e-03,3.071482e-02,9.805659e-04,1.018703e-02,8.492963e-02,7.627091e-01,4.979165e-03,8.246738e-03
3.229041e-02,3.796500e-03,1.011716e-02,2.242029e-03,1.455266e-02,1.592027e-02,2.831146e-03,4.436091e-03,2.188314e-02,7.360051e-04,8.010873e-03,6.292529e-02,8.105602e-01,3.611496e-03,6.086715e-03
3.223996e-02,3.188111e-03,7.144330e-03,1.908695e-03,1.254136e-02,1.386063e-02,2.321889e-03,3.726477e-03,1.553878e-02,5.633385e-04,7.398108e-03,4.891224e-02,8.435435e-01,2.652900e-03,4.459654e-03
4.052410e-02,3.599346e-03,7.726403e-03,5.197364e-03,1.183718e-02,1.392096e-02,2.022138e-03,6.148390e-03,1.113046e-02,5.849897e-04,6.112044e-03,3.841692e-02,8.473430e-01,1.969932e-03,3.466822e-03
4.620586e-02,3.116488e-03,9.916894e-03,1.489474e-02,1.671463e-02,1.427757e-02,1.632119e-03,5.629126e-02,7.911336e-03,4.466070e-04,4.606455e-03,3.029251e-02,7.897694e-01,1.447535e-03,2.476650e-03
3.614761e-02,2.453656e-03,9.908273e-03,1.132954e-02,7.349594e-02,1.281725e-02,4.704615e-03,2.584361e-01,5.564990e-03,3.383912e-04,3.854127e-03,2.132211e-02,5.568182e-01,1.037887e-03,1.771323e-03
3.040370e-02,1.860709e-03,8.330942e-03,8.271920e-03,1.875595e-01,1.075377e-02,5.975067e-02,2.774792e-01,3.912005e-03,2.782897e-04,3.139354e-03,1.508098e-02,3.909750e-01,7.389632e-04,1.464955e-03
2.857589e-02,1.433220e-03,7.084647e-03,6.092365e-03,2.338386e-01,1.273868e-02,1.756417e-01,2.336192e-01,2.854017e-03,4.764876e-04,2.950384e-03,1.098723e-02,2.816033e-01,5.311029e-04,1.573262e-03
2.854396e-02,1.194218e-03,5.469478e-03,4.655377e-03,3.402599e-01,2.261318e-02,1.671053e-01,2.047708e-01,2.182839e-03,5.552187e-04,5.723121e-03,8.480016e-03,2.047855e-01,4.375798e-04,3.223501e-03
2.842087e-02,1.085585e-03,4.714290e-03,3.757829e-03,3.285471e-01,3.164235e-02,2.522933e-01,1.667061e-01,2.123194e-03,1.494421e-03,9.058082e-03,7.852112e-03,1.574770e-01,4.605195e-04,4.367179e-03
3.485103e-02,1.074346e-03,3.468520e-03,3.870873e-03,3.033952e-01,9.597360e-02,2.551440e-01,1.193862e-01,2.365644e-03,1.506432e-03,1.173010e-02,1.281777e-02,1.382243e-01,3.792309e-04,1.581281e-02
4.023441e-02,1.001928e-03,2.499495e-03,3.394942e-03,2.606051e-01,1.709042e-01,2.795630e-01,8.425793e-02,2.051404e-03,1.234613e-03,1.178901e-02,1.771552e-02,1.094238e-01,3.409202e-04,1.498383e-02
