1.000000e+00,0.000000e+00,0.000000e+00,0.000000e+00,0.000000e+00,0.000000e+00,0.000000e+00,0.000000e+00,0.000000e+00,0.000000e+00,0.000000e+00,0.000000e+00,0.000000e+00,0.000000e+00,0.000000e+00
1.000000e+00,0.000000e+00,0.000000e+00,0.000000e+00,0.000000e+00,0.000000e+00,0.000000e+00,0.000000e+00,0.000000e+00,0.000000e+00,0.000000e+00,0.000000e+00,0.000000e+00,0.000000e+00,0.000000e+00
1.000000e+00,0.000000e+00,0.000000e+00,0.000000e+00,0.000000e+00,0.000000e+00,0.000000e+00,0.000000e+00,0.000000e+00,0.000000e+00,0.000000e+00,0.000000e+00,0.000000e+00,0.000000e+00,0.000000e+00
1.000000e+00,0.000000e+00,0.000000e+00,0.000000e+00,0.000000e+00,0.000000e+00,0.000000e+00,0.000000e+00,0.000000e+00,0.000000e+00,0.000000e+00,0.000000e+00,0.000000e+00,0.000000e+00,0.000000e+00
1.000000e+00,0.000000e+00,0.000000e+00,0.000000e+00,0.000000e+00,0.000000e+00,0.000000e+00,0.000000e+00,0.000000e+00,0.000000e+00,0.000000e+00,0.000000e+00,0.000000e+00,0.000000e+00,0.000000e+00
1.000000e+00,0.000000e+00,0.000000e+00,0.000000e+00,0.000000e+00,0.000000e+00,0.000000e+00,0.000000e+00,0.000000e+00,0.000000e+00,0.000000e+00,0.000000e+00,0.000000e+00,0.000000e+00,0.000000e+00
1.000000e+00,0.000000e+00,0.000000e+00,0.000000e+00,0.000000e+00,0.000000e+00,0.000000e+00,0.000000e+00,0.000000e+00,0.000000e+00,0.000000e+00,0.000000e+00,0.000000e+00,0.000000e+00,0.000000e+00
1.000000e+00,0.000000e+00,0.000000e+00,0.000000e+00,0.000000e+00,0.000000e+00,0.000000e+00,0.000000e+00,0.000000e+00,0.000000e+00,0.000000e+00,0.000000e+00,0.000000e+00,0.000000e+00,0.000000e+00
1.000000e+00,0.000000e+00,0.000000e+00,0.000000e+00,0.000000e+00,0.000000e+00,0.000000e+00,0.000000e+00,0.000000e+00,0.000000e+00,0.000000e+00,0.000000e+00,0.000000e+00,0.000000e+00,0.000000e+00
1.000000e+00,0.000000e+00,0.000000e+00,0.000000e+00,0.000000e+00,0.000000e+00,0.000000e+00,0.000000e+00,0.000000e+00,0.000000e+00,0.000000e+00,0.000000e+00,0.000000e+00,0.000000e+00,0.000000e+00
1.000000e+00,0.000000e+00,0.000000e+00,0.000000e+00,0.000000e+00,0.000000e+00,0.000000e+00,0.000000e+00,0.000000e+00,0.000000e+00,0.000000e+00,0.000000e+00,0.000000e+00,0.000000e+00,0.000000e+00
1.000000e+00,0.000000e+00,0.000000e+00,0.000000e+00,0.000000e+00,0.000000e+00,0.000000e+00,0.000000e+00,0.000000e+00,0.000000e+00,0.000000e+00,0.000000e+00,0.000000e+00,0.000000e+00,0.000000e+00
1.000000e+00,0.000000e+00,0.000000e+00,0.000000e+00,0.000000e+00,0.000000e+00,0.000000e+00,0.000000e+00,0.000000e+00,0.000000e+00,0.000000e+00,0.000000e+00,0.000000e+00,0.000000e+00,0.000000e+00
1.000000e+00,0.000000e+00,0.000000e+00,0.000000e+00,0.000000e+00,0.000000e+00,0.000000e+00,0.000000e+00,0.000000e+00,0.000000e+00,0.000000e+00,0.000000e+00,0.000000e+00,0.000000e+00,0.000000e+00
1.000000e+00,0.000000e+00,0.000000e+00,0.000000e+00,0.000000e+00,0.000000e+00,0.000000e+00,0.000000e+00,0.000000e+00,0.000000e+00,0.000000e+00,0.000000e+00,0.000000e+00,0.000000e+00,0.000000e+00
1.000000e+00,0.000000e+00,0.000000e+00,0.000000e+00,0.000000e+00,0.000000e+00,0.000000e+00,0.000000e+00,0.000000e+00,0.000000e+00,0.000000e+00,0.000000e+00,0.000000e+00,0.000000e+00,0.000000e+00
1.000000e+00,0.000000e+00,0.000000e+00,0.000000e+00,0.000000e+00,0.000000e+00,0.000000e+00,0.000000e+00,0.000000e+00,0.000000e+00,0.000000e+00,0.000000e+00,0.000000e+00,0.000000e+00,0.000000e+00
1.000000e+00,0.000000e+00,0.000000e+00,0.000000e+00,0.000000e+00,0.000000e+00,0.000000e+00,0.000000e+00,0.000000e+00,0.000000e+00,0.000000e+00,0.000000e+00,0.000000e+00,0.000000e+00,0.000000e+00
1.000000e+00,0.000000e+00,0.000000e+00,0.000000e+00,0.000000e+00,0.000000e+00,0.000000e+00,0.000000e+00,0.000000e+00,0.000000e+00,0.000000e+00,0.000000e+00,0.000000e+00,0.000000e+00,0.000000e+00
1.000000e+00,0.000000e+00,0.000000e+00,0.000000e+00,0.000000e+00,0.000000e+00,0.000000e+00,0.000000e+00,0.000000e+00,0.000000e+00,0.000000e+00,0.000000e+00,0.000000e+00,0.000000e+00,0.000000e+00
1.000000e+00,0.000000e+00,0.000000e+00,0.000000e+00,0.000000e+00,0.000000e+00,0.000000e+00,0.000000e+00,0.000000e+00,0.000000e+00,0.000000e+00,0.000000e+00,0.000000e+00,0.000000e+00,0.000000e+00
1.000000e+00,0.000000e+00,0.000000e+00,0.000000e+00,0.000000e+00,0.000000e+00,0.000000e+00,0.000000e+00,0.000000e+00,0.000000e+00,0.000000e+00,0.000000e+00,0.000000e+00,0.000000e+00,0.000000e+00
1.000000e+00,0.000000e+00,0.000000e+00,0.000000e+00,0.000000e+00,0.000000e+00,0.000000e+00,0.000000e+00,0.000000e+00,0.000000e+00,0.000000e+00,0.000000e+00,0.000000e+00,0.000000e+00,0.000000e+00
1.000000e+00,0.000000e+00,0.000000e+00,0.000000e+00,0.000000e+00,0.000000e+00,0.000000e+00,0.000000e+00,0.000000e+00,0.000000e+00,0.000000e+00,0.000000e+00,0.000000e+00,0.000000e+00,0.000000e+00
1.000000e+00,0.000000e+00,0.000000e+00,0.000000e+00,0.000000e+00,0.000000e+00,0.000000e+00,0.000000e+00,0.000000e+00,0.000000e+00,0.000000e+00,0.000000e+00,0.000000e+00,0.000000e+00,0.000000e+00
1.000000e+00,0.000000e+00,0.000000e+00,0.000000e+00,0.000000e+00,0.000000e+00,0.000000e+00,0.000000e+00,0.000000e+00,0.000000e+00,0.000000e+00,0.000000e+00,0.000000e+00,0.000000e+00,0.000000e+00
1.000000e+00,0.000000e+00,0.000000e+00,0.000000e+00,0.000000e+00,0.000000e+00,0.000000e+00,0.000000e+00,0.000000e+00,0.000000e+00,0.000000e+00,0.000000e+00,0.000000e+00,0.000000e+00,0.000000e+00
1.000000e+00,0.000000e+00,0.000000e+00,0.000000e+00,0.000000e+00,0.000000e+00,0.000000e+00,0.000000e+00,0.000000e+00,0.000000e+00,0.000000e+00,0.000000e+00,0.000000e+00,0.000000e+00,0.000000e+00
1.000000e+00,0.000000e+00,0.000000e+00,0.000000e+00,0.000000e+00,0.000000e+00,0.000000e+00,0.000000e+00,0.000000e+00,0.000000e+00,0.000000e+00,0.000000e+00,0.000000e+00,0.000000e+00,0.000000e+00
1.000000e+00,0.000000e+00,0.000000e+00,0.000000e+00,0.000000e+00,0.000000e+00,0.000000e+00,0.000000e+00,0.000000e+00,0.000000e+00,0.000000e+00,0.000000e+00,0.000000e+00,0.000000e+00,0.000000e+00
1.000000e+00,0.000000e+00,0.000000e+00,0.000000e+00,0.000000e+00,0.000000e+00,0.000000e+00,0.000000e+00,0.000000e+00,0.000000e+00,0.000000e+00,0.000000e+00,0.000000e+00,0.000000e+00,0.000000e+00
1.000000e+00,0.000000e+00,0.000000e+00,0.000000e+00,0.000000e+00,0.000000e+00,0.000000e+00,0.000000e+00,0.000000e+00,0.000000e+00,0.000000e+00,0.000000e+00,0.000000e+00,0.000000e+00,0.000000e+00
1.000000e+00,0.000000e+00,0.000000e+00,0.000000e+00,0.000000e+00,0.000000e+00,0.000000e+00,0.000000e+00,0.000000e+00,0.000000e+00,0.000000e+00,0.000000e+00,0.000000e+00,0.000000e+00,0.000000e+00
1.000000e+00,0.000000e+00,0.000000e+00,0.000000e+00,0.000000e+00,0.000000e+00,0.000000e+00,0.000000e+00,0.000000e+00,0.000000e+00,0.000000e+00,0.000000e+00,0.000000e+00,0.000000e+00,0.000000e+00
1.000000e+00,0.000000e+00,0.000000e+00,0.000000e+00,0.000000e+00,0.000000e+00,0.000000e+00,0.000000e+00,0.000000e+00,0.000000e+00,0.000000e+00,0.000000e+00,0.000000e+00,0.000000e+00,0.000000e+00
1.000000e+00,0.000000e+00,0.000000e+00,0.000000e+00,0.000000e+00,0.000000e+00,0.000000e+00,0.000000e+00,0.000000e+00,0.000000e+00,0.000000e+00,0.000000e+00,0.000000e+00,0.000000e+00,0.000000e+00
1.000000e+00,0.000000e+00,0.000000e+00,0.000000e+00,0.000000e+00,0.000000e+00,0.000000e+00,0.000000e+00,0.000000e+00,0.000000e+00,0.000000e+00,0.000000e+00,0.000000e+00,0.000000e+00,0.000000e+00
1.000000e+00,0.000000e+00,0.000000e+00,0.000000e+00,0.000000e+00,0.000000e+00,0.000000e+00,0.000000e+00,0.000000e+00,0.000000e+00,0.000000e+00,0.000000e+00,0.000000e+00,0.000000e+00,0.000000e+00
1.000000e+00,0.000000e+00,0.000000e+00,0.000000e+00,0.000000e+00,0.000000e+00,0.000000e+00,0.000000e+00,0.000000e+00,0.000000e+00,0.000000e+00,0.000000e+00,0.000000e+00,0.000000e+00,0.000000e+00
1.000000e+00,0.000000e+00,0.000000e+00,0.000000e+00,0.000000e+00,0.000000e+00,0.000000e+00,0.000000e+00,0.000000e+00,0.000000e+00,0.000000e+00,0.000000e+00,0.000000e+00,0.000000e+00,0.000000e+00
1.000000e+00,0.000000e+00,0.000000e+00,0.000000e+00,0.000000e+00,0.000000e+00,0.000000e+00,0.000000e+00,0.000000e+00,0.000000e+00,0.000000e+00,0.000000e+00,0.000000e+00,0.000000e+00,0.000000e+00
1.000000e+00,0.000000e+00,0.000000e+00,0.000000e+00,0.000000e+00,0.000000e+00,0.000000e+00,0.000000e+00,0.000000e+00,0.000000e+00,0.000000e+00,0.000000e+00,0.000000e+00,0.000000e+00,0.000000e+00
1.000000e+00,0.000000e+00,0.000000e+00,0.000000e+00,0.000000e+00,0.000000e+00,0.000000e+00,0.000000e+00,0.000000e+00,0.000000e+00,0.000000e+00,0.000000e+00,0.000000e+00,0.000000e+00,0.000000e+00
1.000000e+00,0.000000e+00,0.000000e+00,0.000000e+00,0.000000e+00,0.000000e+00,0.000000e+00,0.000000e+00,0.000000e+00,0.000000e+00,0.000000e+00,0.000000e+00,0.000000e+00,0.000000e+00,0.000000e+00
1.000000e+00,0.000000e+00,0.000000e+00,0.000000e+00,0.000000e+00,0.000000e+00,0.000000e+00,0.000000e+00,0.000000e+00,0.000000e+00,0.000000e+00,0.000000e+00,0.000000e+00,0.000000e+00,0.000000e+00
1.000000e+00,0.000000e+00,0.000000e+00,0.000000e+00,0.000000e+00,0.000000e+00,0.000000e+00,0.000000e+00,0.000000e+00,0.000000e+00,0.000000e+00,0.000000e+00,0.000000e+00,0.000000e+00,0.000000e+00
1.000000e+00,0.000000e+00,0.000000e+00,0.000000e+00,0.000000e+00,0.000000e+00,0.000000e+00,0.000000e+00,0.000000e+00,0.000000e+00,0.000000e+00,0.000000e+00,0.000000e+00,0.000000e+00,0.000000e+00
1.000000e+00,0.000000e+00,0.000000e+00,0.000000e+00,0.000000e+00,0.000000e+00,0.000000e+00,0.000000e+00,0.000000e+00,0.000000e+00,0.000000e+00,0.000000e+00,0.000000e+00,0.000000e+00,0.000000e+00
1.000000e+00,0.000000e+00,0.000000e+00,0.000000e+00,0.000000e+00,0.000000e+00,0.000000e+00,0.000000e+00,0.000000e+00,0.000000e+00,0.000000e+00,0.000000e+00,0.000000e+00,0.000000e+00,0.000000e+00
1.000000e+00,0.000000e+00,0.000000e+00,0.000000e+00,0.000000e+00,0.000000e+00,0.000000e+00,0.000000e+00,0.000000e+00,0.000000e+00,0.000000e+00,0.000000e+00,0.000000e+00,0.000000e+00,0.000000e+00
1.000000e+00,0.000000e+00,0.000000e+00,0.000000e+00,0.000000e+00,0.000000e+00,0.000000e+00,0.000000e+00,0.000000e+00,0.000000e+00,0.000000e+00,0.000000e+00,0.000000e+00,0.000000e+00,0.000000e+00
4.612931e-01,8.954886e-02,2.764570e-02,1.253868e-01,2.227870e-02,4.220931e-02,1.854029e-02,3.100962e-02,2.389803e-02,7.555868e-03,1.099350e-02,4.300075e-02,2.528258e-02,6.373070e-03,6.498376e-02
4.779315e-01,8.406325e-02,2.475814e-02,1.189754e-01,2.113275e-02,3.988968e-02,1.759611e-02,2.814635e-02,2.337734e-02,7.502620e-03,1.081760e-02,4.274499e-02,2.852722e-02,7.590964e-03,6.694597e-02
1.000000e+00,0.000000e+00,0.000000e+00,0.000000e+00,0.000000e+00,0.000000e+00,0.000000e+00,0.000000e+00,0.000000e+00,0.000000e+00,0.000000e+00,0.000000e+00,0.000000e+00,0.000000e+00,0.000000e+00
4.396337e-01,7.111612e-02,2.887789e-02,1.341341e-01,1.976003e-02,4.992800e-02,1.853471e-02,3.656566e-02,2.203248e-02,6.047732e-03,1.445586e-02,4.952955e-02,3.842086e-02,9.036176e-03,6.192702e-02
4.373355e-01,6.996268e-02,2.605675e-02,1.323659e-01,1.986835e-02,4.840638e-02,1.662102e-02,3.040707e-02,2.311913e-02,6.186490e-03,1.920141e-02,5.678084e-02,4.256070e-02,1.064863e-02,6.047918e-02
4.582724e-01,6.583595e-02,2.248263e-02,1.255146e-01,1.906717e-02,4.561103e-02,1.477135e-02,2.542756e-02,2.261478e-02,6.104499e-03,2.098678e-02,6.048387e-02,4.447806e-02,1.098508e-02,5.736427e-02
1.000000e+00,0.000000e+00,0.000000e+00,0.000000e+00,0.000000e+00,0.000000e+00,0.000000e+00,0.000000e+00,0.000000e+00,0.000000e+00,0.000000e+00,0.000000e+00,0.000000e+00,0.000000e+00,0.000000e+00
1.000000e+00,0.000000e+00,0.000000e+00,0.000000e+00,0.000000e+00,0.000000e+00,0.000000e+00,0.000000e+00,0.000000e+00,0.000000e+00,0.000000e+00,0.000000e+00,0.000000e+00,0.000000e+00,0.000000e+00
1.000000e+00,0.000000e+00,0.000000e+00,0.000000e+00,0.000000e+00,0.000000e+00,0.000000e+00,0.000000e+00,0.000000e+00,0.000000e+00,0.000000e+00,0.000000e+00,0.000000e+00,0.000000e+00,0.000000e+00
1.000000e+00,0.000000e+00,0.000000e+00,0.000000e+00,0.000000e+00,0.000000e+00,0.000000e+00,0.000000e+00,0.000000e+00,0.000000e+00,0.000000e+00,0.000000e+00,0.000000e+00,0.000000e+00,0.000000e+00
1.000000e+00,0.000000e+00,0.000000e+00,0.000000e+00,0.000000e+00,0.000000e+00,0.000000e+00,0.000000e+00,0.000000e+00,0.000000e+00,0.000000e+00,0.000000e+00,0.000000e+00,0.000000e+00,0.000000e+00
1.000000e+00,0.000000e+00,0.000000e+00,0.000000e+00,0.000000e+00,0.000000e+00,0.000000e+00,0.000000e+00,0.000000e+00,0.000000e+00,0.000000e+00,0.000000e+00,0.000000e+00,0.000000e+00,0.000000e+00
1.000000e+00,0.000000e+00,0.000000e+00,0.000000e+00,0.000000e+00,0.000000e+00,0.000000e+00,0.000000e+00,0.000000e+00,0.000000e+00,0.000000e+00,0.000000e+00,0.000000e+00,0.000000e+00,0.000000e+00
1.000000e+00,0.000000e+00,0.000000e+00,0.000000e+00,0.000000e+00,0.000000e+00,0.000000e+00,0.000000e+00,0.000000e+00,0.000000e+00,0.000000e+00,0.000000e+00,0.000000e+00,0.000000e+00,0.000000e+00
4.709778e-01,3.128782e-02,2.715978e-02,7.678422e-02,6.978873e-03,3.503663e-02,5.273632e-03,3.097950e-02,1.199603e-02,3.923446e-03,3.257581e-02,1.422586e-01,2.376333e-02,2.085080e-02,8.015376e-02
3.324263e-01,4.298145e-02,2.209950e-02,6.615560e-02,5.495016e-03,3.178950e-02,4.109689e-03,2.196917e-02,1.227421e-02,3.856996e-03,4.072750e-02,2.087449e-01,2.068189e-02,3.140076e-02,1.552875e-01
2.378250e-01,3.385518e-02,1.836861e-02,6.024837e-02,6.566667e-03,3.066379e-02,3.622638e-03,1.558970e-02,1.076437e-02,4.611186e-03,4.175049e-02,2.713869e-01,1.696351e-02,4.308537e-02,2.046983e-01
1.678644e-01,2.529409e-02,1.360091e-02,5.078666e-02,7.921578e-03,2.459326e-02,2.593491e-03,1.096381e-02,9.358702e-03,4.311052e-03,5.552001e-02,3.912725e-01,1.485585e-02,4.696847e-02,1.740952e-01
1.182764e-01,1.843358e-02,1.001070e-02,3.801496e-02,1.167656e-02,4.260442e-02,1.960876e-03,8.557802e-03,1.002289e-02,4.691664e-03,9.194699e-02,4.688018e-01,1.270229e-02,3.547733e-02,1.268218e-01
8.302327e-02,1.326968e-02,7.444645e-03,2.738807e-02,1.362258e-02,3.197941e-02,1.468106e-03,6.307507e-03,1.287613e-02,4.773530e-03,9.190050e-02,5.798757e-01,9.880957e-03,2.621016e-02,8.997978e-02
5.842112e-02,1.058951e-02,6.026149e-03,1.990333e-02,2.159157e-02,2.359304e-02,1.168473e-03,5.071769e-03,1.776177e-02,4.744615e-03,9.938261e-02,6.377555e-01,8.045183e-03,2.192803e-02,6.401741e-02
4.146641e-02,8.348716e-03,4.681549e-03,1.451546e-02,1.826568e-02,1.852340e-02,9.772342e-04,3.890648e-03,1.678033e-02,4.735036e-03,9.243146e-02,7.032773e-01,7.333860e-03,1.796185e-02,4.681103e-02
2.933535e-02,6.261965e-03,3.472063e-03,1.096183e-02,1.789634e-02,1.386084e-02,7.573219e-04,2.897894e-03,1.498692e-02,4.268792e-03,7.985555e-02,7.595584e-01,6.610103e-03,1.553324e-02,3.374340e-02
2.330523e-02,5.270596e-03,2.937689e-03,8.893858e-03,1.787083e-02,1.145286e-02,7.372770e-04,3.078314e-03,1.283999e-02,5.430169e-03,6.635185e-02,7.973518e-01,5.202124e-03,1.424543e-02,2.503198e-02
1.888440e-02,4.735657e-03,2.869222e-03,6.412309e-03,1.345405e-02,8.908618e-03,6.389832e-04,2.939139e-03,1.067540e-02,1.029336e-02,6.699030e-02,8.184353e-01,3.819269e-03,1.262831e-02,1.831573e-02
1.717333e-02,4.185543e-03,2.655432e-03,4.831484e-03,1.116300e-02,7.166917e-03,6.154880e-04,3.383301e-03,1.004624e-02,1.537974e-02,6.668206e-02,8.290967e-01,2.910379e-03,1.123637e-02,1.347409e-02
1.429757e-02,4.612452e-03,8.771309e-03,9.138400e-03,9.387816e-03,9.724862e-03,1.444322e-03,8.543391e-02,1.315155e-02,1.396801e-02,5.656522e-02,7.532600e-01,2.257738e-03,8.389839e-03,9.597048e-03
1.194507e-02,3.988433e-03,8.125447e-03,1.096788e-02,3.810710e-02,1.750810e-02,2.112337e-03,1.321225e-01,2.180193e-02,1.387732e-02,5.149201e-02,6.720099e-01,1.910833e-03,7.258096e-03,6.773117e-03
1.255643e-02,5.621511e-03,8.816178e-03,1.418501e-02,5.481283e-02,2.394416e-02,4.421978e-03,1.709144e-01,4.471847e-02,1.092827e-02,5.036967e-02,5.860141e-01,1.603957e-03,6.162286e-03,4.930774e-03
2.066426e-02,4.726435e-03,1.111344e-02,2.612242e-02,8.834080e-02,3.615916e-02,1.481655e-02,2.313899e-01,3.799307e-02,1.629344e-02,4.636734e-02,4.553398e-01,1.726811e-03,5.209278e-03,3.737370e-03
3.954682e-02,4.803890e-03,8.988330e-03,2.298245e-02,1.667788e-01,6.617792e-02,1.455331e-02,1.921444e-01,3.330106e-02,2.703580e-02,5.674856e-02,3.555878e-01,3.218937e-03,5.065765e-03,3.066147e-03
5.444642e-02,5.927482e-03,7.013018e-03,2.059572e-02,1.858526e-01,8.910437e-02,1.155836e-02,1.492491e-01,2.882126e-02,9.079616e-02,7.431626e-02,2.686576e-01,4.632735e-03,5.639774e-03,3.389218e-03
5.311806e-02,7.334935e-03,7.737773e-03,2.590962e-02,2.138401e-01,1.120755e-01,1.013581e-02,1.490151e-01,2.698062e-02,1.084727e-01,7.113343e-02,2.009495e-01,4.279509e-03,6.111472e-03,2.905954e-03
5.357375e-02,9.698002e-03,2.763673e-02,1.055229e-01,1.924675e-01,1.144525e-01,9.153474e-03,1.500867e-01,2.538174e-02,9.865157e-02,5.296165e-02,1.480065e-01,3.729366e-03,5.000912e-03,3.676848e-03
7.018126e-02,9.094562e-03,2.886603e-02,1.553214e-01,1.780211e-01,1.069755e-01,6.774817e-03,1.161228e-01,3.042446e-02,1.283301e-01,4.526506e-02,1.092570e-01,3.092922e-03,8.417064e-03,3.855938e-03
1.060308e-01,7.902304e-03,2.416436e-02,1.616859e-01,1.451925e-01,1.032522e-01,5.051011e-03,8.525125e-02,4.804199e-02,1.560848e-01,5.037394e-02,8.441115e-02,2.871823e-03,1.385170e-02,5.834337e-03
1.869197e-01,8.022672e-03,1.927086e-02,1.796805e-01,1.132493e-01,8.253283e-02,3.685348e-03,6.095637e-02,5.043584e-02,1.429446e-01,6.014028e-02,6.784972e-02,3.665760e-03,1.337940e-02,7.266775e-03
2.233317e-01,1.253954e-02,1.589845e-02,1.896084e-01,1.133777e-01,7.004055e-02,2.714093e-03,4.433757e-02,5.049053e-02,1.327198e-01,6.674357e-02,5.200330e-02,4.115853e-03,1.445936e-02,7.619532e-03
1.724185e-01,5.318852e-02,1.871908e-02,1.959088e-01,1.080363e-01,1.722380e-01,2.229216e-03,3.174631e-02,3.830266e-02,9.455299e-02,4.934807e-02,3.827042e-02,3.647708e-03,1.189004e-02,9.503406e-03
1.251468e-01,4.238103e-02,1.734380e-02,1.401196e-01,7.867733e-02,3.929712e-01,1.884342e-03,2.571577e-02,2.721695e-02,6.709018e-02,3.515003e-02,2.697497e-02,2.829104e-03,8.963143e-03,7.535824e-03
9.680428e-02,3.077547e-02,1.336013e-02,1.035338e-01,5.593144e-02,5.169471e-01,1.410710e-03,1.897452e-02,2.419771e-02,5.982572e-02,3.298229e-02,1.972922e-02,3.717998e-03,9.464829e-03,1.234483e-02
9.400522e-02,2.262363e-02,1.075991e-02,8.576208e-02,3.980112e-02,4.837207e-01,1.107646e-03,1.576293e-02,5.866005e-02,5.497868e-02,5.648629e-02,1.635953e-02,8.009046e-03,1.187345e-02,4.008977e-02
9.409464e-02,1.695239e-02,9.469143e-03,7.001045e-02,2.882630e-02,4.668307e-01,1.050257e-03,1.366926e-02,8.167917e-02,4.810683e-02,6.539310e-02,1.249426e-02,9.356359e-03,1.200833e-02,7.005884e-02
6.801457e-02,1.219585e-02,6.979548e-03,5.102165e-02,2.075567e-02,3.379278e-01,8.433085e-04,9.988822e-03,2.894444e-01,4.485460e-02,5.324946e-02,9.109454e-03,8.530039e-03,9.605199e-03,7.747956e-02
4.952879e-02,9.904539e-03,5.150375e-03,3.683842e-02,1.483357e-02,2.377530e-01,6.458417e-04,7.521959e-03,3.872667e-01,4.018493e-02,1.089859e-01,1.162123e-02,1.078587e-02,1.650422e-02,6.247465e-02
3.653504e-02,1.154829e-02,4.264922e-03,2.687124e-02,1.185927e-02,1.686118e-01,6.220934e-04,5.710110e-03,3.847303e-01,7.134412e-02,1.439826e-01,2.698752e-02,1.438871e-02,2.582767e-02,6.671626e-02
3.139146e-02,1.113512e-02,3.392382e-03,1.998111e-02,1.005478e-02,1.207687e-01,7.022767e-04,4.248331e-03,3.291913e-01,8.089817e-02,2.032470e-01,5.871390e-02,1.660919e-02,4.234748e-02,6.731880e-02
2.333783e-02,1.049493e-02,2.783542e-03,1.563215e-02,8.295566e-03,8.621337e-02,6.636385e-04,3.138340e-03,2.924926e-01,8.686271e-02,2.785222e-01,6.603453e-02,1.554730e-02,4.881693e-02,6.116432e-02
1.730620e-02,8.684787e-03,2.125742e-03,1.145786e-02,6.303565e-03,6.184944e-02,7.637934e-04,2.273847e-03,2.125035e-01,7.806903e-02,3.857633e-01,9.972719e-02,1.247432e-02,5.127997e-02,4.941738e-02
1.293585e-02,8.217402e-03,1.713346e-03,8.340164e-03,5.587875e-03,4.410739e-02,6.225916e-04,1.664606e-03,1.522011e-01,5.892884e-02,5.009221e-01,1.097126e-01,9.531781e-03,5.033331e-02,3.518096e-02
9.636429e-03,7.630223e-03,1.571917e-03,6.120527e-03,7.243881e-03,3.118902e-02,5.183124e-04,1.379550e-03,1.104338e-01,4.561172e-02,5.446291e-01,1.510743e-01,7.290860e-03,5.066107e-02,2.500926e-02
8.796425e-03,7.240213e-03,1.699743e-03,4.543410e-03,2.053394e-02,2.276959e-02,5.499379e-04,1.680798e-03,8.235018e-02,4.013482e-02,5.389962e-01,1.796576e-01,6.216628e-03,6.664598e-02,1.818453e-02
7.222872e-03,1.050883e-02,2.232387e-03,3.388401e-03,2.330082e-02,1.624865e-02,4.596751e-04,1.665890e-03,6.399810e-02,2.974675e-02,5.562707e-01,1.758150e-01,4.978520e-03,9.089042e-02,1.327301e-02
7.611318e-03,1.103269e-02,3.647162e-03,2.828006e-03,1.909894e-02,1.233755e-02,4.151486e-04,4.196745e-03,5.253572e-02,2.281620e-02,5.468462e-01,1.800891e-01,4.768748e-03,1.212741e-01,1.050241e-02
8.231767e-03,1.246161e-02,3.964103e-03,2.341085e-03,1.546963e-02,9.591387e-03,4.438936e-04,5.377525e-03,4.218015e-02,1.777391e-02,5.194931e-01,1.445358e-01,3.999817e-03,2.050412e-01,9.094996e-03
1.140664e-02,1.950529e-02,7.546560e-03,2.568791e-03,2.177913e-02,8.966449e-03,6.142354e-04,1.431639e-02,4.346653e-02,1.584191e-02,4.438901e-01,1.139306e-01,3.904289e-03,2.833390e-01,8.924008e-03
2.097050e-02,5.269981e-02,9.435050e-03,2.821401e-03,2.297085e-02,1.241126e-02,7.310950e-04,1.796850e-02,5.842400e-02,1.438887e-02,3.311813e-01,8.127341e-02,3.836425e-03,3.621272e-01,8.760270e-03
2.156816e-02,1.911666e-01,9.872599e-03,2.571447e-03,2.299293e-02,1.361823e-02,1.156339e-03,2.147890e-02,6.954718e-02,1.124123e-02,2.395469e-01,5.754303e-02,3.504098e-03,3.259060e-01,8.286306e-03
3.000355e-02,2.562110e-01,1.223076e-02,2.853198e-03,3.023096e-02,1.491670e-02,1.305363e-03,1.927739e-02,7.269305e-02,9.996313e-03,1.759153e-01,4.058979e-02,2.994138e-03,3.230075e-01,7.774992e-03
3.059424e-02,3.629079e-01,3.966356e-02,6.208932e-03,3.740529e-02,1.646943e-02,1.549018e-03,1.817263e-02,6.105327e-02,7.800682e-03,1.274825e-01,2.851764e-02,2.597549e-03,2.515813e-01,7.995957e-03
3.063703e-02,4.344577e-01,3.400685e-02,5.806021e-03,3.933863e-02,1.710683e-02,1.251628e-03,1.360009e-02,5.112065e-02,7.742403e-03,1.061241e-01,2.010128e-02,2.136404e-03,2.303684e-01,6.201931e-03
3.022242e-02,4.764500e-01,3.890339e-02,1.369296e-02,3.584883e-02,2.284956e-02,1.121726e-03,1.292200e-02,4.722447e-02,6.187581e-03,8.812323e-02,1.467439e-02,2.909847e-03,2.018304e-01,7.039227e-03
4.557789e-02,4.228561e-01,3.119387e-02,1.183963e-02,4.712347e-02,2.429602e-02,1.079056e-03,1.033729e-02,4.970061e-02,6.532039e-03,8.736885e-02,1.149313e-02,3.004483e-03,2.403121e-01,7.285399e-03
8.471844e-02,3.443095e-01,2.523191e-02,1.167301e-02,5.325656e-02,2.532985e-02,1.198619e-03,1.159867e-02,5.175760e-02,8.166674e-03,1.110204e-01,9.747659e-03,3.558775e-03,2.510194e-01,7.412922e-03
1.275963e-01,2.689920e-01,3.405727e-02,8.235329e-02,4.578771e-02,2.215927e-02,1.246150e-03,1.373410e-02,5.395080e-02,1.346623e-02,1.017206e-01,1.661851e-02,6.749065e-03,1.940605e-01,1.750817e-02
2.238976e-01,1.993542e-01,3.009391e-02,1.009414e-01,4.614647e-02,2.045936e-02,1.546169e-03,1.922419e-02,5.511274e-02,1.853654e-02,8.667786e-02,2.336563e-02,9.279160e-03,1.447507e-01,2.061419e-02
2.062866e-01,1.424309e-01,2.226657e-02,8.403072e-02,3.341790e-02,2.726115e-02,2.104665e-03,1.507421e-02,1.054242e-01,1.437329e-02,6.609973e-02,3.003689e-02,1.325011e-01,1.021182e-01,1.657401e-02
1.740350e-01,1.002400e-01,1.607178e-02,6.295759e-02,2.376694e-02,4.344272e-02,2.198573e-03,1.104299e-02,8.411521e-02,1.034763e-02,4.695259e-02,2.303922e-02,3.182007e-01,7.165621e-02,1.193280e-02
1.395717e-01,7.039913e-02,1.152614e-02,4.516210e-02,1.693108e-02,2.310747e-01,2.363248e-03,8.827559e-03,6.019381e-02,7.266523e-03,3.336726e-02,1.701626e-02,2.975620e-01,5.022440e-02,8.514052e-03
1.029658e-01,4.942960e-02,8.371952e-03,3.296624e-02,1.194682e-02,1.955740e-01,1.735421e-03,6.385088e-03,4.641217e-02,5.127970e-03,2.360149e-02,1.555398e-02,4.586409e-01,3.519446e-02,6.094194e-03
8.038419e-02,3.484701e-02,5.986294e-03,2.333423e-02,8.734647e-03,1.588527e-01,1.314043e-03,4.649105e-03,3.461893e-02,3.610427e-03,1.711876e-02,1.478912e-02,5.825756e-01,2.472282e-02,4.462275e-03
6.673538e-02,2.533774e-02,4.293202e-03,1.708985e-02,6.451806e-03,1.220744e-01,1.088292e-03,3.664213e-03,3.376381e-02,2.603239e-03,1.240135e-02,1.707894e-02,6.666300e-01,1.742293e-02,3.364791e-03
6.125327e-02,1.940314e-02,3.106650e-03,1.262114e-02,5.078988e-03,9.064029e-02,8.646892e-04,2.922062e-03,2.954944e-02,1.877199e-03,9.322091e-03,1.802248e-02,7.298379e-01,1.245086e-02,3.049833e-03
5.566566e-02,1.660721e-02,2.279547e-03,9.274302e-03,4.211295e-03,6.514826e-02,7.020698e-04,2.487483e-03,2.309817e-02,1.399990e-03,7.382109e-03,1.994918e-02,7.802206e-01,8.903983e-03,2.670133e-03
4.198085e-02,1.306286e-02,2.097459e-03,6.706349e-03,3.746040e-03,4.620720e-02,6.601242e-04,1.989690e-03,1.930156e-02,1.197597e-03,5.460192e-03,1.650243e-02,8.319778e-01,6.377401e-03,2.732383e-03
3.040903e-02,1.057498e-02,1.819361e-03,4.913128e-03,3.824037e-03,3.295752e-02,6.159053e-04,1.759333e-03,1.468207e-02,9.576136e-04,4.123572e-03,1.489461e-02,8.709037e-01,4.550599e-03,3.014497e-03
3.328947e-02,1.032030e-02,6.282202e-03,5.246254e-03,5.511135e-03,3.532176e-02,6.734295e-04,2.344039e-03,1.272487e-02,1.449317e-03,5.354990e-03,1.632347e-02,8.569538e-01,4.531608e-03,3.673350e-03
3.196812e-02,8.457445e-03,5.287921e-03,4.337671e-03,6.455410e-03,4.306872e-02,7.724790e-04,4.067041e-03,1.344229e-02,1.277118e-03,6.066698e-03,1.554063e-02,8.520981e-01,3.618314e-03,3.542042e-03
2.891772e-02,6.219184e-03,4.576135e-03,3.744724e-03,5.296656e-03,4.168920e-02,1.045213e-03,1.384773e-02,2.176729e-02,2.798099e-03,1.803009e-02,5.080694e-02,7.817534e-01,3.509362e-03,1.599826e-02
2.139851e-02,4.479846e-03,3.393664e-03,3.298817e-03,3.758901e-03,3.803054e-02,7.853797e-04,1.304777e-02,2.234541e-02,4.113666e-03,2.286795e-02,9.304857e-02,7.377167e-01,3.236754e-03,2.847761e-02
1.575811e-02,3.294045e-03,2.675175e-03,3.044260e-03,2.752666e-03,3.322440e-02,6.190188e-04,1.284599e-02,2.369641e-02,9.123145e-03,3.504924e-02,1.283502e-01,6.671801e-01,2.974231e-03,5.941302e-02
1.350440e-02,4.108329e-03,2.874339e-03,2.118571e-02,2.282741e-03,2.625268e-02,4.534479e-04,1.089651e-02,9.872763e-02,1.415320e-02,3.808479e-02,9.663430e-02,5.156675e-01,4.552214e-03,1.506222e-01
1.018437e-02,3.625227e-03,2.880276e-03,1.946065e-02,1.976480e-03,1.913739e-02,3.555326e-04,9.831591e-03,8.552800e-02,1.144661e-02,3.289919e-02,6.948332e-02,3.789450e-01,5.380126e-03,3.488663e-01
8.253051e-03,3.092857e-03,3.246668e-03,1.431094e-02,4.963805e-03,1.357437e-02,2.859741e-04,7.330512e-03,1.041883e-01,9.618754e-03,2.485136e-02,4.885695e-02,2.672429e-01,6.757504e-03,4.834261e-01
7.538263e-03,3.307490e-03,3.905035e-03,1.211595e-02,5.631604e-03,1.103899e-02,2.857778e-04,5.454836e-03,1.811119e-01,8.316483e-03,1.990689e-02,3.476628e-02,1.901882e-01,9.624291e-03,5.068080e-01
1.205734e-02,4.850549e-03,5.466331e-03,1.004366e-02,9.250796e-03,8.645152e-03,4.745914e-04,4.490639e-03,1.706554e-01,6.714812e-03,1.894257e-02,2.472613e-02,1.350317e-01,1.151328e-02,5.771370e-01
2.462365e-02,7.719562e-03,5.943551e-03,8.239498e-03,1.074605e-02,7.694268e-03,5.584058e-04,4.619476e-03,2.899812e-01,5.694235e-03,1.666213e-02,1.771208e-02,9.737339e-02,1.834000e-02,4.840925e-01
4.947071e-02,8.818796e-03,8.653862e-03,7.513925e-03,1.190555e-02,7.698989e-03,6.210771e-04,4.243142e-03,2.783478e-01,4.910397e-03,1.463240e-02,1.263184e-02,7.110120e-02,3.083732e-02,4.886129e-01
6.269846e-02,7.908135e-03,2.032080e-02,7.697382e-03,1.620244e-02,9.282598e-03,1.742176e-03,1.341922e-02,2.546287e-01,4.571103e-03,1.208900e-02,9.031860e-03,5.166476e-02,3.801602e-02,4.907273e-01
7.500432e-02,1.435444e-02,8.894569e-02,3.068565e-02,2.537812e-02,9.624884e-03,1.532109e-03,1.152707e-02,2.418092e-01,7.150185e-03,9.950252e-03,6.695983e-03,3.657173e-02,2.925900e-02,4.115113e-01
8.292461e-02,1.396720e-02,7.050302e-02,2.419830e-02,2.468641e-02,8.704227e-03,1.222266e-03,9.350637e-03,2.246396e-01,1.283314e-02,8.258799e-03,4.976659e-03,2.639086e-02,2.323845e-02,4.641058e-01
1.192975e-01,1.362407e-02,5.913625e-02,1.906352e-02,2.482200e-02,8.291732e-03,9.847065e-04,8.042017e-03,2.060301e-01,2.433135e-02,7.629722e-03,3.799093e-03,1.964077e-02,2.548885e-02,4.598182e-01
1.061194e-01,1.503523e-02,4.668254e-02,2.121164e-02,2.115829e-02,6.492977e-03,8.005931e-04,6.516133e-03,2.012643e-01,3.381500e-02,6.118340e-03,3.071663e-03,1.500702e-02,2.055964e-02,4.961472e-01
1.110256e-01,1.745425e-02,5.786194e-02,2.622679e-02,1.698823e-02,5.331687e-03,6.545502e-04,4.843033e-03,1.635452e-01,3.535257e-02,4.920991e-03,2.637080e-03,1.121735e-02,1.659440e-02,5.253462e-01
1.569562e-01,2.224833e-02,8.759326e-02,3.435985e-02,1.645337e-02,5.873534e-03,8.336886e-04,4.625328e-03,1.417343e-01,3.247733e-02,4.124412e-03,2.263350e-03,8.541767e-03,1.418129e-02,4.677340e-01
1.639039e-01,2.195010e-02,7.053563e-02,2.927052e-02,1.370500e-02,5.976290e-03,7.344796e-04,3.578851e-03,1.223867e-01,3.089546e-02,3.319175e-03,1.910184e-03,6.744456e-03,1.192208e-02,5.131671e-01
1.210817e-01,2.276040e-02,5.369883e-02,3.838240e-02,9.879705e-03,4.451725e-03,5.574482e-04,2.579623e-03,1.257529e-01,2.505626e-02,2.919169e-03,1.699143e-03,5.437330e-03,9.502221e-03,5.762412e-01
9.284246e-02,1.715377e-02,3.882299e-02,2.980606e-02,7.023511e-03,3.345808e-03,4.304019e-04,1.865390e-03,1.313063e-01,2.202952e-02,2.824000e-03,1.389885e-03,4.738537e-03,7.451618e-03,6.389697e-01
6.735036e-02,1.293798e-02,2.761142e-02,2.143866e-02,4.950643e-03,2.385525e-03,3.068827e-04,1.459216e-03,2.591836e-01,2.824929e-02,2.791459e-03,1.270635e-03,4.499265e-03,6.337779e-03,5.592272e-01
4.769885e-02,1.181437e-02,1.973447e-02,1.537413e-02,3.471899e-03,1.694123e-03,2.189556e-04,1.043122e-03,4.493704e-01,2.743621e-02,2.397747e-03,1.272315e-03,3.727259e-03,5.232594e-03,4.095136e-01
3.700736e-02,9.581357e-03,1.403479e-02,1.098342e-02,2.449383e-03,1.251375e-03,1.693222e-04,7.746511e-04,5.759367e-01,2.616061e-02,4.941985e-03,2.324827e-03,6.172215e-03,4.269632e-03,3.039424e-01
2.956221e-02,8.025507e-03,1.147374e-02,8.122846e-03,1.849111e-03,9.677659e-04,1.724514e-04,1.036646e-03,6.258643e-01,2.155037e-02,5.977337e-03,2.513238e-03,8.593963e-03,3.609971e-03,2.706806e-01
2.298056e-02,6.068196e-03,1.088228e-02,6.130826e-03,1.428577e-03,7.674050e-04,1.471376e-04,9.983359e-04,6.160225e-01,1.665686e-02,5.116349e-03,3.283274e-03,1.304497e-02,3.096893e-03,2.933758e-01
3.419334e-02,4.929287e-03,1.909265e-02,5.796401e-03,2.657126e-03,1.967355e-03,7.778119e-04,6.826435e-03,5.045055e-01,1.253478e-02,1.300326e-02,1.333815e-02,7.886682e-02,3.763545e-03,2.977476e-01
2.880890e-02,5.165347e-03,1.450446e-02,5.363875e-03,4.972595e-03,3.105078e-03,8.538602e-04,7.008603e-03,3.957929e-01,1.004575e-02,1.225925e-02,1.238609e-02,2.690406e-01,3.092147e-03,2.276005e-01
2.386170e-02,7.280966e-03,1.505603e-02,5.595594e-03,1.462764e-02,5.665739e-03,2.732986e-03,7.701021e-03,3.102271e-01,8.338599e-03,1.635252e-02,1.232896e-02,3.199458e-01,2.970452e-03,2.473149e-01
2.096371e-02,7.141312e-03,1.139961e-02,6.280707e-03,1.407048e-02,1.223677e-02,2.459543e-03,6.277354e-03,2.353195e-01,7.208718e-03,2.295937e-02,1.763815e-02,4.149006e-01,3.551919e-03,2.175922e-01
1.892717e-02,5.592309e-03,8.117067e-03,5.172772e-03,1.508752e-02,1.581626e-02,1.823456e-03,5.003540e-03,1.715021e-01,5.880935e-03,2.542553e-02,1.840769e-02,5.386635e-01,3.491490e-03,1.610887e-01
1.888861e-02,4.880502e-03,5.856866e-03,3.986480e-03,1.259165e-02,2.886648e-02,1.368761e-03,4.146474e-03,1.268401e-01,4.342681e-03,2.230976e-02,1.632250e-02,6.320328e-01,3.500727e-03,1.140656e-01
1.729114e-02,4.255517e-03,4.212327e-03,3.133203e-03,9.922007e-03,2.710109e-02,1.026157e-03,3.483470e-03,9.259208e-02,3.166248e-03,1.638466e-02,1.612392e-02,7.166227e-01,3.877231e-03,8.080831e-02
2.409522e-02,5.880765e-03,5.667163e-03,1.423289e-02,1.036966e-02,3.222170e-02,1.076317e-03,7.567750e-03,9.453476e-02,2.825099e-03,1.321258e-02,1.352809e-02,7.065790e-01,3.946225e-03,6.426288e-02
2.762933e-02,4.923171e-03,1.041020e-02,1.142615e-02,1.161585e-02,2.725425e-02,1.728549e-03,1.271545e-02,6.920010e-02,2.030738e-03,9.636979e-03,1.135844e-02,7.519139e-01,2.928340e-03,4.522866e-02
3.125073e-02,4.332140e-03,7.789029e-03,8.231775e-03,1.316321e-02,2.215979e-02,1.438947e-03,9.955210e-03,4.951691e-02,1.470854e-03,7.374602e-03,1.734614e-02,7.917385e-01,2.261491e-03,3.197079e-02
2.674191e-02,6.707259e-03,5.804012e-03,6.258606e-03,1.230946e-02,2.029133e-02,1.557963e-03,8.169684e-03,4.014978e-02,1.517909e-03,7.775397e-03,4.771458e-02,7.900454e-01,1.804823e-03,2.315199e-02
1.959466e-02,5.391615e-03,4.171974e-03,4.617461e-03,8.981182e-03,1.523343e-02,1.208531e-03,6.141401e-03,3.193657e-02,1.110101e-03,7.418977e-03,5.594566e-02,8.201787e-01,1.400501e-03,1.666922e-02
1.612546e-02,4.613461e-03,3.704285e-03,4.196479e-03,8.538712e-03,1.221769e-02,1.476939e-03,7.973543e-03,4.091163e-02,1.066115e-03,7.054945e-03,4.543896e-02,8.326380e-01,1.354526e-03,1.268935e-02
1.227914e-02,4.424427e-03,3.184323e-03,3.812823e-03,7.488603e-03,4.678362e-02,1.451050e-03,6.289008e-03,3.365019e-02,1.121848e-03,9.809623e-03,5.354712e-02,8.047985e-01,1.481056e-03,9.878764e-03
9.244358e-03,5.600608e-03,2.888129e-03,4.118743e-03,6.065955e-03,4.129595e-02,1.219217e-03,4.596443e-03,3.987779e-02,1.675582e-03,9.922476e-03,4.655659e-02,8.177688e-01,1.299435e-03,7.869981e-03
7.048710e-03,4.191216e-03,2.520186e-03,3.874324e-03,7.002497e-03,3.610746e-02,1.054139e-03,3.622180e-03,3.241312e-02,1.652537e-03,1.363228e-02,4.416629e-02,8.308854e-01,1.560607e-03,1.026908e-02
7.046407e-03,3.112425e-03,2.122622e-03,3.093016e-03,7.040600e-03,3.273309e-02,9.381899e-04,2.623661e-03,2.365005e-02,1.369654e-03,1.186153e-02,3.641506e-02,8.573622e-01,1.790530e-03,8.841073e-03
8.723276e-03,2.334394e-03,1.796236e-03,2.465926e-03,7.621896e-03,2.875302e-02,8.266753e-04,1.912683e-03,1.848929e-02,1.251400e-03,1.263940e-02,3.653026e-02,8.673158e-01,1.893612e-03,7.446167e-03
7.874219e-03,1.842888e-03,1.446942e-03,1.857866e-03,1.169810e-02,2.219527e-02,9.454130e-04,1.409241e-03,1.716692e-02,1.288690e-03,1.443652e-02,4.242501e-02,8.653216e-01,2.216723e-03,7.874569e-03
8.626305e-03,2.364936e-03,1.358009e-03,1.593711e-03,1.303862e-02,1.883334e-02,9.480610e-04,1.081326e-03,1.601913e-02,2.678105e-03,2.748122e-02,7.172978e-02,8.236106e-01,2.936649e-03,7.700176e-03
6.691142e-03,2.031622e-03,1.108532e-03,1.340436e-03,1.036104e-02,1.962980e-02,7.101470e-04,8.803460e-04,1.441042e-02,8.216430e-03,3.988503e-02,1.482618e-01,7.381458e-01,2.331964e-03,5.995492e-03
5.054286e-03,2.435956e-03,1.519527e-03,1.299716e-03,7.885668e-03,1.934859e-02,5.672569e-04,6.636730e-04,1.227621e-02,8.543778e-02,4.571285e-02,1.792283e-01,6.315969e-01,2.171130e-03,4.802116e-03
3.821215e-03,1.991270e-03,1.342640e-03,1.113736e-03,5.929497e-03,1.601720e-02,4.878516e-04,5.577033e-04,1.263555e-02,1.713477e-01,4.239272e-02,1.992463e-01,5.374078e-01,1.906738e-03,3.802029e-03
3.050921e-03,1.738133e-03,1.070301e-03,1.074219e-03,4.772070e-03,1.508816e-02,4.582854e-04,1.007364e-03,1.915906e-02,2.939760e-01,4.202215e-02,1.937873e-01,4.161964e-01,1.829335e-03,4.770387e-03
2.555893e-03,2.757036e-03,1.140932e-03,9.645667e-04,3.838445e-03,1.156736e-02,4.008743e-04,1.319356e-03,2.649509e-02,4.166008e-01,4.031361e-02,1.654349e-01,3.158682e-01,1.963701e-03,8.779255e-03
1.921453e-03,2.171973e-03,9.175599e-04,8.513117e-04,3.086432e-03,8.383187e-03,4.808173e-04,9.789394e-04,2.311539e-02,5.686913e-01,3.000210e-02,1.244756e-01,2.254108e-01,1.741926e-03,7.771203e-03
1.796146e-03,1.015476e-02,1.902472e-03,1.407977e-03,4.363026e-02,7.100412e-03,6.047759e-04,1.643584e-03,1.181119e-01,5.248379e-01,2.610430e-02,9.242994e-02,1.631650e-01,1.339168e-03,5.771447e-03
2.080124e-03,1.190936e-02,1.595459e-03,1.297728e-03,7.228975e-02,6.865478e-03,7.551854e-04,1.993899e-03,2.121808e-01,4.838173e-01,1.891953e-02,6.559204e-02,1.153236e-01,9.723576e-04,4.407350e-03
1.932121e-03,1.471873e-02,1.857658e-03,3.649434e-03,7.590129e-02,7.345223e-03,7.317048e-04,1.876890e-03,3.643309e-01,3.814992e-01,1.403918e-02,4.640295e-02,8.118202e-02,7.126267e-04,3.820113e-03
3.139975e-03,1.592582e-02,1.756875e-03,5.153466e-03,7.822666e-02,7.196958e-03,6.292947e-04,1.822690e-03,4.705500e-01,2.969866e-01,1.902708e-02,3.587296e-02,5.939765e-02,6.135418e-04,3.700394e-03
3.830427e-03,1.269265e-02,3.786886e-03,2.591695e-02,7.425231e-02,7.025396e-03,6.351282e-04,2.305125e-03,3.768041e-01,2.952912e-01,8.855168e-02,3.050122e-02,5.515920e-02,2.257504e-03,2.099031e-02
4.387710e-03,9.538193e-03,4.363584e-03,2.749608e-02,5.640943e-02,6.328082e-03,6.057016e-04,2.586936e-03,3.646222e-01,3.077069e-01,8.945385e-02,2.450153e-02,7.732134e-02,3.446775e-03,2.123169e-02
8.959559e-03,8.432340e-03,4.375966e-03,2.851589e-02,5.765129e-02,7.380679e-03,1.018156e-03,2.901059e-03,2.953778e-01,3.002544e-01,1.351050e-01,2.190155e-02,9.748536e-02,6.538924e-03,2.410204e-02
9.819252e-03,6.930687e-03,3.432159e-03,2.665121e-02,5.539747e-02,6.469727e-03,9.503879e-04,3.748638e-03,3.898450e-01,2.127581e-01,1.180154e-01,1.801303e-02,1.163415e-01,7.438374e-03,2.418893e-02
7.860014e-03,5.397949e-03,2.605401e-03,2.582827e-02,5.197397e-02,7.170171e-03,1.051057e-03,3.044541e-03,4.229788e-01,1.513086e-01,1.085041e-01,1.662179e-02,1.507732e-01,1.271664e-02,3.216546e-02
6.923277e-03,4.611651e-03,2.647608e-03,2.260444e-02,5.809947e-02,6.873783e-03,9.889368e-04,2.621922e-03,4.645260e-01,1.071946e-01,1.158005e-01,1.342403e-02,1.106771e-01,5.899372e-02,2.401291e-02
8.455832e-03,4.127297e-03,2.568531e-03,1.933294e-02,1.428337e-01,6.463285e-03,9.530436e-04,2.705834e-03,3.906764e-01,8.165605e-02,1.428347e-01,2.427733e-02,8.517011e-02,6.394653e-02,2.399840e-02
1.002565e-02,3.665382e-03,2.283459e-03,1.511497e-02,2.009305e-01,6.063521e-03,8.100382e-04,2.727075e-03,2.989118e-01,5.812281e-02,1.815079e-01,2.588015e-02,6.349935e-02,1.106639e-01,1.979354e-02
6.881128e-02,3.762278e-03,2.718238e-03,1.245002e-02,1.518717e-01,7.466968e-03,9.300861e-04,3.133297e-03,2.252348e-01,4.173102e-02,1.906459e-01,2.044951e-02,4.641763e-02,2.096877e-01,1.468966e-02
1.174830e-01,3.940792e-03,3.380822e-03,1.591222e-02,1.112890e-01,9.635499e-03,1.065931e-03,3.398513e-03,1.748780e-01,3.025670e-02,2.138372e-01,1.628257e-02,3.416427e-02,2.533056e-01,1.116994e-02
9.859325e-02,5.401704e-03,3.324744e-03,1.467281e-02,8.140225e-02,8.121977e-03,1.003424e-03,2.834466e-03,1.613558e-01,2.203601e-02,2.241266e-01,1.333201e-02,2.517772e-02,3.295207e-01,9.096575e-03
8.551678e-02,6.288816e-03,3.937250e-03,1.364062e-02,5.851573e-02,9.236644e-03,1.052783e-03,3.259778e-03,1.702521e-01,1.649300e-02,2.199279e-01,1.292641e-02,2.009454e-02,3.718703e-01,6.987319e-03
6.612466e-02,7.799310e-03,4.552884e-03,1.302406e-02,4.295328e-02,8.352367e-03,9.081661e-04,2.860599e-03,1.666820e-01,1.617467e-02,3.063453e-01,1.057508e-02,1.476120e-02,3.325073e-01,6.379148e-03
6.615546e-02,1.253104e-02,5.438878e-03,1.307991e-02,3.094049e-02,8.397191e-03,7.902219e-04,2.911624e-03,2.119654e-01,1.650226e-02,3.062842e-01,1.008209e-02,1.184068e-02,2.969910e-01,6.089614e-03
5.402986e-02,1.230212e-02,6.019758e-03,1.045390e-02,2.205472e-02,7.308916e-03,6.193233e-04,2.570657e-03,2.713827e-01,1.399371e-02,2.869388e-01,1.006674e-02,1.056041e-02,2.864890e-01,5.209416e-03
5.219582e-02,1.698420e-02,7.929139e-03,1.358483e-02,1.679221e-02,1.193813e-02,6.161160e-04,2.752203e-03,3.677960e-01,1.274934e-02,2.355158e-01,1.106080e-02,9.115975e-03,2.235592e-01,1.741028e-02
4.788627e-02,1.744410e-02,2.195571e-02,1.255601e-02,1.415118e-02,1.472871e-02,5.892375e-04,3.833706e-02,4.275172e-01,1.041770e-02,1.881712e-01,9.102795e-03,8.900089e-03,1.738677e-01,1.437509e-02
4.025208e-02,1.592210e-02,3.423823e-02,1.060200e-02,1.118239e-02,1.524507e-02,5.717319e-04,3.041636e-02,5.057667e-01,9.716751e-03,1.523304e-01,7.845179e-03,7.388960e-03,1.431200e-01,1.540198e-02
3.507022e-02,1.155898e-02,2.659851e-02,8.799448e-03,1.233426e-02,1.378305e-02,5.181271e-04,2.475710e-02,6.171098e-01,7.718657e-03,1.102560e-01,6.526333e-03,6.039305e-03,1.044377e-01,1.449254e-02
3.568679e-02,8.430521e-03,3.151118e-02,8.471437e-03,1.171503e-02,1.115771e-02,4.916850e-04,4.341370e-02,6.624342e-01,6.007749e-03,7.990596e-02,5.101156e-03,4.871700e-03,7.824332e-02,1.255783e-02
