1.000000e+00,0.000000e+00,0.000000e+00,0.000000e+00,0.000000e+00,0.000000e+00,0.000000e+00,0.000000e+00,0.000000e+00,0.000000e+00,0.000000e+00,0.000000e+00,0.000000e+00,0.000000e+00,0.000000e+00
1.000000e+00,0.000000e+00,0.000000e+00,0.000000e+00,0.000000e+00,0.000000e+00,0.000000e+00,0.000000e+00,0.000000e+00,0.000000e+00,0.000000e+00,0.000000e+00,0.000000e+00,0.000000e+00,0.000000e+00
1.000000e+00,0.000000e+00,0.000000e+00,0.000000e+00,0.000000e+00,0.000000e+00,0.000000e+00,0.000000e+00,0.000000e+00,0.000000e+00,0.000000e+00,0.000000e+00,0.000000e+00,0.000000e+00,0.000000e+00
1.000000e+00,0.000000e+00,0.000000e+00,0.000000e+00,0.000000e+00,0.000000e+00,0.000000e+00,0.000000e+00,0.000000e+00,0.000000e+00,0.000000e+00,0.000000e+00,0.000000e+00,0.000000e+00,0.000000e+00
1.000000e+00,0.000000e+00,0.000000e+00,0.000000e+00,0.000000e+00,0.000000e+00,0.000000e+00,0.000000e+00,0.000000e+00,0.000000e+00,0.000000e+00,0.000000e+00,0.000000e+00,0.000000e+00,0.000000e+00
1.000000e+00,0.000000e+00,0.000000e+00,0.000000e+00,0.000000e+00,0.000000e+00,0.000000e+00,0.000000e+00,0.000000e+00,0.000000e+00,0.000000e+00,0.000000e+00,0.000000e+00,0.000000e+00,0.000000e+00
1.000000e+00,0.000000e+00,0.000000e+00,0.000000e+00,0.000000e+00,0.000000e+00,0.000000e+00,0.000000e+00,0.000000e+00,0.000000e+00,0.000000e+00,0.000000e+00,0.000000e+00,0.000000e+00,0.000000e+00
1.000000e+00,0.000000e+00,0.000000e+00,0.000000e+00,0.000000e+00,0.000000e+00,0.000000e+00,0.000000e+00,0.000000e+00,0.000000e+00,0.000000e+00,0.000000e+00,0.000000e+00,0.000000e+00,0.000000e+00
1.000000e+00,0.000000e+00,0.000000e+00,0.000000e+00,0.000000e+00,0.000000e+00,0.000000e+00,0.000000e+00,0.000000e+00,0.000000e+00,0.000000e+00,0.000000e+00,0.000000e+00,0.000000e+00,0.000000e+00
1.000000e+00,0.000000e+00,0.000000e+00,0.000000e+00,0.000000e+00,0.000000e+00,0.000000e+00,0.000000e+00,0.000000e+00,0.000000e+00,0.000000e+00,0.000000e+00,0.000000e+00,0.000000e+00,0.000000e+00
1.000000e+00,0.000000e+00,0.000000e+00,0.000000e+00,0.000000e+00,0.000000e+00,0.000000e+00,0.000000e+00,0.000000e+00,0.000000e+00,0.000000e+00,0.000000e+00,0.000000e+00,0.000000e+00,0.000000e+00
1.000000e+00,0.000000e+00,0.000000e+00,0.000000e+00,0.000000e+00,0.000000e+00,0.000000e+00,0.000000e+00,0.000000e+00,0.000000e+00,0.000000e+00,0.000000e+00,0.000000e+00,0.000000e+00,0.000000e+00
1.000000e+00,0.000000e+00,0.000000e+00,0.000000e+00,0.000000e+00,0.000000e+00,0.000000e+00,0.000000e+00,0.000000e+00,0.000000e+00,0.000000e+00,0.000000e+00,0.000000e+00,0.000000e+00,0.000000e+00
1.000000e+00,0.000000e+00,0.000000e+00,0.000000e+00,0.000000e+00,0.000000e+00,0.000000e+00,0.000000e+00,0.000000e+00,0.000000e+00,0.000000e+00,0.000000e+00,0.000000e+00,0.000000e+00,0.000000e+00
1.000000e+00,0.000000e+00,0.000000e+00,0.000000e+00,0.000000e+00,0.000000e+00,0.000000e+00,0.000000e+00,0.000000e+00,0.000000e+00,0.000000e+00,0.000000e+00,0.000000e+00,0.000000e+00,0.000000e+00
1.000000e+00,0.000000e+00,0.000000e+00,0.000000e+00,0.000000e+00,0.000000e+00,0.000000e+00,0.000000e+00,0.000000e+00,0.000000e+00,0.000000e+00,0.000000e+00,0.000000e+00,0.000000e+00,0.000000e+00
1.000000e+00,0.000000e+00,0.000000e+00,0.000000e+00,0.000000e+00,0.000000e+00,0.000000e+00,0.000000e+00,0.000000e+00,0.000000e+00,0.000000e+00,0.000000e+00,0.000000e+00,0.000000e+00,0.000000e+00
1.000000e+00,0.000000e+00,0.000000e+00,0.000000e+00,0.000000e+00,0.000000e+00,0.000000e+00,0.000000e+00,0.000000e+00,0.000000e+00,0.000000e+00,0.000000e+00,0.000000e+00,0.000000e+00,0.000000e+00
1.000000e+00,0.000000e+00,0.000000e+00,0.000000e+00,0.000000e+00,0.000000e+00,0.000000e+00,0.000000e+00,0.000000e+00,0.000000e+00,0.000000e+00,0.000000e+00,0.000000e+00,0.000000e+00,0.000000e+00
1.000000e+00,0.000000e+00,0.000000e+00,0.000000e+00,0.000000e+00,0.000000e+00,0.000000e+00,0.000000e+00,0.000000e+00,0.000000e+00,0.000000e+00,0.000000e+00,0.000000e+00,0.000000e+00,0.000000e+00
1.000000e+00,0.000000e+00,0.000000e+00,0.000000e+00,0.000000e+00,0.000000e+00,0.000000e+00,0.000000e+00,0.000000e+00,0.000000e+00,0.000000e+00,0.000000e+00,0.000000e+00,0.000000e+00,0.000000e+00
1.000000e+00,0.000000e+00,0.000000e+00,0.000000e+00,0.000000e+00,0.000000e+00,0.000000e+00,0.000000e+00,0.000000e+00,0.000000e+00,0.000000e+00,0.000000e+00,0.000000e+00,0.000000e+00,0.000000e+00
1.000000e+00,0.000000e+00,0.000000e+00,0.000000e+00,0.000000e+00,0.000000e+00,0.000000e+00,0.000000e+00,0.000000e+00,0.000000e+00,0.000000e+00,0.000000e+00,0.000000e+00,0.000000e+00,0.000000e+00
1.000000e+00,0.000000e+00,0.000000e+00,0.000000e+00,0.000000e+00,0.000000e+00,0.000000e+00,0.000000e+00,0.000000e+00,0.000000e+00,0.000000e+00,0.000000e+00,0.000000e+00,0.000000e+00,0.000000e+00
1.000000e+00,0.000000e+00,0.000000e+00,0.000000e+00,0.000000e+00,0.000000e+00,0.000000e+00,0.000000e+00,0.000000e+00,0.000000e+00,0.000000e+00,0.000000e+00,0.000000e+00,0.000000e+00,0.000000e+00
1.000000e+00,0.000000e+00,0.000000e+00,0.000000e+00,0.000000e+00,0.000000e+00,0.000000e+00,0.000000e+00,0.000000e+00,0.000000e+00,0.000000e+00,0.000000e+00,0.000000e+00,0.000000e+00,0.000000e+00
1.000000e+00,0.000000e+00,0.000000e+00,0.000000e+00,0.000000e+00,0.000000e+00,0.000000e+00,0.000000e+00,0.000000e+00,0.000000e+00,0.000000e+00,0.000000e+00,0.000000e+00,0.000000e+00,0.000000e+00
1.000000e+00,0.000000e+00,0.000000e+00,0.000000e+00,0.000000e+00,0.000000e+00,0.000000e+00,0.000000e+00,0.000000e+00,0.000000e+00,0.000000e+00,0.000000e+00,0.000000e+00,0.000000e+00,0.000000e+00
1.000000e+00,0.000000e+00,0.000000e+00,0.000000e+00,0.000000e+00,0.000000e+00,0.000000e+00,0.000000e+00,0.000000e+00,0.000000e+00,0.000000e+00,0.000000e+00,0.000000e+00,0.000000e+00,0.000000e+00
1.000000e+00,0.000000e+00,0.000000e+00,0.000000e+00,0.000000e+00,0.000000e+00,0.000000e+00,0.000000e+00,0.000000e+00,0.000000e+00,0.000000e+00,0.000000e+00,0.000000e+00,0.000000e+00,0.000000e+00
1.000000e+00,0.000000e+00,0.000000e+00,0.000000e+00,0.000000e+00,0.000000e+00,0.000000e+00,0.000000e+00,0.000000e+00,0.000000e+00,0.000000e+00,0.000000e+00,0.000000e+00,0.000000e+00,0.000000e+00
1.000000e+00,0.000000e+00,0.000000e+00,0.000000e+00,0.000000e+00,0.000000e+00,0.000000e+00,0.000000e+00,0.000000e+00,0.000000e+00,0.000000e+00,0.000000e+00,0.000000e+00,0.000000e+00,0.000000e+00
1.000000e+00,0.000000e+00,0.000000e+00,0.000000e+00,0.000000e+00,0.000000e+00,0.000000e+00,0.000000e+00,0.000000e+00,0.000000e+00,0.000000e+00,0.000000e+00,0.000000e+00,0.000000e+00,0.000000e+00
1.000000e+00,0.000000e+00,0.000000e+00,0.000000e+00,0.000000e+00,0.000000e+00,0.000000e+00,0.000000e+00,0.000000e+00,0.000000e+00,0.000000e+00,0.000000e+00,0.000000e+00,0.000000e+00,0.000000e+00
1.000000e+00,0.000000e+00,0.000000e+00,0.000000e+00,0.000000e+00,0.000000e+00,0.000000e+00,0.000000e+00,0.000000e+00,0.000000e+00,0.000000e+00,0.000000e+00,0.000000e+00,0.000000e+00,0.000000e+00
1.000000e+00,0.000000e+00,0.000000e+00,0.000000e+00,0.000000e+00,0.000000e+00,0.000000e+00,0.000000e+00,0.000000e+00,0.000000e+00,0.000000e+00,0.000000e+00,0.000000e+00,0.000000e+00,0.000000e+00
1.000000e+00,0.000000e+00,0.000000e+00,0.000000e+00,0.000000e+00,0.000000e+00,0.000000e+00,0.000000e+00,0.000000e+00,0.000000e+00,0.000000e+00,0.000000e+00,0.000000e+00,0.000000e+00,0.000000e+00
1.000000e+00,0.000000e+00,0.000000e+00,0.000000e+00,0.000000e+00,0.000000e+00,0.000000e+00,0.000000e+00,0.000000e+00,0.000000e+00,0.000000e+00,0.000000e+00,0.000000e+00,0.000000e+00,0.000000e+00
1.000000e+00,0.000000e+00,0.000000e+00,0.000000e+00,0.000000e+00,0.000000e+00,0.000000e+00,0.000000e+00,0.000000e+00,0.000000e+00,0.000000e+00,0.000000e+00,0.000000e+00,0.000000e+00,0.000000e+00
1.000000e+00,0.000000e+00,0.000000e+00,0.000000e+00,0.000000e+00,0.000000e+00,0.000000e+00,0.000000e+00,0.000000e+00,0.000000e+00,0.000000e+00,0.000000e+00,0.000000e+00,0.000000e+00,0.000000e+00
1.000000e+00,0.000000e+00,0.000000e+00,0.000000e+00,0.000000e+00,0.000000e+00,0.000000e+00,0.000000e+00,0.000000e+00,0.000000e+00,0.000000e+00,0.000000e+00,0.000000e+00,0.000000e+00,0.000000e+00
1.000000e+00,0.000000e+00,0.000000e+00,0.000000e+00,0.000000e+00,0.000000e+00,0.000000e+00,0.000000e+00,0.000000e+00,0.000000e+00,0.000000e+00,0.000000e+00,0.000000e+00,0.000000e+00,0.000000e+00
1.000000e+00,0.000000e+00,0.000000e+00,0.000000e+00,0.000000e+00,0.000000e+00,0.000000e+00,0.000000e+00,0.000000e+00,0.000000e+00,0.000000e+00,0.000000e+00,0.000000e+00,0.000000e+00,0.000000e+00
1.000000e+00,0.000000e+00,0.000000e+00,0.000000e+00,0.000000e+00,0.000000e+00,0.000000e+00,0.000000e+00,0.000000e+00,0.000000e+00,0.000000e+00,0.000000e+00,0.000000e+00,0.000000e+00,0.000000e+00
1.000000e+00,0.000000e+00,0.000000e+00,0.000000e+00,0.000000e+00,0.000000e+00,0.000000e+00,0.000000e+00,0.000000e+00,0.000000e+00,0.000000e+00,0.000000e+00,0.000000e+00,0.000000e+00,0.000000e+00
1.000000e+00,0.000000e+00,0.000000e+00,0.000000e+00,0.000000e+00,0.000000e+00,0.000000e+00,0.000000e+00,0.000000e+00,0.000000e+00,0.000000e+00,0.000000e+00,0.000000e+00,0.000000e+00,0.000000e+00
1.000000e+00,0.000000e+00,0.000000e+00,0.000000e+00,0.000000e+00,0.000000e+00,0.000000e+00,0.000000e+00,0.000000e+00,0.000000e+00,0.000000e+00,0.000000e+00,0.000000e+00,0.000000e+00,0.000000e+00
1.000000e+00,0.000000e+00,0.000000e+00,0.000000e+00,0.000000e+00,0.000000e+00,0.000000e+00,0.000000e+00,0.000000e+00,0.000000e+00,0.000000e+00,0.000000e+00,0.000000e+00,0.000000e+00,0.000000e+00
1.000000e+00,0.000000e+00,0.000000e+00,0.000000e+00,0.000000e+00,0.000000e+00,0.000000e+00,0.000000e+00,0.000000e+00,0.000000e+00,0.000000e+00,0.000000e+00,0.000000e+00,0.000000e+00,0.000000e+00
1.000000e+00,0.000000e+00,0.000000e+00,0.000000e+00,0.000000e+00,0.000000e+00,0.000000e+00,0.000000e+00,0.000000e+00,0.000000e+00,0.000000e+00,0.000000e+00,0.000000e+00,0.000000e+00,0.000000e+00
1.000000e+00,0.000000e+00,0.000000e+00,0.000000e+00,0.000000e+00,0.000000e+00,0.000000e+00,0.000000e+00,0.000000e+00,0.000000e+00,0.000000e+00,0.000000e+00,0.000000e+00,0.000000e+00,0.000000e+00
1.000000e+00,0.000000e+00,0.000000e+00,0.000000e+00,0.000000e+00,0.000000e+00,0.000000e+00,0.000000e+00,0.000000e+00,0.000000e+00,0.000000e+00,0.000000e+00,0.000000e+00,0.000000e+00,0.000000e+00
4.496698e-01,4.347881e-02,1.459085e-02,9.429051e-02,2.253172e-02,6.058225e-02,1.887997e-02,2.168096e-02,2.083602e-02,5.876322e-03,1.104880e-02,6.826983e-02,9.517141e-02,9.146685e-03,6.394605e-02
3.916767e-01,4.745742e-02,1.411709e-02,1.010302e-01,2.608196e-02,6.362813e-02,2.097932e-02,2.354826e-02,2.356351e-02,5.401269e-03,1.201979e-02,7.834144e-02,1.261391e-01,8.889193e-03,5.712663e-02
3.266969e-01,4.641398e-02,1.328431e-02,9.737415e-02,2.746993e-02,8.294723e-02,2.222649e-02,2.290156e-02,2.594673e-02,4.868493e-03,1.113470e-02,9.573741e-02,1.670627e-01,7.494668e-03,4.844082e-02
2.859318e-01,4.833921e-02,1.435918e-02,1.116582e-01,3.271091e-02,8.521503e-02,2.349294e-02,2.375449e-02,2.839817e-02,4.363355e-03,1.047039e-02,1.113101e-01,1.724104e-01,6.124909e-03,4.146093e-02
2.943133e-01,4.798022e-02,1.323485e-02,1.084084e-01,3.356205e-02,8.177572e-02,2.316352e-02,2.182710e-02,2.955605e-02,3.930420e-03,1.016601e-02,1.136238e-01,1.776587e-01,5.141881e-03,3.565802e-02
3.045923e-01,4.909671e-02,1.208410e-02,1.065087e-01,3.454375e-02,8.450785e-02,2.065981e-02,1.899861e-02,2.978221e-02,3.790920e-03,9.648531e-03,1.137839e-01,1.751436e-01,4.379728e-03,3.247927e-02
3.426291e-01,5.061353e-02,1.115236e-02,1.012493e-01,3.328639e-02,8.124587e-02,1.852499e-02,1.673853e-02,2.813077e-02,3.770639e-03,9.175252e-03,1.060832e-01,1.625468e-01,3.812625e-03,3.104063e-02
4.353033e-01,4.687916e-02,9.509831e-03,8.585325e-02,2.945842e-02,6.857049e-02,1.595915e-02,1.430419e-02,2.362030e-02,3.332544e-03,8.452609e-03,9.115425e-02,1.369529e-01,3.350361e-03,2.729926e-02
1.000000e+00,0.000000e+00,0.000000e+00,0.000000e+00,0.000000e+00,0.000000e+00,0.000000e+00,0.000000e+00,0.000000e+00,0.000000e+00,0.000000e+00,0.000000e+00,0.000000e+00,0.000000e+00,0.000000e+00
1.000000e+00,0.000000e+00,0.000000e+00,0.000000e+00,0.000000e+00,0.000000e+00,0.000000e+00,0.000000e+00,0.000000e+00,0.000000e+00,0.000000e+00,0.000000e+00,0.000000e+00,0.000000e+00,0.000000e+00
1.000000e+00,0.000000e+00,0.000000e+00,0.000000e+00,0.000000e+00,0.000000e+00,0.000000e+00,0.000000e+00,0.000000e+00,0.000000e+00,0.000000e+00,0.000000e+00,0.000000e+00,0.000000e+00,0.000000e+00
1.000000e+00,0.000000e+00,0.000000e+00,0.000000e+00,0.000000e+00,0.000000e+00,0.000000e+00,0.000000e+00,0.000000e+00,0.000000e+00,0.000000e+00,0.000000e+00,0.000000e+00,0.000000e+00,0.000000e+00
4.859935e-01,3.992349e-02,5.419715e-02,1.088609e-01,1.575720e-02,3.720022e-02,7.892229e-03,2.282691e-02,1.578946e-02,3.795986e-03,3.260542e-02,7.286680e-02,6.065186e-02,5.988684e-03,3.565022e-02
3.959646e-01,3.246036e-02,1.333927e-01,1.245704e-01,1.295328e-02,3.893764e-02,6.315561e-03,3.546932e-02,1.537413e-02,4.800660e-03,3.474298e-02,7.108640e-02,5.164431e-02,6.396543e-03,3.589107e-02
2.962562e-01,2.434677e-02,2.376426e-01,1.589380e-01,1.008919e-02,2.956490e-02,4.816274e-03,6.608769e-02,1.276261e-02,3.728902e-03,2.915837e-02,5.511575e-02,3.835214e-02,5.154405e-03,2.798622e-02
2.268363e-01,1.759610e-02,2.421136e-01,1.402984e-01,7.533371e-03,2.319681e-02,4.154186e-03,2.062053e-01,9.670009e-03,2.977142e-03,2.320058e-02,4.167629e-02,2.808901e-02,5.263092e-03,2.118974e-02
1.642642e-01,1.248455e-02,2.584607e-01,1.425884e-01,5.540517e-03,1.695880e-02,3.294988e-03,3.017234e-01,6.951580e-03,2.138249e-03,1.685383e-02,2.951678e-02,1.992426e-02,4.109159e-03,1.519057e-02
1.199892e-01,8.813431e-03,2.464022e-01,1.290536e-01,3.956765e-03,1.219313e-02,2.919146e-03,4.091497e-01,4.936119e-03,1.565292e-03,1.205369e-02,2.082389e-02,1.413353e-02,3.242265e-03,1.076798e-02
1.103255e-01,6.381101e-03,1.960392e-01,9.963568e-02,3.010086e-03,9.694179e-03,3.066338e-03,5.203418e-01,3.764462e-03,1.478415e-03,9.559713e-03,1.489082e-02,1.049336e-02,3.228154e-03,8.091218e-03
9.430942e-02,5.307886e-03,1.656849e-01,7.490876e-02,2.871369e-03,9.560562e-03,4.166185e-03,6.004803e-01,3.608346e-03,1.561555e-03,7.628812e-03,1.135189e-02,8.357377e-03,3.443805e-03,6.758830e-03
9.285556e-02,5.145438e-03,1.236293e-01,5.337043e-02,4.571582e-03,3.577594e-02,8.032024e-03,6.288259e-01,5.929625e-03,1.926588e-03,6.801461e-03,1.025819e-02,1.183357e-02,4.319679e-03,6.724735e-03
1.083410e-01,5.439003e-03,9.918451e-02,3.911215e-02,5.268075e-03,3.740652e-02,7.467415e-03,5.712505e-01,1.581095e-02,3.985814e-03,1.339325e-02,3.735027e-02,2.773446e-02,1.861463e-02,9.641407e-03
8.683763e-02,5.094561e-03,7.280616e-02,2.780717e-02,3.774882e-03,5.659305e-02,5.638526e-03,4.033164e-01,3.024554e-02,6.949473e-03,1.385669e-02,5.275463e-02,2.333126e-02,1.031276e-01,1.078664e-01
7.429854e-02,5.704127e-03,5.171904e-02,1.988149e-02,2.822927e-03,4.951835e-02,4.639411e-03,2.829913e-01,4.719013e-02,1.116036e-02,2.796910e-02,6.708733e-02,2.460170e-02,2.080619e-01,1.223542e-01
6.031132e-02,6.021108e-03,4.982509e-02,2.138141e-02,2.740085e-03,3.980481e-02,3.903249e-03,1.989471e-01,1.160916e-01,1.990457e-02,2.336247e-02,6.133099e-02,2.136108e-02,1.961321e-01,1.788829e-01
7.241990e-02,6.010997e-03,3.791106e-02,1.652006e-02,2.898668e-03,4.086745e-02,3.105490e-03,1.399985e-01,1.016809e-01,3.486349e-02,3.082415e-02,6.320928e-02,2.154963e-02,2.041290e-01,2.240114e-01
8.404379e-02,5.850406e-03,3.216886e-02,1.230213e-02,2.820383e-03,5.359247e-02,2.751057e-03,9.850142e-02,8.689271e-02,4.263938e-02,2.965033e-02,5.533634e-02,2.083383e-02,2.728861e-01,1.997308e-01
8.793857e-02,5.243778e-03,2.301599e-02,8.870725e-03,2.200609e-03,4.588975e-02,2.760923e-03,6.921827e-02,7.390265e-02,4.700862e-02,3.665604e-02,5.292066e-02,2.295261e-02,2.912691e-01,2.301517e-01
8.083333e-02,4.519315e-03,1.714183e-02,7.219981e-03,1.902811e-03,3.737277e-02,2.844465e-03,4.896575e-02,1.042533e-01,4.788515e-02,4.235993e-02,4.576487e-02,2.379578e-02,3.199561e-01,2.151846e-01
8.099414e-02,4.943282e-03,1.402991e-02,5.960446e-03,3.767274e-03,2.821122e-02,3.524535e-03,3.525747e-02,1.340956e-01,4.709570e-02,5.422615e-02,4.122765e-02,3.757229e-02,3.238511e-01,1.852432e-01
6.883662e-02,5.132428e-03,1.250111e-02,1.073582e-02,4.368337e-03,2.174054e-02,2.969207e-03,2.522792e-02,2.752874e-01,3.911979e-02,4.325513e-02,3.241925e-02,3.092005e-02,2.706092e-01,1.568771e-01
7.313132e-02,6.298834e-03,1.026839e-02,1.279469e-02,1.567505e-02,1.780532e-02,3.922018e-03,2.019811e-02,3.542150e-01,3.370132e-02,4.444425e-02,2.572987e-02,3.210616e-02,2.344037e-01,1.153060e-01
7.006582e-02,1.004034e-02,1.302706e-02,1.093702e-02,1.682636e-02,1.438496e-02,5.602666e-03,2.076408e-02,3.784495e-01,2.858214e-02,3.504485e-02,1.928226e-02,2.670419e-02,2.561445e-01,9.414426e-02
6.101354e-02,2.429883e-02,1.578680e-02,8.663083e-03,1.985782e-02,1.259070e-02,4.951038e-03,1.589677e-02,3.545868e-01,2.512599e-02,2.704157e-02,1.423596e-02,2.145715e-02,2.809867e-01,1.135073e-01
7.557604e-02,5.528203e-02,3.295913e-02,1.155165e-02,3.865875e-02,1.920636e-02,4.357669e-03,1.342575e-02,3.206536e-01,2.452713e-02,2.189990e-02,1.060816e-02,1.907728e-02,2.372237e-01,1.149928e-01
6.472984e-02,5.512142e-02,4.451655e-02,5.021704e-02,4.444419e-02,1.619770e-02,4.065061e-03,1.098944e-02,3.873667e-01,1.911437e-02,1.668277e-02,8.797650e-03,1.459098e-02,1.715227e-01,9.164364e-02
6.234716e-02,4.591156e-02,1.046652e-01,9.710781e-02,6.365431e-02,1.499604e-02,3.679106e-03,9.962442e-03,3.418733e-01,1.832077e-02,1.467177e-02,6.881345e-03,1.092418e-02,1.246672e-01,8.033773e-02
6.157005e-02,4.492818e-02,1.619727e-01,7.598563e-02,5.560409e-02,1.643755e-02,3.065403e-03,1.113061e-02,3.012741e-01,3.112091e-02,1.767658e-02,5.921224e-03,9.787885e-03,1.022133e-01,1.013118e-01
7.239493e-02,4.559890e-02,1.480564e-01,6.757814e-02,4.856272e-02,1.788381e-02,2.918193e-03,8.869003e-03,2.405517e-01,3.939158e-02,1.763716e-02,7.652826e-03,1.028796e-02,7.645070e-02,1.961659e-01
7.599376e-02,3.720108e-02,1.373084e-01,5.584570e-02,3.773464e-02,1.419359e-02,2.378481e-03,7.567784e-03,1.857204e-01,4.358229e-02,1.563964e-02,7.333927e-03,1.013304e-02,5.765072e-02,3.117166e-01
1.237904e-01,4.029286e-02,1.258170e-01,7.490820e-02,3.806811e-02,1.237339e-02,2.517741e-03,1.396073e-02,1.834125e-01,3.591388e-02,1.571803e-02,7.503883e-03,1.100332e-02,4.362366e-02,2.710963e-01
1.250567e-01,3.264965e-02,1.663138e-01,1.241250e-01,3.340212e-02,9.758283e-03,2.164259e-03,2.653266e-02,1.821993e-01,3.059707e-02,1.431703e-02,6.108175e-03,8.865660e-03,3.106971e-02,2.068406e-01
1.308199e-01,3.920785e-02,1.334978e-01,1.298282e-01,3.011881e-02,7.861535e-03,1.756493e-03,7.524283e-02,1.818553e-01,3.475659e-02,1.382162e-02,5.233294e-03,8.736419e-03,2.581471e-02,1.814486e-01
1.001551e-01,2.885762e-02,1.025615e-01,1.418068e-01,2.475464e-02,6.376918e-03,1.431758e-03,2.685940e-01,1.318179e-01,2.493914e-02,1.067491e-02,3.887406e-03,6.606573e-03,1.858106e-02,1.289547e-01
7.851356e-02,2.295840e-02,7.814111e-02,1.134625e-01,2.161453e-02,5.009992e-03,1.126909e-03,4.459758e-01,9.574226e-02,1.780542e-02,7.757064e-03,2.818648e-03,4.818843e-03,1.318603e-02,9.106907e-02
6.222546e-02,1.807485e-02,6.096787e-02,8.333485e-02,1.967932e-02,4.748977e-03,9.916965e-04,5.808066e-01,7.131936e-02,1.256116e-02,5.750955e-03,2.334390e-03,3.688524e-03,9.404876e-03,6.411114e-02
4.798853e-02,1.317885e-02,4.372592e-02,5.927768e-02,1.564243e-02,3.649185e-03,7.956377e-04,6.938435e-01,5.304396e-02,8.806730e-03,4.104079e-03,1.710574e-03,2.665617e-03,6.629193e-03,4.493804e-02
4.751175e-02,1.001344e-02,3.096041e-02,4.184235e-02,1.265294e-02,2.826282e-03,7.317413e-04,7.588661e-01,4.571906e-02,6.200785e-03,2.997187e-03,1.368384e-03,1.967965e-03,4.700329e-03,3.164126e-02
3.931966e-02,7.297689e-03,2.184316e-02,2.937994e-02,9.549099e-03,2.159297e-03,6.427343e-04,8.209916e-01,3.428420e-02,4.358744e-03,2.154379e-03,1.015337e-03,1.415257e-03,3.372706e-03,2.221619e-02
4.743280e-02,6.030913e-03,1.561301e-02,2.083493e-02,7.540662e-03,2.263839e-03,6.469764e-04,8.450627e-01,2.892928e-02,3.136583e-03,1.772936e-03,1.076253e-03,1.178496e-03,2.520225e-03,1.596040e-02
6.501412e-02,5.394950e-03,1.132944e-02,1.503022e-02,5.830291e-03,3.135764e-03,7.094249e-04,8.502065e-01,2.193968e-02,2.295747e-03,1.792831e-03,1.984239e-03,1.315941e-03,2.024213e-03,1.199670e-02
1.190578e-01,4.923991e-03,8.400270e-03,1.130301e-02,4.617367e-03,3.191131e-03,5.968615e-04,8.047788e-01,1.672137e-02,1.933288e-03,3.177348e-03,6.380395e-03,2.534579e-03,2.636824e-03,9.747070e-03
2.186836e-01,6.281017e-03,1.023751e-02,1.763793e-02,3.636870e-03,4.347094e-03,6.240065e-04,6.330102e-01,1.902485e-02,5.468350e-03,1.174428e-02,1.820536e-02,1.969998e-02,2.913841e-03,2.848515e-02
2.251219e-01,6.375784e-03,1.023365e-02,2.134465e-02,3.613531e-03,8.510490e-03,1.068110e-03,5.077652e-01,1.225565e-01,6.160718e-03,2.126360e-02,1.505874e-02,2.168480e-02,3.192348e-03,2.604996e-02
2.328641e-01,8.618295e-03,1.430484e-02,4.691212e-02,9.327048e-03,1.084404e-02,1.879659e-03,4.057350e-01,1.796246e-01,8.864855e-03,2.452131e-02,1.230617e-02,1.937193e-02,2.936234e-03,2.188985e-02
2.647520e-01,7.577131e-03,2.213145e-02,4.359458e-02,1.148342e-02,4.311350e-02,4.700364e-03,3.810450e-01,1.409048e-01,7.622357e-03,2.232311e-02,1.078757e-02,2.079530e-02,2.466061e-03,1.670330e-02
3.370265e-01,6.327731e-03,2.133255e-02,3.358461e-02,1.511730e-02,5.282272e-02,6.463826e-03,3.530862e-01,1.084208e-01,5.805424e-03,1.776533e-02,9.478219e-03,1.853882e-02,1.901466e-03,1.232859e-02
4.069144e-01,6.966429e-03,2.526357e-02,3.322032e-02,3.040131e-02,5.116466e-02,8.085350e-03,2.695287e-01,1.000324e-01,4.520853e-03,1.443483e-02,1.223376e-02,2.623540e-02,1.533504e-03,9.464434e-03
3.217792e-01,5.276360e-03,1.909981e-02,2.408645e-02,2.412750e-02,6.316999e-02,8.592391e-03,1.934672e-01,7.291391e-02,3.489591e-03,1.115947e-02,1.413166e-02,2.301070e-01,1.133580e-03,7.465836e-03
2.953181e-01,4.172680e-03,1.630369e-02,1.845773e-02,2.102385e-02,1.086365e-01,8.859199e-03,1.400524e-01,5.310482e-02,2.635506e-03,9.048876e-03,1.755452e-02,2.967084e-01,1.009081e-03,7.114609e-03
2.605910e-01,3.298113e-03,1.275891e-02,1.352564e-02,1.665725e-02,1.257872e-01,7.553926e-03,9.894049e-02,3.826860e-02,2.158004e-03,7.867306e-03,1.698317e-02,3.829463e-01,9.869486e-04,1.167708e-02
2.988635e-01,3.301104e-03,1.264463e-02,1.132214e-02,2.043352e-02,1.108397e-01,6.925867e-03,7.241493e-02,3.017696e-02,2.967959e-03,8.706448e-03,1.985264e-02,3.881155e-01,1.253850e-03,1.218121e-02
2.965393e-01,2.780146e-03,1.089683e-02,1.155935e-02,1.890857e-02,8.899590e-02,5.578344e-03,6.123627e-02,2.935889e-02,6.246733e-03,1.823145e-02,3.152765e-02,4.030156e-01,1.895630e-03,1.322941e-02
2.132784e-01,1.125537e-02,1.099698e-02,1.397969e-02,2.394360e-02,6.795772e-02,4.088997e-03,4.779379e-02,2.134318e-01,5.591357e-03,3.157245e-02,2.860740e-02,3.091884e-01,1.595804e-03,1.671819e-02
1.611415e-01,1.776970e-02,1.838142e-02,2.243583e-02,2.296155e-02,6.334448e-02,3.050826e-03,4.604178e-02,2.719153e-01,7.859208e-03,3.200565e-02,2.381174e-02,2.677974e-01,1.990306e-03,3.949329e-02
1.498585e-01,1.821578e-02,2.451235e-02,2.465693e-02,2.645988e-02,5.335557e-02,2.826048e-03,3.893071e-02,2.375020e-01,8.782668e-03,2.798840e-02,1.697201e-02,2.819240e-01,2.091120e-03,8.592402e-02
1.456629e-01,1.835109e-02,1.959656e-02,2.116573e-02,3.014309e-02,4.287795e-02,2.543099e-03,2.879515e-02,1.811094e-01,7.705678e-03,2.917299e-02,1.220619e-02,3.198213e-01,3.193678e-03,1.376552e-01
1.565615e-01,2.675928e-02,1.593051e-02,2.815817e-02,5.378561e-02,4.189744e-02,3.975369e-03,2.256782e-02,1.340338e-01,7.946565e-03,2.383249e-02,9.209041e-03,3.053320e-01,2.934600e-03,1.670758e-01
1.364727e-01,5.385479e-02,1.795444e-02,3.799352e-02,1.011373e-01,6.670883e-02,7.857924e-03,1.923574e-02,1.030433e-01,7.615276e-03,1.972798e-02,7.908919e-03,2.447424e-01,3.117717e-03,1.726292e-01
1.236561e-01,4.408131e-02,1.322735e-02,2.893710e-02,8.266509e-02,5.316212e-02,6.894983e-03,1.426200e-02,7.877296e-02,6.813195e-03,1.618040e-02,6.246136e-03,2.183407e-01,3.782907e-03,3.029777e-01
1.456643e-01,3.750661e-02,1.013569e-02,2.397081e-02,6.248049e-02,4.210079e-02,5.322150e-03,1.077512e-02,6.892604e-02,6.955976e-03,1.859965e-02,6.733276e-03,2.484863e-01,6.746113e-03,3.055967e-01
1.776260e-01,3.494533e-02,9.242453e-03,3.287390e-02,4.650159e-02,3.933730e-02,4.979091e-03,9.762175e-03,5.940158e-02,1.229692e-02,3.135344e-02,2.183028e-02,2.360869e-01,1.267627e-02,2.710868e-01
2.014591e-01,3.834872e-02,2.157233e-02,6.625819e-02,3.589553e-02,4.260264e-02,4.107441e-03,9.524222e-03,5.038550e-02,1.360030e-02,3.946007e-02,3.299272e-02,1.720863e-01,2.944160e-02,2.422654e-01
1.473197e-01,3.198418e-02,1.679740e-02,4.948024e-02,2.557824e-02,3.394032e-02,2.961025e-03,6.973624e-03,1.106649e-01,6.152583e-02,4.235124e-02,2.364272e-02,1.269297e-01,3.093654e-02,2.889144e-01
1.035105e-01,2.446625e-02,1.225441e-02,3.515162e-02,1.807531e-02,2.445763e-02,2.137186e-03,4.943068e-03,2.275666e-01,5.142074e-02,3.318603e-02,1.684576e-02,8.909316e-02,2.729667e-02,3.295950e-01
7.400656e-02,1.798551e-02,9.681135e-03,2.496014e-02,1.280124e-02,1.770407e-02,1.750907e-03,3.689900e-03,2.500473e-01,5.259493e-02,5.871174e-02,1.319249e-02,6.335003e-02,6.171458e-02,3.378095e-01
5.263110e-02,1.315910e-02,7.265634e-03,1.821250e-02,9.302677e-03,1.264744e-02,1.309959e-03,3.279037e-03,2.146523e-01,4.922044e-02,1.962250e-01,1.475681e-02,4.694944e-02,1.045220e-01,2.558665e-01
3.767840e-02,9.763582e-03,5.442235e-03,1.441732e-02,9.321661e-03,9.141126e-03,1.030852e-03,3.193018e-03,2.021564e-01,3.942560e-02,3.120326e-01,2.334207e-02,3.583305e-02,1.129354e-01,1.842867e-01
2.845767e-02,7.636698e-03,4.237724e-03,1.348650e-02,7.823198e-03,7.134609e-03,9.022802e-04,2.768610e-03,2.162587e-01,2.934292e-02,3.660404e-01,4.831864e-02,2.978830e-02,1.016126e-01,1.361912e-01
2.127249e-02,5.447836e-03,3.043041e-03,1.030676e-02,6.659334e-03,5.188915e-03,7.667950e-04,2.125207e-03,1.596180e-01,2.085958e-02,5.188646e-01,4.470150e-02,2.259843e-02,8.226377e-02,9.628370e-02
1.562092e-02,4.582889e-03,2.634458e-03,7.584980e-03,6.101310e-03,4.109512e-03,6.740966e-04,1.575186e-03,1.154550e-01,1.548638e-02,5.985851e-01,6.004278e-02,1.776646e-02,8.115657e-02,6.862434e-02
1.138184e-02,3.815730e-03,2.746543e-03,5.920966e-03,5.850089e-03,3.925872e-03,7.355807e-04,1.221856e-03,8.299986e-02,1.213053e-02,6.688046e-01,6.112819e-02,1.530154e-02,7.346299e-02,5.057378e-02
8.263510e-03,2.907996e-03,2.121257e-03,4.483017e-03,4.345234e-03,3.470541e-03,5.662769e-04,9.294646e-04,5.972043e-02,9.135447e-03,7.392288e-01,5.071131e-02,1.141557e-02,6.694700e-02,3.575414e-02
6.284125e-03,2.890409e-03,2.173226e-03,3.378856e-03,4.333690e-03,2.993751e-03,4.954951e-04,7.918087e-04,5.099642e-02,1.003504e-02,6.813558e-01,5.761679e-02,8.563708e-03,1.422978e-01,2.579310e-02
4.732548e-03,2.937323e-03,2.633311e-03,2.591196e-03,4.645804e-03,2.741712e-03,4.627139e-04,8.253469e-04,3.950481e-02,1.149050e-02,6.863423e-01,5.118342e-02,6.412065e-03,1.640204e-01,1.947654e-02
4.151741e-03,2.790193e-03,2.289513e-03,2.015767e-03,3.695209e-03,2.383949e-03,4.166327e-04,8.259283e-04,3.376971e-02,1.255658e-02,6.598294e-01,5.141905e-02,4.999364e-03,2.040726e-01,1.478436e-02
4.937800e-03,4.142195e-03,3.609540e-03,1.919627e-03,3.838795e-03,2.818638e-03,9.850871e-04,2.008509e-03,3.399468e-02,1.575837e-02,6.412464e-01,5.530979e-02,3.971644e-03,2.140339e-01,1.142500e-02
7.217420e-03,1.382858e-02,1.378805e-02,3.419073e-03,3.992479e-03,4.236673e-03,1.675016e-03,4.083363e-03,3.612608e-02,2.333442e-02,6.335130e-01,5.135054e-02,3.111399e-03,1.906084e-01,9.715494e-03
1.003247e-02,1.784417e-02,1.322020e-02,3.048444e-03,4.954078e-03,5.298994e-03,2.550072e-03,5.884814e-03,3.524897e-02,2.496939e-02,6.428559e-01,4.672882e-02,3.136270e-03,1.767481e-01,7.479280e-03
1.510162e-02,1.574318e-02,1.167639e-02,2.884078e-03,6.913014e-03,7.235299e-03,2.328772e-03,9.173874e-03,3.764443e-02,2.296604e-02,6.451504e-01,4.809133e-02,3.469260e-03,1.661170e-01,5.505333e-03
1.906347e-02,1.505015e-02,1.137784e-02,4.080807e-03,8.781071e-03,7.563333e-03,2.273639e-03,7.673283e-03,3.420856e-02,2.065632e-02,6.835359e-01,4.064804e-02,4.425187e-03,1.354495e-01,5.212951e-03
3.554074e-02,1.336510e-02,1.031860e-02,5.683816e-03,1.943619e-02,8.580083e-03,1.772548e-03,8.421297e-03,3.099658e-02,1.772553e-02,6.516095e-01,4.091647e-02,4.758557e-03,1.466361e-01,4.238801e-03
7.054541e-02,1.533585e-02,9.217231e-03,7.362523e-03,2.591464e-02,1.282243e-02,1.459855e-03,8.504396e-03,3.099835e-02,1.365231e-02,6.171131e-01,5.153152e-02,5.691377e-03,1.258515e-01,3.999574e-03
9.101726e-02,2.791818e-02,2.611532e-02,1.407431e-02,9.066905e-02,4.668783e-02,1.751091e-03,1.898030e-02,2.464682e-02,1.046603e-02,4.937341e-01,4.853156e-02,4.675940e-03,9.726773e-02,3.464481e-03
1.123114e-01,2.760979e-02,2.665035e-02,1.504838e-02,1.134848e-01,7.498027e-02,1.500039e-03,1.690351e-02,2.452131e-02,8.499544e-03,4.386988e-01,4.133707e-02,4.147350e-03,9.065282e-02,3.654500e-03
1.382354e-01,2.494613e-02,2.140039e-02,1.431548e-02,1.322670e-01,7.082121e-02,1.472477e-03,1.591907e-02,2.505890e-02,6.947251e-03,4.098535e-01,4.556463e-02,3.897335e-03,8.466458e-02,4.636590e-03
1.601019e-01,2.309039e-02,1.956528e-02,1.592208e-02,1.349213e-01,6.396879e-02,1.522898e-03,1.554724e-02,2.956152e-02,6.096948e-03,3.885002e-01,4.994026e-02,3.983814e-03,7.992680e-02,7.350555e-03
2.003014e-01,2.784958e-02,1.494927e-02,1.514867e-02,9.919758e-02,4.797322e-02,1.328484e-03,1.317416e-02,2.604520e-02,5.126878e-03,4.226747e-01,4.935366e-02,3.725404e-03,6.568193e-02,7.469851e-03
1.515822e-01,2.085697e-02,1.074472e-02,1.131039e-02,7.003669e-02,3.467871e-02,9.956511e-04,9.641978e-03,1.897688e-02,4.012477e-03,5.633205e-01,4.549686e-02,3.085135e-03,4.969763e-02,5.563164e-03
1.332180e-01,1.601746e-02,8.039271e-03,8.460563e-03,5.009152e-02,2.625204e-02,7.553431e-04,7.085124e-03,1.419349e-02,3.186169e-03,6.321420e-01,5.002776e-02,2.662984e-03,4.303721e-02,4.831041e-03
1.817794e-01,1.220697e-02,6.783657e-03,6.626650e-03,3.553438e-02,2.044086e-02,6.255913e-04,5.641284e-03,1.189091e-02,3.930228e-03,6.034546e-01,4.727094e-02,2.351441e-03,5.701133e-02,4.451712e-03
2.061907e-01,1.268126e-02,6.649975e-03,7.567325e-03,2.689332e-02,1.744061e-02,7.071688e-04,4.502848e-03,1.654611e-02,7.380528e-03,5.719415e-01,4.982982e-02,2.646356e-03,6.114504e-02,7.877398e-03
1.657761e-01,2.919545e-02,8.284730e-03,9.769619e-03,2.556470e-02,1.497854e-02,1.038169e-03,4.406107e-03,6.598571e-02,1.825985e-02,4.825476e-01,7.450274e-02,2.471233e-03,7.797904e-02,1.924037e-02
1.233954e-01,3.004888e-02,9.274286e-03,1.048726e-02,2.278825e-02,1.364133e-02,1.343455e-03,4.110825e-03,1.455880e-01,3.142424e-02,4.191138e-01,8.279905e-02,3.863342e-03,7.658865e-02,2.553319e-02
1.042937e-01,5.042274e-02,2.778662e-02,1.364642e-02,2.040860e-02,1.175795e-02,1.644373e-03,4.052199e-03,1.475374e-01,3.831029e-02,3.906711e-01,7.648889e-02,5.448616e-03,7.282724e-02,3.470388e-02
1.539659e-01,4.819664e-02,5.294065e-02,1.640064e-02,1.638946e-02,1.124602e-02,1.420024e-03,5.457389e-03,1.736346e-01,3.820954e-02,3.083449e-01,5.641307e-02,5.028934e-03,6.709760e-02,4.525476e-02
1.467885e-01,8.023603e-02,1.356100e-01,1.870921e-02,1.312054e-02,1.077558e-02,1.298343e-03,5.360330e-03,1.458396e-01,4.061215e-02,2.472949e-01,4.069483e-02,4.351858e-03,5.479865e-02,5.450944e-02
1.072651e-01,2.821059e-01,1.168206e-01,1.452782e-02,1.075922e-02,8.229663e-03,9.330910e-04,3.895431e-03,1.207370e-01,3.717882e-02,1.765159e-01,2.899613e-02,3.492134e-03,3.949476e-02,4.904851e-02
8.300688e-02,4.074529e-01,1.278037e-01,1.505409e-02,8.423331e-03,6.914547e-03,7.029857e-04,3.082459e-03,9.920412e-02,2.882262e-02,1.247312e-01,2.040436e-02,2.708933e-03,2.839496e-02,4.329297e-02
7.066105e-02,4.807344e-01,1.363551e-01,1.785695e-02,1.259751e-02,6.094753e-03,7.842433e-04,2.629641e-03,8.832254e-02,2.164703e-02,8.896483e-02,1.438377e-02,2.233287e-03,2.057743e-02,3.615742e-02
5.235329e-02,4.278097e-01,1.488670e-01,1.096391e-01,9.357879e-03,5.010533e-03,5.949442e-04,2.034241e-03,7.186299e-02,2.783930e-02,6.443227e-02,1.030624e-02,2.031229e-03,1.482846e-02,5.303278e-02
5.471180e-02,3.820423e-01,1.224864e-01,1.148847e-01,8.032345e-03,5.402009e-03,6.231727e-04,2.279691e-03,7.231739e-02,3.290727e-02,5.066740e-02,7.990380e-03,3.028851e-03,1.227416e-02,1.303522e-01
3.945508e-02,3.030121e-01,9.250781e-02,2.900426e-01,6.094551e-03,3.896588e-03,4.632386e-04,1.753981e-03,6.926082e-02,2.682792e-02,4.587666e-02,5.894577e-03,2.640919e-03,9.043657e-03,1.032295e-01
2.800796e-02,2.146771e-01,6.967103e-02,3.692294e-01,4.483233e-03,2.940129e-03,3.681364e-04,1.245129e-03,6.661016e-02,2.329898e-02,8.390570e-02,2.913052e-02,1.899355e-02,7.055322e-03,8.038368e-02
2.005972e-02,1.515977e-01,5.116724e-02,4.210889e-01,4.255843e-03,2.208961e-03,3.692308e-04,9.699527e-04,7.761049e-02,2.392862e-02,8.703195e-02,6.735160e-02,1.729152e-02,7.256672e-03,6.781164e-02
1.471874e-02,1.063271e-01,3.608665e-02,3.184739e-01,1.449070e-02,1.804508e-03,2.908920e-04,9.334834e-04,5.603311e-02,1.945693e-02,2.224723e-01,1.215318e-01,2.319617e-02,1.617388e-02,4.800981e-02
1.092174e-02,7.462093e-02,2.568186e-02,2.331870e-01,5.176042e-02,1.351068e-03,2.431967e-04,6.882562e-04,4.228815e-02,2.566360e-02,2.982554e-01,1.530083e-01,2.491845e-02,2.345581e-02,3.395589e-02
8.069485e-03,5.286555e-02,1.886397e-02,1.644408e-01,1.345860e-01,1.002170e-03,2.128993e-04,8.133992e-04,5.236150e-02,1.946657e-02,2.598665e-01,1.980505e-01,4.504506e-02,2.049522e-02,2.386044e-02
1.071469e-02,3.803428e-02,1.581880e-02,1.192004e-01,1.695338e-01,1.335768e-03,2.974301e-04,2.478032e-02,5.494197e-02,1.735517e-02,2.302327e-01,1.859514e-01,6.467051e-02,5.022290e-02,1.690996e-02
9.518940e-03,2.793416e-02,1.350729e-02,8.645690e-02,1.373140e-01,1.679434e-03,2.961158e-04,6.921305e-02,5.116007e-02,1.300173e-02,2.190561e-01,1.642959e-01,5.732169e-02,1.372541e-01,1.199069e-02
1.190150e-02,2.545734e-02,2.910671e-02,6.727824e-02,1.287453e-01,1.936358e-03,5.488511e-04,2.204690e-01,4.323183e-02,1.076173e-02,1.720061e-01,1.162458e-01,4.289768e-02,1.208299e-01,8.583678e-03
1.654879e-02,4.158817e-02,7.927385e-02,7.696296e-02,1.149421e-01,1.207884e-02,2.143704e-03,2.450023e-01,4.330857e-02,8.552724e-03,1.273751e-01,8.221872e-02,3.185234e-02,1.114294e-01,6.722489e-03
1.433607e-02,3.448648e-02,2.240661e-01,1.280174e-01,9.169903e-02,1.298357e-02,1.572306e-03,1.778681e-01,5.272900e-02,6.750844e-03,9.056390e-02,5.772063e-02,2.264096e-02,7.846379e-02,6.101815e-03
2.545778e-02,6.785576e-02,3.176045e-01,1.004357e-01,8.041699e-02,1.740050e-02,1.201705e-03,1.282257e-01,7.011794e-02,5.805910e-03,6.762839e-02,4.082691e-02,1.709453e-02,5.544188e-02,4.485779e-03
3.775804e-02,1.699042e-01,2.791674e-01,9.247310e-02,8.263157e-02,1.489857e-02,9.956970e-04,9.188967e-02,8.538178e-02,6.085380e-03,5.289365e-02,2.880803e-02,1.325572e-02,4.029688e-02,3.560349e-03
4.392788e-02,1.440643e-01,2.136774e-01,2.184353e-01,9.085209e-02,1.875892e-02,1.056557e-03,7.052875e-02,8.131577e-02,7.609514e-03,4.552385e-02,2.077771e-02,1.006104e-02,3.073531e-02,2.675613e-03
7.406598e-02,1.339050e-01,1.602846e-01,2.225901e-01,1.235994e-01,2.347566e-02,1.342268e-03,5.229491e-02,8.558663e-02,1.778184e-02,5.216136e-02,1.539514e-02,7.729049e-03,2.763474e-02,2.153216e-03
9.213397e-02,1.079834e-01,1.201652e-01,2.129284e-01,1.928771e-01,2.119938e-02,1.134702e-03,3.996324e-02,7.049611e-02,3.249735e-02,6.512019e-02,1.189088e-02,6.405197e-03,2.333998e-02,1.864811e-03
8.027349e-02,8.669959e-02,8.961251e-02,1.646481e-01,1.460041e-01,2.333999e-01,9.739924e-04,2.987345e-02,5.281905e-02,2.587664e-02,5.223529e-02,9.282467e-03,4.970561e-03,1.775151e-02,5.579417e-03
8.046263e-02,1.024151e-01,7.397062e-02,1.206963e-01,1.119593e-01,3.163112e-01,9.516450e-04,2.283650e-02,4.813693e-02,4.440877e-02,3.864617e-02,6.852871e-03,4.005434e-03,1.484094e-02,1.350565e-02
6.259213e-02,7.340124e-02,5.448418e-02,8.647025e-02,8.093300e-02,4.059243e-01,7.713860e-04,1.711169e-02,4.057906e-02,1.143603e-01,2.967311e-02,4.897533e-03,3.154202e-03,1.356992e-02,1.207770e-02
4.495734e-02,5.183718e-02,3.839181e-02,6.090139e-02,5.679583e-02,3.836310e-01,5.616175e-04,1.219024e-02,4.667486e-02,2.249761e-01,2.623108e-02,3.522898e-03,2.753873e-03,1.349087e-02,3.308385e-02
3.404298e-02,3.673987e-02,2.729283e-02,4.332251e-02,4.007407e-02,3.455048e-01,5.318879e-04,9.206836e-03,7.011676e-02,2.840622e-01,3.190993e-02,2.708781e-03,3.246835e-03,1.355714e-02,5.768260e-02
2.570301e-02,2.680018e-02,1.917982e-02,3.046775e-02,2.941065e-02,2.855555e-01,8.617961e-04,7.044500e-03,7.568088e-02,2.985767e-01,6.237435e-02,2.299241e-03,5.155987e-03,4.479117e-02,8.609833e-02
1.810579e-02,1.963613e-02,1.350940e-02,2.136734e-02,2.253715e-02,2.115434e-01,6.501630e-04,5.037047e-03,7.536809e-02,2.166788e-01,8.619459e-02,2.349955e-03,8.009825e-03,1.810817e-01,1.179306e-01
1.300291e-02,1.489532e-02,9.681091e-03,1.506764e-02,1.633594e-02,1.505500e-01,5.578425e-04,3.825760e-03,1.542551e-01,1.561131e-01,7.599591e-02,2.047078e-03,6.552887e-03,2.796945e-01,1.014249e-01
1.184403e-02,1.116682e-02,6.863532e-03,1.068616e-02,1.290517e-02,1.102541e-01,6.761353e-04,3.107568e-03,2.284275e-01,1.200285e-01,7.588299e-02,2.972627e-03,6.630334e-03,3.059486e-01,9.260586e-02
1.175207e-02,1.027440e-02,5.118484e-03,7.729800e-03,9.716283e-03,7.898979e-02,5.307595e-04,2.372759e-03,2.456881e-01,8.709034e-02,9.042761e-02,2.635913e-03,5.487423e-03,3.686537e-01,7.353266e-02
1.885427e-02,8.606935e-03,4.364628e-03,6.105259e-03,8.223815e-03,5.831145e-02,4.857692e-04,3.040880e-03,2.856316e-01,6.603078e-02,9.689671e-02,2.757573e-03,4.904042e-03,3.777702e-01,5.801607e-02
4.111976e-02,1.053140e-02,4.366104e-03,5.053270e-03,9.427718e-03,4.205160e-02,5.016470e-04,2.668056e-03,3.586350e-01,4.808937e-02,8.058263e-02,2.731930e-03,5.917748e-03,3.448013e-01,4.352242e-02
4.603314e-02,1.011586e-02,3.862560e-03,3.995280e-03,8.967204e-03,3.159654e-02,3.954709e-04,2.072608e-03,4.120427e-01,3.484760e-02,6.544250e-02,2.245758e-03,5.083638e-03,3.408527e-01,3.244643e-02
4.506851e-02,1.024357e-02,5.314820e-03,3.571008e-03,8.912759e-03,2.350226e-02,3.152661e-04,1.665743e-03,4.511836e-01,2.573520e-02,5.496482e-02,1.714302e-03,3.943319e-03,3.387376e-01,2.512727e-02
3.565708e-02,8.683609e-03,6.396311e-03,3.770229e-03,7.786211e-03,2.041308e-02,2.582014e-04,1.593785e-03,4.946035e-01,1.965683e-02,4.363253e-02,1.575443e-03,3.386736e-03,3.315099e-01,2.107659e-02
3.724541e-02,7.105478e-03,9.783781e-02,3.275769e-02,1.592880e-02,1.772366e-02,2.999963e-04,5.686780e-03,4.370674e-01,1.795684e-02,4.501037e-02,2.499566e-03,6.397918e-03,2.584949e-01,1.798730e-02
4.469122e-02,5.701117e-03,2.308995e-01,4.019469e-02,2.665773e-02,1.462956e-02,4.502152e-04,6.859056e-03,3.539633e-01,1.900890e-02,3.898306e-02,2.484714e-03,6.381850e-03,1.953100e-01,1.378510e-02
6.404309e-02,9.472438e-03,2.302482e-01,3.175434e-02,2.234671e-02,1.713723e-02,3.668904e-04,6.328740e-03,3.266477e-01,2.615077e-02,3.816921e-02,2.821221e-03,5.917754e-03,1.907724e-01,2.782328e-02
7.656382e-02,9.509189e-03,1.965135e-01,2.483039e-02,1.847092e-02,2.163289e-02,2.940414e-04,5.947441e-03,3.249734e-01,3.085860e-02,4.049209e-02,2.783771e-03,5.590864e-03,1.996887e-01,4.185034e-02
1.033626e-01,1.207255e-02,1.692748e-01,2.539149e-02,2.119949e-02,3.860766e-02,4.412184e-04,7.542418e-03,2.890928e-01,2.865682e-02,3.225443e-02,2.457616e-03,4.688489e-03,2.278488e-01,3.710881e-02
9.215886e-02,1.561427e-02,2.440331e-01,9.809456e-02,1.806039e-02,3.501420e-02,4.088206e-04,5.755109e-03,2.111316e-01,2.167512e-02,2.491866e-02,2.032347e-03,3.717535e-03,1.817100e-01,4.567548e-02
7.941774e-02,1.474509e-02,3.593805e-01,1.098012e-01,1.480224e-02,2.783566e-02,3.685924e-04,5.169630e-03,1.530325e-01,1.699628e-02,1.849860e-02,1.536488e-03,2.718051e-03,1.566100e-01,3.908739e-02
6.928243e-02,1.217225e-02,4.800101e-01,9.418351e-02,1.117898e-02,2.134215e-02,3.211543e-04,5.481856e-03,1.219387e-01,1.296138e-02,1.396982e-02,1.289842e-03,2.073515e-03,1.221659e-01,3.162828e-02
7.475238e-02,1.145230e-02,5.045512e-01,8.358046e-02,1.038097e-02,1.977779e-02,4.034472e-04,7.006414e-03,1.195208e-01,1.064866e-02,1.246201e-02,1.272222e-03,1.805326e-03,1.135280e-01,2.885791e-02
