1.000000e+00,0.000000e+00,0.000000e+00,0.000000e+00,0.000000e+00,0.000000e+00,0.000000e+00,0.000000e+00,0.000000e+00,0.000000e+00,0.000000e+00,0.000000e+00,0.000000e+00,0.000000e+00,0.000000e+00
1.000000e+00,0.000000e+00,0.000000e+00,0.000000e+00,0.000000e+00,0.000000e+00,0.000000e+00,0.000000e+00,0.000000e+00,0.000000e+00,0.000000e+00,0.000000e+00,0.000000e+00,0.000000e+00,0.000000e+00
1.000000e+00,0.000000e+00,0.000000e+00,0.000000e+00,0.000000e+00,0.000000e+00,0.000000e+00,0.000000e+00,0.000000e+00,0.000000e+00,0.000000e+00,0.000000e+00,0.000000e+00,0.000000e+00,0.000000e+00
1.000000e+00,0.000000e+00,0.000000e+00,0.000000e+00,0.000000e+00,0.000000e+00,0.000000e+00,0.000000e+00,0.000000e+00,0.000000e+00,0.000000e+00,0.000000e+00,0.000000e+00,0.000000e+00,0.000000e+00
1.000000e+00,0.000000e+00,0.000000e+00,0.000000e+00,0.000000e+00,0.000000e+00,0.000000e+00,0.000000e+00,0.000000e+00,0.000000e+00,0.000000e+00,0.000000e+00,0.000000e+00,0.000000e+00,0.000000e+00
1.000000e+00,0.000000e+00,0.000000e+00,0.000000e+00,0.000000e+00,0.000000e+00,0.000000e+00,0.000000e+00,0.000000e+00,0.000000e+00,0.000000e+00,0.000000e+00,0.000000e+00,0.000000e+00,0.000000e+00
1.000000e+00,0.000000e+00,0.000000e+00,0.000000e+00,0.000000e+00,0.000000e+00,0.000000e+00,0.000000e+00,0.000000e+00,0.000000e+00,0.000000e+00,0.000000e+00,0.000000e+00,0.000000e+00,0.000000e+00
1.000000e+00,0.000000e+00,0.000000e+00,0.000000e+00,0.000000e+00,0.000000e+00,0.000000e+00,0.000000e+00,0.000000e+00,0.000000e+00,0.000000e+00,0.000000e+00,0.000000e+00,0.000000e+00,0.000000e+00
1.000000e+00,0.000000e+00,0.000000e+00,0.000000e+00,0.000000e+00,0.000000e+00,0.000000e+00,0.000000e+00,0.000000e+00,0.000000e+00,0.000000e+00,0.000000e+00,0.000000e+00,0.000000e+00,0.000000e+00
1.000000e+00,0.000000e+00,0.000000e+00,0.000000e+00,0.000000e+00,0.000000e+00,0.000000e+00,0.000000e+00,0.000000e+00,0.000000e+00,0.000000e+00,0.000000e+00,0.000000e+00,0.000000e+00,0.000000e+00
1.000000e+00,0.000000e+00,0.000000e+00,0.000000e+00,0.000000e+00,0.000000e+00,0.000000e+00,0.000000e+00,0.000000e+00,0.000000e+00,0.000000e+00,0.000000e+00,0.000000e+00,0.000000e+00,0.000000e+00
1.000000e+00,0.000000e+00,0.000000e+00,0.000000e+00,0.000000e+00,0.000000e+00,0.000000e+00,0.000000e+00,0.000000e+00,0.000000e+00,0.000000e+00,0.000000e+00,0.000000e+00,0.000000e+00,0.000000e+00
1.000000e+00,0.000000e+00,0.000000e+00,0.000000e+00,0.000000e+00,0.000000e+00,0.000000e+00,0.000000e+00,0.000000e+00,0.000000e+00,0.000000e+00,0.000000e+00,0.000000e+00,0.000000e+00,0.000000e+00
1.000000e+00,0.000000e+00,0.000000e+00,0.000000e+00,0.000000e+00,0.000000e+00,0.000000e+00,0.000000e+00,0.000000e+00,0.000000e+00,0.000000e+00,0.000000e+00,0.000000e+00,0.000000e+00,0.000000e+00
1.000000e+00,0.000000e+00,0.000000e+00,0.000000e+00,0.000000e+00,0.000000e+00,0.000000e+00,0.000000e+00,0.000000e+00,0.000000e+00,0.000000e+00,0.000000e+00,0.000000e+00,0.000000e+00,0.000000e+00
1.000000e+00,0.000000e+00,0.000000e+00,0.000000e+00,0.000000e+00,0.000000e+00,0.000000e+00,0.000000e+00,0.000000e+00,0.000000e+00,0.000000e+00,0.000000e+00,0.000000e+00,0.000000e+00,0.000000e+00
1.000000e+00,0.000000e+00,0.000000e+00,0.000000e+00,0.000000e+00,0.000000e+00,0.000000e+00,0.000000e+00,0.000000e+00,0.000000e+00,0.000000e+00,0.000000e+00,0.000000e+00,0.000000e+00,0.000000e+00
1.000000e+00,0.000000e+00,0.000000e+00,0.000000e+00,0.000000e+00,0.000000e+00,0.000000e+00,0.000000e+00,0.000000e+00,0.000000e+00,0.000000e+00,0.000000e+00,0.000000e+00,0.000000e+00,0.000000e+00
1.000000e+00,0.000000e+00,0.000000e+00,0.000000e+00,0.000000e+00,0.000000e+00,0.000000e+00,0.000000e+00,0.000000e+00,0.000000e+00,0.000000e+00,0.000000e+00,0.000000e+00,0.000000e+00,0.000000e+00
1.000000e+00,0.000000e+00,0.000000e+00,0.000000e+00,0.000000e+00,0.000000e+00,0.000000e+00,0.000000e+00,0.000000e+00,0.000000e+00,0.000000e+00,0.000000e+00,0.000000e+00,0.000000e+00,0.000000e+00
1.000000e+00,0.000000e+00,0.000000e+00,0.000000e+00,0.000000e+00,0.000000e+00,0.000000e+00,0.000000e+00,0.000000e+00,0.000000e+00,0.000000e+00,0.000000e+00,0.000000e+00,0.000000e+00,0.000000e+00
1.000000e+00,0.000000e+00,0.000000e+00,0.000000e+00,0.000000e+00,0.000000e+00,0.000000e+00,0.000000e+00,0.000000e+00,0.000000e+00,0.000000e+00,0.000000e+00,0.000000e+00,0.000000e+00,0.000000e+00
1.000000e+00,0.000000e+00,0.000000e+00,0.000000e+00,0.000000e+00,0.000000e+00,0.000000e+00,0.000000e+00,0.000000e+00,0.000000e+00,0.000000e+00,0.000000e+00,0.000000e+00,0.000000e+00,0.000000e+00
1.000000e+00,0.000000e+00,0.000000e+00,0.000000e+00,0.000000e+00,0.000000e+00,0.000000e+00,0.000000e+00,0.000000e+00,0.000000e+00,0.000000e+00,0.000000e+00,0.000000e+00,0.000000e+00,0.000000e+00
1.000000e+00,0.000000e+00,0.000000e+00,0.000000e+00,0.000000e+00,0.000000e+00,0.000000e+00,0.000000e+00,0.000000e+00,0.000000e+00,0.000000e+00,0.000000e+00,0.000000e+00,0.000000e+00,0.000000e+00
1.000000e+00,0.000000e+00,0.000000e+00,0.000000e+00,0.000000e+00,0.000000e+00,0.000000e+00,0.000000e+00,0.000000e+00,0.000000e+00,0.000000e+00,0.000000e+00,0.000000e+00,0.000000e+00,0.000000e+00
1.000000e+00,0.000000e+00,0.000000e+00,0.000000e+00,0.000000e+00,0.000000e+00,0.000000e+00,0.000000e+00,0.000000e+00,0.000000e+00,0.000000e+00,0.000000e+00,0.000000e+00,0.000000e+00,0.000000e+00
1.000000e+00,0.000000e+00,0.000000e+00,0.000000e+00,0.000000e+00,0.000000e+00,0.000000e+00,0.000000e+00,0.000000e+00,0.000000e+00,0.000000e+00,0.000000e+00,0.000000e+00,0.000000e+00,0.000000e+00
1.000000e+00,0.000000e+00,0.000000e+00,0.000000e+00,0.000000e+00,0.000000e+00,0.000000e+00,0.000000e+00,0.000000e+00,0.000000e+00,0.000000e+00,0.000000e+00,0.000000e+00,0.000000e+00,0.000000e+00
1.000000e+00,0.000000e+00,0.000000e+00,0.000000e+00,0.000000e+00,0.000000e+00,0.000000e+00,0.000000e+00,0.000000e+00,0.000000e+00,0.000000e+00,0.000000e+00,0.000000e+00,0.000000e+00,0.000000e+00
1.000000e+00,0.000000e+00,0.000000e+00,0.000000e+00,0.000000e+00,0.000000e+00,0.000000e+00,0.000000e+00,0.000000e+00,0.000000e+00,0.000000e+00,0.000000e+00,0.000000e+00,0.000000e+00,0.000000e+00
1.000000e+00,0.000000e+00,0.000000e+00,0.000000e+00,0.000000e+00,0.000000e+00,0.000000e+00,0.000000e+00,0.000000e+00,0.000000e+00,0.000000e+00,0.000000e+00,0.000000e+00,0.000000e+00,0.000000e+00
1.000000e+00,0.000000e+00,0.000000e+00,0.000000e+00,0.000000e+00,0.000000e+00,0.000000e+00,0.000000e+00,0.000000e+00,0.000000e+00,0.000000e+00,0.000000e+00,0.000000e+00,0.000000e+00,0.000000e+00
1.000000e+00,0.000000e+00,0.000000e+00,0.000000e+00,0.000000e+00,0.000000e+00,0.000000e+00,0.000000e+00,0.000000e+00,0.000000e+00,0.000000e+00,0.000000e+00,0.000000e+00,0.000000e+00,0.000000e+00
1.000000e+00,0.000000e+00,0.000000e+00,0.000000e+00,0.000000e+00,0.000000e+00,0.000000e+00,0.000000e+00,0.000000e+00,0.000000e+00,0.000000e+00,0.000000e+00,0.000000e+00,0.000000e+00,0.000000e+00
1.000000e+00,0.000000e+00,0.000000e+00,0.000000e+00,0.000000e+00,0.000000e+00,0.000000e+00,0.000000e+00,0.000000e+00,0.000000e+00,0.000000e+00,0.000000e+00,0.000000e+00,0.000000e+00,0.000000e+00
1.000000e+00,0.000000e+00,0.000000e+00,0.000000e+00,0.000000e+00,0.000000e+00,0.000000e+00,0.000000e+00,0.000000e+00,0.000000e+00,0.000000e+00,0.000000e+00,0.000000e+00,0.000000e+00,0.000000e+00
1.000000e+00,0.000000e+00,0.000000e+00,0.000000e+00,0.000000e+00,0.000000e+00,0.000000e+00,0.000000e+00,0.000000e+00,0.000000e+00,0.000000e+00,0.000000e+00,0.000000e+00,0.000000e+00,0.000000e+00
1.000000e+00,0.000000e+00,0.000000e+00,0.000000e+00,0.000000e+00,0.000000e+00,0.000000e+00,0.000000e+00,0.000000e+00,0.000000e+00,0.000000e+00,0.000000e+00,0.000000e+00,0.000000e+00,0.000000e+00
1.000000e+00,0.000000e+00,0.000000e+00,0.000000e+00,0.000000e+00,0.000000e+00,0.000000e+00,0.000000e+00,0.000000e+00,0.000000e+00,0.000000e+00,0.000000e+00,0.000000e+00,0.000000e+00,0.000000e+00
1.000000e+00,0.000000e+00,0.000000e+00,0.000000e+00,0.000000e+00,0.000000e+00,0.000000e+00,0.000000e+00,0.000000e+00,0.000000e+00,0.000000e+00,0.000000e+00,0.000000e+00,0.000000e+00,0.000000e+00
1.000000e+00,0.000000e+00,0.000000e+00,0.000000e+00,0.000000e+00,0.000000e+00,0.000000e+00,0.000000e+00,0.000000e+00,0.000000e+00,0.000000e+00,0.000000e+00,0.000000e+00,0.000000e+00,0.000000e+00
1.000000e+00,0.000000e+00,0.000000e+00,0.000000e+00,0.000000e+00,0.000000e+00,0.000000e+00,0.000000e+00,0.000000e+00,0.000000e+00,0.000000e+00,0.000000e+00,0.000000e+00,0.000000e+00,0.000000e+00
1.000000e+00,0.000000e+00,0.000000e+00,0.000000e+00,0.000000e+00,0.000000e+00,0.000000e+00,0.000000e+00,0.000000e+00,0.000000e+00,0.000000e+00,0.000000e+00,0.000000e+00,0.000000e+00,0.000000e+00
1.000000e+00,0.000000e+00,0.000000e+00,0.000000e+00,0.000000e+00,0.000000e+00,0.000000e+00,0.000000e+00,0.000000e+00,0.000000e+00,0.000000e+00,0.000000e+00,0.000000e+00,0.000000e+00,0.000000e+00
1.000000e+00,0.000000e+00,0.000000e+00,0.000000e+00,0.000000e+00,0.000000e+00,0.000000e+00,0.000000e+00,0.000000e+00,0.000000e+00,0.000000e+00,0.000000e+00,0.000000e+00,0.000000e+00,0.000000e+00
1.000000e+00,0.000000e+00,0.000000e+00,0.000000e+00,0.000000e+00,0.000000e+00,0.000000e+00,0.000000e+00,0.000000e+00,0.000000e+00,0.000000e+00,0.000000e+00,0.000000e+00,0.000000e+00,0.000000e+00
1.000000e+00,0.000000e+00,0.000000e+00,0.000000e+00,0.000000e+00,0.000000e+00,0.000000e+00,0.000000e+00,0.000000e+00,0.000000e+00,0.000000e+00,0.000000e+00,0.000000e+00,0.000000e+00,0.000000e+00
1.000000e+00,0.000000e+00,0.000000e+00,0.000000e+00,0.000000e+00,0.000000e+00,0.000000e+00,0.000000e+00,0.000000e+00,0.000000e+00,0.000000e+00,0.000000e+00,0.000000e+00,0.000000e+00,0.000000e+00
1.000000e+00,0.000000e+00,0.000000e+00,0.000000e+00,0.000000e+00,0.000000e+00,0.000000e+00,0.000000e+00,0.000000e+00,0.000000e+00,0.000000e+00,0.000000e+00,0.000000e+00,0.000000e+00,0.000000e+00
1.000000e+00,0.000000e+00,0.000000e+00,0.000000e+00,0.000000e+00,0.000000e+00,0.000000e+00,0.000000e+00,0.000000e+00,0.000000e+00,0.000000e+00,0.000000e+00,0.000000e+00,0.000000e+00,0.000000e+00
1.000000e+00,0.000000e+00,0.000000e+00,0.000000e+00,0.000000e+00,0.000000e+00,0.000000e+00,0.000000e+00,0.000000e+00,0.000000e+00,0.000000e+00,0.000000e+00,0.000000e+00,0.000000e+00,0.000000e+00
1.000000e+00,0.000000e+00,0.000000e+00,0.000000e+00,0.000000e+00,0.000000e+00,0.000000e+00,0.000000e+00,0.000000e+00,0.000000e+00,0.000000e+00,0.000000e+00,0.000000e+00,0.000000e+00,0.000000e+00
1.000000e+00,0.000000e+00,0.000000e+00,0.000000e+00,0.000000e+00,0.000000e+00,0.000000e+00,0.000000e+00,0.000000e+00,0.000000e+00,0.000000e+00,0.000000e+00,0.000000e+00,0.000000e+00,0.000000e+00
1.000000e+00,0.000000e+00,0.000000e+00,0.000000e+00,0.000000e+00,0.000000e+00,0.000000e+00,0.000000e+00,0.000000e+00,0.000000e+00,0.000000e+00,0.000000e+00,0.000000e+00,0.000000e+00,0.000000e+00
1.000000e+00,0.000000e+00,0.000000e+00,0.000000e+00,0.000000e+00,0.000000e+00,0.000000e+00,0.000000e+00,0.000000e+00,0.000000e+00,0.000000e+00,0.000000e+00,0.000000e+00,0.000000e+00,0.000000e+00
1.000000e+00,0.000000e+00,0.000000e+00,0.000000e+00,0.000000e+00,0.000000e+00,0.000000e+00,0.000000e+00,0.000000e+00,0.000000e+00,0.000000e+00,0.000000e+00,0.000000e+00,0.000000e+00,0.000000e+00
1.000000e+00,0.000000e+00,0.000000e+00,0.000000e+00,0.000000e+00,0.000000e+00,0.000000e+00,0.000000e+00,0.000000e+00,0.000000e+00,0.000000e+00,0.000000e+00,0.000000e+00,0.000000e+00,0.000000e+00
1.000000e+00,0.000000e+00,0.000000e+00,0.000000e+00,0.000000e+00,0.000000e+00,0.000000e+00,0.000000e+00,0.000000e+00,0.000000e+00,0.000000e+00,0.000000e+00,0.000000e+00,0.000000e+00,0.000000e+00
1.000000e+00,0.000000e+00,0.000000e+00,0.000000e+00,0.000000e+00,0.000000e+00,0.000000e+00,0.000000e+00,0.000000e+00,0.000000e+00,0.000000e+00,0.000000e+00,0.000000e+00,0.000000e+00,0.000000e+00
1.000000e+00,0.000000e+00,0.000000e+00,0.000000e+00,0.000000e+00,0.000000e+00,0.000000e+00,0.000000e+00,0.000000e+00,0.000000e+00,0.000000e+00,0.000000e+00,0.000000e+00,0.000000e+00,0.000000e+00
1.000000e+00,0.000000e+00,0.000000e+00,0.000000e+00,0.000000e+00,0.000000e+00,0.000000e+00,0.000000e+00,0.000000e+00,0.000000e+00,0.000000e+00,0.000000e+00,0.000000e+00,0.000000e+00,0.000000e+00
4.485420e-01,3.993070e-02,4.978906e-02,7.177859e-02,5.273893e-03,1.680850e-02,2.343732e-03,6.390794e-03,7.630487e-02,8.442372e-03,9.374717e-03,1.351228e-02,1.900318e-02,9.951414e-03,2.225539e-01
3.193801e-01,3.009538e-02,4.504755e-02,6.126004e-02,3.871375e-03,1.278850e-02,1.733851e-03,4.823711e-03,7.809545e-02,1.080179e-02,6.983622e-03,9.882353e-03,1.401384e-02,9.939050e-03,3.912834e-01
2.345806e-01,2.381817e-02,1.051939e-01,9.489356e-02,3.798535e-03,1.112354e-02,1.652047e-03,7.049762e-03,6.989448e-02,9.514069e-03,6.471082e-03,7.833729e-03,1.062616e-02,1.642069e-02,3.971297e-01
1.778845e-01,1.996462e-02,1.093340e-01,8.945014e-02,3.083632e-03,9.498650e-03,1.262767e-03,5.993253e-03,6.353904e-02,9.489516e-03,5.585980e-03,6.661014e-03,8.029195e-03,3.849619e-02,4.517276e-01
1.389925e-01,1.616669e-02,1.027864e-01,6.338220e-02,2.302577e-03,8.357483e-03,9.412725e-04,4.307481e-03,4.980468e-02,1.396298e-02,5.332888e-03,5.752624e-03,6.075120e-03,1.361700e-01,4.456651e-01
1.254133e-01,2.182098e-02,9.430514e-02,5.989778e-02,2.348295e-03,7.980908e-03,8.079173e-04,3.299582e-03,7.170400e-02,1.347699e-02,5.309797e-03,6.373175e-03,4.817868e-03,1.403892e-01,4.420550e-01
1.645770e-01,2.178055e-02,8.133011e-02,4.445727e-02,2.813149e-03,8.289691e-03,1.015037e-03,2.778743e-03,5.667686e-02,1.235709e-02,4.898700e-03,7.162631e-03,4.181062e-03,2.336957e-01,3.539864e-01
2.038949e-01,1.892964e-02,5.808272e-02,3.155734e-02,3.021015e-03,7.000109e-03,9.541425e-04,2.172272e-03,4.191564e-02,1.372368e-02,4.510004e-03,6.456511e-03,4.149404e-03,3.222795e-01,2.813532e-01
2.208578e-01,1.697679e-02,4.317388e-02,2.301545e-02,4.072535e-03,6.883634e-03,9.618675e-04,1.881934e-03,4.364546e-02,1.745113e-02,4.277607e-03,5.551060e-03,4.090468e-03,3.509628e-01,2.561975e-01
2.732509e-01,1.567125e-02,3.116767e-02,1.719988e-02,4.398112e-03,7.052143e-03,1.273320e-03,1.704296e-03,4.304304e-02,1.901458e-02,4.136353e-03,5.441351e-03,5.875675e-03,3.168887e-01,2.538828e-01
3.774886e-01,1.530205e-02,2.344613e-02,1.438812e-02,6.373830e-03,8.520623e-03,1.809523e-03,2.486521e-03,6.057534e-02,1.923456e-02,5.289184e-03,5.867211e-03,6.458572e-03,2.546292e-01,1.981305e-01
3.522322e-01,1.437268e-02,1.819109e-02,1.346697e-02,6.318256e-03,7.952724e-03,2.646315e-03,2.971701e-03,1.021309e-01,2.020064e-02,4.823511e-03,5.044157e-03,5.930549e-03,2.114273e-01,2.322910e-01
2.921364e-01,1.236710e-02,1.451438e-02,1.044907e-02,4.932210e-03,6.643127e-03,2.403644e-03,2.558710e-03,9.441818e-02,2.373357e-02,4.227119e-03,3.986238e-03,4.877161e-03,1.977620e-01,3.249912e-01
2.610937e-01,2.207948e-02,2.222316e-02,1.006370e-02,4.155594e-03,5.180359e-03,2.021863e-03,2.480629e-03,1.460339e-01,4.640495e-02,3.805300e-03,3.179627e-03,3.999733e-03,1.481667e-01,3.191113e-01
2.521995e-01,2.042910e-02,7.470560e-02,2.409602e-02,6.067461e-03,4.852181e-03,1.874752e-03,9.528773e-03,1.615340e-01,5.568314e-02,4.026649e-03,2.551850e-03,3.253598e-03,1.108196e-01,2.683779e-01
2.870540e-01,1.921995e-02,7.711874e-02,2.186222e-02,5.498626e-03,6.090750e-03,2.350535e-03,1.692654e-02,1.482239e-01,8.990669e-02,3.660126e-03,2.454212e-03,3.251659e-03,8.190530e-02,2.344767e-01
2.058631e-01,1.615567e-02,8.845004e-02,2.855288e-02,4.096100e-03,4.485323e-03,1.703327e-03,1.426649e-02,1.846266e-01,1.311927e-01,3.352295e-03,1.961515e-03,3.165823e-03,5.791873e-02,2.542095e-01
1.458674e-01,1.269389e-02,9.565605e-02,2.086249e-02,2.916864e-03,3.254513e-03,1.210166e-03,1.007337e-02,1.585173e-01,1.185458e-01,2.585348e-03,1.548760e-03,2.456821e-03,4.561203e-02,3.781992e-01
1.029412e-01,9.697493e-03,7.162669e-02,1.530853e-02,2.080127e-03,2.438881e-03,8.587631e-04,7.133087e-03,1.471480e-01,8.887604e-02,8.776692e-03,9.421873e-03,3.214954e-03,4.318601e-02,4.872917e-01
7.317483e-02,7.281886e-03,5.219468e-02,1.098657e-02,1.491629e-03,1.965034e-03,6.172789e-04,5.107149e-03,1.280044e-01,7.075804e-02,3.278409e-02,2.050859e-02,6.097319e-03,5.432222e-02,5.347062e-01
5.186227e-02,5.649891e-03,3.827754e-02,8.504366e-03,1.571634e-03,1.914341e-03,4.600569e-04,3.679564e-03,1.256374e-01,7.887036e-02,1.069432e-01,2.605976e-02,1.185227e-02,5.429259e-02,4.844247e-01
3.648959e-02,4.269957e-03,2.740015e-02,6.333167e-03,1.346391e-03,1.569391e-03,3.372786e-04,2.789091e-03,2.005582e-01,1.157622e-01,1.080253e-01,3.821853e-02,2.546615e-02,4.581586e-02,3.856187e-01
2.558549e-02,3.120203e-03,1.923622e-02,4.587434e-03,1.773063e-03,1.339277e-03,4.636451e-04,1.983796e-03,1.459777e-01,3.490615e-01,7.916782e-02,3.462594e-02,2.307838e-02,3.486053e-02,2.751390e-01
1.852708e-02,2.280142e-03,1.352232e-02,4.097154e-03,2.009491e-03,1.582173e-03,5.752558e-04,1.425848e-03,1.054812e-01,3.964521e-01,6.285683e-02,1.005256e-01,6.479614e-02,3.025664e-02,1.956120e-01
1.342837e-02,1.721715e-03,9.524383e-03,3.758758e-03,2.806447e-03,1.362841e-03,6.592619e-04,1.093388e-03,7.697003e-02,4.079504e-01,6.674176e-02,1.346038e-01,1.079454e-01,2.665320e-02,1.447804e-01
9.607983e-03,1.783239e-03,7.969858e-03,4.305314e-03,1.633937e-02,1.614770e-03,6.211534e-04,1.804423e-03,5.644343e-02,3.150510e-01,6.452897e-02,1.582260e-01,2.351479e-01,2.096963e-02,1.055869e-01
7.065449e-03,1.685251e-03,6.678233e-03,5.544729e-03,2.922761e-02,2.281961e-03,6.880237e-04,2.091380e-03,4.198905e-02,2.492550e-01,6.025534e-02,1.887860e-01,2.921157e-01,1.960885e-02,9.272744e-02
5.726599e-03,4.673151e-03,2.593806e-02,8.297795e-03,7.624480e-02,5.408101e-03,2.095851e-03,2.092566e-03,3.913912e-02,1.961662e-01,5.748058e-02,1.758307e-01,3.054035e-01,1.599483e-02,7.950817e-02
2.894852e-02,1.110448e-02,5.122500e-02,2.048316e-02,1.726281e-01,2.590668e-02,6.161114e-03,5.125892e-03,4.078174e-02,1.534458e-01,4.638424e-02,1.283120e-01,2.331486e-01,1.308213e-02,6.326255e-02
3.559793e-02,1.453676e-02,7.201612e-02,4.084630e-02,2.615433e-01,3.193783e-02,5.776610e-03,4.769034e-03,3.508613e-02,1.118567e-01,4.453729e-02,9.994970e-02,1.794976e-01,1.252405e-02,4.952464e-02
5.009406e-02,1.405814e-02,5.580490e-02,3.736077e-02,2.017233e-01,2.439308e-02,4.318170e-03,5.207689e-03,6.395838e-02,1.025601e-01,1.173090e-01,9.160195e-02,1.653291e-01,1.494479e-02,5.133664e-02
7.549860e-02,1.562895e-02,4.278746e-02,3.828253e-02,1.647967e-01,1.901494e-02,3.893751e-03,4.970441e-03,9.248611e-02,1.009668e-01,1.624189e-01,7.368977e-02,1.427452e-01,1.698308e-02,4.583685e-02
1.353804e-01,1.720420e-02,3.170274e-02,3.723196e-02,1.607979e-01,2.110790e-02,4.215124e-03,5.547126e-03,1.199719e-01,7.984260e-02,1.394917e-01,6.252526e-02,1.195075e-01,1.483900e-02,5.063466e-02
1.523842e-01,1.647505e-02,3.945822e-02,4.898291e-02,1.461577e-01,3.714784e-02,5.949375e-03,5.732165e-02,1.213961e-01,6.328012e-02,1.070733e-01,4.909707e-02,1.019865e-01,1.356217e-02,3.972793e-02
1.522014e-01,1.697206e-02,3.172702e-02,4.237572e-02,1.817034e-01,5.993695e-02,5.516126e-03,4.678139e-02,1.120735e-01,5.914925e-02,7.846751e-02,4.243266e-02,1.245347e-01,1.113809e-02,3.499020e-02
1.293684e-01,1.306941e-02,2.525741e-02,4.138190e-02,2.151582e-01,4.625316e-02,4.471867e-03,1.870077e-01,8.210488e-02,4.172983e-02,5.802059e-02,3.056178e-02,9.277185e-02,8.002651e-03,2.484041e-02
1.041242e-01,1.050578e-02,2.069953e-02,3.479940e-02,2.161645e-01,3.834818e-02,3.666505e-03,3.228564e-01,5.913321e-02,2.940856e-02,4.507653e-02,2.177072e-02,7.002150e-02,5.693858e-03,1.773113e-02
8.014517e-02,7.782279e-03,1.620684e-02,2.551526e-02,1.664626e-01,2.858175e-02,2.746860e-03,4.895608e-01,4.188078e-02,2.066012e-02,3.702488e-02,1.543042e-02,5.136539e-02,4.014366e-03,1.262247e-02
5.940326e-02,5.511470e-03,1.156180e-02,1.804563e-02,1.203786e-01,2.135328e-02,2.210037e-03,6.323205e-01,2.938371e-02,1.452434e-02,2.648654e-02,1.086842e-02,3.619003e-02,2.830655e-03,8.931811e-03
4.398464e-02,3.879393e-03,8.335812e-03,1.270370e-02,8.622751e-02,1.622814e-02,1.732279e-03,7.355791e-01,2.062880e-02,1.026512e-02,1.879677e-02,7.680975e-03,2.557800e-02,2.022173e-03,6.357630e-03
3.798737e-02,2.834409e-03,6.312294e-03,9.069225e-03,6.217757e-02,1.354129e-02,1.349778e-03,8.005725e-01,1.464223e-02,7.224084e-03,1.378590e-02,5.853684e-03,1.851519e-02,1.588133e-03,4.546368e-03
3.554758e-02,2.031035e-03,4.515608e-03,6.515857e-03,4.619391e-02,1.063609e-02,1.036990e-03,8.458726e-01,1.031275e-02,5.080792e-03,1.003632e-02,4.432963e-03,1.342791e-02,1.146708e-03,3.212811e-03
3.879184e-02,1.529134e-03,3.352756e-03,4.831437e-03,3.583173e-02,1.096499e-02,1.098112e-03,8.683792e-01,7.292755e-03,3.590283e-03,7.476118e-03,3.547399e-03,1.014200e-02,8.729703e-04,2.299197e-03
9.876882e-02,1.561915e-03,2.649613e-03,9.232829e-03,2.866056e-02,1.041119e-02,8.795320e-04,7.968214e-01,1.061128e-02,2.685846e-03,1.099684e-02,7.867721e-03,1.619743e-02,7.826324e-04,1.872363e-03
8.264966e-02,1.254861e-03,1.934864e-03,1.560714e-02,2.028904e-02,9.359520e-03,6.450503e-04,6.069816e-01,8.816473e-03,2.168300e-03,3.874194e-02,3.078661e-02,1.782489e-01,7.287782e-04,1.787104e-03
5.940232e-02,9.736821e-04,1.427164e-03,2.141502e-02,1.457399e-02,7.438253e-03,5.018464e-04,4.412060e-01,1.149703e-02,1.553433e-03,3.883564e-02,1.342264e-01,2.646504e-01,9.133485e-04,1.385369e-03
4.487425e-02,1.323321e-03,1.170495e-03,2.238832e-02,1.142563e-02,7.231482e-03,5.665346e-04,3.396686e-01,3.670779e-02,1.175081e-03,5.280327e-02,2.707436e-01,2.050048e-01,3.525746e-03,1.391029e-03
3.204961e-02,1.144933e-03,1.039990e-03,2.117813e-02,8.259806e-03,1.336177e-02,4.665822e-04,2.422904e-01,3.436363e-02,8.995737e-04,7.963157e-02,4.165344e-01,1.448988e-01,2.779463e-03,1.101338e-03
2.279025e-02,9.474647e-04,8.214033e-04,1.559251e-02,5.943242e-03,1.472523e-02,3.418984e-04,1.702626e-01,2.683307e-02,7.268529e-04,1.110415e-01,5.243361e-01,1.018954e-01,2.849940e-03,8.924597e-04
1.631933e-02,1.308532e-03,6.944935e-04,1.110420e-02,4.316337e-03,1.368044e-02,2.443843e-04,1.197927e-01,2.061987e-02,6.332778e-04,1.570497e-01,5.782562e-01,7.198138e-02,3.212862e-03,7.862697e-04
1.152435e-02,1.089827e-03,5.278947e-04,7.818332e-03,3.381365e-03,9.734964e-03,1.764437e-04,8.399002e-02,1.515301e-02,5.051314e-04,1.804727e-01,6.314931e-01,5.055669e-02,3.006034e-03,5.702096e-04
8.294035e-03,1.347399e-03,4.721751e-04,5.535875e-03,5.883374e-03,7.098708e-03,1.379335e-04,5.897546e-02,1.174268e-02,4.884246e-04,2.002011e-01,6.602950e-01,3.581075e-02,3.285779e-03,4.313023e-04
5.925516e-03,1.743251e-03,7.162781e-04,4.084704e-03,1.183299e-02,5.316562e-03,1.437498e-04,4.141472e-02,9.231662e-03,4.794995e-04,1.556685e-01,7.347111e-01,2.544740e-02,2.945915e-03,3.382183e-04
4.186587e-03,3.672170e-03,2.928244e-03,3.141464e-03,3.239181e-02,3.839501e-03,1.406476e-04,2.914020e-02,1.668906e-02,4.547843e-04,1.440466e-01,7.383792e-01,1.796864e-02,2.697929e-03,3.231341e-04
3.283362e-03,4.000239e-03,4.007565e-03,2.804645e-03,3.217081e-02,3.029682e-03,1.917802e-04,2.086403e-02,1.842197e-02,6.189028e-04,1.733883e-01,7.200081e-01,1.303845e-02,3.847586e-03,3.245518e-04
3.006301e-03,4.513933e-03,4.030813e-03,2.573872e-03,2.993310e-02,2.813622e-03,1.806477e-04,1.494555e-02,1.948491e-02,1.168165e-03,2.233749e-01,6.765019e-01,9.852718e-03,7.283709e-03,3.359428e-04
2.713175e-03,1.180542e-02,4.334802e-03,2.056967e-03,2.724776e-02,2.682461e-03,1.491289e-04,1.067971e-02,4.661052e-02,2.038817e-03,2.508342e-01,6.171641e-01,8.155149e-03,1.315574e-02,3.720656e-04
2.402890e-03,1.409805e-02,7.304498e-03,2.060493e-03,2.736570e-02,2.281242e-03,1.663195e-04,7.785904e-03,5.801596e-02,4.795095e-03,2.911520e-01,5.619236e-01,6.355390e-03,1.336675e-02,9.261583e-04
1.988679e-03,1.283329e-02,6.988131e-03,1.772117e-03,2.566927e-02,2.039628e-03,1.976652e-04,5.558502e-03,6.445453e-02,1.092419e-02,2.756233e-01,5.715912e-01,5.421985e-03,1.339753e-02,1.540015e-03
1.705440e-03,1.064016e-02,6.186044e-03,1.669686e-03,2.343756e-02,2.103249e-03,3.182294e-04,4.304414e-03,5.614145e-02,1.397399e-02,2.847042e-01,5.740317e-01,4.765254e-03,1.396347e-02,2.055100e-03
1.897001e-03,1.337667e-02,9.284869e-03,2.209379e-03,4.425534e-02,2.906011e-03,8.823624e-04,5.399566e-03,6.901043e-02,1.502950e-02,2.489671e-01,5.630709e-01,4.240075e-03,1.632462e-02,3.146205e-03
2.780607e-03,1.613826e-02,2.714965e-02,3.229707e-03,4.953062e-02,3.900104e-03,1.862424e-03,4.405498e-02,8.387250e-02,1.341982e-02,1.926730e-01,5.386355e-01,3.954946e-03,1.567169e-02,3.126235e-03
3.367846e-03,3.816738e-02,2.469872e-02,3.684256e-03,5.950651e-02,1.522297e-02,3.762471e-03,3.300127e-02,2.547317e-01,1.038110e-02,1.416601e-01,3.915797e-01,4.662085e-03,1.129545e-02,4.278474e-03
4.499499e-03,3.606309e-02,3.280281e-02,5.184985e-03,5.047736e-02,1.385205e-02,4.583250e-03,1.522828e-01,2.845411e-01,9.420594e-03,1.017625e-01,2.868272e-01,4.903995e-03,8.140397e-03,4.658369e-03
9.192493e-03,5.419581e-02,3.527091e-02,8.411387e-03,8.639930e-02,2.440994e-02,4.496614e-03,1.150294e-01,3.608360e-01,7.738866e-03,7.600014e-02,2.012155e-01,5.299538e-03,6.058734e-03,5.445397e-03
2.424028e-02,4.216423e-02,3.793243e-02,3.797888e-02,1.521584e-01,5.002712e-02,4.799817e-03,1.052662e-01,3.266671e-01,6.156771e-03,5.519692e-02,1.411256e-01,6.398295e-03,4.365174e-03,5.522654e-03
5.015702e-02,3.652378e-02,3.386132e-02,8.814158e-02,1.503777e-01,5.683678e-02,4.431908e-03,7.756013e-02,3.061596e-01,6.439190e-03,4.090033e-02,9.924284e-02,1.998845e-02,3.687896e-03,2.569149e-02
6.193311e-02,3.099668e-02,5.039573e-02,1.273910e-01,1.624435e-01,4.785923e-02,4.454374e-03,1.021317e-01,2.634141e-01,6.918729e-03,2.989320e-02,6.998152e-02,1.662255e-02,2.857339e-03,2.270722e-02
5.580372e-02,2.496441e-02,4.957765e-02,9.156663e-02,1.338612e-01,3.769822e-02,2.002508e-01,8.651368e-02,2.042091e-01,5.317583e-03,2.151210e-02,4.922718e-02,2.063791e-02,2.195281e-03,1.666446e-02
5.243780e-02,3.922520e-02,4.706177e-02,6.600363e-02,1.210352e-01,3.000347e-02,1.520233e-01,2.510044e-01,1.555817e-01,3.814978e-03,1.550387e-02,3.458716e-02,1.775601e-02,1.709915e-03,1.225160e-02
4.795616e-02,2.900296e-02,3.574567e-02,4.690550e-02,1.010810e-01,2.329922e-02,1.639151e-01,3.736143e-01,1.143281e-01,3.200996e-03,1.154870e-02,2.430834e-02,1.487486e-02,1.361742e-03,8.857318e-03
4.513023e-02,2.119139e-02,2.638702e-02,3.351708e-02,8.306834e-02,1.830238e-02,1.832117e-01,4.455278e-01,8.590374e-02,2.825201e-03,9.052074e-03,1.712681e-02,2.126676e-02,1.060119e-03,6.429376e-03
3.920867e-02,1.515226e-02,1.921806e-02,2.367876e-02,6.457752e-02,1.406685e-02,1.365090e-01,5.837853e-01,6.099424e-02,2.047969e-03,6.546909e-03,1.211479e-02,1.657550e-02,8.564061e-04,4.667742e-03
3.171424e-02,1.068169e-02,1.379454e-02,1.665178e-02,4.719907e-02,1.135695e-02,1.169319e-01,6.779687e-01,4.287331e-02,1.473743e-03,4.646371e-03,8.549437e-03,1.223062e-02,6.099486e-04,3.317754e-03
3.760790e-02,7.804275e-03,1.278336e-02,1.229907e-02,3.714570e-02,1.687570e-02,9.589516e-02,7.232618e-01,3.022361e-02,1.304032e-03,4.373427e-03,6.498720e-03,9.904671e-03,5.474544e-04,3.475190e-03
3.317254e-02,5.786583e-03,1.437542e-02,9.715591e-03,3.753997e-02,1.607746e-02,1.297275e-01,7.019379e-01,2.164965e-02,1.516987e-03,6.693119e-03,5.031427e-03,1.295445e-02,5.606622e-04,3.260742e-03
2.911693e-02,4.160208e-03,1.178015e-02,7.414814e-03,2.884544e-02,1.659826e-02,1.159818e-01,7.437766e-01,1.544605e-02,1.270124e-03,5.263929e-03,3.723275e-03,1.310625e-02,4.250040e-04,3.091251e-03
2.615425e-02,3.724802e-03,1.750548e-02,6.246486e-03,2.242525e-02,2.252567e-02,9.577313e-02,5.970896e-01,2.113580e-02,4.351705e-02,1.901321e-02,1.370238e-02,8.136972e-02,7.968859e-03,2.184834e-02
3.208538e-02,3.665344e-03,7.074359e-02,6.752599e-03,1.909913e-02,2.222368e-02,7.316422e-02,5.272347e-01,3.131021e-02,6.148446e-02,2.253826e-02,1.178654e-02,7.418914e-02,6.906208e-03,3.681652e-02
4.949735e-02,3.510552e-03,6.428082e-02,5.985705e-03,1.490469e-02,2.150282e-02,5.241624e-02,5.666465e-01,2.755933e-02,4.737573e-02,2.603513e-02,1.072407e-02,5.872850e-02,6.217576e-03,4.461493e-02
4.715266e-02,4.606844e-03,4.866195e-02,4.668307e-03,1.319677e-02,1.894301e-02,3.886390e-02,6.297206e-01,3.325072e-02,3.498727e-02,2.633166e-02,8.599267e-03,4.679388e-02,6.890510e-03,3.733267e-02
7.389463e-02,7.136580e-03,4.143851e-02,5.838845e-03,1.620816e-02,1.705619e-02,2.873280e-02,6.512260e-01,3.105642e-02,2.661812e-02,2.174241e-02,8.461930e-03,3.484578e-02,6.111882e-03,2.963167e-02
1.115964e-01,7.071973e-03,7.693905e-02,7.811304e-03,1.323958e-02,1.893567e-02,2.085894e-02,6.187743e-01,2.390261e-02,1.943010e-02,1.692127e-02,9.930696e-03,2.649425e-02,4.942644e-03,2.315119e-02
1.158169e-01,6.669774e-03,7.252602e-02,6.810213e-03,1.025036e-02,1.550038e-02,1.483901e-02,4.466931e-01,1.875117e-01,1.749143e-02,2.560167e-02,1.044704e-02,2.143756e-02,1.757311e-02,3.083177e-02
1.026019e-01,6.292136e-03,6.012029e-02,5.890470e-03,8.758578e-03,1.218503e-02,1.059488e-02,3.142618e-01,3.272940e-01,1.611216e-02,5.221407e-02,1.006216e-02,1.974840e-02,2.448012e-02,2.938397e-02
9.029672e-02,5.226004e-03,4.274836e-02,7.666495e-03,8.242056e-03,9.455348e-03,7.576492e-03,2.209026e-01,4.822722e-01,1.260594e-02,4.235779e-02,1.037446e-02,1.788741e-02,1.795419e-02,2.443386e-02
1.945735e-01,5.272618e-03,3.317445e-02,1.024207e-02,1.722704e-02,1.031887e-02,6.083948e-03,1.560389e-01,4.291802e-01,1.109338e-02,3.979077e-02,1.614121e-02,2.527859e-02,1.850009e-02,2.708437e-02
2.629927e-01,1.395057e-02,2.442577e-02,1.274168e-02,7.745801e-02,1.044930e-02,4.928006e-03,1.123833e-01,3.541270e-01,9.707276e-03,3.579990e-02,1.708024e-02,2.185163e-02,1.605538e-02,2.604933e-02
1.981093e-01,7.659000e-02,1.779932e-02,1.178359e-02,8.240702e-02,7.944985e-03,3.696019e-03,7.940777e-02,4.143585e-01,9.845800e-03,3.179257e-02,1.297332e-02,1.916300e-02,1.213663e-02,2.199225e-02
1.445942e-01,8.406647e-02,1.449961e-02,3.374813e-02,7.785933e-02,8.306167e-03,2.911605e-03,5.603246e-02,4.562578e-01,1.102022e-02,2.670502e-02,1.124212e-02,2.285757e-02,8.805556e-03,4.109375e-02
1.359860e-01,1.048773e-01,1.214757e-02,2.894533e-02,7.417331e-02,8.288756e-03,2.415965e-03,3.996065e-02,4.384187e-01,1.749596e-02,3.019921e-02,1.158217e-02,2.420875e-02,8.131425e-03,6.316885e-02
1.476678e-01,1.109115e-01,9.713781e-03,3.430352e-02,9.311345e-02,1.340090e-02,2.120494e-03,2.963885e-02,4.009283e-01,1.702085e-02,2.630704e-02,1.009903e-02,2.008433e-02,7.407446e-03,7.728279e-02
1.053134e-01,9.204494e-02,7.261573e-03,8.246028e-02,6.786756e-02,1.172910e-02,1.544405e-03,2.140955e-02,4.799747e-01,1.437426e-02,2.023711e-02,7.557194e-03,1.507694e-02,5.424741e-03,6.772420e-02
7.460401e-02,7.136037e-02,5.459179e-03,6.208407e-02,4.790583e-02,9.343136e-03,1.114879e-03,1.521858e-02,5.953445e-01,1.151050e-02,1.673751e-02,5.809492e-03,2.057855e-02,3.957182e-03,5.897221e-02
6.069093e-02,5.491122e-02,5.725760e-03,5.874400e-02,3.635621e-02,1.067025e-02,9.140194e-04,1.091304e-02,6.091202e-01,1.152653e-02,1.695831e-02,6.374771e-03,2.108273e-02,4.901868e-03,9.111011e-02
4.481192e-02,4.120402e-02,4.744166e-03,4.484326e-02,2.655132e-02,1.012429e-02,7.624759e-04,7.777060e-03,6.405822e-01,9.613889e-03,2.272191e-02,9.956570e-03,3.656060e-02,1.409094e-02,8.565532e-02
3.210054e-02,3.189408e-02,3.762212e-03,3.274268e-02,1.954653e-02,8.155904e-03,6.051547e-04,5.544432e-03,6.565907e-01,9.018246e-03,2.345670e-02,9.039718e-03,4.465126e-02,3.767348e-02,8.521832e-02
2.364275e-02,2.470609e-02,4.105341e-03,2.381125e-02,1.435881e-02,7.280057e-03,6.209771e-04,4.058748e-03,6.093661e-01,7.854194e-03,3.626394e-02,1.214932e-02,9.577818e-02,3.726738e-02,9.873679e-02
1.768244e-02,2.074174e-02,3.567529e-03,1.687410e-02,1.170589e-02,9.361546e-03,8.970627e-04,3.101156e-03,4.712304e-01,6.487609e-03,2.660048e-02,1.572989e-02,2.738132e-01,3.656415e-02,8.564286e-02
1.462102e-02,1.618619e-02,3.420768e-03,1.201062e-02,1.156573e-02,8.632137e-03,1.776094e-03,2.874598e-03,3.918233e-01,5.557020e-03,2.066300e-02,1.892117e-02,3.364271e-01,6.091247e-02,9.460882e-02
1.202786e-02,1.188262e-02,3.546942e-03,8.594434e-03,9.347889e-03,7.120079e-03,2.535064e-03,2.361632e-03,2.946200e-01,8.270866e-03,1.796770e-02,4.395295e-02,3.568301e-01,1.077341e-01,1.132077e-01
1.094425e-02,8.849876e-03,2.873827e-03,6.191590e-03,7.062327e-03,8.213192e-03,2.158280e-03,1.745284e-03,2.130500e-01,1.108439e-02,1.718298e-02,4.824671e-02,3.440217e-01,2.215689e-01,9.680674e-02
1.115581e-02,6.511195e-03,3.002610e-03,4.464898e-03,8.686470e-03,8.039439e-03,3.818799e-03,1.621920e-03,1.540617e-01,1.595595e-02,1.835236e-02,9.533460e-02,3.979015e-01,1.876535e-01,8.343938e-02
3.223919e-02,5.074488e-03,2.933681e-03,3.671753e-03,9.051331e-03,8.135412e-03,4.424075e-03,1.728168e-03,1.136114e-01,1.121585e-01,2.019936e-02,1.574081e-01,3.261916e-01,1.411880e-01,6.198493e-02
6.163704e-02,4.132161e-03,4.010463e-03,4.126198e-03,1.031417e-02,9.369701e-03,8.277882e-03,5.218229e-03,8.537930e-02,1.469418e-01,2.146158e-02,2.128389e-01,2.714583e-01,1.097716e-01,4.506267e-02
1.189010e-01,3.896657e-03,5.503589e-03,4.254780e-03,9.881767e-03,9.092979e-03,8.412349e-03,5.255650e-03,6.592357e-02,1.529654e-01,2.499265e-02,2.344696e-01,2.106111e-01,1.115594e-01,3.427958e-02
1.635129e-01,6.177863e-03,6.364392e-03,3.807061e-03,1.152733e-02,1.256093e-02,7.435594e-03,5.349867e-03,5.356024e-02,1.667525e-01,2.787490e-02,2.293546e-01,1.632305e-01,1.170785e-01,2.541286e-02
1.666055e-01,7.196642e-03,5.298502e-03,3.794804e-03,1.041549e-02,1.156165e-02,5.661899e-03,4.730938e-03,5.966013e-02,1.651851e-01,3.062434e-02,2.847404e-01,1.249023e-01,1.005833e-01,1.903907e-02
1.962280e-01,1.638407e-02,7.653640e-03,6.003842e-03,1.469757e-02,1.542952e-02,4.664760e-03,7.713249e-03,8.280423e-02,1.578646e-01,3.437483e-02,2.590795e-01,9.688301e-02,8.400513e-02,1.621412e-02
2.222395e-01,1.942943e-02,9.691985e-03,9.016346e-03,1.681973e-02,1.567009e-02,3.900162e-03,9.953912e-03,8.717140e-02,1.681377e-01,3.504916e-02,2.427215e-01,7.408635e-02,7.176942e-02,1.434338e-02
1.853483e-01,4.337942e-02,8.723305e-03,9.058138e-03,2.285647e-02,3.282736e-02,3.146150e-03,8.856175e-03,2.068388e-01,1.323576e-01,2.937034e-02,1.925291e-01,5.459279e-02,5.643710e-02,1.367891e-02
1.528270e-01,1.022396e-01,8.468438e-03,3.186083e-02,2.986266e-02,3.201479e-02,2.895245e-03,1.573187e-02,2.399236e-01,1.084561e-01,2.751336e-02,1.422270e-01,4.168578e-02,4.168792e-02,2.260577e-02
1.411891e-01,8.652867e-02,7.669192e-03,3.470423e-02,7.922683e-02,4.203289e-02,3.573604e-03,1.322573e-02,2.888896e-01,8.507969e-02,2.446313e-02,1.021752e-01,3.095765e-02,3.297315e-02,2.731134e-02
1.208441e-01,6.472458e-02,1.889886e-02,1.498364e-01,7.324365e-02,4.006232e-02,2.775487e-03,1.957428e-02,2.786234e-01,6.578370e-02,2.281464e-02,7.217605e-02,2.323141e-02,2.412131e-02,2.328989e-02
1.253562e-01,5.178571e-02,1.450925e-02,1.427267e-01,7.885085e-02,6.182050e-02,2.487789e-03,1.598236e-02,3.053308e-01,5.291345e-02,2.358296e-02,5.443021e-02,1.807911e-02,2.004849e-02,3.209570e-02
1.377253e-01,4.262560e-02,1.254175e-02,1.391569e-01,6.315419e-02,1.222593e-01,2.343851e-03,2.486036e-02,2.724214e-01,4.185428e-02,2.609010e-02,4.286088e-02,1.658255e-02,1.864747e-02,3.687604e-02
1.515105e-01,4.643268e-02,1.421665e-02,1.069121e-01,5.455487e-02,1.635230e-01,2.110488e-03,2.740396e-02,2.742979e-01,3.050869e-02,2.237344e-02,3.678587e-02,1.503835e-02,1.852996e-02,3.580150e-02
1.994807e-01,3.648216e-02,1.362343e-02,1.122251e-01,4.505395e-02,1.331752e-01,2.105791e-03,7.755763e-02,2.355041e-01,2.227744e-02,2.714418e-02,2.859917e-02,1.658042e-02,1.604848e-02,3.414222e-02
2.383586e-01,3.305021e-02,1.070363e-02,1.381208e-01,3.410901e-02,1.077563e-01,1.845970e-03,5.576703e-02,2.388747e-01,1.693610e-02,4.806445e-02,2.153444e-02,1.271566e-02,1.527862e-02,2.688449e-02
1.739653e-01,2.953984e-02,9.222507e-03,1.172019e-01,2.450340e-02,7.681829e-02,1.389825e-03,3.923369e-02,2.929295e-01,1.241296e-02,1.606560e-01,1.781787e-02,1.022330e-02,1.272281e-02,2.136284e-02
1.276478e-01,2.106996e-02,6.654219e-03,8.565057e-02,1.719904e-02,5.621764e-02,1.003555e-03,2.758829e-02,2.069260e-01,8.773968e-03,3.619250e-01,4.602102e-02,7.419012e-03,1.059045e-02,1.531346e-02
9.380325e-02,1.488014e-02,4.819651e-03,6.155186e-02,1.212865e-02,4.491410e-02,7.337537e-04,1.946842e-02,1.452163e-01,6.221387e-03,4.787823e-01,9.195501e-02,5.406106e-03,9.229844e-03,1.088921e-02
6.681041e-02,1.050593e-02,3.447426e-03,4.334051e-02,8.735143e-03,3.343026e-02,5.255532e-04,1.365864e-02,1.018319e-01,4.402320e-03,5.649789e-01,1.280297e-01,3.929389e-03,8.611894e-03,7.761957e-03
4.692355e-02,7.634615e-03,2.469124e-03,3.051404e-02,7.828946e-03,2.418472e-02,3.934223e-04,9.569052e-03,7.173426e-02,3.299046e-03,6.275434e-01,1.512138e-01,3.035986e-03,7.482364e-03,6.173654e-03
3.311060e-02,6.118154e-03,2.033363e-03,2.151474e-02,8.636050e-03,1.791672e-02,3.228060e-04,6.713856e-03,5.056657e-02,3.242846e-03,5.933502e-01,2.397182e-01,2.508461e-03,7.583095e-03,6.664350e-03
2.380020e-02,4.587905e-03,2.001928e-03,1.532366e-02,7.707492e-03,1.381406e-02,2.548494e-04,4.810651e-03,3.566008e-02,2.606614e-03,5.680563e-01,3.071921e-01,1.941587e-03,7.008261e-03,5.234198e-03
1.677854e-02,3.283588e-03,1.449751e-03,1.083420e-02,6.218841e-03,9.964443e-03,1.821091e-04,3.379065e-03,2.517975e-02,2.041348e-03,5.531245e-01,3.556620e-01,1.498073e-03,6.564408e-03,3.839382e-03
1.182683e-02,2.362558e-03,1.034890e-03,7.625686e-03,4.871622e-03,7.086715e-03,1.330681e-04,2.373033e-03,1.783911e-02,1.645816e-03,5.924442e-01,3.412013e-01,1.216004e-03,5.594963e-03,2.744110e-03
8.574403e-03,2.128873e-03,8.285631e-04,5.410404e-03,6.167396e-03,5.402185e-03,1.707257e-04,1.713248e-03,1.277215e-02,1.314821e-03,5.869783e-01,3.606791e-01,1.059830e-03,4.703410e-03,2.096599e-03
6.528886e-03,1.965358e-03,7.072818e-04,3.838388e-03,6.987364e-03,4.735789e-03,4.321566e-04,1.282929e-03,9.141764e-03,1.123601e-03,5.873071e-01,3.694485e-01,1.089369e-03,3.802475e-03,1.608999e-03
5.536701e-03,1.902402e-03,9.039901e-04,2.796657e-03,1.400670e-02,4.970541e-03,8.998276e-04,1.886181e-03,6.528367e-03,9.168148e-04,5.134831e-01,4.399284e-01,1.169329e-03,3.890287e-03,1.180641e-03
4.385651e-03,1.912984e-03,7.474722e-04,2.006519e-03,2.290660e-02,4.752468e-03,8.069584e-04,1.527256e-03,4.781262e-03,7.834363e-04,4.539640e-01,4.944575e-01,1.959230e-03,4.122222e-03,8.863890e-04
5.863520e-03,2.484647e-03,6.308120e-04,1.485479e-03,2.380765e-02,7.419630e-03,9.842694e-04,1.370779e-03,3.713137e-03,8.724496e-04,4.254482e-01,5.191212e-01,1.898850e-03,4.130999e-03,7.683922e-04
8.549782e-03,3.319185e-03,7.539638e-04,1.156549e-03,2.311100e-02,1.014875e-02,1.782647e-03,1.883550e-03,3.066793e-03,1.556499e-03,3.950932e-01,5.424127e-01,1.720823e-03,4.672587e-03,7.719776e-04
7.558376e-03,2.844423e-03,6.339660e-04,8.470566e-04,1.835895e-02,9.286534e-03,2.130004e-03,1.642640e-03,2.414506e-03,1.508676e-03,3.835007e-01,5.631135e-01,1.443401e-03,4.110496e-03,6.067884e-04
6.616721e-03,2.179635e-03,5.731484e-04,6.277725e-04,1.383268e-02,8.758855e-03,2.311586e-03,1.490598e-03,1.880930e-03,1.425404e-03,4.005254e-01,5.539215e-01,1.259259e-03,4.125196e-03,4.713426e-04
9.248264e-03,2.431189e-03,7.623687e-04,5.456455e-04,1.189135e-02,9.463258e-03,2.522840e-03,1.658801e-03,2.292416e-03,2.905496e-03,3.843805e-01,5.618423e-01,1.075288e-03,8.183045e-03,7.971696e-04
1.059419e-02,2.738206e-03,1.175292e-03,4.678669e-04,1.216630e-02,1.104353e-02,2.938785e-03,2.185453e-03,3.813718e-03,6.458368e-03,3.733967e-01,5.584617e-01,9.380589e-04,1.275250e-02,8.693617e-04
1.137047e-02,3.004841e-03,2.940581e-03,1.086010e-03,1.640145e-02,1.295315e-02,5.613592e-03,2.562068e-02,6.545982e-03,6.260187e-03,3.648083e-01,5.290091e-01,9.100108e-04,1.269272e-02,7.829644e-04
1.316015e-02,3.254148e-03,2.849870e-03,1.017421e-03,2.010301e-02,1.244936e-02,4.703816e-03,2.111389e-02,8.698866e-03,6.213028e-03,4.167811e-01,4.758413e-01,1.082615e-03,1.170877e-02,1.022774e-03
1.840199e-02,3.473702e-03,3.289953e-03,1.164592e-03,3.274349e-02,2.247891e-02,4.469779e-03,2.341458e-02,1.681116e-02,5.827057e-03,4.604438e-01,3.948539e-01,1.770585e-03,9.693313e-03,1.163232e-03
1.858992e-02,4.603373e-03,3.502114e-03,1.104588e-03,3.336503e-02,3.592783e-02,3.578916e-03,2.832319e-02,3.283785e-02,4.925832e-03,4.871061e-01,3.345681e-01,1.918790e-03,8.534850e-03,1.113611e-03
