1.000000e+00,0.000000e+00,0.000000e+00,0.000000e+00,0.000000e+00,0.000000e+00,0.000000e+00,0.000000e+00,0.000000e+00,0.000000e+00,0.000000e+00,0.000000e+00,0.000000e+00,0.000000e+00,0.000000e+00
1.000000e+00,0.000000e+00,0.000000e+00,0.000000e+00,0.000000e+00,0.000000e+00,0.000000e+00,0.000000e+00,0.000000e+00,0.000000e+00,0.000000e+00,0.000000e+00,0.000000e+00,0.000000e+00,0.000000e+00
1.000000e+00,0.000000e+00,0.000000e+00,0.000000e+00,0.000000e+00,0.000000e+00,0.000000e+00,0.000000e+00,0.000000e+00,0.000000e+00,0.000000e+00,0.000000e+00,0.000000e+00,0.000000e+00,0.000000e+00
1.000000e+00,0.000000e+00,0.000000e+00,0.000000e+00,0.000000e+00,0.000000e+00,0.000000e+00,0.000000e+00,0.000000e+00,0.000000e+00,0.000000e+00,0.000000e+00,0.000000e+00,0.000000e+00,0.000000e+00
1.000000e+00,0.000000e+00,0.000000e+00,0.000000e+00,0.000000e+00,0.000000e+00,0.000000e+00,0.000000e+00,0.000000e+00,0.000000e+00,0.000000e+00,0.000000e+00,0.000000e+00,0.000000e+00,0.000000e+00
1.000000e+00,0.000000e+00,0.000000e+00,0.000000e+00,0.000000e+00,0.000000e+00,0.000000e+00,0.000000e+00,0.000000e+00,0.000000e+00,0.000000e+00,0.000000e+00,0.000000e+00,0.000000e+00,0.000000e+00
1.000000e+00,0.000000e+00,0.000000e+00,0.000000e+00,0.000000e+00,0.000000e+00,0.000000e+00,0.000000e+00,0.000000e+00,0.000000e+00,0.000000e+00,0.000000e+00,0.000000e+00,0.000000e+00,0.000000e+00
1.000000e+00,0.000000e+00,0.000000e+00,0.000000e+00,0.000000e+00,0.000000e+00,0.000000e+00,0.000000e+00,0.000000e+00,0.000000e+00,0.000000e+00,0.000000e+00,0.000000e+00,0.000000e+00,0.000000e+00
1.000000e+00,0.000000e+00,0.000000e+00,0.000000e+00,0.000000e+00,0.000000e+00,0.000000e+00,0.000000e+00,0.000000e+00,0.000000e+00,0.000000e+00,0.000000e+00,0.000000e+00,0.000000e+00,0.000000e+00
1.000000e+00,0.000000e+00,0.000000e+00,0.000000e+00,0.000000e+00,0.000000e+00,0.000000e+00,0.000000e+00,0.000000e+00,0.000000e+00,0.000000e+00,0.000000e+00,0.000000e+00,0.000000e+00,0.000000e+00
1.000000e+00,0.000000e+00,0.000000e+00,0.000000e+00,0.000000e+00,0.000000e+00,0.000000e+00,0.000000e+00,0.000000e+00,0.000000e+00,0.000000e+00,0.000000e+00,0.000000e+00,0.000000e+00,0.000000e+00
1.000000e+00,0.000000e+00,0.000000e+00,0.000000e+00,0.000000e+00,0.000000e+00,0.000000e+00,0.000000e+00,0.000000e+00,0.000000e+00,0.000000e+00,0.000000e+00,0.000000e+00,0.000000e+00,0.000000e+00
1.000000e+00,0.000000e+00,0.000000e+00,0.000000e+00,0.000000e+00,0.000000e+00,0.000000e+00,0.000000e+00,0.000000e+00,0.000000e+00,0.000000e+00,0.000000e+00,0.000000e+00,0.000000e+00,0.000000e+00
1.000000e+00,0.000000e+00,0.000000e+00,0.000000e+00,0.000000e+00,0.000000e+00,0.000000e+00,0.000000e+00,0.000000e+00,0.000000e+00,0.000000e+00,0.000000e+00,0.000000e+00,0.000000e+00,0.000000e+00
1.000000e+00,0.000000e+00,0.000000e+00,0.000000e+00,0.000000e+00,0.000000e+00,0.000000e+00,0.000000e+00,0.000000e+00,0.000000e+00,0.000000e+00,0.000000e+00,0.000000e+00,0.000000e+00,0.000000e+00
1.000000e+00,0.000000e+00,0.000000e+00,0.000000e+00,0.000000e+00,0.000000e+00,0.000000e+00,0.000000e+00,0.000000e+00,0.000000e+00,0.000000e+00,0.000000e+00,0.000000e+00,0.000000e+00,0.000000e+00
1.000000e+00,0.000000e+00,0.000000e+00,0.000000e+00,0.000000e+00,0.000000e+00,0.000000e+00,0.000000e+00,0.000000e+00,0.000000e+00,0.000000e+00,0.000000e+00,0.000000e+00,0.000000e+00,0.000000e+00
1.000000e+00,0.000000e+00,0.000000e+00,0.000000e+00,0.000000e+00,0.000000e+00,0.000000e+00,0.000000e+00,0.000000e+00,0.000000e+00,0.000000e+00,0.000000e+00,0.000000e+00,0.000000e+00,0.000000e+00
1.000000e+00,0.000000e+00,0.000000e+00,0.000000e+00,0.000000e+00,0.000000e+00,0.000000e+00,0.000000e+00,0.000000e+00,0.000000e+00,0.000000e+00,0.000000e+00,0.000000e+00,0.000000e+00,0.000000e+00
1.000000e+00,0.000000e+00,0.000000e+00,0.000000e+00,0.000000e+00,0.000000e+00,0.000000e+00,0.000000e+00,0.000000e+00,0.000000e+00,0.000000e+00,0.000000e+00,0.000000e+00,0.000000e+00,0.000000e+00
1.000000e+00,0.000000e+00,0.000000e+00,0.000000e+00,0.000000e+00,0.000000e+00,0.000000e+00,0.000000e+00,0.000000e+00,0.000000e+00,0.000000e+00,0.000000e+00,0.000000e+00,0.000000e+00,0.000000e+00
1.000000e+00,0.000000e+00,0.000000e+00,0.000000e+00,0.000000e+00,0.000000e+00,0.000000e+00,0.000000e+00,0.000000e+00,0.000000e+00,0.000000e+00,0.000000e+00,0.000000e+00,0.000000e+00,0.000000e+00
1.000000e+00,0.000000e+00,0.000000e+00,0.000000e+00,0.000000e+00,0.000000e+00,0.000000e+00,0.000000e+00,0.000000e+00,0.000000e+00,0.000000e+00,0.000000e+00,0.000000e+00,0.000000e+00,0.000000e+00
1.000000e+00,0.000000e+00,0.000000e+00,0.000000e+00,0.000000e+00,0.000000e+00,0.000000e+00,0.000000e+00,0.000000e+00,0.000000e+00,0.000000e+00,0.000000e+00,0.000000e+00,0.000000e+00,0.000000e+00
1.000000e+00,0.000000e+00,0.000000e+00,0.000000e+00,0.000000e+00,0.000000e+00,0.000000e+00,0.000000e+00,0.000000e+00,0.000000e+00,0.000000e+00,0.000000e+00,0.000000e+00,0.000000e+00,0.000000e+00
1.000000e+00,0.000000e+00,0.000000e+00,0.000000e+00,0.000000e+00,0.000000e+00,0.000000e+00,0.000000e+00,0.000000e+00,0.000000e+00,0.000000e+00,0.000000e+00,0.000000e+00,0.000000e+00,0.000000e+00
1.000000e+00,0.000000e+00,0.000000e+00,0.000000e+00,0.000000e+00,0.000000e+00,0.000000e+00,0.000000e+00,0.000000e+00,0.000000e+00,0.000000e+00,0.000000e+00,0.000000e+00,0.000000e+00,0.000000e+00
1.000000e+00,0.000000e+00,0.000000e+00,0.000000e+00,0.000000e+00,0.000000e+00,0.000000e+00,0.000000e+00,0.000000e+00,0.000000e+00,0.000000e+00,0.000000e+00,0.000000e+00,0.000000e+00,0.000000e+00
1.000000e+00,0.000000e+00,0.000000e+00,0.000000e+00,0.000000e+00,0.000000e+00,0.000000e+00,0.000000e+00,0.000000e+00,0.000000e+00,0.000000e+00,0.000000e+00,0.000000e+00,0.000000e+00,0.000000e+00
1.000000e+00,0.000000e+00,0.000000e+00,0.000000e+00,0.000000e+00,0.000000e+00,0.000000e+00,0.000000e+00,0.000000e+00,0.000000e+00,0.000000e+00,0.000000e+00,0.000000e+00,0.000000e+00,0.000000e+00
1.000000e+00,0.000000e+00,0.000000e+00,0.000000e+00,0.000000e+00,0.000000e+00,0.000000e+00,0.000000e+00,0.000000e+00,0.000000e+00,0.000000e+00,0.000000e+00,0.000000e+00,0.000000e+00,0.000000e+00
1.000000e+00,0.000000e+00,0.000000e+00,0.000000e+00,0.000000e+00,0.000000e+00,0.000000e+00,0.000000e+00,0.000000e+00,0.000000e+00,0.000000e+00,0.000000e+00,0.000000e+00,0.000000e+00,0.000000e+00
1.000000e+00,0.000000e+00,0.000000e+00,0.000000e+00,0.000000e+00,0.000000e+00,0.000000e+00,0.000000e+00,0.000000e+00,0.000000e+00,0.000000e+00,0.000000e+00,0.000000e+00,0.000000e+00,0.000000e+00
1.000000e+00,0.000000e+00,0.000000e+00,0.000000e+00,0.000000e+00,0.000000e+00,0.000000e+00,0.000000e+00,0.000000e+00,0.000000e+00,0.000000e+00,0.000000e+00,0.000000e+00,0.000000e+00,0.000000e+00
1.000000e+00,0.000000e+00,0.000000e+00,0.000000e+00,0.000000e+00,0.000000e+00,0.000000e+00,0.000000e+00,0.000000e+00,0.000000e+00,0.000000e+00,0.000000e+00,0.000000e+00,0.000000e+00,0.000000e+00
1.000000e+00,0.000000e+00,0.000000e+00,0.000000e+00,0.000000e+00,0.000000e+00,0.000000e+00,0.000000e+00,0.000000e+00,0.000000e+00,0.000000e+00,0.000000e+00,0.000000e+00,0.000000e+00,0.000000e+00
1.000000e+00,0.000000e+00,0.000000e+00,0.000000e+00,0.000000e+00,0.000000e+00,0.000000e+00,0.000000e+00,0.000000e+00,0.000000e+00,0.000000e+00,0.000000e+00,0.000000e+00,0.000000e+00,0.000000e+00
1.000000e+00,0.000000e+00,0.000000e+00,0.000000e+00,0.000000e+00,0.000000e+00,0.000000e+00,0.000000e+00,0.000000e+00,0.000000e+00,0.000000e+00,0.000000e+00,0.000000e+00,0.000000e+00,0.000000e+00
1.000000e+00,0.000000e+00,0.000000e+00,0.000000e+00,0.000000e+00,0.000000e+00,0.000000e+00,0.000000e+00,0.000000e+00,0.000000e+00,0.000000e+00,0.000000e+00,0.000000e+00,0.000000e+00,0.000000e+00
1.000000e+00,0.000000e+00,0.000000e+00,0.000000e+00,0.000000e+00,0.000000e+00,0.000000e+00,0.000000e+00,0.000000e+00,0.000000e+00,0.000000e+00,0.000000e+00,0.000000e+00,0.000000e+00,0.000000e+00
1.000000e+00,0.000000e+00,0.000000e+00,0.000000e+00,0.000000e+00,0.000000e+00,0.000000e+00,0.000000e+00,0.000000e+00,0.000000e+00,0.000000e+00,0.000000e+00,0.000000e+00,0.000000e+00,0.000000e+00
1.000000e+00,0.000000e+00,0.000000e+00,0.000000e+00,0.000000e+00,0.000000e+00,0.000000e+00,0.000000e+00,0.000000e+00,0.000000e+00,0.000000e+00,0.000000e+00,0.000000e+00,0.000000e+00,0.000000e+00
1.000000e+00,0.000000e+00,0.000000e+00,0.000000e+00,0.000000e+00,0.000000e+00,0.000000e+00,0.000000e+00,0.000000e+00,0.000000e+00,0.000000e+00,0.000000e+00,0.000000e+00,0.000000e+00,0.000000e+00
1.000000e+00,0.000000e+00,0.000000e+00,0.000000e+00,0.000000e+00,0.000000e+00,0.000000e+00,0.000000e+00,0.000000e+00,0.000000e+00,0.000000e+00,0.000000e+00,0.000000e+00,0.000000e+00,0.000000e+00
1.000000e+00,0.000000e+00,0.000000e+00,0.000000e+00,0.000000e+00,0.000000e+00,0.000000e+00,0.000000e+00,0.000000e+00,0.000000e+00,0.000000e+00,0.000000e+00,0.000000e+00,0.000000e+00,0.000000e+00
1.000000e+00,0.000000e+00,0.000000e+00,0.000000e+00,0.000000e+00,0.000000e+00,0.000000e+00,0.000000e+00,0.000000e+00,0.000000e+00,0.000000e+00,0.000000e+00,0.000000e+00,0.000000e+00,0.000000e+00
1.000000e+00,0.000000e+00,0.000000e+00,0.000000e+00,0.000000e+00,0.000000e+00,0.000000e+00,0.000000e+00,0.000000e+00,0.000000e+00,0.000000e+00,0.000000e+00,0.000000e+00,0.000000e+00,0.000000e+00
1.000000e+00,0.000000e+00,0.000000e+00,0.000000e+00,0.000000e+00,0.000000e+00,0.000000e+00,0.000000e+00,0.000000e+00,0.000000e+00,0.000000e+00,0.000000e+00,0.000000e+00,0.000000e+00,0.000000e+00
1.000000e+00,0.000000e+00,0.000000e+00,0.000000e+00,0.000000e+00,0.000000e+00,0.000000e+00,0.000000e+00,0.000000e+00,0.000000e+00,0.000000e+00,0.000000e+00,0.000000e+00,0.000000e+00,0.000000e+00
1.000000e+00,0.000000e+00,0.000000e+00,0.000000e+00,0.000000e+00,0.000000e+00,0.000000e+00,0.000000e+00,0.000000e+00,0.000000e+00,0.000000e+00,0.000000e+00,0.000000e+00,0.000000e+00,0.000000e+00
1.000000e+00,0.000000e+00,0.000000e+00,0.000000e+00,0.000000e+00,0.000000e+00,0.000000e+00,0.000000e+00,0.000000e+00,0.000000e+00,0.000000e+00,0.000000e+00,0.000000e+00,0.000000e+00,0.000000e+00
1.000000e+00,0.000000e+00,0.000000e+00,0.000000e+00,0.000000e+00,0.000000e+00,0.000000e+00,0.000000e+00,0.000000e+00,0.000000e+00,0.000000e+00,0.000000e+00,0.000000e+00,0.000000e+00,0.000000e+00
1.000000e+00,0.000000e+00,0.000000e+00,0.000000e+00,0.000000e+00,0.000000e+00,0.000000e+00,0.000000e+00,0.000000e+00,0.000000e+00,0.000000e+00,0.000000e+00,0.000000e+00,0.000000e+00,0.000000e+00
1.000000e+00,0.000000e+00,0.000000e+00,0.000000e+00,0.000000e+00,0.000000e+00,0.000000e+00,0.000000e+00,0.000000e+00,0.000000e+00,0.000000e+00,0.000000e+00,0.000000e+00,0.000000e+00,0.000000e+00
1.000000e+00,0.000000e+00,0.000000e+00,0.000000e+00,0.000000e+00,0.000000e+00,0.000000e+00,0.000000e+00,0.000000e+00,0.000000e+00,0.000000e+00,0.000000e+00,0.000000e+00,0.000000e+00,0.000000e+00
1.000000e+00,0.000000e+00,0.000000e+00,0.000000e+00,0.000000e+00,0.000000e+00,0.000000e+00,0.000000e+00,0.000000e+00,0.000000e+00,0.000000e+00,0.000000e+00,0.000000e+00,0.000000e+00,0.000000e+00
1.000000e+00,0.000000e+00,0.000000e+00,0.000000e+00,0.000000e+00,0.000000e+00,0.000000e+00,0.000000e+00,0.000000e+00,0.000000e+00,0.000000e+00,0.000000e+00,0.000000e+00,0.000000e+00,0.000000e+00
1.000000e+00,0.000000e+00,0.000000e+00,0.000000e+00,0.000000e+00,0.000000e+00,0.000000e+00,0.000000e+00,0.000000e+00,0.000000e+00,0.000000e+00,0.000000e+00,0.000000e+00,0.000000e+00,0.000000e+00
1.000000e+00,0.000000e+00,0.000000e+00,0.000000e+00,0.000000e+00,0.000000e+00,0.000000e+00,0.000000e+00,0.000000e+00,0.000000e+00,0.000000e+00,0.000000e+00,0.000000e+00,0.000000e+00,0.000000e+00
1.000000e+00,0.000000e+00,0.000000e+00,0.000000e+00,0.000000e+00,0.000000e+00,0.000000e+00,0.000000e+00,0.000000e+00,0.000000e+00,0.000000e+00,0.000000e+00,0.000000e+00,0.000000e+00,0.000000e+00
4.535802e-01,2.524228e-02,1.281883e-02,2.815384e-01,9.237718e-03,1.395115e-02,3.000812e-03,1.122892e-02,3.267168e-02,2.983582e-03,4.860755e-02,6.271814e-02,1.878060e-02,7.541400e-03,1.609877e-02
3.576248e-01,2.018833e-02,1.027142e-02,2.944370e-01,1.133297e-02,1.253967e-02,2.640832e-03,8.568804e-03,3.688702e-02,3.254252e-03,7.618572e-02,1.295506e-01,1.411335e-02,7.866166e-03,1.453900e-02
2.959386e-01,1.518058e-02,7.401301e-03,2.234581e-01,1.464547e-02,1.128233e-02,2.093935e-03,6.395502e-03,2.904513e-02,2.525123e-03,8.139117e-02,2.799017e-01,1.043796e-02,8.678297e-03,1.162472e-02
2.710404e-01,1.173871e-02,5.441928e-03,1.650786e-01,1.882208e-02,1.108314e-02,1.948046e-03,5.382980e-03,2.246099e-02,1.930591e-03,8.814673e-02,3.689669e-01,7.558553e-03,1.152130e-02,8.879109e-03
2.081649e-01,8.758231e-03,3.926630e-03,1.185150e-01,4.149920e-02,9.628754e-03,1.563957e-03,4.521415e-03,1.720430e-02,1.529167e-03,1.146610e-01,4.456590e-01,5.418863e-03,1.232999e-02,6.619551e-03
1.499102e-01,6.995464e-03,2.812564e-03,8.466371e-02,5.722266e-02,7.691562e-03,1.144515e-03,3.528689e-03,1.345028e-02,1.343803e-03,1.579430e-01,4.840448e-01,3.989117e-03,1.992964e-02,5.329907e-03
1.068965e-01,5.655501e-03,2.056170e-03,6.149943e-02,7.647330e-02,5.779611e-03,8.364559e-04,2.678384e-03,1.024190e-02,1.340446e-03,1.878313e-01,5.078108e-01,2.900568e-03,2.264768e-02,5.351891e-03
7.593317e-02,4.798387e-03,1.651589e-03,4.518040e-02,7.916849e-02,4.833502e-03,7.144163e-04,2.090018e-03,8.385084e-03,2.262683e-03,2.339398e-01,5.002069e-01,2.233192e-03,3.130961e-02,7.292665e-03
5.372633e-02,3.880469e-03,1.302641e-03,3.281364e-02,7.000117e-02,4.102440e-03,5.802605e-04,1.595455e-03,7.556615e-03,3.644781e-03,2.565060e-01,5.136669e-01,1.933158e-03,4.076817e-02,7.921958e-03
3.826645e-02,3.188347e-03,9.876848e-04,2.331366e-02,5.914294e-02,4.066834e-03,4.586994e-04,1.202163e-03,7.442328e-03,5.766718e-03,3.416158e-01,4.495474e-01,2.246916e-03,5.277015e-02,9.983970e-03
2.712538e-02,2.633224e-03,7.515614e-04,1.635643e-02,4.942796e-02,3.152275e-03,3.490200e-04,8.854757e-04,6.181339e-03,1.467357e-02,4.444893e-01,3.736548e-01,2.060354e-03,4.938109e-02,8.878344e-03
1.960968e-02,2.115900e-03,6.064682e-04,1.152083e-02,4.074613e-02,2.714611e-03,3.143164e-04,7.280931e-04,5.766910e-03,2.075625e-02,4.952725e-01,3.386348e-01,2.300434e-03,5.140286e-02,7.510286e-03
1.463578e-02,1.746884e-03,6.012986e-04,8.121517e-03,2.950580e-02,2.750821e-03,3.112943e-04,6.372661e-04,4.702469e-03,1.640028e-02,5.574136e-01,3.145981e-01,1.858513e-03,4.057516e-02,6.141234e-03
1.048806e-02,1.304674e-03,4.859370e-04,5.700039e-03,2.118164e-02,2.687528e-03,2.646598e-04,4.955278e-04,3.575007e-03,1.248993e-02,6.059989e-01,2.974830e-01,1.538216e-03,3.177464e-02,4.532290e-03
7.967860e-03,1.174343e-03,4.244489e-04,4.005189e-03,1.641328e-02,2.521707e-03,3.930539e-04,4.401894e-04,3.146122e-03,9.935610e-03,6.102352e-01,3.132823e-01,1.391295e-03,2.528342e-02,3.386041e-03
5.908372e-03,1.497436e-03,3.751816e-04,2.818675e-03,1.652169e-02,2.484984e-03,1.137217e-03,3.878953e-04,3.664323e-03,8.991092e-03,6.836584e-01,2.487709e-01,1.264144e-03,1.983993e-02,2.679826e-03
4.398244e-03,3.249396e-03,1.055505e-03,2.020121e-03,2.313767e-02,3.512509e-03,2.661595e-03,4.483863e-04,4.634627e-03,1.287563e-02,6.965474e-01,2.168340e-01,1.124787e-03,2.233130e-02,5.168852e-03
4.973908e-03,7.588902e-03,8.107370e-03,1.686614e-03,4.029290e-02,3.529682e-03,4.209833e-03,7.288644e-03,1.048497e-02,1.146357e-02,6.665065e-01,2.002350e-01,1.957167e-03,2.700943e-02,4.665486e-03
8.485738e-03,1.382805e-02,1.062888e-02,1.428932e-03,6.064487e-02,5.774015e-03,6.045549e-03,1.219884e-02,2.049235e-02,1.027152e-02,6.416007e-01,1.719769e-01,2.635808e-03,2.930295e-02,4.684819e-03
1.061871e-02,3.768411e-02,1.765211e-02,1.195991e-03,7.860741e-02,6.823722e-03,5.016397e-03,1.037630e-02,2.629115e-02,1.360867e-02,6.184307e-01,1.307416e-01,3.219883e-03,3.279041e-02,6.942860e-03
9.199378e-03,2.962387e-02,1.408722e-02,9.933870e-04,6.063543e-02,6.105201e-03,3.577559e-03,7.827812e-03,2.591298e-02,1.029955e-02,6.891378e-01,1.065268e-01,2.930309e-03,2.797871e-02,5.164007e-03
9.403596e-03,3.050138e-02,1.689346e-02,1.137760e-03,4.818160e-02,9.910423e-03,2.887278e-03,9.336436e-03,3.584670e-02,8.729617e-03,6.481495e-01,1.408377e-01,3.389528e-03,3.063788e-02,4.157116e-03
1.165680e-02,3.585536e-02,1.494924e-02,1.397831e-03,4.612111e-02,2.614211e-02,2.375035e-03,8.321384e-03,5.809100e-02,1.015638e-02,5.959730e-01,1.392920e-01,3.635781e-03,4.201343e-02,4.019422e-03
1.714106e-02,4.130070e-02,1.211684e-02,2.125795e-03,4.316674e-02,2.455243e-02,2.200652e-03,1.006345e-02,8.262122e-02,1.118230e-02,4.846622e-01,1.935124e-01,5.424240e-03,6.499202e-02,4.937900e-03
1.763866e-02,3.161156e-02,2.105347e-02,6.121280e-03,1.027486e-01,1.955510e-02,3.673872e-03,1.701729e-02,1.746269e-01,9.130095e-03,3.700181e-01,1.660966e-01,8.286720e-03,4.828057e-02,4.141250e-03
1.635954e-02,3.055630e-02,2.049396e-02,1.383198e-02,8.266823e-02,1.708649e-02,2.953658e-03,3.453140e-02,2.596940e-01,8.695213e-03,2.996975e-01,1.568781e-01,1.342713e-02,3.858273e-02,4.543880e-03
1.444729e-02,2.521414e-02,1.506766e-02,1.103979e-02,7.059211e-02,1.776613e-02,2.822448e-03,3.717178e-02,4.098567e-01,6.843268e-03,2.252208e-01,1.210190e-01,1.137548e-02,2.774108e-02,3.822358e-03
1.167212e-02,2.502931e-02,1.078247e-02,9.564102e-03,5.529826e-02,1.764550e-02,2.217224e-03,3.405518e-02,5.494230e-01,5.132634e-03,1.631511e-01,8.517312e-02,8.163354e-03,1.964908e-02,3.043419e-03
1.510243e-02,2.092456e-02,9.160976e-03,8.497031e-03,6.068972e-02,1.441491e-02,1.849493e-03,1.207223e-01,5.217371e-01,3.997747e-03,1.356938e-01,6.212299e-02,8.585142e-03,1.402961e-02,2.472178e-03
1.424277e-02,1.562325e-02,7.073421e-03,6.805584e-03,6.152139e-02,1.103241e-02,1.562239e-03,3.016595e-01,4.177874e-01,2.963130e-03,9.757528e-02,4.380631e-02,6.728317e-03,9.864207e-03,1.754712e-03
1.404326e-02,1.100260e-02,5.418309e-03,4.982959e-03,5.519494e-02,9.031117e-03,1.320538e-03,4.913263e-01,2.931673e-01,2.175295e-03,6.848811e-02,3.072423e-02,4.938336e-03,6.934681e-03,1.251970e-03
1.112457e-02,7.729228e-03,3.988363e-03,3.603241e-03,4.315861e-02,6.740700e-03,1.069596e-03,6.369244e-01,2.052717e-01,1.550452e-03,4.798422e-02,2.153050e-02,3.577482e-03,4.867742e-03,8.791503e-04
9.269269e-03,5.437725e-03,2.833528e-03,2.602092e-03,3.351042e-02,5.025594e-03,7.909870e-04,7.404335e-01,1.437206e-01,1.091038e-03,3.360071e-02,1.508256e-02,2.565769e-03,3.419073e-03,6.170702e-04
1.015676e-02,3.852071e-03,2.062619e-03,2.049448e-03,2.740457e-02,3.773969e-03,5.813074e-04,8.099017e-01,1.006449e-01,7.704088e-04,2.354606e-02,1.057892e-02,1.834358e-03,2.406984e-03,4.359119e-04
1.919066e-02,2.771671e-03,1.615225e-03,3.271192e-03,2.322359e-02,5.749285e-03,5.627568e-04,8.441280e-01,7.091412e-02,5.575642e-04,1.667576e-02,7.664707e-03,1.521409e-03,1.788661e-03,3.653684e-04
2.386186e-02,1.983074e-03,1.177060e-03,2.711933e-03,1.810790e-02,4.757972e-03,4.655494e-04,8.767160e-01,4.986750e-02,3.934377e-04,1.177676e-02,5.475147e-03,1.175216e-03,1.267013e-03,2.635398e-04
2.381734e-02,1.425147e-03,8.608233e-04,2.092314e-03,1.482966e-02,3.504373e-03,3.892577e-04,9.034923e-01,3.506031e-02,2.829635e-04,8.348114e-03,3.908839e-03,9.005977e-04,8.969000e-04,1.909616e-04
2.596750e-02,1.046604e-03,6.619131e-04,1.672330e-03,1.312190e-02,2.735645e-03,3.887495e-04,9.191279e-01,2.463982e-02,2.059484e-04,6.029044e-03,2.817015e-03,7.991230e-04,6.383421e-04,1.481016e-04
2.706502e-02,8.061724e-04,5.176578e-04,1.331142e-03,1.170515e-02,2.207833e-03,4.013422e-04,9.306142e-01,1.732333e-02,1.514457e-04,4.441009e-03,2.076182e-03,7.766605e-04,4.569382e-04,1.258698e-04
3.324698e-02,7.508605e-04,4.918506e-04,1.275250e-03,1.541262e-02,1.895037e-03,4.259524e-04,9.273258e-01,1.241159e-02,1.243731e-04,3.505582e-03,1.749189e-03,8.963585e-04,3.523105e-04,1.361848e-04
4.071039e-02,1.178218e-03,5.392148e-04,3.054829e-03,1.422347e-02,1.626314e-03,3.562507e-04,8.947209e-01,1.198798e-02,4.532518e-04,7.870845e-03,8.639084e-03,1.338081e-02,7.350362e-04,5.234221e-04
3.280606e-02,1.117755e-03,4.411472e-04,3.924693e-03,1.076580e-02,1.313241e-03,2.992212e-04,7.694671e-01,1.181818e-02,2.854338e-03,2.261487e-02,7.812739e-02,5.488548e-02,8.742654e-03,8.221092e-04
2.469114e-02,1.548142e-03,4.199656e-04,3.481842e-03,1.414307e-02,1.567848e-03,5.735132e-04,5.743595e-01,1.209637e-02,1.799510e-02,2.205798e-02,1.847297e-01,1.296180e-01,1.123853e-02,1.479323e-03
1.979038e-02,1.588187e-03,3.728466e-04,3.269364e-03,1.799860e-02,2.296309e-03,1.099147e-03,4.181045e-01,1.474543e-02,1.531322e-02,2.108927e-02,3.192269e-01,1.402123e-01,2.345994e-02,1.433807e-03
1.591544e-02,1.710063e-03,3.333298e-04,2.625838e-03,1.624960e-02,2.561466e-03,1.324651e-03,2.986705e-01,2.299276e-02,2.173960e-02,3.133838e-02,4.426251e-01,1.062355e-01,3.440785e-02,1.270022e-03
1.312322e-02,2.313702e-03,4.375771e-04,2.420936e-03,1.289334e-02,2.206581e-03,1.019499e-03,2.102175e-01,2.516666e-02,5.422512e-02,5.029501e-02,5.064917e-01,8.186673e-02,3.613502e-02,1.187425e-03
1.249100e-02,2.301347e-03,4.705376e-04,2.000064e-03,1.069321e-02,2.016308e-03,8.187470e-04,1.480764e-01,2.217348e-02,5.331877e-02,6.561260e-02,5.774630e-01,6.116228e-02,4.037466e-02,1.027602e-03
1.119148e-02,3.131531e-03,5.227341e-04,1.535531e-03,9.793939e-03,1.967542e-03,6.779368e-04,1.049292e-01,1.810621e-02,5.321570e-02,9.752122e-02,5.669483e-01,4.539141e-02,8.406024e-02,1.007035e-03
1.064930e-02,6.422500e-03,7.048565e-04,1.123092e-03,7.524290e-03,1.566512e-03,5.609629e-04,7.443018e-02,1.463085e-02,4.196551e-02,1.090593e-01,5.311753e-01,3.521893e-02,1.641408e-01,8.277518e-04
8.488583e-03,5.455417e-03,6.725274e-04,8.294473e-04,5.624536e-03,1.193630e-03,4.966893e-04,5.268891e-02,1.455808e-02,3.057474e-02,1.108372e-01,5.787408e-01,2.948597e-02,1.597074e-01,6.460663e-04
1.340597e-02,4.222684e-03,7.940094e-04,7.469297e-04,4.448938e-03,2.051535e-03,8.807400e-04,3.835403e-02,1.966224e-02,2.461288e-02,1.552773e-01,5.001920e-01,2.410886e-02,2.103601e-01,8.819120e-04
1.478707e-02,3.215381e-03,8.724739e-04,8.526192e-04,3.764065e-03,3.551942e-03,1.246531e-03,2.789038e-02,2.121622e-02,1.902394e-02,1.817709e-01,4.506910e-01,1.874509e-02,2.513248e-01,1.047502e-03
1.250155e-02,2.657943e-03,7.151709e-04,8.373538e-04,2.839460e-03,5.656151e-03,9.636986e-04,1.967884e-02,2.811214e-02,1.410175e-02,2.414116e-01,3.895581e-01,1.403105e-02,2.656513e-01,1.283852e-03
9.865997e-03,2.885029e-03,7.491999e-04,8.353791e-04,2.196964e-03,8.468071e-03,6.945821e-04,1.388115e-02,3.673393e-02,1.072647e-02,3.216677e-01,3.107963e-01,1.035317e-02,2.687290e-01,1.417044e-03
7.184378e-03,2.910321e-03,7.224178e-04,8.271140e-04,1.828162e-03,9.971017e-03,4.978169e-04,9.782531e-03,4.146229e-02,1.033144e-02,3.997686e-01,2.434060e-01,7.583818e-03,2.614949e-01,2.229241e-03
5.329871e-03,3.257879e-03,7.718623e-04,7.927050e-04,2.009888e-03,9.336776e-03,3.584936e-04,6.905738e-03,4.336075e-02,1.653790e-02,4.457889e-01,2.030719e-01,6.247697e-03,2.520651e-01,4.164549e-03
4.096370e-03,3.783057e-03,8.903610e-04,1.153809e-03,3.526418e-03,7.756740e-03,2.733968e-04,4.956189e-03,6.942777e-02,2.360825e-02,4.552888e-01,1.795878e-01,5.128094e-03,2.342420e-01,6.280955e-03
3.955003e-03,6.321055e-03,1.237313e-03,2.379753e-03,3.662987e-03,1.504506e-02,2.525593e-04,4.244875e-03,1.971756e-01,2.416915e-02,3.847036e-01,1.505625e-01,6.578967e-03,1.914648e-01,8.246945e-03
7.300097e-03,7.011809e-03,4.923968e-03,3.999930e-03,1.212612e-02,2.395226e-02,3.588935e-04,9.667143e-03,2.625901e-01,2.329716e-02,3.725604e-01,1.120147e-01,6.209866e-03,1.458686e-01,8.119022e-03
8.033290e-03,2.190745e-02,5.366273e-03,3.817630e-03,1.343751e-02,6.218462e-02,3.793742e-04,8.129193e-03,3.291995e-01,2.385557e-02,2.858383e-01,8.579043e-02,5.598675e-03,1.323113e-01,1.415083e-02
1.022146e-02,4.476664e-02,1.597183e-02,6.813712e-03,2.622335e-02,9.914067e-02,4.810123e-04,1.634365e-02,3.746850e-01,2.267686e-02,2.035945e-01,6.038154e-02,4.384702e-03,9.764050e-02,1.667452e-02
8.728688e-03,6.313282e-02,1.264782e-02,8.813321e-03,2.880128e-02,1.040245e-01,3.765282e-04,1.183465e-02,4.542723e-01,2.339425e-02,1.444448e-01,4.238277e-02,3.384875e-03,6.988096e-02,2.388049e-02
9.065612e-03,6.996401e-02,9.886159e-03,1.118183e-02,5.117805e-02,1.543832e-01,4.649793e-04,9.684586e-03,4.504923e-01,2.565539e-02,1.020391e-01,2.980485e-02,2.685272e-03,4.967286e-02,2.384191e-02
8.558026e-03,8.650252e-02,7.816279e-03,1.366885e-02,5.587579e-02,2.106390e-01,4.093235e-04,9.787301e-03,4.381706e-01,2.016200e-02,7.166792e-02,2.090840e-02,2.063879e-03,3.499742e-02,1.877265e-02
1.347718e-02,1.060298e-01,8.113295e-03,1.502380e-02,5.491962e-02,3.158028e-01,4.301476e-04,1.572925e-02,3.474506e-01,1.431193e-02,5.035787e-02,1.465189e-02,1.519996e-03,2.508604e-02,1.709575e-02
2.267171e-02,9.101909e-02,7.390774e-03,2.195105e-02,6.173832e-02,4.210228e-01,5.380653e-04,2.240198e-02,2.616545e-01,1.014713e-02,3.577660e-02,1.031956e-02,1.189181e-03,1.808047e-02,1.409883e-02
3.325293e-02,8.014593e-02,8.043710e-03,4.397127e-02,7.033655e-02,4.608335e-01,8.033039e-04,2.358652e-02,2.063892e-01,7.742051e-03,2.626825e-02,7.365343e-03,1.030706e-03,1.355952e-02,1.667117e-02
3.625469e-02,6.995689e-02,1.404536e-02,1.436132e-01,5.565314e-02,3.366174e-01,7.127879e-04,4.074692e-02,2.163893e-01,7.459254e-03,1.931886e-02,5.584553e-03,1.244524e-03,9.617646e-03,4.278535e-02
5.691440e-02,1.046824e-01,1.250167e-02,1.122771e-01,4.360083e-02,3.307316e-01,6.658031e-04,4.501974e-02,1.764449e-01,6.186402e-03,1.466545e-02,4.130403e-03,1.268547e-03,7.388946e-03,8.352175e-02
1.222156e-01,1.015631e-01,2.240815e-02,1.320041e-01,4.797548e-02,2.844205e-01,1.253442e-03,4.832880e-02,1.377596e-01,4.562394e-03,1.470543e-02,4.567237e-03,2.310245e-03,5.765574e-03,7.016042e-02
1.530596e-01,7.683124e-02,1.712403e-02,1.150441e-01,4.361665e-02,2.133887e-01,1.234679e-03,3.600024e-02,1.619759e-01,3.789653e-03,7.626769e-02,3.242357e-02,8.796598e-03,5.299228e-03,5.514823e-02
1.113781e-01,5.583339e-02,1.327738e-02,1.092326e-01,3.742186e-02,1.538402e-01,9.535498e-04,2.689661e-02,1.365866e-01,2.904148e-03,1.456702e-01,1.336932e-01,2.736026e-02,3.858712e-03,4.109311e-02
8.212569e-02,4.616753e-02,1.086902e-02,1.149392e-01,3.619682e-02,1.107923e-01,9.176728e-04,1.915149e-02,1.238498e-01,3.998313e-03,1.953120e-01,1.495448e-01,2.814353e-02,5.570556e-03,7.242123e-02
5.899802e-02,3.308488e-02,8.280067e-03,9.312774e-02,2.944427e-02,7.814556e-02,7.170935e-04,1.381580e-02,1.047962e-01,3.237165e-03,2.982636e-01,1.850617e-01,3.454727e-02,4.644632e-03,5.383592e-02
4.174912e-02,2.363433e-02,8.525973e-03,9.586172e-02,3.194027e-02,5.524727e-02,6.418625e-04,9.743960e-03,7.599870e-02,6.996112e-03,3.748256e-01,1.833701e-01,4.698273e-02,5.311246e-03,3.917094e-02
3.265278e-02,1.980882e-02,2.651950e-02,1.228146e-01,3.689740e-02,5.013543e-02,9.651461e-04,7.942227e-03,6.495197e-02,1.875943e-02,3.195728e-01,1.807645e-01,7.694598e-02,7.186228e-03,3.408322e-02
2.361887e-02,1.407486e-02,2.061453e-02,9.103367e-02,3.132268e-02,3.768519e-02,7.864284e-04,6.104227e-03,4.717470e-02,2.926275e-02,3.039674e-01,1.811402e-01,1.603556e-01,1.172563e-02,4.113338e-02
1.761414e-02,1.239300e-02,5.107144e-02,6.474794e-02,1.199574e-01,2.731413e-02,8.664345e-04,4.601807e-03,4.467334e-02,8.451661e-02,2.395941e-01,1.418940e-01,1.455107e-01,1.275734e-02,3.248748e-02
1.425806e-02,9.823240e-03,5.184709e-02,4.824163e-02,1.333565e-01,2.199895e-02,1.182126e-03,4.090533e-03,4.054492e-02,1.502370e-01,1.955992e-01,1.308928e-01,1.495215e-01,1.771116e-02,3.069528e-02
1.466439e-02,9.235675e-03,4.856561e-02,4.922544e-02,1.190023e-01,2.063006e-02,1.414971e-03,5.121400e-03,3.884437e-02,1.524342e-01,1.738095e-01,1.144488e-01,1.945659e-01,2.319508e-02,3.484217e-02
1.950399e-02,9.698838e-03,5.109747e-02,4.542577e-02,9.713538e-02,2.408009e-02,2.411338e-03,5.199885e-03,3.623425e-02,1.211003e-01,1.534453e-01,1.090447e-01,2.597625e-01,2.079131e-02,4.506887e-02
1.553990e-02,9.688728e-03,5.026465e-02,3.434908e-02,7.876395e-02,1.935801e-02,2.650443e-03,3.980717e-03,2.915622e-02,1.023177e-01,1.465425e-01,1.280444e-01,2.976597e-01,2.615350e-02,5.553050e-02
1.465791e-02,7.396156e-03,3.833556e-02,2.805321e-02,6.911419e-02,1.658804e-02,2.355092e-03,5.118829e-03,2.551191e-02,9.331134e-02,1.402829e-01,1.776724e-01,3.031645e-01,3.548135e-02,4.295659e-02
1.301705e-02,5.532821e-03,2.819744e-02,2.352296e-02,9.069766e-02,1.624871e-02,1.872688e-03,4.862589e-03,2.131783e-02,7.909662e-02,1.775315e-01,1.619358e-01,3.167262e-01,2.735033e-02,3.208986e-02
1.207653e-02,4.223912e-03,2.062762e-02,1.863157e-02,6.633051e-02,1.314867e-02,1.924498e-03,5.612669e-03,2.018137e-02,5.876840e-02,1.392122e-01,3.121506e-01,2.681726e-01,3.258622e-02,2.635269e-02
1.034587e-02,3.181940e-03,1.470887e-02,1.364747e-02,4.692730e-02,1.157747e-02,1.945936e-03,5.284612e-03,1.558054e-02,4.365981e-02,9.929530e-02,4.876490e-01,1.977525e-01,2.825966e-02,2.018377e-02
1.093487e-02,2.787267e-03,1.079984e-02,1.010583e-02,3.386351e-02,1.021739e-02,1.804635e-03,4.803556e-03,1.423125e-02,3.333800e-02,7.207404e-02,6.046386e-01,1.436232e-01,2.820333e-02,1.857479e-02
1.341367e-02,3.330383e-03,1.224439e-02,8.636516e-03,4.600722e-02,1.060473e-02,2.598922e-03,5.287383e-03,2.848922e-02,2.694353e-02,5.626331e-02,6.211648e-01,1.061714e-01,4.273255e-02,1.611198e-02
1.486275e-02,2.698842e-03,9.682800e-03,8.288191e-03,4.280572e-02,9.017700e-03,2.405065e-03,1.209897e-02,4.000142e-02,2.100373e-02,4.301655e-02,6.582589e-01,8.074417e-02,4.144586e-02,1.366933e-02
4.232141e-02,4.052493e-03,8.320856e-03,4.197387e-02,5.188140e-02,1.868203e-02,1.968637e-03,9.927634e-03,7.338044e-02,1.853522e-02,3.599488e-02,5.665116e-01,6.312869e-02,3.815569e-02,2.516517e-02
5.064139e-02,3.913928e-03,9.538651e-03,4.145725e-02,4.232056e-02,1.515147e-02,1.666746e-03,2.266044e-02,1.087248e-01,1.532421e-02,3.705906e-02,5.165044e-01,5.453746e-02,5.179890e-02,2.870076e-02
4.799835e-02,3.381975e-03,7.874301e-03,3.451772e-02,3.792025e-02,1.193780e-02,1.314610e-03,2.341047e-02,1.312407e-01,1.360552e-02,3.628025e-02,4.388820e-01,5.503080e-02,9.372977e-02,6.287549e-02
5.189564e-02,4.206247e-03,1.475990e-02,2.620068e-02,3.341441e-02,9.905711e-03,1.592421e-03,3.314921e-02,1.483259e-01,1.299267e-02,3.101458e-02,3.839849e-01,4.885179e-02,1.111601e-01,8.854585e-02
5.264910e-02,3.685253e-03,2.372631e-02,1.996164e-02,2.857170e-02,7.906498e-03,1.425955e-03,1.147977e-01,1.421363e-01,1.011791e-02,2.557661e-02,3.622139e-01,3.805469e-02,9.776345e-02,7.141300e-02
7.351284e-02,3.973744e-03,6.051660e-02,1.694390e-02,2.764609e-02,8.714667e-03,1.358337e-03,1.361340e-01,1.769356e-01,7.737584e-03,2.067956e-02,2.972240e-01,2.867842e-02,8.439060e-02,5.555397e-02
7.314010e-02,4.021126e-03,9.061655e-02,1.502085e-02,3.725125e-02,7.599522e-03,2.257565e-03,1.119738e-01,1.837899e-01,6.253680e-03,1.607425e-02,2.146687e-01,2.666643e-02,1.614323e-01,4.923388e-02
7.535605e-02,5.347260e-03,1.450810e-01,1.269292e-02,4.712192e-02,7.581182e-03,2.727893e-03,8.291921e-02,1.854042e-01,5.546477e-03,1.257406e-02,1.575067e-01,2.600683e-02,1.771742e-01,5.696013e-02
8.617675e-02,1.511345e-02,1.936368e-01,2.456721e-02,4.542187e-02,8.595414e-03,4.264317e-03,7.895333e-02,1.583227e-01,7.301962e-03,1.390274e-02,1.261792e-01,5.407969e-02,1.310350e-01,5.244953e-02
8.183232e-02,1.791895e-02,1.793146e-01,4.313923e-02,4.025098e-02,1.172606e-02,3.952286e-03,6.413232e-02,1.280379e-01,7.408018e-03,1.825905e-02,1.145432e-01,1.498258e-01,9.221584e-02,4.744350e-02
6.480635e-02,3.777513e-02,1.388309e-01,6.821527e-02,3.203093e-02,1.205409e-02,3.395523e-03,5.014189e-02,1.909988e-01,9.366825e-03,2.796168e-02,9.982564e-02,1.505955e-01,6.545129e-02,4.855018e-02
6.329426e-02,4.327410e-02,1.206708e-01,6.443778e-02,3.324185e-02,2.556224e-02,3.856963e-03,3.942446e-02,2.670346e-01,8.098286e-03,2.471940e-02,9.156148e-02,1.278996e-01,4.663504e-02,4.028921e-02
5.554996e-02,4.186602e-02,8.770111e-02,2.224567e-01,2.860868e-02,2.048595e-02,3.180527e-03,3.141096e-02,2.588575e-01,6.291571e-03,2.010153e-02,6.663983e-02,9.251104e-02,3.281184e-02,3.152671e-02
5.627089e-02,3.920439e-02,8.055849e-02,2.712356e-01,2.655705e-02,1.903703e-02,2.989728e-03,3.171257e-02,2.804452e-01,6.407665e-03,1.836910e-02,4.821446e-02,7.076798e-02,2.327865e-02,2.495121e-02
7.664442e-02,3.791143e-02,7.753655e-02,2.348293e-01,3.507879e-02,2.470973e-02,5.377412e-03,3.022680e-02,3.091908e-01,6.283943e-03,2.135478e-02,3.957777e-02,5.974656e-02,1.729846e-02,2.423325e-02
6.507677e-02,4.214286e-02,5.809683e-02,3.377625e-01,2.848650e-02,1.863143e-02,3.853448e-03,2.533006e-02,2.902810e-01,5.625631e-03,2.119824e-02,2.850549e-02,4.323109e-02,1.282682e-02,1.895129e-02
1.126386e-01,3.646040e-02,4.480050e-02,2.918286e-01,2.400681e-02,1.621144e-02,3.045509e-03,2.400810e-02,2.608543e-01,1.101656e-02,5.686329e-02,3.378011e-02,4.883676e-02,1.568924e-02,1.995979e-02
1.342981e-01,5.302626e-02,3.477741e-02,2.286388e-01,2.031134e-02,1.399018e-02,2.550465e-03,2.053952e-02,2.736877e-01,1.372324e-02,6.952003e-02,3.453109e-02,5.551145e-02,1.979015e-02,2.510437e-02
1.850075e-01,4.237049e-02,2.853109e-02,1.721447e-01,1.872366e-02,1.890487e-02,3.583388e-03,2.229112e-02,2.279079e-01,1.600216e-02,7.430476e-02,5.040025e-02,8.660203e-02,2.246109e-02,3.076503e-02
2.197289e-01,3.449161e-02,2.216002e-02,1.293192e-01,1.555596e-02,1.686856e-02,3.848576e-03,2.384550e-02,2.031059e-01,1.731708e-02,6.718518e-02,5.256913e-02,1.138412e-01,4.244285e-02,3.772042e-02
2.426638e-01,2.810575e-02,1.905272e-02,9.806947e-02,1.238775e-02,1.551749e-02,3.597999e-03,1.772578e-02,1.785180e-01,2.477607e-02,5.303356e-02,4.699811e-02,1.075992e-01,7.017440e-02,8.177992e-02
2.527640e-01,2.170721e-02,1.548876e-02,7.358369e-02,1.118108e-02,1.403458e-02,4.474355e-03,1.419376e-02,1.440753e-01,2.564386e-02,4.968965e-02,5.152151e-02,1.669779e-01,9.042580e-02,6.423855e-02
2.312110e-01,1.782024e-02,1.331170e-02,5.431313e-02,1.029367e-02,1.223331e-02,4.036749e-03,1.137509e-02,1.125661e-01,2.627325e-02,4.920464e-02,5.356668e-02,2.377592e-01,1.067327e-01,5.930255e-02
2.510951e-01,1.442542e-02,1.146290e-02,4.036424e-02,1.110576e-02,1.022901e-02,3.575782e-03,1.026607e-02,1.015056e-01,4.126126e-02,4.556555e-02,5.083878e-02,2.569742e-01,9.715248e-02,5.417786e-02
2.657824e-01,1.692995e-02,2.048318e-02,3.018181e-02,2.355847e-02,8.324916e-03,3.409747e-03,8.648142e-03,1.013878e-01,4.828780e-02,4.538736e-02,4.197427e-02,2.467874e-01,7.625185e-02,6.260489e-02
2.357228e-01,1.537527e-02,3.547483e-02,2.159787e-02,2.341925e-02,7.040939e-03,2.895470e-03,6.792180e-03,1.052016e-01,5.681645e-02,3.941204e-02,3.313839e-02,1.954126e-01,8.280745e-02,1.388928e-01
1.921888e-01,1.370511e-02,9.851114e-02,1.831828e-02,2.703562e-02,9.180545e-03,5.045285e-03,3.162678e-02,1.021281e-01,5.350455e-02,3.940445e-02,2.614519e-02,1.854185e-01,6.318863e-02,1.345990e-01
1.606699e-01,1.439641e-02,1.027281e-01,1.910984e-02,3.947315e-02,9.195406e-03,4.783899e-03,2.810785e-02,1.217459e-01,5.397459e-02,3.518154e-02,2.135000e-02,1.632331e-01,5.231993e-02,1.737304e-01
1.245937e-01,1.489748e-02,1.058528e-01,2.520955e-02,4.226317e-02,7.389346e-03,3.833580e-03,3.185090e-02,1.642586e-01,4.929344e-02,3.366178e-02,1.922637e-02,1.345986e-01,4.786445e-02,1.952063e-01
1.014822e-01,1.487810e-02,1.012822e-01,2.185817e-02,3.773198e-02,6.372322e-03,3.279970e-03,4.332612e-02,1.759889e-01,6.855142e-02,4.028506e-02,1.696670e-02,1.106173e-01,5.537774e-02,2.020019e-01
1.029079e-01,1.457195e-02,8.598825e-02,1.789477e-02,3.533594e-02,6.118387e-03,2.885350e-03,4.557675e-02,1.840912e-01,7.611315e-02,4.439964e-02,1.325227e-02,8.791202e-02,6.848218e-02,2.144702e-01
1.003822e-01,2.036427e-02,1.273894e-01,1.671024e-02,5.543490e-02,1.026644e-02,3.968922e-03,8.909504e-02,1.736239e-01,6.166688e-02,4.075675e-02,1.166763e-02,6.981526e-02,5.382660e-02,1.650315e-01
8.059223e-02,1.536325e-02,9.546125e-02,1.415516e-02,5.659389e-02,8.720358e-03,1.266300e-02,2.942929e-01,1.288698e-01,4.690919e-02,3.140771e-02,8.895090e-03,5.114954e-02,3.834942e-02,1.165772e-01
6.030036e-02,1.129424e-02,7.060228e-02,1.070663e-02,4.329418e-02,6.860116e-03,1.278453e-02,4.856325e-01,9.123747e-02,3.344347e-02,2.243795e-02,6.333625e-03,3.608121e-02,2.715413e-02,8.183730e-02
4.501572e-02,8.405332e-03,5.199694e-02,8.356439e-03,3.531837e-02,5.732933e-03,1.948473e-02,6.142710e-01,6.469075e-02,2.418179e-02,1.588800e-02,4.486057e-03,2.544357e-02,1.925910e-02,5.746925e-02
3.659104e-02,6.527752e-03,3.966326e-02,7.337201e-03,3.663443e-02,6.401220e-03,1.937865e-02,6.956789e-01,4.712067e-02,1.749500e-02,1.156811e-02,3.222128e-03,1.808726e-02,1.391468e-02,4.037965e-02
2.929253e-02,4.739105e-03,2.967917e-02,6.421275e-03,2.828271e-02,5.074102e-03,1.495804e-02,7.737545e-01,3.361821e-02,1.235384e-02,8.455133e-03,2.310439e-03,1.283248e-02,9.877457e-03,2.835106e-02
2.389328e-02,3.398493e-03,2.236955e-02,6.120558e-03,2.238004e-02,3.858268e-03,1.105225e-02,8.304311e-01,2.412029e-02,8.686073e-03,6.130373e-03,1.639067e-03,9.050271e-03,6.986295e-03,1.988414e-02
1.907233e-02,2.408772e-03,1.702398e-02,4.842612e-03,1.650179e-02,3.202381e-03,8.255246e-03,8.743952e-01,1.723530e-02,6.108489e-03,4.396679e-03,1.192984e-03,6.414227e-03,4.957847e-03,1.399221e-02
1.781016e-02,1.728222e-03,1.287548e-02,4.172837e-03,1.407961e-02,2.544016e-03,6.199050e-03,9.021961e-01,1.216688e-02,4.302965e-03,3.175465e-03,8.597283e-04,4.543982e-03,3.506471e-03,9.839070e-03
1.547195e-02,1.266708e-03,9.646778e-03,3.271736e-03,1.226893e-02,2.077030e-03,4.927565e-03,9.237547e-01,8.610486e-03,3.031101e-03,2.397808e-03,6.338845e-04,3.241847e-03,2.479873e-03,6.919603e-03
1.167634e-02,9.235747e-04,6.957049e-03,2.477332e-03,1.039072e-02,1.598104e-03,3.688546e-03,9.427917e-01,6.133233e-03,2.127528e-03,1.771549e-03,4.866149e-04,2.381169e-03,1.738527e-03,4.857993e-03
9.310944e-03,6.795532e-04,4.980200e-03,1.870106e-03,1.016048e-02,1.269104e-03,2.755509e-03,9.550616e-01,4.354956e-03,1.493466e-03,1.316137e-03,3.769367e-04,1.741673e-03,1.219284e-03,3.410093e-03
8.649269e-03,5.218707e-04,3.555223e-03,1.442211e-03,1.003221e-02,1.098104e-03,1.998553e-03,9.624973e-01,3.227427e-03,1.052358e-03,1.009927e-03,3.133128e-04,1.334241e-03,8.560555e-04,2.411937e-03
1.109296e-02,4.391650e-04,2.567605e-03,1.216006e-03,1.198755e-02,1.118769e-03,1.482772e-03,9.619461e-01,2.652745e-03,7.538436e-04,8.957868e-04,3.174637e-04,1.174205e-03,6.034694e-04,1.751510e-03
2.189457e-02,7.645810e-04,1.947782e-03,1.292340e-03,1.210661e-02,1.092300e-03,1.174743e-03,9.426185e-01,8.460400e-03,6.186856e-04,2.467623e-03,1.170738e-03,2.179045e-03,4.700716e-04,1.741929e-03
2.932457e-02,9.759037e-04,1.686444e-03,2.872434e-03,1.587892e-02,9.504888e-04,9.771879e-04,9.256808e-01,9.747370e-03,7.077889e-04,3.905794e-03,2.327585e-03,3.006722e-03,3.749096e-04,1.583032e-03
2.694928e-02,8.831471e-04,1.378412e-03,2.707286e-03,1.511313e-02,8.312576e-04,7.413410e-04,9.335326e-01,8.189993e-03,6.260475e-04,3.066314e-03,2.000437e-03,2.415091e-03,2.937669e-04,1.271946e-03
3.424966e-02,1.019134e-03,1.285040e-03,6.634193e-03,1.427417e-02,8.086496e-04,5.838675e-04,9.196600e-01,7.043785e-03,7.794553e-04,3.770994e-03,4.733223e-03,3.677194e-03,3.141894e-04,1.166420e-03
3.313647e-02,8.857116e-04,1.078767e-03,5.206537e-03,1.172589e-02,6.758585e-04,5.209320e-04,9.280095e-01,5.315479e-03,6.624596e-04,3.579207e-03,4.082510e-03,3.818066e-03,3.144896e-04,9.881433e-04
3.765372e-02,1.532783e-03,1.073083e-03,2.152178e-02,1.858448e-02,7.829411e-04,5.259499e-04,8.827705e-01,7.033659e-03,1.019776e-03,7.426685e-03,7.402401e-03,1.017823e-02,4.525987e-04,2.041347e-03
4.721676e-02,1.573947e-03,2.964068e-03,2.985317e-02,2.816953e-02,1.869074e-03,9.469342e-04,8.196802e-01,1.044258e-02,1.319321e-03,1.344833e-02,1.512004e-02,2.414256e-02,5.925661e-04,2.660954e-03
5.524793e-02,1.530762e-03,3.425269e-03,2.354976e-02,2.930614e-02,1.755052e-03,1.105192e-03,8.238835e-01,9.539599e-03,1.260859e-03,1.150730e-02,1.340871e-02,2.164704e-02,5.315928e-04,2.301280e-03
7.574748e-02,1.950200e-03,3.451304e-03,1.736150e-02,4.186009e-02,1.648285e-03,1.291391e-03,8.009385e-01,1.154593e-02,1.053354e-03,1.060185e-02,1.103318e-02,1.892506e-02,5.315127e-04,2.060439e-03
1.035081e-01,3.219760e-03,3.562918e-03,1.335697e-02,5.636838e-02,1.810585e-03,1.566999e-03,7.563164e-01,1.990964e-02,9.259150e-04,9.600209e-03,1.025544e-02,1.680896e-02,5.927679e-04,2.196972e-03
