1.000000e+00,0.000000e+00,0.000000e+00,0.000000e+00,0.000000e+00,0.000000e+00,0.000000e+00,0.000000e+00,0.000000e+00,0.000000e+00,0.000000e+00,0.000000e+00,0.000000e+00,0.000000e+00,0.000000e+00
1.000000e+00,0.000000e+00,0.000000e+00,0.000000e+00,0.000000e+00,0.000000e+00,0.000000e+00,0.000000e+00,0.000000e+00,0.000000e+00,0.000000e+00,0.000000e+00,0.000000e+00,0.000000e+00,0.000000e+00
1.000000e+00,0.000000e+00,0.000000e+00,0.000000e+00,0.000000e+00,0.000000e+00,0.000000e+00,0.000000e+00,0.000000e+00,0.000000e+00,0.000000e+00,0.000000e+00,0.000000e+00,0.000000e+00,0.000000e+00
1.000000e+00,0.000000e+00,0.000000e+00,0.000000e+00,0.000000e+00,0.000000e+00,0.000000e+00,0.000000e+00,0.000000e+00,0.000000e+00,0.000000e+00,0.000000e+00,0.000000e+00,0.000000e+00,0.000000e+00
1.000000e+00,0.000000e+00,0.000000e+00,0.000000e+00,0.000000e+00,0.000000e+00,0.000000e+00,0.000000e+00,0.000000e+00,0.000000e+00,0.000000e+00,0.000000e+00,0.000000e+00,0.000000e+00,0.000000e+00
1.000000e+00,0.000000e+00,0.000000e+00,0.000000e+00,0.000000e+00,0.000000e+00,0.000000e+00,0.000000e+00,0.000000e+00,0.000000e+00,0.000000e+00,0.000000e+00,0.000000e+00,0.000000e+00,0.000000e+00
1.000000e+00,0.000000e+00,0.000000e+00,0.000000e+00,0.000000e+00,0.000000e+00,0.000000e+00,0.000000e+00,0.000000e+00,0.000000e+00,0.000000e+00,0.000000e+00,0.000000e+00,0.000000e+00,0.000000e+00
1.000000e+00,0.000000e+00,0.000000e+00,0.000000e+00,0.000000e+00,0.000000e+00,0.000000e+00,0.000000e+00,0.000000e+00,0.000000e+00,0.000000e+00,0.000000e+00,0.000000e+00,0.000000e+00,0.000000e+00
1.000000e+00,0.000000e+00,0.000000e+00,0.000000e+00,0.000000e+00,0.000000e+00,0.000000e+00,0.000000e+00,0.000000e+00,0.000000e+00,0.000000e+00,0.000000e+00,0.000000e+00,0.000000e+00,0.000000e+00
1.000000e+00,0.000000e+00,0.000000e+00,0.000000e+00,0.000000e+00,0.000000e+00,0.000000e+00,0.000000e+00,0.000000e+00,0.000000e+00,0.000000e+00,0.000000e+00,0.000000e+00,0.000000e+00,0.000000e+00
1.000000e+00,0.000000e+00,0.000000e+00,0.000000e+00,0.000000e+00,0.000000e+00,0.000000e+00,0.000000e+00,0.000000e+00,0.000000e+00,0.000000e+00,0.000000e+00,0.000000e+00,0.000000e+00,0.000000e+00
1.000000e+00,0.000000e+00,0.000000e+00,0.000000e+00,0.000000e+00,0.000000e+00,0.000000e+00,0.000000e+00,0.000000e+00,0.000000e+00,0.000000e+00,0.000000e+00,0.000000e+00,0.000000e+00,0.000000e+00
1.000000e+00,0.000000e+00,0.000000e+00,0.000000e+00,0.000000e+00,0.000000e+00,0.000000e+00,0.000000e+00,0.000000e+00,0.000000e+00,0.000000e+00,0.000000e+00,0.000000e+00,0.000000e+00,0.000000e+00
1.000000e+00,0.000000e+00,0.000000e+00,0.000000e+00,0.000000e+00,0.000000e+00,0.000000e+00,0.000000e+00,0.000000e+00,0.000000e+00,0.000000e+00,0.000000e+00,0.000000e+00,0.000000e+00,0.000000e+00
1.000000e+00,0.000000e+00,0.000000e+00,0.000000e+00,0.000000e+00,0.000000e+00,0.000000e+00,0.000000e+00,0.000000e+00,0.000000e+00,0.000000e+00,0.000000e+00,0.000000e+00,0.000000e+00,0.000000e+00
1.000000e+00,0.000000e+00,0.000000e+00,0.000000e+00,0.000000e+00,0.000000e+00,0.000000e+00,0.000000e+00,0.000000e+00,0.000000e+00,0.000000e+00,0.000000e+00,0.000000e+00,0.000000e+00,0.000000e+00
1.000000e+00,0.000000e+00,0.000000e+00,0.000000e+00,0.000000e+00,0.000000e+00,0.000000e+00,0.000000e+00,0.000000e+00,0.000000e+00,0.000000e+00,0.000000e+00,0.000000e+00,0.000000e+00,0.000000e+00
1.000000e+00,0.000000e+00,0.000000e+00,0.000000e+00,0.000000e+00,0.000000e+00,0.000000e+00,0.000000e+00,0.000000e+00,0.000000e+00,0.000000e+00,0.000000e+00,0.000000e+00,0.000000e+00,0.000000e+00
1.000000e+00,0.000000e+00,0.000000e+00,0.000000e+00,0.000000e+00,0.000000e+00,0.000000e+00,0.000000e+00,0.000000e+00,0.000000e+00,0.000000e+00,0.000000e+00,0.000000e+00,0.000000e+00,0.000000e+00
1.000000e+00,0.000000e+00,0.000000e+00,0.000000e+00,0.000000e+00,0.000000e+00,0.000000e+00,0.000000e+00,0.000000e+00,0.000000e+00,0.000000e+00,0.000000e+00,0.000000e+00,0.000000e+00,0.000000e+00
1.000000e+00,0.000000e+00,0.000000e+00,0.000000e+00,0.000000e+00,0.000000e+00,0.000000e+00,0.000000e+00,0.000000e+00,0.000000e+00,0.000000e+00,0.000000e+00,0.000000e+00,0.000000e+00,0.000000e+00
1.000000e+00,0.000000e+00,0.000000e+00,0.000000e+00,0.000000e+00,0.000000e+00,0.000000e+00,0.000000e+00,0.000000e+00,0.000000e+00,0.000000e+00,0.000000e+00,0.000000e+00,0.000000e+00,0.000000e+00
1.000000e+00,0.000000e+00,0.000000e+00,0.000000e+00,0.000000e+00,0.000000e+00,0.000000e+00,0.000000e+00,0.000000e+00,0.000000e+00,0.000000e+00,0.000000e+00,0.000000e+00,0.000000e+00,0.000000e+00
1.000000e+00,0.000000e+00,0.000000e+00,0.000000e+00,0.000000e+00,0.000000e+00,0.000000e+00,0.000000e+00,0.000000e+00,0.000000e+00,0.000000e+00,0.000000e+00,0.000000e+00,0.000000e+00,0.000000e+00
1.000000e+00,0.000000e+00,0.000000e+00,0.000000e+00,0.000000e+00,0.000000e+00,0.000000e+00,0.000000e+00,0.000000e+00,0.000000e+00,0.000000e+00,0.000000e+00,0.000000e+00,0.000000e+00,0.000000e+00
1.000000e+00,0.000000e+00,0.000000e+00,0.000000e+00,0.000000e+00,0.000000e+00,0.000000e+00,0.000000e+00,0.000000e+00,0.000000e+00,0.000000e+00,0.000000e+00,0.000000e+00,0.000000e+00,0.000000e+00
1.000000e+00,0.000000e+00,0.000000e+00,0.000000e+00,0.000000e+00,0.000000e+00,0.000000e+00,0.000000e+00,0.000000e+00,0.000000e+00,0.000000e+00,0.000000e+00,0.000000e+00,0.000000e+00,0.000000e+00
1.000000e+00,0.000000e+00,0.000000e+00,0.000000e+00,0.000000e+00,0.000000e+00,0.000000e+00,0.000000e+00,0.000000e+00,0.000000e+00,0.000000e+00,0.000000e+00,0.000000e+00,0.000000e+00,0.000000e+00
1.000000e+00,0.000000e+00,0.000000e+00,0.000000e+00,0.000000e+00,0.000000e+00,0.000000e+00,0.000000e+00,0.000000e+00,0.000000e+00,0.000000e+00,0.000000e+00,0.000000e+00,0.000000e+00,0.000000e+00
1.000000e+00,0.000000e+00,0.000000e+00,0.000000e+00,0.000000e+00,0.000000e+00,0.000000e+00,0.000000e+00,0.000000e+00,0.000000e+00,0.000000e+00,0.000000e+00,0.000000e+00,0.000000e+00,0.000000e+00
1.000000e+00,0.000000e+00,0.000000e+00,0.000000e+00,0.000000e+00,0.000000e+00,0.000000e+00,0.000000e+00,0.000000e+00,0.000000e+00,0.000000e+00,0.000000e+00,0.000000e+00,0.000000e+00,0.000000e+00
1.000000e+00,0.000000e+00,0.000000e+00,0.000000e+00,0.000000e+00,0.000000e+00,0.000000e+00,0.000000e+00,0.000000e+00,0.000000e+00,0.000000e+00,0.000000e+00,0.000000e+00,0.000000e+00,0.000000e+00
1.000000e+00,0.000000e+00,0.000000e+00,0.000000e+00,0.000000e+00,0.000000e+00,0.000000e+00,0.000000e+00,0.000000e+00,0.000000e+00,0.000000e+00,0.000000e+00,0.000000e+00,0.000000e+00,0.000000e+00
1.000000e+00,0.000000e+00,0.000000e+00,0.000000e+00,0.000000e+00,0.000000e+00,0.000000e+00,0.000000e+00,0.000000e+00,0.000000e+00,0.000000e+00,0.000000e+00,0.000000e+00,0.000000e+00,0.000000e+00
1.000000e+00,0.000000e+00,0.000000e+00,0.000000e+00,0.000000e+00,0.000000e+00,0.000000e+00,0.000000e+00,0.000000e+00,0.000000e+00,0.000000e+00,0.000000e+00,0.000000e+00,0.000000e+00,0.000000e+00
1.000000e+00,0.000000e+00,0.000000e+00,0.000000e+00,0.000000e+00,0.000000e+00,0.000000e+00,0.000000e+00,0.000000e+00,0.000000e+00,0.000000e+00,0.000000e+00,0.000000e+00,0.000000e+00,0.000000e+00
1.000000e+00,0.000000e+00,0.000000e+00,0.000000e+00,0.000000e+00,0.000000e+00,0.000000e+00,0.000000e+00,0.000000e+00,0.000000e+00,0.000000e+00,0.000000e+00,0.000000e+00,0.000000e+00,0.000000e+00
1.000000e+00,0.000000e+00,0.000000e+00,0.000000e+00,0.000000e+00,0.000000e+00,0.000000e+00,0.000000e+00,0.000000e+00,0.000000e+00,0.000000e+00,0.000000e+00,0.000000e+00,0.000000e+00,0.000000e+00
1.000000e+00,0.000000e+00,0.000000e+00,0.000000e+00,0.000000e+00,0.000000e+00,0.000000e+00,0.000000e+00,0.000000e+00,0.000000e+00,0.000000e+00,0.000000e+00,0.000000e+00,0.000000e+00,0.000000e+00
1.000000e+00,0.000000e+00,0.000000e+00,0.000000e+00,0.000000e+00,0.000000e+00,0.000000e+00,0.000000e+00,0.000000e+00,0.000000e+00,0.000000e+00,0.000000e+00,0.000000e+00,0.000000e+00,0.000000e+00
1.000000e+00,0.000000e+00,0.000000e+00,0.000000e+00,0.000000e+00,0.000000e+00,0.000000e+00,0.000000e+00,0.000000e+00,0.000000e+00,0.000000e+00,0.000000e+00,0.000000e+00,0.000000e+00,0.000000e+00
1.000000e+00,0.000000e+00,0.000000e+00,0.000000e+00,0.000000e+00,0.000000e+00,0.000000e+00,0.000000e+00,0.000000e+00,0.000000e+00,0.000000e+00,0.000000e+00,0.000000e+00,0.000000e+00,0.000000e+00
1.000000e+00,0.000000e+00,0.000000e+00,0.000000e+00,0.000000e+00,0.000000e+00,0.000000e+00,0.000000e+00,0.000000e+00,0.000000e+00,0.000000e+00,0.000000e+00,0.000000e+00,0.000000e+00,0.000000e+00
1.000000e+00,0.000000e+00,0.000000e+00,0.000000e+00,0.000000e+00,0.000000e+00,0.000000e+00,0.000000e+00,0.000000e+00,0.000000e+00,0.000000e+00,0.000000e+00,0.000000e+00,0.000000e+00,0.000000e+00
1.000000e+00,0.000000e+00,0.000000e+00,0.000000e+00,0.000000e+00,0.000000e+00,0.000000e+00,0.000000e+00,0.000000e+00,0.000000e+00,0.000000e+00,0.000000e+00,0.000000e+00,0.000000e+00,0.000000e+00
1.000000e+00,0.000000e+00,0.000000e+00,0.000000e+00,0.000000e+00,0.000000e+00,0.000000e+00,0.000000e+00,0.000000e+00,0.000000e+00,0.000000e+00,0.000000e+00,0.000000e+00,0.000000e+00,0.000000e+00
1.000000e+00,0.000000e+00,0.000000e+00,0.000000e+00,0.000000e+00,0.000000e+00,0.000000e+00,0.000000e+00,0.000000e+00,0.000000e+00,0.000000e+00,0.000000e+00,0.000000e+00,0.000000e+00,0.000000e+00
1.000000e+00,0.000000e+00,0.000000e+00,0.000000e+00,0.000000e+00,0.000000e+00,0.000000e+00,0.000000e+00,0.000000e+00,0.000000e+00,0.000000e+00,0.000000e+00,0.000000e+00,0.000000e+00,0.000000e+00
1.000000e+00,0.000000e+00,0.000000e+00,0.000000e+00,0.000000e+00,0.000000e+00,0.000000e+00,0.000000e+00,0.000000e+00,0.000000e+00,0.000000e+00,0.000000e+00,0.000000e+00,0.000000e+00,0.000000e+00
1.000000e+00,0.000000e+00,0.000000e+00,0.000000e+00,0.000000e+00,0.000000e+00,0.000000e+00,0.000000e+00,0.000000e+00,0.000000e+00,0.000000e+00,0.000000e+00,0.000000e+00,0.000000e+00,0.000000e+00
1.000000e+00,0.000000e+00,0.000000e+00,0.000000e+00,0.000000e+00,0.000000e+00,0.000000e+00,0.000000e+00,0.000000e+00,0.000000e+00,0.000000e+00,0.000000e+00,0.000000e+00,0.000000e+00,0.000000e+00
1.000000e+00,0.000000e+00,0.000000e+00,0.000000e+00,0.000000e+00,0.000000e+00,0.000000e+00,0.000000e+00,0.000000e+00,0.000000e+00,0.000000e+00,0.000000e+00,0.000000e+00,0.000000e+00,0.000000e+00
1.000000e+00,0.000000e+00,0.000000e+00,0.000000e+00,0.000000e+00,0.000000e+00,0.000000e+00,0.000000e+00,0.000000e+00,0.000000e+00,0.000000e+00,0.000000e+00,0.000000e+00,0.000000e+00,0.000000e+00
1.000000e+00,0.000000e+00,0.000000e+00,0.000000e+00,0.000000e+00,0.000000e+00,0.000000e+00,0.000000e+00,0.000000e+00,0.000000e+00,0.000000e+00,0.000000e+00,0.000000e+00,0.000000e+00,0.000000e+00
1.000000e+00,0.000000e+00,0.000000e+00,0.000000e+00,0.000000e+00,0.000000e+00,0.000000e+00,0.000000e+00,0.000000e+00,0.000000e+00,0.000000e+00,0.000000e+00,0.000000e+00,0.000000e+00,0.000000e+00
1.000000e+00,0.000000e+00,0.000000e+00,0.000000e+00,0.000000e+00,0.000000e+00,0.000000e+00,0.000000e+00,0.000000e+00,0.000000e+00,0.000000e+00,0.000000e+00,0.000000e+00,0.000000e+00,0.000000e+00
1.000000e+00,0.000000e+00,0.000000e+00,0.000000e+00,0.000000e+00,0.000000e+00,0.000000e+00,0.000000e+00,0.000000e+00,0.000000e+00,0.000000e+00,0.000000e+00,0.000000e+00,0.000000e+00,0.000000e+00
1.000000e+00,0.000000e+00,0.000000e+00,0.000000e+00,0.000000e+00,0.000000e+00,0.000000e+00,0.000000e+00,0.000000e+00,0.000000e+00,0.000000e+00,0.000000e+00,0.000000e+00,0.000000e+00,0.000000e+00
1.000000e+00,0.000000e+00,0.000000e+00,0.000000e+00,0.000000e+00,0.000000e+00,0.000000e+00,0.000000e+00,0.000000e+00,0.000000e+00,0.000000e+00,0.000000e+00,0.000000e+00,0.000000e+00,0.000000e+00
1.000000e+00,0.000000e+00,0.000000e+00,0.000000e+00,0.000000e+00,0.000000e+00,0.000000e+00,0.000000e+00,0.000000e+00,0.000000e+00,0.000000e+00,0.000000e+00,0.000000e+00,0.000000e+00,0.000000e+00
1.000000e+00,0.000000e+00,0.000000e+00,0.000000e+00,0.000000e+00,0.000000e+00,0.000000e+00,0.000000e+00,0.000000e+00,0.000000e+00,0.000000e+00,0.000000e+00,0.000000e+00,0.000000e+00,0.000000e+00
1.000000e+00,0.000000e+00,0.000000e+00,0.000000e+00,0.000000e+00,0.000000e+00,0.000000e+00,0.000000e+00,0.000000e+00,0.000000e+00,0.000000e+00,0.000000e+00,0.000000e+00,0.000000e+00,0.000000e+00
4.479976e-01,4.242980e-02,1.733070e-01,4.861306e-02,2.354778e-02,4.361554e-02,2.105074e-03,1.689396e-01,2.951483e-03,8.746665e-03,8.597199e-03,9.525851e-03,9.937386e-03,1.875417e-03,7.810626e-03
3.226895e-01,8.047636e-02,1.663804e-01,4.432201e-02,2.669549e-02,7.016274e-02,1.958716e-03,1.500772e-01,3.681969e-03,1.023574e-01,6.566111e-03,6.794029e-03,7.195780e-03,2.268816e-03,8.373531e-03
2.298038e-01,5.970848e-02,1.252781e-01,3.589263e-02,1.926810e-02,6.051559e-02,1.594669e-03,1.172856e-01,2.419996e-02,2.835754e-01,7.530081e-03,5.100932e-03,9.062654e-03,2.535970e-03,1.864811e-02
1.720695e-01,5.162872e-02,9.232599e-02,4.348792e-02,1.735332e-02,5.271530e-02,1.498990e-03,9.456390e-02,9.103642e-02,2.406567e-01,4.542855e-02,7.133195e-03,2.656044e-02,3.149302e-02,3.204814e-02
1.390726e-01,4.771163e-02,6.791607e-02,4.176880e-02,2.994795e-02,5.384811e-02,2.801884e-03,7.678299e-02,1.320779e-01,2.033062e-01,5.809148e-02,9.290212e-03,3.273515e-02,7.516543e-02,2.948354e-02
1.070556e-01,3.850693e-02,4.848703e-02,3.208769e-02,2.410157e-02,3.932832e-02,3.751860e-03,5.526795e-02,1.068164e-01,1.840930e-01,2.108779e-01,1.180624e-02,2.858785e-02,8.037750e-02,2.885423e-02
7.979266e-02,2.967074e-02,3.451388e-02,2.739121e-02,1.852175e-02,2.864926e-02,2.859287e-03,4.004189e-02,9.786692e-02,1.344498e-01,2.374817e-01,2.873293e-02,3.133164e-02,1.815206e-01,2.717580e-02
6.214909e-02,2.642076e-02,2.497199e-02,3.587776e-02,1.484930e-02,2.200279e-02,2.258594e-03,3.008955e-02,1.623194e-01,1.079676e-01,2.077451e-01,2.365324e-02,2.647558e-02,2.116916e-01,4.152764e-02
6.265017e-02,2.772468e-02,1.796572e-02,3.045100e-02,1.228758e-02,1.756455e-02,1.994783e-03,2.242116e-02,2.025549e-01,7.871294e-02,1.826443e-01,1.931567e-02,2.011937e-02,2.708420e-01,3.275114e-02
6.746250e-02,6.939048e-02,1.298221e-02,2.366883e-02,9.073141e-03,1.475283e-02,1.576526e-03,1.629242e-02,1.922774e-01,5.623874e-02,1.473021e-01,1.564784e-02,1.480187e-02,3.319528e-01,2.658034e-02
6.577466e-02,6.191121e-02,1.028950e-02,1.782637e-02,7.625503e-03,1.492260e-02,1.529336e-03,1.181441e-02,2.458379e-01,4.079829e-02,1.269774e-01,1.460778e-02,1.152109e-02,3.417489e-01,2.681506e-02
5.364536e-02,4.923996e-02,8.012709e-03,1.283718e-02,5.922226e-03,1.353180e-02,1.152390e-03,8.391028e-03,2.763122e-01,2.877248e-02,1.039318e-01,1.348381e-02,8.890849e-03,3.930247e-01,2.285150e-02
4.041370e-02,3.797677e-02,5.925899e-03,9.346704e-03,4.419748e-03,1.292349e-02,8.354452e-04,5.919525e-03,2.722903e-01,2.036071e-02,7.840364e-02,1.015278e-02,6.578653e-03,4.758236e-01,1.862909e-02
2.893079e-02,3.288216e-02,4.329212e-03,6.735116e-03,3.368380e-03,1.018739e-02,5.923614e-04,4.171364e-03,3.765008e-01,1.438323e-02,5.709897e-02,7.420999e-03,4.686945e-03,4.345026e-01,1.420976e-02
2.125016e-02,2.817409e-02,3.187856e-03,4.817185e-03,2.657301e-03,7.449988e-03,4.200342e-04,2.940483e-03,4.271747e-01,1.020294e-02,4.273015e-02,5.469851e-03,3.367711e-03,4.296306e-01,1.052699e-02
1.726742e-02,2.259811e-02,3.152746e-03,4.334551e-03,2.747910e-03,7.190353e-03,3.113038e-04,2.170479e-03,5.449894e-01,7.671368e-03,3.229388e-02,4.033708e-03,2.580787e-03,3.393168e-01,9.341305e-03
1.418274e-02,1.769017e-02,3.792176e-03,4.091631e-03,3.641514e-03,6.196859e-03,2.329852e-04,1.820546e-03,6.438617e-01,6.655348e-03,2.385755e-02,2.888047e-03,1.896995e-03,2.619069e-01,7.285004e-03
1.357087e-02,1.661497e-02,1.036141e-02,3.990930e-03,4.638115e-03,5.888068e-03,2.045759e-04,1.818780e-03,6.780192e-01,5.791504e-03,1.774692e-02,2.127385e-03,1.422932e-03,2.320162e-01,5.788229e-03
1.892887e-02,2.255400e-02,6.778464e-02,8.574791e-03,1.477843e-02,5.461701e-03,2.195086e-04,7.073136e-03,6.307501e-01,7.840317e-03,1.344552e-02,1.538318e-03,1.078073e-03,1.914236e-01,8.549143e-03
1.969173e-02,1.857235e-02,5.417382e-02,6.943110e-03,2.029198e-02,4.957510e-03,1.664097e-04,8.463055e-03,6.086625e-01,8.984265e-03,1.012549e-02,1.151592e-03,8.993777e-04,2.202055e-01,1.671124e-02
3.825806e-02,1.405088e-02,5.484702e-02,1.343369e-02,2.387896e-02,5.167915e-03,3.197842e-04,2.455254e-02,5.319018e-01,7.637043e-03,8.265490e-03,8.771349e-04,1.010567e-03,2.623418e-01,1.345735e-02
7.572335e-02,1.076254e-02,4.488045e-02,1.748705e-02,2.674712e-02,5.985586e-03,3.910653e-04,2.614933e-02,4.971234e-01,7.291093e-03,7.156745e-03,1.079317e-03,1.601944e-03,2.612110e-01,1.641004e-02
8.003595e-02,1.334012e-02,3.744373e-02,1.880234e-02,2.265759e-02,5.965311e-03,4.716479e-04,2.170283e-02,4.775860e-01,1.129549e-02,6.205958e-03,9.920199e-04,1.993738e-03,2.408979e-01,6.060942e-02
7.077495e-02,1.537077e-02,2.850518e-02,1.384660e-02,1.929915e-02,5.424140e-03,4.396575e-04,1.892086e-02,4.287524e-01,8.991863e-03,8.420452e-03,8.200719e-04,1.822273e-03,3.313829e-01,4.722882e-02
7.606819e-02,1.378811e-02,2.466931e-02,1.072994e-02,2.397414e-02,4.717126e-03,5.166366e-04,1.775818e-02,4.037941e-01,7.107833e-03,1.274224e-02,7.056387e-04,1.634078e-03,3.668659e-01,3.492863e-02
9.469300e-02,1.642745e-02,1.854810e-02,2.026660e-02,2.793857e-02,5.281510e-03,1.172761e-03,1.808252e-02,4.529187e-01,5.626866e-03,1.161426e-02,1.153471e-03,2.452845e-03,2.905990e-01,3.322433e-02
1.081446e-01,1.592773e-02,1.559485e-02,1.716971e-02,4.776141e-02,9.765701e-03,1.146202e-03,2.145755e-02,4.292302e-01,5.440199e-03,1.052620e-02,1.487684e-03,3.298091e-03,2.508338e-01,6.221602e-02
1.183477e-01,1.972366e-02,1.449524e-02,2.744386e-02,4.691048e-02,1.003276e-02,1.014155e-03,2.943681e-02,4.556578e-01,4.791015e-03,9.334088e-03,2.417801e-03,4.300042e-03,2.023492e-01,5.374541e-02
1.962659e-01,1.920257e-02,1.549235e-02,4.167482e-02,4.426031e-02,1.616867e-02,1.073949e-03,2.969962e-02,4.143700e-01,3.853960e-03,9.344229e-03,3.169483e-03,4.714163e-03,1.573277e-01,4.338229e-02
2.771166e-01,1.900877e-02,1.309235e-02,5.223330e-02,6.391177e-02,3.912804e-02,1.136594e-03,2.697732e-02,3.316229e-01,3.587613e-03,1.004171e-02,3.608856e-03,6.203161e-03,1.163686e-01,3.596247e-02
3.515130e-01,2.140868e-02,1.223013e-02,5.106718e-02,7.002218e-02,4.239440e-02,1.582731e-03,2.262573e-02,2.648650e-01,5.048897e-03,9.555325e-03,4.073785e-03,7.876721e-03,8.517926e-02,5.055700e-02
3.502929e-01,2.876244e-02,1.109300e-02,5.052798e-02,6.283446e-02,4.054495e-02,1.716115e-03,1.781072e-02,2.069694e-01,1.308581e-02,7.945105e-03,3.624847e-03,7.501959e-03,6.035487e-02,1.369356e-01
3.563906e-01,2.761249e-02,1.037990e-02,5.321747e-02,5.544575e-02,1.222711e-01,2.855433e-03,1.462468e-02,1.571233e-01,1.283919e-02,1.566580e-02,4.836454e-03,6.459551e-03,4.357962e-02,1.166987e-01
2.676395e-01,2.036367e-02,1.323344e-02,3.961398e-02,6.569832e-02,2.969522e-01,2.611093e-03,3.216083e-02,1.129878e-01,1.265183e-02,1.135895e-02,3.682279e-03,6.653572e-03,3.103242e-02,8.336013e-02
1.952672e-01,1.467086e-02,1.328759e-02,2.947468e-02,5.504324e-02,3.073604e-01,2.614202e-03,1.939825e-01,8.052829e-02,9.916586e-03,8.743811e-03,2.814763e-03,5.412115e-03,2.201662e-02,5.886720e-02
1.374159e-01,1.030215e-02,9.835157e-03,2.155109e-02,4.005433e-02,2.487680e-01,2.511073e-03,3.948923e-01,5.651776e-02,8.985062e-03,6.410281e-03,1.986848e-03,3.919725e-03,1.543721e-02,4.141320e-02
9.652302e-02,7.234397e-03,7.563711e-03,1.572140e-02,2.868898e-02,1.931252e-01,2.468836e-03,5.522929e-01,3.967091e-02,7.652796e-03,4.761199e-03,1.405086e-03,2.843956e-03,1.081790e-02,2.922962e-02
6.785256e-02,5.349944e-03,1.360096e-02,1.138940e-02,2.113062e-02,1.528893e-01,3.388481e-03,6.077783e-01,2.825249e-02,5.037980e-02,4.611155e-03,1.159529e-03,2.830986e-03,7.834623e-03,2.155189e-02
4.841943e-02,7.325195e-03,1.194612e-02,8.633325e-03,2.497076e-02,3.365709e-01,2.775949e-03,4.402679e-01,2.068902e-02,6.333317e-02,3.847014e-03,1.068819e-03,2.420821e-03,5.872001e-03,2.185959e-02
3.426546e-02,6.746090e-03,9.338357e-03,6.259396e-03,2.021863e-02,5.187761e-01,2.099541e-03,3.095619e-01,1.500811e-02,4.940040e-02,4.424108e-03,9.141747e-04,1.784483e-03,4.731949e-03,1.647131e-02
2.677250e-02,9.360712e-03,1.039373e-02,5.520487e-03,2.070512e-02,6.192358e-01,2.135253e-03,2.287242e-01,1.231630e-02,3.623735e-02,6.777988e-03,9.916824e-04,1.552890e-03,5.299657e-03,1.397630e-02
2.147721e-02,7.572091e-03,8.779682e-03,4.181553e-03,1.712928e-02,7.153497e-01,1.895753e-03,1.635306e-01,9.048010e-03,2.562317e-02,7.166920e-03,8.100282e-04,1.208420e-03,5.036221e-03,1.119138e-02
1.790752e-02,5.553234e-03,6.578359e-03,2.995560e-03,1.231442e-02,7.884336e-01,1.371922e-03,1.154355e-01,6.546541e-03,1.814862e-02,9.307776e-03,6.268070e-04,9.292585e-04,5.247928e-03,8.602949e-03
1.519293e-02,4.055545e-03,4.799579e-03,2.137904e-03,8.856039e-03,8.394099e-01,1.005340e-03,8.146551e-02,4.712665e-03,1.281267e-02,1.182614e-02,4.689965e-04,7.917711e-04,5.499271e-03,6.965671e-03
1.138631e-02,3.006059e-03,3.390104e-03,1.507983e-03,6.292680e-03,8.697668e-01,7.158211e-04,5.722241e-02,3.351739e-03,8.980745e-03,2.148985e-02,3.730523e-04,6.344419e-04,6.790846e-03,5.091143e-03
1.323622e-02,2.625944e-03,2.462544e-03,1.148587e-03,4.542938e-03,8.532169e-01,5.158423e-04,4.039476e-02,2.504077e-03,6.336145e-03,5.462675e-02,3.009409e-04,6.247486e-04,1.142931e-02,6.034335e-03
1.217694e-02,2.222340e-03,1.834665e-03,8.617731e-04,3.237065e-03,8.397189e-01,3.696316e-04,2.845239e-02,1.945572e-03,4.475174e-03,8.195351e-02,2.782176e-04,6.277381e-04,1.516710e-02,6.679012e-03
9.048971e-03,1.687490e-03,1.298012e-03,6.071341e-04,2.292825e-03,8.413454e-01,2.622627e-04,2.000347e-02,1.562844e-03,3.157112e-03,7.460575e-02,2.395642e-04,5.254952e-04,3.789527e-02,5.468391e-03
7.869857e-03,1.380294e-03,9.379157e-04,4.286292e-04,1.624431e-03,6.737579e-01,1.945421e-04,1.403406e-02,1.774945e-03,2.459598e-03,7.860617e-02,4.664115e-04,4.838024e-04,2.111601e-01,4.821432e-03
6.011306e-03,1.076607e-03,6.840366e-04,3.042511e-04,1.155257e-03,4.867741e-01,1.622808e-04,9.846007e-03,3.081437e-03,2.177235e-03,8.124086e-02,1.044976e-03,4.175892e-04,4.010992e-01,4.924775e-03
5.109145e-03,9.765510e-04,4.943057e-04,2.243392e-04,8.154939e-04,3.444825e-01,1.798889e-04,6.904982e-03,6.775021e-03,1.979656e-03,7.310575e-02,2.186756e-03,3.973902e-04,5.510461e-01,5.322110e-03
3.813358e-03,1.060578e-03,3.547041e-04,1.613533e-04,5.752496e-04,2.423555e-01,1.481950e-04,4.837623e-03,1.044770e-02,1.786202e-03,5.422716e-02,2.120717e-03,4.098504e-04,6.715060e-01,6.195813e-03
2.745543e-03,9.525369e-04,2.556551e-04,1.158648e-04,4.090390e-04,1.698729e-01,1.155708e-04,3.388996e-03,2.538744e-02,1.634493e-03,4.133919e-02,2.345696e-03,3.571537e-04,7.457023e-01,5.377715e-03
1.972013e-03,1.362437e-03,1.946083e-04,9.705908e-05,3.057971e-04,1.192093e-01,8.878227e-05,2.376195e-03,6.138032e-02,1.360947e-03,3.082466e-02,2.152484e-03,2.992495e-04,7.732971e-01,5.079031e-03
1.491231e-03,2.229503e-03,2.196405e-04,1.196443e-04,3.011280e-04,8.392607e-02,8.887456e-05,1.690489e-03,1.304039e-01,1.509493e-03,2.355219e-02,2.041662e-03,3.021929e-04,7.475911e-01,4.532857e-03
1.207424e-03,8.727058e-03,6.029355e-04,9.086883e-04,3.094282e-03,5.895278e-02,9.111827e-05,1.278551e-03,2.884726e-01,4.637227e-03,1.749689e-02,1.777328e-03,3.653792e-04,6.082769e-01,4.110793e-03
9.154172e-04,8.067463e-03,5.423079e-04,6.969441e-04,2.841990e-03,4.135073e-02,7.539229e-05,9.221194e-04,3.701048e-01,4.912282e-03,1.259531e-02,1.454812e-03,3.402744e-04,5.517387e-01,3.441424e-03
7.772650e-04,6.618286e-03,4.270901e-04,5.369302e-04,2.869010e-03,2.899086e-02,7.025323e-05,6.746905e-04,5.069437e-01,5.164122e-03,9.208752e-03,1.161190e-03,3.099237e-04,4.331943e-01,3.053588e-03
1.455275e-03,7.766103e-03,2.574326e-03,1.422278e-03,5.608740e-03,2.050900e-02,8.802573e-05,5.394409e-04,5.656762e-01,1.430419e-02,8.264259e-03,1.284094e-03,4.374250e-04,3.655143e-01,4.556347e-03
1.725471e-03,9.427075e-03,3.306944e-03,1.427081e-03,8.051483e-03,1.458649e-02,1.014860e-04,4.772846e-04,5.648474e-01,3.158971e-02,7.610378e-03,1.236686e-03,5.085415e-04,3.460068e-01,9.097213e-03
5.154480e-03,1.098152e-02,6.075760e-03,1.620014e-03,9.406869e-03,1.060940e-02,1.171991e-04,6.284438e-04,5.309638e-01,8.096289e-02,6.562401e-03,1.717584e-03,1.052895e-03,3.222713e-01,1.187548e-02
5.261699e-03,8.094951e-03,5.261991e-03,1.352942e-03,7.787909e-03,7.651973e-03,1.027808e-04,6.040477e-04,4.843982e-01,1.196633e-01,5.251776e-03,1.263447e-03,8.713919e-04,3.403924e-01,1.204119e-02
7.792336e-03,5.849597e-03,5.893562e-03,1.029152e-03,7.449672e-03,5.620334e-03,8.903373e-05,7.997179e-04,4.232990e-01,1.824369e-01,4.477048e-03,9.479288e-04,7.230821e-04,3.325598e-01,2.103282e-02
1.029751e-02,4.865930e-03,6.441667e-03,1.493447e-03,1.155460e-02,4.744180e-03,1.560227e-04,3.622162e-03,4.062165e-01,2.392613e-01,5.573371e-03,1.049197e-03,1.887492e-03,2.781715e-01,2.466504e-02
1.300029e-02,4.180968e-03,1.988097e-02,5.502842e-03,1.873771e-02,3.729720e-03,3.741046e-04,1.845314e-02,3.921810e-01,2.759231e-01,8.930298e-03,1.224573e-03,2.988300e-03,2.073539e-01,2.753905e-02
3.626012e-02,7.920815e-03,2.238255e-02,6.879780e-03,5.543966e-02,4.200675e-03,6.353024e-04,2.217267e-02,3.411143e-01,2.716058e-01,8.682419e-03,1.245782e-03,3.677904e-03,1.679308e-01,4.985134e-02
5.416020e-02,1.444650e-02,1.872924e-02,6.978807e-03,1.027104e-01,4.251622e-03,9.813985e-04,2.226990e-02,3.027614e-01,2.787216e-01,7.899579e-03,1.128908e-03,3.606066e-03,1.300071e-01,5.134733e-02
5.729484e-02,1.844621e-02,3.121528e-02,1.246975e-02,7.788082e-02,3.627999e-03,7.823746e-04,1.689307e-02,2.396928e-01,2.513164e-01,6.313450e-03,9.589948e-04,3.319359e-03,9.214976e-02,1.876389e-01
7.100566e-02,4.575884e-02,4.994443e-02,2.218215e-02,8.951987e-02,4.645346e-03,1.142096e-03,5.947221e-02,2.293512e-01,1.903640e-01,5.777271e-03,8.830726e-04,3.152248e-03,7.333817e-02,1.534635e-01
7.458091e-02,5.267571e-02,4.297604e-02,1.983223e-02,1.655979e-01,1.628575e-02,1.469987e-03,7.001478e-02,2.429487e-01,1.380042e-01,4.496436e-03,6.941027e-04,2.768962e-03,5.804422e-02,1.096100e-01
8.426888e-02,5.085894e-02,3.237033e-02,2.550842e-02,2.224182e-01,2.514642e-02,2.922706e-03,6.373315e-02,2.661712e-01,9.832027e-02,3.708045e-03,7.196681e-04,2.591963e-03,4.313007e-02,7.813170e-02
1.041400e-01,4.500445e-02,2.407674e-02,2.958402e-02,2.427083e-01,3.442711e-02,4.110620e-03,4.879639e-02,3.004137e-01,7.053579e-02,3.268721e-03,7.290593e-04,2.714699e-03,3.307903e-02,5.641147e-02
9.536076e-02,4.308875e-02,2.006217e-02,2.680331e-02,2.267411e-01,3.052197e-02,3.226642e-03,1.477612e-01,2.875006e-01,4.947507e-02,2.742884e-03,9.399475e-04,2.380975e-03,2.367072e-02,3.972393e-02
1.154911e-01,5.814560e-02,1.589620e-02,2.465325e-02,2.207360e-01,8.910194e-02,3.302799e-03,1.067129e-01,2.691045e-01,3.486877e-02,3.286865e-03,1.562199e-03,5.503699e-03,1.870303e-02,3.293121e-02
1.422474e-01,7.711682e-02,1.220891e-02,2.764411e-02,1.893339e-01,1.217661e-01,3.899859e-03,7.695598e-02,2.682894e-01,2.483424e-02,4.545934e-03,3.182717e-03,5.677174e-03,1.610603e-02,2.619151e-02
2.237308e-01,6.988087e-02,9.088253e-03,3.035083e-02,1.499642e-01,1.517051e-01,3.523786e-03,5.511843e-02,2.372985e-01,1.850668e-02,5.569161e-03,4.603214e-03,5.262902e-03,1.428191e-02,2.111548e-02
3.370920e-01,6.439361e-02,7.063939e-03,3.593703e-02,1.172889e-01,1.268759e-01,3.345614e-03,4.183540e-02,1.988051e-01,1.391582e-02,6.171432e-03,8.277894e-03,6.816631e-03,1.301086e-02,1.916984e-02
4.619121e-01,5.186412e-02,7.493331e-03,3.360227e-02,8.835495e-02,9.356297e-02,4.142407e-03,3.912425e-02,1.521514e-01,1.055995e-02,6.965253e-03,1.174210e-02,9.534594e-03,1.228652e-02,1.670382e-02
3.487504e-01,3.686468e-02,7.961930e-03,2.457463e-02,6.594970e-02,6.710207e-02,5.773058e-03,2.837512e-01,1.076495e-01,7.543091e-03,6.503956e-03,8.978032e-03,7.614786e-03,8.781099e-03,1.220177e-02
2.740435e-01,2.690897e-02,1.078429e-02,1.861927e-02,5.008739e-02,5.016909e-02,9.941680e-03,4.436689e-01,7.601452e-02,5.471441e-03,5.438111e-03,7.070368e-03,6.234312e-03,6.396510e-03,9.151650e-03
3.275255e-01,2.140278e-02,1.166746e-02,1.501788e-02,5.896117e-02,5.101067e-02,1.076089e-02,4.110563e-01,5.425173e-02,4.572287e-03,6.633994e-03,7.402388e-03,7.080911e-03,4.988371e-03,7.667664e-03
2.719976e-01,1.657798e-02,9.981140e-03,1.255839e-02,1.047090e-01,6.027571e-02,1.310445e-02,4.321935e-01,3.830614e-02,3.995158e-03,7.987648e-03,7.580893e-03,9.787712e-03,4.205455e-03,6.739231e-03
3.180988e-01,1.235525e-02,7.936622e-03,1.234358e-02,8.138485e-02,5.687426e-02,9.997425e-03,3.398733e-01,3.021381e-02,6.183935e-03,2.358062e-02,3.427064e-02,5.036370e-02,7.146836e-03,9.376355e-03
2.531578e-01,9.931248e-03,6.600993e-03,1.382831e-02,6.714039e-02,5.052023e-02,9.514458e-03,2.507485e-01,2.448101e-02,1.026705e-02,5.560103e-02,7.361441e-02,1.470797e-01,8.759798e-03,1.875507e-02
2.465256e-01,7.572030e-03,5.209751e-03,1.160990e-02,5.956677e-02,4.186660e-02,1.107433e-02,1.793828e-01,1.987438e-02,1.189561e-02,5.697141e-02,9.896725e-02,2.236781e-01,7.401256e-03,1.840433e-02
2.777654e-01,9.060289e-03,6.154623e-03,1.705014e-02,6.064880e-02,4.158163e-02,9.485820e-03,1.278619e-01,2.649689e-02,9.290114e-03,5.081255e-02,1.280374e-01,2.088775e-01,7.905344e-03,1.897165e-02
2.398999e-01,8.011064e-03,4.860649e-03,1.475907e-02,5.765753e-02,3.200818e-02,9.227500e-03,9.126452e-02,3.003930e-02,7.170981e-03,5.153856e-02,1.924213e-01,2.382897e-01,8.192266e-03,1.465954e-02
2.325207e-01,8.574725e-03,5.960722e-03,1.260972e-02,5.991482e-02,2.560125e-02,9.173535e-03,6.736241e-02,3.190063e-02,6.310469e-03,4.214898e-02,2.399446e-01,2.369944e-01,8.321662e-03,1.266133e-02
1.766774e-01,6.927101e-03,5.016590e-03,1.011079e-02,4.619217e-02,2.084695e-02,7.453332e-03,4.915357e-02,3.179720e-02,8.458391e-03,3.404982e-02,3.414205e-01,2.438879e-01,8.208554e-03,9.799667e-03
1.551862e-01,6.262089e-03,5.514015e-03,8.046767e-03,1.138853e-01,1.946774e-02,7.236717e-03,4.202744e-02,8.427002e-02,8.467933e-03,3.077396e-02,2.842779e-01,2.207545e-01,6.434938e-03,7.394537e-03
1.386817e-01,1.533766e-02,6.168899e-02,6.121579e-03,1.063075e-01,2.302967e-02,7.501526e-03,3.337999e-02,1.364413e-01,1.186197e-02,2.966360e-02,2.486463e-01,1.697637e-01,5.938827e-03,5.635824e-03
1.248715e-01,1.434069e-02,8.548632e-02,5.438243e-03,1.084635e-01,4.119219e-02,1.615202e-02,4.655390e-02,1.434956e-01,1.276614e-02,2.592355e-02,2.233420e-01,1.428891e-01,4.901148e-03,4.184073e-03
1.085239e-01,1.509130e-02,2.043884e-01,6.930390e-03,1.052802e-01,3.509191e-02,1.171204e-02,3.669865e-02,1.496985e-01,1.135165e-02,2.320445e-02,1.796149e-01,1.050647e-01,3.958600e-03,3.390454e-03
8.689590e-02,1.169972e-02,3.615112e-01,4.340095e-02,7.960999e-02,2.679173e-02,8.339043e-03,3.066651e-02,1.133282e-01,8.440992e-03,1.891059e-02,1.274859e-01,7.721531e-02,3.111696e-03,2.592251e-03
9.484097e-02,1.276188e-02,4.395663e-01,3.772525e-02,7.844714e-02,1.998249e-02,6.424265e-03,2.265760e-02,9.528032e-02,8.982401e-03,2.385146e-02,9.540500e-02,5.857399e-02,2.982282e-03,2.518694e-03
9.792928e-02,1.173941e-02,4.013786e-01,4.649106e-02,1.442635e-01,1.598031e-02,7.058057e-03,1.680037e-02,8.346812e-02,9.153153e-03,2.996483e-02,7.973427e-02,4.967521e-02,3.900207e-03,2.463560e-03
1.003270e-01,1.723932e-02,3.459674e-01,5.071555e-02,1.573816e-01,1.441386e-02,7.434811e-03,1.209481e-02,1.014550e-01,1.781975e-02,4.788157e-02,6.517079e-02,4.343801e-02,5.563296e-03,1.309721e-02
1.560831e-01,2.446740e-02,2.743173e-01,3.986685e-02,1.727678e-01,1.537546e-02,6.102498e-03,8.898645e-03,9.360606e-02,1.920651e-02,6.831450e-02,5.134835e-02,3.542157e-02,1.120793e-02,2.301595e-02
1.566798e-01,2.035525e-02,3.120997e-01,6.629655e-02,1.288575e-01,1.313434e-02,4.947326e-03,1.102685e-02,7.810752e-02,3.389022e-02,6.252985e-02,3.810492e-02,2.902348e-02,1.024564e-02,3.470103e-02
1.537777e-01,1.645011e-02,3.741786e-01,6.097624e-02,9.699961e-02,1.143400e-02,3.673524e-03,8.514992e-03,5.911703e-02,4.389966e-02,5.973410e-02,2.949167e-02,2.411414e-02,7.871423e-03,4.976718e-02
1.184848e-01,1.896716e-02,4.674944e-01,4.716178e-02,6.914779e-02,1.232187e-02,2.644824e-03,6.306047e-03,4.899131e-02,5.739483e-02,4.323934e-02,2.095352e-02,1.738421e-02,5.847401e-03,6.366076e-02
1.176098e-01,2.614747e-02,4.680484e-01,3.786817e-02,4.907841e-02,2.241948e-02,1.952527e-03,4.717086e-03,4.221149e-02,6.081728e-02,3.162431e-02,1.524351e-02,1.371038e-02,4.756307e-03,1.037954e-01
9.656826e-02,5.829076e-02,4.175965e-01,3.568194e-02,3.492441e-02,1.893445e-02,1.429431e-03,3.625018e-03,7.176854e-02,7.722320e-02,2.509078e-02,1.128499e-02,1.151366e-02,5.629985e-03,1.304381e-01
7.583464e-02,6.714590e-02,3.502044e-01,1.008954e-01,2.510067e-02,1.459719e-02,1.127047e-03,3.075143e-03,1.301027e-01,6.262363e-02,1.992720e-02,8.302908e-03,1.309401e-02,4.569849e-03,1.233993e-01
8.844499e-02,9.400179e-02,3.262989e-01,1.314472e-01,2.785633e-02,2.504852e-02,1.264317e-03,5.046545e-03,1.144368e-01,4.796142e-02,1.986735e-02,7.247642e-03,1.281484e-02,6.460917e-03,9.180240e-02
9.253860e-02,1.322270e-01,3.165925e-01,1.302688e-01,3.097320e-02,2.254223e-02,1.346105e-03,1.826750e-02,1.094994e-01,3.827121e-02,1.536404e-02,5.445307e-03,1.161247e-02,5.495554e-03,6.955615e-02
8.012782e-02,1.183751e-01,2.881854e-01,1.956826e-01,2.490311e-02,1.776901e-02,1.349352e-03,2.044476e-02,1.393747e-01,2.888181e-02,1.184273e-02,3.986594e-03,9.739446e-03,4.227004e-03,5.511054e-02
7.828395e-02,1.029615e-01,3.965541e-01,1.608483e-01,2.174179e-02,1.693469e-02,1.286718e-03,2.294734e-02,1.116504e-01,2.201235e-02,8.883812e-03,2.902660e-03,7.435584e-03,3.581720e-03,4.197507e-02
1.090118e-01,1.160335e-01,4.127771e-01,1.382107e-01,2.586420e-02,1.445456e-02,1.368591e-03,2.173516e-02,8.947930e-02,1.747609e-02,7.241538e-03,2.570484e-03,5.976840e-03,3.559689e-03,3.424044e-02
1.161513e-01,1.739519e-01,3.613412e-01,1.258308e-01,3.352875e-02,1.198521e-02,1.313185e-03,2.488456e-02,8.924866e-02,1.436928e-02,6.222086e-03,2.962451e-03,4.820582e-03,3.035830e-03,3.035420e-02
9.590634e-02,1.450139e-01,3.517689e-01,1.907880e-01,3.299662e-02,9.737365e-03,1.403068e-03,2.847616e-02,8.354231e-02,1.289482e-02,5.038789e-03,2.462314e-03,3.658813e-03,2.280816e-03,3.403180e-02
1.000318e-01,1.847741e-01,3.151929e-01,1.840647e-01,3.249886e-02,8.455384e-03,1.523706e-03,3.941429e-02,8.381072e-02,1.075450e-02,4.116612e-03,1.854032e-03,2.794585e-03,1.850842e-03,2.886300e-02
1.318591e-01,1.779437e-01,2.869865e-01,1.702870e-01,3.636716e-02,9.122360e-03,2.147288e-03,3.533879e-02,8.694719e-02,1.153732e-02,5.097265e-03,2.356010e-03,2.973654e-03,2.562056e-03,3.847466e-02
2.247999e-01,1.588984e-01,2.394429e-01,1.442209e-01,3.722101e-02,1.117926e-02,2.115627e-03,2.826063e-02,7.086250e-02,1.609051e-02,8.805377e-03,5.077986e-03,3.590597e-03,4.930400e-03,4.450405e-02
2.925470e-01,1.540528e-01,1.991392e-01,1.274478e-01,3.193067e-02,1.104189e-02,1.794267e-03,2.555148e-02,5.928592e-02,1.574400e-02,1.440150e-02,8.808592e-03,4.824935e-03,8.478311e-03,4.495168e-02
2.586751e-01,1.232664e-01,2.542156e-01,1.494145e-01,2.852432e-02,1.402311e-02,1.714870e-03,2.673302e-02,4.705665e-02,1.504382e-02,1.430305e-02,1.063171e-02,4.978195e-03,1.001248e-02,4.140721e-02
2.635816e-01,1.029569e-01,2.786064e-01,1.500302e-01,2.318062e-02,1.694329e-02,1.475614e-03,2.215926e-02,3.555885e-02,1.867891e-02,1.481880e-02,1.085892e-02,4.202241e-03,1.740371e-02,3.954466e-02
1.897354e-01,8.285022e-02,3.540716e-01,1.493028e-01,1.634625e-02,1.410918e-02,1.044938e-03,1.650107e-02,2.896653e-02,1.483205e-02,6.078149e-02,8.174041e-03,5.421869e-03,2.851540e-02,2.934718e-02
1.506592e-01,7.013198e-02,2.648982e-01,1.136577e-01,1.203416e-02,1.550962e-02,8.446636e-04,1.379779e-02,2.650021e-02,1.795483e-02,1.660375e-01,8.638822e-03,1.188471e-02,9.822340e-02,2.922722e-02
1.451436e-01,5.507581e-02,1.978654e-01,8.537829e-02,9.024005e-03,3.004408e-02,7.876235e-04,1.301687e-02,2.122068e-02,1.488104e-02,2.364856e-01,8.474535e-03,1.117591e-02,1.478421e-01,2.358444e-02
1.347741e-01,4.041073e-02,1.478978e-01,6.596272e-02,7.489625e-03,2.552469e-02,8.069652e-04,1.098073e-02,1.774046e-02,1.142371e-02,3.530326e-01,1.292181e-02,9.151708e-03,1.443446e-01,1.753783e-02
1.115331e-01,2.989148e-02,1.082000e-01,4.994871e-02,6.070850e-03,2.154661e-02,7.061322e-04,8.408247e-03,1.502502e-02,8.585429e-03,4.594947e-01,1.683285e-02,8.120300e-03,1.423405e-01,1.329608e-02
8.029796e-02,2.175277e-02,7.602090e-02,3.840208e-02,5.551704e-03,1.648133e-02,6.080823e-04,6.061109e-03,1.177965e-02,6.600424e-03,5.972341e-01,1.479089e-02,6.427119e-03,1.074146e-01,1.057732e-02
5.861846e-02,1.586091e-02,5.335908e-02,2.773316e-02,5.205435e-03,1.202428e-02,5.323095e-04,4.471196e-03,8.713961e-03,5.175217e-03,6.796019e-01,1.365755e-02,5.232632e-03,1.017541e-01,8.059845e-03
4.183046e-02,1.135944e-02,3.751624e-02,1.974015e-02,4.993198e-03,9.596440e-03,4.146330e-04,3.310705e-03,6.705216e-03,3.941606e-03,7.100598e-01,1.199545e-02,4.281429e-03,1.279050e-01,6.350255e-03
3.132046e-02,8.150362e-03,2.639879e-02,1.416637e-02,4.327817e-03,7.721409e-03,3.231833e-04,2.527404e-03,6.804758e-03,3.279210e-03,6.739622e-01,1.186693e-02,3.467517e-03,2.000216e-01,5.662067e-03
2.300678e-02,5.832175e-03,1.860882e-02,1.015771e-02,4.062014e-03,6.299194e-03,2.710328e-04,1.924827e-03,8.335357e-03,3.362974e-03,5.958710e-01,1.231609e-02,2.767858e-03,3.021281e-01,5.056054e-03
1.700503e-02,4.358812e-03,1.353433e-02,7.399889e-03,5.303812e-03,5.350805e-03,2.982492e-04,1.623575e-03,8.625505e-03,4.991135e-03,5.540862e-01,1.165571e-02,2.247196e-03,3.592863e-01,4.233482e-03
1.254856e-02,3.204497e-03,1.000127e-02,5.361258e-03,5.239803e-03,4.161692e-03,2.769160e-04,1.490486e-03,1.458556e-02,4.943415e-03,4.926741e-01,1.154290e-02,1.775756e-03,4.290879e-01,3.105861e-03
9.062218e-03,2.619196e-03,7.246349e-03,3.869757e-03,5.051019e-03,3.363280e-03,2.336446e-04,1.178145e-03,1.815092e-02,4.579546e-03,4.532915e-01,1.084038e-02,1.363338e-03,4.768727e-01,2.277980e-03
7.687042e-03,3.644708e-03,6.883009e-03,3.400539e-03,6.555900e-03,3.944729e-03,3.008769e-04,1.164916e-03,2.981503e-02,6.305986e-03,4.201150e-01,9.508176e-03,1.125147e-03,4.975106e-01,2.038411e-03
5.736264e-03,3.097629e-03,6.225858e-03,2.619952e-03,5.726165e-03,5.342836e-03,2.352297e-04,8.854541e-04,5.698736e-02,6.611706e-03,3.467412e-01,8.330110e-03,9.172059e-04,5.489192e-01,1.623901e-03
7.605476e-03,4.623780e-03,1.164507e-02,2.492830e-03,4.658136e-03,6.029306e-03,2.002288e-04,1.026861e-03,1.414012e-01,6.428102e-03,2.875097e-01,6.400984e-03,7.579252e-04,5.171455e-01,2.074937e-03
6.498083e-03,3.939528e-03,8.580941e-03,1.796915e-03,3.766334e-03,5.001414e-03,1.456310e-04,7.501185e-04,2.984212e-01,5.509425e-03,2.226190e-01,5.401959e-03,5.749944e-04,4.342235e-01,2.770912e-03
7.902784e-03,3.759417e-03,6.581378e-03,1.381614e-03,4.393391e-03,4.107538e-03,1.081920e-04,5.634004e-04,4.318998e-01,6.385535e-03,1.694247e-01,4.683219e-03,4.736545e-04,3.503487e-01,7.986702e-03
1.132484e-02,3.614989e-03,5.846658e-03,1.046275e-03,6.490828e-03,3.535061e-03,8.605496e-05,4.242903e-04,4.455457e-01,6.856877e-03,2.163329e-01,3.583201e-03,3.589033e-04,2.614428e-01,3.351052e-02
1.971484e-02,3.124906e-03,7.266746e-03,1.347539e-03,9.021617e-03,3.382493e-03,8.128744e-05,9.378878e-04,4.743641e-01,6.392597e-03,2.290005e-01,2.872889e-03,3.160971e-04,1.905635e-01,5.161294e-02
2.451332e-02,5.076236e-03,5.897288e-03,4.215945e-03,1.792495e-02,3.267655e-03,8.670140e-05,7.930849e-04,4.351410e-01,5.913048e-03,1.676722e-01,2.287750e-03,6.273343e-04,1.375849e-01,1.889987e-01
3.507977e-02,8.779141e-03,4.754983e-03,4.469834e-03,3.002079e-02,3.964602e-03,1.067469e-04,2.362918e-03,4.960169e-01,5.221924e-03,1.535434e-01,2.132728e-03,1.835860e-03,1.088626e-01,1.428478e-01
3.181665e-02,1.193853e-02,3.824204e-03,4.487721e-03,2.529285e-02,3.609419e-03,1.275430e-04,2.838493e-03,5.886133e-01,5.226797e-03,1.130582e-01,1.855822e-03,3.972683e-03,7.867903e-02,1.246587e-01
2.430083e-02,1.531063e-02,3.154591e-03,5.171183e-03,1.894712e-02,2.946224e-03,9.973615e-05,2.253256e-03,6.734725e-01,5.048369e-03,7.969757e-02,1.404197e-03,3.138210e-03,5.577133e-02,1.092842e-01
3.430837e-02,2.453773e-02,5.424129e-03,5.796168e-03,5.485281e-02,1.017309e-02,2.005405e-04,4.431366e-03,6.433371e-01,4.059381e-03,7.135648e-02,1.838188e-03,2.868061e-03,5.264336e-02,8.417322e-02
