1.000000e+00,0.000000e+00,0.000000e+00,0.000000e+00,0.000000e+00,0.000000e+00,0.000000e+00,0.000000e+00,0.000000e+00,0.000000e+00,0.000000e+00,0.000000e+00,0.000000e+00,0.000000e+00,0.000000e+00
1.000000e+00,0.000000e+00,0.000000e+00,0.000000e+00,0.000000e+00,0.000000e+00,0.000000e+00,0.000000e+00,0.000000e+00,0.000000e+00,0.000000e+00,0.000000e+00,0.000000e+00,0.000000e+00,0.000000e+00
1.000000e+00,0.000000e+00,0.000000e+00,0.000000e+00,0.000000e+00,0.000000e+00,0.000000e+00,0.000000e+00,0.000000e+00,0.000000e+00,0.000000e+00,0.000000e+00,0.000000e+00,0.000000e+00,0.000000e+00
1.000000e+00,0.000000e+00,0.000000e+00,0.000000e+00,0.000000e+00,0.000000e+00,0.000000e+00,0.000000e+00,0.000000e+00,0.000000e+00,0.000000e+00,0.000000e+00,0.000000e+00,0.000000e+00,0.000000e+00
1.000000e+00,0.000000e+00,0.000000e+00,0.000000e+00,0.000000e+00,0.000000e+00,0.000000e+00,0.000000e+00,0.000000e+00,0.000000e+00,0.000000e+00,0.000000e+00,0.000000e+00,0.000000e+00,0.000000e+00
1.000000e+00,0.000000e+00,0.000000e+00,0.000000e+00,0.000000e+00,0.000000e+00,0.000000e+00,0.000000e+00,0.000000e+00,0.000000e+00,0.000000e+00,0.000000e+00,0.000000e+00,0.000000e+00,0.000000e+00
1.000000e+00,0.000000e+00,0.000000e+00,0.000000e+00,0.000000e+00,0.000000e+00,0.000000e+00,0.000000e+00,0.000000e+00,0.000000e+00,0.000000e+00,0.000000e+00,0.000000e+00,0.000000e+00,0.000000e+00
1.000000e+00,0.000000e+00,0.000000e+00,0.000000e+00,0.000000e+00,0.000000e+00,0.000000e+00,0.000000e+00,0.000000e+00,0.000000e+00,0.000000e+00,0.000000e+00,0.000000e+00,0.000000e+00,0.000000e+00
1.000000e+00,0.000000e+00,0.000000e+00,0.000000e+00,0.000000e+00,0.000000e+00,0.000000e+00,0.000000e+00,0.000000e+00,0.000000e+00,0.000000e+00,0.000000e+00,0.000000e+00,0.000000e+00,0.000000e+00
1.000000e+00,0.000000e+00,0.000000e+00,0.000000e+00,0.000000e+00,0.000000e+00,0.000000e+00,0.000000e+00,0.000000e+00,0.000000e+00,0.000000e+00,0.000000e+00,0.000000e+00,0.000000e+00,0.000000e+00
1.000000e+00,0.000000e+00,0.000000e+00,0.000000e+00,0.000000e+00,0.000000e+00,0.000000e+00,0.000000e+00,0.000000e+00,0.000000e+00,0.000000e+00,0.000000e+00,0.000000e+00,0.000000e+00,0.000000e+00
1.000000e+00,0.000000e+00,0.000000e+00,0.000000e+00,0.000000e+00,0.000000e+00,0.000000e+00,0.000000e+00,0.000000e+00,0.000000e+00,0.000000e+00,0.000000e+00,0.000000e+00,0.000000e+00,0.000000e+00
1.000000e+00,0.000000e+00,0.000000e+00,0.000000e+00,0.000000e+00,0.000000e+00,0.000000e+00,0.000000e+00,0.000000e+00,0.000000e+00,0.000000e+00,0.000000e+00,0.000000e+00,0.000000e+00,0.000000e+00
1.000000e+00,0.000000e+00,0.000000e+00,0.000000e+00,0.000000e+00,0.000000e+00,0.000000e+00,0.000000e+00,0.000000e+00,0.000000e+00,0.000000e+00,0.000000e+00,0.000000e+00,0.000000e+00,0.000000e+00
1.000000e+00,0.000000e+00,0.000000e+00,0.000000e+00,0.000000e+00,0.000000e+00,0.000000e+00,0.000000e+00,0.000000e+00,0.000000e+00,0.000000e+00,0.000000e+00,0.000000e+00,0.000000e+00,0.000000e+00
1.000000e+00,0.000000e+00,0.000000e+00,0.000000e+00,0.000000e+00,0.000000e+00,0.000000e+00,0.000000e+00,0.000000e+00,0.000000e+00,0.000000e+00,0.000000e+00,0.000000e+00,0.000000e+00,0.000000e+00
1.000000e+00,0.000000e+00,0.000000e+00,0.000000e+00,0.000000e+00,0.000000e+00,0.000000e+00,0.000000e+00,0.000000e+00,0.000000e+00,0.000000e+00,0.000000e+00,0.000000e+00,0.000000e+00,0.000000e+00
1.000000e+00,0.000000e+00,0.000000e+00,0.000000e+00,0.000000e+00,0.000000e+00,0.000000e+00,0.000000e+00,0.000000e+00,0.000000e+00,0.000000e+00,0.000000e+00,0.000000e+00,0.000000e+00,0.000000e+00
1.000000e+00,0.000000e+00,0.000000e+00,0.000000e+00,0.000000e+00,0.000000e+00,0.000000e+00,0.000000e+00,0.000000e+00,0.000000e+00,0.000000e+00,0.000000e+00,0.000000e+00,0.000000e+00,0.000000e+00
1.000000e+00,0.000000e+00,0.000000e+00,0.000000e+00,0.000000e+00,0.000000e+00,0.000000e+00,0.000000e+00,0.000000e+00,0.000000e+00,0.000000e+00,0.000000e+00,0.000000e+00,0.000000e+00,0.000000e+00
1.000000e+00,0.000000e+00,0.000000e+00,0.000000e+00,0.000000e+00,0.000000e+00,0.000000e+00,0.000000e+00,0.000000e+00,0.000000e+00,0.000000e+00,0.000000e+00,0.000000e+00,0.000000e+00,0.000000e+00
1.000000e+00,0.000000e+00,0.000000e+00,0.000000e+00,0.000000e+00,0.000000e+00,0.000000e+00,0.000000e+00,0.000000e+00,0.000000e+00,0.000000e+00,0.000000e+00,0.000000e+00,0.000000e+00,0.000000e+00
1.000000e+00,0.000000e+00,0.000000e+00,0.000000e+00,0.000000e+00,0.000000e+00,0.000000e+00,0.000000e+00,0.000000e+00,0.000000e+00,0.000000e+00,0.000000e+00,0.000000e+00,0.000000e+00,0.000000e+00
1.000000e+00,0.000000e+00,0.000000e+00,0.000000e+00,0.000000e+00,0.000000e+00,0.000000e+00,0.000000e+00,0.000000e+00,0.000000e+00,0.000000e+00,0.000000e+00,0.000000e+00,0.000000e+00,0.000000e+00
1.000000e+00,0.000000e+00,0.000000e+00,0.000000e+00,0.000000e+00,0.000000e+00,0.000000e+00,0.000000e+00,0.000000e+00,0.000000e+00,0.000000e+00,0.000000e+00,0.000000e+00,0.000000e+00,0.000000e+00
1.000000e+00,0.000000e+00,0.000000e+00,0.000000e+00,0.000000e+00,0.000000e+00,0.000000e+00,0.000000e+00,0.000000e+00,0.000000e+00,0.000000e+00,0.000000e+00,0.000000e+00,0.000000e+00,0.000000e+00
1.000000e+00,0.000000e+00,0.000000e+00,0.000000e+00,0.000000e+00,0.000000e+00,0.000000e+00,0.000000e+00,0.000000e+00,0.000000e+00,0.000000e+00,0.000000e+00,0.000000e+00,0.000000e+00,0.000000e+00
1.000000e+00,0.000000e+00,0.000000e+00,0.000000e+00,0.000000e+00,0.000000e+00,0.000000e+00,0.000000e+00,0.000000e+00,0.000000e+00,0.000000e+00,0.000000e+00,0.000000e+00,0.000000e+00,0.000000e+00
1.000000e+00,0.000000e+00,0.000000e+00,0.000000e+00,0.000000e+00,0.000000e+00,0.000000e+00,0.000000e+00,0.000000e+00,0.000000e+00,0.000000e+00,0.000000e+00,0.000000e+00,0.000000e+00,0.000000e+00
1.000000e+00,0.000000e+00,0.000000e+00,0.000000e+00,0.000000e+00,0.000000e+00,0.000000e+00,0.000000e+00,0.000000e+00,0.000000e+00,0.000000e+00,0.000000e+00,0.000000e+00,0.000000e+00,0.000000e+00
1.000000e+00,0.000000e+00,0.000000e+00,0.000000e+00,0.000000e+00,0.000000e+00,0.000000e+00,0.000000e+00,0.000000e+00,0.000000e+00,0.000000e+00,0.000000e+00,0.000000e+00,0.000000e+00,0.000000e+00
1.000000e+00,0.000000e+00,0.000000e+00,0.000000e+00,0.000000e+00,0.000000e+00,0.000000e+00,0.000000e+00,0.000000e+00,0.000000e+00,0.000000e+00,0.000000e+00,0.000000e+00,0.000000e+00,0.000000e+00
1.000000e+00,0.000000e+00,0.000000e+00,0.000000e+00,0.000000e+00,0.000000e+00,0.000000e+00,0.000000e+00,0.000000e+00,0.000000e+00,0.000000e+00,0.000000e+00,0.000000e+00,0.000000e+00,0.000000e+00
1.000000e+00,0.000000e+00,0.000000e+00,0.000000e+00,0.000000e+00,0.000000e+00,0.000000e+00,0.000000e+00,0.000000e+00,0.000000e+00,0.000000e+00,0.000000e+00,0.000000e+00,0.000000e+00,0.000000e+00
1.000000e+00,0.000000e+00,0.000000e+00,0.000000e+00,0.000000e+00,0.000000e+00,0.000000e+00,0.000000e+00,0.000000e+00,0.000000e+00,0.000000e+00,0.000000e+00,0.000000e+00,0.000000e+00,0.000000e+00
1.000000e+00,0.000000e+00,0.000000e+00,0.000000e+00,0.000000e+00,0.000000e+00,0.000000e+00,0.000000e+00,0.000000e+00,0.000000e+00,0.000000e+00,0.000000e+00,0.000000e+00,0.000000e+00,0.000000e+00
1.000000e+00,0.000000e+00,0.000000e+00,0.000000e+00,0.000000e+00,0.000000e+00,0.000000e+00,0.000000e+00,0.000000e+00,0.000000e+00,0.000000e+00,0.000000e+00,0.000000e+00,0.000000e+00,0.000000e+00
1.000000e+00,0.000000e+00,0.000000e+00,0.000000e+00,0.000000e+00,0.000000e+00,0.000000e+00,0.000000e+00,0.000000e+00,0.000000e+00,0.000000e+00,0.000000e+00,0.000000e+00,0.000000e+00,0.000000e+00
1.000000e+00,0.000000e+00,0.000000e+00,0.000000e+00,0.000000e+00,0.000000e+00,0.000000e+00,0.000000e+00,0.000000e+00,0.000000e+00,0.000000e+00,0.000000e+00,0.000000e+00,0.000000e+00,0.000000e+00
1.000000e+00,0.000000e+00,0.000000e+00,0.000000e+00,0.000000e+00,0.000000e+00,0.000000e+00,0.000000e+00,0.000000e+00,0.000000e+00,0.000000e+00,0.000000e+00,0.000000e+00,0.000000e+00,0.000000e+00
1.000000e+00,0.000000e+00,0.000000e+00,0.000000e+00,0.000000e+00,0.000000e+00,0.000000e+00,0.000000e+00,0.000000e+00,0.000000e+00,0.000000e+00,0.000000e+00,0.000000e+00,0.000000e+00,0.000000e+00
1.000000e+00,0.000000e+00,0.000000e+00,0.000000e+00,0.000000e+00,0.000000e+00,0.000000e+00,0.000000e+00,0.000000e+00,0.000000e+00,0.000000e+00,0.000000e+00,0.000000e+00,0.000000e+00,0.000000e+00
1.000000e+00,0.000000e+00,0.000000e+00,0.000000e+00,0.000000e+00,0.000000e+00,0.000000e+00,0.000000e+00,0.000000e+00,0.000000e+00,0.000000e+00,0.000000e+00,0.000000e+00,0.000000e+00,0.000000e+00
4.222669e-01,6.857455e-03,3.701936e-02,3.983188e-02,5.828371e-03,1.913966e-02,5.639897e-03,3.667294e-01,3.446493e-03,8.829509e-04,8.366397e-03,3.905239e-02,3.617018e-02,1.656778e-03,7.111765e-03
3.089973e-01,4.843343e-03,2.767341e-02,2.880308e-02,4.365332e-03,1.402110e-02,4.478503e-03,5.375961e-01,2.442575e-03,6.330264e-04,6.067757e-03,2.756127e-02,2.619693e-02,1.260297e-03,5.059948e-03
2.205385e-01,3.408266e-03,1.976508e-02,2.052467e-02,3.279527e-03,1.004258e-02,3.468766e-03,6.702733e-01,1.718042e-03,4.467213e-04,4.291420e-03,1.933833e-02,1.843660e-02,9.090471e-04,3.559036e-03
1.597193e-01,2.415828e-03,1.416579e-02,1.469256e-02,2.707977e-03,7.370729e-03,2.725771e-03,7.616966e-01,1.219037e-03,3.191397e-04,3.053090e-03,1.369673e-02,1.303778e-02,6.704400e-04,2.509110e-03
1.155085e-01,1.704555e-03,1.015103e-02,1.082234e-02,2.498848e-03,5.336196e-03,2.113196e-03,8.274183e-01,8.613203e-04,2.290769e-04,2.162706e-03,9.714261e-03,9.228881e-03,4.833635e-04,1.767370e-03
8.653694e-02,1.247114e-03,7.318473e-03,8.048617e-03,4.826837e-03,3.942761e-03,1.650215e-03,8.687349e-01,6.277676e-04,1.871397e-04,1.567857e-03,7.064053e-03,6.636254e-03,3.489583e-04,1.262027e-03
6.584383e-02,9.395430e-04,5.268313e-03,5.821330e-03,7.209421e-03,2.975844e-03,1.504421e-03,8.970751e-01,4.902454e-04,2.140399e-04,1.169804e-03,5.267132e-03,5.012068e-03,2.617666e-04,9.471496e-04
5.940440e-02,7.561755e-04,3.793103e-03,4.296250e-03,9.224758e-03,2.357691e-03,1.334533e-03,9.080656e-01,4.064063e-04,2.683334e-04,9.174432e-04,4.118065e-03,4.054842e-03,2.111125e-04,7.912588e-04
6.107607e-02,6.538267e-04,2.900347e-03,3.335046e-03,9.415659e-03,2.043951e-03,1.439931e-03,9.091487e-01,3.712925e-04,3.495743e-04,7.721717e-04,3.786934e-03,3.697144e-03,2.339563e-04,7.754289e-04
7.426585e-02,6.391638e-04,2.446963e-03,2.840896e-03,1.020235e-02,1.756446e-03,1.349698e-03,8.971466e-01,3.490782e-04,4.363160e-04,6.939194e-04,3.315716e-03,3.457850e-03,2.917003e-04,8.075689e-04
8.351556e-02,5.669370e-04,2.017838e-03,2.307253e-03,1.038356e-02,1.552720e-03,1.216664e-03,8.901221e-01,3.362202e-04,4.245512e-04,6.082073e-04,2.848312e-03,3.031346e-03,2.844736e-04,7.844003e-04
1.224330e-01,5.670026e-04,1.665151e-03,1.943787e-03,8.896887e-03,1.975591e-03,1.106640e-03,8.523055e-01,3.474685e-04,4.239012e-04,7.095044e-04,3.521227e-03,2.901022e-03,3.038237e-04,8.995989e-04
2.387950e-01,6.274023e-04,1.726886e-03,1.683744e-03,7.312981e-03,3.323630e-03,1.223011e-03,7.327502e-01,3.800184e-04,4.631605e-04,8.059426e-04,5.990642e-03,3.267654e-03,3.261475e-04,1.323744e-03
3.384186e-01,6.646515e-04,2.076182e-03,1.633600e-03,6.132075e-03,5.483567e-03,1.740264e-03,6.256865e-01,4.356712e-04,5.089811e-04,9.332626e-04,1.031123e-02,3.838064e-03,3.882477e-04,1.749114e-03
2.769572e-01,5.832995e-04,2.872263e-03,1.498270e-03,5.454971e-03,5.355217e-03,2.768984e-03,6.888971e-01,3.646791e-04,3.977532e-04,7.402310e-04,8.938014e-03,3.506554e-03,3.053014e-04,1.360327e-03
2.401685e-01,5.760482e-04,4.321014e-03,1.571728e-03,4.750933e-03,5.748742e-03,3.510768e-03,7.251869e-01,3.092100e-04,3.472554e-04,6.737543e-04,7.947644e-03,3.308225e-03,2.867357e-04,1.292684e-03
2.280640e-01,6.156460e-04,4.884599e-03,1.517873e-03,4.284665e-03,6.457986e-03,4.893064e-03,7.353300e-01,2.983398e-04,3.760226e-04,6.860885e-04,7.410717e-03,3.295471e-03,3.252258e-04,1.560374e-03
3.212955e-01,6.601751e-04,4.019406e-03,1.538133e-03,3.541964e-03,6.385588e-03,4.677738e-03,6.279732e-01,4.733820e-04,7.559601e-04,1.555507e-03,1.205155e-02,1.230880e-02,9.674905e-04,1.795646e-03
3.244957e-01,5.905619e-04,3.222239e-03,2.363021e-03,2.960241e-03,5.703242e-03,3.896709e-03,5.206682e-01,4.868882e-04,1.645418e-03,2.152370e-02,7.820921e-02,1.850063e-02,1.407229e-02,1.662025e-03
2.383450e-01,5.935405e-04,2.383786e-03,3.464536e-03,2.442903e-03,4.347465e-03,3.160736e-03,4.001557e-01,2.177531e-03,2.106792e-03,1.279899e-01,1.564603e-01,1.631916e-02,3.838195e-02,1.670818e-03
1.966482e-01,6.361810e-04,1.847195e-03,5.091238e-03,1.939295e-03,3.938982e-03,3.016156e-03,3.033919e-01,3.023661e-03,2.083540e-03,1.905425e-01,1.778308e-01,1.712983e-02,9.099213e-02,1.888419e-03
2.420518e-01,1.188778e-03,1.767148e-03,6.105084e-03,1.606397e-03,4.533756e-03,2.993900e-03,2.232461e-01,3.818664e-03,1.957064e-03,1.852617e-01,2.131993e-01,1.455695e-02,9.582193e-02,1.891461e-03
2.049811e-01,1.768556e-03,1.520285e-03,6.631809e-03,1.924279e-03,4.686240e-03,2.565294e-03,1.592396e-01,7.579254e-03,3.076033e-03,2.963436e-01,2.004453e-01,1.149066e-02,9.532681e-02,2.421220e-03
2.453293e-01,1.905481e-03,1.759951e-03,1.006888e-02,2.259715e-03,6.745151e-03,2.437706e-03,1.154626e-01,1.392382e-02,3.977520e-03,2.864461e-01,1.900494e-01,9.837491e-03,1.072897e-01,2.507298e-03
1.861417e-01,1.727407e-03,1.579601e-03,9.280410e-03,3.312943e-03,5.813516e-03,1.900245e-03,8.401732e-02,1.552030e-02,1.060452e-02,3.196988e-01,2.329747e-01,1.053894e-02,1.146359e-01,2.253765e-03
1.430528e-01,2.064564e-03,2.267145e-03,9.169906e-03,4.012787e-03,6.365103e-03,1.546953e-03,6.670715e-02,2.276974e-02,1.516821e-02,3.091054e-01,2.825393e-01,1.146113e-02,1.216662e-01,2.103580e-03
1.131402e-01,3.030133e-03,4.449595e-03,1.375656e-02,1.349774e-02,6.815344e-03,1.589455e-03,5.065003e-02,4.336231e-02,1.392879e-02,3.228074e-01,2.463949e-01,1.166238e-02,1.529691e-01,1.946063e-03
9.826763e-02,4.264560e-03,8.769334e-03,1.218234e-02,1.663765e-02,8.154051e-03,1.362940e-03,3.826803e-02,8.167821e-02,1.246531e-02,2.984789e-01,1.936376e-01,1.147348e-02,2.121736e-01,2.186297e-03
7.480071e-02,6.692872e-03,1.033356e-02,9.871047e-03,1.484686e-02,9.013244e-03,1.080517e-03,2.770535e-02,1.852642e-01,9.906516e-03,2.279724e-01,1.429265e-01,9.788733e-03,2.676101e-01,2.187376e-03
5.419274e-02,6.342181e-03,8.136045e-03,7.380545e-03,1.173127e-02,7.822110e-03,8.120182e-04,1.961751e-02,2.174446e-01,7.476028e-03,1.659422e-01,1.015483e-01,7.305820e-03,3.823314e-01,1.917171e-03
3.851628e-02,1.695543e-02,1.022515e-02,5.457014e-03,1.132768e-02,6.810806e-03,5.864389e-04,1.386558e-02,2.738025e-01,5.554100e-03,1.200188e-01,7.168017e-02,5.397091e-03,4.179660e-01,1.836919e-03
2.795530e-02,1.398799e-02,9.530267e-03,4.101954e-03,9.276645e-03,6.951451e-03,4.291730e-04,1.075890e-02,3.069697e-01,4.287683e-03,8.575827e-02,5.113105e-02,4.062678e-03,4.630241e-01,1.774800e-03
1.991490e-02,1.163520e-02,7.685014e-03,2.925122e-03,6.983414e-03,5.953004e-03,3.060295e-04,7.796884e-03,2.860945e-01,3.156174e-03,6.064688e-02,3.595279e-02,2.928792e-03,5.463503e-01,1.671021e-03
1.498319e-02,1.117808e-02,8.276270e-03,2.242504e-03,5.750104e-03,4.790236e-03,2.230066e-04,6.326519e-03,3.141184e-01,2.469993e-03,4.312813e-02,2.551335e-02,2.162062e-03,5.563518e-01,2.486437e-03
1.320178e-02,1.062437e-02,9.409738e-03,2.032499e-03,4.937837e-03,4.517365e-03,1.986342e-04,7.247310e-03,2.993662e-01,1.941626e-03,3.113505e-02,1.815718e-02,1.739370e-03,5.920177e-01,3.473305e-03
1.599425e-02,8.975761e-03,1.793165e-02,9.277286e-03,4.368609e-03,6.205683e-03,2.430813e-04,1.013547e-02,3.742280e-01,1.721205e-03,2.288827e-02,1.283793e-02,1.424615e-03,5.083979e-01,5.370280e-03
3.002745e-02,9.482596e-03,1.841238e-02,1.274314e-02,5.733175e-03,6.392651e-03,3.369166e-04,1.469795e-02,3.933412e-01,2.029797e-03,1.960514e-02,9.369354e-03,1.351345e-03,4.692219e-01,7.255019e-03
4.268525e-02,1.364268e-02,1.819679e-02,1.367918e-02,9.553283e-03,6.878410e-03,5.988725e-04,3.455359e-02,4.065966e-01,3.057444e-03,1.757847e-02,7.940911e-03,1.955075e-03,4.154906e-01,7.592816e-03
5.838164e-02,1.526081e-02,3.066338e-02,4.853709e-02,1.728077e-02,7.418282e-03,9.747039e-04,5.451195e-02,4.153305e-01,4.021999e-03,1.399813e-02,6.154557e-03,1.948709e-03,3.153682e-01,1.014929e-02
6.520309e-02,2.364503e-02,2.984098e-02,5.401104e-02,2.156356e-02,1.175801e-02,9.010746e-04,4.804216e-02,4.704069e-01,5.635154e-03,1.172897e-02,5.098388e-03,1.951743e-03,2.337082e-01,1.650582e-02
5.817626e-02,4.336835e-02,2.221279e-02,4.051266e-02,2.477280e-02,1.768565e-02,7.266494e-04,3.775690e-02,5.399674e-01,4.936965e-03,9.141230e-03,4.140153e-03,2.303557e-03,1.689011e-01,2.539754e-02
5.453549e-02,4.295861e-02,1.830773e-02,5.483314e-02,3.206345e-02,1.429692e-02,5.896724e-04,3.011180e-02,5.814359e-01,4.450746e-03,9.838827e-03,4.263242e-03,3.284787e-03,1.205963e-01,2.843346e-02
8.202877e-02,4.169899e-02,3.284436e-02,1.142621e-01,4.626086e-02,1.499175e-02,8.433628e-04,3.414001e-02,4.915425e-01,4.470919e-03,1.050733e-02,4.669430e-03,3.349695e-03,8.805307e-02,3.033693e-02
1.022534e-01,5.509003e-02,2.637602e-02,1.067379e-01,7.771334e-02,4.335657e-02,1.137192e-03,2.906976e-02,4.375670e-01,3.566589e-03,1.108409e-02,4.945457e-03,3.989041e-03,6.728654e-02,2.982706e-02
1.201208e-01,5.373143e-02,3.550407e-02,1.859038e-01,1.000117e-01,3.551693e-02,1.485631e-03,3.629661e-02,3.311753e-01,3.224902e-03,9.959904e-03,7.032539e-03,4.851353e-03,4.821362e-02,2.697152e-02
2.065230e-01,6.444722e-02,3.092010e-02,1.520025e-01,9.591772e-02,3.517974e-02,1.701754e-03,4.056947e-02,2.843044e-01,3.102512e-03,9.419419e-03,8.091701e-03,5.491070e-03,3.573201e-02,2.659743e-02
2.865121e-01,4.858548e-02,7.313880e-02,1.454056e-01,7.914306e-02,2.940190e-02,2.522731e-03,3.741898e-02,2.185849e-01,2.686598e-03,9.011555e-03,1.333829e-02,6.586563e-03,2.599702e-02,2.166646e-02
3.637694e-01,3.594708e-02,6.255405e-02,1.156376e-01,6.432716e-02,2.237868e-02,2.192921e-03,1.080579e-01,1.650982e-01,2.040227e-03,7.702975e-03,1.098266e-02,5.070034e-03,1.861272e-02,1.562854e-02
2.833821e-01,2.546685e-02,6.949145e-02,1.114413e-01,4.797061e-02,1.631715e-02,1.742732e-03,2.806315e-01,1.199348e-01,1.515613e-03,6.124850e-03,8.040395e-03,3.691736e-03,1.311798e-02,1.113094e-02
2.050383e-01,1.791883e-02,5.032673e-02,8.045562e-02,3.439099e-02,1.151451e-02,1.254013e-03,4.841791e-01,8.419608e-02,1.094269e-03,4.350926e-03,5.635759e-03,2.610983e-03,9.190884e-03,7.843030e-03
1.518593e-01,1.261960e-02,3.604015e-02,5.751394e-02,2.463556e-02,8.207439e-03,9.222280e-04,6.273686e-01,5.908002e-02,8.188843e-04,3.142209e-03,3.968518e-03,1.856001e-03,6.443039e-03,5.524563e-03
1.103070e-01,8.877343e-03,2.697763e-02,4.111599e-02,1.797129e-02,5.806012e-03,7.914008e-04,7.313952e-01,4.142287e-02,6.005598e-04,2.220075e-03,2.786139e-03,1.309078e-03,4.518157e-03,3.901225e-03
8.007207e-02,6.243799e-03,1.920219e-02,2.895516e-02,1.288429e-02,4.115953e-03,6.106291e-04,8.080095e-01,2.911163e-02,4.257595e-04,1.570291e-03,1.959914e-03,9.240520e-04,3.169422e-03,2.745337e-03
6.169321e-02,4.403150e-03,1.380860e-02,2.070763e-02,9.348285e-03,2.966067e-03,4.674915e-04,8.584935e-01,2.046801e-02,3.043973e-04,1.125419e-03,1.392872e-03,6.609932e-04,2.226094e-03,1.934261e-03
4.713816e-02,3.127408e-03,1.000186e-02,1.487107e-02,6.739681e-03,2.189504e-03,3.551819e-04,8.955241e-01,1.445778e-02,2.394647e-04,8.295421e-04,9.929219e-04,4.735072e-04,1.577795e-03,1.481982e-03
3.969527e-02,2.287270e-03,7.473010e-03,1.072097e-02,5.007059e-03,1.724500e-03,3.063600e-04,9.177879e-01,1.040672e-02,2.422030e-04,6.777563e-04,7.519487e-04,3.612810e-04,1.145643e-03,1.412054e-03
4.544883e-02,1.724985e-03,5.943583e-03,8.327819e-03,4.389506e-03,1.804365e-03,4.325030e-04,9.189235e-01,7.898618e-03,2.762236e-04,7.695833e-04,8.808064e-04,3.298153e-04,9.056749e-04,1.944162e-03
6.392179e-02,1.409392e-03,4.681400e-03,6.444091e-03,3.376313e-03,2.074077e-03,6.195536e-04,9.030349e-01,6.860387e-03,4.799269e-04,1.329569e-03,1.839973e-03,4.596019e-04,8.254268e-04,2.643617e-03
1.007775e-01,1.388247e-03,4.222184e-03,6.100141e-03,2.994186e-03,3.218297e-03,1.008196e-03,8.601165e-01,6.137832e-03,9.854086e-04,2.659637e-03,3.683470e-03,8.992790e-04,9.106623e-04,4.898471e-03
1.383119e-01,4.337545e-03,5.306764e-03,7.126739e-03,3.295991e-03,5.170052e-03,1.068704e-03,7.038534e-01,3.365932e-02,1.146249e-02,9.850593e-03,8.718767e-03,3.425649e-03,6.585133e-03,5.782706e-02
1.898397e-01,5.227447e-03,4.829046e-03,6.943088e-03,3.136149e-03,5.527539e-03,9.948554e-04,5.782565e-01,5.994829e-02,1.496585e-02,1.380923e-02,8.919458e-03,4.226380e-03,1.000496e-02,9.337159e-02
1.907033e-01,6.280394e-03,5.199006e-03,5.729682e-03,2.806646e-03,5.305193e-03,8.306743e-04,4.142087e-01,1.053862e-01,3.080784e-02,1.430429e-02,7.016121e-03,3.853981e-03,2.288019e-02,1.846879e-01
1.565188e-01,6.246919e-03,5.130226e-03,5.397549e-03,2.066604e-03,5.202861e-03,6.767636e-04,2.915070e-01,1.578988e-01,4.120492e-02,1.180672e-02,5.844833e-03,3.778364e-03,3.159560e-02,2.751242e-01
1.423241e-01,6.772522e-03,5.273172e-02,2.079870e-02,2.162775e-03,6.182780e-03,8.849427e-04,2.070140e-01,1.702385e-01,6.831856e-02,1.092935e-02,7.154196e-03,4.553437e-03,3.277502e-02,2.671595e-01
1.523280e-01,7.088475e-03,4.682815e-02,1.542897e-02,2.116637e-03,6.153445e-03,8.768101e-04,1.481152e-01,1.253824e-01,1.146260e-01,1.157066e-02,6.109409e-03,4.500014e-03,1.052027e-01,2.536732e-01
2.535259e-01,1.121904e-02,3.784019e-02,2.631818e-02,4.320370e-03,8.052610e-03,1.382502e-03,1.087879e-01,1.171601e-01,8.862691e-02,1.482779e-02,1.324357e-02,7.632353e-03,8.745956e-02,2.196031e-01
2.976501e-01,1.150214e-02,3.478899e-02,2.192341e-02,4.681793e-03,9.836127e-03,1.458640e-03,7.772546e-02,9.584776e-02,6.885856e-02,1.578165e-02,1.362823e-02,8.934698e-03,1.354690e-01,2.019135e-01
3.323738e-01,1.236024e-02,2.755388e-02,2.313770e-02,6.049756e-03,9.677080e-03,1.302493e-03,5.602038e-02,8.137654e-02,5.013640e-02,1.432380e-02,1.217635e-02,8.617114e-03,1.618534e-01,2.030410e-01
3.786919e-01,1.650074e-02,2.933447e-02,5.173995e-02,6.992876e-03,9.987991e-03,1.232692e-03,4.113109e-02,6.372107e-02,3.688618e-02,1.271039e-02,1.250312e-02,8.698770e-03,1.470562e-01,1.828126e-01
3.313173e-01,2.007147e-02,3.630552e-02,9.678737e-02,5.973847e-03,9.465870e-03,1.255493e-03,2.962806e-02,7.979529e-02,3.084391e-02,1.449172e-02,1.203201e-02,7.796871e-03,1.341307e-01,1.901045e-01
3.601249e-01,1.653449e-02,5.014992e-02,7.127573e-02,5.852540e-03,9.097928e-03,1.276565e-03,2.172378e-02,8.380114e-02,2.439668e-02,1.225468e-02,9.997386e-03,7.511259e-03,1.228166e-01,2.031863e-01
4.157525e-01,1.848604e-02,3.934097e-02,6.276698e-02,9.357385e-03,1.492427e-02,2.414198e-03,1.871268e-02,9.675257e-02,2.049107e-02,1.826789e-02,1.090723e-02,9.163602e-03,9.594099e-02,1.667216e-01
1.000000e+00,0.000000e+00,0.000000e+00,0.000000e+00,0.000000e+00,0.000000e+00,0.000000e+00,0.000000e+00,0.000000e+00,0.000000e+00,0.000000e+00,0.000000e+00,0.000000e+00,0.000000e+00,0.000000e+00
1.000000e+00,0.000000e+00,0.000000e+00,0.000000e+00,0.000000e+00,0.000000e+00,0.000000e+00,0.000000e+00,0.000000e+00,0.000000e+00,0.000000e+00,0.000000e+00,0.000000e+00,0.000000e+00,0.000000e+00
1.000000e+00,0.000000e+00,0.000000e+00,0.000000e+00,0.000000e+00,0.000000e+00,0.000000e+00,0.000000e+00,0.000000e+00,0.000000e+00,0.000000e+00,0.000000e+00,0.000000e+00,0.000000e+00,0.000000e+00
1.000000e+00,0.000000e+00,0.000000e+00,0.000000e+00,0.000000e+00,0.000000e+00,0.000000e+00,0.000000e+00,0.000000e+00,0.000000e+00,0.000000e+00,0.000000e+00,0.000000e+00,0.000000e+00,0.000000e+00
1.000000e+00,0.000000e+00,0.000000e+00,0.000000e+00,0.000000e+00,0.000000e+00,0.000000e+00,0.000000e+00,0.000000e+00,0.000000e+00,0.000000e+00,0.000000e+00,0.000000e+00,0.000000e+00,0.000000e+00
1.000000e+00,0.000000e+00,0.000000e+00,0.000000e+00,0.000000e+00,0.000000e+00,0.000000e+00,0.000000e+00,0.000000e+00,0.000000e+00,0.000000e+00,0.000000e+00,0.000000e+00,0.000000e+00,0.000000e+00
1.000000e+00,0.000000e+00,0.000000e+00,0.000000e+00,0.000000e+00,0.000000e+00,0.000000e+00,0.000000e+00,0.000000e+00,0.000000e+00,0.000000e+00,0.000000e+00,0.000000e+00,0.000000e+00,0.000000e+00
1.000000e+00,0.000000e+00,0.000000e+00,0.000000e+00,0.000000e+00,0.000000e+00,0.000000e+00,0.000000e+00,0.000000e+00,0.000000e+00,0.000000e+00,0.000000e+00,0.000000e+00,0.000000e+00,0.000000e+00
1.000000e+00,0.000000e+00,0.000000e+00,0.000000e+00,0.000000e+00,0.000000e+00,0.000000e+00,0.000000e+00,0.000000e+00,0.000000e+00,0.000000e+00,0.000000e+00,0.000000e+00,0.000000e+00,0.000000e+00
4.677997e-01,2.089397e-02,4.348544e-02,5.584750e-02,3.306220e-02,1.950099e-01,2.640986e-03,9.272612e-02,1.689985e-02,1.468005e-02,8.787900e-03,1.118086e-02,5.214572e-03,6.140529e-03,2.563038e-02
3.372280e-01,1.512595e-02,3.229212e-02,4.222972e-02,4.355461e-02,2.613002e-01,1.335530e-02,1.747989e-01,1.216155e-02,1.805822e-02,8.247835e-03,7.964855e-03,4.043344e-03,4.383038e-03,2.525637e-02
2.393644e-01,1.078180e-02,2.392130e-02,3.196381e-02,4.504374e-02,2.585398e-01,2.660115e-02,3.006121e-01,8.644225e-03,1.665401e-02,7.259700e-03,5.631523e-03,3.366238e-03,3.128292e-03,1.848801e-02
1.691146e-01,8.774017e-03,2.063006e-02,2.461546e-02,6.855538e-02,2.419338e-01,3.789569e-02,3.741584e-01,6.442994e-03,1.941727e-02,5.283708e-03,4.045280e-03,3.748888e-03,2.216378e-03,1.316797e-02
1.207854e-01,7.365002e-03,1.813159e-02,2.040756e-02,6.483670e-02,2.415511e-01,4.409584e-02,3.910207e-01,6.543440e-03,5.625375e-02,4.993674e-03,3.213607e-03,8.751987e-03,1.718324e-03,1.033124e-02
8.617715e-02,5.815440e-03,1.356776e-02,1.907750e-02,7.947934e-02,2.388748e-01,5.291587e-02,3.558864e-01,5.043650e-03,1.182603e-01,3.894200e-03,2.432517e-03,8.610435e-03,1.340580e-03,8.624025e-03
7.002366e-02,1.235729e-02,1.100176e-02,1.920266e-02,1.119549e-01,2.303507e-01,6.386550e-02,3.487474e-01,4.740752e-03,9.928502e-02,4.202988e-03,2.459652e-03,8.120561e-03,1.593284e-03,1.209386e-02
7.083291e-02,2.472669e-02,1.221803e-02,2.405515e-02,1.732423e-01,2.174773e-01,5.106496e-02,3.196619e-01,5.276235e-03,7.416665e-02,4.120389e-03,2.850950e-03,6.544682e-03,2.061575e-03,1.170036e-02
7.445826e-02,2.180226e-02,2.037754e-02,2.834856e-02,1.716769e-01,1.702539e-01,3.748216e-02,3.899984e-01,4.672560e-03,5.443053e-02,4.469418e-03,4.437509e-03,5.740277e-03,1.948293e-03,9.903472e-03
1.051805e-01,1.731970e-02,1.828999e-02,2.463482e-02,1.692591e-01,1.389957e-01,3.089353e-02,4.262886e-01,4.180463e-03,4.035894e-02,4.191491e-03,4.605791e-03,4.888021e-03,1.981522e-03,8.931821e-03
1.698272e-01,1.351255e-02,1.651414e-02,2.079499e-02,1.617641e-01,1.106726e-01,2.892973e-02,4.193951e-01,4.270507e-03,2.949423e-02,4.204989e-03,5.398607e-03,4.733943e-03,2.006554e-03,8.480688e-03
2.980599e-01,1.075964e-02,1.408601e-02,1.780436e-02,1.225014e-01,8.940386e-02,2.676253e-02,3.680361e-01,3.571071e-03,2.117101e-02,4.270098e-03,6.943914e-03,5.905031e-03,1.812328e-03,8.912704e-03
3.824418e-01,9.409409e-03,1.415895e-02,1.714154e-02,9.406751e-02,9.125476e-02,2.141035e-02,3.080983e-01,3.255761e-03,1.548051e-02,6.876838e-03,1.327592e-02,8.242480e-03,2.708536e-03,1.217733e-02
3.300451e-01,8.502712e-03,1.312975e-02,1.343611e-02,6.727066e-02,2.166084e-01,1.637647e-02,2.176872e-01,3.171851e-03,1.231522e-02,3.919566e-02,4.054442e-02,7.287621e-03,4.746253e-03,9.682550e-03
2.771885e-01,7.558457e-03,1.182374e-02,9.777499e-03,4.823691e-02,2.959273e-01,1.384359e-02,1.542767e-01,2.755672e-03,1.104494e-02,6.104401e-02,8.480971e-02,5.929459e-03,7.935219e-03,7.848268e-03
2.157455e-01,6.027092e-03,1.031426e-02,7.202791e-03,3.442322e-02,2.498772e-01,1.052611e-02,1.089793e-01,2.469782e-03,2.378362e-02,1.244846e-01,1.763681e-01,5.597034e-03,1.680293e-02,7.398443e-03
1.525684e-01,4.467566e-03,7.511151e-03,5.167542e-03,2.419845e-02,1.815888e-01,7.515901e-03,7.646367e-02,2.168841e-03,6.607138e-02,1.674714e-01,2.509226e-01,5.139965e-03,4.235699e-02,6.387319e-03
1.071686e-01,3.866580e-03,5.754204e-03,3.676487e-03,1.708869e-02,1.284458e-01,5.319446e-03,5.371538e-02,2.141624e-03,7.243143e-02,2.011029e-01,2.866405e-01,4.038615e-03,1.035887e-01,5.020983e-03
7.524786e-02,1.516796e-02,1.532627e-02,2.717196e-03,1.228104e-02,9.056658e-02,3.803090e-03,3.878403e-02,2.029651e-03,5.548725e-02,2.407025e-01,3.548377e-01,2.928637e-03,8.656909e-02,3.551175e-03
5.288608e-02,1.309308e-02,1.211971e-02,1.984063e-03,9.099863e-03,6.382679e-02,2.798293e-03,2.774621e-02,1.728374e-03,4.541883e-02,2.220269e-01,4.717035e-01,2.156931e-03,7.086286e-02,2.548528e-03
3.726038e-02,1.389666e-02,1.048458e-02,1.457851e-03,6.834683e-03,4.497325e-02,2.063959e-03,2.009215e-02,2.263224e-03,5.259445e-02,2.299294e-01,5.018729e-01,1.849717e-03,7.255596e-02,1.870897e-03
2.610131e-02,1.879813e-02,4.100208e-02,1.097017e-03,8.535753e-03,3.192821e-02,1.553334e-03,1.452156e-02,3.178052e-03,4.142029e-02,2.053639e-01,5.427127e-01,1.373740e-03,6.108160e-02,1.332376e-03
1.836139e-02,3.004093e-02,1.155654e-01,1.393910e-03,1.163534e-02,2.301438e-02,1.568506e-03,1.794330e-02,4.253101e-03,3.150101e-02,1.742331e-01,5.221555e-01,1.052929e-03,4.633775e-02,9.434262e-04
1.296050e-02,2.563780e-02,2.534333e-01,2.767896e-03,9.192135e-03,1.629855e-02,1.899343e-03,1.103229e-01,3.885691e-03,2.256033e-02,1.277036e-01,3.784817e-01,7.813821e-04,3.340990e-02,6.650595e-04
9.886701e-03,9.058905e-02,2.733364e-01,2.775699e-03,3.397942e-02,2.026747e-02,7.207048e-03,9.850653e-02,1.128674e-02,1.933470e-02,1.198022e-01,2.739047e-01,6.491969e-04,3.794466e-02,5.295055e-04
7.590083e-03,1.557911e-01,3.365812e-01,2.255898e-03,3.480120e-02,2.076664e-02,6.103461e-03,7.526927e-02,1.065590e-02,1.538978e-02,9.055622e-02,1.923481e-01,5.111831e-04,5.074944e-02,6.304941e-04
5.939062e-03,1.099079e-01,4.997275e-01,4.135722e-03,2.556035e-02,1.469103e-02,4.384849e-03,8.154088e-02,7.941811e-03,1.088638e-02,6.389828e-02,1.347585e-01,3.761397e-04,3.579853e-02,4.530283e-04
7.941185e-03,7.950842e-02,6.335629e-01,3.731500e-03,1.956306e-02,1.123697e-02,3.105088e-03,5.925832e-02,5.962369e-03,7.814811e-03,4.613602e-02,9.435883e-02,2.850109e-04,2.709392e-02,4.415805e-04
1.121582e-02,6.596977e-02,6.853122e-01,6.201302e-03,2.364240e-02,1.645611e-02,2.383715e-03,4.353476e-02,4.996404e-03,6.300127e-03,3.314479e-02,6.610766e-02,2.890507e-04,3.400122e-02,4.447114e-04
2.225988e-02,5.398451e-02,6.174038e-01,3.644179e-02,4.305502e-02,6.221445e-02,1.803618e-03,5.139005e-02,4.466144e-03,4.890966e-03,2.593929e-02,4.668955e-02,6.593731e-04,2.832458e-02,4.769510e-04
4.932814e-02,4.698734e-02,4.682550e-01,5.421472e-02,5.687443e-02,1.325742e-01,1.477396e-03,7.693333e-02,6.473132e-03,5.227011e-03,3.231915e-02,3.372586e-02,1.644047e-03,3.202323e-02,1.943054e-03
3.887914e-02,3.538506e-02,3.482315e-01,7.916152e-02,4.908707e-02,1.225251e-01,1.251952e-03,2.424699e-01,5.625681e-03,3.721233e-03,2.359679e-02,2.366455e-02,1.378649e-03,2.353233e-02,1.489603e-03
3.565934e-02,2.793453e-02,2.623845e-01,1.727846e-01,5.827423e-02,1.768851e-01,1.025757e-03,2.009955e-01,6.674019e-03,2.743894e-03,1.743002e-02,1.666666e-02,1.195019e-03,1.797491e-02,1.371982e-03
4.030973e-02,2.169082e-02,1.898541e-01,2.174230e-01,1.696687e-01,1.565926e-01,1.178513e-03,1.549960e-01,6.566102e-03,2.000881e-03,1.248121e-02,1.176548e-02,1.075640e-03,1.325777e-02,1.139422e-03
4.484073e-02,1.878251e-02,1.378525e-01,2.041343e-01,3.024666e-01,1.268637e-01,1.311557e-03,1.254442e-01,6.781902e-03,1.493884e-03,9.225659e-03,8.496012e-03,1.248547e-03,9.969118e-03,1.088806e-03
6.057439e-02,1.655766e-02,1.007712e-01,1.664061e-01,4.203656e-01,1.034388e-01,1.966082e-03,9.805220e-02,6.380539e-03,1.169901e-03,7.310203e-03,6.577719e-03,1.407215e-03,7.509166e-03,1.513237e-03
6.470777e-02,1.548178e-02,7.450885e-02,1.321257e-01,5.245873e-01,8.269173e-02,2.939641e-03,7.743020e-02,5.088855e-03,9.629416e-04,5.942177e-03,5.255993e-03,1.485773e-03,5.456751e-03,1.334603e-03
9.089567e-02,1.400691e-02,6.307659e-02,1.161814e-01,5.496163e-01,6.846058e-02,3.623354e-03,6.980366e-02,4.885745e-03,1.104866e-03,5.221261e-03,5.728498e-03,1.963727e-03,4.087781e-03,1.343642e-03
1.791935e-01,1.331010e-02,4.986010e-02,8.748039e-02,5.173048e-01,6.088571e-02,3.189711e-03,6.076127e-02,5.041215e-03,9.946518e-04,5.510114e-03,7.624673e-03,3.506199e-03,3.363169e-03,1.974381e-03
2.509204e-01,1.358983e-02,4.182243e-02,7.061314e-02,4.751973e-01,5.736395e-02,2.928126e-03,5.341724e-02,5.592644e-03,1.133664e-03,6.564648e-03,1.012766e-02,4.779779e-03,2.884286e-03,3.064842e-03
3.430483e-01,1.511524e-02,4.481299e-02,6.933501e-02,3.540623e-01,5.071443e-02,3.488552e-03,4.496701e-02,4.808490e-03,1.498229e-03,1.409790e-02,3.477548e-02,9.864341e-03,3.653543e-03,5.758167e-03
4.223358e-01,1.614139e-02,4.169082e-02,6.057249e-02,2.599087e-01,4.023463e-02,4.019551e-03,3.828731e-02,5.546364e-03,4.876148e-03,2.495597e-02,5.268225e-02,1.200100e-02,6.542622e-03,1.020491e-02
3.047505e-01,3.354604e-02,3.528593e-02,4.422064e-02,1.829860e-01,4.334984e-02,2.914709e-03,2.726945e-02,9.849640e-03,4.018873e-03,6.697936e-02,3.960023e-02,9.352327e-03,1.663719e-01,2.950465e-02
2.311655e-01,6.468230e-02,2.808357e-02,3.320482e-02,1.285684e-01,3.289453e-02,2.070239e-03,2.004311e-02,3.658461e-02,4.239923e-03,1.051607e-01,3.022346e-02,1.159302e-02,2.012358e-01,7.024995e-02
1.683884e-01,5.406802e-02,2.176897e-02,2.467062e-02,9.023522e-02,2.979928e-02,1.522996e-03,1.441691e-02,3.154776e-02,3.425938e-03,1.461141e-01,2.191058e-02,9.708474e-03,3.174173e-01,6.500545e-02
1.353122e-01,3.991291e-02,1.732979e-02,1.779010e-02,6.360351e-02,3.341629e-02,1.171109e-03,1.054431e-02,2.385861e-02,3.072737e-03,2.045577e-01,1.736115e-02,8.466760e-03,3.733652e-01,5.023760e-02
9.954232e-02,2.835045e-02,1.238116e-02,1.357252e-02,4.494782e-02,2.596688e-02,8.809983e-04,7.473519e-03,2.015761e-02,3.289639e-03,2.966198e-01,1.397663e-02,6.951437e-03,3.898737e-01,3.601547e-02
7.203127e-02,2.000207e-02,8.950594e-03,9.856772e-03,3.186896e-02,1.960759e-02,6.788280e-04,5.284609e-03,1.679696e-02,2.823453e-03,3.137579e-01,1.198462e-02,5.199686e-03,4.555553e-01,2.560134e-02
5.208472e-02,1.455979e-02,6.450978e-03,7.190456e-03,2.268791e-02,1.446567e-02,5.100230e-04,3.798248e-03,1.540996e-02,2.655421e-03,3.725004e-01,9.456378e-03,3.944119e-03,4.561086e-01,1.817727e-02
3.726580e-02,1.047404e-02,4.987655e-03,5.249504e-03,1.614725e-02,1.173086e-02,4.027505e-04,2.761662e-03,1.484779e-02,2.625958e-03,3.601077e-01,8.404150e-03,2.994840e-03,5.090008e-01,1.299927e-02
2.637866e-02,7.638271e-03,3.689899e-03,3.850988e-03,1.166935e-02,9.928173e-03,3.044415e-04,1.997407e-03,2.085695e-02,2.499120e-03,3.546468e-01,8.311989e-03,2.247225e-03,5.367469e-01,9.233805e-03
1.865711e-02,8.973474e-03,5.136361e-03,2.811776e-03,9.591344e-03,1.270092e-02,2.652895e-04,1.501841e-03,2.899829e-02,2.594298e-03,3.461376e-01,6.982578e-03,1.696714e-03,5.472677e-01,6.684673e-03
1.320987e-02,7.018961e-03,4.434885e-03,2.050345e-03,7.240226e-03,9.824788e-03,2.063414e-04,1.128552e-03,3.164340e-02,2.474876e-03,3.186013e-01,5.595998e-03,1.261095e-03,5.904509e-01,4.858537e-03
9.409860e-03,5.393847e-03,3.623864e-03,1.535523e-03,5.469846e-03,7.773723e-03,1.571485e-04,8.368145e-04,5.030262e-02,2.286399e-03,2.999581e-01,4.375699e-03,9.417456e-04,6.044340e-01,3.500987e-03
7.090548e-03,4.116007e-03,5.320776e-03,1.604636e-03,4.466129e-03,6.742741e-03,1.457870e-04,7.864443e-04,6.961964e-02,2.376376e-03,2.793922e-01,3.443114e-03,7.265769e-04,6.113364e-01,2.832792e-03
6.316856e-03,3.405436e-03,5.480765e-03,1.476593e-03,3.504389e-03,6.412011e-03,1.364339e-04,7.895117e-04,9.229022e-02,2.631459e-03,2.489025e-01,2.897677e-03,5.756940e-04,6.228000e-01,2.380509e-03
5.035450e-03,3.038031e-03,5.365244e-03,1.650821e-03,2.817987e-03,7.337443e-03,1.155886e-04,7.687837e-04,1.492864e-01,3.246372e-03,2.180704e-01,2.576814e-03,5.446906e-04,5.981909e-01,1.955154e-03
4.145128e-03,5.317084e-03,5.102133e-03,1.460694e-03,2.335387e-03,1.341667e-02,9.783683e-05,6.315011e-04,2.425117e-01,3.758033e-03,1.782249e-01,2.242424e-03,4.462335e-04,5.385923e-01,1.718108e-03
4.646003e-03,4.738092e-03,4.079294e-03,1.659526e-03,2.236846e-03,2.172198e-02,8.758876e-05,5.478766e-04,3.834498e-01,3.988120e-03,1.363366e-01,2.271799e-03,4.013495e-04,4.320519e-01,1.783399e-03
6.989772e-03,5.718017e-03,3.483085e-03,1.680316e-03,2.200204e-03,6.678273e-02,7.333552e-05,4.918957e-04,4.448785e-01,4.220352e-03,1.064537e-01,2.048899e-03,4.168441e-04,3.518552e-01,2.707181e-03
7.448969e-03,2.036213e-02,4.405173e-03,1.977764e-03,4.488220e-03,1.051653e-01,7.079176e-05,6.569194e-04,4.670252e-01,4.511017e-03,8.561056e-02,1.731387e-03,6.212053e-04,2.920843e-01,3.841058e-03
1.268452e-02,2.093256e-02,5.223934e-03,3.905103e-03,7.540951e-03,8.971932e-02,7.393963e-05,2.977894e-03,5.481251e-01,6.470103e-03,6.592979e-02,1.752540e-03,8.575746e-04,2.276108e-01,6.195932e-03
1.180545e-02,2.129341e-02,4.141355e-03,3.167371e-03,1.039585e-02,8.226671e-02,7.544817e-05,4.025847e-03,6.190931e-01,6.996786e-03,5.627421e-02,1.433588e-03,7.245735e-04,1.724623e-01,5.844047e-03
2.219131e-02,2.059926e-02,5.225164e-03,1.012015e-02,3.475543e-02,6.392746e-02,1.434801e-04,3.410690e-02,6.167083e-01,6.898045e-03,5.134756e-02,1.465632e-03,6.351498e-04,1.250675e-01,6.808728e-03
3.872202e-02,1.906924e-02,4.164953e-03,1.025986e-02,4.147702e-02,6.131567e-02,3.073215e-04,3.820241e-02,6.136080e-01,7.372439e-03,4.941459e-02,2.133612e-03,1.092168e-03,1.041872e-01,8.673497e-03
9.064640e-02,2.383863e-02,8.239623e-03,1.441154e-02,4.139436e-02,5.305261e-02,3.980287e-04,3.612570e-02,5.303719e-01,2.487822e-02,4.341146e-02,5.416937e-03,4.599664e-03,9.171817e-02,3.149670e-02
9.804191e-02,3.149243e-02,1.049414e-02,1.172481e-02,4.434441e-02,6.172215e-02,4.914110e-04,3.446848e-02,4.586593e-01,1.988711e-02,6.621830e-02,5.743999e-03,5.070824e-03,1.193648e-01,3.227590e-02
9.295647e-02,3.971891e-02,3.278026e-02,1.077308e-02,4.738843e-02,4.882497e-02,7.892502e-04,1.158769e-01,4.004167e-01,1.507428e-02,5.472968e-02,7.482244e-03,8.175275e-03,9.972335e-02,2.529018e-02
8.808453e-02,4.634870e-02,8.223147e-02,1.778013e-02,5.443422e-02,4.376649e-02,9.661604e-04,1.953176e-01,3.137455e-01,1.110626e-02,4.009173e-02,5.952559e-03,6.757420e-03,7.396804e-02,1.944920e-02
1.072967e-01,4.673263e-02,7.745893e-02,2.648554e-02,5.856409e-02,5.005040e-02,1.659738e-03,2.607293e-01,2.475709e-01,8.562020e-03,3.043427e-02,6.243727e-03,5.676579e-03,5.425638e-02,1.827892e-02
1.099362e-01,3.620305e-02,8.162928e-02,2.361510e-02,4.489937e-02,4.007454e-02,2.498175e-03,3.915978e-01,1.781221e-01,6.818559e-03,2.231966e-02,4.963461e-03,4.414036e-03,3.843182e-02,1.447683e-02
1.044274e-01,2.764733e-02,1.215035e-01,2.509351e-02,3.577420e-02,4.406588e-02,3.453542e-03,4.388800e-01,1.309228e-01,4.976072e-03,1.670830e-02,3.850240e-03,4.093769e-03,2.790656e-02,1.069685e-02
8.758421e-02,2.003120e-02,1.313224e-01,2.560593e-02,2.734455e-02,3.812221e-02,3.927786e-03,5.232995e-01,9.301741e-02,3.539350e-03,1.225672e-02,2.836095e-03,3.591019e-03,1.986765e-02,7.653999e-03
8.497071e-02,1.601691e-02,1.175141e-01,2.327022e-02,2.251386e-02,2.858226e-02,4.260330e-03,5.977780e-01,6.648504e-02,2.739324e-03,9.630078e-03,2.305522e-03,3.341279e-03,1.448780e-02,6.104525e-03
1.005899e-01,1.353878e-02,1.123159e-01,2.388506e-02,1.802453e-02,2.475271e-02,9.286787e-03,6.159291e-01,4.853632e-02,2.794549e-03,7.409237e-03,2.789193e-03,3.781131e-03,1.087663e-02,5.490225e-03
8.648036e-02,1.009381e-02,8.577229e-02,2.509520e-02,1.448958e-02,2.085135e-02,9.087453e-03,6.871951e-01,3.489520e-02,2.065395e-03,5.415399e-03,3.015158e-03,3.627549e-03,7.710021e-03,4.206194e-03
8.392689e-02,7.930171e-03,6.404644e-02,2.144692e-02,1.286588e-02,1.686149e-02,7.543650e-03,7.365875e-01,2.546743e-02,1.641516e-03,4.196225e-03,5.095033e-03,3.338578e-03,5.527841e-03,3.524439e-03
9.285589e-02,6.286324e-03,5.163156e-02,1.836416e-02,1.194721e-02,1.344720e-02,7.217251e-03,7.592219e-01,1.908465e-02,1.243072e-03,3.156298e-03,5.692434e-03,3.034356e-03,3.979622e-03,2.838028e-03
1.143495e-01,5.755891e-03,4.142529e-02,1.423900e-02,1.106931e-02,1.196535e-02,6.813209e-03,7.593380e-01,1.507902e-02,9.562304e-04,2.606982e-03,7.498187e-03,3.242531e-03,3.108951e-03,2.552625e-03
1.156186e-01,4.567359e-03,3.328842e-02,1.137605e-02,9.563460e-03,1.054275e-02,7.055948e-03,7.782277e-01,1.117004e-02,7.220982e-04,2.040336e-03,7.880991e-03,3.483803e-03,2.342498e-03,2.119938e-03
