1.000000e+00,0.000000e+00,0.000000e+00,0.000000e+00,0.000000e+00,0.000000e+00,0.000000e+00,0.000000e+00,0.000000e+00,0.000000e+00,0.000000e+00,0.000000e+00,0.000000e+00,0.000000e+00,0.000000e+00
1.000000e+00,0.000000e+00,0.000000e+00,0.000000e+00,0.000000e+00,0.000000e+00,0.000000e+00,0.000000e+00,0.000000e+00,0.000000e+00,0.000000e+00,0.000000e+00,0.000000e+00,0.000000e+00,0.000000e+00
1.000000e+00,0.000000e+00,0.000000e+00,0.000000e+00,0.000000e+00,0.000000e+00,0.000000e+00,0.000000e+00,0.000000e+00,0.000000e+00,0.000000e+00,0.000000e+00,0.000000e+00,0.000000e+00,0.000000e+00
1.000000e+00,0.000000e+00,0.000000e+00,0.000000e+00,0.000000e+00,0.000000e+00,0.000000e+00,0.000000e+00,0.000000e+00,0.000000e+00,0.000000e+00,0.000000e+00,0.000000e+00,0.000000e+00,0.000000e+00
1.000000e+00,0.000000e+00,0.000000e+00,0.000000e+00,0.000000e+00,0.000000e+00,0.000000e+00,0.000000e+00,0.000000e+00,0.000000e+00,0.000000e+00,0.000000e+00,0.000000e+00,0.000000e+00,0.000000e+00
1.000000e+00,0.000000e+00,0.000000e+00,0.000000e+00,0.000000e+00,0.000000e+00,0.000000e+00,0.000000e+00,0.000000e+00,0.000000e+00,0.000000e+00,0.000000e+00,0.000000e+00,0.000000e+00,0.000000e+00
1.000000e+00,0.000000e+00,0.000000e+00,0.000000e+00,0.000000e+00,0.000000e+00,0.000000e+00,0.000000e+00,0.000000e+00,0.000000e+00,0.000000e+00,0.000000e+00,0.000000e+00,0.000000e+00,0.000000e+00
1.000000e+00,0.000000e+00,0.000000e+00,0.000000e+00,0.000000e+00,0.000000e+00,0.000000e+00,0.000000e+00,0.000000e+00,0.000000e+00,0.000000e+00,0.000000e+00,0.000000e+00,0.000000e+00,0.000000e+00
1.000000e+00,0.000000e+00,0.000000e+00,0.000000e+00,0.000000e+00,0.000000e+00,0.000000e+00,0.000000e+00,0.000000e+00,0.000000e+00,0.000000e+00,0.000000e+00,0.000000e+00,0.000000e+00,0.000000e+00
1.000000e+00,0.000000e+00,0.000000e+00,0.000000e+00,0.000000e+00,0.000000e+00,0.000000e+00,0.000000e+00,0.000000e+00,0.000000e+00,0.000000e+00,0.000000e+00,0.000000e+00,0.000000e+00,0.000000e+00
1.000000e+00,0.000000e+00,0.000000e+00,0.000000e+00,0.000000e+00,0.000000e+00,0.000000e+00,0.000000e+00,0.000000e+00,0.000000e+00,0.000000e+00,0.000000e+00,0.000000e+00,0.000000e+00,0.000000e+00
1.000000e+00,0.000000e+00,0.000000e+00,0.000000e+00,0.000000e+00,0.000000e+00,0.000000e+00,0.000000e+00,0.000000e+00,0.000000e+00,0.000000e+00,0.000000e+00,0.000000e+00,0.000000e+00,0.000000e+00
1.000000e+00,0.000000e+00,0.000000e+00,0.000000e+00,0.000000e+00,0.000000e+00,0.000000e+00,0.000000e+00,0.000000e+00,0.000000e+00,0.000000e+00,0.000000e+00,0.000000e+00,0.000000e+00,0.000000e+00
1.000000e+00,0.000000e+00,0.000000e+00,0.000000e+00,0.000000e+00,0.000000e+00,0.000000e+00,0.000000e+00,0.000000e+00,0.000000e+00,0.000000e+00,0.000000e+00,0.000000e+00,0.000000e+00,0.000000e+00
1.000000e+00,0.000000e+00,0.000000e+00,0.000000e+00,0.000000e+00,0.000000e+00,0.000000e+00,0.000000e+00,0.000000e+00,0.000000e+00,0.000000e+00,0.000000e+00,0.000000e+00,0.000000e+00,0.000000e+00
1.000000e+00,0.000000e+00,0.000000e+00,0.000000e+00,0.000000e+00,0.000000e+00,0.000000e+00,0.000000e+00,0.000000e+00,0.000000e+00,0.000000e+00,0.000000e+00,0.000000e+00,0.000000e+00,0.000000e+00
1.000000e+00,0.000000e+00,0.000000e+00,0.000000e+00,0.000000e+00,0.000000e+00,0.000000e+00,0.000000e+00,0.000000e+00,0.000000e+00,0.000000e+00,0.000000e+00,0.000000e+00,0.000000e+00,0.000000e+00
1.000000e+00,0.000000e+00,0.000000e+00,0.000000e+00,0.000000e+00,0.000000e+00,0.000000e+00,0.000000e+00,0.000000e+00,0.000000e+00,0.000000e+00,0.000000e+00,0.000000e+00,0.000000e+00,0.000000e+00
1.000000e+00,0.000000e+00,0.000000e+00,0.000000e+00,0.000000e+00,0.000000e+00,0.000000e+00,0.000000e+00,0.000000e+00,0.000000e+00,0.000000e+00,0.000000e+00,0.000000e+00,0.000000e+00,0.000000e+00
1.000000e+00,0.000000e+00,0.000000e+00,0.000000e+00,0.000000e+00,0.000000e+00,0.000000e+00,0.000000e+00,0.000000e+00,0.000000e+00,0.000000e+00,0.000000e+00,0.000000e+00,0.000000e+00,0.000000e+00
1.000000e+00,0.000000e+00,0.000000e+00,0.000000e+00,0.000000e+00,0.000000e+00,0.000000e+00,0.000000e+00,0.000000e+00,0.000000e+00,0.000000e+00,0.000000e+00,0.000000e+00,0.000000e+00,0.000000e+00
1.000000e+00,0.000000e+00,0.000000e+00,0.000000e+00,0.000000e+00,0.000000e+00,0.000000e+00,0.000000e+00,0.000000e+00,0.000000e+00,0.000000e+00,0.000000e+00,0.000000e+00,0.000000e+00,0.000000e+00
1.000000e+00,0.000000e+00,0.000000e+00,0.000000e+00,0.000000e+00,0.000000e+00,0.000000e+00,0.000000e+00,0.000000e+00,0.000000e+00,0.000000e+00,0.000000e+00,0.000000e+00,0.000000e+00,0.000000e+00
1.000000e+00,0.000000e+00,0.000000e+00,0.000000e+00,0.000000e+00,0.000000e+00,0.000000e+00,0.000000e+00,0.000000e+00,0.000000e+00,0.000000e+00,0.000000e+00,0.000000e+00,0.000000e+00,0.000000e+00
1.000000e+00,0.000000e+00,0.000000e+00,0.000000e+00,0.000000e+00,0.000000e+00,0.000000e+00,0.000000e+00,0.000000e+00,0.000000e+00,0.000000e+00,0.000000e+00,0.000000e+00,0.000000e+00,0.000000e+00
1.000000e+00,0.000000e+00,0.000000e+00,0.000000e+00,0.000000e+00,0.000000e+00,0.000000e+00,0.000000e+00,0.000000e+00,0.000000e+00,0.000000e+00,0.000000e+00,0.000000e+00,0.000000e+00,0.000000e+00
1.000000e+00,0.000000e+00,0.000000e+00,0.000000e+00,0.000000e+00,0.000000e+00,0.000000e+00,0.000000e+00,0.000000e+00,0.000000e+00,0.000000e+00,0.000000e+00,0.000000e+00,0.000000e+00,0.000000e+00
1.000000e+00,0.000000e+00,0.000000e+00,0.000000e+00,0.000000e+00,0.000000e+00,0.000000e+00,0.000000e+00,0.000000e+00,0.000000e+00,0.000000e+00,0.000000e+00,0.000000e+00,0.000000e+00,0.000000e+00
1.000000e+00,0.000000e+00,0.000000e+00,0.000000e+00,0.000000e+00,0.000000e+00,0.000000e+00,0.000000e+00,0.000000e+00,0.000000e+00,0.000000e+00,0.000000e+00,0.000000e+00,0.000000e+00,0.000000e+00
1.000000e+00,0.000000e+00,0.000000e+00,0.000000e+00,0.000000e+00,0.000000e+00,0.000000e+00,0.000000e+00,0.000000e+00,0.000000e+00,0.000000e+00,0.000000e+00,0.000000e+00,0.000000e+00,0.000000e+00
1.000000e+00,0.000000e+00,0.000000e+00,0.000000e+00,0.000000e+00,0.000000e+00,0.000000e+00,0.000000e+00,0.000000e+00,0.000000e+00,0.000000e+00,0.000000e+00,0.000000e+00,0.000000e+00,0.000000e+00
1.000000e+00,0.000000e+00,0.000000e+00,0.000000e+00,0.000000e+00,0.000000e+00,0.000000e+00,0.000000e+00,0.000000e+00,0.000000e+00,0.000000e+00,0.000000e+00,0.000000e+00,0.000000e+00,0.000000e+00
1.000000e+00,0.000000e+00,0.000000e+00,0.000000e+00,0.000000e+00,0.000000e+00,0.000000e+00,0.000000e+00,0.000000e+00,0.000000e+00,0.000000e+00,0.000000e+00,0.000000e+00,0.000000e+00,0.000000e+00
1.000000e+00,0.000000e+00,0.000000e+00,0.000000e+00,0.000000e+00,0.000000e+00,0.000000e+00,0.000000e+00,0.000000e+00,0.000000e+00,0.000000e+00,0.000000e+00,0.000000e+00,0.000000e+00,0.000000e+00
1.000000e+00,0.000000e+00,0.000000e+00,0.000000e+00,0.000000e+00,0.000000e+00,0.000000e+00,0.000000e+00,0.000000e+00,0.000000e+00,0.000000e+00,0.000000e+00,0.000000e+00,0.000000e+00,0.000000e+00
1.000000e+00,0.000000e+00,0.000000e+00,0.000000e+00,0.000000e+00,0.000000e+00,0.000000e+00,0.000000e+00,0.000000e+00,0.000000e+00,0.000000e+00,0.000000e+00,0.000000e+00,0.000000e+00,0.000000e+00
1.000000e+00,0.000000e+00,0.000000e+00,0.000000e+00,0.000000e+00,0.000000e+00,0.000000e+00,0.000000e+00,0.000000e+00,0.000000e+00,0.000000e+00,0.000000e+00,0.000000e+00,0.000000e+00,0.000000e+00
1.000000e+00,0.000000e+00,0.000000e+00,0.000000e+00,0.000000e+00,0.000000e+00,0.000000e+00,0.000000e+00,0.000000e+00,0.000000e+00,0.000000e+00,0.000000e+00,0.000000e+00,0.000000e+00,0.000000e+00
1.000000e+00,0.000000e+00,0.000000e+00,0.000000e+00,0.000000e+00,0.000000e+00,0.000000e+00,0.000000e+00,0.000000e+00,0.000000e+00,0.000000e+00,0.000000e+00,0.000000e+00,0.000000e+00,0.000000e+00
1.000000e+00,0.000000e+00,0.000000e+00,0.000000e+00,0.000000e+00,0.000000e+00,0.000000e+00,0.000000e+00,0.000000e+00,0.000000e+00,0.000000e+00,0.000000e+00,0.000000e+00,0.000000e+00,0.000000e+00
1.000000e+00,0.000000e+00,0.000000e+00,0.000000e+00,0.000000e+00,0.000000e+00,0.000000e+00,0.000000e+00,0.000000e+00,0.000000e+00,0.000000e+00,0.000000e+00,0.000000e+00,0.000000e+00,0.000000e+00
1.000000e+00,0.000000e+00,0.000000e+00,0.000000e+00,0.000000e+00,0.000000e+00,0.000000e+00,0.000000e+00,0.000000e+00,0.000000e+00,0.000000e+00,0.000000e+00,0.000000e+00,0.000000e+00,0.000000e+00
1.000000e+00,0.000000e+00,0.000000e+00,0.000000e+00,0.000000e+00,0.000000e+00,0.000000e+00,0.000000e+00,0.000000e+00,0.000000e+00,0.000000e+00,0.000000e+00,0.000000e+00,0.000000e+00,0.000000e+00
1.000000e+00,0.000000e+00,0.000000e+00,0.000000e+00,0.000000e+00,0.000000e+00,0.000000e+00,0.000000e+00,0.000000e+00,0.000000e+00,0.000000e+00,0.000000e+00,0.000000e+00,0.000000e+00,0.000000e+00
1.000000e+00,0.000000e+00,0.000000e+00,0.000000e+00,0.000000e+00,0.000000e+00,0.000000e+00,0.000000e+00,0.000000e+00,0.000000e+00,0.000000e+00,0.000000e+00,0.000000e+00,0.000000e+00,0.000000e+00
1.000000e+00,0.000000e+00,0.000000e+00,0.000000e+00,0.000000e+00,0.000000e+00,0.000000e+00,0.000000e+00,0.000000e+00,0.000000e+00,0.000000e+00,0.000000e+00,0.000000e+00,0.000000e+00,0.000000e+00
1.000000e+00,0.000000e+00,0.000000e+00,0.000000e+00,0.000000e+00,0.000000e+00,0.000000e+00,0.000000e+00,0.000000e+00,0.000000e+00,0.000000e+00,0.000000e+00,0.000000e+00,0.000000e+00,0.000000e+00
1.000000e+00,0.000000e+00,0.000000e+00,0.000000e+00,0.000000e+00,0.000000e+00,0.000000e+00,0.000000e+00,0.000000e+00,0.000000e+00,0.000000e+00,0.000000e+00,0.000000e+00,0.000000e+00,0.000000e+00
1.000000e+00,0.000000e+00,0.000000e+00,0.000000e+00,0.000000e+00,0.000000e+00,0.000000e+00,0.000000e+00,0.000000e+00,0.000000e+00,0.000000e+00,0.000000e+00,0.000000e+00,0.000000e+00,0.000000e+00
1.000000e+00,0.000000e+00,0.000000e+00,0.000000e+00,0.000000e+00,0.000000e+00,0.000000e+00,0.000000e+00,0.000000e+00,0.000000e+00,0.000000e+00,0.000000e+00,0.000000e+00,0.000000e+00,0.000000e+00
1.000000e+00,0.000000e+00,0.000000e+00,0.000000e+00,0.000000e+00,0.000000e+00,0.000000e+00,0.000000e+00,0.000000e+00,0.000000e+00,0.000000e+00,0.000000e+00,0.000000e+00,0.000000e+00,0.000000e+00
1.000000e+00,0.000000e+00,0.000000e+00,0.000000e+00,0.000000e+00,0.000000e+00,0.000000e+00,0.000000e+00,0.000000e+00,0.000000e+00,0.000000e+00,0.000000e+00,0.000000e+00,0.000000e+00,0.000000e+00
1.000000e+00,0.000000e+00,0.000000e+00,0.000000e+00,0.000000e+00,0.000000e+00,0.000000e+00,0.000000e+00,0.000000e+00,0.000000e+00,0.000000e+00,0.000000e+00,0.000000e+00,0.000000e+00,0.000000e+00
1.000000e+00,0.000000e+00,0.000000e+00,0.000000e+00,0.000000e+00,0.000000e+00,0.000000e+00,0.000000e+00,0.000000e+00,0.000000e+00,0.000000e+00,0.000000e+00,0.000000e+00,0.000000e+00,0.000000e+00
1.000000e+00,0.000000e+00,0.000000e+00,0.000000e+00,0.000000e+00,0.000000e+00,0.000000e+00,0.000000e+00,0.000000e+00,0.000000e+00,0.000000e+00,0.000000e+00,0.000000e+00,0.000000e+00,0.000000e+00
1.000000e+00,0.000000e+00,0.000000e+00,0.000000e+00,0.000000e+00,0.000000e+00,0.000000e+00,0.000000e+00,0.000000e+00,0.000000e+00,0.000000e+00,0.000000e+00,0.000000e+00,0.000000e+00,0.000000e+00
1.000000e+00,0.000000e+00,0.000000e+00,0.000000e+00,0.000000e+00,0.000000e+00,0.000000e+00,0.000000e+00,0.000000e+00,0.000000e+00,0.000000e+00,0.000000e+00,0.000000e+00,0.000000e+00,0.000000e+00
1.000000e+00,0.000000e+00,0.000000e+00,0.000000e+00,0.000000e+00,0.000000e+00,0.000000e+00,0.000000e+00,0.000000e+00,0.000000e+00,0.000000e+00,0.000000e+00,0.000000e+00,0.000000e+00,0.000000e+00
1.000000e+00,0.000000e+00,0.000000e+00,0.000000e+00,0.000000e+00,0.000000e+00,0.000000e+00,0.000000e+00,0.000000e+00,0.000000e+00,0.000000e+00,0.000000e+00,0.000000e+00,0.000000e+00,0.000000e+00
4.475670e-01,2.301539e-02,7.367596e-03,4.951113e-02,1.139546e-02,1.041664e-01,1.133152e-02,6.352099e-03,6.879546e-03,1.759381e-03,6.508459e-03,2.685328e-02,2.808907e-01,2.073101e-03,1.432891e-02
4.029102e-01,2.153525e-02,5.798600e-03,4.381630e-02,1.036533e-02,1.074939e-01,8.853749e-03,5.087402e-03,8.359312e-03,1.823462e-03,5.686364e-03,2.952366e-02,3.290526e-01,1.933267e-03,1.776061e-02
4.203834e-01,1.824529e-02,4.555800e-03,3.699169e-02,9.175159e-03,9.708050e-02,7.221592e-03,4.229956e-03,1.371542e-02,1.808155e-03,5.236973e-03,3.006200e-02,3.309264e-01,2.276891e-03,1.809080e-02
4.417992e-01,1.751932e-02,5.042708e-03,4.192852e-02,9.657776e-03,1.045796e-01,6.839962e-03,4.247364e-03,2.273933e-02,1.635088e-03,5.318426e-03,3.420243e-02,2.780807e-01,2.312803e-03,2.409682e-02
4.808286e-01,1.708616e-02,1.811386e-02,4.640779e-02,9.175288e-03,1.024237e-01,5.885303e-03,5.017219e-03,2.450636e-02,1.475238e-03,6.312987e-03,3.429492e-02,2.194090e-01,3.438516e-03,2.562500e-02
1.000000e+00,0.000000e+00,0.000000e+00,0.000000e+00,0.000000e+00,0.000000e+00,0.000000e+00,0.000000e+00,0.000000e+00,0.000000e+00,0.000000e+00,0.000000e+00,0.000000e+00,0.000000e+00,0.000000e+00
1.000000e+00,0.000000e+00,0.000000e+00,0.000000e+00,0.000000e+00,0.000000e+00,0.000000e+00,0.000000e+00,0.000000e+00,0.000000e+00,0.000000e+00,0.000000e+00,0.000000e+00,0.000000e+00,0.000000e+00
4.826095e-01,1.354512e-02,3.601995e-02,6.053489e-02,9.339591e-03,4.979866e-02,4.508116e-03,2.743619e-03,3.659363e-02,6.783515e-03,1.389773e-02,8.737177e-02,1.647014e-01,1.053067e-02,2.102189e-02
3.952209e-01,1.146901e-02,3.149327e-02,4.596560e-02,8.057055e-03,3.940421e-02,3.647230e-03,2.140324e-03,3.344700e-02,2.300050e-02,1.482966e-02,2.026377e-01,1.570646e-01,1.203988e-02,1.958301e-02
3.361593e-01,1.078345e-02,2.616552e-02,3.556694e-02,2.281664e-02,5.481086e-02,4.366652e-03,3.072123e-03,4.554794e-02,2.264132e-02,2.075361e-02,1.863481e-01,1.971845e-01,1.211774e-02,2.166518e-02
3.450292e-01,8.755326e-03,1.941749e-02,2.680483e-02,2.015800e-02,4.692703e-02,4.271434e-03,5.435152e-03,6.599139e-02,2.117877e-02,2.036728e-02,1.842914e-01,1.986205e-01,1.133259e-02,2.141955e-02
3.636171e-01,8.366371e-03,1.786705e-02,2.005894e-02,1.777635e-02,3.537142e-02,3.985798e-03,5.101589e-03,6.700420e-02,2.167971e-02,2.077069e-02,1.703027e-01,1.897409e-01,1.226313e-02,4.609402e-02
3.055891e-01,7.033309e-03,1.354685e-02,1.552266e-02,2.420333e-02,2.752860e-02,6.201011e-03,5.572099e-03,6.387334e-02,1.894156e-02,2.405317e-02,1.606716e-01,2.485501e-01,1.025258e-02,6.846073e-02
2.427800e-01,5.642281e-03,1.099001e-02,1.251409e-02,2.426578e-02,2.173422e-02,5.622957e-03,6.416667e-03,6.787372e-02,1.784959e-02,2.289573e-02,1.548020e-01,3.141106e-01,1.023974e-02,8.226264e-02
2.086495e-01,4.945414e-03,9.890188e-03,1.179322e-02,3.198553e-02,1.795703e-02,6.733506e-03,9.028888e-03,9.340951e-02,1.900206e-02,2.431874e-02,1.481362e-01,3.358203e-01,9.544875e-03,6.878511e-02
1.505857e-01,3.836906e-03,9.050970e-03,8.894576e-03,9.724221e-02,1.344356e-02,8.479470e-03,1.497224e-02,1.450668e-01,1.564404e-02,2.456569e-02,1.221815e-01,3.245564e-01,7.094317e-03,5.438571e-02
1.092699e-01,3.247637e-03,9.621853e-03,6.609429e-03,1.248660e-01,9.768108e-03,8.335902e-03,2.644027e-02,2.527249e-01,1.123886e-02,2.182234e-02,8.970216e-02,2.766823e-01,5.130084e-03,4.454013e-02
8.176038e-02,2.553132e-03,9.402646e-03,5.148991e-03,2.076912e-01,7.453523e-03,1.248549e-02,5.404830e-02,2.634915e-01,8.049287e-03,1.875349e-02,6.705363e-02,2.246736e-01,3.689415e-03,3.374535e-02
6.323214e-02,2.632477e-03,1.286301e-02,1.152674e-02,3.495151e-01,7.053685e-03,1.405886e-02,4.576144e-02,2.418593e-01,5.720060e-03,1.355598e-02,4.729798e-02,1.585591e-01,2.596048e-03,2.376813e-02
5.502391e-02,3.077452e-03,2.756278e-02,1.471665e-02,4.230958e-01,6.460350e-03,2.222916e-02,4.178663e-02,2.252528e-01,4.102342e-03,1.084630e-02,3.388467e-02,1.133213e-01,1.832835e-03,1.680704e-02
7.459401e-02,6.972580e-03,4.018371e-02,2.211901e-02,4.866530e-01,5.544470e-03,2.231081e-02,3.420026e-02,1.754979e-01,3.201939e-03,8.822058e-03,2.445629e-02,8.122858e-02,1.341350e-03,1.287397e-02
8.241237e-02,9.236498e-03,4.057001e-02,1.999496e-02,5.758722e-01,4.515309e-03,1.759709e-02,2.683860e-02,1.294520e-01,2.320679e-03,6.609363e-03,1.736788e-02,5.712474e-02,9.838853e-04,9.104400e-03
8.190205e-02,1.862461e-02,4.917383e-02,7.182902e-02,5.677941e-01,4.823126e-03,1.719624e-02,2.539201e-02,9.461177e-02,1.762842e-03,5.370443e-03,1.312876e-02,4.069699e-02,7.945035e-04,6.899714e-03
8.188045e-02,2.000189e-02,4.187219e-02,6.400730e-02,6.319393e-01,4.552349e-03,1.404327e-02,2.056846e-02,7.028785e-02,1.370454e-03,4.266229e-03,1.039186e-02,2.913304e-02,6.766193e-04,5.008738e-03
9.950091e-02,1.893493e-02,5.133080e-02,5.066546e-02,6.597512e-01,4.098363e-03,1.041638e-02,1.520829e-02,5.274182e-02,1.024924e-03,3.312713e-03,7.920372e-03,2.088539e-02,5.564542e-04,3.651961e-03
1.093180e-01,1.547533e-02,3.670258e-02,5.190758e-02,6.895074e-01,3.786633e-03,7.885109e-03,1.155288e-02,4.095056e-02,8.703663e-04,3.095597e-03,9.189621e-03,1.629301e-02,5.950726e-04,2.870325e-03
1.285639e-01,1.342428e-02,2.869695e-02,5.768865e-02,6.807894e-01,4.741002e-03,6.807606e-03,9.967462e-03,3.161647e-02,9.239076e-04,3.883113e-03,1.510329e-02,1.449855e-02,7.567639e-04,2.538767e-03
1.003424e-01,1.517273e-02,2.374205e-02,2.362084e-01,5.530355e-01,3.736360e-03,4.957567e-03,8.431062e-03,2.262289e-02,9.828326e-04,3.713174e-03,1.330132e-02,1.072588e-02,5.975079e-04,2.430387e-03
8.398838e-02,1.359073e-02,2.141178e-02,3.548971e-01,4.042189e-01,3.497175e-03,3.625511e-03,2.818046e-02,1.843480e-02,3.557579e-03,3.693457e-02,1.173483e-02,1.206073e-02,6.603559e-04,3.207067e-03
5.941759e-02,1.462945e-02,1.639242e-02,3.573651e-01,2.904738e-01,3.102991e-03,2.625627e-03,2.007443e-02,1.713051e-02,3.646127e-03,1.885957e-01,9.330882e-03,1.221380e-02,1.654104e-03,3.347483e-03
4.297569e-02,1.067234e-02,1.180742e-02,2.771437e-01,2.049627e-01,2.419083e-03,1.911619e-03,1.424993e-02,1.681402e-02,6.482404e-03,3.517260e-01,1.023042e-02,3.052234e-02,1.175196e-02,6.330358e-03
3.033940e-02,8.134268e-03,8.458244e-03,2.010348e-01,1.469143e-01,2.215198e-03,1.404584e-03,1.020840e-02,8.479368e-02,5.951361e-03,4.017824e-01,8.233115e-03,6.870246e-02,1.340979e-02,8.417957e-03
2.152610e-02,5.982175e-03,5.995230e-03,1.420041e-01,1.047416e-01,1.904816e-03,1.020851e-03,7.248471e-03,1.292420e-01,5.753809e-03,4.620526e-01,6.225323e-03,6.705900e-02,2.947821e-02,9.765726e-03
1.520071e-02,4.294187e-03,4.279049e-03,9.947573e-02,7.361526e-02,1.537177e-03,7.486593e-04,5.152002e-03,3.387744e-01,6.526089e-03,3.314615e-01,4.608510e-03,5.336437e-02,3.582598e-02,2.513645e-02
1.091445e-02,3.234215e-03,3.077495e-03,6.974558e-02,5.196587e-02,1.796781e-03,5.479612e-04,3.641740e-03,4.616335e-01,5.474732e-03,2.621039e-01,3.893267e-03,4.472187e-02,4.905799e-02,2.819061e-02
8.224390e-03,2.409067e-03,2.178581e-03,4.885995e-02,3.652411e-02,1.701482e-03,3.932607e-04,2.568139e-03,5.793380e-01,4.629531e-03,1.989837e-01,3.212281e-03,3.524706e-02,4.988335e-02,2.584704e-02
6.006120e-03,1.741437e-03,1.625368e-03,3.421969e-02,2.565779e-02,1.655213e-03,2.841012e-04,1.805394e-03,6.800588e-01,5.055881e-03,1.410654e-01,3.772090e-03,2.700381e-02,4.815677e-02,2.189204e-02
5.655020e-03,1.439096e-03,1.381541e-03,2.400970e-02,1.844899e-02,2.134579e-03,2.600599e-04,1.305983e-03,7.043085e-01,8.027271e-03,1.046301e-01,4.692605e-03,2.351981e-02,6.796753e-02,3.221914e-02
4.319011e-03,2.025761e-03,1.463713e-03,1.691072e-02,1.344251e-02,2.659038e-03,2.252665e-04,9.303961e-04,7.151190e-01,1.811359e-02,7.781754e-02,6.134923e-03,1.900253e-02,8.599977e-02,3.583625e-02
4.154881e-03,1.801339e-03,1.822604e-03,1.191012e-02,1.004200e-02,2.589354e-03,1.894557e-04,6.692202e-04,6.467689e-01,2.253764e-02,5.998359e-02,4.537832e-03,1.371124e-02,1.795597e-01,3.972213e-02
3.530410e-03,1.747537e-03,2.326353e-03,8.502184e-03,7.512851e-03,2.967522e-03,1.504424e-04,5.147298e-04,5.810065e-01,2.131614e-02,5.412426e-02,3.359806e-03,1.000864e-02,2.614703e-01,4.146231e-02
2.916103e-03,1.382776e-03,1.939363e-03,6.119063e-03,5.965282e-03,3.125261e-03,1.111279e-04,4.077440e-04,6.113976e-01,1.639522e-02,4.797682e-02,2.563898e-03,7.496128e-03,2.610690e-01,3.113471e-02
2.906475e-03,1.242834e-03,2.249915e-03,5.378149e-03,5.772664e-03,3.621767e-03,8.399348e-05,6.157350e-04,6.845803e-01,1.482364e-02,3.967251e-02,2.091014e-03,5.766767e-03,2.039728e-01,2.722159e-02
3.925945e-03,2.295557e-03,4.772870e-03,4.070944e-03,6.904663e-03,7.951267e-03,6.822906e-05,5.041452e-04,6.827905e-01,2.348392e-02,3.089040e-02,1.970809e-03,4.601945e-03,1.925736e-01,3.319522e-02
8.203819e-03,2.506693e-03,7.533259e-03,4.294792e-03,1.416811e-02,1.404182e-02,1.024135e-04,2.649517e-03,6.981149e-01,2.377336e-02,2.444821e-02,1.828141e-03,3.749700e-03,1.648011e-01,2.978429e-02
1.045327e-02,1.974642e-03,7.832067e-03,3.129184e-03,1.435950e-02,1.078117e-02,7.946075e-05,2.492352e-03,6.963004e-01,3.391467e-02,2.020758e-02,1.483824e-03,2.872257e-03,1.678732e-01,2.624645e-02
1.511341e-02,1.575589e-03,6.744988e-03,2.284594e-03,1.363956e-02,8.127954e-03,6.885501e-05,2.658736e-03,6.691906e-01,5.183853e-02,1.567423e-02,1.133878e-03,2.283643e-03,1.773084e-01,3.235704e-02
2.977015e-02,1.272963e-03,6.417849e-03,1.872681e-03,1.517972e-02,6.764948e-03,6.747745e-05,5.126297e-03,6.654765e-01,5.343379e-02,1.179411e-02,9.190778e-04,1.837219e-03,1.573346e-01,4.273271e-02
5.522829e-02,5.297194e-03,5.952687e-03,2.951634e-03,3.200074e-02,6.455376e-03,5.681307e-05,6.560767e-03,5.700056e-01,5.091717e-02,1.149356e-02,7.586887e-04,1.542000e-03,1.332332e-01,1.175464e-01
6.691106e-02,4.665697e-02,7.648152e-03,7.759638e-03,1.133442e-01,5.821837e-03,2.908684e-04,1.859144e-02,4.545354e-01,3.931705e-02,9.056387e-03,8.680153e-04,1.726130e-03,1.085922e-01,1.188807e-01
5.674474e-02,1.840305e-01,8.403698e-03,1.101262e-02,8.741248e-02,4.346120e-03,2.141651e-04,1.523075e-02,3.518432e-01,3.291673e-02,7.008820e-03,7.011293e-04,1.318741e-03,7.930332e-02,1.595131e-01
4.096534e-02,2.338027e-01,6.168355e-03,1.206424e-02,6.295703e-02,3.165383e-03,1.553562e-04,1.081455e-02,3.915221e-01,3.006907e-02,5.756706e-03,5.468914e-04,1.167623e-03,5.601668e-02,1.448280e-01
2.933583e-02,3.326473e-01,4.420215e-03,1.167599e-02,4.475461e-02,2.333831e-03,1.117830e-04,7.609887e-03,3.847906e-01,2.471932e-02,4.775370e-03,4.338783e-04,1.327142e-03,3.958570e-02,1.114785e-01
2.111555e-02,3.184671e-01,3.157574e-03,1.132996e-02,3.134019e-02,1.754973e-03,8.313303e-05,5.338341e-03,4.758211e-01,1.743663e-02,4.273713e-03,5.269769e-04,2.441442e-03,2.781001e-02,7.910335e-02
2.426237e-02,3.229414e-01,2.517520e-03,9.470517e-03,2.222699e-02,3.534582e-03,8.707432e-05,3.987913e-03,4.969000e-01,1.275474e-02,8.656545e-03,7.289505e-04,6.869324e-03,2.073610e-02,6.432601e-02
1.796701e-02,2.432295e-01,2.089992e-03,7.833512e-03,1.562655e-02,2.627386e-03,9.065436e-05,3.157753e-03,5.522603e-01,9.762861e-03,8.800086e-03,1.338719e-03,9.512912e-03,1.700009e-02,1.087027e-01
1.308054e-02,1.746431e-01,1.705946e-03,5.947177e-03,1.109113e-02,2.296056e-03,8.213168e-05,2.539895e-03,4.682675e-01,7.422948e-03,7.602795e-03,1.196155e-03,8.519920e-03,1.625932e-02,2.793453e-01
9.616786e-03,1.257230e-01,1.371960e-03,4.613034e-03,8.089293e-03,1.925891e-03,7.363044e-05,1.903754e-03,4.221656e-01,5.515962e-03,6.646494e-03,1.092586e-03,8.707406e-03,1.508250e-02,3.874722e-01
7.102568e-03,9.165931e-02,1.326970e-02,3.677947e-03,6.924341e-03,1.459077e-03,9.554262e-05,1.630831e-03,4.147633e-01,3.984137e-03,4.970133e-03,8.859579e-04,6.960666e-03,1.233976e-02,4.302767e-01
5.771730e-03,6.507041e-02,1.835831e-01,8.890698e-03,5.720979e-03,1.371991e-03,1.796201e-04,2.631751e-03,3.221571e-01,3.201946e-03,4.572401e-03,7.069925e-04,6.811107e-03,9.294650e-03,3.800355e-01
4.667248e-03,4.774541e-02,2.792258e-01,7.044737e-03,4.649424e-03,2.618934e-03,2.546128e-04,2.037086e-03,2.480952e-01,6.353881e-03,4.024497e-03,8.156407e-04,8.800857e-03,8.619634e-03,3.750471e-01
3.522679e-03,3.701764e-02,4.073355e-01,6.851128e-03,4.266480e-03,3.151966e-03,2.383030e-04,1.465436e-03,1.787453e-01,4.805941e-03,1.562241e-02,1.230163e-02,4.614132e-02,6.155448e-03,2.723788e-01
5.524362e-03,2.897386e-02,4.834820e-01,6.260434e-03,7.118436e-03,2.952629e-03,5.780238e-04,1.086948e-03,1.273387e-01,4.494741e-03,1.586482e-02,4.579040e-02,5.479718e-02,4.541032e-03,2.111964e-01
7.484660e-03,2.162878e-02,3.668200e-01,5.819483e-03,7.034551e-03,3.038618e-03,8.496153e-04,8.140093e-04,9.006003e-02,3.852576e-03,2.080666e-02,1.872953e-01,1.307698e-01,3.589265e-03,1.501367e-01
5.706024e-03,1.561744e-02,2.598611e-01,4.863227e-03,6.340716e-03,3.303092e-03,6.369459e-04,6.165378e-04,6.438102e-02,2.829896e-03,2.771749e-02,2.548968e-01,2.450994e-01,2.768666e-03,1.053618e-01
4.157801e-03,1.104622e-02,1.821210e-01,3.571828e-03,6.483647e-03,4.059773e-03,5.575428e-04,6.492626e-04,5.506023e-02,2.073201e-03,2.710658e-02,4.034986e-01,2.237759e-01,2.030475e-03,7.380803e-02
3.103176e-03,7.884539e-03,1.277114e-01,2.619768e-03,1.237099e-02,4.534745e-03,9.886678e-04,2.961065e-03,6.756604e-02,1.626082e-03,2.852792e-02,4.651741e-01,2.216921e-01,1.534516e-03,5.170488e-02
2.403057e-03,5.612297e-03,8.953171e-02,1.879463e-03,5.713353e-02,4.153777e-03,4.259606e-03,7.878013e-03,1.208624e-01,1.323060e-03,2.615056e-02,4.454378e-01,1.959998e-01,1.155190e-03,3.621966e-02
1.961707e-03,7.587183e-03,6.581528e-02,1.345325e-03,5.175384e-02,5.386447e-03,6.175853e-03,7.196299e-03,1.927927e-01,2.701236e-03,1.948064e-02,4.468488e-01,1.642790e-01,1.167846e-03,2.550792e-02
1.696008e-03,9.729397e-03,4.838917e-02,9.705497e-04,4.006176e-02,6.537439e-03,6.783469e-03,6.165996e-03,2.647541e-01,1.129478e-02,1.504933e-02,4.377986e-01,1.317099e-01,9.964557e-04,1.806303e-02
1.484918e-03,7.255764e-03,3.406746e-02,7.029040e-04,3.079903e-02,8.924883e-03,4.999886e-03,4.758718e-03,2.472401e-01,1.275130e-02,1.421185e-02,5.162135e-01,1.029752e-01,8.969483e-04,1.271761e-02
1.428086e-03,5.542090e-03,2.419318e-02,5.335430e-04,2.286595e-02,1.340014e-02,3.762918e-03,3.634807e-03,1.820964e-01,1.238058e-02,1.522848e-02,6.150751e-01,8.975817e-02,1.046674e-03,9.053997e-03
2.339280e-03,4.200365e-03,1.730022e-02,4.571163e-04,8.599151e-02,1.757337e-02,9.069012e-03,3.915610e-03,2.329582e-01,1.302929e-02,1.546649e-02,4.768178e-01,1.128013e-01,1.011298e-03,7.069124e-03
6.182809e-03,3.979828e-03,1.251591e-02,8.693803e-04,1.167740e-01,1.899847e-02,7.871528e-03,4.095688e-03,3.162604e-01,1.042623e-02,1.264541e-02,3.972134e-01,8.561160e-02,1.042818e-03,5.512560e-03
1.139713e-02,3.859110e-03,8.984588e-03,7.759366e-04,1.470357e-01,2.774849e-02,6.260850e-03,4.428531e-03,3.210301e-01,8.396162e-03,1.242280e-02,3.729300e-01,6.865203e-02,1.690725e-03,4.387826e-03
2.079933e-02,3.484526e-03,6.453430e-03,6.505548e-04,1.116902e-01,2.920004e-02,4.894463e-03,3.611146e-03,2.415998e-01,8.326096e-03,1.331389e-02,4.929163e-01,5.719412e-02,2.131858e-03,3.734338e-03
2.721273e-02,2.860649e-03,4.642396e-03,5.326074e-04,7.941137e-02,2.343770e-02,3.890187e-03,2.831653e-03,1.724915e-01,6.977698e-03,1.246976e-02,6.109717e-01,4.681466e-02,1.993502e-03,3.461977e-03
4.613809e-02,5.528300e-03,4.341714e-03,6.716647e-04,6.008356e-02,2.011211e-02,3.234314e-03,3.237920e-03,1.377828e-01,8.521344e-03,1.556658e-02,6.358637e-01,5.017103e-02,2.641563e-03,6.105272e-03
7.947376e-02,7.815683e-03,8.857325e-03,1.233667e-03,5.139238e-02,1.863967e-02,3.388704e-03,4.715891e-03,1.218434e-01,1.836621e-02,1.625720e-02,6.047370e-01,5.071877e-02,3.478663e-03,9.081632e-03
6.039512e-02,3.210153e-02,1.626594e-02,2.079899e-03,3.780758e-02,1.380924e-02,2.611200e-03,3.712046e-03,1.000397e-01,1.000680e-01,1.603862e-02,5.620141e-01,4.252194e-02,3.075662e-03,7.459412e-03
4.607537e-02,2.388677e-02,1.318846e-02,1.840740e-03,2.807509e-02,1.153911e-02,2.100141e-03,2.810688e-03,7.830387e-02,2.422120e-01,1.671159e-02,4.785222e-01,3.818615e-02,4.348086e-03,1.219973e-02
3.295548e-02,1.717667e-02,9.422495e-03,1.373267e-03,1.991358e-02,8.504925e-03,1.552701e-03,1.993862e-03,6.064163e-02,3.518380e-01,1.830664e-02,4.230568e-01,3.161145e-02,5.716974e-03,1.593553e-02
2.435158e-02,1.264373e-02,6.965626e-03,1.079851e-03,1.427121e-02,7.277036e-03,1.306380e-03,1.873637e-03,4.902283e-02,3.989096e-01,2.440419e-02,4.009874e-01,2.787618e-02,1.044441e-02,1.858632e-02
1.819727e-02,9.362523e-03,5.563492e-03,1.474809e-03,1.091587e-02,5.647684e-03,9.772716e-04,2.144457e-03,7.601255e-02,3.916215e-01,5.907898e-02,3.026686e-01,2.053749e-02,7.632750e-02,1.946994e-02
1.977300e-02,7.257302e-03,4.875736e-03,1.409124e-03,9.953935e-03,4.329239e-03,7.398592e-04,1.993202e-03,8.899204e-02,3.229148e-01,8.584446e-02,2.199780e-01,1.510436e-02,1.937800e-01,2.305485e-02
1.555476e-02,5.503370e-03,3.991830e-03,1.160234e-03,8.651676e-03,3.516514e-03,5.368767e-04,1.566536e-03,6.865654e-02,2.337802e-01,9.619465e-02,1.567043e-01,1.270695e-02,3.705752e-01,2.090034e-02
1.338598e-02,4.143810e-03,3.116161e-03,9.276642e-04,8.375225e-03,3.419236e-03,3.977884e-04,1.301863e-03,6.707576e-02,1.660202e-01,1.793618e-01,1.122760e-01,1.063775e-02,4.134939e-01,1.606685e-02
1.064273e-02,3.308308e-03,3.021744e-03,7.972118e-04,7.414889e-03,2.768195e-03,3.234088e-04,1.013371e-03,1.004655e-01,1.179584e-01,1.951849e-01,8.013618e-02,8.696899e-03,4.556318e-01,1.263632e-02
7.943489e-03,2.440489e-03,2.426830e-03,6.568372e-04,5.516503e-03,2.352372e-03,2.354168e-04,7.349015e-04,1.104352e-01,8.317565e-02,1.906179e-01,5.752755e-02,6.800545e-03,5.197163e-01,9.419955e-03
6.091269e-03,1.960188e-03,2.155306e-03,6.275516e-04,4.005956e-03,2.245223e-03,1.697206e-04,5.354314e-04,1.465746e-01,5.945632e-02,1.998283e-01,4.128181e-02,5.374111e-03,5.220128e-01,7.681571e-03
4.634476e-03,1.963676e-03,4.028414e-03,8.926914e-04,3.691480e-03,2.578200e-03,1.275625e-04,4.055320e-04,2.835180e-01,4.243692e-02,1.607212e-01,2.965663e-02,4.189073e-03,4.553935e-01,5.762619e-03
4.107434e-03,1.924696e-03,7.806974e-03,1.476380e-03,3.702130e-03,2.537141e-03,9.944907e-05,3.011279e-04,3.898035e-01,3.256996e-02,1.269786e-01,2.145269e-02,3.145334e-03,3.994660e-01,4.628557e-03
3.729444e-03,1.612942e-03,6.397923e-03,1.218094e-03,3.428650e-03,2.218073e-03,7.984380e-05,2.206450e-04,4.619868e-01,2.481767e-02,9.288147e-02,1.529351e-02,2.313009e-03,3.796561e-01,4.145788e-03
3.878890e-03,2.932742e-03,6.542481e-03,3.845600e-03,5.568655e-03,4.651502e-03,1.261044e-04,4.951931e-04,5.737600e-01,1.986875e-02,6.609488e-02,1.092518e-02,1.871871e-03,2.953680e-01,4.070126e-03
4.170598e-03,4.021612e-03,8.328063e-03,5.964052e-03,9.683061e-03,9.141739e-03,1.839186e-04,1.415543e-03,6.387520e-01,1.782359e-02,4.720048e-02,7.871706e-03,1.520831e-03,2.396836e-01,4.239202e-03
5.077573e-03,3.132244e-03,6.522544e-03,4.470976e-03,9.114558e-03,7.463312e-03,1.373628e-04,1.336280e-03,7.155895e-01,1.470019e-02,3.443278e-02,5.712764e-03,1.222226e-03,1.859388e-01,5.148817e-03
7.243932e-03,4.290474e-03,1.520525e-02,5.222530e-03,1.140055e-02,1.100878e-02,1.467100e-04,4.898781e-03,7.317545e-01,1.464502e-02,2.596913e-02,4.312356e-03,1.161225e-03,1.550801e-01,7.660659e-03
1.310372e-02,5.191191e-03,1.862085e-02,5.709764e-03,1.680031e-02,1.287369e-02,1.319067e-04,9.144821e-03,7.319494e-01,1.822171e-02,1.994974e-02,3.209366e-03,1.081420e-03,1.325429e-01,1.146929e-02
1.907232e-02,5.724325e-03,3.913515e-02,2.580802e-02,1.940942e-02,1.110447e-02,1.592461e-04,1.103964e-02,7.077283e-01,1.808610e-02,1.651634e-02,2.770544e-03,1.339125e-03,1.090325e-01,1.307455e-02
1.727358e-02,6.130400e-03,3.411666e-02,2.703354e-02,2.644987e-02,9.026833e-03,1.225287e-04,8.648864e-03,7.054810e-01,2.116738e-02,1.315431e-02,2.122322e-03,1.396279e-03,8.467126e-02,4.320515e-02
2.365728e-02,7.303023e-03,2.687581e-02,2.013098e-02,2.279216e-02,8.206878e-03,1.163587e-04,7.090885e-03,7.063508e-01,2.614710e-02,1.082113e-02,1.641491e-03,1.409703e-03,8.464076e-02,5.281562e-02
4.068688e-02,6.683165e-03,3.445997e-02,1.474352e-02,1.798566e-02,9.797774e-03,1.180573e-04,7.841373e-03,6.467117e-01,2.996815e-02,9.066750e-03,1.333152e-03,1.517008e-03,1.258148e-01,5.327199e-02
5.930249e-02,5.934088e-03,3.072158e-02,1.105901e-02,1.573392e-02,8.001180e-03,1.204227e-04,1.033344e-02,6.175771e-01,3.446177e-02,7.629537e-03,1.009301e-03,1.705286e-03,1.275445e-01,6.886646e-02
5.145730e-02,6.767560e-03,3.459535e-02,3.551984e-02,1.698419e-02,5.999800e-03,1.626523e-04,1.471648e-02,5.895239e-01,3.989425e-02,6.752556e-03,7.989102e-04,1.434679e-03,1.024293e-01,9.296326e-02
4.411124e-02,6.852507e-03,9.406094e-02,5.123785e-02,2.053550e-02,4.673197e-03,2.017281e-04,2.348500e-02,5.324171e-01,4.191267e-02,6.293330e-03,6.260071e-04,1.305241e-03,7.814221e-02,9.414553e-02
3.420649e-02,5.412277e-03,2.644820e-01,5.041799e-02,1.573198e-02,3.380870e-03,1.541858e-04,1.755123e-02,4.112134e-01,4.838319e-02,5.097665e-03,4.619929e-04,9.998212e-04,5.597802e-02,8.652885e-02
2.564938e-02,5.113911e-03,3.430703e-01,4.689372e-02,1.161955e-02,2.676365e-03,1.249076e-04,1.327499e-02,3.434714e-01,4.867811e-02,8.883821e-03,9.032053e-04,5.282396e-03,4.234277e-02,1.020152e-01
2.611359e-02,4.591881e-03,3.832417e-01,3.820043e-02,1.063535e-02,2.265739e-03,1.293075e-04,1.149750e-02,2.914851e-01,9.358910e-02,1.134073e-02,9.689289e-04,7.191950e-03,3.325885e-02,8.548983e-02
3.201004e-02,5.509625e-03,4.019023e-01,4.063405e-02,1.507826e-02,2.120291e-03,1.326030e-04,2.493864e-02,2.490445e-01,1.016456e-01,1.085046e-02,1.006408e-03,5.873507e-03,3.333295e-02,7.592068e-02
7.542909e-02,1.204194e-02,3.092989e-01,3.212963e-02,6.923009e-02,5.707830e-03,3.306377e-04,3.745840e-02,2.402094e-01,9.847581e-02,1.042563e-02,1.320724e-03,5.228453e-03,4.338351e-02,5.932983e-02
1.583505e-01,1.501577e-02,2.319287e-01,2.741855e-02,9.231392e-02,6.849494e-03,1.243867e-03,6.282611e-02,2.022811e-01,8.270612e-02,9.761942e-03,5.619551e-03,1.431425e-02,4.219132e-02,4.717874e-02
2.117539e-01,1.679106e-02,1.793447e-01,2.311348e-02,1.038045e-01,7.727407e-03,1.257961e-03,8.151375e-02,1.726335e-01,6.967825e-02,1.131067e-02,1.401868e-02,2.033340e-02,5.039010e-02,3.632869e-02
2.151609e-01,1.794005e-02,1.652236e-01,2.812817e-02,9.189883e-02,7.657717e-03,2.432973e-03,1.635501e-01,1.377767e-01,5.141064e-02,1.177486e-02,2.209124e-02,2.084099e-02,3.798585e-02,2.612743e-02
2.236497e-01,1.671465e-02,1.554821e-01,2.965778e-02,8.095688e-02,1.671258e-02,1.270538e-02,2.001677e-01,1.229034e-01,3.790478e-02,1.047770e-02,2.330615e-02,1.805991e-02,3.118085e-02,2.012040e-02
2.090082e-01,1.511425e-02,1.569285e-01,2.832756e-02,6.825028e-02,1.951787e-02,1.669529e-02,2.747184e-01,9.853360e-02,2.979141e-02,8.117853e-03,1.854633e-02,1.581444e-02,2.537909e-02,1.525684e-02
2.604161e-01,1.280985e-02,1.202829e-01,3.239495e-02,5.508046e-02,1.678627e-02,2.105656e-02,3.134509e-01,7.471566e-02,2.443391e-02,6.831411e-03,1.571272e-02,1.299857e-02,2.057800e-02,1.245158e-02
2.527169e-01,1.130381e-02,9.236184e-02,3.071054e-02,4.203716e-02,1.587878e-02,2.522850e-02,3.980562e-01,5.622185e-02,1.789044e-02,5.469891e-03,1.227367e-02,1.041445e-02,1.613198e-02,1.330402e-02
2.891583e-01,9.684254e-03,7.440753e-02,2.602541e-02,3.314722e-02,1.776681e-02,2.827316e-02,4.150247e-01,4.259162e-02,1.314071e-02,4.490245e-03,1.073365e-02,8.507797e-03,1.385436e-02,1.319424e-02
3.055301e-01,7.689591e-03,6.513233e-02,2.102532e-02,2.631659e-02,1.964573e-02,2.879930e-02,4.381691e-01,3.318185e-02,9.503613e-03,3.827486e-03,1.116783e-02,7.548054e-03,1.126894e-02,1.119420e-02
3.489368e-01,6.115614e-03,5.580518e-02,1.656494e-02,2.065752e-02,2.220923e-02,2.949612e-02,4.253660e-01,2.528946e-02,7.006506e-03,3.410827e-03,1.271786e-02,6.797247e-03,8.648723e-03,1.097804e-02
3.507614e-01,4.706611e-03,4.576874e-02,1.337375e-02,1.620485e-02,2.216089e-02,3.109755e-02,4.507846e-01,1.910657e-02,5.166858e-03,3.153056e-03,1.436046e-02,7.628065e-03,6.443447e-03,9.283204e-03
3.148421e-01,3.672253e-03,3.917551e-02,1.094489e-02,1.336860e-02,2.115319e-02,3.101055e-02,5.108933e-01,1.382755e-02,3.759723e-03,2.766693e-03,1.380413e-02,8.494062e-03,4.738664e-03,7.548779e-03
2.884046e-01,3.175704e-03,3.443405e-02,9.239265e-03,1.380843e-02,2.055506e-02,2.826011e-02,5.508538e-01,1.043107e-02,2.797549e-03,2.841081e-03,1.552672e-02,9.535655e-03,3.585590e-03,6.551327e-03
2.657900e-01,2.586552e-03,3.181222e-02,7.801079e-03,1.136570e-02,2.033231e-02,2.631278e-02,5.868757e-01,7.802234e-03,2.101546e-03,2.489591e-03,1.546249e-02,1.123950e-02,2.697448e-03,5.330934e-03
2.503941e-01,2.214890e-03,2.681562e-02,6.796575e-03,9.756871e-03,2.558533e-02,2.197163e-02,6.034252e-01,6.092710e-03,1.595674e-03,2.292405e-03,1.926174e-02,1.678510e-02,2.157340e-03,4.854871e-03
2.235731e-01,1.770594e-03,2.405761e-02,7.851133e-03,8.610506e-03,2.104719e-02,1.735668e-02,6.493354e-01,4.654832e-03,1.232972e-03,1.983053e-03,1.744406e-02,1.504797e-02,1.743644e-03,4.291419e-03
2.140384e-01,1.533017e-03,2.281912e-02,9.396193e-03,8.155804e-03,1.883828e-02,1.519351e-02,6.686088e-01,3.653584e-03,1.101865e-03,1.772817e-03,1.557992e-02,1.364223e-02,1.540347e-03,4.126163e-03
2.099849e-01,1.601935e-03,2.378703e-02,1.031083e-02,8.707772e-03,1.977621e-02,1.439331e-02,6.682931e-01,3.206820e-03,1.110032e-03,1.737271e-03,1.621912e-02,1.462811e-02,1.537685e-03,4.706065e-03
1.989537e-01,1.467864e-03,1.986013e-02,9.278295e-03,9.579571e-03,2.422781e-02,1.553006e-02,6.736847e-01,2.613159e-03,9.289400e-04,1.617822e-03,1.708430e-02,1.762256e-02,1.427666e-03,6.123586e-03
2.189569e-01,1.594968e-03,1.684137e-02,8.274934e-03,1.009130e-02,2.587965e-02,1.419157e-02,6.543823e-01,2.317806e-03,7.907788e-04,1.731082e-03,1.881340e-02,1.767475e-02,1.464833e-03,6.994411e-03
2.309828e-01,1.526450e-03,1.367971e-02,7.361747e-03,9.391023e-03,2.193792e-02,1.127744e-02,6.598373e-01,1.990809e-03,6.262544e-04,1.532558e-03,1.679003e-02,1.563453e-02,1.269155e-03,6.162341e-03
2.023503e-01,1.249877e-03,1.013608e-02,6.034102e-03,7.491480e-03,2.085201e-02,9.738754e-03,7.043507e-01,1.528533e-03,4.948599e-04,1.218979e-03,1.412786e-02,1.422615e-02,9.668735e-04,5.233425e-03
1.502415e-01,9.443936e-04,7.341631e-03,4.761514e-03,6.427858e-03,1.610325e-02,7.744672e-03,7.742956e-01,1.178031e-03,3.694063e-04,1.049313e-03,1.302952e-02,1.201546e-02,6.977130e-04,3.800205e-03
1.286874e-01,1.002373e-03,5.750083e-03,1.376860e-02,5.470346e-03,1.588742e-02,8.589519e-03,6.249221e-01,1.969786e-03,1.538484e-03,1.284843e-02,8.382346e-02,8.718308e-02,4.342338e-03,4.216613e-03
1.096816e-01,8.751531e-04,4.141544e-03,1.154543e-02,4.403065e-03,1.268752e-02,9.598583e-03,4.658285e-01,2.017262e-03,1.360340e-03,3.171193e-02,1.847801e-01,1.490319e-01,9.086100e-03,3.250902e-03
9.109048e-02,7.188192e-04,3.059101e-03,9.517595e-03,3.779472e-03,9.347132e-03,1.003087e-02,3.308660e-01,2.499676e-03,1.612796e-03,4.903863e-02,3.202800e-01,1.547369e-01,1.085322e-02,2.569263e-03
7.046083e-02,6.434941e-04,2.295605e-03,7.851000e-03,3.466140e-03,7.578834e-03,9.184994e-03,2.328611e-01,8.559263e-03,4.980082e-03,5.437806e-02,4.309015e-01,1.521264e-01,1.209944e-02,2.613247e-03
5.402490e-02,7.498391e-04,1.819286e-03,7.523401e-03,3.437754e-03,6.580529e-03,9.838136e-03,1.647612e-01,1.190598e-02,6.725338e-03,4.636245e-02,5.035944e-01,1.661338e-01,1.436974e-02,2.173224e-03
3.882170e-02,6.149458e-04,1.392228e-03,7.136892e-03,7.103467e-03,5.606731e-03,7.587011e-03,1.155253e-01,1.675680e-02,2.130780e-02,4.355887e-02,5.463116e-01,1.627838e-01,1.675069e-02,8.742125e-03
2.826872e-02,7.317098e-04,1.376559e-03,5.915334e-03,1.748323e-02,4.557181e-03,5.788493e-03,8.138767e-02,2.078070e-02,2.753488e-02,3.850176e-02,5.721000e-01,1.635983e-01,1.749510e-02,1.448037e-02
2.226206e-02,1.340252e-03,3.686486e-03,5.234699e-03,1.024516e-01,4.783659e-03,4.347473e-03,6.029122e-02,6.679399e-02,2.986589e-02,5.175362e-02,4.518089e-01,1.689752e-01,1.320949e-02,1.319545e-02
1.918199e-02,2.196189e-03,2.779371e-02,5.344324e-03,2.016653e-01,6.137755e-03,5.814995e-03,6.346464e-02,8.700532e-02,3.209639e-02,4.711922e-02,3.333265e-01,1.480189e-01,1.057691e-02,1.025804e-02
1.793893e-02,2.748106e-03,2.645959e-02,4.464990e-03,3.588438e-01,9.372793e-03,4.707165e-03,5.704417e-02,8.680668e-02,2.662793e-02,4.072101e-02,2.402668e-01,1.074985e-01,8.696050e-03,7.803522e-03
1.950497e-02,2.918242e-03,2.347016e-02,3.652979e-03,4.995067e-01,1.327211e-02,7.207553e-03,4.369788e-02,7.584181e-02,1.982066e-02,3.301603e-02,1.685896e-01,7.593634e-02,7.712177e-03,5.852850e-03
1.975599e-02,2.924609e-03,2.086666e-02,3.883610e-03,6.142383e-01,1.393228e-02,9.043463e-03,3.349140e-02,5.865503e-02,1.513230e-02,2.554121e-02,1.183987e-01,5.372740e-02,6.073263e-03,4.335897e-03
