1.000000e+00,0.000000e+00,0.000000e+00,0.000000e+00,0.000000e+00,0.000000e+00,0.000000e+00,0.000000e+00,0.000000e+00,0.000000e+00,0.000000e+00,0.000000e+00,0.000000e+00,0.000000e+00,0.000000e+00
1.000000e+00,0.000000e+00,0.000000e+00,0.000000e+00,0.000000e+00,0.000000e+00,0.000000e+00,0.000000e+00,0.000000e+00,0.000000e+00,0.000000e+00,0.000000e+00,0.000000e+00,0.000000e+00,0.000000e+00
1.000000e+00,0.000000e+00,0.000000e+00,0.000000e+00,0.000000e+00,0.000000e+00,0.000000e+00,0.000000e+00,0.000000e+00,0.000000e+00,0.000000e+00,0.000000e+00,0.000000e+00,0.000000e+00,0.000000e+00
1.000000e+00,0.000000e+00,0.000000e+00,0.000000e+00,0.000000e+00,0.000000e+00,0.000000e+00,0.000000e+00,0.000000e+00,0.000000e+00,0.000000e+00,0.000000e+00,0.000000e+00,0.000000e+00,0.000000e+00
1.000000e+00,0.000000e+00,0.000000e+00,0.000000e+00,0.000000e+00,0.000000e+00,0.000000e+00,0.000000e+00,0.000000e+00,0.000000e+00,0.000000e+00,0.000000e+00,0.000000e+00,0.000000e+00,0.000000e+00
1.000000e+00,0.000000e+00,0.000000e+00,0.000000e+00,0.000000e+00,0.000000e+00,0.000000e+00,0.000000e+00,0.000000e+00,0.000000e+00,0.000000e+00,0.000000e+00,0.000000e+00,0.000000e+00,0.000000e+00
1.000000e+00,0.000000e+00,0.000000e+00,0.000000e+00,0.000000e+00,0.000000e+00,0.000000e+00,0.000000e+00,0.000000e+00,0.000000e+00,0.000000e+00,0.000000e+00,0.000000e+00,0.000000e+00,0.000000e+00
1.000000e+00,0.000000e+00,0.000000e+00,0.000000e+00,0.000000e+00,0.000000e+00,0.000000e+00,0.000000e+00,0.000000e+00,0.000000e+00,0.000000e+00,0.000000e+00,0.000000e+00,0.000000e+00,0.000000e+00
1.000000e+00,0.000000e+00,0.000000e+00,0.000000e+00,0.000000e+00,0.000000e+00,0.000000e+00,0.000000e+00,0.000000e+00,0.000000e+00,0.000000e+00,0.000000e+00,0.000000e+00,0.000000e+00,0.000000e+00
1.000000e+00,0.000000e+00,0.000000e+00,0.000000e+00,0.000000e+00,0.000000e+00,0.000000e+00,0.000000e+00,0.000000e+00,0.000000e+00,0.000000e+00,0.000000e+00,0.000000e+00,0.000000e+00,0.000000e+00
1.000000e+00,0.000000e+00,0.000000e+00,0.000000e+00,0.000000e+00,0.000000e+00,0.000000e+00,0.000000e+00,0.000000e+00,0.000000e+00,0.000000e+00,0.000000e+00,0.000000e+00,0.000000e+00,0.000000e+00
1.000000e+00,0.000000e+00,0.000000e+00,0.000000e+00,0.000000e+00,0.000000e+00,0.000000e+00,0.000000e+00,0.000000e+00,0.000000e+00,0.000000e+00,0.000000e+00,0.000000e+00,0.000000e+00,0.000000e+00
1.000000e+00,0.000000e+00,0.000000e+00,0.000000e+00,0.000000e+00,0.000000e+00,0.000000e+00,0.000000e+00,0.000000e+00,0.000000e+00,0.000000e+00,0.000000e+00,0.000000e+00,0.000000e+00,0.000000e+00
1.000000e+00,0.000000e+00,0.000000e+00,0.000000e+00,0.000000e+00,0.000000e+00,0.000000e+00,0.000000e+00,0.000000e+00,0.000000e+00,0.000000e+00,0.000000e+00,0.000000e+00,0.000000e+00,0.000000e+00
1.000000e+00,0.000000e+00,0.000000e+00,0.000000e+00,0.000000e+00,0.000000e+00,0.000000e+00,0.000000e+00,0.000000e+00,0.000000e+00,0.000000e+00,0.000000e+00,0.000000e+00,0.000000e+00,0.000000e+00
1.000000e+00,0.000000e+00,0.000000e+00,0.000000e+00,0.000000e+00,0.000000e+00,0.000000e+00,0.000000e+00,0.000000e+00,0.000000e+00,0.000000e+00,0.000000e+00,0.000000e+00,0.000000e+00,0.000000e+00
1.000000e+00,0.000000e+00,0.000000e+00,0.000000e+00,0.000000e+00,0.000000e+00,0.000000e+00,0.000000e+00,0.000000e+00,0.000000e+00,0.000000e+00,0.000000e+00,0.000000e+00,0.000000e+00,0.000000e+00
1.000000e+00,0.000000e+00,0.000000e+00,0.000000e+00,0.000000e+00,0.000000e+00,0.000000e+00,0.000000e+00,0.000000e+00,0.000000e+00,0.000000e+00,0.000000e+00,0.000000e+00,0.000000e+00,0.000000e+00
1.000000e+00,0.000000e+00,0.000000e+00,0.000000e+00,0.000000e+00,0.000000e+00,0.000000e+00,0.000000e+00,0.000000e+00,0.000000e+00,0.000000e+00,0.000000e+00,0.000000e+00,0.000000e+00,0.000000e+00
1.000000e+00,0.000000e+00,0.000000e+00,0.000000e+00,0.000000e+00,0.000000e+00,0.000000e+00,0.000000e+00,0.000000e+00,0.000000e+00,0.000000e+00,0.000000e+00,0.000000e+00,0.000000e+00,0.000000e+00
1.000000e+00,0.000000e+00,0.000000e+00,0.000000e+00,0.000000e+00,0.000000e+00,0.000000e+00,0.000000e+00,0.000000e+00,0.000000e+00,0.000000e+00,0.000000e+00,0.000000e+00,0.000000e+00,0.000000e+00
1.000000e+00,0.000000e+00,0.000000e+00,0.000000e+00,0.000000e+00,0.000000e+00,0.000000e+00,0.000000e+00,0.000000e+00,0.000000e+00,0.000000e+00,0.000000e+00,0.000000e+00,0.000000e+00,0.000000e+00
1.000000e+00,0.000000e+00,0.000000e+00,0.000000e+00,0.000000e+00,0.000000e+00,0.000000e+00,0.000000e+00,0.000000e+00,0.000000e+00,0.000000e+00,0.000000e+00,0.000000e+00,0.000000e+00,0.000000e+00
1.000000e+00,0.000000e+00,0.000000e+00,0.000000e+00,0.000000e+00,0.000000e+00,0.000000e+00,0.000000e+00,0.000000e+00,0.000000e+00,0.000000e+00,0.000000e+00,0.000000e+00,0.000000e+00,0.000000e+00
1.000000e+00,0.000000e+00,0.000000e+00,0.000000e+00,0.000000e+00,0.000000e+00,0.000000e+00,0.000000e+00,0.000000e+00,0.000000e+00,0.000000e+00,0.000000e+00,0.000000e+00,0.000000e+00,0.000000e+00
1.000000e+00,0.000000e+00,0.000000e+00,0.000000e+00,0.000000e+00,0.000000e+00,0.000000e+00,0.000000e+00,0.000000e+00,0.000000e+00,0.000000e+00,0.000000e+00,0.000000e+00,0.000000e+00,0.000000e+00
1.000000e+00,0.000000e+00,0.000000e+00,0.000000e+00,0.000000e+00,0.000000e+00,0.000000e+00,0.000000e+00,0.000000e+00,0.000000e+00,0.000000e+00,0.000000e+00,0.000000e+00,0.000000e+00,0.000000e+00
1.000000e+00,0.000000e+00,0.000000e+00,0.000000e+00,0.000000e+00,0.000000e+00,0.000000e+00,0.000000e+00,0.000000e+00,0.000000e+00,0.000000e+00,0.000000e+00,0.000000e+00,0.000000e+00,0.000000e+00
1.000000e+00,0.000000e+00,0.000000e+00,0.000000e+00,0.000000e+00,0.000000e+00,0.000000e+00,0.000000e+00,0.000000e+00,0.000000e+00,0.000000e+00,0.000000e+00,0.000000e+00,0.000000e+00,0.000000e+00
1.000000e+00,0.000000e+00,0.000000e+00,0.000000e+00,0.000000e+00,0.000000e+00,0.000000e+00,0.000000e+00,0.000000e+00,0.000000e+00,0.000000e+00,0.000000e+00,0.000000e+00,0.000000e+00,0.000000e+00
1.000000e+00,0.000000e+00,0.000000e+00,0.000000e+00,0.000000e+00,0.000000e+00,0.000000e+00,0.000000e+00,0.000000e+00,0.000000e+00,0.000000e+00,0.000000e+00,0.000000e+00,0.000000e+00,0.000000e+00
1.000000e+00,0.000000e+00,0.000000e+00,0.000000e+00,0.000000e+00,0.000000e+00,0.000000e+00,0.000000e+00,0.000000e+00,0.000000e+00,0.000000e+00,0.000000e+00,0.000000e+00,0.000000e+00,0.000000e+00
1.000000e+00,0.000000e+00,0.000000e+00,0.000000e+00,0.000000e+00,0.000000e+00,0.000000e+00,0.000000e+00,0.000000e+00,0.000000e+00,0.000000e+00,0.000000e+00,0.000000e+00,0.000000e+00,0.000000e+00
1.000000e+00,0.000000e+00,0.000000e+00,0.000000e+00,0.000000e+00,0.000000e+00,0.000000e+00,0.000000e+00,0.000000e+00,0.000000e+00,0.000000e+00,0.000000e+00,0.000000e+00,0.000000e+00,0.000000e+00
1.000000e+00,0.000000e+00,0.000000e+00,0.000000e+00,0.000000e+00,0.000000e+00,0.000000e+00,0.000000e+00,0.000000e+00,0.000000e+00,0.000000e+00,0.000000e+00,0.000000e+00,0.000000e+00,0.000000e+00
1.000000e+00,0.000000e+00,0.000000e+00,0.000000e+00,0.000000e+00,0.000000e+00,0.000000e+00,0.000000e+00,0.000000e+00,0.000000e+00,0.000000e+00,0.000000e+00,0.000000e+00,0.000000e+00,0.000000e+00
1.000000e+00,0.000000e+00,0.000000e+00,0.000000e+00,0.000000e+00,0.000000e+00,0.000000e+00,0.000000e+00,0.000000e+00,0.000000e+00,0.000000e+00,0.000000e+00,0.000000e+00,0.000000e+00,0.000000e+00
1.000000e+00,0.000000e+00,0.000000e+00,0.000000e+00,0.000000e+00,0.000000e+00,0.000000e+00,0.000000e+00,0.000000e+00,0.000000e+00,0.000000e+00,0.000000e+00,0.000000e+00,0.000000e+00,0.000000e+00
1.000000e+00,0.000000e+00,0.000000e+00,0.000000e+00,0.000000e+00,0.000000e+00,0.000000e+00,0.000000e+00,0.000000e+00,0.000000e+00,0.000000e+00,0.000000e+00,0.000000e+00,0.000000e+00,0.000000e+00
4.752379e-01,4.389045e-02,4.189321e-02,1.481109e-01,2.261087e-02,3.485728e-02,1.101472e-02,2.547805e-02,1.976422e-02,3.752841e-03,1.917411e-02,6.394551e-02,4.356111e-02,4.487722e-03,4.222118e-02
1.000000e+00,0.000000e+00,0.000000e+00,0.000000e+00,0.000000e+00,0.000000e+00,0.000000e+00,0.000000e+00,0.000000e+00,0.000000e+00,0.000000e+00,0.000000e+00,0.000000e+00,0.000000e+00,0.000000e+00
1.000000e+00,0.000000e+00,0.000000e+00,0.000000e+00,0.000000e+00,0.000000e+00,0.000000e+00,0.000000e+00,0.000000e+00,0.000000e+00,0.000000e+00,0.000000e+00,0.000000e+00,0.000000e+00,0.000000e+00
1.000000e+00,0.000000e+00,0.000000e+00,0.000000e+00,0.000000e+00,0.000000e+00,0.000000e+00,0.000000e+00,0.000000e+00,0.000000e+00,0.000000e+00,0.000000e+00,0.000000e+00,0.000000e+00,0.000000e+00
4.028911e-01,2.702287e-02,1.355630e-01,1.033882e-01,1.367521e-02,2.495313e-02,7.487359e-03,1.375496e-01,1.113644e-02,2.354894e-03,1.779972e-02,5.281106e-02,3.178946e-02,4.189044e-03,2.738886e-02
3.633215e-01,2.021149e-02,1.468780e-01,8.564342e-02,1.071819e-02,2.061747e-02,6.720164e-03,2.349092e-01,8.080776e-03,1.806977e-03,1.361316e-02,3.944597e-02,2.428724e-02,3.279991e-03,2.046643e-02
4.190810e-01,1.595124e-02,1.232483e-01,6.380135e-02,8.298199e-03,1.715097e-02,7.050892e-03,2.609728e-01,5.908382e-03,1.496895e-03,1.044380e-02,2.927356e-02,1.887140e-02,2.733073e-03,1.571823e-02
1.000000e+00,0.000000e+00,0.000000e+00,0.000000e+00,0.000000e+00,0.000000e+00,0.000000e+00,0.000000e+00,0.000000e+00,0.000000e+00,0.000000e+00,0.000000e+00,0.000000e+00,0.000000e+00,0.000000e+00
1.000000e+00,0.000000e+00,0.000000e+00,0.000000e+00,0.000000e+00,0.000000e+00,0.000000e+00,0.000000e+00,0.000000e+00,0.000000e+00,0.000000e+00,0.000000e+00,0.000000e+00,0.000000e+00,0.000000e+00
1.000000e+00,0.000000e+00,0.000000e+00,0.000000e+00,0.000000e+00,0.000000e+00,0.000000e+00,0.000000e+00,0.000000e+00,0.000000e+00,0.000000e+00,0.000000e+00,0.000000e+00,0.000000e+00,0.000000e+00
1.000000e+00,0.000000e+00,0.000000e+00,0.000000e+00,0.000000e+00,0.000000e+00,0.000000e+00,0.000000e+00,0.000000e+00,0.000000e+00,0.000000e+00,0.000000e+00,0.000000e+00,0.000000e+00,0.000000e+00
1.000000e+00,0.000000e+00,0.000000e+00,0.000000e+00,0.000000e+00,0.000000e+00,0.000000e+00,0.000000e+00,0.000000e+00,0.000000e+00,0.000000e+00,0.000000e+00,0.000000e+00,0.000000e+00,0.000000e+00
1.000000e+00,0.000000e+00,0.000000e+00,0.000000e+00,0.000000e+00,0.000000e+00,0.000000e+00,0.000000e+00,0.000000e+00,0.000000e+00,0.000000e+00,0.000000e+00,0.000000e+00,0.000000e+00,0.000000e+00
1.000000e+00,0.000000e+00,0.000000e+00,0.000000e+00,0.000000e+00,0.000000e+00,0.000000e+00,0.000000e+00,0.000000e+00,0.000000e+00,0.000000e+00,0.000000e+00,0.000000e+00,0.000000e+00,0.000000e+00
1.000000e+00,0.000000e+00,0.000000e+00,0.000000e+00,0.000000e+00,0.000000e+00,0.000000e+00,0.000000e+00,0.000000e+00,0.000000e+00,0.000000e+00,0.000000e+00,0.000000e+00,0.000000e+00,0.000000e+00
1.000000e+00,0.000000e+00,0.000000e+00,0.000000e+00,0.000000e+00,0.000000e+00,0.000000e+00,0.000000e+00,0.000000e+00,0.000000e+00,0.000000e+00,0.000000e+00,0.000000e+00,0.000000e+00,0.000000e+00
1.000000e+00,0.000000e+00,0.000000e+00,0.000000e+00,0.000000e+00,0.000000e+00,0.000000e+00,0.000000e+00,0.000000e+00,0.000000e+00,0.000000e+00,0.000000e+00,0.000000e+00,0.000000e+00,0.000000e+00
1.000000e+00,0.000000e+00,0.000000e+00,0.000000e+00,0.000000e+00,0.000000e+00,0.000000e+00,0.000000e+00,0.000000e+00,0.000000e+00,0.000000e+00,0.000000e+00,0.000000e+00,0.000000e+00,0.000000e+00
1.000000e+00,0.000000e+00,0.000000e+00,0.000000e+00,0.000000e+00,0.000000e+00,0.000000e+00,0.000000e+00,0.000000e+00,0.000000e+00,0.000000e+00,0.000000e+00,0.000000e+00,0.000000e+00,0.000000e+00
1.000000e+00,0.000000e+00,0.000000e+00,0.000000e+00,0.000000e+00,0.000000e+00,0.000000e+00,0.000000e+00,0.000000e+00,0.000000e+00,0.000000e+00,0.000000e+00,0.000000e+00,0.000000e+00,0.000000e+00
1.000000e+00,0.000000e+00,0.000000e+00,0.000000e+00,0.000000e+00,0.000000e+00,0.000000e+00,0.000000e+00,0.000000e+00,0.000000e+00,0.000000e+00,0.000000e+00,0.000000e+00,0.000000e+00,0.000000e+00
4.895502e-01,2.014808e-03,1.642401e-02,5.879650e-03,4.207280e-03,9.273147e-03,4.255880e-03,4.363261e-01,1.061553e-03,1.253992e-03,2.258781e-03,1.472381e-02,7.453748e-03,8.856797e-04,4.431262e-03
4.422731e-01,1.733229e-03,1.249817e-02,4.864558e-03,3.313997e-03,7.748099e-03,3.974251e-03,4.868576e-01,1.134772e-03,1.586645e-03,2.807055e-03,1.643324e-02,9.495728e-03,1.298635e-03,3.980857e-03
3.288142e-01,2.270451e-03,9.861329e-03,1.611625e-02,2.910120e-03,5.843455e-03,2.957724e-03,4.388379e-01,5.693912e-03,4.602881e-03,5.962782e-02,6.104439e-02,1.483257e-02,4.129221e-02,5.294738e-03
2.458379e-01,1.710416e-03,7.043830e-03,2.120942e-02,2.175378e-03,4.317831e-03,2.172243e-03,3.547404e-01,6.006465e-03,4.089383e-03,5.948313e-02,2.050106e-01,3.567608e-02,4.604618e-02,4.480725e-03
1.783430e-01,2.461696e-03,5.448449e-03,4.594773e-02,2.427530e-03,3.436044e-03,1.838423e-03,2.787676e-01,1.353663e-02,4.260512e-03,1.275441e-01,2.560010e-01,3.077109e-02,4.348403e-02,5.732117e-03
1.468130e-01,2.478394e-03,4.690211e-03,5.978594e-02,4.179206e-03,3.100014e-03,1.933628e-03,2.035470e-01,1.666176e-02,3.947214e-03,1.404313e-01,3.273355e-01,2.967047e-02,4.933693e-02,6.089425e-03
1.176822e-01,2.150729e-03,3.748772e-03,4.535271e-02,4.934617e-03,2.970017e-03,1.966359e-03,1.470197e-01,1.826663e-02,3.966699e-03,1.236352e-01,4.453346e-01,3.007202e-02,4.746773e-02,5.432015e-03
8.859986e-02,1.657875e-03,3.098970e-03,3.520223e-02,4.344570e-03,2.586380e-03,1.690185e-03,1.041049e-01,2.421231e-02,4.759588e-03,1.595487e-01,3.959076e-01,2.586132e-02,1.425388e-01,5.886632e-03
6.933322e-02,1.321016e-03,2.640395e-03,2.952138e-02,5.175959e-03,2.514138e-03,1.352621e-03,7.575741e-02,2.544777e-02,4.214877e-03,1.404977e-01,4.831857e-01,3.188377e-02,1.225076e-01,4.646389e-03
7.573544e-02,1.458080e-03,3.175626e-03,2.724778e-02,1.785538e-02,4.901461e-03,1.264664e-03,5.817437e-02,2.906743e-02,3.569343e-03,2.017556e-01,4.316476e-01,3.210868e-02,1.081083e-01,3.930234e-03
5.722933e-02,1.094779e-03,2.335807e-03,2.003312e-02,1.648808e-02,4.270488e-03,9.768989e-04,4.157488e-02,2.195355e-02,3.149580e-03,1.566402e-01,5.622817e-01,2.616265e-02,8.295595e-02,2.852911e-03
6.435905e-02,9.766356e-04,2.064874e-03,1.531358e-02,1.967640e-02,7.942463e-03,1.029399e-03,3.066632e-02,1.759757e-02,2.725642e-03,1.259470e-01,6.016955e-01,2.151932e-02,8.621888e-02,2.267246e-03
6.943013e-02,1.590143e-03,2.505454e-03,1.158360e-02,2.641024e-02,1.423114e-02,9.389922e-04,2.292178e-02,1.365719e-02,2.758828e-03,1.072663e-01,6.023783e-01,1.707267e-02,1.041567e-01,3.098467e-03
1.082640e-01,2.023773e-03,3.220803e-03,9.846280e-03,3.569946e-02,1.844073e-02,8.444411e-04,1.774914e-02,1.093499e-02,2.896994e-03,8.725679e-02,5.911189e-01,1.317937e-02,9.566413e-02,2.860138e-03
2.103909e-01,6.956431e-03,4.867734e-03,1.025185e-02,4.321000e-02,2.362655e-02,1.108948e-03,1.401899e-02,1.222795e-02,3.281137e-03,7.398942e-02,4.833070e-01,1.108984e-02,9.740777e-02,4.265465e-03
2.641030e-01,7.449519e-03,5.677927e-03,1.232089e-02,3.759091e-02,4.991242e-02,1.848730e-03,1.165068e-02,1.145057e-02,3.920906e-03,6.494173e-02,4.068071e-01,1.322298e-02,1.037587e-01,5.343900e-03
3.055054e-01,1.419306e-02,6.652535e-03,2.477953e-02,6.065147e-02,5.396540e-02,2.361739e-03,1.126761e-02,1.915488e-02,4.656061e-03,5.722197e-02,3.178398e-01,1.363078e-02,9.780113e-02,1.031853e-02
2.932416e-01,2.453171e-02,8.413092e-03,7.087782e-02,5.633487e-02,5.911171e-02,3.071936e-03,1.708809e-02,4.664532e-02,5.618354e-03,5.513743e-02,2.431790e-01,1.511468e-02,8.037780e-02,2.125646e-02
3.123217e-01,2.140971e-02,8.727591e-03,6.822555e-02,4.676800e-02,6.161911e-02,3.105942e-03,1.732009e-02,6.829084e-02,6.819181e-03,6.048321e-02,1.882792e-01,1.779056e-02,8.485889e-02,3.398036e-02
3.258830e-01,2.229933e-02,1.260431e-02,8.450534e-02,4.279865e-02,6.319949e-02,3.681408e-03,1.924243e-02,8.040227e-02,9.530099e-03,5.762824e-02,1.394686e-01,1.661822e-02,7.215223e-02,4.998639e-02
3.612327e-01,2.123441e-02,1.445206e-02,1.278830e-01,3.462525e-02,4.884886e-02,3.194088e-03,1.768313e-02,8.791165e-02,8.268362e-03,4.788212e-02,9.902581e-02,1.267674e-02,6.900476e-02,4.607712e-02
2.825648e-01,1.943355e-02,1.791259e-02,3.008406e-01,2.556146e-02,3.881496e-02,2.384104e-03,1.341207e-02,8.072013e-02,6.933705e-03,3.830608e-02,6.964099e-02,9.983557e-03,4.967704e-02,4.381435e-02
2.601644e-01,2.413264e-02,2.058146e-02,3.386846e-01,1.970535e-02,3.472929e-02,1.931202e-03,1.085312e-02,9.687628e-02,7.009867e-03,3.459641e-02,4.991786e-02,1.102049e-02,3.806194e-02,5.173506e-02
2.773842e-01,3.401622e-02,2.600334e-02,2.859501e-01,1.961805e-02,3.014205e-02,1.674078e-03,8.667328e-03,1.258773e-01,6.546085e-03,3.988522e-02,3.701051e-02,1.062134e-02,3.736645e-02,5.923770e-02
2.801654e-01,6.241773e-02,2.307796e-02,2.291289e-01,1.759634e-02,2.981595e-02,1.437197e-03,7.003594e-03,1.175661e-01,7.820139e-03,4.022865e-02,3.298777e-02,1.296028e-02,3.171624e-02,1.060778e-01
2.874708e-01,5.328530e-02,2.582745e-02,2.033457e-01,1.664908e-02,3.622959e-02,1.248382e-03,6.735026e-03,1.096010e-01,8.158499e-03,3.504974e-02,2.823796e-02,1.626412e-02,2.394018e-02,1.479572e-01
2.644695e-01,4.823831e-02,2.160447e-02,1.604045e-01,1.956442e-02,4.238081e-02,9.809892e-04,5.430368e-03,9.221851e-02,7.208559e-03,3.214485e-02,2.782489e-02,2.162453e-02,2.153187e-02,2.343734e-01
2.904576e-01,3.974500e-02,1.884817e-02,1.848602e-01,1.697625e-02,3.358031e-02,1.043542e-03,5.026331e-03,7.958517e-02,6.723605e-03,3.033637e-02,2.719694e-02,2.542121e-02,1.880064e-02,2.213986e-01
3.887314e-01,3.932542e-02,1.631048e-02,1.412073e-01,2.173693e-02,3.364893e-02,1.318695e-03,5.611247e-03,7.374801e-02,5.476193e-03,2.684092e-02,2.592497e-02,2.756239e-02,1.620563e-02,1.763515e-01
3.197280e-01,5.497193e-02,1.369193e-02,1.649815e-01,1.691819e-02,2.474416e-02,1.105219e-03,4.536368e-03,1.176969e-01,7.005707e-03,2.283612e-02,1.966716e-02,2.292605e-02,1.253295e-02,1.966577e-01
3.145969e-01,1.024604e-01,1.174856e-02,1.290235e-01,3.286720e-02,2.132151e-02,1.028792e-03,4.309752e-03,1.331155e-01,7.419129e-03,1.828227e-02,1.564863e-02,1.894425e-02,1.199419e-02,1.772395e-01
3.169242e-01,1.291223e-01,1.049933e-02,1.372885e-01,4.768924e-02,2.080656e-02,1.280035e-03,7.168777e-03,1.237698e-01,5.384944e-03,1.906473e-02,1.492509e-02,2.166737e-02,9.105753e-03,1.353033e-01
3.480749e-01,1.134858e-01,1.210441e-02,1.233766e-01,4.902536e-02,1.899104e-02,1.838554e-03,1.620695e-02,1.167571e-01,4.372843e-03,1.795318e-02,3.283264e-02,3.704198e-02,7.639918e-03,1.002988e-01
2.658839e-01,8.330781e-02,9.614693e-03,1.282290e-01,4.230659e-02,1.747345e-02,1.703119e-03,1.216036e-02,1.120952e-01,3.336633e-03,3.541826e-02,4.395227e-02,1.590818e-01,8.386398e-03,7.705059e-02
2.351300e-01,6.034630e-02,7.304459e-03,1.002836e-01,3.295427e-02,1.401424e-02,2.304537e-03,1.618003e-02,9.839810e-02,3.936019e-03,8.203589e-02,3.962806e-02,2.430745e-01,7.947563e-03,5.646241e-02
2.785199e-01,4.322484e-02,7.186954e-03,7.275081e-02,2.680262e-02,3.552526e-02,1.301286e-02,2.716650e-02,7.726872e-02,6.625187e-03,8.651790e-02,3.485895e-02,2.390214e-01,6.362204e-03,4.515592e-02
2.838630e-01,3.354829e-02,6.808354e-03,5.557582e-02,3.226389e-02,6.556914e-02,1.110715e-02,2.383589e-02,6.591599e-02,4.965441e-03,6.580794e-02,2.770496e-02,2.829483e-01,4.804411e-03,3.528142e-02
2.925257e-01,2.508744e-02,6.128116e-03,3.971563e-02,2.524589e-02,8.500805e-02,9.220699e-03,1.892580e-02,5.234670e-02,3.730472e-03,4.738304e-02,2.862005e-02,3.336451e-01,4.395409e-03,2.802187e-02
3.242397e-01,2.390475e-02,6.478056e-03,2.913681e-02,2.494575e-02,6.915636e-02,9.816350e-03,2.044793e-02,4.448646e-02,3.071482e-03,3.471757e-02,2.704361e-02,3.551277e-01,4.014716e-03,2.341270e-02
2.905111e-01,2.058574e-02,5.279005e-03,2.092709e-02,1.976147e-02,5.085630e-02,7.867123e-03,1.584166e-02,3.457276e-02,3.069322e-03,2.702106e-02,2.600301e-02,4.504523e-01,5.539474e-03,2.171253e-02
2.350014e-01,1.630495e-02,4.926347e-03,1.526394e-02,1.813894e-02,3.744001e-02,8.459486e-03,1.234651e-02,2.726650e-02,6.007026e-03,2.088367e-02,3.166538e-02,5.436602e-01,4.617164e-03,1.801838e-02
1.807451e-01,1.203825e-02,3.596312e-03,1.113806e-02,1.503372e-02,2.742894e-02,6.219774e-03,8.991502e-03,2.173221e-02,5.158210e-03,2.171405e-02,3.577822e-02,6.320390e-01,4.096843e-03,1.428976e-02
1.399369e-01,9.015749e-03,2.809492e-03,9.468381e-03,1.149387e-02,2.539842e-02,4.559299e-03,6.679709e-03,1.891579e-02,2.901641e-02,4.714707e-02,1.727134e-01,5.072621e-01,4.216786e-03,1.136665e-02
1.045943e-01,6.741459e-03,2.373612e-03,8.142905e-03,8.505305e-03,3.456339e-02,3.297699e-03,4.850614e-03,1.616095e-02,3.552965e-02,5.744615e-02,2.932087e-01,4.123295e-01,3.512729e-03,8.743014e-03
7.857010e-02,6.205474e-03,3.401886e-03,7.866012e-03,1.064880e-02,2.704817e-02,2.433224e-03,4.367583e-03,9.199090e-02,4.148859e-02,7.654081e-02,3.139164e-01,3.250143e-01,3.121863e-03,7.385897e-03
6.719644e-02,6.980074e-03,7.812743e-03,2.260222e-02,1.921967e-02,2.564813e-02,2.119980e-03,7.043027e-03,2.038072e-01,4.237349e-02,8.099008e-02,2.601732e-01,2.400701e-01,4.122044e-03,9.841596e-03
6.128350e-02,8.616746e-03,6.444095e-03,1.997666e-02,1.598319e-02,2.955871e-02,1.724024e-03,6.526684e-03,3.276228e-01,3.525810e-02,7.881518e-02,2.105514e-01,1.802913e-01,5.025738e-03,1.232191e-02
8.187567e-02,1.099578e-02,4.941131e-03,1.774093e-02,1.505860e-02,6.957994e-02,2.460913e-03,7.397763e-03,3.442920e-01,3.744343e-02,6.354382e-02,1.572228e-01,1.596622e-01,5.683342e-03,2.210170e-02
7.462659e-02,1.732780e-02,4.127631e-03,1.656795e-02,1.933077e-02,1.003696e-01,3.007973e-03,9.081330e-03,3.716822e-01,3.862360e-02,5.336931e-02,1.143455e-01,1.339954e-01,5.465423e-03,3.807892e-02
6.955066e-02,2.561941e-02,3.363245e-03,1.808305e-02,1.825415e-02,1.251067e-01,3.029639e-03,1.117715e-02,3.526922e-01,3.456503e-02,4.754050e-02,8.519033e-02,1.623013e-01,5.819913e-03,3.770676e-02
5.660758e-02,4.337383e-02,2.838813e-03,1.762452e-02,1.936412e-02,1.390419e-01,2.874041e-03,9.652950e-03,3.503271e-01,2.882470e-02,4.672321e-02,6.471332e-02,1.658306e-01,6.455361e-03,4.574798e-02
4.494170e-02,5.683613e-02,2.611895e-03,2.526398e-02,2.272195e-02,1.702344e-01,2.350038e-03,9.267610e-03,3.529707e-01,2.510257e-02,4.376408e-02,5.296110e-02,1.448332e-01,7.094897e-03,3.904565e-02
3.348630e-02,9.108011e-02,2.000482e-03,3.539015e-02,1.824887e-02,1.506925e-01,1.708045e-03,6.657407e-03,4.053251e-01,2.119261e-02,3.367940e-02,4.085426e-02,1.163988e-01,6.488718e-03,3.679727e-02
2.594225e-02,1.311523e-01,1.615826e-03,3.543279e-02,1.594949e-02,1.446062e-01,1.250557e-03,4.799738e-03,4.299395e-01,1.605267e-02,2.660118e-02,3.231425e-02,9.616946e-02,5.195023e-03,3.297872e-02
1.983459e-02,1.231321e-01,1.849504e-03,9.505205e-02,1.448138e-02,1.112181e-01,9.336026e-04,3.773563e-03,4.726047e-01,1.255821e-02,1.984472e-02,2.349139e-02,6.877187e-02,3.845942e-03,2.860834e-02
1.577280e-02,9.763651e-02,1.427620e-03,9.005338e-02,2.286988e-02,1.309757e-01,1.097551e-03,3.285315e-03,5.192937e-01,9.484746e-03,1.493335e-02,1.718110e-02,4.998294e-02,2.869422e-03,2.313600e-02
1.654909e-02,7.199128e-02,1.637306e-03,7.826715e-02,4.397024e-02,2.449845e-01,3.041122e-03,2.193773e-02,4.314405e-01,7.005974e-03,1.093229e-02,1.233486e-02,3.631517e-02,2.093869e-03,1.749892e-02
1.758220e-02,5.337535e-02,5.880309e-03,1.933448e-01,4.262136e-02,2.242499e-01,3.373304e-03,3.323130e-02,3.528714e-01,6.648554e-03,9.176015e-03,8.960805e-03,2.667948e-02,1.563231e-03,2.044199e-02
3.656637e-02,4.064957e-02,6.808865e-03,1.610402e-01,6.118825e-02,2.881764e-01,7.927008e-03,3.537915e-02,3.066359e-01,4.932799e-03,7.055659e-03,7.400923e-03,1.973174e-02,1.157236e-03,1.534988e-02
1.031296e-01,3.481694e-02,1.032588e-02,1.321176e-01,7.749501e-02,2.563252e-01,9.227481e-03,3.898564e-02,2.791645e-01,3.913298e-03,6.410141e-03,6.894759e-03,2.542274e-02,1.555299e-03,1.421589e-02
1.281357e-01,3.268623e-02,1.045656e-02,1.282745e-01,1.221664e-01,2.084238e-01,1.196544e-02,3.170193e-02,2.499131e-01,3.588210e-03,7.202958e-03,8.623451e-03,4.306185e-02,1.583490e-03,1.221631e-02
1.136985e-01,2.898953e-02,9.571990e-03,1.125028e-01,1.630541e-01,2.733289e-01,1.188320e-02,2.549984e-02,1.901698e-01,3.437643e-03,6.560077e-03,8.358669e-03,3.865105e-02,1.614052e-03,1.267978e-02
1.000598e-01,2.572894e-02,3.084876e-02,9.408658e-02,1.512540e-01,3.258258e-01,1.178908e-02,6.168598e-02,1.399258e-01,4.921800e-03,6.385047e-03,6.233014e-03,3.065848e-02,1.279369e-03,9.317579e-03
7.336026e-02,1.896407e-02,2.804085e-02,7.512371e-02,1.294568e-01,2.851754e-01,1.176888e-02,2.375023e-01,9.824315e-02,3.814901e-03,4.762305e-03,4.396986e-03,2.189813e-02,9.189346e-04,6.573312e-03
5.302063e-02,1.363198e-02,2.416231e-02,6.139477e-02,1.156484e-01,2.159289e-01,1.511007e-02,4.013948e-01,6.890152e-02,3.461170e-03,3.470579e-03,3.103088e-03,1.547932e-02,6.551563e-04,4.637287e-03
4.060204e-02,1.037756e-02,3.623439e-02,5.082656e-02,1.249664e-01,1.593013e-01,2.656270e-02,4.739695e-01,4.850984e-02,7.679780e-03,2.647597e-03,2.301398e-03,1.197552e-02,4.784595e-04,3.566895e-03
3.141359e-02,8.560648e-03,4.434926e-02,4.314116e-02,1.296240e-01,1.266441e-01,2.147516e-02,5.201871e-01,3.428950e-02,2.418543e-02,1.975543e-03,1.719603e-03,8.989928e-03,3.914316e-04,3.053417e-03
2.227120e-02,6.721967e-03,3.419915e-02,3.088715e-02,1.153821e-01,1.012222e-01,1.710685e-02,3.955969e-01,2.446496e-02,2.359128e-01,1.517762e-03,1.242836e-03,6.775423e-03,8.621608e-04,5.836501e-03
1.570751e-02,5.074284e-03,2.624146e-02,2.187255e-02,8.735339e-02,7.527021e-02,1.620031e-02,2.864744e-01,1.729647e-02,4.333432e-01,1.226420e-03,8.896037e-04,4.859224e-03,1.319731e-03,6.871168e-03
1.221762e-02,7.456810e-03,1.948136e-02,1.564518e-02,9.220798e-02,9.442878e-02,3.018273e-02,2.058044e-01,1.257347e-02,4.833983e-01,2.396770e-03,6.914249e-04,3.864678e-03,3.908301e-03,1.574216e-02
1.186505e-02,9.489475e-03,1.555752e-02,1.151077e-02,8.788130e-02,1.620353e-01,5.137289e-02,1.482199e-01,9.404359e-03,4.538663e-01,6.760286e-03,5.617419e-04,3.071029e-03,8.470378e-03,1.993369e-02
1.073382e-02,8.192655e-03,1.217585e-02,8.518483e-03,7.332180e-02,3.351198e-01,4.323885e-02,1.069219e-01,6.907951e-03,3.537689e-01,1.345867e-02,4.776288e-04,2.372497e-03,8.619873e-03,1.617128e-02
1.574006e-02,5.897076e-03,9.014437e-03,6.131881e-03,5.327493e-02,5.023364e-01,3.352040e-02,7.620706e-02,4.979703e-03,2.501377e-01,2.038331e-02,3.702083e-04,1.814901e-03,8.044594e-03,1.214735e-02
2.480686e-02,4.315829e-03,6.663576e-03,4.381220e-03,3.834302e-02,6.119294e-01,2.640887e-02,5.472685e-02,3.590513e-03,1.759459e-01,2.570123e-02,2.898441e-04,1.346234e-03,1.088911e-02,1.066158e-02
3.465711e-02,3.411599e-03,4.910650e-03,3.214128e-03,2.708342e-02,6.778057e-01,1.891984e-02,3.955770e-02,2.651758e-03,1.235331e-01,3.171165e-02,2.833128e-04,1.099752e-03,1.845373e-02,1.270663e-02
3.323226e-02,3.603084e-03,3.629187e-03,2.478911e-03,1.902930e-02,6.416200e-01,1.330262e-02,2.838694e-02,2.755874e-03,8.894783e-02,6.686417e-02,5.896954e-04,1.225688e-03,3.546022e-02,5.887425e-02
2.745739e-02,2.620902e-03,2.615873e-03,1.748048e-03,1.334111e-02,6.505404e-01,9.341265e-03,2.017236e-02,2.636026e-03,6.340977e-02,6.753714e-02,5.110486e-04,1.027866e-03,7.513805e-02,6.190284e-02
3.640722e-02,1.938317e-03,1.971193e-03,1.240046e-03,9.372664e-03,5.133303e-01,6.617527e-03,1.445490e-02,3.181235e-03,4.774204e-02,8.440836e-02,6.211713e-04,1.186654e-03,2.233806e-01,5.414781e-02
8.200835e-02,1.990539e-03,1.692822e-03,9.547658e-04,6.643458e-03,3.879941e-01,4.740919e-03,1.060078e-02,5.507619e-03,3.692744e-02,8.287178e-02,1.066710e-03,1.749861e-03,3.105375e-01,6.471327e-02
1.358215e-01,1.260802e-02,7.019950e-03,5.414960e-03,6.022328e-03,3.188912e-01,3.492049e-03,8.798800e-03,1.343937e-02,2.669571e-02,6.884482e-02,1.539147e-03,3.470179e-03,3.021547e-01,8.578727e-02
1.380159e-01,1.826077e-02,3.520988e-02,1.108491e-02,5.633193e-03,2.441685e-01,2.800471e-03,6.970396e-03,1.474069e-02,2.189163e-02,6.399807e-02,3.322911e-03,4.106697e-03,3.289009e-01,1.008950e-01
1.690449e-01,2.004635e-02,3.966796e-02,1.074034e-02,5.503247e-03,2.187794e-01,3.083791e-03,6.536464e-03,2.547681e-02,1.812943e-02,5.398942e-02,4.106910e-03,6.042437e-03,3.097693e-01,1.090833e-01
1.689840e-01,3.483140e-02,3.490672e-02,8.985330e-03,4.739135e-03,1.850314e-01,2.725583e-03,5.583894e-03,6.089663e-02,1.668746e-02,4.340013e-02,4.192948e-03,7.280739e-03,2.946424e-01,1.271122e-01
1.854331e-01,3.869243e-02,3.072936e-02,7.995925e-03,4.626904e-03,1.590734e-01,3.003270e-03,5.398862e-03,8.761800e-02,1.553308e-02,3.620476e-02,4.831816e-03,1.177258e-02,2.599782e-01,1.491083e-01
1.557190e-01,4.084009e-02,6.513667e-02,7.279653e-02,1.378806e-02,1.159364e-01,3.404211e-03,5.744476e-03,1.115756e-01,1.497858e-02,3.053392e-02,4.826388e-03,9.261273e-03,2.009192e-01,1.545396e-01
1.719919e-01,4.733631e-02,9.505393e-02,6.276156e-02,1.152939e-02,8.698935e-02,3.262619e-03,5.543157e-03,9.347226e-02,1.287097e-02,2.677054e-02,6.639112e-03,9.110689e-03,2.054933e-01,1.611750e-01
1.512555e-01,4.161876e-02,9.506107e-02,4.752858e-02,1.080648e-02,6.316917e-02,3.038398e-03,4.670010e-03,8.088627e-02,1.470973e-02,2.421021e-02,5.862291e-03,8.206767e-03,2.255301e-01,2.234465e-01
1.515777e-01,7.387191e-02,7.542567e-02,4.057918e-02,9.177602e-03,4.712015e-02,2.606350e-03,4.415445e-03,1.259273e-01,1.755950e-02,2.279358e-02,6.153010e-03,1.057740e-02,1.898683e-01,2.223470e-01
1.772570e-01,7.776166e-02,6.058942e-02,3.611595e-02,1.119033e-02,3.680700e-02,2.874829e-03,6.090552e-03,1.453330e-01,2.931729e-02,2.659111e-02,7.370856e-03,1.661274e-02,1.696995e-01,1.963888e-01
1.425161e-01,6.678699e-02,4.896994e-02,3.794824e-02,9.724250e-03,2.706889e-02,2.575465e-03,6.819711e-03,2.621557e-01,5.362526e-02,2.812707e-02,6.025421e-03,1.857482e-02,1.234447e-01,1.656374e-01
1.593882e-01,7.762631e-02,3.653530e-02,3.494437e-02,1.304990e-02,2.399919e-02,2.636886e-03,1.051406e-02,2.693913e-01,3.986618e-02,4.130360e-02,9.261847e-03,6.446897e-02,9.460271e-02,1.224112e-01
1.697206e-01,8.527342e-02,2.814596e-02,3.274916e-02,3.911816e-02,3.273987e-02,2.413729e-03,1.440686e-02,2.457706e-01,2.964674e-02,3.469293e-02,9.341617e-03,1.072500e-01,7.258961e-02,9.614069e-02
2.106175e-01,7.636907e-02,2.401724e-02,4.700632e-02,7.120880e-02,3.537759e-02,4.303007e-03,2.413536e-02,2.308345e-01,2.227169e-02,2.827084e-02,9.697312e-03,8.676254e-02,5.420677e-02,7.492153e-02
2.468349e-01,6.138273e-02,3.015383e-02,1.131531e-01,7.114926e-02,3.096271e-02,4.092502e-03,2.083339e-02,2.000898e-01,1.895498e-02,2.324648e-02,9.848477e-03,6.677776e-02,3.902618e-02,6.349401e-02
3.274792e-01,5.410974e-02,4.289375e-02,1.155233e-01,6.278720e-02,3.155088e-02,3.686904e-03,1.934925e-02,1.532428e-01,1.622388e-02,2.292480e-02,1.030298e-02,5.673211e-02,2.879821e-02,5.439507e-02
3.861323e-01,5.278150e-02,4.846267e-02,1.130623e-01,5.676446e-02,2.822051e-02,3.525761e-03,1.572744e-02,1.221963e-01,1.602009e-02,2.097927e-02,1.225243e-02,4.914804e-02,2.226733e-02,5.245959e-02
3.855757e-01,4.973121e-02,7.696517e-02,1.212837e-01,6.153128e-02,2.584181e-02,3.866747e-03,1.636376e-02,1.024160e-01,1.646257e-02,1.897608e-02,1.458148e-02,4.129360e-02,1.914813e-02,4.596281e-02
3.243910e-01,5.865058e-02,1.503782e-01,1.123461e-01,6.195699e-02,2.078644e-02,4.052187e-03,5.481748e-02,8.276568e-02,1.319416e-02,1.478903e-02,1.211896e-02,3.189968e-02,1.616079e-02,4.169284e-02
2.961604e-01,7.208581e-02,2.140962e-01,1.011655e-01,5.664735e-02,1.834156e-02,4.002498e-03,5.466285e-02,7.023989e-02,1.241323e-02,1.159931e-02,1.038695e-02,2.578039e-02,1.309373e-02,3.932437e-02
3.154714e-01,6.540446e-02,2.450581e-01,8.615192e-02,5.452385e-02,1.712456e-02,3.784108e-03,5.559587e-02,5.926853e-02,1.021967e-02,9.944298e-03,9.707286e-03,2.175311e-02,1.207204e-02,3.392091e-02
3.400282e-01,5.904607e-02,2.642294e-01,7.038803e-02,6.110210e-02,1.523028e-02,3.610729e-03,4.935431e-02,5.108944e-02,9.481790e-03,8.407985e-03,8.977646e-03,1.803682e-02,1.153855e-02,2.947871e-02
3.477138e-01,4.700318e-02,2.921436e-01,6.780655e-02,5.102758e-02,1.422776e-02,3.455319e-03,5.023497e-02,4.029877e-02,9.425986e-03,9.941686e-03,1.432257e-02,1.587210e-02,1.243853e-02,2.408770e-02
3.240764e-01,4.477095e-02,2.941469e-01,6.099248e-02,4.325516e-02,1.106906e-02,3.155696e-03,1.175670e-01,3.458591e-02,8.020233e-03,8.087566e-03,1.136747e-02,1.182770e-02,9.245979e-03,1.783159e-02
3.123192e-01,4.643118e-02,2.918474e-01,6.912530e-02,3.495415e-02,9.430098e-03,3.346076e-03,1.453502e-01,3.142593e-02,7.611389e-03,7.080437e-03,1.011694e-02,9.135194e-03,7.482219e-03,1.434419e-02
2.650278e-01,3.548848e-02,2.547762e-01,5.779828e-02,2.472571e-02,1.188658e-02,2.823126e-03,1.160013e-01,5.285143e-02,3.758673e-02,1.080062e-02,1.187706e-02,1.127692e-02,3.109925e-02,7.598048e-02
3.640938e-01,2.876770e-02,1.921544e-01,5.192502e-02,1.798418e-02,1.152186e-02,2.447083e-03,9.420843e-02,6.088886e-02,3.768563e-02,1.086632e-02,1.686435e-02,1.574338e-02,2.277006e-02,7.207885e-02
4.315859e-01,2.253559e-02,1.535288e-01,4.226440e-02,1.342540e-02,1.130755e-02,2.458820e-03,9.072581e-02,6.653638e-02,3.119414e-02,1.133474e-02,1.560221e-02,1.442085e-02,2.120823e-02,7.187120e-02
3.746627e-01,1.828088e-02,1.677517e-01,5.825372e-02,1.208295e-02,9.964802e-03,2.209340e-03,7.672693e-02,1.359216e-01,2.817291e-02,1.053907e-02,1.305445e-02,1.280725e-02,1.886162e-02,6.071014e-02
4.096764e-01,1.372332e-02,1.430764e-01,4.656890e-02,9.584608e-03,9.292982e-03,1.907941e-03,5.884395e-02,1.794907e-01,2.092004e-02,9.791727e-03,1.044435e-02,1.146847e-02,2.093414e-02,5.427604e-02
3.113598e-01,9.783324e-03,1.026191e-01,3.325057e-02,6.840635e-03,6.618013e-03,1.409673e-03,4.179177e-02,3.871731e-01,1.560212e-02,8.629860e-03,7.740188e-03,8.897022e-03,1.788509e-02,4.039988e-02
2.526701e-01,7.145116e-03,7.319402e-02,2.558380e-02,5.504171e-03,4.837641e-03,1.039863e-03,3.077715e-02,5.224430e-01,1.205402e-02,7.112670e-03,5.945029e-03,7.829526e-03,1.400554e-02,2.985842e-02
2.106233e-01,5.390930e-03,6.539764e-02,2.354422e-02,5.422587e-03,3.700583e-03,9.455574e-04,2.500706e-02,5.874916e-01,1.152238e-02,6.623188e-03,4.822584e-03,7.070471e-03,1.914924e-02,2.328873e-02
1.576401e-01,4.237204e-03,5.481916e-02,1.808464e-02,4.209704e-03,2.701018e-03,7.843184e-04,1.804505e-02,6.719773e-01,1.162156e-02,5.285452e-03,3.598789e-03,5.354104e-03,2.287021e-02,1.877141e-02
1.603222e-01,3.869258e-03,4.708136e-02,1.386035e-02,3.494034e-03,2.291752e-03,9.320812e-04,1.314726e-02,6.565499e-01,1.160012e-02,7.232600e-03,3.038024e-03,4.727079e-03,4.890393e-02,2.295000e-02
1.365653e-01,3.136898e-03,4.113720e-02,1.000261e-02,2.545769e-03,1.825527e-03,7.058100e-04,9.280216e-03,6.688141e-01,2.500044e-02,6.006499e-03,2.287726e-03,4.241149e-03,6.480689e-02,2.364394e-02
1.292863e-01,2.497429e-03,3.969923e-02,7.410365e-03,1.883088e-03,1.621510e-03,5.310084e-04,6.638106e-03,5.761294e-01,1.383812e-01,7.556722e-03,1.804140e-03,4.047532e-03,5.924192e-02,2.327202e-02
1.070986e-01,2.278241e-03,3.444801e-02,5.989704e-03,1.436014e-03,1.413240e-03,4.017139e-04,4.760513e-03,5.835263e-01,1.648402e-01,9.951966e-03,1.609921e-03,5.210878e-03,4.504567e-02,3.198906e-02
7.588772e-02,1.976067e-03,2.417921e-02,4.751951e-03,1.023252e-03,1.106411e-03,2.853345e-04,3.345730e-03,6.924686e-01,1.209223e-01,8.324406e-03,1.462119e-03,6.181490e-03,3.223355e-02,2.585183e-02
5.400865e-02,1.974421e-03,1.698983e-02,3.549543e-03,8.269795e-04,1.024077e-03,2.094412e-04,2.366935e-03,5.730595e-01,2.781055e-01,8.377397e-03,1.296709e-03,9.964189e-03,2.349122e-02,2.475564e-02
3.792313e-02,2.190632e-03,1.213076e-02,2.958385e-03,6.225399e-04,9.488301e-04,1.550005e-04,1.665847e-03,5.875838e-01,2.973226e-01,6.757974e-03,1.629850e-03,9.869523e-03,1.670628e-02,2.153488e-02
2.658107e-02,1.690785e-03,8.719578e-03,2.173353e-03,6.001159e-04,1.375024e-03,1.250433e-04,1.172748e-03,4.143690e-01,4.910960e-01,6.273832e-03,1.648415e-03,8.802333e-03,1.292780e-02,2.244497e-02
1.886510e-02,1.719158e-03,7.037069e-03,1.581835e-03,8.628249e-04,2.156968e-03,1.034816e-04,8.767839e-04,2.920209e-01,5.512155e-01,1.853576e-02,3.262576e-03,1.790842e-02,1.133772e-02,7.251588e-02
1.395879e-02,2.113994e-03,5.117088e-03,1.194547e-03,9.768148e-04,2.876627e-03,1.035169e-04,7.167363e-04,2.055797e-01,4.726998e-01,3.848949e-02,5.899305e-03,2.346652e-02,1.775358e-02,2.090536e-01
1.060256e-02,1.780790e-03,3.750130e-03,1.051301e-03,1.675228e-03,3.672496e-03,1.148466e-04,5.467188e-04,1.445638e-01,3.805274e-01,1.210539e-01,1.389790e-02,4.334192e-02,2.222914e-02,2.511920e-01
8.110965e-03,2.465975e-03,3.123752e-03,1.062150e-03,2.641161e-03,3.652566e-03,1.109065e-04,4.304312e-04,1.026438e-01,3.220857e-01,1.478535e-01,1.928395e-02,6.508958e-02,4.493470e-02,2.765108e-01
6.187804e-03,2.016244e-03,2.303817e-03,8.426813e-04,2.256677e-03,4.157049e-03,1.148028e-04,3.144601e-04,7.403923e-02,4.266542e-01,1.202370e-01,1.763378e-02,5.431966e-02,4.251426e-02,2.464084e-01
4.603696e-03,2.050720e-03,2.100728e-03,6.108317e-04,2.327113e-03,3.074599e-03,1.191865e-04,2.850366e-04,5.330299e-02,4.989600e-01,1.025968e-01,1.547009e-02,5.672200e-02,4.263384e-02,2.151424e-01
5.644879e-03,1.929504e-03,4.269482e-03,9.591084e-04,3.200312e-03,4.388479e-03,2.693545e-04,2.892611e-03,4.788432e-02,5.739838e-01,8.981915e-02,1.378164e-02,4.844335e-02,4.033385e-02,1.622002e-01
7.870207e-03,3.347497e-03,9.309663e-03,1.368526e-03,3.383389e-03,6.342269e-03,3.722239e-04,3.910281e-03,3.852347e-02,6.319309e-01,8.000166e-02,1.329655e-02,3.853377e-02,3.591946e-02,1.258901e-01
1.055029e-02,5.607149e-03,1.514718e-02,2.233492e-03,6.113936e-03,8.740008e-03,4.040515e-04,1.179816e-02,3.722737e-02,6.536877e-01,7.131967e-02,1.452752e-02,3.238548e-02,3.200247e-02,9.825558e-02
2.640197e-02,8.846827e-03,2.467091e-02,3.881100e-03,1.126159e-02,9.129398e-03,5.423169e-04,1.893189e-02,4.372293e-02,6.571737e-01,5.877165e-02,1.396950e-02,2.647575e-02,2.458801e-02,7.163247e-02
3.487909e-02,1.470875e-02,8.685382e-02,1.633853e-02,1.605703e-02,1.235416e-02,1.187305e-03,2.677126e-02,5.975838e-02,5.647224e-01,5.486727e-02,1.718504e-02,2.357061e-02,1.839930e-02,5.234711e-02
3.045757e-02,3.932233e-02,6.712122e-02,1.624846e-02,1.390963e-02,1.178755e-02,9.454633e-04,2.407854e-02,9.760390e-02,5.470135e-01,5.233664e-02,2.398822e-02,1.960701e-02,1.540549e-02,4.017450e-02
2.458698e-02,6.199946e-02,4.860139e-02,1.329972e-02,1.398625e-02,8.689824e-03,7.254673e-04,1.839654e-02,2.260041e-01,4.584825e-01,4.562502e-02,2.339167e-02,1.643861e-02,1.124188e-02,2.853061e-02
2.052562e-02,5.870075e-02,4.044558e-02,1.170324e-02,3.087128e-02,6.630292e-03,6.729291e-04,1.777723e-02,3.117116e-01,4.015561e-01,3.670055e-02,1.966417e-02,1.369983e-02,8.837368e-03,2.050351e-02
1.673184e-02,7.082769e-02,3.042622e-02,1.256376e-02,3.362488e-02,4.884326e-03,5.223564e-04,2.729517e-02,4.256017e-01,3.030945e-01,2.756320e-02,1.512001e-02,1.012438e-02,6.707227e-03,1.491276e-02
1.709934e-02,6.241371e-02,3.281440e-02,2.216733e-02,4.022164e-02,3.924543e-03,4.481180e-04,7.607073e-02,4.575095e-01,2.265782e-01,2.124155e-02,1.137300e-02,8.471336e-03,5.316082e-03,1.435059e-02
2.364239e-02,5.163380e-02,3.453558e-02,5.861247e-02,7.451864e-02,3.234508e-03,4.510056e-04,1.380901e-01,4.079207e-01,1.622985e-01,1.588456e-02,8.113581e-03,6.327724e-03,4.106948e-03,1.062956e-02
4.165155e-02,4.554145e-02,4.090475e-02,7.239562e-02,1.019967e-01,2.903093e-03,6.721254e-04,1.453183e-01,3.891953e-01,1.244939e-01,1.212387e-02,5.896003e-03,4.863325e-03,3.913722e-03,8.130310e-03
6.158467e-02,6.030714e-02,4.855343e-02,5.708266e-02,1.154932e-01,3.483611e-03,8.557967e-04,1.633442e-01,3.669857e-01,9.221198e-02,9.128819e-03,4.360879e-03,3.662122e-03,4.319533e-03,8.626336e-03
7.161113e-02,6.671173e-02,6.173501e-02,4.481596e-02,1.393329e-01,5.493675e-03,1.280461e-03,1.608008e-01,3.585471e-01,6.535093e-02,6.909483e-03,3.289400e-03,2.952195e-03,4.156902e-03,7.012358e-03
5.995397e-02,5.223869e-02,6.186400e-02,4.432306e-02,1.622762e-01,6.380771e-03,1.715105e-03,2.547733e-01,2.924527e-01,4.591154e-02,5.051289e-03,2.413545e-03,2.189227e-03,3.208912e-03,5.247701e-03
5.580320e-02,4.568031e-02,1.012771e-01,7.361674e-02,1.635734e-01,6.338639e-03,1.689837e-03,2.034062e-01,3.019302e-01,3.253666e-02,3.936502e-03,1.798342e-03,1.688353e-03,2.366815e-03,4.357572e-03
6.125028e-02,6.148798e-02,1.074259e-01,6.793918e-02,1.515267e-01,7.421821e-03,1.577106e-03,1.572534e-01,3.489970e-01,2.339411e-02,3.368207e-03,1.371439e-03,1.310893e-03,1.949828e-03,3.726111e-03
