1.000000e+00,0.000000e+00,0.000000e+00,0.000000e+00,0.000000e+00,0.000000e+00,0.000000e+00,0.000000e+00,0.000000e+00,0.000000e+00,0.000000e+00,0.000000e+00,0.000000e+00,0.000000e+00,0.000000e+00
1.000000e+00,0.000000e+00,0.000000e+00,0.000000e+00,0.000000e+00,0.000000e+00,0.000000e+00,0.000000e+00,0.000000e+00,0.000000e+00,0.000000e+00,0.000000e+00,0.000000e+00,0.000000e+00,0.000000e+00
1.000000e+00,0.000000e+00,0.000000e+00,0.000000e+00,0.000000e+00,0.000000e+00,0.000000e+00,0.000000e+00,0.000000e+00,0.000000e+00,0.000000e+00,0.000000e+00,0.000000e+00,0.000000e+00,0.000000e+00
1.000000e+00,0.000000e+00,0.000000e+00,0.000000e+00,0.000000e+00,0.000000e+00,0.000000e+00,0.000000e+00,0.000000e+00,0.000000e+00,0.000000e+00,0.000000e+00,0.000000e+00,0.000000e+00,0.000000e+00
1.000000e+00,0.000000e+00,0.000000e+00,0.000000e+00,0.000000e+00,0.000000e+00,0.000000e+00,0.000000e+00,0.000000e+00,0.000000e+00,0.000000e+00,0.000000e+00,0.000000e+00,0.000000e+00,0.000000e+00
1.000000e+00,0.000000e+00,0.000000e+00,0.000000e+00,0.000000e+00,0.000000e+00,0.000000e+00,0.000000e+00,0.000000e+00,0.000000e+00,0.000000e+00,0.000000e+00,0.000000e+00,0.000000e+00,0.000000e+00
1.000000e+00,0.000000e+00,0.000000e+00,0.000000e+00,0.000000e+00,0.000000e+00,0.000000e+00,0.000000e+00,0.000000e+00,0.000000e+00,0.000000e+00,0.000000e+00,0.000000e+00,0.000000e+00,0.000000e+00
1.000000e+00,0.000000e+00,0.000000e+00,0.000000e+00,0.000000e+00,0.000000e+00,0.000000e+00,0.000000e+00,0.000000e+00,0.000000e+00,0.000000e+00,0.000000e+00,0.000000e+00,0.000000e+00,0.000000e+00
1.000000e+00,0.000000e+00,0.000000e+00,0.000000e+00,0.000000e+00,0.000000e+00,0.000000e+00,0.000000e+00,0.000000e+00,0.000000e+00,0.000000e+00,0.000000e+00,0.000000e+00,0.000000e+00,0.000000e+00
1.000000e+00,0.000000e+00,0.000000e+00,0.000000e+00,0.000000e+00,0.000000e+00,0.000000e+00,0.000000e+00,0.000000e+00,0.000000e+00,0.000000e+00,0.000000e+00,0.000000e+00,0.000000e+00,0.000000e+00
1.000000e+00,0.000000e+00,0.000000e+00,0.000000e+00,0.000000e+00,0.000000e+00,0.000000e+00,0.000000e+00,0.000000e+00,0.000000e+00,0.000000e+00,0.000000e+00,0.000000e+00,0.000000e+00,0.000000e+00
1.000000e+00,0.000000e+00,0.000000e+00,0.000000e+00,0.000000e+00,0.000000e+00,0.000000e+00,0.000000e+00,0.000000e+00,0.000000e+00,0.000000e+00,0.000000e+00,0.000000e+00,0.000000e+00,0.000000e+00
1.000000e+00,0.000000e+00,0.000000e+00,0.000000e+00,0.000000e+00,0.000000e+00,0.000000e+00,0.000000e+00,0.000000e+00,0.000000e+00,0.000000e+00,0.000000e+00,0.000000e+00,0.000000e+00,0.000000e+00
1.000000e+00,0.000000e+00,0.000000e+00,0.000000e+00,0.000000e+00,0.000000e+00,0.000000e+00,0.000000e+00,0.000000e+00,0.000000e+00,0.000000e+00,0.000000e+00,0.000000e+00,0.000000e+00,0.000000e+00
1.000000e+00,0.000000e+00,0.000000e+00,0.000000e+00,0.000000e+00,0.000000e+00,0.000000e+00,0.000000e+00,0.000000e+00,0.000000e+00,0.000000e+00,0.000000e+00,0.000000e+00,0.000000e+00,0.000000e+00
1.000000e+00,0.000000e+00,0.000000e+00,0.000000e+00,0.000000e+00,0.000000e+00,0.000000e+00,0.000000e+00,0.000000e+00,0.000000e+00,0.000000e+00,0.000000e+00,0.000000e+00,0.000000e+00,0.000000e+00
1.000000e+00,0.000000e+00,0.000000e+00,0.000000e+00,0.000000e+00,0.000000e+00,0.000000e+00,0.000000e+00,0.000000e+00,0.000000e+00,0.000000e+00,0.000000e+00,0.000000e+00,0.000000e+00,0.000000e+00
1.000000e+00,0.000000e+00,0.000000e+00,0.000000e+00,0.000000e+00,0.000000e+00,0.000000e+00,0.000000e+00,0.000000e+00,0.000000e+00,0.000000e+00,0.000000e+00,0.000000e+00,0.000000e+00,0.000000e+00
1.000000e+00,0.000000e+00,0.000000e+00,0.000000e+00,0.000000e+00,0.000000e+00,0.000000e+00,0.000000e+00,0.000000e+00,0.000000e+00,0.000000e+00,0.000000e+00,0.000000e+00,0.000000e+00,0.000000e+00
1.000000e+00,0.000000e+00,0.000000e+00,0.000000e+00,0.000000e+00,0.000000e+00,0.000000e+00,0.000000e+00,0.000000e+00,0.000000e+00,0.000000e+00,0.000000e+00,0.000000e+00,0.000000e+00,0.000000e+00
1.000000e+00,0.000000e+00,0.000000e+00,0.000000e+00,0.000000e+00,0.000000e+00,0.000000e+00,0.000000e+00,0.000000e+00,0.000000e+00,0.000000e+00,0.000000e+00,0.000000e+00,0.000000e+00,0.000000e+00
1.000000e+00,0.000000e+00,0.000000e+00,0.000000e+00,0.000000e+00,0.000000e+00,0.000000e+00,0.000000e+00,0.000000e+00,0.000000e+00,0.000000e+00,0.000000e+00,0.000000e+00,0.000000e+00,0.000000e+00
1.000000e+00,0.000000e+00,0.000000e+00,0.000000e+00,0.000000e+00,0.000000e+00,0.000000e+00,0.000000e+00,0.000000e+00,0.000000e+00,0.000000e+00,0.000000e+00,0.000000e+00,0.000000e+00,0.000000e+00
1.000000e+00,0.000000e+00,0.000000e+00,0.000000e+00,0.000000e+00,0.000000e+00,0.000000e+00,0.000000e+00,0.000000e+00,0.000000e+00,0.000000e+00,0.000000e+00,0.000000e+00,0.000000e+00,0.000000e+00
1.000000e+00,0.000000e+00,0.000000e+00,0.000000e+00,0.000000e+00,0.000000e+00,0.000000e+00,0.000000e+00,0.000000e+00,0.000000e+00,0.000000e+00,0.000000e+00,0.000000e+00,0.000000e+00,0.000000e+00
1.000000e+00,0.000000e+00,0.000000e+00,0.000000e+00,0.000000e+00,0.000000e+00,0.000000e+00,0.000000e+00,0.000000e+00,0.000000e+00,0.000000e+00,0.000000e+00,0.000000e+00,0.000000e+00,0.000000e+00
1.000000e+00,0.000000e+00,0.000000e+00,0.000000e+00,0.000000e+00,0.000000e+00,0.000000e+00,0.000000e+00,0.000000e+00,0.000000e+00,0.000000e+00,0.000000e+00,0.000000e+00,0.000000e+00,0.000000e+00
1.000000e+00,0.000000e+00,0.000000e+00,0.000000e+00,0.000000e+00,0.000000e+00,0.000000e+00,0.000000e+00,0.000000e+00,0.000000e+00,0.000000e+00,0.000000e+00,0.000000e+00,0.000000e+00,0.000000e+00
1.000000e+00,0.000000e+00,0.000000e+00,0.000000e+00,0.000000e+00,0.000000e+00,0.000000e+00,0.000000e+00,0.000000e+00,0.000000e+00,0.000000e+00,0.000000e+00,0.000000e+00,0.000000e+00,0.000000e+00
1.000000e+00,0.000000e+00,0.000000e+00,0.000000e+00,0.000000e+00,0.000000e+00,0.000000e+00,0.000000e+00,0.000000e+00,0.000000e+00,0.000000e+00,0.000000e+00,0.000000e+00,0.000000e+00,0.000000e+00
1.000000e+00,0.000000e+00,0.000000e+00,0.000000e+00,0.000000e+00,0.000000e+00,0.000000e+00,0.000000e+00,0.000000e+00,0.000000e+00,0.000000e+00,0.000000e+00,0.000000e+00,0.000000e+00,0.000000e+00
1.000000e+00,0.000000e+00,0.000000e+00,0.000000e+00,0.000000e+00,0.000000e+00,0.000000e+00,0.000000e+00,0.000000e+00,0.000000e+00,0.000000e+00,0.000000e+00,0.000000e+00,0.000000e+00,0.000000e+00
1.000000e+00,0.000000e+00,0.000000e+00,0.000000e+00,0.000000e+00,0.000000e+00,0.000000e+00,0.000000e+00,0.000000e+00,0.000000e+00,0.000000e+00,0.000000e+00,0.000000e+00,0.000000e+00,0.000000e+00
1.000000e+00,0.000000e+00,0.000000e+00,0.000000e+00,0.000000e+00,0.000000e+00,0.000000e+00,0.000000e+00,0.000000e+00,0.000000e+00,0.000000e+00,0.000000e+00,0.000000e+00,0.000000e+00,0.000000e+00
1.000000e+00,0.000000e+00,0.000000e+00,0.000000e+00,0.000000e+00,0.000000e+00,0.000000e+00,0.000000e+00,0.000000e+00,0.000000e+00,0.000000e+00,0.000000e+00,0.000000e+00,0.000000e+00,0.000000e+00
1.000000e+00,0.000000e+00,0.000000e+00,0.000000e+00,0.000000e+00,0.000000e+00,0.000000e+00,0.000000e+00,0.000000e+00,0.000000e+00,0.000000e+00,0.000000e+00,0.000000e+00,0.000000e+00,0.000000e+00
1.000000e+00,0.000000e+00,0.000000e+00,0.000000e+00,0.000000e+00,0.000000e+00,0.000000e+00,0.000000e+00,0.000000e+00,0.000000e+00,0.000000e+00,0.000000e+00,0.000000e+00,0.000000e+00,0.000000e+00
1.000000e+00,0.000000e+00,0.000000e+00,0.000000e+00,0.000000e+00,0.000000e+00,0.000000e+00,0.000000e+00,0.000000e+00,0.000000e+00,0.000000e+00,0.000000e+00,0.000000e+00,0.000000e+00,0.000000e+00
1.000000e+00,0.000000e+00,0.000000e+00,0.000000e+00,0.000000e+00,0.000000e+00,0.000000e+00,0.000000e+00,0.000000e+00,0.000000e+00,0.000000e+00,0.000000e+00,0.000000e+00,0.000000e+00,0.000000e+00
1.000000e+00,0.000000e+00,0.000000e+00,0.000000e+00,0.000000e+00,0.000000e+00,0.000000e+00,0.000000e+00,0.000000e+00,0.000000e+00,0.000000e+00,0.000000e+00,0.000000e+00,0.000000e+00,0.000000e+00
1.000000e+00,0.000000e+00,0.000000e+00,0.000000e+00,0.000000e+00,0.000000e+00,0.000000e+00,0.000000e+00,0.000000e+00,0.000000e+00,0.000000e+00,0.000000e+00,0.000000e+00,0.000000e+00,0.000000e+00
1.000000e+00,0.000000e+00,0.000000e+00,0.000000e+00,0.000000e+00,0.000000e+00,0.000000e+00,0.000000e+00,0.000000e+00,0.000000e+00,0.000000e+00,0.000000e+00,0.000000e+00,0.000000e+00,0.000000e+00
1.000000e+00,0.000000e+00,0.000000e+00,0.000000e+00,0.000000e+00,0.000000e+00,0.000000e+00,0.000000e+00,0.000000e+00,0.000000e+00,0.000000e+00,0.000000e+00,0.000000e+00,0.000000e+00,0.000000e+00
1.000000e+00,0.000000e+00,0.000000e+00,0.000000e+00,0.000000e+00,0.000000e+00,0.000000e+00,0.000000e+00,0.000000e+00,0.000000e+00,0.000000e+00,0.000000e+00,0.000000e+00,0.000000e+00,0.000000e+00
1.000000e+00,0.000000e+00,0.000000e+00,0.000000e+00,0.000000e+00,0.000000e+00,0.000000e+00,0.000000e+00,0.000000e+00,0.000000e+00,0.000000e+00,0.000000e+00,0.000000e+00,0.000000e+00,0.000000e+00
1.000000e+00,0.000000e+00,0.000000e+00,0.000000e+00,0.000000e+00,0.000000e+00,0.000000e+00,0.000000e+00,0.000000e+00,0.000000e+00,0.000000e+00,0.000000e+00,0.000000e+00,0.000000e+00,0.000000e+00
1.000000e+00,0.000000e+00,0.000000e+00,0.000000e+00,0.000000e+00,0.000000e+00,0.000000e+00,0.000000e+00,0.000000e+00,0.000000e+00,0.000000e+00,0.000000e+00,0.000000e+00,0.000000e+00,0.000000e+00
1.000000e+00,0.000000e+00,0.000000e+00,0.000000e+00,0.000000e+00,0.000000e+00,0.000000e+00,0.000000e+00,0.000000e+00,0.000000e+00,0.000000e+00,0.000000e+00,0.000000e+00,0.000000e+00,0.000000e+00
1.000000e+00,0.000000e+00,0.000000e+00,0.000000e+00,0.000000e+00,0.000000e+00,0.000000e+00,0.000000e+00,0.000000e+00,0.000000e+00,0.000000e+00,0.000000e+00,0.000000e+00,0.000000e+00,0.000000e+00
1.000000e+00,0.000000e+00,0.000000e+00,0.000000e+00,0.000000e+00,0.000000e+00,0.000000e+00,0.000000e+00,0.000000e+00,0.000000e+00,0.000000e+00,0.000000e+00,0.000000e+00,0.000000e+00,0.000000e+00
1.000000e+00,0.000000e+00,0.000000e+00,0.000000e+00,0.000000e+00,0.000000e+00,0.000000e+00,0.000000e+00,0.000000e+00,0.000000e+00,0.000000e+00,0.000000e+00,0.000000e+00,0.000000e+00,0.000000e+00
1.000000e+00,0.000000e+00,0.000000e+00,0.000000e+00,0.000000e+00,0.000000e+00,0.000000e+00,0.000000e+00,0.000000e+00,0.000000e+00,0.000000e+00,0.000000e+00,0.000000e+00,0.000000e+00,0.000000e+00
1.000000e+00,0.000000e+00,0.000000e+00,0.000000e+00,0.000000e+00,0.000000e+00,0.000000e+00,0.000000e+00,0.000000e+00,0.000000e+00,0.000000e+00,0.000000e+00,0.000000e+00,0.000000e+00,0.000000e+00
1.000000e+00,0.000000e+00,0.000000e+00,0.000000e+00,0.000000e+00,0.000000e+00,0.000000e+00,0.000000e+00,0.000000e+00,0.000000e+00,0.000000e+00,0.000000e+00,0.000000e+00,0.000000e+00,0.000000e+00
1.000000e+00,0.000000e+00,0.000000e+00,0.000000e+00,0.000000e+00,0.000000e+00,0.000000e+00,0.000000e+00,0.000000e+00,0.000000e+00,0.000000e+00,0.000000e+00,0.000000e+00,0.000000e+00,0.000000e+00
4.408102e-01,8.527566e-03,5.053217e-02,4.112833e-02,5.216874e-03,1.662108e-02,8.709432e-03,3.698956e-01,3.304435e-03,1.048254e-03,8.633105e-03,1.905921e-02,1.494500e-02,2.392579e-03,9.176120e-03
3.619347e-01,6.617846e-03,3.767843e-02,3.014569e-02,4.412931e-03,1.533753e-02,1.000965e-02,4.882870e-01,2.438473e-03,8.444116e-04,6.449407e-03,1.460174e-02,1.191862e-02,1.895878e-03,7.427684e-03
2.919973e-01,5.072594e-03,2.754238e-02,2.189304e-02,3.895234e-03,1.281759e-02,1.022642e-02,5.912396e-01,1.809686e-03,6.930950e-04,4.751206e-03,1.104009e-02,9.550586e-03,1.541289e-03,5.929887e-03
2.234316e-01,3.741765e-03,2.019285e-02,1.605049e-02,3.245526e-03,1.014275e-02,9.153971e-03,6.872377e-01,1.334855e-03,5.590795e-04,3.462863e-03,8.207268e-03,7.488742e-03,1.261247e-03,4.489194e-03
1.742217e-01,2.714658e-03,1.452775e-02,1.160018e-02,2.926697e-03,7.881730e-03,7.449010e-03,7.583716e-01,9.804695e-04,4.486565e-04,2.503007e-03,6.192646e-03,5.964897e-03,9.365590e-04,3.280451e-03
1.346432e-01,1.979789e-03,1.052734e-02,8.385072e-03,2.923887e-03,5.940068e-03,5.918803e-03,8.144819e-01,7.300222e-04,3.637754e-04,1.811051e-03,4.652242e-03,4.548039e-03,6.928124e-04,2.402061e-03
1.040021e-01,1.433681e-03,7.794851e-03,6.128906e-03,3.732716e-03,4.386915e-03,4.760257e-03,8.565211e-01,5.552224e-04,2.882864e-04,1.314703e-03,3.431104e-03,3.419428e-03,5.044838e-04,1.726157e-03
8.562700e-02,1.057981e-03,5.623881e-03,4.436853e-03,4.792508e-03,3.366287e-03,4.271825e-03,8.819619e-01,4.187266e-04,2.631697e-04,9.848693e-04,2.737554e-03,2.787182e-03,3.773168e-04,1.292897e-03
6.769270e-02,7.875941e-04,4.263524e-03,3.330830e-03,4.565693e-03,2.825873e-03,4.780519e-03,9.044497e-01,3.094111e-04,2.118564e-04,7.536251e-04,2.186329e-03,2.542348e-03,2.907825e-04,1.009275e-03
5.490538e-02,5.859971e-04,3.227275e-03,2.564894e-03,4.359055e-03,2.781521e-03,4.280603e-03,9.202702e-01,2.444468e-04,1.817292e-04,6.813297e-04,1.822934e-03,3.060235e-03,2.297148e-04,8.047360e-04
4.814654e-02,4.530465e-04,2.438050e-03,1.936669e-03,6.041346e-03,3.292092e-03,7.125541e-03,9.244257e-01,2.008168e-04,1.646954e-04,5.788008e-04,1.565007e-03,2.737434e-03,1.882894e-04,7.059582e-04
4.230630e-02,3.476025e-04,1.970201e-03,1.498990e-03,5.802661e-03,3.245517e-03,1.291368e-02,9.265068e-01,1.604473e-04,1.537190e-04,4.790110e-04,1.359787e-03,2.458669e-03,1.530174e-04,6.436136e-04
3.727042e-02,2.841851e-04,1.956150e-03,1.295579e-03,4.991871e-03,4.094701e-03,1.536709e-02,9.291469e-01,1.500605e-04,2.410261e-04,4.614410e-04,1.442943e-03,2.479643e-03,1.476614e-04,6.703141e-04
3.858900e-02,2.858020e-04,1.989161e-03,1.211683e-03,5.154320e-03,4.819392e-03,1.573239e-02,9.261710e-01,1.363772e-04,3.205385e-04,4.743655e-04,1.721538e-03,2.438486e-03,1.649535e-04,7.909508e-04
5.705219e-02,3.269754e-04,1.870297e-03,1.199489e-03,5.938461e-03,5.785050e-03,1.319079e-02,9.075290e-01,1.626269e-04,5.023852e-04,6.213289e-04,2.172697e-03,2.518573e-03,1.852353e-04,9.448638e-04
7.393914e-02,3.348056e-04,1.784520e-03,1.169576e-03,5.729372e-03,5.083978e-03,1.048920e-02,8.946211e-01,1.746966e-04,4.648346e-04,5.632748e-04,2.235435e-03,2.291324e-03,1.786106e-04,9.400921e-04
6.808368e-02,3.069185e-04,1.511130e-03,1.156933e-03,4.945811e-03,4.592427e-03,8.142456e-03,9.050311e-01,1.790784e-04,4.086104e-04,4.953930e-04,2.024287e-03,2.055557e-03,1.590518e-04,9.075718e-04
8.908877e-02,1.091452e-03,1.630177e-03,4.829979e-03,5.656570e-03,7.903155e-03,6.160615e-03,7.983643e-01,2.755382e-03,2.985233e-03,8.502115e-03,2.196650e-02,4.388631e-02,8.153786e-04,4.364091e-03
8.155884e-02,2.660218e-03,1.618554e-03,1.011271e-02,5.401079e-03,2.012390e-02,5.865762e-03,6.782979e-01,6.371560e-03,4.061019e-03,1.005495e-02,2.056373e-02,1.436258e-01,8.687276e-04,8.815183e-03
7.167063e-02,3.211518e-03,1.380650e-03,8.631474e-03,5.107064e-03,2.126949e-02,5.652802e-03,5.818795e-01,9.581713e-03,3.097995e-03,8.778404e-03,1.543994e-02,2.525985e-01,6.500733e-04,1.105023e-02
6.581902e-02,3.171327e-03,1.383844e-03,6.894670e-03,6.273935e-03,2.083779e-02,7.668137e-03,4.534560e-01,1.411713e-02,2.485365e-03,8.260507e-03,1.287702e-02,3.863561e-01,5.268229e-04,9.872256e-03
5.297615e-02,2.746307e-03,1.433734e-03,5.024710e-03,6.301850e-03,1.940553e-02,6.882226e-03,3.371730e-01,1.180698e-02,1.865986e-03,7.283137e-03,9.995682e-03,5.230581e-01,4.196009e-04,1.362701e-02
3.936115e-02,2.229689e-03,1.550747e-03,3.577649e-03,5.910874e-03,1.520932e-02,6.307445e-03,2.386515e-01,8.631499e-03,1.486452e-03,6.866749e-03,7.782280e-03,6.349401e-01,3.608867e-04,2.713362e-02
2.856391e-02,1.644182e-03,1.328052e-03,2.547322e-03,4.704354e-03,1.212840e-02,4.955047e-03,1.675923e-01,6.393731e-03,1.213496e-03,5.416975e-03,5.983090e-03,7.107282e-01,3.024307e-04,4.649848e-02
2.046109e-02,1.231523e-03,1.144987e-03,1.812682e-03,3.659935e-03,9.570316e-03,3.840123e-03,1.174623e-01,5.107433e-03,1.192205e-03,4.164982e-03,5.001177e-03,6.588533e-01,2.570398e-04,1.662409e-01
1.532305e-02,1.126306e-03,1.410685e-03,1.436054e-03,5.201343e-03,1.279521e-02,6.268354e-03,8.255813e-02,5.969007e-03,1.654318e-03,3.350542e-03,5.025147e-03,6.371677e-01,2.506346e-04,2.204635e-01
1.329490e-02,2.040533e-03,5.368591e-03,1.868262e-03,6.042189e-03,1.354888e-02,5.113563e-03,6.428639e-02,8.287559e-03,2.170741e-03,3.256057e-03,5.953612e-03,6.828727e-01,5.806763e-04,1.853154e-01
1.078486e-02,1.533020e-03,7.660971e-03,8.516119e-03,6.203193e-03,1.015672e-02,3.703603e-03,2.478559e-01,7.082879e-03,1.913969e-03,3.638829e-03,5.010084e-03,5.035568e-01,5.439912e-04,1.818390e-01
1.149677e-02,1.144947e-03,1.636081e-02,1.044798e-01,8.341569e-03,8.253565e-03,2.711394e-03,2.972189e-01,5.931094e-03,1.630204e-03,3.345449e-03,3.898128e-03,3.591577e-01,4.056173e-04,1.756241e-01
1.876855e-02,8.648266e-03,2.422973e-02,1.205297e-01,2.581250e-02,8.474225e-03,3.477644e-03,2.751080e-01,1.034320e-01,1.514063e-03,3.691819e-03,3.950561e-03,2.542332e-01,3.086282e-04,1.478212e-01
2.812521e-02,1.511890e-02,2.426707e-02,1.813916e-01,1.043504e-01,9.128352e-03,6.419538e-03,1.972010e-01,1.174243e-01,1.305727e-03,3.231753e-03,3.115129e-03,1.804831e-01,2.436945e-04,1.281943e-01
2.365978e-02,1.354214e-02,1.931265e-02,3.260199e-01,1.154073e-01,7.948669e-03,7.627882e-03,1.482217e-01,1.066102e-01,1.023184e-03,2.791838e-03,2.396377e-03,1.285897e-01,1.977055e-04,9.665094e-02
2.416742e-02,1.346842e-02,1.546835e-02,4.086607e-01,9.462186e-02,8.557591e-03,6.434851e-03,1.225364e-01,1.016635e-01,1.811341e-03,7.002087e-03,2.136005e-03,1.159504e-01,1.887339e-04,7.733241e-02
2.466303e-02,1.069710e-02,1.287426e-02,4.746057e-01,8.178391e-02,1.004370e-02,5.664018e-03,1.233966e-01,8.100839e-02,1.634757e-03,8.685943e-03,1.691375e-03,1.044835e-01,2.057518e-04,5.856205e-02
3.257733e-02,8.368075e-03,1.089686e-02,3.424686e-01,8.487824e-02,1.052607e-02,9.502210e-03,3.098804e-01,6.110265e-02,1.259919e-03,6.665744e-03,1.329559e-03,7.810197e-02,1.786757e-04,4.226369e-02
3.651685e-02,6.399404e-03,1.086257e-02,2.485827e-01,6.810836e-02,9.763010e-03,1.175697e-02,4.710843e-01,4.317953e-02,9.735419e-04,5.098981e-03,1.143186e-03,5.647014e-02,1.638013e-04,2.989668e-02
3.162378e-02,5.325636e-03,8.694883e-03,1.794921e-01,6.637265e-02,9.687761e-03,1.107773e-02,5.883014e-01,3.046001e-02,1.581214e-03,4.059340e-03,1.349523e-03,4.033374e-02,1.705337e-04,2.146972e-02
2.751442e-02,5.407546e-03,7.635762e-03,1.348362e-01,4.821219e-02,8.909467e-03,9.116687e-03,5.056289e-01,1.038340e-01,2.851466e-02,3.562503e-02,1.212235e-02,4.164248e-02,6.968184e-03,2.403215e-02
2.115031e-02,6.360285e-03,7.560403e-03,1.011581e-01,3.429010e-02,7.756267e-03,7.426764e-03,3.909504e-01,2.123260e-01,4.365099e-02,5.509775e-02,1.560855e-02,4.504517e-02,2.382889e-02,2.778999e-02
1.590322e-02,7.569642e-03,6.353387e-03,7.138786e-02,2.529198e-02,6.482858e-03,5.388672e-03,2.791826e-01,1.820791e-01,4.691991e-02,1.511250e-01,1.458196e-02,7.689206e-02,4.501880e-02,6.582306e-02
1.160166e-02,6.553979e-03,5.895770e-03,5.015479e-02,1.890144e-02,5.082760e-03,3.871872e-03,1.961352e-01,3.449432e-01,4.293266e-02,1.296601e-01,1.129967e-02,6.139689e-02,4.482267e-02,6.674737e-02
8.749953e-03,5.742686e-03,7.898191e-03,3.832610e-02,1.460814e-02,4.309824e-03,2.836771e-03,1.379140e-01,4.825892e-01,4.350809e-02,9.586293e-02,9.329853e-03,4.605656e-02,3.532553e-02,6.694204e-02
7.029387e-03,5.750380e-03,9.105185e-03,2.775823e-02,1.070433e-02,4.671707e-03,2.080507e-03,9.665722e-02,5.756938e-01,3.844480e-02,7.094099e-02,8.312702e-03,3.312532e-02,5.032256e-02,5.940283e-02
7.842712e-03,7.639729e-03,1.683438e-02,2.074226e-02,8.684075e-03,4.175667e-03,1.517309e-03,6.783044e-02,6.096084e-01,3.146845e-02,6.478181e-02,6.511652e-03,2.378793e-02,7.386191e-02,5.471327e-02
1.293947e-02,8.892364e-03,1.451564e-02,1.745104e-02,7.696680e-03,4.541873e-03,1.301536e-03,4.782017e-02,5.642876e-01,3.248871e-02,6.348187e-02,7.561760e-03,1.840809e-02,1.482130e-01,5.040020e-02
1.499403e-02,7.963739e-03,1.147884e-02,1.282619e-02,6.119051e-03,4.489772e-03,9.744266e-04,3.354661e-02,4.448103e-01,2.664189e-02,5.781666e-02,6.091972e-03,1.381814e-02,2.993462e-01,5.908220e-02
1.258965e-02,6.336943e-03,8.362877e-03,9.171996e-03,5.316287e-03,3.599436e-03,7.140446e-04,2.352373e-02,3.382834e-01,2.167064e-02,4.808986e-02,4.541761e-03,1.029259e-02,4.279335e-01,7.957332e-02
1.449421e-02,5.867551e-03,1.213022e-02,9.499010e-03,5.158199e-03,3.642675e-03,6.391340e-04,1.668976e-02,3.345659e-01,1.929418e-02,4.588109e-02,5.103472e-03,7.985365e-03,4.458448e-01,7.320450e-02
1.233678e-02,7.452888e-03,1.036561e-02,7.567166e-03,4.746901e-03,4.210651e-03,5.756457e-04,1.179192e-02,2.962887e-01,2.195494e-02,3.890824e-02,4.847275e-03,6.174296e-03,5.097349e-01,6.304406e-02
1.264600e-02,6.862603e-03,8.472551e-03,5.431339e-03,3.759410e-03,3.769803e-03,4.336387e-04,8.291677e-03,2.530754e-01,2.526782e-02,2.988146e-02,3.611371e-03,4.471545e-03,5.805408e-01,5.348465e-02
2.420785e-02,6.146808e-03,7.689334e-03,4.249997e-03,3.656872e-03,4.646003e-03,4.060059e-04,5.955660e-03,3.012835e-01,2.262912e-02,2.597141e-02,2.816723e-03,3.486387e-03,5.409650e-01,4.588933e-02
5.845831e-02,6.446842e-03,2.454499e-02,5.082984e-03,5.991409e-03,8.122386e-03,4.700405e-04,4.475153e-03,3.125322e-01,2.439682e-02,2.311755e-02,2.401917e-03,2.922019e-03,4.756381e-01,4.539930e-02
4.994334e-02,1.186679e-02,5.134969e-02,4.232014e-03,8.931266e-03,9.138237e-03,3.994381e-04,3.446042e-03,3.217987e-01,4.616325e-02,1.936300e-02,2.047975e-03,2.814118e-03,4.135083e-01,5.499777e-02
4.058684e-02,1.779462e-02,5.565690e-02,3.962824e-03,1.196799e-02,8.063497e-03,3.502099e-04,3.457231e-03,3.639052e-01,4.643843e-02,1.605223e-02,1.733254e-03,2.627833e-03,3.600425e-01,6.736051e-02
3.019851e-02,1.471205e-02,7.558648e-02,1.554625e-02,9.127283e-03,6.014977e-03,2.772665e-04,2.583815e-03,4.178940e-01,4.052973e-02,1.423002e-02,1.329895e-03,2.304472e-03,2.586463e-01,1.110190e-01
2.319009e-02,1.404432e-02,7.435060e-02,1.576123e-02,6.636327e-03,4.538624e-03,2.280515e-04,2.660937e-03,5.192944e-01,3.430871e-02,1.977442e-02,1.402578e-03,4.138859e-03,1.916846e-01,8.798625e-02
2.416800e-02,1.553298e-02,5.855620e-02,1.437850e-02,6.877870e-03,4.780754e-03,2.317751e-04,3.833543e-03,4.928840e-01,2.881174e-02,3.664420e-02,1.465946e-03,4.859610e-03,2.320953e-01,7.487953e-02
2.201309e-02,1.763359e-02,6.016315e-02,4.154842e-02,9.343520e-03,4.050940e-03,2.662760e-04,6.091856e-03,5.280493e-01,2.308790e-02,3.563061e-02,2.188304e-03,1.001090e-02,1.778398e-01,6.208235e-02
2.861971e-02,1.705645e-02,4.827387e-02,3.149129e-02,2.757976e-02,6.712943e-03,5.125414e-04,2.284733e-02,4.947591e-01,1.782045e-02,3.097598e-02,2.668931e-03,1.053868e-02,2.005567e-01,5.958630e-02
3.486698e-02,1.482306e-02,3.466048e-02,2.987245e-02,2.770689e-02,8.139701e-03,4.808719e-04,7.955641e-02,4.822437e-01,1.461847e-02,3.035753e-02,2.491429e-03,8.821453e-03,1.858745e-01,4.548606e-02
4.765398e-02,1.216595e-02,2.665129e-02,3.919113e-02,3.951307e-02,1.478129e-02,4.792856e-04,1.340191e-01,4.600357e-01,1.125060e-02,2.730538e-02,2.746717e-03,7.161770e-03,1.430410e-01,3.400385e-02
7.157445e-02,1.034622e-02,2.279145e-02,4.084515e-02,8.687017e-02,1.858256e-02,5.583596e-04,1.225471e-01,4.411490e-01,8.446577e-03,2.608849e-02,3.819260e-03,6.523500e-03,1.135030e-01,2.635472e-02
1.021275e-01,1.083140e-02,1.771959e-02,3.412776e-02,8.216046e-02,3.176200e-02,6.309377e-04,8.923689e-02,4.283832e-01,6.414254e-03,2.925807e-02,1.566641e-02,1.082138e-02,1.161368e-01,2.472339e-02
1.459569e-01,1.320906e-02,1.476833e-02,2.601963e-02,1.113281e-01,4.763865e-02,1.032848e-03,6.688984e-02,3.595191e-01,4.999843e-03,3.595391e-02,1.881006e-02,1.479473e-02,1.153925e-01,2.368655e-02
1.251457e-01,1.261715e-02,1.242783e-02,3.757174e-02,8.282883e-02,3.684784e-02,9.482672e-04,4.789660e-02,2.980255e-01,4.031562e-03,1.245920e-01,6.668624e-02,2.504682e-02,9.481607e-02,3.051789e-02
1.433199e-01,1.331201e-02,2.620475e-02,3.641684e-02,6.011577e-02,3.112732e-02,1.057734e-03,3.973830e-02,2.775893e-01,4.170218e-03,1.208680e-01,8.145913e-02,2.696825e-02,9.638290e-02,4.126956e-02
1.304257e-01,1.244587e-02,2.641578e-02,2.764096e-02,4.332586e-02,2.630047e-02,9.700870e-04,2.962825e-02,3.089985e-01,4.259020e-03,1.017855e-01,6.131708e-02,2.088740e-02,1.429119e-01,6.268762e-02
1.252898e-01,1.496288e-02,2.067076e-02,2.143036e-02,3.104187e-02,2.042013e-02,8.063097e-04,2.199290e-02,3.737704e-01,4.882501e-03,8.940049e-02,4.861157e-02,1.648690e-02,1.557372e-01,5.449587e-02
1.369670e-01,1.923348e-02,1.844021e-02,1.893735e-02,2.325024e-02,1.589978e-02,8.958417e-04,1.828032e-02,4.140769e-01,4.708434e-03,7.453085e-02,3.664387e-02,1.227840e-02,1.582615e-01,4.759581e-02
1.041804e-01,1.492320e-02,3.721606e-02,2.813154e-02,1.670189e-02,1.176723e-02,7.291937e-04,1.306264e-02,5.231245e-01,3.850662e-03,5.498584e-02,2.692433e-02,9.138804e-03,1.151316e-01,4.013213e-02
1.864591e-01,1.413558e-02,4.771911e-02,3.345161e-02,1.253368e-02,1.134252e-02,1.355359e-03,1.166824e-02,4.552379e-01,4.201595e-03,4.908150e-02,2.952037e-02,9.534083e-03,9.634925e-02,3.741019e-02
2.563749e-01,1.393719e-02,5.182086e-02,3.455007e-02,9.974450e-03,1.497767e-02,2.106933e-03,1.089235e-02,3.584201e-01,4.478306e-03,5.230509e-02,3.069649e-02,1.131154e-02,1.111625e-01,3.699161e-02
2.958469e-01,1.310188e-02,6.267514e-02,6.913739e-02,9.473124e-03,1.276389e-02,2.053655e-03,1.019129e-02,3.159584e-01,5.024470e-03,5.073598e-02,2.683722e-02,1.200497e-02,8.262338e-02,3.157230e-02
3.285602e-01,2.253546e-02,5.298505e-02,5.638225e-02,1.550099e-02,1.421678e-02,2.510337e-03,1.802894e-02,2.776784e-01,4.762211e-03,5.314528e-02,2.715519e-02,1.339942e-02,7.448052e-02,3.865900e-02
3.371403e-01,2.637687e-02,5.377350e-02,4.849123e-02,1.561776e-02,1.470277e-02,2.309088e-03,1.660411e-02,2.903268e-01,6.825784e-03,4.529311e-02,2.271808e-02,1.455858e-02,5.890107e-02,4.636088e-02
3.093410e-01,2.740906e-02,4.866907e-02,4.067073e-02,1.669912e-02,1.933435e-02,2.918284e-03,1.618948e-02,3.136178e-01,9.915549e-03,4.817753e-02,2.877893e-02,2.440696e-02,4.990199e-02,4.397023e-02
2.307351e-01,4.617558e-02,6.103641e-02,3.377709e-02,3.064084e-02,2.044548e-02,3.988416e-03,1.345909e-02,2.901342e-01,1.581198e-02,4.145266e-02,2.673824e-02,9.056322e-02,4.281484e-02,5.222683e-02
1.647544e-01,5.298203e-02,8.415130e-02,2.673666e-02,2.968561e-02,2.270881e-02,4.313569e-03,1.566418e-02,3.001889e-01,1.496192e-02,3.181746e-02,2.046739e-02,1.205515e-01,3.111042e-02,7.990580e-02
1.282006e-01,7.087022e-02,8.867185e-02,2.417702e-02,2.965255e-02,4.240303e-02,3.647027e-03,1.339551e-02,3.059210e-01,1.700258e-02,2.495258e-02,1.605837e-02,9.927236e-02,2.359867e-02,1.121766e-01
9.817119e-02,7.622001e-02,9.016594e-02,2.286020e-02,2.261678e-02,4.186988e-02,2.843827e-03,1.180889e-02,2.717791e-01,3.006413e-02,1.848878e-02,1.188975e-02,7.827367e-02,1.746066e-02,2.054872e-01
1.012659e-01,6.412183e-02,6.838013e-02,1.906878e-02,5.409836e-02,8.876070e-02,5.243363e-03,1.145131e-02,2.721257e-01,2.168862e-02,1.360046e-02,8.623827e-03,6.369254e-02,1.403995e-02,1.938386e-01
8.363788e-02,1.070917e-01,6.095457e-02,5.990537e-02,1.038342e-01,7.821737e-02,5.273100e-03,1.116264e-02,2.161774e-01,2.285060e-02,1.431853e-02,7.353360e-03,4.793830e-02,1.146267e-02,1.698223e-01
8.778515e-02,1.097411e-01,4.542084e-02,4.374221e-02,1.731838e-01,8.247013e-02,5.910266e-03,1.046778e-02,2.143760e-01,1.770113e-02,1.267932e-02,6.075963e-03,5.178161e-02,9.164207e-03,1.295005e-01
1.281134e-01,9.903965e-02,3.526142e-02,4.663447e-02,1.678311e-01,7.958577e-02,7.663942e-03,1.316892e-02,1.943645e-01,1.738579e-02,1.412650e-02,8.017897e-03,5.043173e-02,8.919815e-03,1.294551e-01
2.335824e-01,8.209312e-02,2.601396e-02,4.030777e-02,1.644930e-01,8.424528e-02,7.197728e-03,1.364619e-02,1.591393e-01,1.327912e-02,1.264752e-02,1.155934e-02,4.307568e-02,6.961648e-03,1.017579e-01
2.852223e-01,8.842908e-02,1.968521e-02,4.009755e-02,1.398042e-01,8.869416e-02,6.489559e-03,1.064734e-02,1.594885e-01,1.522405e-02,9.812094e-03,1.075125e-02,3.560042e-02,5.417381e-03,8.463699e-02
3.434626e-01,8.830448e-02,2.004704e-02,6.195527e-02,1.075048e-01,7.357404e-02,5.767283e-03,9.281363e-03,1.329211e-01,1.410498e-02,9.154821e-03,1.568375e-02,3.427177e-02,4.867059e-03,7.909966e-02
3.619083e-01,7.434018e-02,2.163498e-02,8.755219e-02,8.148269e-02,5.893014e-02,4.694922e-03,8.064987e-03,1.188098e-01,1.189265e-02,1.036696e-02,3.603677e-02,4.574678e-02,4.239431e-03,7.429922e-02
3.016203e-01,5.568890e-02,1.615829e-02,6.783515e-02,6.012796e-02,9.153838e-02,4.022116e-03,6.114397e-03,1.005872e-01,8.729094e-03,1.237280e-02,6.996265e-02,1.423649e-01,4.770326e-03,5.810758e-02
2.420266e-01,4.301312e-02,1.570188e-02,7.857017e-02,4.621758e-02,8.990671e-02,5.127197e-03,5.960873e-03,8.647133e-02,1.364402e-02,4.924128e-02,9.324150e-02,1.599411e-01,1.965269e-02,5.128395e-02
1.763070e-01,3.192216e-02,1.149606e-02,6.060676e-02,3.495293e-02,6.812874e-02,4.622156e-03,5.400338e-03,7.284297e-02,1.048687e-02,3.976599e-02,8.737718e-02,3.406265e-01,1.541492e-02,4.004941e-02
1.292081e-01,2.357795e-02,8.192839e-03,4.419740e-02,2.640180e-02,5.142330e-02,3.797856e-03,4.129041e-03,5.695139e-02,8.126781e-03,3.163261e-02,9.560674e-02,4.718558e-01,1.373401e-02,3.116439e-02
1.293344e-01,1.845573e-02,6.047042e-03,3.368198e-02,2.125688e-02,4.345379e-02,3.145890e-03,3.349374e-03,5.471706e-02,6.759145e-03,2.955017e-02,9.633407e-02,5.056857e-01,1.547633e-02,3.275250e-02
1.117810e-01,1.441481e-02,4.352484e-03,2.431985e-02,1.572699e-02,3.581015e-02,2.349232e-03,2.476991e-03,4.451133e-02,5.112860e-03,2.522963e-02,1.335524e-01,5.406413e-01,1.445462e-02,2.526636e-02
8.198698e-02,1.094942e-02,3.164809e-03,1.747400e-02,1.141173e-02,3.059149e-02,1.851427e-03,1.848076e-03,3.314265e-02,4.861627e-03,2.162799e-02,1.359847e-01,6.133396e-01,1.236092e-02,1.940461e-02
6.063604e-02,9.642148e-03,2.693876e-03,1.279587e-02,9.800654e-03,2.581265e-02,1.980233e-03,2.051688e-03,4.379551e-02,9.817096e-03,3.071653e-02,1.411835e-01,6.166179e-01,1.094574e-02,2.151059e-02
5.895583e-02,9.300770e-03,7.291305e-03,1.222870e-02,1.184467e-02,2.279576e-02,3.516911e-03,2.410850e-02,4.167097e-02,1.088551e-02,3.845111e-02,1.673618e-01,5.661610e-01,8.633092e-03,1.679415e-02
5.455469e-02,8.861466e-03,5.689321e-03,1.010694e-02,1.217653e-02,1.833127e-02,2.895000e-03,2.244877e-02,6.949176e-02,2.198353e-02,4.620395e-02,2.167089e-01,4.901832e-01,7.112598e-03,1.325210e-02
4.270679e-02,1.026999e-02,4.463333e-03,7.699278e-03,1.814908e-02,1.499019e-02,3.616767e-03,1.939692e-02,1.527797e-01,4.896554e-02,4.164562e-02,2.509945e-01,3.685992e-01,5.379435e-03,1.034365e-02
4.855725e-02,1.017672e-02,3.458913e-03,6.443871e-03,1.799427e-02,1.171359e-02,2.766928e-03,2.023808e-02,2.263595e-01,8.774769e-02,4.241317e-02,2.130505e-01,2.824878e-01,5.410870e-03,2.118086e-02
4.101455e-02,1.152774e-02,6.071873e-03,6.594271e-03,2.151038e-02,1.005129e-02,2.073907e-03,5.536911e-02,3.090397e-01,6.738251e-02,4.262805e-02,1.586280e-01,2.223109e-01,4.886749e-03,4.091093e-02
4.934445e-02,1.693407e-02,6.039178e-03,6.093918e-03,2.285097e-02,1.053542e-02,2.169769e-03,4.509990e-02,3.205597e-01,8.139235e-02,3.660382e-02,1.273294e-01,1.759117e-01,6.401831e-03,9.273358e-02
4.288037e-02,2.272565e-02,7.351838e-03,5.393601e-03,4.032372e-02,1.859983e-02,2.149812e-03,4.281725e-02,3.499774e-01,8.427538e-02,3.267887e-02,1.020059e-01,1.473525e-01,6.094856e-03,9.537306e-02
4.435952e-02,2.551324e-02,9.356925e-03,5.141388e-03,7.519850e-02,3.428597e-02,2.723213e-03,4.125511e-02,3.496339e-01,8.416872e-02,3.041063e-02,7.837538e-02,1.287592e-01,6.384287e-03,8.443398e-02
4.047391e-02,3.749923e-02,1.100795e-02,5.174883e-03,1.618166e-01,4.731002e-02,6.966868e-03,4.005095e-02,3.431373e-01,6.172131e-02,2.201091e-02,5.556364e-02,9.184404e-02,5.509910e-03,6.991242e-02
4.668754e-02,4.826273e-02,9.665050e-03,6.053499e-03,1.483973e-01,1.036490e-01,5.400596e-03,4.403349e-02,3.454542e-01,4.557989e-02,1.769307e-02,4.083741e-02,6.900550e-02,7.597369e-03,6.168337e-02
7.326744e-02,5.126226e-02,9.683663e-03,1.429653e-02,1.405269e-01,1.221696e-01,4.998915e-03,6.761451e-02,3.334579e-01,3.413540e-02,1.349548e-02,3.128945e-02,5.084372e-02,6.465330e-03,4.649289e-02
7.160150e-02,5.527387e-02,8.999232e-03,1.124823e-02,1.599782e-01,1.724675e-01,4.950858e-03,6.535718e-02,3.010294e-01,2.452238e-02,1.021405e-02,2.325092e-02,4.951303e-02,5.691985e-03,3.590167e-02
8.928460e-02,6.195498e-02,7.876537e-03,1.044095e-02,1.596057e-01,1.819805e-01,5.861177e-03,5.678169e-02,2.736062e-01,1.807160e-02,8.715139e-03,2.090967e-02,7.089175e-02,5.235108e-03,2.878440e-02
8.884637e-02,5.091700e-02,7.425399e-03,1.171691e-02,1.189760e-01,1.321646e-01,5.085371e-03,4.199082e-02,4.201881e-01,1.385434e-02,7.013964e-03,1.618221e-02,5.631263e-02,3.937216e-03,2.538908e-02
1.319882e-01,4.230544e-02,6.580341e-03,1.656198e-02,1.110084e-01,1.018747e-01,4.530705e-03,4.577976e-02,4.275747e-01,1.034135e-02,8.343510e-03,1.443949e-02,4.985226e-02,4.760035e-03,2.405916e-02
1.529995e-01,3.452776e-02,5.763011e-03,1.591408e-02,1.053924e-01,1.475352e-01,3.649859e-03,4.670430e-02,3.587295e-01,7.924132e-03,9.147196e-03,1.256087e-02,7.133900e-02,5.915984e-03,2.189715e-02
1.736542e-01,2.724355e-02,4.622365e-03,1.802273e-02,8.751760e-02,1.282373e-01,2.848714e-03,3.480738e-02,2.912460e-01,6.379433e-03,1.029429e-02,1.138850e-02,1.741413e-01,6.203211e-03,2.339345e-02
1.657198e-01,2.113161e-02,3.629213e-03,2.120574e-02,7.578755e-02,1.051774e-01,2.487523e-03,2.522531e-02,2.349700e-01,5.898191e-03,1.272433e-02,1.161643e-02,2.879255e-01,6.097440e-03,2.040400e-02
1.514750e-01,2.243110e-02,3.645097e-03,7.377799e-02,6.931905e-02,8.144527e-02,2.088358e-03,2.006709e-02,3.056634e-01,5.317131e-03,1.270371e-02,9.895645e-03,2.144888e-01,7.189476e-03,2.049294e-02
1.556657e-01,2.026233e-02,4.991189e-03,1.116577e-01,6.462011e-02,8.285064e-02,2.044823e-03,1.817362e-02,2.933757e-01,5.258353e-03,1.489380e-02,9.213468e-03,1.932258e-01,6.780548e-03,1.698632e-02
1.228789e-01,1.621279e-02,5.659424e-03,2.519168e-01,5.055839e-02,8.567681e-02,1.488200e-03,1.464047e-02,2.581599e-01,4.534183e-03,1.911728e-02,7.057180e-03,1.425388e-01,5.602691e-03,1.395815e-02
1.089684e-01,1.510818e-02,1.722488e-02,2.598321e-01,3.791119e-02,1.045482e-01,1.171397e-03,1.238808e-02,2.093369e-01,1.666017e-02,7.263439e-02,6.554342e-03,1.082567e-01,6.859395e-03,2.254559e-02
2.016975e-01,2.051565e-02,2.168418e-02,2.047457e-01,3.224145e-02,1.004730e-01,1.085951e-03,1.283192e-02,1.740465e-01,2.003013e-02,8.460621e-02,6.892858e-03,8.437230e-02,1.119612e-02,2.358054e-02
2.526919e-01,2.207555e-02,2.653070e-02,1.804710e-01,2.767502e-02,9.728184e-02,1.295511e-03,1.451911e-02,1.796630e-01,1.718218e-02,7.978176e-02,6.106967e-03,6.101655e-02,1.384426e-02,1.986466e-02
2.051671e-01,3.301606e-02,2.288454e-02,1.349202e-01,2.205238e-02,1.316335e-01,1.050647e-03,1.139573e-02,2.241475e-01,1.554688e-02,8.195967e-02,4.842209e-03,4.345193e-02,4.435587e-02,2.357571e-02
1.586425e-01,5.203182e-02,1.861916e-02,9.908640e-02,1.739189e-02,1.458215e-01,8.104151e-04,8.862960e-03,2.666859e-01,1.501584e-02,8.632369e-02,4.049841e-03,3.101560e-02,6.650785e-02,2.913472e-02
1.189924e-01,5.412724e-02,1.407404e-02,7.312641e-02,1.468198e-02,2.900508e-01,6.656508e-04,6.575189e-03,2.009577e-01,1.175130e-02,8.225803e-02,3.016333e-03,2.209330e-02,7.541485e-02,3.221469e-02
9.349033e-02,6.111359e-02,1.151790e-02,6.003080e-02,1.248049e-02,3.656684e-01,6.116730e-04,5.433713e-03,1.551068e-01,9.885174e-03,7.472943e-02,2.216912e-03,1.570684e-02,8.701101e-02,4.499697e-02
8.169432e-02,1.038239e-01,9.637193e-03,5.135817e-02,1.100554e-02,3.527175e-01,4.992805e-04,5.621082e-03,1.307942e-01,8.985756e-03,6.707853e-02,1.601291e-03,1.106390e-02,1.118580e-01,5.226140e-02
8.066957e-02,1.343092e-01,9.561754e-03,4.486169e-02,1.032781e-02,3.000909e-01,4.374116e-04,7.442656e-03,1.299060e-01,9.538712e-03,6.334525e-02,1.338680e-03,7.958093e-03,1.297983e-01,7.041393e-02
6.835232e-02,1.309439e-01,7.835404e-03,3.359233e-02,8.379627e-03,2.468997e-01,3.400294e-04,6.541937e-03,1.488932e-01,8.435145e-03,6.651038e-02,1.155112e-03,5.874353e-03,1.782847e-01,8.796190e-02
7.972756e-02,9.743090e-02,6.497746e-03,2.579909e-02,7.082018e-03,2.003307e-01,2.949792e-04,5.802873e-03,1.926711e-01,6.659156e-03,5.793026e-02,1.254097e-03,4.720536e-03,1.954779e-01,1.183211e-01
1.321814e-01,7.197116e-02,5.959804e-03,1.868466e-02,5.648298e-03,1.704815e-01,3.909964e-04,5.045179e-03,1.526566e-01,5.660094e-03,4.663011e-02,1.504146e-03,4.763341e-03,2.592264e-01,1.191963e-01
1.780468e-01,5.111392e-02,6.914801e-03,1.417284e-02,4.169911e-03,1.281001e-01,1.274644e-03,4.227855e-03,1.270138e-01,7.201958e-03,3.771129e-02,7.133567e-03,7.157590e-03,3.290379e-01,9.672300e-02
1.751387e-01,3.662049e-02,5.920938e-03,1.055886e-02,3.344734e-03,9.466770e-02,1.949658e-03,3.218916e-03,9.805507e-02,1.558829e-02,3.119996e-02,1.328497e-02,9.568008e-03,4.123198e-01,8.856384e-02
1.632123e-01,2.679178e-02,7.322624e-03,7.650896e-03,2.769345e-03,7.397240e-02,1.793461e-03,2.524455e-03,1.017226e-01,1.773737e-02,2.711527e-02,1.618606e-02,9.884022e-03,4.694533e-01,7.186405e-02
1.203560e-01,2.439865e-02,5.635350e-03,5.699076e-03,2.863092e-03,5.372421e-02,1.354956e-03,1.856719e-03,1.562677e-01,1.671403e-02,2.120524e-02,1.297303e-02,7.736064e-03,5.086501e-01,6.056574e-02
9.084959e-02,2.674621e-02,7.055519e-03,8.253597e-03,9.719254e-03,4.113460e-02,1.090265e-03,1.766830e-03,2.635814e-01,1.514062e-02,1.638050e-02,9.885692e-03,6.188837e-03,4.531436e-01,4.906346e-02
8.167993e-02,3.640222e-02,1.917751e-02,7.910281e-03,1.397893e-02,3.155608e-02,1.017390e-03,1.501720e-03,3.035759e-01,2.033467e-02,1.210612e-02,8.564239e-03,6.559843e-03,3.917926e-01,6.384256e-02
6.752823e-02,3.590846e-02,1.902845e-02,5.831602e-03,1.222825e-02,2.347980e-02,1.050653e-03,1.207390e-03,3.088403e-01,2.463591e-02,9.385986e-03,6.754194e-03,5.619070e-03,4.173045e-01,6.119717e-02
5.434856e-02,3.692782e-02,1.652955e-02,4.526223e-03,1.318428e-02,1.770862e-02,1.108102e-03,9.939320e-04,3.726746e-01,2.473745e-02,7.486155e-03,5.042598e-03,4.502589e-03,3.712657e-01,6.896386e-02
5.526897e-02,4.788148e-02,3.333195e-02,1.290603e-02,2.330147e-02,1.358958e-02,1.446510e-03,4.594481e-03,3.941215e-01,4.394598e-02,7.459952e-03,4.272913e-03,5.140082e-03,2.942926e-01,5.844655e-02
4.965226e-02,4.132195e-02,3.021999e-02,1.071909e-02,2.145200e-02,1.061786e-02,1.256632e-03,4.053648e-03,4.193551e-01,1.039873e-01,6.475291e-03,3.547946e-03,4.607142e-03,2.263331e-01,6.640074e-02
4.540571e-02,4.027236e-02,2.258229e-02,8.384640e-03,1.962729e-02,8.224188e-03,1.030310e-03,3.385183e-03,4.530071e-01,1.021663e-01,5.996247e-03,3.037250e-03,5.093814e-03,1.810501e-01,1.007372e-01
3.726254e-02,3.604870e-02,1.734278e-02,1.354385e-02,1.535102e-02,6.078483e-03,7.797231e-04,2.675694e-03,5.588459e-01,8.513557e-02,5.669065e-03,2.294383e-03,4.654848e-03,1.287903e-01,8.552708e-02
6.166644e-02,3.188118e-02,1.396367e-02,1.295825e-02,1.631623e-02,5.214197e-03,7.709560e-04,3.087841e-03,5.838077e-01,8.258864e-02,6.913759e-03,2.468361e-03,6.478369e-03,9.486528e-02,7.701910e-02
9.287838e-02,3.122686e-02,1.462542e-02,2.118286e-02,2.417279e-02,9.133065e-03,1.005108e-03,5.350091e-03,5.309511e-01,8.009236e-02,9.652527e-03,2.877277e-03,7.912774e-03,7.220174e-02,9.673765e-02
1.043903e-01,3.218558e-02,1.431083e-02,2.125433e-02,3.294966e-02,1.037796e-02,1.113479e-03,8.384965e-03,4.758508e-01,8.270970e-02,1.060126e-02,2.921870e-03,7.521097e-03,5.902795e-02,1.364003e-01
1.294544e-01,3.394544e-02,1.759919e-02,5.599457e-02,5.372966e-02,1.162721e-02,1.667811e-03,2.091196e-02,4.203906e-01,6.550537e-02,9.428821e-03,2.644034e-03,6.452948e-03,4.350125e-02,1.271467e-01
1.464818e-01,3.131059e-02,2.090360e-02,1.094243e-01,9.010705e-02,1.706138e-02,2.792412e-03,4.576449e-02,3.416314e-01,4.810562e-02,7.517597e-03,2.383926e-03,5.260061e-03,3.156026e-02,9.969556e-02
1.450507e-01,3.363182e-02,1.796901e-02,9.856806e-02,1.520646e-01,4.160284e-02,3.450158e-03,4.870223e-02,3.145185e-01,3.472267e-02,5.820089e-03,2.028993e-03,4.990916e-03,2.391613e-02,7.296325e-02
1.393098e-01,3.062047e-02,2.596005e-02,1.820627e-01,1.536310e-01,3.695899e-02,3.341823e-03,7.753097e-02,2.434378e-01,2.614658e-02,4.665725e-03,1.691595e-03,3.806628e-03,1.733917e-02,5.349662e-02
1.212376e-01,2.909402e-02,2.179684e-02,1.457079e-01,1.732213e-01,3.016999e-02,2.934064e-03,1.992191e-01,1.989144e-01,1.863164e-02,3.593022e-03,1.335389e-03,2.899558e-03,1.254478e-02,3.870025e-02
