1.000000e+00,0.000000e+00,0.000000e+00,0.000000e+00,0.000000e+00,0.000000e+00,0.000000e+00,0.000000e+00,0.000000e+00,0.000000e+00,0.000000e+00,0.000000e+00,0.000000e+00,0.000000e+00,0.000000e+00
1.000000e+00,0.000000e+00,0.000000e+00,0.000000e+00,0.000000e+00,0.000000e+00,0.000000e+00,0.000000e+00,0.000000e+00,0.000000e+00,0.000000e+00,0.000000e+00,0.000000e+00,0.000000e+00,0.000000e+00
1.000000e+00,0.000000e+00,0.000000e+00,0.000000e+00,0.000000e+00,0.000000e+00,0.000000e+00,0.000000e+00,0.000000e+00,0.000000e+00,0.000000e+00,0.000000e+00,0.000000e+00,0.000000e+00,0.000000e+00
1.000000e+00,0.000000e+00,0.000000e+00,0.000000e+00,0.000000e+00,0.000000e+00,0.000000e+00,0.000000e+00,0.000000e+00,0.000000e+00,0.000000e+00,0.000000e+00,0.000000e+00,0.000000e+00,0.000000e+00
1.000000e+00,0.000000e+00,0.000000e+00,0.000000e+00,0.000000e+00,0.000000e+00,0.000000e+00,0.000000e+00,0.000000e+00,0.000000e+00,0.000000e+00,0.000000e+00,0.000000e+00,0.000000e+00,0.000000e+00
1.000000e+00,0.000000e+00,0.000000e+00,0.000000e+00,0.000000e+00,0.000000e+00,0.000000e+00,0.000000e+00,0.000000e+00,0.000000e+00,0.000000e+00,0.000000e+00,0.000000e+00,0.000000e+00,0.000000e+00
1.000000e+00,0.000000e+00,0.000000e+00,0.000000e+00,0.000000e+00,0.000000e+00,0.000000e+00,0.000000e+00,0.000000e+00,0.000000e+00,0.000000e+00,0.000000e+00,0.000000e+00,0.000000e+00,0.000000e+00
1.000000e+00,0.000000e+00,0.000000e+00,0.000000e+00,0.000000e+00,0.000000e+00,0.000000e+00,0.000000e+00,0.000000e+00,0.000000e+00,0.000000e+00,0.000000e+00,0.000000e+00,0.000000e+00,0.000000e+00
1.000000e+00,0.000000e+00,0.000000e+00,0.000000e+00,0.000000e+00,0.000000e+00,0.000000e+00,0.000000e+00,0.000000e+00,0.000000e+00,0.000000e+00,0.000000e+00,0.000000e+00,0.000000e+00,0.000000e+00
1.000000e+00,0.000000e+00,0.000000e+00,0.000000e+00,0.000000e+00,0.000000e+00,0.000000e+00,0.000000e+00,0.000000e+00,0.000000e+00,0.000000e+00,0.000000e+00,0.000000e+00,0.000000e+00,0.000000e+00
1.000000e+00,0.000000e+00,0.000000e+00,0.000000e+00,0.000000e+00,0.000000e+00,0.000000e+00,0.000000e+00,0.000000e+00,0.000000e+00,0.000000e+00,0.000000e+00,0.000000e+00,0.000000e+00,0.000000e+00
1.000000e+00,0.000000e+00,0.000000e+00,0.000000e+00,0.000000e+00,0.000000e+00,0.000000e+00,0.000000e+00,0.000000e+00,0.000000e+00,0.000000e+00,0.000000e+00,0.000000e+00,0.000000e+00,0.000000e+00
1.000000e+00,0.000000e+00,0.000000e+00,0.000000e+00,0.000000e+00,0.000000e+00,0.000000e+00,0.000000e+00,0.000000e+00,0.000000e+00,0.000000e+00,0.000000e+00,0.000000e+00,0.000000e+00,0.000000e+00
1.000000e+00,0.000000e+00,0.000000e+00,0.000000e+00,0.000000e+00,0.000000e+00,0.000000e+00,0.000000e+00,0.000000e+00,0.000000e+00,0.000000e+00,0.000000e+00,0.000000e+00,0.000000e+00,0.000000e+00
1.000000e+00,0.000000e+00,0.000000e+00,0.000000e+00,0.000000e+00,0.000000e+00,0.000000e+00,0.000000e+00,0.000000e+00,0.000000e+00,0.000000e+00,0.000000e+00,0.000000e+00,0.000000e+00,0.000000e+00
1.000000e+00,0.000000e+00,0.000000e+00,0.000000e+00,0.000000e+00,0.000000e+00,0.000000e+00,0.000000e+00,0.000000e+00,0.000000e+00,0.000000e+00,0.000000e+00,0.000000e+00,0.000000e+00,0.000000e+00
1.000000e+00,0.000000e+00,0.000000e+00,0.000000e+00,0.000000e+00,0.000000e+00,0.000000e+00,0.000000e+00,0.000000e+00,0.000000e+00,0.000000e+00,0.000000e+00,0.000000e+00,0.000000e+00,0.000000e+00
1.000000e+00,0.000000e+00,0.000000e+00,0.000000e+00,0.000000e+00,0.000000e+00,0.000000e+00,0.000000e+00,0.000000e+00,0.000000e+00,0.000000e+00,0.000000e+00,0.000000e+00,0.000000e+00,0.000000e+00
1.000000e+00,0.000000e+00,0.000000e+00,0.000000e+00,0.000000e+00,0.000000e+00,0.000000e+00,0.000000e+00,0.000000e+00,0.000000e+00,0.000000e+00,0.000000e+00,0.000000e+00,0.000000e+00,0.000000e+00
1.000000e+00,0.000000e+00,0.000000e+00,0.000000e+00,0.000000e+00,0.000000e+00,0.000000e+00,0.000000e+00,0.000000e+00,0.000000e+00,0.000000e+00,0.000000e+00,0.000000e+00,0.000000e+00,0.000000e+00
1.000000e+00,0.000000e+00,0.000000e+00,0.000000e+00,0.000000e+00,0.000000e+00,0.000000e+00,0.000000e+00,0.000000e+00,0.000000e+00,0.000000e+00,0.000000e+00,0.000000e+00,0.000000e+00,0.000000e+00
1.000000e+00,0.000000e+00,0.000000e+00,0.000000e+00,0.000000e+00,0.000000e+00,0.000000e+00,0.000000e+00,0.000000e+00,0.000000e+00,0.000000e+00,0.000000e+00,0.000000e+00,0.000000e+00,0.000000e+00
1.000000e+00,0.000000e+00,0.000000e+00,0.000000e+00,0.000000e+00,0.000000e+00,0.000000e+00,0.000000e+00,0.000000e+00,0.000000e+00,0.000000e+00,0.000000e+00,0.000000e+00,0.000000e+00,0.000000e+00
1.000000e+00,0.000000e+00,0.000000e+00,0.000000e+00,0.000000e+00,0.000000e+00,0.000000e+00,0.000000e+00,0.000000e+00,0.000000e+00,0.000000e+00,0.000000e+00,0.000000e+00,0.000000e+00,0.000000e+00
1.000000e+00,0.000000e+00,0.000000e+00,0.000000e+00,0.000000e+00,0.000000e+00,0.000000e+00,0.000000e+00,0.000000e+00,0.000000e+00,0.000000e+00,0.000000e+00,0.000000e+00,0.000000e+00,0.000000e+00
1.000000e+00,0.000000e+00,0.000000e+00,0.000000e+00,0.000000e+00,0.000000e+00,0.000000e+00,0.000000e+00,0.000000e+00,0.000000e+00,0.000000e+00,0.000000e+00,0.000000e+00,0.000000e+00,0.000000e+00
1.000000e+00,0.000000e+00,0.000000e+00,0.000000e+00,0.000000e+00,0.000000e+00,0.000000e+00,0.000000e+00,0.000000e+00,0.000000e+00,0.000000e+00,0.000000e+00,0.000000e+00,0.000000e+00,0.000000e+00
1.000000e+00,0.000000e+00,0.000000e+00,0.000000e+00,0.000000e+00,0.000000e+00,0.000000e+00,0.000000e+00,0.000000e+00,0.000000e+00,0.000000e+00,0.000000e+00,0.000000e+00,0.000000e+00,0.000000e+00
1.000000e+00,0.000000e+00,0.000000e+00,0.000000e+00,0.000000e+00,0.000000e+00,0.000000e+00,0.000000e+00,0.000000e+00,0.000000e+00,0.000000e+00,0.000000e+00,0.000000e+00,0.000000e+00,0.000000e+00
1.000000e+00,0.000000e+00,0.000000e+00,0.000000e+00,0.000000e+00,0.000000e+00,0.000000e+00,0.000000e+00,0.000000e+00,0.000000e+00,0.000000e+00,0.000000e+00,0.000000e+00,0.000000e+00,0.000000e+00
1.000000e+00,0.000000e+00,0.000000e+00,0.000000e+00,0.000000e+00,0.000000e+00,0.000000e+00,0.000000e+00,0.000000e+00,0.000000e+00,0.000000e+00,0.000000e+00,0.000000e+00,0.000000e+00,0.000000e+00
1.000000e+00,0.000000e+00,0.000000e+00,0.000000e+00,0.000000e+00,0.000000e+00,0.000000e+00,0.000000e+00,0.000000e+00,0.000000e+00,0.000000e+00,0.000000e+00,0.000000e+00,0.000000e+00,0.000000e+00
1.000000e+00,0.000000e+00,0.000000e+00,0.000000e+00,0.000000e+00,0.000000e+00,0.000000e+00,0.000000e+00,0.000000e+00,0.000000e+00,0.000000e+00,0.000000e+00,0.000000e+00,0.000000e+00,0.000000e+00
1.000000e+00,0.000000e+00,0.000000e+00,0.000000e+00,0.000000e+00,0.000000e+00,0.000000e+00,0.000000e+00,0.000000e+00,0.000000e+00,0.000000e+00,0.000000e+00,0.000000e+00,0.000000e+00,0.000000e+00
1.000000e+00,0.000000e+00,0.000000e+00,0.000000e+00,0.000000e+00,0.000000e+00,0.000000e+00,0.000000e+00,0.000000e+00,0.000000e+00,0.000000e+00,0.000000e+00,0.000000e+00,0.000000e+00,0.000000e+00
1.000000e+00,0.000000e+00,0.000000e+00,0.000000e+00,0.000000e+00,0.000000e+00,0.000000e+00,0.000000e+00,0.000000e+00,0.000000e+00,0.000000e+00,0.000000e+00,0.000000e+00,0.000000e+00,0.000000e+00
1.000000e+00,0.000000e+00,0.000000e+00,0.000000e+00,0.000000e+00,0.000000e+00,0.000000e+00,0.000000e+00,0.000000e+00,0.000000e+00,0.000000e+00,0.000000e+00,0.000000e+00,0.000000e+00,0.000000e+00
1.000000e+00,0.000000e+00,0.000000e+00,0.000000e+00,0.000000e+00,0.000000e+00,0.000000e+00,0.000000e+00,0.000000e+00,0.000000e+00,0.000000e+00,0.000000e+00,0.000000e+00,0.000000e+00,0.000000e+00
1.000000e+00,0.000000e+00,0.000000e+00,0.000000e+00,0.000000e+00,0.000000e+00,0.000000e+00,0.000000e+00,0.000000e+00,0.000000e+00,0.000000e+00,0.000000e+00,0.000000e+00,0.000000e+00,0.000000e+00
1.000000e+00,0.000000e+00,0.000000e+00,0.000000e+00,0.000000e+00,0.000000e+00,0.000000e+00,0.000000e+00,0.000000e+00,0.000000e+00,0.000000e+00,0.000000e+00,0.000000e+00,0.000000e+00,0.000000e+00
1.000000e+00,0.000000e+00,0.000000e+00,0.000000e+00,0.000000e+00,0.000000e+00,0.000000e+00,0.000000e+00,0.000000e+00,0.000000e+00,0.000000e+00,0.000000e+00,0.000000e+00,0.000000e+00,0.000000e+00
1.000000e+00,0.000000e+00,0.000000e+00,0.000000e+00,0.000000e+00,0.000000e+00,0.000000e+00,0.000000e+00,0.000000e+00,0.000000e+00,0.000000e+00,0.000000e+00,0.000000e+00,0.000000e+00,0.000000e+00
1.000000e+00,0.000000e+00,0.000000e+00,0.000000e+00,0.000000e+00,0.000000e+00,0.000000e+00,0.000000e+00,0.000000e+00,0.000000e+00,0.000000e+00,0.000000e+00,0.000000e+00,0.000000e+00,0.000000e+00
1.000000e+00,0.000000e+00,0.000000e+00,0.000000e+00,0.000000e+00,0.000000e+00,0.000000e+00,0.000000e+00,0.000000e+00,0.000000e+00,0.000000e+00,0.000000e+00,0.000000e+00,0.000000e+00,0.000000e+00
1.000000e+00,0.000000e+00,0.000000e+00,0.000000e+00,0.000000e+00,0.000000e+00,0.000000e+00,0.000000e+00,0.000000e+00,0.000000e+00,0.000000e+00,0.000000e+00,0.000000e+00,0.000000e+00,0.000000e+00
1.000000e+00,0.000000e+00,0.000000e+00,0.000000e+00,0.000000e+00,0.000000e+00,0.000000e+00,0.000000e+00,0.000000e+00,0.000000e+00,0.000000e+00,0.000000e+00,0.000000e+00,0.000000e+00,0.000000e+00
1.000000e+00,0.000000e+00,0.000000e+00,0.000000e+00,0.000000e+00,0.000000e+00,0.000000e+00,0.000000e+00,0.000000e+00,0.000000e+00,0.000000e+00,0.000000e+00,0.000000e+00,0.000000e+00,0.000000e+00
1.000000e+00,0.000000e+00,0.000000e+00,0.000000e+00,0.000000e+00,0.000000e+00,0.000000e+00,0.000000e+00,0.000000e+00,0.000000e+00,0.000000e+00,0.000000e+00,0.000000e+00,0.000000e+00,0.000000e+00
1.000000e+00,0.000000e+00,0.000000e+00,0.000000e+00,0.000000e+00,0.000000e+00,0.000000e+00,0.000000e+00,0.000000e+00,0.000000e+00,0.000000e+00,0.000000e+00,0.000000e+00,0.000000e+00,0.000000e+00
1.000000e+00,0.000000e+00,0.000000e+00,0.000000e+00,0.000000e+00,0.000000e+00,0.000000e+00,0.000000e+00,0.000000e+00,0.000000e+00,0.000000e+00,0.000000e+00,0.000000e+00,0.000000e+00,0.000000e+00
1.000000e+00,0.000000e+00,0.000000e+00,0.000000e+00,0.000000e+00,0.000000e+00,0.000000e+00,0.000000e+00,0.000000e+00,0.000000e+00,0.000000e+00,0.000000e+00,0.000000e+00,0.000000e+00,0.000000e+00
4.534022e-01,5.033466e-03,9.675648e-03,1.604101e-02,2.767388e-03,1.376313e-02,7.727173e-03,4.532701e-01,1.373396e-03,7.921870e-04,3.196500e-03,1.281278e-02,1.065818e-02,1.814071e-03,7.672655e-03
3.592825e-01,3.700982e-03,7.398443e-03,1.184175e-02,3.227834e-03,1.144597e-02,7.265452e-03,5.665283e-01,1.034356e-03,6.371952e-04,2.420610e-03,9.799850e-03,8.393649e-03,1.381356e-03,5.641653e-03
2.815171e-01,2.707442e-03,5.571776e-03,8.680004e-03,3.721073e-03,9.154029e-03,6.491167e-03,6.594031e-01,7.991647e-04,5.242699e-04,1.848221e-03,7.641505e-03,6.782832e-03,1.008158e-03,4.150086e-03
2.280754e-01,2.016473e-03,4.463789e-03,6.413856e-03,4.599175e-03,7.408122e-03,5.829087e-03,7.227025e-01,6.154182e-04,5.131443e-04,1.493606e-03,6.110716e-03,5.896886e-03,7.492299e-04,3.112526e-03
1.869148e-01,1.482755e-03,3.630420e-03,4.697691e-03,5.621917e-03,5.595632e-03,4.836189e-03,7.729379e-01,4.799731e-04,4.404752e-04,1.143353e-03,4.704732e-03,4.653874e-03,5.512088e-04,2.309054e-03
1.586382e-01,1.102954e-03,2.892279e-03,3.454742e-03,5.982880e-03,4.357482e-03,4.232205e-03,8.080327e-01,3.878354e-04,4.001693e-04,8.915019e-04,3.729023e-03,3.734132e-03,4.163034e-04,1.747523e-03
1.297556e-01,8.401604e-04,2.217757e-03,2.596171e-03,6.221442e-03,3.339187e-03,3.524820e-03,8.426098e-01,3.180292e-04,3.505409e-04,7.011635e-04,2.915875e-03,2.968625e-03,3.151919e-04,1.325642e-03
1.084298e-01,6.403464e-04,1.687418e-03,2.022104e-03,6.009331e-03,2.804246e-03,3.208183e-03,8.677456e-01,2.583786e-04,3.209242e-04,5.847816e-04,2.453394e-03,2.566687e-03,2.438270e-04,1.024980e-03
9.608141e-02,4.843483e-04,1.419954e-03,1.608519e-03,5.075146e-03,3.701509e-03,4.816491e-03,8.790530e-01,2.118316e-04,2.710737e-04,4.820723e-04,2.621763e-03,3.154458e-03,1.903873e-04,8.280742e-04
7.993267e-02,3.669900e-04,1.427444e-03,1.336154e-03,4.449680e-03,3.003143e-03,5.383731e-03,8.974102e-01,1.664422e-04,2.417417e-04,4.104357e-04,2.196515e-03,2.868316e-03,1.523767e-04,6.542424e-04
7.689295e-02,3.057660e-04,1.272205e-03,1.199271e-03,4.455931e-03,2.967544e-03,5.592332e-03,9.003021e-01,1.787662e-04,2.783244e-04,4.275421e-04,2.316508e-03,3.076885e-03,1.362825e-04,5.976252e-04
9.164114e-02,2.921493e-04,1.214760e-03,1.368396e-03,4.628406e-03,3.266129e-03,4.694163e-03,8.850271e-01,2.560733e-04,3.384236e-04,5.071912e-04,2.884418e-03,3.060901e-03,1.424888e-04,6.783170e-04
1.153284e-01,3.301279e-04,1.274923e-03,1.806209e-03,4.811409e-03,5.300238e-03,4.271471e-03,8.563693e-01,3.534901e-04,3.814367e-04,6.113106e-04,4.170284e-03,3.851887e-03,2.018712e-04,9.378268e-04
1.640096e-01,4.367299e-04,1.879718e-03,2.167774e-03,5.319343e-03,6.680209e-03,4.348114e-03,8.030436e-01,3.838239e-04,3.845309e-04,6.670451e-04,5.054837e-03,4.076816e-03,2.712414e-04,1.276703e-03
1.837489e-01,4.744593e-04,1.786039e-03,2.335248e-03,5.259298e-03,6.230183e-03,3.457262e-03,7.848570e-01,3.753160e-04,3.275778e-04,6.128674e-04,5.080315e-03,3.934641e-03,2.548704e-04,1.266017e-03
2.006646e-01,4.398106e-04,1.634595e-03,2.291908e-03,4.714928e-03,5.258084e-03,2.721445e-03,7.717933e-01,3.322395e-04,2.522419e-04,5.314116e-04,4.619163e-03,3.408235e-03,2.279351e-04,1.110126e-03
2.360885e-01,1.179709e-03,2.175174e-03,4.653707e-03,6.821471e-03,1.455872e-02,2.723893e-03,6.992857e-01,2.021595e-03,9.127324e-04,1.855459e-03,9.192940e-03,1.293546e-02,4.519398e-04,5.142911e-03
2.866875e-01,2.934228e-03,2.614879e-03,8.791815e-03,9.364590e-03,3.461680e-02,2.581264e-03,5.704381e-01,7.888759e-03,2.076790e-03,4.212985e-03,1.469807e-02,3.956354e-02,8.982709e-04,1.263244e-02
2.583255e-01,4.603419e-03,2.199999e-03,1.051405e-02,9.333871e-03,3.653123e-02,2.286750e-03,4.354226e-01,3.685022e-02,2.310522e-03,7.283254e-03,1.923159e-02,1.577312e-01,1.206151e-03,1.616969e-02
2.832039e-01,6.169701e-03,1.975933e-03,1.124363e-02,9.209917e-03,2.724214e-02,2.435938e-03,3.638916e-01,1.025544e-01,1.927174e-03,1.168262e-02,1.902959e-02,1.450872e-01,1.149415e-03,1.319699e-02
3.548146e-01,6.974278e-03,2.230023e-03,1.187337e-02,9.258985e-03,2.307531e-02,3.596779e-03,2.992730e-01,1.104207e-01,2.282870e-03,1.181539e-02,2.062507e-02,1.286400e-01,1.402088e-03,1.371757e-02
3.470210e-01,9.156195e-03,2.303007e-03,9.925074e-03,9.080829e-03,2.173949e-02,4.317463e-03,2.287482e-01,1.124034e-01,2.208186e-03,1.212814e-02,1.838857e-02,2.057484e-01,1.422955e-03,1.540904e-02
3.445495e-01,1.130720e-02,2.564238e-03,7.911296e-03,8.086379e-03,2.088309e-02,4.783726e-03,1.752557e-01,1.307185e-01,2.361244e-03,1.105918e-02,1.823766e-02,2.427699e-01,1.424318e-03,1.808819e-02
2.828820e-01,1.329230e-02,3.160923e-03,7.905746e-03,8.232927e-03,1.616824e-02,4.382172e-03,1.277510e-01,2.044951e-01,2.751030e-03,1.131451e-02,1.893658e-02,2.822153e-01,1.423003e-03,1.508920e-02
2.168614e-01,1.075479e-02,2.924780e-03,6.975788e-03,7.153385e-03,1.391196e-02,3.509723e-03,9.391122e-02,1.689855e-01,2.547807e-03,1.621927e-02,1.825051e-02,4.168864e-01,1.639002e-03,1.946853e-02
1.820823e-01,8.718764e-03,2.752337e-03,6.216861e-03,7.287605e-03,1.235102e-02,2.895749e-03,6.789246e-02,1.361816e-01,2.528616e-03,2.246625e-02,1.710983e-02,5.020527e-01,1.984587e-03,2.747932e-02
1.382488e-01,7.035563e-03,2.934315e-03,4.967984e-03,8.812127e-03,1.173223e-02,2.361810e-03,4.903273e-02,1.082593e-01,2.806209e-03,2.584985e-02,1.688027e-02,5.860649e-01,2.408971e-03,3.260489e-02
1.305722e-01,6.239939e-03,3.059954e-03,4.531434e-03,1.083675e-02,2.789723e-02,2.604819e-03,3.664802e-02,8.724316e-02,3.372372e-03,2.508221e-02,2.136758e-02,5.826556e-01,2.747861e-03,5.514093e-02
1.574377e-01,5.280158e-03,3.480601e-03,3.729274e-03,2.337803e-02,2.507850e-02,3.371589e-03,2.856581e-02,6.944070e-02,3.046267e-03,2.431427e-02,5.931752e-02,5.337577e-01,3.583477e-03,5.621838e-02
1.462869e-01,3.904411e-03,2.757053e-03,2.880254e-03,2.280214e-02,2.000356e-02,3.176084e-03,2.099930e-02,5.040762e-02,2.374688e-03,1.954935e-02,1.937617e-01,4.622953e-01,3.041144e-03,4.576054e-02
1.299869e-01,3.481266e-03,2.521654e-03,2.227959e-03,2.180780e-02,1.720278e-02,2.889112e-03,1.576035e-02,3.804256e-02,1.969387e-03,1.577418e-02,3.392308e-01,3.706625e-01,2.457832e-03,3.598492e-02
1.358174e-01,6.165436e-03,3.663297e-03,2.009819e-03,2.282420e-02,1.743080e-02,3.134916e-03,1.315568e-02,3.453008e-02,2.140269e-03,1.349991e-02,3.679026e-01,3.460384e-01,2.552665e-03,2.913451e-02
1.238333e-01,5.901105e-03,3.337355e-03,1.803734e-03,2.359471e-02,1.547424e-02,3.582882e-03,1.130196e-02,2.818510e-02,1.788276e-03,1.038680e-02,4.075168e-01,3.386182e-01,2.072482e-03,2.260301e-02
1.030486e-01,1.478077e-02,2.463209e-02,1.650934e-03,2.527088e-02,1.573249e-02,3.944184e-03,1.122964e-02,2.867718e-02,2.567616e-03,8.660115e-03,4.345742e-01,2.972614e-01,1.774422e-03,2.619551e-02
8.732167e-02,1.881207e-02,6.213613e-02,2.260662e-03,3.225201e-02,1.420955e-02,6.366342e-03,1.535698e-02,3.425982e-02,3.713570e-03,6.869393e-03,3.632932e-01,3.024304e-01,2.355118e-03,4.836306e-02
8.511835e-02,1.867433e-02,5.129305e-02,2.212222e-03,3.058317e-02,1.254244e-02,6.477180e-03,1.771600e-02,3.190035e-02,3.181503e-03,5.586003e-03,3.117481e-01,3.569646e-01,2.088605e-03,6.391402e-02
7.974876e-02,1.854399e-02,5.918303e-02,2.360081e-03,3.449544e-02,1.068271e-02,9.640912e-03,1.672377e-02,2.901201e-02,3.972511e-03,4.435064e-03,2.564670e-01,3.771275e-01,2.046818e-03,9.556042e-02
6.766950e-02,1.662232e-02,5.171528e-02,2.292912e-03,2.772403e-02,1.170445e-02,1.143381e-02,1.551762e-02,2.304571e-02,3.465306e-03,3.574328e-03,2.165324e-01,4.256878e-01,1.815656e-03,1.211988e-01
5.401207e-02,1.487097e-02,4.502992e-02,1.706458e-03,2.055472e-02,9.062613e-03,9.736626e-03,1.166990e-02,1.730652e-02,3.214843e-03,2.699354e-03,1.656485e-01,4.776117e-01,1.482876e-03,1.653929e-01
4.468065e-02,1.613765e-02,4.255082e-02,1.281631e-03,1.504259e-02,7.328702e-03,8.687910e-03,8.975525e-03,1.427872e-02,3.497883e-03,2.107626e-03,1.267753e-01,4.585843e-01,1.521000e-03,2.485497e-01
3.396374e-02,1.421088e-02,3.926799e-02,1.035868e-03,1.100485e-02,5.847530e-03,7.230743e-03,7.138565e-03,1.157613e-02,4.304031e-03,1.687184e-03,9.769059e-02,4.509016e-01,1.438055e-03,3.127022e-01
2.691015e-02,1.165105e-02,3.640761e-02,7.703193e-04,7.908167e-03,4.436640e-03,5.473024e-03,5.534611e-03,8.778051e-03,3.549406e-03,1.332770e-03,7.169774e-02,3.605917e-01,1.331895e-03,4.536269e-01
2.049233e-02,8.430886e-03,3.126102e-02,6.314591e-04,5.778322e-03,3.833158e-03,4.831354e-03,8.971631e-03,6.872624e-03,2.839183e-03,1.163837e-03,5.212835e-02,2.712644e-01,1.177807e-03,5.803236e-01
1.699032e-02,9.615466e-03,2.878300e-02,9.298153e-04,4.744261e-03,3.929624e-03,4.110398e-03,1.055066e-02,1.650883e-02,2.461178e-03,9.758075e-04,3.695487e-02,1.993659e-01,1.060917e-03,6.630189e-01
1.386789e-02,3.308955e-02,2.155348e-02,1.732559e-03,3.637635e-03,6.033065e-03,3.770924e-03,8.786675e-03,6.513375e-02,2.112639e-03,9.177565e-04,2.604800e-02,1.522109e-01,8.769361e-04,6.602283e-01
1.135074e-02,4.180379e-02,1.730918e-02,4.878961e-03,3.191299e-03,6.868809e-03,1.171862e-02,1.120609e-02,1.116065e-01,1.963760e-03,1.220796e-03,1.867795e-02,1.325692e-01,7.342281e-04,6.249002e-01
8.788974e-03,3.835172e-02,1.397025e-02,1.187648e-02,2.795729e-03,7.048280e-03,9.581027e-03,1.048334e-02,1.520294e-01,1.714471e-03,1.167175e-03,1.327758e-02,1.911285e-01,5.937118e-04,5.371934e-01
6.887561e-03,3.705851e-02,1.026430e-02,1.054625e-02,2.210392e-03,8.233627e-03,7.008443e-03,7.909634e-03,1.936728e-01,1.412647e-03,1.398983e-03,9.592116e-03,2.429053e-01,4.830923e-04,4.604163e-01
4.941307e-03,2.804031e-02,7.288650e-03,7.905573e-03,1.589518e-03,6.001585e-03,4.935141e-03,5.576596e-03,1.426508e-01,1.073639e-03,1.117218e-03,6.850749e-03,4.483103e-01,3.415745e-04,3.333770e-01
3.589892e-03,2.033242e-02,5.144848e-03,5.976831e-03,1.170898e-03,4.308802e-03,3.501321e-03,3.944642e-03,1.069759e-01,8.118920e-04,1.079225e-03,5.053987e-03,5.555260e-01,2.708646e-04,2.823125e-01
2.610011e-03,1.472925e-02,3.645892e-03,5.700412e-03,8.806479e-04,3.155026e-03,2.523700e-03,2.892370e-03,7.985775e-02,7.443404e-04,2.307718e-03,4.130479e-03,5.631316e-01,3.241181e-04,3.133667e-01
1.867079e-03,1.036750e-02,2.629872e-03,4.706662e-03,7.038509e-04,2.459873e-03,2.300228e-03,1.223055e-02,5.732602e-02,8.412155e-04,2.245648e-02,3.770297e-03,4.189982e-01,8.459719e-04,4.584962e-01
1.632031e-03,7.914749e-03,1.027039e-02,3.333962e-02,1.245913e-02,3.819620e-03,2.351479e-03,1.370179e-02,5.946900e-02,1.742738e-03,3.509881e-02,3.412640e-03,3.158683e-01,8.870903e-04,4.980325e-01
1.383961e-03,6.602897e-03,1.569482e-01,1.485423e-01,1.539177e-02,3.222154e-03,2.718530e-03,1.162552e-02,4.487636e-02,1.426199e-03,2.669046e-02,2.430745e-03,2.224577e-01,6.421790e-04,3.550410e-01
2.366710e-03,5.443829e-03,3.661145e-01,1.379500e-01,1.460120e-02,2.478231e-03,3.065196e-03,8.327411e-03,3.240312e-02,1.116998e-03,1.882425e-02,1.719203e-03,1.559030e-01,4.593446e-04,2.492270e-01
3.396302e-03,4.909797e-03,4.617152e-01,1.612339e-01,1.879684e-02,4.112747e-03,6.939635e-03,9.449261e-03,2.850498e-02,1.192423e-03,1.345996e-02,1.234103e-03,1.098479e-01,3.451038e-04,1.748617e-01
1.157481e-02,6.902809e-03,3.695549e-01,2.038763e-01,2.701255e-02,5.041135e-02,7.715918e-03,5.740561e-02,4.013041e-02,3.466544e-03,1.683806e-02,1.156151e-03,7.904932e-02,3.857968e-04,1.245195e-01
8.572234e-03,5.056707e-03,2.647667e-01,3.037210e-01,2.205386e-02,4.175479e-02,5.880659e-03,6.545292e-02,3.503308e-02,5.603990e-03,9.177569e-02,1.813157e-03,6.082479e-02,2.998867e-04,8.739049e-02
6.766647e-03,4.007736e-03,1.922861e-01,2.922943e-01,2.521159e-02,3.137335e-02,4.464812e-03,5.975802e-02,6.350094e-02,9.382550e-03,1.824591e-01,7.483423e-03,5.844650e-02,5.742106e-04,6.199063e-02
6.045931e-03,3.257240e-03,1.388200e-01,2.581531e-01,2.913513e-02,2.435573e-02,3.446255e-03,4.410067e-02,5.756319e-02,9.680081e-03,2.637482e-01,2.435923e-02,9.091484e-02,1.035106e-03,4.538539e-02
4.610651e-03,2.494144e-03,9.976435e-02,1.973412e-01,2.640714e-02,2.040167e-02,2.650748e-03,3.172944e-02,4.314636e-02,1.128571e-02,3.417395e-01,4.703427e-02,1.363605e-01,1.651288e-03,3.338301e-02
3.415491e-03,1.928354e-03,7.116385e-02,1.493344e-01,2.298906e-02,1.515205e-02,1.999013e-03,2.365518e-02,3.268599e-02,9.394632e-03,3.092130e-01,1.038836e-01,2.289550e-01,1.868551e-03,2.436184e-02
2.690410e-03,1.508652e-03,5.150141e-02,1.061887e-01,2.064175e-02,1.143647e-02,1.584232e-03,1.814801e-02,3.147270e-02,7.736813e-03,2.813551e-01,1.076320e-01,3.374213e-01,2.986688e-03,1.769567e-02
2.461860e-03,1.242125e-03,3.707081e-02,7.689556e-02,2.036493e-02,8.971068e-03,1.484498e-03,1.404609e-02,2.749221e-02,8.345162e-03,2.362870e-01,1.948366e-01,3.488916e-01,7.552692e-03,1.405776e-02
2.213733e-03,9.143319e-04,2.845083e-02,5.587717e-02,2.320726e-02,8.253294e-03,1.295489e-03,1.424191e-02,2.373947e-02,7.227300e-03,2.116426e-01,2.083434e-01,3.963017e-01,7.733056e-03,1.055841e-02
2.494866e-03,7.592058e-04,2.466850e-02,4.004452e-02,2.869253e-02,6.992037e-03,1.294991e-03,2.293053e-02,2.220133e-02,6.730196e-03,1.639022e-01,2.140283e-01,4.481728e-01,8.654281e-03,8.433709e-03
4.364382e-03,1.241336e-03,2.495920e-02,2.837094e-02,3.079487e-02,5.736927e-03,2.196927e-03,3.926205e-02,3.000294e-02,8.793110e-03,1.177131e-01,2.744809e-01,4.048059e-01,1.937290e-02,7.904464e-03
6.215525e-03,1.517806e-03,2.006493e-02,2.110617e-02,4.163200e-02,5.178866e-03,4.161763e-03,1.340555e-01,5.502666e-02,7.967418e-03,9.401294e-02,2.160403e-01,3.720704e-01,1.474362e-02,6.206056e-03
1.917386e-02,1.573099e-03,2.260339e-02,1.705375e-02,6.811038e-02,9.786474e-03,1.278049e-02,2.159476e-01,9.349908e-02,7.140552e-03,7.279477e-02,1.635150e-01,2.797424e-01,1.143170e-02,4.847460e-03
4.228178e-02,2.691687e-03,2.440191e-02,1.495242e-02,1.083860e-01,1.163724e-02,1.036686e-02,1.611884e-01,2.099371e-01,5.658734e-03,5.955990e-02,1.261518e-01,2.091879e-01,9.710839e-03,3.887479e-03
4.948540e-02,2.980391e-03,1.989163e-02,1.215294e-02,1.068770e-01,9.651654e-03,8.214906e-03,1.326986e-01,3.096076e-01,4.797068e-03,5.680868e-02,1.032845e-01,1.723682e-01,8.119727e-03,3.061798e-03
5.724695e-02,2.882214e-03,1.745657e-02,1.008871e-02,1.228121e-01,8.137238e-03,6.711189e-03,1.185144e-01,3.749821e-01,4.325845e-03,5.559523e-02,7.792590e-02,1.339473e-01,6.834040e-03,2.540320e-03
7.375258e-02,3.830438e-03,1.640321e-02,1.158943e-02,1.258269e-01,6.775268e-03,5.318929e-03,1.312281e-01,3.979676e-01,3.472306e-03,5.008204e-02,6.068424e-02,1.055311e-01,5.481001e-03,2.056867e-03
6.376076e-02,3.116425e-03,1.502481e-02,1.598446e-02,1.090586e-01,4.917141e-03,3.870169e-03,3.084091e-01,3.047907e-01,2.519630e-03,3.927067e-02,4.441942e-02,7.944304e-02,3.917185e-03,1.497952e-03
7.382920e-02,4.494217e-03,1.264069e-02,1.610105e-02,8.425605e-02,4.770831e-03,3.135641e-03,4.519892e-01,2.250691e-01,1.853990e-03,2.838755e-02,3.241559e-02,5.697682e-02,2.811200e-03,1.268897e-03
6.889078e-02,3.714623e-03,9.255837e-03,1.367609e-02,6.479761e-02,4.003382e-03,2.690957e-03,5.842949e-01,1.606074e-01,1.322085e-03,2.048265e-02,2.307501e-02,4.023184e-02,2.001394e-03,9.554289e-04
8.045707e-02,2.832969e-03,6.617085e-03,1.104019e-02,4.884897e-02,4.044672e-03,2.157350e-03,6.671202e-01,1.141851e-01,9.674310e-04,1.498696e-02,1.627653e-02,2.835060e-02,1.420426e-03,6.944349e-04
7.360493e-02,2.051851e-03,4.685752e-03,8.148834e-03,3.661969e-02,3.573670e-03,1.568552e-03,7.450460e-01,8.046737e-02,7.008382e-04,1.066965e-02,1.146940e-02,1.989907e-02,9.994236e-04,4.950210e-04
6.876389e-02,1.498018e-03,3.324463e-03,6.203450e-03,2.811969e-02,7.672776e-03,1.252073e-03,7.950380e-01,5.655934e-02,5.064546e-04,7.562092e-03,8.090361e-03,1.433754e-02,7.162766e-04,3.555627e-04
6.629626e-02,1.089285e-03,2.351332e-03,4.630764e-03,2.043544e-02,1.588598e-02,1.024145e-03,8.248107e-01,3.972334e-02,3.647675e-04,5.483326e-03,5.972644e-03,1.113798e-02,5.321794e-04,2.618690e-04
7.091006e-02,8.014785e-04,1.724769e-03,3.689917e-03,1.623036e-02,2.216898e-02,9.863693e-04,8.375353e-01,2.790473e-02,2.619268e-04,4.072115e-03,4.571187e-03,8.548883e-03,3.888908e-04,2.050326e-04
5.966147e-02,5.842231e-04,1.310710e-03,2.752791e-03,1.228893e-02,1.727859e-02,9.367082e-04,8.725642e-01,1.962892e-02,1.891033e-04,2.922522e-03,3.309608e-03,6.127546e-03,2.847305e-04,1.599516e-04
4.685275e-02,4.279477e-04,9.690837e-04,2.002619e-03,9.200720e-03,1.290620e-02,9.112245e-04,9.036438e-01,1.380395e-02,1.345353e-04,2.081395e-03,2.367047e-03,4.371585e-03,2.047307e-04,1.224226e-04
5.163432e-02,3.664524e-04,1.067258e-03,1.635404e-03,9.400239e-03,1.277530e-02,5.104745e-03,9.001853e-01,9.769537e-03,1.082931e-04,1.577487e-03,2.012707e-03,4.051946e-03,1.655175e-04,1.454464e-04
5.310042e-02,2.837099e-04,1.135540e-03,1.688381e-03,7.823363e-03,2.583703e-02,8.368996e-03,8.862481e-01,6.911898e-03,8.896656e-05,1.205865e-03,1.630485e-03,5.412896e-03,1.331801e-04,1.312098e-04
6.032171e-02,2.258953e-04,1.110521e-03,1.536361e-03,7.164802e-03,5.748269e-02,1.238358e-02,8.432776e-01,4.901972e-03,7.047124e-05,9.245054e-04,1.510332e-03,8.846440e-03,1.184773e-04,1.246737e-04
5.914971e-02,1.937427e-04,1.263285e-03,1.566729e-03,8.391221e-03,1.156475e-01,1.523672e-02,7.807179e-01,3.486904e-03,6.247262e-05,7.471955e-04,1.384739e-03,1.192004e-02,9.926366e-05,1.325603e-04
5.713965e-02,1.808848e-04,1.301605e-03,1.541555e-03,9.584330e-03,1.962838e-01,1.684748e-02,6.966535e-01,2.498141e-03,7.585220e-05,6.658417e-04,1.425167e-03,1.555706e-02,8.690164e-05,1.582602e-04
5.917976e-02,2.095365e-04,1.734411e-03,2.788920e-03,1.299232e-02,2.167696e-01,1.370125e-02,6.733972e-01,1.905291e-03,1.006740e-04,7.173735e-04,2.057363e-03,1.407384e-02,8.714437e-05,2.853060e-04
7.125979e-02,2.525547e-04,1.885778e-03,3.811385e-03,2.556420e-02,1.977872e-01,1.099919e-02,6.624761e-01,1.687260e-03,1.459451e-04,1.087255e-03,5.040706e-03,1.736237e-02,1.230679e-04,5.172177e-04
7.958646e-02,2.645771e-04,2.011838e-03,3.830512e-03,4.478296e-02,1.761280e-01,9.436999e-03,6.594977e-01,1.384133e-03,1.593478e-04,1.018866e-03,4.897876e-03,1.633231e-02,1.075935e-04,5.608081e-04
9.043059e-02,3.145963e-04,2.722010e-03,4.381704e-03,8.991437e-02,1.469040e-01,7.724216e-03,6.364816e-01,1.133333e-03,1.265670e-04,8.473669e-04,4.418220e-03,1.397167e-02,8.396027e-05,5.458340e-04
9.772518e-02,3.684934e-04,2.574770e-03,3.638692e-03,7.500102e-02,3.124912e-01,5.906804e-03,4.678907e-01,9.635855e-04,1.122337e-04,1.009543e-03,7.469798e-03,2.407931e-02,8.793180e-05,6.806918e-04
1.222881e-01,4.539259e-04,2.322485e-03,4.379442e-03,5.893879e-02,3.905692e-01,4.697588e-03,3.524020e-01,1.345667e-03,1.451558e-04,1.651927e-03,1.307031e-02,4.662179e-02,9.191030e-05,1.021685e-03
9.299199e-02,4.264010e-04,1.761549e-03,4.302272e-03,4.483385e-02,3.568636e-01,3.425982e-03,2.509867e-01,1.915173e-03,1.615277e-04,3.208653e-03,1.897937e-02,2.156891e-01,1.137232e-04,4.340050e-03
6.722452e-02,4.245730e-04,1.360256e-03,5.258657e-03,3.293624e-02,3.187267e-01,2.506382e-03,1.772482e-01,2.578914e-03,2.007640e-04,3.394746e-03,2.429957e-02,3.572411e-01,1.367165e-04,6.462698e-03
4.923236e-02,3.499134e-04,1.016578e-03,4.447520e-03,2.330282e-02,2.930201e-01,1.891427e-03,1.244523e-01,2.558612e-03,4.205509e-04,3.367209e-03,3.282362e-02,4.561553e-01,2.275406e-04,6.734095e-03
3.485158e-02,3.038631e-04,7.450129e-04,3.332145e-03,1.643917e-02,2.145468e-01,1.346535e-03,8.714179e-02,1.932637e-03,7.875293e-04,2.903764e-03,3.579853e-02,5.936677e-01,2.101239e-04,5.992732e-03
2.487578e-02,2.263923e-04,5.889277e-04,2.379858e-03,1.197102e-02,1.520661e-01,9.576182e-04,6.109567e-02,1.429911e-03,1.444202e-03,2.872723e-03,4.366959e-02,6.845393e-01,8.017499e-04,1.108121e-02
1.846100e-02,7.791515e-04,3.086060e-02,1.931807e-03,2.301451e-02,1.078942e-01,7.432668e-04,4.329190e-02,3.159577e-03,6.414217e-03,6.162469e-03,1.276412e-01,6.108061e-01,3.881180e-03,1.495886e-02
1.472989e-02,1.542234e-03,9.728669e-02,1.748259e-03,5.227941e-02,7.725022e-02,1.807004e-03,3.458878e-02,4.662088e-03,9.957380e-03,5.682711e-03,1.474137e-01,5.299537e-01,3.951061e-03,1.714689e-02
1.301836e-02,4.112749e-03,1.228154e-01,1.382020e-03,7.661775e-02,5.450815e-02,1.542911e-03,2.968173e-02,6.094098e-03,3.945547e-02,6.174293e-03,1.797455e-01,4.300143e-01,1.694747e-02,1.788991e-02
1.486101e-02,4.400039e-03,1.001598e-01,1.173306e-03,1.140073e-01,3.966037e-02,1.536062e-03,2.933282e-02,1.155504e-02,3.633863e-02,8.260117e-03,2.694586e-01,3.313586e-01,2.226911e-02,1.562922e-02
2.136889e-02,4.911975e-03,8.683400e-02,1.196801e-03,1.278830e-01,3.015013e-02,1.595235e-03,2.591000e-02,1.660705e-02,6.426986e-02,1.580342e-02,3.008136e-01,2.623146e-01,2.608527e-02,1.425624e-02
2.410801e-02,3.940400e-03,6.253936e-02,1.384078e-03,1.114414e-01,2.469958e-02,1.439715e-03,1.888954e-02,1.542766e-02,9.579032e-02,4.307469e-02,3.495572e-01,2.045915e-01,2.368425e-02,1.943235e-02
2.967405e-02,3.364377e-03,4.580501e-02,1.432951e-03,1.330901e-01,2.195701e-02,1.967835e-03,1.477384e-02,1.807565e-02,8.902555e-02,4.454078e-02,4.090329e-01,1.514698e-01,1.942840e-02,1.636165e-02
3.786390e-02,3.317251e-03,3.577400e-02,1.634289e-03,1.890659e-01,1.641295e-02,3.054213e-03,1.302119e-02,2.554500e-02,7.384893e-02,5.818936e-02,3.959346e-01,1.119359e-01,1.656093e-02,1.784162e-02
3.341353e-02,4.594074e-03,3.809512e-02,2.003936e-03,1.972808e-01,1.324912e-02,3.311065e-03,1.171166e-02,2.973380e-02,5.775776e-02,6.209621e-02,4.329124e-01,8.397730e-02,1.548401e-02,1.437912e-02
3.546391e-02,6.560651e-03,7.964973e-02,2.566428e-03,2.416075e-01,1.154905e-02,4.028997e-03,2.933414e-02,3.424229e-02,5.033363e-02,5.937938e-02,3.544509e-01,6.334346e-02,1.685986e-02,1.063006e-02
3.041236e-02,5.694310e-03,6.932750e-02,2.262284e-03,3.084305e-01,1.016498e-02,4.025480e-03,3.757337e-02,3.600236e-02,4.445776e-02,5.229918e-02,3.212459e-01,4.922994e-02,2.064192e-02,8.232195e-03
2.593024e-02,4.868527e-03,5.873697e-02,1.686786e-03,4.394727e-01,8.672981e-03,4.752618e-03,3.732716e-02,3.603172e-02,3.375370e-02,4.093460e-02,2.443585e-01,3.649285e-02,2.076988e-02,6.210857e-03
2.185641e-02,3.491802e-03,6.604847e-02,1.442000e-03,3.720264e-01,6.604781e-03,1.409655e-02,1.724669e-01,2.911364e-02,2.633300e-02,3.656411e-02,1.931770e-01,3.137420e-02,2.075345e-02,4.651250e-03
1.936881e-02,3.249626e-03,6.377451e-02,1.193841e-03,4.565132e-01,6.375840e-03,1.496944e-02,1.546682e-01,4.785051e-02,2.050168e-02,2.770093e-02,1.400875e-01,2.320713e-02,1.699534e-02,3.543452e-03
1.861579e-02,2.808291e-03,1.486979e-01,1.636464e-03,4.668458e-01,5.999277e-03,1.594449e-02,1.304155e-01,4.400545e-02,1.469392e-02,2.007691e-02,9.870689e-02,1.693325e-02,1.207754e-02,2.542489e-03
2.126082e-02,2.786553e-03,1.894785e-01,3.374646e-03,5.049734e-01,5.677161e-03,1.610106e-02,1.031893e-01,3.584084e-02,1.076398e-02,1.446734e-02,6.944337e-02,1.219975e-02,8.550714e-03,1.892548e-03
3.326704e-02,4.041583e-03,1.952779e-01,5.296126e-03,5.317251e-01,8.592745e-03,1.416022e-02,7.453643e-02,4.121352e-02,9.807958e-03,1.185525e-02,5.026744e-02,9.601640e-03,6.301188e-03,4.055841e-03
3.718616e-02,9.872674e-03,1.415422e-01,4.528661e-03,4.853016e-01,2.885552e-02,1.248065e-02,5.400807e-02,8.188397e-02,7.131066e-03,9.555242e-03,3.596052e-02,8.330213e-02,4.479210e-03,3.912405e-03
3.905270e-02,1.274013e-02,1.016020e-01,4.201270e-03,5.320128e-01,2.718316e-02,1.011246e-02,4.117792e-02,9.135647e-02,5.872552e-03,8.736238e-03,2.646476e-02,9.254734e-02,3.257790e-03,3.682500e-03
3.739037e-02,1.020319e-02,7.211992e-02,3.535911e-03,5.505229e-01,2.099470e-02,7.678647e-03,3.061229e-02,8.229040e-02,4.931530e-03,7.525222e-03,2.042226e-02,1.416790e-01,2.485408e-03,7.608332e-03
4.972147e-02,1.023836e-02,5.963448e-02,1.659769e-01,4.315539e-01,1.667758e-02,6.312712e-03,4.321492e-02,7.463481e-02,4.923262e-03,6.780430e-03,1.633655e-02,1.031566e-01,1.924205e-03,8.913783e-03
7.303457e-02,1.047578e-02,4.772413e-02,1.254449e-01,4.834386e-01,1.803320e-02,5.091296e-03,6.508400e-02,6.154532e-02,4.311522e-03,6.598421e-03,1.268715e-02,7.450705e-02,1.690020e-03,1.033412e-02
9.467438e-02,1.077284e-02,6.859003e-02,1.117757e-01,4.271401e-01,2.778010e-02,4.576887e-03,1.034821e-01,4.727574e-02,3.813958e-03,8.474873e-03,1.104257e-02,6.850912e-02,1.551980e-03,1.053960e-02
1.094876e-01,1.172756e-02,8.847148e-02,1.061170e-01,4.238681e-01,4.519804e-02,3.503109e-03,8.495335e-02,4.089856e-02,5.458429e-03,8.484173e-03,8.681156e-03,5.261638e-02,1.752453e-03,8.782659e-03
9.590729e-02,2.331794e-02,8.931765e-02,2.219700e-01,3.353332e-01,3.737924e-02,3.105653e-03,7.197575e-02,4.698139e-02,4.397500e-03,8.708399e-03,7.573730e-03,4.026065e-02,1.564431e-03,1.220719e-02
1.410304e-01,4.882228e-02,1.007443e-01,2.384532e-01,2.592539e-01,3.359960e-02,3.204367e-03,5.433200e-02,5.327810e-02,4.123344e-03,8.064985e-03,6.131204e-03,3.313825e-02,1.592640e-03,1.423155e-02
2.132041e-01,7.142324e-02,8.114171e-02,1.954165e-01,2.045796e-01,5.726606e-02,2.993922e-03,3.941579e-02,6.900810e-02,3.302239e-03,9.223342e-03,5.834972e-03,2.858609e-02,2.070732e-03,1.653373e-02
2.001802e-01,5.803286e-02,5.834332e-02,2.847388e-01,1.497223e-01,4.190321e-02,2.211992e-03,3.201075e-02,8.599386e-02,3.072959e-03,3.761326e-02,8.216655e-03,2.227838e-02,1.897294e-03,1.378414e-02
1.426585e-01,4.254868e-02,4.144677e-02,2.797173e-01,1.074374e-01,2.994983e-02,1.602466e-03,2.274934e-02,8.819909e-02,5.714693e-03,1.969550e-01,8.761278e-03,1.791230e-02,1.827927e-03,1.251937e-02
1.001810e-01,3.021836e-02,2.911007e-02,2.131237e-01,7.773314e-02,2.136015e-02,1.195430e-03,1.602508e-02,1.157558e-01,4.457102e-03,3.490367e-01,6.315705e-03,1.749328e-02,4.786156e-03,1.320829e-02
7.079998e-02,2.124050e-02,2.040002e-02,1.498164e-01,5.507021e-02,1.505927e-02,8.535619e-04,1.140867e-02,3.241168e-01,3.624815e-03,2.723778e-01,4.467287e-03,1.604491e-02,1.633369e-02,1.838601e-02
4.995292e-02,1.490818e-02,1.430014e-02,1.049433e-01,3.910124e-02,1.071610e-02,6.168818e-04,8.097894e-03,4.958024e-01,2.709455e-03,2.132011e-01,3.171867e-03,1.294364e-02,1.468104e-02,1.485387e-02
3.593280e-02,1.050555e-02,1.003495e-02,7.351085e-02,2.797346e-02,7.930433e-03,4.777625e-04,5.696789e-03,5.875783e-01,2.072243e-03,1.944096e-01,2.319630e-03,1.195904e-02,1.607784e-02,1.352075e-02
2.578501e-02,7.365153e-03,7.029135e-03,5.146828e-02,1.969871e-02,5.733284e-03,3.584009e-04,4.010612e-03,7.024745e-01,1.508766e-03,1.369992e-01,1.650915e-03,8.956009e-03,1.359752e-02,1.336455e-02
2.028473e-02,5.218949e-03,4.933731e-03,3.603759e-02,1.446603e-02,4.351144e-03,2.796399e-04,2.841916e-03,7.662610e-01,1.121781e-03,9.663529e-02,1.244257e-03,7.452182e-03,1.841700e-02,2.045473e-02
1.894849e-02,3.717225e-03,3.467031e-03,2.523976e-02,1.019110e-02,3.502600e-03,2.128683e-04,2.007451e-03,8.146694e-01,8.933365e-04,6.805050e-02,9.307826e-04,5.623258e-03,2.281505e-02,1.973109e-02
1.481852e-02,2.845099e-03,2.456027e-03,1.770862e-02,7.229909e-03,3.018937e-03,1.782254e-04,1.417370e-03,8.501101e-01,8.529300e-04,4.824390e-02,7.033790e-04,4.263872e-03,2.995577e-02,1.619733e-02
1.060231e-02,3.074976e-03,2.460801e-03,1.249532e-02,5.116649e-03,2.296353e-03,1.337960e-04,1.003232e-03,8.813050e-01,9.998712e-04,3.431490e-02,6.389617e-04,3.685403e-03,2.317148e-02,1.870085e-02
7.953415e-03,3.274543e-03,1.953094e-03,8.817688e-03,3.700175e-03,1.873289e-03,1.145783e-04,7.359978e-04,8.556002e-01,2.008307e-03,2.507055e-02,5.397118e-04,3.083730e-03,3.238472e-02,5.289001e-02
6.404750e-03,1.156815e-02,2.301248e-03,6.230890e-03,2.895428e-03,1.406515e-03,1.022555e-04,5.627281e-04,7.367423e-01,2.621600e-02,1.933364e-02,4.753460e-04,2.625775e-03,4.646544e-02,1.366695e-01
4.713316e-03,9.820000e-03,3.018134e-03,5.626217e-03,2.376287e-03,1.042715e-03,9.564034e-05,9.366248e-04,7.891302e-01,2.851100e-02,1.411389e-02,4.380181e-04,2.184585e-03,3.892554e-02,9.906784e-02
4.569417e-03,1.089926e-02,2.951792e-02,6.497085e-03,2.930076e-03,9.103196e-04,2.072313e-04,2.555988e-03,7.882369e-01,3.300586e-02,1.111261e-02,4.242414e-04,1.914953e-03,3.338527e-02,7.383282e-02
3.635484e-03,8.603437e-03,6.543688e-02,6.145876e-03,2.586175e-03,6.596894e-04,1.542487e-04,4.305764e-03,7.814280e-01,4.022713e-02,7.931556e-03,3.204015e-04,1.384080e-03,2.360068e-02,5.358060e-02
3.318793e-03,6.439214e-03,1.399720e-01,5.562895e-03,2.143793e-03,5.028817e-04,1.141385e-04,4.418344e-03,6.446694e-01,1.288367e-01,5.714221e-03,2.496867e-04,1.029410e-03,1.678557e-02,4.024295e-02
3.220110e-03,4.800557e-03,3.298770e-01,4.787372e-03,1.789343e-03,4.040110e-04,9.687941e-05,3.113629e-02,4.738194e-01,1.030327e-01,4.301489e-03,2.127126e-04,8.483463e-04,1.197622e-02,2.969760e-02
4.386667e-03,3.870538e-03,4.325629e-01,3.719838e-03,1.654066e-03,3.419888e-04,1.116971e-04,9.281038e-02,3.397597e-01,8.568107e-02,3.264318e-03,1.791166e-04,6.929222e-04,8.939847e-03,2.202480e-02
5.891924e-03,3.737291e-03,5.149447e-01,3.339020e-03,1.797978e-03,3.157120e-04,1.272162e-04,1.216656e-01,2.409504e-01,7.631397e-02,2.386939e-03,1.463836e-04,6.925200e-04,7.296114e-03,2.039426e-02
1.020727e-02,5.074995e-03,4.962766e-01,3.985585e-03,2.275458e-03,4.616658e-04,2.960730e-04,1.912642e-01,1.710942e-01,8.090650e-02,1.819721e-03,1.953459e-04,7.962940e-04,6.382607e-03,2.896350e-02
1.506697e-02,4.850943e-03,4.301094e-01,3.953836e-03,3.717038e-03,6.156666e-04,5.930524e-04,2.999662e-01,1.206961e-01,8.141046e-02,1.407777e-03,2.734218e-04,7.636145e-04,6.624787e-03,2.995079e-02
2.784994e-02,6.369099e-03,4.142395e-01,1.204400e-02,5.445113e-03,1.477994e-03,7.200278e-03,3.286344e-01,8.584882e-02,7.577242e-02,1.275919e-03,5.647654e-04,2.643578e-03,5.340374e-03,2.529374e-02
3.450521e-02,7.169626e-03,3.272172e-01,1.374853e-02,7.462556e-03,1.611151e-03,2.225176e-02,4.141303e-01,6.156178e-02,6.896652e-02,9.855769e-04,5.400277e-04,3.172449e-03,4.035582e-03,3.264179e-02
4.169345e-02,6.805095e-03,2.579614e-01,1.295075e-02,7.856272e-03,1.948889e-03,2.424680e-02,4.888564e-01,4.461632e-02,6.457987e-02,8.197381e-04,5.908134e-04,2.825093e-03,3.152917e-03,4.109624e-02
4.868114e-02,5.928599e-03,1.970931e-01,1.125010e-02,6.990184e-03,1.857918e-03,2.852008e-02,5.758629e-01,3.245714e-02,4.934058e-02,7.122910e-04,6.382035e-04,2.391966e-03,2.554342e-03,3.572141e-02
5.215839e-02,4.989492e-03,1.467897e-01,9.500050e-03,5.786301e-03,2.176207e-03,3.012693e-02,6.416134e-01,2.400521e-02,4.747032e-02,9.153915e-04,1.082621e-03,2.211610e-03,1.975172e-03,2.919927e-02
