1.000000e+00,0.000000e+00,0.000000e+00,0.000000e+00,0.000000e+00,0.000000e+00,0.000000e+00,0.000000e+00,0.000000e+00,0.000000e+00,0.000000e+00,0.000000e+00,0.000000e+00,0.000000e+00,0.000000e+00
1.000000e+00,0.000000e+00,0.000000e+00,0.000000e+00,0.000000e+00,0.000000e+00,0.000000e+00,0.000000e+00,0.000000e+00,0.000000e+00,0.000000e+00,0.000000e+00,0.000000e+00,0.000000e+00,0.000000e+00
1.000000e+00,0.000000e+00,0.000000e+00,0.000000e+00,0.000000e+00,0.000000e+00,0.000000e+00,0.000000e+00,0.000000e+00,0.000000e+00,0.000000e+00,0.000000e+00,0.000000e+00,0.000000e+00,0.000000e+00
1.000000e+00,0.000000e+00,0.000000e+00,0.000000e+00,0.000000e+00,0.000000e+00,0.000000e+00,0.000000e+00,0.000000e+00,0.000000e+00,0.000000e+00,0.000000e+00,0.000000e+00,0.000000e+00,0.000000e+00
1.000000e+00,0.000000e+00,0.000000e+00,0.000000e+00,0.000000e+00,0.000000e+00,0.000000e+00,0.000000e+00,0.000000e+00,0.000000e+00,0.000000e+00,0.000000e+00,0.000000e+00,0.000000e+00,0.000000e+00
1.000000e+00,0.000000e+00,0.000000e+00,0.000000e+00,0.000000e+00,0.000000e+00,0.000000e+00,0.000000e+00,0.000000e+00,0.000000e+00,0.000000e+00,0.000000e+00,0.000000e+00,0.000000e+00,0.000000e+00
1.000000e+00,0.000000e+00,0.000000e+00,0.000000e+00,0.000000e+00,0.000000e+00,0.000000e+00,0.000000e+00,0.000000e+00,0.000000e+00,0.000000e+00,0.000000e+00,0.000000e+00,0.000000e+00,0.000000e+00
1.000000e+00,0.000000e+00,0.000000e+00,0.000000e+00,0.000000e+00,0.000000e+00,0.000000e+00,0.000000e+00,0.000000e+00,0.000000e+00,0.000000e+00,0.000000e+00,0.000000e+00,0.000000e+00,0.000000e+00
1.000000e+00,0.000000e+00,0.000000e+00,0.000000e+00,0.000000e+00,0.000000e+00,0.000000e+00,0.000000e+00,0.000000e+00,0.000000e+00,0.000000e+00,0.000000e+00,0.000000e+00,0.000000e+00,0.000000e+00
1.000000e+00,0.000000e+00,0.000000e+00,0.000000e+00,0.000000e+00,0.000000e+00,0.000000e+00,0.000000e+00,0.000000e+00,0.000000e+00,0.000000e+00,0.000000e+00,0.000000e+00,0.000000e+00,0.000000e+00
1.000000e+00,0.000000e+00,0.000000e+00,0.000000e+00,0.000000e+00,0.000000e+00,0.000000e+00,0.000000e+00,0.000000e+00,0.000000e+00,0.000000e+00,0.000000e+00,0.000000e+00,0.000000e+00,0.000000e+00
1.000000e+00,0.000000e+00,0.000000e+00,0.000000e+00,0.000000e+00,0.000000e+00,0.000000e+00,0.000000e+00,0.000000e+00,0.000000e+00,0.000000e+00,0.000000e+00,0.000000e+00,0.000000e+00,0.000000e+00
1.000000e+00,0.000000e+00,0.000000e+00,0.000000e+00,0.000000e+00,0.000000e+00,0.000000e+00,0.000000e+00,0.000000e+00,0.000000e+00,0.000000e+00,0.000000e+00,0.000000e+00,0.000000e+00,0.000000e+00
1.000000e+00,0.000000e+00,0.000000e+00,0.000000e+00,0.000000e+00,0.000000e+00,0.000000e+00,0.000000e+00,0.000000e+00,0.000000e+00,0.000000e+00,0.000000e+00,0.000000e+00,0.000000e+00,0.000000e+00
1.000000e+00,0.000000e+00,0.000000e+00,0.000000e+00,0.000000e+00,0.000000e+00,0.000000e+00,0.000000e+00,0.000000e+00,0.000000e+00,0.000000e+00,0.000000e+00,0.000000e+00,0.000000e+00,0.000000e+00
1.000000e+00,0.000000e+00,0.000000e+00,0.000000e+00,0.000000e+00,0.000000e+00,0.000000e+00,0.000000e+00,0.000000e+00,0.000000e+00,0.000000e+00,0.000000e+00,0.000000e+00,0.000000e+00,0.000000e+00
1.000000e+00,0.000000e+00,0.000000e+00,0.000000e+00,0.000000e+00,0.000000e+00,0.000000e+00,0.000000e+00,0.000000e+00,0.000000e+00,0.000000e+00,0.000000e+00,0.000000e+00,0.000000e+00,0.000000e+00
1.000000e+00,0.000000e+00,0.000000e+00,0.000000e+00,0.000000e+00,0.000000e+00,0.000000e+00,0.000000e+00,0.000000e+00,0.000000e+00,0.000000e+00,0.000000e+00,0.000000e+00,0.000000e+00,0.000000e+00
1.000000e+00,0.000000e+00,0.000000e+00,0.000000e+00,0.000000e+00,0.000000e+00,0.000000e+00,0.000000e+00,0.000000e+00,0.000000e+00,0.000000e+00,0.000000e+00,0.000000e+00,0.000000e+00,0.000000e+00
1.000000e+00,0.000000e+00,0.000000e+00,0.000000e+00,0.000000e+00,0.000000e+00,0.000000e+00,0.000000e+00,0.000000e+00,0.000000e+00,0.000000e+00,0.000000e+00,0.000000e+00,0.000000e+00,0.000000e+00
1.000000e+00,0.000000e+00,0.000000e+00,0.000000e+00,0.000000e+00,0.000000e+00,0.000000e+00,0.000000e+00,0.000000e+00,0.000000e+00,0.000000e+00,0.000000e+00,0.000000e+00,0.000000e+00,0.000000e+00
1.000000e+00,0.000000e+00,0.000000e+00,0.000000e+00,0.000000e+00,0.000000e+00,0.000000e+00,0.000000e+00,0.000000e+00,0.000000e+00,0.000000e+00,0.000000e+00,0.000000e+00,0.000000e+00,0.000000e+00
1.000000e+00,0.000000e+00,0.000000e+00,0.000000e+00,0.000000e+00,0.000000e+00,0.000000e+00,0.000000e+00,0.000000e+00,0.000000e+00,0.000000e+00,0.000000e+00,0.000000e+00,0.000000e+00,0.000000e+00
1.000000e+00,0.000000e+00,0.000000e+00,0.000000e+00,0.000000e+00,0.000000e+00,0.000000e+00,0.000000e+00,0.000000e+00,0.000000e+00,0.000000e+00,0.000000e+00,0.000000e+00,0.000000e+00,0.000000e+00
1.000000e+00,0.000000e+00,0.000000e+00,0.000000e+00,0.000000e+00,0.000000e+00,0.000000e+00,0.000000e+00,0.000000e+00,0.000000e+00,0.000000e+00,0.000000e+00,0.000000e+00,0.000000e+00,0.000000e+00
1.000000e+00,0.000000e+00,0.000000e+00,0.000000e+00,0.000000e+00,0.000000e+00,0.000000e+00,0.000000e+00,0.000000e+00,0.000000e+00,0.000000e+00,0.000000e+00,0.000000e+00,0.000000e+00,0.000000e+00
1.000000e+00,0.000000e+00,0.000000e+00,0.000000e+00,0.000000e+00,0.000000e+00,0.000000e+00,0.000000e+00,0.000000e+00,0.000000e+00,0.000000e+00,0.000000e+00,0.000000e+00,0.000000e+00,0.000000e+00
1.000000e+00,0.000000e+00,0.000000e+00,0.000000e+00,0.000000e+00,0.000000e+00,0.000000e+00,0.000000e+00,0.000000e+00,0.000000e+00,0.000000e+00,0.000000e+00,0.000000e+00,0.000000e+00,0.000000e+00
1.000000e+00,0.000000e+00,0.000000e+00,0.000000e+00,0.000000e+00,0.000000e+00,0.000000e+00,0.000000e+00,0.000000e+00,0.000000e+00,0.000000e+00,0.000000e+00,0.000000e+00,0.000000e+00,0.000000e+00
1.000000e+00,0.000000e+00,0.000000e+00,0.000000e+00,0.000000e+00,0.000000e+00,0.000000e+00,0.000000e+00,0.000000e+00,0.000000e+00,0.000000e+00,0.000000e+00,0.000000e+00,0.000000e+00,0.000000e+00
1.000000e+00,0.000000e+00,0.000000e+00,0.000000e+00,0.000000e+00,0.000000e+00,0.000000e+00,0.000000e+00,0.000000e+00,0.000000e+00,0.000000e+00,0.000000e+00,0.000000e+00,0.000000e+00,0.000000e+00
1.000000e+00,0.000000e+00,0.000000e+00,0.000000e+00,0.000000e+00,0.000000e+00,0.000000e+00,0.000000e+00,0.000000e+00,0.000000e+00,0.000000e+00,0.000000e+00,0.000000e+00,0.000000e+00,0.000000e+00
1.000000e+00,0.000000e+00,0.000000e+00,0.000000e+00,0.000000e+00,0.000000e+00,0.000000e+00,0.000000e+00,0.000000e+00,0.000000e+00,0.000000e+00,0.000000e+00,0.000000e+00,0.000000e+00,0.000000e+00
1.000000e+00,0.000000e+00,0.000000e+00,0.000000e+00,0.000000e+00,0.000000e+00,0.000000e+00,0.000000e+00,0.000000e+00,0.000000e+00,0.000000e+00,0.000000e+00,0.000000e+00,0.000000e+00,0.000000e+00
1.000000e+00,0.000000e+00,0.000000e+00,0.000000e+00,0.000000e+00,0.000000e+00,0.000000e+00,0.000000e+00,0.000000e+00,0.000000e+00,0.000000e+00,0.000000e+00,0.000000e+00,0.000000e+00,0.000000e+00
1.000000e+00,0.000000e+00,0.000000e+00,0.000000e+00,0.000000e+00,0.000000e+00,0.000000e+00,0.000000e+00,0.000000e+00,0.000000e+00,0.000000e+00,0.000000e+00,0.000000e+00,0.000000e+00,0.000000e+00
1.000000e+00,0.000000e+00,0.000000e+00,0.000000e+00,0.000000e+00,0.000000e+00,0.000000e+00,0.000000e+00,0.000000e+00,0.000000e+00,0.000000e+00,0.000000e+00,0.000000e+00,0.000000e+00,0.000000e+00
1.000000e+00,0.000000e+00,0.000000e+00,0.000000e+00,0.000000e+00,0.000000e+00,0.000000e+00,0.000000e+00,0.000000e+00,0.000000e+00,0.000000e+00,0.000000e+00,0.000000e+00,0.000000e+00,0.000000e+00
1.000000e+00,0.000000e+00,0.000000e+00,0.000000e+00,0.000000e+00,0.000000e+00,0.000000e+00,0.000000e+00,0.000000e+00,0.000000e+00,0.000000e+00,0.000000e+00,0.000000e+00,0.000000e+00,0.000000e+00
1.000000e+00,0.000000e+00,0.000000e+00,0.000000e+00,0.000000e+00,0.000000e+00,0.000000e+00,0.000000e+00,0.000000e+00,0.000000e+00,0.000000e+00,0.000000e+00,0.000000e+00,0.000000e+00,0.000000e+00
1.000000e+00,0.000000e+00,0.000000e+00,0.000000e+00,0.000000e+00,0.000000e+00,0.000000e+00,0.000000e+00,0.000000e+00,0.000000e+00,0.000000e+00,0.000000e+00,0.000000e+00,0.000000e+00,0.000000e+00
1.000000e+00,0.000000e+00,0.000000e+00,0.000000e+00,0.000000e+00,0.000000e+00,0.000000e+00,0.000000e+00,0.000000e+00,0.000000e+00,0.000000e+00,0.000000e+00,0.000000e+00,0.000000e+00,0.000000e+00
1.000000e+00,0.000000e+00,0.000000e+00,0.000000e+00,0.000000e+00,0.000000e+00,0.000000e+00,0.000000e+00,0.000000e+00,0.000000e+00,0.000000e+00,0.000000e+00,0.000000e+00,0.000000e+00,0.000000e+00
1.000000e+00,0.000000e+00,0.000000e+00,0.000000e+00,0.000000e+00,0.000000e+00,0.000000e+00,0.000000e+00,0.000000e+00,0.000000e+00,0.000000e+00,0.000000e+00,0.000000e+00,0.000000e+00,0.000000e+00
1.000000e+00,0.000000e+00,0.000000e+00,0.000000e+00,0.000000e+00,0.000000e+00,0.000000e+00,0.000000e+00,0.000000e+00,0.000000e+00,0.000000e+00,0.000000e+00,0.000000e+00,0.000000e+00,0.000000e+00
1.000000e+00,0.000000e+00,0.000000e+00,0.000000e+00,0.000000e+00,0.000000e+00,0.000000e+00,0.000000e+00,0.000000e+00,0.000000e+00,0.000000e+00,0.000000e+00,0.000000e+00,0.000000e+00,0.000000e+00
1.000000e+00,0.000000e+00,0.000000e+00,0.000000e+00,0.000000e+00,0.000000e+00,0.000000e+00,0.000000e+00,0.000000e+00,0.000000e+00,0.000000e+00,0.000000e+00,0.000000e+00,0.000000e+00,0.000000e+00
1.000000e+00,0.000000e+00,0.000000e+00,0.000000e+00,0.000000e+00,0.000000e+00,0.000000e+00,0.000000e+00,0.000000e+00,0.000000e+00,0.000000e+00,0.000000e+00,0.000000e+00,0.000000e+00,0.000000e+00
1.000000e+00,0.000000e+00,0.000000e+00,0.000000e+00,0.000000e+00,0.000000e+00,0.000000e+00,0.000000e+00,0.000000e+00,0.000000e+00,0.000000e+00,0.000000e+00,0.000000e+00,0.000000e+00,0.000000e+00
4.738238e-01,3.566533e-02,2.238591e-02,1.397072e-01,1.811437e-02,5.416836e-02,1.577872e-02,3.553579e-02,1.776004e-02,2.412893e-03,1.745577e-02,9.075178e-02,4.275335e-02,3.984588e-03,2.970212e-02
4.973575e-01,3.933174e-02,1.920205e-02,1.312244e-01,2.021836e-02,4.918418e-02,1.403409e-02,2.918982e-02,1.955927e-02,2.614561e-03,1.631259e-02,8.093618e-02,4.392205e-02,4.206801e-03,3.270648e-02
1.000000e+00,0.000000e+00,0.000000e+00,0.000000e+00,0.000000e+00,0.000000e+00,0.000000e+00,0.000000e+00,0.000000e+00,0.000000e+00,0.000000e+00,0.000000e+00,0.000000e+00,0.000000e+00,0.000000e+00
4.332066e-01,6.217247e-02,2.296581e-02,1.985461e-01,2.220840e-02,4.020974e-02,1.124261e-02,2.482978e-02,1.814291e-02,2.564305e-03,1.705348e-02,6.957082e-02,4.028670e-02,4.000629e-03,3.299966e-02
4.451505e-01,6.535070e-02,2.236244e-02,1.998031e-01,2.133935e-02,3.629189e-02,9.961298e-03,2.153430e-02,1.909730e-02,2.814885e-03,1.767638e-02,6.543257e-02,3.700271e-02,3.978120e-03,3.220443e-02
4.696789e-01,6.106475e-02,2.175436e-02,1.754304e-01,1.975153e-02,3.451430e-02,9.239549e-03,1.873037e-02,1.973252e-02,3.648063e-03,1.763953e-02,6.874143e-02,4.042238e-02,4.616034e-03,3.503593e-02
1.000000e+00,0.000000e+00,0.000000e+00,0.000000e+00,0.000000e+00,0.000000e+00,0.000000e+00,0.000000e+00,0.000000e+00,0.000000e+00,0.000000e+00,0.000000e+00,0.000000e+00,0.000000e+00,0.000000e+00
1.000000e+00,0.000000e+00,0.000000e+00,0.000000e+00,0.000000e+00,0.000000e+00,0.000000e+00,0.000000e+00,0.000000e+00,0.000000e+00,0.000000e+00,0.000000e+00,0.000000e+00,0.000000e+00,0.000000e+00
1.000000e+00,0.000000e+00,0.000000e+00,0.000000e+00,0.000000e+00,0.000000e+00,0.000000e+00,0.000000e+00,0.000000e+00,0.000000e+00,0.000000e+00,0.000000e+00,0.000000e+00,0.000000e+00,0.000000e+00
1.000000e+00,0.000000e+00,0.000000e+00,0.000000e+00,0.000000e+00,0.000000e+00,0.000000e+00,0.000000e+00,0.000000e+00,0.000000e+00,0.000000e+00,0.000000e+00,0.000000e+00,0.000000e+00,0.000000e+00
3.755787e-01,9.171770e-02,1.542540e-02,2.228960e-01,7.987440e-03,1.760917e-02,4.454758e-03,9.511353e-03,9.984696e-02,1.194224e-02,1.591033e-02,2.334378e-02,2.888587e-02,2.121177e-03,7.276908e-02
3.180481e-01,8.607034e-02,1.243908e-02,2.287106e-01,6.849627e-03,1.453445e-02,3.515336e-03,1.224554e-02,1.378964e-01,9.681422e-03,4.511150e-02,1.815015e-02,4.261351e-02,2.811584e-03,6.132239e-02
2.583785e-01,1.068765e-01,9.860310e-03,1.853236e-01,9.021597e-03,1.165756e-02,2.947761e-03,9.398330e-03,2.363085e-01,7.655506e-03,5.229539e-02,1.465952e-02,4.432597e-02,2.643905e-03,4.864703e-02
1.830397e-01,1.483225e-01,7.107877e-03,1.458144e-01,7.153998e-03,9.008031e-03,2.152438e-03,6.661615e-03,3.649812e-01,5.680987e-03,3.746470e-02,1.039201e-02,3.372568e-02,2.098803e-03,3.639601e-02
1.557095e-01,1.396595e-01,7.249223e-03,1.669528e-01,7.947003e-03,9.614877e-03,1.935336e-03,6.099087e-03,3.813345e-01,4.659314e-03,2.900666e-02,7.854736e-03,2.764428e-02,2.205683e-03,5.212741e-02
1.199466e-01,1.866418e-01,9.509455e-03,1.368926e-01,7.707066e-03,8.646903e-03,1.578447e-03,4.529769e-03,4.057745e-01,8.614611e-03,2.569307e-02,5.892383e-03,2.295523e-02,2.720364e-03,5.289721e-02
8.975671e-02,2.603841e-01,1.118563e-02,1.040307e-01,5.614593e-03,9.825596e-03,1.228690e-03,3.308733e-03,3.147944e-01,1.589485e-02,3.300670e-02,3.891281e-02,6.467851e-02,3.037854e-03,4.434010e-02
7.174519e-02,2.088118e-01,9.792160e-03,9.916821e-02,6.421886e-03,8.700193e-03,1.095931e-03,3.894883e-03,2.381420e-01,1.278345e-02,6.199610e-02,1.018939e-01,1.326533e-01,3.608884e-03,3.929197e-02
8.707587e-02,1.495599e-01,7.684807e-03,7.762694e-02,4.969001e-03,9.206563e-03,1.482599e-03,3.076386e-03,1.892301e-01,9.965748e-03,5.695032e-02,2.256822e-01,1.304656e-01,1.418619e-02,3.283791e-02
9.840392e-02,1.071476e-01,6.287955e-03,7.101483e-02,5.580941e-03,1.113164e-02,1.556460e-03,2.769150e-03,1.573539e-01,7.978584e-03,5.242069e-02,3.045695e-01,1.333713e-01,1.439383e-02,2.601975e-02
1.315592e-01,7.736175e-02,5.432294e-03,5.304045e-02,8.610195e-03,1.434498e-02,3.153383e-03,3.878677e-03,1.221339e-01,8.024047e-03,4.577538e-02,3.911861e-01,1.037833e-01,1.111246e-02,2.060392e-02
1.542601e-01,5.558500e-02,4.158223e-03,4.024695e-02,9.027549e-03,2.679664e-02,5.161773e-03,3.917921e-03,9.896068e-02,6.626113e-03,3.717010e-02,4.475898e-01,8.565098e-02,9.325426e-03,1.552273e-02
1.415134e-01,4.023932e-02,3.237377e-03,3.040289e-02,1.212439e-02,2.943972e-02,5.704946e-03,3.993829e-03,8.759183e-02,5.411412e-03,3.012288e-02,5.150841e-01,7.621840e-02,7.465083e-03,1.145046e-02
1.229851e-01,3.143240e-02,3.193109e-03,2.824541e-02,1.135991e-02,4.872973e-02,5.841113e-03,3.885229e-03,8.586052e-02,4.567167e-03,2.810089e-02,5.435226e-01,6.705674e-02,6.183247e-03,9.036884e-03
9.929907e-02,2.341435e-02,2.623589e-03,2.168982e-02,1.194226e-02,4.531721e-02,4.434421e-03,3.344272e-03,7.045700e-02,3.555896e-03,2.493131e-02,6.171612e-01,6.052485e-02,4.632025e-03,6.672728e-03
7.089783e-02,1.664182e-02,1.900158e-03,1.537512e-02,9.458872e-03,3.357714e-02,3.263348e-03,2.504356e-03,5.400966e-02,2.643693e-03,1.873859e-02,7.052757e-01,5.753680e-02,3.365061e-03,4.811942e-03
5.052039e-02,1.208135e-02,1.411468e-03,1.124448e-02,7.912623e-03,2.490926e-02,2.347679e-03,1.855708e-03,5.280575e-02,2.119424e-03,1.665541e-02,7.526521e-01,5.734376e-02,2.641553e-03,3.499089e-03
3.683534e-02,8.953058e-03,1.146543e-03,8.928386e-03,8.603478e-03,2.095170e-02,1.901817e-03,1.472964e-03,7.809135e-02,1.645619e-03,1.693569e-02,7.562006e-01,5.354640e-02,2.169407e-03,2.617687e-03
2.647931e-02,9.980681e-03,1.533251e-03,6.496543e-03,7.573979e-03,1.635243e-02,1.496139e-03,1.178605e-03,1.830903e-01,1.267094e-03,1.631513e-02,6.728938e-01,5.107594e-02,2.303751e-03,1.963222e-03
1.902424e-02,8.716539e-03,1.676166e-03,4.772226e-03,9.090225e-03,1.557119e-02,1.557972e-03,3.115393e-03,2.961035e-01,9.563454e-04,1.899489e-02,5.557882e-01,6.136170e-02,1.797944e-03,1.473521e-03
1.405089e-02,1.115552e-02,2.661319e-03,3.905733e-03,9.814358e-03,1.655782e-02,1.813188e-03,7.370152e-03,4.129612e-01,7.944245e-04,1.549088e-02,4.440791e-01,5.672634e-02,1.463496e-03,1.155575e-03
1.421533e-02,8.568256e-03,5.658422e-03,5.820373e-03,1.260887e-02,1.791251e-02,7.486151e-03,9.258956e-02,3.234860e-01,1.019545e-03,1.364997e-02,3.609878e-01,1.336623e-01,1.190445e-03,1.144470e-03
1.949093e-02,6.354292e-03,1.093277e-02,2.503862e-02,1.965665e-02,1.789573e-02,2.144079e-02,1.326063e-01,2.605059e-01,9.751865e-04,1.261020e-02,2.921813e-01,1.783395e-01,9.263203e-04,1.045362e-03
2.205852e-02,4.596249e-03,8.875975e-03,2.389626e-02,2.389468e-02,1.592262e-02,2.200240e-02,3.273885e-01,1.916086e-01,7.045005e-04,9.322133e-03,2.076837e-01,1.405072e-01,6.871515e-04,8.514996e-04
1.827867e-02,3.274359e-03,6.675221e-03,1.803163e-02,2.194597e-02,1.241299e-02,2.619653e-02,5.030773e-01,1.352445e-01,5.116441e-04,6.654979e-03,1.458722e-01,1.007091e-01,4.899920e-04,6.250014e-04
1.561382e-02,2.423785e-03,4.828367e-03,1.306634e-02,1.945405e-02,9.966604e-03,2.206895e-02,6.384829e-01,9.487227e-02,3.731044e-04,4.805544e-03,1.023097e-01,7.091466e-02,3.578923e-04,4.619302e-04
1.513380e-02,1.802599e-03,3.438326e-03,9.597386e-03,2.498429e-02,9.101955e-03,1.783326e-02,7.253736e-01,6.655790e-02,2.681604e-04,3.503945e-03,7.165376e-02,5.014686e-02,2.579138e-04,3.461948e-04
2.039928e-02,1.330362e-03,2.507941e-03,7.683812e-03,2.384549e-02,8.773863e-03,1.308931e-02,7.866338e-01,4.670442e-02,1.999109e-04,2.663161e-03,5.021191e-02,3.551359e-02,1.905183e-04,2.526405e-04
2.036085e-02,1.034366e-03,1.840392e-03,6.211450e-03,2.771681e-02,6.804558e-03,9.482973e-03,8.309674e-01,3.284023e-02,1.488773e-04,2.003408e-03,3.522391e-02,2.504023e-02,1.402266e-04,1.842638e-04
2.207843e-02,7.729476e-04,1.330567e-03,4.954075e-03,3.147097e-02,5.228805e-03,6.861566e-03,8.600628e-01,2.305419e-02,1.073220e-04,1.476419e-03,2.470876e-02,1.765957e-02,1.013429e-04,1.322259e-04
2.125583e-02,6.047954e-04,9.593043e-04,3.793274e-03,3.044179e-02,4.062714e-03,4.966836e-03,8.863831e-01,1.617855e-02,7.748777e-05,1.118738e-03,1.738577e-02,1.259897e-02,7.370527e-05,9.912983e-05
2.073615e-02,4.947588e-04,7.027324e-04,2.768884e-03,2.452761e-02,3.580492e-03,3.749344e-03,9.088244e-01,1.137265e-02,5.922429e-05,9.543943e-04,1.246564e-02,9.609688e-03,6.448010e-05,8.951788e-05
1.982656e-02,4.374895e-04,5.854656e-04,2.065616e-03,1.996250e-02,3.716537e-03,3.101255e-03,9.238148e-01,8.023043e-03,5.138259e-05,9.245558e-04,9.211981e-03,8.106524e-03,6.651809e-05,1.057885e-04
1.982211e-02,4.110526e-04,5.295367e-04,1.681292e-03,1.930393e-02,3.560857e-03,2.701489e-03,9.311538e-01,5.685451e-03,5.222110e-05,8.948979e-04,6.950138e-03,7.056325e-03,6.364043e-05,1.333066e-04
2.220726e-02,4.040700e-04,4.470926e-04,1.366572e-03,1.748403e-02,4.353336e-03,2.227258e-03,9.315103e-01,4.125219e-03,6.643342e-05,1.107252e-03,5.941729e-03,8.471297e-03,7.427794e-05,2.138522e-04
2.019272e-02,3.431266e-04,3.987458e-04,1.249478e-03,1.367885e-02,3.598872e-03,1.808937e-03,7.416359e-01,3.503594e-03,3.113812e-04,1.831489e-02,6.368562e-02,1.304380e-01,4.609525e-04,3.789535e-04
1.498727e-02,2.703097e-04,3.286541e-04,1.081869e-03,1.065328e-02,2.878502e-03,1.817875e-03,5.354440e-01,2.844828e-03,4.587040e-04,2.251058e-02,2.621036e-01,1.432145e-01,1.094312e-03,3.117528e-04
1.064209e-02,2.045950e-04,2.404498e-04,8.083540e-04,7.946761e-03,2.059209e-03,1.324380e-03,3.771300e-01,2.226395e-03,6.292470e-04,2.040777e-02,3.971614e-01,1.774816e-01,1.462808e-03,2.750224e-04
7.525517e-03,1.498118e-04,1.766615e-04,5.876372e-04,5.662595e-03,1.477476e-03,9.541277e-04,2.646030e-01,2.087880e-03,4.965267e-04,1.637717e-02,5.650280e-01,1.331036e-01,1.572195e-03,1.978030e-04
5.301941e-03,1.296313e-04,1.318964e-04,4.236198e-04,4.051534e-03,1.054302e-03,6.810719e-04,1.854865e-01,1.802758e-03,3.990174e-04,1.280209e-02,6.856673e-01,9.989239e-02,2.034667e-03,1.411886e-04
3.719987e-03,5.293209e-04,1.045784e-04,3.082442e-04,3.172948e-03,7.431800e-04,4.811511e-04,1.299304e-01,2.259909e-03,3.631870e-04,1.218914e-02,7.699389e-01,7.202789e-02,4.129134e-03,1.020195e-04
2.645614e-03,4.702951e-04,8.008780e-05,2.277463e-04,2.338934e-03,5.333801e-04,3.617211e-04,9.104209e-02,3.840985e-03,3.506244e-04,1.291922e-02,8.297917e-01,5.129572e-02,4.025053e-03,7.682232e-05
1.916929e-03,4.782229e-04,6.514516e-05,1.793986e-04,1.775662e-03,4.884715e-04,2.977948e-04,6.380112e-02,9.062204e-03,4.140015e-04,2.110121e-02,8.575069e-01,3.664673e-02,6.202220e-03,6.404511e-05
1.357820e-03,4.638089e-04,5.847458e-05,1.365722e-04,1.408008e-03,4.393200e-04,2.185245e-04,4.468133e-02,3.187308e-02,4.666125e-04,3.331087e-02,8.497754e-01,2.604122e-02,9.714549e-03,5.443869e-05
1.094556e-03,1.245836e-03,2.104085e-03,3.586129e-04,1.785025e-03,6.925809e-04,1.690165e-04,3.139695e-02,1.228181e-01,4.452213e-04,2.887159e-02,7.822602e-01,1.851963e-02,8.180125e-03,5.849039e-05
8.363739e-04,1.157714e-03,1.575893e-03,3.446100e-04,1.511463e-03,5.928153e-04,1.203924e-04,2.201149e-02,2.768080e-01,3.835970e-04,2.505015e-02,6.404238e-01,1.312675e-02,1.598459e-02,7.232127e-05
1.903642e-03,3.631849e-03,2.758423e-03,7.188723e-04,5.515728e-03,1.637658e-03,1.095539e-04,1.559264e-02,3.505834e-01,1.799126e-03,7.961994e-02,4.749399e-01,9.708940e-03,5.091131e-02,5.689965e-04
2.016469e-03,4.551272e-03,2.237063e-03,7.880838e-04,5.350248e-03,2.126958e-03,8.795976e-05,1.102568e-02,4.288870e-01,2.880111e-03,9.076619e-02,3.510949e-01,7.230321e-03,9.032363e-02,6.340966e-04
1.860972e-03,7.806847e-03,2.226835e-03,7.303142e-04,4.846132e-03,2.151288e-03,6.617837e-05,7.770721e-03,5.188196e-01,4.554239e-03,8.913787e-02,2.508853e-01,5.377138e-03,1.028120e-01,9.544321e-04
1.547743e-03,1.226228e-02,2.543146e-03,6.748278e-04,4.388235e-03,2.165785e-03,5.088324e-05,5.473384e-03,6.130500e-01,5.144996e-03,7.190417e-02,1.799438e-01,3.950694e-03,9.586470e-02,1.035222e-03
2.322753e-03,2.019782e-02,1.046686e-02,2.805790e-03,1.625034e-02,4.418703e-03,6.565929e-05,4.107846e-03,5.987540e-01,1.110945e-02,8.979742e-02,1.317118e-01,3.170967e-03,1.028206e-01,2.000009e-03
2.460738e-03,1.967883e-02,7.589443e-02,7.750128e-03,5.013731e-02,1.394286e-02,1.230485e-04,7.439743e-03,5.229006e-01,2.546335e-02,9.187141e-02,9.551124e-02,2.541647e-03,8.172414e-02,2.560482e-03
3.474803e-03,4.152265e-02,1.205409e-01,2.410086e-02,5.054953e-02,3.710254e-02,1.961531e-04,1.638059e-02,4.379175e-01,4.200830e-02,8.132900e-02,6.794450e-02,2.140249e-03,6.806522e-02,6.727308e-03
7.729053e-03,6.195195e-02,1.133700e-01,2.774821e-02,4.310605e-02,1.032969e-01,2.309204e-04,1.714354e-02,3.822544e-01,4.628553e-02,6.730510e-02,4.805096e-02,1.742882e-03,6.132960e-02,1.845490e-02
1.326126e-02,8.408534e-02,1.595082e-01,2.656920e-02,3.359855e-02,1.073772e-01,2.448921e-04,3.382170e-02,3.431048e-01,3.800740e-02,5.598926e-02,3.437092e-02,1.645085e-03,4.862897e-02,1.978717e-02
1.355956e-02,8.279593e-02,1.701151e-01,2.265665e-02,2.515345e-02,1.187539e-01,2.365429e-04,3.869974e-02,3.644392e-01,3.184348e-02,4.213478e-02,2.432529e-02,1.447651e-03,3.577107e-02,2.806767e-02
1.495180e-02,6.710815e-02,1.897524e-01,3.461795e-02,2.209324e-02,8.838331e-02,2.074190e-04,4.884624e-02,4.108070e-01,2.352032e-02,3.075086e-02,1.715192e-02,1.292336e-03,2.554329e-02,2.497369e-02
2.335954e-02,5.459726e-02,2.050526e-01,4.439909e-02,2.089861e-02,6.974084e-02,2.620525e-04,5.142839e-02,4.245846e-01,1.820639e-02,2.785045e-02,1.255289e-02,1.843221e-03,1.861937e-02,2.660465e-02
3.605882e-02,6.572599e-02,2.532746e-01,4.527418e-02,2.355074e-02,5.751961e-02,2.711137e-04,8.858894e-02,3.376709e-01,1.390610e-02,2.901646e-02,1.015278e-02,2.786208e-03,1.428264e-02,2.192100e-02
5.399329e-02,1.054107e-01,2.095609e-01,4.157220e-02,3.643748e-02,8.648321e-02,3.947623e-04,8.363806e-02,2.808900e-01,1.280613e-02,2.897401e-02,8.188833e-03,2.900282e-03,1.365541e-02,3.509460e-02
6.379420e-02,8.916983e-02,1.873682e-01,5.876365e-02,6.292824e-02,9.988420e-02,1.702162e-03,1.069544e-01,2.466211e-01,9.364081e-03,2.632830e-02,5.994343e-03,2.481937e-03,1.091581e-02,2.772962e-02
7.536857e-02,9.260439e-02,1.440637e-01,4.721720e-02,8.132832e-02,1.889735e-01,1.656669e-03,7.882948e-02,2.220997e-01,6.754009e-03,1.979353e-02,4.303190e-03,2.373973e-03,1.360110e-02,2.103266e-02
6.474842e-02,7.866036e-02,1.042663e-01,1.389250e-01,9.515592e-02,1.858417e-01,1.500174e-03,9.477627e-02,1.848716e-01,4.894039e-03,1.475244e-02,3.340774e-03,1.857564e-03,1.011246e-02,1.629696e-02
4.686004e-02,7.228417e-02,7.444385e-02,2.344235e-01,7.784948e-02,1.310024e-01,1.131327e-03,6.665277e-02,1.321894e-01,4.822688e-03,1.316204e-01,3.721371e-03,2.403988e-03,7.850780e-03,1.274391e-02
3.332490e-02,5.234737e-02,5.228814e-02,2.512155e-01,1.000083e-01,9.430884e-02,9.409059e-04,4.718628e-02,9.589043e-02,3.881047e-03,2.372386e-01,4.651035e-03,2.314634e-03,1.526950e-02,9.134492e-03
2.683879e-02,3.705179e-02,3.683460e-02,1.917370e-01,7.452542e-02,6.881903e-02,7.040048e-04,3.339335e-02,7.033043e-02,3.168328e-03,4.192656e-01,5.063466e-03,2.659823e-03,2.295429e-02,6.654130e-03
2.084644e-02,2.653239e-02,2.697226e-02,1.508568e-01,5.672276e-02,5.244723e-02,5.644859e-04,2.380270e-02,5.224278e-02,2.599424e-03,5.034931e-01,1.116502e-02,6.390471e-03,6.034279e-02,5.021307e-03
1.948827e-02,1.931103e-02,1.972125e-02,1.148703e-01,5.284036e-02,3.813475e-02,6.687701e-04,1.874770e-02,3.760455e-02,2.146349e-03,5.003674e-01,2.003034e-02,9.254524e-03,1.430073e-01,3.807111e-03
2.081842e-02,1.383733e-02,1.404655e-02,8.540580e-02,3.985176e-02,2.868539e-02,4.887074e-04,1.358304e-02,2.740945e-02,1.636700e-03,4.936808e-01,1.768849e-02,9.052658e-03,2.309709e-01,2.843963e-03
1.566020e-02,9.774537e-03,9.861420e-03,6.145160e-02,2.947877e-02,2.076493e-02,3.589831e-04,9.711957e-03,1.985829e-02,1.321112e-03,5.037011e-01,1.424506e-02,7.488243e-03,2.942383e-01,2.085558e-03
1.133855e-02,6.997881e-03,6.991789e-03,4.366990e-02,2.472052e-02,1.650072e-02,3.842670e-04,7.280948e-03,1.476936e-02,1.269646e-03,5.159940e-01,1.559174e-02,7.768642e-03,3.247958e-01,1.926381e-03
8.195793e-03,5.350787e-03,5.287073e-03,3.081917e-02,2.279405e-02,1.368960e-02,3.326489e-04,5.335604e-03,1.155552e-02,1.222671e-03,4.681681e-01,1.332713e-02,5.807690e-03,4.066085e-01,1.505756e-03
5.973400e-03,4.667355e-03,4.481488e-03,2.201707e-02,3.471821e-02,1.269495e-02,6.559178e-04,4.241694e-03,8.979053e-03,1.733175e-03,4.715938e-01,1.262278e-02,4.611862e-03,4.094963e-01,1.513008e-03
4.920077e-03,4.264488e-03,4.004620e-03,1.566592e-02,2.941138e-02,1.636000e-02,6.776606e-04,3.512681e-03,8.755410e-03,2.773815e-03,5.340918e-01,1.341442e-02,3.945678e-03,3.564815e-01,1.720623e-03
4.084090e-03,3.499129e-03,3.425016e-03,1.108951e-02,2.191647e-02,1.374267e-02,5.160156e-04,2.808334e-03,9.464324e-03,2.623667e-03,5.349656e-01,1.248733e-02,3.028351e-03,3.749945e-01,1.355004e-03
3.060999e-03,2.730519e-03,2.772445e-03,7.816308e-03,1.561880e-02,9.970230e-03,3.684098e-04,2.013276e-03,1.914523e-02,2.167125e-03,4.572758e-01,1.155583e-02,2.197525e-03,4.623005e-01,1.007025e-03
2.168924e-03,2.179185e-03,2.114645e-03,5.492875e-03,1.107701e-02,7.077630e-03,2.597488e-04,1.414499e-03,9.086059e-02,1.762956e-03,3.639146e-01,9.695708e-03,1.563247e-03,4.996603e-01,7.580945e-04
1.547010e-03,1.778992e-03,1.698199e-03,3.906576e-03,7.950774e-03,5.171913e-03,1.843562e-04,1.004152e-03,2.557372e-01,1.730874e-03,2.707419e-01,7.331439e-03,1.112592e-03,4.394710e-01,6.329967e-04
1.218546e-03,1.599253e-03,2.838429e-03,3.245948e-03,6.068392e-03,4.125023e-03,1.382821e-04,7.286650e-04,3.993896e-01,3.453290e-03,2.092241e-01,5.626183e-03,8.097828e-04,3.603573e-01,1.177246e-03
1.148847e-03,1.283860e-03,2.484868e-03,2.751673e-03,4.538121e-03,3.473873e-03,1.034840e-04,5.777255e-04,4.462122e-01,3.903334e-03,1.745258e-01,4.581804e-03,5.995232e-04,3.525896e-01,1.225243e-03
3.136963e-03,1.010348e-03,2.367332e-03,2.502957e-03,3.545222e-03,3.278937e-03,7.963899e-05,6.630960e-04,4.118050e-01,4.099170e-03,2.022059e-01,5.147901e-03,5.027220e-04,3.584864e-01,1.168364e-03
3.938978e-03,8.077970e-04,1.954134e-03,2.222483e-03,2.637307e-03,2.579605e-03,5.918584e-05,7.672335e-04,4.932397e-01,3.778355e-03,1.639093e-01,4.408920e-03,4.468021e-04,3.181148e-01,1.135363e-03
4.884992e-03,7.348607e-04,1.882948e-03,2.749438e-03,2.070491e-03,2.343263e-03,4.738271e-05,1.687183e-03,5.654856e-01,3.516915e-03,1.302053e-01,3.476986e-03,3.998153e-04,2.792223e-01,1.292567e-03
6.117894e-03,7.038076e-04,1.546710e-03,2.209122e-03,1.637477e-03,2.362031e-03,3.676293e-05,1.291429e-03,6.587901e-01,3.549503e-03,9.705784e-02,2.708533e-03,6.053281e-04,2.176704e-01,3.713099e-03
7.118268e-03,6.537583e-04,1.776811e-03,1.873444e-03,1.471399e-03,2.572348e-03,3.204199e-05,1.203954e-03,7.463354e-01,3.114211e-03,6.970734e-02,1.940184e-03,5.137196e-04,1.582873e-01,3.399862e-03
1.481910e-02,1.021214e-03,1.492850e-02,2.354705e-02,6.042594e-03,5.101801e-03,2.835018e-04,3.798519e-03,7.509971e-01,7.209444e-03,4.995203e-02,1.541019e-03,6.492488e-04,1.117517e-01,8.357196e-03
1.825524e-02,9.245760e-04,1.209168e-02,1.827126e-02,6.147841e-03,5.939943e-03,2.482646e-04,5.755385e-03,7.914600e-01,1.595116e-02,3.546593e-02,1.155845e-03,5.473028e-04,7.998772e-02,7.797811e-03
2.047228e-02,8.426865e-04,9.358386e-03,1.347117e-02,5.706218e-03,5.050881e-03,2.305721e-04,6.725220e-03,8.263322e-01,1.948690e-02,2.533276e-02,8.763527e-04,4.563573e-04,5.858752e-02,7.070527e-03
2.828087e-02,8.236044e-04,1.522464e-02,1.777362e-02,9.666695e-03,3.775758e-03,3.190152e-04,3.997564e-02,7.941462e-01,2.263166e-02,1.860021e-02,7.166024e-04,4.647553e-04,4.233506e-02,5.265669e-03
4.402947e-02,7.076638e-04,1.389018e-02,2.644651e-02,1.236679e-02,4.981980e-03,2.979172e-04,4.613315e-02,7.750775e-01,2.569695e-02,1.419038e-02,7.067073e-04,4.658549e-04,3.088819e-02,4.120824e-03
5.701937e-02,8.776626e-04,2.707488e-02,2.361568e-02,1.514755e-02,5.634189e-03,3.238890e-04,6.271631e-02,7.450327e-01,2.121052e-02,1.125708e-02,6.852043e-04,5.268153e-04,2.557955e-02,3.298731e-03
7.194231e-02,9.919468e-04,1.126342e-01,4.070988e-02,1.340324e-02,6.894890e-03,9.226492e-04,1.344305e-01,5.667471e-01,1.683252e-02,9.358438e-03,1.167670e-03,6.059513e-04,2.076706e-02,2.591765e-03
7.252151e-02,1.172774e-03,1.834509e-01,5.168044e-02,1.136948e-02,7.231711e-03,1.399178e-03,2.152027e-01,4.134754e-01,1.276642e-02,7.309619e-03,1.253744e-03,6.627337e-04,1.839733e-02,2.106097e-03
5.842817e-02,9.980367e-04,2.643972e-01,5.153232e-02,1.004469e-02,6.102884e-03,1.981034e-03,2.798091e-01,2.937332e-01,9.471869e-03,5.232988e-03,9.865095e-04,5.187665e-04,1.513478e-02,1.628551e-03
4.838242e-02,1.018445e-03,3.163398e-01,6.177750e-02,8.412628e-03,5.329415e-03,2.113422e-03,3.211534e-01,2.082290e-01,7.926887e-03,3.855655e-03,9.331779e-04,4.378160e-04,1.269570e-02,1.394879e-03
4.314751e-02,1.493198e-03,4.069024e-01,6.046607e-02,6.402688e-03,4.524197e-03,2.937770e-03,3.043458e-01,1.484597e-01,6.123804e-03,2.818954e-03,1.023508e-03,4.146181e-04,9.457294e-03,1.482454e-03
4.708837e-02,2.482259e-03,4.589797e-01,5.239598e-02,5.258719e-03,4.455094e-03,6.502189e-03,2.993745e-01,1.063483e-01,4.770355e-03,2.089919e-03,9.735376e-04,7.560086e-04,7.049663e-03,1.475505e-03
4.808855e-02,3.351596e-03,4.977602e-01,4.737512e-02,5.400244e-03,3.928477e-03,1.017742e-02,2.931799e-01,7.631046e-02,3.949198e-03,1.712682e-03,9.091817e-04,9.993882e-04,5.379784e-03,1.477809e-03
4.662203e-02,3.267650e-03,5.352950e-01,4.071047e-02,5.110100e-03,3.343510e-03,1.388466e-02,2.852099e-01,5.408676e-02,3.455444e-03,1.391446e-03,8.960741e-04,1.191985e-03,4.048822e-03,1.486143e-03
5.022606e-02,3.779353e-03,5.624948e-01,3.896381e-02,4.517868e-03,3.138364e-03,1.574187e-02,2.701236e-01,3.879260e-02,3.348703e-03,1.237273e-03,1.204264e-03,1.382237e-03,3.307677e-03,1.741574e-03
6.552400e-02,3.422672e-03,5.828821e-01,3.591155e-02,4.010892e-03,3.441686e-03,1.578990e-02,2.468563e-01,2.778531e-02,4.006184e-03,1.272701e-03,2.154587e-03,1.466271e-03,2.923737e-03,2.552130e-03
6.712286e-02,2.580536e-03,4.707541e-01,3.613707e-02,4.471574e-03,3.374399e-03,1.282191e-02,3.706380e-01,1.964563e-02,3.462937e-03,1.134883e-03,1.834355e-03,1.484576e-03,2.246665e-03,2.290576e-03
8.377389e-02,1.991857e-03,3.604015e-01,3.905399e-02,4.908265e-03,3.643555e-03,1.072466e-02,4.690207e-01,1.400633e-02,3.265884e-03,1.152545e-03,1.926538e-03,1.497367e-03,1.884740e-03,2.748171e-03
8.480854e-02,1.864962e-03,2.588960e-01,3.324631e-02,6.629582e-03,3.974530e-03,9.272465e-03,5.763069e-01,1.016095e-02,2.800663e-03,1.514428e-03,2.143978e-03,1.714342e-03,1.994314e-03,4.672054e-03
9.676661e-02,2.667115e-03,1.860380e-01,2.896814e-02,8.894255e-03,6.457350e-03,9.753764e-03,6.241801e-01,8.207451e-03,3.520489e-03,2.626821e-03,2.952455e-03,2.197967e-03,3.173152e-03,1.359631e-02
8.670364e-02,3.067280e-03,1.311029e-01,2.479187e-02,1.090732e-02,6.895193e-03,7.268162e-03,5.669321e-01,3.243393e-02,3.132533e-02,1.702476e-02,1.023971e-02,3.147770e-02,8.000207e-03,3.182999e-02
6.431149e-02,4.906833e-03,9.213504e-02,2.844468e-02,9.108239e-03,5.402586e-03,5.547743e-03,4.251408e-01,4.908858e-02,4.673745e-02,3.017217e-02,1.952013e-02,1.749466e-01,6.522281e-03,3.801543e-02
4.795756e-02,1.043691e-02,6.534153e-02,2.794577e-02,6.915791e-03,4.774751e-03,5.343009e-03,3.104868e-01,7.591854e-02,6.633849e-02,2.865457e-02,5.992518e-02,1.408162e-01,2.552037e-02,1.236245e-01
3.780305e-02,1.533905e-02,4.768470e-02,3.063649e-02,5.765104e-03,4.965734e-03,6.713412e-03,2.192824e-01,1.277432e-01,5.548298e-02,2.866036e-02,1.046556e-01,1.335781e-01,3.486403e-02,1.468259e-01
4.186223e-02,1.380377e-02,3.409011e-02,3.309964e-02,5.028140e-03,4.379950e-03,5.750623e-03,1.553888e-01,1.813658e-01,4.524323e-02,3.961330e-02,1.414085e-01,1.422813e-01,4.006164e-02,1.166229e-01
4.098231e-02,1.034018e-02,2.421822e-02,2.941725e-02,4.887638e-03,4.575345e-03,4.313728e-03,1.096174e-01,1.715860e-01,3.454382e-02,4.653156e-02,2.443951e-01,1.552265e-01,3.392006e-02,8.544490e-02
5.089390e-02,7.991903e-03,1.724188e-02,2.575592e-02,5.600977e-03,4.396252e-03,3.651640e-03,8.299018e-02,1.823498e-01,2.884445e-02,4.653787e-02,2.628535e-01,1.880305e-01,3.168711e-02,6.117406e-02
5.625559e-02,6.378097e-03,1.273210e-02,2.130979e-02,2.628871e-02,4.403640e-03,5.011155e-03,6.645443e-02,2.615416e-01,2.081639e-02,4.502249e-02,2.461163e-01,1.599053e-01,2.453671e-02,4.322774e-02
4.308585e-02,4.921041e-03,1.023028e-02,1.529904e-02,5.670023e-02,3.489255e-03,8.041117e-03,5.832593e-02,2.985024e-01,1.506868e-02,3.747083e-02,2.612259e-01,1.378557e-01,1.877028e-02,3.101344e-02
3.838810e-02,4.721733e-03,9.058696e-03,1.154980e-02,1.098398e-01,3.979244e-03,8.483773e-03,4.745147e-02,3.828234e-01,1.081739e-02,2.993250e-02,2.002936e-01,1.065781e-01,1.397023e-02,2.211218e-02
3.040272e-02,7.398442e-03,7.937057e-03,1.097241e-02,9.795766e-02,1.073529e-02,6.863847e-03,3.571715e-02,4.330146e-01,8.667821e-03,2.600870e-02,2.056612e-01,9.135965e-02,1.109702e-02,1.620645e-02
2.785728e-02,6.839950e-03,7.351102e-03,1.395142e-02,1.240359e-01,2.903737e-02,5.442947e-03,2.778673e-02,3.644699e-01,7.211001e-03,2.793122e-02,2.374993e-01,9.813598e-02,9.794386e-03,1.265558e-02
3.901313e-02,6.608923e-03,6.134199e-03,1.118963e-02,1.714783e-01,4.432005e-02,4.204636e-03,2.019854e-02,3.299558e-01,5.970485e-03,2.359468e-02,2.232053e-01,9.714805e-02,7.419617e-03,9.558688e-03
5.008264e-02,1.255346e-02,9.989782e-03,1.827902e-02,1.416240e-01,5.312898e-02,4.701708e-03,1.937246e-02,2.460124e-01,6.779338e-03,3.589246e-02,2.860132e-01,9.677805e-02,9.419002e-03,9.373516e-03
5.420913e-02,2.748306e-02,1.061705e-02,1.679945e-02,1.409540e-01,1.021510e-01,4.845352e-03,1.732797e-02,2.104210e-01,6.232140e-03,4.165568e-02,2.510281e-01,9.405583e-02,1.103448e-02,1.118565e-02
5.016532e-02,3.421335e-02,8.035892e-03,1.593505e-02,1.039851e-01,8.681778e-02,3.672076e-03,1.446310e-02,3.501096e-01,7.965134e-03,3.278601e-02,1.860370e-01,7.377413e-02,1.142878e-02,2.061161e-02
4.867335e-02,2.664305e-02,6.165995e-03,1.240939e-02,8.015008e-02,7.793856e-02,2.930821e-03,1.181516e-02,4.604341e-01,7.091827e-03,2.545446e-02,1.463443e-01,6.419094e-02,1.149662e-02,1.826132e-02
3.703583e-02,2.036712e-02,5.066250e-03,9.784660e-03,5.795123e-02,6.463088e-02,2.181756e-03,1.201190e-02,5.893431e-01,5.647917e-03,1.873994e-02,1.058295e-01,4.877584e-02,9.022545e-03,1.361141e-02
3.846361e-02,1.729719e-02,4.417724e-03,7.997111e-03,4.224713e-02,7.398678e-02,1.720373e-03,2.473127e-02,6.317014e-01,6.205572e-03,1.487140e-02,7.648211e-02,3.901391e-02,8.709823e-03,1.215458e-02
4.627340e-02,1.527384e-02,3.825604e-03,6.320564e-03,3.095355e-02,7.401855e-02,1.356829e-03,2.847932e-02,6.553436e-01,5.852264e-03,1.292722e-02,6.609512e-02,3.207436e-02,1.065143e-02,1.055431e-02
4.731104e-02,1.246767e-02,4.175170e-03,8.674704e-03,2.181044e-02,5.302538e-02,1.002471e-03,2.058524e-02,7.251012e-01,5.373191e-03,1.044770e-02,4.823412e-02,2.519534e-02,7.847813e-03,8.748415e-03
6.761697e-02,1.132113e-02,3.984870e-03,8.414138e-03,1.760196e-02,6.286024e-02,1.133890e-03,2.586035e-02,6.878312e-01,5.392562e-03,1.382338e-02,3.836484e-02,2.388426e-02,1.433901e-02,1.757115e-02
6.315514e-02,9.202457e-03,3.869486e-03,9.495392e-03,1.381410e-02,9.424793e-02,9.317246e-04,2.134514e-02,6.598998e-01,5.317678e-03,1.439925e-02,2.933459e-02,2.223220e-02,2.621369e-02,2.654140e-02
4.980033e-02,6.985576e-03,2.940667e-03,7.408566e-03,1.004981e-02,6.875073e-02,7.109378e-04,1.543671e-02,7.183284e-01,4.174078e-03,1.419772e-02,2.154342e-02,1.895039e-02,2.465516e-02,3.606753e-02
3.821137e-02,5.872665e-03,2.189886e-03,6.199392e-03,7.847968e-03,5.068468e-02,5.902270e-04,1.137266e-02,6.984531e-01,3.273722e-03,1.299535e-02,1.729972e-02,2.218184e-02,2.871408e-02,9.411327e-02
2.801066e-02,4.897110e-03,1.594658e-03,4.543733e-03,5.861359e-03,3.671457e-02,4.467056e-04,8.031909e-03,6.288933e-01,2.588262e-03,1.043894e-02,1.348328e-02,3.601287e-02,3.106637e-02,1.874162e-01
2.039861e-02,6.208469e-03,1.207387e-03,3.359918e-03,5.143068e-03,2.642791e-02,3.489678e-04,5.689864e-03,5.239094e-01,2.162520e-03,8.087559e-03,1.112403e-02,6.691508e-02,2.582165e-02,2.931955e-01
1.488058e-02,6.104339e-03,1.059040e-03,2.730829e-03,4.952908e-03,1.933858e-02,4.513497e-04,4.296245e-03,5.369461e-01,1.945477e-03,6.297730e-03,8.876897e-03,7.991734e-02,1.924278e-02,2.929599e-01
1.228644e-02,8.045781e-03,2.406349e-03,2.327611e-03,6.586292e-03,2.324189e-02,1.262024e-03,6.440700e-03,4.245356e-01,1.748287e-03,5.259219e-03,7.792154e-03,1.328755e-01,1.541254e-02,3.497796e-01
1.130222e-02,9.416681e-03,2.825808e-03,2.026489e-03,9.491833e-03,3.301720e-02,1.359774e-03,6.877795e-03,3.211062e-01,1.472655e-03,4.111865e-03,1.035144e-02,2.427771e-01,1.322289e-02,3.306400e-01
1.038151e-02,1.511363e-02,6.084053e-03,3.250359e-03,9.797698e-03,3.305139e-02,1.693082e-03,8.416412e-03,3.132987e-01,1.702614e-03,3.221451e-03,8.378912e-03,2.326139e-01,1.010444e-02,3.428918e-01
1.874230e-02,3.030673e-02,5.964235e-03,3.910965e-03,1.037085e-02,7.267307e-02,3.160246e-03,8.256972e-03,2.523783e-01,1.839519e-03,3.277373e-03,6.922560e-03,2.969846e-01,8.163563e-03,2.770487e-01
2.857209e-02,3.870289e-02,6.080350e-03,5.405873e-03,1.268093e-02,8.990619e-02,3.561942e-03,8.032800e-03,2.046376e-01,1.889603e-03,3.066291e-03,6.224826e-03,3.733629e-01,6.248749e-03,2.116269e-01
3.946174e-02,3.644511e-02,7.463754e-03,5.462063e-03,2.188775e-02,6.907070e-02,5.993000e-03,1.253467e-02,1.498586e-01,2.021690e-03,3.394480e-03,7.838745e-03,4.697784e-01,5.170431e-03,1.636188e-01
4.475472e-02,4.143613e-02,1.002327e-02,6.201060e-03,2.833259e-02,5.752974e-02,6.425188e-03,1.358121e-02,1.133157e-01,1.790688e-03,3.942896e-03,1.513652e-02,5.197144e-01,4.220895e-03,1.335951e-01
4.137977e-02,3.557241e-02,1.058074e-02,5.120936e-03,2.368149e-02,4.671120e-02,4.924436e-03,1.015720e-02,8.243743e-02,1.372779e-03,3.984351e-03,3.091124e-02,6.023930e-01,3.303246e-03,9.746982e-02
4.309241e-02,2.910845e-02,2.666115e-02,3.909559e-03,3.118641e-02,3.569767e-02,6.682361e-03,1.670694e-02,6.055504e-02,1.159197e-03,3.956895e-03,7.911832e-02,5.871337e-01,3.306764e-03,7.172517e-02
3.817578e-02,2.150726e-02,2.248953e-02,3.021466e-03,2.647720e-02,2.928722e-02,6.047532e-03,1.498268e-02,4.354675e-02,9.040142e-04,3.535310e-03,9.703149e-02,6.381797e-01,2.797176e-03,5.201697e-02
3.470469e-02,1.874496e-02,2.431225e-02,2.474309e-03,2.193056e-02,5.177971e-02,6.754674e-03,1.297036e-02,3.450368e-02,9.169218e-04,3.007624e-03,1.390846e-01,6.088611e-01,2.248988e-03,3.770561e-02
3.642937e-02,1.392790e-02,2.867148e-02,1.958686e-03,2.189737e-02,7.345228e-02,7.803537e-03,3.108350e-02,2.614696e-02,7.844899e-04,2.782159e-03,1.431838e-01,5.815603e-01,2.043736e-03,2.827446e-02
