1.000000e+00,0.000000e+00,0.000000e+00,0.000000e+00,0.000000e+00,0.000000e+00,0.000000e+00,0.000000e+00,0.000000e+00,0.000000e+00,0.000000e+00,0.000000e+00,0.000000e+00,0.000000e+00,0.000000e+00
1.000000e+00,0.000000e+00,0.000000e+00,0.000000e+00,0.000000e+00,0.000000e+00,0.000000e+00,0.000000e+00,0.000000e+00,0.000000e+00,0.000000e+00,0.000000e+00,0.000000e+00,0.000000e+00,0.000000e+00
1.000000e+00,0.000000e+00,0.000000e+00,0.000000e+00,0.000000e+00,0.000000e+00,0.000000e+00,0.000000e+00,0.000000e+00,0.000000e+00,0.000000e+00,0.000000e+00,0.000000e+00,0.000000e+00,0.000000e+00
1.000000e+00,0.000000e+00,0.000000e+00,0.000000e+00,0.000000e+00,0.000000e+00,0.000000e+00,0.000000e+00,0.000000e+00,0.000000e+00,0.000000e+00,0.000000e+00,0.000000e+00,0.000000e+00,0.000000e+00
1.000000e+00,0.000000e+00,0.000000e+00,0.000000e+00,0.000000e+00,0.000000e+00,0.000000e+00,0.000000e+00,0.000000e+00,0.000000e+00,0.000000e+00,0.000000e+00,0.000000e+00,0.000000e+00,0.000000e+00
1.000000e+00,0.000000e+00,0.000000e+00,0.000000e+00,0.000000e+00,0.000000e+00,0.000000e+00,0.000000e+00,0.000000e+00,0.000000e+00,0.000000e+00,0.000000e+00,0.000000e+00,0.000000e+00,0.000000e+00
1.000000e+00,0.000000e+00,0.000000e+00,0.000000e+00,0.000000e+00,0.000000e+00,0.000000e+00,0.000000e+00,0.000000e+00,0.000000e+00,0.000000e+00,0.000000e+00,0.000000e+00,0.000000e+00,0.000000e+00
1.000000e+00,0.000000e+00,0.000000e+00,0.000000e+00,0.000000e+00,0.000000e+00,0.000000e+00,0.000000e+00,0.000000e+00,0.000000e+00,0.000000e+00,0.000000e+00,0.000000e+00,0.000000e+00,0.000000e+00
1.000000e+00,0.000000e+00,0.000000e+00,0.000000e+00,0.000000e+00,0.000000e+00,0.000000e+00,0.000000e+00,0.000000e+00,0.000000e+00,0.000000e+00,0.000000e+00,0.000000e+00,0.000000e+00,0.000000e+00
1.000000e+00,0.000000e+00,0.000000e+00,0.000000e+00,0.000000e+00,0.000000e+00,0.000000e+00,0.000000e+00,0.000000e+00,0.000000e+00,0.000000e+00,0.000000e+00,0.000000e+00,0.000000e+00,0.000000e+00
1.000000e+00,0.000000e+00,0.000000e+00,0.000000e+00,0.000000e+00,0.000000e+00,0.000000e+00,0.000000e+00,0.000000e+00,0.000000e+00,0.000000e+00,0.000000e+00,0.000000e+00,0.000000e+00,0.000000e+00
1.000000e+00,0.000000e+00,0.000000e+00,0.000000e+00,0.000000e+00,0.000000e+00,0.000000e+00,0.000000e+00,0.000000e+00,0.000000e+00,0.000000e+00,0.000000e+00,0.000000e+00,0.000000e+00,0.000000e+00
1.000000e+00,0.000000e+00,0.000000e+00,0.000000e+00,0.000000e+00,0.000000e+00,0.000000e+00,0.000000e+00,0.000000e+00,0.000000e+00,0.000000e+00,0.000000e+00,0.000000e+00,0.000000e+00,0.000000e+00
1.000000e+00,0.000000e+00,0.000000e+00,0.000000e+00,0.000000e+00,0.000000e+00,0.000000e+00,0.000000e+00,0.000000e+00,0.000000e+00,0.000000e+00,0.000000e+00,0.000000e+00,0.000000e+00,0.000000e+00
1.000000e+00,0.000000e+00,0.000000e+00,0.000000e+00,0.000000e+00,0.000000e+00,0.000000e+00,0.000000e+00,0.000000e+00,0.000000e+00,0.000000e+00,0.000000e+00,0.000000e+00,0.000000e+00,0.000000e+00
1.000000e+00,0.000000e+00,0.000000e+00,0.000000e+00,0.000000e+00,0.000000e+00,0.000000e+00,0.000000e+00,0.000000e+00,0.000000e+00,0.000000e+00,0.000000e+00,0.000000e+00,0.000000e+00,0.000000e+00
1.000000e+00,0.000000e+00,0.000000e+00,0.000000e+00,0.000000e+00,0.000000e+00,0.000000e+00,0.000000e+00,0.000000e+00,0.000000e+00,0.000000e+00,0.000000e+00,0.000000e+00,0.000000e+00,0.000000e+00
1.000000e+00,0.000000e+00,0.000000e+00,0.000000e+00,0.000000e+00,0.000000e+00,0.000000e+00,0.000000e+00,0.000000e+00,0.000000e+00,0.000000e+00,0.000000e+00,0.000000e+00,0.000000e+00,0.000000e+00
1.000000e+00,0.000000e+00,0.000000e+00,0.000000e+00,0.000000e+00,0.000000e+00,0.000000e+00,0.000000e+00,0.000000e+00,0.000000e+00,0.000000e+00,0.000000e+00,0.000000e+00,0.000000e+00,0.000000e+00
1.000000e+00,0.000000e+00,0.000000e+00,0.000000e+00,0.000000e+00,0.000000e+00,0.000000e+00,0.000000e+00,0.000000e+00,0.000000e+00,0.000000e+00,0.000000e+00,0.000000e+00,0.000000e+00,0.000000e+00
1.000000e+00,0.000000e+00,0.000000e+00,0.000000e+00,0.000000e+00,0.000000e+00,0.000000e+00,0.000000e+00,0.000000e+00,0.000000e+00,0.000000e+00,0.000000e+00,0.000000e+00,0.000000e+00,0.000000e+00
1.000000e+00,0.000000e+00,0.000000e+00,0.000000e+00,0.000000e+00,0.000000e+00,0.000000e+00,0.000000e+00,0.000000e+00,0.000000e+00,0.000000e+00,0.000000e+00,0.000000e+00,0.000000e+00,0.000000e+00
1.000000e+00,0.000000e+00,0.000000e+00,0.000000e+00,0.000000e+00,0.000000e+00,0.000000e+00,0.000000e+00,0.000000e+00,0.000000e+00,0.000000e+00,0.000000e+00,0.000000e+00,0.000000e+00,0.000000e+00
1.000000e+00,0.000000e+00,0.000000e+00,0.000000e+00,0.000000e+00,0.000000e+00,0.000000e+00,0.000000e+00,0.000000e+00,0.000000e+00,0.000000e+00,0.000000e+00,0.000000e+00,0.000000e+00,0.000000e+00
1.000000e+00,0.000000e+00,0.000000e+00,0.000000e+00,0.000000e+00,0.000000e+00,0.000000e+00,0.000000e+00,0.000000e+00,0.000000e+00,0.000000e+00,0.000000e+00,0.000000e+00,0.000000e+00,0.000000e+00
1.000000e+00,0.000000e+00,0.000000e+00,0.000000e+00,0.000000e+00,0.000000e+00,0.000000e+00,0.000000e+00,0.000000e+00,0.000000e+00,0.000000e+00,0.000000e+00,0.000000e+00,0.000000e+00,0.000000e+00
1.000000e+00,0.000000e+00,0.000000e+00,0.000000e+00,0.000000e+00,0.000000e+00,0.000000e+00,0.000000e+00,0.000000e+00,0.000000e+00,0.000000e+00,0.000000e+00,0.000000e+00,0.000000e+00,0.000000e+00
1.000000e+00,0.000000e+00,0.000000e+00,0.000000e+00,0.000000e+00,0.000000e+00,0.000000e+00,0.000000e+00,0.000000e+00,0.000000e+00,0.000000e+00,0.000000e+00,0.000000e+00,0.000000e+00,0.000000e+00
1.000000e+00,0.000000e+00,0.000000e+00,0.000000e+00,0.000000e+00,0.000000e+00,0.000000e+00,0.000000e+00,0.000000e+00,0.000000e+00,0.000000e+00,0.000000e+00,0.000000e+00,0.000000e+00,0.000000e+00
1.000000e+00,0.000000e+00,0.000000e+00,0.000000e+00,0.000000e+00,0.000000e+00,0.000000e+00,0.000000e+00,0.000000e+00,0.000000e+00,0.000000e+00,0.000000e+00,0.000000e+00,0.000000e+00,0.000000e+00
1.000000e+00,0.000000e+00,0.000000e+00,0.000000e+00,0.000000e+00,0.000000e+00,0.000000e+00,0.000000e+00,0.000000e+00,0.000000e+00,0.000000e+00,0.000000e+00,0.000000e+00,0.000000e+00,0.000000e+00
1.000000e+00,0.000000e+00,0.000000e+00,0.000000e+00,0.000000e+00,0.000000e+00,0.000000e+00,0.000000e+00,0.000000e+00,0.000000e+00,0.000000e+00,0.000000e+00,0.000000e+00,0.000000e+00,0.000000e+00
1.000000e+00,0.000000e+00,0.000000e+00,0.000000e+00,0.000000e+00,0.000000e+00,0.000000e+00,0.000000e+00,0.000000e+00,0.000000e+00,0.000000e+00,0.000000e+00,0.000000e+00,0.000000e+00,0.000000e+00
1.000000e+00,0.000000e+00,0.000000e+00,0.000000e+00,0.000000e+00,0.000000e+00,0.000000e+00,0.000000e+00,0.000000e+00,0.000000e+00,0.000000e+00,0.000000e+00,0.000000e+00,0.000000e+00,0.000000e+00
1.000000e+00,0.000000e+00,0.000000e+00,0.000000e+00,0.000000e+00,0.000000e+00,0.000000e+00,0.000000e+00,0.000000e+00,0.000000e+00,0.000000e+00,0.000000e+00,0.000000e+00,0.000000e+00,0.000000e+00
1.000000e+00,0.000000e+00,0.000000e+00,0.000000e+00,0.000000e+00,0.000000e+00,0.000000e+00,0.000000e+00,0.000000e+00,0.000000e+00,0.000000e+00,0.000000e+00,0.000000e+00,0.000000e+00,0.000000e+00
1.000000e+00,0.000000e+00,0.000000e+00,0.000000e+00,0.000000e+00,0.000000e+00,0.000000e+00,0.000000e+00,0.000000e+00,0.000000e+00,0.000000e+00,0.000000e+00,0.000000e+00,0.000000e+00,0.000000e+00
1.000000e+00,0.000000e+00,0.000000e+00,0.000000e+00,0.000000e+00,0.000000e+00,0.000000e+00,0.000000e+00,0.000000e+00,0.000000e+00,0.000000e+00,0.000000e+00,0.000000e+00,0.000000e+00,0.000000e+00
1.000000e+00,0.000000e+00,0.000000e+00,0.000000e+00,0.000000e+00,0.000000e+00,0.000000e+00,0.000000e+00,0.000000e+00,0.000000e+00,0.000000e+00,0.000000e+00,0.000000e+00,0.000000e+00,0.000000e+00
1.000000e+00,0.000000e+00,0.000000e+00,0.000000e+00,0.000000e+00,0.000000e+00,0.000000e+00,0.000000e+00,0.000000e+00,0.000000e+00,0.000000e+00,0.000000e+00,0.000000e+00,0.000000e+00,0.000000e+00
1.000000e+00,0.000000e+00,0.000000e+00,0.000000e+00,0.000000e+00,0.000000e+00,0.000000e+00,0.000000e+00,0.000000e+00,0.000000e+00,0.000000e+00,0.000000e+00,0.000000e+00,0.000000e+00,0.000000e+00
1.000000e+00,0.000000e+00,0.000000e+00,0.000000e+00,0.000000e+00,0.000000e+00,0.000000e+00,0.000000e+00,0.000000e+00,0.000000e+00,0.000000e+00,0.000000e+00,0.000000e+00,0.000000e+00,0.000000e+00
1.000000e+00,0.000000e+00,0.000000e+00,0.000000e+00,0.000000e+00,0.000000e+00,0.000000e+00,0.000000e+00,0.000000e+00,0.000000e+00,0.000000e+00,0.000000e+00,0.000000e+00,0.000000e+00,0.000000e+00
1.000000e+00,0.000000e+00,0.000000e+00,0.000000e+00,0.000000e+00,0.000000e+00,0.000000e+00,0.000000e+00,0.000000e+00,0.000000e+00,0.000000e+00,0.000000e+00,0.000000e+00,0.000000e+00,0.000000e+00
1.000000e+00,0.000000e+00,0.000000e+00,0.000000e+00,0.000000e+00,0.000000e+00,0.000000e+00,0.000000e+00,0.000000e+00,0.000000e+00,0.000000e+00,0.000000e+00,0.000000e+00,0.000000e+00,0.000000e+00
4.247111e-01,1.193346e-02,6.044526e-02,4.376227e-02,5.231226e-03,4.766993e-02,9.718135e-03,2.458021e-01,5.534426e-03,1.308232e-03,9.978453e-03,7.700864e-02,3.739929e-02,2.486601e-03,1.701093e-02
3.333645e-01,8.703347e-03,6.933196e-02,3.718030e-02,4.133042e-03,3.751704e-02,1.057299e-02,3.881764e-01,4.051495e-03,9.673401e-04,7.786407e-03,5.643528e-02,2.756330e-02,1.972976e-03,1.224352e-02
3.279738e-01,6.636804e-03,7.016736e-02,3.187088e-02,3.553159e-03,3.580094e-02,1.935960e-02,4.217765e-01,3.074568e-03,7.666611e-04,5.902441e-03,4.113276e-02,2.110224e-02,1.707334e-03,9.174907e-03
3.256139e-01,4.952191e-03,6.208528e-02,2.536402e-02,2.821977e-03,3.589816e-02,2.742840e-02,4.530658e-01,2.383529e-03,5.932340e-04,4.489925e-03,3.014518e-02,1.676018e-02,1.415973e-03,6.982237e-03
3.057349e-01,3.674147e-03,4.872291e-02,1.896014e-02,2.354991e-03,3.349857e-02,3.192918e-02,5.071613e-01,1.774035e-03,4.554075e-04,3.397811e-03,2.225860e-02,1.377928e-02,1.167519e-03,5.131192e-03
2.430252e-01,2.736143e-03,3.547219e-02,1.372783e-02,2.417010e-03,2.666995e-02,2.869360e-02,6.112026e-01,1.297131e-03,3.349658e-04,2.548986e-03,1.617876e-02,1.111667e-02,8.957131e-04,3.683195e-03
1.893343e-01,2.049798e-03,2.571160e-02,9.946248e-03,2.152229e-03,2.158189e-02,2.504572e-02,6.957701e-01,9.469028e-04,2.503999e-04,1.915824e-03,1.242079e-02,9.502240e-03,7.004825e-04,2.671381e-03
1.969775e-01,1.604536e-03,1.884831e-02,7.705578e-03,2.397911e-03,2.392364e-02,2.615746e-02,6.887877e-01,8.143225e-04,2.549049e-04,1.792485e-03,1.555565e-02,1.209845e-02,6.077414e-04,2.473752e-03
2.047856e-01,1.244584e-03,1.367420e-02,6.253490e-03,2.675054e-03,2.264112e-02,2.260381e-02,6.930506e-01,6.760161e-04,2.486059e-04,1.670248e-03,1.542194e-02,1.250586e-02,4.998755e-04,2.048974e-03
1.592404e-01,9.236247e-04,1.000626e-02,4.865815e-03,2.706115e-03,1.696865e-02,1.850167e-02,7.606072e-01,5.162279e-04,1.924167e-04,1.324681e-03,1.199169e-02,1.023981e-02,3.918453e-04,1.523591e-03
1.187443e-01,6.954046e-04,7.332239e-03,3.629459e-03,2.834921e-03,1.245026e-02,1.478677e-02,8.194410e-01,3.886877e-04,1.595582e-04,1.019038e-03,8.823846e-03,8.283246e-03,2.962151e-04,1.115102e-03
9.437272e-02,5.622348e-04,5.507812e-03,2.823181e-03,3.636140e-03,9.657209e-03,1.290672e-02,8.541847e-01,3.271881e-04,1.540544e-04,8.291925e-04,6.786267e-03,7.138954e-03,2.377727e-04,8.757655e-04
8.530216e-02,5.582484e-04,4.832401e-03,2.603206e-03,4.890523e-03,8.001391e-03,1.355686e-02,8.651286e-01,3.590102e-04,1.719260e-04,7.573696e-04,5.979840e-03,6.886360e-03,2.099939e-04,7.620861e-04
8.036867e-02,5.367391e-04,4.133643e-03,2.389130e-03,5.694525e-03,6.489366e-03,1.159615e-02,8.752666e-01,3.550533e-04,1.886157e-04,6.663364e-04,5.298843e-03,6.174925e-03,1.806618e-04,6.607575e-04
8.569396e-02,5.503022e-04,3.506096e-03,2.064786e-03,6.326037e-03,5.751073e-03,9.897653e-03,8.735726e-01,3.846074e-04,2.333550e-04,6.093605e-04,5.088217e-03,5.333826e-03,1.676537e-04,8.204625e-04
8.849622e-02,5.288657e-04,2.667336e-03,1.579398e-03,6.539910e-03,5.276754e-03,7.956515e-03,8.753920e-01,3.389670e-04,2.153793e-04,5.368409e-04,4.807417e-03,4.686843e-03,1.524867e-04,8.251620e-04
9.179173e-02,4.691959e-04,2.115970e-03,1.215267e-03,6.314993e-03,5.189474e-03,7.682808e-03,8.749332e-01,2.741107e-04,1.885913e-04,4.636904e-04,4.267274e-03,4.184389e-03,1.339271e-04,7.754166e-04
1.095005e-01,4.208418e-04,1.879590e-03,1.035342e-03,6.753227e-03,4.677795e-03,7.308969e-03,8.585597e-01,2.416167e-04,2.024156e-04,4.826361e-04,4.201771e-03,3.763752e-03,1.428425e-04,8.290018e-04
1.194532e-01,3.569531e-04,1.648656e-03,9.083087e-04,6.367838e-03,4.273313e-03,6.820563e-03,8.511829e-01,2.078345e-04,1.681633e-04,4.264635e-04,4.010019e-03,3.271700e-03,1.369028e-04,7.671890e-04
1.166781e-01,3.074792e-04,1.400943e-03,8.278753e-04,5.866411e-03,4.059028e-03,5.929727e-03,8.571285e-01,1.773780e-04,1.414020e-04,3.491518e-04,3.516383e-03,2.832060e-03,1.196618e-04,6.658811e-04
1.141741e-01,2.962893e-04,1.338290e-03,9.356423e-04,6.558503e-03,3.694282e-03,5.117886e-03,8.603172e-01,1.841848e-04,1.284601e-04,3.498966e-04,3.490971e-03,2.667646e-03,1.119951e-04,6.346587e-04
1.123503e-01,3.545005e-04,1.343787e-03,1.145888e-03,6.469033e-03,3.890617e-03,4.482551e-03,8.601639e-01,2.382933e-04,1.499042e-04,4.346624e-04,4.155866e-03,4.027858e-03,1.133494e-04,6.794531e-04
1.497662e-01,3.766512e-04,1.493851e-03,1.216717e-03,5.462787e-03,4.177396e-03,3.898898e-03,8.217585e-01,2.788132e-04,1.732757e-04,4.757855e-04,5.548603e-03,4.466346e-03,1.193327e-04,7.868130e-04
1.971181e-01,3.684399e-04,1.460291e-03,1.134510e-03,4.755151e-03,4.788098e-03,3.397366e-03,7.739434e-01,2.927147e-04,2.054007e-04,4.883254e-04,6.451177e-03,4.478128e-03,1.494786e-04,9.694154e-04
2.544618e-01,7.844312e-04,1.416133e-03,1.641343e-03,5.030392e-03,4.447920e-03,2.623762e-03,6.788506e-01,1.332169e-03,7.184105e-04,3.947439e-03,1.262206e-02,2.901997e-02,8.169095e-04,2.286623e-03
2.307636e-01,1.171169e-03,1.034922e-03,2.673793e-03,4.874483e-03,3.891146e-03,2.078232e-03,5.172487e-01,7.645663e-03,7.880316e-04,9.587876e-03,4.838327e-02,1.649391e-01,2.406188e-03,2.513779e-03
1.778012e-01,1.676718e-03,7.706798e-04,8.325226e-03,4.946756e-03,3.344607e-03,1.763408e-03,3.860055e-01,1.421610e-02,8.453372e-04,1.484838e-02,9.347288e-02,2.837290e-01,5.229978e-03,3.024252e-03
1.397412e-01,1.571484e-03,6.209583e-04,8.350683e-03,4.210914e-03,2.776917e-03,1.849542e-03,2.857727e-01,2.558884e-02,1.046212e-03,1.853294e-02,1.180103e-01,3.803539e-01,8.719076e-03,2.854251e-03
1.129193e-01,1.751434e-03,5.991930e-04,7.977360e-03,3.791670e-03,2.560592e-03,1.916733e-03,2.098147e-01,5.156188e-02,1.231143e-03,2.212957e-02,1.550617e-01,4.156097e-01,1.000607e-02,3.068944e-03
9.500817e-02,1.880354e-03,1.003813e-03,1.053755e-02,4.724270e-03,2.930261e-03,1.751178e-03,1.512801e-01,7.486714e-02,1.506870e-03,2.612975e-02,1.969665e-01,4.165377e-01,9.777125e-03,5.099199e-03
7.302164e-02,1.608003e-03,9.366002e-04,1.022060e-02,6.502263e-03,2.599787e-03,1.742913e-03,1.103274e-01,7.052679e-02,2.099730e-03,2.458875e-02,2.658105e-01,4.077517e-01,1.758070e-02,4.682604e-03
7.234585e-02,2.217673e-03,1.200812e-03,8.497230e-03,8.171534e-03,2.460374e-03,1.928159e-03,8.111545e-02,6.028653e-02,2.532633e-03,2.222633e-02,3.194361e-01,3.872255e-01,2.638089e-02,3.974855e-03
5.781295e-02,1.733214e-03,1.094056e-03,6.113139e-03,1.182512e-02,2.199566e-03,2.175270e-03,5.933953e-02,4.614005e-02,3.704611e-03,1.939984e-02,4.424254e-01,3.147343e-01,2.688793e-02,4.414895e-03
4.712701e-02,1.652716e-03,2.081921e-03,4.535967e-03,4.051880e-02,2.100404e-03,2.140279e-03,4.357310e-02,5.409139e-02,3.675003e-03,1.624391e-02,5.058089e-01,2.497318e-01,2.314354e-02,3.575258e-03
3.805165e-02,1.358396e-03,2.135606e-03,3.280241e-03,3.682983e-02,1.866973e-03,2.183596e-03,3.226481e-02,4.328667e-02,4.188053e-03,1.237204e-02,5.949808e-01,2.032431e-01,2.096808e-02,2.990154e-03
2.963022e-02,1.350231e-03,4.308743e-03,2.488516e-03,1.433904e-01,5.436606e-03,2.023103e-03,3.616318e-02,4.501693e-02,4.860715e-03,1.079715e-02,5.358325e-01,1.587179e-01,1.710815e-02,2.875638e-03
2.197108e-02,1.023960e-03,3.665244e-03,1.810328e-03,3.201080e-01,4.725855e-03,2.197252e-03,3.724342e-02,4.370337e-02,4.168366e-03,9.943672e-03,4.171709e-01,1.172947e-01,1.284777e-02,2.126073e-03
2.041272e-02,1.089157e-03,1.121084e-02,1.704408e-03,3.840511e-01,3.897324e-03,3.673086e-03,8.110031e-02,4.122680e-02,7.695274e-03,9.308103e-03,3.182359e-01,9.890877e-02,1.429166e-02,3.194499e-03
2.063403e-02,1.594143e-03,1.015668e-02,1.667272e-03,4.329301e-01,7.289011e-03,5.538596e-03,8.581739e-02,5.223632e-02,1.461191e-02,1.094254e-02,2.538741e-01,8.037543e-02,1.552116e-02,6.811375e-03
3.233570e-02,2.367687e-03,1.176596e-02,7.581131e-03,4.148823e-01,8.441996e-03,4.759965e-03,9.151309e-02,1.326043e-01,1.268345e-02,1.081216e-02,1.865630e-01,6.457317e-02,1.273398e-02,6.382129e-03
3.681194e-02,2.315558e-03,1.100633e-02,9.340558e-03,3.590064e-01,1.388199e-01,3.670450e-03,6.615006e-02,1.494150e-01,9.991702e-03,9.605583e-03,1.401742e-01,4.973082e-02,9.046261e-03,4.915270e-03
4.527990e-02,2.511938e-03,9.564819e-03,8.905233e-03,4.019184e-01,1.579542e-01,2.782089e-03,4.798003e-02,1.399680e-01,9.251143e-03,8.477711e-03,1.165303e-01,3.860024e-02,6.517265e-03,3.758744e-03
5.177097e-02,3.724534e-03,8.635052e-03,6.562273e-03,4.940620e-01,1.183867e-01,2.223886e-03,3.427073e-02,1.235729e-01,1.162608e-02,8.424873e-03,8.964255e-02,3.913853e-02,5.011043e-03,2.947847e-03
5.814376e-02,3.688032e-03,6.624748e-03,5.074729e-03,5.530646e-01,1.057820e-01,1.873743e-03,2.568787e-02,1.024787e-01,1.099711e-02,7.284730e-03,7.541408e-02,3.705107e-02,3.967323e-03,2.867512e-03
8.325768e-02,4.120636e-03,5.486923e-03,5.980736e-03,5.588390e-01,1.158913e-01,2.437680e-03,2.142601e-02,8.040651e-02,9.195449e-03,8.358827e-03,6.594682e-02,2.974564e-02,3.919478e-03,4.987364e-03
1.094827e-01,5.882426e-03,3.521730e-02,7.318595e-02,4.253839e-01,9.862826e-02,4.023465e-03,4.010093e-02,8.109609e-02,1.403201e-02,1.320912e-02,6.293343e-02,2.780702e-02,3.558273e-03,5.459195e-03
1.352534e-01,9.356482e-03,2.943001e-02,5.891045e-02,4.230201e-01,8.061948e-02,4.200311e-03,4.466705e-02,8.724345e-02,1.268648e-02,1.458113e-02,6.483831e-02,2.382785e-02,5.201716e-03,6.163756e-03
1.402800e-01,1.230271e-02,3.072220e-02,4.932926e-02,3.021482e-01,6.165975e-02,3.791486e-03,4.703525e-02,2.182713e-01,1.262521e-02,1.844059e-02,6.959963e-02,1.956290e-02,5.609478e-03,8.622065e-03
1.483817e-01,1.170016e-02,3.079659e-02,4.196084e-02,2.245806e-01,4.802413e-02,3.086738e-03,4.227046e-02,2.455848e-01,1.383040e-02,6.519506e-02,7.496481e-02,1.564087e-02,2.566097e-02,8.321906e-03
1.796615e-01,1.298203e-02,2.514395e-02,4.113299e-02,1.603817e-01,4.539934e-02,2.669105e-03,4.105835e-02,3.030789e-01,1.119751e-02,5.340141e-02,8.113997e-02,1.405399e-02,1.961579e-02,9.083480e-03
1.643904e-01,1.106425e-02,1.927710e-02,3.043054e-02,1.142809e-01,3.372744e-02,2.048518e-03,3.382422e-02,4.419000e-01,8.764802e-03,4.267219e-02,6.084488e-02,1.165990e-02,1.565079e-02,9.464178e-03
1.597584e-01,8.593192e-03,1.434862e-02,2.224196e-02,8.242953e-02,3.360537e-02,1.593393e-03,2.827953e-02,5.205644e-01,6.979980e-03,3.814307e-02,5.014258e-02,9.978453e-03,1.509059e-02,8.250997e-03
1.222992e-01,6.679908e-03,1.019875e-02,1.725156e-02,5.794374e-02,2.390969e-02,1.152102e-03,2.019357e-02,6.461112e-01,5.247580e-03,2.731326e-02,3.613572e-02,8.263320e-03,1.084092e-02,6.459451e-03
1.606947e-01,7.836845e-03,8.455767e-03,1.420165e-02,4.252943e-02,2.019506e-02,1.008748e-03,1.485245e-02,6.388974e-01,4.393347e-03,2.149469e-02,3.260990e-02,1.397375e-02,1.080648e-02,8.049748e-03
1.462944e-01,8.460632e-03,8.569083e-03,1.336100e-02,3.105843e-02,2.076316e-02,9.321050e-04,1.409656e-02,6.647147e-01,4.889227e-03,1.745653e-02,3.053121e-02,1.787342e-02,1.011682e-02,1.088272e-02
1.056236e-01,1.016010e-02,8.515615e-03,1.138769e-02,2.323630e-02,1.695736e-02,8.165009e-04,1.341436e-02,6.887093e-01,4.517346e-03,1.521815e-02,2.242411e-02,2.899805e-02,8.349841e-03,4.167167e-02
9.129702e-02,2.503655e-02,1.096225e-02,1.359002e-02,2.614712e-02,2.047720e-02,1.612959e-03,1.440809e-02,6.332946e-01,7.034915e-03,1.312365e-02,1.736127e-02,3.285032e-02,7.757612e-03,8.504644e-02
6.454094e-02,3.621532e-02,2.606609e-02,1.669955e-02,1.931567e-02,1.523835e-02,1.146469e-03,1.063262e-02,6.559988e-01,5.723867e-03,1.000795e-02,1.231331e-02,2.413009e-02,5.592624e-03,9.637842e-02
5.070335e-02,5.087381e-02,2.785710e-02,1.460015e-02,2.830327e-02,2.322831e-02,1.232083e-03,3.219324e-02,6.016266e-01,4.339505e-03,8.222034e-03,8.839306e-03,1.847062e-02,6.279407e-03,1.232312e-01
4.540594e-02,5.142721e-02,3.895683e-02,6.061547e-02,2.558191e-02,1.988805e-02,9.473527e-04,3.262730e-02,5.548409e-01,5.740280e-03,8.184787e-03,6.557035e-03,1.439526e-02,5.357614e-03,1.294741e-01
5.323686e-02,4.873675e-02,3.370669e-02,4.710739e-02,5.212866e-02,2.152997e-02,2.126197e-03,8.246767e-02,5.014322e-01,4.507856e-03,8.790558e-03,4.768421e-03,1.836106e-02,1.108801e-02,1.100118e-01
6.443672e-02,4.302081e-02,2.521321e-02,3.851111e-02,6.080744e-02,1.826811e-02,2.827942e-03,1.155640e-01,4.976882e-01,3.603567e-03,8.387918e-03,3.616764e-03,1.681104e-02,1.137634e-02,8.986685e-02
8.139965e-02,5.367566e-02,2.699187e-02,3.102433e-02,4.688621e-02,1.595232e-02,2.654273e-03,1.149447e-01,4.947476e-01,2.923708e-03,7.389505e-03,3.027627e-03,1.501411e-02,1.172890e-02,9.163958e-02
1.058966e-01,5.748694e-02,2.220631e-02,2.503259e-02,7.697106e-02,2.053097e-02,3.472098e-03,1.221886e-01,4.454033e-01,2.201292e-03,7.390923e-03,4.994307e-03,1.730988e-02,1.110705e-02,7.780810e-02
1.496803e-01,5.346605e-02,2.128176e-02,2.864390e-02,7.041793e-02,2.152579e-02,5.740445e-03,1.173787e-01,3.906737e-01,2.252282e-03,1.019963e-02,1.406545e-02,3.092680e-02,1.064619e-02,7.310101e-02
2.007308e-01,5.619659e-02,1.783613e-02,2.438929e-02,6.241930e-02,2.972569e-02,7.927770e-03,8.915752e-02,3.319888e-01,2.230563e-03,1.041157e-02,1.914733e-02,7.393458e-02,1.015002e-02,6.375401e-02
2.506498e-01,4.755992e-02,1.387007e-02,2.066017e-02,5.099430e-02,3.022467e-02,8.335032e-03,6.743331e-02,3.003316e-01,2.052823e-03,1.113603e-02,2.252610e-02,1.142187e-01,8.390164e-03,5.161739e-02
2.783191e-01,3.910492e-02,1.478817e-02,2.291946e-02,4.042080e-02,2.888422e-02,9.029998e-03,5.949268e-02,2.409372e-01,3.052128e-03,1.427561e-02,2.684936e-02,1.430838e-01,1.501552e-02,6.382703e-02
2.924730e-01,3.640027e-02,1.190074e-02,2.093201e-02,3.338720e-02,3.314629e-02,8.064457e-03,5.337472e-02,1.987721e-01,3.437390e-03,1.506903e-02,2.867987e-02,1.870377e-01,1.333522e-02,6.398996e-02
3.565625e-01,4.451863e-02,1.147634e-02,2.055540e-02,2.853338e-02,2.813375e-02,7.784377e-03,4.293940e-02,1.816800e-01,6.632845e-03,1.352518e-02,2.407178e-02,1.644782e-01,1.244713e-02,5.666108e-02
3.291552e-01,3.943380e-02,2.360359e-02,3.172341e-02,2.338497e-02,2.250534e-02,6.357152e-03,3.464990e-02,2.382032e-01,1.068704e-02,1.142330e-02,1.965465e-02,1.328130e-01,1.144234e-02,6.496318e-02
3.984640e-01,3.621390e-02,2.048482e-02,2.916633e-02,2.257470e-02,2.085291e-02,6.565309e-03,3.927024e-02,1.992803e-01,1.012883e-02,1.290322e-02,2.036179e-02,1.137532e-01,1.337507e-02,5.660542e-02
4.197369e-01,2.968176e-02,1.606147e-02,3.662981e-02,2.245711e-02,2.611696e-02,5.542073e-03,3.337181e-02,1.640558e-01,8.608730e-03,1.445742e-02,1.728422e-02,1.463262e-01,1.060168e-02,4.906801e-02
3.746603e-01,2.646360e-02,1.246636e-02,3.924294e-02,1.982758e-02,2.462778e-02,4.549023e-03,2.784828e-02,1.472908e-01,7.752530e-03,1.518112e-02,1.391280e-02,2.247175e-01,8.599112e-03,5.286036e-02
3.765942e-01,2.448828e-02,1.186451e-02,4.377066e-02,1.902308e-02,2.190422e-02,4.375599e-03,2.477594e-02,1.488263e-01,8.974711e-03,1.702084e-02,1.719618e-02,2.208170e-01,8.028021e-03,5.234056e-02
3.709902e-01,2.252159e-02,2.299430e-02,4.416106e-02,2.144616e-02,2.749312e-02,4.799241e-03,2.801571e-02,1.283434e-01,8.581458e-03,1.464586e-02,1.621331e-02,2.279593e-01,6.474949e-03,5.536040e-02
3.669850e-01,1.978438e-02,2.809851e-02,5.027936e-02,2.877865e-02,4.256392e-02,4.183046e-03,2.923882e-02,9.565955e-02,7.303757e-03,1.382765e-02,1.671030e-02,2.288171e-01,6.039616e-03,6.173027e-02
3.214875e-01,1.951609e-02,3.533652e-02,4.744287e-02,5.724337e-02,5.032120e-02,4.644931e-03,2.562425e-02,7.493985e-02,6.056271e-03,1.057425e-02,1.390990e-02,2.493144e-01,7.046961e-03,7.654175e-02
2.915664e-01,1.844535e-02,3.025264e-02,4.166047e-02,6.595610e-02,4.933501e-02,4.563958e-03,1.941655e-02,6.300143e-02,5.332655e-03,8.348679e-03,1.314444e-02,2.852263e-01,7.442174e-03,9.630786e-02
2.545089e-01,2.528185e-02,2.329572e-02,3.721596e-02,5.408345e-02,4.980740e-02,4.411282e-03,1.507054e-02,6.628174e-02,6.346149e-03,7.526839e-03,1.479495e-02,2.489211e-01,6.788053e-03,1.856661e-01
2.386762e-01,4.613145e-02,2.418278e-02,3.788135e-02,6.884027e-02,4.603124e-02,1.090688e-02,1.464699e-02,1.004277e-01,8.045824e-03,6.908072e-03,1.262705e-02,2.082223e-01,5.871817e-03,1.706001e-01
1.919253e-01,4.666033e-02,7.051854e-02,1.151092e-01,8.117362e-02,3.626453e-02,1.214516e-02,1.582820e-02,8.462125e-02,7.773628e-03,6.588011e-03,1.036557e-02,1.648753e-01,4.698649e-03,1.514527e-01
2.015791e-01,3.924659e-02,7.559799e-02,1.274490e-01,1.064629e-01,2.906927e-02,1.443622e-02,1.419006e-02,7.895856e-02,6.279129e-03,6.101689e-03,7.802734e-03,1.604432e-01,3.837072e-03,1.285465e-01
2.125650e-01,3.609935e-02,7.837425e-02,1.320411e-01,1.176840e-01,2.743647e-02,1.732019e-02,1.390240e-02,7.093962e-02,5.000414e-03,5.950802e-03,6.288229e-03,1.539142e-01,3.538257e-03,1.189457e-01
2.204510e-01,4.362880e-02,9.006104e-02,1.655586e-01,1.105306e-01,2.743502e-02,2.165627e-02,1.658517e-02,5.827489e-02,5.997519e-03,5.566370e-03,6.277189e-03,1.136725e-01,3.457832e-03,1.108472e-01
2.434691e-01,4.351471e-02,9.256362e-02,1.628549e-01,1.105007e-01,2.898274e-02,4.323386e-02,2.518029e-02,5.445409e-02,5.553516e-03,6.262529e-03,6.911961e-03,9.141887e-02,3.070424e-03,8.202869e-02
2.616963e-01,4.523574e-02,1.094132e-01,1.543336e-01,1.221188e-01,2.943843e-02,4.083186e-02,3.328443e-02,4.639519e-02,4.723975e-03,5.647875e-03,6.890731e-03,7.789060e-02,2.625510e-03,5.947372e-02
3.747796e-01,3.448884e-02,1.174760e-01,1.210810e-01,9.537815e-02,3.096958e-02,3.200686e-02,3.484158e-02,3.539549e-02,3.926495e-03,4.833170e-03,8.491138e-03,6.066249e-02,2.362723e-03,4.330681e-02
4.070703e-01,2.634729e-02,1.212146e-01,1.002026e-01,7.270668e-02,4.239459e-02,3.147267e-02,6.400035e-02,2.622684e-02,2.952024e-03,4.277214e-03,1.116228e-02,5.627917e-02,1.990205e-03,3.170313e-02
3.454735e-01,1.882677e-02,2.022241e-01,8.741826e-02,5.238939e-02,4.524924e-02,4.939333e-02,8.911061e-02,1.885562e-02,2.248307e-03,3.369585e-03,9.708965e-03,5.157669e-02,1.481078e-03,2.267451e-02
2.993389e-01,1.359233e-02,1.886481e-01,6.614532e-02,3.860735e-02,4.780708e-02,1.143865e-01,1.448762e-01,1.351541e-02,1.781814e-03,2.590451e-03,7.720444e-03,4.343437e-02,1.166610e-03,1.638917e-02
2.456439e-01,9.733863e-03,1.544805e-01,4.902185e-02,2.853194e-02,4.498689e-02,1.968772e-01,2.029405e-01,9.628545e-03,1.323549e-03,1.923574e-03,6.054146e-03,3.616710e-02,8.858895e-04,1.180064e-02
2.099813e-01,7.071975e-03,1.145588e-01,3.626250e-02,2.173292e-02,4.495522e-02,2.190849e-01,2.788039e-01,6.894434e-03,1.048552e-03,1.469478e-03,4.949757e-03,4.325644e-02,7.540893e-04,9.175668e-03
2.141280e-01,5.258956e-03,8.849384e-02,2.689681e-02,1.727341e-02,4.252338e-02,2.595987e-01,2.801516e-01,5.215292e-03,1.025647e-03,1.279906e-03,5.098385e-03,4.414880e-02,6.903475e-04,8.216863e-03
2.307618e-01,3.922301e-03,6.579471e-02,1.953890e-02,1.475373e-02,3.882873e-02,3.169438e-01,2.429348e-01,4.188744e-03,1.468750e-03,1.205574e-03,5.354844e-03,4.549899e-02,7.046855e-04,8.099604e-03
2.192299e-01,2.934915e-03,4.794703e-02,1.419596e-02,1.328539e-02,3.156340e-02,4.143027e-01,1.987301e-01,3.195178e-03,1.841997e-03,1.092053e-03,5.001646e-03,3.816193e-02,7.017758e-04,7.815938e-03
2.252573e-01,2.406813e-03,3.620502e-02,1.111492e-02,1.404134e-02,2.578220e-02,4.487593e-01,1.844533e-01,2.543714e-03,2.234314e-03,1.140991e-03,5.171116e-03,3.190641e-02,6.676745e-04,8.315595e-03
1.948710e-01,2.024743e-03,2.761742e-02,9.026234e-03,1.354855e-02,2.014277e-02,4.982348e-01,1.931858e-01,2.005050e-03,2.123280e-03,1.035282e-03,4.034173e-03,2.410208e-02,5.547731e-04,7.494058e-03
2.000782e-01,1.944250e-03,2.121412e-02,7.859804e-03,1.507213e-02,1.657461e-02,5.052648e-01,1.967382e-01,1.710366e-03,2.372998e-03,1.051036e-03,3.447228e-03,1.870307e-02,5.212891e-04,7.447828e-03
2.392903e-01,2.262223e-03,1.949936e-02,7.432930e-03,1.665329e-02,1.528113e-02,4.757174e-01,1.909253e-01,1.389380e-03,3.348227e-03,1.035861e-03,3.359976e-03,1.504186e-02,7.079813e-04,8.054867e-03
2.639234e-01,2.061652e-03,1.525585e-02,5.689483e-03,1.483180e-02,1.373276e-02,4.830563e-01,1.738793e-01,1.179271e-03,2.951756e-03,8.781963e-04,2.950963e-03,1.198805e-02,7.188151e-04,6.902458e-03
3.015743e-01,1.829032e-03,1.208303e-02,4.444351e-03,1.346275e-02,1.241146e-02,4.697068e-01,1.608114e-01,1.020943e-03,2.484426e-03,7.569857e-04,2.796256e-03,9.771631e-03,7.985058e-04,6.048157e-03
3.366465e-01,1.820487e-03,8.990581e-03,3.960534e-03,1.129277e-02,1.236269e-02,4.520532e-01,1.515001e-01,8.995021e-04,2.072306e-03,7.727308e-04,3.027572e-03,8.072955e-03,7.702434e-04,5.757878e-03
4.029942e-01,2.164118e-03,6.773201e-03,4.139947e-03,9.816666e-03,1.394295e-02,3.922476e-01,1.444533e-01,8.907090e-04,1.921065e-03,9.981462e-04,4.693836e-03,7.463175e-03,7.812030e-04,6.719959e-03
4.122248e-01,3.086317e-03,5.283254e-03,4.819488e-03,8.807602e-03,1.831459e-02,3.618345e-01,1.574879e-01,1.012127e-03,1.825429e-03,1.383002e-03,6.386709e-03,8.282023e-03,8.555761e-04,8.396797e-03
4.252962e-01,6.259121e-03,6.641849e-03,1.856146e-02,8.139150e-03,4.257747e-02,2.871270e-01,1.317209e-01,4.116600e-03,3.869148e-03,3.399940e-03,1.755111e-02,2.605060e-02,1.177850e-03,1.751160e-02
3.594582e-01,8.342592e-03,6.618283e-03,3.156474e-02,7.991733e-03,6.512421e-02,2.233187e-01,1.086370e-01,1.309347e-02,6.481837e-03,4.459818e-03,2.433637e-02,9.994272e-02,1.573844e-03,3.905645e-02
2.773328e-01,1.351986e-02,5.407307e-03,4.141122e-02,7.515683e-03,6.047054e-02,1.664228e-01,8.026604e-02,4.552463e-02,2.123668e-02,8.322434e-03,2.754259e-02,1.420867e-01,1.652487e-03,1.012883e-01
2.286405e-01,1.822682e-02,4.186366e-03,4.924718e-02,7.195504e-03,4.888877e-02,1.205521e-01,6.103371e-02,1.078219e-01,2.562010e-02,9.915234e-03,2.834765e-02,1.521582e-01,1.601567e-03,1.365644e-01
1.731487e-01,2.356726e-02,3.640614e-03,6.966856e-02,5.738711e-03,3.622090e-02,8.571628e-02,4.517295e-02,2.544760e-01,2.411555e-02,9.113374e-03,2.649514e-02,1.139088e-01,1.576110e-03,1.274410e-01
1.534748e-01,3.234611e-02,6.384166e-03,1.204635e-01,5.182814e-03,2.806830e-02,6.046133e-02,3.627343e-02,2.736959e-01,3.190868e-02,1.038059e-02,2.093641e-02,8.691505e-02,3.093049e-03,1.304158e-01
1.670168e-01,3.475116e-02,1.283864e-02,1.161439e-01,5.680721e-03,2.340202e-02,4.326380e-02,2.889761e-02,2.364246e-01,2.995502e-02,1.192653e-02,1.739984e-02,7.551496e-02,3.994584e-03,1.927898e-01
1.477233e-01,2.690057e-02,1.311113e-02,8.351789e-02,5.092228e-03,1.747204e-02,3.063861e-02,2.146911e-02,1.752294e-01,2.243454e-02,9.580139e-03,1.292043e-02,5.799226e-02,4.511000e-03,3.714074e-01
1.658599e-01,2.125980e-02,1.295344e-02,6.288640e-02,4.355550e-03,1.391921e-02,2.169823e-02,1.599040e-02,1.296117e-01,1.710959e-02,7.435276e-03,1.080289e-02,4.793776e-02,6.290484e-03,4.618893e-01
1.624235e-01,2.083234e-02,1.218164e-02,5.292480e-02,3.693574e-03,1.140223e-02,1.536494e-02,1.161800e-02,1.290464e-01,1.456195e-02,7.047495e-03,1.175563e-02,4.033596e-02,6.343332e-03,5.004683e-01
1.498397e-01,2.035898e-02,1.002478e-02,3.946793e-02,8.771523e-03,8.983278e-03,1.146724e-02,1.039295e-02,1.469086e-01,1.060517e-02,6.288493e-03,8.779788e-03,3.552914e-02,5.522764e-03,5.270596e-01
1.414407e-01,2.084025e-02,9.558383e-03,2.965583e-02,1.340263e-02,9.752220e-03,8.872079e-03,1.101324e-02,1.582871e-01,7.646587e-03,5.700016e-03,6.714836e-03,3.106448e-02,4.769005e-03,5.412825e-01
1.175382e-01,5.433053e-02,1.594008e-02,8.530351e-02,1.137978e-02,8.591201e-03,6.356373e-03,1.257646e-02,2.478033e-01,5.754116e-03,6.533448e-03,5.888241e-03,2.631530e-02,3.777311e-03,3.919122e-01
1.068441e-01,4.718630e-02,1.333529e-02,6.395593e-02,1.078378e-02,8.174168e-03,5.061580e-03,2.638286e-02,3.273375e-01,4.128529e-03,6.342080e-03,5.071116e-03,2.054933e-02,3.239894e-03,3.516076e-01
1.039111e-01,3.588599e-02,4.669856e-02,7.301698e-02,1.491016e-02,1.418910e-02,4.199599e-03,1.037265e-01,2.944144e-01,3.450554e-03,8.470589e-03,6.497811e-03,1.967921e-02,3.208875e-03,2.677406e-01
1.221010e-01,3.254566e-02,4.365668e-02,6.170696e-02,1.478617e-02,3.198451e-02,4.158328e-03,1.103602e-01,2.826909e-01,3.131318e-03,1.320894e-02,1.250550e-02,2.048334e-02,7.992420e-03,2.386881e-01
1.302199e-01,3.185789e-02,3.284495e-02,4.623062e-02,2.201610e-02,4.921892e-02,5.884847e-03,8.673631e-02,3.108971e-01,2.383404e-03,1.197906e-02,1.088350e-02,1.788033e-02,7.567865e-03,2.333992e-01
1.500212e-01,5.930447e-02,2.828163e-02,4.494189e-02,2.154791e-02,4.238735e-02,5.041142e-03,6.426536e-02,2.720114e-01,2.570702e-03,2.176713e-02,3.964771e-02,3.236609e-02,7.853806e-03,2.079921e-01
1.589095e-01,6.602397e-02,2.686442e-02,5.102803e-02,3.067622e-02,3.708971e-02,5.041640e-03,5.500091e-02,2.551551e-01,3.351613e-03,2.570019e-02,6.560214e-02,5.181476e-02,7.804899e-03,1.599368e-01
1.828485e-01,7.530679e-02,3.636437e-02,5.359769e-02,3.517190e-02,4.525845e-02,5.338179e-03,4.029954e-02,2.481720e-01,2.996181e-03,2.464638e-02,6.643634e-02,5.573773e-02,6.980515e-03,1.208454e-01
1.993853e-01,7.621529e-02,3.908504e-02,6.439732e-02,3.776398e-02,6.750027e-02,7.509550e-03,3.713010e-02,2.184094e-01,3.658429e-03,2.469198e-02,7.270960e-02,5.043110e-02,6.736577e-03,9.437603e-02
2.352295e-01,8.168935e-02,3.793212e-02,7.010330e-02,3.580517e-02,6.693628e-02,7.391803e-03,2.900932e-02,2.018425e-01,4.214942e-03,2.767063e-02,6.436242e-02,4.492862e-02,7.369437e-03,8.551467e-02
3.190961e-01,8.037223e-02,3.966477e-02,7.759860e-02,2.985149e-02,4.954103e-02,5.987393e-03,2.248387e-02,1.664287e-01,5.784493e-03,2.405957e-02,5.728596e-02,3.724004e-02,7.235117e-03,7.737066e-02
4.416952e-01,6.346678e-02,3.677644e-02,6.318074e-02,2.734329e-02,3.924183e-02,4.899464e-03,1.676057e-02,1.293881e-01,5.535719e-03,1.931670e-02,5.058636e-02,3.087090e-02,7.358433e-03,6.357949e-02
1.000000e+00,0.000000e+00,0.000000e+00,0.000000e+00,0.000000e+00,0.000000e+00,0.000000e+00,0.000000e+00,0.000000e+00,0.000000e+00,0.000000e+00,0.000000e+00,0.000000e+00,0.000000e+00,0.000000e+00
4.879469e-01,3.548459e-02,2.060779e-02,1.034948e-01,1.576761e-02,2.941856e-02,3.105104e-03,9.234715e-03,7.081792e-02,4.645556e-03,3.435236e-02,4.513844e-02,9.814743e-02,4.583032e-03,3.725526e-02
3.593121e-01,2.698272e-02,1.727818e-02,1.733987e-01,1.232443e-02,2.720378e-02,2.549878e-03,6.691109e-03,5.152375e-02,4.438599e-03,4.392669e-02,6.803972e-02,1.750339e-01,3.781120e-03,2.751539e-02
2.546777e-01,1.896912e-02,1.251915e-02,1.254349e-01,1.189672e-02,2.949276e-02,2.411432e-03,5.743764e-03,3.862846e-02,3.407374e-03,1.014505e-01,9.462072e-02,2.782683e-01,2.750756e-03,1.972831e-02
1.810430e-01,1.332769e-02,8.808312e-03,8.899368e-02,1.115192e-02,2.107042e-02,1.724698e-03,4.103822e-03,2.936559e-02,2.427390e-03,8.676389e-02,9.862860e-02,4.367816e-01,1.958019e-03,1.385143e-02
1.313175e-01,9.388901e-03,6.213719e-03,6.263395e-02,9.591714e-03,1.555525e-02,1.279669e-03,3.730743e-03,2.283087e-02,2.353586e-03,6.453787e-02,1.038821e-01,5.554802e-01,1.474398e-03,9.729613e-03
9.207305e-02,6.596109e-03,4.772829e-03,4.394633e-02,8.527607e-03,1.147290e-02,1.296673e-03,4.371677e-03,2.181525e-02,2.517634e-03,4.966872e-02,1.821507e-01,5.623803e-01,1.185915e-03,7.224317e-03
6.456614e-02,4.641900e-03,3.419675e-03,3.082004e-02,2.242420e-02,8.362086e-03,2.449574e-03,4.380998e-03,3.572871e-02,2.533378e-03,3.800883e-02,2.651919e-01,5.110488e-01,9.864493e-04,5.437344e-03
4.543107e-02,3.324636e-03,2.508804e-03,2.159783e-02,1.872145e-02,6.332546e-03,2.041620e-03,3.884703e-03,3.205232e-02,2.332613e-03,2.681426e-02,3.654698e-01,4.644120e-01,8.729555e-04,4.203419e-03
3.208112e-02,2.506478e-03,1.975233e-03,1.514234e-02,2.192307e-02,5.137819e-03,2.029691e-03,4.613490e-03,3.659443e-02,2.872101e-03,1.938739e-02,4.018689e-01,4.498675e-01,7.867099e-04,3.213698e-03
2.271889e-02,1.796120e-03,1.401266e-03,1.060922e-02,4.049521e-02,4.944927e-03,2.274898e-03,3.549566e-03,7.023131e-02,3.861119e-03,1.536254e-02,4.553670e-01,3.643987e-01,6.224882e-04,2.366851e-03
1.600128e-02,1.287342e-03,9.908113e-04,7.435812e-03,2.867091e-02,4.993307e-03,1.666275e-03,2.666362e-03,4.961042e-02,3.300254e-03,1.082842e-02,6.073753e-01,2.628820e-01,6.094904e-04,1.682055e-03
1.135043e-02,9.249913e-04,7.100700e-04,5.209748e-03,2.163437e-02,6.783958e-03,1.230477e-03,1.969624e-03,3.531647e-02,3.001975e-03,7.782285e-03,7.124005e-01,1.899842e-01,5.079861e-04,1.192938e-03
8.443510e-03,7.246051e-04,5.296255e-04,3.652320e-03,1.727525e-02,1.488828e-02,1.013137e-03,1.561204e-03,2.616705e-02,2.554423e-03,5.603480e-03,7.817563e-01,1.345152e-01,4.719923e-04,8.436515e-04
6.436710e-03,5.494302e-04,3.904318e-04,2.564009e-03,1.356768e-02,1.312010e-02,7.690806e-04,1.224759e-03,1.934301e-02,2.034444e-03,4.113237e-03,8.397406e-01,9.512179e-02,4.289777e-04,5.958081e-04
5.180130e-03,6.705464e-04,4.458930e-04,1.825982e-03,1.096830e-02,9.880534e-03,6.469972e-04,1.242576e-03,1.634686e-02,2.086563e-03,3.245776e-03,8.789433e-01,6.755872e-02,5.011466e-04,4.566665e-04
4.769171e-03,5.939091e-04,4.208687e-04,1.302902e-03,8.825765e-03,7.203020e-03,4.913583e-04,1.322218e-03,1.198837e-02,1.671648e-03,2.383448e-03,9.103330e-01,4.794365e-02,4.217108e-04,3.289125e-04
5.023607e-03,6.090747e-04,4.931153e-04,9.526622e-04,7.315101e-03,5.500926e-03,6.395406e-04,2.194209e-03,8.773359e-03,1.362722e-03,1.720990e-03,9.307550e-01,3.407586e-02,3.426168e-04,2.411872e-04
7.499712e-03,5.397320e-04,7.064734e-04,7.181688e-04,1.019243e-02,4.087512e-03,1.250743e-03,5.902616e-03,6.620008e-03,1.207808e-03,1.287646e-03,9.351382e-01,2.439138e-02,2.785533e-04,1.790291e-04
1.088015e-02,5.243815e-04,1.213194e-03,6.000103e-04,1.344525e-02,3.070927e-03,3.482399e-03,4.097618e-02,5.189284e-03,1.098064e-03,9.530688e-04,9.004195e-01,1.775093e-02,2.618996e-04,1.347583e-04
3.116153e-02,7.738330e-04,1.117032e-02,3.810527e-03,1.148691e-02,3.168940e-03,3.449196e-03,8.601335e-02,4.116240e-03,1.459102e-03,9.046192e-04,8.290597e-01,1.291258e-02,3.861962e-04,1.270427e-04
6.210112e-02,1.361906e-03,2.964497e-02,8.065187e-03,1.182794e-02,8.662730e-03,4.760391e-03,9.110101e-02,3.709612e-03,1.221038e-03,1.188762e-03,7.658280e-01,9.661911e-03,6.648942e-04,2.005878e-04
7.511273e-02,3.449304e-03,3.008404e-02,7.212876e-03,1.422565e-02,3.110760e-02,1.046390e-02,8.695003e-02,6.440106e-03,1.099329e-03,1.408373e-03,7.236272e-01,7.602789e-03,8.766398e-04,3.394416e-04
6.971598e-02,3.884972e-03,7.222010e-02,1.189866e-02,2.689309e-02,3.097156e-02,2.552017e-02,1.024769e-01,6.581731e-03,1.077910e-03,1.507503e-03,6.396940e-01,6.470413e-03,7.601142e-04,3.270044e-04
7.013407e-02,4.678256e-03,6.097480e-02,9.173529e-03,2.675898e-02,3.129407e-02,3.001928e-02,9.091732e-02,7.489618e-03,1.051658e-03,1.657113e-03,6.595653e-01,5.368749e-03,6.159163e-04,3.013926e-04
7.370414e-02,4.650408e-03,7.802552e-02,9.498298e-03,2.579590e-02,2.845247e-02,3.003458e-02,1.261092e-01,6.939730e-03,1.187589e-03,3.201302e-03,6.065938e-01,4.632429e-03,7.827565e-04,3.919536e-04
9.118150e-02,5.188651e-03,6.154403e-02,8.390174e-03,2.779294e-02,2.240542e-02,3.345148e-02,9.629504e-02,7.822345e-03,9.754723e-04,4.966727e-03,6.342103e-01,4.545958e-03,8.338857e-04,3.961065e-04
1.173152e-01,7.335374e-03,5.940091e-02,1.248342e-02,4.225735e-02,2.103546e-02,3.591593e-02,1.253136e-01,9.642825e-03,8.072666e-04,8.223083e-03,5.545754e-01,4.351579e-03,8.610681e-04,4.814386e-04
1.564693e-01,1.060856e-02,5.073466e-02,3.049454e-02,3.762829e-02,1.720883e-02,3.392953e-02,1.787563e-01,1.163760e-02,6.606813e-04,7.055600e-03,4.581122e-01,5.570900e-03,6.729092e-04,4.599805e-04
1.757982e-01,1.154411e-02,4.699960e-02,4.990302e-02,3.496025e-02,2.119366e-02,3.041957e-02,2.632974e-01,1.509136e-02,5.744903e-04,5.565018e-03,3.372681e-01,6.397952e-03,5.194190e-04,4.678619e-04
