1.000000e+00,0.000000e+00,0.000000e+00,0.000000e+00,0.000000e+00,0.000000e+00,0.000000e+00,0.000000e+00,0.000000e+00,0.000000e+00,0.000000e+00,0.000000e+00,0.000000e+00,0.000000e+00,0.000000e+00
1.000000e+00,0.000000e+00,0.000000e+00,0.000000e+00,0.000000e+00,0.000000e+00,0.000000e+00,0.000000e+00,0.000000e+00,0.000000e+00,0.000000e+00,0.000000e+00,0.000000e+00,0.000000e+00,0.000000e+00
1.000000e+00,0.000000e+00,0.000000e+00,0.000000e+00,0.000000e+00,0.000000e+00,0.000000e+00,0.000000e+00,0.000000e+00,0.000000e+00,0.000000e+00,0.000000e+00,0.000000e+00,0.000000e+00,0.000000e+00
1.000000e+00,0.000000e+00,0.000000e+00,0.000000e+00,0.000000e+00,0.000000e+00,0.000000e+00,0.000000e+00,0.000000e+00,0.000000e+00,0.000000e+00,0.000000e+00,0.000000e+00,0.000000e+00,0.000000e+00
1.000000e+00,0.000000e+00,0.000000e+00,0.000000e+00,0.000000e+00,0.000000e+00,0.000000e+00,0.000000e+00,0.000000e+00,0.000000e+00,0.000000e+00,0.000000e+00,0.000000e+00,0.000000e+00,0.000000e+00
1.000000e+00,0.000000e+00,0.000000e+00,0.000000e+00,0.000000e+00,0.000000e+00,0.000000e+00,0.000000e+00,0.000000e+00,0.000000e+00,0.000000e+00,0.000000e+00,0.000000e+00,0.000000e+00,0.000000e+00
1.000000e+00,0.000000e+00,0.000000e+00,0.000000e+00,0.000000e+00,0.000000e+00,0.000000e+00,0.000000e+00,0.000000e+00,0.000000e+00,0.000000e+00,0.000000e+00,0.000000e+00,0.000000e+00,0.000000e+00
1.000000e+00,0.000000e+00,0.000000e+00,0.000000e+00,0.000000e+00,0.000000e+00,0.000000e+00,0.000000e+00,0.000000e+00,0.000000e+00,0.000000e+00,0.000000e+00,0.000000e+00,0.000000e+00,0.000000e+00
1.000000e+00,0.000000e+00,0.000000e+00,0.000000e+00,0.000000e+00,0.000000e+00,0.000000e+00,0.000000e+00,0.000000e+00,0.000000e+00,0.000000e+00,0.000000e+00,0.000000e+00,0.000000e+00,0.000000e+00
1.000000e+00,0.000000e+00,0.000000e+00,0.000000e+00,0.000000e+00,0.000000e+00,0.000000e+00,0.000000e+00,0.000000e+00,0.000000e+00,0.000000e+00,0.000000e+00,0.000000e+00,0.000000e+00,0.000000e+00
1.000000e+00,0.000000e+00,0.000000e+00,0.000000e+00,0.000000e+00,0.000000e+00,0.000000e+00,0.000000e+00,0.000000e+00,0.000000e+00,0.000000e+00,0.000000e+00,0.000000e+00,0.000000e+00,0.000000e+00
1.000000e+00,0.000000e+00,0.000000e+00,0.000000e+00,0.000000e+00,0.000000e+00,0.000000e+00,0.000000e+00,0.000000e+00,0.000000e+00,0.000000e+00,0.000000e+00,0.000000e+00,0.000000e+00,0.000000e+00
1.000000e+00,0.000000e+00,0.000000e+00,0.000000e+00,0.000000e+00,0.000000e+00,0.000000e+00,0.000000e+00,0.000000e+00,0.000000e+00,0.000000e+00,0.000000e+00,0.000000e+00,0.000000e+00,0.000000e+00
1.000000e+00,0.000000e+00,0.000000e+00,0.000000e+00,0.000000e+00,0.000000e+00,0.000000e+00,0.000000e+00,0.000000e+00,0.000000e+00,0.000000e+00,0.000000e+00,0.000000e+00,0.000000e+00,0.000000e+00
1.000000e+00,0.000000e+00,0.000000e+00,0.000000e+00,0.000000e+00,0.000000e+00,0.000000e+00,0.000000e+00,0.000000e+00,0.000000e+00,0.000000e+00,0.000000e+00,0.000000e+00,0.000000e+00,0.000000e+00
1.000000e+00,0.000000e+00,0.000000e+00,0.000000e+00,0.000000e+00,0.000000e+00,0.000000e+00,0.000000e+00,0.000000e+00,0.000000e+00,0.000000e+00,0.000000e+00,0.000000e+00,0.000000e+00,0.000000e+00
1.000000e+00,0.000000e+00,0.000000e+00,0.000000e+00,0.000000e+00,0.000000e+00,0.000000e+00,0.000000e+00,0.000000e+00,0.000000e+00,0.000000e+00,0.000000e+00,0.000000e+00,0.000000e+00,0.000000e+00
1.000000e+00,0.000000e+00,0.000000e+00,0.000000e+00,0.000000e+00,0.000000e+00,0.000000e+00,0.000000e+00,0.000000e+00,0.000000e+00,0.000000e+00,0.000000e+00,0.000000e+00,0.000000e+00,0.000000e+00
1.000000e+00,0.000000e+00,0.000000e+00,0.000000e+00,0.000000e+00,0.000000e+00,0.000000e+00,0.000000e+00,0.000000e+00,0.000000e+00,0.000000e+00,0.000000e+00,0.000000e+00,0.000000e+00,0.000000e+00
1.000000e+00,0.000000e+00,0.000000e+00,0.000000e+00,0.000000e+00,0.000000e+00,0.000000e+00,0.000000e+00,0.000000e+00,0.000000e+00,0.000000e+00,0.000000e+00,0.000000e+00,0.000000e+00,0.000000e+00
1.000000e+00,0.000000e+00,0.000000e+00,0.000000e+00,0.000000e+00,0.000000e+00,0.000000e+00,0.000000e+00,0.000000e+00,0.000000e+00,0.000000e+00,0.000000e+00,0.000000e+00,0.000000e+00,0.000000e+00
1.000000e+00,0.000000e+00,0.000000e+00,0.000000e+00,0.000000e+00,0.000000e+00,0.000000e+00,0.000000e+00,0.000000e+00,0.000000e+00,0.000000e+00,0.000000e+00,0.000000e+00,0.000000e+00,0.000000e+00
4.727286e-01,3.003494e-02,1.407115e-02,1.001399e-01,1.596031e-02,4.436935e-02,1.338829e-02,2.830792e-02,1.798150e-02,3.768240e-03,1.540265e-02,1.434609e-01,6.704106e-02,4.258820e-03,2.908636e-02
4.567614e-01,3.471043e-02,1.314795e-02,1.038900e-01,1.836510e-02,4.276059e-02,1.320282e-02,2.555670e-02,2.226994e-02,3.620794e-03,1.712230e-02,1.344539e-01,7.863173e-02,4.996886e-03,3.050951e-02
4.253578e-01,3.612600e-02,2.003840e-02,1.315152e-01,2.162354e-02,4.075316e-02,1.291598e-02,3.269078e-02,1.983515e-02,3.255222e-03,1.820855e-02,1.319280e-01,7.131563e-02,4.607506e-03,2.982909e-02
3.718847e-01,3.618275e-02,5.016939e-02,1.586267e-01,2.363012e-02,3.705546e-02,1.221976e-02,4.003414e-02,1.908579e-02,3.161140e-03,2.156077e-02,1.275762e-01,6.205762e-02,4.473399e-03,3.228208e-02
3.731889e-01,4.101190e-02,5.768284e-02,1.622970e-01,2.413294e-02,3.444541e-02,1.136671e-02,3.539173e-02,1.955582e-02,3.491570e-03,2.342920e-02,1.183994e-01,5.497301e-02,4.458253e-03,3.617533e-02
4.670289e-01,4.045707e-02,4.345267e-02,1.348363e-01,2.103283e-02,3.043447e-02,9.738777e-03,2.751113e-02,1.718111e-02,3.296284e-03,1.974066e-02,9.621900e-02,4.879009e-02,4.713066e-03,3.556762e-02
1.000000e+00,0.000000e+00,0.000000e+00,0.000000e+00,0.000000e+00,0.000000e+00,0.000000e+00,0.000000e+00,0.000000e+00,0.000000e+00,0.000000e+00,0.000000e+00,0.000000e+00,0.000000e+00,0.000000e+00
1.000000e+00,0.000000e+00,0.000000e+00,0.000000e+00,0.000000e+00,0.000000e+00,0.000000e+00,0.000000e+00,0.000000e+00,0.000000e+00,0.000000e+00,0.000000e+00,0.000000e+00,0.000000e+00,0.000000e+00
1.000000e+00,0.000000e+00,0.000000e+00,0.000000e+00,0.000000e+00,0.000000e+00,0.000000e+00,0.000000e+00,0.000000e+00,0.000000e+00,0.000000e+00,0.000000e+00,0.000000e+00,0.000000e+00,0.000000e+00
1.000000e+00,0.000000e+00,0.000000e+00,0.000000e+00,0.000000e+00,0.000000e+00,0.000000e+00,0.000000e+00,0.000000e+00,0.000000e+00,0.000000e+00,0.000000e+00,0.000000e+00,0.000000e+00,0.000000e+00
1.000000e+00,0.000000e+00,0.000000e+00,0.000000e+00,0.000000e+00,0.000000e+00,0.000000e+00,0.000000e+00,0.000000e+00,0.000000e+00,0.000000e+00,0.000000e+00,0.000000e+00,0.000000e+00,0.000000e+00
1.000000e+00,0.000000e+00,0.000000e+00,0.000000e+00,0.000000e+00,0.000000e+00,0.000000e+00,0.000000e+00,0.000000e+00,0.000000e+00,0.000000e+00,0.000000e+00,0.000000e+00,0.000000e+00,0.000000e+00
1.000000e+00,0.000000e+00,0.000000e+00,0.000000e+00,0.000000e+00,0.000000e+00,0.000000e+00,0.000000e+00,0.000000e+00,0.000000e+00,0.000000e+00,0.000000e+00,0.000000e+00,0.000000e+00,0.000000e+00
1.000000e+00,0.000000e+00,0.000000e+00,0.000000e+00,0.000000e+00,0.000000e+00,0.000000e+00,0.000000e+00,0.000000e+00,0.000000e+00,0.000000e+00,0.000000e+00,0.000000e+00,0.000000e+00,0.000000e+00
1.000000e+00,0.000000e+00,0.000000e+00,0.000000e+00,0.000000e+00,0.000000e+00,0.000000e+00,0.000000e+00,0.000000e+00,0.000000e+00,0.000000e+00,0.000000e+00,0.000000e+00,0.000000e+00,0.000000e+00
1.000000e+00,0.000000e+00,0.000000e+00,0.000000e+00,0.000000e+00,0.000000e+00,0.000000e+00,0.000000e+00,0.000000e+00,0.000000e+00,0.000000e+00,0.000000e+00,0.000000e+00,0.000000e+00,0.000000e+00
1.000000e+00,0.000000e+00,0.000000e+00,0.000000e+00,0.000000e+00,0.000000e+00,0.000000e+00,0.000000e+00,0.000000e+00,0.000000e+00,0.000000e+00,0.000000e+00,0.000000e+00,0.000000e+00,0.000000e+00
1.000000e+00,0.000000e+00,0.000000e+00,0.000000e+00,0.000000e+00,0.000000e+00,0.000000e+00,0.000000e+00,0.000000e+00,0.000000e+00,0.000000e+00,0.000000e+00,0.000000e+00,0.000000e+00,0.000000e+00
1.000000e+00,0.000000e+00,0.000000e+00,0.000000e+00,0.000000e+00,0.000000e+00,0.000000e+00,0.000000e+00,0.000000e+00,0.000000e+00,0.000000e+00,0.000000e+00,0.000000e+00,0.000000e+00,0.000000e+00
1.000000e+00,0.000000e+00,0.000000e+00,0.000000e+00,0.000000e+00,0.000000e+00,0.000000e+00,0.000000e+00,0.000000e+00,0.000000e+00,0.000000e+00,0.000000e+00,0.000000e+00,0.000000e+00,0.000000e+00
1.000000e+00,0.000000e+00,0.000000e+00,0.000000e+00,0.000000e+00,0.000000e+00,0.000000e+00,0.000000e+00,0.000000e+00,0.000000e+00,0.000000e+00,0.000000e+00,0.000000e+00,0.000000e+00,0.000000e+00
1.000000e+00,0.000000e+00,0.000000e+00,0.000000e+00,0.000000e+00,0.000000e+00,0.000000e+00,0.000000e+00,0.000000e+00,0.000000e+00,0.000000e+00,0.000000e+00,0.000000e+00,0.000000e+00,0.000000e+00
1.000000e+00,0.000000e+00,0.000000e+00,0.000000e+00,0.000000e+00,0.000000e+00,0.000000e+00,0.000000e+00,0.000000e+00,0.000000e+00,0.000000e+00,0.000000e+00,0.000000e+00,0.000000e+00,0.000000e+00
1.000000e+00,0.000000e+00,0.000000e+00,0.000000e+00,0.000000e+00,0.000000e+00,0.000000e+00,0.000000e+00,0.000000e+00,0.000000e+00,0.000000e+00,0.000000e+00,0.000000e+00,0.000000e+00,0.000000e+00
1.000000e+00,0.000000e+00,0.000000e+00,0.000000e+00,0.000000e+00,0.000000e+00,0.000000e+00,0.000000e+00,0.000000e+00,0.000000e+00,0.000000e+00,0.000000e+00,0.000000e+00,0.000000e+00,0.000000e+00
4.296139e-01,1.189409e-02,1.345440e-01,3.606512e-02,5.786226e-03,2.061796e-01,3.142170e-02,4.504943e-02,5.117930e-03,1.125250e-03,6.998891e-03,2.349711e-02,5.040591e-02,1.475375e-03,1.082552e-02
3.377963e-01,8.742978e-03,1.363057e-01,2.847188e-02,4.736247e-03,2.511038e-01,7.244825e-02,6.250352e-02,3.791142e-03,8.495012e-04,5.161951e-03,1.762144e-02,6.092719e-02,1.158081e-03,8.382132e-03
2.536550e-01,6.473802e-03,1.686124e-01,2.916006e-02,3.777906e-03,2.801603e-01,8.330891e-02,8.442627e-02,2.896354e-03,6.468249e-04,3.826489e-03,1.340159e-02,6.202254e-02,9.563837e-04,6.675198e-03
2.145971e-01,4.691744e-03,1.465503e-01,2.244492e-02,3.076453e-03,2.966282e-01,1.257842e-01,1.129427e-01,2.123765e-03,4.949654e-04,2.780878e-03,1.019127e-02,5.183991e-02,7.564204e-04,5.097109e-03
2.046697e-01,3.436663e-03,1.278923e-01,1.860759e-02,2.617885e-03,2.957430e-01,1.588195e-01,1.273415e-01,1.594289e-03,4.237474e-04,2.032644e-03,8.030753e-03,4.425885e-02,6.047407e-04,3.926842e-03
2.126934e-01,2.607209e-03,9.952249e-02,1.648737e-02,2.252577e-03,2.989007e-01,1.670646e-01,1.512376e-01,1.236082e-03,4.438323e-04,1.591425e-03,6.864728e-03,3.512938e-02,5.387205e-04,3.429893e-03
2.454179e-01,2.146269e-03,8.046079e-02,1.550834e-02,2.178612e-03,2.856733e-01,1.606054e-01,1.647094e-01,1.074876e-03,5.184849e-04,1.339581e-03,6.732995e-03,2.932413e-02,5.766299e-04,3.733377e-03
2.830557e-01,2.202905e-03,7.201122e-02,1.644828e-02,3.708161e-03,2.522362e-01,1.474679e-01,1.782864e-01,1.143943e-03,9.913668e-04,1.283817e-03,7.343401e-03,2.695046e-02,6.464279e-04,6.223807e-03
4.065540e-01,2.623204e-03,5.848290e-02,1.447040e-02,5.181529e-03,1.954146e-01,1.141288e-01,1.534507e-01,1.618157e-03,2.085874e-03,1.775362e-03,1.094817e-02,2.236861e-02,8.701171e-04,1.002760e-02
1.000000e+00,0.000000e+00,0.000000e+00,0.000000e+00,0.000000e+00,0.000000e+00,0.000000e+00,0.000000e+00,0.000000e+00,0.000000e+00,0.000000e+00,0.000000e+00,0.000000e+00,0.000000e+00,0.000000e+00
1.000000e+00,0.000000e+00,0.000000e+00,0.000000e+00,0.000000e+00,0.000000e+00,0.000000e+00,0.000000e+00,0.000000e+00,0.000000e+00,0.000000e+00,0.000000e+00,0.000000e+00,0.000000e+00,0.000000e+00
1.000000e+00,0.000000e+00,0.000000e+00,0.000000e+00,0.000000e+00,0.000000e+00,0.000000e+00,0.000000e+00,0.000000e+00,0.000000e+00,0.000000e+00,0.000000e+00,0.000000e+00,0.000000e+00,0.000000e+00
1.000000e+00,0.000000e+00,0.000000e+00,0.000000e+00,0.000000e+00,0.000000e+00,0.000000e+00,0.000000e+00,0.000000e+00,0.000000e+00,0.000000e+00,0.000000e+00,0.000000e+00,0.000000e+00,0.000000e+00
1.000000e+00,0.000000e+00,0.000000e+00,0.000000e+00,0.000000e+00,0.000000e+00,0.000000e+00,0.000000e+00,0.000000e+00,0.000000e+00,0.000000e+00,0.000000e+00,0.000000e+00,0.000000e+00,0.000000e+00
4.185970e-01,1.068756e-02,1.481993e-02,1.785291e-02,5.249079e-03,1.578928e-01,3.875268e-02,3.278002e-02,1.523902e-02,8.060121e-02,9.427663e-03,3.725542e-02,4.646682e-02,9.666287e-03,1.047117e-01
3.148321e-01,8.934015e-03,1.140521e-02,2.476760e-02,5.103626e-03,1.479556e-01,3.464641e-02,2.323330e-02,2.104840e-02,6.564075e-02,1.472238e-02,1.378774e-01,9.599268e-02,8.427780e-03,8.541289e-02
2.798727e-01,6.819444e-03,8.286787e-03,1.999953e-02,4.309592e-03,1.825245e-01,2.681031e-02,1.649116e-02,1.866672e-02,4.686127e-02,1.577702e-02,1.467125e-01,1.535147e-01,6.851379e-03,6.650250e-02
2.010208e-01,4.933752e-03,5.983927e-03,1.431890e-02,3.383529e-03,1.311106e-01,1.924518e-02,1.170221e-02,1.414434e-02,3.345284e-02,1.552382e-02,1.495456e-01,3.409381e-01,6.048283e-03,4.864825e-02
1.415007e-01,3.574241e-03,4.490482e-03,1.027109e-02,3.150658e-03,9.307319e-02,1.350966e-02,8.250320e-03,1.055983e-02,2.578680e-02,1.403026e-02,1.435723e-01,4.859521e-01,5.367490e-03,3.691096e-02
1.006934e-01,3.430740e-03,5.639595e-03,7.833194e-03,4.219612e-02,6.750876e-02,9.781103e-03,5.959806e-03,9.774819e-03,2.463107e-02,1.267549e-02,1.980550e-01,4.694943e-01,4.637347e-03,3.768926e-02
7.170039e-02,2.555807e-03,5.063521e-03,5.807126e-03,1.371584e-01,4.904062e-02,7.156334e-03,4.958177e-03,8.426921e-03,2.485527e-02,1.237777e-02,2.331676e-01,3.572522e-01,4.863215e-03,7.561666e-02
5.344069e-02,2.069694e-03,5.238448e-03,4.567956e-03,2.094986e-01,3.874759e-02,5.343570e-03,7.831144e-03,8.835917e-03,2.093024e-02,1.142185e-02,2.576791e-01,2.817676e-01,6.163066e-03,8.646452e-02
3.807820e-02,1.576348e-03,4.836411e-03,3.669408e-03,2.756892e-01,2.835775e-02,3.782736e-03,1.221049e-02,1.057562e-02,1.807930e-02,1.057459e-02,2.927530e-01,2.257038e-01,6.332606e-03,6.778052e-02
2.710946e-02,1.168397e-03,4.165947e-03,2.656091e-03,4.096179e-01,2.005746e-02,2.854855e-03,1.537058e-02,1.252990e-02,1.871689e-02,9.389412e-03,2.393255e-01,1.792308e-01,5.700332e-03,5.210657e-02
1.972314e-02,8.780709e-04,4.273948e-03,1.919915e-03,5.018210e-01,1.435275e-02,2.324100e-03,1.944399e-02,1.378790e-02,1.939944e-02,9.423838e-03,2.079348e-01,1.415409e-01,5.021510e-03,3.815472e-02
1.685525e-02,9.346404e-04,4.579003e-03,2.589436e-03,5.576667e-01,1.137734e-02,2.768617e-03,3.356885e-02,1.919362e-02,3.196100e-02,9.182582e-03,1.646549e-01,1.125892e-01,4.820161e-03,2.725879e-02
1.404188e-02,1.062949e-03,4.762835e-03,3.156343e-03,5.752869e-01,9.445312e-03,3.476650e-03,3.584319e-02,2.237031e-02,5.014821e-02,8.576119e-03,1.481270e-01,9.974992e-02,4.302320e-03,1.965007e-02
1.270301e-02,1.428023e-03,7.486843e-03,2.946681e-03,6.122177e-01,7.785568e-03,2.954943e-03,3.319604e-02,3.040493e-02,6.747993e-02,7.336411e-03,1.133359e-01,8.258086e-02,4.090277e-03,1.405293e-02
1.162337e-02,2.658884e-03,6.412760e-03,2.646692e-03,6.464223e-01,6.973693e-03,3.000145e-03,3.444717e-02,7.163247e-02,5.121649e-02,6.170201e-03,8.220996e-02,6.071226e-02,3.858807e-03,1.001490e-02
1.266287e-02,2.969102e-03,1.073398e-02,4.591447e-03,6.162466e-01,6.962012e-03,8.008454e-03,6.739991e-02,9.996364e-02,3.933921e-02,7.033382e-03,6.281047e-02,4.974023e-02,4.131193e-03,7.407479e-03
1.422290e-02,4.330792e-03,2.607434e-02,1.078581e-02,5.591859e-01,5.792782e-03,6.862178e-03,8.273044e-02,1.663583e-01,2.825340e-02,5.940364e-03,4.518105e-02,3.580675e-02,3.181055e-03,5.294053e-03
1.516196e-02,1.021721e-02,2.981115e-02,9.009757e-03,4.934449e-01,5.984161e-03,5.794441e-03,6.210255e-02,2.713865e-01,2.553320e-02,5.552309e-03,3.366015e-02,2.596843e-02,2.530258e-03,3.843129e-03
1.840049e-02,9.206258e-03,2.289546e-02,7.308831e-03,5.547122e-01,4.898993e-03,4.368163e-03,5.388556e-02,2.513670e-01,2.064526e-02,4.692245e-03,2.408906e-02,1.836051e-02,2.404425e-03,2.765620e-03
2.328352e-02,1.791959e-02,1.882470e-02,6.820507e-03,5.363194e-01,4.844688e-03,3.737260e-03,5.496068e-02,2.703114e-01,1.973945e-02,6.592087e-03,1.733942e-02,1.332546e-02,3.762875e-03,2.219047e-03
2.609752e-02,2.200860e-02,1.635339e-02,6.523380e-03,5.225528e-01,4.375505e-03,3.272383e-03,7.729875e-02,2.688317e-01,1.789466e-02,6.660565e-03,1.247488e-02,9.779716e-03,4.034659e-03,1.841537e-03
3.044092e-02,3.630966e-02,1.764055e-02,9.215956e-03,5.285612e-01,5.028195e-03,2.614987e-03,7.651395e-02,2.374780e-01,1.734428e-02,1.353644e-02,1.083950e-02,7.879741e-03,4.730888e-03,1.865796e-03
3.589725e-02,4.073681e-02,1.330411e-02,2.326879e-02,4.497802e-01,6.811752e-03,2.514095e-03,1.548001e-01,2.294137e-01,1.302588e-02,1.017390e-02,8.326707e-03,6.063245e-03,3.517051e-03,2.366507e-03
4.711350e-02,6.572183e-02,1.461858e-02,3.503665e-02,3.667862e-01,1.102211e-02,2.325190e-03,1.871837e-01,2.310977e-01,1.113386e-02,8.630741e-03,6.518765e-03,5.646545e-03,2.924163e-03,4.240534e-03
5.459993e-02,5.685488e-02,1.295553e-02,4.432909e-02,3.426958e-01,1.407521e-02,2.914382e-03,1.425700e-01,2.946820e-01,8.925331e-03,7.794381e-03,5.625200e-03,6.368909e-03,2.216070e-03,3.393319e-03
6.792651e-02,4.930002e-02,1.069470e-02,4.466271e-02,3.173897e-01,1.561619e-02,2.568801e-03,1.061882e-01,3.571414e-01,7.005319e-03,6.553220e-03,4.650074e-03,5.719070e-03,1.781101e-03,2.802955e-03
1.200897e-01,5.043168e-02,9.866424e-03,4.163348e-02,2.459811e-01,2.035472e-02,3.467654e-03,7.864457e-02,3.994369e-01,5.731734e-03,6.053300e-03,5.912733e-03,6.419444e-03,1.881620e-03,4.094915e-03
1.142182e-01,4.329684e-02,6.534945e-02,9.846431e-02,1.822035e-01,2.002239e-02,2.847498e-03,7.539132e-02,3.716305e-01,5.052874e-03,5.097049e-03,5.496288e-03,5.350532e-03,1.618674e-03,3.960653e-03
1.375178e-01,3.500367e-02,6.721536e-02,9.072930e-02,1.762633e-01,2.925250e-02,9.915566e-03,1.370407e-01,2.941422e-01,4.323197e-03,5.323335e-03,4.247036e-03,4.399197e-03,1.301281e-03,3.325633e-03
2.036719e-01,2.774259e-02,6.453820e-02,7.694805e-02,1.486732e-01,4.709884e-02,1.189915e-02,1.657396e-01,2.279481e-01,3.936828e-03,6.382375e-03,4.650409e-03,5.908302e-03,1.246879e-03,3.615619e-03
2.362176e-01,2.074962e-02,5.294906e-02,5.707413e-02,1.098591e-01,6.076121e-02,3.998047e-02,2.228875e-01,1.706339e-01,3.281007e-03,5.851822e-03,4.797040e-03,1.041481e-02,1.051814e-03,3.490845e-03
2.614924e-01,1.588297e-02,4.539913e-02,4.171195e-02,8.065052e-02,6.293146e-02,4.874954e-02,2.891524e-01,1.234923e-01,3.087146e-03,4.566260e-03,5.212010e-03,1.329576e-02,9.432117e-04,3.432937e-03
2.214737e-01,1.177763e-02,4.311401e-02,3.149078e-02,5.822586e-02,5.625115e-02,6.578257e-02,3.891697e-01,8.805139e-02,2.524291e-03,3.463231e-03,5.111380e-03,1.955381e-02,7.878942e-04,3.222691e-03
2.175370e-01,8.787794e-03,3.405149e-02,2.373453e-02,4.277289e-02,5.420259e-02,6.546403e-02,4.507037e-01,6.379364e-02,2.058327e-03,2.830259e-03,6.745295e-03,2.274748e-02,8.219272e-04,3.749198e-03
1.858607e-01,6.301327e-03,2.781752e-02,1.755399e-02,3.151122e-02,4.171723e-02,8.136093e-02,5.311514e-01,4.527738e-02,1.683319e-03,2.202873e-03,5.715013e-03,1.778399e-02,6.772906e-04,3.385833e-03
1.471967e-01,4.487184e-03,2.133082e-02,1.291851e-02,2.327643e-02,3.090127e-02,7.514147e-02,6.289862e-01,3.195368e-02,1.291518e-03,1.667418e-03,4.439518e-03,1.323976e-02,5.259417e-04,2.643737e-03
1.474259e-01,3.395741e-03,1.657961e-02,9.675266e-03,1.818424e-02,2.627189e-02,7.030949e-02,6.609490e-01,2.258913e-02,1.203858e-03,1.606447e-03,4.731191e-03,1.303978e-02,5.922595e-04,3.446275e-03
1.719817e-01,2.651823e-03,1.371524e-02,7.530389e-03,1.528376e-02,2.315369e-02,5.941751e-02,6.648089e-01,1.618785e-02,1.253076e-03,1.642673e-03,5.984772e-03,1.158891e-02,6.488741e-04,4.150942e-03
1.901000e-01,2.086477e-03,1.258006e-02,6.532023e-03,1.275712e-02,1.875588e-02,5.205253e-02,6.695544e-01,1.166471e-02,1.511988e-03,1.620035e-03,5.969811e-03,9.494560e-03,6.835202e-04,4.637019e-03
2.179941e-01,1.662811e-03,1.056577e-02,5.723599e-03,1.238864e-02,1.432291e-02,4.372410e-02,6.641038e-01,8.412527e-03,1.604561e-03,1.455470e-03,4.998781e-03,7.628090e-03,6.191161e-04,4.795844e-03
2.485161e-01,1.311531e-03,8.908167e-03,4.966849e-03,1.214178e-02,1.125137e-02,4.010590e-02,6.492568e-01,6.149990e-03,1.348013e-03,1.212321e-03,4.242415e-03,6.093268e-03,5.030810e-04,3.992491e-03
2.861989e-01,1.324628e-03,7.403691e-03,4.181808e-03,1.224852e-02,9.896060e-03,3.314807e-02,6.229469e-01,4.613530e-03,1.388745e-03,1.279827e-03,4.696702e-03,5.804427e-03,4.758093e-04,4.392490e-03
3.178608e-01,1.369281e-03,6.380404e-03,3.723412e-03,1.395029e-02,8.759140e-03,2.965376e-02,5.958679e-01,3.693772e-03,1.420417e-03,1.384873e-03,5.111703e-03,5.793759e-03,4.693168e-04,4.561223e-03
2.491313e-01,3.881599e-03,5.801495e-03,1.753758e-02,1.271413e-02,2.048247e-02,2.286502e-02,4.596725e-01,1.549925e-02,8.734402e-03,6.761933e-03,1.954094e-02,1.060307e-01,2.265445e-03,4.908138e-02
1.858998e-01,1.111526e-02,5.349769e-03,6.979962e-02,1.084525e-02,1.628124e-02,1.716299e-02,3.261910e-01,7.232574e-02,2.971292e-02,9.868372e-03,3.370930e-02,1.059902e-01,2.160872e-03,1.035877e-01
1.528759e-01,1.865841e-02,4.839095e-03,7.566234e-02,8.837170e-03,1.407451e-02,1.367290e-02,2.342908e-01,1.040995e-01,4.004101e-02,1.778512e-02,3.730486e-02,1.206023e-01,2.142526e-03,1.551136e-01
1.485749e-01,1.931041e-02,4.834384e-03,6.657086e-02,9.849258e-03,1.878564e-02,1.337262e-02,1.684795e-01,1.987027e-01,2.999536e-02,2.181358e-02,3.314378e-02,1.100745e-01,2.704543e-03,1.537880e-01
1.520661e-01,2.193007e-02,8.742791e-03,1.070143e-01,1.146857e-02,1.803571e-02,1.158492e-02,1.205828e-01,2.001812e-01,2.558867e-02,1.980546e-02,4.480063e-02,9.443387e-02,2.944797e-03,1.608201e-01
1.814546e-01,2.778764e-02,7.824936e-03,9.214337e-02,1.007727e-02,1.425911e-02,9.050866e-03,8.530735e-02,2.291811e-01,2.463884e-02,2.044953e-02,4.859436e-02,8.502008e-02,5.676437e-03,1.585345e-01
2.296853e-01,4.141594e-02,8.872061e-03,7.772806e-02,8.590166e-03,1.489352e-02,6.743996e-03,6.084843e-02,2.405253e-01,2.031350e-02,1.756876e-02,5.764863e-02,6.942290e-02,7.345139e-03,1.383984e-01
2.599547e-01,5.414302e-02,1.153432e-02,6.542848e-02,7.344062e-03,1.337670e-02,5.111080e-03,4.431669e-02,2.407345e-01,1.938782e-02,1.564570e-02,6.405757e-02,5.812268e-02,8.389896e-03,1.324529e-01
3.727877e-01,5.136594e-02,1.485216e-02,4.865521e-02,7.235443e-03,1.136860e-02,4.051223e-03,3.363265e-02,2.264716e-01,1.477064e-02,1.354748e-02,5.144898e-02,4.448476e-02,7.235904e-03,9.809176e-02
4.606035e-01,4.633845e-02,1.182449e-02,4.287173e-02,6.850444e-03,1.365551e-02,3.334722e-03,2.669776e-02,1.830079e-01,1.112389e-02,1.392314e-02,6.299316e-02,3.714175e-02,5.887015e-03,7.374656e-02
4.906049e-01,4.128309e-02,1.062224e-02,3.347857e-02,9.411196e-03,1.437249e-02,3.591204e-03,2.597115e-02,1.953446e-01,8.715018e-03,1.408775e-02,5.789375e-02,3.378636e-02,5.106797e-03,5.573098e-02
4.911679e-01,3.918724e-02,9.139927e-03,3.185036e-02,9.382251e-03,1.609634e-02,3.499704e-03,2.183840e-02,2.086678e-01,7.592502e-03,1.841787e-02,5.954365e-02,3.255967e-02,4.690385e-03,4.636598e-02
4.996602e-01,3.469601e-02,7.323347e-03,2.877934e-02,9.724949e-03,1.861001e-02,3.365505e-03,2.041841e-02,2.035466e-01,6.336380e-03,2.407720e-02,5.994566e-02,4.160409e-02,4.120944e-03,3.779132e-02
1.000000e+00,0.000000e+00,0.000000e+00,0.000000e+00,0.000000e+00,0.000000e+00,0.000000e+00,0.000000e+00,0.000000e+00,0.000000e+00,0.000000e+00,0.000000e+00,0.000000e+00,0.000000e+00,0.000000e+00
1.000000e+00,0.000000e+00,0.000000e+00,0.000000e+00,0.000000e+00,0.000000e+00,0.000000e+00,0.000000e+00,0.000000e+00,0.000000e+00,0.000000e+00,0.000000e+00,0.000000e+00,0.000000e+00,0.000000e+00
1.000000e+00,0.000000e+00,0.000000e+00,0.000000e+00,0.000000e+00,0.000000e+00,0.000000e+00,0.000000e+00,0.000000e+00,0.000000e+00,0.000000e+00,0.000000e+00,0.000000e+00,0.000000e+00,0.000000e+00
1.000000e+00,0.000000e+00,0.000000e+00,0.000000e+00,0.000000e+00,0.000000e+00,0.000000e+00,0.000000e+00,0.000000e+00,0.000000e+00,0.000000e+00,0.000000e+00,0.000000e+00,0.000000e+00,0.000000e+00
1.000000e+00,0.000000e+00,0.000000e+00,0.000000e+00,0.000000e+00,0.000000e+00,0.000000e+00,0.000000e+00,0.000000e+00,0.000000e+00,0.000000e+00,0.000000e+00,0.000000e+00,0.000000e+00,0.000000e+00
1.000000e+00,0.000000e+00,0.000000e+00,0.000000e+00,0.000000e+00,0.000000e+00,0.000000e+00,0.000000e+00,0.000000e+00,0.000000e+00,0.000000e+00,0.000000e+00,0.000000e+00,0.000000e+00,0.000000e+00
1.000000e+00,0.000000e+00,0.000000e+00,0.000000e+00,0.000000e+00,0.000000e+00,0.000000e+00,0.000000e+00,0.000000e+00,0.000000e+00,0.000000e+00,0.000000e+00,0.000000e+00,0.000000e+00,0.000000e+00
1.000000e+00,0.000000e+00,0.000000e+00,0.000000e+00,0.000000e+00,0.000000e+00,0.000000e+00,0.000000e+00,0.000000e+00,0.000000e+00,0.000000e+00,0.000000e+00,0.000000e+00,0.000000e+00,0.000000e+00
1.000000e+00,0.000000e+00,0.000000e+00,0.000000e+00,0.000000e+00,0.000000e+00,0.000000e+00,0.000000e+00,0.000000e+00,0.000000e+00,0.000000e+00,0.000000e+00,0.000000e+00,0.000000e+00,0.000000e+00
1.000000e+00,0.000000e+00,0.000000e+00,0.000000e+00,0.000000e+00,0.000000e+00,0.000000e+00,0.000000e+00,0.000000e+00,0.000000e+00,0.000000e+00,0.000000e+00,0.000000e+00,0.000000e+00,0.000000e+00
1.000000e+00,0.000000e+00,0.000000e+00,0.000000e+00,0.000000e+00,0.000000e+00,0.000000e+00,0.000000e+00,0.000000e+00,0.000000e+00,0.000000e+00,0.000000e+00,0.000000e+00,0.000000e+00,0.000000e+00
1.000000e+00,0.000000e+00,0.000000e+00,0.000000e+00,0.000000e+00,0.000000e+00,0.000000e+00,0.000000e+00,0.000000e+00,0.000000e+00,0.000000e+00,0.000000e+00,0.000000e+00,0.000000e+00,0.000000e+00
1.000000e+00,0.000000e+00,0.000000e+00,0.000000e+00,0.000000e+00,0.000000e+00,0.000000e+00,0.000000e+00,0.000000e+00,0.000000e+00,0.000000e+00,0.000000e+00,0.000000e+00,0.000000e+00,0.000000e+00
1.000000e+00,0.000000e+00,0.000000e+00,0.000000e+00,0.000000e+00,0.000000e+00,0.000000e+00,0.000000e+00,0.000000e+00,0.000000e+00,0.000000e+00,0.000000e+00,0.000000e+00,0.000000e+00,0.000000e+00
3.735162e-01,1.067676e-02,2.938458e-03,1.623771e-02,2.747379e-02,4.822266e-01,1.129375e-03,7.233296e-03,3.922004e-02,3.659009e-03,1.107028e-02,1.110084e-02,4.018454e-03,3.679668e-03,5.819461e-03
2.627140e-01,8.876128e-03,2.097449e-03,1.228451e-02,1.946772e-02,5.890691e-01,8.807881e-04,5.226125e-03,5.197383e-02,7.909743e-03,1.116517e-02,7.891404e-03,3.128141e-03,6.498603e-03,1.081724e-02
1.861268e-01,6.896730e-03,1.489273e-03,9.274789e-03,1.383825e-02,5.086039e-01,6.949668e-04,3.868049e-03,1.986128e-01,2.370981e-02,1.282222e-02,5.676457e-03,2.647083e-03,1.178841e-02,1.395050e-02
1.309979e-01,4.887898e-03,1.045645e-03,6.542379e-03,9.737507e-03,3.583591e-01,5.089932e-04,2.738450e-03,4.004723e-01,3.519687e-02,1.388335e-02,4.028706e-03,1.908055e-03,1.678826e-02,1.290458e-02
9.583578e-02,3.484002e-03,7.434018e-04,4.601420e-03,6.883729e-03,2.527955e-01,4.753307e-04,1.991476e-03,3.683439e-01,1.767488e-01,1.726680e-02,3.054169e-03,1.965712e-03,4.767840e-02,1.813151e-02
8.645874e-02,3.061280e-03,8.019826e-04,3.527030e-03,5.264349e-03,1.874973e-01,1.270723e-03,2.111279e-03,3.534087e-01,2.044479e-01,1.911167e-02,3.141646e-03,2.478282e-03,1.038795e-01,2.353959e-02
6.100419e-02,2.702490e-03,6.173698e-04,2.491395e-03,4.221373e-03,1.335922e-01,9.797117e-04,1.532424e-03,3.601694e-01,1.583520e-01,1.999651e-02,2.362833e-03,2.369325e-03,1.855472e-01,6.406159e-02
4.679321e-02,2.287318e-03,5.471937e-04,1.828148e-03,5.881490e-03,9.786856e-02,1.112798e-03,1.573843e-03,3.254922e-01,1.196637e-01,2.273758e-02,2.613299e-03,3.105972e-03,3.159629e-01,5.253188e-02
4.026462e-02,1.969658e-03,4.853332e-04,1.403356e-03,5.199557e-03,7.021024e-02,9.631340e-04,1.531811e-03,2.755779e-01,9.759713e-02,2.247208e-02,3.520804e-03,3.531885e-03,4.305682e-01,4.470428e-02
3.081746e-02,3.549336e-03,1.576478e-03,3.230363e-03,5.581843e-03,5.104217e-02,7.814917e-04,1.717660e-03,3.083045e-01,7.476692e-02,2.374417e-02,4.674472e-03,6.191159e-03,4.472919e-01,3.673004e-02
2.389703e-02,6.997875e-03,2.456225e-03,3.197107e-03,4.548708e-03,3.950565e-02,6.468453e-04,1.424542e-03,2.634871e-01,5.761933e-02,2.171900e-02,5.129230e-03,7.112445e-03,5.334626e-01,2.879633e-02
1.952094e-02,1.648585e-02,5.869029e-03,2.712420e-03,5.344326e-03,2.998205e-02,5.937819e-04,1.290535e-03,2.409917e-01,5.602743e-02,1.914547e-02,5.078577e-03,5.492717e-03,5.638885e-01,2.757671e-02
1.588180e-02,1.840613e-02,7.896512e-03,2.289827e-03,5.968928e-03,2.565313e-02,5.032149e-04,1.050213e-03,2.295086e-01,5.028544e-02,1.570772e-02,4.288890e-03,4.225404e-03,5.760682e-01,4.226596e-02
1.567896e-02,1.607943e-02,1.134139e-02,2.108578e-03,5.457153e-03,2.156653e-02,3.966875e-04,8.458403e-04,2.273149e-01,4.226635e-02,1.312367e-02,3.628108e-03,3.336040e-03,5.756499e-01,6.120644e-02
2.587021e-02,1.485717e-02,1.014491e-01,1.022032e-02,6.977658e-03,2.314297e-02,5.502626e-04,1.491117e-03,2.294468e-01,4.804461e-02,1.261069e-02,3.480580e-03,3.161966e-03,4.460844e-01,7.261212e-02
2.960676e-02,1.279273e-02,8.823209e-02,8.169685e-03,7.948990e-03,2.177952e-02,4.616820e-04,1.295967e-03,2.228374e-01,4.260937e-02,1.106291e-02,2.934641e-03,2.593356e-03,4.722487e-01,7.542626e-02
2.598699e-02,1.711337e-02,6.845560e-02,1.295407e-02,6.872021e-03,1.998110e-02,4.132398e-04,1.204585e-03,2.299677e-01,3.966279e-02,1.207982e-02,2.672093e-03,2.905864e-03,4.453134e-01,1.144174e-01
4.277977e-02,1.711993e-02,5.249529e-02,1.086074e-02,6.670166e-03,2.075599e-02,3.672057e-04,1.061241e-03,2.779748e-01,3.551067e-02,1.203504e-02,2.694494e-03,4.013343e-03,3.793956e-01,1.362657e-01
5.667449e-02,1.420847e-02,3.913329e-02,8.345778e-03,1.296240e-02,1.708924e-02,3.261237e-04,1.226537e-03,3.669048e-01,3.218553e-02,1.072345e-02,2.257801e-03,3.339490e-03,3.313356e-01,1.032870e-01
9.976654e-02,1.137840e-02,3.328864e-02,1.067678e-02,1.757842e-02,1.411780e-02,4.960428e-04,1.280835e-02,4.133690e-01,3.298796e-02,1.030438e-02,2.476732e-03,3.323158e-03,2.579132e-01,7.951459e-02
1.091736e-01,1.067016e-02,3.741361e-02,4.040369e-02,2.442024e-02,1.245084e-02,9.578411e-04,1.256189e-02,4.382603e-01,3.531992e-02,9.677879e-03,2.317346e-03,3.312378e-03,1.947689e-01,6.829149e-02
1.139030e-01,1.958803e-02,3.436716e-02,4.380509e-02,2.377309e-02,1.179684e-02,1.718625e-03,6.463812e-02,4.339321e-01,2.952868e-02,8.072798e-03,1.918354e-03,4.061516e-03,1.561628e-01,5.273383e-02
9.099729e-02,1.640853e-02,2.908392e-02,4.050499e-02,2.213562e-02,9.280980e-03,1.529457e-03,2.580108e-01,3.426903e-01,2.269773e-02,6.866578e-03,1.953215e-03,3.541363e-03,1.146357e-01,3.966353e-02
1.534813e-01,1.283801e-02,2.819186e-02,1.416924e-01,2.772985e-02,1.134768e-02,1.801694e-03,1.903170e-01,2.837211e-01,1.813714e-02,6.436559e-03,1.868101e-03,3.882710e-03,8.765467e-02,3.089987e-02
1.642883e-01,1.324673e-02,3.733992e-02,2.321707e-01,4.892682e-02,1.798861e-02,2.067699e-03,1.384936e-01,2.278140e-01,1.551680e-02,5.389210e-03,1.591246e-03,3.001181e-03,6.381656e-02,2.834865e-02
1.458690e-01,1.666216e-02,3.879371e-02,2.497316e-01,8.299346e-02,1.722040e-02,2.294706e-03,1.033410e-01,2.407332e-01,1.302402e-02,4.576540e-03,1.436910e-03,2.426406e-03,5.015374e-02,3.074319e-02
1.066407e-01,1.242856e-02,2.863791e-02,4.347168e-01,7.727337e-02,1.650011e-02,1.886550e-03,7.653535e-02,1.713291e-01,9.681323e-03,4.134686e-03,1.047997e-03,1.783141e-03,3.531305e-02,2.209135e-02
8.254150e-02,9.274967e-03,2.442177e-02,3.257110e-01,1.851308e-01,2.321422e-02,2.032359e-03,1.717159e-01,1.235687e-01,6.834863e-03,3.105447e-03,7.825207e-04,1.425353e-03,2.474085e-02,1.549981e-02
6.462735e-02,6.601723e-03,1.886941e-02,2.338921e-01,1.449029e-01,1.827192e-02,3.872361e-03,3.846937e-01,8.681671e-02,4.864211e-03,2.731059e-03,5.699317e-04,1.085627e-03,1.732476e-02,1.087624e-02
5.061691e-02,4.701833e-03,1.451597e-02,1.663671e-01,1.235467e-01,1.512011e-02,5.247072e-03,5.311052e-01,6.084068e-02,3.471665e-03,2.890697e-03,4.703530e-04,1.203657e-03,1.213968e-02,7.762412e-03
4.158940e-02,3.353106e-03,1.072214e-02,1.182328e-01,1.102612e-01,1.166355e-02,5.063759e-03,6.355374e-01,4.263374e-02,2.470115e-03,2.973570e-03,4.037447e-04,1.045965e-03,8.506654e-03,5.542879e-03
4.340439e-02,2.396313e-03,8.219652e-03,8.413543e-02,1.040007e-01,2.817917e-02,4.449771e-03,6.755041e-01,3.058968e-02,1.913834e-03,4.407178e-03,8.738097e-04,1.869096e-03,5.983674e-03,4.073123e-03
4.151820e-02,1.840182e-03,7.078537e-03,6.185622e-02,1.619709e-01,6.849261e-02,3.622412e-03,6.138672e-01,2.215841e-02,1.824208e-03,4.854050e-03,1.237835e-03,2.231498e-03,4.251861e-03,3.195868e-03
3.402198e-02,5.915938e-03,6.529344e-03,4.576093e-02,2.849433e-01,1.316703e-01,3.154064e-03,4.573614e-01,1.623724e-02,1.421287e-03,3.978806e-03,1.336081e-03,2.024983e-03,3.089424e-03,2.554970e-03
3.196347e-02,9.376253e-03,9.084799e-03,3.490978e-02,3.521774e-01,2.029307e-01,2.737529e-03,3.330813e-01,1.164817e-02,1.137338e-03,3.356092e-03,1.408755e-03,1.725953e-03,2.325122e-03,2.137240e-03
2.849831e-02,9.556379e-03,9.198850e-03,2.688142e-02,3.269542e-01,3.346255e-01,2.046817e-03,2.427557e-01,8.330603e-03,9.338512e-04,3.371234e-03,1.913863e-03,1.443141e-03,1.739968e-03,1.750163e-03
4.196196e-02,8.418047e-03,9.409106e-03,2.091564e-02,3.079857e-01,3.771735e-01,2.436933e-03,2.138939e-01,6.338100e-03,8.156944e-04,2.906576e-03,3.031953e-03,1.714118e-03,1.311508e-03,1.687270e-03
7.262719e-02,7.643922e-03,7.993442e-03,1.698766e-02,2.847076e-01,4.090793e-01,2.603995e-03,1.787665e-01,5.111299e-03,8.594249e-04,3.083409e-03,5.632163e-03,2.156536e-03,1.079289e-03,1.668320e-03
1.498930e-01,6.768220e-03,7.490949e-03,1.444931e-02,2.754312e-01,3.649834e-01,3.286873e-03,1.518208e-01,4.149457e-03,8.561850e-04,3.710666e-03,1.020403e-02,3.505999e-03,1.280432e-03,2.169450e-03
1.132460e-01,5.530030e-03,5.796389e-03,1.035772e-02,1.949480e-01,5.338312e-01,2.538563e-03,1.068265e-01,3.026971e-03,7.205409e-04,4.270354e-03,1.359394e-02,2.640344e-03,9.924946e-04,1.681044e-03
7.951452e-02,4.065394e-03,4.263429e-03,7.283681e-03,1.366376e-01,6.624388e-01,1.806329e-03,7.480787e-02,2.150753e-03,5.617435e-04,5.109061e-03,1.739372e-02,1.915583e-03,8.159904e-04,1.235568e-03
5.630277e-02,2.976908e-03,3.390827e-03,5.147805e-03,9.576519e-02,6.884321e-01,1.710053e-03,5.243319e-02,1.587530e-03,4.649084e-04,6.890248e-03,8.189907e-02,1.432993e-03,6.285423e-04,9.378545e-04
3.994454e-02,2.229595e-03,2.632360e-03,3.656895e-03,6.709588e-02,6.509237e-01,1.520374e-03,3.676002e-02,1.228961e-03,3.946525e-04,6.038639e-03,1.853240e-01,1.069766e-03,4.849782e-04,6.955657e-04
2.800213e-02,1.646524e-03,1.960628e-03,2.585338e-03,4.712294e-02,4.978323e-01,1.131769e-03,2.574953e-02,9.786607e-04,4.349652e-04,5.100134e-03,3.856988e-01,8.055033e-04,4.503931e-04,5.003443e-04
1.965554e-02,1.204083e-03,1.547579e-03,1.828555e-03,3.317309e-02,3.556376e-01,9.667677e-04,1.806366e-02,7.855320e-04,1.764235e-03,5.162363e-03,5.586646e-01,6.824872e-04,5.002288e-04,3.637154e-04
1.380035e-02,8.615473e-04,1.275541e-03,1.302515e-03,2.431447e-02,2.503080e-01,8.281072e-04,1.269481e-02,7.537266e-04,1.936119e-03,4.627286e-03,6.858845e-01,5.979774e-04,5.240521e-04,2.909271e-04
9.719627e-03,6.496556e-04,2.073002e-03,9.338486e-04,2.622807e-02,1.756696e-01,6.464082e-04,8.985540e-03,7.353967e-04,2.934388e-03,4.113053e-03,7.654421e-01,6.212606e-04,9.879542e-04,2.599609e-04
7.086611e-03,7.411749e-04,6.392675e-03,6.773953e-04,5.490739e-02,1.246011e-01,5.788623e-04,6.507011e-03,8.545150e-04,5.195872e-03,3.878888e-03,7.860039e-01,6.158294e-04,1.722213e-03,2.363591e-04
5.949093e-03,6.014738e-04,5.509717e-03,4.944667e-04,9.835035e-02,8.766702e-02,6.521974e-04,4.951613e-03,8.854269e-04,1.860470e-02,3.504405e-03,7.686208e-01,8.084243e-04,3.068884e-03,3.312830e-04
7.688294e-03,5.709869e-04,5.020351e-03,3.828550e-04,1.538776e-01,6.243076e-02,1.294399e-03,4.306504e-03,1.172877e-03,3.935033e-02,6.639330e-03,7.107147e-01,9.742767e-04,5.257334e-03,3.193082e-04
9.840936e-03,5.282463e-04,5.374428e-03,3.128196e-04,2.545950e-01,4.633478e-02,2.144966e-03,4.796909e-03,2.168421e-03,5.057484e-02,6.130879e-03,6.104310e-01,1.105887e-03,5.245664e-03,4.151642e-04
8.142542e-03,4.234855e-04,4.351578e-03,2.337879e-04,4.004148e-01,4.084334e-02,2.709405e-03,4.907818e-03,6.353836e-03,4.003073e-02,4.960648e-03,4.806410e-01,1.102341e-03,4.532043e-03,3.525798e-04
7.381944e-03,3.900740e-04,3.776313e-03,1.909130e-04,4.925450e-01,5.307814e-02,3.824823e-03,5.505275e-03,1.111889e-02,3.349829e-02,5.074491e-03,3.765438e-01,2.168453e-03,4.558670e-03,3.448336e-04
6.375746e-03,3.507205e-04,2.857044e-03,1.784596e-04,5.505794e-01,4.105167e-02,3.886328e-03,5.251068e-03,2.005571e-02,2.836698e-02,6.635123e-03,3.259857e-01,3.199916e-03,4.783642e-03,4.424839e-04
1.120684e-02,8.100726e-04,3.684842e-03,1.526074e-03,4.931461e-01,3.576405e-02,4.901023e-03,6.811743e-03,2.744927e-02,2.197017e-02,1.739253e-02,3.580648e-01,8.162727e-03,8.555492e-03,5.542160e-04
1.696862e-02,1.306933e-03,3.751251e-03,1.667515e-03,4.112939e-01,3.248304e-02,4.468992e-03,8.740054e-03,4.524065e-02,1.763681e-02,2.481074e-02,4.040310e-01,1.685710e-02,9.936949e-03,8.064108e-04
2.874411e-02,2.153920e-03,3.525343e-03,2.787447e-03,3.547007e-01,3.009095e-02,3.725399e-03,1.207922e-02,8.196202e-02,1.570392e-02,2.973565e-02,4.053989e-01,1.680564e-02,1.162965e-02,9.570309e-04
4.813010e-02,3.323744e-03,3.337978e-03,3.042397e-03,3.012084e-01,3.176391e-02,3.801688e-03,1.958201e-02,1.030497e-01,1.704191e-02,4.700956e-02,3.889761e-01,1.654592e-02,1.178375e-02,1.402805e-03
5.825563e-02,2.769784e-03,1.234505e-02,8.004543e-03,2.231698e-01,2.508348e-02,4.833362e-03,2.079499e-01,8.544832e-02,1.412940e-02,3.652465e-02,2.977330e-01,1.365659e-02,8.982463e-03,1.113903e-03
8.391981e-02,3.341375e-03,4.274933e-02,2.379878e-02,2.300655e-01,3.028906e-02,6.676411e-03,2.001480e-01,9.166381e-02,1.225369e-02,3.290280e-02,2.214543e-01,1.055422e-02,8.758640e-03,1.424238e-03
1.098039e-01,5.290329e-03,4.571603e-02,2.796086e-02,2.269596e-01,3.167335e-02,9.138310e-03,1.614117e-01,9.241103e-02,1.399046e-02,4.868952e-02,2.031745e-01,8.621573e-03,1.244898e-02,2.709822e-03
1.010445e-01,7.530045e-03,4.908549e-02,1.018768e-01,2.574184e-01,2.695084e-02,1.131092e-02,1.314186e-01,8.220827e-02,1.072739e-02,4.918063e-02,1.517643e-01,6.615045e-03,1.024018e-02,2.628637e-03
1.108187e-01,9.057127e-03,4.890264e-02,9.961376e-02,2.617558e-01,2.964481e-02,1.373283e-02,9.807920e-02,8.657164e-02,1.106251e-02,5.242245e-02,1.586055e-01,7.587079e-03,9.398506e-03,2.747456e-03
1.215380e-01,7.951197e-03,3.709259e-02,7.431850e-02,2.787836e-01,5.133878e-02,1.183845e-02,7.661248e-02,9.719707e-02,8.731773e-03,4.874144e-02,1.538784e-01,8.649800e-03,2.063330e-02,2.694626e-03
1.790358e-01,9.469512e-03,4.066155e-02,5.935821e-02,2.295293e-01,5.296725e-02,1.015124e-02,8.737069e-02,1.051325e-01,1.668741e-02,3.979870e-02,1.273470e-01,1.172968e-02,2.681377e-02,3.947414e-03
2.175605e-01,8.356562e-03,4.363592e-02,4.612163e-02,1.797396e-01,6.465247e-02,1.600470e-02,1.560709e-01,9.534937e-02,1.428897e-02,3.035463e-02,9.098832e-02,1.180372e-02,2.105565e-02,4.016947e-03
1.817033e-01,6.150656e-03,5.289281e-02,3.374768e-02,1.318166e-01,5.147287e-02,1.512247e-02,3.340855e-01,7.017970e-02,1.017769e-02,2.152966e-02,6.384885e-02,9.050271e-03,1.524818e-02,2.973899e-03
1.708030e-01,4.604413e-03,4.047775e-02,2.529878e-02,9.708750e-02,3.932979e-02,1.293260e-02,4.708142e-01,5.038953e-02,7.734062e-03,1.533799e-02,4.487060e-02,6.911991e-03,1.090922e-02,2.498597e-03
1.428539e-01,3.363715e-03,3.273395e-02,1.867827e-02,7.083620e-02,2.855906e-02,9.890678e-03,5.932280e-01,3.608804e-02,5.899106e-03,1.083073e-02,3.153425e-02,4.947793e-03,7.918692e-03,2.637653e-03
1.184669e-01,2.541054e-03,3.117949e-02,1.667443e-02,5.068379e-02,2.092850e-02,7.469587e-03,6.789974e-01,2.604877e-02,4.804104e-03,7.833178e-03,2.225264e-02,3.583721e-03,5.660807e-03,2.875637e-03
1.100347e-01,2.344652e-03,4.072890e-02,1.975841e-02,3.774290e-02,1.703297e-02,6.296082e-03,7.051501e-01,1.881615e-02,6.277654e-03,5.949027e-03,1.588934e-02,2.734570e-03,4.342048e-03,6.902519e-03
1.057957e-01,2.147601e-03,3.514473e-02,1.699305e-02,3.077211e-02,1.398072e-02,5.142199e-03,7.243284e-01,1.358059e-02,2.176947e-02,4.503855e-03,1.136194e-02,2.076996e-03,3.299667e-03,9.103064e-03
9.898663e-02,1.921656e-03,2.973958e-02,1.741477e-02,2.474512e-02,1.122547e-02,4.427568e-03,7.526046e-01,1.010980e-02,2.264427e-02,3.590537e-03,8.444638e-03,1.772018e-03,2.660128e-03,9.713253e-03
