1.000000e+00,0.000000e+00,0.000000e+00,0.000000e+00,0.000000e+00,0.000000e+00,0.000000e+00,0.000000e+00,0.000000e+00,0.000000e+00,0.000000e+00,0.000000e+00,0.000000e+00,0.000000e+00,0.000000e+00
1.000000e+00,0.000000e+00,0.000000e+00,0.000000e+00,0.000000e+00,0.000000e+00,0.000000e+00,0.000000e+00,0.000000e+00,0.000000e+00,0.000000e+00,0.000000e+00,0.000000e+00,0.000000e+00,0.000000e+00
1.000000e+00,0.000000e+00,0.000000e+00,0.000000e+00,0.000000e+00,0.000000e+00,0.000000e+00,0.000000e+00,0.000000e+00,0.000000e+00,0.000000e+00,0.000000e+00,0.000000e+00,0.000000e+00,0.000000e+00
1.000000e+00,0.000000e+00,0.000000e+00,0.000000e+00,0.000000e+00,0.000000e+00,0.000000e+00,0.000000e+00,0.000000e+00,0.000000e+00,0.000000e+00,0.000000e+00,0.000000e+00,0.000000e+00,0.000000e+00
1.000000e+00,0.000000e+00,0.000000e+00,0.000000e+00,0.000000e+00,0.000000e+00,0.000000e+00,0.000000e+00,0.000000e+00,0.000000e+00,0.000000e+00,0.000000e+00,0.000000e+00,0.000000e+00,0.000000e+00
1.000000e+00,0.000000e+00,0.000000e+00,0.000000e+00,0.000000e+00,0.000000e+00,0.000000e+00,0.000000e+00,0.000000e+00,0.000000e+00,0.000000e+00,0.000000e+00,0.000000e+00,0.000000e+00,0.000000e+00
1.000000e+00,0.000000e+00,0.000000e+00,0.000000e+00,0.000000e+00,0.000000e+00,0.000000e+00,0.000000e+00,0.000000e+00,0.000000e+00,0.000000e+00,0.000000e+00,0.000000e+00,0.000000e+00,0.000000e+00
1.000000e+00,0.000000e+00,0.000000e+00,0.000000e+00,0.000000e+00,0.000000e+00,0.000000e+00,0.000000e+00,0.000000e+00,0.000000e+00,0.000000e+00,0.000000e+00,0.000000e+00,0.000000e+00,0.000000e+00
1.000000e+00,0.000000e+00,0.000000e+00,0.000000e+00,0.000000e+00,0.000000e+00,0.000000e+00,0.000000e+00,0.000000e+00,0.000000e+00,0.000000e+00,0.000000e+00,0.000000e+00,0.000000e+00,0.000000e+00
1.000000e+00,0.000000e+00,0.000000e+00,0.000000e+00,0.000000e+00,0.000000e+00,0.000000e+00,0.000000e+00,0.000000e+00,0.000000e+00,0.000000e+00,0.000000e+00,0.000000e+00,0.000000e+00,0.000000e+00
1.000000e+00,0.000000e+00,0.000000e+00,0.000000e+00,0.000000e+00,0.000000e+00,0.000000e+00,0.000000e+00,0.000000e+00,0.000000e+00,0.000000e+00,0.000000e+00,0.000000e+00,0.000000e+00,0.000000e+00
1.000000e+00,0.000000e+00,0.000000e+00,0.000000e+00,0.000000e+00,0.000000e+00,0.000000e+00,0.000000e+00,0.000000e+00,0.000000e+00,0.000000e+00,0.000000e+00,0.000000e+00,0.000000e+00,0.000000e+00
1.000000e+00,0.000000e+00,0.000000e+00,0.000000e+00,0.000000e+00,0.000000e+00,0.000000e+00,0.000000e+00,0.000000e+00,0.000000e+00,0.000000e+00,0.000000e+00,0.000000e+00,0.000000e+00,0.000000e+00
1.000000e+00,0.000000e+00,0.000000e+00,0.000000e+00,0.000000e+00,0.000000e+00,0.000000e+00,0.000000e+00,0.000000e+00,0.000000e+00,0.000000e+00,0.000000e+00,0.000000e+00,0.000000e+00,0.000000e+00
1.000000e+00,0.000000e+00,0.000000e+00,0.000000e+00,0.000000e+00,0.000000e+00,0.000000e+00,0.000000e+00,0.000000e+00,0.000000e+00,0.000000e+00,0.000000e+00,0.000000e+00,0.000000e+00,0.000000e+00
1.000000e+00,0.000000e+00,0.000000e+00,0.000000e+00,0.000000e+00,0.000000e+00,0.000000e+00,0.000000e+00,0.000000e+00,0.000000e+00,0.000000e+00,0.000000e+00,0.000000e+00,0.000000e+00,0.000000e+00
1.000000e+00,0.000000e+00,0.000000e+00,0.000000e+00,0.000000e+00,0.000000e+00,0.000000e+00,0.000000e+00,0.000000e+00,0.000000e+00,0.000000e+00,0.000000e+00,0.000000e+00,0.000000e+00,0.000000e+00
1.000000e+00,0.000000e+00,0.000000e+00,0.000000e+00,0.000000e+00,0.000000e+00,0.000000e+00,0.000000e+00,0.000000e+00,0.000000e+00,0.000000e+00,0.000000e+00,0.000000e+00,0.000000e+00,0.000000e+00
1.000000e+00,0.000000e+00,0.000000e+00,0.000000e+00,0.000000e+00,0.000000e+00,0.000000e+00,0.000000e+00,0.000000e+00,0.000000e+00,0.000000e+00,0.000000e+00,0.000000e+00,0.000000e+00,0.000000e+00
1.000000e+00,0.000000e+00,0.000000e+00,0.000000e+00,0.000000e+00,0.000000e+00,0.000000e+00,0.000000e+00,0.000000e+00,0.000000e+00,0.000000e+00,0.000000e+00,0.000000e+00,0.000000e+00,0.000000e+00
1.000000e+00,0.000000e+00,0.000000e+00,0.000000e+00,0.000000e+00,0.000000e+00,0.000000e+00,0.000000e+00,0.000000e+00,0.000000e+00,0.000000e+00,0.000000e+00,0.000000e+00,0.000000e+00,0.000000e+00
1.000000e+00,0.000000e+00,0.000000e+00,0.000000e+00,0.000000e+00,0.000000e+00,0.000000e+00,0.000000e+00,0.000000e+00,0.000000e+00,0.000000e+00,0.000000e+00,0.000000e+00,0.000000e+00,0.000000e+00
1.000000e+00,0.000000e+00,0.000000e+00,0.000000e+00,0.000000e+00,0.000000e+00,0.000000e+00,0.000000e+00,0.000000e+00,0.000000e+00,0.000000e+00,0.000000e+00,0.000000e+00,0.000000e+00,0.000000e+00
1.000000e+00,0.000000e+00,0.000000e+00,0.000000e+00,0.000000e+00,0.000000e+00,0.000000e+00,0.000000e+00,0.000000e+00,0.000000e+00,0.000000e+00,0.000000e+00,0.000000e+00,0.000000e+00,0.000000e+00
1.000000e+00,0.000000e+00,0.000000e+00,0.000000e+00,0.000000e+00,0.000000e+00,0.000000e+00,0.000000e+00,0.000000e+00,0.000000e+00,0.000000e+00,0.000000e+00,0.000000e+00,0.000000e+00,0.000000e+00
1.000000e+00,0.000000e+00,0.000000e+00,0.000000e+00,0.000000e+00,0.000000e+00,0.000000e+00,0.000000e+00,0.000000e+00,0.000000e+00,0.000000e+00,0.000000e+00,0.000000e+00,0.000000e+00,0.000000e+00
1.000000e+00,0.000000e+00,0.000000e+00,0.000000e+00,0.000000e+00,0.000000e+00,0.000000e+00,0.000000e+00,0.000000e+00,0.000000e+00,0.000000e+00,0.000000e+00,0.000000e+00,0.000000e+00,0.000000e+00
1.000000e+00,0.000000e+00,0.000000e+00,0.000000e+00,0.000000e+00,0.000000e+00,0.000000e+00,0.000000e+00,0.000000e+00,0.000000e+00,0.000000e+00,0.000000e+00,0.000000e+00,0.000000e+00,0.000000e+00
1.000000e+00,0.000000e+00,0.000000e+00,0.000000e+00,0.000000e+00,0.000000e+00,0.000000e+00,0.000000e+00,0.000000e+00,0.000000e+00,0.000000e+00,0.000000e+00,0.000000e+00,0.000000e+00,0.000000e+00
1.000000e+00,0.000000e+00,0.000000e+00,0.000000e+00,0.000000e+00,0.000000e+00,0.000000e+00,0.000000e+00,0.000000e+00,0.000000e+00,0.000000e+00,0.000000e+00,0.000000e+00,0.000000e+00,0.000000e+00
1.000000e+00,0.000000e+00,0.000000e+00,0.000000e+00,0.000000e+00,0.000000e+00,0.000000e+00,0.000000e+00,0.000000e+00,0.000000e+00,0.000000e+00,0.000000e+00,0.000000e+00,0.000000e+00,0.000000e+00
1.000000e+00,0.000000e+00,0.000000e+00,0.000000e+00,0.000000e+00,0.000000e+00,0.000000e+00,0.000000e+00,0.000000e+00,0.000000e+00,0.000000e+00,0.000000e+00,0.000000e+00,0.000000e+00,0.000000e+00
1.000000e+00,0.000000e+00,0.000000e+00,0.000000e+00,0.000000e+00,0.000000e+00,0.000000e+00,0.000000e+00,0.000000e+00,0.000000e+00,0.000000e+00,0.000000e+00,0.000000e+00,0.000000e+00,0.000000e+00
1.000000e+00,0.000000e+00,0.000000e+00,0.000000e+00,0.000000e+00,0.000000e+00,0.000000e+00,0.000000e+00,0.000000e+00,0.000000e+00,0.000000e+00,0.000000e+00,0.000000e+00,0.000000e+00,0.000000e+00
1.000000e+00,0.000000e+00,0.000000e+00,0.000000e+00,0.000000e+00,0.000000e+00,0.000000e+00,0.000000e+00,0.000000e+00,0.000000e+00,0.000000e+00,0.000000e+00,0.000000e+00,0.000000e+00,0.000000e+00
1.000000e+00,0.000000e+00,0.000000e+00,0.000000e+00,0.000000e+00,0.000000e+00,0.000000e+00,0.000000e+00,0.000000e+00,0.000000e+00,0.000000e+00,0.000000e+00,0.000000e+00,0.000000e+00,0.000000e+00
1.000000e+00,0.000000e+00,0.000000e+00,0.000000e+00,0.000000e+00,0.000000e+00,0.000000e+00,0.000000e+00,0.000000e+00,0.000000e+00,0.000000e+00,0.000000e+00,0.000000e+00,0.000000e+00,0.000000e+00
4.949046e-01,2.702327e-02,1.300600e-02,2.792983e-01,1.208946e-02,1.505640e-02,4.515033e-03,2.724941e-02,1.101728e-02,2.036178e-03,2.454528e-02,6.099125e-02,1.110036e-02,2.573235e-03,1.459391e-02
4.783893e-01,3.350537e-02,1.430892e-02,2.809911e-01,1.257022e-02,1.649709e-02,4.644070e-03,2.428651e-02,1.478879e-02,2.288409e-03,2.763863e-02,5.630056e-02,1.283799e-02,2.760099e-03,1.819297e-02
1.000000e+00,0.000000e+00,0.000000e+00,0.000000e+00,0.000000e+00,0.000000e+00,0.000000e+00,0.000000e+00,0.000000e+00,0.000000e+00,0.000000e+00,0.000000e+00,0.000000e+00,0.000000e+00,0.000000e+00
4.196918e-01,3.860294e-02,5.214623e-02,2.859765e-01,1.808678e-02,1.856143e-02,5.414270e-03,3.797576e-02,1.619866e-02,2.146302e-03,2.307687e-02,4.524483e-02,1.432234e-02,2.829979e-03,1.972534e-02
3.780966e-01,4.742071e-02,5.806020e-02,3.049615e-01,2.279429e-02,1.953321e-02,5.757802e-03,3.793744e-02,1.643870e-02,2.568396e-03,2.091325e-02,4.361620e-02,1.479913e-02,3.325365e-03,2.377715e-02
3.995845e-01,5.722784e-02,5.615706e-02,2.625682e-01,2.467964e-02,2.185791e-02,6.317557e-03,3.357363e-02,1.670196e-02,3.267282e-03,2.128050e-02,4.296961e-02,1.605619e-02,5.109309e-03,3.264877e-02
4.685756e-01,5.886815e-02,4.376942e-02,2.105253e-01,2.241166e-02,2.201780e-02,6.299735e-03,2.691414e-02,1.612301e-02,3.398482e-03,1.872494e-02,4.139981e-02,1.865190e-02,6.012774e-03,3.630730e-02
3.776322e-01,7.259209e-02,5.213223e-02,3.123379e-01,1.959128e-02,1.810652e-02,5.482525e-03,2.586022e-02,1.372578e-02,2.637890e-03,1.551926e-02,3.239341e-02,1.529405e-02,4.999048e-03,3.169565e-02
4.303380e-01,6.363080e-02,5.759557e-02,2.592258e-01,1.906476e-02,2.031217e-02,5.615214e-03,2.300313e-02,1.189175e-02,2.559440e-03,1.912977e-02,3.455340e-02,1.770491e-02,5.182250e-03,3.019300e-02
1.000000e+00,0.000000e+00,0.000000e+00,0.000000e+00,0.000000e+00,0.000000e+00,0.000000e+00,0.000000e+00,0.000000e+00,0.000000e+00,0.000000e+00,0.000000e+00,0.000000e+00,0.000000e+00,0.000000e+00
1.000000e+00,0.000000e+00,0.000000e+00,0.000000e+00,0.000000e+00,0.000000e+00,0.000000e+00,0.000000e+00,0.000000e+00,0.000000e+00,0.000000e+00,0.000000e+00,0.000000e+00,0.000000e+00,0.000000e+00
1.000000e+00,0.000000e+00,0.000000e+00,0.000000e+00,0.000000e+00,0.000000e+00,0.000000e+00,0.000000e+00,0.000000e+00,0.000000e+00,0.000000e+00,0.000000e+00,0.000000e+00,0.000000e+00,0.000000e+00
1.000000e+00,0.000000e+00,0.000000e+00,0.000000e+00,0.000000e+00,0.000000e+00,0.000000e+00,0.000000e+00,0.000000e+00,0.000000e+00,0.000000e+00,0.000000e+00,0.000000e+00,0.000000e+00,0.000000e+00
1.000000e+00,0.000000e+00,0.000000e+00,0.000000e+00,0.000000e+00,0.000000e+00,0.000000e+00,0.000000e+00,0.000000e+00,0.000000e+00,0.000000e+00,0.000000e+00,0.000000e+00,0.000000e+00,0.000000e+00
1.000000e+00,0.000000e+00,0.000000e+00,0.000000e+00,0.000000e+00,0.000000e+00,0.000000e+00,0.000000e+00,0.000000e+00,0.000000e+00,0.000000e+00,0.000000e+00,0.000000e+00,0.000000e+00,0.000000e+00
1.000000e+00,0.000000e+00,0.000000e+00,0.000000e+00,0.000000e+00,0.000000e+00,0.000000e+00,0.000000e+00,0.000000e+00,0.000000e+00,0.000000e+00,0.000000e+00,0.000000e+00,0.000000e+00,0.000000e+00
1.000000e+00,0.000000e+00,0.000000e+00,0.000000e+00,0.000000e+00,0.000000e+00,0.000000e+00,0.000000e+00,0.000000e+00,0.000000e+00,0.000000e+00,0.000000e+00,0.000000e+00,0.000000e+00,0.000000e+00
1.000000e+00,0.000000e+00,0.000000e+00,0.000000e+00,0.000000e+00,0.000000e+00,0.000000e+00,0.000000e+00,0.000000e+00,0.000000e+00,0.000000e+00,0.000000e+00,0.000000e+00,0.000000e+00,0.000000e+00
1.000000e+00,0.000000e+00,0.000000e+00,0.000000e+00,0.000000e+00,0.000000e+00,0.000000e+00,0.000000e+00,0.000000e+00,0.000000e+00,0.000000e+00,0.000000e+00,0.000000e+00,0.000000e+00,0.000000e+00
1.000000e+00,0.000000e+00,0.000000e+00,0.000000e+00,0.000000e+00,0.000000e+00,0.000000e+00,0.000000e+00,0.000000e+00,0.000000e+00,0.000000e+00,0.000000e+00,0.000000e+00,0.000000e+00,0.000000e+00
1.000000e+00,0.000000e+00,0.000000e+00,0.000000e+00,0.000000e+00,0.000000e+00,0.000000e+00,0.000000e+00,0.000000e+00,0.000000e+00,0.000000e+00,0.000000e+00,0.000000e+00,0.000000e+00,0.000000e+00
1.000000e+00,0.000000e+00,0.000000e+00,0.000000e+00,0.000000e+00,0.000000e+00,0.000000e+00,0.000000e+00,0.000000e+00,0.000000e+00,0.000000e+00,0.000000e+00,0.000000e+00,0.000000e+00,0.000000e+00
1.000000e+00,0.000000e+00,0.000000e+00,0.000000e+00,0.000000e+00,0.000000e+00,0.000000e+00,0.000000e+00,0.000000e+00,0.000000e+00,0.000000e+00,0.000000e+00,0.000000e+00,0.000000e+00,0.000000e+00
1.000000e+00,0.000000e+00,0.000000e+00,0.000000e+00,0.000000e+00,0.000000e+00,0.000000e+00,0.000000e+00,0.000000e+00,0.000000e+00,0.000000e+00,0.000000e+00,0.000000e+00,0.000000e+00,0.000000e+00
1.000000e+00,0.000000e+00,0.000000e+00,0.000000e+00,0.000000e+00,0.000000e+00,0.000000e+00,0.000000e+00,0.000000e+00,0.000000e+00,0.000000e+00,0.000000e+00,0.000000e+00,0.000000e+00,0.000000e+00
1.000000e+00,0.000000e+00,0.000000e+00,0.000000e+00,0.000000e+00,0.000000e+00,0.000000e+00,0.000000e+00,0.000000e+00,0.000000e+00,0.000000e+00,0.000000e+00,0.000000e+00,0.000000e+00,0.000000e+00
1.000000e+00,0.000000e+00,0.000000e+00,0.000000e+00,0.000000e+00,0.000000e+00,0.000000e+00,0.000000e+00,0.000000e+00,0.000000e+00,0.000000e+00,0.000000e+00,0.000000e+00,0.000000e+00,0.000000e+00
4.348164e-01,1.025346e-02,4.523688e-03,2.247816e-02,5.182164e-03,1.589149e-02,2.267645e-03,1.338537e-02,2.099007e-01,6.518519e-03,4.824513e-02,1.864851e-01,1.676008e-02,5.441229e-03,1.785084e-02
3.978271e-01,1.743826e-02,4.111512e-03,2.341471e-02,5.048381e-03,1.967286e-02,2.149291e-03,1.582156e-02,2.352214e-01,6.757707e-03,4.241876e-02,1.899775e-01,1.333756e-02,5.515712e-03,2.128778e-02
3.370774e-01,2.522354e-02,3.532356e-03,2.248015e-02,5.673791e-03,1.934490e-02,1.779069e-03,1.554568e-02,3.037674e-01,6.577383e-03,3.891410e-02,1.801484e-01,1.089894e-02,5.246684e-03,2.379024e-02
2.744614e-01,2.530195e-02,3.307722e-03,1.868494e-02,6.160180e-03,1.434056e-02,1.337596e-03,1.203220e-02,4.279246e-01,6.252958e-03,3.334153e-02,1.417083e-01,8.785512e-03,4.370758e-03,2.198974e-02
1.984807e-01,2.211805e-02,2.445184e-03,1.461773e-02,5.218293e-03,1.108093e-02,1.043743e-03,1.246566e-02,5.630982e-01,4.819314e-03,2.794772e-02,1.097179e-01,7.305718e-03,3.477794e-03,1.616304e-02
1.393744e-01,2.054024e-02,2.574245e-03,1.829514e-02,8.024513e-03,8.523039e-03,9.079729e-04,1.480481e-02,6.627626e-01,3.689536e-03,2.158925e-02,7.850302e-02,6.229050e-03,2.620378e-03,1.156170e-02
9.813285e-02,1.867193e-02,2.107537e-03,2.590471e-02,1.363794e-02,6.406191e-03,6.809948e-04,1.442706e-02,7.309678e-01,3.080666e-03,1.591013e-02,5.528636e-02,4.508892e-03,2.000179e-03,8.276749e-03
7.019787e-02,2.028494e-02,1.663860e-03,3.211408e-02,2.551713e-02,5.073955e-03,5.212182e-04,1.158202e-02,7.654848e-01,3.097662e-03,1.356459e-02,3.937906e-02,3.401486e-03,1.641388e-03,6.475914e-03
5.047039e-02,2.129115e-02,1.520143e-03,4.593509e-02,3.625067e-02,4.401486e-03,5.727775e-04,9.078261e-03,7.763071e-01,4.140530e-03,1.128891e-02,2.791384e-02,2.943380e-03,1.518277e-03,6.368073e-03
3.766307e-02,2.682279e-02,1.205361e-03,4.182325e-02,5.355740e-02,3.776881e-03,5.468322e-04,7.666897e-03,7.854779e-01,3.563639e-03,8.691169e-03,1.978870e-02,2.291449e-03,1.298380e-03,5.826344e-03
2.686368e-02,2.085736e-02,1.040809e-03,4.737595e-02,4.488361e-02,3.171097e-03,4.211058e-04,1.097078e-02,8.129404e-01,2.970064e-03,6.619587e-03,1.394853e-02,1.735750e-03,9.739698e-04,5.227388e-03
2.373052e-02,2.073798e-02,1.831568e-03,9.075707e-02,6.902138e-02,4.777845e-03,1.128742e-03,2.553695e-02,7.268904e-01,3.365768e-03,5.160180e-03,9.974152e-03,1.639594e-03,7.664062e-04,1.468146e-02
2.412289e-02,1.951435e-02,2.485889e-03,8.726569e-02,7.965624e-02,6.418366e-03,1.311708e-03,2.291811e-02,7.074363e-01,6.729146e-03,4.125352e-03,7.101652e-03,1.667665e-03,6.122350e-04,2.863432e-02
5.694979e-02,2.256361e-02,3.277646e-03,7.904428e-02,1.210376e-01,1.278116e-02,2.362215e-03,4.334419e-02,6.110544e-01,7.143649e-03,4.423027e-03,5.260045e-03,2.182948e-03,5.961349e-04,2.797920e-02
6.972469e-02,2.440908e-02,9.933945e-03,7.043248e-02,1.807747e-01,1.918747e-02,2.195662e-02,6.444249e-02,4.923436e-01,8.934843e-03,3.810010e-03,3.889635e-03,6.618451e-03,5.834830e-04,2.295851e-02
5.143470e-02,1.865263e-02,1.437773e-02,5.075295e-02,2.216927e-01,3.458493e-02,9.770749e-02,8.471665e-02,3.539030e-01,3.422319e-02,3.003841e-03,2.868483e-03,1.160428e-02,5.133717e-04,1.996402e-02
4.742518e-02,1.728672e-02,1.400537e-02,3.742673e-02,2.110244e-01,2.954948e-02,1.335398e-01,1.008180e-01,2.656872e-01,7.754192e-02,4.299313e-03,2.350373e-03,3.348087e-02,5.956400e-04,2.496905e-02
4.366297e-02,1.566404e-02,1.321252e-02,2.845673e-02,1.835017e-01,2.329214e-02,1.552304e-01,1.397871e-01,1.982531e-01,1.205043e-01,4.487443e-03,2.085764e-03,4.833517e-02,7.076973e-04,2.281897e-02
9.728892e-02,1.645230e-02,2.137356e-02,2.358036e-02,1.790539e-01,1.936182e-02,1.534474e-01,1.660873e-01,1.551232e-01,9.802529e-02,4.460582e-03,2.577585e-03,3.948133e-02,1.081403e-03,2.260514e-02
1.826355e-01,2.232984e-02,2.619500e-02,2.215164e-02,1.648292e-01,1.785751e-02,1.291294e-01,1.661017e-01,1.177023e-01,8.308368e-02,5.323555e-03,4.451593e-03,3.193845e-02,1.917598e-03,2.435291e-02
1.786341e-01,1.894518e-02,2.396935e-02,1.774101e-02,1.476349e-01,1.671935e-02,2.003952e-01,1.577882e-01,8.903587e-02,8.372796e-02,6.018369e-03,6.112551e-03,2.587700e-02,1.897479e-03,2.550350e-02
2.337318e-01,1.459825e-02,1.836664e-02,1.327883e-02,1.110575e-01,1.678103e-02,2.316191e-01,1.775325e-01,6.571460e-02,6.046227e-02,5.755804e-03,6.666807e-03,2.103380e-02,1.846651e-03,2.155441e-02
2.373410e-01,1.404076e-02,1.480624e-02,1.100669e-02,8.164682e-02,1.566263e-02,2.051730e-01,1.388679e-01,9.021232e-02,8.757126e-02,1.579576e-02,1.240414e-02,2.459813e-02,5.200877e-03,4.567254e-02
1.796930e-01,1.379138e-02,1.136878e-02,4.738509e-02,5.798899e-02,1.266991e-02,1.460297e-01,9.966461e-02,2.372896e-01,7.698293e-02,1.840064e-02,1.377251e-02,3.243321e-02,4.174585e-03,4.835507e-02
2.426052e-01,1.404556e-02,9.798255e-03,6.023420e-02,4.402392e-02,1.305043e-02,1.073586e-01,7.540976e-02,1.951949e-01,6.075023e-02,2.721981e-02,2.752579e-02,5.911980e-02,5.693311e-03,5.797031e-02
1.845265e-01,1.293808e-02,7.901181e-03,1.238609e-01,3.172750e-02,1.379916e-02,7.581285e-02,5.375775e-02,1.551028e-01,4.341036e-02,3.334050e-02,1.019628e-01,1.116469e-01,4.500687e-03,4.571211e-02
1.312009e-01,9.691408e-03,5.726660e-03,9.324351e-02,2.245126e-02,1.102042e-02,5.312664e-02,3.775215e-02,1.214183e-01,3.062901e-02,1.014460e-01,1.582597e-01,1.885330e-01,3.222910e-03,3.227814e-02
9.322819e-02,7.108831e-03,4.100333e-03,6.800724e-02,1.582829e-02,8.850883e-03,3.722149e-02,2.663675e-02,1.051266e-01,2.159650e-02,1.722293e-01,2.156814e-01,1.992167e-01,2.338229e-03,2.282926e-02
6.538173e-02,5.135173e-03,3.024609e-03,4.867318e-02,1.240511e-02,6.263868e-03,2.609187e-02,2.263494e-02,1.914900e-01,1.521930e-02,2.205818e-01,1.604203e-01,2.049607e-01,1.662844e-03,1.605450e-02
4.591206e-02,3.980632e-03,2.191279e-03,3.490800e-02,9.210021e-03,4.474482e-03,1.828621e-02,1.705334e-02,3.603688e-01,1.073517e-02,2.024045e-01,1.178031e-01,1.601407e-01,1.173466e-03,1.135818e-02
3.259611e-02,4.878661e-03,1.979570e-03,3.634565e-02,7.922421e-03,3.782179e-03,1.281928e-02,1.310535e-02,5.277447e-01,7.543895e-03,1.457684e-01,8.355919e-02,1.131278e-01,8.304093e-04,7.996420e-03
2.377217e-02,6.592629e-03,1.662735e-03,7.295822e-02,9.177266e-03,3.250601e-03,9.026602e-03,1.082124e-02,6.099703e-01,5.371345e-03,1.028960e-01,5.864649e-02,7.954263e-02,5.891622e-04,5.722629e-03
1.856910e-02,6.245996e-03,2.738982e-03,1.732261e-01,1.122531e-02,4.391056e-03,6.381239e-03,1.172566e-02,5.853267e-01,4.153398e-03,7.337657e-02,4.139970e-02,5.640823e-02,4.434873e-04,4.388512e-03
1.632044e-02,6.404360e-03,4.325421e-03,2.729623e-01,1.310698e-02,4.804708e-03,4.526671e-03,1.537198e-02,5.198160e-01,3.415636e-03,5.846457e-02,3.168128e-02,4.488322e-02,4.011770e-04,3.515157e-03
1.865081e-02,8.526249e-03,5.674489e-03,2.589383e-01,1.862322e-02,4.833025e-03,3.333667e-03,1.378407e-02,5.322562e-01,3.487887e-03,6.312212e-02,2.526875e-02,3.969524e-02,4.345205e-04,3.371336e-03
4.310113e-02,9.170189e-03,5.821725e-03,1.958573e-01,5.305282e-02,4.666394e-03,3.201348e-03,1.447431e-02,5.370984e-01,2.919854e-03,7.168867e-02,1.993308e-02,3.551642e-02,4.922568e-04,3.006010e-03
5.783087e-02,8.671304e-03,6.205275e-03,2.911980e-01,4.588582e-02,4.114201e-03,2.430246e-03,1.675797e-02,4.004171e-01,3.360660e-03,1.065362e-01,1.677794e-02,3.611209e-02,7.475972e-04,2.954732e-03
6.710517e-02,7.875117e-03,5.474911e-03,3.184771e-01,3.455158e-02,3.934722e-03,1.794586e-03,1.349106e-02,2.917788e-01,3.284846e-03,2.000577e-01,1.434570e-02,3.425159e-02,7.507336e-04,2.826370e-03
5.080051e-02,5.780299e-03,4.391696e-03,2.703089e-01,2.750771e-02,4.217501e-03,1.336800e-03,1.021560e-02,2.087361e-01,4.084849e-03,3.094876e-01,2.530079e-02,7.405411e-02,1.396899e-03,2.380589e-03
3.715681e-02,4.228172e-03,3.385183e-03,2.299431e-01,2.042939e-02,4.868997e-03,1.071821e-03,8.223210e-03,1.488070e-01,3.613514e-03,3.414551e-01,4.382546e-02,1.490997e-01,2.045983e-03,1.846541e-03
4.187763e-02,3.803824e-03,3.230674e-03,1.817032e-01,2.956013e-02,4.855235e-03,1.220391e-03,1.342910e-02,1.259421e-01,3.911294e-03,3.619650e-01,6.318733e-02,1.582058e-01,5.310164e-03,1.798093e-03
4.185744e-02,3.052465e-03,3.099719e-03,1.426344e-01,3.216059e-02,2.364096e-02,4.355658e-03,2.721742e-02,9.516823e-02,5.922154e-03,3.659453e-01,1.108643e-01,1.346746e-01,7.747685e-03,1.659101e-03
4.881625e-02,2.552428e-03,2.775197e-03,1.057995e-01,4.053833e-02,2.160929e-02,3.944750e-03,3.325927e-02,7.808115e-02,6.527363e-03,3.612810e-01,1.562071e-01,1.274565e-01,9.657003e-03,1.494853e-03
7.829629e-02,3.939108e-03,3.349727e-03,8.270317e-02,3.777220e-02,1.915952e-02,3.896523e-03,4.005938e-02,6.873351e-02,7.418138e-03,3.079675e-01,2.232485e-01,1.114666e-01,1.051912e-02,1.470768e-03
6.916836e-02,3.091835e-03,2.666664e-03,5.886574e-02,4.916260e-02,1.400300e-02,3.821475e-03,1.217451e-01,1.008369e-01,5.562735e-03,2.515842e-01,2.154908e-01,9.420490e-02,8.718659e-03,1.077172e-03
5.214159e-02,2.272592e-03,3.732360e-03,4.261234e-02,5.491307e-02,1.033351e-02,4.062679e-03,2.724590e-01,1.047587e-01,4.301852e-03,1.997796e-01,1.604137e-01,8.073889e-02,6.657909e-03,8.222530e-04
4.245582e-02,2.454601e-03,7.129464e-03,3.305967e-02,5.704705e-02,8.339055e-03,5.215184e-03,2.973823e-01,1.860217e-01,3.528054e-03,1.607877e-01,1.192467e-01,7.099486e-02,5.330197e-03,1.007769e-03
3.749247e-02,4.174482e-03,1.174748e-02,2.612668e-02,6.637784e-02,8.765410e-03,1.546719e-02,2.532086e-01,3.076865e-01,3.170768e-03,1.198305e-01,8.559107e-02,5.486077e-02,4.128910e-03,1.371273e-03
2.987467e-02,5.077869e-03,2.559506e-02,4.308345e-02,9.391613e-02,8.342009e-03,2.719602e-02,1.914061e-01,3.796932e-01,2.794864e-03,8.659647e-02,6.041832e-02,4.139709e-02,2.956466e-03,1.652362e-03
3.116725e-02,6.522583e-03,3.015165e-02,4.343151e-02,1.211619e-01,1.231171e-02,3.868691e-02,1.511178e-01,4.204519e-01,2.391868e-03,6.342247e-02,4.279710e-02,3.230535e-02,2.141101e-03,1.938882e-03
3.883295e-02,6.435170e-03,2.678294e-02,4.759866e-02,1.821294e-01,1.166059e-02,5.455985e-02,1.328997e-01,3.952112e-01,1.925712e-03,4.516109e-02,3.023872e-02,2.347206e-02,1.510266e-03,1.581684e-03
9.019749e-02,8.056091e-03,2.046279e-02,4.364210e-02,2.281103e-01,1.267535e-02,5.782235e-02,1.102653e-01,3.536370e-01,1.539391e-03,3.226028e-02,2.152536e-02,1.743925e-02,1.091694e-03,1.275207e-03
1.014369e-01,8.684012e-03,1.500717e-02,3.657497e-02,2.869714e-01,1.456284e-02,4.744082e-02,8.651098e-02,3.483807e-01,1.217809e-03,2.297317e-02,1.541367e-02,1.293706e-02,8.438779e-04,1.044585e-03
9.630053e-02,1.364729e-02,1.110985e-02,3.517146e-02,2.918544e-01,1.436931e-02,3.668533e-02,9.455673e-02,3.626826e-01,1.044416e-03,1.700769e-02,1.285144e-02,1.071747e-02,6.679791e-04,1.333476e-03
9.310244e-02,1.236595e-02,8.590578e-03,2.863722e-02,3.787456e-01,2.690299e-02,2.879271e-02,7.803077e-02,3.062972e-01,9.977286e-04,1.274416e-02,1.213702e-02,1.040478e-02,5.518211e-04,1.698925e-03
1.641760e-01,1.214761e-02,7.077601e-03,2.386493e-02,3.674936e-01,5.499947e-02,2.263113e-02,5.924717e-02,2.499495e-01,1.347163e-03,1.027321e-02,1.231677e-02,1.137187e-02,6.515825e-04,2.452311e-03
2.629011e-01,1.092062e-02,9.574471e-03,3.389774e-02,3.040040e-01,8.287806e-02,1.680030e-02,4.692036e-02,1.889713e-01,1.499153e-03,9.299723e-03,1.726605e-02,1.117372e-02,7.446449e-04,3.148711e-03
3.881196e-01,1.006551e-02,9.641757e-03,3.058309e-02,2.343977e-01,8.038040e-02,1.288816e-02,3.459042e-02,1.414792e-01,1.638365e-03,1.090104e-02,2.620690e-02,1.305410e-02,1.346688e-03,4.707033e-03
1.000000e+00,0.000000e+00,0.000000e+00,0.000000e+00,0.000000e+00,0.000000e+00,0.000000e+00,0.000000e+00,0.000000e+00,0.000000e+00,0.000000e+00,0.000000e+00,0.000000e+00,0.000000e+00,0.000000e+00
1.000000e+00,0.000000e+00,0.000000e+00,0.000000e+00,0.000000e+00,0.000000e+00,0.000000e+00,0.000000e+00,0.000000e+00,0.000000e+00,0.000000e+00,0.000000e+00,0.000000e+00,0.000000e+00,0.000000e+00
1.000000e+00,0.000000e+00,0.000000e+00,0.000000e+00,0.000000e+00,0.000000e+00,0.000000e+00,0.000000e+00,0.000000e+00,0.000000e+00,0.000000e+00,0.000000e+00,0.000000e+00,0.000000e+00,0.000000e+00
1.000000e+00,0.000000e+00,0.000000e+00,0.000000e+00,0.000000e+00,0.000000e+00,0.000000e+00,0.000000e+00,0.000000e+00,0.000000e+00,0.000000e+00,0.000000e+00,0.000000e+00,0.000000e+00,0.000000e+00
1.000000e+00,0.000000e+00,0.000000e+00,0.000000e+00,0.000000e+00,0.000000e+00,0.000000e+00,0.000000e+00,0.000000e+00,0.000000e+00,0.000000e+00,0.000000e+00,0.000000e+00,0.000000e+00,0.000000e+00
1.000000e+00,0.000000e+00,0.000000e+00,0.000000e+00,0.000000e+00,0.000000e+00,0.000000e+00,0.000000e+00,0.000000e+00,0.000000e+00,0.000000e+00,0.000000e+00,0.000000e+00,0.000000e+00,0.000000e+00
3.864277e-01,4.648712e-03,4.058276e-03,8.122507e-03,2.328704e-02,8.795603e-02,2.840514e-03,5.525365e-03,1.940114e-02,7.090923e-03,2.560539e-01,7.784512e-02,6.380068e-03,1.023590e-01,8.003671e-03
2.745465e-01,4.895408e-03,3.551636e-03,6.075141e-03,1.637919e-02,6.429400e-02,2.080965e-03,4.339677e-03,1.667140e-02,7.481418e-03,3.577033e-01,1.060567e-01,4.843761e-03,1.249205e-01,6.160500e-03
1.932384e-01,7.427970e-03,3.023606e-03,4.551152e-03,1.167277e-02,4.652966e-02,1.509950e-03,4.460900e-03,2.523934e-02,6.555194e-03,4.080792e-01,9.081723e-02,3.809326e-03,1.883233e-01,4.761921e-03
1.358169e-01,3.495961e-02,5.222003e-03,3.584588e-03,9.959199e-03,3.468462e-02,1.208783e-03,6.536052e-03,7.207942e-02,5.726871e-03,4.207053e-01,7.588777e-02,2.895697e-03,1.867742e-01,3.959093e-03
9.594773e-02,5.058581e-02,2.044674e-02,3.945568e-03,9.714760e-03,4.652680e-02,1.399962e-03,1.064970e-02,1.147722e-01,9.377304e-03,3.847247e-01,8.172332e-02,2.974615e-03,1.638393e-01,3.371466e-03
6.766188e-02,7.362153e-02,2.218231e-02,3.325495e-03,8.227293e-03,7.729634e-02,1.362402e-03,1.125610e-02,1.938628e-01,1.160205e-02,3.103966e-01,6.932422e-02,2.965340e-03,1.441802e-01,2.735383e-03
4.930263e-02,7.044223e-02,2.547853e-02,4.438350e-03,1.033353e-02,6.823073e-02,3.020301e-03,1.366231e-02,1.748570e-01,1.544512e-02,3.745975e-01,6.017353e-02,6.467884e-03,1.208881e-01,2.662236e-03
3.507374e-02,7.243104e-02,2.520855e-02,6.671453e-03,1.647823e-02,5.328593e-02,3.481890e-03,1.120434e-02,1.432647e-01,1.337361e-02,4.485795e-01,5.814994e-02,1.645188e-02,9.374367e-02,2.601406e-03
2.499916e-02,1.411017e-01,2.643544e-02,8.773418e-03,1.793109e-02,3.958621e-02,2.493459e-03,1.410458e-02,2.024710e-01,9.937643e-03,3.436414e-01,5.924539e-02,3.759379e-02,6.937629e-02,2.309370e-03
1.830531e-02,1.516934e-01,3.005872e-02,9.642912e-03,2.025663e-02,2.839172e-02,1.886707e-03,6.673893e-02,2.452847e-01,7.665593e-03,2.663700e-01,4.394231e-02,5.093529e-02,5.681906e-02,2.008607e-03
1.588788e-02,1.306562e-01,2.609840e-02,1.122396e-02,6.465143e-02,2.118800e-02,1.521257e-03,9.212747e-02,3.050498e-01,6.694653e-03,2.021526e-01,3.126399e-02,4.448849e-02,4.526541e-02,1.730479e-03
1.519439e-02,9.971267e-02,2.537230e-02,1.132606e-02,9.314800e-02,1.509563e-02,1.173014e-03,2.552248e-01,2.431821e-01,4.942078e-03,1.450926e-01,2.222127e-02,3.462172e-02,3.236667e-02,1.326721e-03
1.519522e-02,7.436274e-02,2.337603e-02,1.015960e-02,1.067999e-01,1.079872e-02,1.130559e-03,4.118552e-01,1.752920e-01,3.580874e-03,1.028072e-01,1.565481e-02,2.493018e-02,2.292328e-02,1.133583e-03
1.294266e-02,5.243333e-02,1.747945e-02,1.267843e-02,9.651694e-02,7.693759e-03,1.144321e-03,5.540264e-01,1.241330e-01,2.548311e-03,7.262845e-02,1.102071e-02,1.774082e-02,1.617368e-02,8.397237e-04
1.219510e-02,3.723489e-02,1.242932e-02,1.294505e-02,9.053108e-02,5.744741e-03,1.016398e-03,6.549563e-01,8.764143e-02,1.835866e-03,5.126180e-02,7.723042e-03,1.248360e-02,1.141048e-02,5.909351e-04
1.287648e-02,2.680795e-02,8.835027e-03,1.215329e-02,9.588929e-02,4.762508e-03,9.393638e-04,7.151401e-01,6.204204e-02,1.348394e-03,3.638769e-02,5.434423e-03,8.817050e-03,8.139073e-03,4.273611e-04
2.945641e-02,1.990081e-02,6.553403e-03,1.874876e-02,8.243090e-02,4.179036e-03,8.700003e-04,7.488922e-01,4.405717e-02,1.063214e-03,2.637086e-02,4.125781e-03,6.687164e-03,6.265620e-03,3.986871e-04
3.656554e-02,1.481414e-02,5.070192e-03,2.012219e-02,7.102375e-02,3.831680e-03,1.058367e-03,7.828133e-01,3.174730e-02,8.226150e-04,1.897763e-02,3.026226e-03,5.130080e-03,4.633101e-03,3.638709e-04
4.395698e-02,1.089678e-02,4.117857e-03,2.058070e-02,5.539088e-02,4.674509e-03,1.590186e-03,8.113896e-01,2.284618e-02,6.178022e-04,1.351313e-02,2.276812e-03,4.393705e-03,3.453244e-03,3.015851e-04
7.326894e-02,7.868923e-03,3.772224e-03,2.073658e-02,4.489922e-02,2.275730e-02,2.205995e-03,7.877849e-01,1.635831e-02,5.217349e-04,9.627017e-03,2.557130e-03,4.719094e-03,2.613631e-03,3.089870e-04
8.530962e-02,5.663226e-03,3.368523e-03,1.636140e-02,3.757999e-02,2.664135e-02,2.163616e-03,7.933395e-01,1.176578e-02,4.337032e-04,7.093574e-03,2.434929e-03,5.605428e-03,1.907990e-03,3.313675e-04
1.269796e-01,4.285134e-03,3.970146e-03,1.284321e-02,2.902801e-02,2.965830e-02,2.010940e-03,7.489199e-01,8.832478e-03,6.103360e-04,1.063898e-02,8.350329e-03,1.127917e-02,1.737816e-03,8.556040e-04
1.991903e-01,3.559455e-03,7.013292e-03,1.022832e-02,2.227797e-02,5.557199e-02,1.807523e-03,5.774391e-01,7.499693e-03,2.112737e-03,3.739959e-02,1.315580e-02,3.839697e-02,4.901468e-03,1.944580e-02
3.126284e-01,2.978987e-03,7.233166e-03,8.588638e-03,1.738837e-02,4.303777e-02,1.701846e-03,4.402727e-01,6.357790e-03,2.091228e-03,3.895047e-02,2.932702e-02,6.683288e-02,7.792030e-03,1.481875e-02
3.107917e-01,2.865860e-03,5.714888e-03,6.840168e-03,1.278003e-02,4.436979e-02,1.453736e-03,3.173354e-01,6.677941e-03,3.824822e-03,4.098354e-02,8.764812e-02,1.197371e-01,2.739023e-02,1.158667e-02
2.786835e-01,2.526296e-03,5.080112e-03,7.076432e-03,9.389621e-03,4.147556e-02,1.340267e-03,2.350088e-01,7.172777e-03,3.560315e-03,4.406774e-02,1.945256e-01,1.152081e-01,4.586247e-02,9.022465e-03
2.659412e-01,2.947424e-03,4.391522e-03,7.420815e-03,7.076712e-03,4.219308e-02,1.873747e-03,1.700287e-01,1.228925e-02,4.059732e-03,7.555351e-02,2.287439e-01,9.761594e-02,7.108666e-02,8.777784e-03
2.303783e-01,2.904795e-03,4.963606e-03,6.335029e-03,5.073675e-03,4.044105e-02,2.367471e-03,1.243030e-01,2.436403e-02,3.969244e-03,6.770076e-02,3.254460e-01,7.632218e-02,7.791446e-02,7.516368e-03
1.868380e-01,3.245405e-03,4.654334e-03,5.684783e-03,3.707541e-03,3.696784e-02,2.249550e-03,9.134352e-02,4.291150e-02,5.441871e-03,5.842269e-02,4.128576e-01,5.669657e-02,8.248156e-02,6.497211e-03
2.171227e-01,4.602347e-03,6.142456e-03,5.306211e-03,2.867813e-03,3.883715e-02,1.926166e-03,6.571278e-02,9.443671e-02,5.649942e-03,7.388479e-02,3.351702e-01,4.202083e-02,1.007836e-01,5.536336e-03
2.256319e-01,6.678412e-03,5.148820e-03,5.538793e-03,2.415237e-03,3.435182e-02,1.485697e-03,4.853113e-02,9.536922e-02,8.709645e-03,1.206989e-01,2.522091e-01,3.166656e-02,1.563062e-01,5.258499e-03
1.679156e-01,1.529477e-02,6.196097e-03,4.976525e-03,2.327592e-03,3.077047e-02,1.099069e-03,3.468479e-02,1.232135e-01,1.090685e-02,1.729978e-01,1.812655e-01,2.289516e-02,2.192314e-01,6.224886e-03
1.189025e-01,2.404852e-02,6.314334e-03,3.984507e-03,2.107905e-03,2.517279e-02,8.073379e-04,2.437002e-02,1.748331e-01,1.013508e-02,1.795436e-01,1.350686e-01,1.640150e-02,2.732677e-01,5.042377e-03
8.392596e-02,1.992332e-02,5.460211e-03,3.951285e-03,2.225076e-03,1.846323e-02,5.789126e-04,1.708543e-02,2.212206e-01,1.195730e-02,1.794282e-01,9.676658e-02,1.167633e-02,3.220961e-01,5.241443e-03
5.940739e-02,1.927028e-02,5.936972e-03,3.310255e-03,2.227480e-03,1.710857e-02,4.282614e-04,1.200356e-02,2.919869e-01,2.662813e-02,1.714304e-01,6.828356e-02,8.490604e-03,3.080570e-01,5.430596e-03
4.222523e-02,1.968667e-02,8.213980e-03,5.323039e-03,2.232096e-03,2.068201e-02,3.559391e-04,8.452226e-03,3.731723e-01,4.163754e-02,1.397349e-01,4.815499e-02,6.254244e-03,2.760884e-01,7.786510e-03
3.178378e-02,1.934458e-02,5.840147e-02,1.475639e-02,3.405063e-03,2.133940e-02,3.226222e-04,7.520983e-03,4.104801e-01,5.014127e-02,1.072676e-01,3.411228e-02,6.536324e-03,2.248323e-01,9.755859e-03
2.712994e-02,1.824331e-02,1.542750e-01,1.550535e-02,4.593048e-03,2.517864e-02,2.927748e-04,9.161138e-03,4.149580e-01,4.744782e-02,7.886758e-02,2.398090e-02,5.163901e-03,1.668372e-01,8.365482e-03
3.675979e-02,1.863506e-02,1.715778e-01,1.249475e-02,1.011738e-02,3.826111e-02,2.491132e-04,8.547070e-03,4.247041e-01,4.219962e-02,5.985070e-02,1.689329e-02,3.808752e-03,1.467120e-01,9.189459e-03
5.955037e-02,2.904463e-02,1.394720e-01,1.031382e-02,4.534961e-02,8.164461e-02,3.169272e-04,7.001747e-03,3.790144e-01,3.030939e-02,4.953889e-02,1.191292e-02,2.953644e-03,1.436887e-01,9.888314e-03
7.968779e-02,5.995295e-02,1.240827e-01,9.424144e-03,8.446699e-02,1.143165e-01,5.421325e-04,8.202577e-03,3.084850e-01,2.241570e-02,4.386263e-02,8.766448e-03,2.655997e-03,1.209141e-01,1.222447e-02
1.176612e-01,5.113734e-02,1.209910e-01,1.110573e-02,1.272157e-01,1.190655e-01,9.630017e-04,7.691733e-03,2.502452e-01,1.615335e-02,5.032715e-02,6.875239e-03,2.494396e-03,1.079404e-01,1.013305e-02
1.290601e-01,4.663866e-02,1.024920e-01,2.331846e-02,2.269242e-01,1.081591e-01,1.540034e-03,1.242445e-02,1.885688e-01,1.153116e-02,3.992737e-02,6.439216e-03,3.096043e-03,9.050888e-02,9.371532e-03
1.644065e-01,3.779737e-02,8.761711e-02,2.594298e-02,2.123711e-01,1.017309e-01,1.343973e-03,1.017481e-02,2.138924e-01,8.374241e-03,3.703881e-02,6.342623e-03,3.455270e-03,8.076090e-02,8.750892e-03
2.748020e-01,3.300359e-02,6.580727e-02,3.815970e-02,1.753659e-01,9.229001e-02,1.769293e-03,1.088574e-02,1.811050e-01,6.281099e-03,3.043987e-02,1.051258e-02,5.452884e-03,6.442288e-02,9.702058e-03
3.798516e-01,2.999994e-02,5.295713e-02,6.257545e-02,1.306187e-01,7.117879e-02,2.084832e-03,9.993325e-03,1.475050e-01,4.845409e-03,2.661640e-02,1.234503e-02,5.246428e-03,4.972988e-02,1.445203e-02
3.934828e-01,3.177801e-02,7.976937e-02,5.808527e-02,1.002484e-01,7.179150e-02,3.007444e-03,1.056626e-02,1.403089e-01,9.580821e-03,2.220566e-02,1.069975e-02,4.432316e-03,3.747306e-02,2.657039e-02
4.371169e-01,5.495296e-02,6.644624e-02,4.742470e-02,7.657918e-02,5.795936e-02,2.648757e-03,1.206596e-02,1.178532e-01,4.045949e-02,1.898735e-02,8.444472e-03,3.733345e-03,3.008318e-02,2.524495e-02
4.318150e-01,8.882651e-02,5.065543e-02,3.928711e-02,5.950159e-02,7.328297e-02,2.255862e-03,1.053452e-02,8.947182e-02,6.368581e-02,1.620611e-02,6.916166e-03,4.873655e-03,2.436981e-02,3.831770e-02
4.124871e-01,9.793015e-02,3.988075e-02,3.180170e-02,4.988190e-02,1.280149e-01,2.082004e-03,1.416786e-02,7.555116e-02,6.740385e-02,1.878778e-02,6.233889e-03,4.901933e-03,1.960040e-02,3.127465e-02
3.308263e-01,1.347828e-01,3.098872e-02,2.449763e-02,3.939071e-02,1.444684e-01,1.729613e-03,1.192329e-02,7.280691e-02,1.423518e-01,1.632422e-02,4.975189e-03,5.247441e-03,1.518195e-02,2.450506e-02
2.640416e-01,1.404900e-01,2.442874e-02,1.795583e-02,3.071365e-02,1.787640e-01,1.451054e-03,9.806821e-03,5.976817e-02,2.194619e-01,1.475120e-02,4.491594e-03,4.530424e-03,1.121247e-02,1.813256e-02
2.488549e-01,1.170653e-01,2.463119e-02,1.701714e-02,2.868221e-02,2.710832e-01,1.563780e-03,9.157451e-03,5.382673e-02,1.826237e-01,1.355012e-02,3.553540e-03,3.757274e-03,9.043338e-03,1.559010e-02
2.591106e-01,8.434142e-02,2.724207e-02,1.513250e-02,2.433446e-02,3.121385e-01,1.723911e-03,8.199802e-03,7.095034e-02,1.563519e-01,1.338312e-02,2.739651e-03,3.390637e-03,7.532607e-03,1.342849e-02
2.588447e-01,6.065167e-02,2.192604e-02,1.241948e-02,2.615977e-02,3.840297e-01,2.242979e-03,9.415214e-03,6.696056e-02,1.220535e-01,1.191061e-02,2.187824e-03,2.815964e-03,7.119783e-03,1.126211e-02
2.578520e-01,4.375617e-02,1.669380e-02,1.000745e-02,2.443805e-02,4.413736e-01,2.341723e-03,8.022931e-03,6.425494e-02,9.572278e-02,1.347766e-02,1.807488e-03,2.166344e-03,7.570776e-03,1.051427e-02
1.873550e-01,3.244021e-02,1.375784e-02,1.264466e-02,2.156832e-02,3.399386e-01,1.860459e-03,7.798463e-03,2.794185e-01,7.084455e-02,1.227907e-02,1.727523e-03,2.025715e-03,6.470702e-03,9.870501e-03
1.351541e-01,2.360999e-02,9.930509e-03,1.051597e-02,1.552858e-02,2.422012e-01,1.436703e-03,5.991181e-03,4.681224e-01,5.435763e-02,1.117404e-02,1.427209e-03,2.387172e-03,5.049121e-03,1.311424e-02
9.694977e-02,1.796142e-02,1.017572e-02,2.099941e-02,1.228638e-02,1.709752e-01,1.047160e-03,4.809394e-03,5.948741e-01,3.889672e-02,9.396088e-03,1.187760e-03,1.963157e-03,3.866806e-03,1.461085e-02
7.521626e-02,1.400036e-02,1.129207e-02,2.202641e-02,8.968557e-03,1.202457e-01,7.940095e-04,3.847089e-03,6.762396e-01,2.898069e-02,9.266880e-03,1.457249e-03,1.906450e-03,4.432332e-03,2.132643e-02
6.794400e-02,1.073748e-02,1.179878e-02,2.608892e-02,6.587537e-03,8.465175e-02,6.414874e-04,3.445790e-03,7.088302e-01,2.394990e-02,1.469537e-02,1.986433e-03,4.186327e-03,4.280729e-03,3.017528e-02
1.170150e-01,9.374325e-03,1.175963e-02,2.690526e-02,6.475853e-03,5.996166e-02,7.097305e-04,3.689552e-03,6.547272e-01,1.919177e-02,3.236485e-02,4.128710e-03,1.435472e-02,5.844436e-03,3.349728e-02
1.322221e-01,7.942274e-03,9.402744e-03,2.333249e-02,5.616780e-03,4.408601e-02,9.548265e-04,6.284066e-03,5.683372e-01,1.726604e-02,6.303585e-02,1.237874e-02,6.980015e-02,8.341938e-03,3.099889e-02
1.614595e-01,8.955038e-03,1.224861e-02,2.361180e-02,7.399034e-03,4.486211e-02,1.937994e-03,2.146088e-02,4.405306e-01,1.573146e-02,1.088200e-01,2.993843e-02,8.773407e-02,8.581127e-03,2.672945e-02
1.397055e-01,1.728436e-02,4.451962e-02,4.834688e-02,1.530857e-02,3.344882e-02,1.706116e-03,2.555264e-02,4.353628e-01,1.310819e-02,8.378480e-02,2.766009e-02,6.964572e-02,8.948522e-03,3.561734e-02
1.562354e-01,3.797908e-02,6.213740e-02,4.326049e-02,1.486888e-02,2.900339e-02,1.787994e-03,2.479472e-02,3.334343e-01,1.790965e-02,7.673056e-02,3.730232e-02,6.535494e-02,2.683763e-02,7.236326e-02
1.370274e-01,5.456236e-02,8.525762e-02,3.382715e-02,1.683295e-02,2.590690e-02,2.483050e-03,2.637299e-02,2.803599e-01,7.716254e-02,7.155950e-02,2.988451e-02,5.266394e-02,3.195775e-02,7.414154e-02
1.018909e-01,1.688859e-01,1.418692e-01,3.398218e-02,1.446490e-02,1.865936e-02,1.916944e-03,2.203178e-02,2.386528e-01,5.942351e-02,5.239407e-02,2.146710e-02,3.757064e-02,2.312970e-02,6.366111e-02
8.451006e-02,2.785804e-01,1.422932e-01,2.679205e-02,1.336286e-02,1.365224e-02,1.638904e-03,2.371353e-02,2.220004e-01,4.560648e-02,4.049659e-02,1.589723e-02,2.708381e-02,1.742585e-02,4.694634e-02
8.041110e-02,4.030226e-01,1.080144e-01,2.012832e-02,1.722785e-02,1.132796e-02,1.216228e-03,2.241076e-02,1.862178e-01,3.491276e-02,2.951416e-02,1.133442e-02,1.933865e-02,1.360070e-02,4.132218e-02
1.067088e-01,4.527400e-01,7.980622e-02,1.663163e-02,2.112539e-02,1.172680e-02,9.988890e-04,2.966014e-02,1.574970e-01,2.911578e-02,2.250010e-02,8.403334e-03,1.451223e-02,1.207388e-02,3.649970e-02
9.398473e-02,3.663757e-01,1.579859e-01,5.366496e-02,1.844484e-02,8.773097e-03,1.076308e-03,2.571705e-02,1.318819e-01,4.433275e-02,1.725740e-02,7.075254e-03,1.099849e-02,9.171437e-03,5.326017e-02
1.189416e-01,2.629786e-01,1.868200e-01,6.931961e-02,1.848437e-02,7.176094e-03,1.061836e-03,4.973309e-02,1.513937e-01,5.432598e-02,1.373245e-02,5.652859e-03,8.183487e-03,6.821841e-03,4.537445e-02
2.179124e-01,1.896624e-01,1.478099e-01,8.344012e-02,2.653950e-02,7.255682e-03,1.186992e-03,5.461325e-02,1.472219e-01,5.616510e-02,1.277825e-02,5.788355e-03,6.930683e-03,5.169497e-03,3.752597e-02
2.086088e-01,1.449263e-01,1.188032e-01,2.001066e-01,2.174974e-02,6.099981e-03,1.188888e-03,4.442768e-02,1.414878e-01,4.920562e-02,1.456641e-02,5.072137e-03,5.758485e-03,4.045987e-03,3.395235e-02
2.297371e-01,1.110351e-01,1.025750e-01,2.571386e-01,1.994902e-02,5.585456e-03,1.252986e-03,4.493849e-02,1.172056e-01,4.522387e-02,1.645333e-02,4.682302e-03,5.297091e-03,3.335518e-03,3.559054e-02
