1.000000e+00,0.000000e+00,0.000000e+00,0.000000e+00,0.000000e+00,0.000000e+00,0.000000e+00,0.000000e+00,0.000000e+00,0.000000e+00,0.000000e+00,0.000000e+00,0.000000e+00,0.000000e+00,0.000000e+00
1.000000e+00,0.000000e+00,0.000000e+00,0.000000e+00,0.000000e+00,0.000000e+00,0.000000e+00,0.000000e+00,0.000000e+00,0.000000e+00,0.000000e+00,0.000000e+00,0.000000e+00,0.000000e+00,0.000000e+00
1.000000e+00,0.000000e+00,0.000000e+00,0.000000e+00,0.000000e+00,0.000000e+00,0.000000e+00,0.000000e+00,0.000000e+00,0.000000e+00,0.000000e+00,0.000000e+00,0.000000e+00,0.000000e+00,0.000000e+00
1.000000e+00,0.000000e+00,0.000000e+00,0.000000e+00,0.000000e+00,0.000000e+00,0.000000e+00,0.000000e+00,0.000000e+00,0.000000e+00,0.000000e+00,0.000000e+00,0.000000e+00,0.000000e+00,0.000000e+00
1.000000e+00,0.000000e+00,0.000000e+00,0.000000e+00,0.000000e+00,0.000000e+00,0.000000e+00,0.000000e+00,0.000000e+00,0.000000e+00,0.000000e+00,0.000000e+00,0.000000e+00,0.000000e+00,0.000000e+00
1.000000e+00,0.000000e+00,0.000000e+00,0.000000e+00,0.000000e+00,0.000000e+00,0.000000e+00,0.000000e+00,0.000000e+00,0.000000e+00,0.000000e+00,0.000000e+00,0.000000e+00,0.000000e+00,0.000000e+00
1.000000e+00,0.000000e+00,0.000000e+00,0.000000e+00,0.000000e+00,0.000000e+00,0.000000e+00,0.000000e+00,0.000000e+00,0.000000e+00,0.000000e+00,0.000000e+00,0.000000e+00,0.000000e+00,0.000000e+00
1.000000e+00,0.000000e+00,0.000000e+00,0.000000e+00,0.000000e+00,0.000000e+00,0.000000e+00,0.000000e+00,0.000000e+00,0.000000e+00,0.000000e+00,0.000000e+00,0.000000e+00,0.000000e+00,0.000000e+00
1.000000e+00,0.000000e+00,0.000000e+00,0.000000e+00,0.000000e+00,0.000000e+00,0.000000e+00,0.000000e+00,0.000000e+00,0.000000e+00,0.000000e+00,0.000000e+00,0.000000e+00,0.000000e+00,0.000000e+00
1.000000e+00,0.000000e+00,0.000000e+00,0.000000e+00,0.000000e+00,0.000000e+00,0.000000e+00,0.000000e+00,0.000000e+00,0.000000e+00,0.000000e+00,0.000000e+00,0.000000e+00,0.000000e+00,0.000000e+00
1.000000e+00,0.000000e+00,0.000000e+00,0.000000e+00,0.000000e+00,0.000000e+00,0.000000e+00,0.000000e+00,0.000000e+00,0.000000e+00,0.000000e+00,0.000000e+00,0.000000e+00,0.000000e+00,0.000000e+00
1.000000e+00,0.000000e+00,0.000000e+00,0.000000e+00,0.000000e+00,0.000000e+00,0.000000e+00,0.000000e+00,0.000000e+00,0.000000e+00,0.000000e+00,0.000000e+00,0.000000e+00,0.000000e+00,0.000000e+00
1.000000e+00,0.000000e+00,0.000000e+00,0.000000e+00,0.000000e+00,0.000000e+00,0.000000e+00,0.000000e+00,0.000000e+00,0.000000e+00,0.000000e+00,0.000000e+00,0.000000e+00,0.000000e+00,0.000000e+00
1.000000e+00,0.000000e+00,0.000000e+00,0.000000e+00,0.000000e+00,0.000000e+00,0.000000e+00,0.000000e+00,0.000000e+00,0.000000e+00,0.000000e+00,0.000000e+00,0.000000e+00,0.000000e+00,0.000000e+00
1.000000e+00,0.000000e+00,0.000000e+00,0.000000e+00,0.000000e+00,0.000000e+00,0.000000e+00,0.000000e+00,0.000000e+00,0.000000e+00,0.000000e+00,0.000000e+00,0.000000e+00,0.000000e+00,0.000000e+00
1.000000e+00,0.000000e+00,0.000000e+00,0.000000e+00,0.000000e+00,0.000000e+00,0.000000e+00,0.000000e+00,0.000000e+00,0.000000e+00,0.000000e+00,0.000000e+00,0.000000e+00,0.000000e+00,0.000000e+00
1.000000e+00,0.000000e+00,0.000000e+00,0.000000e+00,0.000000e+00,0.000000e+00,0.000000e+00,0.000000e+00,0.000000e+00,0.000000e+00,0.000000e+00,0.000000e+00,0.000000e+00,0.000000e+00,0.000000e+00
1.000000e+00,0.000000e+00,0.000000e+00,0.000000e+00,0.000000e+00,0.000000e+00,0.000000e+00,0.000000e+00,0.000000e+00,0.000000e+00,0.000000e+00,0.000000e+00,0.000000e+00,0.000000e+00,0.000000e+00
1.000000e+00,0.000000e+00,0.000000e+00,0.000000e+00,0.000000e+00,0.000000e+00,0.000000e+00,0.000000e+00,0.000000e+00,0.000000e+00,0.000000e+00,0.000000e+00,0.000000e+00,0.000000e+00,0.000000e+00
1.000000e+00,0.000000e+00,0.000000e+00,0.000000e+00,0.000000e+00,0.000000e+00,0.000000e+00,0.000000e+00,0.000000e+00,0.000000e+00,0.000000e+00,0.000000e+00,0.000000e+00,0.000000e+00,0.000000e+00
1.000000e+00,0.000000e+00,0.000000e+00,0.000000e+00,0.000000e+00,0.000000e+00,0.000000e+00,0.000000e+00,0.000000e+00,0.000000e+00,0.000000e+00,0.000000e+00,0.000000e+00,0.000000e+00,0.000000e+00
1.000000e+00,0.000000e+00,0.000000e+00,0.000000e+00,0.000000e+00,0.000000e+00,0.000000e+00,0.000000e+00,0.000000e+00,0.000000e+00,0.000000e+00,0.000000e+00,0.000000e+00,0.000000e+00,0.000000e+00
1.000000e+00,0.000000e+00,0.000000e+00,0.000000e+00,0.000000e+00,0.000000e+00,0.000000e+00,0.000000e+00,0.000000e+00,0.000000e+00,0.000000e+00,0.000000e+00,0.000000e+00,0.000000e+00,0.000000e+00
1.000000e+00,0.000000e+00,0.000000e+00,0.000000e+00,0.000000e+00,0.000000e+00,0.000000e+00,0.000000e+00,0.000000e+00,0.000000e+00,0.000000e+00,0.000000e+00,0.000000e+00,0.000000e+00,0.000000e+00
1.000000e+00,0.000000e+00,0.000000e+00,0.000000e+00,0.000000e+00,0.000000e+00,0.000000e+00,0.000000e+00,0.000000e+00,0.000000e+00,0.000000e+00,0.000000e+00,0.000000e+00,0.000000e+00,0.000000e+00
1.000000e+00,0.000000e+00,0.000000e+00,0.000000e+00,0.000000e+00,0.000000e+00,0.000000e+00,0.000000e+00,0.000000e+00,0.000000e+00,0.000000e+00,0.000000e+00,0.000000e+00,0.000000e+00,0.000000e+00
1.000000e+00,0.000000e+00,0.000000e+00,0.000000e+00,0.000000e+00,0.000000e+00,0.000000e+00,0.000000e+00,0.000000e+00,0.000000e+00,0.000000e+00,0.000000e+00,0.000000e+00,0.000000e+00,0.000000e+00
1.000000e+00,0.000000e+00,0.000000e+00,0.000000e+00,0.000000e+00,0.000000e+00,0.000000e+00,0.000000e+00,0.000000e+00,0.000000e+00,0.000000e+00,0.000000e+00,0.000000e+00,0.000000e+00,0.000000e+00
1.000000e+00,0.000000e+00,0.000000e+00,0.000000e+00,0.000000e+00,0.000000e+00,0.000000e+00,0.000000e+00,0.000000e+00,0.000000e+00,0.000000e+00,0.000000e+00,0.000000e+00,0.000000e+00,0.000000e+00
1.000000e+00,0.000000e+00,0.000000e+00,0.000000e+00,0.000000e+00,0.000000e+00,0.000000e+00,0.000000e+00,0.000000e+00,0.000000e+00,0.000000e+00,0.000000e+00,0.000000e+00,0.000000e+00,0.000000e+00
1.000000e+00,0.000000e+00,0.000000e+00,0.000000e+00,0.000000e+00,0.000000e+00,0.000000e+00,0.000000e+00,0.000000e+00,0.000000e+00,0.000000e+00,0.000000e+00,0.000000e+00,0.000000e+00,0.000000e+00
1.000000e+00,0.000000e+00,0.000000e+00,0.000000e+00,0.000000e+00,0.000000e+00,0.000000e+00,0.000000e+00,0.000000e+00,0.000000e+00,0.000000e+00,0.000000e+00,0.000000e+00,0.000000e+00,0.000000e+00
1.000000e+00,0.000000e+00,0.000000e+00,0.000000e+00,0.000000e+00,0.000000e+00,0.000000e+00,0.000000e+00,0.000000e+00,0.000000e+00,0.000000e+00,0.000000e+00,0.000000e+00,0.000000e+00,0.000000e+00
1.000000e+00,0.000000e+00,0.000000e+00,0.000000e+00,0.000000e+00,0.000000e+00,0.000000e+00,0.000000e+00,0.000000e+00,0.000000e+00,0.000000e+00,0.000000e+00,0.000000e+00,0.000000e+00,0.000000e+00
1.000000e+00,0.000000e+00,0.000000e+00,0.000000e+00,0.000000e+00,0.000000e+00,0.000000e+00,0.000000e+00,0.000000e+00,0.000000e+00,0.000000e+00,0.000000e+00,0.000000e+00,0.000000e+00,0.000000e+00
1.000000e+00,0.000000e+00,0.000000e+00,0.000000e+00,0.000000e+00,0.000000e+00,0.000000e+00,0.000000e+00,0.000000e+00,0.000000e+00,0.000000e+00,0.000000e+00,0.000000e+00,0.000000e+00,0.000000e+00
1.000000e+00,0.000000e+00,0.000000e+00,0.000000e+00,0.000000e+00,0.000000e+00,0.000000e+00,0.000000e+00,0.000000e+00,0.000000e+00,0.000000e+00,0.000000e+00,0.000000e+00,0.000000e+00,0.000000e+00
1.000000e+00,0.000000e+00,0.000000e+00,0.000000e+00,0.000000e+00,0.000000e+00,0.000000e+00,0.000000e+00,0.000000e+00,0.000000e+00,0.000000e+00,0.000000e+00,0.000000e+00,0.000000e+00,0.000000e+00
1.000000e+00,0.000000e+00,0.000000e+00,0.000000e+00,0.000000e+00,0.000000e+00,0.000000e+00,0.000000e+00,0.000000e+00,0.000000e+00,0.000000e+00,0.000000e+00,0.000000e+00,0.000000e+00,0.000000e+00
1.000000e+00,0.000000e+00,0.000000e+00,0.000000e+00,0.000000e+00,0.000000e+00,0.000000e+00,0.000000e+00,0.000000e+00,0.000000e+00,0.000000e+00,0.000000e+00,0.000000e+00,0.000000e+00,0.000000e+00
1.000000e+00,0.000000e+00,0.000000e+00,0.000000e+00,0.000000e+00,0.000000e+00,0.000000e+00,0.000000e+00,0.000000e+00,0.000000e+00,0.000000e+00,0.000000e+00,0.000000e+00,0.000000e+00,0.000000e+00
1.000000e+00,0.000000e+00,0.000000e+00,0.000000e+00,0.000000e+00,0.000000e+00,0.000000e+00,0.000000e+00,0.000000e+00,0.000000e+00,0.000000e+00,0.000000e+00,0.000000e+00,0.000000e+00,0.000000e+00
1.000000e+00,0.000000e+00,0.000000e+00,0.000000e+00,0.000000e+00,0.000000e+00,0.000000e+00,0.000000e+00,0.000000e+00,0.000000e+00,0.000000e+00,0.000000e+00,0.000000e+00,0.000000e+00,0.000000e+00
1.000000e+00,0.000000e+00,0.000000e+00,0.000000e+00,0.000000e+00,0.000000e+00,0.000000e+00,0.000000e+00,0.000000e+00,0.000000e+00,0.000000e+00,0.000000e+00,0.000000e+00,0.000000e+00,0.000000e+00
1.000000e+00,0.000000e+00,0.000000e+00,0.000000e+00,0.000000e+00,0.000000e+00,0.000000e+00,0.000000e+00,0.000000e+00,0.000000e+00,0.000000e+00,0.000000e+00,0.000000e+00,0.000000e+00,0.000000e+00
1.000000e+00,0.000000e+00,0.000000e+00,0.000000e+00,0.000000e+00,0.000000e+00,0.000000e+00,0.000000e+00,0.000000e+00,0.000000e+00,0.000000e+00,0.000000e+00,0.000000e+00,0.000000e+00,0.000000e+00
4.723358e-01,2.535888e-02,1.096365e-02,9.690133e-02,1.457146e-02,3.037076e-02,1.226600e-02,3.802633e-02,2.221525e-02,2.286870e-03,2.868016e-02,1.693724e-01,5.513977e-02,3.972284e-03,1.753907e-02
4.307691e-01,2.988303e-02,1.005624e-02,1.122872e-01,2.166083e-02,3.698018e-02,1.337275e-02,3.112931e-02,2.784459e-02,2.582731e-03,2.575199e-02,1.669699e-01,6.604580e-02,4.124061e-03,2.054219e-02
3.343177e-01,2.948828e-02,1.447543e-02,1.456285e-01,2.670487e-02,4.395253e-02,1.300797e-02,3.699502e-02,2.872812e-02,2.674704e-03,2.626780e-02,1.992038e-01,7.401395e-02,4.045465e-03,2.049590e-02
3.202695e-01,4.472362e-02,1.547465e-02,1.703353e-01,3.217973e-02,3.903806e-02,1.306117e-02,3.148273e-02,3.212232e-02,2.916695e-03,2.482371e-02,1.688391e-01,7.327528e-02,4.751672e-03,2.670641e-02
2.720789e-01,6.423646e-02,1.587828e-02,1.809314e-01,3.584102e-02,3.822134e-02,1.220177e-02,2.636968e-02,3.333136e-02,3.738970e-03,2.550777e-02,1.630795e-01,8.591016e-02,6.851179e-03,3.582212e-02
2.189151e-01,8.170567e-02,1.707029e-02,1.912087e-01,3.655848e-02,4.090533e-02,1.076548e-02,2.290657e-02,3.449852e-02,4.404603e-03,2.519174e-02,1.717043e-01,9.245402e-02,7.297340e-03,4.441381e-02
1.754760e-01,9.713209e-02,3.300254e-02,2.730414e-01,3.320272e-02,3.339110e-02,8.954568e-03,2.580981e-02,2.872215e-02,3.613024e-03,2.312427e-02,1.416374e-01,7.256865e-02,6.446300e-03,4.387799e-02
1.505192e-01,1.072485e-01,6.321966e-02,2.924241e-01,2.836186e-02,2.920124e-02,7.602534e-03,2.281187e-02,2.645348e-02,3.771605e-03,2.341530e-02,1.206230e-01,6.228053e-02,6.069997e-03,5.599719e-02
1.234150e-01,7.930985e-02,7.536624e-02,3.592784e-01,2.283716e-02,2.305777e-02,5.690996e-03,4.137719e-02,2.056119e-02,3.083223e-03,2.827981e-02,1.207993e-01,4.841118e-02,6.768967e-03,4.176372e-02
1.884390e-01,6.416277e-02,8.081803e-02,3.025686e-01,1.916453e-02,2.716826e-02,5.252223e-03,4.678314e-02,1.606887e-02,3.732118e-03,3.141212e-02,1.261420e-01,4.092645e-02,8.777010e-03,3.858494e-02
2.096424e-01,5.794423e-02,1.014431e-01,2.847822e-01,1.765224e-02,2.475273e-02,5.540282e-03,5.610393e-02,1.403127e-02,3.609899e-03,3.594152e-02,1.144550e-01,3.414927e-02,7.533317e-03,3.241865e-02
3.767766e-01,4.454025e-02,7.556652e-02,2.142547e-01,1.433622e-02,2.584963e-02,5.416141e-03,4.480779e-02,1.112843e-02,3.016458e-03,3.011413e-02,9.315855e-02,2.770677e-02,6.429437e-03,2.689831e-02
4.679594e-01,3.358606e-02,5.616318e-02,1.621666e-01,1.153131e-02,4.689434e-02,5.736335e-03,3.562033e-02,9.062786e-03,2.434117e-03,2.663869e-02,9.096650e-02,2.348445e-02,5.472902e-03,2.228297e-02
1.000000e+00,0.000000e+00,0.000000e+00,0.000000e+00,0.000000e+00,0.000000e+00,0.000000e+00,0.000000e+00,0.000000e+00,0.000000e+00,0.000000e+00,0.000000e+00,0.000000e+00,0.000000e+00,0.000000e+00
1.000000e+00,0.000000e+00,0.000000e+00,0.000000e+00,0.000000e+00,0.000000e+00,0.000000e+00,0.000000e+00,0.000000e+00,0.000000e+00,0.000000e+00,0.000000e+00,0.000000e+00,0.000000e+00,0.000000e+00
1.000000e+00,0.000000e+00,0.000000e+00,0.000000e+00,0.000000e+00,0.000000e+00,0.000000e+00,0.000000e+00,0.000000e+00,0.000000e+00,0.000000e+00,0.000000e+00,0.000000e+00,0.000000e+00,0.000000e+00
1.000000e+00,0.000000e+00,0.000000e+00,0.000000e+00,0.000000e+00,0.000000e+00,0.000000e+00,0.000000e+00,0.000000e+00,0.000000e+00,0.000000e+00,0.000000e+00,0.000000e+00,0.000000e+00,0.000000e+00
1.000000e+00,0.000000e+00,0.000000e+00,0.000000e+00,0.000000e+00,0.000000e+00,0.000000e+00,0.000000e+00,0.000000e+00,0.000000e+00,0.000000e+00,0.000000e+00,0.000000e+00,0.000000e+00,0.000000e+00
4.035739e-01,1.013368e-02,1.520165e-02,3.501800e-02,3.957362e-03,3.019161e-01,5.082879e-03,1.111722e-02,5.297809e-03,1.823372e-03,2.157906e-02,1.562355e-01,1.344010e-02,3.250550e-03,1.237278e-02
3.077926e-01,7.558567e-03,1.198353e-02,2.681267e-02,3.304464e-03,2.963562e-01,4.194663e-03,8.928631e-03,5.208185e-03,1.418169e-03,1.852474e-02,2.861429e-01,1.025603e-02,2.439407e-03,9.079210e-03
2.252162e-01,5.513641e-03,9.878200e-03,2.007592e-02,2.826119e-03,2.999317e-01,3.732977e-03,6.996354e-03,5.008700e-03,1.148719e-03,1.509368e-02,3.885732e-01,7.585814e-03,1.807316e-03,6.611400e-03
1.595607e-01,4.523999e-03,1.957148e-02,1.441968e-02,1.861976e-02,2.160759e-01,3.052492e-03,5.148219e-03,1.719536e-02,2.112057e-03,1.126153e-02,5.163898e-01,5.922178e-03,1.370910e-03,4.775880e-03
1.258356e-01,3.330917e-03,1.559431e-02,1.064936e-02,1.822278e-02,1.638080e-01,2.888779e-03,4.009989e-03,1.528741e-02,3.101022e-03,8.720086e-03,6.190628e-01,4.934045e-03,1.126168e-03,3.428715e-03
1.409077e-01,2.709964e-03,1.162787e-02,7.981969e-03,2.262854e-02,1.212805e-01,2.859071e-03,4.077231e-03,3.483444e-02,5.134447e-03,8.308227e-03,6.288655e-01,5.017390e-03,1.169337e-03,2.597736e-03
1.313482e-01,2.322183e-03,8.772326e-03,5.878896e-03,3.987912e-02,9.947393e-02,4.163008e-03,4.293931e-03,6.105577e-02,4.948426e-03,8.075280e-03,6.211431e-01,5.498492e-03,1.175834e-03,1.971408e-03
1.279872e-01,2.418806e-03,7.735105e-03,4.708574e-03,6.438032e-02,1.145313e-01,8.760907e-03,6.396334e-03,6.790260e-02,5.240551e-03,8.431918e-03,5.732630e-01,5.540663e-03,1.128600e-03,1.574168e-03
9.273852e-02,2.049288e-03,5.957201e-03,3.423615e-03,5.510813e-02,1.046535e-01,6.666777e-03,4.973305e-03,6.650220e-02,3.919086e-03,6.980311e-03,6.373470e-01,7.402095e-03,1.085063e-03,1.193879e-03
7.283002e-02,2.361411e-03,8.252704e-03,2.925004e-03,5.476689e-02,9.608090e-02,5.151247e-03,5.245536e-03,8.538846e-02,2.993270e-03,7.167459e-03,6.432385e-01,1.083754e-02,1.642066e-03,1.118927e-03
5.447030e-02,3.184761e-03,1.245074e-02,2.709508e-03,5.701564e-02,9.402943e-02,4.561285e-03,1.714050e-02,9.683445e-02,2.381152e-03,8.228349e-03,6.295283e-01,1.420617e-02,2.242897e-03,1.016464e-03
4.352405e-02,4.390612e-03,1.097709e-02,4.444304e-03,1.028042e-01,7.172436e-02,4.660632e-03,3.198450e-02,1.735540e-01,1.941413e-03,1.297555e-02,5.138503e-01,1.856567e-02,3.409474e-03,1.193859e-03
3.749815e-02,3.840403e-03,8.837454e-03,8.787980e-03,1.658585e-01,5.313976e-02,3.742591e-03,4.718586e-02,1.834620e-01,1.510612e-03,1.529927e-02,4.365068e-01,3.008832e-02,3.254821e-03,9.874509e-04
4.301787e-02,6.960203e-03,7.125040e-03,1.352135e-02,2.105312e-01,4.184978e-02,3.259905e-03,1.026028e-01,1.843031e-01,1.190533e-03,1.890177e-02,3.238166e-01,3.892700e-02,3.085056e-03,9.077503e-04
7.164957e-02,9.595407e-03,6.778432e-03,3.016775e-02,2.460278e-01,3.324198e-02,2.937607e-03,1.310869e-01,1.525695e-01,1.099481e-03,2.104701e-02,2.414605e-01,4.802704e-02,2.690519e-03,1.620437e-03
9.763543e-02,8.609044e-03,5.648579e-03,4.661031e-02,2.354019e-01,3.878504e-02,2.820802e-03,1.577818e-01,1.182398e-01,1.023830e-03,1.950239e-02,1.839891e-01,7.991071e-02,2.285104e-03,1.756234e-03
8.297211e-02,7.519471e-03,4.260669e-03,4.958122e-02,2.621609e-01,2.995785e-02,2.414455e-03,2.192758e-01,9.907574e-02,8.896095e-04,1.690679e-02,1.537025e-01,6.787212e-02,2.090605e-03,1.320143e-03
7.164577e-02,6.298028e-03,3.465277e-03,6.746462e-02,2.678754e-01,2.821880e-02,2.299833e-03,2.864598e-01,7.969419e-02,6.581030e-04,1.282766e-02,1.147737e-01,5.562490e-02,1.687523e-03,1.006350e-03
6.180045e-02,4.701658e-03,2.865848e-03,6.195643e-02,2.083598e-01,2.880448e-02,2.823958e-03,4.358950e-01,5.716350e-02,4.785158e-04,9.080062e-03,8.082633e-02,4.325158e-02,1.202823e-03,7.896118e-04
5.403602e-02,3.384385e-03,2.569153e-03,5.525200e-02,1.561363e-01,2.561352e-02,3.496538e-03,5.616964e-01,4.055375e-02,3.544848e-04,6.420610e-03,5.684653e-02,3.216389e-02,8.571289e-04,6.192596e-04
4.666485e-02,2.398709e-03,2.343300e-03,4.417438e-02,1.138474e-01,2.061953e-02,3.172409e-03,6.695393e-01,2.848305e-02,2.588954e-04,4.553388e-03,3.997576e-02,2.289262e-02,6.219879e-04,4.544630e-04
4.760041e-02,1.716358e-03,1.852833e-03,3.181184e-02,8.337183e-02,2.753584e-02,4.545977e-03,7.316483e-01,2.005021e-02,1.957052e-04,3.295500e-03,2.827146e-02,1.725617e-02,4.580297e-04,3.895465e-04
4.751115e-02,1.283346e-03,1.506386e-03,2.420545e-02,6.167219e-02,3.533006e-02,4.931620e-03,7.713792e-01,1.443032e-02,1.553467e-04,2.593744e-03,2.011914e-02,1.415818e-02,3.527701e-04,3.711523e-04
4.345304e-02,9.809160e-04,1.394831e-03,2.363152e-02,4.571538e-02,3.127079e-02,4.077972e-03,8.101096e-01,1.039093e-02,1.257999e-04,2.098893e-03,1.434933e-02,1.172424e-02,2.721233e-04,4.046308e-04
4.900613e-02,7.933094e-04,1.537324e-03,2.318427e-02,3.407116e-02,3.426324e-02,3.707799e-03,8.199289e-01,7.619211e-03,1.204369e-04,1.838834e-03,1.074738e-02,1.244028e-02,2.226969e-04,5.190538e-04
7.115494e-02,1.014669e-03,1.908075e-03,2.302960e-02,2.769329e-02,3.929345e-02,2.930681e-03,7.869034e-01,6.087764e-03,4.339465e-04,4.985228e-03,1.027433e-02,2.185621e-02,3.081868e-04,2.126291e-03
7.814442e-02,1.371596e-03,3.942037e-03,2.104257e-02,2.094354e-02,5.198991e-02,2.458064e-03,6.775347e-01,9.379299e-03,1.449569e-03,1.144775e-02,1.624011e-02,9.778245e-02,3.764703e-04,5.897489e-03
6.545577e-02,1.076174e-03,3.244244e-03,1.695883e-02,1.694829e-02,6.400043e-02,2.027869e-03,5.284526e-01,7.955223e-03,1.173052e-03,1.547447e-02,3.539684e-02,2.357398e-01,3.338365e-04,5.762449e-03
6.056426e-02,8.434117e-04,2.613479e-03,1.230622e-02,1.232218e-02,5.660209e-02,1.549267e-03,4.087349e-01,6.312861e-03,8.950492e-04,1.711730e-02,5.488057e-02,3.607472e-01,2.689886e-04,4.242140e-03
5.158404e-02,8.156245e-04,1.899496e-03,8.917135e-03,8.850280e-03,4.325692e-02,1.129429e-03,2.934786e-01,1.265269e-02,7.763896e-04,2.283167e-02,9.015357e-02,4.601967e-01,2.221699e-04,3.235180e-03
3.982634e-02,5.048685e-03,1.436689e-03,6.439077e-03,6.691896e-03,3.065614e-02,8.115113e-04,2.071207e-01,3.165277e-02,7.784021e-04,1.851801e-02,7.193641e-02,5.757945e-01,1.795986e-04,3.109278e-03
2.952203e-02,1.640477e-02,2.683811e-03,6.422909e-03,7.995663e-03,2.220259e-02,6.482400e-04,1.557858e-01,1.861720e-01,1.046847e-03,1.541289e-02,5.833424e-02,4.947161e-01,1.345901e-04,2.517417e-03
2.093623e-02,1.996841e-02,2.865822e-03,5.345115e-03,7.519872e-03,1.558866e-02,4.724574e-04,1.195810e-01,3.728769e-01,8.857734e-04,1.150786e-02,4.446730e-02,3.759867e-01,9.803718e-05,1.899830e-03
1.514337e-02,8.498432e-02,5.177952e-03,8.888224e-03,6.947470e-03,1.100483e-02,3.489048e-04,9.679987e-02,4.593471e-01,8.638656e-04,8.748952e-03,3.190958e-02,2.679121e-01,1.878281e-04,1.735528e-03
1.140781e-02,1.580331e-01,1.271707e-02,1.061773e-02,1.099148e-02,7.785022e-03,2.585668e-04,9.018843e-02,4.753253e-01,7.284392e-04,6.641384e-03,2.280808e-02,1.907205e-01,2.649081e-04,1.512116e-03
9.447597e-03,2.995865e-01,2.206567e-02,1.763134e-02,1.030958e-02,5.543122e-03,2.015170e-04,7.870620e-02,3.993211e-01,6.625040e-04,5.071637e-03,1.605002e-02,1.339070e-01,2.397987e-04,1.256380e-03
1.191226e-02,2.873813e-01,6.712788e-02,6.268448e-02,1.140475e-02,4.576313e-03,1.687186e-04,8.030880e-02,3.593308e-01,1.093735e-03,5.418002e-03,1.155705e-02,9.490898e-02,5.179579e-04,1.608886e-03
1.261035e-02,2.357656e-01,1.117610e-01,7.200597e-02,1.596792e-02,3.633099e-03,1.867980e-04,1.050737e-01,3.589131e-01,1.100902e-03,4.944690e-03,8.360146e-03,6.747840e-02,6.062091e-04,1.592054e-03
1.148803e-02,1.862936e-01,1.529827e-01,1.809307e-01,1.430449e-02,3.188028e-03,1.622008e-04,8.279326e-02,2.934738e-01,1.526705e-03,1.204151e-02,7.488037e-03,5.091364e-02,5.412054e-04,1.872043e-03
9.287075e-03,1.391237e-01,1.314353e-01,2.547877e-01,1.102607e-02,4.162172e-03,1.239206e-04,6.096863e-02,2.202894e-01,2.039400e-03,8.420765e-02,1.364672e-02,6.648992e-02,4.363549e-04,1.975980e-03
6.651462e-03,9.900928e-02,9.405468e-02,2.409456e-01,7.882774e-03,3.544122e-03,9.471177e-05,4.278556e-02,1.600649e-01,2.860591e-03,2.601353e-01,1.496531e-02,6.381234e-02,3.964702e-04,2.796894e-03
4.792800e-03,6.952755e-02,6.586763e-02,1.693498e-01,6.886764e-03,2.602131e-03,9.068381e-05,3.027398e-02,1.521801e-01,2.321820e-03,3.224937e-01,2.700265e-02,1.440923e-01,4.434174e-04,2.074744e-03
3.714809e-03,4.889879e-02,4.613124e-02,1.189711e-01,6.495603e-03,1.980237e-03,9.352196e-05,2.347458e-02,1.566030e-01,1.990190e-03,3.711798e-01,2.565529e-02,1.927193e-01,4.430788e-04,1.649359e-03
5.163250e-03,3.533131e-02,3.265210e-02,9.001067e-02,1.264230e-02,2.373129e-03,1.765245e-04,2.863083e-02,1.980551e-01,3.016765e-03,3.640352e-01,2.680013e-02,1.986207e-01,7.822212e-04,1.709823e-03
8.579510e-03,2.624120e-02,2.372272e-02,6.821478e-02,2.001400e-02,2.993254e-03,1.097873e-03,1.187212e-01,1.883630e-01,5.462610e-03,3.286717e-01,2.866280e-02,1.765447e-01,1.080430e-03,1.630293e-03
2.498142e-02,2.384606e-02,1.788694e-02,5.221412e-02,3.559519e-02,1.246422e-02,2.451727e-03,1.533208e-01,1.684758e-01,8.704116e-03,3.221510e-01,3.572961e-02,1.390879e-01,1.733800e-03,1.357315e-03
2.975245e-02,1.739121e-02,1.597680e-02,4.012267e-02,4.567111e-02,1.080608e-02,4.798422e-02,2.832611e-01,1.240474e-01,1.145015e-02,2.447015e-01,2.637170e-02,9.965886e-02,1.445969e-03,1.358816e-03
4.334746e-02,1.301408e-02,1.667434e-02,3.027913e-02,4.998023e-02,1.159381e-02,6.832489e-02,3.799706e-01,9.206880e-02,1.497121e-02,1.863962e-01,1.945350e-02,7.118301e-02,1.185588e-03,1.557231e-03
6.661351e-02,1.132505e-02,2.244061e-02,2.617791e-02,5.497706e-02,1.460422e-02,6.283843e-02,4.156102e-01,7.202210e-02,4.125528e-02,1.415228e-01,1.564744e-02,5.122162e-02,1.169983e-03,2.573827e-03
8.010200e-02,9.327130e-03,2.333444e-02,2.233270e-02,5.485604e-02,1.424116e-02,5.977434e-02,4.687847e-01,5.679240e-02,4.581096e-02,1.097236e-01,1.210648e-02,3.757326e-02,1.295775e-03,3.945123e-03
7.013988e-02,7.231775e-03,2.374319e-02,1.663396e-02,4.496614e-02,1.192100e-02,6.055361e-02,5.690837e-01,4.236890e-02,3.275013e-02,7.935729e-02,9.189844e-03,2.717826e-02,1.316588e-03,3.565832e-03
6.657172e-02,5.610781e-03,2.126404e-02,1.287924e-02,4.333296e-02,9.954052e-03,7.565572e-02,6.121561e-01,4.028969e-02,2.331373e-02,5.683089e-02,7.353943e-03,2.050834e-02,1.187542e-03,3.091344e-03
8.363764e-02,4.906074e-03,2.007902e-02,1.003897e-02,4.168141e-02,1.135524e-02,8.887052e-02,6.133162e-01,3.863084e-02,1.672298e-02,4.124594e-02,7.819371e-03,1.700738e-02,1.461348e-03,3.227105e-03
9.939253e-02,5.531883e-03,2.028477e-02,8.909151e-03,4.578241e-02,1.581476e-02,8.019210e-02,6.137184e-01,3.648920e-02,1.195033e-02,3.148781e-02,9.832851e-03,1.466750e-02,2.435280e-03,3.511027e-03
1.111458e-01,5.572525e-03,1.950863e-02,7.766873e-03,5.243260e-02,1.718502e-02,7.760487e-02,6.154467e-01,3.303975e-02,8.563947e-03,2.367478e-02,9.818796e-03,1.187246e-02,2.831975e-03,3.535235e-03
1.748399e-01,7.024887e-03,2.130250e-02,7.812025e-03,5.030090e-02,2.057832e-02,6.381387e-02,5.631005e-01,2.976889e-02,6.909745e-03,1.964412e-02,1.363769e-02,1.128584e-02,3.477947e-03,6.502920e-03
2.590878e-01,8.410959e-03,2.958792e-02,1.029434e-02,4.662883e-02,2.797038e-02,5.189401e-02,4.693401e-01,2.648578e-02,6.921452e-03,1.654915e-02,2.104995e-02,1.174307e-02,4.357835e-03,9.678418e-03
3.501216e-01,9.001267e-03,3.403569e-02,1.206475e-02,4.363577e-02,2.834724e-02,4.271992e-02,3.793716e-01,2.409650e-02,8.297649e-03,1.342207e-02,2.677621e-02,1.180879e-02,4.616801e-03,1.168415e-02
4.468457e-01,1.013801e-02,3.483903e-02,1.332035e-02,3.357866e-02,2.781465e-02,3.525345e-02,2.989504e-01,1.976286e-02,7.758657e-03,1.138674e-02,2.674564e-02,1.228397e-02,6.147034e-03,1.517493e-02
1.000000e+00,0.000000e+00,0.000000e+00,0.000000e+00,0.000000e+00,0.000000e+00,0.000000e+00,0.000000e+00,0.000000e+00,0.000000e+00,0.000000e+00,0.000000e+00,0.000000e+00,0.000000e+00,0.000000e+00
1.000000e+00,0.000000e+00,0.000000e+00,0.000000e+00,0.000000e+00,0.000000e+00,0.000000e+00,0.000000e+00,0.000000e+00,0.000000e+00,0.000000e+00,0.000000e+00,0.000000e+00,0.000000e+00,0.000000e+00
1.000000e+00,0.000000e+00,0.000000e+00,0.000000e+00,0.000000e+00,0.000000e+00,0.000000e+00,0.000000e+00,0.000000e+00,0.000000e+00,0.000000e+00,0.000000e+00,0.000000e+00,0.000000e+00,0.000000e+00
1.000000e+00,0.000000e+00,0.000000e+00,0.000000e+00,0.000000e+00,0.000000e+00,0.000000e+00,0.000000e+00,0.000000e+00,0.000000e+00,0.000000e+00,0.000000e+00,0.000000e+00,0.000000e+00,0.000000e+00
4.848124e-01,1.467888e-02,2.357176e-02,6.790563e-02,1.327027e-02,3.858122e-02,9.166166e-03,1.055846e-01,1.550440e-02,5.426025e-03,2.494407e-02,1.191643e-01,4.179176e-02,5.395874e-03,3.020258e-02
4.904000e-01,1.495369e-02,2.142692e-02,6.785887e-02,1.280462e-02,3.885470e-02,7.372100e-03,8.305283e-02,1.823515e-02,5.103153e-03,2.985173e-02,1.247224e-01,4.756952e-02,5.733864e-03,3.206048e-02
4.516889e-01,1.736625e-02,1.888040e-02,8.323604e-02,1.548427e-02,3.556298e-02,6.719896e-03,6.327553e-02,2.662658e-02,5.688276e-03,3.683362e-02,1.427111e-01,5.259808e-02,7.219715e-03,3.610827e-02
4.645718e-01,1.846091e-02,2.153724e-02,1.062557e-01,1.676491e-02,3.288382e-02,5.754775e-03,5.259426e-02,2.652230e-02,5.620752e-03,3.626321e-02,1.277042e-01,4.474966e-02,6.715984e-03,3.360044e-02
4.884077e-01,1.900025e-02,2.009609e-02,1.110498e-01,1.757349e-02,3.112713e-02,5.097019e-03,4.239331e-02,2.589914e-02,5.939140e-03,3.616164e-02,1.219104e-01,3.818118e-02,6.257626e-03,3.090607e-02
3.908588e-01,1.896825e-02,1.918935e-02,2.452699e-01,2.030875e-02,2.714092e-02,4.161241e-03,3.342871e-02,2.276473e-02,5.405596e-03,3.445462e-02,1.191615e-01,2.948585e-02,5.195122e-03,2.420668e-02
4.376761e-01,1.778099e-02,1.694087e-02,2.137059e-01,1.735555e-02,2.852598e-02,3.638312e-03,2.532110e-02,2.283808e-02,5.400052e-03,4.045635e-02,1.194378e-01,2.377601e-02,4.878454e-03,2.226846e-02
3.454411e-01,1.394827e-02,1.245526e-02,1.840618e-01,1.368523e-02,2.549723e-02,2.921928e-03,1.997568e-02,3.084056e-02,5.021858e-03,4.946387e-02,2.413607e-01,3.280642e-02,4.228532e-03,1.829161e-02
3.381724e-01,1.234220e-02,1.072601e-02,1.554314e-01,1.421886e-02,2.387975e-02,2.949165e-03,3.701835e-02,3.846762e-02,6.993794e-03,5.673976e-02,2.452197e-01,3.932185e-02,3.914261e-03,1.460485e-02
3.650425e-01,1.220484e-02,8.631204e-03,1.301994e-01,1.479738e-02,2.208186e-02,2.547371e-03,3.258779e-02,5.025706e-02,9.441504e-03,5.393582e-02,2.473933e-01,3.560670e-02,3.269824e-03,1.200351e-02
3.110435e-01,2.128746e-02,6.765159e-03,9.844483e-02,2.832928e-02,1.726980e-02,2.400221e-03,2.986722e-02,2.052599e-01,7.593850e-03,5.278492e-02,1.809596e-01,2.681150e-02,2.398040e-03,8.784738e-03
3.243353e-01,2.011315e-02,8.118953e-03,8.396687e-02,4.654536e-02,1.806151e-02,3.516095e-03,3.371261e-02,2.229329e-01,6.763466e-03,4.911723e-02,1.464433e-01,2.601343e-02,2.059893e-03,8.300014e-03
3.195041e-01,1.888383e-02,1.594574e-02,7.682811e-02,8.815537e-02,1.573748e-02,3.730851e-03,4.789734e-02,1.873126e-01,3.117522e-02,6.041103e-02,1.054880e-01,2.047148e-02,2.000453e-03,6.458527e-03
2.778802e-01,2.207723e-02,2.510290e-02,7.635617e-02,8.803164e-02,1.603810e-02,5.569610e-03,7.214910e-02,1.585063e-01,9.899309e-02,5.307215e-02,7.996867e-02,1.886923e-02,2.075552e-03,5.310192e-03
2.592565e-01,2.093299e-02,2.919079e-02,7.435995e-02,8.690041e-02,1.739614e-02,6.097740e-03,1.414984e-01,1.253637e-01,1.054865e-01,4.588537e-02,6.231491e-02,1.797101e-02,2.420595e-03,4.925047e-03
2.124899e-01,1.630207e-02,4.083941e-02,7.385918e-02,8.035783e-02,1.454632e-02,6.353376e-03,2.817957e-01,9.105041e-02,8.028650e-02,3.619790e-02,4.560464e-02,1.423547e-02,2.211160e-03,3.870278e-03
1.891024e-01,1.193915e-02,6.625449e-02,7.490523e-02,6.392312e-02,1.364336e-02,7.187088e-03,3.710499e-01,6.492326e-02,5.822722e-02,2.686790e-02,3.572837e-02,1.121085e-02,1.817594e-03,3.220133e-03
1.823721e-01,8.566899e-03,7.469489e-02,7.467549e-02,4.703623e-02,1.819048e-02,6.735365e-03,4.354616e-01,4.581241e-02,4.352763e-02,2.047827e-02,2.841818e-02,8.820426e-03,1.721777e-03,3.488410e-03
2.571684e-01,6.434905e-03,6.901266e-02,6.390257e-02,3.689935e-02,1.818720e-02,6.384884e-03,4.191985e-01,3.260679e-02,3.172721e-02,1.631624e-02,2.711257e-02,7.672540e-03,1.686061e-03,5.690182e-03
3.166094e-01,4.896309e-03,6.147228e-02,5.426751e-02,2.901845e-02,1.789449e-02,6.474520e-03,4.113616e-01,2.349712e-02,2.292694e-02,1.242035e-02,2.414234e-02,6.757828e-03,1.559052e-03,6.701826e-03
2.964344e-01,3.654861e-03,4.776503e-02,4.114256e-02,2.409495e-02,1.811686e-02,6.734151e-03,4.855414e-01,1.705198e-02,1.624517e-02,9.711101e-03,2.002792e-02,6.119083e-03,1.415584e-03,5.945002e-03
2.606792e-01,2.974347e-03,4.498379e-02,3.348459e-02,2.676927e-02,1.540944e-02,7.087746e-03,5.442757e-01,1.358425e-02,1.161839e-02,8.606296e-03,1.790627e-02,5.801336e-03,1.284281e-03,5.535122e-03
2.359896e-01,2.617000e-03,4.662982e-02,3.046001e-02,2.715931e-02,1.220772e-02,6.136421e-03,5.841591e-01,1.216540e-02,8.347325e-03,7.862641e-03,1.492863e-02,5.090050e-03,1.209483e-03,5.037532e-03
2.979088e-01,3.630791e-03,6.110301e-02,3.229723e-02,2.338497e-02,1.459787e-02,5.444707e-03,4.867837e-01,1.410365e-02,6.946534e-03,1.023203e-02,2.699180e-02,6.600746e-03,2.168635e-03,7.805520e-03
3.055828e-01,5.922864e-03,6.337843e-02,6.223902e-02,1.919902e-02,1.421615e-02,4.304891e-03,3.919939e-01,4.526871e-02,1.033824e-02,2.057640e-02,2.661474e-02,7.645675e-03,3.063976e-03,1.965513e-02
2.463907e-01,6.580102e-03,5.718162e-02,1.746123e-01,1.925116e-02,1.160949e-02,3.228770e-03,2.905901e-01,9.521376e-02,9.174438e-03,3.909134e-02,2.071227e-02,7.177783e-03,3.614255e-03,1.557192e-02
1.740982e-01,5.158929e-03,4.092289e-02,2.104270e-01,1.400406e-02,8.354327e-03,2.298446e-03,2.050495e-01,1.514705e-01,1.051616e-02,1.300990e-01,1.763621e-02,1.415195e-02,3.506125e-03,1.230656e-02
1.261875e-01,6.929364e-03,2.991942e-02,1.830144e-01,1.016028e-02,7.409986e-03,1.707914e-03,1.459055e-01,1.643380e-01,2.389332e-02,1.897542e-01,3.006550e-02,5.990873e-02,5.436177e-03,1.536962e-02
9.054473e-02,9.557104e-03,2.307580e-02,1.579384e-01,7.683907e-03,6.642775e-03,1.265547e-03,1.032634e-01,1.402349e-01,2.652874e-02,2.449798e-01,7.624659e-02,8.639351e-02,7.868090e-03,1.777669e-02
6.606963e-02,8.081009e-03,4.539153e-02,2.576410e-01,6.915021e-03,5.792955e-03,9.332399e-04,7.552030e-02,1.142590e-01,2.099267e-02,2.224953e-01,6.770185e-02,8.583590e-02,6.201369e-03,1.616921e-02
5.279454e-02,2.665181e-02,6.606702e-02,2.681076e-01,7.356889e-03,1.778481e-02,7.749035e-04,5.409221e-02,1.195329e-01,2.227128e-02,1.936235e-01,5.654575e-02,6.967391e-02,1.045439e-02,3.426851e-02
4.740344e-02,5.008288e-02,6.052955e-02,2.779269e-01,7.678712e-03,1.999863e-02,6.692159e-04,3.972043e-02,1.420666e-01,2.172432e-02,1.813597e-01,4.596619e-02,5.425536e-02,1.498582e-02,3.563228e-02
3.513139e-02,4.225776e-02,6.360874e-02,4.453995e-01,5.989501e-03,1.459614e-02,5.113989e-04,2.803090e-02,1.104163e-01,1.607330e-02,1.280670e-01,3.259826e-02,3.819548e-02,1.080574e-02,2.831862e-02
4.876176e-02,4.892822e-02,6.927042e-02,4.450113e-01,6.581699e-03,1.229799e-02,4.944177e-04,2.104052e-02,1.286189e-01,1.532589e-02,1.033129e-01,2.519085e-02,2.894345e-02,1.758635e-02,2.863539e-02
5.850872e-02,4.405025e-02,7.842994e-02,4.973534e-01,5.639301e-03,1.019236e-02,4.455414e-04,1.611223e-02,1.241450e-01,1.372445e-02,7.614382e-02,1.831602e-02,2.092882e-02,1.333849e-02,2.267168e-02
8.237542e-02,4.420320e-02,6.956194e-02,4.973319e-01,6.014822e-03,9.913271e-03,5.691382e-04,1.313641e-02,1.454357e-01,1.296771e-02,5.826126e-02,1.392054e-02,1.576035e-02,1.125528e-02,1.929303e-02
7.735863e-02,5.752113e-02,6.499963e-02,4.212899e-01,1.453676e-02,1.196996e-02,8.686518e-04,9.698354e-03,2.204674e-01,1.336560e-02,5.139419e-02,1.053271e-02,1.211520e-02,1.013127e-02,2.375067e-02
8.186936e-02,4.547518e-02,4.831608e-02,4.211128e-01,1.303198e-02,9.505053e-03,8.113331e-04,8.457439e-03,2.704128e-01,1.311620e-02,3.986668e-02,8.206220e-03,9.583591e-03,7.743233e-03,2.249209e-02
9.941687e-02,3.323377e-02,3.464020e-02,3.233448e-01,1.584254e-02,1.077762e-02,9.006733e-04,7.421750e-03,3.815261e-01,1.260631e-02,3.572119e-02,7.204681e-03,8.717660e-03,7.785086e-03,2.086079e-02
9.494593e-02,2.446348e-02,2.473528e-02,2.501025e-01,1.227532e-02,8.308802e-03,7.317154e-04,5.879181e-03,4.981783e-01,1.282709e-02,2.934038e-02,5.845494e-03,7.473300e-03,6.458842e-03,1.843440e-02
9.848543e-02,2.125582e-02,1.764145e-02,2.082846e-01,9.843099e-03,6.461902e-03,5.867557e-04,5.156221e-03,5.592414e-01,1.272304e-02,2.551639e-02,4.949099e-03,6.742303e-03,5.658165e-03,1.745444e-02
1.516348e-01,2.317011e-02,1.295034e-02,1.707225e-01,1.299107e-02,5.871234e-03,7.598145e-04,5.295000e-03,5.303229e-01,1.217900e-02,3.348788e-02,5.485847e-03,8.303817e-03,5.629355e-03,2.119641e-02
1.479074e-01,2.019559e-02,9.439774e-03,1.686238e-01,1.047452e-02,5.099413e-03,7.370624e-04,5.378005e-03,5.582582e-01,9.428741e-03,2.701826e-02,5.773178e-03,7.827461e-03,4.908367e-03,1.893023e-02
2.856200e-01,1.781894e-02,7.098481e-03,1.270199e-01,9.751152e-03,6.223913e-03,1.004464e-03,7.483934e-03,4.549063e-01,8.122459e-03,2.207453e-02,9.427309e-03,1.031007e-02,5.888511e-03,2.725001e-02
2.671354e-01,1.459771e-02,6.839957e-03,1.346859e-01,9.048887e-03,5.808769e-03,1.156901e-03,1.183759e-02,4.630111e-01,7.154690e-03,1.937385e-02,1.063253e-02,1.070366e-02,5.234026e-03,3.277889e-02
2.842508e-01,1.376078e-02,1.342344e-02,1.434673e-01,7.660431e-03,5.950128e-03,1.076792e-03,1.216751e-02,4.205185e-01,6.361664e-03,1.692348e-02,1.208555e-02,1.059392e-02,5.203763e-03,4.655585e-02
3.356949e-01,1.699544e-02,1.163643e-02,1.185328e-01,1.007752e-02,1.157487e-02,1.351993e-03,1.546541e-02,3.394163e-01,7.120655e-03,1.611538e-02,1.388593e-02,1.162264e-02,5.298311e-03,8.521135e-02
3.780592e-01,1.671303e-02,1.408712e-02,1.305187e-01,9.904332e-03,1.279949e-02,1.549700e-03,2.456776e-02,2.920797e-01,6.425104e-03,1.586081e-02,1.331437e-02,1.035767e-02,4.773808e-03,6.898929e-02
4.512493e-01,1.517758e-02,1.283895e-02,1.011242e-01,9.279152e-03,1.342400e-02,1.492067e-03,6.601125e-02,2.297817e-01,5.344687e-03,1.322322e-02,1.214259e-02,8.705209e-03,4.503918e-03,5.570219e-02
4.853683e-01,1.624218e-02,1.166121e-02,7.666262e-02,1.004704e-02,4.033795e-02,1.559874e-03,8.019458e-02,1.960953e-01,4.024598e-03,1.126914e-02,1.114705e-02,7.350851e-03,4.193644e-03,4.384567e-02
4.687237e-01,2.140040e-02,8.808333e-03,5.668383e-02,1.082883e-02,8.295885e-02,1.329972e-03,6.795619e-02,2.107383e-01,2.931501e-03,9.874002e-03,1.020634e-02,7.409710e-03,4.421580e-03,3.572848e-02
4.641374e-01,2.366661e-02,6.708852e-03,4.307890e-02,1.135735e-02,9.533981e-02,1.314349e-03,7.412663e-02,2.200730e-01,2.106974e-03,9.721508e-03,1.053624e-02,6.739353e-03,3.950650e-03,2.714237e-02
3.592863e-01,2.139771e-02,5.841182e-03,3.295994e-02,9.690227e-03,1.576401e-01,1.240977e-03,1.975005e-01,1.677762e-01,1.490656e-03,7.368536e-03,8.231000e-03,7.464722e-03,2.866811e-03,1.924515e-02
3.228002e-01,2.578656e-02,4.533645e-03,2.368872e-02,8.134886e-03,2.776793e-01,1.006524e-03,1.572747e-01,1.387887e-01,1.076337e-03,5.839775e-03,6.984651e-03,9.538021e-03,2.470757e-03,1.439727e-02
3.113572e-01,2.514315e-02,3.588756e-03,1.744124e-02,6.453826e-03,3.658105e-01,8.985380e-04,1.244647e-01,1.073028e-01,8.257560e-04,5.117987e-03,6.428264e-03,1.096956e-02,2.210761e-03,1.198692e-02
3.764013e-01,2.145790e-02,3.081996e-03,1.360154e-02,5.350905e-03,3.550644e-01,8.523666e-04,9.289419e-02,9.484582e-02,7.349855e-04,5.181777e-03,6.831594e-03,1.033792e-02,2.861019e-03,1.050233e-02
4.819450e-01,1.851142e-02,2.517780e-03,1.093061e-02,4.421302e-03,2.789946e-01,7.808134e-04,6.699005e-02,9.883276e-02,6.831147e-04,5.725684e-03,8.141466e-03,8.250700e-03,3.217614e-03,1.005712e-02
1.000000e+00,0.000000e+00,0.000000e+00,0.000000e+00,0.000000e+00,0.000000e+00,0.000000e+00,0.000000e+00,0.000000e+00,0.000000e+00,0.000000e+00,0.000000e+00,0.000000e+00,0.000000e+00,0.000000e+00
1.000000e+00,0.000000e+00,0.000000e+00,0.000000e+00,0.000000e+00,0.000000e+00,0.000000e+00,0.000000e+00,0.000000e+00,0.000000e+00,0.000000e+00,0.000000e+00,0.000000e+00,0.000000e+00,0.000000e+00
1.000000e+00,0.000000e+00,0.000000e+00,0.000000e+00,0.000000e+00,0.000000e+00,0.000000e+00,0.000000e+00,0.000000e+00,0.000000e+00,0.000000e+00,0.000000e+00,0.000000e+00,0.000000e+00,0.000000e+00
1.000000e+00,0.000000e+00,0.000000e+00,0.000000e+00,0.000000e+00,0.000000e+00,0.000000e+00,0.000000e+00,0.000000e+00,0.000000e+00,0.000000e+00,0.000000e+00,0.000000e+00,0.000000e+00,0.000000e+00
1.000000e+00,0.000000e+00,0.000000e+00,0.000000e+00,0.000000e+00,0.000000e+00,0.000000e+00,0.000000e+00,0.000000e+00,0.000000e+00,0.000000e+00,0.000000e+00,0.000000e+00,0.000000e+00,0.000000e+00
1.000000e+00,0.000000e+00,0.000000e+00,0.000000e+00,0.000000e+00,0.000000e+00,0.000000e+00,0.000000e+00,0.000000e+00,0.000000e+00,0.000000e+00,0.000000e+00,0.000000e+00,0.000000e+00,0.000000e+00
1.000000e+00,0.000000e+00,0.000000e+00,0.000000e+00,0.000000e+00,0.000000e+00,0.000000e+00,0.000000e+00,0.000000e+00,0.000000e+00,0.000000e+00,0.000000e+00,0.000000e+00,0.000000e+00,0.000000e+00
3.914692e-01,3.537335e-02,1.021304e-02,1.867946e-01,1.029497e-02,3.171966e-02,2.509866e-03,1.095846e-02,7.380250e-02,3.343616e-02,1.931271e-02,5.331597e-02,1.341140e-02,7.748069e-03,1.196399e-01
2.742079e-01,3.193076e-02,2.495256e-02,3.622510e-01,1.014335e-02,2.327736e-02,2.143247e-03,7.732336e-03,6.219334e-02,2.627142e-02,1.410083e-02,3.796774e-02,9.739606e-03,5.470762e-03,1.076178e-01
1.927002e-01,3.933907e-02,4.575717e-02,3.676947e-01,9.503301e-03,2.101089e-02,2.167427e-03,5.441702e-03,5.417163e-02,3.613778e-02,1.126978e-02,2.773578e-02,7.401807e-03,4.216881e-03,1.754519e-01
1.378422e-01,3.992316e-02,6.896071e-02,3.329553e-01,7.600497e-03,1.628123e-02,1.791915e-03,3.963270e-03,4.439760e-02,4.663140e-02,9.436360e-03,2.017348e-02,5.774008e-03,3.610283e-03,2.606587e-01
1.093706e-01,5.759913e-02,1.019442e-01,2.862527e-01,7.028350e-03,1.283747e-02,2.035624e-03,2.958222e-03,6.024936e-02,6.022562e-02,7.843500e-03,1.467124e-02,5.487687e-03,3.609575e-03,2.678868e-01
9.893197e-02,6.289062e-02,1.117169e-01,2.526582e-01,7.732265e-03,1.083717e-02,2.441811e-03,2.404729e-03,6.715811e-02,6.660858e-02,6.709013e-03,1.080774e-02,6.909612e-03,3.516756e-03,2.886766e-01
8.708547e-02,1.116320e-01,9.065209e-02,2.077715e-01,7.315282e-03,8.585243e-03,1.908511e-03,2.053907e-03,1.631880e-01,5.730090e-02,5.768975e-03,7.895893e-03,6.178730e-03,3.343426e-03,2.393200e-01
1.046793e-01,1.218420e-01,6.617916e-02,1.619735e-01,9.566737e-03,8.794908e-03,1.748506e-03,1.772812e-03,2.693696e-01,4.294722e-02,5.778162e-03,6.092597e-03,7.352822e-03,2.859871e-03,1.890428e-01
1.485323e-01,9.619290e-02,4.902743e-02,1.377745e-01,3.666984e-02,1.411837e-02,3.156279e-03,2.047901e-03,3.077301e-01,3.131723e-02,5.846572e-03,4.906424e-03,6.838497e-03,2.928840e-03,1.529128e-01
1.636816e-01,8.260988e-02,3.890694e-02,1.257406e-01,3.368798e-02,1.343823e-02,2.996129e-03,2.569481e-03,2.493096e-01,2.653839e-02,5.337570e-03,3.989290e-03,7.896896e-03,3.406054e-03,2.398914e-01
1.549225e-01,6.618503e-02,5.171656e-02,1.920511e-01,3.982477e-02,1.373766e-02,3.595675e-03,7.002854e-03,2.047948e-01,2.353208e-02,5.735924e-03,3.438533e-03,7.191685e-03,3.149721e-03,2.231212e-01
2.012983e-01,5.907583e-02,4.139497e-02,1.558653e-01,7.950227e-02,1.962366e-02,7.318397e-03,4.014438e-02,1.933647e-01,1.700193e-02,6.913863e-03,3.605811e-03,8.033189e-03,3.590140e-03,1.632673e-01
2.249716e-01,5.465846e-02,3.287842e-02,1.186284e-01,1.100678e-01,2.310402e-02,9.481523e-03,4.477228e-02,2.239111e-01,1.207213e-02,7.314565e-03,4.124257e-03,1.015680e-02,4.651658e-03,1.192069e-01
