1.000000e+00,0.000000e+00,0.000000e+00,0.000000e+00,0.000000e+00,0.000000e+00,0.000000e+00,0.000000e+00,0.000000e+00,0.000000e+00,0.000000e+00,0.000000e+00,0.000000e+00,0.000000e+00,0.000000e+00
1.000000e+00,0.000000e+00,0.000000e+00,0.000000e+00,0.000000e+00,0.000000e+00,0.000000e+00,0.000000e+00,0.000000e+00,0.000000e+00,0.000000e+00,0.000000e+00,0.000000e+00,0.000000e+00,0.000000e+00
1.000000e+00,0.000000e+00,0.000000e+00,0.000000e+00,0.000000e+00,0.000000e+00,0.000000e+00,0.000000e+00,0.000000e+00,0.000000e+00,0.000000e+00,0.000000e+00,0.000000e+00,0.000000e+00,0.000000e+00
1.000000e+00,0.000000e+00,0.000000e+00,0.000000e+00,0.000000e+00,0.000000e+00,0.000000e+00,0.000000e+00,0.000000e+00,0.000000e+00,0.000000e+00,0.000000e+00,0.000000e+00,0.000000e+00,0.000000e+00
1.000000e+00,0.000000e+00,0.000000e+00,0.000000e+00,0.000000e+00,0.000000e+00,0.000000e+00,0.000000e+00,0.000000e+00,0.000000e+00,0.000000e+00,0.000000e+00,0.000000e+00,0.000000e+00,0.000000e+00
1.000000e+00,0.000000e+00,0.000000e+00,0.000000e+00,0.000000e+00,0.000000e+00,0.000000e+00,0.000000e+00,0.000000e+00,0.000000e+00,0.000000e+00,0.000000e+00,0.000000e+00,0.000000e+00,0.000000e+00
1.000000e+00,0.000000e+00,0.000000e+00,0.000000e+00,0.000000e+00,0.000000e+00,0.000000e+00,0.000000e+00,0.000000e+00,0.000000e+00,0.000000e+00,0.000000e+00,0.000000e+00,0.000000e+00,0.000000e+00
1.000000e+00,0.000000e+00,0.000000e+00,0.000000e+00,0.000000e+00,0.000000e+00,0.000000e+00,0.000000e+00,0.000000e+00,0.000000e+00,0.000000e+00,0.000000e+00,0.000000e+00,0.000000e+00,0.000000e+00
1.000000e+00,0.000000e+00,0.000000e+00,0.000000e+00,0.000000e+00,0.000000e+00,0.000000e+00,0.000000e+00,0.000000e+00,0.000000e+00,0.000000e+00,0.000000e+00,0.000000e+00,0.000000e+00,0.000000e+00
1.000000e+00,0.000000e+00,0.000000e+00,0.000000e+00,0.000000e+00,0.000000e+00,0.000000e+00,0.000000e+00,0.000000e+00,0.000000e+00,0.000000e+00,0.000000e+00,0.000000e+00,0.000000e+00,0.000000e+00
1.000000e+00,0.000000e+00,0.000000e+00,0.000000e+00,0.000000e+00,0.000000e+00,0.000000e+00,0.000000e+00,0.000000e+00,0.000000e+00,0.000000e+00,0.000000e+00,0.000000e+00,0.000000e+00,0.000000e+00
1.000000e+00,0.000000e+00,0.000000e+00,0.000000e+00,0.000000e+00,0.000000e+00,0.000000e+00,0.000000e+00,0.000000e+00,0.000000e+00,0.000000e+00,0.000000e+00,0.000000e+00,0.000000e+00,0.000000e+00
1.000000e+00,0.000000e+00,0.000000e+00,0.000000e+00,0.000000e+00,0.000000e+00,0.000000e+00,0.000000e+00,0.000000e+00,0.000000e+00,0.000000e+00,0.000000e+00,0.000000e+00,0.000000e+00,0.000000e+00
1.000000e+00,0.000000e+00,0.000000e+00,0.000000e+00,0.000000e+00,0.000000e+00,0.000000e+00,0.000000e+00,0.000000e+00,0.000000e+00,0.000000e+00,0.000000e+00,0.000000e+00,0.000000e+00,0.000000e+00
1.000000e+00,0.000000e+00,0.000000e+00,0.000000e+00,0.000000e+00,0.000000e+00,0.000000e+00,0.000000e+00,0.000000e+00,0.000000e+00,0.000000e+00,0.000000e+00,0.000000e+00,0.000000e+00,0.000000e+00
1.000000e+00,0.000000e+00,0.000000e+00,0.000000e+00,0.000000e+00,0.000000e+00,0.000000e+00,0.000000e+00,0.000000e+00,0.000000e+00,0.000000e+00,0.000000e+00,0.000000e+00,0.000000e+00,0.000000e+00
1.000000e+00,0.000000e+00,0.000000e+00,0.000000e+00,0.000000e+00,0.000000e+00,0.000000e+00,0.000000e+00,0.000000e+00,0.000000e+00,0.000000e+00,0.000000e+00,0.000000e+00,0.000000e+00,0.000000e+00
1.000000e+00,0.000000e+00,0.000000e+00,0.000000e+00,0.000000e+00,0.000000e+00,0.000000e+00,0.000000e+00,0.000000e+00,0.000000e+00,0.000000e+00,0.000000e+00,0.000000e+00,0.000000e+00,0.000000e+00
1.000000e+00,0.000000e+00,0.000000e+00,0.000000e+00,0.000000e+00,0.000000e+00,0.000000e+00,0.000000e+00,0.000000e+00,0.000000e+00,0.000000e+00,0.000000e+00,0.000000e+00,0.000000e+00,0.000000e+00
1.000000e+00,0.000000e+00,0.000000e+00,0.000000e+00,0.000000e+00,0.000000e+00,0.000000e+00,0.000000e+00,0.000000e+00,0.000000e+00,0.000000e+00,0.000000e+00,0.000000e+00,0.000000e+00,0.000000e+00
1.000000e+00,0.000000e+00,0.000000e+00,0.000000e+00,0.000000e+00,0.000000e+00,0.000000e+00,0.000000e+00,0.000000e+00,0.000000e+00,0.000000e+00,0.000000e+00,0.000000e+00,0.000000e+00,0.000000e+00
1.000000e+00,0.000000e+00,0.000000e+00,0.000000e+00,0.000000e+00,0.000000e+00,0.000000e+00,0.000000e+00,0.000000e+00,0.000000e+00,0.000000e+00,0.000000e+00,0.000000e+00,0.000000e+00,0.000000e+00
1.000000e+00,0.000000e+00,0.000000e+00,0.000000e+00,0.000000e+00,0.000000e+00,0.000000e+00,0.000000e+00,0.000000e+00,0.000000e+00,0.000000e+00,0.000000e+00,0.000000e+00,0.000000e+00,0.000000e+00
1.000000e+00,0.000000e+00,0.000000e+00,0.000000e+00,0.000000e+00,0.000000e+00,0.000000e+00,0.000000e+00,0.000000e+00,0.000000e+00,0.000000e+00,0.000000e+00,0.000000e+00,0.000000e+00,0.000000e+00
1.000000e+00,0.000000e+00,0.000000e+00,0.000000e+00,0.000000e+00,0.000000e+00,0.000000e+00,0.000000e+00,0.000000e+00,0.000000e+00,0.000000e+00,0.000000e+00,0.000000e+00,0.000000e+00,0.000000e+00
1.000000e+00,0.000000e+00,0.000000e+00,0.000000e+00,0.000000e+00,0.000000e+00,0.000000e+00,0.000000e+00,0.000000e+00,0.000000e+00,0.000000e+00,0.000000e+00,0.000000e+00,0.000000e+00,0.000000e+00
1.000000e+00,0.000000e+00,0.000000e+00,0.000000e+00,0.000000e+00,0.000000e+00,0.000000e+00,0.000000e+00,0.000000e+00,0.000000e+00,0.000000e+00,0.000000e+00,0.000000e+00,0.000000e+00,0.000000e+00
1.000000e+00,0.000000e+00,0.000000e+00,0.000000e+00,0.000000e+00,0.000000e+00,0.000000e+00,0.000000e+00,0.000000e+00,0.000000e+00,0.000000e+00,0.000000e+00,0.000000e+00,0.000000e+00,0.000000e+00
1.000000e+00,0.000000e+00,0.000000e+00,0.000000e+00,0.000000e+00,0.000000e+00,0.000000e+00,0.000000e+00,0.000000e+00,0.000000e+00,0.000000e+00,0.000000e+00,0.000000e+00,0.000000e+00,0.000000e+00
1.000000e+00,0.000000e+00,0.000000e+00,0.000000e+00,0.000000e+00,0.000000e+00,0.000000e+00,0.000000e+00,0.000000e+00,0.000000e+00,0.000000e+00,0.000000e+00,0.000000e+00,0.000000e+00,0.000000e+00
1.000000e+00,0.000000e+00,0.000000e+00,0.000000e+00,0.000000e+00,0.000000e+00,0.000000e+00,0.000000e+00,0.000000e+00,0.000000e+00,0.000000e+00,0.000000e+00,0.000000e+00,0.000000e+00,0.000000e+00
1.000000e+00,0.000000e+00,0.000000e+00,0.000000e+00,0.000000e+00,0.000000e+00,0.000000e+00,0.000000e+00,0.000000e+00,0.000000e+00,0.000000e+00,0.000000e+00,0.000000e+00,0.000000e+00,0.000000e+00
1.000000e+00,0.000000e+00,0.000000e+00,0.000000e+00,0.000000e+00,0.000000e+00,0.000000e+00,0.000000e+00,0.000000e+00,0.000000e+00,0.000000e+00,0.000000e+00,0.000000e+00,0.000000e+00,0.000000e+00
1.000000e+00,0.000000e+00,0.000000e+00,0.000000e+00,0.000000e+00,0.000000e+00,0.000000e+00,0.000000e+00,0.000000e+00,0.000000e+00,0.000000e+00,0.000000e+00,0.000000e+00,0.000000e+00,0.000000e+00
1.000000e+00,0.000000e+00,0.000000e+00,0.000000e+00,0.000000e+00,0.000000e+00,0.000000e+00,0.000000e+00,0.000000e+00,0.000000e+00,0.000000e+00,0.000000e+00,0.000000e+00,0.000000e+00,0.000000e+00
1.000000e+00,0.000000e+00,0.000000e+00,0.000000e+00,0.000000e+00,0.000000e+00,0.000000e+00,0.000000e+00,0.000000e+00,0.000000e+00,0.000000e+00,0.000000e+00,0.000000e+00,0.000000e+00,0.000000e+00
1.000000e+00,0.000000e+00,0.000000e+00,0.000000e+00,0.000000e+00,0.000000e+00,0.000000e+00,0.000000e+00,0.000000e+00,0.000000e+00,0.000000e+00,0.000000e+00,0.000000e+00,0.000000e+00,0.000000e+00
1.000000e+00,0.000000e+00,0.000000e+00,0.000000e+00,0.000000e+00,0.000000e+00,0.000000e+00,0.000000e+00,0.000000e+00,0.000000e+00,0.000000e+00,0.000000e+00,0.000000e+00,0.000000e+00,0.000000e+00
1.000000e+00,0.000000e+00,0.000000e+00,0.000000e+00,0.000000e+00,0.000000e+00,0.000000e+00,0.000000e+00,0.000000e+00,0.000000e+00,0.000000e+00,0.000000e+00,0.000000e+00,0.000000e+00,0.000000e+00
1.000000e+00,0.000000e+00,0.000000e+00,0.000000e+00,0.000000e+00,0.000000e+00,0.000000e+00,0.000000e+00,0.000000e+00,0.000000e+00,0.000000e+00,0.000000e+00,0.000000e+00,0.000000e+00,0.000000e+00
1.000000e+00,0.000000e+00,0.000000e+00,0.000000e+00,0.000000e+00,0.000000e+00,0.000000e+00,0.000000e+00,0.000000e+00,0.000000e+00,0.000000e+00,0.000000e+00,0.000000e+00,0.000000e+00,0.000000e+00
1.000000e+00,0.000000e+00,0.000000e+00,0.000000e+00,0.000000e+00,0.000000e+00,0.000000e+00,0.000000e+00,0.000000e+00,0.000000e+00,0.000000e+00,0.000000e+00,0.000000e+00,0.000000e+00,0.000000e+00
1.000000e+00,0.000000e+00,0.000000e+00,0.000000e+00,0.000000e+00,0.000000e+00,0.000000e+00,0.000000e+00,0.000000e+00,0.000000e+00,0.000000e+00,0.000000e+00,0.000000e+00,0.000000e+00,0.000000e+00
1.000000e+00,0.000000e+00,0.000000e+00,0.000000e+00,0.000000e+00,0.000000e+00,0.000000e+00,0.000000e+00,0.000000e+00,0.000000e+00,0.000000e+00,0.000000e+00,0.000000e+00,0.000000e+00,0.000000e+00
1.000000e+00,0.000000e+00,0.000000e+00,0.000000e+00,0.000000e+00,0.000000e+00,0.000000e+00,0.000000e+00,0.000000e+00,0.000000e+00,0.000000e+00,0.000000e+00,0.000000e+00,0.000000e+00,0.000000e+00
1.000000e+00,0.000000e+00,0.000000e+00,0.000000e+00,0.000000e+00,0.000000e+00,0.000000e+00,0.000000e+00,0.000000e+00,0.000000e+00,0.000000e+00,0.000000e+00,0.000000e+00,0.000000e+00,0.000000e+00
1.000000e+00,0.000000e+00,0.000000e+00,0.000000e+00,0.000000e+00,0.000000e+00,0.000000e+00,0.000000e+00,0.000000e+00,0.000000e+00,0.000000e+00,0.000000e+00,0.000000e+00,0.000000e+00,0.000000e+00
1.000000e+00,0.000000e+00,0.000000e+00,0.000000e+00,0.000000e+00,0.000000e+00,0.000000e+00,0.000000e+00,0.000000e+00,0.000000e+00,0.000000e+00,0.000000e+00,0.000000e+00,0.000000e+00,0.000000e+00
1.000000e+00,0.000000e+00,0.000000e+00,0.000000e+00,0.000000e+00,0.000000e+00,0.000000e+00,0.000000e+00,0.000000e+00,0.000000e+00,0.000000e+00,0.000000e+00,0.000000e+00,0.000000e+00,0.000000e+00
1.000000e+00,0.000000e+00,0.000000e+00,0.000000e+00,0.000000e+00,0.000000e+00,0.000000e+00,0.000000e+00,0.000000e+00,0.000000e+00,0.000000e+00,0.000000e+00,0.000000e+00,0.000000e+00,0.000000e+00
1.000000e+00,0.000000e+00,0.000000e+00,0.000000e+00,0.000000e+00,0.000000e+00,0.000000e+00,0.000000e+00,0.000000e+00,0.000000e+00,0.000000e+00,0.000000e+00,0.000000e+00,0.000000e+00,0.000000e+00
1.000000e+00,0.000000e+00,0.000000e+00,0.000000e+00,0.000000e+00,0.000000e+00,0.000000e+00,0.000000e+00,0.000000e+00,0.000000e+00,0.000000e+00,0.000000e+00,0.000000e+00,0.000000e+00,0.000000e+00
1.000000e+00,0.000000e+00,0.000000e+00,0.000000e+00,0.000000e+00,0.000000e+00,0.000000e+00,0.000000e+00,0.000000e+00,0.000000e+00,0.000000e+00,0.000000e+00,0.000000e+00,0.000000e+00,0.000000e+00
1.000000e+00,0.000000e+00,0.000000e+00,0.000000e+00,0.000000e+00,0.000000e+00,0.000000e+00,0.000000e+00,0.000000e+00,0.000000e+00,0.000000e+00,0.000000e+00,0.000000e+00,0.000000e+00,0.000000e+00
1.000000e+00,0.000000e+00,0.000000e+00,0.000000e+00,0.000000e+00,0.000000e+00,0.000000e+00,0.000000e+00,0.000000e+00,0.000000e+00,0.000000e+00,0.000000e+00,0.000000e+00,0.000000e+00,0.000000e+00
1.000000e+00,0.000000e+00,0.000000e+00,0.000000e+00,0.000000e+00,0.000000e+00,0.000000e+00,0.000000e+00,0.000000e+00,0.000000e+00,0.000000e+00,0.000000e+00,0.000000e+00,0.000000e+00,0.000000e+00
4.112312e-01,2.599375e-02,9.025264e-03,2.504817e-02,2.630959e-03,1.737601e-02,1.603685e-03,4.967690e-03,1.314717e-02,3.175837e-03,2.322281e-01,1.769764e-02,8.452132e-03,1.649966e-01,6.242573e-02
2.885693e-01,2.174374e-02,8.216823e-03,2.066227e-02,2.287417e-03,1.474954e-02,1.232528e-03,3.647518e-03,1.278879e-02,2.668227e-03,3.949563e-01,1.367652e-02,7.230161e-03,1.594923e-01,4.807850e-02
2.023553e-01,1.706675e-02,6.267180e-03,1.723844e-02,2.661018e-03,1.139602e-02,9.809491e-04,2.645224e-03,1.965160e-02,3.400316e-03,4.944525e-01,1.333974e-02,6.407457e-03,1.671580e-01,3.497938e-02
1.437121e-01,1.383511e-02,4.768798e-03,1.856986e-02,4.811215e-03,1.023184e-02,1.123028e-03,2.144667e-03,2.252168e-02,5.023198e-03,5.448846e-01,1.206535e-02,6.789857e-03,1.834537e-01,2.606488e-02
1.017714e-01,1.041493e-02,3.637925e-03,1.575574e-02,4.907531e-03,8.989834e-03,9.000774e-04,1.608069e-03,2.109816e-02,4.232805e-03,5.296481e-01,1.054843e-02,5.957339e-03,2.618687e-01,1.866095e-02
7.254111e-02,8.400992e-03,2.866869e-03,1.369842e-02,5.963445e-03,7.990153e-03,7.301584e-04,1.222027e-03,1.955843e-02,4.188685e-03,5.163273e-01,9.315904e-03,5.190731e-03,3.186225e-01,1.338329e-02
5.137495e-02,7.017146e-03,2.384115e-03,1.249548e-02,5.896768e-03,6.392932e-03,5.818444e-04,9.834584e-04,2.691858e-02,7.220902e-03,5.887273e-01,9.237271e-03,5.029513e-03,2.656602e-01,1.007959e-02
3.634390e-02,6.374820e-03,2.069362e-03,9.664232e-03,6.189368e-03,5.101004e-03,4.982849e-04,8.424678e-04,3.755103e-02,1.145989e-02,6.179953e-01,1.018190e-02,4.832727e-03,2.433314e-01,7.564327e-03
2.575947e-02,9.737194e-03,2.603071e-03,7.034090e-03,6.266000e-03,5.892491e-03,4.379670e-04,8.902951e-04,7.551119e-02,1.648692e-02,6.200772e-01,9.628200e-03,4.088953e-03,2.098897e-01,5.697338e-03
1.839156e-02,7.974181e-03,2.569761e-03,6.709077e-03,8.824139e-03,6.246936e-03,1.100076e-03,3.892438e-03,1.859456e-01,2.731843e-02,5.056585e-01,8.575737e-03,3.496299e-03,2.084350e-01,4.862257e-03
1.300311e-02,6.066964e-03,1.967324e-03,5.486754e-03,7.287092e-03,5.088768e-03,1.006752e-03,3.003169e-03,1.435700e-01,2.943475e-02,6.001668e-01,7.589456e-03,3.621952e-03,1.681437e-01,4.563473e-03
9.238956e-03,6.065139e-03,1.463354e-03,4.055039e-03,5.853647e-03,4.624928e-03,9.004520e-04,2.184232e-03,1.403252e-01,4.395621e-02,6.290466e-01,9.622129e-03,4.696286e-03,1.340111e-01,3.956761e-03
6.770134e-03,6.278914e-03,2.133705e-03,3.675869e-03,7.506941e-03,7.431999e-03,3.346073e-03,5.257933e-03,2.244834e-01,5.058955e-02,5.433836e-01,9.677832e-03,4.855846e-03,1.215304e-01,3.077904e-03
7.528362e-03,1.331225e-02,6.712843e-03,6.512592e-03,1.304833e-02,1.072124e-02,6.885036e-03,5.891617e-02,3.110806e-01,5.717237e-02,4.023486e-01,7.638926e-03,4.976274e-03,8.956280e-02,3.583618e-03
1.393123e-02,2.158705e-02,1.317436e-02,3.582419e-02,2.918629e-02,1.222677e-02,5.418200e-03,7.500204e-02,3.479005e-01,6.141420e-02,2.956078e-01,7.026592e-03,7.903565e-03,6.906348e-02,4.733677e-03
1.372286e-02,3.106209e-02,3.170173e-02,6.204379e-02,3.825458e-02,1.878257e-02,4.004793e-03,7.349256e-02,3.620951e-01,6.228856e-02,2.215154e-01,6.122171e-03,8.288548e-03,5.275890e-02,1.386633e-02
1.398788e-02,4.922643e-02,5.981371e-02,8.930731e-02,4.087739e-02,2.032252e-02,2.963666e-03,5.860871e-02,3.724905e-01,4.813768e-02,1.680783e-01,5.973163e-03,1.234447e-02,4.162836e-02,1.623978e-02
2.410929e-02,4.662582e-02,6.779438e-02,6.998622e-02,4.661030e-02,2.167555e-02,2.628729e-03,5.067991e-02,4.044267e-01,4.350808e-02,1.408273e-01,8.045625e-03,1.409485e-02,3.929726e-02,1.968982e-02
3.765561e-02,5.644467e-02,1.041248e-01,5.805587e-02,4.893798e-02,2.583681e-02,2.102478e-03,4.903487e-02,3.777717e-01,3.758726e-02,1.140551e-01,7.618634e-03,1.182209e-02,4.534500e-02,2.360710e-02
3.506188e-02,4.197269e-02,1.193895e-01,5.276268e-02,4.504070e-02,2.289820e-02,2.234432e-03,2.152180e-01,2.874692e-01,2.762221e-02,8.385178e-02,5.691961e-03,8.997586e-03,3.455584e-02,1.723324e-02
3.283780e-02,3.006002e-02,1.163845e-01,5.204052e-02,4.122755e-02,1.786556e-02,2.028782e-03,3.733973e-01,2.047713e-01,2.039639e-02,5.998325e-02,4.234347e-03,6.742745e-03,2.495227e-02,1.307764e-02
3.370222e-02,2.146702e-02,8.753188e-02,4.504827e-02,3.567884e-02,1.374159e-02,1.796008e-03,5.253235e-01,1.438977e-01,1.450338e-02,4.227262e-02,3.080430e-03,4.970594e-03,1.766151e-02,9.324453e-03
3.927186e-02,1.618372e-02,6.635758e-02,5.256329e-02,4.199379e-02,1.540724e-02,1.837499e-03,5.944914e-01,1.036597e-01,1.142124e-02,3.063371e-02,2.470825e-03,3.902034e-03,1.306654e-02,6.739640e-03
7.370640e-02,1.441594e-02,5.135719e-02,4.391144e-02,8.605701e-02,1.571367e-02,3.459786e-03,5.809737e-01,7.475463e-02,9.791968e-03,2.367741e-02,3.080611e-03,3.977918e-03,9.503733e-03,5.618669e-03
7.882832e-02,1.206676e-02,3.927352e-02,3.400734e-02,8.390590e-02,1.487708e-02,1.093750e-02,6.233779e-01,5.624446e-02,8.415266e-03,1.783469e-02,2.785323e-03,5.865498e-03,7.067522e-03,4.513043e-03
8.365590e-02,1.330766e-02,3.484083e-02,2.607303e-02,7.310339e-02,1.516190e-02,1.180013e-02,6.510926e-01,4.692063e-02,6.578940e-03,1.555804e-02,3.144903e-03,8.716719e-03,5.643037e-03,4.402378e-03
1.069011e-01,1.919056e-02,3.401254e-02,2.129223e-02,7.721404e-02,2.025303e-02,1.449673e-02,6.032897e-01,6.006127e-02,5.542398e-03,1.442950e-02,4.818212e-03,9.810523e-03,4.619236e-03,4.068940e-03
1.272046e-01,2.038529e-02,3.654152e-02,1.730126e-02,7.913718e-02,2.234202e-02,2.184602e-02,5.720685e-01,6.070341e-02,4.687418e-03,1.221397e-02,7.883877e-03,9.799568e-03,3.794521e-03,4.090930e-03
2.195283e-01,1.959097e-02,3.756985e-02,1.822120e-02,8.058526e-02,3.859981e-02,2.054476e-02,4.538278e-01,5.813251e-02,4.635955e-03,1.156642e-02,1.695270e-02,1.105686e-02,3.520460e-03,5.667217e-03
1.998427e-01,3.227007e-02,6.367740e-02,6.166705e-02,7.929955e-02,4.109611e-02,1.583232e-02,3.231916e-01,5.754972e-02,9.809602e-03,3.742931e-02,4.771412e-02,1.929717e-02,5.123603e-03,6.199693e-03
1.426824e-01,3.225496e-02,7.264992e-02,1.063734e-01,6.771192e-02,3.697357e-02,1.165141e-02,2.272223e-01,5.168246e-02,9.787487e-03,6.608608e-02,1.024085e-01,6.317575e-02,3.872184e-03,5.467755e-03
1.122431e-01,2.531704e-02,5.753399e-02,9.471621e-02,5.252287e-02,2.805540e-02,8.512862e-03,1.595971e-01,4.600589e-02,1.116802e-02,1.243497e-01,1.080465e-01,1.582581e-01,4.633659e-03,9.039597e-03
8.770827e-02,2.424217e-02,4.247691e-02,7.428362e-02,3.753906e-02,2.208469e-02,6.077021e-03,1.120100e-01,6.194234e-02,9.787459e-03,1.351490e-01,1.770691e-01,1.966279e-01,4.357871e-03,8.644613e-03
6.261680e-02,2.307343e-02,3.115736e-02,5.451128e-02,2.685785e-02,1.790993e-02,4.381371e-03,7.898061e-02,1.212637e-01,9.122742e-03,1.729213e-01,1.808454e-01,2.014075e-01,4.624883e-03,1.032586e-02
4.535229e-02,2.053420e-02,2.420298e-02,5.208385e-02,1.960022e-02,1.686024e-02,3.198713e-03,5.631954e-02,1.716034e-01,9.732639e-03,1.898052e-01,1.503399e-01,2.072562e-01,8.289730e-03,2.482088e-02
3.278650e-02,1.676516e-02,2.035850e-02,5.659693e-02,1.960937e-02,1.324069e-02,2.412740e-03,4.102420e-02,1.929619e-01,1.150047e-02,2.123369e-01,1.208155e-01,2.165647e-01,9.287091e-03,3.373928e-02
2.327924e-02,1.323337e-02,1.861199e-02,4.398941e-02,1.650950e-02,1.075966e-02,1.800629e-03,2.959843e-02,1.935950e-01,1.952660e-02,2.944498e-01,1.082819e-01,1.835515e-01,1.195453e-02,3.085840e-02
1.684911e-02,1.362584e-02,1.890373e-02,4.550670e-02,1.363563e-02,1.219530e-02,1.367705e-03,2.200525e-02,2.085932e-01,3.690069e-02,3.113825e-01,9.652425e-02,1.554537e-01,1.337614e-02,3.368031e-02
1.288643e-02,1.164957e-02,2.096046e-02,3.517834e-02,1.236767e-02,1.793372e-02,1.843728e-03,3.962976e-02,1.558358e-01,4.355393e-02,3.671436e-01,7.324778e-02,1.634281e-01,1.340418e-02,3.093696e-02
1.359983e-02,1.494499e-02,5.551330e-02,2.826731e-02,1.686636e-02,1.866409e-02,1.761016e-03,6.443875e-02,1.190564e-01,5.532036e-02,3.508963e-01,5.764677e-02,1.596517e-01,1.663166e-02,2.674121e-02
1.807816e-02,4.436034e-02,7.016613e-02,2.182480e-02,4.908018e-02,1.464294e-02,1.546963e-03,5.555491e-02,1.393226e-01,5.226427e-02,3.000283e-01,4.380180e-02,1.470129e-01,1.455390e-02,2.776188e-02
1.687473e-02,8.894093e-02,2.396566e-01,1.773828e-02,4.299430e-02,1.078245e-02,1.355239e-03,4.537688e-02,1.177543e-01,3.803924e-02,2.120530e-01,3.114058e-02,1.050466e-01,1.098925e-02,2.125760e-02
1.687368e-02,1.772339e-01,2.122113e-01,1.530128e-02,5.564788e-02,9.839475e-03,1.281202e-03,3.862933e-02,1.693734e-01,2.833916e-02,1.538164e-01,2.228162e-02,7.455289e-02,8.306889e-03,1.631158e-02
1.444706e-02,1.724215e-01,1.799874e-01,2.251424e-02,7.207377e-02,1.097004e-02,1.028792e-03,3.436241e-02,2.705773e-01,2.109461e-02,1.115640e-01,1.682892e-02,5.350687e-02,6.168201e-03,1.245489e-02
1.315254e-02,1.366533e-01,1.390033e-01,1.868378e-02,5.883842e-02,9.568452e-03,1.159729e-03,5.956189e-02,4.000732e-01,1.535008e-02,8.227430e-02,1.302541e-02,3.906693e-02,4.587966e-03,9.000713e-03
1.202148e-02,1.032068e-01,9.930873e-02,1.436547e-02,5.338700e-02,8.043651e-03,1.401925e-03,4.965457e-02,5.404950e-01,1.155788e-02,5.898365e-02,9.750153e-03,2.782098e-02,3.276513e-03,6.726144e-03
1.032478e-02,1.156270e-01,8.045052e-02,2.375736e-02,4.295404e-02,7.095397e-03,1.195043e-03,4.625300e-02,5.855769e-01,9.803860e-03,4.175693e-02,7.064669e-03,1.990217e-02,2.309786e-03,5.928591e-03
1.440483e-02,1.082925e-01,7.611094e-02,4.353772e-02,3.815430e-02,6.517930e-03,1.197957e-03,5.822010e-02,5.805211e-01,1.260793e-02,3.048285e-02,5.499436e-03,1.512988e-02,1.658373e-03,7.664208e-03
1.565673e-02,1.224625e-01,5.754357e-02,3.261521e-02,3.716735e-02,6.739209e-03,1.220017e-03,4.273886e-02,5.943609e-01,1.925837e-02,2.199763e-02,4.304276e-03,1.119239e-02,1.192816e-03,3.155012e-02
1.494980e-02,9.637742e-02,4.128205e-02,2.462697e-02,4.146250e-02,8.120930e-03,1.158999e-03,4.884940e-02,6.552801e-01,1.603602e-02,1.574014e-02,3.412119e-03,8.119359e-03,8.591955e-04,2.372498e-02
1.426670e-02,8.645058e-02,2.924014e-02,2.082429e-02,3.766165e-02,1.008584e-02,9.609366e-04,4.301949e-02,7.022506e-01,1.419114e-02,1.151881e-02,3.034045e-03,6.255651e-03,6.372704e-04,1.960286e-02
1.391096e-02,8.331314e-02,2.068875e-02,2.249770e-02,2.801554e-02,8.753063e-03,7.270083e-04,3.396141e-02,7.359369e-01,1.134254e-02,1.080189e-02,4.550529e-03,9.189930e-03,5.179567e-04,1.579278e-02
4.509198e-02,6.193890e-02,1.468481e-02,2.606428e-02,2.233385e-02,1.808168e-02,5.834782e-04,2.958502e-02,7.177811e-01,9.232880e-03,2.497656e-02,5.666593e-03,9.541675e-03,9.050997e-04,1.353215e-02
4.043445e-02,4.634146e-02,1.106793e-02,3.432745e-02,1.670709e-02,1.679748e-02,4.351657e-04,2.330816e-02,6.504357e-01,7.371123e-03,1.153153e-01,7.235619e-03,8.104159e-03,1.007729e-02,1.204157e-02
3.492744e-02,3.397734e-02,8.101725e-03,2.987329e-02,1.245853e-02,1.416602e-02,3.227077e-04,1.926091e-02,5.021130e-01,6.059875e-03,2.974702e-01,7.997202e-03,6.795356e-03,1.717748e-02,9.298938e-03
3.029868e-02,2.495589e-02,6.306516e-03,2.575881e-02,9.962386e-03,1.296982e-02,2.500390e-04,1.488615e-02,3.712866e-01,5.357428e-03,4.425495e-01,8.468280e-03,6.213522e-03,3.365317e-02,7.083195e-03
2.341951e-02,1.778073e-02,4.761286e-03,1.867100e-02,7.232862e-03,1.202071e-02,2.139220e-04,1.059427e-02,2.630599e-01,4.283586e-03,5.847450e-01,6.974204e-03,4.867361e-03,3.631024e-02,5.065383e-03
2.220198e-02,1.279921e-02,3.976376e-03,1.382111e-02,5.531409e-03,1.551956e-02,2.488725e-04,7.786780e-03,1.871717e-01,5.098728e-03,6.724502e-01,6.092106e-03,4.272839e-03,3.933469e-02,3.694449e-03
1.628012e-02,9.270323e-03,3.173057e-03,1.050670e-02,1.304297e-02,1.347384e-02,3.825820e-04,5.548527e-03,1.328843e-01,3.984046e-03,7.482132e-01,5.086509e-03,3.772204e-03,3.165543e-02,2.726198e-03
1.319568e-02,7.615605e-03,2.859519e-03,8.105532e-03,5.811013e-02,1.085197e-02,5.110604e-04,4.036026e-03,9.510465e-02,4.020609e-03,7.527295e-01,4.808160e-03,3.233278e-03,3.227285e-02,2.545381e-03
1.067003e-02,6.523126e-03,2.557970e-03,6.380855e-03,1.139348e-01,8.486574e-03,6.457079e-04,3.017916e-03,6.986709e-02,6.070683e-03,7.275324e-01,4.777616e-03,2.814567e-03,3.368360e-02,3.037110e-03
8.561023e-03,5.686512e-03,2.330601e-03,5.070402e-03,1.307622e-01,7.257906e-03,8.632846e-04,2.243016e-03,5.114140e-02,7.946615e-03,7.321317e-01,5.202605e-03,2.730123e-03,3.442316e-02,3.649422e-03
7.451084e-03,9.361495e-03,3.709517e-03,4.208385e-03,1.283408e-01,6.439608e-03,1.275053e-03,1.828420e-03,3.794143e-02,1.055799e-02,7.404732e-01,6.126554e-03,2.707526e-03,3.236415e-02,7.214800e-03
9.761462e-03,1.290132e-02,2.411186e-02,5.606688e-03,2.056362e-01,9.346059e-03,1.782086e-03,4.094603e-03,2.969696e-02,1.684332e-02,6.225312e-01,7.459391e-03,3.010452e-03,2.724159e-02,1.997677e-02
7.567363e-03,9.600041e-03,1.828813e-02,4.229852e-03,1.828803e-01,7.296025e-03,1.654377e-03,3.158006e-03,2.166800e-02,1.328940e-02,6.814905e-01,9.705381e-03,3.992853e-03,2.056184e-02,1.461781e-02
7.924756e-03,8.302184e-03,2.092402e-02,4.158135e-03,2.310549e-01,7.459125e-03,3.103216e-03,5.893430e-03,1.766490e-02,1.172509e-02,6.323302e-01,1.415070e-02,5.870956e-03,1.738537e-02,1.205290e-02
3.855438e-02,1.220477e-02,5.345408e-02,5.710826e-03,1.771178e-01,1.101353e-02,3.516049e-03,1.857724e-02,1.860826e-02,1.537196e-02,5.818009e-01,2.512296e-02,5.852398e-03,1.755724e-02,1.553756e-02
4.173712e-02,1.613283e-02,6.066833e-02,5.652654e-03,1.676718e-01,1.599996e-02,5.995893e-03,3.571491e-02,5.889167e-02,1.587376e-02,5.147749e-01,2.528900e-02,6.805426e-03,1.653685e-02,1.225485e-02
5.035526e-02,1.394550e-02,9.835516e-02,9.118591e-03,1.529032e-01,1.357491e-02,8.175801e-03,1.417538e-01,5.731734e-02,1.271569e-02,3.926542e-01,1.966128e-02,6.686230e-03,1.393808e-02,8.844972e-03
8.665092e-02,1.607454e-02,1.050956e-01,2.315588e-02,1.678748e-01,2.736370e-02,8.628352e-03,1.247746e-01,5.491479e-02,1.198689e-02,3.205808e-01,2.457639e-02,7.113535e-03,1.208765e-02,9.121537e-03
1.112967e-01,1.919620e-02,8.670959e-02,2.222619e-02,2.040062e-01,2.512562e-02,7.250171e-03,1.272811e-01,5.549844e-02,1.251240e-02,2.702564e-01,2.357395e-02,6.258938e-03,1.521005e-02,1.359803e-02
1.395179e-01,3.003198e-02,9.374474e-02,2.225895e-02,2.011300e-01,2.187360e-02,5.703373e-03,1.042605e-01,7.810041e-02,2.443938e-02,2.092378e-01,1.954301e-02,5.110265e-03,3.404175e-02,1.100638e-02
1.447052e-01,3.083391e-02,8.223055e-02,6.127845e-02,2.042122e-01,1.998814e-02,6.110175e-03,1.411174e-01,6.842766e-02,2.096957e-02,1.590929e-01,1.973649e-02,4.232037e-03,2.771529e-02,9.350028e-03
1.549931e-01,2.471606e-02,1.803582e-01,7.740621e-02,1.853509e-01,1.581497e-02,5.078397e-03,1.112027e-01,5.391333e-02,2.716110e-02,1.148407e-01,1.627694e-02,3.313120e-03,2.249191e-02,7.082362e-03
1.655246e-01,3.475396e-02,2.376723e-01,6.632496e-02,1.791196e-01,1.616566e-02,3.805359e-03,8.004068e-02,4.555595e-02,2.698106e-02,8.445354e-02,1.348834e-02,3.132320e-03,3.471334e-02,8.268339e-03
1.732314e-01,4.220081e-02,2.726176e-01,6.679962e-02,1.724948e-01,1.559238e-02,3.045183e-03,6.253364e-02,4.329864e-02,2.179559e-02,6.403028e-02,1.384035e-02,3.113507e-03,3.469537e-02,1.071095e-02
2.041131e-01,4.860434e-02,2.468387e-01,5.972498e-02,1.767227e-01,1.536243e-02,3.009875e-03,4.834595e-02,5.286619e-02,2.431460e-02,5.267999e-02,1.188778e-02,3.403663e-03,4.174636e-02,1.037952e-02
2.218615e-01,4.899823e-02,2.032931e-01,5.338638e-02,2.363812e-01,1.451775e-02,2.812809e-03,3.805492e-02,5.055567e-02,2.766832e-02,4.085392e-02,1.006920e-02,3.448417e-03,3.807559e-02,1.002304e-02
2.530785e-01,6.093267e-02,1.682421e-01,5.502130e-02,2.352099e-01,2.154999e-02,2.520960e-03,2.894721e-02,4.411764e-02,3.962924e-02,3.517086e-02,9.362496e-03,3.555593e-03,3.044555e-02,1.221604e-02
2.103332e-01,1.390279e-01,1.356435e-01,8.588262e-02,1.703653e-01,1.818554e-02,2.587607e-03,2.151166e-02,4.480657e-02,4.177183e-02,3.046528e-02,1.391816e-02,8.000371e-03,2.394008e-02,5.356035e-02
3.183866e-01,1.098286e-01,1.025121e-01,6.932422e-02,1.278840e-01,1.642908e-02,2.223048e-03,1.683752e-02,5.587083e-02,4.103896e-02,2.549100e-02,1.378312e-02,8.834533e-03,2.211327e-02,6.944320e-02
4.159277e-01,9.003814e-02,7.956876e-02,5.361360e-02,9.258683e-02,1.494139e-02,2.084034e-03,1.441562e-02,6.652267e-02,4.169554e-02,2.382187e-02,1.372150e-02,9.742593e-03,2.042191e-02,6.089787e-02
3.395206e-01,1.479300e-01,6.423704e-02,5.798641e-02,7.131977e-02,1.460331e-02,2.387894e-03,1.132033e-02,1.023030e-01,5.679457e-02,2.165463e-02,1.604289e-02,1.202530e-02,1.834480e-02,6.352942e-02
2.902319e-01,1.443653e-01,6.188780e-02,7.306203e-02,5.136840e-02,2.226639e-02,2.539399e-03,1.040269e-02,1.205567e-01,5.538929e-02,2.418875e-02,3.016120e-02,1.450721e-02,2.619244e-02,7.288045e-02
2.956901e-01,1.580318e-01,4.481467e-02,6.109503e-02,3.800499e-02,2.138496e-02,2.415269e-03,9.765485e-03,1.439623e-01,4.076534e-02,2.147001e-02,2.795675e-02,5.116130e-02,2.044599e-02,6.303601e-02
2.159170e-01,1.207076e-01,3.210669e-02,5.972121e-02,2.723923e-02,1.534413e-02,1.779372e-03,7.341977e-03,3.482186e-01,3.058894e-02,1.779177e-02,2.104792e-02,4.017318e-02,1.474714e-02,4.727528e-02
1.694109e-01,9.319517e-02,2.904292e-02,4.712722e-02,2.013470e-02,1.186904e-02,1.505402e-03,6.249967e-03,3.902591e-01,2.663802e-02,2.389404e-02,1.937084e-02,6.927060e-02,2.407976e-02,6.795238e-02
1.376166e-01,7.256036e-02,2.323000e-02,3.693751e-02,1.918058e-02,1.035165e-02,2.262862e-03,5.479913e-03,3.844018e-01,2.359875e-02,2.569571e-02,1.871251e-02,1.195473e-01,2.093493e-02,9.948949e-02
1.061572e-01,5.540672e-02,1.908763e-02,2.800275e-02,1.489168e-02,9.088332e-03,1.883897e-03,5.393405e-03,2.886497e-01,1.712313e-02,1.911395e-02,2.012119e-02,3.175398e-01,1.558266e-02,8.195791e-02
8.190832e-02,4.585025e-02,1.683239e-02,2.041257e-02,1.315219e-02,8.775670e-03,2.146066e-03,5.108366e-03,2.146503e-01,1.263020e-02,1.475946e-02,1.904795e-02,4.009812e-01,1.351801e-02,1.302271e-01
6.187835e-02,4.137451e-02,1.853678e-02,1.708424e-02,1.494985e-02,1.123852e-02,2.609270e-03,8.753967e-03,1.823603e-01,9.471298e-03,1.205224e-02,1.790166e-02,4.577777e-01,1.094663e-02,1.330647e-01
4.825065e-02,3.388201e-02,3.206601e-02,4.674755e-02,2.225475e-02,1.269567e-02,2.717060e-03,3.683657e-02,1.652976e-01,7.380730e-03,1.040190e-02,1.399137e-02,4.501101e-01,8.298951e-03,1.090690e-01
5.100809e-02,2.965525e-02,3.737350e-02,7.238894e-02,3.098581e-02,1.700186e-02,3.016881e-03,3.093224e-02,1.411262e-01,6.580600e-03,9.172264e-03,1.128803e-02,4.624791e-01,6.473156e-03,9.051809e-02
5.181300e-02,3.373481e-02,6.097111e-02,6.969769e-02,3.163122e-02,1.658609e-02,2.341677e-03,5.536536e-02,1.239479e-01,7.266124e-03,9.266970e-03,1.080495e-02,4.412729e-01,5.499460e-03,7.980072e-02
4.643928e-02,6.784524e-02,5.980615e-02,5.830333e-02,2.845506e-02,2.326047e-02,2.007036e-03,4.942789e-02,1.357327e-01,1.071022e-02,1.004160e-02,1.043303e-02,3.831067e-01,6.487359e-03,1.079439e-01
3.828330e-02,9.955747e-02,5.776128e-02,4.498433e-02,2.431587e-02,2.653064e-02,1.879080e-03,4.734158e-02,1.763445e-01,1.054105e-02,9.849686e-03,8.728833e-03,3.518688e-01,5.751828e-03,9.626174e-02
2.787278e-02,1.981310e-01,9.309256e-02,6.029464e-02,1.803209e-02,1.934362e-02,1.353949e-03,3.357975e-02,1.600735e-01,1.530745e-02,1.022527e-02,7.192512e-03,2.486517e-01,4.370951e-03,1.024782e-01
2.281153e-02,2.259688e-01,7.761566e-02,4.916734e-02,1.348005e-02,3.660324e-02,1.042670e-03,2.811026e-02,1.749466e-01,2.098978e-02,2.312292e-02,6.969379e-03,1.950871e-01,5.522855e-03,1.185618e-01
2.068729e-02,2.167803e-01,6.688119e-02,4.368467e-02,1.096456e-02,3.458938e-02,3.232751e-03,4.117505e-02,2.070436e-01,2.488930e-02,3.478991e-02,1.006758e-02,1.704131e-01,5.291412e-03,1.095099e-01
1.826503e-02,2.106142e-01,8.012757e-02,4.354293e-02,8.928942e-03,3.105301e-02,2.888452e-03,3.350549e-02,2.568760e-01,2.423943e-02,3.739886e-02,9.519026e-03,1.408522e-01,5.443175e-03,9.674561e-02
1.334395e-02,2.743364e-01,8.775824e-02,8.723598e-02,7.086200e-03,2.226029e-02,2.107871e-03,2.365519e-02,2.326823e-01,2.688866e-02,2.908466e-02,7.793914e-03,1.005115e-01,4.135260e-03,8.111949e-02
1.648166e-02,2.383154e-01,1.132024e-01,7.779327e-02,7.182101e-03,1.719641e-02,1.891161e-03,1.742912e-02,1.742862e-01,4.263352e-02,6.640112e-02,1.544653e-02,9.570104e-02,2.203969e-02,9.400034e-02
1.322585e-02,1.744249e-01,1.258167e-01,9.612393e-02,6.889486e-03,1.327805e-02,1.688151e-03,1.364131e-02,1.379987e-01,4.444815e-02,1.094269e-01,2.023439e-02,1.021187e-01,3.181147e-02,1.088734e-01
1.084960e-02,1.282007e-01,9.755701e-02,7.629889e-02,7.078970e-03,1.021288e-02,1.608316e-03,1.027940e-02,1.055570e-01,4.000987e-02,1.292733e-01,1.984378e-02,1.329887e-01,2.980464e-02,2.004369e-01
1.028953e-02,9.175396e-02,1.753066e-01,9.611241e-02,9.694448e-03,7.691857e-03,1.581841e-03,2.807985e-02,8.065136e-02,3.083492e-02,1.180434e-01,1.584797e-02,1.335323e-01,2.674226e-02,1.738373e-01
1.027998e-02,6.867115e-02,1.496181e-01,1.245091e-01,9.911450e-03,7.410737e-03,1.406997e-03,2.121598e-02,8.055154e-02,4.490340e-02,1.389446e-01,1.733377e-02,1.120278e-01,3.348595e-02,1.797295e-01
1.247703e-02,5.844819e-02,1.797303e-01,1.453349e-01,1.702410e-02,9.982584e-03,2.252295e-03,1.662061e-02,7.010711e-02,6.209850e-02,1.355034e-01,1.818037e-02,9.029826e-02,3.438862e-02,1.475537e-01
1.522594e-02,5.176216e-02,1.445295e-01,1.076018e-01,1.283523e-02,9.043883e-03,2.340142e-03,1.249590e-02,5.806635e-02,1.167787e-01,1.590696e-01,2.818680e-02,8.357951e-02,4.199427e-02,1.564901e-01
1.184275e-02,3.946849e-02,1.076461e-01,7.689954e-02,9.385837e-03,7.550062e-03,2.058387e-03,8.870114e-03,4.219488e-02,3.349895e-01,1.249049e-01,2.314461e-02,6.218991e-02,3.299259e-02,1.158622e-01
1.398183e-02,2.971013e-02,7.731844e-02,5.437001e-02,7.730162e-03,5.745973e-03,1.538680e-03,6.628646e-03,3.196524e-02,4.466194e-01,9.711616e-02,2.417555e-02,5.012554e-02,3.310261e-02,1.198716e-01
1.408945e-02,2.294836e-02,5.791039e-02,3.882586e-02,7.584556e-03,4.668255e-03,1.223485e-03,6.337013e-03,2.468315e-02,5.567839e-01,7.266016e-02,2.149689e-02,4.229922e-02,3.017298e-02,9.831633e-02
2.686311e-02,2.344180e-02,4.490092e-02,2.896149e-02,8.596439e-03,5.298910e-03,1.020545e-03,1.096753e-02,2.557734e-02,6.120343e-01,5.924892e-02,1.756719e-02,3.594137e-02,2.536640e-02,7.421371e-02
5.215585e-02,2.492055e-02,3.578147e-02,2.337647e-02,9.924376e-03,6.057750e-03,9.337401e-04,1.754738e-02,2.844297e-02,6.175587e-01,5.536320e-02,1.578536e-02,3.390882e-02,2.263808e-02,5.560528e-02
5.654639e-02,2.843500e-02,3.765877e-02,2.218040e-02,1.410388e-02,6.692512e-03,1.101793e-03,3.679221e-02,4.493455e-02,5.919734e-01,5.420889e-02,1.452932e-02,3.031675e-02,1.956882e-02,4.095722e-02
6.020222e-02,2.216125e-02,2.814486e-02,1.811927e-02,1.258777e-02,5.856697e-03,9.270118e-04,3.041689e-02,3.678754e-02,6.595333e-01,4.617141e-02,1.132550e-02,2.217501e-02,1.614324e-02,2.944801e-02
6.923463e-02,2.259443e-02,3.778259e-02,8.454347e-02,2.488979e-02,6.226854e-03,1.959686e-03,4.477056e-02,5.459642e-02,5.460001e-01,4.241561e-02,1.159080e-02,1.757160e-02,1.414091e-02,2.168248e-02
8.132558e-02,2.051416e-02,9.312325e-02,1.471841e-01,2.640575e-02,6.398350e-03,1.939313e-03,3.641870e-02,6.622266e-02,4.243639e-01,3.885913e-02,1.428079e-02,1.564598e-02,1.084638e-02,1.647195e-02
1.171747e-01,1.824292e-02,8.124798e-02,1.286054e-01,3.442764e-02,7.912468e-03,2.334001e-03,2.811519e-02,7.497581e-02,4.047646e-01,5.366724e-02,1.234713e-02,1.391421e-02,9.427205e-03,1.284357e-02
1.178938e-01,1.505236e-02,5.948011e-02,1.627606e-01,4.797585e-02,8.493302e-03,2.270215e-03,1.177971e-01,7.927108e-02,3.012971e-01,4.753450e-02,1.026685e-02,1.143277e-02,8.751755e-03,9.722525e-03
9.317964e-02,1.079328e-02,4.249574e-02,1.214977e-01,3.908996e-02,6.676582e-03,1.745273e-03,3.517497e-01,5.700932e-02,2.115571e-01,3.515659e-02,7.574829e-03,8.282925e-03,6.276014e-03,6.915335e-03
7.320245e-02,7.748824e-03,3.044830e-02,9.051230e-02,3.341876e-02,4.999810e-03,1.348832e-03,5.216833e-01,4.075894e-02,1.481399e-01,2.659524e-02,5.712183e-03,6.080580e-03,4.426005e-03,4.924613e-03
6.199985e-02,1.215301e-02,2.215729e-02,7.456255e-02,2.780801e-02,4.205243e-03,1.091195e-03,6.146026e-01,3.174960e-02,1.044200e-01,2.254006e-02,6.720977e-03,6.684057e-03,3.196204e-03,6.109379e-03
4.937074e-02,1.016037e-02,1.723331e-02,6.619618e-02,2.460578e-02,5.227413e-03,1.886935e-03,6.857154e-01,2.372369e-02,7.343871e-02,1.758937e-02,6.618420e-03,1.025961e-02,2.362020e-03,5.612130e-03
5.997256e-02,1.060979e-02,1.498911e-02,6.210998e-02,2.444980e-02,1.799766e-02,1.551565e-02,6.597266e-01,2.184501e-02,5.213201e-02,2.351411e-02,1.102368e-02,1.768600e-02,2.165481e-03,6.262515e-03
7.567605e-02,1.354696e-02,1.344742e-02,5.141423e-02,3.915835e-02,1.634156e-02,1.814865e-02,6.259456e-01,3.471503e-02,3.839582e-02,2.333117e-02,1.364079e-02,2.681119e-02,3.101361e-03,6.325813e-03
1.104975e-01,2.518725e-02,1.307818e-02,4.076983e-02,5.121253e-02,1.399721e-02,2.618906e-02,5.039608e-01,1.059754e-01,2.980257e-02,2.304253e-02,1.853658e-02,2.754631e-02,4.404438e-03,5.799673e-03
1.412986e-01,5.272451e-02,1.480443e-02,3.125243e-02,4.867260e-02,1.600686e-02,4.287433e-02,4.024567e-01,1.291227e-01,2.748669e-02,2.384472e-02,2.464906e-02,3.330981e-02,5.197614e-03,6.298909e-03
1.913752e-01,4.710286e-02,2.633942e-02,2.851883e-02,4.474230e-02,3.238513e-02,6.929094e-02,3.257507e-01,1.063414e-01,2.374455e-02,2.354745e-02,3.093424e-02,3.533434e-02,5.524334e-03,9.068230e-03
2.091614e-01,5.227156e-02,2.679790e-02,3.989485e-02,3.823059e-02,7.232714e-02,5.266991e-02,2.320632e-01,7.806523e-02,2.239220e-02,4.347435e-02,7.500899e-02,4.025686e-02,6.140835e-03,1.124500e-02
2.189775e-01,4.509648e-02,2.419917e-02,3.594574e-02,3.030821e-02,8.744997e-02,3.974362e-02,1.653683e-01,5.710106e-02,2.409767e-02,1.326989e-01,6.863983e-02,3.244512e-02,2.540927e-02,1.251915e-02
1.646733e-01,3.422757e-02,1.910333e-02,2.862485e-02,2.343378e-02,1.203083e-01,2.882300e-02,1.168805e-01,4.101045e-02,1.313700e-01,1.677743e-01,6.318370e-02,2.548926e-02,2.412425e-02,1.097337e-02
1.242952e-01,2.682020e-02,1.541166e-02,2.377317e-02,1.856381e-02,9.746471e-02,2.129047e-02,8.250547e-02,3.104283e-02,2.356171e-01,1.961290e-01,6.052539e-02,2.078155e-02,3.091532e-02,1.486406e-02
1.344718e-01,2.389530e-02,1.166085e-02,2.097246e-02,1.845223e-02,7.662390e-02,1.670044e-02,5.916362e-02,3.808476e-02,2.649682e-01,1.977554e-01,5.292036e-02,1.834070e-02,4.817490e-02,1.781507e-02
1.203294e-01,2.778427e-02,1.410088e-02,2.349226e-02,1.569498e-02,7.415725e-02,1.230261e-02,4.279500e-02,5.094495e-02,2.395300e-01,1.929041e-01,5.184124e-02,1.507532e-02,9.443873e-02,2.460890e-02
9.801914e-02,2.974382e-02,1.141122e-02,1.788218e-02,1.212006e-02,5.664514e-02,8.825234e-03,3.105687e-02,4.713978e-02,2.128581e-01,1.685000e-01,4.531533e-02,1.113913e-02,2.178861e-01,3.145792e-02
9.007438e-02,3.036347e-02,9.333110e-03,1.434735e-02,2.012356e-02,4.150172e-02,6.666473e-03,2.368109e-02,1.364112e-01,1.850767e-01,1.530595e-01,3.875814e-02,8.717178e-03,2.138682e-01,2.801799e-02
6.814910e-02,2.277402e-02,7.380187e-03,1.363276e-02,3.252051e-02,3.059652e-02,5.477197e-03,1.973193e-02,2.376663e-01,1.471274e-01,1.690700e-01,3.690431e-02,7.079868e-03,1.806369e-01,2.125296e-02
6.429809e-02,1.713533e-02,5.401320e-03,1.102063e-02,3.630621e-02,2.322077e-02,5.199614e-03,1.611743e-02,3.322148e-01,1.130985e-01,1.536941e-01,4.267188e-02,6.524727e-03,1.570416e-01,1.605490e-02
4.825378e-02,1.386809e-02,5.908661e-03,1.094554e-02,5.267864e-02,1.900745e-02,5.537656e-03,1.475212e-02,3.451206e-01,9.919718e-02,2.002458e-01,4.312114e-02,8.700300e-03,1.197206e-01,1.294239e-02
3.474474e-02,1.341462e-02,4.924493e-03,8.725404e-03,4.086566e-02,1.545952e-02,4.169892e-03,1.189133e-02,3.579175e-01,7.626903e-02,2.719743e-01,4.069327e-02,9.096950e-03,9.993244e-02,9.920775e-03
2.557407e-02,1.541477e-02,6.776456e-03,8.305652e-03,3.197301e-02,1.536198e-02,4.277232e-03,1.213623e-02,3.722228e-01,6.006048e-02,3.145659e-01,3.489687e-02,9.944037e-03,8.025943e-02,8.231067e-03
1.931504e-02,2.624398e-02,7.782364e-03,7.712400e-03,2.551260e-02,1.686973e-02,3.637610e-03,2.877329e-02,4.644905e-01,4.361070e-02,2.519141e-01,2.920456e-02,9.207905e-03,5.886000e-02,6.865124e-03
1.474485e-02,2.853215e-02,8.627912e-03,1.263257e-02,2.051482e-02,1.732239e-02,2.646017e-03,1.350564e-01,4.514157e-01,3.179550e-02,1.907953e-01,2.770151e-02,9.547508e-03,4.312222e-02,5.545132e-03
1.321410e-02,3.365858e-02,2.082845e-02,1.444172e-02,2.315950e-02,1.753440e-02,2.139025e-03,1.451659e-01,5.034543e-01,2.311207e-02,1.377391e-01,2.026770e-02,7.311346e-03,3.368409e-02,4.289734e-03
1.538911e-02,4.254345e-02,3.490376e-02,4.146060e-02,2.755863e-02,2.593204e-02,1.823125e-03,1.321220e-01,5.055130e-01,1.943427e-02,9.882297e-02,1.471670e-02,6.069243e-03,2.826975e-02,5.441336e-03
2.345018e-02,6.351350e-02,3.580121e-02,3.870273e-02,5.374642e-02,5.258588e-02,2.965109e-03,1.074371e-01,4.728527e-01,1.802360e-02,7.004336e-02,1.046731e-02,6.637216e-03,2.239655e-02,2.137720e-02
2.112630e-02,6.043477e-02,3.659094e-02,1.532648e-01,5.274480e-02,4.305589e-02,2.584789e-03,9.656091e-02,4.105686e-01,1.652492e-02,5.255298e-02,8.303735e-03,6.810752e-03,1.667192e-02,2.220396e-02
2.315581e-02,7.024959e-02,2.787543e-02,1.223393e-01,6.832676e-02,6.354550e-02,2.298792e-03,7.869795e-02,4.234352e-01,1.693737e-02,3.918555e-02,6.520368e-03,6.668215e-03,1.241611e-02,3.834808e-02
