1.000000e+00,0.000000e+00,0.000000e+00,0.000000e+00,0.000000e+00,0.000000e+00,0.000000e+00,0.000000e+00,0.000000e+00,0.000000e+00,0.000000e+00,0.000000e+00,0.000000e+00,0.000000e+00,0.000000e+00
1.000000e+00,0.000000e+00,0.000000e+00,0.000000e+00,0.000000e+00,0.000000e+00,0.000000e+00,0.000000e+00,0.000000e+00,0.000000e+00,0.000000e+00,0.000000e+00,0.000000e+00,0.000000e+00,0.000000e+00
1.000000e+00,0.000000e+00,0.000000e+00,0.000000e+00,0.000000e+00,0.000000e+00,0.000000e+00,0.000000e+00,0.000000e+00,0.000000e+00,0.000000e+00,0.000000e+00,0.000000e+00,0.000000e+00,0.000000e+00
1.000000e+00,0.000000e+00,0.000000e+00,0.000000e+00,0.000000e+00,0.000000e+00,0.000000e+00,0.000000e+00,0.000000e+00,0.000000e+00,0.000000e+00,0.000000e+00,0.000000e+00,0.000000e+00,0.000000e+00
1.000000e+00,0.000000e+00,0.000000e+00,0.000000e+00,0.000000e+00,0.000000e+00,0.000000e+00,0.000000e+00,0.000000e+00,0.000000e+00,0.000000e+00,0.000000e+00,0.000000e+00,0.000000e+00,0.000000e+00
1.000000e+00,0.000000e+00,0.000000e+00,0.000000e+00,0.000000e+00,0.000000e+00,0.000000e+00,0.000000e+00,0.000000e+00,0.000000e+00,0.000000e+00,0.000000e+00,0.000000e+00,0.000000e+00,0.000000e+00
1.000000e+00,0.000000e+00,0.000000e+00,0.000000e+00,0.000000e+00,0.000000e+00,0.000000e+00,0.000000e+00,0.000000e+00,0.000000e+00,0.000000e+00,0.000000e+00,0.000000e+00,0.000000e+00,0.000000e+00
1.000000e+00,0.000000e+00,0.000000e+00,0.000000e+00,0.000000e+00,0.000000e+00,0.000000e+00,0.000000e+00,0.000000e+00,0.000000e+00,0.000000e+00,0.000000e+00,0.000000e+00,0.000000e+00,0.000000e+00
1.000000e+00,0.000000e+00,0.000000e+00,0.000000e+00,0.000000e+00,0.000000e+00,0.000000e+00,0.000000e+00,0.000000e+00,0.000000e+00,0.000000e+00,0.000000e+00,0.000000e+00,0.000000e+00,0.000000e+00
1.000000e+00,0.000000e+00,0.000000e+00,0.000000e+00,0.000000e+00,0.000000e+00,0.000000e+00,0.000000e+00,0.000000e+00,0.000000e+00,0.000000e+00,0.000000e+00,0.000000e+00,0.000000e+00,0.000000e+00
1.000000e+00,0.000000e+00,0.000000e+00,0.000000e+00,0.000000e+00,0.000000e+00,0.000000e+00,0.000000e+00,0.000000e+00,0.000000e+00,0.000000e+00,0.000000e+00,0.000000e+00,0.000000e+00,0.000000e+00
1.000000e+00,0.000000e+00,0.000000e+00,0.000000e+00,0.000000e+00,0.000000e+00,0.000000e+00,0.000000e+00,0.000000e+00,0.000000e+00,0.000000e+00,0.000000e+00,0.000000e+00,0.000000e+00,0.000000e+00
1.000000e+00,0.000000e+00,0.000000e+00,0.000000e+00,0.000000e+00,0.000000e+00,0.000000e+00,0.000000e+00,0.000000e+00,0.000000e+00,0.000000e+00,0.000000e+00,0.000000e+00,0.000000e+00,0.000000e+00
1.000000e+00,0.000000e+00,0.000000e+00,0.000000e+00,0.000000e+00,0.000000e+00,0.000000e+00,0.000000e+00,0.000000e+00,0.000000e+00,0.000000e+00,0.000000e+00,0.000000e+00,0.000000e+00,0.000000e+00
1.000000e+00,0.000000e+00,0.000000e+00,0.000000e+00,0.000000e+00,0.000000e+00,0.000000e+00,0.000000e+00,0.000000e+00,0.000000e+00,0.000000e+00,0.000000e+00,0.000000e+00,0.000000e+00,0.000000e+00
1.000000e+00,0.000000e+00,0.000000e+00,0.000000e+00,0.000000e+00,0.000000e+00,0.000000e+00,0.000000e+00,0.000000e+00,0.000000e+00,0.000000e+00,0.000000e+00,0.000000e+00,0.000000e+00,0.000000e+00
1.000000e+00,0.000000e+00,0.000000e+00,0.000000e+00,0.000000e+00,0.000000e+00,0.000000e+00,0.000000e+00,0.000000e+00,0.000000e+00,0.000000e+00,0.000000e+00,0.000000e+00,0.000000e+00,0.000000e+00
1.000000e+00,0.000000e+00,0.000000e+00,0.000000e+00,0.000000e+00,0.000000e+00,0.000000e+00,0.000000e+00,0.000000e+00,0.000000e+00,0.000000e+00,0.000000e+00,0.000000e+00,0.000000e+00,0.000000e+00
1.000000e+00,0.000000e+00,0.000000e+00,0.000000e+00,0.000000e+00,0.000000e+00,0.000000e+00,0.000000e+00,0.000000e+00,0.000000e+00,0.000000e+00,0.000000e+00,0.000000e+00,0.000000e+00,0.000000e+00
1.000000e+00,0.000000e+00,0.000000e+00,0.000000e+00,0.000000e+00,0.000000e+00,0.000000e+00,0.000000e+00,0.000000e+00,0.000000e+00,0.000000e+00,0.000000e+00,0.000000e+00,0.000000e+00,0.000000e+00
1.000000e+00,0.000000e+00,0.000000e+00,0.000000e+00,0.000000e+00,0.000000e+00,0.000000e+00,0.000000e+00,0.000000e+00,0.000000e+00,0.000000e+00,0.000000e+00,0.000000e+00,0.000000e+00,0.000000e+00
1.000000e+00,0.000000e+00,0.000000e+00,0.000000e+00,0.000000e+00,0.000000e+00,0.000000e+00,0.000000e+00,0.000000e+00,0.000000e+00,0.000000e+00,0.000000e+00,0.000000e+00,0.000000e+00,0.000000e+00
1.000000e+00,0.000000e+00,0.000000e+00,0.000000e+00,0.000000e+00,0.000000e+00,0.000000e+00,0.000000e+00,0.000000e+00,0.000000e+00,0.000000e+00,0.000000e+00,0.000000e+00,0.000000e+00,0.000000e+00
1.000000e+00,0.000000e+00,0.000000e+00,0.000000e+00,0.000000e+00,0.000000e+00,0.000000e+00,0.000000e+00,0.000000e+00,0.000000e+00,0.000000e+00,0.000000e+00,0.000000e+00,0.000000e+00,0.000000e+00
1.000000e+00,0.000000e+00,0.000000e+00,0.000000e+00,0.000000e+00,0.000000e+00,0.000000e+00,0.000000e+00,0.000000e+00,0.000000e+00,0.000000e+00,0.000000e+00,0.000000e+00,0.000000e+00,0.000000e+00
1.000000e+00,0.000000e+00,0.000000e+00,0.000000e+00,0.000000e+00,0.000000e+00,0.000000e+00,0.000000e+00,0.000000e+00,0.000000e+00,0.000000e+00,0.000000e+00,0.000000e+00,0.000000e+00,0.000000e+00
1.000000e+00,0.000000e+00,0.000000e+00,0.000000e+00,0.000000e+00,0.000000e+00,0.000000e+00,0.000000e+00,0.000000e+00,0.000000e+00,0.000000e+00,0.000000e+00,0.000000e+00,0.000000e+00,0.000000e+00
1.000000e+00,0.000000e+00,0.000000e+00,0.000000e+00,0.000000e+00,0.000000e+00,0.000000e+00,0.000000e+00,0.000000e+00,0.000000e+00,0.000000e+00,0.000000e+00,0.000000e+00,0.000000e+00,0.000000e+00
1.000000e+00,0.000000e+00,0.000000e+00,0.000000e+00,0.000000e+00,0.000000e+00,0.000000e+00,0.000000e+00,0.000000e+00,0.000000e+00,0.000000e+00,0.000000e+00,0.000000e+00,0.000000e+00,0.000000e+00
1.000000e+00,0.000000e+00,0.000000e+00,0.000000e+00,0.000000e+00,0.000000e+00,0.000000e+00,0.000000e+00,0.000000e+00,0.000000e+00,0.000000e+00,0.000000e+00,0.000000e+00,0.000000e+00,0.000000e+00
1.000000e+00,0.000000e+00,0.000000e+00,0.000000e+00,0.000000e+00,0.000000e+00,0.000000e+00,0.000000e+00,0.000000e+00,0.000000e+00,0.000000e+00,0.000000e+00,0.000000e+00,0.000000e+00,0.000000e+00
1.000000e+00,0.000000e+00,0.000000e+00,0.000000e+00,0.000000e+00,0.000000e+00,0.000000e+00,0.000000e+00,0.000000e+00,0.000000e+00,0.000000e+00,0.000000e+00,0.000000e+00,0.000000e+00,0.000000e+00
1.000000e+00,0.000000e+00,0.000000e+00,0.000000e+00,0.000000e+00,0.000000e+00,0.000000e+00,0.000000e+00,0.000000e+00,0.000000e+00,0.000000e+00,0.000000e+00,0.000000e+00,0.000000e+00,0.000000e+00
1.000000e+00,0.000000e+00,0.000000e+00,0.000000e+00,0.000000e+00,0.000000e+00,0.000000e+00,0.000000e+00,0.000000e+00,0.000000e+00,0.000000e+00,0.000000e+00,0.000000e+00,0.000000e+00,0.000000e+00
4.538887e-01,2.867861e-02,2.016369e-01,1.468162e-01,9.354645e-03,1.871272e-02,4.452997e-03,1.983993e-02,7.371060e-03,2.456053e-03,1.466981e-02,3.649583e-02,2.031537e-02,2.257421e-03,3.305366e-02
4.711296e-01,2.867828e-02,1.793744e-01,1.361736e-01,1.114586e-02,2.127266e-02,5.570742e-03,2.202985e-02,8.154567e-03,2.529404e-03,1.644035e-02,3.801411e-02,2.231576e-02,3.398320e-03,3.377243e-02
4.375086e-01,2.582689e-02,1.924327e-01,1.535987e-01,1.085044e-02,2.181152e-02,5.323761e-03,2.761941e-02,8.692299e-03,2.438604e-03,1.598761e-02,3.862008e-02,2.393987e-02,3.270080e-03,3.207935e-02
3.894260e-01,2.476562e-02,2.354244e-01,1.910842e-01,1.199381e-02,1.758939e-02,4.202846e-03,2.692793e-02,7.027837e-03,1.867759e-03,1.281871e-02,3.042248e-02,1.949360e-02,2.565482e-03,2.438993e-02
3.743128e-01,2.174374e-02,2.778760e-01,1.921260e-01,1.130522e-02,1.479029e-02,3.403876e-03,2.331777e-02,5.728893e-03,1.666664e-03,1.102923e-02,2.421819e-02,1.675828e-02,2.057236e-03,1.966573e-02
4.313439e-01,2.005756e-02,2.512066e-01,1.659360e-01,9.664319e-03,1.483091e-02,3.090383e-03,2.055495e-02,5.385645e-03,2.009074e-03,1.027181e-02,2.312124e-02,1.745503e-02,2.193063e-03,2.287942e-02
4.959674e-01,1.959377e-02,2.123070e-01,1.441797e-01,1.000852e-02,1.493825e-02,3.452037e-03,1.852148e-02,5.499652e-03,1.760851e-03,9.473460e-03,2.285370e-02,1.854852e-02,1.994995e-03,2.090064e-02
4.428861e-01,1.724707e-02,2.584615e-01,1.694268e-01,9.086428e-03,1.249081e-02,2.886321e-03,1.894767e-02,4.845724e-03,1.505981e-03,7.841688e-03,1.981558e-02,1.571751e-02,1.571450e-03,1.726932e-02
3.892075e-01,1.533720e-02,3.371546e-01,1.693727e-01,8.604631e-03,9.708053e-03,2.303620e-03,1.545065e-02,3.862653e-03,1.178297e-03,6.355939e-03,1.527087e-02,1.205246e-02,1.208530e-03,1.293221e-02
1.000000e+00,0.000000e+00,0.000000e+00,0.000000e+00,0.000000e+00,0.000000e+00,0.000000e+00,0.000000e+00,0.000000e+00,0.000000e+00,0.000000e+00,0.000000e+00,0.000000e+00,0.000000e+00,0.000000e+00
1.000000e+00,0.000000e+00,0.000000e+00,0.000000e+00,0.000000e+00,0.000000e+00,0.000000e+00,0.000000e+00,0.000000e+00,0.000000e+00,0.000000e+00,0.000000e+00,0.000000e+00,0.000000e+00,0.000000e+00
1.000000e+00,0.000000e+00,0.000000e+00,0.000000e+00,0.000000e+00,0.000000e+00,0.000000e+00,0.000000e+00,0.000000e+00,0.000000e+00,0.000000e+00,0.000000e+00,0.000000e+00,0.000000e+00,0.000000e+00
1.000000e+00,0.000000e+00,0.000000e+00,0.000000e+00,0.000000e+00,0.000000e+00,0.000000e+00,0.000000e+00,0.000000e+00,0.000000e+00,0.000000e+00,0.000000e+00,0.000000e+00,0.000000e+00,0.000000e+00
1.000000e+00,0.000000e+00,0.000000e+00,0.000000e+00,0.000000e+00,0.000000e+00,0.000000e+00,0.000000e+00,0.000000e+00,0.000000e+00,0.000000e+00,0.000000e+00,0.000000e+00,0.000000e+00,0.000000e+00
1.000000e+00,0.000000e+00,0.000000e+00,0.000000e+00,0.000000e+00,0.000000e+00,0.000000e+00,0.000000e+00,0.000000e+00,0.000000e+00,0.000000e+00,0.000000e+00,0.000000e+00,0.000000e+00,0.000000e+00
1.000000e+00,0.000000e+00,0.000000e+00,0.000000e+00,0.000000e+00,0.000000e+00,0.000000e+00,0.000000e+00,0.000000e+00,0.000000e+00,0.000000e+00,0.000000e+00,0.000000e+00,0.000000e+00,0.000000e+00
1.000000e+00,0.000000e+00,0.000000e+00,0.000000e+00,0.000000e+00,0.000000e+00,0.000000e+00,0.000000e+00,0.000000e+00,0.000000e+00,0.000000e+00,0.000000e+00,0.000000e+00,0.000000e+00,0.000000e+00
1.000000e+00,0.000000e+00,0.000000e+00,0.000000e+00,0.000000e+00,0.000000e+00,0.000000e+00,0.000000e+00,0.000000e+00,0.000000e+00,0.000000e+00,0.000000e+00,0.000000e+00,0.000000e+00,0.000000e+00
1.000000e+00,0.000000e+00,0.000000e+00,0.000000e+00,0.000000e+00,0.000000e+00,0.000000e+00,0.000000e+00,0.000000e+00,0.000000e+00,0.000000e+00,0.000000e+00,0.000000e+00,0.000000e+00,0.000000e+00
1.000000e+00,0.000000e+00,0.000000e+00,0.000000e+00,0.000000e+00,0.000000e+00,0.000000e+00,0.000000e+00,0.000000e+00,0.000000e+00,0.000000e+00,0.000000e+00,0.000000e+00,0.000000e+00,0.000000e+00
1.000000e+00,0.000000e+00,0.000000e+00,0.000000e+00,0.000000e+00,0.000000e+00,0.000000e+00,0.000000e+00,0.000000e+00,0.000000e+00,0.000000e+00,0.000000e+00,0.000000e+00,0.000000e+00,0.000000e+00
1.000000e+00,0.000000e+00,0.000000e+00,0.000000e+00,0.000000e+00,0.000000e+00,0.000000e+00,0.000000e+00,0.000000e+00,0.000000e+00,0.000000e+00,0.000000e+00,0.000000e+00,0.000000e+00,0.000000e+00
1.000000e+00,0.000000e+00,0.000000e+00,0.000000e+00,0.000000e+00,0.000000e+00,0.000000e+00,0.000000e+00,0.000000e+00,0.000000e+00,0.000000e+00,0.000000e+00,0.000000e+00,0.000000e+00,0.000000e+00
3.713928e-01,3.787417e-03,1.400254e-02,1.151327e-02,2.261925e-03,1.599169e-02,9.880959e-03,5.310917e-01,1.185911e-03,4.413067e-04,2.956073e-03,1.581624e-02,1.502993e-02,9.477678e-04,3.700546e-03
2.892063e-01,2.800768e-03,1.062663e-02,8.291889e-03,1.828571e-03,1.345479e-02,1.113804e-02,6.330018e-01,8.645190e-04,3.413930e-04,2.208858e-03,1.150973e-02,1.114503e-02,7.690298e-04,2.812700e-03
2.180355e-01,2.041896e-03,8.171755e-03,6.150169e-03,1.529144e-03,1.109558e-02,9.837640e-03,7.212880e-01,6.341483e-04,2.641901e-04,1.639299e-03,8.355214e-03,8.236401e-03,6.478172e-04,2.073262e-03
2.051258e-01,1.644740e-03,6.488035e-03,4.751625e-03,1.836229e-03,1.189394e-02,9.115137e-03,7.381325e-01,5.561193e-04,3.495588e-04,1.399022e-03,7.610386e-03,8.584987e-03,5.849212e-04,1.926920e-03
2.035261e-01,1.389795e-03,5.180209e-03,3.747361e-03,2.496429e-03,1.055888e-02,8.518307e-03,7.452498e-01,4.822584e-04,3.645061e-04,1.242647e-03,6.786461e-03,8.153689e-03,4.828212e-04,1.820720e-03
1.662668e-01,1.079016e-03,3.853112e-03,2.810695e-03,3.226647e-03,8.021814e-03,6.704500e-03,7.918166e-01,3.872657e-04,3.489974e-04,1.035043e-03,5.447223e-03,7.173219e-03,3.779042e-04,1.451129e-03
1.432065e-01,8.526943e-04,2.944797e-03,2.152729e-03,3.427824e-03,6.371104e-03,5.651769e-03,8.214430e-01,3.184013e-04,3.181681e-04,8.350244e-04,4.514319e-03,6.511036e-03,2.991479e-04,1.153446e-03
1.470756e-01,7.810280e-04,2.425758e-03,1.785579e-03,3.560700e-03,6.682738e-03,5.930413e-03,8.149357e-01,3.137100e-04,3.042411e-04,7.862829e-04,5.889267e-03,8.046745e-03,2.956550e-04,1.186552e-03
1.287196e-01,6.035566e-04,1.932110e-03,1.361379e-03,4.051872e-03,5.539554e-03,6.682859e-03,8.368630e-01,2.629893e-04,2.361388e-04,6.288452e-04,4.946771e-03,6.977091e-03,2.371736e-04,9.569377e-04
1.076385e-01,4.745756e-04,1.639589e-03,1.053821e-03,4.360961e-03,4.657801e-03,8.305693e-03,8.602844e-01,2.120392e-04,1.848796e-04,4.956037e-04,4.024463e-03,5.677874e-03,1.918711e-04,7.978146e-04
1.283519e-01,4.173571e-04,1.584287e-03,8.740662e-04,5.002235e-03,4.754081e-03,8.795911e-03,8.392253e-01,2.063750e-04,1.928371e-04,4.603177e-04,4.070939e-03,5.038757e-03,1.949649e-04,8.305912e-04
1.606581e-01,4.496389e-04,1.655899e-03,8.200461e-04,5.412566e-03,5.170197e-03,8.445925e-03,8.051637e-01,2.755320e-04,2.111067e-04,4.830769e-04,5.117279e-03,4.897986e-03,2.361116e-04,1.002738e-03
2.145638e-01,5.885929e-04,2.240408e-03,1.292643e-03,6.185525e-03,7.238171e-03,1.023071e-02,7.408315e-01,4.926140e-04,2.901083e-04,6.653148e-04,7.853827e-03,5.798340e-03,3.389798e-04,1.389444e-03
2.472653e-01,9.137756e-04,2.723610e-03,2.630714e-03,5.863811e-03,9.000564e-03,9.726913e-03,6.890950e-01,7.496404e-04,6.980540e-04,1.083351e-03,1.351300e-02,1.361194e-02,4.847166e-04,2.639616e-03
2.823941e-01,2.062268e-03,3.530416e-03,5.958939e-03,6.390445e-03,1.423036e-02,9.209341e-03,6.074072e-01,2.092411e-03,1.367982e-03,2.392698e-03,2.027758e-02,3.499236e-02,7.367587e-04,6.957101e-03
2.918143e-01,4.226169e-03,4.931728e-03,1.112560e-02,7.214115e-03,1.991261e-02,8.244049e-03,5.328123e-01,7.916881e-03,3.563326e-03,3.895215e-03,2.646534e-02,5.858561e-02,1.051155e-03,1.824160e-02
3.254243e-01,6.178572e-03,6.100000e-03,1.720578e-02,7.854549e-03,4.325598e-02,8.637100e-03,4.582737e-01,8.921881e-03,3.450587e-03,4.365821e-03,2.471371e-02,6.321328e-02,1.133462e-03,2.127138e-02
3.322308e-01,6.959208e-03,5.602459e-03,1.844922e-02,8.001398e-03,6.835057e-02,9.110290e-03,4.034520e-01,8.126238e-03,2.770921e-03,5.857590e-03,2.620897e-02,8.322074e-02,1.088531e-03,2.057103e-02
3.660687e-01,7.496454e-03,5.593591e-03,1.990396e-02,8.771725e-03,6.800359e-02,8.016283e-03,3.679137e-01,7.424186e-03,2.292986e-03,6.178129e-03,2.639039e-02,8.858343e-02,1.018735e-03,1.634419e-02
4.295134e-01,6.789131e-03,5.131600e-03,1.900979e-02,9.189890e-03,6.955172e-02,7.482613e-03,2.857684e-01,6.714835e-03,1.915115e-03,6.087167e-03,2.805521e-02,1.104252e-01,8.978375e-04,1.346815e-02
4.637820e-01,6.500192e-03,5.189895e-03,1.667259e-02,1.760130e-02,5.835712e-02,6.888789e-03,2.164968e-01,8.197013e-03,1.517839e-03,6.481190e-03,2.725077e-02,1.530788e-01,8.028435e-04,1.118293e-02
4.938235e-01,6.562817e-03,5.624250e-03,1.521556e-02,1.889924e-02,5.596060e-02,5.912690e-03,1.551921e-01,8.376847e-03,1.222529e-03,5.841074e-03,2.555138e-02,1.914393e-01,6.402828e-04,9.737943e-03
3.950783e-01,6.924866e-03,1.511095e-02,1.206527e-02,1.750267e-02,4.299794e-02,5.638516e-03,1.106881e-01,9.452580e-03,1.585057e-03,5.354852e-03,2.043490e-02,3.474396e-01,7.637406e-04,8.962754e-03
3.454688e-01,6.764715e-03,1.249265e-02,8.630963e-03,1.686782e-02,3.201123e-02,4.963685e-03,7.996515e-02,8.506782e-03,1.275095e-03,4.646141e-03,1.835363e-02,4.519001e-01,6.881296e-04,7.465163e-03
3.621728e-01,6.354907e-03,1.410416e-02,7.063014e-03,1.934705e-02,2.714164e-02,4.762278e-03,5.836613e-02,9.516369e-03,1.235610e-03,5.487390e-03,1.593165e-02,4.615017e-01,9.486316e-04,6.066657e-03
3.194087e-01,6.185656e-03,1.450861e-02,5.089422e-03,1.917807e-02,2.129195e-02,5.034502e-03,4.394932e-02,9.960191e-03,1.338845e-03,4.314771e-03,2.171496e-02,5.206953e-01,1.306317e-03,6.023317e-03
2.927166e-01,5.273127e-03,1.324866e-02,3.768865e-03,2.157522e-02,1.709766e-02,4.798365e-03,3.469376e-02,9.478897e-03,1.237027e-03,3.378112e-03,2.104606e-02,5.644708e-01,1.229824e-03,5.987003e-03
3.104980e-01,5.868923e-03,1.473201e-02,3.220388e-03,2.019743e-02,1.618645e-02,4.904252e-03,2.837034e-02,1.287370e-02,1.974590e-03,2.959261e-03,2.375438e-02,5.460941e-01,1.462820e-03,6.903388e-03
3.884885e-01,6.554099e-03,2.518741e-02,9.516831e-03,2.056255e-02,1.611163e-02,4.506579e-03,2.409365e-02,1.630175e-02,2.452110e-03,2.818825e-03,2.289718e-02,4.510832e-01,2.246693e-03,7.178953e-03
4.910903e-01,6.305865e-03,1.991448e-02,9.772372e-03,2.006043e-02,1.639527e-02,4.356735e-03,2.109639e-02,1.764208e-02,2.570977e-03,2.754993e-03,2.193467e-02,3.570797e-01,2.115994e-03,6.909714e-03
1.000000e+00,0.000000e+00,0.000000e+00,0.000000e+00,0.000000e+00,0.000000e+00,0.000000e+00,0.000000e+00,0.000000e+00,0.000000e+00,0.000000e+00,0.000000e+00,0.000000e+00,0.000000e+00,0.000000e+00
1.000000e+00,0.000000e+00,0.000000e+00,0.000000e+00,0.000000e+00,0.000000e+00,0.000000e+00,0.000000e+00,0.000000e+00,0.000000e+00,0.000000e+00,0.000000e+00,0.000000e+00,0.000000e+00,0.000000e+00
1.000000e+00,0.000000e+00,0.000000e+00,0.000000e+00,0.000000e+00,0.000000e+00,0.000000e+00,0.000000e+00,0.000000e+00,0.000000e+00,0.000000e+00,0.000000e+00,0.000000e+00,0.000000e+00,0.000000e+00
1.000000e+00,0.000000e+00,0.000000e+00,0.000000e+00,0.000000e+00,0.000000e+00,0.000000e+00,0.000000e+00,0.000000e+00,0.000000e+00,0.000000e+00,0.000000e+00,0.000000e+00,0.000000e+00,0.000000e+00
1.000000e+00,0.000000e+00,0.000000e+00,0.000000e+00,0.000000e+00,0.000000e+00,0.000000e+00,0.000000e+00,0.000000e+00,0.000000e+00,0.000000e+00,0.000000e+00,0.000000e+00,0.000000e+00,0.000000e+00
4.342863e-01,9.448734e-03,1.024485e-02,1.863545e-02,2.627293e-02,3.114079e-02,3.123183e-02,2.247368e-01,5.545697e-02,1.539056e-03,4.879918e-03,4.951374e-02,8.949981e-02,1.566859e-03,1.154594e-02
3.419707e-01,7.289867e-03,7.921360e-03,1.363423e-02,2.139032e-02,2.353244e-02,2.434340e-02,4.019013e-01,4.351550e-02,1.112781e-03,3.484960e-03,3.503922e-02,6.537965e-02,1.134731e-03,8.349627e-03
3.503925e-01,8.097338e-03,8.344145e-03,1.168146e-02,2.082347e-02,2.278633e-02,2.530428e-02,4.196500e-01,4.092335e-02,1.265820e-03,2.973737e-03,2.899768e-02,4.955727e-02,9.747574e-04,8.227800e-03
3.062507e-01,9.614517e-03,9.122288e-03,1.199528e-02,4.403716e-02,1.876831e-02,6.098936e-02,4.182698e-01,4.078503e-02,2.850449e-03,2.417675e-03,2.179161e-02,4.372223e-02,9.548157e-04,8.430712e-03
2.625296e-01,1.027207e-02,8.550155e-03,1.129671e-02,5.855785e-02,2.411058e-02,1.138029e-01,4.001360e-01,3.534813e-02,1.014372e-02,2.522173e-03,1.811630e-02,3.458019e-02,7.595341e-04,9.274050e-03
2.325561e-01,7.890896e-03,6.181009e-03,1.071816e-02,5.085325e-02,2.291182e-02,2.141896e-01,3.708543e-01,2.619881e-02,7.741310e-03,2.123286e-03,1.416489e-02,2.485692e-02,6.440785e-04,8.115513e-03
2.767531e-01,8.065253e-03,4.829232e-03,1.288306e-02,4.524798e-02,2.763563e-02,2.053327e-01,3.498087e-01,2.041590e-02,7.480235e-03,1.942800e-03,1.222750e-02,1.826713e-02,7.880434e-04,8.322732e-03
3.572484e-01,8.917292e-03,4.532002e-03,1.755340e-02,4.152582e-02,6.280599e-02,1.705448e-01,2.750615e-01,1.672316e-02,6.442410e-03,2.079213e-03,1.341281e-02,1.373580e-02,9.894746e-04,8.427931e-03
3.990670e-01,9.324346e-03,4.305967e-03,1.578604e-02,4.473396e-02,5.905210e-02,1.800435e-01,2.264386e-01,1.739600e-02,6.467745e-03,2.648368e-03,1.224669e-02,1.074882e-02,1.577404e-03,1.016347e-02
4.460238e-01,8.063758e-03,3.647692e-03,1.464628e-02,4.733672e-02,1.015157e-01,1.399258e-01,1.763171e-01,1.795904e-02,7.479503e-03,3.835982e-03,1.430542e-02,8.260172e-03,1.692237e-03,8.990807e-03
4.944909e-01,8.797402e-03,4.635819e-03,1.878819e-02,4.340789e-02,1.233568e-01,1.008577e-01,1.398369e-01,1.457237e-02,6.740418e-03,7.399880e-03,1.782904e-02,7.339080e-03,2.141879e-03,9.805731e-03
4.959722e-01,9.222560e-03,6.315302e-03,1.930540e-02,3.589371e-02,1.713907e-01,7.160856e-02,9.981743e-02,1.227621e-02,6.823718e-03,2.494861e-02,1.976261e-02,6.634326e-03,5.668720e-03,1.435996e-02
4.779570e-01,1.226496e-02,1.297138e-02,2.581301e-02,3.137198e-02,1.820301e-01,5.135307e-02,7.177058e-02,1.124172e-02,9.238906e-03,4.925339e-02,2.804810e-02,6.584735e-03,7.266944e-03,2.283413e-02
3.990107e-01,1.371585e-02,1.485884e-02,2.686523e-02,2.527628e-02,1.948335e-01,3.653058e-02,5.188863e-02,1.017710e-02,7.472318e-03,1.335205e-01,4.883754e-02,6.295029e-03,8.734606e-03,2.198325e-02
3.315542e-01,1.392664e-02,1.580311e-02,2.107456e-02,1.957268e-02,2.379490e-01,2.599385e-02,3.733589e-02,7.885954e-03,5.713810e-03,1.787017e-01,7.090456e-02,5.428149e-03,9.919772e-03,1.823610e-02
2.762744e-01,2.486868e-02,5.980641e-02,3.089836e-02,2.365798e-02,1.915049e-01,2.011368e-02,3.535707e-02,1.123468e-02,5.380078e-03,1.886701e-01,9.763426e-02,4.518514e-03,9.985048e-03,2.009585e-02
2.516945e-01,2.534967e-02,7.562460e-02,2.767860e-02,2.096957e-02,1.659636e-01,1.576713e-02,3.274719e-02,1.130769e-02,4.548393e-03,2.157494e-01,1.136568e-01,3.826318e-03,1.477499e-02,2.034152e-02
2.049649e-01,2.797371e-02,1.006732e-01,2.608426e-02,1.781137e-02,1.303078e-01,1.154179e-02,2.536556e-02,1.051413e-02,4.593275e-03,2.939616e-01,1.092261e-01,3.343241e-03,1.414836e-02,1.949067e-02
2.200873e-01,2.470297e-02,1.071825e-01,2.377045e-02,1.600947e-02,1.055280e-01,8.715025e-03,2.327805e-02,1.340090e-02,5.741904e-03,2.933641e-01,1.185451e-01,3.441349e-03,1.898626e-02,1.724667e-02
1.979132e-01,2.157151e-02,9.948206e-02,1.892291e-02,1.294488e-02,8.095179e-02,6.786949e-03,2.374861e-02,1.845168e-02,5.762655e-03,3.299869e-01,1.361201e-01,3.622284e-03,3.017060e-02,1.356378e-02
1.832971e-01,2.087261e-02,1.124782e-01,2.498700e-02,1.358103e-02,6.430309e-02,5.453785e-03,2.696288e-02,2.020463e-02,5.961434e-03,3.648229e-01,1.163808e-01,3.410786e-03,2.570529e-02,1.157848e-02
1.511199e-01,1.925192e-02,9.261063e-02,1.989137e-02,1.244224e-02,4.839806e-02,4.147438e-03,2.343445e-02,3.763434e-02,6.158547e-03,4.189877e-01,1.135427e-01,3.132223e-03,3.988785e-02,9.360546e-03
1.377560e-01,1.782338e-02,6.820124e-02,1.494377e-02,1.000515e-02,3.782374e-02,3.213517e-03,1.797752e-02,5.044852e-02,5.243232e-03,4.272086e-01,1.148709e-01,3.122877e-03,8.334634e-02,8.015113e-03
1.353069e-01,1.605317e-02,5.702373e-02,1.515175e-02,1.079484e-02,3.389401e-02,3.007345e-03,1.773446e-02,5.083092e-02,5.212491e-03,4.747799e-01,9.490754e-02,3.793962e-03,7.442163e-02,7.087274e-03
1.234631e-01,1.331424e-02,4.477436e-02,1.257779e-02,8.873072e-03,2.992880e-02,2.478995e-03,1.472420e-02,4.525011e-02,4.962318e-03,5.242333e-01,7.224173e-02,3.923692e-03,9.268275e-02,6.571479e-03
1.012649e-01,1.250634e-02,3.360071e-02,9.393441e-03,6.787226e-03,2.245789e-02,1.932249e-03,1.112330e-02,4.129010e-02,6.007143e-03,5.784119e-01,5.344734e-02,3.446837e-03,1.128792e-01,5.451386e-03
8.333331e-02,1.395184e-02,2.577364e-02,7.412929e-03,5.533331e-03,1.735186e-02,1.535425e-03,8.412892e-03,5.745532e-02,9.724077e-03,5.759408e-01,4.150882e-02,3.008605e-03,1.438487e-01,5.208442e-03
6.932804e-02,1.406939e-02,2.509660e-02,8.969520e-03,5.344930e-03,1.451269e-02,1.255493e-03,6.655053e-03,7.025152e-02,1.609885e-02,5.377454e-01,3.341620e-02,2.615332e-03,1.890006e-01,5.640335e-03
5.698972e-02,1.461499e-02,2.179607e-02,7.252829e-03,4.549692e-03,1.361015e-02,9.804491e-04,4.987003e-03,9.655956e-02,2.124134e-02,4.940765e-01,2.681435e-02,2.237460e-03,2.294803e-01,4.809566e-03
4.618716e-02,1.236272e-02,1.691916e-02,6.774164e-03,4.329514e-03,1.116415e-02,9.213438e-04,4.220441e-03,1.064680e-01,2.337862e-02,4.570051e-01,2.322442e-02,2.312562e-03,2.804393e-01,4.293300e-03
5.342178e-02,1.023441e-02,1.320686e-02,7.214450e-03,4.098817e-03,1.027785e-02,1.091757e-03,4.015163e-03,9.377703e-02,1.954909e-02,4.561725e-01,2.196710e-02,2.493291e-03,2.978721e-01,4.607856e-03
4.760513e-02,8.311577e-03,9.981418e-03,6.088954e-03,3.979695e-03,9.182732e-03,1.091929e-03,3.486777e-03,7.612075e-02,1.512364e-02,5.202564e-01,1.931879e-02,2.440187e-03,2.730299e-01,3.982153e-03
4.656209e-02,8.269029e-03,8.198694e-03,4.648902e-03,4.366160e-03,9.733276e-03,1.080891e-03,3.028216e-03,6.091232e-02,1.344278e-02,5.781277e-01,2.378866e-02,2.115369e-03,2.315704e-01,4.155528e-03
9.446239e-02,1.228815e-02,7.217757e-03,4.938352e-03,9.131846e-03,1.363533e-02,1.748781e-03,3.042986e-03,5.201057e-02,2.867151e-02,5.446872e-01,2.481602e-02,2.472046e-03,1.930498e-01,7.827302e-03
1.411180e-01,1.366950e-02,8.506224e-03,5.119314e-03,1.861144e-02,1.685283e-02,4.025873e-03,6.859022e-03,5.323505e-02,2.864171e-02,4.732670e-01,2.490366e-02,2.554886e-03,1.944726e-01,8.162905e-03
1.733710e-01,1.514614e-02,8.401485e-03,6.045592e-03,3.007224e-02,1.585072e-02,5.271106e-03,7.992539e-03,4.812260e-02,3.861285e-02,4.635094e-01,2.528267e-02,2.564098e-03,1.491695e-01,1.058811e-02
1.774810e-01,2.105303e-02,1.079530e-02,7.069020e-03,4.790764e-02,1.888045e-02,6.110441e-03,8.445391e-03,5.998546e-02,6.107396e-02,4.018275e-01,2.709853e-02,2.713525e-03,1.385815e-01,1.097726e-02
1.794321e-01,2.550836e-02,1.689978e-02,7.215979e-03,8.092487e-02,2.521457e-02,7.531059e-03,1.345441e-02,5.568132e-02,7.570240e-02,3.571861e-01,3.113567e-02,2.446317e-03,1.123767e-01,9.290325e-03
1.772696e-01,3.535136e-02,1.941427e-02,6.927783e-03,1.700445e-01,3.117812e-02,6.532251e-03,1.773920e-02,4.451384e-02,9.077144e-02,2.746394e-01,2.650841e-02,2.346002e-03,8.734712e-02,9.416641e-03
1.696826e-01,5.510170e-02,2.147283e-02,7.130174e-03,1.729854e-01,3.118296e-02,5.848601e-03,3.543021e-02,4.818464e-02,8.190574e-02,2.522288e-01,3.194987e-02,2.846966e-03,7.510659e-02,8.942935e-03
1.671574e-01,6.955312e-02,2.027186e-02,9.297442e-03,1.466938e-01,3.156477e-02,5.222401e-03,4.029365e-02,1.100963e-01,6.438179e-02,2.214389e-01,3.454638e-02,4.881945e-03,5.693382e-02,1.766638e-02
1.351780e-01,6.418207e-02,2.693746e-02,2.121451e-02,1.394336e-01,2.773431e-02,8.574848e-03,5.168063e-02,1.963158e-01,5.975170e-02,1.646657e-01,3.043938e-02,8.356038e-03,4.134702e-02,2.418888e-02
1.127865e-01,7.553176e-02,2.059451e-02,2.081229e-02,1.055415e-01,2.805704e-02,6.391227e-03,3.993482e-02,3.314831e-01,5.066435e-02,1.243485e-01,2.376555e-02,6.973908e-03,2.947350e-02,2.364151e-02
1.067302e-01,7.649302e-02,1.783673e-02,3.360903e-02,8.825510e-02,2.382514e-02,5.902880e-03,3.191547e-02,3.925731e-01,4.207109e-02,1.027562e-01,2.242752e-02,6.325686e-03,2.191387e-02,2.736489e-02
1.021665e-01,7.429172e-02,1.614666e-02,4.930365e-02,7.638216e-02,2.144520e-02,5.104467e-03,3.169463e-02,4.511562e-01,3.138354e-02,7.917566e-02,1.775882e-02,5.350601e-03,1.656110e-02,2.207903e-02
1.494983e-01,7.075956e-02,1.347387e-02,4.369918e-02,1.068438e-01,2.548287e-02,4.465822e-03,3.240138e-02,4.217016e-01,2.252988e-02,5.798825e-02,1.418538e-02,5.634472e-03,1.247753e-02,1.885823e-02
1.702618e-01,5.752231e-02,1.094368e-02,4.253453e-02,1.347142e-01,2.425957e-02,4.421837e-03,2.919082e-02,4.281695e-01,1.618772e-02,4.150755e-02,1.128377e-02,4.997328e-03,9.215511e-03,1.478988e-02
1.929144e-01,7.023762e-02,1.496096e-02,1.629369e-01,1.022373e-01,2.261420e-02,4.087443e-03,2.450141e-02,3.138302e-01,1.243442e-02,3.066142e-02,1.157781e-02,6.173911e-03,6.821610e-03,2.401044e-02
1.941693e-01,5.212871e-02,1.130082e-02,1.189120e-01,8.214431e-02,1.776109e-02,4.009643e-03,2.178963e-01,2.340081e-01,8.756405e-03,2.233709e-02,9.039255e-03,5.089522e-03,4.932632e-03,1.751488e-02
1.849225e-01,3.806055e-02,8.477971e-03,8.606503e-02,7.031718e-02,1.340865e-02,3.468689e-03,3.694791e-01,1.761043e-01,6.183560e-03,1.627416e-02,7.046524e-03,3.983093e-03,3.581865e-03,1.262678e-02
1.573176e-01,2.737301e-02,6.280475e-03,6.111372e-02,5.292448e-02,1.054452e-02,2.940347e-03,5.197978e-01,1.254020e-01,4.382078e-03,1.175100e-02,5.495858e-03,3.050781e-03,2.552939e-03,9.073343e-03
1.183266e-01,1.946510e-02,4.712427e-03,4.341352e-02,3.838778e-02,8.950267e-03,2.340407e-03,6.495399e-01,8.855694e-02,3.135164e-03,8.406533e-03,4.112597e-03,2.385083e-03,1.805437e-03,6.462154e-03
9.515309e-02,1.368727e-02,3.370586e-03,3.059770e-02,2.777093e-02,7.478055e-03,1.857763e-03,7.390195e-01,6.205269e-02,2.213612e-03,6.017815e-03,3.093421e-03,1.855868e-03,1.277167e-03,4.554498e-03
7.618048e-02,9.615692e-03,2.403955e-03,2.146413e-02,1.991932e-02,5.690205e-03,1.417580e-03,8.063331e-01,4.347480e-02,1.557605e-03,4.250147e-03,2.195655e-03,1.389678e-03,9.059908e-04,3.201649e-03
6.772975e-02,6.817851e-03,1.834666e-03,1.514593e-02,1.503072e-02,4.894665e-03,1.509043e-03,8.465181e-01,3.057229e-02,1.114500e-03,3.052885e-03,1.600749e-03,1.248423e-03,6.557406e-04,2.274696e-03
7.339806e-02,5.066694e-03,2.069357e-03,1.094574e-02,1.321465e-02,6.026104e-03,4.416265e-03,8.538181e-01,2.188691e-02,8.318808e-04,2.552657e-03,1.569058e-03,1.928365e-03,5.508639e-04,1.725267e-03
1.048780e-01,5.036318e-03,2.660390e-03,8.095930e-03,1.270493e-02,7.956951e-03,5.682496e-03,8.182527e-01,1.622368e-02,8.310679e-04,3.914219e-03,3.993894e-03,6.685478e-03,8.531191e-04,2.230698e-03
1.905781e-01,4.414299e-03,2.249137e-03,6.434723e-03,1.170957e-02,1.286822e-02,6.889135e-03,6.745136e-01,1.374674e-02,8.506085e-04,4.608443e-03,6.369638e-03,5.945946e-02,1.023566e-03,4.284682e-03
3.505321e-01,3.907676e-03,2.157371e-03,6.282858e-03,1.005546e-02,1.558107e-02,6.147589e-03,5.323541e-01,1.066593e-02,8.627677e-04,3.753281e-03,6.903503e-03,4.577488e-02,8.923181e-04,4.129059e-03
4.543970e-01,3.514896e-03,2.552604e-03,6.410890e-03,8.680971e-03,1.452436e-02,5.475865e-03,4.418895e-01,8.751704e-03,1.138513e-03,3.404856e-03,7.952337e-03,3.498640e-02,8.710837e-04,5.449077e-03
1.000000e+00,0.000000e+00,0.000000e+00,0.000000e+00,0.000000e+00,0.000000e+00,0.000000e+00,0.000000e+00,0.000000e+00,0.000000e+00,0.000000e+00,0.000000e+00,0.000000e+00,0.000000e+00,0.000000e+00
1.000000e+00,0.000000e+00,0.000000e+00,0.000000e+00,0.000000e+00,0.000000e+00,0.000000e+00,0.000000e+00,0.000000e+00,0.000000e+00,0.000000e+00,0.000000e+00,0.000000e+00,0.000000e+00,0.000000e+00
4.832982e-01,3.524749e-03,3.266177e-03,1.310172e-02,1.776644e-02,2.677473e-02,4.914401e-03,1.772544e-01,1.268124e-02,1.194407e-03,7.439700e-03,1.668858e-02,2.192754e-01,1.305160e-03,1.151476e-02
3.906344e-01,4.640279e-03,2.973532e-03,1.761411e-02,1.800055e-02,2.498308e-02,5.445025e-03,1.249219e-01,1.788503e-02,1.487975e-03,1.372988e-02,2.738293e-02,3.368987e-01,1.865064e-03,1.153757e-02
3.000293e-01,4.173662e-03,2.657618e-03,1.772097e-02,2.117675e-02,2.131125e-02,5.007706e-03,8.801968e-02,4.126135e-02,2.264618e-03,1.691046e-02,4.025878e-02,4.176071e-01,5.825619e-03,1.577522e-02
2.102261e-01,8.416880e-03,3.334482e-03,1.324830e-02,1.897144e-02,1.530499e-02,3.609314e-03,6.182986e-02,1.070933e-01,9.727894e-03,2.812963e-02,3.588960e-02,4.638507e-01,4.504209e-03,1.586325e-02
1.479610e-01,8.843139e-03,2.838386e-03,1.143399e-02,2.292432e-02,1.135207e-02,2.750929e-03,4.451201e-02,2.116281e-01,3.815673e-02,3.322585e-02,3.527135e-02,4.089388e-01,3.639337e-03,1.652400e-02
1.132553e-01,2.441734e-02,6.119897e-03,1.525243e-02,1.838811e-02,1.092797e-02,2.066319e-03,3.228815e-02,2.707770e-01,8.909758e-02,4.288846e-02,3.551681e-02,3.200296e-01,2.974463e-03,1.600055e-02
9.858154e-02,3.068929e-02,8.041641e-03,2.051466e-02,1.842027e-02,1.075857e-02,1.562822e-03,4.071411e-02,2.812532e-01,1.786267e-01,3.396569e-02,2.824135e-02,2.288814e-01,2.425670e-03,1.732307e-02
9.073148e-02,5.780246e-02,8.771414e-03,2.371875e-02,1.865837e-02,1.072369e-02,1.206233e-03,3.287032e-02,2.880821e-01,2.277507e-01,2.708940e-02,2.329466e-02,1.635806e-01,2.413266e-03,2.330676e-02
7.045832e-02,6.760211e-02,9.633512e-03,2.636036e-02,1.491154e-02,1.031017e-02,1.085748e-03,2.475901e-02,2.990413e-01,2.890142e-01,2.269179e-02,2.025798e-02,1.180125e-01,2.276571e-03,2.358504e-02
5.584560e-02,5.920031e-02,7.890237e-03,2.398301e-02,1.398735e-02,1.044672e-02,1.384147e-03,2.275745e-02,2.933422e-01,3.462728e-01,2.149522e-02,1.889761e-02,8.808477e-02,1.906506e-03,3.450612e-02
4.020385e-02,4.788820e-02,6.647884e-03,2.280044e-02,1.502205e-02,1.497183e-02,2.507078e-03,8.466817e-02,3.565037e-01,2.719650e-01,1.745282e-02,1.451859e-02,6.403818e-02,1.465420e-03,3.934681e-02
3.034673e-02,3.513218e-02,6.074771e-03,2.260057e-02,1.296423e-02,1.218022e-02,2.533898e-03,2.794701e-01,2.968693e-01,1.935509e-01,1.420671e-02,1.087075e-02,4.643032e-02,1.108586e-03,3.566074e-02
2.694307e-02,2.827910e-02,8.478555e-03,2.245664e-02,1.078061e-02,1.056071e-02,5.095510e-03,4.431019e-01,2.213822e-01,1.395995e-01,1.056970e-02,7.831617e-03,3.428955e-02,8.284913e-04,2.980277e-02
2.177322e-02,2.404468e-02,1.600296e-02,1.881834e-02,8.683139e-03,9.550701e-03,6.593981e-03,5.637128e-01,1.617682e-01,1.031061e-01,8.223722e-03,5.684718e-03,2.687497e-02,6.825560e-04,2.447982e-02
1.837314e-02,2.331419e-02,2.434268e-02,1.601928e-02,7.522775e-03,8.203926e-03,7.601757e-03,6.449994e-01,1.193991e-01,7.535005e-02,6.540034e-03,4.145612e-03,2.099077e-02,6.930949e-04,2.250415e-02
2.510924e-02,2.198082e-02,2.951324e-02,1.458397e-02,9.757120e-03,7.851690e-03,1.056381e-02,6.861138e-01,9.199953e-02,5.415111e-02,5.217033e-03,3.161814e-03,1.737727e-02,9.424536e-04,2.167697e-02
3.820279e-02,2.689734e-02,3.084670e-02,1.386908e-02,1.455588e-02,1.189672e-02,1.508931e-02,6.826048e-01,7.669896e-02,4.120423e-02,5.290640e-03,3.019956e-03,1.522713e-02,1.674570e-03,2.292184e-02
3.178247e-02,2.217852e-02,3.745231e-02,1.279738e-02,1.306447e-02,9.833355e-03,1.610561e-02,6.061776e-01,5.652342e-02,1.251246e-01,1.940274e-02,7.254000e-03,1.470398e-02,5.621109e-03,2.197838e-02
2.687502e-02,1.803653e-02,3.269766e-02,2.061561e-02,1.023187e-02,9.155678e-03,2.268242e-02,4.596772e-01,4.536143e-02,1.137082e-01,1.178274e-01,4.150854e-02,4.520687e-02,1.343947e-02,2.297606e-02
4.062887e-02,1.903865e-02,2.915329e-02,2.737682e-02,1.062409e-02,1.338297e-02,3.391607e-02,3.532561e-01,4.320507e-02,9.659633e-02,1.828440e-01,5.826469e-02,4.036504e-02,2.838750e-02,2.296044e-02
6.155995e-02,1.745676e-02,2.555387e-02,3.323042e-02,1.412228e-02,2.550786e-02,6.296366e-02,2.618525e-01,4.295075e-02,8.187177e-02,1.947710e-01,6.029524e-02,3.846597e-02,5.582173e-02,2.357624e-02
1.192318e-01,1.395743e-02,2.028316e-02,3.503343e-02,1.292860e-02,3.105797e-02,4.933915e-02,1.867063e-01,3.491420e-02,6.058957e-02,2.099122e-01,7.278878e-02,3.081835e-02,1.033050e-01,1.913404e-02
1.268604e-01,1.082473e-02,1.594729e-02,3.018771e-02,9.901645e-03,3.571923e-02,3.706382e-02,1.315970e-01,2.728941e-02,5.064475e-02,2.690011e-01,6.856945e-02,2.531759e-02,1.445990e-01,1.647679e-02
1.626531e-01,8.785435e-03,1.316051e-02,2.476073e-02,8.743157e-03,4.426284e-02,2.916486e-02,9.418615e-02,2.313846e-02,3.784094e-02,2.976776e-01,6.800519e-02,2.081502e-02,1.538189e-01,1.298704e-02
2.306358e-01,7.359630e-03,1.321466e-02,2.008128e-02,8.261173e-03,5.016465e-02,2.215771e-02,6.934952e-02,2.382907e-02,2.823686e-02,2.871055e-01,6.912899e-02,1.636485e-02,1.441572e-01,9.952971e-03
2.051856e-01,5.632983e-03,1.438653e-01,1.849031e-02,1.710180e-02,4.180169e-02,1.707679e-02,8.250033e-02,1.984481e-02,2.071763e-02,2.394945e-01,5.925090e-02,1.283875e-02,1.088133e-01,7.385373e-03
1.489390e-01,4.276109e-03,1.023315e-01,1.323748e-02,2.146757e-02,4.351392e-02,1.220339e-02,5.907624e-02,1.577205e-02,1.514477e-02,3.727829e-01,5.028464e-02,1.003475e-02,1.255890e-01,5.346659e-03
1.093159e-01,3.533915e-03,7.399672e-02,9.771102e-03,2.080666e-02,4.326608e-02,8.648148e-03,4.192470e-02,1.308111e-02,1.140061e-02,4.647316e-01,4.455304e-02,8.187178e-03,1.426951e-01,4.088135e-03
7.950985e-02,3.443878e-03,5.355494e-02,7.445567e-03,1.871104e-02,5.653781e-02,6.162790e-03,2.985424e-02,1.120127e-02,9.218062e-03,4.919274e-01,3.627108e-02,6.898966e-03,1.857935e-01,3.469535e-03
5.993564e-02,3.560111e-03,3.894999e-02,6.185018e-03,1.669701e-02,6.355563e-02,4.431766e-03,2.125582e-02,9.427698e-03,7.680475e-03,5.358458e-01,3.084542e-02,6.241237e-03,1.920183e-01,3.370012e-03
6.449310e-02,1.544693e-02,4.839344e-02,7.768715e-03,3.806473e-02,5.628484e-02,4.870488e-03,2.051282e-02,1.534860e-02,7.891649e-03,4.796974e-01,2.602944e-02,8.294191e-03,2.037637e-01,3.139890e-03
6.484958e-02,2.534232e-02,1.077761e-01,1.972243e-02,4.029836e-02,4.452364e-02,4.451319e-03,1.852541e-02,3.212057e-02,8.260060e-03,4.166876e-01,2.116075e-02,8.709149e-03,1.827751e-01,4.797632e-03
6.538655e-02,4.727802e-02,1.136561e-01,2.977124e-02,4.742638e-02,4.699611e-02,4.586601e-03,2.024254e-02,6.357440e-02,8.711637e-03,3.446286e-01,1.841746e-02,8.277266e-03,1.720893e-01,8.957749e-03
5.849635e-02,7.128701e-02,1.137299e-01,8.366282e-02,6.204884e-02,4.368025e-02,4.101522e-03,1.815211e-02,1.099354e-01,9.090869e-03,2.576812e-01,1.424616e-02,8.798491e-03,1.274183e-01,1.767082e-02
6.517626e-02,6.024528e-02,1.213148e-01,1.168469e-01,6.347167e-02,5.865224e-02,3.660038e-03,2.211919e-02,1.261210e-01,1.853521e-02,1.866682e-01,1.060760e-02,7.846075e-03,9.528378e-02,4.345174e-02
7.240658e-02,9.657949e-02,1.158239e-01,1.217992e-01,5.224262e-02,6.854570e-02,2.681436e-03,2.063594e-02,1.609045e-01,1.913835e-02,1.360252e-01,8.117203e-03,6.444902e-03,7.268126e-02,4.597359e-02
1.079685e-01,1.099789e-01,1.335689e-01,9.730924e-02,4.046044e-02,7.455952e-02,2.072366e-03,3.280707e-02,1.683110e-01,1.425948e-02,1.001515e-01,6.919742e-03,5.415083e-03,6.018362e-02,4.603466e-02
1.730329e-01,9.404568e-02,9.991672e-02,8.622111e-02,5.514539e-02,8.933143e-02,2.037704e-03,4.506262e-02,1.710450e-01,1.071648e-02,7.430004e-02,8.050683e-03,5.324169e-03,4.609171e-02,3.967834e-02
2.165051e-01,8.412026e-02,7.573859e-02,1.343734e-01,4.531947e-02,6.568601e-02,1.735102e-03,3.821428e-02,1.418215e-01,8.824455e-03,6.421930e-02,1.808572e-02,1.007215e-02,3.499669e-02,6.028800e-02
2.436535e-01,7.106152e-02,5.455073e-02,1.470241e-01,4.047467e-02,4.948832e-02,1.568674e-03,2.832118e-02,1.107982e-01,9.722240e-03,7.044080e-02,2.564044e-02,1.434840e-02,2.763292e-02,1.052743e-01
2.179403e-01,5.716512e-02,4.038877e-02,1.130855e-01,3.992195e-02,3.641893e-02,1.157476e-03,2.107489e-02,9.853455e-02,1.100370e-02,1.874125e-01,4.527496e-02,2.027138e-02,2.277101e-02,8.757888e-02
1.944360e-01,4.874682e-02,3.324886e-02,9.543971e-02,3.691151e-02,3.011905e-02,1.459976e-03,1.937467e-02,8.381028e-02,3.221354e-02,2.515566e-01,3.918001e-02,3.167043e-02,2.878861e-02,7.304385e-02
1.430230e-01,4.639688e-02,4.689421e-02,1.253008e-01,3.705748e-02,2.344493e-02,1.401102e-03,1.735220e-02,7.635661e-02,3.630689e-02,2.703420e-01,3.179805e-02,4.004706e-02,3.942440e-02,6.485441e-02
1.311998e-01,6.030136e-02,4.197869e-02,1.046113e-01,3.601971e-02,2.071688e-02,1.226245e-03,1.425049e-02,8.025903e-02,6.590429e-02,2.754241e-01,2.531338e-02,3.214525e-02,4.598776e-02,6.466164e-02
1.100719e-01,6.670017e-02,5.081613e-02,1.040823e-01,3.640770e-02,1.746144e-02,1.736686e-03,1.830734e-02,8.458910e-02,6.339449e-02,2.834964e-01,2.046185e-02,2.820140e-02,6.116803e-02,5.310504e-02
1.124817e-01,6.850830e-02,5.326574e-02,8.611358e-02,3.205018e-02,1.450484e-02,1.679949e-03,2.310363e-02,8.549588e-02,6.957605e-02,2.672771e-01,1.732543e-02,2.323112e-02,1.024584e-01,4.292805e-02
1.161903e-01,8.979884e-02,5.159851e-02,6.710593e-02,2.431933e-02,1.333278e-02,1.520620e-03,1.933862e-02,7.909468e-02,9.089816e-02,2.108269e-01,1.522840e-02,2.085877e-02,1.140905e-01,8.579765e-02
9.597854e-02,1.071494e-01,5.323854e-02,5.090038e-02,1.892584e-02,1.224425e-02,1.432960e-03,1.803643e-02,8.565147e-02,1.255860e-01,1.630518e-01,1.312498e-02,1.727529e-02,1.246482e-01,1.127559e-01
8.462797e-02,1.105754e-01,8.145711e-02,3.808052e-02,2.063813e-02,1.110820e-02,2.171974e-03,4.339506e-02,8.565415e-02,1.424315e-01,1.295343e-01,1.058394e-02,1.431822e-02,1.252317e-01,1.001917e-01
7.047735e-02,1.144312e-01,6.847534e-02,2.876277e-02,2.194411e-02,1.030895e-02,1.831857e-03,6.429501e-02,8.817164e-02,2.144985e-01,1.046706e-01,8.031197e-03,1.117576e-02,1.108546e-01,8.207113e-02
