1.000000e+00,0.000000e+00,0.000000e+00,0.000000e+00,0.000000e+00,0.000000e+00,0.000000e+00,0.000000e+00,0.000000e+00,0.000000e+00,0.000000e+00,0.000000e+00,0.000000e+00,0.000000e+00,0.000000e+00
1.000000e+00,0.000000e+00,0.000000e+00,0.000000e+00,0.000000e+00,0.000000e+00,0.000000e+00,0.000000e+00,0.000000e+00,0.000000e+00,0.000000e+00,0.000000e+00,0.000000e+00,0.000000e+00,0.000000e+00
1.000000e+00,0.000000e+00,0.000000e+00,0.000000e+00,0.000000e+00,0.000000e+00,0.000000e+00,0.000000e+00,0.000000e+00,0.000000e+00,0.000000e+00,0.000000e+00,0.000000e+00,0.000000e+00,0.000000e+00
1.000000e+00,0.000000e+00,0.000000e+00,0.000000e+00,0.000000e+00,0.000000e+00,0.000000e+00,0.000000e+00,0.000000e+00,0.000000e+00,0.000000e+00,0.000000e+00,0.000000e+00,0.000000e+00,0.000000e+00
1.000000e+00,0.000000e+00,0.000000e+00,0.000000e+00,0.000000e+00,0.000000e+00,0.000000e+00,0.000000e+00,0.000000e+00,0.000000e+00,0.000000e+00,0.000000e+00,0.000000e+00,0.000000e+00,0.000000e+00
1.000000e+00,0.000000e+00,0.000000e+00,0.000000e+00,0.000000e+00,0.000000e+00,0.000000e+00,0.000000e+00,0.000000e+00,0.000000e+00,0.000000e+00,0.000000e+00,0.000000e+00,0.000000e+00,0.000000e+00
1.000000e+00,0.000000e+00,0.000000e+00,0.000000e+00,0.000000e+00,0.000000e+00,0.000000e+00,0.000000e+00,0.000000e+00,0.000000e+00,0.000000e+00,0.000000e+00,0.000000e+00,0.000000e+00,0.000000e+00
1.000000e+00,0.000000e+00,0.000000e+00,0.000000e+00,0.000000e+00,0.000000e+00,0.000000e+00,0.000000e+00,0.000000e+00,0.000000e+00,0.000000e+00,0.000000e+00,0.000000e+00,0.000000e+00,0.000000e+00
1.000000e+00,0.000000e+00,0.000000e+00,0.000000e+00,0.000000e+00,0.000000e+00,0.000000e+00,0.000000e+00,0.000000e+00,0.000000e+00,0.000000e+00,0.000000e+00,0.000000e+00,0.000000e+00,0.000000e+00
1.000000e+00,0.000000e+00,0.000000e+00,0.000000e+00,0.000000e+00,0.000000e+00,0.000000e+00,0.000000e+00,0.000000e+00,0.000000e+00,0.000000e+00,0.000000e+00,0.000000e+00,0.000000e+00,0.000000e+00
1.000000e+00,0.000000e+00,0.000000e+00,0.000000e+00,0.000000e+00,0.000000e+00,0.000000e+00,0.000000e+00,0.000000e+00,0.000000e+00,0.000000e+00,0.000000e+00,0.000000e+00,0.000000e+00,0.000000e+00
1.000000e+00,0.000000e+00,0.000000e+00,0.000000e+00,0.000000e+00,0.000000e+00,0.000000e+00,0.000000e+00,0.000000e+00,0.000000e+00,0.000000e+00,0.000000e+00,0.000000e+00,0.000000e+00,0.000000e+00
1.000000e+00,0.000000e+00,0.000000e+00,0.000000e+00,0.000000e+00,0.000000e+00,0.000000e+00,0.000000e+00,0.000000e+00,0.000000e+00,0.000000e+00,0.000000e+00,0.000000e+00,0.000000e+00,0.000000e+00
1.000000e+00,0.000000e+00,0.000000e+00,0.000000e+00,0.000000e+00,0.000000e+00,0.000000e+00,0.000000e+00,0.000000e+00,0.000000e+00,0.000000e+00,0.000000e+00,0.000000e+00,0.000000e+00,0.000000e+00
1.000000e+00,0.000000e+00,0.000000e+00,0.000000e+00,0.000000e+00,0.000000e+00,0.000000e+00,0.000000e+00,0.000000e+00,0.000000e+00,0.000000e+00,0.000000e+00,0.000000e+00,0.000000e+00,0.000000e+00
1.000000e+00,0.000000e+00,0.000000e+00,0.000000e+00,0.000000e+00,0.000000e+00,0.000000e+00,0.000000e+00,0.000000e+00,0.000000e+00,0.000000e+00,0.000000e+00,0.000000e+00,0.000000e+00,0.000000e+00
1.000000e+00,0.000000e+00,0.000000e+00,0.000000e+00,0.000000e+00,0.000000e+00,0.000000e+00,0.000000e+00,0.000000e+00,0.000000e+00,0.000000e+00,0.000000e+00,0.000000e+00,0.000000e+00,0.000000e+00
1.000000e+00,0.000000e+00,0.000000e+00,0.000000e+00,0.000000e+00,0.000000e+00,0.000000e+00,0.000000e+00,0.000000e+00,0.000000e+00,0.000000e+00,0.000000e+00,0.000000e+00,0.000000e+00,0.000000e+00
1.000000e+00,0.000000e+00,0.000000e+00,0.000000e+00,0.000000e+00,0.000000e+00,0.000000e+00,0.000000e+00,0.000000e+00,0.000000e+00,0.000000e+00,0.000000e+00,0.000000e+00,0.000000e+00,0.000000e+00
1.000000e+00,0.000000e+00,0.000000e+00,0.000000e+00,0.000000e+00,0.000000e+00,0.000000e+00,0.000000e+00,0.000000e+00,0.000000e+00,0.000000e+00,0.000000e+00,0.000000e+00,0.000000e+00,0.000000e+00
1.000000e+00,0.000000e+00,0.000000e+00,0.000000e+00,0.000000e+00,0.000000e+00,0.000000e+00,0.000000e+00,0.000000e+00,0.000000e+00,0.000000e+00,0.000000e+00,0.000000e+00,0.000000e+00,0.000000e+00
1.000000e+00,0.000000e+00,0.000000e+00,0.000000e+00,0.000000e+00,0.000000e+00,0.000000e+00,0.000000e+00,0.000000e+00,0.000000e+00,0.000000e+00,0.000000e+00,0.000000e+00,0.000000e+00,0.000000e+00
1.000000e+00,0.000000e+00,0.000000e+00,0.000000e+00,0.000000e+00,0.000000e+00,0.000000e+00,0.000000e+00,0.000000e+00,0.000000e+00,0.000000e+00,0.000000e+00,0.000000e+00,0.000000e+00,0.000000e+00
1.000000e+00,0.000000e+00,0.000000e+00,0.000000e+00,0.000000e+00,0.000000e+00,0.000000e+00,0.000000e+00,0.000000e+00,0.000000e+00,0.000000e+00,0.000000e+00,0.000000e+00,0.000000e+00,0.000000e+00
1.000000e+00,0.000000e+00,0.000000e+00,0.000000e+00,0.000000e+00,0.000000e+00,0.000000e+00,0.000000e+00,0.000000e+00,0.000000e+00,0.000000e+00,0.000000e+00,0.000000e+00,0.000000e+00,0.000000e+00
1.000000e+00,0.000000e+00,0.000000e+00,0.000000e+00,0.000000e+00,0.000000e+00,0.000000e+00,0.000000e+00,0.000000e+00,0.000000e+00,0.000000e+00,0.000000e+00,0.000000e+00,0.000000e+00,0.000000e+00
1.000000e+00,0.000000e+00,0.000000e+00,0.000000e+00,0.000000e+00,0.000000e+00,0.000000e+00,0.000000e+00,0.000000e+00,0.000000e+00,0.000000e+00,0.000000e+00,0.000000e+00,0.000000e+00,0.000000e+00
1.000000e+00,0.000000e+00,0.000000e+00,0.000000e+00,0.000000e+00,0.000000e+00,0.000000e+00,0.000000e+00,0.000000e+00,0.000000e+00,0.000000e+00,0.000000e+00,0.000000e+00,0.000000e+00,0.000000e+00
1.000000e+00,0.000000e+00,0.000000e+00,0.000000e+00,0.000000e+00,0.000000e+00,0.000000e+00,0.000000e+00,0.000000e+00,0.000000e+00,0.000000e+00,0.000000e+00,0.000000e+00,0.000000e+00,0.000000e+00
1.000000e+00,0.000000e+00,0.000000e+00,0.000000e+00,0.000000e+00,0.000000e+00,0.000000e+00,0.000000e+00,0.000000e+00,0.000000e+00,0.000000e+00,0.000000e+00,0.000000e+00,0.000000e+00,0.000000e+00
1.000000e+00,0.000000e+00,0.000000e+00,0.000000e+00,0.000000e+00,0.000000e+00,0.000000e+00,0.000000e+00,0.000000e+00,0.000000e+00,0.000000e+00,0.000000e+00,0.000000e+00,0.000000e+00,0.000000e+00
1.000000e+00,0.000000e+00,0.000000e+00,0.000000e+00,0.000000e+00,0.000000e+00,0.000000e+00,0.000000e+00,0.000000e+00,0.000000e+00,0.000000e+00,0.000000e+00,0.000000e+00,0.000000e+00,0.000000e+00
1.000000e+00,0.000000e+00,0.000000e+00,0.000000e+00,0.000000e+00,0.000000e+00,0.000000e+00,0.000000e+00,0.000000e+00,0.000000e+00,0.000000e+00,0.000000e+00,0.000000e+00,0.000000e+00,0.000000e+00
1.000000e+00,0.000000e+00,0.000000e+00,0.000000e+00,0.000000e+00,0.000000e+00,0.000000e+00,0.000000e+00,0.000000e+00,0.000000e+00,0.000000e+00,0.000000e+00,0.000000e+00,0.000000e+00,0.000000e+00
1.000000e+00,0.000000e+00,0.000000e+00,0.000000e+00,0.000000e+00,0.000000e+00,0.000000e+00,0.000000e+00,0.000000e+00,0.000000e+00,0.000000e+00,0.000000e+00,0.000000e+00,0.000000e+00,0.000000e+00
1.000000e+00,0.000000e+00,0.000000e+00,0.000000e+00,0.000000e+00,0.000000e+00,0.000000e+00,0.000000e+00,0.000000e+00,0.000000e+00,0.000000e+00,0.000000e+00,0.000000e+00,0.000000e+00,0.000000e+00
1.000000e+00,0.000000e+00,0.000000e+00,0.000000e+00,0.000000e+00,0.000000e+00,0.000000e+00,0.000000e+00,0.000000e+00,0.000000e+00,0.000000e+00,0.000000e+00,0.000000e+00,0.000000e+00,0.000000e+00
1.000000e+00,0.000000e+00,0.000000e+00,0.000000e+00,0.000000e+00,0.000000e+00,0.000000e+00,0.000000e+00,0.000000e+00,0.000000e+00,0.000000e+00,0.000000e+00,0.000000e+00,0.000000e+00,0.000000e+00
1.000000e+00,0.000000e+00,0.000000e+00,0.000000e+00,0.000000e+00,0.000000e+00,0.000000e+00,0.000000e+00,0.000000e+00,0.000000e+00,0.000000e+00,0.000000e+00,0.000000e+00,0.000000e+00,0.000000e+00
1.000000e+00,0.000000e+00,0.000000e+00,0.000000e+00,0.000000e+00,0.000000e+00,0.000000e+00,0.000000e+00,0.000000e+00,0.000000e+00,0.000000e+00,0.000000e+00,0.000000e+00,0.000000e+00,0.000000e+00
1.000000e+00,0.000000e+00,0.000000e+00,0.000000e+00,0.000000e+00,0.000000e+00,0.000000e+00,0.000000e+00,0.000000e+00,0.000000e+00,0.000000e+00,0.000000e+00,0.000000e+00,0.000000e+00,0.000000e+00
1.000000e+00,0.000000e+00,0.000000e+00,0.000000e+00,0.000000e+00,0.000000e+00,0.000000e+00,0.000000e+00,0.000000e+00,0.000000e+00,0.000000e+00,0.000000e+00,0.000000e+00,0.000000e+00,0.000000e+00
1.000000e+00,0.000000e+00,0.000000e+00,0.000000e+00,0.000000e+00,0.000000e+00,0.000000e+00,0.000000e+00,0.000000e+00,0.000000e+00,0.000000e+00,0.000000e+00,0.000000e+00,0.000000e+00,0.000000e+00
1.000000e+00,0.000000e+00,0.000000e+00,0.000000e+00,0.000000e+00,0.000000e+00,0.000000e+00,0.000000e+00,0.000000e+00,0.000000e+00,0.000000e+00,0.000000e+00,0.000000e+00,0.000000e+00,0.000000e+00
1.000000e+00,0.000000e+00,0.000000e+00,0.000000e+00,0.000000e+00,0.000000e+00,0.000000e+00,0.000000e+00,0.000000e+00,0.000000e+00,0.000000e+00,0.000000e+00,0.000000e+00,0.000000e+00,0.000000e+00
1.000000e+00,0.000000e+00,0.000000e+00,0.000000e+00,0.000000e+00,0.000000e+00,0.000000e+00,0.000000e+00,0.000000e+00,0.000000e+00,0.000000e+00,0.000000e+00,0.000000e+00,0.000000e+00,0.000000e+00
1.000000e+00,0.000000e+00,0.000000e+00,0.000000e+00,0.000000e+00,0.000000e+00,0.000000e+00,0.000000e+00,0.000000e+00,0.000000e+00,0.000000e+00,0.000000e+00,0.000000e+00,0.000000e+00,0.000000e+00
1.000000e+00,0.000000e+00,0.000000e+00,0.000000e+00,0.000000e+00,0.000000e+00,0.000000e+00,0.000000e+00,0.000000e+00,0.000000e+00,0.000000e+00,0.000000e+00,0.000000e+00,0.000000e+00,0.000000e+00
1.000000e+00,0.000000e+00,0.000000e+00,0.000000e+00,0.000000e+00,0.000000e+00,0.000000e+00,0.000000e+00,0.000000e+00,0.000000e+00,0.000000e+00,0.000000e+00,0.000000e+00,0.000000e+00,0.000000e+00
1.000000e+00,0.000000e+00,0.000000e+00,0.000000e+00,0.000000e+00,0.000000e+00,0.000000e+00,0.000000e+00,0.000000e+00,0.000000e+00,0.000000e+00,0.000000e+00,0.000000e+00,0.000000e+00,0.000000e+00
1.000000e+00,0.000000e+00,0.000000e+00,0.000000e+00,0.000000e+00,0.000000e+00,0.000000e+00,0.000000e+00,0.000000e+00,0.000000e+00,0.000000e+00,0.000000e+00,0.000000e+00,0.000000e+00,0.000000e+00
1.000000e+00,0.000000e+00,0.000000e+00,0.000000e+00,0.000000e+00,0.000000e+00,0.000000e+00,0.000000e+00,0.000000e+00,0.000000e+00,0.000000e+00,0.000000e+00,0.000000e+00,0.000000e+00,0.000000e+00
1.000000e+00,0.000000e+00,0.000000e+00,0.000000e+00,0.000000e+00,0.000000e+00,0.000000e+00,0.000000e+00,0.000000e+00,0.000000e+00,0.000000e+00,0.000000e+00,0.000000e+00,0.000000e+00,0.000000e+00
1.000000e+00,0.000000e+00,0.000000e+00,0.000000e+00,0.000000e+00,0.000000e+00,0.000000e+00,0.000000e+00,0.000000e+00,0.000000e+00,0.000000e+00,0.000000e+00,0.000000e+00,0.000000e+00,0.000000e+00
1.000000e+00,0.000000e+00,0.000000e+00,0.000000e+00,0.000000e+00,0.000000e+00,0.000000e+00,0.000000e+00,0.000000e+00,0.000000e+00,0.000000e+00,0.000000e+00,0.000000e+00,0.000000e+00,0.000000e+00
1.000000e+00,0.000000e+00,0.000000e+00,0.000000e+00,0.000000e+00,0.000000e+00,0.000000e+00,0.000000e+00,0.000000e+00,0.000000e+00,0.000000e+00,0.000000e+00,0.000000e+00,0.000000e+00,0.000000e+00
1.000000e+00,0.000000e+00,0.000000e+00,0.000000e+00,0.000000e+00,0.000000e+00,0.000000e+00,0.000000e+00,0.000000e+00,0.000000e+00,0.000000e+00,0.000000e+00,0.000000e+00,0.000000e+00,0.000000e+00
1.000000e+00,0.000000e+00,0.000000e+00,0.000000e+00,0.000000e+00,0.000000e+00,0.000000e+00,0.000000e+00,0.000000e+00,0.000000e+00,0.000000e+00,0.000000e+00,0.000000e+00,0.000000e+00,0.000000e+00
1.000000e+00,0.000000e+00,0.000000e+00,0.000000e+00,0.000000e+00,0.000000e+00,0.000000e+00,0.000000e+00,0.000000e+00,0.000000e+00,0.000000e+00,0.000000e+00,0.000000e+00,0.000000e+00,0.000000e+00
1.000000e+00,0.000000e+00,0.000000e+00,0.000000e+00,0.000000e+00,0.000000e+00,0.000000e+00,0.000000e+00,0.000000e+00,0.000000e+00,0.000000e+00,0.000000e+00,0.000000e+00,0.000000e+00,0.000000e+00
1.000000e+00,0.000000e+00,0.000000e+00,0.000000e+00,0.000000e+00,0.000000e+00,0.000000e+00,0.000000e+00,0.000000e+00,0.000000e+00,0.000000e+00,0.000000e+00,0.000000e+00,0.000000e+00,0.000000e+00
1.000000e+00,0.000000e+00,0.000000e+00,0.000000e+00,0.000000e+00,0.000000e+00,0.000000e+00,0.000000e+00,0.000000e+00,0.000000e+00,0.000000e+00,0.000000e+00,0.000000e+00,0.000000e+00,0.000000e+00
4.979892e-01,3.798707e-02,1.180742e-02,9.845322e-02,5.480701e-03,1.815355e-02,2.735466e-03,7.815873e-03,9.645161e-02,9.956360e-03,6.697647e-02,3.099424e-02,5.736952e-02,2.338983e-02,3.443949e-02
4.804110e-01,3.355445e-02,9.017196e-03,8.413570e-02,9.971677e-03,2.144407e-02,2.663457e-03,7.958610e-03,1.240635e-01,7.898122e-03,7.025244e-02,3.431395e-02,5.785307e-02,2.281953e-02,3.364331e-02
4.765226e-01,3.159289e-02,7.524608e-03,7.831039e-02,1.247884e-02,3.127982e-02,2.748865e-03,8.317013e-03,1.162015e-01,6.318416e-03,6.716323e-02,3.128334e-02,7.735407e-02,1.824054e-02,3.466386e-02
3.814010e-01,3.187497e-02,7.729816e-03,8.237380e-02,1.390670e-02,4.172900e-02,2.350463e-03,6.917276e-03,1.758486e-01,6.681659e-03,5.803062e-02,2.652255e-02,8.290610e-02,1.793338e-02,6.379405e-02
2.812052e-01,3.435438e-02,8.846435e-03,1.018855e-01,1.231249e-02,5.388659e-02,2.890156e-03,8.014312e-03,1.839563e-01,7.015312e-03,5.228390e-02,2.280413e-02,1.353334e-01,2.582307e-02,6.938883e-02
2.096347e-01,3.602932e-02,1.744211e-02,1.378070e-01,1.104253e-02,5.303258e-02,2.843490e-03,7.815734e-03,2.074930e-01,1.098554e-02,4.359061e-02,1.835303e-02,1.451763e-01,2.623124e-02,7.252277e-02
1.551260e-01,4.822320e-02,1.459666e-02,1.174791e-01,1.203221e-02,9.365224e-02,2.626074e-03,6.608471e-03,2.363941e-01,1.108420e-02,3.779874e-02,1.513531e-02,1.222289e-01,3.460921e-02,9.240549e-02
1.223371e-01,3.832421e-02,1.869047e-02,1.832080e-01,1.949372e-02,1.114137e-01,5.246947e-03,2.073989e-02,2.245944e-01,9.652698e-03,3.021372e-02,1.145626e-02,9.025539e-02,2.752870e-02,8.684485e-02
1.080201e-01,2.904315e-02,1.717113e-02,1.841060e-01,2.036616e-02,1.714176e-01,5.134070e-03,1.813847e-02,2.170987e-01,1.606936e-02,2.846837e-02,9.113266e-03,7.098288e-02,2.557777e-02,7.929295e-02
1.177605e-01,2.679433e-02,1.516259e-02,1.462241e-01,2.213813e-02,1.881357e-01,5.266327e-03,1.491794e-02,2.297349e-01,1.728962e-02,2.340279e-02,8.266403e-03,6.207493e-02,2.324204e-02,9.958965e-02
1.249080e-01,3.008672e-02,2.111786e-02,1.945119e-01,2.899207e-02,1.853396e-01,5.141377e-03,2.058370e-02,2.076504e-01,1.341714e-02,2.021790e-02,8.490098e-03,4.918084e-02,1.742557e-02,7.293680e-02
1.397041e-01,2.906912e-02,1.782873e-02,1.842838e-01,4.472123e-02,1.758676e-01,6.404574e-03,1.897239e-02,2.131756e-01,1.129991e-02,2.395933e-02,1.359981e-02,4.762149e-02,1.470740e-02,5.878487e-02
1.388153e-01,2.687982e-02,1.699397e-02,2.328060e-01,4.141921e-02,1.478429e-01,5.938532e-03,3.127965e-02,2.082674e-01,1.130433e-02,2.395543e-02,1.483903e-02,4.034556e-02,1.131157e-02,4.800124e-02
1.609851e-01,2.384854e-02,2.979738e-02,2.532556e-01,3.317551e-02,1.280906e-01,4.962175e-03,2.922158e-02,1.931993e-01,1.329559e-02,2.365461e-02,2.021949e-02,3.337277e-02,8.768667e-03,4.415312e-02
2.094682e-01,2.253245e-02,3.023505e-02,2.032224e-01,3.219504e-02,1.126251e-01,5.825026e-03,7.686631e-02,1.664706e-01,1.027935e-02,2.642615e-02,3.053027e-02,3.060189e-02,7.173056e-03,3.554912e-02
2.572298e-01,2.072320e-02,3.511202e-02,1.520409e-01,2.730790e-02,8.699620e-02,6.019443e-03,1.741783e-01,1.213327e-01,7.516296e-03,2.281315e-02,2.820365e-02,2.593821e-02,6.048226e-03,2.854004e-02
2.184106e-01,1.689502e-02,2.697601e-02,1.083646e-01,2.034626e-02,6.300766e-02,5.345380e-03,3.647831e-01,8.725961e-02,5.405723e-03,1.747263e-02,2.109818e-02,1.919960e-02,4.442899e-03,2.099269e-02
2.223355e-01,1.569057e-02,2.080075e-02,7.808620e-02,1.625945e-02,4.658729e-02,5.234517e-03,4.621213e-01,6.598745e-02,4.039772e-03,1.277815e-02,1.570410e-02,1.500777e-02,3.272228e-03,1.609497e-02
2.152432e-01,1.313408e-02,1.551635e-02,5.587602e-02,1.252868e-02,3.766137e-02,4.527174e-03,5.464422e-01,4.774430e-02,2.986915e-03,9.643093e-03,1.222936e-02,1.123468e-02,2.536694e-03,1.269591e-02
1.968970e-01,1.025051e-02,1.130534e-02,3.968791e-02,9.734097e-03,2.911486e-02,3.757936e-03,6.261539e-01,3.432649e-02,2.169205e-03,7.147790e-03,9.179093e-03,8.594955e-03,1.924579e-03,9.756311e-03
1.588544e-01,7.646763e-03,8.259559e-03,2.827432e-02,7.343258e-03,2.183111e-02,2.818422e-03,7.110111e-01,2.449103e-02,1.599197e-03,5.407076e-03,7.070505e-03,6.443212e-03,1.453744e-03,7.496331e-03
1.232309e-01,5.488356e-03,5.991793e-03,2.010006e-02,5.567626e-03,1.612719e-02,2.115517e-03,7.825764e-01,1.730852e-02,1.148854e-03,3.957117e-03,5.262932e-03,4.666717e-03,1.055503e-03,5.402533e-03
1.247803e-01,4.295284e-03,4.643654e-03,1.448974e-02,4.692663e-03,1.282318e-02,1.949279e-03,8.018558e-01,1.259507e-02,8.777537e-04,3.152520e-03,5.026100e-03,3.654613e-03,9.108448e-04,4.253260e-03
1.065900e-01,3.189099e-03,3.515714e-03,1.030930e-02,3.982191e-03,9.420685e-03,1.713820e-03,8.384914e-01,9.022527e-03,6.539059e-04,2.410505e-03,4.089157e-03,2.763714e-03,7.007759e-04,3.147217e-03
1.449315e-01,2.844572e-03,3.245287e-03,7.767538e-03,3.940699e-03,7.935924e-03,1.459983e-03,8.041448e-01,6.693967e-03,6.777259e-04,2.724947e-03,6.609839e-03,2.764277e-03,9.026832e-04,3.356281e-03
2.295995e-01,3.387616e-03,2.937909e-03,6.832984e-03,4.339290e-03,7.584247e-03,1.153570e-03,6.905378e-01,7.298170e-03,1.866650e-03,1.137665e-02,1.608433e-02,7.924516e-03,4.901876e-03,4.174955e-03
2.426889e-01,4.203180e-03,2.765934e-03,9.014641e-03,4.653233e-03,1.188170e-02,9.584212e-04,5.526190e-01,1.573685e-02,9.739660e-03,3.915172e-02,2.153748e-02,5.403230e-02,1.941310e-02,1.160395e-02
2.433870e-01,3.655121e-03,2.616115e-03,7.745573e-03,3.606930e-03,1.392172e-02,8.012815e-04,4.239180e-01,2.353576e-02,1.805936e-02,6.490678e-02,2.030852e-02,7.434048e-02,7.275736e-02,2.644004e-02
2.034081e-01,4.011216e-03,2.550488e-03,1.036280e-02,2.918998e-03,1.260139e-02,8.212216e-04,3.231591e-01,9.294216e-02,2.376744e-02,5.887605e-02,2.196471e-02,6.846441e-02,1.322335e-01,4.191836e-02
1.663473e-01,4.959360e-03,3.180744e-03,2.062499e-02,2.618226e-03,1.013057e-02,7.616734e-04,2.445439e-01,2.310130e-01,2.202911e-02,5.447038e-02,1.948816e-02,6.156797e-02,1.162742e-01,4.199050e-02
1.277270e-01,4.849010e-03,2.481925e-03,1.535930e-02,2.101623e-03,8.523234e-03,6.701376e-04,1.728214e-01,1.800844e-01,1.912847e-02,6.434900e-02,1.599729e-02,5.083061e-02,2.592021e-01,7.587450e-02
9.624003e-02,5.560212e-03,1.883446e-03,1.098610e-02,1.610987e-03,7.705909e-03,5.582952e-04,1.218481e-01,1.355066e-01,1.464602e-02,5.441428e-02,1.174965e-02,3.723893e-02,3.706087e-01,1.294427e-01
7.452494e-02,1.937277e-02,3.676501e-03,8.097996e-03,1.585877e-03,7.190265e-03,5.820162e-04,8.624087e-02,1.075775e-01,1.159383e-02,4.156487e-02,8.890894e-03,2.763941e-02,4.250555e-01,1.764068e-01
7.580216e-02,1.844154e-02,4.520489e-03,6.770739e-03,2.380789e-03,7.357363e-03,7.809701e-04,6.183830e-02,8.389711e-02,1.360183e-02,4.076246e-02,7.153536e-03,2.120613e-02,3.929953e-01,2.624913e-01
9.977357e-02,2.241651e-02,6.606424e-03,6.350441e-03,5.991961e-03,8.403113e-03,8.313202e-04,4.516397e-02,8.449909e-02,2.788202e-02,4.371001e-02,7.551831e-03,2.017632e-02,3.312401e-01,2.894033e-01
8.723564e-02,3.126523e-02,1.375275e-02,8.608222e-03,1.448835e-02,4.354783e-02,1.472724e-03,3.371778e-02,1.272718e-01,2.531423e-02,4.362478e-02,6.334963e-03,1.777232e-02,2.845556e-01,2.610377e-01
7.808684e-02,2.966265e-02,2.230004e-02,9.893035e-03,2.566675e-02,1.299820e-01,2.411770e-03,2.593457e-02,1.072507e-01,2.124707e-02,4.561696e-02,7.278313e-03,1.866421e-02,2.752023e-01,2.008028e-01
7.014810e-02,2.902579e-02,6.003797e-02,9.232895e-03,2.856386e-02,1.301447e-01,1.982384e-03,2.026644e-02,1.211298e-01,4.163525e-02,5.498349e-02,7.527788e-03,1.797789e-02,2.527347e-01,1.546090e-01
6.563853e-02,2.752173e-02,5.770065e-02,8.518247e-03,4.347827e-02,1.795936e-01,2.450832e-03,1.632658e-02,1.328623e-01,5.189215e-02,6.726822e-02,6.396321e-03,1.559526e-02,1.994553e-01,1.253020e-01
8.448346e-02,3.751475e-02,6.101267e-02,1.057751e-02,5.190348e-02,2.190745e-01,2.915548e-03,1.467526e-02,1.305289e-01,4.781591e-02,5.820382e-02,5.577692e-03,1.288127e-02,1.595989e-01,1.032364e-01
9.480719e-02,5.178703e-02,6.296752e-02,1.484770e-02,6.465819e-02,2.769240e-01,3.361983e-03,1.276673e-02,1.171183e-01,3.630817e-02,4.425118e-02,4.616412e-03,9.993291e-03,1.292660e-01,7.632629e-02
9.935762e-02,6.286733e-02,5.717644e-02,1.442322e-02,6.923622e-02,3.038380e-01,3.151283e-03,9.947142e-03,1.067775e-01,2.725090e-02,3.386280e-02,3.459668e-03,7.786705e-03,1.416943e-01,5.917082e-02
1.030051e-01,1.122397e-01,5.892611e-02,5.113365e-02,6.921726e-02,2.458496e-01,2.768542e-03,9.013038e-03,1.168950e-01,2.428604e-02,2.763104e-02,3.764923e-03,6.103199e-03,1.122819e-01,5.688477e-02
1.349261e-01,9.305156e-02,6.437864e-02,6.096509e-02,7.665580e-02,2.180346e-01,2.731298e-03,9.596696e-03,1.324539e-01,2.147271e-02,2.522709e-02,6.242148e-03,7.021776e-03,1.017657e-01,4.547698e-02
1.403511e-01,9.437182e-02,1.118087e-01,8.341388e-02,8.907393e-02,1.968452e-01,3.763045e-03,1.024329e-02,1.026768e-01,1.739946e-02,2.123282e-02,8.045505e-03,6.576569e-03,7.769226e-02,3.650550e-02
1.997083e-01,6.950454e-02,1.547404e-01,1.042935e-01,7.228092e-02,1.476740e-01,3.148959e-03,7.769735e-03,9.687859e-02,1.495717e-02,1.813472e-02,8.708911e-03,6.494843e-03,6.364556e-02,3.205989e-02
2.527368e-01,5.792772e-02,1.600297e-01,1.174961e-01,6.312706e-02,1.119071e-01,2.713268e-03,6.216861e-03,1.000449e-01,1.333725e-02,1.691211e-02,1.021108e-02,7.417360e-03,5.070735e-02,2.921548e-02
3.004563e-01,5.658122e-02,1.254398e-01,1.247335e-01,7.050128e-02,8.440966e-02,2.866565e-03,7.586611e-03,8.474077e-02,1.266036e-02,1.915964e-02,2.087181e-02,9.765685e-03,4.223470e-02,3.799220e-02
2.704375e-01,1.663591e-01,1.000444e-01,9.853051e-02,6.185512e-02,9.913763e-02,3.959891e-03,9.360880e-03,6.409112e-02,1.167577e-02,1.833430e-02,2.412556e-02,9.241041e-03,3.127591e-02,3.157137e-02
2.288606e-01,1.545907e-01,8.425488e-02,1.340329e-01,5.364572e-02,9.344354e-02,3.255103e-03,9.384499e-03,5.270400e-02,2.108556e-02,2.451666e-02,6.715006e-02,1.157317e-02,2.534191e-02,3.616073e-02
1.653496e-01,1.592578e-01,6.450531e-02,1.186988e-01,3.882739e-02,7.297996e-02,2.323451e-03,7.313322e-03,5.710480e-02,2.469993e-02,1.152355e-01,5.243871e-02,1.788998e-02,2.946608e-02,7.390936e-02
1.213427e-01,1.222906e-01,5.250611e-02,1.464061e-01,2.925116e-02,5.607728e-02,1.756797e-03,5.661019e-03,5.490500e-02,3.370617e-02,1.718030e-01,4.132709e-02,2.035094e-02,7.495819e-02,6.765776e-02
1.084431e-01,8.944908e-02,4.181152e-02,1.080212e-01,2.150015e-02,4.308286e-02,1.664653e-03,5.004996e-03,4.510703e-02,3.163128e-02,1.844958e-01,3.730372e-02,1.564147e-02,2.159959e-01,5.084730e-02
7.806887e-02,6.348719e-02,2.977781e-02,7.761404e-02,1.545659e-02,3.418933e-02,1.241327e-03,3.661700e-03,4.189683e-02,3.979483e-02,3.202668e-01,4.536262e-02,1.260555e-02,1.985373e-01,3.803913e-02
5.625790e-02,4.485369e-02,2.123583e-02,5.533769e-02,1.131728e-02,2.792063e-02,9.799267e-04,2.680606e-03,3.223069e-02,3.121328e-02,3.798475e-01,5.726258e-02,9.589808e-03,2.416941e-01,2.757845e-02
4.039693e-02,3.163494e-02,1.528616e-02,3.891860e-02,1.067212e-02,2.888500e-02,9.129799e-04,2.193479e-03,2.282105e-02,2.247422e-02,3.447235e-01,5.205755e-02,7.806892e-03,3.611813e-01,2.003535e-02
3.348092e-02,2.280063e-02,1.117042e-02,2.782131e-02,1.373453e-02,2.262677e-02,9.235381e-04,2.421770e-03,1.677521e-02,1.677213e-02,2.838254e-01,4.825044e-02,6.727423e-03,4.772874e-01,1.538210e-02
2.606189e-02,1.620769e-02,8.083181e-03,1.982262e-02,1.631133e-02,1.664767e-02,1.016475e-03,2.290706e-03,1.240610e-02,1.309126e-02,2.985747e-01,5.611470e-02,5.322079e-03,4.970579e-01,1.099164e-02
2.334356e-02,1.175687e-02,5.982384e-03,1.426755e-02,4.263947e-02,1.642995e-02,9.958687e-04,2.333556e-03,9.193500e-03,1.009781e-02,2.711744e-01,5.913209e-02,4.216925e-03,5.204652e-01,7.970829e-03
2.393201e-02,8.807632e-03,4.580332e-03,1.042592e-02,7.114872e-02,1.535754e-02,1.110632e-03,2.552588e-03,7.989954e-03,8.914529e-03,2.745389e-01,5.561790e-02,3.317810e-03,5.054768e-01,6.228700e-03
6.037458e-02,1.143127e-02,4.803735e-03,8.837720e-03,7.121873e-02,1.994248e-02,1.122665e-03,3.604684e-03,7.951065e-03,7.674496e-03,3.111844e-01,4.172011e-02,2.502117e-03,4.413882e-01,6.243690e-03
7.743369e-02,1.354567e-02,1.295524e-02,1.168215e-02,7.581531e-02,2.393030e-02,2.272575e-03,6.982239e-03,1.381028e-02,7.613654e-03,3.336796e-01,3.457928e-02,2.154813e-03,3.771623e-01,6.382832e-03
9.928399e-02,1.774229e-02,2.546249e-02,1.294117e-02,6.985272e-02,3.658988e-02,2.803337e-03,1.066580e-02,2.364625e-02,1.039981e-02,3.334030e-01,3.817465e-02,2.215988e-03,3.042628e-01,1.255580e-02
1.356772e-01,1.828546e-02,4.678982e-02,1.307545e-02,6.093809e-02,4.547765e-02,2.588190e-03,1.329653e-02,6.705655e-02,1.076112e-02,2.785915e-01,4.036018e-02,3.066504e-03,2.530359e-01,1.099986e-02
2.250013e-01,1.707665e-02,8.634253e-02,1.496350e-02,5.008953e-02,4.529713e-02,3.364798e-03,2.366411e-02,5.979013e-02,1.014647e-02,2.213065e-01,3.825975e-02,4.577230e-03,1.893432e-01,1.077708e-02
2.490666e-01,1.529126e-02,8.291174e-02,1.445353e-02,4.325688e-02,4.417706e-02,3.503821e-03,2.603153e-02,6.169598e-02,9.249724e-03,2.267608e-01,5.906951e-02,6.646234e-03,1.454673e-01,1.241800e-02
2.476482e-01,1.469161e-02,8.515209e-02,1.370320e-02,4.712658e-02,3.764925e-02,3.677435e-03,4.998226e-02,6.484228e-02,8.251172e-03,2.299567e-01,6.092004e-02,8.040504e-03,1.164269e-01,1.193180e-02
2.354932e-01,1.411939e-02,1.256890e-01,1.896671e-02,4.362476e-02,4.039157e-02,3.713636e-03,5.862867e-02,7.285258e-02,9.890112e-03,2.091510e-01,5.105627e-02,1.072701e-02,9.170341e-02,1.399266e-02
2.206710e-01,1.426852e-02,1.082248e-01,1.772068e-02,4.049525e-02,9.381194e-02,3.300010e-03,4.849876e-02,7.272862e-02,8.316953e-03,2.175464e-01,5.150215e-02,1.428604e-02,7.351237e-02,1.511646e-02
2.374995e-01,1.496359e-02,9.094652e-02,4.497348e-02,4.249315e-02,1.015366e-01,4.062468e-03,5.005544e-02,7.881706e-02,6.778524e-03,1.899857e-01,5.307551e-02,1.532376e-02,5.397957e-02,1.550912e-02
2.389203e-01,1.628354e-02,7.542603e-02,4.118765e-02,5.671598e-02,8.621761e-02,3.683198e-03,5.128261e-02,7.921451e-02,5.117288e-03,2.259848e-01,4.176063e-02,1.611282e-02,4.369919e-02,1.839388e-02
2.177708e-01,2.027500e-02,5.904670e-02,3.397621e-02,5.853135e-02,7.846814e-02,3.049985e-03,4.620081e-02,8.674512e-02,3.916824e-03,2.810706e-01,3.333102e-02,1.767268e-02,4.310823e-02,1.683659e-02
1.833974e-01,2.407429e-02,5.270301e-02,5.621349e-02,5.894328e-02,6.597552e-02,2.535010e-03,5.535391e-02,1.888545e-01,4.718548e-03,2.058908e-01,2.496656e-02,1.464205e-02,3.232499e-02,2.940664e-02
1.949290e-01,2.898436e-02,4.289696e-02,5.045676e-02,5.549239e-02,1.570888e-01,2.206112e-03,5.229633e-02,1.566712e-01,3.662294e-03,1.682715e-01,1.927374e-02,1.223252e-02,2.705846e-02,2.847963e-02
2.205466e-01,3.005775e-02,5.323733e-02,7.771794e-02,4.911587e-02,1.458703e-01,2.182258e-03,5.745839e-02,1.542740e-01,3.546228e-03,1.228533e-01,1.458635e-02,1.038050e-02,2.069832e-02,3.747493e-02
3.154717e-01,3.226487e-02,4.434541e-02,6.683148e-02,5.607169e-02,1.362844e-01,2.213772e-03,4.763935e-02,1.261443e-01,3.325311e-03,9.307192e-02,1.314648e-02,1.398478e-02,1.733568e-02,3.186883e-02
3.953473e-01,3.542977e-02,3.422859e-02,6.031260e-02,5.324399e-02,1.265138e-01,2.275614e-03,3.616421e-02,1.052745e-01,2.721401e-03,7.346429e-02,1.138867e-02,1.675299e-02,1.449033e-02,3.239194e-02
3.728002e-01,4.555384e-02,5.032641e-02,8.795835e-02,4.230477e-02,9.774891e-02,2.145752e-03,2.963476e-02,9.109285e-02,4.757474e-03,5.502108e-02,1.086018e-02,1.344723e-02,1.277864e-02,8.356952e-02
3.816384e-01,6.273322e-02,5.007749e-02,7.585961e-02,4.060484e-02,9.503266e-02,2.769392e-03,3.308977e-02,8.823869e-02,6.261762e-03,4.107477e-02,9.581971e-03,1.097897e-02,1.459390e-02,8.746457e-02
3.195140e-01,5.754813e-02,7.777978e-02,5.971047e-02,3.194731e-02,7.708931e-02,2.647869e-03,2.422171e-02,7.526062e-02,1.284593e-02,3.108915e-02,8.825785e-03,8.823653e-03,3.258436e-02,1.801119e-01
2.282092e-01,4.375459e-02,5.827393e-02,5.227204e-02,2.271482e-02,5.415344e-02,1.911611e-03,1.705958e-02,7.310732e-02,1.349103e-02,2.229336e-02,6.387250e-03,6.644041e-03,2.686756e-02,3.728603e-01
1.647249e-01,3.182702e-02,4.325945e-02,4.030503e-02,1.618683e-02,3.826004e-02,1.391119e-03,1.202021e-02,6.284498e-02,1.282830e-02,1.683313e-02,4.757153e-03,5.301558e-03,3.747016e-02,5.119901e-01
1.302583e-01,2.283555e-02,3.245649e-02,2.889710e-02,1.159040e-02,2.738032e-02,1.200750e-03,8.610337e-03,4.699721e-02,1.042628e-02,1.225859e-02,4.162411e-03,4.168780e-03,7.742871e-02,5.813287e-01
1.937616e-01,1.670287e-02,2.439741e-02,2.110479e-02,8.725179e-03,2.166673e-02,1.458086e-03,6.729173e-03,3.720077e-02,1.011792e-02,1.028772e-02,1.095880e-02,1.147003e-02,1.219656e-01,5.034534e-01
1.727820e-01,1.321677e-02,2.417757e-02,1.814314e-02,6.722472e-03,1.672464e-02,2.198971e-03,5.242618e-03,3.117849e-02,1.032556e-02,9.650273e-03,1.133132e-02,1.016474e-02,1.715216e-01,4.966198e-01
1.756073e-01,1.167208e-02,2.312887e-02,1.384683e-02,5.595952e-03,1.440254e-02,2.656092e-03,4.308725e-03,2.560667e-02,1.343764e-02,1.177146e-02,3.423720e-02,1.418994e-02,2.168620e-01,4.326767e-01
2.049367e-01,1.233371e-02,2.069316e-02,1.404019e-02,7.102214e-03,1.310795e-02,3.085467e-03,4.414537e-03,3.513119e-02,2.216855e-02,1.771423e-02,5.047160e-02,3.816642e-02,2.180446e-01,3.385894e-01
2.074664e-01,1.432105e-02,1.621444e-02,1.158687e-02,6.331926e-03,2.108506e-02,2.825746e-03,5.074501e-03,3.106897e-02,2.257166e-02,1.745287e-02,5.758744e-02,6.329711e-02,2.642783e-01,2.588377e-01
2.319363e-01,1.493451e-02,1.373786e-02,3.785036e-02,5.752655e-03,2.667227e-02,2.623567e-03,4.830331e-03,4.412109e-02,2.727588e-02,2.431044e-02,6.007054e-02,5.954634e-02,2.315232e-01,2.148147e-01
2.354064e-01,2.018401e-02,1.200590e-02,3.066239e-02,5.563500e-03,3.666025e-02,2.329734e-03,4.376346e-03,5.504957e-02,2.670826e-02,2.743107e-02,9.985088e-02,6.676389e-02,2.112563e-01,1.657515e-01
2.418039e-01,2.004691e-02,2.589815e-02,3.363407e-02,1.177802e-02,4.002371e-02,1.010041e-02,1.024366e-02,7.375303e-02,2.254070e-02,3.744088e-02,1.161476e-01,6.289174e-02,1.722268e-01,1.214705e-01
2.104766e-01,2.552082e-02,2.167328e-02,2.581228e-02,1.339781e-02,4.428194e-02,8.606845e-03,1.089838e-02,7.045598e-02,2.069379e-02,4.576140e-02,1.748612e-01,1.070846e-01,1.311803e-01,8.929474e-02
2.206339e-01,2.819454e-02,1.738834e-02,2.030151e-02,1.674948e-02,6.823786e-02,7.307430e-03,1.190099e-02,7.642034e-02,1.813983e-02,3.690341e-02,1.737068e-01,1.429386e-01,9.551440e-02,6.566257e-02
2.012502e-01,2.606707e-02,1.287950e-02,1.616627e-02,1.950348e-02,7.074300e-02,6.082460e-03,1.126805e-02,8.359285e-02,1.373316e-02,3.002857e-02,1.866995e-01,2.050227e-01,6.861734e-02,4.834579e-02
2.078679e-01,2.715034e-02,1.112329e-02,1.461768e-02,3.480190e-02,6.673270e-02,5.683138e-03,1.009860e-02,8.655316e-02,1.133613e-02,3.119518e-02,1.906525e-01,2.150206e-01,4.979384e-02,3.737295e-02
2.747239e-01,2.357355e-02,8.544032e-03,1.402486e-02,3.378457e-02,5.967027e-02,5.771078e-03,1.337411e-02,7.864594e-02,8.778497e-03,2.608871e-02,1.630196e-01,2.258319e-01,3.576533e-02,2.840357e-02
3.014903e-01,2.504875e-02,8.150224e-03,1.566330e-02,4.610418e-02,5.344661e-02,8.878520e-03,1.394556e-02,7.761759e-02,7.605772e-03,1.977316e-02,1.346187e-01,2.408542e-01,2.555529e-02,2.124777e-02
2.807063e-01,2.499429e-02,9.704607e-03,1.475420e-02,4.681031e-02,5.496009e-02,9.650929e-03,1.440063e-02,6.887972e-02,6.368512e-03,1.519882e-02,1.113429e-01,3.051932e-01,1.857579e-02,1.845968e-02
2.688284e-01,3.145226e-02,5.348499e-02,1.074957e-01,4.561350e-02,4.379358e-02,9.223790e-03,1.609532e-02,5.755567e-02,8.091409e-03,1.205543e-02,8.064396e-02,2.252076e-01,1.330957e-02,2.714869e-02
2.802165e-01,2.867547e-02,5.089205e-02,8.781090e-02,6.477341e-02,5.641025e-02,1.492702e-02,1.415781e-02,5.812958e-02,6.276431e-03,1.267571e-02,6.977175e-02,2.228987e-01,9.849213e-03,2.253523e-02
2.627888e-01,2.609912e-02,4.917224e-02,1.660990e-01,7.830600e-02,4.543250e-02,1.649467e-02,2.445308e-02,5.059189e-02,5.334264e-03,1.391948e-02,5.312961e-02,1.815484e-01,7.458773e-03,1.917217e-02
2.606113e-01,3.542335e-02,5.211639e-02,1.465322e-01,7.386312e-02,9.699446e-02,1.642516e-02,2.143853e-02,4.163437e-02,6.035634e-03,1.670646e-02,4.207153e-02,1.448287e-01,6.213982e-03,3.910485e-02
2.224843e-01,3.014674e-02,4.237559e-02,1.074055e-01,5.781368e-02,1.874759e-01,1.253503e-02,2.493558e-02,4.227879e-02,2.230640e-02,1.705214e-02,3.100110e-02,1.050312e-01,1.087584e-02,8.628218e-02
2.356322e-01,2.910265e-02,3.915205e-02,8.753659e-02,6.152955e-02,2.328892e-01,1.042069e-02,2.004329e-02,5.445880e-02,2.358604e-02,1.525319e-02,2.330070e-02,7.781952e-02,1.692990e-02,7.234559e-02
1.932240e-01,2.260730e-02,3.153508e-02,7.330676e-02,4.716995e-02,3.745216e-01,8.012036e-03,1.641675e-02,4.673455e-02,2.197445e-02,1.626745e-02,1.692827e-02,5.590452e-02,1.858605e-02,5.681133e-02
1.701471e-01,2.071055e-02,3.144372e-02,6.968448e-02,4.238615e-02,4.130757e-01,6.938049e-03,1.634116e-02,5.416324e-02,2.891394e-02,1.892406e-02,1.289268e-02,4.270162e-02,1.868086e-02,5.299671e-02
1.694751e-01,2.123468e-02,2.935760e-02,5.724678e-02,3.592698e-02,4.087075e-01,5.830723e-03,1.294466e-02,7.224247e-02,4.075915e-02,2.060498e-02,9.962333e-03,3.263612e-02,2.608342e-02,5.698753e-02
2.866836e-01,1.781734e-02,2.634110e-02,5.022484e-02,3.059871e-02,3.211978e-01,4.841337e-03,1.100666e-02,8.483858e-02,3.517840e-02,2.209172e-02,8.840411e-03,2.574332e-02,2.774360e-02,4.685262e-02
2.502538e-01,1.579234e-02,2.274863e-02,4.398641e-02,2.204046e-02,2.615950e-01,3.677124e-03,8.203745e-03,1.423700e-01,3.611746e-02,3.157786e-02,7.872300e-03,2.297209e-02,5.216937e-02,7.862347e-02
1.766845e-01,1.358447e-02,1.678143e-02,3.732736e-02,1.566203e-02,2.262153e-01,2.714835e-03,5.869921e-03,2.308901e-01,4.351430e-02,2.792067e-02,5.897608e-03,1.848313e-02,4.121870e-02,1.372356e-01
1.275418e-01,1.243100e-02,1.199465e-02,2.683033e-02,1.117078e-02,1.811951e-01,2.002442e-03,4.262653e-03,2.236285e-01,5.316386e-02,2.165688e-02,4.993184e-03,1.958660e-02,4.155609e-02,2.579862e-01
9.073326e-02,1.177278e-02,9.434038e-03,2.233892e-02,8.108118e-03,1.284335e-01,1.437657e-03,3.186842e-03,2.587810e-01,4.720085e-02,1.727223e-02,4.251228e-03,1.783230e-02,3.150603e-02,3.477112e-01
7.066012e-02,9.969559e-03,8.099955e-03,1.772154e-02,6.167123e-03,9.754086e-02,1.248119e-03,2.490294e-03,2.153382e-01,7.139615e-02,1.587292e-02,9.122780e-03,1.937140e-02,2.752638e-02,4.274746e-01
6.013996e-02,7.479772e-03,6.319641e-03,1.339856e-02,6.146767e-03,7.915489e-02,1.275870e-03,2.364567e-03,1.517825e-01,6.022773e-02,1.597776e-02,2.328810e-02,4.341961e-02,2.301995e-02,5.060043e-01
4.718447e-02,6.069130e-03,4.994391e-03,1.019083e-02,6.720489e-03,6.100441e-02,1.149146e-03,2.608425e-03,1.083017e-01,5.044655e-02,2.175358e-02,6.165736e-02,1.209473e-01,2.160527e-02,4.753670e-01
3.584053e-02,6.440947e-03,6.005534e-03,9.155931e-03,8.373001e-03,6.259076e-02,1.639043e-03,2.800195e-03,8.521517e-02,3.981749e-02,2.653868e-02,1.418418e-01,1.875914e-01,1.786989e-02,3.682797e-01
2.875974e-02,1.516258e-02,1.084646e-02,1.119365e-02,1.833594e-02,5.530553e-02,3.129501e-03,5.456252e-03,1.128747e-01,3.392672e-02,4.981966e-02,1.334491e-01,2.076258e-01,1.326302e-02,3.008513e-01
2.211889e-02,1.434107e-02,1.128319e-02,1.039322e-02,2.202785e-02,5.058853e-02,4.778540e-03,7.506537e-03,1.076513e-01,2.820030e-02,4.233904e-02,1.373401e-01,3.000842e-01,9.880149e-03,2.314671e-01
2.130400e-02,1.644479e-02,5.888395e-02,2.387678e-02,3.937603e-02,7.603498e-02,6.987902e-03,1.661145e-02,1.058301e-01,2.275551e-02,3.484715e-02,1.090645e-01,2.860827e-01,7.931319e-03,1.739688e-01
2.094067e-02,1.696611e-02,4.628444e-02,2.058642e-02,3.188734e-02,8.052190e-02,6.338089e-03,1.318859e-02,9.359818e-02,2.184357e-02,3.663254e-02,1.246815e-01,3.438124e-01,7.830823e-03,1.348875e-01
8.299015e-02,2.146662e-02,3.528276e-02,1.710164e-02,2.810155e-02,7.148502e-02,5.921311e-03,1.304094e-02,9.602512e-02,1.716430e-02,3.166902e-02,1.110882e-01,3.541152e-01,6.309022e-03,1.082392e-01
8.611321e-02,2.337328e-02,2.682411e-02,1.355364e-02,2.838325e-02,6.890436e-02,9.502576e-03,2.017811e-02,1.025402e-01,1.409877e-02,2.920726e-02,1.165736e-01,3.548946e-01,5.352435e-03,1.005007e-01
1.216742e-01,6.174711e-02,3.297608e-02,7.616346e-02,2.824423e-02,6.087451e-02,1.079144e-02,1.561236e-02,9.616375e-02,1.643795e-02,2.273469e-02,9.288611e-02,2.792114e-01,4.359431e-03,8.012331e-02
1.794742e-01,4.883201e-02,4.988258e-02,8.829506e-02,2.993001e-02,6.366339e-02,9.922187e-03,3.960204e-02,9.193550e-02,1.443714e-02,2.251637e-02,7.890914e-02,2.194651e-01,4.383286e-03,5.875193e-02
2.496944e-01,3.970269e-02,4.254127e-02,8.260749e-02,3.998314e-02,6.621379e-02,1.008182e-02,3.157344e-02,8.888294e-02,1.407666e-02,2.946574e-02,7.698450e-02,1.694985e-01,6.749838e-03,5.194384e-02
3.410661e-01,4.543516e-02,3.307770e-02,7.315109e-02,3.799801e-02,5.454662e-02,1.096231e-02,2.402203e-02,9.005962e-02,1.300409e-02,2.535056e-02,6.684963e-02,1.310961e-01,6.464275e-03,4.691666e-02
4.297016e-01,4.290388e-02,2.454090e-02,5.733296e-02,3.698992e-02,4.514574e-02,1.311193e-02,1.826628e-02,8.101974e-02,1.037898e-02,1.932261e-02,7.154225e-02,1.075126e-01,5.740661e-03,3.648994e-02
4.953656e-01,3.753617e-02,1.847372e-02,4.428297e-02,3.049385e-02,3.951883e-02,1.245676e-02,2.668792e-02,6.926709e-02,8.448123e-03,1.491139e-02,7.269624e-02,9.620147e-02,5.839555e-03,2.782026e-02
4.329436e-01,3.221567e-02,1.581043e-02,3.289243e-02,2.785816e-02,4.114505e-02,1.088617e-02,1.486861e-01,6.136468e-02,6.921078e-03,1.147276e-02,7.197019e-02,7.939240e-02,5.526193e-03,2.091514e-02
3.652487e-01,2.505224e-02,1.469348e-02,2.830653e-02,2.603860e-02,3.665026e-02,1.013276e-02,2.914735e-01,5.096683e-02,5.549750e-03,8.829755e-03,5.821023e-02,5.901648e-02,4.584806e-03,1.524603e-02
3.558548e-01,2.606229e-02,1.477024e-02,2.227173e-02,2.943745e-02,3.519876e-02,1.597841e-02,3.101887e-01,5.793959e-02,4.940538e-03,7.834990e-03,4.986798e-02,5.426322e-02,3.782479e-03,1.160889e-02
3.031057e-01,2.496175e-02,1.314618e-02,1.693089e-02,2.458816e-02,3.655554e-02,1.513008e-02,4.034981e-01,5.008492e-02,4.049354e-03,6.183648e-03,4.054276e-02,4.926685e-02,3.144187e-03,8.811868e-03
2.518944e-01,1.896575e-02,1.042206e-02,1.266767e-02,1.876536e-02,2.889713e-02,1.179855e-02,5.222872e-01,3.939974e-02,3.067646e-03,4.556021e-03,2.861585e-02,3.934436e-02,2.422371e-03,6.895861e-03
2.111381e-01,1.583988e-02,8.408445e-03,9.908848e-03,1.576309e-02,2.150680e-02,9.554257e-03,6.063308e-01,3.583418e-02,3.094346e-03,3.456839e-03,2.072735e-02,3.042339e-02,2.252267e-03,5.761383e-03
1.947700e-01,1.383040e-02,7.795497e-03,8.675924e-03,1.452101e-02,1.734677e-02,8.931263e-03,6.439202e-01,3.651489e-02,2.578595e-03,2.726754e-03,1.556997e-02,2.472148e-02,2.418033e-03,5.679167e-03
2.130639e-01,1.320263e-02,7.144323e-03,7.170238e-03,1.370985e-02,1.777853e-02,8.768560e-03,6.473150e-01,2.869867e-02,2.032095e-03,2.124085e-03,1.258461e-02,1.815699e-02,2.001434e-03,6.249075e-03
2.205768e-01,1.218198e-02,6.662071e-03,5.865271e-03,1.177861e-02,1.628844e-02,8.199607e-03,6.620386e-01,2.224180e-02,1.675390e-03,1.674774e-03,9.848570e-03,1.378263e-02,1.687458e-03,5.497920e-03
2.069724e-01,9.014930e-03,5.735123e-03,4.673153e-03,9.329904e-03,1.396306e-02,7.191738e-03,6.999369e-01,1.647143e-02,1.290871e-03,1.381284e-03,7.919688e-03,1.013647e-02,1.361447e-03,4.621565e-03
2.134475e-01,7.379991e-03,6.467449e-03,4.158432e-03,7.656469e-03,1.219527e-02,7.646469e-03,7.043831e-01,1.305085e-02,1.394383e-03,1.267025e-03,7.060399e-03,7.728524e-03,1.248874e-03,4.915291e-03
2.110519e-01,6.014853e-03,6.910371e-03,3.442933e-03,6.117728e-03,1.038221e-02,1.059339e-02,7.139807e-01,1.069338e-02,1.524837e-03,1.075648e-03,5.829457e-03,5.823289e-03,1.093591e-03,5.465912e-03
2.304122e-01,5.184771e-03,8.507610e-03,3.337140e-03,4.890668e-03,9.186587e-03,1.177789e-02,6.989560e-01,8.586187e-03,2.124807e-03,9.377434e-04,4.870904e-03,4.477325e-03,1.011514e-03,5.738700e-03
2.380463e-01,4.457907e-03,9.693773e-03,3.488645e-03,4.007418e-03,8.992266e-03,1.124850e-02,6.947324e-01,6.682334e-03,2.457204e-03,8.919786e-04,4.283786e-03,3.578784e-03,1.023118e-03,6.415598e-03
