1.000000e+00,0.000000e+00,0.000000e+00,0.000000e+00,0.000000e+00,0.000000e+00,0.000000e+00,0.000000e+00,0.000000e+00,0.000000e+00,0.000000e+00,0.000000e+00,0.000000e+00,0.000000e+00,0.000000e+00
1.000000e+00,0.000000e+00,0.000000e+00,0.000000e+00,0.000000e+00,0.000000e+00,0.000000e+00,0.000000e+00,0.000000e+00,0.000000e+00,0.000000e+00,0.000000e+00,0.000000e+00,0.000000e+00,0.000000e+00
1.000000e+00,0.000000e+00,0.000000e+00,0.000000e+00,0.000000e+00,0.000000e+00,0.000000e+00,0.000000e+00,0.000000e+00,0.000000e+00,0.000000e+00,0.000000e+00,0.000000e+00,0.000000e+00,0.000000e+00
1.000000e+00,0.000000e+00,0.000000e+00,0.000000e+00,0.000000e+00,0.000000e+00,0.000000e+00,0.000000e+00,0.000000e+00,0.000000e+00,0.000000e+00,0.000000e+00,0.000000e+00,0.000000e+00,0.000000e+00
1.000000e+00,0.000000e+00,0.000000e+00,0.000000e+00,0.000000e+00,0.000000e+00,0.000000e+00,0.000000e+00,0.000000e+00,0.000000e+00,0.000000e+00,0.000000e+00,0.000000e+00,0.000000e+00,0.000000e+00
1.000000e+00,0.000000e+00,0.000000e+00,0.000000e+00,0.000000e+00,0.000000e+00,0.000000e+00,0.000000e+00,0.000000e+00,0.000000e+00,0.000000e+00,0.000000e+00,0.000000e+00,0.000000e+00,0.000000e+00
1.000000e+00,0.000000e+00,0.000000e+00,0.000000e+00,0.000000e+00,0.000000e+00,0.000000e+00,0.000000e+00,0.000000e+00,0.000000e+00,0.000000e+00,0.000000e+00,0.000000e+00,0.000000e+00,0.000000e+00
1.000000e+00,0.000000e+00,0.000000e+00,0.000000e+00,0.000000e+00,0.000000e+00,0.000000e+00,0.000000e+00,0.000000e+00,0.000000e+00,0.000000e+00,0.000000e+00,0.000000e+00,0.000000e+00,0.000000e+00
1.000000e+00,0.000000e+00,0.000000e+00,0.000000e+00,0.000000e+00,0.000000e+00,0.000000e+00,0.000000e+00,0.000000e+00,0.000000e+00,0.000000e+00,0.000000e+00,0.000000e+00,0.000000e+00,0.000000e+00
1.000000e+00,0.000000e+00,0.000000e+00,0.000000e+00,0.000000e+00,0.000000e+00,0.000000e+00,0.000000e+00,0.000000e+00,0.000000e+00,0.000000e+00,0.000000e+00,0.000000e+00,0.000000e+00,0.000000e+00
1.000000e+00,0.000000e+00,0.000000e+00,0.000000e+00,0.000000e+00,0.000000e+00,0.000000e+00,0.000000e+00,0.000000e+00,0.000000e+00,0.000000e+00,0.000000e+00,0.000000e+00,0.000000e+00,0.000000e+00
1.000000e+00,0.000000e+00,0.000000e+00,0.000000e+00,0.000000e+00,0.000000e+00,0.000000e+00,0.000000e+00,0.000000e+00,0.000000e+00,0.000000e+00,0.000000e+00,0.000000e+00,0.000000e+00,0.000000e+00
1.000000e+00,0.000000e+00,0.000000e+00,0.000000e+00,0.000000e+00,0.000000e+00,0.000000e+00,0.000000e+00,0.000000e+00,0.000000e+00,0.000000e+00,0.000000e+00,0.000000e+00,0.000000e+00,0.000000e+00
1.000000e+00,0.000000e+00,0.000000e+00,0.000000e+00,0.000000e+00,0.000000e+00,0.000000e+00,0.000000e+00,0.000000e+00,0.000000e+00,0.000000e+00,0.000000e+00,0.000000e+00,0.000000e+00,0.000000e+00
1.000000e+00,0.000000e+00,0.000000e+00,0.000000e+00,0.000000e+00,0.000000e+00,0.000000e+00,0.000000e+00,0.000000e+00,0.000000e+00,0.000000e+00,0.000000e+00,0.000000e+00,0.000000e+00,0.000000e+00
1.000000e+00,0.000000e+00,0.000000e+00,0.000000e+00,0.000000e+00,0.000000e+00,0.000000e+00,0.000000e+00,0.000000e+00,0.000000e+00,0.000000e+00,0.000000e+00,0.000000e+00,0.000000e+00,0.000000e+00
1.000000e+00,0.000000e+00,0.000000e+00,0.000000e+00,0.000000e+00,0.000000e+00,0.000000e+00,0.000000e+00,0.000000e+00,0.000000e+00,0.000000e+00,0.000000e+00,0.000000e+00,0.000000e+00,0.000000e+00
1.000000e+00,0.000000e+00,0.000000e+00,0.000000e+00,0.000000e+00,0.000000e+00,0.000000e+00,0.000000e+00,0.000000e+00,0.000000e+00,0.000000e+00,0.000000e+00,0.000000e+00,0.000000e+00,0.000000e+00
1.000000e+00,0.000000e+00,0.000000e+00,0.000000e+00,0.000000e+00,0.000000e+00,0.000000e+00,0.000000e+00,0.000000e+00,0.000000e+00,0.000000e+00,0.000000e+00,0.000000e+00,0.000000e+00,0.000000e+00
1.000000e+00,0.000000e+00,0.000000e+00,0.000000e+00,0.000000e+00,0.000000e+00,0.000000e+00,0.000000e+00,0.000000e+00,0.000000e+00,0.000000e+00,0.000000e+00,0.000000e+00,0.000000e+00,0.000000e+00
1.000000e+00,0.000000e+00,0.000000e+00,0.000000e+00,0.000000e+00,0.000000e+00,0.000000e+00,0.000000e+00,0.000000e+00,0.000000e+00,0.000000e+00,0.000000e+00,0.000000e+00,0.000000e+00,0.000000e+00
1.000000e+00,0.000000e+00,0.000000e+00,0.000000e+00,0.000000e+00,0.000000e+00,0.000000e+00,0.000000e+00,0.000000e+00,0.000000e+00,0.000000e+00,0.000000e+00,0.000000e+00,0.000000e+00,0.000000e+00
1.000000e+00,0.000000e+00,0.000000e+00,0.000000e+00,0.000000e+00,0.000000e+00,0.000000e+00,0.000000e+00,0.000000e+00,0.000000e+00,0.000000e+00,0.000000e+00,0.000000e+00,0.000000e+00,0.000000e+00
1.000000e+00,0.000000e+00,0.000000e+00,0.000000e+00,0.000000e+00,0.000000e+00,0.000000e+00,0.000000e+00,0.000000e+00,0.000000e+00,0.000000e+00,0.000000e+00,0.000000e+00,0.000000e+00,0.000000e+00
1.000000e+00,0.000000e+00,0.000000e+00,0.000000e+00,0.000000e+00,0.000000e+00,0.000000e+00,0.000000e+00,0.000000e+00,0.000000e+00,0.000000e+00,0.000000e+00,0.000000e+00,0.000000e+00,0.000000e+00
1.000000e+00,0.000000e+00,0.000000e+00,0.000000e+00,0.000000e+00,0.000000e+00,0.000000e+00,0.000000e+00,0.000000e+00,0.000000e+00,0.000000e+00,0.000000e+00,0.000000e+00,0.000000e+00,0.000000e+00
1.000000e+00,0.000000e+00,0.000000e+00,0.000000e+00,0.000000e+00,0.000000e+00,0.000000e+00,0.000000e+00,0.000000e+00,0.000000e+00,0.000000e+00,0.000000e+00,0.000000e+00,0.000000e+00,0.000000e+00
1.000000e+00,0.000000e+00,0.000000e+00,0.000000e+00,0.000000e+00,0.000000e+00,0.000000e+00,0.000000e+00,0.000000e+00,0.000000e+00,0.000000e+00,0.000000e+00,0.000000e+00,0.000000e+00,0.000000e+00
1.000000e+00,0.000000e+00,0.000000e+00,0.000000e+00,0.000000e+00,0.000000e+00,0.000000e+00,0.000000e+00,0.000000e+00,0.000000e+00,0.000000e+00,0.000000e+00,0.000000e+00,0.000000e+00,0.000000e+00
1.000000e+00,0.000000e+00,0.000000e+00,0.000000e+00,0.000000e+00,0.000000e+00,0.000000e+00,0.000000e+00,0.000000e+00,0.000000e+00,0.000000e+00,0.000000e+00,0.000000e+00,0.000000e+00,0.000000e+00
1.000000e+00,0.000000e+00,0.000000e+00,0.000000e+00,0.000000e+00,0.000000e+00,0.000000e+00,0.000000e+00,0.000000e+00,0.000000e+00,0.000000e+00,0.000000e+00,0.000000e+00,0.000000e+00,0.000000e+00
1.000000e+00,0.000000e+00,0.000000e+00,0.000000e+00,0.000000e+00,0.000000e+00,0.000000e+00,0.000000e+00,0.000000e+00,0.000000e+00,0.000000e+00,0.000000e+00,0.000000e+00,0.000000e+00,0.000000e+00
1.000000e+00,0.000000e+00,0.000000e+00,0.000000e+00,0.000000e+00,0.000000e+00,0.000000e+00,0.000000e+00,0.000000e+00,0.000000e+00,0.000000e+00,0.000000e+00,0.000000e+00,0.000000e+00,0.000000e+00
1.000000e+00,0.000000e+00,0.000000e+00,0.000000e+00,0.000000e+00,0.000000e+00,0.000000e+00,0.000000e+00,0.000000e+00,0.000000e+00,0.000000e+00,0.000000e+00,0.000000e+00,0.000000e+00,0.000000e+00
1.000000e+00,0.000000e+00,0.000000e+00,0.000000e+00,0.000000e+00,0.000000e+00,0.000000e+00,0.000000e+00,0.000000e+00,0.000000e+00,0.000000e+00,0.000000e+00,0.000000e+00,0.000000e+00,0.000000e+00
1.000000e+00,0.000000e+00,0.000000e+00,0.000000e+00,0.000000e+00,0.000000e+00,0.000000e+00,0.000000e+00,0.000000e+00,0.000000e+00,0.000000e+00,0.000000e+00,0.000000e+00,0.000000e+00,0.000000e+00
1.000000e+00,0.000000e+00,0.000000e+00,0.000000e+00,0.000000e+00,0.000000e+00,0.000000e+00,0.000000e+00,0.000000e+00,0.000000e+00,0.000000e+00,0.000000e+00,0.000000e+00,0.000000e+00,0.000000e+00
1.000000e+00,0.000000e+00,0.000000e+00,0.000000e+00,0.000000e+00,0.000000e+00,0.000000e+00,0.000000e+00,0.000000e+00,0.000000e+00,0.000000e+00,0.000000e+00,0.000000e+00,0.000000e+00,0.000000e+00
1.000000e+00,0.000000e+00,0.000000e+00,0.000000e+00,0.000000e+00,0.000000e+00,0.000000e+00,0.000000e+00,0.000000e+00,0.000000e+00,0.000000e+00,0.000000e+00,0.000000e+00,0.000000e+00,0.000000e+00
1.000000e+00,0.000000e+00,0.000000e+00,0.000000e+00,0.000000e+00,0.000000e+00,0.000000e+00,0.000000e+00,0.000000e+00,0.000000e+00,0.000000e+00,0.000000e+00,0.000000e+00,0.000000e+00,0.000000e+00
1.000000e+00,0.000000e+00,0.000000e+00,0.000000e+00,0.000000e+00,0.000000e+00,0.000000e+00,0.000000e+00,0.000000e+00,0.000000e+00,0.000000e+00,0.000000e+00,0.000000e+00,0.000000e+00,0.000000e+00
1.000000e+00,0.000000e+00,0.000000e+00,0.000000e+00,0.000000e+00,0.000000e+00,0.000000e+00,0.000000e+00,0.000000e+00,0.000000e+00,0.000000e+00,0.000000e+00,0.000000e+00,0.000000e+00,0.000000e+00
1.000000e+00,0.000000e+00,0.000000e+00,0.000000e+00,0.000000e+00,0.000000e+00,0.000000e+00,0.000000e+00,0.000000e+00,0.000000e+00,0.000000e+00,0.000000e+00,0.000000e+00,0.000000e+00,0.000000e+00
1.000000e+00,0.000000e+00,0.000000e+00,0.000000e+00,0.000000e+00,0.000000e+00,0.000000e+00,0.000000e+00,0.000000e+00,0.000000e+00,0.000000e+00,0.000000e+00,0.000000e+00,0.000000e+00,0.000000e+00
1.000000e+00,0.000000e+00,0.000000e+00,0.000000e+00,0.000000e+00,0.000000e+00,0.000000e+00,0.000000e+00,0.000000e+00,0.000000e+00,0.000000e+00,0.000000e+00,0.000000e+00,0.000000e+00,0.000000e+00
1.000000e+00,0.000000e+00,0.000000e+00,0.000000e+00,0.000000e+00,0.000000e+00,0.000000e+00,0.000000e+00,0.000000e+00,0.000000e+00,0.000000e+00,0.000000e+00,0.000000e+00,0.000000e+00,0.000000e+00
1.000000e+00,0.000000e+00,0.000000e+00,0.000000e+00,0.000000e+00,0.000000e+00,0.000000e+00,0.000000e+00,0.000000e+00,0.000000e+00,0.000000e+00,0.000000e+00,0.000000e+00,0.000000e+00,0.000000e+00
1.000000e+00,0.000000e+00,0.000000e+00,0.000000e+00,0.000000e+00,0.000000e+00,0.000000e+00,0.000000e+00,0.000000e+00,0.000000e+00,0.000000e+00,0.000000e+00,0.000000e+00,0.000000e+00,0.000000e+00
1.000000e+00,0.000000e+00,0.000000e+00,0.000000e+00,0.000000e+00,0.000000e+00,0.000000e+00,0.000000e+00,0.000000e+00,0.000000e+00,0.000000e+00,0.000000e+00,0.000000e+00,0.000000e+00,0.000000e+00
1.000000e+00,0.000000e+00,0.000000e+00,0.000000e+00,0.000000e+00,0.000000e+00,0.000000e+00,0.000000e+00,0.000000e+00,0.000000e+00,0.000000e+00,0.000000e+00,0.000000e+00,0.000000e+00,0.000000e+00
1.000000e+00,0.000000e+00,0.000000e+00,0.000000e+00,0.000000e+00,0.000000e+00,0.000000e+00,0.000000e+00,0.000000e+00,0.000000e+00,0.000000e+00,0.000000e+00,0.000000e+00,0.000000e+00,0.000000e+00
1.000000e+00,0.000000e+00,0.000000e+00,0.000000e+00,0.000000e+00,0.000000e+00,0.000000e+00,0.000000e+00,0.000000e+00,0.000000e+00,0.000000e+00,0.000000e+00,0.000000e+00,0.000000e+00,0.000000e+00
1.000000e+00,0.000000e+00,0.000000e+00,0.000000e+00,0.000000e+00,0.000000e+00,0.000000e+00,0.000000e+00,0.000000e+00,0.000000e+00,0.000000e+00,0.000000e+00,0.000000e+00,0.000000e+00,0.000000e+00
1.000000e+00,0.000000e+00,0.000000e+00,0.000000e+00,0.000000e+00,0.000000e+00,0.000000e+00,0.000000e+00,0.000000e+00,0.000000e+00,0.000000e+00,0.000000e+00,0.000000e+00,0.000000e+00,0.000000e+00
1.000000e+00,0.000000e+00,0.000000e+00,0.000000e+00,0.000000e+00,0.000000e+00,0.000000e+00,0.000000e+00,0.000000e+00,0.000000e+00,0.000000e+00,0.000000e+00,0.000000e+00,0.000000e+00,0.000000e+00
1.000000e+00,0.000000e+00,0.000000e+00,0.000000e+00,0.000000e+00,0.000000e+00,0.000000e+00,0.000000e+00,0.000000e+00,0.000000e+00,0.000000e+00,0.000000e+00,0.000000e+00,0.000000e+00,0.000000e+00
1.000000e+00,0.000000e+00,0.000000e+00,0.000000e+00,0.000000e+00,0.000000e+00,0.000000e+00,0.000000e+00,0.000000e+00,0.000000e+00,0.000000e+00,0.000000e+00,0.000000e+00,0.000000e+00,0.000000e+00
1.000000e+00,0.000000e+00,0.000000e+00,0.000000e+00,0.000000e+00,0.000000e+00,0.000000e+00,0.000000e+00,0.000000e+00,0.000000e+00,0.000000e+00,0.000000e+00,0.000000e+00,0.000000e+00,0.000000e+00
1.000000e+00,0.000000e+00,0.000000e+00,0.000000e+00,0.000000e+00,0.000000e+00,0.000000e+00,0.000000e+00,0.000000e+00,0.000000e+00,0.000000e+00,0.000000e+00,0.000000e+00,0.000000e+00,0.000000e+00
1.000000e+00,0.000000e+00,0.000000e+00,0.000000e+00,0.000000e+00,0.000000e+00,0.000000e+00,0.000000e+00,0.000000e+00,0.000000e+00,0.000000e+00,0.000000e+00,0.000000e+00,0.000000e+00,0.000000e+00
1.000000e+00,0.000000e+00,0.000000e+00,0.000000e+00,0.000000e+00,0.000000e+00,0.000000e+00,0.000000e+00,0.000000e+00,0.000000e+00,0.000000e+00,0.000000e+00,0.000000e+00,0.000000e+00,0.000000e+00
1.000000e+00,0.000000e+00,0.000000e+00,0.000000e+00,0.000000e+00,0.000000e+00,0.000000e+00,0.000000e+00,0.000000e+00,0.000000e+00,0.000000e+00,0.000000e+00,0.000000e+00,0.000000e+00,0.000000e+00
4.745201e-01,5.332834e-03,2.069305e-01,2.093933e-02,3.129397e-03,2.028740e-02,1.045784e-02,2.269831e-01,1.607815e-03,7.809880e-04,5.998869e-03,1.012020e-02,5.568460e-03,1.434917e-03,5.908279e-03
3.686130e-01,4.165062e-03,2.236527e-01,2.230365e-02,2.803218e-03,1.950377e-02,1.430553e-02,3.189832e-01,1.212561e-03,7.244194e-04,4.712743e-03,8.373128e-03,4.711955e-03,1.267097e-03,4.668023e-03
2.760982e-01,3.498401e-03,2.746604e-01,2.309163e-02,2.819593e-03,2.379918e-02,1.553197e-02,3.583667e-01,1.003837e-03,1.158076e-03,3.812733e-03,6.429246e-03,4.136097e-03,1.145468e-03,4.448547e-03
2.599735e-01,3.869680e-03,2.273084e-01,2.487360e-02,4.548380e-03,2.524897e-02,2.035438e-02,4.084771e-01,1.271781e-03,2.025673e-03,3.666495e-03,6.142950e-03,4.773716e-03,1.404257e-03,6.061233e-03
2.998859e-01,4.476023e-03,1.929774e-01,2.369339e-02,6.823766e-03,3.151195e-02,2.743756e-02,3.764663e-01,2.148765e-03,3.993504e-03,4.741197e-03,7.256456e-03,6.178967e-03,2.342143e-03,1.006673e-02
3.307499e-01,4.755676e-03,1.453183e-01,2.018327e-02,8.421756e-03,6.058764e-02,2.454462e-02,3.601688e-01,2.008617e-03,3.661803e-03,6.819098e-03,1.030389e-02,6.421220e-03,2.656098e-03,1.339929e-02
3.573976e-01,4.459098e-03,1.122322e-01,1.836101e-02,9.622622e-03,7.244956e-02,2.385189e-02,3.411164e-01,2.190221e-03,4.510814e-03,9.020356e-03,1.573307e-02,8.379694e-03,3.091572e-03,1.758382e-02
3.478633e-01,4.217933e-03,8.263518e-02,1.743056e-02,9.857778e-03,9.823209e-02,2.426301e-02,3.513719e-01,2.044364e-03,4.137701e-03,7.331961e-03,1.758525e-02,1.275642e-02,2.895951e-03,1.737674e-02
3.270153e-01,4.279607e-03,5.966632e-02,1.669877e-02,1.070032e-02,8.827345e-02,2.101858e-02,4.126407e-01,1.939695e-03,3.280247e-03,5.861044e-03,1.614341e-02,1.283654e-02,2.855136e-03,1.679095e-02
3.917278e-01,4.842278e-03,4.419575e-02,1.813803e-02,1.150839e-02,9.464855e-02,1.830260e-02,3.533896e-01,2.173159e-03,2.610193e-03,5.915736e-03,1.773019e-02,1.461582e-02,3.730162e-03,1.647176e-02
2.979328e-01,4.986282e-03,3.638428e-02,1.961103e-02,9.428821e-03,2.632575e-01,1.365466e-02,2.509542e-01,2.803081e-03,2.445528e-03,6.613376e-03,3.466714e-02,3.496149e-02,3.131965e-03,1.916798e-02
2.361931e-01,4.535824e-03,2.724703e-02,1.591088e-02,7.552532e-03,4.070978e-01,9.917789e-03,1.780674e-01,2.830746e-03,1.949756e-03,6.088689e-03,4.686619e-02,3.710718e-02,2.494976e-03,1.614010e-02
2.071556e-01,3.806542e-03,1.949790e-02,1.199659e-02,5.785000e-03,4.727969e-01,7.972801e-03,1.257085e-01,2.763726e-03,1.790336e-03,5.847097e-03,5.252853e-02,6.592315e-02,1.976314e-03,1.445109e-02
1.942560e-01,2.888794e-03,1.381383e-02,8.816374e-03,4.406434e-03,4.584944e-01,7.588300e-03,8.926634e-02,2.670440e-03,2.074087e-03,7.804296e-03,1.232956e-01,6.819153e-02,4.120934e-03,1.231268e-02
1.484052e-01,2.218204e-03,9.741299e-03,6.345259e-03,3.236372e-03,4.258703e-01,6.722801e-03,6.306436e-02,2.169904e-03,2.360399e-03,9.984191e-03,2.409400e-01,6.467166e-02,4.658614e-03,9.611475e-03
1.089291e-01,1.684653e-03,6.875128e-03,4.794389e-03,2.452690e-03,3.040437e-01,4.951421e-03,4.436117e-02,3.147102e-03,4.880487e-03,1.717731e-02,4.161676e-01,6.256571e-02,1.087724e-02,7.092431e-03
7.975488e-02,1.245708e-03,4.851838e-03,3.561294e-03,1.825059e-03,2.155046e-01,3.561072e-03,3.121039e-02,3.416227e-03,6.100447e-03,2.725862e-02,5.389309e-01,6.369671e-02,1.384374e-02,5.238578e-03
5.642208e-02,9.927802e-04,3.413843e-03,2.577175e-03,1.381093e-03,1.509599e-01,2.513927e-03,2.190770e-02,5.963904e-03,5.896285e-03,7.396760e-02,6.033970e-01,5.101784e-02,1.578456e-02,3.804404e-03
3.995113e-02,1.110168e-02,3.548617e-03,1.861008e-03,1.987191e-03,1.060634e-01,1.817395e-03,1.565817e-02,3.316173e-02,6.518098e-03,8.390615e-02,6.211045e-01,4.106819e-02,2.941860e-02,2.834200e-03
2.872295e-02,2.803680e-02,3.337757e-03,1.357027e-03,1.960157e-03,7.527247e-02,1.310488e-03,1.141533e-02,5.609995e-02,8.279666e-03,9.445661e-02,6.021135e-01,3.441066e-02,5.097991e-02,2.246737e-03
2.026348e-02,1.147005e-01,8.269405e-03,1.016608e-03,2.063491e-03,5.521927e-02,1.001961e-03,8.750637e-03,1.027004e-01,7.530568e-03,7.963254e-02,5.080934e-01,2.553322e-02,6.353985e-02,1.684689e-03
1.477662e-02,2.131594e-01,1.040618e-02,1.041717e-03,2.067376e-03,4.293439e-02,8.600020e-04,1.151836e-02,1.360710e-01,6.381131e-03,7.434572e-02,4.029911e-01,2.016264e-02,6.189131e-02,1.393092e-03
1.069601e-02,2.292318e-01,8.321206e-03,8.110975e-04,1.928891e-03,3.221224e-02,6.136360e-04,8.486054e-03,1.171345e-01,5.033176e-03,1.891127e-01,2.886333e-01,1.432209e-02,9.028304e-02,3.180276e-03
7.816716e-03,2.442918e-01,7.334330e-03,6.215569e-04,2.895361e-03,2.377912e-02,4.382211e-04,6.489736e-03,1.168725e-01,3.774714e-03,2.693928e-01,2.029656e-01,1.011582e-02,9.995228e-02,3.259449e-03
5.626818e-03,2.327204e-01,5.756388e-03,4.777309e-04,2.830610e-03,1.842327e-02,3.105085e-04,5.059628e-03,1.833233e-01,2.769421e-03,2.844251e-01,1.429540e-01,7.158453e-03,1.054454e-01,2.719010e-03
4.584818e-03,2.625190e-01,5.137440e-03,4.214833e-04,5.603574e-03,1.434778e-02,2.289439e-04,4.258991e-03,2.325894e-01,2.053611e-03,2.297806e-01,1.003195e-01,5.112187e-03,1.308740e-01,2.168699e-03
4.257903e-03,2.630546e-01,4.374768e-03,3.570815e-04,6.111389e-03,1.322742e-02,1.685267e-04,3.908965e-03,3.136069e-01,1.562819e-03,1.681936e-01,7.042345e-02,3.723760e-03,1.451863e-01,1.842428e-03
4.755693e-03,2.325509e-01,3.764132e-03,7.514710e-04,9.127442e-03,1.415246e-02,1.666298e-04,4.740509e-03,4.129553e-01,1.458224e-03,1.197068e-01,4.940224e-02,2.801578e-03,1.402235e-01,3.442978e-03
6.202472e-03,1.926339e-01,3.333489e-03,1.000326e-03,9.930939e-03,2.472823e-02,1.590078e-04,6.272029e-03,4.410883e-01,3.785042e-03,8.659868e-02,3.463036e-02,2.110197e-03,1.680352e-01,1.949177e-02
7.658796e-03,1.540896e-01,6.135107e-03,3.293713e-02,1.132646e-02,2.462474e-02,1.440627e-04,1.220392e-02,4.013958e-01,1.062185e-02,6.168314e-02,2.432785e-02,1.652292e-03,1.317315e-01,1.194678e-01
3.019681e-02,1.163445e-01,1.866280e-02,4.867740e-02,2.799260e-02,3.813683e-02,2.654569e-04,3.495271e-02,3.865824e-01,8.499706e-03,5.207936e-02,1.711314e-02,1.356351e-03,1.244671e-01,9.467276e-02
6.991205e-02,8.947041e-02,1.837560e-02,5.682375e-02,2.613671e-02,4.899982e-02,3.344856e-04,3.135434e-02,3.113496e-01,7.352968e-03,4.348722e-02,1.262514e-02,1.552885e-03,1.308334e-01,1.513917e-01
7.965269e-02,7.519101e-02,2.539139e-02,4.867060e-02,3.005286e-02,4.144451e-02,4.357672e-04,2.411612e-02,2.666716e-01,7.772173e-03,3.767782e-02,9.229561e-03,2.676059e-03,1.677590e-01,1.832588e-01
7.052149e-02,6.310570e-02,2.135826e-02,5.455119e-02,2.901226e-02,4.063430e-02,5.082794e-04,2.857755e-02,2.591285e-01,9.514824e-03,2.947171e-02,6.875426e-03,3.650289e-03,1.278021e-01,2.552882e-01
5.737451e-02,4.906548e-02,1.669208e-02,4.561199e-02,2.419462e-02,3.998617e-02,4.509116e-04,2.592970e-02,3.110369e-01,1.094081e-02,2.212368e-02,5.074891e-03,3.279101e-03,9.161747e-02,2.966217e-01
5.440193e-02,3.868838e-02,1.703198e-02,1.073574e-01,2.905354e-02,2.941692e-02,4.948974e-04,2.320736e-02,3.820962e-01,8.712043e-03,1.789388e-02,3.893944e-03,2.880605e-03,6.468469e-02,2.201862e-01
6.967262e-02,2.866570e-02,2.033572e-02,1.996561e-01,2.877901e-02,2.325824e-02,7.043904e-04,2.310001e-02,3.520312e-01,7.700341e-03,2.494196e-02,3.157422e-03,2.935916e-03,4.710598e-02,1.679553e-01
2.168579e-01,2.238945e-02,3.333313e-02,1.723509e-01,2.477927e-02,2.056853e-02,1.119008e-03,2.275944e-02,2.846543e-01,6.198880e-03,2.407435e-02,6.690910e-03,3.869226e-03,3.621821e-02,1.241366e-01
2.736336e-01,1.892345e-02,6.080011e-02,1.845444e-01,2.512156e-02,1.727258e-02,1.254544e-03,2.331734e-02,2.310948e-01,6.407323e-03,2.243453e-02,7.342319e-03,5.406531e-03,2.849921e-02,9.394775e-02
2.992059e-01,1.893275e-02,9.262250e-02,1.602455e-01,2.238474e-02,1.634517e-02,1.509052e-03,2.159033e-02,1.751322e-01,5.375035e-03,2.028333e-02,9.767694e-03,8.623492e-03,3.099349e-02,1.169888e-01
2.947003e-01,2.169223e-02,1.514302e-01,1.823248e-01,1.885780e-02,1.409087e-02,1.809799e-03,2.274434e-02,1.293997e-01,4.416989e-03,1.651415e-02,1.229583e-02,8.247782e-03,2.439876e-02,9.707651e-02
3.397585e-01,2.409371e-02,1.390173e-01,1.359531e-01,1.445043e-02,1.474501e-02,1.996132e-03,1.898428e-02,1.027290e-01,3.750321e-03,1.442492e-02,1.197153e-02,8.104222e-03,4.298029e-02,1.270412e-01
3.973807e-01,2.595747e-02,1.298623e-01,1.035692e-01,1.162963e-02,1.393647e-02,2.030007e-03,1.560547e-02,7.816516e-02,3.248812e-03,1.352323e-02,1.056452e-02,7.086824e-03,7.292807e-02,1.145121e-01
4.049158e-01,2.217812e-02,1.095777e-01,7.639197e-02,9.064624e-03,1.481074e-02,1.652051e-03,1.183730e-02,6.947847e-02,4.989479e-03,1.233051e-02,8.871237e-03,6.789677e-03,1.174893e-01,1.296230e-01
3.666791e-01,1.756663e-02,8.052507e-02,5.432607e-02,6.978676e-03,1.187098e-02,1.314427e-03,8.694419e-03,6.222785e-02,7.099966e-03,1.397935e-02,9.485690e-03,8.057918e-03,2.301711e-01,1.210228e-01
3.351437e-01,1.516364e-02,5.818802e-02,3.939581e-02,6.113692e-03,1.047753e-02,1.333260e-03,6.488828e-03,9.694885e-02,1.296927e-02,1.644032e-02,9.671706e-03,7.407855e-03,2.802979e-01,1.039596e-01
2.991003e-01,1.278090e-02,4.127319e-02,2.854225e-02,5.526535e-03,8.810960e-03,1.443927e-03,4.959901e-03,9.501677e-02,2.915900e-02,1.762703e-02,8.360658e-03,7.049061e-03,3.437272e-01,9.662230e-02
2.616003e-01,1.020956e-02,2.960745e-02,2.040907e-02,5.011041e-03,7.232944e-03,1.246658e-03,3.710283e-03,1.030646e-01,7.251150e-02,1.617300e-02,6.720876e-03,6.097301e-03,3.795635e-01,7.684198e-02
1.855446e-01,7.268928e-03,2.092195e-02,1.434265e-02,3.607529e-03,5.237397e-03,8.964873e-04,2.616840e-03,9.273553e-02,2.178162e-01,1.332159e-02,5.027396e-03,4.461455e-03,3.683477e-01,5.785381e-02
1.336071e-01,5.278387e-03,1.487843e-02,1.014872e-02,2.880127e-03,4.528840e-03,7.587278e-04,1.994319e-03,8.017528e-02,3.697960e-01,1.212488e-02,3.714691e-03,3.300104e-03,3.061269e-01,5.068759e-02
1.004481e-01,3.815445e-03,1.046340e-02,7.298687e-03,2.617952e-03,3.453824e-03,7.576605e-04,1.523805e-03,6.617887e-02,4.542007e-01,1.527308e-02,3.896236e-03,2.884005e-03,2.858300e-01,4.135827e-02
7.526006e-02,2.888677e-03,7.407996e-03,5.315312e-03,2.394954e-03,2.792234e-03,9.498694e-04,1.191680e-03,5.394943e-02,5.337833e-01,1.479560e-02,3.565204e-03,2.546481e-03,2.604243e-01,3.273487e-02
6.139226e-02,3.013627e-03,5.430376e-03,8.486363e-03,4.574109e-02,3.291091e-03,9.436426e-04,2.570598e-03,1.000211e-01,4.970609e-01,3.618890e-02,5.181809e-03,7.109376e-03,1.892619e-01,3.430691e-02
6.690784e-02,5.983444e-03,1.690934e-02,1.277848e-01,6.434403e-02,5.577676e-03,1.111009e-03,2.782355e-03,1.231840e-01,3.661045e-01,3.364322e-02,8.402759e-03,1.214328e-02,1.354787e-01,2.964298e-02
5.887873e-02,6.178193e-03,1.580542e-02,1.195339e-01,1.049414e-01,7.191358e-03,1.348911e-03,6.833708e-03,1.501582e-01,2.664047e-01,9.879959e-02,1.393897e-02,2.158677e-02,9.719595e-02,3.120426e-02
5.700582e-02,8.027444e-03,1.342775e-02,9.255375e-02,9.199493e-02,6.820926e-03,1.201174e-03,6.502615e-03,3.071419e-01,1.884687e-01,8.988123e-02,1.499980e-02,2.570226e-02,6.880601e-02,2.746577e-02
7.061683e-02,9.152474e-03,1.878099e-02,7.008205e-02,9.835887e-02,5.411763e-03,1.164787e-03,5.066614e-02,2.629521e-01,1.378226e-01,1.254435e-01,1.536117e-02,5.057138e-02,5.357163e-02,3.004379e-02
5.325630e-02,6.839487e-03,1.891996e-02,6.206090e-02,8.880681e-02,4.213044e-03,9.382456e-04,2.529797e-01,1.903571e-01,9.744518e-02,1.071956e-01,1.204752e-02,4.195797e-02,3.841151e-02,2.457064e-02
4.371027e-02,7.317302e-03,1.683822e-02,1.079985e-01,7.208455e-02,4.803346e-03,9.568732e-04,2.890261e-01,2.252741e-01,6.944913e-02,7.775500e-02,8.869246e-03,3.003496e-02,2.712000e-02,1.876233e-02
3.698198e-02,5.628470e-03,1.324353e-02,8.805051e-02,7.041397e-02,4.428624e-03,9.457811e-04,4.453288e-01,1.683919e-01,4.884663e-02,5.661760e-02,6.423771e-03,2.145599e-02,1.922588e-02,1.401658e-02
3.494702e-02,6.274597e-03,1.012946e-02,7.336076e-02,7.411886e-02,6.454717e-03,1.624002e-03,5.510864e-01,1.233587e-01,3.425802e-02,4.056392e-02,4.698659e-03,1.521622e-02,1.374157e-02,1.016705e-02
3.356675e-02,7.010372e-03,7.670809e-03,6.188362e-02,8.319557e-02,9.940849e-03,1.840737e-03,6.202108e-01,9.009782e-02,2.403325e-02,2.912078e-02,3.403285e-03,1.082836e-02,9.893687e-03,7.303256e-03
4.846934e-02,1.206041e-02,7.491650e-03,7.299790e-02,7.800965e-02,1.360847e-02,2.615808e-03,6.065706e-01,8.645955e-02,1.756216e-02,2.457079e-02,3.395231e-03,1.170795e-02,7.216280e-03,7.264146e-03
6.091552e-02,1.239048e-02,7.223900e-03,6.034614e-02,6.615998e-02,1.146968e-02,2.212633e-03,6.575501e-01,6.749914e-02,1.244802e-02,1.804361e-02,2.918517e-03,9.087653e-03,5.950789e-03,5.783799e-03
5.061136e-02,9.376241e-03,5.502301e-03,4.387888e-02,5.163914e-02,8.473877e-03,1.739059e-03,7.404382e-01,4.947235e-02,8.740772e-03,1.284434e-02,2.147752e-03,6.696600e-03,4.301785e-03,4.137306e-03
4.130491e-02,6.758525e-03,4.184512e-03,3.123292e-02,3.861978e-02,7.292929e-03,1.565091e-03,8.059168e-01,3.518307e-02,6.137565e-03,9.160849e-03,1.609146e-03,4.965705e-03,3.093862e-03,2.974294e-03
3.427726e-02,4.851401e-03,3.214295e-03,2.242260e-02,2.848205e-02,6.051763e-03,1.394967e-03,8.544619e-01,2.477847e-02,4.315750e-03,6.528302e-03,1.211792e-03,3.641083e-03,2.225792e-03,2.142605e-03
2.808692e-02,3.441146e-03,2.746627e-03,1.609657e-02,2.038101e-02,5.145124e-03,1.089566e-03,8.908297e-01,1.745610e-02,3.041540e-03,4.732986e-03,1.039572e-03,2.736338e-03,1.621907e-03,1.554921e-03
3.940934e-02,2.660836e-03,2.516063e-03,1.161697e-02,1.471181e-02,4.907416e-03,9.758227e-04,8.962296e-01,1.270786e-02,2.253602e-03,4.557898e-03,1.745702e-03,3.056374e-03,1.300495e-03,1.350243e-03
5.800194e-02,2.249377e-03,1.928790e-03,8.400588e-03,1.060656e-02,4.186346e-03,8.673855e-04,7.864295e-01,9.892885e-03,2.541088e-03,1.606562e-02,1.608022e-02,7.843994e-02,2.479255e-03,1.830558e-03
4.411516e-02,3.042622e-03,1.544148e-03,6.375544e-03,8.138069e-03,5.190657e-03,8.719385e-04,6.179711e-01,1.250803e-02,2.243728e-03,3.430515e-02,2.533937e-02,2.309061e-01,2.374918e-03,5.073463e-03
3.387372e-02,2.463247e-03,1.351313e-03,5.170250e-03,7.305310e-03,3.100227e-02,1.041564e-03,4.792998e-01,1.040139e-02,1.650779e-03,2.881369e-02,2.197074e-02,3.677909e-01,1.924233e-03,5.940773e-03
3.478868e-02,3.429875e-03,2.028354e-03,7.156841e-03,1.691566e-02,7.778028e-02,6.449913e-03,3.801651e-01,2.842986e-02,1.766247e-03,2.515346e-02,3.545180e-02,3.717263e-01,2.033671e-03,6.723983e-03
2.584635e-02,2.789808e-03,2.215124e-03,6.088357e-03,1.731909e-02,5.960276e-02,5.152989e-03,2.697304e-01,2.445090e-02,1.474181e-03,2.938214e-02,6.077067e-02,4.871249e-01,1.565391e-03,6.486928e-03
2.060330e-02,2.834263e-03,2.821600e-03,4.869912e-03,1.739138e-02,4.384715e-02,4.336441e-03,1.918518e-01,2.152644e-02,1.605049e-03,3.361820e-02,1.034503e-01,5.410243e-01,1.308049e-03,8.911772e-03
2.775981e-02,2.949215e-03,8.523078e-03,3.827058e-03,1.516875e-02,3.316154e-02,6.064656e-03,1.407876e-01,1.692022e-02,2.075383e-03,2.627321e-02,1.189492e-01,5.839936e-01,1.707646e-03,1.183905e-02
2.249673e-02,2.286408e-03,1.973739e-02,3.045857e-03,1.293230e-02,2.797117e-02,1.819267e-02,1.073023e-01,1.255941e-02,2.692412e-03,2.156184e-02,1.104959e-01,6.184615e-01,2.260556e-03,1.800358e-02
1.030179e-01,3.624970e-03,4.233733e-02,4.254692e-03,2.378306e-02,5.785538e-02,2.274178e-02,7.846048e-02,1.827568e-02,8.258496e-03,2.045471e-02,1.143439e-01,4.820152e-01,5.306934e-03,1.526949e-02
1.143942e-01,5.387039e-03,5.803584e-02,4.204928e-03,2.364180e-02,4.861197e-02,1.923835e-02,5.765535e-02,2.454574e-02,1.104248e-02,4.060170e-02,1.367157e-01,4.366430e-01,5.907248e-03,1.337468e-02
1.392992e-01,4.447757e-03,4.497325e-02,3.812463e-03,3.202755e-02,3.769847e-02,1.846522e-02,4.652952e-02,2.531185e-02,1.180122e-02,4.080132e-02,2.244119e-01,3.523647e-01,7.503059e-03,1.055253e-02
1.433841e-01,4.879924e-03,3.284249e-02,3.617223e-03,8.797435e-02,3.918094e-02,1.369998e-02,3.676608e-02,5.627213e-02,1.053585e-02,3.891425e-02,2.485403e-01,2.674236e-01,6.843810e-03,9.124967e-03
1.455890e-01,6.745695e-03,2.403951e-02,3.423711e-03,1.442892e-01,4.623326e-02,1.029805e-02,2.768081e-02,8.377273e-02,8.661667e-03,3.621649e-02,2.324833e-01,2.173815e-01,6.234456e-03,6.950570e-03
2.021380e-01,8.360650e-03,1.779076e-02,3.605148e-03,1.572085e-01,4.208088e-02,7.891376e-03,2.381359e-02,7.456918e-02,7.356073e-03,3.719549e-02,2.077426e-01,1.906267e-01,1.117050e-02,8.450447e-03
1.605578e-01,2.896557e-02,1.432087e-02,4.246563e-03,1.512459e-01,5.467867e-02,7.390948e-03,2.376857e-02,1.358250e-01,9.486432e-03,3.821135e-02,1.793875e-01,1.587569e-01,1.073825e-02,2.241974e-02
1.370228e-01,6.433451e-02,1.185726e-02,5.206673e-03,1.394620e-01,5.271983e-02,6.412003e-03,2.133226e-02,1.964557e-01,1.384125e-02,4.103719e-02,1.452099e-01,1.266013e-01,9.223586e-03,2.928369e-02
1.109499e-01,7.797306e-02,2.513196e-02,2.480749e-02,1.316754e-01,4.613568e-02,7.882513e-03,2.588446e-02,2.409979e-01,2.458891e-02,3.301868e-02,1.056483e-01,1.010977e-01,7.538251e-03,3.666978e-02
9.355728e-02,7.201265e-02,2.130365e-02,2.162598e-02,1.189658e-01,6.422392e-02,8.513278e-03,1.918882e-02,3.041288e-01,2.504741e-02,2.937562e-02,7.966296e-02,9.069023e-02,7.266811e-03,4.443672e-02
1.020210e-01,6.140367e-02,1.717719e-02,2.182345e-02,9.991416e-02,5.309451e-02,8.023118e-03,1.995906e-02,3.964871e-01,2.030291e-02,2.227207e-02,6.218578e-02,7.303409e-02,6.314423e-03,3.598740e-02
1.078061e-01,5.018266e-02,1.264276e-02,1.869750e-02,8.544426e-02,6.396377e-02,9.284368e-03,1.679817e-02,4.591988e-01,1.499103e-02,1.760036e-02,5.229365e-02,5.682312e-02,5.682977e-03,2.859044e-02
1.177497e-01,3.910810e-02,1.003576e-02,1.996811e-02,9.331974e-02,5.788079e-02,1.364830e-02,4.334173e-02,4.538468e-01,1.113699e-02,1.539039e-02,4.873715e-02,4.668235e-02,5.032763e-03,2.412123e-02
1.499666e-01,3.073765e-02,8.962940e-03,2.301255e-02,7.901925e-02,5.501094e-02,5.133665e-02,4.936243e-02,3.768535e-01,8.761298e-03,1.246384e-02,4.114746e-02,8.500306e-02,3.951395e-03,2.441037e-02
1.759653e-01,2.452514e-02,7.976396e-03,2.018604e-02,6.095146e-02,5.181917e-02,1.518756e-01,5.541619e-02,2.830499e-01,6.774475e-03,9.399270e-03,3.431764e-02,9.342922e-02,3.007227e-03,2.130695e-02
1.440855e-01,1.843787e-02,6.396874e-03,1.479052e-02,4.643182e-02,3.806467e-02,3.156277e-01,6.391159e-02,2.195978e-01,5.147913e-03,6.745353e-03,2.448329e-02,7.822887e-02,2.253361e-03,1.579686e-02
1.254712e-01,1.409602e-02,4.631138e-03,1.071473e-02,3.664518e-02,3.305979e-02,4.359730e-01,5.074331e-02,1.759954e-01,3.750112e-03,5.049415e-03,1.780852e-02,7.264734e-02,1.666327e-03,1.174845e-02
1.178533e-01,1.111741e-02,3.484329e-03,8.100726e-03,3.128767e-02,2.837949e-02,5.107045e-01,4.440138e-02,1.512343e-01,2.758176e-03,4.010769e-03,1.296489e-02,6.361561e-02,1.249703e-03,8.837735e-03
1.516912e-01,1.614843e-02,3.775366e-03,9.194327e-03,3.923977e-02,3.741675e-02,4.474784e-01,4.743443e-02,1.560641e-01,2.483496e-03,4.846962e-03,1.170960e-02,6.369548e-02,1.060440e-03,7.761288e-03
1.611247e-01,2.355121e-02,3.970847e-03,1.189745e-02,4.781679e-02,4.477086e-02,3.861806e-01,5.222695e-02,1.686472e-01,2.342345e-03,4.893306e-03,9.900415e-03,7.401588e-02,9.532332e-04,7.708322e-03
1.498010e-01,2.340844e-02,4.448678e-03,1.004904e-02,5.820601e-02,3.390762e-02,3.630251e-01,8.749811e-02,1.866152e-01,2.265656e-03,4.182104e-03,7.825888e-03,5.975082e-02,1.064544e-03,7.951805e-03
2.161365e-01,1.999697e-02,6.318468e-03,8.775966e-03,5.906209e-02,2.732377e-02,3.007371e-01,1.404687e-01,1.521878e-01,3.095405e-03,3.865761e-03,7.767495e-03,4.485274e-02,1.483474e-03,7.927785e-03
2.329036e-01,1.552309e-02,1.535623e-02,1.193089e-02,4.626036e-02,2.824834e-02,2.410310e-01,2.399084e-01,1.113651e-01,2.810423e-03,3.407460e-03,8.252557e-03,3.400331e-02,1.785215e-03,7.214049e-03
2.133880e-01,1.173556e-02,2.356822e-02,1.238449e-02,3.579521e-02,3.110769e-02,2.329382e-01,3.099179e-01,7.912179e-02,2.274897e-03,3.242915e-03,7.728948e-03,2.852114e-02,1.721655e-03,6.553417e-03
2.061775e-01,8.771974e-03,2.715566e-02,1.282469e-02,2.786195e-02,2.776050e-02,1.884159e-01,4.036552e-01,5.667156e-02,1.826464e-03,2.791089e-03,7.029152e-03,2.207016e-02,1.498994e-03,5.489218e-03
1.676050e-01,6.409043e-03,2.294836e-02,9.845972e-03,2.126920e-02,2.606661e-02,1.783264e-01,4.947478e-01,3.990690e-02,1.437845e-03,2.132268e-03,6.052196e-03,1.772856e-02,1.174527e-03,4.349288e-03
2.109041e-01,5.062220e-03,2.131043e-02,7.976985e-03,1.708370e-02,3.439390e-02,1.496610e-01,4.846451e-01,2.872586e-02,2.044825e-03,2.869795e-03,1.232153e-02,1.603008e-02,1.230913e-03,5.739497e-03
1.708561e-01,4.267500e-03,1.907149e-02,6.161240e-03,1.353085e-02,3.226590e-02,1.396887e-01,5.417458e-01,2.152172e-02,2.683473e-03,5.786441e-03,1.366626e-02,2.139787e-02,1.788383e-03,5.568183e-03
1.684409e-01,5.281428e-03,1.426199e-02,5.987162e-03,1.144626e-02,2.805630e-02,1.004230e-01,4.651631e-01,3.752785e-02,1.006535e-02,2.678898e-02,2.630317e-02,7.370926e-02,1.695929e-02,9.585941e-03
1.508406e-01,6.040163e-03,1.039006e-02,6.022956e-03,1.009214e-02,2.343390e-02,7.285096e-02,3.802262e-01,3.495473e-02,1.359794e-02,6.051764e-02,3.589296e-02,1.599144e-01,1.897268e-02,1.625260e-02
1.230170e-01,4.872740e-03,7.544356e-03,5.945707e-03,8.096991e-03,1.799000e-02,5.244957e-02,2.784912e-01,3.900134e-02,1.083310e-02,1.098649e-01,4.260762e-02,2.522152e-01,1.990113e-02,2.716918e-02
9.060528e-02,5.400300e-03,5.630796e-03,1.556001e-02,8.723462e-03,1.442226e-02,3.739065e-02,1.972383e-01,7.234966e-02,8.562136e-03,1.116492e-01,4.020290e-02,3.265677e-01,3.115432e-02,3.454294e-02
6.703193e-02,5.379856e-03,5.170098e-03,8.686054e-02,9.397600e-03,1.399932e-02,2.647381e-02,1.389342e-01,8.361861e-02,8.862030e-03,1.270661e-01,3.967708e-02,3.008716e-01,3.152642e-02,5.513084e-02
4.804976e-02,4.175134e-03,4.905930e-03,7.100056e-02,1.235295e-02,1.007829e-02,1.864530e-02,9.761670e-02,6.558454e-02,1.239507e-02,1.859026e-01,4.476835e-02,3.063490e-01,5.759022e-02,6.058557e-02
3.600085e-02,4.055671e-03,4.464625e-03,7.436040e-02,1.080779e-02,8.897927e-03,1.314750e-02,6.965382e-02,1.197992e-01,1.171282e-02,1.747421e-01,3.511894e-02,2.606216e-01,7.316126e-02,1.034555e-01
2.970398e-02,3.798749e-03,9.296011e-03,9.224763e-02,1.693620e-02,9.325724e-03,9.515572e-03,6.823762e-02,1.010656e-01,9.373929e-03,2.341824e-01,2.820824e-02,2.238503e-01,5.983693e-02,1.044210e-01
5.265824e-02,5.701537e-03,1.041748e-02,1.841399e-01,8.498708e-02,8.972263e-03,6.950865e-03,4.870302e-02,8.134986e-02,7.244320e-03,1.958150e-01,2.166040e-02,1.613329e-01,4.368826e-02,8.637884e-02
5.053773e-02,7.739568e-03,1.177781e-02,3.416992e-01,8.759955e-02,1.067220e-02,5.033794e-03,3.447405e-02,6.930964e-02,5.488674e-03,1.486311e-01,1.733202e-02,1.142392e-01,3.235726e-02,6.310814e-02
8.495136e-02,1.181120e-02,1.305135e-02,3.000410e-01,7.419734e-02,9.754687e-03,3.577140e-03,2.512927e-02,5.848930e-02,5.805235e-03,2.445957e-01,1.516245e-02,8.163849e-02,2.639241e-02,4.540315e-02
1.067384e-01,1.782342e-02,1.317854e-02,2.412567e-01,5.583556e-02,8.579775e-03,2.580143e-03,1.871880e-02,6.124967e-02,8.011885e-03,3.322063e-01,1.553123e-02,6.047247e-02,2.239790e-02,3.541915e-02
1.434054e-01,1.688518e-02,1.541271e-02,1.980290e-01,5.444293e-02,1.084983e-02,1.957529e-03,2.209947e-02,5.364660e-02,1.205353e-02,3.515514e-01,1.872867e-02,4.966277e-02,2.226254e-02,2.901247e-02
2.280853e-01,1.373481e-02,1.481928e-02,1.555703e-01,4.657149e-02,1.147229e-02,1.629986e-03,1.850012e-02,5.553621e-02,1.264671e-02,3.049808e-01,3.086039e-02,4.827099e-02,2.159634e-02,3.572510e-02
2.078378e-01,1.144366e-02,1.978306e-02,1.176490e-01,6.515334e-02,1.231636e-02,1.687397e-03,2.790030e-02,6.028719e-02,2.358050e-02,2.711592e-01,3.029169e-02,5.043992e-02,2.751599e-02,7.295465e-02
1.543992e-01,1.641770e-02,2.465532e-02,8.906127e-02,7.485399e-02,9.575692e-03,1.318415e-03,6.011796e-02,2.054781e-01,1.824320e-02,2.077981e-01,2.458678e-02,4.047355e-02,2.071277e-02,5.230803e-02
1.158059e-01,1.655476e-02,2.662288e-02,6.861543e-02,6.421647e-02,7.032517e-03,1.097996e-03,2.173571e-01,2.137987e-01,1.378815e-02,1.527815e-01,1.981408e-02,3.050302e-02,1.500188e-02,3.700964e-02
8.416043e-02,2.334405e-02,2.878589e-02,1.083381e-01,9.420001e-02,5.683262e-03,2.205155e-03,1.627824e-01,2.972686e-01,1.035903e-02,1.090250e-01,1.426149e-02,2.239443e-02,1.055376e-02,2.663852e-02
6.413168e-02,2.145936e-02,4.303838e-02,2.079714e-01,8.017196e-02,5.367054e-03,2.441474e-03,1.211980e-01,3.142124e-01,8.584156e-03,7.755306e-02,1.011239e-02,1.592576e-02,7.499794e-03,2.033316e-02
5.738268e-02,1.994053e-02,6.080016e-02,2.712045e-01,9.021590e-02,6.069165e-03,4.011338e-03,9.664145e-02,2.920904e-01,6.757057e-03,5.581154e-02,7.292773e-03,1.142259e-02,5.327848e-03,1.503208e-02
4.418341e-02,1.708476e-02,1.043901e-01,3.739678e-01,6.634510e-02,4.741045e-03,2.913818e-03,6.934708e-02,2.397939e-01,6.580275e-03,4.168678e-02,5.441891e-03,8.525565e-03,3.752540e-03,1.124602e-02
3.891306e-02,2.207444e-02,1.223753e-01,3.750591e-01,5.276744e-02,3.871215e-03,2.397673e-03,5.328764e-02,2.515802e-01,8.916632e-03,4.452368e-02,4.835113e-03,7.517601e-03,2.727496e-03,9.153368e-03
5.020601e-02,2.959877e-02,1.548719e-01,3.087253e-01,4.091454e-02,3.483916e-03,1.905388e-03,4.715156e-02,2.169682e-01,5.328621e-02,5.754589e-02,5.792316e-03,1.010542e-02,3.077116e-03,1.636747e-02
3.739352e-02,2.297239e-02,1.279440e-01,2.361554e-01,3.049820e-02,2.699852e-03,1.456656e-03,3.360245e-02,1.578739e-01,3.919476e-02,2.578129e-01,8.136332e-03,2.479508e-02,4.116276e-03,1.534836e-02
2.857270e-02,2.144047e-02,1.022734e-01,1.887769e-01,2.356638e-02,2.434889e-03,1.077675e-03,2.479894e-02,1.225524e-01,2.969852e-02,3.785971e-01,1.093068e-02,3.269674e-02,1.710222e-02,1.548100e-02
2.355707e-02,1.940232e-02,8.106634e-02,1.499245e-01,1.749454e-02,2.878543e-03,1.078169e-03,1.809371e-02,9.890121e-02,2.994246e-02,3.944025e-01,3.291225e-02,3.723195e-02,7.295836e-02,2.015607e-02
1.745376e-02,1.548017e-02,5.802112e-02,1.160498e-01,1.363208e-02,2.698382e-03,8.094537e-04,1.301255e-02,7.194911e-02,2.369300e-02,5.097268e-01,2.668577e-02,3.079341e-02,8.351317e-02,1.648141e-02
1.444679e-02,1.483521e-02,4.110902e-02,9.146715e-02,1.141463e-02,2.856850e-03,6.282745e-04,9.814941e-03,5.353396e-02,1.916662e-02,5.640322e-01,2.327901e-02,2.536386e-02,1.141025e-01,1.394896e-02
1.032692e-02,1.149089e-02,2.950922e-02,6.451129e-02,8.725743e-03,2.428514e-03,4.488149e-04,6.928623e-03,4.029796e-02,1.436089e-02,4.254523e-01,1.750836e-02,1.852598e-02,3.329925e-01,1.649195e-02
7.289838e-03,8.815822e-03,2.115230e-02,4.533534e-02,7.502079e-03,1.965286e-03,3.166016e-04,4.868892e-03,3.610165e-02,1.076153e-02,3.189738e-01,1.305300e-02,1.373403e-02,4.958547e-01,1.427512e-02
5.724356e-03,8.813107e-03,1.573946e-02,3.212567e-02,8.269299e-03,1.678044e-03,2.316910e-04,3.592943e-03,5.279899e-02,8.104862e-03,2.325329e-01,1.017641e-02,1.061943e-02,5.945086e-01,1.508424e-02
5.943809e-03,7.918593e-03,1.179250e-02,2.298583e-02,6.561327e-03,1.577439e-03,1.740977e-04,2.830715e-03,5.811549e-02,6.344605e-03,1.689539e-01,8.293719e-03,8.721047e-03,6.675285e-01,2.225842e-02
1.511698e-02,1.037452e-02,9.920560e-03,1.665491e-02,5.808333e-03,1.753225e-03,1.396554e-04,2.431310e-03,1.120612e-01,5.728039e-03,1.279476e-01,7.170206e-03,9.156602e-03,6.511664e-01,2.457040e-02
1.417835e-02,8.479943e-03,2.058421e-02,1.187108e-02,4.621748e-03,2.254002e-03,1.149501e-04,2.030672e-03,1.697616e-01,4.307394e-03,9.370814e-02,5.280727e-03,7.013173e-03,6.336223e-01,2.217177e-02
1.827924e-02,9.455524e-03,4.152330e-02,8.731941e-03,4.226173e-03,3.867933e-03,1.144454e-04,1.730661e-03,1.903895e-01,3.251196e-03,7.106975e-02,3.925670e-03,5.451632e-03,6.180763e-01,1.990668e-02
2.933419e-02,9.295825e-03,3.210403e-02,6.666116e-03,3.475525e-03,4.645170e-03,1.273303e-04,1.690871e-03,1.537050e-01,2.592665e-03,5.219271e-02,2.917929e-03,4.406092e-03,6.802119e-01,1.663465e-02
3.631033e-02,3.073496e-02,5.433156e-02,5.692233e-03,3.589769e-03,7.427031e-03,2.050660e-04,2.553145e-03,1.264588e-01,2.062368e-03,3.954946e-02,2.236669e-03,3.718477e-03,6.683483e-01,1.678180e-02
