1.000000e+00,0.000000e+00,0.000000e+00,0.000000e+00,0.000000e+00,0.000000e+00,0.000000e+00,0.000000e+00,0.000000e+00,0.000000e+00,0.000000e+00,0.000000e+00,0.000000e+00,0.000000e+00,0.000000e+00
1.000000e+00,0.000000e+00,0.000000e+00,0.000000e+00,0.000000e+00,0.000000e+00,0.000000e+00,0.000000e+00,0.000000e+00,0.000000e+00,0.000000e+00,0.000000e+00,0.000000e+00,0.000000e+00,0.000000e+00
1.000000e+00,0.000000e+00,0.000000e+00,0.000000e+00,0.000000e+00,0.000000e+00,0.000000e+00,0.000000e+00,0.000000e+00,0.000000e+00,0.000000e+00,0.000000e+00,0.000000e+00,0.000000e+00,0.000000e+00
1.000000e+00,0.000000e+00,0.000000e+00,0.000000e+00,0.000000e+00,0.000000e+00,0.000000e+00,0.000000e+00,0.000000e+00,0.000000e+00,0.000000e+00,0.000000e+00,0.000000e+00,0.000000e+00,0.000000e+00
1.000000e+00,0.000000e+00,0.000000e+00,0.000000e+00,0.000000e+00,0.000000e+00,0.000000e+00,0.000000e+00,0.000000e+00,0.000000e+00,0.000000e+00,0.000000e+00,0.000000e+00,0.000000e+00,0.000000e+00
1.000000e+00,0.000000e+00,0.000000e+00,0.000000e+00,0.000000e+00,0.000000e+00,0.000000e+00,0.000000e+00,0.000000e+00,0.000000e+00,0.000000e+00,0.000000e+00,0.000000e+00,0.000000e+00,0.000000e+00
1.000000e+00,0.000000e+00,0.000000e+00,0.000000e+00,0.000000e+00,0.000000e+00,0.000000e+00,0.000000e+00,0.000000e+00,0.000000e+00,0.000000e+00,0.000000e+00,0.000000e+00,0.000000e+00,0.000000e+00
1.000000e+00,0.000000e+00,0.000000e+00,0.000000e+00,0.000000e+00,0.000000e+00,0.000000e+00,0.000000e+00,0.000000e+00,0.000000e+00,0.000000e+00,0.000000e+00,0.000000e+00,0.000000e+00,0.000000e+00
1.000000e+00,0.000000e+00,0.000000e+00,0.000000e+00,0.000000e+00,0.000000e+00,0.000000e+00,0.000000e+00,0.000000e+00,0.000000e+00,0.000000e+00,0.000000e+00,0.000000e+00,0.000000e+00,0.000000e+00
1.000000e+00,0.000000e+00,0.000000e+00,0.000000e+00,0.000000e+00,0.000000e+00,0.000000e+00,0.000000e+00,0.000000e+00,0.000000e+00,0.000000e+00,0.000000e+00,0.000000e+00,0.000000e+00,0.000000e+00
1.000000e+00,0.000000e+00,0.000000e+00,0.000000e+00,0.000000e+00,0.000000e+00,0.000000e+00,0.000000e+00,0.000000e+00,0.000000e+00,0.000000e+00,0.000000e+00,0.000000e+00,0.000000e+00,0.000000e+00
1.000000e+00,0.000000e+00,0.000000e+00,0.000000e+00,0.000000e+00,0.000000e+00,0.000000e+00,0.000000e+00,0.000000e+00,0.000000e+00,0.000000e+00,0.000000e+00,0.000000e+00,0.000000e+00,0.000000e+00
1.000000e+00,0.000000e+00,0.000000e+00,0.000000e+00,0.000000e+00,0.000000e+00,0.000000e+00,0.000000e+00,0.000000e+00,0.000000e+00,0.000000e+00,0.000000e+00,0.000000e+00,0.000000e+00,0.000000e+00
1.000000e+00,0.000000e+00,0.000000e+00,0.000000e+00,0.000000e+00,0.000000e+00,0.000000e+00,0.000000e+00,0.000000e+00,0.000000e+00,0.000000e+00,0.000000e+00,0.000000e+00,0.000000e+00,0.000000e+00
1.000000e+00,0.000000e+00,0.000000e+00,0.000000e+00,0.000000e+00,0.000000e+00,0.000000e+00,0.000000e+00,0.000000e+00,0.000000e+00,0.000000e+00,0.000000e+00,0.000000e+00,0.000000e+00,0.000000e+00
1.000000e+00,0.000000e+00,0.000000e+00,0.000000e+00,0.000000e+00,0.000000e+00,0.000000e+00,0.000000e+00,0.000000e+00,0.000000e+00,0.000000e+00,0.000000e+00,0.000000e+00,0.000000e+00,0.000000e+00
1.000000e+00,0.000000e+00,0.000000e+00,0.000000e+00,0.000000e+00,0.000000e+00,0.000000e+00,0.000000e+00,0.000000e+00,0.000000e+00,0.000000e+00,0.000000e+00,0.000000e+00,0.000000e+00,0.000000e+00
1.000000e+00,0.000000e+00,0.000000e+00,0.000000e+00,0.000000e+00,0.000000e+00,0.000000e+00,0.000000e+00,0.000000e+00,0.000000e+00,0.000000e+00,0.000000e+00,0.000000e+00,0.000000e+00,0.000000e+00
1.000000e+00,0.000000e+00,0.000000e+00,0.000000e+00,0.000000e+00,0.000000e+00,0.000000e+00,0.000000e+00,0.000000e+00,0.000000e+00,0.000000e+00,0.000000e+00,0.000000e+00,0.000000e+00,0.000000e+00
1.000000e+00,0.000000e+00,0.000000e+00,0.000000e+00,0.000000e+00,0.000000e+00,0.000000e+00,0.000000e+00,0.000000e+00,0.000000e+00,0.000000e+00,0.000000e+00,0.000000e+00,0.000000e+00,0.000000e+00
1.000000e+00,0.000000e+00,0.000000e+00,0.000000e+00,0.000000e+00,0.000000e+00,0.000000e+00,0.000000e+00,0.000000e+00,0.000000e+00,0.000000e+00,0.000000e+00,0.000000e+00,0.000000e+00,0.000000e+00
1.000000e+00,0.000000e+00,0.000000e+00,0.000000e+00,0.000000e+00,0.000000e+00,0.000000e+00,0.000000e+00,0.000000e+00,0.000000e+00,0.000000e+00,0.000000e+00,0.000000e+00,0.000000e+00,0.000000e+00
1.000000e+00,0.000000e+00,0.000000e+00,0.000000e+00,0.000000e+00,0.000000e+00,0.000000e+00,0.000000e+00,0.000000e+00,0.000000e+00,0.000000e+00,0.000000e+00,0.000000e+00,0.000000e+00,0.000000e+00
1.000000e+00,0.000000e+00,0.000000e+00,0.000000e+00,0.000000e+00,0.000000e+00,0.000000e+00,0.000000e+00,0.000000e+00,0.000000e+00,0.000000e+00,0.000000e+00,0.000000e+00,0.000000e+00,0.000000e+00
1.000000e+00,0.000000e+00,0.000000e+00,0.000000e+00,0.000000e+00,0.000000e+00,0.000000e+00,0.000000e+00,0.000000e+00,0.000000e+00,0.000000e+00,0.000000e+00,0.000000e+00,0.000000e+00,0.000000e+00
1.000000e+00,0.000000e+00,0.000000e+00,0.000000e+00,0.000000e+00,0.000000e+00,0.000000e+00,0.000000e+00,0.000000e+00,0.000000e+00,0.000000e+00,0.000000e+00,0.000000e+00,0.000000e+00,0.000000e+00
1.000000e+00,0.000000e+00,0.000000e+00,0.000000e+00,0.000000e+00,0.000000e+00,0.000000e+00,0.000000e+00,0.000000e+00,0.000000e+00,0.000000e+00,0.000000e+00,0.000000e+00,0.000000e+00,0.000000e+00
1.000000e+00,0.000000e+00,0.000000e+00,0.000000e+00,0.000000e+00,0.000000e+00,0.000000e+00,0.000000e+00,0.000000e+00,0.000000e+00,0.000000e+00,0.000000e+00,0.000000e+00,0.000000e+00,0.000000e+00
1.000000e+00,0.000000e+00,0.000000e+00,0.000000e+00,0.000000e+00,0.000000e+00,0.000000e+00,0.000000e+00,0.000000e+00,0.000000e+00,0.000000e+00,0.000000e+00,0.000000e+00,0.000000e+00,0.000000e+00
4.343935e-01,4.540439e-02,5.172212e-02,2.005060e-01,1.426046e-02,2.040410e-02,6.335133e-03,4.542250e-02,2.375561e-02,2.745616e-03,3.758094e-02,6.006505e-02,1.910657e-02,8.430287e-03,2.986791e-02
3.265327e-01,4.124826e-02,1.003360e-01,2.767700e-01,1.430505e-02,1.727471e-02,5.323652e-03,5.076036e-02,2.510109e-02,2.523161e-03,3.492416e-02,5.388347e-02,1.607748e-02,7.756799e-03,2.718327e-02
3.564821e-01,4.763613e-02,8.314915e-02,2.521728e-01,1.836810e-02,1.852313e-02,5.360584e-03,3.979389e-02,2.761669e-02,2.659549e-03,4.215118e-02,4.860105e-02,1.650870e-02,9.245219e-03,3.173189e-02
4.105115e-01,4.921895e-02,6.382843e-02,2.140138e-01,2.237887e-02,1.987825e-02,5.716120e-03,3.183525e-02,2.566066e-02,2.971253e-03,4.007141e-02,5.051050e-02,1.813179e-02,1.013973e-02,3.513362e-02
3.605273e-01,4.790282e-02,6.699929e-02,2.292592e-01,2.467644e-02,2.160594e-02,5.430282e-03,3.348503e-02,2.586517e-02,3.034394e-03,4.864785e-02,6.580658e-02,1.964391e-02,1.034225e-02,3.677360e-02
2.842355e-01,4.821000e-02,1.040205e-01,3.031096e-01,2.093960e-02,1.791530e-02,4.460680e-03,3.218018e-02,2.226295e-02,2.800379e-03,4.126627e-02,5.806614e-02,1.732186e-02,8.586962e-03,3.462417e-02
3.521565e-01,4.229238e-02,9.503760e-02,2.580467e-01,1.874748e-02,1.983615e-02,4.548054e-03,2.815584e-02,2.077296e-02,2.835664e-03,4.167561e-02,5.453734e-02,1.902623e-02,8.360151e-03,3.397136e-02
4.382125e-01,3.831656e-02,7.171020e-02,2.081573e-01,1.752955e-02,2.110297e-02,4.727745e-03,2.308493e-02,1.927757e-02,2.696998e-03,3.560333e-02,5.173216e-02,2.383151e-02,8.545975e-03,3.547085e-02
4.839183e-01,3.648748e-02,5.845409e-02,1.858511e-01,1.672816e-02,2.191436e-02,4.867299e-03,2.253386e-02,1.790211e-02,2.491669e-03,3.277037e-02,5.038178e-02,2.416864e-02,8.069677e-03,3.346114e-02
1.000000e+00,0.000000e+00,0.000000e+00,0.000000e+00,0.000000e+00,0.000000e+00,0.000000e+00,0.000000e+00,0.000000e+00,0.000000e+00,0.000000e+00,0.000000e+00,0.000000e+00,0.000000e+00,0.000000e+00
1.000000e+00,0.000000e+00,0.000000e+00,0.000000e+00,0.000000e+00,0.000000e+00,0.000000e+00,0.000000e+00,0.000000e+00,0.000000e+00,0.000000e+00,0.000000e+00,0.000000e+00,0.000000e+00,0.000000e+00
1.000000e+00,0.000000e+00,0.000000e+00,0.000000e+00,0.000000e+00,0.000000e+00,0.000000e+00,0.000000e+00,0.000000e+00,0.000000e+00,0.000000e+00,0.000000e+00,0.000000e+00,0.000000e+00,0.000000e+00
1.000000e+00,0.000000e+00,0.000000e+00,0.000000e+00,0.000000e+00,0.000000e+00,0.000000e+00,0.000000e+00,0.000000e+00,0.000000e+00,0.000000e+00,0.000000e+00,0.000000e+00,0.000000e+00,0.000000e+00
4.690837e-01,2.909900e-02,4.990653e-02,1.546078e-01,9.679811e-03,2.933266e-02,1.225569e-02,1.142193e-01,9.954360e-03,1.559972e-03,1.519307e-02,4.476229e-02,3.298154e-02,4.455046e-03,2.290922e-02
3.509356e-01,2.124843e-02,3.927812e-02,1.172869e-01,1.068154e-02,2.255658e-02,9.877820e-03,3.242736e-01,7.926511e-03,1.222309e-03,1.225746e-02,3.514044e-02,2.667767e-02,3.537490e-03,1.709939e-02
2.514618e-01,1.501348e-02,2.826859e-02,8.303194e-02,7.738935e-03,1.674363e-02,7.670739e-03,5.154213e-01,5.670515e-03,8.808690e-04,8.942512e-03,2.517250e-02,1.916896e-02,2.577440e-03,1.223677e-02
1.819532e-01,1.063242e-02,2.009366e-02,5.834197e-02,5.557374e-03,1.285582e-02,6.283778e-03,6.511277e-01,3.984456e-03,6.386421e-04,6.341815e-03,1.792144e-02,1.373895e-02,1.859495e-03,8.669319e-03
1.344481e-01,7.528093e-03,1.431089e-02,4.095572e-02,4.055887e-03,9.870179e-03,5.289393e-03,7.456185e-01,2.800886e-03,4.701646e-04,4.503083e-03,1.278189e-02,9.853442e-03,1.347319e-03,6.166537e-03
9.952171e-02,5.327593e-03,1.016242e-02,2.879670e-02,3.124230e-03,7.490601e-03,4.187996e-03,8.141414e-01,1.974650e-03,3.471580e-04,3.221398e-03,9.223600e-03,7.126693e-03,9.945364e-04,4.359342e-03
7.518400e-02,3.777593e-03,7.215654e-03,2.025397e-02,2.647679e-03,5.607760e-03,3.342598e-03,8.624279e-01,1.391052e-03,2.530058e-04,2.310686e-03,6.589718e-03,5.171919e-03,7.386854e-04,3.087732e-03
5.535081e-02,2.679157e-03,5.135532e-03,1.423854e-02,2.745270e-03,4.089695e-03,2.487008e-03,8.993583e-01,9.791325e-04,1.871740e-04,1.650965e-03,4.659212e-03,3.730733e-03,5.262196e-04,2.182231e-03
4.178172e-02,1.905899e-03,3.685554e-03,1.001505e-02,2.944375e-03,2.970768e-03,2.024689e-03,9.246072e-01,6.911438e-04,1.479078e-04,1.188215e-03,3.339822e-03,2.765089e-03,3.742583e-04,1.558312e-03
3.054819e-02,1.354154e-03,2.772191e-03,7.073530e-03,2.926952e-03,2.180981e-03,1.819333e-03,9.438542e-01,4.889403e-04,1.159426e-04,8.702867e-04,2.434452e-03,2.169740e-03,2.700150e-04,1.121153e-03
2.339297e-02,9.652029e-04,2.089483e-03,5.017879e-03,3.107106e-03,1.703685e-03,1.552444e-03,9.565744e-01,3.534187e-04,9.091738e-05,6.449043e-04,1.777513e-03,1.716328e-03,1.952603e-04,8.183945e-04
1.986522e-02,6.985589e-04,1.596405e-03,3.634142e-03,6.583956e-03,1.329997e-03,1.184987e-03,9.608859e-01,2.823850e-04,8.245217e-05,4.884006e-04,1.282496e-03,1.342777e-03,1.418728e-04,6.004237e-04
1.537326e-02,4.953775e-04,1.249525e-03,2.606538e-03,6.474686e-03,9.792330e-04,9.445223e-04,9.687467e-01,2.111059e-04,7.113397e-05,3.695661e-04,9.193639e-04,1.024911e-03,1.030216e-04,4.310167e-04
1.325387e-02,3.560244e-04,9.433508e-04,1.876895e-03,6.432318e-03,7.707448e-04,7.718421e-04,9.731751e-01,1.850335e-04,6.996078e-05,2.882958e-04,6.803254e-04,8.055682e-04,7.686245e-05,3.137525e-04
1.176989e-02,2.595151e-04,7.852271e-04,1.374066e-03,5.809574e-03,5.971493e-04,7.378838e-04,9.767139e-01,1.648528e-04,6.969219e-05,2.260959e-04,5.503500e-04,6.463347e-04,6.330266e-05,2.321412e-04
9.749723e-03,1.864029e-04,6.165943e-04,9.903308e-04,4.397600e-03,4.515682e-04,6.113347e-04,9.813772e-01,1.220795e-04,5.647505e-05,1.855928e-04,4.844399e-04,5.471174e-04,5.068751e-05,1.728555e-04
9.024582e-03,1.354974e-04,4.607239e-04,7.162525e-04,3.423256e-03,3.827035e-04,4.908746e-04,9.839443e-01,9.147284e-05,4.876802e-05,1.628874e-04,4.460214e-04,4.959789e-04,4.235508e-05,1.343065e-04
8.332418e-03,1.055199e-04,3.540376e-04,5.175240e-04,2.958071e-03,3.302137e-04,4.596694e-04,9.856119e-01,7.968544e-05,4.154124e-05,1.760787e-04,4.061171e-04,4.695086e-04,4.193173e-05,1.157150e-04
8.811392e-03,1.040499e-04,2.700704e-04,3.814716e-04,2.704183e-03,3.087245e-04,3.614142e-04,9.856630e-01,8.696702e-05,4.519256e-05,2.159249e-04,3.478880e-04,5.449736e-04,4.432712e-05,1.104184e-04
1.313247e-02,3.020817e-04,2.541671e-04,3.011697e-04,2.797663e-03,4.292117e-04,2.771408e-04,9.705313e-01,7.790152e-04,6.658101e-04,1.870040e-03,1.458837e-03,6.483774e-03,4.389554e-04,2.784098e-04
2.284554e-02,2.440763e-03,2.532156e-04,1.050074e-03,7.457717e-03,8.903316e-04,2.859083e-04,9.004896e-01,1.273119e-02,1.047589e-03,7.166192e-03,3.854370e-03,3.443100e-02,9.483910e-04,4.108202e-03
2.882897e-02,3.846599e-03,2.159586e-04,1.018703e-03,9.147858e-03,1.489941e-03,2.997504e-04,7.864161e-01,1.726710e-02,9.543132e-04,6.666511e-03,4.255472e-03,1.342239e-01,8.041185e-04,4.564822e-03
4.205467e-02,1.053322e-02,3.579199e-04,1.415855e-03,1.046887e-02,3.368302e-03,9.316793e-04,6.666988e-01,6.848742e-02,4.326895e-03,1.470595e-02,5.854874e-03,1.598881e-01,1.145564e-03,9.761905e-03
5.544951e-02,1.355099e-02,7.354483e-04,2.220029e-03,8.770744e-03,3.826294e-03,1.284605e-03,5.223905e-01,1.556914e-01,3.583077e-03,1.420546e-02,5.658070e-03,1.981121e-01,1.729893e-03,1.279186e-02
5.909129e-02,1.787303e-02,1.072645e-03,2.890711e-03,6.999601e-03,3.929846e-03,1.124708e-03,3.969406e-01,2.622604e-01,2.817659e-03,1.441453e-02,4.969586e-03,1.962307e-01,1.465376e-03,2.791926e-02
7.608249e-02,3.240544e-02,1.151868e-03,2.535912e-03,6.263268e-03,3.466173e-03,9.668272e-04,2.968916e-01,2.785012e-01,2.604246e-03,2.304963e-02,6.904673e-03,2.187206e-01,1.398786e-03,4.905725e-02
9.088504e-02,7.494441e-02,3.390258e-03,1.932927e-03,8.074601e-03,4.351267e-03,1.028035e-03,2.152220e-01,3.445517e-01,2.060137e-03,2.227764e-02,8.087114e-03,1.799805e-01,1.236989e-03,4.197734e-02
8.554243e-02,1.454810e-01,5.857646e-03,2.783358e-03,7.711752e-03,3.357107e-03,7.912557e-04,1.510917e-01,4.067023e-01,2.499405e-03,1.664805e-02,6.027854e-03,1.279541e-01,1.255308e-03,3.629678e-02
6.410266e-02,2.272546e-01,6.209336e-03,7.062633e-03,9.296894e-03,3.429114e-03,6.384338e-04,1.060084e-01,4.326078e-01,3.956470e-03,1.246503e-02,4.437289e-03,9.111963e-02,1.131640e-03,3.027994e-02
4.833312e-02,2.332178e-01,5.707268e-03,1.286281e-02,1.184807e-02,6.438044e-03,6.030180e-04,7.461253e-02,4.958293e-01,3.947168e-03,1.053241e-02,3.425613e-03,6.583694e-02,1.184737e-03,2.562107e-02
3.620811e-02,2.259280e-01,5.691735e-03,5.434973e-02,1.144720e-02,1.257567e-02,4.982747e-04,5.276286e-02,5.111590e-01,5.367916e-03,8.458386e-03,2.720968e-03,4.801093e-02,1.070343e-03,2.375076e-02
2.995684e-02,1.993625e-01,4.821574e-03,5.050437e-02,1.372564e-02,2.552155e-02,4.958546e-04,3.755675e-02,5.621738e-01,4.955450e-03,6.698381e-03,2.271064e-03,3.454162e-02,8.870744e-04,2.652744e-02
2.453489e-02,1.566024e-01,4.554085e-03,4.160501e-02,2.923759e-02,3.819414e-02,6.666469e-04,2.776537e-02,5.862697e-01,6.423765e-03,5.188175e-03,1.737644e-03,2.459422e-02,7.638559e-04,5.186248e-02
2.230414e-02,1.233548e-01,4.117281e-03,6.716554e-02,2.433884e-02,4.026220e-02,7.375525e-04,2.549827e-02,5.833793e-01,9.148698e-03,4.190393e-03,1.448189e-03,2.173282e-02,6.010274e-04,7.172102e-02
1.690703e-02,9.414567e-02,3.680015e-03,8.391123e-02,1.745618e-02,3.244626e-02,5.484318e-04,2.031389e-02,5.747200e-01,1.869117e-02,3.209109e-03,1.119356e-03,1.620313e-02,4.746375e-04,1.161739e-01
1.210118e-02,8.092178e-02,3.434613e-03,7.685626e-02,1.233193e-02,2.331992e-02,3.887820e-04,1.465515e-02,6.027604e-01,1.956675e-02,3.759969e-03,9.828528e-04,1.227507e-02,4.114338e-04,1.362340e-01
8.847420e-03,6.453411e-02,2.722154e-03,5.543279e-02,8.954897e-03,1.748419e-02,2.845238e-04,1.050153e-02,5.712307e-01,1.892981e-02,5.816665e-03,8.400381e-04,1.058655e-02,8.410284e-04,2.229936e-01
7.052823e-03,5.765593e-02,2.345279e-03,3.960875e-02,7.911927e-03,1.589670e-02,2.386487e-04,7.551267e-03,5.855216e-01,1.875569e-02,7.601235e-03,6.864456e-04,8.655469e-03,2.174438e-03,2.383437e-01
5.570854e-03,4.852754e-02,1.837732e-03,2.841293e-02,5.882476e-03,1.689894e-02,1.875988e-04,5.455491e-03,6.586818e-01,1.607589e-02,6.116903e-03,7.178072e-04,7.218726e-03,2.901474e-03,1.955139e-01
4.111881e-03,3.760033e-02,1.588181e-03,2.161776e-02,4.485070e-03,1.350274e-02,1.501723e-04,3.942545e-03,7.223225e-01,1.337733e-02,4.499658e-03,5.894567e-04,5.858071e-03,2.266957e-03,1.640874e-01
3.943542e-03,2.768235e-02,1.793843e-03,2.214633e-02,6.302650e-03,5.285342e-02,6.395049e-04,2.955721e-03,5.308197e-01,1.183247e-02,5.675789e-03,7.717463e-02,5.150755e-02,2.601965e-02,1.786529e-01
5.736697e-03,2.055982e-02,1.777118e-03,1.769056e-02,8.875331e-03,5.785814e-02,1.171073e-03,2.285552e-03,3.891536e-01,1.262727e-02,7.000305e-03,1.455656e-01,7.975723e-02,4.852672e-02,2.014150e-01
4.384943e-03,1.463272e-02,2.171929e-03,1.330527e-02,9.132223e-03,4.534838e-02,9.111091e-04,1.653954e-03,2.749849e-01,9.540954e-03,1.342341e-02,2.906447e-01,1.217921e-01,5.292726e-02,1.451461e-01
5.204675e-03,1.057972e-02,2.996726e-03,1.011522e-02,6.992895e-03,3.621532e-02,9.542258e-04,1.293267e-03,1.963591e-01,2.370637e-02,1.887162e-02,3.914937e-01,1.118903e-01,7.547451e-02,1.078524e-01
4.875941e-03,7.725846e-03,2.913774e-03,7.582556e-03,5.758464e-03,2.800337e-02,8.394547e-04,9.745816e-04,1.405148e-01,1.838266e-02,1.606428e-02,5.052867e-01,1.127270e-01,7.071664e-02,7.763386e-02
6.492915e-03,6.171893e-03,2.342234e-03,5.399974e-03,4.141724e-03,2.156013e-02,8.676136e-04,7.062198e-04,1.030128e-01,1.476992e-02,2.176771e-02,6.131409e-01,9.220272e-02,5.241540e-02,5.500779e-02
6.140020e-03,4.715749e-03,1.785078e-03,3.846133e-03,2.944255e-03,1.828294e-02,7.378815e-04,5.141962e-04,7.431628e-02,1.124048e-02,2.282597e-02,7.013641e-01,7.278390e-02,3.933350e-02,3.916947e-02
5.864996e-03,4.150316e-03,1.482885e-03,2.779782e-03,2.981805e-03,1.435173e-02,6.464581e-04,3.989437e-04,6.962883e-02,1.255323e-02,2.771906e-02,7.374083e-01,6.344932e-02,2.876240e-02,2.782194e-02
7.604547e-03,3.583182e-03,2.648440e-03,2.418584e-03,1.490501e-02,2.084667e-02,9.836036e-04,1.169026e-03,8.333795e-02,5.742614e-02,3.067457e-02,6.794887e-01,5.401478e-02,2.108110e-02,1.981770e-02
5.964980e-03,2.951038e-03,2.134119e-03,1.818055e-03,1.152163e-02,1.912860e-02,7.930465e-04,1.268233e-03,7.131706e-02,4.338800e-02,4.343579e-02,7.272701e-01,3.971163e-02,1.532579e-02,1.397183e-02
5.179539e-03,2.396993e-03,1.918547e-03,1.476893e-03,1.903381e-02,1.538109e-02,1.108529e-03,1.072240e-03,8.119334e-02,1.367077e-01,3.674038e-02,6.474820e-01,2.899893e-02,1.122231e-02,1.008766e-02
4.572777e-03,1.940488e-03,1.418280e-03,1.113967e-03,1.903522e-02,1.134691e-02,1.004123e-03,9.197769e-04,1.280721e-01,1.791273e-01,3.359557e-02,5.790645e-01,2.323039e-02,8.431733e-03,7.126916e-03
3.441473e-03,1.531481e-03,1.029783e-03,8.545496e-04,1.677815e-02,8.421429e-03,8.276997e-04,7.802531e-04,1.782442e-01,1.788335e-01,2.836627e-02,5.480758e-01,2.160605e-02,6.164905e-03,5.044519e-03
3.257729e-03,3.041267e-03,8.173361e-04,8.143762e-04,1.467710e-02,9.175790e-03,9.154959e-04,8.407611e-04,2.998378e-01,1.566374e-01,2.175542e-02,4.601032e-01,1.970324e-02,4.538704e-03,3.884333e-03
5.320423e-03,5.885465e-03,6.521065e-04,1.202989e-03,1.489970e-02,9.397347e-03,1.274215e-03,1.039690e-03,4.138105e-01,1.356128e-01,1.787732e-02,3.680974e-01,1.851641e-02,3.370520e-03,3.043098e-03
8.176601e-03,1.735566e-02,1.219317e-03,2.481636e-03,1.762947e-02,2.189882e-02,2.054690e-03,1.102570e-02,4.617902e-01,1.427980e-01,1.431622e-02,2.779441e-01,1.599282e-02,2.627395e-03,2.689309e-03
1.532202e-02,3.024271e-02,2.429307e-03,6.430960e-03,3.951704e-02,2.354041e-02,4.864748e-03,1.072644e-02,5.092481e-01,1.273505e-01,1.128382e-02,2.009354e-01,1.350733e-02,2.054967e-03,2.546239e-03
1.858722e-02,5.014416e-02,2.398551e-03,6.842318e-03,3.711141e-02,2.476158e-02,4.311890e-03,8.905943e-03,5.696563e-01,9.909552e-02,9.202970e-03,1.499857e-01,1.208692e-02,1.691638e-03,5.217923e-03
3.156941e-02,6.349069e-02,2.394705e-03,7.168510e-03,4.655828e-02,2.567117e-02,3.989044e-03,1.197585e-02,6.015269e-01,7.276548e-02,7.352171e-03,1.088750e-01,1.067783e-02,1.405510e-03,4.579562e-03
5.351135e-02,7.124891e-02,2.593821e-03,1.320755e-02,5.663094e-02,3.198229e-02,5.767182e-03,1.311398e-02,5.898602e-01,5.465648e-02,6.672314e-03,8.125532e-02,1.186481e-02,1.340258e-03,6.294642e-03
9.943743e-02,8.695573e-02,5.718637e-03,2.424177e-02,6.347814e-02,2.832311e-02,8.974273e-03,1.979291e-02,5.292164e-01,4.332160e-02,6.076986e-03,5.991579e-02,1.459012e-02,1.241270e-03,8.715874e-03
1.227668e-01,8.853640e-02,5.579472e-03,2.816382e-02,7.635088e-02,2.723806e-02,1.174176e-02,1.994631e-02,5.041760e-01,3.174370e-02,6.023151e-03,4.568646e-02,1.355865e-02,1.201652e-03,1.728695e-02
1.184207e-01,8.814151e-02,1.384419e-02,1.229399e-01,6.040474e-02,2.276199e-02,9.583531e-03,1.830249e-02,4.320214e-01,2.834993e-02,5.269552e-03,3.632221e-02,1.117000e-02,1.075664e-03,3.139222e-02
1.534502e-01,8.840060e-02,1.124195e-02,9.834310e-02,7.185255e-02,2.172078e-02,8.021532e-03,2.691110e-02,4.011078e-01,2.138386e-02,4.496487e-03,2.686360e-02,1.054719e-02,1.017948e-03,5.464134e-02
1.313625e-01,8.003495e-02,2.286514e-02,1.842470e-01,6.341425e-02,1.717985e-02,6.131756e-03,2.736217e-02,3.356982e-01,1.835554e-02,5.794917e-03,2.072636e-02,1.022146e-02,9.531333e-04,7.565276e-02
1.726347e-01,9.619492e-02,2.182824e-02,1.578651e-01,6.319696e-02,1.511697e-02,5.505939e-03,3.095591e-02,3.095534e-01,1.625275e-02,6.795914e-03,1.817241e-02,9.728604e-03,1.063286e-03,7.513481e-02
2.087788e-01,8.445549e-02,1.791310e-02,1.308793e-01,6.736533e-02,3.436595e-02,4.831351e-03,3.843005e-02,2.883770e-01,1.318897e-02,7.576889e-03,1.785398e-02,1.032667e-02,1.233354e-03,7.442364e-02
1.889342e-01,6.366873e-02,1.301559e-02,9.892611e-02,7.439753e-02,4.500493e-02,3.873757e-03,1.431940e-01,2.755921e-01,9.390503e-03,6.730357e-03,1.351376e-02,8.377988e-03,1.122548e-03,5.425785e-02
1.373799e-01,4.489622e-02,9.972329e-03,7.321095e-02,6.831507e-02,3.192655e-02,2.888844e-03,3.652174e-01,1.994488e-01,6.597286e-03,5.219418e-03,9.597639e-03,6.284433e-03,8.820067e-04,3.816312e-02
1.007150e-01,3.164076e-02,7.116911e-03,5.207899e-02,5.803917e-02,2.280599e-02,2.108021e-03,5.335049e-01,1.446348e-01,4.621836e-03,3.961065e-03,6.743373e-03,4.636966e-03,6.485998e-04,2.674357e-02
7.216524e-02,2.217111e-02,5.018889e-03,3.661051e-02,4.234361e-02,1.613048e-02,1.516077e-03,6.694496e-01,1.013049e-01,3.243926e-03,2.855032e-03,4.728799e-03,3.278820e-03,4.571827e-04,1.872584e-02
5.177048e-02,1.553304e-02,3.531425e-03,2.573435e-02,3.057044e-02,1.140892e-02,1.086882e-03,7.659894e-01,7.096463e-02,2.278317e-03,2.055314e-03,3.319792e-03,2.324768e-03,3.213205e-04,1.311097e-02
3.818807e-02,1.088947e-02,2.499164e-03,1.806219e-02,2.169835e-02,8.144877e-03,7.754404e-04,8.332810e-01,4.974496e-02,1.599789e-03,1.601274e-03,2.394337e-03,1.706845e-03,2.293605e-04,9.184854e-03
3.552163e-02,7.876956e-03,1.938296e-03,1.303684e-02,1.579329e-02,6.145648e-03,6.164191e-04,8.425556e-01,3.593640e-02,1.293789e-03,1.156433e-02,6.658290e-03,1.415317e-02,2.819286e-04,6.627392e-03
5.040143e-02,5.762663e-03,1.478855e-03,9.602231e-03,1.245899e-02,5.767478e-03,5.875959e-04,8.291179e-01,2.604596e-02,1.452722e-03,1.216515e-02,9.260124e-03,3.039151e-02,7.042954e-04,4.803096e-03
9.205636e-02,5.276786e-03,2.168136e-03,7.926336e-03,1.456690e-02,6.477711e-03,9.011271e-04,7.340341e-01,2.048763e-02,1.772426e-03,2.064901e-02,1.390972e-02,7.244706e-02,3.095828e-03,4.230943e-03
1.650766e-01,4.776044e-03,5.226424e-03,7.486089e-03,1.270531e-02,8.834783e-03,1.987125e-03,6.271729e-01,1.753798e-02,1.807558e-03,2.549933e-02,2.626958e-02,8.753833e-02,4.152780e-03,3.929121e-03
3.207680e-01,4.207385e-03,5.504606e-03,6.045945e-03,9.604393e-03,2.921731e-02,2.886789e-03,4.671440e-01,1.368220e-02,1.466855e-03,2.187165e-02,4.343085e-02,6.461353e-02,4.651029e-03,4.905463e-03
3.686231e-01,5.795564e-03,7.186562e-03,5.888505e-03,1.277246e-02,4.220161e-02,3.601198e-03,3.673625e-01,1.235119e-02,1.737187e-03,2.618911e-02,8.531801e-02,5.045950e-02,4.937519e-03,5.575959e-03
4.748435e-01,7.150070e-03,1.013274e-02,5.641616e-03,1.472207e-02,4.992691e-02,3.697258e-03,2.773358e-01,1.031567e-02,1.957387e-03,2.188893e-02,7.586460e-02,3.648500e-02,4.556075e-03,5.482365e-03
1.000000e+00,0.000000e+00,0.000000e+00,0.000000e+00,0.000000e+00,0.000000e+00,0.000000e+00,0.000000e+00,0.000000e+00,0.000000e+00,0.000000e+00,0.000000e+00,0.000000e+00,0.000000e+00,0.000000e+00
4.610553e-01,6.920825e-03,1.534216e-02,6.704267e-03,1.669768e-02,8.773181e-02,3.597473e-03,1.460782e-01,6.882665e-03,2.324681e-03,2.602122e-02,1.885873e-01,2.130128e-02,5.711576e-03,5.043423e-03
3.774650e-01,5.911549e-03,1.115091e-02,5.298166e-03,1.787071e-02,7.114846e-02,2.861306e-03,1.032739e-01,5.874547e-03,2.529573e-03,6.004072e-02,3.113148e-01,1.591606e-02,4.978600e-03,4.365611e-03
2.966514e-01,6.281941e-03,8.073389e-03,4.065099e-03,1.624356e-02,5.869684e-02,2.049634e-03,7.259013e-02,5.522548e-03,2.339548e-03,7.998629e-02,4.279040e-01,1.201490e-02,3.840349e-03,3.740305e-03
2.204359e-01,5.712251e-03,5.845019e-03,2.997952e-03,1.337533e-02,4.761801e-02,1.453284e-03,5.091027e-02,5.178802e-03,1.886646e-03,1.075687e-01,5.222703e-01,8.906448e-03,2.864824e-03,2.976244e-03
1.779314e-01,5.704158e-03,4.300615e-03,2.606371e-03,1.063897e-02,3.603412e-02,1.117475e-03,3.574950e-02,4.292409e-03,1.645768e-03,1.040379e-01,6.038035e-01,6.559190e-03,2.446912e-03,3.131793e-03
1.636952e-01,5.273372e-03,3.602501e-03,2.597882e-03,9.273588e-03,2.788249e-02,1.061105e-03,2.534045e-02,4.082533e-03,1.837445e-03,8.949860e-02,6.546103e-01,4.807699e-03,2.448892e-03,3.987879e-03
1.252656e-01,4.765614e-03,2.810401e-03,2.130296e-03,1.366424e-02,2.412756e-02,9.725578e-04,1.800327e-02,3.976469e-03,2.218086e-03,7.407300e-02,7.189870e-01,3.537389e-03,2.196129e-03,3.272395e-03
9.476290e-02,4.623011e-03,3.082444e-03,1.882213e-03,1.859068e-02,2.063087e-02,1.297415e-03,1.529288e-02,4.195482e-03,2.088875e-03,6.005367e-02,7.665099e-01,2.671294e-03,1.803293e-03,2.515036e-03
7.026313e-02,4.183701e-03,2.701169e-03,1.584119e-03,1.558569e-02,1.531280e-02,1.160568e-03,1.221594e-02,3.930929e-03,1.804446e-03,4.839703e-02,8.174517e-01,2.043921e-03,1.432820e-03,1.932016e-03
5.008824e-02,3.702423e-03,2.562982e-03,1.144723e-03,1.333321e-02,1.188216e-02,1.449644e-03,9.930264e-03,3.229667e-03,1.734269e-03,4.079585e-02,8.560590e-01,1.495813e-03,1.189666e-03,1.402064e-03
3.619290e-02,3.475295e-03,2.665806e-03,8.610728e-04,1.283534e-02,1.095725e-02,3.438270e-03,8.319983e-03,3.083813e-03,1.844483e-03,3.340447e-02,8.795764e-01,1.165177e-03,1.078981e-03,1.100781e-03
3.142223e-02,5.411644e-03,8.774261e-03,8.868585e-04,2.136514e-02,1.314527e-02,8.181955e-03,1.296128e-02,7.855186e-03,3.866317e-03,3.055030e-02,8.516016e-01,1.126543e-03,1.119895e-03,1.731514e-03
2.787982e-02,4.061503e-03,2.186855e-02,1.809343e-03,2.825993e-02,1.615722e-02,6.329918e-02,8.391542e-02,7.199188e-03,1.025402e-02,2.311509e-02,7.088875e-01,9.348323e-04,1.011254e-03,1.347213e-03
2.651581e-02,3.440360e-03,2.425112e-02,3.727552e-03,3.770262e-02,2.947100e-02,9.588255e-02,1.326540e-01,7.254273e-03,1.210262e-02,1.746337e-02,6.067678e-01,8.484341e-04,8.344705e-04,1.084041e-03
5.055072e-02,3.704750e-03,2.100214e-02,4.187241e-03,6.435718e-02,4.429956e-02,7.600474e-02,1.304998e-01,1.566322e-02,1.171619e-02,1.492895e-02,5.599341e-01,8.862137e-04,1.085546e-03,1.179577e-03
8.862166e-02,3.713802e-03,1.991040e-02,6.055346e-03,7.676233e-02,4.256312e-02,5.959125e-02,1.795597e-01,2.426622e-02,1.052605e-02,1.540003e-02,4.691849e-01,1.091947e-03,1.347906e-03,1.405321e-03
1.228571e-01,4.594686e-03,3.062674e-02,8.641563e-03,1.241735e-01,4.690480e-02,4.944996e-02,1.777413e-01,3.412772e-02,1.560517e-02,2.784965e-02,3.506768e-01,2.163065e-03,2.445806e-03,2.142050e-03
1.347723e-01,8.484627e-03,5.613046e-02,1.163170e-02,1.752611e-01,5.090272e-02,4.206778e-02,1.500965e-01,5.313396e-02,1.935185e-02,2.907983e-02,2.583120e-01,4.211902e-03,2.637638e-03,3.925613e-03
1.547032e-01,2.888437e-02,5.940978e-02,1.235413e-02,1.844717e-01,4.539766e-02,3.082775e-02,1.110193e-01,1.037502e-01,2.978421e-02,3.866417e-02,1.875467e-01,4.014941e-03,3.926189e-03,5.245627e-03
1.391757e-01,2.577713e-02,5.961338e-02,3.465510e-02,1.994165e-01,5.073659e-02,2.281717e-02,1.384556e-01,9.517736e-02,3.886005e-02,4.712055e-02,1.358710e-01,3.899070e-03,4.154062e-03,4.270632e-03
1.406400e-01,2.490160e-02,5.456104e-02,1.069450e-01,1.761152e-01,4.593738e-02,1.668168e-02,1.081363e-01,8.924951e-02,7.021520e-02,5.294050e-02,9.985673e-02,3.707840e-03,5.938500e-03,4.173505e-03
1.911203e-01,3.441664e-02,4.724190e-02,9.096445e-02,1.372248e-01,3.811446e-02,1.294098e-02,9.534508e-02,8.883896e-02,7.936037e-02,7.329686e-02,9.018299e-02,4.184765e-03,8.493481e-03,8.273885e-03
2.357351e-01,3.474750e-02,6.645592e-02,1.120312e-01,1.077799e-01,3.025335e-02,1.004981e-02,7.922301e-02,1.139789e-01,6.187138e-02,6.102083e-02,6.669974e-02,3.572475e-03,7.860517e-03,8.720456e-03
3.286215e-01,2.882149e-02,5.624460e-02,1.087302e-01,8.344689e-02,2.623351e-02,8.170293e-03,5.926558e-02,1.104820e-01,5.366294e-02,6.185395e-02,5.432022e-02,3.745981e-03,6.956048e-03,9.444741e-03
3.889573e-01,2.460428e-02,5.060362e-02,1.248915e-01,7.844275e-02,2.207870e-02,7.855114e-03,5.359158e-02,9.995143e-02,3.817693e-02,5.065210e-02,4.275346e-02,3.838136e-03,5.653951e-03,7.949143e-03
4.825369e-01,1.863421e-02,4.007649e-02,1.157490e-01,6.276796e-02,2.028168e-02,7.533689e-03,5.451547e-02,7.874519e-02,2.872343e-02,3.939117e-02,3.551984e-02,4.047140e-03,4.533192e-03,6.944626e-03
4.250482e-01,1.531645e-02,4.688711e-02,8.849487e-02,5.133712e-02,2.151539e-02,1.939262e-02,1.766339e-01,5.700509e-02,2.048943e-02,2.974245e-02,2.942153e-02,7.684594e-03,3.618132e-03,7.413073e-03
3.360000e-01,1.453605e-02,5.848447e-02,7.546861e-02,3.957921e-02,3.182971e-02,1.634856e-02,2.885313e-01,4.288452e-02,1.810394e-02,2.637123e-02,2.622527e-02,1.138571e-02,3.360510e-03,1.089093e-02
2.732310e-01,2.145867e-02,4.871329e-02,8.473699e-02,3.000826e-02,4.028940e-02,1.454016e-02,2.406293e-01,4.845852e-02,4.258078e-02,4.570347e-02,2.673454e-02,2.926134e-02,4.585397e-03,4.906886e-02
2.064097e-01,1.720957e-02,3.961370e-02,6.390338e-02,2.301718e-02,3.051125e-02,1.111949e-02,1.897638e-01,4.983804e-02,2.182988e-01,4.235534e-02,2.035349e-02,2.643768e-02,7.840232e-03,5.332829e-02
1.680698e-01,1.421106e-02,3.047598e-02,4.803400e-02,1.769071e-02,2.300411e-02,1.033908e-02,1.484776e-01,8.727306e-02,2.576948e-01,4.820582e-02,1.594530e-02,2.742369e-02,2.391962e-02,7.923540e-02
1.273576e-01,1.084726e-02,2.184344e-02,3.473781e-02,1.269515e-02,1.753038e-02,7.430456e-03,1.055696e-01,2.215002e-01,1.930405e-01,5.129825e-02,1.225159e-02,3.103965e-02,3.501208e-02,1.178460e-01
9.728926e-02,9.784371e-03,1.596319e-02,2.465853e-02,9.337028e-03,1.313278e-02,5.283076e-03,7.431752e-02,2.324732e-01,1.534447e-01,4.483214e-02,9.068799e-03,2.504097e-02,4.652948e-02,2.388450e-01
7.239199e-02,9.644784e-03,1.154609e-02,1.750568e-02,6.859983e-03,9.927265e-03,3.731533e-03,5.220047e-02,2.048203e-01,1.124805e-01,3.742642e-02,6.658377e-03,1.958363e-02,4.949072e-02,3.857322e-01
5.132679e-02,2.281803e-02,8.860866e-03,1.250108e-02,5.153148e-03,7.418323e-03,2.627253e-03,3.658752e-02,2.094606e-01,8.632212e-02,2.729825e-02,4.750317e-03,1.456962e-02,3.862616e-02,4.716799e-01
3.632093e-02,4.136802e-02,6.400257e-03,8.782092e-03,4.044004e-03,5.724547e-03,1.847223e-03,2.561932e-02,1.807934e-01,6.275640e-02,2.123343e-02,3.368703e-03,1.068974e-02,3.218501e-02,5.588669e-01
2.552418e-02,6.491002e-02,4.581991e-03,6.212121e-03,3.001279e-03,4.406773e-03,1.298708e-03,1.794176e-02,1.978080e-01,4.527460e-02,1.554269e-02,2.411386e-03,7.990125e-03,2.760720e-02,5.754892e-01
1.813409e-02,1.121134e-01,3.309267e-03,4.408201e-03,2.191287e-03,3.573588e-03,9.118976e-04,1.256580e-02,1.733215e-01,3.304606e-02,1.315684e-02,1.854445e-03,6.030303e-03,2.524317e-02,5.901401e-01
1.307801e-02,1.843867e-01,2.552697e-03,3.538825e-03,1.952937e-03,3.689034e-03,6.493940e-04,8.849515e-03,2.086604e-01,2.617911e-02,1.297509e-02,1.564226e-03,5.094282e-03,2.300755e-02,5.038222e-01
9.334912e-03,3.459772e-01,1.824280e-03,2.590416e-03,1.434035e-03,3.591472e-03,4.560126e-04,6.197837e-03,1.819376e-01,2.066555e-02,1.001263e-02,1.172251e-03,3.944241e-03,1.916567e-02,3.916958e-01
6.693336e-03,4.748251e-01,1.305792e-03,1.882832e-03,1.054290e-03,3.588626e-03,3.200696e-04,4.341094e-03,1.592625e-01,1.577823e-02,7.499185e-03,8.658621e-04,2.966179e-03,1.648827e-02,3.031286e-01
5.007941e-03,5.769424e-01,1.051772e-03,1.576972e-03,8.138135e-04,2.958514e-03,2.256926e-04,3.048879e-03,1.466737e-01,1.370051e-02,5.608997e-03,6.519245e-04,2.511439e-03,1.266273e-02,2.265647e-01
3.787817e-03,6.704572e-01,8.044876e-04,1.188352e-03,5.982566e-04,2.285154e-03,1.583877e-04,2.140404e-03,1.173896e-01,1.094935e-02,4.045298e-03,4.746884e-04,1.911548e-03,1.117729e-02,1.726321e-01
3.006236e-03,7.274762e-01,6.262599e-04,9.558384e-04,4.494077e-04,1.832711e-03,1.113403e-04,1.510346e-03,9.928325e-02,8.663789e-03,2.944409e-03,3.494887e-04,1.525250e-03,1.047217e-02,1.407933e-01
2.308117e-03,6.760573e-01,9.093534e-04,1.364459e-03,3.560710e-04,1.364200e-03,7.873135e-05,1.139862e-03,1.784362e-01,7.198138e-03,2.116334e-03,2.986909e-04,1.390302e-03,7.802234e-03,1.191801e-01
2.044854e-03,6.950527e-01,9.376564e-04,1.388198e-03,4.494376e-04,1.203959e-03,5.764917e-05,9.754503e-04,1.856329e-01,6.678091e-03,1.551142e-03,2.373615e-04,1.335787e-03,6.077563e-03,9.637729e-02
1.751293e-03,6.627591e-01,8.474031e-04,1.318312e-03,7.738702e-04,1.797325e-03,4.524660e-05,8.686273e-04,2.435400e-01,5.343062e-03,1.286127e-03,2.133913e-04,1.359086e-03,4.566936e-03,7.353024e-02
1.635262e-03,5.954314e-01,7.033967e-04,3.282589e-03,9.589291e-04,2.348839e-03,4.453305e-05,7.889316e-04,3.281689e-01,4.259813e-03,1.018350e-03,1.745229e-04,1.302091e-03,3.357859e-03,5.652452e-02
1.653139e-03,5.511678e-01,6.530230e-04,1.422456e-02,9.881828e-04,4.286970e-03,5.386282e-05,1.026483e-03,3.650652e-01,4.107395e-03,9.647500e-04,1.517660e-04,1.460201e-03,2.663530e-03,5.153315e-02
1.812813e-03,4.519714e-01,6.394735e-04,3.445707e-02,1.162582e-03,1.023082e-02,6.547069e-05,1.669689e-03,4.423652e-01,3.561516e-03,9.699891e-04,1.423892e-04,1.954774e-03,2.206376e-03,4.679048e-02
2.050090e-03,3.500755e-01,6.411237e-04,4.303818e-02,4.522557e-03,2.210720e-02,1.963901e-04,2.719793e-03,5.231484e-01,2.875532e-03,1.020014e-03,1.456178e-04,2.722960e-03,1.765159e-03,4.297146e-02
2.759902e-03,2.619494e-01,2.645830e-03,8.152322e-02,1.001264e-02,3.199493e-02,5.287647e-04,2.913495e-02,5.299855e-01,2.884580e-03,1.555400e-03,1.818316e-04,4.465818e-03,1.393954e-03,3.898320e-02
3.839328e-03,1.881329e-01,3.531887e-03,1.964937e-01,1.186716e-02,3.524080e-02,5.938404e-04,2.879618e-02,4.554465e-01,4.492582e-03,3.858085e-03,5.177559e-04,5.783009e-03,1.203072e-03,6.020326e-02
8.962642e-03,1.380206e-01,4.251927e-03,2.296200e-01,1.302968e-02,3.697243e-02,5.865637e-04,2.882621e-02,4.335119e-01,4.656103e-03,1.443527e-02,1.090483e-03,6.835553e-03,1.672396e-03,7.752834e-02
1.057291e-02,9.976533e-02,2.246144e-02,3.337690e-01,3.707275e-02,2.745131e-02,9.425285e-04,5.507255e-02,3.306655e-01,3.508219e-03,1.323362e-02,1.115174e-03,6.140074e-03,1.486472e-03,5.674312e-02
9.208989e-03,7.546122e-02,3.221948e-02,4.238401e-01,3.891841e-02,2.103681e-02,8.359989e-04,4.022552e-02,2.422777e-01,3.477486e-03,5.592957e-02,1.857464e-03,7.345655e-03,2.136744e-03,4.522879e-02
6.701954e-03,5.802933e-02,7.556328e-02,4.674616e-01,3.870637e-02,1.600074e-02,7.763690e-04,2.884421e-02,1.738337e-01,3.809395e-03,7.841781e-02,3.441830e-03,1.070205e-02,2.117696e-03,3.559361e-02
5.914928e-03,4.398768e-02,6.072301e-02,3.571204e-01,3.942477e-02,1.287992e-02,1.098817e-03,2.109546e-02,1.333883e-01,3.737950e-03,7.795750e-02,1.413672e-01,7.088912e-02,2.173367e-03,2.824155e-02
7.393394e-03,3.507449e-02,5.310748e-02,2.550990e-01,3.144697e-02,1.846795e-02,1.660325e-03,1.496480e-02,1.301213e-01,8.134846e-03,7.628793e-02,2.008323e-01,7.849933e-02,4.210512e-02,4.680480e-02
2.251898e-02,2.754391e-02,4.604898e-02,1.813489e-01,3.514463e-02,2.595281e-02,6.780136e-03,2.117590e-02,1.051548e-01,8.054022e-03,1.004604e-01,1.796152e-01,1.700366e-01,3.382186e-02,3.634292e-02
2.820226e-02,2.455814e-02,4.300050e-02,1.300299e-01,3.417184e-02,2.394879e-02,6.919990e-03,1.663635e-02,8.765334e-02,1.136669e-02,1.091677e-01,1.912379e-01,2.219954e-01,3.469333e-02,3.641791e-02
2.629970e-02,1.958176e-02,4.997078e-02,9.299181e-02,2.583214e-02,2.424092e-02,5.485415e-03,1.297039e-02,7.327964e-02,1.666471e-02,1.228110e-01,2.697440e-01,1.955455e-01,3.307340e-02,3.150889e-02
5.996564e-02,2.046486e-02,5.070185e-02,6.693155e-02,2.003165e-02,3.314541e-02,5.921109e-03,2.818676e-02,6.759661e-02,1.999272e-02,1.471415e-01,2.376181e-01,1.845421e-01,3.256412e-02,2.519604e-02
1.092151e-01,2.676206e-02,4.321575e-02,4.862575e-02,2.173136e-02,3.359401e-02,6.688605e-03,4.335830e-02,7.448117e-02,2.457859e-02,1.345138e-01,1.948478e-01,1.669425e-01,4.442085e-02,2.702434e-02
1.525055e-01,3.052754e-02,3.638408e-02,4.123108e-02,1.812925e-02,3.139880e-02,6.092771e-03,4.419814e-02,9.468961e-02,2.483469e-02,1.341781e-01,1.912926e-01,1.343526e-01,3.829082e-02,2.189448e-02
1.603149e-01,2.848081e-02,2.782052e-02,3.501596e-02,1.504321e-02,3.273309e-02,4.941032e-03,3.950644e-02,1.379047e-01,2.746395e-02,1.374925e-01,1.929684e-01,1.084696e-01,3.338455e-02,1.846044e-02
2.742907e-01,3.148510e-02,2.197563e-02,3.629668e-02,1.422807e-02,2.961379e-02,5.428115e-03,3.757840e-02,1.318189e-01,2.352246e-02,1.120397e-01,1.553178e-01,8.219728e-02,2.618858e-02,1.801892e-02
2.874630e-01,2.839284e-02,2.517650e-02,1.093224e-01,1.311782e-02,2.873655e-02,5.029132e-03,3.616435e-02,1.204247e-01,1.856230e-02,1.025316e-01,1.268496e-01,6.123523e-02,2.047948e-02,1.651448e-02
2.979141e-01,2.742368e-02,2.013736e-02,1.071787e-01,2.071990e-02,2.429984e-02,4.617700e-03,3.491079e-02,1.478266e-01,1.461373e-02,1.023779e-01,1.168812e-01,4.611510e-02,1.819381e-02,1.678951e-02
2.352145e-01,2.165268e-02,1.718142e-02,2.481757e-01,1.897489e-02,2.138966e-02,3.702835e-03,4.081262e-02,1.626444e-01,1.099303e-02,7.595959e-02,8.449309e-02,3.291235e-02,1.309032e-02,1.280293e-02
2.856433e-01,1.878929e-02,1.515794e-02,2.181234e-01,1.947053e-02,1.824182e-02,3.690276e-03,3.763450e-02,1.776305e-01,8.784687e-03,7.846252e-02,6.763722e-02,2.491609e-02,1.070989e-02,1.510801e-02
3.151959e-01,1.544466e-02,1.769893e-02,2.728857e-01,1.820570e-02,1.793811e-02,2.968265e-03,3.444158e-02,1.426968e-01,7.198734e-03,6.081577e-02,5.218387e-02,1.911368e-02,8.317287e-03,1.489503e-02
3.788338e-01,1.467035e-02,1.472181e-02,2.106994e-01,2.938745e-02,1.811064e-02,2.823255e-03,3.114129e-02,1.368184e-01,6.582943e-03,5.221711e-02,4.763943e-02,1.832788e-02,7.826804e-03,3.019945e-02
3.881181e-01,1.281011e-02,3.247014e-02,1.869247e-01,2.892336e-02,2.042380e-02,2.808504e-03,4.358554e-02,1.492196e-01,6.066886e-03,4.100074e-02,3.836527e-02,1.577222e-02,6.256163e-03,2.725498e-02
4.226522e-01,1.169803e-02,3.129970e-02,1.455004e-01,3.599357e-02,1.978910e-02,2.934128e-03,4.762775e-02,1.682141e-01,5.007636e-03,3.471049e-02,3.261277e-02,1.285456e-02,6.213140e-03,2.289256e-02
4.490677e-01,9.678536e-03,3.053733e-02,1.237481e-01,3.451677e-02,1.767576e-02,2.880299e-03,8.205619e-02,1.605285e-01,3.769753e-03,2.724577e-02,2.571845e-02,1.004405e-02,4.960591e-03,1.757231e-02
4.889029e-01,1.148801e-02,3.162037e-02,1.220767e-01,4.165403e-02,1.582341e-02,2.756321e-03,8.034232e-02,1.261029e-01,3.442833e-03,2.189756e-02,2.138262e-02,8.514250e-03,4.563775e-03,1.943208e-02
3.706474e-01,1.325263e-02,8.726788e-02,2.347187e-01,4.657726e-02,1.196916e-02,2.680280e-03,6.369204e-02,1.050703e-01,3.322699e-03,1.771785e-02,1.577473e-02,6.789739e-03,3.427619e-03,1.709176e-02
2.869922e-01,1.273165e-02,1.167462e-01,3.068439e-01,4.918770e-02,9.338415e-03,2.503538e-03,7.968470e-02,8.457548e-02,3.034330e-03,1.483618e-02,1.212472e-02,5.408728e-03,2.610954e-03,1.338140e-02
2.609350e-01,1.939862e-02,9.603064e-02,2.331528e-01,1.007463e-01,1.390432e-02,3.937175e-03,9.780572e-02,1.256665e-01,3.129370e-03,1.403452e-02,1.030246e-02,5.170725e-03,2.446490e-03,1.333942e-02
2.112665e-01,1.848012e-02,8.586634e-02,3.067936e-01,9.785298e-02,1.204999e-02,3.730021e-03,1.181567e-01,1.065648e-01,2.642883e-03,1.131519e-02,8.156493e-03,4.035598e-03,1.844759e-03,1.124412e-02
