1.000000e+00,0.000000e+00,0.000000e+00,0.000000e+00,0.000000e+00,0.000000e+00,0.000000e+00,0.000000e+00,0.000000e+00,0.000000e+00,0.000000e+00,0.000000e+00,0.000000e+00,0.000000e+00,0.000000e+00
1.000000e+00,0.000000e+00,0.000000e+00,0.000000e+00,0.000000e+00,0.000000e+00,0.000000e+00,0.000000e+00,0.000000e+00,0.000000e+00,0.000000e+00,0.000000e+00,0.000000e+00,0.000000e+00,0.000000e+00
1.000000e+00,0.000000e+00,0.000000e+00,0.000000e+00,0.000000e+00,0.000000e+00,0.000000e+00,0.000000e+00,0.000000e+00,0.000000e+00,0.000000e+00,0.000000e+00,0.000000e+00,0.000000e+00,0.000000e+00
1.000000e+00,0.000000e+00,0.000000e+00,0.000000e+00,0.000000e+00,0.000000e+00,0.000000e+00,0.000000e+00,0.000000e+00,0.000000e+00,0.000000e+00,0.000000e+00,0.000000e+00,0.000000e+00,0.000000e+00
1.000000e+00,0.000000e+00,0.000000e+00,0.000000e+00,0.000000e+00,0.000000e+00,0.000000e+00,0.000000e+00,0.000000e+00,0.000000e+00,0.000000e+00,0.000000e+00,0.000000e+00,0.000000e+00,0.000000e+00
1.000000e+00,0.000000e+00,0.000000e+00,0.000000e+00,0.000000e+00,0.000000e+00,0.000000e+00,0.000000e+00,0.000000e+00,0.000000e+00,0.000000e+00,0.000000e+00,0.000000e+00,0.000000e+00,0.000000e+00
1.000000e+00,0.000000e+00,0.000000e+00,0.000000e+00,0.000000e+00,0.000000e+00,0.000000e+00,0.000000e+00,0.000000e+00,0.000000e+00,0.000000e+00,0.000000e+00,0.000000e+00,0.000000e+00,0.000000e+00
1.000000e+00,0.000000e+00,0.000000e+00,0.000000e+00,0.000000e+00,0.000000e+00,0.000000e+00,0.000000e+00,0.000000e+00,0.000000e+00,0.000000e+00,0.000000e+00,0.000000e+00,0.000000e+00,0.000000e+00
1.000000e+00,0.000000e+00,0.000000e+00,0.000000e+00,0.000000e+00,0.000000e+00,0.000000e+00,0.000000e+00,0.000000e+00,0.000000e+00,0.000000e+00,0.000000e+00,0.000000e+00,0.000000e+00,0.000000e+00
1.000000e+00,0.000000e+00,0.000000e+00,0.000000e+00,0.000000e+00,0.000000e+00,0.000000e+00,0.000000e+00,0.000000e+00,0.000000e+00,0.000000e+00,0.000000e+00,0.000000e+00,0.000000e+00,0.000000e+00
1.000000e+00,0.000000e+00,0.000000e+00,0.000000e+00,0.000000e+00,0.000000e+00,0.000000e+00,0.000000e+00,0.000000e+00,0.000000e+00,0.000000e+00,0.000000e+00,0.000000e+00,0.000000e+00,0.000000e+00
1.000000e+00,0.000000e+00,0.000000e+00,0.000000e+00,0.000000e+00,0.000000e+00,0.000000e+00,0.000000e+00,0.000000e+00,0.000000e+00,0.000000e+00,0.000000e+00,0.000000e+00,0.000000e+00,0.000000e+00
1.000000e+00,0.000000e+00,0.000000e+00,0.000000e+00,0.000000e+00,0.000000e+00,0.000000e+00,0.000000e+00,0.000000e+00,0.000000e+00,0.000000e+00,0.000000e+00,0.000000e+00,0.000000e+00,0.000000e+00
1.000000e+00,0.000000e+00,0.000000e+00,0.000000e+00,0.000000e+00,0.000000e+00,0.000000e+00,0.000000e+00,0.000000e+00,0.000000e+00,0.000000e+00,0.000000e+00,0.000000e+00,0.000000e+00,0.000000e+00
1.000000e+00,0.000000e+00,0.000000e+00,0.000000e+00,0.000000e+00,0.000000e+00,0.000000e+00,0.000000e+00,0.000000e+00,0.000000e+00,0.000000e+00,0.000000e+00,0.000000e+00,0.000000e+00,0.000000e+00
1.000000e+00,0.000000e+00,0.000000e+00,0.000000e+00,0.000000e+00,0.000000e+00,0.000000e+00,0.000000e+00,0.000000e+00,0.000000e+00,0.000000e+00,0.000000e+00,0.000000e+00,0.000000e+00,0.000000e+00
1.000000e+00,0.000000e+00,0.000000e+00,0.000000e+00,0.000000e+00,0.000000e+00,0.000000e+00,0.000000e+00,0.000000e+00,0.000000e+00,0.000000e+00,0.000000e+00,0.000000e+00,0.000000e+00,0.000000e+00
1.000000e+00,0.000000e+00,0.000000e+00,0.000000e+00,0.000000e+00,0.000000e+00,0.000000e+00,0.000000e+00,0.000000e+00,0.000000e+00,0.000000e+00,0.000000e+00,0.000000e+00,0.000000e+00,0.000000e+00
1.000000e+00,0.000000e+00,0.000000e+00,0.000000e+00,0.000000e+00,0.000000e+00,0.000000e+00,0.000000e+00,0.000000e+00,0.000000e+00,0.000000e+00,0.000000e+00,0.000000e+00,0.000000e+00,0.000000e+00
1.000000e+00,0.000000e+00,0.000000e+00,0.000000e+00,0.000000e+00,0.000000e+00,0.000000e+00,0.000000e+00,0.000000e+00,0.000000e+00,0.000000e+00,0.000000e+00,0.000000e+00,0.000000e+00,0.000000e+00
1.000000e+00,0.000000e+00,0.000000e+00,0.000000e+00,0.000000e+00,0.000000e+00,0.000000e+00,0.000000e+00,0.000000e+00,0.000000e+00,0.000000e+00,0.000000e+00,0.000000e+00,0.000000e+00,0.000000e+00
1.000000e+00,0.000000e+00,0.000000e+00,0.000000e+00,0.000000e+00,0.000000e+00,0.000000e+00,0.000000e+00,0.000000e+00,0.000000e+00,0.000000e+00,0.000000e+00,0.000000e+00,0.000000e+00,0.000000e+00
1.000000e+00,0.000000e+00,0.000000e+00,0.000000e+00,0.000000e+00,0.000000e+00,0.000000e+00,0.000000e+00,0.000000e+00,0.000000e+00,0.000000e+00,0.000000e+00,0.000000e+00,0.000000e+00,0.000000e+00
1.000000e+00,0.000000e+00,0.000000e+00,0.000000e+00,0.000000e+00,0.000000e+00,0.000000e+00,0.000000e+00,0.000000e+00,0.000000e+00,0.000000e+00,0.000000e+00,0.000000e+00,0.000000e+00,0.000000e+00
1.000000e+00,0.000000e+00,0.000000e+00,0.000000e+00,0.000000e+00,0.000000e+00,0.000000e+00,0.000000e+00,0.000000e+00,0.000000e+00,0.000000e+00,0.000000e+00,0.000000e+00,0.000000e+00,0.000000e+00
1.000000e+00,0.000000e+00,0.000000e+00,0.000000e+00,0.000000e+00,0.000000e+00,0.000000e+00,0.000000e+00,0.000000e+00,0.000000e+00,0.000000e+00,0.000000e+00,0.000000e+00,0.000000e+00,0.000000e+00
1.000000e+00,0.000000e+00,0.000000e+00,0.000000e+00,0.000000e+00,0.000000e+00,0.000000e+00,0.000000e+00,0.000000e+00,0.000000e+00,0.000000e+00,0.000000e+00,0.000000e+00,0.000000e+00,0.000000e+00
1.000000e+00,0.000000e+00,0.000000e+00,0.000000e+00,0.000000e+00,0.000000e+00,0.000000e+00,0.000000e+00,0.000000e+00,0.000000e+00,0.000000e+00,0.000000e+00,0.000000e+00,0.000000e+00,0.000000e+00
1.000000e+00,0.000000e+00,0.000000e+00,0.000000e+00,0.000000e+00,0.000000e+00,0.000000e+00,0.000000e+00,0.000000e+00,0.000000e+00,0.000000e+00,0.000000e+00,0.000000e+00,0.000000e+00,0.000000e+00
1.000000e+00,0.000000e+00,0.000000e+00,0.000000e+00,0.000000e+00,0.000000e+00,0.000000e+00,0.000000e+00,0.000000e+00,0.000000e+00,0.000000e+00,0.000000e+00,0.000000e+00,0.000000e+00,0.000000e+00
1.000000e+00,0.000000e+00,0.000000e+00,0.000000e+00,0.000000e+00,0.000000e+00,0.000000e+00,0.000000e+00,0.000000e+00,0.000000e+00,0.000000e+00,0.000000e+00,0.000000e+00,0.000000e+00,0.000000e+00
1.000000e+00,0.000000e+00,0.000000e+00,0.000000e+00,0.000000e+00,0.000000e+00,0.000000e+00,0.000000e+00,0.000000e+00,0.000000e+00,0.000000e+00,0.000000e+00,0.000000e+00,0.000000e+00,0.000000e+00
1.000000e+00,0.000000e+00,0.000000e+00,0.000000e+00,0.000000e+00,0.000000e+00,0.000000e+00,0.000000e+00,0.000000e+00,0.000000e+00,0.000000e+00,0.000000e+00,0.000000e+00,0.000000e+00,0.000000e+00
1.000000e+00,0.000000e+00,0.000000e+00,0.000000e+00,0.000000e+00,0.000000e+00,0.000000e+00,0.000000e+00,0.000000e+00,0.000000e+00,0.000000e+00,0.000000e+00,0.000000e+00,0.000000e+00,0.000000e+00
1.000000e+00,0.000000e+00,0.000000e+00,0.000000e+00,0.000000e+00,0.000000e+00,0.000000e+00,0.000000e+00,0.000000e+00,0.000000e+00,0.000000e+00,0.000000e+00,0.000000e+00,0.000000e+00,0.000000e+00
1.000000e+00,0.000000e+00,0.000000e+00,0.000000e+00,0.000000e+00,0.000000e+00,0.000000e+00,0.000000e+00,0.000000e+00,0.000000e+00,0.000000e+00,0.000000e+00,0.000000e+00,0.000000e+00,0.000000e+00
1.000000e+00,0.000000e+00,0.000000e+00,0.000000e+00,0.000000e+00,0.000000e+00,0.000000e+00,0.000000e+00,0.000000e+00,0.000000e+00,0.000000e+00,0.000000e+00,0.000000e+00,0.000000e+00,0.000000e+00
1.000000e+00,0.000000e+00,0.000000e+00,0.000000e+00,0.000000e+00,0.000000e+00,0.000000e+00,0.000000e+00,0.000000e+00,0.000000e+00,0.000000e+00,0.000000e+00,0.000000e+00,0.000000e+00,0.000000e+00
1.000000e+00,0.000000e+00,0.000000e+00,0.000000e+00,0.000000e+00,0.000000e+00,0.000000e+00,0.000000e+00,0.000000e+00,0.000000e+00,0.000000e+00,0.000000e+00,0.000000e+00,0.000000e+00,0.000000e+00
1.000000e+00,0.000000e+00,0.000000e+00,0.000000e+00,0.000000e+00,0.000000e+00,0.000000e+00,0.000000e+00,0.000000e+00,0.000000e+00,0.000000e+00,0.000000e+00,0.000000e+00,0.000000e+00,0.000000e+00
1.000000e+00,0.000000e+00,0.000000e+00,0.000000e+00,0.000000e+00,0.000000e+00,0.000000e+00,0.000000e+00,0.000000e+00,0.000000e+00,0.000000e+00,0.000000e+00,0.000000e+00,0.000000e+00,0.000000e+00
1.000000e+00,0.000000e+00,0.000000e+00,0.000000e+00,0.000000e+00,0.000000e+00,0.000000e+00,0.000000e+00,0.000000e+00,0.000000e+00,0.000000e+00,0.000000e+00,0.000000e+00,0.000000e+00,0.000000e+00
1.000000e+00,0.000000e+00,0.000000e+00,0.000000e+00,0.000000e+00,0.000000e+00,0.000000e+00,0.000000e+00,0.000000e+00,0.000000e+00,0.000000e+00,0.000000e+00,0.000000e+00,0.000000e+00,0.000000e+00
1.000000e+00,0.000000e+00,0.000000e+00,0.000000e+00,0.000000e+00,0.000000e+00,0.000000e+00,0.000000e+00,0.000000e+00,0.000000e+00,0.000000e+00,0.000000e+00,0.000000e+00,0.000000e+00,0.000000e+00
1.000000e+00,0.000000e+00,0.000000e+00,0.000000e+00,0.000000e+00,0.000000e+00,0.000000e+00,0.000000e+00,0.000000e+00,0.000000e+00,0.000000e+00,0.000000e+00,0.000000e+00,0.000000e+00,0.000000e+00
1.000000e+00,0.000000e+00,0.000000e+00,0.000000e+00,0.000000e+00,0.000000e+00,0.000000e+00,0.000000e+00,0.000000e+00,0.000000e+00,0.000000e+00,0.000000e+00,0.000000e+00,0.000000e+00,0.000000e+00
1.000000e+00,0.000000e+00,0.000000e+00,0.000000e+00,0.000000e+00,0.000000e+00,0.000000e+00,0.000000e+00,0.000000e+00,0.000000e+00,0.000000e+00,0.000000e+00,0.000000e+00,0.000000e+00,0.000000e+00
1.000000e+00,0.000000e+00,0.000000e+00,0.000000e+00,0.000000e+00,0.000000e+00,0.000000e+00,0.000000e+00,0.000000e+00,0.000000e+00,0.000000e+00,0.000000e+00,0.000000e+00,0.000000e+00,0.000000e+00
4.595433e-01,6.939495e-02,4.486739e-02,1.810305e-01,1.898345e-02,2.387467e-02,6.894505e-03,2.318154e-02,2.077417e-02,2.844204e-03,3.179663e-02,4.078792e-02,2.112086e-02,1.074368e-02,4.416218e-02
1.000000e+00,0.000000e+00,0.000000e+00,0.000000e+00,0.000000e+00,0.000000e+00,0.000000e+00,0.000000e+00,0.000000e+00,0.000000e+00,0.000000e+00,0.000000e+00,0.000000e+00,0.000000e+00,0.000000e+00
1.000000e+00,0.000000e+00,0.000000e+00,0.000000e+00,0.000000e+00,0.000000e+00,0.000000e+00,0.000000e+00,0.000000e+00,0.000000e+00,0.000000e+00,0.000000e+00,0.000000e+00,0.000000e+00,0.000000e+00
1.000000e+00,0.000000e+00,0.000000e+00,0.000000e+00,0.000000e+00,0.000000e+00,0.000000e+00,0.000000e+00,0.000000e+00,0.000000e+00,0.000000e+00,0.000000e+00,0.000000e+00,0.000000e+00,0.000000e+00
1.000000e+00,0.000000e+00,0.000000e+00,0.000000e+00,0.000000e+00,0.000000e+00,0.000000e+00,0.000000e+00,0.000000e+00,0.000000e+00,0.000000e+00,0.000000e+00,0.000000e+00,0.000000e+00,0.000000e+00
1.000000e+00,0.000000e+00,0.000000e+00,0.000000e+00,0.000000e+00,0.000000e+00,0.000000e+00,0.000000e+00,0.000000e+00,0.000000e+00,0.000000e+00,0.000000e+00,0.000000e+00,0.000000e+00,0.000000e+00
1.000000e+00,0.000000e+00,0.000000e+00,0.000000e+00,0.000000e+00,0.000000e+00,0.000000e+00,0.000000e+00,0.000000e+00,0.000000e+00,0.000000e+00,0.000000e+00,0.000000e+00,0.000000e+00,0.000000e+00
1.000000e+00,0.000000e+00,0.000000e+00,0.000000e+00,0.000000e+00,0.000000e+00,0.000000e+00,0.000000e+00,0.000000e+00,0.000000e+00,0.000000e+00,0.000000e+00,0.000000e+00,0.000000e+00,0.000000e+00
1.000000e+00,0.000000e+00,0.000000e+00,0.000000e+00,0.000000e+00,0.000000e+00,0.000000e+00,0.000000e+00,0.000000e+00,0.000000e+00,0.000000e+00,0.000000e+00,0.000000e+00,0.000000e+00,0.000000e+00
1.000000e+00,0.000000e+00,0.000000e+00,0.000000e+00,0.000000e+00,0.000000e+00,0.000000e+00,0.000000e+00,0.000000e+00,0.000000e+00,0.000000e+00,0.000000e+00,0.000000e+00,0.000000e+00,0.000000e+00
1.000000e+00,0.000000e+00,0.000000e+00,0.000000e+00,0.000000e+00,0.000000e+00,0.000000e+00,0.000000e+00,0.000000e+00,0.000000e+00,0.000000e+00,0.000000e+00,0.000000e+00,0.000000e+00,0.000000e+00
1.000000e+00,0.000000e+00,0.000000e+00,0.000000e+00,0.000000e+00,0.000000e+00,0.000000e+00,0.000000e+00,0.000000e+00,0.000000e+00,0.000000e+00,0.000000e+00,0.000000e+00,0.000000e+00,0.000000e+00
4.046293e-01,2.565494e-02,1.338207e-02,2.834159e-01,7.939770e-03,1.102600e-02,3.451218e-03,8.416832e-03,2.102486e-02,2.489347e-03,1.177387e-01,5.382589e-02,2.215092e-02,3.307387e-03,2.154688e-02
2.834739e-01,2.108151e-02,1.046687e-02,3.117800e-01,8.729069e-03,9.235586e-03,2.451683e-03,5.929774e-03,1.964678e-02,3.273003e-03,2.288560e-01,5.351158e-02,2.119351e-02,2.969150e-03,1.740151e-02
1.984865e-01,1.502202e-02,7.441577e-03,2.329669e-01,3.171503e-02,6.843063e-03,1.745291e-03,4.215020e-03,1.558180e-02,3.494312e-03,3.507749e-01,9.711586e-02,1.853340e-02,3.673519e-03,1.239086e-02
1.390661e-01,1.059689e-02,5.230662e-03,1.660573e-01,1.163342e-01,4.914940e-03,1.271536e-03,3.002135e-03,2.839370e-02,3.531205e-03,3.603917e-01,1.299101e-01,1.868675e-02,3.767313e-03,8.845481e-03
9.814084e-02,7.574727e-03,3.739146e-03,1.194043e-01,1.708302e-01,5.150085e-03,9.119221e-04,2.346534e-03,3.021131e-02,4.286459e-03,3.114130e-01,1.841286e-01,5.144575e-02,3.903427e-03,6.513712e-03
7.232515e-02,8.733356e-03,2.958320e-03,9.002841e-02,1.343357e-01,5.865005e-03,6.852823e-04,1.950620e-03,5.852110e-02,4.134605e-02,2.470976e-01,2.608970e-01,6.055697e-02,6.167459e-03,8.531967e-03
5.355872e-02,7.541627e-03,2.531873e-03,6.441990e-02,1.011268e-01,1.245054e-01,9.616613e-04,5.724003e-03,6.728238e-02,3.610650e-02,2.224247e-01,2.332356e-01,6.770088e-02,5.901434e-03,6.978412e-03
4.570659e-02,1.629403e-02,8.232220e-03,7.586031e-02,8.702435e-02,1.230549e-01,1.404321e-03,2.743676e-02,1.339596e-01,4.342866e-02,1.671335e-01,1.867810e-01,6.419756e-02,6.731064e-03,1.275511e-02
5.282386e-02,1.996822e-02,9.950425e-03,6.082215e-02,6.720755e-02,1.339003e-01,2.206874e-03,4.421763e-02,2.179804e-01,3.659296e-02,1.390189e-01,1.444505e-01,5.156383e-02,6.052538e-03,1.324383e-02
5.080091e-02,4.278887e-02,2.953245e-02,1.131158e-01,5.119661e-02,1.022029e-01,2.022366e-03,3.776454e-02,2.671645e-01,3.374138e-02,1.007066e-01,1.035273e-01,3.769916e-02,6.206646e-03,2.152998e-02
8.590093e-02,4.374062e-02,2.174717e-02,9.299809e-02,3.945870e-02,7.509486e-02,1.795220e-03,2.787259e-02,3.737252e-01,2.802865e-02,7.763949e-02,7.529714e-02,2.809451e-02,5.185264e-03,2.342159e-02
8.185443e-02,3.501482e-02,1.692872e-02,8.860984e-02,3.220242e-02,5.587653e-02,2.742073e-03,2.722885e-02,4.840355e-01,2.141499e-02,5.699113e-02,5.384622e-02,2.127826e-02,3.976869e-03,1.799937e-02
6.235477e-02,3.260176e-02,1.690963e-02,2.337496e-01,2.393099e-02,4.299915e-02,2.096717e-03,1.952895e-02,4.314491e-01,1.716146e-02,4.071429e-02,3.851438e-02,1.624210e-02,2.928328e-03,1.881879e-02
7.560635e-02,3.062230e-02,1.318913e-02,1.851331e-01,2.264393e-02,3.567531e-02,1.997928e-03,1.439780e-02,4.586845e-01,1.349363e-02,3.658464e-02,3.869969e-02,1.634353e-02,3.262426e-03,5.366571e-02
7.358563e-02,2.698791e-02,1.167656e-02,2.305674e-01,1.782825e-02,2.747362e-02,1.731505e-03,1.355983e-02,4.570155e-01,1.282390e-02,2.857043e-02,3.112265e-02,1.349305e-02,2.837115e-03,5.072664e-02
1.302283e-01,2.323566e-02,1.109525e-02,2.008411e-01,2.919809e-02,2.640321e-02,1.900085e-03,1.229103e-02,4.272377e-01,1.264687e-02,2.785154e-02,2.645584e-02,1.330348e-02,3.155974e-03,5.415588e-02
1.195221e-01,2.452898e-02,8.836413e-03,1.548356e-01,3.322953e-02,2.194368e-02,1.581587e-03,9.886261e-03,5.006537e-01,1.232611e-02,2.288022e-02,1.977658e-02,1.214986e-02,2.871340e-03,5.497792e-02
8.565727e-02,1.976847e-02,7.862365e-03,1.282326e-01,2.372187e-02,1.551038e-02,1.120439e-03,7.070511e-03,6.198858e-01,9.015838e-03,1.687947e-02,1.402563e-02,9.074295e-03,2.182233e-03,3.999276e-02
9.644827e-02,1.891842e-02,7.139733e-03,1.060161e-01,2.202297e-02,1.237158e-02,1.061996e-03,6.792271e-03,6.087376e-01,7.768017e-03,2.426874e-02,1.074478e-02,1.412941e-02,4.319727e-03,5.926035e-02
1.906969e-01,2.146418e-02,1.544942e-02,9.418742e-02,2.551421e-02,1.710959e-02,1.804268e-03,9.179264e-03,4.584437e-01,7.584562e-03,3.708854e-02,1.033558e-02,1.976111e-02,7.202283e-03,8.417900e-02
1.985908e-01,2.153215e-02,1.055664e-01,1.131285e-01,2.546906e-02,1.984777e-02,1.917904e-03,1.338770e-02,3.420188e-01,6.968609e-03,3.258188e-02,8.440142e-03,2.018490e-02,7.675188e-03,8.269024e-02
1.728567e-01,2.238397e-02,9.010424e-02,8.499765e-02,2.463793e-02,1.779133e-02,1.826772e-03,1.158442e-02,3.529367e-01,1.253965e-02,3.341091e-02,6.133570e-03,1.559714e-02,9.370271e-03,1.438288e-01
1.214003e-01,2.122427e-02,1.125706e-01,7.146879e-02,1.829003e-02,1.276991e-02,1.396967e-03,8.237087e-03,4.138114e-01,1.825716e-02,2.381129e-02,4.504156e-03,1.128633e-02,7.339471e-03,1.536323e-01
9.079958e-02,2.462454e-02,1.458398e-01,9.116445e-02,1.715866e-02,1.026842e-02,1.313735e-03,6.569493e-03,3.548440e-01,3.164784e-02,2.214355e-02,3.717821e-03,1.064640e-02,7.648989e-03,1.816128e-01
1.701697e-01,4.575305e-02,1.259672e-01,9.441063e-02,1.987122e-02,1.393216e-02,1.776235e-03,7.748996e-03,2.634168e-01,2.936582e-02,2.528443e-02,6.587247e-03,1.061751e-02,1.186298e-02,1.732361e-01
1.843105e-01,4.659281e-02,1.493966e-01,9.877242e-02,3.111024e-02,2.002379e-02,1.113358e-02,1.352864e-02,1.953145e-01,4.133250e-02,2.591923e-02,8.376589e-03,1.451626e-02,1.038546e-02,1.492870e-01
1.719779e-01,4.973023e-02,1.674197e-01,9.244752e-02,3.118879e-02,1.898062e-02,2.106217e-02,1.253197e-02,1.677042e-01,7.363252e-02,2.420097e-02,1.086675e-02,1.817672e-02,8.927308e-03,1.311526e-01
1.757708e-01,5.387512e-02,1.298708e-01,7.566174e-02,2.688139e-02,2.134998e-02,1.970935e-02,1.091461e-02,1.526704e-01,6.784412e-02,3.319110e-02,1.812719e-02,5.406230e-02,1.202646e-02,1.480445e-01
2.412969e-01,5.493601e-02,1.003281e-01,6.355961e-02,2.200758e-02,2.172188e-02,1.796917e-02,8.844919e-03,1.153861e-01,5.605055e-02,2.722690e-02,1.959887e-02,5.504050e-02,1.535642e-02,1.806765e-01
1.790304e-01,4.624212e-02,9.018536e-02,4.612880e-02,1.585658e-02,1.796648e-02,1.367395e-02,6.419469e-03,9.636147e-02,1.659403e-01,2.095309e-02,1.483705e-02,4.194812e-02,2.434553e-02,2.201113e-01
1.402887e-01,4.389720e-02,7.543167e-02,4.415853e-02,1.516769e-02,2.384225e-02,1.286488e-02,7.272982e-03,8.329189e-02,1.612713e-01,3.660627e-02,1.503753e-02,5.063029e-02,3.913544e-02,2.511034e-01
1.001160e-01,3.578487e-02,5.480981e-02,3.207093e-02,1.139194e-02,1.923422e-02,9.669334e-03,5.411562e-03,6.641668e-02,1.330412e-01,3.543627e-02,1.154238e-02,4.077430e-02,6.314451e-02,3.811560e-01
7.251299e-02,2.972525e-02,3.926848e-02,2.268814e-02,1.831763e-02,1.460871e-02,7.389332e-03,4.030526e-03,5.881872e-02,9.476443e-02,3.991881e-02,9.213600e-03,3.863742e-02,1.506133e-01,3.994927e-01
7.191952e-02,2.538198e-02,2.801662e-02,1.610773e-02,1.716723e-02,1.198684e-02,5.484409e-03,2.970634e-03,5.260660e-02,6.749482e-02,4.594822e-02,7.049402e-03,3.195912e-02,2.228165e-01,3.930903e-01
5.399803e-02,1.889005e-02,2.031945e-02,1.133275e-02,1.223693e-02,9.949286e-03,3.927915e-03,2.118783e-03,3.972863e-02,5.390575e-02,3.717848e-02,5.139997e-03,2.298461e-02,3.585050e-01,3.497843e-01
5.555233e-02,1.461430e-02,1.490915e-02,8.469139e-03,1.031459e-02,1.069277e-02,3.136833e-03,1.729978e-03,5.024829e-02,9.917998e-02,3.695114e-02,7.056085e-03,2.187193e-02,3.545596e-01,3.107139e-01
7.428937e-02,1.309445e-02,1.305164e-02,7.011486e-03,1.071425e-02,1.316470e-02,3.411308e-03,2.612921e-03,9.604271e-02,8.783191e-02,5.306227e-02,6.352128e-03,1.847506e-02,3.446298e-01,2.562560e-01
6.354456e-02,1.242014e-02,1.173235e-02,5.263585e-03,1.089561e-02,1.163211e-02,2.661966e-03,2.008380e-03,1.437537e-01,7.766481e-02,4.862440e-02,5.120719e-03,1.387492e-02,3.393154e-01,2.514873e-01
7.795650e-02,1.281564e-02,1.336495e-02,3.878217e-03,1.429181e-02,1.000731e-02,2.143996e-03,1.570093e-03,1.728697e-01,6.727402e-02,4.470187e-02,3.865749e-03,1.045344e-02,3.041287e-01,2.606779e-01
7.408816e-02,1.109835e-02,1.637518e-02,2.819446e-03,1.177336e-02,7.987062e-03,1.616156e-03,1.243055e-03,2.062747e-01,7.166687e-02,3.471899e-02,2.784697e-03,7.606799e-03,3.035773e-01,2.463699e-01
6.233616e-02,9.750800e-03,1.442322e-02,2.050784e-03,9.562636e-03,7.570975e-03,1.189580e-03,1.551595e-03,2.746857e-01,7.146819e-02,2.618933e-02,2.212521e-03,5.675400e-03,2.922116e-01,2.191214e-01
6.070178e-02,1.060574e-02,2.162600e-02,2.353862e-03,9.617509e-03,7.668066e-03,9.459661e-04,4.484458e-03,3.184513e-01,6.104142e-02,2.124278e-02,2.269973e-03,5.190413e-03,2.696342e-01,2.041666e-01
5.029317e-02,1.719621e-02,4.650901e-02,2.567188e-03,1.780021e-02,6.746497e-03,7.038746e-04,4.589423e-03,3.505866e-01,5.598873e-02,1.958057e-02,2.188795e-03,4.474564e-03,2.209817e-01,1.997935e-01
4.982717e-02,1.695365e-02,4.456206e-02,2.130009e-03,2.764318e-02,5.992327e-03,5.471234e-04,5.599686e-03,4.121862e-01,4.658338e-02,1.647301e-02,1.941204e-03,3.812400e-03,1.928162e-01,1.729324e-01
4.967016e-02,2.825197e-02,4.170274e-02,2.303430e-03,4.333647e-02,5.504408e-03,4.845208e-04,2.192293e-02,4.160476e-01,4.295053e-02,1.414227e-02,1.917636e-03,3.722956e-03,1.775472e-01,1.504952e-01
5.642644e-02,2.644830e-02,1.018248e-01,2.648611e-02,5.774949e-02,5.458900e-03,5.506535e-04,4.333134e-02,3.826402e-01,3.634321e-02,1.160233e-02,2.061380e-03,3.308143e-03,1.328413e-01,1.129274e-01
5.326876e-02,3.480910e-02,7.401250e-02,2.708472e-02,4.177305e-02,3.065170e-02,1.354214e-03,3.264120e-02,2.849509e-01,2.920168e-02,8.789245e-03,1.943543e-03,1.975019e-01,9.394735e-02,8.807009e-02
5.065532e-02,4.902180e-02,5.810506e-02,2.659309e-02,3.342475e-02,4.058912e-02,1.551546e-03,2.553403e-02,2.712981e-01,2.438907e-02,8.878270e-03,5.646615e-03,2.600527e-01,6.738581e-02,7.687474e-02
4.247484e-02,5.138976e-02,4.546021e-02,3.725237e-02,2.628602e-02,4.495759e-02,1.399892e-03,1.883157e-02,2.766757e-01,2.035330e-02,9.303184e-03,5.756844e-03,2.979296e-01,4.774273e-02,7.418636e-02
7.198260e-02,4.203948e-02,3.922028e-02,4.480395e-02,4.637748e-02,1.005820e-01,2.295915e-03,1.966025e-02,2.718590e-01,1.513517e-02,8.795834e-03,6.727608e-03,2.399747e-01,3.492836e-02,5.561737e-02
9.685731e-02,3.368824e-02,3.104592e-02,6.933157e-02,3.649939e-02,1.114993e-01,3.782855e-03,3.382206e-02,2.696646e-01,1.324835e-02,1.004235e-02,5.482802e-03,2.147617e-01,2.521095e-02,4.506256e-02
6.939594e-02,2.941182e-02,2.248663e-02,6.317672e-02,2.858084e-02,1.761472e-01,3.681113e-03,2.392767e-02,2.002538e-01,1.005238e-02,9.056381e-03,4.199147e-03,3.078668e-01,1.767878e-02,3.408483e-02
5.175417e-02,2.352093e-02,1.588623e-02,4.580137e-02,2.073618e-02,1.267876e-01,2.960555e-03,1.681147e-02,1.486388e-01,7.679549e-03,8.987107e-03,4.202474e-03,4.842041e-01,1.254149e-02,2.948788e-02
7.850882e-02,2.108615e-02,1.265999e-02,3.901061e-02,2.334976e-02,1.320263e-01,4.343294e-03,1.291845e-02,1.202106e-01,7.175811e-03,1.934164e-02,1.504163e-02,4.721304e-01,9.570486e-03,3.262605e-02
6.053087e-02,1.591528e-02,9.595362e-03,3.100221e-02,2.114209e-02,1.416897e-01,6.111130e-03,9.571711e-03,8.643927e-02,5.777102e-03,3.068797e-02,7.867514e-02,4.641798e-01,9.252979e-03,2.942939e-02
4.708338e-02,1.165577e-02,7.083917e-03,2.257351e-02,1.585072e-02,1.108719e-01,4.905584e-03,7.453891e-03,6.210778e-02,6.931143e-03,2.978234e-02,2.541437e-01,3.872034e-01,9.635213e-03,2.271773e-02
3.737129e-02,9.906868e-03,6.651535e-03,1.772960e-02,1.522520e-02,8.637315e-02,4.119005e-03,6.047354e-03,4.890946e-02,9.564691e-03,4.324208e-02,3.794975e-01,3.042850e-01,1.194372e-02,1.913351e-02
2.993279e-02,7.394180e-03,5.833271e-03,1.341354e-02,1.614055e-02,6.477331e-02,3.585624e-03,4.801488e-03,3.910362e-02,1.084621e-02,4.939238e-02,5.083987e-01,2.182729e-01,1.337169e-02,1.473983e-02
2.184768e-02,6.048727e-03,4.613386e-03,1.035159e-02,1.349151e-02,4.694999e-02,2.914461e-03,4.375706e-03,3.548429e-02,9.747270e-03,6.512556e-02,5.754117e-01,1.604900e-01,3.220057e-02,1.094761e-02
1.541937e-02,2.900447e-02,1.733224e-02,7.472971e-03,1.126186e-02,3.325133e-02,2.105156e-03,3.315311e-03,4.845666e-02,1.257558e-02,7.120489e-02,5.940711e-01,1.177411e-01,2.789608e-02,8.891910e-03
1.169082e-02,2.091257e-02,1.252250e-02,6.043172e-03,8.757371e-03,2.374137e-02,1.520292e-03,2.677473e-03,4.414056e-02,1.127227e-02,1.526081e-01,5.705151e-01,8.627401e-02,4.007111e-02,7.253262e-03
8.533439e-03,1.610636e-02,9.224848e-03,4.757269e-03,7.196706e-03,1.685718e-02,1.122336e-03,2.219587e-03,4.453057e-02,1.053955e-02,1.821122e-01,5.889640e-01,6.375515e-02,3.844865e-02,5.632126e-03
8.275516e-03,1.397274e-02,7.550237e-03,4.684391e-03,1.110307e-02,1.239228e-02,9.565013e-04,2.410946e-03,5.155288e-02,9.694051e-03,2.176873e-01,5.655751e-01,4.792014e-02,4.135342e-02,4.871404e-03
7.985711e-03,1.244121e-02,6.187839e-03,4.355925e-03,1.052476e-02,9.999538e-03,7.224424e-04,1.993248e-03,7.667091e-02,1.018816e-02,2.145785e-01,5.583012e-01,3.635661e-02,4.566817e-02,4.025775e-03
1.467977e-02,1.410789e-02,6.499195e-03,4.010008e-03,8.649320e-03,9.464443e-03,6.831155e-04,2.806544e-03,1.453120e-01,8.372111e-03,2.053242e-01,4.942142e-01,2.780703e-02,5.492834e-02,3.141892e-03
3.311276e-02,1.231240e-02,7.915860e-03,4.512270e-03,9.050351e-03,3.001424e-02,2.038190e-03,8.850461e-03,1.727725e-01,7.235033e-03,2.297699e-01,4.069330e-01,2.106276e-02,5.171529e-02,2.704990e-03
3.226610e-02,1.704222e-02,2.326608e-02,7.430860e-03,7.983997e-03,2.981929e-02,1.691644e-03,1.310173e-02,3.276153e-01,6.411205e-03,1.766419e-01,2.963129e-01,1.545737e-02,4.260466e-02,2.354750e-03
2.759399e-02,2.157401e-02,2.104007e-02,6.195191e-03,6.185710e-03,2.427566e-02,1.244140e-03,1.249586e-02,4.613725e-01,5.151732e-03,1.415592e-01,2.121207e-01,1.121446e-02,4.605914e-02,1.917726e-03
2.244349e-02,2.311902e-02,1.677178e-02,4.717133e-03,4.773687e-03,1.898125e-02,8.861962e-04,9.647220e-03,5.575741e-01,4.377328e-03,1.264106e-01,1.516694e-01,7.975264e-03,4.883130e-02,1.822323e-03
2.642405e-02,3.062890e-02,1.411823e-02,4.307960e-03,3.895583e-03,1.903900e-02,6.786654e-04,7.898466e-03,5.436706e-01,4.430083e-03,1.423928e-01,1.099060e-01,6.049299e-03,8.365399e-02,2.906455e-03
3.242430e-02,2.989392e-02,6.302325e-02,1.019627e-02,4.427449e-03,4.441775e-02,7.986402e-04,1.817279e-02,5.030462e-01,4.794878e-03,1.156597e-01,7.811880e-02,5.712184e-03,8.421926e-02,5.094680e-03
3.932273e-02,3.199109e-02,6.277460e-02,2.530183e-02,9.120903e-03,4.371601e-02,6.686447e-04,1.564418e-02,4.827349e-01,6.349528e-03,9.551596e-02,5.721444e-02,6.038592e-03,1.093716e-01,1.423497e-02
4.454201e-02,7.157183e-02,6.541945e-02,1.948360e-02,1.097035e-02,5.346387e-02,6.114208e-04,1.305734e-02,4.022720e-01,6.992500e-03,8.390264e-02,4.087092e-02,4.897784e-03,1.554523e-01,2.649197e-02
4.758527e-02,9.234096e-02,6.362440e-02,1.881317e-02,1.172406e-02,5.849549e-02,4.662116e-04,1.021386e-02,4.064134e-01,8.777848e-03,6.555064e-02,2.905886e-02,3.899109e-03,1.320703e-01,5.096639e-02
7.279909e-02,9.166884e-02,6.622685e-02,1.930855e-02,1.884011e-02,5.422507e-02,5.000294e-04,1.495091e-02,4.031797e-01,1.064827e-02,6.439365e-02,2.201279e-02,3.490889e-03,1.123389e-01,4.541638e-02
8.396679e-02,7.544504e-02,6.325121e-02,5.639721e-02,1.913404e-02,4.429918e-02,5.164021e-04,3.399779e-02,4.003393e-01,9.628989e-03,5.918845e-02,2.488405e-02,6.442738e-03,8.447105e-02,3.803771e-02
7.858381e-02,6.495582e-02,4.629132e-02,5.963327e-02,1.595229e-02,5.878966e-02,5.460859e-04,2.708753e-02,3.549502e-01,7.241209e-03,8.506607e-02,7.502050e-02,2.974118e-02,6.072456e-02,3.541649e-02
9.533787e-02,6.663227e-02,3.584397e-02,4.879829e-02,1.793192e-02,8.339269e-02,6.685525e-04,2.184757e-02,2.881243e-01,7.847271e-03,1.221343e-01,9.113634e-02,4.023794e-02,4.919324e-02,3.087353e-02
1.243002e-01,7.541159e-02,2.835203e-02,4.065724e-02,1.485495e-02,1.158077e-01,6.458716e-04,1.671855e-02,2.471630e-01,7.353195e-03,1.409914e-01,7.505902e-02,4.150732e-02,4.634559e-02,2.483238e-02
1.737319e-01,8.078239e-02,2.205827e-02,3.304200e-02,1.234663e-02,1.145901e-01,9.142037e-04,1.432469e-02,2.075852e-01,8.615867e-03,1.649659e-01,6.302758e-02,3.539698e-02,4.817609e-02,2.044226e-02
2.265950e-01,8.091622e-02,1.864424e-02,2.522853e-02,1.198162e-02,1.279675e-01,1.342256e-03,1.541869e-02,1.688278e-01,9.023470e-03,1.658982e-01,4.894482e-02,2.799422e-02,5.071042e-02,2.050692e-02
2.496234e-01,6.932434e-02,1.894585e-02,1.979266e-02,1.223830e-02,1.383533e-01,3.456664e-03,4.136486e-02,1.379681e-01,1.905794e-02,1.486567e-01,4.158680e-02,2.716573e-02,4.988128e-02,2.258419e-02
3.102494e-01,6.887565e-02,1.989414e-02,1.896667e-02,1.404404e-02,1.166743e-01,4.367269e-03,4.371871e-02,1.333694e-01,1.645433e-02,1.261683e-01,3.483837e-02,2.176194e-02,4.761321e-02,2.300433e-02
3.340307e-01,9.813018e-02,2.225170e-02,2.049005e-02,1.793590e-02,9.501750e-02,4.149671e-03,4.243543e-02,1.171760e-01,1.932783e-02,1.173538e-01,2.885628e-02,1.948651e-02,4.212503e-02,2.123345e-02
3.377536e-01,1.078640e-01,2.476611e-02,2.484652e-02,2.214468e-02,8.957426e-02,3.596435e-03,3.551242e-02,9.956533e-02,2.162150e-02,1.261085e-01,2.432088e-02,1.886004e-02,3.773073e-02,2.573493e-02
3.220328e-01,9.604663e-02,2.846697e-02,2.448552e-02,2.760864e-02,1.193098e-01,3.491580e-03,3.214848e-02,8.189358e-02,2.272432e-02,1.383775e-01,2.355900e-02,2.004051e-02,3.519654e-02,2.461819e-02
2.935321e-01,7.541133e-02,2.839820e-02,2.525326e-02,2.551152e-02,2.109575e-01,3.220065e-03,3.124439e-02,6.468821e-02,2.245626e-02,1.243865e-01,2.154970e-02,1.837599e-02,2.993847e-02,2.507652e-02
3.835091e-01,6.410602e-02,2.434966e-02,2.880174e-02,3.010299e-02,1.693701e-01,3.175704e-03,2.696464e-02,5.326512e-02,1.988053e-02,1.031938e-01,2.325631e-02,1.673143e-02,2.498943e-02,2.830348e-02
4.406438e-01,5.596401e-02,2.203045e-02,3.442283e-02,2.998926e-02,1.422669e-01,2.957070e-03,2.119607e-02,4.279196e-02,1.910870e-02,9.281998e-02,2.935371e-02,1.570536e-02,1.963589e-02,3.111396e-02
1.000000e+00,0.000000e+00,0.000000e+00,0.000000e+00,0.000000e+00,0.000000e+00,0.000000e+00,0.000000e+00,0.000000e+00,0.000000e+00,0.000000e+00,0.000000e+00,0.000000e+00,0.000000e+00,0.000000e+00
1.000000e+00,0.000000e+00,0.000000e+00,0.000000e+00,0.000000e+00,0.000000e+00,0.000000e+00,0.000000e+00,0.000000e+00,0.000000e+00,0.000000e+00,0.000000e+00,0.000000e+00,0.000000e+00,0.000000e+00
4.594892e-01,2.306070e-02,1.084427e-02,1.519546e-02,1.277447e-02,9.329222e-02,2.015706e-03,8.928767e-03,2.709143e-02,1.105280e-02,2.285633e-01,4.495964e-02,6.907136e-03,3.255221e-02,2.327267e-02
3.555809e-01,1.678801e-02,8.282266e-03,1.099282e-02,9.568821e-03,7.231695e-02,1.686548e-03,7.357044e-03,3.720941e-02,8.090895e-03,3.552343e-01,5.347094e-02,5.488910e-03,4.038169e-02,1.755055e-02
2.771830e-01,1.272176e-02,6.416785e-03,8.088795e-03,7.679982e-03,5.691598e-02,1.447133e-03,6.271325e-03,6.643692e-02,6.006703e-03,4.444147e-01,4.781539e-02,4.605933e-03,4.045944e-02,1.353616e-02
2.178756e-01,1.107713e-02,7.128144e-03,6.471534e-03,6.276279e-03,4.897196e-02,1.401528e-03,7.327862e-03,7.754846e-02,5.175466e-03,4.949060e-01,5.676171e-02,4.008699e-03,4.486823e-02,1.020133e-02
1.620109e-01,3.940895e-02,9.267332e-03,6.268657e-03,9.093637e-03,4.706267e-02,1.224333e-03,8.283222e-03,9.897879e-02,5.928214e-03,4.794126e-01,5.291946e-02,3.228112e-03,6.742937e-02,9.483763e-03
1.243949e-01,4.657161e-02,9.949443e-03,4.938759e-03,8.925105e-03,3.723743e-02,9.999686e-04,1.120729e-02,9.929992e-02,5.014835e-03,4.840418e-01,4.214211e-02,2.714691e-03,1.151442e-01,7.417907e-03
9.346748e-02,4.700844e-02,8.583806e-03,3.897495e-03,7.368652e-03,2.799796e-02,7.381648e-04,9.716494e-03,1.469644e-01,3.951342e-03,4.657099e-01,3.263101e-02,2.050494e-03,1.443543e-01,5.559961e-03
7.303410e-02,5.386829e-02,2.165874e-02,1.906250e-02,1.834969e-02,2.282058e-02,6.194557e-04,1.479098e-02,2.342983e-01,7.062330e-03,3.707417e-01,2.532470e-02,1.778754e-03,1.302104e-01,6.379364e-03
6.149614e-02,6.157309e-02,2.446840e-02,1.593206e-02,1.836038e-02,1.914226e-02,4.782904e-04,1.202588e-02,2.814740e-01,2.333900e-02,3.156265e-01,1.933842e-02,1.672016e-03,1.315255e-01,1.354802e-02
8.216795e-02,5.140759e-02,2.922909e-02,1.647772e-02,1.666179e-02,1.497538e-02,4.017560e-04,1.407910e-02,3.119313e-01,4.118838e-02,2.614466e-01,1.543995e-02,2.093513e-03,1.260145e-01,1.648536e-02
1.299416e-01,4.017887e-02,2.398879e-02,1.653013e-02,1.850130e-02,1.268877e-02,4.499174e-04,1.601699e-02,3.226005e-01,3.349251e-02,2.351759e-01,1.521157e-02,3.756060e-03,1.170554e-01,1.441162e-02
1.978346e-01,3.506086e-02,1.871683e-02,1.963303e-02,1.773162e-02,1.255907e-02,9.177496e-04,4.215800e-02,2.781875e-01,2.888747e-02,2.035306e-01,1.505865e-02,5.410072e-03,1.006282e-01,2.368563e-02
1.826924e-01,3.888630e-02,2.904362e-02,7.684796e-02,1.832092e-02,1.292907e-02,9.366205e-04,3.939820e-02,2.589966e-01,3.238176e-02,1.460345e-01,1.247144e-02,6.256142e-03,8.038420e-02,6.442016e-02
2.026773e-01,5.313859e-02,3.882007e-02,6.841069e-02,2.083040e-02,1.381752e-02,1.060999e-03,3.505071e-02,2.419192e-01,2.587038e-02,1.075316e-01,1.366185e-02,8.324093e-03,9.141314e-02,7.747354e-02
2.156548e-01,7.044648e-02,3.725377e-02,5.446415e-02,2.511197e-02,1.909929e-02,1.052602e-03,3.712662e-02,2.553013e-01,1.986977e-02,7.994082e-02,1.231283e-02,8.137850e-03,9.519001e-02,6.903777e-02
1.930159e-01,5.654331e-02,8.060320e-02,8.561867e-02,2.969445e-02,1.893727e-02,1.008893e-03,5.717929e-02,2.496142e-01,1.868598e-02,5.893352e-02,1.023376e-02,6.700794e-03,7.434034e-02,5.889037e-02
2.201617e-01,5.231766e-02,7.386888e-02,7.568696e-02,6.816977e-02,4.099322e-02,1.375855e-03,5.171411e-02,2.388504e-01,1.513211e-02,4.295840e-02,9.498066e-03,6.235609e-03,5.711452e-02,4.592273e-02
2.117055e-01,5.659554e-02,1.304529e-01,9.841669e-02,5.652887e-02,4.559620e-02,1.156311e-03,4.383045e-02,1.954948e-01,1.366391e-02,3.204504e-02,7.746153e-03,5.091935e-03,4.707462e-02,5.460094e-02
1.572874e-01,8.612247e-02,1.070113e-01,1.395041e-01,4.990023e-02,3.270317e-02,9.135125e-04,3.321167e-02,1.803733e-01,1.196513e-02,2.458311e-02,8.842972e-03,6.965310e-03,3.339320e-02,1.272231e-01
1.605722e-01,7.480646e-02,1.106461e-01,2.475872e-01,4.261348e-02,2.525692e-02,9.861226e-04,2.495959e-02,1.364073e-01,1.001140e-02,1.870423e-02,7.812450e-03,5.625302e-03,2.374885e-02,1.102623e-01
1.493650e-01,5.859219e-02,9.862721e-02,2.820376e-01,4.972292e-02,2.141464e-02,1.047838e-03,9.743274e-02,1.056235e-01,8.068831e-03,1.612741e-02,6.120889e-03,4.577350e-03,1.693539e-02,8.430651e-02
1.383197e-01,6.107351e-02,1.063260e-01,2.633611e-01,4.921368e-02,1.703299e-02,1.319297e-03,1.598631e-01,9.555145e-02,1.034165e-02,1.335108e-02,4.965545e-03,3.674686e-03,1.209551e-02,6.351063e-02
1.258395e-01,9.405591e-02,1.163943e-01,2.151814e-01,4.162170e-02,1.331021e-02,1.368645e-03,2.091667e-01,9.354362e-02,1.324583e-02,1.157679e-02,3.751449e-03,3.152901e-03,8.933479e-03,4.885758e-02
1.007110e-01,6.938367e-02,8.730648e-02,1.558314e-01,3.226370e-02,9.521179e-03,1.020664e-03,4.112061e-01,6.747468e-02,9.370228e-03,9.420831e-03,2.692846e-03,2.425020e-03,6.340387e-03,3.503183e-02
7.400087e-02,4.879810e-02,6.172362e-02,1.096677e-01,2.464369e-02,6.783268e-03,7.563963e-04,5.802491e-01,4.740088e-02,6.587043e-03,6.749589e-03,1.908839e-03,1.731209e-03,4.450916e-03,2.454878e-02
5.506115e-02,3.440553e-02,4.358568e-02,7.700218e-02,1.867654e-02,5.498797e-03,5.871852e-04,6.982719e-01,3.338056e-02,4.647149e-03,4.998463e-03,1.433559e-03,1.951283e-03,3.170750e-03,1.732931e-02
5.331836e-02,2.467241e-02,3.109451e-02,5.428954e-02,1.420536e-02,5.606989e-03,5.030638e-04,7.605873e-01,2.443698e-02,3.455720e-03,5.254406e-03,1.729764e-03,5.133963e-03,2.757800e-03,1.295376e-02
7.375781e-02,1.841056e-02,2.292018e-02,3.843718e-02,1.244103e-02,4.862980e-03,5.356346e-04,7.442712e-01,1.970911e-02,2.916370e-03,1.729302e-02,5.197752e-03,2.044360e-02,5.012671e-03,1.379083e-02
9.022254e-02,1.348877e-02,1.647097e-02,2.922586e-02,1.085870e-02,4.598371e-03,5.086834e-04,6.176947e-01,2.209153e-02,3.939418e-03,4.349064e-02,1.861031e-02,1.093720e-01,6.569283e-03,1.285822e-02
6.577454e-02,9.950564e-03,1.707557e-02,3.032640e-02,7.929662e-03,3.588816e-03,7.132840e-04,4.688654e-01,3.814789e-02,7.400680e-03,6.296561e-02,1.647024e-02,2.382334e-01,8.952575e-03,2.360528e-02
5.569263e-02,8.114503e-03,1.328635e-02,2.649764e-02,6.878727e-03,3.514350e-03,2.280562e-03,3.581987e-01,3.427480e-02,1.164939e-02,1.016960e-01,2.429442e-02,3.098385e-01,1.871095e-02,2.507239e-02
5.360596e-02,7.938857e-03,1.282441e-02,2.665726e-02,5.940519e-03,7.401433e-03,3.973909e-03,2.627972e-01,2.701250e-02,9.264254e-03,1.619716e-01,4.025362e-02,3.006910e-01,5.395862e-02,2.570882e-02
4.203847e-02,7.682940e-03,1.203638e-02,2.561939e-02,5.642726e-03,1.131253e-02,3.643068e-03,1.888155e-01,2.586967e-02,1.266428e-02,1.993752e-01,7.761978e-02,2.756603e-01,8.166237e-02,3.035741e-02
4.041130e-02,6.424312e-03,9.760592e-03,2.083228e-02,5.175911e-03,4.671957e-02,2.988429e-03,1.368161e-01,2.229837e-02,1.721376e-02,1.894371e-01,1.725134e-01,2.221553e-01,7.728411e-02,2.996943e-02
4.573989e-02,6.089889e-03,8.887760e-03,1.595999e-02,9.529389e-03,4.135950e-02,2.740555e-03,1.005400e-01,2.145114e-02,2.824240e-02,2.106415e-01,2.009674e-01,1.683134e-01,1.138248e-01,2.571239e-02
5.613285e-02,6.164535e-03,8.114447e-03,1.290446e-02,1.032591e-02,3.609157e-02,2.531015e-03,7.458095e-02,2.515553e-02,2.967961e-02,2.199248e-01,2.215284e-01,1.293018e-01,1.477571e-01,1.980706e-02
4.242812e-02,1.463933e-02,1.689466e-02,1.174984e-02,1.145601e-02,2.686515e-02,2.081766e-03,5.328156e-02,1.056978e-01,2.694524e-02,1.834016e-01,1.944400e-01,9.364244e-02,2.009307e-01,1.554583e-02
4.804263e-02,4.415361e-02,4.696187e-02,1.459583e-02,2.087302e-02,2.260759e-02,1.629888e-03,3.926266e-02,1.574262e-01,2.440906e-02,1.647679e-01,1.443773e-01,6.659579e-02,1.909766e-01,1.332013e-02
4.422233e-02,4.896114e-02,3.682306e-02,1.302007e-02,4.533226e-02,1.897166e-02,1.241782e-03,2.857856e-02,2.740230e-01,1.966736e-02,1.221742e-01,1.028382e-01,4.750155e-02,1.843798e-01,1.226503e-02
3.976171e-02,3.840258e-02,4.465023e-02,2.949169e-02,4.240604e-02,1.731287e-02,9.306178e-04,2.205130e-02,3.873854e-01,1.776258e-02,9.282025e-02,7.334138e-02,3.463523e-02,1.455812e-01,1.346694e-02
3.328533e-02,3.804362e-02,3.719896e-02,2.329160e-02,3.101065e-02,2.512589e-02,6.867428e-04,1.556569e-02,4.378794e-01,2.174377e-02,8.865368e-02,5.559990e-02,2.689683e-02,1.320060e-01,3.301198e-02
3.139820e-02,5.125353e-02,4.031846e-02,2.869759e-02,2.570886e-02,5.417633e-02,5.729544e-04,1.119074e-02,4.463057e-01,2.338490e-02,7.895818e-02,4.026514e-02,1.979283e-02,1.041719e-01,4.380465e-02
2.866077e-02,4.992564e-02,4.666509e-02,3.892211e-02,2.092654e-02,4.728695e-02,4.676417e-04,8.359549e-03,4.889011e-01,2.324253e-02,6.898034e-02,2.945864e-02,1.528633e-02,8.529082e-02,4.762587e-02
2.916788e-02,7.743701e-02,5.806153e-02,3.463555e-02,1.882141e-02,6.352240e-02,5.054899e-04,7.376121e-03,4.635302e-01,2.230810e-02,6.695262e-02,2.151684e-02,1.408176e-02,7.680313e-02,4.527987e-02
3.920599e-02,9.850863e-02,4.673625e-02,3.569351e-02,1.760489e-02,9.760082e-02,6.461606e-04,7.762219e-03,4.306040e-01,1.959156e-02,5.266023e-02,1.559077e-02,1.055674e-02,8.216644e-02,4.507177e-02
3.209741e-02,1.018986e-01,3.525170e-02,3.291969e-02,1.702180e-02,8.912133e-02,7.639909e-04,9.709586e-03,5.032365e-01,1.538624e-02,4.015024e-02,1.136449e-02,8.399408e-03,6.764334e-02,3.503562e-02
2.741652e-02,9.636660e-02,2.649275e-02,7.587493e-02,1.585925e-02,6.711848e-02,6.447370e-04,1.122491e-02,5.426496e-01,1.209544e-02,2.962508e-02,8.035046e-03,6.230162e-03,4.895037e-02,3.141617e-02
3.002399e-02,9.323438e-02,2.723068e-02,7.025462e-02,2.144946e-02,1.305999e-01,1.005053e-03,2.488055e-02,4.877022e-01,1.193205e-02,2.268521e-02,5.723209e-03,4.911684e-03,3.820500e-02,3.016211e-02
3.510209e-02,8.509240e-02,2.530167e-02,6.199041e-02,2.023970e-02,1.512201e-01,1.061310e-03,6.110813e-02,4.582062e-01,1.138536e-02,1.835611e-02,4.111594e-03,3.907667e-03,3.012676e-02,3.279037e-02
2.755959e-02,6.164865e-02,2.366316e-02,5.057480e-02,1.636119e-02,1.125213e-01,8.129793e-04,2.716342e-01,3.584085e-01,1.002772e-02,1.343833e-02,2.916971e-03,2.825330e-03,2.130110e-02,2.630620e-02
2.447577e-02,4.815927e-02,1.807120e-02,3.597466e-02,2.061100e-02,8.297563e-02,6.213346e-04,4.336171e-01,2.807382e-01,7.079984e-03,9.968301e-03,2.074590e-03,2.097378e-03,1.500294e-02,1.853273e-02
1.921885e-02,3.413759e-02,1.298814e-02,2.543649e-02,1.530236e-02,5.880424e-02,5.195538e-04,5.978786e-01,1.970316e-01,4.980158e-03,7.047786e-03,1.476966e-03,1.527099e-03,1.060454e-02,1.304606e-02
1.466812e-02,2.394173e-02,9.216331e-03,1.788383e-02,1.111534e-02,4.138286e-02,3.918642e-04,7.162192e-01,1.379903e-01,3.498230e-03,4.946878e-03,1.041642e-03,1.093292e-03,7.461424e-03,9.148892e-03
