1.000000e+00,0.000000e+00,0.000000e+00,0.000000e+00,0.000000e+00,0.000000e+00,0.000000e+00,0.000000e+00,0.000000e+00,0.000000e+00,0.000000e+00,0.000000e+00,0.000000e+00,0.000000e+00,0.000000e+00
1.000000e+00,0.000000e+00,0.000000e+00,0.000000e+00,0.000000e+00,0.000000e+00,0.000000e+00,0.000000e+00,0.000000e+00,0.000000e+00,0.000000e+00,0.000000e+00,0.000000e+00,0.000000e+00,0.000000e+00
1.000000e+00,0.000000e+00,0.000000e+00,0.000000e+00,0.000000e+00,0.000000e+00,0.000000e+00,0.000000e+00,0.000000e+00,0.000000e+00,0.000000e+00,0.000000e+00,0.000000e+00,0.000000e+00,0.000000e+00
1.000000e+00,0.000000e+00,0.000000e+00,0.000000e+00,0.000000e+00,0.000000e+00,0.000000e+00,0.000000e+00,0.000000e+00,0.000000e+00,0.000000e+00,0.000000e+00,0.000000e+00,0.000000e+00,0.000000e+00
1.000000e+00,0.000000e+00,0.000000e+00,0.000000e+00,0.000000e+00,0.000000e+00,0.000000e+00,0.000000e+00,0.000000e+00,0.000000e+00,0.000000e+00,0.000000e+00,0.000000e+00,0.000000e+00,0.000000e+00
1.000000e+00,0.000000e+00,0.000000e+00,0.000000e+00,0.000000e+00,0.000000e+00,0.000000e+00,0.000000e+00,0.000000e+00,0.000000e+00,0.000000e+00,0.000000e+00,0.000000e+00,0.000000e+00,0.000000e+00
1.000000e+00,0.000000e+00,0.000000e+00,0.000000e+00,0.000000e+00,0.000000e+00,0.000000e+00,0.000000e+00,0.000000e+00,0.000000e+00,0.000000e+00,0.000000e+00,0.000000e+00,0.000000e+00,0.000000e+00
1.000000e+00,0.000000e+00,0.000000e+00,0.000000e+00,0.000000e+00,0.000000e+00,0.000000e+00,0.000000e+00,0.000000e+00,0.000000e+00,0.000000e+00,0.000000e+00,0.000000e+00,0.000000e+00,0.000000e+00
1.000000e+00,0.000000e+00,0.000000e+00,0.000000e+00,0.000000e+00,0.000000e+00,0.000000e+00,0.000000e+00,0.000000e+00,0.000000e+00,0.000000e+00,0.000000e+00,0.000000e+00,0.000000e+00,0.000000e+00
1.000000e+00,0.000000e+00,0.000000e+00,0.000000e+00,0.000000e+00,0.000000e+00,0.000000e+00,0.000000e+00,0.000000e+00,0.000000e+00,0.000000e+00,0.000000e+00,0.000000e+00,0.000000e+00,0.000000e+00
1.000000e+00,0.000000e+00,0.000000e+00,0.000000e+00,0.000000e+00,0.000000e+00,0.000000e+00,0.000000e+00,0.000000e+00,0.000000e+00,0.000000e+00,0.000000e+00,0.000000e+00,0.000000e+00,0.000000e+00
1.000000e+00,0.000000e+00,0.000000e+00,0.000000e+00,0.000000e+00,0.000000e+00,0.000000e+00,0.000000e+00,0.000000e+00,0.000000e+00,0.000000e+00,0.000000e+00,0.000000e+00,0.000000e+00,0.000000e+00
1.000000e+00,0.000000e+00,0.000000e+00,0.000000e+00,0.000000e+00,0.000000e+00,0.000000e+00,0.000000e+00,0.000000e+00,0.000000e+00,0.000000e+00,0.000000e+00,0.000000e+00,0.000000e+00,0.000000e+00
1.000000e+00,0.000000e+00,0.000000e+00,0.000000e+00,0.000000e+00,0.000000e+00,0.000000e+00,0.000000e+00,0.000000e+00,0.000000e+00,0.000000e+00,0.000000e+00,0.000000e+00,0.000000e+00,0.000000e+00
1.000000e+00,0.000000e+00,0.000000e+00,0.000000e+00,0.000000e+00,0.000000e+00,0.000000e+00,0.000000e+00,0.000000e+00,0.000000e+00,0.000000e+00,0.000000e+00,0.000000e+00,0.000000e+00,0.000000e+00
1.000000e+00,0.000000e+00,0.000000e+00,0.000000e+00,0.000000e+00,0.000000e+00,0.000000e+00,0.000000e+00,0.000000e+00,0.000000e+00,0.000000e+00,0.000000e+00,0.000000e+00,0.000000e+00,0.000000e+00
1.000000e+00,0.000000e+00,0.000000e+00,0.000000e+00,0.000000e+00,0.000000e+00,0.000000e+00,0.000000e+00,0.000000e+00,0.000000e+00,0.000000e+00,0.000000e+00,0.000000e+00,0.000000e+00,0.000000e+00
1.000000e+00,0.000000e+00,0.000000e+00,0.000000e+00,0.000000e+00,0.000000e+00,0.000000e+00,0.000000e+00,0.000000e+00,0.000000e+00,0.000000e+00,0.000000e+00,0.000000e+00,0.000000e+00,0.000000e+00
1.000000e+00,0.000000e+00,0.000000e+00,0.000000e+00,0.000000e+00,0.000000e+00,0.000000e+00,0.000000e+00,0.000000e+00,0.000000e+00,0.000000e+00,0.000000e+00,0.000000e+00,0.000000e+00,0.000000e+00
1.000000e+00,0.000000e+00,0.000000e+00,0.000000e+00,0.000000e+00,0.000000e+00,0.000000e+00,0.000000e+00,0.000000e+00,0.000000e+00,0.000000e+00,0.000000e+00,0.000000e+00,0.000000e+00,0.000000e+00
1.000000e+00,0.000000e+00,0.000000e+00,0.000000e+00,0.000000e+00,0.000000e+00,0.000000e+00,0.000000e+00,0.000000e+00,0.000000e+00,0.000000e+00,0.000000e+00,0.000000e+00,0.000000e+00,0.000000e+00
1.000000e+00,0.000000e+00,0.000000e+00,0.000000e+00,0.000000e+00,0.000000e+00,0.000000e+00,0.000000e+00,0.000000e+00,0.000000e+00,0.000000e+00,0.000000e+00,0.000000e+00,0.000000e+00,0.000000e+00
1.000000e+00,0.000000e+00,0.000000e+00,0.000000e+00,0.000000e+00,0.000000e+00,0.000000e+00,0.000000e+00,0.000000e+00,0.000000e+00,0.000000e+00,0.000000e+00,0.000000e+00,0.000000e+00,0.000000e+00
1.000000e+00,0.000000e+00,0.000000e+00,0.000000e+00,0.000000e+00,0.000000e+00,0.000000e+00,0.000000e+00,0.000000e+00,0.000000e+00,0.000000e+00,0.000000e+00,0.000000e+00,0.000000e+00,0.000000e+00
1.000000e+00,0.000000e+00,0.000000e+00,0.000000e+00,0.000000e+00,0.000000e+00,0.000000e+00,0.000000e+00,0.000000e+00,0.000000e+00,0.000000e+00,0.000000e+00,0.000000e+00,0.000000e+00,0.000000e+00
1.000000e+00,0.000000e+00,0.000000e+00,0.000000e+00,0.000000e+00,0.000000e+00,0.000000e+00,0.000000e+00,0.000000e+00,0.000000e+00,0.000000e+00,0.000000e+00,0.000000e+00,0.000000e+00,0.000000e+00
1.000000e+00,0.000000e+00,0.000000e+00,0.000000e+00,0.000000e+00,0.000000e+00,0.000000e+00,0.000000e+00,0.000000e+00,0.000000e+00,0.000000e+00,0.000000e+00,0.000000e+00,0.000000e+00,0.000000e+00
1.000000e+00,0.000000e+00,0.000000e+00,0.000000e+00,0.000000e+00,0.000000e+00,0.000000e+00,0.000000e+00,0.000000e+00,0.000000e+00,0.000000e+00,0.000000e+00,0.000000e+00,0.000000e+00,0.000000e+00
1.000000e+00,0.000000e+00,0.000000e+00,0.000000e+00,0.000000e+00,0.000000e+00,0.000000e+00,0.000000e+00,0.000000e+00,0.000000e+00,0.000000e+00,0.000000e+00,0.000000e+00,0.000000e+00,0.000000e+00
1.000000e+00,0.000000e+00,0.000000e+00,0.000000e+00,0.000000e+00,0.000000e+00,0.000000e+00,0.000000e+00,0.000000e+00,0.000000e+00,0.000000e+00,0.000000e+00,0.000000e+00,0.000000e+00,0.000000e+00
1.000000e+00,0.000000e+00,0.000000e+00,0.000000e+00,0.000000e+00,0.000000e+00,0.000000e+00,0.000000e+00,0.000000e+00,0.000000e+00,0.000000e+00,0.000000e+00,0.000000e+00,0.000000e+00,0.000000e+00
1.000000e+00,0.000000e+00,0.000000e+00,0.000000e+00,0.000000e+00,0.000000e+00,0.000000e+00,0.000000e+00,0.000000e+00,0.000000e+00,0.000000e+00,0.000000e+00,0.000000e+00,0.000000e+00,0.000000e+00
1.000000e+00,0.000000e+00,0.000000e+00,0.000000e+00,0.000000e+00,0.000000e+00,0.000000e+00,0.000000e+00,0.000000e+00,0.000000e+00,0.000000e+00,0.000000e+00,0.000000e+00,0.000000e+00,0.000000e+00
1.000000e+00,0.000000e+00,0.000000e+00,0.000000e+00,0.000000e+00,0.000000e+00,0.000000e+00,0.000000e+00,0.000000e+00,0.000000e+00,0.000000e+00,0.000000e+00,0.000000e+00,0.000000e+00,0.000000e+00
1.000000e+00,0.000000e+00,0.000000e+00,0.000000e+00,0.000000e+00,0.000000e+00,0.000000e+00,0.000000e+00,0.000000e+00,0.000000e+00,0.000000e+00,0.000000e+00,0.000000e+00,0.000000e+00,0.000000e+00
1.000000e+00,0.000000e+00,0.000000e+00,0.000000e+00,0.000000e+00,0.000000e+00,0.000000e+00,0.000000e+00,0.000000e+00,0.000000e+00,0.000000e+00,0.000000e+00,0.000000e+00,0.000000e+00,0.000000e+00
1.000000e+00,0.000000e+00,0.000000e+00,0.000000e+00,0.000000e+00,0.000000e+00,0.000000e+00,0.000000e+00,0.000000e+00,0.000000e+00,0.000000e+00,0.000000e+00,0.000000e+00,0.000000e+00,0.000000e+00
1.000000e+00,0.000000e+00,0.000000e+00,0.000000e+00,0.000000e+00,0.000000e+00,0.000000e+00,0.000000e+00,0.000000e+00,0.000000e+00,0.000000e+00,0.000000e+00,0.000000e+00,0.000000e+00,0.000000e+00
1.000000e+00,0.000000e+00,0.000000e+00,0.000000e+00,0.000000e+00,0.000000e+00,0.000000e+00,0.000000e+00,0.000000e+00,0.000000e+00,0.000000e+00,0.000000e+00,0.000000e+00,0.000000e+00,0.000000e+00
1.000000e+00,0.000000e+00,0.000000e+00,0.000000e+00,0.000000e+00,0.000000e+00,0.000000e+00,0.000000e+00,0.000000e+00,0.000000e+00,0.000000e+00,0.000000e+00,0.000000e+00,0.000000e+00,0.000000e+00
1.000000e+00,0.000000e+00,0.000000e+00,0.000000e+00,0.000000e+00,0.000000e+00,0.000000e+00,0.000000e+00,0.000000e+00,0.000000e+00,0.000000e+00,0.000000e+00,0.000000e+00,0.000000e+00,0.000000e+00
1.000000e+00,0.000000e+00,0.000000e+00,0.000000e+00,0.000000e+00,0.000000e+00,0.000000e+00,0.000000e+00,0.000000e+00,0.000000e+00,0.000000e+00,0.000000e+00,0.000000e+00,0.000000e+00,0.000000e+00
1.000000e+00,0.000000e+00,0.000000e+00,0.000000e+00,0.000000e+00,0.000000e+00,0.000000e+00,0.000000e+00,0.000000e+00,0.000000e+00,0.000000e+00,0.000000e+00,0.000000e+00,0.000000e+00,0.000000e+00
1.000000e+00,0.000000e+00,0.000000e+00,0.000000e+00,0.000000e+00,0.000000e+00,0.000000e+00,0.000000e+00,0.000000e+00,0.000000e+00,0.000000e+00,0.000000e+00,0.000000e+00,0.000000e+00,0.000000e+00
1.000000e+00,0.000000e+00,0.000000e+00,0.000000e+00,0.000000e+00,0.000000e+00,0.000000e+00,0.000000e+00,0.000000e+00,0.000000e+00,0.000000e+00,0.000000e+00,0.000000e+00,0.000000e+00,0.000000e+00
1.000000e+00,0.000000e+00,0.000000e+00,0.000000e+00,0.000000e+00,0.000000e+00,0.000000e+00,0.000000e+00,0.000000e+00,0.000000e+00,0.000000e+00,0.000000e+00,0.000000e+00,0.000000e+00,0.000000e+00
1.000000e+00,0.000000e+00,0.000000e+00,0.000000e+00,0.000000e+00,0.000000e+00,0.000000e+00,0.000000e+00,0.000000e+00,0.000000e+00,0.000000e+00,0.000000e+00,0.000000e+00,0.000000e+00,0.000000e+00
1.000000e+00,0.000000e+00,0.000000e+00,0.000000e+00,0.000000e+00,0.000000e+00,0.000000e+00,0.000000e+00,0.000000e+00,0.000000e+00,0.000000e+00,0.000000e+00,0.000000e+00,0.000000e+00,0.000000e+00
1.000000e+00,0.000000e+00,0.000000e+00,0.000000e+00,0.000000e+00,0.000000e+00,0.000000e+00,0.000000e+00,0.000000e+00,0.000000e+00,0.000000e+00,0.000000e+00,0.000000e+00,0.000000e+00,0.000000e+00
1.000000e+00,0.000000e+00,0.000000e+00,0.000000e+00,0.000000e+00,0.000000e+00,0.000000e+00,0.000000e+00,0.000000e+00,0.000000e+00,0.000000e+00,0.000000e+00,0.000000e+00,0.000000e+00,0.000000e+00
1.000000e+00,0.000000e+00,0.000000e+00,0.000000e+00,0.000000e+00,0.000000e+00,0.000000e+00,0.000000e+00,0.000000e+00,0.000000e+00,0.000000e+00,0.000000e+00,0.000000e+00,0.000000e+00,0.000000e+00
1.000000e+00,0.000000e+00,0.000000e+00,0.000000e+00,0.000000e+00,0.000000e+00,0.000000e+00,0.000000e+00,0.000000e+00,0.000000e+00,0.000000e+00,0.000000e+00,0.000000e+00,0.000000e+00,0.000000e+00
1.000000e+00,0.000000e+00,0.000000e+00,0.000000e+00,0.000000e+00,0.000000e+00,0.000000e+00,0.000000e+00,0.000000e+00,0.000000e+00,0.000000e+00,0.000000e+00,0.000000e+00,0.000000e+00,0.000000e+00
1.000000e+00,0.000000e+00,0.000000e+00,0.000000e+00,0.000000e+00,0.000000e+00,0.000000e+00,0.000000e+00,0.000000e+00,0.000000e+00,0.000000e+00,0.000000e+00,0.000000e+00,0.000000e+00,0.000000e+00
1.000000e+00,0.000000e+00,0.000000e+00,0.000000e+00,0.000000e+00,0.000000e+00,0.000000e+00,0.000000e+00,0.000000e+00,0.000000e+00,0.000000e+00,0.000000e+00,0.000000e+00,0.000000e+00,0.000000e+00
1.000000e+00,0.000000e+00,0.000000e+00,0.000000e+00,0.000000e+00,0.000000e+00,0.000000e+00,0.000000e+00,0.000000e+00,0.000000e+00,0.000000e+00,0.000000e+00,0.000000e+00,0.000000e+00,0.000000e+00
1.000000e+00,0.000000e+00,0.000000e+00,0.000000e+00,0.000000e+00,0.000000e+00,0.000000e+00,0.000000e+00,0.000000e+00,0.000000e+00,0.000000e+00,0.000000e+00,0.000000e+00,0.000000e+00,0.000000e+00
1.000000e+00,0.000000e+00,0.000000e+00,0.000000e+00,0.000000e+00,0.000000e+00,0.000000e+00,0.000000e+00,0.000000e+00,0.000000e+00,0.000000e+00,0.000000e+00,0.000000e+00,0.000000e+00,0.000000e+00
1.000000e+00,0.000000e+00,0.000000e+00,0.000000e+00,0.000000e+00,0.000000e+00,0.000000e+00,0.000000e+00,0.000000e+00,0.000000e+00,0.000000e+00,0.000000e+00,0.000000e+00,0.000000e+00,0.000000e+00
1.000000e+00,0.000000e+00,0.000000e+00,0.000000e+00,0.000000e+00,0.000000e+00,0.000000e+00,0.000000e+00,0.000000e+00,0.000000e+00,0.000000e+00,0.000000e+00,0.000000e+00,0.000000e+00,0.000000e+00
1.000000e+00,0.000000e+00,0.000000e+00,0.000000e+00,0.000000e+00,0.000000e+00,0.000000e+00,0.000000e+00,0.000000e+00,0.000000e+00,0.000000e+00,0.000000e+00,0.000000e+00,0.000000e+00,0.000000e+00
1.000000e+00,0.000000e+00,0.000000e+00,0.000000e+00,0.000000e+00,0.000000e+00,0.000000e+00,0.000000e+00,0.000000e+00,0.000000e+00,0.000000e+00,0.000000e+00,0.000000e+00,0.000000e+00,0.000000e+00
3.918764e-01,3.127436e-02,1.123373e-02,9.860121e-02,8.094631e-03,4.739592e-02,5.785169e-03,8.925293e-03,3.685480e-02,3.546263e-03,1.335655e-02,2.006562e-02,2.658454e-01,4.000816e-03,5.314390e-02
2.757574e-01,2.318430e-02,7.942539e-03,7.255199e-02,5.818697e-03,4.589854e-02,4.226060e-03,6.292768e-03,3.270291e-02,2.639611e-03,9.592612e-03,1.434302e-02,4.567000e-01,2.832117e-03,3.951745e-02
1.956753e-01,1.691953e-02,5.696250e-03,5.188200e-02,4.328478e-03,9.822612e-02,3.184602e-03,4.493332e-03,2.396199e-02,1.893925e-03,6.888437e-03,1.040356e-02,5.421134e-01,1.996632e-03,3.233640e-02
1.374783e-01,1.292891e-02,4.097680e-03,3.668165e-02,3.217320e-03,1.247127e-01,2.368541e-03,3.268620e-03,1.895190e-02,1.391262e-03,4.937756e-03,7.803743e-03,6.130233e-01,1.411356e-03,2.772694e-02
9.680418e-02,1.041815e-02,3.044429e-03,2.616580e-02,2.791663e-03,1.054843e-01,2.071627e-03,2.346639e-03,1.797684e-02,1.045480e-03,3.778957e-03,6.561387e-03,6.945535e-01,1.028549e-03,2.592848e-02
6.987728e-02,8.150598e-03,2.355289e-03,1.884432e-02,2.505347e-03,1.362515e-01,1.765062e-03,1.881556e-03,1.899097e-02,7.873260e-04,3.193994e-03,5.985376e-03,7.029322e-01,7.942935e-04,2.568492e-02
5.178246e-02,8.462394e-03,4.138947e-03,1.568463e-02,2.905383e-03,1.501229e-01,1.764426e-03,1.776760e-03,3.800773e-02,8.700151e-04,2.859695e-03,5.753883e-03,6.845756e-01,6.303299e-04,3.066490e-02
3.871489e-02,1.729763e-02,2.146815e-02,1.714131e-02,2.676767e-03,1.524104e-01,1.562027e-03,1.814303e-03,9.023397e-02,3.375781e-03,2.969659e-03,6.238888e-03,6.009653e-01,5.941540e-04,4.253683e-02
5.473583e-02,1.326892e-01,2.116126e-02,1.529798e-02,4.252465e-03,1.289870e-01,1.336534e-03,2.041982e-03,1.065373e-01,3.686506e-03,3.083333e-03,5.355072e-03,4.702784e-01,7.896259e-04,4.976758e-02
4.148380e-02,1.964432e-01,2.908686e-02,1.374885e-02,3.120247e-03,9.160943e-02,9.613727e-04,1.454935e-03,2.163930e-01,8.750731e-03,2.359844e-03,3.891797e-03,3.328671e-01,6.008325e-04,5.722811e-02
3.686247e-02,2.859693e-01,2.273450e-02,1.062259e-02,2.618067e-03,6.536227e-02,8.078659e-04,1.143688e-03,2.214581e-01,7.983003e-03,2.643714e-03,3.030657e-03,2.585234e-01,9.549891e-04,7.928543e-02
3.490545e-02,3.640689e-01,2.180402e-02,9.071447e-03,3.282134e-03,4.715361e-02,7.073893e-04,1.306271e-03,2.349631e-01,8.919602e-03,3.210136e-03,2.354910e-03,1.854576e-01,1.140775e-03,8.165478e-02
9.428807e-02,3.210486e-01,2.581983e-02,1.221640e-02,1.178030e-02,3.856748e-02,1.085401e-03,2.327796e-03,2.073862e-01,9.026680e-03,4.158031e-03,2.124641e-03,1.337245e-01,2.702854e-03,1.337433e-01
6.978627e-02,4.278520e-01,2.533599e-02,1.131683e-02,8.397980e-03,2.724562e-02,7.768034e-04,1.679336e-03,1.910969e-01,1.448447e-02,3.293472e-03,1.640055e-03,9.466688e-02,3.419053e-03,1.190083e-01
5.191605e-02,4.165238e-01,4.096966e-02,1.086728e-02,5.934293e-03,1.929846e-02,5.511806e-04,1.206126e-03,1.649551e-01,3.557889e-02,2.539122e-03,1.474468e-03,6.707530e-02,3.312801e-03,1.777975e-01
4.016323e-02,4.128751e-01,3.287742e-02,9.953561e-03,4.923705e-03,1.470830e-02,4.452536e-04,9.045273e-04,2.181906e-01,3.088970e-02,2.446230e-03,1.205394e-03,4.741692e-02,3.014441e-03,1.799856e-01
9.562616e-02,3.430798e-01,3.166651e-02,1.804573e-02,2.357389e-02,2.519653e-02,1.597061e-03,2.275922e-03,2.139718e-01,2.386529e-02,3.656309e-03,1.344275e-03,3.398683e-02,2.342569e-03,1.797713e-01
1.149987e-01,3.277729e-01,2.791171e-02,2.401667e-02,7.467829e-02,6.070754e-02,5.610572e-03,2.892410e-03,1.788835e-01,1.710916e-02,3.018186e-03,1.136949e-03,2.451512e-02,1.825141e-03,1.349232e-01
8.150979e-02,2.495239e-01,9.128264e-02,1.781547e-01,5.399338e-02,4.289624e-02,4.005434e-03,2.153705e-03,1.263226e-01,1.726660e-02,3.026264e-03,9.248485e-04,1.740747e-02,1.342577e-03,1.301899e-01
7.451098e-02,1.816717e-01,8.837574e-02,2.626132e-01,6.839870e-02,3.414840e-02,4.133986e-03,4.129379e-02,1.014483e-01,1.551440e-02,7.420158e-03,1.492468e-03,1.404332e-02,1.715683e-03,1.032191e-01
6.205558e-02,1.287135e-01,6.692545e-02,1.912503e-01,6.236567e-02,2.564084e-02,3.780574e-03,2.800850e-01,7.490590e-02,1.096901e-02,6.234795e-03,1.296242e-03,1.072238e-02,1.482289e-03,7.357255e-02
5.404280e-02,9.060284e-02,4.770934e-02,1.358036e-01,6.192286e-02,1.874240e-02,2.995355e-03,4.593403e-01,5.381605e-02,7.695042e-03,4.866562e-03,1.003041e-03,8.282011e-03,1.222524e-03,5.195520e-02
4.443725e-02,6.408536e-02,3.401173e-02,9.714421e-02,5.169174e-02,1.984280e-02,2.927591e-03,5.864492e-01,3.816253e-02,5.507406e-03,4.220503e-03,1.066004e-03,1.254015e-02,8.860490e-04,3.702749e-02
3.949901e-02,4.539989e-02,2.498149e-02,7.081214e-02,4.296768e-02,1.807672e-02,2.347461e-03,6.780885e-01,2.708872e-02,3.993029e-03,4.768034e-03,2.851716e-03,1.187513e-02,7.790464e-04,2.647135e-02
4.006238e-02,3.242014e-02,1.800253e-02,5.130434e-02,3.252997e-02,1.961692e-02,1.850509e-03,5.147382e-01,2.028358e-02,2.916274e-03,5.971933e-03,4.082141e-03,2.360323e-01,6.826951e-04,1.950607e-02
4.794001e-02,2.315788e-02,1.284978e-02,3.679564e-02,2.427541e-02,3.283730e-02,1.686304e-03,3.928051e-01,1.605306e-02,2.272639e-03,9.668032e-03,8.730266e-03,3.731890e-01,7.273559e-04,1.701219e-02
8.833025e-02,1.672495e-02,9.694364e-03,2.712467e-02,1.771784e-02,4.587124e-02,2.294380e-03,3.466758e-01,1.258700e-02,1.880214e-03,1.270138e-02,1.375761e-02,3.722800e-01,1.922801e-03,3.043753e-02
9.705845e-02,1.220744e-02,7.048366e-03,1.988271e-02,1.327816e-02,4.214574e-02,3.308509e-03,2.490584e-01,1.014119e-02,2.054460e-03,2.048170e-02,1.519432e-02,3.996377e-01,2.878332e-03,1.056245e-01
7.646851e-02,8.797505e-03,5.162076e-03,1.422567e-02,9.503255e-03,3.110151e-02,2.743592e-03,1.793307e-01,1.408399e-02,2.807707e-03,2.146543e-02,1.337372e-02,3.250063e-01,2.856980e-03,2.930731e-01
5.811761e-02,6.824610e-03,6.875908e-03,1.344403e-02,7.618234e-03,2.340269e-02,2.087631e-03,1.562963e-01,1.546347e-02,3.779306e-03,2.583725e-02,1.165619e-02,3.067086e-01,2.907084e-03,3.589811e-01
1.114817e-01,5.981211e-03,9.149732e-03,2.531033e-02,8.399799e-03,2.234575e-02,1.797784e-03,1.197435e-01,3.495599e-02,6.496751e-03,2.525837e-02,9.970990e-03,2.283498e-01,3.219631e-03,3.875386e-01
1.093717e-01,6.268037e-03,9.351767e-03,2.896616e-02,7.929718e-03,2.086555e-02,1.693311e-03,9.245539e-02,7.421557e-02,7.323153e-03,2.187296e-02,8.209514e-03,1.651318e-01,3.098205e-03,4.432471e-01
1.152055e-01,9.953775e-03,2.097548e-02,6.812908e-02,1.665683e-02,1.679689e-02,2.111637e-03,8.238100e-02,1.141552e-01,7.136489e-03,2.211417e-02,7.380620e-03,1.216011e-01,4.032393e-03,3.913698e-01
1.295861e-01,1.293024e-02,2.785634e-02,1.101417e-01,4.227886e-02,1.699608e-02,5.197309e-03,6.428947e-02,1.195631e-01,5.569938e-03,1.695793e-02,5.561614e-03,8.841246e-02,3.525751e-03,3.511332e-01
1.368887e-01,1.663071e-02,4.697239e-02,1.946161e-01,3.906749e-02,1.584468e-02,5.769605e-03,4.944598e-02,1.099074e-01,8.924613e-03,1.419617e-02,4.850539e-03,6.464995e-02,3.105036e-03,2.891306e-01
1.719698e-01,3.227865e-02,5.346730e-02,1.619802e-01,3.484251e-02,1.457398e-02,5.737713e-03,3.907833e-02,1.144554e-01,1.974754e-02,1.655579e-02,8.043123e-03,5.134949e-02,3.470088e-03,2.724500e-01
1.450887e-01,1.078335e-01,5.295942e-02,1.228869e-01,3.181143e-02,1.218310e-02,5.089290e-03,2.813000e-02,1.819938e-01,2.008179e-02,2.156377e-02,8.199704e-03,3.970268e-02,3.454676e-03,2.190212e-01
1.152155e-01,1.343835e-01,3.838024e-02,9.711044e-02,3.783629e-02,1.776450e-02,4.890805e-03,2.302738e-02,2.856171e-01,1.620766e-02,2.223771e-02,7.236155e-03,3.104609e-02,2.692023e-03,1.663546e-01
8.190633e-02,1.164133e-01,4.760758e-02,2.112222e-01,2.827613e-02,1.291003e-02,3.520007e-03,1.690982e-02,2.965065e-01,1.246865e-02,1.663133e-02,5.313713e-03,2.258743e-02,1.969917e-03,1.257570e-01
1.119529e-01,1.078413e-01,6.842476e-02,1.966566e-01,3.498713e-02,1.541146e-02,3.946765e-03,1.349872e-02,2.839799e-01,1.242725e-02,1.961169e-02,5.427782e-03,2.010667e-02,1.884209e-03,1.038430e-01
8.489978e-02,8.508620e-02,8.628360e-02,3.596995e-01,2.933261e-02,1.121564e-02,2.882425e-03,1.043683e-02,2.061728e-01,9.636804e-03,1.562265e-02,4.104304e-03,1.476265e-02,1.383779e-03,7.848046e-02
1.526619e-01,8.328752e-02,7.517323e-02,3.337184e-01,3.065258e-02,1.360491e-02,2.650549e-03,9.146910e-03,1.611429e-01,8.953623e-03,2.087732e-02,4.958641e-03,1.495058e-02,1.657312e-03,8.656369e-02
2.424967e-01,9.450935e-02,6.218688e-02,2.654916e-01,4.496247e-02,1.534343e-02,3.561243e-03,1.466063e-02,1.344434e-01,7.065891e-03,1.881549e-02,6.151327e-03,1.260372e-02,2.460738e-03,7.524725e-02
3.590264e-01,7.721489e-02,5.051325e-02,2.042562e-01,4.269678e-02,1.542454e-02,3.345548e-03,1.640222e-02,1.059213e-01,5.799791e-03,1.671135e-02,1.116330e-02,1.451300e-02,5.255928e-03,7.175551e-02
3.872617e-01,6.381281e-02,4.381149e-02,1.984622e-01,3.945992e-02,1.659111e-02,3.383222e-03,4.701776e-02,8.197874e-02,4.648018e-03,1.529500e-02,1.663484e-02,1.718550e-02,5.552572e-03,5.890507e-02
3.564669e-01,5.019522e-02,5.221256e-02,1.877260e-01,3.421990e-02,1.512567e-02,3.629412e-03,1.330273e-01,6.547282e-02,4.252708e-03,1.283864e-02,1.384129e-02,1.408364e-02,4.805526e-03,5.210237e-02
3.071318e-01,3.619617e-02,3.839685e-02,1.343857e-01,3.177252e-02,1.294487e-02,3.009945e-03,3.135181e-01,4.789392e-02,3.068651e-03,9.445965e-03,1.044891e-02,1.075212e-02,3.785999e-03,3.724843e-02
2.292829e-01,2.574823e-02,2.743237e-02,9.495272e-02,2.550283e-02,1.014029e-02,2.343275e-03,4.967169e-01,3.372905e-02,2.209216e-03,7.123041e-03,7.710349e-03,7.960715e-03,2.759452e-03,2.638862e-02
1.694098e-01,1.812600e-02,1.954466e-02,6.667051e-02,1.866219e-02,8.527928e-03,1.997750e-03,6.345267e-01,2.367694e-02,1.601767e-03,5.172732e-03,5.600108e-03,5.893351e-03,1.978453e-03,1.861110e-02
1.247602e-01,1.279322e-02,1.386110e-02,4.688824e-02,1.365498e-02,7.048375e-03,1.537454e-03,7.336602e-01,1.667409e-02,1.209958e-03,4.200862e-03,4.225968e-03,4.842341e-03,1.525502e-03,1.311751e-02
9.161058e-02,9.132189e-03,9.771793e-03,3.292309e-02,1.072059e-02,5.287631e-03,1.360246e-03,8.062648e-01,1.178409e-02,8.561480e-04,3.233588e-03,3.025819e-03,3.663155e-03,1.122189e-03,9.244137e-03
6.735530e-02,6.474358e-03,6.891319e-03,2.312739e-02,9.324063e-03,3.918225e-03,1.136999e-03,8.583571e-01,8.311089e-03,6.034293e-04,2.389427e-03,2.136928e-03,2.682663e-03,8.063623e-04,6.485261e-03
6.666476e-02,4.944015e-03,4.974328e-03,1.639962e-02,7.250168e-03,3.130628e-03,8.850272e-04,8.738655e-01,6.247518e-03,5.749976e-04,2.727475e-03,2.337769e-03,4.370304e-03,7.939177e-04,4.833879e-03
6.338389e-02,6.014008e-03,3.802717e-03,1.214628e-02,9.628603e-03,3.377586e-03,9.106814e-04,8.726933e-01,8.669891e-03,5.852238e-04,4.021897e-03,2.291593e-03,7.666937e-03,8.269746e-04,3.980415e-03
4.790128e-02,4.605731e-03,2.947151e-03,8.650764e-03,1.421595e-02,2.722932e-03,1.207137e-03,8.961776e-01,6.950413e-03,4.437381e-04,3.123136e-03,1.735769e-03,5.798151e-03,6.278200e-04,2.892463e-03
4.308242e-02,4.546394e-03,3.706367e-03,6.549644e-03,1.900990e-02,2.557172e-03,1.907039e-03,8.961871e-01,7.256904e-03,5.616997e-04,3.318367e-03,1.750478e-03,6.148128e-03,5.454782e-04,2.872980e-03
3.814054e-02,3.390027e-03,3.256347e-03,4.847697e-03,2.009188e-02,2.283639e-03,2.837821e-03,9.077710e-01,5.504894e-03,4.212403e-04,2.504943e-03,1.375442e-03,5.032498e-03,3.980426e-04,2.144057e-03
6.990231e-02,2.963551e-03,3.627207e-03,4.403039e-03,2.393173e-02,4.642691e-03,3.988300e-03,8.612336e-01,6.592975e-03,4.243748e-04,5.582823e-03,2.096003e-03,8.051639e-03,3.704887e-04,2.189391e-03
1.125890e-01,2.816923e-03,6.789601e-03,3.813109e-03,2.196427e-02,2.111853e-02,1.080825e-02,6.928154e-01,7.751876e-03,8.330651e-04,8.337384e-03,2.135039e-02,8.288222e-02,5.813193e-04,5.548744e-03
1.438714e-01,2.873199e-03,1.118503e-02,3.619659e-03,3.671330e-02,2.994738e-02,1.418536e-02,5.198808e-01,1.314751e-02,1.605792e-03,1.143830e-02,2.615869e-02,1.715245e-01,1.535255e-03,1.231394e-02
1.425729e-01,2.421289e-03,8.810870e-03,3.701848e-03,3.688791e-02,3.888071e-02,1.778733e-02,3.679203e-01,1.574022e-02,2.071012e-03,1.524458e-02,4.512627e-02,2.553590e-01,3.966263e-03,4.350951e-02
1.726897e-01,2.390126e-03,6.950128e-03,3.534301e-03,2.928832e-02,6.636510e-02,1.892033e-02,2.589642e-01,1.418583e-02,2.336585e-03,1.515231e-02,4.871228e-02,3.152503e-01,4.710461e-03,4.055005e-02
1.232800e-01,1.841426e-03,4.966986e-03,2.926750e-03,2.181869e-02,1.191532e-01,1.494665e-02,1.813330e-01,1.032901e-02,2.468059e-03,1.346741e-02,7.163835e-02,3.971730e-01,4.631061e-03,3.002659e-02
8.726460e-02,1.428060e-03,3.556314e-03,2.615486e-03,1.668003e-02,9.614544e-02,1.101501e-02,1.269988e-01,8.113114e-03,1.273774e-02,2.182017e-02,1.104704e-01,4.683698e-01,5.481722e-03,2.730344e-02
6.334065e-02,1.130601e-03,2.652688e-03,4.042445e-03,1.400687e-02,1.032568e-01,8.521189e-03,8.904476e-02,7.756185e-03,2.516531e-02,3.264218e-02,1.495137e-01,4.715686e-01,6.111800e-03,2.124622e-02
4.535468e-02,1.120429e-03,2.387348e-03,3.326147e-03,1.198064e-02,7.487424e-02,6.141886e-03,6.244252e-02,8.051371e-03,1.802469e-01,5.114199e-02,1.592022e-01,3.704239e-01,6.828383e-03,1.647734e-02
3.677141e-02,1.189251e-03,4.827275e-03,3.234064e-03,1.267808e-02,6.285747e-02,5.148301e-03,4.407787e-02,1.454528e-02,2.891911e-01,6.838058e-02,1.549616e-01,2.822235e-01,6.326658e-03,1.358769e-02
2.722629e-02,1.133982e-03,3.969290e-03,2.794789e-03,1.405154e-02,4.584565e-02,4.427696e-03,3.120391e-02,2.352132e-02,4.376493e-01,5.629863e-02,1.316263e-01,2.043111e-01,5.233131e-03,1.070711e-02
2.205855e-02,1.534576e-03,6.104655e-03,7.961705e-03,2.503088e-02,3.647000e-02,4.251441e-03,5.687278e-02,3.338217e-02,4.748247e-01,5.245949e-02,1.002645e-01,1.650857e-01,4.560046e-03,9.138789e-03
3.565126e-02,4.886938e-03,2.139469e-02,2.755544e-02,5.893619e-02,3.295934e-02,3.921798e-03,4.910524e-02,8.570979e-02,4.276152e-01,4.100617e-02,7.286625e-02,1.230196e-01,4.083115e-03,1.128899e-02
3.341202e-02,4.416440e-03,1.113138e-01,6.286348e-02,9.363030e-02,2.860954e-02,4.989077e-03,6.649863e-02,1.060838e-01,3.052040e-01,3.056477e-02,5.194269e-02,8.875172e-02,2.984420e-03,8.735192e-03
7.785007e-02,7.062817e-03,1.119457e-01,6.397456e-02,1.362850e-01,5.508521e-02,7.627404e-03,5.494075e-02,1.028830e-01,2.369402e-01,2.956873e-02,3.748185e-02,6.520139e-02,2.946051e-03,1.020725e-02
7.877404e-02,9.541525e-03,9.632618e-02,1.046521e-01,2.008650e-01,7.955609e-02,9.015705e-03,5.308072e-02,8.382221e-02,1.752280e-01,2.384971e-02,2.701580e-02,4.689310e-02,2.576205e-03,8.803640e-03
8.532913e-02,1.129813e-02,8.503070e-02,1.872161e-01,1.708360e-01,1.090618e-01,1.016469e-02,4.691731e-02,7.147165e-02,1.354172e-01,2.028630e-02,2.126006e-02,3.441772e-02,3.116423e-03,8.176829e-03
1.191743e-01,1.134152e-02,8.858253e-02,2.246263e-01,1.534797e-01,9.284020e-02,9.548933e-03,4.000357e-02,7.351740e-02,1.150123e-01,1.758916e-02,1.775467e-02,2.546212e-02,3.763658e-03,7.303648e-03
1.697321e-01,1.008757e-02,7.399987e-02,2.028944e-01,1.354708e-01,7.922427e-02,8.823257e-03,3.423100e-02,8.262016e-02,1.259665e-01,1.714361e-02,2.013393e-02,2.258717e-02,9.226608e-03,7.858766e-03
1.740115e-01,1.058325e-02,6.794073e-02,2.620284e-01,1.486605e-01,6.694783e-02,7.005363e-03,4.258969e-02,6.545164e-02,9.410791e-02,1.469415e-02,1.637498e-02,1.693518e-02,6.743909e-03,5.925086e-03
1.354424e-01,1.115512e-02,6.163737e-02,3.896714e-01,1.082641e-01,4.775614e-02,5.069215e-03,3.522037e-02,5.224930e-02,6.782196e-02,4.290982e-02,1.832510e-02,1.420501e-02,5.040156e-03,5.232614e-03
9.769523e-02,1.026122e-02,4.743792e-02,3.751470e-01,7.963979e-02,3.386175e-02,3.616387e-03,2.589814e-02,4.077242e-02,4.987665e-02,1.889534e-01,1.808235e-02,1.705365e-02,7.384285e-03,4.319859e-03
7.290283e-02,1.548343e-02,3.962058e-02,3.828455e-01,7.399777e-02,2.513538e-02,2.785283e-03,2.169458e-02,3.687117e-02,3.615258e-02,2.024860e-01,4.667994e-02,1.594297e-02,2.376359e-02,3.638391e-03
5.401596e-02,1.225701e-02,2.945364e-02,3.256861e-01,6.215415e-02,1.908957e-02,2.119770e-03,1.796697e-02,2.758970e-02,2.595732e-02,2.677668e-01,7.475516e-02,1.199223e-02,6.653317e-02,2.662400e-03
4.160783e-02,1.080918e-02,2.365337e-02,2.517226e-01,5.578515e-02,1.485255e-02,1.650719e-03,1.496220e-02,2.012162e-02,1.861966e-02,3.471047e-01,7.369330e-02,8.783788e-03,1.144879e-01,2.145400e-03
3.200464e-02,8.835843e-03,1.943984e-02,1.801047e-01,4.421357e-02,2.220137e-02,1.262450e-03,1.137815e-02,1.459959e-02,1.345208e-02,3.637656e-01,7.326311e-02,7.071855e-03,2.066085e-01,1.798604e-03
2.435650e-02,6.610285e-03,1.387129e-02,1.264082e-01,3.544611e-02,1.921695e-02,8.982542e-04,8.096624e-03,1.079590e-02,9.548471e-03,3.246040e-01,5.822222e-02,5.344913e-03,3.549715e-01,1.608847e-03
2.130158e-02,5.357545e-03,1.112205e-02,8.921877e-02,4.484759e-02,1.943249e-02,6.609402e-04,6.021826e-03,8.318393e-03,7.099921e-03,3.760186e-01,4.649274e-02,4.030483e-03,3.585112e-01,1.565854e-03
1.549747e-02,4.010791e-03,8.432807e-03,6.270672e-02,8.088747e-02,1.456266e-02,5.695035e-04,4.441534e-03,7.066094e-03,6.017336e-03,3.511654e-01,3.556619e-02,3.090339e-03,4.043773e-01,1.608300e-03
1.216111e-02,3.031357e-03,6.156726e-03,4.401949e-02,7.328495e-02,1.299819e-02,4.233747e-04,3.256499e-03,6.305822e-03,4.715944e-03,3.505573e-01,2.830613e-02,2.486612e-03,4.507507e-01,1.545794e-03
1.525276e-02,7.716962e-03,3.117293e-02,3.165519e-02,1.398161e-01,1.601706e-02,5.214084e-04,2.771204e-03,8.478669e-03,5.815543e-03,3.331822e-01,2.319078e-02,2.200233e-03,3.792573e-01,2.951620e-03
1.208158e-02,6.059276e-03,2.469467e-02,2.242499e-02,1.068191e-01,3.173627e-02,5.383423e-04,2.153654e-03,3.356891e-02,7.603268e-03,3.071471e-01,2.025281e-02,2.431005e-03,4.192950e-01,3.194091e-03
1.022422e-02,7.254206e-03,2.196952e-02,1.605392e-02,7.834150e-02,3.578191e-02,4.438290e-04,1.793917e-03,5.281489e-02,7.680974e-03,2.673251e-01,1.561393e-02,2.662981e-03,4.792317e-01,2.807493e-03
7.960075e-03,5.680958e-03,1.634540e-02,1.145726e-02,5.627298e-02,2.615874e-02,3.197968e-04,1.313806e-03,1.364205e-01,7.634885e-03,2.204877e-01,1.204729e-02,2.253968e-03,4.925489e-01,3.097772e-03
7.125774e-03,5.047418e-03,1.324472e-02,9.547351e-03,4.223032e-02,2.052182e-02,2.558984e-04,1.288929e-03,2.327202e-01,7.952813e-03,2.015672e-01,9.790630e-03,1.939465e-03,4.435901e-01,3.177323e-03
1.038931e-02,5.969181e-03,1.442299e-02,1.037253e-02,3.211164e-02,1.564134e-02,2.182478e-04,1.538603e-03,3.845989e-01,8.085491e-03,1.575753e-01,7.760832e-03,1.724204e-03,3.453483e-01,4.243140e-03
2.166814e-02,8.970181e-03,4.246980e-02,5.551958e-02,3.201417e-02,1.645335e-02,3.768033e-04,6.634319e-03,4.021388e-01,1.152907e-02,1.211269e-01,6.127056e-03,1.593887e-03,2.570064e-01,1.637154e-02
5.422466e-02,8.364856e-03,4.835153e-02,4.805581e-02,3.073626e-02,1.953131e-02,6.130304e-04,6.381578e-03,4.379754e-01,1.078602e-02,1.021870e-01,5.213453e-03,1.529074e-03,1.968710e-01,2.917902e-02
5.816488e-02,2.066329e-02,1.012663e-01,1.517816e-01,3.455036e-02,1.692469e-02,5.571253e-04,6.359989e-03,3.381695e-01,9.284709e-03,7.431433e-02,3.999337e-03,1.454426e-03,1.420792e-01,4.043021e-02
6.060230e-02,2.583511e-02,9.533412e-02,1.139465e-01,7.464770e-02,2.702298e-02,8.975501e-04,5.820934e-03,3.615075e-01,7.815755e-03,7.657797e-02,3.118381e-03,1.650842e-03,1.098858e-01,3.533665e-02
6.201032e-02,4.599809e-02,8.760114e-02,1.811889e-01,9.044647e-02,2.351877e-02,1.585970e-03,5.083782e-03,2.873209e-01,8.704562e-03,5.764893e-02,2.855215e-03,2.155549e-03,8.318996e-02,6.069136e-02
8.110294e-02,3.548412e-02,8.680612e-02,2.308820e-01,1.045322e-01,1.746592e-02,1.406052e-03,1.681100e-02,2.595462e-01,6.909507e-03,5.024417e-02,2.633085e-03,1.664191e-03,6.049856e-02,4.401392e-02
9.124884e-02,2.734418e-02,7.610229e-02,1.849426e-01,1.095141e-01,1.398418e-02,1.221235e-03,1.473046e-02,3.364149e-01,5.167768e-03,5.416432e-02,2.594652e-03,1.510325e-03,4.951814e-02,3.154203e-02
1.209092e-01,2.288257e-02,8.398245e-02,1.486022e-01,1.228703e-01,1.706354e-02,1.103594e-03,1.080298e-02,3.365650e-01,3.979595e-03,4.894627e-02,2.622877e-03,1.808708e-03,5.413298e-02,2.372776e-02
1.952560e-01,2.461197e-02,8.932443e-02,1.400601e-01,9.934893e-02,1.836351e-02,1.505921e-03,8.920459e-03,2.969615e-01,3.815982e-03,3.795866e-02,5.257538e-03,2.787587e-03,5.057826e-02,2.524921e-02
2.585211e-01,2.350277e-02,1.274922e-01,1.531940e-01,7.965587e-02,1.605139e-02,1.624071e-03,7.998509e-03,2.314598e-01,3.441039e-03,2.768907e-02,6.056206e-03,3.050229e-03,3.897643e-02,2.128742e-02
2.769202e-01,2.448696e-02,1.560620e-01,2.020833e-01,6.368821e-02,1.425122e-02,1.842899e-03,8.190043e-03,1.716711e-01,3.024133e-03,2.093071e-02,6.550002e-03,2.926788e-03,2.942477e-02,1.794760e-02
3.745504e-01,2.271554e-02,1.349392e-01,1.749432e-01,5.728639e-02,1.239298e-02,1.978788e-03,7.523315e-03,1.450413e-01,2.764817e-03,1.648019e-02,7.659365e-03,2.911905e-03,2.324682e-02,1.556579e-02
4.421464e-01,1.943861e-02,1.170221e-01,1.787906e-01,4.909993e-02,1.229472e-02,1.889647e-03,7.241425e-03,1.074906e-01,2.444270e-03,1.439757e-02,1.147952e-02,3.424907e-03,1.918276e-02,1.365696e-02
4.511639e-01,1.818069e-02,1.001200e-01,1.589573e-01,3.724342e-02,1.125125e-02,1.747415e-03,7.450787e-03,1.209177e-01,7.384084e-03,1.686600e-02,1.486014e-02,5.935379e-03,1.709739e-02,3.082461e-02
3.720888e-01,1.560421e-02,7.943556e-02,1.218092e-01,2.698694e-02,8.805226e-03,1.430277e-03,5.567081e-03,1.725453e-01,1.364260e-02,1.404998e-02,1.195651e-02,5.013872e-03,2.032753e-02,1.307370e-01
2.637892e-01,1.144426e-02,5.822457e-02,8.536199e-02,1.897388e-02,6.281848e-03,1.018140e-03,3.903015e-03,1.443299e-01,1.094135e-02,1.014232e-02,8.540339e-03,3.598653e-03,7.154490e-02,3.019056e-01
1.915582e-01,8.265722e-03,4.137797e-02,5.992873e-02,1.334515e-02,4.654590e-03,7.449154e-04,2.758073e-03,1.248993e-01,1.079355e-02,1.887777e-02,7.733476e-03,2.743051e-03,1.288228e-01,3.834967e-01
1.361519e-01,5.895850e-03,2.936247e-02,4.199054e-02,9.522622e-03,3.592989e-03,5.423234e-04,1.944446e-03,9.507436e-02,1.825253e-02,4.266063e-02,6.689467e-03,2.786877e-03,2.677166e-01,3.378164e-01
9.560559e-02,4.153887e-03,2.060998e-02,2.939948e-02,6.759591e-03,2.621913e-03,3.852476e-04,1.364850e-03,6.832784e-02,2.665863e-02,3.900151e-02,5.149039e-03,2.126171e-03,4.414707e-01,2.563656e-01
6.723352e-02,2.920119e-03,1.452674e-02,2.058847e-02,4.841400e-03,1.985476e-03,2.814918e-04,9.657429e-04,4.882367e-02,1.602519e-01,3.267479e-02,4.021187e-03,1.654321e-03,4.511234e-01,1.881077e-01
4.709022e-02,2.108276e-03,1.038707e-02,1.442037e-02,3.444068e-03,1.609275e-03,2.341206e-04,6.819226e-04,3.546579e-02,2.390286e-01,2.345938e-02,3.001737e-03,1.564142e-03,4.821406e-01,1.353644e-01
3.333109e-02,2.742453e-03,8.447574e-03,1.025264e-02,3.560313e-03,3.248662e-03,1.848147e-03,9.664915e-04,4.596227e-02,3.993943e-01,1.982460e-02,2.575095e-03,1.724447e-03,3.636604e-01,1.024616e-01
2.417186e-02,5.849995e-03,1.190902e-02,9.003424e-03,7.085358e-03,5.331074e-03,1.627088e-03,9.507081e-03,5.244172e-02,5.109288e-01,1.848426e-02,2.083915e-03,2.267102e-03,2.589470e-01,8.036228e-02
1.892097e-02,5.233761e-03,1.034768e-02,1.342610e-02,8.692980e-03,2.365077e-02,1.621608e-02,4.818835e-02,6.668630e-02,5.014177e-01,1.768602e-02,2.510830e-03,3.799006e-03,2.014764e-01,6.174703e-02
2.056626e-02,4.251605e-03,1.246227e-02,2.514484e-02,1.087643e-02,2.922450e-02,2.141300e-02,2.174793e-01,5.488621e-02,3.921784e-01,1.503119e-02,1.963151e-03,3.036173e-03,1.461259e-01,4.536069e-02
2.103529e-02,3.604560e-03,1.484335e-02,2.073556e-02,1.213885e-02,4.573230e-02,8.294930e-02,2.968977e-01,4.094155e-02,2.874882e-01,1.105214e-02,1.486866e-03,2.379975e-02,1.036204e-01,3.367418e-02
1.703741e-02,2.904860e-03,1.279333e-02,1.660137e-02,1.029410e-02,3.691286e-02,2.324760e-01,3.069663e-01,2.926485e-02,2.025231e-01,7.897872e-03,1.100157e-03,2.663997e-02,7.266460e-02,2.392313e-02
1.658045e-02,2.321445e-03,1.056634e-02,1.223527e-02,8.040454e-03,3.182625e-02,3.666115e-01,2.717945e-01,2.177331e-02,1.421422e-01,5.713381e-03,9.430770e-04,4.125420e-02,5.093069e-02,1.726678e-02
1.424079e-02,1.733976e-03,7.943813e-03,8.692651e-03,5.989331e-03,2.499094e-02,5.190688e-01,2.060741e-01,1.552029e-02,9.956384e-02,4.065048e-03,7.936564e-04,4.336677e-02,3.566942e-02,1.228653e-02
1.337714e-02,1.399554e-03,6.691758e-03,6.255449e-03,4.552047e-03,2.178480e-02,6.296222e-01,1.529896e-01,1.130227e-02,6.975965e-02,3.005071e-03,7.494145e-04,4.466833e-02,2.500306e-02,8.839628e-03
9.979879e-03,1.026162e-03,4.864398e-03,4.409604e-03,3.448047e-03,1.667032e-02,7.271717e-01,1.156124e-01,8.073590e-03,4.884816e-02,2.517422e-03,5.861957e-04,3.294531e-02,1.751516e-02,6.331648e-03
7.516985e-03,7.692549e-04,3.631662e-03,3.168258e-03,2.717810e-03,1.228102e-02,7.899747e-01,9.693389e-02,5.822093e-03,3.421057e-02,2.038777e-03,5.285072e-04,2.358127e-02,1.228819e-02,4.536921e-03
6.354315e-03,7.288678e-04,2.843186e-03,2.345618e-03,2.186044e-03,1.035267e-02,8.381255e-01,7.710699e-02,4.199860e-03,2.399767e-02,1.678240e-03,5.346967e-04,1.721633e-02,8.654097e-03,3.675977e-03
5.798095e-03,7.758155e-04,2.586374e-03,1.778550e-03,1.895520e-03,9.279159e-03,8.706817e-01,5.995554e-02,3.240863e-03,1.697360e-02,2.065739e-03,7.046614e-04,1.278734e-02,6.153206e-03,5.323814e-03
5.124135e-03,6.800636e-04,2.016628e-03,1.476689e-03,1.677874e-03,8.827105e-03,8.474981e-01,4.784611e-02,2.838348e-03,1.256165e-02,6.791862e-03,4.119603e-03,1.142537e-02,4.941309e-03,4.217510e-02
4.247554e-03,6.014077e-04,1.623646e-03,1.140379e-03,1.977735e-03,7.976349e-03,8.114966e-01,4.136638e-02,3.981510e-03,1.030157e-02,3.140512e-02,1.365147e-02,9.978568e-03,2.640152e-02,3.385018e-02
5.644594e-03,4.924223e-04,1.286569e-03,1.412952e-03,3.548356e-03,7.271966e-03,5.767142e-01,3.416578e-02,1.417782e-02,1.087502e-02,2.264516e-01,4.895512e-02,8.932119e-03,3.363390e-02,2.643767e-02
1.825533e-02,6.558609e-04,1.115482e-03,2.635297e-03,4.121843e-03,1.793991e-02,4.519612e-01,3.292072e-02,1.073579e-02,8.305630e-03,2.418106e-01,1.378161e-01,9.518945e-03,4.240897e-02,1.979821e-02
2.361629e-02,9.488940e-04,9.660551e-04,4.077433e-03,5.773932e-03,2.789458e-02,3.424208e-01,3.097765e-02,9.178985e-03,6.201359e-03,2.689794e-01,2.108557e-01,1.016592e-02,4.345943e-02,1.448353e-02
1.791949e-02,1.646108e-03,8.288856e-04,4.080361e-03,9.997842e-03,2.591222e-02,2.414001e-01,2.351913e-02,1.403524e-02,4.965753e-03,3.621217e-01,2.207111e-01,8.449698e-03,5.414865e-02,1.026371e-02
1.736742e-02,3.980586e-03,9.822983e-04,3.063245e-03,9.407710e-03,2.075190e-02,1.698088e-01,1.869155e-02,2.315350e-02,3.752058e-03,2.962192e-01,3.739590e-01,6.400174e-03,4.510780e-02,7.354687e-03
1.421134e-02,3.469984e-03,9.287680e-04,2.526699e-03,9.380348e-03,1.874615e-02,1.196928e-01,1.469213e-02,2.783519e-02,2.873043e-03,2.669365e-01,4.563597e-01,4.977972e-03,5.213286e-02,5.236528e-03
1.444400e-02,3.650993e-03,2.388807e-03,2.326038e-03,8.913578e-03,2.790657e-02,8.448453e-02,1.220185e-02,4.889289e-02,3.280788e-03,3.550469e-01,3.485432e-01,4.240558e-03,7.965857e-02,4.020704e-03
1.449030e-02,9.070747e-03,3.496433e-03,2.214249e-03,1.072189e-02,2.405695e-02,5.928127e-02,9.401749e-03,1.545476e-01,3.357391e-03,3.311841e-01,2.925288e-01,3.741082e-03,7.830167e-02,3.605784e-03
2.558975e-02,8.943327e-03,8.537727e-03,2.316674e-03,1.109713e-02,1.970196e-02,4.153662e-02,7.721008e-03,2.670145e-01,3.466550e-03,2.883050e-01,2.169548e-01,3.587731e-03,9.206530e-02,3.161998e-03
1.891325e-02,6.635760e-03,8.173227e-03,1.747726e-03,8.065956e-03,1.565960e-02,2.908150e-02,5.595136e-03,4.367313e-01,2.805816e-03,2.185096e-01,1.536036e-01,2.625178e-03,8.954894e-02,2.303271e-03
1.412680e-02,4.805407e-03,9.138693e-03,1.835728e-03,6.205701e-03,1.235204e-02,2.036195e-02,4.055609e-03,4.232097e-01,2.823240e-03,2.139690e-01,1.094165e-01,2.057198e-03,1.739250e-01,1.717365e-03
1.039738e-02,3.525772e-03,9.410789e-03,1.926094e-03,4.627855e-03,9.268116e-03,1.425572e-02,2.928979e-03,4.263837e-01,2.524683e-03,1.954529e-01,7.791993e-02,1.631378e-03,2.384120e-01,1.334618e-03
7.820630e-03,2.883823e-03,9.417376e-03,1.597144e-03,3.708451e-03,6.899742e-03,9.980553e-03,2.093419e-03,5.218724e-01,1.925658e-03,1.558862e-01,5.627619e-02,1.199428e-03,2.173265e-01,1.112540e-03
