1.000000e+00,0.000000e+00,0.000000e+00,0.000000e+00,0.000000e+00,0.000000e+00,0.000000e+00,0.000000e+00,0.000000e+00,0.000000e+00,0.000000e+00,0.000000e+00,0.000000e+00,0.000000e+00,0.000000e+00
1.000000e+00,0.000000e+00,0.000000e+00,0.000000e+00,0.000000e+00,0.000000e+00,0.000000e+00,0.000000e+00,0.000000e+00,0.000000e+00,0.000000e+00,0.000000e+00,0.000000e+00,0.000000e+00,0.000000e+00
1.000000e+00,0.000000e+00,0.000000e+00,0.000000e+00,0.000000e+00,0.000000e+00,0.000000e+00,0.000000e+00,0.000000e+00,0.000000e+00,0.000000e+00,0.000000e+00,0.000000e+00,0.000000e+00,0.000000e+00
1.000000e+00,0.000000e+00,0.000000e+00,0.000000e+00,0.000000e+00,0.000000e+00,0.000000e+00,0.000000e+00,0.000000e+00,0.000000e+00,0.000000e+00,0.000000e+00,0.000000e+00,0.000000e+00,0.000000e+00
1.000000e+00,0.000000e+00,0.000000e+00,0.000000e+00,0.000000e+00,0.000000e+00,0.000000e+00,0.000000e+00,0.000000e+00,0.000000e+00,0.000000e+00,0.000000e+00,0.000000e+00,0.000000e+00,0.000000e+00
1.000000e+00,0.000000e+00,0.000000e+00,0.000000e+00,0.000000e+00,0.000000e+00,0.000000e+00,0.000000e+00,0.000000e+00,0.000000e+00,0.000000e+00,0.000000e+00,0.000000e+00,0.000000e+00,0.000000e+00
1.000000e+00,0.000000e+00,0.000000e+00,0.000000e+00,0.000000e+00,0.000000e+00,0.000000e+00,0.000000e+00,0.000000e+00,0.000000e+00,0.000000e+00,0.000000e+00,0.000000e+00,0.000000e+00,0.000000e+00
1.000000e+00,0.000000e+00,0.000000e+00,0.000000e+00,0.000000e+00,0.000000e+00,0.000000e+00,0.000000e+00,0.000000e+00,0.000000e+00,0.000000e+00,0.000000e+00,0.000000e+00,0.000000e+00,0.000000e+00
1.000000e+00,0.000000e+00,0.000000e+00,0.000000e+00,0.000000e+00,0.000000e+00,0.000000e+00,0.000000e+00,0.000000e+00,0.000000e+00,0.000000e+00,0.000000e+00,0.000000e+00,0.000000e+00,0.000000e+00
1.000000e+00,0.000000e+00,0.000000e+00,0.000000e+00,0.000000e+00,0.000000e+00,0.000000e+00,0.000000e+00,0.000000e+00,0.000000e+00,0.000000e+00,0.000000e+00,0.000000e+00,0.000000e+00,0.000000e+00
1.000000e+00,0.000000e+00,0.000000e+00,0.000000e+00,0.000000e+00,0.000000e+00,0.000000e+00,0.000000e+00,0.000000e+00,0.000000e+00,0.000000e+00,0.000000e+00,0.000000e+00,0.000000e+00,0.000000e+00
1.000000e+00,0.000000e+00,0.000000e+00,0.000000e+00,0.000000e+00,0.000000e+00,0.000000e+00,0.000000e+00,0.000000e+00,0.000000e+00,0.000000e+00,0.000000e+00,0.000000e+00,0.000000e+00,0.000000e+00
1.000000e+00,0.000000e+00,0.000000e+00,0.000000e+00,0.000000e+00,0.000000e+00,0.000000e+00,0.000000e+00,0.000000e+00,0.000000e+00,0.000000e+00,0.000000e+00,0.000000e+00,0.000000e+00,0.000000e+00
1.000000e+00,0.000000e+00,0.000000e+00,0.000000e+00,0.000000e+00,0.000000e+00,0.000000e+00,0.000000e+00,0.000000e+00,0.000000e+00,0.000000e+00,0.000000e+00,0.000000e+00,0.000000e+00,0.000000e+00
1.000000e+00,0.000000e+00,0.000000e+00,0.000000e+00,0.000000e+00,0.000000e+00,0.000000e+00,0.000000e+00,0.000000e+00,0.000000e+00,0.000000e+00,0.000000e+00,0.000000e+00,0.000000e+00,0.000000e+00
1.000000e+00,0.000000e+00,0.000000e+00,0.000000e+00,0.000000e+00,0.000000e+00,0.000000e+00,0.000000e+00,0.000000e+00,0.000000e+00,0.000000e+00,0.000000e+00,0.000000e+00,0.000000e+00,0.000000e+00
1.000000e+00,0.000000e+00,0.000000e+00,0.000000e+00,0.000000e+00,0.000000e+00,0.000000e+00,0.000000e+00,0.000000e+00,0.000000e+00,0.000000e+00,0.000000e+00,0.000000e+00,0.000000e+00,0.000000e+00
1.000000e+00,0.000000e+00,0.000000e+00,0.000000e+00,0.000000e+00,0.000000e+00,0.000000e+00,0.000000e+00,0.000000e+00,0.000000e+00,0.000000e+00,0.000000e+00,0.000000e+00,0.000000e+00,0.000000e+00
1.000000e+00,0.000000e+00,0.000000e+00,0.000000e+00,0.000000e+00,0.000000e+00,0.000000e+00,0.000000e+00,0.000000e+00,0.000000e+00,0.000000e+00,0.000000e+00,0.000000e+00,0.000000e+00,0.000000e+00
1.000000e+00,0.000000e+00,0.000000e+00,0.000000e+00,0.000000e+00,0.000000e+00,0.000000e+00,0.000000e+00,0.000000e+00,0.000000e+00,0.000000e+00,0.000000e+00,0.000000e+00,0.000000e+00,0.000000e+00
1.000000e+00,0.000000e+00,0.000000e+00,0.000000e+00,0.000000e+00,0.000000e+00,0.000000e+00,0.000000e+00,0.000000e+00,0.000000e+00,0.000000e+00,0.000000e+00,0.000000e+00,0.000000e+00,0.000000e+00
1.000000e+00,0.000000e+00,0.000000e+00,0.000000e+00,0.000000e+00,0.000000e+00,0.000000e+00,0.000000e+00,0.000000e+00,0.000000e+00,0.000000e+00,0.000000e+00,0.000000e+00,0.000000e+00,0.000000e+00
1.000000e+00,0.000000e+00,0.000000e+00,0.000000e+00,0.000000e+00,0.000000e+00,0.000000e+00,0.000000e+00,0.000000e+00,0.000000e+00,0.000000e+00,0.000000e+00,0.000000e+00,0.000000e+00,0.000000e+00
1.000000e+00,0.000000e+00,0.000000e+00,0.000000e+00,0.000000e+00,0.000000e+00,0.000000e+00,0.000000e+00,0.000000e+00,0.000000e+00,0.000000e+00,0.000000e+00,0.000000e+00,0.000000e+00,0.000000e+00
1.000000e+00,0.000000e+00,0.000000e+00,0.000000e+00,0.000000e+00,0.000000e+00,0.000000e+00,0.000000e+00,0.000000e+00,0.000000e+00,0.000000e+00,0.000000e+00,0.000000e+00,0.000000e+00,0.000000e+00
1.000000e+00,0.000000e+00,0.000000e+00,0.000000e+00,0.000000e+00,0.000000e+00,0.000000e+00,0.000000e+00,0.000000e+00,0.000000e+00,0.000000e+00,0.000000e+00,0.000000e+00,0.000000e+00,0.000000e+00
1.000000e+00,0.000000e+00,0.000000e+00,0.000000e+00,0.000000e+00,0.000000e+00,0.000000e+00,0.000000e+00,0.000000e+00,0.000000e+00,0.000000e+00,0.000000e+00,0.000000e+00,0.000000e+00,0.000000e+00
1.000000e+00,0.000000e+00,0.000000e+00,0.000000e+00,0.000000e+00,0.000000e+00,0.000000e+00,0.000000e+00,0.000000e+00,0.000000e+00,0.000000e+00,0.000000e+00,0.000000e+00,0.000000e+00,0.000000e+00
1.000000e+00,0.000000e+00,0.000000e+00,0.000000e+00,0.000000e+00,0.000000e+00,0.000000e+00,0.000000e+00,0.000000e+00,0.000000e+00,0.000000e+00,0.000000e+00,0.000000e+00,0.000000e+00,0.000000e+00
1.000000e+00,0.000000e+00,0.000000e+00,0.000000e+00,0.000000e+00,0.000000e+00,0.000000e+00,0.000000e+00,0.000000e+00,0.000000e+00,0.000000e+00,0.000000e+00,0.000000e+00,0.000000e+00,0.000000e+00
1.000000e+00,0.000000e+00,0.000000e+00,0.000000e+00,0.000000e+00,0.000000e+00,0.000000e+00,0.000000e+00,0.000000e+00,0.000000e+00,0.000000e+00,0.000000e+00,0.000000e+00,0.000000e+00,0.000000e+00
1.000000e+00,0.000000e+00,0.000000e+00,0.000000e+00,0.000000e+00,0.000000e+00,0.000000e+00,0.000000e+00,0.000000e+00,0.000000e+00,0.000000e+00,0.000000e+00,0.000000e+00,0.000000e+00,0.000000e+00
1.000000e+00,0.000000e+00,0.000000e+00,0.000000e+00,0.000000e+00,0.000000e+00,0.000000e+00,0.000000e+00,0.000000e+00,0.000000e+00,0.000000e+00,0.000000e+00,0.000000e+00,0.000000e+00,0.000000e+00
1.000000e+00,0.000000e+00,0.000000e+00,0.000000e+00,0.000000e+00,0.000000e+00,0.000000e+00,0.000000e+00,0.000000e+00,0.000000e+00,0.000000e+00,0.000000e+00,0.000000e+00,0.000000e+00,0.000000e+00
1.000000e+00,0.000000e+00,0.000000e+00,0.000000e+00,0.000000e+00,0.000000e+00,0.000000e+00,0.000000e+00,0.000000e+00,0.000000e+00,0.000000e+00,0.000000e+00,0.000000e+00,0.000000e+00,0.000000e+00
1.000000e+00,0.000000e+00,0.000000e+00,0.000000e+00,0.000000e+00,0.000000e+00,0.000000e+00,0.000000e+00,0.000000e+00,0.000000e+00,0.000000e+00,0.000000e+00,0.000000e+00,0.000000e+00,0.000000e+00
1.000000e+00,0.000000e+00,0.000000e+00,0.000000e+00,0.000000e+00,0.000000e+00,0.000000e+00,0.000000e+00,0.000000e+00,0.000000e+00,0.000000e+00,0.000000e+00,0.000000e+00,0.000000e+00,0.000000e+00
1.000000e+00,0.000000e+00,0.000000e+00,0.000000e+00,0.000000e+00,0.000000e+00,0.000000e+00,0.000000e+00,0.000000e+00,0.000000e+00,0.000000e+00,0.000000e+00,0.000000e+00,0.000000e+00,0.000000e+00
1.000000e+00,0.000000e+00,0.000000e+00,0.000000e+00,0.000000e+00,0.000000e+00,0.000000e+00,0.000000e+00,0.000000e+00,0.000000e+00,0.000000e+00,0.000000e+00,0.000000e+00,0.000000e+00,0.000000e+00
1.000000e+00,0.000000e+00,0.000000e+00,0.000000e+00,0.000000e+00,0.000000e+00,0.000000e+00,0.000000e+00,0.000000e+00,0.000000e+00,0.000000e+00,0.000000e+00,0.000000e+00,0.000000e+00,0.000000e+00
1.000000e+00,0.000000e+00,0.000000e+00,0.000000e+00,0.000000e+00,0.000000e+00,0.000000e+00,0.000000e+00,0.000000e+00,0.000000e+00,0.000000e+00,0.000000e+00,0.000000e+00,0.000000e+00,0.000000e+00
1.000000e+00,0.000000e+00,0.000000e+00,0.000000e+00,0.000000e+00,0.000000e+00,0.000000e+00,0.000000e+00,0.000000e+00,0.000000e+00,0.000000e+00,0.000000e+00,0.000000e+00,0.000000e+00,0.000000e+00
1.000000e+00,0.000000e+00,0.000000e+00,0.000000e+00,0.000000e+00,0.000000e+00,0.000000e+00,0.000000e+00,0.000000e+00,0.000000e+00,0.000000e+00,0.000000e+00,0.000000e+00,0.000000e+00,0.000000e+00
1.000000e+00,0.000000e+00,0.000000e+00,0.000000e+00,0.000000e+00,0.000000e+00,0.000000e+00,0.000000e+00,0.000000e+00,0.000000e+00,0.000000e+00,0.000000e+00,0.000000e+00,0.000000e+00,0.000000e+00
1.000000e+00,0.000000e+00,0.000000e+00,0.000000e+00,0.000000e+00,0.000000e+00,0.000000e+00,0.000000e+00,0.000000e+00,0.000000e+00,0.000000e+00,0.000000e+00,0.000000e+00,0.000000e+00,0.000000e+00
1.000000e+00,0.000000e+00,0.000000e+00,0.000000e+00,0.000000e+00,0.000000e+00,0.000000e+00,0.000000e+00,0.000000e+00,0.000000e+00,0.000000e+00,0.000000e+00,0.000000e+00,0.000000e+00,0.000000e+00
1.000000e+00,0.000000e+00,0.000000e+00,0.000000e+00,0.000000e+00,0.000000e+00,0.000000e+00,0.000000e+00,0.000000e+00,0.000000e+00,0.000000e+00,0.000000e+00,0.000000e+00,0.000000e+00,0.000000e+00
1.000000e+00,0.000000e+00,0.000000e+00,0.000000e+00,0.000000e+00,0.000000e+00,0.000000e+00,0.000000e+00,0.000000e+00,0.000000e+00,0.000000e+00,0.000000e+00,0.000000e+00,0.000000e+00,0.000000e+00
1.000000e+00,0.000000e+00,0.000000e+00,0.000000e+00,0.000000e+00,0.000000e+00,0.000000e+00,0.000000e+00,0.000000e+00,0.000000e+00,0.000000e+00,0.000000e+00,0.000000e+00,0.000000e+00,0.000000e+00
1.000000e+00,0.000000e+00,0.000000e+00,0.000000e+00,0.000000e+00,0.000000e+00,0.000000e+00,0.000000e+00,0.000000e+00,0.000000e+00,0.000000e+00,0.000000e+00,0.000000e+00,0.000000e+00,0.000000e+00
1.000000e+00,0.000000e+00,0.000000e+00,0.000000e+00,0.000000e+00,0.000000e+00,0.000000e+00,0.000000e+00,0.000000e+00,0.000000e+00,0.000000e+00,0.000000e+00,0.000000e+00,0.000000e+00,0.000000e+00
1.000000e+00,0.000000e+00,0.000000e+00,0.000000e+00,0.000000e+00,0.000000e+00,0.000000e+00,0.000000e+00,0.000000e+00,0.000000e+00,0.000000e+00,0.000000e+00,0.000000e+00,0.000000e+00,0.000000e+00
1.000000e+00,0.000000e+00,0.000000e+00,0.000000e+00,0.000000e+00,0.000000e+00,0.000000e+00,0.000000e+00,0.000000e+00,0.000000e+00,0.000000e+00,0.000000e+00,0.000000e+00,0.000000e+00,0.000000e+00
1.000000e+00,0.000000e+00,0.000000e+00,0.000000e+00,0.000000e+00,0.000000e+00,0.000000e+00,0.000000e+00,0.000000e+00,0.000000e+00,0.000000e+00,0.000000e+00,0.000000e+00,0.000000e+00,0.000000e+00
1.000000e+00,0.000000e+00,0.000000e+00,0.000000e+00,0.000000e+00,0.000000e+00,0.000000e+00,0.000000e+00,0.000000e+00,0.000000e+00,0.000000e+00,0.000000e+00,0.000000e+00,0.000000e+00,0.000000e+00
4.667371e-01,1.300960e-02,9.265211e-03,2.750702e-02,6.695176e-03,1.567284e-01,1.052782e-02,7.531398e-03,9.783179e-03,1.387513e-03,8.385103e-03,2.159592e-02,2.351118e-01,5.025035e-03,2.070976e-02
3.267869e-01,9.415700e-03,6.534884e-03,2.086578e-02,4.806507e-03,1.666678e-01,7.863803e-03,5.333292e-03,1.004450e-02,1.026049e-03,5.996103e-03,1.713987e-02,3.976411e-01,3.530372e-03,1.634727e-02
2.289133e-01,6.898443e-03,4.623014e-03,1.543075e-02,3.928610e-03,1.511236e-01,5.783099e-03,3.773478e-03,8.080821e-03,7.333331e-04,4.445675e-03,1.849324e-02,5.331320e-01,2.482415e-03,1.215831e-02
1.603470e-01,1.526535e-02,5.619934e-03,4.341022e-02,3.163512e-03,1.199871e-01,4.597985e-03,2.659174e-03,4.420939e-02,8.508121e-04,3.235453e-03,1.705147e-02,5.649434e-01,1.761331e-03,1.289792e-02
1.123443e-01,1.154618e-02,4.530207e-03,3.423572e-02,2.391227e-03,9.110057e-02,3.365550e-03,1.921008e-03,3.920424e-02,7.152034e-04,2.439916e-03,1.324963e-02,6.711003e-01,1.238752e-03,1.061728e-02
7.867168e-02,8.249894e-03,3.205441e-03,2.402891e-02,1.752618e-03,6.584829e-02,2.380437e-03,1.360038e-03,2.805927e-02,5.084940e-04,1.754103e-03,9.840454e-03,7.652133e-01,8.709123e-04,8.256276e-03
5.511407e-02,5.863913e-03,2.260156e-03,1.687542e-02,1.304490e-03,4.747988e-02,1.688189e-03,9.783927e-04,2.064879e-02,3.616865e-04,1.258540e-03,7.714021e-03,8.316749e-01,6.161234e-04,6.161454e-03
3.877350e-02,5.196879e-03,1.662356e-03,1.199836e-02,1.163219e-03,3.452631e-02,1.241405e-03,9.600623e-04,2.849344e-02,2.975964e-04,1.090979e-03,8.372981e-03,8.607235e-01,4.846737e-04,5.014746e-03
2.750505e-02,7.272073e-03,1.367500e-03,8.694298e-03,9.432117e-04,3.065967e-02,9.384471e-04,1.200666e-03,7.163932e-02,2.956612e-04,1.073138e-03,7.339428e-03,8.363633e-01,3.926723e-04,4.315598e-03
1.940757e-02,8.249362e-03,1.306223e-03,6.920632e-03,7.341322e-04,2.409343e-02,7.090715e-04,9.252247e-04,2.365471e-01,4.146516e-04,8.324409e-04,5.324784e-03,6.897915e-01,2.841784e-04,4.459675e-03
1.420159e-02,9.285110e-03,1.339756e-03,5.215332e-03,9.841123e-04,2.333021e-02,6.939450e-04,1.506559e-03,2.493431e-01,4.231637e-04,9.478420e-04,4.201301e-03,6.609090e-01,4.955518e-04,2.712338e-02
1.096592e-02,1.201607e-02,1.770030e-03,4.644524e-03,1.499222e-03,1.975609e-02,6.734522e-04,2.988941e-03,2.367911e-01,4.844676e-04,9.859715e-04,3.368505e-03,6.494097e-01,5.440998e-04,5.410196e-02
9.626102e-03,5.048004e-02,2.009746e-03,4.399717e-03,2.758017e-03,1.549765e-02,6.770521e-04,2.495779e-03,2.337039e-01,5.496696e-04,9.093327e-04,3.020258e-03,5.942887e-01,5.279059e-04,7.905611e-02
7.511596e-03,5.317655e-02,1.836557e-03,4.763857e-03,3.015645e-03,1.262634e-02,7.686512e-04,2.011897e-03,2.376525e-01,5.950090e-04,8.999214e-04,2.756547e-03,5.837362e-01,4.037489e-04,8.824494e-02
7.715749e-03,5.126946e-02,1.751312e-03,6.732385e-03,5.118369e-03,9.829747e-03,8.461826e-04,2.093603e-03,2.228238e-01,5.422113e-04,7.845545e-04,2.338294e-03,5.759885e-01,3.378234e-04,1.118279e-01
7.229685e-03,4.074575e-02,2.212420e-03,5.484854e-03,6.257966e-03,8.264965e-03,9.212171e-04,3.543703e-02,1.734594e-01,4.191119e-04,7.591412e-04,3.822549e-03,6.070523e-01,4.082634e-04,1.075253e-01
8.963888e-03,2.979939e-02,2.800121e-03,4.480615e-03,6.520296e-03,6.575104e-03,1.139278e-03,1.132464e-01,1.261133e-01,3.347589e-04,6.779901e-04,3.836219e-03,5.868908e-01,4.483963e-04,1.081734e-01
8.636624e-03,2.121694e-02,7.119765e-03,3.686383e-03,5.658153e-03,6.209138e-03,2.780287e-03,3.405260e-01,8.947696e-02,2.877818e-04,5.531251e-04,2.865307e-03,4.298573e-01,3.895483e-04,8.073667e-02
7.517617e-03,1.492985e-02,6.273997e-03,2.891038e-03,6.139163e-03,4.733885e-03,2.765562e-03,5.238447e-01,6.311825e-02,2.084428e-04,4.199936e-04,2.045287e-03,3.066955e-01,2.788725e-04,5.813784e-02
8.440095e-03,1.053977e-02,4.933660e-03,2.153536e-03,5.904052e-03,3.973391e-03,3.436143e-03,6.541680e-01,4.438845e-02,1.493959e-04,3.234179e-04,1.477019e-03,2.186658e-01,2.051365e-04,4.124219e-02
9.194434e-03,7.714952e-03,4.203905e-03,1.618759e-03,7.612207e-03,3.447209e-03,3.599328e-03,7.406934e-01,3.203912e-02,1.253316e-04,3.401033e-04,1.136061e-03,1.584564e-01,1.598708e-04,2.965887e-02
1.332672e-02,6.001648e-03,3.966625e-03,1.609647e-03,1.024334e-02,3.442776e-03,3.165062e-03,7.937281e-01,2.305866e-02,1.354691e-04,3.926995e-04,9.864585e-04,1.161728e-01,1.471030e-04,2.362285e-02
1.752451e-02,4.632848e-03,3.255271e-03,2.435070e-03,1.057015e-02,2.821572e-03,2.303272e-03,8.376085e-01,1.641631e-02,1.142346e-04,5.385964e-04,8.085525e-04,8.317289e-02,1.460365e-04,1.765216e-02
1.866425e-02,3.393798e-03,2.735621e-03,2.925628e-03,8.734093e-03,2.276716e-03,1.715181e-03,8.755211e-01,1.155810e-02,8.781115e-05,4.742609e-04,6.143165e-04,5.860822e-02,1.212068e-04,1.256970e-02
3.440724e-02,2.573885e-03,3.460871e-03,7.634624e-03,9.798389e-03,2.396837e-03,2.325641e-03,8.757986e-01,8.191319e-03,1.074118e-04,8.139326e-04,6.286263e-04,4.237707e-02,1.187124e-04,9.366746e-03
3.870859e-02,1.916659e-03,3.177366e-03,6.489648e-03,9.136230e-03,1.903075e-03,1.722750e-03,8.933347e-01,5.777793e-03,1.059483e-04,7.318282e-04,5.007143e-04,2.978396e-02,9.652282e-05,6.614155e-03
4.134534e-02,1.421465e-03,3.387808e-03,6.152888e-03,7.079794e-03,1.678299e-03,1.363733e-03,9.064776e-01,4.092549e-03,1.083237e-04,6.556041e-04,4.504336e-04,2.100148e-02,8.908340e-05,4.695668e-03
3.751798e-02,1.070061e-03,2.936424e-03,5.465241e-03,5.217908e-03,1.345275e-03,1.072406e-03,9.231164e-01,2.939033e-03,1.405868e-04,5.738115e-04,3.868613e-04,1.479127e-02,8.063986e-05,3.346112e-03
3.611467e-02,8.451562e-04,2.753582e-03,4.715127e-03,4.042175e-03,1.032084e-03,8.960115e-04,9.336232e-01,2.092413e-03,1.395790e-04,5.029220e-04,3.292868e-04,1.045451e-02,6.800702e-05,2.391370e-03
3.293091e-02,6.727841e-04,2.495754e-03,3.769498e-03,3.058672e-03,8.396459e-04,7.505111e-04,9.435897e-01,1.536256e-03,2.027176e-04,4.938353e-04,4.091220e-04,7.436630e-03,7.518419e-05,1.738882e-03
2.901872e-02,5.184676e-04,2.003188e-03,2.855454e-03,2.719542e-03,6.995350e-04,6.697274e-04,9.527003e-01,1.204764e-03,1.730701e-04,4.001882e-04,4.004311e-04,5.271337e-03,7.332684e-05,1.292018e-03
2.751921e-02,3.973659e-04,1.601956e-03,2.343445e-03,2.792660e-03,5.750884e-04,5.849799e-04,9.575263e-01,1.022494e-03,1.455855e-04,3.393494e-04,3.879831e-04,3.743720e-03,6.611420e-05,9.537094e-04
4.436572e-02,5.220210e-04,1.286924e-03,2.721446e-03,2.631467e-03,6.617873e-04,4.892119e-04,9.166729e-01,3.393839e-03,4.367891e-04,5.734446e-03,4.463352e-03,1.420714e-02,8.159141e-04,1.596939e-03
5.496474e-02,1.038297e-03,1.154929e-03,2.925321e-03,3.400294e-03,9.815595e-04,4.543271e-04,8.726371e-01,4.663641e-03,8.391562e-04,1.113967e-02,6.220683e-03,3.244744e-02,1.332314e-03,5.800547e-03
7.926519e-02,2.020417e-03,1.818127e-03,3.701643e-03,5.787017e-03,1.876579e-03,5.443046e-04,7.415115e-01,6.466111e-03,1.147052e-03,2.720793e-02,1.624213e-02,9.786192e-02,2.032291e-03,1.251786e-02
9.382233e-02,5.010676e-03,6.693370e-03,9.490751e-03,9.103427e-03,4.947196e-03,1.276417e-03,6.256539e-01,1.109325e-02,2.442240e-03,3.091403e-02,3.313545e-02,1.447451e-01,2.108102e-03,1.956380e-02
1.251124e-01,5.034352e-03,6.340948e-03,7.872626e-03,9.160146e-03,7.215742e-03,1.619088e-03,5.302364e-01,1.631499e-02,2.332044e-03,5.163287e-02,4.618364e-02,1.724399e-01,1.977944e-03,1.652688e-02
1.786229e-01,1.153115e-02,7.244599e-03,6.908083e-03,1.421759e-02,7.583889e-03,3.987838e-03,4.132336e-01,2.828122e-02,1.916694e-03,5.635729e-02,4.373065e-02,2.048413e-01,4.148781e-03,1.739440e-02
2.639820e-01,1.194685e-02,7.738057e-03,5.587563e-03,1.741436e-02,7.908147e-03,4.250160e-03,3.158349e-01,2.490820e-02,1.581253e-03,4.705807e-02,4.023518e-02,2.301173e-01,5.416400e-03,1.602162e-02
3.509026e-01,1.571491e-02,1.054209e-02,6.040892e-03,1.927976e-02,7.224621e-03,4.395291e-03,2.274628e-01,2.192894e-02,1.504067e-03,4.142024e-02,3.852457e-02,2.365488e-01,6.216723e-03,1.229371e-02
4.133531e-01,1.225263e-02,9.608089e-03,5.955802e-03,1.644285e-02,6.702124e-03,4.019079e-03,1.627663e-01,2.051373e-02,1.840454e-03,3.685805e-02,3.896513e-02,2.522076e-01,7.989453e-03,1.052562e-02
3.871135e-01,9.781110e-03,8.459758e-03,6.294495e-03,1.741182e-02,5.845223e-03,3.219371e-03,1.203675e-01,2.454929e-02,2.660822e-03,4.569526e-02,5.007208e-02,2.994932e-01,8.832663e-03,1.020392e-02
3.188726e-01,7.700830e-03,7.720396e-03,9.139822e-03,1.826607e-02,4.804697e-03,2.700599e-03,8.681429e-02,2.753213e-02,3.773374e-03,7.659004e-02,5.050145e-02,3.434078e-01,1.443634e-02,2.773956e-02
2.612820e-01,6.531296e-03,9.772031e-03,1.036526e-02,2.053867e-02,4.930201e-03,2.877080e-03,6.823410e-02,3.015368e-02,5.656292e-03,1.086391e-01,4.984426e-02,3.334343e-01,3.057993e-02,5.716182e-02
3.164975e-01,7.522598e-03,1.555117e-02,2.604351e-02,2.765886e-02,1.477818e-02,3.177524e-03,5.859427e-02,3.976288e-02,1.036572e-02,1.054847e-01,4.608731e-02,2.527128e-01,2.884251e-02,4.692044e-02
3.090131e-01,1.166425e-02,2.665978e-02,2.641730e-02,4.154339e-02,1.496224e-02,4.476942e-03,6.259528e-02,5.897175e-02,1.279567e-02,1.174338e-01,3.647332e-02,1.860611e-01,3.829643e-02,5.263551e-02
2.509689e-01,9.971623e-03,2.898221e-02,3.144375e-02,3.727310e-02,1.411417e-02,4.108425e-03,1.320096e-01,5.079498e-02,2.198578e-02,1.510426e-01,2.723763e-02,1.382321e-01,3.940952e-02,6.242559e-02
1.869900e-01,8.936187e-03,1.219512e-01,1.360336e-01,3.300961e-02,1.138810e-02,3.263507e-03,1.173951e-01,5.646013e-02,1.699621e-02,1.119289e-01,1.945834e-02,9.830594e-02,2.807140e-02,4.981177e-02
1.427786e-01,8.652871e-03,2.212510e-01,1.740318e-01,2.923682e-02,9.997343e-03,2.468192e-03,1.037248e-01,6.543548e-02,1.338107e-02,8.301666e-02,1.403795e-02,7.003570e-02,2.019235e-02,4.175948e-02
2.112147e-01,1.901392e-02,2.174517e-01,1.455511e-01,3.326140e-02,1.008954e-02,2.078089e-03,8.997528e-02,6.924553e-02,1.405203e-02,7.239966e-02,1.202837e-02,5.108299e-02,1.772212e-02,3.483357e-02
1.899703e-01,2.192963e-02,2.365998e-01,1.280138e-01,5.400655e-02,9.314468e-03,1.798208e-03,1.137377e-01,7.519243e-02,1.280817e-02,6.069668e-02,9.179562e-03,3.677287e-02,2.000587e-02,2.997413e-02
1.830291e-01,2.000606e-02,2.364505e-01,1.323900e-01,6.941777e-02,1.069537e-02,1.585792e-03,1.345204e-01,7.646282e-02,1.126061e-02,4.748438e-02,7.396507e-03,2.713524e-02,1.767387e-02,2.449166e-02
2.185906e-01,2.193991e-02,1.956970e-01,1.188624e-01,5.975746e-02,1.003875e-02,1.457071e-03,1.623407e-01,9.279117e-02,1.196318e-02,3.745030e-02,7.827660e-03,2.122972e-02,1.432257e-02,2.573148e-02
2.742088e-01,2.222464e-02,1.565997e-01,1.002405e-01,5.852410e-02,1.212607e-02,1.486991e-03,1.912984e-01,8.499954e-02,1.014695e-02,2.988786e-02,7.071179e-03,1.792882e-02,1.315156e-02,2.010507e-02
4.002684e-01,2.217661e-02,1.139025e-01,8.144847e-02,5.328579e-02,1.033888e-02,1.533631e-03,1.431163e-01,8.991206e-02,8.321145e-03,2.564255e-02,8.741274e-03,1.478844e-02,1.043423e-02,1.608980e-02
4.463510e-01,2.416906e-02,8.635740e-02,6.306898e-02,5.255914e-02,9.635689e-03,1.507112e-03,1.158507e-01,1.309242e-01,6.952554e-03,2.080321e-02,8.251070e-03,1.258793e-02,8.564513e-03,1.241742e-02
1.000000e+00,0.000000e+00,0.000000e+00,0.000000e+00,0.000000e+00,0.000000e+00,0.000000e+00,0.000000e+00,0.000000e+00,0.000000e+00,0.000000e+00,0.000000e+00,0.000000e+00,0.000000e+00,0.000000e+00
1.000000e+00,0.000000e+00,0.000000e+00,0.000000e+00,0.000000e+00,0.000000e+00,0.000000e+00,0.000000e+00,0.000000e+00,0.000000e+00,0.000000e+00,0.000000e+00,0.000000e+00,0.000000e+00,0.000000e+00
1.000000e+00,0.000000e+00,0.000000e+00,0.000000e+00,0.000000e+00,0.000000e+00,0.000000e+00,0.000000e+00,0.000000e+00,0.000000e+00,0.000000e+00,0.000000e+00,0.000000e+00,0.000000e+00,0.000000e+00
4.034613e-01,1.082701e-01,3.301187e-02,7.428435e-02,3.676103e-02,7.102503e-03,1.993005e-03,4.429846e-02,9.491826e-02,3.907589e-03,3.359660e-02,1.261345e-01,1.655955e-02,5.141416e-03,1.055956e-02
2.826311e-01,1.917264e-01,2.529273e-02,6.178144e-02,2.593969e-02,5.125093e-03,1.400108e-03,3.109792e-02,6.773511e-02,3.087061e-03,1.832499e-01,8.902241e-02,1.527899e-02,8.685546e-03,7.946617e-03
1.985238e-01,2.101234e-01,2.177982e-02,5.384128e-02,1.833300e-02,3.702431e-03,9.908173e-04,2.199116e-02,4.984328e-02,3.537118e-03,3.128063e-01,6.819244e-02,1.482268e-02,1.532787e-02,6.184595e-03
1.414408e-01,1.625402e-01,2.047815e-02,5.801464e-02,1.439903e-02,4.317238e-03,7.546762e-04,1.623895e-02,3.989829e-02,3.719013e-03,4.030080e-01,7.616780e-02,1.271292e-02,4.092819e-02,5.382138e-03
9.939063e-02,1.156105e-01,1.532241e-02,4.677165e-02,1.272777e-02,3.324654e-03,5.468403e-04,1.160036e-02,2.951165e-02,3.424784e-03,5.418108e-01,6.467991e-02,9.445790e-03,4.177155e-02,4.060693e-03
7.026455e-02,8.191861e-02,1.173145e-02,3.569902e-02,1.271794e-02,4.432408e-03,4.324575e-04,8.744290e-03,2.166777e-02,2.898888e-03,5.560180e-01,5.038668e-02,7.356940e-03,1.324710e-01,3.260046e-03
4.948873e-02,5.740624e-02,8.340531e-03,2.831740e-02,1.193186e-02,4.446355e-03,3.239206e-04,6.388738e-03,1.661541e-02,2.370764e-03,5.110942e-01,3.894915e-02,5.875298e-03,2.560876e-01,2.363831e-03
3.486804e-02,4.021974e-02,5.890952e-03,2.056392e-02,9.041545e-03,4.263425e-03,2.311230e-04,4.532458e-03,1.288096e-02,1.737969e-03,3.973451e-01,3.207064e-02,4.513657e-03,4.301499e-01,1.690630e-03
2.461464e-02,2.937863e-02,4.204725e-03,1.497876e-02,1.043470e-02,1.269391e-02,1.728643e-04,3.229539e-03,4.880541e-02,1.379991e-03,3.494962e-01,4.038203e-02,3.550501e-03,4.551234e-01,1.554653e-03
1.735047e-02,2.110228e-02,2.990267e-03,1.087372e-02,9.485199e-03,1.765921e-02,1.283163e-04,2.299502e-03,4.842992e-02,1.107851e-03,3.223227e-01,3.465461e-02,2.731350e-03,5.074749e-01,1.389722e-03
1.218084e-02,1.522468e-02,2.126116e-03,7.682378e-03,7.504934e-03,1.381681e-02,9.457929e-05,1.632386e-03,4.212460e-02,9.098514e-04,2.747612e-01,2.675290e-02,2.036662e-03,5.921218e-01,1.030228e-03
8.578580e-03,1.114613e-02,1.643358e-03,5.562374e-03,6.026274e-03,1.220811e-02,7.795452e-05,1.169397e-03,8.303017e-02,8.908285e-04,2.759701e-01,2.124407e-02,1.514360e-03,5.700575e-01,8.808695e-04
6.036138e-03,9.682428e-03,1.667963e-03,4.622950e-03,5.944065e-03,1.039569e-02,6.197362e-05,8.505001e-04,2.264008e-01,1.034329e-03,2.473557e-01,1.608683e-02,1.093620e-03,4.670739e-01,1.693146e-03
4.299799e-03,1.114872e-02,2.062908e-03,3.652842e-03,5.130771e-03,1.370555e-02,4.931640e-05,6.885796e-04,4.219953e-01,1.251541e-03,1.804473e-01,1.133522e-02,7.892436e-04,3.410491e-01,2.393793e-03
3.089216e-03,8.582995e-03,1.885280e-03,2.728282e-03,3.943711e-03,1.596627e-02,3.800916e-05,5.507417e-04,5.683804e-01,1.500061e-03,1.290436e-01,7.995961e-03,5.679901e-04,2.536533e-01,2.074282e-03
2.272757e-03,7.423949e-03,2.548872e-03,3.035529e-03,2.891436e-03,1.978557e-02,3.172350e-05,3.975764e-04,6.585853e-01,3.985754e-03,9.342962e-02,6.242269e-03,2.106777e-03,1.865728e-01,1.069013e-02
3.098751e-03,6.511635e-03,1.683532e-02,9.650524e-03,2.874661e-03,7.164594e-02,1.624182e-04,1.929162e-03,6.336136e-01,8.030780e-03,8.246440e-02,6.691191e-03,4.722547e-03,1.400637e-01,1.170538e-02
2.609377e-03,7.699206e-03,1.622803e-02,1.186347e-02,2.136406e-03,7.068197e-02,1.194113e-04,1.439212e-03,6.709369e-01,7.887615e-03,7.315890e-02,5.716332e-03,5.737490e-03,1.040856e-01,1.970007e-02
2.300350e-03,1.201277e-02,1.940022e-02,2.176936e-02,1.595635e-03,6.562375e-02,8.921059e-05,1.160324e-03,6.282972e-01,7.613813e-03,6.053308e-02,6.104861e-03,6.865110e-03,8.198834e-02,8.464596e-02
5.368373e-03,1.928103e-02,2.262009e-02,2.237815e-02,1.980567e-03,6.628710e-02,9.711177e-05,1.303312e-03,5.425958e-01,7.811600e-03,8.294816e-02,6.462856e-03,9.353574e-03,1.230873e-01,8.842497e-02
1.308592e-02,3.163698e-02,2.340565e-02,2.325345e-02,1.877327e-03,6.321975e-02,1.261848e-04,3.746769e-03,4.546574e-01,9.966888e-03,6.296245e-02,4.805187e-03,7.201507e-03,1.803331e-01,1.197214e-01
3.042152e-02,2.539305e-02,3.013098e-02,2.137712e-02,3.457404e-03,6.940237e-02,7.391547e-04,7.230950e-03,3.743025e-01,8.699642e-03,7.600799e-02,4.641948e-03,7.491393e-03,2.389908e-01,1.017131e-01
3.703790e-02,2.234709e-02,2.288621e-02,1.721282e-02,4.512480e-03,7.515577e-02,9.272489e-04,7.740148e-03,3.390656e-01,9.376725e-03,6.544285e-02,8.496672e-03,2.796238e-02,2.486961e-01,1.131400e-01
3.314866e-02,2.067357e-02,1.748822e-02,1.785717e-02,4.640876e-03,1.070673e-01,9.902252e-04,2.517378e-02,2.988447e-01,1.043738e-02,5.091894e-02,8.960254e-03,2.618395e-02,2.141925e-01,1.634225e-01
2.699783e-02,1.956088e-02,1.261623e-02,1.434463e-02,6.357327e-03,1.209533e-01,8.391917e-04,1.937147e-02,3.037112e-01,1.180563e-02,3.676973e-02,8.628668e-03,2.279506e-02,1.600852e-01,2.351636e-01
2.124726e-02,1.772296e-02,9.625224e-03,1.635131e-02,1.910663e-02,1.725818e-01,8.893833e-04,1.470868e-02,3.492116e-01,1.248409e-02,2.786206e-02,6.487616e-03,2.082860e-02,1.140633e-01,1.968295e-01
1.876861e-02,1.721353e-02,7.222971e-03,2.949116e-02,1.826924e-02,2.453791e-01,7.323998e-04,1.250948e-02,3.431326e-01,1.203570e-02,2.101681e-02,5.091688e-03,1.900382e-02,8.120193e-02,1.689309e-01
2.235292e-02,1.642547e-02,6.086613e-03,3.045842e-02,2.883064e-02,3.379275e-01,8.979280e-04,1.406365e-02,2.970254e-01,1.012651e-02,1.693307e-02,4.346388e-03,1.821160e-02,5.843031e-02,1.378836e-01
2.204283e-02,1.815877e-02,4.799232e-03,4.053621e-02,3.390069e-02,3.951478e-01,1.561031e-03,1.871532e-02,2.777892e-01,8.119117e-03,1.353461e-02,3.669143e-03,1.666566e-02,4.186887e-02,1.034915e-01
1.911104e-02,3.241489e-02,3.762321e-03,4.628048e-02,3.214605e-02,4.496971e-01,1.417322e-03,1.554906e-02,2.566903e-01,6.607063e-03,1.035196e-02,3.043707e-03,1.548300e-02,2.967619e-02,7.776950e-02
2.075205e-02,4.730693e-02,3.165076e-03,4.748704e-02,4.216917e-02,3.922974e-01,1.604566e-03,1.435300e-02,3.214034e-01,5.290614e-03,1.017324e-02,3.379993e-03,1.349175e-02,2.096620e-02,5.615965e-02
2.338780e-02,6.664684e-02,3.475619e-03,7.386319e-02,3.518867e-02,3.662560e-01,1.365884e-03,1.926064e-02,3.006664e-01,5.565737e-03,1.518736e-02,4.064430e-03,1.867453e-02,1.522856e-02,5.116829e-02
1.987161e-02,6.108648e-02,3.261417e-03,1.744239e-01,2.606506e-02,3.139401e-01,9.850154e-04,1.665050e-02,2.524684e-01,5.578239e-03,4.293551e-02,4.240448e-03,1.603617e-02,1.153140e-02,5.092577e-02
1.453378e-02,5.565457e-02,3.341780e-03,2.351740e-01,1.873187e-02,2.282148e-01,7.045738e-04,1.180765e-02,2.826940e-01,4.599764e-03,6.739762e-02,7.835407e-03,1.822467e-02,8.880542e-03,4.220499e-02
1.077528e-02,3.986601e-02,2.764619e-03,2.362323e-01,1.338378e-02,1.603949e-01,5.072952e-04,8.903645e-03,2.118439e-01,3.397734e-03,2.433213e-01,1.072311e-02,2.080714e-02,7.084881e-03,2.999410e-02
7.785636e-03,2.846367e-02,2.026226e-03,2.103517e-01,9.580846e-03,1.124865e-01,3.762404e-04,6.319425e-03,1.610867e-01,3.100181e-03,3.903563e-01,1.096839e-02,2.042468e-02,1.399410e-02,2.267938e-02
5.619507e-03,2.026449e-02,2.368701e-03,1.796055e-01,9.461730e-03,7.892632e-02,3.351880e-04,4.499776e-03,2.275630e-01,5.067043e-03,3.379299e-01,7.746666e-02,1.948164e-02,1.391267e-02,1.749787e-02
4.625549e-03,1.518205e-02,3.642827e-03,1.770857e-01,8.963855e-03,5.718769e-02,4.704857e-04,3.599837e-03,2.484313e-01,4.829055e-03,3.192652e-01,1.134267e-01,1.569017e-02,1.358563e-02,1.401391e-02
6.521438e-03,1.097251e-02,2.801100e-03,1.321831e-01,1.490287e-02,4.072725e-02,5.133182e-04,3.424978e-03,1.806763e-01,4.437541e-03,3.696809e-01,1.914824e-01,1.747178e-02,1.270325e-02,1.150131e-02
6.575767e-03,8.054644e-03,2.220292e-03,9.785578e-02,1.486317e-02,3.018725e-02,6.167237e-04,2.937649e-03,1.323503e-01,4.025277e-03,4.239827e-01,2.413746e-01,1.503890e-02,1.085918e-02,9.057773e-03
8.447404e-03,7.656299e-03,2.349476e-03,8.726366e-02,2.156280e-02,5.027781e-02,9.875011e-04,3.695885e-03,1.066337e-01,4.412263e-03,3.701351e-01,3.073706e-01,1.314559e-02,9.079774e-03,6.982190e-03
1.006683e-02,5.814426e-03,2.063093e-03,6.603696e-02,2.563630e-02,3.659081e-02,8.804030e-04,3.764611e-03,8.082027e-02,4.032700e-03,4.089068e-01,3.302646e-01,1.177410e-02,8.169089e-03,5.179076e-03
1.554206e-02,4.459297e-03,1.814008e-03,5.195374e-02,2.305324e-02,3.035877e-02,9.891897e-04,3.453439e-03,6.418222e-02,3.669302e-03,3.811278e-01,3.975402e-01,1.075313e-02,6.812084e-03,4.291543e-03
6.438085e-02,4.284358e-03,2.583884e-03,5.069470e-02,4.278168e-02,3.996067e-02,1.902059e-03,6.250786e-03,5.446463e-02,3.778913e-03,3.128143e-01,3.930419e-01,1.118824e-02,6.872169e-03,5.000803e-03
7.874346e-02,3.837916e-03,2.297033e-03,3.924573e-02,3.777470e-02,3.698145e-02,1.526742e-03,6.378949e-03,4.607828e-02,4.779398e-03,2.559933e-01,4.653305e-01,1.054747e-02,6.191271e-03,4.293820e-03
6.540704e-02,4.133812e-03,2.106798e-03,2.832329e-02,5.259953e-02,2.669835e-02,1.204386e-03,5.115353e-03,5.197576e-02,5.500638e-03,1.962782e-01,5.389354e-01,1.308308e-02,5.352649e-03,3.285833e-03
4.712567e-02,3.046788e-03,2.550191e-03,2.013383e-02,4.863319e-02,1.907452e-02,9.184502e-04,5.143177e-03,5.515696e-02,8.231608e-03,1.597575e-01,6.067435e-01,1.480847e-02,6.169415e-03,2.506752e-03
3.473995e-02,2.456259e-03,2.491731e-03,1.442166e-02,5.258977e-02,1.390972e-02,7.136852e-04,6.373510e-03,7.845605e-02,7.863548e-03,1.292971e-01,6.323776e-01,1.708025e-02,5.391445e-03,1.837774e-03
2.527471e-02,1.983652e-03,4.605252e-03,1.173548e-02,6.356876e-02,1.016227e-02,5.582619e-04,9.246727e-02,1.043261e-01,5.952635e-03,9.736393e-02,5.613291e-01,1.497460e-02,4.372706e-03,1.325296e-03
1.850106e-02,2.070367e-03,4.221050e-03,9.441812e-03,5.313955e-02,7.289826e-03,4.493547e-04,9.264426e-02,2.610034e-01,4.622288e-03,7.387330e-02,4.557451e-01,1.243301e-02,3.578831e-03,9.866853e-04
1.340721e-02,1.946410e-03,3.091490e-03,6.960600e-03,3.963123e-02,5.392293e-03,3.366809e-04,7.285341e-02,4.632111e-01,3.369371e-03,5.316907e-02,3.240817e-01,9.282407e-03,2.560095e-03,7.070111e-04
9.904570e-03,1.872390e-03,2.339146e-03,5.331016e-03,3.133712e-02,4.476682e-03,3.225085e-04,6.449515e-02,5.957755e-01,2.663949e-03,3.971391e-02,2.319099e-01,7.459415e-03,1.873369e-03,5.254126e-04
8.494708e-03,2.686995e-03,1.948121e-03,4.840855e-03,2.969714e-02,5.569346e-03,2.891795e-04,4.972466e-02,6.928496e-01,2.275435e-03,2.927043e-02,1.646427e-01,5.795273e-03,1.402942e-03,5.126101e-04
8.713572e-03,3.589687e-03,1.606136e-03,3.915580e-03,5.342533e-02,5.005485e-03,2.866084e-04,3.872658e-02,7.401870e-01,2.000543e-03,2.077527e-02,1.157169e-01,4.315330e-03,1.057889e-03,6.780609e-04
8.641515e-03,3.127147e-03,1.800841e-03,1.119565e-02,1.128659e-01,3.686415e-03,3.643270e-04,4.273565e-02,7.135065e-01,1.590324e-03,1.467649e-02,8.123055e-02,3.180207e-03,7.610301e-04,6.374417e-04
1.087637e-02,3.020353e-03,7.913418e-03,4.229429e-02,1.097116e-01,2.947510e-03,3.764323e-04,1.042499e-01,6.440974e-01,1.985280e-03,1.064129e-02,5.769681e-02,2.762836e-03,5.778752e-04,8.486238e-04
1.303689e-02,3.100092e-03,6.418928e-03,4.294547e-02,1.273844e-01,2.643789e-03,4.131054e-04,9.319599e-02,6.566924e-01,2.338426e-03,7.747869e-03,4.078187e-02,2.053433e-03,4.933778e-04,7.538815e-04
1.602037e-02,3.977820e-03,6.263961e-03,4.708577e-02,1.411492e-01,2.341832e-03,4.604292e-04,1.011063e-01,6.420271e-01,2.195337e-03,5.952970e-03,2.879139e-02,1.530314e-03,4.590593e-04,6.380426e-04
2.337135e-02,9.936888e-03,7.349301e-03,5.726285e-02,1.254888e-01,2.692100e-03,6.144241e-04,1.382692e-01,6.052295e-01,2.084177e-03,4.592091e-03,2.043471e-02,1.295641e-03,5.389593e-04,8.399535e-04
3.215116e-02,1.122670e-02,6.694029e-03,6.044463e-02,1.135091e-01,4.407570e-03,6.518203e-04,1.601143e-01,5.871981e-01,1.826505e-03,3.692844e-03,1.470874e-02,1.188450e-03,5.191241e-04,1.666914e-03
5.256040e-02,9.848744e-03,1.118630e-02,1.121019e-01,1.123784e-01,5.038756e-03,6.869999e-04,2.298314e-01,4.472606e-01,1.537105e-03,3.437056e-03,1.061346e-02,9.933708e-04,4.673872e-04,2.058217e-03
7.502374e-02,9.006608e-03,2.734705e-02,1.719029e-01,1.103140e-01,5.612449e-03,8.840115e-04,2.606997e-01,3.224163e-01,1.364927e-03,3.976573e-03,7.712928e-03,8.921146e-04,4.982437e-04,2.348522e-03
9.779026e-02,1.188131e-02,5.391870e-02,1.782441e-01,1.412226e-01,1.200320e-02,1.537930e-03,2.168120e-01,2.630727e-01,2.339111e-03,5.617341e-03,5.766587e-03,1.065603e-03,5.318265e-04,8.196827e-03
9.847295e-02,1.546827e-02,6.392437e-02,2.521224e-01,1.325228e-01,9.952730e-03,1.987895e-03,2.114118e-01,1.919677e-01,2.013904e-03,6.508743e-03,4.468704e-03,1.071823e-03,4.864745e-04,7.619521e-03
1.237452e-01,2.033931e-02,5.343598e-02,2.686581e-01,1.354575e-01,1.513683e-02,3.144098e-03,2.122519e-01,1.450311e-01,1.929589e-03,8.313859e-03,3.753189e-03,1.146659e-03,4.526173e-04,7.204099e-03
9.857047e-02,2.083443e-02,4.735286e-02,4.164441e-01,1.107274e-01,1.147694e-02,2.598657e-03,1.661865e-01,1.060917e-01,1.717047e-03,7.302955e-03,2.772967e-03,8.867937e-04,3.745898e-04,6.662594e-03
1.831610e-01,2.285149e-02,3.890595e-02,3.318958e-01,1.094692e-01,9.217437e-03,2.379085e-03,1.721968e-01,1.048814e-01,1.731319e-03,7.483889e-03,3.342211e-03,1.386215e-03,8.872360e-04,1.021111e-02
1.536855e-01,2.119458e-02,6.125645e-02,3.842661e-01,8.583684e-02,7.741780e-03,2.078467e-03,1.355433e-01,1.229429e-01,3.262220e-03,6.414568e-03,2.566225e-03,1.136283e-03,1.034003e-03,1.104085e-02
1.177832e-01,1.620524e-02,4.870130e-02,3.036942e-01,6.389010e-02,5.686134e-03,1.576338e-03,3.309038e-01,9.170157e-02,2.513741e-03,5.142224e-03,1.889041e-03,8.879750e-04,1.034788e-03,8.390328e-03
9.078890e-02,1.154693e-02,3.537080e-02,2.203915e-01,4.670997e-02,4.175612e-03,1.192668e-03,5.103256e-01,6.472498e-02,1.798834e-03,4.081246e-03,1.356697e-03,6.720798e-04,8.022897e-04,6.061976e-03
6.798093e-02,8.240063e-03,2.574593e-02,1.559792e-01,3.412962e-02,3.043836e-03,8.666678e-04,6.475840e-01,4.549784e-02,1.289376e-03,3.191781e-03,9.764850e-04,5.379100e-04,5.918659e-04,4.344506e-03
5.387175e-02,5.847714e-03,1.814115e-02,1.094424e-01,2.404792e-02,2.190462e-03,6.197587e-04,7.459950e-01,3.197562e-02,9.108916e-04,2.324476e-03,7.143871e-04,4.111974e-04,4.337471e-04,3.073569e-03
4.741974e-02,4.209072e-03,1.281843e-02,7.671300e-02,1.693331e-02,1.836367e-03,4.543678e-04,8.110118e-01,2.257597e-02,6.460607e-04,1.751460e-03,6.472072e-04,4.234031e-04,3.454630e-04,2.214349e-03
7.669540e-02,3.134675e-03,9.264712e-03,5.445319e-02,1.194878e-02,1.675613e-03,3.286501e-04,7.875154e-01,1.689022e-02,6.773476e-04,1.393765e-02,1.229197e-02,7.592246e-03,1.537925e-03,2.056211e-03
7.700790e-02,2.281919e-03,6.607829e-03,4.068588e-02,8.448947e-03,2.053811e-03,2.364705e-04,7.576911e-01,1.216264e-02,9.569648e-04,1.735459e-02,4.841204e-02,2.210056e-02,2.199294e-03,1.800065e-03
7.327598e-02,2.012059e-03,5.004247e-03,3.552454e-02,6.546360e-03,2.256088e-03,2.757081e-04,6.954343e-01,1.891832e-02,1.434181e-03,2.576588e-02,6.098763e-02,6.043985e-02,9.300842e-03,2.823969e-03
8.516565e-02,1.698346e-03,3.904619e-03,2.759324e-02,4.771921e-03,2.487040e-03,2.299961e-04,4.940015e-01,1.568475e-02,1.815942e-03,4.587002e-02,6.415101e-02,2.416130e-01,8.558092e-03,2.454778e-03
9.529950e-02,1.602257e-03,3.329117e-03,2.498950e-02,3.687084e-03,3.294188e-03,2.489362e-04,3.520134e-01,1.764905e-02,2.988268e-03,7.044920e-02,1.016276e-01,3.122736e-01,7.940535e-03,2.607774e-03
1.139007e-01,1.591422e-03,2.565594e-03,1.900354e-02,3.169023e-03,3.668500e-03,3.424890e-04,2.481978e-01,2.016474e-02,9.665139e-03,6.219467e-02,2.247872e-01,2.792245e-01,8.946727e-03,2.577908e-03
1.050815e-01,1.708639e-03,1.990612e-03,1.454720e-02,2.975831e-03,3.457320e-03,3.648623e-04,1.758767e-01,2.195404e-02,1.210934e-02,5.327903e-02,3.216215e-01,2.719633e-01,1.059359e-02,2.476547e-03
8.087062e-02,1.395179e-03,1.504357e-03,1.076485e-02,3.556879e-03,3.438435e-03,5.327075e-04,1.239056e-01,2.058658e-02,1.211335e-02,4.484863e-02,4.779221e-01,2.068622e-01,9.730154e-03,1.968497e-03
6.410784e-02,1.101435e-03,1.149124e-03,7.944781e-03,3.761820e-03,3.938657e-03,6.546221e-04,8.728863e-02,1.570096e-02,1.322847e-02,3.679110e-02,6.033499e-01,1.515927e-01,7.908206e-03,1.481694e-03
5.903405e-02,1.058627e-03,9.358361e-04,6.163287e-03,1.606788e-02,4.131300e-03,7.195574e-04,6.217489e-02,1.272347e-02,1.080919e-02,3.242454e-02,6.774726e-01,1.089870e-01,6.145263e-03,1.152538e-03
5.090402e-02,3.958644e-03,1.959072e-03,5.143743e-03,6.343745e-02,9.467327e-03,9.549853e-04,5.007171e-02,1.528593e-02,1.160363e-02,3.037735e-02,6.615739e-01,8.844570e-02,5.423961e-03,1.392490e-03
6.039268e-02,6.518186e-03,2.486994e-03,5.929959e-03,1.264811e-01,1.306762e-02,1.311896e-03,4.431839e-02,1.956604e-02,1.240809e-02,3.999785e-02,5.827358e-01,7.751812e-02,5.760455e-03,1.506846e-03
1.117455e-01,1.054620e-02,4.967517e-03,1.573956e-02,1.315232e-01,2.386108e-02,2.331936e-03,4.409761e-02,3.442982e-02,1.488006e-02,3.517790e-02,4.758552e-01,7.854106e-02,7.625679e-03,8.677710e-03
1.223774e-01,1.564202e-02,6.034691e-03,1.792471e-02,1.453490e-01,2.509206e-02,2.660208e-03,4.464842e-02,5.765715e-02,1.558788e-02,3.851739e-02,4.069183e-01,8.048704e-02,1.068110e-02,1.042261e-02
1.095628e-01,2.036676e-02,6.096966e-03,1.724434e-02,1.295728e-01,2.851586e-02,2.389867e-03,3.559028e-02,9.869646e-02,1.643923e-02,4.079822e-02,3.798603e-01,8.807379e-02,1.455192e-02,1.224052e-02
1.019030e-01,3.647175e-02,1.114808e-02,1.757539e-02,1.091587e-01,2.584977e-02,2.640623e-03,4.468666e-02,1.534522e-01,2.294212e-02,5.108110e-02,2.892543e-01,9.355864e-02,2.076838e-02,1.950935e-02
1.167383e-01,4.993112e-02,1.071424e-02,1.659852e-02,9.264830e-02,2.241120e-02,3.437376e-03,3.597081e-02,2.198900e-01,2.385051e-02,4.214884e-02,2.166691e-01,8.253627e-02,3.008912e-02,3.636623e-02
