1.000000e+00,0.000000e+00,0.000000e+00,0.000000e+00,0.000000e+00,0.000000e+00,0.000000e+00,0.000000e+00,0.000000e+00,0.000000e+00,0.000000e+00,0.000000e+00,0.000000e+00,0.000000e+00,0.000000e+00
1.000000e+00,0.000000e+00,0.000000e+00,0.000000e+00,0.000000e+00,0.000000e+00,0.000000e+00,0.000000e+00,0.000000e+00,0.000000e+00,0.000000e+00,0.000000e+00,0.000000e+00,0.000000e+00,0.000000e+00
1.000000e+00,0.000000e+00,0.000000e+00,0.000000e+00,0.000000e+00,0.000000e+00,0.000000e+00,0.000000e+00,0.000000e+00,0.000000e+00,0.000000e+00,0.000000e+00,0.000000e+00,0.000000e+00,0.000000e+00
1.000000e+00,0.000000e+00,0.000000e+00,0.000000e+00,0.000000e+00,0.000000e+00,0.000000e+00,0.000000e+00,0.000000e+00,0.000000e+00,0.000000e+00,0.000000e+00,0.000000e+00,0.000000e+00,0.000000e+00
1.000000e+00,0.000000e+00,0.000000e+00,0.000000e+00,0.000000e+00,0.000000e+00,0.000000e+00,0.000000e+00,0.000000e+00,0.000000e+00,0.000000e+00,0.000000e+00,0.000000e+00,0.000000e+00,0.000000e+00
1.000000e+00,0.000000e+00,0.000000e+00,0.000000e+00,0.000000e+00,0.000000e+00,0.000000e+00,0.000000e+00,0.000000e+00,0.000000e+00,0.000000e+00,0.000000e+00,0.000000e+00,0.000000e+00,0.000000e+00
1.000000e+00,0.000000e+00,0.000000e+00,0.000000e+00,0.000000e+00,0.000000e+00,0.000000e+00,0.000000e+00,0.000000e+00,0.000000e+00,0.000000e+00,0.000000e+00,0.000000e+00,0.000000e+00,0.000000e+00
1.000000e+00,0.000000e+00,0.000000e+00,0.000000e+00,0.000000e+00,0.000000e+00,0.000000e+00,0.000000e+00,0.000000e+00,0.000000e+00,0.000000e+00,0.000000e+00,0.000000e+00,0.000000e+00,0.000000e+00
1.000000e+00,0.000000e+00,0.000000e+00,0.000000e+00,0.000000e+00,0.000000e+00,0.000000e+00,0.000000e+00,0.000000e+00,0.000000e+00,0.000000e+00,0.000000e+00,0.000000e+00,0.000000e+00,0.000000e+00
1.000000e+00,0.000000e+00,0.000000e+00,0.000000e+00,0.000000e+00,0.000000e+00,0.000000e+00,0.000000e+00,0.000000e+00,0.000000e+00,0.000000e+00,0.000000e+00,0.000000e+00,0.000000e+00,0.000000e+00
1.000000e+00,0.000000e+00,0.000000e+00,0.000000e+00,0.000000e+00,0.000000e+00,0.000000e+00,0.000000e+00,0.000000e+00,0.000000e+00,0.000000e+00,0.000000e+00,0.000000e+00,0.000000e+00,0.000000e+00
1.000000e+00,0.000000e+00,0.000000e+00,0.000000e+00,0.000000e+00,0.000000e+00,0.000000e+00,0.000000e+00,0.000000e+00,0.000000e+00,0.000000e+00,0.000000e+00,0.000000e+00,0.000000e+00,0.000000e+00
1.000000e+00,0.000000e+00,0.000000e+00,0.000000e+00,0.000000e+00,0.000000e+00,0.000000e+00,0.000000e+00,0.000000e+00,0.000000e+00,0.000000e+00,0.000000e+00,0.000000e+00,0.000000e+00,0.000000e+00
1.000000e+00,0.000000e+00,0.000000e+00,0.000000e+00,0.000000e+00,0.000000e+00,0.000000e+00,0.000000e+00,0.000000e+00,0.000000e+00,0.000000e+00,0.000000e+00,0.000000e+00,0.000000e+00,0.000000e+00
1.000000e+00,0.000000e+00,0.000000e+00,0.000000e+00,0.000000e+00,0.000000e+00,0.000000e+00,0.000000e+00,0.000000e+00,0.000000e+00,0.000000e+00,0.000000e+00,0.000000e+00,0.000000e+00,0.000000e+00
1.000000e+00,0.000000e+00,0.000000e+00,0.000000e+00,0.000000e+00,0.000000e+00,0.000000e+00,0.000000e+00,0.000000e+00,0.000000e+00,0.000000e+00,0.000000e+00,0.000000e+00,0.000000e+00,0.000000e+00
1.000000e+00,0.000000e+00,0.000000e+00,0.000000e+00,0.000000e+00,0.000000e+00,0.000000e+00,0.000000e+00,0.000000e+00,0.000000e+00,0.000000e+00,0.000000e+00,0.000000e+00,0.000000e+00,0.000000e+00
1.000000e+00,0.000000e+00,0.000000e+00,0.000000e+00,0.000000e+00,0.000000e+00,0.000000e+00,0.000000e+00,0.000000e+00,0.000000e+00,0.000000e+00,0.000000e+00,0.000000e+00,0.000000e+00,0.000000e+00
1.000000e+00,0.000000e+00,0.000000e+00,0.000000e+00,0.000000e+00,0.000000e+00,0.000000e+00,0.000000e+00,0.000000e+00,0.000000e+00,0.000000e+00,0.000000e+00,0.000000e+00,0.000000e+00,0.000000e+00
1.000000e+00,0.000000e+00,0.000000e+00,0.000000e+00,0.000000e+00,0.000000e+00,0.000000e+00,0.000000e+00,0.000000e+00,0.000000e+00,0.000000e+00,0.000000e+00,0.000000e+00,0.000000e+00,0.000000e+00
1.000000e+00,0.000000e+00,0.000000e+00,0.000000e+00,0.000000e+00,0.000000e+00,0.000000e+00,0.000000e+00,0.000000e+00,0.000000e+00,0.000000e+00,0.000000e+00,0.000000e+00,0.000000e+00,0.000000e+00
1.000000e+00,0.000000e+00,0.000000e+00,0.000000e+00,0.000000e+00,0.000000e+00,0.000000e+00,0.000000e+00,0.000000e+00,0.000000e+00,0.000000e+00,0.000000e+00,0.000000e+00,0.000000e+00,0.000000e+00
1.000000e+00,0.000000e+00,0.000000e+00,0.000000e+00,0.000000e+00,0.000000e+00,0.000000e+00,0.000000e+00,0.000000e+00,0.000000e+00,0.000000e+00,0.000000e+00,0.000000e+00,0.000000e+00,0.000000e+00
1.000000e+00,0.000000e+00,0.000000e+00,0.000000e+00,0.000000e+00,0.000000e+00,0.000000e+00,0.000000e+00,0.000000e+00,0.000000e+00,0.000000e+00,0.000000e+00,0.000000e+00,0.000000e+00,0.000000e+00
1.000000e+00,0.000000e+00,0.000000e+00,0.000000e+00,0.000000e+00,0.000000e+00,0.000000e+00,0.000000e+00,0.000000e+00,0.000000e+00,0.000000e+00,0.000000e+00,0.000000e+00,0.000000e+00,0.000000e+00
1.000000e+00,0.000000e+00,0.000000e+00,0.000000e+00,0.000000e+00,0.000000e+00,0.000000e+00,0.000000e+00,0.000000e+00,0.000000e+00,0.000000e+00,0.000000e+00,0.000000e+00,0.000000e+00,0.000000e+00
1.000000e+00,0.000000e+00,0.000000e+00,0.000000e+00,0.000000e+00,0.000000e+00,0.000000e+00,0.000000e+00,0.000000e+00,0.000000e+00,0.000000e+00,0.000000e+00,0.000000e+00,0.000000e+00,0.000000e+00
1.000000e+00,0.000000e+00,0.000000e+00,0.000000e+00,0.000000e+00,0.000000e+00,0.000000e+00,0.000000e+00,0.000000e+00,0.000000e+00,0.000000e+00,0.000000e+00,0.000000e+00,0.000000e+00,0.000000e+00
1.000000e+00,0.000000e+00,0.000000e+00,0.000000e+00,0.000000e+00,0.000000e+00,0.000000e+00,0.000000e+00,0.000000e+00,0.000000e+00,0.000000e+00,0.000000e+00,0.000000e+00,0.000000e+00,0.000000e+00
1.000000e+00,0.000000e+00,0.000000e+00,0.000000e+00,0.000000e+00,0.000000e+00,0.000000e+00,0.000000e+00,0.000000e+00,0.000000e+00,0.000000e+00,0.000000e+00,0.000000e+00,0.000000e+00,0.000000e+00
1.000000e+00,0.000000e+00,0.000000e+00,0.000000e+00,0.000000e+00,0.000000e+00,0.000000e+00,0.000000e+00,0.000000e+00,0.000000e+00,0.000000e+00,0.000000e+00,0.000000e+00,0.000000e+00,0.000000e+00
1.000000e+00,0.000000e+00,0.000000e+00,0.000000e+00,0.000000e+00,0.000000e+00,0.000000e+00,0.000000e+00,0.000000e+00,0.000000e+00,0.000000e+00,0.000000e+00,0.000000e+00,0.000000e+00,0.000000e+00
1.000000e+00,0.000000e+00,0.000000e+00,0.000000e+00,0.000000e+00,0.000000e+00,0.000000e+00,0.000000e+00,0.000000e+00,0.000000e+00,0.000000e+00,0.000000e+00,0.000000e+00,0.000000e+00,0.000000e+00
1.000000e+00,0.000000e+00,0.000000e+00,0.000000e+00,0.000000e+00,0.000000e+00,0.000000e+00,0.000000e+00,0.000000e+00,0.000000e+00,0.000000e+00,0.000000e+00,0.000000e+00,0.000000e+00,0.000000e+00
1.000000e+00,0.000000e+00,0.000000e+00,0.000000e+00,0.000000e+00,0.000000e+00,0.000000e+00,0.000000e+00,0.000000e+00,0.000000e+00,0.000000e+00,0.000000e+00,0.000000e+00,0.000000e+00,0.000000e+00
1.000000e+00,0.000000e+00,0.000000e+00,0.000000e+00,0.000000e+00,0.000000e+00,0.000000e+00,0.000000e+00,0.000000e+00,0.000000e+00,0.000000e+00,0.000000e+00,0.000000e+00,0.000000e+00,0.000000e+00
1.000000e+00,0.000000e+00,0.000000e+00,0.000000e+00,0.000000e+00,0.000000e+00,0.000000e+00,0.000000e+00,0.000000e+00,0.000000e+00,0.000000e+00,0.000000e+00,0.000000e+00,0.000000e+00,0.000000e+00
1.000000e+00,0.000000e+00,0.000000e+00,0.000000e+00,0.000000e+00,0.000000e+00,0.000000e+00,0.000000e+00,0.000000e+00,0.000000e+00,0.000000e+00,0.000000e+00,0.000000e+00,0.000000e+00,0.000000e+00
1.000000e+00,0.000000e+00,0.000000e+00,0.000000e+00,0.000000e+00,0.000000e+00,0.000000e+00,0.000000e+00,0.000000e+00,0.000000e+00,0.000000e+00,0.000000e+00,0.000000e+00,0.000000e+00,0.000000e+00
1.000000e+00,0.000000e+00,0.000000e+00,0.000000e+00,0.000000e+00,0.000000e+00,0.000000e+00,0.000000e+00,0.000000e+00,0.000000e+00,0.000000e+00,0.000000e+00,0.000000e+00,0.000000e+00,0.000000e+00
1.000000e+00,0.000000e+00,0.000000e+00,0.000000e+00,0.000000e+00,0.000000e+00,0.000000e+00,0.000000e+00,0.000000e+00,0.000000e+00,0.000000e+00,0.000000e+00,0.000000e+00,0.000000e+00,0.000000e+00
1.000000e+00,0.000000e+00,0.000000e+00,0.000000e+00,0.000000e+00,0.000000e+00,0.000000e+00,0.000000e+00,0.000000e+00,0.000000e+00,0.000000e+00,0.000000e+00,0.000000e+00,0.000000e+00,0.000000e+00
1.000000e+00,0.000000e+00,0.000000e+00,0.000000e+00,0.000000e+00,0.000000e+00,0.000000e+00,0.000000e+00,0.000000e+00,0.000000e+00,0.000000e+00,0.000000e+00,0.000000e+00,0.000000e+00,0.000000e+00
1.000000e+00,0.000000e+00,0.000000e+00,0.000000e+00,0.000000e+00,0.000000e+00,0.000000e+00,0.000000e+00,0.000000e+00,0.000000e+00,0.000000e+00,0.000000e+00,0.000000e+00,0.000000e+00,0.000000e+00
1.000000e+00,0.000000e+00,0.000000e+00,0.000000e+00,0.000000e+00,0.000000e+00,0.000000e+00,0.000000e+00,0.000000e+00,0.000000e+00,0.000000e+00,0.000000e+00,0.000000e+00,0.000000e+00,0.000000e+00
1.000000e+00,0.000000e+00,0.000000e+00,0.000000e+00,0.000000e+00,0.000000e+00,0.000000e+00,0.000000e+00,0.000000e+00,0.000000e+00,0.000000e+00,0.000000e+00,0.000000e+00,0.000000e+00,0.000000e+00
1.000000e+00,0.000000e+00,0.000000e+00,0.000000e+00,0.000000e+00,0.000000e+00,0.000000e+00,0.000000e+00,0.000000e+00,0.000000e+00,0.000000e+00,0.000000e+00,0.000000e+00,0.000000e+00,0.000000e+00
1.000000e+00,0.000000e+00,0.000000e+00,0.000000e+00,0.000000e+00,0.000000e+00,0.000000e+00,0.000000e+00,0.000000e+00,0.000000e+00,0.000000e+00,0.000000e+00,0.000000e+00,0.000000e+00,0.000000e+00
1.000000e+00,0.000000e+00,0.000000e+00,0.000000e+00,0.000000e+00,0.000000e+00,0.000000e+00,0.000000e+00,0.000000e+00,0.000000e+00,0.000000e+00,0.000000e+00,0.000000e+00,0.000000e+00,0.000000e+00
1.000000e+00,0.000000e+00,0.000000e+00,0.000000e+00,0.000000e+00,0.000000e+00,0.000000e+00,0.000000e+00,0.000000e+00,0.000000e+00,0.000000e+00,0.000000e+00,0.000000e+00,0.000000e+00,0.000000e+00
1.000000e+00,0.000000e+00,0.000000e+00,0.000000e+00,0.000000e+00,0.000000e+00,0.000000e+00,0.000000e+00,0.000000e+00,0.000000e+00,0.000000e+00,0.000000e+00,0.000000e+00,0.000000e+00,0.000000e+00
1.000000e+00,0.000000e+00,0.000000e+00,0.000000e+00,0.000000e+00,0.000000e+00,0.000000e+00,0.000000e+00,0.000000e+00,0.000000e+00,0.000000e+00,0.000000e+00,0.000000e+00,0.000000e+00,0.000000e+00
1.000000e+00,0.000000e+00,0.000000e+00,0.000000e+00,0.000000e+00,0.000000e+00,0.000000e+00,0.000000e+00,0.000000e+00,0.000000e+00,0.000000e+00,0.000000e+00,0.000000e+00,0.000000e+00,0.000000e+00
3.898567e-01,1.081012e-02,2.059986e-02,2.736547e-02,5.156963e-03,1.083716e-02,4.640406e-03,4.837373e-01,3.348190e-03,1.159485e-03,4.928596e-03,1.594473e-02,1.042637e-02,1.662551e-03,9.526057e-03
2.735865e-01,7.598852e-03,1.471289e-02,1.946648e-02,3.766655e-03,7.732474e-03,3.513743e-03,6.364621e-01,2.354886e-03,8.158442e-04,3.505499e-03,1.119065e-02,7.376054e-03,1.220328e-03,6.697006e-03
1.919525e-01,5.347048e-03,1.052218e-02,1.374805e-02,2.762221e-03,5.496307e-03,2.690102e-03,7.440401e-01,1.655064e-03,5.750525e-04,2.489580e-03,7.864742e-03,5.216407e-03,9.401587e-04,4.700383e-03
1.345908e-01,3.761283e-03,7.581700e-03,9.724116e-03,2.065814e-03,3.903871e-03,2.161046e-03,8.196383e-01,1.162100e-03,4.043308e-04,1.769976e-03,5.525728e-03,3.705077e-03,7.056459e-04,3.300247e-03
9.428432e-02,2.635886e-03,5.400823e-03,6.835137e-03,1.623214e-03,2.749664e-03,1.641227e-03,8.731685e-01,8.150435e-04,2.839940e-04,1.249416e-03,3.873816e-03,2.625821e-03,5.004298e-04,2.312608e-03
6.607960e-02,1.848414e-03,3.820529e-03,4.809437e-03,1.392178e-03,1.950871e-03,1.223021e-03,9.106357e-01,5.736907e-04,2.001016e-04,8.875818e-04,2.718508e-03,1.882399e-03,3.559757e-04,1.621987e-03
4.637044e-02,1.299118e-03,2.787361e-03,3.399687e-03,1.261461e-03,1.405540e-03,9.619803e-04,9.365174e-01,4.076464e-04,1.430147e-04,6.560130e-04,1.930690e-03,1.456630e-03,2.601804e-04,1.142898e-03
3.279058e-02,9.163230e-04,1.987563e-03,2.397836e-03,2.140958e-03,1.016388e-03,7.012903e-04,9.537436e-01,3.026731e-04,1.046108e-04,4.745057e-04,1.363165e-03,1.071408e-03,1.837049e-04,8.054386e-04
2.346655e-02,6.492530e-04,1.422736e-03,1.694785e-03,2.906677e-03,7.392596e-04,5.304331e-04,9.654559e-01,2.311657e-04,7.964268e-05,3.439929e-04,9.748814e-04,8.054363e-04,1.304032e-04,5.688596e-04
1.736582e-02,4.601073e-04,1.041410e-03,1.202983e-03,2.671240e-03,5.373744e-04,4.268718e-04,9.739341e-01,1.726078e-04,6.536014e-05,2.568833e-04,7.337092e-04,6.312418e-04,9.558749e-05,4.047424e-04
1.370792e-02,3.285097e-04,7.653434e-04,8.633580e-04,2.461380e-03,4.030276e-04,3.431642e-04,9.792449e-01,1.391727e-04,6.133466e-05,2.012633e-04,5.817844e-04,5.355621e-04,7.226977e-05,2.909756e-04
1.184011e-02,2.404496e-04,5.925253e-04,6.396631e-04,2.211971e-03,3.210661e-04,3.207155e-04,9.820612e-01,1.174002e-04,6.536114e-05,1.863225e-04,5.903539e-04,5.214633e-04,6.581971e-05,2.255908e-04
9.519802e-03,1.742693e-04,5.001087e-04,5.010026e-04,1.755496e-03,2.903702e-04,2.588644e-04,9.850540e-01,1.000036e-04,5.662409e-05,3.321840e-04,5.386821e-04,6.518005e-04,7.340933e-05,1.933811e-04
9.283425e-03,1.403967e-04,3.884780e-04,3.713807e-04,1.358230e-03,3.045639e-04,2.679145e-04,9.741957e-01,2.845624e-04,1.045004e-04,1.668528e-03,2.778441e-03,8.219318e-03,4.182510e-04,2.163574e-04
1.077009e-02,7.792457e-04,4.076940e-04,2.975555e-04,1.922529e-03,6.446179e-04,2.354767e-04,8.704886e-01,4.221480e-03,8.828455e-03,4.835078e-03,3.575012e-03,5.560397e-02,8.356310e-03,2.903390e-02
1.190038e-02,7.344266e-04,3.083976e-04,2.269577e-04,2.599641e-03,6.662727e-04,3.280689e-04,6.573268e-01,6.067434e-03,6.446602e-03,5.492393e-03,8.397702e-03,2.637176e-01,7.097796e-03,2.868962e-02
1.276249e-02,1.309178e-03,2.838582e-04,2.999638e-04,4.260753e-03,1.115910e-03,5.855951e-04,4.816421e-01,1.142860e-02,6.027987e-03,1.124552e-02,2.996720e-02,4.077110e-01,6.684225e-03,2.467563e-02
1.152490e-02,2.247882e-03,3.390851e-04,4.903001e-04,4.258139e-03,1.252814e-03,1.131667e-03,3.438361e-01,2.431276e-02,4.879477e-03,2.814382e-02,2.265065e-01,3.186245e-01,1.194247e-02,2.050952e-02
8.829017e-03,1.918365e-03,2.858215e-04,4.818477e-04,3.427064e-03,1.546740e-03,1.020072e-03,2.422487e-01,2.296629e-02,3.575874e-03,2.939966e-02,4.270666e-01,2.324857e-01,1.006396e-02,1.468430e-02
7.021494e-03,1.444898e-03,2.353790e-04,4.091582e-04,2.646163e-03,1.152720e-03,7.517047e-04,1.699363e-01,1.710727e-02,2.631420e-03,4.153422e-02,5.689750e-01,1.650882e-01,1.070586e-02,1.036022e-02
7.166866e-03,2.140818e-03,3.427395e-04,4.235457e-04,4.653908e-03,1.624670e-03,6.342051e-04,1.196048e-01,1.395231e-02,3.321805e-03,5.224936e-02,6.537085e-01,1.177297e-01,1.480138e-02,7.645397e-03
6.208289e-03,1.348475e-02,6.222242e-04,3.396462e-04,1.515020e-02,3.268561e-03,7.354238e-04,8.406780e-02,1.180946e-02,6.520838e-03,5.692294e-02,6.838230e-01,8.827755e-02,2.324662e-02,5.522646e-03
6.133615e-03,1.175677e-02,8.122611e-04,3.051086e-04,1.934873e-02,3.797548e-03,8.276728e-04,5.910615e-02,9.039852e-03,1.295083e-02,1.139497e-01,6.675750e-01,6.614983e-02,2.425288e-02,3.994061e-03
5.346107e-03,8.565392e-03,8.141709e-04,2.560224e-04,1.877495e-02,3.664985e-03,1.139511e-03,4.159759e-02,7.011383e-03,1.195485e-02,1.548861e-01,6.774253e-01,4.775354e-02,1.797701e-02,2.833113e-03
4.898738e-03,6.511476e-03,1.070143e-03,2.757731e-04,2.754109e-02,3.173090e-03,1.114853e-03,2.924525e-02,6.011310e-03,1.088134e-02,1.717864e-01,6.873913e-01,3.458745e-02,1.348605e-02,2.025699e-03
6.059577e-03,5.097981e-03,1.009295e-03,3.875300e-04,2.514932e-02,5.018538e-03,1.096189e-03,2.075835e-02,4.552705e-03,1.150309e-02,1.721277e-01,7.103046e-01,2.494818e-02,1.054106e-02,1.445871e-03
1.107677e-02,4.056648e-03,8.529344e-04,8.643501e-04,2.521706e-02,6.802669e-03,9.503154e-04,1.470019e-02,3.595103e-03,8.999161e-03,2.301426e-01,6.632282e-01,1.858241e-02,9.807695e-03,1.123912e-03
1.352054e-02,4.575587e-03,8.152273e-04,1.454551e-03,2.431216e-02,9.518877e-03,1.203884e-03,1.066414e-02,3.132513e-03,7.023223e-03,2.540798e-01,6.454999e-01,1.369469e-02,9.282742e-03,1.222090e-03
1.716781e-02,1.395881e-02,1.707140e-03,2.143718e-03,2.594237e-02,1.137270e-02,2.056230e-03,7.945406e-03,3.383609e-03,7.112551e-03,2.753007e-01,6.107130e-01,1.083669e-02,8.092920e-03,2.266291e-03
2.461383e-02,1.280474e-02,2.584412e-03,2.320256e-03,3.636095e-02,1.211436e-02,3.166761e-03,7.891001e-03,3.693873e-03,5.811834e-03,2.748624e-01,5.956720e-01,8.898693e-03,6.803853e-03,2.401080e-03
2.868767e-02,9.764166e-03,2.535798e-03,2.103430e-03,1.467930e-01,1.315109e-02,5.296982e-03,1.337888e-02,1.925448e-02,4.525757e-03,2.006990e-01,5.390036e-01,6.873254e-03,6.058669e-03,1.874214e-03
2.682373e-02,7.744007e-03,3.561375e-03,2.608989e-03,2.877364e-01,2.020396e-02,6.322572e-03,3.550937e-02,3.068376e-02,4.054720e-03,1.458244e-01,4.173754e-01,5.535529e-03,4.608491e-03,1.407375e-03
2.874446e-02,8.204728e-03,3.483254e-02,1.914008e-02,3.105899e-01,3.259145e-02,6.468588e-03,3.449514e-02,1.062596e-01,3.625679e-03,1.062176e-01,2.991691e-01,4.668057e-03,3.427717e-03,1.565383e-03
5.111168e-02,1.240034e-02,7.186792e-02,1.899534e-02,2.723458e-01,4.500977e-02,9.237994e-03,4.074640e-02,1.565069e-01,4.356529e-03,8.657011e-02,2.213645e-01,4.571222e-03,2.833847e-03,2.081652e-03
8.219552e-02,1.661666e-02,7.264134e-02,1.709467e-02,2.804501e-01,3.639706e-02,8.226372e-03,3.924765e-02,1.923250e-01,4.896342e-03,7.612514e-02,1.620207e-01,6.357070e-03,3.053513e-03,2.352744e-03
1.185544e-01,1.643643e-02,6.506953e-02,2.844901e-02,3.040858e-01,3.318674e-02,7.258048e-03,4.085192e-02,1.780033e-01,6.092562e-03,6.845152e-02,1.209061e-01,6.793024e-03,3.448252e-03,2.413404e-03
1.061937e-01,1.379849e-02,5.549679e-02,7.123318e-02,3.103410e-01,3.183192e-02,6.885752e-03,1.004513e-01,1.415420e-01,5.258258e-03,5.345583e-02,9.163074e-02,6.969371e-03,2.784931e-03,2.126826e-03
9.179635e-02,1.015059e-02,4.629390e-02,1.293966e-01,3.749697e-01,2.780710e-02,5.140233e-03,9.634070e-02,1.001602e-01,4.118189e-03,3.922558e-02,6.492862e-02,5.812933e-03,2.062045e-03,1.797248e-03
7.410294e-02,7.675085e-03,3.438994e-02,1.098952e-01,4.668372e-01,2.083055e-02,4.023253e-03,1.276067e-01,7.064848e-02,2.954405e-03,2.816386e-02,4.574655e-02,4.379825e-03,1.459264e-03,1.286719e-03
7.098276e-02,5.670995e-03,2.498775e-02,9.268417e-02,4.866521e-01,1.668629e-02,3.786885e-03,1.874458e-01,4.984258e-02,2.119999e-03,2.129523e-02,3.223841e-02,3.622589e-03,1.039584e-03,9.448502e-04
6.638156e-02,4.179185e-03,1.827545e-02,9.824041e-02,4.988838e-01,1.487747e-02,4.770559e-03,2.134484e-01,3.524186e-02,1.533798e-03,1.584541e-02,2.270449e-02,4.155491e-03,7.386538e-04,7.234413e-04
6.408750e-02,3.191728e-03,1.646697e-02,1.047885e-01,4.134843e-01,3.280556e-02,2.691958e-02,2.467771e-01,2.498232e-02,1.372366e-03,1.160133e-02,1.605355e-02,3.619007e-02,5.360492e-04,7.431622e-04
7.314883e-02,2.547337e-03,1.358869e-02,8.550986e-02,3.917035e-01,3.536327e-02,5.212536e-02,2.710977e-01,1.781980e-02,1.255652e-03,8.615769e-03,1.200888e-02,3.382510e-02,4.206260e-04,9.695431e-04
1.067198e-01,2.280405e-03,4.116365e-02,1.066613e-01,3.077365e-01,3.305771e-02,6.746127e-02,2.681866e-01,1.290303e-02,1.533980e-03,6.248613e-03,8.982162e-03,3.517344e-02,3.880451e-04,1.503513e-03
8.308969e-02,1.803175e-03,4.485483e-02,1.004836e-01,2.704399e-01,2.847943e-02,1.562199e-01,2.360564e-01,9.188512e-03,2.259875e-02,4.896761e-03,6.436929e-03,3.260917e-02,4.417843e-04,2.401195e-03
6.402872e-02,1.692693e-03,3.849547e-02,7.644233e-02,2.127535e-01,2.556383e-02,2.292486e-01,1.841721e-01,6.853819e-03,1.089306e-01,5.168579e-03,5.106793e-03,3.676064e-02,6.963644e-04,4.085963e-03
7.201426e-02,3.761883e-03,4.082291e-02,5.475403e-02,1.620668e-01,3.353531e-02,2.227072e-01,1.343116e-01,6.923563e-03,2.115591e-01,9.413028e-03,4.653468e-03,2.934937e-02,5.746440e-03,8.381069e-03
1.198656e-01,4.083209e-03,3.478235e-02,3.947119e-02,1.293661e-01,2.853521e-02,1.950895e-01,1.022245e-01,8.372872e-03,2.723374e-01,1.150860e-02,4.552931e-03,2.276128e-02,1.069669e-02,1.635268e-02
9.426008e-02,4.860631e-03,2.717965e-02,2.929027e-02,1.045465e-01,2.570304e-02,1.397386e-01,7.305606e-02,9.584730e-03,4.381320e-01,1.014392e-02,4.538360e-03,1.711472e-02,8.376179e-03,1.347523e-02
6.933604e-02,6.330446e-03,2.139309e-02,2.296575e-02,9.027123e-02,3.642768e-02,9.875117e-02,5.267800e-02,1.096117e-02,5.407414e-01,1.239558e-02,5.004333e-03,1.428204e-02,6.621402e-03,1.184061e-02
1.108250e-01,8.121535e-03,1.912840e-02,2.625057e-02,7.935595e-02,3.506475e-02,7.639537e-02,4.023905e-02,3.088808e-02,4.550171e-01,3.302838e-02,1.331182e-02,2.313800e-02,1.861732e-02,3.061869e-02
8.195139e-02,6.925615e-03,1.429758e-02,2.025844e-02,5.945771e-02,2.793224e-02,5.619104e-02,2.929670e-02,7.068487e-02,3.272835e-01,5.942022e-02,8.595773e-02,7.780635e-02,4.960070e-02,3.293589e-02
7.617785e-02,6.449812e-03,1.108587e-02,1.757589e-02,4.710533e-02,2.391103e-02,3.972996e-02,2.198750e-02,1.784828e-01,2.451774e-01,9.125221e-02,7.008477e-02,5.826575e-02,7.834220e-02,3.437160e-02
8.918560e-02,6.195543e-03,8.911457e-03,1.424720e-02,4.000698e-02,2.069989e-02,2.852588e-02,1.602560e-02,2.087762e-01,1.809238e-01,1.203599e-01,6.381174e-02,4.815368e-02,1.078600e-01,4.631647e-02
7.515623e-02,5.262845e-03,7.294705e-03,1.114963e-02,2.971409e-02,1.584111e-02,2.014824e-02,1.274549e-02,3.131552e-01,1.275069e-01,1.446971e-01,6.955887e-02,3.683700e-02,9.618471e-02,3.474785e-02
5.633541e-02,5.293990e-03,5.588194e-03,8.250357e-03,2.214787e-02,1.163251e-02,1.416816e-02,9.416215e-03,4.620365e-01,8.986498e-02,1.184376e-01,5.845102e-02,2.689528e-02,8.629248e-02,2.518938e-02
4.755800e-02,6.648297e-03,5.330553e-03,6.322725e-03,1.651023e-02,8.743656e-03,9.946232e-03,7.145641e-03,5.618063e-01,6.351002e-02,1.004267e-01,4.275238e-02,1.921494e-02,8.591683e-02,1.816757e-02
4.886037e-02,5.676812e-03,4.647079e-03,5.843188e-03,1.450575e-02,7.236389e-03,7.002810e-03,5.529513e-03,6.417069e-01,4.668718e-02,7.516071e-02,3.046508e-02,1.400611e-02,7.925988e-02,1.341213e-02
4.019913e-02,4.617857e-03,4.058423e-03,1.022986e-02,1.223723e-02,8.161651e-03,4.932553e-03,4.083127e-03,7.133331e-01,3.498008e-02,5.602438e-02,2.290137e-02,1.121005e-02,6.227363e-02,1.075746e-02
4.770696e-02,3.695443e-03,3.314188e-03,8.391559e-03,1.288462e-02,7.065221e-03,3.477506e-03,3.633194e-03,7.249084e-01,2.829259e-02,4.998453e-02,1.797122e-02,1.012696e-02,6.901351e-02,9.534070e-03
7.491750e-02,3.694050e-03,3.789696e-03,1.044311e-02,1.866749e-02,6.324725e-03,2.543126e-03,3.787288e-03,7.008426e-01,2.517813e-02,4.167444e-02,1.588596e-02,1.129537e-02,7.119088e-02,9.765686e-03
7.604574e-02,3.640726e-03,8.971575e-03,1.270345e-02,3.941372e-02,7.510185e-03,2.033443e-03,5.840740e-03,6.559108e-01,3.523666e-02,3.213844e-02,1.189714e-02,9.467339e-03,9.036092e-02,8.829030e-03
6.374056e-02,7.081630e-03,1.413382e-02,1.202704e-02,3.469380e-02,1.183210e-02,1.793158e-03,6.472314e-03,5.581629e-01,3.493356e-02,2.748355e-02,1.017848e-02,1.205143e-02,1.787106e-01,2.670499e-02
4.976795e-02,1.035234e-02,1.909136e-02,3.853324e-02,3.487083e-02,1.050866e-02,1.590641e-03,9.495068e-03,5.099354e-01,3.805466e-02,2.592848e-02,9.707586e-03,1.453520e-02,1.813043e-01,4.632435e-02
4.035496e-02,3.417293e-02,1.869543e-02,4.527999e-02,3.293056e-02,8.234190e-03,1.175671e-03,7.651812e-03,5.276085e-01,4.563314e-02,2.083600e-02,7.283495e-03,1.198170e-02,1.448094e-01,5.335227e-02
3.664703e-02,5.634571e-02,1.729508e-02,3.799301e-02,6.145275e-02,9.546784e-03,9.736074e-04,2.237461e-02,5.255122e-01,3.726969e-02,1.862603e-02,5.350170e-03,9.101814e-03,1.182511e-01,4.326043e-02
4.132038e-02,5.247203e-02,1.580823e-02,3.861190e-02,6.928217e-02,9.301403e-03,1.619324e-03,1.125558e-01,4.848213e-01,2.741716e-02,1.800180e-02,4.058281e-03,8.966073e-03,8.490291e-02,3.086119e-02
5.402322e-02,4.339481e-02,2.739477e-02,9.305612e-02,7.754897e-02,2.169937e-02,1.689209e-03,1.321705e-01,4.196422e-01,2.044280e-02,1.506094e-02,3.371253e-03,6.994349e-03,5.978845e-02,2.372300e-02
5.163711e-02,3.352703e-02,2.540763e-02,9.391553e-02,7.516214e-02,1.701174e-02,1.475750e-03,2.971568e-01,3.122217e-01,1.446735e-02,1.099621e-02,2.450698e-03,5.041666e-03,4.230197e-02,1.722664e-02
4.705370e-02,2.661414e-02,1.918572e-02,7.680009e-02,5.699844e-02,1.290457e-02,1.243345e-03,4.656459e-01,2.258909e-01,1.030919e-02,8.460302e-03,1.940794e-03,3.782559e-03,3.065199e-02,1.251835e-02
4.019933e-02,1.983633e-02,1.401078e-02,6.333327e-02,4.323983e-02,9.765031e-03,9.639186e-04,5.986268e-01,1.614402e-01,7.275514e-03,6.232856e-03,1.442791e-03,2.750212e-03,2.188393e-02,8.999247e-03
3.708271e-02,1.451406e-02,1.050942e-02,5.940712e-02,3.874544e-02,7.253135e-03,9.560569e-04,6.811833e-01,1.152928e-01,5.138920e-03,4.821850e-03,1.183764e-03,2.094460e-03,1.539718e-02,6.419756e-03
3.423429e-02,1.049954e-02,7.696915e-03,4.423984e-02,2.863986e-02,5.348127e-03,7.526649e-04,7.613598e-01,8.212447e-02,3.621197e-03,3.598814e-03,9.012708e-04,1.553321e-03,1.090389e-02,4.525955e-03
3.670068e-02,7.538584e-03,6.112678e-03,3.395585e-02,2.340847e-02,4.183481e-03,7.240189e-04,8.107434e-01,5.826118e-02,2.568239e-03,2.906654e-03,7.528745e-04,1.224089e-03,7.691950e-03,3.227842e-03
3.574445e-02,5.401217e-03,4.799687e-03,2.506381e-02,1.765167e-02,3.989622e-03,1.024780e-03,8.516151e-01,4.097595e-02,1.829476e-03,2.310460e-03,6.243461e-04,1.130957e-03,5.532676e-03,2.305881e-03
3.556032e-02,3.954042e-03,3.805251e-03,1.892419e-02,1.616163e-02,3.411058e-03,1.127818e-03,8.778194e-01,2.888788e-02,1.321392e-03,1.954251e-03,5.018628e-04,9.511218e-04,3.961702e-03,1.658154e-03
2.840536e-02,2.874275e-03,3.705308e-03,1.395992e-02,1.299565e-02,2.651903e-03,1.267797e-03,9.057244e-01,2.034874e-02,9.468487e-04,1.636417e-03,4.270546e-04,9.370901e-04,2.865256e-03,1.254020e-03
2.738119e-02,2.154316e-03,4.461711e-03,1.027586e-02,1.013501e-02,2.127719e-03,1.293660e-03,9.209443e-01,1.459126e-02,7.450965e-04,1.377503e-03,4.383918e-04,9.309640e-04,2.062283e-03,1.080752e-03
2.407036e-02,1.640067e-03,3.862336e-03,7.472944e-03,8.452319e-03,2.628777e-03,3.036228e-03,9.301786e-01,1.066925e-02,5.851829e-04,1.286231e-03,5.142054e-04,3.150732e-03,1.483897e-03,9.688477e-04
1.972500e-02,1.212555e-03,2.954697e-03,5.406299e-03,1.143629e-02,2.680416e-03,3.591266e-03,9.367800e-01,8.125313e-03,4.311221e-04,1.256498e-03,5.051274e-04,4.030456e-03,1.069336e-03,7.956421e-04
1.740305e-02,9.939870e-04,2.303879e-03,3.985858e-03,1.526411e-02,3.929251e-03,4.522666e-03,9.333260e-01,5.846807e-03,3.305835e-04,1.072000e-03,4.699965e-04,9.031059e-03,7.673813e-04,7.533678e-04
2.042708e-02,1.212313e-03,1.885965e-03,2.949427e-03,1.646457e-02,8.347291e-03,5.182631e-03,8.880755e-01,4.445479e-03,3.722058e-04,1.490739e-03,6.159523e-04,4.541763e-02,6.061912e-04,2.506973e-03
2.077160e-02,1.492939e-03,1.792447e-03,2.252547e-03,1.632773e-02,6.684508e-03,5.349526e-03,8.747908e-01,3.736535e-03,3.900119e-04,1.308938e-03,5.771966e-04,5.624738e-02,4.532441e-04,7.824635e-03
2.530275e-02,1.915039e-03,1.787069e-03,1.739868e-03,1.821860e-02,6.779975e-03,6.376483e-03,8.542996e-01,3.576544e-03,4.312832e-04,1.305928e-03,7.928064e-04,6.698132e-02,3.501911e-04,1.014254e-02
3.217644e-02,7.373545e-03,1.810238e-02,4.274290e-03,1.159149e-01,1.102393e-02,1.499205e-02,6.626455e-01,9.970640e-03,2.573427e-03,3.788609e-03,3.923968e-03,9.783953e-02,4.943134e-04,1.490649e-02
6.443927e-02,7.296813e-03,1.977284e-02,5.082014e-03,1.137547e-01,1.863552e-02,1.845567e-02,5.363736e-01,1.131210e-02,2.901616e-03,8.596294e-03,9.247646e-03,1.276163e-01,6.963407e-04,5.581932e-02
9.382762e-02,6.163193e-03,1.481568e-02,5.025862e-03,9.351146e-02,5.163520e-02,1.439589e-02,3.820986e-01,1.078650e-02,2.640684e-03,2.628410e-02,2.785884e-02,1.888998e-01,1.412631e-03,8.064395e-02
1.525979e-01,6.292498e-03,1.508858e-02,4.084733e-03,7.766342e-02,5.210838e-02,1.182444e-02,2.690974e-01,1.029344e-02,3.382790e-03,3.017396e-02,4.695793e-02,2.491440e-01,1.732038e-03,6.955852e-02
2.417320e-01,7.913372e-03,1.252929e-02,3.595441e-03,7.189722e-02,4.469532e-02,8.843472e-03,1.894204e-01,1.089254e-02,4.113312e-03,3.210737e-02,7.966661e-02,2.289187e-01,2.127182e-03,6.154778e-02
2.052475e-01,1.400198e-02,1.465456e-02,2.929288e-03,5.797884e-02,4.505002e-02,7.086146e-03,1.343623e-01,2.072539e-02,4.052793e-03,2.516047e-02,1.530362e-01,2.326473e-01,7.562783e-03,7.550456e-02
1.611345e-01,2.050572e-02,1.534922e-02,2.176986e-03,4.538079e-02,4.133489e-02,5.919329e-03,9.565116e-02,2.543020e-02,4.160197e-03,1.900784e-02,2.342531e-01,2.273454e-01,8.701975e-03,9.364878e-02
1.344862e-01,2.475544e-02,2.006511e-02,2.250902e-03,4.147808e-02,3.525356e-02,6.562647e-03,6.980880e-02,4.196721e-02,5.219425e-03,1.640126e-02,3.079255e-01,1.898701e-01,8.456953e-03,9.549893e-02
1.042019e-01,2.727443e-02,1.799588e-02,2.009148e-03,3.970936e-02,2.999153e-02,7.630501e-03,5.547987e-02,4.761605e-02,4.268171e-03,1.527653e-02,3.774938e-01,1.570580e-01,7.271558e-03,1.067233e-01
7.685660e-02,2.969638e-02,2.029485e-02,2.270970e-03,4.342587e-02,2.931938e-02,1.209977e-02,4.870683e-02,5.739690e-02,4.221594e-03,1.681503e-02,3.448095e-01,1.320771e-01,9.095729e-03,1.729136e-01
7.721742e-02,5.474112e-02,1.887948e-02,2.811312e-03,3.453705e-02,7.329255e-02,1.178874e-02,4.152431e-02,9.737462e-02,3.898964e-03,1.299861e-02,3.046167e-01,1.211255e-01,7.465996e-03,1.377277e-01
8.526242e-02,1.222602e-01,2.267041e-02,3.312391e-03,2.647440e-02,6.337340e-02,1.018891e-02,3.207420e-02,1.156416e-01,1.598719e-02,1.062956e-02,2.723677e-01,1.037133e-01,6.590951e-03,1.094535e-01
6.966078e-02,1.268243e-01,1.939983e-02,4.466269e-03,1.908695e-02,1.723095e-01,7.527463e-03,2.422454e-02,1.040443e-01,4.469500e-02,8.202584e-03,2.012490e-01,7.941657e-02,6.693474e-03,1.121995e-01
5.275991e-02,1.015125e-01,1.535074e-02,3.784775e-03,1.352092e-02,2.292387e-01,5.422802e-03,1.755729e-02,8.975536e-02,4.563479e-02,7.203556e-03,1.424320e-01,5.767480e-02,1.745078e-02,2.007010e-01
4.104263e-02,8.828696e-02,1.241596e-02,3.020477e-03,9.754596e-03,2.231328e-01,3.994158e-03,1.269433e-02,8.671919e-02,4.429324e-02,7.881781e-03,1.008879e-01,4.191526e-02,1.030959e-01,2.208648e-01
4.473395e-02,6.971323e-02,1.146992e-02,4.600234e-03,9.971553e-03,2.844475e-01,3.080299e-03,1.217029e-02,1.000169e-01,3.836634e-02,1.202106e-02,7.134795e-02,2.998273e-02,1.090548e-01,1.990233e-01
3.667196e-02,5.212317e-02,1.008352e-02,3.914635e-03,8.953871e-03,2.420302e-01,2.733300e-03,8.866448e-03,1.091384e-01,4.370160e-02,1.796870e-02,5.081722e-02,2.242268e-02,2.087321e-01,1.818422e-01
4.344839e-02,5.196655e-02,1.017868e-02,4.818916e-03,1.280025e-02,2.115865e-01,2.804008e-03,8.308491e-03,1.104976e-01,3.430755e-02,2.092561e-02,3.674746e-02,1.698346e-02,2.211831e-01,2.134435e-01
3.847823e-02,4.400088e-02,1.612237e-02,9.878630e-03,1.339740e-02,1.570678e-01,2.371267e-03,8.901974e-03,1.427648e-01,3.547650e-02,1.773358e-02,2.679536e-02,1.308208e-02,1.676950e-01,3.062342e-01
4.042898e-02,4.038242e-02,3.198174e-02,1.124143e-02,2.106114e-02,1.183498e-01,2.165838e-03,8.542301e-03,1.677087e-01,3.404744e-02,1.413903e-02,1.951062e-02,1.087665e-02,1.388844e-01,3.406796e-01
5.683457e-02,3.942952e-02,2.717112e-02,9.667320e-03,2.828543e-02,9.998535e-02,2.260861e-03,7.995618e-03,1.837982e-01,3.195632e-02,1.211629e-02,1.505919e-02,9.201302e-03,1.165875e-01,3.596514e-01
7.552491e-02,3.547682e-02,2.906768e-02,1.010163e-02,3.771272e-02,8.744504e-02,1.980689e-03,9.610015e-03,2.065423e-01,3.123113e-02,1.077093e-02,1.193332e-02,8.369126e-03,1.018701e-01,3.423636e-01
6.556828e-02,3.091734e-02,1.054887e-01,1.540142e-02,2.903454e-02,6.539086e-02,1.540577e-03,7.274488e-03,1.823487e-01,3.678124e-02,8.090301e-03,8.769880e-03,6.512572e-03,7.816516e-02,3.587160e-01
7.168392e-02,2.406299e-02,1.690389e-01,2.392541e-02,2.410560e-02,4.830601e-02,1.574876e-03,8.123344e-03,1.955933e-01,4.249255e-02,7.422297e-03,7.193974e-03,6.209903e-03,7.023553e-02,3.000314e-01
7.665740e-02,2.040110e-02,2.697282e-01,2.385778e-02,1.984787e-02,3.538893e-02,1.601461e-03,9.374320e-03,1.766131e-01,4.001040e-02,6.830706e-03,5.385662e-03,4.977292e-03,7.498639e-02,2.343394e-01
1.765843e-01,1.715713e-02,2.726385e-01,2.566343e-02,1.640687e-02,3.117555e-02,3.402124e-03,1.200469e-02,1.535109e-01,3.418826e-02,8.599134e-03,8.225147e-03,6.201835e-03,5.882346e-02,1.754187e-01
2.932845e-01,1.702866e-02,2.314198e-01,2.549468e-02,1.486095e-02,2.590598e-02,4.044943e-03,1.561893e-02,1.351489e-01,3.568695e-02,8.933257e-03,9.271975e-03,5.956342e-03,4.536051e-02,1.319835e-01
3.916054e-01,1.891553e-02,1.782941e-01,2.830862e-02,1.260514e-02,2.241583e-02,3.988194e-03,2.023825e-02,1.307422e-01,3.085038e-02,9.465485e-03,1.040412e-02,6.349573e-03,3.460470e-02,1.012124e-01
3.951713e-01,3.039273e-02,1.398780e-01,3.532777e-02,1.157070e-02,2.001539e-02,3.842655e-03,2.092937e-02,1.707907e-01,3.065647e-02,9.988966e-03,1.204721e-02,7.044089e-03,2.791376e-02,8.443093e-02
4.726663e-01,3.824290e-02,1.056455e-01,3.225482e-02,1.484711e-02,2.053784e-02,3.587669e-03,1.969832e-02,1.482961e-01,2.393638e-02,9.209726e-03,1.568859e-02,6.943385e-03,2.193762e-02,6.650779e-02
3.814445e-01,4.606080e-02,8.019999e-02,1.230209e-01,1.216931e-02,1.935406e-02,3.022677e-03,1.501386e-02,1.754965e-01,1.897055e-02,9.085419e-03,1.668653e-02,9.369918e-03,1.563150e-02,7.447346e-02
4.345653e-01,4.126976e-02,5.737547e-02,1.072699e-01,1.423561e-02,2.225310e-02,2.858424e-03,1.256971e-02,1.641338e-01,1.603962e-02,1.008151e-02,2.015346e-02,1.130206e-02,1.180596e-02,7.408635e-02
1.000000e+00,0.000000e+00,0.000000e+00,0.000000e+00,0.000000e+00,0.000000e+00,0.000000e+00,0.000000e+00,0.000000e+00,0.000000e+00,0.000000e+00,0.000000e+00,0.000000e+00,0.000000e+00,0.000000e+00
4.980041e-01,3.624395e-02,3.328484e-02,9.992471e-02,1.844292e-02,2.043888e-02,2.208299e-03,8.219630e-03,1.175636e-01,1.667622e-02,9.548159e-03,2.525340e-02,1.165293e-02,7.031064e-03,9.550732e-02
1.000000e+00,0.000000e+00,0.000000e+00,0.000000e+00,0.000000e+00,0.000000e+00,0.000000e+00,0.000000e+00,0.000000e+00,0.000000e+00,0.000000e+00,0.000000e+00,0.000000e+00,0.000000e+00,0.000000e+00
1.000000e+00,0.000000e+00,0.000000e+00,0.000000e+00,0.000000e+00,0.000000e+00,0.000000e+00,0.000000e+00,0.000000e+00,0.000000e+00,0.000000e+00,0.000000e+00,0.000000e+00,0.000000e+00,0.000000e+00
4.703824e-01,1.936322e-02,1.555857e-02,4.951566e-02,1.720353e-02,1.445102e-02,2.226385e-03,2.359408e-01,7.500699e-02,6.714100e-03,1.436194e-02,1.542980e-02,1.453030e-02,4.511977e-03,4.480320e-02
3.756203e-01,1.391583e-02,1.202088e-02,3.522656e-02,1.403071e-02,1.196536e-02,1.948616e-03,4.078538e-01,5.312043e-02,4.777481e-03,1.178561e-02,1.161979e-02,1.098748e-02,3.284923e-03,3.184228e-02
2.942458e-01,9.893134e-03,8.842673e-03,2.497204e-02,1.108779e-02,9.482269e-03,1.714486e-03,5.484137e-01,3.744943e-02,3.386282e-03,9.085405e-03,8.582033e-03,8.103187e-03,2.335492e-03,2.240629e-02
2.139871e-01,7.003365e-03,6.920454e-03,1.832549e-02,9.188606e-03,7.858873e-03,1.333967e-03,6.691103e-01,2.633924e-02,2.435528e-03,7.109118e-03,6.463800e-03,6.422276e-03,1.717515e-03,1.578440e-02
1.533839e-01,4.989154e-03,4.979791e-03,1.346533e-02,9.152815e-03,5.956298e-03,9.805991e-04,7.593290e-01,1.858311e-02,1.726036e-03,5.614410e-03,4.617718e-03,4.873259e-03,1.242243e-03,1.110639e-02
1.093529e-01,3.565243e-03,3.571908e-03,9.623867e-03,8.375268e-03,4.405298e-03,7.402510e-04,8.262887e-01,1.307919e-02,1.220832e-03,4.246030e-03,3.262540e-03,3.573271e-03,8.993659e-04,7.795420e-03
7.814414e-02,2.576845e-03,2.647888e-03,6.889756e-03,8.673093e-03,3.411890e-03,6.719128e-04,8.725757e-01,9.210397e-03,8.709105e-04,3.225739e-03,2.311261e-03,2.663496e-03,6.400957e-04,5.486873e-03
5.729056e-02,1.886080e-03,2.122133e-03,4.992033e-03,6.894675e-03,2.752296e-03,7.704096e-04,9.048780e-01,6.516088e-03,6.323726e-04,2.533691e-03,1.785058e-03,2.545239e-03,4.875429e-04,3.913897e-03
4.336830e-02,1.399362e-03,1.681066e-03,3.654306e-03,6.121005e-03,2.366355e-03,7.436461e-04,9.273024e-01,4.610964e-03,4.528751e-04,1.861969e-03,1.352047e-03,1.956835e-03,3.513692e-04,2.777565e-03
3.594489e-02,1.054648e-03,1.367462e-03,2.816686e-03,7.249517e-03,1.922849e-03,9.763876e-04,9.387106e-01,3.312669e-03,3.406973e-04,1.420998e-03,1.087327e-03,1.555268e-03,2.605353e-04,1.979416e-03
3.265583e-02,1.251701e-03,1.210425e-03,2.273125e-03,7.360805e-03,2.000704e-03,1.433515e-03,9.409755e-01,2.714192e-03,3.865205e-04,1.846493e-03,1.162189e-03,2.777534e-03,2.598828e-04,1.691493e-03
3.074028e-02,1.169336e-03,1.061040e-03,1.954170e-03,8.266388e-03,1.908866e-03,1.173176e-03,9.396908e-01,3.048191e-03,3.789542e-04,2.135324e-03,1.365301e-03,5.115127e-03,3.325678e-04,1.660429e-03
3.652805e-02,1.442872e-03,1.143280e-03,1.935969e-03,2.049506e-02,3.289842e-03,1.419546e-03,9.174566e-01,3.365089e-03,3.357235e-04,2.272310e-03,1.410037e-03,7.035290e-03,2.784434e-04,1.591930e-03
3.634732e-02,1.534603e-03,9.902727e-04,1.541221e-03,2.387297e-02,5.080659e-03,1.382237e-03,9.033701e-01,3.172513e-03,2.880854e-04,2.288280e-03,1.259359e-03,1.703047e-02,2.402719e-04,1.601683e-03
4.091098e-02,1.942328e-03,2.302064e-03,1.700854e-03,4.251494e-02,5.377413e-03,2.624235e-03,8.737167e-01,2.985783e-03,3.288095e-04,2.967325e-03,1.129904e-03,1.772719e-02,2.126566e-04,3.558796e-03
4.455006e-02,1.832889e-03,2.188196e-03,1.546583e-03,4.113077e-02,5.225765e-03,3.214792e-03,8.662114e-01,2.463763e-03,2.982163e-04,2.737224e-03,1.104850e-03,2.352459e-02,1.770758e-04,3.793808e-03
5.352347e-02,3.127856e-03,5.909777e-03,3.368929e-03,5.338565e-02,7.903872e-03,5.259255e-03,7.898418e-01,5.379627e-03,1.593720e-03,4.204812e-03,4.410001e-03,5.645404e-02,2.341252e-04,5.403043e-03
5.034423e-02,2.914021e-03,4.831297e-03,2.768705e-03,4.311316e-02,7.409509e-03,4.070801e-03,5.681861e-01,4.905528e-03,1.789182e-03,7.163133e-03,3.641701e-03,5.177424e-02,5.096378e-04,2.465788e-01
4.517571e-02,2.641384e-03,3.606441e-03,2.246810e-03,3.199503e-02,6.461532e-03,3.043886e-03,3.995827e-01,4.773261e-03,2.096591e-03,6.458920e-03,2.969254e-03,4.466261e-02,7.034786e-04,4.435824e-01
3.958767e-02,2.291193e-03,3.323366e-03,2.495879e-03,2.331968e-02,6.187044e-03,2.267618e-03,2.801597e-01,6.600535e-03,2.486429e-03,6.710771e-03,2.829351e-03,3.972565e-02,1.117974e-03,5.808971e-01
3.396096e-02,3.009698e-03,2.243723e-02,1.221101e-02,2.083470e-02,7.309058e-03,1.974660e-03,1.977507e-01,2.521619e-02,2.354451e-03,9.075051e-03,2.735141e-03,3.782605e-02,1.347827e-03,6.219573e-01
4.625152e-02,9.219075e-03,5.973900e-02,2.426225e-02,2.689312e-02,3.139710e-02,1.743665e-03,1.394228e-01,2.129445e-02,3.205593e-03,6.833261e-03,2.060458e-03,3.069386e-02,1.166537e-03,5.958173e-01
6.584179e-02,2.304009e-02,8.240469e-02,4.980065e-02,4.340004e-02,6.186090e-02,3.207718e-03,9.844634e-02,3.186287e-02,1.168611e-02,5.135125e-03,1.564646e-03,2.648379e-02,9.306793e-04,4.943346e-01
9.206824e-02,3.049279e-02,8.279978e-02,5.084570e-02,5.763496e-02,7.723898e-02,5.070905e-03,7.053880e-02,3.040790e-02,1.875170e-02,4.026707e-03,1.384824e-03,2.983162e-02,8.551902e-04,4.480520e-01
1.178040e-01,4.103798e-02,7.479756e-02,5.542679e-02,7.346569e-02,9.336716e-02,1.183064e-02,5.125083e-02,2.594986e-02,1.840528e-02,3.290859e-03,1.227409e-03,3.388944e-02,9.411583e-04,3.973154e-01
1.216179e-01,3.886382e-02,8.629861e-02,8.445188e-02,6.459720e-02,1.175595e-01,1.312617e-02,3.913286e-02,2.258869e-02,2.217125e-02,2.807656e-03,1.187879e-03,2.671656e-02,1.629068e-03,3.572511e-01
9.222828e-02,2.986764e-02,6.262162e-02,5.996897e-02,4.631146e-02,3.244049e-01,9.284027e-03,2.809386e-02,2.117128e-02,1.970602e-02,2.809525e-03,9.065364e-04,1.884357e-02,5.435573e-03,2.783468e-01
6.786607e-02,2.225940e-02,4.428321e-02,4.258090e-02,3.338819e-02,4.158953e-01,6.657318e-03,1.990306e-02,3.208947e-02,6.766406e-02,1.384564e-02,7.708906e-04,1.381419e-02,1.229722e-02,2.066851e-01
5.057878e-02,2.639720e-02,3.251997e-02,3.172574e-02,2.444549e-02,4.711685e-01,4.737955e-03,1.429561e-02,8.198251e-02,4.970170e-02,2.042714e-02,8.054036e-04,1.028651e-02,1.525600e-02,1.656716e-01
3.620185e-02,2.075185e-02,2.351896e-02,2.340455e-02,1.759499e-02,4.009130e-01,3.423645e-03,1.026100e-02,2.079333e-01,4.442566e-02,1.758165e-02,1.286593e-03,7.881030e-03,4.025204e-02,1.445699e-01
2.620969e-02,1.582625e-02,1.685903e-02,1.659938e-02,1.291824e-02,3.419848e-01,2.819772e-03,7.431225e-03,2.038493e-01,5.458689e-02,1.805728e-02,1.548490e-03,6.288302e-03,1.494023e-01,1.256191e-01
