1.000000e+00,0.000000e+00,0.000000e+00,0.000000e+00,0.000000e+00,0.000000e+00,0.000000e+00,0.000000e+00,0.000000e+00,0.000000e+00,0.000000e+00,0.000000e+00,0.000000e+00,0.000000e+00,0.000000e+00
1.000000e+00,0.000000e+00,0.000000e+00,0.000000e+00,0.000000e+00,0.000000e+00,0.000000e+00,0.000000e+00,0.000000e+00,0.000000e+00,0.000000e+00,0.000000e+00,0.000000e+00,0.000000e+00,0.000000e+00
1.000000e+00,0.000000e+00,0.000000e+00,0.000000e+00,0.000000e+00,0.000000e+00,0.000000e+00,0.000000e+00,0.000000e+00,0.000000e+00,0.000000e+00,0.000000e+00,0.000000e+00,0.000000e+00,0.000000e+00
1.000000e+00,0.000000e+00,0.000000e+00,0.000000e+00,0.000000e+00,0.000000e+00,0.000000e+00,0.000000e+00,0.000000e+00,0.000000e+00,0.000000e+00,0.000000e+00,0.000000e+00,0.000000e+00,0.000000e+00
1.000000e+00,0.000000e+00,0.000000e+00,0.000000e+00,0.000000e+00,0.000000e+00,0.000000e+00,0.000000e+00,0.000000e+00,0.000000e+00,0.000000e+00,0.000000e+00,0.000000e+00,0.000000e+00,0.000000e+00
1.000000e+00,0.000000e+00,0.000000e+00,0.000000e+00,0.000000e+00,0.000000e+00,0.000000e+00,0.000000e+00,0.000000e+00,0.000000e+00,0.000000e+00,0.000000e+00,0.000000e+00,0.000000e+00,0.000000e+00
1.000000e+00,0.000000e+00,0.000000e+00,0.000000e+00,0.000000e+00,0.000000e+00,0.000000e+00,0.000000e+00,0.000000e+00,0.000000e+00,0.000000e+00,0.000000e+00,0.000000e+00,0.000000e+00,0.000000e+00
1.000000e+00,0.000000e+00,0.000000e+00,0.000000e+00,0.000000e+00,0.000000e+00,0.000000e+00,0.000000e+00,0.000000e+00,0.000000e+00,0.000000e+00,0.000000e+00,0.000000e+00,0.000000e+00,0.000000e+00
1.000000e+00,0.000000e+00,0.000000e+00,0.000000e+00,0.000000e+00,0.000000e+00,0.000000e+00,0.000000e+00,0.000000e+00,0.000000e+00,0.000000e+00,0.000000e+00,0.000000e+00,0.000000e+00,0.000000e+00
1.000000e+00,0.000000e+00,0.000000e+00,0.000000e+00,0.000000e+00,0.000000e+00,0.000000e+00,0.000000e+00,0.000000e+00,0.000000e+00,0.000000e+00,0.000000e+00,0.000000e+00,0.000000e+00,0.000000e+00
1.000000e+00,0.000000e+00,0.000000e+00,0.000000e+00,0.000000e+00,0.000000e+00,0.000000e+00,0.000000e+00,0.000000e+00,0.000000e+00,0.000000e+00,0.000000e+00,0.000000e+00,0.000000e+00,0.000000e+00
1.000000e+00,0.000000e+00,0.000000e+00,0.000000e+00,0.000000e+00,0.000000e+00,0.000000e+00,0.000000e+00,0.000000e+00,0.000000e+00,0.000000e+00,0.000000e+00,0.000000e+00,0.000000e+00,0.000000e+00
1.000000e+00,0.000000e+00,0.000000e+00,0.000000e+00,0.000000e+00,0.000000e+00,0.000000e+00,0.000000e+00,0.000000e+00,0.000000e+00,0.000000e+00,0.000000e+00,0.000000e+00,0.000000e+00,0.000000e+00
1.000000e+00,0.000000e+00,0.000000e+00,0.000000e+00,0.000000e+00,0.000000e+00,0.000000e+00,0.000000e+00,0.000000e+00,0.000000e+00,0.000000e+00,0.000000e+00,0.000000e+00,0.000000e+00,0.000000e+00
1.000000e+00,0.000000e+00,0.000000e+00,0.000000e+00,0.000000e+00,0.000000e+00,0.000000e+00,0.000000e+00,0.000000e+00,0.000000e+00,0.000000e+00,0.000000e+00,0.000000e+00,0.000000e+00,0.000000e+00
1.000000e+00,0.000000e+00,0.000000e+00,0.000000e+00,0.000000e+00,0.000000e+00,0.000000e+00,0.000000e+00,0.000000e+00,0.000000e+00,0.000000e+00,0.000000e+00,0.000000e+00,0.000000e+00,0.000000e+00
1.000000e+00,0.000000e+00,0.000000e+00,0.000000e+00,0.000000e+00,0.000000e+00,0.000000e+00,0.000000e+00,0.000000e+00,0.000000e+00,0.000000e+00,0.000000e+00,0.000000e+00,0.000000e+00,0.000000e+00
1.000000e+00,0.000000e+00,0.000000e+00,0.000000e+00,0.000000e+00,0.000000e+00,0.000000e+00,0.000000e+00,0.000000e+00,0.000000e+00,0.000000e+00,0.000000e+00,0.000000e+00,0.000000e+00,0.000000e+00
1.000000e+00,0.000000e+00,0.000000e+00,0.000000e+00,0.000000e+00,0.000000e+00,0.000000e+00,0.000000e+00,0.000000e+00,0.000000e+00,0.000000e+00,0.000000e+00,0.000000e+00,0.000000e+00,0.000000e+00
1.000000e+00,0.000000e+00,0.000000e+00,0.000000e+00,0.000000e+00,0.000000e+00,0.000000e+00,0.000000e+00,0.000000e+00,0.000000e+00,0.000000e+00,0.000000e+00,0.000000e+00,0.000000e+00,0.000000e+00
1.000000e+00,0.000000e+00,0.000000e+00,0.000000e+00,0.000000e+00,0.000000e+00,0.000000e+00,0.000000e+00,0.000000e+00,0.000000e+00,0.000000e+00,0.000000e+00,0.000000e+00,0.000000e+00,0.000000e+00
1.000000e+00,0.000000e+00,0.000000e+00,0.000000e+00,0.000000e+00,0.000000e+00,0.000000e+00,0.000000e+00,0.000000e+00,0.000000e+00,0.000000e+00,0.000000e+00,0.000000e+00,0.000000e+00,0.000000e+00
1.000000e+00,0.000000e+00,0.000000e+00,0.000000e+00,0.000000e+00,0.000000e+00,0.000000e+00,0.000000e+00,0.000000e+00,0.000000e+00,0.000000e+00,0.000000e+00,0.000000e+00,0.000000e+00,0.000000e+00
1.000000e+00,0.000000e+00,0.000000e+00,0.000000e+00,0.000000e+00,0.000000e+00,0.000000e+00,0.000000e+00,0.000000e+00,0.000000e+00,0.000000e+00,0.000000e+00,0.000000e+00,0.000000e+00,0.000000e+00
1.000000e+00,0.000000e+00,0.000000e+00,0.000000e+00,0.000000e+00,0.000000e+00,0.000000e+00,0.000000e+00,0.000000e+00,0.000000e+00,0.000000e+00,0.000000e+00,0.000000e+00,0.000000e+00,0.000000e+00
1.000000e+00,0.000000e+00,0.000000e+00,0.000000e+00,0.000000e+00,0.000000e+00,0.000000e+00,0.000000e+00,0.000000e+00,0.000000e+00,0.000000e+00,0.000000e+00,0.000000e+00,0.000000e+00,0.000000e+00
1.000000e+00,0.000000e+00,0.000000e+00,0.000000e+00,0.000000e+00,0.000000e+00,0.000000e+00,0.000000e+00,0.000000e+00,0.000000e+00,0.000000e+00,0.000000e+00,0.000000e+00,0.000000e+00,0.000000e+00
1.000000e+00,0.000000e+00,0.000000e+00,0.000000e+00,0.000000e+00,0.000000e+00,0.000000e+00,0.000000e+00,0.000000e+00,0.000000e+00,0.000000e+00,0.000000e+00,0.000000e+00,0.000000e+00,0.000000e+00
1.000000e+00,0.000000e+00,0.000000e+00,0.000000e+00,0.000000e+00,0.000000e+00,0.000000e+00,0.000000e+00,0.000000e+00,0.000000e+00,0.000000e+00,0.000000e+00,0.000000e+00,0.000000e+00,0.000000e+00
1.000000e+00,0.000000e+00,0.000000e+00,0.000000e+00,0.000000e+00,0.000000e+00,0.000000e+00,0.000000e+00,0.000000e+00,0.000000e+00,0.000000e+00,0.000000e+00,0.000000e+00,0.000000e+00,0.000000e+00
1.000000e+00,0.000000e+00,0.000000e+00,0.000000e+00,0.000000e+00,0.000000e+00,0.000000e+00,0.000000e+00,0.000000e+00,0.000000e+00,0.000000e+00,0.000000e+00,0.000000e+00,0.000000e+00,0.000000e+00
1.000000e+00,0.000000e+00,0.000000e+00,0.000000e+00,0.000000e+00,0.000000e+00,0.000000e+00,0.000000e+00,0.000000e+00,0.000000e+00,0.000000e+00,0.000000e+00,0.000000e+00,0.000000e+00,0.000000e+00
1.000000e+00,0.000000e+00,0.000000e+00,0.000000e+00,0.000000e+00,0.000000e+00,0.000000e+00,0.000000e+00,0.000000e+00,0.000000e+00,0.000000e+00,0.000000e+00,0.000000e+00,0.000000e+00,0.000000e+00
1.000000e+00,0.000000e+00,0.000000e+00,0.000000e+00,0.000000e+00,0.000000e+00,0.000000e+00,0.000000e+00,0.000000e+00,0.000000e+00,0.000000e+00,0.000000e+00,0.000000e+00,0.000000e+00,0.000000e+00
1.000000e+00,0.000000e+00,0.000000e+00,0.000000e+00,0.000000e+00,0.000000e+00,0.000000e+00,0.000000e+00,0.000000e+00,0.000000e+00,0.000000e+00,0.000000e+00,0.000000e+00,0.000000e+00,0.000000e+00
1.000000e+00,0.000000e+00,0.000000e+00,0.000000e+00,0.000000e+00,0.000000e+00,0.000000e+00,0.000000e+00,0.000000e+00,0.000000e+00,0.000000e+00,0.000000e+00,0.000000e+00,0.000000e+00,0.000000e+00
1.000000e+00,0.000000e+00,0.000000e+00,0.000000e+00,0.000000e+00,0.000000e+00,0.000000e+00,0.000000e+00,0.000000e+00,0.000000e+00,0.000000e+00,0.000000e+00,0.000000e+00,0.000000e+00,0.000000e+00
1.000000e+00,0.000000e+00,0.000000e+00,0.000000e+00,0.000000e+00,0.000000e+00,0.000000e+00,0.000000e+00,0.000000e+00,0.000000e+00,0.000000e+00,0.000000e+00,0.000000e+00,0.000000e+00,0.000000e+00
1.000000e+00,0.000000e+00,0.000000e+00,0.000000e+00,0.000000e+00,0.000000e+00,0.000000e+00,0.000000e+00,0.000000e+00,0.000000e+00,0.000000e+00,0.000000e+00,0.000000e+00,0.000000e+00,0.000000e+00
1.000000e+00,0.000000e+00,0.000000e+00,0.000000e+00,0.000000e+00,0.000000e+00,0.000000e+00,0.000000e+00,0.000000e+00,0.000000e+00,0.000000e+00,0.000000e+00,0.000000e+00,0.000000e+00,0.000000e+00
1.000000e+00,0.000000e+00,0.000000e+00,0.000000e+00,0.000000e+00,0.000000e+00,0.000000e+00,0.000000e+00,0.000000e+00,0.000000e+00,0.000000e+00,0.000000e+00,0.000000e+00,0.000000e+00,0.000000e+00
1.000000e+00,0.000000e+00,0.000000e+00,0.000000e+00,0.000000e+00,0.000000e+00,0.000000e+00,0.000000e+00,0.000000e+00,0.000000e+00,0.000000e+00,0.000000e+00,0.000000e+00,0.000000e+00,0.000000e+00
1.000000e+00,0.000000e+00,0.000000e+00,0.000000e+00,0.000000e+00,0.000000e+00,0.000000e+00,0.000000e+00,0.000000e+00,0.000000e+00,0.000000e+00,0.000000e+00,0.000000e+00,0.000000e+00,0.000000e+00
1.000000e+00,0.000000e+00,0.000000e+00,0.000000e+00,0.000000e+00,0.000000e+00,0.000000e+00,0.000000e+00,0.000000e+00,0.000000e+00,0.000000e+00,0.000000e+00,0.000000e+00,0.000000e+00,0.000000e+00
1.000000e+00,0.000000e+00,0.000000e+00,0.000000e+00,0.000000e+00,0.000000e+00,0.000000e+00,0.000000e+00,0.000000e+00,0.000000e+00,0.000000e+00,0.000000e+00,0.000000e+00,0.000000e+00,0.000000e+00
1.000000e+00,0.000000e+00,0.000000e+00,0.000000e+00,0.000000e+00,0.000000e+00,0.000000e+00,0.000000e+00,0.000000e+00,0.000000e+00,0.000000e+00,0.000000e+00,0.000000e+00,0.000000e+00,0.000000e+00
1.000000e+00,0.000000e+00,0.000000e+00,0.000000e+00,0.000000e+00,0.000000e+00,0.000000e+00,0.000000e+00,0.000000e+00,0.000000e+00,0.000000e+00,0.000000e+00,0.000000e+00,0.000000e+00,0.000000e+00
1.000000e+00,0.000000e+00,0.000000e+00,0.000000e+00,0.000000e+00,0.000000e+00,0.000000e+00,0.000000e+00,0.000000e+00,0.000000e+00,0.000000e+00,0.000000e+00,0.000000e+00,0.000000e+00,0.000000e+00
1.000000e+00,0.000000e+00,0.000000e+00,0.000000e+00,0.000000e+00,0.000000e+00,0.000000e+00,0.000000e+00,0.000000e+00,0.000000e+00,0.000000e+00,0.000000e+00,0.000000e+00,0.000000e+00,0.000000e+00
1.000000e+00,0.000000e+00,0.000000e+00,0.000000e+00,0.000000e+00,0.000000e+00,0.000000e+00,0.000000e+00,0.000000e+00,0.000000e+00,0.000000e+00,0.000000e+00,0.000000e+00,0.000000e+00,0.000000e+00
1.000000e+00,0.000000e+00,0.000000e+00,0.000000e+00,0.000000e+00,0.000000e+00,0.000000e+00,0.000000e+00,0.000000e+00,0.000000e+00,0.000000e+00,0.000000e+00,0.000000e+00,0.000000e+00,0.000000e+00
1.000000e+00,0.000000e+00,0.000000e+00,0.000000e+00,0.000000e+00,0.000000e+00,0.000000e+00,0.000000e+00,0.000000e+00,0.000000e+00,0.000000e+00,0.000000e+00,0.000000e+00,0.000000e+00,0.000000e+00
4.490137e-01,9.254479e-02,8.165063e-02,1.512003e-01,1.442757e-02,1.843627e-02,6.380332e-03,2.670253e-02,1.963720e-02,4.336531e-03,2.132068e-02,2.189349e-02,1.738686e-02,1.244570e-02,6.262355e-02
4.392862e-01,7.905230e-02,1.137736e-01,1.426403e-01,1.421774e-02,1.728514e-02,5.911763e-03,2.544969e-02,1.953390e-02,4.180242e-03,2.468477e-02,2.203757e-02,1.788675e-02,1.227091e-02,6.178912e-02
3.748523e-01,6.051553e-02,1.469332e-01,1.732742e-01,1.203961e-02,1.492334e-02,4.616524e-03,3.363965e-02,1.964100e-02,4.236253e-03,3.200639e-02,3.474800e-02,2.210634e-02,1.135593e-02,5.511172e-02
2.941771e-01,4.362486e-02,2.206217e-01,1.625612e-01,9.865051e-03,2.010019e-02,3.970064e-03,6.908208e-02,1.510148e-02,3.266668e-03,3.665614e-02,5.045942e-02,2.054294e-02,9.423985e-03,4.054721e-02
3.221230e-01,3.278051e-02,2.363671e-01,1.370992e-01,9.038601e-03,2.834846e-02,4.792240e-03,6.800275e-02,1.175438e-02,3.057593e-03,3.531792e-02,5.068443e-02,2.020959e-02,8.779819e-03,3.164437e-02
2.414412e-01,2.340614e-02,2.365351e-01,1.200127e-01,6.956035e-03,2.125970e-02,4.148875e-03,2.263406e-01,8.426530e-03,2.244283e-03,2.610415e-02,3.805560e-02,1.539719e-02,6.827133e-03,2.284479e-02
3.307990e-01,1.827880e-02,2.294623e-01,9.419209e-02,6.107125e-03,1.865177e-02,4.397256e-03,1.908809e-01,6.699166e-03,2.042713e-03,2.563338e-02,3.352441e-02,1.350153e-02,7.146858e-03,1.868270e-02
4.096282e-01,1.408209e-02,2.288440e-01,7.703988e-02,5.042095e-03,1.624524e-02,3.834490e-03,1.522484e-01,5.385943e-03,1.768287e-03,2.287750e-02,3.042746e-02,1.191676e-02,6.065771e-03,1.459390e-02
1.000000e+00,0.000000e+00,0.000000e+00,0.000000e+00,0.000000e+00,0.000000e+00,0.000000e+00,0.000000e+00,0.000000e+00,0.000000e+00,0.000000e+00,0.000000e+00,0.000000e+00,0.000000e+00,0.000000e+00
1.000000e+00,0.000000e+00,0.000000e+00,0.000000e+00,0.000000e+00,0.000000e+00,0.000000e+00,0.000000e+00,0.000000e+00,0.000000e+00,0.000000e+00,0.000000e+00,0.000000e+00,0.000000e+00,0.000000e+00
1.000000e+00,0.000000e+00,0.000000e+00,0.000000e+00,0.000000e+00,0.000000e+00,0.000000e+00,0.000000e+00,0.000000e+00,0.000000e+00,0.000000e+00,0.000000e+00,0.000000e+00,0.000000e+00,0.000000e+00
1.000000e+00,0.000000e+00,0.000000e+00,0.000000e+00,0.000000e+00,0.000000e+00,0.000000e+00,0.000000e+00,0.000000e+00,0.000000e+00,0.000000e+00,0.000000e+00,0.000000e+00,0.000000e+00,0.000000e+00
1.000000e+00,0.000000e+00,0.000000e+00,0.000000e+00,0.000000e+00,0.000000e+00,0.000000e+00,0.000000e+00,0.000000e+00,0.000000e+00,0.000000e+00,0.000000e+00,0.000000e+00,0.000000e+00,0.000000e+00
1.000000e+00,0.000000e+00,0.000000e+00,0.000000e+00,0.000000e+00,0.000000e+00,0.000000e+00,0.000000e+00,0.000000e+00,0.000000e+00,0.000000e+00,0.000000e+00,0.000000e+00,0.000000e+00,0.000000e+00
1.000000e+00,0.000000e+00,0.000000e+00,0.000000e+00,0.000000e+00,0.000000e+00,0.000000e+00,0.000000e+00,0.000000e+00,0.000000e+00,0.000000e+00,0.000000e+00,0.000000e+00,0.000000e+00,0.000000e+00
1.000000e+00,0.000000e+00,0.000000e+00,0.000000e+00,0.000000e+00,0.000000e+00,0.000000e+00,0.000000e+00,0.000000e+00,0.000000e+00,0.000000e+00,0.000000e+00,0.000000e+00,0.000000e+00,0.000000e+00
1.000000e+00,0.000000e+00,0.000000e+00,0.000000e+00,0.000000e+00,0.000000e+00,0.000000e+00,0.000000e+00,0.000000e+00,0.000000e+00,0.000000e+00,0.000000e+00,0.000000e+00,0.000000e+00,0.000000e+00
4.168994e-01,3.713752e-02,1.082683e-01,1.755305e-02,2.728231e-03,1.115374e-02,3.010944e-03,1.988952e-02,1.800843e-02,2.920119e-02,1.686932e-01,1.460517e-02,7.599340e-03,7.843758e-02,6.681451e-02
2.926771e-01,2.918863e-02,1.044590e-01,1.459570e-02,2.445422e-03,8.149770e-03,2.167595e-03,1.490011e-02,1.518068e-02,2.620227e-02,3.293040e-01,1.866492e-02,6.807008e-03,8.775768e-02,4.750008e-02
2.063900e-01,2.194674e-02,7.709224e-02,1.538348e-02,1.028355e-02,6.691054e-03,1.672987e-03,1.216516e-02,1.253594e-02,2.734135e-02,4.562258e-01,1.646665e-02,6.470202e-03,9.423709e-02,3.509773e-02
1.447684e-01,1.553994e-02,5.496398e-02,1.149887e-02,8.715230e-03,5.237038e-03,1.204499e-03,8.862479e-03,1.124451e-02,1.994793e-02,5.129598e-01,1.675978e-02,4.957131e-03,1.585878e-01,2.475256e-02
1.015067e-01,1.102387e-02,3.907792e-02,8.664863e-03,9.258067e-03,5.309943e-03,8.575193e-04,6.385303e-03,1.399540e-02,1.436384e-02,4.779913e-01,1.513756e-02,3.728365e-03,2.750347e-01,1.766463e-02
7.282136e-02,9.684237e-03,2.792109e-02,6.427480e-03,7.872424e-03,1.413300e-02,6.364618e-04,4.597059e-03,7.758859e-02,1.037409e-02,3.647770e-01,1.297012e-02,2.826966e-03,3.744054e-01,1.296462e-02
5.128817e-02,1.045383e-02,1.964225e-02,5.392267e-03,6.035621e-03,1.179810e-02,4.535280e-04,3.242329e-03,1.147490e-01,7.975969e-03,3.201513e-01,1.094968e-02,2.273088e-03,4.255117e-01,1.008304e-02
3.609797e-02,1.428926e-02,1.382663e-02,4.140712e-03,4.748133e-03,9.737329e-03,3.265443e-04,2.296177e-03,1.177634e-01,6.308129e-03,3.113092e-01,8.313369e-03,1.657088e-03,4.617166e-01,7.469344e-03
2.607973e-02,1.520155e-02,3.022381e-02,1.011808e-02,1.006932e-02,2.072084e-02,5.129734e-04,3.429190e-02,1.286431e-01,5.477811e-03,2.584129e-01,6.137563e-03,1.312605e-03,4.472668e-01,5.530920e-03
1.965565e-02,1.405079e-02,2.530922e-02,1.051086e-02,9.409081e-03,2.473379e-02,4.278859e-04,2.486627e-02,1.171369e-01,6.319281e-03,2.826453e-01,5.173828e-03,1.399796e-03,4.540254e-01,4.335910e-03
1.449158e-02,5.407771e-02,4.429536e-02,9.545514e-03,1.021887e-02,4.318845e-02,3.410356e-04,1.816704e-02,1.574485e-01,6.489328e-03,2.413305e-01,4.705092e-03,2.451322e-03,3.886444e-01,4.605239e-03
1.129450e-02,5.508021e-02,4.846642e-02,9.765495e-03,1.131737e-02,9.075021e-02,3.404025e-04,1.455438e-02,2.517108e-01,7.118862e-03,1.780748e-01,4.071095e-03,2.849438e-03,3.108574e-01,3.748575e-03
9.733648e-03,5.927997e-02,3.931621e-02,8.267946e-03,9.604059e-03,1.199432e-01,3.410540e-04,1.062339e-02,3.581105e-01,5.776201e-03,1.273389e-01,3.035479e-03,2.277988e-03,2.434282e-01,2.923174e-03
9.442241e-03,5.955694e-02,4.615193e-02,1.786863e-02,1.548202e-02,1.562135e-01,4.455047e-04,1.468799e-02,3.901106e-01,4.900069e-03,9.084003e-02,2.406034e-03,2.179840e-03,1.871658e-01,2.548915e-03
1.179909e-02,4.964516e-02,3.669832e-02,1.728529e-02,1.586324e-02,2.321627e-01,4.867612e-04,1.137396e-02,3.887736e-01,4.229051e-03,6.524475e-02,1.955200e-03,1.969286e-03,1.591290e-01,3.384644e-03
1.657700e-02,4.344875e-02,2.805453e-02,1.487321e-02,1.284225e-02,3.094108e-01,4.061447e-04,1.143640e-02,3.267489e-01,4.042538e-03,5.038292e-02,1.827075e-03,2.116658e-03,1.679798e-01,9.853091e-03
2.875882e-02,3.678774e-02,6.358475e-02,5.098218e-02,1.341644e-02,2.322396e-01,4.390604e-04,1.130890e-02,3.505300e-01,5.274508e-03,3.993739e-02,1.665746e-03,2.399472e-03,1.269900e-01,3.568546e-02
3.536579e-02,3.204468e-02,5.903533e-02,4.170242e-02,1.202115e-02,2.577660e-01,3.986768e-04,1.054729e-02,3.633767e-01,6.258582e-03,3.131435e-02,1.633827e-03,2.397217e-03,1.001424e-01,4.599556e-02
2.805903e-02,3.062219e-02,4.672857e-02,4.623241e-02,9.541765e-03,1.958805e-01,3.105273e-04,8.260788e-03,4.612488e-01,7.662338e-03,2.272335e-02,1.333719e-03,2.048790e-03,7.056496e-02,6.878228e-02
4.274525e-02,3.059549e-02,3.952010e-02,3.992488e-02,9.766538e-03,3.200912e-01,3.442198e-04,1.099934e-02,3.708163e-01,6.811302e-03,1.745078e-02,1.200570e-03,1.883065e-03,5.018625e-02,5.766457e-02
6.722748e-02,2.757664e-02,3.084175e-02,4.035595e-02,1.551533e-02,4.177666e-01,4.544344e-04,1.225509e-02,2.809370e-01,5.072454e-03,1.364699e-02,1.189493e-03,1.814725e-03,3.568776e-02,4.965828e-02
1.052641e-01,2.688315e-02,3.270129e-02,2.041813e-01,2.202044e-02,2.964162e-01,6.036243e-04,1.398648e-02,2.051253e-01,4.278128e-03,1.208323e-02,1.964170e-03,1.999765e-03,2.536459e-02,4.712822e-02
1.670577e-01,2.983584e-02,2.827876e-02,2.233693e-01,2.336712e-02,2.167802e-01,5.795514e-04,1.169429e-02,1.592564e-01,4.583938e-03,2.282840e-02,3.155774e-03,3.728444e-03,1.871077e-02,8.677346e-02
1.423676e-01,4.180996e-02,3.640214e-02,2.774220e-01,5.122994e-02,1.554580e-01,8.068410e-04,2.024293e-02,1.354203e-01,4.406547e-03,1.816522e-02,3.017216e-03,3.428691e-03,1.349804e-02,9.632461e-02
1.569171e-01,4.187227e-02,3.539600e-02,3.219854e-01,6.877973e-02,1.151976e-01,1.009018e-03,2.236651e-02,1.133267e-01,4.006822e-03,1.577390e-02,3.568988e-03,3.881377e-03,1.017929e-02,8.573923e-02
2.079777e-01,4.638086e-02,4.098254e-02,2.859349e-01,8.209964e-02,9.892740e-02,1.452082e-03,1.960936e-02,1.074231e-01,3.266568e-03,1.445989e-02,5.966808e-03,4.706743e-03,8.443995e-03,7.236835e-02
2.288701e-01,5.686211e-02,2.996290e-02,2.206269e-01,1.519463e-01,1.052207e-01,4.237447e-03,1.681378e-02,9.497818e-02,2.893456e-03,1.357380e-02,7.343731e-03,5.653900e-03,6.442993e-03,5.457377e-02
1.747456e-01,7.013474e-02,2.231243e-02,1.866490e-01,1.239253e-01,2.410180e-01,4.683037e-03,1.284328e-02,7.347295e-02,5.798978e-03,1.571171e-02,7.743869e-03,1.014237e-02,4.792966e-03,4.602578e-02
1.812673e-01,6.646599e-02,1.745309e-02,1.555001e-01,9.443361e-02,2.901235e-01,4.813601e-03,1.200419e-02,5.908868e-02,5.452966e-03,2.724065e-02,7.713310e-03,2.297247e-02,1.208571e-02,4.338497e-02
1.327312e-01,4.982293e-02,1.233619e-02,1.158684e-01,6.766893e-02,3.891544e-01,4.436987e-03,8.667550e-03,4.710018e-02,6.451203e-03,5.107098e-02,6.717757e-03,2.490769e-02,3.355757e-02,4.950814e-02
1.421394e-01,3.621601e-02,1.181048e-02,8.585504e-02,4.953555e-02,3.180803e-01,5.817471e-03,1.687996e-02,1.174235e-01,9.440605e-03,4.864123e-02,7.830922e-03,2.495609e-02,6.085701e-02,6.451645e-02
1.300718e-01,2.632258e-02,8.459515e-03,6.033491e-02,3.530161e-02,2.382593e-01,4.638070e-03,1.230653e-02,9.429138e-02,1.359164e-02,5.767931e-02,5.833866e-03,1.857238e-02,2.235527e-01,7.078444e-02
1.328826e-01,1.963814e-02,6.010890e-03,4.246406e-02,2.549116e-02,1.797431e-01,3.836015e-03,9.084444e-03,7.339042e-02,1.519186e-02,7.029690e-02,4.412572e-03,1.395264e-02,3.381892e-01,6.541601e-02
1.699165e-01,1.568575e-02,4.950650e-03,3.161580e-02,1.887559e-02,1.347446e-01,3.115535e-03,7.261727e-03,7.588566e-02,2.254797e-02,8.561386e-02,3.876889e-03,1.059372e-02,3.650533e-01,5.026253e-02
1.593015e-01,1.233664e-02,4.103860e-03,2.280550e-02,1.635113e-02,1.054744e-01,2.935125e-03,5.959745e-03,9.902900e-02,3.123301e-02,1.129879e-01,4.513356e-03,1.049655e-02,3.534894e-01,5.898289e-02
1.660754e-01,1.330686e-02,1.035526e-02,1.789473e-02,1.632037e-02,9.719975e-02,4.999586e-03,1.523074e-02,1.866005e-01,2.937918e-02,9.040079e-02,4.634388e-03,9.029550e-03,2.931773e-01,4.539552e-02
1.334632e-01,2.290834e-02,7.177567e-02,1.639562e-02,1.851287e-02,7.213003e-02,4.013939e-03,1.503180e-02,2.604173e-01,2.591204e-02,6.789537e-02,5.249952e-03,8.079852e-03,2.412617e-01,3.695234e-02
1.119968e-01,2.520218e-02,6.068886e-02,1.220633e-02,1.631562e-02,5.435592e-02,2.933799e-03,1.245827e-02,3.577055e-01,2.578751e-02,5.287518e-02,3.994013e-03,6.308726e-03,2.199831e-01,3.718817e-02
9.104852e-02,2.204226e-02,5.802871e-02,9.162374e-03,1.688204e-02,4.027296e-02,2.149518e-03,9.258431e-03,4.269655e-01,3.548575e-02,4.186798e-02,2.946466e-03,4.762241e-03,1.901510e-01,4.897623e-02
7.720850e-02,1.993908e-02,5.087259e-02,1.040010e-02,1.830528e-02,2.944707e-02,1.811266e-03,8.588159e-03,5.193393e-01,3.856619e-02,3.346996e-02,2.255147e-03,3.916948e-03,1.430735e-01,4.280684e-02
7.243846e-02,1.938813e-02,5.383784e-02,9.962801e-03,1.453022e-02,2.256595e-02,1.660413e-03,6.607498e-03,5.031098e-01,5.463315e-02,2.930749e-02,1.915891e-03,3.013451e-03,1.294531e-01,7.757589e-02
7.014298e-02,3.968261e-02,4.988464e-02,1.801564e-02,1.290345e-02,1.712897e-02,1.347379e-03,5.163978e-03,4.879365e-01,7.083170e-02,2.239360e-02,2.574939e-03,2.664706e-03,9.765779e-02,1.016711e-01
8.060545e-02,4.288170e-02,3.971995e-02,2.120494e-02,1.342621e-02,1.486489e-02,1.161569e-03,4.577727e-03,5.084596e-01,7.177355e-02,1.817752e-02,3.603032e-03,2.504117e-03,8.036001e-02,9.667976e-02
1.000161e-01,4.979175e-02,3.070574e-02,1.947409e-02,1.262715e-02,1.386751e-02,9.783460e-04,6.062294e-03,5.192707e-01,5.498779e-02,1.580500e-02,3.916489e-03,2.287979e-03,6.440628e-02,1.058028e-01
1.074968e-01,5.040060e-02,2.699213e-02,3.342976e-02,1.673077e-02,1.256606e-02,9.463003e-04,1.205108e-02,4.433903e-01,5.190965e-02,1.228754e-02,3.569562e-03,1.909169e-03,4.771746e-02,1.786028e-01
8.666542e-02,5.244025e-02,3.600362e-02,3.127442e-02,1.446102e-02,1.051379e-02,7.726947e-04,1.326157e-02,3.619435e-01,6.930825e-02,9.147361e-03,2.714200e-03,1.493878e-03,3.526877e-02,2.747312e-01
7.314140e-02,6.407033e-02,1.108441e-01,3.690411e-02,1.201941e-02,8.370942e-03,6.986436e-04,2.021470e-02,2.918139e-01,8.495099e-02,6.824573e-03,2.019863e-03,1.203948e-03,2.553356e-02,2.613896e-01
6.743946e-02,5.862555e-02,1.610954e-01,4.642108e-02,1.194263e-02,7.142385e-03,7.895504e-04,3.334258e-02,2.575253e-01,8.595660e-02,5.444178e-03,1.531404e-03,9.981907e-04,1.915344e-02,2.425923e-01
7.891142e-02,8.036464e-02,2.304826e-01,5.021734e-02,1.206279e-02,6.683744e-03,9.894038e-04,5.169323e-02,2.177927e-01,6.272050e-02,4.286784e-03,1.379185e-03,9.863410e-04,1.941764e-02,1.820117e-01
1.063823e-01,1.026583e-01,2.094314e-01,5.883923e-02,1.254672e-02,1.474108e-02,1.149270e-03,1.016569e-01,1.777317e-01,4.571360e-02,4.072868e-03,1.709069e-03,2.116914e-03,2.543844e-02,1.358123e-01
1.110548e-01,8.939165e-02,1.731040e-01,5.022838e-02,1.158197e-02,1.296815e-02,1.554920e-03,2.420941e-01,1.439489e-01,3.267007e-02,3.907023e-03,2.027151e-03,1.959872e-03,2.567969e-02,9.782915e-02
9.664193e-02,6.661765e-02,1.627224e-01,4.614992e-02,9.663023e-03,1.108168e-02,1.611020e-03,3.775371e-01,1.089806e-01,2.306613e-02,2.997012e-03,1.705580e-03,1.604594e-03,2.050226e-02,6.911913e-02
8.831829e-02,4.855184e-02,1.470841e-01,4.664427e-02,7.419634e-03,1.033822e-02,1.428090e-03,4.849715e-01,7.848333e-02,1.643869e-02,2.395171e-03,1.474445e-03,1.399480e-03,1.521437e-02,4.983852e-02
1.007102e-01,3.543302e-02,1.107296e-01,3.966258e-02,5.307721e-03,9.981129e-03,1.044278e-03,4.399993e-01,5.661377e-02,3.237358e-02,3.131847e-02,7.281068e-02,1.274866e-02,1.413408e-02,3.713296e-02
1.118898e-01,2.578066e-02,8.191887e-02,3.452286e-02,3.833689e-03,9.444976e-03,7.521548e-04,3.321059e-01,4.140522e-02,3.784323e-02,6.287025e-02,1.760482e-01,3.858208e-02,1.533813e-02,2.766395e-02
1.168935e-01,1.855628e-02,6.049244e-02,4.522181e-02,2.980333e-03,1.251456e-02,6.071095e-04,2.479350e-01,3.215621e-02,2.986702e-02,8.175817e-02,2.758553e-01,3.835998e-02,1.570073e-02,2.110152e-02
8.620957e-02,1.370015e-02,4.543660e-02,4.305530e-02,2.711797e-03,1.088257e-02,4.884077e-04,1.764550e-01,2.473234e-02,2.178800e-02,1.502512e-01,3.663552e-01,2.913175e-02,1.355473e-02,1.524743e-02
9.461758e-02,1.627230e-02,3.832566e-02,3.824292e-02,1.133779e-02,9.893050e-03,6.837918e-04,1.289668e-01,3.164503e-02,1.609393e-02,1.379249e-01,4.221126e-01,2.513082e-02,1.595501e-02,1.279785e-02
1.782115e-01,1.563775e-02,2.939311e-02,3.412253e-02,1.318147e-02,1.310628e-02,1.485125e-03,9.409820e-02,3.411748e-02,1.323906e-02,1.262171e-01,4.015298e-01,1.982127e-02,1.515122e-02,1.068815e-02
2.569417e-01,1.303180e-02,2.399597e-02,3.360940e-02,1.719148e-02,1.327702e-02,2.499157e-03,7.126059e-02,3.157400e-02,1.178785e-02,1.306046e-01,3.549239e-01,1.554436e-02,1.389810e-02,9.860082e-03
2.749717e-01,1.050497e-02,1.916643e-02,2.666366e-02,1.514990e-02,2.786349e-02,4.506669e-03,5.350415e-02,2.570791e-02,8.840900e-03,1.530159e-01,3.475761e-01,1.276942e-02,1.182824e-02,7.930567e-03
3.242151e-01,9.445686e-03,1.530087e-02,2.176539e-02,1.747230e-02,2.924976e-02,4.413726e-03,3.891360e-02,2.094512e-02,6.937593e-03,1.744116e-01,3.048979e-01,1.269475e-02,1.134950e-02,7.987160e-03
3.915889e-01,8.061614e-03,1.249709e-02,1.918918e-02,1.491707e-02,3.341819e-02,3.863671e-03,2.845845e-02,1.737441e-02,5.658742e-03,1.433499e-01,2.897314e-01,1.131138e-02,1.127885e-02,9.301197e-03
3.293326e-01,8.287956e-03,9.785464e-03,1.716272e-02,1.854895e-02,3.314415e-02,4.872230e-03,2.087565e-02,1.853208e-02,5.279234e-03,1.500451e-01,3.518987e-01,1.129939e-02,1.170593e-02,9.229859e-03
2.829648e-01,9.673808e-03,8.008626e-03,1.685927e-02,2.089919e-02,3.331607e-02,4.770760e-03,1.594822e-02,2.090907e-02,4.548016e-03,1.633253e-01,3.873708e-01,1.092872e-02,1.048754e-02,9.989873e-03
2.422257e-01,1.518830e-02,7.245329e-03,2.022794e-02,2.468912e-02,4.163191e-02,5.164002e-03,1.264599e-02,1.718370e-02,3.617666e-03,2.594521e-01,3.182069e-01,1.116612e-02,8.426291e-03,1.292892e-02
2.181967e-01,1.826878e-02,7.394834e-03,2.299007e-02,3.068798e-02,4.501743e-02,5.242437e-03,1.118110e-02,1.445205e-02,3.334876e-03,3.277168e-01,2.595334e-01,9.756071e-03,7.928476e-03,1.829894e-02
2.234865e-01,2.472502e-02,8.816049e-03,3.538761e-02,2.988875e-02,4.107254e-02,4.540185e-03,1.058528e-02,1.440256e-02,3.730323e-03,3.325586e-01,2.122450e-01,8.906699e-03,7.357826e-03,4.229710e-02
1.737666e-01,2.020660e-02,3.396197e-02,2.786610e-02,4.515520e-02,3.126348e-02,3.802317e-03,7.853266e-02,1.715060e-02,6.251316e-03,3.441891e-01,1.655912e-01,1.196633e-02,7.406533e-03,3.289010e-02
1.368198e-01,2.131939e-02,4.554386e-02,2.267308e-02,7.123396e-02,2.515774e-02,3.559616e-03,1.719896e-01,2.638849e-02,5.918395e-03,2.939476e-01,1.318782e-01,1.175494e-02,6.114455e-03,2.570087e-02
1.011021e-01,2.286838e-02,7.662147e-02,1.719834e-02,7.263042e-02,2.368748e-02,2.965374e-03,2.669202e-01,2.741756e-02,4.939692e-03,2.489220e-01,1.005357e-01,9.797776e-03,5.218253e-03,1.917519e-02
7.106793e-02,1.606567e-02,5.487121e-02,1.210043e-02,5.148318e-02,1.662888e-02,2.095566e-03,4.797995e-01,1.929210e-02,3.480226e-03,1.749043e-01,7.327960e-02,7.805451e-03,3.679101e-03,1.344682e-02
4.985418e-02,1.125663e-02,3.880852e-02,8.505882e-03,3.671588e-02,1.165893e-02,1.475467e-03,6.340624e-01,1.353174e-02,2.443352e-03,1.225969e-01,5.151915e-02,5.572927e-03,2.579625e-03,9.418404e-03
3.528659e-02,7.889386e-03,2.732808e-02,6.093825e-03,2.782406e-02,8.605150e-03,1.059320e-03,7.399134e-01,9.516541e-03,1.716606e-03,8.591426e-02,3.612667e-02,4.306073e-03,1.820287e-03,6.599731e-03
2.521159e-02,5.533629e-03,1.925961e-02,4.489087e-03,2.257850e-02,6.654597e-03,7.665640e-04,8.127900e-01,6.695776e-03,1.205566e-03,6.018628e-02,2.533914e-02,3.370275e-03,1.293818e-03,4.625574e-03
1.884026e-02,3.885344e-03,1.358941e-02,3.279837e-03,2.079574e-02,5.245736e-03,5.471623e-04,8.614455e-01,4.715770e-03,8.495837e-04,4.217966e-02,1.780250e-02,2.635205e-03,9.464771e-04,3.241818e-03
1.632037e-02,2.746947e-03,9.644512e-03,2.541871e-03,1.843723e-02,4.478245e-03,4.078457e-04,8.940853e-01,3.331162e-03,6.059316e-04,2.962789e-02,1.250971e-02,2.125579e-03,8.622858e-04,2.275149e-03
1.452114e-02,1.935439e-03,6.823275e-03,1.914591e-03,1.520275e-02,3.863102e-03,3.167622e-04,9.190823e-01,2.352472e-03,4.328063e-04,2.079604e-02,8.800489e-03,1.650306e-03,7.122403e-04,1.596343e-03
1.401622e-02,1.369601e-03,4.842171e-03,1.401303e-03,1.377356e-02,2.991086e-03,2.800752e-04,9.357064e-01,1.660739e-03,3.086161e-04,1.459040e-02,6.190702e-03,1.205855e-03,5.436069e-04,1.119711e-03
1.449997e-02,9.778737e-04,3.464805e-03,1.067389e-03,1.228511e-02,2.458628e-03,3.137865e-04,9.468236e-01,1.175936e-03,2.204414e-04,1.024816e-02,4.359526e-03,8.920874e-04,4.261780e-04,7.865472e-04
1.554947e-02,7.068517e-04,2.532112e-03,8.712518e-04,1.050010e-02,1.952358e-03,3.633606e-04,9.547040e-01,8.474737e-04,1.582201e-04,7.205028e-03,3.074124e-03,6.591133e-04,3.219552e-04,5.545301e-04
1.942163e-02,5.479980e-04,1.866261e-03,7.974436e-04,7.882898e-03,1.707676e-03,3.875498e-04,9.578788e-01,6.383329e-04,1.178914e-04,5.146398e-03,2.307869e-03,6.429809e-04,2.514655e-04,4.047755e-04
3.776119e-02,4.880293e-04,1.414507e-03,7.156982e-04,6.539196e-03,2.429259e-03,6.060542e-04,9.422243e-01,5.183693e-04,9.313771e-05,3.706667e-03,1.909380e-03,1.083514e-03,2.001969e-04,3.105175e-04
5.901318e-02,1.032619e-03,1.239997e-03,4.396943e-03,7.177087e-03,3.127091e-03,5.162074e-04,8.456835e-01,1.607959e-02,2.937436e-04,5.386606e-03,3.616473e-03,5.132839e-02,4.590537e-04,6.495236e-04
7.263502e-02,1.281788e-03,9.806188e-04,7.508252e-03,8.537849e-03,5.115379e-03,5.121274e-04,7.682282e-01,4.418712e-02,3.059488e-04,5.986158e-03,3.959263e-03,7.928044e-02,5.491488e-04,9.326236e-04
7.076167e-02,1.389149e-03,1.032425e-03,1.410148e-02,1.373723e-02,7.406753e-03,5.590315e-04,7.059681e-01,7.806362e-02,3.425733e-04,8.508712e-03,5.328985e-03,9.100619e-02,5.706627e-04,1.223414e-03
5.766149e-02,1.274988e-03,7.926213e-04,1.137163e-02,1.149635e-02,6.978735e-03,1.006733e-03,5.094079e-01,8.027054e-02,3.215355e-04,1.039230e-02,2.085361e-02,2.859649e-01,5.778275e-04,1.628855e-03
5.454607e-02,1.071615e-03,6.796927e-04,8.594603e-03,9.503037e-03,7.750409e-03,1.162786e-03,3.628753e-01,5.946975e-02,2.757616e-04,1.205711e-02,2.722430e-02,4.527034e-01,6.446333e-04,1.441547e-03
4.654307e-02,1.533160e-03,5.749470e-04,6.120602e-03,7.624893e-03,6.262318e-03,1.064205e-03,2.546642e-01,5.445015e-02,2.551103e-04,1.273652e-02,3.014665e-02,5.754406e-01,5.942526e-04,1.989313e-03
4.649558e-02,2.395099e-03,8.342656e-04,4.510290e-03,7.741090e-03,5.908238e-03,1.962819e-03,1.795799e-01,5.457562e-02,3.302352e-04,1.384911e-02,4.122705e-02,6.367540e-01,1.441032e-03,2.395781e-03
4.901622e-02,2.632191e-03,1.408840e-03,3.787605e-03,1.243241e-02,5.630907e-03,2.516476e-03,1.280781e-01,4.865670e-02,5.539747e-04,1.396853e-02,4.078795e-02,6.851773e-01,2.700765e-03,2.652127e-03
6.475859e-02,4.206270e-03,8.277497e-03,4.121775e-03,1.644903e-02,8.890323e-03,2.589719e-03,9.150282e-02,4.461658e-02,2.074691e-03,2.121378e-02,5.758245e-02,6.577476e-01,1.078336e-02,5.185598e-03
5.973945e-02,6.106744e-03,1.247894e-02,3.548907e-03,1.547369e-02,8.154968e-03,2.320517e-03,6.513769e-02,3.836620e-02,3.437083e-03,2.497136e-02,7.823560e-02,6.555473e-01,2.130788e-02,5.173674e-03
6.587166e-02,8.780126e-03,1.505217e-02,3.768365e-03,1.431142e-02,1.681825e-02,2.315467e-03,4.637682e-02,3.515295e-02,9.566539e-03,2.596099e-02,1.488618e-01,5.780789e-01,2.401094e-02,5.073712e-03
9.875485e-02,1.291337e-02,4.702595e-02,5.820734e-03,1.744028e-02,2.109080e-02,3.178179e-03,3.850589e-02,3.999856e-02,1.197569e-02,3.173385e-02,1.572300e-01,4.888355e-01,2.034888e-02,5.147459e-03
1.459624e-01,2.551052e-02,4.080110e-02,5.468828e-03,3.430710e-02,3.395675e-02,3.656337e-03,3.166690e-02,5.671946e-02,2.662666e-02,3.318877e-02,1.530585e-01,3.756294e-01,2.428289e-02,9.164384e-03
2.069818e-01,4.337805e-02,3.264061e-02,7.460525e-03,3.501480e-02,4.552391e-02,3.560834e-03,2.933907e-02,5.858179e-02,2.833959e-02,3.527543e-02,1.526999e-01,2.781953e-01,3.000486e-02,1.300352e-02
1.820003e-01,6.573758e-02,2.523026e-02,7.160305e-03,3.205258e-02,8.719310e-02,3.236277e-03,2.471668e-02,7.051652e-02,2.912182e-02,2.989746e-02,1.820700e-01,2.185455e-01,2.706424e-02,1.545733e-02
2.767973e-01,6.798992e-02,1.950598e-02,1.422015e-02,2.827048e-02,7.469345e-02,3.288178e-03,1.941640e-02,7.538772e-02,2.486823e-02,2.651999e-02,1.462504e-01,1.680554e-01,2.532295e-02,2.941336e-02
3.836514e-01,5.889041e-02,1.581857e-02,2.281077e-02,2.664438e-02,6.073165e-02,4.214070e-03,1.730947e-02,7.168572e-02,2.087901e-02,2.263798e-02,1.159885e-01,1.255029e-01,2.171166e-02,3.152360e-02
3.960375e-01,6.561544e-02,1.675514e-02,2.236157e-02,3.269663e-02,5.073081e-02,5.031751e-03,2.036384e-02,1.156667e-01,1.924816e-02,1.938293e-02,9.092899e-02,9.683082e-02,2.045937e-02,2.789034e-02
3.569432e-01,8.492266e-02,2.346313e-02,2.033491e-02,4.297652e-02,6.416602e-02,5.247382e-03,2.965452e-02,1.459848e-01,1.656489e-02,1.770355e-02,7.102996e-02,7.413512e-02,2.232249e-02,2.455078e-02
3.015726e-01,8.343379e-02,1.899482e-02,1.724357e-02,7.463337e-02,8.102559e-02,5.041779e-03,3.473931e-02,1.965932e-01,1.383813e-02,1.613620e-02,5.444618e-02,5.814152e-02,2.342352e-02,2.073640e-02
2.884354e-01,9.001008e-02,1.465771e-02,2.222623e-02,7.629322e-02,6.275868e-02,4.108131e-03,3.145971e-02,2.677773e-01,1.138953e-02,1.322843e-02,4.003980e-02,4.245168e-02,1.835028e-02,1.681383e-02
2.431574e-01,8.331380e-02,1.199034e-02,2.080131e-02,9.678233e-02,5.361014e-02,2.111845e-02,8.000305e-02,2.783714e-01,8.644137e-03,9.992588e-03,2.901605e-02,3.607387e-02,1.379088e-02,1.333426e-02
2.125897e-01,7.358593e-02,1.259278e-02,1.899023e-02,9.108876e-02,3.995620e-02,2.230016e-02,2.142669e-01,2.346296e-01,6.325485e-03,7.410207e-03,2.079619e-02,2.577642e-02,9.896823e-03,9.794623e-03
2.326495e-01,7.678606e-02,1.545756e-02,1.577436e-02,8.538723e-02,3.665727e-02,6.215744e-02,1.841012e-01,2.244632e-01,6.168388e-03,6.209276e-03,1.579941e-02,2.085386e-02,8.440477e-03,9.094708e-03
2.811363e-01,5.997881e-02,1.689696e-02,1.483848e-02,7.468531e-02,4.172849e-02,8.403293e-02,1.676179e-01,1.921798e-01,6.015500e-03,6.052073e-03,1.402193e-02,2.353375e-02,7.359625e-03,9.922042e-03
3.311169e-01,4.732333e-02,1.642064e-02,1.514933e-02,5.683916e-02,4.438164e-02,7.801985e-02,1.994376e-01,1.496741e-01,5.031844e-03,5.301195e-03,1.310880e-02,2.140279e-02,6.624004e-03,1.016877e-02
3.086253e-01,3.628926e-02,1.736279e-02,1.207989e-02,4.450808e-02,4.214605e-02,1.004818e-01,2.746508e-01,1.145388e-01,3.763545e-03,3.984893e-03,1.027688e-02,1.783709e-02,5.126524e-03,8.328306e-03
2.356018e-01,2.595462e-02,1.976718e-02,1.110928e-02,3.327172e-02,3.530355e-02,1.046493e-01,4.148797e-01,8.224642e-02,2.807626e-03,2.936538e-03,7.572833e-03,1.359746e-02,3.850412e-03,6.451610e-03
1.715712e-01,1.832328e-02,1.668380e-02,8.945212e-03,2.454074e-02,2.621135e-02,9.264848e-02,5.562658e-01,5.783785e-02,2.002368e-03,2.146487e-03,5.417732e-03,9.921024e-03,2.791101e-03,4.693512e-03
1.253994e-01,1.290334e-02,1.329241e-02,6.698459e-03,1.792855e-02,1.903653e-02,7.140809e-02,6.734464e-01,4.063154e-02,1.423712e-03,1.551013e-03,3.845232e-03,7.066380e-03,2.004233e-03,3.364715e-03
9.473148e-02,9.160458e-03,1.210781e-02,5.084911e-03,1.331538e-02,1.539671e-02,7.950178e-02,7.267158e-01,2.850844e-02,1.155118e-03,1.211278e-03,2.844158e-03,6.039305e-03,1.498542e-03,2.728767e-03
8.277025e-02,6.642575e-03,1.358647e-02,4.081679e-03,1.064934e-02,1.492336e-02,7.451814e-02,7.585565e-01,2.007606e-02,1.179238e-03,1.065584e-03,2.268620e-03,5.325591e-03,1.175197e-03,3.181364e-03
6.862506e-02,4.806515e-03,1.417327e-02,3.488184e-03,8.716198e-03,1.176352e-02,6.284718e-02,7.996255e-01,1.423837e-02,1.041854e-03,9.541941e-04,1.999919e-03,3.964934e-03,9.141139e-04,2.841105e-03
5.228949e-02,3.413197e-03,1.041914e-02,2.604207e-03,8.246734e-03,8.790851e-03,5.237243e-02,8.428656e-01,1.003856e-02,7.670611e-04,8.490257e-04,1.545109e-03,2.985259e-03,6.820506e-04,2.131170e-03
4.436570e-02,2.499178e-03,8.048986e-03,2.052419e-03,7.707020e-03,7.800041e-03,4.401771e-02,8.677819e-01,7.202811e-03,6.906244e-04,1.044707e-03,1.484298e-03,2.570886e-03,5.900753e-04,2.143600e-03
4.755135e-02,1.908513e-03,7.791812e-03,2.231553e-03,8.173009e-03,8.903530e-03,3.775012e-02,8.712921e-01,5.324050e-03,8.038183e-04,1.356868e-03,1.627832e-03,2.317156e-03,5.802519e-04,2.387950e-03
6.673635e-02,1.573187e-03,8.949491e-03,2.329876e-03,8.582236e-03,1.014642e-02,3.093788e-02,8.566551e-01,4.045947e-03,1.023295e-03,1.428306e-03,1.905763e-03,2.006844e-03,6.354615e-04,3.043781e-03
9.173311e-02,1.867859e-03,1.394057e-02,3.801285e-03,8.087661e-03,2.849074e-02,2.364638e-02,7.938346e-01,4.514017e-03,4.933152e-03,3.064780e-03,6.807315e-03,3.689150e-03,1.530117e-03,1.005926e-02
7.730087e-02,1.506855e-03,1.047573e-02,3.128625e-03,7.089071e-03,2.152151e-02,1.775033e-02,8.346487e-01,3.526546e-03,3.671407e-03,2.462415e-03,5.241286e-03,2.943236e-03,1.166897e-03,7.566514e-03
6.764018e-02,1.228036e-03,7.978107e-03,2.572032e-03,6.620671e-03,1.647270e-02,1.305984e-02,8.624597e-01,2.998576e-03,2.709504e-03,2.031718e-03,4.349142e-03,2.674054e-03,9.323247e-04,6.273513e-03
8.612372e-02,1.200942e-03,6.782331e-03,2.545220e-03,7.579399e-03,1.434278e-02,1.021432e-02,8.502023e-01,2.533197e-03,2.044940e-03,2.152187e-03,4.294614e-03,3.192931e-03,8.533750e-04,5.937822e-03
8.447564e-02,1.265375e-03,6.102201e-03,3.032526e-03,8.412067e-03,1.203123e-02,8.111246e-03,8.552638e-01,2.393370e-03,1.666474e-03,2.478213e-03,4.385289e-03,3.384559e-03,8.637591e-04,6.134294e-03
9.128521e-02,1.551339e-03,5.929790e-03,3.904300e-03,9.731401e-03,1.049399e-02,6.504056e-03,8.472448e-01,3.269477e-03,1.518070e-03,2.651627e-03,5.796785e-03,3.812483e-03,8.044856e-04,5.502202e-03
1.367624e-01,1.890883e-03,9.712171e-03,7.831606e-03,1.391121e-02,1.607496e-02,5.462697e-03,7.608910e-01,5.018626e-03,1.731767e-03,4.408134e-03,2.185909e-02,6.314659e-03,1.279292e-03,6.851549e-03
2.206379e-01,2.157228e-03,9.753443e-03,1.065842e-02,1.927531e-02,2.703474e-02,5.144496e-03,6.463796e-01,5.557833e-03,1.477824e-03,5.569310e-03,2.644941e-02,1.117188e-02,1.736336e-03,6.996250e-03
2.200455e-01,1.429196e-02,9.122706e-03,2.713487e-02,3.390017e-02,5.498409e-02,4.105356e-03,4.593405e-01,1.840503e-02,3.499935e-03,1.584077e-02,3.826962e-02,3.392686e-02,6.083545e-03,6.104910e-02
2.915311e-01,1.808010e-02,9.761073e-03,3.302382e-02,3.740846e-02,5.859083e-02,3.806327e-03,3.406989e-01,2.514610e-02,5.210353e-03,1.999966e-02,5.082183e-02,3.615867e-02,6.739081e-03,6.302368e-02
3.165080e-01,2.498209e-02,1.288038e-02,3.788863e-02,3.233419e-02,4.657654e-02,3.840121e-03,2.590739e-01,4.097997e-02,9.371198e-03,1.942730e-02,5.109613e-02,3.539989e-02,6.182974e-03,1.034587e-01
4.042714e-01,2.466570e-02,1.264970e-02,3.921058e-02,3.232544e-02,4.923629e-02,4.278360e-03,1.909808e-01,3.235844e-02,8.006002e-03,1.730868e-02,4.680151e-02,3.609072e-02,6.398374e-03,9.541801e-02
4.622402e-01,2.483592e-02,1.113235e-02,3.952371e-02,3.291628e-02,5.695525e-02,6.695568e-03,1.436184e-01,3.206518e-02,6.426483e-03,1.419898e-02,4.086572e-02,4.311293e-02,7.130811e-03,7.828229e-02
4.654329e-01,2.949139e-02,1.420940e-02,4.305292e-02,3.113298e-02,7.736927e-02,2.589645e-02,1.164267e-01,2.576069e-02,6.006357e-03,1.221856e-02,3.729265e-02,3.880775e-02,7.960822e-03,6.894105e-02
4.373862e-01,2.957907e-02,1.924007e-02,3.793982e-02,3.436410e-02,6.911734e-02,6.830980e-02,1.237744e-01,2.884288e-02,7.656516e-03,1.045432e-02,2.948716e-02,3.202496e-02,7.039930e-03,6.478339e-02
