1.000000e+00,0.000000e+00,0.000000e+00,0.000000e+00,0.000000e+00,0.000000e+00,0.000000e+00,0.000000e+00,0.000000e+00,0.000000e+00,0.000000e+00,0.000000e+00,0.000000e+00,0.000000e+00,0.000000e+00
1.000000e+00,0.000000e+00,0.000000e+00,0.000000e+00,0.000000e+00,0.000000e+00,0.000000e+00,0.000000e+00,0.000000e+00,0.000000e+00,0.000000e+00,0.000000e+00,0.000000e+00,0.000000e+00,0.000000e+00
1.000000e+00,0.000000e+00,0.000000e+00,0.000000e+00,0.000000e+00,0.000000e+00,0.000000e+00,0.000000e+00,0.000000e+00,0.000000e+00,0.000000e+00,0.000000e+00,0.000000e+00,0.000000e+00,0.000000e+00
1.000000e+00,0.000000e+00,0.000000e+00,0.000000e+00,0.000000e+00,0.000000e+00,0.000000e+00,0.000000e+00,0.000000e+00,0.000000e+00,0.000000e+00,0.000000e+00,0.000000e+00,0.000000e+00,0.000000e+00
1.000000e+00,0.000000e+00,0.000000e+00,0.000000e+00,0.000000e+00,0.000000e+00,0.000000e+00,0.000000e+00,0.000000e+00,0.000000e+00,0.000000e+00,0.000000e+00,0.000000e+00,0.000000e+00,0.000000e+00
1.000000e+00,0.000000e+00,0.000000e+00,0.000000e+00,0.000000e+00,0.000000e+00,0.000000e+00,0.000000e+00,0.000000e+00,0.000000e+00,0.000000e+00,0.000000e+00,0.000000e+00,0.000000e+00,0.000000e+00
1.000000e+00,0.000000e+00,0.000000e+00,0.000000e+00,0.000000e+00,0.000000e+00,0.000000e+00,0.000000e+00,0.000000e+00,0.000000e+00,0.000000e+00,0.000000e+00,0.000000e+00,0.000000e+00,0.000000e+00
1.000000e+00,0.000000e+00,0.000000e+00,0.000000e+00,0.000000e+00,0.000000e+00,0.000000e+00,0.000000e+00,0.000000e+00,0.000000e+00,0.000000e+00,0.000000e+00,0.000000e+00,0.000000e+00,0.000000e+00
1.000000e+00,0.000000e+00,0.000000e+00,0.000000e+00,0.000000e+00,0.000000e+00,0.000000e+00,0.000000e+00,0.000000e+00,0.000000e+00,0.000000e+00,0.000000e+00,0.000000e+00,0.000000e+00,0.000000e+00
1.000000e+00,0.000000e+00,0.000000e+00,0.000000e+00,0.000000e+00,0.000000e+00,0.000000e+00,0.000000e+00,0.000000e+00,0.000000e+00,0.000000e+00,0.000000e+00,0.000000e+00,0.000000e+00,0.000000e+00
1.000000e+00,0.000000e+00,0.000000e+00,0.000000e+00,0.000000e+00,0.000000e+00,0.000000e+00,0.000000e+00,0.000000e+00,0.000000e+00,0.000000e+00,0.000000e+00,0.000000e+00,0.000000e+00,0.000000e+00
1.000000e+00,0.000000e+00,0.000000e+00,0.000000e+00,0.000000e+00,0.000000e+00,0.000000e+00,0.000000e+00,0.000000e+00,0.000000e+00,0.000000e+00,0.000000e+00,0.000000e+00,0.000000e+00,0.000000e+00
1.000000e+00,0.000000e+00,0.000000e+00,0.000000e+00,0.000000e+00,0.000000e+00,0.000000e+00,0.000000e+00,0.000000e+00,0.000000e+00,0.000000e+00,0.000000e+00,0.000000e+00,0.000000e+00,0.000000e+00
1.000000e+00,0.000000e+00,0.000000e+00,0.000000e+00,0.000000e+00,0.000000e+00,0.000000e+00,0.000000e+00,0.000000e+00,0.000000e+00,0.000000e+00,0.000000e+00,0.000000e+00,0.000000e+00,0.000000e+00
1.000000e+00,0.000000e+00,0.000000e+00,0.000000e+00,0.000000e+00,0.000000e+00,0.000000e+00,0.000000e+00,0.000000e+00,0.000000e+00,0.000000e+00,0.000000e+00,0.000000e+00,0.000000e+00,0.000000e+00
1.000000e+00,0.000000e+00,0.000000e+00,0.000000e+00,0.000000e+00,0.000000e+00,0.000000e+00,0.000000e+00,0.000000e+00,0.000000e+00,0.000000e+00,0.000000e+00,0.000000e+00,0.000000e+00,0.000000e+00
1.000000e+00,0.000000e+00,0.000000e+00,0.000000e+00,0.000000e+00,0.000000e+00,0.000000e+00,0.000000e+00,0.000000e+00,0.000000e+00,0.000000e+00,0.000000e+00,0.000000e+00,0.000000e+00,0.000000e+00
1.000000e+00,0.000000e+00,0.000000e+00,0.000000e+00,0.000000e+00,0.000000e+00,0.000000e+00,0.000000e+00,0.000000e+00,0.000000e+00,0.000000e+00,0.000000e+00,0.000000e+00,0.000000e+00,0.000000e+00
1.000000e+00,0.000000e+00,0.000000e+00,0.000000e+00,0.000000e+00,0.000000e+00,0.000000e+00,0.000000e+00,0.000000e+00,0.000000e+00,0.000000e+00,0.000000e+00,0.000000e+00,0.000000e+00,0.000000e+00
1.000000e+00,0.000000e+00,0.000000e+00,0.000000e+00,0.000000e+00,0.000000e+00,0.000000e+00,0.000000e+00,0.000000e+00,0.000000e+00,0.000000e+00,0.000000e+00,0.000000e+00,0.000000e+00,0.000000e+00
1.000000e+00,0.000000e+00,0.000000e+00,0.000000e+00,0.000000e+00,0.000000e+00,0.000000e+00,0.000000e+00,0.000000e+00,0.000000e+00,0.000000e+00,0.000000e+00,0.000000e+00,0.000000e+00,0.000000e+00
1.000000e+00,0.000000e+00,0.000000e+00,0.000000e+00,0.000000e+00,0.000000e+00,0.000000e+00,0.000000e+00,0.000000e+00,0.000000e+00,0.000000e+00,0.000000e+00,0.000000e+00,0.000000e+00,0.000000e+00
1.000000e+00,0.000000e+00,0.000000e+00,0.000000e+00,0.000000e+00,0.000000e+00,0.000000e+00,0.000000e+00,0.000000e+00,0.000000e+00,0.000000e+00,0.000000e+00,0.000000e+00,0.000000e+00,0.000000e+00
1.000000e+00,0.000000e+00,0.000000e+00,0.000000e+00,0.000000e+00,0.000000e+00,0.000000e+00,0.000000e+00,0.000000e+00,0.000000e+00,0.000000e+00,0.000000e+00,0.000000e+00,0.000000e+00,0.000000e+00
1.000000e+00,0.000000e+00,0.000000e+00,0.000000e+00,0.000000e+00,0.000000e+00,0.000000e+00,0.000000e+00,0.000000e+00,0.000000e+00,0.000000e+00,0.000000e+00,0.000000e+00,0.000000e+00,0.000000e+00
1.000000e+00,0.000000e+00,0.000000e+00,0.000000e+00,0.000000e+00,0.000000e+00,0.000000e+00,0.000000e+00,0.000000e+00,0.000000e+00,0.000000e+00,0.000000e+00,0.000000e+00,0.000000e+00,0.000000e+00
1.000000e+00,0.000000e+00,0.000000e+00,0.000000e+00,0.000000e+00,0.000000e+00,0.000000e+00,0.000000e+00,0.000000e+00,0.000000e+00,0.000000e+00,0.000000e+00,0.000000e+00,0.000000e+00,0.000000e+00
1.000000e+00,0.000000e+00,0.000000e+00,0.000000e+00,0.000000e+00,0.000000e+00,0.000000e+00,0.000000e+00,0.000000e+00,0.000000e+00,0.000000e+00,0.000000e+00,0.000000e+00,0.000000e+00,0.000000e+00
1.000000e+00,0.000000e+00,0.000000e+00,0.000000e+00,0.000000e+00,0.000000e+00,0.000000e+00,0.000000e+00,0.000000e+00,0.000000e+00,0.000000e+00,0.000000e+00,0.000000e+00,0.000000e+00,0.000000e+00
1.000000e+00,0.000000e+00,0.000000e+00,0.000000e+00,0.000000e+00,0.000000e+00,0.000000e+00,0.000000e+00,0.000000e+00,0.000000e+00,0.000000e+00,0.000000e+00,0.000000e+00,0.000000e+00,0.000000e+00
1.000000e+00,0.000000e+00,0.000000e+00,0.000000e+00,0.000000e+00,0.000000e+00,0.000000e+00,0.000000e+00,0.000000e+00,0.000000e+00,0.000000e+00,0.000000e+00,0.000000e+00,0.000000e+00,0.000000e+00
1.000000e+00,0.000000e+00,0.000000e+00,0.000000e+00,0.000000e+00,0.000000e+00,0.000000e+00,0.000000e+00,0.000000e+00,0.000000e+00,0.000000e+00,0.000000e+00,0.000000e+00,0.000000e+00,0.000000e+00
1.000000e+00,0.000000e+00,0.000000e+00,0.000000e+00,0.000000e+00,0.000000e+00,0.000000e+00,0.000000e+00,0.000000e+00,0.000000e+00,0.000000e+00,0.000000e+00,0.000000e+00,0.000000e+00,0.000000e+00
1.000000e+00,0.000000e+00,0.000000e+00,0.000000e+00,0.000000e+00,0.000000e+00,0.000000e+00,0.000000e+00,0.000000e+00,0.000000e+00,0.000000e+00,0.000000e+00,0.000000e+00,0.000000e+00,0.000000e+00
1.000000e+00,0.000000e+00,0.000000e+00,0.000000e+00,0.000000e+00,0.000000e+00,0.000000e+00,0.000000e+00,0.000000e+00,0.000000e+00,0.000000e+00,0.000000e+00,0.000000e+00,0.000000e+00,0.000000e+00
1.000000e+00,0.000000e+00,0.000000e+00,0.000000e+00,0.000000e+00,0.000000e+00,0.000000e+00,0.000000e+00,0.000000e+00,0.000000e+00,0.000000e+00,0.000000e+00,0.000000e+00,0.000000e+00,0.000000e+00
1.000000e+00,0.000000e+00,0.000000e+00,0.000000e+00,0.000000e+00,0.000000e+00,0.000000e+00,0.000000e+00,0.000000e+00,0.000000e+00,0.000000e+00,0.000000e+00,0.000000e+00,0.000000e+00,0.000000e+00
1.000000e+00,0.000000e+00,0.000000e+00,0.000000e+00,0.000000e+00,0.000000e+00,0.000000e+00,0.000000e+00,0.000000e+00,0.000000e+00,0.000000e+00,0.000000e+00,0.000000e+00,0.000000e+00,0.000000e+00
1.000000e+00,0.000000e+00,0.000000e+00,0.000000e+00,0.000000e+00,0.000000e+00,0.000000e+00,0.000000e+00,0.000000e+00,0.000000e+00,0.000000e+00,0.000000e+00,0.000000e+00,0.000000e+00,0.000000e+00
1.000000e+00,0.000000e+00,0.000000e+00,0.000000e+00,0.000000e+00,0.000000e+00,0.000000e+00,0.000000e+00,0.000000e+00,0.000000e+00,0.000000e+00,0.000000e+00,0.000000e+00,0.000000e+00,0.000000e+00
1.000000e+00,0.000000e+00,0.000000e+00,0.000000e+00,0.000000e+00,0.000000e+00,0.000000e+00,0.000000e+00,0.000000e+00,0.000000e+00,0.000000e+00,0.000000e+00,0.000000e+00,0.000000e+00,0.000000e+00
1.000000e+00,0.000000e+00,0.000000e+00,0.000000e+00,0.000000e+00,0.000000e+00,0.000000e+00,0.000000e+00,0.000000e+00,0.000000e+00,0.000000e+00,0.000000e+00,0.000000e+00,0.000000e+00,0.000000e+00
1.000000e+00,0.000000e+00,0.000000e+00,0.000000e+00,0.000000e+00,0.000000e+00,0.000000e+00,0.000000e+00,0.000000e+00,0.000000e+00,0.000000e+00,0.000000e+00,0.000000e+00,0.000000e+00,0.000000e+00
1.000000e+00,0.000000e+00,0.000000e+00,0.000000e+00,0.000000e+00,0.000000e+00,0.000000e+00,0.000000e+00,0.000000e+00,0.000000e+00,0.000000e+00,0.000000e+00,0.000000e+00,0.000000e+00,0.000000e+00
1.000000e+00,0.000000e+00,0.000000e+00,0.000000e+00,0.000000e+00,0.000000e+00,0.000000e+00,0.000000e+00,0.000000e+00,0.000000e+00,0.000000e+00,0.000000e+00,0.000000e+00,0.000000e+00,0.000000e+00
1.000000e+00,0.000000e+00,0.000000e+00,0.000000e+00,0.000000e+00,0.000000e+00,0.000000e+00,0.000000e+00,0.000000e+00,0.000000e+00,0.000000e+00,0.000000e+00,0.000000e+00,0.000000e+00,0.000000e+00
1.000000e+00,0.000000e+00,0.000000e+00,0.000000e+00,0.000000e+00,0.000000e+00,0.000000e+00,0.000000e+00,0.000000e+00,0.000000e+00,0.000000e+00,0.000000e+00,0.000000e+00,0.000000e+00,0.000000e+00
1.000000e+00,0.000000e+00,0.000000e+00,0.000000e+00,0.000000e+00,0.000000e+00,0.000000e+00,0.000000e+00,0.000000e+00,0.000000e+00,0.000000e+00,0.000000e+00,0.000000e+00,0.000000e+00,0.000000e+00
1.000000e+00,0.000000e+00,0.000000e+00,0.000000e+00,0.000000e+00,0.000000e+00,0.000000e+00,0.000000e+00,0.000000e+00,0.000000e+00,0.000000e+00,0.000000e+00,0.000000e+00,0.000000e+00,0.000000e+00
1.000000e+00,0.000000e+00,0.000000e+00,0.000000e+00,0.000000e+00,0.000000e+00,0.000000e+00,0.000000e+00,0.000000e+00,0.000000e+00,0.000000e+00,0.000000e+00,0.000000e+00,0.000000e+00,0.000000e+00
1.000000e+00,0.000000e+00,0.000000e+00,0.000000e+00,0.000000e+00,0.000000e+00,0.000000e+00,0.000000e+00,0.000000e+00,0.000000e+00,0.000000e+00,0.000000e+00,0.000000e+00,0.000000e+00,0.000000e+00
4.714608e-01,4.901142e-02,3.642624e-02,1.606752e-01,1.109802e-02,2.774681e-02,7.609488e-03,3.829879e-02,4.064505e-02,2.275119e-03,5.951545e-02,3.141724e-02,1.197143e-02,1.193001e-02,3.991897e-02
3.793305e-01,4.706380e-02,5.892820e-02,2.289361e-01,1.274453e-02,2.697986e-02,8.297593e-03,4.647397e-02,4.324159e-02,2.199139e-03,5.474366e-02,3.326745e-02,1.144507e-02,1.098364e-02,3.536490e-02
3.998913e-01,5.252904e-02,5.086727e-02,2.114845e-01,1.448239e-02,2.685410e-02,7.859364e-03,3.825481e-02,4.833866e-02,2.393732e-03,5.283748e-02,3.075368e-02,1.252720e-02,1.169332e-02,3.923319e-02
4.323294e-01,5.619689e-02,4.220807e-02,1.870216e-01,1.692508e-02,2.589662e-02,7.706990e-03,3.307512e-02,4.490363e-02,2.712185e-03,4.726975e-02,3.110217e-02,1.488205e-02,1.221222e-02,4.555818e-02
3.611656e-01,5.045219e-02,6.604642e-02,2.589644e-01,1.779282e-02,2.357473e-02,6.950607e-03,4.508806e-02,3.656569e-02,2.398741e-03,4.021115e-02,3.024815e-02,1.334080e-02,9.715247e-03,3.748542e-02
4.085323e-01,5.595018e-02,5.191983e-02,2.323403e-01,1.785171e-02,2.286224e-02,6.460070e-03,3.495153e-02,3.392176e-02,2.472613e-03,3.678256e-02,3.297196e-02,1.592157e-02,9.330390e-03,3.773101e-02
4.445288e-01,5.181813e-02,4.621915e-02,2.084401e-01,1.633079e-02,2.639562e-02,7.010176e-03,2.992622e-02,2.746051e-02,2.489081e-03,3.879236e-02,4.020428e-02,1.733280e-02,8.796556e-03,3.425556e-02
4.575140e-01,4.257136e-02,3.991320e-02,1.712560e-01,1.437334e-02,4.673560e-02,1.172195e-02,2.926756e-02,2.092216e-02,2.040346e-03,3.302122e-02,6.978962e-02,2.661849e-02,7.072192e-03,2.718296e-02
3.669561e-01,4.016895e-02,8.076421e-02,1.338791e-01,1.717719e-02,6.651336e-02,6.263442e-02,5.572469e-02,1.535421e-02,1.968191e-03,3.019647e-02,7.938614e-02,2.288696e-02,5.610676e-03,2.077930e-02
2.635595e-01,2.859910e-02,5.986435e-02,9.403444e-02,1.268334e-02,5.113405e-02,3.156080e-01,4.885617e-02,1.084259e-02,1.463761e-03,2.157388e-02,5.627364e-02,1.673809e-02,4.017302e-03,1.475178e-02
2.073922e-01,2.091320e-02,5.150026e-02,6.713232e-02,1.065962e-02,4.486076e-02,4.318300e-01,7.181256e-02,7.902536e-03,1.350279e-03,1.625491e-02,4.076523e-02,1.361323e-02,2.975849e-03,1.103713e-02
2.272375e-01,1.521237e-02,4.146446e-02,4.770364e-02,8.347567e-03,3.785395e-02,4.877732e-01,6.355405e-02,5.798806e-03,1.115586e-03,1.177594e-02,3.033183e-02,1.098204e-02,2.237585e-03,8.611485e-03
2.854886e-01,1.169675e-02,3.377692e-02,3.461160e-02,6.534869e-03,3.495070e-02,4.757379e-01,6.037014e-02,4.420180e-03,9.109273e-04,8.539692e-03,2.396668e-02,9.864153e-03,1.715705e-03,7.415184e-03
2.368174e-01,8.594039e-03,2.750670e-02,2.527208e-02,5.055450e-03,3.331343e-02,5.507495e-01,6.670897e-02,3.288950e-03,6.664374e-04,6.148522e-03,1.932378e-02,9.648610e-03,1.237497e-03,5.668683e-03
1.932069e-01,6.239706e-03,2.161595e-02,1.929585e-02,3.884178e-03,3.787018e-02,5.780079e-01,9.752117e-02,2.565556e-03,4.931724e-04,4.532414e-03,1.793408e-02,1.116261e-02,9.199945e-04,4.750292e-03
1.718824e-01,5.136486e-03,1.882800e-02,2.014715e-02,3.442025e-03,4.966898e-02,5.273862e-01,1.543823e-01,2.368423e-03,3.812573e-04,3.709065e-03,2.041449e-02,1.684841e-02,7.359861e-04,4.668837e-03
1.637726e-01,4.180486e-03,1.862398e-02,1.775884e-02,3.285919e-03,5.207831e-02,4.724972e-01,2.104875e-01,2.084658e-03,3.120353e-04,3.224853e-03,2.654566e-02,1.993147e-02,6.346690e-04,4.581787e-03
1.810154e-01,3.728808e-03,1.742796e-02,1.794349e-02,3.271250e-03,6.832420e-02,4.021003e-01,2.322142e-01,1.991286e-03,3.191270e-04,2.918601e-03,3.447537e-02,2.831634e-02,5.751041e-04,5.378553e-03
1.724657e-01,3.227220e-03,1.508422e-02,1.519001e-02,3.482758e-03,6.751662e-02,3.042728e-01,3.373586e-01,1.702104e-03,3.001515e-04,2.971405e-03,3.867559e-02,3.194892e-02,5.759978e-04,5.227807e-03
1.621011e-01,2.722656e-03,1.327008e-02,1.190220e-02,4.048339e-03,5.921218e-02,2.453628e-01,4.131459e-01,1.497896e-03,3.245930e-04,3.121971e-03,4.151673e-02,3.578894e-02,6.479507e-04,5.336544e-03
1.389716e-01,2.153183e-03,9.943462e-03,8.685654e-03,5.126430e-03,5.385478e-02,1.873876e-01,5.028189e-01,2.193771e-03,3.325501e-04,2.859829e-03,3.761465e-02,4.246656e-02,6.917202e-04,4.899302e-03
1.705465e-01,3.962822e-03,8.481929e-03,1.043569e-02,8.595320e-03,4.728840e-02,1.348959e-01,4.366411e-01,1.748702e-02,9.490075e-03,8.945553e-03,5.952510e-02,6.929506e-02,2.595572e-03,1.181406e-02
1.221749e-01,3.708748e-03,6.471630e-03,7.894428e-03,8.164581e-03,3.435932e-02,9.773621e-02,3.628165e-01,2.848624e-02,1.415029e-01,3.171192e-02,5.871325e-02,6.635603e-02,1.717345e-02,1.272996e-02
9.027973e-02,4.580587e-03,4.633894e-03,5.724872e-03,7.264938e-03,2.618073e-02,7.456340e-02,2.824799e-01,3.367865e-02,1.173192e-01,1.068791e-01,6.014273e-02,5.230913e-02,1.201328e-01,1.383042e-02
7.878502e-02,4.290314e-03,3.716707e-03,8.778743e-03,6.225575e-03,2.124175e-02,5.936467e-02,2.056850e-01,3.363226e-02,9.068865e-02,1.358597e-01,5.810341e-02,3.823503e-02,2.431628e-01,1.223037e-02
5.842021e-02,3.470052e-03,2.763277e-03,7.756617e-03,5.283773e-03,1.627212e-02,4.306728e-02,1.463334e-01,3.255702e-02,6.560037e-02,1.902847e-01,6.018104e-02,2.836395e-02,3.306733e-01,8.972875e-03
4.841991e-02,2.944891e-03,2.079940e-03,6.183638e-03,4.277376e-03,1.279817e-02,3.086170e-02,1.037017e-01,2.837472e-02,5.007893e-02,2.809088e-01,4.649982e-02,2.037549e-02,3.557853e-01,6.709750e-03
4.243266e-02,2.503540e-03,1.615863e-03,4.843087e-03,3.271359e-03,1.172957e-02,2.201680e-02,7.329873e-02,2.402579e-02,3.801563e-02,2.876463e-01,3.763919e-02,1.472243e-02,4.311007e-01,5.138356e-03
3.368907e-02,2.588096e-03,1.346943e-03,4.029329e-03,3.267066e-03,1.284611e-02,1.551468e-02,5.198929e-02,2.049183e-02,2.724387e-02,3.286650e-01,3.118700e-02,1.068307e-02,4.525057e-01,3.952969e-03
2.695996e-02,4.368483e-03,1.697215e-03,5.719615e-03,5.476791e-03,1.482102e-02,1.091889e-02,3.681853e-02,2.214975e-02,1.966762e-02,3.527562e-01,2.506218e-02,7.881316e-03,4.619029e-01,3.799473e-03
2.233709e-02,4.257629e-03,1.709327e-03,7.269268e-03,5.492434e-03,1.664878e-02,7.713903e-03,2.614591e-02,2.247586e-02,1.443445e-02,3.478239e-01,2.148058e-02,6.256799e-03,4.926281e-01,3.326043e-03
1.667600e-02,3.940924e-03,1.862932e-03,9.773280e-03,5.646774e-03,1.947219e-02,5.516263e-03,1.852110e-02,1.908585e-02,1.111680e-02,3.425601e-01,1.704847e-02,5.564054e-03,5.204692e-01,2.746171e-03
1.218434e-02,3.756053e-03,1.892461e-03,1.155191e-02,6.750874e-03,2.266883e-02,4.222420e-03,1.302389e-02,1.977281e-02,8.953159e-03,3.205955e-01,1.486790e-02,5.825055e-03,5.516807e-01,2.254068e-03
9.048977e-03,4.481471e-03,2.425107e-03,1.209804e-02,1.441824e-02,2.627340e-02,4.957846e-03,9.537846e-03,6.727870e-02,1.453790e-02,3.196077e-01,1.339918e-02,9.323192e-03,4.905845e-01,2.028022e-03
6.452240e-03,3.568297e-03,1.966641e-03,1.059807e-02,1.958378e-02,2.483875e-02,3.785020e-03,6.941826e-03,7.896240e-02,1.502191e-02,2.909068e-01,1.256282e-02,1.198367e-02,5.112404e-01,1.587512e-03
4.711038e-03,4.955123e-03,2.600676e-03,8.588980e-03,2.909224e-02,1.974098e-02,3.920997e-03,5.089709e-03,1.762306e-01,4.210240e-02,2.270814e-01,1.094752e-02,1.441419e-02,4.482237e-01,2.300532e-03
3.734832e-03,7.062238e-03,4.135912e-03,1.329577e-02,3.354118e-02,2.019127e-02,4.176464e-03,8.782363e-03,2.129648e-01,5.077776e-02,2.245542e-01,1.220799e-02,1.764490e-02,3.771592e-01,9.771164e-03
3.063406e-03,9.077543e-03,5.211567e-03,2.046193e-02,4.075217e-02,2.591682e-02,4.586183e-03,1.540095e-02,2.288846e-01,4.499394e-02,2.549197e-01,1.489389e-02,2.228275e-02,2.898363e-01,1.971824e-02
4.676555e-03,1.236072e-02,8.771818e-03,1.789804e-02,4.481559e-02,6.023628e-02,5.423877e-03,2.290256e-02,1.797338e-01,3.787971e-02,3.344101e-01,1.514965e-02,2.124228e-02,2.088869e-01,2.561210e-02
7.078334e-03,1.523829e-02,1.933678e-02,1.718901e-02,5.280105e-02,8.248706e-02,5.280222e-03,2.697053e-02,1.882367e-01,3.714204e-02,2.852129e-01,3.614350e-02,2.774747e-02,1.528339e-01,4.630227e-02
8.795397e-03,2.222993e-02,3.457503e-02,1.461114e-02,4.694628e-02,8.271587e-02,5.677306e-03,3.506558e-02,1.959800e-01,4.792656e-02,2.342652e-01,6.814277e-02,4.013802e-02,1.145134e-01,4.841746e-02
2.004388e-02,2.111836e-02,3.548650e-02,1.163636e-02,4.657539e-02,6.936477e-02,5.688513e-03,1.607518e-01,1.737846e-01,3.805918e-02,2.063136e-01,5.374925e-02,3.418178e-02,8.463337e-02,3.861267e-02
3.052606e-02,2.056384e-02,3.190920e-02,1.106489e-02,4.882072e-02,5.882174e-02,4.953449e-03,2.060938e-01,1.705607e-01,2.885771e-02,2.150757e-01,4.252877e-02,2.966802e-02,7.032249e-02,3.023295e-02
3.037013e-02,1.840613e-02,2.899854e-02,9.550303e-03,7.029232e-02,4.627310e-02,3.929531e-03,1.937768e-01,2.506932e-01,2.069068e-02,1.921013e-01,3.440981e-02,2.551949e-02,5.246008e-02,2.252875e-02
2.577680e-02,1.715073e-02,2.310717e-02,8.282189e-03,5.606843e-02,6.540724e-02,2.894449e-03,1.827223e-01,3.636684e-01,1.479079e-02,1.401514e-01,2.469560e-02,1.889135e-02,3.909922e-02,1.729399e-02
2.145950e-02,1.385982e-02,1.756561e-02,6.729793e-03,4.336032e-02,8.827718e-02,2.067215e-03,1.538617e-01,4.612983e-01,1.140957e-02,1.004978e-01,1.778580e-02,1.408459e-02,3.104939e-02,1.669339e-02
1.713837e-02,1.102335e-02,1.278358e-02,1.043942e-02,3.227207e-02,1.120469e-01,1.493234e-03,1.128065e-01,5.496533e-01,8.348592e-03,7.190660e-02,1.313116e-02,1.230952e-02,2.209148e-02,1.255594e-02
1.531428e-02,9.543225e-03,9.703225e-03,1.346250e-02,2.435268e-02,9.357496e-02,1.187463e-03,8.123337e-02,6.305008e-01,6.410006e-03,5.449357e-02,9.670700e-03,1.940934e-02,1.570862e-02,1.543538e-02
2.047966e-02,9.337782e-03,8.089344e-03,1.096267e-02,1.980183e-02,1.023975e-01,1.324814e-03,5.928162e-02,5.604698e-01,5.129058e-03,7.316695e-02,1.188959e-02,8.095347e-02,1.349581e-02,2.322021e-02
1.826240e-02,8.099715e-03,5.755900e-03,8.947743e-03,1.417521e-02,7.875904e-02,1.084719e-03,4.174414e-02,4.985466e-01,3.884741e-03,7.546201e-02,1.321571e-02,1.722792e-01,1.048192e-02,4.930104e-02
2.498082e-02,8.544879e-03,4.301293e-03,8.826358e-03,1.028250e-02,6.177677e-02,1.001290e-03,3.013242e-02,5.149809e-01,2.995803e-03,6.175699e-02,1.272747e-02,1.733738e-01,8.030079e-03,7.628874e-02
2.813634e-02,8.262927e-03,3.493395e-03,9.340432e-03,1.095859e-02,4.783460e-02,3.129936e-03,2.169372e-02,4.259805e-01,2.580444e-03,6.082163e-02,1.414475e-02,2.419998e-01,7.654732e-03,1.139683e-01
3.332331e-02,7.142700e-03,3.071892e-03,1.179916e-02,1.147482e-02,3.821722e-02,3.557337e-03,1.581735e-02,3.296374e-01,2.446641e-03,5.119236e-02,1.510586e-02,3.161994e-01,9.759557e-03,1.512550e-01
3.661693e-02,6.710569e-03,2.555231e-03,8.950409e-03,9.423365e-03,3.161249e-02,3.153613e-03,1.130098e-02,2.321520e-01,2.561440e-03,4.795777e-02,2.647548e-02,4.451205e-01,1.183829e-02,1.235710e-01
2.746936e-02,6.660017e-03,2.431907e-03,6.623096e-03,1.141538e-02,2.357325e-02,2.518422e-03,7.966062e-03,1.651760e-01,3.697400e-03,4.711155e-02,4.535279e-02,5.155563e-01,1.049087e-02,1.239576e-01
8.054023e-02,5.818706e-03,2.217422e-03,5.386778e-03,1.055183e-02,2.316109e-02,2.237934e-03,5.807464e-03,1.214892e-01,9.897620e-03,5.511979e-02,8.761264e-02,4.616011e-01,1.039726e-02,1.181610e-01
9.891124e-02,7.211758e-03,6.461138e-03,4.413808e-03,1.042497e-02,1.806683e-02,2.087865e-03,4.298741e-03,9.082494e-02,3.744023e-02,7.507952e-02,1.190386e-01,4.184673e-01,1.269435e-02,9.457864e-02
2.159686e-01,8.068800e-03,8.882170e-03,4.096623e-03,1.111571e-02,1.438456e-02,2.201858e-03,3.773238e-03,7.152384e-02,5.150966e-02,8.009323e-02,1.092817e-01,3.319117e-01,1.622473e-02,7.096358e-02
2.894185e-01,7.680668e-03,1.006414e-02,6.537046e-03,1.039304e-02,1.241386e-02,3.146101e-03,6.000457e-03,6.051229e-02,7.503305e-02,7.447387e-02,1.082775e-01,2.573718e-01,1.908683e-02,5.959085e-02
2.261845e-01,8.983467e-03,3.109301e-02,9.247527e-03,9.839398e-03,1.153195e-02,2.984633e-03,2.161395e-02,6.155004e-02,6.733721e-02,1.225040e-01,1.297434e-01,2.251967e-01,2.724077e-02,4.494949e-02
2.631121e-01,1.060162e-02,5.451921e-02,1.065477e-02,8.279497e-03,1.687116e-02,3.066330e-03,2.907023e-02,5.028054e-02,5.923148e-02,1.194761e-01,1.389896e-01,1.742143e-01,2.517421e-02,3.645886e-02
2.698842e-01,2.687598e-02,7.414947e-02,1.014008e-02,9.045383e-03,1.714528e-02,3.054501e-03,2.786734e-02,6.224402e-02,6.094990e-02,9.869035e-02,1.130930e-01,1.264345e-01,5.320718e-02,4.721884e-02
2.635859e-01,2.967780e-02,1.166144e-01,9.622095e-03,1.023777e-02,1.950308e-02,3.595504e-03,2.964836e-02,5.971257e-02,6.142497e-02,8.974974e-02,8.862624e-02,9.189109e-02,8.176143e-02,4.434909e-02
2.165246e-01,2.325107e-02,2.744116e-01,5.474379e-02,8.173143e-03,1.848217e-02,2.840108e-03,2.261723e-02,4.499511e-02,4.660102e-02,6.536704e-02,6.347344e-02,6.490166e-02,5.920742e-02,3.441064e-02
1.734920e-01,1.739161e-02,4.179505e-01,6.803116e-02,7.170471e-03,1.662132e-02,2.557044e-03,1.926191e-02,3.464067e-02,3.477320e-02,4.914215e-02,4.518766e-02,4.639949e-02,4.238041e-02,2.500037e-02
2.349919e-01,1.476384e-02,4.084206e-01,7.871506e-02,7.515400e-03,1.741938e-02,2.518238e-03,1.760371e-02,3.227080e-02,2.615176e-02,3.960325e-02,3.319862e-02,3.359272e-02,3.256792e-02,2.066672e-02
2.429953e-01,1.201754e-02,4.201735e-01,1.162415e-01,7.464887e-03,1.692928e-02,2.058712e-03,1.601248e-02,2.621565e-02,2.015748e-02,3.080896e-02,2.390226e-02,2.415457e-02,2.458854e-02,1.627928e-02
2.535775e-01,1.159814e-02,4.084496e-01,1.497882e-01,7.746845e-03,1.686250e-02,1.627273e-03,1.272107e-02,2.235254e-02,1.899793e-02,2.503610e-02,1.764130e-02,1.758953e-02,2.141678e-02,1.459466e-02
2.707585e-01,1.574138e-02,4.066537e-01,1.618280e-01,1.101780e-02,1.445272e-02,1.310697e-03,1.030289e-02,1.873913e-02,1.381066e-02,1.938496e-02,1.294143e-02,1.293622e-02,1.912848e-02,1.099347e-02
2.462463e-01,1.503373e-02,3.699302e-01,2.495953e-01,1.516702e-02,1.107354e-02,1.020089e-03,9.398769e-03,1.599887e-02,1.011377e-02,1.482328e-02,9.458239e-03,9.515463e-03,1.468193e-02,7.943336e-03
2.182875e-01,1.378954e-02,3.757816e-01,2.925329e-01,1.532651e-02,8.879344e-03,8.897349e-04,9.402253e-03,1.505744e-02,7.499571e-03,1.135641e-02,6.986346e-03,7.056580e-03,1.103998e-02,6.114204e-03
1.710539e-01,1.192770e-02,3.995512e-01,3.373485e-01,1.205515e-02,6.856464e-03,7.156340e-04,7.193129e-03,1.392629e-02,5.728794e-03,9.210166e-03,5.427146e-03,5.384405e-03,8.147777e-03,5.473682e-03
1.290322e-01,9.727819e-03,4.612232e-01,2.567059e-01,8.654058e-03,9.287471e-03,5.661330e-04,5.271598e-03,4.604025e-02,6.821813e-03,1.568524e-02,4.720936e-03,4.254254e-03,2.605566e-02,1.595335e-02
9.566423e-02,7.646190e-03,4.156385e-01,1.850563e-01,6.231399e-03,7.687334e-03,4.932653e-04,3.961378e-03,7.743014e-02,6.287706e-03,3.956197e-02,4.106772e-03,3.316815e-03,1.274572e-01,1.946073e-02
7.060853e-02,5.682932e-03,3.121508e-01,1.321046e-01,4.517900e-03,6.043540e-03,4.517332e-04,3.081995e-03,5.685046e-02,5.329917e-03,1.546998e-01,6.507502e-03,2.638876e-03,2.251183e-01,1.421314e-02
5.397834e-02,4.167244e-03,2.286073e-01,9.433637e-02,3.272907e-03,5.362435e-03,4.157353e-04,2.478064e-03,4.088381e-02,4.136614e-03,1.853665e-01,7.951045e-03,2.064387e-03,3.567344e-01,1.024484e-02
3.899385e-02,3.062608e-03,1.605345e-01,6.826620e-02,2.956328e-03,3.999889e-03,3.282348e-04,2.217473e-03,3.122955e-02,3.254152e-03,2.214772e-01,6.755044e-03,1.616229e-03,4.479676e-01,7.341027e-03
2.751145e-02,2.288249e-03,1.125299e-01,4.800896e-02,2.287391e-03,3.379728e-03,2.518454e-04,1.706073e-03,2.558372e-02,2.592069e-03,2.265635e-01,7.254496e-03,1.281622e-03,5.334790e-01,5.281998e-03
1.986764e-02,2.696206e-03,7.899257e-02,3.385755e-02,1.938830e-03,8.648885e-03,2.171709e-04,1.338400e-03,2.248644e-02,2.705962e-03,2.322632e-01,6.414269e-03,1.091654e-03,5.835702e-01,3.911034e-03
1.444816e-02,3.119239e-03,5.547236e-02,2.394924e-02,1.917931e-03,2.068035e-02,1.754582e-04,1.044066e-03,2.058284e-02,2.528563e-03,2.269753e-01,5.600788e-03,1.138246e-03,6.193953e-01,2.972157e-03
1.093771e-02,3.770661e-03,3.895693e-02,1.744703e-02,2.110556e-03,3.297369e-02,1.514723e-04,1.021208e-03,2.209465e-02,2.725367e-03,2.320952e-01,4.936163e-03,1.235728e-03,6.269082e-01,2.635425e-03
9.008997e-03,4.376734e-03,2.816873e-02,1.255171e-02,2.954921e-03,4.788015e-02,1.815542e-04,1.158114e-03,3.374410e-02,3.516425e-03,2.231327e-01,5.119789e-03,1.115791e-03,6.251078e-01,1.982506e-03
7.610576e-03,4.195262e-03,2.016517e-02,9.322379e-03,3.123675e-03,4.455409e-02,1.868797e-04,1.177919e-03,5.195098e-02,3.882312e-03,2.252042e-01,4.984758e-03,1.038521e-03,6.210505e-01,1.552793e-03
1.002542e-02,4.812299e-03,1.477046e-02,7.973582e-03,2.750032e-03,3.677077e-02,2.178648e-04,1.062007e-03,7.624754e-02,3.940923e-03,2.325791e-01,4.843906e-03,9.599978e-04,6.015502e-01,1.495854e-03
1.051624e-02,6.238882e-03,1.114122e-02,6.249034e-03,2.552886e-03,3.750895e-02,1.793827e-04,8.297504e-04,1.166963e-01,3.864184e-03,2.188631e-01,4.255540e-03,8.855843e-04,5.785920e-01,1.626887e-03
1.240984e-02,1.401340e-02,1.961390e-02,6.994770e-03,3.349733e-03,6.214590e-02,3.072340e-04,1.993001e-03,2.044644e-01,4.725887e-03,1.735567e-01,3.510643e-03,8.013725e-04,4.900260e-01,2.087218e-03
1.509869e-02,2.592084e-02,1.403665e-01,2.770536e-02,5.571302e-03,5.571726e-02,1.212176e-03,1.109741e-02,2.041935e-01,6.180993e-03,1.288875e-01,2.757855e-03,1.500722e-03,3.695526e-01,4.237344e-03
1.463334e-02,3.569859e-02,1.200705e-01,4.397816e-02,1.032044e-02,1.314050e-01,1.180274e-03,9.201067e-03,2.184943e-01,9.998232e-03,9.924477e-02,2.239077e-03,3.196506e-03,2.927424e-01,7.597386e-03
1.676913e-02,4.088996e-02,8.898807e-02,7.019267e-02,1.068673e-02,1.095105e-01,9.054735e-04,8.725002e-03,3.249925e-01,1.530727e-02,7.526074e-02,2.260146e-03,3.659350e-03,2.107404e-01,2.111216e-02
3.729833e-02,3.603202e-02,6.907621e-02,5.627861e-02,1.363197e-02,1.753480e-01,8.940374e-04,7.634302e-03,3.152292e-01,1.562118e-02,6.853618e-02,4.402915e-03,4.534335e-03,1.619434e-01,3.353940e-02
4.449034e-02,2.906876e-02,4.979132e-02,5.509657e-02,1.317010e-02,2.120901e-01,7.856247e-04,6.641258e-03,3.382781e-01,1.862612e-02,5.411531e-02,4.203594e-03,4.504874e-03,1.162226e-01,5.291542e-02
6.731698e-02,2.463529e-02,3.710833e-02,5.800859e-02,1.760599e-02,3.040368e-01,8.509125e-04,8.328181e-03,2.669170e-01,1.494223e-02,4.134491e-02,5.015075e-03,4.271374e-03,8.376683e-02,6.585159e-02
1.010115e-01,2.112290e-02,3.093557e-02,1.333959e-01,1.781694e-02,2.239875e-01,8.560975e-04,7.358901e-03,2.520076e-01,1.470040e-02,3.202708e-02,6.946999e-03,4.254043e-03,5.927507e-02,9.430350e-02
2.143011e-01,1.838258e-02,2.800257e-02,1.198945e-01,2.043149e-02,2.138527e-01,1.149331e-03,8.030987e-03,2.013934e-01,1.091707e-02,2.675991e-02,8.572924e-03,4.153037e-03,4.344259e-02,8.071579e-02
2.524451e-01,1.750841e-02,3.050232e-02,1.619462e-01,2.189893e-02,1.661177e-01,1.082530e-03,1.337411e-02,1.855822e-01,8.756042e-03,2.589424e-02,8.884083e-03,4.355155e-03,3.214959e-02,6.950355e-02
2.733053e-01,1.744842e-02,2.878624e-02,2.263990e-01,1.958600e-02,1.189532e-01,1.001144e-03,9.620894e-03,1.602041e-01,7.245796e-03,4.133042e-02,9.064015e-03,4.412235e-03,2.404958e-02,5.859358e-02
3.447620e-01,1.615498e-02,2.163807e-02,2.199109e-01,2.110885e-02,8.760484e-02,8.539691e-04,7.722776e-03,1.279518e-01,5.859169e-03,5.988173e-02,1.226245e-02,6.875806e-03,2.185395e-02,4.555875e-02
3.469715e-01,1.286211e-02,1.648998e-02,2.126393e-01,1.985176e-02,6.687377e-02,7.626447e-04,7.883215e-03,1.018693e-01,5.152959e-03,9.296146e-02,4.551888e-02,1.207248e-02,2.082417e-02,3.726644e-02
2.630984e-01,9.865005e-03,1.204746e-02,1.756987e-01,1.440737e-02,5.159772e-02,6.814277e-04,5.830716e-03,7.680385e-02,4.752632e-03,9.822142e-02,2.176198e-01,1.920976e-02,2.065764e-02,2.950804e-02
1.985703e-01,7.251285e-03,8.706536e-03,1.280889e-01,1.301241e-02,4.595705e-02,8.775556e-04,4.690800e-03,5.812485e-02,5.058787e-03,1.011296e-01,3.720251e-01,1.707858e-02,1.720413e-02,2.222413e-02
2.123485e-01,5.754804e-03,6.438190e-03,9.878670e-02,1.530142e-02,4.609218e-02,1.950770e-03,4.830659e-03,4.551840e-02,7.230134e-03,9.227504e-02,4.169711e-01,1.452210e-02,1.398287e-02,1.799717e-02
2.249345e-01,4.876636e-03,4.680982e-03,8.805807e-02,1.952742e-02,4.674558e-02,1.913845e-03,4.202012e-03,3.523760e-02,8.794249e-03,1.084617e-01,4.141491e-01,1.199215e-02,1.192638e-02,1.449985e-02
2.157904e-01,4.227767e-03,3.399672e-03,7.318407e-02,2.493716e-02,4.697138e-02,1.719599e-03,3.417613e-03,2.664430e-02,8.691567e-03,1.224232e-01,4.379395e-01,9.375707e-03,9.527427e-03,1.175063e-02
2.203999e-01,3.460719e-03,2.451593e-03,5.353695e-02,6.685307e-02,3.908670e-02,1.492663e-03,3.396565e-03,1.991398e-02,8.295438e-03,1.466081e-01,4.109911e-01,7.486623e-03,7.370200e-03,8.656445e-03
2.404450e-01,3.200301e-03,1.922190e-03,3.984316e-02,1.014819e-01,3.054803e-02,1.287218e-03,3.369081e-03,1.767633e-02,6.530881e-03,1.428058e-01,3.924013e-01,6.281146e-03,5.707534e-03,6.500238e-03
3.172550e-01,4.577108e-03,1.846392e-03,3.063678e-02,9.531458e-02,2.405240e-02,1.315810e-03,3.159605e-03,1.538067e-02,4.916834e-03,1.208542e-01,3.644051e-01,5.173573e-03,4.632950e-03,6.478963e-03
3.581274e-01,4.880996e-03,2.092691e-03,2.258359e-02,9.172921e-02,2.283353e-02,1.345142e-03,3.531587e-03,1.336993e-02,4.034044e-03,8.977111e-02,3.712047e-01,4.588167e-03,4.332348e-03,5.575634e-03
3.667931e-01,4.428605e-03,1.963308e-03,1.719579e-02,8.376729e-02,2.281635e-02,1.285442e-03,5.245956e-03,1.180880e-02,3.368977e-03,6.682705e-02,4.021854e-01,4.306618e-03,3.491472e-03,4.515780e-03
3.506672e-01,4.766859e-03,2.495260e-03,1.372093e-02,1.137750e-01,1.938691e-02,1.702776e-03,2.385486e-02,1.241719e-02,2.808612e-03,5.196912e-02,3.920912e-01,4.317604e-03,2.746539e-03,3.279795e-03
3.181698e-01,1.332684e-02,5.490173e-03,1.088925e-02,1.379560e-01,1.882357e-02,6.502237e-03,2.330332e-02,2.061784e-02,2.906468e-03,4.084782e-02,3.894318e-01,5.645595e-03,2.463477e-03,3.625691e-03
2.556523e-01,1.176406e-02,5.565885e-03,8.836082e-03,1.976828e-01,1.994269e-02,1.384939e-02,2.312752e-02,2.427431e-02,2.364375e-03,3.372190e-02,3.931152e-01,5.391708e-03,1.896356e-03,2.815373e-03
2.827565e-01,1.225775e-02,5.810257e-03,9.760020e-03,2.131276e-01,1.997660e-02,1.555177e-02,3.344159e-02,2.761101e-02,2.096351e-03,2.866362e-02,3.386306e-01,6.019479e-03,1.576686e-03,2.720048e-03
2.721401e-01,1.229219e-02,7.473884e-03,8.849900e-03,1.996295e-01,2.173334e-02,1.493330e-02,7.026612e-02,2.718825e-02,1.775111e-03,2.993968e-02,3.219599e-01,7.742329e-03,1.351133e-03,2.725301e-03
2.357512e-01,1.062511e-02,1.307552e-02,1.086016e-02,2.923143e-01,2.564993e-02,1.691656e-02,8.683319e-02,3.416666e-02,1.722347e-03,2.280927e-02,2.379330e-01,7.789473e-03,1.067662e-03,2.485501e-03
2.068237e-01,1.160412e-02,1.523582e-02,1.306880e-02,3.229194e-01,3.182218e-02,1.548163e-02,6.769854e-02,9.323534e-02,1.902590e-03,2.104999e-02,1.851118e-01,8.544705e-03,1.053245e-03,4.448083e-03
2.165442e-01,1.054914e-02,1.455924e-02,1.947127e-02,3.161528e-01,4.185041e-02,1.675802e-02,8.279128e-02,8.635938e-02,2.172797e-03,1.931153e-02,1.559071e-01,1.138411e-02,1.025867e-03,5.162944e-03
1.999050e-01,1.181063e-02,1.314442e-02,3.393490e-02,3.760219e-01,3.586477e-02,1.486657e-02,8.303202e-02,7.520063e-02,2.315834e-03,1.868444e-02,1.178195e-01,9.796353e-03,1.035222e-03,6.567761e-03
2.006743e-01,1.304240e-02,2.121750e-02,1.177801e-01,3.135959e-01,3.188246e-02,1.180378e-02,7.599715e-02,7.986647e-02,3.891776e-03,1.508078e-02,8.947428e-02,1.208626e-02,1.091020e-03,1.251589e-02
1.825039e-01,1.068897e-02,6.794176e-02,1.039880e-01,3.483885e-01,2.498058e-02,9.656656e-03,7.150197e-02,8.128685e-02,3.021194e-03,1.171556e-02,6.421024e-02,8.966500e-03,1.525003e-03,9.624335e-03
1.848507e-01,1.047426e-02,9.053797e-02,1.177493e-01,3.175611e-01,2.167404e-02,8.861181e-03,7.647981e-02,9.180018e-02,3.134682e-03,8.995116e-03,4.790041e-02,8.036671e-03,1.274341e-03,1.067028e-02
1.552310e-01,8.575906e-03,1.649555e-01,1.959844e-01,2.340866e-01,1.618997e-02,6.561556e-03,8.764867e-02,6.953836e-02,3.090352e-03,7.527655e-03,3.424986e-02,6.241519e-03,9.493125e-04,9.169329e-03
1.627980e-01,1.239836e-02,1.560469e-01,1.678438e-01,2.376039e-01,1.378933e-02,5.722298e-03,1.012362e-01,9.121489e-02,2.811868e-03,7.715880e-03,2.632535e-02,5.982873e-03,8.774251e-04,7.632923e-03
1.896663e-01,1.791985e-02,1.470052e-01,1.390767e-01,2.298772e-01,1.206941e-02,5.368933e-03,1.039503e-01,1.056200e-01,2.766564e-03,1.003997e-02,2.113398e-02,7.342203e-03,8.738139e-04,7.289592e-03
2.239869e-01,1.720990e-02,1.068606e-01,1.103890e-01,2.459373e-01,1.672452e-02,4.561903e-03,9.699749e-02,1.345890e-01,2.545536e-03,9.549997e-03,1.700087e-02,6.310247e-03,8.401007e-04,6.496588e-03
1.944383e-01,2.155862e-02,8.183283e-02,1.934377e-01,1.752588e-01,1.419347e-02,3.628823e-03,7.910181e-02,1.895488e-01,6.413653e-03,9.329880e-03,1.431035e-02,6.169996e-03,8.831623e-04,9.893790e-03
2.285514e-01,2.671568e-02,6.341168e-02,1.693753e-01,1.374449e-01,2.172153e-02,3.709064e-03,8.811794e-02,1.964248e-01,1.184929e-02,1.225103e-02,1.336002e-02,7.751690e-03,1.501090e-03,1.781463e-02
1.737403e-01,7.382235e-02,6.914249e-02,1.977371e-01,9.766661e-02,1.655744e-02,2.695202e-03,6.258081e-02,2.289710e-01,1.560467e-02,1.075849e-02,1.055375e-02,7.556712e-03,1.848132e-03,3.076478e-02
1.931879e-01,7.085870e-02,5.259981e-02,1.732148e-01,7.274409e-02,1.489283e-02,2.296126e-03,4.615905e-02,2.283415e-01,1.569323e-02,1.828759e-02,1.044029e-02,1.149594e-02,4.315556e-03,8.547260e-02
2.972147e-01,6.629200e-02,3.880341e-02,1.260180e-01,5.237071e-02,1.438798e-02,1.995702e-03,3.407180e-02,1.865064e-01,1.472406e-02,1.669627e-02,1.145179e-02,1.456611e-02,1.340142e-02,1.114995e-01
3.232412e-01,5.664804e-02,3.417757e-02,9.335849e-02,3.751211e-02,1.140534e-02,1.712484e-03,2.589142e-02,2.400373e-01,1.278243e-02,1.483244e-02,1.109504e-02,2.184505e-02,1.489991e-02,1.005612e-01
3.765911e-01,4.476075e-02,4.091389e-02,7.318573e-02,2.814332e-02,1.049353e-02,1.714873e-03,2.393977e-02,1.964359e-01,1.038479e-02,1.831688e-02,1.421884e-02,6.170657e-02,1.722485e-02,8.196913e-02
4.498687e-01,3.437015e-02,3.229652e-02,5.306624e-02,2.162499e-02,9.907263e-03,1.704806e-03,1.892209e-02,1.502062e-01,9.342675e-03,1.742210e-02,1.375986e-02,7.211510e-02,3.660528e-02,7.878808e-02
4.901393e-01,2.851318e-02,2.630589e-02,4.040922e-02,2.832991e-02,9.230128e-03,2.157633e-03,1.741483e-02,1.141062e-01,7.582034e-03,1.924938e-02,1.368825e-02,8.687240e-02,3.779239e-02,7.820927e-02
4.947059e-01,2.858098e-02,2.210025e-02,2.983521e-02,3.449724e-02,9.330472e-03,3.425951e-03,1.707038e-02,1.030875e-01,6.080557e-03,1.990579e-02,1.164034e-02,8.062016e-02,3.548015e-02,1.036390e-01
4.196573e-01,3.075463e-02,9.133318e-02,3.642247e-02,3.528532e-02,9.600636e-03,4.097267e-03,1.983630e-02,1.053708e-01,6.444980e-03,1.828067e-02,9.928090e-03,7.202010e-02,2.811505e-02,1.128532e-01
3.047844e-01,2.775585e-02,2.176617e-01,4.316228e-02,3.071862e-02,8.181415e-03,3.555136e-03,1.835007e-02,1.256093e-01,9.032735e-03,1.565640e-02,7.675535e-03,5.482814e-02,2.437871e-02,1.086497e-01
3.325545e-01,3.254066e-02,2.228527e-01,5.251320e-02,3.312841e-02,1.065894e-02,4.435314e-03,1.440050e-02,1.014009e-01,1.049724e-02,1.267509e-02,8.899584e-03,4.194941e-02,1.837447e-02,1.031192e-01
3.738285e-01,4.797472e-02,1.760368e-01,4.720798e-02,5.402757e-02,1.733247e-02,1.291007e-02,1.146305e-02,8.480977e-02,8.333491e-03,1.131056e-02,1.223969e-02,3.458042e-02,1.439740e-02,9.354755e-02
3.671527e-01,8.050446e-02,1.386379e-01,4.754014e-02,7.609028e-02,2.584192e-02,2.163552e-02,9.440348e-03,6.498230e-02,7.994890e-03,1.150588e-02,1.544169e-02,2.833559e-02,1.168736e-02,9.320912e-02
3.595002e-01,9.629097e-02,1.003984e-01,6.507107e-02,6.384677e-02,3.314139e-02,1.686523e-02,7.490109e-03,6.872028e-02,1.089346e-02,1.027734e-02,1.349690e-02,4.703067e-02,8.698682e-03,9.827857e-02
2.930748e-01,1.403587e-01,8.527470e-02,8.450914e-02,4.658861e-02,2.738441e-02,1.262763e-02,5.898785e-03,6.261615e-02,1.649868e-02,8.683532e-03,1.187992e-02,3.529763e-02,6.860990e-03,1.624463e-01
2.793164e-01,1.290882e-01,1.210805e-01,1.323385e-01,3.383618e-02,2.304451e-02,9.453519e-03,5.461730e-03,5.044608e-02,1.535698e-02,8.678726e-03,1.173102e-02,2.683204e-02,5.782010e-03,1.475536e-01
3.636159e-01,1.123194e-01,1.006900e-01,1.249178e-01,2.727971e-02,2.087364e-02,7.764176e-03,6.789079e-03,3.848897e-02,1.237418e-02,9.478724e-03,1.795189e-02,2.428553e-02,6.007833e-03,1.271631e-01
4.850773e-01,8.771030e-02,7.826054e-02,9.915702e-02,2.138902e-02,2.042950e-02,6.473301e-03,7.484365e-03,2.882763e-02,9.413379e-03,9.654930e-03,2.091903e-02,2.215643e-02,5.895284e-03,9.715196e-02
1.000000e+00,0.000000e+00,0.000000e+00,0.000000e+00,0.000000e+00,0.000000e+00,0.000000e+00,0.000000e+00,0.000000e+00,0.000000e+00,0.000000e+00,0.000000e+00,0.000000e+00,0.000000e+00,0.000000e+00
4.423166e-01,7.542813e-02,9.635905e-02,1.536265e-01,1.310814e-02,1.677310e-02,3.607457e-03,5.333933e-03,2.402076e-02,1.182754e-02,9.851892e-03,1.835629e-02,1.796738e-02,5.148089e-03,1.062752e-01
1.000000e+00,0.000000e+00,0.000000e+00,0.000000e+00,0.000000e+00,0.000000e+00,0.000000e+00,0.000000e+00,0.000000e+00,0.000000e+00,0.000000e+00,0.000000e+00,0.000000e+00,0.000000e+00,0.000000e+00
1.000000e+00,0.000000e+00,0.000000e+00,0.000000e+00,0.000000e+00,0.000000e+00,0.000000e+00,0.000000e+00,0.000000e+00,0.000000e+00,0.000000e+00,0.000000e+00,0.000000e+00,0.000000e+00,0.000000e+00
1.000000e+00,0.000000e+00,0.000000e+00,0.000000e+00,0.000000e+00,0.000000e+00,0.000000e+00,0.000000e+00,0.000000e+00,0.000000e+00,0.000000e+00,0.000000e+00,0.000000e+00,0.000000e+00,0.000000e+00
1.000000e+00,0.000000e+00,0.000000e+00,0.000000e+00,0.000000e+00,0.000000e+00,0.000000e+00,0.000000e+00,0.000000e+00,0.000000e+00,0.000000e+00,0.000000e+00,0.000000e+00,0.000000e+00,0.000000e+00
1.000000e+00,0.000000e+00,0.000000e+00,0.000000e+00,0.000000e+00,0.000000e+00,0.000000e+00,0.000000e+00,0.000000e+00,0.000000e+00,0.000000e+00,0.000000e+00,0.000000e+00,0.000000e+00,0.000000e+00
1.000000e+00,0.000000e+00,0.000000e+00,0.000000e+00,0.000000e+00,0.000000e+00,0.000000e+00,0.000000e+00,0.000000e+00,0.000000e+00,0.000000e+00,0.000000e+00,0.000000e+00,0.000000e+00,0.000000e+00
1.000000e+00,0.000000e+00,0.000000e+00,0.000000e+00,0.000000e+00,0.000000e+00,0.000000e+00,0.000000e+00,0.000000e+00,0.000000e+00,0.000000e+00,0.000000e+00,0.000000e+00,0.000000e+00,0.000000e+00
