1.000000e+00,0.000000e+00,0.000000e+00,0.000000e+00,0.000000e+00,0.000000e+00,0.000000e+00,0.000000e+00,0.000000e+00,0.000000e+00,0.000000e+00,0.000000e+00,0.000000e+00,0.000000e+00,0.000000e+00
1.000000e+00,0.000000e+00,0.000000e+00,0.000000e+00,0.000000e+00,0.000000e+00,0.000000e+00,0.000000e+00,0.000000e+00,0.000000e+00,0.000000e+00,0.000000e+00,0.000000e+00,0.000000e+00,0.000000e+00
1.000000e+00,0.000000e+00,0.000000e+00,0.000000e+00,0.000000e+00,0.000000e+00,0.000000e+00,0.000000e+00,0.000000e+00,0.000000e+00,0.000000e+00,0.000000e+00,0.000000e+00,0.000000e+00,0.000000e+00
1.000000e+00,0.000000e+00,0.000000e+00,0.000000e+00,0.000000e+00,0.000000e+00,0.000000e+00,0.000000e+00,0.000000e+00,0.000000e+00,0.000000e+00,0.000000e+00,0.000000e+00,0.000000e+00,0.000000e+00
1.000000e+00,0.000000e+00,0.000000e+00,0.000000e+00,0.000000e+00,0.000000e+00,0.000000e+00,0.000000e+00,0.000000e+00,0.000000e+00,0.000000e+00,0.000000e+00,0.000000e+00,0.000000e+00,0.000000e+00
1.000000e+00,0.000000e+00,0.000000e+00,0.000000e+00,0.000000e+00,0.000000e+00,0.000000e+00,0.000000e+00,0.000000e+00,0.000000e+00,0.000000e+00,0.000000e+00,0.000000e+00,0.000000e+00,0.000000e+00
1.000000e+00,0.000000e+00,0.000000e+00,0.000000e+00,0.000000e+00,0.000000e+00,0.000000e+00,0.000000e+00,0.000000e+00,0.000000e+00,0.000000e+00,0.000000e+00,0.000000e+00,0.000000e+00,0.000000e+00
1.000000e+00,0.000000e+00,0.000000e+00,0.000000e+00,0.000000e+00,0.000000e+00,0.000000e+00,0.000000e+00,0.000000e+00,0.000000e+00,0.000000e+00,0.000000e+00,0.000000e+00,0.000000e+00,0.000000e+00
1.000000e+00,0.000000e+00,0.000000e+00,0.000000e+00,0.000000e+00,0.000000e+00,0.000000e+00,0.000000e+00,0.000000e+00,0.000000e+00,0.000000e+00,0.000000e+00,0.000000e+00,0.000000e+00,0.000000e+00
1.000000e+00,0.000000e+00,0.000000e+00,0.000000e+00,0.000000e+00,0.000000e+00,0.000000e+00,0.000000e+00,0.000000e+00,0.000000e+00,0.000000e+00,0.000000e+00,0.000000e+00,0.000000e+00,0.000000e+00
1.000000e+00,0.000000e+00,0.000000e+00,0.000000e+00,0.000000e+00,0.000000e+00,0.000000e+00,0.000000e+00,0.000000e+00,0.000000e+00,0.000000e+00,0.000000e+00,0.000000e+00,0.000000e+00,0.000000e+00
1.000000e+00,0.000000e+00,0.000000e+00,0.000000e+00,0.000000e+00,0.000000e+00,0.000000e+00,0.000000e+00,0.000000e+00,0.000000e+00,0.000000e+00,0.000000e+00,0.000000e+00,0.000000e+00,0.000000e+00
1.000000e+00,0.000000e+00,0.000000e+00,0.000000e+00,0.000000e+00,0.000000e+00,0.000000e+00,0.000000e+00,0.000000e+00,0.000000e+00,0.000000e+00,0.000000e+00,0.000000e+00,0.000000e+00,0.000000e+00
1.000000e+00,0.000000e+00,0.000000e+00,0.000000e+00,0.000000e+00,0.000000e+00,0.000000e+00,0.000000e+00,0.000000e+00,0.000000e+00,0.000000e+00,0.000000e+00,0.000000e+00,0.000000e+00,0.000000e+00
1.000000e+00,0.000000e+00,0.000000e+00,0.000000e+00,0.000000e+00,0.000000e+00,0.000000e+00,0.000000e+00,0.000000e+00,0.000000e+00,0.000000e+00,0.000000e+00,0.000000e+00,0.000000e+00,0.000000e+00
1.000000e+00,0.000000e+00,0.000000e+00,0.000000e+00,0.000000e+00,0.000000e+00,0.000000e+00,0.000000e+00,0.000000e+00,0.000000e+00,0.000000e+00,0.000000e+00,0.000000e+00,0.000000e+00,0.000000e+00
1.000000e+00,0.000000e+00,0.000000e+00,0.000000e+00,0.000000e+00,0.000000e+00,0.000000e+00,0.000000e+00,0.000000e+00,0.000000e+00,0.000000e+00,0.000000e+00,0.000000e+00,0.000000e+00,0.000000e+00
1.000000e+00,0.000000e+00,0.000000e+00,0.000000e+00,0.000000e+00,0.000000e+00,0.000000e+00,0.000000e+00,0.000000e+00,0.000000e+00,0.000000e+00,0.000000e+00,0.000000e+00,0.000000e+00,0.000000e+00
1.000000e+00,0.000000e+00,0.000000e+00,0.000000e+00,0.000000e+00,0.000000e+00,0.000000e+00,0.000000e+00,0.000000e+00,0.000000e+00,0.000000e+00,0.000000e+00,0.000000e+00,0.000000e+00,0.000000e+00
1.000000e+00,0.000000e+00,0.000000e+00,0.000000e+00,0.000000e+00,0.000000e+00,0.000000e+00,0.000000e+00,0.000000e+00,0.000000e+00,0.000000e+00,0.000000e+00,0.000000e+00,0.000000e+00,0.000000e+00
1.000000e+00,0.000000e+00,0.000000e+00,0.000000e+00,0.000000e+00,0.000000e+00,0.000000e+00,0.000000e+00,0.000000e+00,0.000000e+00,0.000000e+00,0.000000e+00,0.000000e+00,0.000000e+00,0.000000e+00
1.000000e+00,0.000000e+00,0.000000e+00,0.000000e+00,0.000000e+00,0.000000e+00,0.000000e+00,0.000000e+00,0.000000e+00,0.000000e+00,0.000000e+00,0.000000e+00,0.000000e+00,0.000000e+00,0.000000e+00
1.000000e+00,0.000000e+00,0.000000e+00,0.000000e+00,0.000000e+00,0.000000e+00,0.000000e+00,0.000000e+00,0.000000e+00,0.000000e+00,0.000000e+00,0.000000e+00,0.000000e+00,0.000000e+00,0.000000e+00
1.000000e+00,0.000000e+00,0.000000e+00,0.000000e+00,0.000000e+00,0.000000e+00,0.000000e+00,0.000000e+00,0.000000e+00,0.000000e+00,0.000000e+00,0.000000e+00,0.000000e+00,0.000000e+00,0.000000e+00
1.000000e+00,0.000000e+00,0.000000e+00,0.000000e+00,0.000000e+00,0.000000e+00,0.000000e+00,0.000000e+00,0.000000e+00,0.000000e+00,0.000000e+00,0.000000e+00,0.000000e+00,0.000000e+00,0.000000e+00
1.000000e+00,0.000000e+00,0.000000e+00,0.000000e+00,0.000000e+00,0.000000e+00,0.000000e+00,0.000000e+00,0.000000e+00,0.000000e+00,0.000000e+00,0.000000e+00,0.000000e+00,0.000000e+00,0.000000e+00
1.000000e+00,0.000000e+00,0.000000e+00,0.000000e+00,0.000000e+00,0.000000e+00,0.000000e+00,0.000000e+00,0.000000e+00,0.000000e+00,0.000000e+00,0.000000e+00,0.000000e+00,0.000000e+00,0.000000e+00
1.000000e+00,0.000000e+00,0.000000e+00,0.000000e+00,0.000000e+00,0.000000e+00,0.000000e+00,0.000000e+00,0.000000e+00,0.000000e+00,0.000000e+00,0.000000e+00,0.000000e+00,0.000000e+00,0.000000e+00
1.000000e+00,0.000000e+00,0.000000e+00,0.000000e+00,0.000000e+00,0.000000e+00,0.000000e+00,0.000000e+00,0.000000e+00,0.000000e+00,0.000000e+00,0.000000e+00,0.000000e+00,0.000000e+00,0.000000e+00
1.000000e+00,0.000000e+00,0.000000e+00,0.000000e+00,0.000000e+00,0.000000e+00,0.000000e+00,0.000000e+00,0.000000e+00,0.000000e+00,0.000000e+00,0.000000e+00,0.000000e+00,0.000000e+00,0.000000e+00
1.000000e+00,0.000000e+00,0.000000e+00,0.000000e+00,0.000000e+00,0.000000e+00,0.000000e+00,0.000000e+00,0.000000e+00,0.000000e+00,0.000000e+00,0.000000e+00,0.000000e+00,0.000000e+00,0.000000e+00
1.000000e+00,0.000000e+00,0.000000e+00,0.000000e+00,0.000000e+00,0.000000e+00,0.000000e+00,0.000000e+00,0.000000e+00,0.000000e+00,0.000000e+00,0.000000e+00,0.000000e+00,0.000000e+00,0.000000e+00
1.000000e+00,0.000000e+00,0.000000e+00,0.000000e+00,0.000000e+00,0.000000e+00,0.000000e+00,0.000000e+00,0.000000e+00,0.000000e+00,0.000000e+00,0.000000e+00,0.000000e+00,0.000000e+00,0.000000e+00
1.000000e+00,0.000000e+00,0.000000e+00,0.000000e+00,0.000000e+00,0.000000e+00,0.000000e+00,0.000000e+00,0.000000e+00,0.000000e+00,0.000000e+00,0.000000e+00,0.000000e+00,0.000000e+00,0.000000e+00
1.000000e+00,0.000000e+00,0.000000e+00,0.000000e+00,0.000000e+00,0.000000e+00,0.000000e+00,0.000000e+00,0.000000e+00,0.000000e+00,0.000000e+00,0.000000e+00,0.000000e+00,0.000000e+00,0.000000e+00
1.000000e+00,0.000000e+00,0.000000e+00,0.000000e+00,0.000000e+00,0.000000e+00,0.000000e+00,0.000000e+00,0.000000e+00,0.000000e+00,0.000000e+00,0.000000e+00,0.000000e+00,0.000000e+00,0.000000e+00
1.000000e+00,0.000000e+00,0.000000e+00,0.000000e+00,0.000000e+00,0.000000e+00,0.000000e+00,0.000000e+00,0.000000e+00,0.000000e+00,0.000000e+00,0.000000e+00,0.000000e+00,0.000000e+00,0.000000e+00
1.000000e+00,0.000000e+00,0.000000e+00,0.000000e+00,0.000000e+00,0.000000e+00,0.000000e+00,0.000000e+00,0.000000e+00,0.000000e+00,0.000000e+00,0.000000e+00,0.000000e+00,0.000000e+00,0.000000e+00
1.000000e+00,0.000000e+00,0.000000e+00,0.000000e+00,0.000000e+00,0.000000e+00,0.000000e+00,0.000000e+00,0.000000e+00,0.000000e+00,0.000000e+00,0.000000e+00,0.000000e+00,0.000000e+00,0.000000e+00
1.000000e+00,0.000000e+00,0.000000e+00,0.000000e+00,0.000000e+00,0.000000e+00,0.000000e+00,0.000000e+00,0.000000e+00,0.000000e+00,0.000000e+00,0.000000e+00,0.000000e+00,0.000000e+00,0.000000e+00
1.000000e+00,0.000000e+00,0.000000e+00,0.000000e+00,0.000000e+00,0.000000e+00,0.000000e+00,0.000000e+00,0.000000e+00,0.000000e+00,0.000000e+00,0.000000e+00,0.000000e+00,0.000000e+00,0.000000e+00
1.000000e+00,0.000000e+00,0.000000e+00,0.000000e+00,0.000000e+00,0.000000e+00,0.000000e+00,0.000000e+00,0.000000e+00,0.000000e+00,0.000000e+00,0.000000e+00,0.000000e+00,0.000000e+00,0.000000e+00
1.000000e+00,0.000000e+00,0.000000e+00,0.000000e+00,0.000000e+00,0.000000e+00,0.000000e+00,0.000000e+00,0.000000e+00,0.000000e+00,0.000000e+00,0.000000e+00,0.000000e+00,0.000000e+00,0.000000e+00
1.000000e+00,0.000000e+00,0.000000e+00,0.000000e+00,0.000000e+00,0.000000e+00,0.000000e+00,0.000000e+00,0.000000e+00,0.000000e+00,0.000000e+00,0.000000e+00,0.000000e+00,0.000000e+00,0.000000e+00
1.000000e+00,0.000000e+00,0.000000e+00,0.000000e+00,0.000000e+00,0.000000e+00,0.000000e+00,0.000000e+00,0.000000e+00,0.000000e+00,0.000000e+00,0.000000e+00,0.000000e+00,0.000000e+00,0.000000e+00
1.000000e+00,0.000000e+00,0.000000e+00,0.000000e+00,0.000000e+00,0.000000e+00,0.000000e+00,0.000000e+00,0.000000e+00,0.000000e+00,0.000000e+00,0.000000e+00,0.000000e+00,0.000000e+00,0.000000e+00
1.000000e+00,0.000000e+00,0.000000e+00,0.000000e+00,0.000000e+00,0.000000e+00,0.000000e+00,0.000000e+00,0.000000e+00,0.000000e+00,0.000000e+00,0.000000e+00,0.000000e+00,0.000000e+00,0.000000e+00
1.000000e+00,0.000000e+00,0.000000e+00,0.000000e+00,0.000000e+00,0.000000e+00,0.000000e+00,0.000000e+00,0.000000e+00,0.000000e+00,0.000000e+00,0.000000e+00,0.000000e+00,0.000000e+00,0.000000e+00
1.000000e+00,0.000000e+00,0.000000e+00,0.000000e+00,0.000000e+00,0.000000e+00,0.000000e+00,0.000000e+00,0.000000e+00,0.000000e+00,0.000000e+00,0.000000e+00,0.000000e+00,0.000000e+00,0.000000e+00
1.000000e+00,0.000000e+00,0.000000e+00,0.000000e+00,0.000000e+00,0.000000e+00,0.000000e+00,0.000000e+00,0.000000e+00,0.000000e+00,0.000000e+00,0.000000e+00,0.000000e+00,0.000000e+00,0.000000e+00
1.000000e+00,0.000000e+00,0.000000e+00,0.000000e+00,0.000000e+00,0.000000e+00,0.000000e+00,0.000000e+00,0.000000e+00,0.000000e+00,0.000000e+00,0.000000e+00,0.000000e+00,0.000000e+00,0.000000e+00
1.000000e+00,0.000000e+00,0.000000e+00,0.000000e+00,0.000000e+00,0.000000e+00,0.000000e+00,0.000000e+00,0.000000e+00,0.000000e+00,0.000000e+00,0.000000e+00,0.000000e+00,0.000000e+00,0.000000e+00
1.000000e+00,0.000000e+00,0.000000e+00,0.000000e+00,0.000000e+00,0.000000e+00,0.000000e+00,0.000000e+00,0.000000e+00,0.000000e+00,0.000000e+00,0.000000e+00,0.000000e+00,0.000000e+00,0.000000e+00
4.650616e-01,6.284748e-03,9.839502e-03,1.101238e-02,2.036650e-03,3.835385e-01,1.692982e-03,1.018475e-02,8.724846e-03,1.052468e-03,2.267960e-02,8.786662e-03,7.079510e-03,5.186656e-02,1.015927e-02
3.258489e-01,4.779332e-03,6.935084e-03,8.792821e-03,1.650875e-03,4.788343e-01,1.390704e-03,7.292385e-03,2.203362e-02,1.600901e-02,2.056867e-02,6.428411e-03,5.586275e-03,7.479677e-02,1.905279e-02
2.294106e-01,4.228431e-03,4.890701e-03,6.493995e-03,1.451740e-03,4.083427e-01,1.094877e-03,5.391537e-03,8.649930e-02,2.185179e-02,2.386354e-02,4.997880e-03,5.071920e-03,1.466029e-01,4.980803e-02
1.608235e-01,3.034726e-03,3.428627e-03,4.561704e-03,1.099521e-03,3.111123e-01,8.216108e-04,3.793642e-03,1.499235e-01,5.884973e-02,1.824000e-02,3.628498e-03,4.131195e-03,2.211434e-01,5.540808e-02
1.129145e-01,2.203729e-03,2.436678e-03,3.358288e-03,9.108370e-04,2.193721e-01,5.946822e-04,2.660659e-03,3.592265e-01,4.658862e-02,1.300977e-02,2.612174e-03,3.017474e-03,1.573140e-01,7.377991e-02
8.689643e-02,1.968601e-03,1.786557e-03,2.518756e-03,1.476349e-03,1.591899e-01,5.041552e-04,1.913570e-03,3.821309e-01,5.124930e-02,1.002156e-02,2.103834e-03,2.847302e-03,1.913414e-01,1.040514e-01
7.318179e-02,1.501168e-03,1.263616e-03,1.882632e-03,1.489774e-03,1.127594e-01,4.796340e-04,1.385269e-03,4.633858e-01,6.864904e-02,9.042071e-03,2.053942e-03,2.665897e-03,1.626078e-01,9.765215e-02
5.686732e-02,1.124982e-03,8.973830e-04,1.325990e-03,1.479264e-03,7.937640e-02,3.702199e-04,9.762432e-04,3.673630e-01,5.754403e-02,7.701355e-03,1.859592e-03,2.694040e-03,3.254859e-01,9.493427e-02
4.934712e-02,8.727711e-04,6.483286e-04,9.744422e-04,1.327510e-03,5.641663e-02,3.113798e-04,7.083936e-04,3.272831e-01,5.457471e-02,6.502368e-03,1.891359e-03,2.953858e-03,3.936836e-01,1.025044e-01
4.247284e-02,7.888626e-04,5.520541e-04,8.104727e-04,1.238370e-03,4.131704e-02,3.132498e-04,5.372142e-04,3.545607e-01,9.350241e-02,7.997449e-03,4.042229e-03,5.334434e-03,3.414704e-01,1.050623e-01
3.416045e-02,9.924752e-04,7.073993e-04,6.321566e-04,1.170898e-03,2.976665e-02,3.826169e-04,4.820118e-04,3.506314e-01,1.058817e-01,8.605608e-03,3.650028e-03,5.096346e-03,3.453296e-01,1.125107e-01
2.481255e-02,1.069950e-03,2.167621e-03,6.843808e-04,1.171222e-03,2.129605e-02,3.439990e-04,4.350293e-04,3.429369e-01,1.451066e-01,9.548115e-03,3.804229e-03,8.697725e-03,3.535215e-01,8.440407e-02
1.778739e-02,1.297496e-03,4.670485e-03,5.627555e-04,1.273091e-03,1.505796e-02,2.750538e-04,4.301632e-04,2.934930e-01,2.585166e-01,7.625909e-03,2.865340e-03,6.584561e-03,3.268296e-01,6.273051e-02
1.359618e-02,3.185282e-03,6.904379e-03,4.362052e-04,1.366896e-03,1.075845e-02,2.466599e-04,4.445005e-04,2.752524e-01,2.765911e-01,6.612353e-03,2.237291e-03,4.771115e-03,3.400741e-01,5.752316e-02
1.262277e-02,1.259320e-02,1.036145e-02,6.823831e-04,5.404811e-03,8.654856e-03,2.030677e-04,7.333095e-04,2.798720e-01,3.262355e-01,5.854730e-03,1.791452e-03,3.835629e-03,2.724785e-01,5.867643e-02
1.244601e-02,8.484036e-02,9.695917e-03,8.406013e-04,7.992565e-03,8.187792e-03,2.007936e-04,1.104480e-03,3.031854e-01,2.871229e-01,5.445514e-03,1.331926e-03,3.118504e-03,2.185123e-01,5.597483e-02
1.567442e-02,1.188587e-01,1.142162e-02,2.269047e-03,2.189545e-02,1.042664e-02,1.735977e-04,1.622232e-03,3.597970e-01,2.171072e-01,4.862826e-03,9.747639e-04,2.409762e-03,1.659051e-01,6.660162e-02
1.189778e-02,1.267483e-01,8.674046e-03,1.081201e-02,1.610139e-02,7.769227e-03,1.273209e-04,1.186862e-03,3.755781e-01,1.636044e-01,3.794920e-03,7.174596e-04,2.139887e-03,1.168962e-01,1.539521e-01
8.712626e-03,1.104735e-01,7.848102e-03,1.793954e-02,1.181722e-02,5.735034e-03,9.420740e-05,8.879497e-04,4.016273e-01,1.317487e-01,2.955839e-03,5.402550e-04,1.684120e-03,8.214364e-02,2.157919e-01
1.126329e-02,1.594682e-01,7.430784e-03,2.323591e-02,2.007566e-02,9.464808e-03,1.302010e-04,1.886634e-03,3.912482e-01,1.034212e-01,3.277536e-03,4.592076e-04,1.665315e-03,6.047687e-02,2.064962e-01
1.915562e-02,1.975622e-01,6.380482e-03,1.818975e-02,2.707714e-02,2.819377e-02,1.617013e-04,8.568204e-03,3.956133e-01,7.432818e-02,3.106467e-03,3.696673e-04,1.586381e-03,4.843024e-02,1.712769e-01
2.175095e-02,1.663119e-01,6.908805e-03,1.880907e-02,3.953921e-02,5.397859e-02,3.372790e-04,1.078110e-01,3.296295e-01,5.433577e-02,2.615759e-03,2.963533e-04,1.385850e-03,3.714061e-02,1.591494e-01
2.065259e-02,1.241673e-01,1.712809e-02,1.688370e-02,3.621170e-02,5.228554e-02,5.374881e-04,2.512927e-01,2.689064e-01,4.088334e-02,2.007533e-03,2.180325e-04,1.138200e-03,2.731118e-02,1.403763e-01
1.651593e-02,8.898203e-02,1.331059e-02,1.204247e-02,2.844332e-02,3.959598e-02,5.118014e-04,4.590616e-01,1.924491e-01,2.866145e-02,1.449658e-03,1.561153e-04,8.153887e-04,1.948890e-02,9.851576e-02
1.636721e-02,6.306857e-02,9.976421e-03,8.607434e-03,2.227425e-02,2.805052e-02,4.494812e-04,6.108512e-01,1.354294e-01,2.009915e-02,1.149860e-03,1.310329e-04,6.605600e-04,1.375910e-02,6.912585e-02
3.436803e-02,4.621573e-02,7.839626e-03,7.250011e-03,2.082001e-02,2.085680e-02,7.676138e-04,6.874422e-01,9.820704e-02,1.415682e-02,1.277927e-03,3.699628e-04,1.072895e-03,1.022075e-02,4.913459e-02
3.810705e-02,3.294598e-02,5.808281e-03,5.899187e-03,1.898392e-02,1.612364e-02,8.878461e-04,7.556345e-01,6.982994e-02,1.011986e-02,1.233832e-03,4.294179e-04,9.926453e-04,8.295999e-03,3.470795e-02
4.669079e-02,2.340870e-02,4.283310e-03,5.449384e-03,1.557629e-02,1.252493e-02,8.214161e-04,7.987788e-01,5.073075e-02,7.146690e-03,1.780132e-03,9.197225e-04,1.233085e-03,6.028809e-03,2.462726e-02
8.967504e-02,1.817546e-02,3.548885e-03,1.234319e-02,1.279208e-02,1.087609e-02,8.580707e-04,7.343156e-01,5.738284e-02,6.018959e-03,1.164183e-02,7.174998e-03,1.025378e-02,4.685943e-03,2.025722e-02
8.223703e-02,1.450648e-02,9.101658e-03,2.039944e-01,1.070060e-02,8.672598e-03,6.997786e-04,5.426693e-01,6.030741e-02,6.749351e-03,2.038965e-02,6.461932e-03,1.380534e-02,3.405810e-03,1.629860e-02
1.102400e-01,1.173496e-02,1.045843e-02,1.933975e-01,1.172470e-02,9.898379e-03,9.883540e-04,4.595556e-01,5.912824e-02,6.748755e-03,6.407462e-02,1.033670e-02,3.056961e-02,2.865691e-03,1.827842e-02
1.213797e-01,9.572541e-03,1.440844e-02,2.315106e-01,1.254607e-02,1.095413e-02,1.627608e-03,3.699570e-01,6.952599e-02,6.494126e-03,7.373266e-02,2.122471e-02,3.990969e-02,2.502864e-03,1.465382e-02
1.211757e-01,8.377056e-03,2.535573e-02,1.976260e-01,1.271150e-02,1.992570e-02,2.366227e-03,2.806054e-01,8.131982e-02,6.581285e-03,9.791358e-02,3.131818e-02,9.953643e-02,2.382227e-03,1.280516e-02
1.100071e-01,7.047839e-03,2.083686e-02,1.426883e-01,1.252314e-02,1.607347e-02,2.274288e-03,2.365152e-01,8.018311e-02,5.073205e-03,1.427618e-01,3.386849e-02,1.774728e-01,2.375586e-03,1.029880e-02
9.242625e-02,5.354713e-03,1.555859e-02,1.021034e-01,1.478999e-02,1.246064e-02,2.278000e-03,1.951513e-01,1.060223e-01,3.692848e-03,1.844444e-01,4.663543e-02,2.081425e-01,2.148801e-03,8.790842e-03
1.008966e-01,4.641083e-03,1.133807e-02,7.417110e-02,1.456515e-02,1.407318e-02,2.411385e-03,1.872493e-01,1.333089e-01,2.808694e-03,1.664481e-01,5.155923e-02,2.262704e-01,2.337760e-03,7.921088e-03
1.223387e-01,7.993231e-03,1.181628e-02,6.215232e-02,2.501683e-02,1.282804e-02,3.696889e-03,2.164312e-01,1.758542e-01,2.966553e-03,1.245872e-01,4.414106e-02,1.804558e-01,2.154899e-03,7.567018e-03
1.317320e-01,1.544283e-02,1.414337e-02,6.406772e-02,3.924859e-02,1.361148e-02,3.765730e-03,2.025580e-01,2.268383e-01,3.950269e-03,9.358900e-02,3.951311e-02,1.410632e-01,1.864827e-03,8.611521e-03
1.570896e-01,1.342406e-02,1.177192e-02,4.923793e-02,4.359078e-02,1.323402e-02,4.292981e-03,2.434129e-01,2.241513e-01,3.513567e-03,7.487401e-02,3.544948e-02,1.154424e-01,1.953400e-03,8.561694e-03
2.049344e-01,1.096879e-02,1.100408e-02,3.935965e-02,4.708152e-02,1.352292e-02,4.736041e-03,2.831215e-01,1.842147e-01,3.368380e-03,6.111359e-02,3.408112e-02,9.103715e-02,2.504598e-03,8.951547e-03
2.628820e-01,9.637537e-03,9.746158e-03,3.078368e-02,4.969850e-02,2.090634e-02,4.858895e-03,2.998837e-01,1.454319e-01,2.707919e-03,4.625181e-02,3.352403e-02,7.018761e-02,2.688388e-03,1.081163e-02
3.200381e-01,1.300632e-02,8.565539e-03,3.532730e-02,6.499353e-02,2.643954e-02,5.979355e-03,2.723141e-01,1.162244e-01,2.494492e-03,3.480692e-02,2.850355e-02,5.200355e-02,3.585538e-03,1.571778e-02
3.070340e-01,1.711710e-02,8.502512e-03,3.787500e-02,5.661826e-02,2.576881e-02,5.948476e-03,3.257128e-01,9.473710e-02,2.421798e-03,2.623338e-02,2.413348e-02,3.883465e-02,3.195710e-03,2.586684e-02
2.920985e-01,2.300868e-02,7.940729e-03,4.255695e-02,4.962569e-02,2.284351e-02,5.215650e-03,3.617393e-01,7.569408e-02,2.770287e-03,2.134716e-02,2.384294e-02,3.103776e-02,3.233454e-03,3.704519e-02
2.308537e-01,2.043727e-02,7.420208e-03,3.880530e-02,4.026944e-02,1.802503e-02,4.137706e-03,4.821846e-01,6.188326e-02,2.710572e-03,1.614957e-02,1.859329e-02,2.327571e-02,2.785753e-03,3.246862e-02
1.827892e-01,1.680398e-02,7.575898e-03,3.282424e-02,3.764262e-02,1.449369e-02,3.385300e-03,5.741858e-01,5.754566e-02,2.239572e-03,1.213487e-02,1.381391e-02,1.737392e-02,2.254204e-03,2.493709e-02
1.940330e-01,1.384914e-02,1.175733e-02,2.613243e-02,3.182968e-02,1.383686e-02,3.429699e-03,5.999292e-01,4.859986e-02,1.864521e-03,9.233450e-03,1.096566e-02,1.329027e-02,2.131515e-03,1.911739e-02
2.114201e-01,1.311933e-02,1.123496e-02,2.162449e-02,2.378535e-02,1.544140e-02,3.010498e-03,6.092327e-01,4.037546e-02,2.233599e-03,8.145680e-03,1.022146e-02,1.172590e-02,2.246295e-03,1.618281e-02
2.199510e-01,1.025256e-02,8.528609e-03,1.805601e-02,1.735940e-02,1.454521e-02,2.273322e-03,5.954883e-01,3.200661e-02,2.236014e-03,1.769217e-02,1.539408e-02,3.168912e-02,2.113836e-03,1.241382e-02
1.929612e-01,8.677298e-03,7.085584e-03,1.490199e-02,1.253655e-02,1.219525e-02,1.685680e-03,4.584299e-01,2.449674e-02,5.211993e-03,9.201907e-02,3.182312e-02,1.237776e-01,3.193490e-03,1.100459e-02
2.288235e-01,7.824711e-03,6.017342e-03,1.245862e-02,9.500557e-03,1.337103e-02,1.640646e-03,3.471162e-01,2.237900e-02,4.906641e-03,8.991133e-02,3.209874e-02,2.115777e-01,3.142990e-03,9.230929e-03
1.969966e-01,6.889560e-03,9.861030e-03,1.272233e-02,7.351405e-03,1.243073e-02,1.871325e-03,2.507386e-01,2.197791e-02,4.405036e-03,8.186932e-02,3.175145e-02,3.497996e-01,2.523238e-03,8.811877e-03
1.580899e-01,5.147207e-03,1.534517e-02,9.709760e-03,6.172426e-03,1.303536e-02,1.935149e-03,1.849116e-01,1.992507e-02,3.571416e-03,8.219271e-02,2.607606e-02,4.636636e-01,2.055290e-03,8.169254e-03
1.442256e-01,3.918902e-03,1.326431e-02,7.322446e-03,5.619195e-03,1.090715e-02,1.902457e-03,1.404999e-01,2.090374e-02,3.109250e-03,8.842470e-02,2.654714e-02,5.222616e-01,1.986814e-03,9.106711e-03
1.103706e-01,3.114457e-03,1.070615e-02,6.376600e-03,2.397167e-02,8.650065e-03,2.466028e-03,1.045874e-01,3.023596e-02,3.718371e-03,9.152661e-02,3.244504e-02,5.503814e-01,3.447901e-03,1.800169e-02
1.072299e-01,3.309123e-03,9.040562e-03,5.572766e-03,2.590669e-02,9.545892e-03,5.074035e-03,9.553978e-02,3.257369e-02,3.635115e-03,8.227616e-02,6.896029e-02,5.171763e-01,5.543489e-03,2.861615e-02
8.873043e-02,6.239572e-03,1.097117e-02,3.541032e-02,2.019465e-02,9.052183e-03,3.950184e-03,7.345809e-02,2.167278e-01,4.021100e-03,6.168411e-02,5.280508e-02,3.904076e-01,4.317961e-03,2.202970e-02
8.915234e-02,6.717878e-03,9.523201e-03,2.780554e-02,1.953421e-02,1.155306e-02,3.808834e-03,5.971108e-02,1.839347e-01,4.879887e-03,6.648865e-02,5.649720e-02,4.269708e-01,7.613592e-03,2.580899e-02
8.311640e-02,7.211567e-03,1.180890e-02,3.896125e-02,1.787982e-02,1.081244e-02,3.537632e-03,4.768303e-02,1.968718e-01,6.634680e-03,7.082697e-02,5.876357e-02,4.138248e-01,8.388412e-03,2.367873e-02
6.266823e-02,6.107556e-03,1.080414e-02,2.998508e-02,1.135683e-01,1.061102e-02,5.321369e-03,3.644553e-02,2.418646e-01,5.104278e-03,6.961098e-02,5.866499e-02,3.182496e-01,8.935937e-03,2.205831e-02
5.313960e-02,5.150939e-03,8.108372e-03,2.152011e-02,1.226367e-01,9.047173e-03,5.637853e-03,2.826109e-02,3.761944e-01,3.803693e-03,5.444198e-02,4.746471e-02,2.338104e-01,8.177394e-03,2.260558e-02
5.808379e-02,5.956922e-03,6.168308e-03,2.246083e-02,9.245779e-02,1.854204e-02,4.351838e-03,2.402002e-02,4.872872e-01,2.907230e-03,4.164757e-02,3.749519e-02,1.735851e-01,6.433687e-03,1.860246e-02
4.443588e-02,6.511646e-03,4.726501e-03,2.555052e-02,7.761819e-02,3.617276e-02,3.679040e-03,1.806907e-02,5.820976e-01,2.235834e-03,2.979562e-02,2.664659e-02,1.235572e-01,4.623584e-03,1.427989e-02
3.556175e-02,8.006211e-03,6.621826e-03,1.246177e-01,6.488434e-02,4.768844e-02,2.954462e-03,1.682830e-02,5.383714e-01,2.826629e-03,2.348094e-02,1.978789e-02,9.025782e-02,3.452123e-03,1.466021e-02
4.624148e-02,9.610152e-03,8.979759e-03,9.246723e-02,8.127680e-02,5.140479e-02,3.966849e-03,1.278073e-02,5.670215e-01,2.883988e-03,2.141874e-02,1.568874e-02,6.754292e-02,2.711270e-03,1.600513e-02
6.819811e-02,1.202253e-02,8.515938e-03,7.018127e-02,8.713423e-02,7.161832e-02,4.615011e-03,9.833204e-03,5.528448e-01,2.999741e-03,1.757448e-02,1.263618e-02,5.059166e-02,2.270438e-03,2.896415e-02
1.076843e-01,1.813928e-02,7.484852e-03,6.218368e-02,7.730770e-02,7.947887e-02,4.582344e-03,8.965510e-03,5.008411e-01,3.560335e-03,1.543097e-02,1.241709e-02,3.786109e-02,2.754750e-03,6.130829e-02
1.187260e-01,2.071736e-02,7.277606e-03,6.911657e-02,1.012062e-01,1.383376e-01,9.080226e-03,1.320773e-02,4.061982e-01,3.945752e-03,1.209639e-02,9.342726e-03,2.782251e-02,2.267847e-03,6.065736e-02
1.393822e-01,2.348144e-02,1.238130e-02,1.029208e-01,1.009930e-01,1.702257e-01,1.198821e-02,1.627596e-02,3.153950e-01,5.118397e-03,9.283344e-03,7.082141e-03,2.109816e-02,1.842639e-03,6.253161e-02
1.596169e-01,2.706734e-02,1.122625e-02,1.011135e-01,1.389071e-01,1.715844e-01,1.392563e-02,1.920950e-02,2.731738e-01,4.282838e-03,7.378093e-03,5.391298e-03,1.570709e-02,1.606789e-03,4.980937e-02
1.668631e-01,2.748704e-02,1.044917e-02,9.455598e-02,1.447308e-01,2.123748e-01,1.303752e-02,1.520653e-02,2.466981e-01,3.245419e-03,6.077526e-03,4.219780e-03,1.194280e-02,1.348285e-03,4.176316e-02
1.488320e-01,3.175282e-02,1.110374e-02,1.105167e-01,1.581556e-01,2.569642e-01,1.094118e-02,1.579570e-02,1.961359e-01,3.620719e-03,6.063959e-03,5.393759e-03,1.058443e-02,1.336960e-03,3.280233e-02
1.074563e-01,3.116321e-02,8.899249e-03,1.237749e-01,1.268084e-01,3.542066e-01,8.100589e-03,1.191618e-02,1.483653e-01,1.519304e-02,1.994553e-02,5.816923e-03,8.660119e-03,1.760596e-03,2.793308e-02
1.047775e-01,2.695389e-02,7.095330e-03,1.405880e-01,1.043494e-01,2.787747e-01,6.420896e-03,1.111832e-02,2.097237e-01,2.994202e-02,2.701865e-02,1.774405e-02,8.558574e-03,2.178207e-03,2.475671e-02
1.934475e-01,2.175261e-02,5.839973e-03,1.311871e-01,9.062317e-02,2.138728e-01,6.293824e-03,1.202860e-02,1.551812e-01,2.205097e-02,3.840869e-02,7.520971e-02,9.645072e-03,3.410196e-03,2.104865e-02
2.252461e-01,1.645772e-02,4.330203e-03,1.059669e-01,6.671044e-02,1.573577e-01,5.396244e-03,1.025181e-02,1.118227e-01,1.621152e-02,4.564984e-02,1.995423e-01,1.155974e-02,6.423406e-03,1.707341e-02
1.845815e-01,1.284985e-02,3.304201e-03,7.928306e-02,5.852069e-02,1.118231e-01,4.048179e-03,8.008072e-03,8.332010e-02,1.157789e-02,6.733125e-02,3.434482e-01,1.078827e-02,8.275852e-03,1.283981e-02
1.587875e-01,9.238054e-03,2.517935e-03,5.970840e-02,5.880818e-02,7.949261e-02,3.016115e-03,6.727946e-03,5.991814e-02,1.111928e-02,9.044674e-02,4.283371e-01,8.753162e-03,1.377735e-02,9.351517e-03
1.478771e-01,7.217041e-03,2.044372e-03,4.453947e-02,1.444404e-01,5.716854e-02,2.166950e-03,5.607951e-03,4.605638e-02,1.004465e-02,7.884747e-02,4.258598e-01,8.317120e-03,1.286050e-02,6.952252e-03
1.238983e-01,5.139583e-03,1.520074e-03,3.194915e-02,1.213604e-01,4.289350e-02,1.714095e-03,5.082774e-03,3.434395e-02,8.332893e-03,6.721549e-02,5.325476e-01,7.576215e-03,1.150411e-02,4.921936e-03
1.244122e-01,3.849248e-03,1.194733e-03,2.426272e-02,1.176115e-01,3.500352e-02,1.417420e-03,4.499864e-03,2.561623e-02,9.940472e-03,6.303199e-02,5.693129e-01,7.044245e-03,9.200240e-03,3.602827e-03
1.021946e-01,2.951322e-03,1.036106e-03,1.787079e-02,1.475023e-01,2.559584e-02,1.186293e-03,5.838957e-03,2.028283e-02,7.726907e-03,5.431028e-02,5.975882e-01,6.628872e-03,6.723454e-03,2.563274e-03
9.102567e-02,3.764966e-03,9.937281e-04,1.271959e-02,1.185363e-01,2.096746e-02,9.809532e-04,5.248007e-03,1.842980e-02,7.646752e-03,4.683433e-02,6.579719e-01,7.588503e-03,5.359341e-03,1.932743e-03
9.384099e-02,6.000487e-03,1.008015e-03,9.110380e-03,9.588275e-02,1.700636e-02,8.004445e-04,4.214788e-03,1.676035e-02,1.124138e-02,4.893427e-02,6.799377e-01,8.492705e-03,4.867447e-03,1.901974e-03
7.472794e-02,6.929361e-03,1.868538e-03,7.318200e-03,1.000948e-01,1.321090e-02,6.657919e-04,4.564954e-03,1.768966e-02,1.153821e-02,4.207168e-02,7.056109e-01,7.479009e-03,4.114951e-03,2.115206e-03
5.946977e-02,8.121077e-03,4.283917e-03,6.300245e-03,1.018578e-01,1.048131e-02,5.594749e-04,6.070815e-03,2.068802e-02,1.204927e-02,3.769386e-02,7.191172e-01,6.862512e-03,3.565292e-03,2.879531e-03
1.202180e-01,1.305556e-02,1.220196e-02,9.625452e-03,7.819237e-02,1.274024e-02,1.048097e-03,3.625280e-02,2.366537e-02,1.261842e-02,3.168863e-02,6.318951e-01,6.059714e-03,3.218682e-03,7.519636e-03
2.051429e-01,2.333665e-02,3.152635e-02,1.048309e-02,5.807208e-02,1.926767e-02,2.189715e-03,4.503904e-02,2.195542e-02,1.389093e-02,2.780533e-02,5.180672e-01,5.391292e-03,3.150351e-03,1.468210e-02
2.289724e-01,3.270314e-02,5.438672e-02,9.512499e-03,4.462495e-02,2.325305e-02,2.774629e-03,5.029265e-02,3.227921e-02,1.954059e-02,3.483683e-02,4.385666e-01,5.474128e-03,3.930598e-03,1.885211e-02
2.480307e-01,2.976076e-02,6.596649e-02,8.821622e-03,3.851742e-02,2.037181e-02,2.104503e-03,3.933182e-02,3.598815e-02,2.796200e-02,8.925200e-02,3.175256e-01,5.499753e-03,1.249666e-02,5.837077e-02
2.277098e-01,2.383397e-02,1.555868e-01,2.089379e-02,3.530215e-02,2.114716e-02,1.734032e-03,3.983256e-02,3.781313e-02,2.642808e-02,1.055181e-01,2.429249e-01,5.488339e-03,1.007380e-02,4.571341e-02
1.740693e-01,1.923527e-02,3.360100e-01,1.880773e-02,2.709214e-02,1.552937e-02,1.271655e-03,2.948285e-02,3.208479e-02,2.398596e-02,7.802511e-02,1.708033e-01,4.200679e-03,7.624936e-03,6.177700e-02
1.312642e-01,1.534788e-02,4.638571e-01,4.074858e-02,2.386090e-02,1.186556e-02,9.785544e-04,2.210111e-02,2.519811e-02,2.141991e-02,5.686807e-02,1.201883e-01,3.257795e-03,5.716292e-03,5.732762e-02
1.271992e-01,1.248165e-02,5.077708e-01,4.447801e-02,2.968549e-02,1.412012e-02,8.160107e-04,1.618850e-02,2.137702e-02,3.106433e-02,4.482153e-02,8.800086e-02,3.553628e-03,5.630616e-03,5.281215e-02
1.362767e-01,1.160849e-02,4.892674e-01,9.221267e-02,3.688996e-02,2.144393e-02,9.297075e-04,1.461417e-02,1.872414e-02,2.848222e-02,3.524681e-02,6.302469e-02,3.215302e-03,6.385791e-03,4.167797e-02
1.217330e-01,1.416534e-02,4.727185e-01,1.213673e-01,4.391059e-02,2.618835e-02,9.813372e-04,1.240866e-02,2.873733e-02,2.763732e-02,2.741390e-02,4.485934e-02,6.706184e-03,6.144780e-03,4.502800e-02
1.081660e-01,1.100633e-02,4.969305e-01,1.620670e-01,3.783264e-02,2.362893e-02,8.032480e-04,9.983323e-03,2.875240e-02,2.307811e-02,2.027020e-02,3.176860e-02,5.079975e-03,7.435183e-03,3.319756e-02
9.042855e-02,8.827026e-03,5.367742e-01,1.958294e-01,2.985134e-02,1.770117e-02,9.107006e-04,9.142911e-03,2.289792e-02,1.657456e-02,1.463748e-02,2.245600e-02,3.764067e-03,5.695254e-03,2.450947e-02
7.491476e-02,8.630848e-03,5.637552e-01,1.456740e-01,2.230098e-02,1.517484e-02,7.786236e-04,6.920957e-03,7.478735e-02,1.384595e-02,1.291822e-02,1.618489e-02,3.467742e-03,8.712338e-03,3.193339e-02
5.532396e-02,3.654155e-02,4.272012e-01,1.035205e-01,1.766718e-02,3.943328e-02,5.878285e-04,4.982168e-03,8.733396e-02,1.564766e-02,6.787175e-02,1.299457e-02,5.194008e-03,8.066266e-02,4.503770e-02
3.938753e-02,5.773491e-02,3.066508e-01,7.781544e-02,1.296660e-02,3.130105e-02,4.503593e-04,3.513172e-03,9.707485e-02,1.893714e-02,6.553574e-02,1.128890e-02,5.294931e-03,1.479941e-01,1.240545e-01
2.919573e-02,6.469224e-02,2.290942e-01,8.189587e-02,9.800605e-03,2.321107e-02,3.455257e-04,2.495669e-03,9.881578e-02,2.582310e-02,6.495871e-02,9.593762e-03,5.127009e-03,1.365456e-01,2.184052e-01
2.131595e-02,5.274750e-02,1.626606e-01,7.637092e-02,7.321686e-03,1.747629e-02,2.751680e-04,1.813685e-03,8.417971e-02,2.186422e-02,2.546491e-01,1.646688e-02,4.519822e-03,1.222534e-01,1.560850e-01
1.578846e-02,4.802891e-02,1.151216e-01,6.382500e-02,5.655916e-03,1.400378e-02,2.498225e-04,1.314693e-03,8.552948e-02,2.303844e-02,2.803514e-01,2.097141e-02,3.757729e-03,2.086344e-01,1.137290e-01
1.251496e-02,3.795011e-02,8.126342e-02,4.753640e-02,4.312321e-03,1.028059e-02,2.118485e-04,1.083891e-03,8.353028e-02,2.001192e-02,3.770097e-01,4.931452e-02,4.634284e-03,1.899546e-01,8.039109e-02
9.038549e-03,2.775936e-02,5.699864e-02,3.476012e-02,3.319614e-03,7.489545e-03,1.717168e-04,8.225110e-04,7.463829e-02,1.807214e-02,4.803293e-01,6.682276e-02,3.890977e-03,1.591545e-01,5.673205e-02
6.410082e-03,1.966767e-02,3.990762e-02,2.446949e-02,2.543983e-03,5.334093e-03,1.388005e-04,6.122643e-04,5.802476e-02,1.307936e-02,6.101356e-01,6.393795e-02,3.130370e-03,1.128362e-01,3.977176e-02
4.714764e-03,1.647220e-02,2.798245e-02,1.719459e-02,2.282277e-03,3.963464e-03,1.506627e-04,4.939583e-04,5.185807e-02,9.732630e-03,6.941801e-01,6.052028e-02,2.727772e-03,7.962631e-02,2.810050e-02
3.598302e-03,2.970993e-02,2.002274e-02,1.213399e-02,4.888943e-03,3.164643e-03,5.057147e-04,6.282165e-04,7.834041e-02,8.249821e-03,6.996526e-01,5.943042e-02,2.610034e-03,5.640779e-02,2.065645e-02
9.385997e-03,3.469374e-02,1.690789e-02,9.235352e-03,1.850670e-02,1.201903e-02,3.448720e-03,2.496025e-02,8.783513e-02,6.536679e-03,6.690379e-01,4.921394e-02,3.092844e-03,3.980020e-02,1.532567e-02
8.632712e-03,5.037665e-02,1.277212e-02,6.712376e-03,1.550318e-02,1.407348e-02,3.773218e-03,1.877678e-02,7.934181e-02,5.050451e-03,7.002755e-01,4.196710e-02,2.740224e-03,2.809664e-02,1.190785e-02
8.511794e-03,8.638251e-02,9.323598e-03,4.786488e-03,1.169457e-02,1.169246e-02,3.088792e-03,1.336559e-02,8.034163e-02,4.336346e-03,6.987413e-01,3.518945e-02,2.972552e-03,2.007518e-02,9.497805e-03
7.466012e-03,1.746954e-01,7.225107e-03,3.415702e-03,1.101172e-02,8.704356e-03,2.433212e-03,1.400791e-02,1.533817e-01,3.978284e-03,5.627241e-01,2.609435e-02,2.930228e-03,1.505372e-02,6.878357e-03
6.876796e-03,2.033550e-01,7.669253e-03,4.152043e-03,1.682988e-02,7.049827e-03,2.005682e-03,2.928422e-02,2.504254e-01,4.246340e-03,4.270654e-01,2.112429e-02,3.203575e-03,1.136748e-02,5.344977e-03
9.739742e-03,1.747786e-01,3.077948e-02,1.543374e-02,3.707976e-02,5.719647e-03,2.412656e-03,4.669951e-02,3.383861e-01,4.002377e-03,3.036975e-01,1.558597e-02,2.666004e-03,8.531773e-03,4.487267e-03
1.347877e-02,1.414004e-01,3.613443e-02,2.014660e-02,4.726658e-02,6.457583e-03,2.982793e-03,5.413802e-02,4.053642e-01,5.060872e-03,2.410031e-01,1.314686e-02,2.648476e-03,7.084082e-03,3.687290e-03
2.917490e-02,1.298243e-01,4.017216e-02,2.092991e-02,6.455402e-02,6.161375e-03,4.350298e-03,5.302095e-02,4.336976e-01,6.420601e-03,1.843101e-01,1.123698e-02,3.673743e-03,8.307283e-03,4.165874e-03
3.333296e-02,1.737640e-01,3.536642e-02,2.194633e-02,6.711189e-02,5.807178e-03,4.548381e-03,9.192456e-02,3.986167e-01,5.670247e-03,1.346741e-01,8.816419e-03,4.149229e-03,1.031821e-02,3.953413e-03
4.332141e-02,2.009395e-01,3.669666e-02,2.514195e-02,6.676281e-02,1.128507e-02,4.596582e-03,9.955482e-02,3.767338e-01,4.905266e-03,1.007749e-01,8.381091e-03,5.433442e-03,1.097724e-02,4.495420e-03
4.912124e-02,1.643901e-01,2.714398e-02,2.181163e-02,1.052674e-01,1.151282e-02,3.520235e-03,9.782849e-02,4.155053e-01,4.390097e-03,7.310732e-02,6.964321e-03,5.656009e-03,9.654608e-03,4.126432e-03
5.979994e-02,1.295818e-01,1.985713e-02,2.573909e-02,1.201765e-01,1.241208e-02,3.814543e-03,1.089469e-01,4.282874e-01,4.477375e-03,5.378535e-02,6.429914e-03,1.060194e-02,7.466491e-03,8.623617e-03
1.008369e-01,9.392846e-02,1.463078e-02,5.130100e-02,1.607454e-01,1.635659e-02,3.737100e-03,9.626713e-02,3.819746e-01,3.471417e-03,4.124501e-02,7.387173e-03,1.276210e-02,5.820700e-03,9.535599e-03
2.034890e-01,6.824186e-02,1.078341e-02,4.323253e-02,1.452016e-01,1.784032e-02,3.874440e-03,7.996342e-02,3.522901e-01,3.608737e-03,3.603473e-02,7.636241e-03,1.469330e-02,4.777983e-03,8.332318e-03
2.651379e-01,5.095975e-02,8.298474e-03,3.451280e-02,1.201305e-01,1.999956e-02,3.632004e-03,7.780543e-02,3.508437e-01,2.965674e-03,3.089447e-02,7.734108e-03,1.627426e-02,3.795897e-03,7.015478e-03
4.036254e-01,3.901663e-02,7.036560e-03,2.590288e-02,9.919296e-02,1.978500e-02,3.762571e-03,6.236219e-02,2.782702e-01,2.644305e-03,2.326230e-02,9.276101e-03,1.603191e-02,3.086396e-03,6.744626e-03
4.945796e-01,3.116514e-02,5.687208e-03,1.986877e-02,7.912506e-02,1.954284e-02,3.610800e-03,4.954658e-02,2.387685e-01,2.186352e-03,1.763133e-02,1.102520e-02,1.747309e-02,2.652920e-03,7.136676e-03
1.000000e+00,0.000000e+00,0.000000e+00,0.000000e+00,0.000000e+00,0.000000e+00,0.000000e+00,0.000000e+00,0.000000e+00,0.000000e+00,0.000000e+00,0.000000e+00,0.000000e+00,0.000000e+00,0.000000e+00
4.739050e-01,1.958732e-02,1.619097e-02,3.930229e-02,5.049410e-02,1.394315e-02,3.811539e-03,4.651089e-02,2.831103e-01,2.666254e-03,1.201519e-02,1.271174e-02,1.481088e-02,2.553364e-03,8.387038e-03
1.000000e+00,0.000000e+00,0.000000e+00,0.000000e+00,0.000000e+00,0.000000e+00,0.000000e+00,0.000000e+00,0.000000e+00,0.000000e+00,0.000000e+00,0.000000e+00,0.000000e+00,0.000000e+00,0.000000e+00
4.007274e-01,1.505740e-02,2.047397e-02,4.627230e-02,2.992876e-02,1.497486e-02,3.694535e-03,3.988654e-02,3.576919e-01,3.732266e-03,1.220180e-02,1.648251e-02,2.139686e-02,4.366495e-03,1.311238e-02
4.092621e-01,1.481675e-02,1.786462e-02,4.487532e-02,2.832189e-02,1.357039e-02,3.314079e-03,3.040645e-02,3.359047e-01,3.831234e-03,1.510645e-02,1.471632e-02,3.557565e-02,5.837086e-03,2.659690e-02
3.955160e-01,1.419586e-02,2.566449e-02,4.992148e-02,2.709615e-02,1.136871e-02,2.804160e-03,2.410811e-02,3.227688e-01,4.013590e-03,1.615248e-02,1.481835e-02,5.047352e-02,6.425948e-03,3.467230e-02
1.000000e+00,0.000000e+00,0.000000e+00,0.000000e+00,0.000000e+00,0.000000e+00,0.000000e+00,0.000000e+00,0.000000e+00,0.000000e+00,0.000000e+00,0.000000e+00,0.000000e+00,0.000000e+00,0.000000e+00
1.000000e+00,0.000000e+00,0.000000e+00,0.000000e+00,0.000000e+00,0.000000e+00,0.000000e+00,0.000000e+00,0.000000e+00,0.000000e+00,0.000000e+00,0.000000e+00,0.000000e+00,0.000000e+00,0.000000e+00
1.000000e+00,0.000000e+00,0.000000e+00,0.000000e+00,0.000000e+00,0.000000e+00,0.000000e+00,0.000000e+00,0.000000e+00,0.000000e+00,0.000000e+00,0.000000e+00,0.000000e+00,0.000000e+00,0.000000e+00
4.422335e-01,1.314987e-02,1.913041e-02,1.715259e-02,2.302487e-02,1.213206e-02,2.649474e-03,1.094470e-02,9.212707e-02,2.494334e-03,2.247471e-02,1.023020e-02,6.645700e-02,1.615902e-02,2.496402e-01
4.225862e-01,1.770359e-02,3.240635e-02,1.376948e-02,2.045553e-02,1.184103e-02,5.693011e-03,3.341386e-02,6.899067e-02,2.655401e-03,2.203971e-02,1.169856e-02,9.600536e-02,1.507702e-02,2.256643e-01
3.668588e-01,1.965692e-02,1.737014e-01,2.210359e-02,2.598214e-02,1.329312e-02,9.503654e-03,2.822482e-02,5.302062e-02,3.484636e-03,1.722875e-02,1.158502e-02,7.276053e-02,1.215610e-02,1.704399e-01
3.750384e-01,3.292584e-02,1.838502e-01,2.908047e-02,3.157216e-02,1.856164e-02,9.575485e-03,2.440122e-02,4.711735e-02,5.873054e-03,1.360965e-02,1.168671e-02,5.639322e-02,1.110189e-02,1.492127e-01
3.003901e-01,3.479001e-02,2.412353e-01,6.240530e-02,2.891192e-02,1.586027e-02,7.440129e-03,1.760654e-02,4.743751e-02,7.196340e-03,1.076970e-02,1.171311e-02,4.206053e-02,8.503214e-03,1.636801e-01
2.768335e-01,3.931230e-02,2.536537e-01,6.197311e-02,4.089040e-02,1.482693e-02,7.933827e-03,1.264979e-02,5.289727e-02,8.160965e-03,9.050836e-03,1.079317e-02,3.654376e-02,6.986649e-03,1.674938e-01
3.046200e-01,4.610993e-02,1.917327e-01,8.560738e-02,5.161532e-02,1.621061e-02,8.835332e-03,1.101536e-02,7.427974e-02,8.895397e-03,9.489675e-03,1.454893e-02,3.119082e-02,5.349686e-03,1.404991e-01
2.875397e-01,4.999293e-02,1.668878e-01,1.509767e-01,3.855077e-02,1.349863e-02,6.442018e-03,8.596226e-03,7.789399e-02,1.119234e-02,9.397708e-03,1.280130e-02,2.516802e-02,4.191312e-03,1.368704e-01
2.192735e-01,3.887359e-02,1.629334e-01,2.960517e-01,2.754472e-02,1.048378e-02,4.612299e-03,6.365589e-03,6.910551e-02,1.119798e-02,1.141954e-02,9.599254e-03,1.921703e-02,3.454911e-03,1.098671e-01
2.139408e-01,3.282595e-02,1.667986e-01,2.520599e-01,2.026949e-02,8.684876e-03,3.484032e-03,8.437945e-03,6.685664e-02,1.907687e-02,5.950750e-02,1.345217e-02,3.932671e-02,4.335679e-03,9.094279e-02
2.230249e-01,3.250358e-02,1.224806e-01,1.907903e-01,2.376353e-02,7.974373e-03,4.002533e-03,7.718652e-03,8.118299e-02,2.202792e-02,1.450032e-01,1.487551e-02,5.284070e-02,3.795006e-03,6.801620e-02
2.143120e-01,5.102086e-02,9.297135e-02,1.501629e-01,4.218010e-02,9.475146e-03,4.155089e-03,2.032849e-02,1.471791e-01,1.630642e-02,1.199637e-01,1.683464e-02,5.572624e-02,4.692983e-03,5.469089e-02
2.177679e-01,4.324122e-02,1.198123e-01,1.631818e-01,4.812837e-02,1.512753e-02,3.892323e-03,2.980139e-02,1.439418e-01,1.228087e-02,9.001826e-02,1.725683e-02,4.916065e-02,5.174453e-03,4.121427e-02
2.521796e-01,3.479176e-02,1.512402e-01,1.377089e-01,4.303363e-02,1.574434e-02,3.955031e-03,3.487455e-02,1.259242e-01,1.094933e-02,7.531203e-02,1.933655e-02,5.699028e-02,5.569937e-03,3.238961e-02
3.429522e-01,3.078460e-02,1.138702e-01,1.061489e-01,3.557602e-02,1.274660e-02,3.657957e-03,3.125289e-02,1.293239e-01,1.484732e-02,6.679080e-02,1.947051e-02,6.035328e-02,5.339110e-03,2.688574e-02
4.131795e-01,3.307044e-02,9.144242e-02,1.009465e-01,2.970925e-02,1.304981e-02,3.444701e-03,2.675587e-02,1.147646e-01,1.550033e-02,5.678736e-02,1.771523e-02,5.675603e-02,4.501993e-03,2.237589e-02
