1.000000e+00,0.000000e+00,0.000000e+00,0.000000e+00,0.000000e+00,0.000000e+00,0.000000e+00,0.000000e+00,0.000000e+00,0.000000e+00,0.000000e+00,0.000000e+00,0.000000e+00,0.000000e+00,0.000000e+00
1.000000e+00,0.000000e+00,0.000000e+00,0.000000e+00,0.000000e+00,0.000000e+00,0.000000e+00,0.000000e+00,0.000000e+00,0.000000e+00,0.000000e+00,0.000000e+00,0.000000e+00,0.000000e+00,0.000000e+00
1.000000e+00,0.000000e+00,0.000000e+00,0.000000e+00,0.000000e+00,0.000000e+00,0.000000e+00,0.000000e+00,0.000000e+00,0.000000e+00,0.000000e+00,0.000000e+00,0.000000e+00,0.000000e+00,0.000000e+00
1.000000e+00,0.000000e+00,0.000000e+00,0.000000e+00,0.000000e+00,0.000000e+00,0.000000e+00,0.000000e+00,0.000000e+00,0.000000e+00,0.000000e+00,0.000000e+00,0.000000e+00,0.000000e+00,0.000000e+00
1.000000e+00,0.000000e+00,0.000000e+00,0.000000e+00,0.000000e+00,0.000000e+00,0.000000e+00,0.000000e+00,0.000000e+00,0.000000e+00,0.000000e+00,0.000000e+00,0.000000e+00,0.000000e+00,0.000000e+00
1.000000e+00,0.000000e+00,0.000000e+00,0.000000e+00,0.000000e+00,0.000000e+00,0.000000e+00,0.000000e+00,0.000000e+00,0.000000e+00,0.000000e+00,0.000000e+00,0.000000e+00,0.000000e+00,0.000000e+00
1.000000e+00,0.000000e+00,0.000000e+00,0.000000e+00,0.000000e+00,0.000000e+00,0.000000e+00,0.000000e+00,0.000000e+00,0.000000e+00,0.000000e+00,0.000000e+00,0.000000e+00,0.000000e+00,0.000000e+00
1.000000e+00,0.000000e+00,0.000000e+00,0.000000e+00,0.000000e+00,0.000000e+00,0.000000e+00,0.000000e+00,0.000000e+00,0.000000e+00,0.000000e+00,0.000000e+00,0.000000e+00,0.000000e+00,0.000000e+00
1.000000e+00,0.000000e+00,0.000000e+00,0.000000e+00,0.000000e+00,0.000000e+00,0.000000e+00,0.000000e+00,0.000000e+00,0.000000e+00,0.000000e+00,0.000000e+00,0.000000e+00,0.000000e+00,0.000000e+00
1.000000e+00,0.000000e+00,0.000000e+00,0.000000e+00,0.000000e+00,0.000000e+00,0.000000e+00,0.000000e+00,0.000000e+00,0.000000e+00,0.000000e+00,0.000000e+00,0.000000e+00,0.000000e+00,0.000000e+00
1.000000e+00,0.000000e+00,0.000000e+00,0.000000e+00,0.000000e+00,0.000000e+00,0.000000e+00,0.000000e+00,0.000000e+00,0.000000e+00,0.000000e+00,0.000000e+00,0.000000e+00,0.000000e+00,0.000000e+00
1.000000e+00,0.000000e+00,0.000000e+00,0.000000e+00,0.000000e+00,0.000000e+00,0.000000e+00,0.000000e+00,0.000000e+00,0.000000e+00,0.000000e+00,0.000000e+00,0.000000e+00,0.000000e+00,0.000000e+00
1.000000e+00,0.000000e+00,0.000000e+00,0.000000e+00,0.000000e+00,0.000000e+00,0.000000e+00,0.000000e+00,0.000000e+00,0.000000e+00,0.000000e+00,0.000000e+00,0.000000e+00,0.000000e+00,0.000000e+00
1.000000e+00,0.000000e+00,0.000000e+00,0.000000e+00,0.000000e+00,0.000000e+00,0.000000e+00,0.000000e+00,0.000000e+00,0.000000e+00,0.000000e+00,0.000000e+00,0.000000e+00,0.000000e+00,0.000000e+00
1.000000e+00,0.000000e+00,0.000000e+00,0.000000e+00,0.000000e+00,0.000000e+00,0.000000e+00,0.000000e+00,0.000000e+00,0.000000e+00,0.000000e+00,0.000000e+00,0.000000e+00,0.000000e+00,0.000000e+00
1.000000e+00,0.000000e+00,0.000000e+00,0.000000e+00,0.000000e+00,0.000000e+00,0.000000e+00,0.000000e+00,0.000000e+00,0.000000e+00,0.000000e+00,0.000000e+00,0.000000e+00,0.000000e+00,0.000000e+00
1.000000e+00,0.000000e+00,0.000000e+00,0.000000e+00,0.000000e+00,0.000000e+00,0.000000e+00,0.000000e+00,0.000000e+00,0.000000e+00,0.000000e+00,0.000000e+00,0.000000e+00,0.000000e+00,0.000000e+00
1.000000e+00,0.000000e+00,0.000000e+00,0.000000e+00,0.000000e+00,0.000000e+00,0.000000e+00,0.000000e+00,0.000000e+00,0.000000e+00,0.000000e+00,0.000000e+00,0.000000e+00,0.000000e+00,0.000000e+00
1.000000e+00,0.000000e+00,0.000000e+00,0.000000e+00,0.000000e+00,0.000000e+00,0.000000e+00,0.000000e+00,0.000000e+00,0.000000e+00,0.000000e+00,0.000000e+00,0.000000e+00,0.000000e+00,0.000000e+00
1.000000e+00,0.000000e+00,0.000000e+00,0.000000e+00,0.000000e+00,0.000000e+00,0.000000e+00,0.000000e+00,0.000000e+00,0.000000e+00,0.000000e+00,0.000000e+00,0.000000e+00,0.000000e+00,0.000000e+00
1.000000e+00,0.000000e+00,0.000000e+00,0.000000e+00,0.000000e+00,0.000000e+00,0.000000e+00,0.000000e+00,0.000000e+00,0.000000e+00,0.000000e+00,0.000000e+00,0.000000e+00,0.000000e+00,0.000000e+00
1.000000e+00,0.000000e+00,0.000000e+00,0.000000e+00,0.000000e+00,0.000000e+00,0.000000e+00,0.000000e+00,0.000000e+00,0.000000e+00,0.000000e+00,0.000000e+00,0.000000e+00,0.000000e+00,0.000000e+00
1.000000e+00,0.000000e+00,0.000000e+00,0.000000e+00,0.000000e+00,0.000000e+00,0.000000e+00,0.000000e+00,0.000000e+00,0.000000e+00,0.000000e+00,0.000000e+00,0.000000e+00,0.000000e+00,0.000000e+00
1.000000e+00,0.000000e+00,0.000000e+00,0.000000e+00,0.000000e+00,0.000000e+00,0.000000e+00,0.000000e+00,0.000000e+00,0.000000e+00,0.000000e+00,0.000000e+00,0.000000e+00,0.000000e+00,0.000000e+00
1.000000e+00,0.000000e+00,0.000000e+00,0.000000e+00,0.000000e+00,0.000000e+00,0.000000e+00,0.000000e+00,0.000000e+00,0.000000e+00,0.000000e+00,0.000000e+00,0.000000e+00,0.000000e+00,0.000000e+00
1.000000e+00,0.000000e+00,0.000000e+00,0.000000e+00,0.000000e+00,0.000000e+00,0.000000e+00,0.000000e+00,0.000000e+00,0.000000e+00,0.000000e+00,0.000000e+00,0.000000e+00,0.000000e+00,0.000000e+00
1.000000e+00,0.000000e+00,0.000000e+00,0.000000e+00,0.000000e+00,0.000000e+00,0.000000e+00,0.000000e+00,0.000000e+00,0.000000e+00,0.000000e+00,0.000000e+00,0.000000e+00,0.000000e+00,0.000000e+00
1.000000e+00,0.000000e+00,0.000000e+00,0.000000e+00,0.000000e+00,0.000000e+00,0.000000e+00,0.000000e+00,0.000000e+00,0.000000e+00,0.000000e+00,0.000000e+00,0.000000e+00,0.000000e+00,0.000000e+00
1.000000e+00,0.000000e+00,0.000000e+00,0.000000e+00,0.000000e+00,0.000000e+00,0.000000e+00,0.000000e+00,0.000000e+00,0.000000e+00,0.000000e+00,0.000000e+00,0.000000e+00,0.000000e+00,0.000000e+00
1.000000e+00,0.000000e+00,0.000000e+00,0.000000e+00,0.000000e+00,0.000000e+00,0.000000e+00,0.000000e+00,0.000000e+00,0.000000e+00,0.000000e+00,0.000000e+00,0.000000e+00,0.000000e+00,0.000000e+00
1.000000e+00,0.000000e+00,0.000000e+00,0.000000e+00,0.000000e+00,0.000000e+00,0.000000e+00,0.000000e+00,0.000000e+00,0.000000e+00,0.000000e+00,0.000000e+00,0.000000e+00,0.000000e+00,0.000000e+00
1.000000e+00,0.000000e+00,0.000000e+00,0.000000e+00,0.000000e+00,0.000000e+00,0.000000e+00,0.000000e+00,0.000000e+00,0.000000e+00,0.000000e+00,0.000000e+00,0.000000e+00,0.000000e+00,0.000000e+00
1.000000e+00,0.000000e+00,0.000000e+00,0.000000e+00,0.000000e+00,0.000000e+00,0.000000e+00,0.000000e+00,0.000000e+00,0.000000e+00,0.000000e+00,0.000000e+00,0.000000e+00,0.000000e+00,0.000000e+00
1.000000e+00,0.000000e+00,0.000000e+00,0.000000e+00,0.000000e+00,0.000000e+00,0.000000e+00,0.000000e+00,0.000000e+00,0.000000e+00,0.000000e+00,0.000000e+00,0.000000e+00,0.000000e+00,0.000000e+00
1.000000e+00,0.000000e+00,0.000000e+00,0.000000e+00,0.000000e+00,0.000000e+00,0.000000e+00,0.000000e+00,0.000000e+00,0.000000e+00,0.000000e+00,0.000000e+00,0.000000e+00,0.000000e+00,0.000000e+00
1.000000e+00,0.000000e+00,0.000000e+00,0.000000e+00,0.000000e+00,0.000000e+00,0.000000e+00,0.000000e+00,0.000000e+00,0.000000e+00,0.000000e+00,0.000000e+00,0.000000e+00,0.000000e+00,0.000000e+00
1.000000e+00,0.000000e+00,0.000000e+00,0.000000e+00,0.000000e+00,0.000000e+00,0.000000e+00,0.000000e+00,0.000000e+00,0.000000e+00,0.000000e+00,0.000000e+00,0.000000e+00,0.000000e+00,0.000000e+00
1.000000e+00,0.000000e+00,0.000000e+00,0.000000e+00,0.000000e+00,0.000000e+00,0.000000e+00,0.000000e+00,0.000000e+00,0.000000e+00,0.000000e+00,0.000000e+00,0.000000e+00,0.000000e+00,0.000000e+00
1.000000e+00,0.000000e+00,0.000000e+00,0.000000e+00,0.000000e+00,0.000000e+00,0.000000e+00,0.000000e+00,0.000000e+00,0.000000e+00,0.000000e+00,0.000000e+00,0.000000e+00,0.000000e+00,0.000000e+00
1.000000e+00,0.000000e+00,0.000000e+00,0.000000e+00,0.000000e+00,0.000000e+00,0.000000e+00,0.000000e+00,0.000000e+00,0.000000e+00,0.000000e+00,0.000000e+00,0.000000e+00,0.000000e+00,0.000000e+00
1.000000e+00,0.000000e+00,0.000000e+00,0.000000e+00,0.000000e+00,0.000000e+00,0.000000e+00,0.000000e+00,0.000000e+00,0.000000e+00,0.000000e+00,0.000000e+00,0.000000e+00,0.000000e+00,0.000000e+00
1.000000e+00,0.000000e+00,0.000000e+00,0.000000e+00,0.000000e+00,0.000000e+00,0.000000e+00,0.000000e+00,0.000000e+00,0.000000e+00,0.000000e+00,0.000000e+00,0.000000e+00,0.000000e+00,0.000000e+00
1.000000e+00,0.000000e+00,0.000000e+00,0.000000e+00,0.000000e+00,0.000000e+00,0.000000e+00,0.000000e+00,0.000000e+00,0.000000e+00,0.000000e+00,0.000000e+00,0.000000e+00,0.000000e+00,0.000000e+00
1.000000e+00,0.000000e+00,0.000000e+00,0.000000e+00,0.000000e+00,0.000000e+00,0.000000e+00,0.000000e+00,0.000000e+00,0.000000e+00,0.000000e+00,0.000000e+00,0.000000e+00,0.000000e+00,0.000000e+00
4.163819e-01,4.490379e-02,1.685886e-02,1.682765e-01,2.469466e-02,4.783880e-02,1.995588e-02,4.038344e-02,3.658572e-02,3.406144e-03,2.441166e-02,9.765468e-02,3.045013e-02,3.561295e-03,2.463657e-02
2.965046e-01,3.640686e-02,5.575305e-02,2.529789e-01,2.458573e-02,4.123510e-02,1.747046e-02,8.280756e-02,3.003426e-02,2.642370e-03,1.982355e-02,9.276619e-02,2.540447e-02,2.671963e-03,1.891498e-02
2.367435e-01,5.009451e-02,4.787093e-02,3.106725e-01,3.429945e-02,3.560720e-02,1.837391e-02,6.833950e-02,3.983072e-02,2.886542e-03,1.883038e-02,8.826061e-02,2.559948e-02,2.436488e-03,2.015428e-02
1.682137e-01,4.529893e-02,5.325837e-02,4.637334e-01,2.860215e-02,2.580272e-02,1.337927e-02,5.613717e-02,3.051184e-02,2.132727e-03,1.379018e-02,6.315622e-02,1.834249e-02,1.781332e-03,1.585958e-02
1.522194e-01,4.986373e-02,4.766320e-02,4.917030e-01,3.299877e-02,2.320210e-02,1.230463e-02,4.549512e-02,3.508149e-02,2.375721e-03,1.308272e-02,5.246261e-02,1.963288e-02,1.915374e-03,1.999937e-02
1.303552e-01,4.296079e-02,6.782234e-02,4.890562e-01,4.074649e-02,2.086523e-02,1.138187e-02,5.443102e-02,3.346692e-02,2.479422e-03,1.376520e-02,4.953323e-02,1.908041e-02,2.237261e-03,2.181852e-02
1.104492e-01,4.014974e-02,1.571985e-01,4.566048e-01,3.766385e-02,1.723428e-02,9.094362e-03,4.657354e-02,2.654397e-02,2.479917e-03,1.299238e-02,4.093027e-02,1.618352e-02,2.233196e-03,2.366855e-02
1.279255e-01,3.560667e-02,1.824800e-01,4.091786e-01,3.789094e-02,1.626688e-02,8.033688e-03,5.120626e-02,2.232647e-02,2.852142e-03,1.350235e-02,4.221107e-02,2.251608e-02,2.440661e-03,2.556273e-02
1.040917e-01,3.091593e-02,2.312656e-01,4.325529e-01,2.744078e-02,1.197787e-02,5.755643e-03,4.514081e-02,2.220564e-02,3.962088e-03,1.148969e-02,3.029167e-02,1.684083e-02,1.903474e-03,2.416538e-02
1.129446e-01,2.406172e-02,1.664521e-01,4.104762e-01,2.068711e-02,1.106617e-02,4.846707e-03,4.126574e-02,1.047046e-01,5.447172e-03,2.236486e-02,2.289344e-02,2.323762e-02,2.149373e-03,2.740250e-02
1.037784e-01,1.986115e-02,1.176044e-01,3.775094e-01,1.498605e-02,8.398292e-03,4.026699e-03,2.982595e-02,2.348867e-01,5.217993e-03,2.234571e-02,1.668903e-02,1.974917e-02,1.736064e-03,2.338502e-02
3.423292e-01,1.454070e-02,8.302953e-02,2.682154e-01,1.085700e-02,8.516282e-03,3.578539e-03,2.232703e-02,1.720306e-01,3.816649e-03,2.024370e-02,1.224886e-02,1.992256e-02,1.434384e-03,1.690956e-02
4.911278e-01,1.147721e-02,5.956306e-02,1.985826e-01,8.081108e-03,1.401699e-02,3.348368e-03,1.628107e-02,1.287011e-01,3.125092e-03,1.561069e-02,9.746175e-03,2.319548e-02,1.543800e-03,1.559943e-02
3.940216e-01,9.466118e-03,4.280174e-02,1.455593e-01,5.922857e-03,1.897750e-02,2.691394e-03,1.153983e-02,2.112779e-01,3.354230e-03,1.207244e-02,9.553306e-03,4.230091e-02,1.053441e-02,7.992645e-02
3.622043e-01,8.384629e-03,3.052975e-02,1.132042e-01,5.111849e-03,2.729737e-02,3.193004e-03,8.271317e-03,2.154836e-01,5.805036e-03,1.060744e-02,3.218440e-02,5.555318e-02,1.237472e-02,1.097952e-01
3.294775e-01,6.354771e-03,2.234747e-02,8.323199e-02,4.311347e-03,2.619655e-02,3.832222e-03,6.345490e-03,1.570614e-01,6.845312e-03,1.228054e-02,1.831435e-01,5.457177e-02,1.326952e-02,9.073062e-02
3.442442e-01,4.728953e-03,1.590632e-02,5.997479e-02,3.450152e-03,2.289814e-02,3.580239e-03,4.609492e-03,1.204761e-01,1.019315e-02,1.571978e-02,2.493306e-01,6.686334e-02,1.299168e-02,6.503306e-02
4.382991e-01,4.007491e-03,1.140854e-02,4.296779e-02,3.788781e-03,1.828503e-02,3.964594e-03,3.561366e-03,9.324982e-02,1.278333e-02,2.192090e-02,2.310088e-01,5.316559e-02,1.332447e-02,4.826437e-02
4.262824e-01,3.678517e-03,8.532659e-03,3.142336e-02,4.516244e-03,1.641569e-02,6.733768e-03,3.869652e-03,8.113235e-02,1.529113e-02,6.447669e-02,2.009639e-01,4.046407e-02,5.611023e-02,4.010931e-02
3.679133e-01,3.067943e-03,6.665790e-03,2.294742e-02,5.454174e-03,1.496330e-02,1.003274e-02,4.542583e-03,6.748082e-02,1.837839e-02,8.100408e-02,1.777050e-01,3.238335e-02,1.552926e-01,3.216857e-02
3.033228e-01,3.060829e-03,5.957478e-03,1.784108e-02,6.037250e-03,1.499090e-02,9.000431e-03,1.056547e-02,5.089982e-02,1.999138e-02,1.654713e-01,1.340134e-01,2.475056e-02,2.097837e-01,2.431362e-02
3.373596e-01,2.969919e-03,6.952638e-03,1.661500e-02,5.479058e-03,1.481600e-02,8.822782e-03,2.039730e-02,4.097063e-02,3.242649e-02,2.022601e-01,1.029150e-01,2.033649e-02,1.693292e-01,1.834969e-02
3.919720e-01,2.905984e-03,6.238742e-03,1.718657e-02,5.394594e-03,1.260854e-02,8.420561e-03,2.337511e-02,3.248956e-02,3.671768e-02,2.006395e-01,8.167054e-02,1.727438e-02,1.486767e-01,1.442951e-02
3.162041e-01,4.756342e-03,7.218986e-03,1.315648e-02,5.445116e-03,1.050077e-02,6.289970e-03,1.795596e-02,4.659674e-02,1.049993e-01,2.157117e-01,7.119353e-02,1.327227e-02,1.533170e-01,1.338166e-02
2.753777e-01,4.542182e-03,6.326221e-03,9.935213e-03,4.487130e-03,8.994889e-03,4.706325e-03,1.434261e-02,8.269463e-02,1.553730e-01,1.865836e-01,6.491255e-02,1.071510e-02,1.605348e-01,1.047406e-02
2.032500e-01,3.040904e-02,8.593630e-03,7.883457e-03,3.732815e-03,1.140629e-02,3.414174e-03,1.121335e-02,2.452177e-01,1.262814e-01,1.457926e-01,5.706162e-02,8.575791e-03,1.282554e-01,8.912813e-03
1.450588e-01,2.646466e-02,1.103525e-02,1.445093e-02,3.369669e-03,3.042525e-02,2.437397e-03,8.971043e-03,3.225736e-01,1.115597e-01,1.311303e-01,6.736381e-02,8.949501e-03,1.055502e-01,1.065994e-02
1.088119e-01,2.893976e-02,1.999566e-02,1.227909e-02,4.405155e-03,4.618753e-02,1.819210e-03,1.122486e-02,3.802195e-01,8.400556e-02,1.180010e-01,5.523439e-02,7.231700e-03,1.112075e-01,1.043718e-02
8.603293e-02,3.850758e-02,1.679651e-02,1.113229e-02,2.192141e-02,3.725585e-02,1.343481e-03,8.497790e-03,4.211235e-01,6.311135e-02,1.186566e-01,4.355649e-02,6.765416e-03,1.026758e-01,2.262300e-02
7.284711e-02,3.378043e-02,1.348431e-02,1.128324e-02,4.013677e-02,2.790032e-02,9.782731e-04,6.693193e-03,4.315655e-01,4.634774e-02,1.474842e-01,3.672719e-02,5.747893e-03,1.053295e-01,1.969442e-02
7.951067e-02,2.744450e-02,2.416021e-02,1.362992e-02,6.085149e-02,2.923864e-02,4.453348e-03,4.596823e-02,4.116237e-01,3.677671e-02,1.189900e-01,3.626279e-02,1.207448e-02,8.183140e-02,1.718385e-02
9.460790e-02,2.228781e-02,4.658009e-02,1.979527e-02,5.508488e-02,4.336767e-02,4.325776e-03,1.169003e-01,3.643029e-01,2.731077e-02,8.939827e-02,2.851536e-02,1.115288e-02,6.192368e-02,1.444647e-02
9.446477e-02,1.985109e-02,8.103336e-02,3.457056e-02,4.898835e-02,6.121980e-02,3.499101e-03,1.577599e-01,3.088364e-01,2.036155e-02,7.908832e-02,2.178550e-02,9.284113e-03,4.749780e-02,1.175936e-02
9.412091e-02,1.649733e-02,1.049909e-01,3.090634e-02,4.077802e-02,5.511719e-02,4.227361e-03,2.582197e-01,2.470467e-01,1.472211e-02,6.284041e-02,1.724712e-02,7.592321e-03,3.668459e-02,9.008961e-03
8.663695e-02,1.458129e-02,1.042014e-01,2.782087e-02,3.626655e-02,4.464792e-02,5.736331e-03,3.723468e-01,1.934568e-01,1.063182e-02,4.783515e-02,1.327956e-02,6.353316e-03,2.950162e-02,6.703637e-03
7.397342e-02,1.274608e-02,1.014797e-01,2.672658e-02,2.832460e-02,4.430041e-02,7.646058e-03,4.789630e-01,1.388438e-01,8.043327e-03,3.476129e-02,1.032800e-02,7.123311e-03,2.146820e-02,5.272228e-03
5.942081e-02,2.009683e-02,8.314452e-02,2.098516e-02,2.290186e-02,3.523752e-02,7.163577e-03,5.866679e-01,9.931695e-02,5.838728e-03,2.517879e-02,7.852319e-03,6.320902e-03,1.558960e-02,4.284491e-03
4.573425e-02,2.031577e-02,6.253247e-02,1.586162e-02,1.879810e-02,2.557247e-02,7.374470e-03,6.850915e-01,7.149745e-02,4.138893e-03,1.771300e-02,5.589696e-03,5.341859e-03,1.130193e-02,3.136470e-03
3.826944e-02,1.714048e-02,5.312710e-02,1.299659e-02,1.810792e-02,1.915252e-02,1.052861e-02,7.450305e-01,5.164515e-02,2.920624e-03,1.246012e-02,3.948114e-03,4.309967e-03,8.089390e-03,2.273476e-03
3.335731e-02,1.393912e-02,4.586565e-02,1.113037e-02,1.670177e-02,1.453971e-02,1.529683e-02,7.875216e-01,3.723912e-02,2.068313e-03,8.770908e-03,2.811674e-03,3.312666e-03,5.774993e-03,1.669973e-03
3.959530e-02,1.244909e-02,4.621660e-02,9.577654e-03,1.441762e-02,1.174053e-02,2.908783e-02,7.903622e-01,2.783855e-02,1.479686e-03,6.229584e-03,2.116739e-03,3.358299e-03,4.186738e-03,1.343618e-03
4.274243e-02,9.588009e-03,3.505003e-02,8.132279e-03,1.354796e-02,1.025767e-02,2.553150e-02,8.186731e-01,2.106677e-02,1.108638e-03,4.779950e-03,2.156164e-03,3.122556e-03,3.033777e-03,1.209148e-03
3.726111e-02,7.298482e-03,2.946681e-02,7.366385e-03,1.438602e-02,7.950337e-03,1.995285e-02,8.488790e-01,1.557677e-02,8.194270e-04,3.597528e-03,1.756475e-03,2.522830e-03,2.178923e-03,9.871249e-04
3.590476e-02,5.495405e-03,2.186075e-02,6.278966e-03,2.112506e-02,5.922801e-03,1.483950e-02,8.679713e-01,1.152931e-02,6.080419e-04,2.692050e-03,1.391749e-03,2.021248e-03,1.561388e-03,7.977075e-04
7.096474e-02,6.394228e-03,1.635729e-02,6.657775e-03,2.901754e-02,7.742574e-03,1.113030e-02,7.930974e-01,1.357735e-02,8.857154e-04,9.773148e-03,6.330503e-03,2.471617e-02,1.557989e-03,1.797349e-03
6.150566e-02,5.135638e-03,1.159025e-02,7.164722e-03,2.834227e-02,6.978982e-03,8.196515e-03,6.740695e-01,2.247509e-02,1.724922e-03,4.262832e-02,2.172756e-02,1.029672e-01,2.366684e-03,3.126761e-03
6.076913e-02,4.350322e-03,8.356019e-03,6.994182e-03,2.788552e-02,6.020588e-03,6.339587e-03,5.829133e-01,2.991724e-02,1.972311e-03,6.604975e-02,3.429610e-02,1.572457e-01,2.556466e-03,4.333870e-03
5.020050e-02,3.480529e-03,6.016728e-03,6.289920e-03,2.696499e-02,5.104378e-03,5.026737e-03,4.484467e-01,2.792548e-02,2.586807e-02,1.158632e-01,3.514495e-02,2.347011e-01,3.203519e-03,5.763203e-03
4.513671e-02,2.836478e-03,4.759563e-03,5.187680e-03,2.894196e-02,4.690900e-03,4.097127e-03,3.592480e-01,3.438614e-02,2.726465e-02,1.490674e-01,3.190399e-02,2.929626e-01,3.081505e-03,6.435488e-03
6.781594e-02,3.290355e-03,4.525540e-03,6.184532e-03,2.812932e-02,4.833820e-03,3.570965e-03,3.065581e-01,5.851484e-02,3.579351e-02,1.417478e-01,3.487534e-02,2.897480e-01,3.571526e-03,1.084036e-02
8.414323e-02,6.654884e-03,4.833698e-03,1.444044e-02,3.333880e-02,6.985939e-03,3.407631e-03,2.676255e-01,9.868856e-02,4.269134e-02,1.214890e-01,3.224296e-02,2.565891e-01,3.130862e-03,2.373806e-02
1.075944e-01,7.585520e-03,5.849918e-03,1.345237e-02,3.618835e-02,8.002429e-03,3.688961e-03,2.353916e-01,1.671855e-01,3.659448e-02,1.008722e-01,3.027690e-02,2.032599e-01,3.355708e-03,4.070179e-02
8.984910e-02,5.727117e-03,5.693872e-03,1.413114e-02,3.341488e-02,6.756158e-03,3.011097e-03,2.737598e-01,1.484591e-01,2.753769e-02,1.116331e-01,3.365332e-02,2.032068e-01,3.230948e-03,3.993586e-02
1.448448e-01,4.928604e-03,1.016658e-02,4.678682e-02,3.139413e-02,8.106517e-03,2.675097e-03,2.276699e-01,1.598753e-01,2.285562e-02,1.042151e-01,4.061217e-02,1.601978e-01,3.702237e-03,3.196947e-02
2.267496e-01,5.501422e-03,1.345228e-02,6.415029e-02,2.544479e-02,1.143020e-02,2.651443e-03,1.857120e-01,1.555544e-01,1.889765e-02,9.098037e-02,4.925762e-02,1.176716e-01,4.150363e-03,2.839590e-02
2.223351e-01,4.628743e-03,1.228916e-02,5.697737e-02,2.418017e-02,1.112798e-02,2.648206e-03,2.591061e-01,1.212654e-01,1.358923e-02,8.365924e-02,7.089894e-02,9.261373e-02,3.287964e-03,2.139272e-02
1.836713e-01,8.348819e-03,1.953328e-02,1.125209e-01,2.206964e-02,1.369093e-02,3.106461e-03,2.657264e-01,1.231265e-01,1.045775e-02,7.006710e-02,6.818890e-02,7.041205e-02,2.701606e-03,2.637840e-02
1.681303e-01,1.980188e-02,2.447105e-02,1.214537e-01,3.120802e-02,1.113094e-02,3.532543e-03,3.100210e-01,1.096493e-01,7.854471e-03,5.642211e-02,5.931011e-02,5.110527e-02,2.009550e-03,2.389979e-02
1.892045e-01,5.294432e-02,2.766085e-02,1.424281e-01,5.409165e-02,1.345333e-02,7.371657e-03,2.678251e-01,8.930446e-02,5.836362e-03,4.414378e-02,4.606880e-02,3.736853e-02,1.535381e-03,2.076309e-02
1.911482e-01,9.478202e-02,2.604395e-02,1.515345e-01,9.990388e-02,1.959220e-02,1.326688e-02,2.181253e-01,6.754302e-02,4.305360e-03,3.397740e-02,3.451794e-02,2.740314e-02,1.169662e-03,1.668662e-02
1.939400e-01,1.261121e-01,3.111058e-02,1.560830e-01,1.632602e-01,1.632526e-02,1.246277e-02,1.601190e-01,5.130178e-02,3.834796e-03,2.649629e-02,2.511779e-02,2.051918e-02,9.105750e-04,1.240671e-02
1.478538e-01,1.089128e-01,3.507795e-02,2.883048e-01,1.521212e-01,1.283938e-02,1.121122e-02,1.389263e-01,3.895812e-02,3.261432e-03,2.021203e-02,1.775546e-02,1.470568e-02,6.944357e-04,9.165310e-03
1.297215e-01,8.544028e-02,2.866385e-02,2.628257e-01,1.741194e-01,1.074977e-02,1.102743e-02,2.150430e-01,3.144262e-02,2.482655e-03,1.706052e-02,1.283886e-02,1.119013e-02,5.989983e-04,6.795204e-03
1.028870e-01,6.237184e-02,2.089889e-02,1.873386e-01,1.528219e-01,8.565772e-03,1.087465e-02,3.872629e-01,2.569639e-02,1.806778e-03,1.443361e-02,9.304814e-03,1.039086e-02,4.574748e-04,4.888467e-03
7.645843e-02,4.430568e-02,1.512686e-02,1.330800e-01,1.155413e-01,6.406239e-03,8.171794e-03,5.514991e-01,1.831971e-02,1.308702e-03,1.128123e-02,6.672854e-03,7.959235e-03,3.496489e-04,3.519208e-03
5.491917e-02,3.112663e-02,1.075940e-02,9.340010e-02,8.495049e-02,5.290368e-03,6.004719e-03,6.779458e-01,1.289136e-02,9.581465e-04,8.173209e-03,4.778157e-03,6.025613e-03,2.587476e-04,2.518068e-03
4.085287e-02,2.211264e-02,8.786689e-03,6.639001e-02,6.413897e-02,5.227843e-03,5.768145e-03,7.425370e-01,9.803709e-03,1.938426e-03,1.321302e-02,4.875171e-03,1.064215e-02,9.451810e-04,2.768184e-03
3.871654e-02,1.569684e-02,6.631423e-03,4.715053e-02,4.860029e-02,9.681349e-03,4.908508e-03,6.725492e-01,8.650165e-03,2.033108e-03,3.740652e-02,1.074798e-02,9.176528e-02,1.675102e-03,3.787162e-03
9.716066e-02,1.159879e-02,4.956050e-03,3.443963e-02,3.734818e-02,1.058490e-02,4.272087e-03,5.662845e-01,1.070560e-02,2.462726e-03,4.993469e-02,2.379363e-02,1.396108e-01,2.585789e-03,4.261925e-03
1.632069e-01,8.717515e-03,3.841443e-03,2.588692e-02,2.904550e-02,1.083238e-02,3.950350e-03,4.702794e-01,1.164923e-02,2.075493e-03,5.611501e-02,2.492242e-02,1.824495e-01,2.781479e-03,4.246420e-03
2.697731e-01,6.800578e-03,3.258421e-03,1.946049e-02,2.347846e-02,9.300451e-03,3.232364e-03,3.593305e-01,1.495543e-02,2.021524e-03,6.605098e-02,2.635292e-02,1.889637e-01,3.046827e-03,3.974279e-03
3.728922e-01,6.438953e-03,3.227085e-03,1.610235e-02,1.893540e-02,9.327984e-03,2.908523e-03,2.701362e-01,2.499381e-02,2.361321e-03,5.945322e-02,2.397265e-02,1.804505e-01,3.371930e-03,5.427853e-03
4.744185e-01,6.388901e-03,2.753085e-03,1.402610e-02,1.546604e-02,1.167184e-02,2.748297e-03,1.973426e-01,2.854325e-02,2.127688e-03,4.826096e-02,2.086175e-02,1.668435e-01,3.014122e-03,5.533375e-03
1.000000e+00,0.000000e+00,0.000000e+00,0.000000e+00,0.000000e+00,0.000000e+00,0.000000e+00,0.000000e+00,0.000000e+00,0.000000e+00,0.000000e+00,0.000000e+00,0.000000e+00,0.000000e+00,0.000000e+00
4.525473e-01,5.626309e-03,1.930975e-03,1.348091e-02,1.069022e-02,1.222632e-02,2.274794e-03,1.024171e-01,5.625287e-02,3.007510e-03,4.068219e-02,2.741209e-02,2.332998e-01,3.503350e-03,3.464825e-02
3.632755e-01,4.876428e-03,3.967002e-03,1.228955e-02,9.732805e-03,1.097492e-02,1.961534e-03,8.182457e-02,5.835743e-02,3.612950e-03,4.506722e-02,2.524398e-02,2.280657e-01,3.916332e-03,1.468340e-01
3.724710e-01,8.213144e-03,4.713288e-03,1.051368e-02,9.309421e-03,1.205191e-02,1.693341e-03,5.916899e-02,6.380594e-02,6.189792e-03,4.129552e-02,2.186131e-02,1.844065e-01,4.095145e-03,2.002110e-01
3.642332e-01,9.271413e-03,4.504718e-03,9.183455e-03,1.399941e-02,1.139950e-02,1.583306e-03,4.258662e-02,6.794356e-02,9.093255e-03,4.292352e-02,1.839382e-02,1.511289e-01,3.795123e-03,2.499601e-01
2.850894e-01,9.076796e-03,4.072419e-03,9.168277e-03,1.549106e-02,1.030736e-02,1.441479e-03,3.098171e-02,6.902160e-02,9.367863e-03,3.667688e-02,1.557815e-02,1.219974e-01,3.280802e-03,3.784489e-01
2.053880e-01,1.054770e-02,3.394749e-03,8.056373e-03,1.602138e-02,9.313540e-03,1.205157e-03,2.219823e-02,6.561479e-02,9.880793e-03,3.406562e-02,1.294951e-02,9.641590e-02,2.474539e-03,5.024737e-01
1.514445e-01,1.016330e-02,3.037961e-03,7.077662e-03,2.776603e-02,8.656552e-03,1.147463e-03,1.628090e-02,6.234420e-02,1.406659e-02,3.331815e-02,1.119526e-02,7.686871e-02,1.933922e-03,5.746988e-01
1.151377e-01,8.601710e-03,3.118608e-03,7.651933e-03,3.108098e-02,8.565849e-03,1.160176e-03,1.334300e-02,6.236573e-02,1.450265e-02,4.035227e-02,1.901810e-02,8.014861e-02,1.995787e-03,5.929569e-01
8.301164e-02,6.753763e-03,3.507710e-03,8.121891e-03,3.224474e-02,6.936853e-03,9.690103e-04,1.133889e-02,5.432379e-02,1.497295e-02,6.037685e-02,2.303143e-02,8.142575e-02,2.062798e-03,6.109219e-01
7.290703e-02,5.700633e-03,4.911426e-03,1.142654e-02,2.425232e-02,8.681262e-03,9.856794e-04,1.562618e-02,4.390291e-02,1.935542e-02,6.623024e-02,2.660364e-02,8.632383e-02,3.051935e-03,6.100410e-01
5.987132e-02,5.462807e-03,6.399037e-03,1.197129e-02,1.876121e-02,7.862860e-03,8.999074e-04,1.613374e-02,3.796038e-02,1.978714e-02,7.464024e-02,2.741144e-02,9.246349e-02,4.559038e-03,6.158161e-01
5.117179e-02,5.744373e-03,7.902773e-03,5.739458e-02,1.761399e-02,9.354973e-03,9.539607e-04,3.754827e-02,7.857767e-02,1.931120e-02,8.763854e-02,3.331541e-02,1.052584e-01,4.174754e-03,4.840393e-01
4.139555e-02,5.536435e-03,1.433519e-02,8.723348e-02,1.664879e-02,1.188439e-02,8.206355e-04,3.170444e-02,1.214809e-01,1.694362e-02,1.033998e-01,3.969774e-02,1.248606e-01,3.658789e-03,3.803996e-01
3.277010e-02,4.610286e-03,1.280793e-02,7.363739e-02,2.720277e-02,1.171921e-02,6.708713e-04,3.039576e-02,9.543762e-02,1.452689e-02,1.423141e-01,5.761396e-02,1.905625e-01,3.675667e-03,3.020549e-01
2.825383e-02,4.915306e-03,1.043562e-02,6.067580e-02,5.061021e-02,1.148667e-02,7.730371e-04,2.596027e-02,1.270978e-01,1.725094e-02,1.436253e-01,5.469400e-02,2.229695e-01,3.960861e-03,2.372909e-01
2.542833e-02,4.626709e-03,9.176983e-03,5.201424e-02,4.946041e-02,1.091360e-02,6.984458e-04,3.340442e-02,1.395656e-01,1.930561e-02,1.752979e-01,6.850380e-02,2.287214e-01,4.835092e-03,1.780475e-01
4.183161e-02,4.811037e-03,1.389243e-02,1.097977e-01,5.993364e-02,1.269736e-02,7.661401e-04,9.720981e-02,1.335488e-01,1.472337e-02,1.482538e-01,5.762906e-02,1.753186e-01,3.836582e-03,1.257502e-01
7.197784e-02,6.933686e-03,1.708522e-02,1.116244e-01,5.370880e-02,1.751505e-02,7.513905e-04,8.726161e-02,2.024029e-01,1.378932e-02,1.273459e-01,4.700080e-02,1.457142e-01,6.102901e-03,9.078604e-02
1.169940e-01,7.174158e-03,2.035678e-02,8.652118e-02,7.182645e-02,1.969160e-02,1.317207e-03,7.031190e-02,2.020979e-01,2.210784e-02,1.388111e-01,4.842147e-02,1.195356e-01,8.100716e-03,6.673214e-02
1.223323e-01,8.031460e-03,1.691844e-02,8.604746e-02,5.529974e-02,1.587593e-02,1.277814e-03,5.005833e-02,3.410130e-01,1.683391e-02,1.036891e-01,3.805300e-02,8.832224e-02,6.209250e-03,5.003809e-02
1.199235e-01,1.193291e-02,3.241676e-02,1.198182e-01,4.214884e-02,1.745332e-02,1.668834e-03,3.594846e-02,3.328485e-01,1.471240e-02,9.533928e-02,3.215662e-02,9.285884e-02,4.850502e-03,4.592311e-02
1.428071e-01,1.364374e-02,3.330629e-02,1.330026e-01,3.275795e-02,1.982253e-02,1.755595e-03,2.582550e-02,2.514523e-01,1.811085e-02,1.111756e-01,3.362761e-02,1.335063e-01,5.928182e-03,4.327790e-02
1.194043e-01,1.207381e-02,4.182185e-02,1.475949e-01,2.386715e-02,1.534106e-02,1.545240e-03,1.988216e-02,2.687894e-01,1.656610e-02,1.065086e-01,3.244601e-02,1.413226e-01,8.740379e-03,4.409647e-02
9.929067e-02,1.076858e-02,3.879800e-02,1.199769e-01,1.873669e-02,1.191427e-02,1.285862e-03,1.526771e-02,2.078781e-01,1.540270e-02,1.564403e-01,3.247947e-02,2.175896e-01,1.033297e-02,4.383807e-02
1.016271e-01,1.141731e-02,2.997084e-02,9.155358e-02,2.239694e-02,1.016039e-02,1.915594e-03,1.430158e-02,2.787218e-01,4.180431e-02,1.314238e-01,3.089432e-02,1.746946e-01,1.631212e-02,4.280570e-02
1.506566e-01,1.972777e-02,2.366069e-02,7.204280e-02,2.091081e-02,1.021746e-02,2.119645e-03,1.449397e-02,3.163725e-01,3.541978e-02,1.075200e-01,2.810746e-02,1.423492e-01,1.875678e-02,3.764456e-02
1.407049e-01,1.956258e-02,2.094034e-02,6.463453e-02,2.509363e-02,1.188813e-02,4.001185e-03,2.569091e-02,2.890984e-01,3.309966e-02,9.867793e-02,3.810488e-02,1.781659e-01,1.889034e-02,3.144670e-02
1.950519e-01,1.762808e-02,2.257011e-02,9.427315e-02,2.498582e-02,1.355933e-02,3.913576e-03,2.876579e-02,2.553226e-01,2.552014e-02,7.855404e-02,5.197592e-02,1.439361e-01,1.660462e-02,2.733895e-02
2.192798e-01,1.662864e-02,2.361153e-02,8.803355e-02,2.438058e-02,1.270280e-02,3.884784e-03,2.743901e-02,2.406823e-01,2.470610e-02,7.358080e-02,5.735433e-02,1.405238e-01,1.915716e-02,2.803480e-02
3.132107e-01,1.391800e-02,1.886901e-02,7.358064e-02,2.078556e-02,2.037122e-02,4.441404e-03,2.433943e-02,1.907793e-01,1.963939e-02,6.466953e-02,5.624050e-02,1.396953e-01,1.456649e-02,2.489360e-02
2.767044e-01,1.164717e-02,1.751197e-02,5.792385e-02,5.187001e-02,1.781627e-02,5.174417e-02,3.576276e-02,1.527932e-01,2.198301e-02,8.551711e-02,4.483125e-02,1.439853e-01,1.108610e-02,1.882346e-02
2.352616e-01,8.672844e-03,1.423869e-02,4.200604e-02,5.023272e-02,2.233458e-02,1.939086e-01,7.044004e-02,1.129022e-01,1.705830e-02,6.568827e-02,3.453391e-02,1.089093e-01,8.187973e-03,1.562496e-02
2.050862e-01,6.692461e-03,1.114561e-02,2.995456e-02,3.719046e-02,2.670157e-02,3.434907e-01,7.542647e-02,7.974210e-02,1.235967e-02,4.655990e-02,2.557033e-02,8.154357e-02,5.937298e-03,1.259917e-02
1.721373e-01,5.115331e-03,8.420492e-03,2.145675e-02,2.733965e-02,2.633967e-02,4.764459e-01,6.500479e-02,5.671845e-02,8.768189e-03,3.295775e-02,1.933360e-02,6.596612e-02,4.272345e-03,9.723674e-03
1.323067e-01,3.850732e-03,6.232459e-03,1.529350e-02,1.959656e-02,2.651889e-02,5.945307e-01,5.467781e-02,4.007139e-02,6.196599e-03,2.324126e-02,1.452005e-02,5.246633e-02,3.082048e-03,7.415039e-03
1.038300e-01,2.984800e-03,4.893429e-03,1.095136e-02,1.444328e-02,3.194673e-02,6.754946e-01,4.493058e-02,2.864426e-02,4.381687e-03,1.645741e-02,1.078342e-02,4.211187e-02,2.196719e-03,5.950027e-03
1.073179e-01,2.833681e-03,4.492622e-03,8.407416e-03,1.163328e-02,3.199923e-02,6.895943e-01,5.449603e-02,2.090605e-02,3.124992e-03,1.226302e-02,8.627878e-03,3.679619e-02,1.650804e-03,5.856694e-03
9.393043e-02,2.332977e-03,4.459179e-03,6.408077e-03,9.252485e-03,2.641466e-02,7.050790e-01,8.361360e-02,1.505749e-02,2.265633e-03,8.946083e-03,6.392591e-03,2.967553e-02,1.228179e-03,4.944162e-03
9.454795e-02,2.502541e-03,4.287561e-03,5.107120e-03,9.947578e-03,2.206713e-02,6.971748e-01,1.064267e-01,1.211143e-02,1.788488e-03,8.585704e-03,5.158968e-03,2.492047e-02,9.686106e-04,4.405053e-03
8.798018e-02,2.152578e-03,3.652559e-03,4.076961e-03,1.008771e-02,2.130308e-02,6.676050e-01,1.557971e-01,9.650549e-03,1.442509e-03,7.794907e-03,4.100726e-03,2.002802e-02,7.160004e-04,3.612107e-03
8.178852e-02,3.116870e-03,3.312955e-03,5.074568e-03,9.916170e-03,2.238027e-02,6.018466e-01,1.755908e-01,8.287599e-03,2.282395e-03,2.928563e-02,7.383849e-03,4.051603e-02,1.326711e-03,7.891119e-03
9.693450e-02,3.250204e-03,2.928952e-03,1.122850e-02,1.213173e-02,2.006220e-02,4.656512e-01,2.362172e-01,8.658268e-03,3.670624e-03,4.886165e-02,2.154487e-02,5.575754e-02,3.197097e-03,9.905441e-03
1.411114e-01,2.946449e-03,2.459681e-03,1.173313e-02,9.686996e-03,1.859604e-02,3.638084e-01,1.844573e-01,1.520917e-02,6.906963e-03,6.617083e-02,5.367498e-02,1.032116e-01,7.145449e-03,1.288160e-02
1.876917e-01,2.643841e-03,2.145982e-03,2.084304e-02,8.527765e-03,1.686291e-02,2.691327e-01,1.431451e-01,2.768652e-02,2.792855e-02,6.378269e-02,7.097246e-02,1.322182e-01,8.513506e-03,1.790501e-02
1.792470e-01,3.242394e-03,1.839140e-03,1.676752e-02,1.019087e-02,1.412851e-02,1.961347e-01,1.027030e-01,5.591889e-02,4.547465e-02,4.901527e-02,1.463361e-01,1.533030e-01,9.084511e-03,1.661445e-02
2.291617e-01,4.840010e-03,2.271703e-03,1.279514e-02,9.729613e-03,1.191789e-02,1.427030e-01,7.651213e-02,7.019025e-02,6.038392e-02,3.777194e-02,1.616010e-01,1.556278e-01,7.995007e-03,1.649888e-02
2.692283e-01,5.903047e-03,4.290007e-03,1.102598e-02,1.266148e-02,1.438490e-02,1.067256e-01,5.517893e-02,6.067339e-02,7.436104e-02,3.074416e-02,1.841736e-01,1.416283e-01,8.914742e-03,2.010650e-02
3.334820e-01,6.540306e-03,4.568710e-03,9.349226e-03,1.384399e-02,1.429620e-02,9.042656e-02,3.958206e-02,4.834431e-02,6.146205e-02,2.790375e-02,2.167588e-01,1.061832e-01,9.241435e-03,1.801750e-02
4.099453e-01,7.766104e-03,5.269769e-03,8.977336e-03,1.384315e-02,1.646817e-02,8.652504e-02,2.931711e-02,3.798728e-02,4.814722e-02,2.699703e-02,2.023630e-01,7.984243e-02,8.588149e-03,1.796301e-02
4.865494e-01,1.916871e-02,6.099781e-03,7.986146e-03,1.447256e-02,1.374541e-02,7.055508e-02,2.138129e-02,2.899620e-02,4.791357e-02,2.679871e-02,1.692646e-01,6.010044e-02,8.981015e-03,1.798699e-02
1.000000e+00,0.000000e+00,0.000000e+00,0.000000e+00,0.000000e+00,0.000000e+00,0.000000e+00,0.000000e+00,0.000000e+00,0.000000e+00,0.000000e+00,0.000000e+00,0.000000e+00,0.000000e+00,0.000000e+00
1.000000e+00,0.000000e+00,0.000000e+00,0.000000e+00,0.000000e+00,0.000000e+00,0.000000e+00,0.000000e+00,0.000000e+00,0.000000e+00,0.000000e+00,0.000000e+00,0.000000e+00,0.000000e+00,0.000000e+00
4.585027e-01,3.619137e-02,4.699410e-02,1.306421e-02,1.084208e-02,2.686502e-02,3.593297e-02,6.110841e-02,2.037257e-02,6.324115e-02,2.867593e-02,1.458498e-01,2.761760e-02,7.676339e-03,1.706572e-02
3.928613e-01,4.511962e-02,8.104685e-02,1.669320e-02,8.886881e-03,3.967123e-02,2.888277e-02,8.556432e-02,2.262971e-02,6.338604e-02,3.394582e-02,1.243226e-01,2.380015e-02,1.015901e-02,2.303047e-02
2.820249e-01,1.046384e-01,1.106173e-01,1.536105e-02,7.311775e-03,3.120262e-02,2.028793e-02,6.116640e-02,7.340980e-02,7.622097e-02,2.881846e-02,9.167339e-02,1.775800e-02,9.126870e-03,7.038201e-02
2.022834e-01,1.705692e-01,1.483057e-01,1.543192e-02,6.213537e-03,2.321069e-02,1.424349e-02,4.362038e-02,1.017180e-01,9.840612e-02,2.220928e-02,6.653836e-02,1.441642e-02,7.831942e-03,6.500150e-02
1.422145e-01,2.147851e-01,1.148415e-01,5.970225e-02,5.410480e-03,1.696347e-02,9.982820e-03,3.067753e-02,1.661462e-01,8.676681e-02,1.986295e-02,4.961649e-02,1.266958e-02,5.800883e-03,6.455944e-02
9.997120e-02,2.893426e-01,8.259313e-02,7.807605e-02,8.581771e-03,1.394060e-02,7.005240e-03,2.160517e-02,1.808086e-01,6.497110e-02,1.521321e-02,3.490442e-02,9.455697e-03,4.487853e-03,8.904333e-02
7.046638e-02,2.195677e-01,6.593397e-02,2.232416e-01,3.005200e-02,1.743018e-02,5.107711e-03,1.941272e-02,1.766685e-01,4.888472e-02,1.197552e-02,2.447941e-02,6.844515e-03,3.418748e-03,7.651644e-02
5.011374e-02,1.576261e-01,1.142353e-01,3.435164e-01,2.967783e-02,1.407451e-02,3.703072e-03,1.436515e-02,1.373960e-01,3.610170e-02,9.909275e-03,1.717013e-02,4.915985e-03,2.481062e-03,6.471379e-02
4.643032e-02,1.335137e-01,9.834123e-02,3.835625e-01,4.456058e-02,3.506330e-02,3.449751e-03,1.085307e-02,1.271218e-01,2.848506e-02,1.059933e-02,1.212408e-02,3.703951e-03,1.891508e-03,6.029980e-02
6.522483e-02,1.171643e-01,1.082284e-01,3.099608e-01,6.214703e-02,4.383599e-02,3.574734e-03,8.954473e-03,1.281553e-01,2.847754e-02,1.017190e-02,8.788691e-03,3.275049e-03,1.698122e-03,1.003429e-01
7.629129e-02,1.381127e-01,8.988167e-02,2.357104e-01,5.935757e-02,4.090252e-02,3.033865e-03,8.249419e-03,1.807291e-01,2.713356e-02,1.033951e-02,6.617839e-03,3.234953e-03,1.975833e-03,1.184299e-01
8.863795e-02,1.711614e-01,8.227050e-02,1.818358e-01,6.012589e-02,3.885897e-02,3.004174e-03,9.923486e-03,1.813337e-01,2.394980e-02,1.386134e-02,5.106141e-03,3.854208e-03,2.647279e-03,1.334294e-01
7.950099e-02,1.459314e-01,9.894429e-02,1.930518e-01,5.987431e-02,3.068607e-02,2.905428e-03,1.337684e-02,2.209553e-01,1.897012e-02,1.201061e-02,3.857082e-03,3.234728e-03,2.204696e-03,1.144964e-01
9.445329e-02,1.428435e-01,8.188444e-02,1.701801e-01,6.284886e-02,2.770097e-02,2.880262e-03,1.675767e-02,2.522855e-01,1.724446e-02,1.354800e-02,3.249000e-03,2.987262e-03,2.817230e-03,1.083195e-01
1.174679e-01,1.239743e-01,8.692243e-02,1.724294e-01,9.384685e-02,2.936934e-02,5.127578e-03,3.351539e-02,2.144708e-01,1.380877e-02,1.487188e-02,3.616337e-03,3.914999e-03,3.327878e-03,8.333604e-02
2.120908e-01,1.059970e-01,7.723115e-02,1.540452e-01,8.376275e-02,2.954661e-02,4.713719e-03,3.148580e-02,1.748315e-01,1.150644e-02,2.382781e-02,9.741489e-03,5.940178e-03,8.498644e-03,6.678098e-02
2.137002e-01,8.066326e-02,9.103860e-02,2.034563e-01,7.165153e-02,2.518632e-02,3.914633e-03,3.082674e-02,1.659543e-01,1.075415e-02,2.423131e-02,1.120152e-02,6.337608e-03,8.140576e-03,5.294299e-02
2.367003e-01,6.077132e-02,1.136292e-01,2.196066e-01,6.862580e-02,2.058172e-02,3.338567e-03,5.283681e-02,1.298681e-01,8.581159e-03,2.150252e-02,1.111448e-02,6.114868e-03,7.415166e-03,3.931345e-02
2.263544e-01,4.814320e-02,1.193736e-01,2.592067e-01,5.406495e-02,1.541483e-02,2.653676e-03,4.632111e-02,1.412102e-01,8.750718e-03,2.006652e-02,1.041904e-02,6.657278e-03,6.384537e-03,3.497929e-02
2.113953e-01,3.560134e-02,1.090619e-01,1.936697e-01,3.821020e-02,1.173064e-02,2.017891e-03,3.463292e-02,2.006558e-01,1.954774e-02,1.894035e-02,8.761735e-03,7.252681e-03,8.561281e-03,9.996041e-02
1.605321e-01,2.543639e-02,7.801522e-02,1.360126e-01,2.681361e-02,8.557738e-03,1.470219e-03,2.437787e-02,3.475870e-01,1.453045e-02,1.453256e-02,6.524188e-03,5.556423e-03,9.515980e-03,1.405376e-01
1.135495e-01,1.784179e-02,5.464338e-02,9.532207e-02,1.877643e-02,6.374355e-03,1.034561e-03,1.708271e-02,2.844312e-01,1.099161e-02,1.229503e-02,8.325102e-03,9.231415e-03,6.866807e-03,3.432341e-01
8.404849e-02,1.261075e-02,3.844370e-02,6.693638e-02,1.316046e-02,5.722167e-03,7.399369e-04,1.201983e-02,2.628176e-01,1.732723e-02,1.506942e-02,7.729381e-03,2.003575e-02,7.744102e-03,4.355948e-01
6.609966e-02,8.953948e-03,2.721813e-02,4.714825e-02,9.247483e-03,6.584205e-03,5.449655e-04,8.676179e-03,2.143924e-01,1.849238e-02,4.021078e-02,7.418366e-03,2.913730e-02,7.619736e-03,5.082563e-01
5.588083e-02,6.813691e-03,2.092981e-02,3.586173e-02,6.855727e-03,8.226415e-03,4.819349e-04,7.008279e-03,1.807246e-01,2.906471e-02,4.964012e-02,7.468173e-03,3.358324e-02,6.875847e-03,5.505849e-01
5.033177e-02,5.701433e-03,1.587875e-02,2.876204e-02,8.710498e-03,8.122144e-03,5.822772e-04,6.994329e-03,1.681252e-01,2.329187e-02,4.734887e-02,7.394751e-03,3.622282e-02,1.164723e-02,5.808861e-01
5.124854e-02,5.079588e-03,1.250500e-02,2.240243e-02,2.113122e-02,9.061553e-03,9.146511e-04,1.320195e-02,1.439719e-01,1.943092e-02,4.769451e-02,7.488758e-03,3.805619e-02,1.497157e-02,5.928413e-01
4.564202e-02,8.103618e-03,1.768090e-02,2.231811e-02,2.788171e-02,1.185468e-02,1.561708e-03,1.928344e-02,2.269002e-01,1.657228e-02,4.052417e-02,6.841083e-03,3.282422e-02,1.420523e-02,5.078067e-01
4.780477e-02,1.533005e-02,2.713959e-02,2.091232e-02,3.220881e-02,1.419577e-02,1.934393e-03,2.397252e-02,2.811230e-01,1.403362e-02,3.312394e-02,6.004033e-03,2.961155e-02,1.488159e-02,4.377240e-01
5.661764e-02,6.800128e-02,5.197877e-02,2.015130e-02,5.361719e-02,1.129468e-02,2.542903e-03,2.542484e-02,2.705995e-01,1.395397e-02,2.865128e-02,5.160116e-03,2.336494e-02,1.677643e-02,3.518652e-01
8.019063e-02,9.054174e-02,5.707151e-02,2.833734e-02,7.721944e-02,1.402345e-02,2.496761e-03,3.312147e-02,2.872730e-01,1.170028e-02,2.174930e-02,4.384599e-03,1.815846e-02,1.421547e-02,2.595166e-01
8.042175e-02,1.133907e-01,8.140957e-02,2.922024e-02,8.899748e-02,1.343868e-02,4.322666e-03,1.250964e-01,2.160789e-01,8.735536e-03,1.611393e-02,3.308302e-03,1.364071e-02,1.223183e-02,1.935934e-01
1.089535e-01,8.564742e-02,6.603697e-02,4.143000e-02,7.547072e-02,1.023570e-02,6.500594e-03,2.741061e-01,1.549887e-01,6.905606e-03,1.175804e-02,2.608309e-03,1.006106e-02,9.064283e-03,1.362330e-01
1.038515e-01,6.772901e-02,5.286287e-02,3.823011e-02,6.876057e-02,7.797643e-03,7.369047e-03,4.150803e-01,1.112294e-01,5.227024e-03,8.708971e-03,2.092683e-03,7.475498e-03,7.170333e-03,9.641510e-02
