1.000000e+00,0.000000e+00,0.000000e+00,0.000000e+00,0.000000e+00,0.000000e+00,0.000000e+00,0.000000e+00,0.000000e+00,0.000000e+00,0.000000e+00,0.000000e+00,0.000000e+00,0.000000e+00,0.000000e+00
1.000000e+00,0.000000e+00,0.000000e+00,0.000000e+00,0.000000e+00,0.000000e+00,0.000000e+00,0.000000e+00,0.000000e+00,0.000000e+00,0.000000e+00,0.000000e+00,0.000000e+00,0.000000e+00,0.000000e+00
1.000000e+00,0.000000e+00,0.000000e+00,0.000000e+00,0.000000e+00,0.000000e+00,0.000000e+00,0.000000e+00,0.000000e+00,0.000000e+00,0.000000e+00,0.000000e+00,0.000000e+00,0.000000e+00,0.000000e+00
1.000000e+00,0.000000e+00,0.000000e+00,0.000000e+00,0.000000e+00,0.000000e+00,0.000000e+00,0.000000e+00,0.000000e+00,0.000000e+00,0.000000e+00,0.000000e+00,0.000000e+00,0.000000e+00,0.000000e+00
1.000000e+00,0.000000e+00,0.000000e+00,0.000000e+00,0.000000e+00,0.000000e+00,0.000000e+00,0.000000e+00,0.000000e+00,0.000000e+00,0.000000e+00,0.000000e+00,0.000000e+00,0.000000e+00,0.000000e+00
1.000000e+00,0.000000e+00,0.000000e+00,0.000000e+00,0.000000e+00,0.000000e+00,0.000000e+00,0.000000e+00,0.000000e+00,0.000000e+00,0.000000e+00,0.000000e+00,0.000000e+00,0.000000e+00,0.000000e+00
1.000000e+00,0.000000e+00,0.000000e+00,0.000000e+00,0.000000e+00,0.000000e+00,0.000000e+00,0.000000e+00,0.000000e+00,0.000000e+00,0.000000e+00,0.000000e+00,0.000000e+00,0.000000e+00,0.000000e+00
1.000000e+00,0.000000e+00,0.000000e+00,0.000000e+00,0.000000e+00,0.000000e+00,0.000000e+00,0.000000e+00,0.000000e+00,0.000000e+00,0.000000e+00,0.000000e+00,0.000000e+00,0.000000e+00,0.000000e+00
1.000000e+00,0.000000e+00,0.000000e+00,0.000000e+00,0.000000e+00,0.000000e+00,0.000000e+00,0.000000e+00,0.000000e+00,0.000000e+00,0.000000e+00,0.000000e+00,0.000000e+00,0.000000e+00,0.000000e+00
1.000000e+00,0.000000e+00,0.000000e+00,0.000000e+00,0.000000e+00,0.000000e+00,0.000000e+00,0.000000e+00,0.000000e+00,0.000000e+00,0.000000e+00,0.000000e+00,0.000000e+00,0.000000e+00,0.000000e+00
1.000000e+00,0.000000e+00,0.000000e+00,0.000000e+00,0.000000e+00,0.000000e+00,0.000000e+00,0.000000e+00,0.000000e+00,0.000000e+00,0.000000e+00,0.000000e+00,0.000000e+00,0.000000e+00,0.000000e+00
1.000000e+00,0.000000e+00,0.000000e+00,0.000000e+00,0.000000e+00,0.000000e+00,0.000000e+00,0.000000e+00,0.000000e+00,0.000000e+00,0.000000e+00,0.000000e+00,0.000000e+00,0.000000e+00,0.000000e+00
1.000000e+00,0.000000e+00,0.000000e+00,0.000000e+00,0.000000e+00,0.000000e+00,0.000000e+00,0.000000e+00,0.000000e+00,0.000000e+00,0.000000e+00,0.000000e+00,0.000000e+00,0.000000e+00,0.000000e+00
1.000000e+00,0.000000e+00,0.000000e+00,0.000000e+00,0.000000e+00,0.000000e+00,0.000000e+00,0.000000e+00,0.000000e+00,0.000000e+00,0.000000e+00,0.000000e+00,0.000000e+00,0.000000e+00,0.000000e+00
1.000000e+00,0.000000e+00,0.000000e+00,0.000000e+00,0.000000e+00,0.000000e+00,0.000000e+00,0.000000e+00,0.000000e+00,0.000000e+00,0.000000e+00,0.000000e+00,0.000000e+00,0.000000e+00,0.000000e+00
1.000000e+00,0.000000e+00,0.000000e+00,0.000000e+00,0.000000e+00,0.000000e+00,0.000000e+00,0.000000e+00,0.000000e+00,0.000000e+00,0.000000e+00,0.000000e+00,0.000000e+00,0.000000e+00,0.000000e+00
1.000000e+00,0.000000e+00,0.000000e+00,0.000000e+00,0.000000e+00,0.000000e+00,0.000000e+00,0.000000e+00,0.000000e+00,0.000000e+00,0.000000e+00,0.000000e+00,0.000000e+00,0.000000e+00,0.000000e+00
1.000000e+00,0.000000e+00,0.000000e+00,0.000000e+00,0.000000e+00,0.000000e+00,0.000000e+00,0.000000e+00,0.000000e+00,0.000000e+00,0.000000e+00,0.000000e+00,0.000000e+00,0.000000e+00,0.000000e+00
1.000000e+00,0.000000e+00,0.000000e+00,0.000000e+00,0.000000e+00,0.000000e+00,0.000000e+00,0.000000e+00,0.000000e+00,0.000000e+00,0.000000e+00,0.000000e+00,0.000000e+00,0.000000e+00,0.000000e+00
1.000000e+00,0.000000e+00,0.000000e+00,0.000000e+00,0.000000e+00,0.000000e+00,0.000000e+00,0.000000e+00,0.000000e+00,0.000000e+00,0.000000e+00,0.000000e+00,0.000000e+00,0.000000e+00,0.000000e+00
1.000000e+00,0.000000e+00,0.000000e+00,0.000000e+00,0.000000e+00,0.000000e+00,0.000000e+00,0.000000e+00,0.000000e+00,0.000000e+00,0.000000e+00,0.000000e+00,0.000000e+00,0.000000e+00,0.000000e+00
1.000000e+00,0.000000e+00,0.000000e+00,0.000000e+00,0.000000e+00,0.000000e+00,0.000000e+00,0.000000e+00,0.000000e+00,0.000000e+00,0.000000e+00,0.000000e+00,0.000000e+00,0.000000e+00,0.000000e+00
1.000000e+00,0.000000e+00,0.000000e+00,0.000000e+00,0.000000e+00,0.000000e+00,0.000000e+00,0.000000e+00,0.000000e+00,0.000000e+00,0.000000e+00,0.000000e+00,0.000000e+00,0.000000e+00,0.000000e+00
1.000000e+00,0.000000e+00,0.000000e+00,0.000000e+00,0.000000e+00,0.000000e+00,0.000000e+00,0.000000e+00,0.000000e+00,0.000000e+00,0.000000e+00,0.000000e+00,0.000000e+00,0.000000e+00,0.000000e+00
1.000000e+00,0.000000e+00,0.000000e+00,0.000000e+00,0.000000e+00,0.000000e+00,0.000000e+00,0.000000e+00,0.000000e+00,0.000000e+00,0.000000e+00,0.000000e+00,0.000000e+00,0.000000e+00,0.000000e+00
1.000000e+00,0.000000e+00,0.000000e+00,0.000000e+00,0.000000e+00,0.000000e+00,0.000000e+00,0.000000e+00,0.000000e+00,0.000000e+00,0.000000e+00,0.000000e+00,0.000000e+00,0.000000e+00,0.000000e+00
1.000000e+00,0.000000e+00,0.000000e+00,0.000000e+00,0.000000e+00,0.000000e+00,0.000000e+00,0.000000e+00,0.000000e+00,0.000000e+00,0.000000e+00,0.000000e+00,0.000000e+00,0.000000e+00,0.000000e+00
1.000000e+00,0.000000e+00,0.000000e+00,0.000000e+00,0.000000e+00,0.000000e+00,0.000000e+00,0.000000e+00,0.000000e+00,0.000000e+00,0.000000e+00,0.000000e+00,0.000000e+00,0.000000e+00,0.000000e+00
1.000000e+00,0.000000e+00,0.000000e+00,0.000000e+00,0.000000e+00,0.000000e+00,0.000000e+00,0.000000e+00,0.000000e+00,0.000000e+00,0.000000e+00,0.000000e+00,0.000000e+00,0.000000e+00,0.000000e+00
1.000000e+00,0.000000e+00,0.000000e+00,0.000000e+00,0.000000e+00,0.000000e+00,0.000000e+00,0.000000e+00,0.000000e+00,0.000000e+00,0.000000e+00,0.000000e+00,0.000000e+00,0.000000e+00,0.000000e+00
1.000000e+00,0.000000e+00,0.000000e+00,0.000000e+00,0.000000e+00,0.000000e+00,0.000000e+00,0.000000e+00,0.000000e+00,0.000000e+00,0.000000e+00,0.000000e+00,0.000000e+00,0.000000e+00,0.000000e+00
1.000000e+00,0.000000e+00,0.000000e+00,0.000000e+00,0.000000e+00,0.000000e+00,0.000000e+00,0.000000e+00,0.000000e+00,0.000000e+00,0.000000e+00,0.000000e+00,0.000000e+00,0.000000e+00,0.000000e+00
1.000000e+00,0.000000e+00,0.000000e+00,0.000000e+00,0.000000e+00,0.000000e+00,0.000000e+00,0.000000e+00,0.000000e+00,0.000000e+00,0.000000e+00,0.000000e+00,0.000000e+00,0.000000e+00,0.000000e+00
1.000000e+00,0.000000e+00,0.000000e+00,0.000000e+00,0.000000e+00,0.000000e+00,0.000000e+00,0.000000e+00,0.000000e+00,0.000000e+00,0.000000e+00,0.000000e+00,0.000000e+00,0.000000e+00,0.000000e+00
1.000000e+00,0.000000e+00,0.000000e+00,0.000000e+00,0.000000e+00,0.000000e+00,0.000000e+00,0.000000e+00,0.000000e+00,0.000000e+00,0.000000e+00,0.000000e+00,0.000000e+00,0.000000e+00,0.000000e+00
1.000000e+00,0.000000e+00,0.000000e+00,0.000000e+00,0.000000e+00,0.000000e+00,0.000000e+00,0.000000e+00,0.000000e+00,0.000000e+00,0.000000e+00,0.000000e+00,0.000000e+00,0.000000e+00,0.000000e+00
1.000000e+00,0.000000e+00,0.000000e+00,0.000000e+00,0.000000e+00,0.000000e+00,0.000000e+00,0.000000e+00,0.000000e+00,0.000000e+00,0.000000e+00,0.000000e+00,0.000000e+00,0.000000e+00,0.000000e+00
1.000000e+00,0.000000e+00,0.000000e+00,0.000000e+00,0.000000e+00,0.000000e+00,0.000000e+00,0.000000e+00,0.000000e+00,0.000000e+00,0.000000e+00,0.000000e+00,0.000000e+00,0.000000e+00,0.000000e+00
1.000000e+00,0.000000e+00,0.000000e+00,0.000000e+00,0.000000e+00,0.000000e+00,0.000000e+00,0.000000e+00,0.000000e+00,0.000000e+00,0.000000e+00,0.000000e+00,0.000000e+00,0.000000e+00,0.000000e+00
1.000000e+00,0.000000e+00,0.000000e+00,0.000000e+00,0.000000e+00,0.000000e+00,0.000000e+00,0.000000e+00,0.000000e+00,0.000000e+00,0.000000e+00,0.000000e+00,0.000000e+00,0.000000e+00,0.000000e+00
1.000000e+00,0.000000e+00,0.000000e+00,0.000000e+00,0.000000e+00,0.000000e+00,0.000000e+00,0.000000e+00,0.000000e+00,0.000000e+00,0.000000e+00,0.000000e+00,0.000000e+00,0.000000e+00,0.000000e+00
1.000000e+00,0.000000e+00,0.000000e+00,0.000000e+00,0.000000e+00,0.000000e+00,0.000000e+00,0.000000e+00,0.000000e+00,0.000000e+00,0.000000e+00,0.000000e+00,0.000000e+00,0.000000e+00,0.000000e+00
1.000000e+00,0.000000e+00,0.000000e+00,0.000000e+00,0.000000e+00,0.000000e+00,0.000000e+00,0.000000e+00,0.000000e+00,0.000000e+00,0.000000e+00,0.000000e+00,0.000000e+00,0.000000e+00,0.000000e+00
1.000000e+00,0.000000e+00,0.000000e+00,0.000000e+00,0.000000e+00,0.000000e+00,0.000000e+00,0.000000e+00,0.000000e+00,0.000000e+00,0.000000e+00,0.000000e+00,0.000000e+00,0.000000e+00,0.000000e+00
1.000000e+00,0.000000e+00,0.000000e+00,0.000000e+00,0.000000e+00,0.000000e+00,0.000000e+00,0.000000e+00,0.000000e+00,0.000000e+00,0.000000e+00,0.000000e+00,0.000000e+00,0.000000e+00,0.000000e+00
1.000000e+00,0.000000e+00,0.000000e+00,0.000000e+00,0.000000e+00,0.000000e+00,0.000000e+00,0.000000e+00,0.000000e+00,0.000000e+00,0.000000e+00,0.000000e+00,0.000000e+00,0.000000e+00,0.000000e+00
1.000000e+00,0.000000e+00,0.000000e+00,0.000000e+00,0.000000e+00,0.000000e+00,0.000000e+00,0.000000e+00,0.000000e+00,0.000000e+00,0.000000e+00,0.000000e+00,0.000000e+00,0.000000e+00,0.000000e+00
1.000000e+00,0.000000e+00,0.000000e+00,0.000000e+00,0.000000e+00,0.000000e+00,0.000000e+00,0.000000e+00,0.000000e+00,0.000000e+00,0.000000e+00,0.000000e+00,0.000000e+00,0.000000e+00,0.000000e+00
1.000000e+00,0.000000e+00,0.000000e+00,0.000000e+00,0.000000e+00,0.000000e+00,0.000000e+00,0.000000e+00,0.000000e+00,0.000000e+00,0.000000e+00,0.000000e+00,0.000000e+00,0.000000e+00,0.000000e+00
1.000000e+00,0.000000e+00,0.000000e+00,0.000000e+00,0.000000e+00,0.000000e+00,0.000000e+00,0.000000e+00,0.000000e+00,0.000000e+00,0.000000e+00,0.000000e+00,0.000000e+00,0.000000e+00,0.000000e+00
1.000000e+00,0.000000e+00,0.000000e+00,0.000000e+00,0.000000e+00,0.000000e+00,0.000000e+00,0.000000e+00,0.000000e+00,0.000000e+00,0.000000e+00,0.000000e+00,0.000000e+00,0.000000e+00,0.000000e+00
1.000000e+00,0.000000e+00,0.000000e+00,0.000000e+00,0.000000e+00,0.000000e+00,0.000000e+00,0.000000e+00,0.000000e+00,0.000000e+00,0.000000e+00,0.000000e+00,0.000000e+00,0.000000e+00,0.000000e+00
1.000000e+00,0.000000e+00,0.000000e+00,0.000000e+00,0.000000e+00,0.000000e+00,0.000000e+00,0.000000e+00,0.000000e+00,0.000000e+00,0.000000e+00,0.000000e+00,0.000000e+00,0.000000e+00,0.000000e+00
1.000000e+00,0.000000e+00,0.000000e+00,0.000000e+00,0.000000e+00,0.000000e+00,0.000000e+00,0.000000e+00,0.000000e+00,0.000000e+00,0.000000e+00,0.000000e+00,0.000000e+00,0.000000e+00,0.000000e+00
1.000000e+00,0.000000e+00,0.000000e+00,0.000000e+00,0.000000e+00,0.000000e+00,0.000000e+00,0.000000e+00,0.000000e+00,0.000000e+00,0.000000e+00,0.000000e+00,0.000000e+00,0.000000e+00,0.000000e+00
1.000000e+00,0.000000e+00,0.000000e+00,0.000000e+00,0.000000e+00,0.000000e+00,0.000000e+00,0.000000e+00,0.000000e+00,0.000000e+00,0.000000e+00,0.000000e+00,0.000000e+00,0.000000e+00,0.000000e+00
1.000000e+00,0.000000e+00,0.000000e+00,0.000000e+00,0.000000e+00,0.000000e+00,0.000000e+00,0.000000e+00,0.000000e+00,0.000000e+00,0.000000e+00,0.000000e+00,0.000000e+00,0.000000e+00,0.000000e+00
1.000000e+00,0.000000e+00,0.000000e+00,0.000000e+00,0.000000e+00,0.000000e+00,0.000000e+00,0.000000e+00,0.000000e+00,0.000000e+00,0.000000e+00,0.000000e+00,0.000000e+00,0.000000e+00,0.000000e+00
1.000000e+00,0.000000e+00,0.000000e+00,0.000000e+00,0.000000e+00,0.000000e+00,0.000000e+00,0.000000e+00,0.000000e+00,0.000000e+00,0.000000e+00,0.000000e+00,0.000000e+00,0.000000e+00,0.000000e+00
1.000000e+00,0.000000e+00,0.000000e+00,0.000000e+00,0.000000e+00,0.000000e+00,0.000000e+00,0.000000e+00,0.000000e+00,0.000000e+00,0.000000e+00,0.000000e+00,0.000000e+00,0.000000e+00,0.000000e+00
1.000000e+00,0.000000e+00,0.000000e+00,0.000000e+00,0.000000e+00,0.000000e+00,0.000000e+00,0.000000e+00,0.000000e+00,0.000000e+00,0.000000e+00,0.000000e+00,0.000000e+00,0.000000e+00,0.000000e+00
1.000000e+00,0.000000e+00,0.000000e+00,0.000000e+00,0.000000e+00,0.000000e+00,0.000000e+00,0.000000e+00,0.000000e+00,0.000000e+00,0.000000e+00,0.000000e+00,0.000000e+00,0.000000e+00,0.000000e+00
4.517558e-01,8.632128e-03,5.639191e-02,1.233757e-02,2.458319e-03,2.127041e-02,3.256528e-03,3.769836e-02,1.066239e-01,4.453396e-03,6.738831e-02,1.021360e-02,8.392947e-03,1.363465e-01,7.278029e-02
3.285790e-01,7.539439e-03,4.277868e-02,9.124455e-03,1.879409e-03,1.665692e-02,2.420816e-03,2.713076e-02,2.414999e-01,5.272000e-03,8.446862e-02,7.643390e-03,6.212107e-03,1.513913e-01,6.740320e-02
2.306546e-01,5.591473e-03,3.012068e-02,6.546461e-03,1.393865e-03,1.203818e-02,1.737278e-03,1.917765e-02,2.561646e-01,4.484472e-03,1.341048e-01,6.441970e-03,4.616387e-03,2.389552e-01,4.797253e-02
1.619192e-01,4.017789e-03,2.110614e-02,5.038105e-03,1.284305e-03,8.541916e-03,1.233483e-03,1.350994e-02,2.116178e-01,3.646268e-03,3.262045e-01,8.311701e-03,4.344065e-03,1.943861e-01,3.483862e-02
1.134850e-01,2.856457e-03,1.479298e-02,3.722636e-03,1.117980e-03,6.052774e-03,8.796119e-04,9.494959e-03,1.582611e-01,4.081366e-03,4.834206e-01,9.160063e-03,3.538135e-03,1.645191e-01,2.461727e-02
7.957370e-02,2.293211e-03,1.039303e-02,2.841059e-03,1.277945e-03,4.524641e-03,6.362461e-04,6.803188e-03,1.137117e-01,3.396337e-03,6.178353e-01,9.031199e-03,3.160427e-03,1.270291e-01,1.749295e-02
5.583413e-02,1.762495e-03,7.301224e-03,2.166252e-03,1.204733e-03,3.783779e-03,4.584274e-04,4.861669e-03,8.335455e-02,3.029766e-03,6.853628e-01,1.133942e-02,2.667915e-03,1.244817e-01,1.239118e-02
3.914600e-02,2.194624e-03,5.235498e-03,1.808643e-03,2.293340e-03,6.076117e-03,3.760460e-04,3.672674e-03,6.099220e-02,4.393929e-03,6.850273e-01,1.395729e-02,2.307381e-03,1.637360e-01,8.782941e-03
2.754294e-02,2.639342e-03,3.878335e-03,1.965103e-03,5.440752e-03,9.036914e-03,3.525660e-04,3.086200e-03,4.897677e-02,4.867457e-03,6.367086e-01,1.536165e-02,1.816809e-03,2.319621e-01,6.364475e-03
1.942170e-02,2.569409e-03,2.956638e-03,1.887801e-03,6.462900e-03,7.931585e-03,2.921449e-04,2.636950e-03,4.425101e-02,4.950763e-03,6.140463e-01,1.815015e-02,1.377235e-03,2.683582e-01,4.707326e-03
1.385690e-02,2.403821e-03,2.408130e-03,2.134876e-03,8.505901e-03,6.698781e-03,3.332810e-04,3.670407e-03,3.493650e-02,5.252483e-03,6.336662e-01,1.757930e-02,1.299899e-03,2.638004e-01,3.453183e-03
9.763188e-03,2.390241e-03,1.863500e-03,1.942764e-03,1.566740e-02,6.365653e-03,4.047017e-04,3.180813e-03,2.869592e-02,5.258058e-03,5.400398e-01,1.440299e-02,1.317365e-03,3.661580e-01,2.549653e-03
6.958209e-03,2.425787e-03,1.451544e-03,2.613584e-03,6.552759e-02,1.373790e-02,7.586251e-04,3.226959e-03,2.551031e-02,5.319406e-03,4.346003e-01,1.232918e-02,1.221935e-03,4.223878e-01,1.930957e-03
1.400340e-02,4.239389e-03,3.480985e-03,1.061015e-02,7.298554e-02,1.437406e-02,1.997917e-03,2.824291e-02,3.540628e-02,8.113527e-03,4.105788e-01,1.717233e-02,2.850567e-03,3.727510e-01,3.193122e-03
1.830827e-02,4.620629e-03,1.277830e-02,1.415586e-02,5.960793e-02,1.714776e-02,2.996605e-03,1.824445e-01,3.784372e-02,1.413059e-02,3.200310e-01,1.506581e-02,3.722068e-03,2.937817e-01,3.365210e-03
2.009033e-02,1.488582e-02,2.207581e-02,8.887243e-02,6.636823e-02,1.859029e-02,2.364448e-03,1.595731e-01,1.305582e-01,1.698472e-02,2.309513e-01,1.178541e-02,3.524319e-03,2.073085e-01,6.067025e-03
3.075368e-02,2.281561e-02,3.166620e-02,7.676663e-02,7.028820e-02,4.364807e-02,2.206362e-03,1.543252e-01,2.058342e-01,1.852763e-02,1.753472e-01,1.022770e-02,3.465769e-03,1.477511e-01,6.376421e-03
4.052524e-02,2.374041e-02,1.079178e-01,1.200012e-01,7.255704e-02,4.519281e-02,2.139778e-03,1.359113e-01,1.821764e-01,1.804410e-02,1.288611e-01,8.235849e-03,3.666011e-03,1.036260e-01,7.404854e-03
6.105468e-02,3.215733e-02,1.410757e-01,9.929790e-02,6.555330e-02,3.464375e-02,2.014337e-03,1.474819e-01,2.112016e-01,1.465732e-02,9.602647e-02,6.610931e-03,3.244152e-03,7.617617e-02,8.804376e-03
5.597551e-02,3.400557e-02,1.365491e-01,1.091672e-01,5.484443e-02,2.667534e-02,1.606451e-03,2.145787e-01,2.166328e-01,1.145270e-02,6.846830e-02,5.012185e-03,2.952266e-03,5.450085e-02,7.578648e-03
4.419213e-02,2.664822e-02,1.116772e-01,8.547707e-02,4.222982e-02,1.929203e-02,1.174080e-03,3.923124e-01,1.705829e-01,8.167864e-03,4.840977e-02,3.585151e-03,2.145784e-03,3.853348e-02,5.572030e-03
3.526749e-02,1.908211e-02,8.846689e-02,6.490422e-02,3.316222e-02,1.380559e-02,9.127888e-04,5.473802e-01,1.220107e-01,5.749054e-03,3.406389e-02,2.560280e-03,1.539504e-03,2.715424e-02,3.940808e-03
4.175160e-02,1.529544e-02,6.796162e-02,4.737821e-02,3.326323e-02,1.045415e-02,8.606719e-04,6.343858e-01,9.130075e-02,4.152922e-03,2.535507e-02,2.672763e-03,2.296565e-03,1.939267e-02,3.478565e-03
3.036535e-02,1.116511e-02,4.841240e-02,4.060337e-02,2.831186e-02,8.951576e-03,7.189904e-04,4.671208e-01,6.583002e-02,7.367416e-03,4.136280e-02,1.593213e-01,7.182945e-02,1.543149e-02,3.207994e-03
2.231468e-02,8.244536e-03,3.430346e-02,3.326998e-02,2.124467e-02,7.408652e-03,5.852239e-04,3.505601e-01,4.757828e-02,8.378933e-03,5.497317e-02,2.656588e-01,1.265722e-01,1.584507e-02,3.062202e-03
3.552718e-02,6.496897e-03,2.544174e-02,3.107185e-02,1.993718e-02,9.516133e-03,5.891998e-04,2.528395e-01,3.634172e-02,7.350415e-03,5.923435e-02,3.462092e-01,1.476911e-01,1.849604e-02,3.257457e-03
7.244717e-02,5.003587e-03,1.839823e-02,2.381736e-02,1.690713e-02,1.335177e-02,7.423082e-04,1.812923e-01,3.055357e-02,5.698902e-03,5.792367e-02,4.188279e-01,1.231252e-01,2.887372e-02,3.037194e-03
7.671407e-02,4.239126e-03,1.329590e-02,1.783746e-02,1.587600e-02,1.157879e-02,6.851881e-04,1.297357e-01,2.707509e-02,4.607556e-03,5.498099e-02,5.113465e-01,1.066841e-01,2.290785e-02,2.435785e-03
6.056485e-02,3.885048e-03,9.761033e-03,1.330677e-02,1.385516e-02,1.012717e-02,6.042914e-04,9.171062e-02,2.280008e-02,4.556079e-03,5.432720e-02,6.109938e-01,8.185802e-02,1.943100e-02,2.218882e-03
5.324775e-02,4.163055e-03,7.504416e-03,9.977245e-03,1.213711e-02,9.254474e-03,5.161768e-04,6.686041e-02,2.092067e-02,4.961010e-03,5.346081e-02,6.745848e-01,6.395572e-02,1.643983e-02,2.016545e-03
4.121978e-02,6.734251e-03,6.702829e-03,7.830066e-03,1.375077e-02,9.469222e-03,4.552407e-04,4.889363e-02,1.630041e-02,4.412012e-03,6.264400e-02,7.187841e-01,4.780784e-02,1.329109e-02,1.704791e-03
2.936742e-02,7.050544e-03,5.578412e-03,5.689083e-03,1.162165e-02,8.858318e-03,3.403685e-04,3.465488e-02,1.190231e-02,3.890745e-03,5.515095e-02,7.804067e-01,3.451747e-02,9.626845e-03,1.344371e-03
2.432959e-02,5.896745e-03,6.223914e-03,4.373822e-03,1.434514e-02,1.123392e-02,7.539120e-04,2.573995e-02,9.065598e-03,3.379209e-03,4.551081e-02,8.153551e-01,2.468590e-02,7.942579e-03,1.163814e-03
2.068366e-02,7.033941e-03,5.415448e-03,3.264528e-03,1.152915e-02,8.408979e-03,5.675455e-04,1.837347e-02,7.040276e-03,2.788616e-03,5.453737e-02,8.350071e-01,1.752185e-02,6.935996e-03,8.921557e-04
2.040450e-02,8.962426e-03,5.219536e-03,2.424844e-03,9.675324e-03,6.266637e-03,4.256307e-04,1.306000e-02,5.627068e-03,2.564465e-03,5.499659e-02,8.511044e-01,1.256584e-02,5.985993e-03,7.167726e-04
1.954120e-02,7.032249e-03,5.562320e-03,2.422547e-03,8.818761e-03,6.365040e-03,1.217652e-03,1.045145e-02,4.930777e-03,2.388292e-03,6.386580e-02,8.527604e-01,8.973164e-03,4.979149e-03,6.911958e-04
2.165660e-02,7.718133e-03,1.162605e-02,2.922182e-03,9.591953e-03,5.810144e-03,1.494595e-03,1.018651e-02,5.297372e-03,2.177747e-03,6.581234e-02,8.432946e-01,6.494483e-03,4.965669e-03,9.515871e-04
1.896017e-02,6.079700e-03,1.157757e-02,3.908533e-03,1.837867e-02,5.688192e-03,2.320567e-03,2.335569e-02,5.392730e-03,1.909940e-03,5.470596e-02,8.379502e-01,4.633558e-03,4.337537e-03,8.009457e-04
2.166566e-02,5.863809e-03,1.382815e-02,8.165747e-03,2.697179e-02,9.208342e-03,2.329242e-03,5.589641e-02,6.332487e-03,1.662546e-03,5.965703e-02,7.806633e-01,3.315215e-03,3.517441e-03,9.228613e-04
1.863351e-02,6.715554e-03,1.467278e-02,8.578839e-03,1.333895e-01,1.266727e-02,2.342015e-03,5.507588e-02,2.663984e-02,1.591851e-03,6.884442e-02,6.442058e-01,2.442902e-03,3.119095e-03,1.080786e-03
1.995837e-02,1.129682e-02,1.680511e-02,9.124252e-03,1.428170e-01,1.210378e-02,2.210130e-03,1.151946e-01,8.251414e-02,4.464449e-03,6.765002e-02,5.070543e-01,2.150967e-03,4.378042e-03,2.277986e-03
2.100611e-02,2.907924e-02,1.428378e-02,1.039541e-02,1.260582e-01,1.530294e-02,1.730356e-03,9.165163e-02,2.222245e-01,1.048633e-02,6.015464e-02,3.874337e-01,2.102184e-03,4.789803e-03,3.301216e-03
2.442702e-02,2.284662e-02,1.854432e-02,3.800777e-02,1.164367e-01,1.487908e-02,1.624733e-03,8.199480e-02,3.193064e-01,9.881712e-03,5.309821e-02,2.901286e-01,1.946644e-03,3.749152e-03,3.128289e-03
4.377788e-02,1.988974e-02,1.741392e-02,8.188698e-02,8.583561e-02,1.718299e-02,1.277997e-03,5.893363e-02,3.389890e-01,1.117218e-02,8.553922e-02,2.232841e-01,6.460684e-03,4.280384e-03,4.075691e-03
4.183213e-02,1.584438e-02,1.412044e-02,1.186211e-01,6.284187e-02,1.316314e-02,9.543731e-04,4.240017e-02,2.985721e-01,1.008423e-02,1.890694e-01,1.731463e-01,1.176653e-02,3.765593e-03,3.818179e-03
6.375204e-02,1.203978e-02,1.112411e-02,1.102096e-01,4.759277e-02,1.041856e-02,7.048018e-04,2.994527e-02,2.315530e-01,1.196401e-02,2.587846e-01,1.492965e-01,5.122514e-02,6.709847e-03,4.680135e-03
5.588946e-02,8.904879e-03,8.333901e-03,8.626556e-02,4.420010e-02,7.754911e-03,5.326813e-04,2.156924e-02,1.710493e-01,1.064556e-02,3.139984e-01,1.421867e-01,1.146139e-01,9.276215e-03,4.779229e-03
5.145358e-02,9.896101e-03,6.941493e-03,6.427684e-02,4.674876e-02,6.202219e-03,4.923816e-04,1.887973e-02,1.285335e-01,1.771285e-02,3.418219e-01,1.471838e-01,1.395458e-01,1.635839e-02,3.952695e-03
4.523662e-02,9.742208e-03,6.223666e-03,5.223618e-02,4.260837e-02,5.894367e-03,4.551662e-04,1.660161e-02,1.060253e-01,2.520917e-02,4.089796e-01,1.169261e-01,1.231998e-01,3.504378e-02,5.618076e-03
3.820605e-02,9.888004e-03,4.896683e-03,3.940305e-02,3.170109e-02,6.112580e-03,4.135471e-04,1.466844e-02,8.686042e-02,5.957507e-02,4.597895e-01,9.076635e-02,1.011162e-01,5.101021e-02,5.592920e-03
3.044230e-02,9.547782e-03,4.538405e-03,2.932395e-02,3.217653e-02,5.115818e-03,5.540227e-04,2.507924e-02,1.156550e-01,1.738959e-01,3.830953e-01,6.541501e-02,7.940608e-02,4.113761e-02,4.617140e-03
2.459834e-02,7.267948e-03,5.934197e-03,2.386826e-02,3.055713e-02,4.058249e-03,2.715130e-03,2.400075e-01,8.334450e-02,1.506194e-01,2.849952e-01,4.742386e-02,6.008161e-02,3.086276e-02,3.665886e-03
3.255991e-02,6.165511e-03,1.372134e-02,2.554810e-02,2.612262e-02,2.050627e-02,8.795469e-03,3.215018e-01,5.930011e-02,1.633520e-01,2.190050e-01,3.455922e-02,4.344466e-02,2.250565e-02,2.912301e-03
5.968620e-02,6.617080e-03,2.791082e-02,3.119537e-02,2.335496e-02,4.898701e-02,2.342273e-02,3.374276e-01,4.277116e-02,1.496500e-01,1.678593e-01,2.931820e-02,3.291743e-02,1.647506e-02,2.407084e-03
8.053626e-02,7.011141e-03,5.038867e-02,3.275115e-02,2.398134e-02,5.138998e-02,3.446663e-02,3.372912e-01,3.177648e-02,1.408396e-01,1.350510e-01,2.999517e-02,3.038554e-02,1.212638e-02,2.009534e-03
1.051847e-01,5.600133e-03,4.335801e-02,2.800301e-02,2.017068e-02,4.121765e-02,3.016561e-02,4.230704e-01,2.364797e-02,1.164425e-01,1.050857e-01,2.378448e-02,2.366094e-02,8.860182e-03,1.748027e-03
8.434577e-02,4.016291e-03,3.198083e-02,2.232479e-02,1.587852e-02,3.012231e-02,2.526320e-02,5.684652e-01,1.698985e-02,8.387528e-02,7.514526e-02,1.702140e-02,1.701775e-02,6.265590e-03,1.287919e-03
7.449741e-02,3.005399e-03,2.467949e-02,1.682932e-02,1.689256e-02,2.692970e-02,2.432711e-02,6.534405e-01,1.226799e-02,6.051058e-02,5.441174e-02,1.288098e-02,1.353007e-02,4.529860e-03,1.267329e-03
6.275275e-02,2.274017e-03,1.874952e-02,1.282922e-02,1.590844e-02,2.005542e-02,1.887409e-02,7.343083e-01,9.127183e-03,4.249683e-02,3.872710e-02,9.697103e-03,9.861893e-03,3.228862e-03,1.109270e-03
4.785547e-02,1.661398e-03,1.362297e-02,9.613048e-03,1.901576e-02,1.463874e-02,1.505856e-02,7.971902e-01,6.758457e-03,2.978271e-02,2.738938e-02,6.992253e-03,7.246693e-03,2.282616e-03,8.918074e-04
3.624235e-02,1.258330e-03,1.042766e-02,7.628520e-03,2.155776e-02,1.077071e-02,1.192065e-02,8.424976e-01,4.961914e-03,2.088275e-02,1.932804e-02,4.974834e-03,5.184956e-03,1.627275e-03,7.366259e-04
2.806672e-02,1.011020e-03,9.246943e-03,6.428468e-03,2.700251e-02,8.336867e-03,1.161555e-02,8.671938e-01,3.596335e-03,1.464455e-02,1.362215e-02,3.540153e-03,3.852255e-03,1.168881e-03,6.738530e-04
2.606831e-02,8.262166e-04,8.692982e-03,5.662906e-03,2.511768e-02,7.253033e-03,1.048112e-02,8.859437e-01,2.691085e-03,1.029476e-02,9.698768e-03,2.646406e-03,2.997234e-03,8.745247e-04,7.513593e-04
2.082323e-02,6.125930e-04,6.779787e-03,4.197402e-03,1.989068e-02,6.153582e-03,8.105305e-03,9.118084e-01,1.937788e-03,7.240037e-03,6.961583e-03,1.957237e-03,2.292958e-03,6.272021e-04,6.122235e-04
2.574069e-02,6.856443e-04,5.517779e-03,5.251493e-03,1.573210e-02,1.024198e-02,5.941041e-03,8.394036e-01,4.093016e-03,1.231453e-02,2.138587e-02,2.763547e-02,1.958296e-02,4.379650e-03,2.094130e-03
2.749636e-02,8.242701e-04,4.030234e-03,5.041202e-03,1.280686e-02,9.912210e-03,4.352903e-03,6.473767e-01,4.350071e-02,1.155661e-02,1.448232e-01,3.985763e-02,2.021865e-02,2.548916e-02,2.713242e-03
4.353621e-02,1.577707e-03,3.174031e-03,6.704642e-03,1.229182e-02,1.166811e-02,4.213353e-03,5.327396e-01,4.381640e-02,1.140708e-02,1.828510e-01,6.131268e-02,2.641933e-02,5.376276e-02,4.525167e-03
4.043996e-02,2.747139e-03,2.668655e-03,5.714593e-03,1.057844e-02,1.511929e-02,3.461997e-03,3.989321e-01,6.804524e-02,5.920865e-02,2.206946e-01,5.342204e-02,2.465831e-02,8.766524e-02,6.643668e-03
6.499320e-02,3.250386e-03,2.457717e-03,5.470271e-03,9.378718e-03,1.396896e-02,2.817941e-03,2.908708e-01,7.335668e-02,5.136617e-02,2.655610e-01,8.068582e-02,1.948186e-02,1.078071e-01,8.533208e-03
7.034874e-02,3.763559e-03,2.340084e-03,4.237080e-03,7.892516e-03,1.341853e-02,2.272918e-03,2.087528e-01,6.375510e-02,3.847490e-02,2.996638e-01,1.110552e-01,1.592796e-02,1.507389e-01,7.357881e-03
7.686546e-02,4.213683e-03,2.209027e-03,3.669601e-03,7.450280e-03,1.219689e-02,2.072095e-03,1.483903e-01,5.247352e-02,2.810558e-02,2.909521e-01,1.423164e-01,1.290228e-02,2.099770e-01,6.205628e-03
8.264969e-02,4.180253e-03,2.239639e-03,3.383698e-03,6.981306e-03,1.180433e-02,1.837196e-03,1.047089e-01,4.101676e-02,2.103105e-02,3.130848e-01,1.612128e-01,1.047806e-02,2.298162e-01,5.575283e-03
8.100793e-02,3.767950e-03,2.492010e-03,4.447963e-03,7.355540e-03,1.480609e-02,1.474882e-03,7.407366e-02,3.217399e-02,1.601899e-02,4.028066e-01,1.327826e-01,9.248470e-03,2.127124e-01,4.830780e-03
6.844594e-02,3.929839e-03,4.011597e-03,5.181242e-03,7.339565e-03,1.485321e-02,1.314878e-03,5.269573e-02,2.456057e-02,1.210197e-02,4.766681e-01,1.104566e-01,9.177059e-03,2.049839e-01,4.279751e-03
6.465001e-02,2.340431e-02,7.600867e-03,1.041537e-02,1.125503e-02,2.842529e-02,1.363314e-03,4.000851e-02,6.218510e-02,9.685606e-03,4.283592e-01,8.597425e-02,7.504327e-03,2.144309e-01,4.737811e-03
4.839393e-02,2.007812e-02,6.465976e-03,1.069294e-02,1.088164e-02,5.071207e-02,1.227038e-03,2.945280e-02,5.435821e-02,7.644129e-03,4.641274e-01,7.012156e-02,6.451397e-03,2.156837e-01,3.709044e-03
4.550919e-02,2.967623e-02,1.539033e-02,1.887817e-02,1.253424e-02,1.050746e-01,1.552978e-03,3.646789e-02,7.272543e-02,6.837563e-03,3.776912e-01,5.481291e-02,5.480053e-03,2.137931e-01,3.576060e-03
4.479409e-02,3.802225e-02,3.989764e-02,8.654717e-02,1.689716e-02,9.312311e-02,1.805949e-03,3.289500e-02,8.151549e-02,7.104004e-03,3.270682e-01,4.054317e-02,4.802046e-03,1.790744e-01,5.910399e-03
3.191150e-02,6.010344e-02,4.869853e-02,6.795584e-02,1.497967e-02,1.245619e-01,1.457054e-03,2.397965e-02,1.763227e-01,2.299354e-02,2.391839e-01,3.087448e-02,4.738619e-03,1.451872e-01,7.051984e-03
2.723596e-02,8.284378e-02,4.359236e-02,5.667324e-02,1.935476e-02,1.323779e-01,1.325610e-03,1.826732e-02,2.688798e-01,2.416709e-02,1.808069e-01,2.304840e-02,4.713973e-03,1.085280e-01,8.184901e-03
2.204089e-02,9.832126e-02,4.151216e-02,1.604171e-01,2.534472e-02,1.057209e-01,1.213639e-03,1.497731e-02,2.590507e-01,2.015171e-02,1.298480e-01,1.724371e-02,4.875759e-03,7.635332e-02,2.292876e-02
2.858566e-02,9.272611e-02,4.463351e-02,2.168422e-01,3.045876e-02,9.153149e-02,1.095421e-03,1.230053e-02,2.434242e-01,1.964555e-02,1.050502e-01,1.415206e-02,6.070941e-03,5.461299e-02,3.887034e-02
3.154466e-02,7.286097e-02,1.710398e-01,2.254754e-01,3.648562e-02,6.935868e-02,1.017452e-03,1.260466e-02,1.909923e-01,1.789288e-02,7.831342e-02,1.052073e-02,5.170356e-03,3.898488e-02,3.773833e-02
2.473120e-02,5.506520e-02,2.062434e-01,3.278789e-01,2.641411e-02,5.066203e-02,7.551073e-04,9.298191e-03,1.441442e-01,1.700215e-02,5.939978e-02,7.759409e-03,4.626136e-03,2.755121e-02,3.846904e-02
5.468260e-02,4.468079e-02,2.109819e-01,3.228815e-01,3.891428e-02,4.056968e-02,1.267011e-03,3.347781e-02,1.191965e-01,1.387922e-02,5.413466e-02,6.382554e-03,7.455141e-03,1.995710e-02,3.153922e-02
1.005466e-01,3.860806e-02,1.743711e-01,2.503502e-01,3.364025e-02,3.241258e-02,3.071881e-03,1.723034e-01,8.959541e-02,1.136208e-02,4.299422e-02,5.479800e-03,6.677212e-03,1.486833e-02,2.371893e-02
1.838598e-01,3.466794e-02,1.336211e-01,1.936178e-01,5.567021e-02,3.268481e-02,6.139298e-03,1.877275e-01,7.447554e-02,9.741929e-03,4.040874e-02,5.774059e-03,1.136766e-02,1.107531e-02,1.916833e-02
1.456041e-01,2.769578e-02,1.198832e-01,1.456934e-01,4.567583e-02,2.565811e-02,8.118344e-03,1.994180e-01,7.841286e-02,7.590280e-02,6.226582e-02,9.848217e-03,1.556675e-02,1.931738e-02,2.093945e-02
1.052085e-01,2.166033e-02,9.803645e-02,1.055032e-01,3.396626e-02,2.165267e-02,6.864269e-03,1.409271e-01,6.017763e-02,2.762356e-01,6.225427e-02,1.233815e-02,1.896336e-02,1.680887e-02,1.940338e-02
7.671406e-02,1.620383e-02,6.972666e-02,7.447328e-02,2.647563e-02,1.629253e-02,5.627029e-03,9.910588e-02,4.674802e-02,4.128955e-01,7.233140e-02,2.045777e-02,2.102946e-02,2.512416e-02,1.679480e-02
6.089206e-02,1.335953e-02,5.108364e-02,5.440762e-02,2.263829e-02,1.487385e-02,5.865152e-03,7.090244e-02,3.870597e-02,3.289539e-01,2.192089e-01,3.011281e-02,1.895594e-02,5.666687e-02,1.337312e-02
4.719055e-02,1.094761e-02,3.773768e-02,3.986173e-02,1.884378e-02,1.350621e-02,5.304181e-03,5.156474e-02,3.006890e-02,2.387678e-01,3.720431e-01,4.042583e-02,1.593716e-02,6.783400e-02,9.966700e-03
3.600226e-02,9.009673e-03,2.796810e-02,3.042342e-02,1.673469e-02,1.733582e-02,4.288755e-03,3.761761e-02,2.321779e-02,1.695935e-01,4.667165e-01,3.565741e-02,1.229445e-02,1.055870e-01,7.553101e-03
2.892938e-02,7.009044e-03,2.178922e-02,2.201007e-02,1.424314e-02,2.955212e-02,3.104282e-03,2.721913e-02,2.060333e-02,1.190969e-01,4.785253e-01,2.902456e-02,9.423338e-03,1.839663e-01,5.503738e-03
2.916390e-02,1.018993e-02,2.199379e-02,1.673809e-02,1.773142e-02,3.201266e-02,2.429157e-03,2.056284e-02,2.990528e-02,8.452756e-02,4.437826e-01,2.751223e-02,7.246282e-03,2.512602e-01,4.944067e-03
2.792162e-02,8.006075e-03,1.820160e-02,1.237074e-02,1.605549e-02,3.029080e-02,1.834045e-03,1.504356e-02,3.152958e-02,6.006895e-02,3.912844e-01,2.134821e-02,5.325522e-03,3.563371e-01,4.382323e-03
2.657638e-02,6.674392e-03,1.518570e-02,9.184679e-03,1.318221e-02,3.590824e-02,1.351806e-03,1.078691e-02,3.220681e-02,4.283342e-02,3.436171e-01,1.650346e-02,4.022855e-03,4.374062e-01,4.559877e-03
2.153768e-02,5.564767e-03,1.347136e-02,6.785980e-03,1.002120e-02,2.976502e-02,9.924476e-04,7.793924e-03,7.608213e-02,3.034546e-02,2.878458e-01,1.517136e-02,2.986685e-03,4.879566e-01,3.679676e-03
1.519213e-02,4.866857e-03,1.029859e-02,4.850422e-03,7.151094e-03,2.266039e-02,6.973391e-04,5.476644e-03,2.628519e-01,2.144255e-02,2.159344e-01,1.184930e-02,2.133050e-03,4.119119e-01,2.683373e-03
1.084798e-02,4.957749e-03,2.968836e-02,3.858971e-03,5.569250e-03,2.467405e-02,4.957159e-04,4.039103e-03,3.985344e-01,1.570754e-02,1.684416e-01,9.304679e-03,1.578729e-03,3.201917e-01,2.110121e-03
7.641838e-03,4.146070e-03,2.355485e-02,2.998815e-03,4.146602e-03,2.133490e-02,3.510745e-04,2.859941e-03,3.861582e-01,1.204006e-02,1.656031e-01,7.174351e-03,1.194087e-03,3.592583e-01,1.537831e-03
5.378898e-03,3.649851e-03,1.778650e-02,2.193812e-03,3.168225e-03,1.869935e-02,2.524579e-04,2.022811e-03,3.732330e-01,9.145948e-03,1.526579e-01,5.339916e-03,8.811082e-04,4.044476e-01,1.142577e-03
3.830724e-03,4.579372e-03,1.333469e-02,1.704928e-03,2.376982e-03,2.242112e-02,1.790268e-04,1.433844e-03,4.912113e-01,7.293567e-03,1.175110e-01,3.875976e-03,6.421698e-04,3.286807e-01,9.245827e-04
2.768285e-03,3.794136e-03,9.742385e-03,1.212629e-03,1.740851e-03,2.611428e-02,1.263584e-04,1.019917e-03,5.320913e-01,5.360300e-03,9.120332e-02,2.885929e-03,4.951894e-04,3.207536e-01,6.915059e-04
2.249714e-03,6.318906e-03,1.122277e-02,9.564948e-04,1.453573e-03,5.441310e-02,9.228990e-05,9.146289e-04,5.831158e-01,4.254271e-03,6.879466e-02,2.139379e-03,3.910222e-04,2.630433e-01,6.400971e-04
1.979216e-03,7.862695e-03,9.705335e-03,7.484980e-04,1.249931e-03,6.608590e-02,6.833973e-05,7.322720e-04,6.283792e-01,3.470235e-03,5.208279e-02,1.544225e-03,2.893652e-04,2.249533e-01,8.486554e-04
2.771140e-03,8.022473e-03,6.680492e-02,1.313981e-03,1.359737e-03,5.297173e-02,5.551419e-05,1.318644e-03,6.508471e-01,2.791034e-03,3.778069e-02,1.100466e-03,2.574237e-04,1.716179e-01,9.872667e-04
9.123214e-03,7.913278e-03,1.360268e-01,5.281461e-03,1.783344e-03,4.131406e-02,4.486509e-05,5.747659e-03,6.340666e-01,3.095364e-03,2.799257e-02,7.863793e-04,2.181401e-04,1.229090e-01,3.697251e-03
1.440316e-02,1.140268e-02,1.911562e-01,1.020397e-02,4.967755e-03,3.793655e-02,7.503148e-05,1.004110e-02,5.960435e-01,3.326503e-03,2.449838e-02,6.453762e-04,2.713647e-04,9.096854e-02,4.059901e-03
2.573801e-02,1.609576e-02,2.454775e-01,1.361724e-02,6.982387e-03,3.735666e-02,1.275368e-04,1.005895e-02,5.346507e-01,6.065871e-03,2.272985e-02,5.570332e-04,3.050173e-04,7.017358e-02,1.006394e-02
4.491902e-02,1.778430e-02,2.061066e-01,1.486635e-02,6.428732e-03,3.743252e-02,1.703144e-04,1.018609e-02,5.498480e-01,1.035052e-02,2.522478e-02,5.149159e-04,4.254816e-04,5.664948e-02,1.909294e-02
6.117537e-02,2.139308e-02,1.775445e-01,1.655792e-02,5.814934e-03,3.811558e-02,2.184312e-04,1.058782e-02,5.594028e-01,9.658170e-03,2.791453e-02,6.535193e-04,5.355969e-04,5.072845e-02,1.969940e-02
6.947876e-02,2.371847e-02,1.391631e-01,1.388196e-02,6.845496e-03,3.541011e-02,2.465831e-04,1.974988e-02,5.641135e-01,7.718847e-03,3.123944e-02,7.732669e-04,7.614654e-04,6.712526e-02,1.977396e-02
8.176555e-02,2.824858e-02,1.075849e-01,1.150963e-02,7.346690e-03,3.961003e-02,4.920987e-04,2.609095e-02,5.005938e-01,6.463773e-03,4.629776e-02,1.633300e-03,1.364184e-03,1.177696e-01,2.322911e-02
1.026500e-01,2.709552e-02,1.041328e-01,2.190479e-02,1.250044e-02,4.900634e-02,8.315248e-04,4.083543e-02,4.445180e-01,6.280323e-03,3.962836e-02,3.155020e-03,2.413125e-03,1.118783e-01,3.317003e-02
1.400958e-01,3.015750e-02,9.883960e-02,1.922089e-02,1.293790e-02,5.702249e-02,1.369206e-03,4.641612e-02,3.635309e-01,7.077205e-03,5.350604e-02,3.222006e-03,2.341713e-03,1.303425e-01,3.392005e-02
1.855392e-01,3.429257e-02,8.800726e-02,1.489642e-02,1.130034e-02,4.686317e-02,1.314267e-03,4.399323e-02,3.209172e-01,7.007536e-03,6.587701e-02,2.789029e-03,1.950884e-03,1.462691e-01,2.898279e-02
2.069196e-01,3.137990e-02,7.872647e-02,1.454422e-02,1.101203e-02,3.793568e-02,1.013709e-03,3.700366e-02,3.314570e-01,6.175354e-03,7.387375e-02,2.443497e-03,1.644168e-03,1.436559e-01,2.221506e-02
1.821222e-01,2.760099e-02,6.437239e-02,1.643067e-02,1.254769e-02,3.937082e-02,8.057497e-04,3.256853e-02,3.981642e-01,5.409643e-03,6.359716e-02,1.967991e-03,1.376588e-03,1.372418e-01,1.642353e-02
1.543189e-01,1.187925e-01,5.293579e-02,8.784141e-02,2.851639e-02,3.114804e-02,9.389165e-04,2.741075e-02,3.134956e-01,4.499030e-03,4.630497e-02,4.742796e-03,3.886311e-03,1.003424e-01,2.482611e-02
1.681439e-01,9.887202e-02,4.907333e-02,1.153717e-01,3.351856e-02,3.146601e-02,1.243322e-03,2.336877e-02,2.493172e-01,7.315977e-03,4.190996e-02,7.686914e-03,1.529691e-02,8.988664e-02,6.752868e-02
1.579369e-01,8.329908e-02,4.812345e-02,8.530722e-02,3.644510e-02,2.979111e-02,1.193334e-03,1.762674e-02,2.027606e-01,1.308797e-02,3.081763e-02,6.824655e-03,1.203628e-02,9.459625e-02,1.801537e-01
2.165090e-01,6.990007e-02,4.128932e-02,6.484016e-02,3.410336e-02,2.766038e-02,1.355680e-03,1.466729e-02,1.601292e-01,1.550899e-02,2.956881e-02,6.263342e-03,1.376395e-02,1.275174e-01,1.769230e-01
1.905189e-01,5.005215e-02,3.074387e-02,4.606686e-02,2.439880e-02,2.004154e-02,1.197783e-03,1.036252e-02,1.261226e-01,1.550614e-02,2.618115e-02,6.120458e-03,1.015643e-02,2.661013e-01,1.764294e-01
1.556819e-01,3.631198e-02,2.552487e-02,3.409108e-02,1.758856e-02,1.546369e-02,1.085386e-03,7.593505e-03,9.381539e-02,1.935332e-02,4.348374e-02,6.334169e-03,8.425546e-03,3.635896e-01,1.716572e-01
1.139833e-01,2.554448e-02,1.801435e-02,2.395546e-02,1.373550e-02,1.163410e-02,1.074966e-03,5.514335e-03,7.040636e-02,3.075179e-02,1.164028e-01,7.971381e-03,8.475825e-03,3.939202e-01,1.586151e-01
8.322128e-02,1.799724e-02,1.269611e-02,1.688089e-02,1.013433e-02,8.679336e-03,1.144476e-03,3.996262e-03,5.358200e-02,3.964403e-02,2.181246e-01,1.063800e-02,7.418903e-03,3.837709e-01,1.320716e-01
5.981559e-02,1.271339e-02,8.916199e-03,1.193794e-02,7.905482e-03,6.651396e-03,1.032110e-03,2.830752e-03,4.256710e-02,3.374099e-02,3.979645e-01,1.059740e-02,6.263511e-03,3.021206e-01,9.494297e-02
4.191077e-02,9.170523e-03,6.320350e-03,8.589266e-03,1.104344e-02,5.508252e-03,1.767595e-03,2.353976e-03,1.888624e-01,2.648072e-02,3.658495e-01,8.582102e-03,6.990742e-03,2.492409e-01,6.732953e-02
2.954203e-02,6.891810e-03,4.868691e-03,1.127958e-02,3.679540e-02,5.813027e-03,7.281220e-03,9.287233e-03,3.205100e-01,2.012186e-02,2.982546e-01,7.161956e-03,8.558759e-03,1.849940e-01,4.863975e-02
2.156834e-02,6.133431e-03,3.651056e-03,1.310113e-02,5.697467e-02,8.754205e-03,6.532128e-03,7.536152e-03,3.411401e-01,1.613203e-02,3.233953e-01,6.257404e-03,1.061943e-02,1.326222e-01,4.558259e-02
1.674229e-02,4.958018e-03,2.949230e-03,2.141348e-02,5.031358e-02,8.064882e-03,6.298333e-03,8.242173e-03,2.816526e-01,1.211935e-02,4.347421e-01,5.437762e-03,1.002307e-02,9.476206e-02,4.228108e-02
1.345020e-02,3.789815e-03,2.479908e-03,2.450517e-02,3.760560e-02,6.903846e-03,4.820001e-03,1.201231e-02,2.240565e-01,1.206576e-02,5.354519e-01,7.196080e-03,1.646049e-02,6.700463e-02,3.219783e-02
1.154261e-02,3.208901e-03,3.972345e-03,4.101955e-02,3.595967e-02,7.313607e-03,4.672649e-03,9.863766e-02,1.852756e-01,1.165629e-02,4.779210e-01,9.937862e-03,3.223876e-02,4.997694e-02,2.666652e-02
1.870538e-02,3.877926e-03,7.365276e-03,6.553365e-02,4.313417e-02,9.691479e-03,4.509891e-03,1.418227e-01,1.907221e-01,1.389665e-02,3.813199e-01,1.244435e-02,4.539849e-02,3.640573e-02,2.517233e-02
3.269696e-02,8.300231e-03,1.568840e-02,8.089197e-02,5.997182e-02,9.558520e-03,5.168842e-03,1.931017e-01,2.017106e-01,1.274418e-02,2.777857e-01,1.148555e-02,4.029305e-02,2.739503e-02,2.320741e-02
3.715748e-02,1.036750e-02,1.550485e-02,7.439276e-02,8.980770e-02,7.966460e-03,4.772217e-03,1.609114e-01,3.065764e-01,1.167649e-02,2.000522e-01,1.012044e-02,3.233106e-02,2.000712e-02,1.835596e-02
4.311080e-02,2.180080e-02,1.466848e-02,1.109716e-01,1.011399e-01,1.030643e-02,5.180789e-03,1.184048e-01,3.533863e-01,1.064649e-02,1.450590e-01,8.620335e-03,2.521115e-02,1.467886e-02,1.681419e-02
6.213945e-02,2.364763e-02,1.391102e-02,8.484336e-02,1.307700e-01,1.729723e-02,1.158326e-02,1.281186e-01,3.631832e-01,7.829737e-03,1.033301e-01,6.790238e-03,2.314323e-02,1.092695e-02,1.248591e-02
6.779825e-02,2.027349e-02,1.104921e-02,6.344754e-02,1.270615e-01,1.425893e-02,1.340410e-02,2.134266e-01,3.508580e-01,5.583972e-03,7.345799e-02,5.155609e-03,1.744303e-02,7.898461e-03,8.883225e-03
1.055847e-01,1.512961e-02,8.463753e-03,4.628886e-02,1.153657e-01,1.316566e-02,1.280741e-02,3.428511e-01,2.531075e-01,4.055135e-03,5.219010e-02,4.913040e-03,1.391032e-02,5.650184e-03,6.516976e-03
1.198584e-01,1.121358e-02,6.352033e-03,3.407138e-02,9.198259e-02,1.335293e-02,1.155023e-02,4.662494e-01,1.802922e-01,2.914392e-03,3.722845e-02,4.499886e-03,1.149472e-02,4.067185e-03,4.872618e-03
