1.000000e+00,0.000000e+00,0.000000e+00,0.000000e+00,0.000000e+00,0.000000e+00,0.000000e+00,0.000000e+00,0.000000e+00,0.000000e+00,0.000000e+00,0.000000e+00,0.000000e+00,0.000000e+00,0.000000e+00
1.000000e+00,0.000000e+00,0.000000e+00,0.000000e+00,0.000000e+00,0.000000e+00,0.000000e+00,0.000000e+00,0.000000e+00,0.000000e+00,0.000000e+00,0.000000e+00,0.000000e+00,0.000000e+00,0.000000e+00
1.000000e+00,0.000000e+00,0.000000e+00,0.000000e+00,0.000000e+00,0.000000e+00,0.000000e+00,0.000000e+00,0.000000e+00,0.000000e+00,0.000000e+00,0.000000e+00,0.000000e+00,0.000000e+00,0.000000e+00
1.000000e+00,0.000000e+00,0.000000e+00,0.000000e+00,0.000000e+00,0.000000e+00,0.000000e+00,0.000000e+00,0.000000e+00,0.000000e+00,0.000000e+00,0.000000e+00,0.000000e+00,0.000000e+00,0.000000e+00
1.000000e+00,0.000000e+00,0.000000e+00,0.000000e+00,0.000000e+00,0.000000e+00,0.000000e+00,0.000000e+00,0.000000e+00,0.000000e+00,0.000000e+00,0.000000e+00,0.000000e+00,0.000000e+00,0.000000e+00
1.000000e+00,0.000000e+00,0.000000e+00,0.000000e+00,0.000000e+00,0.000000e+00,0.000000e+00,0.000000e+00,0.000000e+00,0.000000e+00,0.000000e+00,0.000000e+00,0.000000e+00,0.000000e+00,0.000000e+00
1.000000e+00,0.000000e+00,0.000000e+00,0.000000e+00,0.000000e+00,0.000000e+00,0.000000e+00,0.000000e+00,0.000000e+00,0.000000e+00,0.000000e+00,0.000000e+00,0.000000e+00,0.000000e+00,0.000000e+00
1.000000e+00,0.000000e+00,0.000000e+00,0.000000e+00,0.000000e+00,0.000000e+00,0.000000e+00,0.000000e+00,0.000000e+00,0.000000e+00,0.000000e+00,0.000000e+00,0.000000e+00,0.000000e+00,0.000000e+00
1.000000e+00,0.000000e+00,0.000000e+00,0.000000e+00,0.000000e+00,0.000000e+00,0.000000e+00,0.000000e+00,0.000000e+00,0.000000e+00,0.000000e+00,0.000000e+00,0.000000e+00,0.000000e+00,0.000000e+00
1.000000e+00,0.000000e+00,0.000000e+00,0.000000e+00,0.000000e+00,0.000000e+00,0.000000e+00,0.000000e+00,0.000000e+00,0.000000e+00,0.000000e+00,0.000000e+00,0.000000e+00,0.000000e+00,0.000000e+00
1.000000e+00,0.000000e+00,0.000000e+00,0.000000e+00,0.000000e+00,0.000000e+00,0.000000e+00,0.000000e+00,0.000000e+00,0.000000e+00,0.000000e+00,0.000000e+00,0.000000e+00,0.000000e+00,0.000000e+00
1.000000e+00,0.000000e+00,0.000000e+00,0.000000e+00,0.000000e+00,0.000000e+00,0.000000e+00,0.000000e+00,0.000000e+00,0.000000e+00,0.000000e+00,0.000000e+00,0.000000e+00,0.000000e+00,0.000000e+00
1.000000e+00,0.000000e+00,0.000000e+00,0.000000e+00,0.000000e+00,0.000000e+00,0.000000e+00,0.000000e+00,0.000000e+00,0.000000e+00,0.000000e+00,0.000000e+00,0.000000e+00,0.000000e+00,0.000000e+00
1.000000e+00,0.000000e+00,0.000000e+00,0.000000e+00,0.000000e+00,0.000000e+00,0.000000e+00,0.000000e+00,0.000000e+00,0.000000e+00,0.000000e+00,0.000000e+00,0.000000e+00,0.000000e+00,0.000000e+00
1.000000e+00,0.000000e+00,0.000000e+00,0.000000e+00,0.000000e+00,0.000000e+00,0.000000e+00,0.000000e+00,0.000000e+00,0.000000e+00,0.000000e+00,0.000000e+00,0.000000e+00,0.000000e+00,0.000000e+00
1.000000e+00,0.000000e+00,0.000000e+00,0.000000e+00,0.000000e+00,0.000000e+00,0.000000e+00,0.000000e+00,0.000000e+00,0.000000e+00,0.000000e+00,0.000000e+00,0.000000e+00,0.000000e+00,0.000000e+00
1.000000e+00,0.000000e+00,0.000000e+00,0.000000e+00,0.000000e+00,0.000000e+00,0.000000e+00,0.000000e+00,0.000000e+00,0.000000e+00,0.000000e+00,0.000000e+00,0.000000e+00,0.000000e+00,0.000000e+00
1.000000e+00,0.000000e+00,0.000000e+00,0.000000e+00,0.000000e+00,0.000000e+00,0.000000e+00,0.000000e+00,0.000000e+00,0.000000e+00,0.000000e+00,0.000000e+00,0.000000e+00,0.000000e+00,0.000000e+00
1.000000e+00,0.000000e+00,0.000000e+00,0.000000e+00,0.000000e+00,0.000000e+00,0.000000e+00,0.000000e+00,0.000000e+00,0.000000e+00,0.000000e+00,0.000000e+00,0.000000e+00,0.000000e+00,0.000000e+00
1.000000e+00,0.000000e+00,0.000000e+00,0.000000e+00,0.000000e+00,0.000000e+00,0.000000e+00,0.000000e+00,0.000000e+00,0.000000e+00,0.000000e+00,0.000000e+00,0.000000e+00,0.000000e+00,0.000000e+00
1.000000e+00,0.000000e+00,0.000000e+00,0.000000e+00,0.000000e+00,0.000000e+00,0.000000e+00,0.000000e+00,0.000000e+00,0.000000e+00,0.000000e+00,0.000000e+00,0.000000e+00,0.000000e+00,0.000000e+00
1.000000e+00,0.000000e+00,0.000000e+00,0.000000e+00,0.000000e+00,0.000000e+00,0.000000e+00,0.000000e+00,0.000000e+00,0.000000e+00,0.000000e+00,0.000000e+00,0.000000e+00,0.000000e+00,0.000000e+00
1.000000e+00,0.000000e+00,0.000000e+00,0.000000e+00,0.000000e+00,0.000000e+00,0.000000e+00,0.000000e+00,0.000000e+00,0.000000e+00,0.000000e+00,0.000000e+00,0.000000e+00,0.000000e+00,0.000000e+00
1.000000e+00,0.000000e+00,0.000000e+00,0.000000e+00,0.000000e+00,0.000000e+00,0.000000e+00,0.000000e+00,0.000000e+00,0.000000e+00,0.000000e+00,0.000000e+00,0.000000e+00,0.000000e+00,0.000000e+00
1.000000e+00,0.000000e+00,0.000000e+00,0.000000e+00,0.000000e+00,0.000000e+00,0.000000e+00,0.000000e+00,0.000000e+00,0.000000e+00,0.000000e+00,0.000000e+00,0.000000e+00,0.000000e+00,0.000000e+00
1.000000e+00,0.000000e+00,0.000000e+00,0.000000e+00,0.000000e+00,0.000000e+00,0.000000e+00,0.000000e+00,0.000000e+00,0.000000e+00,0.000000e+00,0.000000e+00,0.000000e+00,0.000000e+00,0.000000e+00
1.000000e+00,0.000000e+00,0.000000e+00,0.000000e+00,0.000000e+00,0.000000e+00,0.000000e+00,0.000000e+00,0.000000e+00,0.000000e+00,0.000000e+00,0.000000e+00,0.000000e+00,0.000000e+00,0.000000e+00
1.000000e+00,0.000000e+00,0.000000e+00,0.000000e+00,0.000000e+00,0.000000e+00,0.000000e+00,0.000000e+00,0.000000e+00,0.000000e+00,0.000000e+00,0.000000e+00,0.000000e+00,0.000000e+00,0.000000e+00
1.000000e+00,0.000000e+00,0.000000e+00,0.000000e+00,0.000000e+00,0.000000e+00,0.000000e+00,0.000000e+00,0.000000e+00,0.000000e+00,0.000000e+00,0.000000e+00,0.000000e+00,0.000000e+00,0.000000e+00
1.000000e+00,0.000000e+00,0.000000e+00,0.000000e+00,0.000000e+00,0.000000e+00,0.000000e+00,0.000000e+00,0.000000e+00,0.000000e+00,0.000000e+00,0.000000e+00,0.000000e+00,0.000000e+00,0.000000e+00
1.000000e+00,0.000000e+00,0.000000e+00,0.000000e+00,0.000000e+00,0.000000e+00,0.000000e+00,0.000000e+00,0.000000e+00,0.000000e+00,0.000000e+00,0.000000e+00,0.000000e+00,0.000000e+00,0.000000e+00
1.000000e+00,0.000000e+00,0.000000e+00,0.000000e+00,0.000000e+00,0.000000e+00,0.000000e+00,0.000000e+00,0.000000e+00,0.000000e+00,0.000000e+00,0.000000e+00,0.000000e+00,0.000000e+00,0.000000e+00
1.000000e+00,0.000000e+00,0.000000e+00,0.000000e+00,0.000000e+00,0.000000e+00,0.000000e+00,0.000000e+00,0.000000e+00,0.000000e+00,0.000000e+00,0.000000e+00,0.000000e+00,0.000000e+00,0.000000e+00
1.000000e+00,0.000000e+00,0.000000e+00,0.000000e+00,0.000000e+00,0.000000e+00,0.000000e+00,0.000000e+00,0.000000e+00,0.000000e+00,0.000000e+00,0.000000e+00,0.000000e+00,0.000000e+00,0.000000e+00
1.000000e+00,0.000000e+00,0.000000e+00,0.000000e+00,0.000000e+00,0.000000e+00,0.000000e+00,0.000000e+00,0.000000e+00,0.000000e+00,0.000000e+00,0.000000e+00,0.000000e+00,0.000000e+00,0.000000e+00
1.000000e+00,0.000000e+00,0.000000e+00,0.000000e+00,0.000000e+00,0.000000e+00,0.000000e+00,0.000000e+00,0.000000e+00,0.000000e+00,0.000000e+00,0.000000e+00,0.000000e+00,0.000000e+00,0.000000e+00
1.000000e+00,0.000000e+00,0.000000e+00,0.000000e+00,0.000000e+00,0.000000e+00,0.000000e+00,0.000000e+00,0.000000e+00,0.000000e+00,0.000000e+00,0.000000e+00,0.000000e+00,0.000000e+00,0.000000e+00
1.000000e+00,0.000000e+00,0.000000e+00,0.000000e+00,0.000000e+00,0.000000e+00,0.000000e+00,0.000000e+00,0.000000e+00,0.000000e+00,0.000000e+00,0.000000e+00,0.000000e+00,0.000000e+00,0.000000e+00
1.000000e+00,0.000000e+00,0.000000e+00,0.000000e+00,0.000000e+00,0.000000e+00,0.000000e+00,0.000000e+00,0.000000e+00,0.000000e+00,0.000000e+00,0.000000e+00,0.000000e+00,0.000000e+00,0.000000e+00
1.000000e+00,0.000000e+00,0.000000e+00,0.000000e+00,0.000000e+00,0.000000e+00,0.000000e+00,0.000000e+00,0.000000e+00,0.000000e+00,0.000000e+00,0.000000e+00,0.000000e+00,0.000000e+00,0.000000e+00
1.000000e+00,0.000000e+00,0.000000e+00,0.000000e+00,0.000000e+00,0.000000e+00,0.000000e+00,0.000000e+00,0.000000e+00,0.000000e+00,0.000000e+00,0.000000e+00,0.000000e+00,0.000000e+00,0.000000e+00
1.000000e+00,0.000000e+00,0.000000e+00,0.000000e+00,0.000000e+00,0.000000e+00,0.000000e+00,0.000000e+00,0.000000e+00,0.000000e+00,0.000000e+00,0.000000e+00,0.000000e+00,0.000000e+00,0.000000e+00
1.000000e+00,0.000000e+00,0.000000e+00,0.000000e+00,0.000000e+00,0.000000e+00,0.000000e+00,0.000000e+00,0.000000e+00,0.000000e+00,0.000000e+00,0.000000e+00,0.000000e+00,0.000000e+00,0.000000e+00
1.000000e+00,0.000000e+00,0.000000e+00,0.000000e+00,0.000000e+00,0.000000e+00,0.000000e+00,0.000000e+00,0.000000e+00,0.000000e+00,0.000000e+00,0.000000e+00,0.000000e+00,0.000000e+00,0.000000e+00
1.000000e+00,0.000000e+00,0.000000e+00,0.000000e+00,0.000000e+00,0.000000e+00,0.000000e+00,0.000000e+00,0.000000e+00,0.000000e+00,0.000000e+00,0.000000e+00,0.000000e+00,0.000000e+00,0.000000e+00
1.000000e+00,0.000000e+00,0.000000e+00,0.000000e+00,0.000000e+00,0.000000e+00,0.000000e+00,0.000000e+00,0.000000e+00,0.000000e+00,0.000000e+00,0.000000e+00,0.000000e+00,0.000000e+00,0.000000e+00
1.000000e+00,0.000000e+00,0.000000e+00,0.000000e+00,0.000000e+00,0.000000e+00,0.000000e+00,0.000000e+00,0.000000e+00,0.000000e+00,0.000000e+00,0.000000e+00,0.000000e+00,0.000000e+00,0.000000e+00
1.000000e+00,0.000000e+00,0.000000e+00,0.000000e+00,0.000000e+00,0.000000e+00,0.000000e+00,0.000000e+00,0.000000e+00,0.000000e+00,0.000000e+00,0.000000e+00,0.000000e+00,0.000000e+00,0.000000e+00
1.000000e+00,0.000000e+00,0.000000e+00,0.000000e+00,0.000000e+00,0.000000e+00,0.000000e+00,0.000000e+00,0.000000e+00,0.000000e+00,0.000000e+00,0.000000e+00,0.000000e+00,0.000000e+00,0.000000e+00
1.000000e+00,0.000000e+00,0.000000e+00,0.000000e+00,0.000000e+00,0.000000e+00,0.000000e+00,0.000000e+00,0.000000e+00,0.000000e+00,0.000000e+00,0.000000e+00,0.000000e+00,0.000000e+00,0.000000e+00
1.000000e+00,0.000000e+00,0.000000e+00,0.000000e+00,0.000000e+00,0.000000e+00,0.000000e+00,0.000000e+00,0.000000e+00,0.000000e+00,0.000000e+00,0.000000e+00,0.000000e+00,0.000000e+00,0.000000e+00
1.000000e+00,0.000000e+00,0.000000e+00,0.000000e+00,0.000000e+00,0.000000e+00,0.000000e+00,0.000000e+00,0.000000e+00,0.000000e+00,0.000000e+00,0.000000e+00,0.000000e+00,0.000000e+00,0.000000e+00
4.850381e-01,5.488611e-02,5.672309e-02,2.073036e-01,1.165707e-02,2.099641e-02,6.633640e-03,3.732277e-02,1.924384e-02,2.625075e-03,1.910935e-02,2.523001e-02,1.267970e-02,6.456112e-03,3.409507e-02
4.551161e-01,6.122710e-02,4.844209e-02,2.018846e-01,1.731741e-02,2.336385e-02,7.358268e-03,3.111619e-02,3.276525e-02,3.096000e-03,2.558750e-02,2.739767e-02,1.499867e-02,8.930061e-03,4.139925e-02
3.623258e-01,6.249528e-02,7.975514e-02,2.324484e-01,2.213232e-02,2.531104e-02,7.968787e-03,3.340332e-02,3.504987e-02,3.226316e-03,3.132620e-02,3.540076e-02,1.630847e-02,8.652975e-03,4.419522e-02
3.922719e-01,6.549235e-02,6.088762e-02,2.046954e-01,2.707294e-02,2.717036e-02,8.645837e-03,2.761149e-02,3.362796e-02,3.497006e-03,3.194173e-02,3.948703e-02,2.083137e-02,1.069967e-02,4.606732e-02
4.253613e-01,6.192663e-02,4.776660e-02,1.757956e-01,2.859079e-02,2.959045e-02,8.824392e-03,2.300490e-02,3.043098e-02,3.740656e-03,3.240128e-02,4.632674e-02,2.607892e-02,1.157493e-02,4.858581e-02
3.822613e-01,4.907666e-02,3.635505e-02,1.410819e-01,2.409281e-02,7.324795e-02,7.762102e-03,1.880091e-02,2.601605e-02,3.450603e-03,6.190837e-02,1.031889e-01,2.533913e-02,9.282815e-03,3.813544e-02
3.514342e-01,4.040842e-02,2.895145e-02,1.121236e-01,3.681412e-02,9.732848e-02,2.673563e-02,2.295296e-02,2.040452e-02,4.586439e-03,8.931349e-02,1.114650e-01,2.038303e-02,7.547814e-03,2.955090e-02
2.571295e-01,3.295922e-02,2.246308e-02,8.308919e-02,5.490668e-02,9.467285e-02,2.012582e-01,2.209041e-02,1.473735e-02,4.725166e-03,8.718437e-02,8.262629e-02,1.546899e-02,5.484432e-03,2.120435e-02
2.143792e-01,2.979104e-02,2.914244e-02,6.363543e-02,7.891543e-02,1.009879e-01,2.304343e-01,6.969292e-02,1.124179e-02,6.824948e-03,6.685247e-02,6.456681e-02,1.355494e-02,4.433577e-03,1.554679e-02
1.594344e-01,2.263422e-02,2.822832e-02,5.147658e-02,7.488123e-02,8.407548e-02,2.299646e-01,2.128026e-01,8.314470e-03,6.616438e-03,4.835135e-02,4.614308e-02,1.235600e-02,3.513821e-03,1.120732e-02
1.232384e-01,1.615467e-02,2.989179e-02,4.969049e-02,5.447274e-02,6.410389e-02,1.748426e-01,3.895066e-01,6.038658e-03,5.242818e-03,3.409838e-02,3.263876e-02,9.441851e-03,2.583972e-03,8.054394e-03
1.117923e-01,1.191453e-02,3.420399e-02,4.681035e-02,4.005456e-02,4.975468e-02,2.016342e-01,4.308385e-01,4.770449e-03,4.267947e-03,2.415798e-02,2.340303e-02,8.135381e-03,1.944862e-03,6.317263e-03
9.482071e-02,9.075303e-03,2.658737e-02,3.928459e-02,2.912303e-02,3.816171e-02,1.540126e-01,5.539779e-01,3.790561e-03,3.312231e-03,1.715303e-02,1.676081e-02,6.540562e-03,1.487703e-03,5.911955e-03
7.200224e-02,7.853577e-03,2.001689e-02,2.974392e-02,2.247886e-02,2.859565e-02,1.198212e-01,6.566869e-01,3.418053e-03,2.521007e-03,1.236486e-02,1.244731e-02,5.278618e-03,1.206771e-03,5.564202e-03
5.354084e-02,7.146348e-03,1.594288e-02,2.301137e-02,2.497271e-02,2.406147e-02,1.340072e-01,6.762778e-01,5.729876e-03,3.556144e-03,9.315645e-03,9.887520e-03,5.358798e-03,1.124080e-03,6.067308e-03
4.201555e-02,6.153921e-03,1.278513e-02,1.795134e-02,3.062067e-02,1.992126e-02,1.112706e-01,6.459134e-01,5.930166e-02,5.891645e-03,9.696746e-03,1.345140e-02,1.783631e-02,2.084238e-03,5.106159e-03
3.221317e-02,4.998832e-03,9.712494e-03,1.354717e-02,2.445488e-02,1.516373e-02,8.184849e-02,4.749154e-01,2.318300e-01,1.264615e-02,1.069289e-02,1.452818e-02,6.499308e-02,3.576344e-03,4.879041e-03
2.427716e-02,4.115573e-03,7.664624e-03,9.683437e-03,1.793907e-02,1.133164e-02,5.753556e-02,3.332705e-01,4.389251e-01,9.990520e-03,8.260141e-03,1.070763e-02,4.578355e-02,1.195436e-02,8.561045e-03
1.858325e-02,3.065313e-03,5.538308e-03,6.800779e-03,1.264003e-02,8.250942e-03,4.092364e-02,2.334154e-01,5.654038e-01,2.491933e-02,7.350211e-03,7.910309e-03,3.211584e-02,2.172270e-02,1.136007e-02
1.379950e-02,2.185215e-03,3.918199e-03,4.799944e-03,8.895006e-03,5.976834e-03,2.879472e-02,1.634504e-01,6.794704e-01,2.146474e-02,6.912026e-03,6.251611e-03,2.259742e-02,2.087744e-02,1.060651e-02
2.254705e-02,1.823287e-03,3.117682e-03,3.581543e-03,6.316311e-03,5.354414e-03,2.359959e-02,1.146628e-01,5.683333e-01,1.704847e-02,1.488644e-02,5.974997e-02,1.742571e-02,1.305569e-01,1.099647e-02
3.488719e-02,1.450914e-03,2.591009e-03,3.076420e-03,4.489624e-03,4.876238e-03,1.782692e-02,8.065004e-02,4.802742e-01,1.368128e-02,3.895112e-02,6.449658e-02,1.428097e-02,2.278153e-01,1.065212e-02
3.646194e-02,1.179883e-03,1.973773e-03,2.404701e-03,3.214437e-03,4.169722e-03,1.275964e-02,5.656167e-02,3.595246e-01,1.071235e-02,4.551022e-02,4.838616e-02,1.051824e-02,3.962214e-01,1.040125e-02
4.122858e-02,1.085783e-03,1.533116e-03,1.905676e-03,2.663911e-03,3.376201e-03,9.090185e-03,3.977010e-02,2.579022e-01,8.968700e-03,7.006721e-02,4.229125e-02,8.599164e-03,5.036438e-01,7.874192e-03
4.229799e-02,1.470358e-03,1.501824e-03,1.827227e-03,2.582397e-03,4.323527e-03,6.535867e-03,2.812745e-02,1.878413e-01,8.937051e-03,1.224605e-01,3.613023e-02,7.820311e-03,5.411775e-01,6.966534e-03
3.068797e-02,1.379799e-03,1.153919e-03,1.428062e-03,2.146093e-03,6.565178e-03,4.635734e-03,1.988015e-02,1.357200e-01,7.762910e-03,2.077161e-01,4.178808e-02,6.515737e-03,5.272986e-01,5.321723e-03
2.426002e-02,1.755733e-03,1.445141e-03,1.844092e-03,2.151397e-03,1.333947e-02,3.389478e-03,1.456725e-02,1.010303e-01,1.029569e-02,2.242621e-01,4.398314e-02,5.089509e-03,5.484030e-01,4.183674e-03
1.819548e-02,9.835563e-03,3.217815e-03,2.973599e-03,1.147505e-02,1.664383e-02,3.060241e-03,1.403088e-02,9.569862e-02,1.202137e-02,2.242074e-01,3.924395e-02,4.641273e-03,5.411605e-01,3.594418e-03
1.430291e-02,2.397745e-02,5.340237e-03,7.341851e-03,2.763367e-02,1.123073e-01,3.371288e-03,1.148646e-02,1.194099e-01,1.781332e-02,1.976831e-01,3.209868e-02,5.042196e-03,4.157615e-01,6.430092e-03
1.506202e-02,2.954616e-02,8.304790e-03,8.474834e-03,4.091316e-02,2.151189e-01,6.881807e-03,2.415117e-02,1.349275e-01,1.660420e-02,1.560454e-01,2.481985e-02,5.654528e-03,3.070642e-01,6.431486e-03
2.627289e-02,2.960523e-02,1.035824e-02,1.153534e-02,5.539010e-02,2.065118e-01,9.742436e-03,7.361606e-02,1.597792e-01,2.312497e-02,1.277560e-01,2.057084e-02,1.080412e-02,2.231788e-01,1.175390e-02
2.319840e-02,2.402864e-02,8.015485e-03,9.434366e-03,8.984052e-02,1.826113e-01,9.600192e-03,5.274502e-02,2.911730e-01,1.857374e-02,9.870390e-02,1.539742e-02,9.570760e-03,1.576286e-01,9.478690e-03
1.728676e-02,2.095038e-02,6.845365e-03,2.649200e-02,7.718398e-02,1.338140e-01,7.347614e-03,3.857449e-02,4.486690e-01,1.352721e-02,7.220274e-02,1.127585e-02,7.617481e-03,1.106589e-01,7.554202e-03
1.296504e-02,2.994777e-02,5.249646e-03,3.428314e-02,6.007228e-02,1.013178e-01,5.291780e-03,2.770345e-02,5.584183e-01,1.095876e-02,5.153044e-02,8.440089e-03,8.029411e-03,7.770190e-02,8.090138e-03
1.041549e-02,2.882512e-02,4.080404e-03,2.770589e-02,7.621112e-02,1.051190e-01,4.249599e-03,1.990448e-02,6.001262e-01,8.840537e-03,3.673275e-02,6.216336e-03,7.094534e-03,5.467992e-02,9.798600e-03
1.032330e-02,2.132273e-02,3.364590e-03,2.582884e-02,1.039855e-01,7.800637e-02,5.222627e-03,9.354676e-02,5.703680e-01,6.282785e-03,2.595744e-02,4.512574e-03,5.627671e-03,3.838258e-02,7.268284e-03
1.226112e-02,1.536772e-02,2.587396e-03,1.975380e-02,1.043149e-01,5.653907e-02,4.460054e-03,2.484776e-01,4.739746e-01,4.413221e-03,1.835418e-02,3.262731e-03,4.181003e-03,2.693127e-02,5.121325e-03
1.240666e-02,1.101030e-02,2.202513e-03,1.530179e-02,8.508459e-02,4.319238e-02,3.758543e-03,4.353970e-01,3.359311e-01,3.158645e-03,1.638369e-02,3.850389e-03,9.617805e-03,1.888568e-02,3.818986e-03
9.001072e-03,8.650935e-03,1.929224e-03,1.287389e-02,6.464502e-02,3.257363e-02,2.779864e-03,3.799843e-01,2.358353e-01,4.456542e-03,1.147487e-01,6.424434e-02,5.037422e-02,1.439648e-02,3.506536e-03
7.287630e-03,7.039409e-03,2.546686e-03,1.281166e-02,5.786272e-02,3.142538e-02,2.412806e-03,3.188454e-01,1.680644e-01,9.683136e-03,1.268616e-01,1.812132e-01,5.442163e-02,1.660275e-02,2.921428e-03
5.546199e-03,5.062008e-03,1.985863e-03,1.048911e-02,4.312520e-02,3.355098e-02,1.768883e-03,2.254481e-01,1.188472e-01,7.219692e-03,1.307205e-01,3.423861e-01,5.452818e-02,1.706233e-02,2.259707e-03
4.053792e-03,3.684341e-03,1.473287e-03,8.446396e-03,3.139762e-02,2.610539e-02,1.276193e-03,1.584743e-01,8.475376e-02,6.357446e-03,1.782886e-01,4.241453e-01,5.072872e-02,1.913558e-02,1.679256e-03
3.306967e-03,3.127941e-03,2.270798e-03,7.622147e-03,2.555850e-02,1.881224e-02,1.000751e-03,1.120640e-01,6.660424e-02,6.814243e-03,2.510476e-01,3.955444e-01,4.536104e-02,5.933435e-02,1.530849e-03
2.818484e-03,3.192818e-03,2.493347e-03,6.423804e-03,1.881574e-02,1.626672e-02,7.821044e-04,7.929932e-02,5.063489e-02,8.653495e-03,3.413445e-01,3.281772e-01,3.448483e-02,1.052873e-01,1.325338e-03
2.532406e-03,5.623990e-03,5.249767e-03,4.941387e-03,1.383597e-02,2.502593e-02,7.897898e-04,5.718739e-02,4.736032e-02,7.817943e-03,3.414018e-01,2.964754e-01,2.976899e-02,1.605652e-01,1.423725e-03
3.283616e-03,4.894848e-03,3.919719e-03,4.183969e-03,9.985031e-03,2.150069e-02,6.141603e-04,4.139267e-02,7.118348e-02,6.431350e-03,2.765186e-01,2.556802e-01,2.421546e-02,2.747223e-01,1.473937e-03
6.604811e-03,7.706766e-03,4.474629e-03,7.737289e-03,7.720853e-03,4.422572e-02,5.580863e-04,3.249142e-02,1.189376e-01,6.481599e-03,2.341792e-01,2.077455e-01,2.141897e-02,2.973095e-01,2.408032e-03
6.856835e-03,7.645903e-03,5.245227e-03,1.196065e-02,6.485438e-03,5.532200e-02,4.310473e-04,2.387175e-02,1.446592e-01,7.483792e-03,2.693610e-01,1.721004e-01,2.678372e-02,2.578606e-01,3.932422e-03
9.694745e-03,8.076781e-03,4.082301e-03,9.855182e-03,4.794906e-03,4.149431e-02,3.262652e-04,1.700051e-02,1.483520e-01,7.664206e-03,3.545589e-01,1.422113e-01,2.365467e-02,2.247764e-01,3.457586e-03
1.263580e-02,9.554395e-03,3.005505e-03,9.112705e-03,3.960968e-03,3.135720e-02,3.065782e-04,1.208344e-02,2.631994e-01,7.850910e-03,3.289925e-01,1.194250e-01,2.168513e-02,1.734099e-01,3.420777e-03
1.201255e-02,1.378016e-02,2.943566e-03,1.105817e-02,6.489852e-03,3.006186e-02,6.169989e-04,1.165674e-02,3.443159e-01,6.730868e-03,3.061941e-01,9.427530e-02,2.581713e-02,1.299297e-01,4.117214e-03
1.085469e-02,1.339807e-02,2.468541e-03,1.154507e-02,5.953117e-03,2.502513e-02,5.064585e-04,9.404328e-03,4.302632e-01,5.919474e-03,2.841137e-01,7.494067e-02,2.368345e-02,9.823284e-02,3.691422e-03
8.280446e-03,1.673689e-02,2.196235e-03,1.032994e-02,4.715722e-03,1.861341e-02,3.933490e-04,6.926040e-03,5.657257e-01,6.090173e-03,2.133824e-01,5.459768e-02,1.806829e-02,7.044338e-02,3.500412e-03
5.940757e-03,1.734068e-02,1.584478e-03,8.171321e-03,3.618284e-03,1.483905e-02,2.822250e-04,5.098323e-03,6.835244e-01,4.500377e-03,1.513479e-01,3.870107e-02,1.295548e-02,4.949552e-02,2.600255e-03
4.411142e-03,1.702916e-02,1.240016e-03,7.675921e-03,3.945572e-03,1.378182e-02,2.106184e-04,3.898546e-03,7.640016e-01,3.385115e-03,1.071826e-01,2.728020e-02,9.223914e-03,3.475697e-02,1.976779e-03
4.476741e-03,1.290319e-02,1.229402e-03,3.030418e-02,1.269032e-02,1.470497e-02,2.793647e-04,2.540449e-02,7.683659e-01,2.468861e-03,7.556698e-02,1.917137e-02,6.628151e-03,2.435873e-02,1.447375e-03
1.180643e-02,1.053213e-02,2.385265e-03,1.210845e-01,2.427952e-02,1.756629e-02,3.517151e-04,3.115604e-02,6.860107e-01,2.309233e-03,5.517105e-02,1.384108e-02,4.848666e-03,1.723048e-02,1.426911e-03
1.672671e-02,1.308000e-02,2.896784e-02,1.520870e-01,3.311357e-02,1.504885e-02,4.356869e-04,5.335554e-02,6.153859e-01,3.381608e-03,4.071611e-02,1.000436e-02,3.657477e-03,1.226642e-02,1.772932e-03
1.864649e-02,1.204656e-02,2.248450e-02,1.195856e-01,4.350602e-02,1.650856e-02,5.270339e-04,2.098447e-01,5.039225e-01,2.538786e-03,3.066083e-02,7.079825e-03,2.658402e-03,8.703853e-03,1.286334e-03
1.783457e-02,8.997715e-03,1.657465e-02,8.618078e-02,4.425991e-02,1.286549e-02,4.973349e-04,3.952157e-01,3.795519e-01,1.815864e-03,2.222099e-02,4.990372e-03,1.970180e-03,6.112447e-03,9.121092e-04
1.602651e-02,6.454420e-03,1.191771e-02,6.181065e-02,3.414476e-02,9.529907e-03,5.988036e-04,5.656812e-01,2.667769e-01,1.321301e-03,1.576447e-02,3.516968e-03,1.518771e-03,4.286525e-03,6.510720e-04
1.782046e-02,4.751998e-03,8.659688e-03,4.451218e-02,2.747233e-02,7.162385e-03,8.867527e-04,6.819267e-01,1.873927e-01,1.025482e-03,1.121675e-02,2.488234e-03,1.202484e-03,3.009654e-03,4.721348e-04
2.235322e-02,3.646883e-03,6.572851e-03,3.178355e-02,2.326523e-02,7.399708e-03,1.209786e-03,7.571244e-01,1.319562e-01,7.621254e-04,8.219876e-03,1.910219e-03,1.172208e-03,2.143663e-03,4.799437e-04
3.501178e-02,2.756464e-03,4.939514e-03,2.300450e-02,2.044912e-02,6.028339e-03,1.278559e-03,8.018703e-01,9.359136e-02,5.645251e-04,6.016986e-03,1.533020e-03,9.996194e-04,1.539661e-03,4.161803e-04
4.713979e-02,2.229049e-03,3.689435e-03,1.670017e-02,1.959226e-02,5.997655e-03,1.345768e-03,8.274935e-01,6.647111e-02,4.327764e-04,4.819667e-03,1.390321e-03,1.084401e-03,1.117611e-03,4.964424e-04
5.119203e-02,3.795485e-03,3.229567e-03,1.463678e-02,1.719711e-02,6.285234e-03,1.143323e-03,7.640685e-01,5.072794e-02,2.548503e-03,3.058518e-02,1.641422e-02,2.913551e-02,3.907280e-03,5.133228e-03
8.514661e-02,3.651660e-03,2.703040e-03,1.085400e-02,1.308898e-02,6.314051e-03,9.501302e-04,7.528155e-01,3.789301e-02,2.568210e-03,2.813395e-02,1.728729e-02,2.948814e-02,3.806608e-03,5.298821e-03
1.082217e-01,3.542609e-03,3.130124e-03,8.439404e-03,1.339849e-02,6.549873e-03,1.081750e-03,7.538819e-01,3.027233e-02,3.836830e-03,2.214099e-02,1.478022e-02,2.291558e-02,3.133304e-03,4.674947e-03
1.291965e-01,3.418986e-03,3.647129e-03,7.134056e-03,1.939920e-02,8.189110e-03,1.431972e-03,7.380499e-01,2.644299e-02,3.829671e-03,1.847904e-02,1.439134e-02,1.912493e-02,2.771152e-03,4.494054e-03
1.377136e-01,3.777413e-03,4.221144e-03,6.015454e-03,1.980149e-02,8.928065e-03,2.158035e-03,7.356304e-01,2.133244e-02,6.089156e-03,1.643116e-02,1.401966e-02,1.630197e-02,2.541825e-03,5.038242e-03
1.356448e-01,1.597407e-02,8.606982e-03,1.008234e-02,2.484956e-02,1.599646e-02,2.464205e-03,5.833286e-01,4.822177e-02,6.309540e-02,2.114329e-02,2.493456e-02,2.746403e-02,5.374043e-03,1.281990e-02
1.195547e-01,1.402325e-02,9.498810e-03,1.485436e-02,2.569689e-02,1.695178e-02,2.427050e-03,4.448105e-01,5.178871e-02,1.664279e-01,3.099700e-02,2.314220e-02,4.621400e-02,8.787889e-03,2.482500e-02
8.906306e-02,1.093043e-02,8.173346e-03,1.487392e-02,2.328754e-02,1.594299e-02,2.172982e-03,3.152275e-01,4.130585e-02,2.850570e-01,4.910665e-02,2.320992e-02,8.256502e-02,1.299998e-02,2.608380e-02
6.462821e-02,8.243565e-03,6.549060e-03,1.597674e-02,2.314902e-02,1.268771e-02,1.759046e-03,2.228357e-01,1.091286e-01,2.728468e-01,5.142795e-02,2.229667e-02,1.060108e-01,2.805974e-02,5.440053e-02
4.556363e-02,5.939604e-03,5.106148e-03,1.220371e-02,1.869114e-02,9.563481e-03,1.392351e-03,1.564642e-01,1.251223e-01,2.544764e-01,6.364020e-02,2.478678e-02,9.772389e-02,7.689741e-02,1.024287e-01
3.198716e-02,4.452283e-03,3.637578e-03,8.854315e-03,1.360225e-02,7.013139e-03,9.932939e-04,1.095665e-01,1.404641e-01,1.874153e-01,6.843203e-02,1.801025e-02,8.379580e-02,9.783559e-02,2.239404e-01
2.244177e-02,3.511846e-03,2.591478e-03,6.274219e-03,9.794326e-03,5.182738e-03,7.028305e-04,7.671697e-02,1.618287e-01,1.337562e-01,5.866469e-02,1.296360e-02,6.693053e-02,1.151942e-01,3.234459e-01
1.585483e-02,4.765370e-03,1.910566e-03,4.444358e-03,7.081917e-03,7.583884e-03,5.127633e-04,5.377950e-02,2.597891e-01,9.406836e-02,4.739588e-02,9.315634e-03,4.805291e-02,1.346709e-01,3.107741e-01
1.138464e-02,4.291989e-03,1.999061e-03,3.194979e-03,5.348498e-03,1.619439e-02,3.799833e-04,3.800886e-02,4.000904e-01,6.622604e-02,3.778411e-02,6.597061e-03,3.400321e-02,1.322095e-01,2.422873e-01
8.966252e-03,4.325539e-03,3.391694e-03,2.494593e-03,1.193687e-02,3.929803e-02,3.263963e-04,2.711787e-02,5.030433e-01,4.683791e-02,2.828929e-02,4.669445e-03,2.397731e-02,1.101293e-01,1.851962e-01
9.497765e-03,3.247764e-03,3.980337e-02,1.057898e-02,4.431569e-02,1.677499e-01,3.062345e-04,2.166981e-02,4.194161e-01,3.324689e-02,2.026172e-02,3.285349e-03,1.686056e-02,7.935495e-02,1.304049e-01
1.512730e-02,2.705184e-03,3.589331e-02,8.843582e-03,4.690827e-02,3.385003e-01,3.995439e-04,1.560193e-02,3.341053e-01,2.484071e-02,1.434115e-02,2.310712e-03,1.186436e-02,5.620506e-02,9.235328e-02
1.613970e-02,2.198878e-03,2.927892e-02,6.955502e-03,3.669306e-02,4.982667e-01,2.993863e-04,1.199092e-02,2.531506e-01,1.767817e-02,1.067698e-02,1.658308e-03,8.383788e-03,4.093952e-02,6.568957e-02
1.814810e-02,1.968198e-03,2.359306e-02,5.262462e-03,2.922117e-02,5.793424e-01,2.206218e-04,9.113562e-03,2.203176e-01,1.287189e-02,9.075916e-03,1.211589e-03,5.934000e-03,3.678259e-02,4.693685e-02
2.109304e-02,1.826892e-03,1.866781e-02,4.547225e-03,2.305801e-02,6.550627e-01,2.016588e-04,7.921775e-03,1.807013e-01,9.781422e-03,9.112617e-03,8.958664e-04,4.203415e-03,2.942294e-02,3.350337e-02
1.778583e-02,1.750639e-03,1.424833e-02,3.375659e-03,1.643115e-02,7.345560e-01,1.681178e-04,5.829358e-03,1.372643e-01,7.108528e-03,8.076476e-03,6.561159e-04,2.981727e-03,2.565417e-02,2.411371e-02
1.692942e-02,1.772439e-03,1.073124e-02,2.562690e-03,1.186132e-02,7.725573e-01,1.582763e-04,4.482087e-03,1.177161e-01,5.415107e-03,7.568781e-03,5.053418e-04,2.171847e-03,2.797064e-02,1.759751e-02
1.214051e-02,2.056454e-03,7.735581e-03,1.883928e-03,8.390537e-03,8.133255e-01,1.143356e-04,3.165242e-03,8.836229e-02,4.036051e-03,1.474014e-02,4.253269e-04,1.705238e-03,2.532361e-02,1.659536e-02
8.643842e-03,1.735228e-03,5.427000e-03,1.320229e-03,5.889533e-03,7.833995e-01,8.147826e-05,2.220559e-03,6.296305e-02,2.880126e-03,1.469746e-02,3.488197e-04,1.254309e-03,9.616571e-02,1.297322e-02
6.705250e-03,1.363492e-03,3.813859e-03,9.303431e-04,4.143116e-03,6.721835e-01,6.348373e-05,1.572429e-03,5.318906e-02,2.266250e-03,3.136414e-02,5.564826e-04,1.052310e-03,2.077639e-01,1.303246e-02
4.790122e-03,1.003463e-03,2.673134e-03,6.542671e-04,2.903505e-03,4.724259e-01,4.929603e-05,1.103034e-03,4.196176e-02,1.790785e-03,2.537849e-02,5.912879e-04,7.668409e-04,4.323050e-01,1.160312e-02
3.391779e-03,7.767075e-04,1.874184e-03,4.617625e-04,2.036780e-03,3.321868e-01,4.166017e-05,7.736725e-04,3.869578e-02,1.530072e-03,1.989774e-02,7.174987e-04,5.677646e-04,5.875010e-01,9.546862e-03
2.623335e-03,9.460738e-04,1.386760e-03,3.826778e-04,1.494577e-03,2.346896e-01,5.097209e-05,5.619093e-04,7.204212e-02,2.585118e-03,8.169115e-02,2.647587e-03,4.906648e-04,5.900969e-01,8.310509e-03
2.116410e-03,1.252589e-03,1.024477e-03,2.875411e-04,1.135787e-03,1.650030e-01,7.086640e-05,4.151445e-04,9.956273e-02,1.143987e-02,1.177683e-01,3.003012e-03,1.603134e-03,5.871046e-01,8.212540e-03
1.835489e-03,1.366979e-03,7.836131e-04,2.466395e-04,8.834039e-04,1.166898e-01,1.098629e-04,3.507244e-04,1.555397e-01,1.640215e-02,1.245759e-01,4.630337e-03,1.288343e-03,5.679831e-01,7.314044e-03
2.005690e-03,9.105980e-03,8.159534e-04,2.362334e-04,1.034811e-03,8.490042e-02,1.830096e-04,3.684122e-04,1.895394e-01,2.055091e-02,1.469449e-01,4.554961e-03,1.268128e-03,5.277751e-01,1.071613e-02
2.612437e-03,1.549937e-02,9.051433e-04,3.591784e-04,2.361159e-03,7.138044e-02,2.335129e-04,4.971840e-04,2.411162e-01,2.652298e-02,1.322296e-01,4.207339e-03,1.111695e-03,4.912073e-01,9.756519e-03
3.571088e-03,8.441661e-02,3.253330e-03,1.047823e-03,1.111108e-02,7.186566e-02,5.480698e-04,1.215770e-03,2.767783e-01,4.205362e-02,9.674017e-02,3.306506e-03,1.712910e-03,3.927588e-01,9.620157e-03
2.882419e-03,6.535634e-02,2.518342e-03,1.181490e-03,9.039258e-03,5.607625e-02,5.044492e-04,1.033750e-03,2.783750e-01,8.359200e-02,7.576103e-02,5.894937e-03,4.028909e-02,3.582400e-01,1.925564e-02
2.208936e-03,4.870814e-02,1.937162e-03,1.361866e-03,7.133976e-03,4.330616e-02,4.769059e-04,9.680487e-04,2.253201e-01,6.613997e-02,7.477586e-02,1.120499e-02,1.318355e-01,3.564099e-01,2.821250e-02
2.778445e-03,3.549608e-02,2.030806e-03,9.110082e-03,1.562724e-02,3.706247e-02,5.948694e-04,2.228624e-02,2.189895e-01,5.281787e-02,1.065599e-01,1.694701e-02,1.758219e-01,2.825210e-01,2.135654e-02
2.123445e-03,2.501197e-02,1.552301e-03,8.786734e-03,1.178797e-02,2.789273e-02,6.385287e-04,1.649867e-02,1.564747e-01,3.902899e-02,8.393510e-02,1.696553e-02,1.380141e-01,4.549113e-01,1.637787e-02
2.184506e-03,1.989366e-02,2.072592e-03,2.661641e-02,2.280170e-02,3.121649e-02,7.500051e-04,1.437930e-02,1.256587e-01,2.950648e-02,6.907357e-02,2.564437e-02,1.652620e-01,4.489277e-01,1.601243e-02
3.336316e-03,1.486884e-02,1.803071e-03,2.099913e-02,1.813774e-02,3.003262e-02,1.150414e-03,3.084734e-02,1.074936e-01,2.206773e-02,6.383917e-02,3.342390e-02,1.667135e-01,4.730900e-01,1.219671e-02
4.795514e-03,1.175836e-02,1.698629e-03,1.525857e-02,1.627661e-02,7.994273e-02,2.431362e-03,3.131649e-02,1.176338e-01,1.583365e-02,5.096193e-02,3.354163e-02,1.406254e-01,4.691135e-01,8.811853e-03
3.643419e-03,1.166140e-02,1.216055e-03,1.074048e-02,1.284484e-02,2.440801e-01,2.019856e-03,2.213767e-02,1.783603e-01,1.110915e-02,3.614717e-02,2.372536e-02,1.030658e-01,3.330032e-01,6.245150e-03
3.496108e-03,1.358751e-02,1.038854e-03,8.236657e-03,1.118189e-02,2.890953e-01,2.169825e-03,1.607436e-02,2.608285e-01,8.038330e-03,2.586721e-02,1.797722e-02,9.485277e-02,2.420259e-01,5.529533e-03
3.077555e-03,3.029104e-02,1.311721e-03,3.463776e-02,8.492596e-03,2.960197e-01,1.561595e-03,1.151185e-02,3.249488e-01,6.201697e-03,2.192084e-02,1.314560e-02,7.064550e-02,1.694768e-01,6.756866e-03
7.274128e-03,2.971818e-02,1.490341e-03,2.736813e-02,9.718195e-03,2.952188e-01,1.750045e-03,8.593610e-03,3.147204e-01,5.637553e-03,3.992814e-02,1.123454e-02,1.013354e-01,1.208908e-01,2.512178e-02
1.416598e-02,2.753157e-02,1.523777e-03,2.092613e-02,1.119791e-02,2.910883e-01,3.240779e-03,8.067952e-03,3.094019e-01,4.778445e-03,3.455942e-02,8.843450e-03,1.546280e-01,8.517706e-02,2.486921e-02
1.215139e-02,2.385422e-02,1.245024e-03,1.578042e-02,8.042530e-03,3.457247e-01,2.380827e-03,5.727517e-03,2.674541e-01,3.531544e-03,2.708992e-02,7.270018e-03,1.957785e-01,5.990605e-02,2.406323e-02
1.518115e-02,2.431943e-02,1.059107e-03,1.288878e-02,6.388365e-03,3.162625e-01,1.908532e-03,4.237560e-03,2.409163e-01,2.688664e-03,2.371039e-02,7.838965e-03,2.787533e-01,4.249381e-02,2.135314e-02
1.567331e-02,2.641984e-02,1.093438e-03,1.072332e-02,5.460596e-03,2.844335e-01,1.542949e-03,3.289118e-03,2.017086e-01,2.004571e-03,1.762428e-02,7.090562e-03,3.752398e-01,3.046912e-02,1.722692e-02
1.728713e-02,4.500251e-02,1.713092e-03,1.419893e-02,4.881314e-03,2.633370e-01,1.249480e-03,2.751056e-03,1.856822e-01,1.770263e-03,1.294561e-02,6.210764e-03,4.057347e-01,2.170532e-02,1.553059e-02
1.563631e-02,8.734642e-02,2.003704e-03,1.237541e-02,4.768451e-03,2.273272e-01,1.047359e-03,2.565146e-03,2.104637e-01,1.805491e-03,9.567267e-03,5.338543e-03,3.847972e-01,1.558667e-02,1.937108e-02
1.732265e-02,9.646663e-02,2.872748e-03,1.134492e-02,4.242519e-03,2.213765e-01,1.013913e-03,2.574496e-03,2.387359e-01,3.014747e-03,7.528195e-03,6.811561e-03,3.210043e-01,1.342048e-02,5.227039e-02
1.599390e-02,1.171826e-01,2.855376e-03,1.038672e-02,3.774864e-03,1.851225e-01,9.315719e-04,2.763239e-03,2.766002e-01,4.509361e-03,5.937012e-03,5.991551e-03,2.455549e-01,1.150926e-02,1.108869e-01
1.320776e-02,1.168675e-01,2.804029e-03,8.536598e-03,3.267653e-03,1.339427e-01,7.660529e-04,2.155992e-03,2.836866e-01,6.379026e-03,5.345139e-03,6.123192e-03,1.794724e-01,1.185532e-02,2.255901e-01
1.038627e-02,1.076857e-01,2.621563e-03,7.217415e-03,2.625248e-03,9.463105e-02,5.823445e-04,1.553393e-03,2.937452e-01,7.453538e-03,5.100971e-03,5.915813e-03,1.302492e-01,1.406871e-02,3.161635e-01
9.052949e-03,8.689565e-02,3.090564e-03,6.009265e-03,2.232464e-03,6.686099e-02,4.958301e-04,1.199855e-03,2.546525e-01,8.732347e-03,5.480355e-03,5.295461e-03,9.530111e-02,1.276270e-02,4.419380e-01
7.941404e-03,1.017176e-01,2.855066e-03,1.026173e-02,2.157539e-03,4.764056e-02,3.837712e-04,1.038193e-03,2.647729e-01,1.209184e-02,6.694539e-03,4.553922e-03,6.998429e-02,1.284184e-02,4.550648e-01
7.149154e-03,8.767129e-02,4.671365e-03,1.400385e-02,4.300819e-03,3.562717e-02,3.776090e-04,1.466951e-03,2.927061e-01,1.090519e-02,6.298436e-03,4.207207e-03,5.180112e-02,1.030245e-02,4.685113e-01
1.369405e-02,7.563459e-02,1.101756e-02,2.073744e-02,1.286380e-02,3.485380e-02,9.148384e-04,1.616908e-02,2.986773e-01,9.498185e-03,6.082953e-03,3.551692e-03,3.892196e-02,9.067598e-03,4.483151e-01
1.581735e-02,5.996528e-02,7.943992e-02,1.488680e-01,1.927927e-02,4.353791e-02,1.286289e-03,1.639092e-02,2.308676e-01,1.125669e-02,4.785314e-03,2.597607e-03,3.146980e-02,6.624270e-03,3.278137e-01
1.574235e-02,4.420622e-02,1.719852e-01,1.936486e-01,2.598438e-02,3.763399e-02,1.555380e-03,2.270773e-02,2.102918e-01,9.659315e-03,4.008102e-03,1.872649e-03,2.253741e-02,4.719263e-03,2.334476e-01
3.697891e-02,3.601545e-02,2.849209e-01,1.597396e-01,2.217675e-02,3.568456e-02,1.348069e-03,1.700499e-02,1.616275e-01,3.105850e-02,5.348592e-03,1.498613e-03,1.629009e-02,4.166117e-03,1.861414e-01
4.490238e-02,3.022742e-02,3.012077e-01,2.201912e-01,2.623927e-02,4.854365e-02,1.302526e-03,1.510239e-02,1.270328e-01,2.790868e-02,5.956782e-03,1.334791e-03,1.176384e-02,3.216996e-03,1.350695e-01
3.502854e-02,2.510734e-02,2.605183e-01,3.141837e-01,2.238973e-02,4.555770e-02,1.128772e-03,1.213874e-02,1.028670e-01,3.172743e-02,3.151599e-02,1.787337e-03,1.139453e-02,2.801386e-03,1.018535e-01
2.563325e-02,1.883876e-02,2.129411e-01,4.242499e-01,1.749744e-02,3.532345e-02,9.089340e-04,9.005968e-03,7.741790e-02,2.581558e-02,5.550679e-02,5.768225e-03,1.141061e-02,2.584172e-03,7.709798e-02
2.070468e-02,1.425041e-02,1.975156e-01,4.607850e-01,1.474580e-02,2.819901e-02,8.000277e-04,8.082170e-03,6.502970e-02,2.295699e-02,6.892122e-02,1.030588e-02,1.165005e-02,2.884029e-03,7.316934e-02
1.552610e-02,1.203966e-02,1.457465e-01,3.681273e-01,1.206092e-02,2.424917e-02,1.052844e-03,6.927470e-03,5.311268e-02,2.047656e-02,1.679893e-01,5.121958e-02,5.430218e-02,1.076024e-02,5.640952e-02
1.137800e-02,9.018280e-03,1.355132e-01,3.214693e-01,9.045133e-03,1.814454e-02,1.280435e-03,5.743039e-03,4.008183e-02,5.791799e-02,1.726944e-01,1.139881e-01,5.351230e-02,8.523323e-03,4.169006e-02
1.327144e-02,7.534290e-03,1.006202e-01,2.402707e-01,8.997258e-03,2.028348e-02,1.609016e-03,7.130765e-03,4.559597e-02,8.576214e-02,1.595430e-01,2.034602e-01,4.614095e-02,2.625068e-02,3.352994e-02
1.360570e-02,6.064004e-03,7.149015e-02,1.691737e-01,1.039430e-02,1.874105e-02,1.965609e-03,7.537164e-03,4.068864e-02,7.031911e-02,1.577588e-01,3.432690e-01,3.453945e-02,3.040791e-02,2.404548e-02
1.750086e-02,4.905850e-03,5.064948e-02,1.193617e-01,1.086982e-02,1.673215e-02,1.900071e-03,6.923745e-03,3.131447e-02,6.196656e-02,1.519373e-01,4.557739e-01,2.552571e-02,2.734021e-02,1.729821e-02
4.413143e-02,4.494657e-03,3.615841e-02,8.421558e-02,1.183525e-02,1.418986e-02,1.972153e-03,6.380957e-03,2.279822e-02,5.304660e-02,1.669584e-01,4.956684e-01,1.910067e-02,2.635404e-02,1.269542e-02
1.434540e-01,3.962861e-03,2.613394e-02,5.990625e-02,1.004390e-02,1.354727e-02,1.720185e-03,5.565653e-03,1.714157e-02,3.909923e-02,1.435246e-01,4.898510e-01,1.397567e-02,2.224088e-02,9.833018e-03
2.996915e-01,5.171002e-03,1.920727e-02,4.452537e-02,1.033653e-02,1.547701e-02,1.610223e-03,4.920429e-03,1.333955e-02,2.838922e-02,1.275854e-01,3.919978e-01,1.046188e-02,1.827654e-02,9.010395e-03
4.461869e-01,6.492853e-03,1.419017e-02,3.304026e-02,8.773856e-03,2.006976e-02,1.517831e-03,4.229879e-03,1.091978e-02,2.057755e-02,9.846433e-02,3.038688e-01,8.196194e-03,1.485723e-02,8.614651e-03
1.000000e+00,0.000000e+00,0.000000e+00,0.000000e+00,0.000000e+00,0.000000e+00,0.000000e+00,0.000000e+00,0.000000e+00,0.000000e+00,0.000000e+00,0.000000e+00,0.000000e+00,0.000000e+00,0.000000e+00
1.000000e+00,0.000000e+00,0.000000e+00,0.000000e+00,0.000000e+00,0.000000e+00,0.000000e+00,0.000000e+00,0.000000e+00,0.000000e+00,0.000000e+00,0.000000e+00,0.000000e+00,0.000000e+00,0.000000e+00
4.930860e-01,1.146063e-02,8.616120e-03,2.277162e-02,1.100584e-02,2.267275e-02,1.607142e-03,5.383029e-03,1.343996e-02,1.067188e-02,5.837620e-02,3.092146e-01,5.221370e-03,8.912668e-03,1.756026e-02
4.208421e-01,1.340463e-02,1.135748e-02,2.241792e-02,1.527289e-02,2.416812e-02,1.675514e-03,8.498343e-03,1.350675e-02,9.984709e-03,4.961400e-02,3.759873e-01,4.150736e-03,7.033349e-03,2.208612e-02
3.208825e-01,1.564327e-02,1.553567e-02,1.837654e-02,2.480972e-02,2.612938e-02,2.070517e-03,1.088608e-02,1.581996e-02,3.222983e-02,4.637377e-02,4.336720e-01,3.386336e-03,6.471854e-03,2.771263e-02
2.476407e-01,1.527145e-02,2.833228e-02,1.414902e-02,2.684957e-02,3.312526e-02,2.975346e-03,3.752229e-02,2.063373e-02,3.749498e-02,4.120247e-02,4.613376e-01,3.201466e-03,5.846606e-03,2.441728e-02
1.800333e-01,1.303583e-02,1.503828e-01,1.318503e-02,2.436840e-02,2.881995e-02,5.475138e-03,8.050449e-02,1.931679e-02,3.988032e-02,3.951840e-02,3.766957e-01,4.168822e-03,6.185409e-03,1.842963e-02
1.338613e-01,1.977862e-02,1.679894e-01,1.069789e-02,4.480750e-02,2.337288e-02,5.110003e-03,6.692089e-02,7.373453e-02,5.948320e-02,6.264542e-02,2.875405e-01,4.386896e-03,2.361076e-02,1.606024e-02
9.650006e-02,2.513414e-02,2.534969e-01,3.818403e-02,4.169458e-02,1.904690e-02,4.503623e-03,5.244407e-02,1.265927e-01,5.580831e-02,4.591624e-02,2.062109e-01,3.761859e-03,1.751187e-02,1.319383e-02
7.873904e-02,2.368853e-02,2.035170e-01,5.403129e-02,7.819694e-02,1.852004e-02,8.756957e-03,4.171818e-02,2.381105e-01,4.516118e-02,3.443784e-02,1.469823e-01,3.242370e-03,1.439310e-02,1.050489e-02
7.005310e-02,2.486040e-02,1.729211e-01,4.840209e-02,1.490116e-01,3.967617e-02,1.783538e-02,3.317859e-02,2.538930e-01,3.845079e-02,2.539811e-02,1.033116e-01,2.853046e-03,1.114543e-02,9.009629e-03
6.884095e-02,3.243012e-02,1.609368e-01,1.138451e-01,1.720281e-01,3.279096e-02,2.202891e-02,3.474383e-02,2.139117e-01,3.345797e-02,1.947547e-02,7.370294e-02,3.829349e-03,8.326776e-03,9.651069e-03
9.704135e-02,3.194131e-02,1.263898e-01,8.583769e-02,2.387119e-01,3.276470e-02,2.466299e-02,2.878474e-02,2.151295e-01,3.341940e-02,1.511212e-02,5.299691e-02,3.389417e-03,6.473423e-03,7.344680e-03
