1.000000e+00,0.000000e+00,0.000000e+00,0.000000e+00,0.000000e+00,0.000000e+00,0.000000e+00,0.000000e+00,0.000000e+00,0.000000e+00,0.000000e+00,0.000000e+00,0.000000e+00,0.000000e+00,0.000000e+00
1.000000e+00,0.000000e+00,0.000000e+00,0.000000e+00,0.000000e+00,0.000000e+00,0.000000e+00,0.000000e+00,0.000000e+00,0.000000e+00,0.000000e+00,0.000000e+00,0.000000e+00,0.000000e+00,0.000000e+00
1.000000e+00,0.000000e+00,0.000000e+00,0.000000e+00,0.000000e+00,0.000000e+00,0.000000e+00,0.000000e+00,0.000000e+00,0.000000e+00,0.000000e+00,0.000000e+00,0.000000e+00,0.000000e+00,0.000000e+00
1.000000e+00,0.000000e+00,0.000000e+00,0.000000e+00,0.000000e+00,0.000000e+00,0.000000e+00,0.000000e+00,0.000000e+00,0.000000e+00,0.000000e+00,0.000000e+00,0.000000e+00,0.000000e+00,0.000000e+00
1.000000e+00,0.000000e+00,0.000000e+00,0.000000e+00,0.000000e+00,0.000000e+00,0.000000e+00,0.000000e+00,0.000000e+00,0.000000e+00,0.000000e+00,0.000000e+00,0.000000e+00,0.000000e+00,0.000000e+00
1.000000e+00,0.000000e+00,0.000000e+00,0.000000e+00,0.000000e+00,0.000000e+00,0.000000e+00,0.000000e+00,0.000000e+00,0.000000e+00,0.000000e+00,0.000000e+00,0.000000e+00,0.000000e+00,0.000000e+00
1.000000e+00,0.000000e+00,0.000000e+00,0.000000e+00,0.000000e+00,0.000000e+00,0.000000e+00,0.000000e+00,0.000000e+00,0.000000e+00,0.000000e+00,0.000000e+00,0.000000e+00,0.000000e+00,0.000000e+00
1.000000e+00,0.000000e+00,0.000000e+00,0.000000e+00,0.000000e+00,0.000000e+00,0.000000e+00,0.000000e+00,0.000000e+00,0.000000e+00,0.000000e+00,0.000000e+00,0.000000e+00,0.000000e+00,0.000000e+00
1.000000e+00,0.000000e+00,0.000000e+00,0.000000e+00,0.000000e+00,0.000000e+00,0.000000e+00,0.000000e+00,0.000000e+00,0.000000e+00,0.000000e+00,0.000000e+00,0.000000e+00,0.000000e+00,0.000000e+00
1.000000e+00,0.000000e+00,0.000000e+00,0.000000e+00,0.000000e+00,0.000000e+00,0.000000e+00,0.000000e+00,0.000000e+00,0.000000e+00,0.000000e+00,0.000000e+00,0.000000e+00,0.000000e+00,0.000000e+00
1.000000e+00,0.000000e+00,0.000000e+00,0.000000e+00,0.000000e+00,0.000000e+00,0.000000e+00,0.000000e+00,0.000000e+00,0.000000e+00,0.000000e+00,0.000000e+00,0.000000e+00,0.000000e+00,0.000000e+00
1.000000e+00,0.000000e+00,0.000000e+00,0.000000e+00,0.000000e+00,0.000000e+00,0.000000e+00,0.000000e+00,0.000000e+00,0.000000e+00,0.000000e+00,0.000000e+00,0.000000e+00,0.000000e+00,0.000000e+00
1.000000e+00,0.000000e+00,0.000000e+00,0.000000e+00,0.000000e+00,0.000000e+00,0.000000e+00,0.000000e+00,0.000000e+00,0.000000e+00,0.000000e+00,0.000000e+00,0.000000e+00,0.000000e+00,0.000000e+00
1.000000e+00,0.000000e+00,0.000000e+00,0.000000e+00,0.000000e+00,0.000000e+00,0.000000e+00,0.000000e+00,0.000000e+00,0.000000e+00,0.000000e+00,0.000000e+00,0.000000e+00,0.000000e+00,0.000000e+00
1.000000e+00,0.000000e+00,0.000000e+00,0.000000e+00,0.000000e+00,0.000000e+00,0.000000e+00,0.000000e+00,0.000000e+00,0.000000e+00,0.000000e+00,0.000000e+00,0.000000e+00,0.000000e+00,0.000000e+00
1.000000e+00,0.000000e+00,0.000000e+00,0.000000e+00,0.000000e+00,0.000000e+00,0.000000e+00,0.000000e+00,0.000000e+00,0.000000e+00,0.000000e+00,0.000000e+00,0.000000e+00,0.000000e+00,0.000000e+00
1.000000e+00,0.000000e+00,0.000000e+00,0.000000e+00,0.000000e+00,0.000000e+00,0.000000e+00,0.000000e+00,0.000000e+00,0.000000e+00,0.000000e+00,0.000000e+00,0.000000e+00,0.000000e+00,0.000000e+00
1.000000e+00,0.000000e+00,0.000000e+00,0.000000e+00,0.000000e+00,0.000000e+00,0.000000e+00,0.000000e+00,0.000000e+00,0.000000e+00,0.000000e+00,0.000000e+00,0.000000e+00,0.000000e+00,0.000000e+00
1.000000e+00,0.000000e+00,0.000000e+00,0.000000e+00,0.000000e+00,0.000000e+00,0.000000e+00,0.000000e+00,0.000000e+00,0.000000e+00,0.000000e+00,0.000000e+00,0.000000e+00,0.000000e+00,0.000000e+00
1.000000e+00,0.000000e+00,0.000000e+00,0.000000e+00,0.000000e+00,0.000000e+00,0.000000e+00,0.000000e+00,0.000000e+00,0.000000e+00,0.000000e+00,0.000000e+00,0.000000e+00,0.000000e+00,0.000000e+00
1.000000e+00,0.000000e+00,0.000000e+00,0.000000e+00,0.000000e+00,0.000000e+00,0.000000e+00,0.000000e+00,0.000000e+00,0.000000e+00,0.000000e+00,0.000000e+00,0.000000e+00,0.000000e+00,0.000000e+00
1.000000e+00,0.000000e+00,0.000000e+00,0.000000e+00,0.000000e+00,0.000000e+00,0.000000e+00,0.000000e+00,0.000000e+00,0.000000e+00,0.000000e+00,0.000000e+00,0.000000e+00,0.000000e+00,0.000000e+00
1.000000e+00,0.000000e+00,0.000000e+00,0.000000e+00,0.000000e+00,0.000000e+00,0.000000e+00,0.000000e+00,0.000000e+00,0.000000e+00,0.000000e+00,0.000000e+00,0.000000e+00,0.000000e+00,0.000000e+00
1.000000e+00,0.000000e+00,0.000000e+00,0.000000e+00,0.000000e+00,0.000000e+00,0.000000e+00,0.000000e+00,0.000000e+00,0.000000e+00,0.000000e+00,0.000000e+00,0.000000e+00,0.000000e+00,0.000000e+00
1.000000e+00,0.000000e+00,0.000000e+00,0.000000e+00,0.000000e+00,0.000000e+00,0.000000e+00,0.000000e+00,0.000000e+00,0.000000e+00,0.000000e+00,0.000000e+00,0.000000e+00,0.000000e+00,0.000000e+00
1.000000e+00,0.000000e+00,0.000000e+00,0.000000e+00,0.000000e+00,0.000000e+00,0.000000e+00,0.000000e+00,0.000000e+00,0.000000e+00,0.000000e+00,0.000000e+00,0.000000e+00,0.000000e+00,0.000000e+00
1.000000e+00,0.000000e+00,0.000000e+00,0.000000e+00,0.000000e+00,0.000000e+00,0.000000e+00,0.000000e+00,0.000000e+00,0.000000e+00,0.000000e+00,0.000000e+00,0.000000e+00,0.000000e+00,0.000000e+00
1.000000e+00,0.000000e+00,0.000000e+00,0.000000e+00,0.000000e+00,0.000000e+00,0.000000e+00,0.000000e+00,0.000000e+00,0.000000e+00,0.000000e+00,0.000000e+00,0.000000e+00,0.000000e+00,0.000000e+00
1.000000e+00,0.000000e+00,0.000000e+00,0.000000e+00,0.000000e+00,0.000000e+00,0.000000e+00,0.000000e+00,0.000000e+00,0.000000e+00,0.000000e+00,0.000000e+00,0.000000e+00,0.000000e+00,0.000000e+00
1.000000e+00,0.000000e+00,0.000000e+00,0.000000e+00,0.000000e+00,0.000000e+00,0.000000e+00,0.000000e+00,0.000000e+00,0.000000e+00,0.000000e+00,0.000000e+00,0.000000e+00,0.000000e+00,0.000000e+00
1.000000e+00,0.000000e+00,0.000000e+00,0.000000e+00,0.000000e+00,0.000000e+00,0.000000e+00,0.000000e+00,0.000000e+00,0.000000e+00,0.000000e+00,0.000000e+00,0.000000e+00,0.000000e+00,0.000000e+00
1.000000e+00,0.000000e+00,0.000000e+00,0.000000e+00,0.000000e+00,0.000000e+00,0.000000e+00,0.000000e+00,0.000000e+00,0.000000e+00,0.000000e+00,0.000000e+00,0.000000e+00,0.000000e+00,0.000000e+00
1.000000e+00,0.000000e+00,0.000000e+00,0.000000e+00,0.000000e+00,0.000000e+00,0.000000e+00,0.000000e+00,0.000000e+00,0.000000e+00,0.000000e+00,0.000000e+00,0.000000e+00,0.000000e+00,0.000000e+00
1.000000e+00,0.000000e+00,0.000000e+00,0.000000e+00,0.000000e+00,0.000000e+00,0.000000e+00,0.000000e+00,0.000000e+00,0.000000e+00,0.000000e+00,0.000000e+00,0.000000e+00,0.000000e+00,0.000000e+00
1.000000e+00,0.000000e+00,0.000000e+00,0.000000e+00,0.000000e+00,0.000000e+00,0.000000e+00,0.000000e+00,0.000000e+00,0.000000e+00,0.000000e+00,0.000000e+00,0.000000e+00,0.000000e+00,0.000000e+00
1.000000e+00,0.000000e+00,0.000000e+00,0.000000e+00,0.000000e+00,0.000000e+00,0.000000e+00,0.000000e+00,0.000000e+00,0.000000e+00,0.000000e+00,0.000000e+00,0.000000e+00,0.000000e+00,0.000000e+00
1.000000e+00,0.000000e+00,0.000000e+00,0.000000e+00,0.000000e+00,0.000000e+00,0.000000e+00,0.000000e+00,0.000000e+00,0.000000e+00,0.000000e+00,0.000000e+00,0.000000e+00,0.000000e+00,0.000000e+00
1.000000e+00,0.000000e+00,0.000000e+00,0.000000e+00,0.000000e+00,0.000000e+00,0.000000e+00,0.000000e+00,0.000000e+00,0.000000e+00,0.000000e+00,0.000000e+00,0.000000e+00,0.000000e+00,0.000000e+00
1.000000e+00,0.000000e+00,0.000000e+00,0.000000e+00,0.000000e+00,0.000000e+00,0.000000e+00,0.000000e+00,0.000000e+00,0.000000e+00,0.000000e+00,0.000000e+00,0.000000e+00,0.000000e+00,0.000000e+00
1.000000e+00,0.000000e+00,0.000000e+00,0.000000e+00,0.000000e+00,0.000000e+00,0.000000e+00,0.000000e+00,0.000000e+00,0.000000e+00,0.000000e+00,0.000000e+00,0.000000e+00,0.000000e+00,0.000000e+00
1.000000e+00,0.000000e+00,0.000000e+00,0.000000e+00,0.000000e+00,0.000000e+00,0.000000e+00,0.000000e+00,0.000000e+00,0.000000e+00,0.000000e+00,0.000000e+00,0.000000e+00,0.000000e+00,0.000000e+00
1.000000e+00,0.000000e+00,0.000000e+00,0.000000e+00,0.000000e+00,0.000000e+00,0.000000e+00,0.000000e+00,0.000000e+00,0.000000e+00,0.000000e+00,0.000000e+00,0.000000e+00,0.000000e+00,0.000000e+00
1.000000e+00,0.000000e+00,0.000000e+00,0.000000e+00,0.000000e+00,0.000000e+00,0.000000e+00,0.000000e+00,0.000000e+00,0.000000e+00,0.000000e+00,0.000000e+00,0.000000e+00,0.000000e+00,0.000000e+00
1.000000e+00,0.000000e+00,0.000000e+00,0.000000e+00,0.000000e+00,0.000000e+00,0.000000e+00,0.000000e+00,0.000000e+00,0.000000e+00,0.000000e+00,0.000000e+00,0.000000e+00,0.000000e+00,0.000000e+00
1.000000e+00,0.000000e+00,0.000000e+00,0.000000e+00,0.000000e+00,0.000000e+00,0.000000e+00,0.000000e+00,0.000000e+00,0.000000e+00,0.000000e+00,0.000000e+00,0.000000e+00,0.000000e+00,0.000000e+00
1.000000e+00,0.000000e+00,0.000000e+00,0.000000e+00,0.000000e+00,0.000000e+00,0.000000e+00,0.000000e+00,0.000000e+00,0.000000e+00,0.000000e+00,0.000000e+00,0.000000e+00,0.000000e+00,0.000000e+00
1.000000e+00,0.000000e+00,0.000000e+00,0.000000e+00,0.000000e+00,0.000000e+00,0.000000e+00,0.000000e+00,0.000000e+00,0.000000e+00,0.000000e+00,0.000000e+00,0.000000e+00,0.000000e+00,0.000000e+00
1.000000e+00,0.000000e+00,0.000000e+00,0.000000e+00,0.000000e+00,0.000000e+00,0.000000e+00,0.000000e+00,0.000000e+00,0.000000e+00,0.000000e+00,0.000000e+00,0.000000e+00,0.000000e+00,0.000000e+00
1.000000e+00,0.000000e+00,0.000000e+00,0.000000e+00,0.000000e+00,0.000000e+00,0.000000e+00,0.000000e+00,0.000000e+00,0.000000e+00,0.000000e+00,0.000000e+00,0.000000e+00,0.000000e+00,0.000000e+00
4.791582e-01,3.028031e-02,4.247408e-02,1.753330e-01,1.156170e-02,2.593477e-02,7.821084e-03,3.123146e-02,2.671950e-02,1.888823e-03,5.382988e-02,6.640560e-02,1.524818e-02,6.470775e-03,2.564255e-02
3.950452e-01,2.898887e-02,8.643599e-02,2.315720e-01,1.161877e-02,2.393105e-02,7.133620e-03,3.652702e-02,2.513389e-02,1.720881e-03,4.920507e-02,5.990587e-02,1.377239e-02,6.359851e-03,2.264949e-02
4.392760e-01,3.663866e-02,6.700591e-02,1.982613e-01,1.403576e-02,2.546442e-02,6.698883e-03,2.887742e-02,2.652377e-02,1.726781e-03,4.768219e-02,5.779715e-02,1.733066e-02,7.523069e-03,2.515799e-02
3.831437e-01,3.980138e-02,7.466783e-02,2.616538e-01,1.638186e-02,2.678351e-02,6.870130e-03,3.094842e-02,2.191768e-02,1.548672e-03,4.027520e-02,5.234948e-02,1.462410e-02,6.352932e-03,2.268126e-02
4.182541e-01,3.808889e-02,8.096150e-02,2.317275e-01,1.666084e-02,3.059318e-02,6.825072e-03,2.644154e-02,1.775315e-02,1.541717e-03,3.640946e-02,5.324868e-02,1.394211e-02,5.737758e-03,2.181441e-02
1.000000e+00,0.000000e+00,0.000000e+00,0.000000e+00,0.000000e+00,0.000000e+00,0.000000e+00,0.000000e+00,0.000000e+00,0.000000e+00,0.000000e+00,0.000000e+00,0.000000e+00,0.000000e+00,0.000000e+00
1.000000e+00,0.000000e+00,0.000000e+00,0.000000e+00,0.000000e+00,0.000000e+00,0.000000e+00,0.000000e+00,0.000000e+00,0.000000e+00,0.000000e+00,0.000000e+00,0.000000e+00,0.000000e+00,0.000000e+00
1.000000e+00,0.000000e+00,0.000000e+00,0.000000e+00,0.000000e+00,0.000000e+00,0.000000e+00,0.000000e+00,0.000000e+00,0.000000e+00,0.000000e+00,0.000000e+00,0.000000e+00,0.000000e+00,0.000000e+00
1.000000e+00,0.000000e+00,0.000000e+00,0.000000e+00,0.000000e+00,0.000000e+00,0.000000e+00,0.000000e+00,0.000000e+00,0.000000e+00,0.000000e+00,0.000000e+00,0.000000e+00,0.000000e+00,0.000000e+00
1.000000e+00,0.000000e+00,0.000000e+00,0.000000e+00,0.000000e+00,0.000000e+00,0.000000e+00,0.000000e+00,0.000000e+00,0.000000e+00,0.000000e+00,0.000000e+00,0.000000e+00,0.000000e+00,0.000000e+00
1.000000e+00,0.000000e+00,0.000000e+00,0.000000e+00,0.000000e+00,0.000000e+00,0.000000e+00,0.000000e+00,0.000000e+00,0.000000e+00,0.000000e+00,0.000000e+00,0.000000e+00,0.000000e+00,0.000000e+00
1.000000e+00,0.000000e+00,0.000000e+00,0.000000e+00,0.000000e+00,0.000000e+00,0.000000e+00,0.000000e+00,0.000000e+00,0.000000e+00,0.000000e+00,0.000000e+00,0.000000e+00,0.000000e+00,0.000000e+00
1.000000e+00,0.000000e+00,0.000000e+00,0.000000e+00,0.000000e+00,0.000000e+00,0.000000e+00,0.000000e+00,0.000000e+00,0.000000e+00,0.000000e+00,0.000000e+00,0.000000e+00,0.000000e+00,0.000000e+00
3.545507e-01,4.524362e-02,9.825243e-03,2.966330e-01,3.363229e-03,1.289377e-02,1.892645e-03,7.144868e-03,1.471165e-01,8.373071e-03,1.809125e-02,2.769835e-02,2.472618e-02,2.166554e-03,4.028112e-02
2.570663e-01,3.600587e-02,7.667591e-03,3.136855e-01,3.029461e-03,1.086435e-02,1.507849e-03,5.908789e-03,2.090584e-01,7.981380e-03,4.929457e-02,2.232157e-02,3.821751e-02,2.286694e-03,3.510417e-02
1.869229e-01,5.029861e-02,6.242891e-03,2.664984e-01,2.608614e-03,8.298311e-03,1.159945e-03,4.365556e-03,3.394153e-01,6.232736e-03,5.057251e-02,1.631206e-02,2.734959e-02,3.649394e-03,3.007320e-02
1.543679e-01,3.798936e-02,5.928880e-03,2.707747e-01,2.155903e-03,7.573703e-03,1.161404e-03,4.184710e-03,3.246287e-01,4.962923e-03,1.048031e-01,2.957417e-02,2.210513e-02,6.185104e-03,2.360440e-02
1.346591e-01,2.879831e-02,4.996053e-03,2.379837e-01,2.015223e-03,2.036601e-02,1.276881e-03,3.618016e-03,2.692886e-01,3.767206e-03,1.736106e-01,7.573284e-02,1.835895e-02,7.129583e-03,1.839905e-02
1.109554e-01,2.063855e-02,4.053039e-03,1.794999e-01,5.669845e-03,1.603599e-02,1.633432e-03,3.407410e-03,1.979427e-01,3.041957e-03,2.377395e-01,1.836077e-01,1.384464e-02,8.514140e-03,1.341575e-02
9.378162e-02,1.477769e-02,3.484760e-03,1.318778e-01,1.496985e-02,1.385995e-02,2.263677e-03,4.033008e-03,1.425177e-01,2.711511e-03,2.514642e-01,2.894974e-01,1.044727e-02,1.460555e-02,9.707888e-03
8.241902e-02,1.269925e-02,1.253199e-02,9.435483e-02,1.012060e-01,1.051063e-02,2.512869e-03,4.287967e-03,1.016178e-01,2.427106e-03,2.740132e-01,2.558962e-01,8.145410e-03,2.963415e-02,7.743539e-03
6.050887e-02,1.066126e-02,2.776460e-02,6.740166e-02,1.176135e-01,9.811860e-03,2.913065e-03,6.422963e-03,7.271701e-02,2.126150e-03,2.856136e-01,2.341891e-01,6.628255e-03,8.948527e-02,6.142811e-03
4.282415e-02,9.918171e-03,2.627083e-02,4.786537e-02,3.152758e-01,7.205784e-03,2.088780e-03,4.677577e-03,5.443256e-02,1.768652e-03,2.335823e-01,1.722725e-01,5.216693e-03,7.162032e-02,4.980417e-03
4.432713e-02,1.024843e-02,3.131102e-02,4.453833e-02,3.105349e-01,1.650873e-02,1.941004e-03,6.698956e-03,6.494143e-02,2.894112e-03,2.076010e-01,1.391717e-01,5.206334e-03,1.061714e-01,7.905474e-03
4.307904e-02,9.625175e-03,2.499669e-02,3.438890e-02,2.610874e-01,1.869902e-02,1.605409e-03,7.337641e-03,6.595341e-02,4.249105e-03,1.970190e-01,1.092304e-01,4.659479e-03,2.098078e-01,8.261536e-03
4.738513e-02,1.373572e-02,2.347173e-02,3.126920e-02,2.171647e-01,3.453721e-02,1.973800e-03,1.531289e-02,1.497810e-01,7.483630e-03,1.600417e-01,8.086136e-02,9.792628e-03,1.831490e-01,2.404030e-02
3.667591e-02,2.143949e-02,1.893014e-02,2.536243e-02,1.637049e-01,3.023328e-02,1.480374e-03,1.551045e-02,3.065363e-01,1.048478e-02,1.323304e-01,5.789598e-02,8.249807e-03,1.386468e-01,3.251898e-02
2.869407e-02,2.000144e-02,1.441301e-02,2.001274e-02,1.178061e-01,2.621923e-02,1.094334e-03,1.188374e-02,4.683478e-01,1.127967e-02,1.005204e-01,4.098948e-02,6.455181e-03,1.009782e-01,3.130466e-02
2.333744e-02,1.912944e-02,1.457770e-02,1.899958e-02,8.317486e-02,2.301872e-02,8.088025e-04,9.009510e-03,5.927089e-01,1.138419e-02,7.179110e-02,2.886094e-02,4.758648e-03,7.190519e-02,2.653493e-02
2.051773e-02,2.475123e-02,1.155145e-02,1.646098e-02,5.866335e-02,1.743449e-02,5.808572e-04,6.456967e-03,6.784892e-01,1.214807e-02,5.297719e-02,2.033305e-02,3.562083e-03,5.209742e-02,2.397597e-02
1.459158e-02,1.965666e-02,8.689037e-03,1.372271e-02,4.112880e-02,1.237335e-02,4.113753e-04,4.532882e-03,7.422489e-01,1.229047e-02,3.817011e-02,1.428209e-02,2.599335e-03,3.688770e-02,3.841509e-02
1.030125e-02,1.467486e-02,6.563867e-03,9.710212e-03,2.880035e-02,8.769104e-03,2.921883e-04,3.177231e-03,7.504656e-01,1.113769e-02,2.920489e-02,1.025025e-02,2.902001e-03,2.926630e-02,8.448422e-02
7.278712e-03,1.056602e-02,4.893498e-03,6.921302e-03,2.017887e-02,6.195360e-03,2.145144e-04,2.231459e-03,7.777281e-01,9.311322e-03,2.173420e-02,7.459083e-03,2.115653e-03,2.721226e-02,9.595969e-02
5.286109e-03,7.665622e-03,3.626005e-03,4.917355e-03,1.414359e-02,4.453950e-03,1.938364e-04,1.582727e-03,6.355361e-01,9.764117e-03,4.098755e-02,8.718463e-03,2.330219e-03,1.559634e-01,1.048310e-01
3.769885e-03,5.534445e-03,2.580164e-03,3.487065e-03,9.915818e-03,3.310854e-03,1.475414e-04,1.114020e-03,4.702235e-01,7.260736e-03,4.108679e-02,6.745972e-03,2.698702e-03,3.571840e-01,8.494058e-02
2.683493e-03,6.855646e-03,2.029635e-03,2.497541e-03,7.428478e-03,3.612826e-03,1.097269e-04,7.934349e-04,3.466660e-01,5.510622e-03,4.594759e-02,5.345696e-03,3.558215e-03,4.988995e-01,6.806161e-02
1.994787e-03,6.421594e-03,1.578068e-03,1.814089e-03,5.449209e-03,6.854351e-03,8.609329e-05,5.673414e-04,2.912123e-01,5.157022e-03,8.750728e-02,4.103237e-03,2.855504e-03,5.286617e-01,5.573747e-02
1.444658e-03,6.227633e-03,1.269713e-03,1.316932e-03,3.908499e-03,8.190309e-03,6.357309e-05,3.986975e-04,2.352609e-01,4.348305e-03,9.167390e-02,3.169372e-03,2.091472e-03,6.012108e-01,3.942519e-02
1.042069e-03,6.554142e-03,1.149424e-03,1.019925e-03,2.768335e-03,1.389507e-02,5.306547e-05,2.817083e-04,2.002429e-01,3.445874e-03,8.106032e-02,2.782243e-03,1.584027e-03,6.562845e-01,2.783635e-02
1.255496e-03,1.256764e-02,3.410266e-02,6.620008e-03,5.581880e-03,3.608326e-02,1.681584e-03,4.762106e-03,2.787599e-01,4.947665e-03,6.430080e-02,2.237754e-03,1.604420e-03,5.253401e-01,2.015476e-02
1.106682e-03,1.112913e-02,2.526735e-01,1.993022e-02,7.629442e-03,2.827526e-02,1.356608e-03,4.779678e-03,2.289029e-01,6.502687e-03,4.736887e-02,1.625965e-03,1.430411e-03,3.723636e-01,1.492511e-02
1.660936e-03,1.099188e-02,2.278084e-01,1.761221e-02,9.247320e-03,2.187992e-02,1.028332e-03,3.649952e-03,2.520527e-01,7.781990e-02,3.414505e-02,1.193721e-03,1.225969e-03,2.616329e-01,7.805078e-02
8.019666e-03,1.576221e-02,2.410857e-01,2.177404e-02,1.572091e-02,2.407774e-02,9.146002e-04,3.714726e-03,2.690905e-01,7.235418e-02,2.525344e-02,9.246059e-04,1.235223e-03,1.867817e-01,1.132907e-01
1.084322e-02,1.917659e-02,2.150310e-01,1.247605e-01,1.871152e-02,1.923298e-02,8.286864e-04,3.411400e-03,2.735972e-01,5.563972e-02,1.898825e-02,8.208306e-04,1.640018e-03,1.312120e-01,1.061060e-01
2.239396e-02,2.355918e-02,1.722161e-01,2.049359e-01,3.053153e-02,1.970847e-02,9.766783e-04,2.754197e-03,2.250886e-01,4.532564e-02,1.828318e-02,1.328088e-03,2.602767e-03,9.262782e-02,1.376678e-01
1.818393e-02,2.251267e-02,2.199158e-01,2.034539e-01,2.457832e-02,1.465094e-02,8.046272e-04,2.063776e-03,1.730480e-01,4.112251e-02,1.358912e-02,1.130321e-03,2.276186e-03,6.514744e-02,1.975224e-01
2.867708e-02,2.310271e-02,2.303192e-01,2.288901e-01,2.014061e-02,1.212743e-02,7.141419e-04,1.772563e-03,1.461339e-01,3.299274e-02,1.196623e-02,1.266101e-03,2.334958e-03,4.706942e-02,2.124928e-01
1.279711e-01,3.277806e-02,2.406518e-01,1.957270e-01,2.573248e-02,1.568552e-02,9.896904e-04,2.096203e-03,1.105048e-01,2.421802e-02,1.276078e-02,2.878391e-03,3.838747e-03,3.503184e-02,1.691356e-01
1.381320e-01,5.506024e-02,2.060114e-01,2.277904e-01,4.688548e-02,2.639351e-02,3.144452e-03,3.813345e-03,8.635714e-02,1.844521e-02,1.103079e-02,2.867407e-03,3.670576e-03,2.549704e-02,1.449010e-01
1.086503e-01,4.846959e-02,1.851979e-01,3.554894e-01,4.519090e-02,2.093348e-02,2.668491e-03,3.707279e-03,6.565946e-02,1.562452e-02,1.078644e-02,2.285121e-03,3.676021e-03,1.823680e-02,1.134242e-01
7.811983e-02,3.940251e-02,1.575365e-01,3.896926e-01,3.524313e-02,1.511801e-02,2.070009e-03,3.018958e-03,7.004612e-02,3.297698e-02,6.510980e-02,3.400472e-03,5.179120e-03,1.514312e-02,8.794288e-02
5.484659e-02,2.836597e-02,1.235125e-01,3.032704e-01,2.652590e-02,1.096004e-02,1.603114e-03,2.198102e-03,5.202122e-02,3.917176e-02,2.628762e-01,4.169710e-03,1.658583e-02,1.135932e-02,6.253336e-02
3.893586e-02,2.283448e-02,9.345279e-02,2.890335e-01,2.171508e-02,8.186063e-03,1.393867e-03,1.762905e-03,4.960371e-02,3.918819e-02,3.453710e-01,7.349969e-03,1.998456e-02,9.822344e-03,5.136565e-02
3.198732e-02,1.717948e-02,6.891286e-02,2.764400e-01,1.598371e-02,6.733517e-03,1.068457e-03,1.500082e-03,4.960695e-02,4.925889e-02,3.791756e-01,2.099284e-02,2.781499e-02,1.275652e-02,4.058891e-02
3.063843e-02,1.286746e-02,5.078329e-02,2.489450e-01,1.217749e-02,6.575708e-03,9.145517e-04,1.198708e-03,3.643935e-02,4.547026e-02,4.367087e-01,3.043695e-02,3.321386e-02,2.196693e-02,3.166333e-02
4.962727e-02,9.930800e-03,3.654625e-02,1.974538e-01,1.940852e-02,7.481584e-03,7.672158e-04,1.233979e-03,2.695338e-02,3.943851e-02,4.588760e-01,5.268881e-02,5.027992e-02,2.393122e-02,2.538275e-02
4.533101e-02,7.818937e-03,2.703682e-02,1.509162e-01,1.916836e-02,6.767418e-03,7.049657e-04,2.385250e-03,2.251456e-02,6.079759e-02,4.840407e-01,7.842106e-02,4.715958e-02,2.620108e-02,2.073646e-02
5.369493e-02,5.888573e-03,1.946820e-02,1.115369e-01,1.729699e-02,6.291130e-03,6.236007e-04,3.268035e-03,2.131297e-02,7.283042e-02,4.896816e-01,1.053390e-01,4.913161e-02,2.715482e-02,1.648120e-02
4.203055e-02,6.069987e-03,1.432338e-02,8.108633e-02,1.586401e-02,5.121723e-03,5.228904e-04,5.114544e-03,6.135034e-02,9.057948e-02,4.803098e-01,1.011601e-01,5.164745e-02,2.577259e-02,1.904686e-02
3.100283e-02,6.267189e-03,1.089486e-02,5.971125e-02,3.080127e-02,3.985310e-03,4.842808e-04,5.679354e-03,1.688364e-01,8.058552e-02,4.368553e-01,8.163008e-02,4.642138e-02,2.078534e-02,1.605971e-02
2.320554e-02,1.086781e-02,1.038892e-02,4.727212e-02,3.196907e-02,3.392933e-03,1.023865e-03,3.913367e-02,2.789346e-01,7.229665e-02,3.427006e-01,6.504175e-02,4.371742e-02,1.741858e-02,1.263655e-02
1.714443e-02,9.979088e-03,8.249942e-03,3.506080e-02,2.660453e-02,2.623245e-03,9.394387e-04,9.509166e-02,3.561488e-01,6.499407e-02,2.678473e-01,4.887350e-02,4.468947e-02,1.264977e-02,9.104070e-03
1.337017e-02,1.105105e-02,6.512215e-03,2.714715e-02,2.213738e-02,2.535732e-03,7.228783e-04,7.738218e-02,4.949235e-01,5.435983e-02,2.028455e-01,3.653707e-02,3.474112e-02,9.121209e-03,6.613073e-03
1.123936e-02,9.335358e-03,5.958317e-03,4.907073e-02,2.971406e-02,2.481465e-03,7.765778e-04,6.475285e-02,5.783756e-01,3.867074e-02,1.462274e-01,2.614632e-02,2.563257e-02,6.568591e-03,5.050006e-03
1.112350e-02,7.680216e-03,8.555459e-03,5.121470e-02,2.794190e-02,4.039519e-03,9.486948e-04,6.458447e-02,6.356719e-01,2.880885e-02,1.106276e-01,1.889257e-02,2.031499e-02,4.812035e-03,4.783608e-03
1.864015e-02,6.981517e-03,9.929340e-03,5.344091e-02,3.065794e-02,4.317411e-03,9.936078e-04,8.613496e-02,6.401572e-01,2.503623e-02,8.579720e-02,1.408473e-02,1.640851e-02,3.632421e-03,3.787890e-03
2.081302e-02,5.218950e-03,8.533310e-03,5.054972e-02,5.039079e-02,3.603471e-03,1.073048e-03,1.741676e-01,5.758759e-01,2.201911e-02,6.072941e-02,1.001732e-02,1.168222e-02,2.627864e-03,2.698280e-03
2.231500e-02,3.928018e-03,6.257889e-03,3.874325e-02,5.909277e-02,2.819610e-03,9.877518e-04,2.576876e-01,5.299209e-01,1.625578e-02,4.280357e-02,7.100153e-03,8.281760e-03,1.880424e-03,1.925529e-03
2.717438e-02,4.602202e-03,5.348792e-03,3.093712e-02,5.240002e-02,2.783791e-03,9.169541e-04,3.983860e-01,4.209065e-01,1.169986e-02,3.060008e-02,5.261417e-03,6.052100e-03,1.442181e-03,1.488668e-03
4.056658e-02,4.126706e-03,4.099098e-03,2.310479e-02,4.814706e-02,2.466680e-03,8.506703e-04,5.044987e-01,3.301168e-01,8.621826e-03,2.219847e-02,4.268826e-03,4.643145e-03,1.091705e-03,1.199001e-03
8.881479e-02,5.036777e-03,3.350858e-03,1.731463e-02,4.413860e-02,3.127740e-03,1.068898e-03,5.071288e-01,2.963570e-01,6.399327e-03,1.706632e-02,4.118567e-03,3.827532e-03,1.017873e-03,1.232324e-03
1.531920e-01,4.509360e-03,2.629066e-03,1.251541e-02,3.409771e-02,3.517932e-03,1.190585e-03,4.941316e-01,2.665928e-01,4.637597e-03,1.290308e-02,4.822740e-03,3.147006e-03,9.716993e-04,1.141545e-03
2.132348e-01,4.173233e-03,2.108346e-03,9.277836e-03,2.700630e-02,4.089570e-03,1.172016e-03,4.686652e-01,2.469367e-01,3.411657e-03,9.921855e-03,5.191314e-03,2.692430e-03,9.811305e-04,1.137639e-03
2.989853e-01,4.458596e-03,2.251685e-03,7.479561e-03,2.168201e-02,4.417104e-03,1.727968e-03,4.305635e-01,2.072375e-01,2.500454e-03,7.855635e-03,5.767022e-03,2.545110e-03,1.106026e-03,1.422609e-03
3.768461e-01,4.459145e-03,2.172315e-03,6.212553e-03,1.654151e-02,4.703777e-03,2.034523e-03,3.999920e-01,1.670952e-01,1.878092e-03,6.213127e-03,6.304326e-03,2.364069e-03,1.322259e-03,1.861044e-03
4.133604e-01,3.824339e-03,2.587051e-03,5.950910e-03,1.390785e-02,4.937932e-03,3.002151e-03,4.086088e-01,1.260650e-01,1.604324e-03,4.736334e-03,6.103912e-03,2.046545e-03,1.372852e-03,1.891680e-03
4.205931e-01,3.196376e-03,3.454759e-03,6.001616e-03,1.439547e-02,6.294267e-03,4.005461e-03,4.349999e-01,9.151573e-02,1.253781e-03,3.706231e-03,5.712072e-03,1.815218e-03,1.268291e-03,1.787672e-03
4.135266e-01,2.716798e-03,3.533207e-03,6.427252e-03,1.554644e-02,6.263630e-03,3.799817e-03,4.679721e-01,6.664443e-02,1.027520e-03,2.959108e-03,5.211403e-03,1.613927e-03,1.137027e-03,1.620712e-03
3.274176e-01,2.142022e-03,3.062851e-03,5.792181e-03,2.006215e-02,5.000837e-03,3.280004e-03,5.746680e-01,4.771858e-02,8.061880e-04,2.303188e-03,4.087938e-03,1.445581e-03,8.849609e-04,1.327892e-03
2.641637e-01,1.671945e-03,2.488275e-03,4.838361e-03,2.044990e-02,4.018089e-03,2.545164e-03,6.567064e-01,3.395387e-02,6.058458e-04,1.975436e-03,3.462089e-03,1.369975e-03,7.127873e-04,1.038169e-03
2.866356e-01,1.512393e-03,2.046942e-03,4.538997e-03,2.351600e-02,4.636396e-03,1.993711e-03,6.241907e-01,2.543252e-02,7.716493e-04,6.001994e-03,1.017722e-02,6.018866e-03,1.176018e-03,1.351080e-03
2.755194e-01,1.613986e-03,1.624324e-03,1.770739e-02,1.822062e-02,3.932916e-03,1.465991e-03,4.750446e-01,2.573477e-02,1.479455e-03,5.803755e-02,3.328964e-02,8.037951e-02,2.705952e-03,3.243901e-03
2.121265e-01,1.372225e-03,1.285892e-03,3.239836e-02,1.296679e-02,3.789894e-03,1.042285e-03,3.409784e-01,3.263799e-02,1.549841e-03,1.403914e-01,4.030616e-02,1.688852e-01,3.311102e-03,6.957904e-03
2.433144e-01,1.518140e-03,1.119303e-03,2.730056e-02,9.244025e-03,3.665496e-03,7.782098e-04,2.414675e-01,4.074913e-02,1.473677e-03,1.623232e-01,3.849217e-02,2.134413e-01,3.657478e-03,1.145551e-02
2.766216e-01,1.714848e-03,1.101793e-03,2.126054e-02,6.639088e-03,3.975700e-03,5.938827e-04,1.703776e-01,3.514495e-02,1.880873e-03,1.726439e-01,3.082788e-02,2.381022e-01,4.400929e-03,3.471426e-02
2.059212e-01,1.677356e-03,3.535223e-03,1.704309e-02,2.005209e-02,3.091598e-03,1.409931e-03,1.332031e-01,3.897046e-02,2.242019e-03,1.864392e-01,2.526084e-02,3.283846e-01,3.592381e-03,2.917689e-02
1.470379e-01,3.245827e-03,1.737271e-02,9.538373e-02,5.141928e-02,1.041531e-02,1.838141e-03,9.638989e-02,5.226555e-02,1.900628e-03,1.397299e-01,1.813068e-02,2.450967e-01,2.890935e-03,1.168827e-01
1.036993e-01,4.829341e-03,5.738780e-02,1.431997e-01,5.971079e-02,9.125522e-03,1.695536e-03,7.009938e-02,1.067374e-01,1.819862e-03,1.045063e-01,1.305512e-02,1.827101e-01,2.357286e-03,1.390666e-01
7.390379e-02,6.275195e-03,8.793486e-02,1.243067e-01,6.322420e-02,7.364521e-03,1.637348e-03,5.680226e-02,1.215492e-01,2.130984e-03,9.221126e-02,1.003408e-02,1.426006e-01,2.196259e-03,2.078287e-01
5.292651e-02,9.759925e-03,1.029145e-01,1.041984e-01,5.775424e-02,7.033812e-03,1.593419e-03,5.675202e-02,1.415188e-01,2.890077e-03,8.407579e-02,9.736623e-03,1.391907e-01,1.801637e-03,2.278536e-01
3.962000e-02,2.592718e-02,9.068343e-02,9.221458e-02,5.068828e-02,6.873724e-03,1.476997e-03,5.408158e-02,2.184046e-01,3.812300e-03,6.579419e-02,8.440639e-03,1.029506e-01,1.500689e-03,2.375312e-01
3.205245e-02,2.338169e-02,6.676381e-02,1.013309e-01,6.152920e-02,6.471508e-03,1.192844e-03,9.528854e-02,2.236492e-01,3.905741e-03,6.005009e-02,8.077605e-03,8.503572e-02,1.531184e-03,2.297396e-01
2.819759e-02,3.841886e-02,4.942611e-02,8.468109e-02,5.509920e-02,1.208867e-02,9.896962e-04,8.760749e-02,3.364497e-01,3.272542e-03,4.914250e-02,6.851684e-03,6.352234e-02,1.298394e-03,1.829542e-01
3.673814e-02,3.609210e-02,3.571668e-02,7.000032e-02,5.617610e-02,1.616284e-02,1.185888e-03,1.371503e-01,3.819774e-01,2.579166e-03,3.669434e-02,6.010475e-03,4.624907e-02,1.077336e-03,1.361899e-01
5.543156e-02,3.025965e-02,2.587023e-02,5.424331e-02,6.189042e-02,1.489827e-02,1.315864e-03,2.277512e-01,3.616129e-01,1.926098e-03,2.718123e-02,5.054505e-03,3.419216e-02,8.683194e-04,9.750425e-02
6.663881e-02,2.183357e-02,1.857917e-02,4.055855e-02,5.384820e-02,1.329573e-02,1.129069e-03,4.007798e-01,2.614964e-01,1.448234e-03,2.057845e-02,4.292199e-03,2.608006e-02,7.714315e-04,6.867035e-02
5.574792e-02,1.537841e-02,1.337781e-02,2.900050e-02,4.534603e-02,1.190971e-02,1.346077e-03,5.577884e-01,1.835601e-01,1.055911e-03,1.483526e-02,3.204909e-03,1.863359e-02,6.465298e-04,4.816892e-02
4.668031e-02,1.083624e-02,9.669103e-03,2.056569e-02,3.512693e-02,1.098272e-02,1.526512e-03,6.740800e-01,1.288044e-01,7.633055e-04,1.088046e-02,2.416552e-03,1.333400e-02,5.610821e-04,3.377270e-02
3.946898e-02,7.787772e-03,7.120187e-03,1.468147e-02,2.515114e-02,1.302779e-02,1.197721e-03,5.726478e-01,9.106418e-02,7.787581e-04,4.240705e-02,2.035512e-02,1.391270e-01,6.258547e-04,2.455924e-02
3.254044e-02,6.266685e-03,5.195155e-03,1.125325e-02,1.794602e-02,1.110666e-02,9.222049e-04,4.977891e-01,6.459350e-02,1.204568e-03,7.575165e-02,4.755497e-02,2.058233e-01,4.648516e-03,1.740391e-02
2.482251e-02,4.869206e-03,3.731006e-03,8.838227e-03,1.290330e-02,9.044368e-03,9.332303e-04,3.608962e-01,4.689771e-02,4.672832e-03,7.016880e-02,1.847613e-01,2.336285e-01,2.143572e-02,1.239707e-02
1.776051e-02,3.640888e-03,2.861868e-03,7.087310e-03,9.241613e-03,6.790886e-03,9.498511e-04,2.573521e-01,3.436648e-02,3.739622e-02,6.770752e-02,2.149793e-01,2.059995e-01,1.236977e-01,1.016812e-02
2.652525e-02,3.300046e-03,2.250704e-03,5.388495e-03,6.948189e-03,5.317596e-03,1.332049e-03,1.997437e-01,2.716669e-02,2.716281e-02,5.928327e-02,3.221512e-01,1.543987e-01,1.517105e-01,7.320798e-03
2.846024e-02,2.874503e-03,1.840106e-03,4.653768e-03,5.126603e-03,5.677501e-03,1.128184e-03,1.415099e-01,2.080236e-02,2.158258e-02,9.772549e-02,4.062604e-01,1.112347e-01,1.457390e-01,5.384614e-03
5.367266e-02,2.613964e-03,1.680262e-03,4.509229e-03,4.468580e-03,1.014125e-02,1.239439e-03,1.016308e-01,1.636614e-02,1.892707e-02,1.128739e-01,4.288771e-01,8.093863e-02,1.576362e-01,4.424733e-03
1.779595e-01,2.827047e-03,1.626072e-03,4.123642e-03,3.966869e-03,1.338568e-02,1.386235e-03,7.510190e-02,1.242528e-02,1.490152e-02,1.334967e-01,3.418894e-01,5.900379e-02,1.530782e-01,4.828231e-03
2.906915e-01,5.628264e-03,2.306715e-03,5.303997e-03,5.359394e-03,1.384242e-02,1.315879e-03,5.570097e-02,1.026327e-02,1.181513e-02,1.434047e-01,2.877791e-01,4.244426e-02,1.189137e-01,5.230773e-03
3.422112e-01,3.755535e-02,8.156852e-03,7.290980e-03,2.232480e-02,2.398351e-02,1.398583e-03,4.214989e-02,1.232385e-02,9.861827e-03,1.313985e-01,2.355525e-01,3.080989e-02,8.807904e-02,6.903194e-03
4.652767e-01,3.115940e-02,7.157819e-03,7.950257e-03,1.937260e-02,2.121181e-02,1.210748e-03,3.206969e-02,1.024360e-02,7.789264e-03,1.215114e-01,1.810401e-01,2.233321e-02,6.527124e-02,6.402084e-03
1.000000e+00,0.000000e+00,0.000000e+00,0.000000e+00,0.000000e+00,0.000000e+00,0.000000e+00,0.000000e+00,0.000000e+00,0.000000e+00,0.000000e+00,0.000000e+00,0.000000e+00,0.000000e+00,0.000000e+00
1.000000e+00,0.000000e+00,0.000000e+00,0.000000e+00,0.000000e+00,0.000000e+00,0.000000e+00,0.000000e+00,0.000000e+00,0.000000e+00,0.000000e+00,0.000000e+00,0.000000e+00,0.000000e+00,0.000000e+00
4.964485e-01,2.041254e-02,1.060634e-02,1.180066e-02,2.539476e-02,2.084248e-02,1.595427e-03,1.631879e-02,1.119131e-02,4.874473e-03,1.910787e-01,1.344678e-01,1.021478e-02,3.612912e-02,8.624416e-03
4.803060e-01,1.847576e-02,8.971054e-03,1.137436e-02,5.486811e-02,1.871161e-02,3.949509e-03,1.508362e-02,4.154018e-02,3.883121e-03,1.590341e-01,1.348725e-01,8.116084e-03,3.273810e-02,8.075862e-03
3.833509e-01,1.470878e-02,1.117445e-02,9.661702e-03,6.069237e-02,1.602187e-02,3.586177e-03,1.336214e-01,5.548221e-02,4.213711e-03,1.447193e-01,1.186549e-01,1.048034e-02,2.746515e-02,6.166826e-03
3.025742e-01,1.168170e-02,1.049218e-02,1.034363e-02,6.796545e-02,1.260977e-02,3.032830e-03,1.658389e-01,1.322474e-01,3.858625e-03,1.418948e-01,9.780330e-02,1.288396e-02,2.217375e-02,4.599615e-03
2.155444e-01,9.220295e-03,9.924143e-03,8.340297e-03,5.782890e-02,1.930339e-02,2.628364e-03,1.488024e-01,3.047702e-01,3.148063e-03,1.181864e-01,7.117743e-02,1.139370e-02,1.638027e-02,3.351692e-03
1.538136e-01,7.989533e-03,1.121393e-02,7.736768e-03,4.786184e-02,1.796493e-02,2.038844e-03,2.130748e-01,3.689524e-01,2.505088e-03,9.057784e-02,5.111850e-02,1.070981e-02,1.195386e-02,2.488185e-03
1.085604e-01,5.681377e-03,8.365327e-03,5.519317e-03,3.731548e-02,1.268600e-02,1.448469e-03,4.027385e-01,2.938403e-01,1.784688e-03,6.620330e-02,3.672303e-02,8.992826e-03,8.390948e-03,1.750022e-03
7.695380e-02,4.058087e-03,6.841917e-03,4.332166e-03,3.248820e-02,9.068102e-03,1.063351e-03,5.685272e-01,2.089412e-01,1.478783e-03,4.679695e-02,2.585140e-02,6.469222e-03,5.885423e-03,1.244164e-03
5.658369e-02,2.939783e-03,5.216585e-03,3.530794e-03,3.224180e-02,6.746037e-03,8.085878e-04,6.828408e-01,1.468263e-01,1.179342e-03,3.326298e-02,1.818029e-02,4.605978e-03,4.142367e-03,8.946644e-04
4.312211e-02,2.167966e-03,4.049266e-03,4.382451e-03,2.638932e-02,1.013663e-02,6.763416e-04,7.616233e-01,1.029544e-01,9.009712e-04,2.349905e-02,1.289189e-02,3.490392e-03,3.027456e-03,6.885162e-04
3.801765e-02,1.637726e-03,2.912789e-03,3.664333e-03,2.594510e-02,7.707066e-03,5.296967e-04,8.154486e-01,7.249528e-02,6.548779e-04,1.667079e-02,9.108324e-03,2.562082e-03,2.146070e-03,4.995413e-04
3.679631e-02,1.364864e-03,2.121381e-03,3.503431e-03,2.805124e-02,6.320831e-03,4.988695e-04,8.468843e-01,5.143877e-02,4.878017e-04,1.208319e-02,6.488417e-03,2.054295e-03,1.521322e-03,3.849613e-04
3.066890e-02,1.049394e-03,1.722481e-03,4.490357e-03,2.957503e-02,4.895547e-03,5.184466e-04,8.742009e-01,3.630443e-02,3.792676e-04,8.706672e-03,4.587189e-03,1.509952e-03,1.107861e-03,2.835663e-04
3.069995e-02,8.283114e-04,1.600227e-03,5.408574e-03,3.068691e-02,4.064593e-03,5.856910e-04,8.883929e-01,2.559865e-02,2.869694e-04,6.346937e-03,3.284577e-03,1.158524e-03,8.384248e-04,2.186800e-04
2.726901e-02,6.692889e-04,1.609361e-03,4.602242e-03,3.295023e-02,3.584327e-03,7.391000e-04,9.014022e-01,1.814445e-02,2.195330e-04,4.672127e-03,2.372198e-03,9.565235e-04,6.368026e-04,1.725602e-04
2.551669e-02,5.980362e-04,1.576746e-03,3.887890e-03,3.654400e-02,3.049822e-03,1.132174e-03,9.080728e-01,1.285132e-02,1.757799e-04,3.425907e-03,1.716394e-03,8.012923e-04,4.939238e-04,1.571783e-04
2.086105e-02,5.550118e-04,1.501111e-03,3.211659e-03,4.066091e-02,2.516931e-03,1.685299e-03,9.147495e-01,9.080882e-03,1.307933e-04,2.485166e-03,1.231166e-03,8.110731e-04,3.671421e-04,1.523623e-04
1.794237e-02,4.535566e-04,1.485916e-03,2.678944e-03,3.539452e-02,2.014157e-03,1.965331e-03,9.277581e-01,6.419848e-03,1.034721e-04,1.775410e-03,8.932981e-04,6.876565e-04,2.729543e-04,1.545793e-04
1.786828e-02,3.847367e-04,1.602492e-03,2.399476e-03,2.929413e-02,1.576866e-03,1.722678e-03,9.376062e-01,4.547605e-03,8.744822e-05,1.290912e-03,6.856353e-04,5.647010e-04,2.082642e-04,1.605717e-04
2.799002e-02,4.360185e-04,1.351483e-03,2.141101e-03,2.558297e-02,1.497060e-03,1.322615e-03,9.327847e-01,3.393678e-03,9.946683e-05,1.186660e-03,8.327547e-04,9.305807e-04,1.981216e-04,2.527055e-04
3.325357e-02,6.143422e-04,1.110778e-03,1.959992e-03,2.119034e-02,1.929441e-03,1.135654e-03,9.308344e-01,2.731548e-03,1.047995e-04,1.155593e-03,1.264266e-03,1.966613e-03,1.944513e-04,5.542174e-04
5.101150e-02,1.295240e-03,1.186924e-03,2.450735e-03,1.880431e-02,2.915971e-03,1.050244e-03,9.020375e-01,3.433116e-03,2.945276e-04,2.272309e-03,4.319813e-03,5.868648e-03,3.654579e-04,2.693705e-03
6.175419e-02,1.652707e-03,1.280271e-03,2.830225e-03,1.719572e-02,2.709890e-03,9.619633e-04,8.883421e-01,4.112466e-03,5.360828e-04,2.716613e-03,5.300129e-03,6.030164e-03,4.150273e-04,4.162360e-03
7.473788e-02,1.492833e-03,1.067609e-03,3.021274e-03,1.520657e-02,2.533326e-03,9.226622e-04,8.765975e-01,4.694269e-03,4.749914e-04,3.073690e-03,5.698969e-03,6.391484e-03,4.111500e-04,3.675799e-03
1.134982e-01,1.362316e-03,1.081064e-03,3.146538e-03,1.311756e-02,2.410973e-03,1.449115e-03,8.387330e-01,5.004118e-03,4.236960e-04,3.718389e-03,6.105214e-03,6.503299e-03,4.225801e-04,3.023877e-03
1.756881e-01,3.037167e-03,8.018797e-03,4.486286e-02,1.440905e-02,5.852358e-03,1.895279e-03,6.675485e-01,2.900301e-02,2.761989e-03,4.927151e-03,2.324884e-02,1.250372e-02,8.573711e-04,5.385755e-03
3.151519e-01,2.949402e-03,6.654952e-03,4.043093e-02,1.254786e-02,6.813266e-03,2.252792e-03,5.095196e-01,3.762938e-02,2.324829e-03,8.490991e-03,3.043856e-02,1.786692e-02,1.348197e-03,5.580382e-03
3.858376e-01,3.659024e-03,5.290877e-03,3.448185e-02,1.121998e-02,7.070876e-03,1.960642e-03,3.866585e-01,7.004690e-02,2.289752e-03,1.330367e-02,4.043218e-02,2.976914e-02,1.738212e-03,6.240781e-03
4.287747e-01,4.404315e-03,5.042768e-03,3.385157e-02,9.765989e-03,7.197990e-03,1.807786e-03,2.888853e-01,9.337412e-02,2.430926e-03,1.833550e-02,5.717012e-02,3.876746e-02,2.134837e-03,8.056632e-03
3.191047e-01,5.937160e-03,7.091275e-03,5.014814e-02,7.964426e-03,6.125618e-03,1.364097e-03,2.075027e-01,2.833724e-01,3.331529e-03,1.696055e-02,4.493716e-02,3.314205e-02,1.856415e-03,1.116176e-02
4.095959e-01,7.777564e-03,1.086386e-02,6.062143e-02,1.252723e-02,1.083856e-02,3.036490e-03,1.511128e-01,2.238276e-01,2.873717e-03,1.886652e-02,4.448821e-02,2.735349e-02,2.147748e-03,1.406888e-02
2.949280e-01,8.396055e-03,4.826466e-02,2.290001e-01,2.703545e-02,9.369900e-03,4.617757e-03,1.140228e-01,1.740423e-01,2.562471e-03,1.893590e-02,3.412294e-02,2.191569e-02,1.614702e-03,1.117123e-02
2.194914e-01,8.295404e-03,1.583852e-01,2.932940e-01,2.840222e-02,7.488617e-03,4.339121e-03,8.486579e-02,1.271606e-01,2.331332e-03,1.476729e-02,2.449546e-02,1.626783e-02,1.249324e-03,9.166513e-03
1.659940e-01,1.343148e-02,2.865161e-01,2.468025e-01,3.664691e-02,8.571321e-03,4.929889e-03,6.149347e-02,1.018899e-01,3.175218e-03,1.262107e-02,1.756040e-02,1.256400e-02,2.381076e-03,2.542264e-02
1.279229e-01,1.589210e-02,2.558610e-01,3.818521e-01,3.427571e-02,7.062641e-03,5.046398e-03,4.358763e-02,7.262859e-02,2.493820e-03,9.673318e-03,1.261410e-02,9.633927e-03,1.752056e-03,1.970374e-02
1.362636e-01,3.014768e-02,2.079170e-01,4.356214e-01,4.523701e-02,8.182084e-03,9.282027e-03,3.205676e-02,5.197601e-02,1.956138e-03,7.699912e-03,9.571048e-03,7.423816e-03,1.473757e-03,1.519178e-02
1.143105e-01,3.101820e-02,1.616159e-01,5.301563e-01,5.029349e-02,8.076718e-03,7.622184e-03,2.286694e-02,3.786064e-02,2.010466e-03,8.332548e-03,7.311432e-03,5.750813e-03,1.160779e-03,1.161304e-02
1.238893e-01,3.104536e-02,1.221525e-01,5.175028e-01,3.880111e-02,1.644385e-02,6.160558e-03,1.758812e-02,3.032755e-02,4.680535e-03,5.484775e-02,9.055298e-03,1.283532e-02,1.604757e-03,1.306526e-02
1.663916e-01,3.217030e-02,8.911664e-02,4.197340e-01,3.095981e-02,1.723899e-02,5.435782e-03,1.320927e-02,3.012262e-02,7.951016e-03,1.215061e-01,1.008068e-02,3.227375e-02,3.563768e-03,2.024552e-02
1.417546e-01,2.388487e-02,6.308383e-02,3.103198e-01,2.274192e-02,1.300716e-02,4.057278e-03,9.601855e-03,2.443578e-02,7.913142e-03,2.577995e-01,9.973501e-03,8.870067e-02,4.654828e-03,1.807125e-02
1.826501e-01,2.214547e-02,4.488859e-02,2.237756e-01,1.901147e-02,1.194887e-02,3.416996e-03,9.183818e-03,2.964483e-02,1.229670e-02,1.934985e-01,1.474662e-02,1.860266e-01,9.121772e-03,3.764402e-02
1.895881e-01,2.186719e-02,3.333100e-02,1.604769e-01,2.249376e-02,9.613076e-03,2.902104e-03,7.937312e-03,2.713839e-02,1.375944e-02,1.705278e-01,1.648736e-02,2.622390e-01,1.118987e-02,5.044865e-02
2.051477e-01,1.600144e-02,3.282104e-02,1.132626e-01,2.024904e-02,1.405448e-02,7.807376e-03,9.524784e-02,2.220953e-02,1.918209e-02,1.395306e-01,1.686848e-02,2.410259e-01,1.161653e-02,4.497541e-02
2.619673e-01,1.434125e-02,2.457562e-02,8.661305e-02,2.898522e-02,3.323947e-02,7.330418e-03,7.289825e-02,2.409241e-02,5.084746e-02,1.102703e-01,2.941691e-02,2.038263e-01,1.198006e-02,3.961594e-02
