1.000000e+00,0.000000e+00,0.000000e+00,0.000000e+00,0.000000e+00,0.000000e+00,0.000000e+00,0.000000e+00,0.000000e+00,0.000000e+00,0.000000e+00,0.000000e+00,0.000000e+00,0.000000e+00,0.000000e+00
1.000000e+00,0.000000e+00,0.000000e+00,0.000000e+00,0.000000e+00,0.000000e+00,0.000000e+00,0.000000e+00,0.000000e+00,0.000000e+00,0.000000e+00,0.000000e+00,0.000000e+00,0.000000e+00,0.000000e+00
1.000000e+00,0.000000e+00,0.000000e+00,0.000000e+00,0.000000e+00,0.000000e+00,0.000000e+00,0.000000e+00,0.000000e+00,0.000000e+00,0.000000e+00,0.000000e+00,0.000000e+00,0.000000e+00,0.000000e+00
1.000000e+00,0.000000e+00,0.000000e+00,0.000000e+00,0.000000e+00,0.000000e+00,0.000000e+00,0.000000e+00,0.000000e+00,0.000000e+00,0.000000e+00,0.000000e+00,0.000000e+00,0.000000e+00,0.000000e+00
1.000000e+00,0.000000e+00,0.000000e+00,0.000000e+00,0.000000e+00,0.000000e+00,0.000000e+00,0.000000e+00,0.000000e+00,0.000000e+00,0.000000e+00,0.000000e+00,0.000000e+00,0.000000e+00,0.000000e+00
1.000000e+00,0.000000e+00,0.000000e+00,0.000000e+00,0.000000e+00,0.000000e+00,0.000000e+00,0.000000e+00,0.000000e+00,0.000000e+00,0.000000e+00,0.000000e+00,0.000000e+00,0.000000e+00,0.000000e+00
1.000000e+00,0.000000e+00,0.000000e+00,0.000000e+00,0.000000e+00,0.000000e+00,0.000000e+00,0.000000e+00,0.000000e+00,0.000000e+00,0.000000e+00,0.000000e+00,0.000000e+00,0.000000e+00,0.000000e+00
1.000000e+00,0.000000e+00,0.000000e+00,0.000000e+00,0.000000e+00,0.000000e+00,0.000000e+00,0.000000e+00,0.000000e+00,0.000000e+00,0.000000e+00,0.000000e+00,0.000000e+00,0.000000e+00,0.000000e+00
1.000000e+00,0.000000e+00,0.000000e+00,0.000000e+00,0.000000e+00,0.000000e+00,0.000000e+00,0.000000e+00,0.000000e+00,0.000000e+00,0.000000e+00,0.000000e+00,0.000000e+00,0.000000e+00,0.000000e+00
1.000000e+00,0.000000e+00,0.000000e+00,0.000000e+00,0.000000e+00,0.000000e+00,0.000000e+00,0.000000e+00,0.000000e+00,0.000000e+00,0.000000e+00,0.000000e+00,0.000000e+00,0.000000e+00,0.000000e+00
1.000000e+00,0.000000e+00,0.000000e+00,0.000000e+00,0.000000e+00,0.000000e+00,0.000000e+00,0.000000e+00,0.000000e+00,0.000000e+00,0.000000e+00,0.000000e+00,0.000000e+00,0.000000e+00,0.000000e+00
1.000000e+00,0.000000e+00,0.000000e+00,0.000000e+00,0.000000e+00,0.000000e+00,0.000000e+00,0.000000e+00,0.000000e+00,0.000000e+00,0.000000e+00,0.000000e+00,0.000000e+00,0.000000e+00,0.000000e+00
1.000000e+00,0.000000e+00,0.000000e+00,0.000000e+00,0.000000e+00,0.000000e+00,0.000000e+00,0.000000e+00,0.000000e+00,0.000000e+00,0.000000e+00,0.000000e+00,0.000000e+00,0.000000e+00,0.000000e+00
1.000000e+00,0.000000e+00,0.000000e+00,0.000000e+00,0.000000e+00,0.000000e+00,0.000000e+00,0.000000e+00,0.000000e+00,0.000000e+00,0.000000e+00,0.000000e+00,0.000000e+00,0.000000e+00,0.000000e+00
1.000000e+00,0.000000e+00,0.000000e+00,0.000000e+00,0.000000e+00,0.000000e+00,0.000000e+00,0.000000e+00,0.000000e+00,0.000000e+00,0.000000e+00,0.000000e+00,0.000000e+00,0.000000e+00,0.000000e+00
1.000000e+00,0.000000e+00,0.000000e+00,0.000000e+00,0.000000e+00,0.000000e+00,0.000000e+00,0.000000e+00,0.000000e+00,0.000000e+00,0.000000e+00,0.000000e+00,0.000000e+00,0.000000e+00,0.000000e+00
1.000000e+00,0.000000e+00,0.000000e+00,0.000000e+00,0.000000e+00,0.000000e+00,0.000000e+00,0.000000e+00,0.000000e+00,0.000000e+00,0.000000e+00,0.000000e+00,0.000000e+00,0.000000e+00,0.000000e+00
1.000000e+00,0.000000e+00,0.000000e+00,0.000000e+00,0.000000e+00,0.000000e+00,0.000000e+00,0.000000e+00,0.000000e+00,0.000000e+00,0.000000e+00,0.000000e+00,0.000000e+00,0.000000e+00,0.000000e+00
1.000000e+00,0.000000e+00,0.000000e+00,0.000000e+00,0.000000e+00,0.000000e+00,0.000000e+00,0.000000e+00,0.000000e+00,0.000000e+00,0.000000e+00,0.000000e+00,0.000000e+00,0.000000e+00,0.000000e+00
1.000000e+00,0.000000e+00,0.000000e+00,0.000000e+00,0.000000e+00,0.000000e+00,0.000000e+00,0.000000e+00,0.000000e+00,0.000000e+00,0.000000e+00,0.000000e+00,0.000000e+00,0.000000e+00,0.000000e+00
1.000000e+00,0.000000e+00,0.000000e+00,0.000000e+00,0.000000e+00,0.000000e+00,0.000000e+00,0.000000e+00,0.000000e+00,0.000000e+00,0.000000e+00,0.000000e+00,0.000000e+00,0.000000e+00,0.000000e+00
1.000000e+00,0.000000e+00,0.000000e+00,0.000000e+00,0.000000e+00,0.000000e+00,0.000000e+00,0.000000e+00,0.000000e+00,0.000000e+00,0.000000e+00,0.000000e+00,0.000000e+00,0.000000e+00,0.000000e+00
1.000000e+00,0.000000e+00,0.000000e+00,0.000000e+00,0.000000e+00,0.000000e+00,0.000000e+00,0.000000e+00,0.000000e+00,0.000000e+00,0.000000e+00,0.000000e+00,0.000000e+00,0.000000e+00,0.000000e+00
1.000000e+00,0.000000e+00,0.000000e+00,0.000000e+00,0.000000e+00,0.000000e+00,0.000000e+00,0.000000e+00,0.000000e+00,0.000000e+00,0.000000e+00,0.000000e+00,0.000000e+00,0.000000e+00,0.000000e+00
1.000000e+00,0.000000e+00,0.000000e+00,0.000000e+00,0.000000e+00,0.000000e+00,0.000000e+00,0.000000e+00,0.000000e+00,0.000000e+00,0.000000e+00,0.000000e+00,0.000000e+00,0.000000e+00,0.000000e+00
1.000000e+00,0.000000e+00,0.000000e+00,0.000000e+00,0.000000e+00,0.000000e+00,0.000000e+00,0.000000e+00,0.000000e+00,0.000000e+00,0.000000e+00,0.000000e+00,0.000000e+00,0.000000e+00,0.000000e+00
1.000000e+00,0.000000e+00,0.000000e+00,0.000000e+00,0.000000e+00,0.000000e+00,0.000000e+00,0.000000e+00,0.000000e+00,0.000000e+00,0.000000e+00,0.000000e+00,0.000000e+00,0.000000e+00,0.000000e+00
1.000000e+00,0.000000e+00,0.000000e+00,0.000000e+00,0.000000e+00,0.000000e+00,0.000000e+00,0.000000e+00,0.000000e+00,0.000000e+00,0.000000e+00,0.000000e+00,0.000000e+00,0.000000e+00,0.000000e+00
1.000000e+00,0.000000e+00,0.000000e+00,0.000000e+00,0.000000e+00,0.000000e+00,0.000000e+00,0.000000e+00,0.000000e+00,0.000000e+00,0.000000e+00,0.000000e+00,0.000000e+00,0.000000e+00,0.000000e+00
1.000000e+00,0.000000e+00,0.000000e+00,0.000000e+00,0.000000e+00,0.000000e+00,0.000000e+00,0.000000e+00,0.000000e+00,0.000000e+00,0.000000e+00,0.000000e+00,0.000000e+00,0.000000e+00,0.000000e+00
1.000000e+00,0.000000e+00,0.000000e+00,0.000000e+00,0.000000e+00,0.000000e+00,0.000000e+00,0.000000e+00,0.000000e+00,0.000000e+00,0.000000e+00,0.000000e+00,0.000000e+00,0.000000e+00,0.000000e+00
1.000000e+00,0.000000e+00,0.000000e+00,0.000000e+00,0.000000e+00,0.000000e+00,0.000000e+00,0.000000e+00,0.000000e+00,0.000000e+00,0.000000e+00,0.000000e+00,0.000000e+00,0.000000e+00,0.000000e+00
1.000000e+00,0.000000e+00,0.000000e+00,0.000000e+00,0.000000e+00,0.000000e+00,0.000000e+00,0.000000e+00,0.000000e+00,0.000000e+00,0.000000e+00,0.000000e+00,0.000000e+00,0.000000e+00,0.000000e+00
1.000000e+00,0.000000e+00,0.000000e+00,0.000000e+00,0.000000e+00,0.000000e+00,0.000000e+00,0.000000e+00,0.000000e+00,0.000000e+00,0.000000e+00,0.000000e+00,0.000000e+00,0.000000e+00,0.000000e+00
1.000000e+00,0.000000e+00,0.000000e+00,0.000000e+00,0.000000e+00,0.000000e+00,0.000000e+00,0.000000e+00,0.000000e+00,0.000000e+00,0.000000e+00,0.000000e+00,0.000000e+00,0.000000e+00,0.000000e+00
1.000000e+00,0.000000e+00,0.000000e+00,0.000000e+00,0.000000e+00,0.000000e+00,0.000000e+00,0.000000e+00,0.000000e+00,0.000000e+00,0.000000e+00,0.000000e+00,0.000000e+00,0.000000e+00,0.000000e+00
1.000000e+00,0.000000e+00,0.000000e+00,0.000000e+00,0.000000e+00,0.000000e+00,0.000000e+00,0.000000e+00,0.000000e+00,0.000000e+00,0.000000e+00,0.000000e+00,0.000000e+00,0.000000e+00,0.000000e+00
1.000000e+00,0.000000e+00,0.000000e+00,0.000000e+00,0.000000e+00,0.000000e+00,0.000000e+00,0.000000e+00,0.000000e+00,0.000000e+00,0.000000e+00,0.000000e+00,0.000000e+00,0.000000e+00,0.000000e+00
1.000000e+00,0.000000e+00,0.000000e+00,0.000000e+00,0.000000e+00,0.000000e+00,0.000000e+00,0.000000e+00,0.000000e+00,0.000000e+00,0.000000e+00,0.000000e+00,0.000000e+00,0.000000e+00,0.000000e+00
1.000000e+00,0.000000e+00,0.000000e+00,0.000000e+00,0.000000e+00,0.000000e+00,0.000000e+00,0.000000e+00,0.000000e+00,0.000000e+00,0.000000e+00,0.000000e+00,0.000000e+00,0.000000e+00,0.000000e+00
1.000000e+00,0.000000e+00,0.000000e+00,0.000000e+00,0.000000e+00,0.000000e+00,0.000000e+00,0.000000e+00,0.000000e+00,0.000000e+00,0.000000e+00,0.000000e+00,0.000000e+00,0.000000e+00,0.000000e+00
1.000000e+00,0.000000e+00,0.000000e+00,0.000000e+00,0.000000e+00,0.000000e+00,0.000000e+00,0.000000e+00,0.000000e+00,0.000000e+00,0.000000e+00,0.000000e+00,0.000000e+00,0.000000e+00,0.000000e+00
1.000000e+00,0.000000e+00,0.000000e+00,0.000000e+00,0.000000e+00,0.000000e+00,0.000000e+00,0.000000e+00,0.000000e+00,0.000000e+00,0.000000e+00,0.000000e+00,0.000000e+00,0.000000e+00,0.000000e+00
4.624662e-01,3.941151e-02,1.839030e-02,1.264047e-01,1.093608e-02,2.698050e-02,6.334551e-03,2.096868e-02,3.048451e-02,4.562275e-03,9.077929e-02,6.859613e-02,2.173856e-02,1.941703e-02,5.252972e-02
4.236756e-01,3.888528e-02,1.770392e-02,1.305527e-01,1.199629e-02,2.955606e-02,6.354548e-03,2.033078e-02,3.312354e-02,4.665547e-03,1.091568e-01,8.154631e-02,2.352322e-02,1.931968e-02,4.960977e-02
4.764042e-01,3.575430e-02,1.554154e-02,1.234768e-01,1.113307e-02,2.685610e-02,5.964817e-03,1.934168e-02,2.820897e-02,4.127764e-03,9.132434e-02,7.959231e-02,2.239686e-02,1.562903e-02,4.424823e-02
4.778981e-01,3.352456e-02,1.589319e-02,1.267211e-01,1.031602e-02,2.747484e-02,5.906072e-03,2.240213e-02,2.580312e-02,3.752625e-03,9.496181e-02,8.160882e-02,2.099274e-02,1.419368e-02,3.855119e-02
4.777838e-01,3.517156e-02,1.608049e-02,1.247025e-01,1.043749e-02,2.557682e-02,6.005036e-03,2.349204e-02,2.411317e-02,4.408209e-03,8.348373e-02,8.147075e-02,2.592007e-02,1.453417e-02,4.682016e-02
3.781452e-01,5.686980e-02,2.658186e-02,2.380929e-01,8.932773e-03,2.062144e-02,4.687992e-03,1.922690e-02,2.154645e-02,3.897858e-03,6.565776e-02,7.009426e-02,2.360217e-02,1.201926e-02,5.002349e-02
3.202832e-01,5.467763e-02,4.409999e-02,2.498221e-01,7.283348e-03,1.706233e-02,3.633756e-03,1.571509e-02,2.164609e-02,5.982456e-03,5.056847e-02,5.562551e-02,2.205285e-02,9.832841e-03,1.217143e-01
2.622537e-01,6.324300e-02,4.950592e-02,3.162360e-01,5.745073e-03,1.328745e-02,2.743483e-03,1.260027e-02,2.379113e-02,6.210924e-03,3.972919e-02,4.445800e-02,1.814924e-02,7.712438e-03,1.343342e-01
1.887013e-01,5.241206e-02,3.855419e-02,3.881395e-01,4.398137e-03,1.009993e-02,1.966181e-03,9.001975e-03,2.824974e-02,2.443258e-02,8.444900e-02,3.537043e-02,2.060368e-02,5.733374e-03,1.078879e-01
1.347716e-01,4.439164e-02,2.748843e-02,3.014823e-01,4.153037e-03,7.584580e-03,1.477428e-03,6.689138e-03,8.789699e-02,1.944424e-02,2.062076e-01,2.900072e-02,4.637394e-02,4.841435e-03,7.819683e-02
9.481274e-02,3.617076e-02,1.950002e-02,2.366391e-01,3.170679e-03,5.572240e-03,1.081417e-03,4.830042e-03,2.936827e-01,1.641690e-02,1.655798e-01,2.126961e-02,3.808872e-02,3.791870e-03,5.939331e-02
6.875963e-02,2.610135e-02,1.396180e-02,1.897115e-01,3.033361e-03,4.509900e-03,8.025228e-04,3.793871e-03,3.351367e-01,1.308454e-02,1.871970e-01,1.948941e-02,8.691312e-02,3.841382e-03,4.366377e-02
5.744462e-02,2.765557e-02,9.924153e-03,1.355751e-01,2.498067e-03,3.479261e-03,6.740555e-04,4.149340e-03,4.053157e-01,1.195981e-02,1.431471e-01,2.146144e-02,1.150913e-01,1.442376e-02,4.720071e-02
4.181637e-02,2.135157e-02,7.005890e-03,9.658817e-02,1.866626e-03,2.554857e-03,4.946137e-04,3.156399e-03,5.599958e-01,8.802385e-03,1.029413e-01,1.580556e-02,9.197406e-02,1.138628e-02,3.426021e-02
3.317709e-02,1.541881e-02,5.017895e-03,6.938111e-02,1.387657e-03,2.109829e-03,3.948421e-04,2.428979e-03,6.742715e-01,6.597622e-03,7.362694e-02,1.173530e-02,7.062359e-02,9.043464e-03,2.478545e-02
2.787758e-02,1.139501e-02,4.571799e-03,5.332296e-02,1.310131e-03,1.662260e-03,3.194489e-04,2.287548e-03,7.507992e-01,5.004300e-03,5.268279e-02,9.055772e-03,5.384697e-02,7.465932e-03,1.839830e-02
2.075667e-02,8.604568e-03,3.790694e-03,4.161210e-02,1.391006e-03,2.038145e-03,4.917596e-04,1.823187e-03,7.443824e-01,4.243442e-03,4.568680e-02,3.215026e-02,7.177832e-02,6.061635e-03,1.518912e-02
1.508475e-02,6.307276e-03,3.213648e-03,3.166009e-02,3.431912e-03,1.583674e-03,5.408404e-04,1.873322e-03,5.382383e-01,4.170962e-03,6.132621e-02,5.825327e-02,2.530801e-01,5.209296e-03,1.602640e-02
1.203619e-02,4.851065e-03,3.031231e-03,2.820453e-02,8.228905e-03,1.656251e-03,1.165724e-03,4.405754e-03,3.912217e-01,4.252040e-03,6.812779e-02,8.842455e-02,3.639480e-01,5.576656e-03,1.486978e-02
3.590631e-02,4.865288e-03,4.332138e-03,2.511411e-02,1.368053e-02,6.507740e-03,5.837394e-03,2.239791e-02,3.200261e-01,3.808982e-03,7.463805e-02,1.205072e-01,3.445370e-01,5.376368e-03,1.246502e-02
8.034115e-02,4.850870e-03,3.772216e-03,2.193548e-02,1.383165e-02,1.074416e-02,8.825005e-03,2.460832e-02,3.131487e-01,3.680023e-03,6.574802e-02,1.369616e-01,2.950771e-01,5.051690e-03,1.142398e-02
1.109862e-01,8.290743e-03,4.454945e-03,5.128683e-02,2.182908e-02,1.538002e-02,7.970805e-03,2.154983e-02,3.339520e-01,5.309670e-03,5.172501e-02,1.072916e-01,2.305328e-01,4.665938e-03,2.477457e-02
1.245603e-01,7.791597e-03,5.329473e-03,4.997460e-02,2.295632e-02,3.151034e-02,7.223579e-03,2.350367e-02,2.700567e-01,5.669843e-03,5.200886e-02,1.097566e-01,2.571774e-01,6.861150e-03,2.561962e-02
1.906690e-01,7.474822e-03,4.792124e-03,4.133272e-02,2.589285e-02,3.750727e-02,6.729441e-03,1.982064e-02,2.228618e-01,5.066037e-03,4.736011e-02,1.035540e-01,2.580133e-01,6.933584e-03,2.199232e-02
2.013787e-01,8.240000e-03,8.703096e-03,4.656381e-02,3.186792e-02,3.860746e-02,7.913971e-03,4.572974e-02,2.188059e-01,4.520136e-03,4.201021e-02,9.192270e-02,2.279765e-01,7.280270e-03,1.847947e-02
2.165740e-01,1.103836e-02,1.229488e-02,4.221768e-02,2.897337e-02,3.739856e-02,7.256405e-03,5.027488e-02,2.040263e-01,4.405905e-03,3.689835e-02,9.047782e-02,2.300119e-01,8.401555e-03,1.975009e-02
2.844607e-01,1.355292e-02,1.222175e-02,3.704852e-02,2.375088e-02,3.546692e-02,6.356084e-03,3.961628e-02,1.797687e-01,4.688764e-03,3.438855e-02,1.058118e-01,1.961311e-01,8.068300e-03,1.866861e-02
2.184438e-01,2.405011e-02,1.073589e-02,2.757388e-02,3.873970e-02,3.798166e-02,5.427246e-03,3.387204e-02,3.245022e-01,3.582739e-03,2.674688e-02,8.212361e-02,1.455463e-01,6.061466e-03,1.461259e-02
1.814230e-01,2.710681e-02,1.684863e-02,2.587803e-02,4.740034e-02,3.483790e-02,1.759922e-02,1.261600e-01,2.796395e-01,4.296227e-03,2.401132e-02,6.376357e-02,1.294646e-01,4.892252e-03,1.667859e-02
1.796533e-01,3.134706e-02,7.035720e-02,5.136847e-02,7.721642e-02,3.162373e-02,1.808983e-02,1.013091e-01,2.580370e-01,4.112080e-03,1.778090e-02,4.658262e-02,9.334230e-02,3.553298e-03,1.562668e-02
1.871631e-01,3.236693e-02,1.114834e-01,4.707500e-02,8.336307e-02,3.071360e-02,1.972868e-02,7.782048e-02,2.650717e-01,5.430209e-03,1.317460e-02,3.421948e-02,6.964755e-02,2.750698e-03,1.999159e-02
1.979353e-01,4.175321e-02,1.252359e-01,4.846274e-02,6.529450e-02,3.155475e-02,1.749202e-02,5.548131e-02,2.384656e-01,1.037551e-02,1.129610e-02,2.968359e-02,5.192180e-02,2.530332e-03,7.251738e-02
2.166899e-01,5.171947e-02,1.312953e-01,4.351028e-02,5.527188e-02,2.593658e-02,1.887479e-02,4.541064e-02,2.706583e-01,9.001998e-03,1.107940e-02,2.265113e-02,4.120247e-02,1.981313e-03,5.471658e-02
2.099363e-01,4.328384e-02,1.053133e-01,3.299186e-02,6.666230e-02,2.058477e-02,2.324088e-02,1.366635e-01,2.549411e-01,6.652044e-03,9.302315e-03,1.733416e-02,3.154390e-02,1.517317e-03,4.003241e-02
2.069558e-01,3.956057e-02,7.701194e-02,2.687000e-02,9.833741e-02,2.297924e-02,2.252343e-02,1.844583e-01,2.425950e-01,4.949598e-03,6.917249e-03,1.305826e-02,2.311531e-02,1.324203e-03,2.934367e-02
1.602192e-01,2.952757e-02,5.591235e-02,2.119638e-02,1.044346e-01,1.869717e-02,1.990906e-02,3.468851e-01,1.867021e-01,3.520343e-03,4.963475e-03,9.356281e-03,1.692643e-02,9.894744e-04,2.076056e-02
1.222343e-01,2.081284e-02,3.935657e-02,1.521916e-02,8.194205e-02,1.398178e-02,1.477319e-02,5.192225e-01,1.324444e-01,2.474470e-03,3.535922e-03,6.626179e-03,1.210055e-02,7.119702e-04,1.456418e-02
8.782746e-02,1.463396e-02,2.765349e-02,1.075058e-02,5.963709e-02,1.012908e-02,1.059198e-02,6.576414e-01,9.298790e-02,1.738632e-03,2.507418e-03,4.666818e-03,8.523084e-03,5.058320e-04,1.020536e-02
6.327572e-02,1.029384e-02,1.943387e-02,7.581921e-03,4.343539e-02,7.217437e-03,7.571821e-03,7.561504e-01,6.521224e-02,1.224389e-03,1.796206e-03,3.295486e-03,6.001136e-03,3.587155e-04,7.151547e-03
5.330341e-02,7.409813e-03,1.376266e-02,5.748851e-03,3.157266e-02,5.405373e-03,5.397765e-03,8.158191e-01,4.595286e-02,8.803376e-04,1.865083e-03,2.905791e-03,4.549026e-03,3.061926e-04,5.121026e-03
7.273291e-02,9.474449e-03,1.021090e-02,5.991051e-03,2.481125e-02,5.165204e-03,4.396860e-03,8.004144e-01,3.655063e-02,8.968865e-04,8.163629e-03,6.690957e-03,9.906717e-03,3.331205e-04,4.261069e-03
7.641008e-02,7.050731e-03,7.362436e-03,4.932433e-03,1.896059e-02,4.140059e-03,3.279639e-03,8.256117e-01,2.721098e-02,7.220181e-04,6.986315e-03,5.896507e-03,7.874798e-03,3.406307e-04,3.221155e-03
9.207597e-02,5.710533e-03,5.921783e-03,4.491145e-03,1.546693e-02,3.756825e-03,2.660273e-03,8.245482e-01,2.350057e-02,6.669668e-04,6.496324e-03,5.025327e-03,6.635235e-03,3.630166e-04,2.680882e-03
9.313473e-02,4.757561e-03,4.738226e-03,3.612873e-03,1.258426e-02,3.123792e-03,2.181109e-03,8.377382e-01,2.035708e-02,6.010185e-04,5.288653e-03,4.033851e-03,5.237452e-03,4.021534e-04,2.209068e-03
1.420505e-01,5.619096e-03,4.822073e-03,3.296242e-03,1.120678e-02,3.037497e-03,2.547649e-03,7.911152e-01,1.981046e-02,6.878778e-04,4.434874e-03,3.675247e-03,5.098387e-03,4.828869e-04,2.115230e-03
2.099351e-01,4.807576e-03,4.796879e-03,3.045903e-03,8.842238e-03,3.263239e-03,2.453891e-03,7.307816e-01,1.783193e-02,6.238786e-04,3.552051e-03,3.256833e-03,4.457432e-03,5.016691e-04,1.849862e-03
2.890216e-01,4.499423e-03,7.900612e-03,3.774929e-03,7.634535e-03,6.719237e-03,3.425470e-03,6.417352e-01,1.684110e-02,7.623931e-04,3.185253e-03,5.523115e-03,6.043787e-03,6.198140e-04,2.313550e-03
3.921067e-01,4.215988e-03,1.264107e-02,4.946964e-03,6.567279e-03,1.133159e-02,4.808744e-03,4.749242e-01,1.552385e-02,2.505237e-03,6.826980e-03,1.491103e-02,3.419785e-02,4.007034e-03,1.048551e-02
3.746381e-01,5.316746e-03,1.556010e-02,5.893861e-03,7.338982e-03,2.388126e-02,6.425065e-03,3.352830e-01,1.561819e-02,6.824228e-03,2.117937e-02,2.748041e-02,1.077781e-01,8.779805e-03,3.800269e-02
3.040944e-01,4.599542e-03,1.297956e-02,5.257651e-03,7.002488e-03,2.605759e-02,9.835195e-03,2.350951e-01,1.310028e-02,4.018134e-02,2.649516e-02,3.247806e-02,1.500894e-01,1.639388e-02,1.163402e-01
2.196883e-01,5.678987e-03,1.104171e-02,4.280818e-03,9.782307e-03,1.875241e-02,8.492109e-03,1.646285e-01,1.756328e-02,6.375581e-02,4.345535e-02,2.691677e-02,1.756101e-01,2.420274e-02,2.061508e-01
1.561453e-01,4.521851e-03,8.319342e-03,3.110040e-03,8.540130e-03,1.493526e-02,6.114988e-03,1.152809e-01,3.175431e-02,6.045125e-02,3.463830e-02,1.957775e-02,1.361501e-01,3.244143e-02,3.680191e-01
1.097369e-01,3.396140e-03,6.316573e-03,2.202800e-03,7.148773e-03,1.103521e-02,4.286759e-03,8.070877e-02,4.778065e-02,4.848922e-02,8.130305e-02,1.390788e-02,9.706617e-02,3.802549e-02,4.485957e-01
7.748745e-02,2.664438e-03,5.609329e-03,1.581721e-03,5.643636e-03,1.932421e-02,3.046969e-03,5.655720e-02,6.549141e-02,3.793885e-02,8.599644e-02,9.940556e-03,6.894952e-02,3.584716e-02,5.239211e-01
5.612161e-02,2.504608e-03,9.820301e-02,1.392722e-03,5.775114e-03,4.846709e-02,2.183059e-03,3.971305e-02,6.402474e-02,2.874090e-02,6.602326e-02,7.016509e-03,4.912196e-02,3.244924e-02,4.982632e-01
4.582083e-02,1.429850e-02,8.756921e-02,1.425924e-03,8.038282e-03,8.673285e-02,1.599669e-03,2.787814e-02,6.399743e-02,2.107200e-02,4.762974e-02,5.011008e-03,3.463352e-02,3.064657e-02,5.236464e-01
9.243994e-02,1.523828e-02,1.381779e-01,4.309196e-03,1.881353e-02,1.403798e-01,1.540549e-03,2.139010e-02,5.581412e-02,1.628624e-02,3.468702e-02,3.859718e-03,2.490569e-02,3.171542e-02,4.004426e-01
8.835083e-02,1.431436e-02,1.852257e-01,7.657594e-03,1.703739e-02,1.759003e-01,1.296921e-03,1.556221e-02,6.146999e-02,1.772884e-02,2.635245e-02,2.960578e-03,1.933807e-02,3.825336e-02,3.285515e-01
1.033628e-01,1.383290e-02,1.726281e-01,1.153623e-02,1.917441e-02,2.196109e-01,1.092013e-03,1.158645e-02,7.714739e-02,2.143990e-02,2.164115e-02,2.245516e-03,1.509086e-02,3.904836e-02,2.705630e-01
9.856134e-02,1.204415e-02,3.025092e-01,2.790790e-02,1.519503e-02,1.814838e-01,8.920173e-04,8.807154e-03,6.492818e-02,1.780383e-02,1.659808e-02,1.868169e-03,1.101625e-02,3.914437e-02,2.012405e-01
8.723053e-02,1.196140e-02,3.774686e-01,4.395612e-02,1.184242e-02,1.560716e-01,6.882601e-04,6.917455e-03,6.432866e-02,1.825219e-02,1.305448e-02,1.496280e-03,8.207242e-03,3.357276e-02,1.649519e-01
7.275499e-02,1.150938e-02,4.313963e-01,3.431575e-02,9.955121e-03,1.243102e-01,5.860280e-04,5.175235e-03,7.669036e-02,2.240445e-02,1.263342e-02,1.299118e-03,5.948883e-03,4.957479e-02,1.414459e-01
5.109179e-02,9.872606e-03,3.278096e-01,2.432631e-02,7.050632e-03,9.487993e-02,4.517120e-04,3.655786e-03,8.315736e-02,2.466536e-02,1.237855e-01,1.794147e-03,4.516571e-03,1.123394e-01,1.306032e-01
3.584618e-02,7.303423e-03,2.351511e-01,1.706017e-02,4.950524e-03,6.718201e-02,3.473488e-04,2.578402e-03,1.004746e-01,1.951485e-02,1.573432e-01,1.667626e-03,3.336479e-03,1.167147e-01,2.305294e-01
2.511745e-02,5.209311e-03,1.648404e-01,1.200617e-02,3.518600e-03,4.703600e-02,2.483026e-04,1.816574e-03,9.392951e-02,1.444358e-02,3.683103e-01,1.776225e-03,2.516464e-03,8.895227e-02,1.702788e-01
1.762274e-02,3.821153e-03,1.155687e-01,8.569220e-03,2.556061e-03,3.297405e-02,1.939029e-04,1.291827e-03,8.366404e-02,1.240555e-02,5.017906e-01,4.564724e-03,1.956888e-03,8.868878e-02,1.243317e-01
1.257663e-02,2.892447e-03,8.098388e-02,6.321921e-03,2.347257e-03,2.328733e-02,2.063040e-04,1.069882e-03,6.377565e-02,9.842152e-03,5.976826e-01,8.258402e-03,1.840598e-03,1.012397e-01,8.767524e-02
8.922071e-03,2.516810e-03,5.678712e-02,4.543776e-03,3.029725e-03,1.693782e-02,2.107621e-04,9.954550e-04,5.052550e-02,9.633513e-03,6.467333e-01,1.280716e-02,1.651259e-03,1.229796e-01,6.172608e-02
6.355642e-03,2.137735e-03,3.982411e-02,3.229465e-03,3.031161e-03,1.234269e-02,2.240886e-04,8.348224e-04,3.945410e-02,8.249768e-03,7.141282e-01,1.394535e-02,1.557125e-03,1.109871e-01,4.369863e-02
4.555002e-03,1.810965e-03,2.800784e-02,2.358088e-03,2.880377e-03,8.875806e-03,1.836271e-04,8.967182e-04,3.333299e-02,6.692616e-03,7.593277e-01,1.679216e-02,1.291183e-03,1.021887e-01,3.080634e-02
3.281199e-03,1.641360e-03,1.973701e-02,1.929584e-03,2.747739e-03,6.493866e-03,1.487970e-04,8.472024e-04,3.497728e-02,6.084342e-03,7.811491e-01,1.869972e-02,1.093401e-03,9.927218e-02,2.189719e-02
3.765749e-03,1.730501e-03,1.444414e-02,2.374432e-03,4.179755e-03,5.711116e-03,2.259884e-04,1.415249e-03,6.204152e-02,6.114610e-03,6.875908e-01,1.771260e-02,9.227807e-04,1.748246e-01,1.694605e-02
3.574961e-03,1.897729e-03,1.061829e-02,2.309399e-03,4.467453e-03,6.656447e-03,2.058466e-04,1.305968e-03,1.339765e-01,5.690909e-03,5.532914e-01,1.605957e-02,7.234420e-04,2.457317e-01,1.349029e-02
3.171442e-03,2.881240e-03,7.910386e-03,1.906974e-03,4.133036e-03,9.442351e-03,1.832422e-04,1.145205e-03,2.715425e-01,5.032469e-03,4.211255e-01,1.488126e-02,5.681550e-04,2.459493e-01,1.012694e-02
1.384469e-02,6.372659e-03,5.056476e-02,8.769517e-03,5.236007e-03,2.139897e-02,7.004994e-04,9.739105e-03,3.375673e-01,6.113088e-03,3.175529e-01,1.225518e-02,5.821456e-04,1.995406e-01,9.762468e-03
1.504017e-02,7.447983e-03,3.962896e-02,7.135314e-03,5.134070e-03,3.099415e-02,5.335116e-04,7.640497e-03,4.340798e-01,5.156644e-03,2.415075e-01,9.792930e-03,5.548486e-04,1.872918e-01,8.061841e-03
1.369944e-02,6.693115e-03,3.828055e-02,5.435314e-03,4.558107e-03,3.009507e-02,3.932265e-04,5.752385e-03,4.531179e-01,4.599432e-03,1.891729e-01,7.335686e-03,5.404393e-04,2.332024e-01,7.123983e-03
3.052710e-02,8.762306e-03,4.467611e-02,5.069576e-03,4.168850e-03,3.990427e-02,4.216951e-04,8.972093e-03,4.781550e-01,4.379460e-03,1.635853e-01,6.365448e-03,6.950097e-04,1.964739e-01,7.843882e-03
5.019812e-02,1.115549e-02,6.066994e-02,1.765276e-02,7.796051e-03,4.199817e-02,5.469733e-04,1.756672e-02,4.798450e-01,7.675435e-03,1.368883e-01,5.800550e-03,8.633671e-04,1.488132e-01,1.252993e-02
8.608491e-02,8.714170e-03,9.944886e-02,2.909562e-02,1.229690e-02,3.484326e-02,8.134641e-04,1.730361e-02,4.590209e-01,6.272822e-03,1.157508e-01,4.943512e-03,9.916198e-04,1.124246e-01,1.199484e-02
1.235727e-01,7.461002e-03,1.028604e-01,2.717176e-02,1.130166e-02,2.900930e-02,6.454497e-04,1.302764e-02,4.544933e-01,6.086804e-03,1.061508e-01,3.969625e-03,8.925984e-04,9.376328e-02,1.959356e-02
1.345904e-01,7.043743e-03,1.139838e-01,3.787900e-02,1.025423e-02,2.534158e-02,8.013147e-04,1.015380e-02,4.444360e-01,5.893841e-03,9.318360e-02,3.736314e-03,1.076025e-03,7.901622e-02,3.261008e-02
1.521140e-01,5.992985e-03,8.985755e-02,3.541036e-02,1.578215e-02,2.016522e-02,7.378061e-04,7.862399e-03,4.043058e-01,4.508662e-03,1.337687e-01,3.395860e-03,1.150176e-03,9.935006e-02,2.559816e-02
1.563017e-01,5.089208e-03,7.920916e-02,2.912065e-02,1.704776e-02,2.418398e-02,6.743297e-04,6.428555e-03,3.405187e-01,4.217029e-03,1.710586e-01,3.350213e-03,1.499114e-03,1.296843e-01,3.161656e-02
1.697854e-01,4.260361e-03,7.150549e-02,2.448545e-02,1.509375e-02,3.360637e-02,8.566247e-04,5.236097e-03,3.605666e-01,3.873203e-03,1.649845e-01,3.184299e-03,1.792705e-03,1.152116e-01,2.555748e-02
2.020770e-01,3.554359e-03,6.391616e-02,1.882859e-02,1.201083e-02,4.392811e-02,1.135137e-03,4.284869e-03,4.098398e-01,3.228104e-03,1.228569e-01,2.885832e-03,1.777847e-03,8.943402e-02,2.024239e-02
2.188657e-01,3.426178e-03,5.561215e-02,1.650528e-02,1.020330e-02,4.913479e-02,1.439848e-03,3.865279e-03,4.505820e-01,3.335248e-03,8.949153e-02,2.630282e-03,1.889672e-03,6.850297e-02,2.451571e-02
2.446640e-01,5.426442e-03,4.405621e-02,1.344571e-02,8.757599e-03,4.605117e-02,1.253716e-03,3.143211e-03,4.277239e-01,6.231236e-03,7.109740e-02,2.989008e-03,2.422321e-03,8.397334e-02,3.876477e-02
1.933866e-01,6.354099e-03,3.210939e-02,1.160248e-02,7.033226e-03,3.614520e-02,9.580186e-04,2.389506e-03,4.338248e-01,8.279435e-03,8.915257e-02,3.377094e-03,2.787794e-03,8.957757e-02,8.302219e-02
1.479180e-01,5.991604e-03,2.428088e-02,8.865787e-03,5.774164e-03,3.876941e-02,2.114802e-03,3.172737e-03,3.180216e-01,1.047932e-02,2.128675e-01,1.599336e-02,3.001318e-03,1.346750e-01,6.807445e-02
1.082343e-01,5.621158e-03,1.776171e-02,7.876031e-03,4.436685e-03,2.880934e-02,1.988956e-03,3.122365e-03,2.370382e-01,1.222435e-02,2.767199e-01,2.537054e-02,3.483783e-03,2.139067e-01,5.340595e-02
7.919156e-02,4.422427e-03,1.267035e-02,7.190682e-03,3.974286e-03,2.158684e-02,1.901730e-03,2.578297e-03,1.814395e-01,1.080986e-02,4.133118e-01,3.004951e-02,4.519793e-03,1.842298e-01,4.212361e-02
5.864473e-02,3.412851e-03,9.228123e-03,6.335532e-03,1.057337e-02,1.635503e-02,2.024618e-03,2.665199e-03,1.326790e-01,1.001928e-02,5.286054e-01,3.833606e-02,7.415621e-03,1.422710e-01,3.143421e-02
4.438894e-02,2.735970e-03,6.868185e-03,5.359727e-03,1.101023e-02,1.377284e-02,1.802275e-03,2.634980e-03,9.559806e-02,9.425955e-03,5.621415e-01,1.078217e-01,7.509958e-03,1.062628e-01,2.266688e-02
3.288110e-02,6.177926e-03,7.880234e-03,4.078561e-03,2.064423e-02,1.514837e-02,2.247560e-03,4.002659e-03,8.393583e-02,1.068717e-02,5.534205e-01,1.551622e-01,6.726679e-03,8.039630e-02,1.661069e-02
2.482984e-02,6.631596e-03,6.423181e-03,3.112848e-03,1.871893e-02,2.015382e-02,3.496327e-03,5.194380e-03,6.523757e-02,1.261830e-02,5.993567e-01,1.586429e-01,6.016416e-03,5.758434e-02,1.198293e-02
1.959854e-02,6.029121e-03,4.809369e-03,2.475673e-03,1.476418e-02,2.734558e-02,3.988436e-03,4.011539e-03,4.791366e-02,9.622443e-03,6.693209e-01,1.352580e-01,4.927249e-03,4.060586e-02,9.329515e-03
1.891383e-02,6.443182e-03,4.112513e-03,2.243436e-03,1.751362e-02,2.220399e-02,7.298684e-03,4.366451e-03,3.658860e-02,7.268490e-03,7.289838e-01,1.037259e-01,4.565604e-03,2.860468e-02,7.167255e-03
1.675987e-02,5.754463e-03,4.052406e-03,2.213618e-03,7.945816e-02,1.843404e-02,1.060262e-02,5.497236e-03,3.557591e-02,5.487349e-03,6.969726e-01,8.900423e-02,4.358268e-03,2.022799e-02,5.601188e-03
1.463202e-02,3.249441e-02,1.855544e-02,3.027981e-03,1.009990e-01,1.581566e-02,9.837776e-03,3.284646e-02,5.349756e-02,4.282810e-03,6.214535e-01,6.659720e-02,5.133295e-03,1.524432e-02,5.582580e-03
1.386190e-02,6.446041e-02,4.102500e-02,4.009661e-03,1.137924e-01,1.578797e-02,9.919855e-03,7.692470e-02,8.384502e-02,3.974290e-03,4.980329e-01,5.090604e-02,5.362409e-03,1.125448e-02,6.842980e-03
2.062436e-02,9.891925e-02,4.850031e-02,6.327095e-03,1.170700e-01,1.646931e-02,9.339329e-03,1.082707e-01,1.371656e-01,3.800959e-03,3.764347e-01,3.744408e-02,4.749815e-03,8.131831e-03,6.752731e-03
1.873469e-02,1.368751e-01,4.393408e-02,7.780532e-03,1.401698e-01,1.361882e-02,7.655203e-03,8.601283e-02,2.226587e-01,3.240091e-03,2.767063e-01,2.706521e-02,3.922350e-03,5.972592e-03,5.653843e-03
1.956701e-02,1.436725e-01,3.976860e-02,1.179548e-02,1.402946e-01,1.348854e-02,7.466323e-03,6.911229e-02,3.190020e-01,3.420632e-03,1.966615e-01,2.038004e-02,5.127942e-03,4.479038e-03,5.763395e-03
3.721188e-02,1.792181e-01,3.658119e-02,1.499047e-02,1.398480e-01,1.266776e-02,8.866735e-03,6.875421e-02,3.290731e-01,3.057737e-03,1.395508e-01,1.560987e-02,5.476581e-03,3.704811e-03,5.388761e-03
5.325678e-02,1.782063e-01,3.197637e-02,1.532791e-02,1.359412e-01,1.409192e-02,8.596335e-03,6.751383e-02,3.631851e-01,3.121553e-03,1.009421e-01,1.259627e-02,5.913318e-03,3.403887e-03,5.927146e-03
5.939198e-02,1.332393e-01,3.232397e-02,1.676928e-02,1.249607e-01,1.423193e-02,1.081587e-02,1.279190e-01,3.614609e-01,9.424683e-03,7.652184e-02,1.259818e-02,1.015322e-02,2.773189e-03,7.415935e-03
5.002376e-02,9.606025e-02,2.708596e-02,1.469954e-02,1.022611e-01,2.112354e-02,1.009386e-02,3.001578e-01,2.871728e-01,8.090260e-03,5.710014e-02,9.620398e-03,8.422971e-03,2.063609e-03,6.023973e-03
3.891008e-02,6.757212e-02,1.941940e-02,1.169265e-02,7.754122e-02,1.791381e-02,7.523783e-03,4.845548e-01,2.088628e-01,5.814551e-03,4.121589e-02,6.907750e-03,6.290531e-03,1.481790e-03,4.298763e-03
3.146321e-02,4.783962e-02,1.382634e-02,9.081666e-03,5.737924e-02,1.389320e-02,5.598948e-03,6.221775e-01,1.516346e-01,4.154258e-03,2.915330e-02,5.017332e-03,4.608219e-03,1.084667e-03,3.087858e-03
2.722421e-02,3.416920e-02,9.893403e-03,7.523147e-03,4.520649e-02,1.156902e-02,4.365492e-03,7.152678e-01,1.107876e-01,3.010203e-03,2.076278e-02,3.692759e-03,3.434723e-03,8.514397e-04,2.241819e-03
2.095119e-02,2.400774e-02,6.968331e-03,5.501401e-03,3.278973e-02,8.341580e-03,3.118332e-03,7.954625e-01,7.879227e-02,2.117093e-03,1.462243e-02,2.629261e-03,2.487640e-03,6.294702e-04,1.580994e-03
1.945081e-02,1.696683e-02,4.930601e-03,3.939200e-03,2.378054e-02,6.021235e-03,2.225363e-03,8.491678e-01,5.639409e-02,1.486562e-03,1.029497e-02,1.885140e-03,1.826802e-03,5.091899e-04,1.120879e-03
1.841744e-02,1.201303e-02,3.496822e-03,2.863865e-03,1.746450e-02,4.406954e-03,1.640947e-03,8.869300e-01,4.059957e-02,1.044033e-03,7.249528e-03,1.346093e-03,1.319292e-03,4.066412e-04,8.013272e-04
3.006690e-02,8.992181e-03,2.623634e-03,2.216692e-03,1.695592e-02,3.580547e-03,1.279297e-03,8.945293e-01,3.072835e-02,7.388008e-04,5.235101e-03,1.034658e-03,1.036079e-03,3.833521e-04,5.991427e-04
4.862764e-02,6.520701e-03,1.945114e-03,1.776113e-03,1.364509e-02,3.097445e-03,1.012648e-03,8.928375e-01,2.308931e-02,5.261645e-04,4.028926e-03,1.078442e-03,9.877293e-04,3.419655e-04,4.851975e-04
1.277092e-01,4.939709e-03,1.965050e-03,3.994454e-03,1.200951e-02,2.899233e-03,9.216932e-04,8.086616e-01,1.867208e-02,7.186413e-04,7.009708e-03,5.519741e-03,3.866582e-03,5.611467e-04,5.516835e-04
1.667297e-01,4.597954e-03,1.885723e-03,5.937932e-03,1.837412e-02,3.250328e-03,1.069855e-03,6.382010e-01,5.813279e-02,1.642292e-03,3.769004e-02,1.425228e-02,2.605836e-02,4.185131e-03,1.799247e-02
1.361778e-01,5.266731e-03,2.376159e-03,1.434142e-02,2.417311e-02,3.481467e-03,9.799282e-04,4.600524e-01,1.109969e-01,2.976967e-03,8.134910e-02,2.189999e-02,5.956665e-02,9.509586e-03,6.685179e-02
1.086817e-01,1.604119e-02,6.169478e-03,7.331378e-02,2.620058e-02,3.122262e-03,9.629667e-04,3.260352e-01,2.180383e-01,2.533039e-03,6.969655e-02,2.818319e-02,5.002419e-02,8.276201e-03,6.272146e-02
1.599779e-01,1.424329e-02,8.175913e-03,7.414617e-02,2.143900e-02,3.394872e-03,1.208712e-03,2.485600e-01,1.777573e-01,2.581013e-03,1.107370e-01,3.808201e-02,6.158226e-02,8.611030e-03,6.950355e-02
2.787118e-01,1.239476e-02,9.995749e-03,5.836078e-02,1.935356e-02,3.694407e-03,1.292079e-03,1.856748e-01,1.480995e-01,2.215913e-03,1.006294e-01,4.541104e-02,5.753072e-02,1.075711e-02,6.587844e-02
3.217380e-01,1.456858e-02,1.819716e-02,4.510367e-02,1.650223e-02,6.668456e-03,2.534096e-03,1.399913e-01,1.499184e-01,2.729881e-03,8.974596e-02,4.130634e-02,5.332816e-02,3.539886e-02,6.226902e-02
3.311495e-01,1.869921e-02,2.901461e-02,7.447585e-02,1.562542e-02,9.651385e-03,3.340316e-03,1.180401e-01,1.410292e-01,3.162705e-03,8.250217e-02,4.287779e-02,4.204766e-02,2.956787e-02,5.881625e-02
3.692510e-01,2.086118e-02,5.888723e-02,7.957695e-02,1.427364e-02,1.312442e-02,3.125799e-03,9.091162e-02,1.291250e-01,3.227263e-03,6.836399e-02,4.165746e-02,3.230778e-02,2.524283e-02,5.006390e-02
3.848393e-01,2.099817e-02,6.485062e-02,7.113358e-02,1.542107e-02,1.722522e-02,2.968176e-03,7.001015e-02,1.326918e-01,4.303841e-03,7.054588e-02,3.332096e-02,2.653270e-02,2.731103e-02,5.784757e-02
4.283685e-01,2.120896e-02,5.987774e-02,6.605696e-02,3.015069e-02,2.051544e-02,3.246208e-03,5.865372e-02,1.144274e-01,5.211538e-03,6.127966e-02,3.205214e-02,2.252572e-02,2.413518e-02,5.229014e-02
3.137167e-01,1.784321e-02,4.453771e-02,4.843113e-02,2.670208e-02,1.584505e-02,2.618195e-03,5.165024e-02,1.203628e-01,5.696950e-03,2.120391e-01,3.882005e-02,4.212274e-02,2.050787e-02,3.910608e-02
2.605210e-01,1.985300e-02,3.794952e-02,4.037423e-02,4.363766e-02,1.458735e-02,2.744138e-03,6.863214e-02,1.164651e-01,7.566975e-03,2.417745e-01,4.031990e-02,5.359757e-02,2.104903e-02,3.092800e-02
2.299715e-01,2.583450e-02,3.166989e-02,4.785146e-02,3.684967e-02,1.390167e-02,2.235149e-03,5.493164e-02,2.290187e-01,9.772278e-03,1.823185e-01,3.338448e-02,4.171347e-02,2.340666e-02,3.714042e-02
2.041173e-01,3.001688e-02,2.677338e-02,4.803618e-02,2.815561e-02,1.254642e-02,2.014763e-03,4.190976e-02,3.424720e-01,1.247439e-02,1.366057e-01,2.506279e-02,3.282648e-02,2.229382e-02,3.469444e-02
2.165441e-01,2.859760e-02,2.230412e-02,3.754925e-02,2.345188e-02,1.136094e-02,1.629313e-03,3.160102e-02,3.898746e-01,1.561797e-02,1.006305e-01,1.937186e-02,2.529770e-02,2.610562e-02,5.006359e-02
1.719048e-01,2.983304e-02,3.661966e-02,3.413879e-02,1.917539e-02,8.879220e-03,1.321837e-03,2.455242e-02,4.846833e-01,1.564617e-02,7.187884e-02,1.437315e-02,1.911835e-02,2.066633e-02,4.720869e-02
1.368105e-01,2.321724e-02,4.432015e-02,3.847571e-02,1.425240e-02,6.624375e-03,9.838607e-04,1.781038e-02,5.443937e-01,2.204809e-02,5.110297e-02,1.041494e-02,1.439624e-02,1.497189e-02,6.017752e-02
1.292444e-01,2.102170e-02,4.901322e-02,3.038851e-02,1.286321e-02,5.886218e-03,8.644232e-04,1.389300e-02,5.378302e-01,2.788960e-02,3.971377e-02,8.368134e-03,1.314663e-02,1.750102e-02,9.237593e-02
1.360982e-01,1.065102e-01,3.871404e-02,2.666990e-02,1.624266e-02,6.319073e-03,9.244281e-04,1.067835e-02,4.865892e-01,2.426231e-02,3.314386e-02,7.135682e-03,1.373293e-02,1.425419e-02,7.872497e-02
1.803767e-01,1.165896e-01,2.899673e-02,2.942968e-02,1.752598e-02,8.863439e-03,1.114290e-03,7.797070e-03,4.643741e-01,1.896338e-02,2.547010e-02,6.681061e-03,1.738765e-02,1.054967e-02,6.588057e-02
1.848104e-01,1.699309e-01,2.348105e-02,7.144079e-02,1.260993e-02,8.550687e-03,8.433737e-04,5.774368e-03,3.891152e-01,1.392397e-02,2.130333e-02,6.408262e-03,1.650176e-02,8.094785e-03,6.721120e-02
3.133098e-01,1.490767e-01,1.708050e-02,6.374229e-02,1.026751e-02,8.796008e-03,7.772607e-04,5.265894e-03,2.947493e-01,1.126625e-02,1.953983e-02,6.591371e-03,1.463100e-02,7.921632e-03,7.698468e-02
2.723483e-01,2.142523e-01,1.628060e-02,1.047826e-01,7.760711e-03,8.280758e-03,7.514665e-04,4.697681e-03,2.469776e-01,9.302313e-03,1.765324e-02,5.732388e-03,1.304648e-02,7.010691e-03,7.112274e-02
2.802503e-01,2.353150e-01,1.543326e-02,8.823144e-02,6.127792e-03,7.140916e-03,7.261392e-04,4.148989e-03,2.256804e-01,8.949297e-03,2.072057e-02,7.429825e-03,1.629139e-02,1.015420e-02,7.340059e-02
2.728496e-01,1.845430e-01,1.335812e-02,6.413154e-02,4.891660e-03,6.162527e-03,6.643446e-04,3.419831e-03,1.886778e-01,1.138201e-02,3.702883e-02,1.373966e-02,2.144413e-02,8.500838e-02,9.269859e-02
2.899038e-01,1.463640e-01,2.214959e-02,5.443016e-02,2.106762e-02,3.041650e-02,1.666541e-03,3.815365e-03,1.612025e-01,1.001959e-02,5.674794e-02,1.147877e-02,2.241245e-02,7.881044e-02,8.951473e-02
2.312628e-01,1.400253e-01,2.455675e-02,4.619453e-02,1.839786e-02,2.565956e-02,1.653332e-03,3.933498e-03,1.550955e-01,2.415451e-02,4.846046e-02,9.596172e-03,1.814039e-02,1.030303e-01,1.498390e-01
1.977842e-01,2.469791e-01,1.948491e-02,3.746492e-02,1.385196e-02,1.976958e-02,1.309579e-03,3.501233e-03,1.428022e-01,2.436207e-02,4.100093e-02,7.398887e-03,1.327355e-02,9.201378e-02,1.390030e-01
1.826488e-01,2.720076e-01,1.853160e-02,6.190351e-02,1.085659e-02,1.546021e-02,1.075481e-03,3.383950e-03,1.756150e-01,3.066984e-02,3.218208e-02,5.590303e-03,1.021836e-02,6.796854e-02,1.118882e-01
2.072554e-01,2.402807e-01,5.667544e-02,1.026276e-01,9.652125e-03,1.388007e-02,1.391562e-03,3.532044e-03,1.482361e-01,2.912000e-02,2.689762e-02,5.203179e-03,8.786418e-03,4.974349e-02,9.671830e-02
1.495135e-01,2.373065e-01,1.382782e-01,7.943971e-02,6.945412e-03,9.933960e-03,1.002025e-03,2.537329e-03,1.397974e-01,6.147568e-02,1.925548e-02,4.163449e-03,7.106440e-03,3.663325e-02,1.066116e-01
1.096701e-01,2.177341e-01,1.778532e-01,6.094757e-02,4.924564e-03,7.215365e-03,7.847280e-04,1.870257e-03,1.373919e-01,8.207871e-02,1.523521e-02,5.320536e-03,6.029871e-03,3.065613e-02,1.422879e-01
9.922430e-02,2.239961e-01,1.914565e-01,4.685378e-02,3.658992e-03,6.035253e-03,9.590592e-04,1.941583e-03,1.061253e-01,7.061526e-02,1.830187e-02,5.122560e-03,4.736409e-03,7.152620e-02,1.494469e-01
8.062312e-02,1.683415e-01,1.776808e-01,3.465143e-02,2.725503e-03,6.617773e-03,7.666022e-04,1.686553e-03,8.617635e-02,6.375695e-02,2.326578e-02,5.076859e-03,3.781772e-03,1.628687e-01,1.819803e-01
6.925482e-02,1.225037e-01,1.291955e-01,2.479536e-02,1.973026e-03,5.218423e-03,6.076358e-04,1.436020e-03,8.043106e-02,7.322498e-02,3.884548e-02,4.997774e-03,3.491895e-03,2.819044e-01,1.621200e-01
4.948169e-02,8.826163e-02,1.170672e-01,1.781910e-02,1.597588e-03,4.073436e-03,4.623932e-04,1.205503e-03,8.078086e-02,1.503930e-01,3.585497e-02,4.741550e-03,4.577657e-03,3.085767e-01,1.351067e-01
3.702591e-02,6.218333e-02,9.446606e-02,1.257190e-02,1.240366e-03,3.164625e-03,3.580648e-04,9.710526e-04,6.080792e-02,1.972273e-01,3.117653e-02,3.586735e-03,3.584036e-03,3.665254e-01,1.251109e-01
3.813528e-02,4.449847e-02,7.628729e-02,9.000388e-03,1.222029e-03,3.787705e-03,3.682302e-04,9.649314e-04,4.624856e-02,2.226581e-01,2.605130e-02,2.599864e-03,2.692492e-03,4.168148e-01,1.086705e-01
4.922226e-02,4.005511e-02,7.450259e-02,6.948060e-03,3.027129e-03,8.415997e-03,1.301261e-03,2.004450e-03,4.844889e-02,1.982993e-01,3.211452e-02,2.331425e-03,2.864374e-03,4.295930e-01,1.008716e-01
3.663607e-02,3.541364e-02,5.634469e-02,5.045155e-03,2.693507e-03,7.818776e-03,1.074110e-03,1.639099e-03,9.591049e-02,2.529666e-01,3.947633e-02,1.933139e-03,3.076641e-03,3.667151e-01,9.325659e-02
2.802012e-02,3.651856e-02,4.351897e-02,4.587207e-03,3.065820e-03,8.375287e-03,9.905533e-04,1.503536e-03,1.836139e-01,2.490878e-01,4.132377e-02,1.986399e-03,3.054579e-03,3.090869e-01,8.526658e-02
2.338912e-02,3.137752e-02,3.781924e-02,4.487365e-03,3.628838e-03,7.304887e-03,8.849674e-04,1.302722e-03,1.639105e-01,2.395131e-01,5.142602e-02,2.019533e-03,3.056564e-03,3.535104e-01,7.636927e-02
2.354065e-02,4.846606e-02,3.431713e-02,6.948269e-03,6.023916e-03,6.540366e-03,9.412965e-04,1.933510e-03,1.468377e-01,1.982448e-01,1.206891e-01,3.131715e-03,3.329312e-03,3.406840e-01,5.837221e-02
2.367841e-02,4.948436e-02,2.720406e-02,5.947342e-03,7.028534e-03,6.560688e-03,1.042031e-03,2.366385e-03,2.035256e-01,1.603002e-01,1.480650e-01,4.593756e-03,5.272694e-03,3.053467e-01,4.958437e-02
