1.000000e+00,0.000000e+00,0.000000e+00,0.000000e+00,0.000000e+00,0.000000e+00,0.000000e+00,0.000000e+00,0.000000e+00,0.000000e+00,0.000000e+00,0.000000e+00,0.000000e+00,0.000000e+00,0.000000e+00
1.000000e+00,0.000000e+00,0.000000e+00,0.000000e+00,0.000000e+00,0.000000e+00,0.000000e+00,0.000000e+00,0.000000e+00,0.000000e+00,0.000000e+00,0.000000e+00,0.000000e+00,0.000000e+00,0.000000e+00
1.000000e+00,0.000000e+00,0.000000e+00,0.000000e+00,0.000000e+00,0.000000e+00,0.000000e+00,0.000000e+00,0.000000e+00,0.000000e+00,0.000000e+00,0.000000e+00,0.000000e+00,0.000000e+00,0.000000e+00
1.000000e+00,0.000000e+00,0.000000e+00,0.000000e+00,0.000000e+00,0.000000e+00,0.000000e+00,0.000000e+00,0.000000e+00,0.000000e+00,0.000000e+00,0.000000e+00,0.000000e+00,0.000000e+00,0.000000e+00
1.000000e+00,0.000000e+00,0.000000e+00,0.000000e+00,0.000000e+00,0.000000e+00,0.000000e+00,0.000000e+00,0.000000e+00,0.000000e+00,0.000000e+00,0.000000e+00,0.000000e+00,0.000000e+00,0.000000e+00
1.000000e+00,0.000000e+00,0.000000e+00,0.000000e+00,0.000000e+00,0.000000e+00,0.000000e+00,0.000000e+00,0.000000e+00,0.000000e+00,0.000000e+00,0.000000e+00,0.000000e+00,0.000000e+00,0.000000e+00
1.000000e+00,0.000000e+00,0.000000e+00,0.000000e+00,0.000000e+00,0.000000e+00,0.000000e+00,0.000000e+00,0.000000e+00,0.000000e+00,0.000000e+00,0.000000e+00,0.000000e+00,0.000000e+00,0.000000e+00
1.000000e+00,0.000000e+00,0.000000e+00,0.000000e+00,0.000000e+00,0.000000e+00,0.000000e+00,0.000000e+00,0.000000e+00,0.000000e+00,0.000000e+00,0.000000e+00,0.000000e+00,0.000000e+00,0.000000e+00
1.000000e+00,0.000000e+00,0.000000e+00,0.000000e+00,0.000000e+00,0.000000e+00,0.000000e+00,0.000000e+00,0.000000e+00,0.000000e+00,0.000000e+00,0.000000e+00,0.000000e+00,0.000000e+00,0.000000e+00
1.000000e+00,0.000000e+00,0.000000e+00,0.000000e+00,0.000000e+00,0.000000e+00,0.000000e+00,0.000000e+00,0.000000e+00,0.000000e+00,0.000000e+00,0.000000e+00,0.000000e+00,0.000000e+00,0.000000e+00
1.000000e+00,0.000000e+00,0.000000e+00,0.000000e+00,0.000000e+00,0.000000e+00,0.000000e+00,0.000000e+00,0.000000e+00,0.000000e+00,0.000000e+00,0.000000e+00,0.000000e+00,0.000000e+00,0.000000e+00
1.000000e+00,0.000000e+00,0.000000e+00,0.000000e+00,0.000000e+00,0.000000e+00,0.000000e+00,0.000000e+00,0.000000e+00,0.000000e+00,0.000000e+00,0.000000e+00,0.000000e+00,0.000000e+00,0.000000e+00
1.000000e+00,0.000000e+00,0.000000e+00,0.000000e+00,0.000000e+00,0.000000e+00,0.000000e+00,0.000000e+00,0.000000e+00,0.000000e+00,0.000000e+00,0.000000e+00,0.000000e+00,0.000000e+00,0.000000e+00
1.000000e+00,0.000000e+00,0.000000e+00,0.000000e+00,0.000000e+00,0.000000e+00,0.000000e+00,0.000000e+00,0.000000e+00,0.000000e+00,0.000000e+00,0.000000e+00,0.000000e+00,0.000000e+00,0.000000e+00
1.000000e+00,0.000000e+00,0.000000e+00,0.000000e+00,0.000000e+00,0.000000e+00,0.000000e+00,0.000000e+00,0.000000e+00,0.000000e+00,0.000000e+00,0.000000e+00,0.000000e+00,0.000000e+00,0.000000e+00
1.000000e+00,0.000000e+00,0.000000e+00,0.000000e+00,0.000000e+00,0.000000e+00,0.000000e+00,0.000000e+00,0.000000e+00,0.000000e+00,0.000000e+00,0.000000e+00,0.000000e+00,0.000000e+00,0.000000e+00
1.000000e+00,0.000000e+00,0.000000e+00,0.000000e+00,0.000000e+00,0.000000e+00,0.000000e+00,0.000000e+00,0.000000e+00,0.000000e+00,0.000000e+00,0.000000e+00,0.000000e+00,0.000000e+00,0.000000e+00
1.000000e+00,0.000000e+00,0.000000e+00,0.000000e+00,0.000000e+00,0.000000e+00,0.000000e+00,0.000000e+00,0.000000e+00,0.000000e+00,0.000000e+00,0.000000e+00,0.000000e+00,0.000000e+00,0.000000e+00
1.000000e+00,0.000000e+00,0.000000e+00,0.000000e+00,0.000000e+00,0.000000e+00,0.000000e+00,0.000000e+00,0.000000e+00,0.000000e+00,0.000000e+00,0.000000e+00,0.000000e+00,0.000000e+00,0.000000e+00
1.000000e+00,0.000000e+00,0.000000e+00,0.000000e+00,0.000000e+00,0.000000e+00,0.000000e+00,0.000000e+00,0.000000e+00,0.000000e+00,0.000000e+00,0.000000e+00,0.000000e+00,0.000000e+00,0.000000e+00
1.000000e+00,0.000000e+00,0.000000e+00,0.000000e+00,0.000000e+00,0.000000e+00,0.000000e+00,0.000000e+00,0.000000e+00,0.000000e+00,0.000000e+00,0.000000e+00,0.000000e+00,0.000000e+00,0.000000e+00
1.000000e+00,0.000000e+00,0.000000e+00,0.000000e+00,0.000000e+00,0.000000e+00,0.000000e+00,0.000000e+00,0.000000e+00,0.000000e+00,0.000000e+00,0.000000e+00,0.000000e+00,0.000000e+00,0.000000e+00
1.000000e+00,0.000000e+00,0.000000e+00,0.000000e+00,0.000000e+00,0.000000e+00,0.000000e+00,0.000000e+00,0.000000e+00,0.000000e+00,0.000000e+00,0.000000e+00,0.000000e+00,0.000000e+00,0.000000e+00
1.000000e+00,0.000000e+00,0.000000e+00,0.000000e+00,0.000000e+00,0.000000e+00,0.000000e+00,0.000000e+00,0.000000e+00,0.000000e+00,0.000000e+00,0.000000e+00,0.000000e+00,0.000000e+00,0.000000e+00
1.000000e+00,0.000000e+00,0.000000e+00,0.000000e+00,0.000000e+00,0.000000e+00,0.000000e+00,0.000000e+00,0.000000e+00,0.000000e+00,0.000000e+00,0.000000e+00,0.000000e+00,0.000000e+00,0.000000e+00
1.000000e+00,0.000000e+00,0.000000e+00,0.000000e+00,0.000000e+00,0.000000e+00,0.000000e+00,0.000000e+00,0.000000e+00,0.000000e+00,0.000000e+00,0.000000e+00,0.000000e+00,0.000000e+00,0.000000e+00
1.000000e+00,0.000000e+00,0.000000e+00,0.000000e+00,0.000000e+00,0.000000e+00,0.000000e+00,0.000000e+00,0.000000e+00,0.000000e+00,0.000000e+00,0.000000e+00,0.000000e+00,0.000000e+00,0.000000e+00
1.000000e+00,0.000000e+00,0.000000e+00,0.000000e+00,0.000000e+00,0.000000e+00,0.000000e+00,0.000000e+00,0.000000e+00,0.000000e+00,0.000000e+00,0.000000e+00,0.000000e+00,0.000000e+00,0.000000e+00
1.000000e+00,0.000000e+00,0.000000e+00,0.000000e+00,0.000000e+00,0.000000e+00,0.000000e+00,0.000000e+00,0.000000e+00,0.000000e+00,0.000000e+00,0.000000e+00,0.000000e+00,0.000000e+00,0.000000e+00
1.000000e+00,0.000000e+00,0.000000e+00,0.000000e+00,0.000000e+00,0.000000e+00,0.000000e+00,0.000000e+00,0.000000e+00,0.000000e+00,0.000000e+00,0.000000e+00,0.000000e+00,0.000000e+00,0.000000e+00
1.000000e+00,0.000000e+00,0.000000e+00,0.000000e+00,0.000000e+00,0.000000e+00,0.000000e+00,0.000000e+00,0.000000e+00,0.000000e+00,0.000000e+00,0.000000e+00,0.000000e+00,0.000000e+00,0.000000e+00
1.000000e+00,0.000000e+00,0.000000e+00,0.000000e+00,0.000000e+00,0.000000e+00,0.000000e+00,0.000000e+00,0.000000e+00,0.000000e+00,0.000000e+00,0.000000e+00,0.000000e+00,0.000000e+00,0.000000e+00
1.000000e+00,0.000000e+00,0.000000e+00,0.000000e+00,0.000000e+00,0.000000e+00,0.000000e+00,0.000000e+00,0.000000e+00,0.000000e+00,0.000000e+00,0.000000e+00,0.000000e+00,0.000000e+00,0.000000e+00
1.000000e+00,0.000000e+00,0.000000e+00,0.000000e+00,0.000000e+00,0.000000e+00,0.000000e+00,0.000000e+00,0.000000e+00,0.000000e+00,0.000000e+00,0.000000e+00,0.000000e+00,0.000000e+00,0.000000e+00
1.000000e+00,0.000000e+00,0.000000e+00,0.000000e+00,0.000000e+00,0.000000e+00,0.000000e+00,0.000000e+00,0.000000e+00,0.000000e+00,0.000000e+00,0.000000e+00,0.000000e+00,0.000000e+00,0.000000e+00
1.000000e+00,0.000000e+00,0.000000e+00,0.000000e+00,0.000000e+00,0.000000e+00,0.000000e+00,0.000000e+00,0.000000e+00,0.000000e+00,0.000000e+00,0.000000e+00,0.000000e+00,0.000000e+00,0.000000e+00
1.000000e+00,0.000000e+00,0.000000e+00,0.000000e+00,0.000000e+00,0.000000e+00,0.000000e+00,0.000000e+00,0.000000e+00,0.000000e+00,0.000000e+00,0.000000e+00,0.000000e+00,0.000000e+00,0.000000e+00
1.000000e+00,0.000000e+00,0.000000e+00,0.000000e+00,0.000000e+00,0.000000e+00,0.000000e+00,0.000000e+00,0.000000e+00,0.000000e+00,0.000000e+00,0.000000e+00,0.000000e+00,0.000000e+00,0.000000e+00
1.000000e+00,0.000000e+00,0.000000e+00,0.000000e+00,0.000000e+00,0.000000e+00,0.000000e+00,0.000000e+00,0.000000e+00,0.000000e+00,0.000000e+00,0.000000e+00,0.000000e+00,0.000000e+00,0.000000e+00
1.000000e+00,0.000000e+00,0.000000e+00,0.000000e+00,0.000000e+00,0.000000e+00,0.000000e+00,0.000000e+00,0.000000e+00,0.000000e+00,0.000000e+00,0.000000e+00,0.000000e+00,0.000000e+00,0.000000e+00
4.977325e-01,4.248470e-02,2.673605e-02,1.535634e-01,1.067459e-02,2.130015e-02,6.706087e-03,4.694052e-02,3.119439e-02,2.705531e-03,5.934739e-02,4.702963e-02,1.057209e-02,9.030811e-03,3.398214e-02
4.048334e-01,4.928493e-02,4.447105e-02,1.994399e-01,1.345421e-02,2.166201e-02,7.649905e-03,5.619466e-02,3.518842e-02,2.899734e-03,5.536607e-02,5.366702e-02,1.202117e-02,8.308901e-03,3.555860e-02
3.616313e-01,6.834128e-02,4.313704e-02,2.055696e-01,1.785573e-02,2.213399e-02,8.158825e-03,4.619925e-02,3.868204e-02,4.403372e-03,5.562288e-02,5.117666e-02,1.390111e-02,1.161806e-02,5.156887e-02
3.203130e-01,8.386102e-02,3.955705e-02,2.127478e-01,2.074436e-02,2.343139e-02,8.429081e-03,3.894642e-02,3.983647e-02,6.151847e-03,5.083523e-02,5.158883e-02,1.729359e-02,1.403276e-02,7.223108e-02
3.158680e-01,1.023426e-01,3.400813e-02,2.073388e-01,2.103852e-02,2.427096e-02,8.645543e-03,3.344692e-02,3.626676e-02,6.657233e-03,4.380936e-02,4.929465e-02,2.209462e-02,1.500935e-02,7.990859e-02
3.222176e-01,1.171203e-01,2.835196e-02,1.942687e-01,2.032036e-02,2.460307e-02,8.519314e-03,2.818612e-02,3.191087e-02,6.455512e-03,4.012643e-02,5.003535e-02,2.637183e-02,1.715865e-02,8.435385e-02
2.751816e-01,1.124256e-01,3.705490e-02,2.063576e-01,2.435520e-02,3.195625e-02,1.215734e-02,4.471049e-02,2.835587e-02,5.510379e-03,3.720419e-02,6.250562e-02,2.876428e-02,1.615642e-02,7.730415e-02
2.070659e-01,1.082451e-01,9.275985e-02,2.816769e-01,2.056132e-02,2.511196e-02,9.418895e-03,3.918505e-02,2.351207e-02,4.422024e-03,3.167880e-02,5.403747e-02,2.316136e-02,1.236597e-02,6.679717e-02
2.301771e-01,1.016878e-01,9.434353e-02,2.636336e-01,2.033562e-02,2.515441e-02,8.061812e-03,3.118008e-02,2.672619e-02,4.718242e-03,3.465376e-02,4.994958e-02,2.406804e-02,1.333463e-02,7.197557e-02
3.397551e-01,8.362205e-02,7.383568e-02,2.115033e-01,1.968854e-02,2.498003e-02,7.133918e-03,2.515056e-02,2.383435e-02,4.530943e-03,3.159001e-02,4.903669e-02,2.533829e-02,1.305316e-02,6.694741e-02
4.682314e-01,6.646408e-02,5.399772e-02,1.621782e-01,1.670139e-02,2.282552e-02,6.329375e-03,2.024437e-02,1.939439e-02,4.130964e-03,2.553624e-02,4.412851e-02,2.393368e-02,1.074101e-02,5.516308e-02
4.886647e-01,5.831943e-02,5.486217e-02,1.465244e-01,1.677512e-02,2.220396e-02,6.441147e-03,2.233367e-02,1.790306e-02,3.994056e-03,2.604857e-02,4.687941e-02,2.499045e-02,9.192313e-03,5.486757e-02
1.000000e+00,0.000000e+00,0.000000e+00,0.000000e+00,0.000000e+00,0.000000e+00,0.000000e+00,0.000000e+00,0.000000e+00,0.000000e+00,0.000000e+00,0.000000e+00,0.000000e+00,0.000000e+00,0.000000e+00
1.000000e+00,0.000000e+00,0.000000e+00,0.000000e+00,0.000000e+00,0.000000e+00,0.000000e+00,0.000000e+00,0.000000e+00,0.000000e+00,0.000000e+00,0.000000e+00,0.000000e+00,0.000000e+00,0.000000e+00
1.000000e+00,0.000000e+00,0.000000e+00,0.000000e+00,0.000000e+00,0.000000e+00,0.000000e+00,0.000000e+00,0.000000e+00,0.000000e+00,0.000000e+00,0.000000e+00,0.000000e+00,0.000000e+00,0.000000e+00
1.000000e+00,0.000000e+00,0.000000e+00,0.000000e+00,0.000000e+00,0.000000e+00,0.000000e+00,0.000000e+00,0.000000e+00,0.000000e+00,0.000000e+00,0.000000e+00,0.000000e+00,0.000000e+00,0.000000e+00
4.300891e-01,2.646951e-02,3.825594e-02,7.872663e-02,1.241478e-01,7.734774e-02,4.398581e-02,9.901354e-02,6.411294e-03,2.866590e-03,1.088930e-02,2.450962e-02,1.583185e-02,3.049532e-03,1.840583e-02
3.033779e-01,2.002852e-02,2.869885e-02,6.354109e-02,2.102261e-01,6.157610e-02,6.479240e-02,1.841159e-01,4.726271e-03,4.907184e-03,8.272700e-03,1.760477e-02,1.246559e-02,2.381284e-03,1.328526e-02
2.133957e-01,1.466194e-02,2.123561e-02,5.395352e-02,2.378671e-01,4.648792e-02,2.077646e-01,1.406863e-01,3.477900e-03,1.699127e-02,7.552770e-03,1.293215e-02,1.073318e-02,1.805180e-03,1.045483e-02
1.497692e-01,1.067654e-02,1.736153e-02,3.984076e-02,1.776916e-01,3.613318e-02,3.091673e-01,1.046010e-01,3.113570e-03,4.847629e-02,2.759598e-02,1.464010e-02,3.750684e-02,1.798590e-03,2.162745e-02
1.065697e-01,7.873666e-03,1.262237e-02,2.939776e-02,1.277947e-01,2.790524e-02,2.540767e-01,7.648494e-02,3.916201e-03,6.472762e-02,7.275245e-02,9.621824e-02,8.992527e-02,7.818067e-03,2.191712e-02
7.879095e-02,5.826361e-03,9.006077e-03,2.148516e-02,9.572324e-02,2.151232e-02,2.064455e-01,5.445535e-02,4.167238e-03,5.222102e-02,1.221270e-01,1.356723e-01,1.589183e-01,9.829262e-03,2.381993e-02
6.762825e-02,5.013128e-03,6.687789e-03,1.742809e-02,7.064645e-02,1.783074e-02,1.556920e-01,3.890612e-02,7.566344e-03,6.994070e-02,1.077352e-01,1.231891e-01,2.184343e-01,3.792623e-02,5.537556e-02
7.868832e-02,5.432630e-03,5.189889e-03,1.637698e-02,5.407573e-02,2.907952e-02,1.239261e-01,2.816398e-02,1.548845e-02,9.526731e-02,1.068477e-01,1.035558e-01,2.127699e-01,6.339566e-02,6.174203e-02
8.616252e-02,1.186207e-02,8.759486e-03,6.196906e-02,5.908960e-02,5.027818e-02,9.958900e-02,2.033024e-02,3.625293e-02,7.810472e-02,1.008865e-01,9.497233e-02,1.707909e-01,6.088725e-02,6.006521e-02
1.270188e-01,9.521882e-03,7.311482e-03,6.431961e-02,4.854387e-02,4.991508e-02,7.230088e-02,1.500034e-02,3.926045e-02,7.238930e-02,9.862255e-02,9.930506e-02,1.523184e-01,6.339477e-02,8.077751e-02
1.220153e-01,7.309750e-03,6.141155e-03,5.381901e-02,3.958020e-02,3.952860e-02,5.180836e-02,1.138606e-02,3.765887e-02,1.161917e-01,9.514788e-02,9.742538e-02,1.395805e-01,6.358926e-02,1.188180e-01
8.688592e-02,5.947005e-03,5.989864e-03,4.098240e-02,3.477102e-02,3.133954e-02,3.698942e-02,8.156774e-03,3.266440e-02,2.358530e-01,7.810348e-02,8.051833e-02,1.247374e-01,5.861101e-02,1.384505e-01
8.191474e-02,5.068065e-03,5.171481e-03,3.495705e-02,3.102935e-02,3.395725e-02,2.640127e-02,6.265124e-03,2.721126e-02,2.844768e-01,8.244236e-02,6.319685e-02,1.000741e-01,5.666224e-02,1.611722e-01
1.122004e-01,9.861267e-03,5.080085e-03,4.755393e-02,2.777229e-02,3.177392e-02,1.868352e-02,5.472114e-03,4.509488e-02,2.616985e-01,1.137552e-01,5.360427e-02,8.081721e-02,5.186690e-02,1.347656e-01
8.582108e-02,1.212659e-02,6.338132e-03,3.880940e-02,2.478438e-02,3.162934e-02,1.372079e-02,1.252025e-02,8.934858e-02,2.870409e-01,9.995776e-02,5.192211e-02,7.446413e-02,6.148123e-02,1.100353e-01
7.824115e-02,1.942979e-02,7.874731e-03,3.650762e-02,2.875873e-02,2.749940e-02,9.921988e-03,1.862210e-02,1.352708e-01,2.701383e-01,8.799829e-02,4.917691e-02,6.441163e-02,7.112749e-02,9.502120e-02
7.480413e-02,1.597603e-02,1.524028e-02,4.298417e-02,3.808218e-02,4.393713e-02,1.138053e-02,7.249254e-02,1.130535e-01,2.509516e-01,8.267755e-02,3.672777e-02,5.525958e-02,7.228692e-02,7.414614e-02
7.073706e-02,1.266746e-02,3.891604e-02,4.397441e-02,4.128670e-02,3.656475e-02,3.083270e-02,1.638582e-01,1.063945e-01,1.922731e-01,7.413290e-02,2.753705e-02,4.475954e-02,5.964753e-02,5.641813e-02
5.933969e-02,9.511478e-03,1.031080e-01,5.458426e-02,3.237539e-02,3.245553e-02,2.735236e-02,2.713529e-01,8.256963e-02,1.368754e-01,5.492130e-02,1.986144e-02,3.224492e-02,4.270063e-02,4.074717e-02
4.405609e-02,6.738382e-03,8.165959e-02,3.928292e-02,2.457686e-02,2.342267e-02,2.226776e-02,4.665493e-01,6.001666e-02,9.614404e-02,3.974999e-02,1.397008e-02,2.271394e-02,3.006019e-02,2.879152e-02
3.221837e-02,4.740465e-03,5.933408e-02,2.818843e-02,1.838187e-02,1.745312e-02,1.795944e-02,6.150017e-01,4.371972e-02,6.750154e-02,2.823219e-02,9.805036e-03,1.609109e-02,2.112709e-02,2.024585e-02
2.366946e-02,3.347604e-03,4.262267e-02,2.043331e-02,1.448137e-02,1.443847e-02,1.537992e-02,7.192559e-01,3.114293e-02,4.732921e-02,2.000294e-02,6.877008e-03,1.198218e-02,1.482634e-02,1.421068e-02
1.766992e-02,2.402248e-03,3.120030e-02,1.459553e-02,1.186550e-02,1.356238e-02,2.527125e-02,7.775757e-01,2.212934e-02,3.320852e-02,1.412882e-02,4.833775e-03,1.113898e-02,1.041907e-02,9.998683e-03
1.479267e-02,1.790921e-03,2.235762e-02,1.067782e-02,1.306564e-02,1.394231e-02,2.976086e-02,8.150282e-01,1.569543e-02,2.333836e-02,1.028604e-02,3.435182e-03,1.140448e-02,7.372615e-03,7.051860e-03
1.182290e-02,1.269730e-03,1.581160e-02,7.806428e-03,1.195121e-02,1.049083e-02,2.596061e-02,8.592349e-01,1.107881e-02,1.636141e-02,7.389006e-03,2.425736e-03,8.263899e-03,5.186782e-03,4.946177e-03
1.006894e-02,9.246395e-04,1.126246e-02,5.899387e-03,1.259136e-02,7.937676e-03,2.133419e-02,8.902762e-01,7.915840e-03,1.146858e-02,5.394253e-03,1.727126e-03,6.050964e-03,3.662246e-03,3.486109e-03
9.140598e-03,6.901144e-04,8.461957e-03,4.554777e-03,1.291454e-02,6.057144e-03,2.099391e-02,9.084491e-01,5.716273e-03,8.053436e-03,3.967560e-03,1.262031e-03,4.664158e-03,2.592935e-03,2.481448e-03
1.097923e-02,5.679828e-04,6.920114e-03,3.785881e-03,1.773594e-02,5.162593e-03,2.695876e-02,9.060530e-01,4.207650e-03,5.669513e-03,3.079693e-03,1.026578e-03,4.193235e-03,1.843829e-03,1.815977e-03
1.226377e-02,4.977278e-04,6.962230e-03,3.389947e-03,1.657899e-02,3.940452e-03,2.793283e-02,9.123458e-01,3.122261e-03,3.991755e-03,2.300085e-03,7.887667e-04,3.246485e-03,1.323139e-03,1.315765e-03
1.446078e-02,4.541314e-04,8.636166e-03,3.225421e-03,1.436265e-02,3.411312e-03,3.166933e-02,9.113904e-01,2.403212e-03,2.871034e-03,1.694762e-03,6.456967e-04,2.829234e-03,9.500814e-04,9.957425e-04
1.849554e-02,4.400934e-04,1.014079e-02,3.221883e-03,1.245843e-02,3.796770e-03,3.531519e-02,9.057353e-01,1.937052e-03,2.090623e-03,1.342562e-03,6.881603e-04,2.807232e-03,7.062428e-04,8.241849e-04
1.967391e-02,3.840810e-04,7.822242e-03,2.656801e-03,1.215254e-02,3.526636e-03,4.010927e-02,9.048873e-01,1.511761e-03,1.525868e-03,1.108072e-03,7.337912e-04,2.619907e-03,5.399968e-04,7.478048e-04
2.240084e-02,3.405955e-04,5.726644e-03,2.127112e-03,1.206073e-02,3.280807e-03,4.134917e-02,9.047694e-01,1.258428e-03,1.099525e-03,1.022541e-03,7.121970e-04,2.672584e-03,4.206004e-04,7.588073e-04
3.232541e-02,4.645525e-04,4.641140e-03,1.953395e-03,1.104232e-02,6.040095e-03,3.481506e-02,8.947847e-01,1.098884e-03,9.155785e-04,1.885608e-03,1.500231e-03,6.060685e-03,3.911874e-04,2.081173e-03
4.511748e-02,1.061766e-03,3.685193e-03,1.740292e-03,1.111724e-02,1.242379e-02,2.916955e-02,8.615214e-01,1.913449e-03,9.843031e-04,4.878814e-03,3.446402e-03,1.679402e-02,4.818700e-04,5.664431e-03
6.611110e-02,1.569380e-03,2.984654e-03,2.292208e-03,1.028954e-02,1.556194e-02,2.920488e-02,7.780700e-01,5.023589e-03,1.231448e-03,1.492995e-02,1.508790e-02,4.524055e-02,1.182999e-03,1.121989e-02
6.549520e-02,1.581900e-03,2.211412e-03,3.235507e-03,9.373347e-03,1.561234e-02,5.877520e-02,5.922399e-01,2.237142e-02,7.799881e-03,8.099326e-02,2.968108e-02,8.904326e-02,2.947513e-03,1.863886e-02
5.502716e-02,1.454556e-03,1.782633e-03,8.694979e-03,8.000635e-03,1.464348e-02,7.739280e-02,4.541458e-01,2.626527e-02,7.337688e-03,9.335689e-02,3.499417e-02,1.954657e-01,2.927538e-03,1.851079e-02
4.143843e-02,1.148333e-03,1.463439e-03,9.705584e-03,6.559689e-03,1.339525e-02,6.129884e-02,3.202157e-01,2.517302e-02,5.609791e-03,1.072104e-01,3.503180e-02,3.470918e-01,3.407990e-03,2.125004e-02
3.147806e-02,8.762683e-04,1.419743e-03,7.550405e-03,6.020041e-03,9.793684e-03,4.325956e-02,2.248322e-01,4.287627e-02,5.759569e-03,1.448730e-01,3.854741e-02,4.040396e-01,4.080201e-03,3.459405e-02
2.941344e-02,8.464652e-04,2.836567e-03,6.699069e-03,1.083669e-02,7.561402e-03,3.070414e-02,1.599503e-01,9.745750e-02,7.424288e-03,1.482335e-01,3.655567e-02,3.962480e-01,4.914405e-03,6.031843e-02
4.786485e-02,1.199039e-03,3.744306e-03,9.537308e-03,1.819102e-02,9.736138e-03,2.310565e-02,1.139233e-01,2.138722e-01,9.795433e-03,1.216253e-01,3.680089e-02,3.290725e-01,6.932705e-03,5.459938e-02
6.944530e-02,1.406573e-03,4.273824e-03,9.842766e-03,2.747257e-02,9.659782e-03,1.741380e-02,8.210177e-02,2.839717e-01,1.362768e-02,1.097842e-01,4.766539e-02,2.678244e-01,6.518026e-03,4.899216e-02
8.654074e-02,4.188035e-03,4.595311e-03,8.121943e-03,3.879043e-02,7.745072e-03,1.258785e-02,6.416831e-02,3.827622e-01,1.443184e-02,8.906458e-02,3.909875e-02,1.975709e-01,5.554507e-03,4.477946e-02
7.765383e-02,4.590163e-03,5.098163e-02,1.279232e-02,3.909087e-02,9.140301e-03,1.073205e-02,8.374067e-02,3.563606e-01,1.734295e-02,8.017467e-02,3.596207e-02,1.568048e-01,6.836986e-03,5.779617e-02
7.826391e-02,5.140146e-03,8.160894e-02,3.282613e-02,4.003529e-02,7.982139e-03,8.597206e-03,8.207405e-02,3.398800e-01,1.885848e-02,6.661855e-02,2.808414e-02,1.164543e-01,8.067258e-03,8.550952e-02
7.167551e-02,9.784644e-03,9.639804e-02,3.123670e-02,3.710246e-02,9.283494e-03,6.792038e-03,7.190647e-02,4.104769e-01,1.453593e-02,5.062832e-02,2.138024e-02,8.333144e-02,6.439583e-03,7.902827e-02
6.599111e-02,3.859632e-02,1.047696e-01,2.636652e-02,3.344193e-02,1.074602e-02,5.904327e-03,5.737785e-02,4.282662e-01,1.114852e-02,3.744847e-02,1.560139e-02,5.972867e-02,5.305936e-03,9.930708e-02
5.153961e-02,4.085976e-02,1.169515e-01,1.912936e-01,3.407127e-02,9.530952e-03,5.500548e-03,4.554987e-02,3.372510e-01,8.597617e-03,2.694335e-02,1.115065e-02,4.209623e-02,3.788543e-03,7.487547e-02
4.007103e-02,4.016661e-02,1.427800e-01,2.812752e-01,3.197120e-02,7.821573e-03,4.402383e-03,4.302607e-02,2.884736e-01,6.715744e-03,1.917646e-02,7.892332e-03,2.963713e-02,2.699480e-03,5.389121e-02
2.904384e-02,3.120438e-02,2.202125e-01,3.441807e-01,2.473742e-02,5.713248e-03,3.196804e-03,3.513887e-02,2.200589e-01,5.520168e-03,1.366923e-02,5.552805e-03,2.086964e-02,1.904401e-03,3.899703e-02
2.150547e-02,2.689611e-02,3.424573e-01,3.258355e-01,1.866966e-02,4.111826e-03,2.305316e-03,2.629290e-02,1.686143e-01,4.718990e-03,1.027616e-02,3.918059e-03,1.477231e-02,1.347457e-03,2.827858e-02
2.480603e-02,3.644616e-02,3.253953e-01,3.399566e-01,1.888905e-02,6.969736e-03,1.949758e-03,2.295259e-02,1.680386e-01,5.182828e-03,1.301370e-02,2.983129e-03,1.151668e-02,1.018441e-03,2.088141e-02
6.378482e-02,3.195168e-02,2.766545e-01,3.228104e-01,3.039059e-02,9.461060e-03,2.466922e-03,3.635502e-02,1.391687e-01,6.929532e-03,4.412746e-02,5.370748e-03,1.183524e-02,1.801166e-03,1.689212e-02
5.830398e-02,2.399708e-02,2.061064e-01,3.652781e-01,2.638568e-02,9.215973e-03,1.871811e-03,2.961192e-02,1.024238e-01,5.620758e-03,1.381845e-01,5.663666e-03,1.140618e-02,3.432039e-03,1.249811e-02
4.443496e-02,1.741542e-02,1.502933e-01,2.857390e-01,2.125141e-02,8.060119e-03,1.653187e-03,2.306365e-02,7.586985e-02,4.478985e-03,3.274519e-01,1.138872e-02,1.348843e-02,6.171700e-03,9.239301e-03
3.337384e-02,1.273312e-02,1.079458e-01,2.323654e-01,1.664588e-02,6.568852e-03,1.285899e-03,1.685975e-02,5.748117e-02,4.565603e-03,4.436244e-01,1.919056e-02,2.427021e-02,1.619340e-02,6.896136e-03
2.838007e-02,1.009470e-02,7.661465e-02,1.818904e-01,1.257671e-02,5.704592e-03,1.009858e-03,1.222054e-02,5.207289e-02,6.539305e-03,4.879242e-01,4.129720e-02,3.892443e-02,3.917409e-02,5.576420e-03
2.287540e-02,9.572494e-03,5.458318e-02,1.400713e-01,1.197018e-02,4.804725e-03,7.825188e-04,9.212472e-03,4.883514e-02,1.051213e-02,5.369137e-01,4.349209e-02,3.828860e-02,6.252291e-02,5.563227e-03
2.330451e-02,9.389125e-03,4.072687e-02,1.251983e-01,1.173373e-02,4.880964e-03,6.833290e-04,8.699511e-03,5.654372e-02,1.060769e-02,5.485203e-01,3.535040e-02,2.993386e-02,8.878165e-02,5.646086e-03
3.643806e-02,9.199693e-03,3.008911e-02,1.032855e-01,1.122580e-02,7.407832e-03,6.359016e-04,7.272106e-03,4.537499e-02,9.000087e-03,5.541974e-01,3.151014e-02,2.315206e-02,1.262504e-01,4.961004e-03
7.181019e-02,7.923231e-03,2.206449e-02,7.796227e-02,1.447825e-02,6.942724e-03,7.785044e-04,6.552619e-03,3.479022e-02,7.549921e-03,5.782061e-01,2.623202e-02,1.709627e-02,1.233254e-01,4.287900e-03
1.520174e-01,7.729059e-03,1.850427e-02,6.300457e-02,2.091277e-02,8.191686e-03,1.310849e-03,8.390010e-03,2.786500e-02,6.934027e-03,5.306895e-01,2.365972e-02,1.373780e-02,1.130071e-01,4.046337e-03
2.618887e-01,1.003819e-02,4.454660e-02,6.066538e-02,2.989182e-02,1.474380e-02,1.718103e-03,9.816591e-03,2.253142e-02,7.329358e-03,4.137299e-01,2.067481e-02,1.153582e-02,8.736973e-02,3.519788e-03
3.185409e-01,9.168440e-03,3.711369e-02,4.572259e-02,2.507389e-02,2.340687e-02,1.856377e-03,8.508119e-03,1.840145e-02,6.137649e-03,3.692316e-01,1.908493e-02,1.058960e-02,1.036879e-01,3.476154e-03
2.922336e-01,9.174679e-03,3.198731e-02,3.521862e-02,2.092683e-02,2.887091e-02,1.706705e-03,7.089574e-03,1.909512e-02,5.354043e-03,3.479002e-01,1.817081e-02,1.017585e-02,1.681949e-01,3.901032e-03
2.925216e-01,8.277211e-03,3.235822e-02,3.661274e-02,1.975717e-02,3.639356e-02,2.169814e-03,7.444327e-03,2.201955e-02,5.244012e-03,3.154460e-01,2.188224e-02,8.964060e-03,1.865862e-01,4.323280e-03
2.490494e-01,6.612771e-03,2.599637e-02,2.758246e-02,1.551090e-02,3.229528e-02,2.113974e-03,5.840421e-03,2.735116e-02,4.544488e-03,2.822374e-01,2.413692e-02,7.563456e-03,2.851555e-01,4.009675e-03
1.777695e-01,7.515633e-03,2.055113e-02,2.066387e-02,1.294641e-02,2.513327e-02,1.645989e-03,4.197006e-03,4.784244e-02,7.426666e-03,2.593137e-01,2.224774e-02,6.146792e-03,3.821272e-01,4.472638e-03
1.272063e-01,8.905476e-03,2.324863e-02,1.730528e-02,1.117370e-02,2.271597e-02,1.328599e-03,3.456570e-03,1.944503e-01,7.645392e-03,1.947096e-01,1.698626e-02,4.705514e-03,3.621227e-01,4.039790e-03
9.348851e-02,8.224820e-03,2.932636e-02,1.423572e-02,9.634945e-03,2.342494e-02,1.092205e-03,3.380177e-03,3.408683e-01,7.491892e-03,1.402200e-01,1.217870e-02,3.518429e-03,3.087883e-01,4.126760e-03
6.817043e-02,3.156283e-02,2.639054e-02,5.823971e-02,1.236633e-02,1.804478e-02,8.680092e-04,3.503677e-03,4.262809e-01,9.951917e-03,1.001063e-01,8.590671e-03,2.665727e-03,2.219007e-01,1.135751e-02
5.485697e-02,3.609869e-02,2.237681e-02,6.217329e-02,1.285395e-02,1.524820e-02,7.129689e-04,3.133231e-03,4.939309e-01,1.601836e-02,7.264291e-02,6.338837e-03,2.993287e-03,1.683248e-01,3.229678e-02
3.910754e-02,3.696130e-02,1.740197e-02,1.499218e-01,9.205283e-03,1.097194e-02,5.106503e-04,2.407362e-03,5.141442e-01,1.361830e-02,5.188493e-02,4.473629e-03,2.302702e-03,1.183556e-01,2.873269e-02
5.646708e-02,3.331317e-02,2.431595e-02,1.426511e-01,1.482674e-02,2.008048e-02,5.936884e-04,2.358522e-03,5.167249e-01,1.075204e-02,4.389810e-02,3.525979e-03,2.448048e-03,9.035755e-02,3.768659e-02
4.667989e-02,2.811243e-02,2.277086e-02,1.759993e-01,2.079555e-02,1.586803e-02,7.444096e-04,2.770490e-03,5.442460e-01,8.189121e-03,3.295816e-02,2.660744e-03,2.124805e-03,6.484275e-02,3.123742e-02
7.751884e-02,3.220123e-02,2.511564e-02,1.644551e-01,4.373752e-02,1.972143e-02,8.324101e-04,3.541565e-03,4.767971e-01,6.817978e-03,3.095970e-02,4.279108e-03,2.802512e-03,5.649102e-02,5.472882e-02
8.982603e-02,3.689254e-02,2.188838e-02,1.350960e-01,6.882935e-02,2.714005e-02,9.199912e-04,7.975996e-03,4.460707e-01,7.680700e-03,2.714702e-02,5.799352e-03,3.539332e-03,5.062702e-02,7.056748e-02
1.234063e-01,3.959331e-02,2.205782e-02,1.696173e-01,8.813860e-02,2.832458e-02,1.956265e-03,1.930304e-02,3.521288e-01,6.417606e-03,2.257578e-02,5.362606e-03,3.273807e-03,3.781390e-02,8.003031e-02
1.250787e-01,3.773965e-02,3.427265e-02,1.656299e-01,6.911424e-02,2.244456e-02,1.538732e-03,1.433429e-02,3.142881e-01,5.112056e-03,9.051249e-02,1.746826e-02,3.488954e-03,3.111691e-02,6.786048e-02
9.317817e-02,3.274228e-02,2.857777e-02,1.539835e-01,4.908738e-02,2.049961e-02,1.199821e-03,1.027222e-02,2.360718e-01,4.275814e-03,1.208530e-01,1.743671e-01,2.874498e-03,2.239218e-02,4.962483e-02
6.668059e-02,2.328904e-02,2.039202e-02,1.093496e-01,3.457135e-02,2.073588e-02,8.797631e-04,7.252446e-03,1.661778e-01,3.087198e-03,2.227949e-01,2.715582e-01,2.350411e-03,1.581169e-02,3.506915e-02
4.722574e-02,1.654071e-02,1.464387e-02,7.735927e-02,2.474785e-02,6.437615e-02,6.800966e-04,5.155335e-03,1.168388e-01,2.220263e-03,1.835379e-01,4.087983e-01,1.924427e-03,1.115041e-02,2.480094e-02
3.332892e-02,1.190336e-02,1.033130e-02,5.428133e-02,2.053539e-02,4.956717e-02,5.093867e-04,3.634147e-03,8.318820e-02,1.643290e-03,1.611438e-01,5.428264e-01,1.506276e-03,7.885489e-03,1.771551e-02
2.439987e-02,9.677229e-03,8.006150e-03,3.817130e-02,2.546752e-02,3.849746e-02,5.086796e-04,3.110865e-03,5.891772e-02,1.438964e-03,1.498046e-01,6.224173e-01,1.300404e-03,5.674423e-03,1.260752e-02
1.882829e-02,7.290251e-03,1.027913e-02,2.701684e-02,6.238391e-02,5.233591e-02,4.112719e-03,6.869049e-03,4.148239e-02,1.314460e-03,1.113403e-01,6.426681e-01,1.052564e-03,4.082256e-03,8.943767e-03
1.912753e-02,6.255622e-03,1.060943e-02,1.964474e-02,7.618128e-02,5.647004e-02,9.534879e-03,8.817583e-03,3.812290e-02,2.211832e-03,9.864207e-02,6.428964e-01,1.369681e-03,3.198282e-03,6.917702e-03
1.805890e-02,5.075513e-03,8.041698e-03,1.433195e-02,6.966868e-02,4.445314e-02,8.611594e-03,1.001673e-02,4.357110e-02,1.879275e-03,8.576171e-02,6.813059e-01,1.557195e-03,2.527656e-03,5.139014e-03
2.223733e-02,3.958209e-03,7.604361e-03,1.090790e-02,6.727452e-02,3.735053e-02,1.557444e-02,7.273861e-02,3.630142e-02,1.957084e-03,8.376168e-02,6.325279e-01,1.891621e-03,2.135729e-03,3.778618e-03
5.160207e-02,4.057102e-03,8.876299e-03,8.969161e-03,8.446128e-02,3.865232e-02,1.522281e-02,8.226112e-02,3.492817e-02,2.782675e-03,8.700530e-02,5.726094e-01,2.855784e-03,2.536435e-03,3.180034e-03
6.052681e-02,5.624138e-03,1.270777e-02,7.511378e-03,9.156947e-02,3.862530e-02,1.444323e-02,7.564162e-02,3.890523e-02,2.987478e-03,7.369624e-02,5.681995e-01,3.902823e-03,2.640843e-03,3.018140e-03
1.081986e-01,1.174232e-02,1.468680e-02,1.147843e-02,1.160967e-01,4.135283e-02,1.600668e-02,6.112740e-02,6.138374e-02,5.127583e-03,7.078020e-02,4.657928e-01,8.341228e-03,3.327961e-03,4.556647e-03
1.009548e-01,1.117962e-02,1.761029e-02,1.127294e-02,1.299597e-01,3.854891e-02,2.167406e-02,8.157472e-02,6.325868e-02,5.821328e-03,8.103649e-02,4.210816e-01,8.536376e-03,3.732591e-03,3.757844e-03
9.227498e-02,1.646645e-02,1.686867e-02,1.045188e-02,1.240816e-01,3.131856e-02,1.738609e-02,8.422203e-02,1.173354e-01,7.107473e-03,8.882405e-02,3.720928e-01,1.181693e-02,6.241328e-03,3.511760e-03
8.093642e-02,1.737893e-02,1.538014e-02,9.431744e-03,1.132209e-01,2.525592e-02,1.360046e-02,9.348789e-02,1.353100e-01,7.722166e-03,8.580605e-02,3.772431e-01,1.310180e-02,9.147072e-03,2.977408e-03
7.514688e-02,2.431722e-02,1.616970e-02,8.454505e-03,9.566635e-02,2.063732e-02,1.030665e-02,1.105776e-01,1.615745e-01,7.999619e-03,7.269704e-02,3.708780e-01,1.335502e-02,9.545602e-03,2.674044e-03
8.747813e-02,4.373402e-02,2.032935e-02,9.505528e-03,1.000033e-01,1.692691e-02,8.545376e-03,1.171848e-01,2.172999e-01,7.233228e-03,5.843701e-02,2.914980e-01,1.060284e-02,8.391839e-03,2.829579e-03
9.506150e-02,5.510463e-02,3.544407e-02,1.268507e-02,1.126538e-01,1.547147e-02,7.605295e-03,1.206376e-01,2.325722e-01,8.059398e-03,5.773434e-02,2.274528e-01,8.668704e-03,8.345264e-03,2.503813e-03
1.197693e-01,6.302913e-02,8.259881e-02,1.451406e-02,1.261784e-01,1.349128e-02,6.319620e-03,1.171527e-01,2.018311e-01,9.793861e-03,5.642273e-02,1.695642e-01,7.195265e-03,9.227263e-03,2.912164e-03
1.080861e-01,5.317942e-02,1.145202e-01,4.565455e-02,1.357388e-01,1.258372e-02,5.108892e-03,1.623670e-01,1.657196e-01,9.792035e-03,4.344364e-02,1.260021e-01,5.849498e-03,8.868210e-03,3.086150e-03
9.518746e-02,4.857776e-02,1.072392e-01,7.226914e-02,1.411640e-01,1.128218e-02,4.763153e-03,1.957497e-01,1.626711e-01,1.086340e-02,3.612555e-02,9.693539e-02,5.085939e-03,9.129000e-03,2.956951e-03
1.191439e-01,4.505015e-02,9.098117e-02,1.013561e-01,1.485600e-01,1.062132e-02,4.797259e-03,1.822420e-01,1.575351e-01,1.113117e-02,3.737412e-02,7.221355e-02,4.347220e-03,1.174802e-02,2.898873e-03
1.508906e-01,6.221309e-02,7.525025e-02,1.046684e-01,1.327470e-01,1.120344e-02,4.016635e-03,1.483664e-01,1.597117e-01,1.195604e-02,5.902354e-02,5.459609e-02,3.872406e-03,1.855222e-02,2.932179e-03
1.757092e-01,7.773252e-02,6.123449e-02,1.168560e-01,1.154102e-01,1.189600e-02,3.497862e-03,1.186305e-01,1.846169e-01,1.272383e-02,5.445718e-02,4.248044e-02,3.347633e-03,1.752582e-02,3.881492e-03
2.614283e-01,8.332523e-02,5.020117e-02,1.030047e-01,1.035025e-01,1.054344e-02,3.666333e-03,9.255581e-02,1.660724e-01,1.359309e-02,5.152807e-02,3.616321e-02,3.346103e-03,1.605052e-02,5.019094e-03
3.498169e-01,9.526536e-02,4.288581e-02,8.269490e-02,8.637688e-02,9.026741e-03,3.426806e-03,7.003621e-02,1.418494e-01,1.276886e-02,4.492973e-02,3.428159e-02,3.690904e-03,1.530551e-02,7.644412e-03
3.755821e-01,8.092661e-02,5.667259e-02,6.126795e-02,6.723154e-02,1.423841e-02,2.626881e-03,5.182874e-02,1.338155e-01,1.180245e-02,4.676414e-02,2.772299e-02,4.814860e-03,3.042452e-02,3.428070e-02
2.806173e-01,6.303393e-02,5.504239e-02,4.382405e-02,4.790100e-02,1.479459e-02,1.945927e-03,3.677871e-02,2.478496e-01,9.787762e-03,7.256766e-02,2.005731e-02,3.993626e-03,6.363539e-02,3.817071e-02
2.004731e-01,4.479142e-02,3.922569e-02,3.095742e-02,3.374422e-02,1.226369e-02,1.388397e-03,2.604450e-02,1.793564e-01,7.027973e-03,2.015364e-01,1.576232e-02,3.222614e-03,1.768104e-01,2.739543e-02
1.421832e-01,3.160780e-02,2.789780e-02,2.190643e-02,2.371081e-02,1.035476e-02,9.938969e-04,1.831527e-02,1.281325e-01,5.138572e-03,3.033696e-01,1.214221e-02,2.481027e-03,2.523258e-01,1.944049e-02
9.995449e-02,2.233134e-02,1.961717e-02,1.541962e-02,1.670120e-02,7.642835e-03,7.141971e-04,1.284761e-02,9.122530e-02,3.879640e-03,3.524674e-01,9.860233e-03,1.834816e-03,3.318069e-01,1.369726e-02
7.016604e-02,1.593590e-02,1.377409e-02,1.089337e-02,1.189743e-02,6.134168e-03,5.098915e-04,9.011761e-03,6.690004e-02,2.983721e-03,3.747203e-01,8.746203e-03,1.322563e-03,3.973448e-01,9.659705e-03
4.946614e-02,1.132594e-02,9.715451e-03,7.715110e-03,8.479477e-03,5.451904e-03,3.703409e-04,6.331605e-03,4.879403e-02,2.343019e-03,4.050681e-01,8.180957e-03,1.001153e-03,4.289283e-01,6.828418e-03
3.488608e-02,8.173297e-03,6.928621e-03,5.519206e-03,6.238741e-03,5.847156e-03,2.849833e-04,4.474843e-03,3.658602e-02,2.097926e-03,4.694460e-01,7.805234e-03,7.792478e-04,4.060796e-01,4.853019e-03
2.492401e-02,6.440597e-03,5.175081e-03,4.131511e-03,4.932189e-03,2.948968e-02,2.700578e-04,3.266829e-03,3.268915e-02,2.308726e-03,4.508657e-01,8.008184e-03,7.616276e-04,4.231594e-01,3.577320e-03
1.761279e-02,5.057653e-03,3.804160e-03,2.978903e-03,3.752217e-03,6.718329e-02,2.316578e-04,2.322826e-03,3.499583e-02,5.766874e-03,4.374646e-01,8.745880e-03,6.600912e-04,4.067951e-01,2.628157e-03
1.256391e-02,4.216120e-03,2.741458e-03,2.159316e-03,3.489025e-03,6.309390e-02,1.920608e-04,1.671131e-03,4.583656e-02,6.576776e-03,4.428923e-01,7.552309e-03,7.185505e-04,4.042301e-01,2.066513e-03
8.966957e-03,3.716778e-03,2.062035e-03,1.598488e-03,3.378216e-03,7.742571e-02,1.874727e-04,1.223478e-03,5.026510e-02,1.282794e-02,4.331699e-01,7.003191e-03,5.899023e-04,3.960168e-01,1.568008e-03
7.611703e-03,3.638730e-03,1.717077e-03,1.340050e-03,3.111908e-03,1.436449e-01,1.923983e-04,1.012840e-03,4.661025e-02,2.733002e-02,3.469160e-01,5.849232e-03,4.971428e-04,4.091958e-01,1.331861e-03
1.422957e-02,8.048560e-03,3.084564e-03,3.758967e-03,8.692322e-03,1.586090e-01,4.357610e-04,2.499483e-03,5.711756e-02,3.378453e-02,2.672532e-01,4.501731e-03,4.213769e-04,4.360424e-01,1.520942e-03
1.483891e-02,8.775266e-03,3.139123e-03,3.668337e-03,9.942909e-03,1.522690e-01,4.041670e-04,2.154275e-03,8.021862e-02,3.535961e-02,2.004010e-01,3.390066e-03,3.298192e-04,4.838557e-01,1.253299e-03
3.548425e-02,2.347302e-02,1.317741e-02,3.141560e-02,2.751322e-02,1.133448e-01,5.336367e-04,1.006878e-02,1.327732e-01,2.775481e-02,1.541559e-01,2.608337e-03,3.929466e-04,4.242021e-01,3.102011e-03
4.613554e-02,2.548392e-02,1.039717e-02,2.935447e-02,2.930066e-02,1.282866e-01,4.766714e-04,8.925509e-03,1.557287e-01,2.513825e-02,1.298980e-01,2.097449e-03,4.474146e-04,4.051449e-01,3.184594e-03
1.145289e-01,2.919333e-02,8.236708e-03,3.291178e-02,3.331531e-02,1.284463e-01,5.292180e-04,1.272867e-02,1.648208e-01,2.281278e-02,1.020627e-01,1.862774e-03,8.744205e-04,3.380204e-01,9.655872e-03
1.446932e-01,2.766148e-02,6.976859e-03,3.737077e-02,3.008496e-02,1.613663e-01,5.344260e-04,1.751078e-02,1.820987e-01,2.081184e-02,7.985712e-02,2.194331e-03,1.429606e-03,2.726720e-01,1.473765e-02
1.214877e-01,2.706439e-02,8.946920e-03,1.287261e-01,2.760668e-02,1.191362e-01,4.867326e-04,2.363196e-02,2.248952e-01,2.191074e-02,5.935899e-02,2.447783e-03,1.915295e-03,1.947680e-01,3.761744e-02
1.595487e-01,3.089608e-02,1.027362e-02,1.060743e-01,3.514525e-02,1.500688e-01,5.367039e-04,1.992876e-02,2.166150e-01,1.675588e-02,4.952504e-02,4.895716e-03,2.566617e-03,1.463650e-01,5.080451e-02
1.926551e-01,2.592813e-02,1.079050e-02,1.326194e-01,5.014638e-02,1.317428e-01,1.240202e-03,3.099366e-02,2.070754e-01,1.231029e-02,3.914972e-02,9.883026e-03,3.273956e-03,1.058041e-01,4.638732e-02
3.170773e-01,2.139988e-02,1.707446e-02,1.148682e-01,4.993155e-02,1.085032e-01,2.022273e-03,2.568395e-02,1.688449e-01,8.902702e-03,3.491360e-02,1.298711e-02,4.206293e-03,7.733438e-02,3.625022e-02
3.880743e-01,2.017768e-02,1.906850e-02,1.239660e-01,4.949407e-02,9.354016e-02,2.333883e-03,2.048027e-02,1.340922e-01,6.916794e-03,3.080745e-02,1.847249e-02,4.638428e-03,5.651700e-02,3.142071e-02
3.848382e-01,1.809819e-02,1.662554e-02,1.066224e-01,4.496599e-02,1.823867e-01,2.151748e-03,1.580349e-02,1.087714e-01,5.095099e-03,2.700071e-02,1.809482e-02,4.439991e-03,4.130328e-02,2.380247e-02
3.284060e-01,1.369335e-02,1.350529e-02,7.683031e-02,3.760104e-02,1.625916e-01,5.387984e-03,1.919148e-01,8.197241e-02,3.857295e-03,1.960419e-02,1.408388e-02,3.726576e-03,2.932837e-02,1.749690e-02
2.763624e-01,1.027993e-02,1.140474e-02,5.730652e-02,3.127955e-02,1.657602e-01,7.159878e-03,3.081015e-01,6.594756e-02,3.114718e-03,1.494090e-02,1.102484e-02,3.697720e-03,2.065280e-02,1.296664e-02
2.458498e-01,8.227015e-03,1.135344e-02,4.330919e-02,3.054062e-02,1.358655e-01,7.317202e-03,4.092352e-01,5.093672e-02,2.610646e-03,1.360301e-02,9.500763e-03,6.144618e-03,1.458041e-02,1.092584e-02
2.604302e-01,9.104053e-03,1.956861e-02,5.476486e-02,3.228026e-02,1.138558e-01,5.912656e-03,3.611053e-01,8.113546e-02,5.957190e-03,1.451946e-02,1.038201e-02,5.422954e-03,1.122800e-02,1.433313e-02
2.266338e-01,8.689681e-03,1.931927e-02,6.338187e-02,2.665287e-02,8.951994e-02,4.435217e-03,3.048927e-01,1.468162e-01,3.587588e-02,3.206697e-02,1.045909e-02,6.575212e-03,9.050718e-03,1.563053e-02
2.009745e-01,8.448673e-03,3.099724e-02,8.008255e-02,2.697882e-02,6.798429e-02,3.239305e-03,2.289161e-01,1.722021e-01,4.377219e-02,7.972229e-02,1.078857e-02,1.600735e-02,8.476550e-03,2.140945e-02
1.993318e-01,8.196579e-03,2.710779e-02,6.534329e-02,2.691568e-02,5.064828e-02,2.613006e-03,1.679008e-01,1.364338e-01,1.233455e-01,1.269145e-01,9.757023e-03,1.871097e-02,8.884186e-03,2.789678e-02
2.306984e-01,7.305722e-03,3.328552e-02,5.124123e-02,2.748994e-02,3.886609e-02,2.413429e-03,1.310979e-01,1.236464e-01,1.459538e-01,1.210432e-01,1.111965e-02,3.417437e-02,8.154850e-03,3.350949e-02
3.390443e-01,1.018578e-02,2.853563e-02,4.743769e-02,2.844271e-02,3.009262e-02,2.519271e-03,1.012654e-01,1.280655e-01,1.126426e-01,9.224096e-02,1.191006e-02,2.759125e-02,1.013619e-02,2.989007e-02
3.567510e-01,1.223975e-02,2.420779e-02,4.960477e-02,2.256056e-02,2.797494e-02,2.064344e-03,7.892448e-02,1.552541e-01,9.677465e-02,7.725978e-02,2.130731e-02,2.653824e-02,1.633385e-02,3.220447e-02
4.177797e-01,1.141033e-02,2.153692e-02,4.339486e-02,2.079648e-02,2.527840e-02,2.158602e-03,5.897281e-02,1.227335e-01,7.298051e-02,8.140896e-02,3.899973e-02,2.537677e-02,3.058943e-02,2.658310e-02
4.305288e-01,1.081232e-02,1.943182e-02,4.255147e-02,2.153486e-02,2.327864e-02,2.501853e-03,4.737785e-02,9.338695e-02,5.656920e-02,9.001449e-02,7.378456e-02,2.721475e-02,3.346403e-02,2.754841e-02
4.743741e-01,1.121381e-02,2.149060e-02,4.058837e-02,1.820094e-02,2.424384e-02,3.056482e-03,4.257321e-02,7.169484e-02,4.285254e-02,9.676194e-02,7.091141e-02,2.394466e-02,3.401224e-02,2.408104e-02
4.905977e-01,1.290556e-02,2.324278e-02,4.507937e-02,1.776807e-02,2.465029e-02,3.047611e-03,3.481732e-02,6.613980e-02,3.329122e-02,9.380408e-02,6.656531e-02,1.985747e-02,4.223263e-02,2.600084e-02
4.995691e-01,1.454501e-02,2.204658e-02,5.438675e-02,1.766979e-02,2.519038e-02,2.935127e-03,2.950062e-02,5.750438e-02,2.685579e-02,9.164254e-02,6.781682e-02,1.883476e-02,4.444113e-02,2.706119e-02
1.000000e+00,0.000000e+00,0.000000e+00,0.000000e+00,0.000000e+00,0.000000e+00,0.000000e+00,0.000000e+00,0.000000e+00,0.000000e+00,0.000000e+00,0.000000e+00,0.000000e+00,0.000000e+00,0.000000e+00
4.922344e-01,2.096158e-02,2.259821e-02,7.091822e-02,1.716164e-02,1.917443e-02,2.762513e-03,3.015288e-02,5.180138e-02,1.920164e-02,7.929539e-02,9.302534e-02,1.761233e-02,3.757721e-02,2.552282e-02
