1.000000e+00,0.000000e+00,0.000000e+00,0.000000e+00,0.000000e+00,0.000000e+00,0.000000e+00,0.000000e+00,0.000000e+00,0.000000e+00,0.000000e+00,0.000000e+00,0.000000e+00,0.000000e+00,0.000000e+00
1.000000e+00,0.000000e+00,0.000000e+00,0.000000e+00,0.000000e+00,0.000000e+00,0.000000e+00,0.000000e+00,0.000000e+00,0.000000e+00,0.000000e+00,0.000000e+00,0.000000e+00,0.000000e+00,0.000000e+00
1.000000e+00,0.000000e+00,0.000000e+00,0.000000e+00,0.000000e+00,0.000000e+00,0.000000e+00,0.000000e+00,0.000000e+00,0.000000e+00,0.000000e+00,0.000000e+00,0.000000e+00,0.000000e+00,0.000000e+00
1.000000e+00,0.000000e+00,0.000000e+00,0.000000e+00,0.000000e+00,0.000000e+00,0.000000e+00,0.000000e+00,0.000000e+00,0.000000e+00,0.000000e+00,0.000000e+00,0.000000e+00,0.000000e+00,0.000000e+00
1.000000e+00,0.000000e+00,0.000000e+00,0.000000e+00,0.000000e+00,0.000000e+00,0.000000e+00,0.000000e+00,0.000000e+00,0.000000e+00,0.000000e+00,0.000000e+00,0.000000e+00,0.000000e+00,0.000000e+00
1.000000e+00,0.000000e+00,0.000000e+00,0.000000e+00,0.000000e+00,0.000000e+00,0.000000e+00,0.000000e+00,0.000000e+00,0.000000e+00,0.000000e+00,0.000000e+00,0.000000e+00,0.000000e+00,0.000000e+00
1.000000e+00,0.000000e+00,0.000000e+00,0.000000e+00,0.000000e+00,0.000000e+00,0.000000e+00,0.000000e+00,0.000000e+00,0.000000e+00,0.000000e+00,0.000000e+00,0.000000e+00,0.000000e+00,0.000000e+00
1.000000e+00,0.000000e+00,0.000000e+00,0.000000e+00,0.000000e+00,0.000000e+00,0.000000e+00,0.000000e+00,0.000000e+00,0.000000e+00,0.000000e+00,0.000000e+00,0.000000e+00,0.000000e+00,0.000000e+00
1.000000e+00,0.000000e+00,0.000000e+00,0.000000e+00,0.000000e+00,0.000000e+00,0.000000e+00,0.000000e+00,0.000000e+00,0.000000e+00,0.000000e+00,0.000000e+00,0.000000e+00,0.000000e+00,0.000000e+00
1.000000e+00,0.000000e+00,0.000000e+00,0.000000e+00,0.000000e+00,0.000000e+00,0.000000e+00,0.000000e+00,0.000000e+00,0.000000e+00,0.000000e+00,0.000000e+00,0.000000e+00,0.000000e+00,0.000000e+00
1.000000e+00,0.000000e+00,0.000000e+00,0.000000e+00,0.000000e+00,0.000000e+00,0.000000e+00,0.000000e+00,0.000000e+00,0.000000e+00,0.000000e+00,0.000000e+00,0.000000e+00,0.000000e+00,0.000000e+00
1.000000e+00,0.000000e+00,0.000000e+00,0.000000e+00,0.000000e+00,0.000000e+00,0.000000e+00,0.000000e+00,0.000000e+00,0.000000e+00,0.000000e+00,0.000000e+00,0.000000e+00,0.000000e+00,0.000000e+00
1.000000e+00,0.000000e+00,0.000000e+00,0.000000e+00,0.000000e+00,0.000000e+00,0.000000e+00,0.000000e+00,0.000000e+00,0.000000e+00,0.000000e+00,0.000000e+00,0.000000e+00,0.000000e+00,0.000000e+00
1.000000e+00,0.000000e+00,0.000000e+00,0.000000e+00,0.000000e+00,0.000000e+00,0.000000e+00,0.000000e+00,0.000000e+00,0.000000e+00,0.000000e+00,0.000000e+00,0.000000e+00,0.000000e+00,0.000000e+00
1.000000e+00,0.000000e+00,0.000000e+00,0.000000e+00,0.000000e+00,0.000000e+00,0.000000e+00,0.000000e+00,0.000000e+00,0.000000e+00,0.000000e+00,0.000000e+00,0.000000e+00,0.000000e+00,0.000000e+00
1.000000e+00,0.000000e+00,0.000000e+00,0.000000e+00,0.000000e+00,0.000000e+00,0.000000e+00,0.000000e+00,0.000000e+00,0.000000e+00,0.000000e+00,0.000000e+00,0.000000e+00,0.000000e+00,0.000000e+00
1.000000e+00,0.000000e+00,0.000000e+00,0.000000e+00,0.000000e+00,0.000000e+00,0.000000e+00,0.000000e+00,0.000000e+00,0.000000e+00,0.000000e+00,0.000000e+00,0.000000e+00,0.000000e+00,0.000000e+00
1.000000e+00,0.000000e+00,0.000000e+00,0.000000e+00,0.000000e+00,0.000000e+00,0.000000e+00,0.000000e+00,0.000000e+00,0.000000e+00,0.000000e+00,0.000000e+00,0.000000e+00,0.000000e+00,0.000000e+00
1.000000e+00,0.000000e+00,0.000000e+00,0.000000e+00,0.000000e+00,0.000000e+00,0.000000e+00,0.000000e+00,0.000000e+00,0.000000e+00,0.000000e+00,0.000000e+00,0.000000e+00,0.000000e+00,0.000000e+00
1.000000e+00,0.000000e+00,0.000000e+00,0.000000e+00,0.000000e+00,0.000000e+00,0.000000e+00,0.000000e+00,0.000000e+00,0.000000e+00,0.000000e+00,0.000000e+00,0.000000e+00,0.000000e+00,0.000000e+00
1.000000e+00,0.000000e+00,0.000000e+00,0.000000e+00,0.000000e+00,0.000000e+00,0.000000e+00,0.000000e+00,0.000000e+00,0.000000e+00,0.000000e+00,0.000000e+00,0.000000e+00,0.000000e+00,0.000000e+00
1.000000e+00,0.000000e+00,0.000000e+00,0.000000e+00,0.000000e+00,0.000000e+00,0.000000e+00,0.000000e+00,0.000000e+00,0.000000e+00,0.000000e+00,0.000000e+00,0.000000e+00,0.000000e+00,0.000000e+00
1.000000e+00,0.000000e+00,0.000000e+00,0.000000e+00,0.000000e+00,0.000000e+00,0.000000e+00,0.000000e+00,0.000000e+00,0.000000e+00,0.000000e+00,0.000000e+00,0.000000e+00,0.000000e+00,0.000000e+00
1.000000e+00,0.000000e+00,0.000000e+00,0.000000e+00,0.000000e+00,0.000000e+00,0.000000e+00,0.000000e+00,0.000000e+00,0.000000e+00,0.000000e+00,0.000000e+00,0.000000e+00,0.000000e+00,0.000000e+00
1.000000e+00,0.000000e+00,0.000000e+00,0.000000e+00,0.000000e+00,0.000000e+00,0.000000e+00,0.000000e+00,0.000000e+00,0.000000e+00,0.000000e+00,0.000000e+00,0.000000e+00,0.000000e+00,0.000000e+00
1.000000e+00,0.000000e+00,0.000000e+00,0.000000e+00,0.000000e+00,0.000000e+00,0.000000e+00,0.000000e+00,0.000000e+00,0.000000e+00,0.000000e+00,0.000000e+00,0.000000e+00,0.000000e+00,0.000000e+00
1.000000e+00,0.000000e+00,0.000000e+00,0.000000e+00,0.000000e+00,0.000000e+00,0.000000e+00,0.000000e+00,0.000000e+00,0.000000e+00,0.000000e+00,0.000000e+00,0.000000e+00,0.000000e+00,0.000000e+00
1.000000e+00,0.000000e+00,0.000000e+00,0.000000e+00,0.000000e+00,0.000000e+00,0.000000e+00,0.000000e+00,0.000000e+00,0.000000e+00,0.000000e+00,0.000000e+00,0.000000e+00,0.000000e+00,0.000000e+00
1.000000e+00,0.000000e+00,0.000000e+00,0.000000e+00,0.000000e+00,0.000000e+00,0.000000e+00,0.000000e+00,0.000000e+00,0.000000e+00,0.000000e+00,0.000000e+00,0.000000e+00,0.000000e+00,0.000000e+00
1.000000e+00,0.000000e+00,0.000000e+00,0.000000e+00,0.000000e+00,0.000000e+00,0.000000e+00,0.000000e+00,0.000000e+00,0.000000e+00,0.000000e+00,0.000000e+00,0.000000e+00,0.000000e+00,0.000000e+00
1.000000e+00,0.000000e+00,0.000000e+00,0.000000e+00,0.000000e+00,0.000000e+00,0.000000e+00,0.000000e+00,0.000000e+00,0.000000e+00,0.000000e+00,0.000000e+00,0.000000e+00,0.000000e+00,0.000000e+00
1.000000e+00,0.000000e+00,0.000000e+00,0.000000e+00,0.000000e+00,0.000000e+00,0.000000e+00,0.000000e+00,0.000000e+00,0.000000e+00,0.000000e+00,0.000000e+00,0.000000e+00,0.000000e+00,0.000000e+00
1.000000e+00,0.000000e+00,0.000000e+00,0.000000e+00,0.000000e+00,0.000000e+00,0.000000e+00,0.000000e+00,0.000000e+00,0.000000e+00,0.000000e+00,0.000000e+00,0.000000e+00,0.000000e+00,0.000000e+00
1.000000e+00,0.000000e+00,0.000000e+00,0.000000e+00,0.000000e+00,0.000000e+00,0.000000e+00,0.000000e+00,0.000000e+00,0.000000e+00,0.000000e+00,0.000000e+00,0.000000e+00,0.000000e+00,0.000000e+00
1.000000e+00,0.000000e+00,0.000000e+00,0.000000e+00,0.000000e+00,0.000000e+00,0.000000e+00,0.000000e+00,0.000000e+00,0.000000e+00,0.000000e+00,0.000000e+00,0.000000e+00,0.000000e+00,0.000000e+00
1.000000e+00,0.000000e+00,0.000000e+00,0.000000e+00,0.000000e+00,0.000000e+00,0.000000e+00,0.000000e+00,0.000000e+00,0.000000e+00,0.000000e+00,0.000000e+00,0.000000e+00,0.000000e+00,0.000000e+00
1.000000e+00,0.000000e+00,0.000000e+00,0.000000e+00,0.000000e+00,0.000000e+00,0.000000e+00,0.000000e+00,0.000000e+00,0.000000e+00,0.000000e+00,0.000000e+00,0.000000e+00,0.000000e+00,0.000000e+00
1.000000e+00,0.000000e+00,0.000000e+00,0.000000e+00,0.000000e+00,0.000000e+00,0.000000e+00,0.000000e+00,0.000000e+00,0.000000e+00,0.000000e+00,0.000000e+00,0.000000e+00,0.000000e+00,0.000000e+00
1.000000e+00,0.000000e+00,0.000000e+00,0.000000e+00,0.000000e+00,0.000000e+00,0.000000e+00,0.000000e+00,0.000000e+00,0.000000e+00,0.000000e+00,0.000000e+00,0.000000e+00,0.000000e+00,0.000000e+00
1.000000e+00,0.000000e+00,0.000000e+00,0.000000e+00,0.000000e+00,0.000000e+00,0.000000e+00,0.000000e+00,0.000000e+00,0.000000e+00,0.000000e+00,0.000000e+00,0.000000e+00,0.000000e+00,0.000000e+00
1.000000e+00,0.000000e+00,0.000000e+00,0.000000e+00,0.000000e+00,0.000000e+00,0.000000e+00,0.000000e+00,0.000000e+00,0.000000e+00,0.000000e+00,0.000000e+00,0.000000e+00,0.000000e+00,0.000000e+00
1.000000e+00,0.000000e+00,0.000000e+00,0.000000e+00,0.000000e+00,0.000000e+00,0.000000e+00,0.000000e+00,0.000000e+00,0.000000e+00,0.000000e+00,0.000000e+00,0.000000e+00,0.000000e+00,0.000000e+00
1.000000e+00,0.000000e+00,0.000000e+00,0.000000e+00,0.000000e+00,0.000000e+00,0.000000e+00,0.000000e+00,0.000000e+00,0.000000e+00,0.000000e+00,0.000000e+00,0.000000e+00,0.000000e+00,0.000000e+00
1.000000e+00,0.000000e+00,0.000000e+00,0.000000e+00,0.000000e+00,0.000000e+00,0.000000e+00,0.000000e+00,0.000000e+00,0.000000e+00,0.000000e+00,0.000000e+00,0.000000e+00,0.000000e+00,0.000000e+00
1.000000e+00,0.000000e+00,0.000000e+00,0.000000e+00,0.000000e+00,0.000000e+00,0.000000e+00,0.000000e+00,0.000000e+00,0.000000e+00,0.000000e+00,0.000000e+00,0.000000e+00,0.000000e+00,0.000000e+00
1.000000e+00,0.000000e+00,0.000000e+00,0.000000e+00,0.000000e+00,0.000000e+00,0.000000e+00,0.000000e+00,0.000000e+00,0.000000e+00,0.000000e+00,0.000000e+00,0.000000e+00,0.000000e+00,0.000000e+00
1.000000e+00,0.000000e+00,0.000000e+00,0.000000e+00,0.000000e+00,0.000000e+00,0.000000e+00,0.000000e+00,0.000000e+00,0.000000e+00,0.000000e+00,0.000000e+00,0.000000e+00,0.000000e+00,0.000000e+00
4.447578e-01,1.349817e-02,7.471954e-03,6.470947e-02,5.120826e-03,1.480485e-02,3.683242e-03,1.359193e-02,1.834218e-02,2.666946e-03,1.404795e-01,2.104141e-01,2.544906e-02,1.493140e-02,2.007852e-02
3.871090e-01,1.664942e-02,8.294949e-03,6.937529e-02,6.952292e-03,1.782809e-02,5.038087e-03,1.465258e-02,2.027270e-02,2.841518e-03,1.394155e-01,2.402112e-01,3.494964e-02,1.528816e-02,2.112152e-02
3.549773e-01,2.778673e-02,1.058280e-02,9.384345e-02,1.037479e-02,2.141613e-02,7.752356e-03,2.166825e-02,2.573914e-02,3.673089e-03,1.151504e-01,2.254109e-01,4.113992e-02,1.439155e-02,2.609322e-02
3.417864e-01,4.204247e-02,1.161522e-02,1.158103e-01,1.521944e-02,2.565040e-02,9.928928e-03,2.229928e-02,3.054291e-02,4.257136e-03,9.170616e-02,1.974556e-01,4.455519e-02,1.317514e-02,3.395543e-02
3.059717e-01,4.970182e-02,1.417175e-02,1.454813e-01,1.937107e-02,3.067014e-02,1.129339e-02,2.659605e-02,3.432790e-02,4.002158e-03,7.777071e-02,1.858784e-01,4.843562e-02,1.140044e-02,3.492757e-02
2.564689e-01,4.893496e-02,2.485623e-02,1.707707e-01,2.717460e-02,5.422679e-02,2.047999e-02,3.756654e-02,3.319446e-02,3.607564e-03,6.130192e-02,1.738980e-01,4.796891e-02,8.835679e-03,3.071471e-02
2.046199e-01,4.522845e-02,3.611282e-02,2.298481e-01,2.913274e-02,5.333786e-02,1.739110e-02,4.454550e-02,3.185963e-02,3.791467e-03,5.135525e-02,1.675411e-01,4.814810e-02,7.293611e-03,2.979434e-02
1.976052e-01,5.791073e-02,3.718875e-02,2.526151e-01,3.091552e-02,5.377499e-02,1.608224e-02,3.906563e-02,3.428048e-02,5.703752e-03,4.312176e-02,1.410941e-01,4.270709e-02,6.722908e-03,4.121174e-02
2.836235e-01,6.258696e-02,3.296722e-02,2.143939e-01,2.771938e-02,4.820228e-02,1.370270e-02,3.190971e-02,3.152578e-02,6.305576e-03,3.642156e-02,1.105339e-01,3.723134e-02,8.278926e-03,5.459718e-02
3.699775e-01,6.250137e-02,2.901795e-02,1.784086e-01,2.566824e-02,4.038118e-02,1.176250e-02,2.771311e-02,2.861825e-02,6.728984e-03,3.040542e-02,8.621418e-02,3.180670e-02,8.887366e-03,6.190860e-02
4.660958e-01,5.062306e-02,2.388472e-02,1.384886e-01,2.419878e-02,4.924990e-02,1.682489e-02,2.572295e-02,2.180391e-02,5.202425e-03,2.553159e-02,6.941430e-02,2.715368e-02,7.466281e-03,4.833906e-02
4.968985e-01,4.535538e-02,2.259714e-02,1.146626e-01,2.301299e-02,6.059487e-02,2.153446e-02,2.604958e-02,1.777658e-02,4.263003e-03,2.689959e-02,6.544247e-02,2.559558e-02,7.147117e-03,4.217010e-02
1.000000e+00,0.000000e+00,0.000000e+00,0.000000e+00,0.000000e+00,0.000000e+00,0.000000e+00,0.000000e+00,0.000000e+00,0.000000e+00,0.000000e+00,0.000000e+00,0.000000e+00,0.000000e+00,0.000000e+00
3.770975e-01,2.711232e-02,3.194004e-02,6.712061e-02,2.387602e-02,5.211518e-02,1.965741e-01,1.028738e-01,1.118696e-02,2.584724e-03,1.705842e-02,3.938513e-02,1.878584e-02,6.087975e-03,2.620135e-02
2.760308e-01,1.990867e-02,6.941386e-02,7.635531e-02,2.726215e-02,4.730421e-02,2.422353e-01,1.457220e-01,8.467573e-03,2.531841e-03,1.284050e-02,2.990211e-02,1.845328e-02,4.566900e-03,1.900551e-02
2.019994e-01,1.541297e-02,6.362124e-02,6.005131e-02,2.373908e-02,5.799995e-02,2.879385e-01,2.156624e-01,6.177932e-03,2.268733e-03,9.632941e-03,2.192266e-02,1.590841e-02,3.646244e-03,1.401828e-02
1.435592e-01,1.120308e-02,5.941362e-02,4.735186e-02,1.727347e-02,2.507114e-01,2.252162e-01,1.695156e-01,5.814487e-03,2.661677e-03,9.152079e-03,1.858223e-02,2.395333e-02,3.709828e-03,1.188198e-02
1.070021e-01,9.641309e-03,4.383579e-02,3.457597e-02,1.307634e-02,2.828389e-01,2.373320e-01,1.248378e-01,5.812587e-03,1.966691e-02,1.715854e-02,2.156214e-02,6.135710e-02,4.184385e-03,1.711812e-02
8.628541e-02,1.017666e-02,3.244059e-02,3.770777e-02,1.108291e-02,2.252887e-01,2.156358e-01,1.134280e-01,1.434328e-02,3.317195e-02,3.561661e-02,6.201452e-02,7.835943e-02,1.327853e-02,3.116988e-02
9.040876e-02,8.537536e-03,2.329900e-02,3.022935e-02,8.798257e-03,1.702195e-01,1.611855e-01,8.707832e-02,1.794012e-02,3.374195e-02,6.276540e-02,8.249663e-02,1.665427e-01,1.309641e-02,4.366060e-02
1.442496e-01,6.875667e-03,1.658820e-02,2.607586e-02,1.263687e-02,1.247858e-01,1.153690e-01,6.215146e-02,4.706401e-02,3.711003e-02,5.516832e-02,7.772391e-02,1.812622e-01,1.411268e-02,7.882648e-02
2.110034e-01,5.802396e-03,1.183934e-02,2.676504e-02,1.681866e-02,9.742850e-02,8.554403e-02,4.441310e-02,6.929031e-02,3.639360e-02,4.403553e-02,6.551626e-02,1.665841e-01,1.222640e-02,1.063394e-01
1.749854e-01,5.406843e-03,8.562575e-03,2.385667e-02,1.519914e-02,8.259616e-02,6.148332e-02,3.197066e-02,1.135266e-01,2.956382e-02,4.525895e-02,8.070336e-02,2.346668e-01,1.081295e-02,8.140675e-02
1.556141e-01,7.587194e-03,1.090227e-02,4.972542e-02,1.534216e-02,6.831904e-02,4.469705e-02,2.833559e-02,1.588482e-01,3.059322e-02,5.297250e-02,1.127379e-01,1.829681e-01,1.660071e-02,6.475656e-02
1.736458e-01,7.094376e-03,8.841857e-03,4.334396e-02,1.298301e-02,5.307009e-02,3.205638e-02,2.196102e-02,1.328191e-01,2.938309e-02,8.024073e-02,1.344374e-01,1.978540e-01,2.127523e-02,5.099390e-02
1.626705e-01,1.057392e-02,2.001593e-02,3.288484e-02,2.413322e-02,3.982061e-02,2.368338e-02,1.675809e-02,1.535657e-01,2.633609e-02,8.137844e-02,1.205756e-01,2.259378e-01,2.056982e-02,4.109613e-02
2.110010e-01,9.689965e-03,1.951531e-02,2.715193e-02,3.667068e-02,3.468670e-02,2.328742e-02,2.457244e-02,1.415468e-01,2.465844e-02,8.257829e-02,1.098422e-01,1.968088e-01,2.134289e-02,3.664722e-02
2.908392e-01,1.271743e-02,2.133495e-02,2.846998e-02,3.810867e-02,3.634613e-02,1.918859e-02,2.566058e-02,1.199784e-01,2.031037e-02,6.366102e-02,1.003799e-01,1.661371e-01,2.563796e-02,3.122979e-02
3.784228e-01,1.410568e-02,1.754091e-02,3.107665e-02,3.091702e-02,4.728775e-02,1.647802e-02,2.896414e-02,1.109030e-01,1.541450e-02,4.821069e-02,7.897962e-02,1.254510e-01,2.779825e-02,2.845005e-02
4.016655e-01,2.240765e-02,2.804694e-02,2.762581e-02,4.104291e-02,4.653228e-02,1.470840e-02,2.912000e-02,1.128572e-01,1.288912e-02,3.820617e-02,6.270596e-02,1.015009e-01,3.362455e-02,2.706658e-02
3.597984e-01,1.815293e-02,3.607726e-02,4.450696e-02,4.864407e-02,6.678063e-02,1.663590e-02,6.048117e-02,1.316036e-01,1.035437e-02,3.031581e-02,4.663417e-02,8.178774e-02,2.629383e-02,2.193313e-02
3.340126e-01,1.606356e-02,6.916447e-02,6.985983e-02,7.579611e-02,7.937539e-02,1.442687e-02,5.655762e-02,1.084646e-01,8.758368e-03,2.480550e-02,3.484368e-02,6.536456e-02,2.275257e-02,1.975426e-02
3.217940e-01,1.709939e-02,7.655090e-02,7.517418e-02,6.342945e-02,7.650061e-02,1.112275e-02,5.113899e-02,1.214618e-01,1.620686e-02,1.906653e-02,2.536298e-02,5.086701e-02,1.902102e-02,5.520358e-02
2.739967e-01,2.435102e-02,8.114249e-02,8.624663e-02,4.867126e-02,5.839402e-02,8.501184e-03,3.854916e-02,1.701080e-01,2.852811e-02,1.480526e-02,1.812538e-02,4.597045e-02,1.392939e-02,8.868091e-02
2.612492e-01,5.211890e-02,8.158130e-02,9.348904e-02,5.148634e-02,5.369849e-02,7.569748e-03,3.163965e-02,1.664676e-01,2.952243e-02,1.390613e-02,1.331965e-02,3.876730e-02,1.067602e-02,9.450822e-02
2.387412e-01,5.089474e-02,1.090095e-01,1.219924e-01,4.858097e-02,4.571548e-02,7.042425e-03,2.925368e-02,1.680093e-01,2.891713e-02,1.115994e-02,9.854566e-03,2.990893e-02,9.010474e-03,9.190924e-02
2.113619e-01,4.653186e-02,9.311540e-02,1.042889e-01,5.476402e-02,3.665749e-02,7.278145e-03,1.573136e-01,1.477442e-01,2.302101e-02,8.818049e-03,7.793930e-03,2.285069e-02,8.978141e-03,6.948258e-02
2.143185e-01,7.016361e-02,7.852740e-02,8.205664e-02,5.490078e-02,2.809786e-02,6.614844e-03,1.897088e-01,1.402313e-01,2.363081e-02,7.759919e-03,5.661122e-03,2.157085e-02,7.567670e-03,6.918980e-02
2.046503e-01,7.883395e-02,6.991030e-02,6.185034e-02,4.592232e-02,2.495659e-02,6.462939e-03,2.819919e-01,1.138386e-01,1.824306e-02,7.070205e-03,4.386052e-03,2.132661e-02,6.573362e-03,5.398342e-02
1.676998e-01,5.920313e-02,5.309912e-02,4.698270e-02,3.834664e-02,2.271789e-02,5.570095e-03,4.395258e-01,8.646826e-02,1.294819e-02,5.215282e-03,3.227952e-03,1.551910e-02,5.117884e-03,3.835819e-02
1.517642e-01,4.629095e-02,5.131022e-02,4.901029e-02,2.922060e-02,1.929290e-02,4.306766e-03,4.262956e-01,7.766768e-02,2.873856e-02,1.725679e-02,1.226847e-02,3.253206e-02,5.284018e-03,4.876092e-02
1.527043e-01,4.494717e-02,3.814855e-02,4.163816e-02,2.390735e-02,2.124418e-02,4.289854e-03,3.714957e-01,1.159013e-01,2.523408e-02,2.190536e-02,1.530369e-02,5.153932e-02,5.201675e-03,6.653932e-02
1.271204e-01,3.587247e-02,4.488708e-02,1.707195e-01,1.983227e-02,1.645756e-02,3.545131e-03,2.698978e-01,1.172811e-01,2.152874e-02,2.128934e-02,1.887987e-02,5.434772e-02,4.657635e-03,7.368331e-02
1.454799e-01,3.425226e-02,3.534931e-02,1.283560e-01,2.945627e-02,1.449278e-02,4.011253e-03,1.984676e-01,1.574058e-01,1.956069e-02,2.725103e-02,1.922877e-02,7.006151e-02,1.199619e-02,1.046307e-01
1.970897e-01,2.829206e-02,2.947726e-02,1.117370e-01,2.881233e-02,1.474700e-02,4.572938e-03,1.521794e-01,2.023549e-01,1.575357e-02,2.885783e-02,2.082771e-02,7.377906e-02,1.160138e-02,7.991778e-02
1.987776e-01,2.111985e-02,2.316349e-02,8.293328e-02,3.967888e-02,1.135102e-02,4.840012e-03,1.117211e-01,1.825918e-01,1.159073e-02,8.018741e-02,2.415529e-02,1.382840e-01,9.576611e-03,6.002892e-02
2.403121e-01,1.702263e-02,1.774310e-02,6.473672e-02,3.781193e-02,1.321824e-02,4.904335e-03,8.242421e-02,1.524799e-01,8.627431e-03,7.056510e-02,4.535868e-02,1.864274e-01,8.073537e-03,5.029471e-02
2.185337e-01,1.336521e-02,1.270309e-02,4.662146e-02,2.941829e-02,1.371767e-02,4.363731e-03,5.996808e-02,1.279728e-01,6.534478e-03,5.551789e-02,7.477627e-02,2.881384e-01,6.202264e-03,4.216673e-02
1.772842e-01,1.030031e-02,9.324968e-03,3.383188e-02,2.318127e-02,1.196021e-02,4.079651e-03,4.273366e-02,9.630799e-02,4.992180e-03,4.185425e-02,1.157742e-01,3.876175e-01,4.757657e-03,3.600014e-02
1.444331e-01,8.908516e-03,8.297171e-03,2.451816e-02,1.926593e-02,1.168255e-02,3.826855e-03,3.100784e-02,7.576357e-02,4.161077e-03,3.270125e-02,1.475452e-01,4.461900e-01,3.995773e-03,3.770302e-02
1.165683e-01,7.041775e-03,6.484718e-03,1.783184e-02,1.717905e-02,9.460837e-03,3.093099e-03,2.231313e-02,5.686977e-02,3.168364e-03,2.545175e-02,2.043449e-01,4.731500e-01,3.122112e-03,3.392031e-02
1.081639e-01,6.210444e-03,5.789966e-03,1.375045e-02,2.083832e-02,8.338598e-03,2.534349e-03,1.688085e-02,4.666011e-02,2.534253e-03,2.165471e-02,2.662432e-01,4.389464e-01,2.612375e-03,3.884207e-02
9.827387e-02,1.751792e-02,8.542676e-03,1.117770e-02,1.996210e-02,1.144068e-02,2.172040e-03,1.441603e-02,5.851927e-02,2.277537e-03,1.851119e-02,3.516391e-01,3.445582e-01,2.565109e-03,3.842654e-02
8.152315e-02,2.351642e-02,9.861088e-03,8.579941e-03,1.730800e-02,1.392709e-02,2.162121e-03,1.562712e-02,7.294358e-02,2.171549e-03,1.431232e-02,4.470550e-01,2.554904e-01,2.194912e-03,3.332738e-02
6.857297e-02,3.119984e-02,9.492972e-03,6.684872e-03,1.527515e-02,2.031873e-02,2.345665e-03,1.803984e-02,9.357138e-02,1.828598e-03,1.082434e-02,4.926997e-01,1.983272e-01,1.857651e-03,2.896101e-02
5.456503e-02,4.601073e-02,9.681747e-03,5.266814e-03,1.334804e-02,3.584950e-02,2.729822e-03,2.839063e-02,1.231351e-01,1.571474e-03,8.140245e-03,4.970824e-01,1.483248e-01,1.587162e-03,2.431654e-02
4.099652e-02,6.288987e-02,1.526042e-02,4.817449e-03,1.205107e-02,5.777772e-02,3.521614e-03,4.692121e-02,1.663617e-01,1.545871e-03,6.414344e-03,4.450628e-01,1.128237e-01,1.500961e-03,2.205467e-02
3.671786e-02,7.273254e-02,3.290178e-02,4.432332e-03,1.685068e-02,6.130103e-02,9.597370e-03,1.126552e-01,1.798129e-01,1.332246e-03,4.779165e-03,3.566443e-01,8.415968e-02,1.363218e-03,2.471963e-02
6.505448e-02,7.392453e-02,5.197826e-02,8.410778e-03,3.251075e-02,7.512721e-02,2.506310e-02,1.006765e-01,1.883687e-01,2.295526e-03,3.797022e-03,2.632651e-01,7.963052e-02,1.358897e-03,2.853866e-02
7.705709e-02,7.525024e-02,9.465817e-02,2.051079e-02,3.277498e-02,6.955678e-02,2.812801e-02,8.447842e-02,1.643924e-01,5.165904e-03,3.072919e-03,1.960242e-01,1.157699e-01,1.174655e-03,3.198563e-02
6.899825e-02,6.689202e-02,1.896036e-01,3.003686e-02,2.627329e-02,7.791739e-02,2.647122e-02,6.393762e-02,1.329992e-01,1.308233e-02,2.712332e-03,1.392297e-01,1.127706e-01,9.526553e-04,4.812299e-02
5.654088e-02,5.294262e-02,2.868735e-01,3.667049e-02,2.145549e-02,7.785130e-02,2.234618e-02,4.712924e-02,1.014970e-01,2.594059e-02,2.635367e-03,9.774592e-02,1.218962e-01,7.692866e-04,4.770593e-02
4.406539e-02,4.648454e-02,3.147722e-01,2.898854e-02,1.622546e-02,7.230246e-02,1.652564e-02,3.366501e-02,7.636769e-02,5.920099e-02,2.332559e-03,6.866507e-02,1.211688e-01,6.363522e-04,9.859930e-02
3.566046e-02,5.065881e-02,2.482220e-01,2.198928e-02,1.175031e-02,6.050433e-02,1.199304e-02,2.460035e-02,6.209227e-02,5.131651e-02,2.518663e-03,4.850595e-02,1.386064e-01,6.622621e-04,2.309193e-01
2.843939e-02,6.429395e-02,1.989957e-01,1.635140e-02,8.489648e-03,4.586161e-02,8.708380e-03,1.832516e-02,5.441751e-02,4.229942e-02,2.559594e-03,3.440835e-02,1.516616e-01,7.849227e-04,3.244033e-01
2.663694e-02,5.983492e-02,1.555941e-01,1.218886e-02,6.446999e-03,3.732833e-02,1.111382e-02,1.662851e-02,5.609414e-02,3.880107e-02,3.103132e-03,2.655513e-02,1.823869e-01,1.073825e-03,3.662134e-01
4.103023e-02,6.121790e-02,1.191351e-01,9.532774e-03,5.090328e-03,3.070135e-02,9.420251e-03,1.295680e-02,5.853482e-02,4.080448e-02,3.658738e-03,2.275468e-02,1.827318e-01,2.863091e-03,3.995677e-01
1.490004e-01,5.527413e-02,1.074666e-01,8.486947e-03,4.350998e-03,3.133242e-02,9.155169e-03,1.011505e-02,5.465893e-02,3.645346e-02,4.793503e-03,2.212796e-02,1.512523e-01,8.721445e-03,3.468106e-01
2.465566e-01,4.267292e-02,8.905210e-02,7.955849e-03,3.884575e-03,3.064272e-02,9.720566e-03,8.351710e-03,4.983456e-02,3.353801e-02,8.734213e-03,2.502005e-02,1.396637e-01,1.582692e-02,2.885455e-01
3.412974e-01,3.263240e-02,6.634112e-02,7.146323e-03,3.489295e-03,2.632141e-02,7.823728e-03,6.549815e-03,4.158102e-02,2.726591e-02,1.057182e-02,2.250618e-02,1.120698e-01,2.443750e-02,2.699662e-01
4.300423e-01,2.669484e-02,4.830533e-02,9.463841e-03,3.245584e-03,2.736154e-02,6.930849e-03,4.914279e-03,3.165837e-02,4.945976e-02,1.072915e-02,2.429832e-02,9.654283e-02,2.022977e-02,2.101233e-01
1.000000e+00,0.000000e+00,0.000000e+00,0.000000e+00,0.000000e+00,0.000000e+00,0.000000e+00,0.000000e+00,0.000000e+00,0.000000e+00,0.000000e+00,0.000000e+00,0.000000e+00,0.000000e+00,0.000000e+00
4.025874e-01,2.126732e-02,2.612504e-02,1.051610e-02,2.598436e-03,4.262041e-02,4.507054e-03,3.201034e-03,5.859668e-02,1.062667e-01,1.277127e-02,3.695633e-02,7.231046e-02,1.982379e-02,1.798520e-01
3.023914e-01,1.745650e-02,2.113719e-02,1.571789e-02,2.181852e-03,3.223480e-02,3.343788e-03,2.739609e-03,1.891958e-01,1.063346e-01,1.791212e-02,3.172611e-02,7.240815e-02,1.614239e-02,1.690779e-01
2.669326e-01,1.527264e-02,1.870009e-02,1.504052e-02,2.006432e-03,2.508390e-02,2.591927e-03,2.605420e-03,1.565205e-01,1.890794e-01,2.474458e-02,2.875448e-02,7.225528e-02,1.549001e-02,1.649223e-01
2.722898e-01,1.326828e-02,1.699935e-02,1.700553e-02,2.970200e-03,2.281385e-02,2.044261e-03,3.055733e-03,1.318526e-01,1.936903e-01,3.089336e-02,2.359002e-02,6.436571e-02,1.287834e-02,1.922828e-01
2.151695e-01,9.968057e-03,1.239692e-02,1.331317e-02,3.160262e-03,1.917538e-02,1.561997e-03,2.383752e-03,9.983670e-02,3.708005e-01,2.433098e-02,1.804177e-02,5.404593e-02,1.025719e-02,1.455580e-01
1.925960e-01,7.746613e-03,9.763088e-03,1.246031e-02,3.669297e-03,2.046422e-02,1.295166e-03,2.179342e-03,8.338541e-02,3.886834e-01,2.620894e-02,1.573576e-02,8.141223e-02,9.018381e-03,1.453819e-01
1.752317e-01,7.956628e-03,1.021112e-02,2.088780e-02,7.923046e-03,1.649787e-02,1.119085e-03,7.570914e-03,8.586161e-02,3.120393e-01,3.088148e-02,1.509080e-02,8.419289e-02,8.622373e-03,2.159133e-01
1.500301e-01,7.346336e-03,9.550317e-03,1.727087e-02,7.714757e-03,1.310807e-02,9.227201e-04,6.626331e-03,7.088907e-02,2.740204e-01,3.535902e-02,1.474686e-02,7.322961e-02,1.294088e-02,3.062447e-01
1.928872e-01,1.977962e-02,1.317460e-02,2.448931e-02,7.449892e-03,1.086747e-02,9.561568e-04,9.250332e-03,1.084247e-01,2.060329e-01,4.213551e-02,1.513559e-02,6.106745e-02,2.702064e-02,2.613286e-01
1.946687e-01,2.342905e-02,1.940209e-02,2.125083e-02,9.579875e-03,9.960500e-03,9.858339e-04,9.220365e-03,1.148307e-01,1.835464e-01,4.614709e-02,1.461836e-02,5.023516e-02,8.646092e-02,2.156641e-01
1.565782e-01,2.843858e-02,2.980521e-02,2.236879e-02,1.101439e-02,9.962424e-03,2.492913e-03,6.223719e-02,1.428448e-01,1.525595e-01,4.441803e-02,1.144005e-02,4.123851e-02,1.040482e-01,1.805533e-01
1.123381e-01,2.690023e-02,2.390874e-02,2.536810e-02,8.366983e-03,7.159949e-03,1.823247e-03,4.560975e-02,3.550820e-01,1.182340e-01,3.212054e-02,8.170749e-03,2.974522e-02,7.394659e-02,1.312258e-01
7.949971e-02,2.204395e-02,1.781142e-02,2.232988e-02,6.193391e-03,5.210003e-03,1.306116e-03,3.263322e-02,4.980139e-01,1.107247e-01,2.364174e-02,5.867592e-03,2.201756e-02,5.230116e-02,1.004058e-01
5.692049e-02,2.567604e-02,1.390076e-02,2.211235e-02,4.722726e-03,3.768877e-03,9.425054e-04,2.358708e-02,6.103413e-01,8.395961e-02,1.923005e-02,4.969088e-03,1.846807e-02,3.687473e-02,7.452635e-02
4.344901e-02,3.385360e-02,1.170806e-02,1.682190e-02,3.696205e-03,2.973388e-03,7.158750e-04,1.699028e-02,6.034715e-01,7.165926e-02,2.896676e-02,5.271981e-03,2.252486e-02,4.743085e-02,9.046645e-02
8.290491e-02,2.638167e-02,1.024958e-02,1.315484e-02,3.687247e-03,2.721303e-03,6.288441e-04,1.268883e-02,4.973205e-01,6.554146e-02,4.886494e-02,5.850845e-03,3.112850e-02,1.034579e-01,9.541862e-02
1.233845e-01,2.276806e-02,1.285663e-02,1.141175e-02,4.956421e-03,3.182380e-03,6.977338e-04,1.056707e-02,3.762206e-01,8.651336e-02,5.326367e-02,5.630323e-03,3.200921e-02,1.364864e-01,1.200519e-01
1.261263e-01,3.109439e-02,1.642232e-02,1.245479e-02,1.576981e-02,4.940581e-03,1.020985e-03,1.077635e-02,3.325925e-01,7.128661e-02,5.841862e-02,6.514896e-03,2.696777e-02,1.395911e-01,1.460230e-01
1.368160e-01,2.672508e-02,1.233411e-02,1.134886e-02,1.293055e-02,4.763946e-03,9.136638e-04,9.343449e-03,3.004944e-01,6.606976e-02,1.009089e-01,2.096184e-02,2.717453e-02,1.436249e-01,1.255900e-01
1.291377e-01,3.405728e-02,1.007772e-02,9.575428e-03,1.104725e-02,4.276756e-03,8.265167e-04,8.467724e-03,2.310616e-01,6.244536e-02,1.827120e-01,2.631200e-02,2.678971e-02,1.494000e-01,1.138129e-01
1.120879e-01,4.033660e-02,7.595655e-03,7.995942e-03,8.648843e-03,3.887763e-03,6.907835e-04,6.892957e-03,1.731068e-01,6.054735e-02,2.316012e-01,3.604776e-02,3.841923e-02,1.731623e-01,9.897891e-02
1.061881e-01,4.618663e-02,8.038012e-03,1.354353e-02,7.189954e-03,5.158733e-03,7.012497e-04,7.015114e-03,1.400176e-01,4.800979e-02,2.843797e-01,3.692497e-02,3.375653e-02,1.833481e-01,7.954197e-02
1.109146e-01,4.567217e-02,7.326926e-03,1.297416e-02,6.025463e-03,6.599531e-03,9.027701e-04,6.335667e-03,1.307536e-01,4.324122e-02,3.266864e-01,3.849550e-02,3.058558e-02,1.621117e-01,7.137470e-02
1.602567e-01,3.609145e-02,6.165412e-03,1.148664e-02,5.372227e-03,7.633367e-03,1.661872e-03,6.537936e-03,1.005377e-01,5.058164e-02,3.359281e-01,3.993730e-02,2.776635e-02,1.421814e-01,6.786217e-02
1.483420e-01,2.830489e-02,5.178498e-03,1.162092e-02,7.002154e-03,8.598641e-03,2.021708e-03,6.488548e-03,8.941216e-02,7.793872e-02,3.698925e-01,4.659203e-02,2.719469e-02,1.174331e-01,5.397949e-02
1.330944e-01,2.204270e-02,5.589296e-03,1.113837e-02,8.166406e-03,1.223439e-02,1.988950e-03,6.459186e-03,7.121790e-02,6.492404e-02,4.544688e-01,4.747993e-02,2.715057e-02,9.098051e-02,4.306460e-02
1.075028e-01,1.818947e-02,1.075576e-02,1.038309e-02,4.607613e-02,1.055889e-02,3.859612e-03,6.184848e-03,9.989477e-02,5.978233e-02,4.094483e-01,4.707537e-02,2.941344e-02,9.066309e-02,5.021221e-02
8.359309e-02,1.392658e-02,1.379189e-02,9.372975e-03,4.817487e-02,9.788131e-03,5.037983e-03,7.842326e-03,9.858818e-02,5.103061e-02,4.438329e-01,5.221678e-02,3.369525e-02,8.256814e-02,4.654041e-02
7.573275e-02,1.325167e-02,1.727569e-02,1.080077e-02,4.281255e-02,1.242939e-02,4.264367e-03,1.112970e-02,1.003229e-01,4.339431e-02,4.722129e-01,5.719182e-02,3.353684e-02,6.661630e-02,3.902817e-02
6.002314e-02,2.169945e-02,2.154384e-02,1.015585e-02,3.384352e-02,1.238267e-02,3.255166e-03,1.038554e-02,9.891936e-02,3.789793e-02,4.995141e-01,6.815778e-02,3.045613e-02,6.164343e-02,3.012213e-02
8.161350e-02,2.106934e-02,1.903249e-02,1.189628e-02,2.574215e-02,1.099607e-02,2.443122e-03,1.163022e-02,1.155772e-01,3.309582e-02,4.968910e-01,6.921086e-02,2.739540e-02,5.077675e-02,2.262986e-02
6.783411e-02,2.969781e-02,3.692899e-02,1.241443e-02,2.251987e-02,8.302573e-03,1.836740e-03,2.817878e-02,1.572259e-01,2.953380e-02,4.554256e-01,6.078378e-02,2.947188e-02,4.359035e-02,1.625543e-02
6.616586e-02,4.146661e-02,4.831380e-02,1.314681e-02,2.264449e-02,6.840271e-03,1.441517e-03,3.201685e-02,2.253238e-01,2.554538e-02,3.817741e-01,5.957970e-02,2.595230e-02,3.786764e-02,1.192085e-02
6.354098e-02,9.251858e-02,5.958637e-02,1.158265e-02,2.228763e-02,7.053339e-03,1.226391e-03,3.039673e-02,2.962425e-01,2.114258e-02,2.874948e-01,4.520275e-02,1.997477e-02,3.206876e-02,9.681131e-03
5.633302e-02,1.163966e-01,1.231252e-01,2.611013e-02,1.892425e-02,6.111808e-03,1.701975e-03,4.830500e-02,2.908327e-01,1.596376e-02,2.138545e-01,3.342994e-02,1.606866e-02,2.489484e-02,7.947681e-03
5.640465e-02,1.084356e-01,2.129190e-01,3.972836e-02,2.276825e-02,5.481214e-03,1.297779e-03,3.947701e-02,2.814250e-01,1.704748e-02,1.522735e-01,2.384642e-02,1.214986e-02,1.831288e-02,8.432960e-03
5.283590e-02,1.468055e-01,1.688919e-01,3.332424e-02,4.269504e-02,7.635192e-03,1.221564e-03,3.756259e-02,3.382568e-01,1.397734e-02,1.105505e-01,1.711014e-02,8.966463e-03,1.353986e-02,6.626960e-03
5.530223e-02,1.267615e-01,1.297673e-01,2.670626e-02,9.625260e-02,1.813748e-02,1.537484e-03,3.683541e-02,3.796003e-01,1.260463e-02,8.233976e-02,1.213268e-02,6.495478e-03,1.025646e-02,5.270449e-03
7.594629e-02,1.674450e-01,9.609527e-02,2.303755e-02,8.325955e-02,2.404778e-02,1.237545e-03,2.669952e-02,3.752240e-01,2.339092e-02,7.355742e-02,9.357011e-03,5.000176e-03,1.029272e-02,5.409295e-03
7.731504e-02,1.815435e-01,6.987576e-02,1.849213e-02,9.187172e-02,2.523657e-02,9.524237e-04,1.917526e-02,4.017538e-01,2.382033e-02,6.517718e-02,7.039330e-03,3.843960e-03,9.475628e-03,4.427345e-03
8.107273e-02,1.854373e-01,5.645529e-02,1.900225e-02,1.249495e-01,2.203127e-02,8.794744e-04,1.529129e-02,4.057524e-01,1.890279e-02,5.042711e-02,5.421746e-03,2.971862e-03,7.289839e-03,4.115083e-03
1.084194e-01,2.217935e-01,7.759940e-02,3.499693e-02,1.439052e-01,1.640969e-02,1.487388e-03,1.399987e-02,3.105446e-01,1.488028e-02,3.676224e-02,5.190894e-03,3.158585e-03,5.299806e-03,5.552173e-03
1.422139e-01,2.401691e-01,7.016563e-02,3.007096e-02,1.690275e-01,1.403124e-02,1.406318e-03,1.096529e-02,2.669262e-01,1.095687e-02,2.673589e-02,5.262536e-03,2.867422e-03,3.880877e-03,5.320239e-03
1.703798e-01,2.230201e-01,6.070748e-02,1.125347e-01,1.479873e-01,1.104814e-02,1.421632e-03,1.142665e-02,2.121658e-01,8.167248e-03,2.043017e-02,8.345559e-03,3.606332e-03,2.991408e-03,5.767717e-03
1.971515e-01,2.589594e-01,5.259121e-02,1.001651e-01,1.350447e-01,1.134548e-02,1.248637e-03,9.885928e-03,1.886694e-01,6.540798e-03,1.661795e-02,8.586424e-03,3.449991e-03,2.224077e-03,7.519319e-03
1.763127e-01,1.963941e-01,4.024018e-02,2.631420e-01,1.196609e-01,9.192524e-03,1.398726e-03,9.296352e-03,1.474209e-01,4.768721e-03,1.316816e-02,8.265473e-03,3.147197e-03,1.683790e-03,5.908215e-03
3.227322e-01,1.520291e-01,3.014096e-02,2.158663e-01,9.859557e-02,8.014937e-03,1.253508e-03,7.534028e-03,1.264380e-01,3.607100e-03,1.105887e-02,1.089548e-02,4.398976e-03,1.513954e-03,5.921003e-03
4.407650e-01,1.106164e-01,2.353774e-02,1.815771e-01,8.070856e-02,7.561687e-03,1.318045e-03,6.295019e-03,1.021186e-01,2.869881e-03,1.106987e-02,1.773717e-02,5.979656e-03,1.697128e-03,6.148147e-03
1.000000e+00,0.000000e+00,0.000000e+00,0.000000e+00,0.000000e+00,0.000000e+00,0.000000e+00,0.000000e+00,0.000000e+00,0.000000e+00,0.000000e+00,0.000000e+00,0.000000e+00,0.000000e+00,0.000000e+00
1.000000e+00,0.000000e+00,0.000000e+00,0.000000e+00,0.000000e+00,0.000000e+00,0.000000e+00,0.000000e+00,0.000000e+00,0.000000e+00,0.000000e+00,0.000000e+00,0.000000e+00,0.000000e+00,0.000000e+00
1.000000e+00,0.000000e+00,0.000000e+00,0.000000e+00,0.000000e+00,0.000000e+00,0.000000e+00,0.000000e+00,0.000000e+00,0.000000e+00,0.000000e+00,0.000000e+00,0.000000e+00,0.000000e+00,0.000000e+00
4.450079e-01,3.630099e-02,9.436719e-02,1.294001e-01,2.705426e-02,4.630429e-02,4.998338e-02,9.606559e-02,2.619606e-02,1.270948e-03,8.524869e-03,2.256177e-02,9.585348e-03,2.088922e-03,5.288404e-03
4.421752e-01,2.956114e-02,8.095247e-02,9.991650e-02,2.052675e-02,7.859530e-02,7.361802e-02,1.123190e-01,1.873779e-02,1.021989e-03,7.399448e-03,1.748682e-02,1.079804e-02,1.705900e-03,5.185516e-03
3.591597e-01,2.369454e-02,6.058974e-02,7.623456e-02,1.526877e-02,1.208578e-01,6.270570e-02,2.351417e-01,1.354584e-02,7.894359e-04,5.893115e-03,1.244332e-02,8.512302e-03,1.236439e-03,3.927026e-03
2.947036e-01,1.798883e-02,4.397453e-02,5.501351e-02,1.118525e-02,1.511163e-01,5.426417e-02,3.366625e-01,9.930390e-03,6.014304e-04,4.799264e-03,8.878766e-03,6.846282e-03,9.554609e-04,3.079807e-03
2.620286e-01,1.416364e-02,3.472221e-02,4.616104e-02,9.512520e-03,1.181092e-01,4.505676e-02,4.411695e-01,8.500296e-03,8.237091e-04,3.883631e-03,6.927291e-03,5.349762e-03,9.106963e-04,2.681160e-03
2.187684e-01,1.173053e-02,2.614376e-02,3.530027e-02,1.130557e-02,9.025130e-02,3.679743e-02,5.424855e-01,7.344913e-03,9.485891e-04,4.462053e-03,6.207752e-03,5.077587e-03,8.267941e-04,2.349617e-03
1.678964e-01,9.675647e-03,1.939109e-02,2.671725e-02,1.149234e-02,6.550920e-02,2.670958e-02,6.453468e-01,7.450469e-03,1.176112e-03,5.058642e-03,5.362090e-03,5.391732e-03,7.290608e-04,2.093680e-03
1.253651e-01,4.384581e-02,1.514707e-02,2.440297e-02,1.432446e-02,4.784290e-02,1.982137e-02,4.990049e-01,1.302428e-01,1.487625e-02,1.961245e-02,8.954726e-03,1.979775e-02,2.314659e-03,1.444682e-02
8.856566e-02,5.288459e-02,1.106963e-02,3.606538e-02,1.025902e-02,3.358729e-02,1.394695e-02,3.514789e-01,3.046143e-01,2.397887e-02,1.671455e-02,8.789396e-03,1.855041e-02,1.922487e-03,2.757256e-02
6.671234e-02,4.976215e-02,9.952863e-03,4.509468e-02,9.203428e-03,2.408661e-02,1.023246e-02,2.495758e-01,3.429446e-01,2.387434e-02,4.137974e-02,1.592023e-02,7.447099e-02,2.494577e-03,3.429515e-02
4.980146e-02,4.666712e-02,8.261245e-03,5.137143e-02,7.259402e-03,1.729453e-02,7.265213e-03,1.760357e-01,4.229754e-01,2.049427e-02,3.947286e-02,1.452249e-02,1.022835e-01,2.339472e-03,3.395586e-02
4.311828e-02,3.967532e-02,7.116748e-03,4.200516e-02,1.511012e-02,1.362557e-02,5.653904e-03,1.258609e-01,4.575846e-01,1.599749e-02,4.893043e-02,1.325833e-02,1.191728e-01,3.476986e-03,4.941339e-02
3.779666e-02,3.674649e-02,1.907637e-02,1.469789e-01,1.762042e-02,1.054483e-02,4.157791e-03,8.965054e-02,4.198797e-01,1.480144e-02,3.714768e-02,1.024939e-02,8.674277e-02,4.195405e-03,6.441155e-02
5.795991e-02,3.156295e-02,3.323383e-02,2.336018e-01,1.878515e-02,9.038925e-03,3.085972e-03,6.516451e-02,3.299430e-01,1.318998e-02,3.881556e-02,1.031659e-02,7.814561e-02,7.368652e-03,6.978752e-02
1.157192e-01,4.259818e-02,2.983427e-02,1.729526e-01,1.677982e-02,8.127550e-03,2.341952e-03,4.676478e-02,2.772829e-01,1.259908e-02,4.420312e-02,1.252402e-02,6.992972e-02,1.896604e-02,1.293768e-01
1.614877e-01,5.116549e-02,2.204516e-02,1.255166e-01,2.163327e-02,9.143702e-03,2.199561e-03,3.554054e-02,3.112951e-01,1.033980e-02,3.875634e-02,1.296558e-02,6.270955e-02,1.721587e-02,1.179857e-01
1.761607e-01,6.176457e-02,1.889933e-02,9.364640e-02,2.462387e-02,1.362252e-02,3.230294e-03,3.623842e-02,2.907763e-01,9.730883e-03,3.595894e-02,1.478143e-02,6.557275e-02,1.813447e-02,1.368591e-01
2.301306e-01,7.843059e-02,1.667821e-02,8.548424e-02,1.893587e-02,1.717904e-02,2.665981e-03,2.694044e-02,2.322204e-01,8.591525e-03,3.340337e-02,2.286747e-02,5.405272e-02,1.835129e-02,1.540682e-01
2.815585e-01,6.937354e-02,1.283601e-02,7.364718e-02,1.483964e-02,2.245815e-02,2.402371e-03,2.020266e-02,2.052753e-01,7.444250e-03,4.965843e-02,3.055996e-02,7.331938e-02,1.562342e-02,1.208013e-01
3.329875e-01,5.313664e-02,9.682370e-03,5.761290e-02,1.095791e-02,2.304406e-02,1.963191e-03,1.554064e-02,1.693150e-01,6.728014e-03,5.551764e-02,6.899385e-02,9.114017e-02,1.475462e-02,8.862563e-02
2.770981e-01,4.251514e-02,7.698451e-03,4.145611e-02,9.531925e-03,1.812777e-02,1.578828e-03,1.389163e-02,1.820556e-01,6.023106e-03,1.044672e-01,1.020986e-01,1.142024e-01,1.377701e-02,6.547818e-02
2.056868e-01,4.232636e-02,1.007200e-02,3.042025e-02,9.031404e-03,1.403934e-02,1.317488e-03,2.032629e-02,2.439407e-01,6.665814e-03,1.364241e-01,1.008305e-01,1.171076e-01,1.288114e-02,4.893033e-02
1.518616e-01,3.363109e-02,1.282274e-01,2.589534e-02,1.233281e-02,1.105287e-02,1.309535e-03,1.275866e-01,1.868216e-01,5.025137e-03,1.066903e-01,7.706358e-02,8.787071e-02,1.004891e-02,3.458247e-02
1.334793e-01,4.740467e-02,1.299552e-01,2.526739e-02,1.551241e-02,1.506495e-02,1.493233e-03,1.257327e-01,2.042879e-01,7.369492e-03,1.120737e-01,7.733168e-02,7.003682e-02,9.298403e-03,2.569214e-02
1.077382e-01,4.419670e-02,2.048418e-01,5.434969e-02,4.270338e-02,1.399473e-02,1.639636e-03,1.307261e-01,1.647628e-01,7.349237e-03,9.130372e-02,5.811002e-02,5.092839e-02,7.375174e-03,1.998043e-02
9.775974e-02,6.223497e-02,2.021354e-01,6.542651e-02,3.935117e-02,1.172100e-02,1.389948e-03,1.185198e-01,1.812701e-01,9.591348e-03,9.627356e-02,4.449356e-02,3.774636e-02,1.084064e-02,2.124584e-02
8.063074e-02,5.095036e-02,2.511903e-01,1.535056e-01,3.117760e-02,9.338817e-03,1.189917e-03,1.036471e-01,1.486940e-01,8.168747e-03,7.567173e-02,3.320317e-02,2.762704e-02,8.309482e-03,1.669545e-02
8.577903e-02,4.414371e-02,2.968946e-01,1.933934e-01,2.508748e-02,7.410940e-03,9.715031e-04,8.351772e-02,1.252872e-01,7.094909e-03,6.756243e-02,2.361627e-02,1.966319e-02,6.816695e-03,1.276092e-02
9.946200e-02,4.019137e-02,3.320532e-01,1.849892e-01,2.568544e-02,6.376503e-03,1.003059e-03,6.891201e-02,1.180887e-01,6.647589e-03,6.845392e-02,1.701602e-02,1.420279e-02,6.338936e-03,1.057918e-02
1.143619e-01,4.463448e-02,3.436867e-01,1.664739e-01,2.761689e-02,5.729911e-03,9.248979e-04,7.244821e-02,1.027728e-01,8.022658e-03,6.367572e-02,1.229851e-02,1.030637e-02,1.760219e-02,9.444812e-03
1.179448e-01,4.249015e-02,3.705104e-01,1.431648e-01,2.570414e-02,7.783430e-03,9.546301e-04,8.459055e-02,7.956526e-02,2.097004e-02,5.747094e-02,9.517408e-03,7.821243e-03,2.303766e-02,8.474539e-03
1.080620e-01,4.004814e-02,3.647876e-01,1.178814e-01,2.384423e-02,7.025076e-03,1.058585e-03,1.632933e-01,6.770372e-02,1.985397e-02,4.553741e-02,7.179965e-03,5.792888e-03,2.126072e-02,6.670972e-03
1.253546e-01,3.822342e-02,3.169152e-01,1.259167e-01,2.431806e-02,6.654071e-03,1.686638e-03,2.005782e-01,5.555929e-02,3.787946e-02,3.453061e-02,5.711164e-03,4.443111e-03,1.655142e-02,5.678040e-03
1.488116e-01,3.233946e-02,2.621602e-01,1.173628e-01,2.177035e-02,6.630267e-03,2.796569e-03,2.739941e-01,4.314383e-02,3.958182e-02,2.508918e-02,5.278134e-03,3.685922e-03,1.242001e-02,4.935715e-03
