1.000000e+00,0.000000e+00,0.000000e+00,0.000000e+00,0.000000e+00,0.000000e+00,0.000000e+00,0.000000e+00,0.000000e+00,0.000000e+00,0.000000e+00,0.000000e+00,0.000000e+00,0.000000e+00,0.000000e+00
1.000000e+00,0.000000e+00,0.000000e+00,0.000000e+00,0.000000e+00,0.000000e+00,0.000000e+00,0.000000e+00,0.000000e+00,0.000000e+00,0.000000e+00,0.000000e+00,0.000000e+00,0.000000e+00,0.000000e+00
1.000000e+00,0.000000e+00,0.000000e+00,0.000000e+00,0.000000e+00,0.000000e+00,0.000000e+00,0.000000e+00,0.000000e+00,0.000000e+00,0.000000e+00,0.000000e+00,0.000000e+00,0.000000e+00,0.000000e+00
1.000000e+00,0.000000e+00,0.000000e+00,0.000000e+00,0.000000e+00,0.000000e+00,0.000000e+00,0.000000e+00,0.000000e+00,0.000000e+00,0.000000e+00,0.000000e+00,0.000000e+00,0.000000e+00,0.000000e+00
1.000000e+00,0.000000e+00,0.000000e+00,0.000000e+00,0.000000e+00,0.000000e+00,0.000000e+00,0.000000e+00,0.000000e+00,0.000000e+00,0.000000e+00,0.000000e+00,0.000000e+00,0.000000e+00,0.000000e+00
1.000000e+00,0.000000e+00,0.000000e+00,0.000000e+00,0.000000e+00,0.000000e+00,0.000000e+00,0.000000e+00,0.000000e+00,0.000000e+00,0.000000e+00,0.000000e+00,0.000000e+00,0.000000e+00,0.000000e+00
1.000000e+00,0.000000e+00,0.000000e+00,0.000000e+00,0.000000e+00,0.000000e+00,0.000000e+00,0.000000e+00,0.000000e+00,0.000000e+00,0.000000e+00,0.000000e+00,0.000000e+00,0.000000e+00,0.000000e+00
1.000000e+00,0.000000e+00,0.000000e+00,0.000000e+00,0.000000e+00,0.000000e+00,0.000000e+00,0.000000e+00,0.000000e+00,0.000000e+00,0.000000e+00,0.000000e+00,0.000000e+00,0.000000e+00,0.000000e+00
1.000000e+00,0.000000e+00,0.000000e+00,0.000000e+00,0.000000e+00,0.000000e+00,0.000000e+00,0.000000e+00,0.000000e+00,0.000000e+00,0.000000e+00,0.000000e+00,0.000000e+00,0.000000e+00,0.000000e+00
1.000000e+00,0.000000e+00,0.000000e+00,0.000000e+00,0.000000e+00,0.000000e+00,0.000000e+00,0.000000e+00,0.000000e+00,0.000000e+00,0.000000e+00,0.000000e+00,0.000000e+00,0.000000e+00,0.000000e+00
1.000000e+00,0.000000e+00,0.000000e+00,0.000000e+00,0.000000e+00,0.000000e+00,0.000000e+00,0.000000e+00,0.000000e+00,0.000000e+00,0.000000e+00,0.000000e+00,0.000000e+00,0.000000e+00,0.000000e+00
1.000000e+00,0.000000e+00,0.000000e+00,0.000000e+00,0.000000e+00,0.000000e+00,0.000000e+00,0.000000e+00,0.000000e+00,0.000000e+00,0.000000e+00,0.000000e+00,0.000000e+00,0.000000e+00,0.000000e+00
1.000000e+00,0.000000e+00,0.000000e+00,0.000000e+00,0.000000e+00,0.000000e+00,0.000000e+00,0.000000e+00,0.000000e+00,0.000000e+00,0.000000e+00,0.000000e+00,0.000000e+00,0.000000e+00,0.000000e+00
1.000000e+00,0.000000e+00,0.000000e+00,0.000000e+00,0.000000e+00,0.000000e+00,0.000000e+00,0.000000e+00,0.000000e+00,0.000000e+00,0.000000e+00,0.000000e+00,0.000000e+00,0.000000e+00,0.000000e+00
1.000000e+00,0.000000e+00,0.000000e+00,0.000000e+00,0.000000e+00,0.000000e+00,0.000000e+00,0.000000e+00,0.000000e+00,0.000000e+00,0.000000e+00,0.000000e+00,0.000000e+00,0.000000e+00,0.000000e+00
1.000000e+00,0.000000e+00,0.000000e+00,0.000000e+00,0.000000e+00,0.000000e+00,0.000000e+00,0.000000e+00,0.000000e+00,0.000000e+00,0.000000e+00,0.000000e+00,0.000000e+00,0.000000e+00,0.000000e+00
1.000000e+00,0.000000e+00,0.000000e+00,0.000000e+00,0.000000e+00,0.000000e+00,0.000000e+00,0.000000e+00,0.000000e+00,0.000000e+00,0.000000e+00,0.000000e+00,0.000000e+00,0.000000e+00,0.000000e+00
1.000000e+00,0.000000e+00,0.000000e+00,0.000000e+00,0.000000e+00,0.000000e+00,0.000000e+00,0.000000e+00,0.000000e+00,0.000000e+00,0.000000e+00,0.000000e+00,0.000000e+00,0.000000e+00,0.000000e+00
1.000000e+00,0.000000e+00,0.000000e+00,0.000000e+00,0.000000e+00,0.000000e+00,0.000000e+00,0.000000e+00,0.000000e+00,0.000000e+00,0.000000e+00,0.000000e+00,0.000000e+00,0.000000e+00,0.000000e+00
1.000000e+00,0.000000e+00,0.000000e+00,0.000000e+00,0.000000e+00,0.000000e+00,0.000000e+00,0.000000e+00,0.000000e+00,0.000000e+00,0.000000e+00,0.000000e+00,0.000000e+00,0.000000e+00,0.000000e+00
1.000000e+00,0.000000e+00,0.000000e+00,0.000000e+00,0.000000e+00,0.000000e+00,0.000000e+00,0.000000e+00,0.000000e+00,0.000000e+00,0.000000e+00,0.000000e+00,0.000000e+00,0.000000e+00,0.000000e+00
1.000000e+00,0.000000e+00,0.000000e+00,0.000000e+00,0.000000e+00,0.000000e+00,0.000000e+00,0.000000e+00,0.000000e+00,0.000000e+00,0.000000e+00,0.000000e+00,0.000000e+00,0.000000e+00,0.000000e+00
1.000000e+00,0.000000e+00,0.000000e+00,0.000000e+00,0.000000e+00,0.000000e+00,0.000000e+00,0.000000e+00,0.000000e+00,0.000000e+00,0.000000e+00,0.000000e+00,0.000000e+00,0.000000e+00,0.000000e+00
1.000000e+00,0.000000e+00,0.000000e+00,0.000000e+00,0.000000e+00,0.000000e+00,0.000000e+00,0.000000e+00,0.000000e+00,0.000000e+00,0.000000e+00,0.000000e+00,0.000000e+00,0.000000e+00,0.000000e+00
1.000000e+00,0.000000e+00,0.000000e+00,0.000000e+00,0.000000e+00,0.000000e+00,0.000000e+00,0.000000e+00,0.000000e+00,0.000000e+00,0.000000e+00,0.000000e+00,0.000000e+00,0.000000e+00,0.000000e+00
1.000000e+00,0.000000e+00,0.000000e+00,0.000000e+00,0.000000e+00,0.000000e+00,0.000000e+00,0.000000e+00,0.000000e+00,0.000000e+00,0.000000e+00,0.000000e+00,0.000000e+00,0.000000e+00,0.000000e+00
1.000000e+00,0.000000e+00,0.000000e+00,0.000000e+00,0.000000e+00,0.000000e+00,0.000000e+00,0.000000e+00,0.000000e+00,0.000000e+00,0.000000e+00,0.000000e+00,0.000000e+00,0.000000e+00,0.000000e+00
1.000000e+00,0.000000e+00,0.000000e+00,0.000000e+00,0.000000e+00,0.000000e+00,0.000000e+00,0.000000e+00,0.000000e+00,0.000000e+00,0.000000e+00,0.000000e+00,0.000000e+00,0.000000e+00,0.000000e+00
1.000000e+00,0.000000e+00,0.000000e+00,0.000000e+00,0.000000e+00,0.000000e+00,0.000000e+00,0.000000e+00,0.000000e+00,0.000000e+00,0.000000e+00,0.000000e+00,0.000000e+00,0.000000e+00,0.000000e+00
1.000000e+00,0.000000e+00,0.000000e+00,0.000000e+00,0.000000e+00,0.000000e+00,0.000000e+00,0.000000e+00,0.000000e+00,0.000000e+00,0.000000e+00,0.000000e+00,0.000000e+00,0.000000e+00,0.000000e+00
1.000000e+00,0.000000e+00,0.000000e+00,0.000000e+00,0.000000e+00,0.000000e+00,0.000000e+00,0.000000e+00,0.000000e+00,0.000000e+00,0.000000e+00,0.000000e+00,0.000000e+00,0.000000e+00,0.000000e+00
1.000000e+00,0.000000e+00,0.000000e+00,0.000000e+00,0.000000e+00,0.000000e+00,0.000000e+00,0.000000e+00,0.000000e+00,0.000000e+00,0.000000e+00,0.000000e+00,0.000000e+00,0.000000e+00,0.000000e+00
1.000000e+00,0.000000e+00,0.000000e+00,0.000000e+00,0.000000e+00,0.000000e+00,0.000000e+00,0.000000e+00,0.000000e+00,0.000000e+00,0.000000e+00,0.000000e+00,0.000000e+00,0.000000e+00,0.000000e+00
1.000000e+00,0.000000e+00,0.000000e+00,0.000000e+00,0.000000e+00,0.000000e+00,0.000000e+00,0.000000e+00,0.000000e+00,0.000000e+00,0.000000e+00,0.000000e+00,0.000000e+00,0.000000e+00,0.000000e+00
1.000000e+00,0.000000e+00,0.000000e+00,0.000000e+00,0.000000e+00,0.000000e+00,0.000000e+00,0.000000e+00,0.000000e+00,0.000000e+00,0.000000e+00,0.000000e+00,0.000000e+00,0.000000e+00,0.000000e+00
1.000000e+00,0.000000e+00,0.000000e+00,0.000000e+00,0.000000e+00,0.000000e+00,0.000000e+00,0.000000e+00,0.000000e+00,0.000000e+00,0.000000e+00,0.000000e+00,0.000000e+00,0.000000e+00,0.000000e+00
1.000000e+00,0.000000e+00,0.000000e+00,0.000000e+00,0.000000e+00,0.000000e+00,0.000000e+00,0.000000e+00,0.000000e+00,0.000000e+00,0.000000e+00,0.000000e+00,0.000000e+00,0.000000e+00,0.000000e+00
1.000000e+00,0.000000e+00,0.000000e+00,0.000000e+00,0.000000e+00,0.000000e+00,0.000000e+00,0.000000e+00,0.000000e+00,0.000000e+00,0.000000e+00,0.000000e+00,0.000000e+00,0.000000e+00,0.000000e+00
1.000000e+00,0.000000e+00,0.000000e+00,0.000000e+00,0.000000e+00,0.000000e+00,0.000000e+00,0.000000e+00,0.000000e+00,0.000000e+00,0.000000e+00,0.000000e+00,0.000000e+00,0.000000e+00,0.000000e+00
1.000000e+00,0.000000e+00,0.000000e+00,0.000000e+00,0.000000e+00,0.000000e+00,0.000000e+00,0.000000e+00,0.000000e+00,0.000000e+00,0.000000e+00,0.000000e+00,0.000000e+00,0.000000e+00,0.000000e+00
1.000000e+00,0.000000e+00,0.000000e+00,0.000000e+00,0.000000e+00,0.000000e+00,0.000000e+00,0.000000e+00,0.000000e+00,0.000000e+00,0.000000e+00,0.000000e+00,0.000000e+00,0.000000e+00,0.000000e+00
1.000000e+00,0.000000e+00,0.000000e+00,0.000000e+00,0.000000e+00,0.000000e+00,0.000000e+00,0.000000e+00,0.000000e+00,0.000000e+00,0.000000e+00,0.000000e+00,0.000000e+00,0.000000e+00,0.000000e+00
1.000000e+00,0.000000e+00,0.000000e+00,0.000000e+00,0.000000e+00,0.000000e+00,0.000000e+00,0.000000e+00,0.000000e+00,0.000000e+00,0.000000e+00,0.000000e+00,0.000000e+00,0.000000e+00,0.000000e+00
1.000000e+00,0.000000e+00,0.000000e+00,0.000000e+00,0.000000e+00,0.000000e+00,0.000000e+00,0.000000e+00,0.000000e+00,0.000000e+00,0.000000e+00,0.000000e+00,0.000000e+00,0.000000e+00,0.000000e+00
1.000000e+00,0.000000e+00,0.000000e+00,0.000000e+00,0.000000e+00,0.000000e+00,0.000000e+00,0.000000e+00,0.000000e+00,0.000000e+00,0.000000e+00,0.000000e+00,0.000000e+00,0.000000e+00,0.000000e+00
1.000000e+00,0.000000e+00,0.000000e+00,0.000000e+00,0.000000e+00,0.000000e+00,0.000000e+00,0.000000e+00,0.000000e+00,0.000000e+00,0.000000e+00,0.000000e+00,0.000000e+00,0.000000e+00,0.000000e+00
1.000000e+00,0.000000e+00,0.000000e+00,0.000000e+00,0.000000e+00,0.000000e+00,0.000000e+00,0.000000e+00,0.000000e+00,0.000000e+00,0.000000e+00,0.000000e+00,0.000000e+00,0.000000e+00,0.000000e+00
1.000000e+00,0.000000e+00,0.000000e+00,0.000000e+00,0.000000e+00,0.000000e+00,0.000000e+00,0.000000e+00,0.000000e+00,0.000000e+00,0.000000e+00,0.000000e+00,0.000000e+00,0.000000e+00,0.000000e+00
1.000000e+00,0.000000e+00,0.000000e+00,0.000000e+00,0.000000e+00,0.000000e+00,0.000000e+00,0.000000e+00,0.000000e+00,0.000000e+00,0.000000e+00,0.000000e+00,0.000000e+00,0.000000e+00,0.000000e+00
1.000000e+00,0.000000e+00,0.000000e+00,0.000000e+00,0.000000e+00,0.000000e+00,0.000000e+00,0.000000e+00,0.000000e+00,0.000000e+00,0.000000e+00,0.000000e+00,0.000000e+00,0.000000e+00,0.000000e+00
1.000000e+00,0.000000e+00,0.000000e+00,0.000000e+00,0.000000e+00,0.000000e+00,0.000000e+00,0.000000e+00,0.000000e+00,0.000000e+00,0.000000e+00,0.000000e+00,0.000000e+00,0.000000e+00,0.000000e+00
1.000000e+00,0.000000e+00,0.000000e+00,0.000000e+00,0.000000e+00,0.000000e+00,0.000000e+00,0.000000e+00,0.000000e+00,0.000000e+00,0.000000e+00,0.000000e+00,0.000000e+00,0.000000e+00,0.000000e+00
1.000000e+00,0.000000e+00,0.000000e+00,0.000000e+00,0.000000e+00,0.000000e+00,0.000000e+00,0.000000e+00,0.000000e+00,0.000000e+00,0.000000e+00,0.000000e+00,0.000000e+00,0.000000e+00,0.000000e+00
1.000000e+00,0.000000e+00,0.000000e+00,0.000000e+00,0.000000e+00,0.000000e+00,0.000000e+00,0.000000e+00,0.000000e+00,0.000000e+00,0.000000e+00,0.000000e+00,0.000000e+00,0.000000e+00,0.000000e+00
1.000000e+00,0.000000e+00,0.000000e+00,0.000000e+00,0.000000e+00,0.000000e+00,0.000000e+00,0.000000e+00,0.000000e+00,0.000000e+00,0.000000e+00,0.000000e+00,0.000000e+00,0.000000e+00,0.000000e+00
1.000000e+00,0.000000e+00,0.000000e+00,0.000000e+00,0.000000e+00,0.000000e+00,0.000000e+00,0.000000e+00,0.000000e+00,0.000000e+00,0.000000e+00,0.000000e+00,0.000000e+00,0.000000e+00,0.000000e+00
1.000000e+00,0.000000e+00,0.000000e+00,0.000000e+00,0.000000e+00,0.000000e+00,0.000000e+00,0.000000e+00,0.000000e+00,0.000000e+00,0.000000e+00,0.000000e+00,0.000000e+00,0.000000e+00,0.000000e+00
1.000000e+00,0.000000e+00,0.000000e+00,0.000000e+00,0.000000e+00,0.000000e+00,0.000000e+00,0.000000e+00,0.000000e+00,0.000000e+00,0.000000e+00,0.000000e+00,0.000000e+00,0.000000e+00,0.000000e+00
4.299774e-01,1.505204e-02,1.413961e-02,3.634726e-02,5.457068e-03,4.382813e-02,5.642638e-03,8.358021e-03,3.599127e-02,1.360073e-03,6.271329e-03,2.647804e-02,3.370113e-01,2.709658e-03,3.137616e-02
3.259897e-01,2.012281e-02,1.007876e-02,2.907303e-02,4.118041e-03,4.239025e-02,4.420022e-03,6.177136e-03,7.463165e-02,1.660129e-03,4.845194e-03,1.975517e-02,4.129995e-01,2.240699e-03,4.149789e-02
2.284032e-01,3.050774e-02,1.825270e-02,1.542031e-01,2.911325e-03,2.995220e-02,3.150636e-03,4.372988e-03,1.445797e-01,4.263767e-03,3.484829e-03,1.390169e-02,2.944726e-01,1.624877e-03,6.591868e-02
1.638121e-01,3.511889e-02,1.927535e-02,1.917447e-01,2.520954e-03,2.278231e-02,2.674814e-03,3.807754e-03,2.038835e-01,4.671766e-03,6.960961e-03,1.027779e-02,2.562289e-01,1.405733e-03,7.483459e-02
1.163778e-01,5.115863e-02,1.642296e-02,1.590073e-01,1.998813e-03,1.679067e-02,2.112748e-03,3.036066e-03,3.119648e-01,4.279253e-03,5.381460e-03,7.574258e-03,1.842887e-01,2.480605e-03,1.171260e-01
8.777427e-02,4.260425e-02,1.878761e-02,1.337412e-01,2.133771e-03,1.362358e-02,1.864038e-03,3.952696e-03,2.826239e-01,7.221723e-03,2.385012e-02,8.524937e-03,1.499577e-01,1.835412e-02,2.049861e-01
7.099246e-02,4.051001e-02,1.492095e-02,1.057357e-01,2.319769e-03,2.978242e-02,2.207302e-03,3.637783e-03,2.191245e-01,9.634960e-03,2.866243e-02,1.768775e-02,2.145299e-01,2.465066e-02,2.156035e-01
5.137933e-02,2.984581e-02,1.097401e-02,7.540943e-02,2.250056e-03,2.552004e-02,2.325385e-03,2.598996e-03,1.647723e-01,1.321584e-02,2.628643e-02,1.915688e-02,2.620420e-01,3.273808e-02,2.814855e-01
3.858925e-02,2.386130e-02,8.958097e-03,5.572104e-02,2.323451e-03,2.132775e-02,2.529089e-03,1.943159e-03,1.362414e-01,2.001000e-02,2.452435e-02,2.333097e-02,2.864873e-01,4.829248e-02,3.058603e-01
5.539459e-02,2.019489e-02,7.811286e-03,4.329502e-02,7.129276e-03,1.659713e-02,2.906330e-03,1.499564e-03,1.289299e-01,3.402356e-02,2.183707e-02,1.828281e-02,2.087649e-01,5.246740e-02,3.808663e-01
4.344156e-02,1.543113e-02,6.283544e-03,3.147058e-02,8.672900e-03,1.267089e-02,2.653398e-03,1.165127e-03,1.422221e-01,4.874562e-02,2.544772e-02,1.503223e-02,1.540935e-01,1.077487e-01,3.849210e-01
3.304714e-02,1.423369e-02,5.228402e-03,2.289752e-02,6.819317e-03,1.971566e-02,1.972140e-03,8.685900e-04,1.611355e-01,5.654275e-02,2.755548e-02,1.417879e-02,1.151870e-01,1.076202e-01,4.129978e-01
2.635658e-02,1.421019e-02,4.052727e-03,1.633788e-02,5.487924e-03,1.594759e-02,1.460640e-03,7.245025e-04,2.438351e-01,5.443810e-02,2.582647e-02,1.061990e-02,8.328803e-02,9.224963e-02,4.051647e-01
3.097704e-02,1.485120e-02,4.120762e-03,1.235890e-02,5.443667e-03,1.389533e-02,1.135706e-03,7.519465e-04,2.455702e-01,4.875664e-02,2.340345e-02,8.020655e-03,6.027475e-02,8.848082e-02,4.419590e-01
3.101562e-02,1.625730e-02,7.950202e-03,1.311237e-02,5.534691e-03,1.155597e-02,9.542682e-04,1.135335e-03,3.796322e-01,4.912326e-02,1.831759e-02,6.222949e-03,4.422260e-02,6.819347e-02,3.467722e-01
2.656497e-02,1.381232e-02,6.815921e-03,9.930645e-03,7.078329e-03,9.452831e-03,7.591175e-04,9.267296e-04,3.867809e-01,4.017080e-02,1.719807e-02,4.776639e-03,3.548378e-02,8.056933e-02,3.596796e-01
2.499494e-02,1.319494e-02,8.628331e-03,7.719517e-03,8.427765e-03,9.326456e-03,6.202210e-04,8.932237e-04,3.788906e-01,2.985909e-02,1.585551e-02,3.826786e-03,2.733532e-02,7.472505e-02,3.957023e-01
3.580981e-02,1.254843e-02,1.008573e-02,6.273631e-03,1.146001e-02,1.098750e-02,5.832235e-04,1.258218e-03,4.084514e-01,2.242410e-02,1.600064e-02,3.005169e-03,2.031491e-02,8.672690e-02,3.540703e-01
4.556366e-02,1.130729e-02,9.076120e-03,4.744424e-03,1.273214e-02,1.025854e-02,4.870635e-04,1.347926e-03,3.967211e-01,1.637619e-02,1.287542e-02,2.312437e-03,1.500164e-02,9.366509e-02,3.675309e-01
6.499258e-02,3.115617e-02,1.101168e-01,1.693806e-02,2.130574e-02,1.050078e-02,5.358223e-04,1.695713e-03,3.256060e-01,1.520223e-02,1.095588e-02,2.066672e-03,1.106204e-02,7.328878e-02,3.045768e-01
5.285385e-02,3.054119e-02,1.366718e-01,1.347220e-02,1.984321e-02,7.965723e-03,4.675254e-04,1.588975e-03,2.799086e-01,5.324693e-02,1.003181e-02,1.752587e-03,8.483807e-03,5.405869e-02,3.291131e-01
6.380933e-02,2.969429e-02,1.286027e-01,1.237264e-02,1.767933e-02,6.747121e-03,4.379422e-04,1.490386e-03,2.961860e-01,8.164701e-02,1.845879e-02,2.671475e-03,1.439354e-02,4.511076e-02,2.806987e-01
9.222959e-02,2.442849e-02,1.134503e-01,1.416960e-02,1.891589e-02,6.400868e-03,4.856197e-04,2.413702e-03,2.897274e-01,9.845684e-02,4.320956e-02,3.784082e-03,2.468321e-02,3.484014e-02,2.328047e-01
8.504514e-02,2.107855e-02,8.188585e-02,1.153339e-02,2.013365e-02,7.879626e-03,5.218711e-04,2.117334e-03,3.482813e-01,9.564890e-02,4.309862e-02,4.331332e-03,3.906351e-02,2.714510e-02,2.122358e-01
6.455092e-02,1.978522e-02,5.889973e-02,1.152167e-02,2.222889e-02,9.728217e-03,8.918517e-04,1.799808e-03,2.850871e-01,7.009460e-02,5.250239e-02,1.331711e-02,1.726315e-01,2.752912e-02,1.894318e-01
5.131604e-02,1.868757e-02,4.283088e-02,1.030339e-02,2.906116e-02,9.908721e-03,1.147678e-03,1.729190e-03,2.371943e-01,5.516410e-02,4.676761e-02,1.755971e-02,2.689973e-01,5.013163e-02,1.592007e-01
5.732898e-02,1.363764e-02,3.147821e-02,9.249139e-03,3.902685e-02,1.207466e-02,2.182208e-03,2.520601e-02,1.738783e-01,4.388388e-02,4.412663e-02,2.925084e-02,2.671875e-01,1.224064e-01,1.290828e-01
5.980606e-02,1.037691e-02,2.499971e-02,7.699110e-03,1.000912e-01,2.044424e-02,1.044398e-02,3.355225e-02,1.419508e-01,3.245466e-02,3.804361e-02,3.461724e-02,2.817370e-01,1.000271e-01,1.037561e-01
7.145333e-02,8.233655e-03,1.831832e-02,5.924566e-03,1.198228e-01,3.131732e-02,9.507459e-03,3.851584e-02,1.086202e-01,2.616384e-02,3.602912e-02,4.674167e-02,2.906402e-01,1.010147e-01,8.769695e-02
7.167178e-02,2.692400e-02,1.390042e-02,5.472096e-03,1.295245e-01,4.506451e-02,7.178104e-03,5.679501e-02,1.154621e-01,1.984370e-02,3.458558e-02,4.423013e-02,2.877035e-01,7.345171e-02,6.819294e-02
7.826820e-02,2.643466e-02,1.001316e-02,4.346317e-03,1.186900e-01,5.149269e-02,5.507966e-03,7.307884e-02,1.093988e-01,1.427205e-02,3.251231e-02,3.710856e-02,3.335035e-01,5.309207e-02,5.228082e-02
7.776498e-02,3.938628e-02,7.343798e-03,4.049770e-03,9.053555e-02,7.501544e-02,4.287390e-03,6.668971e-02,1.546905e-01,1.045397e-02,2.713989e-02,2.806185e-02,3.348601e-01,3.860236e-02,4.111842e-02
7.762796e-02,5.609211e-02,6.739485e-03,4.302469e-03,7.652362e-02,7.317987e-02,3.739680e-03,5.977738e-02,1.666527e-01,7.751569e-03,2.276930e-02,2.035870e-02,3.635879e-01,2.868180e-02,3.221552e-02
6.980581e-02,6.685892e-02,5.706903e-03,3.472495e-03,6.411092e-02,7.515034e-02,3.058040e-03,4.686030e-02,1.735646e-01,5.587630e-03,1.818061e-02,1.503912e-02,4.069550e-01,2.169765e-02,2.395171e-02
7.271572e-02,8.197305e-02,1.241793e-02,7.007031e-03,6.193634e-02,7.649340e-02,4.073031e-03,6.224290e-02,2.045044e-01,6.181150e-03,1.409616e-02,1.159178e-02,3.481856e-01,1.576984e-02,2.081162e-02
8.745172e-02,9.148436e-02,1.440603e-02,7.063841e-03,5.405067e-02,8.885282e-02,6.279195e-03,6.995020e-02,2.047202e-01,6.569574e-03,1.158972e-02,9.615085e-03,3.161607e-01,1.192755e-02,1.987827e-02
9.276271e-02,1.014729e-01,1.324175e-02,6.181439e-03,4.156090e-02,7.466709e-02,5.795275e-03,5.742125e-02,2.061198e-01,7.582581e-03,9.395240e-03,8.225813e-03,3.420879e-01,9.078678e-03,2.440666e-02
8.863965e-02,1.552805e-01,1.101764e-02,2.235638e-02,2.952410e-02,5.353168e-02,4.151954e-03,4.093257e-02,2.569568e-01,9.744581e-03,1.532019e-02,9.518395e-03,2.499785e-01,9.500037e-03,4.354701e-02
9.706535e-02,2.024200e-01,1.342282e-02,1.851818e-02,2.165511e-02,3.844371e-02,3.084250e-03,3.031342e-02,2.176508e-01,1.066273e-02,2.177465e-02,9.207435e-03,1.786986e-01,2.751681e-02,1.095661e-01
7.876985e-02,2.102094e-01,1.172241e-02,1.328490e-02,1.542283e-02,2.723230e-02,2.209325e-03,2.151781e-02,1.628507e-01,7.988432e-03,1.747352e-02,7.541308e-03,1.268789e-01,1.909006e-01,1.059977e-01
9.562835e-02,1.870186e-01,9.830460e-03,1.154840e-02,1.134480e-02,1.958460e-02,1.702200e-03,1.619298e-02,1.355695e-01,6.184743e-03,1.576674e-02,1.361719e-02,9.616029e-02,2.856905e-01,9.416051e-02
9.604856e-02,1.329448e-01,9.156574e-03,1.080926e-02,8.568301e-03,1.425976e-02,1.500374e-03,1.218990e-02,1.088275e-01,4.735251e-03,1.331112e-02,1.950730e-02,7.176413e-02,4.224498e-01,7.392740e-02
7.342785e-02,9.334985e-02,6.522154e-03,8.110132e-03,6.145722e-03,1.021684e-02,1.539267e-03,9.020517e-03,8.602889e-02,4.085645e-03,1.427982e-02,4.913833e-02,9.199949e-02,4.919905e-01,5.414491e-02
6.158536e-02,6.545830e-02,4.784321e-03,6.521564e-03,4.502598e-03,7.440179e-03,2.320772e-03,7.568185e-03,6.483232e-02,4.198659e-03,1.276333e-02,7.772145e-02,8.619852e-02,5.534137e-01,4.069070e-02
4.575752e-02,4.608905e-02,3.504999e-03,4.696733e-03,3.333797e-03,5.438527e-03,2.043419e-03,5.738737e-03,5.055884e-02,1.188935e-02,1.468299e-02,9.636530e-02,7.834381e-02,5.876751e-01,4.388179e-02
3.281936e-02,3.331235e-02,2.604609e-03,3.431571e-03,3.189855e-03,4.192613e-03,1.723035e-03,4.713000e-03,5.798733e-02,1.443764e-02,1.515378e-02,2.361431e-01,1.157791e-01,4.345991e-01,3.991353e-02
2.444257e-02,2.392245e-02,2.510477e-03,2.827108e-03,3.829597e-03,3.124697e-03,2.217263e-03,6.985831e-03,4.831372e-02,2.019747e-02,1.953546e-02,3.289704e-01,1.568785e-01,3.193830e-01,3.686142e-02
1.741059e-02,1.722724e-02,2.344673e-03,2.101196e-03,4.412386e-03,2.314559e-03,1.747919e-03,6.384146e-03,4.100235e-02,2.383801e-02,1.751349e-02,4.198064e-01,1.831760e-01,2.306500e-01,3.007104e-02
1.272209e-02,1.252759e-02,2.763979e-03,1.824316e-03,5.075727e-03,1.834157e-03,1.361735e-03,7.880569e-03,3.719516e-02,3.945720e-02,1.786193e-02,4.797524e-01,1.922477e-01,1.644157e-01,2.307980e-02
1.033357e-02,1.113643e-02,6.805691e-03,1.827548e-03,6.058351e-03,1.753838e-03,1.127920e-03,1.206779e-02,5.694393e-02,4.534658e-02,1.675817e-02,4.948687e-01,1.999377e-01,1.176092e-01,1.742461e-02
8.390863e-03,1.964856e-02,2.861432e-02,2.173848e-03,7.241744e-03,2.375191e-03,1.022681e-03,4.819664e-02,1.040362e-01,4.298213e-02,1.474169e-02,4.454665e-01,1.794227e-01,8.324354e-02,1.244338e-02
2.583344e-02,2.778091e-02,6.003546e-02,1.170876e-02,3.895416e-02,5.797199e-03,1.137517e-03,6.904505e-02,1.649325e-01,5.263929e-02,1.245642e-02,3.263851e-01,1.347874e-01,5.891092e-02,9.595947e-03
2.554063e-02,3.795543e-02,7.442676e-02,1.211244e-02,3.644580e-02,8.019501e-03,9.367979e-04,5.508253e-02,2.916535e-01,4.553912e-02,2.092848e-02,2.368504e-01,1.009317e-01,4.352582e-02,1.005108e-02
4.475775e-02,3.853079e-02,1.015374e-01,1.124603e-02,3.630644e-02,8.794894e-03,1.031129e-03,5.095821e-02,3.420715e-01,4.061340e-02,3.096676e-02,1.731014e-01,7.438460e-02,3.467579e-02,1.102385e-02
4.299501e-02,6.107539e-02,9.653153e-02,1.578203e-02,2.709628e-02,9.025037e-03,7.612381e-04,3.867650e-02,4.207454e-01,3.785624e-02,2.540673e-02,1.225364e-01,5.312733e-02,2.534264e-02,2.304223e-02
4.627365e-02,8.593786e-02,9.234995e-02,1.857207e-02,2.327817e-02,1.171739e-02,6.564984e-04,3.211819e-02,4.716800e-01,3.059563e-02,2.131199e-02,8.698662e-02,3.801532e-02,1.948647e-02,2.102016e-02
4.482344e-02,8.153518e-02,7.328196e-02,1.909009e-02,2.680310e-02,2.423438e-02,9.014220e-04,4.162513e-02,5.252553e-01,2.331352e-02,1.707494e-02,6.124448e-02,2.742782e-02,1.550163e-02,1.788762e-02
4.381073e-02,8.108965e-02,5.295724e-02,2.525098e-02,3.202556e-02,4.459339e-02,1.146540e-03,4.272930e-02,5.520879e-01,1.797916e-02,1.295824e-02,4.334456e-02,2.229877e-02,1.166519e-02,1.606277e-02
4.050930e-02,6.834800e-02,3.742879e-02,2.631154e-02,3.914513e-02,5.017745e-02,1.210077e-03,4.150099e-02,6.018941e-01,1.379040e-02,9.560871e-03,3.055267e-02,1.701146e-02,8.505758e-03,1.405341e-02
3.606740e-02,1.188824e-01,2.785081e-02,9.577417e-02,2.954906e-02,3.660491e-02,9.068588e-04,3.342097e-02,4.929813e-01,1.643564e-02,1.061674e-02,2.187508e-02,1.389504e-02,6.146327e-03,5.899333e-02
2.571960e-02,9.235325e-02,2.278490e-02,2.972963e-01,2.108739e-02,2.587849e-02,6.546819e-04,2.365016e-02,3.692788e-01,1.314538e-02,1.983811e-02,1.622140e-02,2.016151e-02,4.341625e-03,4.758821e-02
2.069094e-02,6.514980e-02,1.706087e-02,3.151413e-01,1.500325e-02,1.897357e-02,5.573182e-04,1.695181e-02,2.678312e-01,1.067121e-02,1.109562e-01,4.027332e-02,6.058153e-02,4.153149e-03,3.600445e-02
1.452605e-02,4.561453e-02,1.198721e-02,2.378078e-01,1.051828e-02,1.349337e-02,4.022440e-04,1.187689e-02,1.880286e-01,7.587731e-03,1.169078e-01,9.962708e-02,2.123843e-01,3.951139e-03,2.528681e-02
1.017804e-02,3.193435e-02,8.417077e-03,1.701943e-01,7.376898e-03,9.580980e-03,2.839294e-04,8.320164e-03,1.320399e-01,5.343934e-03,1.019068e-01,1.278366e-01,3.655372e-01,3.325536e-03,1.772425e-02
7.187576e-03,2.237630e-02,5.902404e-03,1.207559e-01,5.246783e-03,6.975523e-03,2.056746e-04,5.895745e-03,9.774195e-02,3.835898e-03,7.628569e-02,2.269027e-01,4.051728e-01,3.093604e-03,1.242148e-02
5.138661e-03,1.571476e-02,4.173098e-03,8.798517e-02,4.120337e-03,5.772403e-03,1.836365e-04,4.838204e-03,8.115751e-02,3.036180e-03,6.398218e-02,3.200577e-01,3.916563e-01,3.450610e-03,8.733248e-03
3.922530e-03,1.116394e-02,3.014156e-03,6.480308e-02,3.636141e-03,4.823285e-03,3.204521e-04,5.190289e-03,7.179409e-02,3.883356e-03,5.393783e-02,4.473407e-01,3.141539e-01,5.778611e-03,6.237721e-03
2.977336e-03,7.995007e-03,2.299700e-03,4.715964e-02,5.218053e-03,4.944132e-03,4.653686e-04,5.869318e-03,8.865162e-02,5.662194e-03,4.289031e-02,4.933215e-01,2.836447e-01,4.252257e-03,4.648810e-03
2.488103e-03,5.714326e-03,2.074380e-03,3.524951e-02,1.367102e-02,5.256081e-03,9.723529e-03,1.207480e-01,8.504502e-02,8.962550e-03,3.412549e-02,4.015006e-01,2.689807e-01,3.102493e-03,3.358171e-03
6.683474e-03,4.736369e-03,8.276604e-03,3.273490e-02,4.524571e-02,1.727872e-02,1.046044e-02,1.354575e-01,1.447736e-01,1.815844e-02,2.575785e-02,3.359878e-01,2.089032e-01,2.697953e-03,2.847456e-03
2.133529e-02,4.811346e-03,7.929298e-03,2.647925e-02,6.672452e-02,1.979494e-02,8.997677e-03,1.200239e-01,2.143176e-01,1.888404e-02,2.014179e-02,3.009693e-01,1.633813e-01,3.367049e-03,2.842641e-03
5.427289e-02,4.597974e-03,6.267387e-03,2.127852e-02,5.696549e-02,2.558966e-02,8.680917e-03,1.083923e-01,2.112421e-01,3.219442e-02,1.835738e-02,3.170842e-01,1.276062e-01,4.545593e-03,2.924977e-03
8.284515e-02,3.695380e-03,4.627999e-03,1.534947e-02,4.821100e-02,2.254143e-02,6.630477e-03,7.880032e-02,1.635066e-01,2.717047e-02,2.152813e-02,3.655044e-01,1.518581e-01,5.390597e-03,2.340440e-03
1.242343e-01,3.554999e-03,4.906394e-03,1.222626e-02,6.939708e-02,2.520652e-02,1.201119e-02,9.793644e-02,1.270871e-01,2.266446e-02,2.540971e-02,3.091387e-01,1.586563e-01,5.533604e-03,2.036801e-03
2.571256e-01,3.837849e-03,5.252343e-03,1.060259e-02,6.087645e-02,2.291281e-02,1.050538e-02,8.681122e-02,9.612139e-02,1.783722e-02,2.515562e-02,2.630619e-01,1.323388e-01,5.344239e-03,2.216477e-03
3.679098e-01,4.597156e-03,4.493751e-03,1.018221e-02,6.654252e-02,1.962256e-02,8.929976e-03,7.362305e-02,8.960596e-02,1.369335e-02,2.332740e-02,2.082921e-01,1.027466e-01,4.248271e-03,2.185126e-03
4.219360e-01,6.373078e-03,3.470932e-03,9.911405e-03,5.553690e-02,1.869921e-02,7.293931e-03,5.606979e-02,1.416388e-01,1.160283e-02,2.369632e-02,1.561336e-01,8.207990e-02,3.588297e-03,1.969027e-03
3.920044e-01,7.287111e-03,3.826741e-03,1.248531e-02,4.365309e-02,2.836412e-02,6.342181e-03,6.063357e-02,1.582735e-01,1.035041e-02,3.575686e-02,1.440410e-01,8.954477e-02,5.203999e-03,2.232913e-03
3.184449e-01,8.312685e-03,3.494760e-03,1.285721e-02,3.566185e-02,3.179117e-02,5.279390e-03,4.990671e-02,2.170172e-01,9.977407e-03,4.949763e-02,1.321584e-01,1.173548e-01,5.473252e-03,2.772616e-03
3.113103e-01,8.537893e-03,3.379609e-03,1.307085e-02,3.000098e-02,3.361464e-02,1.250216e-02,4.377307e-02,2.316316e-01,1.069115e-02,5.164016e-02,1.139680e-01,1.262323e-01,6.093374e-03,3.553902e-03
2.883159e-01,9.512846e-03,3.739209e-03,1.295643e-02,2.743442e-02,3.055770e-02,1.200304e-02,3.548450e-02,2.373646e-01,1.041182e-02,5.422513e-02,1.034852e-01,1.620737e-01,7.551407e-03,4.884046e-03
3.062995e-01,1.402797e-02,1.346871e-02,3.668515e-02,4.168623e-02,3.273199e-02,1.312875e-02,4.520338e-02,2.043254e-01,9.053958e-03,4.612805e-02,8.841490e-02,1.341470e-01,7.239334e-03,7.459631e-03
3.261072e-01,1.344694e-02,1.179362e-02,4.205694e-02,3.530508e-02,4.876135e-02,1.031490e-02,3.610707e-02,1.694835e-01,7.798197e-03,4.419143e-02,1.184399e-01,1.183557e-01,8.400511e-03,9.437741e-03
2.555222e-01,1.802791e-02,8.950963e-03,3.569655e-02,2.746639e-02,4.249448e-02,7.492403e-03,2.627779e-02,1.813704e-01,7.086670e-03,5.345795e-02,2.041354e-01,1.131259e-01,1.015018e-02,8.744827e-03
2.078547e-01,2.004378e-02,7.222116e-03,4.455498e-02,2.213077e-02,3.509997e-02,5.522026e-03,2.227901e-02,2.522108e-01,6.931934e-03,6.347644e-02,1.869397e-01,1.067919e-01,1.030828e-02,8.633599e-03
1.569482e-01,1.841891e-02,5.449290e-03,4.212730e-02,1.630832e-02,3.012179e-02,3.934002e-03,1.586670e-02,2.435064e-01,5.611827e-03,8.359525e-02,2.584916e-01,1.010711e-01,1.148774e-02,7.061598e-03
1.416964e-01,1.717554e-02,4.484411e-03,5.063647e-02,1.239461e-02,2.698396e-02,2.942773e-03,1.260488e-02,2.250343e-01,5.826007e-03,9.039269e-02,2.997401e-01,8.863449e-02,1.148178e-02,9.971635e-03
1.356951e-01,1.831576e-02,4.454534e-03,4.676257e-02,9.393909e-03,2.492541e-02,2.297247e-03,9.763169e-03,1.857960e-01,8.237727e-03,8.888867e-02,3.642389e-01,6.979092e-02,1.825410e-02,1.318608e-02
1.690261e-01,1.852855e-02,5.942451e-03,4.446911e-02,8.529110e-03,2.570843e-02,1.988354e-03,8.979904e-03,1.700924e-01,9.350330e-03,8.239583e-02,3.585801e-01,6.014425e-02,2.022515e-02,1.603998e-02
1.676422e-01,2.653485e-02,6.143422e-03,3.618081e-02,9.874545e-03,2.172023e-02,1.716628e-03,7.340865e-03,1.997974e-01,1.239774e-02,7.614233e-02,3.406252e-01,5.713945e-02,1.722804e-02,1.951632e-02
1.753352e-01,2.418380e-02,5.212244e-03,2.954738e-02,9.240917e-03,2.410720e-02,1.591894e-03,6.988210e-03,2.158562e-01,1.051586e-02,8.468615e-02,3.294511e-01,4.993524e-02,1.421689e-02,1.913172e-02
1.372926e-01,2.127212e-02,4.258160e-03,2.713451e-02,8.767849e-03,2.671286e-02,1.594324e-03,1.265384e-02,2.682356e-01,1.020595e-02,9.049180e-02,3.122241e-01,5.011947e-02,1.358376e-02,1.545305e-02
1.105353e-01,1.730554e-02,3.212907e-03,2.137968e-02,7.130193e-03,2.213262e-02,1.311688e-03,1.114806e-02,2.568884e-01,9.323431e-03,8.145769e-02,3.814596e-01,5.441414e-02,1.087775e-02,1.142301e-02
8.668147e-02,1.605268e-02,2.595951e-03,1.663066e-02,6.584255e-03,1.708741e-02,1.111386e-03,1.077087e-02,2.847129e-01,8.173672e-03,7.993403e-02,3.847262e-01,6.636409e-02,9.931639e-03,8.642819e-03
6.150879e-02,1.200779e-02,1.874591e-03,1.171596e-02,7.295559e-03,1.247379e-02,8.694869e-04,7.747114e-03,4.731508e-01,5.917271e-03,6.534618e-02,2.728911e-01,5.375049e-02,7.101208e-03,6.349796e-03
4.461596e-02,1.057653e-02,1.453535e-03,8.333997e-03,8.746356e-03,9.646445e-03,7.740038e-04,6.348583e-03,6.110905e-01,4.854258e-03,4.944993e-02,1.936118e-01,4.062410e-02,5.268569e-03,4.605329e-03
4.530637e-02,1.019234e-02,1.666853e-03,1.907361e-02,1.701210e-02,1.042693e-02,8.192929e-04,7.824037e-03,6.684102e-01,4.497530e-03,3.586670e-02,1.403136e-01,3.016214e-02,3.905774e-03,4.522522e-03
6.807587e-02,8.498004e-03,1.699780e-03,1.832581e-02,5.880246e-02,1.435146e-02,1.445426e-03,1.525831e-02,6.517514e-01,3.803841e-03,2.670806e-02,1.018238e-01,2.286665e-02,2.902759e-03,3.686318e-03
1.269097e-01,6.928175e-03,1.470307e-03,1.707815e-02,7.806003e-02,2.740182e-02,1.657618e-03,2.566516e-02,5.887050e-01,3.316244e-03,2.169798e-02,7.766742e-02,1.801884e-02,2.253659e-03,3.169938e-03
2.352067e-01,8.658679e-03,2.631012e-03,1.673886e-02,6.109282e-02,3.451227e-02,3.095316e-03,3.582551e-02,5.013500e-01,3.110507e-03,1.811824e-02,6.051923e-02,1.387551e-02,1.920694e-03,3.344734e-03
3.381069e-01,9.000260e-03,6.120760e-03,1.428396e-02,5.245728e-02,3.592483e-02,8.060218e-03,4.140149e-02,4.141947e-01,2.809280e-03,1.523604e-02,4.638201e-02,1.085633e-02,1.661099e-03,3.504968e-03
3.522338e-01,1.040539e-02,1.100642e-02,1.217443e-02,5.420818e-02,3.655253e-02,1.740551e-02,5.727705e-02,3.837715e-01,2.502359e-03,1.263807e-02,3.631076e-02,8.579433e-03,1.437281e-03,3.497244e-03
3.250092e-01,9.049180e-03,1.181556e-02,1.102953e-02,6.917376e-02,3.460556e-02,2.779359e-02,1.191081e-01,3.409135e-01,2.538237e-03,1.043746e-02,2.725785e-02,6.804632e-03,1.323388e-03,3.140376e-03
3.399509e-01,7.905629e-03,1.225593e-02,9.064710e-03,6.838623e-02,3.944765e-02,4.695680e-02,1.268070e-01,2.950372e-01,3.273595e-03,9.181624e-03,2.823691e-02,8.123964e-03,1.235893e-03,4.135931e-03
2.582646e-01,6.263200e-03,9.591656e-03,7.265925e-03,6.199763e-02,3.135594e-02,5.194446e-02,2.941628e-01,2.374607e-01,2.984222e-03,7.112442e-03,2.086624e-02,6.648319e-03,9.136847e-04,3.168247e-03
2.058294e-01,4.977333e-03,8.258266e-03,5.747343e-03,5.545831e-02,2.653647e-02,7.337257e-02,4.033714e-01,1.834641e-01,2.307127e-03,5.278662e-03,1.582676e-02,6.206505e-03,6.859667e-04,2.679814e-03
1.550001e-01,3.814410e-03,6.589210e-03,4.393933e-03,4.376394e-02,2.288492e-02,1.437149e-01,4.616009e-01,1.301163e-01,1.869150e-03,3.766049e-03,1.152445e-02,8.382534e-03,5.029136e-04,2.076279e-03
1.286364e-01,3.311802e-03,6.617677e-03,4.421684e-03,3.429647e-02,3.304832e-02,1.221163e-01,5.426435e-01,9.294491e-02,1.379346e-03,2.816379e-03,1.135473e-02,1.416515e-02,4.104840e-04,1.836848e-03
1.058824e-01,2.642028e-03,6.087956e-03,4.307235e-03,2.777763e-02,3.786232e-02,9.847458e-02,6.191791e-01,6.569852e-02,9.945828e-04,2.158826e-03,1.112368e-02,1.595429e-02,3.339690e-04,1.522897e-03
8.336287e-02,2.089572e-03,5.156809e-03,3.760770e-03,2.211501e-02,2.786453e-02,7.684156e-02,7.083937e-01,4.643145e-02,7.105431e-04,1.585550e-03,8.339897e-03,1.192107e-02,2.601201e-04,1.166552e-03
6.728669e-02,1.565511e-03,4.833818e-03,3.559364e-03,1.769143e-02,2.055061e-02,6.038267e-02,7.733736e-01,3.272839e-02,5.125094e-04,1.172718e-03,6.346917e-03,8.902079e-03,2.038492e-04,8.898545e-04
5.837305e-02,1.168574e-03,4.239637e-03,3.306023e-03,1.460939e-02,1.543369e-02,4.802821e-02,8.176602e-01,2.305317e-02,3.787291e-04,9.155459e-04,4.989113e-03,6.988580e-03,1.634693e-04,6.926703e-04
5.207841e-02,9.419324e-04,4.434826e-03,3.207708e-03,1.215165e-02,1.202577e-02,4.024814e-02,8.465381e-01,1.630106e-02,2.920346e-04,7.531092e-04,4.383136e-03,5.774626e-03,1.620287e-04,7.075141e-04
5.567416e-02,8.053009e-04,4.832855e-03,3.196056e-03,1.082405e-02,1.066144e-02,3.595980e-02,8.529531e-01,1.162032e-02,2.504336e-04,6.895998e-04,5.511674e-03,5.913460e-03,1.844340e-04,9.233230e-04
7.809572e-02,6.816587e-04,4.629181e-03,3.459395e-03,9.657637e-03,1.090460e-02,3.046521e-02,8.370603e-01,8.548802e-03,2.745266e-04,7.115340e-04,7.624356e-03,6.051890e-03,2.412826e-04,1.593899e-03
1.110647e-01,6.622520e-04,4.514645e-03,3.737317e-03,9.377569e-03,1.277746e-02,2.969452e-02,7.996160e-01,6.357252e-03,3.133612e-04,9.008460e-04,1.089080e-02,7.052971e-03,3.708985e-04,2.669397e-03
1.216700e-01,7.397558e-04,4.195957e-03,3.290971e-03,8.664515e-03,1.561670e-02,3.010425e-02,7.823784e-01,4.782651e-03,3.581786e-04,1.064103e-03,1.299042e-02,1.060051e-02,5.227225e-04,3.020913e-03
2.048824e-01,1.022677e-03,4.451271e-03,4.082884e-03,7.871384e-03,1.916516e-02,2.393040e-02,6.918448e-01,3.979249e-03,3.680964e-04,1.403313e-03,1.728366e-02,1.467721e-02,8.318469e-04,4.205676e-03
2.298312e-01,2.114629e-03,4.768766e-03,1.019148e-02,7.861773e-03,2.649470e-02,1.903769e-02,5.764874e-01,4.708922e-03,5.439458e-04,3.196409e-03,4.216873e-02,6.328157e-02,1.212124e-03,8.100580e-03
2.309993e-01,6.075231e-03,5.433305e-03,1.768798e-02,1.186222e-02,2.771207e-02,1.484747e-02,5.104261e-01,1.288725e-02,3.299383e-03,8.887718e-03,4.539430e-02,8.449292e-02,1.662462e-03,1.833226e-02
2.273692e-01,1.106780e-02,5.590708e-03,3.757710e-02,1.279381e-02,2.491929e-02,1.197758e-02,4.232903e-01,3.037859e-02,1.765997e-02,2.442707e-02,5.042496e-02,9.083994e-02,2.483524e-03,2.920009e-02
2.306721e-01,9.720856e-03,4.498155e-03,5.588967e-02,1.221130e-02,2.236006e-02,1.081833e-02,3.304690e-01,4.720803e-02,1.730969e-02,3.153699e-02,7.636613e-02,1.129625e-01,3.532540e-03,3.444470e-02
2.086446e-01,9.508776e-03,7.018487e-03,1.436833e-01,1.431413e-02,1.862407e-02,8.303870e-03,2.512946e-01,6.511369e-02,1.999623e-02,3.879953e-02,7.053430e-02,1.046469e-01,3.455880e-03,3.606158e-02
2.142095e-01,1.122623e-02,5.836559e-03,1.411713e-01,1.573528e-02,1.590592e-02,7.063734e-03,2.042650e-01,9.752120e-02,2.069652e-02,4.363579e-02,6.260037e-02,1.006499e-01,4.702187e-03,5.478060e-02
1.928079e-01,9.350693e-03,4.531384e-03,1.178261e-01,1.315895e-02,1.271712e-02,5.409312e-03,1.480343e-01,1.734647e-01,1.553207e-02,5.328514e-02,6.510349e-02,1.362526e-01,4.546268e-03,4.798001e-02
1.997093e-01,7.395518e-03,3.829416e-03,9.629828e-02,1.114282e-02,1.117967e-02,4.061654e-03,1.071969e-01,1.968724e-01,1.297039e-02,6.529281e-02,6.487310e-02,1.732978e-01,4.701177e-03,4.117875e-02
2.075567e-01,6.208591e-03,3.022142e-03,7.751055e-02,1.065929e-02,9.249421e-03,3.068957e-03,7.710934e-02,2.219691e-01,1.168809e-02,6.107456e-02,9.479229e-02,1.743577e-01,4.930102e-03,3.680320e-02
1.837799e-01,7.102670e-03,3.642812e-03,8.949114e-02,1.002105e-02,8.408452e-03,2.315125e-03,5.793693e-02,3.033594e-01,1.358205e-02,5.490490e-02,9.131192e-02,1.359452e-01,4.124786e-03,3.407366e-02
1.551223e-01,7.401041e-03,3.510921e-03,1.956679e-01,7.871232e-03,7.715851e-03,1.748931e-03,4.328461e-02,2.915115e-01,1.080263e-02,5.143733e-02,8.584471e-02,1.062043e-01,3.533499e-03,2.834326e-02
1.377791e-01,7.153774e-03,3.797081e-03,1.669170e-01,6.846149e-03,8.202509e-03,1.440329e-03,3.158401e-02,2.649224e-01,1.094884e-02,1.028668e-01,1.034949e-01,1.266175e-01,4.285217e-03,2.314447e-02
1.301381e-01,7.329322e-03,4.257285e-03,1.356786e-01,6.312678e-03,8.561080e-03,1.286113e-03,2.321224e-02,2.487715e-01,1.078875e-02,1.497101e-01,1.128109e-01,1.376464e-01,4.854959e-03,1.864201e-02
1.132734e-01,7.132193e-03,3.075839e-02,1.112799e-01,2.942234e-02,2.038683e-02,4.555558e-03,2.782925e-02,2.365051e-01,9.561914e-03,1.662358e-01,1.029594e-01,1.193740e-01,4.342302e-03,1.638363e-02
1.374813e-01,1.218504e-02,2.481467e-02,8.775739e-02,2.467240e-02,2.863442e-02,3.590199e-03,2.221897e-02,2.204405e-01,9.694408e-03,1.741212e-01,1.295145e-01,1.019061e-01,7.295999e-03,1.567294e-02
1.145003e-01,2.167485e-02,1.834693e-02,6.643010e-02,2.050351e-02,2.472349e-02,2.639488e-03,1.671573e-02,2.610110e-01,1.039248e-02,1.738975e-01,1.611633e-01,8.736099e-02,7.564282e-03,1.307607e-02
1.003116e-01,2.705801e-02,1.733421e-02,5.108051e-02,2.288914e-02,2.103614e-02,2.413833e-03,1.916611e-02,2.932190e-01,1.414343e-02,1.857917e-01,1.395670e-01,8.454904e-02,9.564567e-03,1.187580e-02
8.954048e-02,2.452453e-02,1.528668e-02,3.754242e-02,5.150943e-02,1.793554e-02,2.620714e-03,1.954095e-02,3.533336e-01,1.174489e-02,1.640485e-01,1.131796e-01,8.070485e-02,9.073236e-03,9.414618e-03
9.894592e-02,2.094210e-02,1.390864e-02,3.331738e-02,4.924821e-02,1.541170e-02,2.601344e-03,5.513652e-02,3.840160e-01,1.169498e-02,1.294353e-01,1.046034e-01,6.503183e-02,7.937765e-03,7.768823e-03
1.097628e-01,2.175559e-02,1.277607e-02,3.224301e-02,5.787615e-02,1.205572e-02,2.275414e-03,9.931530e-02,3.828253e-01,9.808116e-03,1.047671e-01,8.685838e-02,5.409315e-02,7.621139e-03,5.966738e-03
1.630996e-01,2.712095e-02,1.213771e-02,3.166902e-02,6.271398e-02,1.089505e-02,2.059842e-03,1.023743e-01,3.533017e-01,1.092390e-02,9.638166e-02,7.168966e-02,4.398961e-02,6.479033e-03,5.164085e-03
1.949095e-01,2.475272e-02,2.096672e-02,4.736802e-02,7.687663e-02,1.314751e-02,2.248619e-03,1.191167e-01,3.073157e-01,1.167656e-02,7.752579e-02,5.970638e-02,3.398341e-02,5.714240e-03,4.691468e-03
2.278314e-01,2.085121e-02,1.809435e-02,4.248340e-02,6.334220e-02,1.624482e-02,2.500752e-03,1.014500e-01,2.413241e-01,1.568627e-02,7.743900e-02,1.268571e-01,3.566296e-02,5.825241e-03,4.407253e-03
2.096058e-01,2.247338e-02,1.463898e-02,3.556989e-02,6.387288e-02,1.459957e-02,2.539502e-03,7.860437e-02,2.365353e-01,2.048536e-02,1.140298e-01,1.476749e-01,2.984598e-02,5.624526e-03,3.899764e-03
1.808602e-01,1.937251e-02,1.118906e-02,2.819571e-02,1.220734e-01,1.847979e-02,3.436638e-03,5.769965e-02,2.130127e-01,3.749567e-02,1.463426e-01,1.288229e-01,2.533636e-02,4.722549e-03,2.960372e-03
1.590045e-01,1.586454e-02,8.967552e-03,2.307180e-02,1.350781e-01,1.746772e-02,3.291071e-03,5.155540e-02,1.947896e-01,6.779744e-02,1.504898e-01,1.413428e-01,2.481859e-02,4.018639e-03,2.442457e-03
1.559869e-01,1.252421e-02,8.046064e-03,2.451394e-02,1.295544e-01,1.577301e-02,2.911714e-03,5.468582e-02,1.671945e-01,1.308455e-01,1.449705e-01,1.238716e-01,2.323004e-02,3.716722e-03,2.175129e-03
1.764606e-01,9.766296e-03,6.415115e-03,2.946050e-02,1.302003e-01,1.368440e-02,2.338075e-03,4.306784e-02,1.338764e-01,1.790782e-01,1.372081e-01,1.093855e-01,2.333281e-02,3.176696e-03,2.549160e-03
