1.000000e+00,0.000000e+00,0.000000e+00,0.000000e+00,0.000000e+00,0.000000e+00,0.000000e+00,0.000000e+00,0.000000e+00,0.000000e+00,0.000000e+00,0.000000e+00,0.000000e+00,0.000000e+00,0.000000e+00
1.000000e+00,0.000000e+00,0.000000e+00,0.000000e+00,0.000000e+00,0.000000e+00,0.000000e+00,0.000000e+00,0.000000e+00,0.000000e+00,0.000000e+00,0.000000e+00,0.000000e+00,0.000000e+00,0.000000e+00
1.000000e+00,0.000000e+00,0.000000e+00,0.000000e+00,0.000000e+00,0.000000e+00,0.000000e+00,0.000000e+00,0.000000e+00,0.000000e+00,0.000000e+00,0.000000e+00,0.000000e+00,0.000000e+00,0.000000e+00
1.000000e+00,0.000000e+00,0.000000e+00,0.000000e+00,0.000000e+00,0.000000e+00,0.000000e+00,0.000000e+00,0.000000e+00,0.000000e+00,0.000000e+00,0.000000e+00,0.000000e+00,0.000000e+00,0.000000e+00
1.000000e+00,0.000000e+00,0.000000e+00,0.000000e+00,0.000000e+00,0.000000e+00,0.000000e+00,0.000000e+00,0.000000e+00,0.000000e+00,0.000000e+00,0.000000e+00,0.000000e+00,0.000000e+00,0.000000e+00
1.000000e+00,0.000000e+00,0.000000e+00,0.000000e+00,0.000000e+00,0.000000e+00,0.000000e+00,0.000000e+00,0.000000e+00,0.000000e+00,0.000000e+00,0.000000e+00,0.000000e+00,0.000000e+00,0.000000e+00
1.000000e+00,0.000000e+00,0.000000e+00,0.000000e+00,0.000000e+00,0.000000e+00,0.000000e+00,0.000000e+00,0.000000e+00,0.000000e+00,0.000000e+00,0.000000e+00,0.000000e+00,0.000000e+00,0.000000e+00
1.000000e+00,0.000000e+00,0.000000e+00,0.000000e+00,0.000000e+00,0.000000e+00,0.000000e+00,0.000000e+00,0.000000e+00,0.000000e+00,0.000000e+00,0.000000e+00,0.000000e+00,0.000000e+00,0.000000e+00
1.000000e+00,0.000000e+00,0.000000e+00,0.000000e+00,0.000000e+00,0.000000e+00,0.000000e+00,0.000000e+00,0.000000e+00,0.000000e+00,0.000000e+00,0.000000e+00,0.000000e+00,0.000000e+00,0.000000e+00
1.000000e+00,0.000000e+00,0.000000e+00,0.000000e+00,0.000000e+00,0.000000e+00,0.000000e+00,0.000000e+00,0.000000e+00,0.000000e+00,0.000000e+00,0.000000e+00,0.000000e+00,0.000000e+00,0.000000e+00
1.000000e+00,0.000000e+00,0.000000e+00,0.000000e+00,0.000000e+00,0.000000e+00,0.000000e+00,0.000000e+00,0.000000e+00,0.000000e+00,0.000000e+00,0.000000e+00,0.000000e+00,0.000000e+00,0.000000e+00
1.000000e+00,0.000000e+00,0.000000e+00,0.000000e+00,0.000000e+00,0.000000e+00,0.000000e+00,0.000000e+00,0.000000e+00,0.000000e+00,0.000000e+00,0.000000e+00,0.000000e+00,0.000000e+00,0.000000e+00
1.000000e+00,0.000000e+00,0.000000e+00,0.000000e+00,0.000000e+00,0.000000e+00,0.000000e+00,0.000000e+00,0.000000e+00,0.000000e+00,0.000000e+00,0.000000e+00,0.000000e+00,0.000000e+00,0.000000e+00
1.000000e+00,0.000000e+00,0.000000e+00,0.000000e+00,0.000000e+00,0.000000e+00,0.000000e+00,0.000000e+00,0.000000e+00,0.000000e+00,0.000000e+00,0.000000e+00,0.000000e+00,0.000000e+00,0.000000e+00
1.000000e+00,0.000000e+00,0.000000e+00,0.000000e+00,0.000000e+00,0.000000e+00,0.000000e+00,0.000000e+00,0.000000e+00,0.000000e+00,0.000000e+00,0.000000e+00,0.000000e+00,0.000000e+00,0.000000e+00
1.000000e+00,0.000000e+00,0.000000e+00,0.000000e+00,0.000000e+00,0.000000e+00,0.000000e+00,0.000000e+00,0.000000e+00,0.000000e+00,0.000000e+00,0.000000e+00,0.000000e+00,0.000000e+00,0.000000e+00
1.000000e+00,0.000000e+00,0.000000e+00,0.000000e+00,0.000000e+00,0.000000e+00,0.000000e+00,0.000000e+00,0.000000e+00,0.000000e+00,0.000000e+00,0.000000e+00,0.000000e+00,0.000000e+00,0.000000e+00
1.000000e+00,0.000000e+00,0.000000e+00,0.000000e+00,0.000000e+00,0.000000e+00,0.000000e+00,0.000000e+00,0.000000e+00,0.000000e+00,0.000000e+00,0.000000e+00,0.000000e+00,0.000000e+00,0.000000e+00
1.000000e+00,0.000000e+00,0.000000e+00,0.000000e+00,0.000000e+00,0.000000e+00,0.000000e+00,0.000000e+00,0.000000e+00,0.000000e+00,0.000000e+00,0.000000e+00,0.000000e+00,0.000000e+00,0.000000e+00
1.000000e+00,0.000000e+00,0.000000e+00,0.000000e+00,0.000000e+00,0.000000e+00,0.000000e+00,0.000000e+00,0.000000e+00,0.000000e+00,0.000000e+00,0.000000e+00,0.000000e+00,0.000000e+00,0.000000e+00
1.000000e+00,0.000000e+00,0.000000e+00,0.000000e+00,0.000000e+00,0.000000e+00,0.000000e+00,0.000000e+00,0.000000e+00,0.000000e+00,0.000000e+00,0.000000e+00,0.000000e+00,0.000000e+00,0.000000e+00
1.000000e+00,0.000000e+00,0.000000e+00,0.000000e+00,0.000000e+00,0.000000e+00,0.000000e+00,0.000000e+00,0.000000e+00,0.000000e+00,0.000000e+00,0.000000e+00,0.000000e+00,0.000000e+00,0.000000e+00
1.000000e+00,0.000000e+00,0.000000e+00,0.000000e+00,0.000000e+00,0.000000e+00,0.000000e+00,0.000000e+00,0.000000e+00,0.000000e+00,0.000000e+00,0.000000e+00,0.000000e+00,0.000000e+00,0.000000e+00
1.000000e+00,0.000000e+00,0.000000e+00,0.000000e+00,0.000000e+00,0.000000e+00,0.000000e+00,0.000000e+00,0.000000e+00,0.000000e+00,0.000000e+00,0.000000e+00,0.000000e+00,0.000000e+00,0.000000e+00
1.000000e+00,0.000000e+00,0.000000e+00,0.000000e+00,0.000000e+00,0.000000e+00,0.000000e+00,0.000000e+00,0.000000e+00,0.000000e+00,0.000000e+00,0.000000e+00,0.000000e+00,0.000000e+00,0.000000e+00
1.000000e+00,0.000000e+00,0.000000e+00,0.000000e+00,0.000000e+00,0.000000e+00,0.000000e+00,0.000000e+00,0.000000e+00,0.000000e+00,0.000000e+00,0.000000e+00,0.000000e+00,0.000000e+00,0.000000e+00
1.000000e+00,0.000000e+00,0.000000e+00,0.000000e+00,0.000000e+00,0.000000e+00,0.000000e+00,0.000000e+00,0.000000e+00,0.000000e+00,0.000000e+00,0.000000e+00,0.000000e+00,0.000000e+00,0.000000e+00
1.000000e+00,0.000000e+00,0.000000e+00,0.000000e+00,0.000000e+00,0.000000e+00,0.000000e+00,0.000000e+00,0.000000e+00,0.000000e+00,0.000000e+00,0.000000e+00,0.000000e+00,0.000000e+00,0.000000e+00
1.000000e+00,0.000000e+00,0.000000e+00,0.000000e+00,0.000000e+00,0.000000e+00,0.000000e+00,0.000000e+00,0.000000e+00,0.000000e+00,0.000000e+00,0.000000e+00,0.000000e+00,0.000000e+00,0.000000e+00
1.000000e+00,0.000000e+00,0.000000e+00,0.000000e+00,0.000000e+00,0.000000e+00,0.000000e+00,0.000000e+00,0.000000e+00,0.000000e+00,0.000000e+00,0.000000e+00,0.000000e+00,0.000000e+00,0.000000e+00
1.000000e+00,0.000000e+00,0.000000e+00,0.000000e+00,0.000000e+00,0.000000e+00,0.000000e+00,0.000000e+00,0.000000e+00,0.000000e+00,0.000000e+00,0.000000e+00,0.000000e+00,0.000000e+00,0.000000e+00
1.000000e+00,0.000000e+00,0.000000e+00,0.000000e+00,0.000000e+00,0.000000e+00,0.000000e+00,0.000000e+00,0.000000e+00,0.000000e+00,0.000000e+00,0.000000e+00,0.000000e+00,0.000000e+00,0.000000e+00
1.000000e+00,0.000000e+00,0.000000e+00,0.000000e+00,0.000000e+00,0.000000e+00,0.000000e+00,0.000000e+00,0.000000e+00,0.000000e+00,0.000000e+00,0.000000e+00,0.000000e+00,0.000000e+00,0.000000e+00
1.000000e+00,0.000000e+00,0.000000e+00,0.000000e+00,0.000000e+00,0.000000e+00,0.000000e+00,0.000000e+00,0.000000e+00,0.000000e+00,0.000000e+00,0.000000e+00,0.000000e+00,0.000000e+00,0.000000e+00
1.000000e+00,0.000000e+00,0.000000e+00,0.000000e+00,0.000000e+00,0.000000e+00,0.000000e+00,0.000000e+00,0.000000e+00,0.000000e+00,0.000000e+00,0.000000e+00,0.000000e+00,0.000000e+00,0.000000e+00
1.000000e+00,0.000000e+00,0.000000e+00,0.000000e+00,0.000000e+00,0.000000e+00,0.000000e+00,0.000000e+00,0.000000e+00,0.000000e+00,0.000000e+00,0.000000e+00,0.000000e+00,0.000000e+00,0.000000e+00
4.499695e-01,4.329288e-02,1.647635e-02,1.390116e-01,1.736891e-02,2.733943e-02,1.260712e-02,3.885213e-02,3.116280e-02,3.413579e-03,2.970467e-02,1.321406e-01,3.175215e-02,4.120740e-03,2.278750e-02
3.751132e-01,6.304758e-02,1.776977e-02,1.623842e-01,2.434757e-02,2.962944e-02,1.490008e-02,3.561771e-02,3.843625e-02,3.742267e-03,2.963864e-02,1.319134e-01,3.986311e-02,5.290896e-03,2.830592e-02
3.277113e-01,7.433897e-02,1.828001e-02,1.723977e-01,3.020725e-02,3.037895e-02,1.624221e-02,3.246153e-02,4.197291e-02,4.001150e-03,2.952873e-02,1.334171e-01,4.950380e-02,6.523813e-03,3.303451e-02
3.218376e-01,8.421862e-02,1.824207e-02,1.733022e-01,3.456536e-02,3.222929e-02,1.573393e-02,2.969964e-02,4.228346e-02,4.294781e-03,2.616834e-02,1.226322e-01,5.185471e-02,6.434171e-03,3.650363e-02
3.140419e-01,9.550484e-02,1.906694e-02,1.796574e-01,3.553958e-02,3.420312e-02,1.440455e-02,2.767336e-02,3.987726e-02,5.261227e-03,2.446682e-02,1.071898e-01,4.977368e-02,7.309183e-03,4.603022e-02
2.960519e-01,1.093464e-01,1.771797e-02,1.879119e-01,3.875357e-02,3.386548e-02,1.328681e-02,2.446685e-02,4.362624e-02,6.476648e-03,2.143485e-02,9.378769e-02,4.921649e-02,7.085456e-03,5.697168e-02
2.305735e-01,1.082614e-01,3.492650e-02,2.657332e-01,3.368547e-02,3.154760e-02,1.134569e-02,3.628061e-02,3.523887e-02,5.679431e-03,2.523983e-02,8.312801e-02,4.132830e-02,6.399563e-03,5.063210e-02
1.775697e-01,8.343887e-02,4.557169e-02,2.568957e-01,2.823355e-02,2.837453e-02,9.836705e-03,1.335929e-01,2.862254e-02,4.663832e-03,3.438000e-02,8.438464e-02,3.745950e-02,6.616151e-03,4.035961e-02
1.831146e-01,7.175834e-02,4.990305e-02,2.392002e-01,2.349175e-02,3.450628e-02,9.370564e-03,1.519416e-01,2.426296e-02,4.221599e-03,3.651505e-02,8.587842e-02,3.894131e-02,7.394104e-03,3.950014e-02
2.828287e-01,6.367596e-02,4.233095e-02,2.003824e-01,1.901880e-02,3.175697e-02,7.848943e-03,1.148748e-01,2.534599e-02,4.350094e-03,4.196119e-02,7.269041e-02,3.615760e-02,1.237499e-02,4.440217e-02
3.693687e-01,5.635399e-02,3.857087e-02,1.673386e-01,1.607999e-02,2.914755e-02,7.285935e-03,8.993746e-02,2.300523e-02,4.274959e-03,4.250264e-02,6.391373e-02,3.479552e-02,1.391957e-02,4.350514e-02
4.763290e-01,4.837674e-02,3.423482e-02,1.325255e-01,1.338772e-02,2.544102e-02,7.021528e-03,6.974865e-02,1.873770e-02,3.703598e-03,3.731478e-02,5.292875e-02,2.948594e-02,1.265600e-02,3.810830e-02
1.000000e+00,0.000000e+00,0.000000e+00,0.000000e+00,0.000000e+00,0.000000e+00,0.000000e+00,0.000000e+00,0.000000e+00,0.000000e+00,0.000000e+00,0.000000e+00,0.000000e+00,0.000000e+00,0.000000e+00
1.000000e+00,0.000000e+00,0.000000e+00,0.000000e+00,0.000000e+00,0.000000e+00,0.000000e+00,0.000000e+00,0.000000e+00,0.000000e+00,0.000000e+00,0.000000e+00,0.000000e+00,0.000000e+00,0.000000e+00
1.000000e+00,0.000000e+00,0.000000e+00,0.000000e+00,0.000000e+00,0.000000e+00,0.000000e+00,0.000000e+00,0.000000e+00,0.000000e+00,0.000000e+00,0.000000e+00,0.000000e+00,0.000000e+00,0.000000e+00
1.000000e+00,0.000000e+00,0.000000e+00,0.000000e+00,0.000000e+00,0.000000e+00,0.000000e+00,0.000000e+00,0.000000e+00,0.000000e+00,0.000000e+00,0.000000e+00,0.000000e+00,0.000000e+00,0.000000e+00
1.000000e+00,0.000000e+00,0.000000e+00,0.000000e+00,0.000000e+00,0.000000e+00,0.000000e+00,0.000000e+00,0.000000e+00,0.000000e+00,0.000000e+00,0.000000e+00,0.000000e+00,0.000000e+00,0.000000e+00
4.611362e-01,2.257181e-02,1.070837e-01,8.261412e-02,8.430095e-03,1.826127e-02,1.437704e-02,1.955818e-01,1.009896e-02,1.853624e-03,1.484413e-02,1.657213e-02,1.441771e-02,7.701999e-03,2.445536e-02
3.262151e-01,1.597328e-02,9.490889e-02,6.509704e-02,6.678823e-03,1.364238e-02,1.130958e-02,4.016330e-01,7.262125e-03,1.327524e-03,1.065522e-02,1.186665e-02,1.053047e-02,5.475006e-03,1.742486e-02
2.301352e-01,1.131131e-02,9.515762e-02,5.646067e-02,5.460117e-03,1.052166e-02,9.215906e-03,5.351295e-01,5.167853e-03,9.638229e-04,7.652636e-03,8.515263e-03,8.094076e-03,3.905533e-03,1.230879e-02
1.629898e-01,8.059419e-03,8.274631e-02,4.486690e-02,4.254810e-03,8.081459e-03,8.107417e-03,6.476544e-01,3.646563e-03,6.920664e-04,5.454058e-03,6.073817e-03,5.878896e-03,2.810742e-03,8.683294e-03
1.144238e-01,5.727524e-03,6.849827e-02,3.290312e-02,4.109315e-03,6.381307e-03,3.040648e-02,7.134285e-01,2.561742e-03,5.152110e-04,3.921066e-03,4.271010e-03,4.693727e-03,2.006458e-03,6.152520e-03
8.038173e-02,4.056701e-03,5.757224e-02,2.429108e-02,3.970494e-03,5.116723e-03,3.665268e-02,7.703962e-01,1.802299e-03,3.846305e-04,2.838614e-03,3.014897e-03,3.744679e-03,1.423650e-03,4.353418e-03
5.649670e-02,3.043382e-03,4.750723e-02,1.792048e-02,7.676628e-03,4.786164e-03,4.940519e-02,7.952210e-01,1.405014e-03,2.128748e-03,2.436265e-03,2.189747e-03,4.687359e-03,1.216787e-03,3.879304e-03
4.109596e-02,3.677633e-03,5.478779e-02,1.563918e-02,4.543846e-02,1.475749e-02,4.737977e-02,6.615126e-01,1.880751e-03,8.344197e-02,2.201461e-03,1.830619e-03,1.499651e-02,2.231046e-03,9.128760e-03
2.995457e-02,3.865329e-03,4.846250e-02,1.284604e-02,8.177824e-02,1.703726e-02,3.550112e-02,5.046932e-01,2.204071e-03,2.323338e-01,1.985339e-03,1.427833e-03,1.317286e-02,2.761664e-03,1.197620e-02
2.146762e-02,3.377819e-03,4.331354e-02,9.513630e-03,6.370500e-02,1.608578e-02,3.047619e-02,3.659106e-01,2.101322e-03,4.064268e-01,4.289596e-03,1.826964e-03,1.328556e-02,4.818637e-03,1.340091e-02
1.663170e-02,4.367138e-03,3.679011e-02,7.734505e-03,5.103175e-02,7.755277e-02,3.604172e-02,2.642505e-01,3.516476e-03,3.961435e-01,2.249488e-02,5.258969e-03,2.983579e-02,1.174514e-02,3.660496e-02
1.232460e-02,3.411277e-03,2.598922e-02,5.490278e-03,3.633652e-02,7.799844e-02,2.661526e-02,1.851344e-01,3.290254e-03,4.195452e-01,1.013991e-01,2.105067e-02,2.500846e-02,2.056364e-02,3.584275e-02
9.848407e-03,2.749187e-03,1.829321e-02,3.951314e-03,2.592772e-02,7.204507e-02,1.919658e-02,1.297144e-01,3.191867e-03,3.897720e-01,2.258134e-01,2.929440e-02,1.937924e-02,2.157320e-02,2.925010e-02
1.074307e-02,2.096885e-03,1.289060e-02,3.033998e-03,1.843003e-02,6.984948e-02,1.553093e-02,9.102322e-02,2.899935e-03,3.281339e-01,3.065703e-01,6.958108e-02,1.720707e-02,2.416090e-02,2.784861e-02
1.098866e-02,1.506489e-03,9.080884e-03,2.509736e-03,1.304368e-02,6.069715e-02,1.269360e-02,6.393189e-02,2.447106e-03,2.353386e-01,3.873795e-01,1.448248e-01,1.378885e-02,2.153976e-02,2.022927e-02
8.849137e-03,1.105016e-03,6.390534e-03,2.004665e-03,9.269966e-03,4.788658e-02,9.885034e-03,4.480903e-02,1.949783e-03,1.684784e-01,3.980088e-01,2.598184e-01,1.072371e-02,1.617730e-02,1.464371e-02
6.487989e-03,7.875614e-04,4.491885e-03,1.618271e-03,6.846061e-03,3.400009e-02,7.130929e-03,3.138930e-02,1.793628e-03,1.207426e-01,3.316213e-01,4.233851e-01,7.823354e-03,1.155984e-02,1.032214e-02
4.767863e-03,5.750141e-04,3.171124e-03,1.140757e-03,5.352648e-03,2.397293e-02,5.279965e-03,2.204986e-02,2.689377e-03,8.608739e-02,2.396141e-01,5.840387e-01,5.767215e-03,8.255398e-03,7.237634e-03
3.375744e-03,4.777728e-04,2.250995e-03,8.013032e-04,4.119476e-03,1.695338e-02,3.818925e-03,1.547207e-02,4.476130e-03,6.140334e-02,1.711181e-01,7.004494e-01,4.242545e-03,5.966459e-03,5.074301e-03
2.410174e-03,6.905567e-04,1.746536e-03,5.661785e-04,6.299433e-03,1.199528e-02,2.873679e-03,1.094510e-02,1.277637e-02,4.432299e-02,1.211577e-01,7.731516e-01,3.208326e-03,4.293753e-03,3.562226e-03
1.766878e-03,8.486486e-04,1.353194e-03,4.042923e-04,6.597205e-03,8.633305e-03,2.149616e-03,7.764096e-03,1.413226e-02,3.325659e-02,8.646243e-02,8.284622e-01,2.585433e-03,3.072675e-03,2.511166e-03
1.305044e-03,6.208863e-04,9.770904e-04,2.923248e-04,6.496033e-03,6.212112e-03,1.548068e-03,5.533020e-03,1.307671e-02,2.747098e-02,6.213062e-02,8.680730e-01,2.297514e-03,2.202023e-03,1.764612e-03
1.015507e-03,5.468068e-04,9.402363e-04,2.331109e-04,1.230746e-02,5.052816e-03,1.709560e-03,4.423178e-03,1.491956e-02,2.277262e-02,4.656712e-02,8.844171e-01,2.229537e-03,1.612315e-03,1.253042e-03
1.001180e-03,8.134100e-04,9.643978e-04,2.106653e-04,2.038719e-02,4.829342e-03,2.282627e-03,3.822234e-03,3.530642e-02,2.082781e-02,3.716490e-02,8.678706e-01,2.319303e-03,1.268513e-03,9.314617e-04
1.113488e-03,8.040658e-04,8.953111e-04,1.819208e-04,4.188357e-02,4.034743e-03,2.444118e-03,3.499529e-03,4.865526e-02,2.399468e-02,2.950992e-02,8.384928e-01,2.568335e-03,1.239432e-03,6.829188e-04
2.022201e-03,8.711477e-04,8.893904e-04,1.598938e-04,6.716762e-02,5.212639e-03,3.496782e-03,6.544595e-03,5.891290e-02,2.445973e-02,2.331651e-02,8.028357e-01,2.271862e-03,1.334181e-03,5.048692e-04
2.593916e-03,1.191470e-03,1.081300e-03,1.675323e-04,9.884290e-02,4.441082e-03,2.988505e-03,8.431023e-03,9.432037e-02,1.941609e-02,1.755611e-02,7.442873e-01,2.646576e-03,1.638876e-03,3.969728e-04
4.477039e-03,2.517911e-03,2.133894e-03,2.891563e-04,1.118648e-01,3.318168e-02,5.181755e-03,1.197756e-02,9.658469e-02,1.541225e-02,1.601683e-02,6.946341e-01,3.336990e-03,2.031390e-03,3.599048e-04
4.401942e-03,2.263651e-03,2.637245e-03,1.436522e-03,1.083089e-01,4.154888e-02,4.967715e-02,5.002381e-02,7.383721e-02,1.514254e-02,1.479327e-02,6.302576e-01,3.469337e-03,1.914666e-03,2.872389e-04
6.116535e-03,1.812586e-03,7.491271e-03,6.365275e-03,9.468590e-02,1.068799e-01,5.633528e-02,1.188627e-01,5.561512e-02,1.204027e-02,1.543548e-02,5.136148e-01,2.877880e-03,1.640764e-03,2.262429e-04
8.387187e-03,1.407018e-03,7.613739e-03,1.294619e-02,1.279817e-01,1.038896e-01,5.409033e-02,1.878744e-01,4.544851e-02,9.704463e-03,1.477807e-02,4.216295e-01,2.752312e-03,1.311413e-03,1.854247e-04
7.656922e-03,1.001103e-03,6.309317e-03,9.528432e-03,9.131362e-02,8.027574e-02,3.147047e-01,1.383938e-01,3.205262e-02,7.111575e-03,1.072005e-02,2.978625e-01,1.994000e-03,9.377018e-04,1.378628e-04
5.736910e-03,7.072827e-04,4.755449e-03,6.756940e-03,6.429185e-02,5.690990e-02,5.159885e-01,9.892115e-02,2.245123e-02,5.118354e-03,7.564829e-03,2.085688e-01,1.466984e-03,6.629284e-04,9.886935e-05
4.294004e-03,4.988443e-04,3.713564e-03,4.837920e-03,4.539604e-02,4.027344e-02,6.571933e-01,7.126438e-02,1.573302e-02,3.666227e-03,5.338536e-03,1.460269e-01,1.220515e-03,4.718097e-04,7.148526e-05
3.081323e-03,3.504224e-04,2.819776e-03,3.420322e-03,3.195448e-02,2.821616e-02,7.573364e-01,5.195231e-02,1.102797e-02,2.590917e-03,3.745301e-03,1.022298e-01,8.927248e-04,3.317203e-04,5.047940e-05
2.208179e-03,2.462639e-04,2.235912e-03,2.425641e-03,2.275111e-02,1.979438e-02,8.256398e-01,3.997229e-02,7.739110e-03,1.841915e-03,2.626172e-03,7.157423e-02,6.753046e-04,2.337797e-04,3.582253e-05
1.617591e-03,1.768428e-04,1.723743e-03,1.712740e-03,1.617724e-02,1.387217e-02,8.754917e-01,2.958993e-02,5.560488e-03,1.312653e-03,1.858535e-03,5.011735e-02,5.965630e-04,1.653583e-04,2.697614e-05
2.381109e-03,1.673953e-04,1.573035e-03,1.245148e-03,1.163431e-02,9.839471e-03,9.061724e-01,2.355868e-02,4.329434e-03,9.569136e-04,1.448221e-03,3.530409e-02,1.206281e-03,1.345385e-04,4.897685e-05
2.644283e-03,1.356573e-04,1.446333e-03,9.052218e-04,8.282228e-03,6.953348e-03,9.301975e-01,1.842252e-02,3.111512e-03,6.866194e-04,1.038499e-03,2.481859e-02,1.201389e-03,1.110497e-04,4.523050e-05
3.141393e-03,1.759592e-04,1.541825e-03,6.907397e-04,6.097174e-03,5.068932e-03,9.444331e-01,1.585117e-02,2.233566e-03,5.605501e-04,7.708721e-04,1.749441e-02,1.731543e-03,1.051318e-04,1.035979e-04
3.736365e-03,1.925332e-04,1.719361e-03,5.325968e-04,4.495911e-03,3.727819e-03,9.538318e-01,1.435203e-02,1.658445e-03,4.670301e-04,5.979891e-04,1.234936e-02,2.050820e-03,9.888374e-05,1.890146e-04
1.016699e-02,4.408756e-04,2.450655e-03,5.996291e-04,3.357263e-03,2.929086e-03,9.508396e-01,1.448724e-02,1.479542e-03,4.190215e-04,6.640921e-04,8.962197e-03,2.159462e-03,1.702606e-04,8.740054e-04
1.488360e-02,5.637892e-04,5.676519e-03,8.815543e-04,2.652299e-03,2.759225e-03,9.425689e-01,1.565442e-02,1.273680e-03,4.968152e-04,6.744133e-04,7.129221e-03,2.704948e-03,2.343747e-04,1.846225e-03
2.113103e-02,7.464377e-04,8.510381e-03,1.049339e-03,2.243826e-03,3.064290e-03,9.320173e-01,1.494328e-02,1.259162e-03,8.817711e-04,8.850173e-04,6.088146e-03,3.255415e-03,4.395774e-04,3.485009e-03
2.525615e-02,1.550071e-03,9.132176e-03,1.217569e-03,2.284160e-03,5.144690e-03,9.160612e-01,1.366103e-02,2.318547e-03,2.235706e-03,3.454580e-03,6.489621e-03,4.315910e-03,6.304126e-04,6.248245e-03
3.675555e-02,1.721409e-03,9.373661e-03,1.657106e-03,2.536640e-03,9.793924e-03,8.841542e-01,1.552534e-02,3.857628e-03,3.642605e-03,3.918566e-03,1.305306e-02,5.750573e-03,6.769728e-04,7.582773e-03
6.031114e-02,1.865008e-03,9.562944e-03,2.208170e-03,3.902455e-03,1.040256e-02,8.412499e-01,2.373724e-02,3.968252e-03,6.042555e-03,4.214355e-03,1.756131e-02,6.152109e-03,8.332074e-04,7.988754e-03
6.615405e-02,2.100913e-03,1.333099e-02,2.880915e-03,5.561622e-03,1.001797e-02,7.921652e-01,5.377724e-02,5.859800e-03,8.923334e-03,5.200413e-03,1.739907e-02,7.603485e-03,9.067797e-04,8.118166e-03
6.762448e-02,2.353862e-03,1.547709e-02,3.594230e-03,7.453039e-03,8.964108e-03,7.511348e-01,7.616930e-02,9.753291e-03,1.356852e-02,6.987548e-03,1.776940e-02,8.650203e-03,1.313729e-03,9.186396e-03
8.313628e-02,3.868128e-03,1.422307e-02,9.079585e-03,1.745254e-02,1.489408e-02,6.373327e-01,1.159526e-01,1.998562e-02,1.557149e-02,1.203388e-02,2.620200e-02,1.805960e-02,1.259300e-03,1.094911e-02
1.079055e-01,6.668887e-03,1.354677e-02,2.034372e-02,1.729815e-02,3.084272e-02,4.938844e-01,1.253718e-01,2.455486e-02,1.640612e-02,1.627479e-02,6.568386e-02,4.317415e-02,1.519762e-03,1.652450e-02
1.257333e-01,7.427075e-03,1.330585e-02,2.825723e-02,2.719681e-02,3.085436e-02,3.689678e-01,1.277295e-01,3.250784e-02,2.071396e-02,2.303198e-02,7.801412e-02,8.844807e-02,2.105833e-03,2.570621e-02
1.941511e-01,1.098179e-02,1.281908e-02,5.342993e-02,2.457508e-02,3.462495e-02,2.640572e-01,1.040846e-01,3.477621e-02,1.695631e-02,2.106635e-02,1.048975e-01,9.024809e-02,2.519387e-03,3.081240e-02
2.684146e-01,1.071091e-02,1.036249e-02,5.250926e-02,2.326411e-02,3.177347e-02,1.873705e-01,8.590940e-02,3.762995e-02,1.318867e-02,2.056464e-02,1.106060e-01,1.149496e-01,2.874053e-03,2.987243e-02
2.360630e-01,1.073932e-02,7.921480e-03,4.819529e-02,1.901932e-02,2.727592e-02,1.318499e-01,6.227702e-02,7.181656e-02,2.188425e-02,3.005595e-02,1.322182e-01,1.637274e-01,4.081743e-03,3.287466e-02
2.102470e-01,9.966788e-03,5.977749e-03,4.450612e-02,1.523771e-02,2.361965e-02,9.257504e-02,4.423204e-02,8.339758e-02,2.151918e-02,3.625160e-02,2.043139e-01,1.742590e-01,4.191047e-03,2.970553e-02
1.914130e-01,8.062850e-03,4.628797e-03,4.181252e-02,1.439831e-02,2.164961e-02,6.510664e-02,3.178833e-02,8.520328e-02,1.724436e-02,4.026767e-02,2.330400e-01,2.161385e-01,3.758653e-03,2.548747e-02
2.777165e-01,7.090146e-03,3.951450e-03,3.897488e-02,1.486939e-02,2.239906e-02,4.623588e-02,2.296593e-02,7.792741e-02,1.609033e-02,4.327231e-02,1.894243e-01,2.057153e-01,4.796686e-03,2.857040e-02
3.319030e-01,6.417611e-03,3.415643e-03,3.524058e-02,2.244672e-02,2.207228e-02,3.363937e-02,1.887108e-02,7.999942e-02,1.591089e-02,5.346009e-02,1.622793e-01,1.816044e-01,5.412762e-03,2.732676e-02
2.701862e-01,5.485278e-03,4.847969e-03,2.543193e-02,3.205595e-02,1.707176e-02,2.840950e-02,5.839538e-02,8.285502e-02,1.548969e-02,7.782950e-02,1.267944e-01,2.132532e-01,4.167695e-03,3.772658e-02
2.298247e-01,7.342089e-03,6.505470e-03,1.968303e-02,8.993928e-02,2.061961e-02,4.025517e-02,4.813643e-02,1.456031e-01,1.379306e-02,7.005743e-02,9.201794e-02,1.701923e-01,3.201104e-03,4.282932e-02
2.483243e-01,7.474530e-03,6.992975e-03,1.953526e-02,1.363164e-01,2.571232e-02,4.498675e-02,3.750200e-02,1.610564e-01,1.056858e-02,5.635947e-02,7.142609e-02,1.395840e-01,2.556212e-03,3.160467e-02
1.881567e-01,2.766968e-02,8.067759e-03,2.182784e-02,1.159944e-01,3.562115e-02,4.032785e-02,3.253193e-02,2.612400e-01,1.137391e-02,4.469749e-02,5.249189e-02,1.320849e-01,1.987994e-03,2.592647e-02
1.544830e-01,3.526501e-02,7.036920e-03,1.894736e-02,1.096341e-01,6.691718e-02,3.494303e-02,2.946079e-02,2.931958e-01,8.570044e-03,3.532626e-02,4.931776e-02,1.351545e-01,1.638436e-03,2.010976e-02
1.404470e-01,3.261924e-02,6.078676e-03,1.504318e-02,9.662221e-02,8.428576e-02,2.780134e-02,2.369012e-02,2.454094e-01,6.382728e-03,2.671832e-02,4.839437e-02,2.282051e-01,1.438928e-03,1.686360e-02
1.405790e-01,4.290257e-02,5.315354e-03,1.294207e-02,8.427509e-02,1.043033e-01,2.188768e-02,1.956733e-02,2.283453e-01,5.104078e-03,2.137704e-02,7.089952e-02,2.246013e-01,2.152061e-03,1.574836e-02
1.608844e-01,4.407100e-02,4.552621e-03,1.407349e-02,7.684312e-02,1.071899e-01,1.727660e-02,1.727967e-02,2.133290e-01,5.017900e-03,1.682800e-02,7.791714e-02,2.260093e-01,3.291794e-03,1.543613e-02
1.604531e-01,4.436996e-02,3.796936e-03,1.252986e-02,7.674537e-02,1.147712e-01,1.609719e-02,1.573151e-02,2.045638e-01,5.584095e-03,1.336042e-02,1.002528e-01,2.087944e-01,6.954942e-03,1.599434e-02
1.348003e-01,4.146205e-02,5.839749e-03,2.284198e-02,8.066213e-02,1.165642e-01,1.419241e-02,5.735906e-02,1.692362e-01,5.224630e-03,1.111186e-02,1.573506e-01,1.649991e-01,6.384572e-03,1.197110e-02
1.282782e-01,5.406677e-02,5.662500e-03,2.654912e-02,6.905265e-02,1.465614e-01,1.279513e-02,5.552859e-02,1.728721e-01,7.018032e-03,9.019692e-03,1.326986e-01,1.373063e-01,5.713210e-03,3.687765e-02
1.255642e-01,6.878354e-02,6.499184e-03,2.466293e-02,5.415769e-02,2.008954e-01,1.359620e-02,6.002882e-02,1.604135e-01,8.391263e-03,7.167758e-03,1.056745e-01,1.196895e-01,5.154005e-03,3.932159e-02
1.241858e-01,6.123680e-02,1.785568e-02,4.680135e-02,4.417953e-02,1.951415e-01,1.428070e-02,1.032395e-01,1.404737e-01,1.151841e-02,7.731706e-03,8.249397e-02,1.069789e-01,4.308532e-03,3.957401e-02
1.934274e-01,5.390920e-02,1.632629e-02,4.469047e-02,3.467795e-02,1.822867e-01,1.249986e-02,9.033395e-02,1.192045e-01,1.111849e-02,8.510166e-03,6.176591e-02,1.243786e-01,4.127951e-03,4.274258e-02
2.772606e-01,6.304124e-02,1.320018e-02,3.898366e-02,2.847860e-02,1.390170e-01,1.040426e-02,8.182649e-02,1.076461e-01,9.011578e-03,8.264847e-03,4.452607e-02,1.363185e-01,3.685014e-03,3.833594e-02
3.023731e-01,6.818882e-02,9.813989e-03,3.873527e-02,2.259987e-02,1.032235e-01,8.364864e-03,5.991273e-02,9.666613e-02,9.327821e-03,7.020688e-03,3.381807e-02,2.027899e-01,3.306503e-03,3.385881e-02
2.653974e-01,6.539069e-02,7.297688e-03,3.548925e-02,1.733517e-02,7.983717e-02,6.266042e-03,4.365304e-02,8.897719e-02,8.104367e-03,5.739588e-03,2.518099e-02,3.193486e-01,2.721103e-03,2.926174e-02
2.386125e-01,9.259372e-02,6.565549e-03,4.097379e-02,1.263509e-02,6.089043e-02,4.649358e-03,3.154623e-02,1.462632e-01,9.389101e-03,6.494915e-03,2.214764e-02,2.798853e-01,3.369320e-03,4.398385e-02
2.219384e-01,7.178453e-02,5.005667e-03,3.171771e-02,9.939050e-03,4.538989e-02,3.679075e-03,2.424195e-02,1.186636e-01,7.343773e-03,5.859608e-03,1.749094e-02,4.006361e-01,3.320528e-03,3.298923e-02
1.953701e-01,5.575645e-02,6.874089e-03,3.280608e-02,1.120778e-02,3.380430e-02,3.555213e-03,2.504169e-02,1.238290e-01,8.242360e-03,6.269253e-03,1.441442e-02,4.413040e-01,3.218934e-03,3.830636e-02
2.037548e-01,5.046890e-02,3.218424e-02,5.095240e-02,1.408948e-02,2.540777e-02,3.422611e-03,1.960390e-02,2.008391e-01,1.508999e-02,9.053418e-03,1.256323e-02,3.221460e-01,3.799623e-03,3.662447e-02
2.486804e-01,4.343773e-02,3.310591e-02,4.319311e-02,1.550944e-02,2.064573e-02,4.731060e-03,1.770011e-02,1.730652e-01,1.663664e-02,1.617265e-02,1.389433e-02,2.683419e-01,8.649375e-03,7.623640e-02
2.332460e-01,3.765043e-02,3.156665e-02,3.182241e-02,2.046547e-02,1.681923e-02,4.652585e-03,1.625955e-02,1.497118e-01,1.387581e-02,1.403192e-02,1.137990e-02,2.692657e-01,9.438541e-03,1.398140e-01
1.775079e-01,3.626322e-02,2.969660e-02,2.382534e-02,1.717592e-02,2.075854e-02,3.676449e-03,1.274255e-02,1.537978e-01,1.109433e-02,1.207376e-02,1.020087e-02,3.672228e-01,7.989761e-03,1.159741e-01
1.307534e-01,2.939308e-02,2.484043e-02,1.815164e-02,1.284319e-02,1.794898e-02,2.847711e-03,9.555308e-03,1.777641e-01,8.632419e-03,1.140417e-02,9.790589e-03,4.477367e-01,5.868706e-03,9.246951e-02
9.791216e-02,3.155471e-02,2.362662e-02,1.500758e-02,1.013871e-02,1.311219e-02,2.106591e-03,7.034854e-03,3.574290e-01,6.965299e-03,8.946758e-03,7.915709e-03,3.357870e-01,5.265196e-03,7.719755e-02
8.042309e-02,2.841855e-02,1.705702e-02,1.106964e-02,1.028613e-02,1.124136e-02,1.696539e-03,5.203275e-03,2.658325e-01,5.003290e-03,8.897282e-03,1.252117e-02,4.708082e-01,5.183653e-03,6.635828e-02
6.697369e-02,2.104865e-02,1.351152e-02,8.466553e-03,1.376386e-02,1.170819e-02,1.872090e-03,4.275416e-03,1.877527e-01,3.553041e-03,8.295005e-03,1.289059e-02,5.877119e-01,4.676158e-03,5.350067e-02
6.360070e-02,1.574124e-02,1.211450e-02,6.454743e-03,2.273151e-02,9.312226e-03,1.600384e-03,3.533791e-03,1.341962e-01,2.685479e-03,6.253616e-03,1.086040e-02,6.664875e-01,3.753851e-03,4.067386e-02
7.524171e-02,1.223157e-02,1.460387e-02,5.140961e-03,2.585287e-02,8.595491e-03,1.648823e-03,3.168001e-03,9.617610e-02,2.177825e-03,5.179448e-03,1.001738e-02,7.045839e-01,4.126502e-03,3.125547e-02
1.277503e-01,1.131801e-02,2.799533e-02,6.106437e-03,2.300533e-02,8.504145e-03,1.888631e-03,3.686325e-03,7.055552e-02,4.689664e-03,5.101648e-03,9.253720e-03,6.674292e-01,5.755748e-03,2.695996e-02
1.168592e-01,8.721196e-03,2.811339e-02,5.342079e-03,2.894839e-02,8.605246e-03,4.066598e-03,1.716636e-02,5.178632e-02,5.443054e-03,6.092317e-03,8.459043e-03,6.816060e-01,4.459864e-03,2.433096e-02
1.003133e-01,6.392195e-03,2.429095e-02,4.053102e-03,2.370331e-02,6.962231e-03,5.224023e-02,1.332597e-01,3.667242e-02,4.714740e-03,6.879042e-03,7.589702e-03,5.583031e-01,3.505746e-03,3.112021e-02
9.407634e-02,5.067464e-03,2.888057e-02,3.787485e-03,2.135433e-02,6.023751e-03,8.429091e-02,2.820036e-01,2.628186e-02,3.563783e-03,5.257161e-03,5.648808e-03,4.046922e-01,2.587299e-03,2.648446e-02
8.525722e-02,4.552481e-03,3.800292e-02,4.256521e-03,2.752191e-02,6.322261e-03,1.251935e-01,3.607103e-01,2.011932e-02,2.705812e-03,4.036967e-03,4.180263e-03,2.938015e-01,1.894720e-03,2.144434e-02
6.894572e-02,3.742465e-03,3.058658e-02,3.948941e-03,2.880548e-02,5.656857e-03,2.748355e-01,3.293722e-01,1.509004e-02,1.983791e-03,3.424210e-03,3.060051e-03,2.127482e-01,1.387197e-03,1.641275e-02
5.612748e-02,3.219229e-03,2.323505e-02,3.449320e-03,2.899499e-02,4.966420e-03,3.483485e-01,3.363362e-01,1.185326e-02,1.655252e-03,3.149408e-03,2.357030e-03,1.586960e-01,1.090885e-03,1.652098e-02
4.390940e-02,2.438811e-03,1.659111e-02,2.914547e-03,2.201200e-02,3.995012e-03,5.040237e-01,2.608114e-01,9.359594e-03,1.347328e-03,2.469676e-03,1.758330e-03,1.133632e-01,8.010525e-04,1.420480e-02
4.341811e-02,2.062380e-03,1.272339e-02,2.629193e-03,1.789745e-02,3.675838e-03,5.983677e-01,2.072633e-01,8.606931e-03,1.195406e-03,2.272081e-03,1.440730e-03,8.563225e-02,7.507810e-04,1.206446e-02
4.383577e-02,1.985226e-03,1.058839e-02,2.419333e-03,1.428028e-02,3.841090e-03,6.712605e-01,1.652860e-01,7.612798e-03,1.034602e-03,2.027149e-03,1.329932e-03,6.322161e-02,7.897480e-04,1.048763e-02
4.333915e-02,1.891162e-03,1.175065e-02,2.561921e-03,1.217149e-02,6.297004e-03,7.027670e-01,1.517695e-01,5.780767e-03,1.248888e-03,2.107909e-03,1.648262e-03,4.560695e-02,9.933497e-04,1.006612e-02
3.433693e-02,1.765890e-03,1.167658e-02,2.614231e-03,1.081898e-02,1.135014e-02,7.271346e-01,1.414307e-01,4.324258e-03,2.917722e-03,2.980621e-03,1.572592e-03,3.384338e-02,1.217006e-03,1.201635e-02
2.439912e-02,1.483303e-03,9.185772e-03,2.010095e-03,8.145225e-03,8.779639e-03,6.458776e-01,1.063963e-01,3.279427e-03,2.508952e-02,1.335506e-02,2.322927e-03,3.009364e-02,5.234300e-03,1.143480e-01
1.734819e-02,1.397747e-03,7.012795e-03,1.458471e-03,5.807703e-03,7.447402e-03,4.904291e-01,7.505666e-02,2.203964e-02,4.789591e-02,2.074996e-02,2.207191e-03,2.336255e-02,6.390418e-02,2.138825e-01
1.227672e-02,1.420276e-03,4.990188e-03,1.043292e-03,4.260406e-03,5.573026e-03,3.689203e-01,5.290889e-02,2.525193e-02,5.102098e-02,2.019078e-02,2.303931e-03,1.818692e-02,1.415416e-01,2.901108e-01
8.644204e-03,1.083443e-03,3.505602e-03,7.423644e-04,3.068309e-03,4.059155e-03,2.640235e-01,3.707678e-02,2.332990e-02,3.850513e-02,1.690913e-02,1.760060e-03,1.348930e-02,2.376665e-01,3.461366e-01
6.099863e-03,7.788001e-04,2.461364e-03,5.313666e-04,2.292302e-03,2.890337e-03,1.863367e-01,2.597090e-02,2.071240e-02,2.826645e-02,1.342691e-02,1.453442e-03,1.010858e-02,2.325172e-01,4.661533e-01
4.409723e-03,6.078196e-04,1.748092e-03,3.996570e-04,1.857098e-03,2.409734e-03,1.315125e-01,1.821879e-02,2.358757e-02,2.320024e-02,1.723454e-02,1.512379e-03,8.437571e-03,2.941189e-01,4.707454e-01
3.185643e-03,5.292134e-04,1.284433e-03,2.893407e-04,1.488005e-03,2.005652e-03,9.209128e-02,1.276812e-02,3.216557e-02,1.920613e-02,1.666673e-02,1.450455e-03,6.787111e-03,4.658759e-01,3.442064e-01
2.768042e-03,9.252002e-04,2.111548e-03,2.801059e-04,1.420689e-03,4.321382e-03,6.475180e-02,9.117141e-03,4.055832e-02,2.078269e-02,3.653949e-02,1.444928e-03,5.393981e-03,5.377789e-01,2.718058e-01
2.299691e-03,1.253441e-03,1.867499e-03,2.057505e-04,1.045156e-03,4.975246e-03,4.536734e-02,6.400642e-03,3.227172e-02,2.365097e-02,4.542231e-02,1.094974e-03,3.887664e-03,6.311863e-01,1.990713e-01
2.489460e-03,2.445846e-03,1.576402e-03,1.644705e-04,7.519138e-04,5.343305e-03,3.179439e-02,4.515929e-03,3.580187e-02,3.133144e-02,6.292885e-02,9.847240e-04,2.830033e-03,6.681033e-01,1.489380e-01
3.742540e-03,6.718122e-03,1.784654e-03,2.035620e-04,6.075213e-04,5.308472e-03,2.228918e-02,3.304558e-03,8.255814e-02,4.138573e-02,6.841260e-02,1.127568e-03,2.195405e-03,6.394487e-01,1.209132e-01
3.760552e-03,9.108672e-03,1.685738e-03,2.588988e-04,4.792929e-04,5.962356e-03,1.561144e-02,2.337827e-03,1.212316e-01,3.560974e-02,9.652233e-02,9.730946e-04,1.651266e-03,6.132386e-01,9.156856e-02
3.048063e-03,1.551469e-02,1.450887e-03,2.071620e-04,3.812796e-04,5.750043e-03,1.093308e-02,1.658936e-03,1.764005e-01,2.947724e-02,8.424030e-02,7.610244e-04,1.233066e-03,6.005943e-01,6.834952e-02
2.682275e-03,1.944454e-02,1.690066e-03,1.947273e-04,5.259620e-04,6.252114e-03,7.657185e-03,1.213713e-03,2.261720e-01,2.304128e-02,6.118622e-02,5.510376e-04,9.160349e-04,5.994432e-01,4.902965e-02
2.795246e-03,1.828477e-02,2.177857e-03,4.335198e-04,1.125591e-03,6.955595e-03,5.376859e-03,1.074534e-03,3.625344e-01,1.778415e-02,4.385365e-02,4.156519e-04,8.387982e-04,5.013813e-01,3.496803e-02
8.628592e-03,3.736460e-02,8.047572e-03,3.965881e-03,1.557181e-02,1.061472e-02,3.942017e-03,1.559088e-03,4.060199e-01,1.797444e-02,3.223585e-02,3.729986e-04,1.284463e-03,4.263098e-01,2.610828e-02
9.045820e-03,4.155711e-02,7.426380e-03,9.428605e-03,3.184387e-02,9.274673e-03,2.912743e-03,1.542771e-03,5.068836e-01,1.352015e-02,2.329616e-02,3.610918e-04,1.182823e-03,3.226568e-01,1.906744e-02
1.560972e-02,3.028774e-02,1.039175e-02,1.215175e-02,5.933734e-02,2.074470e-02,6.580503e-02,6.991185e-03,3.822963e-01,1.064690e-02,1.684285e-02,2.983586e-04,1.204685e-03,3.533666e-01,1.402509e-02
2.704374e-02,2.173162e-02,1.288237e-02,8.762777e-03,4.393649e-02,3.241244e-02,2.324282e-01,9.871967e-03,2.735269e-01,8.486914e-03,1.338417e-02,2.847642e-04,1.661266e-03,3.026313e-01,1.095507e-02
4.680894e-02,1.559307e-02,1.296561e-02,6.279888e-03,3.351099e-02,4.386976e-02,3.294752e-01,8.519837e-03,1.961554e-01,6.397401e-03,1.537986e-02,3.157932e-04,1.910909e-03,2.743761e-01,8.441223e-03
4.254165e-02,1.127941e-02,1.076606e-02,4.649397e-03,2.648612e-02,4.191721e-02,4.680722e-01,1.298986e-02,1.412017e-01,4.862519e-03,1.578869e-02,8.020187e-04,2.928803e-03,2.096164e-01,6.097939e-03
3.989494e-02,8.222992e-03,1.283184e-02,3.486610e-03,2.008867e-02,2.995784e-02,5.805987e-01,1.704999e-02,1.053021e-01,4.624592e-03,1.275115e-02,1.242169e-03,2.687172e-03,1.565381e-01,4.722957e-03
4.489468e-02,6.237338e-03,1.428434e-02,2.879813e-03,1.654312e-02,2.254251e-02,6.465625e-01,2.026241e-02,7.616497e-02,4.064059e-03,9.924161e-03,2.354529e-03,3.372149e-03,1.260774e-01,3.836044e-03
4.959743e-02,5.030142e-03,1.390739e-02,3.528003e-03,1.258002e-02,1.779321e-02,7.067952e-01,2.359640e-02,5.507204e-02,3.354844e-03,7.137046e-03,4.751931e-03,4.067255e-03,8.951920e-02,3.269834e-03
5.683109e-02,4.960165e-03,1.635152e-02,5.639033e-03,9.975499e-03,1.573290e-02,7.371294e-01,2.182213e-02,4.166121e-02,3.009025e-03,5.342488e-03,8.759977e-03,5.335468e-03,6.381623e-02,3.633782e-03
6.945693e-02,4.185733e-03,3.161860e-02,8.668633e-03,8.567349e-03,1.549200e-02,7.000996e-01,5.352504e-02,3.379851e-02,2.681849e-03,4.277092e-03,1.281904e-02,5.709535e-03,4.541218e-02,3.687926e-03
5.590575e-02,3.125821e-03,4.079923e-02,7.305745e-03,6.253233e-03,1.225386e-02,7.422321e-01,5.337074e-02,2.392867e-02,2.304298e-03,3.074023e-03,9.807511e-03,4.602090e-03,3.216729e-02,2.869574e-03
5.646645e-02,2.608747e-03,7.533226e-02,7.318431e-03,4.813341e-03,1.754530e-02,7.110977e-01,5.755036e-02,1.714281e-02,2.315103e-03,2.539030e-03,1.137811e-02,7.162578e-03,2.328490e-02,3.444857e-03
9.486888e-02,5.148745e-03,1.363549e-01,8.729239e-03,5.853741e-03,2.528120e-02,5.821899e-01,7.339706e-02,1.428887e-02,3.047254e-03,3.054758e-03,1.477067e-02,1.041000e-02,1.715541e-02,5.449263e-03
1.402235e-01,8.551129e-03,1.595092e-01,8.865812e-03,6.913608e-03,3.308924e-02,4.856794e-01,8.581958e-02,1.218988e-02,3.915923e-03,3.391842e-03,1.702370e-02,1.447405e-02,1.323802e-02,7.114983e-03
1.397076e-01,7.025203e-03,1.959067e-01,1.077515e-02,7.070241e-03,3.382470e-02,4.232071e-01,1.068016e-01,8.828305e-03,6.756300e-03,2.926647e-03,1.310747e-02,2.663878e-02,9.905764e-03,7.518408e-03
2.100234e-01,6.581965e-03,1.922106e-01,1.068486e-02,7.461932e-03,2.798530e-02,3.486360e-01,1.205450e-01,7.087151e-03,1.126672e-02,3.113955e-03,1.314086e-02,2.299162e-02,8.475796e-03,9.794832e-03
2.891321e-01,6.843842e-03,1.499610e-01,9.445402e-03,7.776154e-03,2.508761e-02,2.972275e-01,1.371924e-01,5.469233e-03,1.210927e-02,3.372184e-03,1.533598e-02,1.992073e-02,7.203731e-03,1.392270e-02
3.465943e-01,9.498889e-03,1.206657e-01,1.034046e-02,8.124091e-03,2.403918e-02,2.353535e-01,1.355302e-01,5.474231e-03,2.876103e-02,6.581347e-03,1.895340e-02,2.461717e-02,8.465474e-03,1.700091e-02
3.690825e-01,1.162878e-02,1.013756e-01,1.207858e-02,9.905364e-03,2.283098e-02,1.859870e-01,1.305021e-01,5.154628e-03,7.167622e-02,7.273553e-03,1.666705e-02,2.670588e-02,9.747734e-03,1.938401e-02
3.793759e-01,9.343795e-03,8.299413e-02,1.170133e-02,1.148455e-02,2.708074e-02,1.435602e-01,1.042924e-01,6.553133e-03,1.280727e-01,9.751047e-03,1.948088e-02,3.556368e-02,9.434014e-03,2.131150e-02
4.246825e-01,1.061587e-02,6.242234e-02,1.485917e-02,1.292666e-02,6.581061e-02,1.056748e-01,7.921933e-02,6.683353e-03,1.018099e-01,9.782652e-03,3.106009e-02,4.189770e-02,8.094369e-03,2.446059e-02
4.734480e-01,1.216744e-02,4.750620e-02,1.602575e-02,1.380621e-02,8.447027e-02,7.788243e-02,5.908000e-02,6.789405e-03,7.914615e-02,1.026122e-02,3.646424e-02,4.887732e-02,7.719968e-03,2.635540e-02
1.000000e+00,0.000000e+00,0.000000e+00,0.000000e+00,0.000000e+00,0.000000e+00,0.000000e+00,0.000000e+00,0.000000e+00,0.000000e+00,0.000000e+00,0.000000e+00,0.000000e+00,0.000000e+00,0.000000e+00
1.000000e+00,0.000000e+00,0.000000e+00,0.000000e+00,0.000000e+00,0.000000e+00,0.000000e+00,0.000000e+00,0.000000e+00,0.000000e+00,0.000000e+00,0.000000e+00,0.000000e+00,0.000000e+00,0.000000e+00
1.000000e+00,0.000000e+00,0.000000e+00,0.000000e+00,0.000000e+00,0.000000e+00,0.000000e+00,0.000000e+00,0.000000e+00,0.000000e+00,0.000000e+00,0.000000e+00,0.000000e+00,0.000000e+00,0.000000e+00
1.000000e+00,0.000000e+00,0.000000e+00,0.000000e+00,0.000000e+00,0.000000e+00,0.000000e+00,0.000000e+00,0.000000e+00,0.000000e+00,0.000000e+00,0.000000e+00,0.000000e+00,0.000000e+00,0.000000e+00
4.707486e-01,2.219228e-02,1.756803e-02,3.142824e-02,4.677740e-02,6.094241e-02,2.660192e-02,2.281458e-02,2.371716e-02,1.936851e-02,1.577371e-02,4.625741e-02,1.611288e-01,3.847008e-03,3.083403e-02
3.761141e-01,2.184919e-02,2.274215e-02,2.879882e-02,5.224259e-02,4.956744e-02,3.640994e-02,7.747741e-02,3.115477e-02,1.599104e-02,1.245770e-02,3.380351e-02,2.003678e-01,3.321037e-03,3.770252e-02
2.994645e-01,1.781604e-02,6.380251e-02,3.105720e-02,5.645619e-02,3.854369e-02,5.173596e-02,1.218259e-01,2.840739e-02,1.332556e-02,9.921999e-03,2.446297e-02,1.993626e-01,3.416909e-03,4.040065e-02
2.479324e-01,1.562287e-02,8.714119e-02,2.910897e-02,1.073188e-01,3.466587e-02,1.303291e-01,9.708345e-02,2.433939e-02,1.554966e-02,7.449906e-03,1.821424e-02,1.480944e-01,2.646278e-03,3.450356e-02
1.878228e-01,1.381702e-02,6.816231e-02,2.399866e-02,1.328650e-01,3.762687e-02,2.260687e-01,7.401925e-02,1.984009e-02,3.620739e-02,7.195460e-03,1.403606e-02,1.230490e-01,2.193904e-03,3.309752e-02
1.350213e-01,1.176958e-02,5.080415e-02,1.838575e-02,1.240338e-01,3.802505e-02,3.332936e-01,5.320475e-02,1.481092e-02,8.055553e-02,6.848979e-03,1.054933e-02,9.238297e-02,1.774141e-03,2.854012e-02
1.549275e-01,1.214819e-02,4.050266e-02,1.765390e-02,1.085197e-01,8.686380e-02,3.471456e-01,4.213043e-02,1.276740e-02,6.510332e-02,9.107908e-03,1.091163e-02,6.796698e-02,1.741969e-03,2.250904e-02
1.607665e-01,1.408099e-02,3.234947e-02,1.648010e-02,9.297046e-02,1.694712e-01,2.712334e-01,3.079186e-02,1.052981e-02,8.555501e-02,2.809463e-02,1.863142e-02,4.874510e-02,2.114122e-03,1.818597e-02
