1.000000e+00,0.000000e+00,0.000000e+00,0.000000e+00,0.000000e+00,0.000000e+00,0.000000e+00,0.000000e+00,0.000000e+00,0.000000e+00,0.000000e+00,0.000000e+00,0.000000e+00,0.000000e+00,0.000000e+00
1.000000e+00,0.000000e+00,0.000000e+00,0.000000e+00,0.000000e+00,0.000000e+00,0.000000e+00,0.000000e+00,0.000000e+00,0.000000e+00,0.000000e+00,0.000000e+00,0.000000e+00,0.000000e+00,0.000000e+00
1.000000e+00,0.000000e+00,0.000000e+00,0.000000e+00,0.000000e+00,0.000000e+00,0.000000e+00,0.000000e+00,0.000000e+00,0.000000e+00,0.000000e+00,0.000000e+00,0.000000e+00,0.000000e+00,0.000000e+00
1.000000e+00,0.000000e+00,0.000000e+00,0.000000e+00,0.000000e+00,0.000000e+00,0.000000e+00,0.000000e+00,0.000000e+00,0.000000e+00,0.000000e+00,0.000000e+00,0.000000e+00,0.000000e+00,0.000000e+00
1.000000e+00,0.000000e+00,0.000000e+00,0.000000e+00,0.000000e+00,0.000000e+00,0.000000e+00,0.000000e+00,0.000000e+00,0.000000e+00,0.000000e+00,0.000000e+00,0.000000e+00,0.000000e+00,0.000000e+00
1.000000e+00,0.000000e+00,0.000000e+00,0.000000e+00,0.000000e+00,0.000000e+00,0.000000e+00,0.000000e+00,0.000000e+00,0.000000e+00,0.000000e+00,0.000000e+00,0.000000e+00,0.000000e+00,0.000000e+00
1.000000e+00,0.000000e+00,0.000000e+00,0.000000e+00,0.000000e+00,0.000000e+00,0.000000e+00,0.000000e+00,0.000000e+00,0.000000e+00,0.000000e+00,0.000000e+00,0.000000e+00,0.000000e+00,0.000000e+00
1.000000e+00,0.000000e+00,0.000000e+00,0.000000e+00,0.000000e+00,0.000000e+00,0.000000e+00,0.000000e+00,0.000000e+00,0.000000e+00,0.000000e+00,0.000000e+00,0.000000e+00,0.000000e+00,0.000000e+00
1.000000e+00,0.000000e+00,0.000000e+00,0.000000e+00,0.000000e+00,0.000000e+00,0.000000e+00,0.000000e+00,0.000000e+00,0.000000e+00,0.000000e+00,0.000000e+00,0.000000e+00,0.000000e+00,0.000000e+00
1.000000e+00,0.000000e+00,0.000000e+00,0.000000e+00,0.000000e+00,0.000000e+00,0.000000e+00,0.000000e+00,0.000000e+00,0.000000e+00,0.000000e+00,0.000000e+00,0.000000e+00,0.000000e+00,0.000000e+00
1.000000e+00,0.000000e+00,0.000000e+00,0.000000e+00,0.000000e+00,0.000000e+00,0.000000e+00,0.000000e+00,0.000000e+00,0.000000e+00,0.000000e+00,0.000000e+00,0.000000e+00,0.000000e+00,0.000000e+00
1.000000e+00,0.000000e+00,0.000000e+00,0.000000e+00,0.000000e+00,0.000000e+00,0.000000e+00,0.000000e+00,0.000000e+00,0.000000e+00,0.000000e+00,0.000000e+00,0.000000e+00,0.000000e+00,0.000000e+00
1.000000e+00,0.000000e+00,0.000000e+00,0.000000e+00,0.000000e+00,0.000000e+00,0.000000e+00,0.000000e+00,0.000000e+00,0.000000e+00,0.000000e+00,0.000000e+00,0.000000e+00,0.000000e+00,0.000000e+00
1.000000e+00,0.000000e+00,0.000000e+00,0.000000e+00,0.000000e+00,0.000000e+00,0.000000e+00,0.000000e+00,0.000000e+00,0.000000e+00,0.000000e+00,0.000000e+00,0.000000e+00,0.000000e+00,0.000000e+00
1.000000e+00,0.000000e+00,0.000000e+00,0.000000e+00,0.000000e+00,0.000000e+00,0.000000e+00,0.000000e+00,0.000000e+00,0.000000e+00,0.000000e+00,0.000000e+00,0.000000e+00,0.000000e+00,0.000000e+00
1.000000e+00,0.000000e+00,0.000000e+00,0.000000e+00,0.000000e+00,0.000000e+00,0.000000e+00,0.000000e+00,0.000000e+00,0.000000e+00,0.000000e+00,0.000000e+00,0.000000e+00,0.000000e+00,0.000000e+00
1.000000e+00,0.000000e+00,0.000000e+00,0.000000e+00,0.000000e+00,0.000000e+00,0.000000e+00,0.000000e+00,0.000000e+00,0.000000e+00,0.000000e+00,0.000000e+00,0.000000e+00,0.000000e+00,0.000000e+00
1.000000e+00,0.000000e+00,0.000000e+00,0.000000e+00,0.000000e+00,0.000000e+00,0.000000e+00,0.000000e+00,0.000000e+00,0.000000e+00,0.000000e+00,0.000000e+00,0.000000e+00,0.000000e+00,0.000000e+00
1.000000e+00,0.000000e+00,0.000000e+00,0.000000e+00,0.000000e+00,0.000000e+00,0.000000e+00,0.000000e+00,0.000000e+00,0.000000e+00,0.000000e+00,0.000000e+00,0.000000e+00,0.000000e+00,0.000000e+00
1.000000e+00,0.000000e+00,0.000000e+00,0.000000e+00,0.000000e+00,0.000000e+00,0.000000e+00,0.000000e+00,0.000000e+00,0.000000e+00,0.000000e+00,0.000000e+00,0.000000e+00,0.000000e+00,0.000000e+00
1.000000e+00,0.000000e+00,0.000000e+00,0.000000e+00,0.000000e+00,0.000000e+00,0.000000e+00,0.000000e+00,0.000000e+00,0.000000e+00,0.000000e+00,0.000000e+00,0.000000e+00,0.000000e+00,0.000000e+00
1.000000e+00,0.000000e+00,0.000000e+00,0.000000e+00,0.000000e+00,0.000000e+00,0.000000e+00,0.000000e+00,0.000000e+00,0.000000e+00,0.000000e+00,0.000000e+00,0.000000e+00,0.000000e+00,0.000000e+00
1.000000e+00,0.000000e+00,0.000000e+00,0.000000e+00,0.000000e+00,0.000000e+00,0.000000e+00,0.000000e+00,0.000000e+00,0.000000e+00,0.000000e+00,0.000000e+00,0.000000e+00,0.000000e+00,0.000000e+00
1.000000e+00,0.000000e+00,0.000000e+00,0.000000e+00,0.000000e+00,0.000000e+00,0.000000e+00,0.000000e+00,0.000000e+00,0.000000e+00,0.000000e+00,0.000000e+00,0.000000e+00,0.000000e+00,0.000000e+00
1.000000e+00,0.000000e+00,0.000000e+00,0.000000e+00,0.000000e+00,0.000000e+00,0.000000e+00,0.000000e+00,0.000000e+00,0.000000e+00,0.000000e+00,0.000000e+00,0.000000e+00,0.000000e+00,0.000000e+00
1.000000e+00,0.000000e+00,0.000000e+00,0.000000e+00,0.000000e+00,0.000000e+00,0.000000e+00,0.000000e+00,0.000000e+00,0.000000e+00,0.000000e+00,0.000000e+00,0.000000e+00,0.000000e+00,0.000000e+00
1.000000e+00,0.000000e+00,0.000000e+00,0.000000e+00,0.000000e+00,0.000000e+00,0.000000e+00,0.000000e+00,0.000000e+00,0.000000e+00,0.000000e+00,0.000000e+00,0.000000e+00,0.000000e+00,0.000000e+00
1.000000e+00,0.000000e+00,0.000000e+00,0.000000e+00,0.000000e+00,0.000000e+00,0.000000e+00,0.000000e+00,0.000000e+00,0.000000e+00,0.000000e+00,0.000000e+00,0.000000e+00,0.000000e+00,0.000000e+00
1.000000e+00,0.000000e+00,0.000000e+00,0.000000e+00,0.000000e+00,0.000000e+00,0.000000e+00,0.000000e+00,0.000000e+00,0.000000e+00,0.000000e+00,0.000000e+00,0.000000e+00,0.000000e+00,0.000000e+00
1.000000e+00,0.000000e+00,0.000000e+00,0.000000e+00,0.000000e+00,0.000000e+00,0.000000e+00,0.000000e+00,0.000000e+00,0.000000e+00,0.000000e+00,0.000000e+00,0.000000e+00,0.000000e+00,0.000000e+00
1.000000e+00,0.000000e+00,0.000000e+00,0.000000e+00,0.000000e+00,0.000000e+00,0.000000e+00,0.000000e+00,0.000000e+00,0.000000e+00,0.000000e+00,0.000000e+00,0.000000e+00,0.000000e+00,0.000000e+00
1.000000e+00,0.000000e+00,0.000000e+00,0.000000e+00,0.000000e+00,0.000000e+00,0.000000e+00,0.000000e+00,0.000000e+00,0.000000e+00,0.000000e+00,0.000000e+00,0.000000e+00,0.000000e+00,0.000000e+00
1.000000e+00,0.000000e+00,0.000000e+00,0.000000e+00,0.000000e+00,0.000000e+00,0.000000e+00,0.000000e+00,0.000000e+00,0.000000e+00,0.000000e+00,0.000000e+00,0.000000e+00,0.000000e+00,0.000000e+00
1.000000e+00,0.000000e+00,0.000000e+00,0.000000e+00,0.000000e+00,0.000000e+00,0.000000e+00,0.000000e+00,0.000000e+00,0.000000e+00,0.000000e+00,0.000000e+00,0.000000e+00,0.000000e+00,0.000000e+00
1.000000e+00,0.000000e+00,0.000000e+00,0.000000e+00,0.000000e+00,0.000000e+00,0.000000e+00,0.000000e+00,0.000000e+00,0.000000e+00,0.000000e+00,0.000000e+00,0.000000e+00,0.000000e+00,0.000000e+00
1.000000e+00,0.000000e+00,0.000000e+00,0.000000e+00,0.000000e+00,0.000000e+00,0.000000e+00,0.000000e+00,0.000000e+00,0.000000e+00,0.000000e+00,0.000000e+00,0.000000e+00,0.000000e+00,0.000000e+00
1.000000e+00,0.000000e+00,0.000000e+00,0.000000e+00,0.000000e+00,0.000000e+00,0.000000e+00,0.000000e+00,0.000000e+00,0.000000e+00,0.000000e+00,0.000000e+00,0.000000e+00,0.000000e+00,0.000000e+00
1.000000e+00,0.000000e+00,0.000000e+00,0.000000e+00,0.000000e+00,0.000000e+00,0.000000e+00,0.000000e+00,0.000000e+00,0.000000e+00,0.000000e+00,0.000000e+00,0.000000e+00,0.000000e+00,0.000000e+00
3.958678e-01,4.697048e-02,5.919602e-02,1.972337e-01,1.417103e-02,2.970483e-02,7.562982e-03,4.897671e-02,1.802947e-02,4.268575e-03,3.224919e-02,8.567374e-02,1.773484e-02,4.977576e-03,3.738304e-02
3.263895e-01,6.638378e-02,5.515903e-02,2.150569e-01,2.339201e-02,2.744838e-02,9.029044e-03,3.976111e-02,2.645747e-02,4.830320e-03,4.404229e-02,8.191920e-02,2.022845e-02,1.176071e-02,4.814180e-02
2.648861e-01,7.399930e-02,5.191512e-02,2.430537e-01,2.793473e-02,2.880932e-02,9.006036e-03,3.624915e-02,3.013089e-02,5.410879e-03,4.795003e-02,8.790223e-02,2.294298e-02,1.440529e-02,5.540426e-02
1.990742e-01,7.193585e-02,6.208616e-02,2.979994e-01,2.700154e-02,2.781256e-02,8.055774e-03,3.431096e-02,3.176639e-02,5.512521e-03,4.969011e-02,9.142528e-02,2.325772e-02,1.367761e-02,5.639392e-02
1.506703e-01,8.839121e-02,8.155550e-02,3.666981e-01,2.737644e-02,2.342956e-02,6.693016e-03,2.997988e-02,2.791612e-02,4.372566e-03,4.272694e-02,6.983747e-02,1.815519e-02,1.206280e-02,5.013490e-02
2.067922e-01,8.783141e-02,6.607510e-02,3.221691e-01,3.039212e-02,2.440488e-02,7.173291e-03,2.521843e-02,2.908269e-02,3.980523e-03,4.438592e-02,6.230380e-02,2.284745e-02,1.407528e-02,5.326781e-02
1.942582e-01,8.159259e-02,7.366604e-02,3.132946e-01,3.633000e-02,2.774228e-02,7.688783e-03,2.749652e-02,2.811478e-02,3.876882e-03,4.137395e-02,6.528891e-02,2.748613e-02,1.339288e-02,5.839740e-02
2.420587e-01,7.343841e-02,7.365867e-02,2.727527e-01,3.601124e-02,2.837829e-02,7.855432e-03,2.667860e-02,2.497588e-02,3.703292e-03,3.985258e-02,7.163364e-02,2.966110e-02,1.322095e-02,5.612056e-02
2.158605e-01,6.239619e-02,1.341579e-01,3.037418e-01,3.018636e-02,2.297613e-02,6.613391e-03,2.784802e-02,1.969834e-02,3.156500e-03,3.356334e-02,5.770458e-02,2.411104e-02,1.027112e-02,4.771481e-02
1.831684e-01,5.341425e-02,2.155424e-01,3.307023e-01,2.214362e-02,1.752993e-02,5.010992e-03,2.236807e-02,1.608520e-02,2.755522e-03,2.552634e-02,4.181779e-02,1.820705e-02,7.435452e-03,3.829262e-02
2.826280e-01,4.246042e-02,2.000615e-01,2.754284e-01,1.657999e-02,1.757968e-02,4.463762e-03,1.860330e-02,1.573848e-02,2.857732e-03,2.084573e-02,3.301014e-02,1.957308e-02,5.939189e-03,4.423060e-02
3.867906e-01,3.324083e-02,2.046837e-01,2.105383e-01,1.231543e-02,1.627156e-02,3.814995e-03,1.510270e-02,1.190197e-02,2.398930e-03,1.668894e-02,2.764450e-02,1.779624e-02,4.701472e-03,3.610982e-02
1.000000e+00,0.000000e+00,0.000000e+00,0.000000e+00,0.000000e+00,0.000000e+00,0.000000e+00,0.000000e+00,0.000000e+00,0.000000e+00,0.000000e+00,0.000000e+00,0.000000e+00,0.000000e+00,0.000000e+00
1.000000e+00,0.000000e+00,0.000000e+00,0.000000e+00,0.000000e+00,0.000000e+00,0.000000e+00,0.000000e+00,0.000000e+00,0.000000e+00,0.000000e+00,0.000000e+00,0.000000e+00,0.000000e+00,0.000000e+00
4.597735e-01,5.103553e-02,8.766497e-02,1.540478e-01,8.370782e-03,1.557937e-02,3.968652e-03,9.131966e-03,2.215140e-02,4.084750e-03,9.352699e-03,2.234938e-02,1.994693e-02,4.808358e-03,1.277340e-01
3.568876e-01,4.817907e-02,6.268156e-02,1.361954e-01,7.285316e-03,1.797049e-02,3.758125e-03,6.874407e-03,2.667084e-02,4.318651e-03,7.438058e-03,1.743967e-02,7.645798e-02,4.799138e-03,2.230437e-01
2.767231e-01,9.405264e-02,4.535760e-02,1.323423e-01,6.417742e-03,1.492855e-02,3.124509e-03,4.999822e-03,7.040931e-02,6.739673e-03,6.470722e-03,1.330687e-02,7.738966e-02,4.613039e-03,2.431245e-01
2.506881e-01,8.069153e-02,3.255312e-02,1.152808e-01,5.175492e-03,1.643794e-02,2.594291e-03,3.936243e-03,6.194820e-02,5.446310e-03,4.904795e-03,1.004467e-02,2.226736e-01,3.548457e-03,1.840765e-01
1.802293e-01,6.913525e-02,2.393698e-02,8.937583e-02,3.762926e-03,1.587497e-02,2.087384e-03,2.847312e-03,4.929494e-02,4.226725e-03,3.484002e-03,7.220635e-03,4.037466e-01,2.591439e-03,1.421856e-01
1.273566e-01,5.052647e-02,1.713267e-02,6.694832e-02,2.774029e-03,1.466997e-02,3.795678e-03,2.087640e-03,3.728664e-02,3.156696e-03,2.548349e-03,5.459414e-03,5.595470e-01,1.875354e-03,1.048351e-01
9.005063e-02,3.623739e-02,1.209407e-02,4.849251e-02,2.152714e-03,1.186329e-02,4.914376e-03,1.476871e-03,2.728087e-02,2.253548e-03,1.828326e-03,3.915085e-03,6.807709e-01,1.323772e-03,7.534557e-02
6.387325e-02,2.547161e-02,8.478926e-03,3.433982e-02,1.647934e-03,8.972796e-03,4.472960e-03,1.043670e-03,2.000228e-02,1.625345e-03,1.401201e-03,7.460864e-03,7.665065e-01,9.381277e-04,5.376472e-02
4.518154e-02,1.783759e-02,5.935970e-03,2.404352e-02,1.169253e-03,6.662625e-03,3.341019e-03,7.346179e-04,1.409098e-02,1.156020e-03,1.154778e-03,1.390891e-01,7.011451e-01,6.727435e-04,3.778514e-02
3.244346e-02,1.249033e-02,4.156739e-03,1.683978e-02,8.352552e-04,7.827805e-03,2.589739e-03,5.233454e-04,9.922127e-03,8.648497e-04,1.428552e-03,3.254755e-01,5.571443e-01,5.686783e-04,2.688950e-02
2.417555e-02,8.746292e-03,2.920056e-03,1.184033e-02,6.005138e-04,6.803115e-03,2.101893e-03,4.292683e-04,6.994217e-03,9.750932e-04,2.474598e-03,5.184048e-01,3.941377e-01,5.401003e-04,1.885647e-02
1.957672e-02,6.124679e-03,2.046356e-03,8.310039e-03,4.415654e-04,5.661182e-03,1.768953e-03,4.129161e-04,4.930847e-03,8.360615e-04,4.149988e-03,6.542016e-01,2.775598e-01,7.397431e-04,1.323954e-02
1.470183e-02,4.288439e-03,1.437677e-03,5.856065e-03,3.645875e-04,6.031727e-03,1.749404e-03,5.083424e-04,3.492876e-03,7.792910e-04,7.949935e-03,7.480771e-01,1.946773e-01,7.587496e-04,9.326772e-03
1.062265e-02,3.004459e-03,1.015283e-03,4.108624e-03,3.058884e-04,4.520207e-03,1.355133e-03,4.371342e-04,2.463527e-03,9.422865e-04,9.698623e-03,8.178533e-01,1.363545e-01,7.632246e-04,6.555158e-03
8.103361e-03,2.134657e-03,9.286608e-04,2.976339e-03,4.453598e-04,4.765591e-03,1.317062e-03,1.268231e-03,1.829104e-03,1.507890e-03,1.039336e-02,8.632041e-01,9.566947e-02,8.018276e-04,4.655062e-03
9.596393e-03,1.806853e-03,1.598471e-03,2.471283e-03,1.173617e-03,6.971486e-03,3.782114e-03,4.460095e-03,1.919116e-03,1.736991e-03,3.078232e-02,8.596547e-01,6.736331e-02,3.159408e-03,3.523906e-03
1.059448e-02,1.494081e-03,1.402512e-03,1.894829e-03,1.304187e-03,7.738119e-03,5.403139e-03,4.585961e-03,2.459727e-03,1.431420e-03,1.005557e-01,8.050506e-01,4.803184e-02,5.245708e-03,2.807712e-03
8.303961e-03,7.015262e-03,7.353691e-03,1.850323e-03,4.904817e-03,6.256028e-03,4.573870e-03,3.526870e-03,6.693921e-03,3.640334e-03,1.797321e-01,7.233604e-01,3.409214e-02,5.112038e-03,3.584228e-03
6.433679e-03,5.473465e-03,5.517982e-03,1.391404e-03,4.281143e-03,4.996398e-03,3.309519e-03,2.616096e-03,4.352151e-02,3.625709e-03,3.007618e-01,5.797065e-01,2.400005e-02,1.159211e-02,2.772588e-03
5.219475e-03,5.151457e-03,4.862802e-03,1.237696e-03,4.254865e-03,4.565239e-03,2.381936e-03,2.013624e-03,6.097496e-02,3.352244e-03,4.441147e-01,4.296641e-01,1.699915e-02,1.286378e-02,2.343977e-03
4.742255e-03,4.108746e-03,3.744141e-03,1.004431e-03,7.933436e-03,3.441217e-03,1.772218e-03,1.560757e-03,5.857351e-02,3.221976e-03,5.744345e-01,3.092186e-01,1.206300e-02,1.220294e-02,1.978281e-03
4.880825e-03,3.695991e-03,3.060090e-03,9.183325e-04,1.060562e-02,2.792480e-03,1.367071e-03,1.513451e-03,5.663011e-02,3.282967e-03,6.653304e-01,2.228453e-01,8.579859e-03,1.268344e-02,1.814166e-03
4.902345e-03,3.502505e-03,2.733537e-03,9.901014e-04,1.168176e-02,2.546981e-03,9.792428e-04,1.269544e-03,8.733825e-02,3.632501e-03,6.968153e-01,1.589573e-01,6.107670e-03,1.484196e-02,3.701004e-03
9.113668e-03,3.202715e-03,2.636208e-03,1.347658e-03,1.358754e-02,2.699491e-03,7.093779e-04,1.753879e-03,8.917075e-02,3.978564e-03,7.387407e-01,1.120492e-01,4.348477e-03,1.294250e-02,3.719312e-03
1.959472e-02,2.831099e-03,2.568302e-03,1.475696e-03,1.437131e-02,2.829914e-03,5.110098e-04,1.757589e-03,8.930188e-02,3.886807e-03,7.598046e-01,8.007786e-02,3.172275e-03,1.426852e-02,3.548426e-03
3.112892e-02,3.648372e-03,8.931542e-03,3.727911e-03,1.347569e-02,5.429501e-03,4.050076e-04,4.565962e-03,1.420904e-01,5.805644e-03,7.023878e-01,5.713427e-02,2.405005e-03,1.465302e-02,4.210954e-03
3.254986e-02,3.553006e-03,9.722566e-03,4.657720e-03,1.327425e-02,5.629746e-03,3.071604e-04,5.009377e-03,2.078232e-01,6.608586e-03,6.411228e-01,4.078823e-02,1.789104e-03,2.244837e-02,4.716077e-03
5.052531e-02,3.710926e-03,7.853361e-03,4.339427e-03,1.210361e-02,5.750244e-03,2.519704e-04,5.371275e-03,2.133171e-01,6.170949e-03,6.304927e-01,2.997449e-02,1.447108e-03,2.321625e-02,5.475241e-03
5.983237e-02,3.239151e-03,1.308431e-02,1.051903e-02,1.381709e-02,5.733329e-03,2.973347e-04,8.037790e-03,2.214172e-01,5.935824e-03,6.081825e-01,2.170269e-02,1.145570e-03,2.177023e-02,5.285537e-03
6.121699e-02,3.420590e-03,1.318778e-02,1.070507e-02,1.514842e-02,5.179807e-03,3.609021e-04,7.642464e-03,2.147034e-01,5.905099e-03,6.191858e-01,1.555283e-02,9.187454e-04,2.177742e-02,5.094671e-03
5.826214e-02,3.310203e-03,1.427396e-02,1.088864e-02,1.712673e-02,4.621471e-03,4.396897e-04,8.660696e-03,1.890079e-01,6.054757e-03,6.509703e-01,1.139001e-02,8.397900e-04,1.967102e-02,4.482694e-03
6.995856e-02,2.822681e-03,1.347353e-02,9.715018e-03,1.669829e-02,5.533019e-03,5.553982e-04,9.010954e-03,1.959700e-01,5.511831e-03,6.352632e-01,8.293686e-03,8.550097e-04,2.200444e-02,4.334396e-03
7.590512e-02,2.696386e-03,1.450525e-02,8.712953e-03,1.434286e-02,8.344471e-03,5.771241e-04,8.792758e-03,2.262836e-01,5.115745e-03,5.838428e-01,6.346819e-03,1.243720e-03,3.847720e-02,4.813167e-03
8.353259e-02,3.035996e-03,1.509762e-02,7.054965e-03,1.374416e-02,1.439227e-02,6.260447e-04,7.096148e-03,2.704483e-01,5.056059e-03,5.094328e-01,6.356665e-03,1.965030e-03,5.681974e-02,5.341643e-03
1.050727e-01,4.896339e-03,1.861815e-02,6.246415e-03,1.558370e-02,4.948325e-02,2.014344e-03,6.868767e-03,2.507309e-01,5.993805e-03,4.105921e-01,6.851780e-03,4.047215e-03,1.047622e-01,8.238273e-03
1.306006e-01,6.548772e-03,1.924101e-02,5.996931e-03,1.442109e-02,1.234382e-01,3.339586e-03,6.912990e-03,2.025815e-01,6.093994e-03,3.464254e-01,8.687528e-03,9.115975e-03,1.016728e-01,1.492375e-02
1.466364e-01,7.774779e-03,1.825344e-02,5.009249e-03,1.207004e-02,1.702071e-01,4.035475e-03,6.203666e-03,1.721204e-01,6.928193e-03,2.827413e-01,9.598378e-03,1.186419e-02,1.268563e-01,1.970115e-02
2.158723e-01,1.260718e-02,1.792398e-02,5.443835e-03,1.324278e-02,1.323496e-01,4.156046e-03,6.369723e-03,1.756365e-01,7.224739e-03,2.334993e-01,1.244453e-02,1.386500e-02,1.308323e-01,1.853225e-02
2.701281e-01,2.048381e-02,1.925900e-02,6.646235e-03,1.700850e-02,1.017352e-01,3.502311e-03,5.680960e-03,1.881451e-01,6.987011e-03,1.820401e-01,1.218860e-02,1.419590e-02,1.352404e-01,1.675878e-02
3.419086e-01,2.461754e-02,1.851619e-02,9.492533e-03,1.849418e-02,8.302787e-02,3.169515e-03,5.119008e-03,1.861281e-01,6.222289e-03,1.402256e-01,1.320848e-02,1.296727e-02,1.199697e-01,1.693314e-02
4.372512e-01,2.294078e-02,1.936051e-02,1.038362e-02,1.799614e-02,7.185779e-02,3.012245e-03,4.966101e-03,1.751382e-01,5.342719e-03,1.046489e-01,1.327987e-02,1.085751e-02,8.717471e-02,1.578974e-02
1.000000e+00,0.000000e+00,0.000000e+00,0.000000e+00,0.000000e+00,0.000000e+00,0.000000e+00,0.000000e+00,0.000000e+00,0.000000e+00,0.000000e+00,0.000000e+00,0.000000e+00,0.000000e+00,0.000000e+00
1.000000e+00,0.000000e+00,0.000000e+00,0.000000e+00,0.000000e+00,0.000000e+00,0.000000e+00,0.000000e+00,0.000000e+00,0.000000e+00,0.000000e+00,0.000000e+00,0.000000e+00,0.000000e+00,0.000000e+00
3.933272e-01,1.621156e-02,1.245502e-02,1.028092e-02,1.141633e-02,1.186610e-01,2.015938e-03,3.713475e-03,1.093288e-01,6.923219e-03,2.153504e-01,1.950104e-02,7.283640e-03,5.771851e-02,1.581297e-02
2.754630e-01,1.200003e-02,9.284931e-03,7.222588e-03,8.075775e-03,1.491117e-01,1.431644e-03,2.623600e-03,7.659713e-02,5.525470e-03,3.687338e-01,1.575462e-02,5.131478e-03,5.172126e-02,1.132286e-02
1.928571e-01,8.459879e-03,6.592402e-03,5.068977e-03,5.671110e-03,1.132903e-01,1.009421e-03,1.843680e-03,5.371436e-02,4.251677e-03,5.290946e-01,1.376642e-02,3.605792e-03,5.274425e-02,8.030078e-03
1.350667e-01,5.973523e-03,4.674002e-03,3.576453e-03,4.003889e-03,8.253427e-02,7.176988e-04,1.305251e-03,3.787225e-02,3.960215e-03,6.207113e-01,1.417311e-02,2.559969e-03,7.701376e-02,5.857550e-03
9.461132e-02,4.363582e-03,3.486892e-03,2.570189e-03,3.023018e-03,5.860218e-02,5.520505e-04,9.724653e-04,2.725287e-02,3.145698e-03,7.079310e-01,1.611426e-02,1.813755e-03,7.137587e-02,4.184785e-03
6.627219e-02,3.231026e-03,3.140044e-03,2.015517e-03,2.635989e-03,4.251822e-02,6.636474e-04,1.040939e-03,2.004838e-02,2.812135e-03,7.584825e-01,2.040786e-02,1.289205e-03,7.248317e-02,2.959189e-03
4.650781e-02,3.077936e-03,4.107657e-03,1.697249e-03,2.392192e-03,3.332817e-02,1.050951e-03,1.334850e-03,1.623995e-02,3.082585e-03,7.719146e-01,2.562617e-02,9.533797e-04,8.654339e-02,2.143064e-03
3.300643e-02,1.063376e-02,6.804919e-03,2.002418e-03,2.860734e-03,3.782748e-02,2.586724e-03,4.812780e-03,2.242412e-02,6.357592e-03,7.484483e-01,4.090257e-02,7.666778e-04,7.861917e-02,1.946256e-03
2.343673e-02,1.434288e-02,7.243074e-03,2.177905e-03,2.914903e-03,9.221673e-02,3.076936e-03,7.751873e-03,3.199356e-02,8.145599e-03,6.927286e-01,3.999648e-02,6.871136e-04,7.157990e-02,1.707607e-03
1.660352e-02,2.054630e-02,6.349615e-03,1.662118e-03,2.817438e-03,1.342046e-01,2.622843e-03,6.426228e-03,6.748854e-02,1.203763e-02,6.125413e-01,4.979232e-02,6.344340e-04,6.443825e-02,1.834798e-03
1.201830e-02,3.239429e-02,7.354819e-03,1.560096e-03,3.868108e-03,1.939307e-01,2.270956e-03,6.443606e-03,1.079376e-01,1.448818e-02,4.942637e-01,4.919647e-02,1.553264e-03,6.962048e-02,3.099235e-03
8.940496e-03,5.422959e-02,1.077761e-02,1.457377e-03,5.396136e-03,1.599549e-01,1.720469e-03,4.906539e-03,2.138907e-01,2.764107e-02,3.668335e-01,4.127721e-02,1.868469e-03,7.840689e-02,2.269890e-02
8.260612e-03,4.858994e-02,9.725839e-03,1.848418e-03,5.269291e-03,1.433488e-01,1.300561e-03,5.848530e-03,3.474736e-01,2.336614e-02,2.715341e-01,2.970673e-02,3.443494e-03,7.657406e-02,2.370988e-02
7.229929e-03,3.595195e-02,1.114205e-02,5.233425e-03,4.440001e-03,1.098253e-01,9.399213e-04,5.612486e-03,4.716384e-01,2.303380e-02,1.965865e-01,2.101106e-02,3.342469e-03,6.003504e-02,4.397762e-02
1.616080e-02,2.780388e-02,5.876815e-02,2.509988e-02,6.027312e-03,9.016250e-02,7.376088e-04,5.878584e-03,4.203273e-01,2.456540e-02,1.522810e-01,1.544119e-02,3.770164e-03,6.036604e-02,9.261021e-02
1.441897e-02,2.877574e-02,5.288053e-02,2.104122e-02,4.794284e-03,7.344771e-02,5.994249e-04,6.329464e-03,3.746909e-01,5.218929e-02,1.522616e-01,1.305193e-02,1.040838e-02,8.493067e-02,1.101799e-01
1.413847e-02,5.131472e-02,4.289048e-02,2.077469e-02,4.993269e-03,7.174441e-02,5.660630e-04,5.915927e-03,3.309719e-01,6.031076e-02,1.359656e-01,1.148938e-02,1.911860e-02,8.771497e-02,1.420908e-01
2.006668e-02,6.623530e-02,4.199271e-02,2.645850e-02,1.135484e-02,8.206451e-02,8.714162e-04,8.524283e-03,3.767851e-01,4.793069e-02,1.052811e-01,9.618615e-03,1.707453e-02,7.574078e-02,1.100009e-01
2.515189e-02,8.285734e-02,3.895734e-02,2.781542e-02,2.205057e-02,9.363488e-02,1.162879e-03,1.581688e-02,3.803021e-01,4.128425e-02,7.896909e-02,7.190614e-03,1.387205e-02,7.587303e-02,9.506168e-02
2.818159e-02,7.346894e-02,3.404367e-02,2.658198e-02,3.726564e-02,1.089924e-01,1.528228e-03,2.703148e-02,3.623885e-01,3.445727e-02,5.727864e-02,5.170774e-03,1.104222e-02,7.069230e-02,1.218765e-01
3.411873e-02,7.297448e-02,4.155914e-02,2.124849e-02,3.695242e-02,9.627262e-02,1.706872e-03,5.423602e-02,3.525231e-01,2.899008e-02,4.818348e-02,3.798258e-03,9.450992e-03,8.297173e-02,1.150136e-01
4.601258e-02,6.216532e-02,3.964468e-02,1.980650e-02,6.619024e-02,9.697381e-02,2.054649e-03,7.384072e-02,3.542194e-01,2.188275e-02,4.252726e-02,2.986522e-03,7.696859e-03,7.414089e-02,8.985786e-02
5.176856e-02,5.786976e-02,3.129607e-02,1.631109e-02,5.849381e-02,1.107208e-01,1.722223e-03,6.713203e-02,3.639856e-01,1.972285e-02,3.997187e-02,2.311494e-03,6.940762e-03,7.498758e-02,9.676559e-02
6.836650e-02,7.840815e-02,3.104235e-02,1.559787e-02,5.260516e-02,1.102694e-01,1.555800e-03,6.141002e-02,3.215670e-01,1.843098e-02,3.210158e-02,1.725722e-03,5.842574e-03,9.493797e-02,1.061391e-01
8.629249e-02,1.183464e-01,2.539000e-02,1.317295e-02,5.077985e-02,1.563259e-01,1.320569e-03,4.798927e-02,2.728063e-01,1.382020e-02,3.248246e-02,1.569661e-03,4.897000e-03,8.291119e-02,9.189586e-02
1.156075e-01,1.210255e-01,3.536243e-02,6.722262e-02,4.598439e-02,1.144122e-01,1.550520e-03,5.006013e-02,2.351477e-01,1.159656e-02,2.414650e-02,1.648832e-03,4.323645e-03,6.924250e-02,1.026690e-01
1.454134e-01,1.179168e-01,3.300511e-02,7.141176e-02,4.518972e-02,8.960033e-02,1.675403e-03,8.938028e-02,2.220660e-01,1.012938e-02,1.848824e-02,1.922103e-03,5.145590e-03,5.402165e-02,9.463441e-02
1.304812e-01,9.972580e-02,2.849059e-02,7.862537e-02,4.124271e-02,7.058646e-02,1.716115e-03,1.016457e-01,2.885008e-01,1.099731e-02,1.399705e-02,1.576877e-03,8.559514e-03,3.902528e-02,8.482924e-02
1.130069e-01,7.666463e-02,2.964306e-02,9.919854e-02,3.729492e-02,5.491757e-02,2.196612e-03,1.531119e-01,2.884097e-01,1.893732e-02,1.096584e-02,1.252792e-03,8.621052e-03,2.811680e-02,7.766246e-02
8.366504e-02,5.412411e-02,2.277104e-02,7.041692e-02,2.900856e-02,3.946748e-02,1.696335e-03,3.907157e-01,2.049156e-01,1.334553e-02,8.477543e-03,9.108465e-04,6.260471e-03,1.978496e-02,5.443995e-02
5.972041e-02,3.795317e-02,1.631050e-02,4.944516e-02,2.105306e-02,2.776911e-02,1.226942e-03,5.705906e-01,1.435309e-01,9.369190e-03,5.991526e-03,6.447995e-04,4.402825e-03,1.386497e-02,3.812684e-02
4.353740e-02,2.665301e-02,1.186607e-02,3.472930e-02,1.569092e-02,1.978568e-02,9.150170e-04,6.953999e-01,1.005335e-01,6.595103e-03,4.226474e-03,4.616035e-04,3.138512e-03,9.740272e-03,2.672722e-02
3.167208e-02,1.869029e-02,8.650818e-03,2.436130e-02,1.139858e-02,1.402154e-02,6.607186e-04,7.843742e-01,7.040908e-02,4.623800e-03,2.985493e-03,3.355287e-04,2.212827e-03,6.882504e-03,1.872120e-02
2.512594e-02,1.312009e-02,6.247992e-03,1.713500e-02,8.332037e-03,1.024275e-02,4.987043e-04,8.445804e-01,4.933629e-02,3.245078e-03,2.152077e-03,3.293758e-04,1.614418e-03,4.891056e-03,1.314885e-02
3.268027e-02,9.556978e-03,6.550897e-03,1.854003e-02,6.329982e-03,1.723944e-02,5.924751e-04,7.197174e-01,3.599650e-02,2.781923e-03,1.769412e-02,1.553530e-02,1.020132e-01,4.042760e-03,1.072871e-02
2.519739e-02,7.420304e-03,9.567447e-03,4.601905e-02,5.004678e-03,2.068446e-02,2.452804e-03,5.261042e-01,4.014661e-02,2.400118e-03,2.296219e-02,1.863537e-01,8.997232e-02,6.928071e-03,8.786651e-03
1.806215e-02,5.488135e-03,1.011550e-02,7.646082e-02,3.771411e-03,1.730212e-02,2.240444e-03,3.728973e-01,3.376634e-02,2.839232e-03,4.757300e-02,3.104168e-01,8.302160e-02,9.532033e-03,6.513085e-03
1.317573e-02,3.892838e-03,7.160274e-03,5.583465e-02,3.349271e-03,1.411836e-02,3.134024e-03,2.625453e-01,2.721191e-02,3.644513e-03,4.268945e-02,4.662226e-01,6.381494e-02,2.827676e-02,4.929365e-03
1.049174e-02,2.815104e-03,5.227821e-03,4.010863e-02,4.390026e-03,1.276274e-02,3.078682e-03,1.870343e-01,2.160068e-02,3.978932e-03,7.344703e-02,5.317124e-01,4.729407e-02,5.197127e-02,4.086562e-03
7.985229e-03,2.112383e-03,3.970433e-03,2.850186e-02,4.877768e-03,1.280140e-02,2.302709e-03,1.323057e-01,1.661685e-02,3.691549e-03,1.301579e-01,5.701364e-01,3.417400e-02,4.712305e-02,3.242785e-03
5.941380e-03,1.696491e-03,3.279180e-03,2.020977e-02,5.501583e-03,1.005906e-02,1.721408e-03,9.289978e-02,1.367696e-02,4.700473e-03,1.629639e-01,6.034144e-01,2.456260e-02,4.679886e-02,2.574171e-03
4.634777e-03,4.123084e-03,6.902365e-03,1.440563e-02,1.438428e-02,7.540466e-03,1.327452e-03,6.568217e-02,1.471537e-02,7.668235e-03,1.568214e-01,6.381395e-01,1.785644e-02,4.361403e-02,2.184750e-03
3.788693e-03,3.325456e-03,5.753413e-03,1.024988e-02,1.199978e-02,5.684046e-03,9.779086e-04,4.624910e-02,1.994101e-02,6.420031e-03,2.167575e-01,5.977175e-01,1.290122e-02,5.659406e-02,1.640415e-03
2.985883e-03,3.533474e-03,6.846697e-03,7.526622e-03,1.164254e-02,5.385420e-03,7.516100e-04,3.261061e-02,3.331228e-02,7.192361e-03,2.174987e-01,6.126448e-01,9.240150e-03,4.738950e-02,1.439253e-03
4.061452e-03,6.444522e-03,2.765010e-02,9.501199e-03,1.520131e-02,1.704093e-02,2.454003e-03,3.300982e-02,6.048867e-02,1.040140e-02,1.839394e-01,5.844291e-01,7.404758e-03,3.642660e-02,1.546607e-03
6.864551e-03,8.312275e-03,4.150343e-02,1.095925e-02,1.371391e-02,6.426306e-02,2.659418e-03,3.247452e-02,1.383670e-01,1.522187e-02,1.735438e-01,4.446074e-01,5.972117e-03,3.985292e-02,1.684432e-03
8.231558e-03,7.061923e-03,1.539978e-01,1.722072e-02,1.036575e-02,1.256554e-01,2.416228e-03,4.492761e-02,1.251510e-01,1.215406e-02,1.354807e-01,3.187644e-01,4.751458e-03,3.240111e-02,1.420172e-03
7.890499e-03,1.350003e-02,1.258272e-01,1.349053e-02,1.250456e-02,2.255594e-01,1.906223e-03,3.395987e-02,1.238377e-01,1.845269e-02,1.394976e-01,2.303894e-01,3.814702e-03,4.532824e-02,4.041205e-03
1.019000e-02,1.481935e-02,1.749289e-01,1.722518e-02,1.311278e-02,1.929021e-01,1.878890e-03,7.031525e-02,1.212503e-01,1.738073e-02,1.381329e-01,1.745439e-01,3.095461e-03,4.608526e-02,4.138958e-03
1.451434e-02,1.613498e-02,1.479227e-01,1.521916e-02,1.103185e-02,1.698992e-01,1.399438e-03,5.226750e-02,1.199763e-01,3.120984e-02,1.886410e-01,1.340398e-01,3.841890e-03,8.209847e-02,1.180341e-02
1.483382e-02,2.936055e-02,1.066919e-01,1.190613e-02,9.344554e-03,1.332443e-01,1.028139e-03,3.820984e-02,1.956838e-01,3.468868e-02,1.672331e-01,9.645864e-02,3.859936e-03,1.236444e-01,3.381210e-02
1.590291e-02,3.735735e-02,7.979667e-02,1.041536e-02,9.723433e-03,1.463470e-01,7.836922e-04,2.941479e-02,2.541871e-01,3.493452e-02,1.599202e-01,6.843566e-02,3.698467e-03,1.122581e-01,3.682479e-02
1.974242e-02,3.927059e-02,6.126182e-02,1.018675e-02,1.055049e-02,1.429240e-01,7.469493e-04,2.539794e-02,3.400045e-01,3.327865e-02,1.195464e-01,4.843105e-02,3.578209e-03,9.952575e-02,4.555448e-02
3.217736e-02,3.582466e-02,4.915151e-02,1.006886e-02,1.358857e-02,1.880057e-01,8.201600e-04,2.779368e-02,3.422762e-01,2.764073e-02,1.070200e-01,3.411888e-02,2.983562e-03,8.859697e-02,3.993323e-02
4.124401e-02,2.885072e-02,4.873066e-02,1.623610e-02,1.873165e-02,1.976974e-01,8.351443e-04,1.361927e-01,2.749741e-01,2.098186e-02,8.051543e-02,2.399971e-02,2.358759e-03,7.511090e-02,3.354085e-02
3.101612e-02,2.164708e-02,4.407695e-02,1.183131e-02,1.455291e-02,1.418430e-01,7.855377e-04,3.709917e-01,1.955748e-01,1.476023e-02,5.699790e-02,1.681566e-02,1.784984e-03,5.348787e-02,2.383392e-02
2.972975e-02,1.743668e-02,4.890763e-02,9.075847e-03,1.372074e-02,1.064445e-01,1.112798e-03,5.048216e-01,1.411132e-01,1.052941e-02,4.078667e-02,1.183341e-02,7.839289e-03,3.914547e-02,1.750301e-02
2.232181e-02,1.255472e-02,3.580260e-02,6.777952e-03,1.108504e-02,7.555137e-02,1.074385e-03,6.453748e-01,9.920385e-02,7.431346e-03,2.864239e-02,8.302097e-03,5.865467e-03,2.772435e-02,1.228784e-02
1.682171e-02,8.880020e-03,2.556765e-02,5.035171e-03,9.899281e-03,5.370996e-02,9.222921e-04,7.459043e-01,6.962685e-02,5.250986e-03,2.010392e-02,5.822250e-03,4.274870e-03,1.956701e-02,8.613692e-03
1.454601e-02,6.307389e-03,1.806320e-02,3.728832e-03,9.344444e-03,3.874308e-02,1.120533e-03,8.139421e-01,4.890763e-02,3.690482e-03,1.414153e-02,4.095285e-03,3.536572e-03,1.379181e-02,6.041060e-03
1.531717e-02,4.478781e-03,1.278373e-02,2.932667e-03,8.078285e-03,2.866896e-02,9.360774e-04,8.602089e-01,3.440635e-02,2.594572e-03,9.987719e-03,2.901619e-03,2.645018e-03,9.806113e-03,4.254048e-03
1.870032e-02,3.221631e-03,9.260114e-03,2.669249e-03,9.365662e-03,2.157843e-02,9.985423e-04,8.868725e-01,2.423284e-02,1.827364e-03,7.152829e-03,2.073834e-03,2.056874e-03,6.978400e-03,3.011329e-03
1.715494e-02,2.299056e-03,6.599985e-03,1.992247e-03,8.912243e-03,1.528702e-02,1.155482e-03,9.131051e-01,1.706028e-02,1.285918e-03,5.084078e-03,1.462318e-03,1.493159e-03,4.980193e-03,2.127857e-03
1.582838e-02,1.686359e-03,4.866836e-03,1.525373e-03,9.802826e-03,1.086198e-02,1.389178e-03,9.302378e-01,1.206167e-02,9.078609e-04,3.636307e-03,1.040365e-03,1.096148e-03,3.542087e-03,1.516749e-03
1.487355e-02,1.237191e-03,3.902464e-03,1.286407e-03,9.666866e-03,7.710662e-03,1.397076e-03,9.429691e-01,8.515341e-03,6.462830e-04,2.617089e-03,7.687272e-04,8.191083e-04,2.503273e-03,1.086869e-03
1.326318e-02,9.508436e-04,3.191820e-03,1.125869e-03,1.079386e-02,5.445049e-03,1.180857e-03,9.520524e-01,6.004412e-03,4.623040e-04,1.851748e-03,5.487667e-04,5.987714e-04,1.758243e-03,7.719219e-04
1.217083e-02,7.253605e-04,2.785185e-03,9.564469e-04,1.134855e-02,3.848527e-03,1.061647e-03,9.585994e-01,4.228907e-03,3.327854e-04,1.313539e-03,3.958047e-04,4.446527e-04,1.236302e-03,5.519842e-04
1.062070e-02,5.368159e-04,2.146851e-03,7.765224e-04,9.638828e-03,2.738189e-03,8.523383e-04,9.666644e-01,2.968550e-03,2.376872e-04,9.325054e-04,2.897382e-04,3.306328e-04,8.687702e-04,3.973719e-04
1.118547e-02,4.126906e-04,1.846236e-03,6.886417e-04,8.506644e-03,1.952728e-03,7.709221e-04,9.703392e-01,2.092851e-03,1.720392e-04,6.647565e-04,2.179563e-04,2.473367e-04,6.131088e-04,2.893745e-04
1.279874e-02,3.203108e-04,1.375799e-03,5.851115e-04,6.462064e-03,1.725817e-03,6.424639e-04,9.728190e-01,1.473233e-03,1.252930e-04,4.989707e-04,2.311263e-04,2.440525e-04,4.433063e-04,2.547367e-04
1.390088e-02,2.471836e-04,1.016284e-03,5.113332e-04,5.180191e-03,1.266813e-03,5.136718e-04,9.749450e-01,1.040302e-03,9.193644e-05,3.719552e-04,1.906359e-04,2.040502e-04,3.164005e-04,2.033863e-04
1.438332e-02,1.941941e-04,7.540633e-04,4.574807e-04,4.279311e-03,9.163307e-04,4.057717e-04,9.768398e-01,7.355322e-04,6.724391e-05,2.763157e-04,1.502849e-04,1.624521e-04,2.243224e-04,1.536464e-04
1.841035e-02,1.643148e-04,5.941867e-04,4.346048e-04,3.474047e-03,7.402170e-04,3.508752e-04,9.743029e-01,5.325005e-04,5.363809e-05,2.468658e-04,1.888465e-04,1.832051e-04,1.686960e-04,1.546976e-04
2.883555e-02,2.046728e-04,4.877982e-04,4.184925e-04,2.913604e-03,6.306171e-04,2.758954e-04,9.643970e-01,4.368623e-04,6.852145e-05,2.953683e-04,3.728845e-04,2.834664e-04,1.534721e-04,2.258778e-04
5.076020e-02,4.697369e-04,4.954860e-04,6.102588e-04,3.609529e-03,7.752064e-04,2.515427e-04,9.388409e-01,6.969523e-04,1.391960e-04,6.258590e-04,1.106047e-03,8.301238e-04,2.088863e-04,5.801445e-04
8.028185e-02,1.516067e-03,2.196553e-03,3.064558e-03,8.075759e-03,2.295982e-03,4.302773e-04,8.885901e-01,1.707987e-03,7.014028e-04,1.440669e-03,4.201663e-03,3.351245e-03,3.371463e-04,1.808748e-03
9.191083e-02,1.435783e-03,2.015387e-03,3.110484e-03,1.039167e-02,5.754913e-03,7.548223e-04,8.689524e-01,2.005193e-03,5.979824e-04,1.725152e-03,4.136031e-03,5.238254e-03,3.190662e-04,1.652040e-03
1.497011e-01,3.514554e-03,3.489330e-03,2.059562e-02,2.028253e-02,2.155394e-02,1.386073e-03,7.040438e-01,9.060115e-03,1.507623e-03,4.466171e-03,2.538332e-02,3.065527e-02,6.392642e-04,3.721263e-03
1.546440e-01,3.953998e-03,3.926728e-03,3.127505e-02,2.911107e-02,4.965221e-02,2.122325e-03,5.474554e-01,1.448485e-02,1.476538e-03,9.820156e-03,4.320126e-02,1.042303e-01,8.402462e-04,3.805796e-03
1.474246e-01,4.293104e-03,3.358551e-03,3.286387e-02,3.765218e-02,5.597826e-02,2.531070e-03,4.034020e-01,3.887299e-02,1.346994e-03,2.321262e-02,4.044924e-02,2.023833e-01,8.397574e-04,5.391405e-03
1.587946e-01,1.023477e-02,1.288315e-02,4.982429e-02,3.113705e-02,1.020298e-01,2.707602e-03,2.868248e-01,5.327032e-02,3.600969e-03,1.998102e-02,5.849535e-02,2.016286e-01,1.267899e-03,7.319698e-03
1.827439e-01,9.214521e-03,1.084901e-02,4.008406e-02,2.697716e-02,1.168103e-01,2.146404e-03,2.029805e-01,5.115761e-02,3.356082e-03,2.183433e-02,6.817939e-02,2.525884e-01,2.027594e-03,9.050763e-03
2.757644e-01,9.633387e-03,1.213418e-02,3.093922e-02,4.834855e-02,8.567292e-02,3.024341e-03,1.471642e-01,7.175745e-02,2.755753e-03,2.347570e-02,5.681893e-02,2.191299e-01,2.158924e-03,1.122202e-02
3.432186e-01,1.066019e-02,1.281133e-02,2.443059e-02,6.948839e-02,6.581222e-02,4.018262e-03,1.124159e-01,8.007497e-02,2.351459e-03,2.018737e-02,5.057819e-02,1.913322e-01,2.299018e-03,1.032125e-02
3.402050e-01,1.316230e-02,1.330335e-02,1.996911e-02,1.171250e-01,7.072952e-02,4.600426e-03,9.590224e-02,8.136661e-02,2.212029e-03,1.641073e-02,4.416834e-02,1.679850e-01,2.012391e-03,1.084789e-02
4.180323e-01,1.338079e-02,2.120884e-02,2.314370e-02,1.126013e-01,5.494171e-02,4.330614e-03,8.607934e-02,7.112668e-02,2.919215e-03,1.331078e-02,4.131831e-02,1.255029e-01,2.201932e-03,9.901544e-03
4.134278e-01,1.271601e-02,2.786229e-02,2.180491e-02,1.411188e-01,4.351385e-02,5.330971e-03,1.071281e-01,6.462897e-02,3.018278e-03,1.275655e-02,3.432021e-02,1.010949e-01,2.156138e-03,9.122155e-03
3.918767e-01,1.915888e-02,3.867238e-02,2.497638e-02,1.385282e-01,3.660579e-02,5.253311e-03,1.271743e-01,7.122568e-02,4.664907e-03,1.784424e-02,2.941388e-02,8.173905e-02,3.368266e-03,9.497957e-03
3.634307e-01,2.188990e-02,5.375408e-02,3.596963e-02,1.366586e-01,3.515685e-02,5.228849e-03,1.256242e-01,7.293724e-02,4.973236e-03,1.996826e-02,2.383371e-02,8.823811e-02,3.497092e-03,8.839490e-03
3.726603e-01,2.557929e-02,5.201991e-02,4.150838e-02,1.198897e-01,3.483130e-02,4.771091e-03,1.154076e-01,7.130799e-02,5.108867e-03,2.581567e-02,2.146690e-02,9.465456e-02,5.752188e-03,9.226190e-03
3.907326e-01,2.336803e-02,4.286508e-02,4.740229e-02,1.031193e-01,3.224902e-02,5.539879e-03,9.478760e-02,7.651103e-02,5.730165e-03,3.012350e-02,2.254618e-02,9.773643e-02,8.250006e-03,1.903876e-02
4.091953e-01,2.379531e-02,3.235669e-02,4.451609e-02,8.711051e-02,3.227421e-02,5.319268e-03,7.575898e-02,7.834826e-02,7.681438e-03,2.727169e-02,2.043055e-02,1.072784e-01,9.581231e-03,3.908198e-02
3.913401e-01,2.236027e-02,2.339561e-02,3.503177e-02,6.490336e-02,3.606656e-02,4.077920e-03,5.577643e-02,7.717975e-02,6.073665e-03,2.155392e-02,1.775086e-02,2.026943e-01,7.792954e-03,3.400251e-02
4.155162e-01,2.028912e-02,1.738490e-02,2.849410e-02,4.796318e-02,3.613479e-02,3.266545e-03,4.188729e-02,6.775419e-02,4.454339e-03,1.755864e-02,1.486333e-02,2.498418e-01,6.462320e-03,2.812921e-02
4.491503e-01,2.631092e-02,1.496283e-02,2.473472e-02,3.766304e-02,5.111487e-02,3.509165e-03,3.413551e-02,8.996540e-02,3.480910e-03,1.505410e-02,1.624484e-02,2.002424e-01,6.036571e-03,2.739437e-02
1.000000e+00,0.000000e+00,0.000000e+00,0.000000e+00,0.000000e+00,0.000000e+00,0.000000e+00,0.000000e+00,0.000000e+00,0.000000e+00,0.000000e+00,0.000000e+00,0.000000e+00,0.000000e+00,0.000000e+00
4.880505e-01,3.271029e-02,1.821801e-02,2.067711e-02,2.179315e-02,3.799293e-02,2.593222e-03,2.027059e-02,6.378771e-02,4.783790e-03,1.090348e-01,2.694971e-02,1.039559e-01,1.632309e-02,3.285918e-02
3.576298e-01,3.489406e-02,9.293397e-02,1.898886e-02,1.573800e-02,3.133013e-02,1.886780e-03,1.491862e-02,4.878423e-02,5.089690e-03,1.759748e-01,1.941847e-02,7.299477e-02,8.021854e-02,2.919930e-02
2.533450e-01,2.880960e-02,1.026338e-01,1.519815e-02,1.114745e-02,2.505862e-02,1.348554e-03,1.069231e-02,3.631569e-02,6.149882e-03,3.067650e-01,1.440261e-02,5.130796e-02,1.141655e-01,2.265983e-02
1.800062e-01,2.072319e-02,7.323828e-02,1.185271e-02,8.142661e-03,1.906356e-02,9.991964e-04,7.717691e-03,2.569188e-02,4.625763e-03,4.855949e-01,1.314285e-02,3.611050e-02,9.684341e-02,1.624723e-02
1.264635e-01,1.471624e-02,5.144684e-02,8.739429e-03,5.946947e-03,1.468995e-02,7.364725e-04,5.572417e-03,1.832193e-02,3.417571e-03,5.992257e-01,1.671026e-02,2.560264e-02,9.689909e-02,1.151096e-02
8.871713e-02,1.197505e-02,3.673885e-02,6.318489e-03,4.897372e-03,1.295254e-02,5.454609e-04,4.110678e-03,1.387567e-02,2.849424e-03,6.669177e-01,2.908781e-02,1.813229e-02,9.461622e-02,8.265286e-03
6.228058e-02,9.252544e-03,2.679661e-02,4.938506e-03,4.834637e-03,1.051898e-02,5.362131e-04,3.264340e-03,1.478282e-02,3.649666e-03,7.101641e-01,3.117804e-02,1.290624e-02,9.890549e-02,5.991240e-03
4.372040e-02,7.505221e-03,2.030784e-02,3.921386e-03,5.627329e-03,1.498126e-02,5.379597e-04,3.006088e-03,1.575724e-02,3.880774e-03,7.331696e-01,2.970973e-02,9.140876e-03,1.043764e-01,4.357929e-03
3.144409e-02,6.110790e-03,1.768978e-02,4.423119e-03,8.928621e-03,1.841534e-02,7.383059e-04,8.421101e-03,2.489955e-02,4.408852e-03,7.429893e-01,2.422523e-02,6.554057e-03,9.752446e-02,3.227420e-03
2.348414e-02,7.053094e-03,1.600789e-02,4.894707e-03,2.616939e-02,3.456767e-02,7.715838e-04,7.563542e-03,3.928485e-02,7.079099e-03,6.796984e-01,2.144225e-02,5.143226e-03,1.234031e-01,3.437120e-03
1.760227e-02,5.958639e-03,1.457952e-02,5.703360e-03,3.633733e-02,2.923398e-02,6.269283e-04,9.531560e-03,1.040384e-01,7.389342e-03,5.941631e-01,1.984144e-02,3.910699e-03,1.460477e-01,5.035784e-03
1.362694e-02,8.054747e-03,2.042224e-02,2.345552e-02,3.945229e-02,2.454101e-02,5.281860e-04,9.615460e-03,1.533718e-01,1.056402e-02,5.154063e-01,1.633669e-02,3.965064e-03,1.523341e-01,8.325666e-03
1.412085e-02,8.989504e-03,3.118936e-02,2.490405e-02,3.738312e-02,3.442763e-02,9.148142e-04,2.154406e-02,1.995548e-01,1.112169e-02,4.377503e-01,1.465414e-02,4.484266e-03,1.480911e-01,1.087037e-02
