1.000000e+00,0.000000e+00,0.000000e+00,0.000000e+00,0.000000e+00,0.000000e+00,0.000000e+00,0.000000e+00,0.000000e+00,0.000000e+00,0.000000e+00,0.000000e+00,0.000000e+00,0.000000e+00,0.000000e+00
1.000000e+00,0.000000e+00,0.000000e+00,0.000000e+00,0.000000e+00,0.000000e+00,0.000000e+00,0.000000e+00,0.000000e+00,0.000000e+00,0.000000e+00,0.000000e+00,0.000000e+00,0.000000e+00,0.000000e+00
1.000000e+00,0.000000e+00,0.000000e+00,0.000000e+00,0.000000e+00,0.000000e+00,0.000000e+00,0.000000e+00,0.000000e+00,0.000000e+00,0.000000e+00,0.000000e+00,0.000000e+00,0.000000e+00,0.000000e+00
1.000000e+00,0.000000e+00,0.000000e+00,0.000000e+00,0.000000e+00,0.000000e+00,0.000000e+00,0.000000e+00,0.000000e+00,0.000000e+00,0.000000e+00,0.000000e+00,0.000000e+00,0.000000e+00,0.000000e+00
1.000000e+00,0.000000e+00,0.000000e+00,0.000000e+00,0.000000e+00,0.000000e+00,0.000000e+00,0.000000e+00,0.000000e+00,0.000000e+00,0.000000e+00,0.000000e+00,0.000000e+00,0.000000e+00,0.000000e+00
1.000000e+00,0.000000e+00,0.000000e+00,0.000000e+00,0.000000e+00,0.000000e+00,0.000000e+00,0.000000e+00,0.000000e+00,0.000000e+00,0.000000e+00,0.000000e+00,0.000000e+00,0.000000e+00,0.000000e+00
1.000000e+00,0.000000e+00,0.000000e+00,0.000000e+00,0.000000e+00,0.000000e+00,0.000000e+00,0.000000e+00,0.000000e+00,0.000000e+00,0.000000e+00,0.000000e+00,0.000000e+00,0.000000e+00,0.000000e+00
1.000000e+00,0.000000e+00,0.000000e+00,0.000000e+00,0.000000e+00,0.000000e+00,0.000000e+00,0.000000e+00,0.000000e+00,0.000000e+00,0.000000e+00,0.000000e+00,0.000000e+00,0.000000e+00,0.000000e+00
1.000000e+00,0.000000e+00,0.000000e+00,0.000000e+00,0.000000e+00,0.000000e+00,0.000000e+00,0.000000e+00,0.000000e+00,0.000000e+00,0.000000e+00,0.000000e+00,0.000000e+00,0.000000e+00,0.000000e+00
1.000000e+00,0.000000e+00,0.000000e+00,0.000000e+00,0.000000e+00,0.000000e+00,0.000000e+00,0.000000e+00,0.000000e+00,0.000000e+00,0.000000e+00,0.000000e+00,0.000000e+00,0.000000e+00,0.000000e+00
1.000000e+00,0.000000e+00,0.000000e+00,0.000000e+00,0.000000e+00,0.000000e+00,0.000000e+00,0.000000e+00,0.000000e+00,0.000000e+00,0.000000e+00,0.000000e+00,0.000000e+00,0.000000e+00,0.000000e+00
1.000000e+00,0.000000e+00,0.000000e+00,0.000000e+00,0.000000e+00,0.000000e+00,0.000000e+00,0.000000e+00,0.000000e+00,0.000000e+00,0.000000e+00,0.000000e+00,0.000000e+00,0.000000e+00,0.000000e+00
1.000000e+00,0.000000e+00,0.000000e+00,0.000000e+00,0.000000e+00,0.000000e+00,0.000000e+00,0.000000e+00,0.000000e+00,0.000000e+00,0.000000e+00,0.000000e+00,0.000000e+00,0.000000e+00,0.000000e+00
1.000000e+00,0.000000e+00,0.000000e+00,0.000000e+00,0.000000e+00,0.000000e+00,0.000000e+00,0.000000e+00,0.000000e+00,0.000000e+00,0.000000e+00,0.000000e+00,0.000000e+00,0.000000e+00,0.000000e+00
1.000000e+00,0.000000e+00,0.000000e+00,0.000000e+00,0.000000e+00,0.000000e+00,0.000000e+00,0.000000e+00,0.000000e+00,0.000000e+00,0.000000e+00,0.000000e+00,0.000000e+00,0.000000e+00,0.000000e+00
1.000000e+00,0.000000e+00,0.000000e+00,0.000000e+00,0.000000e+00,0.000000e+00,0.000000e+00,0.000000e+00,0.000000e+00,0.000000e+00,0.000000e+00,0.000000e+00,0.000000e+00,0.000000e+00,0.000000e+00
1.000000e+00,0.000000e+00,0.000000e+00,0.000000e+00,0.000000e+00,0.000000e+00,0.000000e+00,0.000000e+00,0.000000e+00,0.000000e+00,0.000000e+00,0.000000e+00,0.000000e+00,0.000000e+00,0.000000e+00
1.000000e+00,0.000000e+00,0.000000e+00,0.000000e+00,0.000000e+00,0.000000e+00,0.000000e+00,0.000000e+00,0.000000e+00,0.000000e+00,0.000000e+00,0.000000e+00,0.000000e+00,0.000000e+00,0.000000e+00
1.000000e+00,0.000000e+00,0.000000e+00,0.000000e+00,0.000000e+00,0.000000e+00,0.000000e+00,0.000000e+00,0.000000e+00,0.000000e+00,0.000000e+00,0.000000e+00,0.000000e+00,0.000000e+00,0.000000e+00
1.000000e+00,0.000000e+00,0.000000e+00,0.000000e+00,0.000000e+00,0.000000e+00,0.000000e+00,0.000000e+00,0.000000e+00,0.000000e+00,0.000000e+00,0.000000e+00,0.000000e+00,0.000000e+00,0.000000e+00
1.000000e+00,0.000000e+00,0.000000e+00,0.000000e+00,0.000000e+00,0.000000e+00,0.000000e+00,0.000000e+00,0.000000e+00,0.000000e+00,0.000000e+00,0.000000e+00,0.000000e+00,0.000000e+00,0.000000e+00
1.000000e+00,0.000000e+00,0.000000e+00,0.000000e+00,0.000000e+00,0.000000e+00,0.000000e+00,0.000000e+00,0.000000e+00,0.000000e+00,0.000000e+00,0.000000e+00,0.000000e+00,0.000000e+00,0.000000e+00
1.000000e+00,0.000000e+00,0.000000e+00,0.000000e+00,0.000000e+00,0.000000e+00,0.000000e+00,0.000000e+00,0.000000e+00,0.000000e+00,0.000000e+00,0.000000e+00,0.000000e+00,0.000000e+00,0.000000e+00
1.000000e+00,0.000000e+00,0.000000e+00,0.000000e+00,0.000000e+00,0.000000e+00,0.000000e+00,0.000000e+00,0.000000e+00,0.000000e+00,0.000000e+00,0.000000e+00,0.000000e+00,0.000000e+00,0.000000e+00
1.000000e+00,0.000000e+00,0.000000e+00,0.000000e+00,0.000000e+00,0.000000e+00,0.000000e+00,0.000000e+00,0.000000e+00,0.000000e+00,0.000000e+00,0.000000e+00,0.000000e+00,0.000000e+00,0.000000e+00
1.000000e+00,0.000000e+00,0.000000e+00,0.000000e+00,0.000000e+00,0.000000e+00,0.000000e+00,0.000000e+00,0.000000e+00,0.000000e+00,0.000000e+00,0.000000e+00,0.000000e+00,0.000000e+00,0.000000e+00
1.000000e+00,0.000000e+00,0.000000e+00,0.000000e+00,0.000000e+00,0.000000e+00,0.000000e+00,0.000000e+00,0.000000e+00,0.000000e+00,0.000000e+00,0.000000e+00,0.000000e+00,0.000000e+00,0.000000e+00
1.000000e+00,0.000000e+00,0.000000e+00,0.000000e+00,0.000000e+00,0.000000e+00,0.000000e+00,0.000000e+00,0.000000e+00,0.000000e+00,0.000000e+00,0.000000e+00,0.000000e+00,0.000000e+00,0.000000e+00
1.000000e+00,0.000000e+00,0.000000e+00,0.000000e+00,0.000000e+00,0.000000e+00,0.000000e+00,0.000000e+00,0.000000e+00,0.000000e+00,0.000000e+00,0.000000e+00,0.000000e+00,0.000000e+00,0.000000e+00
1.000000e+00,0.000000e+00,0.000000e+00,0.000000e+00,0.000000e+00,0.000000e+00,0.000000e+00,0.000000e+00,0.000000e+00,0.000000e+00,0.000000e+00,0.000000e+00,0.000000e+00,0.000000e+00,0.000000e+00
1.000000e+00,0.000000e+00,0.000000e+00,0.000000e+00,0.000000e+00,0.000000e+00,0.000000e+00,0.000000e+00,0.000000e+00,0.000000e+00,0.000000e+00,0.000000e+00,0.000000e+00,0.000000e+00,0.000000e+00
1.000000e+00,0.000000e+00,0.000000e+00,0.000000e+00,0.000000e+00,0.000000e+00,0.000000e+00,0.000000e+00,0.000000e+00,0.000000e+00,0.000000e+00,0.000000e+00,0.000000e+00,0.000000e+00,0.000000e+00
1.000000e+00,0.000000e+00,0.000000e+00,0.000000e+00,0.000000e+00,0.000000e+00,0.000000e+00,0.000000e+00,0.000000e+00,0.000000e+00,0.000000e+00,0.000000e+00,0.000000e+00,0.000000e+00,0.000000e+00
1.000000e+00,0.000000e+00,0.000000e+00,0.000000e+00,0.000000e+00,0.000000e+00,0.000000e+00,0.000000e+00,0.000000e+00,0.000000e+00,0.000000e+00,0.000000e+00,0.000000e+00,0.000000e+00,0.000000e+00
1.000000e+00,0.000000e+00,0.000000e+00,0.000000e+00,0.000000e+00,0.000000e+00,0.000000e+00,0.000000e+00,0.000000e+00,0.000000e+00,0.000000e+00,0.000000e+00,0.000000e+00,0.000000e+00,0.000000e+00
1.000000e+00,0.000000e+00,0.000000e+00,0.000000e+00,0.000000e+00,0.000000e+00,0.000000e+00,0.000000e+00,0.000000e+00,0.000000e+00,0.000000e+00,0.000000e+00,0.000000e+00,0.000000e+00,0.000000e+00
1.000000e+00,0.000000e+00,0.000000e+00,0.000000e+00,0.000000e+00,0.000000e+00,0.000000e+00,0.000000e+00,0.000000e+00,0.000000e+00,0.000000e+00,0.000000e+00,0.000000e+00,0.000000e+00,0.000000e+00
1.000000e+00,0.000000e+00,0.000000e+00,0.000000e+00,0.000000e+00,0.000000e+00,0.000000e+00,0.000000e+00,0.000000e+00,0.000000e+00,0.000000e+00,0.000000e+00,0.000000e+00,0.000000e+00,0.000000e+00
1.000000e+00,0.000000e+00,0.000000e+00,0.000000e+00,0.000000e+00,0.000000e+00,0.000000e+00,0.000000e+00,0.000000e+00,0.000000e+00,0.000000e+00,0.000000e+00,0.000000e+00,0.000000e+00,0.000000e+00
1.000000e+00,0.000000e+00,0.000000e+00,0.000000e+00,0.000000e+00,0.000000e+00,0.000000e+00,0.000000e+00,0.000000e+00,0.000000e+00,0.000000e+00,0.000000e+00,0.000000e+00,0.000000e+00,0.000000e+00
1.000000e+00,0.000000e+00,0.000000e+00,0.000000e+00,0.000000e+00,0.000000e+00,0.000000e+00,0.000000e+00,0.000000e+00,0.000000e+00,0.000000e+00,0.000000e+00,0.000000e+00,0.000000e+00,0.000000e+00
1.000000e+00,0.000000e+00,0.000000e+00,0.000000e+00,0.000000e+00,0.000000e+00,0.000000e+00,0.000000e+00,0.000000e+00,0.000000e+00,0.000000e+00,0.000000e+00,0.000000e+00,0.000000e+00,0.000000e+00
1.000000e+00,0.000000e+00,0.000000e+00,0.000000e+00,0.000000e+00,0.000000e+00,0.000000e+00,0.000000e+00,0.000000e+00,0.000000e+00,0.000000e+00,0.000000e+00,0.000000e+00,0.000000e+00,0.000000e+00
1.000000e+00,0.000000e+00,0.000000e+00,0.000000e+00,0.000000e+00,0.000000e+00,0.000000e+00,0.000000e+00,0.000000e+00,0.000000e+00,0.000000e+00,0.000000e+00,0.000000e+00,0.000000e+00,0.000000e+00
1.000000e+00,0.000000e+00,0.000000e+00,0.000000e+00,0.000000e+00,0.000000e+00,0.000000e+00,0.000000e+00,0.000000e+00,0.000000e+00,0.000000e+00,0.000000e+00,0.000000e+00,0.000000e+00,0.000000e+00
1.000000e+00,0.000000e+00,0.000000e+00,0.000000e+00,0.000000e+00,0.000000e+00,0.000000e+00,0.000000e+00,0.000000e+00,0.000000e+00,0.000000e+00,0.000000e+00,0.000000e+00,0.000000e+00,0.000000e+00
1.000000e+00,0.000000e+00,0.000000e+00,0.000000e+00,0.000000e+00,0.000000e+00,0.000000e+00,0.000000e+00,0.000000e+00,0.000000e+00,0.000000e+00,0.000000e+00,0.000000e+00,0.000000e+00,0.000000e+00
1.000000e+00,0.000000e+00,0.000000e+00,0.000000e+00,0.000000e+00,0.000000e+00,0.000000e+00,0.000000e+00,0.000000e+00,0.000000e+00,0.000000e+00,0.000000e+00,0.000000e+00,0.000000e+00,0.000000e+00
1.000000e+00,0.000000e+00,0.000000e+00,0.000000e+00,0.000000e+00,0.000000e+00,0.000000e+00,0.000000e+00,0.000000e+00,0.000000e+00,0.000000e+00,0.000000e+00,0.000000e+00,0.000000e+00,0.000000e+00
1.000000e+00,0.000000e+00,0.000000e+00,0.000000e+00,0.000000e+00,0.000000e+00,0.000000e+00,0.000000e+00,0.000000e+00,0.000000e+00,0.000000e+00,0.000000e+00,0.000000e+00,0.000000e+00,0.000000e+00
1.000000e+00,0.000000e+00,0.000000e+00,0.000000e+00,0.000000e+00,0.000000e+00,0.000000e+00,0.000000e+00,0.000000e+00,0.000000e+00,0.000000e+00,0.000000e+00,0.000000e+00,0.000000e+00,0.000000e+00
1.000000e+00,0.000000e+00,0.000000e+00,0.000000e+00,0.000000e+00,0.000000e+00,0.000000e+00,0.000000e+00,0.000000e+00,0.000000e+00,0.000000e+00,0.000000e+00,0.000000e+00,0.000000e+00,0.000000e+00
1.000000e+00,0.000000e+00,0.000000e+00,0.000000e+00,0.000000e+00,0.000000e+00,0.000000e+00,0.000000e+00,0.000000e+00,0.000000e+00,0.000000e+00,0.000000e+00,0.000000e+00,0.000000e+00,0.000000e+00
1.000000e+00,0.000000e+00,0.000000e+00,0.000000e+00,0.000000e+00,0.000000e+00,0.000000e+00,0.000000e+00,0.000000e+00,0.000000e+00,0.000000e+00,0.000000e+00,0.000000e+00,0.000000e+00,0.000000e+00
1.000000e+00,0.000000e+00,0.000000e+00,0.000000e+00,0.000000e+00,0.000000e+00,0.000000e+00,0.000000e+00,0.000000e+00,0.000000e+00,0.000000e+00,0.000000e+00,0.000000e+00,0.000000e+00,0.000000e+00
1.000000e+00,0.000000e+00,0.000000e+00,0.000000e+00,0.000000e+00,0.000000e+00,0.000000e+00,0.000000e+00,0.000000e+00,0.000000e+00,0.000000e+00,0.000000e+00,0.000000e+00,0.000000e+00,0.000000e+00
1.000000e+00,0.000000e+00,0.000000e+00,0.000000e+00,0.000000e+00,0.000000e+00,0.000000e+00,0.000000e+00,0.000000e+00,0.000000e+00,0.000000e+00,0.000000e+00,0.000000e+00,0.000000e+00,0.000000e+00
1.000000e+00,0.000000e+00,0.000000e+00,0.000000e+00,0.000000e+00,0.000000e+00,0.000000e+00,0.000000e+00,0.000000e+00,0.000000e+00,0.000000e+00,0.000000e+00,0.000000e+00,0.000000e+00,0.000000e+00
1.000000e+00,0.000000e+00,0.000000e+00,0.000000e+00,0.000000e+00,0.000000e+00,0.000000e+00,0.000000e+00,0.000000e+00,0.000000e+00,0.000000e+00,0.000000e+00,0.000000e+00,0.000000e+00,0.000000e+00
1.000000e+00,0.000000e+00,0.000000e+00,0.000000e+00,0.000000e+00,0.000000e+00,0.000000e+00,0.000000e+00,0.000000e+00,0.000000e+00,0.000000e+00,0.000000e+00,0.000000e+00,0.000000e+00,0.000000e+00
4.204732e-01,1.062548e-02,4.390720e-03,1.646236e-02,6.463684e-03,5.840464e-02,3.417983e-03,4.561994e-03,3.049048e-03,3.231441e-03,1.174597e-01,3.336424e-01,8.539765e-03,1.726086e-03,7.551433e-03
2.944990e-01,7.573567e-03,3.154965e-03,1.163655e-02,4.613803e-03,4.371785e-02,2.524591e-03,3.263237e-03,2.503559e-03,3.195963e-03,1.261189e-01,4.837886e-01,6.036139e-03,1.417879e-03,5.955395e-03
2.062415e-01,9.869523e-03,4.905603e-03,8.398584e-03,4.090244e-03,3.567062e-02,2.333486e-03,2.574258e-03,8.121460e-03,4.109610e-03,1.136869e-01,5.719184e-01,4.277100e-03,1.348780e-03,2.245387e-02
1.443925e-01,7.080837e-03,3.812874e-03,5.931072e-03,3.235878e-03,2.663242e-02,1.705122e-03,1.875044e-03,6.658979e-03,4.028901e-03,9.325056e-02,6.791678e-01,3.010278e-03,1.154329e-03,1.806334e-02
1.010969e-01,5.028550e-03,2.997582e-03,4.308863e-03,3.925602e-03,1.971956e-02,1.453266e-03,1.707937e-03,6.352889e-03,4.791881e-03,6.881132e-02,7.633100e-01,2.116294e-03,8.619472e-04,1.351744e-02
7.083022e-02,4.066983e-03,3.359129e-03,3.068514e-03,7.882399e-03,1.411944e-02,1.757849e-03,1.454436e-03,1.005068e-02,2.018205e-02,5.396836e-02,7.936279e-01,1.510815e-03,6.861619e-04,1.343503e-02
5.024198e-02,3.712079e-03,4.493200e-02,5.232813e-03,2.993775e-02,1.078214e-02,2.098697e-03,5.283412e-02,1.257944e-02,1.513145e-02,4.622678e-02,7.149870e-01,1.112294e-03,5.493959e-04,9.642038e-03
3.578455e-02,4.466038e-03,3.567401e-02,5.129601e-03,2.959203e-02,1.357524e-02,4.098740e-03,4.567394e-02,5.715114e-02,5.810200e-02,4.379252e-02,6.563002e-01,1.216667e-03,1.372742e-03,8.070548e-03
2.607242e-02,5.589860e-03,2.924033e-02,3.848257e-03,2.850017e-02,1.965530e-02,5.906289e-03,3.743774e-02,8.885302e-02,1.056991e-01,4.501217e-02,5.948689e-01,1.384645e-03,1.284861e-03,6.646921e-03
1.875760e-02,5.885967e-03,2.086408e-02,3.396768e-03,2.274665e-02,2.661556e-02,4.296140e-03,2.645159e-02,1.232210e-01,2.476699e-01,5.362047e-02,4.328289e-01,4.645949e-03,2.657761e-03,6.341652e-03
1.471727e-02,1.131184e-02,1.729576e-02,8.197927e-03,1.809389e-02,2.528977e-02,3.419358e-03,2.463706e-02,1.419735e-01,2.711400e-01,9.616269e-02,3.214839e-01,3.614570e-02,4.886277e-03,5.245009e-03
1.340955e-02,3.125267e-02,1.591352e-02,1.948025e-02,1.450957e-02,2.327800e-02,2.728723e-03,2.057128e-02,1.579135e-01,2.721629e-01,1.204605e-01,2.438310e-01,4.704244e-02,1.056990e-02,6.876229e-03
1.046416e-02,3.478216e-02,1.224722e-02,1.945346e-02,1.184496e-02,1.826222e-02,1.995207e-03,1.582410e-02,2.631727e-01,2.391400e-01,1.182736e-01,1.866979e-01,4.918040e-02,1.150159e-02,7.160326e-03
9.361582e-03,4.578487e-02,9.582096e-03,1.692544e-02,9.808270e-03,1.555184e-02,1.503785e-03,1.227117e-02,3.191515e-01,2.627341e-01,9.831967e-02,1.359395e-01,4.279824e-02,1.295195e-02,7.316083e-03
1.043511e-02,6.689377e-02,8.721961e-03,7.673766e-02,1.899232e-02,1.670886e-02,1.340126e-03,1.134785e-02,3.792460e-01,1.878520e-01,7.301529e-02,1.001624e-01,3.186164e-02,9.656988e-03,7.028073e-03
3.205353e-02,7.267578e-02,9.600282e-03,1.003169e-01,1.733454e-02,1.734168e-02,1.160258e-03,1.119032e-02,3.774079e-01,1.506409e-01,7.316084e-02,8.897166e-02,2.701874e-02,1.106601e-02,1.006075e-02
4.490362e-02,6.477597e-02,9.331988e-03,8.168627e-02,2.482355e-02,2.295881e-02,1.181595e-03,8.811453e-03,3.731655e-01,1.778638e-01,7.098147e-02,7.344027e-02,2.584790e-02,1.015395e-02,1.007386e-02
3.425933e-02,8.424439e-02,9.016366e-03,5.825429e-02,1.882725e-02,1.864601e-02,9.633499e-04,6.806223e-03,2.664906e-01,3.583963e-01,5.301352e-02,5.414161e-02,2.158791e-02,7.577098e-03,7.775759e-03
2.565893e-02,9.497086e-02,7.362834e-03,4.092585e-02,1.369503e-02,1.841926e-02,7.929759e-04,5.355674e-03,1.906583e-01,4.940084e-01,4.056520e-02,3.907670e-02,1.669783e-02,5.980998e-03,5.831186e-03
2.096855e-02,8.818740e-02,1.275243e-02,3.069482e-02,1.341362e-02,1.711235e-02,1.093626e-03,1.052424e-02,1.480133e-01,5.769898e-01,3.052521e-02,2.789953e-02,1.242609e-02,4.877944e-03,4.521236e-03
2.221875e-02,7.016182e-02,1.322365e-02,2.353293e-02,1.850135e-02,1.567443e-02,2.277003e-03,2.355581e-02,1.536472e-01,5.990864e-01,2.193570e-02,1.986862e-02,9.109797e-03,3.689444e-03,3.517185e-03
3.699847e-02,5.490454e-02,1.314601e-02,1.873047e-02,2.128853e-02,1.405035e-02,2.373446e-03,2.870591e-02,1.351722e-01,6.307007e-01,1.596018e-02,1.445063e-02,6.962014e-03,2.805457e-03,3.751131e-03
3.676419e-02,3.913548e-02,9.290725e-03,1.325130e-02,1.600174e-02,1.019398e-02,1.689739e-03,2.115976e-02,1.117600e-01,7.093900e-01,1.137820e-02,1.024227e-02,4.929273e-03,2.014663e-03,2.798685e-03
3.818676e-02,2.877491e-02,6.573966e-03,9.612082e-03,1.238882e-02,7.709072e-03,1.320670e-03,1.903294e-02,9.233754e-02,7.611045e-01,8.265950e-03,7.414572e-03,3.583462e-03,1.474620e-03,2.220277e-03
3.624860e-02,2.028771e-02,4.641114e-03,7.010689e-03,1.039873e-02,5.513854e-03,9.723436e-04,1.365625e-02,6.973100e-02,8.148206e-01,6.088318e-03,5.312319e-03,2.578115e-03,1.076450e-03,1.663969e-03
3.383882e-02,1.441635e-02,3.284416e-03,5.532459e-03,8.700877e-03,4.022277e-03,8.305959e-04,1.058152e-02,5.166196e-02,8.546090e-01,4.512494e-03,3.962451e-03,2.004393e-03,7.736987e-04,1.268727e-03
3.285855e-02,1.020061e-02,2.311955e-03,4.317050e-03,6.505929e-03,2.892934e-03,6.254835e-04,7.571642e-03,3.716691e-02,8.860602e-01,3.536067e-03,2.902480e-03,1.518051e-03,5.619560e-04,9.702467e-04
3.583071e-02,7.354165e-03,1.650209e-03,3.879884e-03,4.868984e-03,2.115648e-03,6.066373e-04,5.596689e-03,2.699750e-02,9.029062e-01,3.291086e-03,2.352679e-03,1.383607e-03,4.084852e-04,7.576059e-04
4.937120e-02,6.704037e-03,1.178751e-03,3.690771e-03,3.769915e-03,2.038462e-03,6.550500e-04,4.177202e-03,2.552441e-02,8.925210e-01,5.616188e-03,2.328363e-03,1.349428e-03,3.407973e-04,7.344524e-04
1.004139e-01,6.996748e-03,1.082632e-03,8.920531e-03,3.947822e-03,4.261459e-03,4.581069e-03,5.145052e-03,3.170186e-02,8.014513e-01,6.973013e-03,1.874032e-02,4.291032e-03,3.469850e-04,1.146292e-03
2.048496e-01,6.269816e-03,1.026626e-03,9.355886e-03,3.479037e-03,9.880136e-03,5.542614e-03,5.336723e-03,3.166813e-02,6.851256e-01,6.783069e-03,2.164588e-02,6.515687e-03,4.341649e-04,2.086949e-03
2.453380e-01,5.119584e-03,2.157587e-03,9.396126e-03,7.932782e-03,9.147689e-03,1.098525e-01,2.044680e-02,2.505873e-02,5.120919e-01,6.319868e-03,3.165294e-02,1.303050e-02,4.937442e-04,1.961374e-03
2.489988e-01,4.713926e-03,2.971709e-03,7.686314e-03,5.034737e-02,9.371935e-03,2.122955e-01,2.127171e-02,2.716411e-02,3.661347e-01,6.899432e-03,2.847806e-02,1.048748e-02,1.106350e-03,2.072630e-03
2.398582e-01,5.099617e-03,4.269865e-03,7.596099e-03,6.773327e-02,2.914839e-02,2.487032e-01,1.965991e-02,2.474253e-02,2.751137e-01,1.375567e-02,4.730684e-02,1.259494e-02,1.481845e-03,2.935935e-03
1.734087e-01,4.712362e-03,3.360436e-03,6.798114e-03,4.970094e-02,2.295226e-02,3.789417e-01,1.426044e-02,1.832602e-02,2.421737e-01,1.599854e-02,3.615560e-02,1.406865e-02,1.477623e-03,1.766493e-02
1.282081e-01,3.764471e-03,2.461180e-03,6.457833e-03,3.573782e-02,1.778243e-02,4.142482e-01,1.021581e-02,1.376424e-02,1.973708e-01,5.843195e-02,7.112664e-02,1.785115e-02,2.614310e-03,1.996515e-02
9.761083e-02,3.362211e-03,2.126019e-03,6.783490e-03,2.547907e-02,1.375356e-02,3.282674e-01,7.349605e-03,1.091449e-02,1.526065e-01,1.599888e-01,9.418736e-02,6.164607e-02,5.476914e-03,3.044771e-02
8.193105e-02,2.957443e-03,1.956821e-03,7.046176e-03,1.872524e-02,1.211525e-02,2.563143e-01,5.620158e-03,1.188866e-02,1.385085e-01,1.589650e-01,1.254403e-01,1.191787e-01,1.248957e-02,4.686285e-02
8.229432e-02,2.334293e-03,1.557789e-03,6.187824e-03,1.507867e-02,1.110265e-02,1.928742e-01,4.309418e-03,1.797583e-02,1.150967e-01,1.414700e-01,1.379243e-01,1.758105e-01,1.359971e-02,8.238386e-02
6.942255e-02,1.747083e-03,1.194746e-03,5.337039e-03,1.225114e-02,1.753394e-02,1.483326e-01,3.191188e-03,1.521381e-02,8.438476e-02,1.169422e-01,3.021755e-01,1.488302e-01,1.049299e-02,6.295021e-02
5.391220e-02,1.442570e-03,1.055563e-03,3.923386e-03,9.158917e-03,1.600709e-02,1.053016e-01,2.338931e-03,1.504974e-02,7.273379e-02,9.665858e-02,3.578310e-01,1.713175e-01,9.580798e-03,8.368826e-02
4.056247e-02,1.300985e-03,1.430367e-03,3.174955e-03,7.298577e-03,1.820686e-02,7.483536e-02,1.736053e-03,1.493383e-02,6.944719e-02,8.430065e-02,4.280428e-01,1.613734e-01,8.922819e-03,8.443354e-02
2.907221e-02,2.372575e-03,5.314506e-03,3.421761e-03,1.214505e-02,2.083037e-02,5.515784e-02,2.526721e-03,1.711144e-02,6.425737e-02,7.927097e-02,5.053306e-01,1.283885e-01,1.142805e-02,6.337193e-02
2.505564e-02,2.866311e-03,6.415528e-03,4.713861e-03,1.012603e-02,1.824160e-02,4.028033e-02,3.540549e-03,1.815802e-02,1.100166e-01,6.833282e-02,5.206922e-01,9.693500e-02,2.123403e-02,5.339142e-02
3.008231e-02,2.417512e-03,5.105955e-03,4.118778e-03,1.214295e-02,1.581820e-02,2.916721e-02,5.214868e-03,1.962047e-02,1.350402e-01,7.377177e-02,5.211787e-01,7.459594e-02,3.218157e-02,3.954350e-02
4.547819e-02,1.931966e-03,3.791645e-03,3.228574e-03,1.406602e-02,1.377751e-02,2.074621e-02,4.898708e-03,1.750619e-02,2.070882e-01,6.901015e-02,4.623417e-01,6.162629e-02,4.471966e-02,2.978892e-02
4.801152e-02,1.634728e-03,2.946029e-03,2.738740e-03,1.677750e-02,1.216330e-02,1.473158e-02,4.076059e-03,1.643305e-02,2.212479e-01,6.795260e-02,4.695726e-01,5.700181e-02,4.230867e-02,2.240389e-02
5.089355e-02,1.812519e-03,2.614383e-03,2.255166e-03,1.551953e-02,1.164053e-02,1.044885e-02,3.249280e-03,1.611322e-02,1.888017e-01,9.747612e-02,4.882330e-01,4.423387e-02,4.978683e-02,1.692140e-02
4.779846e-02,1.402464e-03,1.948480e-03,1.750550e-03,1.257303e-02,1.042366e-02,7.417331e-03,2.728326e-03,1.356699e-02,1.498469e-01,8.927345e-02,5.767897e-01,3.305117e-02,3.929487e-02,1.213463e-02
4.653233e-02,1.235971e-03,1.652647e-03,1.668472e-03,1.052263e-02,9.088370e-03,5.251480e-03,2.378142e-03,1.293017e-02,1.211670e-01,7.755564e-02,6.454569e-01,2.402477e-02,3.146383e-02,9.071716e-03
3.996633e-02,1.067438e-03,1.258622e-03,1.804624e-03,8.900914e-03,8.555067e-03,3.739516e-03,1.937013e-03,1.165085e-02,1.030348e-01,6.711129e-02,7.015564e-01,1.759613e-02,2.504493e-02,6.776083e-03
3.851133e-02,1.059567e-03,1.003259e-03,2.110212e-03,7.415073e-03,9.756920e-03,2.694259e-03,1.630815e-03,9.780208e-03,8.082356e-02,6.362976e-02,7.433016e-01,1.316943e-02,1.973224e-02,5.381779e-03
2.840971e-02,1.023705e-03,8.882261e-04,1.696537e-03,6.201675e-03,8.974949e-03,1.930598e-03,1.274588e-03,7.748674e-03,6.006671e-02,5.668738e-02,7.965884e-01,9.805893e-03,1.456601e-02,4.136991e-03
2.196109e-02,1.975342e-03,1.513884e-03,1.536992e-03,5.522881e-03,8.162054e-03,1.385815e-03,1.100819e-03,6.432091e-03,4.907652e-02,5.707906e-02,8.220101e-01,7.777650e-03,1.095860e-02,3.507150e-03
1.803413e-02,2.570201e-03,1.999888e-03,1.308751e-03,4.662265e-03,7.600003e-03,1.010129e-03,1.021366e-03,5.316063e-03,3.798047e-02,9.151772e-02,8.089451e-01,5.784140e-03,8.979759e-03,3.270123e-03
1.596141e-02,3.577195e-03,3.266763e-03,1.080379e-03,3.919209e-03,6.520866e-03,7.427933e-04,9.663442e-04,5.071109e-03,2.897508e-02,1.232561e-01,7.913703e-01,4.212012e-03,7.122264e-03,3.958236e-03
1.484150e-02,4.378595e-03,4.365624e-03,9.076517e-04,3.235391e-03,5.390832e-03,5.828062e-04,1.209699e-03,5.147493e-03,2.484469e-02,1.043049e-01,8.175383e-01,3.167782e-03,6.408433e-03,3.676312e-03
1.082838e-02,8.441859e-03,9.366466e-03,8.696649e-04,1.722793e-02,4.256780e-03,5.435478e-04,1.324220e-03,2.353034e-02,2.338001e-02,1.046888e-01,7.828134e-01,2.358789e-03,5.598721e-03,4.771129e-03
8.778520e-03,7.483723e-03,8.350044e-03,7.663313e-04,1.294440e-02,4.992411e-03,4.315013e-04,1.583098e-03,1.909469e-02,2.536578e-02,1.034007e-01,7.932447e-01,1.864942e-03,6.907423e-03,4.791814e-03
7.375318e-03,1.026404e-02,1.058737e-02,6.913730e-04,9.995239e-03,6.099163e-03,4.735771e-04,2.200271e-03,2.591037e-02,3.808448e-02,1.605775e-01,7.154479e-01,1.628835e-03,6.311411e-03,4.353191e-03
5.364620e-03,7.443243e-03,7.780173e-03,5.276499e-04,7.076337e-03,4.617379e-03,3.378166e-04,1.621906e-03,2.751363e-02,3.142271e-02,3.563181e-01,5.378454e-01,1.182937e-03,7.706651e-03,3.241525e-03
3.956638e-03,5.568662e-03,5.737755e-03,4.118148e-04,5.024604e-03,3.465153e-03,2.410175e-04,1.184734e-03,3.689704e-02,2.541566e-02,4.741814e-01,4.166099e-01,8.653755e-04,1.799474e-02,2.445563e-03
4.365739e-03,4.434036e-03,6.692340e-03,1.042950e-03,3.957358e-03,8.381548e-03,2.350445e-04,2.189760e-03,4.066579e-02,1.914831e-02,5.928705e-01,2.995866e-01,6.380966e-04,1.397319e-02,1.818815e-03
3.849418e-03,3.456197e-03,4.899445e-03,1.150817e-03,3.753781e-03,6.159524e-03,1.823285e-04,2.034555e-03,4.405840e-02,1.417808e-02,6.928096e-01,2.103967e-01,4.624866e-04,1.123582e-02,1.372868e-03
4.287820e-03,4.081967e-03,4.358737e-03,1.275544e-03,3.707933e-03,6.936679e-03,1.423341e-04,2.849815e-03,5.187931e-02,1.045103e-02,7.440645e-01,1.480981e-01,4.071274e-04,1.606689e-02,1.392295e-03
7.448805e-03,8.979466e-03,1.105793e-02,8.145252e-03,8.859582e-03,9.257020e-03,1.993106e-04,2.458424e-02,1.220434e-01,1.052455e-02,6.647991e-01,1.050222e-01,4.812980e-04,1.608793e-02,2.509973e-03
6.173080e-03,9.099366e-03,8.003853e-03,6.857051e-03,8.182270e-03,8.139979e-03,2.293082e-04,1.875032e-02,3.408754e-01,8.046262e-03,4.926750e-01,7.694512e-02,8.382793e-04,1.292155e-02,2.263131e-03
4.939443e-03,8.402937e-03,5.775335e-03,6.696116e-03,1.555632e-02,1.032187e-02,2.166271e-04,1.391925e-02,5.145102e-01,5.942461e-03,3.473041e-01,5.417248e-02,6.896803e-04,9.449592e-03,2.103598e-03
5.185058e-03,6.905422e-03,4.525157e-03,6.915582e-03,4.748366e-02,9.177187e-03,7.224840e-04,4.632540e-02,5.742499e-01,4.350436e-03,2.465056e-01,3.810636e-02,5.969242e-04,7.069457e-03,1.881444e-03
5.620374e-03,6.432226e-03,3.967977e-03,1.413964e-01,8.725352e-02,1.494303e-02,6.295799e-04,3.675999e-02,4.731371e-01,5.965658e-03,1.796084e-01,2.809419e-02,1.889908e-03,5.061536e-03,9.240063e-03
7.813012e-03,8.837203e-03,3.377761e-03,1.173888e-01,8.351900e-02,4.864062e-02,6.093588e-04,3.107160e-02,4.465504e-01,6.102327e-03,1.609483e-01,4.934381e-02,1.742301e-02,4.096641e-03,1.427819e-02
6.271281e-03,8.397363e-03,3.019657e-03,2.275915e-01,6.755405e-02,4.190049e-02,4.618585e-04,2.229091e-02,3.713318e-01,5.549642e-03,1.641339e-01,4.936755e-02,1.702649e-02,3.212164e-03,1.189125e-02
4.510555e-03,6.131905e-03,2.377811e-03,2.786437e-01,4.920078e-02,3.312785e-02,3.415389e-04,1.578010e-02,2.662587e-01,4.853892e-03,2.012046e-01,1.064046e-01,1.973257e-02,2.741228e-03,8.690170e-03
3.312412e-03,4.576788e-03,2.018461e-03,2.249064e-01,3.517885e-02,2.368217e-02,2.545161e-04,1.106677e-02,1.891338e-01,1.545714e-02,3.230010e-01,1.312186e-01,2.497462e-02,4.668030e-03,6.550483e-03
2.427972e-03,3.420727e-03,1.729618e-03,1.625670e-01,3.960551e-02,1.696407e-02,2.267234e-04,7.761022e-03,1.350634e-01,1.538206e-02,4.040077e-01,1.634212e-01,3.430390e-02,8.387856e-03,4.731234e-03
1.834160e-03,2.654433e-03,1.506430e-03,1.158598e-01,4.700500e-02,1.325976e-02,3.572904e-04,5.911735e-03,1.117464e-01,1.513390e-02,4.448379e-01,1.751929e-01,4.869240e-02,1.245300e-02,3.554921e-03
1.458336e-03,2.440508e-03,1.506556e-03,8.193444e-02,5.509359e-02,1.179612e-02,7.310181e-04,6.594709e-03,1.595158e-01,1.305183e-02,4.281135e-01,1.639286e-01,5.835549e-02,1.284637e-02,2.633078e-03
1.392244e-03,2.217486e-03,1.502138e-03,5.777219e-02,4.344431e-02,9.694975e-03,1.331134e-03,1.650742e-02,2.456987e-01,1.304770e-02,3.643526e-01,1.650691e-01,6.334762e-02,1.232524e-02,2.297156e-03
1.645344e-03,1.825338e-03,1.546534e-03,4.063460e-02,7.507469e-02,7.266922e-03,7.418712e-03,1.655523e-02,3.430935e-01,1.071012e-02,2.887018e-01,1.364323e-01,5.669130e-02,9.858070e-03,2.545569e-03
3.056871e-03,1.374027e-03,1.383672e-03,2.861783e-02,2.220636e-01,5.959949e-03,9.337045e-02,1.215497e-02,2.584048e-01,7.880676e-03,2.187181e-01,9.696437e-02,4.068164e-02,7.305764e-03,2.063223e-03
4.860969e-03,1.009495e-03,1.033187e-03,2.065356e-02,3.198195e-01,4.662210e-03,1.796826e-01,1.035570e-02,1.907051e-01,5.834279e-03,1.567874e-01,6.827157e-02,2.967652e-02,5.163446e-03,1.484494e-03
9.270951e-03,7.833033e-04,7.791802e-04,1.477784e-02,4.303610e-01,4.100840e-03,1.911688e-01,8.958724e-03,1.463784e-01,4.636027e-03,1.135082e-01,4.822865e-02,2.234177e-02,3.636520e-03,1.069699e-03
1.991042e-02,2.464481e-03,1.011903e-03,1.939234e-02,4.936840e-01,4.094103e-03,1.527227e-01,1.550819e-02,1.502966e-01,3.366410e-03,8.209776e-02,3.436352e-02,1.750299e-02,2.594522e-03,9.900711e-04
4.641825e-02,3.306817e-03,8.979929e-04,1.498023e-02,5.497932e-01,3.978592e-03,1.190951e-01,1.444521e-02,1.450558e-01,2.440446e-03,5.953388e-02,2.451248e-02,1.293943e-02,1.833369e-03,7.691826e-04
5.672109e-02,5.604275e-03,1.006562e-03,2.518258e-02,6.146948e-01,4.924431e-03,9.124695e-02,1.616615e-02,1.095776e-01,1.756863e-03,4.271517e-02,1.814528e-02,1.008443e-02,1.331918e-03,8.418728e-04
9.662284e-02,5.952455e-03,1.475579e-03,2.497648e-02,6.208102e-01,7.150237e-03,7.623605e-02,2.415852e-02,8.502246e-02,1.334962e-03,3.173134e-02,1.444702e-02,8.187229e-03,9.857873e-04,9.088161e-04
1.512541e-01,5.111889e-03,1.722798e-03,2.632773e-02,6.010711e-01,7.283145e-03,6.045927e-02,3.573669e-02,6.580359e-02,1.045865e-03,2.413848e-02,1.154534e-02,6.566143e-03,7.543921e-04,1.179526e-03
1.408673e-01,3.803477e-03,2.064032e-03,1.905020e-02,6.315910e-01,6.306781e-03,7.581684e-02,3.865461e-02,4.712396e-02,1.178056e-03,1.761146e-02,8.610737e-03,5.044186e-03,5.884585e-04,1.688891e-03
1.106447e-01,2.784007e-03,1.835854e-03,1.391134e-02,6.750258e-01,5.366196e-03,9.534205e-02,2.969389e-02,3.330621e-02,5.455519e-03,1.296411e-02,6.313060e-03,3.897063e-03,6.428700e-04,2.817292e-03
7.749294e-02,2.016229e-03,1.489107e-03,1.002982e-02,4.778479e-01,4.399939e-03,9.117989e-02,2.084816e-02,2.339159e-02,2.683505e-01,1.060530e-02,5.618627e-03,3.132670e-03,8.468513e-04,2.750527e-03
5.432782e-02,1.489039e-03,1.169120e-03,7.975663e-03,3.371784e-01,4.091259e-03,8.163393e-02,1.465828e-02,1.666475e-02,4.202704e-01,2.812040e-02,1.457158e-02,5.288130e-03,2.273509e-03,1.028774e-02
3.816277e-02,1.138381e-03,9.404313e-04,6.884200e-03,2.377472e-01,3.380676e-03,6.992907e-02,1.032970e-02,1.195120e-02,4.513966e-01,1.125154e-01,3.191423e-02,8.688891e-03,4.441935e-03,1.057927e-02
2.683466e-02,1.248947e-03,7.404619e-04,4.996595e-03,1.667817e-01,2.575226e-03,5.042207e-02,7.361783e-03,8.735928e-03,3.344784e-01,3.093846e-01,3.963690e-02,7.086076e-03,2.997659e-02,9.740022e-03
1.887962e-02,1.987775e-03,6.670416e-04,3.592020e-03,1.169985e-01,2.379842e-03,3.546354e-02,5.211933e-03,6.914840e-03,2.515729e-01,4.261783e-01,5.700362e-02,6.619730e-03,5.753424e-02,8.996070e-03
1.333325e-02,3.654621e-02,2.964916e-03,2.591704e-03,8.220036e-02,2.266910e-03,2.486410e-02,3.831521e-03,1.556763e-02,1.856696e-01,4.252036e-01,6.671813e-02,5.812322e-03,1.185624e-01,1.386734e-02
9.789400e-03,4.089691e-02,4.516230e-02,2.216134e-03,5.797851e-02,9.742072e-03,1.806285e-02,8.677396e-03,2.997914e-02,1.475256e-01,3.526650e-01,8.110560e-02,6.974678e-03,1.730502e-01,1.617426e-02
7.891098e-03,3.855931e-02,8.515782e-02,3.288517e-03,4.133685e-02,6.313448e-02,1.322118e-02,1.686348e-02,3.332511e-02,1.185363e-01,2.850320e-01,6.621799e-02,6.596094e-03,2.028746e-01,1.796524e-02
6.060208e-03,3.862780e-02,7.293208e-02,2.624550e-03,2.952191e-02,9.201133e-02,9.296151e-03,1.324696e-02,2.889752e-02,1.023548e-01,2.162717e-01,5.295942e-02,5.245893e-03,3.010950e-01,2.885474e-02
7.570731e-03,3.882234e-02,6.545500e-02,2.401235e-03,2.139261e-02,2.039516e-01,6.769641e-03,1.512862e-02,2.618190e-02,9.107023e-02,1.819864e-01,4.374686e-02,4.430227e-03,2.628897e-01,2.820293e-02
8.643431e-03,4.325362e-02,9.885316e-02,2.933952e-03,1.663180e-02,2.371589e-01,5.067106e-03,1.628879e-02,2.357673e-02,7.186525e-02,1.703914e-01,3.899053e-02,4.194531e-03,2.402257e-01,2.192515e-02
6.503311e-03,3.650225e-02,7.507278e-02,2.405518e-03,1.228858e-02,1.828786e-01,3.594602e-03,1.216593e-02,2.999273e-02,5.324655e-02,1.453726e-01,3.151807e-02,3.558275e-03,3.865834e-01,1.831690e-02
5.126258e-03,8.781629e-02,5.581018e-02,1.864063e-03,1.046266e-02,1.504690e-01,2.538176e-03,9.165796e-03,6.419583e-02,4.018815e-02,1.503464e-01,2.344080e-02,3.112827e-03,3.809484e-01,1.451516e-02
3.978965e-03,1.712381e-01,4.291862e-02,2.457818e-03,7.804105e-03,1.141364e-01,1.806788e-03,6.535481e-03,1.558090e-01,3.034088e-02,1.130000e-01,1.675419e-02,2.286266e-03,3.145841e-01,1.634924e-02
4.120386e-03,1.339328e-01,3.240882e-02,2.035089e-03,8.547034e-03,8.948805e-02,1.300312e-03,5.293357e-03,1.701477e-01,2.294229e-02,1.041384e-01,1.273499e-02,1.846705e-03,3.984310e-01,1.263300e-02
4.756419e-03,1.163474e-01,2.361114e-02,2.639284e-03,8.253366e-03,6.867812e-02,9.549867e-04,6.797384e-03,2.618400e-01,1.688866e-02,7.592296e-02,9.427020e-03,1.827754e-03,3.919559e-01,1.009968e-02
5.982778e-03,1.073344e-01,2.101093e-02,7.535697e-03,9.366405e-03,6.096423e-02,7.645116e-04,7.636887e-03,3.461345e-01,1.483135e-02,6.042028e-02,7.967177e-03,3.507422e-03,3.323958e-01,1.414756e-02
1.338922e-02,1.156899e-01,2.019161e-02,7.468022e-03,1.320260e-02,8.555412e-02,7.186886e-04,1.116801e-02,3.649040e-01,1.133435e-02,4.773283e-02,6.224862e-03,4.333989e-03,2.855605e-01,1.252722e-02
3.273111e-02,1.198336e-01,2.600359e-02,3.635415e-02,3.239647e-02,8.582433e-02,1.018798e-03,2.010823e-02,3.534589e-01,8.544305e-03,4.124241e-02,4.903017e-03,3.683156e-03,2.146579e-01,1.924000e-02
3.400904e-02,1.161601e-01,3.341661e-02,3.051155e-02,5.716247e-02,1.056126e-01,9.823020e-04,4.537141e-02,3.335719e-01,8.776979e-03,3.416574e-02,3.658943e-03,2.839586e-03,1.733176e-01,2.044322e-02
3.620280e-02,1.138135e-01,1.005260e-01,3.696626e-02,7.946225e-02,7.775693e-02,1.260908e-03,7.850036e-02,2.918955e-01,6.768212e-03,2.579383e-02,2.962349e-03,2.338317e-03,1.240642e-01,2.168856e-02
5.760200e-02,1.400646e-01,8.378393e-02,3.343185e-02,7.960068e-02,7.497192e-02,1.181711e-03,9.049622e-02,2.898878e-01,5.577587e-03,2.112987e-02,3.092023e-03,2.398432e-03,9.769991e-02,1.908156e-02
8.052120e-02,1.502578e-01,6.721606e-02,3.137067e-02,8.742918e-02,6.621472e-02,1.157333e-03,1.044637e-01,2.797793e-01,4.331856e-03,2.014359e-02,2.706215e-03,1.958190e-03,8.748636e-02,1.496386e-02
1.130171e-01,1.555918e-01,5.696988e-02,3.031064e-02,7.674851e-02,5.713893e-02,1.297711e-03,1.007546e-01,2.981599e-01,3.407011e-03,1.599110e-02,2.557294e-03,1.847365e-03,7.177965e-02,1.442857e-02
1.074964e-01,1.195533e-01,6.437311e-02,4.214702e-02,6.845480e-02,4.848894e-02,1.265857e-03,2.287386e-01,2.346166e-01,3.315285e-03,1.182232e-02,2.399781e-03,1.575657e-03,5.151613e-02,1.423617e-02
1.023703e-01,9.371313e-02,7.074050e-02,6.098880e-02,5.354179e-02,6.863865e-02,1.333523e-03,2.810841e-01,2.009250e-01,2.832797e-03,9.313080e-03,2.658122e-03,2.813701e-03,3.777871e-02,1.126785e-02
7.717264e-02,6.596357e-02,5.049129e-02,4.518548e-02,3.869478e-02,4.971481e-02,1.130566e-03,4.826851e-01,1.417440e-01,2.044565e-03,6.596927e-03,1.902248e-03,2.050835e-03,2.666081e-02,7.962313e-03
5.723562e-02,4.632975e-02,3.639765e-02,3.305331e-02,2.958323e-02,3.515235e-02,1.073414e-03,6.279731e-01,9.990051e-02,1.462271e-03,4.659281e-03,1.354980e-03,1.477844e-03,1.874549e-02,5.601241e-03
4.258111e-02,3.255792e-02,2.830754e-02,2.612950e-02,2.112907e-02,2.572159e-02,8.509367e-04,7.287365e-01,7.014396e-02,1.045165e-03,3.374798e-03,9.908312e-04,1.117408e-03,1.323842e-02,4.075245e-03
3.249130e-02,2.294963e-02,2.045879e-02,1.907679e-02,1.523296e-02,1.890244e-02,6.704732e-04,8.036270e-01,4.927947e-02,7.551562e-04,2.402475e-03,7.496481e-04,9.488185e-04,9.435654e-03,3.019409e-03
3.777976e-02,1.649635e-02,1.493335e-02,1.365791e-02,1.114092e-02,1.535842e-02,6.784674e-04,8.420497e-01,3.505972e-02,5.427520e-04,1.779721e-03,6.364731e-04,7.595072e-04,6.833120e-03,2.293826e-03
3.587324e-02,1.172885e-02,1.135538e-02,9.882205e-03,8.363998e-03,1.237367e-02,7.732759e-04,8.745604e-01,2.509600e-02,4.396104e-04,1.444989e-03,6.829007e-04,7.114518e-04,4.847459e-03,1.866537e-03
3.135007e-02,8.347422e-03,8.343516e-03,7.198683e-03,6.009763e-03,9.378757e-03,6.495021e-04,9.030690e-01,1.821586e-02,3.288300e-04,1.085640e-03,6.332939e-04,5.536900e-04,3.440852e-03,1.395016e-03
6.040446e-02,6.528371e-03,6.903610e-03,5.714497e-03,4.861625e-03,1.330439e-02,6.990969e-04,8.792831e-01,1.435776e-02,3.632707e-04,1.139629e-03,1.207276e-03,8.202285e-04,2.589664e-03,1.822972e-03
9.806497e-02,6.298317e-03,5.886944e-03,5.598646e-03,4.392652e-03,3.117767e-02,8.979507e-04,8.220226e-01,1.229854e-02,1.069114e-03,1.828028e-03,2.595270e-03,1.837652e-03,2.110499e-03,3.921174e-03
1.540599e-01,7.634570e-03,6.003971e-03,6.806402e-03,8.416295e-03,3.083105e-02,1.502496e-03,7.472323e-01,1.221547e-02,3.839672e-03,2.442270e-03,4.696883e-03,2.506351e-03,2.093227e-03,9.719179e-03
2.001685e-01,8.696172e-03,1.454155e-02,1.417694e-02,1.116432e-02,3.221422e-02,2.626969e-03,6.603031e-01,1.260957e-02,1.096768e-02,3.504909e-03,5.659281e-03,2.752868e-03,2.338800e-03,1.827507e-02
2.684277e-01,9.170770e-03,1.543798e-02,1.565633e-02,1.094921e-02,3.849993e-02,2.817485e-03,5.498955e-01,1.923166e-02,1.116697e-02,4.942589e-03,6.654553e-03,3.688659e-03,2.913022e-03,4.054769e-02
2.837790e-01,8.630669e-03,1.275330e-02,1.408278e-02,8.367280e-03,1.071373e-01,2.517444e-03,3.930186e-01,4.589143e-02,1.954566e-02,5.317983e-03,6.846968e-03,6.018040e-03,5.547014e-03,8.054657e-02
2.445932e-01,7.393062e-03,9.490268e-03,1.107364e-02,5.980137e-03,1.669772e-01,2.098066e-03,2.779648e-01,8.535974e-02,2.024843e-02,6.378493e-03,6.242399e-03,9.004570e-03,6.101990e-03,1.410940e-01
2.206047e-01,6.662422e-03,7.849950e-03,9.677458e-03,6.739036e-03,1.491714e-01,2.753800e-03,2.008684e-01,8.957668e-02,2.173641e-02,1.192740e-02,6.633241e-03,2.002342e-02,9.035029e-03,2.367406e-01
1.667216e-01,5.209208e-03,5.995426e-03,6.893528e-03,5.083877e-03,1.124598e-01,2.152194e-03,1.412326e-01,7.077718e-02,1.612636e-02,1.013032e-02,4.804660e-03,1.646893e-02,8.746227e-03,4.271982e-01
1.250031e-01,4.166411e-03,4.370649e-03,4.933998e-03,3.695944e-03,8.502962e-02,1.667498e-03,9.899015e-02,6.194277e-02,1.220768e-02,7.875343e-03,3.753087e-03,1.247380e-02,8.754792e-03,5.651351e-01
9.652974e-02,3.871110e-03,3.661337e-03,3.687092e-03,2.959069e-03,7.048774e-02,1.348135e-03,6.946821e-02,1.056517e-01,9.733593e-03,7.597729e-03,3.400595e-03,1.035317e-02,1.093886e-02,6.003119e-01
6.903903e-02,4.035788e-03,3.550811e-03,2.832465e-03,2.240384e-03,5.571862e-02,1.015561e-03,4.869626e-02,2.728081e-01,8.783865e-03,8.217294e-03,2.742341e-03,7.808219e-03,1.026402e-02,5.022473e-01
4.957263e-02,4.430108e-03,3.113758e-03,2.219536e-03,1.665939e-03,4.311234e-02,7.376987e-04,3.411090e-02,2.192143e-01,9.908841e-03,1.080469e-01,2.801299e-03,1.014983e-02,1.201439e-01,3.907720e-01
3.630244e-02,3.734150e-03,2.727234e-03,1.753884e-03,1.770516e-03,3.265294e-02,5.739947e-04,2.390432e-02,1.768801e-01,1.008254e-02,9.422204e-02,2.408182e-03,8.875363e-03,2.369013e-01,3.672110e-01
2.761387e-02,3.155756e-03,2.228147e-03,1.634981e-03,1.650282e-03,2.534548e-02,4.664979e-04,1.675910e-02,1.409665e-01,1.068755e-02,8.096011e-02,2.009106e-03,7.367267e-03,3.560570e-01,3.230984e-01
2.510543e-02,6.897817e-03,2.670825e-03,1.727992e-03,1.773368e-03,1.920930e-02,4.170316e-04,1.183764e-02,1.519231e-01,9.992324e-03,6.807221e-02,2.038511e-03,6.309632e-03,3.990536e-01,2.929713e-01
2.414509e-02,7.417993e-03,2.521691e-03,2.099344e-03,2.440523e-03,1.491009e-02,3.696604e-04,8.348691e-03,1.442057e-01,7.970170e-03,7.387234e-02,1.755466e-03,5.437914e-03,4.580975e-01,2.464079e-01
1.848852e-02,8.286382e-03,3.426873e-03,2.580860e-03,2.783522e-03,1.209294e-02,3.291502e-04,5.922106e-03,1.727203e-01,7.268669e-03,8.402103e-02,1.632227e-03,4.302960e-03,4.986310e-01,1.775135e-01
1.323711e-02,6.316751e-03,2.620857e-03,2.063011e-03,2.507153e-03,8.836782e-03,2.427994e-04,4.170785e-03,2.054370e-01,7.207631e-03,7.886218e-02,2.389987e-03,5.424452e-03,5.349118e-01,1.257717e-01
9.634321e-03,5.542221e-03,2.142283e-03,1.554248e-03,1.993984e-03,6.481820e-03,1.767284e-04,2.932213e-03,1.945729e-01,5.653296e-03,6.507669e-02,2.928318e-03,4.760518e-03,6.072091e-01,8.934145e-02
1.059435e-02,7.831015e-03,2.924969e-03,1.443309e-03,1.741975e-03,1.377508e-02,1.607026e-04,2.184095e-03,1.702741e-01,5.367891e-03,9.036247e-02,2.603251e-03,3.729890e-03,6.207076e-01,6.629928e-02
9.602885e-03,7.534613e-03,2.367749e-03,1.309755e-03,1.349832e-03,2.371588e-02,1.534827e-04,1.619893e-03,1.327128e-01,5.447330e-03,1.443514e-01,3.444531e-03,3.591481e-03,6.142244e-01,4.857402e-02
