1.000000e+00,0.000000e+00,0.000000e+00,0.000000e+00,0.000000e+00,0.000000e+00,0.000000e+00,0.000000e+00,0.000000e+00,0.000000e+00,0.000000e+00,0.000000e+00,0.000000e+00,0.000000e+00,0.000000e+00
1.000000e+00,0.000000e+00,0.000000e+00,0.000000e+00,0.000000e+00,0.000000e+00,0.000000e+00,0.000000e+00,0.000000e+00,0.000000e+00,0.000000e+00,0.000000e+00,0.000000e+00,0.000000e+00,0.000000e+00
1.000000e+00,0.000000e+00,0.000000e+00,0.000000e+00,0.000000e+00,0.000000e+00,0.000000e+00,0.000000e+00,0.000000e+00,0.000000e+00,0.000000e+00,0.000000e+00,0.000000e+00,0.000000e+00,0.000000e+00
1.000000e+00,0.000000e+00,0.000000e+00,0.000000e+00,0.000000e+00,0.000000e+00,0.000000e+00,0.000000e+00,0.000000e+00,0.000000e+00,0.000000e+00,0.000000e+00,0.000000e+00,0.000000e+00,0.000000e+00
1.000000e+00,0.000000e+00,0.000000e+00,0.000000e+00,0.000000e+00,0.000000e+00,0.000000e+00,0.000000e+00,0.000000e+00,0.000000e+00,0.000000e+00,0.000000e+00,0.000000e+00,0.000000e+00,0.000000e+00
1.000000e+00,0.000000e+00,0.000000e+00,0.000000e+00,0.000000e+00,0.000000e+00,0.000000e+00,0.000000e+00,0.000000e+00,0.000000e+00,0.000000e+00,0.000000e+00,0.000000e+00,0.000000e+00,0.000000e+00
1.000000e+00,0.000000e+00,0.000000e+00,0.000000e+00,0.000000e+00,0.000000e+00,0.000000e+00,0.000000e+00,0.000000e+00,0.000000e+00,0.000000e+00,0.000000e+00,0.000000e+00,0.000000e+00,0.000000e+00
1.000000e+00,0.000000e+00,0.000000e+00,0.000000e+00,0.000000e+00,0.000000e+00,0.000000e+00,0.000000e+00,0.000000e+00,0.000000e+00,0.000000e+00,0.000000e+00,0.000000e+00,0.000000e+00,0.000000e+00
1.000000e+00,0.000000e+00,0.000000e+00,0.000000e+00,0.000000e+00,0.000000e+00,0.000000e+00,0.000000e+00,0.000000e+00,0.000000e+00,0.000000e+00,0.000000e+00,0.000000e+00,0.000000e+00,0.000000e+00
1.000000e+00,0.000000e+00,0.000000e+00,0.000000e+00,0.000000e+00,0.000000e+00,0.000000e+00,0.000000e+00,0.000000e+00,0.000000e+00,0.000000e+00,0.000000e+00,0.000000e+00,0.000000e+00,0.000000e+00
1.000000e+00,0.000000e+00,0.000000e+00,0.000000e+00,0.000000e+00,0.000000e+00,0.000000e+00,0.000000e+00,0.000000e+00,0.000000e+00,0.000000e+00,0.000000e+00,0.000000e+00,0.000000e+00,0.000000e+00
1.000000e+00,0.000000e+00,0.000000e+00,0.000000e+00,0.000000e+00,0.000000e+00,0.000000e+00,0.000000e+00,0.000000e+00,0.000000e+00,0.000000e+00,0.000000e+00,0.000000e+00,0.000000e+00,0.000000e+00
1.000000e+00,0.000000e+00,0.000000e+00,0.000000e+00,0.000000e+00,0.000000e+00,0.000000e+00,0.000000e+00,0.000000e+00,0.000000e+00,0.000000e+00,0.000000e+00,0.000000e+00,0.000000e+00,0.000000e+00
1.000000e+00,0.000000e+00,0.000000e+00,0.000000e+00,0.000000e+00,0.000000e+00,0.000000e+00,0.000000e+00,0.000000e+00,0.000000e+00,0.000000e+00,0.000000e+00,0.000000e+00,0.000000e+00,0.000000e+00
1.000000e+00,0.000000e+00,0.000000e+00,0.000000e+00,0.000000e+00,0.000000e+00,0.000000e+00,0.000000e+00,0.000000e+00,0.000000e+00,0.000000e+00,0.000000e+00,0.000000e+00,0.000000e+00,0.000000e+00
1.000000e+00,0.000000e+00,0.000000e+00,0.000000e+00,0.000000e+00,0.000000e+00,0.000000e+00,0.000000e+00,0.000000e+00,0.000000e+00,0.000000e+00,0.000000e+00,0.000000e+00,0.000000e+00,0.000000e+00
1.000000e+00,0.000000e+00,0.000000e+00,0.000000e+00,0.000000e+00,0.000000e+00,0.000000e+00,0.000000e+00,0.000000e+00,0.000000e+00,0.000000e+00,0.000000e+00,0.000000e+00,0.000000e+00,0.000000e+00
1.000000e+00,0.000000e+00,0.000000e+00,0.000000e+00,0.000000e+00,0.000000e+00,0.000000e+00,0.000000e+00,0.000000e+00,0.000000e+00,0.000000e+00,0.000000e+00,0.000000e+00,0.000000e+00,0.000000e+00
1.000000e+00,0.000000e+00,0.000000e+00,0.000000e+00,0.000000e+00,0.000000e+00,0.000000e+00,0.000000e+00,0.000000e+00,0.000000e+00,0.000000e+00,0.000000e+00,0.000000e+00,0.000000e+00,0.000000e+00
1.000000e+00,0.000000e+00,0.000000e+00,0.000000e+00,0.000000e+00,0.000000e+00,0.000000e+00,0.000000e+00,0.000000e+00,0.000000e+00,0.000000e+00,0.000000e+00,0.000000e+00,0.000000e+00,0.000000e+00
1.000000e+00,0.000000e+00,0.000000e+00,0.000000e+00,0.000000e+00,0.000000e+00,0.000000e+00,0.000000e+00,0.000000e+00,0.000000e+00,0.000000e+00,0.000000e+00,0.000000e+00,0.000000e+00,0.000000e+00
1.000000e+00,0.000000e+00,0.000000e+00,0.000000e+00,0.000000e+00,0.000000e+00,0.000000e+00,0.000000e+00,0.000000e+00,0.000000e+00,0.000000e+00,0.000000e+00,0.000000e+00,0.000000e+00,0.000000e+00
1.000000e+00,0.000000e+00,0.000000e+00,0.000000e+00,0.000000e+00,0.000000e+00,0.000000e+00,0.000000e+00,0.000000e+00,0.000000e+00,0.000000e+00,0.000000e+00,0.000000e+00,0.000000e+00,0.000000e+00
1.000000e+00,0.000000e+00,0.000000e+00,0.000000e+00,0.000000e+00,0.000000e+00,0.000000e+00,0.000000e+00,0.000000e+00,0.000000e+00,0.000000e+00,0.000000e+00,0.000000e+00,0.000000e+00,0.000000e+00
1.000000e+00,0.000000e+00,0.000000e+00,0.000000e+00,0.000000e+00,0.000000e+00,0.000000e+00,0.000000e+00,0.000000e+00,0.000000e+00,0.000000e+00,0.000000e+00,0.000000e+00,0.000000e+00,0.000000e+00
1.000000e+00,0.000000e+00,0.000000e+00,0.000000e+00,0.000000e+00,0.000000e+00,0.000000e+00,0.000000e+00,0.000000e+00,0.000000e+00,0.000000e+00,0.000000e+00,0.000000e+00,0.000000e+00,0.000000e+00
1.000000e+00,0.000000e+00,0.000000e+00,0.000000e+00,0.000000e+00,0.000000e+00,0.000000e+00,0.000000e+00,0.000000e+00,0.000000e+00,0.000000e+00,0.000000e+00,0.000000e+00,0.000000e+00,0.000000e+00
1.000000e+00,0.000000e+00,0.000000e+00,0.000000e+00,0.000000e+00,0.000000e+00,0.000000e+00,0.000000e+00,0.000000e+00,0.000000e+00,0.000000e+00,0.000000e+00,0.000000e+00,0.000000e+00,0.000000e+00
1.000000e+00,0.000000e+00,0.000000e+00,0.000000e+00,0.000000e+00,0.000000e+00,0.000000e+00,0.000000e+00,0.000000e+00,0.000000e+00,0.000000e+00,0.000000e+00,0.000000e+00,0.000000e+00,0.000000e+00
1.000000e+00,0.000000e+00,0.000000e+00,0.000000e+00,0.000000e+00,0.000000e+00,0.000000e+00,0.000000e+00,0.000000e+00,0.000000e+00,0.000000e+00,0.000000e+00,0.000000e+00,0.000000e+00,0.000000e+00
1.000000e+00,0.000000e+00,0.000000e+00,0.000000e+00,0.000000e+00,0.000000e+00,0.000000e+00,0.000000e+00,0.000000e+00,0.000000e+00,0.000000e+00,0.000000e+00,0.000000e+00,0.000000e+00,0.000000e+00
1.000000e+00,0.000000e+00,0.000000e+00,0.000000e+00,0.000000e+00,0.000000e+00,0.000000e+00,0.000000e+00,0.000000e+00,0.000000e+00,0.000000e+00,0.000000e+00,0.000000e+00,0.000000e+00,0.000000e+00
1.000000e+00,0.000000e+00,0.000000e+00,0.000000e+00,0.000000e+00,0.000000e+00,0.000000e+00,0.000000e+00,0.000000e+00,0.000000e+00,0.000000e+00,0.000000e+00,0.000000e+00,0.000000e+00,0.000000e+00
1.000000e+00,0.000000e+00,0.000000e+00,0.000000e+00,0.000000e+00,0.000000e+00,0.000000e+00,0.000000e+00,0.000000e+00,0.000000e+00,0.000000e+00,0.000000e+00,0.000000e+00,0.000000e+00,0.000000e+00
1.000000e+00,0.000000e+00,0.000000e+00,0.000000e+00,0.000000e+00,0.000000e+00,0.000000e+00,0.000000e+00,0.000000e+00,0.000000e+00,0.000000e+00,0.000000e+00,0.000000e+00,0.000000e+00,0.000000e+00
1.000000e+00,0.000000e+00,0.000000e+00,0.000000e+00,0.000000e+00,0.000000e+00,0.000000e+00,0.000000e+00,0.000000e+00,0.000000e+00,0.000000e+00,0.000000e+00,0.000000e+00,0.000000e+00,0.000000e+00
1.000000e+00,0.000000e+00,0.000000e+00,0.000000e+00,0.000000e+00,0.000000e+00,0.000000e+00,0.000000e+00,0.000000e+00,0.000000e+00,0.000000e+00,0.000000e+00,0.000000e+00,0.000000e+00,0.000000e+00
1.000000e+00,0.000000e+00,0.000000e+00,0.000000e+00,0.000000e+00,0.000000e+00,0.000000e+00,0.000000e+00,0.000000e+00,0.000000e+00,0.000000e+00,0.000000e+00,0.000000e+00,0.000000e+00,0.000000e+00
1.000000e+00,0.000000e+00,0.000000e+00,0.000000e+00,0.000000e+00,0.000000e+00,0.000000e+00,0.000000e+00,0.000000e+00,0.000000e+00,0.000000e+00,0.000000e+00,0.000000e+00,0.000000e+00,0.000000e+00
1.000000e+00,0.000000e+00,0.000000e+00,0.000000e+00,0.000000e+00,0.000000e+00,0.000000e+00,0.000000e+00,0.000000e+00,0.000000e+00,0.000000e+00,0.000000e+00,0.000000e+00,0.000000e+00,0.000000e+00
1.000000e+00,0.000000e+00,0.000000e+00,0.000000e+00,0.000000e+00,0.000000e+00,0.000000e+00,0.000000e+00,0.000000e+00,0.000000e+00,0.000000e+00,0.000000e+00,0.000000e+00,0.000000e+00,0.000000e+00
1.000000e+00,0.000000e+00,0.000000e+00,0.000000e+00,0.000000e+00,0.000000e+00,0.000000e+00,0.000000e+00,0.000000e+00,0.000000e+00,0.000000e+00,0.000000e+00,0.000000e+00,0.000000e+00,0.000000e+00
1.000000e+00,0.000000e+00,0.000000e+00,0.000000e+00,0.000000e+00,0.000000e+00,0.000000e+00,0.000000e+00,0.000000e+00,0.000000e+00,0.000000e+00,0.000000e+00,0.000000e+00,0.000000e+00,0.000000e+00
1.000000e+00,0.000000e+00,0.000000e+00,0.000000e+00,0.000000e+00,0.000000e+00,0.000000e+00,0.000000e+00,0.000000e+00,0.000000e+00,0.000000e+00,0.000000e+00,0.000000e+00,0.000000e+00,0.000000e+00
1.000000e+00,0.000000e+00,0.000000e+00,0.000000e+00,0.000000e+00,0.000000e+00,0.000000e+00,0.000000e+00,0.000000e+00,0.000000e+00,0.000000e+00,0.000000e+00,0.000000e+00,0.000000e+00,0.000000e+00
1.000000e+00,0.000000e+00,0.000000e+00,0.000000e+00,0.000000e+00,0.000000e+00,0.000000e+00,0.000000e+00,0.000000e+00,0.000000e+00,0.000000e+00,0.000000e+00,0.000000e+00,0.000000e+00,0.000000e+00
1.000000e+00,0.000000e+00,0.000000e+00,0.000000e+00,0.000000e+00,0.000000e+00,0.000000e+00,0.000000e+00,0.000000e+00,0.000000e+00,0.000000e+00,0.000000e+00,0.000000e+00,0.000000e+00,0.000000e+00
1.000000e+00,0.000000e+00,0.000000e+00,0.000000e+00,0.000000e+00,0.000000e+00,0.000000e+00,0.000000e+00,0.000000e+00,0.000000e+00,0.000000e+00,0.000000e+00,0.000000e+00,0.000000e+00,0.000000e+00
4.908940e-01,5.525353e-02,3.233563e-02,1.296425e-01,2.199050e-02,3.592582e-02,1.327173e-02,3.845669e-02,2.187631e-02,4.429501e-03,1.812081e-02,6.701119e-02,3.171913e-02,4.383611e-03,3.468908e-02
4.464337e-01,6.165590e-02,3.653754e-02,1.457345e-01,2.552516e-02,3.412369e-02,1.212107e-02,3.452744e-02,2.324576e-02,4.961955e-03,2.081338e-02,7.408008e-02,3.379650e-02,5.676980e-03,4.076642e-02
4.353335e-01,6.392953e-02,3.195436e-02,1.433465e-01,2.505986e-02,3.400638e-02,1.081484e-02,2.833368e-02,2.404273e-02,5.165592e-03,2.231390e-02,8.038152e-02,4.013213e-02,7.964291e-03,4.722122e-02
3.544218e-01,7.744257e-02,5.156458e-02,1.852365e-01,2.684352e-02,3.169627e-02,1.005288e-02,2.813966e-02,2.381087e-02,4.746974e-03,2.674538e-02,8.145966e-02,3.847147e-02,8.451767e-03,5.091613e-02
2.664038e-01,7.151553e-02,1.076415e-01,2.555892e-01,2.535261e-02,2.649670e-02,8.252158e-03,3.073148e-02,2.269152e-02,3.973106e-03,2.594457e-02,6.742376e-02,3.221430e-02,7.417200e-03,4.835257e-02
2.864064e-01,7.075864e-02,8.764459e-02,2.470455e-01,2.799258e-02,2.639844e-02,8.787818e-03,2.693713e-02,2.733751e-02,3.900118e-03,3.423091e-02,6.074493e-02,3.271209e-02,9.549215e-03,4.955421e-02
3.291655e-01,6.589755e-02,7.265448e-02,2.154435e-01,2.582791e-02,2.713964e-02,8.060650e-03,2.277000e-02,2.565404e-02,4.519314e-03,3.379650e-02,6.490166e-02,3.875069e-02,1.054930e-02,5.486925e-02
2.892812e-01,5.203201e-02,1.067974e-01,2.039349e-01,2.275045e-02,3.795085e-02,7.063785e-03,3.017437e-02,2.108057e-02,3.614655e-03,3.898001e-02,9.961835e-02,3.609056e-02,8.588651e-03,4.204232e-02
2.439854e-01,4.129331e-02,1.461332e-01,1.966638e-01,2.203477e-02,3.602336e-02,9.946182e-03,7.307384e-02,1.684214e-02,2.843927e-03,3.813960e-02,1.025018e-01,3.146816e-02,6.935569e-03,3.211502e-02
1.779541e-01,2.946579e-02,2.356563e-01,1.598175e-01,1.592976e-02,2.627170e-02,8.925809e-03,1.816792e-01,1.189913e-02,2.048681e-03,2.758795e-02,7.266007e-02,2.235977e-02,4.952458e-03,2.279189e-02
1.306147e-01,2.083058e-02,2.259466e-01,1.293103e-01,1.165363e-02,1.929133e-02,7.697782e-03,3.373989e-01,8.429116e-03,1.484211e-03,2.007879e-02,5.146851e-02,1.604741e-02,3.563857e-03,1.618435e-02
9.267465e-02,1.463395e-02,1.680318e-01,9.469659e-02,8.239693e-03,1.385390e-02,5.990255e-03,5.194374e-01,5.918657e-03,1.046015e-03,1.415749e-02,3.609311e-02,1.131113e-02,2.558332e-03,1.135714e-02
6.554300e-02,1.026569e-02,1.204820e-01,6.691214e-02,5.843614e-03,9.779979e-03,4.606849e-03,6.586720e-01,4.150801e-03,7.358583e-04,9.956656e-03,2.528073e-02,7.981893e-03,1.827768e-03,7.961045e-03
4.644328e-02,7.200324e-03,8.531142e-02,4.720642e-02,4.156735e-03,6.923095e-03,3.597755e-03,7.585042e-01,2.911636e-03,5.175151e-04,6.996188e-03,1.770975e-02,5.635034e-03,1.306686e-03,5.579970e-03
3.259444e-02,5.046570e-03,6.007419e-02,3.312380e-02,2.984153e-03,4.876877e-03,2.773260e-03,8.299462e-01,2.042502e-03,3.641424e-04,4.923957e-03,1.240995e-02,3.992083e-03,9.362621e-04,3.911592e-03
2.288958e-02,3.540262e-03,4.225262e-02,2.325176e-02,2.188064e-03,3.436401e-03,2.155077e-03,8.801712e-01,1.434476e-03,2.564576e-04,3.468846e-03,8.700198e-03,2.844906e-03,6.683442e-04,2.741747e-03
1.621410e-02,2.493066e-03,2.970927e-02,1.637170e-02,2.524463e-03,2.466155e-03,1.724528e-03,9.142284e-01,1.029710e-03,1.828280e-04,2.472552e-03,6.108790e-03,2.078636e-03,4.717603e-04,1.923901e-03
1.187961e-02,1.762634e-03,2.088404e-02,1.153600e-02,2.654130e-03,1.801424e-03,1.329672e-03,9.375769e-01,7.618348e-04,1.470353e-04,1.800769e-03,4.386879e-03,1.781098e-03,3.358376e-04,1.362004e-03
8.742486e-03,1.246748e-03,1.471690e-02,8.143126e-03,2.528755e-03,1.344478e-03,1.112015e-03,9.542128e-01,5.486586e-04,1.138642e-04,1.321574e-03,3.182069e-03,1.580803e-03,2.414177e-04,9.642985e-04
7.599004e-03,8.954132e-04,1.038429e-02,5.760410e-03,3.914328e-03,1.021487e-03,9.228635e-04,9.634072e-01,4.292857e-04,9.881709e-05,9.812333e-04,2.330248e-03,1.383864e-03,1.777900e-04,6.938024e-04
6.876098e-03,6.417585e-04,7.312059e-03,4.071922e-03,4.249589e-03,7.480306e-04,7.555095e-04,9.708880e-01,3.141435e-04,7.320187e-05,7.072696e-04,1.678511e-03,1.062940e-03,1.278269e-04,4.931557e-04
6.311886e-03,4.571347e-04,5.155952e-03,2.878419e-03,3.537110e-03,5.531615e-04,6.203027e-04,9.771799e-01,2.260245e-04,5.517245e-05,5.146879e-04,1.225273e-03,8.360841e-04,9.355527e-05,3.553423e-04
6.644955e-03,3.314616e-04,3.642844e-03,2.044338e-03,3.110296e-03,4.340470e-04,5.850563e-04,9.806691e-01,1.680338e-04,4.603499e-05,3.828042e-04,9.250117e-04,6.770757e-04,7.345744e-05,2.654223e-04
8.165896e-03,2.636077e-04,2.608650e-03,1.488227e-03,3.177425e-03,3.947683e-04,5.858528e-04,9.808350e-01,1.948783e-04,6.250225e-05,3.248402e-04,8.251287e-04,7.484984e-04,8.481114e-05,2.398769e-04
1.656249e-02,4.312874e-04,1.957919e-03,1.146934e-03,4.301439e-03,5.673817e-04,4.784837e-04,9.691620e-01,5.590096e-04,2.503060e-04,5.935239e-04,1.085663e-03,2.370366e-03,1.678485e-04,3.652800e-04
2.270825e-02,8.139791e-04,1.564235e-03,1.213744e-03,6.199069e-03,7.646390e-04,4.243664e-04,9.460480e-01,2.233166e-03,6.468237e-04,1.762538e-03,1.713720e-03,1.256921e-02,4.047876e-04,9.335197e-04
1.735942e-02,1.107522e-03,1.518724e-03,9.497480e-03,1.405576e-02,2.508297e-03,6.338762e-04,8.338363e-01,8.524048e-03,8.726842e-04,5.777737e-03,3.341160e-03,9.767937e-02,4.963618e-04,2.791243e-03
1.436362e-02,1.155763e-03,1.421168e-03,8.191789e-03,1.277643e-02,7.648999e-03,9.009846e-04,6.044587e-01,8.101410e-03,8.010659e-04,5.477484e-03,4.159702e-03,3.269746e-01,3.974207e-04,3.170750e-03
1.198351e-02,9.999681e-04,1.203606e-03,6.118144e-03,1.152537e-02,1.270673e-02,1.147769e-03,4.288926e-01,6.068180e-03,6.208079e-04,4.596319e-03,5.094952e-03,5.059567e-01,2.976285e-04,2.787639e-03
9.738177e-03,7.215508e-04,8.980002e-04,4.327135e-03,9.592259e-03,1.928437e-02,1.071399e-03,3.009109e-01,4.388194e-03,4.542664e-04,3.853759e-03,5.901193e-03,6.362901e-01,2.178846e-04,2.350894e-03
9.621912e-03,6.085832e-04,7.339671e-04,3.068066e-03,8.684261e-03,2.604729e-02,1.009747e-03,2.110916e-01,3.627392e-03,3.351856e-04,3.348259e-03,6.353491e-03,7.233920e-01,1.692990e-04,1.909035e-03
8.160976e-03,4.757973e-04,5.652308e-04,2.178159e-03,6.336297e-03,1.988106e-02,7.912644e-04,1.479145e-01,2.934357e-03,2.518286e-04,2.826908e-03,8.335373e-03,7.976698e-01,1.820381e-04,1.496440e-03
7.379783e-03,7.414514e-04,4.430746e-04,1.592235e-03,4.616138e-03,1.717905e-02,6.587178e-04,1.038083e-01,3.546003e-03,2.077628e-04,2.419544e-03,2.335731e-02,8.324074e-01,3.818162e-04,1.261397e-03
6.196760e-03,5.242775e-03,8.552466e-04,1.448426e-03,3.876770e-03,3.715836e-02,7.185757e-04,7.323027e-02,1.151774e-02,2.808297e-04,2.528675e-03,2.511787e-02,8.299936e-01,5.695741e-04,1.264536e-03
6.322041e-03,5.654946e-03,1.732555e-03,1.205391e-03,4.592469e-03,4.797103e-02,7.993181e-04,5.237649e-02,1.455561e-02,3.334648e-04,2.976809e-03,2.777959e-02,8.315307e-01,7.334364e-04,1.436168e-03
6.905223e-03,7.282983e-03,2.110893e-03,1.084831e-03,4.900178e-03,3.749436e-02,9.600430e-04,3.703328e-02,1.685274e-02,3.727725e-04,2.991960e-03,2.879436e-02,8.501137e-01,9.081817e-04,2.194442e-03
8.107775e-03,6.528132e-03,4.212779e-03,1.137864e-03,9.005131e-03,3.130889e-02,1.280513e-03,2.687584e-02,2.169025e-02,4.560850e-04,5.541638e-03,3.620739e-02,8.424310e-01,1.428437e-03,3.788231e-03
6.943031e-03,1.301998e-02,4.148422e-03,1.274699e-03,8.796435e-03,6.110882e-02,1.120280e-03,1.921566e-02,3.848795e-02,9.561979e-04,6.448598e-03,8.638369e-02,7.338701e-01,7.680452e-03,1.054567e-02
9.834139e-03,5.665240e-02,4.399693e-03,2.084952e-03,8.267566e-03,9.120253e-02,1.184248e-03,1.396039e-02,5.828322e-02,2.884391e-03,6.433523e-03,1.375634e-01,5.856472e-01,7.935897e-03,1.366639e-02
1.246105e-02,6.269851e-02,5.950366e-03,2.565353e-03,1.179313e-02,1.396098e-01,1.437898e-03,1.863775e-02,8.139911e-02,2.641560e-03,7.706172e-03,1.803750e-01,4.488551e-01,8.807597e-03,1.506162e-02
1.203094e-02,5.162216e-02,5.600313e-03,2.297834e-03,1.104115e-02,2.547443e-01,1.307191e-03,1.754014e-02,8.566119e-02,2.030535e-03,7.193437e-03,1.495921e-01,3.725412e-01,1.000846e-02,1.678907e-02
1.123985e-02,5.450702e-02,5.702073e-03,2.319504e-03,1.130865e-02,2.746569e-01,1.065384e-03,1.411718e-02,9.538133e-02,1.866753e-03,6.113134e-03,1.549027e-01,3.314218e-01,1.135727e-02,2.404046e-02
9.479009e-03,8.083327e-02,7.687720e-03,2.318335e-03,1.252315e-02,2.459115e-01,9.417814e-04,1.155592e-02,1.168417e-01,2.053160e-03,4.926945e-03,1.323190e-01,2.892465e-01,2.046904e-02,6.289294e-02
1.088376e-02,9.194340e-02,9.917824e-03,2.443957e-03,1.527114e-02,2.206667e-01,9.750657e-04,1.300982e-02,1.398660e-01,1.899639e-03,4.215701e-03,1.325072e-01,2.667986e-01,2.138376e-02,6.821746e-02
1.633027e-02,9.359691e-02,9.334660e-03,2.680011e-03,1.531327e-02,1.912939e-01,9.456611e-04,1.157563e-02,1.216747e-01,1.928251e-03,3.683066e-03,1.324738e-01,3.139957e-01,1.901332e-02,6.616086e-02
1.898354e-02,9.917778e-02,1.606966e-02,4.724399e-03,1.648754e-02,1.515186e-01,2.064977e-03,9.545319e-03,1.524673e-01,3.407537e-03,3.381261e-03,1.165263e-01,2.949507e-01,2.027608e-02,9.041903e-02
2.431888e-02,9.258300e-02,3.709191e-02,4.854648e-03,1.974606e-02,1.200302e-01,3.802255e-03,3.294095e-02,1.477363e-01,3.608717e-03,3.198192e-03,1.244941e-01,2.465539e-01,2.380954e-02,1.152314e-01
2.572414e-02,7.771532e-02,3.859608e-02,3.701611e-03,2.163497e-02,1.003099e-01,1.064438e-02,6.371991e-02,1.400443e-01,3.028449e-03,3.082007e-03,1.271735e-01,2.355648e-01,2.224142e-02,1.268193e-01
2.545890e-02,7.544371e-02,3.397924e-02,3.026719e-03,2.142243e-02,8.261888e-02,1.382766e-02,7.226917e-02,1.514780e-01,2.497936e-03,2.818080e-03,1.507930e-01,2.388539e-01,1.666101e-02,1.088514e-01
2.156217e-02,8.947702e-02,2.908934e-02,2.959809e-03,1.904688e-02,6.503400e-02,1.208827e-02,6.509282e-02,1.581726e-01,1.948470e-03,2.218346e-03,1.179300e-01,3.211434e-01,1.181850e-02,8.241849e-02
1.684545e-02,7.615273e-02,2.134724e-02,2.348653e-03,1.542399e-02,4.996101e-02,9.269871e-03,4.803798e-02,1.208070e-01,1.415168e-03,1.651426e-03,8.620000e-02,4.809535e-01,8.304497e-03,6.128149e-02
1.332899e-02,5.828730e-02,1.649038e-02,1.875864e-03,1.495793e-02,3.657309e-02,8.508635e-03,3.544574e-02,9.064899e-02,1.033090e-03,1.312341e-03,6.348678e-02,5.963051e-01,5.857759e-03,5.588800e-02
1.231125e-02,4.421242e-02,1.624954e-02,1.525225e-03,1.832174e-02,2.666779e-02,9.590508e-03,2.719910e-02,6.595950e-02,7.924662e-04,1.196327e-03,4.526603e-02,6.703513e-01,4.143653e-03,5.621319e-02
1.184634e-02,3.401174e-02,1.447129e-02,1.200859e-03,2.130744e-02,1.971466e-02,1.114991e-02,2.243195e-02,4.930487e-02,6.323458e-04,1.052147e-03,3.346006e-02,7.199144e-01,2.925924e-03,5.657611e-02
1.070012e-02,2.602561e-02,1.279756e-02,9.235929e-04,1.948144e-02,1.468747e-02,9.897055e-03,1.767363e-02,3.627447e-02,5.203793e-04,9.225050e-04,2.428181e-02,7.805753e-01,2.079899e-03,4.315913e-02
8.630401e-03,1.971145e-02,1.005089e-02,7.207802e-04,1.832446e-02,1.074186e-02,8.148245e-03,1.336470e-02,2.688262e-02,4.138786e-04,8.428292e-04,1.755530e-02,8.314831e-01,1.478852e-03,3.165069e-02
6.822105e-03,1.440467e-02,1.044540e-02,5.547223e-04,1.618975e-02,8.395325e-03,6.404125e-03,1.016591e-02,1.959574e-02,3.450019e-04,7.832031e-04,1.263856e-02,8.689314e-01,1.062005e-03,2.326214e-02
6.151787e-03,1.036826e-02,1.421414e-02,4.492796e-04,1.648693e-02,6.638170e-03,6.129449e-03,9.615186e-03,1.524010e-02,6.821097e-04,9.627765e-04,9.638475e-03,8.794103e-01,7.857765e-04,2.322737e-02
8.083228e-03,7.340534e-03,1.883768e-02,1.086075e-03,5.234282e-02,7.307733e-03,1.030548e-02,1.296880e-02,1.285415e-02,7.474230e-04,1.992845e-03,8.691628e-03,8.359851e-01,6.063931e-04,2.085019e-02
1.840207e-02,5.445274e-03,1.874161e-02,2.551020e-03,5.755925e-02,8.552889e-03,9.341641e-03,1.680292e-02,1.210890e-02,2.320603e-03,1.028771e-02,1.920624e-02,7.923477e-01,9.334268e-04,2.539886e-02
2.398694e-02,7.201326e-03,1.745587e-02,6.064272e-03,6.659824e-02,1.907145e-02,7.849706e-03,2.966036e-02,4.879277e-02,5.448651e-03,1.653357e-02,3.377766e-02,6.897609e-01,8.908649e-04,2.690746e-02
3.026332e-02,5.496363e-03,3.112869e-02,2.524119e-02,5.642495e-02,2.457475e-02,7.452523e-03,1.267149e-01,4.809746e-02,7.358269e-03,2.362498e-02,2.891972e-02,5.570369e-01,9.784095e-04,2.668758e-02
5.171864e-02,1.236010e-02,4.249398e-02,3.686804e-02,7.018229e-02,2.222977e-02,6.278446e-03,1.252853e-01,8.394828e-02,6.978930e-03,1.866727e-02,2.221357e-02,4.762825e-01,9.105420e-04,2.358243e-02
5.936691e-02,1.164546e-02,4.409937e-02,9.288712e-02,8.349499e-02,2.186050e-02,5.707440e-03,1.171083e-01,8.355671e-02,5.404232e-03,1.429365e-02,1.638008e-02,4.251872e-01,7.879653e-04,1.822006e-02
6.259844e-02,1.406167e-02,4.649788e-02,1.908273e-01,7.479382e-02,1.781517e-02,4.710828e-03,1.270111e-01,9.034276e-02,9.740563e-03,1.639239e-02,1.319478e-02,3.093896e-01,8.211249e-04,2.180265e-02
5.978926e-02,1.345043e-02,4.153319e-02,1.944146e-01,7.246548e-02,2.149678e-02,4.328615e-03,1.788217e-01,1.352559e-01,7.609896e-03,1.340261e-02,9.689772e-03,2.284102e-01,8.362805e-04,1.849527e-02
6.503944e-02,1.613951e-02,3.413473e-02,1.757366e-01,7.163592e-02,2.054878e-02,6.361418e-03,1.874091e-01,1.865744e-01,6.491551e-03,1.029387e-02,7.454969e-03,1.734022e-01,9.367124e-04,3.784077e-02
7.178110e-02,2.445136e-02,2.794105e-02,1.338424e-01,7.083637e-02,2.202657e-02,7.635422e-03,1.661541e-01,2.856076e-01,5.452893e-03,7.504654e-03,5.610542e-03,1.320170e-01,7.965005e-04,3.834251e-02
7.625709e-02,3.815494e-02,2.206935e-02,1.004261e-01,6.178638e-02,2.924597e-02,7.509958e-03,1.443729e-01,3.745814e-01,4.522056e-03,5.488608e-03,4.494425e-03,9.914829e-02,6.638251e-04,3.127872e-02
9.002754e-02,6.383306e-02,1.886292e-02,8.375280e-02,6.003572e-02,3.494130e-02,8.302870e-03,1.206296e-01,4.028679e-01,6.138706e-03,4.225084e-03,4.397412e-03,7.434835e-02,6.182679e-04,2.701846e-02
1.153530e-01,7.413504e-02,1.667003e-02,6.675440e-02,5.636107e-02,4.887475e-02,9.736594e-03,9.497536e-02,4.172811e-01,5.245139e-03,3.537858e-03,4.559648e-03,5.939502e-02,6.227030e-04,2.649833e-02
1.760919e-01,6.934040e-02,1.515891e-02,5.249853e-02,4.833414e-02,4.263430e-02,1.330136e-02,6.970507e-02,4.255881e-01,4.876806e-03,3.910025e-03,5.870603e-03,4.725464e-02,8.018669e-04,2.463333e-02
2.416781e-01,9.242354e-02,2.443865e-02,4.061640e-02,3.628887e-02,3.466172e-02,1.147106e-02,4.993017e-02,3.107459e-01,3.654704e-02,1.105799e-02,6.305416e-03,3.476851e-02,5.070382e-03,6.399622e-02
1.797578e-01,1.832104e-01,3.026894e-02,3.000639e-02,2.612251e-02,2.710172e-02,8.143968e-03,3.538391e-02,2.242913e-01,2.634892e-02,4.432900e-02,4.894163e-03,2.599870e-02,3.920482e-02,1.149375e-01
1.269467e-01,1.599768e-01,3.314705e-02,2.163305e-02,1.849111e-02,2.164093e-02,5.725781e-03,2.488763e-02,1.613138e-01,1.877550e-02,1.634488e-01,3.826102e-03,1.913008e-02,1.354139e-01,8.564278e-02
8.953869e-02,1.244557e-01,2.574076e-02,1.587038e-02,1.304287e-02,1.792785e-02,4.040074e-03,1.748603e-02,1.158021e-01,1.337207e-02,3.482135e-01,3.060136e-03,1.410105e-02,1.324484e-01,6.490034e-02
6.321371e-02,8.780405e-02,1.848925e-02,1.153682e-02,9.251941e-03,1.486782e-02,2.888352e-03,1.230322e-02,8.230031e-02,9.695300e-03,4.797993e-01,3.398853e-03,1.013653e-02,1.475072e-01,4.680739e-02
4.430396e-02,6.154963e-02,1.300025e-02,8.177570e-03,6.750914e-03,1.067932e-02,2.028890e-03,8.629841e-03,5.841093e-02,6.875360e-03,5.029972e-01,4.898754e-03,7.141230e-03,2.317223e-01,3.283397e-02
3.105620e-02,4.332054e-02,9.414250e-03,5.769099e-03,5.125147e-03,8.657559e-03,1.431713e-03,6.068626e-03,4.472950e-02,5.044474e-03,4.826483e-01,6.508964e-03,5.039793e-03,3.221232e-01,2.306265e-02
2.174698e-02,3.067920e-02,6.734286e-03,4.090654e-03,5.301048e-03,6.313724e-03,1.010698e-03,4.257692e-03,7.890719e-02,3.786386e-03,4.030415e-01,8.496232e-03,3.537863e-03,4.058138e-01,1.628274e-02
1.522603e-02,2.162273e-02,4.736899e-03,2.876782e-03,4.032874e-03,4.719981e-03,7.094406e-04,2.982673e-03,1.303725e-01,2.787634e-03,3.249419e-01,1.037019e-02,2.483897e-03,4.606521e-01,1.148438e-02
1.066186e-02,1.525561e-02,3.324235e-03,2.040065e-03,2.860053e-03,3.418988e-03,4.972244e-04,2.088375e-03,2.526802e-01,2.124707e-03,2.498944e-01,7.936630e-03,1.742999e-03,4.373558e-01,8.118900e-03
7.479507e-03,1.094494e-02,2.476885e-03,1.485140e-03,2.126925e-03,5.347608e-03,3.544576e-04,1.470633e-03,3.119690e-01,1.833208e-03,1.954806e-01,5.770805e-03,1.226942e-03,4.461225e-01,5.910825e-03
5.257254e-03,8.545462e-03,1.958346e-03,1.092327e-03,1.629598e-03,5.427292e-03,2.559575e-04,1.072841e-03,4.100785e-01,1.706325e-03,1.588928e-01,4.272369e-03,8.684699e-04,3.946640e-01,4.278362e-03
3.817787e-03,6.420383e-03,2.440834e-03,1.201364e-03,1.319110e-03,4.856001e-03,2.070978e-04,1.138240e-03,5.402868e-01,1.824184e-03,1.275026e-01,3.138319e-03,6.671342e-04,3.020952e-01,3.084873e-03
2.839935e-03,4.783201e-03,2.188141e-03,1.111722e-03,1.000414e-03,4.730136e-03,1.585787e-04,1.137102e-03,6.396188e-01,1.419409e-03,9.494013e-02,2.282640e-03,4.796572e-04,2.410812e-01,2.228880e-03
2.140457e-03,5.004271e-03,1.795921e-03,8.916275e-04,8.926270e-04,4.174887e-03,1.163707e-04,8.280199e-04,6.817480e-01,1.206013e-03,7.387938e-02,1.709291e-03,3.471003e-04,2.234728e-01,1.793212e-03
1.656612e-03,5.702212e-03,2.040192e-03,1.035968e-03,8.055877e-04,6.037984e-03,9.362525e-05,7.048390e-04,7.534930e-01,1.224954e-03,5.255246e-02,1.237947e-03,2.838416e-04,1.714861e-01,1.644642e-03
1.541908e-03,9.917696e-03,2.385029e-03,1.114564e-03,9.079676e-04,1.574785e-02,8.225084e-05,6.223167e-04,7.860043e-01,1.328185e-03,3.750227e-02,8.874854e-04,2.932819e-04,1.401075e-01,1.557420e-03
1.961552e-03,8.973902e-03,2.612873e-03,9.131137e-04,7.792940e-04,1.346907e-02,6.601461e-05,5.678580e-04,7.932241e-01,1.361346e-03,2.906018e-02,7.217346e-04,2.341681e-04,1.436202e-01,2.434632e-03
2.082632e-03,7.874567e-03,2.751109e-03,8.314701e-04,9.801402e-04,1.095355e-02,4.844630e-05,5.296386e-04,8.259211e-01,1.237710e-03,2.587526e-02,5.368912e-04,1.731918e-04,1.178244e-01,2.379949e-03
3.423458e-03,6.874197e-03,3.755429e-03,1.094254e-03,1.327652e-03,9.302279e-03,4.023865e-05,8.023436e-04,8.492704e-01,1.103680e-03,2.435391e-02,4.182646e-04,1.520755e-04,9.409760e-02,3.984246e-03
9.049051e-03,6.596114e-03,1.128057e-02,3.090017e-03,2.211662e-03,8.199981e-03,4.089354e-05,2.766074e-03,8.306412e-01,9.276793e-04,3.719226e-02,3.153994e-04,1.343662e-04,8.146597e-02,6.088775e-03
1.012716e-02,4.836656e-03,8.390245e-03,2.299437e-03,1.938942e-03,6.832261e-03,3.174798e-05,2.533698e-03,7.825297e-01,6.994199e-04,1.022153e-01,2.917839e-04,1.097129e-04,7.142614e-02,5.737856e-03
1.574373e-02,4.216001e-03,6.635036e-03,1.998910e-03,2.817661e-03,6.287073e-03,5.004224e-05,2.959591e-03,7.059945e-01,8.778103e-04,1.832673e-01,4.493206e-04,3.054250e-04,5.923128e-02,9.166234e-03
2.053846e-02,4.095659e-03,5.963556e-03,2.024808e-03,3.565096e-03,1.068053e-02,5.924224e-05,5.656986e-03,6.629254e-01,9.271092e-04,2.189554e-01,9.439965e-04,4.815929e-04,4.827609e-02,1.490611e-02
2.932790e-02,4.134991e-03,4.646261e-03,2.037632e-03,4.815659e-03,1.937514e-02,6.052281e-05,5.144247e-03,6.102071e-01,9.576891e-04,2.487545e-01,2.269691e-03,4.834667e-04,4.746899e-02,2.031624e-02
2.627631e-02,4.892370e-03,3.765773e-03,1.586545e-03,4.453548e-03,1.638958e-02,5.085896e-05,4.013472e-03,6.148796e-01,7.617184e-04,2.332867e-01,2.239062e-03,4.158851e-04,7.171665e-02,1.527198e-02
3.194882e-02,7.390193e-03,5.472822e-03,4.270280e-03,1.375036e-02,1.538557e-02,1.273157e-04,5.196947e-03,6.479611e-01,6.754124e-04,1.842283e-01,1.730120e-03,4.173265e-04,6.858763e-02,1.285780e-02
4.165172e-02,8.405187e-03,5.115835e-03,4.479068e-03,2.084401e-02,1.960102e-02,1.720332e-04,5.336265e-03,6.309316e-01,5.929710e-04,1.683082e-01,1.912165e-03,6.270722e-04,7.932768e-02,1.269519e-02
4.516090e-02,7.781179e-03,3.933506e-03,3.415161e-03,1.857515e-02,2.453282e-02,1.626434e-04,4.324457e-03,5.805905e-01,5.597995e-04,1.820676e-01,3.678981e-03,8.231027e-04,1.135810e-01,1.081330e-02
5.233471e-02,1.008947e-02,4.710585e-03,3.048556e-03,1.591535e-02,1.964433e-02,2.222884e-04,3.874947e-03,5.363913e-01,7.448612e-04,1.571459e-01,4.366186e-03,9.902837e-04,1.791220e-01,1.139928e-02
7.544699e-02,1.248420e-02,4.906486e-03,2.576108e-03,1.263978e-02,1.546985e-02,3.174425e-04,2.900513e-03,5.180932e-01,9.764878e-04,1.247343e-01,4.782346e-03,1.119077e-03,2.137781e-01,9.775206e-03
1.204979e-01,1.906548e-02,9.747582e-03,1.162761e-02,1.251609e-02,1.371702e-02,5.558625e-04,3.130580e-03,5.101202e-01,1.078025e-03,1.004550e-01,6.419409e-03,1.400821e-03,1.798601e-01,9.808216e-03
2.437985e-01,2.037244e-02,2.983128e-02,2.186531e-02,1.254685e-02,1.083079e-02,8.718024e-04,3.438790e-03,4.285802e-01,1.036266e-03,7.388850e-02,7.161698e-03,2.185453e-03,1.329285e-01,1.066363e-02
3.356102e-01,1.756842e-02,4.832309e-02,3.024232e-02,1.144089e-02,1.019726e-02,1.642121e-03,4.662783e-03,3.482268e-01,1.892467e-03,5.470939e-02,8.861891e-03,4.969991e-03,9.788600e-02,2.376641e-02
3.213438e-01,1.462536e-02,4.835441e-02,2.604110e-02,8.568918e-03,8.818932e-03,1.466556e-03,5.646858e-03,3.390620e-01,1.692690e-02,4.136086e-02,8.079540e-03,9.375159e-03,7.247193e-02,7.785761e-02
2.653081e-01,1.275972e-02,7.974130e-02,6.806491e-02,6.502806e-03,6.897090e-03,1.116309e-03,5.136418e-03,3.279846e-01,2.866316e-02,3.214348e-02,8.324556e-03,1.282345e-02,5.119761e-02,9.333645e-02
2.943811e-01,1.336831e-02,1.048817e-01,6.530910e-02,6.616661e-03,8.503331e-03,1.009046e-03,5.723113e-03,2.505854e-01,2.572650e-02,2.988400e-02,1.184687e-02,1.838253e-02,3.869149e-02,1.250907e-01
3.700967e-01,1.615104e-02,8.282733e-02,1.129680e-01,9.419981e-03,9.958864e-03,1.434690e-03,9.754747e-03,1.823699e-01,2.043630e-02,2.522292e-02,1.407148e-02,1.720286e-02,2.926329e-02,9.882183e-02
4.444749e-01,1.909461e-02,6.690328e-02,1.357488e-01,1.008026e-02,1.241721e-02,1.598885e-03,1.026040e-02,1.298489e-01,1.704301e-02,1.986295e-02,1.397605e-02,1.400879e-02,2.330615e-02,8.137581e-02
4.846788e-01,2.066342e-02,6.338216e-02,1.506980e-01,9.373928e-03,2.202253e-02,2.665186e-03,9.462265e-03,9.407637e-02,1.279054e-02,1.746430e-02,1.802135e-02,1.221838e-02,1.721060e-02,6.527216e-02
3.762211e-01,1.744307e-02,1.251070e-01,1.099044e-01,7.649126e-03,1.710416e-02,2.032209e-03,6.976565e-03,7.856075e-02,1.102100e-02,1.475830e-02,1.455140e-02,9.562001e-03,1.061619e-01,1.029470e-01
3.445425e-01,2.478487e-02,1.024007e-01,1.226020e-01,6.186363e-03,1.856869e-02,2.160639e-03,6.150997e-03,8.698072e-02,9.450069e-03,1.849765e-02,1.588718e-02,1.020870e-02,7.907511e-02,1.525038e-01
4.272317e-01,2.525379e-02,8.495656e-02,1.101308e-01,6.702299e-03,2.261535e-02,2.419975e-03,7.667180e-03,7.492538e-02,1.034338e-02,1.733854e-02,1.615877e-02,1.022909e-02,6.382578e-02,1.202014e-01
4.658895e-01,2.783281e-02,6.989200e-02,1.038937e-01,6.290081e-03,2.751989e-02,2.717000e-03,7.180172e-03,7.092799e-02,1.260003e-02,1.403301e-02,1.473542e-02,1.216735e-02,5.379063e-02,1.105304e-01
4.978147e-01,2.712116e-02,5.863062e-02,8.867288e-02,6.139974e-03,2.438880e-02,2.802982e-03,5.966381e-03,6.068605e-02,1.540168e-02,1.367374e-02,1.421033e-02,1.115114e-02,5.593002e-02,1.174095e-01
3.840913e-01,4.416399e-02,7.601324e-02,1.587887e-01,4.716903e-03,1.904681e-02,2.246990e-03,4.889142e-03,8.829030e-02,1.497512e-02,1.189549e-02,1.072100e-02,9.087709e-03,4.050009e-02,1.305732e-01
4.067440e-01,5.004857e-02,5.969503e-02,1.523533e-01,4.979445e-03,2.156087e-02,2.752328e-03,4.967068e-03,8.197223e-02,1.287518e-02,2.579816e-02,1.276806e-02,1.499837e-02,2.930051e-02,1.191870e-01
3.354826e-01,7.182275e-02,4.373080e-02,1.556815e-01,4.250422e-03,1.810446e-02,2.333319e-03,6.632366e-03,1.649374e-01,9.487719e-03,3.106749e-02,1.195065e-02,3.019044e-02,2.122597e-02,9.310215e-02
3.740531e-01,6.346709e-02,3.127082e-02,1.408494e-01,3.941854e-03,1.641353e-02,2.088032e-03,5.739510e-03,1.494173e-01,6.953540e-03,4.831846e-02,1.285155e-02,4.717629e-02,1.638176e-02,8.107793e-02
3.859850e-01,4.741465e-02,2.726104e-02,1.520181e-01,1.412371e-02,1.901966e-02,3.611705e-03,1.293066e-02,1.331150e-01,5.312125e-03,5.236674e-02,1.700162e-02,5.523501e-02,1.327214e-02,6.133280e-02
3.398592e-01,3.827622e-02,2.024372e-02,1.202657e-01,1.326237e-02,2.187489e-02,3.546827e-03,1.482211e-02,1.137449e-01,4.142493e-03,4.017297e-02,1.781999e-02,1.841425e-01,1.039384e-02,5.743229e-02
2.839740e-01,3.829522e-02,1.530377e-02,1.359002e-01,1.352645e-02,3.447477e-02,3.219337e-03,1.362184e-02,1.431409e-01,4.089166e-03,3.095139e-02,1.584601e-02,2.138610e-01,7.801480e-03,4.599449e-02
2.482769e-01,3.529720e-02,1.190555e-02,1.129932e-01,2.097194e-02,2.890931e-02,3.558771e-03,1.886693e-02,2.174784e-01,4.149051e-03,2.485573e-02,1.488955e-02,2.157947e-01,6.200061e-03,3.585275e-02
3.013310e-01,3.356386e-02,1.311279e-02,1.095364e-01,3.018046e-02,3.095374e-02,3.709435e-03,1.781829e-02,1.965530e-01,4.393783e-03,2.213377e-02,1.631886e-02,1.804878e-01,5.730077e-03,3.417655e-02
3.771081e-01,3.283248e-02,1.259240e-02,1.007875e-01,3.034281e-02,2.877961e-02,3.601583e-03,1.543648e-02,1.554814e-01,5.100919e-03,2.043865e-02,2.273672e-02,1.462723e-01,5.388711e-03,4.310028e-02
3.115531e-01,4.550707e-02,3.666177e-02,1.271434e-01,2.800740e-02,2.260555e-02,3.020984e-03,1.339558e-02,1.550484e-01,1.402677e-02,1.581946e-02,1.778561e-02,1.236505e-01,4.059809e-03,8.171453e-02
3.092367e-01,5.157505e-02,2.740823e-02,9.892357e-02,3.496074e-02,2.346684e-02,2.502057e-03,1.261784e-02,1.482343e-01,1.129608e-02,1.260378e-02,1.492271e-02,1.808771e-01,3.176332e-03,6.819863e-02
3.072891e-01,5.251500e-02,2.413135e-02,8.504540e-02,3.945097e-02,2.932630e-02,3.185862e-03,1.250753e-02,1.318708e-01,9.877910e-03,1.570857e-02,2.320216e-02,1.970241e-01,3.903426e-03,6.496151e-02
3.200584e-01,5.338962e-02,1.934953e-02,6.583130e-02,4.501190e-02,4.097969e-02,3.718297e-03,1.012531e-02,1.119241e-01,8.175784e-03,1.411954e-02,2.186552e-02,2.239350e-01,4.078423e-03,5.743759e-02
2.610487e-01,4.223654e-02,1.806610e-02,5.297457e-02,4.407420e-02,3.358395e-02,4.415928e-03,7.887205e-03,9.499506e-02,6.753537e-03,1.114376e-02,1.588850e-02,2.966582e-01,3.616477e-03,1.066574e-01
1.867174e-01,3.105963e-02,1.371028e-02,3.870909e-02,3.141841e-02,2.564784e-02,3.582174e-03,5.568537e-03,6.815215e-02,6.262039e-03,1.140030e-02,1.193316e-02,3.115564e-01,5.355255e-03,2.489274e-01
1.396227e-01,2.446927e-02,1.260544e-02,3.164969e-02,2.301984e-02,2.356825e-02,2.705919e-03,4.064696e-03,5.869903e-02,7.522103e-03,1.831803e-02,9.935779e-03,2.407733e-01,1.481208e-02,3.882338e-01
1.208711e-01,2.053690e-02,9.779381e-03,2.410774e-02,1.679101e-02,2.046690e-02,2.359658e-03,2.949559e-03,7.748877e-02,9.471392e-03,2.456829e-02,8.010493e-03,1.751432e-01,5.146443e-02,4.359912e-01
9.174073e-02,1.519163e-02,7.170743e-03,1.770977e-02,1.209268e-02,2.122832e-02,2.033727e-03,2.142374e-03,9.964536e-02,8.178983e-03,5.171151e-02,7.735396e-03,1.319093e-01,6.603490e-02,4.654745e-01
6.572118e-02,1.163459e-02,5.347900e-03,1.362160e-02,9.091934e-03,2.212360e-02,1.519120e-03,1.578535e-03,1.148764e-01,6.972391e-03,6.646755e-02,6.089041e-03,9.507753e-02,7.862265e-02,5.012559e-01
4.697705e-02,1.131645e-02,4.143964e-03,9.869406e-03,8.111593e-03,1.890196e-02,1.136865e-03,1.115767e-03,1.398846e-01,7.005017e-03,7.922973e-02,5.826643e-03,6.954814e-02,1.460629e-01,4.508699e-01
3.313162e-02,4.094653e-02,3.220610e-03,7.027132e-03,6.301674e-03,2.090744e-02,8.212274e-04,8.055012e-04,1.834461e-01,5.932259e-03,7.650227e-02,5.542444e-03,5.010952e-02,1.927091e-01,3.725966e-01
2.382503e-02,9.671839e-02,3.747888e-03,5.263627e-03,4.622711e-03,3.295443e-02,7.327490e-04,1.236481e-03,2.134019e-01,4.825991e-03,6.372565e-02,4.172951e-03,3.539560e-02,2.113788e-01,2.979978e-01
1.873930e-02,1.458341e-01,3.635545e-03,4.145817e-03,3.882755e-03,3.013601e-02,5.821122e-04,1.172116e-03,2.662693e-01,3.990200e-03,4.868312e-02,3.095108e-03,2.512079e-02,2.052370e-01,2.394768e-01
1.588609e-02,2.039300e-01,8.335162e-03,3.377118e-03,3.920914e-03,3.446280e-02,4.829627e-04,1.377413e-03,2.491698e-01,3.749740e-03,3.618568e-02,2.252897e-03,1.794552e-02,2.417426e-01,1.771812e-01
2.464614e-02,2.055566e-01,1.052605e-02,3.377916e-03,2.211665e-02,2.781564e-02,7.074487e-04,6.759886e-03,3.116321e-01,4.317505e-03,2.727746e-02,1.888466e-03,1.311644e-02,2.149429e-01,1.253187e-01
3.634228e-02,2.017702e-01,1.139157e-02,3.437455e-03,3.320703e-02,2.964849e-02,9.384794e-04,9.745303e-03,3.288543e-01,3.775630e-03,2.213333e-02,1.854745e-03,9.782940e-03,2.175740e-01,8.954427e-02
5.026250e-02,1.795572e-01,1.095621e-02,3.789164e-03,3.598297e-02,3.052790e-02,7.066807e-04,8.661985e-03,3.686333e-01,4.313803e-03,1.963596e-02,1.960256e-03,7.411646e-03,2.082400e-01,6.936032e-02
5.733339e-02,1.718759e-01,9.309530e-03,3.863171e-03,3.503120e-02,2.940344e-02,5.100202e-04,7.724046e-03,4.091452e-01,6.288307e-03,1.986653e-02,1.786253e-03,5.798018e-03,1.843151e-01,5.774986e-02
4.387620e-02,1.918212e-01,8.187611e-03,5.958144e-02,3.560534e-02,2.187704e-02,4.080345e-04,6.903693e-03,4.137867e-01,9.466663e-03,1.650000e-02,1.671098e-03,5.209158e-03,1.333774e-01,5.172845e-02
5.951773e-02,1.473838e-01,7.174010e-03,4.904844e-02,3.468766e-02,1.900795e-02,3.810543e-04,6.099379e-03,4.729184e-01,9.821348e-03,1.946493e-02,2.790572e-03,5.521290e-03,1.073218e-01,5.886170e-02
6.076468e-02,1.225919e-01,9.381695e-03,1.359887e-01,4.598033e-02,1.672621e-02,6.313972e-04,6.085420e-03,4.105145e-01,1.010538e-02,1.981146e-02,2.805493e-03,5.512119e-03,7.888601e-02,7.421465e-02
1.236581e-01,9.838666e-02,1.071296e-02,1.090486e-01,4.878510e-02,2.899893e-02,1.107633e-03,7.566199e-03,3.892417e-01,7.931121e-03,1.907992e-02,3.415957e-03,5.151973e-03,8.142616e-02,6.548905e-02
1.393115e-01,7.886489e-02,1.266957e-02,8.096470e-02,6.286897e-02,1.241688e-01,1.452249e-03,1.456033e-02,3.257574e-01,6.084622e-03,1.857135e-02,3.206019e-03,4.754718e-03,7.400092e-02,5.276400e-02
1.726058e-01,6.467998e-02,1.794375e-02,6.537443e-02,6.597329e-02,2.009077e-01,1.693438e-03,5.109562e-02,2.391012e-01,4.796976e-03,1.481651e-02,2.953026e-03,3.932559e-03,5.375398e-02,4.037175e-02
1.538091e-01,5.334696e-02,1.450349e-02,4.817098e-02,5.223639e-02,1.680378e-01,1.449606e-03,2.497031e-01,1.710562e-01,3.507849e-03,1.082277e-02,2.410938e-03,2.979108e-03,3.795641e-02,3.000925e-02
1.263458e-01,3.938780e-02,1.167994e-02,3.517523e-02,3.971029e-02,1.522069e-01,1.416036e-03,4.082733e-01,1.220564e-01,2.545407e-03,7.953006e-03,1.942564e-03,2.353815e-03,2.675681e-02,2.219666e-02
1.038278e-01,2.931956e-02,9.546782e-03,2.575741e-02,2.944813e-02,1.259768e-01,1.262910e-03,5.426265e-01,8.664304e-02,1.829539e-03,5.741958e-03,1.468768e-03,1.992340e-03,1.881804e-02,1.574050e-02
1.007522e-01,2.253439e-02,8.153913e-03,1.950453e-02,2.242541e-02,1.083016e-01,1.441400e-03,6.177235e-01,6.534986e-02,1.386048e-03,4.422839e-03,1.296548e-03,2.159336e-03,1.323937e-02,1.130911e-02
