1.000000e+00,0.000000e+00,0.000000e+00,0.000000e+00,0.000000e+00,0.000000e+00,0.000000e+00,0.000000e+00,0.000000e+00,0.000000e+00,0.000000e+00,0.000000e+00,0.000000e+00,0.000000e+00,0.000000e+00
1.000000e+00,0.000000e+00,0.000000e+00,0.000000e+00,0.000000e+00,0.000000e+00,0.000000e+00,0.000000e+00,0.000000e+00,0.000000e+00,0.000000e+00,0.000000e+00,0.000000e+00,0.000000e+00,0.000000e+00
1.000000e+00,0.000000e+00,0.000000e+00,0.000000e+00,0.000000e+00,0.000000e+00,0.000000e+00,0.000000e+00,0.000000e+00,0.000000e+00,0.000000e+00,0.000000e+00,0.000000e+00,0.000000e+00,0.000000e+00
1.000000e+00,0.000000e+00,0.000000e+00,0.000000e+00,0.000000e+00,0.000000e+00,0.000000e+00,0.000000e+00,0.000000e+00,0.000000e+00,0.000000e+00,0.000000e+00,0.000000e+00,0.000000e+00,0.000000e+00
1.000000e+00,0.000000e+00,0.000000e+00,0.000000e+00,0.000000e+00,0.000000e+00,0.000000e+00,0.000000e+00,0.000000e+00,0.000000e+00,0.000000e+00,0.000000e+00,0.000000e+00,0.000000e+00,0.000000e+00
1.000000e+00,0.000000e+00,0.000000e+00,0.000000e+00,0.000000e+00,0.000000e+00,0.000000e+00,0.000000e+00,0.000000e+00,0.000000e+00,0.000000e+00,0.000000e+00,0.000000e+00,0.000000e+00,0.000000e+00
1.000000e+00,0.000000e+00,0.000000e+00,0.000000e+00,0.000000e+00,0.000000e+00,0.000000e+00,0.000000e+00,0.000000e+00,0.000000e+00,0.000000e+00,0.000000e+00,0.000000e+00,0.000000e+00,0.000000e+00
1.000000e+00,0.000000e+00,0.000000e+00,0.000000e+00,0.000000e+00,0.000000e+00,0.000000e+00,0.000000e+00,0.000000e+00,0.000000e+00,0.000000e+00,0.000000e+00,0.000000e+00,0.000000e+00,0.000000e+00
1.000000e+00,0.000000e+00,0.000000e+00,0.000000e+00,0.000000e+00,0.000000e+00,0.000000e+00,0.000000e+00,0.000000e+00,0.000000e+00,0.000000e+00,0.000000e+00,0.000000e+00,0.000000e+00,0.000000e+00
1.000000e+00,0.000000e+00,0.000000e+00,0.000000e+00,0.000000e+00,0.000000e+00,0.000000e+00,0.000000e+00,0.000000e+00,0.000000e+00,0.000000e+00,0.000000e+00,0.000000e+00,0.000000e+00,0.000000e+00
1.000000e+00,0.000000e+00,0.000000e+00,0.000000e+00,0.000000e+00,0.000000e+00,0.000000e+00,0.000000e+00,0.000000e+00,0.000000e+00,0.000000e+00,0.000000e+00,0.000000e+00,0.000000e+00,0.000000e+00
1.000000e+00,0.000000e+00,0.000000e+00,0.000000e+00,0.000000e+00,0.000000e+00,0.000000e+00,0.000000e+00,0.000000e+00,0.000000e+00,0.000000e+00,0.000000e+00,0.000000e+00,0.000000e+00,0.000000e+00
1.000000e+00,0.000000e+00,0.000000e+00,0.000000e+00,0.000000e+00,0.000000e+00,0.000000e+00,0.000000e+00,0.000000e+00,0.000000e+00,0.000000e+00,0.000000e+00,0.000000e+00,0.000000e+00,0.000000e+00
1.000000e+00,0.000000e+00,0.000000e+00,0.000000e+00,0.000000e+00,0.000000e+00,0.000000e+00,0.000000e+00,0.000000e+00,0.000000e+00,0.000000e+00,0.000000e+00,0.000000e+00,0.000000e+00,0.000000e+00
1.000000e+00,0.000000e+00,0.000000e+00,0.000000e+00,0.000000e+00,0.000000e+00,0.000000e+00,0.000000e+00,0.000000e+00,0.000000e+00,0.000000e+00,0.000000e+00,0.000000e+00,0.000000e+00,0.000000e+00
1.000000e+00,0.000000e+00,0.000000e+00,0.000000e+00,0.000000e+00,0.000000e+00,0.000000e+00,0.000000e+00,0.000000e+00,0.000000e+00,0.000000e+00,0.000000e+00,0.000000e+00,0.000000e+00,0.000000e+00
1.000000e+00,0.000000e+00,0.000000e+00,0.000000e+00,0.000000e+00,0.000000e+00,0.000000e+00,0.000000e+00,0.000000e+00,0.000000e+00,0.000000e+00,0.000000e+00,0.000000e+00,0.000000e+00,0.000000e+00
1.000000e+00,0.000000e+00,0.000000e+00,0.000000e+00,0.000000e+00,0.000000e+00,0.000000e+00,0.000000e+00,0.000000e+00,0.000000e+00,0.000000e+00,0.000000e+00,0.000000e+00,0.000000e+00,0.000000e+00
1.000000e+00,0.000000e+00,0.000000e+00,0.000000e+00,0.000000e+00,0.000000e+00,0.000000e+00,0.000000e+00,0.000000e+00,0.000000e+00,0.000000e+00,0.000000e+00,0.000000e+00,0.000000e+00,0.000000e+00
1.000000e+00,0.000000e+00,0.000000e+00,0.000000e+00,0.000000e+00,0.000000e+00,0.000000e+00,0.000000e+00,0.000000e+00,0.000000e+00,0.000000e+00,0.000000e+00,0.000000e+00,0.000000e+00,0.000000e+00
1.000000e+00,0.000000e+00,0.000000e+00,0.000000e+00,0.000000e+00,0.000000e+00,0.000000e+00,0.000000e+00,0.000000e+00,0.000000e+00,0.000000e+00,0.000000e+00,0.000000e+00,0.000000e+00,0.000000e+00
1.000000e+00,0.000000e+00,0.000000e+00,0.000000e+00,0.000000e+00,0.000000e+00,0.000000e+00,0.000000e+00,0.000000e+00,0.000000e+00,0.000000e+00,0.000000e+00,0.000000e+00,0.000000e+00,0.000000e+00
1.000000e+00,0.000000e+00,0.000000e+00,0.000000e+00,0.000000e+00,0.000000e+00,0.000000e+00,0.000000e+00,0.000000e+00,0.000000e+00,0.000000e+00,0.000000e+00,0.000000e+00,0.000000e+00,0.000000e+00
1.000000e+00,0.000000e+00,0.000000e+00,0.000000e+00,0.000000e+00,0.000000e+00,0.000000e+00,0.000000e+00,0.000000e+00,0.000000e+00,0.000000e+00,0.000000e+00,0.000000e+00,0.000000e+00,0.000000e+00
1.000000e+00,0.000000e+00,0.000000e+00,0.000000e+00,0.000000e+00,0.000000e+00,0.000000e+00,0.000000e+00,0.000000e+00,0.000000e+00,0.000000e+00,0.000000e+00,0.000000e+00,0.000000e+00,0.000000e+00
1.000000e+00,0.000000e+00,0.000000e+00,0.000000e+00,0.000000e+00,0.000000e+00,0.000000e+00,0.000000e+00,0.000000e+00,0.000000e+00,0.000000e+00,0.000000e+00,0.000000e+00,0.000000e+00,0.000000e+00
1.000000e+00,0.000000e+00,0.000000e+00,0.000000e+00,0.000000e+00,0.000000e+00,0.000000e+00,0.000000e+00,0.000000e+00,0.000000e+00,0.000000e+00,0.000000e+00,0.000000e+00,0.000000e+00,0.000000e+00
1.000000e+00,0.000000e+00,0.000000e+00,0.000000e+00,0.000000e+00,0.000000e+00,0.000000e+00,0.000000e+00,0.000000e+00,0.000000e+00,0.000000e+00,0.000000e+00,0.000000e+00,0.000000e+00,0.000000e+00
1.000000e+00,0.000000e+00,0.000000e+00,0.000000e+00,0.000000e+00,0.000000e+00,0.000000e+00,0.000000e+00,0.000000e+00,0.000000e+00,0.000000e+00,0.000000e+00,0.000000e+00,0.000000e+00,0.000000e+00
1.000000e+00,0.000000e+00,0.000000e+00,0.000000e+00,0.000000e+00,0.000000e+00,0.000000e+00,0.000000e+00,0.000000e+00,0.000000e+00,0.000000e+00,0.000000e+00,0.000000e+00,0.000000e+00,0.000000e+00
1.000000e+00,0.000000e+00,0.000000e+00,0.000000e+00,0.000000e+00,0.000000e+00,0.000000e+00,0.000000e+00,0.000000e+00,0.000000e+00,0.000000e+00,0.000000e+00,0.000000e+00,0.000000e+00,0.000000e+00
1.000000e+00,0.000000e+00,0.000000e+00,0.000000e+00,0.000000e+00,0.000000e+00,0.000000e+00,0.000000e+00,0.000000e+00,0.000000e+00,0.000000e+00,0.000000e+00,0.000000e+00,0.000000e+00,0.000000e+00
1.000000e+00,0.000000e+00,0.000000e+00,0.000000e+00,0.000000e+00,0.000000e+00,0.000000e+00,0.000000e+00,0.000000e+00,0.000000e+00,0.000000e+00,0.000000e+00,0.000000e+00,0.000000e+00,0.000000e+00
1.000000e+00,0.000000e+00,0.000000e+00,0.000000e+00,0.000000e+00,0.000000e+00,0.000000e+00,0.000000e+00,0.000000e+00,0.000000e+00,0.000000e+00,0.000000e+00,0.000000e+00,0.000000e+00,0.000000e+00
1.000000e+00,0.000000e+00,0.000000e+00,0.000000e+00,0.000000e+00,0.000000e+00,0.000000e+00,0.000000e+00,0.000000e+00,0.000000e+00,0.000000e+00,0.000000e+00,0.000000e+00,0.000000e+00,0.000000e+00
1.000000e+00,0.000000e+00,0.000000e+00,0.000000e+00,0.000000e+00,0.000000e+00,0.000000e+00,0.000000e+00,0.000000e+00,0.000000e+00,0.000000e+00,0.000000e+00,0.000000e+00,0.000000e+00,0.000000e+00
1.000000e+00,0.000000e+00,0.000000e+00,0.000000e+00,0.000000e+00,0.000000e+00,0.000000e+00,0.000000e+00,0.000000e+00,0.000000e+00,0.000000e+00,0.000000e+00,0.000000e+00,0.000000e+00,0.000000e+00
1.000000e+00,0.000000e+00,0.000000e+00,0.000000e+00,0.000000e+00,0.000000e+00,0.000000e+00,0.000000e+00,0.000000e+00,0.000000e+00,0.000000e+00,0.000000e+00,0.000000e+00,0.000000e+00,0.000000e+00
1.000000e+00,0.000000e+00,0.000000e+00,0.000000e+00,0.000000e+00,0.000000e+00,0.000000e+00,0.000000e+00,0.000000e+00,0.000000e+00,0.000000e+00,0.000000e+00,0.000000e+00,0.000000e+00,0.000000e+00
1.000000e+00,0.000000e+00,0.000000e+00,0.000000e+00,0.000000e+00,0.000000e+00,0.000000e+00,0.000000e+00,0.000000e+00,0.000000e+00,0.000000e+00,0.000000e+00,0.000000e+00,0.000000e+00,0.000000e+00
1.000000e+00,0.000000e+00,0.000000e+00,0.000000e+00,0.000000e+00,0.000000e+00,0.000000e+00,0.000000e+00,0.000000e+00,0.000000e+00,0.000000e+00,0.000000e+00,0.000000e+00,0.000000e+00,0.000000e+00
1.000000e+00,0.000000e+00,0.000000e+00,0.000000e+00,0.000000e+00,0.000000e+00,0.000000e+00,0.000000e+00,0.000000e+00,0.000000e+00,0.000000e+00,0.000000e+00,0.000000e+00,0.000000e+00,0.000000e+00
1.000000e+00,0.000000e+00,0.000000e+00,0.000000e+00,0.000000e+00,0.000000e+00,0.000000e+00,0.000000e+00,0.000000e+00,0.000000e+00,0.000000e+00,0.000000e+00,0.000000e+00,0.000000e+00,0.000000e+00
1.000000e+00,0.000000e+00,0.000000e+00,0.000000e+00,0.000000e+00,0.000000e+00,0.000000e+00,0.000000e+00,0.000000e+00,0.000000e+00,0.000000e+00,0.000000e+00,0.000000e+00,0.000000e+00,0.000000e+00
1.000000e+00,0.000000e+00,0.000000e+00,0.000000e+00,0.000000e+00,0.000000e+00,0.000000e+00,0.000000e+00,0.000000e+00,0.000000e+00,0.000000e+00,0.000000e+00,0.000000e+00,0.000000e+00,0.000000e+00
1.000000e+00,0.000000e+00,0.000000e+00,0.000000e+00,0.000000e+00,0.000000e+00,0.000000e+00,0.000000e+00,0.000000e+00,0.000000e+00,0.000000e+00,0.000000e+00,0.000000e+00,0.000000e+00,0.000000e+00
1.000000e+00,0.000000e+00,0.000000e+00,0.000000e+00,0.000000e+00,0.000000e+00,0.000000e+00,0.000000e+00,0.000000e+00,0.000000e+00,0.000000e+00,0.000000e+00,0.000000e+00,0.000000e+00,0.000000e+00
1.000000e+00,0.000000e+00,0.000000e+00,0.000000e+00,0.000000e+00,0.000000e+00,0.000000e+00,0.000000e+00,0.000000e+00,0.000000e+00,0.000000e+00,0.000000e+00,0.000000e+00,0.000000e+00,0.000000e+00
1.000000e+00,0.000000e+00,0.000000e+00,0.000000e+00,0.000000e+00,0.000000e+00,0.000000e+00,0.000000e+00,0.000000e+00,0.000000e+00,0.000000e+00,0.000000e+00,0.000000e+00,0.000000e+00,0.000000e+00
1.000000e+00,0.000000e+00,0.000000e+00,0.000000e+00,0.000000e+00,0.000000e+00,0.000000e+00,0.000000e+00,0.000000e+00,0.000000e+00,0.000000e+00,0.000000e+00,0.000000e+00,0.000000e+00,0.000000e+00
1.000000e+00,0.000000e+00,0.000000e+00,0.000000e+00,0.000000e+00,0.000000e+00,0.000000e+00,0.000000e+00,0.000000e+00,0.000000e+00,0.000000e+00,0.000000e+00,0.000000e+00,0.000000e+00,0.000000e+00
1.000000e+00,0.000000e+00,0.000000e+00,0.000000e+00,0.000000e+00,0.000000e+00,0.000000e+00,0.000000e+00,0.000000e+00,0.000000e+00,0.000000e+00,0.000000e+00,0.000000e+00,0.000000e+00,0.000000e+00
1.000000e+00,0.000000e+00,0.000000e+00,0.000000e+00,0.000000e+00,0.000000e+00,0.000000e+00,0.000000e+00,0.000000e+00,0.000000e+00,0.000000e+00,0.000000e+00,0.000000e+00,0.000000e+00,0.000000e+00
1.000000e+00,0.000000e+00,0.000000e+00,0.000000e+00,0.000000e+00,0.000000e+00,0.000000e+00,0.000000e+00,0.000000e+00,0.000000e+00,0.000000e+00,0.000000e+00,0.000000e+00,0.000000e+00,0.000000e+00
1.000000e+00,0.000000e+00,0.000000e+00,0.000000e+00,0.000000e+00,0.000000e+00,0.000000e+00,0.000000e+00,0.000000e+00,0.000000e+00,0.000000e+00,0.000000e+00,0.000000e+00,0.000000e+00,0.000000e+00
1.000000e+00,0.000000e+00,0.000000e+00,0.000000e+00,0.000000e+00,0.000000e+00,0.000000e+00,0.000000e+00,0.000000e+00,0.000000e+00,0.000000e+00,0.000000e+00,0.000000e+00,0.000000e+00,0.000000e+00
1.000000e+00,0.000000e+00,0.000000e+00,0.000000e+00,0.000000e+00,0.000000e+00,0.000000e+00,0.000000e+00,0.000000e+00,0.000000e+00,0.000000e+00,0.000000e+00,0.000000e+00,0.000000e+00,0.000000e+00
4.618546e-01,5.382519e-02,1.867744e-02,2.648775e-01,6.208878e-03,1.468386e-02,4.022965e-03,8.550895e-03,5.354645e-02,1.075198e-02,7.459668e-03,3.084286e-02,2.563900e-02,1.428464e-03,3.763021e-02
3.246327e-01,7.675158e-02,2.109396e-02,3.251255e-01,6.296514e-03,1.159683e-02,4.168282e-03,6.042238e-03,1.252777e-01,9.013593e-03,5.932931e-03,2.409671e-02,2.149199e-02,1.038221e-03,3.744124e-02
2.272763e-01,8.172284e-02,3.087744e-02,4.744560e-01,4.949438e-03,8.391728e-03,2.947840e-03,4.241335e-03,8.899279e-02,7.545789e-03,4.401973e-03,1.691275e-02,1.514169e-02,7.390585e-04,3.140302e-02
1.591741e-01,7.459505e-02,3.189454e-02,4.632497e-01,4.635525e-03,8.504547e-03,2.384103e-03,2.995736e-03,1.305763e-01,9.254224e-03,3.370766e-02,1.319602e-02,1.432047e-02,6.591378e-04,5.085289e-02
1.114338e-01,5.559899e-02,4.145329e-02,5.772291e-01,3.774612e-03,6.507634e-03,1.796458e-03,2.111485e-03,1.037095e-01,1.041506e-02,2.526756e-02,9.386873e-03,1.023908e-02,4.928969e-04,4.058372e-02
7.814479e-02,4.172248e-02,3.691222e-02,6.594046e-01,3.399500e-03,5.456607e-03,1.345934e-03,1.532154e-03,8.909239e-02,9.794189e-03,2.164939e-02,6.828058e-03,7.329806e-03,9.892402e-04,3.639866e-02
5.574887e-02,3.395673e-02,3.130357e-02,6.125979e-01,4.875669e-03,5.038512e-03,1.546653e-03,1.369491e-03,1.179708e-01,1.109606e-02,6.325814e-02,7.781752e-03,7.849025e-03,2.566269e-03,4.304061e-02
4.100440e-02,5.246671e-02,2.839509e-02,4.894007e-01,7.101948e-03,5.021632e-03,1.673076e-03,1.125640e-03,1.655243e-01,1.553736e-02,8.539611e-02,9.809152e-03,1.191581e-02,1.346833e-02,7.215975e-02
3.499205e-02,4.968835e-02,2.196958e-02,4.182555e-01,6.167177e-03,4.991625e-03,1.462192e-03,9.473150e-04,1.917666e-01,2.333856e-02,1.082708e-01,1.759008e-02,2.178082e-02,3.055822e-02,6.822111e-02
2.773279e-02,4.646606e-02,1.947247e-02,3.695498e-01,6.640288e-03,6.326223e-03,1.256972e-03,9.458886e-04,1.994248e-01,2.370196e-02,1.512597e-01,2.413632e-02,3.436257e-02,3.000756e-02,5.871660e-02
2.399688e-02,5.087604e-02,2.079106e-02,3.490318e-01,6.604061e-03,9.308658e-03,1.014216e-03,1.807325e-03,2.118354e-01,2.336422e-02,1.511728e-01,2.688373e-02,4.048043e-02,3.497977e-02,4.785364e-02
1.742117e-02,4.875258e-02,3.219172e-02,3.484672e-01,5.135131e-03,6.860433e-03,7.364382e-04,1.453396e-03,2.625963e-01,2.616580e-02,1.110585e-01,2.165753e-02,3.231389e-02,2.741803e-02,5.777191e-02
1.266079e-02,9.328293e-02,5.380354e-02,2.809267e-01,3.698127e-03,4.876527e-03,5.244737e-04,1.029540e-03,2.585761e-01,2.195054e-02,8.123906e-02,1.587345e-02,2.296717e-02,2.397338e-02,1.246177e-01
1.954528e-02,7.551372e-02,3.884533e-02,2.016347e-01,3.008412e-03,5.689919e-03,6.503050e-04,2.502185e-03,2.350072e-01,1.634482e-02,2.478731e-01,1.438629e-02,2.932444e-02,1.871640e-02,9.095778e-02
2.608330e-02,5.476293e-02,2.893379e-02,1.421456e-01,2.661410e-03,1.452852e-02,2.822247e-03,9.104122e-03,1.749873e-01,1.299924e-02,3.986313e-01,1.321790e-02,3.813675e-02,1.543171e-02,6.555389e-02
5.079582e-02,5.066539e-02,6.225025e-02,2.096341e-01,9.050940e-03,1.868368e-02,2.296860e-03,6.602039e-03,1.430390e-01,1.397504e-02,2.924992e-01,1.122534e-02,3.069710e-02,2.151104e-02,7.707419e-02
9.232086e-02,4.314632e-02,4.953444e-02,1.605614e-01,1.023875e-02,2.601952e-02,2.030412e-03,5.574936e-03,1.130262e-01,1.247281e-02,2.198486e-01,1.466256e-02,3.258722e-02,9.348246e-02,1.244936e-01
1.507801e-01,3.647289e-02,3.660263e-02,1.170379e-01,8.777071e-03,2.042210e-02,1.725561e-03,5.328889e-03,9.354877e-02,1.222469e-02,1.728623e-01,2.220422e-02,4.142629e-02,1.547970e-01,1.257896e-01
1.607279e-01,6.127170e-02,3.276106e-02,8.681071e-02,1.185980e-02,1.683773e-02,2.079478e-03,6.326003e-03,1.814868e-01,9.894624e-03,1.491780e-01,1.898653e-02,4.745373e-02,1.117899e-01,1.025360e-01
1.688831e-01,6.545711e-02,3.586474e-02,6.889614e-02,1.869722e-02,1.424109e-02,2.944174e-03,2.571617e-02,1.857721e-01,8.896507e-03,1.364720e-01,1.935508e-02,7.699503e-02,8.605235e-02,8.575715e-02
1.668170e-01,6.101492e-02,5.600186e-02,6.799960e-02,3.517075e-02,2.601786e-02,3.498337e-03,8.735912e-02,1.620098e-01,7.851562e-03,1.108113e-01,1.596249e-02,6.388065e-02,6.244965e-02,7.315505e-02
1.259632e-01,5.125879e-02,1.385993e-01,9.617937e-02,2.813877e-02,3.156772e-02,2.881820e-03,8.074446e-02,1.315369e-01,1.189015e-02,8.182479e-02,1.190282e-02,4.605242e-02,4.679160e-02,1.146679e-01
1.262889e-01,8.663198e-02,1.244619e-01,8.010185e-02,2.488111e-02,2.824346e-02,2.892528e-03,7.826906e-02,1.183680e-01,1.550107e-02,8.796389e-02,1.318618e-02,4.637235e-02,3.780756e-02,1.290301e-01
1.153908e-01,8.478206e-02,1.531805e-01,6.321842e-02,5.388734e-02,3.219169e-02,6.290261e-03,1.013960e-01,1.113283e-01,1.266498e-02,9.186094e-02,1.072856e-02,4.039184e-02,2.788571e-02,9.480271e-02
1.283506e-01,9.902544e-02,1.561441e-01,5.078410e-02,8.342941e-02,3.512783e-02,1.055194e-02,1.232550e-01,9.137315e-02,1.153012e-02,7.681846e-02,8.644628e-03,3.098993e-02,2.082488e-02,7.315035e-02
1.372846e-01,1.066492e-01,1.576207e-01,4.680686e-02,1.050234e-01,5.225658e-02,1.073436e-02,1.373139e-01,7.113072e-02,1.068497e-02,5.831867e-02,7.560516e-03,2.443322e-02,1.742800e-02,5.675428e-02
1.597060e-01,1.042005e-01,1.723747e-01,4.189309e-02,9.403984e-02,5.500579e-02,1.013334e-02,1.469974e-01,5.963562e-02,1.174734e-02,4.841878e-02,8.116311e-03,2.681148e-02,1.490149e-02,4.601822e-02
1.963588e-01,1.197042e-01,1.620632e-01,4.293409e-02,8.643650e-02,5.755358e-02,1.054490e-02,1.161374e-01,5.200214e-02,1.201372e-02,4.014365e-02,8.507239e-03,4.048131e-02,1.356112e-02,4.155803e-02
1.960152e-01,1.163075e-01,1.441244e-01,3.328393e-02,1.099680e-01,5.847459e-02,1.787562e-02,9.525001e-02,5.483792e-02,1.164152e-02,4.421866e-02,1.035624e-02,6.278624e-02,1.089439e-02,3.396566e-02
1.618405e-01,1.010525e-01,1.096003e-01,2.809215e-02,9.122265e-02,4.829435e-02,1.395796e-02,7.933939e-02,1.254579e-01,3.093773e-02,8.022608e-02,1.792851e-02,6.141655e-02,1.523325e-02,3.540012e-02
1.174345e-01,8.050925e-02,8.342934e-02,3.293480e-02,6.837223e-02,3.892357e-02,1.217287e-02,5.691557e-02,1.696787e-01,2.807225e-02,1.358850e-01,5.164842e-02,8.198546e-02,1.391867e-02,2.811926e-02
8.361331e-02,5.905808e-02,6.210422e-02,3.019230e-02,4.871084e-02,2.810443e-02,1.000424e-02,4.004135e-02,1.574310e-01,3.031076e-02,2.154735e-01,5.177807e-02,1.289133e-01,1.378168e-02,4.048298e-02
5.965364e-02,4.272259e-02,4.477136e-02,2.455319e-02,3.552449e-02,2.083402e-02,7.342102e-03,3.065035e-02,1.235185e-01,3.405882e-02,3.251665e-01,5.164563e-02,1.494023e-01,1.456453e-02,3.559201e-02
4.362696e-02,3.151688e-02,3.511887e-02,1.984854e-02,2.789100e-02,3.646448e-02,6.213223e-03,2.326045e-02,9.257615e-02,4.465266e-02,3.344519e-01,1.090673e-01,1.460371e-01,1.970750e-02,2.956710e-02
3.165051e-02,2.355069e-02,2.672898e-02,1.683174e-02,2.066901e-02,3.395850e-02,4.548473e-03,1.690228e-02,7.051667e-02,7.126785e-02,3.208768e-01,1.812721e-01,1.327685e-01,2.455457e-02,2.390327e-02
2.309992e-02,2.225461e-02,2.698965e-02,1.374361e-02,2.931742e-02,2.697065e-02,3.299637e-03,1.238860e-02,6.477023e-02,6.701337e-02,2.555312e-01,2.509730e-01,1.484455e-01,3.618968e-02,1.901299e-02
1.788405e-02,3.973812e-02,2.512428e-02,1.087615e-02,4.722884e-02,1.978650e-02,2.471298e-03,1.042953e-02,9.830257e-02,7.555781e-02,2.080880e-01,2.383757e-01,1.413167e-01,4.839389e-02,1.642659e-02
1.899190e-02,3.974520e-02,3.471390e-02,1.333976e-02,5.905137e-02,1.761390e-02,2.088375e-03,1.258274e-02,9.847829e-02,9.327538e-02,2.314487e-01,2.128188e-01,1.073501e-01,4.519873e-02,1.330285e-02
3.168881e-02,4.980779e-02,5.070340e-02,2.328782e-02,5.184992e-02,1.682165e-02,1.790293e-03,1.416098e-02,8.227184e-02,9.206267e-02,2.574909e-01,1.945084e-01,8.023330e-02,4.216165e-02,1.116065e-02
3.079584e-02,3.998141e-02,4.412261e-02,1.780322e-02,3.898893e-02,1.318282e-02,1.441402e-03,1.400874e-02,5.908081e-02,1.494651e-01,3.382662e-01,1.465966e-01,5.853149e-02,3.960250e-02,8.132352e-03
7.495973e-02,4.759106e-02,5.182846e-02,1.902614e-02,3.706044e-02,1.705281e-02,2.103981e-03,2.065372e-02,4.575505e-02,1.379573e-01,3.079943e-01,1.412408e-01,4.597156e-02,4.331068e-02,7.493965e-03
9.368856e-02,6.331852e-02,5.007931e-02,1.793559e-02,3.694382e-02,2.016508e-02,1.961746e-03,1.903604e-02,3.624814e-02,1.735771e-01,2.817341e-01,1.214433e-01,3.612957e-02,4.098408e-02,6.754995e-03
1.020867e-01,1.239799e-01,5.570381e-02,1.435759e-02,3.668497e-02,1.715160e-02,1.523466e-03,1.492642e-02,3.193886e-02,1.786262e-01,2.333264e-01,9.721276e-02,2.901617e-02,5.692140e-02,6.543753e-03
8.532327e-02,2.433351e-01,7.158446e-02,1.478855e-02,3.221757e-02,1.473435e-02,1.846597e-03,1.642284e-02,4.370213e-02,1.389052e-01,1.768192e-01,8.357750e-02,2.241737e-02,4.599104e-02,8.334773e-03
7.526699e-02,3.017755e-01,6.351714e-02,1.213771e-02,2.986619e-02,1.630586e-02,2.108693e-03,2.721394e-02,6.931486e-02,1.241670e-01,1.344573e-01,7.373670e-02,1.791184e-02,4.301206e-02,9.208193e-03
7.171988e-02,3.316494e-01,5.399031e-02,1.080646e-02,4.480522e-02,2.336563e-02,2.575839e-03,2.907879e-02,1.020019e-01,1.117112e-01,1.012887e-01,5.595372e-02,1.395303e-02,3.574615e-02,1.135383e-02
6.082007e-02,3.012463e-01,4.256319e-02,9.988450e-03,5.616573e-02,2.406743e-02,3.566635e-03,2.559046e-02,1.851390e-01,1.252223e-01,7.349442e-02,4.105706e-02,1.170843e-02,2.613880e-02,1.323176e-02
5.098335e-02,2.307077e-01,3.514681e-02,1.524851e-02,6.570293e-02,3.776176e-02,3.242350e-03,4.146104e-02,2.811245e-01,1.151064e-01,5.256555e-02,2.981805e-02,9.120625e-03,1.877028e-02,1.324012e-02
4.961701e-02,1.816322e-01,2.557463e-02,1.554830e-02,6.485277e-02,6.993473e-02,2.785380e-03,3.407757e-02,3.741490e-01,8.464797e-02,3.725277e-02,2.127466e-02,7.109167e-03,1.337130e-02,1.817252e-02
4.752699e-02,1.330398e-01,2.068473e-02,4.237039e-02,9.254917e-02,8.706287e-02,3.192747e-03,5.660871e-02,3.683790e-01,6.562110e-02,2.665067e-02,1.554691e-02,6.885035e-03,9.454289e-03,2.442756e-02
5.004238e-02,9.602331e-02,6.390984e-02,1.438038e-01,1.012743e-01,7.779649e-02,3.915317e-03,5.657584e-02,2.751229e-01,5.881568e-02,1.942738e-02,1.153342e-02,5.737144e-03,6.701139e-03,2.932099e-02
4.774742e-02,7.343269e-02,1.037067e-01,1.552057e-01,1.033125e-01,7.259417e-02,3.387931e-03,5.024748e-02,2.143978e-01,8.458909e-02,1.560493e-02,8.825915e-03,5.472638e-03,4.943666e-03,5.653129e-02
4.934658e-02,5.676861e-02,1.569687e-01,1.230775e-01,9.593941e-02,6.295666e-02,2.978571e-03,4.650964e-02,1.714174e-01,1.321826e-01,1.224094e-02,6.664992e-03,4.876288e-03,3.604270e-03,7.446791e-02
5.780415e-02,9.264521e-02,1.918340e-01,1.197763e-01,1.235484e-01,5.275011e-02,7.685545e-03,3.339717e-02,1.411178e-01,9.645814e-02,1.125863e-02,5.063426e-03,4.845394e-03,2.613254e-03,5.920250e-02
5.309155e-02,1.426769e-01,1.771843e-01,1.312747e-01,1.611039e-01,4.707873e-02,1.231011e-02,2.554754e-02,1.137634e-01,6.978347e-02,9.249905e-03,3.875783e-03,4.271416e-03,1.874025e-03,4.691423e-02
3.800030e-02,1.012351e-01,1.254474e-01,9.347597e-02,1.241287e-01,3.072777e-01,9.163043e-03,1.808438e-02,7.987320e-02,5.623683e-02,6.573294e-03,2.726696e-03,3.150237e-03,1.334796e-03,3.329238e-02
2.721623e-02,7.114031e-02,8.800909e-02,6.585328e-02,8.894180e-02,4.999754e-01,6.708269e-03,1.280698e-02,5.602751e-02,4.905290e-02,4.983402e-03,1.942496e-03,2.268970e-03,9.841352e-04,2.408920e-02
1.949381e-02,5.058505e-02,6.179586e-02,4.645498e-02,6.305897e-02,5.898669e-01,4.873503e-03,9.078773e-03,4.021784e-02,7.405101e-02,1.361558e-02,1.552187e-03,1.915185e-03,5.154227e-03,1.828613e-02
1.399834e-02,3.679958e-02,4.391317e-02,3.315166e-02,4.612065e-02,5.682011e-01,3.766972e-03,7.010887e-03,3.369727e-02,1.456052e-01,3.382827e-02,2.765084e-03,1.958570e-03,1.194864e-02,1.723460e-02
1.020272e-02,2.847636e-02,3.179107e-02,2.359746e-02,3.530782e-02,4.549310e-01,2.868863e-03,5.521202e-03,2.985205e-02,2.467619e-01,9.269868e-02,3.913587e-03,1.885425e-03,1.951735e-02,1.267446e-02
8.067911e-03,2.241643e-02,2.350576e-02,1.681428e-02,2.647556e-02,3.326323e-01,2.205991e-03,4.309931e-03,2.438205e-02,2.192712e-01,2.400520e-01,5.530867e-03,2.000595e-03,6.260630e-02,9.728840e-03
7.185661e-03,1.799326e-02,1.714253e-02,1.207308e-02,1.970222e-02,2.347729e-01,1.705614e-03,3.189174e-03,1.815428e-02,1.829987e-01,3.635782e-01,8.354655e-03,2.201940e-03,1.029171e-01,8.030659e-03
6.977298e-03,1.427723e-02,1.380678e-02,8.848947e-03,1.564316e-02,1.662146e-01,1.753046e-03,3.148035e-03,1.538880e-02,1.414071e-01,4.229477e-01,1.179036e-02,3.152199e-03,1.681951e-01,6.449642e-03
5.761012e-03,1.308169e-02,1.537124e-02,6.802705e-03,1.288234e-02,1.224739e-01,1.493490e-03,4.041153e-03,1.399980e-02,1.029672e-01,4.681035e-01,1.119660e-02,3.134548e-03,2.120105e-01,6.680346e-03
4.961587e-03,2.162554e-02,1.339505e-02,6.190782e-03,1.658998e-02,9.009179e-02,1.189241e-03,4.257524e-03,2.766400e-02,7.562146e-02,4.441706e-01,1.092640e-02,3.125509e-03,2.709362e-01,9.254374e-03
4.320629e-03,1.614291e-02,1.207106e-02,5.130941e-03,1.288293e-02,6.788982e-02,9.265759e-04,4.510311e-03,2.299155e-02,5.395818e-02,4.820019e-01,9.795265e-03,2.666339e-03,2.978921e-01,6.819566e-03
3.927676e-03,1.204252e-02,1.184820e-02,4.588573e-03,1.008656e-02,5.452353e-02,7.938998e-04,4.138886e-03,1.825234e-02,3.901661e-02,5.313050e-01,8.346164e-03,2.710005e-03,2.932519e-01,5.168262e-03
3.622018e-03,9.542951e-03,1.032851e-02,3.894175e-03,9.465772e-03,3.988386e-02,7.226326e-04,3.636967e-03,1.654118e-02,3.013046e-02,5.118526e-01,8.104977e-03,3.032874e-03,3.453728e-01,3.868241e-03
2.688679e-03,6.922462e-03,7.367846e-03,3.034448e-03,1.259767e-02,2.818161e-02,9.931808e-04,2.826209e-03,1.398892e-02,2.380473e-02,6.025769e-01,7.171463e-03,3.124761e-03,2.819397e-01,2.781475e-03
2.244859e-03,5.898782e-03,6.103534e-03,2.676711e-03,2.405429e-02,2.090191e-02,1.721228e-03,2.538254e-03,1.658394e-02,2.650586e-02,5.688469e-01,8.148070e-03,3.811054e-03,3.077344e-01,2.230220e-03
1.881790e-03,5.017470e-03,6.166396e-03,2.329222e-03,2.074867e-02,1.587771e-02,1.791308e-03,2.443731e-03,1.735294e-02,2.059214e-02,6.598963e-01,8.624965e-03,4.289445e-03,2.309498e-01,2.038195e-03
1.964902e-03,6.509729e-03,6.797623e-03,2.294557e-03,2.485982e-02,1.496784e-02,3.801838e-03,2.898068e-03,2.478884e-02,1.951444e-02,6.751581e-01,9.260076e-03,4.179625e-03,2.000078e-01,2.996799e-03
3.475669e-03,1.477164e-02,1.152604e-02,4.724601e-03,2.961525e-02,1.345996e-02,3.443606e-03,3.885533e-03,2.338810e-02,4.421433e-02,6.491885e-01,9.809854e-03,7.064484e-03,1.568044e-01,2.462804e-02
1.429062e-02,2.885356e-02,2.014456e-02,1.181987e-02,5.079503e-02,1.497519e-02,4.147446e-03,4.583044e-03,4.309482e-02,9.660007e-02,5.213577e-01,8.359543e-03,7.172450e-03,1.147605e-01,5.904567e-02
2.951543e-02,3.006414e-02,4.759395e-02,2.596732e-02,1.685673e-01,1.611563e-02,6.839950e-03,8.931667e-03,4.596815e-02,8.844040e-02,3.845520e-01,6.919366e-03,6.939622e-03,8.241969e-02,5.116543e-02
5.646668e-02,3.178510e-02,3.843690e-02,2.202035e-02,2.381846e-01,5.536589e-02,8.622522e-03,8.189348e-03,3.842856e-02,9.126695e-02,2.759155e-01,1.069034e-02,1.151072e-02,6.849252e-02,4.462399e-02
1.043572e-01,3.324721e-02,3.350747e-02,1.875480e-02,2.597938e-01,5.708398e-02,7.992951e-03,6.805123e-03,3.046992e-02,8.408766e-02,2.000977e-01,3.579741e-02,2.225718e-02,6.681812e-02,3.892955e-02
9.973906e-02,9.600829e-02,3.343519e-02,2.769084e-02,2.189390e-01,6.679350e-02,9.377125e-03,7.188482e-03,2.363366e-02,6.430837e-02,1.535309e-01,7.095764e-02,3.578731e-02,5.727481e-02,3.533574e-02
7.765017e-02,1.118798e-01,2.947103e-02,3.734560e-02,1.645679e-01,5.303946e-02,8.348539e-03,5.778130e-03,6.932323e-02,5.059118e-02,1.231651e-01,7.998251e-02,4.060071e-02,4.272179e-02,1.055349e-01
6.181673e-02,1.629379e-01,2.590200e-02,4.140278e-02,1.262621e-01,4.919101e-02,1.023384e-02,4.800478e-03,1.562600e-01,3.736389e-02,9.921526e-02,6.787111e-02,4.584238e-02,3.045026e-02,8.045021e-02
4.704897e-02,1.603614e-01,2.929915e-02,7.838008e-02,1.019801e-01,5.422918e-02,1.688897e-02,3.947330e-03,2.201127e-01,2.996797e-02,7.148222e-02,5.359507e-02,4.119092e-02,2.167377e-02,6.984222e-02
3.796542e-02,1.646880e-01,2.637764e-02,6.747454e-02,9.112464e-02,4.821505e-02,1.825627e-02,3.729103e-03,3.259971e-01,2.292196e-02,5.155078e-02,4.035700e-02,3.307456e-02,1.560250e-02,5.266549e-02
3.914211e-02,1.448248e-01,2.717480e-02,6.040900e-02,1.207421e-01,6.627923e-02,2.102864e-02,3.546107e-03,3.548965e-01,1.781880e-02,3.771826e-02,2.963566e-02,2.544254e-02,1.128357e-02,4.005783e-02
4.804640e-02,1.210912e-01,2.504030e-02,7.839787e-02,1.215796e-01,6.316148e-02,1.710699e-02,3.523136e-03,3.503622e-01,2.292331e-02,3.338755e-02,3.036960e-02,2.758208e-02,9.724897e-03,4.770336e-02
6.163867e-02,1.098576e-01,2.176102e-02,6.882175e-02,1.181835e-01,5.263617e-02,1.550776e-02,2.976421e-03,3.836546e-01,2.357771e-02,2.872906e-02,3.148247e-02,2.618568e-02,8.587529e-03,4.640009e-02
8.138412e-02,9.468302e-02,1.779547e-02,6.040797e-02,1.370692e-01,4.172487e-02,1.572774e-02,3.633394e-03,3.937302e-01,2.332779e-02,2.420752e-02,2.915668e-02,2.418604e-02,7.550455e-03,4.541549e-02
1.043566e-01,8.655073e-02,1.494556e-02,5.611728e-02,1.452953e-01,3.880013e-02,1.423308e-02,4.911229e-03,3.757893e-01,2.379224e-02,2.318288e-02,2.956006e-02,2.852604e-02,7.238455e-03,4.670110e-02
1.131632e-01,9.377767e-02,1.443082e-02,5.081908e-02,1.377513e-01,3.511367e-02,1.217285e-02,9.673780e-03,3.825230e-01,2.674274e-02,2.364367e-02,2.530317e-02,2.718542e-02,6.256044e-03,4.144358e-02
1.550604e-01,9.485546e-02,1.299084e-02,4.926715e-02,1.150149e-01,3.202760e-02,9.974713e-03,1.198131e-02,3.665991e-01,2.518707e-02,2.388453e-02,2.781757e-02,2.848103e-02,6.793295e-03,4.006497e-02
2.432236e-01,8.362877e-02,1.084325e-02,4.537512e-02,9.327197e-02,3.110648e-02,8.065193e-03,1.369004e-02,3.284190e-01,2.140576e-02,2.056086e-02,2.902037e-02,2.448156e-02,6.635149e-03,4.027281e-02
3.129709e-01,7.675269e-02,8.917787e-03,4.077497e-02,7.461502e-02,3.118609e-02,6.722355e-03,2.129418e-02,2.996731e-01,1.697974e-02,1.804047e-02,2.666516e-02,2.372572e-02,6.197679e-03,3.548412e-02
3.077190e-01,6.638233e-02,6.872957e-03,3.495052e-02,6.761062e-02,3.627202e-02,6.060367e-03,2.572766e-02,3.379211e-01,1.378542e-02,1.557043e-02,2.161603e-02,2.340060e-02,5.349880e-03,3.076102e-02
3.368192e-01,6.598795e-02,5.578395e-03,3.062858e-02,5.936805e-02,4.264265e-02,5.517792e-03,2.632101e-02,3.247211e-01,1.101287e-02,1.308610e-02,1.969873e-02,2.539169e-02,5.482268e-03,2.774354e-02
3.145230e-01,7.395857e-02,7.123802e-03,7.162676e-02,5.501977e-02,3.571061e-02,5.824794e-03,2.396285e-02,2.884814e-01,1.380873e-02,1.245715e-02,2.245461e-02,2.604726e-02,4.706025e-03,4.429467e-02
3.338588e-01,8.918889e-02,6.680458e-03,7.637646e-02,5.225896e-02,3.259028e-02,5.684519e-03,2.299275e-02,2.550089e-01,1.413371e-02,1.201094e-02,2.295052e-02,2.195982e-02,4.419576e-03,4.988538e-02
3.354041e-01,9.310196e-02,6.539334e-03,5.948186e-02,5.656791e-02,6.065062e-02,4.963757e-03,2.988903e-02,2.475122e-01,1.088727e-02,1.090893e-02,1.922129e-02,2.109669e-02,4.604234e-03,3.917082e-02
3.273132e-01,9.492745e-02,7.420916e-03,4.876369e-02,6.252984e-02,7.879917e-02,4.836502e-03,4.474340e-02,2.302134e-01,8.981252e-03,9.502038e-03,1.703795e-02,2.538189e-02,5.388665e-03,3.416060e-02
3.195351e-01,7.494286e-02,7.200998e-03,5.480057e-02,5.400098e-02,6.205716e-02,5.238516e-03,1.438494e-01,1.838610e-01,7.295376e-03,8.530230e-03,1.773183e-02,2.775560e-02,4.355123e-03,2.884525e-02
2.766660e-01,6.759105e-02,1.104938e-02,6.472161e-02,5.277836e-02,4.918367e-02,7.805251e-03,2.227633e-01,1.645557e-01,6.737909e-03,6.916420e-03,1.506057e-02,2.409183e-02,3.353840e-03,2.672525e-02
2.098600e-01,5.118621e-02,1.122945e-02,5.638884e-02,5.115421e-02,3.671300e-02,8.712128e-03,3.888262e-01,1.237052e-01,5.212763e-03,5.386312e-03,1.119014e-02,1.807298e-02,2.463869e-03,1.989878e-02
1.696573e-01,4.260057e-02,1.163226e-02,4.292370e-02,4.539207e-02,2.839185e-02,4.049204e-02,4.724153e-01,9.134995e-02,4.442441e-03,4.027270e-03,8.297230e-03,2.088323e-02,1.873979e-03,1.562078e-02
1.515992e-01,4.498649e-02,1.201578e-02,3.785735e-02,4.346181e-02,2.360887e-02,9.446254e-02,4.484757e-01,6.948037e-02,4.822970e-03,3.598790e-03,6.914048e-03,4.187700e-02,1.634405e-03,1.520462e-02
1.574085e-01,4.305650e-02,1.353760e-02,3.205226e-02,4.211123e-02,2.131457e-02,1.698321e-01,3.769713e-01,5.788820e-02,5.083563e-03,3.834207e-03,7.303766e-03,5.035525e-02,1.755866e-03,1.749507e-02
1.996448e-01,3.663544e-02,1.213260e-02,2.533520e-02,3.680817e-02,1.913899e-02,2.178784e-01,3.154315e-01,6.132909e-02,5.517684e-03,3.710851e-03,7.552091e-03,4.062705e-02,1.706102e-03,1.655193e-02
2.117079e-01,3.042820e-02,1.407582e-02,1.955132e-02,3.116275e-02,2.348006e-02,2.766848e-01,2.514910e-01,6.183580e-02,5.988847e-03,4.437106e-03,8.382882e-03,4.255563e-02,2.032885e-03,1.618504e-02
2.469888e-01,2.540176e-02,1.228306e-02,1.517825e-02,2.442340e-02,2.256715e-02,3.277362e-01,1.823237e-01,5.789622e-02,6.315528e-03,5.614451e-03,1.151599e-02,4.501082e-02,2.880222e-03,1.386450e-02
2.504260e-01,2.322591e-02,1.000664e-02,1.207461e-02,2.057192e-02,2.214706e-02,3.644160e-01,1.318622e-01,5.863951e-02,6.077129e-03,7.316720e-03,1.330261e-02,6.263673e-02,3.126772e-03,1.417029e-02
2.289590e-01,2.248014e-02,1.060224e-02,1.201632e-02,2.156232e-02,1.942440e-02,3.508966e-01,9.506730e-02,5.699237e-02,1.025366e-02,7.807753e-03,1.252017e-02,1.273785e-01,3.170546e-03,2.086873e-02
3.034312e-01,2.128610e-02,1.427083e-02,1.057270e-02,2.121628e-02,1.837670e-02,2.880889e-01,6.960318e-02,6.356325e-02,1.146174e-02,7.646646e-03,1.369977e-02,1.229624e-01,3.262394e-03,3.055796e-02
3.667975e-01,2.037140e-02,1.909208e-02,9.393392e-03,2.257841e-02,1.621536e-02,2.278853e-01,5.158842e-02,8.033904e-02,1.477044e-02,7.427741e-03,1.408917e-02,1.090543e-01,4.257438e-03,3.614007e-02
4.317760e-01,1.819879e-02,1.631957e-02,9.195130e-03,2.122656e-02,1.537132e-02,2.156200e-01,3.975037e-02,7.459863e-02,1.405948e-02,7.512341e-03,1.783788e-02,8.428484e-02,4.371639e-03,2.987746e-02
4.365762e-01,1.807904e-02,1.431150e-02,8.593692e-03,1.923614e-02,1.496598e-02,2.505681e-01,3.090197e-02,6.713207e-02,1.221681e-02,8.516020e-03,1.977592e-02,6.603873e-02,4.929055e-03,2.815872e-02
3.136359e-01,1.133622e-01,2.634203e-02,3.559916e-02,3.028948e-02,1.267020e-02,1.864189e-01,2.201623e-02,8.242912e-02,3.756735e-02,2.150756e-02,2.519045e-02,5.051867e-02,4.240176e-03,3.821262e-02
2.235628e-01,9.040771e-02,2.452932e-02,3.608564e-02,2.393311e-02,1.288304e-02,1.464197e-01,1.584865e-02,8.490085e-02,7.158519e-02,2.948608e-02,5.181458e-02,1.020339e-01,4.963693e-03,8.154568e-02
1.595045e-01,6.853507e-02,2.461288e-02,2.976251e-02,1.860905e-02,1.111830e-02,1.145832e-01,1.153289e-02,7.670981e-02,8.708998e-02,3.043933e-02,5.262929e-02,1.368442e-01,7.042694e-03,1.709863e-01
1.133831e-01,6.412280e-02,1.821591e-02,2.194463e-02,1.385980e-02,9.032884e-03,8.175566e-02,8.289764e-03,1.967767e-01,6.425876e-02,5.446787e-02,5.827343e-02,1.335475e-01,6.242177e-03,1.558290e-01
8.123121e-02,6.965162e-02,1.430937e-02,1.733670e-02,1.023205e-02,7.742619e-03,5.794375e-02,6.009665e-03,3.354015e-01,4.842719e-02,4.778086e-02,5.169893e-02,1.089747e-01,6.016507e-03,1.372433e-01
5.923825e-02,9.481285e-02,1.305072e-02,1.686166e-02,8.380085e-03,6.873107e-03,4.070611e-02,4.581820e-03,4.089205e-01,4.408335e-02,4.071455e-02,3.894963e-02,8.930009e-02,5.905373e-03,1.276218e-01
4.600739e-02,9.125680e-02,1.708765e-02,8.130527e-02,2.658676e-02,7.289945e-03,3.052754e-02,3.307263e-02,4.135290e-01,3.117991e-02,2.969144e-02,2.745715e-02,6.399428e-02,4.434027e-03,9.658006e-02
4.699680e-02,7.454582e-02,2.017481e-02,2.035842e-01,3.775588e-02,9.470358e-03,2.264764e-02,3.309607e-02,3.557796e-01,2.450274e-02,2.540301e-02,2.031052e-02,4.731188e-02,4.140719e-03,7.427994e-02
5.945284e-02,7.194929e-02,2.492573e-02,1.702368e-01,4.700238e-02,1.150140e-02,1.796146e-02,3.088582e-02,3.443108e-01,2.586047e-02,3.858022e-02,2.108116e-02,4.280184e-02,6.039259e-03,8.741052e-02
5.884165e-02,8.394471e-02,2.377004e-02,1.291320e-01,4.960759e-02,1.134630e-02,1.425613e-02,2.441889e-02,3.556929e-01,2.169449e-02,4.034655e-02,1.869642e-02,3.440024e-02,5.349859e-03,1.285022e-01
4.548708e-02,7.133951e-02,3.191965e-02,2.176058e-01,6.139576e-02,1.163564e-02,1.151997e-02,1.981429e-02,3.342365e-01,1.730034e-02,3.374526e-02,1.486361e-02,2.658018e-02,4.226658e-03,9.832972e-02
5.075976e-02,5.899043e-02,4.319705e-02,1.718867e-01,6.369025e-02,1.639874e-02,1.037931e-02,2.258218e-02,3.883912e-01,1.463277e-02,3.447787e-02,1.269692e-02,2.398061e-02,3.518810e-03,8.441740e-02
5.561779e-02,5.202549e-02,5.763706e-02,1.604493e-01,5.973092e-02,1.554984e-02,9.235226e-03,1.851746e-02,3.500567e-01,1.475565e-02,8.130187e-02,1.881986e-02,3.293175e-02,3.149065e-03,7.022194e-02
4.902970e-02,5.026144e-02,4.978716e-02,1.398944e-01,6.380098e-02,1.472462e-02,9.185692e-03,2.071714e-02,3.193594e-01,1.533188e-02,1.196468e-01,2.095587e-02,5.968987e-02,3.643613e-03,6.397139e-02
4.770790e-02,5.529454e-02,4.469586e-02,1.558565e-01,6.666762e-02,1.702807e-02,9.297004e-03,2.299485e-02,2.974653e-01,1.554671e-02,1.085411e-01,2.351919e-02,7.314293e-02,3.534592e-03,5.870785e-02
4.801455e-02,5.074298e-02,3.846087e-02,1.310215e-01,5.822495e-02,2.055009e-02,9.346770e-03,1.972222e-02,2.726969e-01,1.874888e-02,1.124954e-01,5.887973e-02,1.056878e-01,3.336233e-03,5.207108e-02
3.728234e-02,5.904450e-02,3.359191e-02,1.072548e-01,4.406131e-02,1.902168e-02,6.959331e-03,1.454543e-02,2.814401e-01,1.795667e-02,1.202122e-01,8.901912e-02,1.206812e-01,3.354042e-03,4.557526e-02
3.657459e-02,5.239815e-02,3.312089e-02,8.282312e-02,3.529385e-02,2.940408e-02,5.163138e-03,1.166791e-02,2.529448e-01,1.932238e-02,1.942335e-01,8.558650e-02,1.202269e-01,5.000106e-03,3.623991e-02
2.736172e-02,4.714542e-02,6.691748e-02,2.539140e-01,2.746116e-02,2.287138e-02,3.690766e-03,8.797059e-03,1.991361e-01,1.530683e-02,1.427699e-01,6.368000e-02,8.721151e-02,3.732289e-03,3.000441e-02
2.655865e-02,4.255457e-02,7.229426e-02,2.677798e-01,2.100335e-02,3.971323e-02,2.765685e-03,6.589310e-03,1.723116e-01,1.559106e-02,1.584714e-01,7.551762e-02,6.699438e-02,4.233471e-03,2.762153e-02
2.332955e-02,3.448719e-02,1.211412e-01,3.696925e-01,1.536216e-02,3.009477e-02,2.038223e-03,4.914736e-03,1.263116e-01,1.280138e-02,1.240523e-01,6.289563e-02,4.873102e-02,3.285809e-03,2.086193e-02
4.342447e-02,3.826957e-02,1.043732e-01,3.376540e-01,1.250192e-02,3.597463e-02,1.907295e-03,4.339148e-03,1.064272e-01,1.894451e-02,1.487815e-01,8.062419e-02,3.674038e-02,6.646873e-03,2.339101e-02
4.450905e-02,3.166370e-02,1.164220e-01,3.281791e-01,1.818377e-02,3.198672e-02,3.952081e-03,6.749631e-03,1.149334e-01,1.702426e-02,1.446932e-01,8.276461e-02,3.363125e-02,6.884657e-03,1.842261e-02
4.294679e-02,2.532339e-02,9.087278e-02,2.440556e-01,1.379238e-02,3.946626e-02,3.098146e-03,5.969369e-03,8.923271e-02,1.807774e-02,1.788841e-01,1.788360e-01,3.469423e-02,1.897371e-02,1.577679e-02
4.192083e-02,2.028670e-02,7.046113e-02,1.771536e-01,1.116798e-02,3.488383e-02,2.571475e-03,5.592560e-03,7.207292e-02,1.846045e-02,2.123940e-01,2.593086e-01,3.492236e-02,2.579305e-02,1.301053e-02
4.313620e-02,3.086530e-02,1.811125e-01,1.296696e-01,2.204102e-02,2.746192e-02,3.270970e-03,1.006282e-02,6.069642e-02,2.446486e-02,1.787715e-01,2.219720e-01,3.229143e-02,2.231549e-02,1.186810e-02
8.601914e-02,4.047033e-02,2.025823e-01,1.080845e-01,2.750688e-02,2.948585e-02,7.475606e-03,1.540011e-02,7.678699e-02,3.008934e-02,1.347512e-01,1.650249e-01,2.432967e-02,3.625723e-02,1.573604e-02
6.293480e-02,3.339157e-02,3.675463e-01,1.070110e-01,2.901576e-02,2.260467e-02,6.900954e-03,1.290624e-02,6.324568e-02,2.499847e-02,9.554914e-02,1.177965e-01,1.752486e-02,2.650470e-02,1.206934e-02
5.710053e-02,4.474154e-02,3.623723e-01,1.131673e-01,3.578662e-02,3.561968e-02,9.335717e-03,1.183076e-02,8.848466e-02,2.528125e-02,6.852818e-02,8.442242e-02,1.496423e-02,2.070607e-02,2.765877e-02
6.543580e-02,5.644721e-02,3.400389e-01,1.145497e-01,4.380312e-02,4.842146e-02,9.576224e-03,9.758852e-03,1.084023e-01,2.350936e-02,5.100829e-02,6.081836e-02,1.215441e-02,1.589132e-02,4.018475e-02
1.007697e-01,8.371679e-02,3.054152e-01,1.117286e-01,4.855032e-02,4.445429e-02,8.413979e-03,8.824032e-03,9.350788e-02,2.054731e-02,4.241846e-02,4.980396e-02,1.220594e-02,1.478018e-02,5.486342e-02
1.013062e-01,1.169212e-01,3.090732e-01,8.700947e-02,5.727558e-02,4.059927e-02,9.412711e-03,2.064579e-02,8.612224e-02,2.634820e-02,3.430477e-02,3.694704e-02,1.030335e-02,2.079843e-02,4.293273e-02
8.475882e-02,1.149672e-01,3.777018e-01,1.059397e-01,5.602010e-02,3.535465e-02,8.651635e-03,2.301850e-02,6.444404e-02,2.057156e-02,2.493288e-02,2.635948e-02,7.647140e-03,1.509697e-02,3.453561e-02
7.499860e-02,9.326044e-02,4.585674e-01,1.041826e-01,4.706525e-02,2.761948e-02,6.769945e-03,1.767045e-02,4.821048e-02,2.195586e-02,1.860589e-02,1.900174e-02,6.060463e-03,1.103032e-02,4.500112e-02
1.078007e-01,9.506523e-02,4.275412e-01,8.516861e-02,6.343747e-02,2.674112e-02,5.588209e-03,1.466724e-02,3.933147e-02,2.949193e-02,1.907520e-02,1.465493e-02,5.708975e-03,9.941658e-03,5.578608e-02
