1.000000e+00,0.000000e+00,0.000000e+00,0.000000e+00,0.000000e+00,0.000000e+00,0.000000e+00,0.000000e+00,0.000000e+00,0.000000e+00,0.000000e+00,0.000000e+00,0.000000e+00,0.000000e+00,0.000000e+00
1.000000e+00,0.000000e+00,0.000000e+00,0.000000e+00,0.000000e+00,0.000000e+00,0.000000e+00,0.000000e+00,0.000000e+00,0.000000e+00,0.000000e+00,0.000000e+00,0.000000e+00,0.000000e+00,0.000000e+00
1.000000e+00,0.000000e+00,0.000000e+00,0.000000e+00,0.000000e+00,0.000000e+00,0.000000e+00,0.000000e+00,0.000000e+00,0.000000e+00,0.000000e+00,0.000000e+00,0.000000e+00,0.000000e+00,0.000000e+00
1.000000e+00,0.000000e+00,0.000000e+00,0.000000e+00,0.000000e+00,0.000000e+00,0.000000e+00,0.000000e+00,0.000000e+00,0.000000e+00,0.000000e+00,0.000000e+00,0.000000e+00,0.000000e+00,0.000000e+00
1.000000e+00,0.000000e+00,0.000000e+00,0.000000e+00,0.000000e+00,0.000000e+00,0.000000e+00,0.000000e+00,0.000000e+00,0.000000e+00,0.000000e+00,0.000000e+00,0.000000e+00,0.000000e+00,0.000000e+00
1.000000e+00,0.000000e+00,0.000000e+00,0.000000e+00,0.000000e+00,0.000000e+00,0.000000e+00,0.000000e+00,0.000000e+00,0.000000e+00,0.000000e+00,0.000000e+00,0.000000e+00,0.000000e+00,0.000000e+00
1.000000e+00,0.000000e+00,0.000000e+00,0.000000e+00,0.000000e+00,0.000000e+00,0.000000e+00,0.000000e+00,0.000000e+00,0.000000e+00,0.000000e+00,0.000000e+00,0.000000e+00,0.000000e+00,0.000000e+00
1.000000e+00,0.000000e+00,0.000000e+00,0.000000e+00,0.000000e+00,0.000000e+00,0.000000e+00,0.000000e+00,0.000000e+00,0.000000e+00,0.000000e+00,0.000000e+00,0.000000e+00,0.000000e+00,0.000000e+00
1.000000e+00,0.000000e+00,0.000000e+00,0.000000e+00,0.000000e+00,0.000000e+00,0.000000e+00,0.000000e+00,0.000000e+00,0.000000e+00,0.000000e+00,0.000000e+00,0.000000e+00,0.000000e+00,0.000000e+00
1.000000e+00,0.000000e+00,0.000000e+00,0.000000e+00,0.000000e+00,0.000000e+00,0.000000e+00,0.000000e+00,0.000000e+00,0.000000e+00,0.000000e+00,0.000000e+00,0.000000e+00,0.000000e+00,0.000000e+00
1.000000e+00,0.000000e+00,0.000000e+00,0.000000e+00,0.000000e+00,0.000000e+00,0.000000e+00,0.000000e+00,0.000000e+00,0.000000e+00,0.000000e+00,0.000000e+00,0.000000e+00,0.000000e+00,0.000000e+00
1.000000e+00,0.000000e+00,0.000000e+00,0.000000e+00,0.000000e+00,0.000000e+00,0.000000e+00,0.000000e+00,0.000000e+00,0.000000e+00,0.000000e+00,0.000000e+00,0.000000e+00,0.000000e+00,0.000000e+00
1.000000e+00,0.000000e+00,0.000000e+00,0.000000e+00,0.000000e+00,0.000000e+00,0.000000e+00,0.000000e+00,0.000000e+00,0.000000e+00,0.000000e+00,0.000000e+00,0.000000e+00,0.000000e+00,0.000000e+00
1.000000e+00,0.000000e+00,0.000000e+00,0.000000e+00,0.000000e+00,0.000000e+00,0.000000e+00,0.000000e+00,0.000000e+00,0.000000e+00,0.000000e+00,0.000000e+00,0.000000e+00,0.000000e+00,0.000000e+00
1.000000e+00,0.000000e+00,0.000000e+00,0.000000e+00,0.000000e+00,0.000000e+00,0.000000e+00,0.000000e+00,0.000000e+00,0.000000e+00,0.000000e+00,0.000000e+00,0.000000e+00,0.000000e+00,0.000000e+00
1.000000e+00,0.000000e+00,0.000000e+00,0.000000e+00,0.000000e+00,0.000000e+00,0.000000e+00,0.000000e+00,0.000000e+00,0.000000e+00,0.000000e+00,0.000000e+00,0.000000e+00,0.000000e+00,0.000000e+00
1.000000e+00,0.000000e+00,0.000000e+00,0.000000e+00,0.000000e+00,0.000000e+00,0.000000e+00,0.000000e+00,0.000000e+00,0.000000e+00,0.000000e+00,0.000000e+00,0.000000e+00,0.000000e+00,0.000000e+00
1.000000e+00,0.000000e+00,0.000000e+00,0.000000e+00,0.000000e+00,0.000000e+00,0.000000e+00,0.000000e+00,0.000000e+00,0.000000e+00,0.000000e+00,0.000000e+00,0.000000e+00,0.000000e+00,0.000000e+00
1.000000e+00,0.000000e+00,0.000000e+00,0.000000e+00,0.000000e+00,0.000000e+00,0.000000e+00,0.000000e+00,0.000000e+00,0.000000e+00,0.000000e+00,0.000000e+00,0.000000e+00,0.000000e+00,0.000000e+00
1.000000e+00,0.000000e+00,0.000000e+00,0.000000e+00,0.000000e+00,0.000000e+00,0.000000e+00,0.000000e+00,0.000000e+00,0.000000e+00,0.000000e+00,0.000000e+00,0.000000e+00,0.000000e+00,0.000000e+00
1.000000e+00,0.000000e+00,0.000000e+00,0.000000e+00,0.000000e+00,0.000000e+00,0.000000e+00,0.000000e+00,0.000000e+00,0.000000e+00,0.000000e+00,0.000000e+00,0.000000e+00,0.000000e+00,0.000000e+00
1.000000e+00,0.000000e+00,0.000000e+00,0.000000e+00,0.000000e+00,0.000000e+00,0.000000e+00,0.000000e+00,0.000000e+00,0.000000e+00,0.000000e+00,0.000000e+00,0.000000e+00,0.000000e+00,0.000000e+00
1.000000e+00,0.000000e+00,0.000000e+00,0.000000e+00,0.000000e+00,0.000000e+00,0.000000e+00,0.000000e+00,0.000000e+00,0.000000e+00,0.000000e+00,0.000000e+00,0.000000e+00,0.000000e+00,0.000000e+00
1.000000e+00,0.000000e+00,0.000000e+00,0.000000e+00,0.000000e+00,0.000000e+00,0.000000e+00,0.000000e+00,0.000000e+00,0.000000e+00,0.000000e+00,0.000000e+00,0.000000e+00,0.000000e+00,0.000000e+00
1.000000e+00,0.000000e+00,0.000000e+00,0.000000e+00,0.000000e+00,0.000000e+00,0.000000e+00,0.000000e+00,0.000000e+00,0.000000e+00,0.000000e+00,0.000000e+00,0.000000e+00,0.000000e+00,0.000000e+00
1.000000e+00,0.000000e+00,0.000000e+00,0.000000e+00,0.000000e+00,0.000000e+00,0.000000e+00,0.000000e+00,0.000000e+00,0.000000e+00,0.000000e+00,0.000000e+00,0.000000e+00,0.000000e+00,0.000000e+00
1.000000e+00,0.000000e+00,0.000000e+00,0.000000e+00,0.000000e+00,0.000000e+00,0.000000e+00,0.000000e+00,0.000000e+00,0.000000e+00,0.000000e+00,0.000000e+00,0.000000e+00,0.000000e+00,0.000000e+00
1.000000e+00,0.000000e+00,0.000000e+00,0.000000e+00,0.000000e+00,0.000000e+00,0.000000e+00,0.000000e+00,0.000000e+00,0.000000e+00,0.000000e+00,0.000000e+00,0.000000e+00,0.000000e+00,0.000000e+00
1.000000e+00,0.000000e+00,0.000000e+00,0.000000e+00,0.000000e+00,0.000000e+00,0.000000e+00,0.000000e+00,0.000000e+00,0.000000e+00,0.000000e+00,0.000000e+00,0.000000e+00,0.000000e+00,0.000000e+00
1.000000e+00,0.000000e+00,0.000000e+00,0.000000e+00,0.000000e+00,0.000000e+00,0.000000e+00,0.000000e+00,0.000000e+00,0.000000e+00,0.000000e+00,0.000000e+00,0.000000e+00,0.000000e+00,0.000000e+00
1.000000e+00,0.000000e+00,0.000000e+00,0.000000e+00,0.000000e+00,0.000000e+00,0.000000e+00,0.000000e+00,0.000000e+00,0.000000e+00,0.000000e+00,0.000000e+00,0.000000e+00,0.000000e+00,0.000000e+00
1.000000e+00,0.000000e+00,0.000000e+00,0.000000e+00,0.000000e+00,0.000000e+00,0.000000e+00,0.000000e+00,0.000000e+00,0.000000e+00,0.000000e+00,0.000000e+00,0.000000e+00,0.000000e+00,0.000000e+00
1.000000e+00,0.000000e+00,0.000000e+00,0.000000e+00,0.000000e+00,0.000000e+00,0.000000e+00,0.000000e+00,0.000000e+00,0.000000e+00,0.000000e+00,0.000000e+00,0.000000e+00,0.000000e+00,0.000000e+00
1.000000e+00,0.000000e+00,0.000000e+00,0.000000e+00,0.000000e+00,0.000000e+00,0.000000e+00,0.000000e+00,0.000000e+00,0.000000e+00,0.000000e+00,0.000000e+00,0.000000e+00,0.000000e+00,0.000000e+00
1.000000e+00,0.000000e+00,0.000000e+00,0.000000e+00,0.000000e+00,0.000000e+00,0.000000e+00,0.000000e+00,0.000000e+00,0.000000e+00,0.000000e+00,0.000000e+00,0.000000e+00,0.000000e+00,0.000000e+00
1.000000e+00,0.000000e+00,0.000000e+00,0.000000e+00,0.000000e+00,0.000000e+00,0.000000e+00,0.000000e+00,0.000000e+00,0.000000e+00,0.000000e+00,0.000000e+00,0.000000e+00,0.000000e+00,0.000000e+00
1.000000e+00,0.000000e+00,0.000000e+00,0.000000e+00,0.000000e+00,0.000000e+00,0.000000e+00,0.000000e+00,0.000000e+00,0.000000e+00,0.000000e+00,0.000000e+00,0.000000e+00,0.000000e+00,0.000000e+00
1.000000e+00,0.000000e+00,0.000000e+00,0.000000e+00,0.000000e+00,0.000000e+00,0.000000e+00,0.000000e+00,0.000000e+00,0.000000e+00,0.000000e+00,0.000000e+00,0.000000e+00,0.000000e+00,0.000000e+00
1.000000e+00,0.000000e+00,0.000000e+00,0.000000e+00,0.000000e+00,0.000000e+00,0.000000e+00,0.000000e+00,0.000000e+00,0.000000e+00,0.000000e+00,0.000000e+00,0.000000e+00,0.000000e+00,0.000000e+00
1.000000e+00,0.000000e+00,0.000000e+00,0.000000e+00,0.000000e+00,0.000000e+00,0.000000e+00,0.000000e+00,0.000000e+00,0.000000e+00,0.000000e+00,0.000000e+00,0.000000e+00,0.000000e+00,0.000000e+00
1.000000e+00,0.000000e+00,0.000000e+00,0.000000e+00,0.000000e+00,0.000000e+00,0.000000e+00,0.000000e+00,0.000000e+00,0.000000e+00,0.000000e+00,0.000000e+00,0.000000e+00,0.000000e+00,0.000000e+00
4.326786e-01,6.393895e-02,9.905161e-02,1.417361e-01,5.248687e-03,2.118572e-02,2.528608e-03,2.104513e-02,1.768251e-02,5.826937e-03,7.384029e-02,2.378143e-02,5.049197e-03,1.094147e-02,7.546481e-02
3.571444e-01,8.481759e-02,9.092206e-02,1.847151e-01,9.512390e-03,2.388883e-02,3.547162e-03,2.491053e-02,2.787329e-02,5.888139e-03,6.580734e-02,2.420066e-02,6.619633e-03,1.072484e-02,7.942804e-02
2.944540e-01,1.050526e-01,8.503001e-02,2.044225e-01,1.224460e-02,2.842361e-02,4.512657e-03,2.597696e-02,3.464114e-02,6.707672e-03,6.443708e-02,2.489421e-02,7.831397e-03,1.151811e-02,8.985355e-02
2.196642e-01,9.840468e-02,1.217797e-01,2.677688e-01,1.145036e-02,2.450377e-02,5.237931e-03,4.329405e-02,3.524593e-02,5.437987e-03,5.086897e-02,2.111419e-02,6.459869e-03,9.420565e-03,7.934903e-02
1.912606e-01,1.257615e-01,9.994509e-02,2.878222e-01,1.594485e-02,2.168744e-02,6.549636e-03,3.591166e-02,3.968834e-02,6.048151e-03,4.477176e-02,2.335269e-02,8.077764e-03,9.875857e-03,8.330253e-02
1.516462e-01,1.021507e-01,9.194815e-02,3.341445e-01,2.465028e-02,4.581277e-02,6.795547e-03,4.046894e-02,3.418342e-02,5.327065e-03,4.788811e-02,3.401040e-02,7.360833e-03,7.800046e-03,6.581305e-02
1.166434e-01,8.259883e-02,1.260076e-01,2.984605e-01,2.469030e-02,8.559875e-02,8.418844e-03,6.355044e-02,2.764517e-02,4.568645e-03,4.964229e-02,4.781355e-02,7.876893e-03,6.381569e-03,5.010318e-02
8.514415e-02,6.077914e-02,1.053696e-01,2.197782e-01,2.056054e-02,2.662485e-01,7.502988e-03,5.143602e-02,2.017408e-02,4.940934e-03,6.791452e-02,4.354043e-02,6.062113e-03,4.817124e-03,3.573165e-02
6.606903e-02,4.799572e-02,1.197729e-01,1.595974e-01,2.502880e-02,2.418988e-01,1.288995e-01,4.405405e-02,1.506671e-02,5.861849e-03,7.519650e-02,3.344976e-02,7.068235e-03,4.183278e-03,2.585747e-02
4.889743e-02,3.433556e-02,9.942706e-02,1.134563e-01,2.017985e-02,1.855803e-01,3.333158e-01,4.287666e-02,1.069487e-02,4.518639e-03,5.512707e-02,2.382223e-02,6.119309e-03,3.186585e-03,1.846230e-02
3.530289e-02,2.420516e-02,7.505774e-02,7.993391e-02,1.487732e-02,1.379000e-01,5.108961e-01,3.485131e-02,7.549861e-03,3.253396e-03,3.922734e-02,1.680950e-02,4.792834e-03,2.314454e-03,1.302812e-02
2.537688e-02,1.704143e-02,5.348986e-02,5.613978e-02,1.078227e-02,1.025717e-01,6.424630e-01,3.004032e-02,5.437842e-03,2.333982e-03,2.766980e-02,1.183213e-02,3.714152e-03,1.712072e-03,9.394763e-03
2.008787e-02,1.213559e-02,3.890187e-02,3.938800e-02,7.953602e-03,7.557092e-02,7.345366e-01,2.615394e-02,3.964046e-03,1.697400e-03,1.960182e-02,8.442733e-03,2.916837e-03,1.341221e-03,7.307574e-03
2.478447e-02,9.220274e-03,3.150917e-02,2.820115e-02,6.073960e-03,5.595804e-02,7.615989e-01,4.443439e-02,3.182881e-03,1.291567e-03,1.522415e-02,6.727538e-03,2.585529e-03,1.432965e-03,7.775061e-03
5.269737e-02,9.109654e-03,3.900532e-02,2.123809e-02,5.594196e-03,4.348983e-02,7.183369e-01,7.326110e-02,3.179904e-03,1.041279e-03,1.262148e-02,5.670443e-03,2.855525e-03,1.844061e-03,1.005484e-02
9.011465e-02,8.785340e-03,4.063480e-02,1.681652e-02,5.199904e-03,3.551328e-02,6.489043e-01,1.169085e-01,3.033296e-03,9.418990e-04,1.068532e-02,5.620264e-03,3.283470e-03,2.222640e-03,1.133587e-02
1.686275e-01,1.027814e-02,4.920115e-02,1.434731e-02,5.387144e-03,2.900467e-02,5.251985e-01,1.503741e-01,3.254108e-03,1.007194e-03,9.891794e-03,5.300546e-03,3.420762e-03,4.110372e-03,2.059673e-02
2.442241e-01,1.033763e-02,4.752983e-02,1.185809e-02,5.487014e-03,2.588001e-02,4.398961e-01,1.569467e-01,3.116927e-03,1.147368e-03,9.788983e-03,5.174073e-03,4.555393e-03,6.746276e-03,2.731141e-02
3.044472e-01,1.024337e-02,4.895996e-02,1.135217e-02,6.174834e-03,2.492023e-02,3.628745e-01,1.569472e-01,3.223662e-03,2.310892e-03,1.089776e-02,6.191121e-03,4.975025e-03,1.079604e-02,3.568604e-02
2.365372e-01,1.035370e-02,5.215543e-02,1.083108e-02,5.576675e-03,2.111885e-02,2.574189e-01,1.775460e-01,8.420784e-03,1.129578e-01,1.906912e-02,1.450708e-02,1.069514e-02,1.904359e-02,4.376865e-02
1.667232e-01,1.027500e-02,4.974482e-02,1.335225e-02,4.296048e-03,1.655900e-02,1.824607e-01,1.617411e-01,7.101464e-02,1.474535e-01,3.545035e-02,1.730021e-02,1.717146e-02,5.588920e-02,5.056855e-02
1.210588e-01,8.867571e-03,3.636682e-02,1.303819e-02,4.113233e-03,1.364447e-02,1.309544e-01,1.292039e-01,6.676117e-02,1.965716e-01,9.781474e-02,2.400040e-02,2.247591e-02,9.071323e-02,4.441564e-02
8.804584e-02,6.843878e-03,2.600988e-02,1.170035e-02,4.651063e-03,1.120357e-02,9.933093e-02,9.747306e-02,9.290238e-02,1.598627e-01,1.607008e-01,2.264740e-02,1.818031e-02,1.654316e-01,3.501626e-02
6.351762e-02,5.021965e-03,1.852703e-02,1.055124e-02,4.736525e-03,8.197962e-03,7.317984e-02,6.892214e-02,6.781635e-02,1.889521e-01,2.607215e-01,2.011956e-02,1.294148e-02,1.708543e-01,2.594045e-02
4.513697e-02,3.546736e-03,1.300650e-02,8.501031e-03,5.004828e-03,5.844693e-03,5.147786e-02,4.840856e-02,4.791103e-02,1.343211e-01,4.610080e-01,2.346350e-02,9.216691e-03,1.247682e-01,1.838442e-02
3.200907e-02,2.503639e-03,9.217656e-03,7.133896e-03,7.766773e-03,4.211169e-03,3.629717e-02,3.419458e-02,3.389007e-02,9.754068e-02,5.739891e-01,4.322662e-02,7.079146e-03,9.647983e-02,1.446059e-02
2.293195e-02,1.875380e-03,6.551642e-03,5.405984e-03,1.311631e-02,4.251821e-03,2.577328e-02,2.407864e-02,2.403109e-02,7.576313e-02,5.283313e-01,1.737858e-01,5.386863e-03,7.841365e-02,1.030312e-02
1.637032e-02,1.441800e-03,4.655225e-03,3.888513e-03,1.352130e-02,4.093880e-03,1.817231e-02,1.696339e-02,1.695868e-02,5.645853e-02,4.693151e-01,3.039467e-01,3.962248e-03,6.296989e-02,7.281953e-03
1.168859e-02,1.206818e-03,3.303382e-03,2.756260e-03,1.091293e-02,4.810873e-03,1.277666e-02,1.194784e-02,1.189088e-02,4.049767e-02,3.425997e-01,4.910093e-01,2.876329e-03,4.660765e-02,5.115091e-03
8.409249e-03,1.048765e-03,2.399215e-03,1.971507e-03,1.154537e-02,5.392536e-03,9.392481e-03,8.534566e-03,8.361564e-03,2.873589e-02,3.218203e-01,5.479249e-01,2.183806e-03,3.866035e-02,3.619492e-03
6.075296e-03,2.663637e-03,1.889163e-03,1.410501e-03,1.295620e-02,4.841221e-03,6.705950e-03,6.074105e-03,5.972291e-03,2.057632e-02,3.054236e-01,5.904998e-01,1.796581e-03,3.046755e-02,2.647762e-03
4.498381e-03,2.687525e-03,1.419171e-03,1.078078e-03,2.781437e-02,4.592101e-03,4.749937e-03,4.437970e-03,4.326727e-03,1.459452e-02,2.406583e-01,6.567519e-01,1.570719e-03,2.891813e-02,1.902128e-03
3.227281e-03,2.899724e-03,1.050190e-03,7.836017e-04,3.281665e-02,3.805362e-03,3.359674e-03,3.172862e-03,3.117644e-03,1.037750e-02,1.969775e-01,7.126685e-01,1.295684e-03,2.309304e-02,1.354727e-03
2.301713e-03,2.170803e-03,7.699861e-04,5.604923e-04,2.457724e-02,3.164679e-03,2.411332e-03,2.284911e-03,2.223074e-03,7.344806e-03,1.962158e-01,7.370836e-01,1.006144e-03,1.693228e-02,9.531772e-04
2.212368e-03,2.014138e-03,8.209504e-04,7.170090e-04,3.015999e-02,4.869894e-03,2.543504e-03,7.530409e-03,1.872657e-03,5.292503e-03,2.464333e-01,6.804319e-01,9.478694e-04,1.343227e-02,7.212037e-04
2.481055e-03,1.821272e-03,1.482620e-03,8.578951e-04,3.285407e-02,8.349223e-03,4.862260e-03,1.385196e-02,1.861774e-03,3.954568e-03,2.537085e-01,6.621745e-01,8.708301e-04,1.029394e-02,5.756705e-04
4.684257e-03,3.111428e-03,4.647483e-03,1.095561e-03,3.317399e-02,1.296767e-02,9.335280e-03,2.513016e-02,2.113283e-03,3.156135e-03,2.398054e-01,6.509891e-01,8.748462e-04,8.369389e-03,5.461324e-04
8.260571e-03,2.583388e-03,7.336401e-03,1.964061e-03,2.690798e-02,3.505096e-02,1.511159e-02,3.617580e-02,1.845650e-03,2.944797e-03,2.117063e-01,6.414932e-01,8.032756e-04,7.311829e-03,5.042788e-04
9.715801e-03,1.975140e-03,8.251069e-03,4.390475e-03,2.204710e-02,7.713897e-02,2.382444e-02,1.091100e-01,1.448484e-03,3.090525e-03,2.051376e-01,5.263975e-01,7.627882e-04,6.307745e-03,4.025330e-04
1.271711e-02,1.444537e-03,7.606786e-03,1.419981e-02,2.103307e-02,9.053838e-02,2.238715e-02,2.329450e-01,1.092530e-03,2.553963e-03,1.974087e-01,3.890662e-01,7.359595e-04,5.927531e-03,3.433374e-04
9.842148e-03,1.021398e-03,5.474586e-03,1.182470e-02,1.549236e-02,6.411362e-02,1.616722e-02,4.511330e-01,7.910890e-04,1.839377e-03,1.412982e-01,2.756711e-01,6.057312e-04,4.479523e-03,2.461041e-04
7.695755e-03,7.207870e-04,3.908523e-03,8.831444e-03,1.145186e-02,4.625145e-02,1.191754e-02,6.087186e-01,5.695962e-04,1.335604e-03,1.004951e-01,1.941348e-01,5.657214e-04,3.226104e-03,1.771117e-04
5.815096e-03,5.070324e-04,2.808503e-03,6.871869e-03,9.064416e-03,3.277560e-02,9.041958e-03,7.221367e-01,4.061310e-04,9.519629e-04,7.062948e-02,1.360855e-01,4.805925e-04,2.298437e-03,1.267004e-04
5.163854e-03,3.663687e-04,2.164434e-03,6.730667e-03,1.030486e-02,2.497647e-02,7.004583e-03,7.947775e-01,3.359384e-04,6.874482e-04,4.977955e-02,9.544969e-02,5.064413e-04,1.654861e-03,9.736537e-05
5.409777e-03,2.904253e-04,1.643626e-03,5.532698e-03,2.688142e-02,2.013331e-02,5.186698e-03,8.298018e-01,2.804880e-04,5.047590e-04,3.541164e-02,6.696748e-02,6.768293e-04,1.202944e-03,7.616107e-05
5.804064e-03,2.776292e-04,1.364309e-03,4.354871e-03,6.204091e-02,2.256185e-02,4.069887e-03,8.234822e-01,2.505045e-04,3.965103e-04,2.555269e-02,4.731655e-02,1.552982e-03,8.909660e-04,8.411151e-05
5.270149e-03,2.450974e-04,1.050930e-03,3.341623e-03,9.248958e-02,1.970983e-02,2.954966e-03,8.210553e-01,1.983340e-04,2.953584e-04,1.822134e-02,3.314871e-02,1.322044e-03,6.311662e-04,6.563543e-05
4.626380e-03,2.312452e-04,8.217265e-04,2.465511e-03,1.130802e-01,1.601446e-02,2.171434e-03,8.224735e-01,1.608028e-04,2.136633e-04,1.299375e-02,2.321192e-02,1.035049e-03,4.493684e-04,5.107871e-05
4.808746e-03,2.449591e-04,7.448121e-04,2.061849e-03,1.244783e-01,1.239578e-02,1.796077e-03,8.263019e-01,1.280978e-04,1.530401e-04,9.173781e-03,1.626520e-02,1.079163e-03,3.252096e-04,4.312428e-05
6.378516e-03,2.394691e-04,6.968116e-04,1.791471e-03,1.058361e-01,9.517428e-03,1.354585e-03,8.549441e-01,1.157906e-04,1.078698e-04,6.479519e-03,1.141100e-02,8.433723e-04,2.428252e-04,4.114522e-05
1.063950e-02,2.890422e-04,7.404902e-04,1.716530e-03,1.015783e-01,7.416617e-03,1.061458e-03,8.625749e-01,1.273016e-04,7.914193e-05,4.698335e-03,8.067642e-03,7.370726e-04,2.141547e-04,5.946842e-05
3.187146e-02,6.325461e-04,1.006221e-03,2.129381e-03,8.892855e-02,6.793289e-03,9.665804e-04,8.293167e-01,1.067992e-03,2.834582e-04,1.280594e-02,1.034908e-02,1.206726e-02,1.277884e-03,5.036540e-04
3.128567e-02,7.584660e-04,7.785588e-04,2.765245e-03,7.396200e-02,3.050821e-02,1.376475e-03,6.546401e-01,3.407703e-03,2.968733e-04,1.701820e-02,9.364218e-03,1.718665e-01,1.106531e-03,8.652360e-04
2.361576e-02,6.349187e-04,5.961687e-04,3.325905e-03,5.361422e-02,4.480695e-02,1.222575e-03,4.805842e-01,3.093424e-03,2.267738e-04,1.287681e-02,7.367217e-03,3.644045e-01,8.226299e-04,2.807860e-03
1.746456e-02,5.154036e-04,4.860385e-04,2.783134e-03,3.893499e-02,3.552016e-02,1.077093e-03,3.403006e-01,3.883128e-03,1.788844e-04,9.881769e-03,6.596851e-03,5.329576e-01,5.860362e-04,8.833683e-03
1.251517e-02,4.092894e-04,3.733243e-04,2.170206e-03,2.784432e-02,2.608539e-02,9.116402e-04,2.386439e-01,3.532232e-03,1.369900e-04,7.578346e-03,6.083601e-03,6.645090e-01,4.136095e-04,8.792972e-03
8.836856e-03,4.789275e-04,2.848710e-04,1.599554e-03,1.957926e-02,1.874815e-02,6.665564e-04,1.671121e-01,5.022351e-03,1.037871e-04,5.771371e-03,5.564841e-03,7.576622e-01,2.908393e-04,8.278389e-03
6.337435e-03,1.175364e-03,2.477198e-04,1.249063e-03,1.376821e-02,1.374334e-02,4.882213e-04,1.170307e-01,7.242523e-03,1.089880e-04,4.347577e-03,5.205431e-03,8.143241e-01,2.092936e-04,1.452197e-02
4.563704e-03,3.051003e-03,2.090518e-04,9.121899e-04,9.691786e-03,1.017129e-02,3.476178e-04,8.194711e-02,1.177445e-02,9.750293e-05,3.209601e-03,4.811837e-03,8.488187e-01,1.626365e-04,2.023159e-02
3.594751e-03,1.347629e-02,2.363778e-04,7.365880e-04,6.924147e-03,9.128808e-03,2.493388e-04,5.740950e-02,2.631849e-02,1.123873e-04,2.444619e-03,4.504680e-03,8.154137e-01,1.831512e-04,5.926722e-02
3.062348e-03,4.552914e-02,3.435064e-04,6.656728e-04,5.064541e-03,1.229052e-02,1.822769e-04,4.031085e-02,6.453627e-02,1.155544e-04,1.966543e-03,4.222262e-03,7.007039e-01,2.213098e-04,1.207853e-01
2.747672e-03,8.431900e-02,3.934991e-04,5.254793e-04,3.692530e-03,1.511127e-02,1.313712e-04,2.839892e-02,7.735450e-02,1.107402e-04,1.488718e-03,3.473768e-03,5.703652e-01,2.628899e-04,2.116244e-01
2.515126e-03,9.342523e-02,4.602814e-04,4.203914e-04,2.773273e-03,1.612092e-02,9.548527e-05,2.004696e-02,8.363075e-02,1.092372e-04,1.153051e-03,2.807315e-03,4.701089e-01,2.906155e-04,3.060425e-01
2.133929e-03,1.236434e-01,6.107536e-04,3.448170e-04,2.148225e-03,1.604572e-02,6.853917e-05,1.406932e-02,1.047309e-01,1.009605e-04,9.030125e-04,2.107340e-03,3.437153e-01,2.615253e-04,3.891163e-01
2.523727e-03,1.430621e-01,9.384876e-04,5.104514e-04,2.864056e-03,3.193780e-02,9.296682e-05,1.023435e-02,2.012604e-01,1.154892e-04,6.741160e-04,1.515774e-03,2.464043e-01,2.344549e-04,3.576315e-01
2.838864e-03,1.885515e-01,3.093566e-03,9.914662e-04,4.381488e-03,6.352745e-02,2.081625e-04,7.769763e-03,2.469929e-01,1.698093e-04,4.965301e-04,1.095324e-03,1.791223e-01,1.994240e-04,3.005615e-01
4.923870e-03,2.136658e-01,4.142294e-02,1.464823e-02,1.205729e-02,6.748512e-02,8.296847e-04,7.388975e-03,2.655136e-01,1.064367e-03,3.921041e-04,8.400426e-04,1.430786e-01,1.711790e-04,2.265182e-01
7.677014e-03,1.783788e-01,1.957358e-01,1.615896e-02,1.853628e-02,6.531283e-02,1.601413e-03,7.213575e-03,2.234547e-01,2.337562e-03,3.050839e-04,6.147371e-04,1.037556e-01,1.814374e-04,1.787363e-01
3.146845e-02,1.392365e-01,2.156266e-01,1.565308e-02,3.338891e-02,8.577453e-02,3.136436e-03,7.806521e-03,1.790026e-01,1.819968e-02,2.877113e-04,4.898267e-04,7.455740e-02,5.946419e-04,1.947770e-01
2.386864e-02,1.122434e-01,2.987459e-01,3.047419e-02,2.425692e-02,6.035462e-02,2.257304e-03,5.692940e-03,1.374523e-01,5.393368e-02,4.286144e-04,4.656850e-04,5.258781e-02,4.558539e-04,1.967821e-01
1.992032e-02,9.587673e-02,3.515579e-01,2.990155e-02,2.218107e-02,4.323259e-02,2.090079e-03,5.162228e-03,1.247461e-01,4.831659e-02,1.180331e-03,3.878572e-04,8.771703e-02,4.185454e-04,1.673110e-01
1.522065e-02,7.170355e-02,3.113818e-01,3.358782e-02,1.783428e-02,3.243339e-02,1.949094e-03,3.871832e-03,2.676590e-01,3.768538e-02,4.097539e-03,8.891491e-04,7.636719e-02,1.100034e-03,1.242192e-01
1.298661e-02,5.808805e-02,2.778674e-01,4.821295e-02,1.660366e-02,2.625920e-02,1.991317e-03,3.380325e-03,2.924473e-01,2.725461e-02,1.292552e-02,8.440763e-03,1.141504e-01,1.297061e-03,9.809480e-02
1.135689e-02,4.168209e-02,2.159221e-01,6.175005e-02,1.865991e-02,2.222623e-02,2.693308e-03,2.578107e-03,2.469342e-01,2.028215e-02,2.606921e-02,1.491421e-01,1.081013e-01,1.849714e-03,7.075262e-02
8.595291e-03,2.974679e-02,1.524146e-01,4.773476e-02,1.372853e-02,1.968425e-02,2.468631e-03,1.929020e-03,1.913414e-01,1.535676e-02,7.652782e-02,2.694433e-01,1.176390e-01,2.498688e-03,5.089120e-02
6.457568e-03,2.095765e-02,1.068518e-01,3.388999e-02,1.022354e-02,1.731378e-02,2.119783e-03,1.539248e-03,1.369091e-01,1.146554e-02,2.040357e-01,2.930070e-01,1.159313e-01,2.451231e-03,3.684667e-02
4.579438e-03,1.470930e-02,7.489647e-02,2.377496e-02,7.741571e-03,1.264793e-02,1.546072e-03,1.132862e-03,9.652730e-02,8.364694e-03,1.877555e-01,4.557950e-01,8.150387e-02,3.182492e-03,2.584260e-02
3.280413e-03,1.033284e-02,5.252394e-02,1.668611e-02,5.887544e-03,9.530390e-03,1.149406e-03,8.637707e-04,6.813870e-02,6.286517e-03,2.760434e-01,4.705219e-01,5.733987e-02,3.258641e-03,1.815657e-02
2.420619e-03,7.486648e-03,3.749574e-02,1.191690e-02,1.361651e-02,6.897422e-03,8.659351e-04,1.464145e-03,4.857773e-02,4.866438e-03,3.231308e-01,4.833885e-01,4.069493e-02,4.386558e-03,1.279105e-02
1.752355e-03,5.448376e-03,2.661545e-02,8.491577e-03,1.401071e-02,4.884805e-03,6.382174e-04,1.361276e-03,3.672843e-02,4.113508e-03,4.335333e-01,4.191454e-01,2.870731e-02,5.531962e-03,9.037339e-03
1.526188e-03,4.217330e-03,1.936964e-02,6.125525e-03,1.241904e-02,3.707741e-03,5.013495e-04,1.400968e-03,3.236450e-02,3.970710e-03,5.205345e-01,3.608553e-01,2.035229e-02,6.217471e-03,6.437459e-03
1.384452e-03,3.097739e-03,1.367672e-02,4.401420e-03,9.137311e-03,3.371818e-03,3.770745e-04,1.131061e-03,3.183430e-02,2.927304e-03,6.087722e-01,2.926887e-01,1.433728e-02,8.252099e-03,4.610476e-03
1.103881e-03,2.401188e-03,9.711490e-03,3.238532e-03,7.000027e-03,3.266880e-03,2.889604e-04,8.883054e-04,4.881016e-02,2.499024e-03,6.481323e-01,2.488412e-01,1.014251e-02,1.008581e-02,3.589672e-03
9.167374e-04,1.835381e-03,7.062456e-03,2.410419e-03,5.549226e-03,4.132640e-03,2.329985e-04,7.936436e-04,6.246119e-02,2.544887e-03,7.092637e-01,1.831322e-01,7.207287e-03,9.491897e-03,2.965341e-03
1.925138e-03,1.432308e-03,6.730671e-03,3.515395e-03,6.162469e-03,1.592888e-02,5.123054e-04,3.367586e-03,8.736737e-02,2.498057e-03,7.186257e-01,1.356529e-01,5.226466e-03,8.868633e-03,2.186210e-03
2.461345e-03,1.112941e-03,5.120295e-03,4.096142e-03,7.297787e-03,1.295741e-02,4.512824e-04,3.300993e-03,1.037697e-01,2.553132e-03,7.431532e-01,9.955972e-02,3.773878e-03,8.785762e-03,1.606427e-03
3.541178e-03,8.676993e-04,3.789009e-03,3.966349e-03,5.541326e-03,1.057683e-02,3.334041e-04,3.368003e-03,2.127234e-01,2.279263e-03,6.653882e-01,7.170890e-02,2.813915e-03,1.184134e-02,1.261164e-03
4.301604e-03,6.800389e-04,3.359555e-03,6.174146e-03,4.499211e-03,1.035054e-02,2.634295e-04,6.738018e-03,2.703589e-01,2.195244e-03,6.244493e-01,5.077291e-02,2.049354e-03,1.284618e-02,9.615794e-04
8.402630e-03,3.701040e-03,3.079146e-03,7.646475e-03,1.044096e-02,5.563012e-02,8.147102e-04,1.304249e-02,2.519493e-01,2.221312e-03,5.838971e-01,3.662401e-02,3.369726e-03,1.566159e-02,3.519323e-03
8.577697e-03,5.621043e-03,3.552468e-03,7.024138e-03,8.631981e-03,4.737877e-02,6.254602e-04,2.433750e-02,3.658054e-01,4.427534e-03,4.703670e-01,2.683595e-02,3.115644e-03,1.660985e-02,7.089632e-03
1.476627e-02,6.926760e-03,4.905068e-03,8.140360e-03,7.635440e-03,4.403848e-02,5.265524e-04,2.529832e-02,3.965077e-01,8.346671e-03,4.235453e-01,1.944380e-02,2.512884e-03,2.345215e-02,1.395432e-02
4.368480e-02,7.755518e-03,5.112899e-03,6.646195e-03,8.204916e-03,3.428287e-02,3.915671e-04,1.863088e-02,3.413950e-01,8.124305e-03,4.256011e-01,1.398015e-02,1.946070e-03,3.283984e-02,5.140394e-02
4.049171e-02,6.257301e-03,3.992255e-03,4.985945e-03,6.902044e-03,2.575290e-02,2.868867e-04,1.328543e-02,2.982332e-01,6.257163e-03,5.109048e-01,9.918245e-03,1.460047e-03,3.182741e-02,3.944464e-02
4.137096e-02,5.471279e-03,3.267870e-03,4.243525e-03,6.932965e-03,2.135800e-02,2.155725e-04,9.391206e-03,2.969274e-01,4.802104e-03,5.220000e-01,1.028281e-02,1.447896e-03,3.139153e-02,4.089686e-02
4.467709e-02,6.369097e-03,3.737290e-03,4.817502e-03,6.944713e-03,1.854418e-02,2.089399e-04,6.702486e-03,2.879362e-01,3.929565e-03,4.904023e-01,1.308498e-02,1.296534e-03,3.274906e-02,7.860017e-02
5.514980e-02,6.080418e-03,5.308405e-03,7.248215e-03,6.494923e-03,2.035439e-02,2.616092e-04,5.027520e-03,2.852015e-01,3.765254e-03,4.134179e-01,1.553154e-02,1.270239e-03,3.108994e-02,1.437984e-01
7.159048e-02,6.143023e-03,2.224424e-02,2.403015e-02,8.540315e-03,1.966114e-02,3.433799e-04,4.847570e-03,2.901176e-01,3.773494e-03,3.512114e-01,1.949241e-02,1.375608e-03,2.719615e-02,1.494332e-01
7.414825e-02,7.410701e-03,2.565772e-02,2.010629e-02,8.268012e-03,2.308392e-02,3.672217e-04,4.328144e-03,3.192056e-01,3.105998e-03,3.510842e-01,2.307304e-02,1.594125e-03,2.798331e-02,1.105835e-01
1.223499e-01,1.097179e-02,8.167993e-02,4.535423e-02,9.615239e-03,1.916925e-02,7.176583e-04,5.456713e-03,3.183245e-01,3.005196e-03,2.557187e-01,1.918573e-02,1.619676e-03,2.445480e-02,8.237678e-02
2.368068e-01,1.827290e-02,8.395080e-02,6.182734e-02,2.066236e-02,1.776986e-02,1.014265e-03,5.211307e-03,2.466045e-01,2.561091e-03,1.849020e-01,1.525735e-02,3.027405e-03,4.027539e-02,6.185685e-02
2.809359e-01,2.211903e-02,9.722747e-02,1.105409e-01,2.999956e-02,1.883397e-02,1.509700e-03,6.434117e-03,1.950763e-01,2.312803e-03,1.326075e-01,1.370674e-02,4.243343e-03,3.827027e-02,4.618244e-02
3.419739e-01,3.018700e-02,1.012413e-01,1.277158e-01,3.345422e-02,1.853447e-02,1.938285e-03,6.934098e-03,1.595484e-01,2.002764e-03,9.551691e-02,1.215040e-02,4.473916e-03,3.016450e-02,3.416410e-02
4.143525e-01,2.981791e-02,8.631572e-02,1.284856e-01,3.368402e-02,2.372802e-02,2.911684e-03,7.213274e-03,1.295180e-01,1.886309e-03,7.065206e-02,1.306683e-02,5.989529e-03,2.417927e-02,2.819941e-02
4.384304e-01,3.744226e-02,7.218020e-02,1.171609e-01,3.430033e-02,3.950299e-02,2.715567e-03,6.786980e-03,1.072530e-01,3.535358e-03,5.330708e-02,1.694966e-02,8.947595e-03,2.200688e-02,3.948095e-02
4.987215e-01,3.697120e-02,6.296321e-02,1.088231e-01,3.469147e-02,3.475700e-02,2.632313e-03,6.577077e-03,8.152653e-02,3.698286e-03,4.023055e-02,1.949974e-02,1.245053e-02,1.892021e-02,3.753737e-02
1.000000e+00,0.000000e+00,0.000000e+00,0.000000e+00,0.000000e+00,0.000000e+00,0.000000e+00,0.000000e+00,0.000000e+00,0.000000e+00,0.000000e+00,0.000000e+00,0.000000e+00,0.000000e+00,0.000000e+00
1.000000e+00,0.000000e+00,0.000000e+00,0.000000e+00,0.000000e+00,0.000000e+00,0.000000e+00,0.000000e+00,0.000000e+00,0.000000e+00,0.000000e+00,0.000000e+00,0.000000e+00,0.000000e+00,0.000000e+00
4.428954e-01,2.448171e-02,3.774034e-02,6.198646e-02,2.088199e-02,6.947464e-02,2.215124e-03,6.518617e-03,4.183771e-02,4.848153e-02,5.336486e-02,3.117393e-02,1.097184e-02,6.145139e-02,8.652443e-02
3.115146e-01,1.918299e-02,2.816120e-02,4.429994e-02,1.473406e-02,5.221182e-02,1.567050e-03,4.629199e-03,8.214838e-02,7.848958e-02,3.799110e-02,2.213353e-02,7.969084e-03,4.569373e-02,2.492737e-01
2.273842e-01,1.513533e-02,2.213877e-02,3.165514e-02,1.074256e-02,4.243082e-02,1.273292e-03,3.679205e-03,8.030961e-02,7.707268e-02,4.050680e-02,2.112229e-02,9.669135e-03,5.111244e-02,3.657677e-01
1.718834e-01,1.155820e-02,1.648905e-02,2.245580e-02,7.786428e-03,3.334031e-02,9.668695e-04,2.906550e-03,6.995822e-02,1.343900e-01,4.006591e-02,1.801077e-02,1.469120e-02,4.557714e-02,4.099202e-01
1.306440e-01,1.124221e-02,1.611916e-02,1.663609e-02,6.733045e-03,4.028644e-02,8.734620e-04,3.058803e-03,6.494448e-02,1.673258e-01,5.668188e-02,1.700299e-02,3.762237e-02,4.629609e-02,3.845331e-01
9.748774e-02,1.195364e-02,1.351305e-02,1.283289e-02,5.905534e-03,4.035120e-02,8.189387e-04,2.852787e-03,9.176588e-02,2.310103e-01,6.464039e-02,1.690106e-02,4.519496e-02,4.257765e-02,3.221940e-01
7.617603e-02,4.446637e-02,9.986431e-03,1.006809e-02,9.732082e-03,3.235247e-02,8.663399e-04,2.191886e-03,2.278360e-01,1.684778e-01,5.308292e-02,1.837743e-02,3.948595e-02,3.702233e-02,2.698779e-01
8.273242e-02,3.804947e-02,4.201386e-02,2.532249e-02,2.839529e-02,3.086096e-02,5.527731e-03,2.527154e-02,2.373784e-01,1.229777e-01,5.049251e-02,1.828299e-02,4.480867e-02,3.032783e-02,2.175581e-01
1.054311e-01,5.106274e-02,3.597390e-02,2.732894e-02,4.729100e-02,4.174370e-02,5.918663e-03,2.057816e-02,2.687074e-01,9.167475e-02,4.309022e-02,1.706149e-02,5.084277e-02,2.576598e-02,1.675292e-01
1.462010e-01,4.491888e-02,4.023984e-02,3.287197e-02,9.216768e-02,5.577381e-02,7.759892e-03,2.420637e-02,2.497999e-01,6.941428e-02,3.518935e-02,1.325906e-02,4.283189e-02,2.230118e-02,1.230649e-01
1.787450e-01,5.430722e-02,3.729508e-02,4.265254e-02,9.704033e-02,5.277639e-02,6.798389e-03,3.817820e-02,2.386276e-01,5.685002e-02,2.960868e-02,1.102291e-02,3.755385e-02,2.079791e-02,9.774587e-02
1.905964e-01,4.976361e-02,3.734659e-02,5.617213e-02,1.190215e-01,4.139934e-02,9.024872e-03,9.747064e-02,2.058375e-01,4.080387e-02,2.486364e-02,9.357433e-03,2.798406e-02,1.829749e-02,7.206097e-02
2.507340e-01,4.277204e-02,4.827065e-02,5.649362e-02,1.118992e-01,3.623447e-02,9.086836e-03,1.302772e-01,1.605855e-01,2.916845e-02,2.186465e-02,9.584565e-03,2.181229e-02,1.690565e-02,5.431074e-02
2.722209e-01,4.364033e-02,6.031075e-02,5.234712e-02,1.191266e-01,3.536578e-02,9.372962e-03,1.472802e-01,1.394124e-01,2.126739e-02,1.750083e-02,8.952837e-03,1.702820e-02,1.596928e-02,4.020438e-02
3.025512e-01,5.527018e-02,5.243301e-02,4.121887e-02,1.142102e-01,3.892621e-02,1.055659e-02,1.480460e-01,1.332936e-01,1.708896e-02,1.578269e-02,8.164778e-03,1.581475e-02,1.651488e-02,3.012812e-02
3.228834e-01,5.328031e-02,4.466565e-02,3.441442e-02,1.095452e-01,3.773519e-02,1.052877e-02,1.690391e-01,1.304959e-01,1.280330e-02,1.443260e-02,7.455972e-03,1.433256e-02,1.598405e-02,2.240355e-02
3.427692e-01,4.176427e-02,4.792426e-02,2.785256e-02,8.412832e-02,3.776773e-02,2.846668e-02,2.102950e-01,1.003841e-01,9.454938e-03,1.205899e-02,1.060131e-02,1.513649e-02,1.365672e-02,1.773945e-02
4.354029e-01,3.156179e-02,4.547817e-02,2.137224e-02,6.105864e-02,4.058564e-02,3.419753e-02,1.869274e-01,7.621752e-02,7.516474e-03,9.180847e-03,1.069149e-02,1.282275e-02,1.118026e-02,1.580628e-02
4.838464e-01,2.439877e-02,4.644730e-02,1.749382e-02,4.436987e-02,3.568696e-02,3.786584e-02,1.950257e-01,5.994249e-02,5.680079e-03,7.064428e-03,9.494768e-03,1.067757e-02,8.922613e-03,1.308331e-02
4.158507e-01,1.761721e-02,4.283616e-02,1.308442e-02,3.209215e-02,3.038457e-02,1.438235e-01,2.179561e-01,4.265888e-02,4.200035e-03,5.229128e-03,7.898027e-03,9.135981e-03,6.779847e-03,1.045320e-02
4.063980e-01,1.264747e-02,3.881198e-02,9.883519e-03,2.375513e-02,2.845775e-02,1.865843e-01,2.259486e-01,3.101650e-02,3.258048e-03,4.013914e-03,7.151074e-03,8.196508e-03,5.124509e-03,8.752761e-03
3.982671e-01,9.343166e-03,3.362327e-02,7.382801e-03,1.773084e-02,3.087787e-02,2.251270e-01,2.203182e-01,2.278834e-02,2.564282e-03,3.532172e-03,7.832172e-03,8.721632e-03,4.014763e-03,7.876378e-03
3.446862e-01,6.846525e-03,3.630853e-02,6.065374e-03,1.424609e-02,3.553088e-02,2.384747e-01,2.649187e-01,1.641637e-02,2.699838e-03,3.301583e-03,8.082699e-03,1.124624e-02,3.218496e-03,7.957787e-03
2.721316e-01,5.036416e-03,3.042272e-02,4.623685e-03,1.171796e-02,3.560496e-02,3.116986e-01,2.805104e-01,1.190535e-02,2.659719e-03,2.794938e-03,6.626757e-03,1.396657e-02,2.521172e-03,7.779084e-03
1.980349e-01,3.582528e-03,2.230113e-02,3.653325e-03,1.056431e-02,3.255314e-02,3.831129e-01,3.085284e-01,8.578050e-03,2.224080e-03,2.343470e-03,4.886627e-03,1.197773e-02,1.808309e-03,5.851153e-03
1.444921e-01,2.547350e-03,1.592991e-02,2.799498e-03,9.013923e-03,2.656091e-02,4.251572e-01,3.447565e-01,6.224971e-03,1.755445e-03,1.835620e-03,3.514762e-03,9.821450e-03,1.284575e-03,4.305734e-03
1.116866e-01,1.864783e-03,1.135452e-02,2.247328e-03,9.394136e-03,2.150170e-02,4.432781e-01,3.751541e-01,4.525555e-03,1.473788e-03,1.537014e-03,2.574096e-03,8.174732e-03,9.295278e-04,4.304008e-03
1.000577e-01,1.702266e-03,8.272411e-03,1.829892e-03,8.590031e-03,2.321198e-02,4.678783e-01,2.815048e-01,3.768493e-03,1.947616e-03,5.880823e-03,2.734756e-03,8.288423e-02,1.381431e-03,8.355375e-03
8.330990e-02,1.466125e-03,6.015769e-03,1.584777e-03,7.367981e-03,2.964538e-02,3.774200e-01,2.041847e-01,3.216996e-03,3.136397e-03,6.809853e-03,2.510477e-03,2.427058e-01,1.332690e-03,2.929319e-02
6.311363e-02,1.244102e-03,4.471134e-03,1.496053e-03,5.567144e-03,2.501399e-02,2.761420e-01,1.447591e-01,2.856014e-03,3.575110e-03,5.947658e-03,1.958719e-03,3.959461e-01,1.057066e-03,6.685222e-02
4.731557e-02,1.127828e-03,3.430782e-03,1.384519e-03,4.538848e-03,1.955686e-02,1.981267e-01,1.032469e-01,2.790858e-03,3.977275e-03,4.583584e-03,1.542693e-03,4.893395e-01,8.341879e-04,1.182040e-01
3.627339e-02,9.767670e-04,2.576166e-03,1.002448e-03,3.446598e-03,1.603038e-02,1.415350e-01,7.344038e-02,2.289906e-03,3.494510e-03,3.412619e-03,1.219701e-03,5.118488e-01,6.405219e-04,2.018128e-01
2.621992e-02,7.236868e-04,1.820831e-03,7.053869e-04,2.462436e-03,1.198064e-02,9.937011e-02,5.147912e-02,1.698209e-03,2.571489e-03,2.552831e-03,9.523812e-04,5.045657e-01,4.809065e-04,2.924164e-01
1.859424e-02,5.276566e-04,1.280456e-03,4.964202e-04,1.798147e-03,9.147155e-03,6.978887e-02,3.606009e-02,1.248779e-03,1.875676e-03,1.925056e-03,8.532809e-04,5.080196e-01,3.647390e-04,3.480199e-01
1.306032e-02,4.204176e-04,9.027465e-04,3.511344e-04,1.357674e-03,7.047016e-03,4.897244e-02,2.525011e-02,1.094634e-03,1.469802e-03,1.444906e-03,8.735295e-04,5.684745e-01,2.796547e-04,3.290012e-01
9.187258e-03,3.453014e-04,6.434282e-04,2.653949e-04,1.113660e-03,1.493483e-02,3.568351e-02,1.771778e-02,1.247765e-03,1.255240e-03,1.136194e-03,1.353273e-03,6.417605e-01,2.102263e-04,2.731457e-01
6.570820e-03,4.976752e-04,5.193619e-04,4.153973e-04,2.697398e-03,2.784234e-02,2.688129e-02,1.295923e-02,4.323999e-03,1.515318e-03,1.043797e-03,1.948469e-03,6.578401e-01,1.767537e-04,2.547681e-01
4.809468e-03,5.074869e-04,8.816539e-04,1.249564e-03,8.066930e-03,3.051877e-02,3.258383e-02,2.619019e-02,4.933758e-03,3.331451e-03,1.982656e-03,3.060987e-03,5.760601e-01,1.516012e-04,3.056716e-01
4.935102e-03,1.485686e-03,3.014433e-03,8.857842e-03,7.649495e-02,2.647355e-02,2.430394e-02,2.725916e-02,2.156265e-02,3.191768e-03,3.027507e-03,3.871880e-03,5.219582e-01,1.527861e-04,2.734106e-01
1.653440e-02,3.096405e-03,7.054839e-03,1.729579e-02,1.958703e-01,3.750914e-02,5.108821e-02,2.263620e-02,2.497194e-02,2.822121e-03,2.766078e-03,2.938105e-03,3.918812e-01,1.272931e-04,2.234079e-01
3.007068e-02,3.731155e-03,8.390690e-03,1.815649e-02,2.475544e-01,5.634803e-02,9.079845e-02,1.711497e-02,2.820208e-02,2.430028e-03,2.694050e-03,2.493816e-03,3.137175e-01,1.244587e-04,1.781732e-01
3.825790e-02,6.502825e-03,7.929615e-03,1.483316e-02,2.451193e-01,8.549175e-02,9.862889e-02,1.254780e-02,2.325127e-02,2.065218e-03,2.540134e-03,2.083345e-03,3.289124e-01,2.595947e-04,1.315768e-01
3.838938e-02,8.785406e-03,6.926560e-03,1.335179e-02,2.290791e-01,1.445118e-01,7.957163e-02,9.146905e-03,1.868645e-02,1.526439e-03,2.807408e-03,1.867454e-03,3.506293e-01,3.027247e-04,9.441756e-02
4.026283e-02,1.011205e-02,5.600380e-03,1.130416e-02,1.887969e-01,1.712158e-01,6.041925e-02,6.612842e-03,1.378089e-02,1.121482e-03,2.592857e-03,1.976792e-03,4.187294e-01,3.448330e-04,6.712955e-02
3.925192e-02,9.498420e-03,4.251690e-03,8.749785e-03,1.375817e-01,1.298875e-01,4.308689e-02,4.766611e-03,1.021119e-02,8.424728e-04,2.167886e-03,1.927756e-03,5.598891e-01,3.455280e-04,4.754163e-02
3.817081e-02,8.441083e-03,3.269887e-03,6.754481e-03,9.933999e-02,9.652542e-02,3.076050e-02,3.474199e-03,7.543571e-03,6.372222e-04,1.942932e-03,2.000086e-03,6.670260e-01,3.980286e-04,3.371570e-02
5.451042e-02,8.743303e-03,3.209015e-03,8.613901e-03,7.380914e-02,7.870272e-02,2.234264e-02,2.721901e-03,5.848374e-03,5.495089e-04,2.193245e-03,3.186307e-03,7.082615e-01,1.280520e-03,2.602749e-02
8.975869e-02,1.451581e-02,7.149289e-03,1.370714e-02,6.265381e-02,7.061376e-02,1.778201e-02,3.458444e-03,5.354291e-03,5.643403e-04,4.504848e-03,6.670954e-03,6.799867e-01,2.816836e-03,2.046303e-02
1.221806e-01,1.971081e-02,1.049615e-02,5.331511e-02,4.861208e-02,6.244532e-02,1.299816e-02,3.805739e-03,5.449524e-03,1.053413e-03,1.005785e-02,5.095042e-02,5.746078e-01,4.490479e-03,1.982649e-02
1.892713e-01,1.651287e-02,1.491911e-02,3.949513e-02,3.632464e-02,5.501544e-02,9.582432e-03,7.098523e-03,4.584126e-03,1.136647e-03,8.894654e-03,4.354891e-02,5.518357e-01,4.583692e-03,1.719686e-02
2.561927e-01,1.344565e-02,1.393373e-02,2.928118e-02,2.684621e-02,4.746098e-02,7.202999e-03,6.918009e-03,3.891358e-03,1.228392e-03,7.938284e-03,3.441809e-02,5.317133e-01,4.657927e-03,1.487121e-02
3.577574e-01,1.123932e-02,1.542829e-02,2.316480e-02,2.172998e-02,4.236754e-02,5.907624e-03,6.213665e-03,3.773818e-03,1.575654e-03,7.854876e-03,3.516637e-02,4.506496e-01,4.442744e-03,1.272834e-02
4.736670e-01,9.237415e-03,1.320232e-02,2.052339e-02,1.806176e-02,3.917208e-02,5.199722e-03,6.797826e-03,4.008246e-03,1.890453e-03,7.283608e-03,3.152670e-02,3.532293e-01,3.831874e-03,1.236838e-02
1.000000e+00,0.000000e+00,0.000000e+00,0.000000e+00,0.000000e+00,0.000000e+00,0.000000e+00,0.000000e+00,0.000000e+00,0.000000e+00,0.000000e+00,0.000000e+00,0.000000e+00,0.000000e+00,0.000000e+00
1.000000e+00,0.000000e+00,0.000000e+00,0.000000e+00,0.000000e+00,0.000000e+00,0.000000e+00,0.000000e+00,0.000000e+00,0.000000e+00,0.000000e+00,0.000000e+00,0.000000e+00,0.000000e+00,0.000000e+00
1.000000e+00,0.000000e+00,0.000000e+00,0.000000e+00,0.000000e+00,0.000000e+00,0.000000e+00,0.000000e+00,0.000000e+00,0.000000e+00,0.000000e+00,0.000000e+00,0.000000e+00,0.000000e+00,0.000000e+00
