1.000000e+00,0.000000e+00,0.000000e+00,0.000000e+00,0.000000e+00,0.000000e+00,0.000000e+00,0.000000e+00,0.000000e+00,0.000000e+00,0.000000e+00,0.000000e+00,0.000000e+00,0.000000e+00,0.000000e+00
1.000000e+00,0.000000e+00,0.000000e+00,0.000000e+00,0.000000e+00,0.000000e+00,0.000000e+00,0.000000e+00,0.000000e+00,0.000000e+00,0.000000e+00,0.000000e+00,0.000000e+00,0.000000e+00,0.000000e+00
1.000000e+00,0.000000e+00,0.000000e+00,0.000000e+00,0.000000e+00,0.000000e+00,0.000000e+00,0.000000e+00,0.000000e+00,0.000000e+00,0.000000e+00,0.000000e+00,0.000000e+00,0.000000e+00,0.000000e+00
1.000000e+00,0.000000e+00,0.000000e+00,0.000000e+00,0.000000e+00,0.000000e+00,0.000000e+00,0.000000e+00,0.000000e+00,0.000000e+00,0.000000e+00,0.000000e+00,0.000000e+00,0.000000e+00,0.000000e+00
1.000000e+00,0.000000e+00,0.000000e+00,0.000000e+00,0.000000e+00,0.000000e+00,0.000000e+00,0.000000e+00,0.000000e+00,0.000000e+00,0.000000e+00,0.000000e+00,0.000000e+00,0.000000e+00,0.000000e+00
1.000000e+00,0.000000e+00,0.000000e+00,0.000000e+00,0.000000e+00,0.000000e+00,0.000000e+00,0.000000e+00,0.000000e+00,0.000000e+00,0.000000e+00,0.000000e+00,0.000000e+00,0.000000e+00,0.000000e+00
1.000000e+00,0.000000e+00,0.000000e+00,0.000000e+00,0.000000e+00,0.000000e+00,0.000000e+00,0.000000e+00,0.000000e+00,0.000000e+00,0.000000e+00,0.000000e+00,0.000000e+00,0.000000e+00,0.000000e+00
1.000000e+00,0.000000e+00,0.000000e+00,0.000000e+00,0.000000e+00,0.000000e+00,0.000000e+00,0.000000e+00,0.000000e+00,0.000000e+00,0.000000e+00,0.000000e+00,0.000000e+00,0.000000e+00,0.000000e+00
1.000000e+00,0.000000e+00,0.000000e+00,0.000000e+00,0.000000e+00,0.000000e+00,0.000000e+00,0.000000e+00,0.000000e+00,0.000000e+00,0.000000e+00,0.000000e+00,0.000000e+00,0.000000e+00,0.000000e+00
1.000000e+00,0.000000e+00,0.000000e+00,0.000000e+00,0.000000e+00,0.000000e+00,0.000000e+00,0.000000e+00,0.000000e+00,0.000000e+00,0.000000e+00,0.000000e+00,0.000000e+00,0.000000e+00,0.000000e+00
1.000000e+00,0.000000e+00,0.000000e+00,0.000000e+00,0.000000e+00,0.000000e+00,0.000000e+00,0.000000e+00,0.000000e+00,0.000000e+00,0.000000e+00,0.000000e+00,0.000000e+00,0.000000e+00,0.000000e+00
1.000000e+00,0.000000e+00,0.000000e+00,0.000000e+00,0.000000e+00,0.000000e+00,0.000000e+00,0.000000e+00,0.000000e+00,0.000000e+00,0.000000e+00,0.000000e+00,0.000000e+00,0.000000e+00,0.000000e+00
1.000000e+00,0.000000e+00,0.000000e+00,0.000000e+00,0.000000e+00,0.000000e+00,0.000000e+00,0.000000e+00,0.000000e+00,0.000000e+00,0.000000e+00,0.000000e+00,0.000000e+00,0.000000e+00,0.000000e+00
1.000000e+00,0.000000e+00,0.000000e+00,0.000000e+00,0.000000e+00,0.000000e+00,0.000000e+00,0.000000e+00,0.000000e+00,0.000000e+00,0.000000e+00,0.000000e+00,0.000000e+00,0.000000e+00,0.000000e+00
1.000000e+00,0.000000e+00,0.000000e+00,0.000000e+00,0.000000e+00,0.000000e+00,0.000000e+00,0.000000e+00,0.000000e+00,0.000000e+00,0.000000e+00,0.000000e+00,0.000000e+00,0.000000e+00,0.000000e+00
1.000000e+00,0.000000e+00,0.000000e+00,0.000000e+00,0.000000e+00,0.000000e+00,0.000000e+00,0.000000e+00,0.000000e+00,0.000000e+00,0.000000e+00,0.000000e+00,0.000000e+00,0.000000e+00,0.000000e+00
1.000000e+00,0.000000e+00,0.000000e+00,0.000000e+00,0.000000e+00,0.000000e+00,0.000000e+00,0.000000e+00,0.000000e+00,0.000000e+00,0.000000e+00,0.000000e+00,0.000000e+00,0.000000e+00,0.000000e+00
1.000000e+00,0.000000e+00,0.000000e+00,0.000000e+00,0.000000e+00,0.000000e+00,0.000000e+00,0.000000e+00,0.000000e+00,0.000000e+00,0.000000e+00,0.000000e+00,0.000000e+00,0.000000e+00,0.000000e+00
4.863222e-01,1.946403e-02,2.034191e-02,1.100942e-01,1.326034e-02,2.785589e-02,1.045442e-02,5.296012e-02,1.756703e-02,2.104008e-03,2.155809e-02,1.592632e-01,4.137150e-02,2.251001e-03,1.513205e-02
1.000000e+00,0.000000e+00,0.000000e+00,0.000000e+00,0.000000e+00,0.000000e+00,0.000000e+00,0.000000e+00,0.000000e+00,0.000000e+00,0.000000e+00,0.000000e+00,0.000000e+00,0.000000e+00,0.000000e+00
4.475121e-01,2.798014e-02,2.162116e-02,1.321905e-01,1.837826e-02,2.639208e-02,9.873501e-03,4.856693e-02,1.919590e-02,3.434420e-03,2.681377e-02,1.579985e-01,3.636418e-02,3.215219e-03,2.046338e-02
3.625465e-01,2.842680e-02,5.583102e-02,1.770421e-01,1.829227e-02,2.420001e-02,8.713440e-03,5.533773e-02,2.067290e-02,3.894743e-03,2.702318e-02,1.565266e-01,3.394730e-02,3.262065e-03,2.428335e-02
4.204249e-01,3.099260e-02,4.472807e-02,1.547094e-01,1.887683e-02,2.391215e-02,8.942300e-03,4.509164e-02,2.055975e-02,4.160626e-03,2.634862e-02,1.358044e-01,3.306786e-02,4.102144e-03,2.827866e-02
1.000000e+00,0.000000e+00,0.000000e+00,0.000000e+00,0.000000e+00,0.000000e+00,0.000000e+00,0.000000e+00,0.000000e+00,0.000000e+00,0.000000e+00,0.000000e+00,0.000000e+00,0.000000e+00,0.000000e+00
1.000000e+00,0.000000e+00,0.000000e+00,0.000000e+00,0.000000e+00,0.000000e+00,0.000000e+00,0.000000e+00,0.000000e+00,0.000000e+00,0.000000e+00,0.000000e+00,0.000000e+00,0.000000e+00,0.000000e+00
1.000000e+00,0.000000e+00,0.000000e+00,0.000000e+00,0.000000e+00,0.000000e+00,0.000000e+00,0.000000e+00,0.000000e+00,0.000000e+00,0.000000e+00,0.000000e+00,0.000000e+00,0.000000e+00,0.000000e+00
1.000000e+00,0.000000e+00,0.000000e+00,0.000000e+00,0.000000e+00,0.000000e+00,0.000000e+00,0.000000e+00,0.000000e+00,0.000000e+00,0.000000e+00,0.000000e+00,0.000000e+00,0.000000e+00,0.000000e+00
1.000000e+00,0.000000e+00,0.000000e+00,0.000000e+00,0.000000e+00,0.000000e+00,0.000000e+00,0.000000e+00,0.000000e+00,0.000000e+00,0.000000e+00,0.000000e+00,0.000000e+00,0.000000e+00,0.000000e+00
1.000000e+00,0.000000e+00,0.000000e+00,0.000000e+00,0.000000e+00,0.000000e+00,0.000000e+00,0.000000e+00,0.000000e+00,0.000000e+00,0.000000e+00,0.000000e+00,0.000000e+00,0.000000e+00,0.000000e+00
1.000000e+00,0.000000e+00,0.000000e+00,0.000000e+00,0.000000e+00,0.000000e+00,0.000000e+00,0.000000e+00,0.000000e+00,0.000000e+00,0.000000e+00,0.000000e+00,0.000000e+00,0.000000e+00,0.000000e+00
1.000000e+00,0.000000e+00,0.000000e+00,0.000000e+00,0.000000e+00,0.000000e+00,0.000000e+00,0.000000e+00,0.000000e+00,0.000000e+00,0.000000e+00,0.000000e+00,0.000000e+00,0.000000e+00,0.000000e+00
1.000000e+00,0.000000e+00,0.000000e+00,0.000000e+00,0.000000e+00,0.000000e+00,0.000000e+00,0.000000e+00,0.000000e+00,0.000000e+00,0.000000e+00,0.000000e+00,0.000000e+00,0.000000e+00,0.000000e+00
1.000000e+00,0.000000e+00,0.000000e+00,0.000000e+00,0.000000e+00,0.000000e+00,0.000000e+00,0.000000e+00,0.000000e+00,0.000000e+00,0.000000e+00,0.000000e+00,0.000000e+00,0.000000e+00,0.000000e+00
1.000000e+00,0.000000e+00,0.000000e+00,0.000000e+00,0.000000e+00,0.000000e+00,0.000000e+00,0.000000e+00,0.000000e+00,0.000000e+00,0.000000e+00,0.000000e+00,0.000000e+00,0.000000e+00,0.000000e+00
1.000000e+00,0.000000e+00,0.000000e+00,0.000000e+00,0.000000e+00,0.000000e+00,0.000000e+00,0.000000e+00,0.000000e+00,0.000000e+00,0.000000e+00,0.000000e+00,0.000000e+00,0.000000e+00,0.000000e+00
1.000000e+00,0.000000e+00,0.000000e+00,0.000000e+00,0.000000e+00,0.000000e+00,0.000000e+00,0.000000e+00,0.000000e+00,0.000000e+00,0.000000e+00,0.000000e+00,0.000000e+00,0.000000e+00,0.000000e+00
1.000000e+00,0.000000e+00,0.000000e+00,0.000000e+00,0.000000e+00,0.000000e+00,0.000000e+00,0.000000e+00,0.000000e+00,0.000000e+00,0.000000e+00,0.000000e+00,0.000000e+00,0.000000e+00,0.000000e+00
1.000000e+00,0.000000e+00,0.000000e+00,0.000000e+00,0.000000e+00,0.000000e+00,0.000000e+00,0.000000e+00,0.000000e+00,0.000000e+00,0.000000e+00,0.000000e+00,0.000000e+00,0.000000e+00,0.000000e+00
1.000000e+00,0.000000e+00,0.000000e+00,0.000000e+00,0.000000e+00,0.000000e+00,0.000000e+00,0.000000e+00,0.000000e+00,0.000000e+00,0.000000e+00,0.000000e+00,0.000000e+00,0.000000e+00,0.000000e+00
1.000000e+00,0.000000e+00,0.000000e+00,0.000000e+00,0.000000e+00,0.000000e+00,0.000000e+00,0.000000e+00,0.000000e+00,0.000000e+00,0.000000e+00,0.000000e+00,0.000000e+00,0.000000e+00,0.000000e+00
1.000000e+00,0.000000e+00,0.000000e+00,0.000000e+00,0.000000e+00,0.000000e+00,0.000000e+00,0.000000e+00,0.000000e+00,0.000000e+00,0.000000e+00,0.000000e+00,0.000000e+00,0.000000e+00,0.000000e+00
1.000000e+00,0.000000e+00,0.000000e+00,0.000000e+00,0.000000e+00,0.000000e+00,0.000000e+00,0.000000e+00,0.000000e+00,0.000000e+00,0.000000e+00,0.000000e+00,0.000000e+00,0.000000e+00,0.000000e+00
1.000000e+00,0.000000e+00,0.000000e+00,0.000000e+00,0.000000e+00,0.000000e+00,0.000000e+00,0.000000e+00,0.000000e+00,0.000000e+00,0.000000e+00,0.000000e+00,0.000000e+00,0.000000e+00,0.000000e+00
1.000000e+00,0.000000e+00,0.000000e+00,0.000000e+00,0.000000e+00,0.000000e+00,0.000000e+00,0.000000e+00,0.000000e+00,0.000000e+00,0.000000e+00,0.000000e+00,0.000000e+00,0.000000e+00,0.000000e+00
1.000000e+00,0.000000e+00,0.000000e+00,0.000000e+00,0.000000e+00,0.000000e+00,0.000000e+00,0.000000e+00,0.000000e+00,0.000000e+00,0.000000e+00,0.000000e+00,0.000000e+00,0.000000e+00,0.000000e+00
1.000000e+00,0.000000e+00,0.000000e+00,0.000000e+00,0.000000e+00,0.000000e+00,0.000000e+00,0.000000e+00,0.000000e+00,0.000000e+00,0.000000e+00,0.000000e+00,0.000000e+00,0.000000e+00,0.000000e+00
1.000000e+00,0.000000e+00,0.000000e+00,0.000000e+00,0.000000e+00,0.000000e+00,0.000000e+00,0.000000e+00,0.000000e+00,0.000000e+00,0.000000e+00,0.000000e+00,0.000000e+00,0.000000e+00,0.000000e+00
3.977506e-01,2.446973e-02,5.763340e-02,7.962102e-02,1.377536e-02,2.157997e-01,4.544454e-02,1.954154e-02,8.576602e-03,2.098681e-03,1.700567e-02,7.241796e-02,2.230137e-02,3.014562e-03,2.054925e-02
2.811766e-01,1.818693e-02,4.694024e-02,5.791992e-02,1.341377e-02,1.846687e-01,2.753089e-01,1.715137e-02,6.080743e-03,1.818835e-03,1.206947e-02,5.103657e-02,1.739950e-02,2.159859e-03,1.466857e-02
2.052773e-01,1.323511e-02,3.799615e-02,4.166770e-02,1.121227e-02,1.389105e-01,4.227176e-01,5.367891e-02,4.369144e-03,1.420947e-03,8.620398e-03,3.604117e-02,1.277089e-02,1.649919e-03,1.043198e-02
1.489550e-01,9.463902e-03,3.031684e-02,2.974374e-02,8.441089e-03,9.915374e-02,5.526001e-01,6.771834e-02,3.091378e-03,1.034828e-03,6.109464e-03,2.543673e-02,9.292161e-03,1.224709e-03,7.417962e-03
1.123912e-01,7.129108e-03,3.805149e-02,2.487402e-02,6.500788e-03,7.085691e-02,5.249918e-01,1.759661e-01,2.248615e-03,8.287383e-04,4.426138e-03,1.817107e-02,7.192385e-03,9.744419e-04,5.397167e-03
9.394323e-02,5.472681e-03,4.042296e-02,2.181537e-02,5.397468e-03,5.089502e-02,4.262913e-01,3.268170e-01,1.716954e-03,6.587532e-04,3.319968e-03,1.300424e-02,5.466126e-03,8.184703e-04,3.960429e-03
9.732251e-02,4.988082e-03,4.354591e-02,1.902018e-02,5.567095e-03,4.067698e-02,4.260286e-01,3.376668e-01,1.762727e-03,7.158052e-04,2.930214e-03,9.760289e-03,5.887506e-03,7.494350e-04,3.377825e-03
1.858497e-01,5.974048e-03,3.906286e-02,1.863983e-02,6.903010e-03,3.954290e-02,3.437639e-01,3.110787e-01,5.597786e-03,1.276106e-03,4.955150e-03,1.545392e-02,1.615127e-02,1.108355e-03,4.642377e-03
3.095950e-01,7.326350e-03,3.588606e-02,3.733859e-02,1.147467e-02,3.494798e-02,2.450094e-01,2.526665e-01,6.558544e-03,1.837589e-03,6.058557e-03,2.480710e-02,1.838072e-02,1.227979e-03,6.884850e-03
4.271608e-01,6.931420e-03,3.197801e-02,3.887750e-02,1.410076e-02,3.086901e-02,1.750345e-01,2.039196e-01,6.309741e-03,2.058911e-03,6.177498e-03,2.828954e-02,1.966058e-02,1.287229e-03,7.344862e-03
1.000000e+00,0.000000e+00,0.000000e+00,0.000000e+00,0.000000e+00,0.000000e+00,0.000000e+00,0.000000e+00,0.000000e+00,0.000000e+00,0.000000e+00,0.000000e+00,0.000000e+00,0.000000e+00,0.000000e+00
1.000000e+00,0.000000e+00,0.000000e+00,0.000000e+00,0.000000e+00,0.000000e+00,0.000000e+00,0.000000e+00,0.000000e+00,0.000000e+00,0.000000e+00,0.000000e+00,0.000000e+00,0.000000e+00,0.000000e+00
1.000000e+00,0.000000e+00,0.000000e+00,0.000000e+00,0.000000e+00,0.000000e+00,0.000000e+00,0.000000e+00,0.000000e+00,0.000000e+00,0.000000e+00,0.000000e+00,0.000000e+00,0.000000e+00,0.000000e+00
1.000000e+00,0.000000e+00,0.000000e+00,0.000000e+00,0.000000e+00,0.000000e+00,0.000000e+00,0.000000e+00,0.000000e+00,0.000000e+00,0.000000e+00,0.000000e+00,0.000000e+00,0.000000e+00,0.000000e+00
4.832241e-01,8.531696e-03,7.635562e-02,3.953169e-02,3.006117e-02,2.546385e-02,3.916885e-02,2.380469e-01,3.873346e-03,1.744884e-03,5.328847e-03,2.648447e-02,1.448517e-02,1.249677e-03,6.449803e-03
4.207298e-01,6.793303e-03,7.659312e-02,3.218758e-02,3.506771e-02,2.490477e-02,6.543475e-02,2.909425e-01,2.978466e-03,1.621008e-03,4.019543e-03,2.054384e-02,1.181396e-02,1.016394e-03,5.353386e-03
3.444030e-01,8.861351e-03,1.525422e-01,4.093041e-02,3.367402e-02,2.972006e-02,5.138736e-02,2.784208e-01,2.938215e-03,5.887166e-03,4.918844e-03,2.526052e-02,1.283419e-02,1.514027e-03,6.707797e-03
2.455700e-01,6.652193e-03,1.337399e-01,3.183398e-02,2.385674e-02,2.183493e-02,7.903160e-02,2.043383e-01,2.590575e-03,1.157256e-01,1.235745e-02,6.312706e-02,4.866786e-02,3.235294e-03,7.438567e-03
1.722878e-01,4.749447e-03,9.570508e-02,2.472854e-02,1.700157e-02,1.601341e-02,1.082637e-01,1.450892e-01,2.078783e-03,1.030395e-01,1.846384e-02,2.455365e-01,3.812845e-02,3.459567e-03,5.454588e-03
1.209722e-01,3.415710e-03,6.796070e-02,2.044358e-02,1.328161e-02,1.344725e-02,1.432598e-01,1.052089e-01,1.864634e-03,1.290782e-01,3.595192e-02,3.096465e-01,2.832033e-02,3.156245e-03,3.992413e-03
8.473452e-02,2.420862e-03,4.764245e-02,1.468653e-02,9.846648e-03,9.931542e-03,1.095956e-01,7.371201e-02,1.385723e-03,1.010398e-01,8.271435e-02,4.352236e-01,2.056950e-02,3.640146e-03,2.856720e-03
5.939780e-02,1.729408e-03,3.340533e-02,1.084084e-02,7.352634e-03,7.691135e-03,7.968169e-02,5.172031e-02,1.022347e-03,7.972742e-02,1.066422e-01,5.402698e-01,1.537255e-02,3.110046e-03,2.036446e-03
4.161762e-02,1.227630e-03,2.341267e-02,8.038805e-03,5.954485e-03,6.639533e-03,5.807944e-02,3.671274e-02,8.741426e-04,5.627733e-02,1.468945e-01,5.984418e-01,1.119906e-02,3.173096e-03,1.457211e-03
2.914056e-02,9.834509e-04,1.679724e-02,5.853575e-03,5.350281e-03,6.262577e-03,4.099975e-02,2.579696e-02,1.009393e-03,3.962890e-02,2.054202e-01,6.104655e-01,8.058163e-03,3.150164e-03,1.083220e-03
2.041095e-02,1.129303e-03,1.257998e-02,4.221609e-03,5.253693e-03,5.255159e-03,2.902038e-02,1.830962e-02,1.251559e-03,2.808736e-02,2.445136e-01,6.202086e-01,5.776655e-03,3.080388e-03,9.011499e-04
1.429336e-02,8.585973e-04,8.873963e-03,2.978370e-03,4.176189e-03,3.805895e-03,2.037995e-02,1.291408e-02,1.655909e-03,1.976254e-02,3.813385e-01,5.205415e-01,4.082532e-03,3.674335e-03,6.642037e-04
1.002372e-02,6.790904e-04,6.513040e-03,2.118923e-03,3.741087e-03,2.967624e-03,1.429964e-02,9.073962e-03,2.335978e-03,1.420932e-02,4.286035e-01,4.970546e-01,2.907776e-03,4.892536e-03,5.791727e-04
7.064977e-03,5.846042e-04,4.670734e-03,1.502177e-03,2.865316e-03,2.821690e-03,1.002000e-02,6.374278e-03,6.061608e-03,1.033037e-02,4.711765e-01,4.497522e-01,2.163535e-03,2.398702e-02,6.249883e-04
5.991050e-03,1.418510e-03,3.678183e-02,1.934892e-03,2.596961e-03,1.974920e-02,7.066538e-03,4.772247e-03,2.780228e-02,8.662341e-03,3.822292e-01,4.768729e-01,1.880627e-03,2.149387e-02,7.475974e-04
4.914085e-03,1.522274e-03,2.673400e-02,1.813103e-03,4.279056e-03,2.017477e-02,4.970453e-03,3.422702e-03,6.609505e-02,7.332693e-03,3.851599e-01,3.822923e-01,1.637830e-03,8.812866e-02,1.523114e-03
3.576613e-03,1.457493e-03,1.888822e-02,1.375608e-03,3.358048e-03,1.727930e-02,3.489547e-03,2.411417e-03,6.874947e-02,6.436048e-03,4.202237e-01,2.845560e-01,1.324713e-03,1.653471e-01,1.526719e-03
2.582259e-03,1.775458e-03,1.361421e-02,1.007566e-03,2.631840e-03,1.380522e-02,2.450674e-03,1.699691e-03,6.004575e-02,6.424116e-03,4.371578e-01,2.132817e-01,1.103644e-03,2.410504e-01,1.369697e-03
2.495121e-03,2.071556e-03,1.289527e-02,9.461271e-04,3.184343e-03,1.451241e-02,1.734275e-03,1.364868e-03,4.891761e-02,8.112598e-03,3.868770e-01,1.613315e-01,9.191902e-04,3.533312e-01,1.306870e-03
1.946589e-03,2.406151e-03,9.906852e-03,6.934756e-04,3.417908e-03,1.085252e-02,1.219792e-03,9.683541e-04,4.037014e-02,9.457959e-03,3.891982e-01,1.213507e-01,6.980237e-04,4.064106e-01,1.102698e-03
1.762922e-03,3.818443e-03,1.196469e-02,6.380210e-04,5.452286e-03,9.368583e-03,8.645263e-04,7.461544e-04,6.717347e-02,1.084917e-02,3.492595e-01,9.180300e-02,5.680699e-04,4.444699e-01,1.261190e-03
2.447601e-03,3.003223e-03,1.868497e-01,3.561162e-03,5.051605e-03,1.092491e-02,1.463544e-03,6.804192e-03,5.202696e-02,1.200682e-02,3.024226e-01,6.821413e-02,6.215060e-04,3.436264e-01,9.755408e-04
3.262459e-03,2.179894e-03,3.687422e-01,7.882850e-03,4.444278e-03,1.004263e-02,1.247070e-03,1.483652e-02,3.773540e-02,1.032743e-02,2.407935e-01,4.881526e-02,6.291342e-04,2.483556e-01,7.057738e-04
5.332141e-03,1.985460e-03,3.863708e-01,1.316747e-02,6.267064e-03,1.691069e-02,1.316831e-03,1.450480e-02,2.837843e-02,1.199775e-02,2.835925e-01,3.489501e-02,6.670686e-04,1.938529e-01,7.611886e-04
1.289117e-02,1.540681e-03,3.099941e-01,1.434172e-02,5.105361e-03,8.070221e-02,1.379742e-03,1.942538e-02,2.223091e-02,1.800701e-02,3.171639e-01,2.517319e-02,7.318988e-04,1.701200e-01,1.192731e-03
1.355474e-02,1.127873e-03,2.236753e-01,1.066523e-02,3.988847e-03,3.068079e-01,1.285395e-03,1.560269e-02,1.620207e-02,1.387100e-02,2.467809e-01,1.822152e-02,5.697340e-04,1.265693e-01,1.077644e-03
2.571115e-02,8.755589e-04,1.596389e-01,8.136825e-03,3.182659e-03,3.883963e-01,1.436135e-03,1.355722e-02,1.354296e-02,1.018694e-02,2.533163e-01,1.514248e-02,6.645894e-04,1.052146e-01,9.974508e-04
2.725596e-02,6.864960e-04,1.135365e-01,6.160509e-03,2.490003e-03,4.940902e-01,1.907398e-03,1.075939e-02,1.111373e-02,7.277200e-03,2.241354e-01,1.543646e-02,6.610875e-04,8.362166e-02,8.680347e-04
2.037299e-02,5.088422e-04,7.961863e-02,4.335615e-03,1.771052e-03,6.379215e-01,1.384916e-03,7.604028e-03,7.848887e-03,5.109153e-03,1.611926e-01,1.224531e-02,5.447943e-04,5.888798e-02,6.537467e-04
1.627737e-02,4.168415e-04,5.586688e-02,3.070003e-03,1.278475e-03,7.241638e-01,1.023365e-03,5.426691e-03,5.660594e-03,3.613396e-03,1.252864e-01,1.528681e-02,5.183730e-04,4.149630e-02,6.147213e-04
1.902121e-02,8.607354e-04,4.048542e-02,2.690591e-03,1.220585e-03,6.388399e-01,9.277173e-04,6.939740e-03,4.775776e-03,2.789637e-03,1.917516e-01,5.764174e-02,6.932375e-04,3.028648e-02,1.075609e-03
1.572620e-02,1.010383e-03,2.943816e-02,2.024830e-03,1.308272e-03,5.440475e-01,1.119157e-03,5.277744e-03,3.737178e-03,2.225970e-03,2.818643e-01,8.683572e-02,1.304691e-03,2.268457e-02,1.395245e-03
1.568197e-02,1.719110e-03,2.269527e-02,1.646926e-03,1.964026e-03,5.184367e-01,1.876940e-03,4.177985e-03,3.768947e-03,1.927055e-03,2.766587e-01,1.289038e-01,1.950599e-03,1.663160e-02,1.960254e-03
1.145720e-02,1.834752e-03,1.665021e-02,1.208632e-03,1.498532e-03,5.317066e-01,1.543027e-03,3.026715e-03,2.939416e-03,1.442438e-03,2.222541e-01,1.889434e-01,1.589753e-03,1.187585e-02,2.029262e-03
8.554369e-03,2.502280e-03,1.449338e-02,1.338126e-03,5.230585e-03,3.862681e-01,2.069704e-03,4.876331e-03,5.276359e-03,1.186802e-03,1.654211e-01,3.910518e-01,1.352612e-03,8.610299e-03,1.768093e-03
6.984281e-03,2.457745e-03,1.170257e-02,1.307790e-03,4.821391e-03,3.128025e-01,2.099839e-03,4.275479e-03,4.550852e-03,9.943830e-04,1.327346e-01,5.061458e-01,1.085288e-03,6.489283e-03,1.548199e-03
5.070771e-03,1.779720e-03,8.391595e-03,9.338009e-04,3.499341e-03,3.068761e-01,1.636466e-03,3.049606e-03,3.222140e-03,7.319040e-04,9.957878e-02,5.586284e-01,7.932439e-04,4.662945e-03,1.145202e-03
3.634262e-03,1.271621e-03,5.967190e-03,6.608411e-04,2.545042e-03,2.899101e-01,1.272623e-03,2.150329e-03,2.271932e-03,5.286433e-04,7.629605e-02,6.087433e-01,5.863099e-04,3.332532e-03,8.292988e-04
2.563852e-03,1.085446e-03,5.351424e-03,4.730836e-04,2.808959e-03,2.094273e-01,9.355595e-04,1.519445e-03,1.612317e-03,3.902744e-04,6.202834e-02,7.083701e-01,4.198728e-04,2.373639e-03,6.404273e-04
1.807164e-03,1.119336e-03,6.932368e-03,3.394500e-04,5.678745e-03,1.484346e-01,7.639931e-04,1.082148e-03,1.163776e-03,3.237347e-04,4.620675e-02,7.836536e-01,3.093270e-04,1.691416e-03,4.935078e-04
1.294233e-03,1.884043e-03,1.266811e-02,2.472840e-04,1.628936e-02,1.050969e-01,8.295685e-04,9.099869e-04,8.547702e-04,2.642850e-04,3.302363e-02,8.248074e-01,2.429364e-04,1.227075e-03,3.603575e-04
9.586959e-04,1.433661e-03,9.983107e-03,1.762091e-04,1.317240e-02,7.569705e-02,6.291087e-04,6.752720e-04,6.323032e-04,2.661680e-04,2.610842e-02,8.689014e-01,1.951295e-04,9.046723e-04,2.663611e-04
7.022606e-04,1.034045e-03,7.341718e-03,1.252522e-04,1.022113e-02,5.465004e-02,4.554091e-04,4.964192e-04,4.804916e-04,3.368511e-04,1.983691e-02,9.032932e-01,1.700442e-04,6.666890e-04,1.895030e-04
5.072723e-04,9.538030e-04,1.702657e-02,9.358198e-05,1.615765e-02,4.026359e-02,3.352745e-04,4.772503e-04,4.772209e-04,2.627965e-04,1.547719e-02,9.071617e-01,1.328578e-04,5.186349e-04,1.545956e-04
4.108713e-04,1.226663e-03,5.213331e-02,7.766057e-05,1.699398e-02,2.932021e-02,2.511015e-04,7.103290e-04,5.164871e-04,3.078416e-04,7.238293e-02,8.220420e-01,1.146176e-04,3.021155e-03,4.907820e-04
3.269512e-04,2.317260e-03,2.651421e-01,7.440541e-05,1.444901e-02,2.140020e-02,2.038834e-04,9.832222e-04,5.946141e-04,3.035041e-04,5.245175e-02,6.389678e-01,9.952358e-05,2.227213e-03,4.585802e-04
6.491945e-04,2.656123e-03,3.450112e-01,6.693903e-04,1.096548e-02,2.514308e-02,4.087289e-04,5.584247e-03,7.913930e-04,1.464144e-03,4.730985e-02,5.569814e-01,1.212796e-04,1.758157e-03,4.863204e-04
8.667146e-04,3.446273e-03,4.671248e-01,8.542537e-04,9.621006e-03,2.130757e-02,4.092258e-04,5.455865e-03,1.002032e-03,2.015199e-03,4.714260e-02,4.380018e-01,1.219489e-04,1.639720e-03,9.909793e-04
1.933614e-03,6.377410e-03,5.737720e-01,9.266859e-04,8.270248e-03,2.463279e-02,3.937717e-04,5.997851e-03,2.615741e-03,3.443039e-03,4.682621e-02,3.191957e-01,2.108111e-04,1.503272e-03,3.900969e-03
6.199188e-03,5.004290e-02,6.123150e-01,1.807182e-03,1.840917e-02,2.103754e-02,7.585402e-04,8.279006e-03,5.114624e-03,5.226007e-03,3.785137e-02,2.246075e-01,3.442889e-04,3.718255e-03,4.289447e-03
9.049878e-03,4.396612e-02,6.781558e-01,5.784031e-03,2.457858e-02,1.591222e-02,8.932502e-04,1.830382e-02,5.582704e-03,5.149894e-03,2.761838e-02,1.583841e-01,4.133848e-04,2.954039e-03,3.253760e-03
1.767952e-02,3.519102e-02,6.402620e-01,4.357249e-02,3.943604e-02,1.575619e-02,7.631452e-04,1.822998e-02,1.940951e-02,1.483637e-02,2.209811e-02,1.147852e-01,1.087670e-03,2.496389e-03,1.439635e-02
2.077062e-02,3.302334e-02,5.345994e-01,3.747513e-02,9.938254e-02,1.426902e-02,1.057266e-03,1.456400e-02,1.114265e-01,1.338155e-02,2.087285e-02,8.299191e-02,1.118688e-03,2.198169e-03,1.286896e-02
2.472249e-02,3.348922e-02,4.445454e-01,1.735467e-01,9.096827e-02,1.186848e-02,1.034181e-03,1.193202e-02,9.465353e-02,1.236902e-02,1.909263e-02,5.915519e-02,1.265226e-03,2.024428e-03,1.933320e-02
5.125149e-02,3.779248e-02,3.669073e-01,1.904170e-01,1.097715e-01,2.187537e-02,1.774138e-03,8.859920e-03,7.844140e-02,1.411825e-02,2.024768e-02,4.377072e-02,2.661815e-03,4.396243e-03,4.771465e-02
4.987556e-02,3.580962e-02,3.248669e-01,2.826488e-01,1.129747e-01,2.416729e-02,2.886916e-03,7.104862e-03,5.649992e-02,1.133405e-02,1.641101e-02,3.177526e-02,2.599280e-03,3.505591e-03,3.754035e-02
9.295303e-02,3.492900e-02,2.883756e-01,3.057836e-01,9.110960e-02,2.668241e-02,2.368237e-03,5.658686e-03,5.165473e-02,1.043985e-02,1.571547e-02,2.453786e-02,3.986842e-03,6.821062e-03,3.898416e-02
1.165364e-01,3.301089e-02,2.582352e-01,3.496550e-01,7.709599e-02,2.437187e-02,1.902458e-03,6.847490e-03,4.553635e-02,8.246617e-03,1.404828e-02,1.861794e-02,4.365556e-03,9.069895e-03,3.246010e-02
1.266236e-01,4.231020e-02,3.135242e-01,3.174782e-01,5.731720e-02,2.125465e-02,1.724228e-03,7.418667e-03,3.720842e-02,6.260439e-03,1.108276e-02,1.464959e-02,4.926893e-03,1.189351e-02,2.632745e-02
1.689600e-01,6.295883e-02,3.085612e-01,2.738526e-01,4.214840e-02,2.371330e-02,1.874692e-03,1.036733e-02,2.873650e-02,5.467106e-03,1.131929e-02,1.404655e-02,8.077739e-03,1.447007e-02,2.544637e-02
1.942579e-01,5.224742e-02,2.963423e-01,2.880058e-01,3.249318e-02,2.448834e-02,2.759258e-03,1.503303e-02,2.206089e-02,4.808576e-03,1.007548e-02,1.366693e-02,7.762876e-03,1.434331e-02,2.165464e-02
3.112848e-01,4.111752e-02,2.279280e-01,2.425076e-01,2.590673e-02,2.996013e-02,4.396770e-03,2.076717e-02,1.736023e-02,4.740433e-03,1.033213e-02,1.856365e-02,8.695381e-03,1.415137e-02,2.228807e-02
3.873780e-01,3.294219e-02,1.692730e-01,2.043202e-01,2.329166e-02,3.262940e-02,5.241578e-03,3.034412e-02,1.411154e-02,5.238074e-03,1.216057e-02,3.187614e-02,9.701181e-03,1.531042e-02,2.618191e-02
4.212711e-01,2.794927e-02,1.294329e-01,1.611113e-01,2.250230e-02,3.481767e-02,6.655348e-03,5.979002e-02,1.202895e-02,5.412322e-03,1.256905e-02,4.708733e-02,1.073319e-02,1.632827e-02,3.231101e-02
4.835277e-01,2.320020e-02,9.779853e-02,1.204285e-01,2.028186e-02,3.495967e-02,6.112741e-03,6.310742e-02,1.110064e-02,5.632656e-03,1.291187e-02,5.703531e-02,1.160000e-02,1.591581e-02,3.638715e-02
1.000000e+00,0.000000e+00,0.000000e+00,0.000000e+00,0.000000e+00,0.000000e+00,0.000000e+00,0.000000e+00,0.000000e+00,0.000000e+00,0.000000e+00,0.000000e+00,0.000000e+00,0.000000e+00,0.000000e+00
1.000000e+00,0.000000e+00,0.000000e+00,0.000000e+00,0.000000e+00,0.000000e+00,0.000000e+00,0.000000e+00,0.000000e+00,0.000000e+00,0.000000e+00,0.000000e+00,0.000000e+00,0.000000e+00,0.000000e+00
1.000000e+00,0.000000e+00,0.000000e+00,0.000000e+00,0.000000e+00,0.000000e+00,0.000000e+00,0.000000e+00,0.000000e+00,0.000000e+00,0.000000e+00,0.000000e+00,0.000000e+00,0.000000e+00,0.000000e+00
4.898637e-01,3.343793e-02,4.281228e-02,6.954220e-02,1.799057e-02,3.389436e-02,5.708738e-03,7.062648e-02,1.424463e-02,1.669733e-02,2.811887e-02,7.320800e-02,1.698873e-02,1.660111e-02,7.026508e-02
3.432209e-01,2.541570e-02,3.084502e-02,5.079151e-02,1.284468e-02,2.453486e-02,4.032692e-03,4.952845e-02,8.112694e-02,9.108106e-02,2.112878e-02,5.176423e-02,1.263947e-02,1.362745e-02,1.874182e-01
2.406933e-01,1.802743e-02,2.223359e-02,3.575229e-02,9.155376e-03,1.764967e-02,2.855607e-03,3.471218e-02,7.856204e-02,1.334928e-01,1.552624e-02,3.649453e-02,9.219622e-03,2.632795e-02,3.192973e-01
1.745376e-01,1.597054e-02,2.184841e-02,4.447993e-02,8.179461e-03,1.381181e-02,2.196371e-03,2.482273e-02,1.225799e-01,1.173363e-01,1.344890e-02,2.671943e-02,7.885471e-03,2.403223e-02,3.821509e-01
1.262692e-01,1.187288e-02,1.744120e-02,3.269553e-02,6.280564e-03,1.164049e-02,1.626073e-03,1.753707e-02,1.174107e-01,1.303821e-01,1.082852e-02,1.912351e-02,6.286447e-03,3.303419e-02,4.575716e-01
8.957581e-02,8.702360e-03,1.316118e-02,2.299076e-02,4.534262e-03,8.763894e-03,1.175891e-03,1.230089e-02,1.200999e-01,1.518488e-01,9.340179e-03,1.362633e-02,4.678197e-03,5.870010e-02,4.805015e-01
6.310652e-02,6.271430e-03,9.408569e-03,1.617767e-02,3.218157e-03,6.386623e-03,8.505516e-04,8.664680e-03,1.622347e-01,1.379907e-01,1.457228e-02,1.104970e-02,3.754323e-03,1.471855e-01,4.091286e-01
4.498427e-02,4.813553e-03,6.936601e-03,1.138978e-02,2.338134e-03,4.976588e-03,6.844266e-04,6.108406e-03,1.213395e-01,1.323146e-01,2.170262e-02,8.238877e-03,2.990216e-03,3.295543e-01,3.016282e-01
3.180882e-02,4.429581e-03,5.061623e-03,8.183097e-03,1.864712e-03,3.708428e-03,5.209844e-04,4.293669e-03,1.028729e-01,1.763534e-01,3.508053e-02,6.850859e-03,2.874649e-03,3.810588e-01,2.350380e-01
2.242563e-02,5.098350e-03,3.708444e-03,5.814494e-03,1.566055e-03,3.266278e-03,3.936529e-04,3.023950e-03,8.826323e-02,2.414429e-01,4.378124e-02,5.558412e-03,2.910199e-03,3.899089e-01,1.828383e-01
1.619311e-02,4.388108e-03,2.781078e-03,4.312922e-03,1.387374e-03,2.960978e-03,3.628781e-04,2.160433e-03,1.094362e-01,2.178205e-01,4.841088e-02,4.861606e-03,3.244764e-03,4.308413e-01,1.508379e-01
1.300128e-02,1.101043e-02,4.268613e-02,4.381857e-03,8.845070e-03,3.059887e-03,5.034412e-04,2.136965e-03,1.934292e-01,1.771219e-01,8.190507e-02,3.993083e-03,4.243268e-03,3.386239e-01,1.150585e-01
1.160191e-02,3.849360e-02,4.405295e-02,3.592355e-03,2.836247e-02,3.871196e-03,5.326594e-04,2.181326e-03,3.043671e-01,1.374343e-01,6.534449e-02,2.925189e-03,3.379526e-03,2.561705e-01,9.769046e-02
9.038376e-03,6.903043e-02,4.796144e-02,6.262508e-03,2.412974e-02,3.011260e-03,3.931176e-04,1.680046e-03,3.935019e-01,1.042524e-01,4.691090e-02,2.118946e-03,2.532539e-03,1.813795e-01,1.077970e-01
7.840766e-03,1.358191e-01,4.157890e-02,5.817564e-03,2.827206e-02,3.575095e-03,3.112560e-04,1.481198e-03,4.436230e-01,7.707854e-02,3.434642e-02,1.521803e-03,1.948287e-03,1.288640e-01,8.792196e-02
1.917267e-02,1.589637e-01,3.372236e-02,1.735877e-02,8.103727e-02,5.943868e-03,4.064214e-04,3.170481e-03,4.191587e-01,5.879519e-02,2.661832e-02,1.166083e-03,1.651476e-03,9.241875e-02,8.041589e-02
2.140821e-02,1.718935e-01,3.259378e-02,4.200828e-02,7.974516e-02,4.694215e-03,3.701663e-04,8.394650e-03,4.205943e-01,4.607759e-02,1.960699e-02,9.586956e-04,1.424199e-03,6.525823e-02,8.497193e-02
1.668969e-02,1.422447e-01,2.448860e-02,1.074864e-01,8.958480e-02,3.909376e-03,3.258479e-04,6.519263e-03,4.431406e-01,3.259905e-02,1.835627e-02,1.238026e-03,5.217976e-03,4.577168e-02,6.242765e-02
1.228237e-02,1.333106e-01,2.228576e-02,1.012491e-01,7.519151e-02,4.137121e-03,4.659614e-04,4.911672e-03,4.137498e-01,3.922123e-02,2.872925e-02,4.578195e-03,1.454056e-02,3.820463e-02,1.071423e-01
1.007377e-02,1.004645e-01,1.670054e-02,8.237024e-02,6.721997e-02,4.512919e-03,4.377582e-04,3.708852e-03,3.408013e-01,3.067126e-02,1.645766e-01,6.751250e-03,4.555688e-02,4.408240e-02,8.207174e-02
8.731533e-03,7.220350e-02,1.239022e-02,6.896813e-02,5.699876e-02,4.131554e-03,3.635709e-04,2.975547e-03,2.909214e-01,2.379018e-02,1.699844e-01,9.007605e-03,4.394924e-02,1.485636e-01,8.702067e-02
7.359931e-03,5.095557e-02,9.042290e-03,5.146820e-02,4.440838e-02,5.078190e-03,2.969239e-04,2.330145e-03,2.167243e-01,1.808041e-02,1.753240e-01,8.494823e-03,3.762473e-02,2.911628e-01,8.164931e-02
7.167859e-03,3.975268e-02,8.841038e-03,3.807719e-02,3.485896e-02,1.641575e-02,2.922953e-04,1.923099e-03,1.746704e-01,1.382575e-02,1.875437e-01,7.071143e-03,3.316379e-02,3.646989e-01,7.169750e-02
8.748721e-03,3.237991e-02,1.110549e-02,2.997285e-02,2.512480e-02,3.936107e-02,3.060708e-04,1.752940e-03,1.426874e-01,1.189351e-02,1.829435e-01,5.267600e-03,2.367637e-02,4.302343e-01,5.454556e-02
1.355643e-02,2.733063e-02,1.260606e-02,2.274911e-02,1.868876e-02,6.661420e-02,4.492615e-04,1.629271e-03,1.127052e-01,1.005392e-02,1.988118e-01,4.123006e-03,1.704679e-02,4.518226e-01,4.181288e-02
1.691998e-02,2.405163e-02,1.351069e-02,1.762689e-02,1.503959e-02,6.780541e-02,4.067106e-04,1.321310e-03,1.388855e-01,1.040126e-02,1.748078e-01,3.247546e-03,1.253799e-02,4.703416e-01,3.309613e-02
1.688084e-02,1.951364e-02,1.252215e-02,1.276899e-02,1.109321e-02,8.698297e-02,3.834137e-04,1.093761e-03,1.330205e-01,9.963882e-03,1.579245e-01,2.955833e-03,8.975999e-03,5.008641e-01,2.505630e-02
1.243765e-02,1.870723e-02,1.156884e-02,9.210172e-03,8.451840e-03,1.063922e-01,3.757546e-04,9.529940e-04,1.951389e-01,1.093600e-02,1.187454e-01,2.351148e-03,6.446292e-03,4.797091e-01,1.857649e-02
9.517147e-03,5.682823e-02,1.202191e-02,7.572514e-03,6.832863e-03,1.174071e-01,3.698227e-04,1.043940e-03,2.223807e-01,1.221248e-02,9.149592e-02,1.884918e-03,5.147853e-03,4.410800e-01,1.420464e-02
7.277711e-03,5.848827e-02,9.295709e-03,5.717339e-03,5.427980e-03,9.808697e-02,2.749862e-04,8.518211e-04,2.485267e-01,1.049232e-02,7.604960e-02,1.393375e-03,3.727207e-03,4.637605e-01,1.062949e-02
5.549271e-03,5.516049e-02,6.836622e-03,4.141386e-03,4.115724e-03,7.443719e-02,2.293644e-04,6.420781e-04,3.047832e-01,8.868001e-03,6.544067e-02,1.159751e-03,2.757231e-03,4.567211e-01,9.157920e-03
4.126539e-03,5.146269e-02,5.075247e-03,3.189293e-03,2.984222e-03,5.527661e-02,1.806665e-04,4.595971e-04,2.757176e-01,7.800772e-03,5.629455e-02,1.234324e-03,2.124312e-03,5.208533e-01,1.322022e-02
3.039323e-03,5.693775e-02,4.204827e-03,3.358972e-03,2.202636e-03,4.096699e-02,1.545800e-04,3.383564e-04,3.640771e-01,8.978829e-03,4.342930e-02,1.167599e-03,1.712621e-03,4.269064e-01,4.252464e-02
2.343533e-03,5.491383e-02,4.121012e-03,9.864829e-03,2.618976e-03,3.037548e-02,1.776948e-04,4.333275e-04,4.642817e-01,1.015732e-02,3.382505e-02,9.000479e-04,1.597603e-03,3.260090e-01,5.838056e-02
2.205112e-03,4.612472e-02,3.616272e-03,1.055974e-02,8.535699e-03,3.527189e-02,6.882518e-04,8.215501e-04,5.172021e-01,1.199545e-02,2.641657e-02,7.927851e-04,1.643994e-03,2.653947e-01,6.873106e-02
2.866387e-03,3.448202e-02,5.893146e-03,3.735387e-02,1.257810e-02,3.067846e-02,6.527919e-04,1.863857e-03,5.911078e-01,1.375589e-02,2.048884e-02,7.450574e-04,1.711232e-03,1.925105e-01,5.331200e-02
7.718636e-03,3.254631e-02,5.698401e-03,3.276596e-02,1.246180e-02,3.581668e-02,5.284296e-04,1.586241e-03,6.012902e-01,1.063586e-02,1.865518e-02,1.003456e-03,7.483213e-03,1.612902e-01,7.051940e-02
1.300182e-02,3.483586e-02,4.307418e-03,4.229186e-02,1.526664e-02,4.295359e-02,5.372279e-04,1.504301e-03,4.949329e-01,7.597065e-03,2.025001e-02,1.732795e-03,1.339782e-01,1.138065e-01,7.300381e-02
1.018243e-02,2.605879e-02,3.589032e-03,3.496582e-02,1.832544e-02,6.275912e-02,4.873722e-04,1.229647e-03,3.615344e-01,5.513126e-03,1.899580e-02,6.661293e-03,3.020729e-01,8.035308e-02,6.727176e-02
1.666464e-02,1.891055e-02,4.807127e-03,2.700534e-02,4.322139e-02,9.973980e-02,2.746093e-03,8.595192e-03,2.665724e-01,4.165470e-03,2.602491e-02,2.553541e-02,3.491731e-01,5.702718e-02,4.981139e-02
2.585283e-02,1.391970e-02,1.486822e-02,2.807904e-02,3.260322e-02,9.061541e-02,3.812519e-03,5.287321e-02,1.950240e-01,3.178930e-03,2.172791e-02,1.903832e-02,4.211254e-01,4.029983e-02,3.698146e-02
2.258669e-02,1.020117e-02,1.821902e-02,2.675817e-02,2.592112e-02,1.276114e-01,2.487788e-02,1.112668e-01,1.374405e-01,2.286867e-03,1.546031e-02,1.361355e-02,4.085820e-01,2.823006e-02,2.694442e-02
2.117912e-02,7.525992e-03,1.911535e-02,2.494859e-02,2.085480e-02,1.080845e-01,2.719697e-02,2.620785e-01,9.696857e-02,1.638138e-03,1.138426e-02,9.795340e-03,3.499296e-01,1.978707e-02,1.951324e-02
1.826353e-02,5.324038e-03,1.426838e-02,1.876869e-02,1.627063e-02,8.039375e-02,2.521820e-02,4.618365e-01,6.804696e-02,1.160468e-03,8.081294e-03,6.906638e-03,2.478478e-01,1.386436e-02,1.374873e-02
1.471377e-02,3.785109e-03,1.097897e-02,1.416056e-02,1.230472e-02,5.898658e-02,2.015425e-02,6.111268e-01,4.774039e-02,8.215280e-04,5.745861e-03,4.873049e-03,1.752473e-01,9.712046e-03,9.649031e-03
1.156806e-02,2.687906e-03,7.996327e-03,1.015294e-02,9.245191e-03,4.196985e-02,1.490143e-02,7.234815e-01,3.344005e-02,5.790998e-04,4.077514e-03,3.445746e-03,1.228735e-01,6.805266e-03,6.775633e-03
9.282565e-03,1.906047e-03,5.740345e-03,7.306418e-03,7.161806e-03,2.973933e-02,1.087486e-02,8.030416e-01,2.342253e-02,4.090604e-04,2.927415e-03,2.482713e-03,8.617674e-02,4.770917e-03,4.757762e-03
7.402020e-03,1.362766e-03,4.287159e-03,5.317748e-03,5.479482e-03,2.109900e-02,8.061819e-03,8.587333e-01,1.640681e-02,2.926326e-04,2.137792e-03,1.854093e-03,6.085895e-02,3.351405e-03,3.355054e-03
1.058706e-02,1.123765e-03,3.233389e-03,4.037215e-03,8.463783e-03,1.520890e-02,6.124144e-03,8.886517e-01,1.156724e-02,2.245654e-04,1.739903e-03,1.398006e-03,4.288412e-02,2.357337e-03,2.398930e-03
1.467982e-02,1.115466e-03,2.496581e-03,3.155499e-03,1.153853e-02,1.113361e-02,4.693897e-03,9.064464e-01,8.312973e-03,1.699587e-04,1.496699e-03,1.133871e-03,3.023601e-02,1.665025e-03,1.725747e-03
1.537297e-02,8.946184e-04,1.835830e-03,2.562159e-03,9.896164e-03,7.947146e-03,3.448779e-03,9.263917e-01,5.900423e-03,1.247442e-04,1.142877e-03,8.571497e-04,2.122733e-02,1.170984e-03,1.227180e-03
1.645119e-02,6.720192e-04,1.407925e-03,2.408800e-03,7.519642e-03,5.651607e-03,2.540511e-03,9.408879e-01,4.196921e-03,9.168858e-05,8.694992e-04,6.999638e-04,1.490681e-02,8.245885e-04,8.710187e-04
1.777070e-02,4.985643e-04,1.075859e-03,2.291370e-03,5.658058e-03,3.996883e-03,1.867226e-03,9.509441e-01,2.972823e-03,6.704828e-05,6.591979e-04,5.432349e-04,1.046028e-02,5.801708e-04,6.146065e-04
2.223577e-02,3.943589e-04,8.640474e-04,1.881014e-03,4.520852e-03,2.882355e-03,1.462300e-03,9.542304e-01,2.127767e-03,5.472033e-05,5.664639e-04,5.083345e-04,7.401625e-03,4.171072e-04,4.529517e-04
2.181780e-02,3.080396e-04,6.616910e-04,1.580727e-03,3.897200e-03,2.071646e-03,1.084268e-03,9.602405e-01,1.538514e-03,4.394613e-05,4.745207e-04,4.074714e-04,5.239486e-03,2.995477e-04,3.347433e-04
2.062173e-02,2.407275e-04,5.264006e-04,1.384580e-03,3.406286e-03,1.487794e-03,8.427247e-04,9.653781e-01,1.138535e-03,3.674475e-05,4.086290e-04,3.515457e-04,3.712664e-03,2.159156e-04,2.476494e-04
2.002838e-02,2.021381e-04,4.220482e-04,1.098458e-03,2.936836e-03,1.102538e-03,6.934149e-04,9.689109e-01,8.710628e-04,3.153554e-05,3.895653e-04,3.114819e-04,2.646976e-03,1.591503e-04,1.955447e-04
2.407780e-02,3.498789e-04,4.882709e-04,1.076701e-03,3.180103e-03,9.503336e-04,5.703092e-04,9.638251e-01,9.605663e-04,8.072569e-05,7.505523e-04,7.410370e-04,2.505145e-03,1.578159e-04,2.857085e-04
2.315551e-02,3.532961e-04,4.107031e-04,8.455236e-04,2.815241e-03,7.737838e-04,4.608622e-04,9.656460e-01,1.064581e-03,1.089003e-04,9.208246e-04,7.762580e-04,2.084265e-03,1.367856e-04,4.474393e-04
2.445833e-02,5.094610e-04,4.062957e-04,7.539640e-04,4.020752e-03,7.134018e-04,3.707787e-04,9.631644e-01,1.338446e-03,1.242590e-04,8.651947e-04,8.404297e-04,1.741240e-03,1.194248e-04,5.734771e-04
2.776167e-02,6.642241e-04,4.770914e-04,6.997802e-04,4.864578e-03,7.835133e-04,3.467997e-04,9.559109e-01,2.294898e-03,1.937074e-04,1.484734e-03,1.147441e-03,2.107718e-03,1.674364e-04,1.095469e-03
3.139601e-02,9.331119e-04,8.928374e-04,8.310657e-04,7.958589e-03,9.584818e-04,4.565401e-04,9.435672e-01,3.558234e-03,4.201371e-04,2.283232e-03,1.400329e-03,3.841683e-03,2.045441e-04,1.297990e-03
4.257980e-02,2.386720e-03,1.228929e-03,1.284128e-03,1.344719e-02,1.542149e-03,8.870704e-04,9.095138e-01,6.581865e-03,6.640659e-04,4.934874e-03,2.636271e-03,1.066597e-02,2.576975e-04,1.389418e-03
3.973185e-02,3.404760e-02,1.055033e-02,2.544637e-02,1.772101e-02,1.921596e-03,1.119749e-03,6.853661e-01,1.239879e-01,8.659721e-03,7.867974e-03,5.243201e-03,3.137034e-02,1.271885e-03,5.694392e-03
1.525781e-01,3.502247e-02,1.389844e-02,2.208135e-02,4.342937e-02,5.073386e-03,1.666951e-03,5.182362e-01,1.132142e-01,9.375764e-03,1.308075e-02,4.974635e-03,3.194235e-02,3.319039e-03,3.210696e-02
1.175936e-01,9.429120e-02,1.284310e-02,1.887967e-02,3.155705e-02,4.147522e-03,1.506347e-03,3.646969e-01,2.538202e-01,8.883729e-03,1.286433e-02,4.533216e-03,2.601780e-02,1.562545e-02,3.273980e-02
1.630249e-01,7.645615e-02,1.576245e-02,1.561875e-02,2.359042e-02,3.908261e-03,2.059948e-03,2.613678e-01,2.112795e-01,8.877894e-03,2.307553e-02,1.145829e-02,5.537132e-02,4.651055e-02,8.163814e-02
2.221352e-01,6.153521e-02,1.796492e-02,1.314036e-02,2.521788e-02,5.032367e-03,1.990652e-03,1.876313e-01,1.769946e-01,8.848648e-03,2.630801e-02,1.038733e-02,4.425104e-02,7.155161e-02,1.270109e-01
2.696647e-01,5.136668e-02,3.745127e-02,2.149603e-02,2.008535e-02,7.872379e-03,1.861279e-03,1.391788e-01,1.631802e-01,8.950394e-03,3.256826e-02,1.295893e-02,4.198509e-02,6.412832e-02,1.272522e-01
2.549726e-01,4.530238e-02,4.507010e-02,1.940371e-02,1.982170e-02,8.247142e-03,2.017067e-03,1.059427e-01,1.663748e-01,8.086894e-03,3.345792e-02,1.413722e-02,3.427314e-02,6.253567e-02,1.803569e-01
3.104600e-01,4.103982e-02,4.246483e-02,1.788565e-02,2.138203e-02,8.960257e-03,1.652263e-03,7.673159e-02,1.557911e-01,7.888977e-03,2.835943e-02,1.267574e-02,2.747936e-02,7.274745e-02,1.744815e-01
2.828974e-01,4.177172e-02,4.539444e-02,1.887578e-02,5.142779e-02,3.229979e-02,3.218716e-03,7.622556e-02,1.397632e-01,7.051634e-03,2.896094e-02,1.665950e-02,2.950864e-02,7.436337e-02,1.515816e-01
2.894084e-01,3.802264e-02,3.660325e-02,1.667017e-02,9.186287e-02,3.381977e-02,4.496066e-03,7.210061e-02,1.277666e-01,6.616222e-03,2.513453e-02,2.114836e-02,2.959667e-02,7.186604e-02,1.348879e-01
3.100782e-01,3.430601e-02,3.694067e-02,2.086756e-02,7.746559e-02,3.190121e-02,4.074833e-03,5.961248e-02,1.129203e-01,6.863273e-03,3.296235e-02,6.111594e-02,3.152106e-02,7.152677e-02,1.078438e-01
3.382765e-01,4.491138e-02,2.978009e-02,2.105984e-02,7.132334e-02,2.816132e-02,4.050217e-03,5.270301e-02,1.225223e-01,6.191658e-03,3.041597e-02,6.842230e-02,3.125954e-02,6.799920e-02,8.292336e-02
