1.000000e+00,0.000000e+00,0.000000e+00,0.000000e+00,0.000000e+00,0.000000e+00,0.000000e+00,0.000000e+00,0.000000e+00,0.000000e+00,0.000000e+00,0.000000e+00,0.000000e+00,0.000000e+00,0.000000e+00
1.000000e+00,0.000000e+00,0.000000e+00,0.000000e+00,0.000000e+00,0.000000e+00,0.000000e+00,0.000000e+00,0.000000e+00,0.000000e+00,0.000000e+00,0.000000e+00,0.000000e+00,0.000000e+00,0.000000e+00
1.000000e+00,0.000000e+00,0.000000e+00,0.000000e+00,0.000000e+00,0.000000e+00,0.000000e+00,0.000000e+00,0.000000e+00,0.000000e+00,0.000000e+00,0.000000e+00,0.000000e+00,0.000000e+00,0.000000e+00
1.000000e+00,0.000000e+00,0.000000e+00,0.000000e+00,0.000000e+00,0.000000e+00,0.000000e+00,0.000000e+00,0.000000e+00,0.000000e+00,0.000000e+00,0.000000e+00,0.000000e+00,0.000000e+00,0.000000e+00
1.000000e+00,0.000000e+00,0.000000e+00,0.000000e+00,0.000000e+00,0.000000e+00,0.000000e+00,0.000000e+00,0.000000e+00,0.000000e+00,0.000000e+00,0.000000e+00,0.000000e+00,0.000000e+00,0.000000e+00
1.000000e+00,0.000000e+00,0.000000e+00,0.000000e+00,0.000000e+00,0.000000e+00,0.000000e+00,0.000000e+00,0.000000e+00,0.000000e+00,0.000000e+00,0.000000e+00,0.000000e+00,0.000000e+00,0.000000e+00
1.000000e+00,0.000000e+00,0.000000e+00,0.000000e+00,0.000000e+00,0.000000e+00,0.000000e+00,0.000000e+00,0.000000e+00,0.000000e+00,0.000000e+00,0.000000e+00,0.000000e+00,0.000000e+00,0.000000e+00
1.000000e+00,0.000000e+00,0.000000e+00,0.000000e+00,0.000000e+00,0.000000e+00,0.000000e+00,0.000000e+00,0.000000e+00,0.000000e+00,0.000000e+00,0.000000e+00,0.000000e+00,0.000000e+00,0.000000e+00
1.000000e+00,0.000000e+00,0.000000e+00,0.000000e+00,0.000000e+00,0.000000e+00,0.000000e+00,0.000000e+00,0.000000e+00,0.000000e+00,0.000000e+00,0.000000e+00,0.000000e+00,0.000000e+00,0.000000e+00
1.000000e+00,0.000000e+00,0.000000e+00,0.000000e+00,0.000000e+00,0.000000e+00,0.000000e+00,0.000000e+00,0.000000e+00,0.000000e+00,0.000000e+00,0.000000e+00,0.000000e+00,0.000000e+00,0.000000e+00
1.000000e+00,0.000000e+00,0.000000e+00,0.000000e+00,0.000000e+00,0.000000e+00,0.000000e+00,0.000000e+00,0.000000e+00,0.000000e+00,0.000000e+00,0.000000e+00,0.000000e+00,0.000000e+00,0.000000e+00
1.000000e+00,0.000000e+00,0.000000e+00,0.000000e+00,0.000000e+00,0.000000e+00,0.000000e+00,0.000000e+00,0.000000e+00,0.000000e+00,0.000000e+00,0.000000e+00,0.000000e+00,0.000000e+00,0.000000e+00
1.000000e+00,0.000000e+00,0.000000e+00,0.000000e+00,0.000000e+00,0.000000e+00,0.000000e+00,0.000000e+00,0.000000e+00,0.000000e+00,0.000000e+00,0.000000e+00,0.000000e+00,0.000000e+00,0.000000e+00
1.000000e+00,0.000000e+00,0.000000e+00,0.000000e+00,0.000000e+00,0.000000e+00,0.000000e+00,0.000000e+00,0.000000e+00,0.000000e+00,0.000000e+00,0.000000e+00,0.000000e+00,0.000000e+00,0.000000e+00
1.000000e+00,0.000000e+00,0.000000e+00,0.000000e+00,0.000000e+00,0.000000e+00,0.000000e+00,0.000000e+00,0.000000e+00,0.000000e+00,0.000000e+00,0.000000e+00,0.000000e+00,0.000000e+00,0.000000e+00
1.000000e+00,0.000000e+00,0.000000e+00,0.000000e+00,0.000000e+00,0.000000e+00,0.000000e+00,0.000000e+00,0.000000e+00,0.000000e+00,0.000000e+00,0.000000e+00,0.000000e+00,0.000000e+00,0.000000e+00
1.000000e+00,0.000000e+00,0.000000e+00,0.000000e+00,0.000000e+00,0.000000e+00,0.000000e+00,0.000000e+00,0.000000e+00,0.000000e+00,0.000000e+00,0.000000e+00,0.000000e+00,0.000000e+00,0.000000e+00
1.000000e+00,0.000000e+00,0.000000e+00,0.000000e+00,0.000000e+00,0.000000e+00,0.000000e+00,0.000000e+00,0.000000e+00,0.000000e+00,0.000000e+00,0.000000e+00,0.000000e+00,0.000000e+00,0.000000e+00
1.000000e+00,0.000000e+00,0.000000e+00,0.000000e+00,0.000000e+00,0.000000e+00,0.000000e+00,0.000000e+00,0.000000e+00,0.000000e+00,0.000000e+00,0.000000e+00,0.000000e+00,0.000000e+00,0.000000e+00
1.000000e+00,0.000000e+00,0.000000e+00,0.000000e+00,0.000000e+00,0.000000e+00,0.000000e+00,0.000000e+00,0.000000e+00,0.000000e+00,0.000000e+00,0.000000e+00,0.000000e+00,0.000000e+00,0.000000e+00
1.000000e+00,0.000000e+00,0.000000e+00,0.000000e+00,0.000000e+00,0.000000e+00,0.000000e+00,0.000000e+00,0.000000e+00,0.000000e+00,0.000000e+00,0.000000e+00,0.000000e+00,0.000000e+00,0.000000e+00
1.000000e+00,0.000000e+00,0.000000e+00,0.000000e+00,0.000000e+00,0.000000e+00,0.000000e+00,0.000000e+00,0.000000e+00,0.000000e+00,0.000000e+00,0.000000e+00,0.000000e+00,0.000000e+00,0.000000e+00
1.000000e+00,0.000000e+00,0.000000e+00,0.000000e+00,0.000000e+00,0.000000e+00,0.000000e+00,0.000000e+00,0.000000e+00,0.000000e+00,0.000000e+00,0.000000e+00,0.000000e+00,0.000000e+00,0.000000e+00
1.000000e+00,0.000000e+00,0.000000e+00,0.000000e+00,0.000000e+00,0.000000e+00,0.000000e+00,0.000000e+00,0.000000e+00,0.000000e+00,0.000000e+00,0.000000e+00,0.000000e+00,0.000000e+00,0.000000e+00
1.000000e+00,0.000000e+00,0.000000e+00,0.000000e+00,0.000000e+00,0.000000e+00,0.000000e+00,0.000000e+00,0.000000e+00,0.000000e+00,0.000000e+00,0.000000e+00,0.000000e+00,0.000000e+00,0.000000e+00
1.000000e+00,0.000000e+00,0.000000e+00,0.000000e+00,0.000000e+00,0.000000e+00,0.000000e+00,0.000000e+00,0.000000e+00,0.000000e+00,0.000000e+00,0.000000e+00,0.000000e+00,0.000000e+00,0.000000e+00
1.000000e+00,0.000000e+00,0.000000e+00,0.000000e+00,0.000000e+00,0.000000e+00,0.000000e+00,0.000000e+00,0.000000e+00,0.000000e+00,0.000000e+00,0.000000e+00,0.000000e+00,0.000000e+00,0.000000e+00
1.000000e+00,0.000000e+00,0.000000e+00,0.000000e+00,0.000000e+00,0.000000e+00,0.000000e+00,0.000000e+00,0.000000e+00,0.000000e+00,0.000000e+00,0.000000e+00,0.000000e+00,0.000000e+00,0.000000e+00
1.000000e+00,0.000000e+00,0.000000e+00,0.000000e+00,0.000000e+00,0.000000e+00,0.000000e+00,0.000000e+00,0.000000e+00,0.000000e+00,0.000000e+00,0.000000e+00,0.000000e+00,0.000000e+00,0.000000e+00
1.000000e+00,0.000000e+00,0.000000e+00,0.000000e+00,0.000000e+00,0.000000e+00,0.000000e+00,0.000000e+00,0.000000e+00,0.000000e+00,0.000000e+00,0.000000e+00,0.000000e+00,0.000000e+00,0.000000e+00
1.000000e+00,0.000000e+00,0.000000e+00,0.000000e+00,0.000000e+00,0.000000e+00,0.000000e+00,0.000000e+00,0.000000e+00,0.000000e+00,0.000000e+00,0.000000e+00,0.000000e+00,0.000000e+00,0.000000e+00
1.000000e+00,0.000000e+00,0.000000e+00,0.000000e+00,0.000000e+00,0.000000e+00,0.000000e+00,0.000000e+00,0.000000e+00,0.000000e+00,0.000000e+00,0.000000e+00,0.000000e+00,0.000000e+00,0.000000e+00
1.000000e+00,0.000000e+00,0.000000e+00,0.000000e+00,0.000000e+00,0.000000e+00,0.000000e+00,0.000000e+00,0.000000e+00,0.000000e+00,0.000000e+00,0.000000e+00,0.000000e+00,0.000000e+00,0.000000e+00
1.000000e+00,0.000000e+00,0.000000e+00,0.000000e+00,0.000000e+00,0.000000e+00,0.000000e+00,0.000000e+00,0.000000e+00,0.000000e+00,0.000000e+00,0.000000e+00,0.000000e+00,0.000000e+00,0.000000e+00
1.000000e+00,0.000000e+00,0.000000e+00,0.000000e+00,0.000000e+00,0.000000e+00,0.000000e+00,0.000000e+00,0.000000e+00,0.000000e+00,0.000000e+00,0.000000e+00,0.000000e+00,0.000000e+00,0.000000e+00
1.000000e+00,0.000000e+00,0.000000e+00,0.000000e+00,0.000000e+00,0.000000e+00,0.000000e+00,0.000000e+00,0.000000e+00,0.000000e+00,0.000000e+00,0.000000e+00,0.000000e+00,0.000000e+00,0.000000e+00
1.000000e+00,0.000000e+00,0.000000e+00,0.000000e+00,0.000000e+00,0.000000e+00,0.000000e+00,0.000000e+00,0.000000e+00,0.000000e+00,0.000000e+00,0.000000e+00,0.000000e+00,0.000000e+00,0.000000e+00
1.000000e+00,0.000000e+00,0.000000e+00,0.000000e+00,0.000000e+00,0.000000e+00,0.000000e+00,0.000000e+00,0.000000e+00,0.000000e+00,0.000000e+00,0.000000e+00,0.000000e+00,0.000000e+00,0.000000e+00
1.000000e+00,0.000000e+00,0.000000e+00,0.000000e+00,0.000000e+00,0.000000e+00,0.000000e+00,0.000000e+00,0.000000e+00,0.000000e+00,0.000000e+00,0.000000e+00,0.000000e+00,0.000000e+00,0.000000e+00
1.000000e+00,0.000000e+00,0.000000e+00,0.000000e+00,0.000000e+00,0.000000e+00,0.000000e+00,0.000000e+00,0.000000e+00,0.000000e+00,0.000000e+00,0.000000e+00,0.000000e+00,0.000000e+00,0.000000e+00
1.000000e+00,0.000000e+00,0.000000e+00,0.000000e+00,0.000000e+00,0.000000e+00,0.000000e+00,0.000000e+00,0.000000e+00,0.000000e+00,0.000000e+00,0.000000e+00,0.000000e+00,0.000000e+00,0.000000e+00
1.000000e+00,0.000000e+00,0.000000e+00,0.000000e+00,0.000000e+00,0.000000e+00,0.000000e+00,0.000000e+00,0.000000e+00,0.000000e+00,0.000000e+00,0.000000e+00,0.000000e+00,0.000000e+00,0.000000e+00
1.000000e+00,0.000000e+00,0.000000e+00,0.000000e+00,0.000000e+00,0.000000e+00,0.000000e+00,0.000000e+00,0.000000e+00,0.000000e+00,0.000000e+00,0.000000e+00,0.000000e+00,0.000000e+00,0.000000e+00
1.000000e+00,0.000000e+00,0.000000e+00,0.000000e+00,0.000000e+00,0.000000e+00,0.000000e+00,0.000000e+00,0.000000e+00,0.000000e+00,0.000000e+00,0.000000e+00,0.000000e+00,0.000000e+00,0.000000e+00
1.000000e+00,0.000000e+00,0.000000e+00,0.000000e+00,0.000000e+00,0.000000e+00,0.000000e+00,0.000000e+00,0.000000e+00,0.000000e+00,0.000000e+00,0.000000e+00,0.000000e+00,0.000000e+00,0.000000e+00
1.000000e+00,0.000000e+00,0.000000e+00,0.000000e+00,0.000000e+00,0.000000e+00,0.000000e+00,0.000000e+00,0.000000e+00,0.000000e+00,0.000000e+00,0.000000e+00,0.000000e+00,0.000000e+00,0.000000e+00
1.000000e+00,0.000000e+00,0.000000e+00,0.000000e+00,0.000000e+00,0.000000e+00,0.000000e+00,0.000000e+00,0.000000e+00,0.000000e+00,0.000000e+00,0.000000e+00,0.000000e+00,0.000000e+00,0.000000e+00
1.000000e+00,0.000000e+00,0.000000e+00,0.000000e+00,0.000000e+00,0.000000e+00,0.000000e+00,0.000000e+00,0.000000e+00,0.000000e+00,0.000000e+00,0.000000e+00,0.000000e+00,0.000000e+00,0.000000e+00
1.000000e+00,0.000000e+00,0.000000e+00,0.000000e+00,0.000000e+00,0.000000e+00,0.000000e+00,0.000000e+00,0.000000e+00,0.000000e+00,0.000000e+00,0.000000e+00,0.000000e+00,0.000000e+00,0.000000e+00
1.000000e+00,0.000000e+00,0.000000e+00,0.000000e+00,0.000000e+00,0.000000e+00,0.000000e+00,0.000000e+00,0.000000e+00,0.000000e+00,0.000000e+00,0.000000e+00,0.000000e+00,0.000000e+00,0.000000e+00
4.621947e-01,4.745506e-02,2.043185e-02,2.145047e-01,1.622459e-02,2.640200e-02,1.328362e-02,5.623799e-02,2.462304e-02,1.645199e-03,1.419280e-02,6.751158e-02,1.593218e-02,1.525773e-03,1.783502e-02
3.605612e-01,5.720231e-02,2.050841e-02,2.659477e-01,2.501481e-02,2.786433e-02,1.429463e-02,5.877003e-02,3.217059e-02,1.811138e-03,1.570574e-02,7.961337e-02,1.876483e-02,1.666277e-03,2.010470e-02
2.621017e-01,5.684161e-02,3.071409e-02,4.088641e-01,2.484434e-02,2.153476e-02,1.163214e-02,5.247377e-02,2.536296e-02,1.471082e-03,1.223110e-02,5.941644e-02,1.403859e-02,1.403741e-03,1.706964e-02
2.479839e-01,7.322413e-02,2.812256e-02,3.945059e-01,3.064005e-02,2.307002e-02,1.280008e-02,4.226385e-02,3.358974e-02,1.827000e-03,1.376250e-02,5.638542e-02,1.805587e-02,1.950858e-03,2.181810e-02
2.636864e-01,7.487708e-02,2.484505e-02,3.431551e-01,3.466164e-02,2.592868e-02,1.277630e-02,3.377857e-02,3.813268e-02,2.635328e-03,1.747903e-02,6.814432e-02,2.774650e-02,3.330902e-03,2.882249e-02
2.377367e-01,7.535869e-02,3.963561e-02,3.213376e-01,4.055735e-02,3.007936e-02,1.290573e-02,3.379607e-02,3.431981e-02,3.107563e-03,2.082460e-02,8.192776e-02,3.138421e-02,3.861744e-03,3.316725e-02
2.254283e-01,6.635496e-02,5.922255e-02,3.181667e-01,4.011871e-02,3.094627e-02,1.244309e-02,3.401437e-02,3.024200e-02,3.386864e-03,1.970051e-02,8.734153e-02,3.398241e-02,3.382344e-03,3.526936e-02
2.104699e-01,6.002424e-02,1.182258e-01,3.235509e-01,3.244616e-02,2.561228e-02,9.973474e-03,3.217249e-02,2.323249e-02,3.046699e-03,1.754466e-02,7.606008e-02,3.076729e-02,3.045328e-03,3.382809e-02
3.380694e-01,4.912084e-02,9.004620e-02,2.521874e-01,2.790550e-02,2.766508e-02,9.053939e-03,2.555050e-02,1.986165e-02,2.674898e-03,1.619948e-02,6.915744e-02,3.768068e-02,3.103819e-03,3.172316e-02
4.224902e-01,4.107302e-02,7.125583e-02,2.020739e-01,2.468671e-02,3.004777e-02,9.027899e-03,2.199800e-02,1.730830e-02,2.526493e-03,1.503162e-02,6.934581e-02,4.075585e-02,2.803067e-03,2.957551e-02
4.500641e-01,4.104515e-02,7.800142e-02,1.881498e-01,2.298743e-02,2.762657e-02,8.232455e-03,2.158017e-02,1.404361e-02,2.220173e-03,1.596176e-02,6.398156e-02,3.576425e-02,2.604200e-03,2.773738e-02
1.000000e+00,0.000000e+00,0.000000e+00,0.000000e+00,0.000000e+00,0.000000e+00,0.000000e+00,0.000000e+00,0.000000e+00,0.000000e+00,0.000000e+00,0.000000e+00,0.000000e+00,0.000000e+00,0.000000e+00
1.000000e+00,0.000000e+00,0.000000e+00,0.000000e+00,0.000000e+00,0.000000e+00,0.000000e+00,0.000000e+00,0.000000e+00,0.000000e+00,0.000000e+00,0.000000e+00,0.000000e+00,0.000000e+00,0.000000e+00
1.000000e+00,0.000000e+00,0.000000e+00,0.000000e+00,0.000000e+00,0.000000e+00,0.000000e+00,0.000000e+00,0.000000e+00,0.000000e+00,0.000000e+00,0.000000e+00,0.000000e+00,0.000000e+00,0.000000e+00
4.859473e-01,2.752985e-02,2.306029e-02,1.106977e-01,1.161603e-02,2.064060e-01,3.592993e-03,9.435571e-03,5.346832e-03,1.538917e-03,1.233297e-02,6.499654e-02,2.277994e-02,1.747141e-03,1.297206e-02
3.403774e-01,1.952526e-02,1.617053e-02,8.732770e-02,8.591542e-03,3.149306e-01,2.890171e-03,6.642713e-03,4.126827e-03,2.685839e-03,7.805517e-02,4.813845e-02,2.513099e-02,1.486259e-03,4.392066e-02
2.397141e-01,1.374680e-02,1.133180e-02,6.548445e-02,6.390343e-03,4.649453e-01,4.728988e-03,6.013244e-03,3.836930e-03,4.315978e-03,6.641781e-02,5.293579e-02,2.191112e-02,1.767475e-03,3.645997e-02
1.696399e-01,9.672968e-03,7.998779e-03,4.659953e-02,5.081942e-03,4.568159e-01,3.840801e-03,8.106139e-03,4.094981e-03,4.287424e-03,1.315238e-01,1.029269e-01,1.616767e-02,3.532316e-03,2.971093e-02
1.287448e-01,6.858068e-03,5.663900e-03,3.378522e-02,5.603132e-03,3.691754e-01,2.855595e-03,1.260016e-02,6.376813e-03,4.004634e-03,2.354244e-01,1.445007e-01,1.197141e-02,5.886524e-03,2.654926e-02
9.121237e-02,4.864048e-03,4.027758e-03,2.645501e-02,2.180442e-02,2.604712e-01,2.096361e-03,9.613062e-03,1.029732e-02,3.229399e-03,2.147579e-01,3.117142e-01,1.025021e-02,4.850628e-03,2.435618e-02
6.653547e-02,3.485695e-03,2.866613e-03,1.910129e-02,2.989992e-02,1.860226e-01,2.704740e-03,7.163462e-03,1.342736e-02,5.298112e-03,1.921027e-01,4.307487e-01,9.032976e-03,6.346656e-03,2.526371e-02
4.734071e-02,2.503812e-03,2.038032e-03,1.355098e-02,2.595741e-02,1.332694e-01,2.147274e-03,5.158259e-03,1.267795e-02,5.727937e-03,1.484591e-01,5.663390e-01,8.114375e-03,8.465502e-03,1.825025e-02
3.316432e-02,1.780269e-03,1.497544e-03,9.571539e-03,2.270938e-02,9.393493e-02,1.559390e-03,3.754267e-03,1.282290e-02,6.181270e-03,1.095392e-01,6.746081e-01,7.696891e-03,8.149702e-03,1.303034e-02
2.326465e-02,1.281298e-03,1.157883e-03,6.759531e-03,2.027910e-02,6.652260e-02,1.135301e-03,2.754134e-03,1.421296e-02,8.422416e-03,8.406831e-02,7.439528e-01,7.179116e-03,9.664350e-03,9.345555e-03
1.636805e-02,9.321537e-04,9.180486e-04,4.791409e-03,2.008070e-02,4.701327e-02,8.582298e-04,2.153023e-03,1.588262e-02,9.455772e-03,6.174277e-02,7.989190e-01,6.566102e-03,7.716911e-03,6.601992e-03
1.177734e-02,7.641988e-04,9.665261e-04,3.405365e-03,3.052061e-02,3.364074e-02,1.100460e-03,2.029490e-03,1.963153e-02,9.543177e-03,4.593599e-02,8.232284e-01,5.816747e-03,6.975491e-03,4.664027e-03
9.310835e-03,6.370371e-04,9.472866e-04,2.428210e-03,3.000767e-02,2.708027e-02,1.079672e-03,2.735122e-03,2.222593e-02,8.373161e-03,3.496803e-02,8.459197e-01,5.327137e-03,5.662597e-03,3.297387e-03
7.617771e-03,5.481474e-04,8.462739e-04,1.724616e-03,1.446073e-01,1.937208e-02,1.779858e-03,3.598890e-03,3.982115e-02,6.472341e-03,2.711762e-02,7.353070e-01,4.501407e-03,4.354551e-03,2.330944e-03
6.284035e-03,4.658979e-04,7.386601e-04,1.231854e-03,1.483967e-01,1.487729e-02,1.820979e-03,3.532579e-03,5.192704e-02,6.265765e-03,2.175251e-02,7.331260e-01,4.217201e-03,3.705015e-03,1.658420e-03
4.626955e-03,8.380925e-04,3.861122e-03,8.987043e-04,1.929949e-01,1.433535e-02,2.102407e-03,3.409709e-03,6.317096e-02,6.045327e-03,1.806606e-02,6.816606e-01,3.782727e-03,3.015302e-03,1.191785e-03
3.587438e-03,6.932663e-04,3.347790e-03,6.828620e-04,1.551780e-01,1.279308e-02,2.235823e-03,4.612027e-03,5.340776e-02,5.218934e-03,1.438402e-02,7.361885e-01,4.223610e-03,2.588196e-03,8.586614e-04
4.140217e-03,6.685183e-04,3.523576e-03,6.016500e-04,1.771238e-01,1.522885e-02,4.606795e-03,1.176213e-02,5.695276e-02,4.249294e-03,1.344233e-02,6.994260e-01,5.506173e-03,2.139412e-03,6.285093e-04
4.363683e-03,5.717895e-04,3.076200e-03,6.162304e-04,1.413877e-01,1.297220e-02,3.630089e-03,2.994879e-02,6.085692e-02,3.309009e-03,1.181415e-02,7.159462e-01,9.306373e-03,1.746025e-03,4.546657e-04
7.694681e-03,5.648219e-04,5.007442e-03,1.035116e-03,1.597427e-01,1.476401e-02,6.787390e-03,6.058556e-02,6.371509e-02,3.291318e-03,1.284386e-02,6.483290e-01,1.359842e-02,1.667793e-03,3.728973e-04
1.903615e-02,1.033225e-03,1.032378e-02,8.884856e-03,2.473571e-01,3.203622e-02,7.598036e-03,1.051333e-01,5.119267e-02,3.450775e-03,1.696353e-02,4.785335e-01,1.640281e-02,1.692337e-03,3.617304e-04
3.359956e-02,1.398606e-03,1.434903e-02,2.004154e-02,2.567459e-01,2.707090e-02,5.740507e-03,1.823562e-01,5.479263e-02,3.351688e-03,1.559276e-02,3.660648e-01,1.579940e-02,2.372322e-03,7.241564e-04
4.436558e-02,1.925842e-03,1.497670e-02,2.779231e-02,2.382800e-01,2.408789e-02,4.448379e-03,2.341031e-01,8.230446e-02,2.810515e-03,1.430856e-02,2.921674e-01,1.546575e-02,2.061276e-03,9.022405e-04
7.305048e-02,3.014961e-03,2.523645e-02,5.557131e-02,2.212909e-01,2.749240e-02,4.431497e-03,2.561339e-01,8.272736e-02,4.648599e-03,1.769389e-02,2.133613e-01,1.236635e-02,2.095686e-03,8.849484e-04
9.725851e-02,4.026896e-03,2.790289e-02,7.237445e-02,1.925209e-01,3.003338e-02,4.285695e-03,2.657699e-01,8.310031e-02,5.810244e-03,3.494136e-02,1.681896e-01,9.891424e-03,2.601693e-03,1.292798e-03
1.128723e-01,5.454317e-03,2.513009e-02,1.106462e-01,1.872787e-01,5.618974e-02,4.500805e-03,2.117455e-01,9.655777e-02,6.896547e-03,3.307050e-02,1.252395e-01,1.439308e-02,2.434372e-03,7.590469e-03
8.835188e-02,4.992051e-03,2.128109e-02,1.077522e-01,1.441693e-01,4.103031e-02,3.638392e-03,3.675237e-01,8.399706e-02,5.128472e-03,2.424756e-02,8.835401e-02,1.220889e-02,1.774068e-03,5.550999e-03
7.421285e-02,8.930085e-03,1.697078e-02,1.125468e-01,1.264836e-01,2.993890e-02,2.932295e-03,4.423084e-01,8.377392e-02,4.190999e-03,1.907995e-02,6.265001e-02,9.894105e-03,1.374133e-03,4.713091e-03
7.222062e-02,1.085223e-02,2.083961e-02,1.014343e-01,9.345884e-02,2.209281e-02,2.181848e-03,3.630195e-01,1.535147e-01,1.800469e-02,1.900337e-02,4.472373e-02,9.173546e-03,2.159534e-03,6.732067e-02
1.014927e-01,1.381258e-02,2.033312e-02,8.677347e-02,7.027932e-02,1.974105e-02,1.786564e-03,2.816868e-01,1.767382e-01,1.829013e-02,2.199622e-02,3.209866e-02,1.151653e-02,7.140089e-03,1.363146e-01
8.583388e-02,1.237181e-02,1.502613e-02,6.827071e-02,5.038805e-02,1.670375e-02,1.378934e-03,2.002597e-01,1.483485e-01,2.191160e-02,3.527112e-02,2.303513e-02,1.391193e-02,1.488617e-02,2.924026e-01
6.073032e-02,9.725394e-03,1.079319e-02,4.820070e-02,3.549234e-02,1.256353e-02,9.915369e-04,1.403402e-01,1.101606e-01,1.947502e-02,2.691854e-02,1.630170e-02,1.142821e-02,1.434889e-02,4.825299e-01
5.018758e-02,1.018648e-02,3.965000e-02,3.652048e-02,3.366202e-02,1.741257e-02,1.523734e-03,1.019973e-01,1.122334e-01,2.230770e-02,5.629046e-02,1.300749e-02,2.630502e-02,2.156693e-02,4.571489e-01
7.665318e-02,1.250115e-02,3.949476e-02,2.729405e-02,3.508433e-02,4.081720e-02,2.567374e-03,7.387953e-02,9.077740e-02,1.891560e-02,4.526218e-02,1.013091e-02,2.191815e-02,3.294703e-02,4.717572e-01
8.176444e-02,1.470540e-02,2.999733e-02,2.156064e-02,4.157854e-02,4.308327e-02,3.486745e-03,5.441749e-02,1.062161e-01,1.916231e-02,3.627300e-02,8.424570e-03,2.273456e-02,3.954116e-02,4.770544e-01
1.031476e-01,1.259707e-02,2.186118e-02,1.619533e-02,3.452637e-02,6.347585e-02,3.442094e-03,3.867313e-02,8.868592e-02,1.823848e-02,3.243728e-02,9.728250e-03,7.850284e-02,3.637255e-02,4.421161e-01
1.097428e-01,1.577030e-02,1.690795e-02,1.862015e-02,2.884126e-02,5.181784e-02,3.322801e-03,2.847371e-02,9.097378e-02,2.487567e-02,4.106491e-02,1.606814e-02,9.754989e-02,3.147500e-02,4.244958e-01
1.325375e-01,2.159328e-02,1.517284e-02,3.167367e-02,2.794035e-02,4.893833e-02,3.571805e-03,2.213039e-02,1.351636e-01,2.669054e-02,5.268124e-02,2.292299e-02,9.772932e-02,3.095287e-02,3.303013e-01
1.503134e-01,5.355309e-02,1.258055e-02,3.167158e-02,2.613908e-02,4.406422e-02,2.863080e-03,1.946265e-02,1.447757e-01,2.107981e-02,4.946673e-02,2.127629e-02,1.031164e-01,2.917758e-02,2.904599e-01
1.420037e-01,6.975721e-02,1.079430e-02,3.124251e-02,2.799423e-02,4.878436e-02,2.514265e-03,1.673177e-02,1.833578e-01,1.731459e-02,4.342241e-02,1.995451e-02,1.194713e-01,2.759534e-02,2.390617e-01
1.072906e-01,9.158453e-02,8.110951e-03,2.831820e-02,2.143439e-02,5.975481e-02,1.977048e-03,1.244604e-02,2.062710e-01,1.329811e-02,3.617918e-02,2.017843e-02,1.824475e-01,2.375527e-02,1.869540e-01
7.783511e-02,1.084410e-01,5.989539e-03,2.325118e-02,1.991348e-02,6.531796e-02,1.595209e-03,8.848668e-03,2.654217e-01,1.079131e-02,2.972692e-02,2.095875e-02,1.603834e-01,2.462933e-02,1.768965e-01
5.549605e-02,1.143965e-01,4.406803e-03,2.039851e-02,1.529264e-02,4.958159e-02,1.152551e-03,6.265244e-03,2.407427e-01,1.371508e-02,2.172575e-02,1.528563e-02,1.158770e-01,2.072420e-02,3.049397e-01
3.940941e-02,1.235796e-01,3.226340e-03,1.595596e-02,1.326418e-02,4.368416e-02,8.480268e-04,4.558196e-03,2.515453e-01,1.421626e-02,1.642768e-02,1.100146e-02,8.783133e-02,2.000898e-02,3.544432e-01
2.876890e-02,1.307274e-01,2.504061e-03,1.368685e-02,1.363792e-02,6.898532e-02,7.549811e-04,3.908608e-03,3.215125e-01,1.123610e-02,1.342580e-02,8.875008e-03,8.447397e-02,1.618349e-02,2.813191e-01
2.275153e-02,1.287414e-01,2.564959e-03,1.018860e-02,1.418514e-02,1.159163e-01,8.290082e-04,3.859915e-03,3.905637e-01,8.120087e-03,1.165836e-02,7.155869e-03,6.875350e-02,1.142212e-02,2.032895e-01
2.367868e-02,9.649955e-02,1.638534e-02,4.527664e-02,2.696930e-02,1.756863e-01,3.338006e-03,3.761014e-02,3.273744e-01,8.414034e-03,8.516889e-03,5.415280e-03,5.423178e-02,8.221027e-03,1.623827e-01
3.806959e-02,7.272395e-02,2.680703e-02,5.450924e-02,3.169343e-02,1.608448e-01,4.508725e-03,3.282174e-02,2.490350e-01,1.515539e-02,6.170540e-03,3.915000e-03,4.923590e-02,5.959272e-03,2.485504e-01
3.812511e-02,5.511377e-02,2.022298e-02,4.110178e-02,2.738397e-02,1.587237e-01,4.187463e-03,2.407661e-02,1.982008e-01,2.192203e-02,4.567376e-03,2.829181e-03,3.659815e-02,4.293841e-03,3.626533e-01
4.254047e-02,4.445971e-02,1.621950e-02,3.463345e-02,2.354945e-02,1.668293e-01,4.932573e-03,1.812179e-02,1.536733e-01,3.066119e-02,3.615920e-03,2.180209e-03,3.088023e-02,3.140956e-03,4.245620e-01
3.873753e-02,3.826054e-02,1.532484e-02,3.806908e-02,2.169973e-02,1.231683e-01,4.680870e-03,1.353099e-02,1.143225e-01,3.564153e-02,2.718298e-03,1.621792e-03,2.420570e-02,2.283697e-03,5.257347e-01
5.403251e-02,6.687862e-02,2.023331e-02,4.524501e-02,4.633626e-02,1.132077e-01,6.440206e-03,1.168994e-02,1.220062e-01,2.999145e-02,2.488482e-03,1.231822e-03,2.712531e-02,1.866397e-03,4.512268e-01
8.137748e-02,8.044917e-02,2.610541e-02,6.566198e-02,6.805792e-02,9.429973e-02,9.273395e-03,1.438707e-02,1.219896e-01,2.662463e-02,2.443548e-03,9.422448e-04,2.552534e-02,1.623728e-03,3.812388e-01
7.063566e-02,7.035586e-02,8.180401e-02,1.446399e-01,1.019570e-01,7.268950e-02,1.206382e-02,2.883176e-02,9.890873e-02,1.949521e-02,2.368203e-03,8.483303e-04,1.976767e-02,1.364327e-03,2.742700e-01
6.273668e-02,7.727331e-02,1.918915e-01,1.563242e-01,8.307222e-02,6.403825e-02,9.858826e-03,2.140391e-02,8.361131e-02,1.766201e-02,4.396321e-03,9.025306e-04,1.540258e-02,1.706984e-03,2.097194e-01
5.865526e-02,6.138822e-02,1.437056e-01,1.125917e-01,7.007316e-02,2.370652e-01,1.427542e-02,1.750692e-02,7.598746e-02,1.408144e-02,6.805960e-03,1.102528e-03,3.678860e-02,1.396332e-03,1.485763e-01
4.254972e-02,4.835427e-02,1.042983e-01,9.423889e-02,4.981698e-02,1.880946e-01,1.152591e-02,1.269380e-02,1.233518e-01,1.157355e-02,8.214279e-03,2.227672e-03,1.945228e-01,1.031904e-03,1.075055e-01
3.063771e-02,3.441427e-02,7.331949e-02,6.690580e-02,3.499079e-02,1.823567e-01,8.600095e-03,8.963711e-03,8.967657e-02,8.368819e-03,6.063479e-03,2.161223e-03,3.768832e-01,7.301560e-04,7.592804e-02
2.167974e-02,2.422953e-02,5.164745e-02,4.717267e-02,2.457402e-02,1.376534e-01,6.169252e-03,6.305005e-03,6.315485e-02,5.879168e-03,4.296465e-03,1.689636e-03,5.513804e-01,5.124709e-04,5.365594e-02
1.533987e-02,1.701205e-02,3.629371e-02,3.313960e-02,1.737692e-02,1.027069e-01,4.433764e-03,4.474989e-03,4.435396e-02,4.126574e-03,3.170659e-03,1.958851e-03,6.764817e-01,3.611073e-04,3.876942e-02
1.082948e-02,1.193120e-02,2.543554e-02,2.325725e-02,1.232313e-02,8.346821e-02,3.369263e-03,3.206674e-03,3.110910e-02,2.895130e-03,2.315287e-03,2.175603e-03,7.598323e-01,2.555071e-04,2.759634e-02
7.654562e-03,8.495990e-03,1.781970e-02,1.630026e-02,8.680001e-03,6.063365e-02,2.448396e-03,2.278418e-03,2.183156e-02,2.035414e-03,1.789593e-03,2.903115e-03,8.274897e-01,1.811824e-04,1.945844e-02
5.452978e-03,6.069540e-03,1.248738e-02,1.143490e-02,6.177540e-03,4.511265e-02,1.760573e-03,1.631066e-03,1.538262e-02,1.430007e-03,1.593851e-03,3.520530e-03,8.741370e-01,1.292035e-04,1.368019e-02
4.102761e-03,4.864835e-03,8.853691e-03,8.119013e-03,4.551326e-03,8.637070e-02,1.392849e-03,1.172073e-03,1.218064e-02,1.031625e-03,2.151153e-03,1.138396e-02,8.435681e-01,2.978454e-04,9.959512e-03
3.755390e-03,3.894900e-03,6.378284e-03,5.922948e-03,3.792020e-03,9.882553e-02,1.159785e-03,8.933174e-04,9.826111e-03,7.713722e-04,8.579402e-03,3.851863e-02,8.075861e-01,3.615812e-04,9.734755e-03
4.437636e-03,2.879546e-03,5.382581e-03,4.255418e-03,3.428228e-03,7.923467e-02,1.984377e-03,7.103504e-04,7.223547e-03,8.468535e-04,1.165153e-02,5.519956e-02,8.076639e-01,5.396158e-04,1.456224e-02
3.750729e-03,2.294924e-03,7.330012e-03,3.077900e-03,2.707408e-03,5.672256e-02,2.323272e-03,5.863277e-04,5.423629e-03,1.474555e-03,8.898771e-03,4.128115e-02,7.536310e-01,6.840064e-04,1.098138e-01
2.975086e-03,1.901050e-03,9.659387e-03,2.293940e-03,2.214720e-03,4.091506e-02,1.909554e-03,4.863632e-04,4.338659e-03,3.423526e-03,6.754942e-03,2.998264e-02,6.525816e-01,9.646520e-04,2.395989e-01
2.796973e-03,2.159539e-03,8.642751e-03,1.721893e-03,2.039840e-03,3.053392e-02,1.417330e-03,4.342786e-04,7.172380e-03,7.656368e-03,4.936962e-03,2.118585e-02,4.685624e-01,7.693795e-04,4.399702e-01
3.176103e-03,7.893864e-03,1.043462e-02,1.367935e-03,2.471666e-03,2.556216e-02,1.032737e-03,3.465789e-04,9.319348e-03,1.175926e-02,5.270858e-03,1.661859e-02,3.592878e-01,7.120275e-04,5.447465e-01
4.542014e-03,1.456218e-02,2.126006e-02,2.760037e-03,3.114146e-03,2.259522e-02,7.653286e-04,7.707725e-04,3.178569e-02,2.224515e-02,3.933715e-03,1.170241e-02,2.544777e-01,8.011403e-04,6.046845e-01
1.244210e-02,2.191060e-02,2.405135e-02,3.311332e-03,5.737141e-03,2.270591e-02,7.552352e-04,5.701304e-03,8.712272e-02,2.286382e-02,2.988035e-03,8.295652e-03,1.793261e-01,7.850347e-04,6.020037e-01
3.565723e-02,2.389466e-02,2.046632e-02,3.420338e-03,1.469043e-02,2.651200e-02,1.818249e-03,7.716500e-03,1.127128e-01,2.199423e-02,2.199396e-03,5.905948e-03,1.266688e-01,7.141668e-04,5.956290e-01
3.952887e-02,2.089692e-02,1.549293e-02,2.884109e-03,1.379033e-02,2.253189e-02,1.710058e-03,6.034243e-03,9.311136e-02,1.966256e-02,1.741171e-03,4.432165e-03,9.292409e-02,9.524199e-04,6.643069e-01
4.098081e-02,2.122021e-02,1.205675e-02,3.179460e-03,1.304448e-02,2.007756e-02,1.423527e-03,6.278091e-03,7.112714e-02,2.649770e-02,1.674105e-03,3.403831e-03,6.751846e-02,1.097982e-03,7.104199e-01
3.525880e-02,1.521652e-02,1.105792e-02,5.696506e-03,9.707874e-03,1.503540e-02,1.368062e-03,6.350021e-03,5.069637e-02,1.878905e-02,1.332019e-03,2.487348e-03,4.823369e-02,1.473188e-03,7.772973e-01
3.288805e-02,1.281229e-02,9.699854e-03,6.311101e-03,1.417055e-02,1.607900e-02,1.398947e-03,5.226671e-03,3.717609e-02,1.464912e-02,1.020047e-03,1.904072e-03,3.477655e-02,1.944884e-03,8.099428e-01
3.581561e-02,1.196046e-02,7.885047e-03,5.802640e-03,2.053794e-02,1.753707e-02,1.348803e-03,4.472964e-03,2.912303e-02,1.249608e-02,8.341181e-04,1.599859e-03,2.577846e-02,2.496330e-03,8.223116e-01
5.756479e-02,1.378815e-02,7.409897e-03,6.020192e-03,2.378697e-02,1.606925e-02,2.797673e-03,4.533780e-03,2.744895e-02,1.066772e-02,9.882117e-04,1.773578e-03,2.409438e-02,4.461566e-03,7.985950e-01
8.717699e-02,1.261107e-02,6.758075e-03,6.592041e-03,2.127160e-02,1.846989e-02,3.238820e-03,4.221434e-03,2.759537e-02,1.040577e-02,1.470706e-03,2.389890e-03,2.917035e-02,7.324977e-03,7.613031e-01
1.619426e-01,2.092361e-02,7.867994e-03,1.004038e-02,1.740868e-02,4.281401e-02,3.201495e-03,5.607116e-03,2.762738e-02,1.137741e-02,5.927565e-03,8.408991e-03,2.666231e-02,9.355728e-03,6.408347e-01
2.288669e-01,1.677059e-02,6.983519e-03,1.036228e-02,1.252312e-02,1.184130e-01,2.634399e-03,4.504550e-03,2.228603e-02,1.024957e-02,5.216693e-02,2.335846e-02,2.267133e-02,1.057641e-02,4.576329e-01
2.933400e-01,1.357829e-02,6.245722e-03,1.084797e-02,9.231719e-03,1.296639e-01,2.310003e-03,3.764839e-03,1.881156e-02,7.876079e-03,1.155885e-01,3.406734e-02,1.829139e-02,9.322666e-03,3.270600e-01
2.477634e-01,1.129719e-02,4.891798e-03,9.036503e-03,7.109574e-03,1.094646e-01,2.402651e-03,2.906396e-03,1.423012e-02,5.748631e-03,2.927133e-01,3.668216e-02,1.427464e-02,7.061029e-03,2.344181e-01
2.170795e-01,1.009163e-02,4.039859e-03,7.853554e-03,5.715798e-03,1.063310e-01,3.450423e-03,2.306749e-03,1.083045e-02,4.332724e-03,3.956151e-01,4.363991e-02,1.158891e-02,5.473069e-03,1.716513e-01
1.941955e-01,1.030661e-02,4.524989e-03,8.120133e-03,6.192985e-03,1.152028e-01,8.804640e-03,3.347950e-03,9.274241e-03,3.578431e-03,4.348440e-01,5.603583e-02,1.004896e-02,4.807409e-03,1.307155e-01
1.374431e-01,8.493206e-03,4.214022e-03,7.588780e-03,8.485941e-03,1.390866e-01,7.144288e-03,3.419953e-03,7.688825e-03,2.743773e-03,4.813871e-01,8.306092e-02,7.873110e-03,5.181644e-03,9.618874e-02
9.652989e-02,6.075990e-03,3.159008e-03,5.502687e-03,6.427668e-03,2.086165e-01,5.331328e-03,2.513969e-03,6.099828e-03,2.114572e-03,4.615512e-01,9.922317e-02,5.694982e-03,2.268446e-02,6.847475e-02
6.782247e-02,4.308699e-03,2.337450e-03,3.945820e-03,5.175136e-03,2.090238e-01,3.892262e-03,1.814795e-03,4.463836e-03,2.128958e-03,3.816010e-01,2.385724e-01,4.091713e-03,2.238787e-02,4.843369e-02
4.820886e-02,3.140565e-03,1.816078e-03,2.861387e-03,4.612787e-03,1.934760e-01,3.429253e-03,1.432451e-03,3.234875e-03,2.231422e-03,3.336159e-01,3.462656e-01,3.114068e-03,1.826918e-02,3.429167e-02
3.411918e-02,2.400687e-03,1.445721e-03,2.077235e-03,4.326431e-03,1.407105e-01,2.545637e-03,1.095382e-03,2.399067e-03,1.943036e-03,2.610441e-01,5.057068e-01,2.488723e-03,1.335294e-02,2.434455e-02
2.396761e-02,1.733237e-03,1.199810e-03,1.474048e-03,3.257098e-03,1.033972e-01,1.814450e-03,8.349894e-04,1.738363e-03,1.597159e-03,1.916891e-01,6.386289e-01,1.836105e-03,9.676340e-03,1.715553e-02
1.683859e-02,1.310920e-03,1.484738e-03,1.061412e-03,3.339400e-03,7.752233e-02,1.374301e-03,7.675561e-04,1.686039e-03,1.380110e-03,1.379012e-01,7.347534e-01,1.383815e-03,7.028758e-03,1.216748e-02
1.183242e-02,2.804782e-03,1.778649e-02,7.631291e-04,3.846936e-03,6.186988e-02,1.138036e-03,8.808894e-04,1.404875e-03,1.203571e-03,9.876166e-02,7.828834e-01,1.002147e-03,5.132984e-03,8.688814e-03
8.529112e-03,3.092744e-03,2.667140e-02,6.813969e-04,5.411765e-03,5.177009e-02,1.316851e-03,5.129827e-03,1.093969e-03,1.165979e-03,7.049950e-02,8.139519e-01,7.619406e-04,3.797278e-03,6.126258e-03
6.082103e-03,2.859525e-03,3.225017e-02,5.254734e-04,1.727712e-02,3.724515e-02,1.063308e-03,5.436709e-03,9.515078e-04,1.738734e-03,5.126745e-02,8.351414e-01,8.137192e-04,3.034913e-03,4.312733e-03
5.306615e-03,2.357556e-03,2.654238e-02,4.285859e-04,2.249960e-02,2.670208e-02,1.417051e-03,5.936951e-03,1.062975e-03,3.615681e-03,3.763881e-02,8.603338e-01,7.140349e-04,2.395017e-03,3.048906e-03
3.950133e-03,4.684388e-03,4.021171e-02,3.447908e-04,3.335853e-02,2.027156e-02,1.525389e-03,6.502696e-03,1.150235e-03,3.582658e-03,2.745656e-02,8.520099e-01,6.436653e-04,1.991647e-03,2.316197e-03
3.465711e-03,4.558811e-03,6.809473e-02,5.547652e-04,3.699776e-02,1.475439e-02,2.847065e-03,3.800615e-02,1.906773e-03,4.937524e-03,2.131571e-02,7.981840e-01,5.335475e-04,2.044096e-03,1.799021e-03
3.542381e-03,1.244754e-02,9.472791e-02,6.867622e-04,1.070109e-01,1.502687e-02,6.048668e-03,7.453847e-02,1.431550e-02,3.987334e-03,1.611531e-02,6.482031e-01,5.291355e-04,1.498866e-03,1.321353e-03
2.730674e-03,1.174280e-02,8.750287e-02,1.577284e-03,3.340769e-01,1.153246e-02,5.215084e-03,5.469891e-02,1.384686e-02,3.102140e-03,1.166761e-02,4.597182e-01,4.717909e-04,1.122237e-03,9.942305e-04
3.799363e-03,1.522606e-02,1.543544e-01,5.398454e-03,2.804926e-01,1.103132e-02,4.250325e-03,7.392944e-02,5.470583e-02,1.179177e-02,2.438232e-02,3.434506e-01,8.091657e-03,2.010923e-03,7.084997e-03
8.287937e-03,1.375384e-02,1.214741e-01,6.407925e-03,2.374640e-01,9.669487e-03,3.500969e-03,8.196127e-02,1.522068e-01,1.265513e-02,3.565510e-02,2.893027e-01,1.224841e-02,3.624094e-03,1.178828e-02
8.736293e-03,1.031490e-02,9.137965e-02,9.647595e-03,1.884293e-01,7.064780e-03,2.542773e-03,1.759562e-01,2.128886e-01,1.001963e-02,4.324061e-02,2.133714e-01,1.470927e-02,3.066799e-03,8.632307e-03
1.768454e-02,8.187408e-03,7.036117e-02,1.417059e-02,2.067821e-01,6.867388e-03,2.465406e-03,2.258312e-01,2.067731e-01,9.820883e-03,4.547317e-02,1.572871e-01,1.573286e-02,4.671284e-03,7.891856e-03
2.787789e-02,1.175823e-02,6.249341e-02,3.758471e-02,2.508955e-01,1.215598e-02,3.647141e-03,1.855577e-01,2.140401e-01,9.025697e-03,3.827550e-02,1.115428e-01,1.246935e-02,7.532602e-03,1.514341e-02
2.553076e-02,1.409800e-02,4.465231e-02,3.254389e-02,1.818954e-01,1.513738e-02,2.721370e-03,1.380690e-01,3.844643e-01,8.289587e-03,3.005418e-02,7.960618e-02,1.234650e-02,6.211823e-03,2.437938e-02
1.867204e-02,1.141709e-02,3.168195e-02,2.903789e-02,1.282400e-01,1.434403e-02,1.931150e-03,9.710788e-02,5.304947e-01,7.971363e-03,2.413261e-02,5.603690e-02,9.809034e-03,4.652797e-03,3.447061e-02
1.355754e-02,9.248847e-03,2.282301e-02,2.725725e-02,9.019998e-02,1.083309e-02,1.380561e-03,6.822129e-02,6.010803e-01,7.444921e-03,3.303706e-02,3.984923e-02,2.028806e-02,5.268162e-03,4.951074e-02
9.509215e-03,6.815345e-03,1.645369e-02,1.940772e-02,6.318814e-02,7.626832e-03,9.734640e-04,4.777514e-02,7.153122e-01,5.411378e-03,2.419790e-02,2.804977e-02,1.438870e-02,4.540317e-03,3.635021e-02
6.763014e-03,4.895139e-03,1.167346e-02,1.372391e-02,4.430594e-02,5.493252e-03,7.002050e-04,3.348096e-02,5.878986e-01,8.179165e-03,6.607513e-02,2.254887e-02,1.330445e-02,1.086089e-01,7.234903e-02
4.755523e-03,3.615689e-03,8.371790e-03,9.665624e-03,3.189737e-02,4.745779e-03,5.107533e-04,2.346592e-02,4.259090e-01,5.905717e-03,5.989422e-02,1.640039e-02,1.278141e-02,3.299830e-01,6.209786e-02
3.396192e-03,2.944012e-03,6.094222e-03,6.904500e-03,2.449252e-02,4.604477e-03,3.983876e-04,1.646064e-02,3.138366e-01,4.420369e-03,5.226691e-02,1.182808e-02,1.079733e-02,4.716551e-01,6.990065e-02
3.084809e-03,3.323369e-03,4.433311e-03,4.961985e-03,1.822993e-02,6.965235e-03,3.159211e-04,1.159080e-02,2.654552e-01,3.550319e-03,5.557115e-02,8.442353e-03,8.210663e-03,5.457339e-01,6.013104e-02
2.398121e-03,3.018598e-03,3.240357e-03,3.559339e-03,1.369616e-02,1.059977e-02,2.432707e-04,8.157850e-03,2.328294e-01,3.057251e-03,4.810277e-02,5.976595e-03,5.977204e-03,5.986105e-01,6.053285e-02
2.486811e-03,7.731718e-03,1.075925e-02,2.873318e-03,1.138288e-02,4.030493e-02,2.196174e-04,6.947401e-03,2.244940e-01,2.650903e-03,3.757098e-02,4.252241e-03,4.341706e-03,5.984136e-01,4.557063e-02
2.479259e-03,6.219604e-03,7.938846e-03,2.165152e-03,8.438483e-03,3.275506e-02,1.608510e-04,4.878450e-03,2.232360e-01,2.462542e-03,3.260937e-02,3.134913e-03,3.233090e-03,6.363477e-01,3.394072e-02
2.923963e-03,6.820502e-03,7.113167e-03,1.783395e-03,6.254577e-03,3.349551e-02,1.354410e-04,3.626145e-03,2.722736e-01,2.701906e-03,3.291139e-02,2.738517e-03,2.646766e-03,5.981739e-01,2.640118e-02
3.152976e-03,1.258831e-02,1.072638e-02,1.639902e-03,4.670364e-03,3.227898e-02,1.935467e-04,2.799321e-03,2.853868e-01,5.043840e-03,3.462552e-02,2.745944e-03,2.686611e-03,5.758213e-01,2.564025e-02
3.949653e-03,1.142226e-02,7.798937e-03,1.384703e-03,4.205411e-03,2.380520e-02,1.553105e-04,2.095290e-03,3.697934e-01,4.809410e-03,2.581530e-02,2.075707e-03,2.152335e-03,5.211193e-01,1.941781e-02
4.275335e-03,1.424272e-02,8.821804e-03,1.268009e-03,4.794905e-03,1.707925e-02,1.541830e-04,2.213395e-03,4.360061e-01,4.263291e-03,1.935134e-02,1.601452e-03,1.717904e-03,4.679340e-01,1.627628e-02
5.606387e-03,1.854075e-02,8.396409e-03,1.624444e-03,5.935780e-03,1.327544e-02,1.718840e-04,5.269784e-03,5.230172e-01,3.744413e-03,1.527064e-02,1.316677e-03,1.371797e-03,3.842016e-01,1.225683e-02
8.126647e-03,2.241942e-02,6.581331e-03,1.825237e-03,1.260735e-02,1.016316e-02,1.644009e-04,4.247837e-03,5.776054e-01,3.455769e-03,1.188696e-02,1.064547e-03,1.222974e-03,3.281123e-01,1.051666e-02
1.322312e-02,2.995236e-02,6.085874e-03,4.967991e-03,2.755545e-02,8.870747e-03,2.759169e-04,7.671664e-03,6.165362e-01,3.512036e-03,1.014645e-02,1.188951e-03,1.253724e-03,2.543671e-01,1.439239e-02
1.561177e-02,2.382109e-02,4.805256e-03,4.148221e-03,3.920269e-02,7.182582e-03,2.136377e-04,7.520973e-03,6.685014e-01,3.553033e-03,8.657921e-03,1.026553e-03,1.046920e-03,2.013887e-01,1.331921e-02
2.194086e-02,5.056637e-02,3.995675e-03,3.649959e-03,3.860931e-02,8.380559e-03,2.325752e-04,1.965196e-02,6.042631e-01,2.743063e-03,1.077774e-02,1.158917e-03,1.143877e-03,2.212099e-01,1.167616e-02
2.335051e-02,6.766951e-02,4.188880e-03,3.517618e-03,4.465222e-02,1.175423e-02,2.845689e-04,4.184447e-02,5.635942e-01,2.486459e-03,1.262538e-02,1.270100e-03,1.180151e-03,2.101481e-01,1.143362e-02
2.421243e-02,6.573570e-02,3.746273e-03,3.422419e-03,4.942489e-02,2.305326e-02,2.912151e-04,4.757052e-02,5.324650e-01,2.276373e-03,1.446496e-02,1.368240e-03,1.292993e-03,2.204898e-01,1.018593e-02
1.999794e-02,6.371571e-02,2.763200e-03,2.662451e-03,5.615564e-02,6.019880e-02,5.805463e-04,4.058618e-02,5.299563e-01,1.833979e-03,1.481565e-02,1.472684e-03,1.919721e-03,1.945375e-01,8.803661e-03
1.879067e-02,6.399688e-02,2.301311e-03,4.408140e-03,8.588535e-02,1.113114e-01,7.383786e-04,3.193967e-02,4.818673e-01,3.098767e-03,1.167364e-02,1.223280e-03,2.258776e-03,1.541134e-01,2.639312e-02
1.726064e-02,5.087205e-02,4.746696e-03,8.036011e-02,1.002222e-01,8.346174e-02,1.111412e-03,2.579501e-02,4.731296e-01,3.888012e-03,9.394147e-03,1.027502e-03,3.032184e-03,1.087832e-01,3.691551e-02
1.592250e-02,5.481277e-02,3.897376e-03,7.521657e-02,7.701652e-02,6.945446e-02,1.093451e-03,2.099499e-02,4.826810e-01,9.642120e-03,8.508736e-03,1.344846e-03,6.136461e-03,7.811960e-02,9.515855e-02
1.298506e-02,4.768177e-02,3.795242e-03,6.733072e-02,5.603088e-02,5.415232e-02,9.751744e-04,1.600414e-02,5.680771e-01,1.176136e-02,7.930655e-03,1.580291e-03,7.187983e-03,5.566870e-02,8.883850e-02
3.882170e-02,4.591728e-02,5.736499e-03,5.239127e-02,6.168761e-02,5.561484e-02,5.050219e-03,4.542327e-02,5.154705e-01,1.098038e-02,1.171101e-02,2.062588e-03,1.539726e-02,4.659571e-02,8.713981e-02
4.899143e-02,6.168995e-02,7.017941e-03,3.929424e-02,6.845008e-02,6.528775e-02,5.978592e-03,7.391502e-02,4.548908e-01,8.339660e-03,1.028806e-02,1.742595e-03,2.081101e-02,3.534264e-02,9.796018e-02
4.104803e-02,6.864432e-02,5.972115e-03,3.114494e-02,6.031206e-02,6.739672e-02,4.765874e-03,5.426829e-02,4.361607e-01,8.237181e-03,8.344096e-03,2.685636e-03,8.807431e-02,2.595739e-02,9.698823e-02
4.061130e-02,6.016996e-02,4.767959e-03,2.352385e-02,5.255312e-02,9.097154e-02,5.214212e-03,4.021001e-02,3.686490e-01,7.125352e-03,8.677712e-03,5.260395e-03,1.812207e-01,2.028532e-02,9.075956e-02
5.667137e-02,5.662784e-02,4.474762e-03,2.087893e-02,4.724913e-02,9.435157e-02,5.456227e-03,3.031063e-02,3.006430e-01,6.145577e-03,8.883879e-03,1.072695e-02,2.594014e-01,1.853386e-02,7.964485e-02
6.526653e-02,8.947258e-02,5.328767e-03,1.585143e-02,3.984113e-02,1.198010e-01,4.322060e-03,2.233225e-02,2.455757e-01,9.962378e-03,1.064315e-02,1.648032e-02,2.271796e-01,3.990304e-02,8.804007e-02
5.805428e-02,8.523362e-02,6.659153e-03,1.365431e-02,3.098066e-02,9.892965e-02,3.798964e-03,1.598863e-02,2.036553e-01,1.345289e-02,1.389318e-02,3.321589e-02,2.869070e-01,4.351314e-02,9.206337e-02
