1.000000e+00,0.000000e+00,0.000000e+00,0.000000e+00,0.000000e+00,0.000000e+00,0.000000e+00,0.000000e+00,0.000000e+00,0.000000e+00,0.000000e+00,0.000000e+00,0.000000e+00,0.000000e+00,0.000000e+00
1.000000e+00,0.000000e+00,0.000000e+00,0.000000e+00,0.000000e+00,0.000000e+00,0.000000e+00,0.000000e+00,0.000000e+00,0.000000e+00,0.000000e+00,0.000000e+00,0.000000e+00,0.000000e+00,0.000000e+00
1.000000e+00,0.000000e+00,0.000000e+00,0.000000e+00,0.000000e+00,0.000000e+00,0.000000e+00,0.000000e+00,0.000000e+00,0.000000e+00,0.000000e+00,0.000000e+00,0.000000e+00,0.000000e+00,0.000000e+00
1.000000e+00,0.000000e+00,0.000000e+00,0.000000e+00,0.000000e+00,0.000000e+00,0.000000e+00,0.000000e+00,0.000000e+00,0.000000e+00,0.000000e+00,0.000000e+00,0.000000e+00,0.000000e+00,0.000000e+00
1.000000e+00,0.000000e+00,0.000000e+00,0.000000e+00,0.000000e+00,0.000000e+00,0.000000e+00,0.000000e+00,0.000000e+00,0.000000e+00,0.000000e+00,0.000000e+00,0.000000e+00,0.000000e+00,0.000000e+00
1.000000e+00,0.000000e+00,0.000000e+00,0.000000e+00,0.000000e+00,0.000000e+00,0.000000e+00,0.000000e+00,0.000000e+00,0.000000e+00,0.000000e+00,0.000000e+00,0.000000e+00,0.000000e+00,0.000000e+00
1.000000e+00,0.000000e+00,0.000000e+00,0.000000e+00,0.000000e+00,0.000000e+00,0.000000e+00,0.000000e+00,0.000000e+00,0.000000e+00,0.000000e+00,0.000000e+00,0.000000e+00,0.000000e+00,0.000000e+00
1.000000e+00,0.000000e+00,0.000000e+00,0.000000e+00,0.000000e+00,0.000000e+00,0.000000e+00,0.000000e+00,0.000000e+00,0.000000e+00,0.000000e+00,0.000000e+00,0.000000e+00,0.000000e+00,0.000000e+00
1.000000e+00,0.000000e+00,0.000000e+00,0.000000e+00,0.000000e+00,0.000000e+00,0.000000e+00,0.000000e+00,0.000000e+00,0.000000e+00,0.000000e+00,0.000000e+00,0.000000e+00,0.000000e+00,0.000000e+00
1.000000e+00,0.000000e+00,0.000000e+00,0.000000e+00,0.000000e+00,0.000000e+00,0.000000e+00,0.000000e+00,0.000000e+00,0.000000e+00,0.000000e+00,0.000000e+00,0.000000e+00,0.000000e+00,0.000000e+00
1.000000e+00,0.000000e+00,0.000000e+00,0.000000e+00,0.000000e+00,0.000000e+00,0.000000e+00,0.000000e+00,0.000000e+00,0.000000e+00,0.000000e+00,0.000000e+00,0.000000e+00,0.000000e+00,0.000000e+00
1.000000e+00,0.000000e+00,0.000000e+00,0.000000e+00,0.000000e+00,0.000000e+00,0.000000e+00,0.000000e+00,0.000000e+00,0.000000e+00,0.000000e+00,0.000000e+00,0.000000e+00,0.000000e+00,0.000000e+00
1.000000e+00,0.000000e+00,0.000000e+00,0.000000e+00,0.000000e+00,0.000000e+00,0.000000e+00,0.000000e+00,0.000000e+00,0.000000e+00,0.000000e+00,0.000000e+00,0.000000e+00,0.000000e+00,0.000000e+00
1.000000e+00,0.000000e+00,0.000000e+00,0.000000e+00,0.000000e+00,0.000000e+00,0.000000e+00,0.000000e+00,0.000000e+00,0.000000e+00,0.000000e+00,0.000000e+00,0.000000e+00,0.000000e+00,0.000000e+00
1.000000e+00,0.000000e+00,0.000000e+00,0.000000e+00,0.000000e+00,0.000000e+00,0.000000e+00,0.000000e+00,0.000000e+00,0.000000e+00,0.000000e+00,0.000000e+00,0.000000e+00,0.000000e+00,0.000000e+00
1.000000e+00,0.000000e+00,0.000000e+00,0.000000e+00,0.000000e+00,0.000000e+00,0.000000e+00,0.000000e+00,0.000000e+00,0.000000e+00,0.000000e+00,0.000000e+00,0.000000e+00,0.000000e+00,0.000000e+00
1.000000e+00,0.000000e+00,0.000000e+00,0.000000e+00,0.000000e+00,0.000000e+00,0.000000e+00,0.000000e+00,0.000000e+00,0.000000e+00,0.000000e+00,0.000000e+00,0.000000e+00,0.000000e+00,0.000000e+00
1.000000e+00,0.000000e+00,0.000000e+00,0.000000e+00,0.000000e+00,0.000000e+00,0.000000e+00,0.000000e+00,0.000000e+00,0.000000e+00,0.000000e+00,0.000000e+00,0.000000e+00,0.000000e+00,0.000000e+00
1.000000e+00,0.000000e+00,0.000000e+00,0.000000e+00,0.000000e+00,0.000000e+00,0.000000e+00,0.000000e+00,0.000000e+00,0.000000e+00,0.000000e+00,0.000000e+00,0.000000e+00,0.000000e+00,0.000000e+00
1.000000e+00,0.000000e+00,0.000000e+00,0.000000e+00,0.000000e+00,0.000000e+00,0.000000e+00,0.000000e+00,0.000000e+00,0.000000e+00,0.000000e+00,0.000000e+00,0.000000e+00,0.000000e+00,0.000000e+00
1.000000e+00,0.000000e+00,0.000000e+00,0.000000e+00,0.000000e+00,0.000000e+00,0.000000e+00,0.000000e+00,0.000000e+00,0.000000e+00,0.000000e+00,0.000000e+00,0.000000e+00,0.000000e+00,0.000000e+00
1.000000e+00,0.000000e+00,0.000000e+00,0.000000e+00,0.000000e+00,0.000000e+00,0.000000e+00,0.000000e+00,0.000000e+00,0.000000e+00,0.000000e+00,0.000000e+00,0.000000e+00,0.000000e+00,0.000000e+00
1.000000e+00,0.000000e+00,0.000000e+00,0.000000e+00,0.000000e+00,0.000000e+00,0.000000e+00,0.000000e+00,0.000000e+00,0.000000e+00,0.000000e+00,0.000000e+00,0.000000e+00,0.000000e+00,0.000000e+00
1.000000e+00,0.000000e+00,0.000000e+00,0.000000e+00,0.000000e+00,0.000000e+00,0.000000e+00,0.000000e+00,0.000000e+00,0.000000e+00,0.000000e+00,0.000000e+00,0.000000e+00,0.000000e+00,0.000000e+00
1.000000e+00,0.000000e+00,0.000000e+00,0.000000e+00,0.000000e+00,0.000000e+00,0.000000e+00,0.000000e+00,0.000000e+00,0.000000e+00,0.000000e+00,0.000000e+00,0.000000e+00,0.000000e+00,0.000000e+00
1.000000e+00,0.000000e+00,0.000000e+00,0.000000e+00,0.000000e+00,0.000000e+00,0.000000e+00,0.000000e+00,0.000000e+00,0.000000e+00,0.000000e+00,0.000000e+00,0.000000e+00,0.000000e+00,0.000000e+00
1.000000e+00,0.000000e+00,0.000000e+00,0.000000e+00,0.000000e+00,0.000000e+00,0.000000e+00,0.000000e+00,0.000000e+00,0.000000e+00,0.000000e+00,0.000000e+00,0.000000e+00,0.000000e+00,0.000000e+00
1.000000e+00,0.000000e+00,0.000000e+00,0.000000e+00,0.000000e+00,0.000000e+00,0.000000e+00,0.000000e+00,0.000000e+00,0.000000e+00,0.000000e+00,0.000000e+00,0.000000e+00,0.000000e+00,0.000000e+00
1.000000e+00,0.000000e+00,0.000000e+00,0.000000e+00,0.000000e+00,0.000000e+00,0.000000e+00,0.000000e+00,0.000000e+00,0.000000e+00,0.000000e+00,0.000000e+00,0.000000e+00,0.000000e+00,0.000000e+00
1.000000e+00,0.000000e+00,0.000000e+00,0.000000e+00,0.000000e+00,0.000000e+00,0.000000e+00,0.000000e+00,0.000000e+00,0.000000e+00,0.000000e+00,0.000000e+00,0.000000e+00,0.000000e+00,0.000000e+00
1.000000e+00,0.000000e+00,0.000000e+00,0.000000e+00,0.000000e+00,0.000000e+00,0.000000e+00,0.000000e+00,0.000000e+00,0.000000e+00,0.000000e+00,0.000000e+00,0.000000e+00,0.000000e+00,0.000000e+00
1.000000e+00,0.000000e+00,0.000000e+00,0.000000e+00,0.000000e+00,0.000000e+00,0.000000e+00,0.000000e+00,0.000000e+00,0.000000e+00,0.000000e+00,0.000000e+00,0.000000e+00,0.000000e+00,0.000000e+00
1.000000e+00,0.000000e+00,0.000000e+00,0.000000e+00,0.000000e+00,0.000000e+00,0.000000e+00,0.000000e+00,0.000000e+00,0.000000e+00,0.000000e+00,0.000000e+00,0.000000e+00,0.000000e+00,0.000000e+00
1.000000e+00,0.000000e+00,0.000000e+00,0.000000e+00,0.000000e+00,0.000000e+00,0.000000e+00,0.000000e+00,0.000000e+00,0.000000e+00,0.000000e+00,0.000000e+00,0.000000e+00,0.000000e+00,0.000000e+00
1.000000e+00,0.000000e+00,0.000000e+00,0.000000e+00,0.000000e+00,0.000000e+00,0.000000e+00,0.000000e+00,0.000000e+00,0.000000e+00,0.000000e+00,0.000000e+00,0.000000e+00,0.000000e+00,0.000000e+00
1.000000e+00,0.000000e+00,0.000000e+00,0.000000e+00,0.000000e+00,0.000000e+00,0.000000e+00,0.000000e+00,0.000000e+00,0.000000e+00,0.000000e+00,0.000000e+00,0.000000e+00,0.000000e+00,0.000000e+00
1.000000e+00,0.000000e+00,0.000000e+00,0.000000e+00,0.000000e+00,0.000000e+00,0.000000e+00,0.000000e+00,0.000000e+00,0.000000e+00,0.000000e+00,0.000000e+00,0.000000e+00,0.000000e+00,0.000000e+00
1.000000e+00,0.000000e+00,0.000000e+00,0.000000e+00,0.000000e+00,0.000000e+00,0.000000e+00,0.000000e+00,0.000000e+00,0.000000e+00,0.000000e+00,0.000000e+00,0.000000e+00,0.000000e+00,0.000000e+00
1.000000e+00,0.000000e+00,0.000000e+00,0.000000e+00,0.000000e+00,0.000000e+00,0.000000e+00,0.000000e+00,0.000000e+00,0.000000e+00,0.000000e+00,0.000000e+00,0.000000e+00,0.000000e+00,0.000000e+00
1.000000e+00,0.000000e+00,0.000000e+00,0.000000e+00,0.000000e+00,0.000000e+00,0.000000e+00,0.000000e+00,0.000000e+00,0.000000e+00,0.000000e+00,0.000000e+00,0.000000e+00,0.000000e+00,0.000000e+00
1.000000e+00,0.000000e+00,0.000000e+00,0.000000e+00,0.000000e+00,0.000000e+00,0.000000e+00,0.000000e+00,0.000000e+00,0.000000e+00,0.000000e+00,0.000000e+00,0.000000e+00,0.000000e+00,0.000000e+00
1.000000e+00,0.000000e+00,0.000000e+00,0.000000e+00,0.000000e+00,0.000000e+00,0.000000e+00,0.000000e+00,0.000000e+00,0.000000e+00,0.000000e+00,0.000000e+00,0.000000e+00,0.000000e+00,0.000000e+00
4.989222e-01,6.224142e-02,4.057120e-02,1.233925e-01,1.666299e-02,2.222090e-02,8.406199e-03,2.623108e-02,2.612619e-02,5.414752e-03,3.081898e-02,4.788553e-02,2.296884e-02,1.245779e-02,5.567949e-02
1.000000e+00,0.000000e+00,0.000000e+00,0.000000e+00,0.000000e+00,0.000000e+00,0.000000e+00,0.000000e+00,0.000000e+00,0.000000e+00,0.000000e+00,0.000000e+00,0.000000e+00,0.000000e+00,0.000000e+00
1.000000e+00,0.000000e+00,0.000000e+00,0.000000e+00,0.000000e+00,0.000000e+00,0.000000e+00,0.000000e+00,0.000000e+00,0.000000e+00,0.000000e+00,0.000000e+00,0.000000e+00,0.000000e+00,0.000000e+00
1.000000e+00,0.000000e+00,0.000000e+00,0.000000e+00,0.000000e+00,0.000000e+00,0.000000e+00,0.000000e+00,0.000000e+00,0.000000e+00,0.000000e+00,0.000000e+00,0.000000e+00,0.000000e+00,0.000000e+00
1.000000e+00,0.000000e+00,0.000000e+00,0.000000e+00,0.000000e+00,0.000000e+00,0.000000e+00,0.000000e+00,0.000000e+00,0.000000e+00,0.000000e+00,0.000000e+00,0.000000e+00,0.000000e+00,0.000000e+00
1.000000e+00,0.000000e+00,0.000000e+00,0.000000e+00,0.000000e+00,0.000000e+00,0.000000e+00,0.000000e+00,0.000000e+00,0.000000e+00,0.000000e+00,0.000000e+00,0.000000e+00,0.000000e+00,0.000000e+00
1.000000e+00,0.000000e+00,0.000000e+00,0.000000e+00,0.000000e+00,0.000000e+00,0.000000e+00,0.000000e+00,0.000000e+00,0.000000e+00,0.000000e+00,0.000000e+00,0.000000e+00,0.000000e+00,0.000000e+00
1.000000e+00,0.000000e+00,0.000000e+00,0.000000e+00,0.000000e+00,0.000000e+00,0.000000e+00,0.000000e+00,0.000000e+00,0.000000e+00,0.000000e+00,0.000000e+00,0.000000e+00,0.000000e+00,0.000000e+00
1.000000e+00,0.000000e+00,0.000000e+00,0.000000e+00,0.000000e+00,0.000000e+00,0.000000e+00,0.000000e+00,0.000000e+00,0.000000e+00,0.000000e+00,0.000000e+00,0.000000e+00,0.000000e+00,0.000000e+00
1.000000e+00,0.000000e+00,0.000000e+00,0.000000e+00,0.000000e+00,0.000000e+00,0.000000e+00,0.000000e+00,0.000000e+00,0.000000e+00,0.000000e+00,0.000000e+00,0.000000e+00,0.000000e+00,0.000000e+00
1.000000e+00,0.000000e+00,0.000000e+00,0.000000e+00,0.000000e+00,0.000000e+00,0.000000e+00,0.000000e+00,0.000000e+00,0.000000e+00,0.000000e+00,0.000000e+00,0.000000e+00,0.000000e+00,0.000000e+00
1.000000e+00,0.000000e+00,0.000000e+00,0.000000e+00,0.000000e+00,0.000000e+00,0.000000e+00,0.000000e+00,0.000000e+00,0.000000e+00,0.000000e+00,0.000000e+00,0.000000e+00,0.000000e+00,0.000000e+00
1.000000e+00,0.000000e+00,0.000000e+00,0.000000e+00,0.000000e+00,0.000000e+00,0.000000e+00,0.000000e+00,0.000000e+00,0.000000e+00,0.000000e+00,0.000000e+00,0.000000e+00,0.000000e+00,0.000000e+00
1.000000e+00,0.000000e+00,0.000000e+00,0.000000e+00,0.000000e+00,0.000000e+00,0.000000e+00,0.000000e+00,0.000000e+00,0.000000e+00,0.000000e+00,0.000000e+00,0.000000e+00,0.000000e+00,0.000000e+00
1.000000e+00,0.000000e+00,0.000000e+00,0.000000e+00,0.000000e+00,0.000000e+00,0.000000e+00,0.000000e+00,0.000000e+00,0.000000e+00,0.000000e+00,0.000000e+00,0.000000e+00,0.000000e+00,0.000000e+00
1.000000e+00,0.000000e+00,0.000000e+00,0.000000e+00,0.000000e+00,0.000000e+00,0.000000e+00,0.000000e+00,0.000000e+00,0.000000e+00,0.000000e+00,0.000000e+00,0.000000e+00,0.000000e+00,0.000000e+00
1.000000e+00,0.000000e+00,0.000000e+00,0.000000e+00,0.000000e+00,0.000000e+00,0.000000e+00,0.000000e+00,0.000000e+00,0.000000e+00,0.000000e+00,0.000000e+00,0.000000e+00,0.000000e+00,0.000000e+00
1.000000e+00,0.000000e+00,0.000000e+00,0.000000e+00,0.000000e+00,0.000000e+00,0.000000e+00,0.000000e+00,0.000000e+00,0.000000e+00,0.000000e+00,0.000000e+00,0.000000e+00,0.000000e+00,0.000000e+00
4.228270e-01,3.636946e-02,4.216374e-02,1.602853e-02,7.008560e-03,9.298278e-02,2.680985e-03,1.025165e-02,1.046191e-02,6.743887e-02,2.623069e-02,1.099390e-02,6.116743e-03,7.482959e-03,2.409622e-01
2.961107e-01,2.558072e-02,2.953095e-02,1.122883e-02,4.929691e-03,7.858972e-02,1.902110e-03,7.210150e-03,7.834936e-03,7.564640e-02,5.289325e-02,8.012773e-03,4.612464e-03,1.049898e-02,3.854184e-01
2.073543e-01,1.792668e-02,2.067835e-02,7.871978e-03,3.474547e-03,5.712751e-02,1.354374e-03,5.050940e-03,5.843999e-03,1.029180e-01,4.847367e-02,5.823278e-03,3.357420e-03,8.003418e-03,5.047415e-01
1.451738e-01,1.255539e-02,1.447722e-02,5.516188e-03,2.502489e-03,4.025653e-02,9.559086e-04,3.536675e-03,4.239297e-03,7.957578e-02,3.564507e-02,4.115064e-03,2.387352e-03,5.724705e-03,6.433386e-01
1.016427e-01,8.826714e-03,1.013982e-02,3.872865e-03,2.094201e-03,2.925218e-02,6.915318e-04,2.479229e-03,3.755682e-03,9.612618e-02,2.825972e-02,3.910078e-03,1.941983e-03,4.811091e-03,7.021960e-01
7.117666e-02,6.429293e-03,7.111751e-03,2.735347e-03,3.051003e-03,2.473448e-02,6.118749e-04,1.748699e-03,8.589659e-03,1.312061e-01,3.793716e-02,1.280043e-02,3.404979e-03,5.246166e-03,6.832163e-01
4.986644e-02,5.366312e-03,5.024572e-03,2.276833e-03,7.590638e-03,7.226390e-02,1.385769e-03,1.641637e-03,4.248578e-02,1.489040e-01,3.388212e-02,1.301848e-02,6.451003e-03,4.512894e-03,6.053296e-01
3.493236e-02,5.961795e-03,3.538272e-03,1.738745e-03,5.855968e-03,6.717599e-02,1.040859e-03,1.309447e-03,7.452347e-02,1.066209e-01,1.153818e-01,1.159743e-01,3.752723e-02,3.761867e-03,4.246570e-01
2.446827e-02,6.183581e-03,2.575223e-03,1.824670e-03,7.421640e-03,7.169924e-02,8.030911e-04,1.117388e-03,1.279161e-01,7.530834e-02,1.731084e-01,1.379046e-01,6.825145e-02,3.660435e-03,2.977576e-01
1.714248e-02,5.954352e-03,2.007187e-03,2.030520e-03,6.658189e-03,8.121203e-02,6.121934e-04,8.154537e-04,1.224962e-01,5.301837e-02,1.488563e-01,2.273779e-01,1.137480e-01,4.595822e-03,2.134750e-01
1.201581e-02,4.527736e-03,1.560633e-03,1.668955e-03,7.523016e-03,6.329811e-02,4.981464e-04,6.955916e-04,9.403758e-02,3.735030e-02,1.245899e-01,3.596218e-01,1.382740e-01,4.210271e-03,1.501281e-01
8.430954e-03,3.409723e-03,1.208554e-03,1.465924e-03,5.865869e-03,4.876022e-02,4.551923e-04,6.740950e-04,6.840262e-02,2.629928e-02,9.715298e-02,4.454164e-01,1.837656e-01,3.248688e-03,1.054439e-01
5.914781e-03,2.644684e-03,9.801182e-04,1.108783e-03,4.418066e-03,3.828070e-02,1.216833e-03,6.776237e-04,5.305809e-02,1.852586e-02,7.023921e-02,5.568895e-01,1.696460e-01,2.351880e-03,7.404788e-02
4.166021e-03,2.197204e-03,9.798540e-04,8.490327e-04,3.546590e-03,3.486386e-02,4.147255e-03,1.042901e-03,4.354288e-02,1.316142e-02,5.066718e-02,6.269265e-01,1.595202e-01,1.871986e-03,5.251705e-02
2.962832e-03,2.688271e-03,1.312498e-03,6.604919e-04,2.830623e-03,2.722375e-02,3.503475e-03,1.049378e-03,3.533408e-02,9.303877e-03,3.587011e-02,6.519979e-01,1.862845e-01,1.426577e-03,3.755167e-02
2.129859e-03,2.286885e-03,1.256996e-03,4.866605e-04,2.333657e-03,1.980264e-02,3.047841e-03,1.031970e-03,2.659722e-02,6.534160e-03,2.525503e-02,6.619126e-01,2.197217e-01,1.022318e-03,2.658056e-02
1.589443e-03,1.849431e-03,1.321492e-03,3.624678e-04,2.363506e-03,1.471870e-02,3.540302e-03,1.467707e-03,2.008242e-02,4.594774e-03,1.776925e-02,5.778753e-01,3.328741e-01,7.311892e-04,1.885993e-02
1.484234e-03,2.182140e-03,2.130867e-03,3.016852e-04,2.881346e-03,1.183376e-02,2.921081e-03,1.441703e-03,1.533968e-02,3.254575e-03,1.254660e-02,4.370341e-01,4.926671e-01,5.375701e-04,1.344359e-02
1.733896e-03,1.745252e-03,2.661689e-03,2.620338e-04,4.187955e-03,1.092134e-02,2.429753e-03,1.715044e-03,1.112709e-02,2.294124e-03,8.891947e-03,3.366433e-01,6.054180e-01,3.947661e-04,9.573875e-03
1.831553e-03,1.568439e-03,4.391512e-03,2.191434e-04,4.945856e-03,8.671109e-03,1.855537e-03,1.766484e-03,8.097877e-03,1.625957e-03,6.332253e-03,2.484151e-01,7.026205e-01,3.652619e-04,7.293391e-03
2.005149e-03,1.146928e-03,3.218512e-03,1.757558e-04,4.345556e-03,8.535458e-03,1.385643e-03,1.430724e-03,5.804133e-03,1.157514e-03,4.833416e-03,1.774441e-01,7.824320e-01,7.768986e-04,5.308228e-03
2.635073e-03,8.702453e-04,2.359581e-03,1.970780e-04,4.761984e-03,1.148491e-02,1.179328e-03,1.337964e-03,4.248941e-03,8.935666e-04,5.883717e-03,1.358757e-01,8.231561e-01,8.088620e-04,4.306885e-03
5.602326e-03,6.665931e-04,1.768583e-03,2.833456e-04,4.814415e-03,2.068068e-02,1.225088e-03,1.145119e-03,3.211527e-03,1.108867e-03,1.247574e-02,1.521290e-01,7.884512e-01,7.454585e-04,5.691971e-03
1.134617e-02,5.587671e-04,1.799942e-03,2.707469e-04,4.853210e-03,1.687122e-02,1.408490e-03,9.048374e-04,2.459610e-03,1.499995e-03,2.094584e-02,2.712836e-01,6.588890e-01,7.363239e-04,6.172168e-03
1.189471e-02,5.644601e-04,4.726722e-03,3.057793e-04,1.602572e-02,4.694517e-02,1.469134e-03,8.181629e-04,2.973193e-03,1.557838e-03,4.130899e-02,3.119231e-01,5.536316e-01,6.299054e-04,5.225501e-03
1.451561e-02,6.661575e-04,5.593499e-03,3.946150e-04,1.607976e-02,1.708857e-01,1.427877e-03,8.166930e-04,2.373850e-03,1.422827e-03,5.041143e-02,2.427133e-01,4.865779e-01,5.499994e-04,5.570743e-03
1.395998e-02,9.856829e-04,8.586153e-03,4.821753e-04,1.965456e-02,2.708179e-01,1.752095e-03,1.182267e-03,4.530605e-03,1.402310e-03,4.546957e-02,1.814590e-01,4.432522e-01,4.474775e-04,6.018016e-03
1.312798e-02,1.006388e-03,9.926308e-03,4.821379e-04,1.977318e-02,2.395016e-01,3.055129e-03,2.387722e-03,4.100131e-03,1.123037e-03,3.264042e-02,1.336170e-01,5.341827e-01,4.376684e-04,4.638474e-03
1.442396e-02,1.112263e-03,1.054677e-02,5.396939e-04,1.683678e-02,2.057151e-01,6.586473e-03,2.878347e-03,3.712412e-03,1.066359e-03,2.322206e-02,1.000881e-01,6.079640e-01,5.129799e-04,4.794642e-03
2.139833e-02,1.385456e-03,7.970427e-03,4.477114e-04,1.639747e-02,1.592274e-01,8.537589e-03,2.201423e-03,3.166824e-03,9.381646e-04,1.650161e-02,7.810047e-02,6.782432e-01,8.595644e-04,4.624424e-03
4.864610e-02,5.522533e-03,1.244467e-02,3.138964e-02,4.383243e-02,1.865097e-01,1.834504e-02,1.165737e-02,1.130228e-02,6.237608e-03,1.320696e-02,6.519154e-02,5.374837e-01,1.058280e-03,7.172193e-03
6.068772e-02,5.726570e-03,8.937426e-03,2.276361e-02,6.785588e-02,1.982117e-01,1.662541e-02,1.001360e-02,1.735765e-02,5.615576e-03,1.179668e-02,5.114655e-02,5.010706e-01,2.382575e-03,1.980842e-02
6.366059e-02,4.909702e-03,7.197428e-03,1.991119e-02,5.716821e-02,1.566179e-01,1.440137e-02,1.964055e-02,1.481148e-02,4.374800e-03,9.397396e-03,4.999304e-02,5.587616e-01,2.380199e-03,1.677458e-02
8.622651e-02,5.122155e-03,8.790326e-03,2.046223e-02,4.622986e-02,1.531610e-01,1.312325e-02,3.363056e-02,1.214711e-02,3.635557e-03,7.249690e-03,5.589340e-02,5.357774e-01,2.184917e-03,1.636593e-02
1.148509e-01,5.251592e-03,9.686578e-03,2.085876e-02,3.430597e-02,1.460352e-01,1.040026e-02,7.089965e-02,1.238771e-02,3.129551e-03,6.642979e-03,4.658299e-02,5.006831e-01,2.892214e-03,1.539255e-02
1.775140e-01,4.702488e-03,2.795462e-02,3.623480e-02,3.190785e-02,1.438279e-01,8.986957e-03,7.330192e-02,1.155561e-02,3.175613e-03,6.574915e-03,3.489778e-02,4.235799e-01,3.686977e-03,1.209865e-02
2.009794e-01,4.153184e-03,3.118513e-02,4.466422e-02,2.650471e-02,1.221001e-01,7.283904e-03,7.632199e-02,1.129878e-02,2.585486e-03,7.652950e-03,2.647559e-02,4.256215e-01,3.746883e-03,9.426177e-03
2.862902e-01,4.376637e-03,3.416429e-02,3.831727e-02,2.106164e-02,9.775262e-02,5.647012e-03,6.116613e-02,1.283037e-02,2.343342e-03,1.164053e-02,2.200757e-02,3.865195e-01,4.948647e-03,1.093430e-02
3.734482e-01,8.204825e-03,3.618950e-02,3.743728e-02,2.152960e-02,1.010676e-01,5.089564e-03,5.249167e-02,1.110207e-02,2.374861e-03,1.309302e-02,2.023315e-02,2.967250e-01,5.455097e-03,1.555859e-02
4.581609e-01,1.164066e-02,3.388083e-02,3.522881e-02,1.980531e-02,9.251408e-02,4.609534e-03,4.178094e-02,8.683341e-03,2.091832e-03,1.594535e-02,1.829356e-02,2.379645e-01,4.532459e-03,1.486793e-02
1.000000e+00,0.000000e+00,0.000000e+00,0.000000e+00,0.000000e+00,0.000000e+00,0.000000e+00,0.000000e+00,0.000000e+00,0.000000e+00,0.000000e+00,0.000000e+00,0.000000e+00,0.000000e+00,0.000000e+00
1.000000e+00,0.000000e+00,0.000000e+00,0.000000e+00,0.000000e+00,0.000000e+00,0.000000e+00,0.000000e+00,0.000000e+00,0.000000e+00,0.000000e+00,0.000000e+00,0.000000e+00,0.000000e+00,0.000000e+00
4.515091e-01,1.942583e-02,3.242531e-02,2.145863e-02,1.343712e-02,2.740914e-01,3.276977e-03,1.787095e-02,5.257390e-03,4.831038e-03,1.701115e-02,2.295613e-02,9.878562e-02,3.904721e-03,1.375867e-02
4.692265e-01,1.885509e-02,2.637917e-02,1.736613e-02,1.325987e-02,2.955471e-01,2.972705e-03,1.380834e-02,4.692510e-03,5.777168e-03,1.546888e-02,3.029121e-02,7.069850e-02,3.425994e-03,1.223086e-02
4.108760e-01,1.574377e-02,2.149785e-02,1.460748e-02,1.108901e-02,3.645437e-01,2.675009e-03,1.039772e-02,3.934979e-03,5.488755e-03,3.295225e-02,3.713620e-02,5.161846e-02,4.605480e-03,1.283335e-02
2.925564e-01,1.129005e-02,1.526132e-02,1.027795e-02,7.835534e-03,5.080651e-01,2.316838e-03,7.326763e-03,2.792739e-03,4.551079e-03,3.505024e-02,5.344933e-02,3.622489e-02,3.427916e-03,9.573863e-03
2.089203e-01,8.319345e-03,1.082708e-02,7.247414e-03,5.547634e-03,5.782951e-01,2.131081e-03,5.171355e-03,1.992964e-03,3.779560e-03,3.763980e-02,9.505533e-02,2.539573e-02,2.470039e-03,7.207227e-03
1.464534e-01,5.909905e-03,7.645598e-03,5.095593e-03,3.903995e-03,4.454139e-01,1.551750e-03,3.639112e-03,1.415269e-03,2.815717e-03,6.204682e-02,2.893946e-01,1.778965e-02,1.797150e-03,5.127504e-03
1.026095e-01,4.168716e-03,5.427437e-03,3.586651e-03,2.755982e-03,3.177271e-01,1.141742e-03,2.563371e-03,1.023703e-03,2.081678e-03,7.079072e-02,4.686472e-01,1.246139e-02,1.366221e-03,3.648651e-03
7.184329e-02,3.307625e-03,5.037661e-03,2.520577e-03,2.223280e-03,2.225614e-01,8.288342e-04,1.826309e-03,7.751608e-04,1.513461e-03,6.491549e-02,6.102650e-01,8.727381e-03,9.908087e-04,2.663759e-03
5.029353e-02,3.099028e-03,1.155141e-02,1.784417e-03,1.872194e-03,1.558993e-01,6.051850e-04,1.469169e-03,6.655185e-04,1.100614e-03,1.117687e-01,6.510728e-01,6.110296e-03,7.470173e-04,1.960884e-03
3.521781e-02,4.310338e-02,7.944120e-02,1.490052e-03,2.916382e-03,1.093441e-01,9.220424e-04,3.691636e-03,6.531455e-04,7.907904e-04,7.885217e-02,6.373817e-01,4.279676e-03,5.354071e-04,1.380607e-03
2.472792e-02,3.537312e-02,2.861615e-01,1.538640e-03,1.131271e-02,7.807820e-02,2.955613e-03,6.474581e-03,3.301367e-03,9.238532e-04,6.390629e-02,4.806864e-01,3.007367e-03,4.333233e-04,1.119224e-03
1.740699e-02,2.898855e-02,4.390690e-01,2.840989e-03,1.436650e-02,5.724763e-02,2.392576e-03,5.955773e-03,1.129647e-02,1.457053e-03,6.250195e-02,3.520501e-01,2.217270e-03,4.371645e-04,1.772005e-03
1.238722e-02,5.623420e-02,4.356724e-01,1.538404e-02,2.234808e-02,5.132380e-02,1.739645e-03,5.813338e-03,5.655482e-02,4.637900e-03,6.073631e-02,2.562408e-01,8.273534e-03,5.531486e-04,1.210079e-02
9.365331e-03,6.766764e-02,3.092676e-01,2.948321e-02,6.075972e-02,3.944070e-02,1.308491e-03,9.538189e-03,2.169851e-01,5.178803e-03,4.706777e-02,1.836940e-01,7.278568e-03,4.904061e-04,1.247444e-02
8.296356e-03,6.526736e-02,2.198564e-01,3.877801e-02,1.092475e-01,3.265309e-02,1.333654e-03,3.395192e-02,3.052695e-01,4.477629e-03,3.488567e-02,1.299006e-01,6.080798e-03,3.759175e-04,9.625616e-03
6.863894e-03,5.500311e-02,1.634906e-01,1.121918e-01,1.473774e-01,6.402546e-02,1.621540e-03,2.751092e-02,2.635208e-01,1.041560e-02,2.985933e-02,9.176959e-02,5.506366e-03,3.266958e-04,2.051686e-02
5.879791e-03,5.364452e-02,1.242601e-01,1.082070e-01,1.200233e-01,1.824311e-01,1.427536e-03,2.266166e-02,2.369028e-01,1.102333e-02,2.573680e-02,6.491067e-02,8.181660e-03,3.383904e-04,3.437120e-02
4.215834e-03,3.930939e-02,9.804426e-02,2.423361e-01,8.491512e-02,1.336234e-01,1.037044e-03,1.622396e-02,2.619612e-01,1.001745e-02,2.459952e-02,4.589574e-02,7.662096e-03,2.683962e-04,2.989052e-02
3.879508e-03,3.411705e-02,7.110632e-02,2.445355e-01,6.020192e-02,9.864381e-02,7.921969e-04,1.151151e-02,2.037722e-01,7.480000e-03,1.478349e-01,7.280517e-02,2.154050e-02,4.593749e-04,2.131991e-02
2.766620e-03,2.444166e-02,4.995051e-02,1.856103e-01,4.236873e-02,7.242344e-02,5.753759e-04,8.092867e-03,1.494745e-01,5.872320e-03,2.394456e-01,1.400824e-01,6.325730e-02,6.048674e-04,1.503348e-02
2.007770e-03,1.725468e-02,3.510663e-02,1.306183e-01,3.002118e-02,5.187606e-02,4.175850e-04,5.773704e-03,1.156245e-01,5.915999e-03,2.849905e-01,2.291410e-01,7.992896e-02,7.333317e-04,1.058980e-02
1.512737e-03,1.297004e-02,2.554988e-02,9.255458e-02,2.161578e-02,3.857788e-02,3.883951e-04,4.093571e-03,8.760788e-02,2.373424e-02,2.709511e-01,2.882240e-01,1.221172e-01,2.138125e-03,7.964672e-03
1.192155e-03,1.821216e-02,2.939320e-02,6.808125e-02,1.603667e-02,2.787755e-02,1.219084e-03,3.045405e-03,6.730901e-02,1.857881e-01,2.012162e-01,2.720180e-01,9.739026e-02,3.274197e-03,7.946793e-03
1.132883e-03,1.289565e-02,2.776662e-02,4.790236e-02,1.595921e-02,1.983527e-02,9.734807e-03,9.546269e-02,4.853379e-02,2.808078e-01,1.458504e-01,2.001937e-01,8.581793e-02,2.500434e-03,5.606480e-03
1.924301e-03,9.593287e-03,2.592587e-02,3.682680e-02,6.354773e-02,2.552353e-02,1.159616e-02,9.384813e-02,4.554154e-02,3.707088e-01,1.041045e-01,1.415360e-01,6.305685e-02,2.245568e-03,4.020926e-03
3.908689e-03,7.645416e-03,3.432200e-02,3.726925e-02,1.723111e-01,4.288662e-02,1.418975e-02,8.566557e-02,9.565803e-02,2.832504e-01,7.409301e-02,9.944463e-02,4.467940e-02,1.770935e-03,2.905262e-03
7.225303e-03,7.996789e-03,3.665899e-02,3.350987e-02,2.616342e-01,8.587288e-02,2.576667e-02,6.403515e-02,9.926412e-02,2.192583e-01,5.348192e-02,6.989957e-02,3.178012e-02,1.395958e-03,2.220135e-03
1.187153e-02,1.285903e-02,5.223022e-02,3.600108e-02,2.926735e-01,1.376135e-01,2.577117e-02,4.787399e-02,8.266687e-02,1.839330e-01,3.920003e-02,4.967977e-02,2.312556e-02,1.140779e-03,3.360020e-03
2.770206e-02,1.897870e-02,4.266798e-02,2.704785e-02,3.290206e-01,1.972776e-01,2.347136e-02,3.878090e-02,6.841554e-02,1.350767e-01,3.203585e-02,3.645061e-02,1.822767e-02,1.170024e-03,3.676614e-03
2.896702e-02,2.265288e-02,8.920705e-02,3.508887e-02,3.414940e-01,1.939721e-01,2.019728e-02,3.961568e-02,6.120607e-02,9.802941e-02,2.475533e-02,2.642580e-02,1.424053e-02,1.078233e-03,3.069854e-03
2.809431e-02,1.800424e-02,1.931660e-01,5.914791e-02,2.887462e-01,1.544155e-01,1.508882e-02,6.686851e-02,4.732201e-02,7.409757e-02,2.023350e-02,1.921982e-02,1.213731e-02,9.408236e-04,2.517470e-03
2.987316e-02,1.490812e-02,2.420335e-01,6.282318e-02,2.636196e-01,1.294929e-01,1.166006e-02,1.090839e-01,3.544131e-02,5.838304e-02,1.671951e-02,1.382400e-02,9.022632e-03,8.689057e-04,2.246138e-03
2.446001e-02,1.111682e-02,2.810721e-01,6.525877e-02,1.987224e-01,9.860895e-02,8.828494e-03,2.117414e-01,2.521244e-02,4.390796e-02,1.199728e-02,9.824806e-03,6.429789e-03,6.688170e-04,2.149928e-03
1.999749e-02,8.122381e-03,2.079476e-01,5.291639e-02,1.623302e-01,7.180560e-02,6.629059e-03,3.993694e-01,1.779900e-02,3.090207e-02,8.565629e-03,6.909991e-03,4.574641e-03,4.869369e-04,1.643633e-03
1.598683e-02,6.055247e-03,1.544615e-01,4.260852e-02,1.312975e-01,5.306719e-02,5.332294e-03,5.411364e-01,1.250362e-02,2.167894e-02,6.140953e-03,4.887390e-03,3.303822e-03,3.546860e-04,1.185095e-03
1.660657e-02,4.487996e-03,1.144464e-01,3.494459e-02,1.103322e-01,3.827865e-02,4.590953e-03,6.401393e-01,9.066864e-03,1.527818e-02,4.455885e-03,3.619604e-03,2.510739e-03,2.937227e-04,9.484126e-04
1.923806e-02,3.488567e-03,8.786967e-02,2.968316e-02,9.982803e-02,2.835600e-02,4.388404e-03,6.996624e-01,6.628470e-03,1.102222e-02,3.490355e-03,2.866614e-03,2.261332e-03,3.038523e-04,9.129135e-04
2.079150e-02,2.875423e-03,6.608514e-02,3.124282e-02,9.470048e-02,2.158023e-02,4.625876e-03,7.372399e-01,4.924604e-03,7.921250e-03,2.680566e-03,2.170634e-03,1.985375e-03,3.177173e-04,8.585742e-04
3.441922e-02,3.536894e-03,5.600899e-02,6.010972e-02,9.864517e-02,1.913017e-02,4.816005e-03,7.051553e-01,4.384755e-03,5.821672e-03,2.347840e-03,1.854705e-03,2.327133e-03,5.557075e-04,8.868052e-04
6.011917e-02,4.025776e-03,5.391030e-02,7.389005e-02,1.121632e-01,2.084099e-02,7.171826e-03,6.475769e-01,5.737010e-03,5.112620e-03,2.276714e-03,2.060777e-03,2.572799e-03,1.275626e-03,1.266373e-03
1.870950e-01,7.744511e-03,6.373732e-02,6.288996e-02,1.009848e-01,3.066916e-02,1.037008e-02,5.049748e-01,5.824563e-03,7.151338e-03,3.759320e-03,5.162202e-03,3.031991e-03,2.859536e-03,3.745542e-03
3.168218e-01,1.071596e-02,6.429324e-02,4.725741e-02,8.637713e-02,3.191521e-02,1.055769e-02,3.806120e-01,6.335709e-03,1.079606e-02,5.741250e-03,9.977649e-03,3.685831e-03,5.028421e-03,9.884784e-03
3.709075e-01,1.209269e-02,6.056650e-02,3.896189e-02,7.894249e-02,3.213499e-02,1.453150e-02,3.340170e-01,6.008979e-03,1.535912e-02,5.796197e-03,1.145198e-02,4.149811e-03,4.636794e-03,1.044261e-02
4.394836e-01,1.320223e-02,5.271534e-02,3.081021e-02,6.490137e-02,3.004039e-02,1.268064e-02,2.816376e-01,6.152532e-03,1.777698e-02,7.070546e-03,1.517390e-02,5.507752e-03,5.703631e-03,1.714332e-02
3.903714e-01,1.593742e-02,4.455020e-02,3.115778e-02,4.952625e-02,4.272408e-02,9.464107e-03,2.029090e-01,1.250334e-02,6.838113e-02,1.430729e-02,2.043616e-02,6.984539e-03,2.068699e-02,7.006041e-02
3.726897e-01,1.554395e-02,3.234868e-02,2.849429e-02,3.586475e-02,4.231527e-02,7.151723e-03,1.445402e-01,2.736522e-02,1.055808e-01,1.294107e-02,1.803943e-02,9.782799e-03,2.136986e-02,1.259723e-01
3.622914e-01,1.395370e-02,2.347472e-02,2.454073e-02,2.569439e-02,5.913663e-02,5.349579e-03,1.033425e-01,3.061034e-02,9.939502e-02,1.112631e-02,1.542999e-02,1.098842e-02,2.420206e-02,1.904643e-01
3.752244e-01,1.360678e-02,1.778637e-02,2.350185e-02,1.889289e-02,4.981776e-02,4.079821e-03,7.641146e-02,3.817841e-02,1.105886e-01,1.160393e-02,1.559141e-02,1.266813e-02,2.620199e-02,2.058462e-01
3.926283e-01,1.366467e-02,1.368954e-02,2.256146e-02,1.406955e-02,5.916221e-02,3.356508e-03,5.561255e-02,3.752631e-02,8.837529e-02,1.984861e-02,1.699545e-02,1.471439e-02,4.435125e-02,2.034439e-01
3.940137e-01,1.293991e-02,1.046124e-02,1.899068e-02,1.035398e-02,6.564723e-02,2.634556e-03,4.014248e-02,3.095085e-02,7.020213e-02,1.972480e-02,1.597608e-02,1.363597e-02,4.365667e-02,2.506697e-01
4.445090e-01,1.284457e-02,9.423080e-03,1.729780e-02,7.934537e-03,6.844592e-02,2.120480e-03,2.876003e-02,2.592763e-02,5.336581e-02,2.900030e-02,1.918764e-02,1.412876e-02,4.402599e-02,2.230285e-01
4.952018e-01,1.149510e-02,1.078902e-02,1.400089e-02,6.234510e-03,7.355921e-02,1.700319e-03,2.047464e-02,2.089530e-02,4.224457e-02,3.371092e-02,1.731920e-02,1.362632e-02,5.361748e-02,1.851307e-01
3.649929e-01,1.052448e-02,1.387965e-02,1.014747e-02,4.681275e-03,7.236281e-02,1.277857e-03,1.441872e-02,1.781284e-02,4.383739e-02,5.598122e-02,1.281348e-02,1.074184e-02,1.880943e-01,1.784338e-01
2.623698e-01,1.291300e-02,4.039725e-02,9.779852e-03,4.356719e-03,6.001005e-02,1.007714e-03,1.014328e-02,2.022094e-02,4.077154e-02,5.084335e-02,9.539960e-03,8.789549e-03,3.179789e-01,1.508782e-01
1.842992e-01,1.014766e-02,3.690734e-02,6.940810e-03,3.150024e-03,4.557653e-02,7.536707e-04,7.108727e-03,1.532660e-02,4.054935e-02,7.060793e-02,6.791218e-03,6.407401e-03,4.570091e-01,1.084244e-01
1.429198e-01,1.121673e-02,3.690835e-02,6.989946e-03,4.127097e-03,3.562621e-02,6.920483e-04,5.177456e-03,1.160934e-02,4.918729e-02,6.206077e-02,4.991666e-03,4.787010e-03,5.350795e-01,8.862678e-02
1.038963e-01,9.392917e-03,3.019047e-02,5.325463e-03,3.738660e-03,2.654926e-02,5.576818e-04,3.712451e-03,8.689893e-03,6.572691e-02,5.179870e-02,3.614819e-03,3.512002e-03,6.061346e-01,7.715990e-02
7.287841e-02,6.985578e-03,2.180433e-02,4.127508e-03,3.454993e-03,2.075024e-02,4.146955e-04,2.647961e-03,7.305296e-03,2.984168e-01,3.817883e-02,2.917671e-03,3.202774e-03,4.531080e-01,6.380688e-02
5.102287e-02,4.925474e-03,1.549664e-02,2.896042e-03,2.497189e-03,1.457899e-02,2.910266e-04,1.854955e-03,5.177987e-03,5.055692e-01,2.701960e-02,2.181391e-03,2.960813e-03,3.179174e-01,4.561041e-02
3.592557e-02,3.639290e-03,1.095027e-02,2.221921e-03,2.406919e-03,1.071933e-02,2.183174e-04,1.326752e-03,4.565235e-03,6.103851e-01,3.190515e-02,3.632531e-03,1.770314e-02,2.265004e-01,3.790011e-02
2.619105e-02,4.557240e-03,8.001955e-03,2.271469e-03,2.351492e-03,1.056474e-02,2.068871e-04,1.115116e-03,7.929330e-03,5.654092e-01,3.549724e-02,7.044066e-03,4.041526e-02,1.635942e-01,1.248508e-01
1.876333e-02,4.249605e-03,5.932982e-03,2.141054e-03,2.379549e-03,9.947640e-03,2.401258e-04,8.664630e-04,7.053583e-03,5.380318e-01,4.397901e-02,1.226699e-02,4.715963e-02,1.239595e-01,1.830288e-01
1.366335e-02,3.947772e-03,4.982563e-03,5.968711e-03,2.473873e-03,1.804190e-02,2.707364e-04,6.530549e-04,6.841867e-03,4.772523e-01,5.861021e-02,3.733363e-02,4.789246e-02,9.656776e-02,2.254999e-01
1.027662e-02,3.451135e-03,4.394779e-03,9.393889e-03,2.141022e-03,3.516622e-02,3.109390e-04,4.982462e-04,5.702269e-03,3.570876e-01,1.413388e-01,1.350703e-01,4.278021e-02,7.171050e-02,1.806775e-01
7.974890e-03,4.300672e-03,6.110403e-03,1.593556e-02,1.753949e-03,6.278422e-02,6.161017e-04,3.902851e-04,1.661173e-02,2.657740e-01,1.558396e-01,2.483833e-01,3.139964e-02,5.096407e-02,1.311616e-01
6.536173e-03,3.309922e-03,4.602227e-03,1.259342e-02,1.391512e-03,6.764033e-02,1.055020e-03,3.066018e-04,1.228487e-02,1.900495e-01,2.243679e-01,3.226264e-01,2.333129e-02,3.639800e-02,9.350687e-02
5.900767e-03,2.496941e-03,3.357080e-03,1.068430e-02,1.284352e-03,8.280456e-02,1.315924e-03,2.657088e-04,8.803632e-03,1.363157e-01,1.808676e-01,4.565558e-01,1.732811e-02,2.602854e-02,6.599091e-02
5.068083e-03,2.231135e-03,2.653977e-03,7.953896e-03,8.949140e-03,6.947579e-02,1.052606e-03,3.134747e-04,6.872263e-03,9.584720e-02,1.507908e-01,5.705615e-01,1.283369e-02,1.886498e-02,4.653144e-02
3.677027e-03,1.652221e-03,1.903425e-03,5.735845e-03,7.155801e-03,5.003846e-02,7.484759e-04,2.563018e-04,4.972021e-03,6.765494e-02,1.175514e-01,6.832581e-01,9.323171e-03,1.341494e-02,3.265788e-02
2.622346e-03,1.241046e-03,1.363570e-03,4.137193e-03,5.688864e-03,3.589059e-02,5.398029e-04,1.908394e-04,3.623342e-03,4.773893e-02,9.023096e-02,7.674195e-01,6.801879e-03,9.569416e-03,2.294174e-02
1.886916e-03,1.107694e-03,1.029332e-03,2.943125e-03,4.803367e-03,2.627465e-02,4.398657e-04,1.606594e-04,2.616250e-03,3.354616e-02,7.010937e-02,8.271806e-01,4.888012e-03,6.833700e-03,1.618023e-02
1.387120e-03,8.235560e-04,7.434451e-04,2.073993e-03,3.521039e-03,1.934280e-02,3.343267e-04,1.232784e-04,1.884559e-03,2.353498e-02,5.578995e-02,8.707153e-01,3.491715e-03,4.863790e-03,1.137018e-02
1.460943e-03,6.034106e-04,5.314479e-04,1.467034e-03,2.648697e-03,1.460158e-02,3.180990e-04,1.523515e-04,1.372061e-03,1.653242e-02,4.830405e-02,8.979077e-01,2.611511e-03,3.514725e-03,7.973922e-03
1.140233e-03,4.320369e-04,3.765136e-04,1.033242e-03,2.086259e-03,1.063913e-02,3.003229e-04,1.642087e-04,9.772922e-04,1.161911e-02,3.802463e-02,9.231390e-01,1.944627e-03,2.538627e-03,5.584812e-03
8.336513e-04,3.174212e-04,2.690028e-04,7.280333e-04,1.715110e-03,7.662280e-03,2.735420e-04,1.846250e-04,7.303716e-04,8.173971e-03,2.964771e-02,9.423007e-01,1.423363e-03,1.827955e-03,3.912302e-03
6.131872e-04,2.496857e-04,2.015083e-04,5.117529e-04,1.622455e-03,5.471268e-03,2.139003e-04,1.518836e-04,5.971047e-04,5.808115e-03,2.392212e-02,9.555051e-01,1.047977e-03,1.341656e-03,2.742283e-03
4.435541e-04,1.933070e-04,1.579079e-04,3.600060e-04,1.439743e-03,3.977628e-03,1.640207e-04,1.290106e-04,4.711207e-04,4.171995e-03,1.892489e-02,9.658818e-01,7.765806e-04,9.864881e-04,1.921999e-03
3.200455e-04,1.813240e-04,1.308038e-04,2.545373e-04,2.046752e-03,3.000016e-03,1.535569e-04,1.143098e-04,3.655665e-04,3.044260e-03,1.694107e-02,9.707577e-01,6.113497e-04,7.290638e-04,1.349620e-03
2.460210e-04,1.462456e-04,1.108745e-04,1.803682e-04,1.608183e-03,2.279529e-03,1.644576e-04,1.418300e-04,2.710735e-04,2.364316e-03,1.335641e-02,9.771274e-01,4.854294e-04,5.714434e-04,9.464005e-04
2.178598e-04,1.157157e-04,9.757244e-05,1.302677e-04,1.466436e-03,1.838971e-03,2.657388e-04,3.479601e-04,2.196043e-04,2.083282e-03,1.196885e-02,9.796815e-01,4.076035e-04,4.938663e-04,6.647421e-04
2.072303e-04,2.012398e-04,2.256155e-04,9.836294e-05,8.601025e-03,1.494888e-03,3.375181e-04,3.421102e-04,3.206924e-04,1.711984e-03,1.010244e-02,9.750980e-01,3.744673e-04,4.064388e-04,4.779038e-04
1.633600e-04,1.533474e-04,1.812847e-04,7.243661e-05,6.296963e-03,1.194567e-03,2.509267e-04,2.656637e-04,2.471812e-04,1.522540e-03,8.556150e-03,9.801027e-01,3.390085e-04,3.168059e-04,3.370034e-04
1.420457e-04,1.338596e-04,1.592570e-04,5.666333e-05,4.873369e-03,9.826773e-04,2.141958e-04,2.192625e-04,1.906111e-04,1.399415e-03,7.906743e-03,9.827827e-01,4.565030e-04,2.448970e-04,2.377139e-04
1.855324e-04,1.418121e-04,2.357806e-04,4.786861e-05,9.241981e-03,1.000859e-03,3.303072e-04,3.414219e-04,2.387984e-04,1.347090e-03,6.591528e-03,9.793491e-01,5.663690e-04,2.080087e-04,1.734372e-04
3.496857e-04,1.685080e-04,5.073901e-04,4.584849e-05,9.678314e-03,1.201685e-03,4.621842e-04,6.382635e-04,2.977325e-04,1.349880e-03,5.876134e-03,9.781783e-01,9.399425e-04,1.687178e-04,1.373630e-04
8.783742e-04,1.917864e-04,7.753487e-04,5.555963e-05,9.603245e-03,1.893056e-03,7.530989e-04,8.834905e-04,3.233941e-04,1.216846e-03,5.179732e-03,9.770201e-01,9.798452e-04,1.448648e-04,1.011422e-04
1.318453e-03,2.712188e-04,1.189774e-03,6.112357e-05,8.379949e-03,3.142606e-03,1.175275e-03,1.343158e-03,5.015584e-04,1.286891e-03,4.555180e-03,9.756321e-01,9.293084e-04,1.368198e-04,7.657609e-05
1.444670e-03,2.235327e-04,1.059340e-03,6.552740e-05,6.407647e-03,3.803167e-03,1.190742e-03,2.596908e-03,6.302453e-04,1.162564e-03,4.337749e-03,9.761094e-01,7.839709e-04,1.265176e-04,5.798153e-05
1.733092e-03,3.014801e-04,1.916536e-03,2.220528e-04,5.529569e-03,7.471917e-03,1.274008e-03,6.623853e-03,6.069599e-04,1.235164e-03,5.816244e-03,9.664099e-01,6.918410e-04,1.197552e-04,4.751262e-05
2.077794e-03,3.000918e-04,1.559474e-03,2.115133e-04,4.942350e-03,1.252006e-02,1.179005e-03,6.093729e-03,5.567032e-04,1.357623e-03,6.562291e-03,9.618984e-01,5.850486e-04,1.173217e-04,3.849725e-05
3.475321e-03,2.618053e-04,1.462100e-03,2.716945e-04,9.809079e-03,1.613739e-02,3.114555e-03,8.251419e-03,1.398345e-03,2.011770e-03,5.358345e-03,9.476973e-01,6.167507e-04,1.019227e-04,3.209630e-05
5.647281e-03,2.665836e-04,1.592970e-03,8.670053e-04,1.471540e-02,4.273641e-02,1.906455e-02,1.878179e-02,1.446898e-03,1.089662e-02,4.885640e-03,8.783319e-01,6.509662e-04,8.572516e-05,3.024648e-05
2.633440e-02,4.029029e-04,1.833222e-03,3.847549e-03,9.824616e-02,5.536290e-02,2.389499e-02,4.368955e-02,4.042011e-03,5.609049e-02,6.278535e-03,6.784366e-01,1.393402e-03,1.091227e-04,3.815536e-05
8.082187e-02,1.120161e-03,6.030028e-03,4.511065e-03,1.929340e-01,5.297886e-02,2.139900e-02,4.177802e-02,4.059614e-03,4.474324e-02,1.273453e-02,5.345722e-01,1.905504e-03,3.064028e-04,1.054487e-04
1.090541e-01,1.216581e-03,9.908654e-03,5.792052e-03,2.470750e-01,5.018907e-02,2.116864e-02,7.515582e-02,3.850176e-03,3.389934e-02,1.563399e-02,4.239869e-01,2.259007e-03,6.368358e-04,1.737828e-04
1.712905e-01,1.387295e-03,8.682895e-03,7.791005e-03,2.229225e-01,4.442631e-02,1.771134e-02,8.210897e-02,4.444161e-03,3.192053e-02,3.183485e-02,3.678470e-01,5.245146e-03,1.825216e-03,5.622773e-04
2.078229e-01,1.866103e-03,7.108964e-03,9.572897e-03,2.076245e-01,4.664184e-02,1.396859e-02,8.177289e-02,5.860408e-03,2.971432e-02,5.066135e-02,3.249981e-01,8.606060e-03,2.985269e-03,7.957112e-04
2.094689e-01,1.732627e-03,5.471741e-03,1.254138e-02,2.685072e-01,3.819168e-02,1.033730e-02,7.566238e-02,9.672878e-03,2.945495e-02,5.983660e-02,2.682387e-01,7.074546e-03,3.069117e-03,7.399995e-04
2.025492e-01,1.831931e-03,4.393101e-03,1.853047e-02,3.240002e-01,5.338426e-02,8.234227e-03,7.144882e-02,1.347061e-02,3.531094e-02,5.607375e-02,2.009927e-01,5.665048e-03,3.131568e-03,9.831730e-04
1.957396e-01,1.830001e-03,3.579171e-03,2.086124e-02,3.716255e-01,6.047145e-02,6.763944e-03,6.366086e-02,1.837730e-02,3.367538e-02,6.123112e-02,1.526241e-01,4.856912e-03,3.640451e-03,1.062873e-03
2.219965e-01,1.900078e-03,3.266599e-03,2.319697e-02,2.982877e-01,5.451290e-02,7.339858e-03,6.182100e-02,3.170896e-02,4.574497e-02,1.048899e-01,1.289166e-01,5.126104e-03,9.592261e-03,1.699527e-03
2.784741e-01,1.897085e-03,2.799434e-03,2.015694e-02,2.402918e-01,4.434245e-02,7.737763e-03,5.457151e-02,3.409707e-02,5.125802e-02,1.290817e-01,1.157861e-01,5.356383e-03,1.180475e-02,2.344899e-03
