1.000000e+00,0.000000e+00,0.000000e+00,0.000000e+00,0.000000e+00,0.000000e+00,0.000000e+00,0.000000e+00,0.000000e+00,0.000000e+00,0.000000e+00,0.000000e+00,0.000000e+00,0.000000e+00,0.000000e+00
1.000000e+00,0.000000e+00,0.000000e+00,0.000000e+00,0.000000e+00,0.000000e+00,0.000000e+00,0.000000e+00,0.000000e+00,0.000000e+00,0.000000e+00,0.000000e+00,0.000000e+00,0.000000e+00,0.000000e+00
1.000000e+00,0.000000e+00,0.000000e+00,0.000000e+00,0.000000e+00,0.000000e+00,0.000000e+00,0.000000e+00,0.000000e+00,0.000000e+00,0.000000e+00,0.000000e+00,0.000000e+00,0.000000e+00,0.000000e+00
1.000000e+00,0.000000e+00,0.000000e+00,0.000000e+00,0.000000e+00,0.000000e+00,0.000000e+00,0.000000e+00,0.000000e+00,0.000000e+00,0.000000e+00,0.000000e+00,0.000000e+00,0.000000e+00,0.000000e+00
1.000000e+00,0.000000e+00,0.000000e+00,0.000000e+00,0.000000e+00,0.000000e+00,0.000000e+00,0.000000e+00,0.000000e+00,0.000000e+00,0.000000e+00,0.000000e+00,0.000000e+00,0.000000e+00,0.000000e+00
1.000000e+00,0.000000e+00,0.000000e+00,0.000000e+00,0.000000e+00,0.000000e+00,0.000000e+00,0.000000e+00,0.000000e+00,0.000000e+00,0.000000e+00,0.000000e+00,0.000000e+00,0.000000e+00,0.000000e+00
1.000000e+00,0.000000e+00,0.000000e+00,0.000000e+00,0.000000e+00,0.000000e+00,0.000000e+00,0.000000e+00,0.000000e+00,0.000000e+00,0.000000e+00,0.000000e+00,0.000000e+00,0.000000e+00,0.000000e+00
1.000000e+00,0.000000e+00,0.000000e+00,0.000000e+00,0.000000e+00,0.000000e+00,0.000000e+00,0.000000e+00,0.000000e+00,0.000000e+00,0.000000e+00,0.000000e+00,0.000000e+00,0.000000e+00,0.000000e+00
1.000000e+00,0.000000e+00,0.000000e+00,0.000000e+00,0.000000e+00,0.000000e+00,0.000000e+00,0.000000e+00,0.000000e+00,0.000000e+00,0.000000e+00,0.000000e+00,0.000000e+00,0.000000e+00,0.000000e+00
1.000000e+00,0.000000e+00,0.000000e+00,0.000000e+00,0.000000e+00,0.000000e+00,0.000000e+00,0.000000e+00,0.000000e+00,0.000000e+00,0.000000e+00,0.000000e+00,0.000000e+00,0.000000e+00,0.000000e+00
1.000000e+00,0.000000e+00,0.000000e+00,0.000000e+00,0.000000e+00,0.000000e+00,0.000000e+00,0.000000e+00,0.000000e+00,0.000000e+00,0.000000e+00,0.000000e+00,0.000000e+00,0.000000e+00,0.000000e+00
1.000000e+00,0.000000e+00,0.000000e+00,0.000000e+00,0.000000e+00,0.000000e+00,0.000000e+00,0.000000e+00,0.000000e+00,0.000000e+00,0.000000e+00,0.000000e+00,0.000000e+00,0.000000e+00,0.000000e+00
1.000000e+00,0.000000e+00,0.000000e+00,0.000000e+00,0.000000e+00,0.000000e+00,0.000000e+00,0.000000e+00,0.000000e+00,0.000000e+00,0.000000e+00,0.000000e+00,0.000000e+00,0.000000e+00,0.000000e+00
1.000000e+00,0.000000e+00,0.000000e+00,0.000000e+00,0.000000e+00,0.000000e+00,0.000000e+00,0.000000e+00,0.000000e+00,0.000000e+00,0.000000e+00,0.000000e+00,0.000000e+00,0.000000e+00,0.000000e+00
1.000000e+00,0.000000e+00,0.000000e+00,0.000000e+00,0.000000e+00,0.000000e+00,0.000000e+00,0.000000e+00,0.000000e+00,0.000000e+00,0.000000e+00,0.000000e+00,0.000000e+00,0.000000e+00,0.000000e+00
1.000000e+00,0.000000e+00,0.000000e+00,0.000000e+00,0.000000e+00,0.000000e+00,0.000000e+00,0.000000e+00,0.000000e+00,0.000000e+00,0.000000e+00,0.000000e+00,0.000000e+00,0.000000e+00,0.000000e+00
1.000000e+00,0.000000e+00,0.000000e+00,0.000000e+00,0.000000e+00,0.000000e+00,0.000000e+00,0.000000e+00,0.000000e+00,0.000000e+00,0.000000e+00,0.000000e+00,0.000000e+00,0.000000e+00,0.000000e+00
1.000000e+00,0.000000e+00,0.000000e+00,0.000000e+00,0.000000e+00,0.000000e+00,0.000000e+00,0.000000e+00,0.000000e+00,0.000000e+00,0.000000e+00,0.000000e+00,0.000000e+00,0.000000e+00,0.000000e+00
1.000000e+00,0.000000e+00,0.000000e+00,0.000000e+00,0.000000e+00,0.000000e+00,0.000000e+00,0.000000e+00,0.000000e+00,0.000000e+00,0.000000e+00,0.000000e+00,0.000000e+00,0.000000e+00,0.000000e+00
1.000000e+00,0.000000e+00,0.000000e+00,0.000000e+00,0.000000e+00,0.000000e+00,0.000000e+00,0.000000e+00,0.000000e+00,0.000000e+00,0.000000e+00,0.000000e+00,0.000000e+00,0.000000e+00,0.000000e+00
1.000000e+00,0.000000e+00,0.000000e+00,0.000000e+00,0.000000e+00,0.000000e+00,0.000000e+00,0.000000e+00,0.000000e+00,0.000000e+00,0.000000e+00,0.000000e+00,0.000000e+00,0.000000e+00,0.000000e+00
1.000000e+00,0.000000e+00,0.000000e+00,0.000000e+00,0.000000e+00,0.000000e+00,0.000000e+00,0.000000e+00,0.000000e+00,0.000000e+00,0.000000e+00,0.000000e+00,0.000000e+00,0.000000e+00,0.000000e+00
1.000000e+00,0.000000e+00,0.000000e+00,0.000000e+00,0.000000e+00,0.000000e+00,0.000000e+00,0.000000e+00,0.000000e+00,0.000000e+00,0.000000e+00,0.000000e+00,0.000000e+00,0.000000e+00,0.000000e+00
1.000000e+00,0.000000e+00,0.000000e+00,0.000000e+00,0.000000e+00,0.000000e+00,0.000000e+00,0.000000e+00,0.000000e+00,0.000000e+00,0.000000e+00,0.000000e+00,0.000000e+00,0.000000e+00,0.000000e+00
1.000000e+00,0.000000e+00,0.000000e+00,0.000000e+00,0.000000e+00,0.000000e+00,0.000000e+00,0.000000e+00,0.000000e+00,0.000000e+00,0.000000e+00,0.000000e+00,0.000000e+00,0.000000e+00,0.000000e+00
1.000000e+00,0.000000e+00,0.000000e+00,0.000000e+00,0.000000e+00,0.000000e+00,0.000000e+00,0.000000e+00,0.000000e+00,0.000000e+00,0.000000e+00,0.000000e+00,0.000000e+00,0.000000e+00,0.000000e+00
1.000000e+00,0.000000e+00,0.000000e+00,0.000000e+00,0.000000e+00,0.000000e+00,0.000000e+00,0.000000e+00,0.000000e+00,0.000000e+00,0.000000e+00,0.000000e+00,0.000000e+00,0.000000e+00,0.000000e+00
1.000000e+00,0.000000e+00,0.000000e+00,0.000000e+00,0.000000e+00,0.000000e+00,0.000000e+00,0.000000e+00,0.000000e+00,0.000000e+00,0.000000e+00,0.000000e+00,0.000000e+00,0.000000e+00,0.000000e+00
1.000000e+00,0.000000e+00,0.000000e+00,0.000000e+00,0.000000e+00,0.000000e+00,0.000000e+00,0.000000e+00,0.000000e+00,0.000000e+00,0.000000e+00,0.000000e+00,0.000000e+00,0.000000e+00,0.000000e+00
1.000000e+00,0.000000e+00,0.000000e+00,0.000000e+00,0.000000e+00,0.000000e+00,0.000000e+00,0.000000e+00,0.000000e+00,0.000000e+00,0.000000e+00,0.000000e+00,0.000000e+00,0.000000e+00,0.000000e+00
1.000000e+00,0.000000e+00,0.000000e+00,0.000000e+00,0.000000e+00,0.000000e+00,0.000000e+00,0.000000e+00,0.000000e+00,0.000000e+00,0.000000e+00,0.000000e+00,0.000000e+00,0.000000e+00,0.000000e+00
1.000000e+00,0.000000e+00,0.000000e+00,0.000000e+00,0.000000e+00,0.000000e+00,0.000000e+00,0.000000e+00,0.000000e+00,0.000000e+00,0.000000e+00,0.000000e+00,0.000000e+00,0.000000e+00,0.000000e+00
1.000000e+00,0.000000e+00,0.000000e+00,0.000000e+00,0.000000e+00,0.000000e+00,0.000000e+00,0.000000e+00,0.000000e+00,0.000000e+00,0.000000e+00,0.000000e+00,0.000000e+00,0.000000e+00,0.000000e+00
1.000000e+00,0.000000e+00,0.000000e+00,0.000000e+00,0.000000e+00,0.000000e+00,0.000000e+00,0.000000e+00,0.000000e+00,0.000000e+00,0.000000e+00,0.000000e+00,0.000000e+00,0.000000e+00,0.000000e+00
1.000000e+00,0.000000e+00,0.000000e+00,0.000000e+00,0.000000e+00,0.000000e+00,0.000000e+00,0.000000e+00,0.000000e+00,0.000000e+00,0.000000e+00,0.000000e+00,0.000000e+00,0.000000e+00,0.000000e+00
1.000000e+00,0.000000e+00,0.000000e+00,0.000000e+00,0.000000e+00,0.000000e+00,0.000000e+00,0.000000e+00,0.000000e+00,0.000000e+00,0.000000e+00,0.000000e+00,0.000000e+00,0.000000e+00,0.000000e+00
1.000000e+00,0.000000e+00,0.000000e+00,0.000000e+00,0.000000e+00,0.000000e+00,0.000000e+00,0.000000e+00,0.000000e+00,0.000000e+00,0.000000e+00,0.000000e+00,0.000000e+00,0.000000e+00,0.000000e+00
1.000000e+00,0.000000e+00,0.000000e+00,0.000000e+00,0.000000e+00,0.000000e+00,0.000000e+00,0.000000e+00,0.000000e+00,0.000000e+00,0.000000e+00,0.000000e+00,0.000000e+00,0.000000e+00,0.000000e+00
1.000000e+00,0.000000e+00,0.000000e+00,0.000000e+00,0.000000e+00,0.000000e+00,0.000000e+00,0.000000e+00,0.000000e+00,0.000000e+00,0.000000e+00,0.000000e+00,0.000000e+00,0.000000e+00,0.000000e+00
1.000000e+00,0.000000e+00,0.000000e+00,0.000000e+00,0.000000e+00,0.000000e+00,0.000000e+00,0.000000e+00,0.000000e+00,0.000000e+00,0.000000e+00,0.000000e+00,0.000000e+00,0.000000e+00,0.000000e+00
1.000000e+00,0.000000e+00,0.000000e+00,0.000000e+00,0.000000e+00,0.000000e+00,0.000000e+00,0.000000e+00,0.000000e+00,0.000000e+00,0.000000e+00,0.000000e+00,0.000000e+00,0.000000e+00,0.000000e+00
1.000000e+00,0.000000e+00,0.000000e+00,0.000000e+00,0.000000e+00,0.000000e+00,0.000000e+00,0.000000e+00,0.000000e+00,0.000000e+00,0.000000e+00,0.000000e+00,0.000000e+00,0.000000e+00,0.000000e+00
1.000000e+00,0.000000e+00,0.000000e+00,0.000000e+00,0.000000e+00,0.000000e+00,0.000000e+00,0.000000e+00,0.000000e+00,0.000000e+00,0.000000e+00,0.000000e+00,0.000000e+00,0.000000e+00,0.000000e+00
1.000000e+00,0.000000e+00,0.000000e+00,0.000000e+00,0.000000e+00,0.000000e+00,0.000000e+00,0.000000e+00,0.000000e+00,0.000000e+00,0.000000e+00,0.000000e+00,0.000000e+00,0.000000e+00,0.000000e+00
1.000000e+00,0.000000e+00,0.000000e+00,0.000000e+00,0.000000e+00,0.000000e+00,0.000000e+00,0.000000e+00,0.000000e+00,0.000000e+00,0.000000e+00,0.000000e+00,0.000000e+00,0.000000e+00,0.000000e+00
1.000000e+00,0.000000e+00,0.000000e+00,0.000000e+00,0.000000e+00,0.000000e+00,0.000000e+00,0.000000e+00,0.000000e+00,0.000000e+00,0.000000e+00,0.000000e+00,0.000000e+00,0.000000e+00,0.000000e+00
1.000000e+00,0.000000e+00,0.000000e+00,0.000000e+00,0.000000e+00,0.000000e+00,0.000000e+00,0.000000e+00,0.000000e+00,0.000000e+00,0.000000e+00,0.000000e+00,0.000000e+00,0.000000e+00,0.000000e+00
1.000000e+00,0.000000e+00,0.000000e+00,0.000000e+00,0.000000e+00,0.000000e+00,0.000000e+00,0.000000e+00,0.000000e+00,0.000000e+00,0.000000e+00,0.000000e+00,0.000000e+00,0.000000e+00,0.000000e+00
1.000000e+00,0.000000e+00,0.000000e+00,0.000000e+00,0.000000e+00,0.000000e+00,0.000000e+00,0.000000e+00,0.000000e+00,0.000000e+00,0.000000e+00,0.000000e+00,0.000000e+00,0.000000e+00,0.000000e+00
1.000000e+00,0.000000e+00,0.000000e+00,0.000000e+00,0.000000e+00,0.000000e+00,0.000000e+00,0.000000e+00,0.000000e+00,0.000000e+00,0.000000e+00,0.000000e+00,0.000000e+00,0.000000e+00,0.000000e+00
1.000000e+00,0.000000e+00,0.000000e+00,0.000000e+00,0.000000e+00,0.000000e+00,0.000000e+00,0.000000e+00,0.000000e+00,0.000000e+00,0.000000e+00,0.000000e+00,0.000000e+00,0.000000e+00,0.000000e+00
1.000000e+00,0.000000e+00,0.000000e+00,0.000000e+00,0.000000e+00,0.000000e+00,0.000000e+00,0.000000e+00,0.000000e+00,0.000000e+00,0.000000e+00,0.000000e+00,0.000000e+00,0.000000e+00,0.000000e+00
1.000000e+00,0.000000e+00,0.000000e+00,0.000000e+00,0.000000e+00,0.000000e+00,0.000000e+00,0.000000e+00,0.000000e+00,0.000000e+00,0.000000e+00,0.000000e+00,0.000000e+00,0.000000e+00,0.000000e+00
1.000000e+00,0.000000e+00,0.000000e+00,0.000000e+00,0.000000e+00,0.000000e+00,0.000000e+00,0.000000e+00,0.000000e+00,0.000000e+00,0.000000e+00,0.000000e+00,0.000000e+00,0.000000e+00,0.000000e+00
1.000000e+00,0.000000e+00,0.000000e+00,0.000000e+00,0.000000e+00,0.000000e+00,0.000000e+00,0.000000e+00,0.000000e+00,0.000000e+00,0.000000e+00,0.000000e+00,0.000000e+00,0.000000e+00,0.000000e+00
1.000000e+00,0.000000e+00,0.000000e+00,0.000000e+00,0.000000e+00,0.000000e+00,0.000000e+00,0.000000e+00,0.000000e+00,0.000000e+00,0.000000e+00,0.000000e+00,0.000000e+00,0.000000e+00,0.000000e+00
1.000000e+00,0.000000e+00,0.000000e+00,0.000000e+00,0.000000e+00,0.000000e+00,0.000000e+00,0.000000e+00,0.000000e+00,0.000000e+00,0.000000e+00,0.000000e+00,0.000000e+00,0.000000e+00,0.000000e+00
1.000000e+00,0.000000e+00,0.000000e+00,0.000000e+00,0.000000e+00,0.000000e+00,0.000000e+00,0.000000e+00,0.000000e+00,0.000000e+00,0.000000e+00,0.000000e+00,0.000000e+00,0.000000e+00,0.000000e+00
1.000000e+00,0.000000e+00,0.000000e+00,0.000000e+00,0.000000e+00,0.000000e+00,0.000000e+00,0.000000e+00,0.000000e+00,0.000000e+00,0.000000e+00,0.000000e+00,0.000000e+00,0.000000e+00,0.000000e+00
1.000000e+00,0.000000e+00,0.000000e+00,0.000000e+00,0.000000e+00,0.000000e+00,0.000000e+00,0.000000e+00,0.000000e+00,0.000000e+00,0.000000e+00,0.000000e+00,0.000000e+00,0.000000e+00,0.000000e+00
4.249769e-01,1.712389e-02,2.332011e-01,5.093139e-02,6.305170e-03,7.423474e-02,6.488393e-02,5.424715e-02,3.541768e-03,1.151581e-03,6.788310e-03,2.654734e-02,2.515755e-02,1.186507e-03,9.722753e-03
3.214366e-01,1.243253e-02,3.151665e-01,4.178673e-02,5.190205e-03,6.980675e-02,8.440806e-02,9.147874e-02,2.672170e-03,8.445622e-04,4.949071e-03,1.935699e-02,2.243962e-02,8.978878e-04,7.133481e-03
2.847185e-01,9.275541e-03,3.185264e-01,3.863743e-02,4.712424e-03,7.140417e-02,9.769735e-02,1.287951e-01,2.031418e-03,6.498711e-04,3.697223e-03,1.459447e-02,1.912703e-02,7.525815e-04,5.380390e-03
2.853718e-01,6.805742e-03,2.841643e-01,3.310241e-02,4.014167e-03,6.791639e-02,1.054167e-01,1.770145e-01,1.541584e-03,5.057317e-04,2.780143e-03,1.104399e-02,1.558346e-02,6.042900e-04,4.134756e-03
2.458769e-01,4.923611e-03,3.078505e-01,3.706520e-02,3.352227e-03,5.808527e-02,8.893652e-02,2.267905e-01,1.164057e-03,4.029000e-04,2.034762e-03,8.066950e-03,1.195935e-02,4.617121e-04,3.029507e-03
2.026243e-01,3.654794e-03,2.980339e-01,3.182939e-02,3.215896e-03,4.777947e-02,1.287081e-01,2.615410e-01,9.195887e-04,3.629870e-04,1.519520e-03,5.842124e-03,1.136466e-02,3.563004e-04,2.247990e-03
1.656596e-01,2.788301e-03,3.317391e-01,3.415816e-02,3.369373e-03,3.739168e-02,1.107907e-01,2.949165e-01,7.532949e-04,3.704572e-04,1.233442e-03,4.380305e-03,1.045279e-02,2.848979e-04,1.711452e-03
1.250198e-01,2.046814e-03,2.554000e-01,2.660480e-02,3.474262e-03,2.773632e-02,1.093740e-01,4.347958e-01,5.802845e-04,3.164105e-04,9.708075e-04,3.246378e-03,8.927148e-03,2.184942e-04,1.288582e-03
9.433511e-02,1.541330e-03,1.973684e-01,2.310554e-02,3.538977e-03,2.038484e-02,8.644132e-02,5.592395e-01,4.613895e-04,3.154320e-04,8.192066e-04,2.575541e-03,8.710599e-03,1.836770e-04,9.791565e-04
7.691891e-02,1.173463e-03,1.446688e-01,1.823634e-02,3.960539e-03,1.531672e-02,7.075701e-02,6.570067e-01,3.576221e-04,2.756977e-04,6.704127e-04,2.082676e-03,7.666117e-03,1.466814e-04,7.623251e-04
9.330097e-02,9.777581e-04,1.056912e-01,1.460836e-02,5.152942e-03,1.378464e-02,5.865832e-02,6.953816e-01,3.368779e-04,2.743368e-04,5.781950e-04,2.854033e-03,7.481689e-03,1.353820e-04,7.836173e-04
1.119576e-01,7.728857e-04,7.596675e-02,1.180219e-02,6.433108e-03,1.166213e-02,4.581964e-02,7.231610e-01,3.426445e-04,2.698806e-04,5.183053e-04,3.551665e-03,6.904630e-03,1.169404e-04,7.205513e-04
1.432242e-01,6.077496e-04,5.490048e-02,9.391611e-03,6.719423e-03,9.822408e-03,3.730413e-02,7.258022e-01,3.147176e-04,2.905811e-04,5.270201e-04,4.117092e-03,5.875209e-03,1.353909e-04,9.677907e-04
1.538588e-01,4.941697e-04,4.037654e-02,7.924421e-03,6.514376e-03,9.273797e-03,3.011710e-02,7.387337e-01,2.978280e-04,3.173898e-04,5.543731e-04,4.870580e-03,5.517912e-03,1.437002e-04,1.005291e-03
1.688754e-01,5.025765e-04,2.930463e-02,6.230265e-03,7.800575e-03,2.062267e-02,2.994244e-02,7.197396e-01,3.213938e-04,3.875970e-04,5.234823e-04,6.749304e-03,7.581703e-03,1.548549e-04,1.263419e-03
2.526576e-01,4.701683e-04,2.104966e-02,5.144024e-03,1.038273e-02,2.836926e-02,2.522498e-02,6.332021e-01,4.841461e-04,3.057710e-04,5.068110e-04,9.586534e-03,1.105362e-02,2.022504e-04,1.360338e-03
2.250275e-01,1.514982e-03,1.760036e-02,5.269689e-03,1.058415e-02,2.545034e-02,2.182430e-02,5.718383e-01,1.592410e-03,1.868142e-03,5.085029e-03,2.089417e-02,8.771338e-02,8.244871e-04,2.912814e-03
1.992249e-01,2.853032e-03,1.314372e-02,5.278325e-03,9.109825e-03,2.327469e-02,1.720429e-02,4.614383e-01,3.340328e-03,3.434816e-03,7.356484e-03,3.068984e-02,2.155442e-01,1.094375e-03,7.012907e-03
1.973518e-01,3.186411e-03,9.921012e-03,5.291097e-03,1.208590e-02,2.120055e-02,1.443149e-02,3.648298e-01,7.125092e-03,3.146256e-03,1.887225e-02,4.876215e-02,2.837312e-01,1.357681e-03,8.707293e-03
1.691007e-01,3.580596e-03,8.001815e-03,1.792180e-02,1.602656e-02,2.005164e-02,1.163816e-02,2.683285e-01,3.655513e-02,2.910508e-03,2.715490e-02,7.967582e-02,3.260758e-01,1.432253e-03,1.154582e-02
1.543774e-01,4.196745e-03,9.107071e-03,1.878567e-02,1.961487e-02,2.746643e-02,1.258482e-02,1.932027e-01,6.714901e-02,3.577706e-03,3.406607e-02,9.804101e-02,3.415453e-01,1.869047e-03,1.441612e-02
1.764345e-01,4.409427e-03,7.671350e-03,2.817515e-02,2.187235e-02,2.550980e-02,1.352641e-02,1.391625e-01,1.077696e-01,3.229708e-03,3.524191e-02,1.033621e-01,3.123843e-01,3.133456e-03,1.811739e-02
1.558132e-01,3.619850e-03,6.903491e-03,2.490742e-02,1.749125e-02,2.256125e-02,1.088681e-02,1.003935e-01,9.054375e-02,2.853518e-03,3.629584e-02,1.095718e-01,3.969546e-01,4.756478e-03,1.644728e-02
1.226552e-01,3.137459e-03,7.113853e-03,1.990606e-02,2.183923e-02,1.676184e-02,8.030281e-03,7.261989e-02,9.132548e-02,2.354766e-03,6.028054e-02,1.079330e-01,4.490836e-01,3.993346e-03,1.296550e-02
1.319237e-01,4.269869e-03,7.800390e-03,2.814624e-02,3.043342e-02,4.512658e-02,6.347357e-03,5.496173e-02,9.883080e-02,2.831020e-03,5.299048e-02,9.821770e-02,4.155299e-01,3.575200e-03,1.901558e-02
1.177995e-01,3.495090e-03,7.338885e-03,2.206803e-02,2.935268e-02,3.423294e-02,5.184659e-03,1.395902e-01,7.901837e-02,2.345738e-03,6.179346e-02,8.367893e-02,3.954778e-01,2.878222e-03,1.574548e-02
1.534002e-01,2.827331e-03,6.857693e-03,1.949276e-02,3.037032e-02,6.776855e-02,5.576296e-03,1.520432e-01,7.069226e-02,2.331438e-03,6.182225e-02,8.454281e-02,3.277051e-01,2.473129e-03,1.209665e-02
1.297001e-01,2.045379e-03,5.387367e-03,1.407454e-02,2.341000e-02,4.977646e-02,4.342294e-03,3.520486e-01,5.140764e-02,1.727622e-03,4.749037e-02,6.298061e-02,2.449012e-01,1.810732e-03,8.897046e-03
1.280044e-01,1.556741e-03,4.806551e-03,1.175342e-02,4.581132e-02,3.644221e-02,4.435691e-03,4.533053e-01,4.441106e-02,1.311965e-03,3.788723e-02,4.551603e-02,1.766837e-01,1.338336e-03,6.736105e-03
2.447417e-01,3.155491e-03,3.927763e-03,1.262548e-02,8.010215e-02,3.078945e-02,4.620315e-03,3.609864e-01,5.672457e-02,1.027485e-03,2.986264e-02,3.582783e-02,1.290307e-01,1.043206e-03,5.534958e-03
3.588883e-01,6.319243e-03,3.529062e-03,1.427471e-02,8.912155e-02,2.988120e-02,6.702804e-03,2.681897e-01,6.557445e-02,8.496238e-04,2.291720e-02,2.966871e-02,9.849095e-02,8.593532e-04,4.733194e-03
4.555001e-01,6.505994e-03,3.062621e-03,1.413823e-02,7.545139e-02,2.789821e-02,6.122453e-03,2.302315e-01,5.779888e-02,7.792309e-04,1.723200e-02,2.570886e-02,7.474238e-02,7.619653e-04,4.066237e-03
4.984315e-01,9.339812e-03,4.708651e-03,1.770338e-02,5.763232e-02,3.037682e-02,7.224279e-03,1.952142e-01,5.375246e-02,1.417538e-03,1.391461e-02,2.497184e-02,7.725494e-02,1.031124e-03,7.026536e-03
4.933881e-01,8.361155e-03,5.124636e-03,1.501592e-02,4.546134e-02,3.310256e-02,1.111923e-02,2.383948e-01,4.585002e-02,1.107554e-03,1.068327e-02,2.107727e-02,6.422582e-02,9.505355e-04,6.137829e-03
4.279502e-01,6.919433e-03,6.032621e-03,1.133595e-02,4.035891e-02,5.305642e-02,3.720761e-02,2.894469e-01,3.927655e-02,8.454010e-04,7.919608e-03,1.617056e-02,5.775188e-02,7.250537e-04,5.002846e-03
3.684218e-01,5.760836e-03,8.045692e-03,9.018064e-03,3.699386e-02,4.506218e-02,5.145503e-02,3.695953e-01,3.702733e-02,7.299980e-04,6.051384e-03,1.297584e-02,4.384532e-02,6.648147e-04,4.352502e-03
3.643644e-01,5.874691e-03,1.113179e-02,8.415247e-03,3.752955e-02,5.050300e-02,5.339271e-02,3.676871e-01,3.555340e-02,1.019709e-03,6.515602e-03,1.528410e-02,3.707671e-02,6.119419e-04,5.040046e-03
3.325374e-01,5.401389e-03,9.115674e-03,6.775946e-03,3.226697e-02,4.770168e-02,4.787468e-02,4.276066e-01,3.092546e-02,1.250302e-03,6.495087e-03,1.575547e-02,2.984474e-02,6.708145e-04,5.777717e-03
2.745492e-01,4.563060e-03,6.981046e-03,5.506448e-03,3.022752e-02,3.660525e-02,4.816890e-02,5.122339e-01,3.329335e-02,1.076494e-03,5.256154e-03,1.349046e-02,2.268271e-02,5.776135e-04,4.787936e-03
2.838106e-01,4.720442e-03,6.232238e-03,6.500962e-03,2.637905e-02,3.848463e-02,4.375511e-02,5.206748e-01,2.443497e-02,1.388745e-03,4.350280e-03,1.322397e-02,1.869279e-02,8.050998e-04,6.546298e-03
2.460186e-01,6.930020e-03,6.047363e-03,1.012581e-02,2.059906e-02,1.360578e-01,3.291608e-02,4.609476e-01,1.978661e-02,2.925773e-03,6.426544e-03,2.211340e-02,1.748927e-02,1.055825e-03,1.056028e-02
2.056723e-01,1.307322e-02,7.659688e-03,2.139040e-02,1.754700e-02,1.367813e-01,2.588779e-02,3.492340e-01,2.003209e-02,4.095227e-03,1.424341e-02,1.315768e-01,3.692560e-02,1.301721e-03,1.457942e-02
1.459030e-01,1.009692e-02,5.844722e-03,1.771658e-02,1.251215e-02,1.326777e-01,1.820788e-02,2.452828e-01,1.815900e-02,3.264319e-03,1.683813e-02,3.250127e-01,3.418853e-02,1.243691e-03,1.305194e-02
1.060798e-01,8.666335e-03,5.190936e-03,1.430186e-02,9.421662e-03,2.181574e-01,1.292296e-02,1.725507e-01,2.473744e-02,2.781966e-03,1.656372e-02,3.575239e-01,3.727328e-02,1.968108e-03,1.185994e-02
7.884710e-02,8.023588e-03,5.402210e-03,1.023893e-02,7.066451e-03,2.354666e-01,9.221257e-03,1.211029e-01,2.028453e-02,3.918878e-03,3.043532e-02,4.261370e-01,3.116745e-02,2.532971e-03,1.015481e-02
5.571811e-02,5.784209e-03,3.909155e-03,7.328385e-03,5.279472e-03,1.761823e-01,6.492395e-03,8.488102e-02,1.668764e-02,2.931680e-03,8.529460e-02,5.170557e-01,2.235522e-02,2.648109e-03,7.451970e-03
4.446523e-02,4.717044e-03,3.462575e-03,5.672515e-03,4.166727e-03,1.427082e-01,4.647898e-03,5.971678e-02,1.460240e-02,2.457840e-03,8.516537e-02,6.025156e-01,1.700550e-02,2.237112e-03,6.459283e-03
4.392179e-02,4.973614e-03,4.568220e-03,4.927500e-03,5.995686e-03,1.089201e-01,3.489818e-03,4.265218e-02,1.441596e-02,2.013759e-03,6.615189e-02,6.786306e-01,1.235694e-02,1.812850e-03,5.169197e-03
3.246019e-02,5.267226e-03,4.019451e-03,3.543484e-03,5.383921e-03,7.706295e-02,2.486570e-03,3.010717e-02,1.230421e-02,1.499515e-03,5.328386e-02,7.585859e-01,8.962455e-03,1.335276e-03,3.697841e-03
2.458334e-02,8.383061e-03,6.252135e-03,2.616760e-03,7.746365e-03,5.491552e-02,1.871484e-03,2.232074e-02,1.666075e-02,1.200983e-03,4.261909e-02,8.004827e-01,6.657572e-03,1.001318e-03,2.688175e-03
1.785102e-02,8.538960e-03,8.226397e-03,1.902587e-03,7.130406e-03,3.897568e-02,1.382310e-03,1.791974e-02,2.063126e-02,9.679974e-04,3.440038e-02,8.342979e-01,5.083205e-03,7.812489e-04,1.910928e-03
1.468864e-02,1.703876e-02,1.225171e-02,1.497252e-03,6.573379e-03,2.779773e-02,1.085222e-03,1.716192e-02,2.616941e-02,9.504515e-04,2.903230e-02,8.390806e-01,4.581137e-03,6.995934e-04,1.391868e-03
1.197135e-02,3.028747e-02,2.384814e-02,1.647078e-03,7.713815e-03,2.037129e-02,8.966235e-04,2.169816e-02,3.148864e-02,1.470558e-03,3.640034e-02,8.056151e-01,4.339628e-03,1.167989e-03,1.083828e-03
9.432540e-03,2.997694e-02,2.298314e-02,2.173843e-03,7.887243e-03,1.462049e-02,7.882778e-04,3.292356e-02,3.309479e-02,1.553002e-03,4.770657e-02,7.909603e-01,3.872042e-03,1.237811e-03,7.894710e-04
3.033026e-02,5.022528e-02,4.302792e-02,6.386524e-03,1.042566e-02,1.304395e-02,1.394841e-03,6.358765e-02,3.813922e-02,1.882984e-03,5.716526e-02,6.762138e-01,5.160915e-03,1.973950e-03,1.041843e-03
3.352642e-02,3.866763e-02,3.710163e-02,7.142905e-03,1.142197e-02,1.080304e-02,1.487610e-03,7.614632e-02,4.123029e-02,2.003539e-03,5.439778e-02,6.786090e-01,4.341737e-03,2.086635e-03,1.033555e-03
4.767678e-02,2.905765e-02,2.868086e-02,6.540622e-03,1.106121e-02,9.545747e-03,1.469486e-03,7.156329e-02,3.936706e-02,2.167970e-03,4.937025e-02,6.964628e-01,3.772723e-03,2.186330e-03,1.077363e-03
6.791204e-02,2.538358e-02,2.906684e-02,7.475856e-03,8.740565e-03,9.039551e-03,1.357687e-03,8.482503e-02,3.112967e-02,2.393617e-03,9.094359e-02,6.325099e-01,3.349273e-03,4.730395e-03,1.142357e-03
5.666850e-02,2.203042e-02,2.536099e-02,6.218288e-03,1.035436e-02,6.937779e-03,1.014306e-03,6.863227e-02,3.764373e-02,6.602528e-03,1.276916e-01,6.213349e-01,2.999573e-03,5.373018e-03,1.137699e-03
7.714472e-02,2.699783e-02,2.788606e-02,5.742934e-03,1.245932e-02,6.405741e-03,9.096660e-04,5.767280e-02,4.319216e-02,1.317037e-02,1.345163e-01,5.799280e-01,2.718190e-03,7.977711e-03,3.278252e-03
7.385036e-02,2.633105e-02,5.399927e-02,5.575554e-03,2.141586e-02,6.242103e-03,1.559633e-03,7.130175e-02,4.593539e-02,2.862686e-02,1.304909e-01,5.188892e-01,2.494881e-03,1.000237e-02,3.284795e-03
7.591526e-02,2.452727e-02,9.046869e-02,7.132689e-03,2.808504e-02,6.469218e-03,3.688599e-03,9.024818e-02,4.790197e-02,5.320167e-02,1.186124e-01,4.390562e-01,2.238523e-03,8.920109e-03,3.534188e-03
1.656721e-01,2.114277e-02,7.586287e-02,7.929056e-03,2.708348e-02,1.169827e-02,3.431627e-03,8.044718e-02,3.887504e-02,7.901645e-02,1.348788e-01,3.264188e-01,1.892916e-03,2.038722e-02,5.263407e-03
1.716853e-01,1.954457e-02,7.461265e-02,8.058084e-03,2.812700e-02,1.249776e-02,2.814815e-03,7.086488e-02,3.345537e-02,1.399573e-01,1.666023e-01,2.346234e-01,1.628642e-03,2.839734e-02,7.130543e-03
1.610291e-01,1.866751e-02,1.790450e-01,7.727185e-03,3.124811e-02,1.720277e-02,3.612407e-03,5.949268e-02,3.002205e-02,1.341737e-01,1.533257e-01,1.690603e-01,2.356462e-03,2.584040e-02,7.196603e-03
1.296791e-01,1.910870e-02,2.878179e-01,6.385962e-03,3.738541e-02,1.729021e-02,3.866130e-03,7.080252e-02,3.156456e-02,1.076773e-01,1.163086e-01,1.193810e-01,2.200007e-03,4.478009e-02,5.752440e-03
1.099643e-01,2.101929e-02,2.990299e-01,8.454782e-03,4.547247e-02,1.726291e-02,3.688878e-03,9.134664e-02,3.289978e-02,1.228341e-01,8.857010e-02,8.470733e-02,2.149551e-03,6.793592e-02,4.664056e-03
8.382265e-02,1.825747e-02,2.284842e-01,7.824447e-03,5.996081e-02,1.930687e-02,3.246830e-03,1.207707e-01,3.301220e-02,2.391102e-01,6.407581e-02,5.977799e-02,1.867640e-03,5.688504e-02,3.597201e-03
7.014313e-02,1.952312e-02,2.000449e-01,7.336182e-03,8.690651e-02,2.419770e-02,3.224922e-03,1.213834e-01,3.503563e-02,2.831766e-01,4.960112e-02,4.270569e-02,1.875405e-03,5.160783e-02,3.237912e-03
7.229381e-02,2.630822e-02,1.871779e-01,9.637564e-03,8.034839e-02,2.693044e-02,3.243421e-03,1.055092e-01,3.728918e-02,3.007318e-01,4.137541e-02,3.111234e-02,1.959349e-03,7.054871e-02,5.534346e-03
8.052443e-02,2.882544e-02,1.725232e-01,1.688509e-02,8.708107e-02,3.849377e-02,4.570015e-03,9.870107e-02,3.910881e-02,3.153254e-01,3.101776e-02,2.381468e-02,2.812534e-03,5.477183e-02,5.544969e-03
7.874479e-02,3.589986e-02,1.266282e-01,1.653432e-02,7.213844e-02,3.190877e-02,4.115593e-03,7.639927e-02,4.633685e-02,4.116509e-01,2.881943e-02,1.941735e-02,2.934230e-03,4.338398e-02,5.088039e-03
1.298869e-01,6.631029e-02,1.032583e-01,1.890187e-02,6.646185e-02,2.855223e-02,4.099696e-03,5.841818e-02,6.001526e-02,3.491125e-01,3.939699e-02,1.963287e-02,3.431827e-03,4.438879e-02,8.132542e-03
1.832961e-01,1.136780e-01,7.802595e-02,1.598421e-02,5.464748e-02,2.412772e-02,3.756273e-03,4.417750e-02,7.632904e-02,2.743169e-01,5.414025e-02,1.920374e-02,3.566836e-03,4.309042e-02,1.165962e-02
2.148072e-01,1.307382e-01,5.708667e-02,1.644641e-02,4.566532e-02,3.595689e-02,3.377456e-03,3.591616e-02,9.954459e-02,2.158716e-01,5.250597e-02,2.399480e-02,5.366778e-03,3.582553e-02,2.689644e-02
1.646402e-01,9.695558e-02,4.066396e-02,1.359344e-02,3.359496e-02,9.500786e-02,2.679688e-03,2.573181e-02,7.845896e-02,1.586625e-01,1.342716e-01,9.578806e-02,8.992567e-03,2.674753e-02,2.421129e-02
1.197285e-01,7.067858e-02,2.867140e-02,1.047714e-02,2.408810e-02,8.911517e-02,1.940868e-03,1.816814e-02,6.081224e-02,1.140097e-01,1.915635e-01,2.176746e-01,1.451014e-02,1.970826e-02,1.885368e-02
8.509306e-02,5.061210e-02,2.027187e-02,7.963017e-03,1.704844e-02,7.215974e-02,1.398575e-03,1.282858e-02,4.560830e-02,8.176140e-02,2.076211e-01,3.569555e-01,1.138413e-02,1.454266e-02,1.475146e-02
6.055199e-02,3.599835e-02,1.430946e-02,5.845853e-03,1.206103e-02,5.395254e-02,1.030141e-03,9.083456e-03,3.474808e-02,5.982352e-02,2.330387e-01,4.478991e-01,9.864307e-03,1.100137e-02,1.079210e-02
4.437521e-02,2.585666e-02,1.045052e-02,4.656653e-03,1.167689e-02,4.127723e-02,1.945337e-03,6.835446e-03,4.413617e-02,4.250744e-02,2.098961e-01,5.326620e-01,7.387270e-03,7.918324e-03,8.418791e-03
3.162855e-02,1.884523e-02,7.680432e-03,3.484398e-03,1.398264e-02,3.059484e-02,2.777072e-03,5.476781e-03,6.594244e-02,3.058111e-02,2.028646e-01,5.684296e-01,5.596932e-03,5.898403e-03,6.216965e-03
2.243537e-02,1.359613e-02,5.507419e-03,2.544731e-03,1.211718e-02,2.348919e-02,2.345652e-03,4.055114e-03,6.459767e-02,2.321711e-02,1.824119e-01,6.294028e-01,4.685723e-03,5.013060e-03,4.581007e-03
1.623465e-02,1.000919e-02,3.991667e-03,1.833878e-03,1.029966e-02,2.171636e-02,2.107863e-03,3.155480e-03,5.592943e-02,1.892132e-02,1.580351e-01,6.855440e-01,3.775804e-03,5.053464e-03,3.392148e-03
1.163488e-02,7.479545e-03,2.868285e-03,1.309300e-03,8.045007e-03,1.659782e-02,1.574681e-03,2.406944e-03,4.592436e-02,1.550660e-02,1.179728e-01,7.587855e-01,3.058765e-03,4.371981e-03,2.463571e-03
8.701815e-03,6.464564e-03,2.283745e-03,9.853906e-04,7.945755e-03,1.269231e-02,1.254624e-03,2.507155e-03,4.858607e-02,1.519728e-02,8.740356e-02,7.974674e-01,3.041371e-03,3.645596e-03,1.823404e-03
6.636410e-03,5.818700e-03,1.786776e-03,7.316644e-04,1.140287e-02,1.007574e-02,1.157199e-03,3.046951e-03,7.597707e-02,1.381766e-02,6.797605e-02,7.937914e-01,3.223970e-03,3.218295e-03,1.339202e-03
5.172324e-03,4.455412e-03,1.480079e-03,5.880040e-04,4.664799e-02,8.115938e-03,2.144438e-03,4.080958e-03,1.162626e-01,1.072817e-02,5.214155e-02,7.413702e-01,3.096663e-03,2.732484e-03,9.831421e-04
4.886867e-03,4.858167e-03,5.139979e-03,8.829609e-04,7.380314e-02,8.201568e-03,2.016637e-03,5.643358e-03,1.125467e-01,8.782464e-03,3.869590e-02,7.281514e-01,2.663143e-03,2.638450e-03,1.089254e-03
4.748852e-03,5.851659e-03,6.967449e-03,8.466747e-04,9.547463e-02,6.582994e-03,2.054089e-03,7.116996e-03,1.415936e-01,6.872965e-03,2.974376e-02,6.862428e-01,2.503469e-03,2.468416e-03,9.315738e-04
5.827458e-03,1.047190e-02,1.316393e-02,8.434956e-04,1.714131e-01,5.864800e-03,2.652714e-03,1.535938e-02,2.153893e-01,5.692503e-03,2.197476e-02,5.262479e-01,2.331268e-03,1.915062e-03,8.524475e-04
4.865645e-03,9.218232e-03,1.264207e-02,8.347440e-04,2.343582e-01,4.824301e-03,2.751543e-03,1.712247e-02,3.183091e-01,4.022153e-03,1.562452e-02,3.715883e-01,1.838342e-03,1.378799e-03,6.216140e-04
5.355999e-03,7.103127e-03,1.229359e-02,1.151382e-03,3.036205e-01,4.163134e-03,3.976454e-03,3.158191e-02,3.456347e-01,2.873052e-03,1.136070e-02,2.670740e-01,2.203052e-03,1.089507e-03,5.189772e-04
7.487427e-03,6.591166e-03,1.737974e-02,4.554426e-03,3.767966e-01,5.483012e-03,4.108264e-03,6.325819e-02,3.044345e-01,2.161974e-03,8.959536e-03,1.945936e-01,2.452226e-03,1.105131e-03,6.342274e-04
2.281363e-02,9.434316e-03,1.697604e-02,6.951586e-03,4.030721e-01,7.211521e-03,4.409802e-03,7.356886e-02,2.915328e-01,1.992617e-03,9.236742e-03,1.445475e-01,3.458924e-03,1.265853e-03,3.527802e-03
5.022956e-02,8.699403e-03,1.290709e-02,6.037087e-03,4.498651e-01,6.818505e-03,3.642570e-03,5.818409e-02,2.831925e-01,1.533134e-03,7.431594e-03,1.031479e-01,3.527912e-03,1.248250e-03,3.535342e-03
5.661837e-02,1.120841e-02,1.014268e-02,5.145426e-03,4.015186e-01,7.946885e-03,3.461491e-03,6.513592e-02,3.355238e-01,1.873986e-03,8.318573e-03,7.825063e-02,6.518811e-03,3.584299e-03,4.752117e-03
6.457957e-02,1.636521e-02,1.211276e-02,7.151511e-03,4.188736e-01,9.164982e-03,3.474578e-03,9.033476e-02,2.845614e-01,2.614240e-03,8.893038e-03,5.801422e-02,7.482405e-03,6.635671e-03,9.742063e-03
8.146457e-02,1.786808e-02,2.035673e-02,2.888240e-02,4.588286e-01,1.004822e-02,4.601260e-03,8.878268e-02,2.128899e-01,2.699663e-03,8.617936e-03,4.476183e-02,6.726905e-03,5.414898e-03,8.056357e-03
1.165579e-01,1.641558e-02,4.658509e-02,6.487834e-02,4.432652e-01,1.078603e-02,4.881314e-03,6.921504e-02,1.550062e-01,3.732853e-03,1.058514e-02,3.719191e-02,8.518112e-03,4.256556e-03,8.124779e-03
9.375184e-02,1.719117e-02,7.188407e-02,1.154439e-01,3.510097e-01,1.446169e-02,4.216021e-03,5.138111e-02,1.151030e-01,4.280684e-03,2.761696e-02,6.304334e-02,5.670290e-02,5.346421e-03,8.567180e-03
7.974215e-02,1.424791e-02,5.778554e-02,1.073097e-01,2.507035e-01,1.443820e-02,3.201900e-03,3.653771e-02,9.310744e-02,3.211399e-03,2.576217e-02,8.519930e-02,2.151006e-01,4.324070e-03,9.328423e-03
6.567015e-02,1.103882e-02,4.433266e-02,8.513568e-02,1.783179e-01,2.462307e-02,2.876604e-03,2.658025e-02,7.736937e-02,2.417943e-03,2.817145e-02,1.105159e-01,3.313308e-01,3.376183e-03,8.243151e-03
4.670444e-02,8.622548e-03,3.186224e-02,6.088186e-02,1.269001e-01,5.352596e-02,2.270953e-03,1.890385e-02,7.750987e-02,1.887991e-03,2.680894e-02,1.567007e-01,3.783813e-01,2.676461e-03,6.362870e-03
3.305797e-02,7.848151e-03,2.316767e-02,4.400497e-02,9.036369e-02,8.538122e-02,2.150827e-03,1.379013e-02,1.387184e-01,1.427086e-03,2.816160e-02,1.578057e-01,3.673948e-01,1.924872e-03,4.802909e-03
2.390252e-02,6.357925e-03,1.712583e-02,3.215738e-02,9.371794e-02,6.693801e-02,3.688717e-03,2.790950e-02,1.560482e-01,1.612159e-03,2.246193e-02,2.315811e-01,3.106514e-01,1.543029e-03,4.304326e-03
1.794639e-02,6.448267e-03,1.234146e-02,2.425387e-02,6.911166e-02,6.610871e-02,3.043937e-03,2.270152e-02,2.242447e-01,1.928780e-03,2.507326e-02,2.405469e-01,2.807129e-01,1.658244e-03,3.879413e-03
1.436112e-02,6.236712e-03,9.249773e-03,1.783225e-02,5.506629e-02,1.170504e-01,3.712272e-03,1.685369e-02,2.903517e-01,1.952267e-03,2.114064e-02,1.893537e-01,2.519956e-01,1.442576e-03,3.400965e-03
1.155867e-02,8.384323e-03,7.048409e-03,1.283669e-02,4.478120e-02,1.517288e-01,3.534016e-03,1.439901e-02,2.898001e-01,2.192579e-03,1.588735e-02,1.643035e-01,2.684503e-01,1.304888e-03,3.790146e-03
1.059064e-02,1.005950e-02,5.293357e-03,9.511720e-03,3.382878e-02,1.519288e-01,3.214519e-03,1.221262e-02,2.585015e-01,1.987963e-03,1.258371e-02,1.969799e-01,2.889692e-01,1.175085e-03,3.162772e-03
8.845242e-03,8.735236e-03,3.850854e-03,7.089989e-03,2.499865e-02,1.168826e-01,2.577773e-03,1.050814e-02,2.060337e-01,1.622329e-03,9.770256e-03,3.223408e-01,2.731948e-01,1.001154e-03,2.548498e-03
6.918017e-03,1.083746e-02,2.892477e-03,5.179560e-03,1.834629e-02,1.028117e-01,1.994503e-03,7.583283e-03,1.782528e-01,1.601339e-03,8.371378e-03,3.726958e-01,2.792224e-01,1.049178e-03,2.243892e-03
5.469487e-03,1.670180e-02,2.350436e-03,3.780854e-03,1.384097e-02,8.486247e-02,1.568610e-03,5.529725e-03,1.556241e-01,1.531392e-03,6.924182e-03,4.350664e-01,2.634249e-01,9.996113e-04,2.325000e-03
5.787821e-03,3.427064e-02,3.807541e-03,3.119347e-03,1.831598e-02,6.565654e-02,1.844930e-03,5.128121e-03,1.496375e-01,2.297773e-03,5.708944e-03,3.972076e-01,3.016530e-01,1.038335e-03,4.525919e-03
7.383442e-03,3.618847e-02,4.708965e-03,2.916639e-03,1.744968e-02,4.926935e-02,1.854860e-03,7.691410e-03,1.212392e-01,2.130997e-03,5.123571e-03,3.342145e-01,4.029741e-01,1.083156e-03,5.771660e-03
1.339679e-02,3.686967e-02,7.132062e-03,3.353164e-03,2.051073e-02,3.970259e-02,2.678083e-03,1.029591e-02,1.060967e-01,2.644728e-03,5.770191e-03,2.868323e-01,4.560901e-01,1.491957e-03,7.135075e-03
2.309211e-02,4.511514e-02,8.328555e-03,3.066735e-03,1.835022e-02,5.128658e-02,2.576993e-03,1.050315e-02,9.490258e-02,5.934800e-03,1.961293e-02,2.850479e-01,4.125219e-01,2.767668e-03,1.689277e-02
2.700942e-02,3.402647e-02,6.146893e-03,2.687303e-03,1.342332e-02,5.547725e-02,1.855478e-03,7.820448e-03,7.335503e-02,6.834147e-03,4.509331e-02,3.540281e-01,3.317023e-01,4.205781e-03,3.633478e-02
2.147895e-02,2.464456e-02,4.484981e-03,2.149703e-03,9.808975e-03,5.371801e-02,1.456416e-03,5.670217e-03,6.130887e-02,3.424941e-02,7.440986e-02,3.703619e-01,2.893821e-01,4.661817e-03,4.221424e-02
1.637039e-02,1.772915e-02,3.363469e-03,2.476126e-03,7.725733e-03,6.958312e-02,1.111876e-03,4.155820e-03,5.868278e-02,2.841950e-02,1.283594e-01,3.418158e-01,2.341818e-01,2.539511e-02,6.062996e-02
1.206295e-02,2.382772e-02,3.738712e-03,2.140648e-03,6.103264e-03,5.128086e-02,8.064836e-04,3.106841e-03,8.023572e-02,2.295553e-02,1.762103e-01,3.112254e-01,1.878264e-01,2.468415e-02,9.379506e-02
9.163017e-03,1.688079e-02,3.005741e-03,1.856228e-03,4.522593e-03,9.412250e-02,7.370823e-04,2.347206e-03,5.746090e-02,1.743298e-02,1.965450e-01,2.328801e-01,1.420107e-01,1.089201e-01,1.121151e-01
6.836422e-03,1.216296e-02,3.317223e-03,1.738638e-03,3.683746e-03,7.508206e-02,6.488449e-04,1.785187e-03,4.630846e-02,1.351722e-02,2.407016e-01,1.816342e-01,1.115592e-01,1.850602e-01,1.159641e-01
4.967193e-03,8.736332e-03,3.033925e-03,1.548069e-03,3.338353e-03,5.358100e-02,4.732058e-04,1.267600e-03,5.722875e-02,1.154660e-02,2.717024e-01,1.337234e-01,8.232957e-02,2.686542e-01,9.786943e-02
4.051215e-03,6.676378e-03,3.407389e-03,1.648247e-03,2.728452e-03,4.008486e-02,3.683715e-04,9.104724e-04,8.051234e-02,1.103408e-02,2.519848e-01,1.141989e-01,7.280402e-02,3.032581e-01,1.063324e-01
4.394080e-03,5.851421e-03,4.919454e-03,2.106016e-03,2.357423e-03,3.285691e-02,3.967771e-04,9.023600e-04,1.671978e-01,1.030612e-02,2.079959e-01,1.088781e-01,6.062880e-02,2.839481e-01,1.072607e-01
4.190337e-03,6.255182e-03,4.332110e-03,1.748638e-03,1.873417e-03,2.374628e-02,2.950815e-04,6.707513e-04,2.632423e-01,1.138802e-02,1.534028e-01,9.533115e-02,4.799124e-02,2.851629e-01,1.003698e-01
4.192788e-03,7.150905e-03,4.298328e-03,1.639846e-03,1.655062e-03,1.788936e-02,2.211469e-04,5.379381e-04,3.272846e-01,1.251698e-02,1.460659e-01,8.745608e-02,3.812124e-02,2.646549e-01,8.631495e-02
7.228170e-03,1.388493e-02,3.938771e-02,5.248604e-03,2.207559e-03,2.158041e-02,4.408992e-04,1.880772e-03,3.982404e-01,1.491362e-02,1.172065e-01,6.455941e-02,2.806208e-02,2.208897e-01,6.426924e-02
7.668776e-03,1.930881e-02,3.129163e-02,4.158671e-03,2.115869e-03,1.634526e-02,3.932049e-04,1.615241e-03,3.764876e-01,1.285027e-02,9.184647e-02,4.643943e-02,2.020470e-02,3.138132e-01,5.546087e-02
1.956686e-02,2.695372e-02,8.202900e-02,6.596150e-03,2.830753e-03,2.528379e-02,4.378148e-04,2.511717e-03,2.740152e-01,1.143690e-02,1.173573e-01,3.377642e-02,1.592067e-02,3.361854e-01,4.509827e-02
3.052495e-02,2.641286e-02,1.277733e-01,1.152807e-02,4.196906e-03,2.868672e-02,6.218900e-04,5.267913e-03,2.024216e-01,1.166227e-02,1.301323e-01,2.462200e-02,1.224398e-02,3.489457e-01,3.495948e-02
3.952516e-02,2.683583e-02,1.535603e-01,1.842051e-02,5.505099e-03,2.672982e-02,6.407677e-04,8.085920e-03,1.649951e-01,1.662662e-02,1.384062e-01,1.897721e-02,1.087272e-02,3.434502e-01,2.736857e-02
8.044706e-02,2.859725e-02,1.458881e-01,1.643068e-02,6.168970e-03,2.372747e-02,5.566131e-04,1.149510e-02,1.689299e-01,1.492718e-02,1.199448e-01,1.392680e-02,9.902520e-03,3.386353e-01,2.042223e-02
1.059648e-01,3.072136e-02,1.254986e-01,1.644770e-02,8.205393e-03,2.251204e-02,6.535698e-04,1.275818e-02,1.752888e-01,1.435338e-02,9.901786e-02,1.026990e-02,8.462338e-03,3.541592e-01,1.568682e-02
1.246592e-01,2.715646e-02,1.360144e-01,1.544396e-02,8.756636e-03,1.893368e-02,7.135510e-04,1.762428e-02,2.042161e-01,1.176678e-02,7.693573e-02,7.723775e-03,6.743198e-03,3.308005e-01,1.251164e-02
1.456034e-01,2.808911e-02,1.437444e-01,4.290890e-02,1.158475e-02,1.730517e-02,1.041283e-03,1.906031e-02,1.817831e-01,1.168290e-02,6.401163e-02,6.912807e-03,6.509125e-03,3.039226e-01,1.584056e-02
1.482735e-01,2.161836e-02,2.450848e-01,5.182480e-02,1.220257e-02,1.494612e-02,1.126123e-03,2.756814e-02,1.532885e-01,1.006068e-02,5.403839e-02,6.365965e-03,6.067772e-03,2.343578e-01,1.317647e-02
1.779421e-01,1.680587e-02,3.290888e-01,4.429814e-02,1.159436e-02,1.639647e-02,1.153888e-03,2.408067e-02,1.280812e-01,7.863213e-03,4.131177e-02,5.363782e-03,4.890934e-03,1.795056e-01,1.162311e-02
1.656549e-01,1.442760e-02,4.188573e-01,3.515631e-02,1.141543e-02,1.394900e-02,9.905157e-04,2.203031e-02,1.186752e-01,6.646302e-03,3.246589e-02,4.262679e-03,3.890250e-03,1.417207e-01,9.857506e-03
1.878844e-01,1.298701e-02,4.592025e-01,3.198567e-02,1.097190e-02,1.317286e-02,1.527113e-03,2.825579e-02,9.609302e-02,5.685888e-03,2.586998e-02,3.977334e-03,3.452884e-03,1.106286e-01,8.305064e-03
1.808755e-01,1.482304e-02,4.389801e-01,5.569720e-02,2.196590e-02,1.173542e-02,1.932605e-03,5.639502e-02,8.190839e-02,4.666022e-03,1.910154e-02,3.082495e-03,2.648996e-03,9.898064e-02,7.207118e-03
1.747119e-01,1.324505e-02,4.527572e-01,4.224454e-02,5.585517e-02,1.146980e-02,2.025056e-03,5.230020e-02,7.971123e-02,4.234156e-03,1.428162e-02,2.372074e-03,2.002195e-03,8.715359e-02,5.636104e-03
1.732323e-01,1.672035e-02,3.965359e-01,4.638826e-02,1.022579e-01,1.580179e-02,6.320447e-03,5.700379e-02,8.898079e-02,4.907554e-03,1.122873e-02,2.190270e-03,1.907198e-03,7.171826e-02,4.806427e-03
1.813006e-01,1.752096e-02,3.564838e-01,3.665760e-02,1.485800e-01,1.837944e-02,5.281551e-03,5.076423e-02,9.109673e-02,4.986314e-03,9.266639e-03,1.921756e-03,1.754432e-03,7.192332e-02,4.082582e-03
