1.000000e+00,0.000000e+00,0.000000e+00,0.000000e+00,0.000000e+00,0.000000e+00,0.000000e+00,0.000000e+00,0.000000e+00,0.000000e+00,0.000000e+00,0.000000e+00,0.000000e+00,0.000000e+00,0.000000e+00
1.000000e+00,0.000000e+00,0.000000e+00,0.000000e+00,0.000000e+00,0.000000e+00,0.000000e+00,0.000000e+00,0.000000e+00,0.000000e+00,0.000000e+00,0.000000e+00,0.000000e+00,0.000000e+00,0.000000e+00
1.000000e+00,0.000000e+00,0.000000e+00,0.000000e+00,0.000000e+00,0.000000e+00,0.000000e+00,0.000000e+00,0.000000e+00,0.000000e+00,0.000000e+00,0.000000e+00,0.000000e+00,0.000000e+00,0.000000e+00
1.000000e+00,0.000000e+00,0.000000e+00,0.000000e+00,0.000000e+00,0.000000e+00,0.000000e+00,0.000000e+00,0.000000e+00,0.000000e+00,0.000000e+00,0.000000e+00,0.000000e+00,0.000000e+00,0.000000e+00
1.000000e+00,0.000000e+00,0.000000e+00,0.000000e+00,0.000000e+00,0.000000e+00,0.000000e+00,0.000000e+00,0.000000e+00,0.000000e+00,0.000000e+00,0.000000e+00,0.000000e+00,0.000000e+00,0.000000e+00
1.000000e+00,0.000000e+00,0.000000e+00,0.000000e+00,0.000000e+00,0.000000e+00,0.000000e+00,0.000000e+00,0.000000e+00,0.000000e+00,0.000000e+00,0.000000e+00,0.000000e+00,0.000000e+00,0.000000e+00
1.000000e+00,0.000000e+00,0.000000e+00,0.000000e+00,0.000000e+00,0.000000e+00,0.000000e+00,0.000000e+00,0.000000e+00,0.000000e+00,0.000000e+00,0.000000e+00,0.000000e+00,0.000000e+00,0.000000e+00
1.000000e+00,0.000000e+00,0.000000e+00,0.000000e+00,0.000000e+00,0.000000e+00,0.000000e+00,0.000000e+00,0.000000e+00,0.000000e+00,0.000000e+00,0.000000e+00,0.000000e+00,0.000000e+00,0.000000e+00
1.000000e+00,0.000000e+00,0.000000e+00,0.000000e+00,0.000000e+00,0.000000e+00,0.000000e+00,0.000000e+00,0.000000e+00,0.000000e+00,0.000000e+00,0.000000e+00,0.000000e+00,0.000000e+00,0.000000e+00
1.000000e+00,0.000000e+00,0.000000e+00,0.000000e+00,0.000000e+00,0.000000e+00,0.000000e+00,0.000000e+00,0.000000e+00,0.000000e+00,0.000000e+00,0.000000e+00,0.000000e+00,0.000000e+00,0.000000e+00
1.000000e+00,0.000000e+00,0.000000e+00,0.000000e+00,0.000000e+00,0.000000e+00,0.000000e+00,0.000000e+00,0.000000e+00,0.000000e+00,0.000000e+00,0.000000e+00,0.000000e+00,0.000000e+00,0.000000e+00
1.000000e+00,0.000000e+00,0.000000e+00,0.000000e+00,0.000000e+00,0.000000e+00,0.000000e+00,0.000000e+00,0.000000e+00,0.000000e+00,0.000000e+00,0.000000e+00,0.000000e+00,0.000000e+00,0.000000e+00
1.000000e+00,0.000000e+00,0.000000e+00,0.000000e+00,0.000000e+00,0.000000e+00,0.000000e+00,0.000000e+00,0.000000e+00,0.000000e+00,0.000000e+00,0.000000e+00,0.000000e+00,0.000000e+00,0.000000e+00
1.000000e+00,0.000000e+00,0.000000e+00,0.000000e+00,0.000000e+00,0.000000e+00,0.000000e+00,0.000000e+00,0.000000e+00,0.000000e+00,0.000000e+00,0.000000e+00,0.000000e+00,0.000000e+00,0.000000e+00
1.000000e+00,0.000000e+00,0.000000e+00,0.000000e+00,0.000000e+00,0.000000e+00,0.000000e+00,0.000000e+00,0.000000e+00,0.000000e+00,0.000000e+00,0.000000e+00,0.000000e+00,0.000000e+00,0.000000e+00
1.000000e+00,0.000000e+00,0.000000e+00,0.000000e+00,0.000000e+00,0.000000e+00,0.000000e+00,0.000000e+00,0.000000e+00,0.000000e+00,0.000000e+00,0.000000e+00,0.000000e+00,0.000000e+00,0.000000e+00
1.000000e+00,0.000000e+00,0.000000e+00,0.000000e+00,0.000000e+00,0.000000e+00,0.000000e+00,0.000000e+00,0.000000e+00,0.000000e+00,0.000000e+00,0.000000e+00,0.000000e+00,0.000000e+00,0.000000e+00
1.000000e+00,0.000000e+00,0.000000e+00,0.000000e+00,0.000000e+00,0.000000e+00,0.000000e+00,0.000000e+00,0.000000e+00,0.000000e+00,0.000000e+00,0.000000e+00,0.000000e+00,0.000000e+00,0.000000e+00
1.000000e+00,0.000000e+00,0.000000e+00,0.000000e+00,0.000000e+00,0.000000e+00,0.000000e+00,0.000000e+00,0.000000e+00,0.000000e+00,0.000000e+00,0.000000e+00,0.000000e+00,0.000000e+00,0.000000e+00
1.000000e+00,0.000000e+00,0.000000e+00,0.000000e+00,0.000000e+00,0.000000e+00,0.000000e+00,0.000000e+00,0.000000e+00,0.000000e+00,0.000000e+00,0.000000e+00,0.000000e+00,0.000000e+00,0.000000e+00
1.000000e+00,0.000000e+00,0.000000e+00,0.000000e+00,0.000000e+00,0.000000e+00,0.000000e+00,0.000000e+00,0.000000e+00,0.000000e+00,0.000000e+00,0.000000e+00,0.000000e+00,0.000000e+00,0.000000e+00
1.000000e+00,0.000000e+00,0.000000e+00,0.000000e+00,0.000000e+00,0.000000e+00,0.000000e+00,0.000000e+00,0.000000e+00,0.000000e+00,0.000000e+00,0.000000e+00,0.000000e+00,0.000000e+00,0.000000e+00
1.000000e+00,0.000000e+00,0.000000e+00,0.000000e+00,0.000000e+00,0.000000e+00,0.000000e+00,0.000000e+00,0.000000e+00,0.000000e+00,0.000000e+00,0.000000e+00,0.000000e+00,0.000000e+00,0.000000e+00
1.000000e+00,0.000000e+00,0.000000e+00,0.000000e+00,0.000000e+00,0.000000e+00,0.000000e+00,0.000000e+00,0.000000e+00,0.000000e+00,0.000000e+00,0.000000e+00,0.000000e+00,0.000000e+00,0.000000e+00
1.000000e+00,0.000000e+00,0.000000e+00,0.000000e+00,0.000000e+00,0.000000e+00,0.000000e+00,0.000000e+00,0.000000e+00,0.000000e+00,0.000000e+00,0.000000e+00,0.000000e+00,0.000000e+00,0.000000e+00
1.000000e+00,0.000000e+00,0.000000e+00,0.000000e+00,0.000000e+00,0.000000e+00,0.000000e+00,0.000000e+00,0.000000e+00,0.000000e+00,0.000000e+00,0.000000e+00,0.000000e+00,0.000000e+00,0.000000e+00
1.000000e+00,0.000000e+00,0.000000e+00,0.000000e+00,0.000000e+00,0.000000e+00,0.000000e+00,0.000000e+00,0.000000e+00,0.000000e+00,0.000000e+00,0.000000e+00,0.000000e+00,0.000000e+00,0.000000e+00
1.000000e+00,0.000000e+00,0.000000e+00,0.000000e+00,0.000000e+00,0.000000e+00,0.000000e+00,0.000000e+00,0.000000e+00,0.000000e+00,0.000000e+00,0.000000e+00,0.000000e+00,0.000000e+00,0.000000e+00
1.000000e+00,0.000000e+00,0.000000e+00,0.000000e+00,0.000000e+00,0.000000e+00,0.000000e+00,0.000000e+00,0.000000e+00,0.000000e+00,0.000000e+00,0.000000e+00,0.000000e+00,0.000000e+00,0.000000e+00
1.000000e+00,0.000000e+00,0.000000e+00,0.000000e+00,0.000000e+00,0.000000e+00,0.000000e+00,0.000000e+00,0.000000e+00,0.000000e+00,0.000000e+00,0.000000e+00,0.000000e+00,0.000000e+00,0.000000e+00
1.000000e+00,0.000000e+00,0.000000e+00,0.000000e+00,0.000000e+00,0.000000e+00,0.000000e+00,0.000000e+00,0.000000e+00,0.000000e+00,0.000000e+00,0.000000e+00,0.000000e+00,0.000000e+00,0.000000e+00
1.000000e+00,0.000000e+00,0.000000e+00,0.000000e+00,0.000000e+00,0.000000e+00,0.000000e+00,0.000000e+00,0.000000e+00,0.000000e+00,0.000000e+00,0.000000e+00,0.000000e+00,0.000000e+00,0.000000e+00
1.000000e+00,0.000000e+00,0.000000e+00,0.000000e+00,0.000000e+00,0.000000e+00,0.000000e+00,0.000000e+00,0.000000e+00,0.000000e+00,0.000000e+00,0.000000e+00,0.000000e+00,0.000000e+00,0.000000e+00
1.000000e+00,0.000000e+00,0.000000e+00,0.000000e+00,0.000000e+00,0.000000e+00,0.000000e+00,0.000000e+00,0.000000e+00,0.000000e+00,0.000000e+00,0.000000e+00,0.000000e+00,0.000000e+00,0.000000e+00
1.000000e+00,0.000000e+00,0.000000e+00,0.000000e+00,0.000000e+00,0.000000e+00,0.000000e+00,0.000000e+00,0.000000e+00,0.000000e+00,0.000000e+00,0.000000e+00,0.000000e+00,0.000000e+00,0.000000e+00
1.000000e+00,0.000000e+00,0.000000e+00,0.000000e+00,0.000000e+00,0.000000e+00,0.000000e+00,0.000000e+00,0.000000e+00,0.000000e+00,0.000000e+00,0.000000e+00,0.000000e+00,0.000000e+00,0.000000e+00
1.000000e+00,0.000000e+00,0.000000e+00,0.000000e+00,0.000000e+00,0.000000e+00,0.000000e+00,0.000000e+00,0.000000e+00,0.000000e+00,0.000000e+00,0.000000e+00,0.000000e+00,0.000000e+00,0.000000e+00
1.000000e+00,0.000000e+00,0.000000e+00,0.000000e+00,0.000000e+00,0.000000e+00,0.000000e+00,0.000000e+00,0.000000e+00,0.000000e+00,0.000000e+00,0.000000e+00,0.000000e+00,0.000000e+00,0.000000e+00
1.000000e+00,0.000000e+00,0.000000e+00,0.000000e+00,0.000000e+00,0.000000e+00,0.000000e+00,0.000000e+00,0.000000e+00,0.000000e+00,0.000000e+00,0.000000e+00,0.000000e+00,0.000000e+00,0.000000e+00
1.000000e+00,0.000000e+00,0.000000e+00,0.000000e+00,0.000000e+00,0.000000e+00,0.000000e+00,0.000000e+00,0.000000e+00,0.000000e+00,0.000000e+00,0.000000e+00,0.000000e+00,0.000000e+00,0.000000e+00
1.000000e+00,0.000000e+00,0.000000e+00,0.000000e+00,0.000000e+00,0.000000e+00,0.000000e+00,0.000000e+00,0.000000e+00,0.000000e+00,0.000000e+00,0.000000e+00,0.000000e+00,0.000000e+00,0.000000e+00
1.000000e+00,0.000000e+00,0.000000e+00,0.000000e+00,0.000000e+00,0.000000e+00,0.000000e+00,0.000000e+00,0.000000e+00,0.000000e+00,0.000000e+00,0.000000e+00,0.000000e+00,0.000000e+00,0.000000e+00
1.000000e+00,0.000000e+00,0.000000e+00,0.000000e+00,0.000000e+00,0.000000e+00,0.000000e+00,0.000000e+00,0.000000e+00,0.000000e+00,0.000000e+00,0.000000e+00,0.000000e+00,0.000000e+00,0.000000e+00
1.000000e+00,0.000000e+00,0.000000e+00,0.000000e+00,0.000000e+00,0.000000e+00,0.000000e+00,0.000000e+00,0.000000e+00,0.000000e+00,0.000000e+00,0.000000e+00,0.000000e+00,0.000000e+00,0.000000e+00
1.000000e+00,0.000000e+00,0.000000e+00,0.000000e+00,0.000000e+00,0.000000e+00,0.000000e+00,0.000000e+00,0.000000e+00,0.000000e+00,0.000000e+00,0.000000e+00,0.000000e+00,0.000000e+00,0.000000e+00
1.000000e+00,0.000000e+00,0.000000e+00,0.000000e+00,0.000000e+00,0.000000e+00,0.000000e+00,0.000000e+00,0.000000e+00,0.000000e+00,0.000000e+00,0.000000e+00,0.000000e+00,0.000000e+00,0.000000e+00
1.000000e+00,0.000000e+00,0.000000e+00,0.000000e+00,0.000000e+00,0.000000e+00,0.000000e+00,0.000000e+00,0.000000e+00,0.000000e+00,0.000000e+00,0.000000e+00,0.000000e+00,0.000000e+00,0.000000e+00
1.000000e+00,0.000000e+00,0.000000e+00,0.000000e+00,0.000000e+00,0.000000e+00,0.000000e+00,0.000000e+00,0.000000e+00,0.000000e+00,0.000000e+00,0.000000e+00,0.000000e+00,0.000000e+00,0.000000e+00
1.000000e+00,0.000000e+00,0.000000e+00,0.000000e+00,0.000000e+00,0.000000e+00,0.000000e+00,0.000000e+00,0.000000e+00,0.000000e+00,0.000000e+00,0.000000e+00,0.000000e+00,0.000000e+00,0.000000e+00
1.000000e+00,0.000000e+00,0.000000e+00,0.000000e+00,0.000000e+00,0.000000e+00,0.000000e+00,0.000000e+00,0.000000e+00,0.000000e+00,0.000000e+00,0.000000e+00,0.000000e+00,0.000000e+00,0.000000e+00
1.000000e+00,0.000000e+00,0.000000e+00,0.000000e+00,0.000000e+00,0.000000e+00,0.000000e+00,0.000000e+00,0.000000e+00,0.000000e+00,0.000000e+00,0.000000e+00,0.000000e+00,0.000000e+00,0.000000e+00
1.000000e+00,0.000000e+00,0.000000e+00,0.000000e+00,0.000000e+00,0.000000e+00,0.000000e+00,0.000000e+00,0.000000e+00,0.000000e+00,0.000000e+00,0.000000e+00,0.000000e+00,0.000000e+00,0.000000e+00
1.000000e+00,0.000000e+00,0.000000e+00,0.000000e+00,0.000000e+00,0.000000e+00,0.000000e+00,0.000000e+00,0.000000e+00,0.000000e+00,0.000000e+00,0.000000e+00,0.000000e+00,0.000000e+00,0.000000e+00
1.000000e+00,0.000000e+00,0.000000e+00,0.000000e+00,0.000000e+00,0.000000e+00,0.000000e+00,0.000000e+00,0.000000e+00,0.000000e+00,0.000000e+00,0.000000e+00,0.000000e+00,0.000000e+00,0.000000e+00
1.000000e+00,0.000000e+00,0.000000e+00,0.000000e+00,0.000000e+00,0.000000e+00,0.000000e+00,0.000000e+00,0.000000e+00,0.000000e+00,0.000000e+00,0.000000e+00,0.000000e+00,0.000000e+00,0.000000e+00
1.000000e+00,0.000000e+00,0.000000e+00,0.000000e+00,0.000000e+00,0.000000e+00,0.000000e+00,0.000000e+00,0.000000e+00,0.000000e+00,0.000000e+00,0.000000e+00,0.000000e+00,0.000000e+00,0.000000e+00
1.000000e+00,0.000000e+00,0.000000e+00,0.000000e+00,0.000000e+00,0.000000e+00,0.000000e+00,0.000000e+00,0.000000e+00,0.000000e+00,0.000000e+00,0.000000e+00,0.000000e+00,0.000000e+00,0.000000e+00
1.000000e+00,0.000000e+00,0.000000e+00,0.000000e+00,0.000000e+00,0.000000e+00,0.000000e+00,0.000000e+00,0.000000e+00,0.000000e+00,0.000000e+00,0.000000e+00,0.000000e+00,0.000000e+00,0.000000e+00
4.080897e-01,5.701035e-03,1.582051e-02,2.650408e-02,2.375918e-03,7.708788e-03,3.860472e-03,4.993255e-01,2.238901e-03,7.258092e-04,5.000584e-03,7.947961e-03,7.330392e-03,1.561313e-03,5.809087e-03
2.924511e-01,4.083622e-03,1.179231e-02,1.902168e-02,1.852464e-03,6.144086e-03,4.627449e-03,6.377736e-01,1.596214e-03,5.267375e-04,3.619642e-03,5.743479e-03,5.370489e-03,1.213648e-03,4.183425e-03
2.060306e-01,2.904561e-03,8.483871e-03,1.358573e-02,1.522734e-03,4.558497e-03,3.972899e-03,7.430108e-01,1.130220e-03,3.745458e-04,2.591734e-03,4.077260e-03,3.876825e-03,9.224757e-04,2.957264e-03
1.447795e-01,2.074023e-03,6.260752e-03,9.768535e-03,1.217396e-03,3.445105e-03,3.687899e-03,8.171839e-01,8.055324e-04,2.654203e-04,1.924871e-03,2.893832e-03,2.860633e-03,7.366581e-04,2.095890e-03
1.032772e-01,1.485126e-03,4.484827e-03,7.115401e-03,2.255290e-03,2.667847e-03,3.571484e-03,8.664857e-01,6.965431e-04,2.010178e-04,1.424734e-03,2.076252e-03,2.234561e-03,5.291021e-04,1.494900e-03
7.656033e-02,1.102094e-03,3.262324e-03,5.452086e-03,5.351141e-03,2.171750e-03,3.030410e-03,8.961207e-01,6.508984e-04,1.982645e-04,1.122227e-03,1.559148e-03,1.928761e-03,3.867280e-04,1.103099e-03
6.205624e-02,8.421716e-04,2.485206e-03,4.378735e-03,7.341379e-03,2.000979e-03,3.297256e-03,9.113373e-01,5.565019e-04,2.660171e-04,9.060097e-04,1.338306e-03,2.001794e-03,2.922085e-04,8.998950e-04
5.479489e-02,6.683787e-04,1.987373e-03,3.551035e-03,1.309162e-02,2.183721e-03,5.199905e-03,9.125781e-01,4.565584e-04,3.094474e-04,7.939546e-04,1.231646e-03,2.170275e-03,2.245809e-04,7.585139e-04
5.037941e-02,5.582109e-04,1.712791e-03,3.054753e-03,1.519775e-02,2.827829e-03,6.704683e-03,9.127675e-01,4.090770e-04,3.371829e-04,7.566401e-04,1.613953e-03,2.776184e-03,1.860878e-04,7.179505e-04
4.867349e-02,4.452103e-04,1.327745e-03,2.324976e-03,1.461913e-02,3.013967e-03,5.971957e-03,9.180108e-01,3.285612e-04,2.764219e-04,5.915463e-04,1.323460e-03,2.366313e-03,1.437403e-04,5.826328e-04
5.644916e-02,3.845734e-04,1.083569e-03,1.834047e-03,1.339490e-02,3.440778e-03,5.226762e-03,9.131550e-01,2.967627e-04,2.331579e-04,4.844319e-04,1.261408e-03,2.099173e-03,1.247937e-04,5.315002e-04
7.812773e-02,4.896287e-04,1.055949e-03,1.684321e-03,1.180007e-02,5.271297e-03,4.546210e-03,8.907068e-01,3.778006e-04,2.218217e-04,4.552714e-04,1.525116e-03,2.386997e-03,1.675154e-04,1.183491e-03
1.236606e-01,4.185451e-03,2.949502e-03,7.316628e-03,1.196977e-02,3.217631e-02,4.206913e-03,7.579793e-01,5.324176e-03,2.364787e-03,2.510278e-03,1.186838e-02,2.209856e-02,1.072871e-03,1.031643e-02
1.045230e-01,1.115120e-02,3.898013e-03,1.741552e-02,9.380382e-03,6.455250e-02,3.524738e-03,5.465561e-01,1.927011e-02,2.376638e-02,5.887209e-03,3.792113e-02,7.462277e-02,1.909910e-03,7.562107e-02
7.638208e-02,2.967978e-02,5.527326e-03,3.592586e-02,6.890016e-03,5.011132e-02,2.840248e-03,3.830042e-01,6.143563e-02,5.157470e-02,6.481034e-03,3.880078e-02,7.103080e-02,1.769848e-03,1.785464e-01
8.113928e-02,3.604406e-02,4.843073e-03,3.506335e-02,6.348222e-03,3.823958e-02,2.976826e-03,2.696330e-01,2.296358e-01,4.040514e-02,8.568261e-03,3.062119e-02,6.394048e-02,1.514010e-03,1.510278e-01
6.295268e-02,6.311104e-02,5.457834e-03,4.540392e-02,4.933083e-03,2.815191e-02,2.295146e-03,1.888250e-01,3.059284e-01,3.281851e-02,6.346201e-03,2.199577e-02,4.587119e-02,1.263794e-03,1.846455e-01
5.081301e-02,7.766739e-02,1.028191e-02,1.042606e-01,4.967933e-03,2.133598e-02,1.723751e-03,1.322400e-01,2.824073e-01,2.623894e-02,5.742627e-03,1.586538e-02,3.332010e-02,1.211215e-03,2.319239e-01
5.662760e-02,8.156836e-02,1.341179e-02,1.161937e-01,6.248827e-03,1.745130e-02,1.407470e-03,9.276901e-02,2.595310e-01,2.347450e-02,1.411313e-02,1.252386e-02,2.593414e-02,3.980029e-03,2.747654e-01
1.104413e-01,7.235714e-02,1.035631e-02,9.545389e-02,6.112113e-03,1.514360e-02,1.140713e-03,6.517386e-02,2.288596e-01,1.823274e-02,1.409682e-02,1.005872e-02,2.071879e-02,4.829956e-03,3.270245e-01
1.564993e-01,5.979137e-02,9.871857e-03,7.286055e-02,1.101770e-02,2.082814e-02,1.173526e-03,4.705650e-02,2.600806e-01,1.408854e-02,3.626399e-02,1.503310e-02,4.387840e-02,5.284926e-03,2.462715e-01
2.215686e-01,5.109388e-02,9.039981e-03,1.096091e-01,9.877685e-03,2.126693e-02,1.243924e-03,3.486404e-02,2.267747e-01,1.300138e-02,2.942511e-02,1.481833e-02,3.746933e-02,7.115054e-03,2.128319e-01
2.522528e-01,4.490035e-02,1.039706e-02,8.598581e-02,1.640367e-02,3.830506e-02,1.924035e-03,2.797877e-02,2.293312e-01,1.451303e-02,2.558483e-02,1.585382e-02,4.062134e-02,1.023714e-02,1.857112e-01
2.708011e-01,3.645925e-02,8.484027e-03,6.491799e-02,3.044200e-02,3.997971e-02,2.074694e-03,2.451500e-02,1.914759e-01,1.079600e-02,2.572876e-02,1.708296e-02,9.366788e-02,1.451445e-02,1.690603e-01
2.759650e-01,2.890217e-02,6.933206e-03,4.980715e-02,2.630315e-02,3.249216e-02,2.048483e-03,2.395824e-02,1.439851e-01,8.051548e-03,2.653711e-02,2.213689e-02,1.668804e-01,2.042612e-02,1.655732e-01
2.510037e-01,2.541520e-02,5.643209e-03,4.022660e-02,2.266745e-02,2.948338e-02,2.140794e-03,3.066537e-02,1.131224e-01,7.346114e-03,2.554274e-02,2.193146e-02,2.324586e-01,2.817772e-02,1.641753e-01
2.670646e-01,2.316145e-02,4.568205e-03,3.116511e-02,1.737579e-02,3.089347e-02,2.333943e-03,2.979829e-02,9.793921e-02,6.318097e-03,1.949095e-02,2.017016e-02,2.890562e-01,2.238009e-02,1.382844e-01
2.304462e-01,2.527057e-02,3.825405e-03,2.298888e-02,1.400895e-02,2.811887e-02,2.920628e-03,3.100376e-02,9.196805e-02,4.925057e-03,1.458607e-02,1.632814e-02,3.947291e-01,1.636269e-02,1.025176e-01
1.951389e-01,2.948597e-02,3.781966e-03,1.792867e-02,1.195050e-02,2.928672e-02,2.600300e-03,9.292480e-02,1.052544e-01,4.055710e-03,1.101499e-02,1.260332e-02,3.888817e-01,1.268595e-02,8.240610e-02
1.804796e-01,2.472160e-02,3.056193e-03,1.483627e-02,1.042235e-02,3.071786e-02,2.428577e-03,1.358126e-01,1.061958e-01,3.158450e-03,9.745566e-03,1.140930e-02,3.952994e-01,9.695234e-03,6.202119e-02
1.375921e-01,1.777678e-02,2.644755e-03,1.135154e-02,7.800965e-03,2.323247e-02,1.842756e-03,3.598655e-01,7.713005e-02,2.316386e-03,7.264359e-03,8.667981e-03,2.911145e-01,6.915206e-03,4.448473e-02
1.184286e-01,1.328410e-02,2.107465e-03,8.389684e-03,7.336221e-03,1.896293e-02,2.465743e-03,5.049382e-01,6.264142e-02,1.690567e-03,5.304630e-03,6.378946e-03,2.106178e-01,4.942253e-03,3.251133e-02
1.109376e-01,1.172955e-02,1.949137e-03,6.888186e-03,1.007393e-02,3.057672e-02,4.433045e-03,5.567261e-01,5.452276e-02,1.271415e-03,3.924030e-03,5.482373e-03,1.740184e-01,3.697990e-03,2.376878e-02
8.969186e-02,9.715729e-03,1.738888e-03,5.381621e-03,1.219155e-02,4.725585e-02,5.199936e-03,6.102383e-01,5.618993e-02,9.350125e-04,2.871088e-03,4.104327e-03,1.348160e-01,2.766648e-03,1.690330e-02
7.264166e-02,7.492905e-03,1.713548e-03,4.588687e-03,1.001182e-02,3.909519e-02,3.974313e-03,6.902607e-01,4.225308e-02,8.444354e-04,2.325182e-03,3.838915e-03,1.063720e-01,2.167617e-03,1.242002e-02
6.571744e-02,6.208939e-03,1.936106e-03,4.399770e-03,8.559539e-03,3.178848e-02,3.456089e-03,7.342021e-01,3.512658e-02,9.994040e-04,2.461377e-03,3.427793e-03,9.052429e-02,1.922495e-03,9.269602e-03
7.728519e-02,6.231837e-03,1.982129e-03,5.057706e-03,8.017720e-03,2.643672e-02,3.190969e-03,7.379923e-01,3.205766e-02,9.924972e-04,2.724076e-03,3.849659e-03,8.494000e-02,1.622618e-03,7.618849e-03
1.030661e-01,5.225395e-03,1.787325e-03,4.649405e-03,6.351902e-03,2.503086e-02,2.413500e-03,7.316418e-01,2.849741e-02,7.580966e-04,2.373103e-03,3.199294e-03,7.759283e-02,1.246971e-03,6.166006e-03
8.203928e-02,3.765051e-03,1.401166e-03,3.574345e-03,4.736027e-03,1.809520e-02,1.752328e-03,7.978891e-01,2.125104e-02,5.382241e-04,1.808443e-03,2.430082e-03,5.545680e-02,8.907327e-04,4.372127e-03
6.462991e-02,2.770191e-03,1.117289e-03,2.639324e-03,3.642835e-03,1.290925e-02,1.270720e-03,8.472055e-01,1.697775e-02,3.823923e-04,1.341460e-03,1.770948e-03,3.961315e-02,6.333552e-04,3.095874e-03
5.049309e-02,1.963890e-03,8.404106e-04,1.984900e-03,3.347981e-03,9.155554e-03,9.271078e-04,8.856731e-01,1.265471e-02,2.698977e-04,9.930802e-04,1.281200e-03,2.779134e-02,4.480761e-04,2.175632e-03
4.273104e-02,1.480660e-03,7.137168e-04,1.497951e-03,2.951709e-03,6.802569e-03,7.025459e-04,9.104111e-01,9.359096e-03,1.922981e-04,7.582116e-04,9.865862e-04,1.951369e-02,3.316643e-04,1.567084e-03
4.669351e-02,1.161651e-03,7.188605e-04,1.194016e-03,2.814211e-03,5.673588e-03,7.157456e-04,9.169974e-01,6.977334e-03,1.420531e-04,7.093276e-04,9.222589e-04,1.381213e-02,2.636585e-04,1.204226e-03
4.097198e-02,8.755127e-04,9.773978e-04,1.134504e-03,2.868478e-03,4.498470e-03,6.863482e-04,9.306577e-01,5.077451e-03,1.055073e-04,5.774781e-04,7.383878e-04,9.738366e-03,2.110699e-04,8.812809e-04
3.890884e-02,7.160704e-04,9.145020e-04,9.712676e-04,3.090238e-03,4.278810e-03,1.309140e-03,9.369611e-01,3.791826e-03,8.128325e-05,4.814083e-04,5.680413e-04,7.126776e-03,1.563003e-04,6.443561e-04
4.088461e-02,7.189768e-04,9.269044e-04,9.036887e-04,3.202128e-03,4.309118e-03,1.695182e-03,9.373102e-01,3.073863e-03,6.178659e-05,3.850607e-04,4.401696e-04,5.488855e-03,1.165826e-04,4.827712e-04
8.040193e-02,7.469067e-04,1.196224e-03,1.342184e-03,2.925826e-03,3.846340e-03,1.314406e-03,8.965912e-01,2.687065e-03,1.601370e-04,8.840595e-04,1.846395e-03,5.355905e-03,1.922559e-04,5.091537e-04
1.666751e-01,1.096436e-03,1.823851e-03,1.926283e-03,3.363940e-03,6.537965e-03,1.656715e-03,7.967331e-01,2.952335e-03,3.048744e-04,1.631333e-03,3.392034e-03,1.065327e-02,2.676985e-04,9.851177e-04
1.741144e-01,9.757867e-04,1.697007e-03,1.933440e-03,2.975816e-03,6.161161e-03,1.596311e-03,7.862142e-01,2.629539e-03,4.548451e-04,2.054294e-03,4.232920e-03,1.284395e-02,3.445771e-04,1.771753e-03
2.507794e-01,6.430179e-03,3.786481e-03,7.663679e-03,7.031767e-03,1.038004e-02,4.763515e-03,6.269424e-01,5.767989e-03,1.591585e-03,7.013441e-03,2.130450e-02,3.817604e-02,1.085624e-03,7.283367e-03
3.167752e-01,6.119941e-03,4.734930e-03,7.766326e-03,1.299378e-02,1.344237e-02,4.815247e-03,5.134923e-01,7.933756e-03,1.667274e-03,1.033268e-02,2.692428e-02,6.371146e-02,1.215786e-03,8.074565e-03
3.945816e-01,8.526898e-03,6.359539e-03,2.636284e-02,1.612394e-02,1.530048e-02,3.804096e-03,3.677450e-01,1.393223e-02,1.518838e-03,1.575307e-02,4.497538e-02,7.424714e-02,1.821544e-03,8.947412e-03
3.423616e-01,1.133632e-02,1.051503e-02,3.279585e-02,3.129728e-02,1.364171e-02,4.279478e-03,2.597803e-01,1.630214e-02,2.267786e-03,3.077734e-02,5.176593e-02,1.758233e-01,4.050898e-03,1.300507e-02
2.532077e-01,1.054601e-02,9.301219e-03,3.474102e-02,2.899035e-02,1.091785e-02,4.240657e-03,1.825961e-01,1.844696e-02,3.698104e-03,4.205536e-02,1.575740e-01,2.255672e-01,5.705353e-03,1.241219e-02
1.858485e-01,9.389283e-03,2.023135e-02,2.489417e-02,2.857765e-02,1.140785e-02,3.222852e-03,1.281329e-01,1.774880e-02,7.832373e-03,5.360930e-02,1.947050e-01,2.851482e-01,1.461538e-02,1.463629e-02
1.373375e-01,7.596478e-03,5.681061e-02,1.796560e-02,2.479995e-02,9.220934e-03,2.845205e-03,9.084938e-02,1.689152e-02,1.002944e-02,4.647943e-02,1.776842e-01,3.199498e-01,2.864151e-02,5.289844e-02
1.076416e-01,5.833074e-03,1.203635e-01,1.385158e-02,2.170524e-02,9.115382e-03,1.017799e-02,8.611176e-02,1.301085e-02,1.490699e-02,3.738522e-02,1.404594e-01,2.969190e-01,2.590652e-02,9.661184e-02
8.273622e-02,6.068387e-03,1.302972e-01,1.143708e-02,2.069516e-02,1.074998e-02,8.114239e-03,6.402633e-02,1.343982e-02,3.420229e-02,3.507448e-02,1.102269e-01,2.212493e-01,5.016560e-02,2.015170e-01
6.712728e-02,8.337979e-03,1.310715e-01,9.487107e-03,1.974512e-02,9.087695e-03,5.824873e-03,4.532939e-02,1.244833e-02,3.571338e-02,5.451620e-02,8.182219e-02,1.607106e-01,1.135578e-01,2.452205e-01
4.954662e-02,7.389526e-03,1.058204e-01,7.059842e-03,1.490147e-02,7.150746e-03,4.118922e-03,3.315666e-02,1.006307e-02,2.664629e-02,4.370299e-02,5.858299e-02,1.157905e-01,2.103433e-01,3.057267e-01
3.649370e-02,1.115515e-02,1.361457e-01,5.856035e-03,1.176845e-02,5.314275e-03,2.937594e-03,2.605188e-02,1.109556e-02,2.014734e-02,3.845672e-02,4.219113e-02,8.672813e-02,1.718294e-01,3.938290e-01
3.093844e-02,8.259751e-02,1.263514e-01,4.778641e-03,8.877349e-03,5.543329e-03,2.193677e-03,2.265275e-02,4.995610e-02,1.454908e-02,2.801208e-02,3.032434e-02,6.188145e-02,1.518184e-01,3.795255e-01
2.973198e-02,1.238691e-01,1.051525e-01,4.136692e-03,8.007117e-03,7.566188e-03,1.603466e-03,1.989850e-02,1.565494e-01,1.123129e-02,2.002932e-02,2.141064e-02,4.404968e-02,1.146763e-01,3.320878e-01
2.578020e-02,1.170033e-01,1.176176e-01,1.573786e-02,8.995051e-03,1.126383e-02,1.411939e-03,2.615414e-02,2.573064e-01,8.118938e-03,1.466638e-02,1.506497e-02,3.155013e-02,8.370784e-02,2.656215e-01
2.722120e-02,9.792411e-02,2.226459e-01,4.580358e-02,1.909953e-02,1.326849e-02,1.183054e-03,4.045452e-02,2.289480e-01,6.109070e-03,1.059582e-02,1.058711e-02,2.232476e-02,5.973301e-02,1.941018e-01
3.545491e-02,1.222035e-01,2.453356e-01,4.654795e-02,4.490256e-02,1.505285e-02,1.107719e-03,3.581054e-02,2.166271e-01,5.308761e-03,7.688181e-03,7.436184e-03,1.579164e-02,4.341500e-02,1.573175e-01
5.145957e-02,1.559082e-01,2.122586e-01,3.613289e-02,9.535053e-02,2.618479e-02,1.431791e-03,3.289991e-02,2.120320e-01,7.200210e-03,5.813127e-03,5.383751e-03,1.133585e-02,3.177158e-02,1.148371e-01
6.086832e-02,2.086631e-01,1.793802e-01,2.947277e-02,1.008643e-01,2.317884e-02,1.918120e-03,3.355116e-02,2.159092e-01,7.692447e-03,4.580783e-03,4.043363e-03,8.443275e-03,2.502254e-02,9.641154e-02
8.525467e-02,2.055933e-01,1.738544e-01,7.570861e-02,1.031078e-01,2.070905e-02,2.213296e-03,5.017919e-02,1.691300e-01,6.002786e-03,3.645800e-03,3.041423e-03,6.279945e-03,1.891840e-02,7.636140e-02
1.459780e-01,1.860261e-01,2.308354e-01,5.832905e-02,1.023399e-01,1.683835e-02,1.814223e-03,3.694633e-02,1.336470e-01,4.430616e-03,2.973232e-03,2.516394e-03,5.045561e-03,1.503889e-02,5.724115e-02
2.986417e-01,1.481659e-01,2.042434e-01,4.700355e-02,9.296000e-02,1.339626e-02,2.023930e-03,2.704198e-02,9.932689e-02,3.964093e-03,2.729976e-03,2.461029e-03,4.015531e-03,1.246975e-02,4.155607e-02
4.409591e-01,1.152137e-01,1.594009e-01,3.924426e-02,8.258370e-02,1.163284e-02,2.159628e-03,1.997434e-02,7.271897e-02,3.831174e-03,2.666119e-03,3.053510e-03,3.528970e-03,9.763091e-03,3.326983e-02
4.650078e-01,9.088369e-02,1.900157e-01,5.465789e-02,6.364756e-02,9.829307e-03,2.020759e-03,1.547966e-02,5.407109e-02,4.520521e-03,3.002198e-03,5.743204e-03,4.181279e-03,8.072441e-03,2.886694e-02
3.623376e-01,7.776563e-02,2.531393e-01,5.682695e-02,4.558333e-02,8.779339e-03,1.489530e-03,1.122342e-02,4.292468e-02,1.880948e-02,5.733451e-03,1.560735e-02,5.647441e-03,9.680973e-03,8.445154e-02
2.628053e-01,5.715100e-02,1.861208e-01,4.213226e-02,3.216196e-02,1.131440e-02,1.083341e-03,8.054152e-03,3.140260e-02,1.660063e-02,1.751070e-01,9.756041e-02,5.340752e-03,1.055998e-02,6.260540e-02
1.891438e-01,4.175884e-02,1.322519e-01,3.217131e-02,2.265276e-02,1.038424e-02,7.741817e-04,5.760262e-03,2.345196e-02,1.311817e-02,2.909297e-01,1.765951e-01,4.918624e-03,9.898117e-03,4.619111e-02
1.373995e-01,2.977818e-02,9.611075e-02,2.621541e-02,1.610529e-02,9.104555e-03,5.735845e-04,4.156457e-03,1.761351e-02,1.139764e-02,4.627955e-01,1.443633e-01,4.012016e-03,7.401317e-03,3.297308e-02
9.778983e-02,2.126569e-02,6.978613e-02,2.057748e-02,1.136090e-02,8.628213e-03,4.322592e-04,2.976041e-03,1.317317e-02,8.376518e-03,4.980853e-01,2.156956e-01,3.065739e-03,5.472878e-03,2.331426e-02
7.121751e-02,1.554023e-02,4.943960e-02,1.540499e-02,8.080489e-03,7.470602e-03,3.585439e-04,2.163774e-03,9.970707e-03,6.244131e-03,5.469858e-01,2.436265e-01,2.527992e-03,4.182194e-03,1.678691e-02
5.738373e-02,1.224443e-02,3.478787e-02,1.251864e-02,6.424775e-03,6.178091e-03,4.927861e-04,1.883167e-03,1.174834e-02,5.072674e-03,6.125872e-01,2.194347e-01,2.180666e-03,3.184947e-03,1.387802e-02
4.055217e-02,9.668254e-03,2.448326e-02,9.727681e-03,5.657575e-03,4.906965e-03,5.339736e-04,1.496495e-03,1.998444e-02,4.021013e-03,6.780730e-01,1.856903e-01,2.101439e-03,2.378891e-03,1.072446e-02
2.911962e-02,5.501441e-02,1.872585e-02,8.942786e-03,4.692924e-03,7.407255e-03,5.481251e-04,1.272180e-03,2.932240e-02,4.695333e-03,6.532444e-01,1.566439e-01,1.903012e-03,2.085736e-03,2.638206e-02
2.331253e-02,4.101238e-02,1.486820e-02,7.688704e-03,1.538402e-02,7.480748e-03,2.302912e-03,3.943079e-03,3.910827e-02,4.084782e-03,6.903090e-01,1.263037e-01,2.126319e-03,1.738012e-03,2.033732e-02
2.028393e-02,3.354634e-02,1.159510e-02,6.559881e-03,1.539491e-02,1.036474e-02,2.147465e-03,4.220511e-03,4.498311e-02,3.269045e-03,7.210203e-01,1.057300e-01,3.620467e-03,2.037334e-03,1.522676e-02
1.660895e-02,3.122666e-02,9.034956e-03,6.101984e-03,1.345294e-02,2.130689e-02,2.049206e-03,4.722584e-03,7.461728e-02,3.060383e-03,6.952551e-01,1.009605e-01,6.913698e-03,3.424096e-03,1.126478e-02
1.307158e-02,3.515318e-02,8.227410e-03,5.592720e-03,1.396273e-02,1.930761e-02,1.610749e-03,5.859843e-03,1.299540e-01,3.837105e-03,6.362579e-01,1.034656e-01,9.813800e-03,5.292267e-03,8.593592e-03
1.286854e-02,4.434615e-02,7.424952e-03,5.772891e-03,1.473440e-02,1.914821e-02,1.358806e-03,7.766295e-03,2.123128e-01,5.285310e-03,5.336232e-01,1.055406e-01,1.481542e-02,8.147217e-03,6.855114e-03
9.918691e-03,4.328747e-02,5.353997e-03,4.208819e-03,1.684530e-02,2.395995e-02,1.032784e-03,6.150708e-03,4.125663e-01,3.860514e-03,3.761893e-01,7.443720e-02,1.148188e-02,5.803969e-03,4.903089e-03
8.082686e-03,4.443105e-02,3.999981e-03,3.283730e-03,2.316274e-02,2.796345e-02,8.379470e-04,5.783925e-03,5.447543e-01,2.914287e-03,2.655837e-01,5.259340e-02,8.887166e-03,4.183501e-03,3.538131e-03
9.480492e-03,4.941624e-02,3.048856e-03,4.319716e-03,4.494292e-02,4.870780e-02,7.684844e-04,5.785938e-03,5.908997e-01,2.203402e-03,1.905202e-01,3.729098e-02,6.683420e-03,3.050875e-03,2.880988e-03
1.062869e-02,5.038482e-02,2.417594e-03,6.512354e-03,6.393775e-02,5.269133e-02,1.141907e-03,6.322047e-03,6.312720e-01,1.858077e-03,1.347008e-01,2.664447e-02,6.148823e-03,2.229070e-03,3.110250e-03
1.619841e-02,4.435535e-02,2.403464e-03,8.434747e-03,1.772418e-01,5.027341e-02,3.587594e-03,1.805507e-02,5.524927e-01,1.866571e-03,9.478223e-02,1.886186e-02,5.384942e-03,1.626227e-03,4.435653e-03
1.697114e-02,3.315312e-02,2.044059e-03,6.647203e-03,2.202897e-01,4.212604e-02,4.768695e-03,1.233814e-01,4.609463e-01,1.331837e-03,6.660152e-02,1.327611e-02,3.989412e-03,1.177338e-03,3.296225e-03
1.609931e-02,2.432767e-02,1.953328e-03,5.219355e-03,2.410876e-01,3.261508e-02,6.466839e-03,2.516160e-01,3.573488e-01,9.504927e-04,4.673528e-02,9.354351e-03,2.984225e-03,8.426772e-04,2.399022e-03
1.981836e-02,1.860263e-02,2.135953e-03,4.472272e-03,2.169940e-01,3.286519e-02,8.669743e-03,3.610672e-01,2.905108e-01,7.000892e-04,3.283495e-02,6.627785e-03,2.213401e-03,6.248842e-04,1.862807e-03
2.050649e-02,1.370220e-02,1.910766e-03,3.698683e-03,1.732207e-01,2.676775e-02,1.182741e-02,4.930572e-01,2.234242e-01,5.132766e-04,2.306890e-02,4.727841e-03,1.686833e-03,4.538212e-04,1.433926e-03
2.286462e-02,1.024725e-02,2.335533e-03,3.485635e-03,1.309183e-01,2.611909e-02,1.073084e-02,6.007447e-01,1.694493e-01,4.159108e-04,1.620770e-02,3.453236e-03,1.450085e-03,3.288965e-04,1.248921e-03
5.502804e-02,1.014677e-02,2.927554e-03,3.723160e-03,1.189736e-01,3.673349e-02,1.014298e-02,5.650591e-01,1.759697e-01,4.848129e-04,1.196821e-02,3.581857e-03,2.000807e-03,4.006729e-04,2.859227e-03
8.763102e-02,9.378234e-03,5.271057e-03,3.870315e-03,9.711446e-02,3.842171e-02,1.190690e-02,5.453244e-01,1.782533e-01,5.261724e-04,9.114305e-03,5.249714e-03,3.790928e-03,4.702834e-04,3.677136e-03
2.159979e-01,1.002380e-02,6.320654e-03,4.417589e-03,7.321452e-02,3.269506e-02,1.773700e-02,4.678144e-01,1.466740e-01,9.139668e-04,7.312081e-03,5.516678e-03,4.490353e-03,6.169898e-04,6.255041e-03
2.481081e-01,8.047687e-03,5.311694e-03,3.994999e-03,5.320658e-02,2.602973e-02,1.770372e-02,5.014117e-01,1.118912e-01,8.851157e-04,5.866383e-03,5.857655e-03,4.728736e-03,6.390960e-04,6.317672e-03
2.822051e-01,6.785194e-03,5.951887e-03,4.786183e-03,4.103589e-02,2.846044e-02,1.500753e-02,5.081162e-01,8.439549e-02,1.209921e-03,4.837960e-03,5.440889e-03,4.152828e-03,7.136661e-04,6.900932e-03
2.824627e-01,5.928027e-03,7.701409e-03,4.776046e-03,2.947386e-02,4.938359e-02,1.186331e-02,5.244707e-01,6.167662e-02,1.317598e-03,4.098358e-03,5.447491e-03,3.334755e-03,8.635409e-04,7.202014e-03
2.092099e-01,4.997079e-03,6.851267e-03,5.130505e-03,2.170370e-02,2.934382e-01,8.634757e-03,3.804590e-01,4.358405e-02,1.811074e-03,5.204333e-03,6.343156e-03,3.353478e-03,1.100162e-03,8.179371e-03
1.587683e-01,6.518220e-03,1.290255e-02,3.272644e-02,1.845814e-02,3.990906e-01,6.348280e-03,2.682618e-01,3.241304e-02,4.708881e-03,1.949191e-02,1.609385e-02,6.278231e-03,3.782045e-03,1.415768e-02
1.273202e-01,5.816075e-03,1.111255e-02,2.672587e-02,1.446072e-02,4.461032e-01,4.766777e-03,1.912950e-01,2.459494e-02,9.049371e-03,2.641921e-02,2.877256e-02,1.137694e-02,1.185349e-02,6.033310e-02
9.648180e-02,7.096999e-03,2.642146e-02,4.263254e-02,1.213819e-02,3.981603e-01,3.504877e-03,1.353196e-01,2.128909e-02,2.384564e-02,6.005188e-02,8.733475e-02,1.712442e-02,1.264997e-02,5.594852e-02
7.433286e-02,1.056881e-02,4.022425e-02,4.761842e-02,9.883738e-03,3.353574e-01,2.670811e-03,9.732727e-02,2.830827e-02,2.647892e-02,1.032274e-01,1.423849e-01,1.617417e-02,1.544788e-02,4.999492e-02
5.872194e-02,1.461384e-02,6.636254e-02,4.385535e-02,7.788011e-03,2.863803e-01,2.302120e-03,7.442383e-02,3.027702e-02,4.043079e-02,1.070592e-01,1.663794e-01,1.548101e-02,2.579981e-02,6.012478e-02
4.382502e-02,2.339145e-02,1.059194e-01,4.406590e-02,5.907732e-03,2.292061e-01,1.901747e-03,5.684993e-02,3.551479e-02,4.016754e-02,1.333343e-01,1.681611e-01,1.568003e-02,4.822376e-02,4.785120e-02
3.376053e-02,3.076454e-02,8.057591e-02,3.292166e-02,4.406649e-03,1.791884e-01,1.535976e-03,4.209105e-02,4.335655e-02,4.599004e-02,1.805222e-01,1.587113e-01,1.469812e-02,1.099562e-01,4.152081e-02
2.482989e-02,4.640559e-02,5.805193e-02,2.379277e-02,3.152418e-03,1.327643e-01,1.108885e-03,2.992506e-02,4.274534e-02,4.581672e-02,2.052419e-01,1.277943e-01,1.515529e-02,1.971136e-01,4.610199e-02
1.922039e-02,6.039940e-02,4.231833e-02,1.744891e-02,2.360412e-03,9.952479e-02,8.732271e-04,2.158309e-02,8.137627e-02,3.831685e-02,1.793700e-01,9.451792e-02,1.332401e-02,2.801908e-01,4.917559e-02
1.457199e-02,7.718569e-02,3.002840e-02,1.250255e-02,1.751124e-03,7.167497e-02,6.456712e-04,1.529800e-02,8.837992e-02,3.412281e-02,1.440229e-01,6.759316e-02,1.030563e-02,3.932032e-01,3.871397e-02
1.149473e-02,8.952045e-02,2.138000e-02,8.995960e-03,1.416000e-03,5.377725e-02,4.732313e-04,1.082849e-02,1.154245e-01,2.914808e-02,1.073598e-01,4.817186e-02,7.764273e-03,4.597679e-01,3.447745e-02
1.032431e-02,1.489082e-01,1.581000e-02,6.835910e-03,1.864052e-03,4.527638e-02,3.836555e-04,8.192765e-03,1.430563e-01,2.515135e-02,7.676099e-02,3.403260e-02,6.438298e-03,4.457386e-01,3.122664e-02
9.302007e-03,1.569763e-01,2.150554e-02,8.696591e-03,5.949494e-03,3.718049e-02,6.135555e-04,1.155479e-02,1.828293e-01,3.129389e-02,5.498636e-02,2.394146e-02,5.235149e-03,4.163499e-01,3.358521e-02
3.806843e-02,1.858741e-01,1.867621e-02,8.276660e-03,1.714820e-02,3.213064e-02,2.291505e-03,1.663650e-02,1.810168e-01,2.372127e-02,4.078110e-02,1.752992e-02,6.010967e-03,3.717194e-01,4.011832e-02
1.774641e-01,1.624651e-01,1.407892e-02,6.195478e-03,2.913165e-02,2.489435e-02,1.926505e-03,1.343282e-02,1.385458e-01,1.737300e-02,3.409371e-02,1.396680e-02,8.216115e-03,3.159409e-01,4.227478e-02
1.858365e-01,1.309348e-01,1.132115e-02,6.340370e-03,7.887266e-02,2.473319e-02,2.278363e-03,2.064061e-02,1.290930e-01,1.441874e-02,3.405366e-02,1.589896e-02,2.168897e-02,2.550658e-01,6.882329e-02
1.749653e-01,1.105502e-01,1.075634e-02,8.770802e-03,1.046677e-01,3.134688e-02,2.178389e-03,3.988473e-02,1.232315e-01,1.391605e-02,3.192300e-02,1.597131e-02,3.102947e-02,2.070203e-01,9.378807e-02
1.438474e-01,8.494403e-02,1.311822e-02,4.718766e-02,1.047039e-01,2.570940e-02,1.723371e-03,3.761477e-02,1.735641e-01,1.336994e-02,2.743821e-02,1.399021e-02,2.709504e-02,1.475489e-01,1.381448e-01
1.351086e-01,6.667858e-02,4.749059e-02,1.009501e-01,1.110045e-01,3.137911e-02,1.820131e-03,4.152600e-02,1.790615e-01,1.106785e-02,2.436431e-02,1.119168e-02,2.004938e-02,1.072880e-01,1.110196e-01
1.340455e-01,5.164779e-02,7.313711e-02,1.274537e-01,9.171477e-02,2.803721e-02,1.496994e-03,3.252079e-02,1.963951e-01,1.224294e-02,2.341196e-02,9.916065e-03,1.636945e-02,8.086292e-02,1.207477e-01
1.060227e-01,4.072053e-02,7.257359e-02,1.557319e-01,6.458322e-02,1.989764e-02,1.102249e-03,2.327026e-02,2.383240e-01,2.284354e-02,2.102995e-02,8.072541e-03,1.273619e-02,5.739873e-02,1.556929e-01
7.476319e-02,3.098730e-02,5.274947e-02,1.676597e-01,4.554373e-02,1.399423e-02,7.791606e-04,1.639196e-02,3.621366e-01,1.646314e-02,3.939486e-02,7.942791e-03,1.461815e-02,4.028236e-02,1.162934e-01
5.252011e-02,2.430551e-02,3.908218e-02,1.339597e-01,3.194758e-02,9.867880e-03,5.542721e-04,1.159056e-02,3.372168e-01,1.221190e-02,1.712334e-01,4.156052e-02,1.880422e-02,3.100161e-02,8.414385e-02
3.697902e-02,1.749593e-02,2.794372e-02,1.074989e-01,2.296525e-02,7.060339e-03,4.024927e-04,8.338887e-03,2.409749e-01,9.796541e-03,1.805125e-01,2.126973e-01,3.487173e-02,3.270235e-02,5.976005e-02
2.637636e-02,1.257885e-02,1.999304e-02,9.425978e-02,2.005968e-02,9.342124e-03,3.200675e-04,6.258026e-03,1.713112e-01,8.148552e-03,2.580966e-01,2.746883e-01,3.115744e-02,2.520444e-02,4.220552e-02
1.900314e-02,9.850181e-03,1.491845e-02,8.948732e-02,3.003169e-02,1.703760e-02,2.643403e-04,4.739378e-03,1.314746e-01,7.809076e-03,2.902054e-01,3.096493e-01,2.546518e-02,2.018898e-02,2.987538e-02
1.356928e-02,7.406609e-03,1.107929e-02,8.061850e-02,4.059052e-02,1.777013e-02,2.214016e-04,3.490403e-03,9.552621e-02,8.279385e-03,3.001557e-01,3.635210e-01,1.973893e-02,1.695652e-02,2.107611e-02
9.758269e-03,5.654828e-03,8.451615e-03,5.804586e-02,3.569768e-02,1.509267e-02,2.258404e-04,2.508341e-03,6.834634e-02,7.338268e-03,2.965936e-01,4.432734e-01,1.651058e-02,1.724683e-02,1.525592e-02
7.033984e-03,4.123223e-03,6.774726e-03,4.122837e-02,4.112766e-02,1.096529e-02,2.075154e-04,2.052353e-03,5.322028e-02,7.895945e-03,2.907613e-01,4.923570e-01,1.336326e-02,1.795042e-02,1.093871e-02
5.058339e-03,4.004851e-03,6.490877e-03,2.905433e-02,4.139979e-02,7.982097e-03,1.866442e-04,1.648389e-03,4.031429e-02,9.876784e-03,2.461843e-01,5.557072e-01,1.152398e-02,3.249145e-02,8.076724e-03
4.377567e-03,3.225419e-03,9.484043e-03,2.156182e-02,3.946871e-02,6.195126e-03,8.679798e-04,2.304539e-02,3.200409e-02,1.457606e-02,1.957232e-01,6.075930e-01,9.890467e-03,2.606139e-02,5.925720e-03
3.440364e-03,2.526251e-03,7.482519e-03,1.533675e-02,3.034769e-02,4.639165e-03,7.401271e-04,1.918668e-02,2.421096e-02,1.688048e-02,1.396276e-01,7.028909e-01,7.524732e-03,2.076844e-02,4.397321e-03
3.945294e-03,5.326603e-03,1.272302e-02,1.138159e-02,5.740620e-02,6.431881e-03,1.749204e-03,2.760122e-02,6.329462e-02,1.481341e-02,1.089744e-01,6.566812e-01,8.298109e-03,1.775398e-02,3.619289e-03
4.403233e-03,7.062285e-03,1.707527e-02,8.338872e-03,5.441463e-02,5.028884e-03,1.694260e-03,2.448095e-02,7.844985e-02,2.009762e-02,8.705392e-02,6.560574e-01,9.359241e-03,2.354526e-02,2.938330e-03
5.176129e-03,6.883062e-03,2.705813e-02,6.822408e-03,7.156742e-02,4.465559e-03,1.670424e-03,5.070614e-02,8.892381e-02,1.912431e-02,6.626863e-02,6.176969e-01,1.065407e-02,2.069925e-02,2.283681e-03
7.985010e-03,1.494952e-02,2.877691e-02,6.585116e-03,7.422769e-02,4.274345e-03,1.415792e-03,6.314214e-02,1.475606e-01,2.001062e-02,6.267579e-02,5.370444e-01,1.107327e-02,1.843524e-02,1.843605e-03
9.606560e-03,1.886327e-02,2.406096e-02,5.333736e-03,6.526787e-02,3.451190e-03,1.215254e-03,5.133370e-02,1.925634e-01,2.502926e-02,6.184591e-02,5.133328e-01,1.088365e-02,1.563748e-02,1.574931e-03
9.541109e-03,3.804772e-02,2.043453e-02,4.069397e-03,5.921094e-02,2.631201e-03,9.834968e-04,3.957669e-02,3.563848e-01,2.018572e-02,4.831033e-02,3.779947e-01,9.930390e-03,1.142040e-02,1.278646e-03
9.441083e-03,3.481733e-02,1.733062e-02,3.344720e-03,5.362853e-02,2.161687e-03,7.575384e-04,4.239282e-02,4.443898e-01,4.241875e-02,4.403575e-02,2.831040e-01,9.031229e-03,1.211085e-02,1.035357e-03
9.388486e-03,3.398652e-02,1.796424e-02,3.299301e-03,5.910254e-02,2.004231e-03,6.763162e-04,4.763555e-02,4.739567e-01,4.934400e-02,4.173843e-02,2.369640e-01,9.463480e-03,1.350217e-02,9.741023e-04
8.231512e-03,2.945919e-02,2.439312e-02,3.385702e-03,5.569205e-02,1.794302e-03,5.403452e-04,9.659233e-02,4.982529e-01,4.749216e-02,3.297647e-02,1.800338e-01,9.253704e-03,1.110026e-02,8.021113e-04
1.272050e-02,2.723662e-02,2.232682e-02,3.615956e-03,6.954200e-02,1.619361e-03,4.544473e-04,8.547518e-02,4.702962e-01,7.524751e-02,4.384730e-02,1.622506e-01,9.938372e-03,1.463132e-02,7.978468e-04
