1.000000e+00,0.000000e+00,0.000000e+00,0.000000e+00,0.000000e+00,0.000000e+00,0.000000e+00,0.000000e+00,0.000000e+00,0.000000e+00,0.000000e+00,0.000000e+00,0.000000e+00,0.000000e+00,0.000000e+00
1.000000e+00,0.000000e+00,0.000000e+00,0.000000e+00,0.000000e+00,0.000000e+00,0.000000e+00,0.000000e+00,0.000000e+00,0.000000e+00,0.000000e+00,0.000000e+00,0.000000e+00,0.000000e+00,0.000000e+00
1.000000e+00,0.000000e+00,0.000000e+00,0.000000e+00,0.000000e+00,0.000000e+00,0.000000e+00,0.000000e+00,0.000000e+00,0.000000e+00,0.000000e+00,0.000000e+00,0.000000e+00,0.000000e+00,0.000000e+00
1.000000e+00,0.000000e+00,0.000000e+00,0.000000e+00,0.000000e+00,0.000000e+00,0.000000e+00,0.000000e+00,0.000000e+00,0.000000e+00,0.000000e+00,0.000000e+00,0.000000e+00,0.000000e+00,0.000000e+00
1.000000e+00,0.000000e+00,0.000000e+00,0.000000e+00,0.000000e+00,0.000000e+00,0.000000e+00,0.000000e+00,0.000000e+00,0.000000e+00,0.000000e+00,0.000000e+00,0.000000e+00,0.000000e+00,0.000000e+00
1.000000e+00,0.000000e+00,0.000000e+00,0.000000e+00,0.000000e+00,0.000000e+00,0.000000e+00,0.000000e+00,0.000000e+00,0.000000e+00,0.000000e+00,0.000000e+00,0.000000e+00,0.000000e+00,0.000000e+00
1.000000e+00,0.000000e+00,0.000000e+00,0.000000e+00,0.000000e+00,0.000000e+00,0.000000e+00,0.000000e+00,0.000000e+00,0.000000e+00,0.000000e+00,0.000000e+00,0.000000e+00,0.000000e+00,0.000000e+00
1.000000e+00,0.000000e+00,0.000000e+00,0.000000e+00,0.000000e+00,0.000000e+00,0.000000e+00,0.000000e+00,0.000000e+00,0.000000e+00,0.000000e+00,0.000000e+00,0.000000e+00,0.000000e+00,0.000000e+00
1.000000e+00,0.000000e+00,0.000000e+00,0.000000e+00,0.000000e+00,0.000000e+00,0.000000e+00,0.000000e+00,0.000000e+00,0.000000e+00,0.000000e+00,0.000000e+00,0.000000e+00,0.000000e+00,0.000000e+00
1.000000e+00,0.000000e+00,0.000000e+00,0.000000e+00,0.000000e+00,0.000000e+00,0.000000e+00,0.000000e+00,0.000000e+00,0.000000e+00,0.000000e+00,0.000000e+00,0.000000e+00,0.000000e+00,0.000000e+00
1.000000e+00,0.000000e+00,0.000000e+00,0.000000e+00,0.000000e+00,0.000000e+00,0.000000e+00,0.000000e+00,0.000000e+00,0.000000e+00,0.000000e+00,0.000000e+00,0.000000e+00,0.000000e+00,0.000000e+00
1.000000e+00,0.000000e+00,0.000000e+00,0.000000e+00,0.000000e+00,0.000000e+00,0.000000e+00,0.000000e+00,0.000000e+00,0.000000e+00,0.000000e+00,0.000000e+00,0.000000e+00,0.000000e+00,0.000000e+00
1.000000e+00,0.000000e+00,0.000000e+00,0.000000e+00,0.000000e+00,0.000000e+00,0.000000e+00,0.000000e+00,0.000000e+00,0.000000e+00,0.000000e+00,0.000000e+00,0.000000e+00,0.000000e+00,0.000000e+00
1.000000e+00,0.000000e+00,0.000000e+00,0.000000e+00,0.000000e+00,0.000000e+00,0.000000e+00,0.000000e+00,0.000000e+00,0.000000e+00,0.000000e+00,0.000000e+00,0.000000e+00,0.000000e+00,0.000000e+00
1.000000e+00,0.000000e+00,0.000000e+00,0.000000e+00,0.000000e+00,0.000000e+00,0.000000e+00,0.000000e+00,0.000000e+00,0.000000e+00,0.000000e+00,0.000000e+00,0.000000e+00,0.000000e+00,0.000000e+00
1.000000e+00,0.000000e+00,0.000000e+00,0.000000e+00,0.000000e+00,0.000000e+00,0.000000e+00,0.000000e+00,0.000000e+00,0.000000e+00,0.000000e+00,0.000000e+00,0.000000e+00,0.000000e+00,0.000000e+00
1.000000e+00,0.000000e+00,0.000000e+00,0.000000e+00,0.000000e+00,0.000000e+00,0.000000e+00,0.000000e+00,0.000000e+00,0.000000e+00,0.000000e+00,0.000000e+00,0.000000e+00,0.000000e+00,0.000000e+00
1.000000e+00,0.000000e+00,0.000000e+00,0.000000e+00,0.000000e+00,0.000000e+00,0.000000e+00,0.000000e+00,0.000000e+00,0.000000e+00,0.000000e+00,0.000000e+00,0.000000e+00,0.000000e+00,0.000000e+00
1.000000e+00,0.000000e+00,0.000000e+00,0.000000e+00,0.000000e+00,0.000000e+00,0.000000e+00,0.000000e+00,0.000000e+00,0.000000e+00,0.000000e+00,0.000000e+00,0.000000e+00,0.000000e+00,0.000000e+00
1.000000e+00,0.000000e+00,0.000000e+00,0.000000e+00,0.000000e+00,0.000000e+00,0.000000e+00,0.000000e+00,0.000000e+00,0.000000e+00,0.000000e+00,0.000000e+00,0.000000e+00,0.000000e+00,0.000000e+00
1.000000e+00,0.000000e+00,0.000000e+00,0.000000e+00,0.000000e+00,0.000000e+00,0.000000e+00,0.000000e+00,0.000000e+00,0.000000e+00,0.000000e+00,0.000000e+00,0.000000e+00,0.000000e+00,0.000000e+00
1.000000e+00,0.000000e+00,0.000000e+00,0.000000e+00,0.000000e+00,0.000000e+00,0.000000e+00,0.000000e+00,0.000000e+00,0.000000e+00,0.000000e+00,0.000000e+00,0.000000e+00,0.000000e+00,0.000000e+00
1.000000e+00,0.000000e+00,0.000000e+00,0.000000e+00,0.000000e+00,0.000000e+00,0.000000e+00,0.000000e+00,0.000000e+00,0.000000e+00,0.000000e+00,0.000000e+00,0.000000e+00,0.000000e+00,0.000000e+00
1.000000e+00,0.000000e+00,0.000000e+00,0.000000e+00,0.000000e+00,0.000000e+00,0.000000e+00,0.000000e+00,0.000000e+00,0.000000e+00,0.000000e+00,0.000000e+00,0.000000e+00,0.000000e+00,0.000000e+00
1.000000e+00,0.000000e+00,0.000000e+00,0.000000e+00,0.000000e+00,0.000000e+00,0.000000e+00,0.000000e+00,0.000000e+00,0.000000e+00,0.000000e+00,0.000000e+00,0.000000e+00,0.000000e+00,0.000000e+00
1.000000e+00,0.000000e+00,0.000000e+00,0.000000e+00,0.000000e+00,0.000000e+00,0.000000e+00,0.000000e+00,0.000000e+00,0.000000e+00,0.000000e+00,0.000000e+00,0.000000e+00,0.000000e+00,0.000000e+00
1.000000e+00,0.000000e+00,0.000000e+00,0.000000e+00,0.000000e+00,0.000000e+00,0.000000e+00,0.000000e+00,0.000000e+00,0.000000e+00,0.000000e+00,0.000000e+00,0.000000e+00,0.000000e+00,0.000000e+00
1.000000e+00,0.000000e+00,0.000000e+00,0.000000e+00,0.000000e+00,0.000000e+00,0.000000e+00,0.000000e+00,0.000000e+00,0.000000e+00,0.000000e+00,0.000000e+00,0.000000e+00,0.000000e+00,0.000000e+00
1.000000e+00,0.000000e+00,0.000000e+00,0.000000e+00,0.000000e+00,0.000000e+00,0.000000e+00,0.000000e+00,0.000000e+00,0.000000e+00,0.000000e+00,0.000000e+00,0.000000e+00,0.000000e+00,0.000000e+00
1.000000e+00,0.000000e+00,0.000000e+00,0.000000e+00,0.000000e+00,0.000000e+00,0.000000e+00,0.000000e+00,0.000000e+00,0.000000e+00,0.000000e+00,0.000000e+00,0.000000e+00,0.000000e+00,0.000000e+00
1.000000e+00,0.000000e+00,0.000000e+00,0.000000e+00,0.000000e+00,0.000000e+00,0.000000e+00,0.000000e+00,0.000000e+00,0.000000e+00,0.000000e+00,0.000000e+00,0.000000e+00,0.000000e+00,0.000000e+00
1.000000e+00,0.000000e+00,0.000000e+00,0.000000e+00,0.000000e+00,0.000000e+00,0.000000e+00,0.000000e+00,0.000000e+00,0.000000e+00,0.000000e+00,0.000000e+00,0.000000e+00,0.000000e+00,0.000000e+00
4.906875e-01,7.162951e-02,1.949409e-02,1.348341e-01,2.043068e-02,3.030743e-02,1.122120e-02,2.011835e-02,2.612719e-02,5.706711e-03,2.615291e-02,5.557563e-02,2.782001e-02,8.224824e-03,5.166991e-02
3.975473e-01,8.171597e-02,4.901853e-02,1.662363e-01,2.354536e-02,3.664205e-02,1.222750e-02,2.734281e-02,2.530209e-02,5.246419e-03,2.752011e-02,5.682528e-02,2.946193e-02,7.967786e-03,5.340055e-02
3.922378e-01,9.101850e-02,4.506896e-02,1.638272e-01,2.496413e-02,3.549524e-02,1.211214e-02,2.446679e-02,2.581614e-02,6.012957e-03,2.696664e-02,5.167068e-02,2.885739e-02,9.552924e-03,6.193253e-02
4.526332e-01,8.182676e-02,3.469688e-02,1.430436e-01,2.239997e-02,3.324939e-02,1.092672e-02,2.034989e-02,2.318015e-02,5.590861e-03,2.321701e-02,4.911622e-02,2.953770e-02,9.820788e-03,6.041083e-02
4.618227e-01,8.268680e-02,2.923047e-02,1.368412e-01,2.155685e-02,3.424953e-02,1.076268e-02,1.877529e-02,2.173245e-02,5.438880e-03,2.052210e-02,4.896528e-02,3.354260e-02,9.979846e-03,6.389333e-02
1.000000e+00,0.000000e+00,0.000000e+00,0.000000e+00,0.000000e+00,0.000000e+00,0.000000e+00,0.000000e+00,0.000000e+00,0.000000e+00,0.000000e+00,0.000000e+00,0.000000e+00,0.000000e+00,0.000000e+00
1.000000e+00,0.000000e+00,0.000000e+00,0.000000e+00,0.000000e+00,0.000000e+00,0.000000e+00,0.000000e+00,0.000000e+00,0.000000e+00,0.000000e+00,0.000000e+00,0.000000e+00,0.000000e+00,0.000000e+00
1.000000e+00,0.000000e+00,0.000000e+00,0.000000e+00,0.000000e+00,0.000000e+00,0.000000e+00,0.000000e+00,0.000000e+00,0.000000e+00,0.000000e+00,0.000000e+00,0.000000e+00,0.000000e+00,0.000000e+00
4.719629e-01,5.548864e-02,4.377110e-02,1.284676e-01,2.218693e-02,6.206948e-02,1.314604e-02,3.098719e-02,1.165200e-02,3.017530e-03,2.322250e-02,6.405057e-02,2.370676e-02,6.620440e-03,3.965026e-02
3.532031e-01,4.125228e-02,3.417371e-02,9.544370e-02,2.305937e-02,1.308919e-01,2.283751e-02,6.535152e-02,9.025080e-03,2.233390e-03,3.288962e-02,1.364917e-01,1.941446e-02,5.315644e-03,2.841687e-02
3.790675e-01,3.982569e-02,3.451186e-02,7.287897e-02,1.970848e-02,1.605207e-01,1.889086e-02,6.760943e-02,7.663493e-03,3.147817e-03,3.326356e-02,1.159478e-01,1.715951e-02,4.942144e-03,2.486208e-02
4.703544e-01,3.709177e-02,3.515139e-02,5.740773e-02,1.928052e-02,1.318698e-01,1.464298e-02,5.652297e-02,8.598878e-03,4.322013e-03,2.916277e-02,8.885133e-02,1.669117e-02,6.076040e-03,2.397621e-02
1.000000e+00,0.000000e+00,0.000000e+00,0.000000e+00,0.000000e+00,0.000000e+00,0.000000e+00,0.000000e+00,0.000000e+00,0.000000e+00,0.000000e+00,0.000000e+00,0.000000e+00,0.000000e+00,0.000000e+00
1.000000e+00,0.000000e+00,0.000000e+00,0.000000e+00,0.000000e+00,0.000000e+00,0.000000e+00,0.000000e+00,0.000000e+00,0.000000e+00,0.000000e+00,0.000000e+00,0.000000e+00,0.000000e+00,0.000000e+00
1.000000e+00,0.000000e+00,0.000000e+00,0.000000e+00,0.000000e+00,0.000000e+00,0.000000e+00,0.000000e+00,0.000000e+00,0.000000e+00,0.000000e+00,0.000000e+00,0.000000e+00,0.000000e+00,0.000000e+00
4.025214e-01,2.015280e-02,3.678261e-02,2.850590e-02,2.428710e-02,1.300353e-01,6.008956e-03,1.963613e-02,1.735889e-02,1.736009e-02,2.642697e-02,2.935377e-02,2.136573e-02,4.015544e-02,1.800489e-01
2.853372e-01,1.544954e-02,2.638131e-02,2.009553e-02,1.921271e-02,1.180957e-01,4.354241e-03,1.389531e-02,1.599993e-02,1.348350e-02,2.594334e-02,2.089875e-02,1.722391e-02,6.040201e-02,3.432270e-01
2.047912e-01,1.696579e-02,2.009020e-02,1.634331e-02,1.498799e-02,8.562923e-02,3.229598e-03,1.003662e-02,1.261003e-01,1.664932e-02,3.300667e-02,1.607723e-02,2.046600e-02,5.953264e-02,3.560938e-01
1.469377e-01,1.920130e-02,1.535937e-02,1.401199e-02,1.227346e-02,6.896980e-02,2.650338e-03,7.127607e-03,1.136492e-01,1.625731e-02,2.979074e-02,2.306814e-02,1.963189e-02,9.590253e-02,4.151686e-01
1.104564e-01,1.851290e-02,1.113482e-02,1.081086e-02,9.619012e-03,5.522754e-02,2.235303e-03,5.151042e-03,8.954415e-02,1.323849e-02,2.777060e-02,2.323567e-02,2.597716e-02,8.576526e-02,5.113208e-01
8.029442e-02,5.064426e-02,1.691683e-02,1.779497e-02,8.210531e-03,4.303567e-02,1.712687e-03,4.301631e-03,1.135903e-01,1.693172e-02,2.425363e-02,1.868150e-02,2.162356e-02,6.909327e-02,5.129150e-01
6.184280e-02,6.785648e-02,1.561376e-02,1.409966e-02,6.295683e-03,3.441637e-02,1.529787e-03,3.300441e-03,1.224801e-01,2.486001e-02,2.008113e-02,1.390514e-02,1.700496e-02,6.665071e-02,5.300629e-01
5.373403e-02,8.215101e-02,1.244301e-02,1.692676e-02,9.953389e-03,2.591608e-02,1.453068e-03,2.578511e-03,1.926368e-01,2.209844e-02,2.023609e-02,1.268632e-02,1.790771e-02,8.408897e-02,4.451897e-01
6.182089e-02,1.516303e-01,9.495632e-03,3.135321e-02,8.846998e-03,1.952972e-02,1.402096e-03,2.672062e-03,2.180561e-01,1.761505e-02,1.978705e-02,9.874782e-03,1.591242e-02,9.003458e-02,3.419691e-01
5.063316e-02,2.911759e-01,8.033327e-03,6.484688e-02,6.564477e-03,1.529197e-02,1.019165e-03,1.991763e-03,1.919796e-01,1.280597e-02,1.506172e-02,7.325276e-03,1.181087e-02,6.419915e-02,2.572607e-01
9.888011e-02,2.156352e-01,1.118071e-02,6.783663e-02,3.407846e-02,1.495025e-02,1.086561e-03,2.328617e-03,1.755320e-01,1.096676e-02,5.229281e-02,1.206077e-02,3.684831e-02,5.055570e-02,2.157671e-01
1.160550e-01,1.671908e-01,1.786837e-02,1.129914e-01,5.127680e-02,1.328709e-02,1.211533e-03,3.706018e-03,1.678393e-01,9.847654e-03,5.404298e-02,1.445432e-02,3.724981e-02,4.754358e-02,1.854354e-01
1.649921e-01,1.351900e-01,3.349014e-02,1.059145e-01,4.816382e-02,1.367888e-02,1.202056e-03,4.559086e-03,1.450171e-01,1.269886e-02,5.588502e-02,1.328002e-02,3.532226e-02,4.741603e-02,1.831902e-01
2.038147e-01,1.114621e-01,3.077505e-02,7.982337e-02,3.972146e-02,1.318639e-02,1.247843e-03,6.069838e-03,1.494146e-01,4.886220e-02,4.845878e-02,1.311180e-02,3.384135e-02,4.232598e-02,1.778845e-01
2.027473e-01,1.257486e-01,2.469018e-02,6.495199e-02,3.151669e-02,1.342036e-02,1.246495e-03,6.750970e-03,1.483757e-01,7.621968e-02,4.175132e-02,1.323773e-02,5.398487e-02,3.528286e-02,1.600753e-01
2.544736e-01,1.040966e-01,2.296736e-02,5.411921e-02,3.153203e-02,1.705297e-02,2.219330e-03,8.196108e-03,1.342903e-01,6.687188e-02,4.310562e-02,1.420526e-02,8.149752e-02,2.739797e-02,1.379742e-01
2.589467e-01,8.272683e-02,2.318023e-02,4.410909e-02,3.100022e-02,2.709338e-02,2.912876e-03,1.036083e-02,1.034674e-01,5.572171e-02,3.737292e-02,1.312619e-02,1.697602e-01,2.283543e-02,1.173860e-01
2.740943e-01,6.158920e-02,3.750358e-02,4.526564e-02,3.001119e-02,2.971411e-02,5.536976e-03,4.546852e-02,8.123417e-02,4.395960e-02,3.409298e-02,1.526440e-02,1.917123e-01,1.759624e-02,8.695687e-02
2.206115e-01,4.890149e-02,1.054365e-01,4.497970e-02,2.978728e-02,9.579679e-02,5.593618e-03,5.162423e-02,6.685761e-02,4.543867e-02,2.637015e-02,1.380416e-02,1.614735e-01,1.303950e-02,7.028536e-02
1.676011e-01,3.538134e-02,9.338826e-02,5.258153e-02,2.594748e-02,7.705835e-02,6.656884e-03,2.381714e-01,4.921620e-02,3.326363e-02,2.074898e-02,1.097997e-02,1.284021e-01,9.382734e-03,5.122013e-02
1.487260e-01,2.682407e-02,9.220172e-02,6.465556e-02,2.288842e-02,6.255266e-02,1.584362e-02,3.410570e-01,3.631619e-02,2.524768e-02,1.672998e-02,9.664647e-03,9.290887e-02,6.822257e-03,3.756139e-02
1.812776e-01,2.131801e-02,8.345521e-02,7.017409e-02,2.019748e-02,5.545530e-02,2.062982e-02,3.686937e-01,2.849535e-02,2.021216e-02,1.365604e-02,1.033761e-02,7.219236e-02,5.120373e-03,2.878489e-02
1.898615e-01,1.678976e-02,6.273944e-02,6.652636e-02,1.712096e-02,4.763400e-02,1.986659e-02,4.420298e-01,2.167816e-02,1.535403e-02,1.058909e-02,1.057038e-02,5.356628e-02,3.852616e-03,2.182107e-02
1.965149e-01,1.449270e-02,4.633822e-02,6.159719e-02,1.909554e-02,3.955400e-02,1.798431e-02,4.940870e-01,1.778064e-02,1.202720e-02,9.725112e-03,1.098776e-02,3.967033e-02,3.393602e-03,1.675154e-02
1.719551e-01,1.132865e-02,3.458054e-02,5.078965e-02,1.669016e-02,3.319005e-02,1.788928e-02,5.774840e-01,1.386565e-02,8.625992e-03,8.467571e-03,9.457655e-03,3.060778e-02,2.603403e-03,1.246461e-02
1.630831e-01,9.014043e-03,2.648217e-02,3.859250e-02,1.653470e-02,2.746088e-02,1.797032e-02,6.334773e-01,1.104500e-02,6.198504e-03,7.497698e-03,8.674245e-03,2.266991e-02,1.971399e-03,9.328355e-03
1.454665e-01,6.853539e-03,2.011933e-02,2.895022e-02,1.486473e-02,2.470799e-02,2.088986e-02,6.824526e-01,8.497671e-03,4.416172e-03,5.897233e-03,8.512842e-03,1.977336e-02,1.516769e-03,7.081266e-03
1.226671e-01,5.428052e-03,1.675952e-02,2.218904e-02,1.649102e-02,2.503680e-02,2.141827e-02,7.179166e-01,6.718729e-03,3.145339e-03,4.567720e-03,8.803766e-03,2.218912e-02,1.159632e-03,5.509312e-03
1.017779e-01,4.714944e-03,1.446416e-02,1.731898e-02,2.404515e-02,2.146905e-02,1.810439e-02,7.539779e-01,5.615728e-03,2.347467e-03,3.947577e-03,8.218477e-03,1.844447e-02,9.302463e-04,4.623693e-03
8.318309e-02,3.762773e-03,1.133013e-02,1.318121e-02,2.413261e-02,1.822520e-02,1.500585e-02,7.944812e-01,4.628216e-03,1.702993e-03,3.470493e-03,7.346561e-03,1.513718e-02,7.530460e-04,3.659576e-03
7.666796e-02,3.375870e-03,1.108324e-02,1.038346e-02,2.546502e-02,1.569009e-02,1.344333e-02,8.105547e-01,4.258030e-03,1.305241e-03,3.113526e-03,8.055400e-03,1.244414e-02,6.950522e-04,3.464915e-03
8.766391e-02,4.114844e-03,9.385253e-03,8.680401e-03,2.747661e-02,1.905883e-02,1.524800e-02,7.739837e-01,5.075287e-03,1.145528e-03,4.006303e-03,1.172784e-02,2.783937e-02,6.879485e-04,3.906171e-03
9.269611e-02,1.265274e-02,8.181301e-03,2.291620e-02,2.364293e-02,1.734370e-02,1.165921e-02,7.104203e-01,2.178161e-02,6.181801e-03,1.018780e-02,1.828711e-02,3.356426e-02,9.845853e-04,9.500371e-03
8.782385e-02,1.380837e-02,9.671958e-03,8.876187e-02,2.050162e-02,2.191623e-02,9.637266e-03,5.927921e-01,2.743437e-02,8.807635e-03,1.892600e-02,4.633645e-02,3.567745e-02,1.381745e-03,1.652306e-02
9.354839e-02,1.913458e-02,1.067412e-02,1.068204e-01,1.844079e-02,2.205477e-02,8.369866e-03,5.156021e-01,4.566322e-02,1.453298e-02,2.097145e-02,5.610214e-02,3.705305e-02,1.853404e-03,2.917869e-02
1.081362e-01,3.485055e-02,1.334611e-02,1.295183e-01,1.934277e-02,1.860578e-02,9.799747e-03,3.745914e-01,8.411566e-02,3.132506e-02,1.947133e-02,4.858373e-02,3.253117e-02,2.191123e-03,7.359108e-02
2.008839e-01,3.328302e-02,1.133000e-02,1.191186e-01,1.924214e-02,1.984674e-02,1.118864e-02,2.836685e-01,1.089211e-01,2.437907e-02,1.958518e-02,4.555992e-02,3.398614e-02,2.399707e-03,6.660741e-02
1.670070e-01,5.152804e-02,1.024399e-02,1.927547e-01,1.575152e-02,1.651674e-02,9.992756e-03,1.997566e-01,1.487609e-01,2.644199e-02,1.535677e-02,3.749419e-02,2.965183e-02,2.114691e-03,7.662831e-02
2.145333e-01,4.156624e-02,1.070345e-02,2.389477e-01,1.215847e-02,2.273549e-02,7.776409e-03,1.430191e-01,1.234455e-01,1.956005e-02,1.560949e-02,5.450980e-02,2.747092e-02,2.890225e-03,6.507391e-02
2.803015e-01,3.502478e-02,8.890485e-03,2.280404e-01,9.457671e-03,2.368543e-02,5.988051e-03,1.016790e-01,1.110878e-01,1.573006e-02,2.685361e-02,6.069463e-02,2.834918e-02,3.620043e-03,6.059754e-02
3.885657e-01,3.285409e-02,7.399883e-03,1.804646e-01,7.612129e-03,2.243510e-02,4.764404e-03,7.274995e-02,1.001122e-01,1.202901e-02,2.823199e-02,6.100744e-02,2.910961e-02,3.539999e-03,4.912401e-02
4.797531e-01,3.124246e-02,5.728802e-03,1.408572e-01,7.441675e-03,1.880280e-02,3.755874e-03,5.241147e-02,9.923612e-02,9.452885e-03,2.714569e-02,5.397982e-02,2.807100e-02,2.984660e-03,3.913644e-02
1.000000e+00,0.000000e+00,0.000000e+00,0.000000e+00,0.000000e+00,0.000000e+00,0.000000e+00,0.000000e+00,0.000000e+00,0.000000e+00,0.000000e+00,0.000000e+00,0.000000e+00,0.000000e+00,0.000000e+00
4.903474e-01,6.116018e-02,5.413394e-03,1.121757e-01,8.394193e-03,1.464436e-02,2.623090e-03,2.940723e-02,1.356219e-01,7.127301e-03,2.686951e-02,3.170665e-02,3.440663e-02,4.537761e-03,3.556466e-02
4.467855e-01,6.698479e-02,5.789361e-03,1.509020e-01,7.865344e-03,1.502574e-02,2.173511e-03,2.336538e-02,1.539410e-01,7.692300e-03,2.566328e-02,2.646687e-02,2.940691e-02,4.762628e-03,3.317538e-02
3.451477e-01,5.281039e-02,9.695327e-03,3.011379e-01,6.992167e-03,1.394265e-02,1.925687e-03,1.959924e-02,1.400005e-01,7.241292e-03,2.404446e-02,2.157759e-02,2.527002e-02,3.903457e-03,2.671167e-02
3.213286e-01,4.293771e-02,9.563069e-03,3.316156e-01,5.792093e-03,1.653882e-02,1.549037e-03,1.461890e-02,1.161896e-01,6.944904e-03,4.936974e-02,2.430056e-02,3.314834e-02,4.294796e-03,2.180832e-02
2.560362e-01,4.048283e-02,3.558097e-02,3.240134e-01,5.965103e-03,1.715480e-02,1.266418e-03,1.207765e-02,1.078481e-01,1.409607e-02,6.761715e-02,2.638787e-02,3.152631e-02,1.894389e-02,4.100316e-02
3.046751e-01,3.250092e-02,3.325173e-02,2.573225e-01,8.430061e-03,1.607234e-02,1.827602e-03,1.307665e-02,9.386498e-02,1.542883e-02,9.475504e-02,3.804788e-02,3.704351e-02,2.001789e-02,3.368495e-02
3.826815e-01,2.544883e-02,2.702394e-02,1.883153e-01,1.253477e-02,1.557478e-02,2.032876e-03,1.391697e-02,8.543164e-02,1.203915e-02,1.061178e-01,4.338297e-02,3.796280e-02,2.023738e-02,2.729930e-02
4.597631e-01,2.027256e-02,2.166853e-02,1.397834e-01,1.388992e-02,1.757788e-02,2.443801e-03,1.984417e-02,7.281995e-02,9.576394e-03,9.179283e-02,4.574787e-02,3.768654e-02,2.037025e-02,2.676288e-02
4.618503e-01,1.714977e-02,1.954644e-02,1.040156e-01,1.893548e-02,2.304100e-02,3.436386e-03,3.890325e-02,6.899984e-02,8.171842e-03,8.953492e-02,5.805387e-02,4.762927e-02,1.795065e-02,2.278125e-02
3.807909e-01,2.758935e-02,1.842658e-02,8.025946e-02,4.772026e-02,2.246731e-02,5.591104e-03,4.792570e-02,1.086413e-01,7.469103e-03,8.526012e-02,6.209966e-02,6.559563e-02,1.878881e-02,2.137468e-02
3.018712e-01,4.480921e-02,2.200862e-02,6.594013e-02,8.006343e-02,1.928825e-02,8.069482e-03,7.693185e-02,1.364114e-01,9.023960e-03,7.372473e-02,5.869669e-02,6.276838e-02,1.718755e-02,2.320518e-02
2.337729e-01,4.814892e-02,2.356098e-02,5.944744e-02,1.313940e-01,1.681243e-02,9.830071e-03,8.105510e-02,1.794549e-01,9.397892e-03,6.646648e-02,4.544911e-02,5.683145e-02,1.458392e-02,2.379442e-02
1.837776e-01,4.051777e-02,2.305434e-02,6.062720e-02,1.349915e-01,1.357389e-02,8.166149e-03,2.118650e-01,1.492773e-01,7.237406e-03,5.127179e-02,3.447878e-02,4.812120e-02,1.185139e-02,2.118871e-02
1.422716e-01,2.967927e-02,1.765263e-02,5.077447e-02,1.556851e-01,9.916050e-03,6.682257e-03,3.503767e-01,1.087836e-01,5.421885e-03,3.797139e-02,2.451224e-02,3.589901e-02,8.625571e-03,1.574828e-02
1.413896e-01,2.297831e-02,1.372707e-02,4.330660e-02,1.273300e-01,8.638584e-03,5.453777e-03,4.596934e-01,8.330774e-02,4.051749e-03,2.798023e-02,1.751034e-02,2.692376e-02,6.232330e-03,1.147650e-02
1.103608e-01,1.627473e-02,9.762912e-03,3.274612e-02,9.825751e-02,6.813869e-03,4.184868e-03,5.954492e-01,5.919754e-02,2.926491e-03,2.012151e-02,1.232768e-02,1.909719e-02,4.391619e-03,8.087956e-03
9.351256e-02,1.179665e-02,7.008100e-03,2.555399e-02,1.208676e-01,5.693592e-03,3.294247e-03,6.402926e-01,4.260960e-02,2.269068e-03,1.568422e-02,8.808817e-03,1.375875e-02,3.147912e-03,5.702250e-03
9.061034e-02,8.616132e-03,5.114371e-03,1.968842e-02,1.185594e-01,4.824733e-03,2.457080e-03,6.808576e-01,3.111290e-02,2.037337e-03,1.270588e-02,6.717443e-03,1.038224e-02,2.275597e-03,4.040530e-03
8.483630e-02,6.254874e-03,3.784075e-03,1.535741e-02,1.037466e-01,4.064334e-03,1.820095e-03,7.276366e-01,2.275740e-02,2.011970e-03,1.011902e-02,5.235202e-03,7.821163e-03,1.666954e-03,2.888087e-03
8.395988e-02,4.707118e-03,2.852156e-03,1.159362e-02,8.504499e-02,3.615653e-03,1.406081e-03,7.671788e-01,1.749104e-02,1.513848e-03,7.492412e-03,4.072641e-03,5.693761e-03,1.303213e-03,2.074778e-03
8.806570e-02,4.263206e-03,2.727387e-03,1.022581e-02,7.153226e-02,3.300512e-03,1.379670e-03,7.864589e-01,1.468190e-02,1.338581e-03,5.542743e-03,3.417091e-03,4.323919e-03,1.195292e-03,1.547029e-03
8.049789e-02,3.500766e-03,2.554350e-03,8.879051e-03,6.854508e-02,2.900426e-03,1.622626e-03,8.056990e-01,1.201485e-02,1.119322e-03,4.151845e-03,2.956632e-03,3.410050e-03,9.997656e-04,1.148349e-03
1.009958e-01,2.714456e-03,2.973843e-03,8.910432e-03,5.277416e-02,4.061932e-03,2.240115e-03,8.037064e-01,9.366576e-03,9.103423e-04,3.225414e-03,3.421470e-03,2.939167e-03,8.555767e-04,9.043470e-04
1.324287e-01,2.222185e-03,3.428122e-03,8.859152e-03,4.101709e-02,5.287076e-03,2.852442e-03,7.849250e-01,7.815571e-03,8.213362e-04,2.578915e-03,3.662170e-03,2.595713e-03,7.272247e-04,7.792978e-04
1.786616e-01,1.826798e-03,2.893619e-03,7.859122e-03,3.138570e-02,8.871749e-03,2.440186e-03,7.386141e-01,5.908427e-03,6.895768e-04,3.157037e-03,1.024257e-02,5.218660e-03,9.346958e-04,1.296193e-03
2.322811e-01,2.148027e-03,3.786012e-03,1.512556e-02,2.350991e-02,1.202551e-02,2.096720e-03,5.664065e-01,6.879345e-03,1.654999e-03,2.161512e-02,3.781833e-02,7.021125e-02,1.807781e-03,2.633696e-03
1.910110e-01,2.236285e-03,3.365078e-03,1.475457e-02,1.742543e-02,1.090155e-02,1.829424e-03,4.083314e-01,7.572257e-03,3.061089e-03,3.478111e-02,9.234637e-02,2.077206e-01,1.867817e-03,2.795989e-03
1.515316e-01,1.945610e-03,2.996264e-03,1.301689e-02,1.433975e-02,9.257763e-03,1.568691e-03,2.880496e-01,1.239255e-02,3.604386e-03,3.977512e-02,1.334942e-01,3.229501e-01,2.705429e-03,2.372050e-03
1.846090e-01,2.279455e-03,2.410209e-03,1.055509e-02,1.109760e-02,1.061348e-02,1.991161e-03,2.048469e-01,2.031850e-02,3.562139e-03,3.666386e-02,1.998253e-01,3.056320e-01,2.564821e-03,3.030554e-03
1.677629e-01,2.107542e-03,2.049988e-03,7.742607e-03,8.514685e-03,1.012193e-02,1.974049e-03,1.444048e-01,2.453601e-02,3.561365e-03,3.018327e-02,3.209598e-01,2.714057e-01,2.211452e-03,2.463908e-03
1.277869e-01,1.610220e-03,1.542686e-03,5.563666e-03,7.490339e-03,7.923524e-03,1.749862e-03,1.014011e-01,2.759767e-02,4.859869e-03,2.678464e-02,4.539742e-01,2.282342e-01,1.702477e-03,1.778603e-03
9.035882e-02,1.312886e-03,1.142298e-03,3.981717e-03,1.151361e-02,5.870965e-03,1.475227e-03,7.139002e-02,2.672572e-02,4.441345e-03,2.423655e-02,5.779675e-01,1.770582e-01,1.263078e-03,1.262057e-03
6.532337e-02,1.041769e-03,1.159775e-03,2.915098e-03,7.209978e-02,4.324293e-03,1.925683e-03,5.619185e-02,6.227601e-02,3.900588e-03,1.981551e-02,5.792030e-01,1.280159e-01,9.163331e-04,8.909934e-04
4.886179e-02,8.620922e-04,1.131891e-03,2.171128e-03,9.461626e-02,3.663280e-03,1.744910e-03,4.836968e-02,7.173295e-02,3.701743e-03,1.532944e-02,6.126931e-01,9.373430e-02,7.530916e-04,6.342955e-04
3.655314e-02,1.207283e-03,1.374897e-03,1.735327e-03,1.446285e-01,4.222433e-03,1.608066e-03,4.142606e-02,7.677400e-02,4.890285e-03,1.179824e-02,5.987300e-01,7.352748e-02,1.015946e-03,5.082990e-04
2.696205e-02,1.779526e-03,1.607203e-03,1.391177e-03,2.309119e-01,3.547792e-03,2.628903e-03,4.826961e-02,1.089423e-01,6.031567e-03,9.406753e-03,4.986411e-01,5.790526e-02,1.468032e-03,5.068006e-04
2.007386e-02,1.608303e-03,1.323826e-03,1.034576e-03,3.214771e-01,3.140433e-03,3.059826e-03,4.036833e-02,1.852322e-01,4.353084e-03,7.745659e-03,3.652341e-01,4.376880e-02,1.168767e-03,4.111850e-04
1.572366e-02,2.949335e-03,1.371425e-03,8.374717e-04,2.963897e-01,4.854982e-03,2.877681e-03,3.889980e-02,3.154817e-01,3.726078e-03,6.284532e-03,2.717773e-01,3.710294e-02,1.177176e-03,5.463435e-04
1.318099e-02,3.738934e-03,1.454310e-03,7.512549e-04,2.554107e-01,1.002308e-02,2.546123e-03,3.393293e-02,4.225943e-01,3.353355e-03,5.851679e-03,2.101371e-01,3.539541e-02,1.046074e-03,5.837561e-04
1.545462e-02,4.480709e-03,5.862349e-03,4.029232e-03,2.609496e-01,1.560671e-02,3.935713e-03,5.958935e-02,4.255956e-01,4.227935e-03,6.960846e-03,1.580413e-01,3.335947e-02,1.141622e-03,7.648786e-04
1.585931e-02,3.717159e-03,5.161378e-03,3.464822e-03,2.298815e-01,1.314173e-02,5.178056e-03,1.721876e-01,4.009612e-01,3.363095e-03,5.932469e-03,1.130625e-01,2.665127e-02,8.444345e-04,5.934559e-04
1.616389e-02,3.030030e-03,4.331332e-03,3.602666e-03,1.947448e-01,1.036685e-02,7.062393e-03,3.373895e-01,3.140545e-01,2.611613e-03,4.750967e-03,8.091479e-02,1.988229e-02,6.308964e-04,4.633550e-04
1.391868e-02,2.371273e-03,3.430886e-03,3.563019e-03,1.453927e-01,9.254334e-03,8.158052e-03,5.113039e-01,2.246462e-01,1.999913e-03,3.444006e-03,5.742616e-02,1.427342e-02,4.684858e-04,3.489722e-04
1.212259e-02,1.885938e-03,2.698345e-03,3.135593e-03,1.097775e-01,9.418254e-03,8.745400e-03,6.341466e-01,1.619515e-01,1.516478e-03,2.510566e-03,4.097367e-02,1.048950e-02,3.567768e-04,2.713475e-04
1.376148e-02,1.489337e-03,2.508048e-03,2.978129e-03,8.901196e-02,9.624346e-03,1.200457e-02,7.133535e-01,1.145514e-01,1.113709e-03,1.870709e-03,2.881590e-02,8.383878e-03,2.892984e-04,2.436115e-04
1.498888e-02,1.161499e-03,2.203113e-03,3.193208e-03,7.326408e-02,8.995119e-03,1.159638e-02,7.744317e-01,8.062404e-02,8.693181e-04,1.457858e-03,2.025825e-02,6.482174e-03,2.473490e-04,2.270046e-04
1.667375e-02,9.383419e-04,2.223718e-03,3.350328e-03,6.028734e-02,9.420413e-03,1.102219e-02,8.173878e-01,5.675403e-02,6.914206e-04,1.203764e-03,1.433778e-02,5.208516e-03,2.289738e-04,2.715992e-04
1.885427e-02,7.646981e-04,2.226623e-03,2.687379e-03,5.253371e-02,7.530451e-03,1.188664e-02,8.471874e-01,4.021492e-02,5.141391e-04,9.726476e-04,1.017469e-02,4.019273e-03,1.929234e-04,2.401982e-04
2.460177e-02,8.073716e-04,2.566193e-03,2.466116e-03,5.666058e-02,6.218498e-03,1.373017e-02,8.516150e-01,2.897304e-02,4.004123e-04,9.140669e-04,7.279041e-03,3.347960e-03,1.978215e-04,2.219451e-04
3.242562e-02,7.960374e-04,2.644644e-03,2.382666e-03,5.641374e-02,5.599426e-03,1.442762e-02,8.543907e-01,2.083458e-02,3.090154e-04,8.244186e-04,5.286026e-03,3.226966e-03,1.852160e-04,2.532071e-04
3.952716e-02,8.001029e-04,2.979801e-03,2.413029e-03,4.744390e-02,6.347307e-03,1.342280e-02,8.641868e-01,1.491152e-02,2.676299e-04,7.460027e-04,3.855708e-03,2.624609e-03,1.772740e-04,2.962805e-04
4.886007e-02,9.003186e-04,3.724310e-03,2.491518e-03,4.099977e-02,5.034894e-03,1.085126e-02,8.700587e-01,1.085174e-02,2.243101e-04,6.624854e-04,2.876310e-03,1.984093e-03,1.615654e-04,3.186542e-04
4.669960e-02,7.720578e-04,4.258578e-03,2.672451e-03,3.320883e-02,4.030393e-03,8.955874e-03,8.865636e-01,7.853405e-03,1.927665e-04,5.754029e-04,2.176356e-03,1.588780e-03,1.384309e-04,3.134431e-04
9.562947e-02,1.974024e-03,7.836137e-03,3.283083e-03,3.340739e-02,4.673055e-03,8.062216e-03,8.286609e-01,6.742315e-03,4.758891e-04,1.548227e-03,3.813541e-03,2.729680e-03,3.684421e-04,7.955837e-04
1.347993e-01,1.855622e-03,8.275774e-03,3.275768e-03,2.780662e-02,4.169161e-03,6.099681e-03,7.924008e-01,5.121305e-03,3.855716e-04,2.218197e-03,6.148590e-03,6.374064e-03,3.798404e-04,6.896431e-04
2.092718e-01,1.708748e-03,6.467289e-03,3.497365e-03,2.493598e-02,3.950573e-03,4.757669e-03,6.905858e-01,4.601340e-03,3.545216e-04,6.238088e-03,1.160247e-02,3.068736e-02,5.076475e-04,8.332825e-04
2.596739e-01,2.364726e-03,6.143271e-03,8.720522e-03,2.379908e-02,6.552033e-03,4.219960e-03,5.229093e-01,9.613468e-03,9.031390e-04,1.272852e-02,5.080119e-02,8.719862e-02,1.077841e-03,3.294450e-03
3.248254e-01,2.392696e-03,5.050068e-03,8.709053e-03,2.115403e-02,9.893287e-03,4.002449e-03,3.914795e-01,2.294873e-02,8.411113e-04,1.659799e-02,6.776415e-02,1.196913e-01,1.127497e-03,3.522679e-03
3.752449e-01,3.092058e-03,4.732127e-03,1.097520e-02,2.211361e-02,1.568793e-02,3.714139e-03,2.825022e-01,3.433400e-02,9.604509e-04,1.910166e-02,7.886176e-02,1.419765e-01,1.142158e-03,5.561316e-03
4.182236e-01,4.146653e-03,4.179397e-03,1.218433e-02,2.325202e-02,1.541554e-02,3.474131e-03,2.003694e-01,4.199829e-02,1.015395e-03,2.135122e-02,7.236698e-02,1.743179e-01,1.172765e-03,6.532532e-03
4.099402e-01,4.157376e-03,4.580620e-03,1.629093e-02,2.264515e-02,1.377092e-02,2.911954e-03,1.423357e-01,4.743274e-02,1.881589e-03,3.350262e-02,7.767066e-02,2.107967e-01,1.698753e-03,1.038415e-02
3.078249e-01,3.762337e-03,5.633825e-03,1.346673e-02,2.230716e-02,1.023985e-02,2.341108e-03,1.004876e-01,4.824206e-02,2.630195e-03,4.297657e-02,7.168736e-02,3.374184e-01,1.904523e-03,2.907741e-02
2.204495e-01,6.550348e-03,2.147667e-02,1.031406e-02,1.934118e-02,7.531582e-03,1.748757e-03,7.336594e-02,4.859721e-02,4.112395e-03,3.891239e-02,6.495646e-02,4.428707e-01,2.409848e-03,3.736292e-02
1.767138e-01,9.592110e-03,4.380287e-02,8.356450e-03,1.894565e-02,6.336053e-03,1.454907e-03,5.810517e-02,7.301672e-02,9.175028e-03,3.864053e-02,7.129486e-02,4.374597e-01,3.066476e-03,4.403972e-02
1.265788e-01,9.399082e-03,2.664678e-01,6.338987e-03,1.493106e-02,5.059250e-03,2.396536e-03,5.144437e-02,6.053074e-02,7.206946e-03,3.053934e-02,5.192541e-02,3.255382e-01,2.335863e-03,3.930755e-02
9.998116e-02,2.632678e-02,2.192928e-01,7.627185e-03,2.122497e-02,4.141533e-03,1.779197e-03,4.547758e-02,2.291703e-01,6.025215e-03,2.336167e-02,3.942647e-02,2.314493e-01,1.846620e-03,4.286922e-02
8.808082e-02,5.131717e-02,2.125027e-01,1.266819e-02,2.348945e-02,6.057635e-03,1.342980e-03,3.764022e-02,2.947702e-01,5.273910e-03,1.867896e-02,3.099814e-02,1.673075e-01,1.469493e-03,4.840270e-02
6.391752e-02,5.335957e-02,1.782943e-01,1.807013e-01,1.806200e-02,8.908791e-03,9.600242e-04,2.675987e-02,2.724938e-01,5.344386e-03,1.420360e-02,2.216269e-02,1.178929e-01,1.061803e-03,3.587743e-02
5.055197e-02,6.429361e-02,1.296842e-01,1.692279e-01,1.506540e-02,7.891446e-03,7.369771e-04,1.982560e-02,3.838307e-01,6.190486e-03,1.268038e-02,1.653982e-02,8.472124e-02,8.995304e-04,3.786067e-02
4.129166e-02,6.625423e-02,9.326491e-02,1.728501e-01,1.453238e-02,6.474725e-03,6.080933e-04,1.543777e-02,4.451461e-01,1.893480e-02,1.285067e-02,1.416805e-02,6.306455e-02,8.664208e-04,3.425541e-02
3.378605e-02,6.022059e-02,6.643815e-02,2.108593e-01,1.348889e-02,6.227601e-03,4.932209e-04,1.199370e-02,4.696791e-01,2.161126e-02,1.711296e-02,1.228539e-02,4.652510e-02,9.304340e-04,2.834813e-02
2.890746e-02,4.995120e-02,4.725155e-02,2.135182e-01,1.150944e-02,1.110387e-02,3.986710e-04,9.659224e-03,4.398968e-01,3.385600e-02,5.322976e-02,2.440142e-02,4.582688e-02,1.426184e-03,2.906328e-02
2.252717e-02,3.907768e-02,3.435935e-02,2.147857e-01,8.776359e-03,1.098031e-02,3.581951e-04,6.986601e-03,3.229209e-01,2.744855e-02,2.212645e-01,2.757088e-02,3.553352e-02,2.044820e-03,2.536551e-02
2.405616e-02,2.964113e-02,2.597261e-02,2.621688e-01,7.053616e-03,1.033053e-02,4.194810e-04,5.066821e-03,2.398499e-01,2.145559e-02,2.851400e-01,3.848962e-02,2.607477e-02,2.133248e-03,2.214763e-02
1.879073e-02,2.114472e-02,1.849295e-02,2.168107e-01,6.150249e-03,9.657226e-03,3.635497e-04,3.590317e-03,1.697188e-01,1.597476e-02,4.054699e-01,7.053158e-02,1.971894e-02,6.604998e-03,1.698053e-02
1.717761e-02,1.535721e-02,1.396997e-02,2.273999e-01,7.958191e-03,1.030489e-02,3.694988e-04,2.714877e-03,1.222982e-01,1.295198e-02,3.842566e-01,1.370760e-01,1.637339e-02,1.619725e-02,1.559449e-02
1.740338e-02,1.124411e-02,1.049408e-02,1.836283e-01,1.144514e-02,1.059541e-02,3.717835e-04,2.188558e-03,8.650563e-02,1.050628e-02,4.240009e-01,1.841348e-01,1.328687e-02,2.175371e-02,1.244105e-02
3.738762e-02,8.644167e-03,1.209080e-02,1.441604e-01,4.195172e-02,2.470592e-02,8.965333e-04,5.944913e-03,6.196374e-02,9.292077e-03,4.088272e-01,1.995874e-01,1.146614e-02,2.248871e-02,1.059274e-02
3.009187e-02,6.218274e-03,9.616863e-03,1.094210e-01,6.176500e-02,1.946633e-02,6.793723e-04,4.818204e-03,4.415645e-02,7.908480e-03,4.124652e-01,2.546588e-01,9.316528e-03,2.169978e-02,7.718030e-03
2.922486e-02,5.736510e-03,9.268778e-03,7.937421e-02,7.151079e-02,1.877340e-02,6.837778e-04,4.674286e-03,3.203468e-02,1.092430e-02,4.180078e-01,2.708601e-01,8.171659e-03,3.462290e-02,6.131972e-03
2.920624e-02,6.849719e-03,1.480185e-02,5.619532e-02,5.753671e-02,1.709265e-02,7.435144e-04,6.168365e-03,2.375591e-02,1.594515e-02,3.435066e-01,3.577639e-01,1.127225e-02,5.442712e-02,4.734724e-03
3.375653e-02,1.192711e-02,2.044230e-02,3.975523e-02,4.518134e-02,1.461747e-02,8.269724e-04,8.643427e-03,1.776508e-02,1.679203e-02,2.835716e-01,4.246447e-01,1.534427e-02,6.295028e-02,3.781548e-03
5.304478e-02,1.493949e-02,2.864516e-02,2.934501e-02,4.542330e-02,1.273699e-02,1.506190e-03,4.172402e-02,1.506191e-02,1.621798e-02,2.289567e-01,4.465398e-01,1.287659e-02,5.014913e-02,2.833004e-03
7.291032e-02,1.286941e-02,2.387371e-02,2.148835e-02,3.528043e-02,1.193951e-02,1.374210e-03,3.706726e-02,1.162020e-02,1.832605e-02,1.863573e-01,5.120721e-01,1.087505e-02,4.173555e-02,2.210578e-03
1.484098e-01,1.388915e-02,2.390935e-02,1.856065e-02,3.218257e-02,1.337775e-02,1.441167e-03,3.714760e-02,1.028823e-02,1.824277e-02,1.559974e-01,4.820335e-01,9.207726e-03,3.330040e-02,2.011914e-03
1.945066e-01,1.227817e-02,2.315986e-02,1.778953e-02,2.623351e-02,2.091502e-02,1.598225e-03,3.653701e-02,8.814718e-03,1.733798e-02,1.227473e-01,4.818678e-01,7.817851e-03,2.663424e-02,1.762175e-03
2.606168e-01,1.544875e-02,2.532627e-02,1.611116e-02,2.266935e-02,2.586837e-02,1.718905e-03,3.603206e-02,8.032983e-03,1.525725e-02,1.074453e-01,4.328886e-01,6.790862e-03,2.356141e-02,2.231889e-03
2.364692e-01,2.677780e-02,3.122133e-02,1.273316e-02,2.076034e-02,2.103158e-02,1.316152e-03,3.111752e-02,6.398265e-03,1.555807e-02,1.133787e-01,4.506586e-01,5.494957e-03,2.416066e-02,2.923578e-03
1.870288e-01,2.811673e-02,5.466790e-02,1.135765e-02,1.669076e-02,1.635530e-02,1.039363e-03,3.718542e-02,5.487273e-03,1.720439e-02,1.234105e-01,4.673513e-01,4.527289e-03,2.726516e-02,2.312107e-03
1.388299e-01,2.265531e-02,9.203713e-02,1.228513e-02,1.406508e-02,1.529380e-02,2.793731e-03,1.852604e-01,5.080884e-03,1.362681e-02,1.000026e-01,3.711148e-01,3.487709e-03,2.162618e-02,1.840557e-03
1.303817e-01,1.950662e-02,1.381787e-01,1.466396e-02,1.716938e-02,1.415999e-02,4.853074e-03,2.124972e-01,4.259685e-03,2.059670e-02,1.189442e-01,2.766236e-01,2.621011e-03,2.397587e-02,1.568262e-03
1.141571e-01,1.555592e-02,2.599427e-01,2.114214e-02,1.459783e-02,1.230280e-02,4.718479e-03,1.816720e-01,3.655002e-03,2.042064e-02,1.312808e-01,1.976891e-01,1.972471e-03,1.949536e-02,1.397658e-03
1.188748e-01,1.333174e-02,3.139562e-01,2.108238e-02,1.347209e-02,1.273628e-02,3.798228e-03,1.353291e-01,4.700523e-03,2.953595e-02,1.699717e-01,1.420487e-01,1.840268e-03,1.778973e-02,1.532209e-03
1.218730e-01,1.149862e-02,3.046295e-01,2.150989e-02,1.535730e-02,1.276197e-02,2.845312e-03,1.007746e-01,5.145693e-03,4.457183e-02,2.333071e-01,1.038766e-01,1.817479e-03,1.858472e-02,1.446394e-03
1.717553e-01,1.089642e-02,2.947641e-01,2.058940e-02,2.146613e-02,1.163944e-02,2.101448e-03,7.134834e-02,5.085540e-03,4.209131e-02,2.448482e-01,7.934477e-02,2.579335e-03,1.957532e-02,1.914948e-03
2.224921e-01,1.286164e-02,2.319562e-01,2.209424e-02,2.129440e-02,1.212128e-02,1.590628e-03,5.216734e-02,8.264523e-03,4.220308e-02,2.635503e-01,7.878974e-02,5.504639e-03,2.278892e-02,2.321013e-03
2.597770e-01,1.409058e-02,1.726654e-01,2.247413e-02,1.906720e-02,1.039589e-02,1.216315e-03,3.971573e-02,1.334207e-02,3.941247e-02,2.721489e-01,8.830542e-02,9.153125e-03,3.369782e-02,4.537979e-03
2.889950e-01,1.655295e-02,1.276297e-01,3.626039e-02,5.374075e-02,1.131309e-02,9.919656e-04,3.115592e-02,1.630110e-02,3.430252e-02,2.442578e-01,8.798081e-02,9.641081e-03,3.407433e-02,6.802585e-03
3.078468e-01,1.806406e-02,9.480410e-02,4.498926e-02,6.682288e-02,1.338832e-02,9.742766e-04,2.726352e-02,2.082860e-02,3.142175e-02,2.178793e-01,1.038260e-01,1.010796e-02,3.313202e-02,8.651182e-03
3.621970e-01,2.057562e-02,7.248791e-02,6.645055e-02,6.692836e-02,1.424773e-02,1.148320e-03,2.654728e-02,2.118918e-02,3.277444e-02,1.741808e-01,9.480299e-02,9.625823e-03,2.772267e-02,9.121452e-03
3.711815e-01,1.838188e-02,5.227253e-02,5.360360e-02,6.525259e-02,1.102624e-01,1.193854e-03,2.245788e-02,1.787440e-02,2.465338e-02,1.402822e-01,8.537971e-02,7.790201e-03,2.213753e-02,7.276432e-03
2.809502e-01,1.320245e-02,3.708458e-02,3.873431e-02,5.091057e-02,2.874928e-01,1.746797e-03,2.154518e-02,1.326340e-02,1.799224e-02,1.285434e-01,8.025386e-02,5.900894e-03,1.696139e-02,5.417991e-03
2.221337e-01,9.592953e-03,2.669230e-02,2.810456e-02,4.014553e-02,4.443001e-01,2.324296e-03,2.858961e-02,1.002148e-02,1.532587e-02,9.286980e-02,5.749084e-02,4.562479e-03,1.317539e-02,4.671075e-03
1.694437e-01,6.996006e-03,2.049714e-02,2.315635e-02,3.191710e-02,4.896586e-01,2.674860e-03,1.089413e-01,7.806170e-03,1.211108e-02,6.762713e-02,4.076101e-02,3.889933e-03,9.727549e-03,4.792114e-03
1.666769e-01,5.107219e-03,1.577377e-02,2.259308e-02,2.341514e-02,5.658510e-01,3.032024e-03,8.841576e-02,6.737084e-03,1.033390e-02,4.844428e-02,2.881017e-02,3.193024e-03,7.197848e-03,4.418845e-03
1.350785e-01,3.764134e-03,1.201739e-02,2.714523e-02,1.669181e-02,6.569417e-01,2.784267e-03,6.488469e-02,5.079349e-03,8.107567e-03,3.541615e-02,2.068393e-02,2.611543e-03,5.401199e-03,3.392603e-03
1.216798e-01,3.057343e-03,1.403369e-02,4.952790e-02,1.338556e-02,6.633123e-01,7.142027e-03,6.322555e-02,3.977339e-03,7.170531e-03,2.716590e-02,1.576965e-02,3.000318e-03,4.285204e-03,3.266982e-03
1.363052e-01,2.872256e-03,1.418352e-02,5.357475e-02,1.015442e-02,6.604955e-01,8.017376e-03,4.894036e-02,2.952565e-03,5.539319e-03,2.971696e-02,1.522487e-02,4.564083e-03,4.068382e-03,3.390516e-03
1.526184e-01,8.701214e-03,1.913315e-02,5.122001e-02,8.404627e-03,6.261262e-01,7.280738e-03,3.575854e-02,3.144436e-03,5.273375e-03,4.475486e-02,2.157699e-02,5.039487e-03,4.575025e-03,6.393008e-03
1.819834e-01,3.912814e-02,2.811208e-02,4.078139e-02,1.166443e-02,5.246892e-01,9.652246e-03,2.827598e-02,3.885556e-03,6.889333e-03,6.033902e-02,4.561018e-02,5.203084e-03,4.886469e-03,8.899556e-03
2.045953e-01,3.383721e-02,2.291122e-02,3.007441e-02,1.125171e-02,4.094665e-01,9.265881e-03,2.105580e-02,8.194648e-03,1.410020e-02,7.100712e-02,1.414982e-01,6.767197e-03,6.166607e-03,9.808036e-03
1.544596e-01,2.759724e-02,1.727629e-02,2.133945e-02,9.633332e-03,3.960274e-01,7.152476e-03,1.510453e-02,6.216110e-03,1.320108e-02,6.674066e-02,2.460144e-01,5.509475e-03,5.503593e-03,8.224241e-03
1.100454e-01,1.960893e-02,1.243345e-02,1.503696e-02,7.027855e-03,3.539683e-01,5.109493e-03,1.068237e-02,4.577423e-03,1.499551e-02,9.018066e-02,3.405492e-01,4.431798e-03,5.315304e-03,6.037300e-03
7.881341e-02,1.382870e-02,8.862248e-03,1.065937e-02,5.154123e-03,2.628222e-01,3.655575e-03,7.598280e-03,3.490484e-03,1.232600e-02,7.987789e-02,5.008574e-01,3.334241e-03,4.372853e-03,4.347177e-03
