1.000000e+00,0.000000e+00,0.000000e+00,0.000000e+00,0.000000e+00,0.000000e+00,0.000000e+00,0.000000e+00,0.000000e+00,0.000000e+00,0.000000e+00,0.000000e+00,0.000000e+00,0.000000e+00,0.000000e+00
1.000000e+00,0.000000e+00,0.000000e+00,0.000000e+00,0.000000e+00,0.000000e+00,0.000000e+00,0.000000e+00,0.000000e+00,0.000000e+00,0.000000e+00,0.000000e+00,0.000000e+00,0.000000e+00,0.000000e+00
1.000000e+00,0.000000e+00,0.000000e+00,0.000000e+00,0.000000e+00,0.000000e+00,0.000000e+00,0.000000e+00,0.000000e+00,0.000000e+00,0.000000e+00,0.000000e+00,0.000000e+00,0.000000e+00,0.000000e+00
1.000000e+00,0.000000e+00,0.000000e+00,0.000000e+00,0.000000e+00,0.000000e+00,0.000000e+00,0.000000e+00,0.000000e+00,0.000000e+00,0.000000e+00,0.000000e+00,0.000000e+00,0.000000e+00,0.000000e+00
1.000000e+00,0.000000e+00,0.000000e+00,0.000000e+00,0.000000e+00,0.000000e+00,0.000000e+00,0.000000e+00,0.000000e+00,0.000000e+00,0.000000e+00,0.000000e+00,0.000000e+00,0.000000e+00,0.000000e+00
1.000000e+00,0.000000e+00,0.000000e+00,0.000000e+00,0.000000e+00,0.000000e+00,0.000000e+00,0.000000e+00,0.000000e+00,0.000000e+00,0.000000e+00,0.000000e+00,0.000000e+00,0.000000e+00,0.000000e+00
1.000000e+00,0.000000e+00,0.000000e+00,0.000000e+00,0.000000e+00,0.000000e+00,0.000000e+00,0.000000e+00,0.000000e+00,0.000000e+00,0.000000e+00,0.000000e+00,0.000000e+00,0.000000e+00,0.000000e+00
1.000000e+00,0.000000e+00,0.000000e+00,0.000000e+00,0.000000e+00,0.000000e+00,0.000000e+00,0.000000e+00,0.000000e+00,0.000000e+00,0.000000e+00,0.000000e+00,0.000000e+00,0.000000e+00,0.000000e+00
1.000000e+00,0.000000e+00,0.000000e+00,0.000000e+00,0.000000e+00,0.000000e+00,0.000000e+00,0.000000e+00,0.000000e+00,0.000000e+00,0.000000e+00,0.000000e+00,0.000000e+00,0.000000e+00,0.000000e+00
1.000000e+00,0.000000e+00,0.000000e+00,0.000000e+00,0.000000e+00,0.000000e+00,0.000000e+00,0.000000e+00,0.000000e+00,0.000000e+00,0.000000e+00,0.000000e+00,0.000000e+00,0.000000e+00,0.000000e+00
1.000000e+00,0.000000e+00,0.000000e+00,0.000000e+00,0.000000e+00,0.000000e+00,0.000000e+00,0.000000e+00,0.000000e+00,0.000000e+00,0.000000e+00,0.000000e+00,0.000000e+00,0.000000e+00,0.000000e+00
1.000000e+00,0.000000e+00,0.000000e+00,0.000000e+00,0.000000e+00,0.000000e+00,0.000000e+00,0.000000e+00,0.000000e+00,0.000000e+00,0.000000e+00,0.000000e+00,0.000000e+00,0.000000e+00,0.000000e+00
1.000000e+00,0.000000e+00,0.000000e+00,0.000000e+00,0.000000e+00,0.000000e+00,0.000000e+00,0.000000e+00,0.000000e+00,0.000000e+00,0.000000e+00,0.000000e+00,0.000000e+00,0.000000e+00,0.000000e+00
1.000000e+00,0.000000e+00,0.000000e+00,0.000000e+00,0.000000e+00,0.000000e+00,0.000000e+00,0.000000e+00,0.000000e+00,0.000000e+00,0.000000e+00,0.000000e+00,0.000000e+00,0.000000e+00,0.000000e+00
1.000000e+00,0.000000e+00,0.000000e+00,0.000000e+00,0.000000e+00,0.000000e+00,0.000000e+00,0.000000e+00,0.000000e+00,0.000000e+00,0.000000e+00,0.000000e+00,0.000000e+00,0.000000e+00,0.000000e+00
1.000000e+00,0.000000e+00,0.000000e+00,0.000000e+00,0.000000e+00,0.000000e+00,0.000000e+00,0.000000e+00,0.000000e+00,0.000000e+00,0.000000e+00,0.000000e+00,0.000000e+00,0.000000e+00,0.000000e+00
1.000000e+00,0.000000e+00,0.000000e+00,0.000000e+00,0.000000e+00,0.000000e+00,0.000000e+00,0.000000e+00,0.000000e+00,0.000000e+00,0.000000e+00,0.000000e+00,0.000000e+00,0.000000e+00,0.000000e+00
1.000000e+00,0.000000e+00,0.000000e+00,0.000000e+00,0.000000e+00,0.000000e+00,0.000000e+00,0.000000e+00,0.000000e+00,0.000000e+00,0.000000e+00,0.000000e+00,0.000000e+00,0.000000e+00,0.000000e+00
1.000000e+00,0.000000e+00,0.000000e+00,0.000000e+00,0.000000e+00,0.000000e+00,0.000000e+00,0.000000e+00,0.000000e+00,0.000000e+00,0.000000e+00,0.000000e+00,0.000000e+00,0.000000e+00,0.000000e+00
1.000000e+00,0.000000e+00,0.000000e+00,0.000000e+00,0.000000e+00,0.000000e+00,0.000000e+00,0.000000e+00,0.000000e+00,0.000000e+00,0.000000e+00,0.000000e+00,0.000000e+00,0.000000e+00,0.000000e+00
1.000000e+00,0.000000e+00,0.000000e+00,0.000000e+00,0.000000e+00,0.000000e+00,0.000000e+00,0.000000e+00,0.000000e+00,0.000000e+00,0.000000e+00,0.000000e+00,0.000000e+00,0.000000e+00,0.000000e+00
1.000000e+00,0.000000e+00,0.000000e+00,0.000000e+00,0.000000e+00,0.000000e+00,0.000000e+00,0.000000e+00,0.000000e+00,0.000000e+00,0.000000e+00,0.000000e+00,0.000000e+00,0.000000e+00,0.000000e+00
1.000000e+00,0.000000e+00,0.000000e+00,0.000000e+00,0.000000e+00,0.000000e+00,0.000000e+00,0.000000e+00,0.000000e+00,0.000000e+00,0.000000e+00,0.000000e+00,0.000000e+00,0.000000e+00,0.000000e+00
1.000000e+00,0.000000e+00,0.000000e+00,0.000000e+00,0.000000e+00,0.000000e+00,0.000000e+00,0.000000e+00,0.000000e+00,0.000000e+00,0.000000e+00,0.000000e+00,0.000000e+00,0.000000e+00,0.000000e+00
1.000000e+00,0.000000e+00,0.000000e+00,0.000000e+00,0.000000e+00,0.000000e+00,0.000000e+00,0.000000e+00,0.000000e+00,0.000000e+00,0.000000e+00,0.000000e+00,0.000000e+00,0.000000e+00,0.000000e+00
1.000000e+00,0.000000e+00,0.000000e+00,0.000000e+00,0.000000e+00,0.000000e+00,0.000000e+00,0.000000e+00,0.000000e+00,0.000000e+00,0.000000e+00,0.000000e+00,0.000000e+00,0.000000e+00,0.000000e+00
1.000000e+00,0.000000e+00,0.000000e+00,0.000000e+00,0.000000e+00,0.000000e+00,0.000000e+00,0.000000e+00,0.000000e+00,0.000000e+00,0.000000e+00,0.000000e+00,0.000000e+00,0.000000e+00,0.000000e+00
1.000000e+00,0.000000e+00,0.000000e+00,0.000000e+00,0.000000e+00,0.000000e+00,0.000000e+00,0.000000e+00,0.000000e+00,0.000000e+00,0.000000e+00,0.000000e+00,0.000000e+00,0.000000e+00,0.000000e+00
1.000000e+00,0.000000e+00,0.000000e+00,0.000000e+00,0.000000e+00,0.000000e+00,0.000000e+00,0.000000e+00,0.000000e+00,0.000000e+00,0.000000e+00,0.000000e+00,0.000000e+00,0.000000e+00,0.000000e+00
1.000000e+00,0.000000e+00,0.000000e+00,0.000000e+00,0.000000e+00,0.000000e+00,0.000000e+00,0.000000e+00,0.000000e+00,0.000000e+00,0.000000e+00,0.000000e+00,0.000000e+00,0.000000e+00,0.000000e+00
1.000000e+00,0.000000e+00,0.000000e+00,0.000000e+00,0.000000e+00,0.000000e+00,0.000000e+00,0.000000e+00,0.000000e+00,0.000000e+00,0.000000e+00,0.000000e+00,0.000000e+00,0.000000e+00,0.000000e+00
1.000000e+00,0.000000e+00,0.000000e+00,0.000000e+00,0.000000e+00,0.000000e+00,0.000000e+00,0.000000e+00,0.000000e+00,0.000000e+00,0.000000e+00,0.000000e+00,0.000000e+00,0.000000e+00,0.000000e+00
1.000000e+00,0.000000e+00,0.000000e+00,0.000000e+00,0.000000e+00,0.000000e+00,0.000000e+00,0.000000e+00,0.000000e+00,0.000000e+00,0.000000e+00,0.000000e+00,0.000000e+00,0.000000e+00,0.000000e+00
1.000000e+00,0.000000e+00,0.000000e+00,0.000000e+00,0.000000e+00,0.000000e+00,0.000000e+00,0.000000e+00,0.000000e+00,0.000000e+00,0.000000e+00,0.000000e+00,0.000000e+00,0.000000e+00,0.000000e+00
1.000000e+00,0.000000e+00,0.000000e+00,0.000000e+00,0.000000e+00,0.000000e+00,0.000000e+00,0.000000e+00,0.000000e+00,0.000000e+00,0.000000e+00,0.000000e+00,0.000000e+00,0.000000e+00,0.000000e+00
1.000000e+00,0.000000e+00,0.000000e+00,0.000000e+00,0.000000e+00,0.000000e+00,0.000000e+00,0.000000e+00,0.000000e+00,0.000000e+00,0.000000e+00,0.000000e+00,0.000000e+00,0.000000e+00,0.000000e+00
1.000000e+00,0.000000e+00,0.000000e+00,0.000000e+00,0.000000e+00,0.000000e+00,0.000000e+00,0.000000e+00,0.000000e+00,0.000000e+00,0.000000e+00,0.000000e+00,0.000000e+00,0.000000e+00,0.000000e+00
1.000000e+00,0.000000e+00,0.000000e+00,0.000000e+00,0.000000e+00,0.000000e+00,0.000000e+00,0.000000e+00,0.000000e+00,0.000000e+00,0.000000e+00,0.000000e+00,0.000000e+00,0.000000e+00,0.000000e+00
1.000000e+00,0.000000e+00,0.000000e+00,0.000000e+00,0.000000e+00,0.000000e+00,0.000000e+00,0.000000e+00,0.000000e+00,0.000000e+00,0.000000e+00,0.000000e+00,0.000000e+00,0.000000e+00,0.000000e+00
4.379047e-01,1.044635e-01,2.715835e-02,1.280102e-01,3.087213e-02,3.331427e-02,1.177295e-02,2.166697e-02,2.712281e-02,6.512913e-03,2.071588e-02,4.233834e-02,2.531418e-02,1.175509e-02,7.107770e-02
4.253797e-01,9.850758e-02,2.439488e-02,1.199056e-01,3.118913e-02,3.122664e-02,1.136962e-02,2.131974e-02,2.657718e-02,6.566555e-03,2.367042e-02,4.895358e-02,3.511804e-02,1.622071e-02,7.960065e-02
4.068373e-01,8.416327e-02,2.389199e-02,1.213630e-01,3.012327e-02,2.893088e-02,1.086712e-02,6.376728e-02,2.418705e-02,5.333402e-03,2.520759e-02,5.221023e-02,3.783281e-02,1.629379e-02,6.899106e-02
4.427307e-01,7.242947e-02,2.047450e-02,1.079996e-01,2.790634e-02,3.029590e-02,1.060860e-02,4.905657e-02,2.464514e-02,5.175927e-03,3.041093e-02,5.645788e-02,3.989970e-02,1.678498e-02,6.512376e-02
4.368162e-01,6.489457e-02,1.747188e-02,1.054982e-01,2.474924e-02,2.917946e-02,9.469517e-03,3.678353e-02,4.183570e-02,6.414246e-03,3.367647e-02,5.322916e-02,3.983227e-02,1.713661e-02,8.301292e-02
4.014287e-01,7.514377e-02,1.390295e-02,1.169416e-01,3.228732e-02,2.862227e-02,1.159845e-02,2.684078e-02,4.717391e-02,9.831987e-03,2.744197e-02,4.413825e-02,3.848240e-02,1.403160e-02,1.121341e-01
3.122582e-01,9.277354e-02,2.311365e-02,2.417529e-01,2.897342e-02,2.331840e-02,1.049604e-02,1.952652e-02,3.853576e-02,8.231187e-03,2.167450e-02,3.326707e-02,2.913773e-02,1.056284e-02,1.063783e-01
4.091274e-01,8.094804e-02,1.946941e-02,2.065684e-01,2.827727e-02,1.950598e-02,1.023994e-02,1.585751e-02,3.214798e-02,6.561447e-03,1.889310e-02,2.887633e-02,2.762595e-02,8.168407e-03,8.773280e-02
3.964067e-01,7.841939e-02,3.409713e-02,2.449677e-01,2.594533e-02,1.682781e-02,8.963007e-03,1.360533e-02,2.567021e-02,5.824346e-03,1.707609e-02,2.556035e-02,2.339872e-02,6.438781e-03,7.679912e-02
1.000000e+00,0.000000e+00,0.000000e+00,0.000000e+00,0.000000e+00,0.000000e+00,0.000000e+00,0.000000e+00,0.000000e+00,0.000000e+00,0.000000e+00,0.000000e+00,0.000000e+00,0.000000e+00,0.000000e+00
1.000000e+00,0.000000e+00,0.000000e+00,0.000000e+00,0.000000e+00,0.000000e+00,0.000000e+00,0.000000e+00,0.000000e+00,0.000000e+00,0.000000e+00,0.000000e+00,0.000000e+00,0.000000e+00,0.000000e+00
4.455659e-01,4.777987e-02,1.789464e-01,1.809942e-01,1.497618e-02,1.241849e-02,5.189104e-03,1.020859e-02,1.185330e-02,2.979930e-03,1.200337e-02,1.933746e-02,1.421500e-02,3.381170e-03,4.015104e-02
3.926284e-01,3.595456e-02,1.795622e-01,2.554766e-01,1.627065e-02,1.339464e-02,4.989889e-03,1.780114e-02,9.176958e-03,2.270749e-03,1.108936e-02,1.820181e-02,1.172047e-02,2.571564e-03,2.889108e-02
2.847428e-01,2.585920e-02,1.310241e-01,3.316697e-01,1.245172e-02,1.160509e-02,3.627596e-03,1.298286e-02,6.958360e-03,3.452791e-03,1.204567e-01,1.499155e-02,1.751018e-02,1.953122e-03,2.071436e-02
2.052531e-01,1.842253e-02,9.275360e-02,3.407775e-01,9.251903e-03,8.945866e-03,2.626826e-03,9.256086e-03,5.572188e-03,6.173725e-03,2.506177e-01,1.214062e-02,2.176612e-02,1.502546e-03,1.493970e-02
1.608526e-01,1.419291e-02,6.550174e-02,3.369276e-01,7.091401e-03,9.013747e-03,2.008516e-03,6.634279e-03,1.024963e-02,1.331185e-02,2.741846e-01,3.260072e-02,4.867681e-02,2.445735e-03,1.630788e-02
1.175995e-01,1.111909e-02,4.663133e-02,3.085353e-01,6.344962e-03,3.110768e-02,1.732033e-03,4.913789e-03,1.943611e-02,1.787845e-02,2.666732e-01,8.392172e-02,6.870671e-02,2.586592e-03,1.281359e-02
8.740771e-02,8.186425e-03,3.502414e-02,3.827613e-01,5.695936e-03,2.847423e-02,1.381463e-03,3.702726e-03,2.090900e-02,1.610580e-02,2.477160e-01,7.812947e-02,7.212365e-02,2.289606e-03,1.009254e-02
6.642772e-02,6.448603e-03,2.777788e-02,3.091304e-01,1.505167e-02,2.179222e-02,1.241372e-03,3.045561e-03,3.709383e-02,1.218550e-02,3.136825e-01,7.098576e-02,1.040312e-01,3.098622e-03,8.007200e-03
1.293457e-01,5.345469e-03,2.211264e-02,2.781107e-01,1.556509e-02,1.946130e-02,1.753088e-03,3.473080e-03,5.115867e-02,1.124383e-02,2.748213e-01,6.090430e-02,1.142941e-01,5.184847e-03,7.225911e-03
1.592335e-01,5.514036e-03,1.689175e-02,2.320584e-01,1.314449e-02,1.620804e-02,1.829182e-03,3.608838e-03,5.128952e-02,1.882421e-02,2.530352e-01,7.697875e-02,1.105965e-01,3.016078e-02,1.062676e-02
1.641778e-01,5.793646e-03,1.787594e-02,2.041805e-01,1.746480e-02,1.687784e-02,2.428461e-03,6.427283e-03,4.807134e-02,2.047877e-02,2.440764e-01,9.696409e-02,1.099902e-01,2.998050e-02,1.521248e-02
1.872173e-01,5.439570e-03,1.266388e-01,1.541714e-01,1.823508e-02,2.137933e-02,2.508106e-03,8.940948e-03,3.763024e-02,1.712234e-02,1.985102e-01,8.446690e-02,1.005517e-01,2.417859e-02,1.300936e-02
2.480597e-01,5.948152e-03,1.500656e-01,1.212474e-01,1.641296e-02,2.610037e-02,3.314273e-03,9.059947e-03,3.025590e-02,1.784849e-02,1.497399e-01,9.422797e-02,9.141280e-02,2.334673e-02,1.295986e-02
2.969612e-01,8.031229e-03,1.320376e-01,1.028330e-01,1.413006e-02,3.650768e-02,4.153828e-03,8.185938e-03,3.617378e-02,1.916075e-02,1.162836e-01,9.508616e-02,8.335747e-02,2.558859e-02,2.150901e-02
2.891606e-01,8.663695e-03,9.578725e-02,7.533228e-02,1.063171e-02,4.261136e-02,4.528905e-03,7.125148e-03,4.165724e-02,1.456296e-02,8.858378e-02,1.234595e-01,1.558342e-01,2.281548e-02,1.924587e-02
3.422277e-01,1.062155e-02,7.639001e-02,6.235020e-02,8.314078e-03,4.039792e-02,5.505455e-03,8.688560e-03,6.908526e-02,1.215506e-02,6.561118e-02,1.029346e-01,1.493392e-01,2.596287e-02,2.041646e-02
4.575649e-01,9.688182e-03,5.808780e-02,4.802102e-02,8.470630e-03,4.110557e-02,5.270533e-03,7.619380e-03,6.000703e-02,1.022227e-02,5.067989e-02,8.580535e-02,1.169617e-01,2.045652e-02,2.003917e-02
4.747955e-01,1.003064e-02,5.307180e-02,4.043065e-02,1.339520e-02,4.223279e-02,6.016492e-03,8.372594e-03,5.705803e-02,9.080045e-03,4.199444e-02,9.967849e-02,1.111825e-01,1.639915e-02,1.626175e-02
4.108332e-01,1.152854e-02,4.613124e-02,3.855425e-02,1.557283e-02,4.547393e-02,5.441007e-03,7.428132e-03,6.746724e-02,8.161588e-03,3.623182e-02,1.566056e-01,1.219136e-01,1.405944e-02,1.459745e-02
3.315105e-01,1.617431e-02,4.129547e-02,3.243704e-02,1.505016e-02,4.662040e-02,5.347379e-03,2.122325e-02,6.113194e-02,6.584733e-03,3.297563e-02,2.125964e-01,1.537436e-01,1.131752e-02,1.199172e-02
2.433980e-01,1.442365e-02,3.157290e-02,2.461164e-02,2.343765e-02,5.089512e-02,4.411497e-03,2.761967e-02,5.336998e-02,5.260579e-03,3.146575e-02,2.455460e-01,2.232863e-01,8.572116e-03,1.212907e-02
1.903914e-01,2.778254e-02,2.827318e-02,2.423781e-02,2.208017e-02,5.961983e-02,3.907854e-03,2.400760e-02,6.667893e-02,7.231281e-03,2.515429e-02,1.906217e-01,2.935908e-01,8.145397e-03,2.827727e-02
1.519292e-01,2.204062e-02,3.986128e-02,3.062472e-02,2.187601e-02,5.125683e-02,5.446531e-03,2.968712e-02,5.272616e-02,5.547323e-03,2.062986e-02,1.750590e-01,3.586372e-01,6.951970e-03,2.772621e-02
1.942341e-01,1.989781e-02,8.485490e-02,5.831498e-02,2.207293e-02,4.332570e-02,4.609642e-03,3.167414e-02,4.772001e-02,7.390345e-03,1.797371e-02,1.278890e-01,3.041176e-01,6.271112e-03,2.965397e-02
1.586991e-01,2.173125e-02,1.934609e-01,1.127873e-01,1.806092e-02,3.258376e-02,3.501709e-03,2.392176e-02,5.705851e-02,1.112319e-02,1.516323e-02,9.120982e-02,2.214691e-01,5.085924e-03,3.414370e-02
1.488496e-01,4.838876e-02,1.600780e-01,8.496787e-02,2.290141e-02,5.247613e-02,4.115336e-03,1.888285e-02,1.235201e-01,9.608967e-03,1.865811e-02,6.936065e-02,2.049255e-01,4.654613e-03,2.861221e-02
1.176110e-01,7.065459e-02,1.360424e-01,2.000553e-01,4.158907e-02,3.911071e-02,3.480334e-03,1.403863e-02,1.210143e-01,8.315133e-03,1.686364e-02,5.054330e-02,1.451855e-01,3.667702e-03,3.182839e-02
1.255688e-01,1.002184e-01,1.024539e-01,1.518358e-01,3.845463e-02,6.032067e-02,4.423007e-03,1.138388e-02,2.002096e-01,9.395279e-03,1.573526e-02,3.810082e-02,1.110141e-01,3.316944e-03,2.756897e-02
1.636409e-01,9.932956e-02,7.368623e-02,1.117937e-01,4.198724e-02,1.131719e-01,6.239504e-03,1.023552e-02,2.056615e-01,8.435981e-03,1.276917e-02,2.948463e-02,9.594136e-02,2.881373e-03,2.474147e-02
1.417224e-01,1.094524e-01,1.083738e-01,2.043534e-01,3.333591e-02,8.151157e-02,5.528547e-03,8.065387e-03,1.577276e-01,1.072502e-02,1.114479e-02,2.328201e-02,6.992101e-02,2.408054e-03,3.244818e-02
2.277732e-01,8.559842e-02,9.998564e-02,1.691908e-01,3.259845e-02,9.433256e-02,5.865042e-03,1.135305e-02,1.291587e-01,8.946736e-03,1.581965e-02,2.476921e-02,6.202639e-02,2.468453e-03,3.011378e-02
2.622718e-01,6.811780e-02,1.019619e-01,1.454882e-01,2.972575e-02,7.437318e-02,7.211288e-03,1.801175e-02,1.074811e-01,1.123104e-02,3.991519e-02,2.641185e-02,6.597827e-02,4.402933e-03,3.741790e-02
3.154309e-01,9.031478e-02,8.801563e-02,1.185811e-01,2.514092e-02,6.332473e-02,6.905765e-03,1.393152e-02,1.028035e-01,1.349362e-02,3.053127e-02,2.249988e-02,6.521587e-02,3.651124e-03,4.015940e-02
3.517627e-01,7.623608e-02,6.491534e-02,8.912294e-02,3.012997e-02,9.305239e-02,7.942649e-03,1.365990e-02,1.184090e-01,1.114898e-02,2.475572e-02,2.055143e-02,6.172961e-02,2.928701e-03,3.365453e-02
2.926215e-01,9.979589e-02,7.721892e-02,1.276197e-01,2.567979e-02,7.722158e-02,7.030710e-03,1.056284e-02,1.367123e-01,1.558002e-02,1.880406e-02,1.555017e-02,4.853556e-02,2.403438e-03,4.466355e-02
2.719143e-01,8.370008e-02,1.031926e-01,1.681713e-01,2.458659e-02,6.836827e-02,6.011407e-03,8.778650e-03,1.299884e-01,1.817517e-02,1.492339e-02,1.205420e-02,3.699909e-02,2.193049e-03,5.094349e-02
2.277407e-01,6.431354e-02,1.198888e-01,2.608923e-01,1.916985e-02,4.988033e-02,4.678550e-03,6.887138e-03,1.084639e-01,2.938566e-02,2.027365e-02,9.897440e-03,2.967766e-02,1.913413e-03,4.693703e-02
2.210590e-01,5.881675e-02,1.266785e-01,2.876820e-01,1.455645e-02,3.823067e-02,3.523527e-03,5.270863e-03,8.720092e-02,3.746114e-02,2.331235e-02,1.002481e-02,2.554980e-02,1.962795e-03,5.867042e-02
3.206822e-01,5.569573e-02,1.015285e-01,2.219049e-01,1.230723e-02,2.924998e-02,2.844144e-03,4.644684e-03,7.515565e-02,4.044087e-02,2.722677e-02,1.092004e-02,2.391382e-02,3.432938e-03,7.005258e-02
3.896593e-01,5.901095e-02,8.861770e-02,1.687541e-01,9.397170e-03,2.220822e-02,2.191057e-03,4.577536e-03,6.943237e-02,3.575992e-02,3.085073e-02,1.308315e-02,2.633318e-02,8.388530e-03,7.173604e-02
4.592684e-01,5.984342e-02,8.255430e-02,1.345342e-01,9.336332e-03,1.849121e-02,1.852321e-03,4.897604e-03,6.266890e-02,3.283936e-02,2.706387e-02,1.262755e-02,2.224150e-02,9.889210e-03,6.189178e-02
1.000000e+00,0.000000e+00,0.000000e+00,0.000000e+00,0.000000e+00,0.000000e+00,0.000000e+00,0.000000e+00,0.000000e+00,0.000000e+00,0.000000e+00,0.000000e+00,0.000000e+00,0.000000e+00,0.000000e+00
1.000000e+00,0.000000e+00,0.000000e+00,0.000000e+00,0.000000e+00,0.000000e+00,0.000000e+00,0.000000e+00,0.000000e+00,0.000000e+00,0.000000e+00,0.000000e+00,0.000000e+00,0.000000e+00,0.000000e+00
1.000000e+00,0.000000e+00,0.000000e+00,0.000000e+00,0.000000e+00,0.000000e+00,0.000000e+00,0.000000e+00,0.000000e+00,0.000000e+00,0.000000e+00,0.000000e+00,0.000000e+00,0.000000e+00,0.000000e+00
4.426408e-01,1.301026e-01,7.285810e-02,9.635590e-02,1.113254e-02,1.236088e-02,1.714258e-03,8.407455e-03,1.169736e-01,1.929941e-02,1.255213e-02,8.186506e-03,1.426359e-02,6.405678e-03,4.674656e-02
3.967225e-01,1.079682e-01,9.966841e-02,1.437780e-01,9.837215e-03,1.478015e-02,1.995816e-03,7.666832e-03,1.070333e-01,1.794138e-02,1.444806e-02,1.470723e-02,1.443312e-02,5.564229e-03,4.345554e-02
3.553587e-01,9.626638e-02,1.347460e-01,1.530916e-01,8.016496e-03,1.317027e-02,1.695971e-03,8.124905e-03,9.689340e-02,3.059728e-02,2.283568e-02,1.748937e-02,1.580078e-02,5.236355e-03,4.067678e-02
4.108208e-01,7.970834e-02,1.317101e-01,1.186949e-01,8.257185e-03,1.230679e-02,1.827627e-03,8.968683e-03,8.603023e-02,3.288481e-02,2.351507e-02,1.990005e-02,1.644821e-02,6.139398e-03,4.278772e-02
4.705113e-01,6.836361e-02,1.080935e-01,8.791169e-02,9.308901e-03,1.208010e-02,2.103200e-03,1.549014e-02,9.508681e-02,2.764820e-02,2.553402e-02,2.026435e-02,1.504845e-02,5.988623e-03,3.656711e-02
1.000000e+00,0.000000e+00,0.000000e+00,0.000000e+00,0.000000e+00,0.000000e+00,0.000000e+00,0.000000e+00,0.000000e+00,0.000000e+00,0.000000e+00,0.000000e+00,0.000000e+00,0.000000e+00,0.000000e+00
1.000000e+00,0.000000e+00,0.000000e+00,0.000000e+00,0.000000e+00,0.000000e+00,0.000000e+00,0.000000e+00,0.000000e+00,0.000000e+00,0.000000e+00,0.000000e+00,0.000000e+00,0.000000e+00,0.000000e+00
4.710800e-01,3.847003e-02,5.222688e-02,4.363338e-02,6.019883e-02,3.012998e-02,6.522730e-03,2.887005e-02,8.332609e-02,1.659522e-02,2.205095e-02,4.171686e-02,7.778177e-02,5.587671e-03,2.180962e-02
4.181123e-01,3.190902e-02,3.877475e-02,3.283217e-02,4.919537e-02,3.020316e-02,5.674889e-03,2.346755e-02,6.715924e-02,1.366454e-02,2.326688e-02,6.134887e-02,1.678052e-01,8.151760e-03,2.843432e-02
3.630707e-01,3.510574e-02,3.168046e-02,2.871815e-02,4.643835e-02,2.834512e-02,5.012206e-03,2.369165e-02,6.490353e-02,1.141784e-02,2.476770e-02,6.677562e-02,2.262916e-01,9.578573e-03,3.420276e-02
3.398343e-01,4.574294e-02,2.382001e-02,2.370999e-02,3.541922e-02,2.332637e-02,4.419506e-03,2.011521e-02,7.002111e-02,9.752490e-03,2.894463e-02,8.206696e-02,2.513112e-01,9.569102e-03,3.194698e-02
3.441830e-01,3.647455e-02,4.093650e-02,7.995349e-02,3.089732e-02,1.877803e-02,4.870652e-03,3.115152e-02,5.783192e-02,7.917755e-03,3.797929e-02,8.699214e-02,1.894883e-01,7.732552e-03,2.481290e-02
3.607382e-01,3.987560e-02,3.504721e-02,6.432317e-02,2.822457e-02,1.606790e-02,4.138212e-03,2.705839e-02,4.967711e-02,5.933426e-03,5.878782e-02,1.216994e-01,1.626342e-01,6.594924e-03,1.919984e-02
3.896094e-01,3.258209e-02,2.881094e-02,5.535873e-02,2.615662e-02,1.330505e-02,3.704860e-03,3.014085e-02,3.882726e-02,5.265578e-03,7.187935e-02,1.475241e-01,1.353221e-01,6.399982e-03,1.511306e-02
4.363083e-01,2.758078e-02,2.707105e-02,5.033864e-02,2.452141e-02,1.186385e-02,3.289116e-03,3.212240e-02,3.427995e-02,4.384301e-03,7.342282e-02,1.428488e-01,1.127889e-01,6.640292e-03,1.253931e-02
3.926710e-01,4.141182e-02,7.104991e-02,4.931290e-02,3.015786e-02,1.015968e-02,3.166221e-03,3.662421e-02,6.338336e-02,5.919071e-03,6.764955e-02,1.188513e-01,9.249674e-02,6.048063e-03,1.109831e-02
3.291274e-01,9.814472e-02,7.814723e-02,6.065848e-02,4.238419e-02,9.450288e-03,4.035154e-03,4.335632e-02,1.018999e-01,9.334828e-03,5.323237e-02,8.690684e-02,6.700469e-02,5.496772e-03,1.082083e-02
2.581602e-01,1.242068e-01,1.092412e-01,7.578583e-02,5.612909e-02,8.162618e-03,4.258208e-03,4.564562e-02,1.356031e-01,8.829495e-03,4.138813e-02,6.723753e-02,5.011810e-02,4.831377e-03,1.040274e-02
2.032280e-01,1.741557e-01,9.028322e-02,1.326911e-01,5.240354e-02,6.711791e-03,3.342272e-03,3.588357e-02,1.620308e-01,8.668041e-03,3.210740e-02,4.817865e-02,3.603995e-02,3.883728e-03,1.039210e-02
1.647041e-01,2.228385e-01,8.340026e-02,1.811083e-01,4.464998e-02,5.829295e-03,2.501027e-03,2.992943e-02,1.610815e-01,7.591950e-03,2.445538e-02,3.424853e-02,2.586673e-02,3.071063e-03,8.723967e-03
1.599802e-01,3.581572e-01,6.866772e-02,1.414919e-01,3.520355e-02,4.813308e-03,1.942324e-03,2.276151e-02,1.254172e-01,5.953495e-03,1.944738e-02,2.487184e-02,1.875348e-02,2.516474e-03,1.002238e-02
2.173162e-01,2.841390e-01,5.586174e-02,1.350434e-01,3.358755e-02,9.901363e-03,1.570102e-03,1.726701e-02,1.482888e-01,4.940896e-03,2.393676e-02,3.541200e-02,1.898166e-02,2.157154e-03,1.159630e-02
1.536418e-01,2.057281e-01,4.805012e-02,3.444894e-01,2.465752e-02,7.193281e-03,1.129050e-03,1.219370e-02,1.100055e-01,3.793623e-03,3.407955e-02,2.865107e-02,1.619489e-02,1.554139e-03,8.638221e-03
1.078819e-01,1.457396e-01,3.698393e-02,4.485194e-01,1.771807e-02,5.218520e-03,8.112470e-04,8.583006e-03,7.774629e-02,3.248065e-03,7.672773e-02,3.704469e-02,2.611536e-02,1.299751e-03,6.362451e-03
7.579943e-02,1.021787e-01,2.621280e-02,3.970469e-01,1.409393e-02,3.786983e-03,6.388332e-04,6.024249e-03,5.515065e-02,7.423485e-03,2.134099e-01,5.526748e-02,3.655015e-02,1.813565e-03,4.602988e-03
5.438422e-02,7.176902e-02,1.878915e-02,3.247153e-01,1.450987e-02,4.883219e-03,6.807935e-04,4.460671e-03,4.329002e-02,1.142988e-02,2.805609e-01,1.123266e-01,5.104181e-02,3.107658e-03,4.050934e-03
3.910287e-02,5.038661e-02,1.399245e-02,2.411458e-01,1.534004e-02,1.190843e-02,1.055032e-03,3.980874e-03,3.880679e-02,8.813913e-03,2.172235e-01,2.906479e-01,6.054420e-02,3.617192e-03,3.434498e-03
2.823177e-02,3.535836e-02,1.028971e-02,1.752857e-01,3.091580e-02,1.170224e-02,1.471077e-03,3.322665e-03,3.884316e-02,7.367747e-03,1.749062e-01,4.141909e-01,6.197067e-02,3.546999e-03,2.597039e-03
2.513392e-02,2.485894e-02,7.600261e-03,1.241083e-01,3.086349e-02,1.199869e-02,2.175407e-03,2.825753e-03,3.332298e-02,5.766011e-03,1.271683e-01,5.516366e-01,4.766512e-02,2.896063e-03,1.980262e-03
2.773233e-02,1.790561e-02,5.840847e-03,9.007629e-02,2.579967e-02,1.459364e-02,2.028253e-03,2.674565e-03,2.748261e-02,5.067569e-03,9.143669e-02,6.478609e-01,3.677627e-02,2.696708e-03,2.028056e-03
5.771287e-02,1.326791e-02,5.444730e-03,9.508368e-02,2.855537e-02,4.900469e-02,2.510510e-03,3.255675e-03,3.984590e-02,7.280865e-03,7.233416e-02,5.882345e-01,3.249700e-02,2.529591e-03,2.442542e-03
8.007520e-02,9.822222e-03,4.098814e-03,7.229910e-02,2.731264e-02,5.279756e-02,2.657890e-03,4.694780e-03,3.735855e-02,1.067701e-02,9.141393e-02,5.400475e-01,5.986398e-02,4.542731e-03,2.338175e-03
8.617302e-02,7.300450e-03,3.184238e-03,5.536023e-02,2.650313e-02,4.903050e-02,2.353291e-03,5.894971e-03,3.320264e-02,1.527867e-02,1.093521e-01,5.208092e-01,7.321075e-02,9.612216e-03,2.734646e-03
9.003443e-02,5.785964e-03,2.478797e-03,4.155428e-02,2.145352e-02,4.203302e-02,1.976483e-03,4.737765e-03,2.955471e-02,2.076724e-02,1.114848e-01,5.550655e-01,6.204799e-02,8.318271e-03,2.707342e-03
8.849389e-02,5.217489e-03,1.961298e-03,3.162042e-02,1.750197e-02,3.136774e-02,1.556049e-03,4.021522e-03,3.789788e-02,2.627169e-02,1.117366e-01,5.640246e-01,6.912856e-02,6.794257e-03,2.406028e-03
1.092415e-01,5.207718e-03,1.909839e-03,2.291216e-02,1.394963e-02,2.266069e-02,1.213168e-03,3.777142e-03,5.529057e-02,3.622101e-02,9.045073e-02,5.690857e-01,6.015692e-02,5.460436e-03,2.462767e-03
9.681801e-02,3.612538e-02,1.423095e-02,1.677513e-02,1.965129e-02,1.709296e-02,1.060395e-03,4.375209e-03,2.168911e-01,3.166147e-02,6.647872e-02,4.211296e-01,5.088604e-02,4.356714e-03,2.467040e-03
8.867930e-02,3.977589e-02,2.221326e-02,1.355643e-02,2.286804e-02,1.268620e-02,1.018494e-03,1.248854e-02,3.179218e-01,3.588127e-02,5.246889e-02,3.291258e-01,4.467811e-02,3.897401e-03,2.740568e-03
6.879842e-02,6.814700e-02,2.526358e-02,9.990650e-03,1.909969e-02,9.069332e-03,7.766815e-04,9.311112e-03,3.751986e-01,8.176418e-02,3.867310e-02,2.521239e-01,3.564616e-02,2.954886e-03,3.182722e-03
5.784021e-02,5.837359e-02,2.163813e-02,7.783641e-03,1.536446e-02,6.653023e-03,5.838718e-04,7.631680e-03,3.799372e-01,1.159395e-01,3.464927e-02,2.468339e-01,4.154523e-02,2.333849e-03,2.892387e-03
4.467954e-02,4.272398e-02,1.776456e-02,8.146739e-03,1.349595e-02,7.568909e-03,5.456659e-04,6.841332e-03,3.266737e-01,1.196082e-01,4.692914e-02,3.219231e-01,3.667965e-02,3.373243e-03,3.046201e-03
3.643837e-02,3.092069e-02,1.352857e-02,7.717944e-03,1.087551e-02,1.082556e-02,4.609760e-04,6.676063e-03,2.598390e-01,9.415580e-02,6.809545e-02,4.230471e-01,2.969210e-02,4.891493e-03,2.835429e-03
2.934400e-02,2.206972e-02,1.015665e-02,6.985095e-03,8.410001e-03,1.058908e-02,4.185009e-04,5.353747e-03,1.933870e-01,8.204385e-02,8.106828e-02,5.173534e-01,2.597131e-02,4.363484e-03,2.485918e-03
2.507802e-02,1.649509e-02,7.360731e-03,5.783120e-03,6.253800e-03,1.122876e-02,4.102984e-04,4.256479e-03,1.491625e-01,6.191844e-02,9.274293e-02,5.926152e-01,2.073049e-02,3.512902e-03,2.451290e-03
2.737888e-02,1.281676e-02,5.753725e-03,6.259890e-03,4.843644e-03,1.099401e-02,4.707318e-04,4.273075e-03,1.094605e-01,5.780502e-02,8.706447e-02,6.497238e-01,1.785314e-02,2.769977e-03,2.532395e-03
3.002062e-02,9.596672e-03,4.323547e-03,6.257380e-03,4.101296e-03,1.195862e-02,4.031508e-04,3.223990e-03,7.825086e-02,4.740346e-02,8.904360e-02,6.955485e-01,1.512370e-02,2.190111e-03,2.554504e-03
3.860571e-02,8.013516e-03,3.275882e-03,7.185618e-03,3.842682e-03,1.496403e-02,3.977071e-04,3.074233e-03,6.191529e-02,5.225377e-02,8.664133e-02,7.010475e-01,1.455805e-02,1.802036e-03,2.422621e-03
3.645643e-02,6.179600e-03,2.470551e-03,7.775321e-03,4.064357e-03,1.344340e-02,3.997063e-04,2.636835e-03,5.146565e-02,4.306069e-02,8.861424e-02,7.263689e-01,1.334976e-02,1.575766e-03,2.138814e-03
3.739374e-02,5.422876e-03,1.962925e-03,9.579416e-03,8.376715e-03,1.314571e-02,6.945949e-04,2.842969e-03,4.911865e-02,3.198683e-02,8.208232e-02,7.430094e-01,1.052081e-02,1.322268e-03,2.540783e-03
2.948756e-02,4.665621e-03,1.479837e-03,7.539531e-03,7.756205e-03,1.138608e-02,5.291084e-04,2.201500e-03,3.937756e-02,2.334832e-02,7.271665e-02,7.877915e-01,8.507690e-03,1.108889e-03,2.103964e-03
4.311774e-02,5.255119e-03,1.991258e-03,1.203431e-02,2.902126e-02,1.134762e-02,9.924893e-04,1.080074e-02,5.367723e-02,1.804404e-02,6.909427e-02,7.337688e-01,7.190017e-03,1.114628e-03,2.550426e-03
4.351570e-02,4.445991e-03,1.860592e-03,1.107660e-02,5.682804e-02,1.001682e-02,2.300551e-03,1.306022e-02,5.138461e-02,1.295617e-02,5.648284e-02,7.276308e-01,5.456176e-03,9.887029e-04,1.996170e-03
3.203880e-02,3.891563e-03,1.640787e-03,7.946859e-03,1.173743e-01,7.749128e-03,2.052878e-03,1.028751e-02,4.702568e-02,9.278491e-03,4.759936e-02,7.063826e-01,4.367323e-03,8.824804e-04,1.482264e-03
2.395936e-02,3.111213e-03,1.820360e-03,5.699221e-03,1.517062e-01,1.028530e-02,1.026077e-02,9.845739e-03,3.860895e-02,6.607102e-03,3.665346e-02,6.957405e-01,3.819590e-03,7.744208e-04,1.107722e-03
1.912394e-02,2.575793e-03,1.994203e-03,4.073733e-03,2.060736e-01,1.011251e-02,1.874144e-02,9.138130e-03,3.282347e-02,4.696754e-03,3.037911e-02,6.552664e-01,3.502677e-03,6.826249e-04,8.155822e-04
1.788461e-02,2.602526e-03,3.765017e-03,2.966235e-03,2.351477e-01,9.340656e-03,2.001812e-02,1.575451e-02,3.597075e-02,3.548135e-03,2.428282e-02,6.236523e-01,3.779245e-03,6.489387e-04,6.383838e-04
1.735867e-02,2.340455e-03,1.295772e-02,3.223992e-03,2.632480e-01,1.467049e-02,2.435747e-02,9.918989e-02,3.939834e-02,3.187990e-03,1.846624e-02,4.968737e-01,3.517519e-03,7.179108e-04,4.915779e-04
2.260899e-02,2.031040e-03,3.801673e-02,5.688158e-03,2.706189e-01,2.565689e-02,3.738814e-02,1.591880e-01,3.430753e-02,3.085387e-03,1.459146e-02,3.824769e-01,3.233801e-03,7.338781e-04,3.742706e-04
3.737454e-02,2.845172e-03,4.218207e-02,4.299728e-03,3.670094e-01,3.800271e-02,2.773464e-02,1.259405e-01,2.796173e-02,3.355341e-03,3.328282e-02,2.849233e-01,3.417299e-03,1.287123e-03,3.836433e-04
3.920987e-02,3.072144e-03,4.207074e-02,3.327681e-03,4.585306e-01,3.246656e-02,2.068104e-02,9.660288e-02,2.249438e-02,3.472549e-03,5.493405e-02,2.174303e-01,3.515545e-03,1.841895e-03,3.498254e-04
5.174550e-02,4.225834e-03,4.920155e-02,3.021091e-03,5.206399e-01,2.583430e-02,1.482194e-02,8.199460e-02,1.962884e-02,4.653988e-03,5.831414e-02,1.585340e-01,3.242214e-03,3.774979e-03,3.672019e-04
7.320081e-02,5.639132e-03,5.870115e-02,8.613585e-03,4.983386e-01,2.364133e-02,1.116404e-02,8.397990e-02,2.864821e-02,1.206709e-02,6.512377e-02,1.202319e-01,3.264113e-03,6.967299e-03,4.191289e-04
8.526681e-02,5.239072e-03,4.970928e-02,9.094982e-03,4.381676e-01,2.085889e-02,8.125517e-03,6.245659e-02,3.453369e-02,1.663248e-02,1.539735e-01,1.028114e-01,3.557810e-03,9.169474e-03,4.029118e-04
8.747225e-02,4.707740e-03,3.715080e-02,8.752948e-03,3.398733e-01,1.612535e-02,5.850535e-03,4.690923e-02,3.183946e-02,1.362033e-02,3.196356e-01,7.690220e-02,2.969213e-03,7.776754e-03,4.142529e-04
1.008684e-01,3.885060e-03,2.765083e-02,8.142450e-03,2.646776e-01,1.216897e-02,4.212640e-03,3.405244e-02,3.397124e-02,1.472202e-02,4.226521e-01,6.241922e-02,2.829699e-03,7.205115e-03,5.422558e-04
1.991862e-01,3.875775e-03,2.048822e-02,1.531003e-02,2.038723e-01,1.034153e-02,3.401666e-03,3.001113e-02,3.888881e-02,1.648967e-02,3.828516e-01,6.238699e-02,4.063429e-03,7.441264e-03,1.391476e-03
3.139145e-01,3.776507e-03,1.759314e-02,3.288566e-02,1.473610e-01,1.209109e-02,3.714981e-03,2.989553e-02,3.197195e-02,1.540536e-02,2.780803e-01,9.668098e-02,7.821278e-03,6.461332e-03,2.346403e-03
2.388414e-01,4.040244e-03,1.367751e-02,1.472507e-01,1.040054e-01,1.202916e-02,2.809255e-03,2.162334e-02,2.368068e-02,1.141288e-02,2.046276e-01,1.859077e-01,2.318119e-02,4.644818e-03,2.268079e-03
1.868772e-01,3.110820e-03,1.158630e-02,1.086161e-01,7.682820e-02,1.425034e-02,3.655674e-03,2.828658e-02,2.509053e-02,8.218142e-03,2.083988e-01,1.993956e-01,1.204115e-01,3.349616e-03,1.924601e-03
1.677662e-01,2.730005e-03,9.973779e-03,8.235862e-02,6.023612e-02,2.505192e-02,5.690749e-03,2.319863e-02,5.137054e-02,6.074144e-03,1.897984e-01,2.329081e-01,1.381802e-01,2.499661e-03,2.162918e-03
1.220248e-01,2.521252e-03,7.307754e-03,6.634115e-02,4.664663e-02,6.578721e-02,6.169997e-03,2.081255e-02,9.346436e-02,4.380364e-03,1.690763e-01,2.543465e-01,1.373489e-01,1.835426e-03,1.936830e-03
8.814332e-02,1.947775e-03,5.532277e-03,5.751814e-02,3.562522e-02,1.238644e-01,4.750332e-03,1.514778e-02,7.620949e-02,3.245203e-03,1.308581e-01,3.148594e-01,1.390817e-01,1.463406e-03,1.753442e-03
6.289671e-02,1.783367e-03,4.551796e-03,4.743662e-02,3.371955e-02,1.027056e-01,3.471291e-03,1.103222e-02,8.507247e-02,2.548630e-03,1.225429e-01,3.953748e-01,1.237046e-01,1.401044e-03,1.758303e-03
4.500239e-02,1.761629e-03,3.844579e-03,3.592012e-02,2.600668e-02,1.057473e-01,2.698245e-03,8.607945e-03,6.654965e-02,2.328100e-03,8.952650e-02,4.962544e-01,1.127017e-01,1.458858e-03,1.591872e-03
3.257461e-02,1.388881e-03,3.019394e-03,2.572643e-02,2.933671e-02,8.161923e-02,2.202845e-03,7.398250e-03,5.196965e-02,1.969232e-03,6.984129e-02,5.949121e-01,9.548312e-02,1.255739e-03,1.302547e-03
2.400068e-02,1.209502e-03,2.849863e-03,1.820971e-02,2.507760e-02,6.460802e-02,1.896459e-03,7.757351e-03,3.818271e-02,1.669999e-03,5.195218e-02,6.860433e-01,7.446094e-02,1.063265e-03,1.018405e-03
2.129630e-02,1.658611e-03,3.251131e-03,1.416975e-02,1.888354e-02,5.973825e-02,1.646488e-03,1.058040e-02,2.881818e-02,2.726936e-03,4.148113e-02,7.209989e-01,7.096919e-02,2.670093e-03,1.111065e-03
2.167368e-02,1.887343e-03,4.424265e-03,1.729213e-02,1.593329e-02,7.002074e-02,1.751651e-03,1.342733e-02,2.494953e-02,4.433160e-03,4.491541e-02,6.970613e-01,7.428022e-02,6.116632e-03,1.833332e-03
1.944231e-02,1.618590e-03,3.531022e-03,1.308710e-02,1.238899e-02,6.600859e-02,1.403929e-03,1.014652e-02,1.838816e-02,4.114299e-03,4.303111e-02,7.281773e-01,7.238534e-02,4.702324e-03,1.574417e-03
2.368280e-02,1.586318e-03,3.079303e-03,9.845408e-03,1.022428e-02,5.433021e-02,1.135852e-03,8.072199e-03,1.359181e-02,4.012180e-03,3.580291e-02,7.589496e-01,6.980072e-02,4.318100e-03,1.568246e-03
4.654073e-02,3.271346e-03,5.078430e-03,7.761162e-03,1.665240e-02,4.979352e-02,1.746792e-03,8.014619e-03,1.296400e-02,3.925706e-03,3.015717e-02,7.495333e-01,5.844051e-02,4.186388e-03,1.933887e-03
1.430058e-01,7.105616e-03,5.859507e-03,7.038895e-03,2.848227e-02,4.309055e-02,4.053615e-03,9.805992e-03,1.655979e-02,3.459356e-03,2.412324e-02,6.527835e-01,4.800095e-02,3.451700e-03,3.179174e-03
2.222619e-01,3.636643e-02,1.786285e-02,4.061215e-02,4.033147e-02,4.720856e-02,5.010075e-03,1.076077e-02,1.741552e-02,3.946970e-03,1.879044e-02,4.912729e-01,3.782552e-02,2.927662e-03,7.406740e-03
2.741387e-01,4.094505e-02,4.492246e-02,1.063391e-01,4.698138e-02,3.947879e-02,6.534587e-03,1.058483e-02,1.508075e-02,4.014905e-03,1.466769e-02,3.571069e-01,2.804376e-02,2.436104e-03,8.725001e-03
3.456115e-01,3.746158e-02,4.813159e-02,8.594489e-02,7.059951e-02,4.139211e-02,1.403707e-02,1.070487e-02,1.747238e-02,3.594300e-03,1.171665e-02,2.790925e-01,2.240727e-02,2.483239e-03,9.350488e-03
3.479216e-01,3.761305e-02,3.557985e-02,6.230825e-02,7.010593e-02,4.009638e-02,2.068308e-02,1.376554e-02,2.272356e-02,3.209616e-03,8.988029e-03,2.891723e-01,3.804778e-02,1.996057e-03,7.788918e-03
3.180243e-01,3.807551e-02,2.602923e-02,4.781905e-02,6.291659e-02,3.611584e-02,1.916969e-02,1.104039e-02,2.770668e-02,3.196052e-03,8.858713e-03,3.343922e-01,5.545516e-02,1.829340e-03,9.371202e-03
3.090024e-01,1.167094e-01,2.510549e-02,8.407150e-02,5.474247e-02,2.897293e-02,1.452341e-02,1.964390e-02,2.441504e-02,3.704043e-03,8.194269e-03,2.405336e-01,4.625892e-02,1.814803e-03,2.230784e-02
3.210775e-01,9.706125e-02,4.402240e-02,8.455887e-02,5.666941e-02,2.530595e-02,1.361165e-02,4.129712e-02,2.375624e-02,2.896665e-03,6.820208e-03,1.790643e-01,8.244717e-02,1.657509e-03,1.975369e-02
2.663915e-01,7.114106e-02,3.483476e-02,6.565270e-02,4.893086e-02,2.116645e-02,1.124037e-02,2.249154e-01,2.152927e-02,2.086289e-03,5.112727e-03,1.302228e-01,8.112424e-02,1.319744e-03,1.433187e-02
1.914455e-01,5.029032e-02,2.506991e-02,4.642615e-02,3.549284e-02,1.515208e-02,8.025130e-03,4.468306e-01,1.558394e-02,1.492348e-03,3.637644e-03,9.126706e-02,5.827906e-02,9.442152e-04,1.006309e-02
1.361974e-01,3.537948e-02,1.805567e-02,3.269687e-02,2.522232e-02,1.074339e-02,5.673309e-03,6.088485e-01,1.097162e-02,1.050576e-03,2.560632e-03,6.389636e-02,4.098348e-02,6.659389e-04,7.054446e-03
9.705377e-02,2.482072e-02,1.277206e-02,2.300255e-02,1.786715e-02,7.669586e-03,4.025454e-03,7.235688e-01,7.703278e-03,7.422470e-04,1.807163e-03,4.473976e-02,2.880602e-02,4.698777e-04,4.951452e-03
7.292642e-02,1.745110e-02,9.042948e-03,1.621997e-02,1.289180e-02,5.614718e-03,2.903130e-03,8.001691e-01,5.504900e-03,5.273542e-04,1.305428e-03,3.137695e-02,2.021907e-02,3.438913e-04,3.503171e-03
5.883464e-02,1.231452e-02,6.439180e-03,1.152800e-02,9.540506e-03,4.250238e-03,2.143618e-03,8.504146e-01,4.085905e-03,3.774843e-04,9.758171e-04,2.210303e-02,1.422557e-02,2.585243e-04,2.508312e-03
5.326808e-02,8.681669e-03,4.645801e-03,8.296909e-03,6.955441e-03,3.756900e-03,1.734153e-03,8.805387e-01,3.032048e-03,2.710014e-04,8.196945e-04,1.578011e-02,1.019114e-02,2.084526e-04,1.819803e-03
5.037061e-02,6.197345e-03,3.437439e-03,6.048908e-03,5.173505e-03,3.159382e-03,1.390282e-03,9.010803e-01,2.243376e-03,2.031701e-04,6.983517e-04,1.118577e-02,7.246387e-03,1.759933e-04,1.389113e-03
5.331993e-02,4.453127e-03,2.565367e-03,4.364679e-03,3.847416e-03,3.204010e-03,1.271458e-03,9.100286e-01,1.707268e-03,1.534451e-04,6.288601e-04,8.001498e-03,5.225733e-03,1.496709e-04,1.078811e-03
2.015522e-01,3.363921e-03,2.171111e-03,3.612684e-03,3.115107e-03,1.083085e-02,1.452708e-03,7.549284e-01,1.516213e-03,1.562916e-04,1.105700e-03,7.797158e-03,6.888676e-03,2.582004e-04,1.250821e-03
3.139577e-01,2.871683e-03,1.917690e-03,3.511687e-03,2.588809e-03,1.743043e-02,1.962894e-03,6.000453e-01,2.121727e-03,2.566944e-04,3.021024e-03,2.107718e-02,2.534845e-02,8.834546e-04,3.005280e-03
2.614004e-01,1.095305e-02,3.382130e-03,1.916471e-02,2.832573e-03,1.670305e-02,1.691876e-03,4.235016e-01,2.164795e-02,1.092924e-02,1.051283e-02,7.757719e-02,5.334532e-02,2.456798e-03,8.390139e-02
2.069989e-01,1.625038e-02,6.470067e-03,5.744946e-02,2.362673e-03,1.281480e-02,1.516256e-03,2.981219e-01,5.236281e-02,1.043236e-02,1.362869e-02,8.087944e-02,7.012195e-02,3.858723e-03,1.667316e-01
1.683864e-01,1.747280e-02,8.885911e-03,6.102525e-02,2.682708e-03,1.033228e-02,1.452039e-03,2.098196e-01,5.720609e-02,9.079180e-03,1.859193e-02,7.433991e-02,8.834922e-02,2.037263e-02,2.520040e-01
1.932788e-01,1.608887e-02,9.464274e-03,5.201121e-02,3.664798e-03,1.729489e-02,2.201293e-03,1.478756e-01,6.824231e-02,7.103665e-03,2.240683e-02,1.311102e-01,1.066483e-01,2.718118e-02,1.954277e-01
2.015618e-01,1.250151e-02,8.139575e-03,4.137966e-02,4.378937e-03,1.713488e-02,2.139024e-03,1.044881e-01,6.058217e-02,5.884770e-03,2.571544e-02,1.666136e-01,1.654350e-01,3.773678e-02,1.463086e-01
1.484898e-01,9.466155e-03,6.328902e-03,2.963376e-02,3.672620e-03,1.405973e-02,1.781782e-03,7.333482e-02,4.917740e-02,7.316242e-03,2.452813e-02,2.256027e-01,2.617055e-01,3.764009e-02,1.072624e-01
1.085802e-01,9.017987e-03,5.944271e-03,2.108164e-02,3.365349e-03,1.132468e-02,1.751169e-03,5.286544e-02,6.248073e-02,9.038140e-03,2.155892e-02,3.011152e-01,2.844772e-01,2.824278e-02,7.915635e-02
7.931309e-02,4.850784e-02,8.444175e-03,1.493708e-02,2.921356e-03,8.398933e-03,1.304410e-03,3.738353e-02,6.403533e-02,1.430403e-02,2.098284e-02,2.553684e-01,3.452658e-01,2.604703e-02,7.278616e-02
5.614553e-02,5.618250e-02,3.853612e-02,1.135865e-02,4.625141e-03,6.212142e-03,1.067965e-03,2.904175e-02,6.796750e-02,1.592691e-02,2.017542e-02,1.994460e-01,3.294907e-01,3.867193e-02,1.251518e-01
3.966117e-02,6.907395e-02,3.068995e-02,8.158300e-03,4.272604e-03,4.543089e-03,7.913637e-04,2.080799e-02,8.294639e-02,1.478159e-02,3.424655e-02,1.453821e-01,2.521197e-01,4.837823e-02,2.441470e-01
