1.000000e+00,0.000000e+00,0.000000e+00,0.000000e+00,0.000000e+00,0.000000e+00,0.000000e+00,0.000000e+00,0.000000e+00,0.000000e+00,0.000000e+00,0.000000e+00,0.000000e+00,0.000000e+00,0.000000e+00
1.000000e+00,0.000000e+00,0.000000e+00,0.000000e+00,0.000000e+00,0.000000e+00,0.000000e+00,0.000000e+00,0.000000e+00,0.000000e+00,0.000000e+00,0.000000e+00,0.000000e+00,0.000000e+00,0.000000e+00
1.000000e+00,0.000000e+00,0.000000e+00,0.000000e+00,0.000000e+00,0.000000e+00,0.000000e+00,0.000000e+00,0.000000e+00,0.000000e+00,0.000000e+00,0.000000e+00,0.000000e+00,0.000000e+00,0.000000e+00
1.000000e+00,0.000000e+00,0.000000e+00,0.000000e+00,0.000000e+00,0.000000e+00,0.000000e+00,0.000000e+00,0.000000e+00,0.000000e+00,0.000000e+00,0.000000e+00,0.000000e+00,0.000000e+00,0.000000e+00
1.000000e+00,0.000000e+00,0.000000e+00,0.000000e+00,0.000000e+00,0.000000e+00,0.000000e+00,0.000000e+00,0.000000e+00,0.000000e+00,0.000000e+00,0.000000e+00,0.000000e+00,0.000000e+00,0.000000e+00
1.000000e+00,0.000000e+00,0.000000e+00,0.000000e+00,0.000000e+00,0.000000e+00,0.000000e+00,0.000000e+00,0.000000e+00,0.000000e+00,0.000000e+00,0.000000e+00,0.000000e+00,0.000000e+00,0.000000e+00
1.000000e+00,0.000000e+00,0.000000e+00,0.000000e+00,0.000000e+00,0.000000e+00,0.000000e+00,0.000000e+00,0.000000e+00,0.000000e+00,0.000000e+00,0.000000e+00,0.000000e+00,0.000000e+00,0.000000e+00
1.000000e+00,0.000000e+00,0.000000e+00,0.000000e+00,0.000000e+00,0.000000e+00,0.000000e+00,0.000000e+00,0.000000e+00,0.000000e+00,0.000000e+00,0.000000e+00,0.000000e+00,0.000000e+00,0.000000e+00
1.000000e+00,0.000000e+00,0.000000e+00,0.000000e+00,0.000000e+00,0.000000e+00,0.000000e+00,0.000000e+00,0.000000e+00,0.000000e+00,0.000000e+00,0.000000e+00,0.000000e+00,0.000000e+00,0.000000e+00
1.000000e+00,0.000000e+00,0.000000e+00,0.000000e+00,0.000000e+00,0.000000e+00,0.000000e+00,0.000000e+00,0.000000e+00,0.000000e+00,0.000000e+00,0.000000e+00,0.000000e+00,0.000000e+00,0.000000e+00
1.000000e+00,0.000000e+00,0.000000e+00,0.000000e+00,0.000000e+00,0.000000e+00,0.000000e+00,0.000000e+00,0.000000e+00,0.000000e+00,0.000000e+00,0.000000e+00,0.000000e+00,0.000000e+00,0.000000e+00
1.000000e+00,0.000000e+00,0.000000e+00,0.000000e+00,0.000000e+00,0.000000e+00,0.000000e+00,0.000000e+00,0.000000e+00,0.000000e+00,0.000000e+00,0.000000e+00,0.000000e+00,0.000000e+00,0.000000e+00
1.000000e+00,0.000000e+00,0.000000e+00,0.000000e+00,0.000000e+00,0.000000e+00,0.000000e+00,0.000000e+00,0.000000e+00,0.000000e+00,0.000000e+00,0.000000e+00,0.000000e+00,0.000000e+00,0.000000e+00
1.000000e+00,0.000000e+00,0.000000e+00,0.000000e+00,0.000000e+00,0.000000e+00,0.000000e+00,0.000000e+00,0.000000e+00,0.000000e+00,0.000000e+00,0.000000e+00,0.000000e+00,0.000000e+00,0.000000e+00
1.000000e+00,0.000000e+00,0.000000e+00,0.000000e+00,0.000000e+00,0.000000e+00,0.000000e+00,0.000000e+00,0.000000e+00,0.000000e+00,0.000000e+00,0.000000e+00,0.000000e+00,0.000000e+00,0.000000e+00
1.000000e+00,0.000000e+00,0.000000e+00,0.000000e+00,0.000000e+00,0.000000e+00,0.000000e+00,0.000000e+00,0.000000e+00,0.000000e+00,0.000000e+00,0.000000e+00,0.000000e+00,0.000000e+00,0.000000e+00
1.000000e+00,0.000000e+00,0.000000e+00,0.000000e+00,0.000000e+00,0.000000e+00,0.000000e+00,0.000000e+00,0.000000e+00,0.000000e+00,0.000000e+00,0.000000e+00,0.000000e+00,0.000000e+00,0.000000e+00
1.000000e+00,0.000000e+00,0.000000e+00,0.000000e+00,0.000000e+00,0.000000e+00,0.000000e+00,0.000000e+00,0.000000e+00,0.000000e+00,0.000000e+00,0.000000e+00,0.000000e+00,0.000000e+00,0.000000e+00
1.000000e+00,0.000000e+00,0.000000e+00,0.000000e+00,0.000000e+00,0.000000e+00,0.000000e+00,0.000000e+00,0.000000e+00,0.000000e+00,0.000000e+00,0.000000e+00,0.000000e+00,0.000000e+00,0.000000e+00
1.000000e+00,0.000000e+00,0.000000e+00,0.000000e+00,0.000000e+00,0.000000e+00,0.000000e+00,0.000000e+00,0.000000e+00,0.000000e+00,0.000000e+00,0.000000e+00,0.000000e+00,0.000000e+00,0.000000e+00
1.000000e+00,0.000000e+00,0.000000e+00,0.000000e+00,0.000000e+00,0.000000e+00,0.000000e+00,0.000000e+00,0.000000e+00,0.000000e+00,0.000000e+00,0.000000e+00,0.000000e+00,0.000000e+00,0.000000e+00
1.000000e+00,0.000000e+00,0.000000e+00,0.000000e+00,0.000000e+00,0.000000e+00,0.000000e+00,0.000000e+00,0.000000e+00,0.000000e+00,0.000000e+00,0.000000e+00,0.000000e+00,0.000000e+00,0.000000e+00
1.000000e+00,0.000000e+00,0.000000e+00,0.000000e+00,0.000000e+00,0.000000e+00,0.000000e+00,0.000000e+00,0.000000e+00,0.000000e+00,0.000000e+00,0.000000e+00,0.000000e+00,0.000000e+00,0.000000e+00
1.000000e+00,0.000000e+00,0.000000e+00,0.000000e+00,0.000000e+00,0.000000e+00,0.000000e+00,0.000000e+00,0.000000e+00,0.000000e+00,0.000000e+00,0.000000e+00,0.000000e+00,0.000000e+00,0.000000e+00
1.000000e+00,0.000000e+00,0.000000e+00,0.000000e+00,0.000000e+00,0.000000e+00,0.000000e+00,0.000000e+00,0.000000e+00,0.000000e+00,0.000000e+00,0.000000e+00,0.000000e+00,0.000000e+00,0.000000e+00
1.000000e+00,0.000000e+00,0.000000e+00,0.000000e+00,0.000000e+00,0.000000e+00,0.000000e+00,0.000000e+00,0.000000e+00,0.000000e+00,0.000000e+00,0.000000e+00,0.000000e+00,0.000000e+00,0.000000e+00
1.000000e+00,0.000000e+00,0.000000e+00,0.000000e+00,0.000000e+00,0.000000e+00,0.000000e+00,0.000000e+00,0.000000e+00,0.000000e+00,0.000000e+00,0.000000e+00,0.000000e+00,0.000000e+00,0.000000e+00
1.000000e+00,0.000000e+00,0.000000e+00,0.000000e+00,0.000000e+00,0.000000e+00,0.000000e+00,0.000000e+00,0.000000e+00,0.000000e+00,0.000000e+00,0.000000e+00,0.000000e+00,0.000000e+00,0.000000e+00
1.000000e+00,0.000000e+00,0.000000e+00,0.000000e+00,0.000000e+00,0.000000e+00,0.000000e+00,0.000000e+00,0.000000e+00,0.000000e+00,0.000000e+00,0.000000e+00,0.000000e+00,0.000000e+00,0.000000e+00
1.000000e+00,0.000000e+00,0.000000e+00,0.000000e+00,0.000000e+00,0.000000e+00,0.000000e+00,0.000000e+00,0.000000e+00,0.000000e+00,0.000000e+00,0.000000e+00,0.000000e+00,0.000000e+00,0.000000e+00
1.000000e+00,0.000000e+00,0.000000e+00,0.000000e+00,0.000000e+00,0.000000e+00,0.000000e+00,0.000000e+00,0.000000e+00,0.000000e+00,0.000000e+00,0.000000e+00,0.000000e+00,0.000000e+00,0.000000e+00
1.000000e+00,0.000000e+00,0.000000e+00,0.000000e+00,0.000000e+00,0.000000e+00,0.000000e+00,0.000000e+00,0.000000e+00,0.000000e+00,0.000000e+00,0.000000e+00,0.000000e+00,0.000000e+00,0.000000e+00
1.000000e+00,0.000000e+00,0.000000e+00,0.000000e+00,0.000000e+00,0.000000e+00,0.000000e+00,0.000000e+00,0.000000e+00,0.000000e+00,0.000000e+00,0.000000e+00,0.000000e+00,0.000000e+00,0.000000e+00
1.000000e+00,0.000000e+00,0.000000e+00,0.000000e+00,0.000000e+00,0.000000e+00,0.000000e+00,0.000000e+00,0.000000e+00,0.000000e+00,0.000000e+00,0.000000e+00,0.000000e+00,0.000000e+00,0.000000e+00
1.000000e+00,0.000000e+00,0.000000e+00,0.000000e+00,0.000000e+00,0.000000e+00,0.000000e+00,0.000000e+00,0.000000e+00,0.000000e+00,0.000000e+00,0.000000e+00,0.000000e+00,0.000000e+00,0.000000e+00
1.000000e+00,0.000000e+00,0.000000e+00,0.000000e+00,0.000000e+00,0.000000e+00,0.000000e+00,0.000000e+00,0.000000e+00,0.000000e+00,0.000000e+00,0.000000e+00,0.000000e+00,0.000000e+00,0.000000e+00
4.570634e-01,4.751670e-02,4.148610e-02,2.052369e-01,1.710127e-02,3.211511e-02,1.260165e-02,3.431666e-02,1.962898e-02,3.427055e-03,1.077346e-02,5.343478e-02,2.296602e-02,2.409392e-03,3.992248e-02
4.395456e-01,5.305909e-02,5.172347e-02,2.079899e-01,1.951595e-02,3.090823e-02,1.129411e-02,3.185473e-02,1.953506e-02,3.316551e-03,1.371038e-02,5.222058e-02,2.229769e-02,3.076668e-03,3.995203e-02
4.954786e-01,5.564007e-02,4.081112e-02,1.781363e-01,2.017789e-02,2.793259e-02,9.522834e-03,2.549244e-02,1.894799e-02,3.002504e-03,1.430714e-02,4.568622e-02,2.279259e-02,4.181291e-03,3.789053e-02
4.063997e-01,6.026889e-02,4.376066e-02,2.780211e-01,2.107914e-02,2.458012e-02,8.098799e-03,2.595982e-02,1.609049e-02,2.504444e-03,1.371871e-02,4.253606e-02,2.013976e-02,3.745098e-03,3.309724e-02
3.791015e-01,5.255496e-02,8.158079e-02,2.865453e-01,2.275746e-02,2.242873e-02,7.518661e-03,3.013482e-02,1.335019e-02,2.279846e-03,1.408203e-02,3.819482e-02,1.776265e-02,3.274226e-03,2.843410e-02
3.741058e-01,4.569203e-02,1.307431e-01,2.691198e-01,1.993120e-02,2.026317e-02,6.502150e-03,2.869889e-02,1.091093e-02,2.128642e-03,1.305387e-02,3.357301e-02,1.623086e-02,2.862256e-03,2.618442e-02
1.000000e+00,0.000000e+00,0.000000e+00,0.000000e+00,0.000000e+00,0.000000e+00,0.000000e+00,0.000000e+00,0.000000e+00,0.000000e+00,0.000000e+00,0.000000e+00,0.000000e+00,0.000000e+00,0.000000e+00
1.000000e+00,0.000000e+00,0.000000e+00,0.000000e+00,0.000000e+00,0.000000e+00,0.000000e+00,0.000000e+00,0.000000e+00,0.000000e+00,0.000000e+00,0.000000e+00,0.000000e+00,0.000000e+00,0.000000e+00
1.000000e+00,0.000000e+00,0.000000e+00,0.000000e+00,0.000000e+00,0.000000e+00,0.000000e+00,0.000000e+00,0.000000e+00,0.000000e+00,0.000000e+00,0.000000e+00,0.000000e+00,0.000000e+00,0.000000e+00
1.000000e+00,0.000000e+00,0.000000e+00,0.000000e+00,0.000000e+00,0.000000e+00,0.000000e+00,0.000000e+00,0.000000e+00,0.000000e+00,0.000000e+00,0.000000e+00,0.000000e+00,0.000000e+00,0.000000e+00
1.000000e+00,0.000000e+00,0.000000e+00,0.000000e+00,0.000000e+00,0.000000e+00,0.000000e+00,0.000000e+00,0.000000e+00,0.000000e+00,0.000000e+00,0.000000e+00,0.000000e+00,0.000000e+00,0.000000e+00
1.000000e+00,0.000000e+00,0.000000e+00,0.000000e+00,0.000000e+00,0.000000e+00,0.000000e+00,0.000000e+00,0.000000e+00,0.000000e+00,0.000000e+00,0.000000e+00,0.000000e+00,0.000000e+00,0.000000e+00
1.000000e+00,0.000000e+00,0.000000e+00,0.000000e+00,0.000000e+00,0.000000e+00,0.000000e+00,0.000000e+00,0.000000e+00,0.000000e+00,0.000000e+00,0.000000e+00,0.000000e+00,0.000000e+00,0.000000e+00
1.000000e+00,0.000000e+00,0.000000e+00,0.000000e+00,0.000000e+00,0.000000e+00,0.000000e+00,0.000000e+00,0.000000e+00,0.000000e+00,0.000000e+00,0.000000e+00,0.000000e+00,0.000000e+00,0.000000e+00
1.000000e+00,0.000000e+00,0.000000e+00,0.000000e+00,0.000000e+00,0.000000e+00,0.000000e+00,0.000000e+00,0.000000e+00,0.000000e+00,0.000000e+00,0.000000e+00,0.000000e+00,0.000000e+00,0.000000e+00
4.599198e-01,1.596770e-02,2.927548e-02,2.684113e-01,6.489978e-03,2.612366e-02,3.046564e-03,1.647950e-02,6.040500e-03,1.836104e-03,4.358836e-02,7.380743e-02,3.574602e-02,1.550282e-03,1.171743e-02
3.235537e-01,1.146944e-02,2.087808e-02,2.867316e-01,4.876520e-03,1.980640e-02,2.169816e-03,1.159769e-02,4.588543e-03,5.375517e-03,1.078350e-01,1.226815e-01,6.874333e-02,1.231559e-03,8.461267e-03
2.275809e-01,8.103636e-03,1.472456e-02,2.149792e-01,3.712087e-03,1.441814e-02,1.574899e-03,8.196755e-03,4.029791e-03,7.148572e-03,2.693809e-01,1.333543e-01,8.332583e-02,2.535993e-03,6.934424e-03
1.601283e-01,5.744841e-03,1.067378e-02,1.566423e-01,4.054098e-03,1.633708e-02,1.321041e-03,5.982904e-03,7.566475e-03,6.887272e-03,3.386265e-01,1.534251e-01,1.225334e-01,4.224461e-03,5.852471e-03
1.132326e-01,4.200116e-03,7.988875e-03,1.173294e-01,3.865596e-03,8.509032e-02,1.348723e-03,4.625404e-03,1.303235e-02,5.379210e-03,2.463452e-01,2.550896e-01,1.339041e-01,3.082497e-03,5.486113e-03
8.064043e-02,3.154589e-03,6.024166e-03,8.973547e-02,3.721554e-03,2.247683e-01,1.402046e-03,3.978011e-03,1.517170e-02,4.032372e-03,1.750099e-01,2.471466e-01,1.385444e-01,2.258294e-03,4.412175e-03
5.693510e-02,2.294431e-03,4.582369e-03,6.898446e-02,5.769531e-03,3.175614e-01,1.796461e-03,4.298375e-03,2.113613e-02,3.125411e-03,1.242713e-01,2.674937e-01,1.168295e-01,1.608671e-03,3.313140e-03
4.033105e-02,1.689568e-03,3.649165e-03,5.530367e-02,8.164739e-03,2.809926e-01,1.927231e-03,3.680545e-03,3.335257e-02,2.764370e-03,8.965497e-02,3.813881e-01,9.328572e-02,1.218455e-03,2.597193e-03
2.842604e-02,1.485949e-03,3.091936e-03,3.958964e-02,7.413510e-03,2.115850e-01,1.938122e-03,3.792577e-03,4.386256e-02,2.603412e-03,6.333692e-02,5.084826e-01,8.101665e-02,1.090966e-03,2.284120e-03
2.010874e-02,1.265515e-03,2.389029e-03,2.790831e-02,5.622136e-03,1.601003e-01,1.570687e-03,3.309230e-03,3.592861e-02,2.294196e-03,4.458858e-02,6.222517e-01,7.018909e-02,7.929367e-04,1.680899e-03
1.514235e-02,2.952993e-03,1.090439e-02,2.455774e-02,4.940418e-03,1.286019e-01,1.411953e-03,5.349457e-03,3.312214e-02,3.187966e-03,3.183799e-02,6.772584e-01,5.669156e-02,1.771156e-03,2.269523e-03
1.348203e-02,3.799608e-03,8.794507e-03,1.941774e-02,4.588785e-03,1.063661e-01,1.324390e-03,5.731962e-03,4.100981e-02,3.108105e-03,2.453747e-02,6.612166e-01,1.022061e-01,2.060063e-03,2.356767e-03
1.149295e-02,3.539921e-03,6.724544e-03,1.443706e-02,5.921552e-03,7.785535e-02,1.851474e-03,2.374018e-02,5.217236e-02,3.017660e-03,1.939125e-02,6.623701e-01,1.132876e-01,1.726307e-03,2.471655e-03
1.070821e-02,3.419660e-03,5.929851e-03,1.043334e-02,6.279814e-03,5.592422e-02,2.384521e-03,1.735925e-01,6.250943e-02,3.208288e-03,1.619464e-02,5.316421e-01,1.139611e-01,1.700672e-03,2.111729e-03
8.512085e-03,6.079311e-03,4.215183e-03,7.462806e-03,6.703412e-03,4.405094e-02,2.437805e-03,1.226986e-01,3.224075e-01,2.373999e-03,1.173989e-02,3.765892e-01,8.196218e-02,1.203294e-03,1.563720e-03
8.071158e-03,9.264316e-03,3.002405e-03,5.399174e-03,9.968733e-03,3.734678e-02,2.837453e-03,8.631071e-02,4.971921e-01,1.765244e-03,8.422708e-03,2.700182e-01,5.839001e-02,8.518683e-04,1.159225e-03
6.690700e-03,9.793382e-03,2.185297e-03,4.105397e-03,1.650797e-02,3.008268e-02,4.876508e-03,6.101211e-02,6.252886e-01,1.316329e-03,5.970450e-03,1.895154e-01,4.119797e-02,5.976985e-04,8.594387e-04
6.274914e-03,1.301444e-02,1.709073e-03,3.540577e-03,3.757012e-02,2.577148e-02,1.994454e-02,4.372157e-02,6.794974e-01,9.714846e-04,4.227356e-03,1.333595e-01,2.933232e-02,4.204700e-04,6.447218e-04
1.759362e-02,1.967363e-02,2.503854e-03,1.255061e-02,6.397869e-02,3.079706e-02,3.980345e-02,3.531745e-02,6.499999e-01,1.423514e-03,3.110531e-03,9.366003e-02,2.589534e-02,3.172731e-04,3.375135e-03
4.182725e-02,1.683209e-02,2.442139e-03,1.188404e-02,1.569083e-01,2.917061e-02,5.988803e-02,4.221051e-02,5.425836e-01,1.203767e-03,2.407628e-03,6.591110e-02,2.295955e-02,2.712736e-04,3.500058e-03
5.044399e-02,2.089023e-02,7.339576e-03,4.956690e-02,2.268085e-01,2.598632e-02,5.647567e-02,7.676667e-02,4.143424e-01,1.050826e-03,1.917823e-03,4.635494e-02,1.754634e-02,2.187850e-04,4.291019e-03
5.916774e-02,1.825594e-02,1.256370e-02,5.067227e-02,2.805158e-01,2.300067e-02,5.908389e-02,1.187281e-01,3.258520e-01,8.319361e-04,1.519476e-03,3.257758e-02,1.311035e-02,1.758738e-04,3.944694e-03
6.299418e-02,1.771320e-02,1.000916e-02,4.115131e-02,2.643261e-01,3.145657e-02,4.892755e-02,2.058474e-01,2.796806e-01,6.151392e-04,1.241265e-03,2.296364e-02,9.770171e-03,1.632811e-04,3.140509e-03
5.904711e-02,1.450988e-02,7.468007e-03,3.058949e-02,2.086430e-01,3.010937e-02,3.602591e-02,3.570969e-01,2.287522e-01,4.531383e-04,9.983570e-04,1.633579e-02,7.324598e-03,1.691483e-04,2.477199e-03
4.476020e-02,1.027555e-02,6.476103e-03,2.305186e-02,1.482288e-01,2.173802e-02,2.547956e-02,5.390542e-01,1.611524e-01,3.297071e-04,7.632190e-04,1.152690e-02,5.246755e-03,1.297020e-04,1.787123e-03
3.537752e-02,7.233961e-03,5.012854e-03,1.691670e-02,1.046274e-01,1.598563e-02,1.792850e-02,6.696910e-01,1.131670e-01,2.363242e-04,6.029083e-04,8.124379e-03,3.724856e-03,9.689069e-05,1.274199e-03
2.911854e-02,5.134474e-03,3.779102e-03,1.218791e-02,7.360173e-02,1.145978e-02,1.266221e-02,7.624984e-01,7.949691e-02,1.727978e-04,4.940639e-04,5.722682e-03,2.655089e-03,7.516328e-05,9.412320e-04
2.621187e-02,3.680940e-03,2.848066e-03,8.936852e-03,5.226247e-02,8.157448e-03,8.964809e-03,8.257042e-01,5.596305e-02,1.278646e-04,4.367142e-04,4.038222e-03,1.909926e-03,5.788586e-05,6.997127e-04
2.557360e-02,2.731603e-03,2.214802e-03,6.621866e-03,3.715565e-02,5.936521e-03,6.419837e-03,8.684855e-01,3.948666e-02,9.550336e-05,4.123882e-04,2.875717e-03,1.394738e-03,5.517116e-05,5.404911e-04
2.614217e-02,1.954223e-03,1.917161e-03,4.853556e-03,2.648646e-02,4.519194e-03,4.704106e-03,8.976468e-01,2.777163e-02,7.103762e-05,3.594480e-04,2.066464e-03,1.025730e-03,6.633683e-05,4.156819e-04
5.379505e-02,1.824403e-03,1.845180e-03,3.882859e-03,1.914780e-02,4.239097e-03,3.471852e-03,8.779848e-01,1.984393e-02,1.712891e-04,3.723414e-03,4.575165e-03,3.825112e-03,9.976909e-04,6.723384e-04
1.038679e-01,1.585030e-03,1.652818e-03,2.908697e-03,1.537036e-02,4.159761e-03,2.846422e-03,8.381360e-01,1.495059e-02,1.838873e-04,3.807180e-03,4.642816e-03,4.297238e-03,9.552840e-04,6.359842e-04
1.878716e-01,1.584435e-03,1.559857e-03,2.280461e-03,1.356868e-02,6.009365e-03,2.631328e-03,7.485031e-01,1.165675e-02,2.386797e-04,3.822115e-03,4.054119e-03,1.452470e-02,9.506488e-04,7.440238e-04
2.624472e-01,1.390613e-03,1.605968e-03,2.118587e-03,1.041425e-02,6.960812e-03,2.060612e-03,6.782362e-01,8.620618e-03,2.142884e-04,3.223206e-03,4.380541e-03,1.654628e-02,8.467665e-04,9.338750e-04
3.810010e-01,2.006467e-03,2.188991e-03,2.847989e-03,8.877202e-03,9.837798e-03,1.711086e-03,5.159105e-01,7.027996e-03,4.063339e-04,5.458858e-03,1.696778e-02,3.319011e-02,1.861410e-03,1.070632e-02
1.000000e+00,0.000000e+00,0.000000e+00,0.000000e+00,0.000000e+00,0.000000e+00,0.000000e+00,0.000000e+00,0.000000e+00,0.000000e+00,0.000000e+00,0.000000e+00,0.000000e+00,0.000000e+00,0.000000e+00
1.000000e+00,0.000000e+00,0.000000e+00,0.000000e+00,0.000000e+00,0.000000e+00,0.000000e+00,0.000000e+00,0.000000e+00,0.000000e+00,0.000000e+00,0.000000e+00,0.000000e+00,0.000000e+00,0.000000e+00
1.000000e+00,0.000000e+00,0.000000e+00,0.000000e+00,0.000000e+00,0.000000e+00,0.000000e+00,0.000000e+00,0.000000e+00,0.000000e+00,0.000000e+00,0.000000e+00,0.000000e+00,0.000000e+00,0.000000e+00
1.000000e+00,0.000000e+00,0.000000e+00,0.000000e+00,0.000000e+00,0.000000e+00,0.000000e+00,0.000000e+00,0.000000e+00,0.000000e+00,0.000000e+00,0.000000e+00,0.000000e+00,0.000000e+00,0.000000e+00
1.000000e+00,0.000000e+00,0.000000e+00,0.000000e+00,0.000000e+00,0.000000e+00,0.000000e+00,0.000000e+00,0.000000e+00,0.000000e+00,0.000000e+00,0.000000e+00,0.000000e+00,0.000000e+00,0.000000e+00
1.000000e+00,0.000000e+00,0.000000e+00,0.000000e+00,0.000000e+00,0.000000e+00,0.000000e+00,0.000000e+00,0.000000e+00,0.000000e+00,0.000000e+00,0.000000e+00,0.000000e+00,0.000000e+00,0.000000e+00
1.000000e+00,0.000000e+00,0.000000e+00,0.000000e+00,0.000000e+00,0.000000e+00,0.000000e+00,0.000000e+00,0.000000e+00,0.000000e+00,0.000000e+00,0.000000e+00,0.000000e+00,0.000000e+00,0.000000e+00
3.713781e-01,5.251531e-03,1.978865e-03,5.545370e-03,2.846814e-03,7.862957e-03,1.025457e-03,3.195937e-02,4.206995e-02,2.430848e-02,7.266288e-03,1.969996e-02,8.916043e-02,2.741691e-02,3.622295e-01
2.639889e-01,1.012277e-02,2.045196e-03,4.183714e-03,2.642532e-03,8.152856e-03,7.778219e-04,2.248065e-02,6.936467e-02,1.855856e-02,6.646890e-03,1.446646e-02,6.908907e-02,2.660802e-02,4.808719e-01
1.852842e-01,5.084372e-02,2.121591e-03,3.075310e-03,2.068683e-03,1.135633e-02,5.553015e-04,1.576727e-02,8.231439e-02,1.480300e-02,6.151269e-03,1.142392e-02,5.038557e-02,2.027286e-02,5.435766e-01
1.313491e-01,4.172394e-02,1.904403e-03,2.282907e-03,1.870435e-03,1.292745e-02,4.018139e-04,1.105567e-02,1.265963e-01,1.129708e-02,7.424484e-03,8.481225e-03,3.608833e-02,2.976861e-02,5.768284e-01
9.422523e-02,6.138796e-02,1.968064e-03,1.793470e-03,2.102529e-03,1.231760e-02,3.099780e-04,7.800413e-03,1.431991e-01,1.303985e-02,1.032431e-02,6.937299e-03,2.786886e-02,3.220373e-02,5.845217e-01
6.751870e-02,6.838786e-02,1.981052e-03,1.599126e-03,2.140484e-03,1.082362e-02,2.413801e-04,5.956281e-03,1.913016e-01,1.090043e-02,1.112383e-02,5.494514e-03,2.169196e-02,4.602460e-02,5.548147e-01
5.534950e-02,1.021362e-01,3.463860e-03,1.282315e-03,3.335699e-03,8.539926e-03,2.455731e-04,4.726684e-03,1.978961e-01,9.902330e-03,1.544503e-02,4.699742e-03,1.975089e-02,7.330908e-02,4.999172e-01
4.502983e-02,1.289063e-01,2.268405e-02,6.421680e-03,2.189974e-02,1.603350e-02,5.564833e-04,1.570574e-02,2.461968e-01,8.215152e-03,1.284537e-02,3.634451e-03,1.524641e-02,7.156020e-02,3.850643e-01
3.873060e-02,1.767468e-01,5.868351e-02,1.375981e-02,3.305216e-02,1.825218e-02,6.171957e-04,1.920098e-02,2.465858e-01,9.889323e-03,1.123200e-02,2.804558e-03,1.138685e-02,6.156968e-02,2.974885e-01
3.929479e-02,1.712750e-01,6.819886e-02,1.121363e-02,3.493429e-02,1.618377e-02,4.958079e-04,1.662576e-02,3.007999e-01,2.054427e-02,9.533022e-03,2.216051e-03,8.429826e-03,4.899736e-02,2.512576e-01
4.274607e-02,2.491148e-01,6.611284e-02,8.777965e-03,3.477358e-02,1.299905e-02,3.906923e-04,1.614203e-02,2.722273e-01,1.768963e-02,7.871299e-03,1.718493e-03,6.257662e-03,4.665563e-02,2.165229e-01
4.443297e-02,2.445592e-01,7.447373e-02,1.703463e-02,4.707284e-02,1.124521e-02,3.613679e-04,2.743875e-02,2.873660e-01,1.786759e-02,6.358130e-03,1.586885e-03,4.890488e-03,3.882277e-02,1.764895e-01
4.946482e-02,2.547956e-01,7.957171e-02,1.862075e-02,7.109012e-02,9.658275e-03,3.358122e-04,4.501279e-02,2.629976e-01,1.359614e-02,4.918136e-03,1.383364e-03,3.681953e-03,4.572651e-02,1.391465e-01
5.484549e-02,2.494673e-01,8.212511e-02,2.349416e-02,1.005329e-01,8.616548e-03,3.361889e-04,7.366112e-02,2.393134e-01,1.079845e-02,3.746360e-03,1.219387e-03,2.744953e-03,3.735919e-02,1.117394e-01
6.922162e-02,2.424554e-01,8.889218e-02,2.136908e-02,8.818789e-02,8.894803e-03,7.521513e-04,8.976874e-02,2.278081e-01,9.695886e-03,3.250832e-03,1.411351e-03,2.516227e-03,5.027346e-02,9.550236e-02
9.348007e-02,2.205258e-01,9.515466e-02,1.732690e-02,7.328028e-02,8.713068e-03,1.155555e-03,8.542161e-02,2.231978e-01,8.606336e-03,4.379500e-03,1.375041e-03,2.263960e-03,9.396353e-02,7.115592e-02
1.705597e-01,1.839845e-01,1.036087e-01,1.481208e-02,6.649745e-02,9.439381e-03,1.692677e-03,6.979776e-02,2.140128e-01,8.888813e-03,4.438704e-03,2.724914e-03,3.661111e-03,8.806729e-02,5.781405e-02
2.611065e-01,1.483349e-01,1.126638e-01,1.577032e-02,5.099073e-02,1.053930e-02,2.491300e-03,5.593621e-02,1.808306e-01,8.672070e-03,6.157913e-03,4.919708e-03,3.945818e-03,8.859006e-02,4.905077e-02
3.428067e-01,1.292504e-01,1.144552e-01,1.421612e-02,3.844491e-02,9.558223e-03,3.169253e-03,4.638198e-02,1.495418e-01,8.954302e-03,6.862423e-03,5.476165e-03,3.592183e-03,8.647089e-02,4.081944e-02
4.666459e-01,1.033505e-01,8.967149e-02,1.169348e-02,2.867704e-02,8.771533e-03,4.286575e-03,3.863022e-02,1.137187e-01,8.383347e-03,6.306795e-03,6.216847e-03,3.540721e-03,7.678092e-02,3.332595e-02
1.000000e+00,0.000000e+00,0.000000e+00,0.000000e+00,0.000000e+00,0.000000e+00,0.000000e+00,0.000000e+00,0.000000e+00,0.000000e+00,0.000000e+00,0.000000e+00,0.000000e+00,0.000000e+00,0.000000e+00
1.000000e+00,0.000000e+00,0.000000e+00,0.000000e+00,0.000000e+00,0.000000e+00,0.000000e+00,0.000000e+00,0.000000e+00,0.000000e+00,0.000000e+00,0.000000e+00,0.000000e+00,0.000000e+00,0.000000e+00
4.598293e-01,4.122952e-02,2.331791e-01,1.913361e-02,1.235979e-02,9.289033e-03,4.147050e-03,2.317015e-02,4.541450e-02,1.858742e-02,5.166520e-02,1.799599e-02,6.561965e-03,3.997409e-02,1.746336e-02
3.578947e-01,3.146090e-02,2.702526e-01,2.109699e-02,9.008156e-03,7.452729e-03,3.085229e-03,1.818556e-02,3.338598e-02,2.344169e-02,1.323529e-01,1.762711e-02,5.630835e-03,5.495725e-02,1.416735e-02
3.004586e-01,2.354200e-02,2.413845e-01,1.958742e-02,6.882846e-03,1.122285e-02,2.503883e-03,1.663419e-02,2.472050e-02,2.119036e-02,2.311224e-01,2.551381e-02,5.134011e-03,5.812684e-02,1.197590e-02
2.210474e-01,1.806160e-02,1.962493e-01,1.526607e-02,5.153295e-03,1.617816e-02,1.938037e-03,1.243960e-02,1.801189e-02,1.819631e-02,3.653468e-01,2.909922e-02,4.563450e-03,6.862256e-02,9.826326e-03
1.572964e-01,1.377537e-02,1.400812e-01,1.144087e-02,3.858070e-03,1.232405e-02,1.470929e-03,8.986112e-03,1.347567e-02,1.495253e-02,4.994718e-01,3.754860e-02,3.583380e-03,7.457004e-02,7.164923e-03
1.105580e-01,1.078766e-02,9.845679e-02,8.369048e-03,3.019603e-03,9.526145e-03,1.080816e-03,6.518641e-03,1.027315e-02,1.138617e-02,6.197017e-01,3.211980e-02,2.748592e-03,6.985816e-02,5.595695e-03
7.787196e-02,3.122631e-02,7.136239e-02,6.937166e-03,5.278092e-03,1.226915e-02,1.107043e-03,5.650494e-03,2.161818e-02,1.398676e-02,6.327801e-01,3.728233e-02,2.250833e-03,7.341239e-02,6.966840e-03
5.665420e-02,2.828964e-02,5.225930e-02,1.480511e-02,1.791214e-02,2.367470e-02,4.502644e-03,1.500886e-02,4.806019e-02,2.155206e-02,5.839368e-01,4.054091e-02,3.296119e-03,7.864081e-02,1.086654e-02
4.186530e-02,3.138362e-02,4.133812e-02,1.748115e-02,3.858408e-02,3.246133e-02,5.768679e-03,1.506282e-02,7.760257e-02,2.735819e-02,5.296547e-01,3.685428e-02,4.506168e-03,7.967182e-02,2.040713e-02
3.526173e-02,5.315866e-02,4.162902e-02,2.084862e-02,3.321095e-02,2.794055e-02,4.878029e-03,1.373193e-02,1.083682e-01,3.505785e-02,4.383498e-01,3.100272e-02,4.413385e-03,8.611022e-02,6.603831e-02
3.713533e-02,5.706553e-02,5.365949e-02,3.058767e-02,2.796616e-02,2.317369e-02,5.071103e-03,2.612250e-02,1.271815e-01,4.101753e-02,3.551899e-01,2.580750e-02,6.421726e-03,1.048970e-01,7.870336e-02
3.428581e-02,4.933396e-02,5.091563e-02,3.098237e-02,2.502212e-02,2.100798e-02,6.558810e-03,3.349688e-02,1.313636e-01,3.877632e-02,3.638900e-01,2.064446e-02,9.949271e-03,1.160057e-01,6.776710e-02
4.123000e-02,4.817540e-02,3.935956e-02,2.921965e-02,2.316164e-02,1.873954e-02,5.784355e-03,5.643542e-02,1.395394e-01,3.873203e-02,3.501838e-01,2.070940e-02,1.805228e-02,1.128648e-01,5.781276e-02
3.818777e-02,4.446063e-02,3.791061e-02,2.845709e-02,2.112496e-02,1.709709e-02,6.298874e-03,1.033090e-01,1.457192e-01,3.812724e-02,3.183967e-01,1.781534e-02,2.635638e-02,1.043017e-01,5.243736e-02
4.492324e-02,4.462299e-02,4.365709e-02,2.928102e-02,1.954636e-02,1.655969e-02,6.173803e-03,1.945883e-01,1.247982e-01,3.029360e-02,2.690711e-01,1.956210e-02,3.125385e-02,8.352306e-02,4.214559e-02
4.146296e-02,7.874096e-02,6.309417e-02,4.108828e-02,1.919359e-02,1.499266e-02,4.908056e-03,1.707112e-01,1.544178e-01,2.759152e-02,2.253380e-01,2.034863e-02,3.137381e-02,6.388664e-02,4.285179e-02
3.758407e-02,1.002198e-01,8.665718e-02,4.195376e-02,2.149998e-02,1.430844e-02,3.863534e-03,1.877930e-01,1.627952e-01,2.524618e-02,1.842160e-01,2.089008e-02,2.767676e-02,4.849833e-02,3.679775e-02
4.823912e-02,1.704737e-01,9.995044e-02,4.130579e-02,2.097453e-02,1.736151e-02,3.097763e-03,1.541112e-01,1.589547e-01,2.257922e-02,1.473491e-01,2.259298e-02,2.228484e-02,3.712101e-02,3.360418e-02
4.319195e-02,2.625830e-01,8.625653e-02,3.051906e-02,2.317241e-02,1.414402e-02,2.592304e-03,1.551283e-01,1.501145e-01,2.206874e-02,1.106003e-01,1.764084e-02,1.673957e-02,3.605688e-02,2.919167e-02
4.203001e-02,2.953234e-01,7.006495e-02,2.275766e-02,2.708432e-02,1.250448e-02,2.149710e-03,1.623945e-01,1.434106e-01,2.736948e-02,8.307438e-02,1.379629e-02,1.290506e-02,5.405585e-02,3.107931e-02
4.016445e-02,2.490734e-01,5.472291e-02,1.660714e-02,3.561616e-02,1.189473e-02,2.013257e-03,2.754953e-01,1.349185e-01,2.112648e-02,6.034935e-02,1.063658e-02,9.816568e-03,5.231899e-02,2.524626e-02
3.250964e-02,1.837195e-01,4.260597e-02,1.202566e-02,3.683323e-02,9.387338e-03,1.661538e-03,4.359545e-01,1.084562e-01,1.626861e-02,4.373960e-02,7.837527e-03,7.688148e-03,4.233380e-02,1.897873e-02
2.508227e-02,1.346912e-01,3.260792e-02,8.734754e-03,3.028770e-02,7.245578e-03,1.234339e-03,5.796847e-01,8.174556e-02,1.193904e-02,3.103746e-02,5.672998e-03,5.614730e-03,3.068996e-02,1.373178e-02
1.880247e-02,9.697496e-02,2.380817e-02,6.432668e-03,2.485847e-02,5.381085e-03,9.064229e-04,6.934519e-01,5.919376e-02,8.559053e-03,2.186194e-02,4.022857e-03,4.005497e-03,2.205981e-02,9.680953e-03
1.749299e-02,7.005063e-02,1.732042e-02,4.739086e-03,2.059253e-02,4.125446e-03,7.260572e-04,7.678622e-01,4.544223e-02,6.059414e-03,1.553237e-02,2.935374e-03,2.870378e-03,1.738794e-02,6.862847e-03
2.031736e-02,5.007547e-02,1.269884e-02,4.382117e-03,1.914627e-02,3.450995e-03,6.260565e-04,8.137684e-01,3.682321e-02,4.288595e-03,1.147375e-02,2.754404e-03,2.247211e-03,1.286489e-02,5.082443e-03
4.016463e-02,3.634105e-02,9.348299e-03,1.426443e-02,1.648777e-02,4.890576e-03,4.975954e-04,8.095155e-01,3.082833e-02,3.177064e-03,9.747531e-03,6.773870e-03,3.700312e-03,9.904061e-03,4.358970e-03
4.899149e-02,2.849208e-02,7.591648e-03,1.288696e-02,1.677062e-02,4.319099e-03,4.430659e-04,8.130760e-01,3.470753e-02,2.451949e-03,7.430614e-03,5.855427e-03,3.073454e-03,1.039268e-02,3.517350e-03
9.692216e-02,2.310661e-02,5.987832e-03,1.498699e-02,1.616019e-02,4.482341e-03,5.029859e-04,7.618637e-01,4.228373e-02,2.036843e-03,6.945831e-03,7.440635e-03,4.362501e-03,9.491049e-03,3.426554e-03
1.568590e-01,1.833669e-02,4.853966e-03,2.197478e-02,1.312205e-02,6.390233e-03,6.724017e-04,6.501199e-01,6.122582e-02,1.872478e-03,9.949597e-03,3.412594e-02,8.088734e-03,7.370749e-03,5.037563e-03
2.697769e-01,1.413452e-02,4.227972e-03,2.019760e-02,1.117336e-02,7.895701e-03,7.687697e-04,5.491472e-01,5.821799e-02,1.893333e-03,8.935273e-03,3.527836e-02,7.723433e-03,5.656078e-03,4.973548e-03
3.266286e-01,1.410753e-02,4.437802e-03,2.968878e-02,1.061327e-02,2.204829e-02,1.147297e-03,4.251835e-01,5.996346e-02,2.608429e-03,1.592730e-02,6.282894e-02,1.415753e-02,4.588507e-03,6.070775e-03
3.408187e-01,1.267000e-02,4.870496e-03,2.306634e-02,1.022189e-02,2.465872e-02,2.412710e-03,3.008739e-01,4.919048e-02,6.682061e-03,2.425612e-02,1.741666e-01,1.526044e-02,4.347098e-03,6.504407e-03
3.416703e-01,1.162215e-02,5.025676e-03,1.792843e-02,1.120284e-02,2.166285e-02,3.251933e-03,2.139623e-01,4.405281e-02,1.193204e-02,2.724246e-02,2.646858e-01,1.518621e-02,4.301920e-03,6.272356e-03
3.830208e-01,2.738762e-02,5.611788e-03,1.414630e-02,1.544307e-02,2.578195e-02,2.997215e-03,1.532700e-01,3.686730e-02,3.765596e-02,2.743102e-02,2.456135e-01,1.258123e-02,4.280441e-03,7.911813e-03
3.007214e-01,2.119964e-02,4.573511e-03,1.042456e-02,1.546045e-02,2.112132e-02,2.641052e-03,1.081007e-01,2.946911e-02,3.872799e-02,4.338194e-02,3.832520e-01,9.873605e-03,4.294965e-03,6.757782e-03
2.455411e-01,1.919024e-02,4.114537e-03,7.401281e-03,1.289235e-02,1.593451e-02,2.100190e-03,7.602631e-02,2.295669e-02,3.623861e-02,8.749507e-02,4.483438e-01,9.100704e-03,6.855327e-03,5.809305e-03
2.407990e-01,1.620516e-02,9.187754e-03,5.939581e-03,1.097367e-02,1.507635e-02,1.847828e-03,5.432222e-02,1.705972e-02,3.108903e-02,7.962362e-02,4.991268e-01,7.220325e-03,5.668481e-03,5.860465e-03
2.362504e-01,1.336586e-02,7.655903e-03,5.573827e-03,8.536724e-03,1.222917e-02,1.380636e-03,3.833925e-02,1.334525e-02,2.729675e-02,6.161403e-02,5.582846e-01,5.700783e-03,4.558202e-03,5.868675e-03
2.376631e-01,1.498404e-02,1.139192e-02,9.192729e-03,8.978990e-03,2.147787e-02,1.371513e-03,2.767387e-02,1.160074e-02,2.019390e-02,4.709615e-02,5.690120e-01,4.820022e-03,4.228893e-03,1.031426e-02
1.896707e-01,1.392385e-02,1.422816e-02,7.280275e-03,8.468667e-03,2.011279e-02,1.420571e-03,2.313195e-02,1.015693e-02,1.450672e-02,4.456272e-02,6.377382e-01,3.597609e-03,3.327088e-03,7.873791e-03
1.781300e-01,1.389061e-02,1.777832e-02,7.122669e-03,9.180576e-03,1.905712e-02,1.719141e-03,2.365682e-02,9.073053e-03,1.048094e-02,3.863323e-02,6.597893e-01,2.774707e-03,2.715880e-03,5.997668e-03
1.562697e-01,1.533510e-02,2.201768e-02,7.039485e-03,7.266733e-03,2.151287e-02,1.721515e-03,2.304826e-02,6.780939e-03,7.707424e-03,5.670911e-02,6.656849e-01,2.193782e-03,2.149252e-03,4.563269e-03
1.218871e-01,1.315919e-02,1.784093e-02,5.879409e-03,6.018742e-03,1.753867e-02,1.351719e-03,1.854999e-02,5.238526e-03,5.761007e-03,4.453329e-02,7.353801e-01,1.657700e-03,1.721889e-03,3.481840e-03
9.510986e-02,1.108298e-02,1.609002e-02,5.406073e-03,6.183619e-03,1.529209e-02,2.531532e-03,1.841218e-02,5.752760e-03,4.969916e-03,3.609694e-02,7.773184e-01,1.305083e-03,1.515606e-03,2.933073e-03
7.116859e-02,8.434638e-03,1.287250e-02,4.057526e-03,5.557849e-03,1.423725e-02,2.985552e-03,1.771603e-02,5.606832e-03,4.423611e-03,3.171793e-02,8.166118e-01,1.078778e-03,1.394140e-03,2.137047e-03
5.535974e-02,6.742591e-03,1.029694e-02,3.048951e-03,5.307291e-03,1.952834e-02,2.902361e-03,1.607687e-02,5.522620e-03,5.136423e-03,3.566668e-02,8.304465e-01,1.042019e-03,1.290160e-03,1.632522e-03
5.083955e-02,5.785193e-03,8.497717e-03,2.778396e-03,1.161569e-02,2.062923e-02,8.234835e-03,1.951085e-02,1.745044e-02,1.059588e-02,5.687350e-02,7.826735e-01,1.105021e-03,1.935626e-03,1.474526e-03
3.984853e-02,7.375483e-03,7.724204e-03,2.692491e-03,1.097519e-02,1.970883e-02,9.175943e-03,2.456030e-02,3.698726e-02,1.241134e-02,7.416400e-02,7.499240e-01,1.072790e-03,1.900269e-03,1.479333e-03
3.820156e-02,1.658611e-02,7.197081e-03,6.395674e-03,1.296128e-02,1.602970e-02,7.628356e-03,4.294763e-02,5.898622e-02,4.869981e-02,8.571669e-02,6.475074e-01,1.472291e-03,6.222348e-03,3.447861e-03
3.872281e-02,3.554075e-02,1.571720e-02,8.248857e-03,3.881970e-02,1.421014e-02,6.196558e-03,8.157288e-02,7.905760e-02,1.101211e-01,7.806107e-02,4.812313e-01,1.502992e-03,7.554076e-03,3.443056e-03
4.495311e-02,3.190814e-02,2.042742e-02,9.945464e-03,8.650845e-02,2.292163e-02,5.099611e-03,7.344646e-02,7.720636e-02,2.006046e-01,6.726881e-02,3.445454e-01,1.303598e-03,1.024164e-02,3.619367e-03
4.386637e-02,2.863972e-02,3.645132e-02,2.056245e-02,1.240500e-01,2.957180e-02,5.410549e-03,9.207425e-02,6.425922e-02,2.468072e-01,5.042737e-02,2.439393e-01,1.073748e-03,9.491234e-03,3.375531e-03
4.950763e-02,2.420522e-02,3.127621e-02,1.773891e-02,1.485319e-01,4.475307e-02,5.148762e-03,6.780138e-02,5.076788e-02,3.320761e-01,3.889682e-02,1.721662e-01,8.754511e-04,1.324760e-02,3.006806e-03
5.862824e-02,2.552137e-02,2.303337e-02,1.921741e-02,2.464073e-01,5.386633e-02,5.452378e-03,4.930954e-02,3.843433e-02,3.122756e-01,3.253611e-02,1.213291e-01,8.927783e-04,1.072071e-02,2.375465e-03
6.044707e-02,2.428339e-02,1.762703e-02,2.615076e-02,2.444862e-01,9.344967e-02,4.669481e-03,3.685096e-02,3.134570e-02,3.353699e-01,2.781430e-02,8.573466e-02,1.089303e-03,8.864256e-03,1.817291e-03
6.659590e-02,2.312996e-02,1.362597e-02,3.223553e-02,2.496533e-01,1.222182e-01,4.083500e-03,2.868215e-02,3.055198e-02,3.201317e-01,3.356162e-02,6.204581e-02,1.300223e-03,1.030667e-02,1.877437e-03
7.131141e-02,1.876013e-02,1.106062e-02,2.468694e-02,1.862839e-01,2.734808e-01,3.243285e-03,2.432812e-02,2.389405e-02,2.398583e-01,5.372699e-02,4.677879e-02,1.723199e-03,1.840051e-02,2.462902e-03
6.143589e-02,1.362257e-02,8.598600e-03,1.929215e-02,1.462126e-01,4.204690e-01,2.441714e-03,1.880323e-02,1.940357e-02,1.773324e-01,4.855103e-02,3.347165e-02,1.746184e-03,2.627946e-02,2.339996e-03
1.433473e-01,1.040680e-02,7.715274e-03,2.540360e-02,1.197867e-01,4.034362e-01,2.170219e-03,1.787510e-02,3.447104e-02,1.391028e-01,3.917754e-02,2.525801e-02,2.323111e-03,2.676720e-02,2.759052e-03
2.586097e-01,8.563966e-03,7.218257e-03,2.812476e-02,1.030549e-01,3.448068e-01,2.265861e-03,1.664974e-02,3.891246e-02,1.092674e-01,3.275872e-02,2.036658e-02,2.710644e-03,2.299360e-02,3.696553e-03
3.515471e-01,7.355891e-03,8.289908e-03,3.221734e-02,8.705626e-02,2.793103e-01,2.607660e-03,2.046876e-02,4.647709e-02,8.266071e-02,2.973376e-02,2.200786e-02,3.722218e-03,2.133392e-02,5.211162e-03
4.512064e-01,7.282251e-03,8.479400e-03,3.294875e-02,6.956983e-02,2.296600e-01,2.328510e-03,1.694952e-02,3.924830e-02,6.070728e-02,2.786595e-02,2.120767e-02,4.134832e-03,2.059091e-02,7.820412e-03
1.000000e+00,0.000000e+00,0.000000e+00,0.000000e+00,0.000000e+00,0.000000e+00,0.000000e+00,0.000000e+00,0.000000e+00,0.000000e+00,0.000000e+00,0.000000e+00,0.000000e+00,0.000000e+00,0.000000e+00
1.000000e+00,0.000000e+00,0.000000e+00,0.000000e+00,0.000000e+00,0.000000e+00,0.000000e+00,0.000000e+00,0.000000e+00,0.000000e+00,0.000000e+00,0.000000e+00,0.000000e+00,0.000000e+00,0.000000e+00
4.181488e-01,4.490446e-02,2.729815e-02,1.815077e-01,3.208598e-02,9.988971e-02,3.359610e-03,1.691546e-02,2.528001e-02,3.025726e-02,3.895912e-02,3.212579e-02,5.962807e-03,1.166565e-02,3.163965e-02
3.129733e-01,4.810020e-02,3.921466e-02,2.806496e-01,2.392404e-02,7.199433e-02,2.582891e-03,1.247978e-02,2.596791e-02,3.106531e-02,4.320072e-02,4.107249e-02,7.596900e-03,8.900909e-03,5.027705e-02
2.202528e-01,4.567773e-02,1.030263e-01,2.103778e-01,1.692371e-02,5.184794e-02,1.830478e-03,8.828884e-03,2.844474e-02,9.219887e-02,4.391938e-02,3.149680e-02,7.654166e-03,8.555165e-03,1.289653e-01
1.629003e-01,5.261235e-02,7.968679e-02,1.875608e-01,1.235593e-02,4.094816e-02,1.322444e-03,6.781813e-03,4.307096e-02,1.016597e-01,1.250183e-01,4.024427e-02,2.425397e-02,9.598921e-03,1.119853e-01
1.148008e-01,8.371595e-02,7.013918e-02,2.554117e-01,9.293804e-03,3.094321e-02,1.087290e-03,4.885453e-03,8.341581e-02,7.640123e-02,1.028925e-01,3.643943e-02,2.530287e-02,7.992300e-03,9.727846e-02
8.348458e-02,8.691231e-02,5.118509e-02,2.675661e-01,6.814196e-03,3.551454e-02,7.969847e-04,3.493001e-03,1.319732e-01,5.549781e-02,1.024646e-01,4.820862e-02,2.367385e-02,1.855505e-02,8.386002e-02
6.048378e-02,7.834530e-02,3.656914e-02,2.142121e-01,5.003653e-03,3.861376e-02,6.107158e-04,2.520572e-03,1.509093e-01,4.012855e-02,1.481270e-01,9.980246e-02,2.149870e-02,3.395389e-02,6.922106e-02
4.332790e-02,5.756442e-02,2.598675e-02,1.643897e-01,4.118375e-03,2.858596e-02,4.865318e-04,2.067937e-03,1.145592e-01,2.966153e-02,3.573715e-01,7.957222e-02,1.703655e-02,2.552879e-02,4.974257e-02
3.293691e-02,4.441663e-02,1.876722e-02,1.239500e-01,2.295052e-02,2.060017e-02,1.684255e-03,2.226066e-03,2.070132e-01,2.133392e-02,3.698379e-01,6.293418e-02,1.542823e-02,2.012173e-02,3.579905e-02
3.197332e-02,4.706932e-02,2.300175e-02,9.423324e-02,5.739453e-02,1.597211e-02,4.554085e-03,2.746998e-02,2.812601e-01,1.541559e-02,2.888490e-01,5.011379e-02,1.951804e-02,1.633499e-02,2.684018e-02
4.090826e-02,3.778689e-02,2.011165e-02,7.627200e-02,5.565196e-02,1.391408e-02,4.638102e-03,3.936194e-02,3.990360e-01,1.229955e-02,2.076962e-01,3.729384e-02,1.770356e-02,1.365620e-02,2.366985e-02
3.419293e-02,2.843716e-02,5.038521e-02,2.499011e-01,4.595824e-02,1.391303e-02,3.805913e-03,2.997729e-02,3.111548e-01,1.001269e-02,1.505125e-01,2.700569e-02,1.680621e-02,1.002680e-02,1.791046e-02
4.152330e-02,2.340730e-02,1.080534e-01,3.005972e-01,3.821120e-02,1.290795e-02,2.903238e-03,2.164685e-02,2.504185e-01,8.046683e-03,1.265259e-01,2.292695e-02,2.117581e-02,8.196932e-03,1.345881e-02
9.579657e-02,2.097997e-02,1.376965e-01,2.564869e-01,3.358845e-02,1.256804e-02,2.537536e-03,1.666022e-02,2.043598e-01,7.124087e-03,1.300820e-01,2.793822e-02,3.546698e-02,6.975020e-03,1.173975e-02
1.654608e-01,1.798183e-02,1.785886e-01,2.373193e-01,2.607992e-02,1.360455e-02,2.555573e-03,1.336779e-02,1.528799e-01,9.428401e-03,1.004207e-01,2.862627e-02,3.340012e-02,6.429591e-03,1.385670e-02
2.589261e-01,1.944709e-02,1.604287e-01,1.926170e-01,2.112496e-02,1.335263e-02,2.261303e-03,1.601109e-02,1.221303e-01,1.145635e-02,9.362353e-02,2.786721e-02,3.788731e-02,8.419920e-03,1.444647e-02
2.807044e-01,2.598470e-02,1.394093e-01,1.689658e-01,1.797739e-02,1.163475e-02,2.480447e-03,1.309814e-02,1.172263e-01,1.747399e-02,9.609739e-02,2.434185e-02,3.816847e-02,1.033962e-02,3.609735e-02
2.965633e-01,3.024141e-02,1.068639e-01,1.270087e-01,2.959643e-02,1.773147e-02,5.793767e-03,2.347709e-02,1.577298e-01,1.678365e-02,8.115564e-02,2.025539e-02,4.719283e-02,9.358291e-03,3.024825e-02
2.335075e-01,3.457176e-02,8.759935e-02,2.392837e-01,2.614065e-02,1.484952e-02,4.645642e-03,2.811898e-02,1.614557e-01,1.671596e-02,6.699646e-02,1.642114e-02,3.584090e-02,7.623236e-03,2.622950e-02
1.669813e-01,2.786949e-02,6.524198e-02,3.167973e-01,1.912258e-02,1.298433e-02,3.530109e-03,2.030004e-02,1.196030e-01,1.333110e-02,1.559960e-01,1.988730e-02,3.170345e-02,5.952610e-03,2.069947e-02
1.199578e-01,2.058194e-02,4.819149e-02,3.168385e-01,1.542987e-02,1.090422e-02,2.797040e-03,1.506995e-02,8.865742e-02,1.196546e-02,2.543279e-01,3.221430e-02,3.689547e-02,8.796135e-03,1.737254e-02
8.437727e-02,1.454609e-02,3.426775e-02,2.472125e-01,1.232540e-02,8.415407e-03,2.023704e-03,1.066460e-02,6.309284e-02,1.594609e-02,3.808594e-01,3.378089e-02,6.552861e-02,1.261743e-02,1.434210e-02
6.757814e-02,1.097514e-02,2.470359e-02,2.007098e-01,1.481701e-02,7.522354e-03,1.677198e-03,9.536831e-03,5.097671e-02,1.508091e-02,3.950844e-01,5.628250e-02,8.522058e-02,4.859407e-02,1.124084e-02
5.145192e-02,9.253649e-03,1.766611e-02,1.452177e-01,1.253556e-02,6.502375e-03,1.286177e-03,7.685391e-03,4.058885e-02,1.303654e-02,4.046484e-01,9.895688e-02,9.987776e-02,8.205940e-02,9.233328e-03
