1.000000e+00,0.000000e+00,0.000000e+00,0.000000e+00,0.000000e+00,0.000000e+00,0.000000e+00,0.000000e+00,0.000000e+00,0.000000e+00,0.000000e+00,0.000000e+00,0.000000e+00,0.000000e+00,0.000000e+00
1.000000e+00,0.000000e+00,0.000000e+00,0.000000e+00,0.000000e+00,0.000000e+00,0.000000e+00,0.000000e+00,0.000000e+00,0.000000e+00,0.000000e+00,0.000000e+00,0.000000e+00,0.000000e+00,0.000000e+00
1.000000e+00,0.000000e+00,0.000000e+00,0.000000e+00,0.000000e+00,0.000000e+00,0.000000e+00,0.000000e+00,0.000000e+00,0.000000e+00,0.000000e+00,0.000000e+00,0.000000e+00,0.000000e+00,0.000000e+00
1.000000e+00,0.000000e+00,0.000000e+00,0.000000e+00,0.000000e+00,0.000000e+00,0.000000e+00,0.000000e+00,0.000000e+00,0.000000e+00,0.000000e+00,0.000000e+00,0.000000e+00,0.000000e+00,0.000000e+00
1.000000e+00,0.000000e+00,0.000000e+00,0.000000e+00,0.000000e+00,0.000000e+00,0.000000e+00,0.000000e+00,0.000000e+00,0.000000e+00,0.000000e+00,0.000000e+00,0.000000e+00,0.000000e+00,0.000000e+00
1.000000e+00,0.000000e+00,0.000000e+00,0.000000e+00,0.000000e+00,0.000000e+00,0.000000e+00,0.000000e+00,0.000000e+00,0.000000e+00,0.000000e+00,0.000000e+00,0.000000e+00,0.000000e+00,0.000000e+00
1.000000e+00,0.000000e+00,0.000000e+00,0.000000e+00,0.000000e+00,0.000000e+00,0.000000e+00,0.000000e+00,0.000000e+00,0.000000e+00,0.000000e+00,0.000000e+00,0.000000e+00,0.000000e+00,0.000000e+00
1.000000e+00,0.000000e+00,0.000000e+00,0.000000e+00,0.000000e+00,0.000000e+00,0.000000e+00,0.000000e+00,0.000000e+00,0.000000e+00,0.000000e+00,0.000000e+00,0.000000e+00,0.000000e+00,0.000000e+00
1.000000e+00,0.000000e+00,0.000000e+00,0.000000e+00,0.000000e+00,0.000000e+00,0.000000e+00,0.000000e+00,0.000000e+00,0.000000e+00,0.000000e+00,0.000000e+00,0.000000e+00,0.000000e+00,0.000000e+00
1.000000e+00,0.000000e+00,0.000000e+00,0.000000e+00,0.000000e+00,0.000000e+00,0.000000e+00,0.000000e+00,0.000000e+00,0.000000e+00,0.000000e+00,0.000000e+00,0.000000e+00,0.000000e+00,0.000000e+00
1.000000e+00,0.000000e+00,0.000000e+00,0.000000e+00,0.000000e+00,0.000000e+00,0.000000e+00,0.000000e+00,0.000000e+00,0.000000e+00,0.000000e+00,0.000000e+00,0.000000e+00,0.000000e+00,0.000000e+00
1.000000e+00,0.000000e+00,0.000000e+00,0.000000e+00,0.000000e+00,0.000000e+00,0.000000e+00,0.000000e+00,0.000000e+00,0.000000e+00,0.000000e+00,0.000000e+00,0.000000e+00,0.000000e+00,0.000000e+00
1.000000e+00,0.000000e+00,0.000000e+00,0.000000e+00,0.000000e+00,0.000000e+00,0.000000e+00,0.000000e+00,0.000000e+00,0.000000e+00,0.000000e+00,0.000000e+00,0.000000e+00,0.000000e+00,0.000000e+00
1.000000e+00,0.000000e+00,0.000000e+00,0.000000e+00,0.000000e+00,0.000000e+00,0.000000e+00,0.000000e+00,0.000000e+00,0.000000e+00,0.000000e+00,0.000000e+00,0.000000e+00,0.000000e+00,0.000000e+00
1.000000e+00,0.000000e+00,0.000000e+00,0.000000e+00,0.000000e+00,0.000000e+00,0.000000e+00,0.000000e+00,0.000000e+00,0.000000e+00,0.000000e+00,0.000000e+00,0.000000e+00,0.000000e+00,0.000000e+00
1.000000e+00,0.000000e+00,0.000000e+00,0.000000e+00,0.000000e+00,0.000000e+00,0.000000e+00,0.000000e+00,0.000000e+00,0.000000e+00,0.000000e+00,0.000000e+00,0.000000e+00,0.000000e+00,0.000000e+00
1.000000e+00,0.000000e+00,0.000000e+00,0.000000e+00,0.000000e+00,0.000000e+00,0.000000e+00,0.000000e+00,0.000000e+00,0.000000e+00,0.000000e+00,0.000000e+00,0.000000e+00,0.000000e+00,0.000000e+00
1.000000e+00,0.000000e+00,0.000000e+00,0.000000e+00,0.000000e+00,0.000000e+00,0.000000e+00,0.000000e+00,0.000000e+00,0.000000e+00,0.000000e+00,0.000000e+00,0.000000e+00,0.000000e+00,0.000000e+00
1.000000e+00,0.000000e+00,0.000000e+00,0.000000e+00,0.000000e+00,0.000000e+00,0.000000e+00,0.000000e+00,0.000000e+00,0.000000e+00,0.000000e+00,0.000000e+00,0.000000e+00,0.000000e+00,0.000000e+00
1.000000e+00,0.000000e+00,0.000000e+00,0.000000e+00,0.000000e+00,0.000000e+00,0.000000e+00,0.000000e+00,0.000000e+00,0.000000e+00,0.000000e+00,0.000000e+00,0.000000e+00,0.000000e+00,0.000000e+00
1.000000e+00,0.000000e+00,0.000000e+00,0.000000e+00,0.000000e+00,0.000000e+00,0.000000e+00,0.000000e+00,0.000000e+00,0.000000e+00,0.000000e+00,0.000000e+00,0.000000e+00,0.000000e+00,0.000000e+00
1.000000e+00,0.000000e+00,0.000000e+00,0.000000e+00,0.000000e+00,0.000000e+00,0.000000e+00,0.000000e+00,0.000000e+00,0.000000e+00,0.000000e+00,0.000000e+00,0.000000e+00,0.000000e+00,0.000000e+00
1.000000e+00,0.000000e+00,0.000000e+00,0.000000e+00,0.000000e+00,0.000000e+00,0.000000e+00,0.000000e+00,0.000000e+00,0.000000e+00,0.000000e+00,0.000000e+00,0.000000e+00,0.000000e+00,0.000000e+00
1.000000e+00,0.000000e+00,0.000000e+00,0.000000e+00,0.000000e+00,0.000000e+00,0.000000e+00,0.000000e+00,0.000000e+00,0.000000e+00,0.000000e+00,0.000000e+00,0.000000e+00,0.000000e+00,0.000000e+00
1.000000e+00,0.000000e+00,0.000000e+00,0.000000e+00,0.000000e+00,0.000000e+00,0.000000e+00,0.000000e+00,0.000000e+00,0.000000e+00,0.000000e+00,0.000000e+00,0.000000e+00,0.000000e+00,0.000000e+00
1.000000e+00,0.000000e+00,0.000000e+00,0.000000e+00,0.000000e+00,0.000000e+00,0.000000e+00,0.000000e+00,0.000000e+00,0.000000e+00,0.000000e+00,0.000000e+00,0.000000e+00,0.000000e+00,0.000000e+00
1.000000e+00,0.000000e+00,0.000000e+00,0.000000e+00,0.000000e+00,0.000000e+00,0.000000e+00,0.000000e+00,0.000000e+00,0.000000e+00,0.000000e+00,0.000000e+00,0.000000e+00,0.000000e+00,0.000000e+00
1.000000e+00,0.000000e+00,0.000000e+00,0.000000e+00,0.000000e+00,0.000000e+00,0.000000e+00,0.000000e+00,0.000000e+00,0.000000e+00,0.000000e+00,0.000000e+00,0.000000e+00,0.000000e+00,0.000000e+00
1.000000e+00,0.000000e+00,0.000000e+00,0.000000e+00,0.000000e+00,0.000000e+00,0.000000e+00,0.000000e+00,0.000000e+00,0.000000e+00,0.000000e+00,0.000000e+00,0.000000e+00,0.000000e+00,0.000000e+00
1.000000e+00,0.000000e+00,0.000000e+00,0.000000e+00,0.000000e+00,0.000000e+00,0.000000e+00,0.000000e+00,0.000000e+00,0.000000e+00,0.000000e+00,0.000000e+00,0.000000e+00,0.000000e+00,0.000000e+00
1.000000e+00,0.000000e+00,0.000000e+00,0.000000e+00,0.000000e+00,0.000000e+00,0.000000e+00,0.000000e+00,0.000000e+00,0.000000e+00,0.000000e+00,0.000000e+00,0.000000e+00,0.000000e+00,0.000000e+00
1.000000e+00,0.000000e+00,0.000000e+00,0.000000e+00,0.000000e+00,0.000000e+00,0.000000e+00,0.000000e+00,0.000000e+00,0.000000e+00,0.000000e+00,0.000000e+00,0.000000e+00,0.000000e+00,0.000000e+00
1.000000e+00,0.000000e+00,0.000000e+00,0.000000e+00,0.000000e+00,0.000000e+00,0.000000e+00,0.000000e+00,0.000000e+00,0.000000e+00,0.000000e+00,0.000000e+00,0.000000e+00,0.000000e+00,0.000000e+00
1.000000e+00,0.000000e+00,0.000000e+00,0.000000e+00,0.000000e+00,0.000000e+00,0.000000e+00,0.000000e+00,0.000000e+00,0.000000e+00,0.000000e+00,0.000000e+00,0.000000e+00,0.000000e+00,0.000000e+00
1.000000e+00,0.000000e+00,0.000000e+00,0.000000e+00,0.000000e+00,0.000000e+00,0.000000e+00,0.000000e+00,0.000000e+00,0.000000e+00,0.000000e+00,0.000000e+00,0.000000e+00,0.000000e+00,0.000000e+00
1.000000e+00,0.000000e+00,0.000000e+00,0.000000e+00,0.000000e+00,0.000000e+00,0.000000e+00,0.000000e+00,0.000000e+00,0.000000e+00,0.000000e+00,0.000000e+00,0.000000e+00,0.000000e+00,0.000000e+00
1.000000e+00,0.000000e+00,0.000000e+00,0.000000e+00,0.000000e+00,0.000000e+00,0.000000e+00,0.000000e+00,0.000000e+00,0.000000e+00,0.000000e+00,0.000000e+00,0.000000e+00,0.000000e+00,0.000000e+00
1.000000e+00,0.000000e+00,0.000000e+00,0.000000e+00,0.000000e+00,0.000000e+00,0.000000e+00,0.000000e+00,0.000000e+00,0.000000e+00,0.000000e+00,0.000000e+00,0.000000e+00,0.000000e+00,0.000000e+00
1.000000e+00,0.000000e+00,0.000000e+00,0.000000e+00,0.000000e+00,0.000000e+00,0.000000e+00,0.000000e+00,0.000000e+00,0.000000e+00,0.000000e+00,0.000000e+00,0.000000e+00,0.000000e+00,0.000000e+00
1.000000e+00,0.000000e+00,0.000000e+00,0.000000e+00,0.000000e+00,0.000000e+00,0.000000e+00,0.000000e+00,0.000000e+00,0.000000e+00,0.000000e+00,0.000000e+00,0.000000e+00,0.000000e+00,0.000000e+00
1.000000e+00,0.000000e+00,0.000000e+00,0.000000e+00,0.000000e+00,0.000000e+00,0.000000e+00,0.000000e+00,0.000000e+00,0.000000e+00,0.000000e+00,0.000000e+00,0.000000e+00,0.000000e+00,0.000000e+00
1.000000e+00,0.000000e+00,0.000000e+00,0.000000e+00,0.000000e+00,0.000000e+00,0.000000e+00,0.000000e+00,0.000000e+00,0.000000e+00,0.000000e+00,0.000000e+00,0.000000e+00,0.000000e+00,0.000000e+00
1.000000e+00,0.000000e+00,0.000000e+00,0.000000e+00,0.000000e+00,0.000000e+00,0.000000e+00,0.000000e+00,0.000000e+00,0.000000e+00,0.000000e+00,0.000000e+00,0.000000e+00,0.000000e+00,0.000000e+00
1.000000e+00,0.000000e+00,0.000000e+00,0.000000e+00,0.000000e+00,0.000000e+00,0.000000e+00,0.000000e+00,0.000000e+00,0.000000e+00,0.000000e+00,0.000000e+00,0.000000e+00,0.000000e+00,0.000000e+00
1.000000e+00,0.000000e+00,0.000000e+00,0.000000e+00,0.000000e+00,0.000000e+00,0.000000e+00,0.000000e+00,0.000000e+00,0.000000e+00,0.000000e+00,0.000000e+00,0.000000e+00,0.000000e+00,0.000000e+00
1.000000e+00,0.000000e+00,0.000000e+00,0.000000e+00,0.000000e+00,0.000000e+00,0.000000e+00,0.000000e+00,0.000000e+00,0.000000e+00,0.000000e+00,0.000000e+00,0.000000e+00,0.000000e+00,0.000000e+00
1.000000e+00,0.000000e+00,0.000000e+00,0.000000e+00,0.000000e+00,0.000000e+00,0.000000e+00,0.000000e+00,0.000000e+00,0.000000e+00,0.000000e+00,0.000000e+00,0.000000e+00,0.000000e+00,0.000000e+00
1.000000e+00,0.000000e+00,0.000000e+00,0.000000e+00,0.000000e+00,0.000000e+00,0.000000e+00,0.000000e+00,0.000000e+00,0.000000e+00,0.000000e+00,0.000000e+00,0.000000e+00,0.000000e+00,0.000000e+00
1.000000e+00,0.000000e+00,0.000000e+00,0.000000e+00,0.000000e+00,0.000000e+00,0.000000e+00,0.000000e+00,0.000000e+00,0.000000e+00,0.000000e+00,0.000000e+00,0.000000e+00,0.000000e+00,0.000000e+00
1.000000e+00,0.000000e+00,0.000000e+00,0.000000e+00,0.000000e+00,0.000000e+00,0.000000e+00,0.000000e+00,0.000000e+00,0.000000e+00,0.000000e+00,0.000000e+00,0.000000e+00,0.000000e+00,0.000000e+00
1.000000e+00,0.000000e+00,0.000000e+00,0.000000e+00,0.000000e+00,0.000000e+00,0.000000e+00,0.000000e+00,0.000000e+00,0.000000e+00,0.000000e+00,0.000000e+00,0.000000e+00,0.000000e+00,0.000000e+00
1.000000e+00,0.000000e+00,0.000000e+00,0.000000e+00,0.000000e+00,0.000000e+00,0.000000e+00,0.000000e+00,0.000000e+00,0.000000e+00,0.000000e+00,0.000000e+00,0.000000e+00,0.000000e+00,0.000000e+00
1.000000e+00,0.000000e+00,0.000000e+00,0.000000e+00,0.000000e+00,0.000000e+00,0.000000e+00,0.000000e+00,0.000000e+00,0.000000e+00,0.000000e+00,0.000000e+00,0.000000e+00,0.000000e+00,0.000000e+00
1.000000e+00,0.000000e+00,0.000000e+00,0.000000e+00,0.000000e+00,0.000000e+00,0.000000e+00,0.000000e+00,0.000000e+00,0.000000e+00,0.000000e+00,0.000000e+00,0.000000e+00,0.000000e+00,0.000000e+00
1.000000e+00,0.000000e+00,0.000000e+00,0.000000e+00,0.000000e+00,0.000000e+00,0.000000e+00,0.000000e+00,0.000000e+00,0.000000e+00,0.000000e+00,0.000000e+00,0.000000e+00,0.000000e+00,0.000000e+00
1.000000e+00,0.000000e+00,0.000000e+00,0.000000e+00,0.000000e+00,0.000000e+00,0.000000e+00,0.000000e+00,0.000000e+00,0.000000e+00,0.000000e+00,0.000000e+00,0.000000e+00,0.000000e+00,0.000000e+00
1.000000e+00,0.000000e+00,0.000000e+00,0.000000e+00,0.000000e+00,0.000000e+00,0.000000e+00,0.000000e+00,0.000000e+00,0.000000e+00,0.000000e+00,0.000000e+00,0.000000e+00,0.000000e+00,0.000000e+00
1.000000e+00,0.000000e+00,0.000000e+00,0.000000e+00,0.000000e+00,0.000000e+00,0.000000e+00,0.000000e+00,0.000000e+00,0.000000e+00,0.000000e+00,0.000000e+00,0.000000e+00,0.000000e+00,0.000000e+00
1.000000e+00,0.000000e+00,0.000000e+00,0.000000e+00,0.000000e+00,0.000000e+00,0.000000e+00,0.000000e+00,0.000000e+00,0.000000e+00,0.000000e+00,0.000000e+00,0.000000e+00,0.000000e+00,0.000000e+00
1.000000e+00,0.000000e+00,0.000000e+00,0.000000e+00,0.000000e+00,0.000000e+00,0.000000e+00,0.000000e+00,0.000000e+00,0.000000e+00,0.000000e+00,0.000000e+00,0.000000e+00,0.000000e+00,0.000000e+00
4.648668e-01,2.259456e-02,2.376758e-02,7.440978e-02,1.307878e-01,3.028246e-02,7.952164e-03,1.825482e-01,3.809850e-03,1.571064e-03,1.618405e-02,1.652468e-02,1.412195e-02,2.297239e-03,8.281791e-03
3.481667e-01,1.810447e-02,1.968557e-02,5.793926e-02,2.871336e-01,2.646695e-02,1.751193e-02,1.313177e-01,3.058474e-03,2.266672e-03,4.180695e-02,1.326894e-02,1.781973e-02,2.537676e-03,1.291534e-02
2.843178e-01,1.352469e-02,1.403794e-02,5.109992e-02,2.315670e-01,2.328261e-02,2.221953e-02,9.302060e-02,3.650274e-03,7.239538e-03,1.123080e-01,1.657408e-02,8.508249e-02,2.759827e-03,3.931569e-02
2.368030e-01,9.848294e-03,9.971413e-03,4.552377e-02,1.769835e-01,2.095784e-02,1.986596e-02,6.556936e-02,4.440502e-03,7.944082e-03,1.449336e-01,2.610664e-02,1.772980e-01,3.563240e-03,5.019082e-02
2.443428e-01,7.518691e-03,7.339287e-03,3.441072e-02,1.297880e-01,2.285804e-02,1.766125e-02,4.642185e-02,6.810660e-03,6.452730e-03,1.203918e-01,5.709477e-02,2.397309e-01,1.159853e-02,4.757993e-02
2.790271e-01,6.856223e-03,6.048373e-03,3.248033e-02,9.808113e-02,2.453811e-02,1.695085e-02,4.162248e-02,1.097345e-02,7.560362e-03,1.172823e-01,5.691818e-02,2.453194e-01,1.319961e-02,4.314208e-02
3.419718e-01,9.296233e-03,5.499642e-03,3.398478e-02,7.610147e-02,2.942638e-02,1.555129e-02,3.038483e-02,1.812797e-02,6.960915e-03,8.936995e-02,5.628852e-02,2.357287e-01,1.576801e-02,3.553953e-02
2.990764e-01,1.258256e-02,5.070903e-03,3.970664e-02,6.241971e-02,4.072443e-02,1.272848e-02,2.232498e-02,6.431308e-02,9.377569e-03,1.073714e-01,8.217321e-02,1.868677e-01,2.469425e-02,3.056857e-02
2.716887e-01,1.817460e-02,5.426649e-03,4.786590e-02,5.651863e-02,3.991394e-02,1.104357e-02,1.693483e-02,8.965249e-02,1.031540e-02,1.310593e-01,9.813860e-02,1.399847e-01,3.726529e-02,2.601730e-02
2.021742e-01,1.536032e-02,5.176711e-03,4.243920e-02,4.855625e-02,4.061680e-02,8.813316e-03,1.227796e-02,7.347274e-02,1.230973e-02,2.540846e-01,1.127774e-01,1.060334e-01,4.104620e-02,2.486098e-02
1.466029e-01,1.199470e-02,4.247033e-03,3.346635e-02,4.273772e-02,3.195716e-02,6.812702e-03,8.871680e-03,5.380426e-02,1.890874e-02,3.999177e-01,9.940591e-02,7.715061e-02,4.021157e-02,2.391102e-02
1.218034e-01,4.551088e-02,5.167291e-03,2.465497e-02,7.911393e-02,2.599682e-02,8.953506e-03,6.458672e-03,1.253055e-01,1.663301e-02,3.443932e-01,8.137675e-02,5.681226e-02,3.495537e-02,2.286448e-02
1.045736e-01,1.173476e-01,5.547109e-03,1.858351e-02,6.731343e-02,2.326348e-02,1.347277e-02,7.717560e-03,2.106963e-01,1.448455e-02,2.700554e-01,6.103677e-02,4.064557e-02,2.777321e-02,1.748919e-02
7.392912e-02,1.675031e-01,4.886950e-03,1.437428e-02,6.542676e-02,1.903677e-02,1.675953e-02,6.131090e-03,3.137436e-01,1.142967e-02,1.955274e-01,4.391873e-02,3.437614e-02,1.988924e-02,1.306764e-02
5.232438e-02,1.366612e-01,4.038918e-03,1.533725e-02,5.204851e-02,1.642534e-02,1.850904e-02,1.952618e-02,4.335410e-01,8.915636e-03,1.547136e-01,3.125198e-02,3.195788e-02,1.425177e-02,1.049737e-02
3.984315e-02,9.720320e-02,4.705633e-03,1.244111e-02,6.162117e-02,1.328615e-02,1.923365e-01,6.261840e-02,3.323331e-01,7.525926e-03,1.115577e-01,2.222111e-02,2.417467e-02,1.019310e-02,7.939014e-03
2.960529e-02,6.859896e-02,4.335480e-03,9.961671e-03,5.701126e-02,9.722865e-03,3.364035e-01,1.024913e-01,2.500579e-01,5.816782e-03,7.987614e-02,1.567443e-02,1.746263e-02,7.269584e-03,5.712102e-03
2.327999e-02,4.941773e-02,4.606432e-03,7.426266e-03,6.565756e-02,1.047063e-02,4.273132e-01,1.349300e-01,1.797188e-01,4.549799e-03,5.826290e-02,1.111194e-02,1.342545e-02,5.183741e-03,4.645593e-03
2.083817e-02,3.579865e-02,5.013515e-03,5.754532e-03,1.081047e-01,1.687790e-02,4.218251e-01,1.818707e-01,1.307920e-01,4.212834e-03,4.316204e-02,7.929414e-03,1.026959e-02,3.770682e-03,3.780063e-03
4.286647e-02,2.966264e-02,8.020375e-03,5.807702e-03,1.377146e-01,2.297907e-02,3.152503e-01,2.740716e-01,1.037874e-01,3.983305e-03,3.305196e-02,6.308678e-03,8.430660e-03,3.828742e-03,4.236449e-03
7.396176e-02,2.219599e-02,8.187138e-03,5.483354e-03,1.176221e-01,1.866786e-02,2.280377e-01,3.977706e-01,8.083885e-02,3.690758e-03,2.432714e-02,5.325773e-03,6.662635e-03,2.974708e-03,4.253613e-03
7.549256e-02,1.611776e-02,8.349570e-03,4.981709e-03,9.644777e-02,1.402517e-02,1.619692e-01,5.270187e-01,5.954041e-02,3.399519e-03,1.774060e-02,4.352757e-03,5.012247e-03,2.221388e-03,3.330688e-03
6.199810e-02,1.182234e-02,8.048531e-03,4.570206e-03,8.329689e-02,1.161841e-02,1.157838e-01,6.334983e-01,4.220107e-02,2.505971e-03,1.280419e-02,3.455714e-03,4.086869e-03,1.672682e-03,2.637050e-03
7.673957e-02,9.078532e-03,8.470041e-03,3.840110e-03,6.610847e-02,1.056602e-02,8.483455e-02,6.876564e-01,3.099627e-02,1.886492e-03,9.256839e-03,3.351589e-03,3.548619e-03,1.307172e-03,2.359407e-03
9.751667e-02,7.096882e-03,1.352795e-02,4.956595e-03,5.695482e-02,1.088869e-02,6.209912e-02,7.042018e-01,2.258353e-02,1.729144e-03,7.063116e-03,4.277391e-03,3.281696e-03,1.064120e-03,2.758603e-03
1.492366e-01,6.854555e-03,1.137085e-02,5.903965e-03,5.124054e-02,1.303793e-02,4.518379e-02,6.570787e-01,2.182179e-02,2.485363e-03,9.440154e-03,1.045319e-02,9.852053e-03,1.342845e-03,4.697644e-03
1.681949e-01,6.305871e-03,9.471347e-03,6.680421e-03,4.843323e-02,1.620631e-02,3.338291e-02,6.448172e-01,2.229182e-02,2.449678e-03,9.857427e-03,1.298891e-02,1.222629e-02,1.313238e-03,5.380441e-03
1.602538e-01,7.981478e-03,1.604535e-02,1.725254e-02,9.636094e-02,1.871651e-02,2.474076e-02,5.946982e-01,2.072562e-02,2.957839e-03,9.379295e-03,1.200868e-02,1.244673e-02,1.240417e-03,5.191892e-03
1.661889e-01,7.730747e-03,1.405859e-02,1.768456e-02,8.691342e-02,2.131977e-02,1.855362e-02,6.000034e-01,1.848458e-02,2.722856e-03,9.225258e-03,1.463076e-02,1.608324e-02,1.258614e-03,5.141664e-03
1.376701e-01,9.147197e-03,1.499456e-02,7.764167e-02,7.951776e-02,2.178905e-02,1.386540e-02,4.692595e-01,4.858404e-02,7.276376e-03,3.291546e-02,1.860908e-02,4.893995e-02,2.304157e-03,1.748567e-02
1.048769e-01,1.002753e-02,1.500753e-02,1.452824e-01,5.816751e-02,1.665877e-02,1.011058e-02,3.431400e-01,1.251985e-01,1.271294e-02,4.944805e-02,1.870044e-02,6.306314e-02,2.488556e-03,2.511714e-02
8.287690e-02,9.561082e-03,1.507943e-02,1.836350e-01,4.190960e-02,1.778562e-02,7.678030e-03,2.601300e-01,1.159386e-01,2.603659e-02,6.986994e-02,1.893656e-02,1.174306e-01,3.367946e-03,2.976406e-02
1.358990e-01,8.927575e-03,1.313009e-02,1.367256e-01,3.298730e-02,1.677750e-02,5.740953e-03,1.873775e-01,9.024722e-02,2.225730e-02,9.781972e-02,2.086123e-02,1.915086e-01,4.961794e-03,3.477862e-02
2.093803e-01,1.337686e-02,1.211176e-02,1.185698e-01,4.373457e-02,1.561206e-02,4.732300e-03,1.408608e-01,8.005291e-02,1.657943e-02,9.944910e-02,2.039637e-02,1.921335e-01,4.271091e-03,2.873899e-02
2.226161e-01,1.896690e-02,1.021681e-02,1.205409e-01,4.372055e-02,1.329146e-02,4.657627e-03,1.017426e-01,1.828591e-01,1.342084e-02,7.570375e-02,1.770280e-02,1.452272e-01,3.460606e-03,2.587269e-02
2.360717e-01,2.175634e-02,8.675690e-03,1.088233e-01,1.215169e-01,2.228421e-02,6.298660e-03,9.578887e-02,1.629251e-01,1.012425e-02,5.519492e-02,1.675134e-02,1.072201e-01,2.926861e-03,2.364174e-02
2.245755e-01,3.441293e-02,8.827410e-03,8.006094e-02,1.775404e-01,3.487227e-02,5.843919e-03,1.003800e-01,1.675523e-01,7.468700e-03,4.103219e-02,1.473981e-02,7.873262e-02,2.797103e-03,2.116403e-02
1.933044e-01,4.397838e-02,1.039307e-02,6.231215e-02,2.396987e-01,3.646962e-02,5.308308e-03,8.882892e-02,1.571157e-01,7.069389e-03,3.527176e-02,2.965004e-02,6.728607e-02,4.493300e-03,1.882021e-02
1.666150e-01,4.119020e-02,1.400040e-02,5.161793e-02,3.051992e-01,3.467369e-02,5.155297e-03,1.066578e-01,1.402139e-01,6.442330e-03,2.792669e-02,2.817927e-02,5.170615e-02,4.439651e-03,1.598243e-02
1.355174e-01,3.255772e-02,1.272748e-02,4.369088e-02,2.927251e-01,2.546272e-02,5.628875e-03,2.300918e-01,1.223232e-01,4.650261e-03,2.076324e-02,2.090718e-02,3.780213e-02,3.387299e-03,1.176457e-02
1.134508e-01,2.698392e-02,3.081079e-02,5.324378e-02,2.355332e-01,1.943573e-02,4.832475e-03,3.392533e-01,1.031105e-01,3.669232e-03,1.547225e-02,1.541334e-02,2.732908e-02,2.543522e-03,8.918021e-03
8.828752e-02,1.935715e-02,2.274986e-02,4.129741e-02,1.902058e-01,1.385194e-02,3.628412e-03,4.923897e-01,7.647091e-02,2.574826e-03,1.096023e-02,1.084805e-02,1.929249e-02,1.813465e-03,6.272192e-03
6.624877e-02,1.368995e-02,1.652194e-02,2.987337e-02,1.360423e-01,1.010706e-02,2.715918e-03,6.343801e-01,5.376267e-02,1.821715e-03,7.793826e-03,7.668957e-03,1.362095e-02,1.295408e-03,4.457109e-03
5.298710e-02,9.661735e-03,1.190619e-02,2.139227e-02,9.678909e-02,7.942716e-03,2.151617e-03,7.333635e-01,3.769176e-02,1.291203e-03,5.590011e-03,5.484428e-03,9.650618e-03,9.223097e-04,3.175507e-03
3.985722e-02,6.795450e-03,8.520449e-03,1.518141e-02,6.888030e-02,5.943708e-03,1.589173e-03,8.083305e-01,2.641792e-02,9.105626e-04,4.000043e-03,3.873566e-03,6.803405e-03,6.538429e-04,2.242404e-03
3.070523e-02,4.799917e-03,6.239854e-03,1.079705e-02,5.128372e-02,4.267241e-03,1.171028e-03,8.590828e-01,1.856093e-02,6.400483e-04,2.888088e-03,2.730732e-03,4.791304e-03,4.655152e-04,1.576557e-03
2.521991e-02,3.434223e-03,4.544427e-03,7.699456e-03,4.060160e-02,3.228602e-03,8.926623e-04,8.918889e-01,1.310038e-02,4.515732e-04,2.115507e-03,1.951717e-03,3.419375e-03,3.372022e-04,1.114488e-03
3.029889e-02,2.528708e-03,3.345049e-03,5.616306e-03,3.180335e-02,2.804521e-03,7.583483e-04,9.064800e-01,9.323668e-03,3.220743e-04,1.636707e-03,1.474329e-03,2.529711e-03,2.507137e-04,8.276686e-04
3.153153e-02,1.934803e-03,2.451389e-03,4.117043e-03,2.497878e-02,2.205210e-03,5.853031e-04,9.202453e-01,6.619982e-03,2.332219e-04,1.247562e-03,1.127492e-03,1.900164e-03,1.907986e-04,6.314334e-04
4.265087e-02,2.260074e-03,2.353758e-03,7.378020e-03,2.713969e-02,2.254935e-03,4.958345e-04,9.028536e-01,5.457943e-03,3.496140e-04,1.665642e-03,1.763541e-03,2.422551e-03,2.171518e-04,7.368305e-04
5.030429e-02,2.122864e-03,2.860182e-03,6.461201e-03,3.202779e-02,2.036866e-03,5.572866e-04,8.916851e-01,4.024892e-03,3.804604e-04,2.280410e-03,1.835815e-03,2.603249e-03,1.872368e-04,6.323779e-04
6.298921e-02,2.156118e-03,3.443904e-03,5.539651e-03,5.160581e-02,2.181913e-03,9.523083e-04,8.561254e-01,2.978256e-03,4.741031e-04,4.898719e-03,1.878398e-03,4.055504e-03,1.796789e-04,5.410574e-04
1.092591e-01,2.151334e-03,3.888507e-03,4.969909e-03,5.396117e-02,1.073833e-02,3.969232e-03,7.885029e-01,2.619776e-03,5.172108e-04,8.492185e-03,2.351360e-03,6.692189e-03,4.090362e-04,1.477783e-03
1.565357e-01,2.369540e-03,3.534907e-03,4.591937e-03,6.541026e-02,2.055846e-02,3.958668e-03,7.144712e-01,2.774866e-03,4.696494e-04,9.426444e-03,2.551021e-03,1.069096e-02,6.514327e-04,2.005125e-03
1.862905e-01,3.453508e-03,3.562041e-03,4.410068e-03,6.078291e-02,1.969819e-02,4.238673e-03,6.788183e-01,4.479395e-03,4.305309e-04,1.125121e-02,3.337556e-03,1.619896e-02,1.053397e-03,1.994827e-03
2.569932e-01,5.641455e-03,3.720518e-03,4.359467e-03,4.880286e-02,6.922042e-02,5.656227e-03,5.039063e-01,7.519773e-03,5.319827e-04,1.190104e-02,5.761504e-03,6.971081e-02,1.271628e-03,5.002847e-03
2.054817e-01,1.351752e-02,4.239731e-03,1.681900e-02,4.361368e-02,1.326237e-01,6.696225e-03,3.646333e-01,3.529175e-02,1.849598e-03,1.556531e-02,1.192622e-02,1.365374e-01,1.685012e-03,9.519782e-03
1.474131e-01,6.262217e-02,4.993202e-03,2.399007e-02,3.182930e-02,9.839433e-02,4.815831e-03,2.561417e-01,1.601326e-01,7.207203e-03,1.604264e-02,1.075359e-02,1.168533e-01,1.930620e-03,5.688030e-02
1.061497e-01,1.354454e-01,6.463427e-03,2.836475e-02,2.323850e-02,7.470268e-02,3.505474e-03,1.797583e-01,1.797112e-01,1.081814e-02,1.800399e-02,1.373258e-02,1.337708e-01,3.438309e-03,8.289675e-02
8.166788e-02,1.573980e-01,7.412185e-03,2.188569e-02,1.661688e-02,5.616257e-02,2.662370e-03,1.261948e-01,1.625237e-01,1.463541e-02,2.014036e-02,1.669130e-02,1.229170e-01,1.844834e-02,1.746435e-01
8.025527e-02,1.277372e-01,1.066104e-02,2.530690e-02,2.683092e-02,4.432581e-02,3.651940e-03,9.362110e-02,2.093946e-01,1.175485e-02,2.425979e-02,1.507096e-02,1.268315e-01,1.767991e-02,1.826182e-01
6.201620e-02,1.028091e-01,2.368741e-02,4.634320e-02,4.786147e-02,3.272402e-02,3.676472e-03,7.437287e-02,2.610025e-01,1.009035e-02,2.233072e-02,1.462520e-02,1.146781e-01,1.572030e-02,1.680620e-01
4.931330e-02,8.835807e-02,2.345639e-02,3.550418e-02,5.452644e-02,2.720744e-02,3.499682e-03,5.554717e-02,3.806587e-01,9.064490e-03,1.853425e-02,1.200346e-02,9.260000e-02,1.383567e-02,1.358907e-01
5.456476e-02,7.822086e-02,2.252510e-02,2.601581e-02,6.812330e-02,2.257720e-02,4.194050e-03,4.532665e-02,4.403329e-01,7.276425e-03,1.486534e-02,9.275935e-03,7.438622e-02,1.534824e-02,1.169672e-01
5.561654e-02,7.966731e-02,2.034933e-02,2.375417e-02,7.055629e-02,2.125229e-02,5.320158e-03,3.749118e-02,4.671731e-01,6.642786e-03,1.381057e-02,7.425628e-03,6.263149e-02,1.235140e-02,1.159578e-01
5.570286e-02,1.146505e-01,2.580784e-02,2.631798e-02,7.125212e-02,2.024034e-02,5.210380e-03,3.195267e-02,4.576232e-01,1.164263e-02,1.241206e-02,5.898640e-03,4.744826e-02,1.013817e-02,1.037023e-01
7.279240e-02,1.383090e-01,2.658363e-02,2.569178e-02,9.075856e-02,2.242239e-02,6.274685e-03,2.758403e-02,4.098029e-01,1.301548e-02,1.081475e-02,5.284111e-03,3.642337e-02,8.387698e-03,1.058552e-01
7.230945e-02,1.254145e-01,4.472933e-02,9.339334e-02,8.178000e-02,1.734624e-02,5.765547e-03,2.538760e-02,3.767620e-01,1.311394e-02,9.002093e-03,4.144750e-03,2.687429e-02,6.106869e-03,9.787000e-02
1.162393e-01,1.011981e-01,4.897930e-02,1.102277e-01,7.532252e-02,1.468195e-02,5.356012e-03,3.086668e-02,3.255267e-01,1.691979e-02,8.832278e-03,4.147397e-03,2.156924e-02,5.138072e-03,1.149948e-01
1.481687e-01,8.775825e-02,5.943556e-02,8.944900e-02,8.153988e-02,1.313122e-02,4.781175e-03,5.107939e-02,2.948357e-01,1.309865e-02,9.185802e-03,5.399066e-03,1.703152e-02,6.871516e-03,1.182345e-01
1.596630e-01,1.209456e-01,6.661326e-02,1.303325e-01,6.846596e-02,1.367185e-02,4.768396e-03,4.617451e-02,2.223812e-01,1.165335e-02,9.137625e-03,9.921364e-03,1.730968e-02,6.079759e-03,1.128819e-01
2.123829e-01,9.641445e-02,5.437729e-02,1.058823e-01,6.998275e-02,1.307283e-02,5.272102e-03,1.267313e-01,1.821308e-01,8.559436e-03,8.773670e-03,1.041944e-02,1.596130e-02,5.789888e-03,8.424956e-02
2.570013e-01,7.346135e-02,5.232798e-02,8.098216e-02,5.843730e-02,1.250384e-02,6.865545e-03,2.008808e-01,1.514424e-01,6.508728e-03,7.674880e-03,9.461760e-03,1.571027e-02,5.309723e-03,6.143197e-02
2.628680e-01,5.359005e-02,4.083358e-02,6.071094e-02,5.074131e-02,1.134097e-02,1.882573e-02,3.093107e-01,1.126138e-01,4.782239e-03,6.351186e-03,7.457134e-03,1.241169e-02,3.899549e-03,4.426307e-02
2.531208e-01,3.852799e-02,3.113157e-02,4.378198e-02,3.707053e-02,1.140691e-02,5.198045e-02,3.931670e-01,7.982143e-02,3.447390e-03,4.668424e-03,6.085125e-03,1.051199e-02,2.873475e-03,3.240500e-02
1.996407e-01,2.717039e-02,2.432206e-02,3.124484e-02,2.761748e-02,9.950472e-03,7.860599e-02,5.012202e-01,5.634604e-02,2.662946e-03,3.411489e-03,4.454337e-03,8.304683e-03,2.079140e-03,2.296926e-02
1.730015e-01,1.936522e-02,2.187023e-02,2.333849e-02,2.218842e-02,1.199410e-02,7.379185e-02,5.784363e-01,4.021972e-02,2.696327e-03,2.841581e-03,3.833806e-03,7.950245e-03,1.606096e-03,1.686605e-02
1.577444e-01,1.420324e-02,1.818770e-02,1.760227e-02,1.916039e-02,5.329177e-02,1.135592e-01,4.829532e-01,2.913829e-02,8.183873e-03,9.163227e-03,4.208969e-03,5.089417e-02,1.518932e-03,2.019035e-02
1.913840e-01,1.088703e-02,1.420604e-02,1.377737e-02,1.666296e-02,6.065998e-02,1.200674e-01,4.052568e-01,2.144023e-02,1.873925e-02,1.925658e-02,6.770265e-03,6.995538e-02,3.199246e-03,2.773757e-02
3.607692e-01,8.665857e-03,1.077159e-02,1.240445e-02,1.240371e-02,5.252395e-02,1.077808e-01,2.897031e-01,1.592242e-02,1.527455e-02,1.782473e-02,9.528368e-03,6.022087e-02,3.233484e-03,2.297303e-02
4.034953e-01,7.966222e-03,8.126099e-03,1.348354e-02,1.020453e-02,4.488622e-02,8.836519e-02,2.038966e-01,1.434429e-02,2.309323e-02,2.408440e-02,1.390301e-02,1.062288e-01,5.287315e-03,3.263528e-02
4.239218e-01,6.830830e-03,6.190167e-03,1.325009e-02,8.440169e-03,4.037162e-02,6.706952e-02,1.440444e-01,1.343849e-02,2.762168e-02,3.097051e-02,1.490121e-02,1.513531e-01,7.586586e-03,4.400992e-02
4.207073e-01,6.286043e-03,4.628618e-03,1.171805e-02,7.151701e-03,3.523713e-02,5.222340e-02,1.020360e-01,1.919793e-02,2.837450e-02,4.895956e-02,1.553397e-02,1.739676e-01,7.412309e-03,6.656586e-02
4.163974e-01,5.445510e-03,3.510300e-03,1.115575e-02,6.344004e-03,3.314413e-02,4.246338e-02,7.324538e-02,2.135491e-02,2.878037e-02,8.131213e-02,2.794132e-02,1.723794e-01,6.941392e-03,6.958465e-02
3.494893e-01,4.889526e-03,2.882747e-03,9.473934e-03,6.627964e-03,2.586862e-02,3.278678e-02,5.347522e-02,2.999664e-02,3.830536e-02,1.766667e-01,2.875911e-02,1.603051e-01,5.358894e-03,7.511412e-02
2.955171e-01,6.956396e-03,4.631324e-03,1.300660e-02,9.391161e-03,2.824036e-02,2.401965e-02,4.877437e-02,8.448079e-02,6.950646e-02,1.588868e-01,3.234135e-02,1.291434e-01,4.953957e-03,9.015024e-02
2.147747e-01,9.400407e-03,2.145918e-02,1.227643e-01,1.092742e-02,3.826135e-02,1.717343e-02,3.679832e-02,1.318898e-01,5.779154e-02,1.276814e-01,3.143826e-02,1.014715e-01,4.041065e-03,7.412726e-02
1.633618e-01,1.094580e-02,2.199179e-02,9.203465e-02,1.336002e-02,2.955060e-02,1.219381e-02,2.866683e-02,1.482588e-01,8.186241e-02,1.852870e-01,4.087510e-02,9.626938e-02,5.626000e-03,6.971604e-02
1.397784e-01,1.404315e-02,2.031874e-02,7.603396e-02,1.299269e-02,2.239651e-02,8.735999e-03,2.165820e-02,1.590127e-01,7.483357e-02,2.294094e-01,4.519615e-02,9.995618e-02,7.154942e-03,6.847942e-02
1.003708e-01,1.872258e-02,1.886016e-02,6.389083e-02,1.126225e-02,1.661738e-02,6.189283e-03,1.586506e-02,1.849635e-01,7.089768e-02,2.658959e-01,5.074399e-02,9.671906e-02,1.108415e-02,6.791751e-02
7.285913e-02,1.542084e-02,1.366875e-02,5.012663e-02,8.446733e-03,1.337649e-02,4.366448e-03,1.155509e-02,1.532989e-01,5.709379e-02,3.962862e-01,4.999985e-02,7.679722e-02,2.738778e-02,4.931625e-02
5.479058e-02,1.804114e-02,2.017880e-02,7.082208e-02,1.038008e-02,1.346370e-02,3.330477e-03,1.263059e-02,1.696583e-01,6.544066e-02,3.924757e-01,4.101403e-02,6.053587e-02,2.888404e-02,3.835410e-02
4.260143e-02,3.095586e-02,6.804030e-02,7.369602e-02,1.125699e-02,1.380948e-02,2.581705e-03,1.018594e-02,1.712427e-01,8.820593e-02,3.383989e-01,3.470822e-02,4.756378e-02,3.174897e-02,3.500380e-02
3.460279e-02,4.224832e-02,5.792006e-02,6.073051e-02,9.243530e-03,1.677661e-02,1.919531e-03,7.651976e-03,1.617084e-01,1.613384e-01,2.909380e-01,3.159530e-02,3.840928e-02,5.296840e-02,3.194896e-02
4.240893e-02,4.604593e-02,4.499404e-02,5.314974e-02,7.115211e-03,1.713215e-02,1.519297e-03,6.788576e-03,1.331266e-01,1.386357e-01,3.646424e-01,3.041628e-02,3.095170e-02,5.874227e-02,2.433113e-02
3.552534e-02,3.603699e-02,3.239442e-02,4.042251e-02,5.305427e-03,1.489693e-02,1.117920e-03,5.132125e-03,1.018495e-01,1.015064e-01,4.898856e-01,2.505690e-02,2.326642e-02,6.986109e-02,1.774246e-02
2.940710e-02,2.963614e-02,2.313877e-02,3.022300e-02,3.882599e-03,1.194600e-02,8.369509e-04,4.104905e-03,7.838850e-02,8.100829e-02,5.878829e-01,2.515710e-02,1.733681e-02,6.406998e-02,1.298095e-02
2.392226e-02,2.414971e-02,1.629690e-02,2.208964e-02,2.919981e-03,9.498469e-03,6.352463e-04,3.032828e-03,6.829308e-02,6.202637e-02,6.693562e-01,2.238543e-02,1.356781e-02,5.230420e-02,9.521839e-03
1.952603e-02,1.827095e-02,1.143432e-02,1.580999e-02,2.154689e-03,7.142939e-03,4.977179e-04,2.182253e-03,5.425443e-02,4.670341e-02,7.417163e-01,2.123572e-02,1.038722e-02,4.186224e-02,6.821754e-03
2.115425e-02,2.109335e-02,8.139049e-03,1.153531e-02,1.745940e-03,5.538280e-03,4.112273e-04,1.712198e-03,5.781008e-02,4.156705e-02,7.450154e-01,2.552955e-02,8.297776e-03,4.512011e-02,5.330337e-03
1.999583e-02,1.814522e-02,5.751752e-03,8.475982e-03,1.520301e-03,4.462680e-03,3.977723e-04,1.545454e-03,7.520486e-02,3.994942e-02,7.559352e-01,2.079460e-02,6.554589e-03,3.719446e-02,4.071845e-03
1.746137e-02,1.668386e-02,4.135365e-03,6.264220e-03,2.342124e-03,3.635244e-03,5.765426e-04,1.644435e-03,1.361870e-01,3.449748e-02,7.226961e-01,1.615618e-02,5.237874e-03,2.927971e-02,3.202500e-03
1.321033e-02,1.303434e-02,2.947246e-03,4.492528e-03,3.841627e-03,2.899443e-03,1.030588e-03,1.681042e-03,1.310470e-01,3.650273e-02,7.458854e-01,1.298823e-02,4.245833e-03,2.384057e-02,2.353108e-03
9.763690e-03,1.175987e-02,2.105449e-03,3.198491e-03,4.256644e-03,2.220498e-03,9.758915e-04,1.374845e-03,1.219070e-01,3.156121e-02,7.742710e-01,1.212584e-02,3.588298e-03,1.915551e-02,1.735802e-03
9.678520e-03,1.765068e-02,1.679380e-03,2.401623e-03,7.339983e-03,2.651930e-03,2.141154e-03,2.209910e-03,1.526597e-01,4.303497e-02,7.242054e-01,1.197394e-02,3.258461e-03,1.766203e-02,1.452333e-03
8.221250e-03,2.287440e-02,1.883699e-03,1.912049e-03,1.392807e-02,4.291385e-03,2.857773e-03,3.036545e-03,2.754758e-01,6.196261e-02,5.766285e-01,9.132665e-03,2.835200e-03,1.379854e-02,1.161551e-03
8.624237e-03,2.799561e-02,1.687372e-03,1.407481e-03,2.128116e-02,6.753537e-03,3.025461e-03,2.815222e-03,3.796493e-01,5.876127e-02,4.676800e-01,6.868542e-03,2.309072e-03,1.023985e-02,9.020237e-04
1.002172e-02,3.790692e-02,7.892021e-03,1.631408e-03,5.634463e-02,8.885645e-03,8.140772e-03,1.679582e-02,3.755710e-01,7.993786e-02,3.810543e-01,5.359409e-03,1.886228e-03,7.811994e-03,7.604023e-04
1.254808e-02,8.447211e-02,8.751191e-03,1.399281e-03,5.914345e-02,1.232414e-02,6.998679e-03,1.850578e-02,3.983389e-01,8.124731e-02,3.034125e-01,4.241320e-03,1.480715e-03,6.405060e-03,7.315422e-04
1.393205e-02,9.653716e-02,7.335410e-03,1.409877e-03,7.007336e-02,1.491791e-02,5.823515e-03,4.814899e-02,4.403708e-01,7.509655e-02,2.166409e-01,3.165196e-03,1.147118e-03,4.819358e-03,5.819136e-04
1.768544e-02,9.323111e-02,6.114994e-03,1.066083e-03,5.837980e-02,1.523270e-02,4.978780e-03,5.243466e-02,4.717053e-01,1.077099e-01,1.636230e-01,2.407503e-03,8.805785e-04,4.083579e-03,4.667213e-04
2.253684e-02,1.038715e-01,4.899756e-03,8.091853e-04,4.514434e-02,1.528294e-02,3.839029e-03,5.180130e-02,4.993097e-01,1.166178e-01,1.289926e-01,1.893543e-03,6.822735e-04,3.935570e-03,3.836713e-04
4.464698e-02,1.028976e-01,5.219115e-03,8.026173e-04,3.898285e-02,2.032399e-02,3.219046e-03,5.966123e-02,4.249648e-01,1.558575e-01,1.344815e-01,2.130691e-03,7.333787e-04,5.581939e-03,4.967176e-04
6.218201e-02,7.954568e-02,4.647340e-03,7.513998e-04,3.787052e-02,2.372186e-02,3.333555e-03,5.222585e-02,3.473614e-01,2.504512e-01,1.280385e-01,3.142069e-03,7.625563e-04,5.410000e-03,5.561321e-04
1.439895e-01,5.910107e-02,3.474821e-03,1.000185e-03,3.408669e-02,4.701874e-02,2.955545e-03,3.915334e-02,2.679503e-01,2.692806e-01,1.182660e-01,3.838439e-03,9.628816e-04,7.984078e-03,9.377981e-04
2.430931e-01,4.275268e-02,2.804516e-03,2.278867e-03,2.776483e-02,4.248232e-02,2.744846e-03,4.151757e-02,1.999616e-01,2.433464e-01,1.284578e-01,8.422165e-03,1.275278e-03,1.129213e-02,1.805839e-03
2.702305e-01,3.018689e-02,2.505427e-03,6.379579e-03,2.612452e-02,3.077758e-02,3.606265e-03,1.816988e-01,1.436141e-01,1.859623e-01,9.972333e-02,7.808772e-03,1.152590e-03,8.761812e-03,1.467527e-03
1.956947e-01,2.117455e-02,2.348993e-03,8.105563e-03,2.102510e-02,2.175986e-02,2.795729e-03,4.119324e-01,1.008608e-01,1.304182e-01,7.007892e-02,5.715984e-03,8.647292e-04,6.169477e-03,1.055067e-03
1.405267e-01,1.484334e-02,2.007399e-03,7.950485e-03,1.652337e-02,1.543960e-02,2.140968e-03,5.795480e-01,7.071394e-02,9.135424e-02,4.914841e-02,4.078120e-03,6.309709e-04,4.341753e-03,7.526568e-04
1.205660e-01,1.053899e-02,1.939031e-03,7.713677e-03,1.824962e-02,1.150232e-02,1.594529e-03,6.705111e-01,4.973493e-02,6.403991e-02,3.495632e-02,4.046414e-03,8.126446e-04,3.189073e-03,6.055126e-04
1.001799e-01,7.525098e-03,1.391189e-03,6.755651e-03,1.301683e-02,8.736386e-03,1.138707e-03,4.857632e-01,3.587623e-02,4.880357e-02,6.148765e-02,1.746263e-01,4.973860e-02,4.333474e-03,6.272938e-04
7.629911e-02,5.361640e-03,1.011191e-03,7.030691e-03,9.259528e-03,7.047350e-03,8.405678e-04,3.543307e-01,2.551606e-02,3.467967e-02,5.047502e-02,3.774346e-01,4.600668e-02,4.089352e-03,6.179596e-04
6.239631e-02,3.789047e-03,7.827312e-04,5.672302e-03,6.618565e-03,8.557509e-03,6.984571e-04,2.530116e-01,1.867811e-02,2.432742e-02,3.824793e-02,5.369116e-01,3.670289e-02,3.056677e-03,5.488243e-04
5.547598e-02,2.694611e-03,6.517101e-04,4.244956e-03,4.859389e-03,9.733149e-03,5.524297e-04,1.804559e-01,1.406937e-02,1.706391e-02,3.075183e-02,6.486675e-01,2.794163e-02,2.337806e-03,4.999213e-04
3.958271e-02,2.137415e-03,7.199311e-04,3.369994e-03,5.875818e-03,9.537071e-03,4.492669e-04,1.283368e-01,1.208366e-02,1.207024e-02,2.540793e-02,7.375793e-01,2.069873e-02,1.739519e-03,4.116165e-04
2.857063e-02,1.870234e-03,7.014227e-04,2.537597e-03,7.341245e-03,9.278107e-03,3.650468e-04,9.074946e-02,1.318901e-02,9.193376e-03,2.897573e-02,7.893678e-01,1.577921e-02,1.668623e-03,4.125190e-04
2.051944e-02,1.529367e-03,6.238457e-04,1.868182e-03,5.806303e-03,1.064363e-02,2.729922e-04,6.381515e-02,1.072887e-02,6.948097e-03,3.355087e-02,8.304932e-01,1.151919e-02,1.293443e-03,3.874811e-04
1.447833e-02,1.628644e-03,5.553879e-04,1.359632e-03,5.209606e-03,8.287466e-03,2.054877e-04,4.476978e-02,1.116242e-02,5.301086e-03,3.378544e-02,8.635865e-01,8.419596e-03,9.382037e-04,3.124254e-04
1.030043e-02,1.680711e-03,5.631129e-04,9.943321e-04,5.464874e-03,6.844271e-03,1.724200e-04,3.143487e-02,9.618624e-03,4.139700e-03,3.021007e-02,8.912407e-01,6.339214e-03,7.337420e-04,2.628739e-04
7.529659e-03,1.225878e-03,4.231395e-04,7.165016e-04,4.409223e-03,5.563512e-03,1.360220e-04,2.205730e-02,6.971940e-03,3.091002e-03,3.150996e-02,9.109716e-01,4.572581e-03,6.115737e-04,2.100104e-04
5.683072e-03,8.796621e-04,3.132283e-04,5.300607e-04,3.378366e-03,5.007558e-03,1.197947e-04,1.546251e-02,4.966961e-03,2.318262e-03,2.502103e-02,9.323246e-01,3.276679e-03,5.418443e-04,1.762384e-04
4.424355e-03,6.306782e-04,2.365523e-04,4.107905e-04,2.656704e-03,5.183540e-03,1.125000e-04,1.084283e-02,3.525844e-03,1.703361e-03,1.894939e-02,9.483666e-01,2.328304e-03,4.780987e-04,1.503785e-04
3.318651e-03,4.614106e-04,1.796790e-04,3.088859e-04,2.170122e-03,4.066013e-03,1.501763e-04,7.610624e-03,2.495040e-03,1.236948e-03,1.421120e-02,9.616237e-01,1.640586e-03,4.070810e-04,1.198953e-04
2.380172e-03,3.481876e-04,1.395682e-04,2.368772e-04,3.497886e-03,3.507263e-03,1.508181e-04,5.352910e-03,1.802694e-03,8.992418e-04,1.106253e-02,9.688857e-01,1.186014e-03,4.582247e-04,9.194583e-05
1.714586e-03,2.636010e-04,1.202860e-04,1.925052e-04,2.944736e-03,4.444662e-03,2.073522e-04,3.809733e-03,1.335751e-03,6.471410e-04,8.779212e-03,9.741955e-01,8.482070e-04,4.225413e-04,7.418895e-05
1.223427e-03,5.628956e-04,3.661705e-04,1.552103e-04,1.131572e-02,3.660395e-03,2.058569e-04,2.864824e-03,1.309785e-03,4.830619e-04,7.406027e-03,9.693798e-01,6.323580e-04,3.630808e-04,7.145439e-05
9.369188e-04,6.394854e-04,7.082928e-04,1.372150e-04,1.014580e-02,3.143033e-03,1.739453e-04,2.372139e-03,1.079287e-03,4.028131e-04,1.016870e-02,9.691537e-01,4.911168e-04,3.795411e-04,6.807134e-05
8.750928e-04,1.581938e-03,2.640506e-03,1.797133e-04,9.253841e-03,3.753748e-03,1.846888e-04,4.061392e-03,1.367217e-03,4.309271e-04,1.318862e-02,9.614894e-01,4.477401e-04,4.745474e-04,7.068566e-05
1.343922e-03,2.406224e-03,4.090786e-03,2.486633e-04,9.325997e-03,8.862360e-03,2.250843e-04,5.647423e-03,1.496308e-03,5.483669e-04,1.382119e-02,9.508965e-01,5.014591e-04,5.045955e-04,8.116712e-05
3.626833e-03,6.139204e-03,3.642955e-02,2.213005e-03,1.903344e-02,4.429761e-02,2.129379e-03,5.677010e-02,1.593563e-03,7.977872e-04,1.124346e-02,8.145607e-01,5.007309e-04,5.832473e-04,8.144332e-05
8.241681e-03,8.989101e-03,6.827228e-02,4.345127e-03,2.815630e-02,4.458477e-02,2.201383e-03,8.672449e-02,1.819929e-03,1.108209e-03,1.522817e-02,7.289340e-01,4.638328e-04,8.209911e-04,1.096702e-04
1.363140e-02,9.781010e-03,6.005302e-02,4.671581e-03,3.982867e-02,7.325750e-02,1.898623e-03,7.316420e-02,1.931102e-03,2.356514e-03,2.094479e-02,6.965970e-01,5.135806e-04,1.242768e-03,1.282637e-04
2.306720e-02,1.066985e-02,4.868215e-02,5.322126e-03,4.530479e-02,9.572270e-02,3.004741e-03,7.424639e-02,3.119623e-03,3.117903e-03,3.115615e-02,6.537327e-01,6.098230e-04,2.093327e-03,1.505216e-04
2.164669e-02,1.049850e-02,4.451754e-02,8.678359e-03,5.560042e-02,1.818571e-01,3.957886e-03,8.791314e-02,2.728233e-03,2.683288e-03,3.308743e-02,5.440711e-01,5.997879e-04,2.029314e-03,1.311711e-04
