1.000000e+00,0.000000e+00,0.000000e+00,0.000000e+00,0.000000e+00,0.000000e+00,0.000000e+00,0.000000e+00,0.000000e+00,0.000000e+00,0.000000e+00,0.000000e+00,0.000000e+00,0.000000e+00,0.000000e+00
1.000000e+00,0.000000e+00,0.000000e+00,0.000000e+00,0.000000e+00,0.000000e+00,0.000000e+00,0.000000e+00,0.000000e+00,0.000000e+00,0.000000e+00,0.000000e+00,0.000000e+00,0.000000e+00,0.000000e+00
1.000000e+00,0.000000e+00,0.000000e+00,0.000000e+00,0.000000e+00,0.000000e+00,0.000000e+00,0.000000e+00,0.000000e+00,0.000000e+00,0.000000e+00,0.000000e+00,0.000000e+00,0.000000e+00,0.000000e+00
1.000000e+00,0.000000e+00,0.000000e+00,0.000000e+00,0.000000e+00,0.000000e+00,0.000000e+00,0.000000e+00,0.000000e+00,0.000000e+00,0.000000e+00,0.000000e+00,0.000000e+00,0.000000e+00,0.000000e+00
1.000000e+00,0.000000e+00,0.000000e+00,0.000000e+00,0.000000e+00,0.000000e+00,0.000000e+00,0.000000e+00,0.000000e+00,0.000000e+00,0.000000e+00,0.000000e+00,0.000000e+00,0.000000e+00,0.000000e+00
1.000000e+00,0.000000e+00,0.000000e+00,0.000000e+00,0.000000e+00,0.000000e+00,0.000000e+00,0.000000e+00,0.000000e+00,0.000000e+00,0.000000e+00,0.000000e+00,0.000000e+00,0.000000e+00,0.000000e+00
1.000000e+00,0.000000e+00,0.000000e+00,0.000000e+00,0.000000e+00,0.000000e+00,0.000000e+00,0.000000e+00,0.000000e+00,0.000000e+00,0.000000e+00,0.000000e+00,0.000000e+00,0.000000e+00,0.000000e+00
1.000000e+00,0.000000e+00,0.000000e+00,0.000000e+00,0.000000e+00,0.000000e+00,0.000000e+00,0.000000e+00,0.000000e+00,0.000000e+00,0.000000e+00,0.000000e+00,0.000000e+00,0.000000e+00,0.000000e+00
1.000000e+00,0.000000e+00,0.000000e+00,0.000000e+00,0.000000e+00,0.000000e+00,0.000000e+00,0.000000e+00,0.000000e+00,0.000000e+00,0.000000e+00,0.000000e+00,0.000000e+00,0.000000e+00,0.000000e+00
1.000000e+00,0.000000e+00,0.000000e+00,0.000000e+00,0.000000e+00,0.000000e+00,0.000000e+00,0.000000e+00,0.000000e+00,0.000000e+00,0.000000e+00,0.000000e+00,0.000000e+00,0.000000e+00,0.000000e+00
1.000000e+00,0.000000e+00,0.000000e+00,0.000000e+00,0.000000e+00,0.000000e+00,0.000000e+00,0.000000e+00,0.000000e+00,0.000000e+00,0.000000e+00,0.000000e+00,0.000000e+00,0.000000e+00,0.000000e+00
1.000000e+00,0.000000e+00,0.000000e+00,0.000000e+00,0.000000e+00,0.000000e+00,0.000000e+00,0.000000e+00,0.000000e+00,0.000000e+00,0.000000e+00,0.000000e+00,0.000000e+00,0.000000e+00,0.000000e+00
1.000000e+00,0.000000e+00,0.000000e+00,0.000000e+00,0.000000e+00,0.000000e+00,0.000000e+00,0.000000e+00,0.000000e+00,0.000000e+00,0.000000e+00,0.000000e+00,0.000000e+00,0.000000e+00,0.000000e+00
1.000000e+00,0.000000e+00,0.000000e+00,0.000000e+00,0.000000e+00,0.000000e+00,0.000000e+00,0.000000e+00,0.000000e+00,0.000000e+00,0.000000e+00,0.000000e+00,0.000000e+00,0.000000e+00,0.000000e+00
1.000000e+00,0.000000e+00,0.000000e+00,0.000000e+00,0.000000e+00,0.000000e+00,0.000000e+00,0.000000e+00,0.000000e+00,0.000000e+00,0.000000e+00,0.000000e+00,0.000000e+00,0.000000e+00,0.000000e+00
1.000000e+00,0.000000e+00,0.000000e+00,0.000000e+00,0.000000e+00,0.000000e+00,0.000000e+00,0.000000e+00,0.000000e+00,0.000000e+00,0.000000e+00,0.000000e+00,0.000000e+00,0.000000e+00,0.000000e+00
1.000000e+00,0.000000e+00,0.000000e+00,0.000000e+00,0.000000e+00,0.000000e+00,0.000000e+00,0.000000e+00,0.000000e+00,0.000000e+00,0.000000e+00,0.000000e+00,0.000000e+00,0.000000e+00,0.000000e+00
1.000000e+00,0.000000e+00,0.000000e+00,0.000000e+00,0.000000e+00,0.000000e+00,0.000000e+00,0.000000e+00,0.000000e+00,0.000000e+00,0.000000e+00,0.000000e+00,0.000000e+00,0.000000e+00,0.000000e+00
1.000000e+00,0.000000e+00,0.000000e+00,0.000000e+00,0.000000e+00,0.000000e+00,0.000000e+00,0.000000e+00,0.000000e+00,0.000000e+00,0.000000e+00,0.000000e+00,0.000000e+00,0.000000e+00,0.000000e+00
1.000000e+00,0.000000e+00,0.000000e+00,0.000000e+00,0.000000e+00,0.000000e+00,0.000000e+00,0.000000e+00,0.000000e+00,0.000000e+00,0.000000e+00,0.000000e+00,0.000000e+00,0.000000e+00,0.000000e+00
1.000000e+00,0.000000e+00,0.000000e+00,0.000000e+00,0.000000e+00,0.000000e+00,0.000000e+00,0.000000e+00,0.000000e+00,0.000000e+00,0.000000e+00,0.000000e+00,0.000000e+00,0.000000e+00,0.000000e+00
1.000000e+00,0.000000e+00,0.000000e+00,0.000000e+00,0.000000e+00,0.000000e+00,0.000000e+00,0.000000e+00,0.000000e+00,0.000000e+00,0.000000e+00,0.000000e+00,0.000000e+00,0.000000e+00,0.000000e+00
1.000000e+00,0.000000e+00,0.000000e+00,0.000000e+00,0.000000e+00,0.000000e+00,0.000000e+00,0.000000e+00,0.000000e+00,0.000000e+00,0.000000e+00,0.000000e+00,0.000000e+00,0.000000e+00,0.000000e+00
1.000000e+00,0.000000e+00,0.000000e+00,0.000000e+00,0.000000e+00,0.000000e+00,0.000000e+00,0.000000e+00,0.000000e+00,0.000000e+00,0.000000e+00,0.000000e+00,0.000000e+00,0.000000e+00,0.000000e+00
1.000000e+00,0.000000e+00,0.000000e+00,0.000000e+00,0.000000e+00,0.000000e+00,0.000000e+00,0.000000e+00,0.000000e+00,0.000000e+00,0.000000e+00,0.000000e+00,0.000000e+00,0.000000e+00,0.000000e+00
1.000000e+00,0.000000e+00,0.000000e+00,0.000000e+00,0.000000e+00,0.000000e+00,0.000000e+00,0.000000e+00,0.000000e+00,0.000000e+00,0.000000e+00,0.000000e+00,0.000000e+00,0.000000e+00,0.000000e+00
1.000000e+00,0.000000e+00,0.000000e+00,0.000000e+00,0.000000e+00,0.000000e+00,0.000000e+00,0.000000e+00,0.000000e+00,0.000000e+00,0.000000e+00,0.000000e+00,0.000000e+00,0.000000e+00,0.000000e+00
1.000000e+00,0.000000e+00,0.000000e+00,0.000000e+00,0.000000e+00,0.000000e+00,0.000000e+00,0.000000e+00,0.000000e+00,0.000000e+00,0.000000e+00,0.000000e+00,0.000000e+00,0.000000e+00,0.000000e+00
1.000000e+00,0.000000e+00,0.000000e+00,0.000000e+00,0.000000e+00,0.000000e+00,0.000000e+00,0.000000e+00,0.000000e+00,0.000000e+00,0.000000e+00,0.000000e+00,0.000000e+00,0.000000e+00,0.000000e+00
1.000000e+00,0.000000e+00,0.000000e+00,0.000000e+00,0.000000e+00,0.000000e+00,0.000000e+00,0.000000e+00,0.000000e+00,0.000000e+00,0.000000e+00,0.000000e+00,0.000000e+00,0.000000e+00,0.000000e+00
1.000000e+00,0.000000e+00,0.000000e+00,0.000000e+00,0.000000e+00,0.000000e+00,0.000000e+00,0.000000e+00,0.000000e+00,0.000000e+00,0.000000e+00,0.000000e+00,0.000000e+00,0.000000e+00,0.000000e+00
1.000000e+00,0.000000e+00,0.000000e+00,0.000000e+00,0.000000e+00,0.000000e+00,0.000000e+00,0.000000e+00,0.000000e+00,0.000000e+00,0.000000e+00,0.000000e+00,0.000000e+00,0.000000e+00,0.000000e+00
1.000000e+00,0.000000e+00,0.000000e+00,0.000000e+00,0.000000e+00,0.000000e+00,0.000000e+00,0.000000e+00,0.000000e+00,0.000000e+00,0.000000e+00,0.000000e+00,0.000000e+00,0.000000e+00,0.000000e+00
1.000000e+00,0.000000e+00,0.000000e+00,0.000000e+00,0.000000e+00,0.000000e+00,0.000000e+00,0.000000e+00,0.000000e+00,0.000000e+00,0.000000e+00,0.000000e+00,0.000000e+00,0.000000e+00,0.000000e+00
1.000000e+00,0.000000e+00,0.000000e+00,0.000000e+00,0.000000e+00,0.000000e+00,0.000000e+00,0.000000e+00,0.000000e+00,0.000000e+00,0.000000e+00,0.000000e+00,0.000000e+00,0.000000e+00,0.000000e+00
1.000000e+00,0.000000e+00,0.000000e+00,0.000000e+00,0.000000e+00,0.000000e+00,0.000000e+00,0.000000e+00,0.000000e+00,0.000000e+00,0.000000e+00,0.000000e+00,0.000000e+00,0.000000e+00,0.000000e+00
1.000000e+00,0.000000e+00,0.000000e+00,0.000000e+00,0.000000e+00,0.000000e+00,0.000000e+00,0.000000e+00,0.000000e+00,0.000000e+00,0.000000e+00,0.000000e+00,0.000000e+00,0.000000e+00,0.000000e+00
1.000000e+00,0.000000e+00,0.000000e+00,0.000000e+00,0.000000e+00,0.000000e+00,0.000000e+00,0.000000e+00,0.000000e+00,0.000000e+00,0.000000e+00,0.000000e+00,0.000000e+00,0.000000e+00,0.000000e+00
1.000000e+00,0.000000e+00,0.000000e+00,0.000000e+00,0.000000e+00,0.000000e+00,0.000000e+00,0.000000e+00,0.000000e+00,0.000000e+00,0.000000e+00,0.000000e+00,0.000000e+00,0.000000e+00,0.000000e+00
1.000000e+00,0.000000e+00,0.000000e+00,0.000000e+00,0.000000e+00,0.000000e+00,0.000000e+00,0.000000e+00,0.000000e+00,0.000000e+00,0.000000e+00,0.000000e+00,0.000000e+00,0.000000e+00,0.000000e+00
1.000000e+00,0.000000e+00,0.000000e+00,0.000000e+00,0.000000e+00,0.000000e+00,0.000000e+00,0.000000e+00,0.000000e+00,0.000000e+00,0.000000e+00,0.000000e+00,0.000000e+00,0.000000e+00,0.000000e+00
1.000000e+00,0.000000e+00,0.000000e+00,0.000000e+00,0.000000e+00,0.000000e+00,0.000000e+00,0.000000e+00,0.000000e+00,0.000000e+00,0.000000e+00,0.000000e+00,0.000000e+00,0.000000e+00,0.000000e+00
1.000000e+00,0.000000e+00,0.000000e+00,0.000000e+00,0.000000e+00,0.000000e+00,0.000000e+00,0.000000e+00,0.000000e+00,0.000000e+00,0.000000e+00,0.000000e+00,0.000000e+00,0.000000e+00,0.000000e+00
1.000000e+00,0.000000e+00,0.000000e+00,0.000000e+00,0.000000e+00,0.000000e+00,0.000000e+00,0.000000e+00,0.000000e+00,0.000000e+00,0.000000e+00,0.000000e+00,0.000000e+00,0.000000e+00,0.000000e+00
1.000000e+00,0.000000e+00,0.000000e+00,0.000000e+00,0.000000e+00,0.000000e+00,0.000000e+00,0.000000e+00,0.000000e+00,0.000000e+00,0.000000e+00,0.000000e+00,0.000000e+00,0.000000e+00,0.000000e+00
1.000000e+00,0.000000e+00,0.000000e+00,0.000000e+00,0.000000e+00,0.000000e+00,0.000000e+00,0.000000e+00,0.000000e+00,0.000000e+00,0.000000e+00,0.000000e+00,0.000000e+00,0.000000e+00,0.000000e+00
1.000000e+00,0.000000e+00,0.000000e+00,0.000000e+00,0.000000e+00,0.000000e+00,0.000000e+00,0.000000e+00,0.000000e+00,0.000000e+00,0.000000e+00,0.000000e+00,0.000000e+00,0.000000e+00,0.000000e+00
1.000000e+00,0.000000e+00,0.000000e+00,0.000000e+00,0.000000e+00,0.000000e+00,0.000000e+00,0.000000e+00,0.000000e+00,0.000000e+00,0.000000e+00,0.000000e+00,0.000000e+00,0.000000e+00,0.000000e+00
1.000000e+00,0.000000e+00,0.000000e+00,0.000000e+00,0.000000e+00,0.000000e+00,0.000000e+00,0.000000e+00,0.000000e+00,0.000000e+00,0.000000e+00,0.000000e+00,0.000000e+00,0.000000e+00,0.000000e+00
1.000000e+00,0.000000e+00,0.000000e+00,0.000000e+00,0.000000e+00,0.000000e+00,0.000000e+00,0.000000e+00,0.000000e+00,0.000000e+00,0.000000e+00,0.000000e+00,0.000000e+00,0.000000e+00,0.000000e+00
1.000000e+00,0.000000e+00,0.000000e+00,0.000000e+00,0.000000e+00,0.000000e+00,0.000000e+00,0.000000e+00,0.000000e+00,0.000000e+00,0.000000e+00,0.000000e+00,0.000000e+00,0.000000e+00,0.000000e+00
1.000000e+00,0.000000e+00,0.000000e+00,0.000000e+00,0.000000e+00,0.000000e+00,0.000000e+00,0.000000e+00,0.000000e+00,0.000000e+00,0.000000e+00,0.000000e+00,0.000000e+00,0.000000e+00,0.000000e+00
1.000000e+00,0.000000e+00,0.000000e+00,0.000000e+00,0.000000e+00,0.000000e+00,0.000000e+00,0.000000e+00,0.000000e+00,0.000000e+00,0.000000e+00,0.000000e+00,0.000000e+00,0.000000e+00,0.000000e+00
1.000000e+00,0.000000e+00,0.000000e+00,0.000000e+00,0.000000e+00,0.000000e+00,0.000000e+00,0.000000e+00,0.000000e+00,0.000000e+00,0.000000e+00,0.000000e+00,0.000000e+00,0.000000e+00,0.000000e+00
1.000000e+00,0.000000e+00,0.000000e+00,0.000000e+00,0.000000e+00,0.000000e+00,0.000000e+00,0.000000e+00,0.000000e+00,0.000000e+00,0.000000e+00,0.000000e+00,0.000000e+00,0.000000e+00,0.000000e+00
1.000000e+00,0.000000e+00,0.000000e+00,0.000000e+00,0.000000e+00,0.000000e+00,0.000000e+00,0.000000e+00,0.000000e+00,0.000000e+00,0.000000e+00,0.000000e+00,0.000000e+00,0.000000e+00,0.000000e+00
1.000000e+00,0.000000e+00,0.000000e+00,0.000000e+00,0.000000e+00,0.000000e+00,0.000000e+00,0.000000e+00,0.000000e+00,0.000000e+00,0.000000e+00,0.000000e+00,0.000000e+00,0.000000e+00,0.000000e+00
1.000000e+00,0.000000e+00,0.000000e+00,0.000000e+00,0.000000e+00,0.000000e+00,0.000000e+00,0.000000e+00,0.000000e+00,0.000000e+00,0.000000e+00,0.000000e+00,0.000000e+00,0.000000e+00,0.000000e+00
1.000000e+00,0.000000e+00,0.000000e+00,0.000000e+00,0.000000e+00,0.000000e+00,0.000000e+00,0.000000e+00,0.000000e+00,0.000000e+00,0.000000e+00,0.000000e+00,0.000000e+00,0.000000e+00,0.000000e+00
1.000000e+00,0.000000e+00,0.000000e+00,0.000000e+00,0.000000e+00,0.000000e+00,0.000000e+00,0.000000e+00,0.000000e+00,0.000000e+00,0.000000e+00,0.000000e+00,0.000000e+00,0.000000e+00,0.000000e+00
1.000000e+00,0.000000e+00,0.000000e+00,0.000000e+00,0.000000e+00,0.000000e+00,0.000000e+00,0.000000e+00,0.000000e+00,0.000000e+00,0.000000e+00,0.000000e+00,0.000000e+00,0.000000e+00,0.000000e+00
4.543062e-01,2.739304e-02,2.262391e-01,1.647034e-01,1.296242e-02,1.378961e-02,4.327432e-03,2.859912e-02,5.799895e-03,1.524919e-03,7.842829e-03,1.730710e-02,1.554462e-02,2.012582e-03,1.764775e-02
3.686024e-01,2.155188e-02,2.329408e-01,1.604564e-01,1.118040e-02,1.348552e-02,4.036402e-03,1.210764e-01,4.603811e-03,1.730797e-03,1.116038e-02,1.846366e-02,1.384127e-02,2.303839e-03,1.456601e-02
2.654560e-01,1.536855e-02,3.150097e-01,1.699377e-01,8.828814e-03,1.020996e-02,3.017040e-03,1.629262e-01,3.308264e-03,1.308199e-03,8.602410e-03,1.361595e-02,1.034713e-02,1.675864e-03,1.038816e-02
1.924819e-01,1.106023e-02,3.393349e-01,1.511306e-01,9.616365e-03,8.612826e-03,1.286860e-02,2.370156e-01,2.447120e-03,1.067072e-03,6.527402e-03,9.754924e-03,9.313282e-03,1.238705e-03,7.530523e-03
1.492468e-01,8.159547e-03,3.579268e-01,1.861667e-01,1.009331e-02,7.602824e-03,1.542097e-02,2.362191e-01,1.871616e-03,1.164132e-03,4.806940e-03,7.126254e-03,7.691899e-03,1.020089e-03,5.482931e-03
1.165508e-01,6.407266e-03,3.958943e-01,2.169196e-01,1.098223e-02,8.124976e-03,1.895802e-02,2.012076e-01,1.482990e-03,2.002731e-03,3.705206e-03,5.446567e-03,7.021636e-03,9.329163e-04,4.363183e-03
8.988129e-02,5.714191e-03,4.842579e-01,1.633180e-01,1.451226e-02,7.357586e-03,1.869268e-02,1.592001e-01,1.596946e-03,3.488369e-02,4.064361e-03,5.259882e-03,6.154123e-03,1.028700e-03,4.078208e-03
6.889658e-02,9.288643e-03,3.883756e-01,1.268027e-01,5.396306e-02,1.107684e-02,1.917476e-02,1.227726e-01,1.496584e-03,1.756471e-01,8.022736e-03,4.420767e-03,4.792877e-03,1.246811e-03,4.022324e-03
1.384916e-01,1.739098e-02,2.816032e-01,9.846719e-02,8.817399e-02,3.582636e-02,1.752281e-02,8.895752e-02,3.779229e-03,1.436398e-01,5.211890e-02,1.599473e-02,7.273951e-03,2.911642e-03,7.848001e-03
1.507264e-01,2.829105e-02,2.101773e-01,7.620364e-02,1.150506e-01,5.203316e-02,1.603360e-02,6.555013e-02,3.845965e-03,1.253956e-01,1.100691e-01,2.691611e-02,7.000593e-03,5.467447e-03,7.239309e-03
2.429619e-01,3.816318e-02,1.533169e-01,6.015378e-02,1.147604e-01,5.967785e-02,1.392344e-02,4.989667e-02,3.941927e-03,1.012026e-01,1.016847e-01,3.811137e-02,7.961031e-03,5.927949e-03,8.316340e-03
3.718570e-01,2.850590e-02,1.109123e-01,4.686145e-02,8.587571e-02,7.520003e-02,1.241508e-02,3.867710e-02,3.901393e-03,7.224829e-02,8.814085e-02,4.265038e-02,8.145630e-03,5.397636e-03,9.211176e-03
3.013533e-01,2.146501e-02,8.157962e-02,3.525753e-02,6.302591e-02,2.537628e-01,9.503908e-03,2.860498e-02,4.461781e-03,5.170602e-02,8.886969e-02,3.407181e-02,6.954846e-03,8.598519e-03,1.078424e-02
2.154839e-01,1.520952e-02,5.736689e-02,2.474573e-02,4.476077e-02,4.227345e-01,7.033997e-03,2.032861e-02,3.245748e-03,3.624947e-02,9.811415e-02,2.750990e-02,5.063870e-03,1.429456e-02,7.858357e-03
1.532123e-01,1.080099e-02,4.022441e-02,1.737496e-02,3.153659e-02,3.837358e-01,5.592254e-03,1.452645e-02,3.331629e-03,2.616143e-02,1.760203e-01,4.338885e-02,3.931719e-03,8.364757e-02,6.514750e-03
1.111359e-01,7.682214e-03,2.824355e-02,1.225598e-02,2.239017e-02,3.292161e-01,4.805403e-03,1.051023e-02,3.120263e-03,1.915262e-02,2.555082e-01,4.121158e-02,3.027173e-03,1.462035e-01,5.537123e-03
7.833356e-02,5.541622e-03,1.981134e-02,8.616236e-03,1.576440e-02,2.363429e-01,3.459130e-03,7.420015e-03,3.111153e-03,1.394767e-02,3.726947e-01,3.251148e-02,2.198658e-03,1.955823e-01,4.664838e-03
5.503378e-02,3.917946e-03,1.388335e-02,6.040442e-03,1.105630e-02,1.693935e-01,2.447590e-03,5.212915e-03,2.412533e-03,1.023046e-02,4.825097e-01,2.417319e-02,1.598356e-03,2.086056e-01,3.484366e-03
3.857832e-02,2.805218e-03,9.741721e-03,4.239801e-03,7.752016e-03,1.192225e-01,1.720589e-03,3.664747e-03,1.982978e-03,7.381769e-03,5.621566e-01,1.892608e-02,1.167468e-03,2.180254e-01,2.634754e-03
2.729405e-02,2.072761e-03,6.959803e-03,3.001903e-03,5.513124e-03,8.367290e-02,1.511418e-03,2.654894e-03,1.952256e-03,6.289087e-03,5.979573e-01,1.501984e-02,8.351431e-04,2.432845e-01,1.981054e-03
1.925443e-02,1.662751e-03,5.059147e-03,2.152738e-03,4.285186e-03,5.887169e-02,1.837809e-03,1.948619e-03,3.769784e-03,6.692138e-03,5.749086e-01,1.207124e-02,6.018321e-04,3.052514e-01,1.632703e-03
1.360954e-02,2.375841e-02,7.548260e-03,1.675623e-03,7.164985e-03,4.275786e-02,2.521175e-03,1.766077e-03,4.144773e-02,1.033898e-02,5.378936e-01,9.509160e-03,4.503653e-04,2.973148e-01,2.243428e-03
9.564466e-03,2.183823e-02,6.056126e-03,1.263479e-03,7.283448e-03,3.272963e-02,2.017503e-03,1.445344e-03,1.895380e-01,9.321706e-03,4.556869e-01,6.933659e-03,3.274790e-04,2.539077e-01,2.086437e-03
6.777850e-03,1.801299e-02,4.887925e-03,9.390850e-04,6.806204e-03,2.603622e-02,1.459977e-03,1.107574e-03,2.538753e-01,1.144650e-02,4.268610e-01,6.044156e-03,3.031598e-04,2.331539e-01,2.288076e-03
5.201635e-03,1.368917e-02,3.899361e-03,9.564012e-04,5.761877e-03,1.906285e-02,1.041104e-03,8.693844e-04,3.970687e-01,1.032428e-02,3.411433e-01,5.047077e-03,5.139337e-04,1.920255e-01,3.395459e-03
5.389379e-03,4.119257e-02,3.991013e-03,2.464655e-03,8.630345e-03,2.249883e-02,9.605597e-04,7.095895e-03,4.396597e-01,1.339548e-02,2.922835e-01,5.107227e-03,8.943044e-04,1.492926e-01,7.143922e-03
8.927206e-03,3.282867e-02,4.924919e-03,2.488918e-03,9.047033e-03,3.179507e-02,7.409521e-04,8.996522e-03,4.052722e-01,1.993784e-02,3.149816e-01,4.717988e-03,1.676034e-03,1.328220e-01,2.084300e-02
1.096636e-02,2.464817e-02,6.832394e-03,2.834460e-03,8.897489e-03,4.368424e-02,5.922515e-04,8.859150e-03,4.290993e-01,2.092106e-02,2.958978e-01,3.919719e-03,2.625873e-03,1.134055e-01,2.681623e-02
1.997862e-02,1.975560e-02,1.365900e-02,7.316181e-03,9.449388e-03,4.799160e-02,4.902793e-04,7.462012e-03,4.284036e-01,2.358148e-02,2.382119e-01,2.976513e-03,3.432252e-03,9.766042e-02,7.963122e-02
1.612161e-02,1.582140e-02,1.065905e-02,1.211210e-02,7.301973e-03,3.489950e-02,4.276840e-04,6.204154e-03,5.323135e-01,2.502571e-02,1.671545e-01,2.109844e-03,3.780593e-03,7.026364e-02,9.580472e-02
3.207789e-02,1.332808e-02,1.018653e-02,1.452807e-02,1.175363e-02,3.730967e-02,5.907669e-04,5.444776e-03,5.445657e-01,1.859354e-02,1.414857e-01,1.676597e-03,4.980545e-03,8.079767e-02,8.268079e-02
5.250435e-02,1.326459e-02,1.011409e-02,2.552477e-02,1.836490e-02,3.700687e-02,6.787350e-04,4.634232e-03,5.396429e-01,1.338744e-02,1.215686e-01,1.319378e-03,4.433732e-03,9.211616e-02,6.543922e-02
5.562408e-02,1.161440e-02,7.934902e-03,1.987763e-02,2.404988e-02,3.699597e-02,6.254896e-04,3.446883e-03,5.674194e-01,9.558218e-03,1.094064e-01,1.021804e-03,3.769540e-03,9.884201e-02,4.981337e-02
5.202468e-02,1.542843e-02,8.154955e-03,3.049221e-02,4.527914e-02,5.724215e-02,9.654892e-04,3.199793e-03,5.532467e-01,6.920037e-03,8.523370e-02,8.975139e-04,3.038291e-03,9.689879e-02,4.097816e-02
5.614335e-02,2.050867e-02,7.878702e-03,2.564094e-02,4.224523e-02,4.416017e-02,7.987431e-04,2.566685e-03,5.761316e-01,6.229860e-03,6.255565e-02,1.124717e-03,3.024097e-03,9.138022e-02,5.961135e-02
5.849328e-02,1.740143e-02,6.712473e-03,1.984913e-02,3.304927e-02,3.458161e-02,6.610426e-04,2.149172e-03,5.825651e-01,5.869586e-03,4.847440e-02,1.321042e-03,3.462073e-03,8.337087e-02,1.020396e-01
4.995374e-02,1.325486e-02,5.808690e-03,1.741883e-02,2.513360e-02,2.560207e-02,6.469017e-04,1.765458e-03,5.753658e-01,6.087527e-03,3.540649e-02,1.569153e-03,3.157190e-03,6.389970e-02,1.749300e-01
3.787778e-02,1.037688e-02,4.199178e-03,1.261100e-02,1.775573e-02,1.834379e-02,5.038332e-04,1.370502e-03,4.718734e-01,6.328680e-03,3.912930e-02,1.807971e-03,2.594569e-03,6.135675e-02,3.138706e-01
2.794769e-02,1.012544e-02,3.141752e-03,8.911658e-03,1.246940e-02,1.312719e-02,3.792675e-04,9.782042e-04,3.603377e-01,4.673728e-03,4.787686e-02,1.822470e-03,1.938244e-03,7.063089e-02,4.356395e-01
2.022086e-02,7.649320e-03,2.391113e-03,6.367717e-03,8.840522e-03,9.402257e-03,2.999044e-04,7.211674e-04,2.636389e-01,4.971924e-03,1.785393e-01,3.045452e-03,2.365444e-03,1.326145e-01,3.589316e-01
1.500438e-02,6.149500e-03,1.799249e-03,4.743159e-03,6.587085e-03,7.192316e-03,2.528212e-04,5.885241e-04,1.924599e-01,1.102446e-02,2.693240e-01,4.684271e-03,3.522309e-03,1.481028e-01,3.285653e-01
1.440623e-02,5.477148e-03,1.336421e-03,3.816812e-03,5.254773e-03,6.138015e-03,2.359332e-04,4.745589e-04,1.488595e-01,1.004044e-02,4.164807e-01,6.737178e-03,4.550250e-03,1.270240e-01,2.491680e-01
1.158978e-02,7.049371e-03,1.101234e-03,3.126582e-03,9.812504e-03,7.566711e-03,2.929957e-04,4.174572e-04,1.756871e-01,9.151082e-03,4.416919e-01,7.668930e-03,5.465596e-03,1.241750e-01,1.952038e-01
8.489486e-03,6.551012e-03,8.623623e-04,3.665621e-03,1.201032e-02,8.282303e-03,3.517705e-04,5.038288e-04,2.088628e-01,7.038255e-03,4.926132e-01,1.163963e-02,9.278146e-03,9.179167e-02,1.380596e-01
6.063537e-03,5.012415e-03,6.792442e-04,3.480732e-03,9.449762e-03,7.599522e-03,3.499658e-04,5.559279e-04,1.761558e-01,5.344409e-03,5.702459e-01,2.186920e-02,2.900775e-02,6.678331e-02,9.740257e-02
4.475450e-03,4.903840e-03,7.079608e-04,3.088369e-03,1.374043e-02,8.037852e-03,4.654816e-04,7.649740e-04,3.016257e-01,4.439185e-03,4.779834e-01,2.762139e-02,3.329813e-02,4.859320e-02,7.025465e-02
3.664912e-03,6.304248e-03,1.638809e-03,2.776474e-03,2.480079e-02,8.738709e-03,1.039102e-03,2.615966e-03,4.025714e-01,4.760452e-03,3.970363e-01,2.217641e-02,3.543806e-02,3.599394e-02,5.044445e-02
3.564489e-03,8.448999e-03,2.738266e-03,3.525266e-03,5.274530e-02,1.246693e-02,5.659916e-03,1.989006e-02,4.726930e-01,4.232225e-03,3.012794e-01,1.664230e-02,3.328038e-02,2.718462e-02,3.564889e-02
2.693417e-03,3.200867e-02,3.032392e-03,5.132100e-03,5.831644e-02,1.258329e-02,4.378184e-03,1.720691e-02,5.597143e-01,4.043783e-03,2.167929e-01,1.207375e-02,2.665422e-02,1.978831e-02,2.558143e-02
4.363013e-03,4.810316e-02,3.092777e-03,6.377616e-03,1.317554e-01,1.429321e-02,3.846911e-03,1.446500e-02,5.527557e-01,4.716318e-03,1.531198e-01,8.563203e-03,2.112247e-02,1.415829e-02,1.926727e-02
9.391080e-03,6.477048e-02,4.245819e-03,7.050432e-03,1.442876e-01,1.731824e-02,3.608289e-03,1.075176e-02,5.474294e-01,5.706701e-03,1.087861e-01,6.133859e-03,2.062262e-02,1.028639e-02,3.961115e-02
8.497547e-03,8.271493e-02,3.360154e-03,1.862457e-02,1.058362e-01,1.310873e-02,2.627942e-03,7.803963e-03,5.802904e-01,7.264597e-03,7.703023e-02,4.480184e-03,1.951080e-02,7.287364e-03,6.156250e-02
1.044432e-02,1.146313e-01,2.872779e-03,2.483724e-02,7.768022e-02,1.027477e-02,1.931944e-03,6.847531e-03,5.945134e-01,8.366433e-03,6.000275e-02,3.732967e-03,2.073234e-02,5.316959e-03,5.781500e-02
2.161317e-02,1.261923e-01,5.859191e-03,2.476737e-02,8.500474e-02,1.241716e-02,2.921996e-03,3.319703e-02,5.106937e-01,7.186226e-03,6.968848e-02,4.182747e-03,4.087279e-02,5.771547e-03,4.963158e-02
3.696470e-02,1.396175e-01,1.009858e-02,2.885435e-02,8.318696e-02,2.343158e-02,3.942041e-03,3.969805e-02,4.657997e-01,7.561431e-03,6.149321e-02,4.215349e-03,4.810408e-02,5.948551e-03,4.108398e-02
2.819511e-02,1.032438e-01,7.964479e-03,2.244154e-02,6.137767e-02,1.889178e-02,2.869093e-03,2.814608e-02,4.258489e-01,1.061805e-02,4.478966e-02,3.092511e-03,3.646403e-02,4.778998e-03,2.012783e-01
2.185351e-02,8.945007e-02,6.095976e-03,1.770149e-02,4.360117e-02,1.380179e-02,2.074634e-03,2.047109e-02,5.076936e-01,1.044518e-02,3.287673e-02,2.533820e-03,3.217982e-02,3.811703e-03,1.954094e-01
3.402340e-02,1.421516e-01,7.479572e-03,1.469595e-02,4.010128e-02,1.183169e-02,2.291172e-03,2.112257e-02,4.797270e-01,7.988081e-03,3.249864e-02,2.296650e-03,2.847251e-02,7.293084e-03,1.680268e-01
8.567902e-02,1.432057e-01,1.711151e-02,1.984152e-02,4.322037e-02,1.470731e-02,5.819483e-03,5.622017e-02,3.863017e-01,6.155677e-03,3.176776e-02,2.258273e-03,3.428821e-02,2.799045e-02,1.254328e-01
8.460197e-02,1.189238e-01,1.699265e-02,1.660214e-02,3.275913e-02,1.338266e-02,6.225848e-03,5.086100e-02,4.417192e-01,5.759669e-03,2.883672e-02,2.386251e-03,3.930088e-02,3.879428e-02,1.028538e-01
7.633875e-02,9.380374e-02,1.757585e-02,1.396183e-02,2.602357e-02,1.051585e-02,5.882739e-03,4.426843e-02,4.798714e-01,5.476404e-03,2.565183e-02,2.479361e-03,4.041095e-02,3.258022e-02,1.251591e-01
1.228722e-01,9.075505e-02,1.602333e-02,1.198712e-02,2.417584e-02,9.199128e-03,5.431305e-03,3.633776e-02,4.376762e-01,4.542095e-03,2.161378e-02,3.093942e-03,4.484463e-02,2.778664e-02,1.436610e-01
1.592566e-01,1.246705e-01,1.414064e-02,1.066734e-02,2.356246e-02,9.485492e-03,4.885013e-03,3.273801e-02,3.498198e-01,3.822007e-03,2.095804e-02,3.985658e-03,5.997838e-02,2.554124e-02,1.564887e-01
1.471612e-01,1.121547e-01,1.138783e-02,8.950375e-03,1.920192e-02,1.111094e-02,3.648576e-03,2.459280e-02,2.621144e-01,3.429679e-03,1.691124e-02,6.738088e-03,2.317914e-01,2.045095e-02,1.203559e-01
1.130720e-01,9.144412e-02,1.170280e-02,6.658873e-03,1.517879e-02,9.250719e-03,2.744525e-03,1.770969e-02,2.047202e-01,5.070211e-03,1.350676e-02,6.285450e-03,3.606297e-01,1.632345e-02,1.257026e-01
8.748191e-02,6.889357e-02,1.184112e-02,5.390416e-03,1.200641e-02,1.050472e-02,2.160731e-03,1.287484e-02,1.512842e-01,5.006944e-03,1.137431e-02,7.301172e-03,4.857009e-01,1.305093e-02,1.151278e-01
7.623995e-02,4.862331e-02,9.860262e-03,3.909834e-03,1.094752e-02,2.018257e-02,9.128603e-03,1.758746e-02,1.084289e-01,3.908457e-03,9.495880e-03,7.784854e-03,5.547553e-01,9.651683e-03,1.094954e-01
7.393647e-02,3.447957e-02,1.130695e-02,3.346547e-03,3.144751e-02,2.256106e-02,1.102390e-02,1.855749e-02,7.916072e-02,3.137314e-03,8.102673e-03,8.156605e-03,5.607857e-01,7.480362e-03,1.265171e-01
5.343091e-02,2.681395e-02,1.261677e-02,1.040096e-02,2.308135e-01,5.344715e-02,9.693567e-03,1.354082e-02,7.927010e-02,3.065009e-03,5.902359e-03,5.954199e-03,3.987417e-01,5.260789e-03,9.104820e-02
4.406457e-02,2.411079e-02,1.599877e-02,1.902477e-02,1.936985e-01,4.858915e-02,1.093801e-02,2.901213e-02,1.493843e-01,4.755788e-03,5.977406e-03,6.293051e-03,3.686573e-01,4.084770e-03,7.541078e-02
4.083630e-02,2.475423e-02,3.117026e-02,2.124311e-02,1.814946e-01,5.271163e-02,8.886589e-03,3.410916e-02,1.820491e-01,5.670459e-03,7.847792e-03,5.973323e-03,3.299362e-01,3.478972e-03,6.983827e-02
4.786103e-02,1.931350e-02,3.413347e-02,2.468264e-02,1.950719e-01,6.214840e-02,1.311412e-02,3.180267e-02,1.524551e-01,5.510254e-03,8.848515e-03,5.669697e-03,3.200126e-01,2.945347e-03,7.643078e-02
6.206382e-02,1.840880e-02,2.962455e-02,3.711899e-02,2.106634e-01,8.519651e-02,1.197940e-02,2.513855e-02,1.149042e-01,5.509426e-03,7.977661e-03,5.250313e-03,3.057325e-01,2.381618e-03,7.805036e-02
4.606430e-02,2.242061e-02,2.338602e-02,2.562198e-01,1.664333e-01,6.197178e-02,8.944756e-03,1.829595e-02,1.048938e-01,4.872409e-03,6.719266e-03,4.047993e-03,2.150149e-01,1.728964e-03,5.898613e-02
5.449982e-02,1.808891e-02,4.993602e-02,3.436393e-01,1.361786e-01,4.975861e-02,7.593518e-03,2.331291e-02,8.877365e-02,4.662153e-03,8.179357e-03,3.491265e-03,1.633057e-01,1.420176e-03,4.716005e-02
5.748573e-02,1.413481e-02,3.903246e-02,2.653958e-01,1.560305e-01,4.364786e-02,9.939730e-03,1.742858e-01,6.803872e-02,3.392739e-03,1.049238e-02,2.722432e-03,1.186898e-01,1.013738e-03,3.569760e-02
4.245567e-02,1.017997e-02,2.832102e-02,1.885752e-01,1.274661e-01,3.272582e-02,1.193959e-02,3.873693e-01,4.780583e-02,2.650571e-03,8.198929e-03,1.942980e-03,8.381955e-02,7.285113e-04,2.582101e-02
3.095271e-02,7.287760e-03,2.031113e-02,1.327826e-01,9.478192e-02,2.352211e-02,1.009839e-02,5.600452e-01,3.351764e-02,1.898997e-03,5.838774e-03,1.373650e-03,5.892318e-02,5.185151e-04,1.814737e-02
3.385192e-02,5.806568e-03,1.583207e-02,9.435959e-02,9.145986e-02,2.593346e-02,8.881087e-03,6.335238e-01,2.419564e-02,1.656227e-03,6.516278e-03,1.509368e-03,4.240165e-02,4.545979e-04,1.361791e-02
4.298688e-02,7.286892e-03,1.268170e-02,8.004519e-02,1.235169e-01,2.344150e-02,1.114935e-02,6.294466e-01,1.857815e-02,1.605282e-03,5.938022e-03,1.639415e-03,3.087803e-02,4.272118e-04,1.037891e-02
6.276822e-02,1.113189e-02,1.125829e-02,8.563440e-02,1.302436e-01,5.221945e-02,9.422961e-03,5.737664e-01,1.702869e-02,1.477587e-03,6.171186e-03,3.821287e-03,2.549763e-02,8.047922e-04,8.753785e-03
6.994813e-02,1.744834e-02,1.238059e-02,7.410666e-02,1.327950e-01,1.560439e-01,7.498231e-03,4.780076e-01,1.313285e-02,1.339622e-03,5.214119e-03,3.724457e-03,1.962029e-02,1.046601e-03,7.693723e-03
5.232324e-02,1.562263e-02,1.299528e-02,5.408712e-02,1.034750e-01,3.623821e-01,5.470104e-03,3.544708e-01,9.470421e-03,1.658725e-03,4.012684e-03,2.898136e-03,1.425574e-02,9.231362e-04,5.954905e-03
4.005628e-02,1.149265e-02,1.037362e-02,3.852709e-02,7.470866e-02,5.275082e-01,3.992493e-03,2.643230e-01,6.771098e-03,1.509633e-03,3.097005e-03,2.216093e-03,1.004663e-02,7.772307e-04,4.600333e-03
3.227834e-02,8.340711e-03,7.478154e-03,2.732700e-02,5.382454e-02,6.584539e-01,3.009134e-03,1.871499e-01,4.820061e-03,1.270425e-03,2.712110e-03,1.870548e-03,7.214793e-03,6.519950e-04,3.598394e-03
2.732118e-02,6.136188e-03,5.472030e-03,1.964746e-02,3.926397e-02,7.487427e-01,2.307464e-03,1.320615e-01,3.474227e-03,1.108060e-03,3.101685e-03,2.059838e-03,5.423303e-03,7.289895e-04,3.151383e-03
2.257924e-02,4.616501e-03,4.229745e-03,1.388830e-02,2.832064e-02,7.847100e-01,1.757409e-03,9.325180e-02,2.536165e-03,8.637316e-04,2.704930e-02,5.327612e-03,4.579937e-03,3.328437e-03,2.961050e-03
1.705358e-02,3.335848e-03,3.176054e-03,9.757599e-03,2.002602e-02,7.926201e-01,1.281183e-03,6.546206e-02,1.824451e-03,7.266774e-04,6.439017e-02,8.714780e-03,3.917495e-03,5.320759e-03,2.393207e-03
1.284912e-02,2.536031e-03,2.462732e-03,6.868598e-03,1.419936e-02,7.486601e-01,1.128197e-03,4.634864e-02,1.459117e-03,9.320899e-04,1.223850e-01,2.345983e-02,3.596795e-03,1.096595e-02,2.148365e-03
9.548993e-03,2.264148e-03,2.101151e-03,4.969000e-03,1.002530e-02,5.404823e-01,9.750923e-04,3.287555e-02,2.233716e-03,1.995879e-03,2.916728e-01,5.916113e-02,3.433261e-03,3.544581e-02,2.815810e-03
7.181596e-03,1.962660e-02,3.024583e-03,3.619423e-03,7.140754e-03,4.112044e-01,7.346520e-04,2.331546e-02,2.799936e-02,2.136936e-03,3.886938e-01,5.512899e-02,2.655833e-03,4.122412e-02,6.313539e-03
5.685913e-03,1.258038e-01,1.053264e-02,5.872055e-03,6.778466e-03,3.523583e-01,7.493160e-04,1.685187e-02,5.857480e-02,1.961225e-03,3.291275e-01,4.795164e-02,2.041394e-03,3.063901e-02,5.071994e-03
4.582800e-03,1.592139e-01,8.323524e-03,4.486573e-03,5.544938e-03,3.379509e-01,6.958157e-04,1.269446e-02,6.388852e-02,2.581758e-03,3.025140e-01,5.685443e-02,1.840365e-03,3.485846e-02,3.969722e-03
3.830470e-03,2.516481e-01,8.505696e-03,6.841830e-03,4.338115e-03,3.284101e-01,5.391447e-04,9.436452e-03,6.165417e-02,3.158899e-03,2.352123e-01,5.447675e-02,1.898364e-03,2.590592e-02,4.143757e-03
3.087327e-03,4.566658e-01,9.457080e-03,7.663287e-03,3.249733e-03,2.318841e-01,3.957615e-04,6.976902e-03,4.590727e-02,3.109747e-03,1.668706e-01,3.988475e-02,1.747664e-03,1.843069e-02,4.669338e-03
4.870691e-03,5.655510e-01,1.388309e-02,7.851169e-03,3.504066e-03,1.689030e-01,3.200970e-04,7.169907e-03,4.132270e-02,5.448119e-03,1.191803e-01,2.882496e-02,1.972082e-03,1.329000e-02,1.790884e-02
1.542736e-02,5.034922e-01,2.578337e-02,7.245506e-02,5.133791e-03,1.206249e-01,4.097539e-04,1.037889e-02,5.279792e-02,8.989584e-03,9.206700e-02,2.194191e-02,3.693166e-03,9.603945e-03,5.720114e-02
4.849381e-02,5.238656e-01,2.067577e-02,6.154791e-02,1.152445e-02,9.671221e-02,4.113447e-04,2.057737e-02,5.814727e-02,6.882205e-03,6.782565e-02,1.647858e-02,3.807388e-03,7.259707e-03,5.579075e-02
4.112577e-02,3.946705e-01,2.031310e-02,1.778890e-01,9.337455e-03,6.871345e-02,3.225687e-04,1.551368e-02,1.203348e-01,6.284506e-03,5.323637e-02,1.220919e-02,3.986518e-03,5.406127e-03,7.065693e-02
9.917032e-02,3.179497e-01,1.727581e-02,1.727084e-01,2.912375e-02,6.031006e-02,6.319498e-04,1.785141e-02,1.249605e-01,5.954054e-03,4.214944e-02,1.143317e-02,4.817974e-03,4.653031e-03,9.101039e-02
8.320314e-02,2.459125e-01,1.969675e-02,2.637164e-01,2.854081e-02,4.369165e-02,9.674862e-04,1.587919e-02,1.470386e-01,5.184199e-03,3.095825e-02,8.760370e-03,4.251243e-03,3.446188e-03,9.875318e-02
1.156962e-01,1.889650e-01,3.900247e-02,2.060712e-01,3.777601e-02,3.524735e-02,1.050016e-03,1.345219e-02,1.486691e-01,7.886520e-03,2.516940e-02,8.078539e-03,4.593832e-03,8.080953e-03,1.602612e-01
1.393851e-01,1.647393e-01,3.456730e-02,2.565801e-01,4.857808e-02,3.170772e-02,2.493162e-03,1.901238e-02,1.252274e-01,5.983504e-03,1.960074e-02,7.393921e-03,4.880353e-03,6.189100e-03,1.336618e-01
1.477430e-01,1.262947e-01,3.163745e-02,3.612123e-01,3.963064e-02,2.479295e-02,1.955494e-03,1.568165e-02,9.302381e-02,5.090737e-03,3.477747e-02,7.925985e-03,5.425304e-03,5.331026e-03,9.947733e-02
1.179837e-01,9.090977e-02,2.330078e-02,3.460111e-01,3.127532e-02,1.823131e-02,1.472391e-03,1.131010e-02,7.068650e-02,9.565860e-03,1.556333e-01,1.695469e-02,2.530765e-02,8.466770e-03,7.289068e-02
9.034573e-02,6.495810e-02,1.690198e-02,3.489971e-01,2.439427e-02,1.351525e-02,1.129044e-03,8.118644e-03,5.892149e-02,2.019065e-02,1.890455e-01,6.159136e-02,3.274837e-02,1.457957e-02,5.456286e-02
8.610974e-02,4.609332e-02,1.230455e-02,2.587856e-01,3.026906e-02,1.745452e-02,1.332172e-03,7.000906e-03,4.725718e-02,1.793616e-02,2.833978e-01,6.073701e-02,4.954089e-02,4.034105e-02,4.144000e-02
7.040881e-02,3.299059e-02,9.161998e-03,2.211343e-01,2.513598e-02,1.329443e-02,1.240836e-03,5.660801e-03,3.852579e-02,1.873406e-02,2.520982e-01,1.128993e-01,4.417370e-02,1.240887e-01,3.045238e-02
5.520622e-02,2.354470e-02,7.412602e-03,1.593506e-01,2.165045e-02,9.927409e-03,9.389344e-04,4.243532e-03,2.784653e-02,2.273552e-02,3.261791e-01,1.227575e-01,3.329189e-02,1.629843e-01,2.193068e-02
4.141983e-02,1.714935e-02,5.819940e-03,1.126987e-01,2.127174e-02,7.190425e-03,7.284962e-04,3.674039e-03,2.114603e-02,2.915775e-02,4.249555e-01,1.064997e-01,2.656017e-02,1.659068e-01,1.582145e-02
3.097195e-02,1.385601e-02,5.386860e-03,7.965942e-02,2.841274e-02,5.374074e-03,5.738686e-04,3.386921e-03,1.611608e-02,2.620518e-02,4.607391e-01,9.480998e-02,2.079403e-02,2.022413e-01,1.147248e-02
2.405446e-02,1.326533e-02,7.223244e-03,5.657290e-02,2.828377e-02,1.216875e-02,6.976940e-04,9.116112e-03,1.335177e-02,5.170614e-02,4.529499e-01,7.949802e-02,1.661097e-02,2.243529e-01,1.014796e-02
1.850583e-02,1.776671e-02,6.827970e-03,4.079820e-02,7.165062e-02,9.965843e-03,6.608377e-04,8.661974e-03,1.348963e-02,5.977429e-02,4.622796e-01,6.248430e-02,1.284356e-02,2.058871e-01,8.403404e-03
1.686076e-02,2.319835e-02,3.411765e-02,3.799785e-02,6.525110e-02,1.115437e-02,9.103277e-04,4.086846e-02,3.284363e-02,4.721093e-02,4.032485e-01,5.248153e-02,1.432710e-02,2.114425e-01,8.086833e-03
1.424820e-02,2.708787e-02,7.573648e-02,5.626397e-02,6.465534e-02,1.035490e-02,7.888402e-04,3.054792e-02,1.538306e-01,3.988387e-02,2.925996e-01,3.878779e-02,1.391871e-02,1.698664e-01,1.142952e-02
1.843814e-02,3.142637e-02,1.688190e-01,8.054887e-02,5.363343e-02,1.229799e-02,8.308768e-04,3.114977e-02,1.530930e-01,3.607979e-02,2.242952e-01,2.895540e-02,1.316731e-02,1.357918e-01,1.147304e-02
1.822044e-02,2.952901e-02,2.615450e-01,1.527888e-01,4.389312e-02,1.667448e-02,8.004742e-04,2.267176e-02,1.263975e-01,3.144607e-02,1.602803e-01,2.057071e-02,9.961134e-03,9.594794e-02,9.273303e-03
4.929645e-02,2.985747e-02,2.305243e-01,2.307575e-01,3.957862e-02,3.536908e-02,1.179681e-03,1.670746e-02,1.028905e-01,3.686916e-02,1.213967e-01,1.662864e-02,9.178470e-03,6.896378e-02,1.080227e-02
6.371995e-02,2.632214e-02,2.086538e-01,1.816761e-01,3.057885e-02,2.743744e-02,9.926144e-04,1.245229e-02,1.483037e-01,7.073784e-02,1.228270e-01,1.321845e-02,1.608314e-02,5.328698e-02,2.370962e-02
5.876047e-02,2.078536e-02,1.514172e-01,1.350660e-01,2.183005e-02,1.982211e-02,7.175689e-04,8.991252e-03,3.110529e-01,5.974995e-02,1.074035e-01,9.642189e-03,1.476669e-02,4.637156e-02,3.362314e-02
4.229170e-02,1.526536e-02,1.096696e-01,9.585734e-02,1.540073e-02,1.420095e-02,5.177727e-04,6.333490e-03,4.964485e-01,4.398743e-02,8.138034e-02,6.884770e-03,1.140085e-02,3.462647e-02,2.573463e-02
3.127085e-02,1.131254e-02,7.754607e-02,6.771270e-02,1.138222e-02,1.101205e-02,4.291003e-04,4.732681e-03,4.358847e-01,4.237301e-02,1.227688e-01,5.279256e-03,1.273696e-02,1.364455e-01,2.911355e-02
2.359614e-02,8.416984e-03,5.485049e-02,4.813059e-02,8.240132e-03,9.342114e-03,3.486095e-04,3.548295e-03,3.743515e-01,3.174798e-02,1.146288e-01,4.138556e-03,1.202516e-02,2.764007e-01,3.023393e-02
1.824044e-02,8.660453e-03,3.973445e-02,3.461653e-02,9.319169e-03,1.175174e-02,3.559163e-04,2.569227e-03,3.034974e-01,2.374532e-02,1.446292e-01,3.499376e-03,1.064024e-02,3.558065e-01,3.293397e-02
1.329153e-02,8.604622e-03,2.839651e-02,2.443964e-02,7.993487e-03,9.836333e-03,2.996973e-04,1.876177e-03,2.778893e-01,1.851139e-02,1.221292e-01,2.975946e-03,8.140231e-03,4.447340e-01,3.088193e-02
9.974482e-03,8.552908e-03,2.010473e-02,1.728099e-02,6.161651e-03,8.417496e-03,2.261880e-04,1.348116e-03,2.767172e-01,1.393008e-02,1.145889e-01,2.207357e-03,5.941440e-03,4.839662e-01,3.058233e-02
7.232181e-03,1.720318e-02,1.476414e-02,1.225146e-02,4.482507e-03,8.789691e-03,1.688280e-04,9.847701e-04,2.765850e-01,1.050413e-02,1.089407e-01,1.824518e-03,4.429028e-03,5.058287e-01,2.601108e-02
5.442183e-03,1.593063e-02,1.054183e-02,8.738386e-03,3.306629e-03,7.470462e-03,1.375466e-04,7.074036e-04,2.952579e-01,8.091871e-03,9.027431e-02,1.425294e-03,3.248398e-03,5.288785e-01,2.054865e-02
4.111980e-03,1.640299e-02,7.955096e-03,6.178664e-03,2.659168e-03,6.198748e-03,1.081899e-04,5.406046e-04,3.391910e-01,6.547092e-03,6.511973e-02,1.059810e-03,2.336326e-03,5.249449e-01,1.664571e-02
4.332628e-03,1.248888e-02,1.294977e-02,5.196067e-03,3.653656e-03,7.248838e-03,1.205258e-04,2.311374e-03,3.807062e-01,6.978005e-03,4.790267e-02,9.898910e-04,1.960835e-03,5.008464e-01,1.231422e-02
5.055335e-03,1.003594e-02,1.192292e-02,3.911356e-03,3.821490e-03,6.466234e-03,1.070155e-04,2.711231e-03,4.383208e-01,6.350859e-03,3.507349e-02,9.729246e-04,1.576867e-03,4.643378e-01,9.335704e-03
6.090146e-03,7.862885e-03,1.048310e-02,2.895384e-03,3.569741e-03,6.039691e-03,8.421962e-05,3.039849e-03,4.674529e-01,5.054582e-03,2.497083e-02,7.182269e-04,1.124380e-03,4.536170e-01,6.997000e-03
8.499123e-03,5.821898e-03,8.380506e-03,2.148431e-03,3.750765e-03,5.293232e-03,6.372321e-05,3.182289e-03,4.701101e-01,4.557781e-03,1.792789e-02,5.762283e-04,8.505799e-04,4.631612e-01,5.676297e-03
1.314033e-02,1.117691e-02,7.338056e-03,2.018354e-03,4.499684e-03,5.650003e-03,6.837429e-05,3.806665e-03,4.518841e-01,5.115990e-03,1.315871e-02,5.323853e-04,9.764615e-04,4.523774e-01,2.825649e-02
1.707692e-02,1.365811e-02,5.747175e-03,1.974203e-03,4.706273e-03,4.628696e-03,7.096126e-05,4.572871e-03,4.131796e-01,8.255993e-03,1.002249e-02,5.628676e-04,1.863114e-03,4.497556e-01,6.392501e-02
2.689467e-02,1.310254e-02,6.134394e-03,3.676105e-03,1.405520e-02,4.643153e-03,1.741696e-04,7.465815e-03,4.346671e-01,7.449294e-03,7.970048e-03,5.792760e-04,1.693589e-03,4.158396e-01,5.565498e-02
2.735105e-02,2.350653e-02,7.921068e-03,1.631199e-01,2.485562e-02,5.079205e-03,1.750185e-04,5.707618e-03,3.648176e-01,5.673665e-03,6.114627e-03,5.887734e-04,1.472963e-03,3.006907e-01,6.292561e-02
3.333623e-02,1.823332e-02,8.597189e-03,2.221315e-01,3.387766e-02,5.502705e-03,3.031038e-04,4.824408e-03,3.749326e-01,4.636942e-03,5.586035e-03,6.478598e-04,1.568726e-03,2.189280e-01,6.689367e-02
6.388545e-02,1.454257e-02,5.456265e-02,1.636727e-01,4.141963e-02,4.630203e-03,2.439647e-04,9.271289e-03,4.180767e-01,4.057968e-03,4.719165e-03,5.596322e-04,1.191987e-03,1.665464e-01,5.261959e-02
1.459024e-01,1.569219e-02,4.517342e-02,1.292003e-01,4.695991e-02,6.647419e-03,4.722670e-04,8.344682e-03,4.180594e-01,3.311058e-03,4.720870e-03,2.141330e-03,1.739752e-03,1.322201e-01,3.941486e-02
2.666955e-01,1.563822e-02,4.173030e-02,1.272143e-01,3.828372e-02,9.210368e-03,8.838662e-04,7.283334e-03,3.458259e-01,3.039518e-03,4.897358e-03,6.597011e-03,2.415744e-03,9.565558e-02,3.462914e-02
3.181540e-01,1.620380e-02,5.717376e-02,1.298989e-01,3.629293e-02,9.738954e-03,1.365195e-03,9.407184e-03,2.998475e-01,3.325517e-03,5.924414e-03,8.736573e-03,3.054357e-03,7.069977e-02,3.017708e-02
3.750434e-01,1.887435e-02,6.020327e-02,1.131401e-01,3.291817e-02,1.072561e-02,1.906839e-03,1.275407e-02,2.705430e-01,3.833289e-03,5.836937e-03,8.355223e-03,3.114867e-03,5.300229e-02,2.974856e-02
