1.000000e+00,0.000000e+00,0.000000e+00,0.000000e+00,0.000000e+00,0.000000e+00,0.000000e+00,0.000000e+00,0.000000e+00,0.000000e+00,0.000000e+00,0.000000e+00,0.000000e+00,0.000000e+00,0.000000e+00
1.000000e+00,0.000000e+00,0.000000e+00,0.000000e+00,0.000000e+00,0.000000e+00,0.000000e+00,0.000000e+00,0.000000e+00,0.000000e+00,0.000000e+00,0.000000e+00,0.000000e+00,0.000000e+00,0.000000e+00
1.000000e+00,0.000000e+00,0.000000e+00,0.000000e+00,0.000000e+00,0.000000e+00,0.000000e+00,0.000000e+00,0.000000e+00,0.000000e+00,0.000000e+00,0.000000e+00,0.000000e+00,0.000000e+00,0.000000e+00
1.000000e+00,0.000000e+00,0.000000e+00,0.000000e+00,0.000000e+00,0.000000e+00,0.000000e+00,0.000000e+00,0.000000e+00,0.000000e+00,0.000000e+00,0.000000e+00,0.000000e+00,0.000000e+00,0.000000e+00
1.000000e+00,0.000000e+00,0.000000e+00,0.000000e+00,0.000000e+00,0.000000e+00,0.000000e+00,0.000000e+00,0.000000e+00,0.000000e+00,0.000000e+00,0.000000e+00,0.000000e+00,0.000000e+00,0.000000e+00
1.000000e+00,0.000000e+00,0.000000e+00,0.000000e+00,0.000000e+00,0.000000e+00,0.000000e+00,0.000000e+00,0.000000e+00,0.000000e+00,0.000000e+00,0.000000e+00,0.000000e+00,0.000000e+00,0.000000e+00
1.000000e+00,0.000000e+00,0.000000e+00,0.000000e+00,0.000000e+00,0.000000e+00,0.000000e+00,0.000000e+00,0.000000e+00,0.000000e+00,0.000000e+00,0.000000e+00,0.000000e+00,0.000000e+00,0.000000e+00
1.000000e+00,0.000000e+00,0.000000e+00,0.000000e+00,0.000000e+00,0.000000e+00,0.000000e+00,0.000000e+00,0.000000e+00,0.000000e+00,0.000000e+00,0.000000e+00,0.000000e+00,0.000000e+00,0.000000e+00
1.000000e+00,0.000000e+00,0.000000e+00,0.000000e+00,0.000000e+00,0.000000e+00,0.000000e+00,0.000000e+00,0.000000e+00,0.000000e+00,0.000000e+00,0.000000e+00,0.000000e+00,0.000000e+00,0.000000e+00
1.000000e+00,0.000000e+00,0.000000e+00,0.000000e+00,0.000000e+00,0.000000e+00,0.000000e+00,0.000000e+00,0.000000e+00,0.000000e+00,0.000000e+00,0.000000e+00,0.000000e+00,0.000000e+00,0.000000e+00
1.000000e+00,0.000000e+00,0.000000e+00,0.000000e+00,0.000000e+00,0.000000e+00,0.000000e+00,0.000000e+00,0.000000e+00,0.000000e+00,0.000000e+00,0.000000e+00,0.000000e+00,0.000000e+00,0.000000e+00
1.000000e+00,0.000000e+00,0.000000e+00,0.000000e+00,0.000000e+00,0.000000e+00,0.000000e+00,0.000000e+00,0.000000e+00,0.000000e+00,0.000000e+00,0.000000e+00,0.000000e+00,0.000000e+00,0.000000e+00
1.000000e+00,0.000000e+00,0.000000e+00,0.000000e+00,0.000000e+00,0.000000e+00,0.000000e+00,0.000000e+00,0.000000e+00,0.000000e+00,0.000000e+00,0.000000e+00,0.000000e+00,0.000000e+00,0.000000e+00
1.000000e+00,0.000000e+00,0.000000e+00,0.000000e+00,0.000000e+00,0.000000e+00,0.000000e+00,0.000000e+00,0.000000e+00,0.000000e+00,0.000000e+00,0.000000e+00,0.000000e+00,0.000000e+00,0.000000e+00
1.000000e+00,0.000000e+00,0.000000e+00,0.000000e+00,0.000000e+00,0.000000e+00,0.000000e+00,0.000000e+00,0.000000e+00,0.000000e+00,0.000000e+00,0.000000e+00,0.000000e+00,0.000000e+00,0.000000e+00
1.000000e+00,0.000000e+00,0.000000e+00,0.000000e+00,0.000000e+00,0.000000e+00,0.000000e+00,0.000000e+00,0.000000e+00,0.000000e+00,0.000000e+00,0.000000e+00,0.000000e+00,0.000000e+00,0.000000e+00
1.000000e+00,0.000000e+00,0.000000e+00,0.000000e+00,0.000000e+00,0.000000e+00,0.000000e+00,0.000000e+00,0.000000e+00,0.000000e+00,0.000000e+00,0.000000e+00,0.000000e+00,0.000000e+00,0.000000e+00
1.000000e+00,0.000000e+00,0.000000e+00,0.000000e+00,0.000000e+00,0.000000e+00,0.000000e+00,0.000000e+00,0.000000e+00,0.000000e+00,0.000000e+00,0.000000e+00,0.000000e+00,0.000000e+00,0.000000e+00
1.000000e+00,0.000000e+00,0.000000e+00,0.000000e+00,0.000000e+00,0.000000e+00,0.000000e+00,0.000000e+00,0.000000e+00,0.000000e+00,0.000000e+00,0.000000e+00,0.000000e+00,0.000000e+00,0.000000e+00
1.000000e+00,0.000000e+00,0.000000e+00,0.000000e+00,0.000000e+00,0.000000e+00,0.000000e+00,0.000000e+00,0.000000e+00,0.000000e+00,0.000000e+00,0.000000e+00,0.000000e+00,0.000000e+00,0.000000e+00
1.000000e+00,0.000000e+00,0.000000e+00,0.000000e+00,0.000000e+00,0.000000e+00,0.000000e+00,0.000000e+00,0.000000e+00,0.000000e+00,0.000000e+00,0.000000e+00,0.000000e+00,0.000000e+00,0.000000e+00
1.000000e+00,0.000000e+00,0.000000e+00,0.000000e+00,0.000000e+00,0.000000e+00,0.000000e+00,0.000000e+00,0.000000e+00,0.000000e+00,0.000000e+00,0.000000e+00,0.000000e+00,0.000000e+00,0.000000e+00
1.000000e+00,0.000000e+00,0.000000e+00,0.000000e+00,0.000000e+00,0.000000e+00,0.000000e+00,0.000000e+00,0.000000e+00,0.000000e+00,0.000000e+00,0.000000e+00,0.000000e+00,0.000000e+00,0.000000e+00
1.000000e+00,0.000000e+00,0.000000e+00,0.000000e+00,0.000000e+00,0.000000e+00,0.000000e+00,0.000000e+00,0.000000e+00,0.000000e+00,0.000000e+00,0.000000e+00,0.000000e+00,0.000000e+00,0.000000e+00
1.000000e+00,0.000000e+00,0.000000e+00,0.000000e+00,0.000000e+00,0.000000e+00,0.000000e+00,0.000000e+00,0.000000e+00,0.000000e+00,0.000000e+00,0.000000e+00,0.000000e+00,0.000000e+00,0.000000e+00
1.000000e+00,0.000000e+00,0.000000e+00,0.000000e+00,0.000000e+00,0.000000e+00,0.000000e+00,0.000000e+00,0.000000e+00,0.000000e+00,0.000000e+00,0.000000e+00,0.000000e+00,0.000000e+00,0.000000e+00
1.000000e+00,0.000000e+00,0.000000e+00,0.000000e+00,0.000000e+00,0.000000e+00,0.000000e+00,0.000000e+00,0.000000e+00,0.000000e+00,0.000000e+00,0.000000e+00,0.000000e+00,0.000000e+00,0.000000e+00
1.000000e+00,0.000000e+00,0.000000e+00,0.000000e+00,0.000000e+00,0.000000e+00,0.000000e+00,0.000000e+00,0.000000e+00,0.000000e+00,0.000000e+00,0.000000e+00,0.000000e+00,0.000000e+00,0.000000e+00
1.000000e+00,0.000000e+00,0.000000e+00,0.000000e+00,0.000000e+00,0.000000e+00,0.000000e+00,0.000000e+00,0.000000e+00,0.000000e+00,0.000000e+00,0.000000e+00,0.000000e+00,0.000000e+00,0.000000e+00
1.000000e+00,0.000000e+00,0.000000e+00,0.000000e+00,0.000000e+00,0.000000e+00,0.000000e+00,0.000000e+00,0.000000e+00,0.000000e+00,0.000000e+00,0.000000e+00,0.000000e+00,0.000000e+00,0.000000e+00
1.000000e+00,0.000000e+00,0.000000e+00,0.000000e+00,0.000000e+00,0.000000e+00,0.000000e+00,0.000000e+00,0.000000e+00,0.000000e+00,0.000000e+00,0.000000e+00,0.000000e+00,0.000000e+00,0.000000e+00
1.000000e+00,0.000000e+00,0.000000e+00,0.000000e+00,0.000000e+00,0.000000e+00,0.000000e+00,0.000000e+00,0.000000e+00,0.000000e+00,0.000000e+00,0.000000e+00,0.000000e+00,0.000000e+00,0.000000e+00
1.000000e+00,0.000000e+00,0.000000e+00,0.000000e+00,0.000000e+00,0.000000e+00,0.000000e+00,0.000000e+00,0.000000e+00,0.000000e+00,0.000000e+00,0.000000e+00,0.000000e+00,0.000000e+00,0.000000e+00
1.000000e+00,0.000000e+00,0.000000e+00,0.000000e+00,0.000000e+00,0.000000e+00,0.000000e+00,0.000000e+00,0.000000e+00,0.000000e+00,0.000000e+00,0.000000e+00,0.000000e+00,0.000000e+00,0.000000e+00
1.000000e+00,0.000000e+00,0.000000e+00,0.000000e+00,0.000000e+00,0.000000e+00,0.000000e+00,0.000000e+00,0.000000e+00,0.000000e+00,0.000000e+00,0.000000e+00,0.000000e+00,0.000000e+00,0.000000e+00
1.000000e+00,0.000000e+00,0.000000e+00,0.000000e+00,0.000000e+00,0.000000e+00,0.000000e+00,0.000000e+00,0.000000e+00,0.000000e+00,0.000000e+00,0.000000e+00,0.000000e+00,0.000000e+00,0.000000e+00
1.000000e+00,0.000000e+00,0.000000e+00,0.000000e+00,0.000000e+00,0.000000e+00,0.000000e+00,0.000000e+00,0.000000e+00,0.000000e+00,0.000000e+00,0.000000e+00,0.000000e+00,0.000000e+00,0.000000e+00
1.000000e+00,0.000000e+00,0.000000e+00,0.000000e+00,0.000000e+00,0.000000e+00,0.000000e+00,0.000000e+00,0.000000e+00,0.000000e+00,0.000000e+00,0.000000e+00,0.000000e+00,0.000000e+00,0.000000e+00
1.000000e+00,0.000000e+00,0.000000e+00,0.000000e+00,0.000000e+00,0.000000e+00,0.000000e+00,0.000000e+00,0.000000e+00,0.000000e+00,0.000000e+00,0.000000e+00,0.000000e+00,0.000000e+00,0.000000e+00
1.000000e+00,0.000000e+00,0.000000e+00,0.000000e+00,0.000000e+00,0.000000e+00,0.000000e+00,0.000000e+00,0.000000e+00,0.000000e+00,0.000000e+00,0.000000e+00,0.000000e+00,0.000000e+00,0.000000e+00
1.000000e+00,0.000000e+00,0.000000e+00,0.000000e+00,0.000000e+00,0.000000e+00,0.000000e+00,0.000000e+00,0.000000e+00,0.000000e+00,0.000000e+00,0.000000e+00,0.000000e+00,0.000000e+00,0.000000e+00
1.000000e+00,0.000000e+00,0.000000e+00,0.000000e+00,0.000000e+00,0.000000e+00,0.000000e+00,0.000000e+00,0.000000e+00,0.000000e+00,0.000000e+00,0.000000e+00,0.000000e+00,0.000000e+00,0.000000e+00
1.000000e+00,0.000000e+00,0.000000e+00,0.000000e+00,0.000000e+00,0.000000e+00,0.000000e+00,0.000000e+00,0.000000e+00,0.000000e+00,0.000000e+00,0.000000e+00,0.000000e+00,0.000000e+00,0.000000e+00
1.000000e+00,0.000000e+00,0.000000e+00,0.000000e+00,0.000000e+00,0.000000e+00,0.000000e+00,0.000000e+00,0.000000e+00,0.000000e+00,0.000000e+00,0.000000e+00,0.000000e+00,0.000000e+00,0.000000e+00
1.000000e+00,0.000000e+00,0.000000e+00,0.000000e+00,0.000000e+00,0.000000e+00,0.000000e+00,0.000000e+00,0.000000e+00,0.000000e+00,0.000000e+00,0.000000e+00,0.000000e+00,0.000000e+00,0.000000e+00
1.000000e+00,0.000000e+00,0.000000e+00,0.000000e+00,0.000000e+00,0.000000e+00,0.000000e+00,0.000000e+00,0.000000e+00,0.000000e+00,0.000000e+00,0.000000e+00,0.000000e+00,0.000000e+00,0.000000e+00
1.000000e+00,0.000000e+00,0.000000e+00,0.000000e+00,0.000000e+00,0.000000e+00,0.000000e+00,0.000000e+00,0.000000e+00,0.000000e+00,0.000000e+00,0.000000e+00,0.000000e+00,0.000000e+00,0.000000e+00
1.000000e+00,0.000000e+00,0.000000e+00,0.000000e+00,0.000000e+00,0.000000e+00,0.000000e+00,0.000000e+00,0.000000e+00,0.000000e+00,0.000000e+00,0.000000e+00,0.000000e+00,0.000000e+00,0.000000e+00
1.000000e+00,0.000000e+00,0.000000e+00,0.000000e+00,0.000000e+00,0.000000e+00,0.000000e+00,0.000000e+00,0.000000e+00,0.000000e+00,0.000000e+00,0.000000e+00,0.000000e+00,0.000000e+00,0.000000e+00
1.000000e+00,0.000000e+00,0.000000e+00,0.000000e+00,0.000000e+00,0.000000e+00,0.000000e+00,0.000000e+00,0.000000e+00,0.000000e+00,0.000000e+00,0.000000e+00,0.000000e+00,0.000000e+00,0.000000e+00
1.000000e+00,0.000000e+00,0.000000e+00,0.000000e+00,0.000000e+00,0.000000e+00,0.000000e+00,0.000000e+00,0.000000e+00,0.000000e+00,0.000000e+00,0.000000e+00,0.000000e+00,0.000000e+00,0.000000e+00
1.000000e+00,0.000000e+00,0.000000e+00,0.000000e+00,0.000000e+00,0.000000e+00,0.000000e+00,0.000000e+00,0.000000e+00,0.000000e+00,0.000000e+00,0.000000e+00,0.000000e+00,0.000000e+00,0.000000e+00
1.000000e+00,0.000000e+00,0.000000e+00,0.000000e+00,0.000000e+00,0.000000e+00,0.000000e+00,0.000000e+00,0.000000e+00,0.000000e+00,0.000000e+00,0.000000e+00,0.000000e+00,0.000000e+00,0.000000e+00
1.000000e+00,0.000000e+00,0.000000e+00,0.000000e+00,0.000000e+00,0.000000e+00,0.000000e+00,0.000000e+00,0.000000e+00,0.000000e+00,0.000000e+00,0.000000e+00,0.000000e+00,0.000000e+00,0.000000e+00
1.000000e+00,0.000000e+00,0.000000e+00,0.000000e+00,0.000000e+00,0.000000e+00,0.000000e+00,0.000000e+00,0.000000e+00,0.000000e+00,0.000000e+00,0.000000e+00,0.000000e+00,0.000000e+00,0.000000e+00
1.000000e+00,0.000000e+00,0.000000e+00,0.000000e+00,0.000000e+00,0.000000e+00,0.000000e+00,0.000000e+00,0.000000e+00,0.000000e+00,0.000000e+00,0.000000e+00,0.000000e+00,0.000000e+00,0.000000e+00
1.000000e+00,0.000000e+00,0.000000e+00,0.000000e+00,0.000000e+00,0.000000e+00,0.000000e+00,0.000000e+00,0.000000e+00,0.000000e+00,0.000000e+00,0.000000e+00,0.000000e+00,0.000000e+00,0.000000e+00
1.000000e+00,0.000000e+00,0.000000e+00,0.000000e+00,0.000000e+00,0.000000e+00,0.000000e+00,0.000000e+00,0.000000e+00,0.000000e+00,0.000000e+00,0.000000e+00,0.000000e+00,0.000000e+00,0.000000e+00
4.737585e-01,3.947011e-03,2.467198e-02,1.490329e-02,3.850145e-03,9.578574e-03,8.294857e-03,4.347564e-01,1.289121e-03,8.622152e-04,2.950470e-03,7.681364e-03,7.236835e-03,1.704566e-03,4.514648e-03
4.389371e-01,3.497110e-03,2.554876e-02,1.354875e-02,4.134280e-03,9.167257e-03,1.247396e-02,4.677407e-01,1.189497e-03,9.464630e-04,2.729458e-03,6.927509e-03,7.104694e-03,1.812647e-03,4.241792e-03
4.767309e-01,3.850766e-03,2.508389e-02,1.258991e-02,4.826810e-03,1.020949e-02,1.276919e-02,4.237667e-01,1.261642e-03,1.623516e-03,3.127992e-03,8.195523e-03,8.133016e-03,2.318877e-03,5.511775e-03
4.379359e-01,4.684912e-03,2.526209e-02,1.296881e-02,5.331933e-03,1.022737e-02,1.076054e-02,4.572813e-01,1.270948e-03,2.662782e-03,4.217278e-03,1.024027e-02,8.187456e-03,3.140109e-03,5.828309e-03
3.942949e-01,4.404746e-03,2.284458e-02,1.194781e-02,5.562273e-03,1.180974e-02,1.030749e-02,5.011442e-01,1.240366e-03,2.616236e-03,4.240486e-03,1.132835e-02,8.828362e-03,3.598834e-03,5.831708e-03
3.335607e-01,3.532161e-03,1.799475e-02,1.090279e-02,6.325587e-03,1.106952e-02,8.714268e-03,5.743920e-01,1.061929e-03,2.442227e-03,3.890731e-03,9.954603e-03,8.271338e-03,3.255506e-03,4.631916e-03
3.332191e-01,2.944316e-03,1.451986e-02,1.144222e-02,6.899733e-03,1.356429e-02,7.173281e-03,5.756039e-01,1.086919e-03,2.715018e-03,5.471601e-03,1.055455e-02,8.286458e-03,2.966214e-03,3.552551e-03
2.913871e-01,3.895513e-03,1.184175e-02,1.234308e-02,6.010511e-03,3.425822e-02,5.417713e-03,4.532832e-01,4.485713e-03,3.812999e-03,3.677880e-02,8.082238e-02,4.561893e-02,6.401669e-03,3.642421e-03
2.784291e-01,4.327599e-03,1.098907e-02,1.222929e-02,4.965055e-03,4.063735e-02,4.050013e-03,3.417920e-01,5.146135e-03,1.333292e-02,6.488319e-02,1.369758e-01,6.711611e-02,1.107394e-02,4.052514e-03
2.118190e-01,3.888276e-03,1.165471e-02,1.498999e-02,4.969323e-03,4.313596e-02,3.190054e-03,2.414525e-01,4.839511e-03,8.096366e-02,6.709729e-02,1.804887e-01,1.035971e-01,1.650919e-02,1.140471e-02
1.756709e-01,3.078499e-03,1.033113e-02,1.389358e-02,7.181723e-03,4.104986e-02,2.459456e-03,1.700749e-01,4.648122e-03,1.292784e-01,6.057317e-02,1.782485e-01,1.130483e-01,4.144038e-02,4.902292e-02
1.266085e-01,2.411882e-03,9.654063e-03,1.192718e-02,7.497304e-03,3.299211e-02,1.919079e-03,1.218046e-01,4.765793e-03,1.340673e-01,5.626772e-02,1.596146e-01,1.847789e-01,3.672118e-02,1.089696e-01
9.017044e-02,3.581254e-03,1.200862e-02,3.692381e-02,1.017632e-02,2.614815e-02,2.244426e-03,8.977374e-02,1.688284e-02,1.099740e-01,4.851319e-02,2.172271e-01,2.130711e-01,2.908879e-02,9.421626e-02
6.760195e-02,3.009365e-03,9.288422e-03,2.998050e-02,9.088146e-03,2.016436e-02,2.146620e-03,6.536119e-02,1.719395e-02,9.627448e-02,4.133984e-02,1.922051e-01,2.338942e-01,2.718639e-02,1.852655e-01
5.270065e-02,4.441319e-03,8.416316e-03,2.461007e-02,1.085742e-02,1.507260e-02,2.916078e-03,5.435126e-02,3.246357e-02,8.283649e-02,3.832744e-02,1.849547e-01,2.141037e-01,2.357335e-02,2.503751e-01
4.511988e-02,4.779233e-03,7.050464e-03,1.849445e-02,1.174714e-02,1.294762e-02,2.984578e-03,4.283579e-02,4.142483e-02,7.337780e-02,3.402031e-02,1.811170e-01,1.898050e-01,1.878469e-02,3.155112e-01
4.773639e-02,9.172753e-03,7.931579e-03,1.383699e-02,1.114651e-02,1.066161e-02,2.406025e-03,3.138355e-02,4.241857e-02,6.258215e-02,2.679349e-02,1.496709e-01,1.535267e-01,1.722507e-02,4.135078e-01
7.307085e-02,1.245840e-02,1.400923e-02,1.453309e-02,4.092485e-02,9.289228e-03,3.298250e-03,5.083818e-02,5.140553e-02,5.503370e-02,2.915385e-02,1.389906e-01,1.435885e-01,1.736607e-02,3.460397e-01
9.801403e-02,1.674812e-02,2.740393e-02,2.125945e-02,5.637393e-02,9.590573e-03,4.581535e-03,4.717737e-02,7.353227e-02,6.259867e-02,3.170203e-02,1.061470e-01,1.277099e-01,1.899495e-02,2.981663e-01
8.275279e-02,2.402325e-02,4.150642e-02,2.493258e-02,6.447652e-02,9.170949e-03,5.229528e-03,4.269128e-02,9.039086e-02,6.130338e-02,3.310533e-02,8.066041e-02,1.229496e-01,1.734827e-02,2.994589e-01
6.963834e-02,2.568237e-02,3.631980e-02,1.978432e-02,6.889419e-02,7.873720e-03,4.759829e-03,4.048492e-02,1.058586e-01,5.182423e-02,3.542299e-02,6.081536e-02,1.154732e-01,1.407297e-02,3.430951e-01
6.001399e-02,3.114875e-02,3.259545e-02,1.619291e-02,5.909731e-02,6.942349e-03,4.240978e-03,3.698178e-02,1.826346e-01,3.966554e-02,2.717321e-02,4.516142e-02,9.301105e-02,1.064743e-02,3.544933e-01
5.456740e-02,3.276695e-02,4.742718e-02,1.291666e-02,5.051230e-02,5.915437e-03,3.603545e-03,1.817043e-01,1.666697e-01,2.926677e-02,2.024091e-02,3.332741e-02,7.595674e-02,7.825203e-03,2.772996e-01
6.469458e-02,3.591450e-02,4.628326e-02,1.122989e-02,6.176529e-02,1.007115e-02,3.610346e-03,1.649902e-01,1.813899e-01,2.382447e-02,1.551578e-02,2.606726e-02,9.290133e-02,6.026586e-03,2.557155e-01
8.113301e-02,3.119021e-02,4.156753e-02,8.004326e-02,7.546745e-02,1.259515e-02,3.839129e-03,1.808051e-01,1.766810e-01,1.818804e-02,1.240823e-02,2.247907e-02,7.234982e-02,4.462642e-03,1.867904e-01
9.286022e-02,3.348190e-02,3.389202e-02,7.253507e-02,1.067034e-01,1.465281e-02,3.976557e-03,1.834427e-01,1.906449e-01,1.621213e-02,1.107377e-02,1.810829e-02,6.608520e-02,3.816731e-03,1.525143e-01
1.056605e-01,4.129260e-02,3.104240e-02,6.176697e-02,9.789024e-02,1.327983e-02,3.452878e-03,1.552734e-01,1.785316e-01,6.927731e-02,2.005906e-02,2.093693e-02,6.660014e-02,4.113335e-03,1.308229e-01
8.802926e-02,4.263601e-02,3.137645e-02,8.131768e-02,8.468245e-02,1.466943e-02,3.758473e-03,1.346097e-01,2.047655e-01,6.228065e-02,2.874204e-02,3.836199e-02,6.798285e-02,3.386262e-03,1.134013e-01
6.685511e-02,4.057921e-02,2.993734e-02,1.456458e-01,6.454872e-02,1.132151e-02,3.142090e-03,1.071413e-01,2.667208e-01,5.302949e-02,2.805329e-02,3.476931e-02,5.762429e-02,2.614956e-03,8.801680e-02
6.082898e-02,3.740155e-02,2.535173e-02,1.312729e-01,5.856045e-02,1.012105e-02,4.592868e-03,8.233900e-02,2.813771e-01,4.527983e-02,8.257807e-02,5.001469e-02,5.618236e-02,3.004018e-03,7.109535e-02
9.636189e-02,3.520559e-02,2.454007e-02,1.585768e-01,6.114566e-02,1.379934e-02,7.738783e-03,7.551721e-02,2.291933e-01,4.885742e-02,8.712838e-02,4.131192e-02,6.234734e-02,3.024795e-03,5.525152e-02
1.579271e-01,3.592969e-02,2.126476e-02,1.446972e-01,6.113345e-02,1.923880e-02,8.594901e-03,6.519119e-02,1.762490e-01,4.383101e-02,8.282482e-02,3.619689e-02,8.996142e-02,3.912747e-03,5.304699e-02
2.302244e-01,4.441263e-02,1.706029e-02,1.278574e-01,5.653518e-02,2.031473e-02,7.437429e-03,4.960766e-02,1.456898e-01,3.941305e-02,9.025471e-02,4.402617e-02,7.634187e-02,7.866824e-03,4.295788e-02
2.371439e-01,6.632707e-02,1.505462e-02,1.013094e-01,4.556296e-02,2.171299e-02,5.661094e-03,3.646702e-02,1.318131e-01,3.655533e-02,1.171123e-01,6.312411e-02,7.346314e-02,1.322732e-02,3.546567e-02
2.155382e-01,9.019451e-02,1.266537e-02,8.181818e-02,3.562367e-02,2.741963e-02,4.343941e-03,2.817613e-02,1.740694e-01,3.903089e-02,1.244858e-01,6.516689e-02,5.843586e-02,1.347389e-02,2.955760e-02
1.961336e-01,9.115761e-02,1.157092e-02,6.963523e-02,2.799691e-02,2.411580e-02,3.360461e-03,2.262074e-02,2.087552e-01,3.611036e-02,1.413331e-01,7.852401e-02,4.732912e-02,1.600245e-02,2.535450e-02
1.910999e-01,8.164366e-02,5.314220e-02,6.553906e-02,2.422815e-02,2.495648e-02,4.238280e-03,2.700831e-02,2.051138e-01,4.496722e-02,1.312606e-01,7.271601e-02,3.643084e-02,1.543888e-02,2.221658e-02
1.609104e-01,7.412943e-02,5.404016e-02,4.894866e-02,1.847518e-02,2.263883e-02,3.273557e-03,2.355925e-02,1.680264e-01,7.731356e-02,2.001998e-01,8.159091e-02,2.746196e-02,1.960387e-02,1.982808e-02
1.357104e-01,6.512364e-02,6.585093e-02,3.696903e-02,1.426505e-02,1.805918e-02,2.545322e-03,1.923054e-02,1.271081e-01,9.922141e-02,2.452546e-01,1.130572e-01,2.128798e-02,2.012540e-02,1.619118e-02
1.045374e-01,6.058067e-02,6.127526e-02,2.825296e-02,1.154183e-02,1.526521e-02,2.157260e-03,1.912788e-02,1.080047e-01,9.105242e-02,3.107431e-01,1.320241e-01,1.640586e-02,2.540952e-02,1.362182e-02
8.437561e-02,5.200839e-02,6.270811e-02,2.346641e-02,1.181639e-02,1.480165e-02,1.755180e-03,2.084632e-02,1.011833e-01,8.054543e-02,3.023057e-01,1.793154e-01,1.315841e-02,3.810237e-02,1.361131e-02
6.741993e-02,4.070017e-02,1.778127e-01,2.999622e-02,1.902160e-02,1.350913e-02,2.218805e-03,4.079048e-02,8.855527e-02,6.178447e-02,2.434627e-01,1.629101e-01,1.017710e-02,3.082856e-02,1.081279e-02
5.630405e-02,3.262036e-02,1.542931e-01,2.819725e-02,4.717746e-02,1.275304e-02,2.813192e-03,4.562535e-02,1.170445e-01,5.264477e-02,2.676232e-01,1.340051e-01,8.758976e-03,2.624574e-02,1.389389e-02
6.293995e-02,2.774610e-02,2.310493e-01,6.147336e-02,7.015827e-02,1.103161e-02,2.690863e-03,6.224557e-02,9.285851e-02,3.922153e-02,2.024712e-01,9.716397e-02,7.160079e-03,1.888307e-02,1.290661e-02
5.807186e-02,2.517657e-02,1.853895e-01,1.616844e-01,5.777033e-02,1.297161e-02,2.058171e-03,5.189375e-02,1.148543e-01,4.709026e-02,1.490078e-01,7.314168e-02,8.881268e-03,1.413068e-02,3.787786e-02
5.867577e-02,2.553646e-02,1.373328e-01,1.415337e-01,4.643174e-02,1.232988e-02,2.139423e-03,4.250840e-02,1.455942e-01,4.356312e-02,1.139336e-01,6.902544e-02,2.784521e-02,1.160891e-02,1.219414e-01
6.199560e-02,5.289777e-02,1.052694e-01,1.315484e-01,3.565869e-02,1.219004e-02,1.735333e-03,3.486417e-02,1.968147e-01,5.475069e-02,9.631383e-02,5.649746e-02,2.644698e-02,1.178155e-02,1.212354e-01
7.389226e-02,4.629437e-02,9.496004e-02,1.150204e-01,4.210643e-02,1.422745e-02,1.591760e-03,6.962325e-02,2.155395e-01,4.744144e-02,9.061705e-02,4.425769e-02,2.863090e-02,2.194498e-02,9.385259e-02
6.046334e-02,3.589386e-02,1.069784e-01,1.713420e-01,3.302044e-02,1.201446e-02,1.267550e-03,5.064028e-02,2.050770e-01,3.961996e-02,7.109682e-02,3.168156e-02,2.118956e-02,1.949591e-02,1.402189e-01
4.461464e-02,2.818571e-02,8.766127e-02,1.602249e-01,2.469227e-02,9.060208e-03,9.403503e-04,3.622944e-02,1.754277e-01,3.766070e-02,5.813636e-02,2.324543e-02,1.721781e-02,4.221535e-02,2.544879e-01
3.185245e-02,2.033603e-02,6.789476e-02,1.131837e-01,1.775975e-02,6.683064e-03,6.771526e-04,2.544071e-02,1.326619e-01,3.194965e-02,4.375791e-02,1.708455e-02,1.335031e-02,1.548194e-01,3.225486e-01
2.399579e-02,1.490390e-02,5.647830e-02,7.985360e-02,1.299751e-02,5.059972e-03,4.950200e-04,1.787409e-02,1.007654e-01,3.135847e-02,3.588663e-02,1.352180e-02,1.156121e-02,3.364664e-01,2.587819e-01
1.794612e-02,1.338529e-02,9.794978e-02,5.749207e-02,9.999991e-03,4.084888e-03,4.536586e-04,1.307202e-02,9.002061e-02,3.957017e-02,3.038501e-02,9.879007e-03,8.557134e-03,3.793584e-01,2.278459e-01
1.693681e-02,1.137951e-02,8.232721e-02,4.934938e-02,8.595905e-03,8.025765e-03,2.785668e-03,1.418341e-02,7.736976e-02,3.569752e-02,4.027488e-02,8.259303e-03,8.626068e-03,4.563209e-01,1.798679e-01
1.421764e-02,1.450376e-02,1.211783e-01,9.142390e-02,1.205584e-02,7.286828e-03,2.178068e-03,1.012181e-02,1.504356e-01,3.091479e-02,3.012910e-02,6.747436e-03,6.515958e-03,3.426872e-01,1.596038e-01
1.584827e-02,1.684260e-02,1.213040e-01,9.493258e-02,1.283323e-02,7.784990e-03,1.883034e-03,8.140067e-03,2.092260e-01,3.201517e-02,3.367741e-02,5.303254e-03,5.949784e-03,2.628844e-01,1.713753e-01
5.334923e-02,2.942876e-02,9.829804e-02,7.895210e-02,2.998825e-02,1.800057e-02,3.397176e-03,7.625773e-03,2.258826e-01,2.568534e-02,4.613329e-02,5.667845e-03,1.150391e-02,1.936984e-01,1.723887e-01
4.947751e-02,5.725349e-02,7.444414e-02,6.227026e-02,2.219092e-02,1.536940e-02,3.120515e-03,6.977644e-03,2.089815e-01,5.809619e-02,3.598008e-02,5.823992e-03,1.342298e-02,1.460778e-01,2.405136e-01
3.953668e-02,1.473904e-01,6.431279e-02,8.704327e-02,1.653447e-02,1.180844e-02,2.472486e-03,6.049626e-03,2.059952e-01,4.562537e-02,3.420255e-02,7.023046e-03,1.239412e-02,1.081539e-01,2.114577e-01
5.595201e-02,1.484294e-01,5.058498e-02,7.347572e-02,1.183495e-02,9.273678e-03,1.957771e-03,7.176010e-03,1.674542e-01,3.600506e-02,1.257041e-01,1.635724e-02,2.086166e-02,1.047769e-01,1.701563e-01
6.350105e-02,1.272567e-01,3.801532e-02,5.452434e-02,8.533066e-03,7.408805e-03,1.537187e-03,7.036592e-03,1.386425e-01,3.136740e-02,2.208684e-01,2.316125e-02,3.069291e-02,1.038324e-01,1.436221e-01
9.304781e-02,1.015344e-01,3.598638e-02,4.922914e-02,8.162064e-03,1.880611e-02,2.048980e-03,1.420099e-02,1.461945e-01,2.615679e-02,2.486758e-01,2.816529e-02,3.448137e-02,8.297153e-02,1.103389e-01
6.574060e-02,7.404653e-02,2.632554e-02,3.979899e-02,7.589014e-03,1.464152e-02,1.502855e-03,1.053648e-02,3.767549e-01,1.864404e-02,1.821244e-01,2.046207e-02,2.458897e-02,5.886883e-02,7.837536e-02
4.620237e-02,5.456864e-02,1.976384e-02,4.000772e-02,8.373167e-03,1.297354e-02,1.222180e-03,7.581821e-03,5.370680e-01,1.334906e-02,1.298821e-01,1.462057e-02,1.737376e-02,4.152456e-02,5.548867e-02
3.902495e-02,4.092914e-02,1.651766e-02,3.139228e-02,3.637604e-02,1.616872e-02,1.246238e-03,5.738657e-03,6.184019e-01,9.688918e-03,9.340644e-02,1.036516e-02,1.231067e-02,2.931890e-02,3.911429e-02
3.464850e-02,3.143115e-02,2.030383e-02,2.526801e-02,1.074228e-01,2.325941e-02,2.412152e-03,6.110017e-03,6.106336e-01,7.142731e-03,6.695333e-02,7.412078e-03,8.860537e-03,2.063259e-02,2.750924e-02
7.847281e-02,5.675464e-02,3.589304e-02,5.392362e-02,1.073604e-01,3.291713e-02,2.605171e-03,1.064035e-02,4.905888e-01,8.325233e-03,5.049733e-02,7.135135e-03,7.377326e-03,1.591328e-02,4.159578e-02
7.222417e-02,4.402922e-02,1.945799e-01,1.169120e-01,7.803310e-02,2.528959e-02,2.066689e-03,8.486873e-03,3.568342e-01,8.312167e-03,3.682465e-02,5.839126e-03,6.089920e-03,1.126493e-02,3.321350e-02
9.287514e-02,3.500273e-02,1.959235e-01,1.507855e-01,7.186954e-02,2.007751e-02,3.544759e-03,7.644468e-02,2.765689e-01,5.994804e-03,2.905091e-02,4.396088e-03,5.257520e-03,8.108066e-03,2.410030e-02
9.539299e-02,4.380832e-02,2.416089e-01,1.293641e-01,6.080645e-02,1.992857e-02,3.829183e-03,1.093332e-01,2.002707e-01,6.874448e-03,2.588524e-02,3.726210e-03,4.312419e-03,6.289068e-03,4.857024e-02
1.038229e-01,5.243806e-02,2.057611e-01,1.054471e-01,5.982591e-02,2.145775e-02,1.258480e-02,1.818055e-01,1.482950e-01,7.412769e-03,2.468975e-02,3.188524e-03,8.206988e-03,5.161337e-03,5.990254e-02
1.119003e-01,5.149135e-02,1.785662e-01,7.953304e-02,5.988844e-02,2.278606e-02,5.387818e-02,1.874734e-01,1.068781e-01,7.683555e-03,2.054317e-02,3.106726e-03,5.915967e-02,4.174680e-03,5.293722e-02
1.121592e-01,4.598376e-02,1.511677e-01,6.022172e-02,5.854157e-02,2.195133e-02,6.352665e-02,2.247991e-01,8.209445e-02,8.101676e-03,1.729792e-02,4.837096e-03,1.042083e-01,3.927084e-03,4.118243e-02
1.410952e-01,4.470067e-02,1.256978e-01,4.661984e-02,7.287132e-02,2.404448e-02,6.942117e-02,2.388237e-01,6.677949e-02,7.731266e-03,1.663842e-02,5.397211e-03,1.035198e-01,3.373764e-03,3.328600e-02
1.983357e-01,3.916201e-02,1.073593e-01,3.881498e-02,6.427438e-02,4.528490e-02,6.576881e-02,2.055212e-01,5.714386e-02,1.171790e-02,1.820559e-02,1.797250e-02,9.573615e-02,4.427165e-03,3.027565e-02
2.739713e-01,3.245812e-02,8.828147e-02,3.461248e-02,5.668133e-02,6.478528e-02,6.621272e-02,1.545515e-01,4.579994e-02,1.070183e-02,1.772141e-02,3.200183e-02,9.124674e-02,5.388428e-03,2.558567e-02
3.316930e-01,2.862262e-02,7.300601e-02,3.634201e-02,4.920345e-02,6.925638e-02,6.008067e-02,1.248437e-01,4.029620e-02,9.782095e-03,1.886619e-02,5.147942e-02,7.554366e-02,5.878551e-03,2.510600e-02
3.379308e-01,2.648036e-02,5.412621e-02,3.173819e-02,3.668752e-02,6.582794e-02,5.356170e-02,9.334707e-02,3.351173e-02,1.073134e-02,5.812625e-02,8.159633e-02,8.906704e-02,5.251198e-03,2.201635e-02
3.288842e-01,2.448607e-02,4.151955e-02,2.968882e-02,2.813196e-02,7.672402e-02,3.996842e-02,6.803342e-02,2.672196e-02,1.177108e-02,9.183495e-02,1.259870e-01,7.858974e-02,7.356822e-03,2.030206e-02
2.398252e-01,1.763647e-02,3.044486e-02,2.258223e-02,1.993423e-02,5.561999e-02,2.808364e-02,4.781680e-02,2.186568e-02,1.035926e-02,2.399584e-01,1.789209e-01,6.055957e-02,1.147197e-02,1.492083e-02
1.702928e-01,1.283284e-02,2.290703e-02,1.704936e-02,1.422992e-02,3.989283e-02,1.969943e-02,3.355561e-02,1.884376e-02,9.204868e-03,3.383348e-01,2.356460e-01,4.512609e-02,1.141329e-02,1.097141e-02
1.198092e-01,9.282480e-03,1.668597e-02,1.270732e-02,1.179006e-02,2.913272e-02,1.388115e-02,2.366555e-02,1.769602e-02,1.723256e-02,4.228944e-01,2.506909e-01,3.341410e-02,1.277507e-02,8.342516e-03
8.458127e-02,6.946771e-03,1.237451e-02,1.023536e-02,8.899209e-03,2.205101e-02,9.744482e-03,1.677941e-02,1.679329e-02,1.976975e-02,4.176803e-01,3.293502e-01,2.597409e-02,1.283321e-02,5.987112e-03
5.959399e-02,5.336513e-03,9.112252e-03,7.847358e-03,7.325468e-03,1.597871e-02,6.913983e-03,1.184729e-02,1.568054e-02,2.653993e-02,4.194673e-01,3.757462e-01,2.110037e-02,1.282846e-02,4.681569e-03
4.294843e-02,4.323450e-03,6.668972e-03,5.814276e-03,5.534718e-03,1.201753e-02,4.854777e-03,8.452252e-03,1.256150e-02,3.694889e-02,3.153138e-01,5.148988e-01,1.617673e-02,9.864631e-03,3.621179e-03
3.039020e-02,3.775726e-03,4.858614e-03,4.294018e-03,4.674649e-03,9.112062e-03,3.435850e-03,6.154391e-03,1.300982e-02,3.435332e-02,2.369692e-01,6.265583e-01,1.217875e-02,7.426375e-03,2.808757e-03
2.179034e-02,7.303918e-03,3.859564e-03,3.087468e-03,3.761144e-03,6.785281e-03,2.439811e-03,5.037463e-03,1.223368e-02,2.988949e-02,1.959927e-01,6.902447e-01,9.206116e-03,6.136670e-03,2.231699e-03
1.548977e-02,6.571212e-03,3.669848e-03,2.267266e-03,3.290902e-03,5.223611e-03,1.793494e-03,6.420712e-03,1.256583e-02,2.710654e-02,1.483412e-01,7.544525e-01,6.633373e-03,4.577241e-03,1.596594e-03
1.137828e-02,6.727761e-03,3.705723e-03,1.733624e-03,3.422624e-03,3.907483e-03,1.513842e-03,9.381454e-03,1.583270e-02,3.864317e-02,1.123886e-01,7.814682e-01,4.818083e-03,3.934048e-03,1.144325e-03
1.014558e-02,1.513918e-02,5.181158e-03,1.287704e-03,8.282810e-03,3.017092e-03,1.173743e-03,9.321020e-03,4.902827e-02,5.789583e-02,1.066728e-01,7.197102e-01,4.919369e-03,7.208566e-03,1.016692e-03
8.430013e-03,1.175547e-02,7.743539e-03,1.118396e-03,1.395663e-02,2.746463e-03,1.013985e-03,1.075618e-02,5.105014e-02,5.902739e-02,8.843341e-02,7.300940e-01,5.046618e-03,7.950425e-03,8.774234e-04
1.468461e-02,1.005276e-02,1.122587e-02,1.425682e-03,1.416354e-02,4.901305e-03,1.123145e-03,1.700926e-02,5.671507e-02,5.813895e-02,7.235881e-02,7.216687e-01,7.724165e-03,7.764988e-03,1.043209e-03
2.037353e-02,1.347814e-02,2.203900e-02,4.018506e-03,1.720177e-02,8.374001e-03,1.444485e-03,2.688652e-02,7.882018e-02,4.829947e-02,6.209062e-02,6.783688e-01,8.921502e-03,7.707127e-03,1.976356e-03
2.457632e-02,2.712686e-02,2.327795e-02,4.599390e-03,1.719174e-02,7.894308e-03,1.239798e-03,2.733276e-02,1.374259e-01,3.725377e-02,7.168535e-02,5.992087e-01,8.508863e-03,9.028537e-03,3.649707e-03
1.776223e-02,3.011743e-02,1.734550e-02,4.811543e-03,1.903658e-02,8.779593e-03,1.229857e-03,1.973870e-02,3.629154e-01,2.666893e-02,5.224773e-02,4.228722e-01,6.528783e-03,7.019783e-03,2.925731e-03
1.297549e-02,3.465661e-02,1.281913e-02,4.193699e-03,1.837378e-02,1.294501e-02,1.079054e-03,1.399486e-02,5.217518e-01,1.927225e-02,3.826627e-02,2.967275e-01,5.056046e-03,5.340959e-03,2.547562e-03
1.046475e-02,3.111484e-02,1.197663e-02,1.125135e-02,2.869710e-02,1.443275e-02,1.192671e-03,1.034193e-02,6.104596e-01,1.870735e-02,2.767556e-02,2.083112e-01,4.066935e-03,4.050246e-03,7.257140e-03
1.491711e-02,4.478584e-02,1.350823e-02,7.646760e-02,2.440673e-02,1.942607e-02,1.080488e-03,7.983573e-03,5.694424e-01,1.974731e-02,2.623987e-02,1.503486e-01,6.721582e-03,3.388691e-03,2.153591e-02
2.048890e-02,4.300393e-02,1.667333e-02,1.836964e-01,1.885207e-02,1.826148e-02,8.784117e-04,7.051793e-03,4.459098e-01,2.975965e-02,5.134314e-02,1.096229e-01,8.077282e-03,3.771698e-03,4.260920e-02
1.628906e-02,3.791171e-02,1.813040e-02,1.334933e-01,1.365476e-02,1.396447e-02,6.676499e-04,5.082419e-03,3.446823e-01,4.476382e-02,5.812966e-02,8.151704e-02,1.202697e-02,2.225993e-02,1.974264e-01
1.278499e-02,3.004130e-02,1.595930e-02,9.564036e-02,9.948434e-03,1.047917e-02,4.831790e-04,3.644347e-03,2.720199e-01,7.392159e-02,5.106066e-02,5.883759e-02,1.461831e-02,3.717063e-02,3.133903e-01
1.730055e-02,2.521619e-02,1.737070e-02,7.203655e-02,1.284627e-02,8.016319e-03,3.900455e-04,2.698233e-03,2.216397e-01,5.971427e-02,4.948138e-02,4.319800e-02,2.452873e-02,5.247811e-02,3.930850e-01
8.672022e-02,2.990955e-02,3.395280e-02,5.770688e-02,6.324741e-02,1.065307e-02,2.071954e-03,3.332495e-03,1.722196e-01,4.518202e-02,5.820010e-02,3.130829e-02,2.238900e-02,6.733608e-02,3.157705e-01
7.250468e-02,2.395962e-02,2.935719e-02,4.683401e-02,5.378414e-02,8.085485e-03,1.824729e-03,2.847604e-03,1.260823e-01,3.717327e-02,5.640603e-02,2.659063e-02,2.001564e-02,6.852469e-02,4.260100e-01
5.511647e-02,2.457256e-02,2.761961e-02,9.203307e-02,4.512676e-02,8.074623e-03,2.000645e-03,2.696199e-03,1.008973e-01,2.958346e-02,6.833128e-02,2.677614e-02,1.583768e-02,7.397889e-02,4.273553e-01
4.226739e-02,2.392768e-02,4.060265e-02,2.382648e-01,3.912640e-02,1.109804e-02,1.679476e-03,2.939852e-03,7.546108e-02,2.261759e-02,7.818373e-02,2.685653e-02,1.308319e-02,6.073110e-02,3.231605e-01
3.577547e-02,3.035468e-02,7.550734e-02,2.875121e-01,3.252589e-02,1.329657e-02,2.093840e-03,3.007754e-03,7.151879e-02,2.359499e-02,9.221827e-02,2.673061e-02,1.262856e-02,5.254953e-02,2.406856e-01
4.188460e-02,3.313469e-02,9.195171e-02,3.046396e-01,4.687311e-02,2.017042e-02,4.786692e-03,7.112913e-03,7.385464e-02,1.877631e-02,1.040261e-01,2.379263e-02,1.729384e-02,3.980678e-02,1.718960e-01
7.928936e-02,4.032830e-02,7.565543e-02,2.612995e-01,5.223764e-02,1.962301e-02,5.053050e-03,1.147071e-02,6.678674e-02,1.846618e-02,1.593166e-01,2.590856e-02,2.512754e-02,3.279825e-02,1.266391e-01
8.463635e-02,6.457311e-02,9.876218e-02,2.000463e-01,5.104307e-02,2.294019e-02,3.988163e-03,1.643994e-02,9.592624e-02,2.231125e-02,1.680202e-01,2.643483e-02,2.284142e-02,2.814272e-02,9.389412e-02
1.001877e-01,8.451983e-02,1.208776e-01,1.571949e-01,6.205384e-02,2.258322e-02,3.369221e-03,2.500555e-02,8.390979e-02,2.412587e-02,1.696122e-01,2.925994e-02,2.168682e-02,2.676576e-02,6.884784e-02
9.598373e-02,7.164862e-02,1.826330e-01,1.446601e-01,5.078263e-02,1.831781e-02,2.911487e-03,2.500555e-02,7.121442e-02,2.780102e-02,1.772374e-01,3.898103e-02,2.038069e-02,2.256836e-02,4.987427e-02
9.466784e-02,9.804323e-02,1.769705e-01,1.450410e-01,4.354255e-02,1.616178e-02,2.743599e-03,2.081204e-02,7.163199e-02,2.961951e-02,1.617810e-01,5.384388e-02,2.048888e-02,2.184041e-02,4.281192e-02
1.013425e-01,8.620602e-02,1.727903e-01,1.319444e-01,4.847686e-02,1.339350e-02,2.551067e-03,1.735775e-02,7.829478e-02,3.652082e-02,1.864501e-01,4.917338e-02,1.949024e-02,2.317514e-02,3.283320e-02
1.812710e-01,7.317510e-02,1.732966e-01,1.636309e-01,4.483739e-02,1.204947e-02,2.661307e-03,1.812318e-02,5.990539e-02,2.724739e-02,1.442240e-01,3.927719e-02,1.594429e-02,1.936350e-02,2.499322e-02
2.685057e-01,6.181324e-02,1.687972e-01,1.324457e-01,4.156278e-02,1.256684e-02,2.159894e-03,1.564186e-02,4.698508e-02,3.522673e-02,1.259575e-01,3.368140e-02,1.459461e-02,1.792761e-02,2.213388e-02
3.547838e-01,5.116097e-02,1.640805e-01,1.080512e-01,3.894936e-02,1.301233e-02,1.975230e-03,1.555551e-02,3.925605e-02,3.289327e-02,1.012920e-01,2.889709e-02,1.206016e-02,1.942411e-02,1.860850e-02
4.065437e-01,4.621813e-02,1.369554e-01,9.638886e-02,3.468064e-02,1.127973e-02,1.510409e-03,1.252117e-02,3.660030e-02,3.609468e-02,9.783145e-02,2.550773e-02,1.035793e-02,2.456745e-02,2.294238e-02
4.115926e-01,4.508937e-02,1.146854e-01,1.113200e-01,4.113620e-02,1.573618e-02,1.923247e-03,1.475330e-02,4.342519e-02,3.064845e-02,8.425938e-02,2.745422e-02,9.368392e-03,2.410910e-02,2.449902e-02
4.270223e-01,3.881556e-02,9.688461e-02,1.098977e-01,3.423370e-02,1.830493e-02,1.677052e-03,1.314632e-02,5.365025e-02,2.798389e-02,6.785897e-02,2.901686e-02,9.208059e-03,2.798600e-02,4.431376e-02
4.415903e-01,4.221960e-02,8.770747e-02,1.267892e-01,3.428677e-02,1.845738e-02,1.369310e-03,1.014518e-02,5.436785e-02,3.003740e-02,5.492661e-02,2.388199e-02,8.429196e-03,2.457041e-02,4.122132e-02
4.452847e-01,7.516024e-02,7.134826e-02,1.045411e-01,3.057170e-02,1.847786e-02,1.192584e-03,8.589632e-03,5.166425e-02,2.619042e-02,5.085303e-02,3.152666e-02,1.171956e-02,2.206483e-02,5.081515e-02
3.914478e-01,1.338503e-01,5.854834e-02,9.286302e-02,2.500270e-02,1.609121e-02,1.044262e-03,7.604337e-03,4.983331e-02,2.150442e-02,7.335478e-02,4.814425e-02,1.667106e-02,1.763166e-02,4.640851e-02
4.024271e-01,1.427958e-01,4.496140e-02,7.246695e-02,1.894050e-02,1.418752e-02,1.138473e-03,6.638691e-03,3.971130e-02,1.670646e-02,7.764421e-02,9.281330e-02,1.628539e-02,1.591442e-02,3.736847e-02
3.117422e-01,1.098761e-01,3.219199e-02,5.332687e-02,1.347249e-02,1.076197e-02,8.767195e-04,4.859621e-03,3.050236e-02,1.614063e-02,1.309670e-01,2.230393e-01,1.581082e-02,1.908295e-02,2.734896e-02
2.307106e-01,8.078687e-02,2.291363e-02,3.856172e-02,9.611304e-03,8.893708e-03,6.760868e-04,3.616606e-03,2.550633e-02,1.315136e-02,1.622842e-01,3.370064e-01,2.436335e-02,2.157553e-02,2.034223e-02
1.645001e-01,5.766756e-02,1.611030e-02,2.794648e-02,6.959784e-03,7.462649e-03,5.138702e-04,2.742691e-03,2.333642e-02,1.040026e-02,1.751688e-01,4.477344e-01,2.362795e-02,2.100450e-02,1.482417e-02
1.154971e-01,4.164078e-02,1.143604e-02,1.999831e-02,5.707255e-03,5.635615e-03,4.077544e-04,2.385345e-03,2.652747e-02,8.899174e-03,1.576515e-01,5.438416e-01,1.908261e-02,3.018964e-02,1.109981e-02
8.155247e-02,3.127738e-02,8.249415e-03,1.463027e-02,7.595234e-03,4.342182e-03,4.562672e-04,3.788238e-03,4.161402e-02,8.352445e-03,1.463438e-01,5.925558e-01,1.572388e-02,3.515505e-02,8.363550e-03
5.765912e-02,2.276228e-02,5.856595e-03,1.077715e-02,8.666993e-03,3.310821e-03,8.343806e-04,3.586132e-03,4.748014e-02,7.529863e-03,1.224336e-01,6.483979e-01,1.136379e-02,4.271037e-02,6.630881e-03
4.320624e-02,1.918868e-02,4.201187e-03,8.427833e-03,1.000536e-02,2.769592e-03,1.349074e-03,4.250693e-03,7.121348e-02,8.269605e-03,1.093072e-01,6.476172e-01,8.257693e-03,5.616570e-02,5.770440e-03
3.254076e-02,1.548766e-02,3.235120e-03,6.787515e-03,1.226865e-02,3.044602e-03,5.496020e-03,5.641879e-03,9.788093e-02,2.287540e-02,1.072082e-01,6.183749e-01,6.959334e-03,5.678692e-02,5.412125e-03
2.550932e-02,1.224350e-02,2.752004e-03,5.521396e-03,1.400781e-02,4.159218e-03,7.569951e-03,1.428427e-02,1.120903e-01,5.472940e-02,1.182602e-01,5.632561e-01,7.228072e-03,5.381033e-02,4.578128e-03
2.557391e-02,1.034785e-02,2.857675e-03,5.022540e-03,2.141687e-02,5.718091e-03,8.141195e-03,2.193580e-02,1.018932e-01,1.072378e-01,1.310690e-01,4.910496e-01,7.353605e-03,5.589046e-02,4.492352e-03
2.770640e-02,9.428885e-03,3.584479e-03,4.648145e-03,2.626088e-02,7.736005e-03,1.292071e-02,3.853434e-02,9.623849e-02,1.282288e-01,1.332669e-01,4.458389e-01,7.417321e-03,5.378263e-02,4.407141e-03
3.634368e-02,8.889698e-03,8.166784e-03,8.051615e-03,5.819246e-02,1.239696e-02,1.803112e-02,8.406931e-02,9.787939e-02,1.155150e-01,1.275403e-01,3.674123e-01,8.811831e-03,4.482449e-02,3.875098e-03
3.966732e-02,1.329944e-02,2.654221e-02,1.672949e-02,6.706977e-02,1.367446e-02,3.412778e-02,1.061185e-01,1.312071e-01,9.924919e-02,1.062446e-01,2.727761e-01,2.620757e-02,4.103192e-02,6.054595e-03
4.787695e-02,1.844518e-02,6.220657e-02,5.935685e-02,5.832059e-02,2.663220e-02,3.367458e-02,1.089270e-01,1.386747e-01,8.203369e-02,8.255869e-02,2.073850e-01,3.599428e-02,2.969110e-02,8.222603e-03
8.010805e-02,2.578849e-02,5.471774e-02,6.043301e-02,5.291586e-02,5.452008e-02,3.997538e-02,1.003548e-01,1.298390e-01,7.468835e-02,7.006735e-02,1.638518e-01,5.791958e-02,2.227980e-02,1.254073e-02
8.057891e-02,5.780633e-02,5.694721e-02,5.220648e-02,4.546863e-02,1.020726e-01,4.012492e-02,7.967784e-02,1.483038e-01,6.258242e-02,5.260511e-02,1.171173e-01,6.682733e-02,1.713969e-02,2.054143e-02
8.891347e-02,5.968916e-02,8.375484e-02,6.021504e-02,4.351529e-02,8.437893e-02,3.394949e-02,1.062385e-01,1.711579e-01,4.915933e-02,4.246468e-02,8.546931e-02,5.417431e-02,1.400163e-02,2.291809e-02
9.281594e-02,9.405181e-02,8.637722e-02,4.847637e-02,3.980920e-02,6.488901e-02,2.697812e-02,1.020641e-01,2.294024e-01,3.998449e-02,3.638731e-02,6.356911e-02,4.055082e-02,1.251976e-02,2.212439e-02
1.077524e-01,1.206628e-01,7.185631e-02,4.018015e-02,4.570324e-02,4.856987e-02,2.012353e-02,8.004603e-02,2.883201e-01,3.748121e-02,3.283954e-02,4.755929e-02,2.949654e-02,1.184160e-02,1.756744e-02
1.298483e-01,1.237256e-01,7.203422e-02,4.290924e-02,4.811013e-02,3.742888e-02,1.542040e-02,6.831125e-02,2.919839e-01,4.901052e-02,3.259047e-02,3.922926e-02,2.219925e-02,1.132121e-02,1.587747e-02
1.687739e-01,1.146294e-01,6.891285e-02,3.543365e-02,4.731463e-02,2.978586e-02,1.467949e-02,5.782404e-02,2.814378e-01,7.577248e-02,3.223096e-02,3.210381e-02,1.691994e-02,1.059849e-02,1.358275e-02
1.788194e-01,1.179227e-01,6.510033e-02,2.833179e-02,4.777319e-02,2.346413e-02,1.543798e-02,4.857654e-02,2.976394e-01,8.431787e-02,3.063217e-02,2.764134e-02,1.277361e-02,9.984245e-03,1.158537e-02
