1.000000e+00,0.000000e+00,0.000000e+00,0.000000e+00,0.000000e+00,0.000000e+00,0.000000e+00,0.000000e+00,0.000000e+00,0.000000e+00,0.000000e+00,0.000000e+00,0.000000e+00,0.000000e+00,0.000000e+00
1.000000e+00,0.000000e+00,0.000000e+00,0.000000e+00,0.000000e+00,0.000000e+00,0.000000e+00,0.000000e+00,0.000000e+00,0.000000e+00,0.000000e+00,0.000000e+00,0.000000e+00,0.000000e+00,0.000000e+00
1.000000e+00,0.000000e+00,0.000000e+00,0.000000e+00,0.000000e+00,0.000000e+00,0.000000e+00,0.000000e+00,0.000000e+00,0.000000e+00,0.000000e+00,0.000000e+00,0.000000e+00,0.000000e+00,0.000000e+00
1.000000e+00,0.000000e+00,0.000000e+00,0.000000e+00,0.000000e+00,0.000000e+00,0.000000e+00,0.000000e+00,0.000000e+00,0.000000e+00,0.000000e+00,0.000000e+00,0.000000e+00,0.000000e+00,0.000000e+00
1.000000e+00,0.000000e+00,0.000000e+00,0.000000e+00,0.000000e+00,0.000000e+00,0.000000e+00,0.000000e+00,0.000000e+00,0.000000e+00,0.000000e+00,0.000000e+00,0.000000e+00,0.000000e+00,0.000000e+00
1.000000e+00,0.000000e+00,0.000000e+00,0.000000e+00,0.000000e+00,0.000000e+00,0.000000e+00,0.000000e+00,0.000000e+00,0.000000e+00,0.000000e+00,0.000000e+00,0.000000e+00,0.000000e+00,0.000000e+00
1.000000e+00,0.000000e+00,0.000000e+00,0.000000e+00,0.000000e+00,0.000000e+00,0.000000e+00,0.000000e+00,0.000000e+00,0.000000e+00,0.000000e+00,0.000000e+00,0.000000e+00,0.000000e+00,0.000000e+00
1.000000e+00,0.000000e+00,0.000000e+00,0.000000e+00,0.000000e+00,0.000000e+00,0.000000e+00,0.000000e+00,0.000000e+00,0.000000e+00,0.000000e+00,0.000000e+00,0.000000e+00,0.000000e+00,0.000000e+00
1.000000e+00,0.000000e+00,0.000000e+00,0.000000e+00,0.000000e+00,0.000000e+00,0.000000e+00,0.000000e+00,0.000000e+00,0.000000e+00,0.000000e+00,0.000000e+00,0.000000e+00,0.000000e+00,0.000000e+00
1.000000e+00,0.000000e+00,0.000000e+00,0.000000e+00,0.000000e+00,0.000000e+00,0.000000e+00,0.000000e+00,0.000000e+00,0.000000e+00,0.000000e+00,0.000000e+00,0.000000e+00,0.000000e+00,0.000000e+00
1.000000e+00,0.000000e+00,0.000000e+00,0.000000e+00,0.000000e+00,0.000000e+00,0.000000e+00,0.000000e+00,0.000000e+00,0.000000e+00,0.000000e+00,0.000000e+00,0.000000e+00,0.000000e+00,0.000000e+00
1.000000e+00,0.000000e+00,0.000000e+00,0.000000e+00,0.000000e+00,0.000000e+00,0.000000e+00,0.000000e+00,0.000000e+00,0.000000e+00,0.000000e+00,0.000000e+00,0.000000e+00,0.000000e+00,0.000000e+00
1.000000e+00,0.000000e+00,0.000000e+00,0.000000e+00,0.000000e+00,0.000000e+00,0.000000e+00,0.000000e+00,0.000000e+00,0.000000e+00,0.000000e+00,0.000000e+00,0.000000e+00,0.000000e+00,0.000000e+00
1.000000e+00,0.000000e+00,0.000000e+00,0.000000e+00,0.000000e+00,0.000000e+00,0.000000e+00,0.000000e+00,0.000000e+00,0.000000e+00,0.000000e+00,0.000000e+00,0.000000e+00,0.000000e+00,0.000000e+00
1.000000e+00,0.000000e+00,0.000000e+00,0.000000e+00,0.000000e+00,0.000000e+00,0.000000e+00,0.000000e+00,0.000000e+00,0.000000e+00,0.000000e+00,0.000000e+00,0.000000e+00,0.000000e+00,0.000000e+00
1.000000e+00,0.000000e+00,0.000000e+00,0.000000e+00,0.000000e+00,0.000000e+00,0.000000e+00,0.000000e+00,0.000000e+00,0.000000e+00,0.000000e+00,0.000000e+00,0.000000e+00,0.000000e+00,0.000000e+00
1.000000e+00,0.000000e+00,0.000000e+00,0.000000e+00,0.000000e+00,0.000000e+00,0.000000e+00,0.000000e+00,0.000000e+00,0.000000e+00,0.000000e+00,0.000000e+00,0.000000e+00,0.000000e+00,0.000000e+00
1.000000e+00,0.000000e+00,0.000000e+00,0.000000e+00,0.000000e+00,0.000000e+00,0.000000e+00,0.000000e+00,0.000000e+00,0.000000e+00,0.000000e+00,0.000000e+00,0.000000e+00,0.000000e+00,0.000000e+00
1.000000e+00,0.000000e+00,0.000000e+00,0.000000e+00,0.000000e+00,0.000000e+00,0.000000e+00,0.000000e+00,0.000000e+00,0.000000e+00,0.000000e+00,0.000000e+00,0.000000e+00,0.000000e+00,0.000000e+00
1.000000e+00,0.000000e+00,0.000000e+00,0.000000e+00,0.000000e+00,0.000000e+00,0.000000e+00,0.000000e+00,0.000000e+00,0.000000e+00,0.000000e+00,0.000000e+00,0.000000e+00,0.000000e+00,0.000000e+00
1.000000e+00,0.000000e+00,0.000000e+00,0.000000e+00,0.000000e+00,0.000000e+00,0.000000e+00,0.000000e+00,0.000000e+00,0.000000e+00,0.000000e+00,0.000000e+00,0.000000e+00,0.000000e+00,0.000000e+00
1.000000e+00,0.000000e+00,0.000000e+00,0.000000e+00,0.000000e+00,0.000000e+00,0.000000e+00,0.000000e+00,0.000000e+00,0.000000e+00,0.000000e+00,0.000000e+00,0.000000e+00,0.000000e+00,0.000000e+00
1.000000e+00,0.000000e+00,0.000000e+00,0.000000e+00,0.000000e+00,0.000000e+00,0.000000e+00,0.000000e+00,0.000000e+00,0.000000e+00,0.000000e+00,0.000000e+00,0.000000e+00,0.000000e+00,0.000000e+00
1.000000e+00,0.000000e+00,0.000000e+00,0.000000e+00,0.000000e+00,0.000000e+00,0.000000e+00,0.000000e+00,0.000000e+00,0.000000e+00,0.000000e+00,0.000000e+00,0.000000e+00,0.000000e+00,0.000000e+00
1.000000e+00,0.000000e+00,0.000000e+00,0.000000e+00,0.000000e+00,0.000000e+00,0.000000e+00,0.000000e+00,0.000000e+00,0.000000e+00,0.000000e+00,0.000000e+00,0.000000e+00,0.000000e+00,0.000000e+00
1.000000e+00,0.000000e+00,0.000000e+00,0.000000e+00,0.000000e+00,0.000000e+00,0.000000e+00,0.000000e+00,0.000000e+00,0.000000e+00,0.000000e+00,0.000000e+00,0.000000e+00,0.000000e+00,0.000000e+00
1.000000e+00,0.000000e+00,0.000000e+00,0.000000e+00,0.000000e+00,0.000000e+00,0.000000e+00,0.000000e+00,0.000000e+00,0.000000e+00,0.000000e+00,0.000000e+00,0.000000e+00,0.000000e+00,0.000000e+00
1.000000e+00,0.000000e+00,0.000000e+00,0.000000e+00,0.000000e+00,0.000000e+00,0.000000e+00,0.000000e+00,0.000000e+00,0.000000e+00,0.000000e+00,0.000000e+00,0.000000e+00,0.000000e+00,0.000000e+00
1.000000e+00,0.000000e+00,0.000000e+00,0.000000e+00,0.000000e+00,0.000000e+00,0.000000e+00,0.000000e+00,0.000000e+00,0.000000e+00,0.000000e+00,0.000000e+00,0.000000e+00,0.000000e+00,0.000000e+00
1.000000e+00,0.000000e+00,0.000000e+00,0.000000e+00,0.000000e+00,0.000000e+00,0.000000e+00,0.000000e+00,0.000000e+00,0.000000e+00,0.000000e+00,0.000000e+00,0.000000e+00,0.000000e+00,0.000000e+00
1.000000e+00,0.000000e+00,0.000000e+00,0.000000e+00,0.000000e+00,0.000000e+00,0.000000e+00,0.000000e+00,0.000000e+00,0.000000e+00,0.000000e+00,0.000000e+00,0.000000e+00,0.000000e+00,0.000000e+00
1.000000e+00,0.000000e+00,0.000000e+00,0.000000e+00,0.000000e+00,0.000000e+00,0.000000e+00,0.000000e+00,0.000000e+00,0.000000e+00,0.000000e+00,0.000000e+00,0.000000e+00,0.000000e+00,0.000000e+00
1.000000e+00,0.000000e+00,0.000000e+00,0.000000e+00,0.000000e+00,0.000000e+00,0.000000e+00,0.000000e+00,0.000000e+00,0.000000e+00,0.000000e+00,0.000000e+00,0.000000e+00,0.000000e+00,0.000000e+00
1.000000e+00,0.000000e+00,0.000000e+00,0.000000e+00,0.000000e+00,0.000000e+00,0.000000e+00,0.000000e+00,0.000000e+00,0.000000e+00,0.000000e+00,0.000000e+00,0.000000e+00,0.000000e+00,0.000000e+00
1.000000e+00,0.000000e+00,0.000000e+00,0.000000e+00,0.000000e+00,0.000000e+00,0.000000e+00,0.000000e+00,0.000000e+00,0.000000e+00,0.000000e+00,0.000000e+00,0.000000e+00,0.000000e+00,0.000000e+00
1.000000e+00,0.000000e+00,0.000000e+00,0.000000e+00,0.000000e+00,0.000000e+00,0.000000e+00,0.000000e+00,0.000000e+00,0.000000e+00,0.000000e+00,0.000000e+00,0.000000e+00,0.000000e+00,0.000000e+00
1.000000e+00,0.000000e+00,0.000000e+00,0.000000e+00,0.000000e+00,0.000000e+00,0.000000e+00,0.000000e+00,0.000000e+00,0.000000e+00,0.000000e+00,0.000000e+00,0.000000e+00,0.000000e+00,0.000000e+00
1.000000e+00,0.000000e+00,0.000000e+00,0.000000e+00,0.000000e+00,0.000000e+00,0.000000e+00,0.000000e+00,0.000000e+00,0.000000e+00,0.000000e+00,0.000000e+00,0.000000e+00,0.000000e+00,0.000000e+00
1.000000e+00,0.000000e+00,0.000000e+00,0.000000e+00,0.000000e+00,0.000000e+00,0.000000e+00,0.000000e+00,0.000000e+00,0.000000e+00,0.000000e+00,0.000000e+00,0.000000e+00,0.000000e+00,0.000000e+00
1.000000e+00,0.000000e+00,0.000000e+00,0.000000e+00,0.000000e+00,0.000000e+00,0.000000e+00,0.000000e+00,0.000000e+00,0.000000e+00,0.000000e+00,0.000000e+00,0.000000e+00,0.000000e+00,0.000000e+00
1.000000e+00,0.000000e+00,0.000000e+00,0.000000e+00,0.000000e+00,0.000000e+00,0.000000e+00,0.000000e+00,0.000000e+00,0.000000e+00,0.000000e+00,0.000000e+00,0.000000e+00,0.000000e+00,0.000000e+00
1.000000e+00,0.000000e+00,0.000000e+00,0.000000e+00,0.000000e+00,0.000000e+00,0.000000e+00,0.000000e+00,0.000000e+00,0.000000e+00,0.000000e+00,0.000000e+00,0.000000e+00,0.000000e+00,0.000000e+00
4.959467e-01,3.679216e-02,1.705294e-02,1.133997e-01,2.295715e-02,3.663945e-02,1.489657e-02,2.503656e-02,2.105470e-02,3.524979e-03,1.079848e-02,1.057762e-01,6.467420e-02,2.719244e-03,2.873093e-02
4.893722e-01,3.834459e-02,1.638792e-02,1.166813e-01,2.543769e-02,3.467816e-02,1.346080e-02,2.344549e-02,2.348373e-02,3.723247e-03,1.270710e-02,1.046121e-01,6.604856e-02,3.173011e-03,2.844418e-02
1.000000e+00,0.000000e+00,0.000000e+00,0.000000e+00,0.000000e+00,0.000000e+00,0.000000e+00,0.000000e+00,0.000000e+00,0.000000e+00,0.000000e+00,0.000000e+00,0.000000e+00,0.000000e+00,0.000000e+00
4.784968e-01,4.743201e-02,2.575759e-02,1.394938e-01,2.088979e-02,2.965371e-02,1.092981e-02,2.692674e-02,1.935158e-02,3.461136e-03,1.858153e-02,9.221940e-02,5.290327e-02,4.733302e-03,2.916962e-02
3.950150e-01,5.660841e-02,3.162943e-02,1.795771e-01,2.110188e-02,2.729926e-02,9.309159e-03,2.468486e-02,2.207676e-02,4.031249e-03,2.252571e-02,1.071892e-01,5.524188e-02,5.427953e-03,3.828216e-02
4.035593e-01,5.325425e-02,4.071754e-02,1.755533e-01,2.193695e-02,2.724071e-02,8.922692e-03,2.570608e-02,2.050116e-02,3.941542e-03,2.185669e-02,9.955276e-02,5.314485e-02,5.916721e-03,3.819540e-02
4.280336e-01,5.263107e-02,4.425547e-02,1.650620e-01,2.196042e-02,2.652396e-02,8.029345e-03,2.392371e-02,2.025681e-02,4.129772e-03,2.134392e-02,8.786113e-02,4.873610e-02,6.372695e-03,4.088006e-02
1.000000e+00,0.000000e+00,0.000000e+00,0.000000e+00,0.000000e+00,0.000000e+00,0.000000e+00,0.000000e+00,0.000000e+00,0.000000e+00,0.000000e+00,0.000000e+00,0.000000e+00,0.000000e+00,0.000000e+00
1.000000e+00,0.000000e+00,0.000000e+00,0.000000e+00,0.000000e+00,0.000000e+00,0.000000e+00,0.000000e+00,0.000000e+00,0.000000e+00,0.000000e+00,0.000000e+00,0.000000e+00,0.000000e+00,0.000000e+00
4.824543e-01,4.249764e-02,5.881912e-02,1.747094e-01,2.008960e-02,2.042683e-02,5.965359e-03,2.679292e-02,1.274238e-02,2.854183e-03,2.122830e-02,6.441831e-02,3.327509e-02,5.110990e-03,2.861561e-02
4.302687e-01,4.052387e-02,1.117328e-01,2.104334e-01,1.923376e-02,1.670860e-02,5.387356e-03,3.100364e-02,1.061057e-02,2.281496e-03,1.838958e-02,5.022467e-02,2.560275e-02,4.100693e-03,2.349813e-02
1.000000e+00,0.000000e+00,0.000000e+00,0.000000e+00,0.000000e+00,0.000000e+00,0.000000e+00,0.000000e+00,0.000000e+00,0.000000e+00,0.000000e+00,0.000000e+00,0.000000e+00,0.000000e+00,0.000000e+00
1.000000e+00,0.000000e+00,0.000000e+00,0.000000e+00,0.000000e+00,0.000000e+00,0.000000e+00,0.000000e+00,0.000000e+00,0.000000e+00,0.000000e+00,0.000000e+00,0.000000e+00,0.000000e+00,0.000000e+00
1.000000e+00,0.000000e+00,0.000000e+00,0.000000e+00,0.000000e+00,0.000000e+00,0.000000e+00,0.000000e+00,0.000000e+00,0.000000e+00,0.000000e+00,0.000000e+00,0.000000e+00,0.000000e+00,0.000000e+00
4.486657e-01,1.921680e-02,3.508828e-02,6.689805e-02,1.205297e-02,3.386226e-01,2.684169e-03,1.317205e-02,4.210342e-03,3.735536e-03,1.238656e-02,1.976544e-02,1.009085e-02,2.803699e-03,1.060690e-02
3.446705e-01,1.491416e-02,2.514813e-02,4.775352e-02,9.343206e-03,4.898662e-01,1.997159e-03,1.226737e-02,3.245931e-03,7.242080e-03,1.001071e-02,1.417725e-02,7.475791e-03,2.501136e-03,9.386848e-03
2.626182e-01,1.137063e-02,1.796223e-02,3.382821e-02,6.886320e-03,5.874107e-01,1.461372e-03,8.906393e-03,3.159284e-03,2.587725e-02,8.341545e-03,1.009974e-02,5.448340e-03,3.062034e-03,1.356768e-02
2.211935e-01,8.796866e-03,1.358447e-02,2.494892e-02,5.291258e-03,6.146819e-01,1.246814e-03,6.806100e-03,8.233840e-03,4.647536e-02,7.721528e-03,7.384682e-03,4.162412e-03,4.144024e-03,2.532835e-02
2.278233e-01,7.251370e-03,1.228254e-02,2.014147e-02,4.613430e-03,5.877905e-01,1.139820e-03,5.531586e-03,1.775610e-02,6.784251e-02,8.158937e-03,5.616003e-03,3.599947e-03,5.097468e-03,2.535511e-02
2.838217e-01,5.767665e-03,1.056959e-02,1.656959e-02,4.443405e-03,5.271668e-01,1.689924e-03,5.817258e-03,2.299214e-02,6.921107e-02,9.355599e-03,4.504119e-03,3.733136e-03,6.362968e-03,2.799511e-02
3.117594e-01,4.773386e-03,9.302894e-03,1.463482e-02,3.908289e-03,4.669677e-01,2.358035e-03,6.206715e-03,3.927318e-02,5.985789e-02,2.678267e-02,4.925349e-03,4.925770e-03,1.083776e-02,3.348619e-02
2.751054e-01,3.647171e-03,7.376972e-03,1.131578e-02,3.333541e-03,5.008825e-01,2.521344e-03,5.759219e-03,4.393154e-02,6.475016e-02,2.937871e-02,4.261990e-03,4.446079e-03,1.072205e-02,3.256751e-02
3.342312e-01,3.151707e-03,6.114667e-03,8.945396e-03,3.274148e-03,4.547537e-01,2.785331e-03,5.975432e-03,3.820489e-02,6.087903e-02,2.372068e-02,3.675240e-03,5.226020e-03,1.092443e-02,3.813815e-02
4.344273e-01,3.602209e-03,5.370900e-03,8.379120e-03,3.204347e-03,3.787303e-01,2.815326e-03,6.359216e-03,2.955733e-02,4.763924e-02,2.099503e-02,3.674745e-03,5.089871e-03,1.247165e-02,3.768333e-02
3.373580e-01,4.409183e-03,4.653844e-03,8.589359e-03,3.115254e-03,3.437828e-01,2.548554e-03,5.451882e-03,5.431534e-02,8.496604e-02,2.462060e-02,3.605243e-03,7.515609e-03,1.656990e-02,9.849843e-02
2.364808e-01,1.058892e-02,3.778245e-03,7.732443e-03,2.332077e-03,2.459193e-01,1.833136e-03,3.921807e-03,2.889996e-01,6.566271e-02,1.858417e-02,2.683564e-03,5.930195e-03,1.234637e-02,9.320670e-02
1.659543e-01,1.976329e-02,3.175040e-03,5.882901e-03,1.743381e-03,1.770532e-01,1.343127e-03,2.811974e-03,3.991569e-01,5.615170e-02,1.554802e-02,2.129646e-03,4.957837e-03,1.217333e-02,1.321553e-01
1.174955e-01,1.853349e-02,2.377851e-03,4.307905e-03,2.163181e-03,1.251706e-01,1.076580e-03,2.053685e-03,2.993628e-01,4.249641e-02,2.246516e-02,2.082810e-03,6.215538e-03,1.427824e-02,3.399202e-01
8.737882e-02,1.869802e-02,2.004340e-03,6.255790e-03,2.312722e-03,9.145036e-02,9.773435e-04,1.581542e-03,4.200174e-01,3.465198e-02,1.646280e-02,1.892201e-03,6.148611e-03,2.263317e-02,2.875349e-01
6.525625e-02,1.451173e-02,1.640549e-03,5.602362e-03,3.055976e-03,7.090671e-02,1.183876e-03,1.304623e-03,3.966904e-01,2.537590e-02,1.682037e-02,2.890212e-03,8.976540e-03,2.314215e-02,3.626423e-01
4.702131e-02,1.069324e-02,1.229536e-03,4.054578e-03,6.409776e-03,5.207747e-02,9.143900e-04,9.831054e-04,3.310181e-01,1.836335e-02,3.133637e-02,2.733381e-03,1.628088e-02,2.361522e-02,4.532693e-01
3.389171e-02,7.755339e-03,9.508458e-04,2.941137e-03,7.758104e-03,3.964198e-02,7.255909e-04,7.499477e-04,3.275009e-01,1.338072e-02,3.415293e-02,2.321070e-03,1.779273e-02,2.554464e-02,4.848923e-01
2.414561e-02,5.540566e-03,7.160393e-04,2.182632e-03,8.275513e-03,2.875426e-02,5.413253e-04,5.884094e-04,4.704146e-01,1.057977e-02,2.731487e-02,2.291097e-03,1.949158e-02,2.345254e-02,3.757111e-01
1.707016e-02,3.978146e-03,5.281856e-04,1.643058e-03,6.999703e-03,2.077755e-02,4.124340e-04,4.618824e-04,3.927544e-01,7.977453e-03,3.074930e-02,2.048928e-03,2.393171e-02,2.434933e-02,4.663178e-01
1.268718e-02,2.888053e-03,3.906028e-04,1.254182e-03,5.165205e-03,1.576498e-02,3.282530e-04,3.661348e-04,4.198551e-01,8.028010e-03,5.040341e-02,7.642050e-03,3.048989e-02,2.696528e-02,4.177716e-01
9.654739e-03,2.201113e-03,3.603182e-04,1.239506e-03,7.055872e-03,1.180244e-02,3.866508e-04,4.052331e-04,3.959517e-01,9.967417e-03,6.975132e-02,3.406662e-02,1.095470e-01,2.662355e-02,3.209865e-01
6.877136e-03,1.590373e-03,2.923644e-04,1.190464e-03,1.089446e-02,8.526125e-03,3.205551e-04,1.045556e-03,2.931193e-01,8.271807e-03,9.441924e-02,3.701207e-02,2.749178e-01,2.081482e-02,2.407080e-01
4.971639e-03,1.194514e-03,2.404307e-04,9.125484e-04,1.207643e-02,6.583449e-03,3.444586e-04,1.174849e-03,2.157183e-01,7.454636e-03,1.683432e-01,5.976728e-02,3.103685e-01,1.887746e-02,1.919724e-01
3.682979e-03,9.056586e-04,3.616973e-04,9.220857e-04,1.070622e-02,5.484498e-03,1.335361e-03,1.108804e-03,1.669928e-01,7.077252e-03,1.646474e-01,9.706321e-02,3.609229e-01,2.174328e-02,1.570458e-01
2.728438e-03,6.966467e-04,4.218725e-04,9.710372e-04,8.392099e-03,5.472326e-03,1.763351e-03,8.669990e-04,1.231822e-01,5.188751e-03,3.373339e-01,1.045346e-01,2.759301e-01,2.151588e-02,1.110017e-01
2.225738e-03,8.112703e-04,1.048751e-03,2.280326e-03,1.408996e-02,7.052480e-03,5.734263e-03,1.901704e-03,9.298414e-02,3.744859e-03,4.041372e-01,1.332629e-01,2.077967e-01,4.481952e-02,7.811018e-02
1.767142e-03,7.141139e-04,1.092354e-03,3.723452e-03,1.777736e-02,8.857867e-03,5.335156e-03,2.438165e-03,6.761327e-02,2.789201e-03,3.907349e-01,1.900080e-01,1.967256e-01,5.568469e-02,5.473872e-02
2.790405e-03,6.609813e-04,9.814536e-03,3.638840e-03,1.025095e-01,1.759417e-02,5.372597e-03,1.654482e-02,4.872195e-02,2.090089e-03,3.965767e-01,1.399328e-01,1.690309e-01,4.633382e-02,3.838794e-02
3.259933e-03,6.798162e-04,7.972043e-03,4.150181e-03,8.147413e-02,1.746951e-01,4.409758e-03,2.129299e-02,3.590230e-02,1.675901e-03,2.855273e-01,1.050890e-01,2.047261e-01,4.132241e-02,2.782301e-02
4.684811e-03,6.861305e-04,7.740931e-03,4.239964e-03,6.893151e-02,1.545554e-01,3.861925e-03,2.749959e-02,2.706546e-02,1.422393e-03,2.201635e-01,1.034874e-01,3.166229e-01,3.880079e-02,2.023735e-02
4.845017e-03,1.042600e-03,6.911938e-03,3.729326e-03,5.193049e-02,1.209031e-01,3.291862e-03,2.070656e-02,2.187032e-02,1.301342e-03,1.619425e-01,1.502652e-01,4.023938e-01,3.361519e-02,1.525067e-02
4.058551e-03,1.548491e-03,6.803272e-03,3.088574e-03,3.839797e-02,9.530722e-02,2.865684e-03,1.617932e-02,1.822980e-02,1.156880e-03,1.164004e-01,1.762142e-01,4.815778e-01,2.543953e-02,1.273231e-02
5.639151e-03,2.430042e-03,1.327307e-02,3.306914e-03,2.866583e-02,7.765792e-02,2.447660e-03,2.344231e-02,1.722278e-02,1.195104e-03,8.508994e-02,2.133560e-01,4.962747e-01,1.928294e-02,1.071565e-02
1.028538e-02,9.776259e-03,1.492853e-02,2.928933e-03,2.311560e-02,1.244046e-01,2.116697e-03,2.633534e-02,3.498412e-02,1.031850e-03,6.184488e-02,2.463018e-01,4.113030e-01,2.104961e-02,9.593378e-03
1.423848e-02,1.062274e-02,1.493162e-02,2.723882e-03,1.876297e-02,1.395786e-01,2.310075e-03,3.329009e-02,4.463701e-02,9.250731e-04,4.545268e-02,3.143424e-01,3.300403e-01,2.021579e-02,7.928309e-03
1.958594e-02,3.354827e-02,2.270473e-02,4.592161e-03,1.827864e-02,2.295498e-01,5.263838e-03,2.917779e-02,9.644838e-02,1.751567e-03,3.211752e-02,2.362239e-01,2.420806e-01,1.719030e-02,1.148653e-02
2.753859e-02,5.937406e-02,2.215257e-02,4.463741e-03,2.418274e-02,2.435574e-01,9.443616e-03,3.250812e-02,1.555887e-01,1.511451e-03,2.288404e-02,1.898739e-01,1.847657e-01,1.269399e-02,9.461280e-03
4.116684e-02,1.343703e-01,1.847690e-02,3.294504e-02,2.069809e-02,1.984765e-01,7.390030e-03,2.605433e-02,2.083211e-01,2.380840e-03,1.868940e-02,1.353814e-01,1.318129e-01,9.639404e-03,1.419688e-02
6.655838e-02,1.457484e-01,1.621729e-02,2.866690e-02,3.138341e-02,1.741321e-01,9.543400e-03,2.379355e-02,2.439630e-01,2.807648e-03,1.476519e-02,9.899238e-02,1.221199e-01,7.385069e-03,1.392336e-02
8.950751e-02,1.528668e-01,1.286996e-02,2.369013e-02,3.160203e-02,1.368519e-01,1.157844e-02,1.934473e-02,2.276344e-01,2.520176e-03,1.192815e-02,7.133193e-02,1.896427e-01,5.387408e-03,1.324371e-02
7.954926e-02,1.596650e-01,9.647762e-03,2.065108e-02,2.292795e-02,9.684119e-02,8.411814e-03,1.406975e-02,3.428581e-01,2.576944e-03,9.309699e-03,5.087067e-02,1.664304e-01,4.123569e-03,1.206689e-02
9.070773e-02,1.398288e-01,7.209291e-03,1.502502e-02,1.916266e-02,8.022489e-02,6.185392e-03,1.231178e-02,2.536223e-01,1.828877e-03,7.152746e-03,3.816912e-02,3.142811e-01,2.992257e-03,1.129807e-02
1.377122e-01,1.031750e-01,6.859130e-03,1.165836e-02,1.602142e-02,6.699719e-02,6.743717e-03,3.025022e-02,1.863504e-01,1.419065e-03,7.804073e-03,2.958404e-02,3.797973e-01,2.948258e-03,1.267969e-02
1.281965e-01,7.299501e-02,5.270685e-03,8.460815e-03,1.443234e-02,1.089047e-01,5.021135e-03,2.155599e-02,1.342078e-01,1.024183e-03,5.713996e-03,2.416966e-02,4.582053e-01,2.245526e-03,9.596406e-03
1.286594e-01,5.261336e-02,3.879460e-03,6.818209e-03,1.316429e-02,2.004770e-01,4.628043e-03,1.532277e-02,9.614515e-02,7.888963e-04,4.672935e-03,2.615664e-02,4.373159e-01,1.725408e-03,7.632529e-03
1.014331e-01,3.775134e-02,2.968570e-03,5.061794e-03,1.681529e-02,1.789972e-01,8.737460e-03,1.115817e-02,7.126972e-02,6.470325e-04,3.752533e-03,2.825259e-02,5.252501e-01,1.472394e-03,6.432674e-03
8.157113e-02,2.796457e-02,2.371231e-03,4.000358e-03,2.385969e-02,1.621942e-01,7.314833e-03,8.230443e-03,6.163199e-02,4.740681e-04,3.050052e-03,3.060568e-02,5.808376e-01,1.104789e-03,4.789373e-03
6.936654e-02,2.225127e-02,2.379557e-03,3.390999e-03,4.545509e-02,1.166906e-01,5.779526e-03,6.098143e-03,5.333031e-02,3.633345e-04,2.569523e-03,2.747910e-02,6.405448e-01,8.066541e-04,3.494602e-03
8.579071e-02,1.926601e-02,2.386392e-03,3.591089e-03,5.512509e-02,9.621012e-02,4.813703e-03,4.674986e-03,5.006142e-02,3.660886e-04,2.351042e-03,2.127659e-02,6.502240e-01,7.029532e-04,3.159842e-03
9.506083e-02,1.600046e-02,5.066458e-03,6.948972e-03,6.708434e-02,9.657660e-02,6.034299e-03,4.199855e-03,4.453114e-02,4.684213e-04,3.044396e-03,1.799698e-02,6.332904e-01,7.528284e-04,2.944096e-03
9.068535e-02,1.905599e-02,7.331434e-03,1.299226e-02,6.616163e-02,1.145513e-01,6.954483e-03,4.102529e-03,3.887873e-02,5.570569e-04,3.521439e-03,1.583039e-02,6.154734e-01,8.260752e-04,3.077873e-03
9.544256e-02,1.611176e-02,6.733789e-03,1.352944e-02,5.372150e-02,1.106304e-01,5.943741e-03,3.798101e-03,3.932742e-02,5.683758e-04,3.401774e-03,1.339799e-02,6.329931e-01,9.330710e-04,3.466904e-03
8.788692e-02,2.559862e-02,1.791597e-02,1.460054e-01,4.389377e-02,9.967041e-02,4.593654e-03,4.324342e-03,5.151578e-02,1.829178e-03,4.792335e-03,1.221512e-02,4.881752e-01,1.214485e-03,1.036884e-02
1.170108e-01,2.340156e-02,4.857095e-02,1.406192e-01,4.070725e-02,8.572289e-02,3.885780e-03,5.145722e-03,4.651053e-02,1.809792e-03,5.144951e-03,1.171906e-02,4.592119e-01,1.442351e-03,9.097194e-03
1.608583e-01,1.760557e-02,3.622172e-02,1.057560e-01,3.237617e-02,7.000931e-02,3.584365e-03,4.707130e-03,3.782672e-02,1.454289e-03,6.097843e-03,9.680858e-03,4.992970e-01,1.431474e-03,1.309326e-02
1.936499e-01,1.948339e-02,3.890066e-02,1.714020e-01,3.583528e-02,5.670359e-02,4.673330e-03,8.944046e-03,4.378993e-02,2.448065e-03,8.371020e-03,1.070158e-02,3.869384e-01,2.040671e-03,1.611813e-02
2.764964e-01,1.632171e-02,2.882347e-02,1.322173e-01,3.843885e-02,8.470288e-02,6.525705e-03,9.837242e-03,4.480021e-02,1.987324e-03,9.011255e-03,1.122894e-02,3.123139e-01,2.214117e-03,2.508067e-02
3.810025e-01,1.400883e-02,2.249673e-02,1.018372e-01,3.331346e-02,7.860328e-02,6.152862e-03,8.167354e-03,4.187459e-02,1.477076e-03,8.629588e-03,1.173055e-02,2.647654e-01,2.856386e-03,2.308420e-02
4.998254e-01,1.202756e-02,1.797736e-02,8.036426e-02,2.796160e-02,5.826140e-02,5.021902e-03,6.718660e-03,3.124128e-02,1.148770e-03,8.299328e-03,1.369161e-02,2.150376e-01,3.459799e-03,1.896361e-02
1.000000e+00,0.000000e+00,0.000000e+00,0.000000e+00,0.000000e+00,0.000000e+00,0.000000e+00,0.000000e+00,0.000000e+00,0.000000e+00,0.000000e+00,0.000000e+00,0.000000e+00,0.000000e+00,0.000000e+00
1.000000e+00,0.000000e+00,0.000000e+00,0.000000e+00,0.000000e+00,0.000000e+00,0.000000e+00,0.000000e+00,0.000000e+00,0.000000e+00,0.000000e+00,0.000000e+00,0.000000e+00,0.000000e+00,0.000000e+00
1.000000e+00,0.000000e+00,0.000000e+00,0.000000e+00,0.000000e+00,0.000000e+00,0.000000e+00,0.000000e+00,0.000000e+00,0.000000e+00,0.000000e+00,0.000000e+00,0.000000e+00,0.000000e+00,0.000000e+00
4.168791e-01,6.841952e-03,1.141040e-02,1.743759e-01,1.266853e-02,3.037042e-02,2.629331e-03,6.259444e-03,1.381505e-02,1.822819e-03,1.371100e-02,2.537270e-02,2.748750e-01,1.476028e-03,7.492407e-03
3.064033e-01,5.209116e-03,8.219313e-03,1.331428e-01,9.210501e-03,2.174421e-02,1.908408e-03,4.714745e-03,1.357271e-02,1.569539e-03,1.001821e-02,1.958377e-02,4.579448e-01,1.127269e-03,5.631272e-03
2.285622e-01,4.232399e-03,5.836133e-03,9.924033e-02,7.697179e-03,1.687163e-02,1.418788e-03,3.887457e-03,1.052106e-02,1.224160e-03,7.688440e-03,1.625203e-02,5.916181e-01,8.102876e-04,4.139782e-03
1.637855e-01,3.399021e-03,4.204226e-03,7.060651e-02,5.791795e-03,1.319574e-02,1.205123e-03,3.242335e-03,7.899571e-03,9.787141e-04,5.686576e-03,1.356804e-02,7.028134e-01,6.081423e-04,3.015304e-03
1.234449e-01,2.532295e-03,2.987935e-03,4.982585e-02,4.282002e-03,1.188775e-02,9.783607e-04,3.087243e-03,5.693175e-03,7.138530e-04,4.311652e-03,1.274171e-02,7.748151e-01,4.575842e-04,2.240633e-03
9.897771e-02,2.237704e-03,2.562062e-03,3.697670e-02,3.909747e-03,1.141645e-02,8.311227e-04,3.577542e-03,5.531443e-03,5.381247e-04,3.763760e-03,1.476653e-02,8.125294e-01,6.396442e-04,1.742107e-03
7.389909e-02,1.664585e-03,2.381218e-03,2.620576e-02,4.278860e-03,1.694274e-02,8.418761e-04,6.373164e-03,4.049285e-03,4.069229e-04,2.924254e-03,2.305192e-02,8.349193e-01,5.736838e-04,1.487429e-03
5.871333e-02,1.307420e-03,4.665713e-03,2.041636e-02,5.229168e-03,3.204043e-02,1.092297e-03,1.005246e-02,4.405454e-03,4.312040e-04,3.506170e-03,2.255452e-02,8.329956e-01,1.190506e-03,1.399444e-03
6.274286e-02,1.160047e-03,5.266613e-03,1.486017e-02,6.976418e-03,9.271672e-02,1.561458e-03,8.547036e-03,3.813267e-03,4.874027e-04,3.663322e-03,2.398695e-02,7.704931e-01,1.164383e-03,2.560308e-03
4.829326e-02,8.958990e-04,4.022944e-03,1.058200e-02,7.299530e-03,9.600718e-02,2.161594e-03,6.810149e-03,3.021155e-03,4.424421e-04,3.396476e-03,3.911910e-02,7.743160e-01,9.821221e-04,2.650258e-03
5.313580e-02,1.076956e-03,4.038507e-03,7.919588e-03,8.620646e-03,7.906830e-02,2.394319e-03,5.780875e-03,4.040816e-03,3.845966e-04,2.700258e-03,3.406907e-02,7.935514e-01,8.204796e-04,2.398405e-03
5.588148e-02,1.233299e-03,3.937490e-03,5.817288e-03,1.276673e-02,7.877804e-02,3.043886e-03,5.082208e-03,5.635136e-03,3.394845e-04,2.289985e-03,2.623084e-02,7.959480e-01,9.082805e-04,2.107894e-03
7.108815e-02,2.088633e-03,5.415764e-03,5.150025e-03,1.793808e-02,8.912887e-02,4.330806e-03,6.045482e-03,9.538558e-03,4.477273e-04,2.593188e-03,2.163701e-02,7.611760e-01,1.361532e-03,2.060152e-03
7.582911e-02,4.475252e-03,9.804867e-03,5.484051e-03,1.527999e-02,9.773155e-02,4.110543e-03,5.126189e-03,1.414562e-02,8.843115e-04,3.300774e-03,2.390281e-02,7.358027e-01,1.499958e-03,2.622344e-03
5.804053e-02,4.457897e-03,8.008434e-03,4.105625e-03,1.441958e-02,7.605894e-02,4.205445e-03,4.483378e-03,1.397181e-02,6.996139e-04,2.818544e-03,2.376848e-02,7.816799e-01,1.178764e-03,2.103046e-03
9.062750e-02,1.679521e-02,9.780327e-03,8.295294e-03,1.563253e-02,6.260563e-02,6.121126e-03,5.672900e-03,3.535178e-02,8.822794e-04,3.972663e-03,2.395101e-02,7.138323e-01,1.768013e-03,4.711413e-03
8.045346e-02,1.387023e-02,1.008812e-02,6.413626e-03,1.898257e-02,5.700000e-02,5.162054e-03,4.976103e-03,2.754555e-02,8.447671e-04,4.038859e-03,2.197202e-02,7.423350e-01,1.710684e-03,4.607002e-03
9.092332e-02,1.523925e-02,6.556449e-02,7.577834e-03,4.107166e-02,5.083128e-02,6.009746e-03,6.836351e-03,2.206132e-02,9.791928e-04,4.406270e-03,1.954385e-02,6.633676e-01,1.494036e-03,4.093832e-03
1.617616e-01,2.784327e-02,5.623708e-02,1.076859e-02,4.580908e-02,4.530670e-02,5.161690e-03,8.807950e-03,3.344671e-02,2.784067e-03,5.354160e-03,1.949973e-02,5.436004e-01,1.900944e-03,3.171796e-02
1.896908e-01,8.247751e-02,5.918241e-02,1.845630e-02,4.220141e-02,3.737868e-02,4.135815e-03,8.598138e-03,5.208310e-02,5.438711e-03,5.560863e-03,1.653798e-02,4.235692e-01,1.669887e-03,5.301915e-02
1.741775e-01,1.119915e-01,5.314640e-02,2.113778e-02,6.609646e-02,4.113800e-02,4.101358e-03,9.751090e-03,8.749968e-02,4.461626e-03,8.170058e-03,1.458668e-02,3.562589e-01,1.633479e-03,4.584951e-02
1.627739e-01,1.195463e-01,6.078373e-02,7.794443e-02,6.328613e-02,5.367870e-02,4.412788e-03,1.002577e-02,1.047716e-01,4.782928e-03,6.495468e-03,1.123278e-02,2.695150e-01,1.510168e-03,4.924019e-02
1.550878e-01,1.280499e-01,4.976103e-02,7.146320e-02,7.128447e-02,6.376095e-02,4.975966e-03,1.135621e-02,1.673897e-01,4.212971e-03,5.055064e-03,8.929981e-03,2.120580e-01,1.512714e-03,4.510193e-02
1.559401e-01,1.408748e-01,3.795583e-02,6.175021e-02,9.107882e-02,7.124470e-02,5.985951e-03,1.134075e-02,1.749418e-01,4.714590e-03,4.303151e-03,7.385196e-03,1.749803e-01,1.504118e-03,5.599958e-02
1.578450e-01,1.619433e-01,2.925177e-02,5.993570e-02,8.940424e-02,6.517329e-02,6.713627e-03,1.116986e-02,2.063712e-01,4.433626e-03,3.406253e-03,5.860539e-03,1.498964e-01,1.188589e-03,4.740664e-02
1.487893e-01,1.605160e-01,2.125255e-02,7.269509e-02,6.576112e-02,5.359127e-02,5.206109e-03,8.620568e-03,2.736259e-01,5.065659e-03,3.415501e-03,4.925900e-03,1.101058e-01,1.183648e-03,6.524555e-02
1.821891e-01,1.577900e-01,1.698525e-02,5.589327e-02,6.430957e-02,9.569700e-02,4.976275e-03,1.793439e-02,2.487300e-01,3.937383e-03,3.052770e-03,4.086429e-03,8.635195e-02,1.145906e-03,5.692072e-02
1.741969e-01,1.638201e-01,1.413707e-02,1.165259e-01,5.339976e-02,7.089533e-02,4.045974e-03,1.630484e-02,2.323420e-01,5.391071e-03,1.164309e-02,5.404659e-03,6.640750e-02,1.884793e-03,6.360097e-02
1.488549e-01,1.176286e-01,1.086104e-02,1.427128e-01,4.264779e-02,5.539174e-02,3.734893e-03,1.277678e-02,1.808970e-01,4.027117e-03,1.338839e-02,9.148409e-03,2.091451e-01,1.591811e-03,4.719354e-02
1.051662e-01,8.397265e-02,8.338835e-03,2.058436e-01,3.327044e-02,4.014660e-02,2.710020e-03,9.051370e-03,1.291232e-01,2.855208e-03,1.018009e-02,9.399044e-03,3.254226e-01,1.142857e-03,3.337738e-02
7.423222e-02,5.907568e-02,5.946342e-03,1.633715e-01,2.503526e-02,2.843562e-02,1.937150e-03,6.387966e-03,9.093866e-02,2.012848e-03,7.937107e-03,9.008221e-03,5.013371e-01,8.026172e-04,2.354174e-02
5.253199e-02,4.146336e-02,4.194184e-03,1.150521e-01,1.828310e-02,2.031413e-02,1.383692e-03,4.528073e-03,6.377835e-02,1.419165e-03,5.775657e-03,9.097414e-03,6.450880e-01,5.677287e-04,1.652304e-02
3.709729e-02,2.914507e-02,3.012450e-03,8.106004e-02,1.302106e-02,1.500281e-02,9.886298e-04,3.203600e-03,4.477420e-02,1.009448e-03,4.304484e-03,8.457338e-03,7.468745e-01,4.112280e-04,1.163792e-02
2.754607e-02,2.046807e-02,2.368714e-03,5.689230e-02,1.151502e-02,2.616262e-02,1.832795e-03,4.468444e-03,3.157371e-02,7.686123e-04,6.805053e-03,1.464665e-02,7.861642e-01,4.135913e-04,8.374145e-03
2.127495e-02,1.457509e-02,1.746936e-03,4.001752e-02,9.226103e-03,2.545733e-02,1.472803e-03,3.298865e-03,2.239620e-02,5.846355e-04,1.083948e-02,3.790547e-02,8.046776e-01,4.514461e-04,6.075590e-03
1.564134e-02,1.081504e-02,1.325300e-03,2.817391e-02,6.894313e-03,2.769788e-02,1.095133e-03,2.352143e-03,1.591599e-02,5.512401e-04,1.394522e-02,1.086389e-01,7.620635e-01,5.277712e-04,4.362344e-03
1.212527e-02,7.666277e-03,1.171593e-03,1.989940e-02,5.191098e-03,6.597117e-02,1.111481e-03,1.742730e-03,1.136564e-02,1.057656e-03,2.860524e-02,1.840712e-01,6.561984e-01,5.345989e-04,3.288295e-03
1.010035e-02,5.503886e-03,1.436647e-03,1.416262e-02,3.863727e-03,8.464353e-02,1.061797e-03,1.326913e-03,8.255112e-03,1.884034e-03,4.443212e-02,2.694577e-01,5.508361e-01,5.101205e-04,2.525299e-03
8.624122e-03,3.914144e-03,1.382535e-03,1.002546e-02,2.934309e-03,1.212759e-01,9.283673e-04,1.028701e-03,6.187362e-03,1.868372e-03,4.993378e-02,3.491993e-01,4.401712e-01,6.292175e-04,1.897240e-03
6.550090e-03,2.764423e-03,1.077632e-03,7.054966e-03,2.180806e-03,1.312960e-01,7.631102e-04,7.518540e-04,4.634340e-03,1.723734e-03,4.590277e-02,4.445053e-01,3.486482e-01,7.583147e-04,1.388477e-03
5.942008e-03,1.958685e-03,7.748783e-04,4.965654e-03,1.809406e-03,9.370042e-02,5.970586e-04,5.429270e-04,4.999929e-03,1.639698e-03,4.135370e-02,4.808428e-01,3.591361e-01,6.881629e-04,1.048587e-03
7.325360e-03,1.408008e-03,5.740719e-04,3.516612e-03,1.662845e-03,7.043099e-02,5.857323e-04,5.000622e-04,4.740210e-03,4.451924e-03,3.436114e-02,5.808017e-01,2.881398e-01,7.011152e-04,8.005187e-04
7.142531e-03,1.054885e-03,4.820158e-04,2.548049e-03,2.737812e-03,5.146381e-02,4.687970e-04,9.679130e-04,6.830270e-03,1.139505e-02,3.406519e-02,6.424013e-01,2.372662e-01,5.700948e-04,6.061351e-04
5.870831e-03,7.994326e-04,3.570873e-04,1.811885e-03,2.811234e-03,3.631273e-02,3.560124e-04,1.000685e-03,1.078259e-02,1.288719e-02,2.830645e-02,7.151807e-01,1.826126e-01,4.520244e-04,4.586296e-04
5.912501e-03,5.993457e-04,2.663557e-04,1.290196e-03,2.383168e-03,2.619826e-02,2.657928e-04,9.770460e-04,1.153004e-02,2.359484e-02,2.536584e-02,7.602892e-01,1.405874e-01,3.989237e-04,3.412025e-04
1.628203e-02,6.377524e-04,2.521244e-04,9.869526e-04,4.012945e-03,2.033199e-02,2.774614e-04,2.897641e-03,2.276620e-02,3.605421e-02,3.220293e-02,7.567798e-01,1.058532e-01,3.882664e-04,2.765818e-04
2.825026e-02,6.514944e-04,3.192683e-04,9.413586e-04,5.791058e-03,1.562770e-02,4.207720e-04,4.376496e-03,2.600369e-02,3.629860e-02,2.824612e-02,7.738122e-01,7.868356e-02,3.646991e-04,2.127097e-04
2.663287e-02,9.488955e-04,5.686961e-04,9.812810e-04,8.714796e-03,1.162425e-02,4.899808e-04,6.972522e-03,3.612574e-02,4.637764e-02,2.603262e-02,7.740102e-01,5.997942e-02,3.743928e-04,1.666776e-04
2.297892e-02,2.590402e-03,1.396006e-03,1.595489e-03,1.698952e-02,8.597651e-03,4.862190e-04,2.939920e-02,9.126735e-02,6.905697e-02,2.173680e-02,6.874285e-01,4.601289e-02,3.297869e-04,1.342820e-04
2.479854e-02,5.613167e-03,2.241580e-03,1.356165e-03,1.778751e-02,6.266797e-03,3.914704e-04,2.658589e-02,1.087372e-01,1.104942e-01,2.120886e-02,6.393214e-01,3.465599e-02,3.956262e-04,1.455509e-04
2.630516e-02,1.906534e-02,6.606841e-03,2.075630e-03,1.848471e-02,4.523717e-03,3.017858e-04,3.443764e-02,1.186120e-01,1.046033e-01,4.132222e-02,5.968500e-01,2.558081e-02,1.003778e-03,2.270953e-04
2.128644e-02,1.635415e-02,5.129919e-03,1.847376e-03,1.580305e-02,3.305511e-03,2.176423e-04,2.619732e-02,2.847432e-01,7.615575e-02,9.704421e-02,4.304471e-01,1.820705e-02,2.723501e-03,5.377700e-04
1.545281e-02,1.187639e-02,3.657677e-03,1.435281e-03,1.151812e-02,2.475638e-03,1.553727e-04,1.895754e-02,4.118608e-01,5.448887e-02,1.291224e-01,3.163538e-01,1.294247e-02,9.077106e-03,6.257503e-04
1.117625e-02,8.878358e-03,2.652209e-03,1.281438e-03,8.430982e-03,1.842486e-03,1.104758e-04,1.381875e-02,4.622505e-01,3.865961e-02,2.077432e-01,2.265600e-01,9.115740e-03,6.970939e-03,5.090028e-04
8.210766e-03,6.342169e-03,1.886228e-03,1.032085e-03,6.111231e-03,1.332170e-03,7.813096e-05,9.847690e-03,5.738829e-01,2.721901e-02,1.920193e-01,1.594289e-01,6.417139e-03,5.797038e-03,3.951896e-04
6.434433e-03,4.473167e-03,1.341357e-03,8.071726e-04,4.396331e-03,9.699680e-04,5.537941e-05,7.032581e-03,6.789484e-01,1.910384e-02,1.556294e-01,1.116844e-01,4.502737e-03,4.311704e-03,3.091192e-04
4.884828e-03,3.160018e-03,9.638382e-04,5.826724e-04,3.281253e-03,7.112938e-04,3.893439e-05,4.951558e-03,7.530150e-01,1.341509e-02,1.292885e-01,7.825514e-02,3.161404e-03,3.926982e-03,3.634946e-04
4.085449e-03,2.350076e-03,7.738502e-04,4.332302e-04,2.524175e-03,6.287894e-04,2.797451e-05,3.694978e-03,7.988994e-01,9.455306e-03,1.159012e-01,5.485599e-02,2.235979e-03,3.655850e-03,4.777239e-04
4.554373e-03,1.736826e-03,6.967966e-04,3.772804e-04,3.206722e-03,5.112940e-04,2.503976e-05,3.279247e-03,8.170501e-01,6.705764e-03,1.160384e-01,3.843782e-02,1.579450e-03,5.250589e-03,5.502452e-04
1.047236e-02,1.374704e-03,2.274562e-03,2.620304e-03,1.049014e-02,6.719654e-04,6.578249e-05,1.658595e-02,8.302751e-01,4.864070e-03,8.653089e-02,2.698193e-02,1.143725e-03,5.078524e-03,5.700208e-04
2.056397e-02,1.264973e-03,5.435316e-03,8.062267e-03,1.253838e-02,1.319591e-03,6.070679e-05,1.631149e-02,8.126853e-01,3.799125e-03,7.761522e-02,1.896383e-02,8.399229e-04,1.917447e-02,1.365493e-03
3.034705e-02,1.073123e-03,5.407404e-03,8.465889e-03,1.314802e-02,1.263176e-03,6.127414e-05,1.223573e-02,7.785130e-01,3.051043e-03,7.937583e-02,1.340125e-02,6.445480e-04,5.132563e-02,1.687075e-03
3.344561e-02,8.950872e-04,4.954854e-03,7.789927e-03,1.206418e-02,1.156937e-03,6.733307e-05,8.988364e-03,7.435666e-01,2.463605e-03,7.767095e-02,9.505212e-03,5.225053e-04,9.527993e-02,1.628970e-03
3.639384e-02,8.075215e-04,1.160177e-02,1.252042e-02,1.011269e-02,1.494789e-03,9.318226e-05,8.658951e-03,6.458951e-01,1.846426e-03,6.225833e-02,6.835066e-03,4.469385e-04,1.992419e-01,1.793138e-03
4.023146e-02,7.984237e-04,2.948755e-02,1.185844e-02,9.271203e-03,1.528580e-03,1.450867e-04,7.306423e-03,5.507408e-01,1.352885e-03,4.729039e-02,4.954822e-03,3.648358e-04,2.928780e-01,1.791159e-03
6.169970e-02,8.489980e-04,4.882806e-02,9.657847e-03,7.570880e-03,1.881684e-03,2.433440e-04,5.649650e-03,4.838923e-01,1.100460e-03,5.203309e-02,3.700474e-03,3.057729e-04,3.200190e-01,2.568771e-03
1.369171e-01,1.466418e-03,5.843065e-02,9.804206e-03,6.357599e-03,2.329075e-03,4.666779e-04,4.530766e-03,4.186933e-01,1.077499e-03,6.276235e-02,3.019943e-03,3.931679e-04,2.904668e-01,3.284469e-03
2.539000e-01,1.652594e-03,5.947296e-02,9.219814e-03,6.026027e-03,3.364975e-03,8.326926e-04,4.307934e-03,3.819679e-01,9.954695e-04,5.366214e-02,3.098733e-03,7.069495e-04,2.172547e-01,3.537030e-03
3.945734e-01,2.822205e-03,7.608721e-02,1.109866e-02,5.253568e-03,3.951257e-03,1.351848e-03,6.716284e-03,2.927933e-01,1.143834e-03,3.928113e-02,3.148224e-03,1.241663e-03,1.561930e-01,4.344476e-03
1.000000e+00,0.000000e+00,0.000000e+00,0.000000e+00,0.000000e+00,0.000000e+00,0.000000e+00,0.000000e+00,0.000000e+00,0.000000e+00,0.000000e+00,0.000000e+00,0.000000e+00,0.000000e+00,0.000000e+00
1.000000e+00,0.000000e+00,0.000000e+00,0.000000e+00,0.000000e+00,0.000000e+00,0.000000e+00,0.000000e+00,0.000000e+00,0.000000e+00,0.000000e+00,0.000000e+00,0.000000e+00,0.000000e+00,0.000000e+00
1.000000e+00,0.000000e+00,0.000000e+00,0.000000e+00,0.000000e+00,0.000000e+00,0.000000e+00,0.000000e+00,0.000000e+00,0.000000e+00,0.000000e+00,0.000000e+00,0.000000e+00,0.000000e+00,0.000000e+00
1.000000e+00,0.000000e+00,0.000000e+00,0.000000e+00,0.000000e+00,0.000000e+00,0.000000e+00,0.000000e+00,0.000000e+00,0.000000e+00,0.000000e+00,0.000000e+00,0.000000e+00,0.000000e+00,0.000000e+00
1.000000e+00,0.000000e+00,0.000000e+00,0.000000e+00,0.000000e+00,0.000000e+00,0.000000e+00,0.000000e+00,0.000000e+00,0.000000e+00,0.000000e+00,0.000000e+00,0.000000e+00,0.000000e+00,0.000000e+00
1.000000e+00,0.000000e+00,0.000000e+00,0.000000e+00,0.000000e+00,0.000000e+00,0.000000e+00,0.000000e+00,0.000000e+00,0.000000e+00,0.000000e+00,0.000000e+00,0.000000e+00,0.000000e+00,0.000000e+00
1.000000e+00,0.000000e+00,0.000000e+00,0.000000e+00,0.000000e+00,0.000000e+00,0.000000e+00,0.000000e+00,0.000000e+00,0.000000e+00,0.000000e+00,0.000000e+00,0.000000e+00,0.000000e+00,0.000000e+00
4.152251e-01,7.084859e-03,3.461143e-02,2.201167e-02,2.212171e-03,4.239961e-03,7.954668e-04,3.531631e-03,8.275816e-02,6.069149e-03,7.291380e-03,5.723525e-03,8.252078e-03,1.843846e-02,3.817550e-01
3.185292e-01,7.796972e-03,2.528749e-02,1.897510e-02,2.020000e-03,4.861078e-03,6.439018e-04,2.693828e-03,7.283898e-02,7.968408e-03,7.339289e-03,4.952357e-03,8.580459e-03,2.355479e-02,4.939581e-01
2.560064e-01,1.508731e-02,2.128947e-02,5.009817e-02,2.088512e-03,4.286001e-03,7.195448e-04,3.011430e-03,8.252908e-02,7.184532e-03,7.726038e-03,5.840340e-03,8.405020e-03,3.139229e-02,5.043359e-01
3.690537e-01,1.739766e-02,1.718001e-02,5.504108e-02,3.453535e-03,5.523912e-03,1.014603e-03,4.594598e-03,6.267495e-02,5.922445e-03,1.329164e-02,7.039657e-03,1.012903e-02,3.907787e-02,3.886054e-01
2.755735e-01,1.683217e-02,1.293575e-02,5.188770e-02,2.634348e-03,4.847395e-03,7.865721e-04,3.348262e-03,7.087901e-02,5.972707e-03,1.116992e-02,5.673381e-03,8.639110e-03,3.610667e-02,4.927135e-01
2.361217e-01,1.869301e-02,1.161274e-02,4.627378e-02,2.046587e-03,5.075323e-03,7.631593e-04,2.673407e-03,8.446382e-02,7.071488e-03,1.033071e-02,7.182301e-03,8.335427e-03,3.931361e-02,5.200430e-01
2.777163e-01,1.988697e-02,9.973963e-03,3.663918e-02,3.246761e-03,5.913179e-03,9.554053e-04,2.512055e-03,7.454735e-02,8.131115e-03,1.171760e-02,7.808529e-03,1.025140e-02,7.824080e-02,4.524594e-01
3.882870e-01,2.339325e-02,9.906063e-03,3.302917e-02,8.699954e-03,6.402084e-03,1.124596e-03,3.194716e-03,6.734022e-02,8.346025e-03,1.028301e-02,7.436610e-03,9.297859e-03,6.315782e-02,3.601016e-01
4.849368e-01,2.876468e-02,8.845510e-03,3.193361e-02,1.516942e-02,1.043269e-02,1.397834e-03,4.219488e-03,5.529592e-02,7.009738e-03,9.224944e-03,6.833112e-03,8.971265e-03,5.053139e-02,2.764336e-01
