1.000000e+00,0.000000e+00,0.000000e+00,0.000000e+00,0.000000e+00,0.000000e+00,0.000000e+00,0.000000e+00,0.000000e+00,0.000000e+00,0.000000e+00,0.000000e+00,0.000000e+00,0.000000e+00,0.000000e+00
1.000000e+00,0.000000e+00,0.000000e+00,0.000000e+00,0.000000e+00,0.000000e+00,0.000000e+00,0.000000e+00,0.000000e+00,0.000000e+00,0.000000e+00,0.000000e+00,0.000000e+00,0.000000e+00,0.000000e+00
1.000000e+00,0.000000e+00,0.000000e+00,0.000000e+00,0.000000e+00,0.000000e+00,0.000000e+00,0.000000e+00,0.000000e+00,0.000000e+00,0.000000e+00,0.000000e+00,0.000000e+00,0.000000e+00,0.000000e+00
1.000000e+00,0.000000e+00,0.000000e+00,0.000000e+00,0.000000e+00,0.000000e+00,0.000000e+00,0.000000e+00,0.000000e+00,0.000000e+00,0.000000e+00,0.000000e+00,0.000000e+00,0.000000e+00,0.000000e+00
1.000000e+00,0.000000e+00,0.000000e+00,0.000000e+00,0.000000e+00,0.000000e+00,0.000000e+00,0.000000e+00,0.000000e+00,0.000000e+00,0.000000e+00,0.000000e+00,0.000000e+00,0.000000e+00,0.000000e+00
1.000000e+00,0.000000e+00,0.000000e+00,0.000000e+00,0.000000e+00,0.000000e+00,0.000000e+00,0.000000e+00,0.000000e+00,0.000000e+00,0.000000e+00,0.000000e+00,0.000000e+00,0.000000e+00,0.000000e+00
1.000000e+00,0.000000e+00,0.000000e+00,0.000000e+00,0.000000e+00,0.000000e+00,0.000000e+00,0.000000e+00,0.000000e+00,0.000000e+00,0.000000e+00,0.000000e+00,0.000000e+00,0.000000e+00,0.000000e+00
1.000000e+00,0.000000e+00,0.000000e+00,0.000000e+00,0.000000e+00,0.000000e+00,0.000000e+00,0.000000e+00,0.000000e+00,0.000000e+00,0.000000e+00,0.000000e+00,0.000000e+00,0.000000e+00,0.000000e+00
1.000000e+00,0.000000e+00,0.000000e+00,0.000000e+00,0.000000e+00,0.000000e+00,0.000000e+00,0.000000e+00,0.000000e+00,0.000000e+00,0.000000e+00,0.000000e+00,0.000000e+00,0.000000e+00,0.000000e+00
1.000000e+00,0.000000e+00,0.000000e+00,0.000000e+00,0.000000e+00,0.000000e+00,0.000000e+00,0.000000e+00,0.000000e+00,0.000000e+00,0.000000e+00,0.000000e+00,0.000000e+00,0.000000e+00,0.000000e+00
1.000000e+00,0.000000e+00,0.000000e+00,0.000000e+00,0.000000e+00,0.000000e+00,0.000000e+00,0.000000e+00,0.000000e+00,0.000000e+00,0.000000e+00,0.000000e+00,0.000000e+00,0.000000e+00,0.000000e+00
1.000000e+00,0.000000e+00,0.000000e+00,0.000000e+00,0.000000e+00,0.000000e+00,0.000000e+00,0.000000e+00,0.000000e+00,0.000000e+00,0.000000e+00,0.000000e+00,0.000000e+00,0.000000e+00,0.000000e+00
1.000000e+00,0.000000e+00,0.000000e+00,0.000000e+00,0.000000e+00,0.000000e+00,0.000000e+00,0.000000e+00,0.000000e+00,0.000000e+00,0.000000e+00,0.000000e+00,0.000000e+00,0.000000e+00,0.000000e+00
1.000000e+00,0.000000e+00,0.000000e+00,0.000000e+00,0.000000e+00,0.000000e+00,0.000000e+00,0.000000e+00,0.000000e+00,0.000000e+00,0.000000e+00,0.000000e+00,0.000000e+00,0.000000e+00,0.000000e+00
1.000000e+00,0.000000e+00,0.000000e+00,0.000000e+00,0.000000e+00,0.000000e+00,0.000000e+00,0.000000e+00,0.000000e+00,0.000000e+00,0.000000e+00,0.000000e+00,0.000000e+00,0.000000e+00,0.000000e+00
1.000000e+00,0.000000e+00,0.000000e+00,0.000000e+00,0.000000e+00,0.000000e+00,0.000000e+00,0.000000e+00,0.000000e+00,0.000000e+00,0.000000e+00,0.000000e+00,0.000000e+00,0.000000e+00,0.000000e+00
1.000000e+00,0.000000e+00,0.000000e+00,0.000000e+00,0.000000e+00,0.000000e+00,0.000000e+00,0.000000e+00,0.000000e+00,0.000000e+00,0.000000e+00,0.000000e+00,0.000000e+00,0.000000e+00,0.000000e+00
1.000000e+00,0.000000e+00,0.000000e+00,0.000000e+00,0.000000e+00,0.000000e+00,0.000000e+00,0.000000e+00,0.000000e+00,0.000000e+00,0.000000e+00,0.000000e+00,0.000000e+00,0.000000e+00,0.000000e+00
1.000000e+00,0.000000e+00,0.000000e+00,0.000000e+00,0.000000e+00,0.000000e+00,0.000000e+00,0.000000e+00,0.000000e+00,0.000000e+00,0.000000e+00,0.000000e+00,0.000000e+00,0.000000e+00,0.000000e+00
1.000000e+00,0.000000e+00,0.000000e+00,0.000000e+00,0.000000e+00,0.000000e+00,0.000000e+00,0.000000e+00,0.000000e+00,0.000000e+00,0.000000e+00,0.000000e+00,0.000000e+00,0.000000e+00,0.000000e+00
1.000000e+00,0.000000e+00,0.000000e+00,0.000000e+00,0.000000e+00,0.000000e+00,0.000000e+00,0.000000e+00,0.000000e+00,0.000000e+00,0.000000e+00,0.000000e+00,0.000000e+00,0.000000e+00,0.000000e+00
1.000000e+00,0.000000e+00,0.000000e+00,0.000000e+00,0.000000e+00,0.000000e+00,0.000000e+00,0.000000e+00,0.000000e+00,0.000000e+00,0.000000e+00,0.000000e+00,0.000000e+00,0.000000e+00,0.000000e+00
1.000000e+00,0.000000e+00,0.000000e+00,0.000000e+00,0.000000e+00,0.000000e+00,0.000000e+00,0.000000e+00,0.000000e+00,0.000000e+00,0.000000e+00,0.000000e+00,0.000000e+00,0.000000e+00,0.000000e+00
1.000000e+00,0.000000e+00,0.000000e+00,0.000000e+00,0.000000e+00,0.000000e+00,0.000000e+00,0.000000e+00,0.000000e+00,0.000000e+00,0.000000e+00,0.000000e+00,0.000000e+00,0.000000e+00,0.000000e+00
1.000000e+00,0.000000e+00,0.000000e+00,0.000000e+00,0.000000e+00,0.000000e+00,0.000000e+00,0.000000e+00,0.000000e+00,0.000000e+00,0.000000e+00,0.000000e+00,0.000000e+00,0.000000e+00,0.000000e+00
1.000000e+00,0.000000e+00,0.000000e+00,0.000000e+00,0.000000e+00,0.000000e+00,0.000000e+00,0.000000e+00,0.000000e+00,0.000000e+00,0.000000e+00,0.000000e+00,0.000000e+00,0.000000e+00,0.000000e+00
1.000000e+00,0.000000e+00,0.000000e+00,0.000000e+00,0.000000e+00,0.000000e+00,0.000000e+00,0.000000e+00,0.000000e+00,0.000000e+00,0.000000e+00,0.000000e+00,0.000000e+00,0.000000e+00,0.000000e+00
1.000000e+00,0.000000e+00,0.000000e+00,0.000000e+00,0.000000e+00,0.000000e+00,0.000000e+00,0.000000e+00,0.000000e+00,0.000000e+00,0.000000e+00,0.000000e+00,0.000000e+00,0.000000e+00,0.000000e+00
1.000000e+00,0.000000e+00,0.000000e+00,0.000000e+00,0.000000e+00,0.000000e+00,0.000000e+00,0.000000e+00,0.000000e+00,0.000000e+00,0.000000e+00,0.000000e+00,0.000000e+00,0.000000e+00,0.000000e+00
1.000000e+00,0.000000e+00,0.000000e+00,0.000000e+00,0.000000e+00,0.000000e+00,0.000000e+00,0.000000e+00,0.000000e+00,0.000000e+00,0.000000e+00,0.000000e+00,0.000000e+00,0.000000e+00,0.000000e+00
1.000000e+00,0.000000e+00,0.000000e+00,0.000000e+00,0.000000e+00,0.000000e+00,0.000000e+00,0.000000e+00,0.000000e+00,0.000000e+00,0.000000e+00,0.000000e+00,0.000000e+00,0.000000e+00,0.000000e+00
1.000000e+00,0.000000e+00,0.000000e+00,0.000000e+00,0.000000e+00,0.000000e+00,0.000000e+00,0.000000e+00,0.000000e+00,0.000000e+00,0.000000e+00,0.000000e+00,0.000000e+00,0.000000e+00,0.000000e+00
1.000000e+00,0.000000e+00,0.000000e+00,0.000000e+00,0.000000e+00,0.000000e+00,0.000000e+00,0.000000e+00,0.000000e+00,0.000000e+00,0.000000e+00,0.000000e+00,0.000000e+00,0.000000e+00,0.000000e+00
1.000000e+00,0.000000e+00,0.000000e+00,0.000000e+00,0.000000e+00,0.000000e+00,0.000000e+00,0.000000e+00,0.000000e+00,0.000000e+00,0.000000e+00,0.000000e+00,0.000000e+00,0.000000e+00,0.000000e+00
1.000000e+00,0.000000e+00,0.000000e+00,0.000000e+00,0.000000e+00,0.000000e+00,0.000000e+00,0.000000e+00,0.000000e+00,0.000000e+00,0.000000e+00,0.000000e+00,0.000000e+00,0.000000e+00,0.000000e+00
1.000000e+00,0.000000e+00,0.000000e+00,0.000000e+00,0.000000e+00,0.000000e+00,0.000000e+00,0.000000e+00,0.000000e+00,0.000000e+00,0.000000e+00,0.000000e+00,0.000000e+00,0.000000e+00,0.000000e+00
1.000000e+00,0.000000e+00,0.000000e+00,0.000000e+00,0.000000e+00,0.000000e+00,0.000000e+00,0.000000e+00,0.000000e+00,0.000000e+00,0.000000e+00,0.000000e+00,0.000000e+00,0.000000e+00,0.000000e+00
1.000000e+00,0.000000e+00,0.000000e+00,0.000000e+00,0.000000e+00,0.000000e+00,0.000000e+00,0.000000e+00,0.000000e+00,0.000000e+00,0.000000e+00,0.000000e+00,0.000000e+00,0.000000e+00,0.000000e+00
1.000000e+00,0.000000e+00,0.000000e+00,0.000000e+00,0.000000e+00,0.000000e+00,0.000000e+00,0.000000e+00,0.000000e+00,0.000000e+00,0.000000e+00,0.000000e+00,0.000000e+00,0.000000e+00,0.000000e+00
1.000000e+00,0.000000e+00,0.000000e+00,0.000000e+00,0.000000e+00,0.000000e+00,0.000000e+00,0.000000e+00,0.000000e+00,0.000000e+00,0.000000e+00,0.000000e+00,0.000000e+00,0.000000e+00,0.000000e+00
1.000000e+00,0.000000e+00,0.000000e+00,0.000000e+00,0.000000e+00,0.000000e+00,0.000000e+00,0.000000e+00,0.000000e+00,0.000000e+00,0.000000e+00,0.000000e+00,0.000000e+00,0.000000e+00,0.000000e+00
1.000000e+00,0.000000e+00,0.000000e+00,0.000000e+00,0.000000e+00,0.000000e+00,0.000000e+00,0.000000e+00,0.000000e+00,0.000000e+00,0.000000e+00,0.000000e+00,0.000000e+00,0.000000e+00,0.000000e+00
1.000000e+00,0.000000e+00,0.000000e+00,0.000000e+00,0.000000e+00,0.000000e+00,0.000000e+00,0.000000e+00,0.000000e+00,0.000000e+00,0.000000e+00,0.000000e+00,0.000000e+00,0.000000e+00,0.000000e+00
1.000000e+00,0.000000e+00,0.000000e+00,0.000000e+00,0.000000e+00,0.000000e+00,0.000000e+00,0.000000e+00,0.000000e+00,0.000000e+00,0.000000e+00,0.000000e+00,0.000000e+00,0.000000e+00,0.000000e+00
1.000000e+00,0.000000e+00,0.000000e+00,0.000000e+00,0.000000e+00,0.000000e+00,0.000000e+00,0.000000e+00,0.000000e+00,0.000000e+00,0.000000e+00,0.000000e+00,0.000000e+00,0.000000e+00,0.000000e+00
1.000000e+00,0.000000e+00,0.000000e+00,0.000000e+00,0.000000e+00,0.000000e+00,0.000000e+00,0.000000e+00,0.000000e+00,0.000000e+00,0.000000e+00,0.000000e+00,0.000000e+00,0.000000e+00,0.000000e+00
1.000000e+00,0.000000e+00,0.000000e+00,0.000000e+00,0.000000e+00,0.000000e+00,0.000000e+00,0.000000e+00,0.000000e+00,0.000000e+00,0.000000e+00,0.000000e+00,0.000000e+00,0.000000e+00,0.000000e+00
1.000000e+00,0.000000e+00,0.000000e+00,0.000000e+00,0.000000e+00,0.000000e+00,0.000000e+00,0.000000e+00,0.000000e+00,0.000000e+00,0.000000e+00,0.000000e+00,0.000000e+00,0.000000e+00,0.000000e+00
1.000000e+00,0.000000e+00,0.000000e+00,0.000000e+00,0.000000e+00,0.000000e+00,0.000000e+00,0.000000e+00,0.000000e+00,0.000000e+00,0.000000e+00,0.000000e+00,0.000000e+00,0.000000e+00,0.000000e+00
1.000000e+00,0.000000e+00,0.000000e+00,0.000000e+00,0.000000e+00,0.000000e+00,0.000000e+00,0.000000e+00,0.000000e+00,0.000000e+00,0.000000e+00,0.000000e+00,0.000000e+00,0.000000e+00,0.000000e+00
1.000000e+00,0.000000e+00,0.000000e+00,0.000000e+00,0.000000e+00,0.000000e+00,0.000000e+00,0.000000e+00,0.000000e+00,0.000000e+00,0.000000e+00,0.000000e+00,0.000000e+00,0.000000e+00,0.000000e+00
1.000000e+00,0.000000e+00,0.000000e+00,0.000000e+00,0.000000e+00,0.000000e+00,0.000000e+00,0.000000e+00,0.000000e+00,0.000000e+00,0.000000e+00,0.000000e+00,0.000000e+00,0.000000e+00,0.000000e+00
1.000000e+00,0.000000e+00,0.000000e+00,0.000000e+00,0.000000e+00,0.000000e+00,0.000000e+00,0.000000e+00,0.000000e+00,0.000000e+00,0.000000e+00,0.000000e+00,0.000000e+00,0.000000e+00,0.000000e+00
1.000000e+00,0.000000e+00,0.000000e+00,0.000000e+00,0.000000e+00,0.000000e+00,0.000000e+00,0.000000e+00,0.000000e+00,0.000000e+00,0.000000e+00,0.000000e+00,0.000000e+00,0.000000e+00,0.000000e+00
1.000000e+00,0.000000e+00,0.000000e+00,0.000000e+00,0.000000e+00,0.000000e+00,0.000000e+00,0.000000e+00,0.000000e+00,0.000000e+00,0.000000e+00,0.000000e+00,0.000000e+00,0.000000e+00,0.000000e+00
1.000000e+00,0.000000e+00,0.000000e+00,0.000000e+00,0.000000e+00,0.000000e+00,0.000000e+00,0.000000e+00,0.000000e+00,0.000000e+00,0.000000e+00,0.000000e+00,0.000000e+00,0.000000e+00,0.000000e+00
1.000000e+00,0.000000e+00,0.000000e+00,0.000000e+00,0.000000e+00,0.000000e+00,0.000000e+00,0.000000e+00,0.000000e+00,0.000000e+00,0.000000e+00,0.000000e+00,0.000000e+00,0.000000e+00,0.000000e+00
1.000000e+00,0.000000e+00,0.000000e+00,0.000000e+00,0.000000e+00,0.000000e+00,0.000000e+00,0.000000e+00,0.000000e+00,0.000000e+00,0.000000e+00,0.000000e+00,0.000000e+00,0.000000e+00,0.000000e+00
1.000000e+00,0.000000e+00,0.000000e+00,0.000000e+00,0.000000e+00,0.000000e+00,0.000000e+00,0.000000e+00,0.000000e+00,0.000000e+00,0.000000e+00,0.000000e+00,0.000000e+00,0.000000e+00,0.000000e+00
1.000000e+00,0.000000e+00,0.000000e+00,0.000000e+00,0.000000e+00,0.000000e+00,0.000000e+00,0.000000e+00,0.000000e+00,0.000000e+00,0.000000e+00,0.000000e+00,0.000000e+00,0.000000e+00,0.000000e+00
1.000000e+00,0.000000e+00,0.000000e+00,0.000000e+00,0.000000e+00,0.000000e+00,0.000000e+00,0.000000e+00,0.000000e+00,0.000000e+00,0.000000e+00,0.000000e+00,0.000000e+00,0.000000e+00,0.000000e+00
3.666529e-01,1.457413e-02,1.263005e-02,4.859388e-02,5.359447e-03,1.102430e-02,1.961432e-03,6.693556e-03,3.256375e-03,7.744489e-04,4.685501e-01,1.186639e-02,9.042754e-03,3.122082e-02,7.799436e-03
2.567011e-01,1.022810e-02,8.862770e-03,3.402114e-02,3.774123e-03,7.982329e-03,1.375122e-03,4.710658e-03,2.321446e-03,5.581078e-04,6.018662e-01,8.855259e-03,6.350867e-03,4.686062e-02,5.532097e-03
1.797680e-01,7.249737e-03,6.233999e-03,2.383223e-02,2.713140e-03,6.074181e-03,9.726335e-04,3.366001e-03,1.812176e-03,4.552804e-04,6.651585e-01,7.510514e-03,4.472454e-03,8.610228e-02,4.278958e-03
1.258655e-01,5.190686e-03,4.398593e-03,1.673382e-02,2.067470e-03,4.692074e-03,6.961083e-04,2.387241e-03,1.626148e-03,6.984365e-04,7.389756e-01,6.699997e-03,3.214237e-03,8.313970e-02,3.614450e-03
8.813912e-02,3.750997e-03,3.179141e-03,1.175545e-02,1.616919e-03,3.991422e-03,5.011062e-04,1.706703e-03,1.502089e-03,6.791728e-04,7.663452e-01,6.184350e-03,2.332845e-03,1.054052e-01,2.910332e-03
6.189094e-02,3.578785e-03,3.536517e-03,8.395880e-03,1.740766e-03,6.869388e-03,4.511317e-04,1.340463e-03,2.526963e-03,2.070739e-03,7.621756e-01,7.434775e-03,1.803677e-03,1.294921e-01,6.692309e-03
4.346247e-02,8.862390e-03,3.814630e-03,6.170121e-03,3.317107e-03,1.983667e-02,6.144542e-04,1.026653e-03,1.109636e-02,1.793364e-02,7.151684e-01,1.091638e-02,1.512574e-03,1.407292e-01,1.553902e-02
3.085835e-02,1.266044e-02,1.150929e-02,4.975912e-03,3.696638e-03,3.168912e-02,2.080038e-03,1.502466e-03,1.757162e-02,3.542615e-02,6.317465e-01,1.541869e-02,2.074615e-03,1.765246e-01,2.226558e-02
2.170817e-02,9.262054e-03,8.829354e-03,3.566595e-03,2.755376e-03,2.323441e-02,1.576650e-03,1.205667e-03,1.387173e-02,3.961682e-02,6.867437e-01,1.394180e-02,1.779508e-03,1.515889e-01,2.031925e-02
1.525448e-02,6.804124e-03,6.666481e-03,2.587208e-03,2.030076e-03,1.862334e-02,1.176599e-03,9.134819e-04,1.074408e-02,3.364431e-02,7.328529e-01,1.227451e-02,1.556058e-03,1.311548e-01,2.371752e-02
1.078058e-02,5.462756e-03,5.625750e-03,2.038305e-03,1.861198e-03,1.756965e-02,1.309519e-03,8.496781e-04,8.947549e-03,3.233505e-02,7.360584e-01,1.271977e-02,1.682772e-03,1.237074e-01,3.905163e-02
7.644306e-03,6.775963e-03,5.205289e-03,1.588397e-03,1.649067e-03,1.328292e-02,1.091259e-03,7.477431e-04,1.353030e-02,4.457385e-02,6.035581e-01,1.410331e-02,1.262623e-03,1.266994e-01,1.582875e-01
5.498915e-03,8.311487e-03,8.637792e-03,1.373496e-03,1.400906e-03,1.047718e-02,9.736828e-04,9.768968e-04,2.058537e-02,8.549064e-02,5.490370e-01,1.749359e-02,1.079108e-03,1.324418e-01,1.562222e-01
3.961988e-03,7.841859e-03,7.456264e-03,1.058382e-03,1.327147e-03,8.260163e-03,8.924322e-04,9.458660e-04,2.270794e-02,1.206452e-01,5.287687e-01,1.463460e-02,8.958609e-04,1.061065e-01,1.744970e-01
2.840368e-03,8.545895e-03,7.592995e-03,8.161080e-04,1.570690e-03,6.417116e-03,1.477023e-03,9.025161e-04,2.362595e-02,2.142987e-01,4.494477e-01,1.258246e-02,8.750943e-04,8.861733e-02,1.803901e-01
2.067316e-03,1.008954e-02,8.303680e-03,6.666378e-04,1.630216e-03,5.390586e-03,1.279956e-03,7.012588e-04,2.185003e-02,2.142350e-01,3.773550e-01,1.023942e-02,7.372140e-04,7.057835e-02,2.748758e-01
1.911449e-03,8.182400e-03,8.970905e-03,6.839162e-04,2.174308e-03,6.120603e-03,1.273029e-03,1.155885e-03,2.683355e-02,2.347177e-01,4.018632e-01,9.916935e-03,2.079244e-03,6.219979e-02,2.319171e-01
2.808926e-03,6.783134e-03,8.987108e-03,8.470545e-04,2.556439e-03,1.061992e-02,1.379176e-03,2.079495e-03,2.643299e-02,2.916715e-01,3.815451e-01,1.494510e-02,5.587805e-03,6.735558e-02,1.764007e-01
2.957028e-03,8.392266e-03,7.953983e-03,9.077307e-04,2.613796e-03,1.090953e-02,1.126383e-03,1.757952e-03,2.642081e-02,3.390541e-01,3.507032e-01,4.278769e-02,1.233870e-02,5.783446e-02,1.342424e-01
5.421310e-03,9.447644e-03,8.964665e-03,1.956115e-03,3.299116e-03,2.484684e-02,1.704935e-03,6.011667e-03,2.661550e-02,4.121128e-01,2.818155e-01,5.463542e-02,1.211561e-02,5.480313e-02,9.624968e-02
2.240302e-02,7.507701e-03,7.206189e-02,6.208611e-03,5.480533e-03,2.094237e-02,8.868097e-03,3.013534e-02,2.458942e-02,4.098727e-01,2.228753e-01,4.466540e-02,1.112712e-02,4.504563e-02,6.821690e-02
2.816582e-02,9.735473e-03,8.002446e-02,1.575774e-02,2.013881e-02,2.750713e-02,7.602615e-03,2.898961e-02,5.161133e-02,4.095363e-01,1.787887e-01,3.828892e-02,1.044956e-02,4.117607e-02,5.222742e-02
3.385550e-02,1.883586e-02,7.880066e-02,1.432860e-02,2.386685e-02,2.145669e-02,5.781902e-03,2.763193e-02,5.256245e-02,4.360141e-01,1.499985e-01,3.071797e-02,8.305009e-03,5.652344e-02,4.132050e-02
3.911947e-02,1.950126e-02,8.256596e-02,1.852287e-02,6.440174e-02,2.319817e-02,5.458134e-03,3.971583e-02,4.970863e-02,3.581482e-01,1.272007e-01,2.326997e-02,8.728256e-03,1.037283e-01,3.673259e-02
3.514630e-02,1.685133e-02,2.638934e-01,2.585504e-02,6.249871e-02,2.190172e-02,4.996813e-03,3.759842e-02,3.801143e-02,2.619520e-01,9.414506e-02,1.678839e-02,7.644207e-03,8.579656e-02,2.692062e-02
3.747782e-02,1.908504e-02,3.809323e-01,4.704786e-02,5.586717e-02,2.275988e-02,4.030426e-03,3.049131e-02,2.964980e-02,1.970927e-01,7.062403e-02,1.279950e-02,7.355167e-03,6.470243e-02,2.008463e-02
3.013550e-02,2.594195e-02,4.497411e-01,9.930269e-02,4.589733e-02,2.244908e-02,4.415863e-03,2.710576e-02,2.174024e-02,1.439315e-01,5.061445e-02,9.148353e-03,5.337447e-03,4.984736e-02,1.439141e-02
3.324557e-02,2.171168e-02,5.255657e-01,8.792702e-02,5.222788e-02,2.338714e-02,4.330091e-03,2.010354e-02,1.704847e-02,1.133762e-01,3.928224e-02,7.075936e-03,4.305348e-03,3.965653e-02,1.075666e-02
7.015382e-02,1.992737e-02,5.089828e-01,8.867915e-02,8.308659e-02,2.289278e-02,5.314989e-03,1.544618e-02,1.416610e-02,8.852082e-02,3.064367e-02,7.354285e-03,3.957158e-03,3.068763e-02,1.018661e-02
5.815203e-02,1.985576e-02,5.046570e-01,1.505231e-01,7.963455e-02,1.844443e-02,4.228780e-03,1.110603e-02,1.082411e-02,7.816170e-02,2.417938e-02,6.402947e-03,3.882237e-03,2.170471e-02,8.243327e-03
5.469152e-02,1.894069e-02,4.226902e-01,2.543048e-01,7.760398e-02,1.615790e-02,3.207221e-03,8.072208e-03,8.524182e-03,7.945295e-02,2.255357e-02,7.255703e-03,4.845626e-03,1.531166e-02,6.387796e-03
4.444538e-02,1.519076e-02,3.196878e-01,2.339215e-01,1.316478e-01,1.785172e-02,2.667134e-03,1.315533e-01,6.024789e-03,5.573720e-02,1.708344e-02,5.212880e-03,3.732420e-03,1.073705e-02,4.506785e-03
3.530797e-02,1.080631e-02,2.417663e-01,2.195318e-01,2.082308e-01,1.306535e-02,1.935775e-03,1.928190e-01,4.237156e-03,3.920798e-02,1.560058e-02,3.725895e-03,2.983299e-03,7.541651e-03,3.240059e-03
3.477878e-02,7.817526e-03,1.837459e-01,1.631692e-01,1.911624e-01,9.330794e-03,1.634358e-03,3.535098e-01,2.990979e-03,2.752647e-02,1.181215e-02,2.674582e-03,2.216874e-03,5.304051e-03,2.326057e-03
3.002230e-02,5.638679e-03,1.348992e-01,1.180427e-01,1.553880e-01,6.791631e-03,1.362522e-03,5.064759e-01,2.346685e-03,2.010738e-02,9.567223e-03,2.005183e-03,1.871773e-03,3.736031e-03,1.744746e-03
5.507687e-02,4.981270e-03,1.079026e-01,8.973689e-02,1.262445e-01,7.526921e-03,1.332906e-03,5.544899e-01,4.143171e-03,1.924551e-02,1.591073e-02,3.581984e-03,3.656179e-03,2.961243e-03,3.209359e-03
4.732834e-02,7.810536e-03,9.080386e-02,7.619071e-02,9.724387e-02,8.218484e-03,1.026206e-03,5.152192e-01,1.620069e-02,7.122796e-02,3.554448e-02,8.976261e-03,1.176450e-02,5.765978e-03,6.678985e-03
5.756652e-02,8.621162e-03,6.843831e-02,7.933544e-02,7.463136e-02,1.093724e-02,8.853193e-04,3.980789e-01,6.492715e-02,1.062575e-01,6.674036e-02,1.194038e-02,2.951916e-02,7.901999e-03,1.421925e-02
4.622390e-02,6.626995e-03,4.927196e-02,6.698949e-02,5.343027e-02,1.003535e-02,6.913306e-04,2.828754e-01,9.256072e-02,1.950605e-01,1.021389e-01,1.716707e-02,4.918821e-02,1.274467e-02,1.499517e-02
3.374287e-02,7.470649e-03,3.754047e-02,5.433184e-02,3.829170e-02,1.002050e-02,6.115184e-04,1.994027e-01,1.057001e-01,2.145818e-01,1.418841e-01,2.773529e-02,5.668239e-02,2.445678e-02,4.754726e-02
2.515293e-02,8.289462e-03,3.103710e-02,4.353154e-02,2.895289e-02,8.860303e-03,5.233166e-04,1.409777e-01,1.159416e-01,1.659546e-01,2.688211e-01,2.624286e-02,4.695753e-02,4.235605e-02,4.640103e-02
1.900816e-02,8.415958e-03,2.435612e-02,3.618225e-02,2.402057e-02,7.930118e-03,5.062238e-04,9.968576e-02,1.223744e-01,1.194200e-01,2.877488e-01,2.603453e-02,3.708578e-02,1.433035e-01,4.392779e-02
1.566306e-02,1.071920e-02,1.822243e-02,3.293019e-02,1.893843e-02,8.503372e-03,5.467874e-04,7.075533e-02,1.081242e-01,8.777572e-02,2.927979e-01,2.416930e-02,2.962864e-02,2.290401e-01,5.218533e-02
1.239856e-02,1.222528e-02,1.300539e-02,2.390751e-02,1.490129e-02,6.840918e-03,4.143059e-04,4.969956e-02,2.266311e-01,6.186917e-02,2.617328e-01,1.779194e-02,2.323846e-02,2.342900e-01,4.105368e-02
8.875258e-03,9.995363e-03,9.433043e-03,1.754325e-02,1.130777e-02,5.620694e-03,3.119558e-04,3.485918e-02,4.002755e-01,4.364441e-02,1.936147e-01,1.274182e-02,1.660562e-02,2.042196e-01,3.095171e-02
6.572088e-03,9.093849e-03,7.429254e-03,1.446371e-02,1.069874e-02,5.419329e-03,2.450444e-04,2.460960e-02,5.289524e-01,3.096759e-02,1.400728e-01,9.302853e-03,1.214739e-02,1.768880e-01,2.313730e-02
5.766855e-03,1.026547e-02,6.701517e-03,1.065015e-02,9.656969e-03,6.966494e-03,2.446532e-04,1.818024e-02,5.650178e-01,2.257480e-02,1.013874e-01,7.624173e-03,9.103554e-03,2.079563e-01,1.790353e-02
6.030100e-03,1.267865e-02,6.293625e-03,8.731399e-03,9.482206e-03,6.427591e-03,2.281608e-04,1.438486e-02,6.034536e-01,1.697498e-02,7.669063e-02,6.491515e-03,6.744557e-03,2.109531e-01,1.443500e-02
8.207356e-03,1.012950e-02,5.065626e-03,6.644752e-03,8.196103e-03,5.617442e-03,1.932002e-04,1.056191e-02,6.227903e-01,1.280227e-02,5.849687e-02,5.091348e-03,4.963842e-03,2.296600e-01,1.157945e-02
1.556209e-02,8.359838e-03,5.759888e-03,5.678473e-03,7.887160e-03,5.565634e-03,1.846856e-04,8.152176e-03,6.472175e-01,1.034281e-02,4.886720e-02,4.105269e-03,3.821047e-03,2.170903e-01,1.140596e-02
3.850069e-02,8.932196e-03,1.391728e-02,7.136163e-03,9.821059e-03,7.071831e-03,3.842053e-04,9.099230e-03,6.268975e-01,9.181933e-03,4.009795e-02,4.227838e-03,3.762935e-03,2.008519e-01,2.011729e-02
8.053789e-02,3.494874e-02,1.506364e-02,1.028752e-02,2.848660e-02,1.010709e-02,1.012222e-03,1.018074e-02,5.549508e-01,7.542991e-03,3.172778e-02,4.554171e-03,5.170548e-03,1.819175e-01,2.351167e-02
7.877902e-02,4.227476e-02,2.169155e-02,1.203466e-02,3.384012e-02,9.775551e-03,1.075445e-03,3.599802e-02,5.442945e-01,6.973343e-03,2.357329e-02,3.578584e-03,4.363573e-03,1.604355e-01,2.131210e-02
6.028366e-02,5.130612e-02,2.587668e-02,2.219283e-02,2.863919e-02,8.052544e-03,8.325542e-04,2.700438e-02,5.819756e-01,7.314845e-03,1.734713e-02,2.657046e-03,3.366111e-03,1.333832e-01,2.976812e-02
4.868998e-02,4.693215e-02,2.762244e-02,1.833947e-02,2.721832e-02,8.208789e-03,6.183735e-04,2.022874e-02,6.250167e-01,9.767539e-03,1.310225e-02,1.942065e-03,2.613130e-03,1.135046e-01,3.619541e-02
4.323776e-02,5.945203e-02,3.242962e-02,2.337195e-02,3.346816e-02,8.749122e-03,5.523950e-04,2.517536e-02,5.999907e-01,9.645526e-03,1.015926e-02,1.477586e-03,2.503715e-03,1.128250e-01,3.696167e-02
3.345828e-02,4.923047e-02,2.715021e-02,3.950327e-02,2.828262e-02,6.754613e-03,4.077493e-04,1.842884e-02,6.563623e-01,9.681173e-03,7.579040e-03,1.077653e-03,1.930560e-03,8.082988e-02,3.932329e-02
2.872305e-02,4.587853e-02,2.029827e-02,3.229348e-02,2.574508e-02,7.867699e-03,3.097854e-04,1.588103e-02,7.092106e-01,7.495107e-03,6.165344e-03,8.165127e-04,1.577946e-03,6.419752e-02,3.354003e-02
3.148263e-02,4.090996e-02,2.294415e-02,6.611651e-02,1.104127e-01,7.914245e-03,3.826175e-04,3.993728e-02,5.950296e-01,5.565008e-03,4.955917e-03,6.438366e-04,1.220037e-03,4.808252e-02,2.440302e-02
4.072553e-02,3.382282e-02,3.135048e-02,7.556564e-02,1.357618e-01,1.609217e-02,4.030408e-04,3.728818e-02,5.563388e-01,4.761863e-03,4.691383e-03,5.843156e-04,1.082843e-03,3.710257e-02,2.442857e-02
5.455823e-02,3.027700e-02,2.569669e-02,6.681447e-02,1.479871e-01,4.024976e-02,3.721563e-04,3.111390e-02,5.400496e-01,3.642532e-03,4.738514e-03,5.508865e-04,1.136783e-03,3.073220e-02,2.208021e-02
6.321187e-02,2.609269e-02,2.566417e-02,7.546262e-02,1.872816e-01,3.202260e-02,3.920365e-04,3.450463e-02,5.042274e-01,2.750250e-03,3.991776e-03,7.120869e-04,9.911307e-04,2.610468e-02,1.659045e-02
6.710865e-02,2.327973e-02,1.941749e-02,6.227591e-02,1.860220e-01,2.938082e-02,3.814795e-04,2.504590e-02,5.397979e-01,2.026189e-03,3.947286e-03,7.332917e-04,9.036985e-04,2.728785e-02,1.239175e-02
7.274371e-02,2.253586e-02,1.439175e-02,4.578604e-02,1.412442e-01,3.516852e-02,3.411956e-04,1.801984e-02,5.988047e-01,1.533987e-03,3.970818e-03,8.886370e-04,9.035120e-04,3.329521e-02,1.037207e-02
7.913967e-02,2.286263e-02,1.290599e-02,7.074881e-02,1.264171e-01,2.675525e-02,4.228916e-04,1.713904e-02,5.979546e-01,1.316725e-03,4.385123e-03,1.325055e-03,8.513029e-04,2.873815e-02,9.037630e-03
7.798131e-02,1.801196e-02,1.258137e-02,7.164896e-02,1.984705e-01,2.165366e-02,3.490886e-04,1.308923e-02,5.330926e-01,1.174588e-03,1.483392e-02,2.716176e-03,2.047516e-03,2.148441e-02,1.086472e-02
1.161981e-01,1.875130e-02,9.767525e-03,7.866216e-02,1.603500e-01,2.294941e-02,5.745619e-04,1.023882e-02,4.238021e-01,2.049347e-03,5.738315e-02,2.843650e-02,2.792754e-02,1.886458e-02,2.404489e-02
8.313501e-02,1.921312e-02,7.808470e-03,9.817718e-02,1.150371e-01,1.647965e-02,4.509097e-04,7.212842e-03,3.970303e-01,5.470466e-03,5.073708e-02,2.259910e-02,2.940930e-02,1.400132e-02,1.332382e-01
5.830884e-02,1.473655e-02,5.767536e-03,7.014321e-02,8.066632e-02,1.158956e-02,3.223617e-04,5.054170e-03,3.242879e-01,5.571381e-03,3.668786e-02,1.622335e-02,2.238510e-02,1.099410e-02,3.372618e-01
4.092515e-02,1.078877e-02,4.254447e-03,4.914795e-02,5.664587e-02,8.174089e-03,2.401675e-04,3.543510e-03,2.819280e-01,4.217457e-03,2.779393e-02,1.157710e-02,1.674960e-02,3.195048e-02,4.520634e-01
2.886440e-02,7.868304e-03,3.073157e-03,3.445312e-02,3.985848e-02,5.792973e-03,1.925595e-04,2.487484e-03,2.269423e-01,3.593742e-03,2.301361e-02,8.934877e-03,1.267934e-02,5.217912e-02,5.500666e-01
2.047839e-02,6.622185e-03,2.245650e-03,2.481713e-02,2.811302e-02,4.286328e-03,2.020795e-04,1.755463e-03,3.621927e-01,4.622075e-03,1.901500e-02,8.015844e-03,9.777489e-03,6.510480e-02,4.427519e-01
1.614713e-02,6.108915e-03,1.997759e-03,1.810899e-02,2.425509e-02,4.345834e-03,7.530982e-04,1.300680e-03,3.376208e-01,4.882313e-03,2.184088e-02,8.670609e-03,1.189882e-02,1.114556e-01,4.306135e-01
1.303478e-02,4.995579e-03,1.570135e-03,1.356640e-02,1.791264e-02,3.375432e-03,6.297540e-04,9.685386e-04,3.026401e-01,5.802745e-03,2.315932e-02,1.072858e-02,1.565095e-02,2.042733e-01,3.816916e-01
9.239774e-03,3.598099e-03,1.126118e-03,9.513943e-03,1.257152e-02,2.391777e-03,4.633998e-04,6.848233e-04,2.428276e-01,4.896009e-03,1.807968e-02,7.902103e-03,1.360692e-02,3.912094e-01,2.818888e-01
6.721312e-03,2.741990e-03,8.170020e-04,6.700257e-03,9.087214e-03,1.700966e-03,3.612938e-04,4.922258e-04,2.552325e-01,3.852017e-03,1.856497e-02,5.945694e-03,1.464503e-02,4.499328e-01,2.232046e-01
5.231663e-03,2.076782e-03,5.919570e-04,4.718022e-03,6.763249e-03,1.223888e-03,3.249019e-04,5.344021e-04,2.685038e-01,3.299274e-03,1.754856e-02,4.645932e-03,1.267502e-02,4.960635e-01,1.757990e-01
3.994015e-03,1.514989e-03,4.877798e-04,3.328996e-03,5.132819e-03,9.377303e-04,3.035695e-04,5.186360e-04,3.022834e-01,2.821886e-03,1.362351e-02,3.348252e-03,9.419988e-03,5.180944e-01,1.341899e-01
3.117353e-03,1.132562e-03,3.662879e-04,2.373736e-03,4.093866e-03,7.169596e-04,2.545602e-04,4.261750e-04,3.029076e-01,3.400040e-03,2.564344e-02,3.854085e-03,9.255704e-03,5.356040e-01,1.068536e-01
2.225472e-03,8.407751e-04,2.667847e-04,1.684123e-03,3.107373e-03,6.081522e-04,2.341337e-04,3.261903e-04,2.594851e-01,2.753936e-03,3.457171e-02,3.152996e-03,1.051717e-02,5.284079e-01,1.518182e-01
1.633987e-03,6.163627e-04,1.931474e-04,1.203927e-03,2.390617e-03,5.002365e-04,1.955096e-04,2.467004e-04,2.725422e-01,2.643561e-03,5.497863e-02,3.040812e-03,8.131368e-03,5.116684e-01,1.400145e-01
1.174525e-03,4.853834e-04,1.531114e-04,8.637725e-04,1.786816e-03,3.836518e-04,1.472952e-04,1.900134e-04,2.346174e-01,2.856831e-03,7.013896e-02,2.353131e-03,6.357192e-03,5.513889e-01,1.271030e-01
9.373482e-04,4.220865e-04,1.246524e-04,6.412793e-04,1.380843e-03,3.094460e-04,1.155946e-04,1.509349e-04,2.157869e-01,3.464602e-03,8.131414e-02,1.855921e-03,5.381008e-03,5.654197e-01,1.226955e-01
8.327803e-04,5.463955e-04,1.322044e-04,4.958453e-04,1.080068e-03,5.255806e-04,1.016481e-04,1.196175e-04,1.934491e-01,8.362161e-03,1.080879e-01,1.752926e-03,5.802899e-03,5.680153e-01,1.106955e-01
8.920088e-04,1.218512e-03,1.922459e-04,4.045870e-04,1.098364e-03,8.144993e-03,8.484686e-05,1.606527e-04,1.766853e-01,8.049551e-03,1.272814e-01,1.697712e-03,5.741805e-03,5.846711e-01,8.367680e-02
9.716710e-04,2.339088e-03,4.919913e-04,4.312158e-04,1.281121e-03,2.026597e-02,8.630318e-05,2.217102e-04,1.976760e-01,8.745374e-03,1.597102e-01,2.002130e-03,6.917878e-03,5.329548e-01,6.590451e-02
1.411412e-03,3.193624e-03,7.099987e-04,9.204253e-04,1.420052e-03,1.845177e-02,1.586282e-04,3.593768e-04,1.551474e-01,7.681334e-03,1.852030e-01,2.944065e-03,8.187076e-03,5.662625e-01,4.794932e-02
2.012069e-03,2.588881e-03,9.771417e-04,9.805467e-04,1.673928e-03,1.421361e-02,1.790909e-04,3.296907e-04,1.113915e-01,5.977533e-03,1.878080e-01,2.775706e-03,8.167571e-03,6.270762e-01,3.384851e-02
3.931706e-03,2.070910e-03,9.929426e-04,1.269419e-03,1.612985e-03,1.200152e-02,1.691400e-04,3.945987e-04,8.008755e-02,4.765613e-03,2.426604e-01,3.201705e-03,8.553375e-03,6.142767e-01,2.401141e-02
3.271139e-03,1.742088e-03,9.698491e-04,9.481565e-04,1.221543e-03,9.567046e-03,1.328888e-04,3.062926e-04,5.778603e-02,3.589916e-03,2.380353e-01,2.835414e-03,6.690233e-03,6.559648e-01,1.693934e-02
3.488754e-03,2.194260e-03,3.916970e-03,7.197948e-04,1.168271e-03,1.202934e-02,1.215785e-04,3.409750e-04,4.427438e-02,3.063024e-03,2.112317e-01,2.708292e-03,5.683352e-03,6.967834e-01,1.227596e-02
3.464414e-03,3.304885e-03,5.091075e-03,7.233121e-04,1.291378e-03,1.174299e-02,1.327283e-04,3.876830e-04,5.904430e-02,4.051205e-03,1.947364e-01,3.624334e-03,4.780062e-03,6.985991e-01,9.026145e-03
3.498259e-03,4.006921e-03,7.640745e-03,8.040782e-04,1.545855e-03,1.337584e-02,1.558264e-04,4.785043e-04,7.322472e-02,6.576622e-03,1.864629e-01,4.162905e-03,4.536015e-03,6.862256e-01,7.305238e-03
3.726533e-03,1.237378e-02,2.959633e-02,1.901848e-03,3.646327e-03,3.124834e-02,2.057906e-04,6.347558e-04,1.345359e-01,9.067789e-03,1.745232e-01,3.587675e-03,3.716465e-03,5.830245e-01,8.210849e-03
4.340922e-03,9.230655e-03,1.938704e-01,6.147787e-03,2.850599e-03,2.463818e-02,2.041514e-04,5.145562e-03,1.618125e-01,8.426785e-03,1.431480e-01,2.543091e-03,2.800243e-03,4.282949e-01,6.546352e-03
1.319300e-02,2.147631e-02,1.443680e-01,6.862518e-03,4.286454e-03,2.630069e-02,1.863909e-04,4.070693e-03,1.950976e-01,9.027436e-03,1.597938e-01,1.848467e-03,2.307150e-03,4.045976e-01,6.584015e-03
3.479881e-02,2.485334e-02,1.223461e-01,3.364105e-02,1.266740e-02,2.490427e-02,1.994713e-04,4.857502e-03,2.705068e-01,1.169754e-02,1.331463e-01,1.401481e-03,1.912624e-03,3.174237e-01,5.643793e-03
5.680931e-02,2.768537e-02,1.118597e-01,4.262996e-02,1.875043e-02,3.669580e-02,2.109928e-04,3.887477e-03,2.692815e-01,1.294417e-02,1.178207e-01,1.223098e-03,1.674511e-03,2.924602e-01,6.066793e-03
5.777981e-02,2.207614e-02,9.853830e-02,3.489595e-02,1.607595e-02,3.805310e-02,2.153648e-04,3.070259e-03,3.128976e-01,1.027162e-02,9.527155e-02,1.397149e-03,1.580621e-03,3.016066e-01,6.270012e-03
5.988824e-02,1.711964e-02,1.070947e-01,3.422695e-02,1.707359e-02,3.465485e-02,2.297158e-04,2.844094e-03,3.537461e-01,7.609290e-03,7.699710e-02,1.799134e-03,1.589554e-03,2.799698e-01,5.157337e-03
6.753014e-02,1.325853e-02,1.028255e-01,3.054412e-02,1.741979e-02,2.960700e-02,2.653045e-04,3.534926e-03,4.249954e-01,5.822679e-03,6.066742e-02,2.511594e-03,1.787481e-03,2.346374e-01,4.592777e-03
8.402455e-02,1.196172e-02,9.751178e-02,3.206625e-02,1.927202e-02,2.624097e-02,3.530533e-04,4.810049e-03,4.533830e-01,4.536799e-03,5.351973e-02,3.720534e-03,1.751831e-03,2.014905e-01,5.357150e-03
8.914973e-02,1.164441e-02,8.825798e-02,2.809630e-02,1.963579e-02,2.371768e-02,3.912216e-04,4.761465e-03,4.806431e-01,3.659992e-03,4.525120e-02,4.184399e-03,1.607911e-03,1.928463e-01,6.152496e-03
1.150930e-01,1.403233e-02,9.445968e-02,3.198837e-02,1.837133e-02,2.898961e-02,6.422291e-04,7.347129e-03,4.416319e-01,3.234680e-03,3.966326e-02,4.958212e-03,1.639146e-03,1.892446e-01,8.704465e-03
1.738981e-01,1.489208e-02,8.973356e-02,3.329443e-02,1.722186e-02,3.040613e-02,8.217074e-04,8.205867e-03,3.659251e-01,3.375222e-03,4.904352e-02,6.219327e-03,2.236111e-03,1.897697e-01,1.495733e-02
2.382473e-01,2.438656e-02,9.017083e-02,3.484839e-02,1.881026e-02,3.436319e-02,1.195655e-03,1.089755e-02,2.831357e-01,3.117067e-03,4.801651e-02,8.925334e-03,3.155601e-03,1.810302e-01,1.969988e-02
2.330762e-01,3.099374e-02,1.423534e-01,5.483130e-02,1.943363e-02,3.438059e-02,1.511621e-03,1.543638e-02,2.369348e-01,3.291410e-03,4.836248e-02,8.051073e-03,2.857925e-03,1.508350e-01,1.765033e-02
2.317501e-01,3.118074e-02,1.895963e-01,7.566114e-02,1.960898e-02,3.476506e-02,1.795001e-03,1.607069e-02,1.989088e-01,3.465648e-03,4.718814e-02,8.132097e-03,2.904882e-03,1.236221e-01,1.535026e-02
2.195356e-01,3.397720e-02,2.829221e-01,7.801083e-02,1.610170e-02,3.177643e-02,2.072313e-03,1.827232e-02,1.553663e-01,4.278304e-03,3.797456e-02,9.577762e-03,2.891270e-03,9.341898e-02,1.382416e-02
1.579628e-01,2.707189e-02,4.124506e-01,6.002400e-02,1.195890e-02,2.828860e-02,1.516896e-03,1.379704e-02,1.118057e-01,2.289305e-02,5.202341e-02,8.530968e-03,3.239162e-03,7.445566e-02,1.398133e-02
1.127360e-01,2.257530e-02,4.739761e-01,6.255680e-02,8.565691e-03,3.548104e-02,1.102267e-03,1.010144e-02,8.796716e-02,1.782975e-02,6.340413e-02,6.520000e-03,2.668686e-03,7.337970e-02,2.113593e-02
7.968125e-02,1.753012e-02,3.430512e-01,5.511462e-02,6.079256e-03,2.609390e-02,8.577972e-04,7.591357e-03,7.602718e-02,1.500597e-02,1.204077e-01,5.913473e-03,3.002790e-03,2.262072e-01,1.743617e-02
5.686166e-02,1.316138e-02,2.426201e-01,4.154658e-02,4.466923e-03,2.087004e-02,7.178438e-04,5.712883e-03,6.065940e-02,1.149981e-02,1.824002e-01,7.250240e-03,2.925365e-03,3.363884e-01,1.291911e-02
3.986594e-02,9.282471e-03,1.700235e-01,2.948724e-02,3.159484e-03,1.476787e-02,5.166799e-04,4.052503e-03,4.421457e-02,8.181988e-03,2.212865e-01,7.152950e-03,2.159790e-03,4.367406e-01,9.107950e-03
2.793407e-02,6.579467e-03,1.190338e-01,2.080715e-02,2.291976e-03,1.043274e-02,3.688136e-04,2.871936e-03,3.630818e-02,5.877618e-03,2.034618e-01,8.072669e-03,1.757288e-03,5.475161e-01,6.686411e-03
1.957173e-02,4.714976e-03,8.333142e-02,1.501134e-02,1.870023e-03,7.679356e-03,2.633806e-04,2.038870e-03,2.874581e-02,4.401165e-03,1.957887e-01,7.306721e-03,2.015695e-03,6.216700e-01,5.590813e-03
1.372051e-02,4.153132e-03,5.838994e-02,1.103066e-02,2.470829e-03,7.416559e-03,2.019101e-04,1.462599e-03,3.107497e-02,3.667651e-03,2.091788e-01,7.941360e-03,1.750740e-03,6.433024e-01,4.237912e-03
9.652080e-03,6.620762e-03,4.130779e-02,8.511334e-03,5.157255e-03,9.414230e-03,1.636418e-04,1.088602e-03,4.485576e-02,3.176889e-03,2.364054e-01,9.430907e-03,1.583702e-03,6.193370e-01,3.294679e-03
6.781707e-03,5.114857e-03,2.894889e-02,6.068980e-03,4.022823e-03,7.474575e-03,1.196390e-04,7.781840e-04,4.515341e-02,2.630913e-03,2.415069e-01,7.631581e-03,1.168099e-03,6.402170e-01,2.382333e-03
4.800662e-03,4.155165e-03,2.030900e-02,4.381773e-03,3.185514e-03,6.900415e-03,9.293112e-05,5.738037e-04,9.379140e-02,2.388726e-03,2.250590e-01,6.267088e-03,8.991886e-04,6.254596e-01,1.735707e-03
3.418484e-03,3.157333e-03,1.425694e-02,3.390027e-03,2.437597e-03,6.115373e-03,7.438754e-05,4.493585e-04,1.168669e-01,2.568073e-03,2.230688e-01,4.892332e-03,7.759077e-04,6.172013e-01,1.327052e-03
2.529041e-03,3.472331e-03,1.009943e-02,3.726359e-03,3.169566e-03,3.922899e-02,1.443522e-04,5.306901e-04,2.070837e-01,4.526897e-03,2.185277e-01,3.842210e-03,1.979186e-03,4.994823e-01,1.657122e-03
2.006034e-03,3.534693e-03,7.191854e-03,5.287755e-03,3.201299e-03,4.879726e-02,2.169172e-04,9.305775e-04,2.308362e-01,6.694688e-03,2.201503e-01,3.587320e-03,7.202968e-03,4.583469e-01,2.015292e-03
1.539405e-03,3.272156e-03,5.301289e-03,1.378216e-02,3.760307e-03,4.559657e-02,2.747032e-04,9.541149e-04,2.101614e-01,9.183386e-03,2.172922e-01,5.196059e-03,1.789853e-02,4.609759e-01,4.811867e-03
1.604734e-03,6.563595e-03,5.526383e-03,1.459950e-02,5.576432e-03,4.290185e-02,4.844234e-04,4.108853e-03,1.972074e-01,1.346134e-02,2.260653e-01,6.063215e-03,1.584095e-02,4.539852e-01,6.010847e-03
2.433128e-03,1.748662e-02,5.127268e-03,1.142846e-02,6.099554e-03,5.838912e-02,1.008081e-03,7.055859e-03,2.726959e-01,1.448037e-02,2.319719e-01,5.177808e-03,1.348042e-02,3.472229e-01,5.942628e-03
1.907920e-03,1.781967e-02,4.569795e-03,4.540978e-02,4.931397e-03,4.216940e-02,7.256123e-04,5.293260e-03,4.402008e-01,1.142155e-02,1.634066e-01,3.689472e-03,9.553364e-03,2.433599e-01,5.541579e-03
1.533689e-03,3.292800e-02,4.133809e-03,3.390158e-02,6.566842e-03,4.980101e-02,5.488792e-04,4.462867e-03,5.560648e-01,8.600428e-03,1.160496e-01,2.638300e-03,6.919804e-03,1.709571e-01,4.893308e-03
1.402710e-03,5.118607e-02,4.409666e-03,1.146856e-01,6.479016e-03,5.583116e-02,4.010032e-04,4.903615e-03,5.356084e-01,7.752579e-03,8.179703e-02,1.871642e-03,4.929687e-03,1.197983e-01,8.943573e-03
1.301707e-03,5.072087e-02,4.628880e-03,1.232378e-01,5.050540e-03,6.211027e-02,2.866998e-04,4.217629e-03,5.553639e-01,8.549899e-03,5.900200e-02,1.412512e-03,3.699416e-03,8.417239e-02,3.624562e-02
2.804476e-03,4.733501e-02,4.304659e-03,9.293864e-02,1.181811e-02,1.185470e-01,3.162376e-04,5.017216e-03,4.321748e-01,8.083854e-03,4.193961e-02,1.052043e-03,2.826522e-03,5.940299e-02,1.714389e-01
4.537835e-03,3.958628e-02,6.316352e-03,1.551512e-01,1.650460e-02,9.271532e-02,2.756443e-04,1.687309e-02,3.984946e-01,7.414455e-03,3.247394e-02,9.335421e-04,2.453286e-03,4.197072e-02,1.842993e-01
8.199560e-03,3.030442e-02,5.681906e-03,1.914877e-01,1.375779e-02,9.286581e-02,2.427824e-04,1.703869e-02,3.209704e-01,8.165847e-03,6.094288e-02,1.573476e-03,5.995384e-03,3.084436e-02,2.119291e-01
2.076301e-02,2.293627e-02,6.431147e-03,1.742735e-01,2.410800e-02,8.348116e-02,7.434980e-04,1.882931e-02,2.609222e-01,7.056579e-03,1.685839e-01,2.769522e-03,2.712172e-02,2.318862e-02,1.587916e-01
1.624932e-02,1.658783e-02,4.942463e-03,1.585999e-01,1.807786e-02,5.990026e-02,6.731903e-04,1.344528e-02,2.106380e-01,8.445201e-03,1.406732e-01,3.565463e-03,1.878087e-01,1.801843e-02,1.423748e-01
1.405417e-02,1.189433e-02,3.913837e-03,1.224000e-01,1.521468e-02,4.358923e-02,6.490733e-04,1.071021e-02,1.502693e-01,6.324058e-03,1.147930e-01,4.009740e-03,3.820961e-01,1.334987e-02,1.067325e-01
1.756540e-02,8.601982e-03,2.994537e-03,8.888803e-02,1.171491e-02,3.127443e-02,6.819165e-04,9.245303e-03,1.067976e-01,4.549026e-03,8.175172e-02,3.739004e-03,5.476556e-01,9.431675e-03,7.510888e-02
1.426246e-02,6.151964e-03,2.236322e-03,6.383393e-02,8.491419e-03,2.238319e-02,6.093594e-04,7.520936e-03,7.570317e-02,3.267781e-03,5.775249e-02,4.042418e-03,6.741642e-01,6.625433e-03,5.295498e-02
1.529670e-02,4.501579e-03,1.665863e-03,4.485610e-02,6.540375e-03,1.826560e-02,7.218229e-04,6.077216e-03,5.361081e-02,2.331416e-03,4.078368e-02,4.112574e-03,7.592576e-01,4.656254e-03,3.732249e-02
1.640159e-02,5.430600e-03,2.832093e-03,3.202155e-02,8.363640e-03,1.802683e-02,1.281198e-03,7.217739e-03,4.155055e-02,2.436836e-03,2.950168e-02,6.368557e-03,7.966510e-01,3.945032e-03,2.797111e-02
5.799340e-02,6.313277e-03,3.146544e-03,2.337989e-02,9.432817e-03,2.655469e-02,1.548247e-03,6.893280e-03,3.410064e-02,2.563583e-03,2.165712e-02,6.859113e-03,7.748095e-01,3.876486e-03,2.087140e-02
5.208618e-02,1.818954e-02,1.103701e-02,2.099663e-02,1.722893e-02,4.477895e-02,2.649074e-03,1.481127e-02,3.468487e-02,5.589750e-03,2.054556e-02,1.709830e-02,7.163809e-01,4.821101e-03,1.910189e-02
7.529868e-02,1.496952e-02,8.548593e-03,1.551199e-02,2.275970e-02,3.872564e-02,2.489572e-03,1.255923e-02,2.753225e-02,4.318780e-03,1.584173e-02,2.734752e-02,7.154962e-01,4.056740e-03,1.454380e-02
