1.000000e+00,0.000000e+00,0.000000e+00,0.000000e+00,0.000000e+00,0.000000e+00,0.000000e+00,0.000000e+00,0.000000e+00,0.000000e+00,0.000000e+00,0.000000e+00,0.000000e+00,0.000000e+00,0.000000e+00
1.000000e+00,0.000000e+00,0.000000e+00,0.000000e+00,0.000000e+00,0.000000e+00,0.000000e+00,0.000000e+00,0.000000e+00,0.000000e+00,0.000000e+00,0.000000e+00,0.000000e+00,0.000000e+00,0.000000e+00
1.000000e+00,0.000000e+00,0.000000e+00,0.000000e+00,0.000000e+00,0.000000e+00,0.000000e+00,0.000000e+00,0.000000e+00,0.000000e+00,0.000000e+00,0.000000e+00,0.000000e+00,0.000000e+00,0.000000e+00
1.000000e+00,0.000000e+00,0.000000e+00,0.000000e+00,0.000000e+00,0.000000e+00,0.000000e+00,0.000000e+00,0.000000e+00,0.000000e+00,0.000000e+00,0.000000e+00,0.000000e+00,0.000000e+00,0.000000e+00
1.000000e+00,0.000000e+00,0.000000e+00,0.000000e+00,0.000000e+00,0.000000e+00,0.000000e+00,0.000000e+00,0.000000e+00,0.000000e+00,0.000000e+00,0.000000e+00,0.000000e+00,0.000000e+00,0.000000e+00
1.000000e+00,0.000000e+00,0.000000e+00,0.000000e+00,0.000000e+00,0.000000e+00,0.000000e+00,0.000000e+00,0.000000e+00,0.000000e+00,0.000000e+00,0.000000e+00,0.000000e+00,0.000000e+00,0.000000e+00
1.000000e+00,0.000000e+00,0.000000e+00,0.000000e+00,0.000000e+00,0.000000e+00,0.000000e+00,0.000000e+00,0.000000e+00,0.000000e+00,0.000000e+00,0.000000e+00,0.000000e+00,0.000000e+00,0.000000e+00
1.000000e+00,0.000000e+00,0.000000e+00,0.000000e+00,0.000000e+00,0.000000e+00,0.000000e+00,0.000000e+00,0.000000e+00,0.000000e+00,0.000000e+00,0.000000e+00,0.000000e+00,0.000000e+00,0.000000e+00
1.000000e+00,0.000000e+00,0.000000e+00,0.000000e+00,0.000000e+00,0.000000e+00,0.000000e+00,0.000000e+00,0.000000e+00,0.000000e+00,0.000000e+00,0.000000e+00,0.000000e+00,0.000000e+00,0.000000e+00
1.000000e+00,0.000000e+00,0.000000e+00,0.000000e+00,0.000000e+00,0.000000e+00,0.000000e+00,0.000000e+00,0.000000e+00,0.000000e+00,0.000000e+00,0.000000e+00,0.000000e+00,0.000000e+00,0.000000e+00
1.000000e+00,0.000000e+00,0.000000e+00,0.000000e+00,0.000000e+00,0.000000e+00,0.000000e+00,0.000000e+00,0.000000e+00,0.000000e+00,0.000000e+00,0.000000e+00,0.000000e+00,0.000000e+00,0.000000e+00
1.000000e+00,0.000000e+00,0.000000e+00,0.000000e+00,0.000000e+00,0.000000e+00,0.000000e+00,0.000000e+00,0.000000e+00,0.000000e+00,0.000000e+00,0.000000e+00,0.000000e+00,0.000000e+00,0.000000e+00
1.000000e+00,0.000000e+00,0.000000e+00,0.000000e+00,0.000000e+00,0.000000e+00,0.000000e+00,0.000000e+00,0.000000e+00,0.000000e+00,0.000000e+00,0.000000e+00,0.000000e+00,0.000000e+00,0.000000e+00
1.000000e+00,0.000000e+00,0.000000e+00,0.000000e+00,0.000000e+00,0.000000e+00,0.000000e+00,0.000000e+00,0.000000e+00,0.000000e+00,0.000000e+00,0.000000e+00,0.000000e+00,0.000000e+00,0.000000e+00
1.000000e+00,0.000000e+00,0.000000e+00,0.000000e+00,0.000000e+00,0.000000e+00,0.000000e+00,0.000000e+00,0.000000e+00,0.000000e+00,0.000000e+00,0.000000e+00,0.000000e+00,0.000000e+00,0.000000e+00
1.000000e+00,0.000000e+00,0.000000e+00,0.000000e+00,0.000000e+00,0.000000e+00,0.000000e+00,0.000000e+00,0.000000e+00,0.000000e+00,0.000000e+00,0.000000e+00,0.000000e+00,0.000000e+00,0.000000e+00
1.000000e+00,0.000000e+00,0.000000e+00,0.000000e+00,0.000000e+00,0.000000e+00,0.000000e+00,0.000000e+00,0.000000e+00,0.000000e+00,0.000000e+00,0.000000e+00,0.000000e+00,0.000000e+00,0.000000e+00
1.000000e+00,0.000000e+00,0.000000e+00,0.000000e+00,0.000000e+00,0.000000e+00,0.000000e+00,0.000000e+00,0.000000e+00,0.000000e+00,0.000000e+00,0.000000e+00,0.000000e+00,0.000000e+00,0.000000e+00
1.000000e+00,0.000000e+00,0.000000e+00,0.000000e+00,0.000000e+00,0.000000e+00,0.000000e+00,0.000000e+00,0.000000e+00,0.000000e+00,0.000000e+00,0.000000e+00,0.000000e+00,0.000000e+00,0.000000e+00
1.000000e+00,0.000000e+00,0.000000e+00,0.000000e+00,0.000000e+00,0.000000e+00,0.000000e+00,0.000000e+00,0.000000e+00,0.000000e+00,0.000000e+00,0.000000e+00,0.000000e+00,0.000000e+00,0.000000e+00
1.000000e+00,0.000000e+00,0.000000e+00,0.000000e+00,0.000000e+00,0.000000e+00,0.000000e+00,0.000000e+00,0.000000e+00,0.000000e+00,0.000000e+00,0.000000e+00,0.000000e+00,0.000000e+00,0.000000e+00
1.000000e+00,0.000000e+00,0.000000e+00,0.000000e+00,0.000000e+00,0.000000e+00,0.000000e+00,0.000000e+00,0.000000e+00,0.000000e+00,0.000000e+00,0.000000e+00,0.000000e+00,0.000000e+00,0.000000e+00
1.000000e+00,0.000000e+00,0.000000e+00,0.000000e+00,0.000000e+00,0.000000e+00,0.000000e+00,0.000000e+00,0.000000e+00,0.000000e+00,0.000000e+00,0.000000e+00,0.000000e+00,0.000000e+00,0.000000e+00
1.000000e+00,0.000000e+00,0.000000e+00,0.000000e+00,0.000000e+00,0.000000e+00,0.000000e+00,0.000000e+00,0.000000e+00,0.000000e+00,0.000000e+00,0.000000e+00,0.000000e+00,0.000000e+00,0.000000e+00
1.000000e+00,0.000000e+00,0.000000e+00,0.000000e+00,0.000000e+00,0.000000e+00,0.000000e+00,0.000000e+00,0.000000e+00,0.000000e+00,0.000000e+00,0.000000e+00,0.000000e+00,0.000000e+00,0.000000e+00
1.000000e+00,0.000000e+00,0.000000e+00,0.000000e+00,0.000000e+00,0.000000e+00,0.000000e+00,0.000000e+00,0.000000e+00,0.000000e+00,0.000000e+00,0.000000e+00,0.000000e+00,0.000000e+00,0.000000e+00
1.000000e+00,0.000000e+00,0.000000e+00,0.000000e+00,0.000000e+00,0.000000e+00,0.000000e+00,0.000000e+00,0.000000e+00,0.000000e+00,0.000000e+00,0.000000e+00,0.000000e+00,0.000000e+00,0.000000e+00
1.000000e+00,0.000000e+00,0.000000e+00,0.000000e+00,0.000000e+00,0.000000e+00,0.000000e+00,0.000000e+00,0.000000e+00,0.000000e+00,0.000000e+00,0.000000e+00,0.000000e+00,0.000000e+00,0.000000e+00
1.000000e+00,0.000000e+00,0.000000e+00,0.000000e+00,0.000000e+00,0.000000e+00,0.000000e+00,0.000000e+00,0.000000e+00,0.000000e+00,0.000000e+00,0.000000e+00,0.000000e+00,0.000000e+00,0.000000e+00
1.000000e+00,0.000000e+00,0.000000e+00,0.000000e+00,0.000000e+00,0.000000e+00,0.000000e+00,0.000000e+00,0.000000e+00,0.000000e+00,0.000000e+00,0.000000e+00,0.000000e+00,0.000000e+00,0.000000e+00
1.000000e+00,0.000000e+00,0.000000e+00,0.000000e+00,0.000000e+00,0.000000e+00,0.000000e+00,0.000000e+00,0.000000e+00,0.000000e+00,0.000000e+00,0.000000e+00,0.000000e+00,0.000000e+00,0.000000e+00
1.000000e+00,0.000000e+00,0.000000e+00,0.000000e+00,0.000000e+00,0.000000e+00,0.000000e+00,0.000000e+00,0.000000e+00,0.000000e+00,0.000000e+00,0.000000e+00,0.000000e+00,0.000000e+00,0.000000e+00
1.000000e+00,0.000000e+00,0.000000e+00,0.000000e+00,0.000000e+00,0.000000e+00,0.000000e+00,0.000000e+00,0.000000e+00,0.000000e+00,0.000000e+00,0.000000e+00,0.000000e+00,0.000000e+00,0.000000e+00
1.000000e+00,0.000000e+00,0.000000e+00,0.000000e+00,0.000000e+00,0.000000e+00,0.000000e+00,0.000000e+00,0.000000e+00,0.000000e+00,0.000000e+00,0.000000e+00,0.000000e+00,0.000000e+00,0.000000e+00
1.000000e+00,0.000000e+00,0.000000e+00,0.000000e+00,0.000000e+00,0.000000e+00,0.000000e+00,0.000000e+00,0.000000e+00,0.000000e+00,0.000000e+00,0.000000e+00,0.000000e+00,0.000000e+00,0.000000e+00
1.000000e+00,0.000000e+00,0.000000e+00,0.000000e+00,0.000000e+00,0.000000e+00,0.000000e+00,0.000000e+00,0.000000e+00,0.000000e+00,0.000000e+00,0.000000e+00,0.000000e+00,0.000000e+00,0.000000e+00
1.000000e+00,0.000000e+00,0.000000e+00,0.000000e+00,0.000000e+00,0.000000e+00,0.000000e+00,0.000000e+00,0.000000e+00,0.000000e+00,0.000000e+00,0.000000e+00,0.000000e+00,0.000000e+00,0.000000e+00
1.000000e+00,0.000000e+00,0.000000e+00,0.000000e+00,0.000000e+00,0.000000e+00,0.000000e+00,0.000000e+00,0.000000e+00,0.000000e+00,0.000000e+00,0.000000e+00,0.000000e+00,0.000000e+00,0.000000e+00
1.000000e+00,0.000000e+00,0.000000e+00,0.000000e+00,0.000000e+00,0.000000e+00,0.000000e+00,0.000000e+00,0.000000e+00,0.000000e+00,0.000000e+00,0.000000e+00,0.000000e+00,0.000000e+00,0.000000e+00
1.000000e+00,0.000000e+00,0.000000e+00,0.000000e+00,0.000000e+00,0.000000e+00,0.000000e+00,0.000000e+00,0.000000e+00,0.000000e+00,0.000000e+00,0.000000e+00,0.000000e+00,0.000000e+00,0.000000e+00
1.000000e+00,0.000000e+00,0.000000e+00,0.000000e+00,0.000000e+00,0.000000e+00,0.000000e+00,0.000000e+00,0.000000e+00,0.000000e+00,0.000000e+00,0.000000e+00,0.000000e+00,0.000000e+00,0.000000e+00
1.000000e+00,0.000000e+00,0.000000e+00,0.000000e+00,0.000000e+00,0.000000e+00,0.000000e+00,0.000000e+00,0.000000e+00,0.000000e+00,0.000000e+00,0.000000e+00,0.000000e+00,0.000000e+00,0.000000e+00
1.000000e+00,0.000000e+00,0.000000e+00,0.000000e+00,0.000000e+00,0.000000e+00,0.000000e+00,0.000000e+00,0.000000e+00,0.000000e+00,0.000000e+00,0.000000e+00,0.000000e+00,0.000000e+00,0.000000e+00
1.000000e+00,0.000000e+00,0.000000e+00,0.000000e+00,0.000000e+00,0.000000e+00,0.000000e+00,0.000000e+00,0.000000e+00,0.000000e+00,0.000000e+00,0.000000e+00,0.000000e+00,0.000000e+00,0.000000e+00
1.000000e+00,0.000000e+00,0.000000e+00,0.000000e+00,0.000000e+00,0.000000e+00,0.000000e+00,0.000000e+00,0.000000e+00,0.000000e+00,0.000000e+00,0.000000e+00,0.000000e+00,0.000000e+00,0.000000e+00
1.000000e+00,0.000000e+00,0.000000e+00,0.000000e+00,0.000000e+00,0.000000e+00,0.000000e+00,0.000000e+00,0.000000e+00,0.000000e+00,0.000000e+00,0.000000e+00,0.000000e+00,0.000000e+00,0.000000e+00
1.000000e+00,0.000000e+00,0.000000e+00,0.000000e+00,0.000000e+00,0.000000e+00,0.000000e+00,0.000000e+00,0.000000e+00,0.000000e+00,0.000000e+00,0.000000e+00,0.000000e+00,0.000000e+00,0.000000e+00
1.000000e+00,0.000000e+00,0.000000e+00,0.000000e+00,0.000000e+00,0.000000e+00,0.000000e+00,0.000000e+00,0.000000e+00,0.000000e+00,0.000000e+00,0.000000e+00,0.000000e+00,0.000000e+00,0.000000e+00
1.000000e+00,0.000000e+00,0.000000e+00,0.000000e+00,0.000000e+00,0.000000e+00,0.000000e+00,0.000000e+00,0.000000e+00,0.000000e+00,0.000000e+00,0.000000e+00,0.000000e+00,0.000000e+00,0.000000e+00
1.000000e+00,0.000000e+00,0.000000e+00,0.000000e+00,0.000000e+00,0.000000e+00,0.000000e+00,0.000000e+00,0.000000e+00,0.000000e+00,0.000000e+00,0.000000e+00,0.000000e+00,0.000000e+00,0.000000e+00
1.000000e+00,0.000000e+00,0.000000e+00,0.000000e+00,0.000000e+00,0.000000e+00,0.000000e+00,0.000000e+00,0.000000e+00,0.000000e+00,0.000000e+00,0.000000e+00,0.000000e+00,0.000000e+00,0.000000e+00
1.000000e+00,0.000000e+00,0.000000e+00,0.000000e+00,0.000000e+00,0.000000e+00,0.000000e+00,0.000000e+00,0.000000e+00,0.000000e+00,0.000000e+00,0.000000e+00,0.000000e+00,0.000000e+00,0.000000e+00
1.000000e+00,0.000000e+00,0.000000e+00,0.000000e+00,0.000000e+00,0.000000e+00,0.000000e+00,0.000000e+00,0.000000e+00,0.000000e+00,0.000000e+00,0.000000e+00,0.000000e+00,0.000000e+00,0.000000e+00
1.000000e+00,0.000000e+00,0.000000e+00,0.000000e+00,0.000000e+00,0.000000e+00,0.000000e+00,0.000000e+00,0.000000e+00,0.000000e+00,0.000000e+00,0.000000e+00,0.000000e+00,0.000000e+00,0.000000e+00
1.000000e+00,0.000000e+00,0.000000e+00,0.000000e+00,0.000000e+00,0.000000e+00,0.000000e+00,0.000000e+00,0.000000e+00,0.000000e+00,0.000000e+00,0.000000e+00,0.000000e+00,0.000000e+00,0.000000e+00
1.000000e+00,0.000000e+00,0.000000e+00,0.000000e+00,0.000000e+00,0.000000e+00,0.000000e+00,0.000000e+00,0.000000e+00,0.000000e+00,0.000000e+00,0.000000e+00,0.000000e+00,0.000000e+00,0.000000e+00
1.000000e+00,0.000000e+00,0.000000e+00,0.000000e+00,0.000000e+00,0.000000e+00,0.000000e+00,0.000000e+00,0.000000e+00,0.000000e+00,0.000000e+00,0.000000e+00,0.000000e+00,0.000000e+00,0.000000e+00
4.675941e-01,1.042918e-02,5.207071e-02,4.434635e-02,5.737753e-03,2.654724e-02,9.286098e-03,3.043647e-01,3.452050e-03,1.015242e-03,8.760755e-03,3.465468e-02,1.981832e-02,2.037240e-03,9.885550e-03
3.469226e-01,7.455783e-03,3.966522e-02,3.300035e-02,4.273407e-03,2.050840e-02,7.868441e-03,4.821414e-01,2.553192e-03,7.431616e-04,6.466243e-03,2.494159e-02,1.471458e-02,1.526222e-03,7.219437e-03
2.477442e-01,5.253350e-03,2.856185e-02,2.366871e-02,3.147834e-03,1.476609e-02,5.927800e-03,6.297027e-01,1.807607e-03,5.311079e-04,4.628951e-03,1.754944e-02,1.046620e-02,1.138553e-03,5.105613e-03
1.764323e-01,3.694879e-03,2.038285e-02,1.682535e-02,2.373050e-03,1.048194e-02,4.308897e-03,7.364408e-01,1.271244e-03,3.757894e-04,3.288070e-03,1.232310e-02,7.381465e-03,8.351556e-04,3.585195e-03
1.250661e-01,2.603648e-03,1.464410e-02,1.195750e-02,1.832723e-03,7.420062e-03,3.156538e-03,8.127615e-01,8.963447e-04,2.677686e-04,2.348279e-03,8.676774e-03,5.227479e-03,6.219075e-04,2.519282e-03
8.906712e-02,1.861007e-03,1.038493e-02,8.504012e-03,3.155408e-03,5.338754e-03,2.276055e-03,8.648002e-01,6.495957e-04,1.945562e-04,1.689622e-03,6.115239e-03,3.741911e-03,4.442635e-04,1.777228e-03
6.385600e-02,1.331773e-03,7.409608e-03,6.079788e-03,3.337759e-03,3.860258e-03,1.674822e-03,9.019151e-01,4.823745e-04,1.533438e-04,1.230983e-03,4.346360e-03,2.741017e-03,3.189576e-04,1.261846e-03
4.544129e-02,9.475665e-04,5.322501e-03,4.349312e-03,3.248602e-03,2.768505e-03,1.313542e-03,9.289314e-01,3.456154e-04,1.162285e-04,8.961947e-04,3.102322e-03,2.096183e-03,2.277524e-04,8.930037e-04
3.295507e-02,6.755585e-04,3.838688e-03,3.114147e-03,3.478108e-03,1.983617e-03,1.143293e-03,9.471331e-01,2.498962e-04,8.814324e-05,6.560431e-04,2.222805e-03,1.658427e-03,1.641329e-04,6.389490e-04
2.409332e-02,4.830655e-04,2.754651e-03,2.247524e-03,3.151958e-03,1.436026e-03,9.393299e-04,9.605398e-01,1.862422e-04,6.717972e-05,4.938613e-04,1.621391e-03,1.399099e-03,1.232802e-04,4.633264e-04
1.740254e-02,3.432914e-04,2.004135e-03,1.627835e-03,2.642070e-03,1.051997e-03,7.539146e-04,9.709299e-01,1.355219e-04,5.097482e-05,3.654800e-04,1.170364e-03,1.098334e-03,9.032812e-05,3.334226e-04
1.322720e-02,2.504642e-04,1.461831e-03,1.192137e-03,2.642440e-03,7.899758e-04,6.037180e-04,9.773163e-01,1.043475e-04,4.519793e-05,2.816078e-04,8.661756e-04,9.061928e-04,6.667650e-05,2.458056e-04
1.114563e-02,2.412944e-04,1.093810e-03,8.806930e-04,2.005358e-03,6.073317e-04,5.165006e-04,9.290859e-01,1.973935e-04,2.678016e-03,6.725822e-03,1.536120e-02,2.381876e-02,5.057886e-03,5.844687e-04
8.143569e-03,2.351663e-04,8.297929e-04,7.151961e-04,1.549939e-03,4.666160e-04,4.089999e-04,7.162568e-01,2.188052e-04,1.550371e-02,7.068353e-03,2.560677e-02,2.065187e-01,8.679583e-03,7.798017e-03
6.118046e-03,2.655043e-04,6.747369e-04,5.785297e-04,1.337258e-03,4.617212e-04,6.012812e-04,5.376399e-01,4.032902e-04,1.197016e-02,6.005190e-03,6.914300e-02,3.512887e-01,6.717025e-03,6.795713e-03
4.725857e-03,3.163408e-04,5.961336e-04,4.381973e-04,4.302108e-03,5.027555e-04,1.114050e-03,3.853095e-01,1.924095e-03,8.737538e-03,5.364502e-03,6.935933e-02,5.050674e-01,5.666525e-03,6.575597e-03
4.262540e-03,6.888687e-04,2.091869e-03,5.206722e-04,2.350647e-02,1.768274e-03,6.340737e-03,2.942425e-01,4.685855e-03,6.209892e-03,4.476703e-03,6.668006e-02,5.739833e-01,4.559033e-03,5.983233e-03
3.887126e-03,2.860659e-03,3.720124e-03,2.035716e-03,9.976536e-02,8.692455e-03,6.042957e-03,2.156141e-01,2.038538e-02,5.200712e-03,4.403675e-03,1.280308e-01,4.908034e-01,4.057314e-03,4.500330e-03
4.127084e-03,2.279092e-03,2.808495e-03,1.627867e-03,7.359726e-02,7.669350e-03,4.658194e-03,1.522360e-01,1.760961e-02,4.265371e-03,7.259723e-03,1.837176e-01,5.309961e-01,3.259510e-03,3.888682e-03
3.504117e-03,1.743051e-03,2.114614e-03,1.196515e-03,5.268001e-02,5.798330e-03,3.339622e-03,1.071120e-01,1.469206e-02,3.320848e-03,8.014251e-03,2.128153e-01,5.780798e-01,2.584492e-03,3.005018e-03
2.597159e-03,1.280000e-03,1.553425e-03,8.835451e-04,3.804751e-02,4.195225e-03,2.475151e-03,7.508607e-02,1.152514e-02,3.151911e-03,6.250437e-03,3.875248e-01,4.607443e-01,2.439959e-03,2.245320e-03
1.852980e-03,9.352937e-04,1.146380e-03,6.804059e-04,2.856318e-02,3.016196e-03,1.766017e-03,5.260197e-02,9.351749e-03,3.336701e-03,5.517340e-03,5.130481e-01,3.744217e-01,2.088879e-03,1.673089e-03
1.336969e-03,9.161644e-04,1.286794e-03,5.864497e-04,2.971494e-02,2.278328e-03,1.304426e-03,3.694441e-02,8.730685e-03,1.343649e-02,5.803931e-03,5.289966e-01,3.654732e-01,1.856927e-03,1.333598e-03
9.671148e-04,2.095459e-03,1.723833e-03,4.550328e-04,3.066948e-02,1.681851e-03,1.033164e-03,2.614554e-02,1.168927e-02,3.105694e-02,5.493222e-03,5.698342e-01,3.142315e-01,1.891247e-03,1.032068e-03
6.959214e-04,2.851481e-03,1.833393e-03,3.417247e-04,3.351932e-02,1.271488e-03,1.005532e-03,1.858039e-02,1.827344e-02,4.376677e-02,4.634883e-03,6.075133e-01,2.631664e-01,1.746547e-03,7.994554e-04
7.106659e-04,5.923825e-03,1.775996e-03,2.837497e-04,1.033207e-01,2.530119e-03,1.051301e-03,1.510129e-02,1.345840e-01,3.158761e-02,3.889646e-03,5.024281e-01,1.949995e-01,1.247708e-03,5.658084e-04
6.034708e-04,6.072804e-03,1.302721e-03,2.222029e-04,8.216602e-02,2.439335e-03,8.699269e-04,1.179476e-02,3.705550e-01,2.216765e-02,2.869093e-03,3.599181e-01,1.377430e-01,8.773181e-04,3.985970e-04
1.180436e-03,4.718373e-03,1.365471e-03,3.579986e-04,7.333476e-02,3.565757e-03,1.671142e-03,2.208636e-02,5.177546e-01,1.565426e-02,2.885907e-03,2.571495e-01,9.735429e-02,6.216315e-04,2.995750e-04
2.619223e-03,3.471343e-03,1.687413e-03,3.103914e-03,6.962733e-02,5.342577e-03,1.268829e-03,5.242682e-02,5.761836e-01,1.126963e-02,4.574252e-03,1.933077e-01,7.440025e-02,4.485898e-04,2.684818e-04
4.144779e-03,2.607854e-03,1.967789e-03,3.388711e-03,6.694791e-02,6.438974e-03,9.374233e-04,8.848754e-02,6.037999e-01,8.094314e-03,6.143711e-03,1.464733e-01,5.998565e-02,3.311672e-04,2.509305e-04
1.242537e-02,2.580690e-03,2.742178e-03,7.231289e-03,6.753244e-02,1.086139e-02,7.123463e-04,9.626722e-02,6.405776e-01,5.983425e-03,5.581302e-03,1.039469e-01,4.279934e-02,2.607978e-04,4.978506e-04
1.764498e-02,2.310514e-03,3.152318e-03,9.872662e-03,8.041638e-02,9.174909e-03,5.405692e-04,1.394474e-01,6.235509e-01,4.350783e-03,4.693666e-03,7.337509e-02,3.073102e-02,2.154775e-04,5.233213e-04
1.802205e-02,1.864466e-03,2.650121e-03,1.429787e-02,6.739924e-02,7.216941e-03,4.395325e-04,3.146639e-01,4.917966e-01,3.094546e-03,3.656153e-03,5.198583e-02,2.226421e-02,1.793951e-04,4.691432e-04
1.602263e-02,1.381801e-03,8.248645e-03,1.915711e-02,4.987400e-02,5.580970e-03,4.596912e-04,4.928176e-01,3.489880e-01,2.180050e-03,2.670056e-03,3.644800e-02,1.567552e-02,1.353035e-04,3.606426e-04
1.859785e-02,1.168595e-03,1.587854e-02,2.833136e-02,3.872588e-02,6.376298e-03,4.481236e-04,5.981699e-01,2.469974e-01,2.119135e-03,3.543378e-03,2.658041e-02,1.210327e-02,1.827568e-04,7.772469e-04
3.093639e-02,2.110707e-03,1.164871e-02,3.242480e-02,2.829530e-02,1.110432e-02,3.805222e-04,5.118948e-01,1.808297e-01,3.660004e-03,5.854269e-02,5.117406e-02,7.517893e-02,6.266989e-04,1.192357e-03
2.625030e-02,2.324938e-03,8.429348e-03,4.113386e-02,2.059228e-02,9.894092e-03,2.955485e-04,4.181905e-01,1.319570e-01,3.954167e-03,8.727701e-02,8.482109e-02,1.628330e-01,8.768583e-04,1.169926e-03
2.963479e-02,2.087118e-03,6.944045e-03,5.155835e-02,1.577929e-02,1.147939e-02,3.817141e-04,3.256840e-01,9.795714e-02,3.761013e-03,8.223432e-02,2.354150e-01,1.340572e-01,2.030381e-03,9.961906e-04
2.187056e-02,1.579253e-03,5.501502e-03,4.695522e-02,1.209648e-02,1.373223e-02,3.089521e-04,2.357972e-01,7.127964e-02,3.139679e-03,7.839261e-02,4.053991e-01,1.014622e-01,1.604568e-03,8.808176e-04
1.695922e-02,1.385438e-03,5.869939e-03,4.242041e-02,1.331191e-02,1.922297e-02,3.156668e-04,1.777613e-01,5.540468e-02,3.015544e-03,8.515370e-02,5.007243e-01,7.640754e-02,1.209015e-03,8.384160e-04
1.328556e-02,1.077992e-03,4.391594e-03,3.081214e-02,8.051494e-02,2.091454e-02,3.598513e-04,1.285447e-01,5.121554e-02,3.388248e-03,8.898094e-02,5.182910e-01,5.657761e-02,9.765092e-04,6.688493e-04
1.064740e-02,8.213008e-04,3.188986e-03,2.241929e-02,1.212073e-01,1.907613e-02,3.657075e-04,9.436524e-02,4.311047e-02,3.101093e-03,1.026084e-01,5.337777e-01,4.382117e-02,9.918278e-04,4.980703e-04
1.030148e-02,1.260627e-03,2.585154e-03,1.620575e-02,2.471718e-01,2.701337e-02,7.972297e-04,7.038610e-02,6.195678e-02,3.811112e-03,9.691536e-02,4.260818e-01,3.421649e-02,8.370596e-04,4.598383e-04
8.215700e-03,1.142446e-03,1.990841e-03,1.282201e-02,2.020842e-01,3.608848e-02,8.576508e-04,5.134816e-02,5.877874e-02,3.637119e-03,8.073516e-02,5.090261e-01,3.154203e-02,1.268456e-03,4.628358e-04
8.719580e-03,1.112852e-03,1.611395e-03,9.921663e-03,1.723260e-01,4.133711e-02,9.772690e-04,3.782650e-02,6.372845e-02,3.139996e-03,6.848017e-02,5.528864e-01,3.602814e-02,1.437474e-03,4.669714e-04
1.122950e-02,1.674499e-03,1.493785e-03,7.439869e-03,1.323819e-01,3.421383e-02,8.082151e-04,2.696105e-02,5.571406e-02,5.657670e-03,6.660344e-02,6.148911e-01,3.748222e-02,2.653759e-03,7.950158e-04
1.599996e-02,1.683479e-03,1.175673e-03,5.640652e-03,1.051862e-01,2.917791e-02,7.314053e-04,1.986234e-02,5.820195e-02,7.311231e-03,5.343895e-02,6.622934e-01,3.518019e-02,3.329130e-03,7.874390e-04
4.088114e-02,2.130295e-03,1.367273e-03,4.224846e-03,8.110636e-02,2.869929e-02,1.232594e-03,1.702816e-02,5.549839e-02,8.041814e-03,6.082423e-02,6.681192e-01,2.724115e-02,2.754820e-03,8.504054e-04
3.945825e-02,7.215930e-03,2.172523e-03,3.272626e-03,6.471048e-02,2.415779e-02,1.198544e-03,1.598530e-02,9.618209e-02,7.958529e-03,5.472990e-02,6.577691e-01,2.207828e-02,2.229599e-03,8.810448e-04
5.758024e-02,8.286260e-03,2.266631e-03,2.748550e-03,5.162923e-02,2.158294e-02,1.134312e-03,1.517284e-02,9.700174e-02,8.675531e-03,4.802635e-02,6.651332e-01,1.789857e-02,1.890125e-03,9.735419e-04
5.061618e-02,1.822187e-02,1.934508e-03,2.481244e-03,4.942396e-02,1.648165e-02,1.485180e-03,1.392383e-02,2.787726e-01,6.380051e-03,3.568607e-02,5.063039e-01,1.600152e-02,1.370994e-03,9.164216e-04
6.830961e-02,1.950888e-02,3.362823e-03,6.725455e-03,5.761696e-02,1.484168e-02,2.608617e-03,2.604352e-02,3.622382e-01,5.172406e-03,2.677418e-02,3.895599e-01,1.464196e-02,1.158154e-03,1.437646e-03
6.762686e-02,1.910148e-02,4.327307e-03,6.748401e-03,5.508780e-02,1.368190e-02,2.206775e-03,2.386411e-02,4.621316e-01,4.332748e-03,2.177987e-02,2.993938e-01,1.627442e-02,1.082311e-03,2.360552e-03
1.810730e-01,1.608828e-02,9.110056e-03,1.146365e-02,6.187189e-02,2.994865e-02,4.526065e-03,5.191389e-02,3.642136e-01,3.700309e-03,1.717238e-02,2.284352e-01,1.591750e-02,1.074025e-03,3.491519e-03
2.840567e-01,1.505367e-02,9.194765e-03,2.290196e-02,6.322502e-02,3.284544e-02,3.648167e-03,4.205438e-02,2.937041e-01,3.224642e-03,1.502712e-02,1.920650e-01,1.501159e-02,1.267154e-03,6.720342e-03
3.229106e-01,1.559157e-02,9.922463e-03,2.587310e-02,7.773167e-02,3.339294e-02,3.348819e-03,4.462880e-02,2.590816e-01,2.815830e-03,1.734573e-02,1.609941e-01,1.636322e-02,1.466634e-03,8.532868e-03
3.209155e-01,1.494838e-02,1.381032e-02,4.210291e-02,8.487961e-02,2.699743e-02,3.203862e-03,1.030000e-01,2.158489e-01,2.234199e-03,1.809853e-02,1.277338e-01,1.771131e-02,1.534551e-03,6.980801e-03
3.394177e-01,1.435927e-02,1.347414e-02,3.818831e-02,1.551960e-01,2.057547e-02,2.811580e-03,8.458562e-02,1.901532e-01,2.107940e-03,1.896912e-02,9.571313e-02,1.524960e-02,3.085228e-03,6.113795e-03
3.060175e-01,1.369730e-02,1.072549e-02,3.320497e-02,2.239573e-01,1.521473e-02,2.210629e-03,7.444049e-02,2.086319e-01,1.871223e-03,1.629552e-02,7.344642e-02,1.254678e-02,2.725367e-03,5.014446e-03
3.029316e-01,1.247761e-02,9.113403e-03,3.622663e-02,2.453144e-01,1.202036e-02,1.939998e-03,6.774897e-02,2.133261e-01,1.961094e-03,1.627253e-02,6.170784e-02,1.185465e-02,2.502478e-03,4.602430e-03
3.039968e-01,1.128754e-02,8.425232e-03,3.367989e-02,2.113757e-01,1.194458e-02,2.891249e-03,7.821029e-02,2.487407e-01,1.946517e-03,1.654143e-02,5.307539e-02,1.125177e-02,2.492575e-03,4.140371e-03
2.856334e-01,8.807202e-03,7.528819e-03,3.363741e-02,1.765847e-01,1.454893e-02,3.989097e-03,1.814812e-01,2.154544e-01,1.601409e-03,1.375135e-02,4.172312e-02,9.816026e-03,2.041588e-03,3.401421e-03
2.577090e-01,9.020280e-03,2.482054e-02,9.974445e-02,1.349736e-01,1.892972e-02,3.491157e-03,2.281499e-01,1.548488e-01,4.056882e-03,1.249185e-02,3.253269e-02,8.115266e-03,4.168784e-03,6.947088e-03
2.042904e-01,1.200942e-02,2.403179e-02,1.457720e-01,9.526449e-02,1.747049e-02,2.659846e-03,1.821309e-01,1.713275e-01,4.781764e-03,6.554357e-02,2.429467e-02,9.354233e-03,3.039936e-02,1.066962e-02
1.581292e-01,1.157763e-02,2.191592e-02,1.387499e-01,6.788971e-02,1.469195e-02,2.101073e-03,1.348450e-01,1.454319e-01,4.417843e-03,1.360535e-01,2.348595e-02,1.018016e-02,1.205818e-01,9.948520e-03
1.158909e-01,8.821056e-03,1.670356e-02,1.063554e-01,4.819733e-02,1.238074e-02,1.548096e-03,9.562077e-02,1.120829e-01,4.155813e-03,1.517003e-01,1.732346e-02,8.275278e-03,2.922004e-01,8.744173e-03
8.332494e-02,6.612082e-03,1.214846e-02,8.004217e-02,3.442861e-02,1.045126e-02,1.136621e-03,6.728216e-02,8.458327e-02,3.211312e-03,1.590500e-01,1.411784e-02,6.692396e-03,4.303493e-01,6.569575e-03
5.922214e-02,5.631904e-03,8.935734e-03,5.820114e-02,3.389350e-02,8.226927e-03,8.701567e-04,4.744573e-02,1.366390e-01,2.794264e-03,1.658541e-01,1.203590e-02,5.524808e-03,4.496577e-01,5.066983e-03
4.151366e-02,4.207295e-03,6.288535e-03,4.086833e-02,2.473345e-02,6.216478e-03,6.214003e-04,3.324177e-02,2.936045e-01,2.022682e-03,1.578201e-01,9.752669e-03,4.165435e-03,3.708552e-01,4.088495e-03
2.915153e-02,3.566610e-03,4.430346e-03,2.895457e-02,1.765025e-02,4.856435e-03,4.549412e-04,2.333555e-02,4.521660e-01,1.503650e-03,1.372106e-01,7.267597e-03,3.054559e-03,2.832949e-01,3.102497e-03
2.054130e-02,2.695571e-03,3.113649e-03,2.045743e-02,1.246187e-02,3.756895e-03,3.253840e-04,1.634838e-02,5.433809e-01,1.243135e-03,1.244826e-01,6.667523e-03,3.463769e-03,2.386876e-01,2.373968e-03
1.451039e-02,3.872613e-03,2.257036e-03,1.451596e-02,9.702086e-03,3.255395e-03,2.374912e-04,1.148676e-02,5.483625e-01,1.173542e-03,1.334920e-01,5.516789e-03,3.365619e-03,2.459321e-01,2.319727e-03
1.057420e-02,1.092687e-02,1.945317e-03,1.030401e-02,7.282423e-03,2.185060e-02,1.900981e-04,8.136605e-03,5.704907e-01,1.126203e-03,1.179515e-01,4.403172e-03,3.510354e-03,2.291815e-01,2.126354e-03
7.612390e-03,8.767082e-03,1.446825e-03,7.629896e-03,5.236728e-03,1.753990e-02,1.392723e-04,5.716098e-03,6.037349e-01,1.495673e-03,1.134684e-01,4.591153e-03,4.246552e-03,2.165643e-01,1.810847e-03
5.526420e-03,8.136199e-03,1.086657e-03,5.613445e-03,3.779111e-03,2.014755e-02,1.071815e-04,4.042033e-03,4.879521e-01,1.585624e-03,1.362758e-01,4.711148e-03,5.396400e-03,3.140464e-01,1.594015e-03
4.272585e-03,6.501743e-03,1.016549e-03,4.198062e-03,2.766454e-03,3.141611e-02,9.951554e-05,2.881740e-03,3.733380e-01,1.831109e-03,1.417876e-01,4.338453e-03,6.904996e-03,4.172112e-01,1.435881e-03
3.476646e-03,5.388846e-03,8.797276e-04,3.078603e-03,2.084778e-03,3.447830e-02,8.950062e-05,2.112095e-03,2.926628e-01,2.604836e-03,1.683208e-01,4.231918e-03,8.082109e-03,4.712974e-01,1.211562e-03
2.614826e-03,4.463582e-03,6.314849e-04,2.366257e-03,1.780184e-03,2.977673e-02,9.001949e-05,1.526975e-03,3.060246e-01,6.892426e-03,2.535515e-01,9.147542e-03,1.162642e-02,3.683452e-01,1.162227e-03
2.453779e-03,5.905167e-03,5.239799e-04,3.061640e-03,2.389990e-03,2.888782e-02,3.509080e-04,1.440187e-03,3.846478e-01,1.466082e-02,2.199279e-01,1.257294e-02,2.985460e-02,2.902425e-01,3.079898e-03
2.392653e-03,5.086044e-03,4.216860e-04,3.020794e-03,2.332381e-03,4.134632e-02,3.464119e-04,1.840623e-03,5.164593e-01,1.390224e-02,1.657256e-01,1.011284e-02,2.388582e-02,2.104474e-01,2.679888e-03
9.073480e-03,4.834189e-03,5.929989e-04,1.598468e-02,8.264702e-03,7.909100e-02,5.782266e-04,1.898774e-03,5.662111e-01,1.654354e-02,1.180753e-01,7.251794e-03,1.724001e-02,1.502954e-01,4.064845e-03
2.076181e-02,5.545339e-03,2.195901e-03,2.546493e-02,4.077272e-02,8.713076e-02,2.557348e-03,1.799402e-03,5.766463e-01,1.754363e-02,8.677245e-02,5.240382e-03,1.276348e-02,1.085355e-01,6.270080e-03
1.676689e-02,1.801441e-02,2.654773e-03,1.257530e-01,3.248530e-02,6.672202e-02,1.903983e-03,1.665408e-03,5.397097e-01,1.728236e-02,6.222709e-02,3.972382e-03,9.555642e-03,7.636862e-02,2.491836e-02
3.413890e-02,1.703258e-02,4.662747e-03,1.482906e-01,6.537831e-02,7.223588e-02,3.051212e-03,3.203427e-02,4.794398e-01,1.303677e-02,4.676143e-02,3.103889e-03,7.238016e-03,5.536360e-02,1.823192e-02
4.055288e-02,1.481750e-02,1.745678e-02,1.655149e-01,7.757098e-02,6.857365e-02,3.696424e-03,8.637194e-02,4.192886e-01,1.002483e-02,3.541273e-02,2.323827e-03,5.341981e-03,4.000951e-02,1.304346e-02
3.572653e-02,1.193649e-02,1.859673e-02,1.723657e-01,7.411958e-02,5.633677e-02,2.868635e-03,2.481990e-01,3.043538e-01,7.328798e-03,2.529329e-02,1.691927e-03,3.840037e-03,2.816553e-02,9.177153e-03
2.783638e-02,9.006024e-03,1.513343e-02,1.336268e-01,6.634564e-02,4.131905e-02,2.231263e-03,4.350779e-01,2.163117e-01,5.158243e-03,1.780336e-02,1.200878e-03,2.754357e-03,1.975252e-02,6.442346e-03
2.213003e-02,6.437036e-03,1.120387e-02,9.492455e-02,4.874146e-02,2.927798e-02,1.677534e-03,5.964779e-01,1.517605e-01,3.625941e-03,1.252595e-02,8.579955e-04,1.999974e-03,1.383600e-02,4.523304e-03
1.792430e-02,4.603839e-03,8.087493e-03,6.683332e-02,3.629204e-02,2.125882e-02,1.375050e-03,7.107979e-01,1.063472e-01,2.548997e-03,8.873732e-03,6.376625e-04,1.511803e-03,9.709067e-03,3.198754e-03
1.548262e-02,3.271750e-03,5.817765e-03,4.728681e-02,2.800507e-02,1.506860e-02,1.057333e-03,7.908123e-01,7.453810e-02,1.787773e-03,6.264913e-03,4.646450e-04,1.088068e-03,6.804548e-03,2.249675e-03
1.283302e-02,2.336146e-03,4.246860e-03,3.346180e-02,2.192953e-02,1.079444e-02,9.186645e-04,8.476774e-01,5.223005e-02,1.260928e-03,4.545436e-03,4.132654e-04,9.701801e-04,4.789582e-03,1.592752e-03
1.141986e-02,1.697214e-03,3.218227e-03,2.365270e-02,2.074875e-02,7.883029e-03,8.148691e-04,8.842766e-01,3.660444e-02,8.867549e-04,3.272627e-03,3.097990e-04,7.312279e-04,3.360171e-03,1.123712e-03
1.174977e-02,1.267032e-03,2.534334e-03,1.678691e-02,2.104851e-02,5.789531e-03,6.510905e-04,9.073811e-01,2.568445e-02,6.274505e-04,2.484225e-03,2.441752e-04,5.718400e-04,2.377225e-03,8.023145e-04
1.024108e-02,9.264832e-04,1.999582e-03,1.193539e-02,1.906832e-02,4.299720e-03,4.831977e-04,9.277616e-01,1.810190e-02,4.468432e-04,1.843603e-03,1.953997e-04,4.478167e-04,1.670887e-03,5.782171e-04
1.041409e-02,6.794237e-04,1.516058e-03,8.513705e-03,1.740549e-02,3.187932e-03,3.692902e-04,9.412143e-01,1.279667e-02,3.225253e-04,1.420106e-03,1.758689e-04,3.858693e-04,1.176700e-03,4.219714e-04
9.833163e-03,4.953193e-04,1.131269e-03,6.070757e-03,2.468197e-02,2.281567e-03,2.821572e-04,9.434527e-01,8.972852e-03,2.274365e-04,1.026590e-03,1.301164e-04,2.908817e-04,8.256187e-04,2.976111e-04
1.077848e-02,3.642284e-04,8.368354e-04,4.335488e-03,2.658030e-02,1.659734e-03,2.141143e-04,9.468844e-01,6.294334e-03,1.614530e-04,7.611628e-04,1.038251e-04,2.332496e-04,5.795758e-04,2.128630e-04
1.328784e-02,2.749431e-04,6.642700e-04,3.116060e-03,2.049735e-02,1.322843e-03,1.778855e-04,9.540634e-01,4.445366e-03,1.178189e-04,6.505501e-04,3.395115e-04,4.518286e-04,4.168720e-04,1.735431e-04
1.816848e-02,2.223920e-04,4.995886e-04,2.240352e-03,1.666714e-02,9.973919e-04,1.420713e-04,9.556543e-01,3.256443e-03,8.938515e-05,6.081612e-04,4.796197e-04,5.252130e-04,3.044341e-04,1.451050e-04
2.887642e-02,3.722052e-04,4.442517e-04,1.829834e-03,1.460519e-02,8.468769e-04,1.354077e-04,9.438291e-01,3.546540e-03,1.072319e-04,1.431077e-03,1.890148e-03,1.523256e-03,2.958765e-04,2.665825e-04
3.803339e-02,1.243564e-03,5.107975e-04,5.051040e-03,1.803257e-02,8.209602e-04,1.388850e-04,9.004936e-01,1.374604e-02,4.374414e-04,6.249415e-03,6.147602e-03,7.532673e-03,5.673815e-04,9.946317e-04
4.961807e-02,4.093618e-03,4.572352e-04,5.783888e-03,2.225298e-02,1.009748e-03,1.960114e-04,8.649150e-01,1.989707e-02,5.061495e-04,7.512301e-03,8.423251e-03,1.326834e-02,5.168259e-04,1.549531e-03
5.179377e-02,4.655028e-03,4.875046e-04,4.872199e-03,2.542051e-02,3.805243e-03,1.105829e-03,7.462171e-01,2.011826e-02,7.267488e-04,1.253423e-02,1.223494e-02,1.126464e-01,6.379029e-04,2.744359e-03
4.978644e-02,3.643055e-03,4.818679e-04,3.751292e-03,2.039598e-02,8.819078e-03,2.998839e-03,5.811283e-01,1.512480e-02,5.480275e-04,1.006546e-02,9.502918e-03,2.907330e-01,4.692675e-04,2.551643e-03
4.868028e-02,3.103080e-03,5.545298e-04,3.217950e-03,1.687036e-02,1.431462e-02,5.511126e-03,4.643934e-01,1.132743e-02,4.089258e-04,8.465774e-03,8.182419e-03,4.124631e-01,3.457516e-04,2.161239e-03
3.919278e-02,2.447024e-03,7.035672e-04,3.553263e-03,1.295645e-02,1.578421e-02,4.938737e-03,3.276376e-01,1.336538e-02,3.633128e-04,6.604257e-03,6.574061e-03,5.636261e-01,2.742724e-04,1.979037e-03
3.397794e-02,1.815043e-03,6.332616e-04,3.349473e-03,1.124970e-02,2.036477e-02,4.661361e-03,2.315174e-01,1.044581e-02,3.783955e-04,9.758787e-03,1.078312e-02,6.587094e-01,2.705768e-04,2.084903e-03
3.093313e-02,1.337090e-03,5.118979e-04,2.520950e-03,1.074454e-02,1.905613e-02,3.828510e-03,1.626053e-01,7.542349e-03,3.831161e-04,2.316650e-02,2.146772e-02,7.126007e-01,4.719197e-04,2.830117e-03
2.439018e-02,1.046814e-03,5.138931e-04,2.008668e-03,9.157955e-03,2.066148e-02,3.087418e-03,1.140165e-01,8.196735e-03,8.780649e-04,3.418958e-02,2.725962e-02,7.500799e-01,1.329448e-03,3.183714e-03
1.888439e-02,9.421126e-04,7.158633e-04,1.531578e-03,1.188813e-02,1.767010e-02,2.482936e-03,8.005623e-02,5.965526e-03,1.110629e-03,5.527025e-02,7.565194e-02,7.232363e-01,1.161653e-03,3.432368e-03
1.556556e-02,8.105679e-04,1.438571e-03,1.185835e-03,1.471771e-02,1.521436e-02,1.252303e-02,5.643459e-02,5.273927e-03,1.431582e-03,5.378455e-02,1.272572e-01,6.758686e-01,8.911777e-04,1.760269e-02
1.302039e-02,7.739336e-04,1.589209e-03,9.107129e-04,2.270064e-02,1.221735e-02,1.070072e-02,3.983972e-02,4.450028e-03,3.559153e-03,4.525058e-02,1.495193e-01,6.760435e-01,8.454600e-04,1.857930e-02
9.560116e-03,8.718219e-04,3.214991e-03,8.174143e-04,3.631580e-02,1.147998e-02,9.044428e-03,2.985120e-02,4.064567e-03,5.305296e-03,7.037555e-02,1.323206e-01,6.682728e-01,8.197737e-04,1.768563e-02
9.444974e-03,1.131429e-03,4.974904e-03,1.539068e-03,4.028615e-02,1.189435e-02,8.242466e-03,3.294891e-02,4.052096e-03,5.792053e-03,7.351742e-02,1.288294e-01,6.578535e-01,1.605144e-03,1.788814e-02
7.536365e-03,1.131568e-03,4.612789e-03,1.937906e-03,4.094127e-02,9.871869e-03,8.630950e-03,2.683473e-02,3.763624e-03,5.995432e-03,1.065879e-01,1.123736e-01,6.474511e-01,1.313219e-03,2.101764e-02
7.740958e-03,1.072839e-03,7.672804e-03,2.188491e-03,1.751827e-01,8.338881e-03,1.170198e-02,2.395640e-02,1.241136e-02,5.902630e-03,8.848375e-02,8.160598e-02,5.537665e-01,1.245432e-03,1.872925e-02
1.074927e-02,2.245658e-03,5.902131e-03,1.910674e-03,2.209390e-01,8.779373e-03,1.433323e-02,2.160867e-02,1.211618e-01,5.108499e-03,7.059833e-02,5.892456e-02,4.416296e-01,1.032786e-03,1.507642e-02
1.898487e-02,2.744986e-03,7.234942e-03,2.272278e-03,2.556175e-01,8.171035e-03,2.804527e-02,1.866791e-02,2.329477e-01,4.220338e-03,5.017935e-02,4.213990e-02,3.172387e-01,7.370880e-04,1.079822e-02
2.424827e-02,3.534320e-03,4.622168e-02,4.006732e-03,2.427435e-01,9.286158e-03,2.274290e-02,1.706579e-02,3.287129e-01,3.568494e-03,3.581030e-02,2.985456e-02,2.235340e-01,5.409219e-04,8.129626e-03
3.261254e-02,7.861438e-03,6.571983e-02,5.622493e-03,1.929166e-01,1.042336e-02,1.724048e-02,1.316093e-02,4.068279e-01,1.759104e-02,2.867647e-02,2.272818e-02,1.607175e-01,6.372844e-04,1.726412e-02
4.976423e-02,1.209388e-02,6.270454e-02,8.544816e-03,1.437316e-01,1.014144e-02,1.347232e-02,1.082116e-02,4.821656e-01,1.649575e-02,2.639981e-02,2.017976e-02,1.224903e-01,5.918496e-04,2.040302e-02
7.185140e-02,1.185104e-02,4.546210e-02,7.195411e-03,1.084988e-01,8.634876e-03,1.135345e-02,8.283615e-03,5.642639e-01,1.237552e-02,2.127129e-02,1.772128e-02,9.132477e-02,5.157983e-04,1.939672e-02
7.075052e-02,1.075226e-02,4.120256e-02,8.721466e-03,9.597649e-02,8.519189e-03,1.032502e-02,1.784414e-02,6.007578e-01,9.763942e-03,2.005823e-02,1.619089e-02,7.231128e-02,5.019904e-04,1.632423e-02
5.991304e-02,8.944131e-03,2.915911e-02,5.641955e-02,6.945560e-02,8.500626e-03,7.269479e-03,1.328808e-02,6.050946e-01,7.098155e-03,4.271311e-02,2.277939e-02,5.674168e-02,4.757946e-04,1.214774e-02
4.489915e-02,7.072641e-03,2.062790e-02,5.145002e-02,4.954641e-02,6.958675e-03,5.132110e-03,9.591313e-03,6.667674e-01,5.029615e-03,5.942644e-02,2.423022e-02,4.004116e-02,5.410104e-04,8.686035e-03
3.207137e-02,5.056127e-03,1.449063e-02,5.419496e-02,3.528622e-02,5.311885e-03,3.600150e-03,7.329800e-03,5.926318e-01,3.560180e-03,1.522554e-01,5.896404e-02,2.832958e-02,7.742914e-04,6.143569e-03
2.451867e-02,3.679419e-03,1.021424e-02,5.301951e-02,2.538204e-02,4.881087e-03,2.535345e-03,5.712307e-03,4.396017e-01,2.555159e-03,2.520801e-01,1.504645e-01,2.012342e-02,8.140596e-04,4.418463e-03
1.818571e-02,2.669354e-03,7.222492e-03,4.074018e-02,2.117938e-02,4.978525e-03,1.790009e-03,4.275810e-03,3.111218e-01,1.893701e-03,2.586590e-01,3.090402e-01,1.431512e-02,7.703624e-04,3.158465e-03
1.400799e-02,1.937970e-03,5.365727e-03,3.084825e-02,6.166567e-02,1.144247e-02,1.405831e-03,3.265050e-03,2.185749e-01,1.461750e-03,2.507269e-01,3.860905e-01,1.025882e-02,7.026397e-04,2.245530e-03
9.993535e-03,1.427537e-03,3.792053e-03,2.213693e-02,8.264484e-02,9.840726e-03,1.018919e-03,2.314784e-03,1.536909e-01,1.050624e-03,2.635972e-01,4.389873e-01,7.243032e-03,6.548324e-04,1.606849e-03
7.275412e-03,1.137785e-03,2.710524e-03,1.614589e-02,1.056343e-01,7.761414e-03,7.425581e-04,1.658576e-03,1.081238e-01,7.795367e-04,2.655382e-01,4.756425e-01,5.140697e-03,5.358743e-04,1.172997e-03
5.290721e-03,8.782133e-04,1.936095e-03,1.180305e-02,1.238762e-01,5.923761e-03,5.455951e-04,1.174676e-03,7.598966e-02,5.878234e-04,2.412801e-01,5.257285e-01,3.657924e-03,4.591468e-04,8.685247e-04
4.059602e-03,8.907345e-04,1.390989e-03,8.652624e-03,1.459356e-01,4.359511e-03,5.888184e-04,8.398867e-04,5.332221e-02,4.936599e-04,2.274505e-01,5.480579e-01,2.634117e-03,5.879375e-04,7.358999e-04
3.160585e-03,1.391700e-03,1.047828e-03,6.360001e-03,1.473098e-01,3.509762e-03,8.025822e-04,6.090591e-04,3.742723e-02,4.769942e-04,2.293420e-01,5.650209e-01,1.955095e-03,6.879769e-04,8.984450e-04
2.952077e-03,2.027102e-03,8.017379e-04,4.812423e-03,1.307202e-01,2.999845e-03,8.266259e-04,4.561479e-04,2.627325e-02,4.704975e-04,2.544562e-01,5.700669e-01,1.515747e-03,6.604434e-04,9.608317e-04
2.534233e-03,3.265966e-03,6.627666e-04,3.583760e-03,1.122213e-01,2.881774e-03,9.485045e-04,4.135661e-04,1.853926e-02,6.008017e-04,2.523171e-01,5.985438e-01,1.375666e-03,8.677270e-04,1.243737e-03
2.010565e-03,3.175710e-03,4.984919e-04,2.708596e-03,9.909368e-02,3.411488e-03,1.283572e-03,6.169614e-04,1.315925e-02,5.102521e-04,2.652138e-01,6.048381e-01,1.513606e-03,9.125454e-04,1.053319e-03
1.789376e-03,4.593174e-03,1.138975e-03,2.049690e-03,8.479018e-02,4.933595e-03,1.251267e-03,1.091535e-03,1.034608e-02,6.592336e-04,2.992721e-01,5.830925e-01,1.411302e-03,2.072778e-03,1.508271e-03
1.455185e-03,3.980604e-03,1.230843e-03,1.888638e-03,8.084151e-02,4.760615e-03,1.340754e-03,4.459280e-03,9.596013e-03,6.531103e-04,2.586210e-01,6.252900e-01,1.209850e-03,3.407072e-03,1.265475e-03
1.246050e-03,3.656982e-03,1.432281e-03,1.764337e-03,7.755984e-02,4.885659e-03,1.860520e-03,8.285628e-03,9.360176e-03,7.414770e-04,2.129507e-01,6.697718e-01,1.022395e-03,4.268737e-03,1.193404e-03
1.480966e-03,5.021473e-03,2.779271e-03,1.666475e-03,2.635607e-01,5.005200e-03,3.637676e-03,8.598581e-03,1.110493e-02,7.259946e-04,1.732013e-01,5.172994e-01,7.629486e-04,4.091417e-03,1.063742e-03
2.241689e-03,1.173288e-02,1.473688e-02,2.557541e-03,4.155713e-01,6.411395e-03,4.588882e-03,9.794653e-03,1.738002e-02,7.584567e-04,1.311182e-01,3.776586e-01,6.236992e-04,3.584855e-03,1.240979e-03
6.668889e-03,2.328792e-02,4.305045e-02,5.556814e-03,4.512091e-01,9.477363e-03,3.800686e-03,1.070734e-02,5.382145e-02,1.219479e-03,1.088898e-01,2.730989e-01,1.006857e-03,3.411889e-03,4.793135e-03
1.394713e-02,2.506996e-02,6.262406e-02,1.619959e-02,4.916925e-01,1.271220e-02,3.671489e-03,1.575799e-02,5.330806e-02,1.347486e-03,9.903125e-02,1.961136e-01,1.486826e-03,2.862876e-03,4.175093e-03
3.316583e-02,3.272226e-02,5.589548e-02,1.801519e-02,5.024561e-01,1.500806e-02,3.571314e-03,1.723490e-02,6.720876e-02,2.187378e-03,9.544596e-02,1.436205e-01,2.014641e-03,2.932384e-03,8.521363e-03
5.657107e-02,3.211631e-02,6.746586e-02,1.887382e-02,4.599732e-01,1.759464e-02,5.571177e-03,3.561495e-02,9.116840e-02,2.511607e-03,9.340420e-02,1.059817e-01,2.635461e-03,3.513544e-03,7.004188e-03
8.042074e-02,4.861109e-02,6.804936e-02,1.729819e-02,4.240572e-01,1.648843e-02,5.023052e-03,3.047724e-02,1.090937e-01,2.321861e-03,1.070983e-01,7.672186e-02,3.158288e-03,5.523188e-03,5.657625e-03
