1.000000e+00,0.000000e+00,0.000000e+00,0.000000e+00,0.000000e+00,0.000000e+00,0.000000e+00,0.000000e+00,0.000000e+00,0.000000e+00,0.000000e+00,0.000000e+00,0.000000e+00,0.000000e+00,0.000000e+00
1.000000e+00,0.000000e+00,0.000000e+00,0.000000e+00,0.000000e+00,0.000000e+00,0.000000e+00,0.000000e+00,0.000000e+00,0.000000e+00,0.000000e+00,0.000000e+00,0.000000e+00,0.000000e+00,0.000000e+00
1.000000e+00,0.000000e+00,0.000000e+00,0.000000e+00,0.000000e+00,0.000000e+00,0.000000e+00,0.000000e+00,0.000000e+00,0.000000e+00,0.000000e+00,0.000000e+00,0.000000e+00,0.000000e+00,0.000000e+00
1.000000e+00,0.000000e+00,0.000000e+00,0.000000e+00,0.000000e+00,0.000000e+00,0.000000e+00,0.000000e+00,0.000000e+00,0.000000e+00,0.000000e+00,0.000000e+00,0.000000e+00,0.000000e+00,0.000000e+00
1.000000e+00,0.000000e+00,0.000000e+00,0.000000e+00,0.000000e+00,0.000000e+00,0.000000e+00,0.000000e+00,0.000000e+00,0.000000e+00,0.000000e+00,0.000000e+00,0.000000e+00,0.000000e+00,0.000000e+00
1.000000e+00,0.000000e+00,0.000000e+00,0.000000e+00,0.000000e+00,0.000000e+00,0.000000e+00,0.000000e+00,0.000000e+00,0.000000e+00,0.000000e+00,0.000000e+00,0.000000e+00,0.000000e+00,0.000000e+00
1.000000e+00,0.000000e+00,0.000000e+00,0.000000e+00,0.000000e+00,0.000000e+00,0.000000e+00,0.000000e+00,0.000000e+00,0.000000e+00,0.000000e+00,0.000000e+00,0.000000e+00,0.000000e+00,0.000000e+00
1.000000e+00,0.000000e+00,0.000000e+00,0.000000e+00,0.000000e+00,0.000000e+00,0.000000e+00,0.000000e+00,0.000000e+00,0.000000e+00,0.000000e+00,0.000000e+00,0.000000e+00,0.000000e+00,0.000000e+00
1.000000e+00,0.000000e+00,0.000000e+00,0.000000e+00,0.000000e+00,0.000000e+00,0.000000e+00,0.000000e+00,0.000000e+00,0.000000e+00,0.000000e+00,0.000000e+00,0.000000e+00,0.000000e+00,0.000000e+00
1.000000e+00,0.000000e+00,0.000000e+00,0.000000e+00,0.000000e+00,0.000000e+00,0.000000e+00,0.000000e+00,0.000000e+00,0.000000e+00,0.000000e+00,0.000000e+00,0.000000e+00,0.000000e+00,0.000000e+00
1.000000e+00,0.000000e+00,0.000000e+00,0.000000e+00,0.000000e+00,0.000000e+00,0.000000e+00,0.000000e+00,0.000000e+00,0.000000e+00,0.000000e+00,0.000000e+00,0.000000e+00,0.000000e+00,0.000000e+00
1.000000e+00,0.000000e+00,0.000000e+00,0.000000e+00,0.000000e+00,0.000000e+00,0.000000e+00,0.000000e+00,0.000000e+00,0.000000e+00,0.000000e+00,0.000000e+00,0.000000e+00,0.000000e+00,0.000000e+00
1.000000e+00,0.000000e+00,0.000000e+00,0.000000e+00,0.000000e+00,0.000000e+00,0.000000e+00,0.000000e+00,0.000000e+00,0.000000e+00,0.000000e+00,0.000000e+00,0.000000e+00,0.000000e+00,0.000000e+00
1.000000e+00,0.000000e+00,0.000000e+00,0.000000e+00,0.000000e+00,0.000000e+00,0.000000e+00,0.000000e+00,0.000000e+00,0.000000e+00,0.000000e+00,0.000000e+00,0.000000e+00,0.000000e+00,0.000000e+00
1.000000e+00,0.000000e+00,0.000000e+00,0.000000e+00,0.000000e+00,0.000000e+00,0.000000e+00,0.000000e+00,0.000000e+00,0.000000e+00,0.000000e+00,0.000000e+00,0.000000e+00,0.000000e+00,0.000000e+00
1.000000e+00,0.000000e+00,0.000000e+00,0.000000e+00,0.000000e+00,0.000000e+00,0.000000e+00,0.000000e+00,0.000000e+00,0.000000e+00,0.000000e+00,0.000000e+00,0.000000e+00,0.000000e+00,0.000000e+00
1.000000e+00,0.000000e+00,0.000000e+00,0.000000e+00,0.000000e+00,0.000000e+00,0.000000e+00,0.000000e+00,0.000000e+00,0.000000e+00,0.000000e+00,0.000000e+00,0.000000e+00,0.000000e+00,0.000000e+00
1.000000e+00,0.000000e+00,0.000000e+00,0.000000e+00,0.000000e+00,0.000000e+00,0.000000e+00,0.000000e+00,0.000000e+00,0.000000e+00,0.000000e+00,0.000000e+00,0.000000e+00,0.000000e+00,0.000000e+00
1.000000e+00,0.000000e+00,0.000000e+00,0.000000e+00,0.000000e+00,0.000000e+00,0.000000e+00,0.000000e+00,0.000000e+00,0.000000e+00,0.000000e+00,0.000000e+00,0.000000e+00,0.000000e+00,0.000000e+00
1.000000e+00,0.000000e+00,0.000000e+00,0.000000e+00,0.000000e+00,0.000000e+00,0.000000e+00,0.000000e+00,0.000000e+00,0.000000e+00,0.000000e+00,0.000000e+00,0.000000e+00,0.000000e+00,0.000000e+00
1.000000e+00,0.000000e+00,0.000000e+00,0.000000e+00,0.000000e+00,0.000000e+00,0.000000e+00,0.000000e+00,0.000000e+00,0.000000e+00,0.000000e+00,0.000000e+00,0.000000e+00,0.000000e+00,0.000000e+00
1.000000e+00,0.000000e+00,0.000000e+00,0.000000e+00,0.000000e+00,0.000000e+00,0.000000e+00,0.000000e+00,0.000000e+00,0.000000e+00,0.000000e+00,0.000000e+00,0.000000e+00,0.000000e+00,0.000000e+00
1.000000e+00,0.000000e+00,0.000000e+00,0.000000e+00,0.000000e+00,0.000000e+00,0.000000e+00,0.000000e+00,0.000000e+00,0.000000e+00,0.000000e+00,0.000000e+00,0.000000e+00,0.000000e+00,0.000000e+00
1.000000e+00,0.000000e+00,0.000000e+00,0.000000e+00,0.000000e+00,0.000000e+00,0.000000e+00,0.000000e+00,0.000000e+00,0.000000e+00,0.000000e+00,0.000000e+00,0.000000e+00,0.000000e+00,0.000000e+00
1.000000e+00,0.000000e+00,0.000000e+00,0.000000e+00,0.000000e+00,0.000000e+00,0.000000e+00,0.000000e+00,0.000000e+00,0.000000e+00,0.000000e+00,0.000000e+00,0.000000e+00,0.000000e+00,0.000000e+00
1.000000e+00,0.000000e+00,0.000000e+00,0.000000e+00,0.000000e+00,0.000000e+00,0.000000e+00,0.000000e+00,0.000000e+00,0.000000e+00,0.000000e+00,0.000000e+00,0.000000e+00,0.000000e+00,0.000000e+00
1.000000e+00,0.000000e+00,0.000000e+00,0.000000e+00,0.000000e+00,0.000000e+00,0.000000e+00,0.000000e+00,0.000000e+00,0.000000e+00,0.000000e+00,0.000000e+00,0.000000e+00,0.000000e+00,0.000000e+00
1.000000e+00,0.000000e+00,0.000000e+00,0.000000e+00,0.000000e+00,0.000000e+00,0.000000e+00,0.000000e+00,0.000000e+00,0.000000e+00,0.000000e+00,0.000000e+00,0.000000e+00,0.000000e+00,0.000000e+00
1.000000e+00,0.000000e+00,0.000000e+00,0.000000e+00,0.000000e+00,0.000000e+00,0.000000e+00,0.000000e+00,0.000000e+00,0.000000e+00,0.000000e+00,0.000000e+00,0.000000e+00,0.000000e+00,0.000000e+00
1.000000e+00,0.000000e+00,0.000000e+00,0.000000e+00,0.000000e+00,0.000000e+00,0.000000e+00,0.000000e+00,0.000000e+00,0.000000e+00,0.000000e+00,0.000000e+00,0.000000e+00,0.000000e+00,0.000000e+00
1.000000e+00,0.000000e+00,0.000000e+00,0.000000e+00,0.000000e+00,0.000000e+00,0.000000e+00,0.000000e+00,0.000000e+00,0.000000e+00,0.000000e+00,0.000000e+00,0.000000e+00,0.000000e+00,0.000000e+00
1.000000e+00,0.000000e+00,0.000000e+00,0.000000e+00,0.000000e+00,0.000000e+00,0.000000e+00,0.000000e+00,0.000000e+00,0.000000e+00,0.000000e+00,0.000000e+00,0.000000e+00,0.000000e+00,0.000000e+00
1.000000e+00,0.000000e+00,0.000000e+00,0.000000e+00,0.000000e+00,0.000000e+00,0.000000e+00,0.000000e+00,0.000000e+00,0.000000e+00,0.000000e+00,0.000000e+00,0.000000e+00,0.000000e+00,0.000000e+00
1.000000e+00,0.000000e+00,0.000000e+00,0.000000e+00,0.000000e+00,0.000000e+00,0.000000e+00,0.000000e+00,0.000000e+00,0.000000e+00,0.000000e+00,0.000000e+00,0.000000e+00,0.000000e+00,0.000000e+00
1.000000e+00,0.000000e+00,0.000000e+00,0.000000e+00,0.000000e+00,0.000000e+00,0.000000e+00,0.000000e+00,0.000000e+00,0.000000e+00,0.000000e+00,0.000000e+00,0.000000e+00,0.000000e+00,0.000000e+00
1.000000e+00,0.000000e+00,0.000000e+00,0.000000e+00,0.000000e+00,0.000000e+00,0.000000e+00,0.000000e+00,0.000000e+00,0.000000e+00,0.000000e+00,0.000000e+00,0.000000e+00,0.000000e+00,0.000000e+00
1.000000e+00,0.000000e+00,0.000000e+00,0.000000e+00,0.000000e+00,0.000000e+00,0.000000e+00,0.000000e+00,0.000000e+00,0.000000e+00,0.000000e+00,0.000000e+00,0.000000e+00,0.000000e+00,0.000000e+00
1.000000e+00,0.000000e+00,0.000000e+00,0.000000e+00,0.000000e+00,0.000000e+00,0.000000e+00,0.000000e+00,0.000000e+00,0.000000e+00,0.000000e+00,0.000000e+00,0.000000e+00,0.000000e+00,0.000000e+00
1.000000e+00,0.000000e+00,0.000000e+00,0.000000e+00,0.000000e+00,0.000000e+00,0.000000e+00,0.000000e+00,0.000000e+00,0.000000e+00,0.000000e+00,0.000000e+00,0.000000e+00,0.000000e+00,0.000000e+00
1.000000e+00,0.000000e+00,0.000000e+00,0.000000e+00,0.000000e+00,0.000000e+00,0.000000e+00,0.000000e+00,0.000000e+00,0.000000e+00,0.000000e+00,0.000000e+00,0.000000e+00,0.000000e+00,0.000000e+00
1.000000e+00,0.000000e+00,0.000000e+00,0.000000e+00,0.000000e+00,0.000000e+00,0.000000e+00,0.000000e+00,0.000000e+00,0.000000e+00,0.000000e+00,0.000000e+00,0.000000e+00,0.000000e+00,0.000000e+00
1.000000e+00,0.000000e+00,0.000000e+00,0.000000e+00,0.000000e+00,0.000000e+00,0.000000e+00,0.000000e+00,0.000000e+00,0.000000e+00,0.000000e+00,0.000000e+00,0.000000e+00,0.000000e+00,0.000000e+00
1.000000e+00,0.000000e+00,0.000000e+00,0.000000e+00,0.000000e+00,0.000000e+00,0.000000e+00,0.000000e+00,0.000000e+00,0.000000e+00,0.000000e+00,0.000000e+00,0.000000e+00,0.000000e+00,0.000000e+00
1.000000e+00,0.000000e+00,0.000000e+00,0.000000e+00,0.000000e+00,0.000000e+00,0.000000e+00,0.000000e+00,0.000000e+00,0.000000e+00,0.000000e+00,0.000000e+00,0.000000e+00,0.000000e+00,0.000000e+00
1.000000e+00,0.000000e+00,0.000000e+00,0.000000e+00,0.000000e+00,0.000000e+00,0.000000e+00,0.000000e+00,0.000000e+00,0.000000e+00,0.000000e+00,0.000000e+00,0.000000e+00,0.000000e+00,0.000000e+00
1.000000e+00,0.000000e+00,0.000000e+00,0.000000e+00,0.000000e+00,0.000000e+00,0.000000e+00,0.000000e+00,0.000000e+00,0.000000e+00,0.000000e+00,0.000000e+00,0.000000e+00,0.000000e+00,0.000000e+00
1.000000e+00,0.000000e+00,0.000000e+00,0.000000e+00,0.000000e+00,0.000000e+00,0.000000e+00,0.000000e+00,0.000000e+00,0.000000e+00,0.000000e+00,0.000000e+00,0.000000e+00,0.000000e+00,0.000000e+00
1.000000e+00,0.000000e+00,0.000000e+00,0.000000e+00,0.000000e+00,0.000000e+00,0.000000e+00,0.000000e+00,0.000000e+00,0.000000e+00,0.000000e+00,0.000000e+00,0.000000e+00,0.000000e+00,0.000000e+00
1.000000e+00,0.000000e+00,0.000000e+00,0.000000e+00,0.000000e+00,0.000000e+00,0.000000e+00,0.000000e+00,0.000000e+00,0.000000e+00,0.000000e+00,0.000000e+00,0.000000e+00,0.000000e+00,0.000000e+00
1.000000e+00,0.000000e+00,0.000000e+00,0.000000e+00,0.000000e+00,0.000000e+00,0.000000e+00,0.000000e+00,0.000000e+00,0.000000e+00,0.000000e+00,0.000000e+00,0.000000e+00,0.000000e+00,0.000000e+00
1.000000e+00,0.000000e+00,0.000000e+00,0.000000e+00,0.000000e+00,0.000000e+00,0.000000e+00,0.000000e+00,0.000000e+00,0.000000e+00,0.000000e+00,0.000000e+00,0.000000e+00,0.000000e+00,0.000000e+00
1.000000e+00,0.000000e+00,0.000000e+00,0.000000e+00,0.000000e+00,0.000000e+00,0.000000e+00,0.000000e+00,0.000000e+00,0.000000e+00,0.000000e+00,0.000000e+00,0.000000e+00,0.000000e+00,0.000000e+00
1.000000e+00,0.000000e+00,0.000000e+00,0.000000e+00,0.000000e+00,0.000000e+00,0.000000e+00,0.000000e+00,0.000000e+00,0.000000e+00,0.000000e+00,0.000000e+00,0.000000e+00,0.000000e+00,0.000000e+00
1.000000e+00,0.000000e+00,0.000000e+00,0.000000e+00,0.000000e+00,0.000000e+00,0.000000e+00,0.000000e+00,0.000000e+00,0.000000e+00,0.000000e+00,0.000000e+00,0.000000e+00,0.000000e+00,0.000000e+00
1.000000e+00,0.000000e+00,0.000000e+00,0.000000e+00,0.000000e+00,0.000000e+00,0.000000e+00,0.000000e+00,0.000000e+00,0.000000e+00,0.000000e+00,0.000000e+00,0.000000e+00,0.000000e+00,0.000000e+00
1.000000e+00,0.000000e+00,0.000000e+00,0.000000e+00,0.000000e+00,0.000000e+00,0.000000e+00,0.000000e+00,0.000000e+00,0.000000e+00,0.000000e+00,0.000000e+00,0.000000e+00,0.000000e+00,0.000000e+00
1.000000e+00,0.000000e+00,0.000000e+00,0.000000e+00,0.000000e+00,0.000000e+00,0.000000e+00,0.000000e+00,0.000000e+00,0.000000e+00,0.000000e+00,0.000000e+00,0.000000e+00,0.000000e+00,0.000000e+00
1.000000e+00,0.000000e+00,0.000000e+00,0.000000e+00,0.000000e+00,0.000000e+00,0.000000e+00,0.000000e+00,0.000000e+00,0.000000e+00,0.000000e+00,0.000000e+00,0.000000e+00,0.000000e+00,0.000000e+00
1.000000e+00,0.000000e+00,0.000000e+00,0.000000e+00,0.000000e+00,0.000000e+00,0.000000e+00,0.000000e+00,0.000000e+00,0.000000e+00,0.000000e+00,0.000000e+00,0.000000e+00,0.000000e+00,0.000000e+00
4.130059e-01,1.124822e-02,1.973121e-02,8.598691e-02,1.982279e-02,9.389386e-03,3.484457e-03,3.953800e-01,3.995721e-03,9.216829e-04,6.031870e-03,1.104850e-02,1.029897e-02,1.261630e-03,8.392791e-03
2.922659e-01,7.935969e-03,1.409071e-02,6.033140e-02,1.440971e-02,6.848142e-03,2.835751e-03,5.716429e-01,2.806493e-03,6.529238e-04,4.268238e-03,7.792798e-03,7.309310e-03,9.010954e-04,5.908662e-03
2.050500e-01,5.577253e-03,9.936137e-03,4.230474e-02,1.037637e-02,4.904765e-03,2.163674e-03,6.988564e-01,1.967496e-03,4.582804e-04,3.007947e-03,5.467134e-03,5.147249e-03,6.379824e-04,4.144693e-03
1.437669e-01,3.916148e-03,7.011667e-03,2.965134e-02,7.452572e-03,3.470755e-03,1.725157e-03,7.883644e-01,1.378412e-03,3.214922e-04,2.125112e-03,3.831585e-03,3.628083e-03,4.513078e-04,2.905151e-03
1.006874e-01,2.748964e-03,4.980142e-03,2.078327e-02,5.320654e-03,2.450633e-03,1.304895e-03,8.514224e-01,9.656704e-04,2.254095e-04,1.505094e-03,2.685480e-03,2.559578e-03,3.229937e-04,2.037480e-03
7.054452e-02,1.942265e-03,3.556151e-03,1.456709e-02,3.807679e-03,1.797066e-03,9.719314e-04,8.910770e-01,6.995640e-04,1.689408e-04,3.600222e-03,2.158156e-03,2.601927e-03,1.062285e-03,1.445103e-03
4.946402e-02,1.365530e-03,2.499321e-03,1.025203e-02,2.747646e-03,1.270683e-03,7.775449e-04,6.960422e-01,5.016438e-04,1.463465e-03,6.397954e-03,6.982903e-02,1.499602e-01,5.990561e-03,1.438078e-03
3.465785e-02,9.599759e-04,1.751921e-03,7.232731e-03,2.072013e-03,8.946597e-04,5.632563e-04,5.026252e-01,3.809425e-04,1.921647e-03,1.654722e-02,7.755715e-02,3.412950e-01,7.869633e-03,3.670754e-03
2.427464e-02,6.806580e-04,1.252503e-03,5.149474e-03,4.468867e-03,6.312839e-04,4.371807e-04,3.568710e-01,5.672206e-04,1.761718e-03,1.343458e-02,6.334101e-02,5.144178e-01,7.248440e-03,5.463595e-03
1.701171e-02,5.087681e-04,1.279323e-03,3.723911e-03,6.791619e-03,4.523452e-04,3.347604e-04,2.516665e-01,8.029157e-04,1.415778e-03,1.128376e-02,4.998398e-02,6.415824e-01,6.638142e-03,6.523959e-03
1.226123e-02,1.140315e-03,2.632284e-03,3.351776e-03,2.281815e-02,6.675163e-04,8.211472e-04,1.849854e-01,8.934996e-03,1.807464e-03,1.408505e-02,1.000227e-01,5.997005e-01,3.836364e-02,8.407707e-03
8.870803e-03,1.564227e-03,2.344365e-03,4.116750e-03,1.845463e-02,7.135332e-04,7.101261e-04,1.333727e-01,3.494305e-02,3.485101e-03,2.543392e-02,1.194291e-01,4.749631e-01,1.601301e-01,1.146848e-02
6.749962e-03,4.530925e-03,3.042059e-03,4.434981e-03,1.590128e-02,8.541436e-04,6.018799e-04,1.001533e-01,4.342172e-02,3.833694e-03,4.186057e-02,1.130262e-01,3.542448e-01,2.950814e-01,1.226308e-02
4.836521e-03,1.043331e-02,4.283421e-03,3.796348e-03,1.325749e-02,1.223073e-03,4.969759e-04,7.044121e-02,1.018589e-01,3.082818e-03,3.249421e-02,8.722126e-02,2.532224e-01,4.028964e-01,1.045558e-02
3.533326e-03,8.990459e-03,3.550100e-03,2.943859e-03,9.968255e-03,1.875511e-03,3.710567e-04,4.935381e-02,1.150881e-01,2.434889e-03,2.448327e-02,6.492780e-02,1.788286e-01,5.250350e-01,8.616052e-03
2.749376e-03,7.281034e-03,2.684121e-03,2.452850e-03,7.136913e-03,2.419882e-03,2.775765e-04,3.461225e-02,1.005903e-01,2.186529e-03,2.409973e-02,4.647392e-02,1.257776e-01,6.322747e-01,8.983109e-03
2.414593e-03,5.946671e-03,2.149041e-03,2.169276e-03,5.064534e-03,7.015472e-03,2.076399e-04,2.430690e-02,9.419198e-02,1.973756e-03,2.205228e-02,3.485980e-02,8.909427e-02,6.933323e-01,1.522148e-02
2.108254e-03,4.987965e-03,1.626915e-03,1.777111e-03,3.651099e-03,6.764302e-03,1.497543e-04,1.708230e-02,1.271304e-01,2.051282e-03,4.767895e-02,3.559247e-02,6.403895e-02,6.714044e-01,1.395588e-02
4.092776e-03,7.575979e-03,4.225504e-03,2.461707e-03,3.334785e-03,5.974629e-02,2.211801e-04,1.225560e-02,1.612662e-01,2.088018e-03,5.064626e-02,2.647142e-02,4.619173e-02,6.056262e-01,1.379643e-02
5.247293e-03,1.929444e-02,4.001869e-03,2.518448e-03,4.546461e-03,5.004969e-02,1.871791e-04,8.718431e-03,2.153034e-01,1.923726e-03,4.766543e-02,1.938154e-02,3.336108e-02,5.737290e-01,1.407210e-02
1.872070e-02,4.456204e-02,6.871195e-03,8.050706e-03,7.740919e-03,4.507025e-02,2.418945e-04,6.569034e-03,2.203747e-01,2.795934e-03,5.013853e-02,1.496848e-02,2.449891e-02,5.224226e-01,2.697421e-02
2.037278e-02,8.882389e-02,8.133414e-03,2.600852e-02,8.237983e-03,3.820133e-02,2.983527e-04,5.926121e-03,3.077460e-01,3.610096e-03,4.331687e-02,1.203024e-02,1.888850e-02,3.903158e-01,2.809020e-02
1.629280e-02,8.292733e-02,6.096661e-03,2.114467e-02,7.680895e-03,4.278683e-02,3.168918e-04,5.754532e-03,4.463298e-01,3.309018e-03,3.692596e-02,9.404112e-03,1.437792e-02,2.838111e-01,2.284157e-02
1.288347e-02,8.806379e-02,4.565465e-03,3.805836e-02,8.950600e-03,4.414689e-02,2.932373e-04,8.367756e-03,4.992654e-01,3.741764e-03,3.414138e-02,8.811627e-03,1.322604e-02,2.108834e-01,2.460090e-02
1.239267e-02,7.512809e-02,3.391689e-03,3.128267e-02,1.018613e-02,4.717584e-02,4.291900e-04,1.025657e-02,5.761160e-01,3.100655e-03,2.658418e-02,6.930022e-03,1.093839e-02,1.642918e-01,2.179612e-02
1.235407e-02,5.708092e-02,2.742271e-03,9.917755e-02,1.395940e-02,4.840094e-02,4.429900e-04,2.830726e-02,5.582346e-01,2.936082e-03,2.205349e-02,6.506174e-03,1.032199e-02,1.183925e-01,1.908973e-02
1.571228e-02,5.062454e-02,2.575651e-03,7.105604e-02,4.015613e-02,4.280988e-02,1.063898e-03,5.301919e-02,5.900663e-01,2.300810e-03,1.661817e-02,4.921760e-03,8.029633e-03,8.665050e-02,1.439523e-02
1.622439e-02,3.900857e-02,2.972326e-03,5.064829e-02,5.585255e-02,3.734089e-02,2.259160e-03,1.746408e-01,5.247883e-01,1.778644e-03,1.204639e-02,3.745108e-03,6.060689e-03,6.213140e-02,1.050251e-02
1.801872e-02,3.375480e-02,4.880837e-03,3.615365e-02,6.154858e-02,3.801548e-02,3.861912e-03,2.422047e-01,4.901927e-01,1.436217e-03,8.705493e-03,2.700362e-03,4.778872e-03,4.543925e-02,8.308374e-03
1.598987e-02,2.608133e-02,5.406264e-03,2.601342e-02,5.107532e-02,3.221288e-02,3.556611e-03,3.954015e-01,3.933587e-01,1.049312e-03,6.202081e-03,1.918579e-03,3.477889e-03,3.224220e-02,6.013952e-03
1.404317e-02,1.976608e-02,5.320535e-03,1.944070e-02,4.353140e-02,2.572434e-02,3.997520e-03,5.426567e-01,2.880754e-01,1.006941e-03,4.548704e-03,1.370062e-03,2.757603e-03,2.337133e-02,4.389464e-03
3.092687e-02,1.990383e-02,5.752713e-03,1.491156e-02,4.355081e-02,2.096112e-02,9.223545e-03,5.835459e-01,2.368482e-01,2.643250e-03,3.862724e-03,1.399091e-03,4.351884e-03,1.733610e-02,4.782386e-03
5.301902e-02,1.807632e-02,6.576576e-03,1.215393e-02,3.931297e-02,2.383183e-02,1.458593e-02,6.089147e-01,1.887788e-01,3.811000e-03,3.650735e-03,1.542708e-03,7.287653e-03,1.344993e-02,5.007843e-03
4.706649e-02,1.515531e-02,5.331400e-03,9.179227e-03,3.851423e-02,1.890804e-02,1.505374e-02,6.825776e-01,1.389820e-01,3.151088e-03,3.192647e-03,1.457015e-03,8.045586e-03,9.536269e-03,3.849395e-03
6.927150e-02,1.591941e-02,4.579294e-03,7.381619e-03,3.005160e-02,2.829417e-02,1.633732e-02,6.851515e-01,1.049340e-01,2.530271e-03,4.200693e-03,2.420024e-03,1.859304e-02,6.907389e-03,3.428231e-03
7.105244e-02,1.735926e-02,3.939975e-03,7.065554e-03,2.380932e-02,2.586947e-02,1.278974e-02,6.954050e-01,7.948779e-02,2.495236e-03,1.437824e-02,8.214658e-03,2.690395e-02,5.153054e-03,6.076308e-03
7.817551e-02,1.466529e-02,3.364686e-03,7.135582e-03,1.911969e-02,2.451947e-02,1.156093e-02,6.252042e-01,6.436825e-02,4.352321e-03,5.246243e-02,2.302892e-02,5.532949e-02,4.392897e-03,1.232037e-02
7.113541e-02,1.136268e-02,2.827480e-03,6.198167e-03,1.457711e-02,2.151277e-02,1.173548e-02,5.852151e-01,5.272761e-02,6.487480e-03,1.007601e-01,2.621344e-02,6.637495e-02,3.655199e-03,1.921705e-02
5.694901e-02,9.430556e-03,2.470038e-03,1.000278e-02,1.106188e-02,1.723608e-02,1.046065e-02,4.448408e-01,1.042738e-01,6.198340e-03,1.658785e-01,3.985570e-02,1.017091e-01,3.285102e-03,1.634776e-02
4.649473e-02,6.848183e-03,1.986164e-03,7.735793e-03,8.154789e-03,1.464802e-02,8.959482e-03,3.305875e-01,9.793346e-02,5.464027e-03,2.508730e-01,4.202572e-02,1.616875e-01,2.840146e-03,1.376145e-02
3.669247e-02,4.951694e-03,2.005399e-03,5.807515e-03,6.567516e-03,1.076272e-02,7.550055e-03,3.405416e-01,9.771217e-02,5.412649e-03,2.632588e-01,3.918116e-02,1.651555e-01,2.283076e-03,1.211776e-02
2.850445e-02,3.896385e-03,1.981979e-03,4.570867e-03,6.369701e-03,7.777598e-03,5.427791e-03,2.704200e-01,3.128096e-01,3.859902e-03,1.897254e-01,3.386275e-02,1.206203e-01,1.604364e-03,8.568897e-03
2.193502e-02,2.954338e-03,1.639206e-03,3.470425e-03,5.838344e-03,5.551538e-03,3.862544e-03,2.008812e-01,4.997873e-01,2.744105e-03,1.343500e-01,2.477737e-02,8.501630e-02,1.126279e-03,6.066085e-03
2.226567e-02,2.928990e-03,1.813221e-03,3.139653e-03,1.472913e-02,4.148507e-03,2.826418e-03,1.505315e-01,6.166822e-01,1.976183e-03,9.592233e-02,1.792781e-02,5.995206e-02,7.953233e-04,4.360936e-03
3.117453e-02,5.487198e-03,2.056064e-03,6.052606e-03,3.032587e-02,5.763023e-03,2.523350e-03,1.189322e-01,6.651322e-01,1.477663e-03,6.978065e-02,1.324612e-02,4.402003e-02,6.100896e-04,3.418341e-03
5.555687e-02,1.155992e-02,1.959763e-03,1.014455e-02,9.536210e-02,9.580507e-03,2.639835e-03,9.690312e-02,6.185274e-01,1.105615e-03,5.079017e-02,1.035413e-02,3.217112e-02,6.049088e-04,2.739942e-03
4.553084e-02,8.611678e-03,2.216352e-03,1.244757e-02,1.583170e-01,7.235456e-03,2.081190e-03,2.354982e-01,4.583014e-01,7.983791e-04,3.587945e-02,7.619767e-03,2.303583e-02,4.752199e-04,1.951515e-03
4.816208e-02,6.652954e-03,3.160544e-03,2.360467e-02,1.804473e-01,6.476254e-03,1.621089e-03,1.986944e-01,4.791857e-01,6.584245e-04,2.604043e-02,6.254766e-03,1.711448e-02,4.408155e-04,1.486075e-03
3.769333e-02,4.757021e-03,3.240651e-03,2.423955e-02,1.618645e-01,4.711155e-03,1.201934e-03,3.817022e-01,3.438302e-01,4.644680e-04,1.834687e-02,4.461944e-03,1.211897e-02,3.164147e-04,1.050805e-03
2.933011e-02,3.426936e-03,2.851193e-03,1.974868e-02,1.286924e-01,3.483845e-03,9.158765e-04,5.402218e-01,2.453132e-01,3.285922e-04,1.296306e-02,3.176972e-03,8.570204e-03,2.281948e-04,7.489025e-04
2.569970e-02,2.496140e-03,2.602131e-03,1.685406e-02,9.241138e-02,2.749604e-03,8.050668e-04,6.651694e-01,1.725495e-01,2.383343e-04,9.241465e-03,2.320507e-03,6.118408e-03,1.727186e-04,5.715857e-04
2.580611e-02,1.837815e-03,2.192956e-03,1.247665e-02,6.723329e-02,2.202175e-03,7.442213e-04,7.529612e-01,1.212006e-01,1.778390e-04,6.588999e-03,1.670984e-03,4.350176e-03,1.289615e-04,4.280617e-04
2.820346e-02,1.367566e-03,2.252886e-03,9.797021e-03,4.855955e-02,2.081626e-03,7.436253e-04,8.118114e-01,8.520249e-02,1.511907e-04,4.848456e-03,1.311524e-03,3.219830e-03,1.131860e-04,3.361724e-04
2.446445e-02,1.159316e-03,1.987433e-03,7.434617e-03,4.450420e-02,2.390519e-03,7.282854e-04,8.498405e-01,5.978293e-02,1.238761e-04,3.732033e-03,9.826696e-04,2.491770e-03,9.814139e-05,2.792450e-04
2.057515e-02,1.342722e-03,2.873250e-03,6.961019e-03,3.314317e-02,2.279584e-03,7.051622e-04,8.742474e-01,4.242625e-02,4.598089e-04,5.050664e-03,1.913007e-03,7.094060e-03,4.226066e-04,5.060681e-04
1.803246e-02,2.239970e-03,3.022937e-03,9.008554e-03,3.038509e-02,5.103413e-03,7.839628e-04,8.499563e-01,4.729994e-02,8.845467e-04,9.696944e-03,2.898901e-03,1.869087e-02,7.621284e-04,1.233889e-03
1.432776e-02,2.821308e-03,5.200651e-03,1.343806e-02,1.255261e-01,7.152964e-03,1.195437e-03,6.939732e-01,4.042101e-02,1.036192e-03,1.575896e-02,4.562657e-03,7.124519e-02,7.913226e-04,2.549209e-03
1.325121e-02,4.079655e-03,5.448689e-03,1.273404e-02,1.293539e-01,8.903206e-03,1.329123e-03,5.406640e-01,3.109500e-02,1.401946e-03,4.895169e-02,9.986385e-03,1.867945e-01,8.048296e-04,5.201830e-03
1.313340e-02,5.505627e-03,6.947464e-03,1.041037e-02,1.112174e-01,1.206860e-02,2.259290e-03,3.950461e-01,2.528316e-02,1.280556e-03,4.924888e-02,1.956660e-02,3.414680e-01,7.538281e-04,5.810664e-03
1.316462e-02,4.666096e-03,7.244109e-03,8.591922e-03,9.852958e-02,1.597034e-02,2.627350e-03,2.871594e-01,1.921795e-02,1.015888e-03,4.851340e-02,2.219118e-02,4.650803e-01,5.853518e-04,5.442552e-03
1.027535e-02,3.293494e-03,5.222813e-03,6.100829e-03,7.462758e-02,1.635627e-02,2.878225e-03,2.025430e-01,1.371606e-02,7.545446e-04,3.572138e-02,2.522448e-02,5.985597e-01,4.218707e-04,4.304321e-03
9.731468e-03,2.515794e-03,3.823792e-03,4.384594e-03,5.428145e-02,1.479623e-02,2.634278e-03,1.419660e-01,1.071162e-02,7.494197e-04,2.668662e-02,2.692437e-02,6.968278e-01,3.962120e-04,3.570326e-03
8.093454e-03,1.979686e-03,3.534487e-03,3.362080e-03,4.893208e-02,1.319529e-02,6.544326e-03,1.010314e-01,8.334097e-03,9.336034e-04,2.326553e-02,3.219447e-02,7.448713e-01,4.217480e-04,3.306372e-03
8.377910e-03,2.132026e-03,4.413131e-03,2.719551e-03,5.773084e-02,1.111483e-02,7.440924e-03,7.262764e-02,1.474800e-02,2.453175e-03,3.131856e-02,3.924242e-02,7.394241e-01,6.147724e-04,5.642044e-03
7.214603e-03,1.763327e-03,3.509273e-03,3.349492e-03,5.078060e-02,3.905521e-02,5.549908e-03,5.207469e-02,1.269857e-02,3.727575e-03,3.127801e-02,6.224761e-02,7.215834e-01,6.664546e-04,4.501196e-03
7.419791e-03,1.414708e-03,3.427410e-03,3.006062e-03,3.997343e-02,2.925184e-02,4.245851e-03,4.123580e-02,1.683331e-02,4.873761e-03,3.573349e-02,7.216792e-02,7.359686e-01,7.637668e-04,3.684257e-03
6.142486e-03,3.187495e-03,3.313818e-03,3.085333e-03,3.257550e-02,2.204324e-02,3.965520e-03,3.070494e-02,1.051727e-01,4.462165e-03,3.507606e-02,7.285482e-02,6.722723e-01,6.928049e-04,4.450765e-03
5.238302e-03,6.506451e-03,5.907636e-03,3.504825e-03,2.745906e-02,1.811817e-02,3.938961e-03,2.525661e-02,2.058014e-01,4.428246e-03,3.304049e-02,7.376017e-02,5.812826e-01,6.248208e-04,5.132250e-03
4.881294e-03,2.121495e-02,1.574590e-02,1.655409e-02,2.196955e-02,2.356650e-02,2.967122e-03,1.879735e-02,3.294543e-01,5.940119e-03,3.067813e-02,7.322577e-02,4.270700e-01,1.093520e-03,6.841429e-03
5.780993e-03,2.189123e-02,1.361605e-02,1.239498e-02,2.170287e-02,4.997730e-02,3.200348e-03,1.623270e-02,4.260385e-01,4.458572e-03,2.866924e-02,6.264831e-02,3.232212e-01,9.620836e-04,9.205634e-03
6.189547e-03,2.284380e-02,1.168973e-02,3.952415e-02,2.127126e-02,4.489394e-02,2.368502e-03,1.268914e-02,5.264317e-01,4.096617e-03,2.252738e-02,4.683490e-02,2.300778e-01,8.810370e-04,7.680589e-03
2.211006e-02,2.601979e-02,1.104963e-02,3.348123e-02,3.295494e-02,5.047922e-02,5.571548e-03,1.116837e-02,5.620257e-01,3.637564e-03,1.856677e-02,3.543027e-02,1.784979e-01,9.311083e-04,8.075917e-03
3.908340e-02,2.259344e-02,9.482720e-03,1.009150e-01,5.139136e-02,4.627791e-02,5.296054e-03,1.932327e-02,5.212030e-01,3.459606e-03,1.522761e-02,2.663317e-02,1.299542e-01,7.917146e-04,8.367518e-03
1.217486e-01,2.242379e-02,9.216798e-03,9.472324e-02,6.083838e-02,4.081803e-02,5.499643e-03,1.525317e-02,4.524735e-01,3.094814e-03,1.795681e-02,3.416510e-02,1.044803e-01,1.486979e-03,1.582092e-02
1.685171e-01,2.257841e-02,8.465282e-03,1.226704e-01,7.423383e-02,3.897641e-02,7.546182e-03,2.026086e-02,3.666102e-01,2.658901e-03,1.967927e-02,4.694221e-02,8.461482e-02,1.530880e-03,1.471531e-02
2.382013e-01,2.689606e-02,7.668040e-03,1.131089e-01,6.948183e-02,3.238983e-02,6.712534e-03,1.918602e-02,3.083472e-01,2.442666e-03,2.328227e-02,5.701069e-02,7.251529e-02,3.008256e-03,1.974907e-02
2.170217e-01,2.381333e-02,4.303478e-02,1.305789e-01,6.860296e-02,4.129349e-02,6.675553e-03,6.626675e-02,2.385396e-01,2.050721e-03,1.954197e-02,6.669108e-02,5.779320e-02,2.662135e-03,1.543380e-02
2.060181e-01,1.996379e-02,8.338658e-02,1.126223e-01,7.335278e-02,3.973181e-02,5.243872e-03,6.045895e-02,2.705007e-01,1.810237e-03,1.637309e-02,5.385695e-02,4.169890e-02,2.762342e-03,1.221957e-02
2.005614e-01,2.045429e-02,1.057701e-01,9.224784e-02,6.383135e-02,4.599847e-02,4.064546e-03,5.513268e-02,3.037772e-01,1.654445e-03,1.635238e-02,4.530952e-02,3.068204e-02,3.624742e-03,1.053897e-02
1.788490e-01,1.987100e-02,1.412992e-01,7.614982e-02,5.514726e-02,4.916077e-02,3.180288e-03,4.361504e-02,3.346118e-01,4.797972e-03,1.497358e-02,3.836617e-02,2.272738e-02,4.808133e-03,1.244259e-02
1.422208e-01,2.427635e-02,1.669704e-01,7.039274e-02,4.281833e-02,4.707455e-02,2.436173e-03,3.397409e-02,2.851285e-01,8.707567e-02,1.710666e-02,3.262434e-02,1.774674e-02,5.735790e-03,2.441891e-02
1.151428e-01,2.764169e-02,1.376380e-01,1.182630e-01,3.572731e-02,3.785489e-02,2.105192e-03,2.642253e-02,2.656403e-01,8.456403e-02,4.066274e-02,3.199278e-02,2.106388e-02,1.090615e-02,4.437463e-02
9.180944e-02,3.013766e-02,1.022486e-01,1.026327e-01,2.673340e-02,3.095565e-02,1.680138e-03,2.016069e-02,3.132097e-01,1.075382e-01,4.542265e-02,2.496497e-02,2.317132e-02,1.174865e-02,6.758628e-02
7.781023e-02,3.566141e-02,7.767180e-02,8.578923e-02,2.041735e-02,2.827768e-02,1.394003e-03,1.524915e-02,3.321854e-01,1.185565e-01,6.222767e-02,2.269011e-02,2.392654e-02,2.072098e-02,7.742187e-02
6.090087e-02,4.041556e-02,5.799410e-02,7.869022e-02,1.555970e-02,2.215680e-02,1.246304e-03,1.157581e-02,4.276764e-01,1.042611e-01,5.917693e-02,1.735064e-02,1.977540e-02,1.917788e-02,6.404230e-02
4.600152e-02,5.516744e-02,4.604242e-02,1.000526e-01,1.141775e-02,1.618278e-02,9.718604e-04,8.486677e-03,5.024400e-01,7.710148e-02,4.478048e-02,1.292538e-02,1.541832e-02,1.380662e-02,4.920455e-02
4.969643e-02,5.681297e-02,3.452054e-02,9.155315e-02,1.072641e-02,1.697646e-02,1.327789e-03,7.443912e-03,5.136873e-01,5.788250e-02,4.384573e-02,1.756232e-02,2.297343e-02,1.837809e-02,5.661299e-02
4.248308e-02,4.865858e-02,2.595197e-02,1.338734e-01,9.286768e-03,1.369493e-02,1.070534e-03,6.204956e-03,5.486943e-01,4.254971e-02,3.671564e-02,1.456249e-02,1.836059e-02,1.403793e-02,4.385516e-02
3.896174e-02,4.238722e-02,2.069681e-02,1.154989e-01,8.781945e-03,1.298016e-02,8.520961e-04,5.005698e-03,5.957378e-01,3.268005e-02,3.100321e-02,1.389585e-02,1.593386e-02,1.527462e-02,5.031003e-02
2.964998e-02,3.428544e-02,1.682627e-02,8.306691e-02,7.654611e-03,1.239032e-02,6.381240e-04,3.653311e-03,6.472344e-01,2.497798e-02,2.808980e-02,1.062909e-02,1.324883e-02,1.666392e-02,7.099099e-02
2.647910e-02,2.779806e-02,1.431986e-02,6.363821e-02,7.585484e-03,1.006341e-02,5.108560e-04,2.961577e-03,6.602561e-01,1.823901e-02,2.578298e-02,7.829068e-03,1.104684e-02,1.843096e-02,1.050586e-01
5.122227e-02,2.413059e-02,1.143240e-02,4.622512e-02,8.418769e-03,1.366918e-02,5.275990e-04,2.401856e-03,5.801119e-01,1.354643e-02,2.723694e-02,5.901257e-03,9.506372e-03,5.953037e-02,1.461390e-01
5.140820e-02,2.109140e-02,8.936638e-03,3.347480e-02,7.808238e-03,1.967721e-02,6.547754e-04,1.877029e-03,5.042633e-01,1.065262e-02,2.216918e-02,4.384501e-03,7.262417e-03,9.779254e-02,2.085472e-01
3.853174e-02,1.549098e-02,6.431655e-03,2.357181e-02,7.319413e-03,1.506172e-02,5.064475e-04,1.335843e-03,5.022613e-01,7.877391e-03,2.100767e-02,3.219546e-03,5.709186e-03,1.304477e-01,2.212276e-01
2.760544e-02,1.197736e-02,4.764277e-03,1.663336e-02,5.399546e-03,1.134618e-02,3.751437e-04,9.394067e-04,5.310598e-01,5.917267e-03,1.760968e-02,2.347896e-03,4.243122e-03,1.478791e-01,2.119024e-01
2.530678e-02,9.305737e-03,3.472370e-03,1.186258e-02,4.535995e-03,8.683362e-03,3.260010e-04,6.929213e-04,5.262194e-01,5.181636e-03,1.808267e-02,1.973340e-03,4.055369e-03,1.890485e-01,1.912535e-01
2.406084e-02,6.997949e-03,2.944251e-03,9.071104e-03,3.592209e-03,6.356534e-03,3.132899e-04,5.366425e-04,6.205411e-01,4.352845e-03,1.375459e-02,1.716922e-03,3.333580e-03,1.637384e-01,1.386898e-01
3.326919e-02,5.505466e-03,2.618048e-03,6.647325e-03,3.497270e-03,5.501738e-03,5.302419e-04,5.740354e-04,6.086410e-01,9.112900e-03,1.161836e-02,1.374386e-03,2.820853e-03,2.026748e-01,1.056144e-01
2.626706e-02,4.133665e-03,2.204515e-03,4.730780e-03,2.756402e-03,4.038206e-03,4.395625e-04,4.471584e-04,4.826328e-01,1.459954e-02,9.374775e-03,1.077841e-03,2.137647e-03,3.631740e-01,8.198613e-02
2.337135e-02,3.141015e-03,1.678475e-03,3.405005e-03,2.455417e-03,2.992595e-03,3.512149e-04,3.688712e-04,4.267699e-01,2.356240e-02,8.456725e-03,8.609475e-04,1.900519e-03,4.353949e-01,6.529072e-02
1.799952e-02,2.282403e-03,1.377827e-03,2.670994e-03,2.040410e-03,2.296607e-03,2.717539e-04,3.023921e-04,3.715265e-01,1.266796e-01,9.709910e-03,1.318735e-03,4.648696e-03,3.978252e-01,5.904957e-02
1.957137e-02,1.685079e-03,1.188258e-03,2.474189e-03,4.490959e-03,2.176646e-03,2.874446e-04,3.152524e-03,4.856408e-01,1.195366e-01,1.493457e-02,2.342207e-03,7.589228e-03,2.894185e-01,4.551171e-02
2.399490e-02,1.816091e-03,1.669335e-03,3.233070e-03,6.820352e-02,3.182640e-03,7.268265e-04,4.765159e-03,4.998792e-01,1.084941e-01,1.643609e-02,2.733939e-03,9.631874e-03,2.099687e-01,4.526466e-02
2.190927e-02,1.696476e-03,2.303088e-03,3.883574e-03,5.525792e-02,2.722488e-03,9.033191e-04,9.639159e-03,4.394373e-01,1.613562e-01,3.801627e-02,8.868093e-03,4.674984e-02,1.566508e-01,5.060630e-02
2.087064e-02,1.423790e-03,2.078661e-03,3.664402e-03,5.040465e-02,2.315350e-03,8.043289e-04,1.077932e-02,4.254359e-01,1.480021e-01,7.050870e-02,1.147899e-02,6.757043e-02,1.171061e-01,6.755664e-02
2.099764e-02,2.349368e-03,3.714928e-03,4.356235e-03,6.197243e-02,2.889982e-03,8.622277e-04,1.292163e-02,3.380407e-01,1.597852e-01,8.905675e-02,2.372991e-02,9.788500e-02,9.670567e-02,8.473241e-02
2.303151e-02,2.300712e-03,1.038072e-02,1.275138e-02,5.773821e-02,3.410881e-03,1.273618e-03,3.535337e-02,2.499572e-01,1.214629e-01,1.308714e-01,3.863953e-02,1.718837e-01,7.046828e-02,7.047665e-02
2.108194e-02,2.478495e-03,8.744121e-03,1.361839e-02,9.464616e-02,4.929742e-03,1.616715e-03,3.184110e-02,1.808348e-01,9.039632e-02,1.328974e-01,5.128890e-02,2.319276e-01,5.015099e-02,8.354743e-02
1.899052e-02,2.971392e-03,7.793251e-03,1.199941e-02,1.046546e-01,3.802266e-03,2.000239e-03,5.756246e-02,2.611758e-01,6.450231e-02,1.113233e-01,4.741235e-02,2.087539e-01,3.530414e-02,6.175415e-02
1.512801e-02,2.590005e-03,5.933658e-03,9.582143e-03,9.574524e-02,3.274806e-03,2.294249e-03,5.928318e-02,4.216430e-01,4.543348e-02,8.087721e-02,3.465334e-02,1.529287e-01,2.475213e-02,4.588087e-02
1.231945e-02,2.406853e-03,4.480231e-03,7.042342e-03,9.162696e-02,3.602876e-03,4.872192e-03,4.260323e-02,5.599679e-01,3.193088e-02,5.713137e-02,2.433411e-02,1.080519e-01,1.734179e-02,3.228796e-02
1.478559e-02,3.797355e-03,4.919350e-03,5.616819e-03,1.781316e-01,4.267080e-03,1.904652e-02,3.128811e-02,5.466775e-01,2.249483e-02,4.042814e-02,1.710592e-02,7.617027e-02,1.218293e-02,2.308805e-02
2.131557e-02,5.452843e-03,4.549783e-03,8.712552e-03,2.450231e-01,4.473459e-03,2.387460e-02,2.905395e-02,5.215062e-01,1.589429e-02,2.895394e-02,1.218570e-02,5.408286e-02,8.575750e-03,1.634550e-02
3.430949e-02,1.177170e-02,5.704573e-03,1.718469e-02,2.623186e-01,6.894643e-03,2.519903e-02,4.123131e-02,4.941917e-01,1.161795e-02,2.091702e-02,9.083577e-03,4.022987e-02,6.181728e-03,1.316420e-02
3.603109e-02,9.010854e-03,4.530532e-03,1.660002e-02,2.879454e-01,6.192461e-03,2.118499e-02,1.146503e-01,4.317580e-01,8.187885e-03,1.498741e-02,6.543111e-03,2.875329e-02,4.363347e-03,9.261479e-03
4.068774e-02,6.845379e-03,7.672300e-03,2.499240e-02,2.567844e-01,4.952196e-03,1.656908e-02,2.550710e-01,3.344998e-01,5.852232e-03,1.074216e-02,4.908291e-03,2.076054e-02,3.079619e-03,6.582954e-03
4.758299e-02,5.011234e-03,5.580030e-03,1.903165e-02,1.974611e-01,3.718764e-03,1.190551e-02,4.332444e-01,2.394226e-01,4.131563e-03,7.699661e-03,3.575788e-03,1.484185e-02,2.166451e-03,4.626501e-03
4.485263e-02,3.581233e-03,4.066029e-03,1.424345e-02,1.454016e-01,2.936239e-03,8.675987e-03,5.814682e-01,1.683479e-01,2.898418e-03,5.469396e-03,2.612424e-03,1.066734e-02,1.524991e-03,3.254126e-03
3.804358e-02,2.525218e-03,3.163757e-03,1.043958e-02,1.046304e-01,2.583452e-03,6.224209e-03,6.954389e-01,1.179027e-01,2.034132e-03,3.908836e-03,1.991815e-03,7.742473e-03,1.078628e-03,2.292292e-03
3.723900e-02,1.791370e-03,2.324465e-03,7.601134e-03,7.637499e-02,2.133025e-03,4.519029e-03,7.717780e-01,8.261594e-02,1.427179e-03,2.790691e-03,1.473030e-03,5.559470e-03,7.594558e-04,1.613279e-03
2.996524e-02,1.271167e-03,1.846523e-03,5.663426e-03,5.477250e-02,1.697105e-03,3.306253e-03,8.339312e-01,5.784456e-02,1.003481e-03,1.992096e-03,1.068178e-03,3.965115e-03,5.365250e-04,1.136611e-03
2.767391e-02,9.320626e-04,1.409829e-03,4.159281e-03,4.533893e-02,1.559615e-03,2.479756e-03,8.689371e-01,4.052266e-02,7.090193e-04,1.475428e-03,7.717237e-04,2.844132e-03,3.800419e-04,8.065181e-04
2.434758e-02,6.900480e-04,1.151025e-03,3.021877e-03,3.646562e-02,1.263251e-03,1.871010e-03,8.977724e-01,2.839519e-02,5.012170e-04,1.081892e-03,5.619361e-04,2.033208e-03,2.697687e-04,5.739144e-04
1.923821e-02,5.064650e-04,1.478003e-03,2.237231e-03,2.636058e-02,1.013292e-03,1.449235e-03,9.240289e-01,1.989317e-02,3.618661e-04,8.193375e-04,4.826795e-04,1.514525e-03,1.954922e-04,4.209616e-04
1.588419e-02,3.885111e-04,1.389652e-03,1.644795e-03,1.994985e-02,7.719614e-04,1.103783e-03,9.420584e-01,1.394463e-02,2.627942e-04,6.254769e-04,3.925170e-04,1.127908e-03,1.436376e-04,3.118496e-04
1.658051e-02,4.930748e-04,1.717031e-03,1.446224e-03,1.540672e-02,6.219675e-04,8.430004e-04,9.472524e-01,9.975231e-03,4.111629e-04,1.019640e-03,1.517122e-03,2.072349e-03,2.885411e-04,3.550389e-04
2.137938e-02,9.602966e-04,1.336777e-03,1.103306e-03,1.603119e-02,9.472492e-04,8.035856e-04,9.143437e-01,7.449715e-03,4.408618e-04,1.431067e-03,1.530612e-03,2.861494e-02,2.595926e-04,3.367638e-03
1.998138e-02,8.092769e-04,9.770537e-04,7.971328e-04,1.389073e-02,1.336562e-03,7.644003e-04,7.458122e-01,5.493370e-03,3.556054e-04,1.589231e-03,2.080843e-03,2.021252e-01,2.148669e-04,3.772070e-03
1.936534e-02,6.992507e-04,7.824374e-04,5.997558e-04,1.220362e-02,2.206046e-03,1.566137e-03,5.875924e-01,4.506199e-03,3.271236e-04,3.103628e-03,6.397753e-03,3.561571e-01,2.119194e-04,4.281290e-03
1.467526e-02,5.209577e-04,6.171290e-04,4.563646e-04,1.123385e-02,2.587163e-03,1.989228e-03,4.241036e-01,3.549287e-03,2.589867e-04,4.928969e-03,6.884612e-03,5.239015e-01,1.707002e-04,4.122341e-03
1.059351e-02,3.699386e-04,4.443380e-04,3.599833e-04,8.051631e-03,1.412521e-02,1.507790e-03,2.970764e-01,2.638571e-03,2.000864e-04,5.820793e-03,1.045991e-02,6.452016e-01,2.114921e-04,2.938739e-03
7.659008e-03,2.743009e-04,3.280677e-04,3.138392e-04,6.996044e-03,1.164219e-02,1.273202e-03,2.080661e-01,2.130521e-03,2.645192e-04,2.766526e-02,3.222454e-02,6.983393e-01,2.173114e-04,2.605713e-03
5.890725e-03,2.250213e-04,2.493651e-04,3.538967e-04,6.458063e-03,1.787777e-02,1.203242e-03,1.457395e-01,1.946928e-03,4.189474e-04,5.577683e-02,7.608139e-02,6.851817e-01,2.437764e-04,2.352783e-03
4.257681e-03,2.737380e-04,2.141035e-04,4.374294e-04,5.323319e-03,1.795017e-02,1.070530e-03,1.020250e-01,1.574270e-03,2.405514e-03,5.299633e-02,9.871060e-02,7.103880e-01,2.688511e-04,2.104488e-03
3.088978e-03,2.109524e-04,1.952696e-04,3.337687e-04,3.998204e-03,1.318521e-02,8.862661e-04,7.142765e-02,1.417113e-03,3.902155e-03,7.467057e-02,1.136970e-01,7.109160e-01,2.498094e-04,1.820963e-03
2.431920e-03,3.787636e-04,1.001826e-03,4.109513e-04,3.983792e-03,1.091721e-02,1.190154e-03,5.026193e-02,5.956523e-03,1.527032e-02,7.406610e-02,1.446774e-01,6.876131e-01,2.413448e-04,1.598637e-03
1.826872e-03,9.253842e-04,9.118758e-04,7.281685e-04,6.869894e-03,8.817398e-03,9.459726e-04,3.537147e-02,6.149535e-03,5.663994e-02,7.236412e-02,1.674138e-01,6.388516e-01,7.128953e-04,1.471072e-03
1.360946e-03,2.561282e-03,3.241820e-03,6.471664e-04,8.947305e-03,6.268252e-03,7.080255e-04,2.485876e-02,1.416226e-02,1.106441e-01,6.374641e-02,1.487951e-01,6.112234e-01,1.137762e-03,1.697472e-03
1.035308e-03,2.010703e-02,3.759164e-02,7.081759e-04,1.109679e-02,4.539990e-03,5.707095e-04,1.799516e-02,8.372866e-02,1.135224e-01,5.315626e-02,1.194997e-01,5.338591e-01,9.421153e-04,1.646938e-03
8.977256e-04,9.198526e-02,4.837829e-02,8.008639e-04,1.097179e-02,3.431408e-03,4.526293e-04,1.393688e-02,1.820101e-01,9.984112e-02,4.368166e-02,8.766497e-02,4.125678e-01,1.280101e-03,2.099407e-03
1.034740e-03,8.141225e-02,8.795597e-02,1.698277e-03,9.094333e-03,2.953226e-03,5.292323e-04,3.992815e-02,3.039324e-01,7.624712e-02,3.304387e-02,6.318530e-02,2.951620e-01,1.158844e-03,2.664327e-03
1.203505e-03,8.404317e-02,7.201403e-02,6.902122e-03,8.890817e-03,3.088406e-03,3.783371e-04,3.144005e-02,4.557300e-01,5.454015e-02,2.402568e-02,4.520204e-02,2.082044e-01,9.890997e-04,3.348156e-03
1.062504e-03,8.381370e-02,5.200802e-02,6.784719e-03,7.576688e-03,2.978221e-03,2.726306e-04,2.347099e-02,5.826041e-01,3.841063e-02,1.715821e-02,3.208753e-02,1.470195e-01,7.289412e-04,4.023625e-03
1.156371e-03,1.033111e-01,3.710926e-02,4.114469e-02,6.193873e-03,3.632810e-03,1.964459e-04,1.799395e-02,6.095197e-01,2.830706e-02,1.321902e-02,2.279592e-02,1.043722e-01,6.027626e-04,1.044481e-02
1.275713e-03,1.160341e-01,2.652079e-02,4.242092e-02,5.628330e-03,4.244088e-03,1.467304e-04,1.431736e-02,6.558068e-01,2.075651e-02,1.077203e-02,1.639611e-02,7.391042e-02,4.792939e-04,1.129078e-02
