1.000000e+00,0.000000e+00,0.000000e+00,0.000000e+00,0.000000e+00,0.000000e+00,0.000000e+00,0.000000e+00,0.000000e+00,0.000000e+00,0.000000e+00,0.000000e+00,0.000000e+00,0.000000e+00,0.000000e+00
1.000000e+00,0.000000e+00,0.000000e+00,0.000000e+00,0.000000e+00,0.000000e+00,0.000000e+00,0.000000e+00,0.000000e+00,0.000000e+00,0.000000e+00,0.000000e+00,0.000000e+00,0.000000e+00,0.000000e+00
1.000000e+00,0.000000e+00,0.000000e+00,0.000000e+00,0.000000e+00,0.000000e+00,0.000000e+00,0.000000e+00,0.000000e+00,0.000000e+00,0.000000e+00,0.000000e+00,0.000000e+00,0.000000e+00,0.000000e+00
1.000000e+00,0.000000e+00,0.000000e+00,0.000000e+00,0.000000e+00,0.000000e+00,0.000000e+00,0.000000e+00,0.000000e+00,0.000000e+00,0.000000e+00,0.000000e+00,0.000000e+00,0.000000e+00,0.000000e+00
1.000000e+00,0.000000e+00,0.000000e+00,0.000000e+00,0.000000e+00,0.000000e+00,0.000000e+00,0.000000e+00,0.000000e+00,0.000000e+00,0.000000e+00,0.000000e+00,0.000000e+00,0.000000e+00,0.000000e+00
1.000000e+00,0.000000e+00,0.000000e+00,0.000000e+00,0.000000e+00,0.000000e+00,0.000000e+00,0.000000e+00,0.000000e+00,0.000000e+00,0.000000e+00,0.000000e+00,0.000000e+00,0.000000e+00,0.000000e+00
1.000000e+00,0.000000e+00,0.000000e+00,0.000000e+00,0.000000e+00,0.000000e+00,0.000000e+00,0.000000e+00,0.000000e+00,0.000000e+00,0.000000e+00,0.000000e+00,0.000000e+00,0.000000e+00,0.000000e+00
1.000000e+00,0.000000e+00,0.000000e+00,0.000000e+00,0.000000e+00,0.000000e+00,0.000000e+00,0.000000e+00,0.000000e+00,0.000000e+00,0.000000e+00,0.000000e+00,0.000000e+00,0.000000e+00,0.000000e+00
1.000000e+00,0.000000e+00,0.000000e+00,0.000000e+00,0.000000e+00,0.000000e+00,0.000000e+00,0.000000e+00,0.000000e+00,0.000000e+00,0.000000e+00,0.000000e+00,0.000000e+00,0.000000e+00,0.000000e+00
1.000000e+00,0.000000e+00,0.000000e+00,0.000000e+00,0.000000e+00,0.000000e+00,0.000000e+00,0.000000e+00,0.000000e+00,0.000000e+00,0.000000e+00,0.000000e+00,0.000000e+00,0.000000e+00,0.000000e+00
1.000000e+00,0.000000e+00,0.000000e+00,0.000000e+00,0.000000e+00,0.000000e+00,0.000000e+00,0.000000e+00,0.000000e+00,0.000000e+00,0.000000e+00,0.000000e+00,0.000000e+00,0.000000e+00,0.000000e+00
1.000000e+00,0.000000e+00,0.000000e+00,0.000000e+00,0.000000e+00,0.000000e+00,0.000000e+00,0.000000e+00,0.000000e+00,0.000000e+00,0.000000e+00,0.000000e+00,0.000000e+00,0.000000e+00,0.000000e+00
1.000000e+00,0.000000e+00,0.000000e+00,0.000000e+00,0.000000e+00,0.000000e+00,0.000000e+00,0.000000e+00,0.000000e+00,0.000000e+00,0.000000e+00,0.000000e+00,0.000000e+00,0.000000e+00,0.000000e+00
1.000000e+00,0.000000e+00,0.000000e+00,0.000000e+00,0.000000e+00,0.000000e+00,0.000000e+00,0.000000e+00,0.000000e+00,0.000000e+00,0.000000e+00,0.000000e+00,0.000000e+00,0.000000e+00,0.000000e+00
1.000000e+00,0.000000e+00,0.000000e+00,0.000000e+00,0.000000e+00,0.000000e+00,0.000000e+00,0.000000e+00,0.000000e+00,0.000000e+00,0.000000e+00,0.000000e+00,0.000000e+00,0.000000e+00,0.000000e+00
1.000000e+00,0.000000e+00,0.000000e+00,0.000000e+00,0.000000e+00,0.000000e+00,0.000000e+00,0.000000e+00,0.000000e+00,0.000000e+00,0.000000e+00,0.000000e+00,0.000000e+00,0.000000e+00,0.000000e+00
1.000000e+00,0.000000e+00,0.000000e+00,0.000000e+00,0.000000e+00,0.000000e+00,0.000000e+00,0.000000e+00,0.000000e+00,0.000000e+00,0.000000e+00,0.000000e+00,0.000000e+00,0.000000e+00,0.000000e+00
1.000000e+00,0.000000e+00,0.000000e+00,0.000000e+00,0.000000e+00,0.000000e+00,0.000000e+00,0.000000e+00,0.000000e+00,0.000000e+00,0.000000e+00,0.000000e+00,0.000000e+00,0.000000e+00,0.000000e+00
1.000000e+00,0.000000e+00,0.000000e+00,0.000000e+00,0.000000e+00,0.000000e+00,0.000000e+00,0.000000e+00,0.000000e+00,0.000000e+00,0.000000e+00,0.000000e+00,0.000000e+00,0.000000e+00,0.000000e+00
1.000000e+00,0.000000e+00,0.000000e+00,0.000000e+00,0.000000e+00,0.000000e+00,0.000000e+00,0.000000e+00,0.000000e+00,0.000000e+00,0.000000e+00,0.000000e+00,0.000000e+00,0.000000e+00,0.000000e+00
1.000000e+00,0.000000e+00,0.000000e+00,0.000000e+00,0.000000e+00,0.000000e+00,0.000000e+00,0.000000e+00,0.000000e+00,0.000000e+00,0.000000e+00,0.000000e+00,0.000000e+00,0.000000e+00,0.000000e+00
1.000000e+00,0.000000e+00,0.000000e+00,0.000000e+00,0.000000e+00,0.000000e+00,0.000000e+00,0.000000e+00,0.000000e+00,0.000000e+00,0.000000e+00,0.000000e+00,0.000000e+00,0.000000e+00,0.000000e+00
1.000000e+00,0.000000e+00,0.000000e+00,0.000000e+00,0.000000e+00,0.000000e+00,0.000000e+00,0.000000e+00,0.000000e+00,0.000000e+00,0.000000e+00,0.000000e+00,0.000000e+00,0.000000e+00,0.000000e+00
1.000000e+00,0.000000e+00,0.000000e+00,0.000000e+00,0.000000e+00,0.000000e+00,0.000000e+00,0.000000e+00,0.000000e+00,0.000000e+00,0.000000e+00,0.000000e+00,0.000000e+00,0.000000e+00,0.000000e+00
1.000000e+00,0.000000e+00,0.000000e+00,0.000000e+00,0.000000e+00,0.000000e+00,0.000000e+00,0.000000e+00,0.000000e+00,0.000000e+00,0.000000e+00,0.000000e+00,0.000000e+00,0.000000e+00,0.000000e+00
1.000000e+00,0.000000e+00,0.000000e+00,0.000000e+00,0.000000e+00,0.000000e+00,0.000000e+00,0.000000e+00,0.000000e+00,0.000000e+00,0.000000e+00,0.000000e+00,0.000000e+00,0.000000e+00,0.000000e+00
1.000000e+00,0.000000e+00,0.000000e+00,0.000000e+00,0.000000e+00,0.000000e+00,0.000000e+00,0.000000e+00,0.000000e+00,0.000000e+00,0.000000e+00,0.000000e+00,0.000000e+00,0.000000e+00,0.000000e+00
1.000000e+00,0.000000e+00,0.000000e+00,0.000000e+00,0.000000e+00,0.000000e+00,0.000000e+00,0.000000e+00,0.000000e+00,0.000000e+00,0.000000e+00,0.000000e+00,0.000000e+00,0.000000e+00,0.000000e+00
1.000000e+00,0.000000e+00,0.000000e+00,0.000000e+00,0.000000e+00,0.000000e+00,0.000000e+00,0.000000e+00,0.000000e+00,0.000000e+00,0.000000e+00,0.000000e+00,0.000000e+00,0.000000e+00,0.000000e+00
1.000000e+00,0.000000e+00,0.000000e+00,0.000000e+00,0.000000e+00,0.000000e+00,0.000000e+00,0.000000e+00,0.000000e+00,0.000000e+00,0.000000e+00,0.000000e+00,0.000000e+00,0.000000e+00,0.000000e+00
1.000000e+00,0.000000e+00,0.000000e+00,0.000000e+00,0.000000e+00,0.000000e+00,0.000000e+00,0.000000e+00,0.000000e+00,0.000000e+00,0.000000e+00,0.000000e+00,0.000000e+00,0.000000e+00,0.000000e+00
1.000000e+00,0.000000e+00,0.000000e+00,0.000000e+00,0.000000e+00,0.000000e+00,0.000000e+00,0.000000e+00,0.000000e+00,0.000000e+00,0.000000e+00,0.000000e+00,0.000000e+00,0.000000e+00,0.000000e+00
1.000000e+00,0.000000e+00,0.000000e+00,0.000000e+00,0.000000e+00,0.000000e+00,0.000000e+00,0.000000e+00,0.000000e+00,0.000000e+00,0.000000e+00,0.000000e+00,0.000000e+00,0.000000e+00,0.000000e+00
1.000000e+00,0.000000e+00,0.000000e+00,0.000000e+00,0.000000e+00,0.000000e+00,0.000000e+00,0.000000e+00,0.000000e+00,0.000000e+00,0.000000e+00,0.000000e+00,0.000000e+00,0.000000e+00,0.000000e+00
1.000000e+00,0.000000e+00,0.000000e+00,0.000000e+00,0.000000e+00,0.000000e+00,0.000000e+00,0.000000e+00,0.000000e+00,0.000000e+00,0.000000e+00,0.000000e+00,0.000000e+00,0.000000e+00,0.000000e+00
1.000000e+00,0.000000e+00,0.000000e+00,0.000000e+00,0.000000e+00,0.000000e+00,0.000000e+00,0.000000e+00,0.000000e+00,0.000000e+00,0.000000e+00,0.000000e+00,0.000000e+00,0.000000e+00,0.000000e+00
1.000000e+00,0.000000e+00,0.000000e+00,0.000000e+00,0.000000e+00,0.000000e+00,0.000000e+00,0.000000e+00,0.000000e+00,0.000000e+00,0.000000e+00,0.000000e+00,0.000000e+00,0.000000e+00,0.000000e+00
1.000000e+00,0.000000e+00,0.000000e+00,0.000000e+00,0.000000e+00,0.000000e+00,0.000000e+00,0.000000e+00,0.000000e+00,0.000000e+00,0.000000e+00,0.000000e+00,0.000000e+00,0.000000e+00,0.000000e+00
1.000000e+00,0.000000e+00,0.000000e+00,0.000000e+00,0.000000e+00,0.000000e+00,0.000000e+00,0.000000e+00,0.000000e+00,0.000000e+00,0.000000e+00,0.000000e+00,0.000000e+00,0.000000e+00,0.000000e+00
1.000000e+00,0.000000e+00,0.000000e+00,0.000000e+00,0.000000e+00,0.000000e+00,0.000000e+00,0.000000e+00,0.000000e+00,0.000000e+00,0.000000e+00,0.000000e+00,0.000000e+00,0.000000e+00,0.000000e+00
1.000000e+00,0.000000e+00,0.000000e+00,0.000000e+00,0.000000e+00,0.000000e+00,0.000000e+00,0.000000e+00,0.000000e+00,0.000000e+00,0.000000e+00,0.000000e+00,0.000000e+00,0.000000e+00,0.000000e+00
1.000000e+00,0.000000e+00,0.000000e+00,0.000000e+00,0.000000e+00,0.000000e+00,0.000000e+00,0.000000e+00,0.000000e+00,0.000000e+00,0.000000e+00,0.000000e+00,0.000000e+00,0.000000e+00,0.000000e+00
1.000000e+00,0.000000e+00,0.000000e+00,0.000000e+00,0.000000e+00,0.000000e+00,0.000000e+00,0.000000e+00,0.000000e+00,0.000000e+00,0.000000e+00,0.000000e+00,0.000000e+00,0.000000e+00,0.000000e+00
1.000000e+00,0.000000e+00,0.000000e+00,0.000000e+00,0.000000e+00,0.000000e+00,0.000000e+00,0.000000e+00,0.000000e+00,0.000000e+00,0.000000e+00,0.000000e+00,0.000000e+00,0.000000e+00,0.000000e+00
1.000000e+00,0.000000e+00,0.000000e+00,0.000000e+00,0.000000e+00,0.000000e+00,0.000000e+00,0.000000e+00,0.000000e+00,0.000000e+00,0.000000e+00,0.000000e+00,0.000000e+00,0.000000e+00,0.000000e+00
4.760080e-01,1.182685e-02,1.217941e-02,1.057850e-01,7.957825e-02,1.404897e-02,3.571009e-03,2.558308e-01,2.412226e-03,8.326218e-04,8.458061e-03,1.125490e-02,1.100763e-02,9.425217e-04,6.263766e-03
3.622479e-01,2.588439e-02,3.051302e-02,9.472532e-02,1.514242e-01,1.718072e-02,3.541388e-03,2.688764e-01,2.828798e-03,3.176422e-03,1.323205e-02,8.738493e-03,8.806504e-03,1.946686e-03,6.877766e-03
2.700925e-01,2.451004e-02,2.833342e-02,7.704242e-02,3.140334e-01,1.688437e-02,3.948006e-03,2.091049e-01,2.856090e-03,1.535148e-02,1.491773e-02,6.272336e-03,6.717679e-03,2.250364e-03,7.685247e-03
2.114973e-01,2.373843e-02,3.474407e-02,6.623550e-02,3.805420e-01,1.877769e-02,4.888308e-03,1.832430e-01,2.942120e-03,3.983492e-02,1.272800e-02,4.672558e-03,5.357392e-03,2.113356e-03,8.685250e-03
1.544319e-01,1.957942e-02,3.596519e-02,6.374204e-02,3.498456e-01,1.871376e-02,6.245526e-03,2.378556e-01,2.687752e-03,7.988068e-02,9.869069e-03,3.533083e-03,4.293758e-03,1.895826e-03,1.146079e-02
1.265937e-01,2.021435e-02,2.825795e-02,5.354906e-02,3.673682e-01,2.137828e-02,5.240391e-03,2.302047e-01,6.229352e-03,9.624478e-02,8.321919e-03,3.131285e-03,4.798522e-03,2.542887e-03,2.592454e-02
1.328974e-01,2.132571e-02,2.191097e-02,4.363726e-02,3.718797e-01,2.529960e-02,4.241337e-03,1.907881e-01,9.373717e-03,8.520330e-02,8.785401e-03,3.355096e-03,6.192309e-03,6.615246e-03,6.849482e-02
1.301675e-01,2.130116e-02,2.558635e-02,3.887713e-02,3.096477e-01,2.429686e-02,3.732209e-03,1.619786e-01,1.036375e-02,1.084691e-01,1.166996e-02,6.291753e-03,8.734352e-03,1.378466e-02,1.250989e-01
1.885577e-01,2.273080e-02,3.298799e-02,3.751099e-02,2.446368e-01,2.349285e-02,4.305483e-03,1.273175e-01,1.027752e-02,1.024523e-01,1.657050e-02,1.059505e-02,1.095411e-02,2.254686e-02,1.450636e-01
1.373074e-01,1.834109e-02,2.755461e-02,2.826423e-02,1.744248e-01,2.812492e-02,3.205289e-03,8.968429e-02,1.507334e-02,2.059389e-01,1.459918e-02,8.452518e-03,1.519093e-02,4.133784e-02,1.925007e-01
9.751553e-02,1.483589e-02,1.983589e-02,2.013596e-02,1.223890e-01,2.160116e-02,2.276315e-03,6.287906e-02,3.197605e-02,1.673588e-01,1.139295e-02,6.225035e-03,1.364115e-02,6.441716e-02,3.435200e-01
7.037652e-02,1.656638e-02,1.422590e-02,1.432538e-02,8.600319e-02,1.764391e-02,1.678892e-03,4.412223e-02,4.042269e-02,1.520836e-01,1.282331e-02,4.953271e-03,1.825836e-02,8.707881e-02,4.194375e-01
5.109086e-02,2.114654e-02,1.023505e-02,1.024049e-02,6.050019e-02,1.367728e-02,1.240591e-03,3.094812e-02,4.517300e-02,1.224760e-01,1.215114e-02,3.664102e-03,1.339447e-02,1.005271e-01,5.035352e-01
3.668189e-02,1.671826e-02,7.232708e-03,7.196596e-03,4.263235e-02,1.013925e-02,8.841491e-04,2.168082e-02,4.143427e-02,8.658162e-02,1.271124e-02,2.640275e-03,9.716741e-03,7.799260e-02,6.257573e-01
2.598625e-02,1.958103e-02,5.189178e-03,6.097592e-03,2.997805e-02,8.011401e-03,6.283401e-04,1.518318e-02,2.466778e-01,6.469433e-02,9.535671e-03,1.938235e-03,6.968130e-03,5.635882e-02,5.031720e-01
1.868357e-02,1.621910e-02,3.679576e-03,4.424052e-03,2.106548e-02,6.142696e-03,4.492471e-04,1.063342e-02,3.397436e-01,5.136084e-02,7.066041e-03,1.380231e-03,5.025713e-03,4.888400e-02,4.652425e-01
1.410036e-02,1.302138e-02,2.679838e-03,3.914903e-03,1.486952e-02,4.674029e-03,3.243787e-04,7.454644e-03,5.049735e-01,3.673401e-02,5.434179e-03,1.033293e-03,3.729366e-03,3.650659e-02,3.505501e-01
2.817516e-02,1.221720e-02,2.438486e-03,3.052174e-03,1.155201e-02,3.943242e-03,3.063701e-04,5.329856e-03,4.751784e-01,2.622504e-02,6.046290e-03,8.231460e-04,3.560494e-03,4.280844e-02,3.783438e-01
2.228692e-02,9.934125e-03,1.942947e-03,2.293292e-03,8.202041e-03,3.085640e-03,2.249227e-04,3.750133e-03,5.974327e-01,1.876282e-02,5.779087e-03,6.821451e-04,4.622092e-03,3.442235e-02,2.865788e-01
2.074662e-02,1.072541e-02,2.192279e-03,1.829099e-03,6.042569e-03,2.565277e-03,1.862697e-04,2.653243e-03,5.737618e-01,1.442740e-02,6.198492e-03,6.298977e-04,4.443169e-03,7.165650e-02,2.819420e-01
1.729863e-02,7.781545e-03,1.832244e-03,1.421296e-03,4.582986e-03,1.963429e-03,1.846608e-04,1.973890e-03,5.756177e-01,1.053516e-02,8.312443e-03,6.076744e-04,9.734374e-03,7.729030e-02,2.808636e-01
1.453463e-02,6.205868e-03,2.513330e-03,1.605412e-03,3.954729e-03,1.508348e-03,2.086757e-04,1.831134e-03,6.584584e-01,9.319347e-03,7.899759e-03,6.830284e-04,1.410337e-02,6.376384e-02,2.134101e-01
2.026643e-02,5.139713e-03,3.314212e-03,2.145408e-03,3.714008e-03,1.457530e-03,2.666157e-04,2.047505e-03,5.832040e-01,1.101035e-02,1.297437e-02,2.861874e-03,9.243131e-02,6.179098e-02,1.973757e-01
1.497216e-02,3.839678e-03,2.647832e-03,1.889935e-03,3.118566e-03,1.142854e-03,2.615360e-04,2.176622e-03,4.462913e-01,8.896207e-03,1.863423e-02,2.997964e-03,2.195447e-01,4.839934e-02,2.251870e-01
1.128020e-02,3.539213e-03,2.924212e-03,2.482606e-03,3.072576e-02,1.825940e-03,1.061885e-03,3.493780e-03,3.214397e-01,6.930090e-03,2.397817e-02,4.670975e-03,3.467878e-01,3.665913e-02,2.022004e-01
8.551319e-03,1.354969e-02,4.431540e-03,2.492547e-03,5.639904e-02,2.349171e-03,2.682839e-03,3.013064e-03,4.226606e-01,5.187738e-03,2.228411e-02,4.153952e-03,2.728052e-01,2.606240e-02,1.533768e-01
9.565668e-03,1.630989e-02,7.886104e-03,5.095185e-03,2.015637e-01,7.441853e-03,1.208284e-02,3.802596e-03,3.336072e-01,3.943034e-03,3.099120e-02,4.032216e-03,2.224425e-01,1.871134e-02,1.225247e-01
8.117939e-03,1.650939e-02,6.046171e-03,4.074374e-03,1.909743e-01,6.513460e-03,9.983876e-03,2.948395e-03,4.660347e-01,2.858668e-03,2.439861e-02,3.133207e-03,1.580323e-01,1.316735e-02,8.720721e-02
7.274137e-03,1.333845e-02,4.536703e-03,2.991546e-03,1.706614e-01,5.814898e-03,8.851157e-03,2.311363e-03,5.786423e-01,2.068409e-03,1.846357e-02,2.272674e-03,1.114645e-01,9.250597e-03,6.205823e-02
6.918990e-03,1.497413e-02,3.530763e-03,6.351458e-03,1.373001e-01,5.112001e-03,6.434120e-03,2.113267e-03,6.702539e-01,1.764729e-03,1.416705e-02,1.774165e-03,7.917069e-02,6.484546e-03,4.365012e-02
1.514930e-02,1.626026e-02,2.854259e-03,5.822965e-03,1.235078e-01,4.113292e-03,4.849609e-03,5.222106e-02,6.707085e-01,1.270587e-03,1.028541e-02,1.390186e-03,5.631588e-02,4.547409e-03,3.070357e-02
1.669018e-02,1.263392e-02,2.585947e-03,5.955737e-03,1.691724e-01,4.497276e-03,5.132041e-03,1.425898e-01,5.654364e-01,9.187942e-04,7.546365e-03,1.237318e-03,4.068051e-02,3.209815e-03,2.171353e-02
2.848757e-02,2.233905e-02,1.015543e-02,1.346278e-02,2.025155e-01,6.107145e-03,5.363293e-03,1.381068e-01,4.527628e-01,2.719049e-03,2.894599e-02,5.612334e-03,5.607655e-02,2.895776e-03,2.444996e-02
3.139497e-02,1.757482e-02,9.416500e-03,2.430418e-02,1.894086e-01,2.745136e-02,5.467818e-03,1.180671e-01,3.428630e-01,2.797009e-03,3.378313e-02,4.954929e-03,1.664394e-01,2.153493e-03,2.392371e-02
2.656012e-02,1.406850e-02,9.066039e-03,3.328712e-02,1.508288e-01,3.142075e-02,5.306664e-03,8.337144e-02,2.520261e-01,3.382113e-03,3.046804e-02,9.824423e-03,3.181214e-01,1.770905e-03,3.049757e-02
2.673187e-02,1.271608e-02,8.051092e-03,6.429791e-02,1.268737e-01,2.803180e-02,6.706706e-03,5.908676e-02,2.051167e-01,4.070877e-03,2.431845e-02,8.582657e-03,3.952914e-01,1.522811e-03,2.860118e-02
2.987009e-02,1.021019e-02,6.637210e-03,5.142383e-02,1.199458e-01,2.884870e-02,7.375485e-03,4.308471e-02,1.718059e-01,5.641115e-03,3.817888e-02,1.334907e-02,4.240944e-01,1.674116e-03,4.786050e-02
2.874959e-02,9.034464e-03,6.395153e-03,4.377328e-02,8.780885e-02,3.396615e-02,6.627345e-03,3.109360e-02,1.372128e-01,4.766143e-03,3.006216e-02,1.398867e-02,5.211260e-01,1.412755e-03,4.398302e-02
4.371048e-02,9.060231e-03,5.070179e-03,3.351968e-02,6.280667e-02,3.572668e-02,5.298974e-03,2.259419e-02,1.043601e-01,3.586481e-03,2.280149e-02,1.475969e-02,5.945649e-01,1.109039e-03,4.103127e-02
3.980680e-02,7.430327e-03,4.497023e-03,2.544722e-02,4.778216e-02,3.387447e-02,5.864504e-03,2.261986e-02,8.502724e-02,3.909534e-03,2.370271e-02,2.073551e-02,5.491337e-01,1.532821e-03,1.286362e-01
1.033622e-01,1.162018e-02,1.186084e-02,3.954159e-02,3.687444e-02,3.149927e-02,5.322329e-03,1.748124e-02,7.404403e-02,5.264640e-03,1.824545e-02,2.610997e-02,5.110001e-01,2.428102e-03,1.053456e-01
1.032449e-01,9.862571e-03,1.133696e-02,2.914260e-02,3.077499e-02,3.577162e-02,5.796262e-03,1.710732e-02,6.116875e-02,4.385656e-03,1.544385e-02,3.487752e-02,5.499516e-01,2.661316e-03,8.847412e-02
1.140780e-01,1.275187e-02,1.987206e-02,3.913419e-02,3.393370e-02,3.206164e-02,6.015757e-03,1.742387e-02,6.045180e-02,5.375479e-03,1.367999e-02,4.139187e-02,5.325450e-01,2.989236e-03,6.829552e-02
1.058486e-01,1.126494e-02,1.791691e-02,2.951062e-02,3.358139e-02,3.357735e-02,7.407864e-03,1.457646e-02,5.635632e-02,5.040180e-03,1.207212e-02,4.379992e-02,5.717907e-01,2.900321e-03,5.435631e-02
8.965111e-02,9.587932e-03,1.407363e-02,2.162663e-02,3.089413e-02,2.576805e-02,6.852644e-03,1.220258e-02,4.607271e-02,4.155350e-03,9.446462e-03,3.830582e-02,6.486745e-01,2.343045e-03,4.034538e-02
1.016933e-01,1.002104e-02,1.333144e-02,1.745728e-02,3.951805e-02,2.154799e-02,6.637514e-03,1.362321e-02,4.233872e-02,3.972377e-03,7.383743e-03,4.629237e-02,6.442878e-01,2.189414e-03,2.970579e-02
9.509943e-02,1.169809e-02,1.474655e-02,1.427066e-02,5.541745e-02,1.949551e-02,8.896008e-03,1.281665e-02,3.657325e-02,2.980784e-03,5.788318e-03,4.133512e-02,6.573717e-01,1.836227e-03,2.167426e-02
1.309665e-01,2.543279e-02,8.399408e-02,6.274620e-02,5.948818e-02,1.805538e-02,7.771314e-03,1.524126e-02,3.041941e-02,3.599762e-03,5.427663e-03,3.247901e-02,4.991689e-01,1.626688e-03,2.358287e-02
1.475390e-01,2.057070e-02,1.234571e-01,6.970446e-02,5.677589e-02,1.899549e-02,8.302952e-03,5.889427e-02,2.487599e-02,2.758435e-03,4.389456e-03,2.364631e-02,4.147936e-01,1.866483e-03,2.342985e-02
1.817332e-01,1.729238e-02,1.754286e-01,8.142515e-02,5.425590e-02,1.772275e-02,8.394780e-03,5.877530e-02,2.090303e-02,2.603016e-03,3.958107e-03,1.846231e-02,3.375613e-01,1.791943e-03,1.969227e-02
1.762852e-01,1.715170e-02,2.087057e-01,1.213558e-01,4.697293e-02,1.667622e-02,7.618416e-03,6.697920e-02,1.993427e-02,2.868521e-03,3.997415e-03,1.432632e-02,2.783962e-01,1.630545e-03,1.710152e-02
1.779727e-01,1.572170e-02,1.675271e-01,1.070106e-01,4.877875e-02,1.393033e-02,6.297242e-03,1.906900e-01,1.753990e-02,2.409936e-03,3.854943e-03,1.083267e-02,2.215380e-01,1.412719e-03,1.448343e-02
1.489828e-01,1.353609e-02,1.386025e-01,1.329020e-01,4.312474e-02,1.171270e-02,5.069301e-03,3.009858e-01,1.433096e-02,2.592619e-03,3.358242e-03,8.764612e-03,1.623334e-01,1.594746e-03,1.210960e-02
1.197885e-01,9.711407e-03,9.866804e-02,9.659515e-02,5.249864e-02,8.893611e-03,3.754869e-03,4.643928e-01,1.104184e-02,1.828732e-03,2.428177e-03,6.180806e-03,1.144608e-01,1.146350e-03,8.610327e-03
9.363305e-02,6.864048e-03,6.983828e-02,6.811278e-02,4.316625e-02,6.982196e-03,2.771199e-03,6.055387e-01,7.903884e-03,1.302162e-03,1.788499e-03,4.449314e-03,8.073811e-02,8.276177e-04,6.083876e-03
7.975047e-02,5.046984e-03,5.010748e-02,4.851785e-02,3.153619e-02,5.798226e-03,2.087995e-03,7.030177e-01,5.756094e-03,1.015121e-03,1.497365e-03,3.396336e-03,5.736586e-02,6.549298e-04,4.451402e-03
1.034739e-01,4.064868e-03,3.665968e-02,3.693143e-02,2.334301e-02,5.380471e-03,1.551209e-03,7.259676e-01,4.650879e-03,1.104886e-03,2.818066e-03,7.755204e-03,4.188549e-02,8.432430e-04,3.570083e-03
1.137473e-01,4.062187e-03,2.696646e-02,3.405467e-02,1.771092e-02,5.729746e-03,1.285705e-03,6.601393e-01,1.001875e-02,1.745869e-03,1.241746e-02,1.921191e-02,8.216617e-02,4.253160e-03,6.490319e-03
1.295884e-01,3.769964e-03,2.115369e-02,2.829520e-02,1.653716e-02,7.229946e-03,1.198196e-03,6.853217e-01,8.127547e-03,1.386202e-03,1.004640e-02,1.575224e-02,6.257082e-02,3.683597e-03,5.338857e-03
1.409390e-01,4.073569e-03,1.696312e-02,2.758134e-02,1.395655e-02,1.337510e-02,1.960036e-03,5.319459e-01,1.045484e-02,1.145213e-03,1.101503e-02,6.164335e-02,1.558401e-01,3.700858e-03,5.405983e-03
1.077268e-01,4.021706e-03,1.304832e-02,2.127359e-02,1.049719e-02,1.422798e-02,2.043330e-03,3.766125e-01,1.090525e-02,1.597157e-03,1.457945e-02,2.036762e-01,2.114836e-01,3.543004e-03,4.763895e-03
9.592088e-02,3.933361e-03,9.767816e-03,1.683471e-02,8.270860e-03,2.101796e-02,1.948501e-03,2.717696e-01,1.289523e-02,2.547384e-03,1.591754e-02,3.700383e-01,1.596668e-01,2.996162e-03,6.474893e-03
9.317632e-02,3.385885e-03,7.417369e-03,1.196431e-02,6.197017e-03,1.781958e-02,2.121886e-03,1.908499e-01,1.282153e-02,1.038807e-02,1.696777e-02,4.960454e-01,1.218368e-01,3.423062e-03,5.585127e-03
7.509477e-02,2.978125e-03,5.373646e-03,8.460821e-03,5.245253e-03,1.388565e-02,1.839414e-03,1.342525e-01,1.165429e-02,1.200333e-02,1.502078e-02,6.153208e-01,9.113221e-02,3.497886e-03,4.240528e-03
6.635567e-02,2.482829e-03,3.999258e-03,6.023389e-03,4.510862e-03,1.091262e-02,1.633849e-03,9.420391e-02,1.021293e-02,1.411851e-02,1.424494e-02,6.954851e-01,6.792884e-02,4.570694e-03,3.316571e-03
5.614635e-02,2.045139e-03,2.940714e-03,4.346143e-03,4.017357e-03,1.253527e-02,1.443773e-03,6.621198e-02,8.198726e-03,1.529119e-02,1.578632e-02,7.551928e-01,4.874967e-02,4.470150e-03,2.624473e-03
4.782382e-02,2.032180e-03,2.328642e-03,3.203667e-03,3.677843e-03,1.023544e-02,1.123420e-03,4.701123e-02,6.930566e-03,1.354940e-02,1.454131e-02,8.075927e-01,3.455153e-02,3.458016e-03,1.940214e-03
4.006179e-02,2.180697e-03,1.861903e-03,2.410936e-03,4.993645e-03,8.498701e-03,8.888294e-04,3.330968e-02,6.233309e-03,1.338429e-02,1.830947e-02,8.389137e-01,2.434818e-02,3.094501e-03,1.510389e-03
3.344869e-02,1.920729e-03,1.400509e-03,1.812764e-03,5.755438e-03,7.348874e-03,6.935053e-04,2.361724e-02,5.131719e-03,1.205910e-02,1.600804e-02,8.695495e-01,1.720062e-02,2.908460e-03,1.144888e-03
2.806423e-02,1.458737e-03,1.058603e-03,1.473011e-03,5.091242e-03,5.831542e-03,5.064851e-04,1.679913e-02,3.992305e-03,1.306633e-02,2.261154e-02,8.840238e-01,1.224538e-02,2.927060e-03,8.506098e-04
2.449012e-02,1.771026e-03,1.015863e-03,1.115886e-03,4.725533e-03,4.788568e-03,3.637860e-04,1.198105e-02,3.161762e-03,1.390330e-02,4.931713e-02,8.713170e-01,8.687055e-03,2.649310e-03,7.125798e-04
2.263440e-02,1.494632e-03,8.852048e-04,9.444676e-04,4.080178e-03,4.412651e-03,2.835419e-04,8.741489e-03,2.501133e-03,1.179754e-02,4.052292e-02,8.923976e-01,6.220961e-03,2.488397e-03,5.949016e-04
2.067012e-02,2.769017e-03,1.754630e-03,1.112084e-03,8.178694e-03,4.451972e-03,2.313473e-04,7.512893e-03,2.945847e-03,9.850539e-03,5.513301e-02,8.776468e-01,4.493346e-03,2.510337e-03,7.393966e-04
1.593370e-02,2.418488e-03,1.732587e-03,1.110819e-03,1.389801e-02,4.022371e-03,2.610382e-04,1.010985e-02,5.115799e-03,7.431729e-03,4.295263e-02,8.888973e-01,3.298559e-03,2.238378e-03,5.787796e-04
1.326367e-02,3.990203e-03,6.091408e-03,4.364914e-03,4.547162e-02,9.772677e-03,1.484195e-03,9.190667e-02,2.403948e-02,5.578409e-03,3.491674e-02,7.538517e-01,2.486838e-03,2.283972e-03,4.974862e-04
1.203040e-02,3.716082e-03,8.896393e-03,7.181395e-03,6.882528e-02,8.761763e-03,1.557498e-03,1.933645e-01,4.337671e-02,4.109111e-03,3.051066e-02,6.128691e-01,2.167981e-03,2.091994e-03,5.411430e-04
1.065627e-02,4.521749e-03,7.986747e-03,8.237034e-03,1.014207e-01,7.760129e-03,2.113163e-03,2.080234e-01,1.115849e-01,3.129642e-03,2.544700e-02,5.042037e-01,1.893127e-03,2.368745e-03,6.536385e-04
9.644531e-03,5.241070e-03,1.219524e-02,2.309631e-02,1.108166e-01,7.798744e-03,1.603887e-03,1.740250e-01,2.489494e-01,2.880255e-03,2.065510e-02,3.774767e-01,1.784076e-03,2.105066e-03,1.728121e-03
1.147957e-02,6.304626e-03,1.380219e-02,2.115205e-02,1.250246e-01,1.361445e-02,1.384243e-03,1.371958e-01,3.245690e-01,3.615216e-03,2.692423e-02,3.031832e-01,2.283848e-03,4.898224e-03,4.568692e-03
2.168827e-02,5.135892e-03,1.508877e-02,2.641155e-02,2.210965e-01,1.075909e-02,1.099446e-03,1.432928e-01,3.049404e-01,3.020295e-03,2.090843e-02,2.162402e-01,2.984413e-03,3.679074e-03,3.654946e-03
3.475820e-02,5.695244e-03,3.163390e-02,8.604509e-02,2.142887e-01,1.008615e-02,1.024151e-03,1.354601e-01,2.848324e-01,2.933733e-03,2.385543e-02,1.588662e-01,3.089359e-03,3.331940e-03,4.099490e-03
5.566628e-02,7.071570e-03,4.471394e-02,8.805315e-02,2.247109e-01,1.374783e-02,1.120211e-03,1.006131e-01,3.085802e-01,3.256757e-03,2.735768e-02,1.150301e-01,2.536316e-03,3.603200e-03,3.938878e-03
7.235843e-02,1.105584e-02,4.827661e-02,8.811606e-02,2.435857e-01,1.486006e-02,1.360299e-03,9.536296e-02,2.864726e-01,2.720129e-03,3.655075e-02,8.539520e-02,3.414860e-03,6.925560e-03,3.545087e-03
8.715788e-02,1.151228e-02,3.734591e-02,8.896025e-02,2.164280e-01,2.017823e-02,1.269091e-03,8.212136e-02,3.263018e-01,2.549127e-03,4.104007e-02,6.386662e-02,3.084501e-03,1.505797e-02,3.126981e-03
1.389995e-01,1.299316e-02,3.021457e-02,8.790517e-02,2.225869e-01,2.575396e-02,1.393529e-03,6.843738e-02,2.888227e-01,2.770079e-03,4.125853e-02,5.477971e-02,3.972458e-03,1.584345e-02,4.268906e-03
2.061743e-01,1.685756e-02,2.618448e-02,7.177799e-02,1.866124e-01,3.891397e-02,1.872355e-03,5.173806e-02,2.928245e-01,2.500200e-03,3.970985e-02,4.142683e-02,3.944744e-03,1.517423e-02,4.288553e-03
2.710047e-01,1.817995e-02,3.105098e-02,6.343669e-02,1.476020e-01,4.820803e-02,3.343266e-03,4.505955e-02,2.726810e-01,2.621055e-03,3.515118e-02,3.470594e-02,5.368556e-03,1.599245e-02,5.594643e-03
3.054522e-01,1.464631e-02,2.801123e-02,5.006249e-02,1.147284e-01,4.379631e-02,3.351119e-03,3.424301e-02,3.144145e-01,2.838626e-03,3.217233e-02,2.674676e-02,6.390942e-03,1.653123e-02,6.614546e-03
3.693967e-01,1.238910e-02,2.502269e-02,4.004186e-02,8.973474e-02,3.664271e-02,3.147318e-03,2.624006e-02,3.101990e-01,2.807179e-03,2.767943e-02,2.238412e-02,6.215555e-03,1.871407e-02,9.385394e-03
3.310499e-01,1.424600e-02,2.541623e-02,6.122347e-02,6.492180e-02,2.993053e-02,3.752769e-03,2.470607e-02,3.486444e-01,3.982967e-03,2.283581e-02,2.356648e-02,1.740713e-02,1.395414e-02,1.436228e-02
3.847721e-01,1.273113e-02,4.523565e-02,5.830015e-02,4.772117e-02,2.672905e-02,3.644905e-03,2.152849e-02,2.882245e-01,4.507494e-03,2.017171e-02,3.537030e-02,2.205547e-02,1.240157e-02,1.660636e-02
3.799377e-01,1.196886e-02,4.164099e-02,5.580200e-02,3.555425e-02,2.720567e-02,3.603583e-03,2.088989e-02,2.883455e-01,4.598531e-03,3.056018e-02,3.235254e-02,2.942464e-02,1.275757e-02,2.535808e-02
3.851028e-01,9.369706e-03,3.090218e-02,4.188166e-02,3.012609e-02,2.181873e-02,3.235086e-03,1.862185e-02,3.387951e-01,3.572992e-03,2.935676e-02,2.470334e-02,3.015845e-02,1.076177e-02,2.159349e-02
3.878582e-01,7.406757e-03,2.276518e-02,3.136213e-02,2.479323e-02,1.767541e-02,2.872899e-03,1.456825e-02,3.811735e-01,3.190291e-03,3.090952e-02,2.020895e-02,2.816845e-02,8.678067e-03,1.836924e-02
3.628242e-01,6.268927e-03,1.716999e-02,2.389739e-02,2.993186e-02,1.558924e-02,2.499175e-03,1.249403e-02,4.203850e-01,3.168816e-03,2.984513e-02,1.834448e-02,3.100649e-02,8.241413e-03,1.833391e-02
2.985733e-01,4.708518e-03,1.285903e-02,1.746006e-02,3.964321e-02,1.434898e-02,2.337793e-03,1.174361e-02,4.794441e-01,2.799876e-03,3.257869e-02,1.851788e-02,4.191320e-02,6.965541e-03,1.610616e-02
2.182965e-01,3.537557e-03,1.584241e-02,1.280443e-02,4.588269e-02,1.097603e-02,1.981506e-03,1.247425e-02,5.539627e-01,2.758516e-03,3.148545e-02,1.348018e-02,5.182179e-02,7.253564e-03,1.744244e-02
1.533538e-01,2.803517e-03,1.396301e-02,9.309711e-03,7.500568e-02,8.159231e-03,1.522179e-03,9.162459e-03,4.542310e-01,4.629533e-03,4.546077e-02,9.880334e-03,1.332901e-01,2.324195e-02,5.598677e-02
1.074671e-01,2.058687e-03,1.008931e-02,6.639672e-03,7.781582e-02,6.113419e-03,1.117689e-03,7.070045e-03,3.335771e-01,6.233593e-03,6.085321e-02,7.140919e-03,1.592928e-01,2.159534e-02,1.929353e-01
7.526083e-02,1.768453e-03,7.235146e-03,4.733779e-03,1.016380e-01,4.613539e-03,8.607276e-04,6.318832e-03,2.583516e-01,1.040516e-02,7.103965e-02,5.249699e-03,1.375423e-01,2.261822e-02,2.923641e-01
5.273929e-02,1.643079e-03,5.510008e-03,3.638710e-03,7.738718e-02,3.446321e-03,6.491371e-04,5.151239e-03,2.332480e-01,9.127716e-03,1.536354e-01,6.478861e-03,1.093839e-01,5.666456e-02,2.812967e-01
3.694547e-02,1.453836e-03,4.319759e-03,2.617223e-03,6.184504e-02,2.627467e-03,4.725159e-04,4.445737e-03,1.799371e-01,7.735800e-03,2.673523e-01,6.315987e-03,8.934252e-02,7.308885e-02,2.615005e-01
2.595043e-02,1.216432e-03,3.224635e-03,1.873437e-03,4.861582e-02,1.998234e-03,3.499564e-04,3.530440e-03,1.294805e-01,7.482286e-03,3.624673e-01,6.550265e-03,6.824625e-02,1.015322e-01,2.374818e-01
1.838207e-02,9.258735e-04,2.325715e-03,1.354786e-03,3.584039e-02,1.710321e-03,2.760801e-04,2.811395e-03,9.280381e-02,6.551758e-03,4.527315e-01,8.237313e-03,5.138760e-02,9.495515e-02,2.297062e-01
1.407920e-02,1.534608e-03,2.276253e-03,1.380057e-03,2.870948e-02,1.486838e-03,2.723299e-04,2.309472e-03,7.092530e-02,7.308706e-03,5.541117e-01,1.620866e-02,4.820410e-02,8.443183e-02,1.667615e-01
1.012013e-02,1.144124e-03,2.169780e-03,1.167449e-03,2.346414e-02,1.466201e-03,4.797956e-04,3.007915e-03,5.045645e-02,8.693557e-03,6.200360e-01,2.752440e-02,4.446352e-02,7.021505e-02,1.355915e-01
7.243652e-03,8.536888e-04,1.779452e-03,9.857905e-04,1.819677e-02,1.388833e-03,4.750309e-04,2.938192e-03,3.588850e-02,7.922705e-03,6.494288e-01,4.824603e-02,4.212434e-02,7.054493e-02,1.119833e-01
5.415282e-03,8.089582e-04,2.105791e-03,9.272738e-04,2.197577e-02,1.696448e-03,1.062235e-03,2.438608e-03,3.658268e-02,6.803001e-03,6.340214e-01,8.224818e-02,3.856189e-02,5.917049e-02,1.061820e-01
4.050808e-03,9.056014e-04,2.531286e-03,8.468142e-04,3.190364e-02,2.649023e-03,2.868710e-03,2.949479e-03,3.805358e-02,5.413144e-03,6.440698e-01,9.171279e-02,3.606043e-02,4.735294e-02,8.863194e-02
6.550849e-03,2.997697e-03,1.879122e-02,1.411779e-03,5.765109e-02,6.652527e-03,6.935270e-03,1.085436e-01,4.659242e-02,4.687692e-03,5.171676e-01,8.933325e-02,3.527765e-02,3.491142e-02,6.249598e-02
6.404740e-03,2.445451e-03,1.684801e-02,1.870907e-03,5.818260e-02,5.325071e-03,6.351433e-03,2.856596e-01,4.066521e-02,3.489665e-03,4.091654e-01,6.520080e-02,2.909369e-02,2.549672e-02,4.380072e-02
8.474389e-03,1.851419e-03,1.935418e-02,9.216947e-03,6.103317e-02,4.611214e-03,5.047387e-03,4.207807e-01,3.768611e-02,2.785324e-03,3.092391e-01,4.720326e-02,2.305224e-02,1.898437e-02,3.068022e-02
1.040048e-02,1.416558e-03,1.450095e-02,2.600869e-02,1.186213e-01,3.926305e-03,4.663909e-03,4.580627e-01,4.851816e-02,2.152935e-03,2.223562e-01,3.398158e-02,2.014251e-02,1.375658e-02,2.149116e-02
1.268517e-02,1.183698e-03,1.115592e-02,3.142496e-02,1.539489e-01,3.729296e-03,4.907709e-03,5.100753e-01,4.363509e-02,1.655379e-03,1.581990e-01,2.480778e-02,1.760942e-02,9.901297e-03,1.508107e-02
2.823830e-02,1.240271e-03,1.006749e-02,4.640123e-02,2.248737e-01,3.191178e-03,4.699203e-03,4.664342e-01,4.220545e-02,1.689701e-03,1.184844e-01,1.850423e-02,1.561507e-02,7.748778e-03,1.060695e-02
2.968648e-02,1.091627e-03,8.210316e-03,6.211502e-02,1.719270e-01,2.424191e-03,3.600346e-03,5.608889e-01,3.461987e-02,1.293645e-03,8.509329e-02,1.355051e-02,1.244121e-02,5.611538e-03,7.446085e-03
3.102819e-02,8.848964e-04,6.851110e-03,7.538594e-02,1.312122e-01,2.007025e-03,2.823804e-03,6.326090e-01,2.622857e-02,9.508515e-04,6.100359e-02,9.969329e-03,9.830250e-03,3.990128e-03,5.225142e-03
3.060017e-02,6.527565e-04,4.955600e-03,5.911727e-02,1.070552e-01,1.604783e-03,2.054858e-03,7.105595e-01,1.893613e-02,6.724173e-04,4.306119e-02,7.049205e-03,7.221048e-03,2.798236e-03,3.661673e-03
3.488015e-02,4.995022e-04,3.570592e-03,4.349075e-02,8.689598e-02,1.892048e-03,1.535007e-03,7.679814e-01,1.349607e-02,4.749110e-04,3.031790e-02,5.048516e-03,5.377872e-03,1.963647e-03,2.575586e-03
5.007743e-02,4.082227e-04,2.578300e-03,3.080131e-02,6.480969e-02,1.200662e-02,1.790994e-03,7.926496e-01,9.525330e-03,3.412045e-04,2.146794e-02,4.146337e-03,6.134491e-03,1.404737e-03,1.857815e-03
4.493155e-02,3.112351e-04,1.900164e-03,2.183775e-02,4.773086e-02,4.773173e-02,2.245701e-03,7.994595e-01,6.704078e-03,2.447867e-04,1.514117e-02,3.105552e-03,6.337493e-03,9.975855e-04,1.320821e-03
5.160619e-02,3.032941e-04,1.495451e-03,1.573897e-02,3.589075e-02,1.109911e-01,3.310344e-03,7.482445e-01,4.767633e-03,1.761882e-04,1.075480e-02,2.732832e-03,1.224982e-02,7.263121e-04,1.011810e-03
4.546460e-02,2.923664e-04,1.112756e-03,1.436763e-02,2.591818e-02,8.220305e-02,3.449140e-03,6.061791e-01,3.801757e-03,3.453281e-04,1.845964e-02,4.137595e-02,1.548173e-01,1.322230e-03,8.909755e-04
3.285032e-02,2.330454e-04,8.117877e-04,1.054440e-02,1.846819e-02,5.820869e-02,2.556377e-03,4.329817e-01,2.882028e-03,1.249785e-03,3.948282e-02,3.905542e-02,3.571953e-01,1.167892e-03,2.312266e-03
2.344478e-02,2.376676e-04,8.455281e-04,7.898311e-03,1.539578e-02,4.094259e-02,1.828160e-03,3.064006e-01,3.537876e-03,1.849254e-03,5.841264e-02,4.553286e-02,4.901832e-01,1.246614e-03,2.244215e-03
1.697202e-02,3.488247e-04,1.636774e-03,9.279339e-03,2.888413e-02,2.930922e-02,1.337327e-03,2.344482e-01,1.973842e-02,3.038587e-03,5.610656e-02,4.537038e-02,5.499162e-01,1.235897e-03,2.378187e-03
1.572734e-02,1.775247e-03,2.741218e-03,3.007834e-02,5.535506e-02,2.353802e-02,1.143755e-03,1.860757e-01,7.245009e-02,3.972201e-03,5.963595e-02,4.423472e-02,4.930567e-01,3.136367e-03,7.079285e-03
2.053659e-02,7.065397e-03,1.107057e-02,8.739326e-02,4.246562e-02,2.050005e-02,9.093665e-04,1.377646e-01,1.114519e-01,7.077422e-03,8.052736e-02,4.866473e-02,4.087977e-01,5.617411e-03,1.015805e-02
9.308061e-02,9.185995e-03,2.435843e-02,8.481309e-02,5.951245e-02,1.734705e-02,9.498454e-04,1.038953e-01,1.318495e-01,7.129437e-03,9.216748e-02,4.751727e-02,3.071053e-01,9.568284e-03,1.152001e-02
9.007862e-02,1.428123e-02,3.808089e-02,7.130992e-02,1.267358e-01,2.257513e-02,2.556037e-03,9.380125e-02,1.477308e-01,5.998104e-03,8.588133e-02,4.011984e-02,2.389581e-01,1.143570e-02,1.045729e-02
8.854263e-02,1.782756e-02,3.994408e-02,7.653768e-02,1.097631e-01,2.005319e-02,2.687414e-03,1.010703e-01,2.012066e-01,6.815698e-03,9.004208e-02,3.267919e-02,1.800208e-01,2.076542e-02,1.204426e-02
9.682937e-02,1.836260e-02,3.850978e-02,7.604881e-02,9.779853e-02,1.905080e-02,2.771249e-03,9.163231e-02,2.430556e-01,6.923337e-03,8.428035e-02,2.482840e-02,1.341593e-01,4.708756e-02,1.866207e-02
7.091694e-02,1.542138e-02,3.188923e-02,5.539453e-02,8.206169e-02,1.441513e-02,2.052015e-03,7.553431e-02,3.327594e-01,5.859608e-03,7.978678e-02,1.893402e-02,1.006211e-01,9.249704e-02,2.185682e-02
5.179935e-02,1.326115e-02,2.578303e-02,3.904243e-02,9.954780e-02,1.174997e-02,1.508462e-03,5.402401e-02,3.763838e-01,4.679088e-03,7.018772e-02,1.339290e-02,7.210039e-02,1.387340e-01,2.780585e-02
5.449896e-02,1.876119e-02,5.602726e-02,3.764137e-02,7.901410e-02,1.142530e-02,1.245417e-03,3.881103e-02,3.973505e-01,5.279769e-03,5.555292e-02,9.652636e-03,5.154381e-02,1.356984e-01,4.749729e-02
6.567160e-02,1.685434e-02,4.542544e-02,2.842181e-02,5.692618e-02,1.537881e-02,1.099666e-03,2.824557e-02,4.038134e-01,4.242282e-03,4.037440e-02,6.937648e-03,3.746566e-02,1.922565e-01,5.688673e-02
7.996337e-02,1.753357e-02,3.558588e-02,2.301424e-02,5.046630e-02,1.407293e-02,9.216812e-04,2.167749e-02,3.848972e-01,3.169800e-03,2.990935e-02,5.033963e-03,2.712873e-02,2.540883e-01,5.253721e-02
7.154424e-02,3.234610e-02,4.724059e-02,2.739433e-02,4.454075e-02,1.258511e-02,9.188303e-04,2.070084e-02,4.086082e-01,2.831881e-03,2.259276e-02,3.745025e-03,1.987253e-02,2.302898e-01,5.478900e-02
6.730783e-02,2.647376e-02,3.673682e-02,1.984420e-02,4.438756e-02,1.074567e-02,6.859867e-04,1.797114e-02,4.086264e-01,2.330601e-03,1.831241e-02,2.819648e-03,1.430904e-02,2.481070e-01,8.134197e-02
6.911308e-02,3.826582e-02,3.288287e-02,6.229508e-02,6.035653e-02,9.683183e-03,6.301452e-04,1.550456e-02,3.993520e-01,2.078324e-03,1.438590e-02,3.162792e-03,1.083031e-02,2.083071e-01,7.315232e-02
1.175911e-01,2.949901e-02,2.407533e-02,4.928064e-02,6.419375e-02,7.937861e-03,5.733677e-04,1.207166e-02,3.783647e-01,1.946563e-03,1.263089e-02,3.351124e-03,8.433745e-03,2.270940e-01,6.295619e-02
1.903621e-01,2.409386e-02,1.907390e-02,6.819476e-02,5.551676e-02,7.572529e-03,6.041606e-04,9.707996e-03,3.438241e-01,1.919051e-03,1.238913e-02,5.295447e-03,6.657388e-03,2.036115e-01,5.117731e-02
1.728461e-01,1.913422e-02,2.262594e-02,5.118980e-02,6.183892e-02,6.055792e-03,5.019942e-04,7.379044e-03,3.313953e-01,1.699897e-03,1.089480e-02,4.108867e-03,5.138397e-03,1.827506e-01,1.224404e-01
1.911669e-01,2.310899e-02,1.885553e-02,6.235502e-02,6.415104e-02,7.433840e-03,7.403404e-04,8.723892e-03,2.822640e-01,1.440597e-03,8.922121e-03,4.710617e-03,4.590066e-03,1.341746e-01,1.873626e-01
1.652413e-01,4.044429e-02,1.514528e-02,1.177923e-01,6.573622e-02,9.525695e-03,7.545738e-04,7.393383e-03,2.797453e-01,2.819123e-03,2.927416e-02,2.058304e-02,5.878026e-03,9.792973e-02,1.417376e-01
1.193809e-01,5.276669e-02,1.908866e-02,1.246833e-01,4.804382e-02,6.962439e-03,5.514764e-04,5.442403e-03,3.372238e-01,2.651477e-03,7.731819e-02,2.434891e-02,6.302997e-03,6.949100e-02,1.057439e-01
8.749842e-02,4.443350e-02,1.834550e-02,1.046602e-01,3.389901e-02,5.319393e-03,4.040631e-04,3.982510e-03,3.301982e-01,2.047466e-03,1.849447e-01,5.000541e-02,5.505632e-03,5.087259e-02,7.788333e-02
6.153002e-02,3.147503e-02,1.307317e-02,7.374979e-02,2.389796e-02,4.024315e-03,2.853421e-04,2.804647e-03,2.329815e-01,1.472268e-03,4.041395e-01,5.520584e-02,4.335731e-03,3.625701e-02,5.476789e-02
4.326147e-02,2.212385e-02,9.298627e-03,5.211412e-02,1.715608e-02,2.992077e-03,2.081263e-04,1.983439e-03,1.650129e-01,1.085078e-03,3.907635e-01,2.258263e-01,3.487622e-03,2.622084e-02,3.846602e-02
3.042151e-02,1.571636e-02,6.724643e-03,3.673936e-02,2.279200e-02,4.045007e-03,1.681128e-04,1.404884e-03,1.166577e-01,8.299685e-04,3.048694e-01,4.105706e-01,2.824206e-03,1.921829e-02,2.701794e-02
2.135827e-02,1.103342e-02,4.741246e-03,2.578136e-02,1.697903e-02,5.246583e-03,1.884855e-04,1.019352e-03,8.215349e-02,6.863183e-04,2.780308e-01,5.175350e-01,2.533861e-03,1.378869e-02,1.892406e-02
1.500001e-02,7.752880e-03,3.344612e-03,1.810487e-02,1.221258e-02,2.036321e-02,2.279373e-04,7.368618e-04,5.762737e-02,5.299016e-04,3.345561e-01,5.035825e-01,2.948167e-03,9.741762e-03,1.327119e-02
1.094296e-02,5.587209e-03,2.591468e-03,1.297377e-02,1.770362e-02,1.940834e-02,4.601628e-04,8.781138e-04,4.122030e-02,4.422270e-04,4.548876e-01,4.131140e-01,3.454002e-03,7.018301e-03,9.317860e-03
7.816519e-03,3.949758e-03,1.860272e-03,9.170639e-03,1.531871e-02,1.848422e-02,3.454699e-04,6.828660e-04,2.911464e-02,4.081933e-04,3.895647e-01,5.073082e-01,4.285415e-03,5.149052e-03,6.541356e-03
6.495025e-03,3.071754e-03,2.057561e-03,6.916903e-03,3.339311e-02,1.606516e-02,5.975656e-04,1.018690e-03,2.302215e-02,3.951088e-04,3.181988e-01,5.746734e-01,5.626246e-03,3.814304e-03,4.654279e-03
5.252144e-03,2.840876e-03,1.057445e-02,5.668803e-03,4.782964e-02,1.821761e-02,1.518639e-03,1.766460e-03,2.117019e-02,7.764752e-04,3.688049e-01,4.941019e-01,1.486837e-02,3.145400e-03,3.464107e-03
4.186939e-03,2.767110e-03,1.719921e-02,4.646106e-03,5.693459e-02,1.848737e-02,1.853478e-03,2.426063e-03,1.848470e-02,1.182029e-03,3.975751e-01,4.476401e-01,2.081495e-02,3.143726e-03,2.658608e-03
4.748154e-03,3.088860e-03,1.820850e-02,3.815974e-03,6.788308e-02,2.941179e-02,1.847543e-03,9.797260e-03,2.213946e-02,3.181835e-03,3.343049e-01,4.754637e-01,1.930965e-02,4.778230e-03,2.021074e-03
4.482862e-03,3.241760e-03,2.138623e-02,3.351515e-03,1.558734e-01,2.198590e-02,1.801519e-03,2.833169e-02,6.480135e-02,2.801110e-03,2.591989e-01,4.084481e-01,1.863538e-02,4.166594e-03,1.493820e-03
