1.000000e+00,0.000000e+00,0.000000e+00,0.000000e+00,0.000000e+00,0.000000e+00,0.000000e+00,0.000000e+00,0.000000e+00,0.000000e+00,0.000000e+00,0.000000e+00,0.000000e+00,0.000000e+00,0.000000e+00
1.000000e+00,0.000000e+00,0.000000e+00,0.000000e+00,0.000000e+00,0.000000e+00,0.000000e+00,0.000000e+00,0.000000e+00,0.000000e+00,0.000000e+00,0.000000e+00,0.000000e+00,0.000000e+00,0.000000e+00
1.000000e+00,0.000000e+00,0.000000e+00,0.000000e+00,0.000000e+00,0.000000e+00,0.000000e+00,0.000000e+00,0.000000e+00,0.000000e+00,0.000000e+00,0.000000e+00,0.000000e+00,0.000000e+00,0.000000e+00
1.000000e+00,0.000000e+00,0.000000e+00,0.000000e+00,0.000000e+00,0.000000e+00,0.000000e+00,0.000000e+00,0.000000e+00,0.000000e+00,0.000000e+00,0.000000e+00,0.000000e+00,0.000000e+00,0.000000e+00
1.000000e+00,0.000000e+00,0.000000e+00,0.000000e+00,0.000000e+00,0.000000e+00,0.000000e+00,0.000000e+00,0.000000e+00,0.000000e+00,0.000000e+00,0.000000e+00,0.000000e+00,0.000000e+00,0.000000e+00
1.000000e+00,0.000000e+00,0.000000e+00,0.000000e+00,0.000000e+00,0.000000e+00,0.000000e+00,0.000000e+00,0.000000e+00,0.000000e+00,0.000000e+00,0.000000e+00,0.000000e+00,0.000000e+00,0.000000e+00
1.000000e+00,0.000000e+00,0.000000e+00,0.000000e+00,0.000000e+00,0.000000e+00,0.000000e+00,0.000000e+00,0.000000e+00,0.000000e+00,0.000000e+00,0.000000e+00,0.000000e+00,0.000000e+00,0.000000e+00
1.000000e+00,0.000000e+00,0.000000e+00,0.000000e+00,0.000000e+00,0.000000e+00,0.000000e+00,0.000000e+00,0.000000e+00,0.000000e+00,0.000000e+00,0.000000e+00,0.000000e+00,0.000000e+00,0.000000e+00
1.000000e+00,0.000000e+00,0.000000e+00,0.000000e+00,0.000000e+00,0.000000e+00,0.000000e+00,0.000000e+00,0.000000e+00,0.000000e+00,0.000000e+00,0.000000e+00,0.000000e+00,0.000000e+00,0.000000e+00
1.000000e+00,0.000000e+00,0.000000e+00,0.000000e+00,0.000000e+00,0.000000e+00,0.000000e+00,0.000000e+00,0.000000e+00,0.000000e+00,0.000000e+00,0.000000e+00,0.000000e+00,0.000000e+00,0.000000e+00
1.000000e+00,0.000000e+00,0.000000e+00,0.000000e+00,0.000000e+00,0.000000e+00,0.000000e+00,0.000000e+00,0.000000e+00,0.000000e+00,0.000000e+00,0.000000e+00,0.000000e+00,0.000000e+00,0.000000e+00
1.000000e+00,0.000000e+00,0.000000e+00,0.000000e+00,0.000000e+00,0.000000e+00,0.000000e+00,0.000000e+00,0.000000e+00,0.000000e+00,0.000000e+00,0.000000e+00,0.000000e+00,0.000000e+00,0.000000e+00
1.000000e+00,0.000000e+00,0.000000e+00,0.000000e+00,0.000000e+00,0.000000e+00,0.000000e+00,0.000000e+00,0.000000e+00,0.000000e+00,0.000000e+00,0.000000e+00,0.000000e+00,0.000000e+00,0.000000e+00
1.000000e+00,0.000000e+00,0.000000e+00,0.000000e+00,0.000000e+00,0.000000e+00,0.000000e+00,0.000000e+00,0.000000e+00,0.000000e+00,0.000000e+00,0.000000e+00,0.000000e+00,0.000000e+00,0.000000e+00
1.000000e+00,0.000000e+00,0.000000e+00,0.000000e+00,0.000000e+00,0.000000e+00,0.000000e+00,0.000000e+00,0.000000e+00,0.000000e+00,0.000000e+00,0.000000e+00,0.000000e+00,0.000000e+00,0.000000e+00
1.000000e+00,0.000000e+00,0.000000e+00,0.000000e+00,0.000000e+00,0.000000e+00,0.000000e+00,0.000000e+00,0.000000e+00,0.000000e+00,0.000000e+00,0.000000e+00,0.000000e+00,0.000000e+00,0.000000e+00
1.000000e+00,0.000000e+00,0.000000e+00,0.000000e+00,0.000000e+00,0.000000e+00,0.000000e+00,0.000000e+00,0.000000e+00,0.000000e+00,0.000000e+00,0.000000e+00,0.000000e+00,0.000000e+00,0.000000e+00
1.000000e+00,0.000000e+00,0.000000e+00,0.000000e+00,0.000000e+00,0.000000e+00,0.000000e+00,0.000000e+00,0.000000e+00,0.000000e+00,0.000000e+00,0.000000e+00,0.000000e+00,0.000000e+00,0.000000e+00
1.000000e+00,0.000000e+00,0.000000e+00,0.000000e+00,0.000000e+00,0.000000e+00,0.000000e+00,0.000000e+00,0.000000e+00,0.000000e+00,0.000000e+00,0.000000e+00,0.000000e+00,0.000000e+00,0.000000e+00
1.000000e+00,0.000000e+00,0.000000e+00,0.000000e+00,0.000000e+00,0.000000e+00,0.000000e+00,0.000000e+00,0.000000e+00,0.000000e+00,0.000000e+00,0.000000e+00,0.000000e+00,0.000000e+00,0.000000e+00
1.000000e+00,0.000000e+00,0.000000e+00,0.000000e+00,0.000000e+00,0.000000e+00,0.000000e+00,0.000000e+00,0.000000e+00,0.000000e+00,0.000000e+00,0.000000e+00,0.000000e+00,0.000000e+00,0.000000e+00
1.000000e+00,0.000000e+00,0.000000e+00,0.000000e+00,0.000000e+00,0.000000e+00,0.000000e+00,0.000000e+00,0.000000e+00,0.000000e+00,0.000000e+00,0.000000e+00,0.000000e+00,0.000000e+00,0.000000e+00
1.000000e+00,0.000000e+00,0.000000e+00,0.000000e+00,0.000000e+00,0.000000e+00,0.000000e+00,0.000000e+00,0.000000e+00,0.000000e+00,0.000000e+00,0.000000e+00,0.000000e+00,0.000000e+00,0.000000e+00
1.000000e+00,0.000000e+00,0.000000e+00,0.000000e+00,0.000000e+00,0.000000e+00,0.000000e+00,0.000000e+00,0.000000e+00,0.000000e+00,0.000000e+00,0.000000e+00,0.000000e+00,0.000000e+00,0.000000e+00
1.000000e+00,0.000000e+00,0.000000e+00,0.000000e+00,0.000000e+00,0.000000e+00,0.000000e+00,0.000000e+00,0.000000e+00,0.000000e+00,0.000000e+00,0.000000e+00,0.000000e+00,0.000000e+00,0.000000e+00
1.000000e+00,0.000000e+00,0.000000e+00,0.000000e+00,0.000000e+00,0.000000e+00,0.000000e+00,0.000000e+00,0.000000e+00,0.000000e+00,0.000000e+00,0.000000e+00,0.000000e+00,0.000000e+00,0.000000e+00
1.000000e+00,0.000000e+00,0.000000e+00,0.000000e+00,0.000000e+00,0.000000e+00,0.000000e+00,0.000000e+00,0.000000e+00,0.000000e+00,0.000000e+00,0.000000e+00,0.000000e+00,0.000000e+00,0.000000e+00
1.000000e+00,0.000000e+00,0.000000e+00,0.000000e+00,0.000000e+00,0.000000e+00,0.000000e+00,0.000000e+00,0.000000e+00,0.000000e+00,0.000000e+00,0.000000e+00,0.000000e+00,0.000000e+00,0.000000e+00
1.000000e+00,0.000000e+00,0.000000e+00,0.000000e+00,0.000000e+00,0.000000e+00,0.000000e+00,0.000000e+00,0.000000e+00,0.000000e+00,0.000000e+00,0.000000e+00,0.000000e+00,0.000000e+00,0.000000e+00
1.000000e+00,0.000000e+00,0.000000e+00,0.000000e+00,0.000000e+00,0.000000e+00,0.000000e+00,0.000000e+00,0.000000e+00,0.000000e+00,0.000000e+00,0.000000e+00,0.000000e+00,0.000000e+00,0.000000e+00
1.000000e+00,0.000000e+00,0.000000e+00,0.000000e+00,0.000000e+00,0.000000e+00,0.000000e+00,0.000000e+00,0.000000e+00,0.000000e+00,0.000000e+00,0.000000e+00,0.000000e+00,0.000000e+00,0.000000e+00
1.000000e+00,0.000000e+00,0.000000e+00,0.000000e+00,0.000000e+00,0.000000e+00,0.000000e+00,0.000000e+00,0.000000e+00,0.000000e+00,0.000000e+00,0.000000e+00,0.000000e+00,0.000000e+00,0.000000e+00
1.000000e+00,0.000000e+00,0.000000e+00,0.000000e+00,0.000000e+00,0.000000e+00,0.000000e+00,0.000000e+00,0.000000e+00,0.000000e+00,0.000000e+00,0.000000e+00,0.000000e+00,0.000000e+00,0.000000e+00
1.000000e+00,0.000000e+00,0.000000e+00,0.000000e+00,0.000000e+00,0.000000e+00,0.000000e+00,0.000000e+00,0.000000e+00,0.000000e+00,0.000000e+00,0.000000e+00,0.000000e+00,0.000000e+00,0.000000e+00
1.000000e+00,0.000000e+00,0.000000e+00,0.000000e+00,0.000000e+00,0.000000e+00,0.000000e+00,0.000000e+00,0.000000e+00,0.000000e+00,0.000000e+00,0.000000e+00,0.000000e+00,0.000000e+00,0.000000e+00
1.000000e+00,0.000000e+00,0.000000e+00,0.000000e+00,0.000000e+00,0.000000e+00,0.000000e+00,0.000000e+00,0.000000e+00,0.000000e+00,0.000000e+00,0.000000e+00,0.000000e+00,0.000000e+00,0.000000e+00
1.000000e+00,0.000000e+00,0.000000e+00,0.000000e+00,0.000000e+00,0.000000e+00,0.000000e+00,0.000000e+00,0.000000e+00,0.000000e+00,0.000000e+00,0.000000e+00,0.000000e+00,0.000000e+00,0.000000e+00
1.000000e+00,0.000000e+00,0.000000e+00,0.000000e+00,0.000000e+00,0.000000e+00,0.000000e+00,0.000000e+00,0.000000e+00,0.000000e+00,0.000000e+00,0.000000e+00,0.000000e+00,0.000000e+00,0.000000e+00
1.000000e+00,0.000000e+00,0.000000e+00,0.000000e+00,0.000000e+00,0.000000e+00,0.000000e+00,0.000000e+00,0.000000e+00,0.000000e+00,0.000000e+00,0.000000e+00,0.000000e+00,0.000000e+00,0.000000e+00
1.000000e+00,0.000000e+00,0.000000e+00,0.000000e+00,0.000000e+00,0.000000e+00,0.000000e+00,0.000000e+00,0.000000e+00,0.000000e+00,0.000000e+00,0.000000e+00,0.000000e+00,0.000000e+00,0.000000e+00
1.000000e+00,0.000000e+00,0.000000e+00,0.000000e+00,0.000000e+00,0.000000e+00,0.000000e+00,0.000000e+00,0.000000e+00,0.000000e+00,0.000000e+00,0.000000e+00,0.000000e+00,0.000000e+00,0.000000e+00
1.000000e+00,0.000000e+00,0.000000e+00,0.000000e+00,0.000000e+00,0.000000e+00,0.000000e+00,0.000000e+00,0.000000e+00,0.000000e+00,0.000000e+00,0.000000e+00,0.000000e+00,0.000000e+00,0.000000e+00
1.000000e+00,0.000000e+00,0.000000e+00,0.000000e+00,0.000000e+00,0.000000e+00,0.000000e+00,0.000000e+00,0.000000e+00,0.000000e+00,0.000000e+00,0.000000e+00,0.000000e+00,0.000000e+00,0.000000e+00
1.000000e+00,0.000000e+00,0.000000e+00,0.000000e+00,0.000000e+00,0.000000e+00,0.000000e+00,0.000000e+00,0.000000e+00,0.000000e+00,0.000000e+00,0.000000e+00,0.000000e+00,0.000000e+00,0.000000e+00
1.000000e+00,0.000000e+00,0.000000e+00,0.000000e+00,0.000000e+00,0.000000e+00,0.000000e+00,0.000000e+00,0.000000e+00,0.000000e+00,0.000000e+00,0.000000e+00,0.000000e+00,0.000000e+00,0.000000e+00
1.000000e+00,0.000000e+00,0.000000e+00,0.000000e+00,0.000000e+00,0.000000e+00,0.000000e+00,0.000000e+00,0.000000e+00,0.000000e+00,0.000000e+00,0.000000e+00,0.000000e+00,0.000000e+00,0.000000e+00
1.000000e+00,0.000000e+00,0.000000e+00,0.000000e+00,0.000000e+00,0.000000e+00,0.000000e+00,0.000000e+00,0.000000e+00,0.000000e+00,0.000000e+00,0.000000e+00,0.000000e+00,0.000000e+00,0.000000e+00
1.000000e+00,0.000000e+00,0.000000e+00,0.000000e+00,0.000000e+00,0.000000e+00,0.000000e+00,0.000000e+00,0.000000e+00,0.000000e+00,0.000000e+00,0.000000e+00,0.000000e+00,0.000000e+00,0.000000e+00
1.000000e+00,0.000000e+00,0.000000e+00,0.000000e+00,0.000000e+00,0.000000e+00,0.000000e+00,0.000000e+00,0.000000e+00,0.000000e+00,0.000000e+00,0.000000e+00,0.000000e+00,0.000000e+00,0.000000e+00
1.000000e+00,0.000000e+00,0.000000e+00,0.000000e+00,0.000000e+00,0.000000e+00,0.000000e+00,0.000000e+00,0.000000e+00,0.000000e+00,0.000000e+00,0.000000e+00,0.000000e+00,0.000000e+00,0.000000e+00
1.000000e+00,0.000000e+00,0.000000e+00,0.000000e+00,0.000000e+00,0.000000e+00,0.000000e+00,0.000000e+00,0.000000e+00,0.000000e+00,0.000000e+00,0.000000e+00,0.000000e+00,0.000000e+00,0.000000e+00
1.000000e+00,0.000000e+00,0.000000e+00,0.000000e+00,0.000000e+00,0.000000e+00,0.000000e+00,0.000000e+00,0.000000e+00,0.000000e+00,0.000000e+00,0.000000e+00,0.000000e+00,0.000000e+00,0.000000e+00
1.000000e+00,0.000000e+00,0.000000e+00,0.000000e+00,0.000000e+00,0.000000e+00,0.000000e+00,0.000000e+00,0.000000e+00,0.000000e+00,0.000000e+00,0.000000e+00,0.000000e+00,0.000000e+00,0.000000e+00
1.000000e+00,0.000000e+00,0.000000e+00,0.000000e+00,0.000000e+00,0.000000e+00,0.000000e+00,0.000000e+00,0.000000e+00,0.000000e+00,0.000000e+00,0.000000e+00,0.000000e+00,0.000000e+00,0.000000e+00
1.000000e+00,0.000000e+00,0.000000e+00,0.000000e+00,0.000000e+00,0.000000e+00,0.000000e+00,0.000000e+00,0.000000e+00,0.000000e+00,0.000000e+00,0.000000e+00,0.000000e+00,0.000000e+00,0.000000e+00
1.000000e+00,0.000000e+00,0.000000e+00,0.000000e+00,0.000000e+00,0.000000e+00,0.000000e+00,0.000000e+00,0.000000e+00,0.000000e+00,0.000000e+00,0.000000e+00,0.000000e+00,0.000000e+00,0.000000e+00
1.000000e+00,0.000000e+00,0.000000e+00,0.000000e+00,0.000000e+00,0.000000e+00,0.000000e+00,0.000000e+00,0.000000e+00,0.000000e+00,0.000000e+00,0.000000e+00,0.000000e+00,0.000000e+00,0.000000e+00
4.724302e-01,1.170716e-02,1.753920e-02,8.415043e-02,1.111424e-02,3.616847e-02,8.406282e-03,1.335294e-01,2.425134e-02,1.496322e-03,3.100524e-02,5.443494e-02,8.855142e-02,9.659506e-03,1.555590e-02
3.989406e-01,9.948249e-03,1.721176e-02,8.134434e-02,1.061436e-02,5.946083e-02,1.833234e-02,1.840838e-01,2.313857e-02,1.283306e-03,2.493191e-02,3.990903e-02,1.073518e-01,7.267236e-03,1.618189e-02
2.835702e-01,1.105974e-02,1.293522e-02,7.460593e-02,1.074946e-02,6.187328e-02,1.374031e-02,1.554133e-01,6.167807e-02,1.778951e-03,2.212212e-02,3.354540e-02,2.358996e-01,5.357482e-03,1.567106e-02
2.545344e-01,9.518374e-03,1.200259e-02,5.585234e-02,9.350562e-03,6.974648e-02,1.390436e-02,1.209446e-01,5.471311e-02,1.613227e-03,1.581128e-02,2.502640e-02,3.400127e-01,3.958145e-03,1.301145e-02
2.070094e-01,9.422386e-03,1.316435e-02,5.867627e-02,1.454646e-02,5.468677e-02,1.251657e-02,1.605348e-01,1.321030e-01,1.887240e-03,1.170862e-02,1.835945e-02,2.910081e-01,3.149085e-03,1.122742e-02
1.481067e-01,8.614652e-03,1.025235e-02,5.182924e-02,1.221095e-02,4.563090e-02,1.046384e-02,1.144527e-01,1.109343e-01,1.742777e-03,8.384326e-03,1.399713e-02,4.509655e-01,2.260831e-03,1.015385e-02
1.115429e-01,7.328616e-03,7.694392e-03,3.996635e-02,1.047209e-02,3.579418e-02,8.721660e-03,8.175325e-02,1.031298e-01,1.650759e-03,6.055792e-03,1.063399e-02,5.638734e-01,1.618669e-03,9.764151e-03
8.291211e-02,6.603674e-03,5.691633e-03,3.025196e-02,8.494015e-03,2.621900e-02,7.512713e-03,5.812456e-02,9.900033e-02,1.496086e-03,4.475890e-03,9.757161e-03,6.446227e-01,1.195894e-03,1.364227e-02
6.123053e-02,5.086321e-03,4.110525e-03,2.173791e-02,7.307941e-03,1.906852e-02,6.123444e-03,4.132458e-02,7.387418e-02,1.205792e-03,3.264903e-03,8.051893e-03,7.310469e-01,8.797023e-04,1.568676e-02
4.867325e-02,4.631225e-03,4.180647e-03,1.746569e-02,7.316422e-03,1.434359e-02,4.949916e-03,3.029315e-02,7.550895e-02,3.164568e-03,2.801641e-03,7.285482e-03,7.487586e-01,1.016694e-03,2.961006e-02
3.684472e-02,5.215332e-03,9.895384e-03,2.499939e-02,7.694421e-03,1.421392e-02,4.115183e-03,2.427272e-02,7.446462e-02,6.054715e-03,4.380071e-03,8.475263e-03,7.190838e-01,1.222827e-03,5.906756e-02
2.769070e-02,8.387342e-03,1.022955e-02,2.326525e-02,7.120598e-03,1.369327e-02,3.974771e-03,1.784109e-02,8.367810e-02,6.001796e-03,4.597235e-03,1.027389e-02,6.456755e-01,1.181786e-03,1.363891e-01
2.776122e-02,7.112549e-02,3.491922e-02,2.367574e-02,5.579018e-03,1.009696e-02,3.038439e-03,1.291610e-02,2.162381e-01,8.659112e-03,4.291091e-03,8.473055e-03,4.699351e-01,1.407236e-03,1.018841e-01
1.169799e-01,5.671307e-02,2.816581e-02,2.264670e-02,7.548261e-03,1.712620e-02,3.385963e-03,1.083547e-02,1.756872e-01,8.114532e-03,9.006731e-03,1.316599e-02,4.410674e-01,3.343658e-03,8.621302e-02
2.034076e-01,5.219214e-02,2.658696e-02,2.596626e-02,1.106350e-02,1.943265e-02,3.980314e-03,1.038961e-02,1.840004e-01,1.073144e-02,1.376980e-02,2.313375e-02,3.352961e-01,4.536102e-03,7.551332e-02
2.871813e-01,3.920815e-02,2.054660e-02,2.174529e-02,1.076573e-02,2.107221e-02,4.403458e-03,8.311861e-03,1.619730e-01,1.236451e-02,1.584895e-02,2.576484e-02,3.032583e-01,7.194055e-03,6.036179e-02
2.803316e-01,2.976911e-02,1.562187e-02,1.794627e-02,1.429590e-02,2.430180e-02,3.860741e-03,6.422868e-03,1.209647e-01,9.284169e-03,1.385805e-02,3.316832e-02,3.711941e-01,6.760700e-03,5.221985e-02
2.453324e-01,2.413868e-02,1.393411e-02,1.454504e-02,2.818619e-02,2.070693e-02,3.326551e-03,6.000877e-03,9.320384e-02,7.613181e-03,1.108897e-02,3.689053e-02,4.370124e-01,6.036031e-03,5.198428e-02
2.070476e-01,2.329653e-02,1.859922e-02,1.247231e-02,4.772666e-02,2.011429e-02,3.578225e-03,9.630902e-03,8.261288e-02,6.537557e-03,9.148977e-03,3.409643e-02,4.787142e-01,4.836589e-03,4.158770e-02
1.515410e-01,2.164929e-02,2.071076e-02,1.151272e-02,8.218184e-02,2.818278e-02,4.480640e-03,9.896661e-03,7.856265e-02,4.776895e-03,7.450498e-03,2.984863e-02,5.131446e-01,3.657791e-03,3.240329e-02
1.372558e-01,2.090751e-02,4.338550e-02,6.141163e-02,8.073041e-02,5.380631e-02,4.646769e-03,1.552150e-02,1.036001e-01,5.426435e-03,7.829494e-03,2.668453e-02,4.096245e-01,2.841970e-03,2.632757e-02
1.455883e-01,2.231730e-02,4.125826e-02,5.772738e-02,8.743139e-02,7.246782e-02,6.138348e-03,1.491317e-02,1.261069e-01,4.995251e-03,6.737810e-03,2.198168e-02,3.656958e-01,2.504734e-03,2.413594e-02
1.390801e-01,2.048353e-02,9.694985e-02,1.204905e-01,7.593606e-02,6.131949e-02,5.882155e-03,1.497087e-02,1.200133e-01,6.670252e-03,6.467542e-03,1.840618e-02,2.750637e-01,2.102390e-03,3.616422e-02
1.357446e-01,1.832924e-02,1.097834e-01,2.200504e-01,6.384699e-02,4.683977e-02,5.151222e-03,1.927189e-02,1.072106e-01,7.442484e-03,6.663020e-03,1.505057e-02,2.008172e-01,1.632020e-03,4.216664e-02
1.510287e-01,1.994062e-02,8.763148e-02,1.729058e-01,6.405570e-02,6.008213e-02,5.407510e-03,2.309207e-02,1.773561e-01,5.647824e-03,5.934236e-03,1.140989e-02,1.664089e-01,1.931971e-03,4.716715e-02
1.762176e-01,2.224014e-02,9.069125e-02,2.167477e-01,5.955845e-02,4.895575e-02,4.908001e-03,3.481897e-02,1.491399e-01,6.225134e-03,7.514437e-03,1.073583e-02,1.258679e-01,1.992835e-03,4.438612e-02
2.485931e-01,1.904383e-02,6.783395e-02,1.836205e-01,5.209677e-02,8.638363e-02,5.260686e-03,4.037330e-02,1.231188e-01,4.629790e-03,6.445782e-03,9.726429e-03,1.124912e-01,1.948821e-03,3.843344e-02
2.445534e-01,1.803391e-02,5.285599e-02,1.746719e-01,4.902154e-02,6.869954e-02,4.903409e-03,1.277260e-01,1.122069e-01,4.089700e-03,9.939879e-03,1.559359e-02,8.309198e-02,3.078053e-03,3.153421e-02
1.715497e-01,1.453961e-02,3.768148e-02,3.021054e-01,3.579244e-02,4.813865e-02,3.442296e-03,8.997908e-02,9.276009e-02,3.069555e-03,9.851597e-02,1.807503e-02,5.968919e-02,2.305998e-03,2.235560e-02
1.214589e-01,1.229809e-02,2.681582e-02,4.083869e-01,2.840205e-02,3.390181e-02,2.455938e-03,6.367747e-02,7.292201e-02,2.282892e-03,9.587364e-02,7.098221e-02,4.250596e-02,2.042199e-03,1.599409e-02
8.617695e-02,8.712149e-03,1.885270e-02,3.193181e-01,2.032934e-02,2.422804e-02,1.736450e-03,4.508007e-02,5.125202e-02,1.622677e-03,8.929961e-02,2.903376e-01,3.008661e-02,1.735550e-03,1.123216e-02
6.083674e-02,6.131922e-03,1.324598e-02,2.295950e-01,1.563902e-02,1.923576e-02,1.232083e-03,3.162858e-02,3.604865e-02,1.174406e-03,8.515014e-02,4.694942e-01,2.136180e-02,1.332342e-03,7.893358e-03
4.313878e-02,4.321258e-03,9.335472e-03,1.638715e-01,3.120523e-02,1.483132e-02,8.710052e-04,2.220193e-02,2.559656e-02,1.008736e-03,8.067960e-02,5.800521e-01,1.555242e-02,1.758641e-03,5.575447e-03
3.028467e-02,3.132598e-03,6.575027e-03,1.161555e-01,4.586007e-02,1.165437e-02,6.128389e-04,1.555273e-02,1.817831e-02,7.358433e-04,8.625863e-02,6.471663e-01,1.109986e-02,2.779481e-03,3.953787e-03
2.123175e-02,2.237336e-03,4.616641e-03,8.416945e-02,7.690009e-02,9.179040e-03,4.339784e-04,1.089523e-02,1.311604e-02,5.348601e-04,7.555205e-02,6.877820e-01,8.034633e-03,2.490705e-03,2.826118e-03
1.492181e-02,1.572123e-03,3.238636e-03,6.040578e-02,1.004432e-01,8.114558e-03,3.089710e-04,7.631882e-03,9.325537e-03,3.991420e-04,8.881135e-02,6.950135e-01,5.780138e-03,2.017569e-03,2.015851e-03
1.050693e-02,1.123765e-03,2.275392e-03,4.406932e-02,1.034797e-01,6.771096e-03,2.194689e-04,5.345077e-03,6.600014e-03,2.954465e-04,9.786233e-02,7.142228e-01,4.117505e-03,1.611115e-03,1.500067e-03
7.440968e-03,8.428813e-04,1.607414e-03,3.105866e-02,1.086888e-01,5.156440e-03,1.564938e-04,3.745645e-03,4.729752e-03,2.695788e-04,7.369573e-02,7.570074e-01,2.972558e-03,1.479725e-03,1.147995e-03
5.313088e-03,6.548763e-04,1.148520e-03,2.180850e-02,1.021589e-01,3.950012e-03,1.122524e-04,2.631864e-03,3.373101e-03,2.597295e-04,5.658664e-02,7.976570e-01,2.150060e-03,1.316107e-03,8.793710e-04
3.880437e-03,9.986865e-04,1.039552e-03,1.531037e-02,1.113956e-01,2.987869e-03,8.708514e-05,1.871374e-03,2.508825e-03,3.170928e-04,4.964305e-02,8.064623e-01,1.553751e-03,1.200367e-03,7.436811e-04
2.822893e-03,1.915720e-03,1.183700e-03,1.076835e-02,1.249141e-01,2.956359e-03,5.334942e-04,1.591045e-03,2.398532e-03,5.681299e-04,4.064067e-02,8.064365e-01,1.166024e-03,1.425630e-03,6.789074e-04
2.070469e-03,1.787606e-03,1.099865e-03,7.594743e-03,1.406662e-01,2.833648e-03,9.225162e-04,1.606164e-03,2.735032e-03,6.033374e-04,3.479888e-02,8.002836e-01,9.282614e-04,1.530837e-03,5.389571e-04
1.904312e-03,2.672252e-03,2.361092e-03,5.464207e-03,1.956347e-01,6.587702e-03,2.168447e-03,6.289178e-03,9.661709e-03,6.034682e-04,2.830619e-02,7.355767e-01,7.947140e-04,1.479175e-03,4.961019e-04
4.164105e-03,2.630074e-03,5.014724e-03,4.302769e-03,1.881277e-01,9.263119e-03,9.640999e-03,2.238564e-02,1.674790e-02,6.930558e-04,1.179458e-01,6.154194e-01,1.288192e-03,1.295058e-03,1.081447e-03
4.869645e-03,4.351676e-03,6.237063e-03,3.220647e-03,1.579474e-01,9.056718e-03,8.685888e-03,1.879203e-02,1.886528e-02,9.357090e-04,1.189189e-01,6.440837e-01,1.343091e-03,1.395234e-03,1.297130e-03
8.577760e-03,6.676436e-03,1.352377e-02,2.674409e-03,1.583853e-01,9.226285e-03,8.514235e-03,1.935733e-02,3.265669e-02,2.333522e-03,1.747468e-01,5.572022e-01,1.531666e-03,2.434390e-03,2.159308e-03
1.373923e-02,6.013910e-03,1.599900e-02,2.533262e-03,1.816697e-01,8.912871e-03,9.672255e-03,4.051368e-02,5.013228e-02,3.311915e-03,2.018030e-01,4.587166e-01,1.717334e-03,3.068939e-03,2.196024e-03
2.763968e-02,8.713422e-03,2.507050e-02,2.360629e-03,2.214111e-01,1.382443e-02,9.926094e-03,4.680948e-02,7.975148e-02,6.874309e-03,2.109281e-01,3.358384e-01,1.989026e-03,5.197388e-03,3.666045e-03
3.929093e-02,9.697292e-03,5.944176e-02,3.096478e-03,1.731625e-01,1.678182e-02,9.605953e-03,6.261537e-02,1.124721e-01,2.230939e-02,2.256834e-01,2.413497e-01,4.028795e-03,1.359738e-02,6.867132e-03
3.813830e-02,1.169112e-02,8.261746e-02,2.994108e-03,1.361137e-01,1.523888e-02,9.892201e-03,1.638016e-01,1.073534e-01,3.352564e-02,1.956146e-01,1.771045e-01,6.853076e-03,1.188129e-02,7.180186e-03
3.159182e-02,9.484645e-03,6.894848e-02,2.691672e-03,9.938435e-02,1.455065e-02,1.052689e-02,3.589252e-01,8.292823e-02,2.989399e-02,1.446262e-01,1.267160e-01,5.751562e-03,8.634925e-03,5.345431e-03
2.608060e-02,7.521384e-03,6.214729e-02,2.064152e-03,7.361330e-02,1.181614e-02,1.901370e-02,4.995222e-01,6.617656e-02,2.341200e-02,1.040271e-01,8.943777e-02,5.117733e-03,6.159065e-03,3.891059e-03
1.960880e-02,5.974977e-03,4.481828e-02,1.523973e-03,5.504283e-02,9.484534e-03,1.602916e-01,4.813927e-01,5.548572e-02,1.712771e-02,7.308005e-02,6.271139e-02,6.294357e-03,4.373401e-03,2.789756e-03
1.436673e-02,4.755626e-03,3.223602e-02,1.119657e-03,3.981794e-02,6.896581e-03,3.332099e-01,4.061107e-01,4.236823e-02,1.222876e-02,5.117947e-02,4.394319e-02,6.655265e-03,3.139803e-03,1.972233e-03
1.072587e-02,3.664514e-03,2.278433e-02,8.098544e-04,2.909245e-02,5.138320e-03,4.687071e-01,3.399574e-01,3.286557e-02,8.685889e-03,3.584095e-02,3.079126e-02,7.250391e-03,2.293681e-03,1.392490e-03
9.034110e-03,2.765607e-03,1.608572e-02,6.172836e-04,2.355149e-02,4.749758e-03,5.486018e-01,3.041599e-01,2.668190e-02,6.181963e-03,2.511877e-02,2.158857e-02,8.174130e-03,1.678173e-03,1.010827e-03
7.588618e-03,2.091020e-03,1.131737e-02,4.561646e-04,1.806000e-02,4.445305e-03,6.273122e-01,2.596084e-01,2.216212e-02,4.388642e-03,1.762281e-02,1.512289e-02,7.907963e-03,1.187672e-03,7.288171e-04
6.917707e-03,1.781476e-03,8.037186e-03,3.836892e-04,1.478051e-02,3.890790e-03,7.071700e-01,1.985970e-01,2.453331e-02,3.097434e-03,1.250974e-02,1.060860e-02,6.297789e-03,8.425839e-04,5.521710e-04
8.336233e-03,1.627214e-03,5.866134e-03,3.627186e-04,1.468763e-02,3.629569e-03,7.670984e-01,1.483308e-01,2.508917e-02,2.182443e-03,8.937489e-03,7.484178e-03,5.296694e-03,6.103232e-04,4.609795e-04
7.978067e-03,1.261722e-03,4.392328e-03,3.002585e-04,1.188769e-02,3.578267e-03,8.197477e-01,1.134860e-01,1.906257e-02,1.537875e-03,6.333963e-03,5.284065e-03,4.337991e-03,4.381172e-04,3.732667e-04
6.495280e-03,8.929978e-04,3.376105e-03,2.276654e-04,8.576551e-03,3.726567e-03,8.461171e-01,1.037847e-01,1.347073e-02,1.085491e-03,4.474977e-03,3.744317e-03,3.429208e-03,3.107045e-04,2.875460e-04
6.368241e-03,6.522015e-04,2.609094e-03,1.884816e-04,6.587517e-03,3.513507e-03,8.601295e-01,9.993793e-02,9.733023e-03,7.778771e-04,3.259696e-03,2.680224e-03,3.087586e-03,2.243213e-04,2.508292e-04
9.613227e-03,5.019730e-04,2.235403e-03,2.537863e-04,6.151011e-03,3.818407e-03,8.441597e-01,1.166654e-01,7.116601e-03,6.239394e-04,2.951849e-03,2.299416e-03,3.069804e-03,1.867950e-04,3.526434e-04
1.407362e-02,4.103580e-04,1.854592e-03,3.648366e-04,9.445867e-03,3.512111e-03,7.963333e-01,1.594194e-01,5.399936e-03,5.179765e-04,2.727943e-03,1.881825e-03,3.410946e-03,1.662437e-04,4.809948e-04
1.456703e-02,4.299681e-04,1.621048e-03,5.469520e-04,1.087687e-02,3.095682e-03,6.362808e-01,3.135712e-01,4.665047e-03,9.152889e-04,4.730069e-03,2.777816e-03,3.907910e-03,3.094938e-04,1.704940e-03
1.477311e-02,8.554673e-04,1.322004e-03,1.965133e-03,8.572930e-03,3.412354e-03,5.005215e-01,3.635319e-01,4.751332e-03,2.609407e-03,1.313737e-02,2.261315e-02,4.886420e-02,4.304224e-03,8.765982e-03
1.704639e-02,1.331937e-03,1.191513e-03,2.031016e-03,2.791611e-02,3.454157e-03,3.764979e-01,4.214687e-01,7.412625e-03,3.827654e-03,3.499142e-02,1.886831e-02,6.118634e-02,5.017289e-03,1.775875e-02
1.464674e-02,2.232437e-03,1.125886e-03,1.975352e-03,1.016619e-01,4.533683e-03,2.891583e-01,3.471015e-01,1.170755e-02,5.494362e-02,3.029073e-02,1.597419e-02,7.904796e-02,5.729641e-03,3.987048e-02
1.070406e-02,2.048737e-03,1.074582e-03,1.555907e-03,9.484643e-02,5.954364e-03,2.132883e-01,2.512362e-01,8.694421e-03,1.397093e-01,2.167581e-02,1.198605e-02,7.346459e-02,4.833040e-03,1.589283e-01
8.460587e-03,2.359820e-03,1.573539e-03,1.376959e-03,9.504913e-02,6.833339e-03,1.571698e-01,1.839745e-01,6.676062e-03,1.996359e-01,1.861850e-02,1.124766e-02,1.083202e-01,4.378043e-03,1.943259e-01
6.769123e-03,1.942368e-03,3.218347e-03,1.340500e-03,1.344190e-01,7.663437e-03,1.184975e-01,1.365873e-01,6.583110e-03,1.784934e-01,1.382739e-02,1.051913e-02,1.033775e-01,3.266655e-03,2.734953e-01
8.726932e-03,3.024861e-03,3.119184e-03,2.111105e-03,2.332044e-01,1.348806e-02,8.433224e-02,9.840433e-02,8.855296e-03,1.586154e-01,1.078652e-02,1.990202e-02,1.010707e-01,2.434562e-03,2.519243e-01
8.484423e-03,3.468383e-03,2.712365e-03,2.790658e-03,1.794333e-01,1.158532e-02,6.096195e-02,7.152581e-02,9.863122e-03,1.163460e-01,9.307673e-03,3.890780e-02,2.489311e-01,2.188136e-03,2.334939e-01
9.405320e-03,4.356772e-03,4.575006e-03,3.253001e-03,1.391790e-01,9.158194e-03,4.623909e-02,5.653630e-02,1.399842e-02,9.746416e-02,8.213980e-03,3.428291e-02,3.652485e-01,2.103211e-03,2.059861e-01
8.516210e-03,3.598093e-03,3.920140e-03,2.935842e-03,1.233394e-01,7.044197e-03,3.598594e-02,4.125657e-02,1.378803e-02,7.352384e-02,6.844108e-03,2.926789e-02,4.883887e-01,1.585732e-03,1.600053e-01
6.816889e-03,3.230018e-03,3.027419e-03,2.992555e-03,8.867750e-02,5.683792e-03,2.576157e-02,3.028226e-02,1.116383e-02,5.287083e-02,6.454511e-03,2.550097e-02,6.142788e-01,1.177249e-03,1.220818e-01
7.071261e-03,4.253037e-03,2.554713e-03,4.018686e-03,6.644061e-02,6.403167e-03,1.877087e-02,2.396706e-02,9.475145e-03,3.771001e-02,6.100972e-03,2.109909e-02,7.042009e-01,9.105032e-04,8.702392e-02
5.352760e-03,3.271693e-03,1.997120e-03,3.122324e-03,4.773401e-02,1.450575e-02,1.402430e-02,2.156320e-02,6.984747e-03,2.659233e-02,6.532455e-03,1.903036e-02,7.651095e-01,7.066964e-04,6.347272e-02
7.584313e-03,2.449221e-03,1.505134e-03,2.436680e-03,3.517574e-02,3.760010e-02,1.016925e-02,1.536740e-02,5.109956e-03,1.867520e-02,4.706132e-03,1.555806e-02,7.983267e-01,5.712835e-04,4.476478e-02
1.188453e-02,1.921600e-03,1.265494e-03,2.000605e-03,2.725785e-02,8.297263e-02,8.413275e-03,1.418687e-02,4.052904e-03,1.318832e-02,3.564930e-03,1.748395e-02,7.792046e-01,5.551829e-04,3.204726e-02
1.247794e-02,2.383133e-03,2.119594e-03,1.687944e-03,2.152839e-02,8.268301e-02,7.184712e-03,1.313505e-02,4.195630e-03,9.369118e-03,2.832136e-03,2.362780e-02,7.923540e-01,7.388730e-04,2.368272e-02
1.879476e-02,2.378748e-03,2.254606e-03,1.532111e-03,1.912562e-02,7.210531e-02,7.458441e-03,1.037711e-02,4.458591e-03,6.661605e-03,2.479586e-03,2.313774e-02,8.110037e-01,9.205434e-04,1.731155e-02
3.637739e-02,5.329937e-03,3.456670e-03,1.859214e-03,1.925251e-02,6.759527e-02,8.013722e-03,9.365879e-03,8.374983e-03,4.873865e-03,2.219057e-03,3.049898e-02,7.876916e-01,1.180936e-03,1.391006e-02
4.556371e-02,6.174444e-03,3.613467e-03,2.219613e-03,1.985579e-02,5.640235e-02,9.610049e-03,7.552170e-03,1.117832e-02,3.647474e-03,1.843981e-03,2.645394e-02,7.893744e-01,1.095986e-03,1.541436e-02
6.878782e-02,5.253505e-03,4.622361e-03,3.595157e-03,3.869261e-02,4.627142e-02,4.209550e-02,2.873817e-02,1.568841e-02,2.731711e-03,1.776955e-03,2.859657e-02,6.980718e-01,1.543944e-03,1.353413e-02
1.113521e-01,7.099750e-03,4.406379e-03,4.870407e-03,5.225009e-02,5.535471e-02,3.302088e-02,2.131917e-02,1.734894e-02,2.198492e-03,2.065583e-03,2.845411e-02,6.462395e-01,1.325575e-03,1.269432e-02
1.379483e-01,2.210737e-02,1.252547e-02,3.942045e-02,1.063518e-01,6.246846e-02,3.867348e-02,1.809143e-02,2.356341e-02,2.615713e-03,2.780622e-03,2.501934e-02,4.844549e-01,1.483383e-03,2.249586e-02
1.333469e-01,2.101029e-02,2.028084e-02,3.541379e-02,1.213841e-01,6.836710e-02,4.371107e-02,2.202028e-02,4.086346e-02,2.967748e-03,4.679888e-03,1.947571e-02,4.357379e-01,1.846122e-03,2.889472e-02
1.445627e-01,1.808547e-02,2.067615e-02,2.965193e-02,1.253605e-01,1.030113e-01,4.465964e-02,3.055976e-02,4.192359e-02,2.501041e-03,4.877183e-03,1.600140e-02,3.914202e-01,1.816283e-03,2.489280e-02
1.433566e-01,1.845198e-02,2.918168e-02,2.944090e-02,1.589020e-01,1.179743e-01,4.356011e-02,3.147464e-02,5.785615e-02,3.282280e-03,5.243543e-03,1.354814e-02,3.212979e-01,2.077923e-03,2.435174e-02
1.404045e-01,2.256544e-02,2.475328e-02,2.458788e-02,1.188764e-01,1.111253e-01,3.346738e-02,3.190551e-02,1.037691e-01,4.913282e-03,5.837423e-03,1.122355e-02,3.403490e-01,1.825207e-03,2.439671e-02
1.592156e-01,2.309908e-02,2.068393e-02,2.156788e-02,9.717962e-02,9.798438e-02,2.657151e-02,2.860228e-02,1.156723e-01,4.412839e-03,6.044222e-03,9.319689e-03,3.650498e-01,1.865226e-03,2.273166e-02
1.728372e-01,2.582716e-02,1.842374e-02,2.563996e-02,8.010408e-02,1.097456e-01,2.544795e-02,3.241823e-02,1.580681e-01,5.041248e-03,5.347995e-03,7.972206e-03,3.084524e-01,1.584746e-03,2.308931e-02
1.619874e-01,2.107480e-02,1.349020e-02,1.951338e-02,6.048198e-02,1.593684e-01,2.024499e-02,2.703777e-02,1.193698e-01,3.784869e-03,4.578378e-03,6.998487e-03,3.621337e-01,1.469403e-03,1.846640e-02
1.753416e-01,2.188798e-02,1.044059e-02,1.739426e-02,5.498537e-02,1.853226e-01,1.742502e-02,2.192745e-02,1.020482e-01,3.325989e-03,3.748403e-03,5.927036e-03,3.597319e-01,1.454323e-03,1.903925e-02
2.392997e-01,2.533811e-02,8.066735e-03,1.723113e-02,4.660777e-02,1.483358e-01,1.566814e-02,2.132120e-02,1.053346e-01,2.859913e-03,3.329899e-03,7.634555e-03,3.416117e-01,1.416018e-03,1.594479e-02
2.654028e-01,3.532689e-02,6.390336e-03,1.721811e-02,4.134644e-02,1.292946e-01,1.340296e-02,2.077342e-02,9.792982e-02,2.296726e-03,2.897700e-03,7.239321e-03,3.429937e-01,1.358458e-03,1.612867e-02
2.496791e-01,4.088700e-02,4.759923e-03,1.516614e-02,3.259854e-02,9.508339e-02,1.042408e-02,1.570254e-02,9.931602e-02,1.975836e-03,2.255872e-03,6.291904e-03,4.107203e-01,1.046908e-03,1.409236e-02
2.064586e-01,3.192490e-02,4.401112e-03,1.241708e-02,2.549785e-02,7.001185e-02,8.213923e-03,1.265317e-02,1.060416e-01,1.522327e-03,1.973556e-03,5.324041e-03,5.003800e-01,9.120789e-04,1.226798e-02
1.590607e-01,2.443056e-02,3.523635e-03,9.749605e-03,1.951909e-02,5.332490e-02,6.698037e-03,9.669458e-03,9.932874e-02,1.327800e-03,1.716541e-03,4.757154e-03,5.947803e-01,7.982904e-04,1.131516e-02
1.261965e-01,1.832850e-02,3.242865e-03,7.223998e-03,1.597310e-02,3.909468e-02,5.260020e-03,7.067313e-03,7.291924e-02,1.152187e-03,1.370994e-03,4.751163e-03,6.837450e-01,7.240776e-04,1.295030e-02
9.922118e-02,1.367036e-02,2.674446e-03,5.412186e-03,1.307103e-02,3.034261e-02,4.113522e-03,5.215317e-03,5.374558e-02,1.161137e-03,1.213415e-03,5.361225e-03,7.474731e-01,9.711732e-04,1.635371e-02
7.181638e-02,9.736011e-03,1.997789e-03,3.924665e-03,1.072201e-02,2.274460e-02,3.158485e-03,3.710278e-03,3.797714e-02,8.788999e-04,1.106226e-03,7.708917e-03,8.100122e-01,7.058713e-04,1.380044e-02
5.398343e-02,7.001608e-03,1.589220e-03,2.799761e-03,9.326234e-03,1.677679e-02,2.648827e-03,2.646094e-03,2.685340e-02,7.721726e-04,9.085364e-04,9.589113e-03,8.537891e-01,5.221613e-04,1.079352e-02
3.998049e-02,5.121171e-03,1.554885e-03,2.040176e-03,7.789964e-03,1.386229e-02,2.195256e-03,1.883687e-03,1.896381e-02,6.859123e-04,7.970684e-04,1.011545e-02,8.866394e-01,4.573840e-04,7.913068e-03
2.949861e-02,3.744546e-03,1.769355e-03,1.581570e-03,1.002218e-02,1.678593e-02,1.950417e-03,1.505403e-03,1.353149e-02,1.304810e-03,1.336791e-03,1.000490e-02,9.001457e-01,4.476109e-04,6.370689e-03
2.534271e-02,2.735929e-03,2.415480e-03,1.363655e-03,1.059862e-02,3.751101e-02,1.996219e-03,1.422672e-03,1.011794e-02,1.867523e-03,3.403510e-03,1.822955e-02,8.772883e-01,5.156045e-04,5.191250e-03
2.185311e-02,2.066236e-03,7.901167e-03,2.204793e-03,6.410279e-02,3.778372e-02,3.718561e-03,2.258870e-03,1.103722e-02,5.779451e-03,2.423755e-02,4.049465e-02,7.692462e-01,4.895107e-04,6.826105e-03
2.485209e-02,1.643382e-03,6.683011e-03,2.203101e-03,1.220736e-01,2.924471e-02,5.091300e-03,3.599719e-03,3.696248e-02,1.420474e-02,4.497962e-02,4.288857e-02,6.563686e-01,3.732785e-04,8.831792e-03
2.245369e-02,1.418269e-03,4.954126e-03,1.666394e-03,1.363831e-01,2.329405e-02,5.015675e-03,3.096681e-03,1.848803e-01,1.163571e-02,4.848601e-02,4.256273e-02,5.059862e-01,2.778567e-04,7.889219e-03
3.704530e-02,1.361746e-03,5.565088e-03,2.441945e-03,2.047698e-01,3.562143e-02,1.707611e-02,1.192481e-02,1.739788e-01,1.349851e-02,4.169931e-02,5.049072e-02,3.973800e-01,2.413175e-04,6.905140e-03
4.355156e-02,2.051200e-03,6.132268e-03,2.870328e-03,2.341552e-01,3.779363e-02,1.352223e-02,1.587711e-02,2.345849e-01,1.152849e-02,3.512755e-02,4.700628e-02,3.094086e-01,2.226547e-04,6.167980e-03
3.675405e-02,1.078645e-02,1.741650e-02,8.252623e-03,1.833927e-01,4.852641e-02,1.001486e-02,2.111052e-02,2.772352e-01,1.558289e-02,3.799204e-02,4.834969e-02,2.749723e-01,3.733362e-04,9.240410e-03
2.847791e-02,1.736487e-02,2.415550e-02,1.032237e-02,1.329000e-01,3.775397e-02,7.445730e-03,3.080371e-02,3.033230e-01,1.686796e-02,4.724429e-02,5.119000e-02,2.807167e-01,8.948678e-04,1.053913e-02
2.172458e-02,3.707107e-02,2.212828e-02,1.121178e-02,9.594817e-02,3.533443e-02,5.665461e-03,2.831172e-02,3.836696e-01,1.602738e-02,4.824890e-02,4.566097e-02,2.378120e-01,7.912926e-04,1.039433e-02
1.613338e-02,1.706201e-01,1.910985e-02,4.628182e-02,6.743655e-02,2.532984e-02,4.018615e-03,2.087902e-02,3.724231e-01,1.151715e-02,3.575747e-02,3.275716e-02,1.692834e-01,5.945418e-04,7.857927e-03
1.326055e-02,1.629371e-01,1.506246e-02,4.178715e-02,4.847335e-02,1.974608e-02,3.165894e-03,2.478544e-02,3.887720e-01,1.181211e-02,4.094331e-02,2.622523e-02,1.868585e-01,1.012715e-03,1.515802e-02
1.474102e-02,1.173314e-01,1.399592e-02,4.800255e-02,4.352990e-02,3.883096e-02,5.196384e-03,2.490749e-02,3.294352e-01,2.577891e-02,4.077843e-02,2.268403e-02,1.609849e-01,1.942908e-03,1.118600e-01
3.049477e-02,8.581091e-02,1.553359e-02,7.608534e-02,3.472929e-02,3.703087e-02,4.496425e-03,3.557067e-02,2.782188e-01,2.556230e-02,6.652220e-02,2.749415e-02,1.578165e-01,8.170287e-03,1.164639e-01
2.718257e-02,7.132228e-02,1.787722e-02,1.166567e-01,2.954372e-02,3.274209e-02,3.372127e-03,2.766883e-02,2.933996e-01,2.842727e-02,1.078146e-01,2.476367e-02,1.171059e-01,1.262450e-02,8.949889e-02
3.704243e-02,5.749713e-02,1.473957e-02,9.835650e-02,2.431194e-02,3.309980e-02,2.574429e-03,2.256734e-02,2.234150e-01,2.678484e-02,2.311076e-01,2.434996e-02,8.675808e-02,4.478597e-02,7.260942e-02
2.915899e-02,4.243443e-02,1.075892e-02,7.345383e-02,2.037488e-02,3.121530e-02,2.024917e-03,1.877709e-02,1.688931e-01,2.137367e-02,3.621531e-01,2.348195e-02,6.348995e-02,6.945188e-02,6.295802e-02
2.716920e-02,3.246104e-02,9.939495e-03,5.851493e-02,1.797141e-02,2.923265e-02,1.763240e-03,1.527382e-02,1.265954e-01,1.607323e-02,4.822422e-01,2.452872e-02,4.981135e-02,6.102673e-02,4.739649e-02
2.048171e-02,2.377560e-02,7.364572e-03,4.443995e-02,1.462283e-02,2.612431e-02,1.348030e-03,1.115383e-02,1.412158e-01,1.327482e-02,4.322435e-01,4.190250e-02,4.129063e-02,1.452725e-01,3.548941e-02
1.490738e-02,1.777655e-02,5.758539e-03,3.279495e-02,1.578085e-02,2.321957e-02,1.079318e-03,8.094579e-03,1.973490e-01,1.005447e-02,3.570690e-01,4.426860e-02,3.820896e-02,2.047362e-01,2.890202e-02
1.122940e-02,1.391491e-02,4.540451e-03,2.422190e-02,4.031678e-02,1.781743e-02,7.877838e-04,6.105822e-03,3.025797e-01,7.386681e-03,2.696992e-01,3.240627e-02,2.822156e-02,2.189781e-01,2.179394e-02
8.144519e-03,1.013356e-02,3.465970e-03,1.765868e-02,3.990404e-02,1.353973e-02,5.762891e-04,4.584491e-03,3.676826e-01,5.265121e-03,2.067475e-01,2.320674e-02,2.025616e-02,2.627737e-01,1.606084e-02
5.996722e-03,8.127065e-03,2.612070e-03,1.248326e-02,3.053924e-02,1.105548e-02,4.174622e-04,3.257206e-03,3.520575e-01,3.777392e-03,1.464777e-01,1.638758e-02,1.432817e-02,3.790635e-01,1.341962e-02
5.053213e-03,2.145053e-02,2.389886e-03,9.124470e-03,2.242383e-02,1.482938e-02,3.527292e-04,2.641692e-03,3.151643e-01,2.726695e-03,1.044491e-01,1.160608e-02,1.030275e-02,4.665588e-01,1.092655e-02
4.026223e-03,1.718983e-02,1.803328e-03,6.515171e-03,1.590939e-02,1.212954e-02,2.568311e-04,1.898126e-03,2.834887e-01,1.958410e-03,7.403244e-02,8.185143e-03,7.375774e-03,5.552701e-01,9.961025e-03
3.633193e-03,1.352814e-02,1.436469e-03,4.836332e-03,1.117692e-02,1.129899e-02,1.921205e-04,1.392118e-03,3.030155e-01,1.606989e-03,5.283561e-02,5.756699e-03,5.348244e-03,5.720202e-01,1.192256e-02
3.320425e-03,1.029738e-02,1.373846e-03,3.769066e-03,7.889968e-03,1.141843e-02,1.612562e-04,1.158059e-03,2.594153e-01,1.613107e-03,3.759066e-02,4.063677e-03,4.214255e-03,6.425390e-01,1.117558e-02
3.790624e-03,1.159322e-02,1.476018e-03,2.753110e-03,5.673146e-03,9.147193e-03,1.263754e-04,9.555942e-04,2.091829e-01,1.579214e-03,2.683756e-02,2.856497e-03,3.056449e-03,7.007725e-01,2.019956e-02
1.347965e-02,1.419247e-02,3.251581e-02,8.831213e-03,1.156008e-02,1.435777e-02,2.037254e-03,1.514199e-02,2.199210e-01,1.696403e-03,1.979061e-02,2.097964e-03,2.519407e-03,6.241639e-01,1.769453e-02
1.784792e-02,1.233318e-02,3.962517e-02,8.315550e-03,1.403227e-02,1.438022e-02,1.521544e-03,1.178216e-02,2.476921e-01,4.425945e-03,1.456437e-02,1.558482e-03,2.116121e-03,5.592129e-01,5.059204e-02
2.225459e-02,1.230813e-02,3.926267e-02,2.522528e-02,1.604433e-02,1.162442e-02,1.160809e-03,9.288463e-03,2.902727e-01,6.143585e-03,1.109056e-02,1.278318e-03,1.939383e-03,4.634641e-01,8.864267e-02
2.800122e-02,1.985696e-02,2.986479e-02,2.071687e-02,1.854585e-02,9.990960e-03,9.642786e-04,7.416757e-03,2.876082e-01,6.780830e-03,9.983175e-03,1.072200e-03,1.937586e-03,4.625005e-01,9.475976e-02
2.544269e-02,3.589991e-02,2.436743e-02,1.646009e-02,1.860776e-02,7.395212e-03,6.935668e-04,5.795246e-03,3.578550e-01,2.023110e-02,7.985521e-03,8.087374e-04,1.544366e-03,3.534643e-01,1.234490e-01
3.042779e-02,3.076455e-02,2.171950e-02,1.234260e-02,1.747761e-02,5.957877e-03,5.082163e-04,6.387468e-03,3.926915e-01,1.629458e-02,1.280701e-02,7.185518e-04,1.410196e-03,3.488541e-01,1.016384e-01
3.575272e-02,2.845486e-02,1.644230e-02,1.057775e-02,1.619602e-02,4.880855e-03,3.843705e-04,6.217981e-03,4.152816e-01,2.431445e-02,1.262977e-02,7.491593e-04,1.516805e-03,2.968838e-01,1.297175e-01
6.139795e-02,3.091347e-02,1.290152e-02,3.847249e-02,1.662540e-02,5.382079e-03,5.906890e-04,9.415561e-03,4.019811e-01,2.273733e-02,1.116738e-02,1.496681e-03,3.086550e-03,2.282967e-01,1.555351e-01
1.106135e-01,3.684153e-02,1.314184e-02,4.090180e-02,2.752196e-02,5.760815e-03,1.078574e-03,2.968322e-02,3.490770e-01,1.809576e-02,1.011701e-02,1.685196e-03,3.259055e-03,2.267596e-01,1.254631e-01
1.902236e-01,5.854107e-02,1.816713e-02,5.285874e-02,4.071252e-02,8.021940e-03,1.177532e-03,2.942334e-02,3.080897e-01,1.346234e-02,1.198691e-02,3.939734e-03,5.546523e-03,1.625208e-01,9.532817e-02
1.762498e-01,5.771282e-02,3.049356e-02,4.442188e-02,3.154013e-02,2.133307e-02,1.528973e-03,2.285277e-02,2.285974e-01,9.681798e-03,1.105099e-02,4.231529e-03,1.744875e-01,1.147455e-01,7.107224e-02
1.471449e-01,4.608787e-02,2.707716e-02,3.794678e-02,2.422633e-02,3.370843e-02,1.393393e-03,1.650776e-02,1.713180e-01,6.996846e-03,8.976398e-03,5.839821e-03,3.381496e-01,8.067460e-02,5.395213e-02
1.389797e-01,3.335627e-02,2.102213e-02,2.806253e-02,1.799469e-02,3.541007e-02,1.380067e-03,1.228779e-02,1.231835e-01,5.009717e-03,6.645923e-03,5.413122e-03,4.741957e-01,5.660144e-02,4.045734e-02
1.196229e-01,2.437123e-02,1.614148e-02,2.049953e-02,1.373821e-02,3.286454e-02,1.461458e-03,9.624277e-03,8.816130e-02,3.595135e-03,4.942189e-03,4.537846e-03,5.901769e-01,3.970660e-02,3.055632e-02
