1.000000e+00,0.000000e+00,0.000000e+00,0.000000e+00,0.000000e+00,0.000000e+00,0.000000e+00,0.000000e+00,0.000000e+00,0.000000e+00,0.000000e+00,0.000000e+00,0.000000e+00,0.000000e+00,0.000000e+00
1.000000e+00,0.000000e+00,0.000000e+00,0.000000e+00,0.000000e+00,0.000000e+00,0.000000e+00,0.000000e+00,0.000000e+00,0.000000e+00,0.000000e+00,0.000000e+00,0.000000e+00,0.000000e+00,0.000000e+00
1.000000e+00,0.000000e+00,0.000000e+00,0.000000e+00,0.000000e+00,0.000000e+00,0.000000e+00,0.000000e+00,0.000000e+00,0.000000e+00,0.000000e+00,0.000000e+00,0.000000e+00,0.000000e+00,0.000000e+00
1.000000e+00,0.000000e+00,0.000000e+00,0.000000e+00,0.000000e+00,0.000000e+00,0.000000e+00,0.000000e+00,0.000000e+00,0.000000e+00,0.000000e+00,0.000000e+00,0.000000e+00,0.000000e+00,0.000000e+00
1.000000e+00,0.000000e+00,0.000000e+00,0.000000e+00,0.000000e+00,0.000000e+00,0.000000e+00,0.000000e+00,0.000000e+00,0.000000e+00,0.000000e+00,0.000000e+00,0.000000e+00,0.000000e+00,0.000000e+00
1.000000e+00,0.000000e+00,0.000000e+00,0.000000e+00,0.000000e+00,0.000000e+00,0.000000e+00,0.000000e+00,0.000000e+00,0.000000e+00,0.000000e+00,0.000000e+00,0.000000e+00,0.000000e+00,0.000000e+00
1.000000e+00,0.000000e+00,0.000000e+00,0.000000e+00,0.000000e+00,0.000000e+00,0.000000e+00,0.000000e+00,0.000000e+00,0.000000e+00,0.000000e+00,0.000000e+00,0.000000e+00,0.000000e+00,0.000000e+00
1.000000e+00,0.000000e+00,0.000000e+00,0.000000e+00,0.000000e+00,0.000000e+00,0.000000e+00,0.000000e+00,0.000000e+00,0.000000e+00,0.000000e+00,0.000000e+00,0.000000e+00,0.000000e+00,0.000000e+00
1.000000e+00,0.000000e+00,0.000000e+00,0.000000e+00,0.000000e+00,0.000000e+00,0.000000e+00,0.000000e+00,0.000000e+00,0.000000e+00,0.000000e+00,0.000000e+00,0.000000e+00,0.000000e+00,0.000000e+00
1.000000e+00,0.000000e+00,0.000000e+00,0.000000e+00,0.000000e+00,0.000000e+00,0.000000e+00,0.000000e+00,0.000000e+00,0.000000e+00,0.000000e+00,0.000000e+00,0.000000e+00,0.000000e+00,0.000000e+00
1.000000e+00,0.000000e+00,0.000000e+00,0.000000e+00,0.000000e+00,0.000000e+00,0.000000e+00,0.000000e+00,0.000000e+00,0.000000e+00,0.000000e+00,0.000000e+00,0.000000e+00,0.000000e+00,0.000000e+00
1.000000e+00,0.000000e+00,0.000000e+00,0.000000e+00,0.000000e+00,0.000000e+00,0.000000e+00,0.000000e+00,0.000000e+00,0.000000e+00,0.000000e+00,0.000000e+00,0.000000e+00,0.000000e+00,0.000000e+00
1.000000e+00,0.000000e+00,0.000000e+00,0.000000e+00,0.000000e+00,0.000000e+00,0.000000e+00,0.000000e+00,0.000000e+00,0.000000e+00,0.000000e+00,0.000000e+00,0.000000e+00,0.000000e+00,0.000000e+00
1.000000e+00,0.000000e+00,0.000000e+00,0.000000e+00,0.000000e+00,0.000000e+00,0.000000e+00,0.000000e+00,0.000000e+00,0.000000e+00,0.000000e+00,0.000000e+00,0.000000e+00,0.000000e+00,0.000000e+00
1.000000e+00,0.000000e+00,0.000000e+00,0.000000e+00,0.000000e+00,0.000000e+00,0.000000e+00,0.000000e+00,0.000000e+00,0.000000e+00,0.000000e+00,0.000000e+00,0.000000e+00,0.000000e+00,0.000000e+00
1.000000e+00,0.000000e+00,0.000000e+00,0.000000e+00,0.000000e+00,0.000000e+00,0.000000e+00,0.000000e+00,0.000000e+00,0.000000e+00,0.000000e+00,0.000000e+00,0.000000e+00,0.000000e+00,0.000000e+00
1.000000e+00,0.000000e+00,0.000000e+00,0.000000e+00,0.000000e+00,0.000000e+00,0.000000e+00,0.000000e+00,0.000000e+00,0.000000e+00,0.000000e+00,0.000000e+00,0.000000e+00,0.000000e+00,0.000000e+00
1.000000e+00,0.000000e+00,0.000000e+00,0.000000e+00,0.000000e+00,0.000000e+00,0.000000e+00,0.000000e+00,0.000000e+00,0.000000e+00,0.000000e+00,0.000000e+00,0.000000e+00,0.000000e+00,0.000000e+00
1.000000e+00,0.000000e+00,0.000000e+00,0.000000e+00,0.000000e+00,0.000000e+00,0.000000e+00,0.000000e+00,0.000000e+00,0.000000e+00,0.000000e+00,0.000000e+00,0.000000e+00,0.000000e+00,0.000000e+00
1.000000e+00,0.000000e+00,0.000000e+00,0.000000e+00,0.000000e+00,0.000000e+00,0.000000e+00,0.000000e+00,0.000000e+00,0.000000e+00,0.000000e+00,0.000000e+00,0.000000e+00,0.000000e+00,0.000000e+00
1.000000e+00,0.000000e+00,0.000000e+00,0.000000e+00,0.000000e+00,0.000000e+00,0.000000e+00,0.000000e+00,0.000000e+00,0.000000e+00,0.000000e+00,0.000000e+00,0.000000e+00,0.000000e+00,0.000000e+00
1.000000e+00,0.000000e+00,0.000000e+00,0.000000e+00,0.000000e+00,0.000000e+00,0.000000e+00,0.000000e+00,0.000000e+00,0.000000e+00,0.000000e+00,0.000000e+00,0.000000e+00,0.000000e+00,0.000000e+00
1.000000e+00,0.000000e+00,0.000000e+00,0.000000e+00,0.000000e+00,0.000000e+00,0.000000e+00,0.000000e+00,0.000000e+00,0.000000e+00,0.000000e+00,0.000000e+00,0.000000e+00,0.000000e+00,0.000000e+00
1.000000e+00,0.000000e+00,0.000000e+00,0.000000e+00,0.000000e+00,0.000000e+00,0.000000e+00,0.000000e+00,0.000000e+00,0.000000e+00,0.000000e+00,0.000000e+00,0.000000e+00,0.000000e+00,0.000000e+00
1.000000e+00,0.000000e+00,0.000000e+00,0.000000e+00,0.000000e+00,0.000000e+00,0.000000e+00,0.000000e+00,0.000000e+00,0.000000e+00,0.000000e+00,0.000000e+00,0.000000e+00,0.000000e+00,0.000000e+00
1.000000e+00,0.000000e+00,0.000000e+00,0.000000e+00,0.000000e+00,0.000000e+00,0.000000e+00,0.000000e+00,0.000000e+00,0.000000e+00,0.000000e+00,0.000000e+00,0.000000e+00,0.000000e+00,0.000000e+00
1.000000e+00,0.000000e+00,0.000000e+00,0.000000e+00,0.000000e+00,0.000000e+00,0.000000e+00,0.000000e+00,0.000000e+00,0.000000e+00,0.000000e+00,0.000000e+00,0.000000e+00,0.000000e+00,0.000000e+00
1.000000e+00,0.000000e+00,0.000000e+00,0.000000e+00,0.000000e+00,0.000000e+00,0.000000e+00,0.000000e+00,0.000000e+00,0.000000e+00,0.000000e+00,0.000000e+00,0.000000e+00,0.000000e+00,0.000000e+00
1.000000e+00,0.000000e+00,0.000000e+00,0.000000e+00,0.000000e+00,0.000000e+00,0.000000e+00,0.000000e+00,0.000000e+00,0.000000e+00,0.000000e+00,0.000000e+00,0.000000e+00,0.000000e+00,0.000000e+00
1.000000e+00,0.000000e+00,0.000000e+00,0.000000e+00,0.000000e+00,0.000000e+00,0.000000e+00,0.000000e+00,0.000000e+00,0.000000e+00,0.000000e+00,0.000000e+00,0.000000e+00,0.000000e+00,0.000000e+00
1.000000e+00,0.000000e+00,0.000000e+00,0.000000e+00,0.000000e+00,0.000000e+00,0.000000e+00,0.000000e+00,0.000000e+00,0.000000e+00,0.000000e+00,0.000000e+00,0.000000e+00,0.000000e+00,0.000000e+00
1.000000e+00,0.000000e+00,0.000000e+00,0.000000e+00,0.000000e+00,0.000000e+00,0.000000e+00,0.000000e+00,0.000000e+00,0.000000e+00,0.000000e+00,0.000000e+00,0.000000e+00,0.000000e+00,0.000000e+00
1.000000e+00,0.000000e+00,0.000000e+00,0.000000e+00,0.000000e+00,0.000000e+00,0.000000e+00,0.000000e+00,0.000000e+00,0.000000e+00,0.000000e+00,0.000000e+00,0.000000e+00,0.000000e+00,0.000000e+00
1.000000e+00,0.000000e+00,0.000000e+00,0.000000e+00,0.000000e+00,0.000000e+00,0.000000e+00,0.000000e+00,0.000000e+00,0.000000e+00,0.000000e+00,0.000000e+00,0.000000e+00,0.000000e+00,0.000000e+00
1.000000e+00,0.000000e+00,0.000000e+00,0.000000e+00,0.000000e+00,0.000000e+00,0.000000e+00,0.000000e+00,0.000000e+00,0.000000e+00,0.000000e+00,0.000000e+00,0.000000e+00,0.000000e+00,0.000000e+00
1.000000e+00,0.000000e+00,0.000000e+00,0.000000e+00,0.000000e+00,0.000000e+00,0.000000e+00,0.000000e+00,0.000000e+00,0.000000e+00,0.000000e+00,0.000000e+00,0.000000e+00,0.000000e+00,0.000000e+00
1.000000e+00,0.000000e+00,0.000000e+00,0.000000e+00,0.000000e+00,0.000000e+00,0.000000e+00,0.000000e+00,0.000000e+00,0.000000e+00,0.000000e+00,0.000000e+00,0.000000e+00,0.000000e+00,0.000000e+00
1.000000e+00,0.000000e+00,0.000000e+00,0.000000e+00,0.000000e+00,0.000000e+00,0.000000e+00,0.000000e+00,0.000000e+00,0.000000e+00,0.000000e+00,0.000000e+00,0.000000e+00,0.000000e+00,0.000000e+00
1.000000e+00,0.000000e+00,0.000000e+00,0.000000e+00,0.000000e+00,0.000000e+00,0.000000e+00,0.000000e+00,0.000000e+00,0.000000e+00,0.000000e+00,0.000000e+00,0.000000e+00,0.000000e+00,0.000000e+00
1.000000e+00,0.000000e+00,0.000000e+00,0.000000e+00,0.000000e+00,0.000000e+00,0.000000e+00,0.000000e+00,0.000000e+00,0.000000e+00,0.000000e+00,0.000000e+00,0.000000e+00,0.000000e+00,0.000000e+00
4.216291e-01,4.580616e-02,6.462342e-02,2.720384e-01,1.827957e-02,1.996201e-02,6.037049e-03,2.796545e-02,1.365477e-02,2.458302e-03,1.847387e-02,3.673006e-02,2.054291e-02,4.994441e-03,2.680444e-02
4.731328e-01,4.790977e-02,4.921109e-02,2.304247e-01,1.981160e-02,1.979281e-02,6.091651e-03,2.297179e-02,1.705905e-02,2.298541e-03,2.024262e-02,3.507286e-02,2.294336e-02,5.222382e-03,2.781493e-02
4.200737e-01,4.485067e-02,5.554032e-02,2.794588e-01,2.099244e-02,2.148891e-02,5.986055e-03,3.185917e-02,1.535271e-02,2.011133e-03,1.818268e-02,3.516340e-02,2.030666e-02,4.246775e-03,2.448655e-02
4.060698e-01,4.206724e-02,7.859288e-02,2.772134e-01,2.112833e-02,2.234653e-02,5.444218e-03,3.102253e-02,1.304165e-02,1.984417e-03,1.754860e-02,3.685565e-02,1.861357e-02,3.658053e-03,2.441314e-02
3.986152e-01,4.491707e-02,1.103517e-01,2.413276e-01,1.962110e-02,2.094928e-02,5.129005e-03,3.003812e-02,1.174563e-02,2.822036e-03,1.766395e-02,4.004670e-02,1.912351e-02,4.385505e-03,3.326356e-02
1.000000e+00,0.000000e+00,0.000000e+00,0.000000e+00,0.000000e+00,0.000000e+00,0.000000e+00,0.000000e+00,0.000000e+00,0.000000e+00,0.000000e+00,0.000000e+00,0.000000e+00,0.000000e+00,0.000000e+00
4.933752e-01,4.356739e-02,6.934089e-02,2.009590e-01,1.649488e-02,2.249305e-02,6.124531e-03,2.240061e-02,1.065679e-02,2.235184e-03,1.467966e-02,3.908912e-02,2.237385e-02,3.985418e-03,3.222458e-02
4.721561e-01,4.008167e-02,9.190866e-02,2.300034e-01,1.588384e-02,1.830146e-02,4.935956e-03,2.205980e-02,8.495311e-03,1.941988e-03,1.309484e-02,3.282183e-02,1.896380e-02,3.194849e-03,2.615662e-02
1.000000e+00,0.000000e+00,0.000000e+00,0.000000e+00,0.000000e+00,0.000000e+00,0.000000e+00,0.000000e+00,0.000000e+00,0.000000e+00,0.000000e+00,0.000000e+00,0.000000e+00,0.000000e+00,0.000000e+00
1.000000e+00,0.000000e+00,0.000000e+00,0.000000e+00,0.000000e+00,0.000000e+00,0.000000e+00,0.000000e+00,0.000000e+00,0.000000e+00,0.000000e+00,0.000000e+00,0.000000e+00,0.000000e+00,0.000000e+00
1.000000e+00,0.000000e+00,0.000000e+00,0.000000e+00,0.000000e+00,0.000000e+00,0.000000e+00,0.000000e+00,0.000000e+00,0.000000e+00,0.000000e+00,0.000000e+00,0.000000e+00,0.000000e+00,0.000000e+00
1.000000e+00,0.000000e+00,0.000000e+00,0.000000e+00,0.000000e+00,0.000000e+00,0.000000e+00,0.000000e+00,0.000000e+00,0.000000e+00,0.000000e+00,0.000000e+00,0.000000e+00,0.000000e+00,0.000000e+00
1.000000e+00,0.000000e+00,0.000000e+00,0.000000e+00,0.000000e+00,0.000000e+00,0.000000e+00,0.000000e+00,0.000000e+00,0.000000e+00,0.000000e+00,0.000000e+00,0.000000e+00,0.000000e+00,0.000000e+00
1.000000e+00,0.000000e+00,0.000000e+00,0.000000e+00,0.000000e+00,0.000000e+00,0.000000e+00,0.000000e+00,0.000000e+00,0.000000e+00,0.000000e+00,0.000000e+00,0.000000e+00,0.000000e+00,0.000000e+00
1.000000e+00,0.000000e+00,0.000000e+00,0.000000e+00,0.000000e+00,0.000000e+00,0.000000e+00,0.000000e+00,0.000000e+00,0.000000e+00,0.000000e+00,0.000000e+00,0.000000e+00,0.000000e+00,0.000000e+00
1.000000e+00,0.000000e+00,0.000000e+00,0.000000e+00,0.000000e+00,0.000000e+00,0.000000e+00,0.000000e+00,0.000000e+00,0.000000e+00,0.000000e+00,0.000000e+00,0.000000e+00,0.000000e+00,0.000000e+00
1.000000e+00,0.000000e+00,0.000000e+00,0.000000e+00,0.000000e+00,0.000000e+00,0.000000e+00,0.000000e+00,0.000000e+00,0.000000e+00,0.000000e+00,0.000000e+00,0.000000e+00,0.000000e+00,0.000000e+00
1.000000e+00,0.000000e+00,0.000000e+00,0.000000e+00,0.000000e+00,0.000000e+00,0.000000e+00,0.000000e+00,0.000000e+00,0.000000e+00,0.000000e+00,0.000000e+00,0.000000e+00,0.000000e+00,0.000000e+00
1.000000e+00,0.000000e+00,0.000000e+00,0.000000e+00,0.000000e+00,0.000000e+00,0.000000e+00,0.000000e+00,0.000000e+00,0.000000e+00,0.000000e+00,0.000000e+00,0.000000e+00,0.000000e+00,0.000000e+00
1.000000e+00,0.000000e+00,0.000000e+00,0.000000e+00,0.000000e+00,0.000000e+00,0.000000e+00,0.000000e+00,0.000000e+00,0.000000e+00,0.000000e+00,0.000000e+00,0.000000e+00,0.000000e+00,0.000000e+00
3.885396e-01,6.228246e-03,4.304667e-02,2.162590e-02,2.549724e-01,1.665360e-02,2.233026e-01,6.208145e-03,1.771400e-03,3.553716e-03,4.069578e-03,1.276169e-02,8.535909e-03,1.012929e-03,7.717493e-03
2.727613e-01,4.398871e-03,3.043283e-02,1.532390e-02,3.202881e-01,1.206287e-02,3.057012e-01,6.821317e-03,1.375428e-03,5.383269e-03,2.929718e-03,9.117838e-03,6.630106e-03,8.032266e-04,5.970064e-03
1.910601e-01,3.089625e-03,2.133809e-02,1.081395e-02,2.675581e-01,9.174555e-03,4.108166e-01,4.896061e-03,9.914425e-04,5.802052e-02,3.594327e-03,7.207539e-03,5.535038e-03,6.128097e-04,5.291289e-03
1.338026e-01,2.169733e-03,1.494534e-02,7.604083e-03,1.879161e-01,6.556250e-03,5.623647e-01,3.495990e-03,7.046691e-04,4.457537e-02,4.923721e-03,7.896066e-03,1.307417e-02,5.159989e-04,9.455224e-03
9.389465e-02,1.537583e-03,1.047658e-02,5.379574e-03,1.321619e-01,4.740921e-03,5.345231e-01,2.507639e-03,5.158892e-04,4.725089e-02,4.582456e-02,4.514816e-02,5.604403e-02,9.429470e-04,1.905155e-02
6.752984e-02,1.100859e-03,7.346685e-03,4.073338e-03,9.356656e-02,4.120441e-03,3.941497e-01,1.803770e-03,5.802696e-04,4.519856e-02,1.080555e-01,5.869527e-02,1.660123e-01,2.837258e-03,4.492966e-02
5.217543e-02,8.062869e-04,5.170914e-03,3.267495e-03,6.646733e-02,4.911347e-03,2.983253e-01,1.379265e-03,9.534530e-04,4.098929e-02,1.356154e-01,6.889576e-02,2.439670e-01,7.509992e-03,6.956577e-02
4.365738e-02,6.548347e-04,3.747762e-03,3.218967e-03,4.793368e-02,6.222076e-03,2.267736e-01,1.864799e-03,5.640914e-03,5.954402e-02,1.222512e-01,8.568227e-02,3.003427e-01,1.783537e-02,7.463053e-02
3.420204e-02,1.199479e-03,2.911707e-03,2.884008e-03,3.652472e-02,4.955051e-03,1.617635e-01,2.207872e-03,1.592422e-02,5.146394e-02,9.433281e-02,1.013760e-01,4.102337e-01,1.925167e-02,6.076921e-02
2.521331e-02,1.618553e-02,1.743969e-02,2.241018e-03,3.851592e-02,4.245777e-03,1.152058e-01,2.482231e-03,3.606837e-02,4.958627e-02,7.141373e-02,9.921333e-02,4.253142e-01,1.725587e-02,7.961901e-02
2.245154e-02,2.154153e-02,1.901509e-01,4.386832e-03,5.533770e-02,5.705563e-03,8.206257e-02,6.526082e-03,3.316994e-02,3.605232e-02,5.600180e-02,7.511505e-02,3.072715e-01,1.301372e-02,9.121294e-02
1.859500e-02,1.890237e-02,1.433556e-01,1.261655e-02,1.906507e-01,6.481123e-03,5.877614e-02,7.133366e-03,7.962707e-02,2.995829e-02,4.672631e-02,6.593890e-02,2.237570e-01,1.088576e-02,8.659578e-02
1.737327e-02,1.472942e-02,1.017653e-01,1.174573e-02,1.426758e-01,7.060973e-03,4.212394e-02,8.061954e-03,2.421092e-01,2.367525e-02,5.117016e-02,5.739050e-02,2.005995e-01,1.386920e-02,6.564986e-02
2.318603e-02,1.425232e-02,7.218397e-02,1.056090e-02,1.169858e-01,7.453545e-03,3.193421e-02,8.292879e-03,3.005602e-01,1.960872e-02,6.511602e-02,6.577709e-02,1.916080e-01,1.993364e-02,5.254678e-02
1.681442e-02,1.169651e-02,5.069100e-02,7.842368e-03,9.299909e-02,7.476650e-03,2.332840e-02,6.486907e-03,2.899652e-01,1.535476e-02,6.661426e-02,5.897385e-02,2.965014e-01,1.456147e-02,4.069379e-02
1.368705e-02,1.046931e-02,3.629070e-02,6.633791e-03,7.811794e-02,2.530071e-02,2.237004e-02,7.075347e-02,2.372083e-01,1.626074e-02,8.778283e-02,5.681647e-02,2.950457e-01,1.176953e-02,3.149339e-02
1.238083e-02,1.017652e-02,2.634434e-02,1.015889e-02,7.446963e-02,7.446966e-02,1.938384e-02,8.273354e-02,1.979496e-01,1.471405e-02,8.517957e-02,4.686889e-02,3.103500e-01,1.024499e-02,2.457563e-02
1.060396e-02,1.008427e-02,1.991749e-02,1.233008e-02,5.853194e-02,1.058674e-01,1.421882e-02,1.219042e-01,2.110942e-01,1.112058e-02,6.919966e-02,3.773134e-02,2.901386e-01,8.039522e-03,1.921789e-02
1.066800e-02,9.419110e-03,1.439805e-02,1.297236e-02,7.185367e-02,9.712383e-02,1.140983e-02,9.675718e-02,3.610003e-01,7.986626e-03,4.991431e-02,2.753991e-02,2.095078e-01,5.719941e-03,1.372911e-02
1.166836e-02,1.733586e-02,1.346239e-02,1.502149e-01,6.200836e-02,8.736905e-02,8.323366e-03,7.835539e-02,3.367652e-01,7.655440e-03,3.939161e-02,1.990074e-02,1.498191e-01,4.166251e-03,1.356398e-02
1.899894e-02,1.793247e-02,1.140576e-02,1.923542e-01,5.446412e-02,6.997379e-02,6.413892e-03,6.877434e-02,3.827522e-01,7.492435e-03,3.192606e-02,1.466504e-02,1.079845e-01,3.157395e-03,1.170469e-02
2.324671e-02,1.593464e-02,8.340823e-03,1.428095e-01,6.190981e-02,6.130480e-02,4.862028e-03,1.009250e-01,4.473132e-01,5.381386e-03,2.737097e-02,1.111909e-02,7.862711e-02,2.314664e-03,8.540225e-03
2.778156e-02,1.625737e-02,6.097130e-03,1.014086e-01,7.532777e-02,5.309474e-02,3.759426e-03,9.441604e-02,5.262349e-01,3.867061e-03,1.959721e-02,8.033747e-03,5.596502e-02,1.743615e-03,6.415765e-03
3.706850e-02,2.081533e-02,4.491156e-03,7.432350e-02,9.229029e-02,4.226815e-02,3.172548e-03,1.076149e-01,5.468471e-01,2.874190e-03,1.423007e-02,6.481827e-03,3.988734e-02,1.327169e-03,6.307882e-03
5.878795e-02,2.826397e-02,3.972792e-03,6.065198e-02,7.364929e-02,4.254761e-02,2.621619e-03,8.835259e-02,5.458441e-01,2.447057e-03,1.401157e-02,8.129840e-03,6.184858e-02,1.067012e-03,7.804091e-03
7.772514e-02,2.704932e-02,3.211706e-03,4.493981e-02,5.771207e-02,5.167209e-02,2.464029e-03,6.586906e-02,5.352931e-01,1.984449e-03,1.408792e-02,8.739747e-03,8.278073e-02,1.043169e-03,2.542765e-02
8.341663e-02,2.508371e-02,3.767077e-03,3.470225e-02,4.588254e-02,5.305245e-02,2.354841e-03,4.956231e-02,4.432081e-01,1.949860e-03,1.747833e-02,1.102535e-02,1.951231e-01,1.095597e-03,3.229791e-02
9.795886e-02,2.924340e-02,7.191674e-03,3.202129e-02,4.444036e-02,5.434165e-02,3.700091e-03,4.049603e-02,3.690369e-01,3.589422e-03,2.995420e-02,1.208633e-02,1.901273e-01,6.636063e-03,7.917652e-02
1.186937e-01,3.218283e-02,7.298609e-03,2.702932e-02,3.841747e-02,4.623729e-02,3.490314e-03,3.136767e-02,3.521708e-01,5.106239e-03,3.828124e-02,1.482033e-02,1.654059e-01,9.701266e-03,1.097970e-01
1.646338e-01,2.694261e-02,6.533249e-03,2.565815e-02,3.326976e-02,3.643109e-02,3.348145e-03,2.377864e-02,2.825909e-01,8.491970e-03,8.301039e-02,2.103960e-02,1.617295e-01,1.972540e-02,1.028169e-01
2.244601e-01,2.894568e-02,7.749921e-03,2.144562e-02,3.644890e-02,2.915160e-02,3.046660e-03,3.275339e-02,2.526274e-01,1.128336e-02,7.562675e-02,1.998230e-02,1.252037e-01,2.455968e-02,1.067149e-01
2.984440e-01,3.744952e-02,9.150718e-03,1.803893e-02,3.708183e-02,2.414667e-02,2.760480e-03,2.712287e-02,2.194493e-01,1.151326e-02,6.304716e-02,1.886469e-02,9.502125e-02,3.150979e-02,1.063995e-01
3.010994e-01,3.701093e-02,9.431066e-03,2.125776e-02,2.709727e-02,2.143332e-02,2.199553e-03,2.124837e-02,2.594909e-01,1.259969e-02,6.018141e-02,2.130340e-02,8.029378e-02,3.773375e-02,8.761948e-02
3.737465e-01,3.527019e-02,1.277938e-02,2.269097e-02,2.180437e-02,2.545330e-02,2.506390e-03,1.733930e-02,1.938691e-01,1.237391e-02,5.883415e-02,2.559893e-02,6.462023e-02,5.917180e-02,7.394154e-02
4.334545e-01,3.032398e-02,1.171417e-02,2.529337e-02,1.857147e-02,2.665233e-02,2.571741e-03,1.352083e-02,1.447452e-01,2.139185e-02,5.644026e-02,3.685876e-02,5.378470e-02,6.014524e-02,6.453168e-02
4.659773e-01,2.836331e-02,1.113763e-02,2.326790e-02,1.629416e-02,2.697032e-02,3.036556e-03,1.068042e-02,1.103364e-01,2.198489e-02,7.265928e-02,3.853698e-02,4.469001e-02,7.015862e-02,5.590620e-02
4.415539e-01,2.622619e-02,4.815184e-02,3.554337e-02,1.634737e-02,2.799590e-02,2.979435e-03,1.631883e-02,9.556261e-02,2.089890e-02,7.314914e-02,3.596432e-02,4.221639e-02,7.149023e-02,4.560161e-02
3.960431e-01,3.913215e-02,4.045048e-02,3.265803e-02,1.605632e-02,3.096914e-02,2.429173e-03,1.612332e-02,1.380683e-01,1.785234e-02,6.522693e-02,3.131356e-02,3.441898e-02,9.728762e-02,4.197058e-02
3.609737e-01,4.871020e-02,4.012204e-02,3.216029e-02,1.728318e-02,5.756778e-02,2.319840e-03,2.159571e-02,1.424257e-01,1.434007e-02,5.434831e-02,2.604416e-02,2.729676e-02,1.167326e-01,3.807973e-02
3.487891e-01,4.780615e-02,3.950593e-02,4.014724e-02,2.008951e-02,7.671051e-02,1.856677e-03,2.940009e-02,1.534977e-01,1.315682e-02,4.278236e-02,2.131368e-02,2.159110e-02,9.699014e-02,4.636301e-02
2.931332e-01,4.843140e-02,3.325496e-02,3.479858e-02,4.088867e-02,9.556027e-02,2.508622e-03,4.189430e-02,2.185407e-01,1.086809e-02,3.157358e-02,1.626463e-02,1.693020e-02,7.583388e-02,3.951904e-02
2.437100e-01,3.800878e-02,3.641095e-02,3.339170e-02,3.940764e-02,1.913116e-01,3.084674e-03,6.759149e-02,1.987322e-01,8.206659e-03,2.352448e-02,1.253301e-02,1.385639e-02,5.908369e-02,3.114670e-02
2.142987e-01,3.433857e-02,3.941219e-02,2.599817e-02,3.925122e-02,1.525814e-01,3.892626e-03,2.214351e-01,1.598498e-01,6.004706e-03,1.693129e-02,8.981026e-03,1.039723e-02,4.405029e-02,2.257767e-02
1.839629e-01,2.801600e-02,3.545480e-02,2.055187e-02,3.795448e-02,1.209844e-01,2.381795e-02,3.353324e-01,1.351627e-01,4.359104e-03,1.216495e-02,6.470834e-03,8.054093e-03,3.138156e-02,1.633194e-02
1.480779e-01,2.174353e-02,2.601933e-02,1.448305e-02,2.820143e-02,8.567010e-02,1.675279e-01,3.482842e-01,1.020938e-01,3.291044e-03,8.645576e-03,4.873291e-03,6.709159e-03,2.262828e-02,1.175143e-02
1.179380e-01,1.724364e-02,1.880584e-02,1.022053e-02,2.173141e-02,6.044691e-02,1.844065e-01,4.436526e-01,8.340038e-02,2.486960e-03,6.136821e-03,3.588788e-03,5.240843e-03,1.623175e-02,8.469128e-03
9.616230e-02,1.355097e-02,1.361726e-02,7.254359e-03,1.726305e-02,4.300641e-02,2.677039e-01,4.368933e-01,7.290799e-02,1.835669e-03,4.411174e-03,2.769853e-03,4.840987e-03,1.159664e-02,6.186125e-03
8.539683e-02,1.119896e-02,9.846474e-03,5.198051e-03,1.404589e-02,3.167900e-02,3.596162e-01,3.749327e-01,8.225555e-02,1.539032e-03,3.379759e-03,2.540880e-03,5.105758e-03,8.352081e-03,4.912758e-03
7.982116e-02,8.703768e-03,7.157139e-03,3.748701e-03,1.098904e-02,2.436863e-02,4.430310e-01,3.064042e-01,9.521717e-02,1.263895e-03,2.608030e-03,2.498919e-03,4.369191e-03,5.943208e-03,3.875923e-03
6.507195e-02,6.234595e-03,5.376613e-03,2.804660e-03,8.467138e-03,1.918283e-02,5.450454e-01,2.616005e-01,6.994933e-02,9.535525e-04,1.994504e-03,2.421960e-03,3.769805e-03,4.214381e-03,2.912850e-03
4.738257e-02,4.431955e-03,3.852175e-03,1.992110e-03,6.522933e-03,1.437099e-02,6.478168e-01,2.107942e-01,5.018625e-02,6.768393e-04,1.562013e-03,1.810562e-03,3.572892e-03,2.960650e-03,2.067064e-03
3.503218e-02,3.148862e-03,2.787198e-03,1.421589e-03,5.012000e-03,1.099230e-02,7.304667e-01,1.659084e-01,3.539109e-02,4.828289e-04,1.218337e-03,1.565472e-03,2.982843e-03,2.088615e-03,1.501574e-03
2.697836e-02,2.306252e-03,2.080092e-03,1.011335e-03,4.285187e-03,8.507408e-03,7.916504e-01,1.291682e-01,2.561466e-02,3.567268e-04,1.113525e-03,1.299048e-03,3.039710e-03,1.479630e-03,1.109440e-03
2.390058e-02,1.768405e-03,1.590020e-03,7.374453e-04,3.801161e-03,6.980681e-03,8.258913e-01,1.077298e-01,1.915689e-02,2.719879e-04,1.086560e-03,1.181778e-03,3.978481e-03,1.058147e-03,8.666839e-04
2.389304e-02,1.349433e-03,1.318577e-03,5.948456e-04,4.265878e-03,5.813000e-03,8.449740e-01,9.554887e-02,1.422147e-02,2.247040e-04,1.198768e-03,1.576186e-03,3.344297e-03,7.899040e-04,8.870177e-04
2.242506e-02,1.125414e-03,1.085044e-03,4.656186e-04,3.790834e-03,5.936500e-03,8.586825e-01,8.439846e-02,1.052201e-02,3.173499e-04,2.546861e-03,1.612138e-03,3.855930e-03,6.532812e-04,2.582941e-03
1.863101e-02,8.472312e-04,8.041498e-04,3.837578e-04,3.084884e-03,5.455595e-03,8.846973e-01,6.522641e-02,7.537751e-03,3.630974e-04,3.298322e-03,2.328694e-03,3.365858e-03,5.212351e-04,3.454721e-03
1.759759e-02,6.357357e-04,6.260307e-04,3.218248e-04,2.560059e-03,4.036751e-03,8.070556e-01,5.033462e-02,6.436983e-03,4.619511e-04,6.177662e-02,4.048381e-03,2.100027e-02,6.370469e-04,2.247050e-02
2.115417e-02,5.500279e-04,5.937239e-04,2.818005e-04,2.554750e-03,2.995339e-03,7.347566e-01,4.702000e-02,6.147492e-03,7.455647e-04,9.660181e-02,5.494671e-03,4.494178e-02,8.156949e-04,3.534658e-02
1.796137e-02,6.500657e-04,7.418392e-04,1.032764e-03,1.670130e-02,2.701096e-03,5.498399e-01,3.706405e-02,1.272031e-02,1.759688e-03,1.804264e-01,1.975388e-02,1.242579e-01,1.162586e-03,3.322700e-02
1.315989e-02,4.720436e-04,5.711854e-04,8.318604e-04,1.262200e-02,2.959468e-03,3.885463e-01,2.644696e-02,9.869895e-03,1.533758e-03,2.022176e-01,2.341446e-02,2.736992e-01,1.014409e-03,4.264102e-02
1.004065e-02,3.426945e-04,4.819168e-04,7.176144e-04,1.254086e-02,2.516006e-03,2.739550e-01,1.930546e-02,1.064418e-02,1.467720e-03,2.336372e-01,3.972009e-02,3.353863e-01,8.474120e-04,5.839687e-02
8.056622e-03,2.561180e-04,8.477434e-03,5.533772e-04,4.541158e-02,1.837943e-03,1.922249e-01,4.737200e-02,3.523481e-02,1.193963e-03,3.063286e-01,4.455064e-02,2.615299e-01,6.441784e-04,4.632793e-02
7.756587e-03,2.380121e-04,1.497192e-02,7.936714e-04,4.658089e-02,1.599621e-03,1.350066e-01,1.007299e-01,6.619589e-02,1.479048e-03,3.210897e-01,4.206740e-02,2.255101e-01,5.577050e-04,3.542306e-02
8.544662e-03,2.042724e-04,1.361798e-02,1.176598e-03,3.819239e-02,1.552728e-03,9.465620e-02,1.602530e-01,7.758789e-02,1.779163e-03,3.252261e-01,4.551019e-02,2.051772e-01,5.611193e-04,2.596056e-02
7.239470e-03,1.570839e-04,1.049274e-02,1.202957e-03,3.157848e-02,1.132258e-03,6.637639e-02,3.202128e-01,7.479853e-02,1.329869e-03,2.824678e-01,3.611736e-02,1.479831e-01,4.346573e-04,1.847650e-02
6.078248e-03,1.834084e-04,8.096885e-03,1.187466e-03,3.195653e-02,9.756612e-04,4.660011e-02,3.386777e-01,2.132657e-01,9.606742e-04,2.085624e-01,2.613548e-02,1.040292e-01,3.121468e-04,1.297841e-02
5.188220e-03,1.818953e-04,6.314615e-03,1.801687e-03,3.641690e-02,8.959098e-04,3.298840e-02,4.017861e-01,2.623675e-01,6.853387e-04,1.502255e-01,1.868025e-02,7.314336e-02,2.223771e-04,9.101889e-03
6.687218e-03,3.156619e-04,5.027500e-03,2.552557e-02,4.281762e-02,1.658224e-03,2.337861e-02,4.793463e-01,2.370011e-01,5.203562e-04,1.060114e-01,1.361885e-02,5.150018e-02,1.594006e-04,6.432045e-03
8.756286e-03,5.058143e-04,4.174129e-03,2.773320e-02,4.885235e-02,1.362007e-03,1.652067e-02,5.453248e-01,2.211309e-01,4.161101e-04,7.460784e-02,9.732480e-03,3.619172e-02,1.162612e-04,4.575448e-03
2.974950e-02,2.531041e-03,4.625136e-03,3.494150e-02,8.584174e-02,2.250436e-03,1.270103e-02,4.429840e-01,2.887667e-01,1.209452e-03,5.286293e-02,7.725442e-03,2.625166e-02,1.349353e-04,7.424548e-03
5.492201e-02,4.299071e-03,4.145737e-03,3.958589e-02,1.547870e-01,2.751130e-03,1.078823e-02,3.802748e-01,2.792200e-01,1.023303e-03,3.731811e-02,5.864407e-03,1.904633e-02,1.386049e-04,5.835432e-03
4.815246e-02,8.549277e-03,7.406401e-03,8.913153e-02,1.442687e-01,2.463304e-03,8.137103e-03,4.365596e-01,2.053443e-01,7.631480e-04,2.646373e-02,4.369277e-03,1.371429e-02,1.207294e-04,4.556204e-03
3.657506e-02,7.115422e-03,7.399471e-03,2.482149e-01,1.104930e-01,2.016721e-03,5.723005e-03,3.627674e-01,1.470848e-01,8.261321e-04,5.310185e-02,3.401516e-03,1.132487e-02,1.274744e-04,3.828334e-03
2.567848e-02,5.423081e-03,5.851584e-03,3.234873e-01,8.304619e-02,1.650472e-03,4.021463e-03,2.560076e-01,1.062839e-01,8.196183e-04,1.702451e-01,3.846806e-03,9.774473e-03,1.005995e-03,2.858056e-03
1.802599e-02,3.893263e-03,4.266949e-03,2.853684e-01,6.284548e-02,1.268145e-03,2.834860e-03,1.797604e-01,7.743668e-02,9.604928e-04,2.822639e-01,1.425121e-02,2.034995e-02,4.294858e-02,3.525751e-03
1.268307e-02,2.812981e-03,3.142763e-03,2.501012e-01,4.739781e-02,1.085359e-03,2.007588e-03,1.263992e-01,5.686099e-02,1.061988e-03,3.777649e-01,2.195416e-02,1.983160e-02,7.379686e-02,3.099570e-03
8.999840e-03,2.007522e-03,2.328339e-03,1.841619e-01,4.361370e-02,1.303695e-03,1.445648e-03,8.877998e-02,4.163350e-02,1.655808e-03,4.754085e-01,4.289592e-02,1.922645e-02,8.399653e-02,2.542752e-03
6.459725e-03,1.654888e-03,1.972189e-03,1.388980e-01,4.621726e-02,1.424076e-03,1.059971e-03,6.237233e-02,3.244302e-02,1.676128e-03,4.402720e-01,8.278858e-02,2.497704e-02,1.558399e-01,1.944878e-03
4.827794e-03,1.650541e-03,1.676023e-03,1.013002e-01,3.955616e-02,2.256706e-03,7.521479e-04,4.378729e-02,2.773199e-02,1.964689e-03,5.066155e-01,9.304405e-02,2.109936e-02,1.523251e-01,1.412499e-03
3.858118e-03,7.134030e-03,1.821218e-03,7.555322e-02,4.771189e-02,5.240480e-03,5.397581e-04,3.085744e-02,3.026146e-02,1.810647e-03,4.944159e-01,9.459502e-02,1.746570e-02,1.875796e-01,1.155622e-03
3.025200e-03,5.601659e-03,1.453179e-03,5.846189e-02,3.821468e-02,6.528432e-03,3.909285e-04,2.168909e-02,2.485984e-02,1.599021e-03,5.459545e-01,9.309573e-02,1.344922e-02,1.846720e-01,1.004683e-03
2.314219e-03,1.405604e-02,1.244421e-03,4.104612e-02,3.197959e-02,5.962444e-03,2.836763e-04,1.522458e-02,2.559126e-02,1.442010e-03,5.254004e-01,8.653021e-02,1.009665e-02,2.377376e-01,1.090857e-03
1.675230e-03,1.857522e-02,1.355540e-03,2.882570e-02,3.496356e-02,4.459333e-03,2.047300e-04,1.069072e-02,3.907056e-02,1.319628e-03,5.584517e-01,8.094661e-02,7.602187e-03,2.108764e-01,9.829401e-04
1.321083e-03,1.329065e-02,1.059769e-03,2.091344e-02,3.133969e-02,4.084025e-03,1.488964e-04,7.540021e-03,3.967980e-02,1.497665e-03,6.359727e-01,6.041496e-02,5.725058e-03,1.757078e-01,1.304472e-03
1.204515e-03,9.398251e-03,7.949643e-04,1.487623e-02,2.306499e-02,5.068696e-03,1.115160e-04,5.310189e-03,3.032726e-02,1.586348e-03,7.014377e-01,4.616149e-02,5.113746e-03,1.543200e-01,1.224096e-03
1.190688e-03,6.685713e-03,6.221857e-04,1.050832e-02,1.652320e-02,5.113596e-03,8.287382e-05,3.734550e-03,2.353993e-02,1.359788e-03,6.898041e-01,3.548339e-02,4.578745e-03,1.997037e-01,1.069311e-03
1.741146e-03,1.038620e-02,9.871998e-04,7.700766e-03,1.408406e-02,6.199450e-03,7.410075e-05,2.684649e-03,3.456940e-02,1.859651e-03,6.585029e-01,3.002930e-02,4.603039e-03,2.251059e-01,1.472305e-03
2.228008e-03,1.150181e-02,1.666982e-03,6.368585e-03,1.477171e-02,7.492875e-03,1.198839e-04,2.025813e-03,5.521380e-02,3.563593e-03,6.384897e-01,2.715633e-02,4.861293e-03,2.227313e-01,1.808449e-03
2.142179e-03,9.978348e-03,2.928768e-03,5.076078e-03,1.234221e-02,6.974425e-03,1.142467e-04,1.518009e-03,1.005195e-01,5.212176e-03,5.516174e-01,2.268526e-02,4.702566e-03,2.723409e-01,1.848006e-03
2.510614e-03,8.374686e-03,2.404484e-03,3.837356e-03,9.118211e-03,5.530485e-03,9.394340e-05,1.107629e-03,1.177583e-01,5.661585e-03,5.156505e-01,1.748182e-02,3.974546e-03,3.046471e-01,1.848884e-03
2.584177e-03,6.251795e-03,1.941290e-03,3.048155e-03,6.624188e-03,4.636447e-03,7.376366e-05,8.193792e-04,9.491868e-02,5.167757e-03,5.076807e-01,1.336472e-02,3.675674e-03,3.477785e-01,1.434802e-03
2.350540e-03,4.654603e-03,1.536904e-03,2.289580e-03,4.833533e-03,3.615307e-03,5.774551e-05,6.079918e-04,9.576518e-02,4.331164e-03,4.708475e-01,9.998839e-03,2.838428e-03,3.951356e-01,1.137050e-03
2.285973e-03,3.485848e-03,2.454125e-03,1.750264e-03,3.574268e-03,3.892168e-03,6.241442e-05,5.405231e-04,1.188650e-01,3.436931e-03,3.712505e-01,7.406011e-03,2.195409e-03,4.779148e-01,8.858550e-04
4.813827e-03,3.087306e-03,7.820139e-03,1.935485e-03,2.971670e-03,7.586892e-03,7.448108e-05,9.888980e-04,1.841674e-01,3.925186e-03,2.948360e-01,5.339844e-03,1.799175e-03,4.797323e-01,9.214086e-04
4.535817e-03,3.945341e-03,6.829973e-03,1.724611e-03,2.625368e-03,7.622443e-03,7.961795e-05,9.181566e-04,3.641862e-01,3.916412e-03,2.245794e-01,3.905564e-03,1.382659e-03,3.722635e-01,1.485023e-03
8.923607e-03,4.054515e-03,6.750863e-03,1.533641e-03,2.455130e-03,8.782853e-03,7.859813e-05,7.637467e-04,4.474294e-01,4.131067e-03,1.773387e-01,2.928600e-03,1.171059e-03,3.305286e-01,3.129645e-03
2.270756e-02,4.180009e-03,4.041809e-02,9.409185e-03,2.914570e-03,1.812492e-02,3.490673e-04,2.008514e-03,5.083025e-01,5.004572e-03,1.298790e-01,2.274461e-03,1.196323e-03,2.463007e-01,6.930559e-03
2.440729e-02,3.785009e-03,2.981349e-02,7.953990e-03,2.894817e-03,1.610366e-02,2.965701e-04,2.574164e-03,6.093582e-01,5.348439e-03,9.443206e-02,1.695508e-03,1.057953e-03,1.923647e-01,7.914199e-03
3.271623e-02,4.436063e-03,2.409787e-02,1.038160e-02,4.580825e-03,1.392401e-02,4.524824e-04,4.933553e-03,6.470361e-01,4.911240e-03,7.511442e-02,1.821292e-03,1.360419e-03,1.658532e-01,8.380735e-03
3.724220e-02,5.646410e-03,1.956843e-02,1.025849e-02,4.080961e-03,1.269196e-02,3.639333e-04,4.346016e-03,6.700715e-01,4.640406e-03,6.130029e-02,1.651934e-03,1.348972e-03,1.567787e-01,1.000981e-02
4.325618e-02,5.237269e-03,1.654746e-02,9.379979e-03,3.720889e-03,1.205259e-02,3.197688e-04,4.116686e-03,6.608761e-01,3.970786e-03,5.200855e-02,1.364374e-03,1.366559e-03,1.765850e-01,9.197800e-03
4.773948e-02,5.489015e-03,1.458322e-02,7.624799e-03,4.144798e-03,1.679737e-02,2.926959e-04,3.542764e-03,6.951938e-01,3.280699e-03,4.180364e-02,1.091190e-03,1.109202e-03,1.481553e-01,9.151984e-03
5.295074e-02,5.067196e-03,1.180460e-02,6.883339e-03,4.533718e-03,1.336560e-02,2.777310e-04,3.491711e-03,7.408662e-01,2.839517e-03,3.259767e-02,8.660806e-04,9.030908e-04,1.158251e-01,7.727629e-03
7.185066e-02,1.475774e-02,9.661200e-03,7.352327e-03,5.450866e-03,1.188340e-02,3.053684e-04,3.167051e-03,7.371880e-01,2.318463e-03,2.961714e-02,9.287175e-04,8.334697e-04,9.740944e-02,7.276030e-03
8.814194e-02,1.586261e-02,7.850432e-03,8.273713e-03,5.571388e-03,2.946906e-02,4.994522e-04,3.787463e-03,7.233532e-01,1.995350e-03,2.858219e-02,1.277682e-03,1.001823e-03,7.766540e-02,6.668210e-03
1.067844e-01,1.345462e-02,6.657237e-03,8.760709e-03,4.997634e-03,4.353179e-02,6.862159e-04,5.115654e-03,7.008120e-01,1.744454e-03,2.805720e-02,1.918752e-03,1.128165e-03,6.988231e-02,6.468812e-03
1.480183e-01,1.237148e-02,5.626156e-03,7.777608e-03,4.039246e-03,1.384734e-01,8.429628e-04,4.501078e-03,5.598751e-01,1.928314e-03,3.157918e-02,2.756726e-03,1.379773e-03,7.337780e-02,7.452880e-03
1.909779e-01,1.631748e-02,4.517502e-03,6.666386e-03,3.597092e-03,1.660253e-01,8.932581e-04,4.072649e-03,4.903092e-01,1.886528e-03,3.103328e-02,2.857426e-03,1.619722e-03,7.157099e-02,7.655198e-03
1.603441e-01,1.506347e-01,4.174500e-03,4.566692e-02,3.352251e-02,1.190744e-01,9.180288e-04,5.879056e-03,3.684579e-01,2.464264e-03,3.447236e-02,7.378368e-03,3.192424e-03,5.327042e-02,1.055000e-02
1.134503e-01,2.457218e-01,3.746142e-03,3.743242e-02,2.393441e-02,8.373488e-02,6.518841e-04,4.181127e-03,2.937523e-01,1.750584e-02,8.425632e-02,1.001925e-02,1.012212e-02,4.807478e-02,2.341640e-02
8.145261e-02,2.111968e-01,2.870486e-03,2.773048e-02,1.729423e-02,5.907400e-02,4.758608e-04,3.031754e-03,2.385861e-01,1.494385e-02,1.734587e-01,1.198094e-02,5.066132e-02,8.838946e-02,1.885339e-02
5.748436e-02,1.510896e-01,2.173393e-03,2.123499e-02,1.636561e-02,4.145547e-02,3.412906e-04,2.219701e-03,2.158059e-01,1.224078e-02,3.009048e-01,1.249271e-02,4.526385e-02,1.065880e-01,1.433959e-02
4.145063e-02,1.071396e-01,1.668813e-03,1.684454e-02,7.331344e-02,2.914462e-02,2.692731e-04,1.773378e-03,1.786852e-01,9.740879e-03,3.721952e-01,2.291743e-02,4.677523e-02,8.592083e-02,1.216086e-02
2.930971e-02,7.514983e-02,1.269502e-03,1.233006e-02,9.368053e-02,2.054710e-02,2.394911e-04,1.382722e-03,1.287188e-01,7.801861e-03,4.618866e-01,4.600705e-02,3.952467e-02,6.560335e-02,1.654874e-02
2.157871e-02,5.300870e-02,1.421774e-03,1.260230e-02,8.198501e-02,1.705928e-02,3.329158e-04,1.950857e-03,1.025055e-01,7.460281e-03,4.412026e-01,1.432846e-01,4.762539e-02,4.837639e-02,1.960570e-02
1.621407e-02,3.756888e-02,1.235866e-03,9.506956e-03,6.360918e-02,1.281394e-02,3.427640e-04,2.980773e-03,9.837866e-02,8.571039e-03,4.132096e-01,2.163450e-01,6.093419e-02,3.730510e-02,2.098402e-02
1.178972e-02,2.949413e-02,1.570064e-03,6.886055e-03,5.418359e-02,9.143421e-03,2.876829e-04,2.706698e-03,3.150096e-01,6.516648e-03,3.099847e-01,1.595889e-01,5.006555e-02,2.647038e-02,1.630285e-02
8.994970e-03,2.338824e-02,2.789111e-03,6.294822e-03,5.140854e-02,6.540186e-03,3.746374e-04,1.382135e-02,4.572259e-01,4.822704e-03,2.307955e-01,1.200598e-01,4.015487e-02,1.918149e-02,1.414780e-02
6.584212e-03,1.946991e-02,2.931249e-03,7.607613e-03,4.369124e-02,5.614271e-03,2.943588e-04,1.028624e-02,5.984769e-01,3.615947e-03,1.647242e-01,8.428797e-02,2.843447e-02,1.381047e-02,1.017083e-02
9.636885e-03,1.842175e-02,3.532269e-03,1.549385e-02,4.265871e-02,5.839739e-03,2.780007e-04,9.715980e-03,6.700476e-01,3.187407e-03,1.202214e-01,6.019836e-02,2.262661e-02,1.024061e-02,7.900772e-03
1.189811e-02,1.834037e-02,4.219790e-03,1.378334e-02,7.784221e-02,4.948528e-03,4.108862e-04,7.673396e-03,6.921861e-01,2.583787e-03,9.278100e-02,4.283260e-02,1.680104e-02,7.569369e-03,6.129452e-03
1.224159e-02,1.543158e-02,3.527656e-03,1.015719e-02,9.949793e-02,3.655757e-03,5.416464e-04,6.578025e-03,7.277025e-01,1.894015e-03,6.721723e-02,3.003731e-02,1.185320e-02,5.339873e-03,4.324497e-03
1.215512e-02,1.353693e-02,3.080825e-03,1.427883e-02,8.315632e-02,3.230995e-03,5.630634e-04,6.971360e-03,7.773172e-01,1.497558e-03,4.768872e-02,2.115986e-02,8.442786e-03,3.767227e-03,3.153208e-03
1.328371e-02,1.138589e-02,4.194922e-03,4.522705e-02,1.077461e-01,2.540054e-03,1.375311e-03,8.663929e-02,6.665584e-01,1.148912e-03,3.387966e-02,1.493024e-02,6.124977e-03,2.664069e-03,2.301423e-03
2.446273e-02,1.016607e-02,1.423080e-02,1.847895e-01,1.023375e-01,2.243239e-03,1.393100e-03,7.800131e-02,5.356170e-01,1.553048e-03,2.536456e-02,1.089705e-02,4.819922e-03,1.926352e-03,2.197803e-03
4.909235e-02,1.060025e-02,1.916010e-02,1.586084e-01,1.156919e-01,2.139301e-03,2.077787e-03,9.622729e-02,5.058406e-01,2.860796e-03,2.014031e-02,8.522748e-03,4.333553e-03,1.452614e-03,3.252066e-03
8.384027e-02,9.576348e-03,1.552008e-02,1.201450e-01,1.446101e-01,2.265480e-03,2.742823e-03,8.010410e-02,5.101312e-01,2.194137e-03,1.542945e-02,6.308729e-03,3.459482e-03,1.083685e-03,2.589023e-03
1.024041e-01,9.132320e-03,1.895129e-02,1.106220e-01,1.568835e-01,2.453651e-03,3.013642e-03,1.504346e-01,4.209492e-01,1.927410e-03,1.212888e-02,5.049319e-03,3.083417e-03,8.209016e-04,2.145800e-03
1.174973e-01,7.469949e-03,2.262936e-02,1.296947e-01,1.511530e-01,2.348193e-03,2.579270e-03,2.393059e-01,3.078004e-01,1.525970e-03,9.332603e-03,3.834317e-03,2.484744e-03,6.367135e-04,1.707511e-03
1.111545e-01,5.840791e-03,1.978979e-02,1.163639e-01,1.130285e-01,1.875771e-03,1.908529e-03,3.885736e-01,2.241396e-01,1.863788e-03,8.197881e-03,3.254516e-03,2.100982e-03,5.019770e-04,1.405950e-03
7.966436e-02,4.939839e-03,1.972426e-02,8.344536e-02,7.997659e-02,1.443652e-03,1.376964e-03,2.753319e-01,4.224698e-01,5.567665e-03,1.391462e-02,2.455272e-03,2.871202e-03,8.179216e-04,6.000608e-03
5.661632e-02,3.646565e-03,1.508250e-02,6.188055e-02,5.625828e-02,1.069487e-03,9.714541e-04,1.930086e-01,5.771577e-01,5.075544e-03,1.798249e-02,1.782687e-03,2.239986e-03,1.100801e-03,6.126979e-03
4.046284e-02,2.816267e-03,1.119342e-02,4.419019e-02,3.959101e-02,8.657702e-04,6.889133e-04,1.351940e-01,6.696122e-01,4.017379e-03,3.840936e-02,1.294228e-03,1.916810e-03,2.876241e-03,6.871364e-03
2.854867e-02,2.031108e-03,7.878519e-03,3.096979e-02,2.789125e-02,6.542014e-04,4.856015e-04,9.465650e-02,7.349275e-01,2.938027e-03,5.382498e-02,9.268512e-04,1.996871e-03,5.187650e-03,7.082404e-03
2.204877e-02,1.468773e-03,6.284520e-03,2.182066e-02,1.965822e-02,6.820330e-04,3.515412e-04,6.630458e-02,8.070788e-01,2.245973e-03,3.846767e-02,8.002709e-04,2.166601e-03,5.214399e-03,5.407062e-03
1.837771e-02,1.178913e-03,4.954641e-03,1.536862e-02,1.398927e-02,1.043522e-03,2.860418e-04,4.648222e-02,8.323442e-01,2.253343e-03,2.906654e-02,1.197801e-03,3.450372e-03,2.042573e-02,9.581091e-03
1.336811e-02,9.836680e-04,3.800918e-03,1.104144e-02,9.824395e-03,8.546569e-04,2.090421e-04,3.254808e-02,8.723564e-01,2.462019e-03,2.167427e-02,1.178034e-03,4.448698e-03,1.701564e-02,8.234617e-03
9.610172e-03,8.827919e-04,3.197392e-03,7.947524e-03,6.947391e-03,6.616396e-04,1.640956e-04,2.282207e-02,8.883674e-01,6.641919e-03,1.674682e-02,1.654930e-03,9.553456e-03,1.405675e-02,1.074562e-02
7.391299e-03,8.943580e-04,3.495021e-03,6.093199e-03,5.071006e-03,7.099129e-04,1.908481e-04,1.609703e-02,7.259457e-01,1.194275e-02,4.444198e-02,3.277969e-03,5.529254e-02,2.322600e-02,9.593040e-02
5.590578e-03,9.938623e-04,2.725792e-03,4.480816e-03,3.635270e-03,5.726622e-04,1.718764e-04,1.129339e-02,6.509316e-01,2.022341e-02,6.814029e-02,1.887185e-02,6.422272e-02,3.081200e-02,1.173338e-01
4.408509e-03,1.029819e-03,2.034844e-03,3.221974e-03,3.063836e-03,5.633582e-04,2.180140e-04,8.018380e-03,5.076425e-01,2.935773e-02,1.002361e-01,4.353935e-02,7.727665e-02,2.656115e-02,1.928278e-01
3.356383e-03,1.060200e-03,1.536872e-03,2.383294e-03,5.016237e-03,7.153723e-04,2.849384e-04,5.839576e-03,3.633570e-01,2.981035e-02,1.276620e-01,1.160204e-01,1.563589e-01,2.133788e-02,1.652606e-01
2.807122e-03,1.430425e-03,1.386495e-03,1.965384e-03,1.265989e-02,1.981054e-03,4.876233e-04,5.723100e-03,2.674593e-01,2.692017e-02,1.256377e-01,1.439810e-01,2.393953e-01,1.814632e-02,1.500192e-01
