1.000000e+00,0.000000e+00,0.000000e+00,0.000000e+00,0.000000e+00,0.000000e+00,0.000000e+00,0.000000e+00,0.000000e+00,0.000000e+00,0.000000e+00,0.000000e+00,0.000000e+00,0.000000e+00,0.000000e+00
1.000000e+00,0.000000e+00,0.000000e+00,0.000000e+00,0.000000e+00,0.000000e+00,0.000000e+00,0.000000e+00,0.000000e+00,0.000000e+00,0.000000e+00,0.000000e+00,0.000000e+00,0.000000e+00,0.000000e+00
1.000000e+00,0.000000e+00,0.000000e+00,0.000000e+00,0.000000e+00,0.000000e+00,0.000000e+00,0.000000e+00,0.000000e+00,0.000000e+00,0.000000e+00,0.000000e+00,0.000000e+00,0.000000e+00,0.000000e+00
1.000000e+00,0.000000e+00,0.000000e+00,0.000000e+00,0.000000e+00,0.000000e+00,0.000000e+00,0.000000e+00,0.000000e+00,0.000000e+00,0.000000e+00,0.000000e+00,0.000000e+00,0.000000e+00,0.000000e+00
1.000000e+00,0.000000e+00,0.000000e+00,0.000000e+00,0.000000e+00,0.000000e+00,0.000000e+00,0.000000e+00,0.000000e+00,0.000000e+00,0.000000e+00,0.000000e+00,0.000000e+00,0.000000e+00,0.000000e+00
1.000000e+00,0.000000e+00,0.000000e+00,0.000000e+00,0.000000e+00,0.000000e+00,0.000000e+00,0.000000e+00,0.000000e+00,0.000000e+00,0.000000e+00,0.000000e+00,0.000000e+00,0.000000e+00,0.000000e+00
1.000000e+00,0.000000e+00,0.000000e+00,0.000000e+00,0.000000e+00,0.000000e+00,0.000000e+00,0.000000e+00,0.000000e+00,0.000000e+00,0.000000e+00,0.000000e+00,0.000000e+00,0.000000e+00,0.000000e+00
1.000000e+00,0.000000e+00,0.000000e+00,0.000000e+00,0.000000e+00,0.000000e+00,0.000000e+00,0.000000e+00,0.000000e+00,0.000000e+00,0.000000e+00,0.000000e+00,0.000000e+00,0.000000e+00,0.000000e+00
1.000000e+00,0.000000e+00,0.000000e+00,0.000000e+00,0.000000e+00,0.000000e+00,0.000000e+00,0.000000e+00,0.000000e+00,0.000000e+00,0.000000e+00,0.000000e+00,0.000000e+00,0.000000e+00,0.000000e+00
1.000000e+00,0.000000e+00,0.000000e+00,0.000000e+00,0.000000e+00,0.000000e+00,0.000000e+00,0.000000e+00,0.000000e+00,0.000000e+00,0.000000e+00,0.000000e+00,0.000000e+00,0.000000e+00,0.000000e+00
1.000000e+00,0.000000e+00,0.000000e+00,0.000000e+00,0.000000e+00,0.000000e+00,0.000000e+00,0.000000e+00,0.000000e+00,0.000000e+00,0.000000e+00,0.000000e+00,0.000000e+00,0.000000e+00,0.000000e+00
1.000000e+00,0.000000e+00,0.000000e+00,0.000000e+00,0.000000e+00,0.000000e+00,0.000000e+00,0.000000e+00,0.000000e+00,0.000000e+00,0.000000e+00,0.000000e+00,0.000000e+00,0.000000e+00,0.000000e+00
1.000000e+00,0.000000e+00,0.000000e+00,0.000000e+00,0.000000e+00,0.000000e+00,0.000000e+00,0.000000e+00,0.000000e+00,0.000000e+00,0.000000e+00,0.000000e+00,0.000000e+00,0.000000e+00,0.000000e+00
1.000000e+00,0.000000e+00,0.000000e+00,0.000000e+00,0.000000e+00,0.000000e+00,0.000000e+00,0.000000e+00,0.000000e+00,0.000000e+00,0.000000e+00,0.000000e+00,0.000000e+00,0.000000e+00,0.000000e+00
1.000000e+00,0.000000e+00,0.000000e+00,0.000000e+00,0.000000e+00,0.000000e+00,0.000000e+00,0.000000e+00,0.000000e+00,0.000000e+00,0.000000e+00,0.000000e+00,0.000000e+00,0.000000e+00,0.000000e+00
1.000000e+00,0.000000e+00,0.000000e+00,0.000000e+00,0.000000e+00,0.000000e+00,0.000000e+00,0.000000e+00,0.000000e+00,0.000000e+00,0.000000e+00,0.000000e+00,0.000000e+00,0.000000e+00,0.000000e+00
1.000000e+00,0.000000e+00,0.000000e+00,0.000000e+00,0.000000e+00,0.000000e+00,0.000000e+00,0.000000e+00,0.000000e+00,0.000000e+00,0.000000e+00,0.000000e+00,0.000000e+00,0.000000e+00,0.000000e+00
1.000000e+00,0.000000e+00,0.000000e+00,0.000000e+00,0.000000e+00,0.000000e+00,0.000000e+00,0.000000e+00,0.000000e+00,0.000000e+00,0.000000e+00,0.000000e+00,0.000000e+00,0.000000e+00,0.000000e+00
1.000000e+00,0.000000e+00,0.000000e+00,0.000000e+00,0.000000e+00,0.000000e+00,0.000000e+00,0.000000e+00,0.000000e+00,0.000000e+00,0.000000e+00,0.000000e+00,0.000000e+00,0.000000e+00,0.000000e+00
1.000000e+00,0.000000e+00,0.000000e+00,0.000000e+00,0.000000e+00,0.000000e+00,0.000000e+00,0.000000e+00,0.000000e+00,0.000000e+00,0.000000e+00,0.000000e+00,0.000000e+00,0.000000e+00,0.000000e+00
1.000000e+00,0.000000e+00,0.000000e+00,0.000000e+00,0.000000e+00,0.000000e+00,0.000000e+00,0.000000e+00,0.000000e+00,0.000000e+00,0.000000e+00,0.000000e+00,0.000000e+00,0.000000e+00,0.000000e+00
1.000000e+00,0.000000e+00,0.000000e+00,0.000000e+00,0.000000e+00,0.000000e+00,0.000000e+00,0.000000e+00,0.000000e+00,0.000000e+00,0.000000e+00,0.000000e+00,0.000000e+00,0.000000e+00,0.000000e+00
1.000000e+00,0.000000e+00,0.000000e+00,0.000000e+00,0.000000e+00,0.000000e+00,0.000000e+00,0.000000e+00,0.000000e+00,0.000000e+00,0.000000e+00,0.000000e+00,0.000000e+00,0.000000e+00,0.000000e+00
1.000000e+00,0.000000e+00,0.000000e+00,0.000000e+00,0.000000e+00,0.000000e+00,0.000000e+00,0.000000e+00,0.000000e+00,0.000000e+00,0.000000e+00,0.000000e+00,0.000000e+00,0.000000e+00,0.000000e+00
1.000000e+00,0.000000e+00,0.000000e+00,0.000000e+00,0.000000e+00,0.000000e+00,0.000000e+00,0.000000e+00,0.000000e+00,0.000000e+00,0.000000e+00,0.000000e+00,0.000000e+00,0.000000e+00,0.000000e+00
1.000000e+00,0.000000e+00,0.000000e+00,0.000000e+00,0.000000e+00,0.000000e+00,0.000000e+00,0.000000e+00,0.000000e+00,0.000000e+00,0.000000e+00,0.000000e+00,0.000000e+00,0.000000e+00,0.000000e+00
1.000000e+00,0.000000e+00,0.000000e+00,0.000000e+00,0.000000e+00,0.000000e+00,0.000000e+00,0.000000e+00,0.000000e+00,0.000000e+00,0.000000e+00,0.000000e+00,0.000000e+00,0.000000e+00,0.000000e+00
1.000000e+00,0.000000e+00,0.000000e+00,0.000000e+00,0.000000e+00,0.000000e+00,0.000000e+00,0.000000e+00,0.000000e+00,0.000000e+00,0.000000e+00,0.000000e+00,0.000000e+00,0.000000e+00,0.000000e+00
1.000000e+00,0.000000e+00,0.000000e+00,0.000000e+00,0.000000e+00,0.000000e+00,0.000000e+00,0.000000e+00,0.000000e+00,0.000000e+00,0.000000e+00,0.000000e+00,0.000000e+00,0.000000e+00,0.000000e+00
1.000000e+00,0.000000e+00,0.000000e+00,0.000000e+00,0.000000e+00,0.000000e+00,0.000000e+00,0.000000e+00,0.000000e+00,0.000000e+00,0.000000e+00,0.000000e+00,0.000000e+00,0.000000e+00,0.000000e+00
1.000000e+00,0.000000e+00,0.000000e+00,0.000000e+00,0.000000e+00,0.000000e+00,0.000000e+00,0.000000e+00,0.000000e+00,0.000000e+00,0.000000e+00,0.000000e+00,0.000000e+00,0.000000e+00,0.000000e+00
1.000000e+00,0.000000e+00,0.000000e+00,0.000000e+00,0.000000e+00,0.000000e+00,0.000000e+00,0.000000e+00,0.000000e+00,0.000000e+00,0.000000e+00,0.000000e+00,0.000000e+00,0.000000e+00,0.000000e+00
1.000000e+00,0.000000e+00,0.000000e+00,0.000000e+00,0.000000e+00,0.000000e+00,0.000000e+00,0.000000e+00,0.000000e+00,0.000000e+00,0.000000e+00,0.000000e+00,0.000000e+00,0.000000e+00,0.000000e+00
1.000000e+00,0.000000e+00,0.000000e+00,0.000000e+00,0.000000e+00,0.000000e+00,0.000000e+00,0.000000e+00,0.000000e+00,0.000000e+00,0.000000e+00,0.000000e+00,0.000000e+00,0.000000e+00,0.000000e+00
1.000000e+00,0.000000e+00,0.000000e+00,0.000000e+00,0.000000e+00,0.000000e+00,0.000000e+00,0.000000e+00,0.000000e+00,0.000000e+00,0.000000e+00,0.000000e+00,0.000000e+00,0.000000e+00,0.000000e+00
1.000000e+00,0.000000e+00,0.000000e+00,0.000000e+00,0.000000e+00,0.000000e+00,0.000000e+00,0.000000e+00,0.000000e+00,0.000000e+00,0.000000e+00,0.000000e+00,0.000000e+00,0.000000e+00,0.000000e+00
4.048444e-01,5.298442e-02,3.812680e-02,2.005495e-01,1.385039e-02,1.768692e-02,6.044189e-03,6.165411e-02,2.756239e-02,5.723665e-03,2.641555e-02,3.618824e-02,2.687157e-02,1.474943e-02,6.674837e-02
4.785517e-01,4.155990e-02,2.976308e-02,1.776216e-01,1.185840e-02,1.735796e-02,5.000468e-03,4.636111e-02,2.332563e-02,4.717215e-03,3.271421e-02,4.167058e-02,2.525695e-02,1.206476e-02,5.217635e-02
1.000000e+00,0.000000e+00,0.000000e+00,0.000000e+00,0.000000e+00,0.000000e+00,0.000000e+00,0.000000e+00,0.000000e+00,0.000000e+00,0.000000e+00,0.000000e+00,0.000000e+00,0.000000e+00,0.000000e+00
1.000000e+00,0.000000e+00,0.000000e+00,0.000000e+00,0.000000e+00,0.000000e+00,0.000000e+00,0.000000e+00,0.000000e+00,0.000000e+00,0.000000e+00,0.000000e+00,0.000000e+00,0.000000e+00,0.000000e+00
1.000000e+00,0.000000e+00,0.000000e+00,0.000000e+00,0.000000e+00,0.000000e+00,0.000000e+00,0.000000e+00,0.000000e+00,0.000000e+00,0.000000e+00,0.000000e+00,0.000000e+00,0.000000e+00,0.000000e+00
1.000000e+00,0.000000e+00,0.000000e+00,0.000000e+00,0.000000e+00,0.000000e+00,0.000000e+00,0.000000e+00,0.000000e+00,0.000000e+00,0.000000e+00,0.000000e+00,0.000000e+00,0.000000e+00,0.000000e+00
1.000000e+00,0.000000e+00,0.000000e+00,0.000000e+00,0.000000e+00,0.000000e+00,0.000000e+00,0.000000e+00,0.000000e+00,0.000000e+00,0.000000e+00,0.000000e+00,0.000000e+00,0.000000e+00,0.000000e+00
1.000000e+00,0.000000e+00,0.000000e+00,0.000000e+00,0.000000e+00,0.000000e+00,0.000000e+00,0.000000e+00,0.000000e+00,0.000000e+00,0.000000e+00,0.000000e+00,0.000000e+00,0.000000e+00,0.000000e+00
1.000000e+00,0.000000e+00,0.000000e+00,0.000000e+00,0.000000e+00,0.000000e+00,0.000000e+00,0.000000e+00,0.000000e+00,0.000000e+00,0.000000e+00,0.000000e+00,0.000000e+00,0.000000e+00,0.000000e+00
1.000000e+00,0.000000e+00,0.000000e+00,0.000000e+00,0.000000e+00,0.000000e+00,0.000000e+00,0.000000e+00,0.000000e+00,0.000000e+00,0.000000e+00,0.000000e+00,0.000000e+00,0.000000e+00,0.000000e+00
1.000000e+00,0.000000e+00,0.000000e+00,0.000000e+00,0.000000e+00,0.000000e+00,0.000000e+00,0.000000e+00,0.000000e+00,0.000000e+00,0.000000e+00,0.000000e+00,0.000000e+00,0.000000e+00,0.000000e+00
1.000000e+00,0.000000e+00,0.000000e+00,0.000000e+00,0.000000e+00,0.000000e+00,0.000000e+00,0.000000e+00,0.000000e+00,0.000000e+00,0.000000e+00,0.000000e+00,0.000000e+00,0.000000e+00,0.000000e+00
1.000000e+00,0.000000e+00,0.000000e+00,0.000000e+00,0.000000e+00,0.000000e+00,0.000000e+00,0.000000e+00,0.000000e+00,0.000000e+00,0.000000e+00,0.000000e+00,0.000000e+00,0.000000e+00,0.000000e+00
1.000000e+00,0.000000e+00,0.000000e+00,0.000000e+00,0.000000e+00,0.000000e+00,0.000000e+00,0.000000e+00,0.000000e+00,0.000000e+00,0.000000e+00,0.000000e+00,0.000000e+00,0.000000e+00,0.000000e+00
1.000000e+00,0.000000e+00,0.000000e+00,0.000000e+00,0.000000e+00,0.000000e+00,0.000000e+00,0.000000e+00,0.000000e+00,0.000000e+00,0.000000e+00,0.000000e+00,0.000000e+00,0.000000e+00,0.000000e+00
1.000000e+00,0.000000e+00,0.000000e+00,0.000000e+00,0.000000e+00,0.000000e+00,0.000000e+00,0.000000e+00,0.000000e+00,0.000000e+00,0.000000e+00,0.000000e+00,0.000000e+00,0.000000e+00,0.000000e+00
1.000000e+00,0.000000e+00,0.000000e+00,0.000000e+00,0.000000e+00,0.000000e+00,0.000000e+00,0.000000e+00,0.000000e+00,0.000000e+00,0.000000e+00,0.000000e+00,0.000000e+00,0.000000e+00,0.000000e+00
4.305997e-01,3.340608e-02,2.564402e-02,1.587486e-01,5.112689e-02,1.067519e-01,6.211834e-03,1.178310e-01,7.448468e-03,3.191489e-03,1.387168e-02,1.181211e-02,1.991237e-02,2.023464e-03,1.142039e-02
3.017486e-01,2.468862e-02,1.874763e-02,2.424870e-01,4.520534e-02,9.537794e-02,9.318069e-03,8.541649e-02,2.011336e-02,9.092178e-03,9.262139e-02,9.136043e-03,3.358442e-02,1.946538e-03,1.051643e-02
2.115458e-01,1.770389e-02,1.323717e-02,1.876124e-01,3.440561e-02,6.716815e-02,7.062027e-03,6.009865e-02,2.292636e-02,8.809052e-03,1.682162e-01,8.442088e-03,1.734095e-01,1.722958e-03,1.764013e-02
1.486390e-01,1.298858e-02,9.464295e-03,1.440768e-01,2.977617e-02,4.732713e-02,5.267717e-03,4.271471e-02,2.287414e-02,7.228052e-03,1.349511e-01,9.773110e-03,3.623691e-01,2.106768e-03,2.044332e-02
1.053120e-01,9.501702e-03,6.952201e-03,1.096608e-01,3.341963e-02,3.724609e-02,4.200109e-03,3.067730e-02,2.397084e-02,6.175721e-03,1.133905e-01,5.270948e-02,4.281251e-01,4.806647e-03,3.385178e-02
7.401228e-02,6.736750e-03,5.030963e-03,7.820139e-02,2.545232e-02,2.894339e-02,3.099053e-03,2.200373e-02,1.941171e-02,4.703847e-03,9.042596e-02,1.081225e-01,4.931018e-01,5.169558e-03,3.558476e-02
5.272666e-02,4.762758e-03,4.135786e-03,5.889369e-02,2.381670e-02,4.700640e-02,3.156462e-03,2.185781e-02,1.669800e-02,4.092711e-03,1.491313e-01,9.609344e-02,4.784094e-01,4.524141e-03,3.469481e-02
4.009624e-02,3.626933e-03,4.106624e-03,4.898223e-02,2.487692e-02,4.906926e-02,2.443575e-03,1.616126e-02,3.402539e-02,3.479034e-03,1.344587e-01,1.472295e-01,4.463316e-01,4.987731e-03,4.012503e-02
2.914006e-02,2.884197e-03,3.913795e-03,4.054675e-02,2.479092e-02,4.720984e-02,1.906105e-03,1.211843e-02,5.240837e-02,2.739526e-03,1.330538e-01,1.791840e-01,4.259583e-01,4.174449e-03,3.997144e-02
2.099798e-02,3.238437e-03,4.859247e-03,3.571949e-02,2.339084e-02,4.487067e-02,1.530550e-03,9.030518e-03,8.304924e-02,2.401614e-03,1.087125e-01,2.069518e-01,4.123921e-01,3.445971e-03,3.940905e-02
1.513940e-02,2.545724e-03,4.052807e-03,3.083608e-02,2.068794e-02,5.683262e-02,1.196910e-03,6.815296e-03,7.872185e-02,2.060656e-03,8.459779e-02,2.958272e-01,3.690900e-01,2.832345e-03,2.876345e-02
1.128139e-02,2.016016e-03,3.831811e-03,2.302017e-02,1.702073e-02,5.770455e-02,1.088926e-03,5.529359e-03,7.271406e-02,2.296504e-03,6.699627e-02,3.582981e-01,3.536557e-01,2.326021e-03,2.222037e-02
9.042858e-03,1.909978e-03,4.605609e-03,1.682238e-02,3.438837e-02,4.424107e-02,1.272466e-03,5.595062e-03,6.768801e-02,3.918269e-03,5.739715e-02,3.492886e-01,3.642101e-01,3.094437e-03,3.652566e-02
8.614020e-03,2.125028e-03,4.518239e-03,1.244716e-02,3.619020e-02,3.616318e-02,1.557856e-03,7.460600e-03,6.782413e-02,5.705170e-03,4.929410e-02,3.783042e-01,3.575555e-01,3.120832e-03,2.911969e-02
7.257026e-03,1.821138e-03,3.529731e-03,9.632939e-03,3.792915e-02,3.313703e-02,1.855509e-03,1.077888e-02,7.048074e-02,4.819792e-03,4.273335e-02,4.370364e-01,3.156175e-01,2.430070e-03,2.094073e-02
9.123893e-03,2.016590e-03,2.896259e-03,8.203318e-03,8.041689e-02,3.000673e-02,3.063951e-03,1.886048e-02,1.176615e-01,4.823700e-03,4.481747e-02,3.869161e-01,2.736032e-01,2.072366e-03,1.551753e-02
1.629188e-02,2.120758e-03,5.580479e-03,6.675158e-03,8.029003e-02,3.407989e-02,5.699720e-03,9.473276e-02,9.557115e-02,5.567654e-03,3.815600e-02,3.624728e-01,2.386118e-01,2.719444e-03,1.143048e-02
2.163772e-02,1.852328e-03,4.855789e-03,6.342982e-03,6.857601e-02,4.167677e-02,4.806987e-03,7.195345e-02,7.203817e-02,4.863454e-03,3.975921e-02,4.060200e-01,2.438536e-01,2.609231e-03,9.154249e-03
3.284629e-02,1.939012e-03,4.017340e-03,5.419104e-03,6.016841e-02,7.798775e-02,5.098104e-03,5.730521e-02,5.563439e-02,4.191505e-03,3.923020e-02,4.165033e-01,2.277971e-01,2.353185e-03,9.509140e-03
5.106013e-02,2.388874e-03,3.353563e-03,5.415761e-03,6.384677e-02,9.498636e-02,8.648767e-03,4.360995e-02,6.044847e-02,3.492433e-03,4.098159e-02,3.596399e-01,2.459358e-01,1.903575e-03,1.428814e-02
8.443894e-02,2.735254e-03,2.870426e-03,4.564281e-03,5.055637e-02,1.038189e-01,7.905725e-03,3.558929e-02,4.668524e-02,2.939564e-03,3.271040e-02,3.403006e-01,2.689493e-01,1.799224e-03,1.413662e-02
1.040060e-01,3.773441e-03,2.414175e-03,4.399881e-03,4.527519e-02,8.165722e-02,7.121775e-03,2.713400e-02,4.926434e-02,2.364344e-03,2.502918e-02,4.035637e-01,2.314299e-01,1.780085e-03,1.078691e-02
1.045184e-01,3.661843e-03,2.440975e-03,3.741998e-03,3.297478e-02,6.384423e-02,5.484343e-03,2.135740e-02,3.629395e-02,1.882120e-03,1.983403e-02,4.797853e-01,2.128422e-01,1.610289e-03,9.728205e-03
1.235829e-01,2.893412e-03,2.223097e-03,2.831163e-03,2.699885e-02,5.186052e-02,5.553043e-03,1.793657e-02,2.674396e-02,1.425677e-03,1.635787e-02,5.268259e-01,1.843524e-01,2.056664e-03,8.357935e-03
1.358056e-01,2.600989e-03,2.596595e-03,2.248063e-03,2.170392e-02,4.316216e-02,5.039276e-03,1.795518e-02,1.998983e-02,1.134023e-03,1.236227e-02,5.612631e-01,1.656627e-01,2.168576e-03,6.307662e-03
1.382120e-01,2.257573e-03,2.159893e-03,1.944107e-03,1.771403e-02,5.870177e-02,4.109719e-03,1.481309e-02,1.489673e-02,9.158080e-04,9.719516e-03,5.725272e-01,1.553669e-01,1.783514e-03,4.878162e-03
1.127813e-01,2.406940e-03,2.647035e-03,1.509204e-03,1.998413e-02,4.415322e-02,5.287565e-03,1.471922e-02,1.327214e-02,7.690516e-04,7.281784e-03,6.360410e-01,1.336200e-01,1.797460e-03,3.729888e-03
8.619689e-02,2.080359e-03,2.458506e-03,1.148523e-03,1.737935e-02,3.399630e-02,5.783901e-03,1.819517e-02,1.032805e-02,6.014633e-04,5.457267e-03,7.009367e-01,1.111973e-01,1.440224e-03,2.800045e-03
6.707066e-02,2.057609e-03,2.226465e-03,9.270374e-04,1.834426e-02,2.654106e-02,5.384698e-03,1.509293e-02,9.343555e-03,5.923008e-04,4.206801e-03,7.496120e-01,9.524561e-02,1.196239e-03,2.158780e-03
5.658966e-02,2.234651e-03,3.186970e-03,7.987032e-04,1.557817e-02,2.064552e-02,4.509701e-03,1.224352e-02,7.842712e-03,5.682698e-04,3.555569e-03,7.783500e-01,9.097028e-02,8.985393e-04,2.027755e-03
4.676907e-02,2.044993e-03,2.806856e-03,6.590288e-04,1.343207e-02,1.734033e-02,3.757890e-03,9.734927e-03,6.004111e-03,5.607291e-04,3.006313e-03,7.989667e-01,9.231495e-02,8.163579e-04,1.785695e-03
3.969064e-02,2.085588e-03,6.873059e-03,5.449540e-04,1.246390e-02,1.313915e-02,3.614022e-03,1.156816e-02,5.146630e-03,5.312227e-04,2.385737e-03,7.674261e-01,1.320223e-01,8.237549e-04,1.684854e-03
3.264802e-02,2.470421e-03,7.965926e-03,4.690549e-04,1.229778e-02,1.045370e-02,4.144949e-03,1.169497e-02,5.255442e-03,5.658274e-04,1.926202e-03,7.512951e-01,1.559852e-01,6.265349e-04,2.200880e-03
2.938551e-02,6.909014e-03,2.566392e-02,3.906262e-04,1.603283e-02,8.344727e-03,6.084820e-03,1.744103e-02,7.257428e-03,7.099143e-04,1.621899e-03,7.319279e-01,1.433164e-01,4.848708e-04,4.429235e-03
2.834731e-02,4.996399e-03,2.349408e-02,3.029813e-04,1.365079e-02,7.297798e-03,2.492866e-02,6.793502e-02,5.609194e-03,5.668002e-04,1.226834e-03,6.578308e-01,1.565407e-01,4.725239e-04,6.800103e-03
3.486389e-02,4.391520e-03,2.503506e-02,3.019556e-04,1.371108e-02,9.409422e-03,2.731883e-02,5.756866e-02,4.831874e-03,4.780401e-04,9.718203e-04,6.010959e-01,2.132780e-01,5.200492e-04,6.223970e-03
3.787583e-02,3.664364e-03,3.252922e-02,2.989280e-04,1.916918e-02,8.370598e-03,3.169071e-02,5.062513e-02,4.692812e-03,4.035052e-04,9.822993e-04,5.407659e-01,2.633408e-01,4.218092e-04,5.168993e-03
3.579148e-02,3.534413e-03,4.956251e-02,3.558960e-04,1.969627e-02,1.027576e-02,3.436249e-02,4.862162e-02,4.225644e-03,3.898315e-04,8.794367e-04,4.469004e-01,3.404464e-01,3.610916e-04,4.596757e-03
3.373617e-02,3.515140e-03,5.945628e-02,5.014682e-04,1.977125e-02,1.036378e-02,3.488069e-02,4.932576e-02,3.840500e-03,4.254743e-04,7.959259e-04,3.779577e-01,3.998872e-01,3.100191e-04,5.232688e-03
3.128280e-02,3.868836e-03,6.380925e-02,6.062903e-04,2.357877e-02,1.029378e-02,4.097109e-02,4.455718e-02,3.823569e-03,5.829689e-04,7.675349e-04,3.051755e-01,4.598552e-01,2.579555e-04,1.056936e-02
2.902024e-02,3.796311e-03,5.499484e-02,5.272007e-04,2.545632e-02,1.112417e-02,4.682471e-02,3.863191e-02,3.620137e-03,5.667348e-04,8.025661e-04,2.861928e-01,4.780107e-01,2.358323e-04,2.019559e-02
2.351131e-02,4.014711e-03,5.643889e-02,5.114432e-04,2.090584e-02,9.540809e-03,3.837534e-02,3.023547e-02,3.022323e-03,7.160939e-04,6.996767e-04,2.191468e-01,5.587843e-01,2.182826e-04,3.387868e-02
1.806905e-02,3.713794e-03,4.871103e-02,4.076705e-04,1.668821e-02,7.051711e-03,2.930458e-02,2.397254e-02,2.852606e-03,7.466282e-04,5.713165e-04,1.617183e-01,5.953825e-01,1.754432e-04,9.063458e-02
1.427420e-02,3.277088e-03,3.821243e-02,3.497557e-04,1.363066e-02,5.320047e-03,2.227920e-02,1.988543e-02,2.696272e-03,7.347347e-04,5.355249e-04,1.190632e-01,6.390229e-01,1.567270e-04,1.205617e-01
1.131754e-02,2.783240e-03,2.817372e-02,6.139294e-04,1.254051e-02,6.026071e-03,1.604239e-02,1.543240e-02,2.505714e-03,6.909934e-04,8.103820e-04,8.865675e-02,7.258073e-01,6.311225e-04,8.796792e-02
1.457490e-02,2.452901e-03,3.291550e-02,8.352419e-04,1.457744e-02,3.205629e-02,2.344473e-02,3.261774e-02,3.089261e-03,6.589190e-04,1.127882e-03,6.677733e-02,6.983274e-01,1.542875e-03,7.500159e-02
1.374072e-02,2.704130e-03,2.738918e-02,1.811581e-03,1.254008e-02,2.100512e-01,1.749487e-02,2.371038e-02,3.223827e-03,7.928384e-04,6.370472e-03,6.224095e-02,5.568389e-01,1.238211e-03,5.985275e-02
1.268690e-02,3.178026e-03,4.136100e-02,3.100052e-03,1.081321e-02,3.565509e-01,1.368575e-02,1.849963e-02,4.513989e-03,1.798705e-03,8.954233e-03,5.059037e-02,4.299448e-01,9.335694e-04,4.338882e-02
1.569637e-02,8.470623e-03,5.122823e-02,7.372446e-03,1.154556e-02,2.919519e-01,1.116092e-02,1.760885e-02,1.282941e-02,3.189654e-03,3.609459e-02,1.027635e-01,3.947345e-01,9.616337e-04,3.439181e-02
1.363845e-02,6.934835e-03,3.805469e-02,7.334973e-03,1.140630e-02,2.279116e-01,8.789848e-03,1.480007e-02,1.941010e-02,4.670857e-03,4.405306e-02,1.686205e-01,3.902206e-01,1.953576e-03,4.220052e-02
1.482011e-02,5.944437e-03,3.061311e-02,1.240038e-02,2.343625e-02,1.751547e-01,6.841986e-03,1.266046e-02,3.398217e-02,5.059021e-03,4.962414e-02,1.770978e-01,4.084317e-01,2.633542e-03,4.130022e-02
1.149933e-02,4.414579e-03,2.217938e-02,1.080419e-02,2.462086e-02,1.280235e-01,5.010016e-03,9.594109e-03,3.452928e-02,5.340416e-03,7.673270e-02,2.269499e-01,3.958865e-01,2.710548e-03,4.170472e-02
1.072433e-02,3.510107e-03,1.638006e-02,8.836257e-03,1.531764e-01,9.796216e-02,8.006489e-03,7.849554e-03,9.870850e-02,3.936827e-03,5.973396e-02,1.672533e-01,3.291753e-01,1.950348e-03,3.279651e-02
8.959332e-03,2.962502e-03,1.339812e-02,8.352892e-03,3.412041e-01,7.321427e-02,1.309402e-02,6.621036e-03,1.017375e-01,2.966164e-03,4.298132e-02,1.186133e-01,2.409991e-01,1.396180e-03,2.350023e-02
1.309433e-02,3.003836e-03,1.184862e-02,7.757630e-03,4.407465e-01,5.527013e-02,1.402206e-02,1.256994e-02,1.255925e-01,2.273111e-03,3.134988e-02,8.371407e-02,1.808819e-01,1.016919e-03,1.685861e-02
2.179172e-02,3.293312e-03,9.824521e-03,6.767605e-03,4.755995e-01,4.463856e-02,1.983225e-02,1.183591e-02,1.630419e-01,1.687397e-03,2.320759e-02,5.941733e-02,1.460545e-01,7.951019e-04,1.221286e-02
3.150339e-02,3.811885e-03,3.824231e-02,2.447482e-02,4.929922e-01,4.922184e-02,2.033566e-02,2.426716e-02,1.379744e-01,1.333468e-03,1.710881e-02,4.204302e-02,1.073320e-01,6.195154e-04,8.739571e-03
4.816426e-02,4.191556e-03,3.798512e-02,3.072637e-02,5.006554e-01,5.937544e-02,2.020424e-02,3.724766e-02,1.221782e-01,1.107112e-03,1.283996e-02,3.113181e-02,8.648975e-02,6.890480e-04,7.014095e-03
7.859546e-02,4.864255e-03,2.888778e-02,2.892771e-02,4.753253e-01,9.038149e-02,1.885912e-02,3.273135e-02,1.247964e-01,8.257170e-04,1.022513e-02,2.349588e-02,7.592912e-02,7.073981e-04,5.447853e-03
1.073583e-01,6.228891e-03,2.381958e-02,2.667667e-02,4.321085e-01,1.021616e-01,1.594245e-02,2.689176e-02,1.205916e-01,6.706141e-04,8.197363e-03,1.789392e-02,1.062818e-01,7.687840e-04,4.408308e-03
1.065018e-01,8.426029e-03,1.794323e-02,4.043622e-02,4.550490e-01,8.911517e-02,1.298621e-02,5.158053e-02,9.282655e-02,5.688231e-04,7.403841e-03,1.575557e-02,9.646529e-02,9.232867e-04,4.018497e-03
1.444015e-01,1.059984e-02,1.594532e-02,5.278262e-02,3.984068e-01,8.739626e-02,1.251977e-02,5.270401e-02,8.089547e-02,1.378002e-03,9.745012e-03,2.794569e-02,9.553347e-02,1.979690e-03,7.766547e-03
1.984155e-01,1.095265e-02,1.707578e-02,5.769774e-02,2.890474e-01,8.954322e-02,9.444629e-03,4.339660e-02,6.567401e-02,2.889438e-03,9.527524e-03,3.365041e-02,1.595952e-01,2.407718e-03,1.068219e-02
2.208885e-01,8.916377e-03,5.340111e-02,8.958882e-02,2.295067e-01,7.144437e-02,6.969877e-03,6.763077e-02,5.314477e-02,2.743734e-03,1.012096e-02,3.014421e-02,1.449186e-01,1.991302e-03,8.589773e-03
2.174943e-01,6.501673e-03,4.092820e-02,7.091979e-02,1.693104e-01,5.184482e-02,5.459694e-03,2.499197e-01,3.825638e-02,1.994199e-03,8.968470e-03,2.363806e-02,1.069054e-01,1.542625e-03,6.316264e-03
1.736204e-01,4.802321e-03,3.009499e-02,5.999079e-02,1.224566e-01,3.700666e-02,4.149315e-03,4.341202e-01,2.732727e-02,1.431064e-03,6.801156e-03,1.682514e-02,7.575826e-02,1.113246e-03,4.502550e-03
1.362468e-01,3.586325e-03,2.177816e-02,4.395211e-02,8.836042e-02,2.892989e-02,3.200138e-03,5.779066e-01,1.929294e-02,1.088554e-03,5.264215e-03,1.221372e-02,5.404334e-02,8.235555e-04,3.313258e-03
1.013430e-01,2.553696e-03,1.534557e-02,3.097572e-02,6.307949e-02,2.067040e-02,2.326146e-03,6.962341e-01,1.353956e-02,7.666020e-04,3.744382e-03,8.594002e-03,3.791174e-02,5.811127e-04,2.334476e-03
7.540645e-02,1.823585e-03,1.085722e-02,2.184486e-02,4.731190e-02,1.460109e-02,1.679140e-03,7.790970e-01,9.511954e-03,5.399598e-04,2.674839e-03,6.029891e-03,2.657198e-02,4.094273e-04,1.640786e-03
5.652524e-02,1.305184e-03,7.686912e-03,1.534791e-02,3.753512e-02,1.030505e-02,1.225722e-03,8.367934e-01,6.671512e-03,3.795178e-04,1.924054e-03,4.231691e-03,1.862752e-02,2.885686e-04,1.152639e-03
4.237079e-02,9.354951e-04,5.416693e-03,1.078015e-02,2.875165e-02,7.298788e-03,8.893235e-04,8.801575e-01,4.680044e-03,2.668940e-04,1.388011e-03,2.978981e-03,1.306925e-02,2.038910e-04,8.125838e-04
3.329947e-02,7.040579e-04,3.924827e-03,7.687474e-03,2.208844e-02,5.325343e-03,6.559834e-04,9.090889e-01,3.294823e-03,1.973404e-04,1.146314e-03,2.381810e-03,9.452700e-03,1.672686e-04,5.852666e-04
2.799390e-02,6.297000e-04,2.797621e-03,5.509119e-03,1.666281e-02,4.726677e-03,6.454957e-04,8.720946e-01,2.726956e-03,1.985939e-04,3.657097e-03,5.200650e-03,5.633676e-02,1.719551e-04,6.480697e-04
2.155073e-02,5.310526e-04,2.041310e-03,3.969214e-03,1.308505e-02,5.077973e-03,6.759897e-04,7.244660e-01,2.739578e-03,1.694612e-04,3.197664e-03,5.058871e-03,2.165707e-01,1.475911e-04,7.188225e-04
1.689526e-02,4.877921e-04,1.919710e-03,3.140409e-03,2.776837e-02,4.369672e-03,7.858278e-04,6.548413e-01,3.335359e-03,2.091900e-04,5.260176e-03,5.393169e-03,2.741725e-01,1.916128e-04,1.229711e-03
1.443894e-02,5.019771e-04,1.478998e-03,2.320703e-03,2.850751e-02,5.994730e-03,1.369697e-03,5.382894e-01,3.604123e-03,2.655866e-04,8.693875e-03,5.862966e-03,3.840370e-01,2.014668e-04,4.433059e-03
1.264878e-02,5.285722e-04,3.286832e-03,1.858272e-03,2.714540e-02,5.180878e-03,4.036440e-03,4.490740e-01,2.997968e-03,2.542071e-04,8.750318e-03,5.625136e-03,4.719933e-01,1.842662e-04,6.435640e-03
9.311438e-03,4.033529e-04,2.651464e-03,1.339560e-03,2.221238e-02,3.938422e-03,3.893983e-03,3.255911e-01,2.188996e-03,2.080860e-04,9.970079e-03,4.779394e-03,6.072626e-01,1.361272e-04,6.113146e-03
6.957348e-03,3.539905e-04,2.409304e-03,9.584177e-04,1.958678e-02,2.975561e-03,2.901749e-03,2.299950e-01,1.618694e-03,2.394196e-04,1.258682e-02,4.525004e-03,7.019899e-01,1.303584e-04,1.277173e-02
6.009148e-03,5.413878e-04,2.110739e-03,7.360900e-04,1.752676e-02,2.527881e-03,2.123548e-03,1.616259e-01,1.701623e-03,6.862461e-04,1.243792e-02,1.027474e-02,7.708991e-01,1.749675e-04,1.062403e-02
5.263311e-03,5.428153e-04,1.827462e-03,6.996312e-04,1.880205e-02,2.096178e-03,1.590854e-03,1.165638e-01,3.263630e-03,1.183444e-03,1.626811e-02,1.776206e-02,8.050157e-01,2.489885e-04,8.872069e-03
3.818852e-03,1.014408e-03,1.781313e-03,5.606365e-04,1.487721e-02,1.584728e-03,1.129613e-03,8.186109e-02,9.522425e-03,3.527848e-03,1.383705e-02,1.981140e-02,8.390357e-01,4.288002e-04,7.208928e-03
2.795709e-03,1.013714e-03,2.449746e-03,8.698102e-04,1.425809e-02,1.639950e-03,8.552052e-04,5.949527e-02,2.156334e-02,5.327133e-03,1.274068e-02,1.667553e-02,8.491199e-01,5.629906e-04,1.063296e-02
2.200452e-03,1.545564e-03,2.921120e-03,1.069926e-03,1.128405e-02,1.344891e-03,6.343767e-04,4.352807e-02,5.700999e-02,9.653069e-03,1.244972e-02,1.819935e-02,8.206811e-01,1.606591e-03,1.587176e-02
4.152373e-03,1.882960e-03,4.392314e-03,6.115986e-03,9.444427e-03,1.728668e-03,5.753391e-04,3.562294e-02,1.896377e-01,1.067104e-02,1.508006e-02,2.496403e-02,6.712465e-01,4.927758e-03,1.955795e-02
3.372785e-03,3.542480e-03,4.545668e-03,6.442696e-03,9.233955e-03,1.355512e-03,4.136625e-04,2.698868e-02,3.699306e-01,1.033749e-02,1.518824e-02,2.261337e-02,4.874516e-01,9.534875e-03,2.904839e-02
5.346890e-03,4.590387e-03,5.568848e-03,9.201392e-03,8.317000e-03,1.451399e-03,3.227028e-04,4.539465e-02,4.595386e-01,9.268118e-03,2.936858e-02,2.013823e-02,3.478819e-01,2.217585e-02,3.143547e-02
7.749087e-03,7.191930e-03,6.762993e-03,9.130220e-03,8.409953e-03,3.090073e-03,3.057686e-04,5.330408e-02,5.349677e-01,7.367421e-03,2.656234e-02,1.571875e-02,2.477821e-01,2.475579e-02,4.690180e-02
1.297693e-02,5.954034e-03,1.290097e-02,2.049332e-02,1.196477e-02,3.961129e-03,2.559558e-04,8.897491e-02,5.582569e-01,6.166636e-03,2.773467e-02,1.374572e-02,1.775438e-01,2.296425e-02,3.610600e-02
1.384924e-02,5.979657e-03,1.095617e-02,1.551142e-02,1.634317e-02,3.180741e-03,1.956885e-04,7.683301e-02,6.361815e-01,4.837244e-03,2.681458e-02,1.183950e-02,1.276416e-01,2.181949e-02,2.801699e-02
1.514737e-02,5.685142e-03,9.508441e-03,1.260976e-02,1.723102e-02,2.531762e-03,1.489176e-04,7.416984e-02,6.907974e-01,3.647801e-03,2.521132e-02,9.867075e-03,9.172015e-02,1.948570e-02,2.223833e-02
2.248035e-02,4.749762e-03,7.463154e-03,1.080085e-02,1.590402e-02,2.357505e-03,1.524581e-04,6.162104e-02,7.348683e-01,2.876665e-03,2.279868e-02,1.135259e-02,6.745713e-02,1.797345e-02,1.714401e-02
1.995049e-02,4.817130e-03,6.991506e-03,8.247590e-03,1.589743e-02,1.799237e-03,1.269553e-04,6.824572e-02,7.686593e-01,2.165586e-03,1.808144e-02,9.673143e-03,4.833388e-02,1.450489e-02,1.250568e-02
2.103391e-02,6.471544e-03,6.182152e-03,7.653956e-03,2.415413e-02,1.528670e-03,1.271390e-04,6.053893e-02,7.867198e-01,2.010959e-03,1.570167e-02,1.034107e-02,3.556694e-02,1.248125e-02,9.487886e-03
2.860914e-02,1.541021e-02,6.983357e-03,8.248874e-03,3.212750e-02,2.456420e-03,1.618692e-04,5.741155e-02,7.730731e-01,3.137352e-03,1.393246e-02,9.763850e-03,2.621746e-02,1.339102e-02,9.075791e-03
2.966399e-02,1.880313e-02,7.333423e-03,8.442434e-03,3.999104e-02,3.944128e-03,2.018901e-04,1.156854e-01,7.123577e-01,2.671774e-03,1.200462e-02,9.415286e-03,1.965006e-02,1.211990e-02,7.715258e-03
3.509149e-02,1.789003e-02,6.633778e-03,1.536115e-02,5.607328e-02,8.960308e-03,3.511425e-04,1.839420e-01,6.222779e-01,2.728093e-03,9.120292e-03,8.283109e-03,1.490884e-02,9.892467e-03,8.486043e-03
3.618082e-02,1.754490e-02,6.119299e-03,1.322638e-02,6.473070e-02,1.409626e-02,4.491128e-04,3.182873e-01,4.890518e-01,2.044602e-03,6.709410e-03,6.121750e-03,1.084920e-02,7.570652e-03,7.017855e-03
3.767845e-02,1.624495e-02,4.661606e-03,1.011254e-02,6.738250e-02,1.595953e-02,4.382479e-04,4.477595e-01,3.700936e-01,1.457768e-03,4.925407e-03,4.456241e-03,7.857304e-03,5.711200e-03,5.261098e-03
3.038866e-02,1.171437e-02,3.674048e-03,7.563239e-03,4.985594e-02,1.324588e-02,5.199226e-04,5.986885e-01,2.629185e-01,1.025712e-03,3.536777e-03,3.205165e-03,5.784472e-03,4.151307e-03,3.727460e-03
2.523204e-02,8.387025e-03,2.749357e-03,5.621063e-03,3.854347e-02,1.023270e-02,4.788279e-04,7.064189e-01,1.870755e-01,7.208245e-04,2.530107e-03,2.277134e-03,4.154773e-03,2.958183e-03,2.619994e-03
2.815060e-02,6.063843e-03,2.054611e-03,4.136929e-03,2.960102e-02,8.849579e-03,4.922805e-04,7.775757e-01,1.318576e-01,5.105441e-04,1.914304e-03,1.702737e-03,3.053029e-03,2.177310e-03,1.859778e-03
2.827613e-02,4.398060e-03,1.542775e-03,3.048274e-03,2.332920e-02,8.238910e-03,5.729315e-04,8.290814e-01,9.312832e-02,3.608077e-04,1.457610e-03,1.283960e-03,2.351826e-03,1.603479e-03,1.326172e-03
2.856138e-02,3.181604e-03,1.176538e-03,2.258386e-03,2.084446e-02,6.972909e-03,6.082728e-04,8.640927e-01,6.601134e-02,2.552974e-04,1.149997e-03,9.692073e-04,1.790180e-03,1.183154e-03,9.444220e-04
2.740918e-02,2.300140e-03,9.427457e-04,1.667066e-03,1.605781e-02,5.664103e-03,6.060899e-04,8.942538e-01,4.643540e-02,1.797881e-04,8.528816e-04,7.502603e-04,1.349251e-03,8.506467e-04,6.807459e-04
2.657981e-02,1.661216e-03,7.573786e-04,1.229683e-03,1.257183e-02,4.399062e-03,5.479866e-04,9.161367e-01,3.267175e-02,1.265539e-04,6.283786e-04,5.806854e-04,1.010553e-03,6.083305e-04,4.899916e-04
2.438552e-02,1.246311e-03,6.049382e-04,9.470591e-04,1.083965e-02,3.248041e-03,4.975857e-04,9.324713e-01,2.314195e-02,9.002483e-05,4.787181e-04,4.946137e-04,7.615339e-04,4.356573e-04,3.571199e-04
2.265238e-02,8.972171e-04,5.003376e-04,8.501342e-04,8.915594e-03,2.351133e-03,4.409740e-04,9.451615e-01,1.626435e-02,6.412010e-05,3.574628e-04,4.139425e-04,5.638713e-04,3.091703e-04,2.578212e-04
1.903959e-02,6.481246e-04,3.917894e-04,7.126548e-04,6.594454e-03,1.689034e-03,3.440745e-04,9.576885e-01,1.141896e-02,4.602443e-05,2.684554e-04,3.341530e-04,4.175784e-04,2.198058e-04,1.868685e-04
1.806900e-02,4.758629e-04,3.207139e-04,6.771028e-04,4.871074e-03,1.245966e-03,3.580456e-04,9.647666e-01,8.025620e-03,3.490767e-05,2.106577e-04,3.192628e-04,3.219619e-04,1.611454e-04,1.420516e-04
1.807490e-02,3.508608e-04,2.811994e-04,6.070692e-04,3.616311e-03,9.224006e-04,3.513399e-04,9.691621e-01,5.648889e-03,2.927013e-05,1.638827e-04,3.092793e-04,2.500385e-04,1.192611e-04,1.131054e-04
3.453381e-02,3.235749e-04,3.869412e-04,8.892958e-04,3.265472e-03,8.945793e-04,4.363957e-04,9.537796e-01,4.071357e-03,5.583691e-05,2.647077e-04,5.204706e-04,2.925388e-04,1.192783e-04,1.661454e-04
7.498521e-02,3.322645e-04,6.388316e-04,1.181804e-03,3.529583e-03,1.281779e-03,5.350377e-04,9.116291e-01,3.001682e-03,1.029619e-04,5.225371e-04,1.013693e-03,6.203048e-04,1.990099e-04,4.261599e-04
1.041545e-01,4.748541e-04,8.708219e-04,1.248455e-03,3.549605e-03,1.497024e-03,4.958558e-04,8.807279e-01,2.286697e-03,1.464467e-04,6.946721e-04,1.647125e-03,1.416566e-03,2.590910e-04,5.304019e-04
1.186328e-01,9.988603e-04,1.058872e-03,1.875404e-03,4.929241e-03,2.293181e-03,7.747214e-04,8.484859e-01,2.775061e-03,2.209108e-04,2.384889e-03,4.953092e-03,6.200999e-03,5.280413e-04,3.887953e-03
1.458062e-01,1.875208e-03,1.131944e-03,3.548543e-03,1.592541e-02,2.744813e-03,1.148505e-03,7.889767e-01,6.874911e-03,4.111407e-04,3.739893e-03,1.074302e-02,1.154449e-02,7.694487e-04,4.759732e-03
1.358251e-01,4.044835e-03,1.786227e-03,1.718896e-02,2.153471e-02,7.664908e-03,1.082375e-03,6.421540e-01,2.617808e-02,1.344944e-03,1.527309e-02,2.644219e-02,7.686894e-02,2.217195e-03,2.039441e-02
1.160470e-01,4.831718e-03,1.992973e-03,2.711740e-02,2.093724e-02,1.854335e-02,1.464615e-03,4.691063e-01,4.059340e-02,1.514072e-03,2.031119e-02,3.211592e-02,2.189675e-01,2.864624e-03,2.359258e-02
1.150525e-01,2.197200e-02,6.416121e-03,8.303617e-02,2.192373e-02,1.967595e-02,1.692524e-03,3.342927e-01,1.230916e-01,1.543544e-03,2.148360e-02,3.192276e-02,1.909347e-01,3.166656e-03,2.379542e-02
1.307871e-01,1.764470e-02,8.461437e-03,7.297164e-02,2.460688e-02,1.638348e-02,1.608208e-03,2.393379e-01,1.143424e-01,1.395892e-03,3.830526e-02,2.812837e-02,2.817927e-01,4.700684e-03,1.953340e-02
1.542783e-01,1.411060e-02,7.850397e-03,6.343959e-02,2.832363e-02,1.530741e-02,2.027231e-03,1.706537e-01,1.018509e-01,1.426534e-03,6.134670e-02,2.712111e-02,3.287970e-01,4.608493e-03,1.885835e-02
2.219595e-01,1.279369e-02,6.380342e-03,5.498947e-02,2.747211e-02,2.067478e-02,2.127735e-03,1.257482e-01,1.221645e-01,1.414740e-03,5.057856e-02,2.302099e-02,3.091014e-01,4.129870e-03,1.744411e-02
3.279911e-01,1.144651e-02,6.665936e-03,5.008984e-02,3.603812e-02,2.664652e-02,2.262864e-03,9.093858e-02,1.228262e-01,2.055658e-03,4.190122e-02,1.955134e-02,2.418728e-01,3.943576e-03,1.576981e-02
4.222559e-01,9.570548e-03,5.158549e-03,3.847956e-02,3.099533e-02,3.346291e-02,2.209798e-03,6.463680e-02,1.045223e-01,2.199950e-03,4.101119e-02,1.745705e-02,2.105500e-01,4.045870e-03,1.344420e-02
4.213291e-01,9.281926e-03,4.595956e-03,2.948438e-02,2.761095e-02,3.282010e-02,2.605333e-03,4.630800e-02,7.861236e-02,2.171472e-03,4.193096e-02,2.377971e-02,2.635757e-01,3.897620e-03,1.199630e-02
4.547481e-01,8.608817e-03,5.082896e-03,2.447787e-02,3.027088e-02,2.783097e-02,3.478429e-03,3.683686e-02,6.303226e-02,2.784301e-03,3.628061e-02,2.412411e-02,2.640655e-01,3.759881e-03,1.461851e-02
1.000000e+00,0.000000e+00,0.000000e+00,0.000000e+00,0.000000e+00,0.000000e+00,0.000000e+00,0.000000e+00,0.000000e+00,0.000000e+00,0.000000e+00,0.000000e+00,0.000000e+00,0.000000e+00,0.000000e+00
1.000000e+00,0.000000e+00,0.000000e+00,0.000000e+00,0.000000e+00,0.000000e+00,0.000000e+00,0.000000e+00,0.000000e+00,0.000000e+00,0.000000e+00,0.000000e+00,0.000000e+00,0.000000e+00,0.000000e+00
1.000000e+00,0.000000e+00,0.000000e+00,0.000000e+00,0.000000e+00,0.000000e+00,0.000000e+00,0.000000e+00,0.000000e+00,0.000000e+00,0.000000e+00,0.000000e+00,0.000000e+00,0.000000e+00,0.000000e+00
1.000000e+00,0.000000e+00,0.000000e+00,0.000000e+00,0.000000e+00,0.000000e+00,0.000000e+00,0.000000e+00,0.000000e+00,0.000000e+00,0.000000e+00,0.000000e+00,0.000000e+00,0.000000e+00,0.000000e+00
1.000000e+00,0.000000e+00,0.000000e+00,0.000000e+00,0.000000e+00,0.000000e+00,0.000000e+00,0.000000e+00,0.000000e+00,0.000000e+00,0.000000e+00,0.000000e+00,0.000000e+00,0.000000e+00,0.000000e+00
1.000000e+00,0.000000e+00,0.000000e+00,0.000000e+00,0.000000e+00,0.000000e+00,0.000000e+00,0.000000e+00,0.000000e+00,0.000000e+00,0.000000e+00,0.000000e+00,0.000000e+00,0.000000e+00,0.000000e+00
1.000000e+00,0.000000e+00,0.000000e+00,0.000000e+00,0.000000e+00,0.000000e+00,0.000000e+00,0.000000e+00,0.000000e+00,0.000000e+00,0.000000e+00,0.000000e+00,0.000000e+00,0.000000e+00,0.000000e+00
4.680572e-01,1.261009e-02,1.334998e-02,1.734551e-02,7.644072e-02,2.216608e-02,6.808312e-03,2.813854e-02,1.821527e-02,4.091373e-03,1.253466e-02,2.417761e-02,2.829265e-01,1.898699e-03,1.123954e-02
4.486085e-01,1.031603e-02,1.342239e-02,1.978146e-02,7.056421e-02,2.042550e-02,5.482314e-03,9.512289e-02,1.602580e-02,3.501182e-03,1.205665e-02,2.744359e-02,2.451169e-01,1.963822e-03,1.016879e-02
4.312035e-01,8.041872e-03,1.240431e-02,2.261189e-02,8.090840e-02,2.153121e-02,4.877026e-03,9.622720e-02,1.719139e-02,3.000740e-03,1.388412e-02,4.084983e-02,2.358209e-01,1.902269e-03,9.545380e-03
3.527371e-01,6.515970e-03,1.577656e-02,2.171723e-02,9.002189e-02,1.799836e-02,5.133062e-03,1.949680e-01,1.968561e-02,2.751652e-03,1.517359e-02,4.168743e-02,2.055248e-01,1.961194e-03,8.347500e-03
3.054814e-01,5.594453e-03,1.452822e-02,2.493881e-02,1.060039e-01,1.587132e-02,7.676227e-03,1.836534e-01,3.291970e-02,3.841212e-03,2.367858e-02,5.460563e-02,2.099332e-01,2.033147e-03,9.240729e-03
2.507705e-01,4.599350e-03,1.478915e-02,2.577044e-02,9.086387e-02,1.307515e-02,7.157899e-03,2.616740e-01,3.067080e-02,3.507259e-03,2.723994e-02,6.065690e-02,1.992645e-01,1.887466e-03,8.072670e-03
2.034194e-01,4.907443e-03,1.595400e-02,3.296907e-02,9.386120e-02,1.035068e-02,6.656997e-03,2.611511e-01,5.605999e-02,3.788962e-03,3.304091e-02,6.363940e-02,2.018738e-01,1.870113e-03,1.045694e-02
1.584355e-01,4.044348e-03,1.397160e-02,3.128173e-02,8.327334e-02,8.042615e-03,6.087433e-03,3.742804e-01,5.523450e-02,3.178463e-03,3.195298e-02,5.598148e-02,1.630158e-01,1.790351e-03,9.429429e-03
1.468350e-01,3.754708e-03,1.394042e-02,3.573126e-02,9.407663e-02,6.802482e-03,7.766969e-03,3.712036e-01,8.313008e-02,3.735834e-03,3.244826e-02,5.095254e-02,1.365087e-01,1.777613e-03,1.133582e-02
1.598206e-01,4.784684e-03,1.801029e-02,9.795983e-02,8.476642e-02,7.175540e-03,8.279003e-03,3.013695e-01,1.065162e-01,4.344352e-03,2.819349e-02,4.253197e-02,1.111543e-01,1.717078e-03,2.337682e-02
1.913235e-01,6.804865e-03,2.228291e-02,1.564815e-01,6.955761e-02,7.021590e-03,6.687409e-03,2.647214e-01,8.916721e-02,4.395238e-03,2.447871e-02,3.889716e-02,8.662397e-02,1.756121e-03,2.980077e-02
2.688260e-01,7.203902e-03,1.831536e-02,1.324018e-01,5.675599e-02,8.628325e-03,6.734620e-03,2.616593e-01,7.826663e-02,4.741536e-03,2.130728e-02,3.486989e-02,6.503996e-02,2.167966e-03,3.308147e-02
3.711041e-01,1.068469e-02,1.571112e-02,1.040833e-01,5.452695e-02,8.457303e-03,6.840331e-03,2.294812e-01,6.492046e-02,4.053792e-03,1.651303e-02,2.899963e-02,4.762384e-02,2.417492e-03,3.458276e-02
3.888331e-01,1.360647e-02,2.277163e-02,1.019839e-01,4.194814e-02,9.719608e-03,5.873117e-03,2.028510e-01,6.434859e-02,7.393708e-03,1.409548e-02,2.776613e-02,3.735864e-02,2.949979e-03,5.850044e-02
3.165640e-01,3.896340e-02,1.789976e-02,7.617370e-02,3.291197e-02,8.388742e-03,4.712250e-03,1.475664e-01,1.142257e-01,9.627812e-03,1.124328e-02,2.162630e-02,2.833575e-02,4.002723e-03,1.677581e-01
2.364424e-01,4.602591e-02,1.507250e-02,1.025142e-01,2.490641e-02,6.855418e-03,3.464305e-03,1.043231e-01,1.348716e-01,8.625970e-03,9.756539e-03,1.737837e-02,2.328115e-02,4.058509e-03,2.624235e-01
1.900794e-01,4.269851e-02,1.085206e-02,9.043026e-02,1.831279e-02,6.338542e-03,2.562663e-03,7.331014e-02,3.037271e-01,6.556424e-03,1.467224e-02,1.975643e-02,2.050248e-02,4.546314e-03,1.956546e-01
1.390336e-01,3.454578e-02,7.781020e-03,1.037460e-01,1.317751e-02,4.989250e-03,1.821977e-03,5.156894e-02,4.109751e-01,4.791041e-03,2.273975e-02,3.936686e-02,2.038147e-02,3.485428e-03,1.415962e-01
