1.000000e+00,0.000000e+00,0.000000e+00,0.000000e+00,0.000000e+00,0.000000e+00,0.000000e+00,0.000000e+00,0.000000e+00,0.000000e+00,0.000000e+00,0.000000e+00,0.000000e+00,0.000000e+00,0.000000e+00
1.000000e+00,0.000000e+00,0.000000e+00,0.000000e+00,0.000000e+00,0.000000e+00,0.000000e+00,0.000000e+00,0.000000e+00,0.000000e+00,0.000000e+00,0.000000e+00,0.000000e+00,0.000000e+00,0.000000e+00
1.000000e+00,0.000000e+00,0.000000e+00,0.000000e+00,0.000000e+00,0.000000e+00,0.000000e+00,0.000000e+00,0.000000e+00,0.000000e+00,0.000000e+00,0.000000e+00,0.000000e+00,0.000000e+00,0.000000e+00
1.000000e+00,0.000000e+00,0.000000e+00,0.000000e+00,0.000000e+00,0.000000e+00,0.000000e+00,0.000000e+00,0.000000e+00,0.000000e+00,0.000000e+00,0.000000e+00,0.000000e+00,0.000000e+00,0.000000e+00
1.000000e+00,0.000000e+00,0.000000e+00,0.000000e+00,0.000000e+00,0.000000e+00,0.000000e+00,0.000000e+00,0.000000e+00,0.000000e+00,0.000000e+00,0.000000e+00,0.000000e+00,0.000000e+00,0.000000e+00
1.000000e+00,0.000000e+00,0.000000e+00,0.000000e+00,0.000000e+00,0.000000e+00,0.000000e+00,0.000000e+00,0.000000e+00,0.000000e+00,0.000000e+00,0.000000e+00,0.000000e+00,0.000000e+00,0.000000e+00
1.000000e+00,0.000000e+00,0.000000e+00,0.000000e+00,0.000000e+00,0.000000e+00,0.000000e+00,0.000000e+00,0.000000e+00,0.000000e+00,0.000000e+00,0.000000e+00,0.000000e+00,0.000000e+00,0.000000e+00
1.000000e+00,0.000000e+00,0.000000e+00,0.000000e+00,0.000000e+00,0.000000e+00,0.000000e+00,0.000000e+00,0.000000e+00,0.000000e+00,0.000000e+00,0.000000e+00,0.000000e+00,0.000000e+00,0.000000e+00
1.000000e+00,0.000000e+00,0.000000e+00,0.000000e+00,0.000000e+00,0.000000e+00,0.000000e+00,0.000000e+00,0.000000e+00,0.000000e+00,0.000000e+00,0.000000e+00,0.000000e+00,0.000000e+00,0.000000e+00
1.000000e+00,0.000000e+00,0.000000e+00,0.000000e+00,0.000000e+00,0.000000e+00,0.000000e+00,0.000000e+00,0.000000e+00,0.000000e+00,0.000000e+00,0.000000e+00,0.000000e+00,0.000000e+00,0.000000e+00
1.000000e+00,0.000000e+00,0.000000e+00,0.000000e+00,0.000000e+00,0.000000e+00,0.000000e+00,0.000000e+00,0.000000e+00,0.000000e+00,0.000000e+00,0.000000e+00,0.000000e+00,0.000000e+00,0.000000e+00
1.000000e+00,0.000000e+00,0.000000e+00,0.000000e+00,0.000000e+00,0.000000e+00,0.000000e+00,0.000000e+00,0.000000e+00,0.000000e+00,0.000000e+00,0.000000e+00,0.000000e+00,0.000000e+00,0.000000e+00
1.000000e+00,0.000000e+00,0.000000e+00,0.000000e+00,0.000000e+00,0.000000e+00,0.000000e+00,0.000000e+00,0.000000e+00,0.000000e+00,0.000000e+00,0.000000e+00,0.000000e+00,0.000000e+00,0.000000e+00
1.000000e+00,0.000000e+00,0.000000e+00,0.000000e+00,0.000000e+00,0.000000e+00,0.000000e+00,0.000000e+00,0.000000e+00,0.000000e+00,0.000000e+00,0.000000e+00,0.000000e+00,0.000000e+00,0.000000e+00
1.000000e+00,0.000000e+00,0.000000e+00,0.000000e+00,0.000000e+00,0.000000e+00,0.000000e+00,0.000000e+00,0.000000e+00,0.000000e+00,0.000000e+00,0.000000e+00,0.000000e+00,0.000000e+00,0.000000e+00
1.000000e+00,0.000000e+00,0.000000e+00,0.000000e+00,0.000000e+00,0.000000e+00,0.000000e+00,0.000000e+00,0.000000e+00,0.000000e+00,0.000000e+00,0.000000e+00,0.000000e+00,0.000000e+00,0.000000e+00
1.000000e+00,0.000000e+00,0.000000e+00,0.000000e+00,0.000000e+00,0.000000e+00,0.000000e+00,0.000000e+00,0.000000e+00,0.000000e+00,0.000000e+00,0.000000e+00,0.000000e+00,0.000000e+00,0.000000e+00
1.000000e+00,0.000000e+00,0.000000e+00,0.000000e+00,0.000000e+00,0.000000e+00,0.000000e+00,0.000000e+00,0.000000e+00,0.000000e+00,0.000000e+00,0.000000e+00,0.000000e+00,0.000000e+00,0.000000e+00
1.000000e+00,0.000000e+00,0.000000e+00,0.000000e+00,0.000000e+00,0.000000e+00,0.000000e+00,0.000000e+00,0.000000e+00,0.000000e+00,0.000000e+00,0.000000e+00,0.000000e+00,0.000000e+00,0.000000e+00
1.000000e+00,0.000000e+00,0.000000e+00,0.000000e+00,0.000000e+00,0.000000e+00,0.000000e+00,0.000000e+00,0.000000e+00,0.000000e+00,0.000000e+00,0.000000e+00,0.000000e+00,0.000000e+00,0.000000e+00
1.000000e+00,0.000000e+00,0.000000e+00,0.000000e+00,0.000000e+00,0.000000e+00,0.000000e+00,0.000000e+00,0.000000e+00,0.000000e+00,0.000000e+00,0.000000e+00,0.000000e+00,0.000000e+00,0.000000e+00
1.000000e+00,0.000000e+00,0.000000e+00,0.000000e+00,0.000000e+00,0.000000e+00,0.000000e+00,0.000000e+00,0.000000e+00,0.000000e+00,0.000000e+00,0.000000e+00,0.000000e+00,0.000000e+00,0.000000e+00
1.000000e+00,0.000000e+00,0.000000e+00,0.000000e+00,0.000000e+00,0.000000e+00,0.000000e+00,0.000000e+00,0.000000e+00,0.000000e+00,0.000000e+00,0.000000e+00,0.000000e+00,0.000000e+00,0.000000e+00
1.000000e+00,0.000000e+00,0.000000e+00,0.000000e+00,0.000000e+00,0.000000e+00,0.000000e+00,0.000000e+00,0.000000e+00,0.000000e+00,0.000000e+00,0.000000e+00,0.000000e+00,0.000000e+00,0.000000e+00
1.000000e+00,0.000000e+00,0.000000e+00,0.000000e+00,0.000000e+00,0.000000e+00,0.000000e+00,0.000000e+00,0.000000e+00,0.000000e+00,0.000000e+00,0.000000e+00,0.000000e+00,0.000000e+00,0.000000e+00
1.000000e+00,0.000000e+00,0.000000e+00,0.000000e+00,0.000000e+00,0.000000e+00,0.000000e+00,0.000000e+00,0.000000e+00,0.000000e+00,0.000000e+00,0.000000e+00,0.000000e+00,0.000000e+00,0.000000e+00
1.000000e+00,0.000000e+00,0.000000e+00,0.000000e+00,0.000000e+00,0.000000e+00,0.000000e+00,0.000000e+00,0.000000e+00,0.000000e+00,0.000000e+00,0.000000e+00,0.000000e+00,0.000000e+00,0.000000e+00
1.000000e+00,0.000000e+00,0.000000e+00,0.000000e+00,0.000000e+00,0.000000e+00,0.000000e+00,0.000000e+00,0.000000e+00,0.000000e+00,0.000000e+00,0.000000e+00,0.000000e+00,0.000000e+00,0.000000e+00
1.000000e+00,0.000000e+00,0.000000e+00,0.000000e+00,0.000000e+00,0.000000e+00,0.000000e+00,0.000000e+00,0.000000e+00,0.000000e+00,0.000000e+00,0.000000e+00,0.000000e+00,0.000000e+00,0.000000e+00
1.000000e+00,0.000000e+00,0.000000e+00,0.000000e+00,0.000000e+00,0.000000e+00,0.000000e+00,0.000000e+00,0.000000e+00,0.000000e+00,0.000000e+00,0.000000e+00,0.000000e+00,0.000000e+00,0.000000e+00
1.000000e+00,0.000000e+00,0.000000e+00,0.000000e+00,0.000000e+00,0.000000e+00,0.000000e+00,0.000000e+00,0.000000e+00,0.000000e+00,0.000000e+00,0.000000e+00,0.000000e+00,0.000000e+00,0.000000e+00
1.000000e+00,0.000000e+00,0.000000e+00,0.000000e+00,0.000000e+00,0.000000e+00,0.000000e+00,0.000000e+00,0.000000e+00,0.000000e+00,0.000000e+00,0.000000e+00,0.000000e+00,0.000000e+00,0.000000e+00
1.000000e+00,0.000000e+00,0.000000e+00,0.000000e+00,0.000000e+00,0.000000e+00,0.000000e+00,0.000000e+00,0.000000e+00,0.000000e+00,0.000000e+00,0.000000e+00,0.000000e+00,0.000000e+00,0.000000e+00
1.000000e+00,0.000000e+00,0.000000e+00,0.000000e+00,0.000000e+00,0.000000e+00,0.000000e+00,0.000000e+00,0.000000e+00,0.000000e+00,0.000000e+00,0.000000e+00,0.000000e+00,0.000000e+00,0.000000e+00
1.000000e+00,0.000000e+00,0.000000e+00,0.000000e+00,0.000000e+00,0.000000e+00,0.000000e+00,0.000000e+00,0.000000e+00,0.000000e+00,0.000000e+00,0.000000e+00,0.000000e+00,0.000000e+00,0.000000e+00
1.000000e+00,0.000000e+00,0.000000e+00,0.000000e+00,0.000000e+00,0.000000e+00,0.000000e+00,0.000000e+00,0.000000e+00,0.000000e+00,0.000000e+00,0.000000e+00,0.000000e+00,0.000000e+00,0.000000e+00
1.000000e+00,0.000000e+00,0.000000e+00,0.000000e+00,0.000000e+00,0.000000e+00,0.000000e+00,0.000000e+00,0.000000e+00,0.000000e+00,0.000000e+00,0.000000e+00,0.000000e+00,0.000000e+00,0.000000e+00
1.000000e+00,0.000000e+00,0.000000e+00,0.000000e+00,0.000000e+00,0.000000e+00,0.000000e+00,0.000000e+00,0.000000e+00,0.000000e+00,0.000000e+00,0.000000e+00,0.000000e+00,0.000000e+00,0.000000e+00
1.000000e+00,0.000000e+00,0.000000e+00,0.000000e+00,0.000000e+00,0.000000e+00,0.000000e+00,0.000000e+00,0.000000e+00,0.000000e+00,0.000000e+00,0.000000e+00,0.000000e+00,0.000000e+00,0.000000e+00
1.000000e+00,0.000000e+00,0.000000e+00,0.000000e+00,0.000000e+00,0.000000e+00,0.000000e+00,0.000000e+00,0.000000e+00,0.000000e+00,0.000000e+00,0.000000e+00,0.000000e+00,0.000000e+00,0.000000e+00
1.000000e+00,0.000000e+00,0.000000e+00,0.000000e+00,0.000000e+00,0.000000e+00,0.000000e+00,0.000000e+00,0.000000e+00,0.000000e+00,0.000000e+00,0.000000e+00,0.000000e+00,0.000000e+00,0.000000e+00
1.000000e+00,0.000000e+00,0.000000e+00,0.000000e+00,0.000000e+00,0.000000e+00,0.000000e+00,0.000000e+00,0.000000e+00,0.000000e+00,0.000000e+00,0.000000e+00,0.000000e+00,0.000000e+00,0.000000e+00
1.000000e+00,0.000000e+00,0.000000e+00,0.000000e+00,0.000000e+00,0.000000e+00,0.000000e+00,0.000000e+00,0.000000e+00,0.000000e+00,0.000000e+00,0.000000e+00,0.000000e+00,0.000000e+00,0.000000e+00
1.000000e+00,0.000000e+00,0.000000e+00,0.000000e+00,0.000000e+00,0.000000e+00,0.000000e+00,0.000000e+00,0.000000e+00,0.000000e+00,0.000000e+00,0.000000e+00,0.000000e+00,0.000000e+00,0.000000e+00
1.000000e+00,0.000000e+00,0.000000e+00,0.000000e+00,0.000000e+00,0.000000e+00,0.000000e+00,0.000000e+00,0.000000e+00,0.000000e+00,0.000000e+00,0.000000e+00,0.000000e+00,0.000000e+00,0.000000e+00
1.000000e+00,0.000000e+00,0.000000e+00,0.000000e+00,0.000000e+00,0.000000e+00,0.000000e+00,0.000000e+00,0.000000e+00,0.000000e+00,0.000000e+00,0.000000e+00,0.000000e+00,0.000000e+00,0.000000e+00
1.000000e+00,0.000000e+00,0.000000e+00,0.000000e+00,0.000000e+00,0.000000e+00,0.000000e+00,0.000000e+00,0.000000e+00,0.000000e+00,0.000000e+00,0.000000e+00,0.000000e+00,0.000000e+00,0.000000e+00
1.000000e+00,0.000000e+00,0.000000e+00,0.000000e+00,0.000000e+00,0.000000e+00,0.000000e+00,0.000000e+00,0.000000e+00,0.000000e+00,0.000000e+00,0.000000e+00,0.000000e+00,0.000000e+00,0.000000e+00
1.000000e+00,0.000000e+00,0.000000e+00,0.000000e+00,0.000000e+00,0.000000e+00,0.000000e+00,0.000000e+00,0.000000e+00,0.000000e+00,0.000000e+00,0.000000e+00,0.000000e+00,0.000000e+00,0.000000e+00
1.000000e+00,0.000000e+00,0.000000e+00,0.000000e+00,0.000000e+00,0.000000e+00,0.000000e+00,0.000000e+00,0.000000e+00,0.000000e+00,0.000000e+00,0.000000e+00,0.000000e+00,0.000000e+00,0.000000e+00
1.000000e+00,0.000000e+00,0.000000e+00,0.000000e+00,0.000000e+00,0.000000e+00,0.000000e+00,0.000000e+00,0.000000e+00,0.000000e+00,0.000000e+00,0.000000e+00,0.000000e+00,0.000000e+00,0.000000e+00
1.000000e+00,0.000000e+00,0.000000e+00,0.000000e+00,0.000000e+00,0.000000e+00,0.000000e+00,0.000000e+00,0.000000e+00,0.000000e+00,0.000000e+00,0.000000e+00,0.000000e+00,0.000000e+00,0.000000e+00
1.000000e+00,0.000000e+00,0.000000e+00,0.000000e+00,0.000000e+00,0.000000e+00,0.000000e+00,0.000000e+00,0.000000e+00,0.000000e+00,0.000000e+00,0.000000e+00,0.000000e+00,0.000000e+00,0.000000e+00
1.000000e+00,0.000000e+00,0.000000e+00,0.000000e+00,0.000000e+00,0.000000e+00,0.000000e+00,0.000000e+00,0.000000e+00,0.000000e+00,0.000000e+00,0.000000e+00,0.000000e+00,0.000000e+00,0.000000e+00
1.000000e+00,0.000000e+00,0.000000e+00,0.000000e+00,0.000000e+00,0.000000e+00,0.000000e+00,0.000000e+00,0.000000e+00,0.000000e+00,0.000000e+00,0.000000e+00,0.000000e+00,0.000000e+00,0.000000e+00
1.000000e+00,0.000000e+00,0.000000e+00,0.000000e+00,0.000000e+00,0.000000e+00,0.000000e+00,0.000000e+00,0.000000e+00,0.000000e+00,0.000000e+00,0.000000e+00,0.000000e+00,0.000000e+00,0.000000e+00
1.000000e+00,0.000000e+00,0.000000e+00,0.000000e+00,0.000000e+00,0.000000e+00,0.000000e+00,0.000000e+00,0.000000e+00,0.000000e+00,0.000000e+00,0.000000e+00,0.000000e+00,0.000000e+00,0.000000e+00
1.000000e+00,0.000000e+00,0.000000e+00,0.000000e+00,0.000000e+00,0.000000e+00,0.000000e+00,0.000000e+00,0.000000e+00,0.000000e+00,0.000000e+00,0.000000e+00,0.000000e+00,0.000000e+00,0.000000e+00
4.917083e-01,1.594617e-02,2.963437e-02,4.885240e-02,7.604502e-03,3.018034e-02,1.036934e-02,2.673251e-01,6.936696e-03,1.593521e-03,1.151423e-02,3.578792e-02,2.384703e-02,3.106366e-03,1.559375e-02
3.684789e-01,1.175183e-02,3.372927e-02,3.831503e-02,5.900670e-03,2.440881e-02,9.556057e-03,4.344581e-01,5.035697e-03,1.194596e-03,8.659798e-03,2.662670e-02,1.786169e-02,2.380482e-03,1.164237e-02
2.734833e-01,8.434717e-03,2.769212e-02,2.812354e-02,4.381698e-03,1.874555e-02,8.592458e-03,5.772578e-01,3.586935e-03,8.996668e-04,6.328162e-03,1.906538e-02,1.306137e-02,1.876810e-03,8.470448e-03
2.183712e-01,6.229003e-03,2.295332e-02,2.053197e-02,3.326725e-03,1.521562e-02,8.277413e-03,6.651208e-01,2.626003e-03,7.175014e-04,4.747030e-03,1.393471e-02,9.875605e-03,1.605173e-03,6.468017e-03
1.617135e-01,4.435611e-03,1.747952e-02,1.505562e-02,2.619651e-03,1.114128e-02,6.677757e-03,7.521295e-01,1.866275e-03,5.304243e-04,3.426727e-03,9.899948e-03,7.192652e-03,1.236354e-03,4.595292e-03
1.176031e-01,3.151560e-03,1.324139e-02,1.099114e-02,2.259569e-03,8.091684e-03,5.279766e-03,8.188204e-01,1.322155e-03,3.880229e-04,2.454935e-03,7.025016e-03,5.205795e-03,9.191594e-04,3.246343e-03
8.597432e-02,2.251009e-03,1.007272e-02,8.002460e-03,1.901939e-03,5.921562e-03,4.734250e-03,8.662637e-01,9.372683e-04,2.908164e-04,1.761573e-03,5.041092e-03,3.851845e-03,6.889825e-04,2.306521e-03
7.380933e-02,1.671000e-03,7.412937e-03,5.902032e-03,2.362592e-03,4.594009e-03,4.136849e-03,8.883388e-01,6.890758e-04,3.126727e-04,1.335878e-03,3.903735e-03,3.242605e-03,5.272202e-04,1.761248e-03
5.920297e-02,1.247437e-03,5.825043e-03,4.727057e-03,2.584176e-03,3.547702e-03,4.430250e-03,9.089305e-01,5.188767e-04,2.504971e-04,1.021127e-03,3.049917e-03,2.904986e-03,4.247384e-04,1.334695e-03
5.545086e-02,9.943175e-04,5.231774e-03,3.706390e-03,2.917654e-03,2.975836e-03,4.819841e-03,9.150559e-01,4.209938e-04,3.012554e-04,8.644700e-04,2.716751e-03,2.897908e-03,4.186556e-04,1.227420e-03
6.838071e-02,8.485067e-04,4.610388e-03,3.111403e-03,4.452134e-03,2.878820e-03,4.490415e-03,9.021034e-01,3.968861e-04,4.461033e-04,8.407559e-04,2.786617e-03,3.021560e-03,3.940406e-04,1.238287e-03
6.748220e-02,7.578819e-04,4.310509e-03,2.667319e-03,4.290211e-03,2.751679e-03,4.790660e-03,9.041597e-01,3.533355e-04,4.475883e-04,7.606329e-04,2.607187e-03,3.009989e-03,3.962351e-04,1.214828e-03
7.448614e-02,7.056165e-04,3.723533e-03,2.412599e-03,4.282674e-03,2.725933e-03,4.537900e-03,8.979911e-01,4.044799e-04,5.982887e-04,7.242337e-04,2.654778e-03,3.085667e-03,3.799043e-04,1.287108e-03
7.569039e-02,6.475894e-04,3.376201e-03,2.232962e-03,4.535264e-03,2.571410e-03,4.340556e-03,8.977587e-01,3.962768e-04,6.723548e-04,6.597122e-04,2.685476e-03,2.864797e-03,3.362303e-04,1.232058e-03
8.064959e-02,5.949551e-04,2.827528e-03,2.059338e-03,5.081117e-03,2.238832e-03,3.670321e-03,8.945560e-01,3.793296e-04,6.457539e-04,6.794451e-04,2.608246e-03,2.643957e-03,2.851422e-04,1.080373e-03
9.876351e-02,5.887041e-04,2.502231e-03,1.941215e-03,6.434185e-03,2.262888e-03,3.359434e-03,8.749279e-01,4.370034e-04,7.434570e-04,8.195905e-04,3.010698e-03,2.744846e-03,2.972137e-04,1.167204e-03
1.188172e-01,7.263918e-04,2.284567e-03,2.024419e-03,9.433249e-03,2.437202e-03,2.806544e-03,8.496808e-01,1.287979e-03,8.392917e-04,1.010330e-03,3.749514e-03,2.944209e-03,3.896523e-04,1.568712e-03
1.519035e-01,2.192971e-03,2.409855e-03,3.315332e-03,1.086393e-02,3.385631e-03,2.363564e-03,7.719290e-01,2.976550e-03,1.033799e-03,3.320324e-03,8.036638e-03,3.227643e-02,9.185706e-04,3.073997e-03
1.505492e-01,2.375144e-03,2.340639e-03,3.477867e-03,1.387762e-02,5.070817e-03,3.050858e-03,7.057170e-01,7.833425e-03,9.942660e-04,6.342110e-03,9.124353e-03,8.279212e-02,1.337304e-03,5.117277e-03
1.155321e-01,2.228884e-03,1.969420e-03,2.739281e-03,1.377848e-02,4.709101e-03,4.160220e-03,5.233674e-01,1.031642e-02,9.600563e-04,6.402989e-03,8.721863e-03,2.892072e-01,1.243783e-03,1.466282e-02
1.165296e-01,2.893940e-03,2.627171e-03,2.672460e-03,2.297582e-02,5.806074e-03,7.414480e-03,4.002069e-01,1.639687e-02,1.007497e-03,6.519714e-03,7.127821e-03,3.817453e-01,1.324278e-03,2.475214e-02
1.084832e-01,2.822972e-03,5.432260e-03,2.091278e-03,2.420841e-02,6.333666e-03,1.021662e-02,2.967677e-01,1.426865e-02,1.087986e-03,5.882528e-03,9.754678e-03,4.918215e-01,1.113147e-03,1.971540e-02
8.672879e-02,2.467940e-03,5.168982e-03,1.617409e-03,2.407739e-02,6.966460e-03,1.363631e-02,2.151307e-01,1.095993e-02,1.277921e-03,8.338789e-03,1.154607e-02,5.800682e-01,1.335731e-03,3.067940e-02
6.842059e-02,1.993931e-03,4.601265e-03,1.283986e-03,2.616028e-02,6.936150e-03,1.618123e-02,1.530265e-01,9.432266e-03,1.705395e-03,1.353374e-02,1.308824e-02,6.348836e-01,1.498618e-03,4.725422e-02
5.061486e-02,1.478112e-03,5.531993e-03,1.002469e-03,2.320834e-02,5.813875e-03,3.060665e-02,1.150648e-01,8.749481e-03,2.129965e-03,1.365378e-02,2.579143e-02,5.812093e-01,1.591031e-03,1.335539e-01
5.002413e-02,1.637585e-03,2.844180e-02,1.237581e-03,2.477928e-02,5.832345e-03,2.531158e-02,9.087697e-02,1.029318e-02,3.041459e-03,1.383272e-02,4.297607e-02,5.383530e-01,2.436232e-03,1.609261e-01
4.023089e-02,5.461167e-03,1.701705e-01,2.895945e-03,3.852225e-02,5.099806e-03,1.818898e-02,7.109588e-02,1.268337e-02,4.164043e-03,1.501629e-02,4.375302e-02,4.539891e-01,2.421132e-03,1.163077e-01
3.158943e-02,4.259941e-03,1.350506e-01,2.195240e-02,3.430593e-02,5.893063e-03,1.287021e-02,7.590366e-02,1.268615e-01,5.276429e-03,1.556570e-02,3.316637e-02,4.108012e-01,2.602729e-03,8.390091e-02
2.884115e-02,7.924573e-03,1.315819e-01,2.066566e-02,3.488291e-02,8.958053e-03,9.657259e-03,7.996111e-02,1.744433e-01,1.335706e-02,2.112617e-02,2.768816e-02,3.336255e-01,3.666898e-03,1.036204e-01
2.516951e-02,1.457593e-02,1.022178e-01,1.588292e-02,3.051360e-02,9.374906e-03,7.296048e-03,5.869433e-02,1.693219e-01,1.439241e-02,1.648152e-02,2.001552e-02,2.438244e-01,3.942327e-03,2.682969e-01
2.647238e-02,1.899651e-02,8.537300e-02,2.261984e-02,2.714514e-02,1.163226e-02,5.937470e-03,6.702425e-02,2.392971e-01,1.648296e-02,1.411466e-02,1.504628e-02,1.812618e-01,3.939264e-03,2.646571e-01
9.478889e-02,2.114592e-02,7.590927e-02,2.575391e-02,3.057677e-02,1.137495e-02,5.090555e-03,5.738193e-02,1.839101e-01,1.666094e-02,1.237343e-02,1.180403e-02,1.358807e-01,4.201069e-03,3.131476e-01
1.164178e-01,1.805617e-02,8.159150e-02,2.704069e-02,2.676642e-02,1.015414e-02,4.136486e-03,5.136458e-02,1.464986e-01,1.611060e-02,9.913227e-03,8.750806e-03,9.728722e-02,4.355077e-03,3.815567e-01
1.051553e-01,1.365358e-02,6.277846e-02,2.201844e-02,2.147686e-02,1.026907e-02,3.130435e-03,4.053788e-02,1.120403e-01,1.185634e-02,7.314248e-03,6.416799e-03,6.921986e-02,4.966569e-03,5.091658e-01
8.675379e-02,1.212589e-02,8.287534e-02,1.122981e-01,2.171392e-02,1.120331e-02,2.589505e-03,4.763145e-02,9.555429e-02,9.028674e-03,8.357737e-03,5.809435e-03,5.295214e-02,4.643010e-03,4.464634e-01
9.381682e-02,1.170100e-02,6.658734e-02,1.312206e-01,2.026860e-02,1.161290e-02,2.591554e-03,6.148278e-02,8.696982e-02,7.113586e-03,7.946928e-03,6.275424e-03,3.952909e-02,5.870442e-03,4.470131e-01
1.570393e-01,1.073502e-02,5.101638e-02,9.732311e-02,1.799333e-02,1.037197e-02,2.418226e-03,4.473425e-02,7.353351e-02,5.602889e-03,7.348642e-03,7.496223e-03,2.994572e-02,6.958390e-03,4.774831e-01
2.508637e-01,1.212628e-02,3.805119e-02,7.683828e-02,1.820531e-02,1.136731e-02,3.115884e-03,3.361864e-02,6.554545e-02,4.730141e-03,1.003794e-02,1.857026e-02,2.569573e-02,1.406698e-02,4.171669e-01
2.915733e-01,1.359028e-02,3.037145e-02,6.553550e-02,1.666566e-02,1.108886e-02,3.180888e-03,2.534249e-02,8.438727e-02,4.171635e-03,1.896627e-02,4.481447e-02,2.561253e-02,2.882515e-02,3.358742e-01
3.000176e-01,1.571329e-02,3.608254e-02,8.290722e-02,1.714041e-02,1.347704e-02,3.202431e-03,2.361416e-02,8.587296e-02,4.846578e-03,2.107817e-02,5.529107e-02,2.550328e-02,3.098892e-02,2.842644e-01
2.712187e-01,1.994285e-02,4.483765e-02,1.546063e-01,1.498431e-02,1.398390e-02,2.848557e-03,1.932589e-02,9.913591e-02,5.562968e-03,2.091830e-02,5.027660e-02,2.407489e-02,2.545540e-02,2.328277e-01
2.052504e-01,1.629541e-02,9.227575e-02,1.261288e-01,1.086072e-02,1.073767e-02,2.034571e-03,1.381475e-02,9.413895e-02,7.722783e-03,2.174407e-02,3.575416e-02,1.816888e-02,7.511824e-02,2.699547e-01
1.532931e-01,1.315997e-02,6.659428e-02,9.291209e-02,8.463391e-03,8.227981e-03,1.486245e-03,9.913049e-03,1.716728e-01,9.450847e-03,2.642043e-02,2.805881e-02,2.437794e-02,1.091754e-01,2.767936e-01
1.087393e-01,9.698736e-03,4.696614e-02,6.549918e-02,6.215549e-03,6.124387e-03,1.060830e-03,6.993382e-03,1.645105e-01,1.555623e-02,2.937873e-02,2.164833e-02,2.199776e-02,1.212079e-01,3.744030e-01
7.629069e-02,6.869372e-03,3.302498e-02,4.588531e-02,4.566567e-03,4.429338e-03,7.577082e-04,4.911702e-03,1.235068e-01,4.612453e-02,4.205325e-02,1.700417e-02,1.718571e-02,1.230293e-01,4.543606e-01
5.362902e-02,4.975014e-03,2.324867e-02,3.236442e-02,4.909973e-03,3.291377e-03,5.864267e-04,3.483040e-03,1.088323e-01,4.882244e-02,1.096267e-01,1.908757e-02,1.751761e-02,1.072367e-01,4.623888e-01
3.772299e-02,3.651688e-03,1.632816e-02,2.279601e-02,5.150536e-03,2.416954e-03,6.936885e-04,2.476900e-03,1.207215e-01,4.260268e-02,1.907624e-01,2.939632e-02,2.528866e-02,1.452649e-01,3.547266e-01
2.659553e-02,2.826319e-03,1.145085e-02,1.615394e-02,9.031994e-03,2.495895e-03,2.244987e-03,1.823411e-03,1.009018e-01,3.124357e-02,2.919728e-01,3.169166e-02,4.149024e-02,1.472948e-01,2.827822e-01
1.868703e-02,2.100279e-03,8.031026e-03,1.205186e-02,8.300917e-03,2.486623e-03,3.025698e-03,1.359353e-03,7.568056e-02,2.213163e-02,4.069223e-01,2.549105e-02,4.053171e-02,1.659540e-01,2.072460e-01
1.318689e-02,2.007950e-03,5.667937e-03,9.881806e-03,8.729301e-03,3.330078e-03,2.916701e-03,1.230755e-03,6.580119e-02,1.611881e-02,4.078518e-01,2.350091e-02,4.672352e-02,2.474940e-01,1.455583e-01
9.336086e-03,1.565361e-03,4.035114e-03,7.718185e-03,8.270560e-03,5.179062e-03,2.328516e-03,1.147276e-03,4.989725e-02,1.149344e-02,3.872554e-01,2.692774e-02,3.634717e-02,3.464983e-01,1.020005e-01
6.665654e-03,1.234456e-03,2.993363e-03,6.443537e-03,7.556751e-03,8.688146e-03,1.725605e-03,9.226393e-04,3.723725e-02,8.267063e-03,3.856276e-01,4.911687e-02,3.553892e-02,3.765198e-01,7.146233e-02
4.874547e-03,9.321030e-04,2.384511e-03,5.071403e-03,7.175422e-03,1.534387e-02,1.261617e-03,1.010509e-03,2.737066e-02,6.214641e-03,3.443143e-01,5.635836e-02,4.563297e-02,4.318934e-01,5.016170e-02
3.701898e-03,7.921173e-04,2.289052e-03,4.792413e-03,8.990817e-03,4.990719e-02,1.602278e-03,2.971469e-03,2.585690e-02,4.720369e-03,2.732839e-01,4.795101e-02,5.915486e-02,4.787474e-01,3.523836e-02
3.070137e-03,6.373418e-04,1.959017e-03,4.683394e-03,1.098941e-02,9.556897e-02,1.358310e-03,6.386405e-03,2.056220e-02,3.679546e-03,2.153075e-01,5.577944e-02,1.010316e-01,4.540482e-01,2.493850e-02
2.661534e-03,4.955633e-04,1.772489e-03,4.751395e-03,1.106249e-02,8.780396e-02,1.185033e-03,3.590485e-02,1.913828e-02,3.102930e-03,1.815505e-01,6.358491e-02,1.760775e-01,3.932352e-01,1.767349e-02
2.339688e-03,3.957932e-04,1.579682e-03,3.778005e-03,8.982043e-03,7.622840e-02,1.095198e-03,3.097960e-02,1.531141e-02,2.319062e-03,1.623871e-01,7.959044e-02,2.870762e-01,3.153886e-01,1.254882e-02
5.489783e-03,8.192374e-04,4.391312e-03,4.977879e-03,1.298436e-02,7.157636e-02,1.487544e-03,3.539662e-02,2.039769e-02,2.216181e-03,1.381975e-01,1.742964e-01,2.866033e-01,2.318296e-01,9.336218e-03
1.550466e-02,9.811518e-04,1.319518e-02,7.088713e-03,2.033275e-02,6.323901e-02,2.486155e-03,1.200679e-01,2.142231e-02,2.077048e-03,1.060124e-01,1.982549e-01,2.497620e-01,1.728039e-01,6.771978e-03
1.990515e-02,4.187502e-03,2.738149e-02,8.484168e-03,2.260404e-02,2.090541e-01,7.689910e-03,9.748551e-02,5.289806e-02,1.938748e-03,7.482320e-02,1.583859e-01,1.873784e-01,1.222903e-01,5.493590e-03
2.228429e-02,6.547028e-03,2.519614e-02,7.288005e-03,2.916032e-02,3.276547e-01,1.137282e-02,7.262300e-02,7.439852e-02,1.526546e-03,5.319428e-02,1.352374e-01,1.421278e-01,8.706980e-02,4.319443e-03
4.713588e-02,8.255273e-03,2.188444e-02,6.248517e-03,5.228025e-02,3.527347e-01,2.625743e-02,5.364926e-02,8.974428e-02,1.178938e-03,3.845117e-02,1.291899e-01,1.082098e-01,6.127338e-02,3.506808e-03
5.753855e-02,1.559990e-02,1.819313e-02,6.388011e-03,8.017657e-02,3.379043e-01,2.897251e-02,6.321625e-02,1.175838e-01,1.035866e-03,2.780974e-02,1.041617e-01,9.372725e-02,4.354725e-02,4.145148e-03
5.011871e-02,1.267390e-02,1.516343e-02,8.912274e-03,1.059380e-01,2.945726e-01,3.891856e-02,1.646520e-01,1.095910e-01,8.105192e-04,1.959966e-02,7.409579e-02,7.084368e-02,3.061091e-02,3.498966e-03
4.606190e-02,9.633932e-03,1.128818e-02,8.393614e-03,9.724291e-02,2.196516e-01,3.013529e-02,3.529793e-01,8.270314e-02,5.859705e-04,1.382878e-02,5.237722e-02,5.113671e-02,2.145637e-02,2.525068e-03
3.845045e-02,6.907103e-03,8.193940e-03,6.844745e-03,8.077337e-02,1.572019e-01,2.213203e-02,5.209398e-01,5.868943e-02,4.153815e-04,9.712724e-03,3.677409e-02,3.616194e-02,1.502473e-02,1.778335e-03
3.230303e-02,4.937456e-03,6.070993e-03,5.110614e-03,5.910015e-02,1.108556e-01,1.593556e-02,6.540824e-01,4.130252e-02,3.062313e-04,6.868548e-03,2.581287e-02,2.551346e-02,1.052795e-02,1.272698e-03
4.027403e-02,3.734294e-03,4.627557e-03,4.058388e-03,4.373936e-02,8.037064e-02,1.188183e-02,7.314037e-01,2.922418e-02,2.452143e-04,5.224352e-03,1.835678e-02,1.845708e-02,7.417584e-03,9.850290e-04
4.201931e-02,2.795740e-03,3.686541e-03,4.030967e-03,3.609832e-02,5.713227e-02,8.754945e-03,7.885693e-01,2.071076e-02,1.821827e-04,3.868938e-03,1.302470e-02,1.320151e-02,5.207067e-03,7.174121e-04
4.811367e-02,5.266990e-03,4.105400e-03,1.166544e-02,3.106426e-02,4.144787e-02,6.886640e-03,7.933537e-01,1.613638e-02,7.216881e-04,6.574821e-03,1.341068e-02,1.560124e-02,3.898860e-03,1.752253e-03
6.490290e-02,7.896098e-03,3.354166e-03,1.656169e-02,2.632422e-02,3.646697e-02,5.998342e-03,7.171535e-01,1.465965e-02,8.900868e-04,1.022420e-02,1.277468e-02,7.776825e-02,2.912696e-03,2.112410e-03
9.199619e-02,6.945183e-03,3.192501e-03,1.320596e-02,2.798063e-02,3.572894e-02,1.111964e-02,6.802220e-01,1.156714e-02,8.583204e-04,1.063413e-02,1.223406e-02,8.945318e-02,2.161925e-03,2.700128e-03
8.518165e-02,5.308089e-03,2.518092e-03,1.006432e-02,2.151042e-02,5.306688e-02,1.221538e-02,5.385133e-01,8.469183e-03,6.359953e-04,7.996321e-03,9.352353e-03,2.409078e-01,1.532782e-03,2.727450e-03
7.276449e-02,3.932974e-03,1.831405e-03,7.623560e-03,1.593830e-02,4.392397e-02,1.176683e-02,3.997727e-01,6.399246e-03,4.730968e-04,5.995301e-03,7.150319e-03,4.185694e-01,1.078742e-03,2.779605e-03
6.373145e-02,2.874796e-03,1.585828e-03,6.276246e-03,1.256052e-02,3.788383e-02,1.137679e-02,2.846703e-01,5.214206e-03,4.163968e-04,5.499336e-03,8.314583e-03,5.564702e-01,8.003502e-04,2.325159e-03
7.213505e-02,2.167490e-03,1.350611e-03,5.137969e-03,1.012663e-02,4.547682e-02,9.166953e-03,2.025243e-01,4.410726e-03,3.650527e-04,6.743247e-03,1.632604e-02,6.214291e-01,5.889172e-04,2.051031e-03
7.174006e-02,1.673574e-03,1.215770e-03,3.830182e-03,8.751340e-03,5.163062e-02,7.274041e-03,1.422509e-01,3.817760e-03,3.911922e-04,9.625382e-03,2.252396e-02,6.718795e-01,5.241276e-04,2.871621e-03
5.249561e-02,1.317806e-03,1.115486e-03,2.819024e-03,6.687623e-03,8.570804e-02,5.474592e-03,9.971417e-02,2.982896e-03,4.453968e-04,7.929260e-03,3.344722e-02,6.968108e-01,4.062795e-04,2.645752e-03
4.017451e-02,1.077372e-03,9.271696e-04,2.094534e-03,6.159750e-03,7.537869e-02,4.080985e-03,6.992995e-02,2.846750e-03,6.633908e-04,7.937772e-03,3.319244e-02,7.517020e-01,3.609973e-04,3.473668e-03
3.948663e-02,9.011268e-04,9.382998e-04,1.581604e-03,6.359518e-03,5.682931e-02,3.513061e-03,4.920039e-02,3.434198e-03,1.127782e-03,7.600344e-03,3.537887e-02,7.860399e-01,5.134903e-04,7.095405e-03
4.212327e-02,1.054356e-03,1.218411e-03,1.596284e-03,6.798062e-03,6.598155e-02,2.844919e-03,3.507333e-02,4.550096e-03,1.740939e-03,8.050967e-03,3.042939e-02,7.894920e-01,9.770344e-04,8.069403e-03
3.053525e-02,7.915731e-04,9.242984e-04,1.292465e-03,5.734991e-03,5.723729e-02,2.404276e-03,2.511623e-02,4.857392e-03,2.498490e-03,1.137687e-02,4.449102e-02,8.049936e-01,1.282455e-03,6.463797e-03
2.157442e-02,5.586467e-04,6.847245e-04,1.160593e-03,4.406062e-03,4.143305e-02,1.817191e-03,2.101732e-02,4.786381e-03,3.456668e-03,1.873266e-02,4.480072e-02,8.253390e-01,1.093591e-03,9.139051e-03
1.562063e-02,4.112471e-04,5.755710e-04,1.751344e-03,3.390562e-03,3.057326e-02,1.331601e-03,2.087479e-02,5.458679e-03,4.322407e-03,2.560175e-02,4.871997e-02,8.322922e-01,1.212673e-03,7.863336e-03
1.264867e-02,5.438741e-04,1.010287e-03,2.570134e-02,1.804157e-02,2.167881e-02,1.059966e-03,4.270954e-02,1.468667e-01,3.508029e-03,2.177802e-02,3.794308e-02,6.594237e-01,8.721976e-04,6.214166e-03
1.828782e-02,4.709575e-04,7.431419e-03,1.718352e-01,3.667144e-02,1.587844e-02,9.188686e-04,4.870301e-02,1.353434e-01,4.732648e-03,1.957591e-02,2.807629e-02,5.066079e-01,6.413874e-04,4.825386e-03
2.759014e-02,1.364155e-03,9.309798e-03,2.447734e-01,7.486295e-02,1.341424e-02,7.578362e-04,4.914668e-02,1.700492e-01,3.833924e-03,1.604808e-02,2.069633e-02,3.639144e-01,4.730859e-04,3.765857e-03
5.051482e-02,2.506418e-03,7.891681e-03,2.989991e-01,1.027501e-01,1.233343e-02,8.079055e-04,5.416396e-02,1.749970e-01,3.091334e-03,1.443977e-02,1.566365e-02,2.585472e-01,3.786248e-04,2.915028e-03
1.034560e-01,3.770154e-03,1.020717e-02,2.784063e-01,1.267933e-01,1.401956e-02,2.012206e-03,5.312147e-02,1.874548e-01,3.144933e-03,1.519222e-02,1.314104e-02,1.856320e-01,4.559770e-04,3.192835e-03
1.549250e-01,6.162082e-03,1.055828e-02,2.485704e-01,1.872255e-01,1.257609e-02,3.674197e-03,4.478329e-02,1.487965e-01,3.949722e-03,2.208806e-02,1.650590e-02,1.340035e-01,1.089630e-03,5.091818e-03
1.784518e-01,6.689352e-03,1.017815e-02,2.887989e-01,1.872833e-01,1.032374e-02,3.449829e-03,3.540204e-02,1.217590e-01,5.194020e-03,2.763667e-02,1.759109e-02,9.858488e-02,1.776287e-03,6.880789e-03
1.652680e-01,5.973837e-03,8.210292e-03,2.295116e-01,2.198843e-01,9.047302e-03,2.781115e-03,1.359080e-01,1.055367e-01,4.086290e-03,2.088057e-02,1.503448e-02,7.132994e-02,1.518300e-03,5.029225e-03
2.188507e-01,6.297446e-03,8.540691e-03,1.767078e-01,2.523069e-01,9.561131e-03,3.335785e-03,1.389540e-01,8.841096e-02,3.311804e-03,1.666032e-02,1.431382e-02,5.675576e-02,1.708122e-03,4.284715e-03
3.101968e-01,7.167349e-03,9.158053e-03,1.326960e-01,2.114068e-01,1.457421e-02,3.766756e-03,1.267896e-01,7.159179e-02,4.276990e-03,1.778717e-02,2.600526e-02,4.965937e-02,3.706691e-03,1.121718e-02
3.823095e-01,7.969471e-03,7.782602e-03,1.102065e-01,1.791571e-01,2.121383e-02,3.737553e-03,9.531399e-02,6.026906e-02,4.226663e-03,2.036405e-02,3.860078e-02,4.571845e-02,4.904497e-03,1.822591e-02
4.395066e-01,1.076964e-02,6.553855e-03,9.126090e-02,1.464250e-01,2.558370e-02,3.683681e-03,6.955709e-02,5.540584e-02,5.023306e-03,2.189296e-02,4.914224e-02,4.533795e-02,6.146864e-03,2.371041e-02
1.000000e+00,0.000000e+00,0.000000e+00,0.000000e+00,0.000000e+00,0.000000e+00,0.000000e+00,0.000000e+00,0.000000e+00,0.000000e+00,0.000000e+00,0.000000e+00,0.000000e+00,0.000000e+00,0.000000e+00
4.666263e-01,1.411612e-02,6.128995e-03,6.825101e-02,8.266237e-02,2.478059e-02,2.816708e-03,3.881970e-02,1.145239e-01,1.372925e-02,2.681502e-02,3.664191e-02,3.508071e-02,1.046659e-02,5.854086e-02
3.803932e-01,1.362249e-02,5.564001e-03,5.294367e-02,6.084343e-02,2.861945e-02,2.097284e-03,2.765101e-02,1.896125e-01,1.476155e-02,2.286736e-02,2.756654e-02,3.021319e-02,1.375777e-02,1.294865e-01
2.787472e-01,1.077543e-02,4.008595e-03,3.998325e-02,4.281466e-02,2.210797e-02,1.558711e-03,1.986766e-02,3.904158e-01,1.145529e-02,1.917242e-02,1.976088e-02,2.939262e-02,1.031529e-02,9.962421e-02
1.975753e-01,8.423419e-03,2.848190e-03,2.903936e-02,3.007116e-02,1.638437e-02,1.116875e-03,1.401250e-02,5.382812e-01,1.265459e-02,1.487435e-02,1.429490e-02,2.324482e-02,8.049931e-03,8.912903e-02
1.385173e-01,6.439773e-03,2.095459e-03,2.054796e-02,2.109496e-02,1.175991e-02,8.175289e-04,9.825381e-03,6.368201e-01,1.007009e-02,1.325889e-02,1.158577e-02,1.759267e-02,1.596206e-02,8.361214e-02
9.706587e-02,4.947688e-03,1.562063e-03,1.471653e-02,1.480565e-02,8.465970e-03,6.007537e-04,6.899919e-03,6.617464e-01,7.592566e-03,1.931144e-02,1.045608e-02,1.490714e-02,6.522221e-02,7.169969e-02
6.805648e-02,3.755219e-03,1.155603e-03,1.036939e-02,1.037848e-02,6.007880e-03,4.396576e-04,4.844208e-03,6.916139e-01,5.482211e-03,2.433272e-02,7.914113e-03,1.057873e-02,9.135464e-02,6.371678e-02
4.785988e-02,2.804047e-03,9.847281e-04,7.608130e-03,7.626290e-03,4.334628e-03,3.345934e-04,3.437362e-03,5.430883e-01,5.515795e-03,1.299271e-01,9.113870e-03,9.081401e-03,1.252166e-01,1.030672e-01
3.403518e-02,2.294705e-03,8.514179e-04,6.094634e-03,7.227222e-03,3.315557e-03,2.929815e-04,2.598436e-03,4.469114e-01,4.777384e-03,2.574965e-01,9.494524e-03,8.593909e-03,1.149629e-01,1.010532e-01
2.450817e-02,1.753040e-03,6.616447e-04,4.854423e-03,8.612273e-03,2.428115e-03,2.477374e-04,1.911968e-03,3.337875e-01,4.436122e-03,3.658103e-01,2.841200e-02,1.032170e-02,9.863377e-02,1.136211e-01
1.731467e-02,1.369219e-03,5.162736e-04,3.448408e-03,6.200205e-03,1.764474e-03,2.011817e-04,1.370682e-03,2.365751e-01,3.478056e-03,5.176158e-01,2.932634e-02,8.244399e-03,9.251279e-02,8.006242e-02
1.253761e-02,1.105841e-03,3.911820e-04,2.461559e-03,4.826258e-03,1.348244e-03,1.638502e-04,9.994539e-04,1.671849e-01,3.212179e-03,6.353154e-01,2.976381e-02,7.036560e-03,7.691581e-02,5.673733e-02
8.805616e-03,8.071136e-04,2.922709e-04,1.816359e-03,3.638418e-03,1.048164e-03,1.386455e-04,7.277804e-04,1.173621e-01,2.504009e-03,7.108277e-01,2.625188e-02,5.554597e-03,8.036612e-02,3.985924e-02
6.236070e-03,6.286348e-04,2.420733e-04,1.625069e-03,3.125772e-03,1.050615e-03,1.606207e-04,5.716928e-04,8.308506e-02,2.065944e-03,7.445017e-01,2.469372e-02,5.218914e-03,9.863950e-02,2.815461e-02
4.624696e-03,6.028049e-04,1.662191e-03,1.203674e-03,4.827557e-03,1.265436e-03,1.241036e-03,1.759716e-03,5.866380e-02,2.393703e-03,6.909777e-01,2.860555e-02,5.245575e-03,1.758748e-01,2.105174e-02
3.320124e-03,4.718012e-04,1.248698e-03,8.919284e-04,3.693794e-03,1.098471e-03,9.005461e-04,1.275348e-03,4.119495e-02,1.935957e-03,7.383479e-01,2.555399e-02,4.228683e-03,1.609247e-01,1.491318e-02
2.377447e-03,3.730267e-04,9.298894e-04,6.775004e-04,2.845447e-03,8.577415e-04,6.511386e-04,9.166492e-04,2.896203e-02,1.543700e-03,7.886540e-01,2.256231e-02,3.241730e-03,1.349283e-01,1.047909e-02
1.767488e-03,3.065620e-04,6.878425e-04,5.173391e-04,2.793176e-03,7.352853e-04,5.280453e-04,6.809892e-04,2.037064e-02,1.639038e-03,8.269308e-01,2.327713e-02,2.647558e-03,1.097222e-01,7.395964e-03
1.331253e-03,2.776722e-04,5.018170e-04,3.880828e-04,2.228692e-03,6.224563e-04,3.924398e-04,5.003448e-04,1.440089e-02,1.535154e-03,8.589095e-01,2.713734e-02,2.133660e-03,8.444519e-02,5.195485e-03
1.104508e-03,5.781399e-04,4.663246e-04,2.874603e-04,2.147081e-03,5.345736e-04,3.550322e-04,4.127277e-04,1.031481e-02,1.180139e-03,8.753661e-01,3.438576e-02,1.973175e-03,6.722406e-02,3.670087e-03
2.455966e-03,6.876228e-04,3.933705e-04,2.753245e-04,5.020944e-03,6.590128e-04,5.759943e-04,8.971512e-04,8.158279e-03,9.392117e-04,8.867395e-01,3.706444e-02,1.913597e-03,5.158377e-02,2.635770e-03
3.487637e-03,8.666207e-04,3.155655e-04,2.505573e-04,9.388031e-03,7.922074e-04,6.674550e-04,8.434526e-04,6.968539e-03,7.679217e-04,8.964109e-01,3.614258e-02,1.640028e-03,3.952047e-02,1.938033e-03
5.487914e-03,1.106305e-03,2.874225e-04,3.076293e-04,1.624276e-02,1.072956e-03,8.591173e-04,9.514005e-04,6.221284e-03,6.884689e-04,8.943456e-01,3.734287e-02,1.349989e-03,3.217378e-02,1.562434e-03
6.362870e-03,1.072395e-03,3.729015e-04,3.940174e-04,3.313132e-02,1.322505e-03,1.838302e-03,2.461272e-03,1.052434e-02,6.004755e-04,8.604339e-01,5.127898e-02,1.254592e-03,2.775815e-02,1.193878e-03
5.795326e-03,9.696581e-04,8.594814e-04,4.277345e-04,5.801252e-02,1.796635e-03,2.480926e-03,4.769042e-03,2.790525e-02,5.376178e-04,7.862964e-01,8.083890e-02,1.505765e-03,2.689879e-02,9.058961e-04
5.911281e-03,8.803191e-04,1.832348e-03,8.987910e-04,7.057651e-02,1.839163e-03,2.191809e-03,7.478094e-03,2.905644e-02,4.402997e-04,7.755867e-01,7.616675e-02,2.488631e-03,2.391673e-02,7.360152e-04
5.713240e-03,8.031329e-04,5.101018e-03,7.732612e-04,8.483074e-02,1.837932e-03,2.141945e-03,1.294228e-02,2.798308e-02,3.430093e-04,7.756284e-01,5.892886e-02,4.518517e-03,1.789844e-02,5.559749e-04
5.965530e-03,2.513910e-03,1.845659e-02,6.530004e-04,7.773256e-02,1.699343e-03,1.648614e-03,1.998564e-02,3.164326e-02,2.910218e-04,7.759497e-01,4.489086e-02,5.271198e-03,1.280250e-02,4.961929e-04
5.747154e-03,2.995802e-03,1.687700e-02,5.623815e-04,7.481880e-02,1.976459e-03,1.316316e-03,2.702823e-02,3.344573e-02,2.390335e-04,7.862253e-01,3.436838e-02,4.903979e-03,9.075443e-03,4.198180e-04
5.530845e-03,3.405712e-03,1.892636e-02,4.682025e-04,8.279414e-02,1.780994e-03,1.269459e-03,8.574109e-02,3.194463e-02,2.080329e-04,7.312038e-01,2.565554e-02,4.256642e-03,6.450416e-03,3.640346e-04
5.362093e-03,3.840287e-03,1.924981e-02,6.103473e-04,7.447241e-02,1.372680e-03,9.834723e-04,2.733371e-01,2.840426e-02,1.585144e-04,5.654758e-01,1.846890e-02,3.357912e-03,4.551782e-03,3.545913e-04
4.566936e-03,2.999451e-03,2.089393e-02,8.832042e-04,5.670062e-02,1.096350e-03,7.069503e-04,4.493417e-01,2.141438e-02,1.169945e-04,4.216672e-01,1.336058e-02,2.758129e-03,3.203907e-03,2.897054e-04
5.251220e-03,2.751654e-03,2.273404e-02,1.551450e-03,6.104326e-02,1.064230e-03,6.518525e-04,4.856824e-01,3.153750e-02,9.633770e-05,3.713576e-01,1.091744e-02,2.801447e-03,2.281846e-03,2.778143e-04
5.660437e-03,2.449299e-03,2.255679e-02,2.516236e-03,6.410323e-02,8.394948e-04,5.888031e-04,5.395431e-01,4.969975e-02,7.640657e-05,2.965196e-01,9.876037e-03,3.705735e-03,1.619904e-03,2.451677e-04
7.390496e-03,4.235561e-03,1.882363e-02,2.746183e-03,8.931313e-02,1.758517e-03,1.150512e-03,4.617126e-01,1.717850e-01,8.171036e-05,2.282947e-01,7.614600e-03,3.559086e-03,1.148652e-03,3.855657e-04
9.311501e-03,4.857732e-03,1.586275e-02,3.650987e-03,1.619995e-01,2.387139e-03,1.491260e-03,4.300241e-01,1.995226e-01,7.349331e-05,1.613597e-01,5.576856e-03,2.730433e-03,8.200363e-04,3.319319e-04
1.176878e-02,4.721321e-03,1.466831e-02,5.511067e-03,2.614296e-01,3.792790e-03,2.909187e-03,3.488229e-01,2.256269e-01,9.978311e-05,1.131765e-01,4.069444e-03,2.410935e-03,5.940982e-04,3.985150e-04
2.647518e-02,6.905170e-03,1.227279e-02,6.628910e-03,2.883319e-01,4.283566e-03,3.424372e-03,2.651244e-01,3.003237e-01,1.577014e-04,7.944399e-02,3.095262e-03,2.111212e-03,4.997490e-04,9.221182e-04
5.037935e-02,1.339778e-02,9.901283e-03,9.038625e-03,2.827515e-01,4.581652e-03,3.167822e-03,2.071043e-01,3.553455e-01,4.783851e-04,5.605447e-02,2.700735e-03,2.198124e-03,4.690705e-04,2.431459e-03
6.088998e-02,1.713393e-02,7.660028e-03,1.184944e-02,2.552559e-01,4.800220e-03,2.780696e-03,1.616320e-01,4.282078e-01,4.676142e-04,4.038889e-02,2.778423e-03,2.965552e-03,4.343380e-04,2.755176e-03
7.161232e-02,3.480823e-02,6.032454e-03,1.717078e-02,2.189072e-01,5.869559e-03,2.497282e-03,1.233124e-01,4.699766e-01,1.165141e-03,2.911170e-02,3.049227e-03,7.603147e-03,4.434442e-04,8.440539e-03
6.466619e-02,5.917438e-02,5.405068e-03,3.668840e-02,1.749246e-01,6.012495e-03,2.546022e-03,9.467039e-02,4.857507e-01,3.659556e-03,2.156340e-02,3.484391e-03,1.552856e-02,4.571538e-04,2.546867e-02
5.019095e-02,6.481344e-02,4.152036e-03,3.599416e-02,1.264866e-01,1.458206e-02,2.423978e-03,6.695358e-02,3.939397e-01,2.996360e-03,1.542599e-02,2.642957e-03,1.987253e-01,3.392674e-04,2.033357e-02
3.601710e-02,4.898162e-02,2.962433e-03,2.589919e-02,8.898432e-02,1.923783e-02,1.915399e-03,4.692708e-02,2.797283e-01,2.143018e-03,1.082410e-02,1.895758e-03,4.194818e-01,2.404470e-04,1.476155e-02
2.538255e-02,3.466698e-02,2.129353e-03,1.844386e-02,6.238512e-02,1.430425e-02,1.513256e-03,3.286809e-02,1.999864e-01,1.514568e-03,7.596384e-03,1.387474e-03,5.828695e-01,1.717195e-04,1.478042e-02
1.779452e-02,2.431992e-02,1.512018e-03,1.295976e-02,4.390021e-02,1.072367e-02,1.177707e-03,2.301450e-02,1.401541e-01,1.077652e-03,5.358282e-03,1.042868e-03,6.736790e-01,1.223211e-04,4.316343e-02
1.246693e-02,1.710423e-02,1.153340e-03,9.096258e-03,3.101296e-02,9.028100e-03,1.224754e-03,1.611518e-02,9.834306e-02,8.563842e-04,3.925926e-03,8.416573e-04,6.505392e-01,1.037649e-04,1.481882e-01
8.748347e-03,1.200337e-02,8.120358e-04,6.405823e-03,2.187673e-02,7.901125e-03,9.249886e-04,1.128814e-02,6.908631e-02,7.143087e-04,5.823301e-03,8.752650e-04,5.835116e-01,7.228271e-04,2.693058e-01
6.133935e-03,8.423349e-03,5.701426e-04,4.521327e-03,1.541218e-02,6.054137e-03,1.147600e-03,7.905549e-03,5.138927e-02,1.378828e-03,1.133324e-02,8.680651e-04,5.124586e-01,7.424710e-03,3.649790e-01
