1.000000e+00,0.000000e+00,0.000000e+00,0.000000e+00,0.000000e+00,0.000000e+00,0.000000e+00,0.000000e+00,0.000000e+00,0.000000e+00,0.000000e+00,0.000000e+00,0.000000e+00,0.000000e+00,0.000000e+00
1.000000e+00,0.000000e+00,0.000000e+00,0.000000e+00,0.000000e+00,0.000000e+00,0.000000e+00,0.000000e+00,0.000000e+00,0.000000e+00,0.000000e+00,0.000000e+00,0.000000e+00,0.000000e+00,0.000000e+00
1.000000e+00,0.000000e+00,0.000000e+00,0.000000e+00,0.000000e+00,0.000000e+00,0.000000e+00,0.000000e+00,0.000000e+00,0.000000e+00,0.000000e+00,0.000000e+00,0.000000e+00,0.000000e+00,0.000000e+00
1.000000e+00,0.000000e+00,0.000000e+00,0.000000e+00,0.000000e+00,0.000000e+00,0.000000e+00,0.000000e+00,0.000000e+00,0.000000e+00,0.000000e+00,0.000000e+00,0.000000e+00,0.000000e+00,0.000000e+00
1.000000e+00,0.000000e+00,0.000000e+00,0.000000e+00,0.000000e+00,0.000000e+00,0.000000e+00,0.000000e+00,0.000000e+00,0.000000e+00,0.000000e+00,0.000000e+00,0.000000e+00,0.000000e+00,0.000000e+00
1.000000e+00,0.000000e+00,0.000000e+00,0.000000e+00,0.000000e+00,0.000000e+00,0.000000e+00,0.000000e+00,0.000000e+00,0.000000e+00,0.000000e+00,0.000000e+00,0.000000e+00,0.000000e+00,0.000000e+00
1.000000e+00,0.000000e+00,0.000000e+00,0.000000e+00,0.000000e+00,0.000000e+00,0.000000e+00,0.000000e+00,0.000000e+00,0.000000e+00,0.000000e+00,0.000000e+00,0.000000e+00,0.000000e+00,0.000000e+00
1.000000e+00,0.000000e+00,0.000000e+00,0.000000e+00,0.000000e+00,0.000000e+00,0.000000e+00,0.000000e+00,0.000000e+00,0.000000e+00,0.000000e+00,0.000000e+00,0.000000e+00,0.000000e+00,0.000000e+00
1.000000e+00,0.000000e+00,0.000000e+00,0.000000e+00,0.000000e+00,0.000000e+00,0.000000e+00,0.000000e+00,0.000000e+00,0.000000e+00,0.000000e+00,0.000000e+00,0.000000e+00,0.000000e+00,0.000000e+00
1.000000e+00,0.000000e+00,0.000000e+00,0.000000e+00,0.000000e+00,0.000000e+00,0.000000e+00,0.000000e+00,0.000000e+00,0.000000e+00,0.000000e+00,0.000000e+00,0.000000e+00,0.000000e+00,0.000000e+00
1.000000e+00,0.000000e+00,0.000000e+00,0.000000e+00,0.000000e+00,0.000000e+00,0.000000e+00,0.000000e+00,0.000000e+00,0.000000e+00,0.000000e+00,0.000000e+00,0.000000e+00,0.000000e+00,0.000000e+00
1.000000e+00,0.000000e+00,0.000000e+00,0.000000e+00,0.000000e+00,0.000000e+00,0.000000e+00,0.000000e+00,0.000000e+00,0.000000e+00,0.000000e+00,0.000000e+00,0.000000e+00,0.000000e+00,0.000000e+00
1.000000e+00,0.000000e+00,0.000000e+00,0.000000e+00,0.000000e+00,0.000000e+00,0.000000e+00,0.000000e+00,0.000000e+00,0.000000e+00,0.000000e+00,0.000000e+00,0.000000e+00,0.000000e+00,0.000000e+00
1.000000e+00,0.000000e+00,0.000000e+00,0.000000e+00,0.000000e+00,0.000000e+00,0.000000e+00,0.000000e+00,0.000000e+00,0.000000e+00,0.000000e+00,0.000000e+00,0.000000e+00,0.000000e+00,0.000000e+00
1.000000e+00,0.000000e+00,0.000000e+00,0.000000e+00,0.000000e+00,0.000000e+00,0.000000e+00,0.000000e+00,0.000000e+00,0.000000e+00,0.000000e+00,0.000000e+00,0.000000e+00,0.000000e+00,0.000000e+00
1.000000e+00,0.000000e+00,0.000000e+00,0.000000e+00,0.000000e+00,0.000000e+00,0.000000e+00,0.000000e+00,0.000000e+00,0.000000e+00,0.000000e+00,0.000000e+00,0.000000e+00,0.000000e+00,0.000000e+00
1.000000e+00,0.000000e+00,0.000000e+00,0.000000e+00,0.000000e+00,0.000000e+00,0.000000e+00,0.000000e+00,0.000000e+00,0.000000e+00,0.000000e+00,0.000000e+00,0.000000e+00,0.000000e+00,0.000000e+00
1.000000e+00,0.000000e+00,0.000000e+00,0.000000e+00,0.000000e+00,0.000000e+00,0.000000e+00,0.000000e+00,0.000000e+00,0.000000e+00,0.000000e+00,0.000000e+00,0.000000e+00,0.000000e+00,0.000000e+00
1.000000e+00,0.000000e+00,0.000000e+00,0.000000e+00,0.000000e+00,0.000000e+00,0.000000e+00,0.000000e+00,0.000000e+00,0.000000e+00,0.000000e+00,0.000000e+00,0.000000e+00,0.000000e+00,0.000000e+00
1.000000e+00,0.000000e+00,0.000000e+00,0.000000e+00,0.000000e+00,0.000000e+00,0.000000e+00,0.000000e+00,0.000000e+00,0.000000e+00,0.000000e+00,0.000000e+00,0.000000e+00,0.000000e+00,0.000000e+00
1.000000e+00,0.000000e+00,0.000000e+00,0.000000e+00,0.000000e+00,0.000000e+00,0.000000e+00,0.000000e+00,0.000000e+00,0.000000e+00,0.000000e+00,0.000000e+00,0.000000e+00,0.000000e+00,0.000000e+00
1.000000e+00,0.000000e+00,0.000000e+00,0.000000e+00,0.000000e+00,0.000000e+00,0.000000e+00,0.000000e+00,0.000000e+00,0.000000e+00,0.000000e+00,0.000000e+00,0.000000e+00,0.000000e+00,0.000000e+00
1.000000e+00,0.000000e+00,0.000000e+00,0.000000e+00,0.000000e+00,0.000000e+00,0.000000e+00,0.000000e+00,0.000000e+00,0.000000e+00,0.000000e+00,0.000000e+00,0.000000e+00,0.000000e+00,0.000000e+00
1.000000e+00,0.000000e+00,0.000000e+00,0.000000e+00,0.000000e+00,0.000000e+00,0.000000e+00,0.000000e+00,0.000000e+00,0.000000e+00,0.000000e+00,0.000000e+00,0.000000e+00,0.000000e+00,0.000000e+00
1.000000e+00,0.000000e+00,0.000000e+00,0.000000e+00,0.000000e+00,0.000000e+00,0.000000e+00,0.000000e+00,0.000000e+00,0.000000e+00,0.000000e+00,0.000000e+00,0.000000e+00,0.000000e+00,0.000000e+00
1.000000e+00,0.000000e+00,0.000000e+00,0.000000e+00,0.000000e+00,0.000000e+00,0.000000e+00,0.000000e+00,0.000000e+00,0.000000e+00,0.000000e+00,0.000000e+00,0.000000e+00,0.000000e+00,0.000000e+00
1.000000e+00,0.000000e+00,0.000000e+00,0.000000e+00,0.000000e+00,0.000000e+00,0.000000e+00,0.000000e+00,0.000000e+00,0.000000e+00,0.000000e+00,0.000000e+00,0.000000e+00,0.000000e+00,0.000000e+00
1.000000e+00,0.000000e+00,0.000000e+00,0.000000e+00,0.000000e+00,0.000000e+00,0.000000e+00,0.000000e+00,0.000000e+00,0.000000e+00,0.000000e+00,0.000000e+00,0.000000e+00,0.000000e+00,0.000000e+00
1.000000e+00,0.000000e+00,0.000000e+00,0.000000e+00,0.000000e+00,0.000000e+00,0.000000e+00,0.000000e+00,0.000000e+00,0.000000e+00,0.000000e+00,0.000000e+00,0.000000e+00,0.000000e+00,0.000000e+00
1.000000e+00,0.000000e+00,0.000000e+00,0.000000e+00,0.000000e+00,0.000000e+00,0.000000e+00,0.000000e+00,0.000000e+00,0.000000e+00,0.000000e+00,0.000000e+00,0.000000e+00,0.000000e+00,0.000000e+00
1.000000e+00,0.000000e+00,0.000000e+00,0.000000e+00,0.000000e+00,0.000000e+00,0.000000e+00,0.000000e+00,0.000000e+00,0.000000e+00,0.000000e+00,0.000000e+00,0.000000e+00,0.000000e+00,0.000000e+00
1.000000e+00,0.000000e+00,0.000000e+00,0.000000e+00,0.000000e+00,0.000000e+00,0.000000e+00,0.000000e+00,0.000000e+00,0.000000e+00,0.000000e+00,0.000000e+00,0.000000e+00,0.000000e+00,0.000000e+00
1.000000e+00,0.000000e+00,0.000000e+00,0.000000e+00,0.000000e+00,0.000000e+00,0.000000e+00,0.000000e+00,0.000000e+00,0.000000e+00,0.000000e+00,0.000000e+00,0.000000e+00,0.000000e+00,0.000000e+00
1.000000e+00,0.000000e+00,0.000000e+00,0.000000e+00,0.000000e+00,0.000000e+00,0.000000e+00,0.000000e+00,0.000000e+00,0.000000e+00,0.000000e+00,0.000000e+00,0.000000e+00,0.000000e+00,0.000000e+00
1.000000e+00,0.000000e+00,0.000000e+00,0.000000e+00,0.000000e+00,0.000000e+00,0.000000e+00,0.000000e+00,0.000000e+00,0.000000e+00,0.000000e+00,0.000000e+00,0.000000e+00,0.000000e+00,0.000000e+00
1.000000e+00,0.000000e+00,0.000000e+00,0.000000e+00,0.000000e+00,0.000000e+00,0.000000e+00,0.000000e+00,0.000000e+00,0.000000e+00,0.000000e+00,0.000000e+00,0.000000e+00,0.000000e+00,0.000000e+00
1.000000e+00,0.000000e+00,0.000000e+00,0.000000e+00,0.000000e+00,0.000000e+00,0.000000e+00,0.000000e+00,0.000000e+00,0.000000e+00,0.000000e+00,0.000000e+00,0.000000e+00,0.000000e+00,0.000000e+00
1.000000e+00,0.000000e+00,0.000000e+00,0.000000e+00,0.000000e+00,0.000000e+00,0.000000e+00,0.000000e+00,0.000000e+00,0.000000e+00,0.000000e+00,0.000000e+00,0.000000e+00,0.000000e+00,0.000000e+00
1.000000e+00,0.000000e+00,0.000000e+00,0.000000e+00,0.000000e+00,0.000000e+00,0.000000e+00,0.000000e+00,0.000000e+00,0.000000e+00,0.000000e+00,0.000000e+00,0.000000e+00,0.000000e+00,0.000000e+00
1.000000e+00,0.000000e+00,0.000000e+00,0.000000e+00,0.000000e+00,0.000000e+00,0.000000e+00,0.000000e+00,0.000000e+00,0.000000e+00,0.000000e+00,0.000000e+00,0.000000e+00,0.000000e+00,0.000000e+00
1.000000e+00,0.000000e+00,0.000000e+00,0.000000e+00,0.000000e+00,0.000000e+00,0.000000e+00,0.000000e+00,0.000000e+00,0.000000e+00,0.000000e+00,0.000000e+00,0.000000e+00,0.000000e+00,0.000000e+00
1.000000e+00,0.000000e+00,0.000000e+00,0.000000e+00,0.000000e+00,0.000000e+00,0.000000e+00,0.000000e+00,0.000000e+00,0.000000e+00,0.000000e+00,0.000000e+00,0.000000e+00,0.000000e+00,0.000000e+00
1.000000e+00,0.000000e+00,0.000000e+00,0.000000e+00,0.000000e+00,0.000000e+00,0.000000e+00,0.000000e+00,0.000000e+00,0.000000e+00,0.000000e+00,0.000000e+00,0.000000e+00,0.000000e+00,0.000000e+00
1.000000e+00,0.000000e+00,0.000000e+00,0.000000e+00,0.000000e+00,0.000000e+00,0.000000e+00,0.000000e+00,0.000000e+00,0.000000e+00,0.000000e+00,0.000000e+00,0.000000e+00,0.000000e+00,0.000000e+00
1.000000e+00,0.000000e+00,0.000000e+00,0.000000e+00,0.000000e+00,0.000000e+00,0.000000e+00,0.000000e+00,0.000000e+00,0.000000e+00,0.000000e+00,0.000000e+00,0.000000e+00,0.000000e+00,0.000000e+00
1.000000e+00,0.000000e+00,0.000000e+00,0.000000e+00,0.000000e+00,0.000000e+00,0.000000e+00,0.000000e+00,0.000000e+00,0.000000e+00,0.000000e+00,0.000000e+00,0.000000e+00,0.000000e+00,0.000000e+00
1.000000e+00,0.000000e+00,0.000000e+00,0.000000e+00,0.000000e+00,0.000000e+00,0.000000e+00,0.000000e+00,0.000000e+00,0.000000e+00,0.000000e+00,0.000000e+00,0.000000e+00,0.000000e+00,0.000000e+00
1.000000e+00,0.000000e+00,0.000000e+00,0.000000e+00,0.000000e+00,0.000000e+00,0.000000e+00,0.000000e+00,0.000000e+00,0.000000e+00,0.000000e+00,0.000000e+00,0.000000e+00,0.000000e+00,0.000000e+00
1.000000e+00,0.000000e+00,0.000000e+00,0.000000e+00,0.000000e+00,0.000000e+00,0.000000e+00,0.000000e+00,0.000000e+00,0.000000e+00,0.000000e+00,0.000000e+00,0.000000e+00,0.000000e+00,0.000000e+00
1.000000e+00,0.000000e+00,0.000000e+00,0.000000e+00,0.000000e+00,0.000000e+00,0.000000e+00,0.000000e+00,0.000000e+00,0.000000e+00,0.000000e+00,0.000000e+00,0.000000e+00,0.000000e+00,0.000000e+00
1.000000e+00,0.000000e+00,0.000000e+00,0.000000e+00,0.000000e+00,0.000000e+00,0.000000e+00,0.000000e+00,0.000000e+00,0.000000e+00,0.000000e+00,0.000000e+00,0.000000e+00,0.000000e+00,0.000000e+00
1.000000e+00,0.000000e+00,0.000000e+00,0.000000e+00,0.000000e+00,0.000000e+00,0.000000e+00,0.000000e+00,0.000000e+00,0.000000e+00,0.000000e+00,0.000000e+00,0.000000e+00,0.000000e+00,0.000000e+00
1.000000e+00,0.000000e+00,0.000000e+00,0.000000e+00,0.000000e+00,0.000000e+00,0.000000e+00,0.000000e+00,0.000000e+00,0.000000e+00,0.000000e+00,0.000000e+00,0.000000e+00,0.000000e+00,0.000000e+00
1.000000e+00,0.000000e+00,0.000000e+00,0.000000e+00,0.000000e+00,0.000000e+00,0.000000e+00,0.000000e+00,0.000000e+00,0.000000e+00,0.000000e+00,0.000000e+00,0.000000e+00,0.000000e+00,0.000000e+00
1.000000e+00,0.000000e+00,0.000000e+00,0.000000e+00,0.000000e+00,0.000000e+00,0.000000e+00,0.000000e+00,0.000000e+00,0.000000e+00,0.000000e+00,0.000000e+00,0.000000e+00,0.000000e+00,0.000000e+00
1.000000e+00,0.000000e+00,0.000000e+00,0.000000e+00,0.000000e+00,0.000000e+00,0.000000e+00,0.000000e+00,0.000000e+00,0.000000e+00,0.000000e+00,0.000000e+00,0.000000e+00,0.000000e+00,0.000000e+00
1.000000e+00,0.000000e+00,0.000000e+00,0.000000e+00,0.000000e+00,0.000000e+00,0.000000e+00,0.000000e+00,0.000000e+00,0.000000e+00,0.000000e+00,0.000000e+00,0.000000e+00,0.000000e+00,0.000000e+00
1.000000e+00,0.000000e+00,0.000000e+00,0.000000e+00,0.000000e+00,0.000000e+00,0.000000e+00,0.000000e+00,0.000000e+00,0.000000e+00,0.000000e+00,0.000000e+00,0.000000e+00,0.000000e+00,0.000000e+00
3.800047e-01,5.058549e-02,1.142418e-02,2.222609e-01,2.723681e-03,6.615598e-03,1.942947e-03,3.029011e-03,1.484183e-01,1.583505e-02,5.462136e-03,4.730896e-03,1.675527e-02,1.033549e-03,1.291783e-01
2.682119e-01,6.737944e-02,9.746071e-03,2.082128e-01,2.187453e-03,5.303702e-03,1.553431e-03,2.193591e-03,2.684649e-01,1.537005e-02,5.869939e-03,3.519636e-03,1.320571e-02,1.075255e-03,1.277061e-01
1.889467e-01,6.108979e-02,9.715496e-03,1.641050e-01,1.687222e-03,3.982778e-03,1.142984e-03,1.613035e-03,4.224539e-01,1.586524e-02,5.598548e-03,2.755916e-03,1.226282e-02,1.068182e-03,1.077122e-01
1.368095e-01,6.590798e-02,1.014012e-02,1.311315e-01,1.298043e-03,3.564094e-03,8.934708e-04,1.287821e-03,4.749168e-01,2.014203e-02,7.915203e-03,3.742982e-03,1.899570e-02,1.495813e-03,1.217590e-01
9.645281e-02,8.680950e-02,8.155288e-03,9.615633e-02,9.201969e-04,2.651109e-03,6.386789e-04,9.341753e-04,5.661891e-01,1.574919e-02,6.085732e-03,3.452339e-03,1.771203e-02,1.648268e-03,9.644534e-02
9.199438e-02,9.570597e-02,6.283006e-03,7.469592e-02,7.136955e-04,2.898344e-03,5.629243e-04,9.328552e-04,4.890670e-01,1.207459e-02,7.612581e-03,1.197750e-02,9.285928e-02,4.624176e-03,1.079977e-01
8.992451e-02,6.772452e-02,6.191685e-03,5.473437e-02,8.025790e-02,2.841801e-03,2.737699e-03,1.438146e-03,3.624597e-01,9.820195e-03,1.586364e-02,2.022779e-02,1.844287e-01,4.221622e-03,9.712768e-02
1.279767e-01,5.116840e-02,5.790955e-03,4.864493e-02,9.896350e-02,6.367728e-03,3.227356e-03,1.790314e-03,3.963315e-01,9.750606e-03,1.360118e-02,1.692709e-02,1.450836e-01,3.975667e-03,7.040056e-02
1.935570e-01,3.726333e-02,4.479266e-03,3.618323e-02,8.333782e-02,1.255585e-02,2.667390e-03,1.761076e-03,3.761095e-01,1.500476e-02,2.112497e-02,2.194486e-02,1.309691e-01,9.487335e-03,5.355446e-02
1.857378e-01,3.146367e-02,4.246288e-03,2.553535e-02,6.865257e-02,1.245150e-02,1.971203e-03,1.321041e-03,3.392395e-01,3.282404e-02,6.501733e-02,3.763779e-02,1.104244e-01,4.038731e-02,4.309018e-02
2.142150e-01,2.660022e-02,3.769582e-03,1.854347e-02,5.552370e-02,1.442254e-02,1.655824e-03,1.619655e-03,3.101347e-01,2.565403e-02,8.680932e-02,5.866522e-02,1.119878e-01,3.660909e-02,3.378984e-02
1.749242e-01,2.347013e-02,4.368986e-03,1.843933e-02,5.016980e-02,2.391520e-02,1.467692e-03,2.938442e-03,2.346648e-01,1.989131e-02,2.248963e-01,6.870763e-02,8.913155e-02,3.390952e-02,2.910504e-02
1.717065e-01,1.989819e-02,1.111844e-02,1.858266e-02,3.634536e-02,3.975856e-02,1.444548e-03,2.770286e-03,1.679819e-01,1.516049e-02,2.838250e-01,8.618870e-02,6.952395e-02,3.436013e-02,4.133532e-02
1.641374e-01,1.751110e-02,2.017700e-02,1.924893e-02,2.729541e-02,5.660026e-02,1.745356e-03,3.222383e-03,1.226498e-01,1.273203e-02,2.978597e-01,1.224100e-01,5.522575e-02,3.501536e-02,4.416956e-02
1.461526e-01,1.903898e-02,3.202522e-02,2.427637e-02,2.816226e-02,5.044557e-02,3.385640e-03,6.167233e-03,1.103016e-01,1.431542e-02,3.069409e-01,1.345657e-01,4.788948e-02,3.867530e-02,3.765781e-02
1.620565e-01,1.896187e-02,3.167538e-02,3.220347e-02,2.533793e-02,4.484261e-02,3.878843e-03,6.782570e-03,9.120499e-02,1.798568e-02,2.904785e-01,1.501826e-01,4.481551e-02,4.201559e-02,3.757787e-02
1.188825e-01,1.606679e-02,2.721101e-02,5.073993e-02,2.969988e-02,3.744170e-02,3.864986e-03,6.289011e-03,8.469191e-02,1.970229e-02,3.066645e-01,1.810640e-01,3.666930e-02,4.570474e-02,3.530742e-02
1.322238e-01,2.126450e-02,3.241460e-02,5.314171e-02,2.786406e-02,3.311863e-02,5.110349e-03,1.624245e-02,8.904254e-02,1.709626e-02,2.652820e-01,1.992742e-01,2.904940e-02,4.459847e-02,3.427707e-02
1.080194e-01,2.114086e-02,3.009158e-02,4.301392e-02,2.532298e-02,2.609643e-02,3.939819e-03,1.479508e-02,1.242259e-01,1.840646e-02,2.641606e-01,1.826616e-01,2.275749e-02,6.950116e-02,4.586668e-02
1.004375e-01,2.177321e-02,2.619321e-02,3.704166e-02,2.015149e-02,3.426101e-02,3.066151e-03,1.426201e-02,1.451414e-01,2.108840e-02,2.947046e-01,1.521620e-01,1.898531e-02,7.232265e-02,3.840936e-02
8.101484e-02,1.962600e-02,2.237521e-02,3.078501e-02,1.709934e-02,2.892504e-02,2.504596e-03,1.416670e-02,1.589158e-01,2.034513e-02,3.070263e-01,1.321106e-01,1.460021e-02,1.158459e-01,3.465933e-02
6.486679e-02,1.578742e-02,1.955897e-02,2.447530e-02,1.342243e-02,2.723448e-02,1.891190e-03,1.488491e-02,1.664068e-01,1.542050e-02,3.628662e-01,1.029685e-01,1.193757e-02,1.331581e-01,2.512096e-02
8.278020e-02,1.263651e-02,1.710305e-02,2.006096e-02,1.461414e-02,2.322917e-02,1.497740e-03,1.797834e-02,1.513452e-01,1.359631e-02,4.104792e-01,7.591287e-02,9.284118e-03,1.285086e-01,2.097355e-02
1.121003e-01,9.878755e-03,1.450255e-02,2.475703e-02,1.773315e-02,2.295070e-02,1.274298e-03,1.836885e-02,2.090694e-01,2.426752e-02,3.288303e-01,6.453410e-02,1.540000e-02,1.082294e-01,2.810360e-02
9.789015e-02,7.339448e-03,1.118531e-02,3.429591e-02,2.195953e-02,2.659162e-02,1.382685e-03,2.628879e-02,2.182344e-01,2.528497e-02,2.930308e-01,6.386894e-02,3.805303e-02,1.124413e-01,2.215319e-02
1.038749e-01,5.968245e-03,8.883071e-03,4.101250e-02,3.455771e-02,2.341195e-02,1.399853e-03,2.974830e-02,1.668455e-01,2.111823e-02,2.870042e-01,6.863479e-02,5.305342e-02,1.368372e-01,1.765018e-02
9.023502e-02,4.806223e-03,7.637434e-03,1.215552e-01,3.982146e-02,2.155967e-02,1.823999e-03,3.614146e-02,1.571367e-01,1.904396e-02,2.380235e-01,6.523252e-02,5.992468e-02,1.224488e-01,1.460940e-02
7.430655e-02,5.148228e-03,9.313984e-03,1.010186e-01,5.265814e-02,1.831703e-02,1.519284e-03,3.085667e-02,1.970677e-01,2.273950e-02,2.197885e-01,7.173642e-02,6.982443e-02,1.087366e-01,1.696832e-02
6.773925e-02,4.317877e-03,2.144675e-02,1.003973e-01,6.008182e-02,1.436597e-02,1.591098e-03,9.209156e-02,1.552152e-01,1.924940e-02,2.209695e-01,6.559216e-02,8.166955e-02,8.257280e-02,1.269981e-02
6.503270e-02,3.566620e-03,3.833278e-02,1.424409e-01,6.001080e-02,1.569515e-02,1.778833e-03,1.511967e-01,1.223568e-01,1.451365e-02,1.744214e-01,6.976168e-02,6.752461e-02,6.387683e-02,9.490649e-03
5.809520e-02,2.973197e-03,6.005114e-02,2.005982e-01,5.675529e-02,1.502511e-02,1.891650e-03,2.037389e-01,9.955684e-02,1.099038e-02,1.332440e-01,5.183793e-02,5.142727e-02,4.681292e-02,7.001984e-03
4.710725e-02,2.440972e-03,7.698569e-02,2.445245e-01,4.471278e-02,1.187894e-02,1.828326e-03,2.752985e-01,7.330141e-02,8.841057e-03,9.950428e-02,3.664481e-02,3.681023e-02,3.504165e-02,5.079691e-03
3.820743e-02,2.804143e-03,7.699661e-02,2.808709e-01,4.118047e-02,1.002589e-02,1.533420e-03,3.297409e-01,5.446224e-02,7.216059e-03,7.427252e-02,2.579064e-02,2.658261e-02,2.621794e-02,4.098300e-03
3.060196e-02,3.073884e-03,6.738347e-02,2.703587e-01,3.657196e-02,8.129474e-03,1.271876e-03,4.189141e-01,4.201480e-02,5.652195e-03,5.487095e-02,1.819840e-02,1.958227e-02,2.031325e-02,3.062746e-03
2.962339e-02,6.400265e-03,5.965582e-02,2.017036e-01,3.964647e-02,7.056406e-03,1.204566e-03,5.313694e-01,3.145234e-02,4.257229e-03,4.210506e-02,1.290185e-02,1.469946e-02,1.534831e-02,2.575864e-03
2.867996e-02,5.465689e-03,5.404399e-02,1.560478e-01,3.196557e-02,6.932138e-03,1.145068e-03,6.253268e-01,2.301009e-02,3.120822e-03,3.093675e-02,9.109695e-03,1.071147e-02,1.148462e-02,2.019485e-03
2.378738e-02,3.997680e-03,3.870856e-02,1.114461e-01,2.351012e-02,5.361204e-03,9.078315e-04,7.276521e-01,1.647788e-02,2.256600e-03,2.184298e-02,6.505695e-03,7.905634e-03,8.164356e-03,1.475869e-03
2.826050e-02,3.028771e-03,2.759891e-02,8.142691e-02,1.889204e-02,6.011747e-03,1.044858e-03,7.850578e-01,1.187324e-02,1.660228e-03,1.557209e-02,4.793578e-03,7.615670e-03,5.850228e-03,1.313417e-03
3.967038e-02,2.553494e-03,1.974182e-02,6.257831e-02,1.640991e-02,9.418769e-03,1.719341e-03,8.072547e-01,8.655379e-03,1.210228e-03,1.120103e-02,3.558261e-03,1.069659e-02,4.151972e-03,1.179846e-03
4.228261e-02,2.125608e-03,1.476160e-02,4.707709e-02,1.535535e-02,8.593589e-03,1.373242e-03,8.388275e-01,6.294348e-03,8.693312e-04,8.193865e-03,2.683678e-03,7.738414e-03,2.947940e-03,8.758358e-04
4.533536e-02,2.054631e-03,1.111640e-02,3.393855e-02,1.293181e-02,8.129785e-03,1.296288e-03,8.602351e-01,5.125423e-03,6.986152e-04,6.519913e-03,2.964166e-03,6.656960e-03,2.147481e-03,8.495850e-04
4.158565e-02,3.256713e-03,8.102653e-03,2.719436e-02,1.027918e-02,1.198211e-02,1.099625e-03,6.722838e-01,1.187903e-02,1.847491e-03,3.211701e-02,2.710218e-02,1.469391e-01,2.018119e-03,2.313026e-03
3.033178e-02,3.810702e-03,6.959153e-03,2.096504e-02,7.453269e-03,9.424962e-03,1.609519e-03,5.192699e-01,1.669657e-02,5.458985e-02,5.064684e-02,2.924317e-02,2.372296e-01,2.574282e-03,9.195440e-03
2.569179e-02,4.613532e-03,5.797918e-03,1.682674e-02,5.741721e-03,8.584986e-03,2.097424e-03,4.107883e-01,2.347524e-02,6.786545e-02,7.647209e-02,8.413448e-02,2.497693e-01,4.081962e-03,1.405907e-02
2.198357e-02,4.761142e-03,4.182972e-03,1.401904e-02,4.148146e-03,9.353246e-03,1.525246e-03,2.883952e-01,3.541797e-02,5.554942e-02,7.120299e-02,2.476381e-01,2.269022e-01,3.361209e-03,1.155949e-02
2.109600e-02,6.057195e-03,2.980141e-03,1.088733e-02,2.987819e-03,8.091834e-03,1.111306e-03,2.022122e-01,5.091901e-02,4.475613e-02,7.518158e-02,3.253113e-01,2.359896e-01,3.554324e-03,8.864215e-03
1.856735e-02,8.117113e-03,2.189392e-03,7.965592e-03,2.296565e-03,6.891147e-03,9.724145e-04,1.417347e-01,4.708578e-02,4.522183e-02,1.198747e-01,3.929144e-01,1.941781e-01,5.086621e-03,6.904359e-03
3.181405e-02,1.400310e-02,2.012759e-03,5.680376e-03,2.075521e-03,6.760282e-03,7.588005e-04,9.963474e-02,5.028479e-02,4.421547e-02,1.219063e-01,4.656656e-01,1.449894e-01,4.952963e-03,5.245784e-03
3.346375e-02,4.924754e-02,1.850898e-03,4.070427e-03,2.353719e-03,5.622140e-03,6.129937e-04,6.995744e-02,7.148720e-02,3.791458e-02,1.581356e-01,4.477437e-01,1.080833e-01,5.417566e-03,4.039095e-03
2.810136e-02,1.061029e-01,1.221606e-02,4.074350e-03,1.294523e-02,8.809553e-03,7.701375e-04,5.228142e-02,1.333284e-01,2.980797e-02,1.399789e-01,3.856515e-01,7.856210e-02,4.426232e-03,2.943899e-03
3.153415e-02,1.121185e-01,1.279561e-02,3.313024e-03,1.165022e-02,8.069719e-03,7.840901e-04,3.829813e-02,1.220741e-01,2.326649e-02,1.760645e-01,3.954933e-01,5.833273e-02,3.931787e-03,2.273623e-03
7.239457e-02,8.869638e-02,1.131779e-02,3.341063e-03,9.460869e-03,1.031963e-02,1.027687e-03,2.909502e-02,9.663112e-02,1.734749e-02,1.468261e-01,4.640698e-01,4.271392e-02,4.775749e-03,1.982807e-03
6.778198e-02,9.415448e-02,1.661866e-02,3.314357e-03,1.132600e-02,1.327202e-02,1.580518e-03,2.290978e-02,9.279176e-02,1.541684e-02,1.278821e-01,4.953603e-01,3.075793e-02,4.944636e-03,1.888644e-03
7.655130e-02,9.597849e-02,2.217146e-02,3.612654e-03,1.484190e-02,1.602840e-02,1.942827e-03,1.947839e-02,1.131321e-01,1.516071e-02,1.397366e-01,4.464335e-01,2.340275e-02,8.644544e-03,2.884344e-03
7.425515e-02,8.117007e-02,3.300327e-02,6.658739e-03,2.086800e-02,1.513652e-02,4.378024e-03,2.188178e-02,1.319278e-01,1.907908e-02,1.782117e-01,3.835223e-01,1.742338e-02,9.268481e-03,3.215619e-03
9.709912e-02,6.800319e-02,6.934777e-02,7.060107e-03,2.030725e-02,1.541438e-02,4.961941e-03,2.858246e-02,1.250674e-01,1.622724e-02,2.047355e-01,3.166479e-01,1.336281e-02,1.011915e-02,3.063774e-03
1.363734e-01,6.919525e-02,6.613030e-02,8.358265e-03,1.902802e-02,1.403990e-02,4.788087e-03,2.441683e-02,1.101562e-01,1.508626e-02,2.709091e-01,2.358594e-01,1.086028e-02,1.083971e-02,3.958995e-03
1.356469e-01,1.072518e-01,8.420378e-02,8.391913e-03,1.739222e-02,1.384366e-02,4.424157e-03,2.393332e-02,1.322335e-01,1.538276e-02,2.529208e-01,1.748601e-01,8.683262e-03,1.624458e-02,4.587217e-03
1.926063e-01,1.220695e-01,7.840169e-02,1.352693e-02,1.770571e-02,1.530681e-02,3.895397e-03,2.012574e-02,1.242294e-01,1.938090e-02,2.082972e-01,1.440420e-01,8.743215e-03,2.256557e-02,9.103615e-03
1.800611e-01,1.134941e-01,1.013192e-01,2.415338e-02,2.236971e-02,1.373395e-02,3.449138e-03,2.996812e-02,1.205809e-01,1.748380e-02,2.036197e-01,1.278341e-01,8.135961e-03,2.542122e-02,8.375630e-03
1.902829e-01,1.004611e-01,9.000995e-02,2.061469e-02,4.092322e-02,1.385387e-02,2.837032e-03,2.580418e-02,1.501791e-01,3.225254e-02,1.736242e-01,1.033660e-01,7.306563e-03,3.733345e-02,1.115137e-02
1.768344e-01,1.540707e-01,6.887630e-02,1.725703e-02,4.129471e-02,1.348399e-02,2.085099e-03,2.294204e-02,1.977879e-01,3.266798e-02,1.375487e-01,7.496639e-02,5.939060e-03,3.533715e-02,1.890851e-02
1.786821e-01,1.845124e-01,5.874418e-02,3.602058e-02,3.470659e-02,1.213768e-02,1.785185e-03,2.518089e-02,1.921111e-01,3.278353e-02,1.064098e-01,5.847234e-02,5.128735e-03,2.980359e-02,4.352140e-02
1.644637e-01,1.743239e-01,4.987115e-02,3.109627e-02,3.677368e-02,1.767835e-02,1.473189e-03,2.971945e-02,1.939544e-01,2.974655e-02,8.886456e-02,4.652897e-02,5.051193e-03,3.709411e-02,9.336044e-02
2.186058e-01,1.646570e-01,4.633776e-02,3.922312e-02,4.213491e-02,1.807541e-02,1.383294e-03,6.023462e-02,1.709016e-01,2.188335e-02,7.373491e-02,3.550838e-02,4.318481e-03,3.068498e-02,7.231636e-02
2.463377e-01,1.462967e-01,3.556247e-02,3.566527e-02,4.716793e-02,3.701006e-02,1.251368e-03,5.750163e-02,1.799586e-01,1.784361e-02,6.261396e-02,2.728106e-02,3.834807e-03,3.852106e-02,6.315377e-02
3.426241e-01,1.113148e-01,2.937292e-02,4.412501e-02,5.047849e-02,3.251256e-02,2.528739e-03,6.189764e-02,1.464991e-01,1.359080e-02,5.300129e-02,2.446594e-02,4.495968e-03,3.181824e-02,5.127441e-02
3.351809e-01,8.950245e-02,2.966440e-02,5.535458e-02,5.540539e-02,2.791200e-02,2.815926e-03,1.051952e-01,1.322740e-01,1.242978e-02,4.651785e-02,2.214671e-02,7.307008e-03,2.706182e-02,5.123196e-02
2.958732e-01,6.857183e-02,6.366555e-02,7.753675e-02,6.595774e-02,2.442813e-02,2.743933e-03,1.601205e-01,1.094560e-01,9.531030e-03,3.651190e-02,1.755228e-02,6.383240e-03,2.111634e-02,4.055160e-02
2.454945e-01,6.693462e-02,9.799600e-02,6.605301e-02,7.798035e-02,2.156962e-02,2.677244e-03,1.693633e-01,1.368480e-01,8.359216e-03,3.322823e-02,1.340994e-02,5.337235e-03,2.268336e-02,3.206541e-02
1.819672e-01,5.078674e-02,7.938707e-02,5.097893e-02,6.701522e-02,1.569422e-02,2.011639e-03,3.582619e-01,1.113513e-01,6.057242e-03,2.360732e-02,9.561028e-03,3.813516e-03,1.685845e-02,2.264830e-02
1.567416e-01,5.381938e-02,7.079639e-02,4.248966e-02,8.165084e-02,1.374558e-02,1.694975e-03,4.072900e-01,1.077440e-01,4.768328e-03,1.723666e-02,8.068562e-03,3.106132e-03,1.291687e-02,1.793105e-02
1.103996e-01,3.911277e-02,6.690931e-02,2.227325e-01,5.814616e-02,9.800998e-03,1.194609e-03,2.927554e-01,8.140157e-02,4.786472e-03,5.806851e-02,2.213506e-02,9.576227e-03,9.143277e-03,1.383748e-02
7.772546e-02,2.772170e-02,5.925849e-02,3.264795e-01,4.162939e-02,7.066630e-03,8.526793e-04,2.097356e-01,5.978992e-02,7.934875e-03,1.090858e-01,2.911732e-02,2.517333e-02,6.540264e-03,1.188911e-02
5.614405e-02,2.125755e-02,5.259931e-02,2.937361e-01,3.217563e-02,6.302550e-03,6.887599e-04,1.513091e-01,4.963121e-02,1.297501e-01,1.144893e-01,4.330617e-02,2.823583e-02,6.746432e-03,1.362793e-02
4.375538e-02,1.694747e-02,4.068361e-02,2.259410e-01,2.601071e-02,6.574778e-03,6.384001e-04,1.076440e-01,4.279415e-02,2.372992e-01,1.012168e-01,9.545727e-02,2.608094e-02,7.846555e-03,2.110970e-02
3.140683e-02,1.273718e-02,3.121900e-02,1.613126e-01,1.845764e-02,5.834510e-03,4.943498e-04,7.561140e-02,3.136502e-02,2.294272e-01,1.172110e-01,2.372609e-01,2.147505e-02,8.161144e-03,1.802628e-02
2.245798e-02,9.074965e-03,2.291371e-02,1.154912e-01,1.307443e-02,4.397185e-03,3.986747e-04,5.335028e-02,2.243267e-02,1.628646e-01,9.700719e-02,4.401060e-01,1.636277e-02,7.113681e-03,1.295469e-02
1.761295e-02,6.812220e-03,1.711687e-02,8.329858e-02,1.036964e-02,4.212608e-03,3.209308e-04,3.799504e-02,1.783955e-02,1.153543e-01,8.434591e-02,5.758466e-01,1.335721e-02,5.966375e-03,9.551222e-03
1.500707e-02,5.187070e-03,1.211505e-02,6.069145e-02,2.823586e-02,3.157321e-03,2.474711e-04,2.701444e-02,1.887776e-02,8.273017e-02,7.312620e-02,6.505328e-01,1.028633e-02,6.019301e-03,6.771650e-03
1.354003e-02,4.012675e-03,8.616678e-03,4.415556e-02,2.799390e-02,2.492663e-03,1.945523e-04,1.902328e-02,1.707771e-02,6.006773e-02,6.833793e-02,7.166331e-01,7.747054e-03,5.231183e-03,4.876003e-03
1.013029e-02,2.993593e-03,6.071368e-03,3.145940e-02,3.388800e-02,1.931480e-03,1.567962e-04,1.345783e-02,1.244745e-02,4.236683e-02,5.951434e-02,7.723351e-01,5.677682e-03,4.113918e-03,3.455947e-03
1.061014e-02,2.491298e-03,4.313944e-03,2.242009e-02,3.842561e-02,1.870256e-03,2.384787e-04,9.967089e-03,9.080530e-03,3.001794e-02,4.798277e-02,8.125923e-01,4.148869e-03,3.383925e-03,2.456698e-03
9.722196e-03,2.897111e-03,3.145040e-03,1.584820e-02,5.831242e-02,5.827270e-03,3.725117e-04,7.746504e-03,7.366509e-03,2.146563e-02,3.664326e-02,8.228593e-01,3.127104e-03,2.907401e-03,1.759571e-03
9.522610e-03,3.150681e-03,2.418408e-03,1.147056e-02,5.221733e-02,8.676630e-03,1.373688e-03,7.511074e-03,7.180263e-03,1.608275e-02,4.232997e-02,8.308859e-01,2.701779e-03,3.016165e-03,1.462141e-03
1.050454e-02,1.036951e-02,4.409353e-03,9.000417e-03,7.726027e-02,4.952604e-02,2.503944e-03,1.527064e-02,5.808254e-03,1.164855e-02,3.188411e-02,7.661828e-01,2.044534e-03,2.514167e-03,1.072822e-03
1.655238e-02,1.006304e-02,3.850457e-03,6.805844e-03,7.696877e-02,4.496106e-02,2.168112e-03,1.703168e-02,4.459535e-03,8.784062e-03,2.687747e-02,7.767578e-01,1.642408e-03,2.267735e-03,8.096222e-04
2.317904e-02,7.945222e-03,3.387710e-03,5.134328e-03,1.079474e-01,4.991119e-02,3.955469e-03,2.026761e-02,4.678947e-03,7.223259e-03,6.115076e-02,7.001145e-01,1.847092e-03,2.605763e-03,6.517335e-04
2.404380e-02,6.438172e-03,3.880727e-03,4.574986e-03,9.244977e-02,4.645781e-02,7.292267e-03,2.801125e-02,5.835554e-03,6.692077e-03,1.123125e-01,6.566427e-01,1.801052e-03,2.923518e-03,6.438149e-04
7.631660e-02,7.368753e-03,4.233495e-03,4.867077e-03,7.903174e-02,3.805913e-02,6.117920e-03,2.858707e-02,2.051547e-02,5.804206e-03,1.255451e-01,5.956050e-01,3.069073e-03,3.361290e-03,1.518005e-03
8.997880e-02,1.164655e-02,6.271602e-03,4.802579e-03,6.440849e-02,2.910234e-02,4.828588e-03,3.044959e-02,3.796303e-02,5.829893e-03,1.226688e-01,5.801458e-01,4.317651e-03,5.144516e-03,2.441710e-03
7.036924e-02,6.535091e-02,2.031979e-02,4.081551e-03,5.479223e-02,2.324357e-02,3.785893e-03,3.132912e-02,1.156417e-01,8.052763e-03,1.234063e-01,4.666370e-01,4.118516e-03,6.399035e-03,2.472269e-03
7.386220e-02,8.686252e-02,1.916253e-02,4.512823e-03,4.404794e-02,2.342952e-02,3.126072e-03,3.303236e-02,1.662825e-01,9.002109e-03,1.640531e-01,3.543632e-01,4.332137e-03,9.366129e-03,4.564857e-03
1.358265e-01,8.254084e-02,2.093423e-02,1.045823e-02,3.882697e-02,2.607419e-02,3.206369e-03,3.299035e-02,1.435994e-01,1.051532e-02,1.762868e-01,2.932771e-01,5.399572e-03,9.215595e-03,1.084855e-02
1.829784e-01,7.028797e-02,2.151823e-02,1.575821e-02,5.086067e-02,2.300302e-02,2.956188e-03,3.523453e-02,1.629403e-01,1.545301e-02,1.421744e-01,2.500460e-01,6.231682e-03,8.216177e-03,1.234125e-02
2.321141e-01,7.272898e-02,2.285854e-02,1.605544e-02,4.864786e-02,2.115437e-02,2.779972e-03,3.692289e-02,1.648641e-01,1.609961e-02,1.276642e-01,2.089667e-01,5.906869e-03,1.068407e-02,1.255232e-02
2.899284e-01,6.802203e-02,2.395354e-02,1.907007e-02,4.107101e-02,4.809616e-02,3.843373e-03,3.087850e-02,1.397848e-01,1.515668e-02,1.140887e-01,1.684878e-01,8.682190e-03,1.388695e-02,1.504985e-02
3.631347e-01,6.026222e-02,3.586639e-02,1.954599e-02,3.892460e-02,4.442258e-02,4.873017e-03,3.869103e-02,1.226833e-01,1.276004e-02,8.789854e-02,1.403174e-01,7.334036e-03,1.120406e-02,1.208207e-02
4.160516e-01,5.488621e-02,3.151321e-02,1.895892e-02,4.113188e-02,4.410196e-02,5.727632e-03,3.923919e-02,1.220712e-01,1.116720e-02,7.037386e-02,1.171447e-01,6.614702e-03,1.016698e-02,1.085078e-02
3.615284e-01,4.974282e-02,3.764027e-02,2.253574e-02,6.215841e-02,3.999329e-02,6.533622e-03,4.985141e-02,1.770127e-01,9.728217e-03,5.967817e-02,9.924906e-02,5.717142e-03,8.738600e-03,9.892154e-03
3.248926e-01,5.907987e-02,4.097944e-02,2.446901e-02,6.322382e-02,3.687037e-02,6.686061e-03,5.695472e-02,2.066766e-01,1.106527e-02,5.256319e-02,8.730845e-02,6.254616e-03,1.237748e-02,1.059850e-02
2.969043e-01,6.466638e-02,3.656311e-02,2.640099e-02,9.835546e-02,3.118240e-02,6.322632e-03,5.625969e-02,1.985374e-01,1.576884e-02,5.688716e-02,7.982723e-02,7.083850e-03,1.497961e-02,1.026091e-02
3.078060e-01,6.204613e-02,2.917083e-02,2.473463e-02,9.316064e-02,2.781405e-02,6.744353e-03,5.334873e-02,2.089881e-01,2.333172e-02,5.616324e-02,6.760103e-02,1.109111e-02,1.667118e-02,1.132821e-02
3.539022e-01,5.985305e-02,2.582487e-02,2.538744e-02,8.606821e-02,2.533253e-02,7.165083e-03,4.792871e-02,1.905640e-01,3.227893e-02,4.988461e-02,5.390251e-02,1.125392e-02,1.719226e-02,1.346173e-02
3.943642e-01,6.423048e-02,2.656708e-02,2.345260e-02,7.527527e-02,2.156012e-02,6.470622e-03,5.366668e-02,1.724608e-01,3.406574e-02,4.373214e-02,4.182564e-02,8.983915e-03,1.974937e-02,1.359533e-02
4.366911e-01,7.876071e-02,2.477135e-02,2.243111e-02,6.083911e-02,2.033569e-02,6.159596e-03,4.624679e-02,1.576854e-01,2.999157e-02,3.935708e-02,3.564245e-02,7.423333e-03,1.851150e-02,1.515316e-02
4.268126e-01,1.491377e-01,1.977410e-02,1.809765e-02,4.760544e-02,1.759713e-02,5.083180e-03,3.776384e-02,1.412081e-01,2.967554e-02,3.398572e-02,2.883098e-02,5.951454e-03,2.428871e-02,1.418775e-02
4.462808e-01,1.608063e-01,1.701592e-02,1.418834e-02,3.961739e-02,1.601692e-02,4.255778e-03,2.947313e-02,1.194097e-01,3.817781e-02,3.725036e-02,2.552477e-02,4.999144e-03,3.255795e-02,1.442569e-02
4.659661e-01,1.805297e-01,1.606822e-02,1.206079e-02,3.497156e-02,1.700097e-02,3.746505e-03,2.464624e-02,9.834270e-02,3.499489e-02,3.399118e-02,2.263489e-02,4.655748e-03,3.364240e-02,1.674809e-02
4.865508e-01,1.949534e-01,1.621004e-02,9.822425e-03,3.028183e-02,2.198660e-02,3.118946e-03,1.919767e-02,8.288891e-02,3.027619e-02,3.118245e-02,1.911367e-02,4.473531e-03,2.915707e-02,2.078641e-02
3.479813e-01,1.399688e-01,1.913370e-02,8.379686e-03,2.161664e-02,2.135062e-01,2.261412e-03,1.364584e-02,6.170833e-02,2.554961e-02,4.308923e-02,2.280190e-02,5.950878e-03,3.308211e-02,4.132437e-02
2.473602e-01,1.033869e-01,1.491292e-02,6.192740e-03,1.525940e-02,3.463604e-01,1.727359e-03,9.684467e-03,5.227593e-02,2.365029e-02,6.050784e-02,1.912774e-02,5.193157e-03,3.310565e-02,6.125494e-02
1.766736e-01,7.299153e-02,1.116820e-02,4.522603e-03,1.083136e-02,3.497794e-01,1.374752e-03,6.891623e-03,3.861919e-02,3.083104e-02,1.855543e-01,1.853539e-02,4.424175e-03,3.968433e-02,4.811849e-02
1.271135e-01,5.136055e-02,8.225450e-03,3.214458e-03,7.655967e-03,3.168865e-01,1.176184e-03,4.908611e-03,2.805007e-02,3.208678e-02,3.119091e-01,1.829004e-02,3.416368e-03,5.058250e-02,3.512393e-02
9.058373e-02,3.628785e-02,5.913012e-03,2.294301e-03,5.393249e-03,2.349002e-01,1.024872e-03,3.600496e-03,2.016701e-02,3.163603e-02,4.562375e-01,1.773760e-02,2.500692e-03,6.594010e-02,2.578336e-02
6.382772e-02,2.559510e-02,4.199872e-03,1.624850e-03,3.792153e-03,1.682307e-01,8.438475e-04,2.568048e-03,1.446564e-02,2.508263e-02,5.649622e-01,1.706424e-02,1.799216e-03,8.741357e-02,1.853026e-02
4.527465e-02,1.962454e-02,3.077590e-03,1.172727e-03,2.687596e-03,1.190801e-01,7.022744e-04,1.893622e-03,1.158772e-02,1.944571e-02,6.145756e-01,2.390141e-02,1.316093e-03,1.222432e-01,1.341712e-02
3.194192e-02,1.501748e-02,2.369249e-03,8.935689e-04,1.929308e-03,8.494805e-02,5.667959e-04,1.476205e-03,1.101796e-02,1.429862e-02,5.926539e-01,2.264348e-02,9.598841e-04,2.097506e-01,9.532988e-03
2.279250e-02,1.301449e-02,2.084957e-03,8.320020e-04,1.502723e-03,6.065517e-02,4.911617e-04,1.352137e-03,1.221416e-02,1.150374e-02,6.065685e-01,2.071846e-02,7.144308e-04,2.387731e-01,6.782409e-03
1.651032e-02,1.211571e-02,2.023299e-03,8.149348e-04,1.521925e-03,4.310093e-02,7.228599e-04,1.440450e-03,2.572783e-02,1.518621e-02,6.081260e-01,2.313590e-02,5.632855e-04,2.440863e-01,4.924093e-03
1.326445e-02,3.466683e-02,8.361739e-03,1.558825e-03,5.636111e-03,3.402695e-02,8.701484e-04,3.314742e-03,1.510431e-01,1.606089e-02,4.954442e-01,1.873321e-02,4.789403e-04,2.118207e-01,4.719142e-03
1.068389e-02,2.839778e-02,7.093314e-03,3.005099e-03,4.980280e-03,2.894159e-02,7.161890e-04,2.747861e-03,3.057729e-01,2.030952e-02,3.819747e-01,1.487382e-02,5.453106e-04,1.833747e-01,6.582970e-03
7.919958e-03,2.103640e-02,5.237971e-03,3.234486e-03,4.021393e-03,2.147658e-02,5.263594e-04,2.059698e-03,4.397437e-01,1.580538e-02,2.771146e-01,1.125552e-02,5.555795e-04,1.841186e-01,5.893823e-03
7.520450e-03,1.766385e-02,4.258154e-03,3.081525e-03,3.016282e-03,2.046952e-02,4.145382e-04,1.706853e-03,5.255076e-01,1.248348e-02,2.058341e-01,9.649463e-03,6.684894e-04,1.821659e-01,5.559751e-03
8.320685e-03,1.446298e-02,3.251481e-03,2.754253e-03,2.951657e-03,1.510515e-02,3.089800e-04,1.279785e-03,5.218085e-01,1.957610e-02,1.808426e-01,8.133045e-03,6.665284e-04,2.146040e-01,5.934259e-03
1.869701e-02,1.476653e-02,2.698960e-03,2.215617e-03,2.365574e-03,1.405627e-02,3.028465e-04,1.018453e-03,4.214189e-01,2.180031e-02,1.753300e-01,1.127827e-02,8.496381e-04,3.069503e-01,6.251309e-03
3.320857e-02,1.670758e-02,3.453191e-03,2.072389e-03,2.592530e-03,1.210148e-02,3.505635e-04,1.168047e-03,3.841943e-01,1.764359e-02,1.330101e-01,9.267274e-03,9.071162e-04,3.757477e-01,7.575606e-03
3.695128e-02,1.305463e-02,2.644532e-02,1.913545e-02,2.505626e-03,2.610715e-02,8.996805e-04,2.419286e-03,3.574237e-01,1.654311e-02,1.029406e-01,8.704198e-03,2.348260e-03,3.740005e-01,1.052122e-02
2.946243e-02,1.141308e-02,2.833694e-02,1.974134e-02,3.099386e-03,2.575687e-02,9.063566e-04,3.081569e-03,2.933545e-01,1.779208e-02,8.638883e-02,8.518720e-03,3.008315e-03,4.558503e-01,1.328923e-02
2.404005e-02,9.642461e-03,3.408505e-02,1.020680e-01,3.624883e-03,3.102024e-02,7.698578e-04,3.892156e-03,2.655284e-01,1.741767e-02,8.059226e-02,1.787386e-02,2.494434e-02,3.514467e-01,3.305401e-02
2.588009e-02,1.023492e-02,2.872345e-02,1.328325e-01,5.661324e-03,2.980231e-02,1.647039e-03,5.482558e-03,2.191480e-01,1.841841e-02,1.104743e-01,2.328841e-02,3.272491e-02,3.096283e-01,4.605353e-02
2.461185e-02,8.572508e-03,2.909618e-02,1.342149e-01,6.555465e-03,3.246826e-02,3.258353e-03,3.692665e-02,1.615104e-01,1.836274e-02,1.649700e-01,2.398961e-02,5.556863e-02,2.656155e-01,3.427900e-02
2.291877e-02,7.297922e-03,3.922595e-02,3.001095e-01,1.244911e-02,2.428114e-02,2.468669e-03,2.828116e-02,1.422782e-01,1.636192e-02,1.229914e-01,1.807842e-02,4.042433e-02,1.921904e-01,3.064325e-02
2.075389e-02,8.068664e-03,3.960406e-02,3.142700e-01,1.426069e-02,1.881235e-02,1.896399e-03,2.175994e-02,2.051490e-01,2.183318e-02,9.107155e-02,1.341940e-02,2.960528e-02,1.376282e-01,6.186742e-02
4.538328e-02,1.833601e-02,7.033832e-02,2.298016e-01,3.128430e-02,2.074075e-02,1.566145e-03,1.639946e-02,1.677115e-01,1.967992e-02,6.962419e-02,1.015806e-02,2.161597e-02,1.066907e-01,1.706699e-01
7.760820e-02,1.946800e-02,5.525091e-02,1.832281e-01,6.443404e-02,2.532462e-02,2.051059e-03,1.757206e-02,1.799765e-01,1.857644e-02,6.075997e-02,9.388187e-03,1.813266e-02,9.384789e-02,1.743814e-01
6.724568e-02,1.602083e-02,4.443533e-02,2.039241e-01,1.956227e-01,3.090231e-02,5.000816e-03,3.019041e-02,1.382607e-01,1.400989e-02,4.363969e-02,7.272305e-03,1.320315e-02,6.656028e-02,1.237119e-01
7.165582e-02,1.578401e-02,7.028124e-02,1.819960e-01,1.641005e-01,1.153187e-01,4.466929e-03,3.544586e-02,1.220246e-01,1.350540e-02,3.568152e-02,7.206784e-03,1.097889e-02,4.847765e-02,1.030761e-01
5.220076e-02,1.160853e-02,6.000721e-02,1.569437e-01,1.259026e-01,2.363160e-01,1.069316e-02,2.723237e-02,9.275341e-02,5.556433e-02,4.166547e-02,7.494348e-03,1.207329e-02,3.473755e-02,7.480725e-02
3.683234e-02,8.874931e-03,4.314728e-02,1.101532e-01,8.855834e-02,2.155077e-01,9.409085e-03,1.925578e-02,6.571203e-02,2.625929e-01,3.744734e-02,9.604892e-03,1.272659e-02,2.513473e-02,5.504288e-02
2.679152e-02,6.690254e-03,3.205036e-02,7.746228e-02,6.459361e-02,1.711801e-01,1.005879e-02,1.452759e-02,4.767504e-02,4.029661e-01,4.676904e-02,1.658814e-02,2.356805e-02,1.890189e-02,4.017721e-02
1.965773e-02,5.912452e-03,2.280146e-02,5.486104e-02,4.557899e-02,1.212611e-01,7.164387e-03,1.026211e-02,3.600824e-02,3.115397e-01,7.255867e-02,1.950020e-01,5.459532e-02,1.392117e-02,2.887567e-02
1.983777e-02,6.497080e-03,1.621017e-02,3.885039e-02,3.264971e-02,8.755669e-02,5.221766e-03,7.242622e-03,4.564467e-02,2.757384e-01,9.648354e-02,2.612634e-01,7.008873e-02,1.569526e-02,2.101979e-02
1.823790e-02,6.206106e-03,1.149012e-02,2.768715e-02,2.315624e-02,6.489681e-02,4.016834e-03,5.270827e-03,4.417988e-02,2.326864e-01,1.082214e-01,3.584230e-01,6.620295e-02,1.360333e-02,1.572100e-02
2.358834e-02,8.064800e-03,1.138991e-02,2.034655e-02,1.778686e-02,4.992753e-02,3.477258e-03,7.941371e-03,4.100971e-02,1.762375e-01,9.279343e-02,4.738301e-01,5.142015e-02,1.086438e-02,1.132216e-02
1.745738e-02,8.158440e-03,8.589193e-03,1.444221e-02,1.386807e-02,3.647311e-02,2.628976e-03,6.760756e-03,4.668147e-02,1.302134e-01,1.057524e-01,5.501933e-01,4.240675e-02,8.237719e-03,8.136935e-03
