1.000000e+00,0.000000e+00,0.000000e+00,0.000000e+00,0.000000e+00,0.000000e+00,0.000000e+00,0.000000e+00,0.000000e+00,0.000000e+00,0.000000e+00,0.000000e+00,0.000000e+00,0.000000e+00,0.000000e+00
1.000000e+00,0.000000e+00,0.000000e+00,0.000000e+00,0.000000e+00,0.000000e+00,0.000000e+00,0.000000e+00,0.000000e+00,0.000000e+00,0.000000e+00,0.000000e+00,0.000000e+00,0.000000e+00,0.000000e+00
1.000000e+00,0.000000e+00,0.000000e+00,0.000000e+00,0.000000e+00,0.000000e+00,0.000000e+00,0.000000e+00,0.000000e+00,0.000000e+00,0.000000e+00,0.000000e+00,0.000000e+00,0.000000e+00,0.000000e+00
1.000000e+00,0.000000e+00,0.000000e+00,0.000000e+00,0.000000e+00,0.000000e+00,0.000000e+00,0.000000e+00,0.000000e+00,0.000000e+00,0.000000e+00,0.000000e+00,0.000000e+00,0.000000e+00,0.000000e+00
1.000000e+00,0.000000e+00,0.000000e+00,0.000000e+00,0.000000e+00,0.000000e+00,0.000000e+00,0.000000e+00,0.000000e+00,0.000000e+00,0.000000e+00,0.000000e+00,0.000000e+00,0.000000e+00,0.000000e+00
1.000000e+00,0.000000e+00,0.000000e+00,0.000000e+00,0.000000e+00,0.000000e+00,0.000000e+00,0.000000e+00,0.000000e+00,0.000000e+00,0.000000e+00,0.000000e+00,0.000000e+00,0.000000e+00,0.000000e+00
1.000000e+00,0.000000e+00,0.000000e+00,0.000000e+00,0.000000e+00,0.000000e+00,0.000000e+00,0.000000e+00,0.000000e+00,0.000000e+00,0.000000e+00,0.000000e+00,0.000000e+00,0.000000e+00,0.000000e+00
1.000000e+00,0.000000e+00,0.000000e+00,0.000000e+00,0.000000e+00,0.000000e+00,0.000000e+00,0.000000e+00,0.000000e+00,0.000000e+00,0.000000e+00,0.000000e+00,0.000000e+00,0.000000e+00,0.000000e+00
1.000000e+00,0.000000e+00,0.000000e+00,0.000000e+00,0.000000e+00,0.000000e+00,0.000000e+00,0.000000e+00,0.000000e+00,0.000000e+00,0.000000e+00,0.000000e+00,0.000000e+00,0.000000e+00,0.000000e+00
1.000000e+00,0.000000e+00,0.000000e+00,0.000000e+00,0.000000e+00,0.000000e+00,0.000000e+00,0.000000e+00,0.000000e+00,0.000000e+00,0.000000e+00,0.000000e+00,0.000000e+00,0.000000e+00,0.000000e+00
1.000000e+00,0.000000e+00,0.000000e+00,0.000000e+00,0.000000e+00,0.000000e+00,0.000000e+00,0.000000e+00,0.000000e+00,0.000000e+00,0.000000e+00,0.000000e+00,0.000000e+00,0.000000e+00,0.000000e+00
1.000000e+00,0.000000e+00,0.000000e+00,0.000000e+00,0.000000e+00,0.000000e+00,0.000000e+00,0.000000e+00,0.000000e+00,0.000000e+00,0.000000e+00,0.000000e+00,0.000000e+00,0.000000e+00,0.000000e+00
1.000000e+00,0.000000e+00,0.000000e+00,0.000000e+00,0.000000e+00,0.000000e+00,0.000000e+00,0.000000e+00,0.000000e+00,0.000000e+00,0.000000e+00,0.000000e+00,0.000000e+00,0.000000e+00,0.000000e+00
1.000000e+00,0.000000e+00,0.000000e+00,0.000000e+00,0.000000e+00,0.000000e+00,0.000000e+00,0.000000e+00,0.000000e+00,0.000000e+00,0.000000e+00,0.000000e+00,0.000000e+00,0.000000e+00,0.000000e+00
1.000000e+00,0.000000e+00,0.000000e+00,0.000000e+00,0.000000e+00,0.000000e+00,0.000000e+00,0.000000e+00,0.000000e+00,0.000000e+00,0.000000e+00,0.000000e+00,0.000000e+00,0.000000e+00,0.000000e+00
1.000000e+00,0.000000e+00,0.000000e+00,0.000000e+00,0.000000e+00,0.000000e+00,0.000000e+00,0.000000e+00,0.000000e+00,0.000000e+00,0.000000e+00,0.000000e+00,0.000000e+00,0.000000e+00,0.000000e+00
1.000000e+00,0.000000e+00,0.000000e+00,0.000000e+00,0.000000e+00,0.000000e+00,0.000000e+00,0.000000e+00,0.000000e+00,0.000000e+00,0.000000e+00,0.000000e+00,0.000000e+00,0.000000e+00,0.000000e+00
1.000000e+00,0.000000e+00,0.000000e+00,0.000000e+00,0.000000e+00,0.000000e+00,0.000000e+00,0.000000e+00,0.000000e+00,0.000000e+00,0.000000e+00,0.000000e+00,0.000000e+00,0.000000e+00,0.000000e+00
1.000000e+00,0.000000e+00,0.000000e+00,0.000000e+00,0.000000e+00,0.000000e+00,0.000000e+00,0.000000e+00,0.000000e+00,0.000000e+00,0.000000e+00,0.000000e+00,0.000000e+00,0.000000e+00,0.000000e+00
1.000000e+00,0.000000e+00,0.000000e+00,0.000000e+00,0.000000e+00,0.000000e+00,0.000000e+00,0.000000e+00,0.000000e+00,0.000000e+00,0.000000e+00,0.000000e+00,0.000000e+00,0.000000e+00,0.000000e+00
1.000000e+00,0.000000e+00,0.000000e+00,0.000000e+00,0.000000e+00,0.000000e+00,0.000000e+00,0.000000e+00,0.000000e+00,0.000000e+00,0.000000e+00,0.000000e+00,0.000000e+00,0.000000e+00,0.000000e+00
1.000000e+00,0.000000e+00,0.000000e+00,0.000000e+00,0.000000e+00,0.000000e+00,0.000000e+00,0.000000e+00,0.000000e+00,0.000000e+00,0.000000e+00,0.000000e+00,0.000000e+00,0.000000e+00,0.000000e+00
1.000000e+00,0.000000e+00,0.000000e+00,0.000000e+00,0.000000e+00,0.000000e+00,0.000000e+00,0.000000e+00,0.000000e+00,0.000000e+00,0.000000e+00,0.000000e+00,0.000000e+00,0.000000e+00,0.000000e+00
1.000000e+00,0.000000e+00,0.000000e+00,0.000000e+00,0.000000e+00,0.000000e+00,0.000000e+00,0.000000e+00,0.000000e+00,0.000000e+00,0.000000e+00,0.000000e+00,0.000000e+00,0.000000e+00,0.000000e+00
1.000000e+00,0.000000e+00,0.000000e+00,0.000000e+00,0.000000e+00,0.000000e+00,0.000000e+00,0.000000e+00,0.000000e+00,0.000000e+00,0.000000e+00,0.000000e+00,0.000000e+00,0.000000e+00,0.000000e+00
1.000000e+00,0.000000e+00,0.000000e+00,0.000000e+00,0.000000e+00,0.000000e+00,0.000000e+00,0.000000e+00,0.000000e+00,0.000000e+00,0.000000e+00,0.000000e+00,0.000000e+00,0.000000e+00,0.000000e+00
1.000000e+00,0.000000e+00,0.000000e+00,0.000000e+00,0.000000e+00,0.000000e+00,0.000000e+00,0.000000e+00,0.000000e+00,0.000000e+00,0.000000e+00,0.000000e+00,0.000000e+00,0.000000e+00,0.000000e+00
1.000000e+00,0.000000e+00,0.000000e+00,0.000000e+00,0.000000e+00,0.000000e+00,0.000000e+00,0.000000e+00,0.000000e+00,0.000000e+00,0.000000e+00,0.000000e+00,0.000000e+00,0.000000e+00,0.000000e+00
1.000000e+00,0.000000e+00,0.000000e+00,0.000000e+00,0.000000e+00,0.000000e+00,0.000000e+00,0.000000e+00,0.000000e+00,0.000000e+00,0.000000e+00,0.000000e+00,0.000000e+00,0.000000e+00,0.000000e+00
1.000000e+00,0.000000e+00,0.000000e+00,0.000000e+00,0.000000e+00,0.000000e+00,0.000000e+00,0.000000e+00,0.000000e+00,0.000000e+00,0.000000e+00,0.000000e+00,0.000000e+00,0.000000e+00,0.000000e+00
1.000000e+00,0.000000e+00,0.000000e+00,0.000000e+00,0.000000e+00,0.000000e+00,0.000000e+00,0.000000e+00,0.000000e+00,0.000000e+00,0.000000e+00,0.000000e+00,0.000000e+00,0.000000e+00,0.000000e+00
1.000000e+00,0.000000e+00,0.000000e+00,0.000000e+00,0.000000e+00,0.000000e+00,0.000000e+00,0.000000e+00,0.000000e+00,0.000000e+00,0.000000e+00,0.000000e+00,0.000000e+00,0.000000e+00,0.000000e+00
1.000000e+00,0.000000e+00,0.000000e+00,0.000000e+00,0.000000e+00,0.000000e+00,0.000000e+00,0.000000e+00,0.000000e+00,0.000000e+00,0.000000e+00,0.000000e+00,0.000000e+00,0.000000e+00,0.000000e+00
1.000000e+00,0.000000e+00,0.000000e+00,0.000000e+00,0.000000e+00,0.000000e+00,0.000000e+00,0.000000e+00,0.000000e+00,0.000000e+00,0.000000e+00,0.000000e+00,0.000000e+00,0.000000e+00,0.000000e+00
1.000000e+00,0.000000e+00,0.000000e+00,0.000000e+00,0.000000e+00,0.000000e+00,0.000000e+00,0.000000e+00,0.000000e+00,0.000000e+00,0.000000e+00,0.000000e+00,0.000000e+00,0.000000e+00,0.000000e+00
1.000000e+00,0.000000e+00,0.000000e+00,0.000000e+00,0.000000e+00,0.000000e+00,0.000000e+00,0.000000e+00,0.000000e+00,0.000000e+00,0.000000e+00,0.000000e+00,0.000000e+00,0.000000e+00,0.000000e+00
1.000000e+00,0.000000e+00,0.000000e+00,0.000000e+00,0.000000e+00,0.000000e+00,0.000000e+00,0.000000e+00,0.000000e+00,0.000000e+00,0.000000e+00,0.000000e+00,0.000000e+00,0.000000e+00,0.000000e+00
1.000000e+00,0.000000e+00,0.000000e+00,0.000000e+00,0.000000e+00,0.000000e+00,0.000000e+00,0.000000e+00,0.000000e+00,0.000000e+00,0.000000e+00,0.000000e+00,0.000000e+00,0.000000e+00,0.000000e+00
1.000000e+00,0.000000e+00,0.000000e+00,0.000000e+00,0.000000e+00,0.000000e+00,0.000000e+00,0.000000e+00,0.000000e+00,0.000000e+00,0.000000e+00,0.000000e+00,0.000000e+00,0.000000e+00,0.000000e+00
1.000000e+00,0.000000e+00,0.000000e+00,0.000000e+00,0.000000e+00,0.000000e+00,0.000000e+00,0.000000e+00,0.000000e+00,0.000000e+00,0.000000e+00,0.000000e+00,0.000000e+00,0.000000e+00,0.000000e+00
1.000000e+00,0.000000e+00,0.000000e+00,0.000000e+00,0.000000e+00,0.000000e+00,0.000000e+00,0.000000e+00,0.000000e+00,0.000000e+00,0.000000e+00,0.000000e+00,0.000000e+00,0.000000e+00,0.000000e+00
1.000000e+00,0.000000e+00,0.000000e+00,0.000000e+00,0.000000e+00,0.000000e+00,0.000000e+00,0.000000e+00,0.000000e+00,0.000000e+00,0.000000e+00,0.000000e+00,0.000000e+00,0.000000e+00,0.000000e+00
1.000000e+00,0.000000e+00,0.000000e+00,0.000000e+00,0.000000e+00,0.000000e+00,0.000000e+00,0.000000e+00,0.000000e+00,0.000000e+00,0.000000e+00,0.000000e+00,0.000000e+00,0.000000e+00,0.000000e+00
1.000000e+00,0.000000e+00,0.000000e+00,0.000000e+00,0.000000e+00,0.000000e+00,0.000000e+00,0.000000e+00,0.000000e+00,0.000000e+00,0.000000e+00,0.000000e+00,0.000000e+00,0.000000e+00,0.000000e+00
1.000000e+00,0.000000e+00,0.000000e+00,0.000000e+00,0.000000e+00,0.000000e+00,0.000000e+00,0.000000e+00,0.000000e+00,0.000000e+00,0.000000e+00,0.000000e+00,0.000000e+00,0.000000e+00,0.000000e+00
1.000000e+00,0.000000e+00,0.000000e+00,0.000000e+00,0.000000e+00,0.000000e+00,0.000000e+00,0.000000e+00,0.000000e+00,0.000000e+00,0.000000e+00,0.000000e+00,0.000000e+00,0.000000e+00,0.000000e+00
1.000000e+00,0.000000e+00,0.000000e+00,0.000000e+00,0.000000e+00,0.000000e+00,0.000000e+00,0.000000e+00,0.000000e+00,0.000000e+00,0.000000e+00,0.000000e+00,0.000000e+00,0.000000e+00,0.000000e+00
1.000000e+00,0.000000e+00,0.000000e+00,0.000000e+00,0.000000e+00,0.000000e+00,0.000000e+00,0.000000e+00,0.000000e+00,0.000000e+00,0.000000e+00,0.000000e+00,0.000000e+00,0.000000e+00,0.000000e+00
1.000000e+00,0.000000e+00,0.000000e+00,0.000000e+00,0.000000e+00,0.000000e+00,0.000000e+00,0.000000e+00,0.000000e+00,0.000000e+00,0.000000e+00,0.000000e+00,0.000000e+00,0.000000e+00,0.000000e+00
1.000000e+00,0.000000e+00,0.000000e+00,0.000000e+00,0.000000e+00,0.000000e+00,0.000000e+00,0.000000e+00,0.000000e+00,0.000000e+00,0.000000e+00,0.000000e+00,0.000000e+00,0.000000e+00,0.000000e+00
1.000000e+00,0.000000e+00,0.000000e+00,0.000000e+00,0.000000e+00,0.000000e+00,0.000000e+00,0.000000e+00,0.000000e+00,0.000000e+00,0.000000e+00,0.000000e+00,0.000000e+00,0.000000e+00,0.000000e+00
1.000000e+00,0.000000e+00,0.000000e+00,0.000000e+00,0.000000e+00,0.000000e+00,0.000000e+00,0.000000e+00,0.000000e+00,0.000000e+00,0.000000e+00,0.000000e+00,0.000000e+00,0.000000e+00,0.000000e+00
1.000000e+00,0.000000e+00,0.000000e+00,0.000000e+00,0.000000e+00,0.000000e+00,0.000000e+00,0.000000e+00,0.000000e+00,0.000000e+00,0.000000e+00,0.000000e+00,0.000000e+00,0.000000e+00,0.000000e+00
1.000000e+00,0.000000e+00,0.000000e+00,0.000000e+00,0.000000e+00,0.000000e+00,0.000000e+00,0.000000e+00,0.000000e+00,0.000000e+00,0.000000e+00,0.000000e+00,0.000000e+00,0.000000e+00,0.000000e+00
4.901598e-01,1.563822e-02,1.195538e-01,5.446641e-02,9.031848e-03,3.108001e-02,1.601778e-02,1.668731e-01,1.113656e-02,1.570033e-03,1.099601e-02,1.682019e-02,2.919232e-02,4.867172e-03,2.259686e-02
3.597059e-01,1.124799e-02,2.350735e-01,5.791278e-02,6.656001e-03,2.327549e-02,1.187667e-02,2.236809e-01,7.965464e-03,1.128422e-03,8.358579e-03,1.229469e-02,2.089955e-02,3.665436e-03,1.625867e-02
2.552750e-01,7.949787e-03,3.535334e-01,8.047608e-02,4.944739e-03,1.663454e-02,8.424484e-03,2.225228e-01,5.649881e-03,8.004906e-04,6.155218e-03,8.733118e-03,1.476412e-02,2.641110e-03,1.149532e-02
1.824998e-01,5.634032e-03,3.552612e-01,8.090062e-02,3.639096e-03,1.206866e-02,6.493793e-03,3.176842e-01,4.016010e-03,5.830425e-04,4.451663e-03,6.159362e-03,1.044048e-02,2.049020e-03,8.119048e-03
1.323974e-01,4.051087e-03,3.197004e-01,7.135759e-02,2.781287e-03,9.004371e-03,5.169765e-03,4.295599e-01,2.896817e-03,4.697811e-04,3.399412e-03,4.357525e-03,7.488259e-03,1.578523e-03,5.787923e-03
9.737228e-02,3.181248e-03,2.836678e-01,9.644320e-02,2.057779e-03,1.026590e-02,4.395852e-03,4.268612e-01,6.688579e-03,6.830170e-03,1.096793e-02,7.210313e-03,3.245854e-02,3.591048e-03,8.008159e-03
7.020117e-02,9.700568e-03,2.201549e-01,8.236129e-02,1.498956e-03,1.190483e-02,3.994453e-03,3.243448e-01,6.157427e-02,9.955665e-03,1.386122e-02,1.243270e-02,1.588845e-01,3.931331e-03,1.519937e-02
5.026074e-02,6.981414e-02,1.621454e-01,8.783229e-02,1.090514e-03,9.608597e-03,2.900850e-03,2.293858e-01,1.043253e-01,1.195134e-02,1.262774e-02,1.272528e-02,2.065156e-01,3.650002e-03,3.516632e-02
3.604474e-02,1.099761e-01,1.153249e-01,7.233407e-02,1.214289e-03,7.373434e-03,2.125233e-03,1.608516e-01,2.338212e-01,9.823841e-03,1.152514e-02,1.183548e-02,1.861504e-01,4.557180e-03,3.704243e-02
2.749109e-02,8.125301e-02,8.324162e-02,6.702711e-02,4.756374e-03,7.782259e-03,2.187932e-03,1.136297e-01,2.301297e-01,7.911716e-03,2.662127e-02,1.529286e-02,2.615477e-01,6.262986e-03,6.486455e-02
3.990855e-02,5.883194e-02,6.026421e-02,5.305401e-02,1.715641e-02,1.061510e-02,2.964810e-03,8.128563e-02,1.938397e-01,6.495629e-03,3.315605e-02,3.788535e-02,3.299580e-01,1.160243e-02,6.298213e-02
4.096516e-02,4.370467e-02,4.350455e-02,4.018838e-02,1.842958e-02,1.908003e-02,3.398832e-03,5.810827e-02,1.550362e-01,5.584008e-03,3.255270e-02,8.021528e-02,3.921666e-01,1.388113e-02,5.318459e-02
4.378179e-02,3.414755e-02,3.195482e-02,3.054719e-02,2.245653e-02,2.615278e-02,4.039342e-03,4.152342e-02,1.455364e-01,4.730357e-03,2.718659e-02,8.555358e-02,4.312263e-01,1.503158e-02,5.613172e-02
3.347305e-02,3.335090e-02,2.310554e-02,2.723707e-02,1.782548e-02,2.942790e-02,3.024010e-03,2.951444e-02,1.321041e-01,4.684535e-03,3.097796e-02,1.328803e-01,4.334018e-01,1.584304e-02,5.314983e-02
2.593841e-02,3.675921e-02,1.675187e-02,2.217159e-02,1.436886e-02,2.791748e-02,2.232233e-03,2.117513e-02,1.331520e-01,5.045617e-03,3.974493e-02,1.844782e-01,4.038620e-01,2.229064e-02,4.411177e-02
1.952665e-02,3.603299e-02,1.212156e-02,2.105088e-02,1.141452e-02,3.069728e-02,1.749251e-03,1.620720e-02,2.519985e-01,4.842042e-03,3.460644e-02,1.610150e-01,3.404507e-01,1.905555e-02,3.923136e-02
1.503643e-02,4.186461e-02,1.147362e-02,4.079046e-02,8.586913e-03,2.442266e-02,1.344675e-03,1.164364e-02,2.426263e-01,1.549346e-02,2.927465e-02,1.186535e-01,2.640042e-01,1.556658e-02,1.592182e-01
1.204282e-02,3.626841e-02,8.909345e-03,3.027453e-02,6.538527e-03,1.985889e-02,1.042318e-03,8.215997e-03,2.059630e-01,1.631070e-02,2.444520e-02,8.515329e-02,1.923843e-01,5.102988e-02,3.015628e-01
9.983883e-03,3.719543e-02,7.590127e-03,3.662581e-02,4.884756e-03,1.544943e-02,8.136443e-04,5.835928e-03,2.250471e-01,1.601066e-02,2.151565e-02,6.540670e-02,1.412955e-01,7.117121e-02,3.411741e-01
1.332229e-02,3.292124e-02,5.891735e-03,2.845133e-02,4.027293e-03,1.228922e-02,6.571988e-04,4.249003e-03,2.085556e-01,1.344675e-02,2.442694e-02,4.731522e-02,1.059713e-01,1.815779e-01,3.168970e-01
2.760732e-02,2.606701e-02,5.665977e-03,2.252531e-02,4.597880e-03,1.027544e-02,6.979578e-04,3.825877e-03,1.635581e-01,1.151749e-02,2.177347e-02,3.411490e-02,7.640379e-02,2.714421e-01,3.199274e-01
4.892905e-02,2.020052e-02,4.339536e-03,1.762885e-02,5.378510e-03,1.043425e-02,6.919550e-04,3.050614e-03,1.565026e-01,1.199407e-02,1.913959e-02,2.620459e-02,6.009704e-02,2.379014e-01,3.775074e-01
4.336109e-02,1.547029e-02,3.466752e-03,1.276932e-02,4.577743e-03,9.485359e-03,6.208114e-04,2.244818e-03,1.322677e-01,1.366211e-02,1.492490e-02,1.925557e-02,4.370823e-02,2.943844e-01,3.898009e-01
7.261170e-02,2.595779e-02,6.836955e-03,4.170595e-02,1.033721e-02,1.541718e-02,1.302807e-03,2.771223e-03,1.202204e-01,1.069290e-02,1.574022e-02,1.676862e-02,3.517931e-02,2.512895e-01,3.731683e-01
9.451737e-02,2.499577e-02,5.679049e-03,3.313050e-02,1.006309e-02,1.600792e-02,1.573297e-03,2.541749e-03,9.913015e-02,9.258644e-03,1.576136e-02,1.389007e-02,3.151232e-02,2.443429e-01,3.975958e-01
1.839891e-01,3.267666e-02,5.176131e-03,2.540747e-02,1.961234e-02,1.865437e-02,1.713497e-03,2.713045e-03,7.509622e-02,7.490212e-03,1.337729e-02,1.090794e-02,2.633493e-02,2.234918e-01,3.533589e-01
1.351336e-01,2.476083e-02,4.477411e-03,1.805016e-02,1.522960e-02,1.442530e-02,1.417473e-03,1.967025e-03,6.184361e-02,9.864289e-03,1.180419e-02,8.130444e-03,1.932795e-02,2.978715e-01,3.756966e-01
1.099276e-01,1.896913e-02,4.798826e-03,1.306697e-02,1.155133e-02,1.209349e-02,1.201663e-03,1.598498e-03,5.791998e-02,1.265721e-02,1.020501e-02,6.521133e-03,1.485305e-02,3.154356e-01,4.092005e-01
1.002647e-01,1.547356e-02,5.532390e-03,9.609203e-03,9.513089e-03,1.075536e-02,9.779014e-04,1.304945e-03,5.628983e-02,1.375189e-02,9.330150e-03,4.963667e-03,1.137618e-02,3.956348e-01,3.552223e-01
9.565241e-02,1.646406e-02,1.681682e-02,1.085683e-02,1.005507e-02,1.028919e-02,1.262614e-03,2.217078e-03,7.530469e-02,1.907039e-02,1.044871e-02,4.187101e-03,1.022856e-02,3.168641e-01,4.002824e-01
1.038961e-01,1.871311e-02,3.067690e-02,1.781779e-02,1.366218e-02,1.248716e-02,1.373052e-03,3.529307e-03,1.208250e-01,1.956939e-02,9.041134e-03,3.146917e-03,7.763108e-03,2.631818e-01,3.743170e-01
1.393895e-01,3.369476e-02,4.029364e-02,2.130269e-02,3.164499e-02,5.429034e-02,2.483556e-03,1.217445e-02,9.901334e-02,2.137481e-02,9.457835e-03,3.330655e-03,7.182126e-03,2.081209e-01,3.162463e-01
1.796674e-01,3.865495e-02,5.700997e-02,2.521653e-02,4.715896e-02,6.173340e-02,2.462640e-03,1.829669e-02,8.427252e-02,2.859282e-02,8.028592e-03,3.268363e-03,6.073370e-03,1.601251e-01,2.794387e-01
2.503422e-01,3.686200e-02,5.246806e-02,2.787746e-02,4.306667e-02,5.718065e-02,2.103804e-03,1.765414e-02,9.036884e-02,2.929735e-02,7.690842e-03,6.844231e-03,6.012761e-03,1.262467e-01,2.459843e-01
3.092574e-01,3.168174e-02,5.444245e-02,3.362741e-02,4.091221e-02,6.280012e-02,1.969390e-03,1.913790e-02,1.025711e-01,2.501000e-02,6.804095e-03,7.477669e-03,5.371775e-03,1.154873e-01,1.834494e-01
3.494242e-01,2.859431e-02,6.319108e-02,4.356849e-02,4.937036e-02,5.734311e-02,1.818529e-03,2.182367e-02,1.034914e-01,2.010839e-02,5.792405e-03,6.635910e-03,4.873014e-03,1.062834e-01,1.376817e-01
3.751219e-01,3.273643e-02,6.503860e-02,5.443182e-02,4.874519e-02,5.700522e-02,2.215638e-03,1.941938e-02,9.933007e-02,1.842903e-02,7.499863e-03,1.338301e-02,7.223860e-03,9.004909e-02,1.093710e-01
4.365041e-01,2.859255e-02,7.096100e-02,5.108051e-02,4.413388e-02,4.425366e-02,2.230899e-03,1.825907e-02,8.810993e-02,1.718031e-02,7.997232e-03,1.727304e-02,7.556199e-03,6.813441e-02,9.773321e-02
1.000000e+00,0.000000e+00,0.000000e+00,0.000000e+00,0.000000e+00,0.000000e+00,0.000000e+00,0.000000e+00,0.000000e+00,0.000000e+00,0.000000e+00,0.000000e+00,0.000000e+00,0.000000e+00,0.000000e+00
1.000000e+00,0.000000e+00,0.000000e+00,0.000000e+00,0.000000e+00,0.000000e+00,0.000000e+00,0.000000e+00,0.000000e+00,0.000000e+00,0.000000e+00,0.000000e+00,0.000000e+00,0.000000e+00,0.000000e+00
1.000000e+00,0.000000e+00,0.000000e+00,0.000000e+00,0.000000e+00,0.000000e+00,0.000000e+00,0.000000e+00,0.000000e+00,0.000000e+00,0.000000e+00,0.000000e+00,0.000000e+00,0.000000e+00,0.000000e+00
3.770805e-01,2.875355e-02,3.339580e-02,1.626599e-01,3.991999e-02,2.252896e-02,1.495073e-03,8.062787e-03,4.201254e-02,1.054829e-02,1.960197e-02,2.493834e-02,1.680128e-01,2.177406e-02,3.921542e-02
2.652775e-01,2.595327e-02,2.449660e-02,1.932450e-01,3.002244e-02,1.837968e-02,1.157023e-03,5.785515e-03,3.608979e-02,9.534840e-03,3.339414e-02,2.701101e-02,2.826816e-01,1.544033e-02,3.153126e-02
1.862055e-01,2.490030e-02,1.866580e-02,2.041769e-01,2.153333e-02,1.380651e-02,8.869435e-04,4.115579e-03,1.702387e-01,9.178199e-03,3.127630e-02,2.221269e-02,2.467081e-01,1.125935e-02,3.483581e-02
1.312564e-01,1.863374e-02,1.358042e-02,1.542827e-01,1.677410e-02,1.443422e-02,6.874882e-04,3.461394e-03,1.293398e-01,6.921785e-03,3.084446e-02,2.291322e-02,4.216432e-01,7.963680e-03,2.726330e-02
9.299676e-02,1.488166e-02,9.606496e-03,1.094527e-01,1.521983e-02,1.402760e-02,7.066083e-04,2.724055e-03,2.516167e-01,5.016590e-03,2.549409e-02,3.756993e-02,3.939203e-01,5.635663e-03,2.113107e-02
6.710070e-02,2.045752e-02,9.464471e-03,1.171575e-01,1.160958e-02,1.647735e-02,7.768961e-04,2.149025e-03,3.259279e-01,4.493502e-03,1.890527e-02,3.616494e-02,3.469418e-01,4.125314e-03,1.824821e-02
5.502964e-02,2.038400e-02,6.868782e-03,9.084352e-02,8.641729e-03,1.785962e-02,8.006367e-04,2.763207e-03,3.512898e-01,4.620349e-03,2.492405e-02,3.917944e-02,3.434983e-01,5.445636e-03,2.785127e-02
5.301274e-02,2.191420e-02,5.251529e-03,7.231084e-02,8.684538e-03,1.826265e-02,7.267771e-04,2.784797e-03,3.954310e-01,6.536781e-03,2.393979e-02,3.325529e-02,3.048005e-01,6.614424e-03,4.647421e-02
4.005012e-02,2.306323e-02,6.013220e-03,1.060060e-01,8.591378e-03,1.537235e-02,6.765614e-04,2.886544e-03,4.324928e-01,1.020622e-02,2.191168e-02,3.078886e-02,2.446076e-01,7.197676e-03,5.013575e-02
3.191478e-02,2.358318e-02,1.009373e-02,8.313518e-02,1.090914e-02,1.703708e-02,1.014009e-03,3.742561e-03,3.698309e-01,1.126487e-02,5.787614e-02,2.771802e-02,2.443488e-01,1.158121e-02,9.595039e-02
2.815284e-02,3.667457e-02,9.330368e-03,7.175769e-02,8.165659e-03,1.348025e-02,7.877455e-04,3.046954e-03,4.545267e-01,1.158101e-02,4.246537e-02,2.099711e-02,1.783621e-01,1.184553e-02,1.088260e-01
6.389274e-02,3.348455e-02,8.468026e-03,5.399033e-02,1.249126e-02,1.866045e-02,1.171137e-03,4.817720e-03,4.438006e-01,1.171936e-02,4.294620e-02,1.778057e-02,1.483858e-01,1.816412e-02,1.202271e-01
1.415166e-01,3.839489e-02,9.587971e-03,5.575890e-02,1.474033e-02,1.725569e-02,1.604772e-03,4.897769e-03,3.712838e-01,1.209402e-02,3.538696e-02,1.637771e-02,1.099700e-01,1.597398e-02,1.551566e-01
2.716052e-01,3.473638e-02,8.479699e-03,4.616357e-02,2.038266e-02,1.856271e-02,2.206533e-03,5.851041e-03,2.993867e-01,9.780296e-03,2.848686e-02,1.479477e-02,8.690410e-02,1.440671e-02,1.382527e-01
3.232998e-01,4.230041e-02,1.388517e-02,3.932656e-02,4.518764e-02,2.710580e-02,5.895897e-03,7.983908e-03,2.486177e-01,7.791087e-03,2.233804e-02,1.355241e-02,7.555123e-02,1.184217e-02,1.153222e-01
3.656115e-01,4.862403e-02,1.463875e-02,3.200657e-02,4.796146e-02,3.060829e-02,6.489181e-03,1.055997e-02,2.041663e-01,7.459986e-03,1.906249e-02,1.257688e-02,6.991696e-02,1.401829e-02,1.162993e-01
3.384302e-01,5.869034e-02,4.911558e-02,6.110743e-02,4.839552e-02,3.158557e-02,6.562082e-03,1.484499e-02,1.660915e-01,9.364591e-03,1.816901e-02,1.269134e-02,5.852904e-02,1.134489e-02,1.150779e-01
3.573542e-01,5.785723e-02,5.051230e-02,5.155079e-02,4.946258e-02,2.788992e-02,6.132985e-03,1.559198e-02,1.484830e-01,8.647777e-03,1.571735e-02,1.290939e-02,4.881325e-02,1.651825e-02,1.325590e-01
3.658218e-01,5.445170e-02,4.599699e-02,6.531797e-02,4.987850e-02,3.063662e-02,8.305095e-03,2.103192e-02,1.244037e-01,7.602594e-03,1.969155e-02,2.582151e-02,4.957622e-02,1.594885e-02,1.155150e-01
3.948627e-01,5.169630e-02,3.834213e-02,6.043263e-02,4.717721e-02,3.033074e-02,6.885558e-03,2.017799e-02,1.131315e-01,8.457705e-03,1.795446e-02,2.369220e-02,4.925716e-02,1.593216e-02,1.216697e-01
3.946943e-01,7.505417e-02,3.047013e-02,6.066240e-02,4.265284e-02,2.616445e-02,6.707562e-03,1.792344e-02,1.281399e-01,9.717498e-03,1.509354e-02,1.985280e-02,4.984690e-02,1.324311e-02,1.097770e-01
3.482382e-01,6.976958e-02,6.167663e-02,1.389091e-01,3.516597e-02,2.118096e-02,5.507529e-03,1.558880e-02,1.140611e-01,9.712044e-03,1.372335e-02,2.157122e-02,4.267876e-02,1.088238e-02,9.133437e-02
4.742935e-01,5.438993e-02,4.812982e-02,1.003937e-01,3.399220e-02,1.824463e-02,4.206579e-03,1.407171e-02,9.740944e-02,7.453655e-03,1.157810e-02,1.967206e-02,3.724041e-02,9.706432e-03,6.921782e-02
1.000000e+00,0.000000e+00,0.000000e+00,0.000000e+00,0.000000e+00,0.000000e+00,0.000000e+00,0.000000e+00,0.000000e+00,0.000000e+00,0.000000e+00,0.000000e+00,0.000000e+00,0.000000e+00,0.000000e+00
1.000000e+00,0.000000e+00,0.000000e+00,0.000000e+00,0.000000e+00,0.000000e+00,0.000000e+00,0.000000e+00,0.000000e+00,0.000000e+00,0.000000e+00,0.000000e+00,0.000000e+00,0.000000e+00,0.000000e+00
1.000000e+00,0.000000e+00,0.000000e+00,0.000000e+00,0.000000e+00,0.000000e+00,0.000000e+00,0.000000e+00,0.000000e+00,0.000000e+00,0.000000e+00,0.000000e+00,0.000000e+00,0.000000e+00,0.000000e+00
4.886199e-01,2.412285e-02,2.091980e-02,3.108127e-02,1.974997e-02,2.399549e-02,2.957554e-03,1.688216e-02,6.223765e-02,2.274705e-03,5.124402e-03,1.695194e-02,2.602140e-01,3.784707e-03,2.108363e-02
4.511873e-01,2.415184e-02,1.915967e-02,2.307306e-02,1.859602e-02,3.843891e-02,4.005218e-03,2.066796e-02,5.835196e-02,1.797819e-03,4.526860e-03,1.618574e-02,3.003265e-01,3.204875e-03,1.632628e-02
3.569711e-01,2.224856e-02,1.582616e-02,1.666132e-02,1.920136e-02,4.868228e-02,4.087433e-03,2.216006e-02,5.883911e-02,1.411975e-03,4.163078e-03,1.834019e-02,3.972254e-01,2.434363e-03,1.174759e-02
3.017993e-01,2.619721e-02,2.264129e-02,1.238448e-02,1.520924e-02,6.499544e-02,4.309436e-03,2.000180e-02,7.322330e-02,1.114342e-03,3.611580e-03,1.548880e-02,4.286356e-01,1.901466e-03,8.486676e-03
2.683669e-01,2.165723e-02,2.230657e-02,9.281437e-03,1.267192e-02,5.708174e-02,4.563150e-03,1.669991e-02,6.872004e-02,8.566614e-04,3.766048e-03,1.429890e-02,4.917045e-01,1.529314e-03,6.495650e-03
2.748011e-01,1.829500e-02,1.959851e-02,7.210922e-03,1.079425e-02,4.794295e-02,4.424209e-03,1.484760e-02,5.910465e-02,6.368532e-04,3.875152e-03,1.556082e-02,5.163189e-01,1.368845e-03,5.220214e-03
2.729048e-01,1.423032e-02,1.724410e-02,5.737909e-03,9.288890e-03,4.183885e-02,4.791006e-03,1.281802e-02,4.851407e-02,4.841096e-04,3.625583e-03,1.409060e-02,5.459011e-01,1.199855e-03,7.330800e-03
2.364112e-01,1.041556e-02,1.355631e-02,4.339096e-03,7.117253e-03,3.247935e-02,4.081309e-03,1.003500e-02,3.760250e-02,3.750587e-04,3.037449e-03,1.228586e-02,6.204895e-01,9.762338e-04,6.798276e-03
2.012732e-01,7.450541e-03,1.046497e-02,3.242305e-03,5.476399e-03,2.638881e-02,3.273532e-03,7.388300e-03,2.749516e-02,2.865063e-04,2.469453e-03,1.049692e-02,6.866148e-01,7.906375e-04,6.888506e-03
2.231304e-01,5.418016e-03,8.067030e-03,2.600285e-03,4.127572e-03,2.261308e-02,2.861724e-03,5.590665e-03,1.950845e-02,2.691343e-04,1.971934e-03,9.525293e-03,6.860970e-01,7.840727e-04,7.435318e-03
2.519330e-01,4.010474e-03,6.422864e-03,2.077769e-03,3.301071e-03,1.785099e-02,2.554669e-03,4.321966e-03,1.390408e-02,2.153442e-04,1.601015e-03,9.617524e-03,6.741180e-01,7.677352e-04,7.303515e-03
2.935599e-01,3.085191e-03,5.431332e-03,1.833883e-03,2.818786e-03,1.452263e-02,4.352675e-03,4.784539e-03,1.008026e-02,1.926459e-04,1.514242e-03,1.258393e-02,6.385940e-01,7.870385e-04,5.858966e-03
3.659266e-01,2.454961e-03,4.311102e-03,1.539239e-03,2.407143e-03,1.117118e-02,4.981067e-03,4.578296e-03,7.386541e-03,1.635130e-04,1.460096e-03,2.029076e-02,5.677490e-01,7.298028e-04,4.850707e-03
4.679971e-01,2.235107e-03,4.092879e-03,1.717439e-03,2.361536e-03,9.655369e-03,4.546496e-03,4.371949e-03,5.409272e-03,1.638452e-04,1.606964e-03,1.902151e-02,4.717480e-01,8.207825e-04,4.251808e-03
4.533887e-01,8.630283e-03,7.753684e-03,4.205544e-02,3.253175e-03,1.501353e-02,4.020714e-03,4.863109e-03,2.258766e-02,1.166245e-02,3.881773e-03,2.023743e-02,3.480471e-01,1.439867e-03,5.316514e-02
3.727810e-01,1.086927e-02,1.497098e-02,9.577313e-02,2.796279e-03,1.315823e-02,3.103897e-03,4.697302e-03,5.143517e-02,6.060448e-02,5.802308e-03,1.859304e-02,2.555418e-01,1.474299e-03,8.839890e-02
2.999635e-01,3.139285e-02,1.286634e-02,8.276352e-02,3.304794e-03,1.070981e-02,3.065874e-03,3.614082e-03,9.907971e-02,7.276051e-02,6.073141e-03,1.737140e-02,1.892138e-01,1.802452e-03,1.660182e-01
2.221164e-01,5.209438e-02,1.526153e-02,8.865668e-02,2.700703e-03,7.831192e-03,2.275630e-03,2.640060e-03,1.674533e-01,8.856795e-02,5.468613e-03,1.333296e-02,1.352811e-01,1.502471e-03,1.948170e-01
1.631538e-01,5.172224e-02,1.360957e-02,6.464934e-02,2.044026e-03,5.988532e-03,1.666410e-03,2.010090e-03,1.512634e-01,1.186771e-01,7.859593e-03,1.091350e-02,1.048704e-01,3.574802e-03,2.979972e-01
1.202983e-01,9.743956e-02,1.183570e-02,5.718412e-02,1.520094e-03,4.542843e-03,1.207935e-03,1.493734e-03,2.172974e-01,1.207302e-01,8.634050e-03,8.959305e-03,8.249897e-02,3.698764e-03,2.626589e-01
1.050403e-01,9.268820e-02,9.412028e-03,4.247196e-02,1.385723e-03,4.040955e-03,9.473552e-04,1.441634e-03,2.037882e-01,1.380601e-01,1.243315e-02,8.344989e-03,7.353348e-02,8.184321e-03,2.982275e-01
7.581110e-02,1.529043e-01,9.043382e-03,5.833697e-02,1.173889e-03,3.583944e-03,6.828810e-04,1.093248e-03,2.521876e-01,1.007352e-01,1.130956e-02,7.253993e-03,5.560968e-02,6.847950e-03,2.634263e-01
9.032472e-02,1.360787e-01,7.241632e-03,4.617402e-02,3.050074e-03,5.688071e-03,6.502681e-04,1.101364e-03,2.946264e-01,7.621095e-02,1.264285e-02,6.332279e-03,4.408431e-02,6.897227e-03,2.688971e-01
6.942717e-02,1.555312e-01,6.782327e-03,6.601325e-02,2.592199e-03,4.588252e-03,4.796165e-04,9.814372e-04,3.484856e-01,5.620034e-02,1.309025e-02,6.549483e-03,3.445415e-02,6.694131e-03,2.281306e-01
8.990534e-02,1.414021e-01,7.314964e-03,6.057387e-02,2.874317e-03,4.570643e-03,4.250761e-04,1.478829e-03,3.633600e-01,4.960989e-02,1.406249e-02,6.772262e-03,2.925157e-02,8.583100e-03,2.198156e-01
1.247787e-01,1.212748e-01,8.593610e-03,6.425411e-02,2.847283e-03,5.604296e-03,3.785081e-04,1.579268e-03,3.260078e-01,4.306216e-02,1.646333e-02,8.838953e-03,2.924605e-02,1.881365e-02,2.282574e-01
1.297007e-01,1.333179e-01,1.007352e-02,5.025128e-02,2.523339e-03,4.789826e-03,3.269213e-04,1.637891e-03,3.542458e-01,3.868007e-02,1.551977e-02,1.009631e-02,2.895135e-02,2.105856e-02,1.988269e-01
1.990905e-01,1.149028e-01,1.043968e-02,3.915556e-02,2.988891e-03,4.727386e-03,3.969096e-04,1.708265e-03,3.364914e-01,3.287468e-02,1.647983e-02,1.159843e-02,3.900910e-02,2.133366e-02,1.688028e-01
2.085034e-01,1.139836e-01,1.352216e-02,3.319149e-02,2.455909e-03,5.468516e-03,3.730758e-04,1.576204e-03,3.005319e-01,4.324429e-02,1.465131e-02,1.443540e-02,4.016269e-02,2.975559e-02,1.781444e-01
2.135754e-01,9.352258e-02,1.104531e-02,2.782247e-02,3.380227e-03,7.838785e-03,6.786631e-04,4.538965e-03,3.648292e-01,4.163995e-02,1.271928e-02,1.386281e-02,3.721574e-02,3.010758e-02,1.372230e-01
2.183338e-01,7.955077e-02,1.254656e-02,3.762278e-02,3.498838e-03,7.506003e-03,6.182699e-04,4.055154e-03,3.501028e-01,4.615389e-02,1.176387e-02,1.477498e-02,3.481972e-02,2.947464e-02,1.491779e-01
2.112703e-01,7.148167e-02,1.275569e-02,3.070270e-02,7.204073e-03,6.622997e-03,8.355606e-04,4.150410e-03,3.932266e-01,3.921314e-02,1.006849e-02,1.185116e-02,2.940618e-02,2.701300e-02,1.441981e-01
2.245197e-01,5.844447e-02,1.904452e-02,3.762555e-02,1.603489e-02,6.956967e-03,1.846086e-03,1.000480e-02,3.941542e-01,3.152747e-02,1.285086e-02,1.222524e-02,3.149252e-02,2.318990e-02,1.200828e-01
2.508056e-01,5.914181e-02,1.895118e-02,3.634530e-02,2.034263e-02,6.993680e-03,2.075480e-03,1.131049e-02,3.310378e-01,2.741746e-02,1.143749e-02,1.140723e-02,2.594290e-02,2.651338e-02,1.602775e-01
2.755055e-01,5.505021e-02,2.509074e-02,5.323520e-02,2.334734e-02,9.283220e-03,3.868946e-03,2.099787e-02,2.832144e-01,2.031454e-02,1.330515e-02,1.972654e-02,2.752018e-02,2.171951e-02,1.478207e-01
2.892516e-01,6.091738e-02,2.739838e-02,5.077045e-02,2.336911e-02,9.568429e-03,4.367379e-03,2.774042e-02,2.533551e-01,1.586297e-02,1.173982e-02,1.925842e-02,2.316251e-02,2.627395e-02,1.569640e-01
3.345393e-01,5.908272e-02,2.484074e-02,6.583153e-02,2.582564e-02,1.234468e-02,7.190390e-03,4.061287e-02,2.081969e-01,1.162361e-02,1.119253e-02,3.384330e-02,2.457191e-02,2.003867e-02,1.202652e-01
3.332111e-01,6.250593e-02,2.129631e-02,5.357677e-02,2.906008e-02,1.426801e-02,7.787439e-03,5.935831e-02,2.234658e-01,8.474438e-03,1.099604e-02,2.934188e-02,2.290869e-02,1.636186e-02,1.073874e-01
3.409572e-01,6.464962e-02,1.927619e-02,8.074556e-02,3.980020e-02,1.431177e-02,7.043051e-03,8.653630e-02,1.797483e-01,6.116351e-03,1.094459e-02,3.408576e-02,2.109751e-02,1.256644e-02,8.212110e-02
3.710557e-01,5.715024e-02,2.123038e-02,6.444493e-02,9.273540e-02,1.258306e-02,5.668717e-03,8.021003e-02,1.567912e-01,4.698834e-03,1.052330e-02,2.938589e-02,1.686854e-02,1.087448e-02,6.577925e-02
3.632768e-01,4.702860e-02,2.163142e-02,8.819260e-02,1.181418e-01,1.305800e-02,5.365555e-03,1.045325e-01,1.236912e-01,3.472520e-03,9.875348e-03,3.129819e-02,1.443068e-02,8.350681e-03,4.765419e-02
4.172665e-01,3.737893e-02,4.115126e-02,8.424838e-02,1.093659e-01,1.229808e-02,4.796928e-03,8.846132e-02,9.810127e-02,3.043059e-03,1.150493e-02,3.121092e-02,1.271993e-02,8.346722e-03,4.010582e-02
4.717008e-01,2.865789e-02,3.853239e-02,7.868967e-02,1.110864e-01,1.226713e-02,4.622959e-03,8.160648e-02,7.812615e-02,2.461727e-03,1.078219e-02,3.346872e-02,1.197923e-02,6.871611e-03,2.914673e-02
4.734692e-01,2.346376e-02,6.318045e-02,1.031339e-01,8.608456e-02,1.268055e-02,4.797203e-03,7.235709e-02,6.640349e-02,2.942920e-03,1.137902e-02,3.436936e-02,1.296317e-02,6.997346e-03,2.577804e-02
4.921702e-01,1.782352e-02,4.663794e-02,7.353572e-02,6.353758e-02,9.952212e-02,4.791605e-03,5.971197e-02,5.776151e-02,3.446828e-03,1.046955e-02,2.547824e-02,1.093295e-02,8.440498e-03,2.573984e-02
4.460046e-01,1.318487e-02,3.370314e-02,5.243989e-02,4.811406e-02,2.279230e-01,4.368045e-03,4.639237e-02,4.622370e-02,4.990133e-03,1.238819e-02,1.911220e-02,9.609682e-03,1.288728e-02,2.265886e-02
4.231789e-01,1.014459e-02,2.533171e-02,3.781053e-02,3.489957e-02,3.044211e-01,3.543117e-03,3.484160e-02,3.729565e-02,4.995108e-03,1.233371e-02,1.474564e-02,1.367214e-02,2.244211e-02,2.034461e-02
3.477274e-01,1.144820e-02,1.888192e-02,2.831640e-02,2.560286e-02,3.312148e-01,2.988937e-03,2.667768e-02,5.477654e-02,6.152638e-03,4.340633e-02,1.067985e-02,1.252208e-02,4.709350e-02,3.251091e-02
2.511111e-01,9.724007e-03,1.355753e-02,2.037979e-02,1.967378e-02,2.342030e-01,2.176552e-03,1.902920e-02,4.988450e-02,6.555521e-03,1.817620e-01,8.486428e-03,9.632856e-03,1.480255e-01,2.579815e-02
1.811501e-01,7.358255e-03,9.820914e-03,1.484285e-02,1.415283e-02,1.648974e-01,1.817708e-03,1.370690e-02,4.269398e-02,6.577674e-03,2.526184e-01,6.791892e-03,7.024987e-03,2.562803e-01,2.026581e-02
1.971410e-01,7.025239e-03,8.373786e-03,1.189182e-02,1.051049e-02,1.206621e-01,2.119326e-03,1.051107e-02,3.224816e-02,6.454663e-03,2.923658e-01,6.536204e-03,6.123353e-03,2.698365e-01,1.820046e-02
1.594754e-01,5.440143e-03,6.402794e-03,8.878560e-03,7.666805e-03,8.705394e-02,1.961596e-03,7.528113e-03,2.531258e-02,8.137379e-03,3.184041e-01,5.520792e-03,4.986272e-03,3.371738e-01,1.605773e-02
1.483025e-01,8.412906e-03,1.111127e-02,8.697745e-03,1.341955e-02,8.385557e-02,2.569623e-03,5.929690e-03,2.194929e-02,8.229089e-03,3.031776e-01,4.769668e-03,4.139483e-03,3.427747e-01,3.266123e-02
1.133220e-01,6.533095e-03,9.167193e-03,6.283386e-03,9.965792e-03,5.991228e-02,1.935268e-03,4.357737e-03,1.734678e-02,7.586985e-03,3.455579e-01,4.633736e-03,3.201728e-03,3.871357e-01,2.306034e-02
8.415494e-02,4.851020e-03,7.444534e-03,4.509458e-03,7.732606e-03,4.289616e-02,1.435822e-03,3.187439e-03,1.621815e-02,6.453911e-03,3.267172e-01,4.293015e-03,2.701831e-03,4.711398e-01,1.626405e-02
6.496737e-02,3.999051e-03,1.099755e-02,3.623110e-03,7.645033e-03,3.211912e-02,1.253725e-03,2.757299e-03,1.625470e-02,5.584418e-03,3.138576e-01,4.191041e-03,2.606692e-03,5.185095e-01,1.163383e-02
4.605745e-02,3.898026e-03,1.321062e-02,2.872775e-03,7.547198e-03,2.949573e-02,9.399036e-04,2.100072e-03,3.919997e-02,5.808416e-03,2.975802e-01,3.543324e-03,2.246235e-03,5.370118e-01,8.488347e-03
3.282102e-02,3.683640e-03,1.561714e-02,2.600015e-03,7.245767e-03,2.921953e-02,7.519575e-04,2.155448e-03,5.261867e-02,5.282511e-03,2.516917e-01,3.422696e-03,1.927918e-03,5.848565e-01,6.105503e-03
2.341192e-02,3.266461e-03,1.310749e-02,2.553200e-03,5.743733e-03,2.406659e-02,5.597130e-04,1.605981e-03,1.462664e-01,5.761252e-03,2.071830e-01,2.960429e-03,1.526245e-03,5.573899e-01,4.597692e-03
1.723499e-02,2.798751e-03,1.022213e-02,2.493370e-03,4.230113e-03,1.904401e-02,4.134617e-04,1.246111e-03,2.186587e-01,4.693655e-03,1.591987e-01,2.397858e-03,1.148612e-03,5.526643e-01,3.555395e-03
1.302810e-02,3.548577e-03,1.289438e-02,1.008139e-02,4.390636e-03,2.041295e-02,3.425288e-04,1.367900e-03,3.136093e-01,5.518045e-03,1.327581e-01,2.081718e-03,1.011853e-03,4.755893e-01,3.365226e-03
9.697213e-03,3.539440e-03,1.303107e-02,8.073731e-03,3.584428e-03,1.716168e-02,2.519905e-04,1.091471e-03,3.422578e-01,1.369073e-02,1.047525e-01,1.705866e-03,7.870123e-04,4.712822e-01,9.092877e-03
8.738744e-03,6.196756e-03,1.473971e-02,9.069384e-03,3.605520e-03,1.615588e-02,2.186971e-04,1.215258e-03,3.874064e-01,1.378215e-02,8.272757e-02,1.655405e-03,8.027960e-04,4.435135e-01,1.017226e-02
1.128116e-02,6.453939e-03,1.796596e-02,9.735790e-03,3.886586e-03,1.278883e-02,1.927490e-04,1.144728e-03,4.387265e-01,1.476105e-02,6.720009e-02,1.488947e-03,9.748726e-04,3.935960e-01,1.980278e-02
1.797936e-02,6.154150e-03,1.396475e-02,1.007216e-02,3.540462e-03,1.056148e-02,1.771522e-04,1.310089e-03,4.905784e-01,1.472759e-02,6.054347e-02,1.416200e-03,1.325657e-03,3.432274e-01,2.442164e-02
1.984137e-02,5.555892e-03,1.567077e-02,1.235531e-02,5.074033e-03,9.362894e-03,1.983291e-04,3.312946e-03,5.412697e-01,1.300202e-02,5.542514e-02,1.717899e-03,1.944919e-03,2.834824e-01,3.178637e-02
1.917863e-02,4.477622e-03,1.823914e-02,8.731254e-03,4.013312e-03,8.400436e-03,1.513574e-04,2.660731e-03,4.372120e-01,1.540953e-02,5.961629e-02,1.685613e-03,1.994996e-03,3.767989e-01,4.143025e-02
2.340943e-02,3.622903e-03,1.757734e-02,6.196055e-03,3.755248e-03,7.298329e-03,1.189019e-04,2.275516e-03,3.757400e-01,2.913562e-02,6.377272e-02,1.665105e-03,2.506744e-03,4.099026e-01,5.302346e-02
4.334555e-02,3.924915e-03,1.964541e-02,6.558372e-03,4.109186e-03,1.651127e-02,3.995140e-04,9.969348e-03,3.833191e-01,2.849850e-02,6.300674e-02,2.214823e-03,3.298549e-03,3.702756e-01,4.492313e-02
6.751318e-02,6.106469e-03,2.185744e-02,1.886017e-02,6.003044e-03,2.640413e-02,6.871001e-04,2.629874e-02,3.460454e-01,2.226240e-02,5.243412e-02,2.144334e-03,3.280404e-03,3.655300e-01,3.457311e-02
6.882346e-02,1.317616e-02,4.803043e-02,2.348647e-02,8.284969e-03,2.389866e-02,6.706521e-04,4.472559e-02,3.038492e-01,1.910580e-02,4.147135e-02,2.274008e-03,3.122549e-03,3.725755e-01,2.650523e-02
7.593203e-02,1.256287e-02,4.858013e-02,2.104304e-02,1.054180e-02,2.033486e-02,6.348269e-04,4.094189e-02,2.988679e-01,1.759276e-02,3.232462e-02,2.545831e-03,2.514409e-03,3.940146e-01,2.156843e-02
8.987631e-02,1.303161e-02,4.034484e-02,1.840184e-02,1.692334e-02,1.697882e-02,6.684590e-04,3.241092e-02,3.049664e-01,1.522596e-02,3.646120e-02,2.494895e-03,2.610996e-03,3.899138e-01,1.969056e-02
6.625447e-02,2.123823e-02,3.264432e-02,1.968110e-01,2.246683e-02,1.291094e-02,5.622660e-04,2.492468e-02,2.644390e-01,1.162591e-02,2.731673e-02,2.308097e-03,2.441846e-03,2.765048e-01,3.755086e-02
6.169258e-02,2.564577e-02,2.661931e-02,1.588689e-01,4.565179e-02,1.547858e-02,6.200522e-04,2.262604e-02,3.294634e-01,1.071304e-02,2.102889e-02,2.744167e-03,2.739615e-03,2.168641e-01,5.924366e-02
4.894995e-02,2.188553e-02,2.099343e-02,2.560619e-01,1.056971e-01,1.609128e-02,1.566595e-03,2.305100e-02,2.779338e-01,7.966478e-03,1.568275e-02,2.194620e-03,2.368996e-03,1.551730e-01,4.438354e-02
7.203624e-02,1.881870e-02,1.591452e-02,1.825184e-01,2.646747e-01,1.927978e-02,2.659954e-03,1.833658e-02,2.370793e-01,5.991399e-03,1.226411e-02,2.225342e-03,2.640566e-03,1.138813e-01,3.167914e-02
6.885587e-02,1.872325e-02,1.161778e-02,1.349396e-01,3.957215e-01,1.738891e-02,3.372149e-03,1.324830e-02,1.934677e-01,7.621344e-03,1.555858e-02,2.412859e-03,7.087763e-03,7.998787e-02,2.999649e-02
5.082048e-02,2.255696e-02,8.915670e-03,1.137580e-01,2.801501e-01,1.255737e-02,2.541314e-03,9.452036e-03,3.675498e-01,1.478643e-02,1.316578e-02,2.183963e-03,9.040249e-03,5.616948e-02,3.635230e-02
4.668518e-02,3.474206e-02,8.921931e-03,9.364042e-02,1.985075e-01,9.163178e-03,1.986147e-03,7.296078e-03,4.672635e-01,2.440951e-02,1.128632e-02,2.086298e-03,8.611367e-03,4.047433e-02,4.492617e-02
5.369547e-02,2.863302e-02,7.918956e-03,6.707935e-02,1.444112e-01,7.059656e-03,1.614150e-03,5.840263e-03,4.325125e-01,3.075220e-02,1.183030e-02,1.996995e-03,9.674751e-03,3.069868e-02,1.662825e-01
3.875834e-02,2.606297e-02,2.922215e-02,5.252061e-02,1.014675e-01,5.328367e-03,1.221135e-03,4.293126e-03,5.406932e-01,3.325955e-02,9.235949e-03,1.985724e-03,9.053253e-03,2.198754e-02,1.249105e-01
4.924856e-02,3.603576e-02,3.101829e-02,4.668398e-02,7.263167e-02,5.123202e-03,1.182306e-03,3.928315e-03,5.278273e-01,5.499322e-02,9.621359e-03,2.697011e-03,1.591365e-02,2.006244e-02,1.230329e-01
