1.000000e+00,0.000000e+00,0.000000e+00,0.000000e+00,0.000000e+00,0.000000e+00,0.000000e+00,0.000000e+00,0.000000e+00,0.000000e+00,0.000000e+00,0.000000e+00,0.000000e+00,0.000000e+00,0.000000e+00
1.000000e+00,0.000000e+00,0.000000e+00,0.000000e+00,0.000000e+00,0.000000e+00,0.000000e+00,0.000000e+00,0.000000e+00,0.000000e+00,0.000000e+00,0.000000e+00,0.000000e+00,0.000000e+00,0.000000e+00
1.000000e+00,0.000000e+00,0.000000e+00,0.000000e+00,0.000000e+00,0.000000e+00,0.000000e+00,0.000000e+00,0.000000e+00,0.000000e+00,0.000000e+00,0.000000e+00,0.000000e+00,0.000000e+00,0.000000e+00
1.000000e+00,0.000000e+00,0.000000e+00,0.000000e+00,0.000000e+00,0.000000e+00,0.000000e+00,0.000000e+00,0.000000e+00,0.000000e+00,0.000000e+00,0.000000e+00,0.000000e+00,0.000000e+00,0.000000e+00
1.000000e+00,0.000000e+00,0.000000e+00,0.000000e+00,0.000000e+00,0.000000e+00,0.000000e+00,0.000000e+00,0.000000e+00,0.000000e+00,0.000000e+00,0.000000e+00,0.000000e+00,0.000000e+00,0.000000e+00
1.000000e+00,0.000000e+00,0.000000e+00,0.000000e+00,0.000000e+00,0.000000e+00,0.000000e+00,0.000000e+00,0.000000e+00,0.000000e+00,0.000000e+00,0.000000e+00,0.000000e+00,0.000000e+00,0.000000e+00
1.000000e+00,0.000000e+00,0.000000e+00,0.000000e+00,0.000000e+00,0.000000e+00,0.000000e+00,0.000000e+00,0.000000e+00,0.000000e+00,0.000000e+00,0.000000e+00,0.000000e+00,0.000000e+00,0.000000e+00
1.000000e+00,0.000000e+00,0.000000e+00,0.000000e+00,0.000000e+00,0.000000e+00,0.000000e+00,0.000000e+00,0.000000e+00,0.000000e+00,0.000000e+00,0.000000e+00,0.000000e+00,0.000000e+00,0.000000e+00
1.000000e+00,0.000000e+00,0.000000e+00,0.000000e+00,0.000000e+00,0.000000e+00,0.000000e+00,0.000000e+00,0.000000e+00,0.000000e+00,0.000000e+00,0.000000e+00,0.000000e+00,0.000000e+00,0.000000e+00
1.000000e+00,0.000000e+00,0.000000e+00,0.000000e+00,0.000000e+00,0.000000e+00,0.000000e+00,0.000000e+00,0.000000e+00,0.000000e+00,0.000000e+00,0.000000e+00,0.000000e+00,0.000000e+00,0.000000e+00
1.000000e+00,0.000000e+00,0.000000e+00,0.000000e+00,0.000000e+00,0.000000e+00,0.000000e+00,0.000000e+00,0.000000e+00,0.000000e+00,0.000000e+00,0.000000e+00,0.000000e+00,0.000000e+00,0.000000e+00
1.000000e+00,0.000000e+00,0.000000e+00,0.000000e+00,0.000000e+00,0.000000e+00,0.000000e+00,0.000000e+00,0.000000e+00,0.000000e+00,0.000000e+00,0.000000e+00,0.000000e+00,0.000000e+00,0.000000e+00
1.000000e+00,0.000000e+00,0.000000e+00,0.000000e+00,0.000000e+00,0.000000e+00,0.000000e+00,0.000000e+00,0.000000e+00,0.000000e+00,0.000000e+00,0.000000e+00,0.000000e+00,0.000000e+00,0.000000e+00
1.000000e+00,0.000000e+00,0.000000e+00,0.000000e+00,0.000000e+00,0.000000e+00,0.000000e+00,0.000000e+00,0.000000e+00,0.000000e+00,0.000000e+00,0.000000e+00,0.000000e+00,0.000000e+00,0.000000e+00
1.000000e+00,0.000000e+00,0.000000e+00,0.000000e+00,0.000000e+00,0.000000e+00,0.000000e+00,0.000000e+00,0.000000e+00,0.000000e+00,0.000000e+00,0.000000e+00,0.000000e+00,0.000000e+00,0.000000e+00
1.000000e+00,0.000000e+00,0.000000e+00,0.000000e+00,0.000000e+00,0.000000e+00,0.000000e+00,0.000000e+00,0.000000e+00,0.000000e+00,0.000000e+00,0.000000e+00,0.000000e+00,0.000000e+00,0.000000e+00
1.000000e+00,0.000000e+00,0.000000e+00,0.000000e+00,0.000000e+00,0.000000e+00,0.000000e+00,0.000000e+00,0.000000e+00,0.000000e+00,0.000000e+00,0.000000e+00,0.000000e+00,0.000000e+00,0.000000e+00
1.000000e+00,0.000000e+00,0.000000e+00,0.000000e+00,0.000000e+00,0.000000e+00,0.000000e+00,0.000000e+00,0.000000e+00,0.000000e+00,0.000000e+00,0.000000e+00,0.000000e+00,0.000000e+00,0.000000e+00
1.000000e+00,0.000000e+00,0.000000e+00,0.000000e+00,0.000000e+00,0.000000e+00,0.000000e+00,0.000000e+00,0.000000e+00,0.000000e+00,0.000000e+00,0.000000e+00,0.000000e+00,0.000000e+00,0.000000e+00
1.000000e+00,0.000000e+00,0.000000e+00,0.000000e+00,0.000000e+00,0.000000e+00,0.000000e+00,0.000000e+00,0.000000e+00,0.000000e+00,0.000000e+00,0.000000e+00,0.000000e+00,0.000000e+00,0.000000e+00
1.000000e+00,0.000000e+00,0.000000e+00,0.000000e+00,0.000000e+00,0.000000e+00,0.000000e+00,0.000000e+00,0.000000e+00,0.000000e+00,0.000000e+00,0.000000e+00,0.000000e+00,0.000000e+00,0.000000e+00
1.000000e+00,0.000000e+00,0.000000e+00,0.000000e+00,0.000000e+00,0.000000e+00,0.000000e+00,0.000000e+00,0.000000e+00,0.000000e+00,0.000000e+00,0.000000e+00,0.000000e+00,0.000000e+00,0.000000e+00
1.000000e+00,0.000000e+00,0.000000e+00,0.000000e+00,0.000000e+00,0.000000e+00,0.000000e+00,0.000000e+00,0.000000e+00,0.000000e+00,0.000000e+00,0.000000e+00,0.000000e+00,0.000000e+00,0.000000e+00
1.000000e+00,0.000000e+00,0.000000e+00,0.000000e+00,0.000000e+00,0.000000e+00,0.000000e+00,0.000000e+00,0.000000e+00,0.000000e+00,0.000000e+00,0.000000e+00,0.000000e+00,0.000000e+00,0.000000e+00
1.000000e+00,0.000000e+00,0.000000e+00,0.000000e+00,0.000000e+00,0.000000e+00,0.000000e+00,0.000000e+00,0.000000e+00,0.000000e+00,0.000000e+00,0.000000e+00,0.000000e+00,0.000000e+00,0.000000e+00
1.000000e+00,0.000000e+00,0.000000e+00,0.000000e+00,0.000000e+00,0.000000e+00,0.000000e+00,0.000000e+00,0.000000e+00,0.000000e+00,0.000000e+00,0.000000e+00,0.000000e+00,0.000000e+00,0.000000e+00
1.000000e+00,0.000000e+00,0.000000e+00,0.000000e+00,0.000000e+00,0.000000e+00,0.000000e+00,0.000000e+00,0.000000e+00,0.000000e+00,0.000000e+00,0.000000e+00,0.000000e+00,0.000000e+00,0.000000e+00
1.000000e+00,0.000000e+00,0.000000e+00,0.000000e+00,0.000000e+00,0.000000e+00,0.000000e+00,0.000000e+00,0.000000e+00,0.000000e+00,0.000000e+00,0.000000e+00,0.000000e+00,0.000000e+00,0.000000e+00
1.000000e+00,0.000000e+00,0.000000e+00,0.000000e+00,0.000000e+00,0.000000e+00,0.000000e+00,0.000000e+00,0.000000e+00,0.000000e+00,0.000000e+00,0.000000e+00,0.000000e+00,0.000000e+00,0.000000e+00
1.000000e+00,0.000000e+00,0.000000e+00,0.000000e+00,0.000000e+00,0.000000e+00,0.000000e+00,0.000000e+00,0.000000e+00,0.000000e+00,0.000000e+00,0.000000e+00,0.000000e+00,0.000000e+00,0.000000e+00
1.000000e+00,0.000000e+00,0.000000e+00,0.000000e+00,0.000000e+00,0.000000e+00,0.000000e+00,0.000000e+00,0.000000e+00,0.000000e+00,0.000000e+00,0.000000e+00,0.000000e+00,0.000000e+00,0.000000e+00
1.000000e+00,0.000000e+00,0.000000e+00,0.000000e+00,0.000000e+00,0.000000e+00,0.000000e+00,0.000000e+00,0.000000e+00,0.000000e+00,0.000000e+00,0.000000e+00,0.000000e+00,0.000000e+00,0.000000e+00
1.000000e+00,0.000000e+00,0.000000e+00,0.000000e+00,0.000000e+00,0.000000e+00,0.000000e+00,0.000000e+00,0.000000e+00,0.000000e+00,0.000000e+00,0.000000e+00,0.000000e+00,0.000000e+00,0.000000e+00
1.000000e+00,0.000000e+00,0.000000e+00,0.000000e+00,0.000000e+00,0.000000e+00,0.000000e+00,0.000000e+00,0.000000e+00,0.000000e+00,0.000000e+00,0.000000e+00,0.000000e+00,0.000000e+00,0.000000e+00
1.000000e+00,0.000000e+00,0.000000e+00,0.000000e+00,0.000000e+00,0.000000e+00,0.000000e+00,0.000000e+00,0.000000e+00,0.000000e+00,0.000000e+00,0.000000e+00,0.000000e+00,0.000000e+00,0.000000e+00
1.000000e+00,0.000000e+00,0.000000e+00,0.000000e+00,0.000000e+00,0.000000e+00,0.000000e+00,0.000000e+00,0.000000e+00,0.000000e+00,0.000000e+00,0.000000e+00,0.000000e+00,0.000000e+00,0.000000e+00
1.000000e+00,0.000000e+00,0.000000e+00,0.000000e+00,0.000000e+00,0.000000e+00,0.000000e+00,0.000000e+00,0.000000e+00,0.000000e+00,0.000000e+00,0.000000e+00,0.000000e+00,0.000000e+00,0.000000e+00
1.000000e+00,0.000000e+00,0.000000e+00,0.000000e+00,0.000000e+00,0.000000e+00,0.000000e+00,0.000000e+00,0.000000e+00,0.000000e+00,0.000000e+00,0.000000e+00,0.000000e+00,0.000000e+00,0.000000e+00
1.000000e+00,0.000000e+00,0.000000e+00,0.000000e+00,0.000000e+00,0.000000e+00,0.000000e+00,0.000000e+00,0.000000e+00,0.000000e+00,0.000000e+00,0.000000e+00,0.000000e+00,0.000000e+00,0.000000e+00
1.000000e+00,0.000000e+00,0.000000e+00,0.000000e+00,0.000000e+00,0.000000e+00,0.000000e+00,0.000000e+00,0.000000e+00,0.000000e+00,0.000000e+00,0.000000e+00,0.000000e+00,0.000000e+00,0.000000e+00
1.000000e+00,0.000000e+00,0.000000e+00,0.000000e+00,0.000000e+00,0.000000e+00,0.000000e+00,0.000000e+00,0.000000e+00,0.000000e+00,0.000000e+00,0.000000e+00,0.000000e+00,0.000000e+00,0.000000e+00
1.000000e+00,0.000000e+00,0.000000e+00,0.000000e+00,0.000000e+00,0.000000e+00,0.000000e+00,0.000000e+00,0.000000e+00,0.000000e+00,0.000000e+00,0.000000e+00,0.000000e+00,0.000000e+00,0.000000e+00
1.000000e+00,0.000000e+00,0.000000e+00,0.000000e+00,0.000000e+00,0.000000e+00,0.000000e+00,0.000000e+00,0.000000e+00,0.000000e+00,0.000000e+00,0.000000e+00,0.000000e+00,0.000000e+00,0.000000e+00
1.000000e+00,0.000000e+00,0.000000e+00,0.000000e+00,0.000000e+00,0.000000e+00,0.000000e+00,0.000000e+00,0.000000e+00,0.000000e+00,0.000000e+00,0.000000e+00,0.000000e+00,0.000000e+00,0.000000e+00
1.000000e+00,0.000000e+00,0.000000e+00,0.000000e+00,0.000000e+00,0.000000e+00,0.000000e+00,0.000000e+00,0.000000e+00,0.000000e+00,0.000000e+00,0.000000e+00,0.000000e+00,0.000000e+00,0.000000e+00
1.000000e+00,0.000000e+00,0.000000e+00,0.000000e+00,0.000000e+00,0.000000e+00,0.000000e+00,0.000000e+00,0.000000e+00,0.000000e+00,0.000000e+00,0.000000e+00,0.000000e+00,0.000000e+00,0.000000e+00
1.000000e+00,0.000000e+00,0.000000e+00,0.000000e+00,0.000000e+00,0.000000e+00,0.000000e+00,0.000000e+00,0.000000e+00,0.000000e+00,0.000000e+00,0.000000e+00,0.000000e+00,0.000000e+00,0.000000e+00
1.000000e+00,0.000000e+00,0.000000e+00,0.000000e+00,0.000000e+00,0.000000e+00,0.000000e+00,0.000000e+00,0.000000e+00,0.000000e+00,0.000000e+00,0.000000e+00,0.000000e+00,0.000000e+00,0.000000e+00
1.000000e+00,0.000000e+00,0.000000e+00,0.000000e+00,0.000000e+00,0.000000e+00,0.000000e+00,0.000000e+00,0.000000e+00,0.000000e+00,0.000000e+00,0.000000e+00,0.000000e+00,0.000000e+00,0.000000e+00
1.000000e+00,0.000000e+00,0.000000e+00,0.000000e+00,0.000000e+00,0.000000e+00,0.000000e+00,0.000000e+00,0.000000e+00,0.000000e+00,0.000000e+00,0.000000e+00,0.000000e+00,0.000000e+00,0.000000e+00
1.000000e+00,0.000000e+00,0.000000e+00,0.000000e+00,0.000000e+00,0.000000e+00,0.000000e+00,0.000000e+00,0.000000e+00,0.000000e+00,0.000000e+00,0.000000e+00,0.000000e+00,0.000000e+00,0.000000e+00
1.000000e+00,0.000000e+00,0.000000e+00,0.000000e+00,0.000000e+00,0.000000e+00,0.000000e+00,0.000000e+00,0.000000e+00,0.000000e+00,0.000000e+00,0.000000e+00,0.000000e+00,0.000000e+00,0.000000e+00
1.000000e+00,0.000000e+00,0.000000e+00,0.000000e+00,0.000000e+00,0.000000e+00,0.000000e+00,0.000000e+00,0.000000e+00,0.000000e+00,0.000000e+00,0.000000e+00,0.000000e+00,0.000000e+00,0.000000e+00
1.000000e+00,0.000000e+00,0.000000e+00,0.000000e+00,0.000000e+00,0.000000e+00,0.000000e+00,0.000000e+00,0.000000e+00,0.000000e+00,0.000000e+00,0.000000e+00,0.000000e+00,0.000000e+00,0.000000e+00
1.000000e+00,0.000000e+00,0.000000e+00,0.000000e+00,0.000000e+00,0.000000e+00,0.000000e+00,0.000000e+00,0.000000e+00,0.000000e+00,0.000000e+00,0.000000e+00,0.000000e+00,0.000000e+00,0.000000e+00
4.843422e-01,1.946331e-02,8.311215e-02,5.499811e-02,5.800378e-03,1.074460e-02,4.805870e-03,2.865862e-01,3.698851e-03,1.565302e-03,7.539550e-03,1.160791e-02,1.031898e-02,2.335005e-03,1.308154e-02
4.695009e-01,1.484256e-02,7.676484e-02,4.229955e-02,5.197723e-03,1.422686e-02,1.144624e-02,3.241420e-01,2.836315e-03,1.387599e-03,5.874231e-03,9.522532e-03,9.417001e-03,2.008724e-03,1.053298e-02
3.783649e-01,1.115078e-02,1.063269e-01,3.402243e-02,4.866367e-03,1.684139e-02,4.968450e-02,3.639461e-01,2.197234e-03,1.147960e-03,4.456397e-03,7.600178e-03,9.048020e-03,1.654909e-03,8.691945e-03
2.956152e-01,8.090737e-03,9.784615e-02,2.639190e-02,4.228145e-03,1.955162e-02,6.649276e-02,4.541998e-01,1.616626e-03,8.768784e-04,3.288914e-03,5.662827e-03,8.231930e-03,1.251766e-03,6.654841e-03
2.160014e-01,5.803983e-03,7.294634e-02,1.888478e-02,3.531167e-03,1.877136e-02,1.923316e-01,4.489506e-01,1.170873e-03,6.753214e-04,2.353137e-03,4.094456e-03,8.595018e-03,9.208480e-04,4.968984e-03
1.591578e-01,4.187837e-03,5.678712e-02,1.360376e-02,3.398196e-03,1.532543e-02,2.080882e-01,5.216635e-01,8.537863e-04,5.411038e-04,1.703682e-03,2.967221e-03,7.333017e-03,6.863584e-04,3.702941e-03
1.179556e-01,3.159182e-03,5.340137e-02,1.040676e-02,4.023222e-03,1.279750e-02,2.214992e-01,5.613214e-01,6.636356e-04,4.942185e-04,1.292302e-03,2.309420e-03,7.209224e-03,5.837746e-04,2.883146e-03
1.040822e-01,2.497075e-03,4.319831e-02,8.307555e-03,8.767290e-03,1.471713e-02,2.400233e-01,5.621434e-01,6.792652e-04,8.638584e-04,1.269710e-03,2.303520e-03,7.869719e-03,5.195163e-04,2.758006e-03
9.241837e-02,2.035754e-03,3.287670e-02,6.406404e-03,1.022026e-02,1.947908e-02,2.993217e-01,5.137085e-01,6.139866e-04,1.440623e-03,1.134731e-03,2.464874e-03,1.404460e-02,4.405783e-04,3.393844e-03
1.166080e-01,1.873453e-03,2.481567e-02,4.952631e-03,9.560605e-03,3.442607e-02,3.400869e-01,4.369856e-01,6.216043e-04,1.371372e-03,1.028279e-03,3.268091e-03,1.942368e-02,3.999905e-04,4.578009e-03
1.127912e-01,1.571818e-03,1.816765e-02,3.801361e-03,8.333000e-03,3.470059e-02,4.449650e-01,3.484976e-01,5.315501e-04,1.097969e-03,9.080613e-04,3.189112e-03,1.670750e-02,3.543658e-04,4.383289e-03
8.732732e-02,1.332070e-03,1.346411e-02,3.121098e-03,7.320917e-03,3.622451e-02,5.322828e-01,2.902803e-01,4.968899e-04,1.140458e-03,1.034624e-03,2.645451e-03,1.854663e-02,3.014191e-04,4.481405e-03
6.943371e-02,1.095774e-03,9.650607e-03,2.346418e-03,6.952295e-03,3.340318e-02,6.117753e-01,2.354408e-01,4.039294e-04,9.330957e-04,1.136876e-03,1.951452e-03,2.107529e-02,2.464406e-04,4.154829e-03
5.182204e-02,1.048781e-03,6.862585e-03,1.939556e-03,5.985959e-03,5.940466e-02,5.170648e-01,1.870025e-01,5.716634e-04,8.502522e-04,4.822487e-03,1.901308e-03,1.509282e-01,3.916902e-04,9.403567e-03
3.715410e-02,1.259069e-03,4.825459e-03,1.556429e-03,4.528068e-03,5.684448e-02,3.701071e-01,1.334431e-01,1.958800e-03,6.766496e-04,5.878835e-03,1.775384e-03,3.631527e-01,3.116315e-04,1.652824e-02
2.669584e-02,2.857094e-03,3.428685e-03,1.470744e-03,3.375334e-03,5.290487e-02,2.607088e-01,9.441084e-02,1.271107e-02,7.532404e-04,5.876539e-03,2.874499e-03,4.950579e-01,3.061115e-04,3.656847e-02
1.939469e-02,2.483606e-03,2.531742e-03,1.808467e-03,2.890280e-03,4.346072e-02,1.866735e-01,7.085976e-02,1.966117e-02,7.684211e-04,9.504673e-03,3.002293e-03,5.374092e-01,3.387679e-04,9.921271e-02
1.585875e-02,6.719355e-03,2.255635e-03,2.376543e-03,2.562397e-03,3.297674e-02,1.317799e-01,5.102346e-02,4.397368e-02,1.567503e-03,9.996029e-03,4.266513e-03,4.757057e-01,3.645972e-04,2.185732e-01
1.480739e-02,7.986713e-03,2.915270e-03,2.585446e-03,2.940255e-03,2.907556e-02,9.516333e-02,4.658461e-02,4.552596e-02,2.879188e-03,1.034146e-02,5.829307e-03,4.117671e-01,5.827827e-04,3.210157e-01
1.316331e-02,3.112264e-02,4.108825e-03,2.007125e-03,2.514831e-03,2.437340e-02,6.750118e-02,4.236361e-02,9.402172e-02,4.833115e-03,1.028389e-02,1.054132e-02,3.004043e-01,1.039003e-03,3.917218e-01
1.215469e-02,5.035889e-02,6.965511e-03,1.722436e-03,4.337532e-03,1.948474e-02,4.766851e-02,4.638342e-02,1.899975e-01,7.821856e-03,7.735360e-03,7.823078e-03,2.124666e-01,1.100613e-03,3.839794e-01
1.249916e-02,4.979762e-02,1.640871e-02,2.183423e-03,5.062951e-03,2.108723e-02,3.477750e-02,1.389366e-01,2.450947e-01,9.185595e-03,6.174837e-03,5.940744e-03,1.525832e-01,1.153757e-03,2.991141e-01
1.414369e-02,6.274334e-02,1.969952e-02,2.074334e-03,1.075852e-02,1.856347e-02,2.511793e-02,1.295916e-01,2.762952e-01,1.152089e-02,4.973997e-03,4.620366e-03,1.082063e-01,1.881546e-03,3.098094e-01
1.530257e-02,6.577231e-02,2.107476e-02,2.087573e-03,1.336927e-02,1.466644e-02,2.198967e-02,1.393150e-01,2.731177e-01,1.697950e-02,4.272486e-03,4.030307e-03,7.753720e-02,2.758982e-03,3.277262e-01
2.058750e-02,7.422266e-02,1.921926e-02,2.598187e-03,1.224642e-02,1.676680e-02,1.600402e-02,1.113422e-01,2.893099e-01,2.742150e-02,6.777370e-03,4.853059e-03,5.670310e-02,4.402129e-03,3.375460e-01
2.500661e-02,8.550270e-02,2.120941e-02,2.501252e-03,1.070643e-02,2.700732e-02,1.156693e-02,9.021695e-02,3.037016e-01,2.271200e-02,7.138077e-03,4.139149e-03,4.131000e-02,5.169645e-03,3.421119e-01
3.571754e-02,1.040257e-01,3.439250e-02,3.285219e-03,1.062510e-02,3.973453e-02,9.158533e-03,7.887315e-02,3.087252e-01,2.078562e-02,7.695050e-03,4.513731e-03,3.531563e-02,6.252985e-03,3.008996e-01
4.590944e-02,9.842867e-02,5.368673e-02,3.103661e-02,2.717853e-02,4.188603e-02,9.238943e-03,6.774326e-02,3.005885e-01,2.144952e-02,1.300308e-02,5.840291e-03,2.988879e-02,5.638890e-03,2.484827e-01
6.612365e-02,8.686551e-02,6.130058e-02,6.492110e-02,2.919482e-02,4.614138e-02,7.942783e-03,5.399323e-02,2.531536e-01,2.695772e-02,3.046462e-02,9.119113e-03,2.958196e-02,8.308792e-03,2.259311e-01
5.675232e-02,7.359950e-02,7.159080e-02,1.046273e-01,2.367870e-02,4.545677e-02,6.345905e-03,4.242167e-02,1.925574e-01,3.534206e-02,7.908769e-02,2.433267e-02,4.159505e-02,1.590022e-02,1.867118e-01
5.489645e-02,1.035089e-01,7.155253e-02,1.285308e-01,1.885468e-02,4.780962e-02,5.550597e-03,3.432754e-02,1.596095e-01,3.388695e-02,7.750916e-02,3.099250e-02,5.881017e-02,2.116312e-02,1.529975e-01
6.743388e-02,1.211780e-01,6.488869e-02,1.245366e-01,1.801434e-02,5.630285e-02,5.278171e-03,2.675159e-02,1.554419e-01,2.967680e-02,6.657863e-02,3.644556e-02,7.310061e-02,2.208296e-02,1.322894e-01
7.571715e-02,1.298612e-01,5.476356e-02,1.114418e-01,1.873451e-02,5.515827e-02,6.864917e-03,2.195096e-02,1.905916e-01,2.443932e-02,4.968386e-02,2.882474e-02,1.048232e-01,1.799076e-02,1.091542e-01
1.095010e-01,1.368775e-01,4.123428e-02,8.897354e-02,1.772204e-02,4.919584e-02,6.759743e-03,1.660899e-02,2.470318e-01,1.916113e-02,3.825236e-02,2.462881e-02,9.399882e-02,1.979299e-02,9.026106e-02
1.337917e-01,1.125482e-01,3.393105e-02,1.147370e-01,2.275112e-02,4.398214e-02,6.948206e-03,2.113967e-02,2.755618e-01,1.514749e-02,3.562480e-02,2.086302e-02,7.515842e-02,1.809495e-02,6.972048e-02
1.633079e-01,9.394445e-02,2.590101e-02,1.558149e-01,1.957971e-02,3.887745e-02,5.517602e-03,1.770543e-02,2.792873e-01,1.254813e-02,3.925813e-02,1.780794e-02,5.906434e-02,1.600216e-02,5.538346e-02
1.908553e-01,8.299071e-02,2.093924e-02,1.502087e-01,1.916515e-02,4.171190e-02,4.636483e-03,1.467662e-02,2.841018e-01,1.210234e-02,4.863304e-02,1.644299e-02,4.560130e-02,1.710229e-02,5.083217e-02
1.428962e-01,8.940622e-02,1.911533e-02,1.420701e-01,1.965828e-02,3.568613e-02,3.449952e-03,1.222385e-02,2.953743e-01,2.652300e-02,4.148386e-02,1.334584e-02,3.365359e-02,2.534423e-02,9.976906e-02
1.057984e-01,7.522814e-02,2.111955e-02,1.301242e-01,2.170268e-02,2.897241e-02,2.656840e-03,1.511962e-02,3.653363e-01,3.262763e-02,3.971266e-02,1.024865e-02,2.535063e-02,2.953322e-02,9.646916e-02
9.645051e-02,7.118470e-02,2.180423e-02,1.089712e-01,3.162923e-02,2.670316e-02,2.095028e-03,2.629889e-02,3.572495e-01,3.833210e-02,4.500129e-02,1.034677e-02,2.085124e-02,2.970627e-02,1.133759e-01
1.026217e-01,8.852412e-02,2.863678e-02,1.302149e-01,3.699573e-02,2.067534e-02,1.961070e-03,4.298169e-02,3.123954e-01,3.166561e-02,4.117102e-02,8.773323e-03,1.639653e-02,2.759830e-02,1.093884e-01
1.232388e-01,1.040558e-01,2.506894e-02,1.147735e-01,4.358778e-02,1.995290e-02,2.303649e-03,4.035653e-02,2.770596e-01,2.521736e-02,4.055470e-02,1.115238e-02,1.669002e-02,2.956640e-02,1.264216e-01
1.102459e-01,1.662579e-01,2.026043e-02,1.021346e-01,3.795824e-02,2.372167e-02,1.868545e-03,3.657150e-02,2.652245e-01,1.899341e-02,3.388506e-02,9.272004e-03,1.588865e-02,2.520269e-02,1.325150e-01
1.082159e-01,1.998783e-01,1.709838e-02,9.258258e-02,3.539285e-02,2.504301e-02,1.742389e-03,3.474109e-02,2.505422e-01,1.523167e-02,3.040802e-02,8.855143e-03,1.383820e-02,2.259859e-02,1.438317e-01
1.289771e-01,1.732685e-01,1.362109e-02,8.111924e-02,3.694676e-02,5.088780e-02,1.839406e-03,3.553370e-02,2.480599e-01,1.406029e-02,2.682136e-02,8.774837e-03,1.273998e-02,2.297176e-02,1.443783e-01
1.669212e-01,1.529272e-01,1.398999e-02,6.591240e-02,3.599675e-02,1.001304e-01,2.367718e-03,6.186297e-02,2.088632e-01,1.063445e-02,2.127135e-02,8.189045e-03,1.284164e-02,1.935320e-02,1.187386e-01
1.861217e-01,1.548230e-01,1.386312e-02,4.899973e-02,3.228164e-02,1.417044e-01,2.461184e-03,6.781364e-02,1.925436e-01,7.940048e-03,1.707569e-02,7.402690e-03,1.667024e-02,1.798167e-02,9.231777e-02
1.927146e-01,1.329608e-01,1.604743e-02,3.893618e-02,3.033785e-02,2.000061e-01,3.764736e-03,8.180629e-02,1.768536e-01,6.119879e-03,1.390959e-02,6.836266e-03,1.698104e-02,1.466529e-02,6.806044e-02
2.026518e-01,1.337760e-01,1.299668e-02,3.152745e-02,2.880949e-02,2.411311e-01,3.629242e-03,6.626693e-02,1.750477e-01,4.888603e-03,1.196344e-02,6.068635e-03,1.833490e-02,1.200468e-02,5.090333e-02
2.474878e-01,1.443045e-01,9.791742e-03,2.849611e-02,2.635000e-02,2.245864e-01,3.094200e-03,4.990056e-02,1.600434e-01,4.071915e-03,1.065295e-02,7.100553e-03,2.770186e-02,1.033028e-02,4.608772e-02
2.885232e-01,1.269984e-01,9.150884e-03,5.252704e-02,2.255134e-02,1.707496e-01,2.587694e-03,3.753470e-02,1.259765e-01,4.331591e-03,3.025473e-02,4.785734e-02,2.794346e-02,8.010470e-03,4.500297e-02
2.054295e-01,2.203215e-01,8.361042e-03,5.926783e-02,1.928782e-02,1.205831e-01,1.859862e-03,2.639947e-02,9.195112e-02,4.218582e-03,1.376002e-01,4.184890e-02,2.334815e-02,6.266789e-03,3.325606e-02
1.456497e-01,2.317829e-01,7.958492e-03,5.289168e-02,1.422345e-02,8.474668e-02,1.336269e-03,1.857594e-02,6.594254e-02,3.899783e-03,2.409547e-01,7.355037e-02,2.185287e-02,1.297325e-02,2.366135e-02
1.037781e-01,2.280156e-01,1.095559e-02,5.497024e-02,1.092028e-02,6.027208e-02,1.012046e-03,1.333434e-02,4.741800e-02,4.293665e-03,2.569894e-01,1.513785e-01,2.090808e-02,1.877910e-02,1.697508e-02
7.346100e-02,1.624851e-01,9.236870e-03,4.500326e-02,2.397865e-02,4.317079e-02,7.487038e-04,9.618569e-03,3.431527e-02,6.809838e-03,2.896425e-01,2.004528e-01,1.907767e-02,6.978574e-02,1.221321e-02
5.167665e-02,1.141893e-01,9.582396e-03,3.856123e-02,1.003152e-01,3.042187e-02,5.998970e-04,7.189393e-03,2.650321e-02,2.410123e-02,3.225755e-01,1.687562e-01,1.422081e-02,8.203035e-02,9.276776e-03
3.696764e-02,8.041319e-02,1.315072e-02,3.365211e-02,2.157010e-01,2.383183e-02,8.885353e-04,7.148577e-03,1.993765e-02,2.798456e-02,2.975069e-01,1.485232e-01,1.120383e-02,7.614291e-02,6.947421e-03
2.611915e-02,5.719147e-02,1.099705e-02,2.539514e-02,2.727813e-01,1.858188e-02,7.659266e-04,6.473605e-03,1.673077e-02,4.113554e-02,2.766457e-01,1.559629e-01,9.815759e-03,7.575460e-02,5.649228e-03
1.899017e-02,4.494816e-02,1.290896e-02,2.323442e-02,2.740605e-01,1.637247e-02,8.079238e-04,1.253774e-02,1.863219e-02,4.625507e-02,2.568840e-01,1.565399e-01,8.596569e-03,1.043121e-01,4.919856e-03
1.425699e-02,3.308572e-02,1.384990e-02,2.185157e-02,2.079526e-01,1.285478e-02,7.628025e-04,1.428830e-02,2.282599e-02,5.810169e-02,2.486103e-01,2.426538e-01,7.896210e-03,9.602642e-02,4.982892e-03
1.226865e-02,2.372495e-02,1.152193e-02,1.702200e-02,1.635099e-01,1.386033e-02,9.416752e-04,1.370006e-02,2.155858e-02,4.986044e-02,2.548783e-01,3.268722e-01,9.215245e-03,7.662310e-02,4.442607e-03
1.232946e-02,1.732358e-02,9.553729e-03,1.327052e-02,1.381944e-01,1.294403e-02,1.132501e-03,1.324709e-02,2.412986e-02,4.073285e-02,2.960836e-01,3.433901e-01,1.263381e-02,6.149326e-02,3.541247e-03
1.456521e-02,4.904091e-02,1.332095e-02,1.227706e-02,1.210003e-01,1.893448e-02,1.704644e-03,2.349053e-02,8.865063e-02,4.095514e-02,2.442320e-01,3.024952e-01,1.389843e-02,5.240791e-02,3.026726e-03
1.563069e-02,5.213840e-02,1.564140e-02,1.426249e-02,9.753565e-02,1.879220e-02,2.550781e-03,7.626532e-02,1.021044e-01,4.002002e-02,2.180437e-01,2.846106e-01,1.401055e-02,4.588119e-02,2.512651e-03
2.376578e-02,6.709860e-02,1.941075e-02,1.278867e-02,7.859713e-02,2.476205e-02,4.046945e-03,8.616903e-02,1.006993e-01,3.675854e-02,1.941711e-01,2.993796e-01,1.148702e-02,3.817719e-02,2.688287e-03
3.827698e-02,6.765187e-02,1.951818e-02,1.162844e-02,8.480103e-02,2.316759e-02,4.639701e-03,1.037485e-01,1.143948e-01,3.756123e-02,1.583675e-01,2.921530e-01,9.150282e-03,3.208750e-02,2.853265e-03
3.567988e-02,6.000505e-02,1.834915e-02,9.595742e-03,7.871562e-02,1.943124e-02,5.925262e-03,1.014060e-01,1.179765e-01,3.167311e-02,1.345610e-01,3.515661e-01,7.146497e-03,2.557439e-02,2.394379e-03
3.200719e-02,6.804254e-02,1.999382e-02,7.511667e-03,1.492100e-01,3.057699e-02,7.138868e-03,8.481003e-02,1.531984e-01,3.187072e-02,1.106454e-01,2.768622e-01,5.928148e-03,2.030236e-02,1.901649e-03
3.417717e-02,9.316984e-02,2.183188e-02,6.531314e-03,1.641271e-01,3.181157e-02,6.511600e-03,8.074269e-02,1.854544e-01,3.597852e-02,1.000732e-01,2.144099e-01,5.227932e-03,1.823520e-02,1.717727e-03
3.927578e-02,7.772696e-02,3.866656e-02,7.652179e-03,2.022650e-01,3.731146e-02,1.024598e-02,1.097962e-01,1.569739e-01,4.369265e-02,8.021625e-02,1.750715e-01,4.714096e-03,1.494348e-02,1.448106e-03
4.720240e-02,6.308390e-02,5.172344e-02,7.041544e-03,2.626416e-01,3.528238e-02,8.792521e-03,1.080995e-01,1.371063e-01,4.756453e-02,7.505872e-02,1.373591e-01,4.398552e-03,1.317574e-02,1.469902e-03
6.498558e-02,5.086060e-02,6.741260e-02,6.856573e-03,2.691619e-01,3.749883e-02,7.081497e-03,9.593654e-02,1.132644e-01,5.175443e-02,8.556367e-02,1.310461e-01,5.220569e-03,1.152818e-02,1.828504e-03
7.745023e-02,4.010035e-02,6.901113e-02,6.667337e-03,2.465858e-01,3.047223e-02,6.426871e-03,8.750513e-02,1.005612e-01,4.613259e-02,1.559557e-01,1.138777e-01,6.838824e-03,9.850100e-03,2.564822e-03
1.123368e-01,3.212682e-02,5.282574e-02,7.831370e-03,2.579313e-01,2.441219e-02,5.167530e-03,7.855112e-02,1.089351e-01,4.236135e-02,1.235771e-01,1.311333e-01,8.449683e-03,9.224696e-03,5.135963e-03
1.476531e-01,2.764228e-02,4.353729e-02,9.811659e-03,3.037177e-01,2.230406e-02,4.610448e-03,6.878768e-02,1.079892e-01,3.317054e-02,9.284985e-02,1.102053e-01,7.774894e-03,9.100473e-03,1.084544e-02
1.231264e-01,2.660461e-02,9.802991e-02,7.386395e-02,2.763643e-01,1.797404e-02,3.943135e-03,7.165901e-02,8.481514e-02,2.665119e-02,6.913433e-02,9.272164e-02,7.905364e-03,6.835164e-03,2.037181e-02
8.745097e-02,2.233480e-02,2.045157e-01,1.559251e-01,1.965581e-01,1.516711e-02,2.814411e-03,5.095216e-02,6.079278e-02,2.031852e-02,5.672467e-02,9.355735e-02,1.156713e-02,4.828737e-03,1.649244e-02
6.582098e-02,1.851748e-02,2.449103e-01,1.560008e-01,1.413228e-01,1.472060e-02,2.146543e-03,3.767997e-02,4.476239e-02,2.674476e-02,7.806517e-02,1.071970e-01,4.104213e-02,4.690903e-03,1.637834e-02
5.096106e-02,1.487613e-02,2.177875e-01,1.417423e-01,1.009246e-01,1.321889e-02,1.631203e-03,2.689955e-02,3.262750e-02,4.951265e-02,1.278804e-01,1.194122e-01,7.583006e-02,7.054835e-03,1.964110e-02
3.806674e-02,1.364591e-02,1.847841e-01,1.307447e-01,7.190895e-02,1.354073e-02,1.355076e-03,1.994841e-02,2.793835e-02,6.347903e-02,1.684707e-01,1.226939e-01,1.140333e-01,7.057964e-03,2.233212e-02
2.827452e-02,1.183121e-02,1.490795e-01,9.549968e-02,5.228357e-02,1.155439e-02,1.863368e-03,1.441507e-02,2.582118e-02,1.525983e-01,1.493854e-01,1.259474e-01,1.180403e-01,1.213831e-02,5.126780e-02
2.022396e-02,9.693945e-03,1.084726e-01,6.780883e-02,3.999428e-02,8.726251e-03,1.316857e-02,1.094364e-02,4.024487e-02,2.865660e-01,1.142703e-01,9.951134e-02,9.715346e-02,1.622048e-02,6.700139e-02
1.447644e-02,1.500201e-02,8.322003e-02,4.821124e-02,3.282000e-02,9.050308e-03,2.845574e-02,1.108826e-02,8.533567e-02,3.642698e-01,8.109801e-02,7.308060e-02,7.041650e-02,1.438015e-02,6.909524e-02
1.044658e-02,1.832410e-02,5.883793e-02,3.383511e-02,2.568802e-02,1.979840e-02,2.050148e-02,8.028626e-03,3.098839e-01,2.721755e-01,5.732075e-02,5.144684e-02,4.996991e-02,1.047958e-02,5.326332e-02
7.894725e-03,2.188388e-02,4.135789e-02,2.376326e-02,2.164127e-02,2.918554e-02,1.472843e-02,5.790105e-03,4.848754e-01,1.919168e-01,4.023864e-02,3.603521e-02,3.519469e-02,7.373607e-03,3.812058e-02
8.576966e-03,2.299470e-02,2.919268e-02,1.687165e-02,3.395448e-02,3.261630e-02,1.277695e-02,4.598217e-03,5.884794e-01,1.371520e-01,2.847546e-02,2.528895e-02,2.674011e-02,5.210261e-03,2.707188e-02
1.373935e-02,2.533960e-02,2.091738e-02,1.238075e-02,5.532335e-02,4.215552e-02,1.157130e-02,4.491526e-03,6.226048e-01,1.040973e-01,2.054441e-02,1.783709e-02,2.255134e-02,3.691901e-03,2.275429e-02
3.469554e-02,3.455556e-02,1.562349e-02,9.849206e-03,1.143122e-01,5.064082e-02,1.361840e-02,3.751707e-03,5.264837e-01,8.376218e-02,1.499405e-02,1.274976e-02,2.329124e-02,2.723102e-03,5.894906e-02
4.399139e-02,3.552616e-02,1.262732e-02,9.009995e-03,1.431172e-01,5.975747e-02,2.370823e-02,4.650504e-03,4.374855e-01,6.862532e-02,1.110289e-02,9.211580e-03,2.950226e-02,2.043374e-03,1.096408e-01
7.337613e-02,3.489676e-02,1.138584e-02,1.181136e-02,1.542113e-01,5.282295e-02,2.981930e-02,6.155246e-03,3.447321e-01,5.348713e-02,8.454336e-03,7.031824e-03,2.574414e-02,1.684225e-03,1.843874e-01
8.817385e-02,3.451479e-02,5.913130e-02,4.438035e-02,1.693846e-01,5.420185e-02,3.017930e-02,6.910433e-03,2.588990e-01,4.860017e-02,6.998568e-03,5.987392e-03,2.340687e-02,1.928441e-03,1.673031e-01
1.248767e-01,2.995856e-02,7.817896e-02,4.824086e-02,1.849110e-01,6.156790e-02,3.505461e-02,1.262547e-02,2.083661e-01,4.692614e-02,7.390380e-03,5.638436e-03,2.306580e-02,3.408447e-03,1.297907e-01
1.594462e-01,3.581206e-02,1.246401e-01,4.594268e-02,1.473266e-01,4.753976e-02,3.866607e-02,1.742154e-02,1.735172e-01,4.826182e-02,6.888704e-03,6.483094e-03,4.079517e-02,3.471472e-03,1.037875e-01
1.309204e-01,3.229856e-02,2.846385e-01,4.206602e-02,1.087128e-01,3.738772e-02,3.408373e-02,1.457131e-02,1.283874e-01,5.198062e-02,5.496784e-03,5.270765e-03,4.283394e-02,2.776457e-03,7.857497e-02
2.044490e-01,4.565245e-02,2.808703e-01,3.507952e-02,8.364196e-02,3.087587e-02,2.629533e-02,1.211414e-02,1.179075e-01,4.661706e-02,5.521917e-03,5.433998e-03,3.999604e-02,2.448773e-03,6.309614e-02
2.664066e-01,7.271579e-02,2.349520e-01,2.914075e-02,6.972532e-02,2.529016e-02,2.137049e-02,1.279738e-02,1.299074e-01,3.617395e-02,5.531901e-03,5.003868e-03,3.577536e-02,2.384502e-03,5.282447e-02
2.541916e-01,9.172474e-02,2.268702e-01,2.428092e-02,5.377211e-02,2.204146e-02,1.715283e-02,1.042872e-02,1.305929e-01,4.375653e-02,5.889243e-03,4.850196e-03,4.631650e-02,3.440989e-03,6.469107e-02
2.256705e-01,1.039928e-01,1.649942e-01,1.866541e-02,4.796574e-02,1.785790e-02,1.505365e-02,7.884876e-03,1.602077e-01,4.061019e-02,7.046336e-03,4.413809e-03,7.127707e-02,3.911598e-03,1.104483e-01
1.974534e-01,1.262464e-01,1.221039e-01,1.525263e-02,4.433042e-02,1.666290e-02,1.434346e-02,6.145750e-03,1.727109e-01,4.544695e-02,7.974696e-03,4.334989e-03,8.921175e-02,4.661963e-03,1.331200e-01
1.637471e-01,1.378337e-01,9.047693e-02,1.309246e-02,3.709760e-02,1.522977e-02,1.294907e-02,5.521161e-03,2.018777e-01,5.186650e-02,8.566667e-03,4.240212e-03,8.239701e-02,5.565858e-03,1.695383e-01
1.458222e-01,1.204100e-01,6.897118e-02,1.460040e-02,2.995898e-02,1.459877e-02,1.064542e-02,5.809987e-03,2.070679e-01,7.048759e-02,9.450436e-03,4.906565e-03,7.054240e-02,6.994701e-03,2.197334e-01
1.593138e-01,1.007085e-01,5.038801e-02,1.379360e-02,2.414021e-02,1.301680e-02,8.707213e-03,4.985567e-03,2.043831e-01,8.939104e-02,1.004794e-02,5.398813e-03,5.668075e-02,7.887186e-03,2.511574e-01
1.311480e-01,9.678190e-02,4.218099e-02,3.696843e-02,1.991022e-02,1.230264e-02,7.078068e-03,7.670484e-03,2.720452e-01,8.032338e-02,1.146069e-02,6.115688e-03,4.653711e-02,7.462765e-03,2.220145e-01
1.466042e-01,7.843257e-02,3.242278e-02,5.640567e-02,1.930856e-02,1.254692e-02,6.284771e-03,1.140678e-02,3.235040e-01,6.741915e-02,1.440408e-02,8.705541e-03,3.887118e-02,7.195656e-03,1.764882e-01
1.153594e-01,5.761796e-02,2.812316e-02,5.357175e-02,1.598521e-02,9.892509e-03,8.187150e-03,1.325905e-01,2.821105e-01,5.869284e-02,1.874320e-02,1.203575e-02,3.759413e-02,5.993661e-03,1.635023e-01
8.541560e-02,4.056863e-02,2.635743e-02,4.833866e-02,1.250325e-02,7.793886e-03,1.602065e-02,3.410055e-01,2.031823e-01,4.246838e-02,1.470514e-02,9.224280e-03,2.719233e-02,4.272941e-03,1.209511e-01
6.178562e-02,2.848937e-02,2.014083e-02,3.547230e-02,1.059000e-02,5.932119e-03,1.975757e-02,5.165958e-01,1.446893e-01,3.029222e-02,1.070380e-02,6.572167e-03,1.924122e-02,3.017535e-03,8.672018e-02
4.660342e-02,2.007085e-02,1.537519e-02,2.564224e-02,1.298508e-02,5.250582e-03,2.235755e-02,6.376134e-01,1.025813e-01,2.148234e-02,7.698459e-03,4.672853e-03,1.384439e-02,2.159270e-03,6.166312e-02
3.405865e-02,1.414079e-02,1.111662e-02,1.829074e-02,1.621637e-02,4.416543e-03,2.103623e-02,7.280120e-01,7.264489e-02,1.549664e-02,5.848770e-03,3.340282e-03,9.919118e-03,1.565624e-03,4.389678e-02
2.623944e-02,9.962912e-03,8.061927e-03,1.319928e-02,1.742826e-02,3.896575e-03,1.738283e-02,7.952151e-01,5.123914e-02,1.114790e-02,4.264935e-03,2.386497e-03,7.268487e-03,1.138095e-03,3.116865e-02
2.836035e-02,7.096703e-03,6.020945e-03,1.030599e-02,1.753391e-02,4.082805e-03,1.250959e-02,8.364620e-01,3.601376e-02,8.072310e-03,3.219022e-03,1.827158e-03,5.372328e-03,8.598318e-04,2.226334e-02
2.906543e-02,5.126390e-03,4.631817e-03,8.176907e-03,1.676983e-02,3.672861e-03,8.936552e-03,8.684033e-01,2.533792e-02,5.752184e-03,2.418015e-03,1.367205e-03,3.914916e-03,6.435196e-04,1.578321e-02
2.784379e-02,4.198555e-03,5.173762e-03,7.102294e-03,1.770835e-02,3.448800e-03,6.460759e-03,8.876756e-01,1.796436e-02,4.209722e-03,1.991049e-03,1.108036e-03,2.990741e-03,5.316215e-04,1.159265e-02
2.792509e-02,3.324545e-03,4.879775e-03,5.844840e-03,1.765393e-02,3.150806e-03,4.683861e-03,9.027297e-01,1.279080e-02,3.154424e-03,1.667385e-03,9.178249e-04,2.343946e-03,4.219089e-04,8.511246e-03
2.649074e-02,2.610244e-03,4.107505e-03,4.678088e-03,1.368885e-02,2.609942e-03,3.349281e-03,9.207898e-01,9.087451e-03,2.273374e-03,1.323141e-03,7.529511e-04,1.818103e-03,3.195041e-04,6.101147e-03
2.324810e-02,1.969934e-03,3.359585e-03,3.905282e-03,9.754960e-03,2.044523e-03,2.395369e-03,9.374304e-01,6.552581e-03,1.616865e-03,1.050287e-03,6.557811e-04,1.447034e-03,2.374762e-04,4.331916e-03
2.339244e-02,1.490783e-03,2.672721e-03,3.100142e-03,6.916147e-03,1.880369e-03,1.733457e-03,9.464974e-01,4.785392e-03,1.172432e-03,9.211364e-04,7.683377e-04,1.357717e-03,1.924147e-04,3.119185e-03
2.118418e-02,1.124035e-03,2.051824e-03,2.364338e-03,4.888929e-03,1.627305e-03,1.260958e-03,9.556565e-01,3.581064e-03,8.661592e-04,8.750801e-04,7.541773e-04,1.218898e-03,1.550386e-04,2.391625e-03
1.954166e-02,8.289447e-04,1.586718e-03,1.831278e-03,3.459814e-03,1.481165e-03,9.420440e-04,9.626239e-01,2.665764e-03,6.269194e-04,7.902895e-04,7.176355e-04,1.024683e-03,1.164872e-04,1.762725e-03
2.920927e-02,6.230226e-04,1.705324e-03,1.634844e-03,2.687290e-03,1.612952e-03,8.580077e-04,9.547359e-01,1.990702e-03,4.691848e-04,1.089629e-03,7.967574e-04,1.076721e-03,1.263953e-04,1.384019e-03
8.267453e-02,5.559190e-04,2.633695e-03,1.583432e-03,2.377721e-03,3.344877e-03,1.795111e-03,8.954487e-01,1.634823e-03,4.474724e-04,2.061692e-03,1.592220e-03,1.340973e-03,3.543357e-04,2.154526e-03
1.122754e-01,5.056799e-04,2.481358e-03,1.394814e-03,2.140860e-03,4.560323e-03,2.197297e-03,8.609141e-01,1.405015e-03,5.238358e-04,3.663996e-03,2.334213e-03,1.664785e-03,7.289699e-04,3.209440e-03
1.836869e-01,5.543479e-04,2.379815e-03,2.180973e-03,2.768274e-03,9.460512e-03,2.870276e-03,7.751803e-01,1.556397e-03,5.329842e-04,5.185524e-03,4.755702e-03,4.297349e-03,8.961507e-04,3.694602e-03
2.117023e-01,1.319354e-03,2.636265e-03,8.707419e-03,2.986761e-03,1.168406e-02,2.419364e-03,6.575788e-01,5.167837e-03,3.846412e-03,3.478885e-02,2.567310e-02,1.966222e-02,2.666385e-03,9.160892e-03
1.669593e-01,3.812061e-03,2.730041e-03,6.316273e-02,2.874807e-03,1.156574e-02,1.851015e-03,4.747573e-01,2.563052e-02,3.840258e-02,7.153670e-02,4.780735e-02,4.533181e-02,2.684080e-03,4.089396e-02
1.219771e-01,1.148712e-02,3.427983e-03,9.911078e-02,2.417758e-03,1.078907e-02,1.463716e-03,3.367208e-01,6.166255e-02,5.366274e-02,1.204430e-01,4.974775e-02,8.908486e-02,2.124564e-03,3.588024e-02
8.995872e-02,1.386264e-02,3.439787e-03,1.330469e-01,2.137044e-03,9.464579e-03,1.134496e-03,2.414756e-01,8.398672e-02,5.482319e-02,1.452245e-01,5.650546e-02,1.319898e-01,1.864332e-03,3.108633e-02
6.748541e-02,1.457441e-02,4.004299e-03,1.102413e-01,2.778353e-03,7.401826e-03,9.164556e-04,1.721233e-01,1.413418e-01,4.674873e-02,1.798269e-01,4.953758e-02,1.507148e-01,1.842814e-03,5.046207e-02
5.072900e-02,2.123464e-02,4.618728e-03,9.092440e-02,3.409992e-03,5.792841e-03,7.997168e-04,1.249024e-01,2.391665e-01,3.843803e-02,1.706875e-01,4.157805e-02,1.376262e-01,2.035959e-03,6.805627e-02
3.631689e-02,3.266346e-02,4.185637e-03,8.207992e-02,3.186159e-03,4.349972e-03,5.839962e-04,9.284243e-02,3.979941e-01,2.896061e-02,1.273251e-01,3.096419e-02,1.018059e-01,1.674080e-03,5.506758e-02
3.017847e-02,3.965700e-02,1.418205e-02,6.153663e-02,7.205310e-03,8.774370e-03,1.393766e-03,1.189713e-01,4.407422e-01,2.476087e-02,9.510757e-02,2.257004e-02,7.549319e-02,2.008473e-03,5.741877e-02
2.828779e-02,3.870689e-02,1.778148e-02,4.559029e-02,9.355091e-03,1.245792e-02,1.427744e-03,1.561510e-01,4.629210e-01,2.740439e-02,7.002620e-02,1.632709e-02,5.579545e-02,2.167701e-03,5.560005e-02
2.734170e-02,3.725613e-02,1.651588e-02,3.393605e-02,1.498435e-02,1.381760e-02,3.296089e-03,2.020561e-01,4.506616e-01,4.845083e-02,5.198511e-02,1.273289e-02,4.332440e-02,2.068398e-03,4.157290e-02
2.806854e-02,4.833882e-02,1.675989e-02,2.637842e-02,2.499016e-02,1.593968e-02,6.479347e-03,1.817695e-01,4.675359e-01,6.294082e-02,3.824152e-02,1.014752e-02,3.750096e-02,1.767394e-03,3.314159e-02
3.838477e-02,8.173309e-02,2.134807e-02,2.753343e-02,2.785168e-02,3.289372e-02,8.288022e-03,1.524510e-01,4.328199e-01,6.050131e-02,2.840635e-02,9.794687e-03,4.134697e-02,1.566312e-03,3.508070e-02
7.386652e-02,1.080973e-01,2.610547e-02,3.419929e-02,3.360620e-02,3.853859e-02,1.103606e-02,1.204240e-01,3.595569e-01,7.485980e-02,2.251483e-02,1.054161e-02,3.700854e-02,1.735239e-03,4.790967e-02
1.054901e-01,1.307296e-01,2.589511e-02,3.015569e-02,3.696640e-02,3.762319e-02,1.161624e-02,1.013452e-01,3.183376e-01,9.265684e-02,1.813733e-02,1.070733e-02,3.367554e-02,2.076935e-03,4.458690e-02
1.751243e-01,1.418358e-01,3.053471e-02,2.570241e-02,3.556593e-02,3.964551e-02,1.029118e-02,7.642094e-02,2.755601e-01,9.015588e-02,1.422889e-02,1.155848e-02,2.946016e-02,2.088979e-03,4.182667e-02
2.059858e-01,1.892691e-01,3.094769e-02,2.538750e-02,3.310910e-02,4.004422e-02,8.634286e-03,5.632401e-02,2.413111e-01,7.556435e-02,1.102454e-02,1.049357e-02,2.780909e-02,1.725564e-03,4.237005e-02
2.047688e-01,1.675687e-01,5.745018e-02,3.886634e-02,2.791160e-02,4.367273e-02,7.536274e-03,4.366050e-02,2.086208e-01,8.293402e-02,1.044413e-02,1.446012e-02,2.665104e-02,2.255122e-03,6.319962e-02
1.929632e-01,1.920343e-01,4.733119e-02,3.662419e-02,2.533753e-02,3.751237e-02,7.201477e-03,3.668443e-02,2.208543e-01,8.021334e-02,1.013917e-02,1.250037e-02,2.543085e-02,3.131032e-03,7.204226e-02
1.586238e-01,1.723266e-01,7.298467e-02,5.410571e-02,2.278124e-02,3.150181e-02,6.343344e-03,4.618420e-02,2.137764e-01,9.519555e-02,1.150350e-02,1.284377e-02,2.586789e-02,3.325482e-03,7.263607e-02
1.185583e-01,1.459465e-01,1.128323e-01,9.054388e-02,1.930939e-02,3.281510e-02,4.599678e-03,3.426219e-02,1.952498e-01,9.073421e-02,1.556813e-02,1.045136e-02,2.007921e-02,7.033319e-03,1.020166e-01
1.013042e-01,1.174082e-01,8.794975e-02,9.120314e-02,2.050247e-02,4.003839e-02,4.453273e-03,2.676403e-02,2.293020e-01,7.284191e-02,2.360196e-02,1.394830e-02,2.770951e-02,9.345522e-03,1.336274e-01
8.314365e-02,9.639534e-02,8.097374e-02,1.061687e-01,1.971722e-02,3.537178e-02,5.619856e-03,6.388985e-02,2.339864e-01,6.054123e-02,2.568102e-02,1.737329e-02,3.916897e-02,8.987095e-03,1.229818e-01
6.492500e-02,9.647527e-02,5.839421e-02,8.459127e-02,1.579220e-02,3.664813e-02,4.586055e-03,4.592941e-02,3.431111e-01,4.393743e-02,2.103456e-02,1.608274e-02,6.510133e-02,7.510280e-03,9.588107e-02
5.103264e-02,8.256295e-02,4.430658e-02,1.105032e-01,1.436850e-02,4.886045e-02,4.175471e-03,4.094884e-02,3.798142e-01,3.418506e-02,1.838616e-02,1.376890e-02,7.624950e-02,6.427480e-03,7.441004e-02
4.434530e-02,6.995530e-02,3.466327e-02,1.772113e-01,1.247248e-02,7.047266e-02,3.299306e-03,3.584965e-02,3.630119e-01,3.210474e-02,1.603664e-02,1.202436e-02,6.060798e-02,6.172053e-03,6.177318e-02
5.215111e-02,6.227465e-02,2.941858e-02,1.366658e-01,2.071030e-02,1.011280e-01,4.201837e-03,3.885584e-02,3.756623e-01,2.453158e-02,1.531467e-02,1.110701e-02,4.918896e-02,6.541195e-03,7.224829e-02
