1.000000e+00,0.000000e+00,0.000000e+00,0.000000e+00,0.000000e+00,0.000000e+00,0.000000e+00,0.000000e+00,0.000000e+00,0.000000e+00,0.000000e+00,0.000000e+00,0.000000e+00,0.000000e+00,0.000000e+00
1.000000e+00,0.000000e+00,0.000000e+00,0.000000e+00,0.000000e+00,0.000000e+00,0.000000e+00,0.000000e+00,0.000000e+00,0.000000e+00,0.000000e+00,0.000000e+00,0.000000e+00,0.000000e+00,0.000000e+00
1.000000e+00,0.000000e+00,0.000000e+00,0.000000e+00,0.000000e+00,0.000000e+00,0.000000e+00,0.000000e+00,0.000000e+00,0.000000e+00,0.000000e+00,0.000000e+00,0.000000e+00,0.000000e+00,0.000000e+00
1.000000e+00,0.000000e+00,0.000000e+00,0.000000e+00,0.000000e+00,0.000000e+00,0.000000e+00,0.000000e+00,0.000000e+00,0.000000e+00,0.000000e+00,0.000000e+00,0.000000e+00,0.000000e+00,0.000000e+00
1.000000e+00,0.000000e+00,0.000000e+00,0.000000e+00,0.000000e+00,0.000000e+00,0.000000e+00,0.000000e+00,0.000000e+00,0.000000e+00,0.000000e+00,0.000000e+00,0.000000e+00,0.000000e+00,0.000000e+00
1.000000e+00,0.000000e+00,0.000000e+00,0.000000e+00,0.000000e+00,0.000000e+00,0.000000e+00,0.000000e+00,0.000000e+00,0.000000e+00,0.000000e+00,0.000000e+00,0.000000e+00,0.000000e+00,0.000000e+00
1.000000e+00,0.000000e+00,0.000000e+00,0.000000e+00,0.000000e+00,0.000000e+00,0.000000e+00,0.000000e+00,0.000000e+00,0.000000e+00,0.000000e+00,0.000000e+00,0.000000e+00,0.000000e+00,0.000000e+00
1.000000e+00,0.000000e+00,0.000000e+00,0.000000e+00,0.000000e+00,0.000000e+00,0.000000e+00,0.000000e+00,0.000000e+00,0.000000e+00,0.000000e+00,0.000000e+00,0.000000e+00,0.000000e+00,0.000000e+00
1.000000e+00,0.000000e+00,0.000000e+00,0.000000e+00,0.000000e+00,0.000000e+00,0.000000e+00,0.000000e+00,0.000000e+00,0.000000e+00,0.000000e+00,0.000000e+00,0.000000e+00,0.000000e+00,0.000000e+00
1.000000e+00,0.000000e+00,0.000000e+00,0.000000e+00,0.000000e+00,0.000000e+00,0.000000e+00,0.000000e+00,0.000000e+00,0.000000e+00,0.000000e+00,0.000000e+00,0.000000e+00,0.000000e+00,0.000000e+00
1.000000e+00,0.000000e+00,0.000000e+00,0.000000e+00,0.000000e+00,0.000000e+00,0.000000e+00,0.000000e+00,0.000000e+00,0.000000e+00,0.000000e+00,0.000000e+00,0.000000e+00,0.000000e+00,0.000000e+00
1.000000e+00,0.000000e+00,0.000000e+00,0.000000e+00,0.000000e+00,0.000000e+00,0.000000e+00,0.000000e+00,0.000000e+00,0.000000e+00,0.000000e+00,0.000000e+00,0.000000e+00,0.000000e+00,0.000000e+00
1.000000e+00,0.000000e+00,0.000000e+00,0.000000e+00,0.000000e+00,0.000000e+00,0.000000e+00,0.000000e+00,0.000000e+00,0.000000e+00,0.000000e+00,0.000000e+00,0.000000e+00,0.000000e+00,0.000000e+00
1.000000e+00,0.000000e+00,0.000000e+00,0.000000e+00,0.000000e+00,0.000000e+00,0.000000e+00,0.000000e+00,0.000000e+00,0.000000e+00,0.000000e+00,0.000000e+00,0.000000e+00,0.000000e+00,0.000000e+00
1.000000e+00,0.000000e+00,0.000000e+00,0.000000e+00,0.000000e+00,0.000000e+00,0.000000e+00,0.000000e+00,0.000000e+00,0.000000e+00,0.000000e+00,0.000000e+00,0.000000e+00,0.000000e+00,0.000000e+00
1.000000e+00,0.000000e+00,0.000000e+00,0.000000e+00,0.000000e+00,0.000000e+00,0.000000e+00,0.000000e+00,0.000000e+00,0.000000e+00,0.000000e+00,0.000000e+00,0.000000e+00,0.000000e+00,0.000000e+00
1.000000e+00,0.000000e+00,0.000000e+00,0.000000e+00,0.000000e+00,0.000000e+00,0.000000e+00,0.000000e+00,0.000000e+00,0.000000e+00,0.000000e+00,0.000000e+00,0.000000e+00,0.000000e+00,0.000000e+00
1.000000e+00,0.000000e+00,0.000000e+00,0.000000e+00,0.000000e+00,0.000000e+00,0.000000e+00,0.000000e+00,0.000000e+00,0.000000e+00,0.000000e+00,0.000000e+00,0.000000e+00,0.000000e+00,0.000000e+00
1.000000e+00,0.000000e+00,0.000000e+00,0.000000e+00,0.000000e+00,0.000000e+00,0.000000e+00,0.000000e+00,0.000000e+00,0.000000e+00,0.000000e+00,0.000000e+00,0.000000e+00,0.000000e+00,0.000000e+00
1.000000e+00,0.000000e+00,0.000000e+00,0.000000e+00,0.000000e+00,0.000000e+00,0.000000e+00,0.000000e+00,0.000000e+00,0.000000e+00,0.000000e+00,0.000000e+00,0.000000e+00,0.000000e+00,0.000000e+00
1.000000e+00,0.000000e+00,0.000000e+00,0.000000e+00,0.000000e+00,0.000000e+00,0.000000e+00,0.000000e+00,0.000000e+00,0.000000e+00,0.000000e+00,0.000000e+00,0.000000e+00,0.000000e+00,0.000000e+00
1.000000e+00,0.000000e+00,0.000000e+00,0.000000e+00,0.000000e+00,0.000000e+00,0.000000e+00,0.000000e+00,0.000000e+00,0.000000e+00,0.000000e+00,0.000000e+00,0.000000e+00,0.000000e+00,0.000000e+00
1.000000e+00,0.000000e+00,0.000000e+00,0.000000e+00,0.000000e+00,0.000000e+00,0.000000e+00,0.000000e+00,0.000000e+00,0.000000e+00,0.000000e+00,0.000000e+00,0.000000e+00,0.000000e+00,0.000000e+00
1.000000e+00,0.000000e+00,0.000000e+00,0.000000e+00,0.000000e+00,0.000000e+00,0.000000e+00,0.000000e+00,0.000000e+00,0.000000e+00,0.000000e+00,0.000000e+00,0.000000e+00,0.000000e+00,0.000000e+00
1.000000e+00,0.000000e+00,0.000000e+00,0.000000e+00,0.000000e+00,0.000000e+00,0.000000e+00,0.000000e+00,0.000000e+00,0.000000e+00,0.000000e+00,0.000000e+00,0.000000e+00,0.000000e+00,0.000000e+00
1.000000e+00,0.000000e+00,0.000000e+00,0.000000e+00,0.000000e+00,0.000000e+00,0.000000e+00,0.000000e+00,0.000000e+00,0.000000e+00,0.000000e+00,0.000000e+00,0.000000e+00,0.000000e+00,0.000000e+00
1.000000e+00,0.000000e+00,0.000000e+00,0.000000e+00,0.000000e+00,0.000000e+00,0.000000e+00,0.000000e+00,0.000000e+00,0.000000e+00,0.000000e+00,0.000000e+00,0.000000e+00,0.000000e+00,0.000000e+00
1.000000e+00,0.000000e+00,0.000000e+00,0.000000e+00,0.000000e+00,0.000000e+00,0.000000e+00,0.000000e+00,0.000000e+00,0.000000e+00,0.000000e+00,0.000000e+00,0.000000e+00,0.000000e+00,0.000000e+00
1.000000e+00,0.000000e+00,0.000000e+00,0.000000e+00,0.000000e+00,0.000000e+00,0.000000e+00,0.000000e+00,0.000000e+00,0.000000e+00,0.000000e+00,0.000000e+00,0.000000e+00,0.000000e+00,0.000000e+00
1.000000e+00,0.000000e+00,0.000000e+00,0.000000e+00,0.000000e+00,0.000000e+00,0.000000e+00,0.000000e+00,0.000000e+00,0.000000e+00,0.000000e+00,0.000000e+00,0.000000e+00,0.000000e+00,0.000000e+00
1.000000e+00,0.000000e+00,0.000000e+00,0.000000e+00,0.000000e+00,0.000000e+00,0.000000e+00,0.000000e+00,0.000000e+00,0.000000e+00,0.000000e+00,0.000000e+00,0.000000e+00,0.000000e+00,0.000000e+00
1.000000e+00,0.000000e+00,0.000000e+00,0.000000e+00,0.000000e+00,0.000000e+00,0.000000e+00,0.000000e+00,0.000000e+00,0.000000e+00,0.000000e+00,0.000000e+00,0.000000e+00,0.000000e+00,0.000000e+00
1.000000e+00,0.000000e+00,0.000000e+00,0.000000e+00,0.000000e+00,0.000000e+00,0.000000e+00,0.000000e+00,0.000000e+00,0.000000e+00,0.000000e+00,0.000000e+00,0.000000e+00,0.000000e+00,0.000000e+00
1.000000e+00,0.000000e+00,0.000000e+00,0.000000e+00,0.000000e+00,0.000000e+00,0.000000e+00,0.000000e+00,0.000000e+00,0.000000e+00,0.000000e+00,0.000000e+00,0.000000e+00,0.000000e+00,0.000000e+00
1.000000e+00,0.000000e+00,0.000000e+00,0.000000e+00,0.000000e+00,0.000000e+00,0.000000e+00,0.000000e+00,0.000000e+00,0.000000e+00,0.000000e+00,0.000000e+00,0.000000e+00,0.000000e+00,0.000000e+00
1.000000e+00,0.000000e+00,0.000000e+00,0.000000e+00,0.000000e+00,0.000000e+00,0.000000e+00,0.000000e+00,0.000000e+00,0.000000e+00,0.000000e+00,0.000000e+00,0.000000e+00,0.000000e+00,0.000000e+00
1.000000e+00,0.000000e+00,0.000000e+00,0.000000e+00,0.000000e+00,0.000000e+00,0.000000e+00,0.000000e+00,0.000000e+00,0.000000e+00,0.000000e+00,0.000000e+00,0.000000e+00,0.000000e+00,0.000000e+00
1.000000e+00,0.000000e+00,0.000000e+00,0.000000e+00,0.000000e+00,0.000000e+00,0.000000e+00,0.000000e+00,0.000000e+00,0.000000e+00,0.000000e+00,0.000000e+00,0.000000e+00,0.000000e+00,0.000000e+00
1.000000e+00,0.000000e+00,0.000000e+00,0.000000e+00,0.000000e+00,0.000000e+00,0.000000e+00,0.000000e+00,0.000000e+00,0.000000e+00,0.000000e+00,0.000000e+00,0.000000e+00,0.000000e+00,0.000000e+00
1.000000e+00,0.000000e+00,0.000000e+00,0.000000e+00,0.000000e+00,0.000000e+00,0.000000e+00,0.000000e+00,0.000000e+00,0.000000e+00,0.000000e+00,0.000000e+00,0.000000e+00,0.000000e+00,0.000000e+00
1.000000e+00,0.000000e+00,0.000000e+00,0.000000e+00,0.000000e+00,0.000000e+00,0.000000e+00,0.000000e+00,0.000000e+00,0.000000e+00,0.000000e+00,0.000000e+00,0.000000e+00,0.000000e+00,0.000000e+00
1.000000e+00,0.000000e+00,0.000000e+00,0.000000e+00,0.000000e+00,0.000000e+00,0.000000e+00,0.000000e+00,0.000000e+00,0.000000e+00,0.000000e+00,0.000000e+00,0.000000e+00,0.000000e+00,0.000000e+00
1.000000e+00,0.000000e+00,0.000000e+00,0.000000e+00,0.000000e+00,0.000000e+00,0.000000e+00,0.000000e+00,0.000000e+00,0.000000e+00,0.000000e+00,0.000000e+00,0.000000e+00,0.000000e+00,0.000000e+00
1.000000e+00,0.000000e+00,0.000000e+00,0.000000e+00,0.000000e+00,0.000000e+00,0.000000e+00,0.000000e+00,0.000000e+00,0.000000e+00,0.000000e+00,0.000000e+00,0.000000e+00,0.000000e+00,0.000000e+00
1.000000e+00,0.000000e+00,0.000000e+00,0.000000e+00,0.000000e+00,0.000000e+00,0.000000e+00,0.000000e+00,0.000000e+00,0.000000e+00,0.000000e+00,0.000000e+00,0.000000e+00,0.000000e+00,0.000000e+00
1.000000e+00,0.000000e+00,0.000000e+00,0.000000e+00,0.000000e+00,0.000000e+00,0.000000e+00,0.000000e+00,0.000000e+00,0.000000e+00,0.000000e+00,0.000000e+00,0.000000e+00,0.000000e+00,0.000000e+00
1.000000e+00,0.000000e+00,0.000000e+00,0.000000e+00,0.000000e+00,0.000000e+00,0.000000e+00,0.000000e+00,0.000000e+00,0.000000e+00,0.000000e+00,0.000000e+00,0.000000e+00,0.000000e+00,0.000000e+00
1.000000e+00,0.000000e+00,0.000000e+00,0.000000e+00,0.000000e+00,0.000000e+00,0.000000e+00,0.000000e+00,0.000000e+00,0.000000e+00,0.000000e+00,0.000000e+00,0.000000e+00,0.000000e+00,0.000000e+00
1.000000e+00,0.000000e+00,0.000000e+00,0.000000e+00,0.000000e+00,0.000000e+00,0.000000e+00,0.000000e+00,0.000000e+00,0.000000e+00,0.000000e+00,0.000000e+00,0.000000e+00,0.000000e+00,0.000000e+00
1.000000e+00,0.000000e+00,0.000000e+00,0.000000e+00,0.000000e+00,0.000000e+00,0.000000e+00,0.000000e+00,0.000000e+00,0.000000e+00,0.000000e+00,0.000000e+00,0.000000e+00,0.000000e+00,0.000000e+00
1.000000e+00,0.000000e+00,0.000000e+00,0.000000e+00,0.000000e+00,0.000000e+00,0.000000e+00,0.000000e+00,0.000000e+00,0.000000e+00,0.000000e+00,0.000000e+00,0.000000e+00,0.000000e+00,0.000000e+00
1.000000e+00,0.000000e+00,0.000000e+00,0.000000e+00,0.000000e+00,0.000000e+00,0.000000e+00,0.000000e+00,0.000000e+00,0.000000e+00,0.000000e+00,0.000000e+00,0.000000e+00,0.000000e+00,0.000000e+00
1.000000e+00,0.000000e+00,0.000000e+00,0.000000e+00,0.000000e+00,0.000000e+00,0.000000e+00,0.000000e+00,0.000000e+00,0.000000e+00,0.000000e+00,0.000000e+00,0.000000e+00,0.000000e+00,0.000000e+00
1.000000e+00,0.000000e+00,0.000000e+00,0.000000e+00,0.000000e+00,0.000000e+00,0.000000e+00,0.000000e+00,0.000000e+00,0.000000e+00,0.000000e+00,0.000000e+00,0.000000e+00,0.000000e+00,0.000000e+00
1.000000e+00,0.000000e+00,0.000000e+00,0.000000e+00,0.000000e+00,0.000000e+00,0.000000e+00,0.000000e+00,0.000000e+00,0.000000e+00,0.000000e+00,0.000000e+00,0.000000e+00,0.000000e+00,0.000000e+00
1.000000e+00,0.000000e+00,0.000000e+00,0.000000e+00,0.000000e+00,0.000000e+00,0.000000e+00,0.000000e+00,0.000000e+00,0.000000e+00,0.000000e+00,0.000000e+00,0.000000e+00,0.000000e+00,0.000000e+00
1.000000e+00,0.000000e+00,0.000000e+00,0.000000e+00,0.000000e+00,0.000000e+00,0.000000e+00,0.000000e+00,0.000000e+00,0.000000e+00,0.000000e+00,0.000000e+00,0.000000e+00,0.000000e+00,0.000000e+00
1.000000e+00,0.000000e+00,0.000000e+00,0.000000e+00,0.000000e+00,0.000000e+00,0.000000e+00,0.000000e+00,0.000000e+00,0.000000e+00,0.000000e+00,0.000000e+00,0.000000e+00,0.000000e+00,0.000000e+00
1.000000e+00,0.000000e+00,0.000000e+00,0.000000e+00,0.000000e+00,0.000000e+00,0.000000e+00,0.000000e+00,0.000000e+00,0.000000e+00,0.000000e+00,0.000000e+00,0.000000e+00,0.000000e+00,0.000000e+00
1.000000e+00,0.000000e+00,0.000000e+00,0.000000e+00,0.000000e+00,0.000000e+00,0.000000e+00,0.000000e+00,0.000000e+00,0.000000e+00,0.000000e+00,0.000000e+00,0.000000e+00,0.000000e+00,0.000000e+00
4.102373e-01,1.347675e-02,1.133544e-02,1.112177e-01,6.309664e-03,3.795841e-02,3.740120e-03,6.617859e-03,1.977451e-02,1.953285e-03,2.328941e-02,2.547876e-01,7.432278e-02,2.459057e-03,2.252011e-02
2.883451e-01,9.770012e-03,8.125833e-03,9.676103e-02,4.605845e-03,3.551134e-02,2.744996e-03,4.844151e-03,2.099581e-02,1.458542e-03,1.989384e-02,3.546254e-01,1.331211e-01,1.774266e-03,1.742268e-02
2.021978e-01,8.476417e-03,6.100781e-03,8.226556e-02,3.360764e-03,2.641423e-02,1.959755e-03,3.451791e-03,4.800408e-02,1.320392e-03,1.637788e-02,4.680451e-01,1.176714e-01,1.300322e-03,1.305372e-02
1.438320e-01,7.550612e-03,4.670835e-03,6.348892e-02,2.955381e-03,2.447677e-02,1.607392e-03,2.829895e-03,1.579349e-01,1.149280e-03,1.576842e-02,4.189553e-01,1.431827e-01,1.034708e-03,1.056282e-02
1.029886e-01,7.785875e-03,3.347687e-03,4.821389e-02,2.264627e-03,2.261482e-02,1.357029e-03,2.258705e-03,2.867799e-01,9.156818e-04,1.343010e-02,3.453453e-01,1.512473e-01,8.935900e-04,1.055683e-02
7.472617e-02,1.481120e-02,2.872041e-03,4.362326e-02,1.989902e-03,3.335665e-02,1.199516e-03,1.902903e-03,3.000262e-01,8.758842e-04,1.155096e-02,2.583167e-01,2.355458e-01,7.504815e-04,1.845235e-02
5.617512e-02,1.717628e-02,3.378440e-03,5.011542e-02,1.920935e-03,5.232324e-02,1.197661e-03,1.664558e-03,3.212539e-01,8.440384e-04,1.090808e-02,2.051900e-01,2.556041e-01,6.863591e-04,2.156185e-02
4.903667e-02,1.504054e-02,3.134190e-03,4.247741e-02,2.370266e-03,6.078032e-02,1.136780e-03,1.772163e-03,2.821637e-01,1.371839e-03,1.549231e-02,1.991926e-01,2.947322e-01,1.158830e-03,3.014011e-02
3.812108e-02,1.335131e-02,2.690168e-03,3.360530e-02,2.365004e-03,5.512932e-02,9.095206e-04,1.459467e-03,2.451094e-01,1.696877e-03,2.050982e-02,2.028003e-01,3.519326e-01,1.643570e-03,2.867625e-02
2.935090e-02,1.343964e-02,2.233028e-03,2.529539e-02,1.886707e-03,5.471753e-02,9.211485e-04,1.340036e-03,2.151266e-01,1.901142e-03,1.857829e-02,2.366449e-01,3.671511e-01,1.510974e-03,2.990276e-02
2.148766e-02,1.076652e-02,1.792587e-03,1.894646e-02,1.528060e-03,5.984831e-02,7.601875e-04,1.446799e-03,1.668168e-01,1.788100e-03,1.503604e-02,2.023998e-01,4.683951e-01,1.312649e-03,2.767503e-02
1.605331e-02,9.541504e-03,1.453537e-03,1.404582e-02,1.329374e-03,5.433753e-02,6.305957e-04,1.234589e-03,1.394728e-01,1.826382e-03,1.382635e-02,2.011511e-01,5.156748e-01,1.192399e-03,2.822995e-02
1.182827e-02,1.116701e-02,1.927392e-03,1.005689e-02,2.672056e-03,4.207690e-02,1.080518e-03,1.287618e-03,1.813867e-01,2.137440e-03,1.065377e-02,1.963204e-01,4.710042e-01,1.032276e-03,5.536854e-02
8.934747e-03,1.158860e-02,3.537357e-03,7.406774e-03,2.601084e-03,3.440325e-02,6.298535e-03,2.136330e-03,1.460523e-01,3.658924e-03,8.659421e-03,1.682254e-01,5.164565e-01,8.066327e-04,7.923422e-02
7.405851e-03,1.679597e-02,6.010788e-03,5.567691e-03,2.892185e-03,2.829513e-02,1.087322e-02,5.744481e-03,1.274102e-01,5.951323e-03,7.112609e-03,1.509180e-01,4.612158e-01,8.620839e-04,1.629446e-01
7.349811e-03,3.885740e-02,7.592659e-03,4.514792e-03,2.857089e-03,3.354035e-02,8.091730e-03,5.491758e-03,1.182790e-01,9.752649e-03,5.898595e-03,1.236875e-01,3.479637e-01,2.198000e-03,2.839251e-01
6.267148e-03,3.811923e-02,1.580549e-02,4.255486e-03,4.828054e-03,2.899519e-02,9.911751e-03,7.605142e-03,1.252755e-01,1.602303e-02,4.920979e-03,9.634110e-02,2.624699e-01,2.258908e-03,3.769231e-01
6.508590e-03,3.032910e-02,2.441256e-02,4.144395e-03,5.325665e-03,3.572620e-02,3.883777e-02,1.870324e-02,1.060104e-01,1.148846e-01,5.218974e-03,7.071120e-02,2.031372e-01,2.392645e-03,3.336575e-01
7.691417e-03,2.217327e-02,1.098094e-01,7.090521e-03,8.093998e-03,3.321669e-02,7.236311e-02,5.326288e-02,8.998632e-02,9.667479e-02,4.241425e-03,5.284698e-02,1.528552e-01,2.040662e-03,2.876534e-01
1.194280e-02,2.278424e-02,1.467089e-01,6.038806e-03,1.022823e-02,3.925751e-02,5.262240e-02,4.067902e-02,9.561385e-02,1.716974e-01,3.638486e-03,3.788557e-02,1.104788e-01,2.932945e-03,2.474911e-01
1.406782e-02,2.787254e-02,1.163607e-01,4.549712e-03,8.450327e-03,3.124394e-02,3.800461e-02,3.075761e-02,8.419149e-02,2.864632e-01,3.802431e-03,2.690454e-02,8.060272e-02,3.857640e-03,2.428708e-01
1.367446e-02,3.142791e-02,8.843327e-02,3.351446e-03,7.081228e-03,2.600725e-02,2.954048e-02,2.361661e-02,7.986327e-02,3.680131e-01,4.541783e-03,1.922408e-02,6.018717e-02,6.653869e-03,2.383841e-01
1.397051e-02,2.693939e-02,6.703958e-02,2.482551e-03,5.452561e-03,2.099317e-02,2.132806e-02,1.728665e-02,6.700025e-02,3.400896e-01,5.731381e-03,1.372713e-02,4.528598e-02,8.325077e-03,3.443481e-01
1.309496e-02,2.715835e-02,4.933370e-02,1.850791e-03,4.420514e-03,1.639614e-02,1.510561e-02,1.228860e-02,5.534318e-02,2.647809e-01,5.899873e-03,9.717482e-03,3.317963e-02,1.061680e-02,4.808134e-01
1.130006e-02,3.107692e-02,6.319771e-02,1.795979e-03,3.873922e-03,1.262616e-02,1.080975e-02,9.104334e-03,4.901212e-02,2.018104e-01,5.231996e-03,6.935137e-03,2.479495e-02,8.351233e-03,5.600793e-01
1.096733e-02,3.088086e-02,4.627650e-02,1.566758e-03,2.994969e-03,1.000825e-02,7.639436e-03,6.846820e-03,4.519893e-02,1.441764e-01,4.061504e-03,4.930446e-03,1.818387e-02,6.429839e-03,6.598381e-01
1.448779e-02,3.061803e-02,6.872427e-02,3.717404e-03,3.434625e-03,1.161057e-02,5.667598e-03,7.006512e-03,4.761954e-02,1.089406e-01,3.230833e-03,3.685130e-03,1.559497e-02,4.988699e-03,6.706735e-01
1.702711e-02,4.041298e-02,1.816610e-01,1.022230e-02,3.240835e-03,1.409663e-02,4.085447e-03,5.643984e-03,5.870943e-02,1.087142e-01,4.199393e-03,4.387436e-03,1.320155e-02,4.769761e-03,5.296279e-01
1.963058e-02,7.688710e-02,1.562395e-01,1.017576e-02,2.868252e-03,1.210050e-02,3.003939e-03,5.447601e-03,6.710923e-02,8.941586e-02,4.412080e-03,3.659639e-03,1.203969e-02,4.246235e-03,5.327640e-01
2.668495e-02,9.622525e-02,1.766272e-01,9.673381e-03,2.277119e-03,1.084394e-02,2.283471e-03,5.377242e-03,7.075751e-02,7.110190e-02,3.652554e-03,2.957777e-03,1.085037e-02,3.604526e-03,5.070828e-01
1.997748e-02,9.885569e-02,2.745383e-01,3.909058e-02,1.871482e-03,8.840850e-03,1.641784e-03,4.313712e-03,8.589213e-02,5.545759e-02,3.740613e-03,2.698673e-03,1.425778e-02,2.813709e-03,3.860097e-01
1.647127e-02,1.379264e-01,3.226062e-01,4.584984e-02,1.518037e-03,7.837718e-03,1.191032e-03,3.434573e-03,1.012621e-01,4.043487e-02,3.678975e-03,2.657903e-03,1.921614e-02,2.281875e-03,2.936330e-01
1.240228e-02,1.940469e-01,2.828636e-01,3.944409e-02,1.153865e-03,6.277808e-03,8.639210e-04,2.493583e-03,1.226982e-01,2.973426e-02,4.028374e-03,3.730241e-03,2.282124e-02,2.467810e-03,2.749738e-01
9.399788e-03,2.058501e-01,2.427244e-01,3.544446e-02,8.567066e-04,5.107644e-03,6.484973e-04,1.834861e-03,1.190191e-01,2.329670e-02,6.465588e-03,8.287645e-03,2.196651e-02,3.379802e-03,3.157183e-01
7.326440e-03,1.528839e-01,1.899315e-01,2.797428e-02,8.077842e-04,3.933350e-03,6.727061e-04,1.564874e-03,1.064843e-01,1.670207e-02,6.675342e-03,6.548795e-03,1.663234e-02,3.557265e-03,4.583050e-01
5.564141e-03,1.131290e-01,1.613461e-01,3.876945e-02,1.861548e-03,2.960907e-03,2.161677e-03,2.857399e-02,1.126091e-01,1.183499e-02,6.442634e-03,4.956510e-03,1.481815e-02,3.521706e-03,4.914501e-01
4.338596e-03,8.208282e-02,1.433172e-01,6.408547e-02,5.248723e-03,2.401073e-03,3.558529e-03,9.540957e-02,1.069270e-01,8.415484e-03,6.265561e-03,3.827186e-03,1.308744e-02,3.300486e-03,4.577349e-01
3.593668e-03,5.800672e-02,1.147714e-01,4.875844e-02,6.355624e-03,1.848207e-03,3.557706e-03,3.199319e-01,8.341768e-02,5.950314e-03,4.956750e-03,2.789576e-03,9.416941e-03,2.373984e-03,3.342711e-01
3.149673e-03,4.106282e-02,8.854615e-02,4.270605e-02,6.119925e-03,1.668054e-03,3.543532e-03,4.972842e-01,6.087738e-02,4.220366e-03,3.845562e-03,2.024660e-03,6.809970e-03,1.690881e-03,2.364508e-01
3.054205e-03,2.904310e-02,6.372125e-02,3.145744e-02,6.424590e-03,1.379866e-03,2.803528e-03,6.384112e-01,4.377511e-02,2.987309e-03,3.050558e-03,1.477830e-03,4.928812e-03,1.247179e-03,1.662381e-01
5.446235e-03,2.148884e-02,4.712380e-02,2.317846e-02,1.303652e-02,1.379619e-03,2.586073e-03,7.228434e-01,3.338782e-02,2.238866e-03,3.801303e-03,1.233304e-03,4.025505e-03,9.959440e-04,1.172343e-01
7.737246e-03,1.630874e-02,3.650218e-02,1.751042e-02,1.431051e-02,1.686782e-03,3.335587e-03,7.814196e-01,2.581437e-02,1.964584e-03,4.276867e-03,1.164426e-03,3.839081e-03,8.300581e-04,8.329959e-02
1.907466e-02,1.767836e-02,3.013342e-02,1.596153e-02,1.809001e-02,2.366801e-03,2.958271e-03,7.898431e-01,2.979124e-02,2.337143e-03,4.456808e-03,1.377860e-03,4.596250e-03,1.028099e-03,6.030638e-02
3.435598e-02,2.479522e-02,3.116408e-02,1.820545e-02,1.964471e-02,5.096624e-03,3.988857e-03,7.244875e-01,3.876288e-02,2.903241e-03,4.143952e-03,1.391118e-03,4.573132e-02,8.744147e-04,4.445466e-02
3.430627e-02,5.007818e-02,3.484201e-02,2.181827e-02,2.182041e-02,5.514813e-03,1.944980e-02,6.134043e-01,5.274008e-02,4.924850e-03,4.097329e-03,1.425123e-03,9.939113e-02,7.790326e-04,3.540842e-02
3.039654e-02,5.002253e-02,2.905287e-02,1.872697e-02,1.951882e-02,5.879832e-03,6.614190e-02,5.231990e-01,5.648180e-02,5.047395e-03,3.892141e-03,1.346106e-03,1.574167e-01,8.074514e-04,3.206990e-02
3.422683e-02,4.253054e-02,2.347310e-02,1.617117e-02,1.652316e-02,5.585884e-03,7.886666e-02,5.163105e-01,6.306241e-02,4.065730e-03,3.742108e-03,1.312558e-03,1.570866e-01,1.028622e-03,3.601424e-02
5.528615e-02,3.798635e-02,1.956228e-02,1.294120e-02,1.419664e-02,5.997568e-03,7.858147e-02,5.367928e-01,7.364462e-02,3.536342e-03,3.911121e-03,2.267766e-03,1.160600e-01,1.049705e-03,3.818600e-02
9.099755e-02,4.070842e-02,1.731983e-02,1.041064e-02,1.236239e-02,7.633393e-03,1.041701e-01,4.950298e-01,8.354650e-02,3.235650e-03,4.308250e-03,4.491939e-03,8.742200e-02,1.163889e-03,3.719956e-02
1.831221e-01,3.478152e-02,1.882426e-02,1.163683e-02,1.104319e-02,1.359738e-02,9.725816e-02,4.298400e-01,6.990883e-02,4.138761e-03,6.639173e-03,8.723242e-03,7.266249e-02,2.976641e-03,3.484743e-02
2.392927e-01,2.917011e-02,1.795694e-02,1.393626e-02,1.090815e-02,2.874304e-02,8.650395e-02,3.562915e-01,6.155169e-02,5.546882e-03,1.187854e-02,4.039720e-02,6.359296e-02,3.682236e-03,3.054779e-02
2.828079e-01,2.582488e-02,1.554597e-02,1.569400e-02,9.887438e-03,3.401486e-02,7.135307e-02,2.962441e-01,5.324370e-02,6.888703e-03,1.690220e-02,6.697321e-02,6.697636e-02,4.656692e-03,3.298693e-02
2.928542e-01,2.865307e-02,1.437808e-02,1.823805e-02,9.491809e-03,4.115767e-02,5.590457e-02,2.186475e-01,5.938747e-02,1.032337e-02,2.738158e-02,5.887092e-02,1.138152e-01,3.994610e-03,4.690195e-02
2.396265e-01,3.950780e-02,6.015648e-02,9.981240e-02,1.073941e-02,3.216540e-02,4.087907e-02,1.547586e-01,5.853146e-02,1.727051e-02,2.556573e-02,5.629852e-02,8.854830e-02,3.331306e-03,7.280853e-02
2.922777e-01,3.118021e-02,5.320013e-02,8.256964e-02,9.969421e-03,2.728499e-02,2.950338e-02,1.169132e-01,6.199906e-02,2.001446e-02,2.943752e-02,4.801904e-02,8.167150e-02,6.085675e-03,1.098741e-01
3.348479e-01,2.936118e-02,5.749515e-02,9.349865e-02,1.197770e-02,2.448484e-02,2.175877e-02,8.579698e-02,6.995294e-02,1.692616e-02,3.366106e-02,4.253175e-02,7.356150e-02,5.941325e-03,9.820414e-02
3.165791e-01,5.112777e-02,4.906829e-02,7.912168e-02,1.188536e-02,1.917003e-02,1.614456e-02,6.375565e-02,1.150459e-01,1.708717e-02,3.753774e-02,3.270231e-02,5.912305e-02,8.514678e-03,1.231368e-01
2.379882e-01,1.758834e-01,3.993175e-02,6.453511e-02,9.231969e-03,1.554857e-02,1.169645e-02,4.926675e-02,1.491521e-01,1.830020e-02,3.744910e-02,2.728451e-02,5.220691e-02,8.764279e-03,1.027607e-01
1.896172e-01,1.916133e-01,4.518780e-02,6.363094e-02,7.612180e-03,1.694204e-02,8.779871e-03,4.259459e-02,1.658289e-01,2.933038e-02,4.556230e-02,3.444863e-02,6.115398e-02,8.132479e-03,8.956531e-02
1.648332e-01,1.427614e-01,3.546526e-02,4.942072e-02,5.893106e-03,3.193349e-02,6.530637e-03,3.620419e-02,1.318632e-01,1.470459e-01,7.299788e-02,3.337962e-02,6.125709e-02,8.556454e-03,7.185795e-02
1.199549e-01,1.249293e-01,6.210783e-02,4.441903e-02,5.461833e-03,2.885985e-02,5.107120e-03,2.775766e-02,1.603736e-01,1.604972e-01,8.412504e-02,3.667999e-02,7.150013e-02,6.972821e-03,6.125367e-02
9.308542e-02,1.224692e-01,7.261106e-02,3.684612e-02,5.904744e-03,2.637295e-02,3.787433e-03,2.107526e-02,1.906533e-01,1.918682e-01,7.167568e-02,3.094062e-02,6.253876e-02,7.456961e-03,6.271435e-02
7.932705e-02,1.375310e-01,6.423521e-02,2.916211e-02,1.604951e-02,2.140679e-02,3.174173e-03,1.564684e-02,2.997528e-01,1.583341e-01,5.461048e-02,2.207250e-02,4.605176e-02,5.535950e-03,4.710975e-02
6.738776e-02,1.637305e-01,6.365071e-02,2.504560e-02,3.090468e-02,1.846311e-02,3.471623e-03,1.188609e-02,3.553778e-01,1.294223e-01,4.006520e-02,1.574196e-02,3.465565e-02,4.166173e-03,3.603096e-02
5.667344e-02,1.956672e-01,6.815578e-02,4.333566e-02,2.663604e-02,1.504263e-02,3.189991e-03,9.164707e-03,3.345623e-01,1.350197e-01,2.936777e-02,1.193277e-02,2.592113e-02,3.152219e-03,4.217868e-02
5.935656e-02,2.316409e-01,5.415060e-02,4.273643e-02,3.960412e-02,1.720402e-02,3.902968e-03,1.389754e-02,3.441676e-01,1.064821e-01,2.130944e-02,8.517507e-03,1.940684e-02,2.358322e-03,3.526508e-02
6.542207e-02,2.151920e-01,4.902697e-02,4.631037e-02,7.428645e-02,2.304049e-02,6.154603e-03,3.056566e-02,3.274593e-01,8.422139e-02,1.722372e-02,6.491361e-03,1.505622e-02,2.067276e-03,3.748219e-02
6.308111e-02,2.130455e-01,7.781814e-02,6.667013e-02,6.029500e-02,1.879366e-02,4.989441e-03,2.958973e-02,3.016938e-01,8.126380e-02,1.657566e-02,6.557675e-03,1.254017e-02,1.860901e-03,4.522539e-02
7.363170e-02,1.794281e-01,6.153543e-02,5.674853e-02,5.578028e-02,2.846064e-02,4.992139e-03,4.302024e-02,3.261110e-01,8.059867e-02,1.361749e-02,5.544451e-03,1.100409e-02,1.843187e-03,5.768413e-02
7.300176e-02,1.507933e-01,1.784683e-01,7.919303e-02,4.243265e-02,2.095194e-02,3.980718e-03,3.430323e-02,2.429743e-01,8.804858e-02,1.038364e-02,4.643037e-03,9.076251e-03,1.440504e-03,6.030892e-02
9.853297e-02,1.430648e-01,2.369826e-01,7.709195e-02,3.405622e-02,1.679765e-02,3.413765e-03,3.116055e-02,1.972133e-01,7.302521e-02,9.010016e-03,4.077205e-03,8.294168e-03,1.614469e-03,6.566507e-02
9.235701e-02,1.482646e-01,2.833500e-01,5.989182e-02,2.475929e-02,1.584237e-02,2.521829e-03,2.318491e-02,1.639142e-01,5.653721e-02,3.159885e-02,4.436598e-03,9.413232e-03,9.160536e-03,7.476755e-02
7.574671e-02,1.143835e-01,3.466652e-01,8.625159e-02,1.993474e-02,1.260702e-02,2.128355e-03,1.762070e-02,1.577044e-01,4.222766e-02,3.729055e-02,5.252648e-03,1.063944e-02,7.754332e-03,6.379312e-02
5.850909e-02,9.886608e-02,3.535807e-01,6.676953e-02,1.514107e-02,1.074912e-02,1.785337e-03,1.356107e-02,1.316984e-01,4.344358e-02,9.810409e-02,7.872297e-03,1.032034e-02,2.284179e-02,6.675762e-02
4.306392e-02,7.449727e-02,2.556563e-01,4.964235e-02,1.103181e-02,8.563104e-03,1.408346e-03,9.964447e-03,1.134731e-01,3.307701e-02,2.200281e-01,2.306638e-02,2.140793e-02,8.643138e-02,4.868866e-02
3.227012e-02,5.292314e-02,1.797491e-01,3.557507e-02,7.840993e-03,6.501707e-03,1.027934e-03,7.049405e-03,8.105789e-02,2.509809e-02,3.684475e-01,1.881530e-02,1.543524e-02,1.334134e-01,3.479522e-02
2.719936e-02,3.786043e-02,1.264665e-01,2.640125e-02,5.627309e-03,5.587615e-03,7.873357e-04,5.055464e-03,5.874797e-02,1.928341e-02,4.616436e-01,2.118566e-02,1.144443e-02,1.678026e-01,2.490710e-02
2.103825e-02,2.751893e-02,8.874293e-02,1.885149e-02,4.776707e-03,5.027559e-03,6.855424e-04,3.756990e-03,4.518074e-02,2.203152e-02,5.053761e-01,2.226383e-02,8.301622e-03,2.086271e-01,1.782065e-02
1.593647e-02,2.084688e-02,6.232357e-02,1.345774e-02,3.787524e-03,7.977363e-03,5.641580e-04,2.779404e-03,3.793124e-02,2.246557e-02,5.052161e-01,2.271109e-02,6.160885e-03,2.646483e-01,1.319359e-02
1.189150e-02,1.777518e-02,4.381798e-02,9.998066e-03,4.138283e-03,2.394302e-02,5.405529e-04,2.344114e-03,5.936979e-02,3.708729e-02,4.865502e-01,2.300695e-02,5.441237e-03,2.635579e-01,1.053796e-02
8.789917e-03,1.379017e-02,3.074477e-02,7.161689e-03,3.213580e-03,2.797704e-02,4.063607e-04,1.748914e-03,4.582151e-02,3.111537e-02,4.659409e-01,1.933922e-02,4.607758e-03,3.314304e-01,7.912395e-03
6.722602e-03,1.141403e-02,2.160265e-02,5.092412e-03,2.804147e-03,2.451999e-02,2.990983e-04,1.272340e-03,3.666719e-02,2.500303e-02,4.302861e-01,1.821204e-02,3.833099e-03,4.064168e-01,5.854344e-03
6.634377e-03,1.114775e-02,1.551200e-02,3.944539e-03,3.238642e-03,3.542249e-02,2.641322e-04,1.243730e-03,3.163012e-02,2.094419e-02,4.010215e-01,2.017509e-02,3.126744e-03,4.411891e-01,4.505623e-03
6.077972e-03,1.284680e-02,1.128324e-02,2.973048e-03,2.622173e-03,5.186832e-02,2.337499e-04,1.197699e-03,2.913545e-02,1.658529e-02,3.358796e-01,2.014519e-02,2.476503e-03,5.033218e-01,3.353116e-03
6.123920e-03,4.355969e-02,1.059478e-02,2.484965e-03,2.235683e-03,2.118411e-01,2.611780e-04,2.393795e-03,4.112072e-02,1.263624e-02,2.556859e-01,1.495194e-02,1.893517e-03,3.915882e-01,2.628323e-03
4.969849e-03,5.861131e-02,1.033043e-02,2.265319e-03,2.069170e-03,3.568658e-01,2.425236e-04,2.238187e-03,5.679146e-02,1.001419e-02,1.936262e-01,1.075849e-02,1.437405e-03,2.877646e-01,2.015075e-03
4.276295e-03,5.283255e-02,8.387501e-03,1.970310e-03,1.893105e-03,4.921210e-01,2.037162e-04,1.971405e-03,6.434770e-02,7.701699e-03,1.436771e-01,7.637800e-03,1.051806e-03,2.104602e-01,1.467749e-03
3.374031e-03,4.303687e-02,6.235389e-03,1.463376e-03,1.855018e-03,6.216289e-01,1.892758e-04,1.445039e-03,5.186638e-02,6.337243e-03,1.026144e-01,5.472946e-03,7.809576e-04,1.523882e-01,1.311903e-03
3.613897e-03,3.770677e-02,5.021320e-03,1.166895e-03,2.994127e-03,6.952275e-01,1.822613e-04,1.276567e-03,5.011365e-02,6.284208e-03,7.710803e-02,3.975138e-03,6.924497e-04,1.129943e-01,1.642896e-03
4.140010e-03,2.913909e-02,5.788790e-03,2.733941e-03,3.346991e-03,7.570963e-01,2.597534e-04,5.046885e-03,4.533651e-02,5.259504e-03,5.591111e-02,2.810062e-03,5.459584e-04,8.099381e-02,1.591297e-03
5.619332e-03,2.189669e-02,4.323974e-03,2.287587e-03,2.542308e-03,7.756213e-01,2.782856e-04,3.780575e-03,5.826592e-02,4.145154e-03,5.082846e-02,1.990128e-03,4.356108e-04,6.663986e-02,1.344764e-03
1.195561e-02,1.640870e-02,3.215212e-03,1.853216e-03,2.058483e-03,7.503130e-01,2.846863e-04,3.145121e-03,6.960592e-02,3.428854e-03,7.182894e-02,1.528041e-03,4.085980e-04,6.179455e-02,2.171005e-03
1.974942e-02,1.253440e-02,2.312595e-03,1.349672e-03,1.602147e-03,7.104050e-01,2.377836e-04,2.483835e-03,1.009461e-01,4.703377e-03,9.263519e-02,1.238810e-03,3.629612e-04,4.695452e-02,2.484173e-03
7.156789e-02,1.517810e-02,1.849740e-03,3.306585e-03,2.100599e-02,6.184215e-01,1.391200e-03,3.307280e-03,1.192644e-01,4.616605e-03,8.621435e-02,2.647019e-03,2.333622e-03,3.768467e-02,1.121096e-02
1.010499e-01,1.873833e-02,1.966571e-03,7.022543e-03,6.640164e-02,4.498845e-01,1.653565e-03,3.025389e-03,1.262545e-01,4.632812e-03,1.464345e-01,1.238024e-02,5.214278e-03,4.296278e-02,1.237846e-02
8.958267e-02,1.753199e-02,1.984048e-03,9.290038e-03,5.335379e-02,3.164361e-01,1.583368e-03,2.971512e-03,1.018870e-01,4.009100e-03,2.319390e-01,8.903484e-02,3.372062e-02,3.453379e-02,1.214207e-02
7.015637e-02,1.334680e-02,2.391364e-03,7.711299e-03,4.420868e-02,2.241300e-01,2.493382e-03,3.000760e-03,7.864907e-02,3.184675e-03,3.688519e-01,9.819529e-02,4.721945e-02,2.565023e-02,1.081074e-02
6.340266e-02,1.190824e-02,3.048904e-03,6.934308e-03,3.866701e-02,1.740748e-01,4.146015e-03,5.098894e-03,6.832903e-02,3.555869e-03,3.796216e-01,1.478877e-01,6.354332e-02,1.946855e-02,1.031308e-02
5.085472e-02,1.002380e-02,2.664249e-03,7.071438e-03,2.830292e-02,1.372706e-01,3.087229e-03,5.357589e-03,8.688636e-02,3.542409e-03,2.845126e-01,2.760830e-01,8.126879e-02,1.418020e-02,8.894064e-03
3.958997e-02,1.304108e-02,3.755254e-03,6.317105e-03,2.105019e-02,1.109075e-01,2.794817e-03,5.074926e-03,1.091135e-01,4.375747e-03,2.054975e-01,3.917122e-01,6.819852e-02,1.095568e-02,7.615876e-03
2.857445e-02,1.194534e-02,3.252033e-03,4.728107e-03,1.514049e-02,1.131229e-01,2.100464e-03,4.155780e-03,9.989063e-02,4.300285e-03,1.469109e-01,4.952321e-01,5.654265e-02,8.292845e-03,5.811063e-03
2.250586e-02,1.026938e-02,2.626052e-03,3.415842e-03,1.090650e-02,1.372355e-01,1.701909e-03,3.557356e-03,8.752006e-02,3.869835e-03,1.050015e-01,5.489621e-01,5.185472e-02,6.244287e-03,4.329045e-03
2.373922e-02,1.296443e-02,3.798643e-03,2.619576e-03,9.302406e-03,1.175815e-01,2.098805e-03,4.537087e-03,8.417286e-02,3.868411e-03,7.520156e-02,6.085901e-01,4.233602e-02,5.173288e-03,4.015997e-03
2.038922e-02,1.182296e-02,3.715246e-03,2.163319e-03,7.661020e-03,9.877884e-02,2.233696e-03,6.848639e-03,7.619792e-02,3.909131e-03,5.384795e-02,6.682276e-01,3.713941e-02,3.773880e-03,3.291120e-03
1.746944e-02,1.164538e-02,3.744770e-03,2.245880e-03,6.922116e-03,7.690790e-02,1.953628e-03,6.504915e-03,7.391204e-02,3.790388e-03,3.927707e-02,7.046962e-01,4.518458e-02,2.785224e-03,2.960492e-03
1.393108e-02,1.584951e-02,3.685251e-03,1.786732e-03,5.853418e-03,5.827294e-02,2.113909e-03,6.951639e-03,6.636497e-02,2.934950e-03,2.874899e-02,7.376051e-01,5.155351e-02,1.984323e-03,2.363730e-03
1.261779e-02,1.946579e-02,4.592244e-03,1.542899e-03,5.224577e-03,5.397230e-02,2.551171e-03,1.004459e-02,6.648615e-02,2.258928e-03,2.169085e-02,7.406723e-01,5.550174e-02,1.453204e-03,1.925503e-03
1.222803e-02,1.659684e-02,5.078373e-03,1.330809e-03,4.796444e-03,4.816819e-02,6.755027e-03,6.926914e-02,6.306206e-02,1.738669e-03,1.651482e-02,6.511457e-01,1.000742e-01,1.127179e-03,2.114556e-03
1.315232e-02,1.550602e-02,5.161872e-03,1.574907e-03,4.955200e-03,6.725097e-02,9.654264e-03,6.015448e-02,7.797951e-02,1.339737e-03,1.238408e-02,5.065342e-01,2.215952e-01,8.604608e-04,1.896828e-03
1.997847e-02,1.320340e-02,4.454634e-03,1.893502e-03,4.531039e-03,7.100122e-02,8.167326e-03,4.548732e-02,6.669543e-02,1.048879e-03,9.189754e-03,4.426638e-01,3.094864e-01,6.683631e-04,1.530380e-03
2.730857e-02,1.215320e-02,3.636765e-03,1.630615e-03,3.706637e-03,8.043832e-02,6.817837e-03,3.235535e-02,5.681989e-02,8.628750e-04,7.193794e-03,4.460082e-01,3.189357e-01,6.164616e-04,1.515738e-03
4.201454e-02,1.400038e-02,4.266114e-03,1.901322e-03,3.172317e-03,1.267045e-01,7.262169e-03,2.457749e-02,5.121391e-02,1.228259e-03,6.125342e-03,4.042664e-01,3.100255e-01,7.332255e-04,2.508410e-03
7.237431e-02,2.039081e-02,7.931753e-03,6.335415e-03,5.223248e-03,1.692609e-01,9.308903e-03,2.449388e-02,5.105687e-02,1.412229e-03,4.799423e-03,3.253714e-01,2.979833e-01,9.008532e-04,3.156716e-03
1.195347e-01,1.682314e-02,7.448525e-03,6.912672e-03,4.748223e-03,2.021833e-01,1.188790e-02,1.891420e-02,4.058307e-02,5.662393e-03,5.049520e-03,2.995493e-01,2.530864e-01,1.224817e-03,6.391597e-03
1.439763e-01,1.391254e-02,5.854715e-03,5.525050e-03,4.560544e-03,2.890995e-01,1.071237e-02,1.394016e-02,3.400347e-02,6.059014e-03,1.145951e-02,2.267541e-01,2.152584e-01,3.686598e-03,1.519752e-02
1.898463e-01,1.396768e-02,1.493846e-02,1.014758e-02,5.369210e-03,3.113288e-01,9.875296e-03,1.682984e-02,3.270742e-02,1.022608e-02,1.626435e-02,1.693408e-01,1.759145e-01,4.571444e-03,1.867226e-02
1.913238e-01,1.330558e-02,1.204299e-02,1.017235e-02,5.201263e-03,3.972139e-01,7.618353e-03,1.362190e-02,3.020501e-02,9.877596e-03,3.004096e-02,1.258216e-01,1.281455e-01,5.308331e-03,2.010094e-02
2.073777e-01,1.291210e-02,1.389586e-02,4.740496e-02,9.535064e-03,3.481243e-01,6.441309e-03,1.469292e-02,2.881138e-02,1.553374e-02,5.288123e-02,1.064123e-01,9.606832e-02,6.278096e-03,3.363071e-02
1.798060e-01,1.183071e-02,1.053986e-02,3.794873e-02,8.844452e-03,4.248777e-01,4.974646e-03,1.112852e-02,2.423784e-02,1.473507e-02,6.860243e-02,8.092390e-02,7.359771e-02,1.088723e-02,3.706517e-02
2.188786e-01,1.495056e-02,9.943004e-03,3.038662e-02,7.254815e-03,3.724066e-01,4.254660e-03,8.835663e-03,2.016664e-02,2.392709e-02,8.438255e-02,6.174629e-02,5.767101e-02,3.619096e-02,4.900490e-02
1.851016e-01,3.519262e-02,2.794225e-02,4.765899e-02,7.199277e-03,3.055828e-01,3.535590e-03,7.840001e-03,2.265680e-02,2.231950e-02,1.264517e-01,5.286264e-02,4.693848e-02,5.075190e-02,5.796582e-02
1.441395e-01,4.027184e-02,2.216817e-02,3.674504e-02,5.427481e-03,3.438848e-01,2.575652e-03,5.630764e-03,2.386530e-02,1.800905e-02,1.254853e-01,3.958386e-02,3.556978e-02,7.318138e-02,8.346219e-02
1.053604e-01,3.291104e-02,1.725628e-02,2.714074e-02,4.124114e-03,2.759786e-01,1.877836e-03,4.142989e-03,4.959915e-02,1.679941e-02,1.163808e-01,2.949445e-02,2.854631e-02,1.051961e-01,1.851918e-01
7.589608e-02,2.589171e-02,1.330096e-02,1.943819e-02,3.083168e-03,2.098164e-01,1.411271e-03,2.995152e-03,5.560065e-02,1.896370e-02,1.000356e-01,2.435931e-02,2.399610e-02,1.146715e-01,3.105402e-01
5.506568e-02,2.317675e-02,2.015734e-02,1.451872e-02,2.420024e-03,1.872059e-01,1.165025e-03,2.135158e-03,4.587219e-02,2.674692e-02,1.067320e-01,2.534528e-02,2.308560e-02,9.148490e-02,3.748885e-01
3.945389e-02,2.429856e-02,1.794496e-02,1.042795e-02,2.561532e-03,1.339596e-01,8.707992e-04,1.626834e-03,3.871255e-02,2.117656e-02,1.039438e-01,2.091868e-02,1.997161e-02,1.265662e-01,4.375665e-01
4.718644e-02,4.346522e-02,3.645072e-02,1.680240e-02,1.578006e-02,1.057511e-01,1.306366e-03,5.594659e-03,5.373734e-02,1.727385e-02,9.193116e-02,1.622283e-02,2.122345e-02,1.177377e-01,4.095368e-01
1.038292e-01,6.370816e-02,6.764448e-02,1.504213e-02,2.143917e-02,9.515535e-02,1.336800e-03,5.196197e-03,5.553581e-02,2.118354e-02,7.591394e-02,1.276398e-02,2.845879e-02,1.044977e-01,3.282948e-01
1.013295e-01,6.869861e-02,7.433079e-02,1.202215e-02,1.873715e-02,8.061060e-02,1.079870e-03,4.521399e-03,5.085737e-02,3.396334e-02,6.089907e-02,1.054214e-02,3.113908e-02,8.463889e-02,3.666301e-01
1.003370e-01,6.317086e-02,7.994306e-02,1.072647e-02,1.579978e-02,6.523630e-02,9.973578e-04,3.760934e-03,4.493501e-02,2.810943e-02,7.856295e-02,9.443420e-03,3.593206e-02,1.399978e-01,3.230476e-01
7.373557e-02,5.206416e-02,2.171858e-01,4.846021e-02,1.580441e-02,4.862255e-02,1.069070e-03,5.686557e-03,6.383386e-02,2.726915e-02,6.341253e-02,7.122956e-03,2.770058e-02,1.127963e-01,2.352364e-01
1.003892e-01,4.544651e-02,1.954878e-01,4.833521e-02,2.080091e-02,4.076412e-02,1.686099e-03,6.243002e-03,5.898320e-02,2.099146e-02,5.824178e-02,6.276535e-03,2.253104e-02,1.611267e-01,2.126965e-01
1.198064e-01,5.144217e-02,1.681827e-01,4.339263e-02,3.134005e-02,3.878880e-02,1.985065e-03,1.078599e-02,4.698287e-02,1.635009e-02,4.347711e-02,5.131217e-03,1.665510e-02,2.333523e-01,1.723275e-01
1.266855e-01,6.492665e-02,1.522715e-01,5.983693e-02,3.976037e-02,5.034748e-02,2.237309e-03,1.192180e-02,3.745130e-02,1.237219e-02,3.278362e-02,4.066753e-03,1.267541e-02,2.589095e-01,1.337537e-01
1.424794e-01,8.329883e-02,1.689564e-01,9.759461e-02,4.341032e-02,4.796799e-02,2.080800e-03,1.158023e-02,3.449386e-02,9.500704e-03,2.482921e-02,3.611529e-03,9.854333e-03,2.148905e-01,1.054513e-01
1.534666e-01,8.004511e-02,1.311832e-01,1.103747e-01,8.703874e-02,6.091977e-02,4.498153e-03,1.239391e-02,3.574909e-02,7.705173e-03,1.879683e-02,3.596941e-03,8.150096e-03,1.761581e-01,1.099235e-01
1.802112e-01,7.684907e-02,1.036386e-01,1.143558e-01,1.117774e-01,7.087953e-02,4.856084e-03,1.036413e-02,4.247610e-02,7.495297e-03,1.471069e-02,3.777096e-03,6.923998e-03,1.401912e-01,1.114937e-01
2.131358e-01,7.551166e-02,7.896347e-02,1.021190e-01,9.514328e-02,6.740887e-02,4.114441e-03,9.174048e-03,7.884521e-02,1.359384e-02,1.236374e-02,4.006750e-03,7.420506e-03,1.101823e-01,1.280170e-01
2.304595e-01,9.597279e-02,6.774513e-02,1.207761e-01,8.618455e-02,6.950831e-02,3.853130e-03,7.435891e-03,7.162937e-02,1.264250e-02,1.046110e-02,4.360874e-03,6.439197e-03,8.081468e-02,1.317168e-01
2.746782e-01,9.119391e-02,7.548758e-02,1.307797e-01,6.724633e-02,5.156637e-02,3.429146e-03,6.210195e-03,6.320705e-02,1.070919e-02,1.037592e-02,7.208414e-03,6.770584e-03,6.001155e-02,1.411258e-01
2.870042e-01,8.530980e-02,1.410162e-01,1.282124e-01,5.173587e-02,3.864902e-02,3.171000e-03,5.674007e-03,4.761009e-02,8.691447e-03,1.020109e-02,8.804639e-03,6.141684e-03,5.000743e-02,1.277711e-01
3.658350e-01,7.011627e-02,1.447985e-01,1.054556e-01,3.729626e-02,2.968911e-02,2.615140e-03,4.689728e-03,3.666883e-02,7.021429e-03,1.021029e-02,9.355690e-03,5.652214e-03,4.725388e-02,1.233421e-01
3.917127e-01,5.966850e-02,1.240021e-01,8.773611e-02,2.779409e-02,2.428453e-02,2.048204e-03,3.954438e-03,3.497865e-02,1.125101e-02,1.436603e-02,1.014487e-02,6.305641e-03,4.687015e-02,1.548830e-01
3.033329e-01,5.083623e-02,1.054424e-01,7.083402e-02,1.998776e-02,2.319559e-02,1.518690e-03,3.404246e-03,3.955133e-02,1.791112e-02,1.910667e-02,1.010160e-02,7.432143e-03,8.298725e-02,2.443581e-01
