1.000000e+00,0.000000e+00,0.000000e+00,0.000000e+00,0.000000e+00,0.000000e+00,0.000000e+00,0.000000e+00,0.000000e+00,0.000000e+00,0.000000e+00,0.000000e+00,0.000000e+00,0.000000e+00,0.000000e+00
1.000000e+00,0.000000e+00,0.000000e+00,0.000000e+00,0.000000e+00,0.000000e+00,0.000000e+00,0.000000e+00,0.000000e+00,0.000000e+00,0.000000e+00,0.000000e+00,0.000000e+00,0.000000e+00,0.000000e+00
1.000000e+00,0.000000e+00,0.000000e+00,0.000000e+00,0.000000e+00,0.000000e+00,0.000000e+00,0.000000e+00,0.000000e+00,0.000000e+00,0.000000e+00,0.000000e+00,0.000000e+00,0.000000e+00,0.000000e+00
1.000000e+00,0.000000e+00,0.000000e+00,0.000000e+00,0.000000e+00,0.000000e+00,0.000000e+00,0.000000e+00,0.000000e+00,0.000000e+00,0.000000e+00,0.000000e+00,0.000000e+00,0.000000e+00,0.000000e+00
1.000000e+00,0.000000e+00,0.000000e+00,0.000000e+00,0.000000e+00,0.000000e+00,0.000000e+00,0.000000e+00,0.000000e+00,0.000000e+00,0.000000e+00,0.000000e+00,0.000000e+00,0.000000e+00,0.000000e+00
1.000000e+00,0.000000e+00,0.000000e+00,0.000000e+00,0.000000e+00,0.000000e+00,0.000000e+00,0.000000e+00,0.000000e+00,0.000000e+00,0.000000e+00,0.000000e+00,0.000000e+00,0.000000e+00,0.000000e+00
1.000000e+00,0.000000e+00,0.000000e+00,0.000000e+00,0.000000e+00,0.000000e+00,0.000000e+00,0.000000e+00,0.000000e+00,0.000000e+00,0.000000e+00,0.000000e+00,0.000000e+00,0.000000e+00,0.000000e+00
1.000000e+00,0.000000e+00,0.000000e+00,0.000000e+00,0.000000e+00,0.000000e+00,0.000000e+00,0.000000e+00,0.000000e+00,0.000000e+00,0.000000e+00,0.000000e+00,0.000000e+00,0.000000e+00,0.000000e+00
1.000000e+00,0.000000e+00,0.000000e+00,0.000000e+00,0.000000e+00,0.000000e+00,0.000000e+00,0.000000e+00,0.000000e+00,0.000000e+00,0.000000e+00,0.000000e+00,0.000000e+00,0.000000e+00,0.000000e+00
1.000000e+00,0.000000e+00,0.000000e+00,0.000000e+00,0.000000e+00,0.000000e+00,0.000000e+00,0.000000e+00,0.000000e+00,0.000000e+00,0.000000e+00,0.000000e+00,0.000000e+00,0.000000e+00,0.000000e+00
1.000000e+00,0.000000e+00,0.000000e+00,0.000000e+00,0.000000e+00,0.000000e+00,0.000000e+00,0.000000e+00,0.000000e+00,0.000000e+00,0.000000e+00,0.000000e+00,0.000000e+00,0.000000e+00,0.000000e+00
1.000000e+00,0.000000e+00,0.000000e+00,0.000000e+00,0.000000e+00,0.000000e+00,0.000000e+00,0.000000e+00,0.000000e+00,0.000000e+00,0.000000e+00,0.000000e+00,0.000000e+00,0.000000e+00,0.000000e+00
1.000000e+00,0.000000e+00,0.000000e+00,0.000000e+00,0.000000e+00,0.000000e+00,0.000000e+00,0.000000e+00,0.000000e+00,0.000000e+00,0.000000e+00,0.000000e+00,0.000000e+00,0.000000e+00,0.000000e+00
1.000000e+00,0.000000e+00,0.000000e+00,0.000000e+00,0.000000e+00,0.000000e+00,0.000000e+00,0.000000e+00,0.000000e+00,0.000000e+00,0.000000e+00,0.000000e+00,0.000000e+00,0.000000e+00,0.000000e+00
1.000000e+00,0.000000e+00,0.000000e+00,0.000000e+00,0.000000e+00,0.000000e+00,0.000000e+00,0.000000e+00,0.000000e+00,0.000000e+00,0.000000e+00,0.000000e+00,0.000000e+00,0.000000e+00,0.000000e+00
1.000000e+00,0.000000e+00,0.000000e+00,0.000000e+00,0.000000e+00,0.000000e+00,0.000000e+00,0.000000e+00,0.000000e+00,0.000000e+00,0.000000e+00,0.000000e+00,0.000000e+00,0.000000e+00,0.000000e+00
1.000000e+00,0.000000e+00,0.000000e+00,0.000000e+00,0.000000e+00,0.000000e+00,0.000000e+00,0.000000e+00,0.000000e+00,0.000000e+00,0.000000e+00,0.000000e+00,0.000000e+00,0.000000e+00,0.000000e+00
1.000000e+00,0.000000e+00,0.000000e+00,0.000000e+00,0.000000e+00,0.000000e+00,0.000000e+00,0.000000e+00,0.000000e+00,0.000000e+00,0.000000e+00,0.000000e+00,0.000000e+00,0.000000e+00,0.000000e+00
1.000000e+00,0.000000e+00,0.000000e+00,0.000000e+00,0.000000e+00,0.000000e+00,0.000000e+00,0.000000e+00,0.000000e+00,0.000000e+00,0.000000e+00,0.000000e+00,0.000000e+00,0.000000e+00,0.000000e+00
1.000000e+00,0.000000e+00,0.000000e+00,0.000000e+00,0.000000e+00,0.000000e+00,0.000000e+00,0.000000e+00,0.000000e+00,0.000000e+00,0.000000e+00,0.000000e+00,0.000000e+00,0.000000e+00,0.000000e+00
1.000000e+00,0.000000e+00,0.000000e+00,0.000000e+00,0.000000e+00,0.000000e+00,0.000000e+00,0.000000e+00,0.000000e+00,0.000000e+00,0.000000e+00,0.000000e+00,0.000000e+00,0.000000e+00,0.000000e+00
1.000000e+00,0.000000e+00,0.000000e+00,0.000000e+00,0.000000e+00,0.000000e+00,0.000000e+00,0.000000e+00,0.000000e+00,0.000000e+00,0.000000e+00,0.000000e+00,0.000000e+00,0.000000e+00,0.000000e+00
1.000000e+00,0.000000e+00,0.000000e+00,0.000000e+00,0.000000e+00,0.000000e+00,0.000000e+00,0.000000e+00,0.000000e+00,0.000000e+00,0.000000e+00,0.000000e+00,0.000000e+00,0.000000e+00,0.000000e+00
1.000000e+00,0.000000e+00,0.000000e+00,0.000000e+00,0.000000e+00,0.000000e+00,0.000000e+00,0.000000e+00,0.000000e+00,0.000000e+00,0.000000e+00,0.000000e+00,0.000000e+00,0.000000e+00,0.000000e+00
1.000000e+00,0.000000e+00,0.000000e+00,0.000000e+00,0.000000e+00,0.000000e+00,0.000000e+00,0.000000e+00,0.000000e+00,0.000000e+00,0.000000e+00,0.000000e+00,0.000000e+00,0.000000e+00,0.000000e+00
1.000000e+00,0.000000e+00,0.000000e+00,0.000000e+00,0.000000e+00,0.000000e+00,0.000000e+00,0.000000e+00,0.000000e+00,0.000000e+00,0.000000e+00,0.000000e+00,0.000000e+00,0.000000e+00,0.000000e+00
1.000000e+00,0.000000e+00,0.000000e+00,0.000000e+00,0.000000e+00,0.000000e+00,0.000000e+00,0.000000e+00,0.000000e+00,0.000000e+00,0.000000e+00,0.000000e+00,0.000000e+00,0.000000e+00,0.000000e+00
1.000000e+00,0.000000e+00,0.000000e+00,0.000000e+00,0.000000e+00,0.000000e+00,0.000000e+00,0.000000e+00,0.000000e+00,0.000000e+00,0.000000e+00,0.000000e+00,0.000000e+00,0.000000e+00,0.000000e+00
1.000000e+00,0.000000e+00,0.000000e+00,0.000000e+00,0.000000e+00,0.000000e+00,0.000000e+00,0.000000e+00,0.000000e+00,0.000000e+00,0.000000e+00,0.000000e+00,0.000000e+00,0.000000e+00,0.000000e+00
1.000000e+00,0.000000e+00,0.000000e+00,0.000000e+00,0.000000e+00,0.000000e+00,0.000000e+00,0.000000e+00,0.000000e+00,0.000000e+00,0.000000e+00,0.000000e+00,0.000000e+00,0.000000e+00,0.000000e+00
1.000000e+00,0.000000e+00,0.000000e+00,0.000000e+00,0.000000e+00,0.000000e+00,0.000000e+00,0.000000e+00,0.000000e+00,0.000000e+00,0.000000e+00,0.000000e+00,0.000000e+00,0.000000e+00,0.000000e+00
1.000000e+00,0.000000e+00,0.000000e+00,0.000000e+00,0.000000e+00,0.000000e+00,0.000000e+00,0.000000e+00,0.000000e+00,0.000000e+00,0.000000e+00,0.000000e+00,0.000000e+00,0.000000e+00,0.000000e+00
1.000000e+00,0.000000e+00,0.000000e+00,0.000000e+00,0.000000e+00,0.000000e+00,0.000000e+00,0.000000e+00,0.000000e+00,0.000000e+00,0.000000e+00,0.000000e+00,0.000000e+00,0.000000e+00,0.000000e+00
1.000000e+00,0.000000e+00,0.000000e+00,0.000000e+00,0.000000e+00,0.000000e+00,0.000000e+00,0.000000e+00,0.000000e+00,0.000000e+00,0.000000e+00,0.000000e+00,0.000000e+00,0.000000e+00,0.000000e+00
1.000000e+00,0.000000e+00,0.000000e+00,0.000000e+00,0.000000e+00,0.000000e+00,0.000000e+00,0.000000e+00,0.000000e+00,0.000000e+00,0.000000e+00,0.000000e+00,0.000000e+00,0.000000e+00,0.000000e+00
1.000000e+00,0.000000e+00,0.000000e+00,0.000000e+00,0.000000e+00,0.000000e+00,0.000000e+00,0.000000e+00,0.000000e+00,0.000000e+00,0.000000e+00,0.000000e+00,0.000000e+00,0.000000e+00,0.000000e+00
1.000000e+00,0.000000e+00,0.000000e+00,0.000000e+00,0.000000e+00,0.000000e+00,0.000000e+00,0.000000e+00,0.000000e+00,0.000000e+00,0.000000e+00,0.000000e+00,0.000000e+00,0.000000e+00,0.000000e+00
1.000000e+00,0.000000e+00,0.000000e+00,0.000000e+00,0.000000e+00,0.000000e+00,0.000000e+00,0.000000e+00,0.000000e+00,0.000000e+00,0.000000e+00,0.000000e+00,0.000000e+00,0.000000e+00,0.000000e+00
1.000000e+00,0.000000e+00,0.000000e+00,0.000000e+00,0.000000e+00,0.000000e+00,0.000000e+00,0.000000e+00,0.000000e+00,0.000000e+00,0.000000e+00,0.000000e+00,0.000000e+00,0.000000e+00,0.000000e+00
1.000000e+00,0.000000e+00,0.000000e+00,0.000000e+00,0.000000e+00,0.000000e+00,0.000000e+00,0.000000e+00,0.000000e+00,0.000000e+00,0.000000e+00,0.000000e+00,0.000000e+00,0.000000e+00,0.000000e+00
1.000000e+00,0.000000e+00,0.000000e+00,0.000000e+00,0.000000e+00,0.000000e+00,0.000000e+00,0.000000e+00,0.000000e+00,0.000000e+00,0.000000e+00,0.000000e+00,0.000000e+00,0.000000e+00,0.000000e+00
1.000000e+00,0.000000e+00,0.000000e+00,0.000000e+00,0.000000e+00,0.000000e+00,0.000000e+00,0.000000e+00,0.000000e+00,0.000000e+00,0.000000e+00,0.000000e+00,0.000000e+00,0.000000e+00,0.000000e+00
1.000000e+00,0.000000e+00,0.000000e+00,0.000000e+00,0.000000e+00,0.000000e+00,0.000000e+00,0.000000e+00,0.000000e+00,0.000000e+00,0.000000e+00,0.000000e+00,0.000000e+00,0.000000e+00,0.000000e+00
1.000000e+00,0.000000e+00,0.000000e+00,0.000000e+00,0.000000e+00,0.000000e+00,0.000000e+00,0.000000e+00,0.000000e+00,0.000000e+00,0.000000e+00,0.000000e+00,0.000000e+00,0.000000e+00,0.000000e+00
1.000000e+00,0.000000e+00,0.000000e+00,0.000000e+00,0.000000e+00,0.000000e+00,0.000000e+00,0.000000e+00,0.000000e+00,0.000000e+00,0.000000e+00,0.000000e+00,0.000000e+00,0.000000e+00,0.000000e+00
1.000000e+00,0.000000e+00,0.000000e+00,0.000000e+00,0.000000e+00,0.000000e+00,0.000000e+00,0.000000e+00,0.000000e+00,0.000000e+00,0.000000e+00,0.000000e+00,0.000000e+00,0.000000e+00,0.000000e+00
1.000000e+00,0.000000e+00,0.000000e+00,0.000000e+00,0.000000e+00,0.000000e+00,0.000000e+00,0.000000e+00,0.000000e+00,0.000000e+00,0.000000e+00,0.000000e+00,0.000000e+00,0.000000e+00,0.000000e+00
1.000000e+00,0.000000e+00,0.000000e+00,0.000000e+00,0.000000e+00,0.000000e+00,0.000000e+00,0.000000e+00,0.000000e+00,0.000000e+00,0.000000e+00,0.000000e+00,0.000000e+00,0.000000e+00,0.000000e+00
1.000000e+00,0.000000e+00,0.000000e+00,0.000000e+00,0.000000e+00,0.000000e+00,0.000000e+00,0.000000e+00,0.000000e+00,0.000000e+00,0.000000e+00,0.000000e+00,0.000000e+00,0.000000e+00,0.000000e+00
1.000000e+00,0.000000e+00,0.000000e+00,0.000000e+00,0.000000e+00,0.000000e+00,0.000000e+00,0.000000e+00,0.000000e+00,0.000000e+00,0.000000e+00,0.000000e+00,0.000000e+00,0.000000e+00,0.000000e+00
4.636423e-01,5.722964e-02,3.529529e-02,1.461017e-01,2.765172e-02,3.693831e-02,1.003222e-02,3.156524e-02,2.080547e-02,3.887054e-03,3.252271e-02,6.561637e-02,2.166466e-02,8.363044e-03,3.868435e-02
1.000000e+00,0.000000e+00,0.000000e+00,0.000000e+00,0.000000e+00,0.000000e+00,0.000000e+00,0.000000e+00,0.000000e+00,0.000000e+00,0.000000e+00,0.000000e+00,0.000000e+00,0.000000e+00,0.000000e+00
1.000000e+00,0.000000e+00,0.000000e+00,0.000000e+00,0.000000e+00,0.000000e+00,0.000000e+00,0.000000e+00,0.000000e+00,0.000000e+00,0.000000e+00,0.000000e+00,0.000000e+00,0.000000e+00,0.000000e+00
1.000000e+00,0.000000e+00,0.000000e+00,0.000000e+00,0.000000e+00,0.000000e+00,0.000000e+00,0.000000e+00,0.000000e+00,0.000000e+00,0.000000e+00,0.000000e+00,0.000000e+00,0.000000e+00,0.000000e+00
1.000000e+00,0.000000e+00,0.000000e+00,0.000000e+00,0.000000e+00,0.000000e+00,0.000000e+00,0.000000e+00,0.000000e+00,0.000000e+00,0.000000e+00,0.000000e+00,0.000000e+00,0.000000e+00,0.000000e+00
1.000000e+00,0.000000e+00,0.000000e+00,0.000000e+00,0.000000e+00,0.000000e+00,0.000000e+00,0.000000e+00,0.000000e+00,0.000000e+00,0.000000e+00,0.000000e+00,0.000000e+00,0.000000e+00,0.000000e+00
1.000000e+00,0.000000e+00,0.000000e+00,0.000000e+00,0.000000e+00,0.000000e+00,0.000000e+00,0.000000e+00,0.000000e+00,0.000000e+00,0.000000e+00,0.000000e+00,0.000000e+00,0.000000e+00,0.000000e+00
1.000000e+00,0.000000e+00,0.000000e+00,0.000000e+00,0.000000e+00,0.000000e+00,0.000000e+00,0.000000e+00,0.000000e+00,0.000000e+00,0.000000e+00,0.000000e+00,0.000000e+00,0.000000e+00,0.000000e+00
1.000000e+00,0.000000e+00,0.000000e+00,0.000000e+00,0.000000e+00,0.000000e+00,0.000000e+00,0.000000e+00,0.000000e+00,0.000000e+00,0.000000e+00,0.000000e+00,0.000000e+00,0.000000e+00,0.000000e+00
1.000000e+00,0.000000e+00,0.000000e+00,0.000000e+00,0.000000e+00,0.000000e+00,0.000000e+00,0.000000e+00,0.000000e+00,0.000000e+00,0.000000e+00,0.000000e+00,0.000000e+00,0.000000e+00,0.000000e+00
4.760848e-01,1.977907e-02,1.880429e-01,7.789043e-02,8.534587e-03,4.239957e-02,8.540415e-03,3.275857e-02,8.762339e-03,1.466847e-03,3.131337e-02,5.594026e-02,2.699251e-02,5.057749e-03,1.643650e-02
3.755024e-01,1.459727e-02,2.985398e-01,8.091015e-02,7.600305e-03,3.275717e-02,7.173108e-03,7.074876e-02,6.625629e-03,1.130701e-03,2.427815e-02,4.301339e-02,2.089705e-02,3.938352e-03,1.228774e-02
2.756615e-01,1.035138e-02,3.689067e-01,7.380535e-02,5.764098e-03,2.645424e-02,1.071127e-02,1.463771e-01,4.752495e-03,8.276636e-04,1.735008e-02,3.070280e-02,1.657435e-02,2.931439e-03,8.829424e-03
2.061089e-01,7.338627e-03,3.518122e-01,7.792681e-02,4.283597e-03,2.176581e-02,1.023317e-02,2.605027e-01,3.442435e-03,6.375987e-04,1.240384e-02,2.215904e-02,1.271929e-02,2.227658e-03,6.438171e-03
1.566817e-01,5.225625e-03,3.287914e-01,6.141394e-02,3.210946e-03,1.996952e-02,1.055905e-02,3.708702e-01,2.451571e-03,5.116925e-04,8.813589e-03,1.578367e-02,9.318291e-03,1.656842e-03,4.741879e-03
1.305117e-01,3.789977e-03,2.537919e-01,4.510104e-02,2.654369e-03,1.896262e-02,1.619324e-02,4.971266e-01,1.772072e-03,4.499348e-04,6.273172e-03,1.137684e-02,7.169036e-03,1.236764e-03,3.590610e-03
9.502136e-02,2.753146e-03,2.102269e-01,3.330458e-02,2.566463e-03,1.454637e-02,4.001816e-02,5.775343e-01,1.323984e-03,4.431794e-04,4.445312e-03,8.062479e-03,6.101437e-03,9.318035e-04,2.720512e-03
6.797479e-02,1.980175e-03,1.596292e-01,2.389591e-02,2.906735e-03,1.067140e-02,7.826009e-02,6.361321e-01,9.790120e-04,3.684422e-04,3.186322e-03,5.954900e-03,5.297445e-03,7.218338e-04,2.041675e-03
5.093503e-02,1.586954e-03,1.193688e-01,1.722092e-02,3.131449e-03,1.131317e-02,1.383830e-01,6.377122e-01,8.130763e-04,3.753523e-04,2.429253e-03,5.098983e-03,9.085743e-03,6.084450e-04,1.937684e-03
4.547686e-02,1.362503e-03,8.617996e-02,1.240844e-02,5.088494e-03,1.460793e-02,1.236734e-01,6.881055e-01,7.174164e-04,3.900682e-04,1.981327e-03,4.243107e-03,1.334292e-02,5.313258e-04,1.890794e-03
4.957415e-02,1.040791e-03,6.248337e-02,9.352209e-03,5.347583e-03,1.295059e-02,1.061109e-01,7.339952e-01,5.864968e-04,3.770505e-04,1.556274e-03,3.802719e-03,1.077745e-02,4.395132e-04,1.605762e-03
5.226755e-02,9.000255e-04,4.518211e-02,7.053306e-03,5.655777e-03,1.481659e-02,1.214828e-01,7.311499e-01,6.231396e-04,4.403071e-04,1.278550e-03,3.894285e-03,1.303815e-02,4.074561e-04,1.809925e-03
1.132419e-01,1.000878e-03,3.292334e-02,5.579830e-03,7.012470e-03,3.108963e-02,1.028385e-01,6.731164e-01,7.490533e-04,5.182552e-04,1.261215e-03,7.499008e-03,1.950007e-02,5.146812e-04,3.154728e-03
1.466164e-01,1.584976e-03,2.568765e-02,4.975573e-03,9.508154e-03,4.941517e-02,8.643868e-02,6.334385e-01,1.012164e-03,7.850690e-04,1.461559e-03,9.473642e-03,2.420646e-02,5.787965e-04,4.817150e-03
1.820517e-01,1.506081e-03,1.913347e-02,4.366534e-03,1.032145e-02,6.448522e-02,7.086515e-02,6.040108e-01,9.776226e-04,7.856130e-04,1.463865e-03,9.886971e-03,2.467769e-02,5.972612e-04,4.870456e-03
1.736275e-01,1.747295e-03,1.519719e-02,4.345604e-03,1.038776e-02,8.465655e-02,5.519531e-02,6.107301e-01,1.074060e-03,8.462004e-04,1.385511e-03,9.991974e-03,2.484726e-02,5.763493e-04,5.391284e-03
1.294569e-01,4.213571e-03,1.274122e-02,6.439401e-03,1.063187e-02,1.221751e-01,4.254738e-02,4.999323e-01,4.568148e-03,9.026811e-03,5.759918e-03,9.969562e-03,1.232036e-01,8.195142e-04,1.851458e-02
9.491406e-02,4.666536e-03,9.765209e-03,5.791589e-03,8.687032e-03,9.323814e-02,3.210714e-02,3.787236e-01,5.420781e-03,1.297708e-02,9.054894e-03,7.872889e-03,1.915357e-01,1.211919e-03,1.440335e-01
7.021829e-02,5.714553e-03,7.229366e-03,4.816538e-03,6.779728e-03,6.808159e-02,2.400571e-02,2.807508e-01,6.376425e-03,1.684841e-02,1.011096e-02,6.061685e-03,2.432007e-01,1.116306e-03,2.486889e-01
5.172037e-02,1.141376e-02,5.207461e-03,3.467413e-03,4.930703e-03,4.866754e-02,1.691934e-02,1.973687e-01,2.016596e-02,1.567812e-02,7.454982e-03,4.364974e-03,1.985094e-01,9.336707e-04,4.131976e-01
3.709660e-02,9.233286e-03,3.674752e-03,2.438291e-03,3.492889e-03,3.416795e-02,1.185961e-02,1.382966e-01,2.524462e-02,1.123597e-02,5.239798e-03,3.063034e-03,1.417243e-01,7.706205e-04,5.724617e-01
2.766673e-02,8.010691e-03,2.628691e-03,1.734694e-03,2.567751e-03,2.416006e-02,8.324591e-03,9.697208e-02,2.542632e-02,8.725027e-03,3.716866e-03,2.156341e-03,1.008268e-01,1.138819e-03,6.859446e-01
1.971837e-02,9.192880e-03,1.869299e-03,1.232884e-03,1.849066e-03,1.702273e-02,5.831067e-03,6.795460e-02,2.105885e-02,6.946193e-03,2.689689e-03,1.515667e-03,7.125184e-02,9.714426e-04,7.708955e-01
1.396244e-02,1.631764e-02,1.331378e-03,8.720238e-04,1.317829e-03,1.205742e-02,4.083890e-03,4.763459e-02,1.662050e-02,6.557951e-03,1.974072e-03,1.065166e-03,5.016108e-02,8.684855e-04,8.251756e-01
1.001170e-02,7.245565e-02,1.215684e-03,7.105278e-04,9.459703e-04,9.256914e-03,2.861651e-03,3.336714e-02,1.431097e-02,6.402122e-03,1.650652e-03,7.860974e-04,3.535156e-02,8.603910e-04,8.098130e-01
7.620490e-03,6.408679e-02,1.133721e-03,5.166831e-04,6.785470e-04,7.678099e-03,2.019512e-03,2.339797e-02,1.121474e-02,5.399099e-03,1.375243e-03,5.581482e-04,2.480753e-02,1.165553e-03,8.483479e-01
7.698000e-03,5.133732e-02,1.103941e-03,3.844505e-04,6.523280e-04,8.884234e-03,1.516632e-03,1.645231e-02,9.217316e-03,3.826334e-03,1.024662e-03,3.970056e-04,1.739813e-02,1.313491e-03,8.787939e-01
1.366209e-02,3.744412e-02,1.468003e-03,3.311000e-04,9.915193e-04,3.500410e-02,1.210735e-03,1.156019e-02,8.276673e-03,3.010926e-03,9.076040e-04,2.942906e-04,1.221937e-02,1.584617e-03,8.720347e-01
1.501288e-02,2.740231e-02,1.411167e-03,2.794038e-04,1.055929e-03,9.130179e-02,9.914243e-04,8.135008e-03,7.212623e-03,2.666937e-03,8.103737e-04,2.217611e-04,8.592869e-03,2.027030e-03,8.328785e-01
2.077294e-02,2.087675e-02,2.796859e-03,5.059195e-04,9.627586e-04,2.091737e-01,9.627901e-04,5.865480e-03,5.547558e-03,2.852286e-03,8.133940e-04,2.314182e-04,6.104845e-03,2.473995e-03,7.200593e-01
4.215985e-02,1.689144e-02,2.750086e-02,5.024209e-03,1.061858e-03,2.115099e-01,1.376103e-03,4.991752e-03,4.996061e-03,3.861005e-03,1.366027e-03,5.428216e-04,4.639190e-03,4.137365e-03,6.699416e-01
6.605534e-02,1.888433e-02,2.298014e-02,5.293582e-03,1.412263e-03,1.739568e-01,1.320600e-03,3.737350e-03,7.475180e-03,4.579383e-03,1.909963e-03,6.463344e-04,3.503669e-03,4.955180e-03,6.832899e-01
1.448070e-01,2.416633e-02,2.039945e-02,6.098896e-03,1.831262e-03,1.551600e-01,1.247915e-03,2.877323e-03,3.138321e-02,1.050821e-02,5.459353e-03,1.293717e-03,3.612326e-03,1.607636e-02,5.750788e-01
1.502357e-01,2.210306e-02,2.004037e-02,6.132063e-03,2.202801e-03,1.354041e-01,1.061574e-03,2.389441e-03,5.326459e-02,1.487883e-02,8.099341e-03,1.425368e-03,3.116703e-03,4.124997e-02,5.383961e-01
1.357876e-01,2.246051e-02,2.362821e-02,6.298776e-03,2.122796e-03,1.037981e-01,8.485694e-04,1.852555e-03,1.083513e-01,2.230036e-02,9.171674e-03,1.243785e-03,2.514285e-03,8.459149e-02,4.750299e-01
1.112999e-01,2.037224e-02,2.759443e-02,7.009450e-03,2.027855e-03,7.335651e-02,6.886004e-04,1.560336e-03,1.217900e-01,5.857207e-02,1.499162e-02,1.297889e-03,2.348654e-03,1.493564e-01,4.077340e-01
8.335582e-02,2.700449e-02,1.224232e-01,2.256591e-02,2.926931e-03,5.263468e-02,5.986094e-04,1.241164e-03,1.082887e-01,6.071411e-02,1.508258e-02,1.223714e-03,1.908610e-03,1.392782e-01,3.607532e-01
5.890424e-02,2.036182e-02,2.491041e-01,2.921613e-02,2.792687e-03,3.773400e-02,4.743328e-04,9.437927e-04,9.280664e-02,6.188874e-02,1.980648e-02,1.693033e-03,2.215936e-03,1.215958e-01,3.004622e-01
4.162325e-02,1.713097e-02,3.408576e-01,3.028264e-02,2.550556e-03,2.703228e-02,3.968376e-04,7.575319e-04,8.571520e-02,6.260227e-02,5.724551e-02,1.589288e-03,1.957615e-03,9.718556e-02,2.330730e-01
3.394635e-02,2.102607e-02,2.895570e-01,2.556209e-02,2.053290e-03,2.181807e-02,4.392806e-04,7.076772e-04,6.272412e-02,5.519111e-02,1.953267e-01,1.013416e-02,2.004139e-03,1.117065e-01,1.678036e-01
2.403821e-02,1.530212e-02,2.043276e-01,1.846074e-02,1.502469e-03,1.559591e-02,3.340310e-04,5.481275e-04,4.460020e-02,4.031055e-02,4.168072e-01,8.911530e-03,1.481174e-03,9.010054e-02,1.176797e-01
1.766711e-02,1.145688e-02,1.439818e-01,1.366611e-02,1.491214e-03,1.149866e-02,3.288109e-04,5.015375e-04,3.278473e-02,3.118970e-02,5.521331e-01,1.257494e-02,1.244894e-03,8.675998e-02,8.272067e-02
1.253087e-02,8.234262e-03,1.010351e-01,1.036762e-02,1.164873e-03,8.696544e-03,2.548111e-04,3.794130e-04,2.420318e-02,2.480018e-02,6.698024e-01,1.056363e-02,1.568839e-03,6.813794e-02,5.826042e-02
8.922467e-03,5.917286e-03,7.086580e-02,7.521411e-03,9.293832e-04,6.414330e-03,1.882777e-04,2.870974e-04,1.729591e-02,2.108271e-02,7.529480e-01,8.491389e-03,1.583512e-03,5.631091e-02,4.124145e-02
6.675241e-03,4.743448e-03,4.987896e-02,5.797163e-03,2.950981e-02,7.075748e-03,5.388013e-04,5.557055e-04,1.376545e-02,9.096203e-02,6.900913e-01,8.848853e-03,2.389308e-03,5.720117e-02,3.196698e-02
4.836044e-03,3.375215e-03,3.498881e-02,4.651932e-03,5.754025e-02,5.603840e-03,8.165498e-04,7.392599e-04,1.061637e-02,9.904066e-02,6.894598e-01,7.443781e-03,3.535063e-03,5.154689e-02,2.580555e-02
3.985716e-03,2.467124e-03,2.462585e-02,4.127325e-03,1.711850e-01,5.357438e-03,2.446106e-03,1.081762e-03,8.813317e-03,1.153003e-01,5.724308e-01,8.739990e-03,5.562628e-03,4.860159e-02,2.527502e-02
5.437699e-03,2.167963e-03,1.782302e-02,3.833237e-03,2.257936e-01,7.697068e-03,4.511525e-03,2.319257e-03,9.631958e-03,8.457919e-02,5.573798e-01,1.227673e-02,8.684834e-03,3.626205e-02,2.160200e-02
5.483418e-03,6.222676e-03,1.891101e-02,3.909599e-03,2.452893e-01,7.780090e-03,4.535446e-03,2.206083e-03,1.244081e-02,6.146701e-02,5.604479e-01,1.283162e-02,1.373844e-02,2.859145e-02,1.614519e-02
5.569020e-03,1.164883e-02,1.621668e-02,3.192690e-03,1.846256e-01,7.842659e-03,3.671819e-03,1.908232e-03,1.575764e-02,4.723971e-02,6.409084e-01,1.323029e-02,1.295920e-02,2.153876e-02,1.369050e-02
5.926441e-03,2.482113e-02,1.445269e-02,2.546788e-03,1.348992e-01,1.124008e-02,4.659678e-03,5.427232e-03,3.547392e-02,3.554700e-02,6.652689e-01,1.402775e-02,1.742509e-02,1.646552e-02,1.181860e-02
7.143839e-03,3.524175e-02,6.422859e-02,2.413243e-03,1.054076e-01,1.438541e-02,8.595083e-03,1.392288e-02,3.707622e-02,3.682669e-02,6.164721e-01,1.368727e-02,1.604433e-02,1.790331e-02,1.065175e-02
1.575382e-02,4.176462e-02,9.283307e-02,4.411395e-03,7.913555e-02,2.748249e-02,7.530429e-03,4.079161e-02,4.961705e-02,3.140635e-02,5.533491e-01,1.413834e-02,1.513160e-02,1.692167e-02,9.732865e-03
1.725633e-02,4.189725e-02,7.255781e-02,5.631123e-03,9.912093e-02,2.538091e-02,6.389499e-03,5.927686e-02,8.661926e-02,2.876327e-02,5.046175e-01,1.353875e-02,1.643586e-02,1.368859e-02,8.826074e-03
2.073907e-02,4.066952e-02,7.626319e-02,6.156852e-03,1.053471e-01,3.316604e-02,5.756017e-03,6.784647e-02,9.366253e-02,2.278480e-02,4.550556e-01,2.656303e-02,2.317278e-02,1.337893e-02,9.438124e-03
1.945418e-02,3.071984e-02,5.791973e-02,5.437362e-03,9.742455e-02,4.574057e-02,4.783696e-03,5.220621e-02,8.085847e-02,2.938152e-02,3.809627e-01,1.142657e-01,6.194194e-02,1.114047e-02,7.763078e-03
1.917865e-02,2.337029e-02,4.323247e-02,4.959286e-03,8.918706e-02,4.107649e-02,4.520570e-03,4.238445e-02,6.603543e-02,1.012356e-01,3.043412e-01,1.673796e-01,7.516566e-02,1.108638e-02,6.846840e-03
1.637625e-02,1.703463e-02,3.081444e-02,3.921685e-03,7.409684e-02,3.205022e-02,3.344666e-03,3.046183e-02,5.080134e-02,8.228622e-02,2.774206e-01,2.894841e-01,6.637076e-02,2.004945e-02,5.486960e-03
1.775814e-02,1.243716e-02,2.207988e-02,3.873964e-03,6.869102e-02,2.552022e-02,2.516055e-03,2.241082e-02,4.279472e-02,6.606860e-02,2.760811e-01,3.550433e-01,5.302603e-02,2.720237e-02,4.496594e-03
1.677649e-02,9.344166e-03,1.563229e-02,3.075726e-03,5.026672e-02,1.958224e-02,1.806379e-03,1.584542e-02,3.350948e-02,5.226720e-02,3.074289e-01,3.871775e-01,3.986800e-02,4.342692e-02,3.992555e-03
1.489725e-02,6.843502e-03,1.108482e-02,2.435873e-03,3.612084e-02,1.512076e-02,1.280749e-03,1.115928e-02,2.461801e-02,5.027788e-02,3.092707e-01,4.464661e-01,2.984566e-02,3.664472e-02,3.933927e-03
1.385777e-02,5.198087e-03,7.984125e-03,2.071044e-03,2.649968e-02,1.214964e-02,9.087776e-04,7.944315e-03,1.821869e-02,4.784974e-02,3.526021e-01,4.467670e-01,2.240585e-02,3.125774e-02,4.285469e-03
4.017676e-02,4.332538e-03,6.358022e-03,2.079371e-03,1.945666e-02,2.156942e-02,7.204481e-04,7.037129e-03,1.421104e-02,1.442448e-01,2.868777e-01,4.038915e-01,1.909397e-02,2.493939e-02,5.011268e-03
4.166444e-02,3.345018e-03,4.787933e-03,2.438796e-03,1.498068e-02,2.247253e-02,5.542556e-04,5.338812e-03,1.116861e-02,1.174448e-01,3.176336e-01,4.161380e-01,1.640582e-02,1.991111e-02,5.715519e-03
4.280341e-02,4.984176e-03,3.902274e-03,3.346781e-03,1.556317e-02,2.081139e-02,9.751989e-04,4.321977e-03,1.145823e-02,9.617689e-02,3.347484e-01,4.134884e-01,1.363338e-02,2.148794e-02,1.229834e-02
7.933135e-02,1.024601e-02,4.133019e-03,5.123902e-03,2.756613e-02,2.250333e-02,2.153537e-03,4.580730e-03,1.197568e-02,7.765879e-02,3.350613e-01,3.652759e-01,1.199563e-02,1.874801e-02,2.364662e-02
1.176103e-01,1.315416e-02,4.487391e-03,5.845216e-03,3.428674e-02,2.517819e-02,3.178499e-03,5.349449e-03,1.389187e-02,6.163980e-02,3.589338e-01,3.006723e-01,1.277914e-02,1.571431e-02,2.727873e-02
1.868453e-01,1.660721e-02,5.129699e-03,7.794053e-03,4.057575e-02,3.173963e-02,5.043654e-03,9.975251e-03,2.017618e-02,4.763269e-02,3.319812e-01,2.362665e-01,1.217586e-02,1.398202e-02,3.407504e-02
1.991299e-01,2.703258e-02,9.934331e-03,7.621027e-03,5.449453e-02,3.718156e-02,9.781517e-03,2.251214e-02,4.519046e-02,3.936894e-02,2.662834e-01,2.188440e-01,1.161578e-02,1.547997e-02,3.552987e-02
2.683453e-01,3.239374e-02,1.885636e-02,8.090265e-03,5.106997e-02,4.724503e-02,1.162480e-02,3.566469e-02,6.674218e-02,3.159018e-02,1.949619e-01,1.766167e-01,1.124631e-02,1.362059e-02,3.193202e-02
3.529246e-01,4.206595e-02,1.846477e-02,1.031273e-02,4.608371e-02,4.196613e-02,9.186222e-03,3.155195e-02,9.248064e-02,2.467747e-02,1.432664e-01,1.332514e-01,1.037636e-02,1.154084e-02,3.185088e-02
4.020034e-01,4.631540e-02,1.723857e-02,1.348256e-02,4.647734e-02,3.904881e-02,7.714375e-03,3.097683e-02,1.093192e-01,2.110777e-02,1.081960e-01,1.024033e-01,1.054851e-02,9.925019e-03,3.524288e-02
3.488162e-01,3.673653e-02,3.309516e-02,2.227488e-02,8.718792e-02,3.213554e-02,7.113945e-03,1.295655e-01,9.092686e-02,1.658943e-02,7.859227e-02,7.470416e-02,8.929073e-03,7.447126e-03,2.588552e-02
3.269605e-01,3.137021e-02,3.498551e-02,2.309806e-02,1.581020e-01,6.805097e-02,1.388966e-02,1.041054e-01,7.591628e-02,1.238601e-02,5.751192e-02,5.524847e-02,1.225575e-02,6.475368e-03,1.964389e-02
3.847926e-01,2.696922e-02,3.504635e-02,2.075011e-02,1.537824e-01,9.661555e-02,1.186639e-02,8.158447e-02,5.924790e-02,1.085156e-02,4.249378e-02,4.148659e-02,1.126908e-02,5.859014e-03,1.738503e-02
3.706356e-01,2.858223e-02,3.687043e-02,2.067413e-02,1.548851e-01,1.109894e-01,9.747648e-03,7.322453e-02,5.482555e-02,1.329081e-02,4.165726e-02,3.667840e-02,1.705265e-02,6.889845e-03,2.399630e-02
3.309232e-01,3.190769e-02,3.572103e-02,2.272958e-02,1.631288e-01,1.407693e-01,8.872562e-03,7.087570e-02,5.498623e-02,1.720684e-02,3.686361e-02,3.081287e-02,1.752064e-02,8.086558e-03,2.959536e-02
3.198989e-01,4.470109e-02,3.873339e-02,2.067789e-02,1.642860e-01,1.492630e-01,8.123612e-03,6.543472e-02,5.028868e-02,1.709060e-02,2.781442e-02,2.516501e-02,1.693200e-02,9.313446e-03,4.227716e-02
3.336672e-01,4.482054e-02,3.439581e-02,1.951217e-02,1.595390e-01,1.324006e-01,6.897005e-03,6.751538e-02,5.408585e-02,1.959264e-02,2.214297e-02,2.416977e-02,1.828937e-02,9.029880e-03,5.394181e-02
3.159618e-01,4.141333e-02,2.679266e-02,2.318776e-02,1.171806e-01,9.678584e-02,5.531503e-03,5.124340e-02,6.759729e-02,2.691466e-02,2.081203e-02,2.671287e-02,3.993781e-02,1.348822e-02,1.264402e-01
2.892559e-01,4.991368e-02,2.077643e-02,2.579269e-02,8.559788e-02,7.319294e-02,4.475931e-03,3.793639e-02,9.105124e-02,2.630460e-02,2.327346e-02,2.342762e-02,7.354084e-02,1.215265e-02,1.633077e-01
2.751039e-01,7.123961e-02,1.626462e-02,2.681987e-02,6.522077e-02,5.404207e-02,3.855010e-03,2.818569e-02,1.346583e-01,2.838805e-02,2.085727e-02,2.038437e-02,7.867382e-02,1.003559e-02,1.662711e-01
2.493814e-01,9.565877e-02,1.252720e-02,2.306916e-02,5.180169e-02,4.340141e-02,3.509770e-03,2.214816e-02,2.393465e-01,2.120738e-02,1.822318e-02,1.593129e-02,6.902924e-02,7.622522e-03,1.271423e-01
2.508891e-01,9.922695e-02,1.118760e-02,2.559729e-02,5.064763e-02,3.463390e-02,5.592677e-03,2.371397e-02,2.789588e-01,1.622007e-02,1.491966e-02,1.347210e-02,6.769353e-02,5.975117e-03,1.012716e-01
2.125810e-01,1.171502e-01,1.122223e-02,3.097954e-02,4.330559e-02,2.975262e-02,5.993974e-03,1.959610e-02,3.225955e-01,1.517987e-02,1.117084e-02,1.108081e-02,6.307904e-02,4.538887e-03,1.017738e-01
1.585701e-01,1.610658e-01,2.330151e-02,3.365435e-02,3.922931e-02,2.487384e-02,5.308676e-03,4.128879e-02,3.357949e-01,1.235719e-02,9.521071e-03,8.512656e-03,6.011763e-02,3.788784e-03,8.261538e-02
1.220479e-01,1.979913e-01,2.770515e-02,2.919092e-02,3.437484e-02,2.042348e-02,5.633331e-03,3.795393e-02,3.679729e-01,1.138338e-02,8.000025e-03,6.864194e-03,5.272036e-02,3.230616e-03,7.450782e-02
9.938802e-02,1.668244e-01,2.874209e-02,2.922397e-02,3.002555e-02,1.703336e-02,6.029332e-03,1.133767e-01,3.253260e-01,9.773374e-03,7.424876e-03,7.144651e-03,5.685458e-02,2.746535e-03,1.000866e-01
8.834895e-02,1.235090e-01,4.494343e-02,4.138543e-02,2.829496e-02,1.531885e-02,1.386512e-02,2.140527e-01,2.611944e-01,8.154494e-03,6.118394e-03,6.509955e-03,5.141047e-02,2.149736e-03,9.474403e-02
8.036146e-02,8.967382e-02,1.001967e-01,3.719941e-02,2.951495e-02,1.545603e-02,7.207356e-02,2.136725e-01,2.217588e-01,6.406808e-03,4.590329e-03,5.121984e-03,4.677084e-02,1.621422e-03,7.558136e-02
7.085217e-02,7.016069e-02,1.516885e-01,3.913530e-02,3.383435e-02,2.823639e-02,8.502200e-02,2.039600e-01,1.906075e-01,6.316265e-03,3.681494e-03,4.490918e-03,4.947210e-02,1.455535e-03,6.108682e-02
8.140372e-02,6.844205e-02,1.652797e-01,3.658376e-02,3.938646e-02,3.666209e-02,9.140287e-02,1.620229e-01,1.777856e-01,6.843139e-03,4.212539e-03,5.808697e-03,7.288000e-02,1.692145e-03,4.959439e-02
6.101752e-02,5.584579e-02,1.875573e-01,4.420753e-02,3.190996e-02,5.564424e-02,7.491273e-02,1.153003e-01,1.385549e-01,2.105196e-02,6.397009e-03,5.632125e-03,1.604383e-01,1.510931e-03,4.001959e-02
4.624673e-02,6.060556e-02,1.574918e-01,4.431826e-02,2.554374e-02,7.723977e-02,5.661088e-02,8.126657e-02,1.242282e-01,3.640717e-02,1.234111e-02,5.671795e-03,2.297006e-01,1.325604e-03,4.100221e-02
3.446789e-02,6.971750e-02,1.262734e-01,3.683640e-02,2.081397e-02,6.221303e-02,4.166497e-02,5.721562e-02,1.174171e-01,4.163649e-02,1.414503e-02,5.138642e-03,2.754983e-01,1.115493e-03,9.584610e-02
2.611148e-02,7.126105e-02,1.011146e-01,2.884053e-02,1.592636e-02,5.269351e-02,3.088236e-02,4.149523e-02,1.158094e-01,4.606481e-02,1.943702e-02,5.041340e-03,2.277098e-01,1.213582e-03,2.163989e-01
2.416856e-02,5.724131e-02,9.609903e-02,2.697406e-02,1.352458e-02,5.122927e-02,2.497547e-02,3.801383e-02,1.087180e-01,4.685354e-02,2.660473e-02,7.051672e-03,1.758901e-01,1.906279e-03,3.007496e-01
2.437219e-02,4.273283e-02,6.867427e-02,2.134182e-02,1.032734e-02,6.783400e-02,1.769708e-02,2.845371e-02,8.392125e-02,6.949851e-02,4.119380e-02,7.271026e-03,1.265029e-01,7.711623e-03,3.824676e-01
2.513592e-02,3.338134e-02,4.881919e-02,1.845173e-02,9.735040e-03,1.133415e-01,1.272063e-02,2.210173e-02,7.725998e-02,1.218115e-01,4.686432e-02,7.439651e-03,9.149537e-02,1.028368e-02,3.611585e-01
2.832327e-02,2.536190e-02,3.447377e-02,1.537002e-02,8.533105e-03,2.261354e-01,9.248221e-03,1.635173e-02,6.385807e-02,1.687428e-01,4.209553e-02,9.027231e-03,6.774970e-02,8.729181e-03,2.760001e-01
5.800648e-02,2.193443e-02,2.490635e-02,1.534872e-02,9.150931e-03,2.302836e-01,7.415374e-03,1.648807e-02,6.175919e-02,1.877434e-01,5.028334e-02,3.435513e-02,6.042801e-02,9.600287e-03,2.122967e-01
9.292183e-02,2.189104e-02,1.894836e-02,1.664733e-02,1.130182e-02,1.987433e-01,6.839894e-03,1.928084e-02,6.449930e-02,2.121496e-01,5.621964e-02,5.484145e-02,5.187888e-02,1.102822e-02,1.628086e-01
8.033148e-02,2.183097e-02,1.576616e-02,1.707364e-02,1.654215e-02,1.583174e-01,7.550706e-03,3.073810e-02,1.130087e-01,1.748184e-01,1.152043e-01,5.954297e-02,5.276182e-02,1.452626e-02,1.219870e-01
6.431008e-02,1.909405e-02,1.202550e-02,1.380073e-02,2.682909e-02,1.219017e-01,7.564865e-03,2.664997e-02,2.317272e-01,1.342164e-01,1.341608e-01,5.484699e-02,4.254128e-02,1.554611e-02,9.478531e-02
7.282461e-02,3.105597e-02,1.222191e-02,1.209655e-02,2.528004e-02,9.771632e-02,7.307922e-03,2.569499e-02,2.790436e-01,1.157710e-01,1.340734e-01,4.609355e-02,3.843657e-02,1.997171e-02,8.241193e-02
9.961357e-02,3.081013e-02,1.335905e-02,1.635981e-02,2.424281e-02,7.535763e-02,6.286024e-03,3.323863e-02,3.243708e-01,9.430052e-02,1.265539e-01,4.247170e-02,3.037867e-02,1.722901e-02,6.542774e-02
1.227984e-01,2.904389e-02,1.125832e-02,1.389448e-02,2.274921e-02,5.664343e-02,5.701575e-03,3.175939e-02,3.588918e-01,8.257850e-02,1.306254e-01,4.211785e-02,2.536305e-02,1.614075e-02,5.043394e-02
1.074956e-01,2.841235e-02,9.408863e-03,1.544194e-02,2.023734e-02,4.337992e-02,4.564093e-03,3.114481e-02,4.041624e-01,7.367948e-02,1.415882e-01,4.176448e-02,2.354968e-02,1.506128e-02,4.010956e-02
9.116116e-02,2.834191e-02,7.708417e-03,1.264106e-02,1.831711e-02,3.414752e-02,3.584629e-03,2.743723e-02,3.930219e-01,9.638277e-02,1.678446e-01,4.979634e-02,2.201744e-02,1.484227e-02,3.275566e-02
8.365537e-02,2.448701e-02,6.248614e-03,9.470003e-03,1.405617e-02,2.741765e-02,2.839016e-03,2.009767e-02,3.164210e-01,1.952485e-01,1.820983e-01,5.538694e-02,1.954240e-02,1.811390e-02,2.491751e-02
7.664949e-02,1.984852e-02,5.457686e-03,8.961024e-03,1.362828e-02,2.310776e-02,2.581483e-03,1.470823e-02,2.576891e-01,2.791492e-01,1.883685e-01,5.660217e-02,1.981928e-02,1.431560e-02,1.911378e-02
7.407671e-02,1.694002e-02,4.362944e-03,6.986522e-03,1.363993e-02,1.998693e-02,2.248643e-03,1.112856e-02,2.042483e-01,3.487224e-01,1.919430e-01,5.852000e-02,1.956858e-02,1.270450e-02,1.492296e-02
9.169722e-02,1.319356e-02,3.666130e-03,6.401056e-03,1.317234e-02,2.384704e-02,1.905155e-03,9.052511e-03,1.475145e-01,3.910144e-01,1.636979e-01,8.351874e-02,2.532256e-02,1.192911e-02,1.406784e-02
9.376866e-02,1.012589e-02,2.881973e-03,5.592456e-03,1.151428e-02,2.884985e-02,1.477327e-03,7.173488e-03,1.057636e-01,4.089234e-01,1.616276e-01,1.118530e-01,2.671844e-02,1.103602e-02,1.269408e-02
7.870518e-02,8.503193e-03,2.702128e-03,5.049999e-03,9.282117e-03,1.060562e-01,1.069124e-03,5.342619e-03,7.697056e-02,3.257574e-01,1.991308e-01,1.368463e-01,2.297473e-02,1.035045e-02,1.125924e-02
5.666098e-02,6.490844e-03,2.291529e-03,3.939904e-03,7.007825e-03,2.122571e-01,8.138876e-04,3.798947e-03,5.457057e-02,3.315282e-01,1.793354e-01,1.064534e-01,1.743717e-02,8.125593e-03,9.288623e-03
4.252427e-02,4.928184e-03,2.110159e-03,3.911036e-03,5.608149e-03,1.871785e-01,6.445604e-04,2.910832e-03,4.118733e-02,2.704514e-01,2.233393e-01,1.859664e-01,1.377873e-02,6.921677e-03,8.539475e-03
3.391291e-02,4.336931e-03,8.068904e-03,2.499250e-02,7.430984e-03,1.348719e-01,2.066730e-03,6.649372e-03,3.264311e-02,2.062718e-01,2.357249e-01,2.783971e-01,1.199025e-02,5.559036e-03,7.083542e-03
3.173538e-02,5.463584e-03,8.848920e-03,2.242496e-02,1.012545e-02,1.003246e-01,1.826275e-03,7.072556e-03,3.448296e-02,2.002493e-01,2.673250e-01,2.877567e-01,9.727141e-03,6.246201e-03,6.390943e-03
3.039878e-02,8.188876e-03,1.380512e-02,3.726880e-02,1.184557e-02,7.872523e-02,1.449264e-03,8.474333e-03,3.803903e-02,1.761282e-01,2.618968e-01,3.081068e-01,8.263690e-03,1.016368e-02,7.245830e-03
3.131243e-02,7.970036e-03,1.431902e-02,2.941841e-02,1.122519e-02,5.934893e-02,1.169288e-03,8.704186e-03,3.801309e-02,2.295544e-01,2.413638e-01,2.985905e-01,6.975282e-03,1.587617e-02,6.159323e-03
3.320566e-02,6.893836e-03,2.824096e-02,4.461674e-02,2.341264e-02,4.604825e-02,2.114338e-03,2.793237e-02,4.164570e-02,2.114519e-01,2.098503e-01,2.934894e-01,6.538702e-03,1.778313e-02,6.776064e-03
3.581136e-02,1.317231e-02,5.893504e-02,3.678316e-02,5.116311e-02,4.936743e-02,8.635052e-03,4.668181e-02,6.901977e-02,2.052201e-01,1.595349e-01,2.283815e-01,1.014081e-02,1.948677e-02,7.666877e-03
2.935887e-02,1.676696e-02,7.849001e-02,2.830682e-02,7.704454e-02,5.950430e-02,1.164300e-02,5.723565e-02,1.676353e-01,1.533545e-01,1.192634e-01,1.704343e-01,9.307363e-03,1.529786e-02,6.357047e-03
2.325372e-02,3.034905e-02,7.048527e-02,2.275658e-02,8.306060e-02,5.580562e-02,1.088476e-02,8.831296e-02,2.654674e-01,1.118756e-01,8.597495e-02,1.237924e-01,9.264108e-03,1.258119e-02,6.135742e-03
2.077162e-02,3.217948e-02,5.189069e-02,1.687667e-02,8.215386e-02,8.343786e-02,8.996948e-03,6.415193e-02,3.890649e-01,8.052670e-02,6.129714e-02,8.710447e-02,7.046361e-03,9.347241e-03,5.154133e-03
1.963291e-02,3.725671e-02,4.180818e-02,1.272974e-02,8.360165e-02,9.634711e-02,7.855142e-03,4.718728e-02,4.743577e-01,5.744720e-02,4.407312e-02,6.129026e-02,5.357159e-03,6.951937e-03,4.103892e-03
2.132137e-02,3.465007e-02,4.117760e-02,1.338114e-02,1.061180e-01,8.937015e-02,9.810457e-03,5.956462e-02,4.944162e-01,4.145608e-02,3.219032e-02,4.372127e-02,4.561494e-03,5.110329e-03,3.150791e-03
3.083442e-02,3.151947e-02,3.283756e-02,1.309919e-02,1.247654e-01,1.154306e-01,1.030933e-02,5.407758e-02,4.884462e-01,3.016138e-02,2.499945e-02,3.299446e-02,4.013814e-03,3.886169e-03,2.625012e-03
4.909772e-02,3.631758e-02,2.637423e-02,1.222003e-02,1.178027e-01,1.728143e-01,8.294326e-03,4.981874e-02,4.459973e-01,2.322480e-02,2.100049e-02,2.607958e-02,3.900670e-03,3.352221e-03,3.705297e-03
7.694764e-02,3.232368e-02,2.083710e-02,1.292022e-02,9.707452e-02,2.293198e-01,7.550472e-03,7.247468e-02,3.757012e-01,2.228400e-02,1.673725e-02,2.034499e-02,4.885591e-03,3.065240e-03,7.533630e-03
8.191320e-02,2.399142e-02,1.690194e-02,2.047078e-02,8.742496e-02,1.914224e-01,6.177130e-03,2.299595e-01,2.856480e-01,1.617615e-02,1.245981e-02,1.538036e-02,3.974608e-03,2.332824e-03,5.766803e-03
7.017468e-02,1.770395e-02,1.843596e-02,2.567958e-02,6.751948e-02,1.433197e-01,5.007936e-03,3.882164e-01,2.159839e-01,1.286532e-02,9.681595e-03,1.257560e-02,4.915491e-03,1.707962e-03,6.212430e-03
6.203770e-02,1.308609e-02,1.463772e-02,2.311105e-02,5.174033e-02,1.091047e-01,3.713670e-03,5.176129e-01,1.688551e-01,9.213286e-03,7.370748e-03,9.820751e-03,3.812099e-03,1.240951e-03,4.642835e-03
4.782921e-02,9.492498e-03,1.282298e-02,2.147787e-02,3.809381e-02,7.705209e-02,2.769804e-03,6.432742e-01,1.195301e-01,6.619093e-03,5.884050e-03,7.215355e-03,3.407262e-03,9.051437e-04,3.626530e-03
4.501911e-02,7.048397e-03,1.838802e-02,5.589840e-02,2.803226e-02,5.506129e-02,2.146807e-03,6.830431e-01,8.446264e-02,4.705529e-03,4.845248e-03,5.194487e-03,2.699150e-03,6.923343e-04,2.763246e-03
5.596635e-02,5.455014e-03,2.621681e-02,5.142659e-02,2.279240e-02,4.126874e-02,1.847317e-03,7.167464e-01,6.083474e-02,3.410472e-03,4.136728e-03,4.036751e-03,2.877699e-03,5.954477e-04,2.388549e-03
1.099491e-01,5.438409e-03,2.493846e-02,3.913609e-02,1.633219e-02,5.015137e-02,1.428188e-03,6.202915e-01,4.450880e-02,5.613072e-03,3.215430e-02,2.756823e-02,1.643286e-02,1.587370e-03,4.470096e-03
1.875710e-01,5.531219e-03,2.480700e-02,3.016004e-02,1.174514e-02,6.243491e-02,1.116486e-03,4.604742e-01,3.365494e-02,7.157966e-03,4.265260e-02,8.743693e-02,3.467743e-02,2.034473e-03,8.545652e-03
2.427682e-01,4.791840e-03,2.482953e-02,2.512314e-02,8.467312e-03,8.686379e-02,9.273626e-04,3.287929e-01,2.493783e-02,3.617585e-02,4.515087e-02,1.056729e-01,4.831888e-02,6.915431e-03,1.026411e-02
3.349964e-01,4.615043e-03,2.279137e-02,2.101381e-02,6.649627e-03,6.949773e-02,1.006495e-03,2.380698e-01,2.160817e-02,2.766659e-02,6.751898e-02,9.645309e-02,6.045774e-02,1.651262e-02,1.114252e-02
3.981651e-01,5.540737e-03,2.155762e-02,1.963647e-02,5.450980e-03,6.202786e-02,1.289422e-03,1.734312e-01,2.505670e-02,2.272840e-02,8.206636e-02,8.942013e-02,5.635386e-02,2.458466e-02,1.269045e-02
4.478118e-01,7.075334e-03,3.727476e-02,2.840743e-02,7.501369e-03,5.635265e-02,2.169853e-03,1.291439e-01,2.659063e-02,2.198372e-02,7.639191e-02,7.647631e-02,4.639490e-02,2.433964e-02,1.208577e-02
4.770533e-01,9.455493e-03,3.773650e-02,2.772029e-02,8.173196e-03,5.001247e-02,2.059665e-03,9.301595e-02,2.370261e-02,2.262155e-02,9.806901e-02,6.697120e-02,3.860356e-02,3.218547e-02,1.261971e-02
