1.000000e+00,0.000000e+00,0.000000e+00,0.000000e+00,0.000000e+00,0.000000e+00,0.000000e+00,0.000000e+00,0.000000e+00,0.000000e+00,0.000000e+00,0.000000e+00,0.000000e+00,0.000000e+00,0.000000e+00
1.000000e+00,0.000000e+00,0.000000e+00,0.000000e+00,0.000000e+00,0.000000e+00,0.000000e+00,0.000000e+00,0.000000e+00,0.000000e+00,0.000000e+00,0.000000e+00,0.000000e+00,0.000000e+00,0.000000e+00
1.000000e+00,0.000000e+00,0.000000e+00,0.000000e+00,0.000000e+00,0.000000e+00,0.000000e+00,0.000000e+00,0.000000e+00,0.000000e+00,0.000000e+00,0.000000e+00,0.000000e+00,0.000000e+00,0.000000e+00
1.000000e+00,0.000000e+00,0.000000e+00,0.000000e+00,0.000000e+00,0.000000e+00,0.000000e+00,0.000000e+00,0.000000e+00,0.000000e+00,0.000000e+00,0.000000e+00,0.000000e+00,0.000000e+00,0.000000e+00
1.000000e+00,0.000000e+00,0.000000e+00,0.000000e+00,0.000000e+00,0.000000e+00,0.000000e+00,0.000000e+00,0.000000e+00,0.000000e+00,0.000000e+00,0.000000e+00,0.000000e+00,0.000000e+00,0.000000e+00
1.000000e+00,0.000000e+00,0.000000e+00,0.000000e+00,0.000000e+00,0.000000e+00,0.000000e+00,0.000000e+00,0.000000e+00,0.000000e+00,0.000000e+00,0.000000e+00,0.000000e+00,0.000000e+00,0.000000e+00
1.000000e+00,0.000000e+00,0.000000e+00,0.000000e+00,0.000000e+00,0.000000e+00,0.000000e+00,0.000000e+00,0.000000e+00,0.000000e+00,0.000000e+00,0.000000e+00,0.000000e+00,0.000000e+00,0.000000e+00
1.000000e+00,0.000000e+00,0.000000e+00,0.000000e+00,0.000000e+00,0.000000e+00,0.000000e+00,0.000000e+00,0.000000e+00,0.000000e+00,0.000000e+00,0.000000e+00,0.000000e+00,0.000000e+00,0.000000e+00
1.000000e+00,0.000000e+00,0.000000e+00,0.000000e+00,0.000000e+00,0.000000e+00,0.000000e+00,0.000000e+00,0.000000e+00,0.000000e+00,0.000000e+00,0.000000e+00,0.000000e+00,0.000000e+00,0.000000e+00
1.000000e+00,0.000000e+00,0.000000e+00,0.000000e+00,0.000000e+00,0.000000e+00,0.000000e+00,0.000000e+00,0.000000e+00,0.000000e+00,0.000000e+00,0.000000e+00,0.000000e+00,0.000000e+00,0.000000e+00
1.000000e+00,0.000000e+00,0.000000e+00,0.000000e+00,0.000000e+00,0.000000e+00,0.000000e+00,0.000000e+00,0.000000e+00,0.000000e+00,0.000000e+00,0.000000e+00,0.000000e+00,0.000000e+00,0.000000e+00
1.000000e+00,0.000000e+00,0.000000e+00,0.000000e+00,0.000000e+00,0.000000e+00,0.000000e+00,0.000000e+00,0.000000e+00,0.000000e+00,0.000000e+00,0.000000e+00,0.000000e+00,0.000000e+00,0.000000e+00
1.000000e+00,0.000000e+00,0.000000e+00,0.000000e+00,0.000000e+00,0.000000e+00,0.000000e+00,0.000000e+00,0.000000e+00,0.000000e+00,0.000000e+00,0.000000e+00,0.000000e+00,0.000000e+00,0.000000e+00
1.000000e+00,0.000000e+00,0.000000e+00,0.000000e+00,0.000000e+00,0.000000e+00,0.000000e+00,0.000000e+00,0.000000e+00,0.000000e+00,0.000000e+00,0.000000e+00,0.000000e+00,0.000000e+00,0.000000e+00
1.000000e+00,0.000000e+00,0.000000e+00,0.000000e+00,0.000000e+00,0.000000e+00,0.000000e+00,0.000000e+00,0.000000e+00,0.000000e+00,0.000000e+00,0.000000e+00,0.000000e+00,0.000000e+00,0.000000e+00
1.000000e+00,0.000000e+00,0.000000e+00,0.000000e+00,0.000000e+00,0.000000e+00,0.000000e+00,0.000000e+00,0.000000e+00,0.000000e+00,0.000000e+00,0.000000e+00,0.000000e+00,0.000000e+00,0.000000e+00
1.000000e+00,0.000000e+00,0.000000e+00,0.000000e+00,0.000000e+00,0.000000e+00,0.000000e+00,0.000000e+00,0.000000e+00,0.000000e+00,0.000000e+00,0.000000e+00,0.000000e+00,0.000000e+00,0.000000e+00
1.000000e+00,0.000000e+00,0.000000e+00,0.000000e+00,0.000000e+00,0.000000e+00,0.000000e+00,0.000000e+00,0.000000e+00,0.000000e+00,0.000000e+00,0.000000e+00,0.000000e+00,0.000000e+00,0.000000e+00
1.000000e+00,0.000000e+00,0.000000e+00,0.000000e+00,0.000000e+00,0.000000e+00,0.000000e+00,0.000000e+00,0.000000e+00,0.000000e+00,0.000000e+00,0.000000e+00,0.000000e+00,0.000000e+00,0.000000e+00
1.000000e+00,0.000000e+00,0.000000e+00,0.000000e+00,0.000000e+00,0.000000e+00,0.000000e+00,0.000000e+00,0.000000e+00,0.000000e+00,0.000000e+00,0.000000e+00,0.000000e+00,0.000000e+00,0.000000e+00
1.000000e+00,0.000000e+00,0.000000e+00,0.000000e+00,0.000000e+00,0.000000e+00,0.000000e+00,0.000000e+00,0.000000e+00,0.000000e+00,0.000000e+00,0.000000e+00,0.000000e+00,0.000000e+00,0.000000e+00
1.000000e+00,0.000000e+00,0.000000e+00,0.000000e+00,0.000000e+00,0.000000e+00,0.000000e+00,0.000000e+00,0.000000e+00,0.000000e+00,0.000000e+00,0.000000e+00,0.000000e+00,0.000000e+00,0.000000e+00
1.000000e+00,0.000000e+00,0.000000e+00,0.000000e+00,0.000000e+00,0.000000e+00,0.000000e+00,0.000000e+00,0.000000e+00,0.000000e+00,0.000000e+00,0.000000e+00,0.000000e+00,0.000000e+00,0.000000e+00
1.000000e+00,0.000000e+00,0.000000e+00,0.000000e+00,0.000000e+00,0.000000e+00,0.000000e+00,0.000000e+00,0.000000e+00,0.000000e+00,0.000000e+00,0.000000e+00,0.000000e+00,0.000000e+00,0.000000e+00
1.000000e+00,0.000000e+00,0.000000e+00,0.000000e+00,0.000000e+00,0.000000e+00,0.000000e+00,0.000000e+00,0.000000e+00,0.000000e+00,0.000000e+00,0.000000e+00,0.000000e+00,0.000000e+00,0.000000e+00
1.000000e+00,0.000000e+00,0.000000e+00,0.000000e+00,0.000000e+00,0.000000e+00,0.000000e+00,0.000000e+00,0.000000e+00,0.000000e+00,0.000000e+00,0.000000e+00,0.000000e+00,0.000000e+00,0.000000e+00
1.000000e+00,0.000000e+00,0.000000e+00,0.000000e+00,0.000000e+00,0.000000e+00,0.000000e+00,0.000000e+00,0.000000e+00,0.000000e+00,0.000000e+00,0.000000e+00,0.000000e+00,0.000000e+00,0.000000e+00
1.000000e+00,0.000000e+00,0.000000e+00,0.000000e+00,0.000000e+00,0.000000e+00,0.000000e+00,0.000000e+00,0.000000e+00,0.000000e+00,0.000000e+00,0.000000e+00,0.000000e+00,0.000000e+00,0.000000e+00
1.000000e+00,0.000000e+00,0.000000e+00,0.000000e+00,0.000000e+00,0.000000e+00,0.000000e+00,0.000000e+00,0.000000e+00,0.000000e+00,0.000000e+00,0.000000e+00,0.000000e+00,0.000000e+00,0.000000e+00
1.000000e+00,0.000000e+00,0.000000e+00,0.000000e+00,0.000000e+00,0.000000e+00,0.000000e+00,0.000000e+00,0.000000e+00,0.000000e+00,0.000000e+00,0.000000e+00,0.000000e+00,0.000000e+00,0.000000e+00
1.000000e+00,0.000000e+00,0.000000e+00,0.000000e+00,0.000000e+00,0.000000e+00,0.000000e+00,0.000000e+00,0.000000e+00,0.000000e+00,0.000000e+00,0.000000e+00,0.000000e+00,0.000000e+00,0.000000e+00
1.000000e+00,0.000000e+00,0.000000e+00,0.000000e+00,0.000000e+00,0.000000e+00,0.000000e+00,0.000000e+00,0.000000e+00,0.000000e+00,0.000000e+00,0.000000e+00,0.000000e+00,0.000000e+00,0.000000e+00
1.000000e+00,0.000000e+00,0.000000e+00,0.000000e+00,0.000000e+00,0.000000e+00,0.000000e+00,0.000000e+00,0.000000e+00,0.000000e+00,0.000000e+00,0.000000e+00,0.000000e+00,0.000000e+00,0.000000e+00
1.000000e+00,0.000000e+00,0.000000e+00,0.000000e+00,0.000000e+00,0.000000e+00,0.000000e+00,0.000000e+00,0.000000e+00,0.000000e+00,0.000000e+00,0.000000e+00,0.000000e+00,0.000000e+00,0.000000e+00
1.000000e+00,0.000000e+00,0.000000e+00,0.000000e+00,0.000000e+00,0.000000e+00,0.000000e+00,0.000000e+00,0.000000e+00,0.000000e+00,0.000000e+00,0.000000e+00,0.000000e+00,0.000000e+00,0.000000e+00
1.000000e+00,0.000000e+00,0.000000e+00,0.000000e+00,0.000000e+00,0.000000e+00,0.000000e+00,0.000000e+00,0.000000e+00,0.000000e+00,0.000000e+00,0.000000e+00,0.000000e+00,0.000000e+00,0.000000e+00
1.000000e+00,0.000000e+00,0.000000e+00,0.000000e+00,0.000000e+00,0.000000e+00,0.000000e+00,0.000000e+00,0.000000e+00,0.000000e+00,0.000000e+00,0.000000e+00,0.000000e+00,0.000000e+00,0.000000e+00
1.000000e+00,0.000000e+00,0.000000e+00,0.000000e+00,0.000000e+00,0.000000e+00,0.000000e+00,0.000000e+00,0.000000e+00,0.000000e+00,0.000000e+00,0.000000e+00,0.000000e+00,0.000000e+00,0.000000e+00
1.000000e+00,0.000000e+00,0.000000e+00,0.000000e+00,0.000000e+00,0.000000e+00,0.000000e+00,0.000000e+00,0.000000e+00,0.000000e+00,0.000000e+00,0.000000e+00,0.000000e+00,0.000000e+00,0.000000e+00
1.000000e+00,0.000000e+00,0.000000e+00,0.000000e+00,0.000000e+00,0.000000e+00,0.000000e+00,0.000000e+00,0.000000e+00,0.000000e+00,0.000000e+00,0.000000e+00,0.000000e+00,0.000000e+00,0.000000e+00
1.000000e+00,0.000000e+00,0.000000e+00,0.000000e+00,0.000000e+00,0.000000e+00,0.000000e+00,0.000000e+00,0.000000e+00,0.000000e+00,0.000000e+00,0.000000e+00,0.000000e+00,0.000000e+00,0.000000e+00
1.000000e+00,0.000000e+00,0.000000e+00,0.000000e+00,0.000000e+00,0.000000e+00,0.000000e+00,0.000000e+00,0.000000e+00,0.000000e+00,0.000000e+00,0.000000e+00,0.000000e+00,0.000000e+00,0.000000e+00
1.000000e+00,0.000000e+00,0.000000e+00,0.000000e+00,0.000000e+00,0.000000e+00,0.000000e+00,0.000000e+00,0.000000e+00,0.000000e+00,0.000000e+00,0.000000e+00,0.000000e+00,0.000000e+00,0.000000e+00
1.000000e+00,0.000000e+00,0.000000e+00,0.000000e+00,0.000000e+00,0.000000e+00,0.000000e+00,0.000000e+00,0.000000e+00,0.000000e+00,0.000000e+00,0.000000e+00,0.000000e+00,0.000000e+00,0.000000e+00
1.000000e+00,0.000000e+00,0.000000e+00,0.000000e+00,0.000000e+00,0.000000e+00,0.000000e+00,0.000000e+00,0.000000e+00,0.000000e+00,0.000000e+00,0.000000e+00,0.000000e+00,0.000000e+00,0.000000e+00
1.000000e+00,0.000000e+00,0.000000e+00,0.000000e+00,0.000000e+00,0.000000e+00,0.000000e+00,0.000000e+00,0.000000e+00,0.000000e+00,0.000000e+00,0.000000e+00,0.000000e+00,0.000000e+00,0.000000e+00
1.000000e+00,0.000000e+00,0.000000e+00,0.000000e+00,0.000000e+00,0.000000e+00,0.000000e+00,0.000000e+00,0.000000e+00,0.000000e+00,0.000000e+00,0.000000e+00,0.000000e+00,0.000000e+00,0.000000e+00
1.000000e+00,0.000000e+00,0.000000e+00,0.000000e+00,0.000000e+00,0.000000e+00,0.000000e+00,0.000000e+00,0.000000e+00,0.000000e+00,0.000000e+00,0.000000e+00,0.000000e+00,0.000000e+00,0.000000e+00
1.000000e+00,0.000000e+00,0.000000e+00,0.000000e+00,0.000000e+00,0.000000e+00,0.000000e+00,0.000000e+00,0.000000e+00,0.000000e+00,0.000000e+00,0.000000e+00,0.000000e+00,0.000000e+00,0.000000e+00
1.000000e+00,0.000000e+00,0.000000e+00,0.000000e+00,0.000000e+00,0.000000e+00,0.000000e+00,0.000000e+00,0.000000e+00,0.000000e+00,0.000000e+00,0.000000e+00,0.000000e+00,0.000000e+00,0.000000e+00
1.000000e+00,0.000000e+00,0.000000e+00,0.000000e+00,0.000000e+00,0.000000e+00,0.000000e+00,0.000000e+00,0.000000e+00,0.000000e+00,0.000000e+00,0.000000e+00,0.000000e+00,0.000000e+00,0.000000e+00
1.000000e+00,0.000000e+00,0.000000e+00,0.000000e+00,0.000000e+00,0.000000e+00,0.000000e+00,0.000000e+00,0.000000e+00,0.000000e+00,0.000000e+00,0.000000e+00,0.000000e+00,0.000000e+00,0.000000e+00
1.000000e+00,0.000000e+00,0.000000e+00,0.000000e+00,0.000000e+00,0.000000e+00,0.000000e+00,0.000000e+00,0.000000e+00,0.000000e+00,0.000000e+00,0.000000e+00,0.000000e+00,0.000000e+00,0.000000e+00
1.000000e+00,0.000000e+00,0.000000e+00,0.000000e+00,0.000000e+00,0.000000e+00,0.000000e+00,0.000000e+00,0.000000e+00,0.000000e+00,0.000000e+00,0.000000e+00,0.000000e+00,0.000000e+00,0.000000e+00
1.000000e+00,0.000000e+00,0.000000e+00,0.000000e+00,0.000000e+00,0.000000e+00,0.000000e+00,0.000000e+00,0.000000e+00,0.000000e+00,0.000000e+00,0.000000e+00,0.000000e+00,0.000000e+00,0.000000e+00
1.000000e+00,0.000000e+00,0.000000e+00,0.000000e+00,0.000000e+00,0.000000e+00,0.000000e+00,0.000000e+00,0.000000e+00,0.000000e+00,0.000000e+00,0.000000e+00,0.000000e+00,0.000000e+00,0.000000e+00
1.000000e+00,0.000000e+00,0.000000e+00,0.000000e+00,0.000000e+00,0.000000e+00,0.000000e+00,0.000000e+00,0.000000e+00,0.000000e+00,0.000000e+00,0.000000e+00,0.000000e+00,0.000000e+00,0.000000e+00
1.000000e+00,0.000000e+00,0.000000e+00,0.000000e+00,0.000000e+00,0.000000e+00,0.000000e+00,0.000000e+00,0.000000e+00,0.000000e+00,0.000000e+00,0.000000e+00,0.000000e+00,0.000000e+00,0.000000e+00
1.000000e+00,0.000000e+00,0.000000e+00,0.000000e+00,0.000000e+00,0.000000e+00,0.000000e+00,0.000000e+00,0.000000e+00,0.000000e+00,0.000000e+00,0.000000e+00,0.000000e+00,0.000000e+00,0.000000e+00
1.000000e+00,0.000000e+00,0.000000e+00,0.000000e+00,0.000000e+00,0.000000e+00,0.000000e+00,0.000000e+00,0.000000e+00,0.000000e+00,0.000000e+00,0.000000e+00,0.000000e+00,0.000000e+00,0.000000e+00
3.695360e-01,8.342962e-03,4.160539e-02,2.982331e-02,3.378460e-03,1.153171e-02,3.654668e-03,4.965968e-01,1.725839e-03,7.338587e-04,5.543740e-03,1.264346e-02,7.244966e-03,1.195052e-03,6.443724e-03
2.602390e-01,5.887815e-03,3.038500e-02,2.124213e-02,2.551209e-03,8.414979e-03,3.196964e-03,6.427966e-01,1.215838e-03,5.232238e-04,3.977629e-03,8.942897e-03,5.160786e-03,9.010864e-04,4.564842e-03
1.869758e-01,4.281306e-03,2.195214e-02,1.518185e-02,2.487725e-03,6.711735e-03,4.717631e-03,7.388955e-01,8.814299e-04,4.196340e-04,3.044737e-03,6.417335e-03,3.909900e-03,7.943121e-04,3.328988e-03
1.451835e-01,3.141170e-03,1.708382e-02,1.116349e-02,2.797994e-03,5.956484e-03,9.897307e-03,7.900054e-01,6.527044e-04,3.490041e-04,2.398272e-03,4.851555e-03,3.251628e-03,6.782808e-04,2.589426e-03
1.144321e-01,2.270581e-03,1.306792e-02,8.090443e-03,2.869036e-03,4.660384e-03,1.001943e-02,8.333632e-01,4.800853e-04,3.391932e-04,1.787881e-03,3.591620e-03,2.505064e-03,5.153208e-04,2.007806e-03
8.351231e-02,1.619124e-03,1.036552e-02,5.798138e-03,3.548979e-03,3.430861e-03,9.344339e-03,8.739728e-01,3.584795e-04,3.112063e-04,1.338236e-03,2.562084e-03,1.917716e-03,3.769345e-04,1.543279e-03
6.241855e-02,1.164109e-03,8.216859e-03,4.233381e-03,3.877298e-03,2.675056e-03,9.498134e-03,9.013910e-01,2.739476e-04,2.855451e-04,1.041993e-03,1.850309e-03,1.568174e-03,2.853820e-04,1.220252e-03
4.687208e-02,8.283778e-04,6.243979e-03,3.088199e-03,3.765620e-03,2.377232e-03,8.586447e-03,9.233598e-01,2.029578e-04,2.207358e-04,7.862268e-04,1.323955e-03,1.201665e-03,2.090287e-04,9.337086e-04
3.556870e-02,5.907207e-04,4.890335e-03,2.317791e-03,3.869758e-03,2.472012e-03,8.545505e-03,9.378808e-01,1.607739e-04,1.763658e-04,6.129564e-04,9.524442e-04,1.070370e-03,1.537457e-04,7.377712e-04
3.443163e-02,4.659471e-04,4.869821e-03,2.046233e-03,4.015973e-03,4.146352e-03,9.282288e-03,9.368120e-01,1.425244e-04,2.583247e-04,5.447991e-04,7.514954e-04,1.280935e-03,1.405547e-04,8.110554e-04
9.208575e-02,4.516299e-04,1.000902e-02,2.459680e-03,4.186980e-03,9.740556e-03,1.897188e-02,8.563789e-01,1.813556e-04,4.931797e-04,5.781482e-04,1.083518e-03,1.855725e-03,1.883735e-04,1.335267e-03
1.664905e-01,4.084697e-04,1.453419e-02,2.633932e-03,4.730582e-03,1.276885e-02,3.546880e-02,7.555810e-01,2.999937e-04,7.655880e-04,6.994157e-04,1.447140e-03,2.171332e-03,2.319016e-04,1.768275e-03
2.609790e-01,4.564815e-04,2.515860e-02,3.412143e-03,5.416057e-03,2.144399e-02,4.630678e-02,6.239486e-01,4.133715e-04,2.106674e-03,1.392195e-03,2.170527e-03,2.918520e-03,5.121113e-04,3.364970e-03
3.476728e-01,5.121760e-04,3.760523e-02,3.964548e-03,5.574961e-03,2.693368e-02,5.237444e-02,5.075654e-01,4.831015e-04,3.224930e-03,1.829812e-03,2.730028e-03,3.626175e-03,7.892968e-04,5.113490e-03
3.623986e-01,7.009720e-04,4.570089e-02,5.666969e-03,5.630095e-03,2.763442e-02,6.420496e-02,4.655627e-01,7.250609e-04,4.385840e-03,2.490662e-03,3.789000e-03,4.024649e-03,9.497367e-04,6.135480e-03
3.944718e-01,8.493885e-04,4.332023e-02,6.011537e-03,6.347191e-03,2.347814e-02,5.551193e-02,4.487705e-01,7.850279e-04,3.649990e-03,2.204791e-03,4.163303e-03,3.842948e-03,8.839801e-04,5.709169e-03
3.840141e-01,9.810637e-04,4.098630e-02,6.732877e-03,6.296584e-03,2.530556e-02,5.226131e-02,4.614789e-01,7.890828e-04,3.253583e-03,2.069472e-03,4.951262e-03,4.291149e-03,9.162779e-04,5.672443e-03
3.387936e-01,2.067990e-03,3.807231e-02,7.261848e-03,8.386899e-03,3.886197e-02,4.261726e-02,4.872591e-01,1.147287e-03,4.081470e-03,2.903810e-03,6.907231e-03,9.543327e-03,1.180556e-03,1.091536e-02
2.972161e-01,3.359324e-03,3.107325e-02,8.169691e-03,1.396059e-02,5.707783e-02,3.480500e-02,4.836063e-01,3.150652e-03,5.965049e-03,5.773033e-03,9.542253e-03,2.324399e-02,1.392722e-03,2.166423e-02
2.580159e-01,1.940278e-02,3.032313e-02,1.599985e-02,2.493731e-02,5.044572e-02,3.564054e-02,4.032683e-01,3.135318e-02,1.100355e-02,1.348356e-02,1.816872e-02,4.253833e-02,1.905246e-03,4.351386e-02
2.035601e-01,3.333904e-02,3.397319e-02,2.194973e-02,2.479589e-02,3.770797e-02,3.281365e-02,3.026316e-01,1.394228e-01,1.135269e-02,1.514628e-02,1.858868e-02,4.991134e-02,1.997212e-03,7.280979e-02
1.597600e-01,4.574160e-02,2.629294e-02,1.962662e-02,2.037333e-02,2.787389e-02,2.691337e-02,2.286710e-01,2.833298e-01,1.045534e-02,1.267256e-02,1.577088e-02,5.921497e-02,1.771294e-03,6.153227e-02
1.279694e-01,6.683438e-02,1.968333e-02,1.651968e-02,1.639559e-02,2.174341e-02,2.079993e-02,1.770788e-01,3.764351e-01,8.420386e-03,1.183170e-02,1.379284e-02,6.822102e-02,1.455276e-03,5.281928e-02
9.827024e-02,6.746673e-02,1.419760e-02,1.259738e-02,1.264583e-02,1.567947e-02,1.521950e-02,1.346616e-01,4.927050e-01,6.714192e-03,9.764932e-03,1.073702e-02,6.321380e-02,1.199024e-03,4.492774e-02
8.770690e-02,5.659827e-02,1.208578e-02,9.758003e-03,1.065404e-02,1.153569e-02,1.122534e-02,1.135022e-01,5.102232e-01,5.107018e-03,9.834986e-03,8.882263e-03,6.918145e-02,1.610724e-03,8.209415e-02
7.073845e-02,4.509345e-02,1.623500e-02,7.485093e-03,8.815839e-03,8.973193e-03,8.115069e-03,1.675566e-01,4.153834e-01,4.448408e-03,9.107701e-03,6.676400e-03,7.076447e-02,1.655731e-03,1.589513e-01
5.274860e-02,3.219789e-02,1.547162e-02,5.842951e-03,6.646544e-03,6.453865e-03,5.733854e-03,3.484750e-01,3.057166e-01,3.399937e-03,7.595299e-03,5.023974e-03,5.899335e-02,1.390289e-03,1.443102e-01
4.138014e-02,2.301987e-02,1.694310e-02,8.197576e-03,7.610040e-03,4.831033e-03,4.165958e-03,5.045726e-01,2.251553e-01,2.430870e-03,5.541302e-03,3.551350e-03,4.348413e-02,1.067025e-03,1.080497e-01
3.083552e-02,1.627638e-02,1.509508e-02,7.678525e-03,6.356331e-03,3.590192e-03,3.048647e-03,6.391072e-01,1.607347e-01,1.720966e-03,3.941443e-03,2.495178e-03,3.091667e-02,7.905798e-04,7.741252e-02
2.357860e-02,1.284929e-02,1.253720e-02,6.169416e-03,6.372861e-03,3.165798e-03,2.402110e-03,7.220282e-01,1.267759e-01,1.393379e-03,3.187781e-03,1.830347e-03,2.201262e-02,7.410775e-04,5.495538e-02
2.210598e-02,3.277997e-02,1.184063e-02,6.152690e-03,1.232834e-02,4.802929e-03,2.364962e-03,7.029862e-01,1.347869e-01,1.860224e-03,5.136622e-03,1.536750e-03,1.765981e-02,1.064484e-03,4.259358e-02
2.414475e-02,8.400775e-02,2.158452e-02,1.033151e-02,1.635640e-02,6.566940e-03,2.139031e-03,6.012500e-01,1.474696e-01,5.445660e-03,1.263471e-02,2.282119e-03,1.675070e-02,1.240788e-03,4.779550e-02
3.957177e-02,8.068377e-02,5.873804e-02,1.819660e-02,3.454665e-02,5.887498e-03,2.084252e-03,5.383433e-01,1.436337e-01,6.740320e-03,1.240775e-02,2.266481e-03,1.312756e-02,1.521760e-03,4.225056e-02
4.385285e-02,6.171483e-02,9.806111e-02,1.816831e-02,4.213465e-02,5.065725e-03,2.023576e-03,5.346471e-01,1.258504e-01,5.914662e-03,1.134045e-02,1.841550e-03,9.763453e-03,1.652693e-03,3.796866e-02
4.679723e-02,5.338275e-02,1.168180e-01,1.559836e-02,6.473636e-02,4.853191e-03,4.315670e-03,5.194838e-01,1.094127e-01,5.957130e-03,9.748986e-03,1.528517e-03,8.454205e-03,1.652548e-03,3.726069e-02
6.228913e-02,5.178684e-02,1.184495e-01,1.665007e-02,7.745791e-02,6.431837e-03,6.252851e-03,4.813709e-01,1.062079e-01,6.184095e-03,8.956143e-03,1.742372e-03,9.635223e-03,2.140765e-03,4.444444e-02
7.687788e-02,4.551540e-02,1.481679e-01,1.972736e-02,8.003770e-02,7.438356e-03,1.019031e-02,4.529637e-01,9.165213e-02,5.594352e-03,7.811385e-03,2.025084e-03,9.953788e-03,2.073920e-03,3.997077e-02
1.384018e-01,4.409285e-02,1.362575e-01,2.396507e-02,7.850959e-02,9.102686e-03,1.787748e-02,4.132138e-01,7.672799e-02,5.205796e-03,6.887073e-03,3.732909e-03,1.100958e-02,2.061751e-03,3.295419e-02
1.672907e-01,3.483833e-02,1.177665e-01,2.950625e-02,7.017363e-02,1.057596e-02,1.757183e-02,4.407080e-01,5.839184e-02,4.375262e-03,6.406229e-03,4.536513e-03,1.005823e-02,1.936366e-03,2.586434e-02
1.948615e-01,3.358277e-02,1.491720e-01,3.133611e-02,6.442580e-02,2.375250e-02,2.235393e-02,3.799468e-01,4.425190e-02,5.480399e-03,6.670984e-03,5.831661e-03,1.175192e-02,1.755318e-03,2.482636e-02
1.830463e-01,2.983241e-02,2.005305e-01,3.091327e-02,5.290696e-02,3.676187e-02,1.692389e-02,3.109933e-01,3.276721e-02,3.147954e-02,6.038904e-03,4.471859e-03,1.054657e-02,4.027846e-03,4.875962e-02
1.343232e-01,2.215498e-02,2.327087e-01,2.576948e-02,3.770113e-02,3.951535e-02,1.218093e-02,2.317270e-01,2.462082e-02,1.447765e-01,9.299298e-03,4.973086e-03,1.428315e-02,1.722156e-02,4.874488e-02
1.199390e-01,3.061055e-02,1.785584e-01,3.146466e-02,2.792680e-02,3.451597e-02,9.544044e-03,1.669030e-01,2.862730e-02,1.998907e-01,2.406509e-02,1.458771e-02,2.114107e-02,1.475664e-02,9.746904e-02
1.399466e-01,3.076014e-02,1.287297e-01,2.859172e-02,2.044438e-02,2.731922e-02,7.487920e-03,1.187465e-01,3.673105e-02,2.007659e-01,3.275627e-02,1.437743e-02,2.625306e-02,1.774825e-02,1.693418e-01
2.337380e-01,2.838026e-02,9.301098e-02,2.302745e-02,1.498798e-02,2.490690e-02,5.435791e-03,8.558251e-02,3.481308e-02,1.736004e-01,2.873391e-02,1.227236e-02,2.267833e-02,3.194107e-02,1.868909e-01
3.013805e-01,3.990928e-02,6.831443e-02,2.106883e-02,1.135926e-02,2.102544e-02,4.068549e-03,6.124881e-02,3.487487e-02,1.457115e-01,2.715016e-02,9.979896e-03,1.897837e-02,5.431009e-02,1.806200e-01
3.286480e-01,3.958538e-02,5.290534e-02,2.006654e-02,8.290970e-03,1.831631e-02,3.069351e-03,4.382469e-02,3.586711e-02,1.248768e-01,2.609424e-02,8.446447e-03,1.732306e-02,6.829895e-02,2.043869e-01
3.749893e-01,3.885639e-02,4.172518e-02,1.830286e-02,7.086636e-03,1.572142e-02,2.293948e-03,3.215287e-02,3.910398e-02,9.859465e-02,3.233532e-02,7.186024e-03,1.574094e-02,1.100496e-01,1.658609e-01
4.195883e-01,5.115763e-02,3.156934e-02,1.816531e-02,6.350612e-03,1.746317e-02,1.823404e-03,2.426996e-02,4.901344e-02,7.873871e-02,3.687467e-02,7.257641e-03,1.500171e-02,1.077249e-01,1.350012e-01
3.086156e-01,8.383644e-02,2.386039e-02,1.588141e-02,4.913599e-03,1.485933e-02,1.361547e-03,1.730889e-02,8.902720e-02,1.124798e-01,4.406682e-02,1.234378e-02,2.080874e-02,9.573241e-02,1.549040e-01
2.170296e-01,9.607291e-02,3.881962e-02,1.948522e-02,4.048578e-03,1.219022e-02,1.147714e-03,1.253072e-02,1.710765e-01,8.972879e-02,7.434478e-02,1.786205e-02,4.192844e-02,6.980348e-02,1.339314e-01
1.526247e-01,1.186211e-01,7.009152e-02,1.767305e-02,2.997575e-03,1.298034e-02,8.964860e-04,9.023339e-03,2.070224e-01,7.207950e-02,8.695371e-02,2.407562e-02,6.061485e-02,5.018348e-02,1.141623e-01
1.072214e-01,1.474068e-01,5.127732e-02,1.399966e-02,2.263314e-03,1.431220e-02,6.477745e-04,6.408978e-03,3.266693e-01,5.151969e-02,7.687549e-02,1.983342e-02,5.560544e-02,3.559889e-02,9.036036e-02
7.578425e-02,1.654992e-01,3.752513e-02,1.143024e-02,1.864481e-03,2.967344e-02,4.951491e-04,4.779572e-03,3.966464e-01,3.718164e-02,6.532305e-02,1.501162e-02,4.449759e-02,2.537666e-02,8.891150e-02
5.503023e-02,1.453421e-01,3.948587e-02,2.687353e-02,7.540692e-03,3.655387e-02,9.007024e-04,1.111447e-02,4.680175e-01,3.254589e-02,4.648808e-02,1.070003e-02,3.175531e-02,1.808073e-02,6.957097e-02
5.147678e-02,1.224693e-01,4.259324e-02,2.693362e-02,2.768017e-02,3.909484e-02,2.398818e-03,1.762626e-02,5.005569e-01,2.559919e-02,3.301528e-02,7.532510e-03,2.272296e-02,1.316067e-02,6.713933e-02
5.928654e-02,1.016439e-01,4.185463e-02,2.556607e-02,3.197448e-02,5.695777e-02,2.776974e-03,3.496462e-02,5.101089e-01,1.921775e-02,2.360916e-02,5.326968e-03,1.621088e-02,9.852801e-03,6.064846e-02
7.347464e-02,9.658276e-02,3.307102e-02,2.375833e-02,4.179168e-02,4.923993e-02,3.986540e-03,3.830322e-02,5.129901e-01,1.530439e-02,1.729649e-02,3.928893e-03,1.302630e-02,7.680721e-03,6.956495e-02
7.723267e-02,1.046353e-01,3.843423e-02,3.389892e-02,3.843679e-02,4.934312e-02,5.007320e-03,5.118294e-02,4.345423e-01,1.727971e-02,1.372575e-02,3.222493e-03,2.270605e-02,6.314387e-03,1.040380e-01
6.930368e-02,1.129989e-01,6.812023e-02,3.504245e-02,3.451620e-02,5.918165e-02,1.218720e-02,7.181561e-02,3.344540e-01,1.579666e-02,1.117142e-02,2.677905e-03,7.304168e-02,4.665575e-03,9.502681e-02
7.546222e-02,1.208154e-01,7.392457e-02,3.034373e-02,2.908003e-02,7.589568e-02,2.057804e-02,7.647894e-02,2.700107e-01,1.629209e-02,8.733509e-03,2.276546e-03,1.182541e-01,3.405347e-03,7.844903e-02
6.235468e-02,9.810366e-02,7.707161e-02,2.413033e-02,2.270574e-02,8.440001e-02,2.250404e-02,6.139353e-02,2.011759e-01,1.488120e-02,6.986461e-03,2.337873e-03,2.590730e-01,2.501203e-03,6.038066e-02
5.649874e-02,7.992776e-02,6.582789e-02,2.027860e-02,1.732407e-02,9.379943e-02,1.876653e-02,4.445351e-02,1.482326e-01,1.349482e-02,7.221822e-03,3.678266e-03,3.777685e-01,1.939135e-03,5.078823e-02
4.749960e-02,6.154706e-02,5.103195e-02,1.599791e-02,1.293159e-02,1.224452e-01,1.605769e-02,3.224488e-02,1.078395e-01,1.135126e-02,7.684394e-03,4.737346e-03,4.649618e-01,1.515881e-03,4.215396e-02
3.687657e-02,4.816736e-02,4.131576e-02,1.244428e-02,9.789548e-03,9.384205e-02,1.445468e-02,2.284575e-02,7.964770e-02,9.747680e-03,7.781816e-03,5.870944e-03,5.789836e-01,1.170387e-03,3.706183e-02
2.790391e-02,3.589439e-02,3.079005e-02,9.642661e-03,7.290363e-03,7.513361e-02,1.250090e-02,1.625184e-02,6.230988e-02,7.041070e-03,7.687506e-03,6.588568e-03,6.687214e-01,8.573195e-04,3.138642e-02
2.322489e-02,2.647104e-02,2.691584e-02,8.572299e-03,5.949095e-03,6.325584e-02,1.124222e-02,1.202506e-02,4.985829e-02,6.192321e-03,1.125024e-02,1.283085e-02,7.100591e-01,8.498592e-04,3.130299e-02
2.642995e-02,1.924270e-02,2.340030e-02,6.506501e-03,7.743426e-03,5.192618e-02,2.009599e-02,1.020507e-02,3.979356e-02,5.238106e-03,1.174714e-02,1.724455e-02,7.143727e-01,9.917442e-04,4.506204e-02
2.545312e-02,1.443017e-02,1.750229e-02,4.689546e-03,6.644311e-03,4.822925e-02,2.547244e-02,8.159385e-03,3.047235e-02,4.317229e-03,1.259291e-02,3.314736e-02,7.150022e-01,1.324049e-03,5.256336e-02
2.502951e-02,1.127932e-02,1.303894e-02,3.521384e-03,6.316825e-03,5.106368e-02,2.214082e-02,6.903680e-03,2.723393e-02,4.182788e-03,2.002060e-02,6.244019e-02,6.837899e-01,2.545371e-03,6.049298e-02
1.909156e-02,1.100943e-02,9.675406e-03,2.585028e-03,5.850256e-03,4.126222e-02,1.645419e-02,6.275661e-03,3.926893e-02,4.279174e-03,2.039737e-02,7.037388e-02,6.986217e-01,2.770918e-03,5.208425e-02
1.537380e-02,1.073977e-02,8.189225e-03,2.066377e-03,6.324585e-03,3.211536e-02,1.401773e-02,1.026228e-02,6.285062e-02,4.197281e-03,2.218700e-02,9.000029e-02,6.741484e-01,2.624748e-03,4.490259e-02
1.154622e-02,1.862207e-02,7.864758e-03,1.530285e-03,7.463146e-03,2.844083e-02,1.155486e-02,1.147012e-02,8.995633e-02,3.856000e-03,1.941105e-02,1.757674e-01,5.639887e-01,2.866022e-03,4.566227e-02
8.835784e-03,2.641323e-02,6.963877e-03,1.133880e-03,6.790700e-03,2.843645e-02,1.057428e-02,1.117309e-02,9.814573e-02,3.338649e-03,1.584909e-02,2.669090e-01,4.701788e-01,2.883817e-03,4.237368e-02
7.148136e-03,5.507356e-02,9.108116e-03,9.427547e-04,1.172508e-02,3.631658e-02,1.051813e-02,1.424591e-02,1.907092e-01,3.179999e-03,1.326909e-02,2.393219e-01,3.512383e-01,2.832837e-03,5.437054e-02
5.772863e-03,7.944046e-02,8.382140e-03,8.426523e-04,9.639988e-03,7.395653e-02,7.938356e-03,1.870776e-02,2.979910e-01,2.623435e-03,1.011000e-02,1.768471e-01,2.554151e-01,2.360473e-03,4.997205e-02
5.154867e-03,8.724349e-02,9.229100e-03,1.044643e-03,1.072231e-02,6.527945e-02,4.703542e-02,4.848756e-02,3.449931e-01,3.377461e-03,7.466888e-03,1.290194e-01,1.924162e-01,1.767878e-03,4.676221e-02
8.213769e-03,7.392237e-02,1.140565e-02,4.290885e-03,5.968870e-02,5.477120e-02,9.521195e-02,7.960437e-02,3.327574e-01,2.966099e-03,5.323912e-03,9.100870e-02,1.426009e-01,1.271858e-03,3.696224e-02
1.287978e-02,6.988621e-02,2.053788e-02,6.450798e-03,6.295823e-02,6.211913e-02,1.760319e-01,8.863099e-02,2.794867e-01,5.397521e-03,3.827116e-03,6.470674e-02,1.165634e-01,9.857509e-04,2.953784e-02
1.113747e-02,5.692309e-02,1.931701e-02,5.269363e-03,4.913324e-02,4.833556e-02,2.866084e-01,6.930513e-02,2.146462e-01,6.709638e-03,3.209595e-03,4.555139e-02,1.592009e-01,7.250100e-04,2.392804e-02
1.126942e-02,5.241036e-02,1.625848e-02,3.868080e-03,4.049792e-02,4.360503e-02,3.911773e-01,5.650511e-02,1.897845e-01,6.047369e-03,4.134225e-03,3.277763e-02,1.298321e-01,5.410090e-04,2.129139e-02
1.165929e-02,4.292873e-02,1.351899e-02,2.943399e-03,3.644561e-02,3.600921e-02,4.880534e-01,4.863268e-02,1.632960e-01,4.934627e-03,3.977907e-03,2.325959e-02,1.060775e-01,4.023568e-04,1.786065e-02
1.911075e-02,4.285690e-02,1.249490e-02,2.484891e-03,4.254120e-02,3.556290e-02,4.436539e-01,6.015022e-02,2.122830e-01,4.540855e-03,5.193240e-03,1.671456e-02,8.645614e-02,4.094688e-04,1.554708e-02
3.155358e-02,4.588912e-02,1.418839e-02,2.710913e-03,4.291687e-02,3.582404e-02,3.923745e-01,9.149367e-02,2.259941e-01,5.431697e-03,4.490801e-03,1.251045e-02,7.968520e-02,4.576347e-04,1.447901e-02
4.113825e-02,5.297298e-02,1.588812e-02,2.359465e-03,4.150065e-02,3.880483e-02,2.925416e-01,1.036189e-01,3.080162e-01,6.264985e-03,4.219156e-03,9.566532e-03,6.565170e-02,1.357503e-03,1.609909e-02
6.494650e-02,5.134024e-02,1.493045e-02,2.069568e-03,3.699930e-02,3.094256e-02,2.513058e-01,1.058894e-01,3.540969e-01,6.053674e-03,3.914687e-03,8.338835e-03,5.005160e-02,1.763888e-03,1.735657e-02
9.551586e-02,4.458264e-02,1.615555e-02,2.061210e-03,3.542988e-02,2.590915e-02,2.614835e-01,1.208727e-01,3.203807e-01,5.733603e-03,3.637787e-03,7.314017e-03,3.918184e-02,2.237029e-03,1.950452e-02
1.227834e-01,4.544331e-02,1.844744e-02,3.007243e-03,3.728212e-02,2.501283e-02,2.836295e-01,9.370951e-02,2.984432e-01,5.441858e-03,4.029897e-03,8.414757e-03,3.474170e-02,2.191640e-03,1.742152e-02
2.035432e-01,4.545890e-02,1.976944e-02,5.268898e-03,3.433816e-02,2.558480e-02,2.704582e-01,8.387716e-02,2.365876e-01,5.076404e-03,4.508592e-03,1.112658e-02,3.311778e-02,1.862340e-03,1.942183e-02
2.596721e-01,5.058414e-02,2.199551e-02,7.471985e-03,3.382417e-02,3.327520e-02,2.505665e-01,6.506149e-02,1.789364e-01,4.845205e-03,1.295601e-02,1.606906e-02,3.002812e-02,2.019547e-03,3.269453e-02
3.132741e-01,4.488770e-02,2.012121e-02,7.605833e-03,2.932055e-02,3.311159e-02,2.286389e-01,6.580280e-02,1.363428e-01,6.141720e-03,1.847781e-02,1.731261e-02,3.719910e-02,2.169924e-03,3.959345e-02
3.491106e-01,3.829584e-02,1.624610e-02,8.889920e-03,2.425349e-02,3.581576e-02,1.760606e-01,5.252401e-02,1.053719e-01,9.326378e-03,2.691425e-02,2.505002e-02,8.557769e-02,2.578346e-03,4.398510e-02
3.570227e-01,3.071401e-02,1.526794e-02,1.018411e-02,2.092285e-02,2.991272e-02,1.495968e-01,4.558947e-02,8.918338e-02,1.187485e-02,2.832028e-02,2.083438e-02,1.358069e-01,2.359947e-03,5.240982e-02
3.345205e-01,2.514237e-02,1.381647e-02,1.028698e-02,1.589470e-02,2.500688e-02,1.281967e-01,4.217859e-02,7.809594e-02,1.378049e-02,3.085070e-02,2.444519e-02,2.014516e-01,2.270108e-03,5.406278e-02
2.740957e-01,1.866154e-02,1.423310e-02,8.192069e-03,1.306275e-02,3.127519e-02,1.196802e-01,3.583820e-02,6.215876e-02,1.204647e-02,2.515192e-02,3.144669e-02,3.052723e-01,2.456275e-03,4.642904e-02
1.981277e-01,1.374038e-02,1.037857e-02,6.779102e-03,1.013976e-02,2.805143e-02,8.602909e-02,2.545249e-02,4.511490e-02,1.791008e-02,2.098395e-02,5.824843e-02,4.063305e-01,3.815160e-03,6.889859e-02
1.667899e-01,1.085001e-02,1.472569e-02,1.339163e-02,1.634631e-02,2.914028e-02,6.288607e-02,2.508544e-02,4.316951e-02,1.836511e-02,2.452934e-02,6.169265e-02,4.513913e-01,5.132704e-03,5.650416e-02
1.922309e-01,1.009625e-02,1.742663e-02,1.621911e-02,1.797126e-02,3.872337e-02,4.889813e-02,2.118769e-02,5.101907e-02,2.280910e-02,2.400018e-02,6.669127e-02,4.041365e-01,8.591244e-03,5.999931e-02
1.740669e-01,1.315430e-02,1.790663e-02,1.360216e-02,2.504895e-02,3.608101e-02,5.588349e-02,2.513941e-02,1.021223e-01,1.912234e-02,2.033845e-02,5.889161e-02,3.779518e-01,6.496599e-03,5.419410e-02
1.404734e-01,1.223095e-02,1.937288e-02,1.457145e-02,2.136809e-02,3.385746e-02,4.257097e-02,1.260321e-01,1.379679e-01,1.820020e-02,2.262718e-02,4.541020e-02,3.123444e-01,5.146231e-03,4.782666e-02
1.356769e-01,1.322330e-02,3.930339e-02,4.840962e-02,2.646054e-02,4.170734e-02,3.238055e-02,1.363637e-01,1.760535e-01,1.539265e-02,1.940678e-02,3.329099e-02,2.396547e-01,3.888790e-03,3.878724e-02
1.554842e-01,2.039910e-02,3.798516e-02,4.847742e-02,4.285505e-02,7.595648e-02,2.710955e-02,1.054741e-01,1.726591e-01,1.161075e-02,1.507170e-02,2.415908e-02,2.286413e-01,3.009825e-03,3.110714e-02
2.336127e-01,2.808919e-02,2.944557e-02,4.155850e-02,4.149678e-02,8.098887e-02,2.068634e-02,8.020600e-02,1.538590e-01,1.249329e-02,1.378811e-02,2.173040e-02,2.044413e-01,3.833515e-03,3.377046e-02
2.000849e-01,4.887734e-02,3.682522e-02,1.899503e-01,4.402259e-02,6.986233e-02,1.577718e-02,6.092080e-02,1.136459e-01,1.127724e-02,1.216336e-02,1.745273e-02,1.507617e-01,2.904854e-03,2.547351e-02
1.812974e-01,5.053053e-02,5.390429e-02,2.066042e-01,5.042436e-02,7.371505e-02,1.291594e-02,4.511076e-02,9.649877e-02,1.329974e-02,3.050651e-02,1.527696e-02,1.434769e-01,2.651508e-03,2.378710e-02
1.729399e-01,4.444090e-02,5.246679e-02,1.897399e-01,4.728094e-02,6.962920e-02,1.290418e-02,4.056858e-02,8.052009e-02,1.376486e-02,4.120060e-02,1.524046e-02,1.944863e-01,2.312525e-03,2.250483e-02
2.508898e-01,4.264111e-02,4.055726e-02,1.530546e-01,5.931034e-02,6.208516e-02,1.507080e-02,2.931722e-02,7.712677e-02,1.344593e-02,3.931025e-02,2.700102e-02,1.648273e-01,2.420411e-03,2.294214e-02
2.874142e-01,4.344146e-02,3.186275e-02,1.445958e-01,5.628742e-02,6.084954e-02,2.325037e-02,2.233822e-02,7.162583e-02,1.251458e-02,3.021945e-02,2.522548e-02,1.632599e-01,2.346892e-03,2.476807e-02
3.512262e-01,3.717293e-02,2.387568e-02,1.190164e-01,4.956186e-02,6.177056e-02,2.248666e-02,1.748928e-02,6.435423e-02,1.043243e-02,2.914407e-02,4.287303e-02,1.412108e-01,3.304446e-03,2.608151e-02
2.592544e-01,5.441964e-02,2.330722e-02,1.765490e-01,4.940353e-02,6.154031e-02,1.966624e-02,1.527700e-02,1.043621e-01,1.100733e-02,2.393880e-02,3.312487e-02,1.384274e-01,3.501517e-03,2.622063e-02
2.271737e-01,6.665323e-02,1.700435e-02,1.298521e-01,3.808718e-02,4.737179e-02,1.636049e-02,1.154130e-02,1.598958e-01,1.074632e-02,3.210156e-02,4.954375e-02,1.596268e-01,8.355004e-03,2.568670e-02
1.943707e-01,9.690320e-02,1.265582e-02,9.558645e-02,2.874166e-02,4.109013e-02,1.258128e-02,8.890318e-03,1.906804e-01,9.245105e-03,3.662999e-02,5.247293e-02,1.852179e-01,9.696595e-03,2.523746e-02
1.392428e-01,9.416926e-02,9.138262e-03,6.779525e-02,2.087248e-02,4.494166e-02,9.461914e-03,6.659620e-03,2.938986e-01,7.325870e-03,3.141723e-02,5.265487e-02,1.646452e-01,8.877222e-03,4.889973e-02
1.041533e-01,1.011624e-01,6.974292e-03,4.839902e-02,1.541913e-02,7.466272e-02,7.328629e-03,5.361949e-03,3.321343e-01,6.057551e-03,2.731403e-02,6.077863e-02,1.447557e-01,8.813925e-03,5.668439e-02
7.754201e-02,8.981124e-02,5.500682e-03,3.495935e-02,1.127610e-02,8.294603e-02,5.426785e-03,4.376924e-03,3.186946e-01,4.834596e-03,2.290719e-02,4.841149e-02,1.090542e-01,1.047312e-02,1.737857e-01
5.601346e-02,7.208184e-02,4.675196e-03,2.988572e-02,8.453091e-03,1.229528e-01,4.134315e-03,5.244930e-03,3.987818e-01,4.032327e-03,1.858808e-02,3.993033e-02,7.803994e-02,8.888735e-03,1.482974e-01
4.155076e-02,8.788477e-02,3.567798e-03,2.527340e-02,6.831820e-03,1.476206e-01,3.071130e-03,4.642559e-03,4.379615e-01,3.405061e-03,1.465430e-02,3.289990e-02,5.694866e-02,7.653313e-03,1.260344e-01
2.987899e-02,7.378522e-02,2.697631e-03,2.275513e-02,6.401825e-03,2.388289e-01,2.432585e-03,4.620414e-03,4.432231e-01,3.522121e-03,1.077915e-02,2.425238e-02,4.076366e-02,5.714925e-03,9.034401e-02
2.184388e-02,6.521410e-02,2.026274e-03,1.847114e-02,5.862733e-03,3.407634e-01,1.882613e-03,3.849517e-03,4.152747e-01,2.941413e-03,7.758994e-03,1.733713e-02,2.906729e-02,4.082429e-03,6.362440e-02
1.897015e-02,5.157256e-02,2.439715e-03,2.983377e-02,7.707811e-03,4.037702e-01,2.862109e-03,2.553242e-02,3.678904e-01,2.520341e-03,5.777771e-03,1.227646e-02,2.101899e-02,2.932748e-03,4.489454e-02
1.638644e-02,4.092614e-02,3.737726e-03,8.238663e-02,9.422629e-03,4.184719e-01,2.301394e-03,3.309791e-02,3.256273e-01,2.806709e-03,4.296519e-03,8.718223e-03,1.553677e-02,2.115041e-03,3.416869e-02
2.476289e-02,3.096700e-02,3.064147e-03,7.767595e-02,1.703794e-02,4.654071e-01,3.049350e-03,3.263364e-02,2.961877e-01,2.292346e-03,3.454360e-03,6.200335e-03,1.113958e-02,1.503328e-03,2.462435e-02
2.906316e-02,2.351611e-02,2.273301e-03,5.992485e-02,1.920112e-02,4.959598e-01,2.554759e-03,3.158840e-02,2.985590e-01,2.033833e-03,3.035007e-03,4.592623e-03,8.142796e-03,1.117517e-03,1.843774e-02
3.049722e-02,1.761540e-02,1.663082e-03,4.349416e-02,1.720503e-02,5.649718e-01,1.986762e-03,2.549686e-02,2.691959e-01,1.663844e-03,2.529168e-03,3.385382e-03,5.929547e-03,8.415929e-04,1.352415e-02
3.857608e-02,1.519064e-02,1.294699e-03,3.604387e-02,1.574992e-02,6.023754e-01,1.617714e-03,2.262719e-02,2.411826e-01,2.034450e-03,2.460913e-03,2.918052e-03,4.927730e-03,6.748474e-04,1.232576e-02
3.605995e-02,1.496322e-02,1.154417e-03,4.754499e-02,1.443245e-02,5.851433e-01,1.269859e-03,2.459859e-02,2.454491e-01,2.683844e-03,2.539235e-03,2.645833e-03,4.342959e-03,5.684425e-04,1.660365e-02
3.543157e-02,1.281021e-02,1.653571e-03,6.402378e-02,1.458676e-02,5.720311e-01,1.406378e-03,4.436349e-02,2.193287e-01,4.034841e-03,3.056522e-03,3.018596e-03,5.548956e-03,5.304362e-04,1.817499e-02
3.854230e-02,1.812912e-02,1.541903e-03,8.400546e-02,1.328739e-02,5.420744e-01,1.080579e-03,4.206710e-02,2.172370e-01,5.244336e-03,3.706024e-03,3.172231e-03,5.031603e-03,5.613174e-04,2.431922e-02
4.540069e-02,2.878745e-02,1.430247e-03,9.120807e-02,1.391967e-02,4.530740e-01,8.997897e-04,4.461902e-02,2.726489e-01,5.722234e-03,4.646796e-03,3.571959e-03,5.758120e-03,6.499425e-04,2.766303e-02
5.157948e-02,4.400358e-02,1.256040e-03,9.984095e-02,1.386837e-02,3.302411e-01,7.447028e-04,4.159175e-02,3.642100e-01,5.867654e-03,6.263827e-03,4.380938e-03,6.524817e-03,8.232622e-04,2.880340e-02
4.103662e-02,3.291440e-02,7.668672e-03,2.424849e-01,1.119997e-02,2.513736e-01,5.671033e-04,3.462350e-02,3.002440e-01,5.465197e-03,3.341721e-02,7.045273e-03,9.507807e-03,7.687247e-04,2.168297e-02
2.906488e-02,2.365452e-02,1.670348e-02,3.609497e-01,8.982629e-03,1.815238e-01,4.438281e-04,2.526149e-02,2.282555e-01,4.790427e-03,7.712247e-02,1.768451e-02,9.544739e-03,6.458303e-04,1.537217e-02
2.102356e-02,1.702568e-02,1.312705e-02,3.567537e-01,7.573551e-03,1.304699e-01,5.411358e-04,2.030884e-02,2.262831e-01,2.556892e-02,1.005228e-01,5.093023e-02,1.138526e-02,6.965757e-03,1.152048e-02
1.597081e-02,1.221846e-02,1.012352e-02,2.743127e-01,6.071421e-03,9.632437e-02,1.058818e-03,1.591597e-02,1.970406e-01,1.202096e-01,9.929724e-02,1.170590e-01,1.008575e-02,1.526593e-02,9.045791e-03
1.219859e-02,8.645952e-03,7.776440e-03,1.990913e-01,4.334320e-03,7.330196e-02,8.469835e-04,1.142156e-02,1.390215e-01,1.757090e-01,1.049434e-01,2.211909e-01,7.835227e-03,2.707250e-02,6.610345e-03
9.184763e-03,6.128913e-03,5.768976e-03,1.405196e-01,3.298858e-03,5.390979e-02,6.267838e-04,8.060138e-03,9.783827e-02,2.070780e-01,1.056614e-01,3.001454e-01,6.463983e-03,5.039033e-02,4.924707e-03
8.314873e-03,4.584367e-03,4.389089e-03,1.008034e-01,5.019517e-03,4.359261e-02,4.993536e-04,5.775050e-03,7.045446e-02,2.703617e-01,1.132627e-01,2.965675e-01,5.911091e-03,6.676759e-02,3.696700e-03
7.245386e-03,3.582188e-03,3.562031e-03,7.294105e-02,2.703186e-02,3.194291e-02,5.185395e-04,5.111929e-03,5.647007e-02,2.691891e-01,1.660855e-01,2.767637e-01,6.029070e-03,7.036093e-02,3.165742e-03
6.218970e-03,2.711226e-03,2.811032e-03,5.237820e-02,3.182285e-02,2.301819e-02,4.654829e-04,4.101320e-03,4.537566e-02,2.786342e-01,1.939430e-01,2.616560e-01,6.562542e-03,8.723195e-02,3.069349e-03
5.765790e-03,2.000010e-03,2.229134e-03,3.704972e-02,2.639297e-02,1.691302e-02,4.985420e-04,3.418998e-03,3.653682e-02,2.400832e-01,2.435876e-01,2.817421e-01,7.536401e-03,9.308119e-02,3.164526e-03
5.620581e-03,1.651678e-03,1.755062e-03,2.618004e-02,2.369321e-02,1.240735e-02,1.290513e-03,4.395867e-03,4.313958e-02,1.742430e-01,1.971802e-01,4.247479e-01,7.096166e-03,7.395486e-02,2.643896e-03
4.709017e-03,1.404519e-03,1.429721e-03,1.856675e-02,1.955441e-02,9.089748e-03,1.556433e-03,4.368426e-03,4.187863e-02,1.311580e-01,1.695293e-01,5.315080e-01,6.300527e-03,5.676959e-02,2.176881e-03
5.872413e-03,1.798059e-03,2.081366e-03,1.330339e-02,2.466694e-02,1.393136e-02,5.274266e-03,7.195157e-03,7.350158e-02,9.389751e-02,2.121167e-01,4.928452e-01,9.389770e-03,4.193319e-02,2.193066e-03
6.415277e-03,2.990381e-03,2.715188e-03,9.562992e-03,2.301590e-02,1.403284e-02,6.293404e-03,8.439009e-03,1.127414e-01,6.910379e-02,2.667736e-01,4.322442e-01,1.014622e-02,3.308340e-02,2.442356e-03
