1.000000e+00,0.000000e+00,0.000000e+00,0.000000e+00,0.000000e+00,0.000000e+00,0.000000e+00,0.000000e+00,0.000000e+00,0.000000e+00,0.000000e+00,0.000000e+00,0.000000e+00,0.000000e+00,0.000000e+00
1.000000e+00,0.000000e+00,0.000000e+00,0.000000e+00,0.000000e+00,0.000000e+00,0.000000e+00,0.000000e+00,0.000000e+00,0.000000e+00,0.000000e+00,0.000000e+00,0.000000e+00,0.000000e+00,0.000000e+00
1.000000e+00,0.000000e+00,0.000000e+00,0.000000e+00,0.000000e+00,0.000000e+00,0.000000e+00,0.000000e+00,0.000000e+00,0.000000e+00,0.000000e+00,0.000000e+00,0.000000e+00,0.000000e+00,0.000000e+00
1.000000e+00,0.000000e+00,0.000000e+00,0.000000e+00,0.000000e+00,0.000000e+00,0.000000e+00,0.000000e+00,0.000000e+00,0.000000e+00,0.000000e+00,0.000000e+00,0.000000e+00,0.000000e+00,0.000000e+00
1.000000e+00,0.000000e+00,0.000000e+00,0.000000e+00,0.000000e+00,0.000000e+00,0.000000e+00,0.000000e+00,0.000000e+00,0.000000e+00,0.000000e+00,0.000000e+00,0.000000e+00,0.000000e+00,0.000000e+00
1.000000e+00,0.000000e+00,0.000000e+00,0.000000e+00,0.000000e+00,0.000000e+00,0.000000e+00,0.000000e+00,0.000000e+00,0.000000e+00,0.000000e+00,0.000000e+00,0.000000e+00,0.000000e+00,0.000000e+00
1.000000e+00,0.000000e+00,0.000000e+00,0.000000e+00,0.000000e+00,0.000000e+00,0.000000e+00,0.000000e+00,0.000000e+00,0.000000e+00,0.000000e+00,0.000000e+00,0.000000e+00,0.000000e+00,0.000000e+00
1.000000e+00,0.000000e+00,0.000000e+00,0.000000e+00,0.000000e+00,0.000000e+00,0.000000e+00,0.000000e+00,0.000000e+00,0.000000e+00,0.000000e+00,0.000000e+00,0.000000e+00,0.000000e+00,0.000000e+00
1.000000e+00,0.000000e+00,0.000000e+00,0.000000e+00,0.000000e+00,0.000000e+00,0.000000e+00,0.000000e+00,0.000000e+00,0.000000e+00,0.000000e+00,0.000000e+00,0.000000e+00,0.000000e+00,0.000000e+00
1.000000e+00,0.000000e+00,0.000000e+00,0.000000e+00,0.000000e+00,0.000000e+00,0.000000e+00,0.000000e+00,0.000000e+00,0.000000e+00,0.000000e+00,0.000000e+00,0.000000e+00,0.000000e+00,0.000000e+00
1.000000e+00,0.000000e+00,0.000000e+00,0.000000e+00,0.000000e+00,0.000000e+00,0.000000e+00,0.000000e+00,0.000000e+00,0.000000e+00,0.000000e+00,0.000000e+00,0.000000e+00,0.000000e+00,0.000000e+00
1.000000e+00,0.000000e+00,0.000000e+00,0.000000e+00,0.000000e+00,0.000000e+00,0.000000e+00,0.000000e+00,0.000000e+00,0.000000e+00,0.000000e+00,0.000000e+00,0.000000e+00,0.000000e+00,0.000000e+00
1.000000e+00,0.000000e+00,0.000000e+00,0.000000e+00,0.000000e+00,0.000000e+00,0.000000e+00,0.000000e+00,0.000000e+00,0.000000e+00,0.000000e+00,0.000000e+00,0.000000e+00,0.000000e+00,0.000000e+00
1.000000e+00,0.000000e+00,0.000000e+00,0.000000e+00,0.000000e+00,0.000000e+00,0.000000e+00,0.000000e+00,0.000000e+00,0.000000e+00,0.000000e+00,0.000000e+00,0.000000e+00,0.000000e+00,0.000000e+00
1.000000e+00,0.000000e+00,0.000000e+00,0.000000e+00,0.000000e+00,0.000000e+00,0.000000e+00,0.000000e+00,0.000000e+00,0.000000e+00,0.000000e+00,0.000000e+00,0.000000e+00,0.000000e+00,0.000000e+00
1.000000e+00,0.000000e+00,0.000000e+00,0.000000e+00,0.000000e+00,0.000000e+00,0.000000e+00,0.000000e+00,0.000000e+00,0.000000e+00,0.000000e+00,0.000000e+00,0.000000e+00,0.000000e+00,0.000000e+00
1.000000e+00,0.000000e+00,0.000000e+00,0.000000e+00,0.000000e+00,0.000000e+00,0.000000e+00,0.000000e+00,0.000000e+00,0.000000e+00,0.000000e+00,0.000000e+00,0.000000e+00,0.000000e+00,0.000000e+00
1.000000e+00,0.000000e+00,0.000000e+00,0.000000e+00,0.000000e+00,0.000000e+00,0.000000e+00,0.000000e+00,0.000000e+00,0.000000e+00,0.000000e+00,0.000000e+00,0.000000e+00,0.000000e+00,0.000000e+00
1.000000e+00,0.000000e+00,0.000000e+00,0.000000e+00,0.000000e+00,0.000000e+00,0.000000e+00,0.000000e+00,0.000000e+00,0.000000e+00,0.000000e+00,0.000000e+00,0.000000e+00,0.000000e+00,0.000000e+00
1.000000e+00,0.000000e+00,0.000000e+00,0.000000e+00,0.000000e+00,0.000000e+00,0.000000e+00,0.000000e+00,0.000000e+00,0.000000e+00,0.000000e+00,0.000000e+00,0.000000e+00,0.000000e+00,0.000000e+00
1.000000e+00,0.000000e+00,0.000000e+00,0.000000e+00,0.000000e+00,0.000000e+00,0.000000e+00,0.000000e+00,0.000000e+00,0.000000e+00,0.000000e+00,0.000000e+00,0.000000e+00,0.000000e+00,0.000000e+00
1.000000e+00,0.000000e+00,0.000000e+00,0.000000e+00,0.000000e+00,0.000000e+00,0.000000e+00,0.000000e+00,0.000000e+00,0.000000e+00,0.000000e+00,0.000000e+00,0.000000e+00,0.000000e+00,0.000000e+00
1.000000e+00,0.000000e+00,0.000000e+00,0.000000e+00,0.000000e+00,0.000000e+00,0.000000e+00,0.000000e+00,0.000000e+00,0.000000e+00,0.000000e+00,0.000000e+00,0.000000e+00,0.000000e+00,0.000000e+00
1.000000e+00,0.000000e+00,0.000000e+00,0.000000e+00,0.000000e+00,0.000000e+00,0.000000e+00,0.000000e+00,0.000000e+00,0.000000e+00,0.000000e+00,0.000000e+00,0.000000e+00,0.000000e+00,0.000000e+00
1.000000e+00,0.000000e+00,0.000000e+00,0.000000e+00,0.000000e+00,0.000000e+00,0.000000e+00,0.000000e+00,0.000000e+00,0.000000e+00,0.000000e+00,0.000000e+00,0.000000e+00,0.000000e+00,0.000000e+00
1.000000e+00,0.000000e+00,0.000000e+00,0.000000e+00,0.000000e+00,0.000000e+00,0.000000e+00,0.000000e+00,0.000000e+00,0.000000e+00,0.000000e+00,0.000000e+00,0.000000e+00,0.000000e+00,0.000000e+00
1.000000e+00,0.000000e+00,0.000000e+00,0.000000e+00,0.000000e+00,0.000000e+00,0.000000e+00,0.000000e+00,0.000000e+00,0.000000e+00,0.000000e+00,0.000000e+00,0.000000e+00,0.000000e+00,0.000000e+00
1.000000e+00,0.000000e+00,0.000000e+00,0.000000e+00,0.000000e+00,0.000000e+00,0.000000e+00,0.000000e+00,0.000000e+00,0.000000e+00,0.000000e+00,0.000000e+00,0.000000e+00,0.000000e+00,0.000000e+00
1.000000e+00,0.000000e+00,0.000000e+00,0.000000e+00,0.000000e+00,0.000000e+00,0.000000e+00,0.000000e+00,0.000000e+00,0.000000e+00,0.000000e+00,0.000000e+00,0.000000e+00,0.000000e+00,0.000000e+00
1.000000e+00,0.000000e+00,0.000000e+00,0.000000e+00,0.000000e+00,0.000000e+00,0.000000e+00,0.000000e+00,0.000000e+00,0.000000e+00,0.000000e+00,0.000000e+00,0.000000e+00,0.000000e+00,0.000000e+00
1.000000e+00,0.000000e+00,0.000000e+00,0.000000e+00,0.000000e+00,0.000000e+00,0.000000e+00,0.000000e+00,0.000000e+00,0.000000e+00,0.000000e+00,0.000000e+00,0.000000e+00,0.000000e+00,0.000000e+00
1.000000e+00,0.000000e+00,0.000000e+00,0.000000e+00,0.000000e+00,0.000000e+00,0.000000e+00,0.000000e+00,0.000000e+00,0.000000e+00,0.000000e+00,0.000000e+00,0.000000e+00,0.000000e+00,0.000000e+00
1.000000e+00,0.000000e+00,0.000000e+00,0.000000e+00,0.000000e+00,0.000000e+00,0.000000e+00,0.000000e+00,0.000000e+00,0.000000e+00,0.000000e+00,0.000000e+00,0.000000e+00,0.000000e+00,0.000000e+00
1.000000e+00,0.000000e+00,0.000000e+00,0.000000e+00,0.000000e+00,0.000000e+00,0.000000e+00,0.000000e+00,0.000000e+00,0.000000e+00,0.000000e+00,0.000000e+00,0.000000e+00,0.000000e+00,0.000000e+00
1.000000e+00,0.000000e+00,0.000000e+00,0.000000e+00,0.000000e+00,0.000000e+00,0.000000e+00,0.000000e+00,0.000000e+00,0.000000e+00,0.000000e+00,0.000000e+00,0.000000e+00,0.000000e+00,0.000000e+00
1.000000e+00,0.000000e+00,0.000000e+00,0.000000e+00,0.000000e+00,0.000000e+00,0.000000e+00,0.000000e+00,0.000000e+00,0.000000e+00,0.000000e+00,0.000000e+00,0.000000e+00,0.000000e+00,0.000000e+00
1.000000e+00,0.000000e+00,0.000000e+00,0.000000e+00,0.000000e+00,0.000000e+00,0.000000e+00,0.000000e+00,0.000000e+00,0.000000e+00,0.000000e+00,0.000000e+00,0.000000e+00,0.000000e+00,0.000000e+00
1.000000e+00,0.000000e+00,0.000000e+00,0.000000e+00,0.000000e+00,0.000000e+00,0.000000e+00,0.000000e+00,0.000000e+00,0.000000e+00,0.000000e+00,0.000000e+00,0.000000e+00,0.000000e+00,0.000000e+00
1.000000e+00,0.000000e+00,0.000000e+00,0.000000e+00,0.000000e+00,0.000000e+00,0.000000e+00,0.000000e+00,0.000000e+00,0.000000e+00,0.000000e+00,0.000000e+00,0.000000e+00,0.000000e+00,0.000000e+00
1.000000e+00,0.000000e+00,0.000000e+00,0.000000e+00,0.000000e+00,0.000000e+00,0.000000e+00,0.000000e+00,0.000000e+00,0.000000e+00,0.000000e+00,0.000000e+00,0.000000e+00,0.000000e+00,0.000000e+00
1.000000e+00,0.000000e+00,0.000000e+00,0.000000e+00,0.000000e+00,0.000000e+00,0.000000e+00,0.000000e+00,0.000000e+00,0.000000e+00,0.000000e+00,0.000000e+00,0.000000e+00,0.000000e+00,0.000000e+00
1.000000e+00,0.000000e+00,0.000000e+00,0.000000e+00,0.000000e+00,0.000000e+00,0.000000e+00,0.000000e+00,0.000000e+00,0.000000e+00,0.000000e+00,0.000000e+00,0.000000e+00,0.000000e+00,0.000000e+00
1.000000e+00,0.000000e+00,0.000000e+00,0.000000e+00,0.000000e+00,0.000000e+00,0.000000e+00,0.000000e+00,0.000000e+00,0.000000e+00,0.000000e+00,0.000000e+00,0.000000e+00,0.000000e+00,0.000000e+00
1.000000e+00,0.000000e+00,0.000000e+00,0.000000e+00,0.000000e+00,0.000000e+00,0.000000e+00,0.000000e+00,0.000000e+00,0.000000e+00,0.000000e+00,0.000000e+00,0.000000e+00,0.000000e+00,0.000000e+00
1.000000e+00,0.000000e+00,0.000000e+00,0.000000e+00,0.000000e+00,0.000000e+00,0.000000e+00,0.000000e+00,0.000000e+00,0.000000e+00,0.000000e+00,0.000000e+00,0.000000e+00,0.000000e+00,0.000000e+00
1.000000e+00,0.000000e+00,0.000000e+00,0.000000e+00,0.000000e+00,0.000000e+00,0.000000e+00,0.000000e+00,0.000000e+00,0.000000e+00,0.000000e+00,0.000000e+00,0.000000e+00,0.000000e+00,0.000000e+00
1.000000e+00,0.000000e+00,0.000000e+00,0.000000e+00,0.000000e+00,0.000000e+00,0.000000e+00,0.000000e+00,0.000000e+00,0.000000e+00,0.000000e+00,0.000000e+00,0.000000e+00,0.000000e+00,0.000000e+00
1.000000e+00,0.000000e+00,0.000000e+00,0.000000e+00,0.000000e+00,0.000000e+00,0.000000e+00,0.000000e+00,0.000000e+00,0.000000e+00,0.000000e+00,0.000000e+00,0.000000e+00,0.000000e+00,0.000000e+00
1.000000e+00,0.000000e+00,0.000000e+00,0.000000e+00,0.000000e+00,0.000000e+00,0.000000e+00,0.000000e+00,0.000000e+00,0.000000e+00,0.000000e+00,0.000000e+00,0.000000e+00,0.000000e+00,0.000000e+00
1.000000e+00,0.000000e+00,0.000000e+00,0.000000e+00,0.000000e+00,0.000000e+00,0.000000e+00,0.000000e+00,0.000000e+00,0.000000e+00,0.000000e+00,0.000000e+00,0.000000e+00,0.000000e+00,0.000000e+00
1.000000e+00,0.000000e+00,0.000000e+00,0.000000e+00,0.000000e+00,0.000000e+00,0.000000e+00,0.000000e+00,0.000000e+00,0.000000e+00,0.000000e+00,0.000000e+00,0.000000e+00,0.000000e+00,0.000000e+00
1.000000e+00,0.000000e+00,0.000000e+00,0.000000e+00,0.000000e+00,0.000000e+00,0.000000e+00,0.000000e+00,0.000000e+00,0.000000e+00,0.000000e+00,0.000000e+00,0.000000e+00,0.000000e+00,0.000000e+00
1.000000e+00,0.000000e+00,0.000000e+00,0.000000e+00,0.000000e+00,0.000000e+00,0.000000e+00,0.000000e+00,0.000000e+00,0.000000e+00,0.000000e+00,0.000000e+00,0.000000e+00,0.000000e+00,0.000000e+00
3.966103e-01,2.132638e-02,3.731417e-01,6.979444e-02,4.531916e-03,2.495812e-02,4.920158e-03,2.675245e-02,3.623181e-03,2.778612e-03,1.919384e-02,2.284582e-02,1.179282e-02,2.302592e-03,1.542768e-02
3.492914e-01,1.602068e-02,4.182992e-01,6.693535e-02,3.943180e-03,2.405764e-02,8.466309e-03,4.943524e-02,2.912731e-03,2.230343e-03,1.543041e-02,1.876471e-02,1.011863e-02,2.089911e-03,1.200430e-02
3.142830e-01,1.196803e-02,4.743445e-01,5.829990e-02,3.388916e-03,2.144456e-02,7.624925e-03,5.641899e-02,2.330589e-03,2.179769e-03,1.225534e-02,1.534449e-02,8.151117e-03,1.902539e-03,1.006339e-02
3.396631e-01,9.532399e-03,4.713976e-01,4.862670e-02,3.056730e-03,1.891808e-02,7.430503e-03,5.650541e-02,2.139895e-03,2.412732e-03,9.796830e-03,1.257648e-02,6.788502e-03,1.705421e-03,9.449637e-03
4.337767e-01,8.944952e-03,3.953376e-01,3.675751e-02,3.116407e-03,1.872507e-02,7.289306e-03,4.761445e-02,2.393525e-03,4.800965e-03,8.340635e-03,1.180112e-02,6.334088e-03,2.474664e-03,1.229300e-02
4.650700e-01,8.380992e-03,3.635255e-01,2.887301e-02,3.328151e-03,2.053900e-02,7.486730e-03,4.250873e-02,2.947998e-03,9.946217e-03,8.314386e-03,1.224053e-02,5.576806e-03,4.126286e-03,1.713572e-02
3.902817e-01,8.070829e-03,3.185530e-01,2.178704e-02,2.812861e-03,7.620861e-02,6.191842e-03,3.126179e-02,4.457212e-03,2.088024e-02,3.055627e-02,2.864112e-02,4.810225e-03,3.345715e-02,2.203017e-02
4.264116e-01,7.049381e-03,2.308022e-01,1.871447e-02,2.637107e-03,9.427126e-02,5.527731e-03,2.322874e-02,5.752992e-03,2.218582e-02,5.087870e-02,4.838202e-02,4.209100e-03,3.402686e-02,2.592207e-02
3.938995e-01,7.366905e-03,1.768581e-01,1.873470e-02,3.288680e-03,1.498033e-01,5.634436e-03,1.801606e-02,5.756126e-03,1.882187e-02,6.857437e-02,7.362232e-02,4.127945e-03,2.909226e-02,2.640342e-02
4.538442e-01,1.082813e-02,1.295246e-01,2.409149e-02,4.617671e-03,1.357045e-01,5.858542e-03,1.449854e-02,7.462812e-03,1.448840e-02,6.400550e-02,7.906433e-02,5.469036e-03,2.392153e-02,2.662064e-02
4.837849e-01,1.203647e-02,9.984941e-02,2.343228e-02,5.054545e-03,1.385506e-01,5.741166e-03,1.209989e-02,7.361773e-03,1.317428e-02,5.922139e-02,7.330529e-02,5.920466e-03,2.800494e-02,3.246255e-02
1.000000e+00,0.000000e+00,0.000000e+00,0.000000e+00,0.000000e+00,0.000000e+00,0.000000e+00,0.000000e+00,0.000000e+00,0.000000e+00,0.000000e+00,0.000000e+00,0.000000e+00,0.000000e+00,0.000000e+00
4.979659e-01,1.404007e-02,5.401897e-02,1.965414e-02,5.206537e-03,9.476707e-02,4.915015e-03,1.116017e-02,4.964262e-02,1.818229e-02,4.731853e-02,6.443293e-02,7.378067e-03,7.169249e-02,3.962519e-02
4.015344e-01,1.400511e-02,4.251765e-02,3.638968e-02,6.131738e-03,8.988006e-02,5.036694e-03,1.189852e-02,9.958140e-02,1.670452e-02,4.693231e-02,6.078839e-02,7.007881e-03,1.136671e-01,4.792456e-02
3.585126e-01,2.571203e-02,3.078842e-02,3.627722e-02,7.890106e-03,7.170393e-02,4.536931e-03,1.126007e-02,1.595227e-01,1.312602e-02,4.196432e-02,5.714813e-02,1.375731e-02,1.157877e-01,5.201240e-02
2.893772e-01,4.221022e-02,2.203683e-02,3.716817e-02,1.117549e-02,5.239514e-02,3.668464e-03,9.033764e-03,2.776513e-01,1.087304e-02,3.566473e-02,4.500382e-02,1.214344e-02,9.538485e-02,5.621359e-02
2.587973e-01,6.899557e-02,1.691198e-02,4.960287e-02,1.537579e-02,4.078812e-02,3.236114e-03,8.494310e-03,2.998387e-01,8.935604e-03,3.088937e-02,3.391201e-02,9.754335e-03,7.659221e-02,7.787567e-02
2.454114e-01,5.581256e-02,1.337673e-02,4.521168e-02,1.498069e-02,1.853986e-01,1.713430e-02,1.168148e-02,2.236348e-01,6.487921e-03,2.487637e-02,2.824967e-02,1.106021e-02,5.513655e-02,6.154699e-02
2.151786e-01,4.170689e-02,1.096521e-02,3.569134e-02,1.422849e-02,2.159957e-01,1.357172e-01,1.658506e-02,1.663844e-01,4.792572e-03,1.883608e-02,2.297717e-02,1.362010e-02,3.933632e-02,4.798482e-02
2.099843e-01,3.238760e-02,9.433446e-03,2.713002e-02,1.246234e-02,1.916786e-01,2.458402e-01,2.105488e-02,1.205083e-01,3.753351e-03,1.493640e-02,2.408157e-02,1.788923e-02,2.859137e-02,4.026837e-02
2.358698e-01,2.496767e-02,8.799420e-03,2.172804e-02,1.459841e-02,1.619284e-01,2.970331e-01,2.903751e-02,8.952923e-02,3.210122e-03,1.248663e-02,2.394928e-02,2.267858e-02,2.152027e-02,3.266346e-02
2.220777e-01,1.996704e-02,9.297719e-03,1.668276e-02,1.317954e-02,1.270190e-01,3.935388e-01,3.195050e-02,6.481627e-02,2.747819e-03,1.047182e-02,2.221241e-02,2.351578e-02,1.600591e-02,2.651690e-02
1.994682e-01,1.607399e-02,8.952497e-03,1.316233e-02,1.068018e-02,1.041463e-01,4.767458e-01,3.577174e-02,4.701559e-02,2.120569e-03,9.313002e-03,2.062236e-02,2.248627e-02,1.183072e-02,2.161044e-02
2.093412e-01,1.410388e-02,1.016508e-02,1.100922e-02,1.113457e-02,8.208590e-02,5.081459e-01,4.206472e-02,3.561710e-02,1.730761e-03,8.136076e-03,1.882339e-02,2.059654e-02,8.766787e-03,1.827884e-02
2.356692e-01,1.234150e-02,1.667264e-02,9.705544e-03,1.679730e-02,6.397984e-02,4.893727e-01,6.008913e-02,3.231431e-02,1.577946e-03,6.587792e-03,1.522245e-02,1.638655e-02,6.658443e-03,1.662473e-02
2.661933e-01,1.074989e-02,1.557586e-02,8.364270e-03,1.744251e-02,5.044024e-02,4.639082e-01,8.093579e-02,3.157948e-02,1.502551e-03,5.736049e-03,1.333699e-02,1.386235e-02,5.223404e-03,1.514920e-02
2.748747e-01,1.156334e-02,1.387818e-02,7.344723e-03,1.611429e-02,4.509883e-02,4.363162e-01,1.011745e-01,3.579342e-02,2.099187e-03,6.250985e-03,1.332305e-02,1.526790e-02,4.715944e-03,1.618476e-02
3.497602e-01,1.089606e-02,1.440224e-02,6.818191e-03,1.572236e-02,3.680566e-02,3.759154e-01,1.003138e-01,3.401841e-02,2.384266e-03,6.436565e-03,1.428217e-02,1.287995e-02,3.983345e-03,1.538136e-02
3.938240e-01,1.030478e-02,1.659019e-02,7.006904e-03,1.406981e-02,3.186834e-02,3.371483e-01,1.019792e-01,2.998175e-02,2.863282e-03,6.725448e-03,1.524794e-02,1.172912e-02,3.723398e-03,1.693759e-02
4.202104e-01,1.248806e-02,1.511365e-02,1.612413e-02,1.215764e-02,4.160902e-02,2.560528e-01,1.097152e-01,2.440989e-02,3.572713e-03,8.674951e-03,3.145340e-02,2.755162e-02,3.250917e-03,1.761559e-02
4.662360e-01,1.361799e-02,1.395336e-02,1.944805e-02,9.788613e-03,3.889658e-02,1.915131e-01,1.023063e-01,1.996270e-02,5.097924e-03,1.140543e-02,4.106644e-02,3.163460e-02,3.620936e-03,3.145202e-02
3.590096e-01,2.406400e-02,2.108811e-02,4.025657e-02,7.287634e-03,2.879732e-02,1.347122e-01,8.382938e-02,4.017662e-02,1.006640e-01,1.444876e-02,3.858862e-02,3.307815e-02,3.078813e-03,7.092017e-02
2.742618e-01,3.680814e-02,2.443931e-02,4.843864e-02,5.611571e-03,2.356785e-02,9.473906e-02,6.583182e-02,6.330413e-02,1.666494e-01,1.939119e-02,3.561427e-02,4.265327e-02,3.999437e-03,9.469013e-02
2.663297e-01,3.662778e-02,2.482524e-02,4.699551e-02,5.976771e-03,2.196410e-02,6.769215e-02,5.948262e-02,8.717939e-02,1.705556e-01,3.314506e-02,3.428720e-02,4.374339e-02,6.896628e-03,9.429887e-02
2.154742e-01,3.223946e-02,2.429475e-02,1.038984e-01,6.200786e-03,1.861677e-02,4.786397e-02,5.179464e-02,1.581086e-01,1.415716e-01,3.099624e-02,2.730017e-02,4.516393e-02,6.014597e-03,9.046184e-02
1.886566e-01,3.679797e-02,1.839109e-02,1.001395e-01,5.602783e-03,1.849779e-02,3.410365e-02,3.997888e-02,1.650101e-01,1.885219e-01,3.025167e-02,2.259580e-02,4.436534e-02,6.034362e-03,1.010526e-01
1.525459e-01,4.085436e-02,1.841880e-02,1.151797e-01,5.459347e-03,1.501623e-02,2.424885e-02,3.036484e-02,2.019718e-01,1.874134e-01,3.941711e-02,2.376004e-02,4.105738e-02,8.440973e-03,9.585133e-02
1.281272e-01,3.855655e-02,1.385633e-02,1.398692e-01,4.228039e-03,1.274074e-02,1.722762e-02,2.242188e-02,2.314081e-01,1.535019e-01,5.508571e-02,1.915127e-02,4.832415e-02,1.362893e-02,1.018723e-01
1.335759e-01,3.242990e-02,1.049051e-02,1.401248e-01,4.382949e-03,1.266952e-02,1.249786e-02,1.707671e-02,1.949111e-01,1.144894e-01,1.027581e-01,2.011349e-02,6.462431e-02,2.991010e-02,1.099454e-01
1.310012e-01,2.490881e-02,9.430349e-03,1.251582e-01,7.487562e-03,1.196236e-02,8.900703e-03,1.540571e-02,1.643312e-01,8.142395e-02,1.394139e-01,1.782241e-02,8.342474e-02,3.067023e-02,1.486587e-01
1.792382e-01,2.558318e-02,7.882383e-03,1.117342e-01,1.274386e-02,1.054158e-02,6.904557e-03,1.331880e-02,1.793778e-01,5.812772e-02,1.480785e-01,2.060465e-02,7.096203e-02,2.837807e-02,1.265246e-01
1.874356e-01,2.460431e-02,9.590987e-03,1.573924e-01,3.552288e-02,1.307388e-02,7.520793e-03,1.638399e-02,1.772447e-01,4.157891e-02,1.449020e-01,1.538425e-02,5.134448e-02,2.191711e-02,9.610383e-02
3.100240e-01,2.468503e-02,1.113973e-02,1.537611e-01,3.281467e-02,1.849412e-02,6.519277e-03,1.427074e-02,1.472556e-01,3.009209e-02,1.043883e-01,1.233634e-02,3.756152e-02,1.705831e-02,7.959932e-02
3.359632e-01,3.586327e-02,3.629140e-02,1.786569e-01,3.550427e-02,1.927393e-02,5.934685e-03,1.724168e-02,1.147265e-01,2.197491e-02,7.835799e-02,1.188270e-02,2.812322e-02,1.504371e-02,6.516167e-02
3.847642e-01,4.066432e-02,3.850848e-02,1.566326e-01,3.774701e-02,2.180920e-02,4.849496e-03,1.564637e-02,9.549023e-02,1.590904e-02,6.505238e-02,1.953399e-02,2.403312e-02,1.976615e-02,5.959342e-02
4.128358e-01,4.887260e-02,3.538415e-02,1.340458e-01,3.868119e-02,2.216077e-02,4.117970e-03,1.514596e-02,9.122673e-02,1.184008e-02,5.625661e-02,2.423920e-02,2.052961e-02,2.233383e-02,6.232964e-02
4.193588e-01,4.815035e-02,4.952655e-02,1.225319e-01,4.145037e-02,2.518882e-02,3.854828e-03,2.010051e-02,9.488234e-02,9.956047e-03,5.022132e-02,2.661535e-02,1.783403e-02,1.988387e-02,5.044483e-02
4.507971e-01,3.854727e-02,5.778547e-02,1.115638e-01,3.418919e-02,2.312501e-02,3.241779e-03,1.802327e-02,1.024698e-01,9.012000e-03,4.132208e-02,3.476572e-02,1.704129e-02,1.778795e-02,4.032819e-02
4.473483e-01,2.932841e-02,1.198009e-01,1.067729e-01,2.705798e-02,1.893329e-02,2.670493e-03,1.684857e-02,1.013004e-01,7.449528e-03,3.263622e-02,3.153642e-02,1.346769e-02,1.473451e-02,3.011432e-02
1.000000e+00,0.000000e+00,0.000000e+00,0.000000e+00,0.000000e+00,0.000000e+00,0.000000e+00,0.000000e+00,0.000000e+00,0.000000e+00,0.000000e+00,0.000000e+00,0.000000e+00,0.000000e+00,0.000000e+00
1.000000e+00,0.000000e+00,0.000000e+00,0.000000e+00,0.000000e+00,0.000000e+00,0.000000e+00,0.000000e+00,0.000000e+00,0.000000e+00,0.000000e+00,0.000000e+00,0.000000e+00,0.000000e+00,0.000000e+00
4.714438e-01,1.345432e-02,2.421596e-01,7.801278e-02,1.069109e-02,1.453705e-02,1.756310e-03,1.021561e-02,7.354005e-02,5.393622e-03,1.952883e-02,2.020737e-02,7.390321e-03,1.301769e-02,1.865157e-02
3.949479e-01,1.392228e-02,3.030204e-01,9.604532e-02,9.363597e-03,1.329306e-02,1.811470e-03,1.035186e-02,6.610333e-02,6.728371e-03,1.963801e-02,2.116587e-02,7.163581e-03,1.264946e-02,2.379553e-02
3.356127e-01,1.161946e-02,3.160229e-01,1.051504e-01,7.663790e-03,1.177306e-02,1.431729e-03,8.943909e-03,7.825814e-02,1.339934e-02,1.873043e-02,1.837115e-02,7.162933e-03,1.667750e-02,4.918250e-02
3.181355e-01,1.331057e-02,2.783090e-01,1.162308e-01,7.422296e-03,1.274803e-02,2.708031e-03,1.175472e-02,1.123282e-01,1.195387e-02,1.850894e-02,1.814937e-02,8.991946e-03,1.370587e-02,5.574288e-02
3.657867e-01,1.300345e-02,2.267537e-01,9.667992e-02,6.533488e-03,1.224410e-02,2.440483e-03,1.299886e-02,1.004101e-01,1.171078e-02,1.958722e-02,1.620162e-02,8.227816e-03,2.369653e-02,8.372525e-02
4.078375e-01,1.919355e-02,1.718598e-01,1.047350e-01,5.925183e-03,1.206104e-02,2.508024e-03,1.401382e-02,9.676712e-02,9.000879e-03,2.050721e-02,1.833045e-02,8.239610e-03,2.240363e-02,8.661728e-02
3.879827e-01,1.783658e-02,1.496184e-01,8.008248e-02,7.470933e-03,1.351691e-02,2.969421e-03,1.461112e-02,9.384772e-02,1.006225e-02,1.710847e-02,1.548149e-02,8.846804e-03,5.196664e-02,1.285982e-01
4.409997e-01,2.070493e-02,1.092388e-01,7.977090e-02,5.835591e-03,1.358283e-02,3.025979e-03,1.412305e-02,9.376574e-02,7.974059e-03,1.431944e-02,1.591546e-02,9.756511e-03,4.045895e-02,1.305281e-01
3.852489e-01,1.835122e-02,8.365148e-02,7.273993e-02,4.436148e-03,1.227431e-02,2.875420e-03,1.175682e-02,1.514412e-01,6.915933e-03,1.272942e-02,1.617080e-02,1.338974e-02,3.383822e-02,1.741806e-01
4.809037e-01,1.567668e-02,5.978414e-02,5.784165e-02,3.852595e-03,1.184031e-02,2.747808e-03,1.004023e-02,1.168299e-01,5.471327e-03,1.238013e-02,1.527512e-02,1.488138e-02,3.139863e-02,1.610765e-01
4.341018e-01,1.392930e-02,4.548963e-02,6.027412e-02,2.978643e-03,1.067761e-02,2.325281e-03,7.766784e-03,1.504162e-01,4.835452e-03,1.241303e-02,1.217362e-02,1.268094e-02,2.787986e-02,2.020578e-01
4.841407e-01,1.273640e-02,3.786515e-02,5.452904e-02,2.883233e-03,9.876828e-03,2.239528e-03,6.478501e-03,1.270578e-01,5.047410e-03,1.077443e-02,1.213671e-02,1.152999e-02,2.763135e-02,1.950730e-01
1.000000e+00,0.000000e+00,0.000000e+00,0.000000e+00,0.000000e+00,0.000000e+00,0.000000e+00,0.000000e+00,0.000000e+00,0.000000e+00,0.000000e+00,0.000000e+00,0.000000e+00,0.000000e+00,0.000000e+00
4.380682e-01,1.230496e-02,2.181073e-02,4.584551e-02,3.061233e-03,6.608452e-03,1.511310e-03,4.837087e-03,2.761914e-01,4.908917e-03,8.272696e-03,7.833277e-03,9.577418e-03,1.849852e-02,1.406703e-01
3.939641e-01,1.357912e-02,1.583080e-02,3.481598e-02,2.766188e-03,5.865604e-03,1.210564e-03,4.433794e-03,3.661950e-01,5.691707e-03,7.227840e-03,6.073926e-03,1.016365e-02,1.450862e-02,1.176731e-01
3.436520e-01,1.283646e-02,1.253084e-02,2.641328e-02,4.068052e-03,5.638307e-03,1.173782e-03,3.885068e-03,4.609676e-01,9.283652e-03,6.360718e-03,4.752997e-03,1.023929e-02,1.105076e-02,8.714713e-02
2.709221e-01,1.111283e-02,1.002317e-02,1.909223e-02,3.305386e-03,4.640721e-03,2.301625e-03,7.070634e-03,4.432587e-01,4.721796e-02,6.479778e-03,4.263338e-03,3.586586e-02,9.530706e-03,1.249149e-01
2.065928e-01,8.949812e-03,8.551161e-03,1.426706e-02,2.866816e-03,4.258886e-03,2.131599e-03,6.571394e-03,5.338271e-01,5.064946e-02,5.418841e-03,3.403168e-03,4.287758e-02,7.334817e-03,1.022995e-01
1.644719e-01,7.062808e-03,8.473082e-03,1.279901e-02,3.773747e-03,4.043350e-03,2.018333e-03,1.013277e-02,5.220685e-01,4.066602e-02,6.991208e-03,3.704702e-03,8.372397e-02,5.777583e-03,1.242930e-01
1.305902e-01,5.555361e-03,6.276228e-03,1.003088e-02,5.233364e-03,4.200359e-03,1.651457e-03,7.816494e-03,4.184039e-01,2.951898e-02,6.106653e-03,3.598796e-03,2.690485e-01,4.723603e-03,9.724525e-02
1.044033e-01,5.200595e-03,4.650160e-03,8.015205e-03,8.134861e-03,4.126243e-03,1.540385e-03,6.225304e-03,3.325783e-01,2.107914e-02,8.911188e-03,1.436246e-02,3.942569e-01,1.254424e-02,7.397174e-02
7.821969e-02,4.086705e-03,3.444437e-03,7.066240e-03,7.235247e-03,6.570091e-03,1.712778e-03,5.043229e-03,2.767915e-01,1.547208e-02,3.175408e-02,4.593350e-02,4.470830e-01,1.489892e-02,5.468851e-02
6.075095e-02,3.379961e-03,2.679680e-03,6.214205e-03,6.187848e-03,1.337797e-02,1.655402e-03,4.206991e-03,2.193804e-01,1.119606e-02,3.053727e-02,6.750198e-02,5.211572e-01,1.160805e-02,4.016601e-02
5.566205e-02,3.051893e-03,8.114017e-03,1.253370e-02,1.335849e-02,2.996182e-02,5.717017e-03,6.374598e-02,1.606839e-01,8.899905e-03,4.950915e-02,6.320094e-02,4.841538e-01,9.691888e-03,3.171550e-02
5.514971e-02,3.638731e-03,7.530016e-03,1.003401e-02,1.162048e-02,5.765548e-02,5.015715e-03,4.744815e-02,1.444057e-01,9.454800e-03,6.087332e-02,7.166675e-02,4.320519e-01,5.379122e-02,2.966408e-02
4.940055e-02,4.358087e-03,5.632616e-03,8.459255e-03,9.328225e-03,4.546175e-02,3.751051e-03,3.378620e-02,1.262684e-01,1.224589e-02,8.414011e-02,1.209241e-01,3.413033e-01,1.299946e-01,2.494587e-02
8.066517e-02,1.306070e-02,1.668229e-02,8.518785e-03,1.467003e-02,5.036657e-02,4.569031e-03,3.004119e-02,1.413285e-01,1.719720e-02,7.906204e-02,1.205137e-01,2.752708e-01,1.202007e-01,2.785334e-02
7.568561e-02,5.473091e-02,1.530176e-02,7.687712e-03,1.928473e-02,6.470042e-02,3.959377e-03,2.405634e-02,2.153434e-01,1.748453e-02,6.302570e-02,1.086605e-01,2.088594e-01,9.743818e-02,2.378139e-02
8.337001e-02,8.121349e-02,1.555886e-02,9.404660e-03,2.228270e-02,6.222086e-02,3.385676e-03,2.014405e-02,2.843510e-01,1.861959e-02,5.309168e-02,9.716080e-02,1.512733e-01,7.966070e-02,1.826264e-02
1.001779e-01,1.435028e-01,1.364131e-02,1.139092e-02,2.023165e-02,5.764102e-02,2.636877e-03,1.529740e-02,2.734223e-01,2.081139e-02,4.519716e-02,9.491991e-02,1.117567e-01,7.290903e-02,1.646364e-02
1.600118e-01,1.882102e-01,1.127837e-02,1.464157e-02,1.887646e-02,4.811338e-02,2.092888e-03,1.166701e-02,2.281798e-01,2.518932e-02,4.069033e-02,8.489823e-02,8.387524e-02,6.622664e-02,1.604876e-02
1.822126e-01,1.941821e-01,8.866796e-03,1.266512e-02,1.750417e-02,4.809433e-02,1.748772e-03,9.239879e-03,1.996810e-01,4.850770e-02,4.490546e-02,8.278909e-02,6.452283e-02,6.686249e-02,1.821765e-02
1.482615e-01,2.120304e-01,6.999925e-03,9.414000e-03,1.465135e-02,3.854435e-02,1.367910e-03,6.744666e-03,1.674407e-01,1.246620e-01,6.843810e-02,7.348240e-02,4.878431e-02,6.362628e-02,1.555215e-02
1.193460e-01,2.307113e-01,5.572410e-03,7.208152e-03,1.351408e-02,3.443867e-02,1.026936e-03,5.049368e-03,1.635239e-01,2.020198e-01,5.492977e-02,6.019516e-02,3.560865e-02,5.221748e-02,1.463829e-02
8.611124e-02,2.040218e-01,5.320056e-03,6.144578e-03,1.037160e-02,2.595234e-02,7.868345e-04,3.795354e-03,1.402259e-01,3.218029e-01,5.035701e-02,5.679150e-02,3.546615e-02,3.931966e-02,1.353314e-02
6.602511e-02,1.769594e-01,1.042669e-02,6.075368e-03,9.151992e-03,2.132819e-02,8.039965e-04,3.184672e-03,1.126790e-01,4.319364e-01,4.162655e-02,4.737049e-02,3.275860e-02,2.836561e-02,1.130801e-02
4.795184e-02,1.533012e-01,1.025752e-02,4.610937e-03,8.540144e-03,1.652800e-02,1.046982e-03,3.367207e-03,9.029361e-02,5.105169e-01,3.429150e-02,3.759024e-02,4.958925e-02,2.122615e-02,1.088843e-02
3.442059e-02,1.227957e-01,8.507657e-03,3.612147e-03,1.297547e-02,1.254409e-02,1.936336e-03,5.027915e-03,1.000435e-01,5.217977e-01,3.586559e-02,3.791517e-02,7.544880e-02,1.729180e-02,9.817522e-03
2.492878e-02,9.335411e-02,8.846691e-03,4.682064e-03,1.499254e-02,1.072626e-02,2.678189e-03,7.168097e-02,1.034059e-01,4.246989e-01,3.166394e-02,2.988128e-02,1.497895e-01,1.599646e-02,1.267434e-02
1.838222e-02,7.693957e-02,8.818139e-03,4.363648e-03,2.291011e-02,9.851530e-03,4.351680e-03,1.336671e-01,1.525294e-01,3.391640e-01,3.194938e-02,2.278526e-02,1.433191e-01,1.691542e-02,1.405340e-02
1.637913e-02,5.963995e-02,3.240956e-02,4.105333e-03,3.371976e-02,8.521622e-03,8.448572e-03,2.667558e-01,1.213872e-01,2.786125e-01,2.340924e-02,1.641425e-02,1.062803e-01,1.324418e-02,1.067266e-02
1.577013e-02,5.128140e-02,3.347355e-02,4.571250e-03,5.077563e-02,1.172947e-02,1.447272e-02,3.550983e-01,1.267718e-01,2.117022e-01,1.696876e-02,1.183658e-02,7.696486e-02,1.049716e-02,8.086163e-03
1.589020e-02,5.122539e-02,2.552550e-02,4.858968e-03,5.716424e-02,1.743835e-02,1.515534e-02,3.833687e-01,1.765692e-01,1.597119e-01,1.248427e-02,8.887761e-03,5.696505e-02,8.647535e-03,6.107589e-03
1.321270e-02,3.717934e-02,1.925539e-02,4.942303e-03,8.303308e-02,1.366135e-02,1.568763e-02,4.890605e-01,1.463663e-01,1.120517e-01,8.898961e-03,6.262310e-03,3.998238e-02,6.095584e-03,4.310452e-03
1.428121e-02,3.286915e-02,1.448785e-02,5.771671e-03,1.134211e-01,2.057374e-02,1.531935e-02,4.692069e-01,1.864568e-01,8.023398e-02,6.641102e-03,4.552799e-03,2.845087e-02,4.608569e-03,3.124885e-03
5.877446e-02,2.867730e-02,1.861548e-02,4.196401e-02,1.247903e-01,2.107239e-02,1.341392e-02,3.699517e-01,1.920405e-01,6.391280e-02,8.506255e-03,1.218918e-02,2.681476e-02,4.135604e-03,1.514140e-02
5.193900e-02,2.411331e-02,2.150920e-02,1.835624e-01,1.048470e-01,1.575047e-02,9.834759e-03,2.656853e-01,1.685852e-01,4.784918e-02,4.283766e-02,2.346450e-02,2.028865e-02,5.328708e-03,1.440464e-02
5.347805e-02,1.983834e-02,1.807763e-02,2.361039e-01,8.791688e-02,1.258967e-02,7.152473e-03,1.894355e-01,1.494399e-01,3.596230e-02,7.250949e-02,8.302239e-02,1.579626e-02,5.704815e-03,1.297247e-02
1.039194e-01,1.576967e-02,1.474917e-02,1.954931e-01,6.463643e-02,1.480019e-02,5.266500e-03,1.377824e-01,1.081779e-01,2.637182e-02,1.329287e-01,1.452451e-01,1.351476e-02,1.056298e-02,1.078185e-02
9.339761e-02,1.224066e-02,1.147332e-02,1.515604e-01,4.686678e-02,1.557442e-02,3.799709e-03,9.834971e-02,7.750253e-02,1.907052e-02,1.952842e-01,2.476027e-01,1.029552e-02,8.810461e-03,8.171449e-03
1.117194e-01,9.372783e-03,8.539754e-03,1.098696e-01,3.737780e-02,1.273598e-02,2.769913e-03,6.934114e-02,5.562188e-02,1.411812e-02,2.061257e-01,3.359523e-01,7.834503e-03,1.191198e-02,6.709104e-03
8.360992e-02,7.442134e-03,6.374553e-03,7.825059e-02,3.167875e-02,9.859854e-03,2.005647e-03,4.879365e-02,4.013389e-02,1.062480e-02,3.419412e-01,3.045586e-01,6.087163e-03,2.318832e-02,5.450935e-03
6.195005e-02,5.449460e-03,4.538011e-03,5.551471e-02,2.427349e-02,7.783519e-03,1.430006e-03,3.425979e-02,2.874540e-02,7.978813e-03,4.127909e-01,3.134998e-01,4.643137e-03,3.292310e-02,4.219784e-03
4.770304e-02,5.273633e-03,1.234916e-02,3.990420e-02,3.385485e-02,2.252223e-02,1.116176e-03,2.588814e-02,2.169945e-02,6.743189e-03,4.252063e-01,3.208811e-01,3.652259e-03,2.931935e-02,3.886966e-03
3.472033e-02,4.233184e-03,9.386927e-03,2.922641e-02,1.373212e-01,1.618703e-02,1.075723e-03,1.850461e-02,1.695327e-02,5.826409e-03,3.834558e-01,3.104416e-01,2.970292e-03,2.595155e-02,3.745883e-03
2.522750e-02,3.346311e-03,7.096849e-03,2.063081e-02,1.286569e-01,1.247839e-02,9.748692e-04,1.329592e-02,1.477122e-02,5.895564e-03,4.671185e-01,2.575471e-01,2.640250e-03,3.729496e-02,3.024895e-03
1.854437e-02,4.828058e-03,6.351059e-03,1.462631e-02,1.515440e-01,1.030778e-02,1.080810e-03,9.678793e-03,1.537831e-02,8.052302e-03,4.632903e-01,2.449132e-01,2.315430e-03,4.665752e-02,2.431859e-03
1.336874e-02,4.435064e-03,4.995769e-03,1.036962e-02,1.293860e-01,7.929327e-03,9.526223e-04,6.907393e-03,1.721900e-02,1.027473e-02,4.640594e-01,2.630174e-01,1.922201e-03,6.324702e-02,1.915677e-03
1.022312e-02,1.023628e-02,5.272920e-03,7.718676e-03,1.010688e-01,1.022346e-02,1.135112e-03,5.879192e-03,1.681740e-02,1.448168e-02,4.412358e-01,3.179979e-01,1.906503e-03,5.423922e-02,1.564047e-03
7.678955e-03,1.097240e-02,4.689185e-03,5.894979e-03,8.636137e-02,1.030414e-02,1.277893e-03,5.263572e-03,1.638452e-02,1.490512e-02,3.978451e-01,3.915612e-01,1.713268e-03,4.390822e-02,1.240073e-03
8.202525e-03,1.038979e-02,4.473813e-03,4.974930e-03,7.795188e-02,1.051515e-02,2.080365e-03,7.408420e-03,6.148887e-02,1.491337e-02,3.341000e-01,4.206609e-01,1.587005e-03,3.970240e-02,1.550588e-03
1.420138e-02,8.760050e-03,5.568907e-03,6.967505e-03,7.742334e-02,8.432254e-03,1.809906e-03,8.911029e-02,6.378593e-02,1.179541e-02,3.020637e-01,3.700074e-01,2.329191e-03,3.639642e-02,1.348330e-03
1.641540e-02,8.572535e-03,5.785687e-03,6.755053e-03,7.778242e-02,6.956398e-03,1.583389e-03,7.095733e-02,7.916261e-02,9.461455e-03,3.811440e-01,3.014325e-01,2.465122e-03,3.019445e-02,1.331619e-03
2.085537e-02,1.212196e-02,5.482933e-03,5.690153e-03,6.982587e-02,7.069001e-03,1.454411e-03,5.343649e-02,8.496595e-02,9.984566e-03,4.819347e-01,2.192533e-01,2.090535e-03,2.404497e-02,1.789710e-03
1.879717e-02,1.384576e-02,5.035770e-03,4.357990e-03,5.985356e-02,6.708805e-03,1.385846e-03,4.018012e-02,8.151583e-02,8.446600e-03,5.826741e-01,1.559861e-01,1.688693e-03,1.784680e-02,1.676749e-03
3.182812e-02,1.389350e-02,4.476630e-03,4.063735e-03,5.120483e-02,8.202575e-03,1.658584e-03,2.967317e-02,7.976822e-02,7.561645e-03,6.365064e-01,1.118406e-01,2.432579e-03,1.418987e-02,2.699415e-03
4.014710e-02,1.606782e-02,2.103661e-02,4.045821e-03,5.280806e-02,9.935819e-03,7.962679e-03,4.191830e-02,1.063946e-01,1.217579e-02,5.835317e-01,8.411206e-02,3.768321e-03,1.310909e-02,2.986171e-03
5.447280e-02,3.506900e-02,4.999594e-02,5.585210e-03,4.903077e-02,1.577833e-02,7.371972e-03,4.607785e-02,1.548334e-01,1.900052e-02,4.821846e-01,6.168339e-02,3.902801e-03,1.107098e-02,3.942448e-03
6.323495e-02,4.151221e-02,1.216496e-01,6.294422e-03,5.238437e-02,1.603726e-02,6.443500e-03,4.496908e-02,1.381326e-01,5.473673e-02,3.869798e-01,4.608616e-02,4.193478e-03,1.100097e-02,6.344902e-03
6.057597e-02,5.660053e-02,2.022942e-01,7.974362e-03,5.480494e-02,1.568806e-02,5.737889e-03,3.956181e-02,1.267060e-01,8.109115e-02,2.943826e-01,3.352152e-02,4.200367e-03,1.072014e-02,6.140451e-03
6.150533e-02,1.107621e-01,1.623225e-01,8.580441e-03,5.880110e-02,1.564416e-02,6.056557e-03,3.634758e-02,1.609477e-01,1.043947e-01,2.168304e-01,3.044684e-02,5.106729e-03,9.687545e-03,1.256625e-02
8.930908e-02,9.114280e-02,1.274146e-01,1.381018e-02,5.199337e-02,1.799927e-02,4.874976e-03,2.874484e-02,1.333442e-01,1.613991e-01,1.822943e-01,5.620949e-02,1.023814e-02,1.126167e-02,1.996407e-02
1.211011e-01,7.137263e-02,9.343097e-02,4.647811e-02,4.256246e-02,1.804543e-02,4.004086e-03,2.212899e-02,1.147083e-01,1.460388e-01,1.691693e-01,9.588074e-02,1.411724e-02,1.052962e-02,3.043219e-02
1.607204e-01,5.277326e-02,6.936946e-02,5.154333e-02,3.273539e-02,1.643998e-02,3.254858e-03,1.784482e-02,9.550413e-02,1.281520e-01,2.095090e-01,1.068766e-01,1.949784e-02,1.107396e-02,2.470508e-02
2.219445e-01,4.001916e-02,5.123897e-02,6.589879e-02,2.537647e-02,1.633188e-02,2.780427e-03,1.454783e-02,8.130199e-02,1.040223e-01,2.187770e-01,9.896415e-02,2.106862e-02,1.515558e-02,2.257235e-02
1.883582e-01,3.284280e-02,4.105574e-02,6.686255e-02,2.426321e-02,1.340695e-02,2.756029e-03,1.455961e-02,8.990416e-02,7.714652e-02,2.852252e-01,1.037208e-01,2.677593e-02,1.557341e-02,1.754895e-02
1.552834e-01,3.188936e-02,3.705608e-02,6.679151e-02,1.978096e-02,1.173005e-02,2.517862e-03,2.141581e-02,9.078305e-02,6.563011e-02,3.420048e-01,8.997647e-02,2.697279e-02,2.365870e-02,1.450901e-02
1.655982e-01,3.409320e-02,3.627772e-02,5.845878e-02,1.530189e-02,1.103367e-02,3.106057e-03,4.336793e-02,9.049006e-02,5.254671e-02,3.461072e-01,7.845301e-02,2.696737e-02,2.682910e-02,1.136915e-02
1.592795e-01,4.845007e-02,3.686593e-02,4.953583e-02,1.198392e-02,1.039478e-02,2.616292e-03,4.361672e-02,9.962143e-02,4.659795e-02,3.340164e-01,6.395125e-02,2.335176e-02,5.925985e-02,1.045841e-02
1.381443e-01,5.205463e-02,3.739616e-02,3.927460e-02,9.234355e-03,1.016969e-02,2.325310e-03,5.179942e-02,9.630722e-02,4.299576e-02,3.537356e-01,5.181205e-02,2.186258e-02,8.305728e-02,9.831103e-03
1.083080e-01,9.562944e-02,6.407396e-02,3.380406e-02,7.213548e-03,8.968831e-03,1.975450e-03,5.256027e-02,1.258466e-01,4.027472e-02,2.850772e-01,3.979838e-02,1.838674e-02,1.057494e-01,1.233349e-02
8.751689e-02,1.644460e-01,5.514479e-02,3.117063e-02,7.010036e-03,6.923263e-03,1.617979e-03,5.222743e-02,1.748539e-01,3.265112e-02,2.179771e-01,2.914224e-02,1.379679e-02,1.138587e-01,1.166315e-02
7.170107e-02,2.290355e-01,4.247020e-02,2.966072e-02,8.117367e-03,5.968913e-03,1.233082e-03,4.233442e-02,2.470122e-01,2.747997e-02,1.605851e-01,2.090364e-02,1.020769e-02,9.396148e-02,9.328754e-03
5.764498e-02,2.366048e-01,3.160397e-02,2.708472e-02,1.337306e-02,5.580686e-03,9.647573e-04,3.462092e-02,3.520839e-01,2.143158e-02,1.148757e-01,1.476392e-02,7.513707e-03,7.314257e-02,8.710858e-03
5.270704e-02,2.152575e-01,2.579149e-02,2.444356e-02,1.766694e-02,6.622406e-03,7.874971e-04,3.796678e-02,4.286016e-01,1.747739e-02,8.283383e-02,1.052338e-02,5.739431e-03,6.518410e-02,8.397112e-03
6.527353e-02,1.861651e-01,2.019135e-02,2.548763e-02,3.968085e-02,6.426552e-03,9.773341e-04,4.126743e-02,4.412318e-01,1.404946e-02,6.074912e-02,7.650861e-03,5.047952e-03,5.802134e-02,2.777981e-02
7.792309e-02,1.552828e-01,1.560212e-02,5.598272e-02,7.032952e-02,5.081514e-03,8.204462e-04,1.262339e-01,3.656086e-01,9.963826e-03,4.412014e-02,5.666532e-03,4.143574e-03,4.145484e-02,2.178634e-02
9.321784e-02,1.245196e-01,1.519359e-02,8.814770e-02,1.256655e-01,5.436521e-03,8.254411e-04,1.337271e-01,3.182598e-01,7.180078e-03,3.267467e-02,4.573052e-03,3.738806e-03,2.946280e-02,1.737754e-02
1.027714e-01,1.094137e-01,1.887938e-02,8.256185e-02,2.005974e-01,9.501164e-03,1.380558e-03,1.100070e-01,2.921707e-01,5.163966e-03,2.414938e-02,3.895593e-03,3.620445e-03,2.131936e-02,1.456804e-02
1.246148e-01,1.550902e-01,1.406452e-02,5.958738e-02,2.018450e-01,9.644236e-03,1.038660e-03,8.163077e-02,2.965452e-01,3.641755e-03,1.797956e-02,3.526836e-03,4.039130e-03,1.556194e-02,1.119000e-02
1.622830e-01,1.413371e-01,1.144143e-02,4.619892e-02,1.864255e-01,1.520950e-02,8.553897e-04,6.096831e-02,2.974482e-01,2.779863e-03,1.811460e-02,8.067443e-03,7.428413e-03,1.631885e-02,2.512345e-02
1.609403e-01,1.445036e-01,1.673363e-02,7.950254e-02,1.416748e-01,1.428811e-02,9.203238e-04,4.737650e-02,2.552428e-01,3.033906e-03,2.739772e-02,2.822742e-02,1.450806e-02,2.150628e-02,4.414410e-02
2.041566e-01,1.665479e-01,2.029498e-02,7.055654e-02,1.057387e-01,1.215135e-02,1.182833e-03,3.631549e-02,2.264000e-01,2.920449e-03,2.906865e-02,3.950764e-02,1.499067e-02,2.005338e-02,5.011475e-02
3.230731e-01,1.296661e-01,1.728132e-02,6.065372e-02,8.499172e-02,1.039982e-02,1.357233e-03,2.685757e-02,1.909870e-01,2.703635e-03,2.884490e-02,3.925953e-02,1.400706e-02,2.176203e-02,4.815528e-02
4.235055e-01,9.504385e-02,1.544882e-02,5.471498e-02,6.918315e-02,9.614813e-03,1.442161e-03,2.052645e-02,1.511113e-01,2.711177e-03,2.819139e-02,4.117814e-02,1.306139e-02,2.756777e-02,4.669899e-02
3.911549e-01,7.093790e-02,1.589891e-02,5.049691e-02,1.120178e-01,3.352315e-02,3.711014e-02,2.402659e-02,1.121275e-01,3.366333e-03,2.875854e-02,4.487656e-02,1.687687e-02,2.500182e-02,3.382597e-02
4.625725e-01,5.143433e-02,1.764685e-02,4.735444e-02,9.821058e-02,3.476355e-02,3.786462e-02,1.899800e-02,8.175975e-02,4.063288e-03,2.852440e-02,5.101910e-02,1.861311e-02,2.085951e-02,2.631588e-02
4.715698e-01,3.936603e-02,2.614220e-02,5.396680e-02,8.501568e-02,3.147799e-02,3.791570e-02,1.613240e-02,6.442536e-02,1.453977e-02,3.736032e-02,4.745708e-02,2.875235e-02,2.241845e-02,2.346009e-02
1.000000e+00,0.000000e+00,0.000000e+00,0.000000e+00,0.000000e+00,0.000000e+00,0.000000e+00,0.000000e+00,0.000000e+00,0.000000e+00,0.000000e+00,0.000000e+00,0.000000e+00,0.000000e+00,0.000000e+00
1.000000e+00,0.000000e+00,0.000000e+00,0.000000e+00,0.000000e+00,0.000000e+00,0.000000e+00,0.000000e+00,0.000000e+00,0.000000e+00,0.000000e+00,0.000000e+00,0.000000e+00,0.000000e+00,0.000000e+00
