1.000000e+00,0.000000e+00,0.000000e+00,0.000000e+00,0.000000e+00,0.000000e+00,0.000000e+00,0.000000e+00,0.000000e+00,0.000000e+00,0.000000e+00,0.000000e+00,0.000000e+00,0.000000e+00,0.000000e+00
1.000000e+00,0.000000e+00,0.000000e+00,0.000000e+00,0.000000e+00,0.000000e+00,0.000000e+00,0.000000e+00,0.000000e+00,0.000000e+00,0.000000e+00,0.000000e+00,0.000000e+00,0.000000e+00,0.000000e+00
1.000000e+00,0.000000e+00,0.000000e+00,0.000000e+00,0.000000e+00,0.000000e+00,0.000000e+00,0.000000e+00,0.000000e+00,0.000000e+00,0.000000e+00,0.000000e+00,0.000000e+00,0.000000e+00,0.000000e+00
1.000000e+00,0.000000e+00,0.000000e+00,0.000000e+00,0.000000e+00,0.000000e+00,0.000000e+00,0.000000e+00,0.000000e+00,0.000000e+00,0.000000e+00,0.000000e+00,0.000000e+00,0.000000e+00,0.000000e+00
1.000000e+00,0.000000e+00,0.000000e+00,0.000000e+00,0.000000e+00,0.000000e+00,0.000000e+00,0.000000e+00,0.000000e+00,0.000000e+00,0.000000e+00,0.000000e+00,0.000000e+00,0.000000e+00,0.000000e+00
1.000000e+00,0.000000e+00,0.000000e+00,0.000000e+00,0.000000e+00,0.000000e+00,0.000000e+00,0.000000e+00,0.000000e+00,0.000000e+00,0.000000e+00,0.000000e+00,0.000000e+00,0.000000e+00,0.000000e+00
1.000000e+00,0.000000e+00,0.000000e+00,0.000000e+00,0.000000e+00,0.000000e+00,0.000000e+00,0.000000e+00,0.000000e+00,0.000000e+00,0.000000e+00,0.000000e+00,0.000000e+00,0.000000e+00,0.000000e+00
1.000000e+00,0.000000e+00,0.000000e+00,0.000000e+00,0.000000e+00,0.000000e+00,0.000000e+00,0.000000e+00,0.000000e+00,0.000000e+00,0.000000e+00,0.000000e+00,0.000000e+00,0.000000e+00,0.000000e+00
1.000000e+00,0.000000e+00,0.000000e+00,0.000000e+00,0.000000e+00,0.000000e+00,0.000000e+00,0.000000e+00,0.000000e+00,0.000000e+00,0.000000e+00,0.000000e+00,0.000000e+00,0.000000e+00,0.000000e+00
1.000000e+00,0.000000e+00,0.000000e+00,0.000000e+00,0.000000e+00,0.000000e+00,0.000000e+00,0.000000e+00,0.000000e+00,0.000000e+00,0.000000e+00,0.000000e+00,0.000000e+00,0.000000e+00,0.000000e+00
1.000000e+00,0.000000e+00,0.000000e+00,0.000000e+00,0.000000e+00,0.000000e+00,0.000000e+00,0.000000e+00,0.000000e+00,0.000000e+00,0.000000e+00,0.000000e+00,0.000000e+00,0.000000e+00,0.000000e+00
1.000000e+00,0.000000e+00,0.000000e+00,0.000000e+00,0.000000e+00,0.000000e+00,0.000000e+00,0.000000e+00,0.000000e+00,0.000000e+00,0.000000e+00,0.000000e+00,0.000000e+00,0.000000e+00,0.000000e+00
1.000000e+00,0.000000e+00,0.000000e+00,0.000000e+00,0.000000e+00,0.000000e+00,0.000000e+00,0.000000e+00,0.000000e+00,0.000000e+00,0.000000e+00,0.000000e+00,0.000000e+00,0.000000e+00,0.000000e+00
1.000000e+00,0.000000e+00,0.000000e+00,0.000000e+00,0.000000e+00,0.000000e+00,0.000000e+00,0.000000e+00,0.000000e+00,0.000000e+00,0.000000e+00,0.000000e+00,0.000000e+00,0.000000e+00,0.000000e+00
1.000000e+00,0.000000e+00,0.000000e+00,0.000000e+00,0.000000e+00,0.000000e+00,0.000000e+00,0.000000e+00,0.000000e+00,0.000000e+00,0.000000e+00,0.000000e+00,0.000000e+00,0.000000e+00,0.000000e+00
1.000000e+00,0.000000e+00,0.000000e+00,0.000000e+00,0.000000e+00,0.000000e+00,0.000000e+00,0.000000e+00,0.000000e+00,0.000000e+00,0.000000e+00,0.000000e+00,0.000000e+00,0.000000e+00,0.000000e+00
1.000000e+00,0.000000e+00,0.000000e+00,0.000000e+00,0.000000e+00,0.000000e+00,0.000000e+00,0.000000e+00,0.000000e+00,0.000000e+00,0.000000e+00,0.000000e+00,0.000000e+00,0.000000e+00,0.000000e+00
1.000000e+00,0.000000e+00,0.000000e+00,0.000000e+00,0.000000e+00,0.000000e+00,0.000000e+00,0.000000e+00,0.000000e+00,0.000000e+00,0.000000e+00,0.000000e+00,0.000000e+00,0.000000e+00,0.000000e+00
1.000000e+00,0.000000e+00,0.000000e+00,0.000000e+00,0.000000e+00,0.000000e+00,0.000000e+00,0.000000e+00,0.000000e+00,0.000000e+00,0.000000e+00,0.000000e+00,0.000000e+00,0.000000e+00,0.000000e+00
1.000000e+00,0.000000e+00,0.000000e+00,0.000000e+00,0.000000e+00,0.000000e+00,0.000000e+00,0.000000e+00,0.000000e+00,0.000000e+00,0.000000e+00,0.000000e+00,0.000000e+00,0.000000e+00,0.000000e+00
1.000000e+00,0.000000e+00,0.000000e+00,0.000000e+00,0.000000e+00,0.000000e+00,0.000000e+00,0.000000e+00,0.000000e+00,0.000000e+00,0.000000e+00,0.000000e+00,0.000000e+00,0.000000e+00,0.000000e+00
1.000000e+00,0.000000e+00,0.000000e+00,0.000000e+00,0.000000e+00,0.000000e+00,0.000000e+00,0.000000e+00,0.000000e+00,0.000000e+00,0.000000e+00,0.000000e+00,0.000000e+00,0.000000e+00,0.000000e+00
1.000000e+00,0.000000e+00,0.000000e+00,0.000000e+00,0.000000e+00,0.000000e+00,0.000000e+00,0.000000e+00,0.000000e+00,0.000000e+00,0.000000e+00,0.000000e+00,0.000000e+00,0.000000e+00,0.000000e+00
1.000000e+00,0.000000e+00,0.000000e+00,0.000000e+00,0.000000e+00,0.000000e+00,0.000000e+00,0.000000e+00,0.000000e+00,0.000000e+00,0.000000e+00,0.000000e+00,0.000000e+00,0.000000e+00,0.000000e+00
1.000000e+00,0.000000e+00,0.000000e+00,0.000000e+00,0.000000e+00,0.000000e+00,0.000000e+00,0.000000e+00,0.000000e+00,0.000000e+00,0.000000e+00,0.000000e+00,0.000000e+00,0.000000e+00,0.000000e+00
1.000000e+00,0.000000e+00,0.000000e+00,0.000000e+00,0.000000e+00,0.000000e+00,0.000000e+00,0.000000e+00,0.000000e+00,0.000000e+00,0.000000e+00,0.000000e+00,0.000000e+00,0.000000e+00,0.000000e+00
1.000000e+00,0.000000e+00,0.000000e+00,0.000000e+00,0.000000e+00,0.000000e+00,0.000000e+00,0.000000e+00,0.000000e+00,0.000000e+00,0.000000e+00,0.000000e+00,0.000000e+00,0.000000e+00,0.000000e+00
1.000000e+00,0.000000e+00,0.000000e+00,0.000000e+00,0.000000e+00,0.000000e+00,0.000000e+00,0.000000e+00,0.000000e+00,0.000000e+00,0.000000e+00,0.000000e+00,0.000000e+00,0.000000e+00,0.000000e+00
1.000000e+00,0.000000e+00,0.000000e+00,0.000000e+00,0.000000e+00,0.000000e+00,0.000000e+00,0.000000e+00,0.000000e+00,0.000000e+00,0.000000e+00,0.000000e+00,0.000000e+00,0.000000e+00,0.000000e+00
1.000000e+00,0.000000e+00,0.000000e+00,0.000000e+00,0.000000e+00,0.000000e+00,0.000000e+00,0.000000e+00,0.000000e+00,0.000000e+00,0.000000e+00,0.000000e+00,0.000000e+00,0.000000e+00,0.000000e+00
1.000000e+00,0.000000e+00,0.000000e+00,0.000000e+00,0.000000e+00,0.000000e+00,0.000000e+00,0.000000e+00,0.000000e+00,0.000000e+00,0.000000e+00,0.000000e+00,0.000000e+00,0.000000e+00,0.000000e+00
1.000000e+00,0.000000e+00,0.000000e+00,0.000000e+00,0.000000e+00,0.000000e+00,0.000000e+00,0.000000e+00,0.000000e+00,0.000000e+00,0.000000e+00,0.000000e+00,0.000000e+00,0.000000e+00,0.000000e+00
1.000000e+00,0.000000e+00,0.000000e+00,0.000000e+00,0.000000e+00,0.000000e+00,0.000000e+00,0.000000e+00,0.000000e+00,0.000000e+00,0.000000e+00,0.000000e+00,0.000000e+00,0.000000e+00,0.000000e+00
1.000000e+00,0.000000e+00,0.000000e+00,0.000000e+00,0.000000e+00,0.000000e+00,0.000000e+00,0.000000e+00,0.000000e+00,0.000000e+00,0.000000e+00,0.000000e+00,0.000000e+00,0.000000e+00,0.000000e+00
1.000000e+00,0.000000e+00,0.000000e+00,0.000000e+00,0.000000e+00,0.000000e+00,0.000000e+00,0.000000e+00,0.000000e+00,0.000000e+00,0.000000e+00,0.000000e+00,0.000000e+00,0.000000e+00,0.000000e+00
1.000000e+00,0.000000e+00,0.000000e+00,0.000000e+00,0.000000e+00,0.000000e+00,0.000000e+00,0.000000e+00,0.000000e+00,0.000000e+00,0.000000e+00,0.000000e+00,0.000000e+00,0.000000e+00,0.000000e+00
1.000000e+00,0.000000e+00,0.000000e+00,0.000000e+00,0.000000e+00,0.000000e+00,0.000000e+00,0.000000e+00,0.000000e+00,0.000000e+00,0.000000e+00,0.000000e+00,0.000000e+00,0.000000e+00,0.000000e+00
1.000000e+00,0.000000e+00,0.000000e+00,0.000000e+00,0.000000e+00,0.000000e+00,0.000000e+00,0.000000e+00,0.000000e+00,0.000000e+00,0.000000e+00,0.000000e+00,0.000000e+00,0.000000e+00,0.000000e+00
1.000000e+00,0.000000e+00,0.000000e+00,0.000000e+00,0.000000e+00,0.000000e+00,0.000000e+00,0.000000e+00,0.000000e+00,0.000000e+00,0.000000e+00,0.000000e+00,0.000000e+00,0.000000e+00,0.000000e+00
1.000000e+00,0.000000e+00,0.000000e+00,0.000000e+00,0.000000e+00,0.000000e+00,0.000000e+00,0.000000e+00,0.000000e+00,0.000000e+00,0.000000e+00,0.000000e+00,0.000000e+00,0.000000e+00,0.000000e+00
1.000000e+00,0.000000e+00,0.000000e+00,0.000000e+00,0.000000e+00,0.000000e+00,0.000000e+00,0.000000e+00,0.000000e+00,0.000000e+00,0.000000e+00,0.000000e+00,0.000000e+00,0.000000e+00,0.000000e+00
1.000000e+00,0.000000e+00,0.000000e+00,0.000000e+00,0.000000e+00,0.000000e+00,0.000000e+00,0.000000e+00,0.000000e+00,0.000000e+00,0.000000e+00,0.000000e+00,0.000000e+00,0.000000e+00,0.000000e+00
1.000000e+00,0.000000e+00,0.000000e+00,0.000000e+00,0.000000e+00,0.000000e+00,0.000000e+00,0.000000e+00,0.000000e+00,0.000000e+00,0.000000e+00,0.000000e+00,0.000000e+00,0.000000e+00,0.000000e+00
1.000000e+00,0.000000e+00,0.000000e+00,0.000000e+00,0.000000e+00,0.000000e+00,0.000000e+00,0.000000e+00,0.000000e+00,0.000000e+00,0.000000e+00,0.000000e+00,0.000000e+00,0.000000e+00,0.000000e+00
1.000000e+00,0.000000e+00,0.000000e+00,0.000000e+00,0.000000e+00,0.000000e+00,0.000000e+00,0.000000e+00,0.000000e+00,0.000000e+00,0.000000e+00,0.000000e+00,0.000000e+00,0.000000e+00,0.000000e+00
1.000000e+00,0.000000e+00,0.000000e+00,0.000000e+00,0.000000e+00,0.000000e+00,0.000000e+00,0.000000e+00,0.000000e+00,0.000000e+00,0.000000e+00,0.000000e+00,0.000000e+00,0.000000e+00,0.000000e+00
1.000000e+00,0.000000e+00,0.000000e+00,0.000000e+00,0.000000e+00,0.000000e+00,0.000000e+00,0.000000e+00,0.000000e+00,0.000000e+00,0.000000e+00,0.000000e+00,0.000000e+00,0.000000e+00,0.000000e+00
1.000000e+00,0.000000e+00,0.000000e+00,0.000000e+00,0.000000e+00,0.000000e+00,0.000000e+00,0.000000e+00,0.000000e+00,0.000000e+00,0.000000e+00,0.000000e+00,0.000000e+00,0.000000e+00,0.000000e+00
1.000000e+00,0.000000e+00,0.000000e+00,0.000000e+00,0.000000e+00,0.000000e+00,0.000000e+00,0.000000e+00,0.000000e+00,0.000000e+00,0.000000e+00,0.000000e+00,0.000000e+00,0.000000e+00,0.000000e+00
1.000000e+00,0.000000e+00,0.000000e+00,0.000000e+00,0.000000e+00,0.000000e+00,0.000000e+00,0.000000e+00,0.000000e+00,0.000000e+00,0.000000e+00,0.000000e+00,0.000000e+00,0.000000e+00,0.000000e+00
1.000000e+00,0.000000e+00,0.000000e+00,0.000000e+00,0.000000e+00,0.000000e+00,0.000000e+00,0.000000e+00,0.000000e+00,0.000000e+00,0.000000e+00,0.000000e+00,0.000000e+00,0.000000e+00,0.000000e+00
1.000000e+00,0.000000e+00,0.000000e+00,0.000000e+00,0.000000e+00,0.000000e+00,0.000000e+00,0.000000e+00,0.000000e+00,0.000000e+00,0.000000e+00,0.000000e+00,0.000000e+00,0.000000e+00,0.000000e+00
1.000000e+00,0.000000e+00,0.000000e+00,0.000000e+00,0.000000e+00,0.000000e+00,0.000000e+00,0.000000e+00,0.000000e+00,0.000000e+00,0.000000e+00,0.000000e+00,0.000000e+00,0.000000e+00,0.000000e+00
1.000000e+00,0.000000e+00,0.000000e+00,0.000000e+00,0.000000e+00,0.000000e+00,0.000000e+00,0.000000e+00,0.000000e+00,0.000000e+00,0.000000e+00,0.000000e+00,0.000000e+00,0.000000e+00,0.000000e+00
1.000000e+00,0.000000e+00,0.000000e+00,0.000000e+00,0.000000e+00,0.000000e+00,0.000000e+00,0.000000e+00,0.000000e+00,0.000000e+00,0.000000e+00,0.000000e+00,0.000000e+00,0.000000e+00,0.000000e+00
4.767227e-01,4.437110e-03,1.812895e-02,1.007047e-02,3.236969e-03,6.737518e-02,3.511585e-01,2.784802e-02,1.494896e-03,5.155489e-04,2.581520e-03,1.529111e-02,1.486518e-02,7.169471e-04,5.556907e-03
4.738213e-01,3.639164e-03,1.528877e-02,7.828963e-03,2.761762e-03,5.711041e-02,3.662490e-01,3.980612e-02,1.258840e-03,4.331020e-04,2.080834e-03,1.195066e-02,1.236361e-02,5.947902e-04,4.812643e-03
1.000000e+00,0.000000e+00,0.000000e+00,0.000000e+00,0.000000e+00,0.000000e+00,0.000000e+00,0.000000e+00,0.000000e+00,0.000000e+00,0.000000e+00,0.000000e+00,0.000000e+00,0.000000e+00,0.000000e+00
1.000000e+00,0.000000e+00,0.000000e+00,0.000000e+00,0.000000e+00,0.000000e+00,0.000000e+00,0.000000e+00,0.000000e+00,0.000000e+00,0.000000e+00,0.000000e+00,0.000000e+00,0.000000e+00,0.000000e+00
1.000000e+00,0.000000e+00,0.000000e+00,0.000000e+00,0.000000e+00,0.000000e+00,0.000000e+00,0.000000e+00,0.000000e+00,0.000000e+00,0.000000e+00,0.000000e+00,0.000000e+00,0.000000e+00,0.000000e+00
1.000000e+00,0.000000e+00,0.000000e+00,0.000000e+00,0.000000e+00,0.000000e+00,0.000000e+00,0.000000e+00,0.000000e+00,0.000000e+00,0.000000e+00,0.000000e+00,0.000000e+00,0.000000e+00,0.000000e+00
1.000000e+00,0.000000e+00,0.000000e+00,0.000000e+00,0.000000e+00,0.000000e+00,0.000000e+00,0.000000e+00,0.000000e+00,0.000000e+00,0.000000e+00,0.000000e+00,0.000000e+00,0.000000e+00,0.000000e+00
1.000000e+00,0.000000e+00,0.000000e+00,0.000000e+00,0.000000e+00,0.000000e+00,0.000000e+00,0.000000e+00,0.000000e+00,0.000000e+00,0.000000e+00,0.000000e+00,0.000000e+00,0.000000e+00,0.000000e+00
1.000000e+00,0.000000e+00,0.000000e+00,0.000000e+00,0.000000e+00,0.000000e+00,0.000000e+00,0.000000e+00,0.000000e+00,0.000000e+00,0.000000e+00,0.000000e+00,0.000000e+00,0.000000e+00,0.000000e+00
4.785089e-01,7.851587e-03,6.255048e-03,3.213070e-02,2.955000e-03,4.441637e-02,8.658861e-02,5.941644e-02,1.042482e-02,1.232194e-02,2.619486e-02,3.796152e-02,1.635937e-01,2.888986e-03,2.849148e-02
3.625626e-01,6.861819e-03,4.800013e-03,3.913928e-02,4.917251e-03,3.575902e-02,6.424156e-02,4.600699e-02,2.458557e-02,1.312360e-02,3.614692e-02,3.589439e-02,2.900906e-01,4.585887e-03,3.128449e-02
2.995422e-01,8.290624e-03,4.138613e-03,7.808506e-02,6.879649e-03,3.605715e-02,5.380772e-02,3.623127e-02,7.731850e-02,1.534899e-02,3.454104e-02,4.181441e-02,2.639462e-01,6.324321e-03,3.767426e-02
3.057988e-01,7.645532e-03,3.679788e-03,7.115594e-02,8.047896e-03,4.310036e-02,4.833286e-02,2.728057e-02,9.121294e-02,1.653692e-02,3.334015e-02,6.288055e-02,2.345485e-01,6.291138e-03,4.014805e-02
3.664702e-01,6.777203e-03,3.081282e-03,5.955810e-02,8.574447e-03,4.276204e-02,3.794803e-02,2.003301e-02,9.919947e-02,1.430407e-02,3.043373e-02,7.962003e-02,1.874660e-01,6.693376e-03,3.707905e-02
2.739820e-01,6.430075e-03,2.823973e-03,4.357687e-02,9.726876e-03,3.131374e-02,2.718027e-02,1.424841e-02,1.887928e-01,1.367007e-02,3.024302e-02,1.370097e-01,1.874277e-01,5.760132e-03,2.781446e-02
2.062876e-01,6.250002e-03,4.721318e-03,3.260365e-02,1.068108e-02,2.341363e-02,1.976632e-02,1.438963e-02,2.593917e-01,1.700098e-02,2.997944e-02,1.806281e-01,1.680062e-01,5.816535e-03,2.106384e-02
1.881185e-01,5.817291e-03,9.860383e-02,2.760640e-02,1.691407e-02,1.979832e-02,1.510789e-02,3.239036e-02,2.153272e-01,1.534471e-02,3.199185e-02,1.682037e-01,1.441594e-01,5.023545e-03,1.559289e-02
1.838029e-01,9.401005e-03,1.593581e-01,2.610064e-02,1.821356e-02,2.455826e-02,1.128385e-02,2.407546e-02,1.835465e-01,2.653426e-02,2.732274e-02,1.381848e-01,1.110841e-01,1.296057e-02,4.357326e-02
1.812000e-01,1.776246e-02,1.252224e-01,2.165679e-02,2.335711e-02,2.327147e-02,9.065852e-03,1.834623e-02,2.685533e-01,2.256055e-02,2.228788e-02,1.037287e-01,8.262383e-02,1.418807e-02,6.617537e-02
1.504526e-01,2.726228e-02,8.933409e-02,2.163559e-02,2.401841e-02,1.859795e-02,7.061607e-03,1.397347e-02,4.185936e-01,1.688322e-02,1.724809e-02,7.508682e-02,6.004058e-02,1.005838e-02,4.975336e-02
1.804714e-01,3.076603e-02,6.633235e-02,5.681416e-02,2.826414e-02,2.295215e-02,6.716053e-03,1.174274e-02,4.125800e-01,1.488761e-02,1.487786e-02,5.570084e-02,4.673267e-02,7.420919e-03,4.374112e-02
3.087966e-01,2.772824e-02,4.822345e-02,5.156228e-02,2.957090e-02,2.819987e-02,6.048588e-03,9.727573e-03,3.308651e-01,1.107752e-02,1.392847e-02,5.138821e-02,3.824829e-02,6.021946e-03,3.861298e-02
3.967340e-01,2.608670e-02,3.539600e-02,6.139804e-02,3.292810e-02,2.703491e-02,6.336062e-03,8.929756e-03,2.675140e-01,9.583891e-03,1.400437e-02,4.222417e-02,3.144630e-02,5.226773e-03,3.515695e-02
3.986038e-01,3.406019e-02,2.597271e-02,5.475722e-02,3.722004e-02,2.739426e-02,5.513093e-03,7.010092e-03,2.853875e-01,8.779716e-03,1.278914e-02,3.365302e-02,2.587566e-02,4.295966e-03,3.868759e-02
3.774526e-01,4.152947e-02,2.000055e-02,6.240114e-02,4.397354e-02,3.553758e-02,6.386010e-03,6.045613e-03,2.811265e-01,1.061199e-02,1.046026e-02,2.691846e-02,2.121504e-02,3.483455e-03,5.285782e-02
3.407891e-01,4.569899e-02,1.710867e-02,1.007878e-01,6.270246e-02,6.049937e-02,1.002996e-02,5.404766e-03,2.388842e-01,1.058021e-02,8.249492e-03,2.126027e-02,1.794683e-02,2.823513e-03,5.723425e-02
4.283366e-01,4.135483e-02,1.261330e-02,9.274169e-02,5.192556e-02,5.955176e-02,8.781224e-03,4.936701e-03,1.863835e-01,9.257931e-03,7.920299e-03,1.872751e-02,1.719899e-02,2.727952e-03,5.754210e-02
3.837705e-01,5.760794e-02,1.115666e-02,1.198346e-01,5.689690e-02,6.858873e-02,1.427795e-02,5.678925e-03,1.628723e-01,8.776352e-03,8.678639e-03,1.710497e-02,1.590191e-02,2.475691e-03,6.637792e-02
3.485916e-01,6.514602e-02,1.832170e-02,1.785126e-01,5.869397e-02,5.993620e-02,1.303004e-02,7.362331e-03,1.341748e-01,7.885222e-03,7.537659e-03,1.571899e-02,1.379281e-02,2.292156e-03,6.900391e-02
3.774730e-01,6.923049e-02,3.703310e-02,1.554595e-01,5.621036e-02,4.752976e-02,1.042766e-02,7.431816e-03,1.144276e-01,7.273527e-03,7.816397e-03,1.870529e-02,1.410262e-02,3.207889e-03,7.367099e-02
3.235691e-01,5.208186e-02,3.936620e-02,1.324130e-01,9.717565e-02,4.014515e-02,8.796312e-02,2.485997e-02,9.625110e-02,5.406178e-03,6.305928e-03,1.418975e-02,2.444083e-02,2.573949e-03,5.325821e-02
2.851569e-01,3.769397e-02,2.987548e-02,9.536640e-02,1.311860e-01,3.393376e-02,1.439028e-01,2.474279e-02,7.961618e-02,4.194299e-03,5.562545e-03,1.066315e-02,7.476174e-02,2.435726e-03,4.090821e-02
2.222506e-01,2.650095e-02,2.131688e-02,6.689213e-02,1.007143e-01,2.577206e-02,3.494406e-01,2.225176e-02,6.128195e-02,3.178051e-03,4.397556e-03,8.100133e-03,5.659497e-02,1.845865e-03,2.946226e-02
1.599816e-01,1.859612e-02,1.515485e-02,4.691592e-02,7.598708e-02,1.910054e-02,5.255845e-01,1.866922e-02,4.432793e-02,2.294751e-03,3.323731e-03,5.956382e-03,4.174564e-02,1.376355e-03,2.098554e-02
1.131071e-01,1.309637e-02,1.105982e-02,3.302857e-02,6.803175e-02,1.611112e-02,6.321294e-01,1.608438e-02,3.191265e-02,2.057340e-03,2.700081e-03,4.356417e-03,3.970592e-02,9.729563e-04,1.564620e-02
8.135354e-02,9.459387e-03,7.976807e-03,2.318985e-02,5.169181e-02,1.438257e-02,7.094569e-01,1.191871e-02,2.408573e-02,2.443840e-03,3.581721e-03,4.124076e-03,4.123888e-02,7.073986e-04,1.438881e-02
6.030629e-02,6.891833e-03,5.860920e-03,1.629861e-02,5.059927e-02,1.339435e-02,7.590221e-01,8.881993e-03,1.785845e-02,3.866883e-03,3.804072e-03,3.793009e-03,3.483471e-02,5.622537e-04,1.402535e-02
4.401570e-02,4.856878e-03,4.211472e-03,1.144598e-02,4.313252e-02,1.029709e-02,8.141497e-01,6.667167e-03,1.254749e-02,3.391860e-03,3.117242e-03,2.960412e-03,2.529708e-02,4.492618e-04,1.346022e-02
3.347601e-02,3.550082e-03,3.173572e-03,8.113000e-03,3.927971e-02,8.954101e-03,8.253901e-01,5.583222e-03,8.928786e-03,7.186600e-03,3.862592e-03,2.624599e-03,2.021124e-02,6.639875e-04,2.900242e-02
4.156485e-02,2.879738e-03,2.737379e-03,6.236928e-03,3.306857e-02,1.292726e-02,8.114592e-01,6.144243e-03,6.641094e-03,7.812347e-03,6.144121e-03,3.080110e-03,3.017074e-02,1.022571e-03,2.811085e-02
6.282548e-02,2.398985e-03,2.971302e-03,5.473075e-03,2.751838e-02,1.134043e-02,8.007691e-01,7.811250e-03,4.893413e-03,6.717806e-03,8.108682e-03,2.865069e-03,2.859614e-02,1.403942e-03,2.630695e-02
1.210488e-01,2.448536e-03,4.252232e-03,5.794480e-03,2.699822e-02,1.140641e-02,7.211922e-01,1.490642e-02,4.098179e-03,1.020602e-02,1.180655e-02,3.538388e-03,2.623837e-02,5.033056e-03,3.103214e-02
1.495602e-01,3.938262e-03,8.128109e-03,6.805503e-03,3.487081e-02,1.155763e-02,6.088411e-01,1.963222e-02,4.559828e-03,3.721391e-02,1.755263e-02,5.646495e-03,2.320964e-02,5.744281e-03,6.273939e-02
1.691584e-01,3.957665e-03,8.087576e-03,6.665541e-03,3.429099e-02,1.150642e-02,5.833716e-01,2.196604e-02,4.523871e-03,4.555437e-02,1.629215e-02,7.463893e-03,1.905535e-02,5.979768e-03,6.212639e-02
1.730747e-01,2.961608e-03,6.160660e-03,5.314188e-03,2.698516e-02,9.603477e-03,6.125942e-01,2.405394e-02,4.426321e-03,3.699557e-02,1.367630e-02,9.407226e-03,1.554510e-02,5.065084e-03,5.413638e-02
2.490253e-01,2.895669e-03,5.079613e-03,7.579438e-03,2.392667e-02,1.168283e-02,4.999955e-01,2.144718e-02,5.274443e-03,5.122089e-02,1.830771e-02,1.106883e-02,1.606657e-02,5.758773e-03,7.067057e-02
2.569057e-01,2.741116e-03,4.006867e-03,1.319042e-02,2.643425e-02,1.521705e-02,3.598923e-01,1.559890e-02,1.876494e-02,8.820897e-02,2.570127e-02,2.452649e-02,2.163993e-02,6.612562e-03,1.205593e-01
1.963311e-01,2.121243e-03,2.904426e-03,1.893186e-02,1.970943e-02,1.581914e-02,2.530649e-01,1.106987e-02,2.542384e-02,2.188368e-01,3.089632e-02,3.587634e-02,2.360932e-02,5.997202e-03,1.394083e-01
1.519422e-01,1.677145e-03,2.591533e-03,2.039983e-02,1.549572e-02,1.675395e-02,1.783425e-01,9.490457e-03,2.585889e-02,3.008536e-01,4.148182e-02,5.132387e-02,4.497267e-02,7.401916e-03,1.314141e-01
1.468902e-01,1.797019e-03,3.324592e-03,1.809742e-02,1.730774e-02,1.320712e-02,1.253738e-01,7.918544e-03,2.239318e-02,3.832044e-01,4.385960e-02,4.792034e-02,4.170144e-02,1.355954e-02,1.134451e-01
1.201224e-01,2.316460e-03,7.663065e-03,2.581819e-02,1.553483e-02,1.182214e-02,8.831971e-02,1.265110e-02,2.558301e-02,3.185387e-01,1.341146e-01,4.024365e-02,4.403443e-02,4.829988e-02,1.049379e-01
9.589301e-02,2.611168e-03,9.796060e-03,5.778538e-02,1.318927e-02,1.365069e-02,6.208313e-02,1.020595e-02,2.743986e-02,2.445421e-01,2.479049e-01,5.219880e-02,4.113764e-02,4.193220e-02,7.962983e-02
7.485374e-02,3.119624e-03,9.514770e-03,4.506157e-02,1.185638e-02,1.135516e-02,4.352368e-02,8.263446e-03,3.329128e-02,1.731833e-01,4.033297e-01,4.701858e-02,3.938059e-02,3.913318e-02,5.711508e-02
6.276888e-02,3.848358e-03,1.248856e-02,5.699085e-02,1.076437e-02,9.477636e-03,3.060941e-02,8.350462e-03,5.347162e-02,1.232127e-01,4.619497e-01,4.979036e-02,4.229889e-02,3.098948e-02,4.298871e-02
5.157577e-02,1.236191e-02,3.725011e-02,5.381666e-02,2.955335e-02,1.298295e-02,2.372414e-02,6.504274e-03,1.527472e-01,8.987378e-02,3.951427e-01,4.291736e-02,3.301005e-02,2.484997e-02,3.368973e-02
3.758256e-02,1.056936e-02,6.305213e-02,1.616337e-01,2.367230e-02,9.992030e-03,1.695678e-02,6.227443e-03,2.238522e-01,6.515407e-02,2.846195e-01,3.028441e-02,2.357247e-02,1.788505e-02,2.494605e-02
2.694751e-02,9.139268e-03,5.626804e-02,2.525486e-01,1.832953e-02,7.473876e-03,1.195039e-02,4.385774e-03,2.673351e-01,5.100488e-02,2.079342e-01,2.131383e-02,1.703410e-02,1.282351e-02,3.551142e-02
2.198247e-02,7.822051e-03,4.875385e-02,3.246153e-01,1.811207e-02,6.580038e-03,8.623192e-03,3.774505e-03,2.783342e-01,3.739273e-02,1.770031e-01,1.567396e-02,1.484946e-02,9.603736e-03,2.687926e-02
2.187733e-02,8.579072e-03,5.097650e-02,3.720875e-01,1.590408e-02,6.217346e-03,6.509117e-03,2.965163e-03,2.823942e-01,3.122658e-02,1.391429e-01,1.203561e-02,1.234480e-02,7.990826e-03,2.974898e-02
2.866952e-02,1.059130e-02,1.699708e-01,3.412889e-01,1.519405e-02,6.702771e-03,5.215948e-03,4.461577e-03,2.328208e-01,2.569960e-02,1.075624e-01,8.931217e-03,1.090352e-02,6.058178e-03,2.592940e-02
4.659732e-02,1.138179e-02,2.198259e-01,3.393678e-01,1.481487e-02,6.241261e-03,3.887376e-03,4.550378e-03,2.020118e-01,2.218439e-02,8.160122e-02,6.823694e-03,9.231687e-03,4.916196e-03,2.656429e-02
1.389981e-01,2.121745e-02,2.190460e-01,2.713323e-01,2.710808e-02,1.372444e-02,3.332407e-03,4.849679e-03,1.554917e-01,2.205893e-02,6.476434e-02,6.402117e-03,9.106117e-03,5.869123e-03,3.669921e-02
1.050274e-01,2.332907e-02,2.231403e-01,1.954991e-01,2.011333e-02,1.115667e-02,2.480829e-03,3.664451e-03,1.893060e-01,6.459457e-02,5.300971e-02,5.396309e-03,7.674273e-03,1.437312e-02,8.123483e-02
8.059305e-02,2.866928e-02,1.678246e-01,1.400848e-01,1.531585e-02,8.893686e-03,1.795209e-03,2.757032e-03,2.947934e-01,8.304531e-02,4.232675e-02,4.189631e-03,6.485751e-03,1.295199e-02,1.102737e-01
5.967668e-02,7.297242e-02,1.191304e-01,1.016796e-01,1.168253e-02,6.632120e-03,1.286190e-03,2.057012e-03,3.067985e-01,1.444635e-01,3.137559e-02,3.078473e-03,5.225232e-03,1.025545e-02,1.236863e-01
4.247605e-02,2.581760e-01,8.760619e-02,7.707626e-02,8.336720e-03,5.177145e-03,9.310582e-04,1.544319e-03,2.839515e-01,1.019807e-01,2.398970e-02,2.279834e-03,3.760100e-03,9.720142e-03,9.299435e-02
3.033377e-02,2.933368e-01,6.406414e-02,5.530583e-02,5.948497e-03,3.925299e-03,8.192176e-04,1.177634e-03,2.935615e-01,7.409243e-02,4.303104e-02,2.072043e-03,2.771012e-03,4.858320e-02,8.097751e-02
2.213115e-02,2.131165e-01,4.680819e-02,3.890595e-02,4.314951e-03,3.156189e-03,6.620195e-04,9.518433e-04,2.232183e-01,5.341883e-02,1.888152e-01,3.120884e-03,2.450413e-03,1.384023e-01,6.052722e-02
1.584530e-02,1.528611e-01,3.327569e-02,2.734454e-02,3.164009e-03,2.827283e-03,4.920432e-04,7.528118e-04,1.618389e-01,3.786799e-02,3.093786e-01,4.332669e-03,2.323639e-03,2.037948e-01,4.390053e-02
1.152163e-02,1.078439e-01,2.343889e-02,1.921342e-02,2.321241e-03,2.169273e-03,3.572911e-04,5.512408e-04,1.143973e-01,2.675880e-02,4.429604e-01,4.251894e-03,1.816666e-03,2.114826e-01,3.091542e-02
9.490347e-03,7.585879e-02,1.727244e-02,1.388603e-02,2.045379e-03,3.133289e-03,3.012892e-04,7.918563e-04,8.165227e-02,2.004101e-02,5.522652e-01,4.786448e-03,1.434141e-03,1.952325e-01,2.180894e-02
7.262870e-03,5.326721e-02,1.227982e-02,9.926117e-03,1.777621e-03,3.285371e-03,2.468287e-04,6.320708e-04,5.775470e-02,1.456071e-02,5.851627e-01,6.634544e-03,1.153012e-03,2.307127e-01,1.534365e-02
5.890212e-03,3.859318e-02,9.056013e-03,7.551837e-03,8.401715e-03,6.279843e-03,7.515734e-04,7.478658e-04,4.468673e-02,1.092518e-02,5.814849e-01,1.260950e-02,9.096852e-04,2.612915e-01,1.082019e-02
4.560573e-03,2.737684e-02,6.663509e-03,5.662898e-03,8.436476e-03,7.067093e-03,7.037200e-04,6.526035e-04,3.485852e-02,8.350273e-03,5.565654e-01,1.567979e-02,7.978696e-04,3.150172e-01,7.607241e-03
4.816307e-03,1.938805e-02,5.539812e-03,4.992205e-03,8.290513e-03,6.410500e-03,6.305769e-04,6.255348e-04,3.438379e-02,6.839864e-03,5.321735e-01,1.534687e-02,9.151406e-04,3.541564e-01,5.490868e-03
7.413267e-03,1.416504e-02,1.006482e-02,6.350538e-03,9.496194e-03,1.235270e-02,7.277537e-04,2.024471e-03,3.891477e-02,5.486234e-03,4.519633e-01,1.326338e-02,1.242178e-03,4.224349e-01,4.100446e-03
7.414523e-03,1.047773e-02,9.699589e-03,6.148747e-03,9.039401e-03,1.359947e-02,5.959893e-04,2.053311e-03,5.443051e-02,4.318612e-03,3.811550e-01,1.126423e-02,1.198684e-03,4.855707e-01,3.033580e-03
8.558398e-03,7.693550e-03,7.760424e-03,6.192245e-03,9.319138e-03,1.696625e-02,5.133408e-04,1.961079e-03,5.368538e-02,3.543346e-03,3.402685e-01,9.314368e-03,1.319730e-03,5.305954e-01,2.308940e-03
7.724390e-03,5.636750e-03,6.184649e-03,5.850319e-03,8.825582e-03,1.462767e-02,4.265391e-04,1.718570e-03,4.474339e-02,3.110307e-03,3.488308e-01,8.064909e-03,1.598150e-03,5.408177e-01,1.840274e-03
1.159525e-02,5.471124e-03,8.319577e-03,6.529980e-03,1.036086e-02,2.209950e-02,4.026192e-04,2.348594e-03,6.719586e-02,3.321439e-03,3.072679e-01,7.215203e-03,1.655169e-03,5.440767e-01,2.140200e-03
9.252900e-03,4.270995e-03,7.682116e-03,5.843681e-03,1.073528e-02,1.936803e-02,4.088261e-04,2.655020e-03,5.844309e-02,1.495406e-02,2.891438e-01,5.709500e-03,1.573125e-03,5.677423e-01,2.217306e-03
7.382199e-03,3.422693e-03,6.807228e-03,5.406728e-03,9.402561e-03,1.722620e-02,4.207776e-04,2.034635e-03,5.267639e-02,7.588261e-02,2.740840e-01,5.472738e-03,2.501149e-03,5.335586e-01,3.721435e-03
2.694589e-02,8.833263e-03,6.220613e-03,2.448883e-02,1.261059e-02,4.258090e-02,1.174066e-03,5.133571e-03,6.757990e-02,6.921299e-02,2.403298e-01,7.809823e-03,3.867505e-03,4.623043e-01,2.090797e-02
2.214511e-02,9.403024e-03,5.433122e-03,5.182471e-02,1.825975e-02,4.176683e-02,1.208163e-03,1.788314e-02,8.590383e-02,7.449856e-02,2.226049e-01,1.163107e-02,7.670867e-03,4.086372e-01,2.112969e-02
2.074671e-02,1.251316e-02,1.619122e-02,6.846030e-02,2.274792e-02,3.635452e-02,1.062754e-03,9.218362e-02,1.252259e-01,8.478233e-02,1.800679e-01,1.473235e-02,9.524717e-03,2.978752e-01,1.753142e-02
3.559659e-02,1.613449e-02,4.654297e-02,1.569035e-01,4.621646e-02,7.479553e-02,3.919481e-03,6.924593e-02,1.032663e-01,6.980646e-02,1.333317e-01,1.069590e-02,7.249109e-03,2.098459e-01,1.644964e-02
4.007847e-02,2.018445e-02,5.498396e-02,2.034432e-01,5.703409e-02,7.172164e-02,5.232960e-03,5.681673e-02,1.360625e-01,7.356276e-02,9.924643e-02,8.004169e-03,6.051375e-03,1.476893e-01,1.988787e-02
6.342107e-02,2.064169e-02,5.118275e-02,3.161314e-01,4.521318e-02,6.316120e-02,3.997393e-03,5.031646e-02,1.070851e-01,5.552711e-02,7.359131e-02,7.839954e-03,6.285332e-03,1.042288e-01,3.137722e-02
1.010616e-01,2.275478e-02,5.078885e-02,2.806754e-01,5.784291e-02,5.001944e-02,3.378099e-03,5.500866e-02,1.284075e-01,4.378065e-02,6.477727e-02,7.258235e-03,7.266871e-03,7.558145e-02,5.139833e-02
1.076121e-01,1.946747e-02,5.232311e-02,2.072291e-01,7.855037e-02,3.959082e-02,2.705122e-03,1.033639e-01,1.073782e-01,3.467513e-02,1.081986e-01,7.086325e-03,1.404729e-02,5.662932e-02,6.114317e-02
9.226013e-02,2.903709e-02,1.361597e-01,1.658123e-01,6.027037e-02,3.888395e-02,2.457363e-03,8.683471e-02,1.399725e-01,2.679440e-02,8.621601e-02,5.874825e-03,2.132876e-02,4.045563e-02,6.764222e-02
6.641391e-02,2.496723e-02,1.255892e-01,1.276660e-01,4.348977e-02,4.869313e-02,1.825409e-03,7.175976e-02,2.244200e-01,2.198906e-02,6.508622e-02,4.451920e-03,1.892856e-02,2.860226e-02,1.261176e-01
5.939306e-02,2.388606e-02,9.921123e-02,9.422972e-02,3.975654e-02,4.175008e-02,2.220927e-03,7.206117e-02,3.224882e-01,1.780185e-02,6.649818e-02,4.799065e-03,3.514369e-02,2.108489e-02,9.967529e-02
6.690367e-02,2.452503e-02,7.543138e-02,7.326027e-02,5.211017e-02,5.718988e-02,2.290971e-03,5.375472e-02,3.723332e-01,1.345667e-02,4.993714e-02,4.111630e-03,5.834887e-02,1.569070e-02,8.065574e-02
5.520440e-02,2.008331e-02,5.515767e-02,5.457848e-02,4.100204e-02,4.443418e-02,3.068445e-03,3.838314e-02,4.086359e-01,1.031332e-02,3.946450e-02,1.518173e-02,1.430800e-01,1.184776e-02,5.956513e-02
4.144895e-02,1.550506e-02,4.196768e-02,4.115060e-02,2.949921e-02,3.630873e-02,3.617245e-03,2.731977e-02,3.564466e-01,8.723916e-03,3.902462e-02,3.113312e-02,2.737378e-01,9.649116e-03,4.446764e-02
3.245478e-02,1.144748e-02,3.031388e-02,2.996352e-02,2.334890e-02,2.751898e-02,3.380846e-03,2.162341e-02,3.016019e-01,7.273322e-03,6.671864e-02,3.739030e-02,3.627681e-01,8.158792e-03,3.603714e-02
2.445497e-02,8.472704e-03,2.160787e-02,2.159723e-02,1.904351e-02,1.994867e-02,2.738913e-03,1.658258e-02,2.222919e-01,5.395231e-03,5.181469e-02,3.817952e-02,5.128542e-01,6.016457e-03,2.900149e-02
1.768573e-02,6.255932e-03,1.520055e-02,1.533099e-02,1.420026e-02,1.467015e-02,2.113572e-03,1.198405e-02,1.641024e-01,3.892782e-03,3.701799e-02,3.491953e-02,6.364049e-01,4.325419e-03,2.189579e-02
1.441381e-02,5.442208e-03,1.353635e-02,1.148799e-02,2.589782e-02,1.248720e-02,3.609876e-03,9.600395e-03,1.186012e-01,2.830414e-03,2.735154e-02,4.122560e-02,6.921760e-01,3.195527e-03,1.814408e-02
1.292066e-02,6.749155e-03,1.643305e-02,2.101586e-02,2.637287e-02,1.161914e-02,3.580844e-03,7.882257e-03,1.782855e-01,2.712610e-03,2.250755e-02,4.030164e-02,6.295087e-01,2.620718e-03,1.748946e-02
2.041970e-02,1.287816e-02,5.573961e-02,3.544153e-02,3.006541e-02,1.482602e-02,2.874006e-03,7.131445e-03,1.463263e-01,3.743932e-03,2.968872e-02,3.960074e-02,5.804899e-01,4.914946e-03,1.585958e-02
5.358918e-02,1.982717e-02,1.087837e-01,4.751833e-02,2.847457e-02,1.592114e-02,2.610183e-03,9.474794e-03,1.180949e-01,1.341819e-02,6.637299e-02,3.904518e-02,4.462601e-01,5.557783e-03,2.505174e-02
1.380603e-01,2.805662e-02,1.111508e-01,6.069140e-02,3.018823e-02,1.853346e-02,3.750192e-03,1.090227e-02,9.686404e-02,1.775677e-02,6.211862e-02,4.554778e-02,3.355131e-01,5.405884e-03,3.546055e-02
2.093104e-01,6.302796e-02,1.126557e-01,5.485838e-02,3.535292e-02,1.871656e-02,4.032408e-03,9.360588e-03,9.440528e-02,1.455815e-02,4.621270e-02,4.692772e-02,2.505724e-01,4.356592e-03,3.565234e-02
2.456818e-01,8.555150e-02,1.021348e-01,6.292213e-02,4.722089e-02,1.850623e-02,4.798116e-03,1.594475e-02,1.024089e-01,1.101461e-02,3.480290e-02,3.549480e-02,1.926899e-01,3.610545e-03,3.721818e-02
2.189598e-01,1.254827e-01,1.050626e-01,8.271974e-02,4.000460e-02,2.041086e-02,4.694602e-03,1.525443e-02,1.349052e-01,1.343712e-02,2.612788e-02,2.545289e-02,1.370185e-01,3.517536e-03,4.695161e-02
1.967902e-01,1.077160e-01,8.882227e-02,7.658067e-02,4.785540e-02,1.950667e-02,5.189909e-03,8.242093e-02,1.883998e-01,9.720954e-03,2.215452e-02,1.805869e-02,1.000972e-01,2.701541e-03,3.398531e-02
1.778909e-01,8.557600e-02,6.510775e-02,5.684549e-02,5.768354e-02,1.649648e-02,4.985339e-03,2.231134e-01,1.767343e-01,6.906528e-03,1.712389e-02,1.286897e-02,7.242943e-02,2.025576e-03,2.421242e-02
1.470061e-01,6.483322e-02,4.715854e-02,4.168148e-02,5.327315e-02,1.319046e-02,3.832542e-03,4.003156e-01,1.313775e-01,4.916688e-03,1.267171e-02,9.377909e-03,5.158700e-02,1.516862e-03,1.726128e-02
1.146081e-01,4.651101e-02,3.356846e-02,2.954790e-02,4.199498e-02,1.053628e-02,3.153707e-03,5.575699e-01,9.275134e-02,3.533497e-03,9.223278e-03,6.862692e-03,3.677446e-02,1.143735e-03,1.222077e-02
9.128241e-02,3.402545e-02,2.395169e-02,2.101706e-02,3.469811e-02,8.423157e-03,2.586520e-03,6.674988e-01,6.644180e-02,2.546570e-03,6.763292e-03,5.075769e-03,2.617582e-02,8.751115e-04,8.638468e-03
8.588845e-02,2.430636e-02,1.714647e-02,1.495504e-02,2.784019e-02,7.315966e-03,2.352399e-03,7.367272e-01,4.772788e-02,1.794987e-03,4.845466e-03,3.734742e-03,1.857908e-02,6.733103e-04,6.112490e-03
7.846826e-02,1.719829e-02,1.243315e-02,1.077620e-02,2.109139e-02,7.072787e-03,2.072012e-03,7.911473e-01,3.378081e-02,1.274439e-03,3.581077e-03,2.967957e-03,1.322209e-02,5.547272e-04,4.359614e-03
6.985314e-02,1.221885e-02,9.317231e-03,7.903924e-03,1.589343e-02,6.054582e-03,1.748852e-03,8.342721e-01,2.383162e-02,9.044352e-04,2.703324e-03,2.281893e-03,9.399331e-03,4.415920e-04,3.175705e-03
7.060060e-02,9.228010e-03,7.174939e-03,6.005018e-03,1.500912e-02,5.532051e-03,2.715873e-03,8.512239e-01,1.781311e-02,6.708050e-04,2.161766e-03,1.806437e-03,7.241138e-03,4.033728e-04,2.413848e-03
7.577880e-02,6.879174e-03,5.632755e-03,4.552143e-03,1.273993e-02,7.184839e-03,4.495361e-03,8.576353e-01,1.297105e-02,5.163982e-04,1.705757e-03,1.492274e-03,6.110900e-03,3.805606e-04,1.924782e-03
7.994311e-02,4.941517e-03,4.323501e-03,3.400012e-03,9.947585e-03,9.208456e-03,5.435449e-03,8.638512e-01,9.218079e-03,4.032193e-04,1.309584e-03,1.239075e-03,4.813131e-03,3.280874e-04,1.637871e-03
8.373817e-02,3.622636e-03,3.869931e-03,2.728618e-03,8.330752e-03,1.129665e-02,5.832213e-03,8.655931e-01,6.633210e-03,3.448101e-04,1.035859e-03,1.179455e-03,3.931248e-03,3.075253e-04,1.555898e-03
1.002652e-01,2.706284e-03,3.466262e-03,2.206011e-03,7.082726e-03,1.094909e-02,5.010749e-03,8.560404e-01,4.817638e-03,2.874139e-04,8.416968e-04,1.261544e-03,3.238967e-03,2.868483e-04,1.539181e-03
1.436901e-01,2.152584e-03,2.928748e-03,2.141816e-03,6.168528e-03,1.103553e-02,4.137432e-03,8.164312e-01,3.524467e-03,2.449852e-04,7.213539e-04,1.788927e-03,2.930365e-03,3.079585e-04,1.796019e-03
2.048241e-01,2.154331e-03,4.126056e-03,3.108826e-03,5.630008e-03,1.685281e-02,4.129553e-03,7.384765e-01,2.808864e-03,6.378056e-04,1.087804e-03,5.919870e-03,4.944077e-03,5.427988e-04,4.756548e-03
2.397016e-01,3.722235e-03,6.217171e-03,1.710143e-02,7.943004e-03,1.910543e-02,3.693421e-03,6.066706e-01,6.357097e-03,5.729025e-03,6.429931e-03,4.143809e-02,1.357566e-02,2.302836e-03,2.001239e-02
2.691284e-01,4.024726e-03,6.085825e-03,1.632759e-02,1.172961e-02,1.605183e-02,3.496417e-03,5.058032e-01,1.748827e-02,2.005071e-02,1.134435e-02,3.861926e-02,2.098563e-02,3.054227e-03,5.580990e-02
2.856725e-01,4.361126e-03,5.092317e-03,1.517710e-02,9.555238e-03,1.290542e-02,2.980723e-03,3.670280e-01,5.248897e-02,1.179297e-01,1.238441e-02,2.999863e-02,2.004459e-02,2.852612e-03,6.152869e-02
3.136146e-01,5.636543e-03,4.910066e-03,1.627798e-02,7.842165e-03,1.239040e-02,2.843078e-03,2.650333e-01,8.461054e-02,1.428870e-01,1.468825e-02,2.706509e-02,1.901673e-02,4.779514e-03,7.840469e-02
2.562037e-01,8.735335e-03,5.410911e-03,4.697653e-02,6.904633e-03,1.091234e-02,2.198438e-03,1.873790e-01,1.593689e-01,1.476019e-01,1.521371e-02,2.397607e-02,1.789006e-02,4.311455e-03,1.069171e-01
3.562219e-01,1.211858e-02,9.610500e-03,5.495498e-02,6.846467e-03,1.157805e-02,2.025973e-03,1.340116e-01,1.237924e-01,1.109530e-01,1.969320e-02,2.719519e-02,1.713761e-02,7.633667e-03,1.062270e-01
3.359012e-01,1.283799e-02,8.613868e-03,4.553137e-02,5.222314e-03,1.259060e-02,1.695752e-03,9.541424e-02,1.583489e-01,1.247764e-01,1.791331e-02,2.215890e-02,1.515297e-02,8.166572e-03,1.356756e-01
3.241951e-01,1.313702e-02,8.326801e-03,3.477682e-02,4.403582e-03,1.126887e-02,1.554786e-03,6.804760e-02,2.275549e-01,1.379187e-01,1.695026e-02,1.748523e-02,1.387442e-02,1.260131e-02,1.079045e-01
3.030131e-01,1.300474e-02,6.283130e-03,2.617898e-02,3.647139e-03,8.798582e-03,1.217017e-03,4.797040e-02,3.106157e-01,1.395873e-01,1.584417e-02,1.380001e-02,1.358039e-02,1.160002e-02,8.485935e-02
2.327060e-01,1.434554e-02,4.778330e-03,1.914563e-02,2.751027e-03,6.531326e-03,8.979404e-04,3.367359e-02,4.546955e-01,1.234240e-01,1.204276e-02,1.027882e-02,1.074838e-02,8.812875e-03,6.516825e-02
2.113279e-01,2.815444e-02,3.788652e-03,1.558752e-02,2.279134e-03,5.020309e-03,6.771146e-04,2.369259e-02,5.286172e-01,9.254589e-02,1.077762e-02,8.332143e-03,8.505926e-03,8.087798e-03,5.260574e-02
1.882166e-01,5.207970e-02,3.473110e-03,1.301885e-02,2.328682e-03,4.275237e-03,5.658353e-04,1.682114e-02,5.186921e-01,6.930278e-02,9.358905e-03,8.266881e-03,8.755558e-03,1.344006e-02,9.140451e-02
2.121418e-01,5.605614e-02,4.782687e-03,1.210642e-02,3.284771e-03,4.646330e-03,6.124644e-04,1.233271e-02,4.015635e-01,5.015930e-02,1.212847e-02,8.528181e-03,8.585032e-03,2.991842e-02,1.831538e-01
2.502264e-01,5.264162e-02,5.021101e-02,2.137734e-02,1.207736e-02,6.201381e-03,1.404113e-03,1.173954e-02,3.357435e-01,4.031645e-02,1.268096e-02,6.716188e-03,9.058473e-03,3.062559e-02,1.589801e-01
2.911477e-01,8.159399e-02,4.742869e-02,2.007650e-02,1.934520e-02,7.883275e-03,1.450839e-03,1.181025e-02,2.755666e-01,3.125378e-02,1.173602e-02,5.452612e-03,9.303624e-03,3.040532e-02,1.555456e-01
2.328797e-01,1.335970e-01,3.790756e-02,1.502853e-02,2.242793e-02,8.690462e-03,1.189764e-03,1.252471e-02,2.273620e-01,2.249984e-02,9.474875e-03,4.120786e-03,8.628727e-03,3.852537e-02,2.251428e-01
1.859278e-01,1.741740e-01,3.611285e-02,1.416101e-02,3.752844e-02,7.690356e-03,9.972074e-04,8.926731e-02,1.840940e-01,1.643897e-02,7.199480e-03,3.125190e-03,6.992122e-03,3.385045e-02,2.024408e-01
1.434471e-01,1.570043e-01,2.926036e-02,1.150479e-02,3.419038e-02,6.572884e-03,9.220181e-04,2.848120e-01,1.348856e-01,1.168593e-02,5.644477e-03,2.300059e-03,5.298823e-03,2.526439e-02,1.472069e-01
1.308561e-01,1.658159e-01,2.434557e-02,1.046302e-02,3.124348e-02,6.380617e-03,1.382080e-03,3.456158e-01,1.102852e-01,9.032589e-03,6.791926e-03,2.039505e-03,4.197142e-03,3.026862e-02,1.212825e-01
1.344915e-01,1.660434e-01,2.197017e-02,1.240756e-02,3.040094e-02,6.520924e-03,1.908367e-03,3.634075e-01,9.863808e-02,7.204023e-03,7.898103e-03,2.271345e-03,3.619960e-03,4.229196e-02,1.009261e-01
1.318032e-01,1.320669e-01,2.060488e-02,1.262240e-02,2.946732e-02,6.204291e-03,2.595054e-03,4.384914e-01,8.322678e-02,5.647611e-03,7.315104e-03,2.310637e-03,3.218438e-03,4.803881e-02,7.638711e-02
1.229815e-01,9.877545e-02,1.681728e-02,1.176225e-02,2.523517e-02,5.470272e-03,2.373954e-03,5.383046e-01,6.480673e-02,4.334443e-03,5.969101e-03,2.142986e-03,2.599170e-03,4.115250e-02,5.727458e-02
9.639689e-02,6.986395e-02,1.280159e-02,1.032128e-02,1.958801e-02,4.867275e-03,1.837934e-03,6.555537e-01,4.681201e-02,3.067196e-03,4.579418e-03,1.825503e-03,2.012683e-03,2.969117e-02,4.078136e-02
9.758061e-02,4.985445e-02,9.730686e-03,1.041932e-02,1.487030e-02,4.367561e-03,1.420217e-03,7.164949e-01,3.369603e-02,2.271082e-03,4.027513e-03,2.765913e-03,1.825104e-03,2.101726e-02,2.965906e-02
1.073180e-01,3.527419e-02,7.357842e-03,8.786747e-03,1.150744e-02,3.360381e-03,1.076873e-03,7.550936e-01,2.459560e-02,1.681753e-03,3.361295e-03,3.032748e-03,1.474019e-03,1.482993e-02,2.124948e-02
1.333873e-01,2.496228e-02,5.478363e-03,7.188806e-03,8.864570e-03,2.712418e-03,8.840715e-04,7.649617e-01,1.771626e-02,1.232568e-03,2.776680e-03,3.124666e-03,1.220786e-03,1.045055e-02,1.503893e-02
1.508268e-01,1.760343e-02,4.032273e-03,5.670270e-03,6.644157e-03,2.170161e-03,7.578577e-04,7.747923e-01,1.255422e-02,8.907065e-04,2.185182e-03,2.923944e-03,9.859425e-04,7.354626e-03,1.060817e-02
