1.000000e+00,0.000000e+00,0.000000e+00,0.000000e+00,0.000000e+00,0.000000e+00,0.000000e+00,0.000000e+00,0.000000e+00,0.000000e+00,0.000000e+00,0.000000e+00,0.000000e+00,0.000000e+00,0.000000e+00
1.000000e+00,0.000000e+00,0.000000e+00,0.000000e+00,0.000000e+00,0.000000e+00,0.000000e+00,0.000000e+00,0.000000e+00,0.000000e+00,0.000000e+00,0.000000e+00,0.000000e+00,0.000000e+00,0.000000e+00
1.000000e+00,0.000000e+00,0.000000e+00,0.000000e+00,0.000000e+00,0.000000e+00,0.000000e+00,0.000000e+00,0.000000e+00,0.000000e+00,0.000000e+00,0.000000e+00,0.000000e+00,0.000000e+00,0.000000e+00
1.000000e+00,0.000000e+00,0.000000e+00,0.000000e+00,0.000000e+00,0.000000e+00,0.000000e+00,0.000000e+00,0.000000e+00,0.000000e+00,0.000000e+00,0.000000e+00,0.000000e+00,0.000000e+00,0.000000e+00
1.000000e+00,0.000000e+00,0.000000e+00,0.000000e+00,0.000000e+00,0.000000e+00,0.000000e+00,0.000000e+00,0.000000e+00,0.000000e+00,0.000000e+00,0.000000e+00,0.000000e+00,0.000000e+00,0.000000e+00
1.000000e+00,0.000000e+00,0.000000e+00,0.000000e+00,0.000000e+00,0.000000e+00,0.000000e+00,0.000000e+00,0.000000e+00,0.000000e+00,0.000000e+00,0.000000e+00,0.000000e+00,0.000000e+00,0.000000e+00
1.000000e+00,0.000000e+00,0.000000e+00,0.000000e+00,0.000000e+00,0.000000e+00,0.000000e+00,0.000000e+00,0.000000e+00,0.000000e+00,0.000000e+00,0.000000e+00,0.000000e+00,0.000000e+00,0.000000e+00
1.000000e+00,0.000000e+00,0.000000e+00,0.000000e+00,0.000000e+00,0.000000e+00,0.000000e+00,0.000000e+00,0.000000e+00,0.000000e+00,0.000000e+00,0.000000e+00,0.000000e+00,0.000000e+00,0.000000e+00
1.000000e+00,0.000000e+00,0.000000e+00,0.000000e+00,0.000000e+00,0.000000e+00,0.000000e+00,0.000000e+00,0.000000e+00,0.000000e+00,0.000000e+00,0.000000e+00,0.000000e+00,0.000000e+00,0.000000e+00
1.000000e+00,0.000000e+00,0.000000e+00,0.000000e+00,0.000000e+00,0.000000e+00,0.000000e+00,0.000000e+00,0.000000e+00,0.000000e+00,0.000000e+00,0.000000e+00,0.000000e+00,0.000000e+00,0.000000e+00
1.000000e+00,0.000000e+00,0.000000e+00,0.000000e+00,0.000000e+00,0.000000e+00,0.000000e+00,0.000000e+00,0.000000e+00,0.000000e+00,0.000000e+00,0.000000e+00,0.000000e+00,0.000000e+00,0.000000e+00
1.000000e+00,0.000000e+00,0.000000e+00,0.000000e+00,0.000000e+00,0.000000e+00,0.000000e+00,0.000000e+00,0.000000e+00,0.000000e+00,0.000000e+00,0.000000e+00,0.000000e+00,0.000000e+00,0.000000e+00
1.000000e+00,0.000000e+00,0.000000e+00,0.000000e+00,0.000000e+00,0.000000e+00,0.000000e+00,0.000000e+00,0.000000e+00,0.000000e+00,0.000000e+00,0.000000e+00,0.000000e+00,0.000000e+00,0.000000e+00
1.000000e+00,0.000000e+00,0.000000e+00,0.000000e+00,0.000000e+00,0.000000e+00,0.000000e+00,0.000000e+00,0.000000e+00,0.000000e+00,0.000000e+00,0.000000e+00,0.000000e+00,0.000000e+00,0.000000e+00
1.000000e+00,0.000000e+00,0.000000e+00,0.000000e+00,0.000000e+00,0.000000e+00,0.000000e+00,0.000000e+00,0.000000e+00,0.000000e+00,0.000000e+00,0.000000e+00,0.000000e+00,0.000000e+00,0.000000e+00
1.000000e+00,0.000000e+00,0.000000e+00,0.000000e+00,0.000000e+00,0.000000e+00,0.000000e+00,0.000000e+00,0.000000e+00,0.000000e+00,0.000000e+00,0.000000e+00,0.000000e+00,0.000000e+00,0.000000e+00
1.000000e+00,0.000000e+00,0.000000e+00,0.000000e+00,0.000000e+00,0.000000e+00,0.000000e+00,0.000000e+00,0.000000e+00,0.000000e+00,0.000000e+00,0.000000e+00,0.000000e+00,0.000000e+00,0.000000e+00
1.000000e+00,0.000000e+00,0.000000e+00,0.000000e+00,0.000000e+00,0.000000e+00,0.000000e+00,0.000000e+00,0.000000e+00,0.000000e+00,0.000000e+00,0.000000e+00,0.000000e+00,0.000000e+00,0.000000e+00
1.000000e+00,0.000000e+00,0.000000e+00,0.000000e+00,0.000000e+00,0.000000e+00,0.000000e+00,0.000000e+00,0.000000e+00,0.000000e+00,0.000000e+00,0.000000e+00,0.000000e+00,0.000000e+00,0.000000e+00
1.000000e+00,0.000000e+00,0.000000e+00,0.000000e+00,0.000000e+00,0.000000e+00,0.000000e+00,0.000000e+00,0.000000e+00,0.000000e+00,0.000000e+00,0.000000e+00,0.000000e+00,0.000000e+00,0.000000e+00
1.000000e+00,0.000000e+00,0.000000e+00,0.000000e+00,0.000000e+00,0.000000e+00,0.000000e+00,0.000000e+00,0.000000e+00,0.000000e+00,0.000000e+00,0.000000e+00,0.000000e+00,0.000000e+00,0.000000e+00
1.000000e+00,0.000000e+00,0.000000e+00,0.000000e+00,0.000000e+00,0.000000e+00,0.000000e+00,0.000000e+00,0.000000e+00,0.000000e+00,0.000000e+00,0.000000e+00,0.000000e+00,0.000000e+00,0.000000e+00
1.000000e+00,0.000000e+00,0.000000e+00,0.000000e+00,0.000000e+00,0.000000e+00,0.000000e+00,0.000000e+00,0.000000e+00,0.000000e+00,0.000000e+00,0.000000e+00,0.000000e+00,0.000000e+00,0.000000e+00
1.000000e+00,0.000000e+00,0.000000e+00,0.000000e+00,0.000000e+00,0.000000e+00,0.000000e+00,0.000000e+00,0.000000e+00,0.000000e+00,0.000000e+00,0.000000e+00,0.000000e+00,0.000000e+00,0.000000e+00
1.000000e+00,0.000000e+00,0.000000e+00,0.000000e+00,0.000000e+00,0.000000e+00,0.000000e+00,0.000000e+00,0.000000e+00,0.000000e+00,0.000000e+00,0.000000e+00,0.000000e+00,0.000000e+00,0.000000e+00
1.000000e+00,0.000000e+00,0.000000e+00,0.000000e+00,0.000000e+00,0.000000e+00,0.000000e+00,0.000000e+00,0.000000e+00,0.000000e+00,0.000000e+00,0.000000e+00,0.000000e+00,0.000000e+00,0.000000e+00
1.000000e+00,0.000000e+00,0.000000e+00,0.000000e+00,0.000000e+00,0.000000e+00,0.000000e+00,0.000000e+00,0.000000e+00,0.000000e+00,0.000000e+00,0.000000e+00,0.000000e+00,0.000000e+00,0.000000e+00
1.000000e+00,0.000000e+00,0.000000e+00,0.000000e+00,0.000000e+00,0.000000e+00,0.000000e+00,0.000000e+00,0.000000e+00,0.000000e+00,0.000000e+00,0.000000e+00,0.000000e+00,0.000000e+00,0.000000e+00
1.000000e+00,0.000000e+00,0.000000e+00,0.000000e+00,0.000000e+00,0.000000e+00,0.000000e+00,0.000000e+00,0.000000e+00,0.000000e+00,0.000000e+00,0.000000e+00,0.000000e+00,0.000000e+00,0.000000e+00
1.000000e+00,0.000000e+00,0.000000e+00,0.000000e+00,0.000000e+00,0.000000e+00,0.000000e+00,0.000000e+00,0.000000e+00,0.000000e+00,0.000000e+00,0.000000e+00,0.000000e+00,0.000000e+00,0.000000e+00
1.000000e+00,0.000000e+00,0.000000e+00,0.000000e+00,0.000000e+00,0.000000e+00,0.000000e+00,0.000000e+00,0.000000e+00,0.000000e+00,0.000000e+00,0.000000e+00,0.000000e+00,0.000000e+00,0.000000e+00
1.000000e+00,0.000000e+00,0.000000e+00,0.000000e+00,0.000000e+00,0.000000e+00,0.000000e+00,0.000000e+00,0.000000e+00,0.000000e+00,0.000000e+00,0.000000e+00,0.000000e+00,0.000000e+00,0.000000e+00
1.000000e+00,0.000000e+00,0.000000e+00,0.000000e+00,0.000000e+00,0.000000e+00,0.000000e+00,0.000000e+00,0.000000e+00,0.000000e+00,0.000000e+00,0.000000e+00,0.000000e+00,0.000000e+00,0.000000e+00
1.000000e+00,0.000000e+00,0.000000e+00,0.000000e+00,0.000000e+00,0.000000e+00,0.000000e+00,0.000000e+00,0.000000e+00,0.000000e+00,0.000000e+00,0.000000e+00,0.000000e+00,0.000000e+00,0.000000e+00
1.000000e+00,0.000000e+00,0.000000e+00,0.000000e+00,0.000000e+00,0.000000e+00,0.000000e+00,0.000000e+00,0.000000e+00,0.000000e+00,0.000000e+00,0.000000e+00,0.000000e+00,0.000000e+00,0.000000e+00
1.000000e+00,0.000000e+00,0.000000e+00,0.000000e+00,0.000000e+00,0.000000e+00,0.000000e+00,0.000000e+00,0.000000e+00,0.000000e+00,0.000000e+00,0.000000e+00,0.000000e+00,0.000000e+00,0.000000e+00
1.000000e+00,0.000000e+00,0.000000e+00,0.000000e+00,0.000000e+00,0.000000e+00,0.000000e+00,0.000000e+00,0.000000e+00,0.000000e+00,0.000000e+00,0.000000e+00,0.000000e+00,0.000000e+00,0.000000e+00
1.000000e+00,0.000000e+00,0.000000e+00,0.000000e+00,0.000000e+00,0.000000e+00,0.000000e+00,0.000000e+00,0.000000e+00,0.000000e+00,0.000000e+00,0.000000e+00,0.000000e+00,0.000000e+00,0.000000e+00
1.000000e+00,0.000000e+00,0.000000e+00,0.000000e+00,0.000000e+00,0.000000e+00,0.000000e+00,0.000000e+00,0.000000e+00,0.000000e+00,0.000000e+00,0.000000e+00,0.000000e+00,0.000000e+00,0.000000e+00
1.000000e+00,0.000000e+00,0.000000e+00,0.000000e+00,0.000000e+00,0.000000e+00,0.000000e+00,0.000000e+00,0.000000e+00,0.000000e+00,0.000000e+00,0.000000e+00,0.000000e+00,0.000000e+00,0.000000e+00
1.000000e+00,0.000000e+00,0.000000e+00,0.000000e+00,0.000000e+00,0.000000e+00,0.000000e+00,0.000000e+00,0.000000e+00,0.000000e+00,0.000000e+00,0.000000e+00,0.000000e+00,0.000000e+00,0.000000e+00
1.000000e+00,0.000000e+00,0.000000e+00,0.000000e+00,0.000000e+00,0.000000e+00,0.000000e+00,0.000000e+00,0.000000e+00,0.000000e+00,0.000000e+00,0.000000e+00,0.000000e+00,0.000000e+00,0.000000e+00
1.000000e+00,0.000000e+00,0.000000e+00,0.000000e+00,0.000000e+00,0.000000e+00,0.000000e+00,0.000000e+00,0.000000e+00,0.000000e+00,0.000000e+00,0.000000e+00,0.000000e+00,0.000000e+00,0.000000e+00
1.000000e+00,0.000000e+00,0.000000e+00,0.000000e+00,0.000000e+00,0.000000e+00,0.000000e+00,0.000000e+00,0.000000e+00,0.000000e+00,0.000000e+00,0.000000e+00,0.000000e+00,0.000000e+00,0.000000e+00
1.000000e+00,0.000000e+00,0.000000e+00,0.000000e+00,0.000000e+00,0.000000e+00,0.000000e+00,0.000000e+00,0.000000e+00,0.000000e+00,0.000000e+00,0.000000e+00,0.000000e+00,0.000000e+00,0.000000e+00
1.000000e+00,0.000000e+00,0.000000e+00,0.000000e+00,0.000000e+00,0.000000e+00,0.000000e+00,0.000000e+00,0.000000e+00,0.000000e+00,0.000000e+00,0.000000e+00,0.000000e+00,0.000000e+00,0.000000e+00
1.000000e+00,0.000000e+00,0.000000e+00,0.000000e+00,0.000000e+00,0.000000e+00,0.000000e+00,0.000000e+00,0.000000e+00,0.000000e+00,0.000000e+00,0.000000e+00,0.000000e+00,0.000000e+00,0.000000e+00
1.000000e+00,0.000000e+00,0.000000e+00,0.000000e+00,0.000000e+00,0.000000e+00,0.000000e+00,0.000000e+00,0.000000e+00,0.000000e+00,0.000000e+00,0.000000e+00,0.000000e+00,0.000000e+00,0.000000e+00
1.000000e+00,0.000000e+00,0.000000e+00,0.000000e+00,0.000000e+00,0.000000e+00,0.000000e+00,0.000000e+00,0.000000e+00,0.000000e+00,0.000000e+00,0.000000e+00,0.000000e+00,0.000000e+00,0.000000e+00
1.000000e+00,0.000000e+00,0.000000e+00,0.000000e+00,0.000000e+00,0.000000e+00,0.000000e+00,0.000000e+00,0.000000e+00,0.000000e+00,0.000000e+00,0.000000e+00,0.000000e+00,0.000000e+00,0.000000e+00
1.000000e+00,0.000000e+00,0.000000e+00,0.000000e+00,0.000000e+00,0.000000e+00,0.000000e+00,0.000000e+00,0.000000e+00,0.000000e+00,0.000000e+00,0.000000e+00,0.000000e+00,0.000000e+00,0.000000e+00
1.000000e+00,0.000000e+00,0.000000e+00,0.000000e+00,0.000000e+00,0.000000e+00,0.000000e+00,0.000000e+00,0.000000e+00,0.000000e+00,0.000000e+00,0.000000e+00,0.000000e+00,0.000000e+00,0.000000e+00
1.000000e+00,0.000000e+00,0.000000e+00,0.000000e+00,0.000000e+00,0.000000e+00,0.000000e+00,0.000000e+00,0.000000e+00,0.000000e+00,0.000000e+00,0.000000e+00,0.000000e+00,0.000000e+00,0.000000e+00
1.000000e+00,0.000000e+00,0.000000e+00,0.000000e+00,0.000000e+00,0.000000e+00,0.000000e+00,0.000000e+00,0.000000e+00,0.000000e+00,0.000000e+00,0.000000e+00,0.000000e+00,0.000000e+00,0.000000e+00
1.000000e+00,0.000000e+00,0.000000e+00,0.000000e+00,0.000000e+00,0.000000e+00,0.000000e+00,0.000000e+00,0.000000e+00,0.000000e+00,0.000000e+00,0.000000e+00,0.000000e+00,0.000000e+00,0.000000e+00
1.000000e+00,0.000000e+00,0.000000e+00,0.000000e+00,0.000000e+00,0.000000e+00,0.000000e+00,0.000000e+00,0.000000e+00,0.000000e+00,0.000000e+00,0.000000e+00,0.000000e+00,0.000000e+00,0.000000e+00
4.118025e-01,8.364157e-03,8.918549e-03,2.750569e-02,1.314116e-02,9.303480e-03,3.079177e-03,4.882817e-01,2.418263e-03,7.071343e-04,4.060094e-03,7.587997e-03,8.044097e-03,9.898491e-04,5.796127e-03
2.920245e-01,5.940067e-03,6.714262e-03,1.960984e-02,9.925990e-03,6.924238e-03,2.670217e-03,6.348796e-01,1.783543e-03,5.034590e-04,2.973680e-03,5.396164e-03,5.752041e-03,7.676517e-04,4.134736e-03
2.091558e-01,4.239523e-03,5.220422e-03,1.423667e-02,7.698781e-03,5.567097e-03,2.691128e-03,7.356195e-01,1.319058e-03,3.667290e-04,2.252779e-03,3.883733e-03,4.115216e-03,6.643718e-04,2.969199e-03
1.574760e-01,3.100987e-03,4.297998e-03,1.084567e-02,7.398620e-03,4.788883e-03,3.427057e-03,7.964022e-01,9.999294e-04,2.903293e-04,1.748962e-03,3.140495e-03,3.122731e-03,6.713457e-04,2.288858e-03
1.295463e-01,3.050063e-03,3.282755e-03,8.807695e-03,1.643531e-02,4.651501e-03,2.978020e-03,8.152050e-01,1.158656e-03,5.433206e-04,1.965535e-03,3.986090e-03,4.324172e-03,1.749071e-03,2.316496e-03
1.377840e-01,3.983601e-03,2.710063e-03,8.676628e-03,2.998976e-02,5.487747e-03,2.376269e-03,7.872390e-01,2.083631e-03,1.001309e-03,2.283120e-03,4.600543e-03,5.753074e-03,2.635484e-03,3.395838e-03
2.217852e-01,4.303092e-03,2.639350e-03,9.080581e-03,5.348867e-02,7.332707e-03,1.963495e-03,6.768320e-01,2.129340e-03,9.303361e-04,2.606066e-03,4.531356e-03,5.783180e-03,2.426590e-03,4.167920e-03
2.803110e-01,4.366241e-03,3.179015e-03,1.008013e-02,5.883307e-02,1.136185e-02,1.918544e-03,5.989335e-01,3.033399e-03,1.390507e-03,3.454595e-03,4.872514e-03,6.850657e-03,3.264844e-03,8.150101e-03
2.863775e-01,4.088419e-03,4.183392e-03,1.022472e-02,6.958199e-02,1.327422e-02,1.791883e-03,5.693820e-01,3.601948e-03,2.389296e-03,4.321739e-03,5.272076e-03,7.245660e-03,3.804415e-03,1.446076e-02
2.040080e-01,1.469984e-02,3.398062e-03,1.454631e-02,5.333181e-02,7.675377e-02,1.437820e-03,3.992963e-01,3.005148e-02,1.858334e-02,7.582711e-03,4.911546e-03,9.278119e-03,4.110700e-03,1.580101e-01
1.463032e-01,2.504773e-02,3.566063e-03,1.885264e-02,4.460408e-02,6.935602e-02,1.268050e-03,2.802806e-01,1.027341e-01,2.926997e-02,1.450592e-02,5.298019e-03,1.061902e-02,1.226442e-02,2.360302e-01
1.068671e-01,2.002564e-02,3.046554e-03,1.364271e-02,3.383691e-02,5.114466e-02,1.001948e-03,1.967284e-01,8.770958e-02,2.453160e-02,1.515413e-02,4.343078e-03,9.148761e-03,8.105296e-02,3.517660e-01
7.908423e-02,1.892834e-02,2.687013e-03,1.001151e-02,2.479264e-02,4.211344e-02,8.595021e-04,1.381228e-01,1.118789e-01,2.045203e-02,1.461029e-02,4.506215e-03,8.206227e-03,1.139889e-01,4.097579e-01
6.135247e-02,1.559538e-02,3.006975e-03,7.880139e-03,1.758641e-02,3.914606e-02,8.402565e-04,9.687731e-02,1.252274e-01,1.932649e-02,1.603936e-02,4.205379e-03,9.350648e-03,1.371374e-01,4.464283e-01
4.468240e-02,1.255894e-02,2.336129e-03,5.750315e-03,1.257531e-02,3.013689e-02,6.584772e-04,6.788544e-02,1.178500e-01,1.447117e-02,1.668048e-02,3.662382e-03,8.494789e-03,1.390773e-01,5.231799e-01
3.388934e-02,2.260404e-02,2.091663e-03,4.370130e-03,1.025202e-02,2.236390e-02,5.227932e-04,4.758614e-02,1.987464e-01,1.153980e-02,1.532012e-02,3.195140e-03,7.300745e-03,1.160828e-01,5.041349e-01
2.576442e-02,8.490109e-02,1.248003e-02,4.038383e-03,8.844418e-03,1.826050e-02,5.529569e-04,3.405881e-02,2.722690e-01,1.301293e-02,1.553228e-02,2.486268e-03,5.617584e-03,1.051994e-01,3.969819e-01
2.170046e-02,9.713127e-02,1.030655e-01,8.889596e-03,1.007205e-02,1.453544e-02,6.511394e-04,2.563083e-02,2.915039e-01,1.385685e-02,1.762470e-02,2.037705e-03,4.592561e-03,9.678088e-02,2.919271e-01
2.363071e-02,1.211694e-01,1.697273e-01,9.248639e-03,2.640124e-02,1.279957e-02,5.491356e-04,1.974829e-02,2.523066e-01,2.743050e-02,1.549612e-02,1.561088e-03,3.674889e-03,7.518790e-02,2.410686e-01
2.018921e-02,9.574966e-02,2.744146e-01,1.998074e-02,3.176879e-02,9.993673e-03,4.424013e-04,1.434245e-02,2.323500e-01,2.463296e-02,1.154779e-02,1.238958e-03,2.737012e-03,5.467694e-02,2.059348e-01
1.751587e-02,7.024070e-02,2.883834e-01,2.320211e-02,2.913081e-02,7.984192e-03,3.514377e-04,1.050379e-02,1.999715e-01,2.721656e-02,1.140211e-02,1.148929e-03,2.466276e-03,4.141777e-02,2.690645e-01
2.663971e-02,5.472890e-02,2.287797e-01,1.838529e-02,2.180138e-02,6.791258e-03,2.884055e-04,8.228981e-03,1.961896e-01,3.388113e-02,1.368069e-02,1.801235e-03,2.628638e-03,4.817373e-02,3.380013e-01
3.163231e-02,4.191248e-02,1.807242e-01,1.481972e-02,1.711662e-02,5.172077e-03,2.444374e-04,6.728182e-03,1.813628e-01,3.760424e-02,1.430281e-02,1.868491e-03,2.375491e-03,6.960215e-02,3.945340e-01
3.916956e-02,3.101209e-02,1.703131e-01,1.833233e-02,1.239108e-02,4.391093e-03,2.486732e-04,4.974389e-03,1.859115e-01,4.356081e-02,1.175476e-02,2.045081e-03,2.478343e-03,5.892677e-02,4.144904e-01
3.865451e-02,2.283040e-02,1.402089e-01,1.463021e-02,8.828439e-03,3.391937e-03,3.264374e-04,3.653797e-03,1.932506e-01,6.634367e-02,9.325305e-03,1.898521e-03,1.941533e-03,1.555331e-01,3.391827e-01
4.289279e-02,1.734903e-02,1.036802e-01,1.219751e-02,6.455185e-03,3.049457e-03,3.805112e-04,2.726641e-03,1.809318e-01,8.981068e-02,7.859017e-03,2.323612e-03,1.964098e-03,1.915294e-01,3.368502e-01
3.865331e-02,1.607900e-02,7.887413e-02,2.624350e-02,5.043643e-03,2.716072e-03,4.057341e-04,2.026710e-03,2.937115e-01,9.462805e-02,6.205630e-03,1.936109e-03,1.822787e-03,1.412869e-01,2.903669e-01
1.054157e-01,1.549434e-02,7.176120e-02,3.496285e-02,8.681616e-03,6.273367e-03,1.078904e-03,2.740482e-03,2.743169e-01,8.172636e-02,5.747342e-03,2.132833e-03,2.248807e-03,1.142656e-01,2.731537e-01
2.325486e-01,1.772733e-02,5.337503e-02,6.619379e-02,1.873341e-02,1.233906e-02,2.555550e-03,1.006600e-02,2.182222e-01,5.838748e-02,6.757882e-03,4.795937e-03,4.046387e-03,8.157045e-02,2.126809e-01
2.859040e-01,2.371600e-02,4.646615e-02,1.182529e-01,3.990439e-02,2.267743e-02,2.802639e-03,1.421658e-02,1.719674e-01,4.194593e-02,6.241662e-03,6.013082e-03,4.478311e-03,5.796246e-02,1.574511e-01
2.918140e-01,2.792553e-02,3.697417e-02,1.096354e-01,9.404431e-02,3.060524e-02,3.353629e-03,2.163298e-02,1.701568e-01,3.009076e-02,6.182090e-03,6.369710e-03,5.407681e-03,4.246117e-02,1.233465e-01
3.383507e-01,3.223153e-02,3.506401e-02,1.116276e-01,7.976004e-02,2.805253e-02,3.049690e-03,1.870642e-02,1.526861e-01,2.408152e-02,7.959994e-03,1.048560e-02,7.564277e-03,3.235130e-02,1.180287e-01
3.552437e-01,4.909020e-02,4.288241e-02,1.528477e-01,6.814724e-02,2.680765e-02,4.063104e-03,1.885084e-02,1.173508e-01,1.807233e-02,7.968819e-03,1.313029e-02,8.358208e-03,2.335213e-02,9.383458e-02
3.395187e-01,5.301937e-02,3.964889e-02,1.242792e-01,6.014515e-02,1.321639e-01,3.937420e-03,1.886759e-02,8.810195e-02,1.758596e-02,7.960510e-03,1.328212e-02,9.830551e-03,1.713293e-02,7.452574e-02
3.718839e-01,4.795823e-02,3.302496e-02,9.090652e-02,4.797177e-02,2.042163e-01,3.248044e-03,1.534649e-02,6.390856e-02,2.307539e-02,8.346036e-03,1.092707e-02,8.220905e-03,1.426805e-02,5.669782e-02
4.661819e-01,3.796672e-02,2.579971e-02,7.058513e-02,3.600687e-02,1.855294e-01,2.923110e-03,1.410334e-02,4.871484e-02,2.279500e-02,9.692289e-03,1.078793e-02,8.180365e-03,1.203485e-02,4.869865e-02
1.000000e+00,0.000000e+00,0.000000e+00,0.000000e+00,0.000000e+00,0.000000e+00,0.000000e+00,0.000000e+00,0.000000e+00,0.000000e+00,0.000000e+00,0.000000e+00,0.000000e+00,0.000000e+00,0.000000e+00
1.000000e+00,0.000000e+00,0.000000e+00,0.000000e+00,0.000000e+00,0.000000e+00,0.000000e+00,0.000000e+00,0.000000e+00,0.000000e+00,0.000000e+00,0.000000e+00,0.000000e+00,0.000000e+00,0.000000e+00
1.000000e+00,0.000000e+00,0.000000e+00,0.000000e+00,0.000000e+00,0.000000e+00,0.000000e+00,0.000000e+00,0.000000e+00,0.000000e+00,0.000000e+00,0.000000e+00,0.000000e+00,0.000000e+00,0.000000e+00
4.172951e-01,5.107490e-02,4.102644e-02,1.824916e-01,1.448275e-02,7.343549e-02,2.592100e-03,8.515351e-03,6.767653e-02,3.518051e-02,2.136285e-02,1.025660e-02,1.416827e-02,1.132357e-02,4.911800e-02
4.168723e-01,4.524986e-02,4.729268e-02,1.893068e-01,1.197585e-02,6.079109e-02,2.290053e-03,8.030077e-03,5.667227e-02,3.604783e-02,2.364646e-02,1.887905e-02,1.847575e-02,9.443347e-03,5.502665e-02
3.766267e-01,4.512804e-02,4.549714e-02,1.606541e-01,1.118656e-02,5.079659e-02,2.228501e-03,7.225718e-03,4.859561e-02,3.478324e-02,4.957873e-02,7.953680e-02,2.226185e-02,1.043141e-02,5.546902e-02
3.343686e-01,5.972395e-02,6.200918e-02,1.312596e-01,1.271189e-02,4.330261e-02,2.163243e-03,6.823735e-03,4.460580e-02,5.715871e-02,7.441655e-02,8.851749e-02,2.044184e-02,1.056399e-02,5.193279e-02
2.612786e-01,7.044177e-02,6.056708e-02,9.423289e-02,9.707092e-03,3.536913e-02,2.185935e-03,5.069740e-03,3.744034e-02,6.715082e-02,1.176351e-01,1.712591e-01,1.658219e-02,1.016206e-02,4.091812e-02
1.925339e-01,5.423952e-02,4.359905e-02,6.683996e-02,6.900400e-03,2.633790e-02,1.707237e-03,3.576862e-03,2.754457e-02,4.880827e-02,1.534236e-01,3.238739e-01,1.284769e-02,7.601627e-03,3.016561e-02
1.515430e-01,3.980313e-02,3.170376e-02,4.902541e-02,6.282029e-03,2.540197e-02,1.419764e-03,2.626235e-03,2.149729e-02,3.447306e-02,1.359451e-01,4.608590e-01,1.042251e-02,5.845305e-03,2.315245e-02
1.111329e-01,2.848371e-02,2.235492e-02,3.523520e-02,7.549047e-03,2.073926e-02,1.088709e-03,1.913849e-03,1.725909e-02,2.427853e-02,1.140786e-01,5.862284e-01,8.250205e-03,4.534240e-03,1.687338e-02
7.881618e-02,2.105124e-02,1.582509e-02,2.526371e-02,8.607634e-03,1.575294e-02,8.122404e-04,1.379449e-03,1.535463e-02,1.723695e-02,8.997303e-02,6.878070e-01,6.507939e-03,3.349110e-03,1.226281e-02
5.568585e-02,1.538787e-02,1.135404e-02,1.791945e-02,8.943131e-03,1.216959e-02,6.217912e-04,1.102061e-03,1.236507e-02,1.241051e-02,6.887085e-02,7.663554e-01,5.193090e-03,2.663649e-03,8.957597e-03
3.905588e-02,1.124136e-02,8.291861e-03,1.274186e-02,7.235558e-03,1.077767e-02,4.641354e-04,1.047835e-03,1.077807e-02,9.119296e-03,5.518579e-02,8.205186e-01,4.209081e-03,2.633589e-03,6.699414e-03
2.876945e-02,8.499363e-03,7.438412e-03,9.774130e-03,4.282761e-02,2.254245e-02,4.419012e-03,3.633909e-02,5.443901e-02,6.759642e-03,4.365237e-02,7.238097e-01,3.883727e-03,2.070585e-03,4.775472e-03
2.814809e-02,6.959495e-03,5.987323e-03,8.549592e-03,5.518933e-02,2.919694e-02,5.366898e-03,4.408912e-02,1.750332e-01,5.481112e-03,3.356870e-02,5.923339e-01,4.650359e-03,1.873400e-03,3.572597e-03
2.263936e-02,5.688393e-03,4.535629e-03,6.619051e-03,4.608132e-02,5.400996e-02,4.566931e-03,3.649811e-02,3.030476e-01,4.383418e-03,2.725408e-02,4.755754e-01,4.797236e-03,1.577693e-03,2.725779e-03
1.723342e-02,1.591127e-02,8.811343e-03,1.704954e-02,3.851950e-02,4.943653e-02,3.573857e-03,2.666318e-02,4.127015e-01,1.093687e-02,2.547572e-02,3.583092e-01,7.593451e-03,2.287995e-03,5.496598e-03
1.609969e-02,1.503855e-02,8.356128e-03,1.241342e-02,4.872829e-02,5.392665e-02,3.472049e-03,1.913340e-02,5.070039e-01,8.694489e-03,2.363785e-02,2.666265e-01,7.546959e-03,2.773064e-03,6.549108e-03
1.508671e-02,1.153448e-02,7.298755e-03,1.370860e-02,1.522209e-01,3.906045e-02,4.069387e-03,1.555397e-02,5.148012e-01,6.382469e-03,1.835587e-02,1.886943e-01,6.194343e-03,2.089347e-03,4.949299e-03
2.936425e-02,1.574456e-02,1.025190e-02,1.772229e-02,1.376957e-01,3.821154e-02,3.661267e-03,1.637014e-02,5.330598e-01,6.622924e-03,2.885714e-02,1.383858e-01,1.213712e-02,2.157357e-03,9.758186e-03
6.392533e-02,2.023257e-02,1.350111e-02,2.235685e-02,1.592429e-01,3.541370e-02,3.583458e-03,2.042001e-02,4.932194e-01,5.899435e-03,2.759920e-02,1.027176e-01,1.191838e-02,2.444299e-03,1.752583e-02
1.118426e-01,2.158592e-02,1.744728e-02,2.747541e-02,1.513652e-01,3.312943e-02,3.286731e-03,2.834394e-02,4.488403e-01,8.868145e-03,2.791331e-02,7.709967e-02,1.319991e-02,2.919693e-03,2.668252e-02
1.433887e-01,2.068299e-02,1.420887e-02,2.320658e-02,1.416345e-01,2.936142e-02,3.194454e-03,3.044729e-02,4.612455e-01,7.039373e-03,2.361447e-02,5.893519e-02,1.254278e-02,3.556175e-03,2.694168e-02
1.330139e-01,1.817417e-02,1.065510e-02,1.883963e-02,1.309386e-01,2.332111e-02,2.899623e-03,2.815415e-02,5.363194e-01,5.071405e-03,1.759399e-02,4.248964e-02,9.734285e-03,2.921505e-03,1.987359e-02
1.454671e-01,1.971342e-02,7.923892e-03,1.428878e-02,1.165571e-01,2.361058e-02,2.603530e-03,3.321202e-02,5.634456e-01,3.691469e-03,1.300169e-02,3.121104e-02,8.114973e-03,2.269460e-03,1.488936e-02
1.487339e-01,2.035635e-02,5.940331e-03,1.191532e-02,1.014008e-01,2.608941e-02,2.563441e-03,3.852225e-02,5.882485e-01,2.671591e-03,1.028496e-02,2.292066e-02,7.081905e-03,1.851130e-03,1.141949e-02
1.817835e-01,1.928760e-02,4.487133e-03,9.554801e-03,7.782665e-02,3.152420e-02,2.130717e-03,3.189880e-02,5.943658e-01,2.102186e-03,8.598506e-03,1.865266e-02,6.318605e-03,1.928661e-03,9.540194e-03
1.981090e-01,1.628782e-02,3.483831e-03,7.332749e-03,5.820186e-02,2.731448e-02,1.791024e-03,2.650667e-02,6.229506e-01,1.634040e-03,7.225048e-03,1.489920e-02,5.319107e-03,1.696342e-03,7.248251e-03
1.856750e-01,1.661612e-02,7.026784e-03,7.448143e-03,4.512698e-02,5.874126e-02,1.589782e-03,2.207685e-02,5.079749e-01,1.797677e-03,1.045155e-01,1.894656e-02,4.836724e-03,9.592133e-03,8.035654e-03
3.039438e-01,1.689321e-02,7.184252e-03,7.519125e-03,3.452142e-02,5.343855e-02,1.633706e-03,1.848367e-02,4.076108e-01,2.271496e-03,1.012293e-01,2.107746e-02,4.997566e-03,1.136810e-02,7.827700e-03
4.071169e-01,1.781195e-02,7.128234e-03,9.204261e-03,2.665385e-02,4.175337e-02,1.503042e-03,1.459961e-02,2.958684e-01,2.563257e-03,1.304284e-01,1.974040e-02,4.865525e-03,1.145662e-02,9.306222e-03
3.855384e-01,1.438729e-02,6.286962e-03,9.701309e-03,1.924664e-02,3.425526e-02,1.409498e-03,1.100966e-02,2.079112e-01,1.938870e-03,2.650976e-01,2.199004e-02,4.024452e-03,9.504324e-03,7.698487e-03
3.496163e-01,1.153100e-02,5.431808e-03,9.188803e-03,1.437836e-02,3.167051e-02,1.483114e-03,8.040672e-03,1.462285e-01,1.627143e-03,3.713511e-01,3.060681e-02,4.081716e-03,8.013620e-03,6.750570e-03
3.767010e-01,1.099408e-02,5.849313e-03,1.037751e-02,1.116394e-02,4.067892e-02,1.621392e-03,6.098812e-03,1.029337e-01,1.393462e-03,3.767978e-01,3.616090e-02,4.538457e-03,7.411601e-03,7.279146e-03
4.195938e-01,1.126414e-02,4.974727e-03,1.639276e-02,1.074713e-02,3.961631e-02,1.376819e-03,4.569214e-03,7.327904e-02,1.575493e-03,3.374905e-01,5.839285e-02,4.044513e-03,7.447365e-03,9.235320e-03
4.385004e-01,1.237192e-02,4.114568e-03,1.803921e-02,1.185501e-02,3.788048e-02,1.172343e-03,3.504159e-03,5.225487e-02,1.750011e-03,3.199194e-01,7.430505e-02,3.845687e-03,9.735062e-03,1.075186e-02
4.558231e-01,2.489762e-02,4.676771e-03,2.087332e-02,1.118508e-02,3.571881e-02,1.119391e-03,2.813135e-03,3.759091e-02,2.235153e-03,2.914257e-01,7.779341e-02,3.757189e-03,9.546082e-03,2.054428e-02
4.358701e-01,3.159146e-02,5.493678e-03,2.362482e-02,1.957504e-02,3.427268e-02,2.221795e-03,3.223442e-03,2.846318e-02,3.076300e-03,2.842664e-01,9.001848e-02,3.657734e-03,8.507060e-03,2.613772e-02
4.133236e-01,2.743782e-02,1.145338e-02,2.145593e-02,4.124917e-02,4.299881e-02,9.774676e-03,8.933548e-03,2.136201e-02,4.121187e-03,2.425715e-01,1.213481e-01,3.589735e-03,7.952287e-03,2.242822e-02
3.738158e-01,2.123298e-02,1.799569e-02,1.825330e-02,4.633573e-02,4.541625e-02,9.142503e-03,1.576209e-02,1.580657e-02,3.408627e-03,1.991030e-01,2.062343e-01,2.937481e-03,7.659652e-03,1.689601e-02
2.947804e-01,1.667210e-02,1.404019e-02,1.381914e-02,6.599843e-02,3.791342e-02,9.420970e-03,1.649527e-02,1.248802e-02,3.038854e-03,1.934988e-01,2.994685e-01,2.578179e-03,7.363396e-03,1.242435e-02
2.492663e-01,1.456953e-02,3.074792e-02,1.449812e-02,5.646548e-02,4.276907e-02,1.060418e-02,1.838247e-02,1.012347e-02,3.229140e-03,1.946477e-01,3.353174e-01,2.518021e-03,5.904206e-03,1.095703e-02
1.849963e-01,1.628434e-02,6.802499e-02,1.213034e-02,9.296121e-02,4.807382e-02,1.416832e-02,1.975829e-02,1.406955e-02,1.085684e-02,1.713640e-01,3.241007e-01,3.916106e-03,7.778564e-03,1.151667e-02
1.447561e-01,1.731016e-02,8.858439e-02,1.226268e-02,1.017271e-01,6.671593e-02,1.845135e-02,2.642866e-02,2.864640e-02,1.723351e-02,1.697910e-01,2.787954e-01,8.568262e-03,9.897153e-03,1.083198e-02
1.362410e-01,2.635420e-02,6.993066e-02,3.126078e-02,9.393735e-02,5.071827e-02,1.408710e-02,5.869452e-02,1.260858e-01,1.481219e-02,1.337549e-01,2.168626e-01,7.607013e-03,8.708049e-03,1.094558e-02
1.502302e-01,3.251502e-02,7.895845e-02,3.387345e-02,8.609892e-02,4.281399e-02,1.310981e-02,7.554512e-02,1.609867e-01,1.279081e-02,1.109960e-01,1.765019e-01,8.106566e-03,7.395826e-03,1.007727e-02
1.823595e-01,4.290099e-02,9.409404e-02,4.002231e-02,7.437406e-02,3.650213e-02,2.261805e-02,7.948532e-02,1.403195e-01,1.264162e-02,1.011866e-01,1.449625e-01,9.757312e-03,7.527428e-03,1.124873e-02
2.222515e-01,4.422449e-02,9.698777e-02,3.096808e-02,5.570569e-02,3.480691e-02,4.822782e-02,1.247787e-01,1.085977e-01,1.155437e-02,8.371738e-02,1.057250e-01,1.124225e-02,9.035042e-03,1.217727e-02
2.766344e-01,3.656765e-02,7.755516e-02,2.445564e-02,4.517069e-02,2.897582e-02,4.457222e-02,2.015230e-01,8.581891e-02,8.749814e-03,6.280101e-02,7.776786e-02,1.003461e-02,8.309842e-03,1.106335e-02
2.801880e-01,2.843644e-02,6.066260e-02,1.879703e-02,3.868291e-02,2.361095e-02,4.339020e-02,3.017184e-01,6.982630e-02,8.216841e-03,4.497284e-02,5.642180e-02,8.528770e-03,7.457703e-03,9.089168e-03
3.388954e-01,2.364740e-02,4.672663e-02,1.497084e-02,3.481192e-02,2.063949e-02,4.504114e-02,3.075770e-01,6.084665e-02,7.893278e-03,3.271745e-02,4.280151e-02,8.167094e-03,6.125114e-03,9.139105e-03
3.786528e-01,2.024232e-02,3.468108e-02,1.250277e-02,3.155255e-02,1.876515e-02,3.774185e-02,2.991110e-01,8.044511e-02,7.327879e-03,2.371590e-02,3.291010e-02,7.122976e-03,4.771439e-03,1.045716e-02
3.891241e-01,1.774743e-02,2.688995e-02,1.082863e-02,2.952141e-02,1.799661e-02,3.102615e-02,3.096666e-01,9.332624e-02,7.281689e-03,1.757784e-02,2.801995e-02,6.351570e-03,3.973728e-03,1.066813e-02
4.057966e-01,1.613370e-02,2.173578e-02,1.054443e-02,2.840718e-02,2.014293e-02,2.952404e-02,3.247339e-01,7.651756e-02,5.952699e-03,1.338918e-02,2.560210e-02,6.421193e-03,3.537062e-03,1.156167e-02
3.862465e-01,1.543978e-02,1.813913e-02,1.003595e-02,2.458597e-02,2.768741e-02,2.932085e-02,3.663499e-01,6.343672e-02,4.644857e-03,1.010245e-02,2.309988e-02,6.497869e-03,2.982514e-03,1.143022e-02
3.727156e-01,1.494382e-02,1.559221e-02,1.142457e-02,2.676550e-02,2.887490e-02,2.592087e-02,3.880228e-01,5.847461e-02,3.699033e-03,8.293731e-03,2.411954e-02,7.072695e-03,2.835392e-03,1.124478e-02
3.575364e-01,1.262237e-02,1.259797e-02,1.134364e-02,2.757015e-02,2.334884e-02,2.027210e-02,4.217954e-01,4.439120e-02,5.678630e-03,1.162105e-02,2.909441e-02,9.079531e-03,3.175084e-03,9.873368e-03
2.567620e-01,9.674244e-03,9.069316e-03,9.837659e-03,2.284172e-02,1.745835e-02,1.567891e-02,3.130042e-01,3.403458e-02,1.636263e-01,1.678291e-02,8.354357e-02,2.459709e-02,1.306264e-02,1.002669e-02
2.077049e-01,7.364865e-03,6.577298e-03,8.700230e-03,1.803548e-02,1.419155e-02,2.139775e-02,2.319691e-01,3.184367e-02,1.419048e-01,2.800310e-02,1.915942e-01,3.472907e-02,4.716256e-02,8.821421e-03
1.477304e-01,5.506279e-03,4.747720e-03,7.472119e-03,1.386218e-02,1.129644e-02,1.895490e-02,1.634158e-01,2.522377e-02,1.191838e-01,6.215785e-02,3.392872e-01,2.761173e-02,4.624588e-02,7.304003e-03
1.073492e-01,4.158557e-03,3.464729e-03,6.257190e-03,1.080122e-02,9.263393e-03,1.994998e-02,1.153258e-01,2.020670e-02,9.163881e-02,7.692066e-02,4.700171e-01,2.107130e-02,3.744249e-02,6.132878e-03
7.546278e-02,3.043959e-03,2.495245e-03,4.821068e-03,9.654758e-03,6.792965e-03,1.433449e-02,8.079367e-02,1.475261e-02,7.258096e-02,7.363693e-02,5.906574e-01,1.616296e-02,3.015966e-02,4.650639e-03
5.338568e-02,4.303362e-03,2.023557e-03,3.441409e-03,1.158520e-02,5.619356e-03,1.032191e-02,5.670447e-02,1.080510e-02,5.466168e-02,8.858262e-02,6.529452e-01,1.373421e-02,2.838795e-02,3.498435e-03
3.875225e-02,8.684879e-03,2.229879e-03,2.486542e-03,1.361004e-02,7.156505e-03,8.202718e-03,4.049410e-02,7.960358e-03,3.897002e-02,1.195504e-01,6.724715e-01,1.068957e-02,2.622222e-02,2.519057e-03
2.883437e-02,1.923375e-02,2.603577e-03,1.852336e-03,1.320002e-02,1.093287e-02,6.552566e-03,2.892892e-02,5.677703e-03,2.754475e-02,1.026257e-01,7.226927e-01,7.944897e-03,1.950856e-02,1.867365e-03
2.298841e-02,2.807810e-02,2.694277e-03,1.553152e-03,1.423357e-02,1.215782e-02,4.923777e-03,2.101049e-02,4.202941e-03,1.946041e-02,8.024178e-02,7.670916e-01,5.725709e-03,1.418565e-02,1.452328e-03
1.934876e-02,8.723733e-02,4.657996e-03,1.556801e-03,1.874881e-02,9.763876e-03,3.611462e-03,1.532277e-02,3.364969e-03,1.388202e-02,6.415826e-02,7.417881e-01,4.182430e-03,1.112046e-02,1.255917e-03
2.187825e-02,6.660863e-02,7.166847e-03,1.792946e-03,2.173140e-02,9.436254e-03,3.042843e-03,1.143057e-02,3.463326e-03,1.047132e-02,6.705511e-02,7.617005e-01,3.161030e-03,9.865229e-03,1.195770e-03
2.598914e-02,5.176347e-02,1.797050e-02,2.601566e-03,2.022460e-02,9.579137e-03,2.680067e-03,9.133721e-03,5.408799e-03,7.889085e-03,8.949226e-02,7.450344e-01,2.353991e-03,8.526959e-03,1.352341e-03
3.092218e-02,3.760943e-02,1.765982e-02,2.384102e-03,1.552968e-02,8.797012e-03,2.335688e-03,7.816942e-03,1.003581e-02,6.074965e-03,1.862085e-01,6.626574e-01,1.800336e-03,8.917423e-03,1.250760e-03
2.732741e-02,2.666079e-02,1.300069e-02,1.837213e-03,1.114716e-02,6.486648e-03,1.697511e-03,5.695282e-03,2.041874e-02,4.463844e-03,3.625649e-01,5.071548e-01,1.304495e-03,9.224750e-03,1.015787e-03
2.280608e-02,1.895519e-02,9.941746e-03,1.501257e-03,8.021247e-03,5.077081e-03,1.241133e-03,4.373746e-03,1.786360e-02,3.334819e-03,5.303400e-01,3.656111e-01,9.407231e-04,9.093693e-03,8.986290e-04
2.226939e-02,1.372542e-02,9.048840e-03,1.802945e-03,7.105788e-03,6.256555e-03,1.137825e-03,7.562958e-03,2.062091e-02,3.000946e-03,6.245590e-01,2.735930e-01,8.301022e-04,7.535892e-03,9.504417e-04
2.466856e-02,1.025619e-02,1.131098e-02,2.863528e-03,7.368160e-03,1.053270e-02,1.135442e-03,1.107855e-02,3.469140e-02,3.215543e-03,6.509097e-01,2.240475e-01,1.122543e-03,5.634806e-03,1.164369e-03
2.277127e-02,7.919488e-03,1.060704e-02,6.643037e-03,1.243464e-02,9.615704e-03,8.767738e-04,2.140052e-02,9.831065e-02,6.755307e-03,6.273571e-01,1.680345e-01,1.131232e-03,4.890182e-03,1.252610e-03
3.270654e-02,6.818753e-03,9.754894e-03,6.314082e-03,1.495692e-02,9.156983e-03,8.198802e-04,1.810607e-02,1.237985e-01,1.156480e-02,6.251118e-01,1.310498e-01,1.403788e-03,6.267186e-03,2.170122e-03
3.838444e-02,1.014089e-02,8.197423e-03,5.905251e-03,1.649129e-02,8.378960e-03,6.444427e-04,1.455772e-02,1.381542e-01,2.886855e-02,5.791336e-01,1.070003e-01,2.070003e-03,3.661884e-02,5.454121e-03
2.939269e-02,9.494724e-03,6.201305e-03,4.405347e-03,1.505842e-02,6.964060e-03,4.686184e-04,1.103682e-02,1.666533e-01,2.673985e-02,4.758335e-01,7.701955e-02,2.047386e-03,1.617289e-01,6.955652e-03
2.754912e-02,8.194212e-03,4.810737e-03,3.531204e-03,1.510560e-02,5.421305e-03,3.482877e-04,9.081070e-03,2.120033e-01,2.132910e-02,3.969183e-01,5.504170e-02,2.163824e-03,2.300545e-01,8.447848e-03
2.756603e-02,1.418331e-02,4.133894e-03,2.868333e-03,1.133855e-02,7.672474e-03,2.855900e-04,6.954023e-03,2.397825e-01,1.588866e-02,3.447846e-01,3.924853e-02,1.897566e-03,2.686817e-01,1.471419e-02
2.670493e-02,1.770112e-02,5.518760e-03,4.205125e-03,9.232244e-03,7.540681e-03,2.784867e-04,6.442200e-03,3.141693e-01,1.684079e-02,2.649142e-01,2.834449e-02,2.251943e-03,2.290429e-01,6.681280e-02
5.166563e-02,2.420421e-02,9.930938e-03,4.981199e-03,2.118139e-02,8.455867e-03,3.760627e-04,8.089909e-03,3.105770e-01,1.827113e-02,2.301928e-01,2.144826e-02,2.856432e-03,2.188823e-01,6.888692e-02
6.678124e-02,2.592175e-02,1.287429e-02,9.938808e-03,5.793920e-02,9.946826e-03,9.735223e-04,2.057223e-02,3.172365e-01,1.686754e-02,1.860266e-01,1.625316e-02,2.966088e-03,2.018651e-01,5.383719e-02
8.780086e-02,3.292789e-02,1.293979e-02,1.136267e-02,8.907557e-02,1.937394e-02,1.170518e-03,2.023189e-02,2.613853e-01,1.569315e-02,1.714191e-01,1.199984e-02,3.042337e-03,2.138381e-01,4.773907e-02
8.161634e-02,4.901832e-02,1.274179e-02,9.611633e-02,1.573291e-01,1.767226e-02,1.736213e-03,1.799956e-02,1.977115e-01,1.187902e-02,1.232966e-01,1.043443e-02,4.098867e-03,1.571723e-01,6.117748e-02
1.420920e-01,4.750155e-02,1.019694e-02,8.442101e-02,1.574429e-01,1.628152e-02,1.706130e-03,2.038069e-02,1.814313e-01,1.193266e-02,8.958729e-02,1.242520e-02,6.368102e-03,1.246410e-01,9.359170e-02
1.631946e-01,5.835751e-02,8.632624e-03,1.755328e-01,1.196970e-01,1.525342e-02,2.100159e-03,1.811869e-02,1.614832e-01,9.052415e-03,6.630008e-02,1.739673e-02,8.726876e-03,8.823063e-02,8.792337e-02
2.943385e-01,4.727368e-02,1.124318e-02,1.406328e-01,1.081678e-01,1.605652e-02,2.187463e-03,1.700103e-02,1.412264e-01,6.757652e-03,5.029385e-02,1.933042e-02,1.075688e-02,6.510999e-02,6.962376e-02
3.554643e-01,4.081383e-02,1.070460e-02,1.320066e-01,1.010256e-01,1.650214e-02,2.661341e-03,4.871801e-02,1.132815e-01,5.309606e-03,3.915314e-02,2.028261e-02,1.321695e-02,4.688713e-02,5.397265e-02
4.099384e-01,3.450596e-02,1.364068e-02,1.054495e-01,7.587004e-02,1.735984e-02,3.750768e-03,1.088916e-01,8.680310e-02,4.373243e-03,2.989654e-02,1.877099e-02,1.335719e-02,3.400073e-02,4.339149e-02
4.652758e-01,2.839091e-02,1.328547e-02,7.943515e-02,5.938522e-02,1.706075e-02,4.584069e-03,1.580920e-01,6.297329e-02,3.565777e-03,2.218265e-02,1.546969e-02,1.248445e-02,2.485226e-02,3.296246e-02
3.676990e-01,2.067659e-02,1.146304e-02,5.762059e-02,4.239559e-02,1.484565e-02,4.469302e-03,3.544213e-01,4.456041e-02,2.622361e-03,1.592581e-02,1.223108e-02,9.726904e-03,1.761696e-02,2.372540e-02
3.384398e-01,1.496691e-02,8.621708e-03,4.115087e-02,3.122815e-02,1.261613e-02,3.589625e-03,4.574787e-01,3.164286e-02,1.915234e-03,1.149353e-02,1.003414e-02,7.465699e-03,1.247353e-02,1.688300e-02
2.894081e-01,1.060886e-02,6.569399e-03,2.942688e-02,2.242741e-02,1.003483e-02,2.724344e-03,5.631322e-01,2.229570e-02,1.365378e-03,8.234058e-03,7.603656e-03,5.489632e-03,8.785067e-03,1.189442e-02
2.114810e-01,7.713502e-03,4.888236e-03,3.114156e-02,1.614944e-02,7.431563e-03,1.947258e-03,5.466823e-01,1.601546e-02,1.389546e-03,4.308138e-02,7.083171e-02,2.186631e-02,1.085017e-02,8.530530e-03
1.529348e-01,5.618507e-03,3.488956e-03,2.629316e-02,1.141125e-02,5.594185e-03,1.382839e-03,4.216927e-01,1.250720e-02,1.587287e-03,6.203882e-02,1.722272e-01,1.047650e-01,1.233852e-02,6.119461e-03
1.090454e-01,4.021727e-03,2.478363e-03,1.964275e-02,8.156785e-03,4.050290e-03,9.924063e-04,2.979924e-01,1.252181e-02,3.610997e-03,7.903570e-02,2.887351e-01,1.552082e-01,1.012355e-02,4.384460e-03
8.188152e-02,2.981235e-03,1.771063e-03,1.405559e-02,5.867761e-03,3.402856e-03,7.324487e-04,2.098039e-01,2.651658e-02,3.536583e-03,8.106936e-02,3.739246e-01,1.833472e-01,7.865292e-03,3.243993e-03
9.717147e-02,2.773496e-03,1.457288e-03,1.071457e-02,4.629893e-03,6.079866e-03,9.473227e-04,1.519446e-01,5.280850e-02,2.863244e-03,6.993368e-02,4.212788e-01,1.682626e-01,6.570145e-03,2.564490e-03
1.447608e-01,3.775005e-03,1.806369e-03,7.985404e-03,8.130671e-03,6.724304e-03,1.942217e-03,1.111944e-01,5.182806e-02,4.389617e-03,5.465117e-02,4.543819e-01,1.388180e-01,7.086731e-03,2.525288e-03
2.561368e-01,5.796580e-03,2.114297e-03,6.135944e-03,1.002283e-02,1.035342e-02,2.574445e-03,8.779464e-02,6.577790e-02,4.176674e-03,4.606450e-02,3.843804e-01,1.089628e-01,7.319119e-03,2.389588e-03
3.365155e-01,8.071728e-03,2.281297e-03,5.400406e-03,1.233107e-02,1.707105e-02,2.448230e-03,6.607994e-02,5.434082e-02,4.576473e-03,4.177177e-02,3.608352e-01,7.954825e-02,6.144147e-03,2.584066e-03
3.949040e-01,7.993664e-03,2.563536e-03,7.166749e-03,1.815921e-02,2.696651e-02,4.365170e-03,4.900268e-02,4.527336e-02,4.020607e-03,3.590865e-02,3.389079e-01,5.697376e-02,4.867830e-03,2.926402e-03
4.606893e-01,6.905423e-03,3.317761e-03,7.010031e-03,3.965326e-02,4.578505e-02,5.927607e-03,3.872424e-02,3.465587e-02,3.247413e-03,3.325674e-02,2.736739e-01,4.088579e-02,3.719131e-03,2.548531e-03
4.318939e-01,7.372505e-03,3.518027e-03,6.393861e-03,4.573318e-02,4.429910e-02,4.853839e-03,2.806684e-02,2.746460e-02,3.372670e-03,3.277574e-02,3.274338e-01,3.073532e-02,3.307726e-03,2.778814e-03
4.646030e-01,8.005058e-03,4.476692e-03,5.448568e-03,5.698232e-02,4.225796e-02,4.655745e-03,2.364096e-02,2.937338e-02,3.507723e-03,2.588953e-02,3.007261e-01,2.507426e-02,2.987802e-03,2.370898e-03
4.689225e-01,7.069862e-03,3.720302e-03,4.388773e-03,6.078368e-02,3.697589e-02,4.196549e-03,2.060079e-02,3.348396e-02,4.117403e-03,2.276603e-02,3.056826e-01,2.231265e-02,3.048567e-03,1.930463e-03
4.058190e-01,5.668133e-03,2.782490e-03,3.737367e-03,5.906957e-02,2.834553e-02,3.447330e-03,1.559493e-02,3.806099e-02,4.514619e-03,2.080614e-02,3.847299e-01,2.282318e-02,2.985605e-03,1.615257e-03
3.815422e-01,4.742405e-03,2.174303e-03,3.662219e-03,6.642815e-02,2.655668e-02,3.570809e-03,1.251370e-02,4.379249e-02,4.417217e-03,1.889071e-02,4.039067e-01,2.356049e-02,2.765786e-03,1.476162e-03
3.572280e-01,4.556995e-03,1.829103e-03,3.317935e-03,6.864278e-02,2.160223e-02,4.036583e-03,1.066014e-02,1.062674e-01,4.159410e-03,1.520555e-02,3.783974e-01,2.026016e-02,2.316671e-03,1.519608e-03
3.597315e-01,4.722008e-03,1.701385e-03,4.305479e-03,6.345993e-02,2.005068e-02,4.051290e-03,1.001999e-02,1.203386e-01,4.193760e-03,1.306531e-02,3.684686e-01,2.108562e-02,2.142439e-03,2.663450e-03
