1.000000e+00,0.000000e+00,0.000000e+00,0.000000e+00,0.000000e+00,0.000000e+00,0.000000e+00,0.000000e+00,0.000000e+00,0.000000e+00,0.000000e+00,0.000000e+00,0.000000e+00,0.000000e+00,0.000000e+00
1.000000e+00,0.000000e+00,0.000000e+00,0.000000e+00,0.000000e+00,0.000000e+00,0.000000e+00,0.000000e+00,0.000000e+00,0.000000e+00,0.000000e+00,0.000000e+00,0.000000e+00,0.000000e+00,0.000000e+00
1.000000e+00,0.000000e+00,0.000000e+00,0.000000e+00,0.000000e+00,0.000000e+00,0.000000e+00,0.000000e+00,0.000000e+00,0.000000e+00,0.000000e+00,0.000000e+00,0.000000e+00,0.000000e+00,0.000000e+00
1.000000e+00,0.000000e+00,0.000000e+00,0.000000e+00,0.000000e+00,0.000000e+00,0.000000e+00,0.000000e+00,0.000000e+00,0.000000e+00,0.000000e+00,0.000000e+00,0.000000e+00,0.000000e+00,0.000000e+00
1.000000e+00,0.000000e+00,0.000000e+00,0.000000e+00,0.000000e+00,0.000000e+00,0.000000e+00,0.000000e+00,0.000000e+00,0.000000e+00,0.000000e+00,0.000000e+00,0.000000e+00,0.000000e+00,0.000000e+00
1.000000e+00,0.000000e+00,0.000000e+00,0.000000e+00,0.000000e+00,0.000000e+00,0.000000e+00,0.000000e+00,0.000000e+00,0.000000e+00,0.000000e+00,0.000000e+00,0.000000e+00,0.000000e+00,0.000000e+00
1.000000e+00,0.000000e+00,0.000000e+00,0.000000e+00,0.000000e+00,0.000000e+00,0.000000e+00,0.000000e+00,0.000000e+00,0.000000e+00,0.000000e+00,0.000000e+00,0.000000e+00,0.000000e+00,0.000000e+00
1.000000e+00,0.000000e+00,0.000000e+00,0.000000e+00,0.000000e+00,0.000000e+00,0.000000e+00,0.000000e+00,0.000000e+00,0.000000e+00,0.000000e+00,0.000000e+00,0.000000e+00,0.000000e+00,0.000000e+00
1.000000e+00,0.000000e+00,0.000000e+00,0.000000e+00,0.000000e+00,0.000000e+00,0.000000e+00,0.000000e+00,0.000000e+00,0.000000e+00,0.000000e+00,0.000000e+00,0.000000e+00,0.000000e+00,0.000000e+00
1.000000e+00,0.000000e+00,0.000000e+00,0.000000e+00,0.000000e+00,0.000000e+00,0.000000e+00,0.000000e+00,0.000000e+00,0.000000e+00,0.000000e+00,0.000000e+00,0.000000e+00,0.000000e+00,0.000000e+00
1.000000e+00,0.000000e+00,0.000000e+00,0.000000e+00,0.000000e+00,0.000000e+00,0.000000e+00,0.000000e+00,0.000000e+00,0.000000e+00,0.000000e+00,0.000000e+00,0.000000e+00,0.000000e+00,0.000000e+00
1.000000e+00,0.000000e+00,0.000000e+00,0.000000e+00,0.000000e+00,0.000000e+00,0.000000e+00,0.000000e+00,0.000000e+00,0.000000e+00,0.000000e+00,0.000000e+00,0.000000e+00,0.000000e+00,0.000000e+00
1.000000e+00,0.000000e+00,0.000000e+00,0.000000e+00,0.000000e+00,0.000000e+00,0.000000e+00,0.000000e+00,0.000000e+00,0.000000e+00,0.000000e+00,0.000000e+00,0.000000e+00,0.000000e+00,0.000000e+00
1.000000e+00,0.000000e+00,0.000000e+00,0.000000e+00,0.000000e+00,0.000000e+00,0.000000e+00,0.000000e+00,0.000000e+00,0.000000e+00,0.000000e+00,0.000000e+00,0.000000e+00,0.000000e+00,0.000000e+00
1.000000e+00,0.000000e+00,0.000000e+00,0.000000e+00,0.000000e+00,0.000000e+00,0.000000e+00,0.000000e+00,0.000000e+00,0.000000e+00,0.000000e+00,0.000000e+00,0.000000e+00,0.000000e+00,0.000000e+00
1.000000e+00,0.000000e+00,0.000000e+00,0.000000e+00,0.000000e+00,0.000000e+00,0.000000e+00,0.000000e+00,0.000000e+00,0.000000e+00,0.000000e+00,0.000000e+00,0.000000e+00,0.000000e+00,0.000000e+00
1.000000e+00,0.000000e+00,0.000000e+00,0.000000e+00,0.000000e+00,0.000000e+00,0.000000e+00,0.000000e+00,0.000000e+00,0.000000e+00,0.000000e+00,0.000000e+00,0.000000e+00,0.000000e+00,0.000000e+00
1.000000e+00,0.000000e+00,0.000000e+00,0.000000e+00,0.000000e+00,0.000000e+00,0.000000e+00,0.000000e+00,0.000000e+00,0.000000e+00,0.000000e+00,0.000000e+00,0.000000e+00,0.000000e+00,0.000000e+00
1.000000e+00,0.000000e+00,0.000000e+00,0.000000e+00,0.000000e+00,0.000000e+00,0.000000e+00,0.000000e+00,0.000000e+00,0.000000e+00,0.000000e+00,0.000000e+00,0.000000e+00,0.000000e+00,0.000000e+00
1.000000e+00,0.000000e+00,0.000000e+00,0.000000e+00,0.000000e+00,0.000000e+00,0.000000e+00,0.000000e+00,0.000000e+00,0.000000e+00,0.000000e+00,0.000000e+00,0.000000e+00,0.000000e+00,0.000000e+00
1.000000e+00,0.000000e+00,0.000000e+00,0.000000e+00,0.000000e+00,0.000000e+00,0.000000e+00,0.000000e+00,0.000000e+00,0.000000e+00,0.000000e+00,0.000000e+00,0.000000e+00,0.000000e+00,0.000000e+00
1.000000e+00,0.000000e+00,0.000000e+00,0.000000e+00,0.000000e+00,0.000000e+00,0.000000e+00,0.000000e+00,0.000000e+00,0.000000e+00,0.000000e+00,0.000000e+00,0.000000e+00,0.000000e+00,0.000000e+00
1.000000e+00,0.000000e+00,0.000000e+00,0.000000e+00,0.000000e+00,0.000000e+00,0.000000e+00,0.000000e+00,0.000000e+00,0.000000e+00,0.000000e+00,0.000000e+00,0.000000e+00,0.000000e+00,0.000000e+00
1.000000e+00,0.000000e+00,0.000000e+00,0.000000e+00,0.000000e+00,0.000000e+00,0.000000e+00,0.000000e+00,0.000000e+00,0.000000e+00,0.000000e+00,0.000000e+00,0.000000e+00,0.000000e+00,0.000000e+00
1.000000e+00,0.000000e+00,0.000000e+00,0.000000e+00,0.000000e+00,0.000000e+00,0.000000e+00,0.000000e+00,0.000000e+00,0.000000e+00,0.000000e+00,0.000000e+00,0.000000e+00,0.000000e+00,0.000000e+00
1.000000e+00,0.000000e+00,0.000000e+00,0.000000e+00,0.000000e+00,0.000000e+00,0.000000e+00,0.000000e+00,0.000000e+00,0.000000e+00,0.000000e+00,0.000000e+00,0.000000e+00,0.000000e+00,0.000000e+00
1.000000e+00,0.000000e+00,0.000000e+00,0.000000e+00,0.000000e+00,0.000000e+00,0.000000e+00,0.000000e+00,0.000000e+00,0.000000e+00,0.000000e+00,0.000000e+00,0.000000e+00,0.000000e+00,0.000000e+00
1.000000e+00,0.000000e+00,0.000000e+00,0.000000e+00,0.000000e+00,0.000000e+00,0.000000e+00,0.000000e+00,0.000000e+00,0.000000e+00,0.000000e+00,0.000000e+00,0.000000e+00,0.000000e+00,0.000000e+00
1.000000e+00,0.000000e+00,0.000000e+00,0.000000e+00,0.000000e+00,0.000000e+00,0.000000e+00,0.000000e+00,0.000000e+00,0.000000e+00,0.000000e+00,0.000000e+00,0.000000e+00,0.000000e+00,0.000000e+00
1.000000e+00,0.000000e+00,0.000000e+00,0.000000e+00,0.000000e+00,0.000000e+00,0.000000e+00,0.000000e+00,0.000000e+00,0.000000e+00,0.000000e+00,0.000000e+00,0.000000e+00,0.000000e+00,0.000000e+00
1.000000e+00,0.000000e+00,0.000000e+00,0.000000e+00,0.000000e+00,0.000000e+00,0.000000e+00,0.000000e+00,0.000000e+00,0.000000e+00,0.000000e+00,0.000000e+00,0.000000e+00,0.000000e+00,0.000000e+00
1.000000e+00,0.000000e+00,0.000000e+00,0.000000e+00,0.000000e+00,0.000000e+00,0.000000e+00,0.000000e+00,0.000000e+00,0.000000e+00,0.000000e+00,0.000000e+00,0.000000e+00,0.000000e+00,0.000000e+00
1.000000e+00,0.000000e+00,0.000000e+00,0.000000e+00,0.000000e+00,0.000000e+00,0.000000e+00,0.000000e+00,0.000000e+00,0.000000e+00,0.000000e+00,0.000000e+00,0.000000e+00,0.000000e+00,0.000000e+00
1.000000e+00,0.000000e+00,0.000000e+00,0.000000e+00,0.000000e+00,0.000000e+00,0.000000e+00,0.000000e+00,0.000000e+00,0.000000e+00,0.000000e+00,0.000000e+00,0.000000e+00,0.000000e+00,0.000000e+00
1.000000e+00,0.000000e+00,0.000000e+00,0.000000e+00,0.000000e+00,0.000000e+00,0.000000e+00,0.000000e+00,0.000000e+00,0.000000e+00,0.000000e+00,0.000000e+00,0.000000e+00,0.000000e+00,0.000000e+00
1.000000e+00,0.000000e+00,0.000000e+00,0.000000e+00,0.000000e+00,0.000000e+00,0.000000e+00,0.000000e+00,0.000000e+00,0.000000e+00,0.000000e+00,0.000000e+00,0.000000e+00,0.000000e+00,0.000000e+00
1.000000e+00,0.000000e+00,0.000000e+00,0.000000e+00,0.000000e+00,0.000000e+00,0.000000e+00,0.000000e+00,0.000000e+00,0.000000e+00,0.000000e+00,0.000000e+00,0.000000e+00,0.000000e+00,0.000000e+00
1.000000e+00,0.000000e+00,0.000000e+00,0.000000e+00,0.000000e+00,0.000000e+00,0.000000e+00,0.000000e+00,0.000000e+00,0.000000e+00,0.000000e+00,0.000000e+00,0.000000e+00,0.000000e+00,0.000000e+00
1.000000e+00,0.000000e+00,0.000000e+00,0.000000e+00,0.000000e+00,0.000000e+00,0.000000e+00,0.000000e+00,0.000000e+00,0.000000e+00,0.000000e+00,0.000000e+00,0.000000e+00,0.000000e+00,0.000000e+00
1.000000e+00,0.000000e+00,0.000000e+00,0.000000e+00,0.000000e+00,0.000000e+00,0.000000e+00,0.000000e+00,0.000000e+00,0.000000e+00,0.000000e+00,0.000000e+00,0.000000e+00,0.000000e+00,0.000000e+00
1.000000e+00,0.000000e+00,0.000000e+00,0.000000e+00,0.000000e+00,0.000000e+00,0.000000e+00,0.000000e+00,0.000000e+00,0.000000e+00,0.000000e+00,0.000000e+00,0.000000e+00,0.000000e+00,0.000000e+00
1.000000e+00,0.000000e+00,0.000000e+00,0.000000e+00,0.000000e+00,0.000000e+00,0.000000e+00,0.000000e+00,0.000000e+00,0.000000e+00,0.000000e+00,0.000000e+00,0.000000e+00,0.000000e+00,0.000000e+00
1.000000e+00,0.000000e+00,0.000000e+00,0.000000e+00,0.000000e+00,0.000000e+00,0.000000e+00,0.000000e+00,0.000000e+00,0.000000e+00,0.000000e+00,0.000000e+00,0.000000e+00,0.000000e+00,0.000000e+00
1.000000e+00,0.000000e+00,0.000000e+00,0.000000e+00,0.000000e+00,0.000000e+00,0.000000e+00,0.000000e+00,0.000000e+00,0.000000e+00,0.000000e+00,0.000000e+00,0.000000e+00,0.000000e+00,0.000000e+00
1.000000e+00,0.000000e+00,0.000000e+00,0.000000e+00,0.000000e+00,0.000000e+00,0.000000e+00,0.000000e+00,0.000000e+00,0.000000e+00,0.000000e+00,0.000000e+00,0.000000e+00,0.000000e+00,0.000000e+00
1.000000e+00,0.000000e+00,0.000000e+00,0.000000e+00,0.000000e+00,0.000000e+00,0.000000e+00,0.000000e+00,0.000000e+00,0.000000e+00,0.000000e+00,0.000000e+00,0.000000e+00,0.000000e+00,0.000000e+00
1.000000e+00,0.000000e+00,0.000000e+00,0.000000e+00,0.000000e+00,0.000000e+00,0.000000e+00,0.000000e+00,0.000000e+00,0.000000e+00,0.000000e+00,0.000000e+00,0.000000e+00,0.000000e+00,0.000000e+00
1.000000e+00,0.000000e+00,0.000000e+00,0.000000e+00,0.000000e+00,0.000000e+00,0.000000e+00,0.000000e+00,0.000000e+00,0.000000e+00,0.000000e+00,0.000000e+00,0.000000e+00,0.000000e+00,0.000000e+00
1.000000e+00,0.000000e+00,0.000000e+00,0.000000e+00,0.000000e+00,0.000000e+00,0.000000e+00,0.000000e+00,0.000000e+00,0.000000e+00,0.000000e+00,0.000000e+00,0.000000e+00,0.000000e+00,0.000000e+00
1.000000e+00,0.000000e+00,0.000000e+00,0.000000e+00,0.000000e+00,0.000000e+00,0.000000e+00,0.000000e+00,0.000000e+00,0.000000e+00,0.000000e+00,0.000000e+00,0.000000e+00,0.000000e+00,0.000000e+00
1.000000e+00,0.000000e+00,0.000000e+00,0.000000e+00,0.000000e+00,0.000000e+00,0.000000e+00,0.000000e+00,0.000000e+00,0.000000e+00,0.000000e+00,0.000000e+00,0.000000e+00,0.000000e+00,0.000000e+00
1.000000e+00,0.000000e+00,0.000000e+00,0.000000e+00,0.000000e+00,0.000000e+00,0.000000e+00,0.000000e+00,0.000000e+00,0.000000e+00,0.000000e+00,0.000000e+00,0.000000e+00,0.000000e+00,0.000000e+00
1.000000e+00,0.000000e+00,0.000000e+00,0.000000e+00,0.000000e+00,0.000000e+00,0.000000e+00,0.000000e+00,0.000000e+00,0.000000e+00,0.000000e+00,0.000000e+00,0.000000e+00,0.000000e+00,0.000000e+00
1.000000e+00,0.000000e+00,0.000000e+00,0.000000e+00,0.000000e+00,0.000000e+00,0.000000e+00,0.000000e+00,0.000000e+00,0.000000e+00,0.000000e+00,0.000000e+00,0.000000e+00,0.000000e+00,0.000000e+00
1.000000e+00,0.000000e+00,0.000000e+00,0.000000e+00,0.000000e+00,0.000000e+00,0.000000e+00,0.000000e+00,0.000000e+00,0.000000e+00,0.000000e+00,0.000000e+00,0.000000e+00,0.000000e+00,0.000000e+00
1.000000e+00,0.000000e+00,0.000000e+00,0.000000e+00,0.000000e+00,0.000000e+00,0.000000e+00,0.000000e+00,0.000000e+00,0.000000e+00,0.000000e+00,0.000000e+00,0.000000e+00,0.000000e+00,0.000000e+00
1.000000e+00,0.000000e+00,0.000000e+00,0.000000e+00,0.000000e+00,0.000000e+00,0.000000e+00,0.000000e+00,0.000000e+00,0.000000e+00,0.000000e+00,0.000000e+00,0.000000e+00,0.000000e+00,0.000000e+00
1.000000e+00,0.000000e+00,0.000000e+00,0.000000e+00,0.000000e+00,0.000000e+00,0.000000e+00,0.000000e+00,0.000000e+00,0.000000e+00,0.000000e+00,0.000000e+00,0.000000e+00,0.000000e+00,0.000000e+00
1.000000e+00,0.000000e+00,0.000000e+00,0.000000e+00,0.000000e+00,0.000000e+00,0.000000e+00,0.000000e+00,0.000000e+00,0.000000e+00,0.000000e+00,0.000000e+00,0.000000e+00,0.000000e+00,0.000000e+00
1.000000e+00,0.000000e+00,0.000000e+00,0.000000e+00,0.000000e+00,0.000000e+00,0.000000e+00,0.000000e+00,0.000000e+00,0.000000e+00,0.000000e+00,0.000000e+00,0.000000e+00,0.000000e+00,0.000000e+00
4.894840e-01,1.365452e-02,3.288761e-01,6.203129e-02,8.285104e-03,1.386025e-02,3.884192e-03,3.722075e-02,3.229711e-03,1.459318e-03,6.176317e-03,1.238610e-02,9.091632e-03,1.500889e-03,8.859847e-03
3.726972e-01,1.047553e-02,4.583356e-01,6.031110e-02,6.987273e-03,1.147146e-02,2.901971e-03,4.422482e-02,2.403077e-03,1.233418e-03,4.777328e-03,9.104636e-03,7.282153e-03,1.151431e-03,6.643013e-03
3.459257e-01,8.660265e-03,4.746527e-01,6.347425e-02,6.135069e-03,1.153927e-02,3.454348e-03,5.725000e-02,1.948445e-03,2.094073e-03,3.974817e-03,7.413103e-03,6.784055e-03,1.020393e-03,5.673548e-03
2.967881e-01,8.165269e-03,4.841315e-01,6.768651e-02,5.752535e-03,1.388998e-02,4.359342e-03,7.664809e-02,3.166510e-03,1.192791e-02,3.766513e-03,6.469378e-03,7.068949e-03,1.202436e-03,8.976972e-03
2.473264e-01,1.031872e-02,3.679898e-01,6.514093e-02,4.392022e-03,1.324203e-02,3.270055e-03,6.449404e-02,5.467804e-02,9.761927e-02,7.498682e-03,6.621022e-03,1.556198e-02,2.824341e-03,3.902267e-02
1.762681e-01,1.226438e-02,2.672632e-01,5.873894e-02,3.162085e-03,1.040345e-02,2.375480e-03,4.789216e-02,1.992454e-01,9.531586e-02,2.456253e-02,5.955687e-03,1.619961e-02,9.454601e-03,7.089860e-02
1.268933e-01,2.789744e-02,1.905217e-01,4.789900e-02,2.327260e-03,8.735235e-03,1.777511e-03,3.533680e-02,2.456754e-01,1.469555e-01,3.776256e-02,1.014805e-02,2.184041e-02,1.636149e-02,7.986826e-02
8.918553e-02,6.051918e-02,1.363871e-01,4.716907e-02,1.710782e-03,6.511912e-03,1.268156e-03,2.479403e-02,2.219210e-01,1.648293e-01,2.857126e-02,7.432556e-03,1.738003e-02,1.198614e-02,1.803339e-01
6.343215e-02,1.027745e-01,9.817456e-02,3.601576e-02,1.326246e-03,5.390582e-03,9.062350e-04,1.741902e-02,2.078699e-01,1.589725e-01,2.460402e-02,5.580993e-03,1.678618e-02,9.997017e-03,2.507504e-01
4.453374e-02,8.562136e-02,7.057220e-02,7.514052e-02,1.017745e-03,4.103828e-03,6.477927e-04,1.221529e-02,2.924168e-01,1.151730e-01,2.069364e-02,6.669316e-03,1.591823e-02,7.663067e-03,2.476135e-01
3.333192e-02,6.534700e-02,5.264694e-02,5.456762e-02,9.120922e-04,4.551006e-03,6.232128e-04,8.642524e-03,3.143590e-01,8.866475e-02,2.136530e-02,5.463173e-03,1.194092e-02,6.251459e-02,2.750700e-01
3.673514e-02,5.277748e-02,3.930590e-02,5.003973e-02,1.201349e-03,5.433897e-03,6.109819e-04,6.318765e-03,2.958664e-01,6.487391e-02,2.082948e-02,6.296282e-03,1.116677e-02,7.681993e-02,3.317240e-01
2.988618e-02,3.808926e-02,2.810176e-02,3.621217e-02,1.266246e-03,4.701447e-03,4.863387e-04,4.539627e-03,2.311854e-01,4.994854e-02,3.395206e-02,7.484010e-03,3.331608e-02,6.684498e-02,4.339859e-01
2.781799e-02,2.815871e-02,2.040411e-02,2.573677e-02,1.090962e-03,4.018900e-03,4.310627e-04,3.446684e-03,1.764300e-01,3.877256e-02,3.856191e-02,6.262651e-03,3.360604e-02,6.794826e-02,5.273134e-01
2.616742e-02,2.224612e-02,1.570594e-02,1.836127e-02,2.109735e-03,3.258641e-03,3.732703e-04,2.724197e-03,1.292535e-01,2.839620e-02,3.534450e-02,4.977521e-03,2.797839e-02,6.261648e-02,6.204869e-01
4.275405e-02,2.154277e-02,1.505356e-02,1.420121e-02,4.646969e-03,1.209735e-02,5.882351e-04,3.230114e-03,1.091599e-01,2.231794e-02,2.982838e-02,3.797288e-03,2.092803e-02,5.723421e-02,6.426200e-01
5.065975e-02,2.054090e-02,1.284844e-02,1.039225e-02,6.861115e-03,1.618107e-02,1.061258e-03,2.790718e-03,1.010945e-01,2.073644e-02,2.556993e-02,3.230122e-03,1.716373e-02,5.546791e-02,6.554018e-01
5.908011e-02,2.185804e-02,1.171470e-02,1.055059e-02,6.183501e-03,1.487667e-02,1.321346e-03,5.033766e-03,1.197546e-01,1.670787e-02,3.224015e-02,4.027555e-03,1.478624e-02,6.779686e-02,6.140680e-01
4.596477e-02,1.858163e-02,1.055874e-02,9.326831e-03,6.201897e-03,1.274254e-02,1.097626e-03,4.370977e-03,1.455100e-01,1.335464e-02,3.472195e-02,3.246260e-03,1.312324e-02,6.111391e-02,6.200849e-01
6.151204e-02,2.417903e-02,1.986234e-02,2.362812e-02,8.596210e-03,1.106323e-02,1.179599e-03,5.253256e-03,2.046611e-01,1.060543e-02,3.942066e-02,4.863213e-03,1.384188e-02,5.432915e-02,5.170047e-01
8.217660e-02,2.286036e-02,2.203234e-02,2.129581e-02,9.863275e-03,1.036640e-02,1.173651e-03,5.268111e-03,3.054383e-01,1.102687e-02,3.755806e-02,5.311691e-03,1.176560e-02,6.073564e-02,3.931273e-01
1.316807e-01,2.136862e-02,1.952427e-02,1.602245e-02,1.040636e-02,1.320039e-02,1.161648e-03,4.626195e-03,2.849371e-01,9.586957e-03,3.845394e-02,5.996415e-03,1.124735e-02,9.782664e-02,3.339611e-01
1.133433e-01,1.785932e-02,2.775665e-02,1.448558e-02,1.357262e-02,1.164612e-02,9.406074e-04,5.083749e-03,3.611022e-01,8.561127e-03,3.134145e-02,5.093898e-03,9.013345e-03,1.055795e-01,2.746205e-01
1.017829e-01,1.554338e-02,2.757327e-02,1.201640e-02,1.962569e-02,1.004618e-02,7.708999e-04,7.936560e-03,3.879083e-01,7.368806e-03,2.496908e-02,4.415269e-03,7.859704e-03,1.094634e-01,2.627201e-01
1.080492e-01,1.406624e-02,2.496398e-02,1.023683e-02,1.621003e-02,9.682553e-03,5.807465e-04,5.962295e-03,3.982447e-01,1.149200e-02,4.288093e-02,6.439188e-03,1.300075e-02,1.021832e-01,2.360073e-01
8.357919e-02,1.051984e-02,1.995043e-02,1.123952e-02,1.412741e-02,8.040009e-03,4.629605e-04,5.140916e-03,4.749172e-01,1.068293e-02,7.140349e-02,7.403454e-03,2.474183e-02,7.641815e-02,1.813727e-01
1.064632e-01,8.500445e-03,1.732030e-02,9.299736e-03,1.515571e-02,6.783571e-03,4.151142e-04,4.459321e-03,5.040742e-01,9.578144e-03,6.212206e-02,1.289355e-02,3.078100e-02,5.732021e-02,1.548333e-01
1.463910e-01,6.548706e-03,1.246091e-02,7.262268e-03,1.278217e-02,5.833956e-03,4.013151e-04,3.515052e-03,4.758271e-01,1.165670e-02,7.130453e-02,4.445885e-02,3.944235e-02,4.501574e-02,1.170993e-01
1.080111e-01,4.820779e-03,8.800428e-03,5.967160e-03,1.028280e-02,5.150299e-03,3.265963e-04,2.614889e-03,3.802924e-01,1.316772e-02,1.403817e-01,1.346103e-01,6.246268e-02,3.469425e-02,8.841699e-02
8.147695e-02,3.572432e-03,6.190874e-03,5.057753e-03,7.574849e-03,4.922397e-03,2.863347e-04,1.885529e-03,2.829121e-01,1.214764e-02,1.520580e-01,2.691915e-01,7.941842e-02,2.600770e-02,6.729761e-02
5.827583e-02,2.729518e-03,4.470241e-03,4.334762e-03,8.310940e-03,4.231283e-03,7.074390e-04,1.447653e-03,2.021931e-01,1.213892e-02,2.230561e-01,2.691634e-01,1.075780e-01,2.651422e-02,7.484854e-02
4.174747e-02,2.557673e-03,3.282837e-03,3.947432e-03,9.512854e-03,7.552674e-03,8.531362e-04,1.888202e-03,1.516080e-01,1.083430e-02,2.838361e-01,2.684377e-01,1.208253e-01,2.125319e-02,7.186300e-02
3.203761e-02,2.359784e-03,3.191141e-03,3.569616e-03,1.275437e-02,1.316998e-02,2.148860e-03,3.439107e-03,1.099862e-01,9.611571e-03,3.547440e-01,2.352023e-01,1.192082e-01,4.478528e-02,5.379191e-02
2.394398e-02,2.719555e-03,2.968377e-03,3.376173e-03,1.284879e-02,1.569241e-02,2.373809e-03,3.386493e-03,8.267894e-02,8.208170e-03,3.636766e-01,2.159555e-01,1.493039e-01,7.358878e-02,3.927850e-02
1.731813e-02,2.767426e-03,4.510025e-03,2.520245e-03,1.207053e-02,1.393437e-02,1.883038e-03,2.614226e-03,6.380033e-02,9.222667e-03,3.606814e-01,2.296041e-01,1.702741e-01,7.770239e-02,3.109709e-02
1.318640e-02,2.472932e-03,7.234520e-03,1.787142e-03,9.725975e-03,1.189941e-02,1.643706e-03,2.001680e-03,4.603836e-02,1.794084e-02,2.954426e-01,2.775671e-01,2.259613e-01,6.070198e-02,2.639599e-02
9.716999e-03,1.789409e-03,5.569836e-03,1.287870e-03,8.147327e-03,1.498335e-02,1.311387e-03,1.512814e-03,3.297472e-02,1.332619e-02,2.292751e-01,4.120981e-01,2.057686e-01,4.304925e-02,1.918910e-02
7.030689e-03,1.265202e-03,4.062784e-03,9.205973e-04,8.880724e-03,1.078199e-02,1.054451e-03,1.281273e-03,2.331737e-02,1.084899e-02,1.630737e-01,5.725248e-01,1.475464e-01,3.386677e-02,1.354429e-02
5.156779e-03,9.123842e-04,2.965156e-03,6.706978e-04,8.539698e-03,7.711465e-03,8.381394e-04,1.289140e-03,1.663021e-02,8.587823e-03,1.161234e-01,6.873844e-01,1.064427e-01,2.716463e-02,9.583393e-03
4.942321e-03,6.830152e-04,2.408230e-03,5.528631e-04,9.218853e-03,5.866893e-03,1.069881e-03,2.559787e-03,1.291186e-02,6.488624e-03,8.523530e-02,7.614392e-01,8.045526e-02,1.936513e-02,6.802798e-03
6.074147e-03,5.657061e-04,2.964460e-03,4.653876e-04,2.152363e-02,4.467506e-03,3.782209e-03,6.710401e-03,1.068820e-02,5.119735e-03,6.442488e-02,7.866392e-01,6.778035e-02,1.393045e-02,4.863785e-03
5.921594e-03,4.717033e-04,3.504330e-03,4.498875e-04,3.604256e-02,3.443485e-03,6.001938e-03,1.432401e-02,8.668165e-03,3.992225e-03,4.994798e-02,7.966218e-01,5.718595e-02,9.980990e-03,3.443451e-03
6.714015e-03,4.362919e-04,4.742481e-03,3.611722e-04,5.279926e-02,3.247715e-03,1.155735e-02,1.478928e-02,6.606735e-03,3.388936e-03,3.908697e-02,7.983838e-01,4.823099e-02,7.178007e-03,2.477052e-03
6.510888e-03,3.679963e-04,4.821741e-03,2.862200e-04,5.823688e-02,2.792009e-03,1.180466e-02,1.466718e-02,5.042137e-03,3.225587e-03,3.045686e-02,8.125161e-01,4.233783e-02,5.173483e-03,1.760463e-03
1.191474e-02,4.813876e-04,9.183547e-03,7.741618e-04,6.670697e-02,2.679540e-03,1.279875e-02,6.944522e-02,4.546913e-03,2.581652e-03,2.543855e-02,7.265920e-01,6.167897e-02,3.868297e-03,1.309289e-03
2.039466e-02,6.494045e-04,1.268168e-02,7.912948e-04,6.416760e-02,2.507145e-03,1.089850e-02,5.823309e-02,3.734087e-03,2.152130e-03,2.002861e-02,7.263921e-01,7.336306e-02,2.970067e-03,1.036558e-03
2.648825e-02,6.615974e-04,1.005985e-02,6.854580e-04,5.437915e-02,3.451702e-03,8.685876e-03,4.236689e-02,2.917306e-03,1.757559e-03,1.477638e-02,7.699847e-01,6.057484e-02,2.448054e-03,7.624524e-04
4.331212e-02,6.701467e-04,1.135570e-02,5.831022e-04,5.204202e-02,2.719688e-02,1.064569e-02,3.208109e-02,2.332687e-03,1.410692e-03,1.130313e-02,7.540579e-01,5.029198e-02,2.098959e-03,6.179080e-04
5.030427e-02,6.646792e-04,9.768910e-03,4.787704e-04,5.373299e-02,4.674824e-02,1.447992e-02,2.441932e-02,1.920522e-03,1.216370e-03,9.405181e-03,7.446647e-01,3.989560e-02,1.787563e-03,5.129846e-04
6.032542e-02,1.146575e-03,8.504839e-02,8.075445e-04,4.177906e-02,3.806994e-02,1.149015e-02,3.106495e-02,2.218062e-03,1.143724e-03,7.290121e-03,6.875033e-01,2.990356e-02,1.625663e-03,5.834958e-04
6.332567e-02,1.773032e-03,1.312965e-01,5.148856e-03,3.918917e-02,4.712012e-02,9.394032e-03,6.287988e-02,5.507383e-03,1.440551e-03,5.818648e-03,5.999176e-01,2.388048e-02,1.935921e-03,1.372137e-03
6.047174e-02,1.618183e-03,1.241535e-01,4.509525e-03,3.174565e-02,5.385956e-02,8.649817e-03,5.915432e-02,4.734288e-03,1.214376e-03,4.552661e-03,6.222421e-01,2.003034e-02,1.989100e-03,1.074916e-03
7.514440e-02,3.362589e-03,1.119620e-01,5.458179e-03,3.016406e-02,5.552767e-02,9.392790e-03,6.202800e-02,9.952001e-03,1.416448e-03,4.410017e-03,6.008810e-01,2.222276e-02,5.285662e-03,2.792436e-03
9.167692e-02,4.010376e-03,1.117444e-01,4.388500e-03,3.501112e-02,4.698484e-02,1.334421e-02,4.722233e-02,8.558116e-03,1.405921e-03,7.595229e-03,5.937628e-01,2.681535e-02,5.135347e-03,2.344553e-03
8.751751e-02,3.283587e-03,8.896265e-02,3.953021e-03,2.888572e-02,3.492714e-02,1.289460e-02,3.418002e-02,7.632220e-03,1.815198e-03,7.978216e-03,6.529648e-01,2.728560e-02,4.871453e-03,2.848266e-03
8.871009e-02,4.034184e-03,7.661176e-02,7.358342e-03,2.448669e-02,2.958013e-02,1.493229e-02,2.764776e-02,6.706320e-03,3.839988e-03,9.281076e-03,6.769154e-01,2.291299e-02,4.025102e-03,2.957909e-03
9.235887e-02,5.997718e-03,5.892601e-02,1.067060e-02,2.175168e-02,8.066048e-02,1.157439e-02,2.114468e-02,5.141213e-03,3.337469e-03,7.971804e-03,6.579140e-01,1.689293e-02,3.072965e-03,2.585262e-03
1.210339e-01,5.501907e-03,4.625944e-02,8.066855e-03,2.140858e-02,1.312057e-01,1.055257e-02,2.669121e-02,3.751241e-03,2.827892e-03,5.980987e-03,5.961555e-01,1.592932e-02,2.579466e-03,2.055447e-03
1.934235e-01,4.877273e-03,3.646903e-02,8.573547e-03,2.708843e-02,1.954112e-01,9.038200e-03,3.646737e-02,3.779740e-03,1.255013e-02,6.553023e-03,4.420139e-01,1.606595e-02,3.303397e-03,4.385307e-03
1.363879e-01,3.562264e-03,2.563738e-02,7.481815e-03,1.964884e-02,1.578222e-01,6.896129e-03,2.662501e-02,4.970886e-03,2.668139e-01,1.298482e-02,3.109615e-01,1.304441e-02,2.418947e-03,4.744097e-03
9.697519e-02,2.974999e-03,1.806899e-02,6.507757e-03,1.450920e-02,1.124230e-01,4.874192e-03,1.878335e-02,1.578106e-02,4.288122e-01,2.256888e-02,2.183460e-01,2.040842e-02,2.058448e-03,1.690827e-02
6.937673e-02,4.753272e-03,1.283681e-02,5.226155e-03,1.049657e-02,7.895453e-02,3.428366e-03,1.319264e-02,3.508669e-02,5.406623e-01,2.310939e-02,1.537266e-01,2.579900e-02,1.670622e-03,2.168021e-02
4.918790e-02,5.727382e-03,9.980158e-03,1.370157e-02,7.908176e-03,5.547346e-02,2.470417e-03,1.050069e-02,2.446280e-01,4.340684e-01,1.737268e-02,1.078729e-01,2.054883e-02,1.379893e-03,1.917950e-02
3.498219e-02,9.362835e-03,7.630186e-03,1.074759e-02,5.801214e-03,3.899886e-02,1.772824e-03,7.707343e-03,2.774678e-01,4.408077e-01,1.441680e-02,7.568211e-02,1.800833e-02,1.851048e-03,5.476315e-02
2.520389e-02,1.717084e-02,5.688241e-03,8.598974e-03,4.352616e-03,2.760947e-02,1.260962e-03,5.558468e-03,3.089077e-01,3.420679e-01,1.473801e-02,5.329777e-02,1.593290e-02,3.037387e-03,1.665748e-01
1.797794e-02,2.638298e-02,4.083847e-03,6.677036e-03,4.030556e-03,1.988919e-02,9.170196e-04,4.134553e-03,4.221293e-01,2.417184e-01,1.141831e-02,3.751859e-02,1.955682e-02,3.277400e-03,1.802881e-01
1.286021e-02,2.966866e-02,4.054015e-03,7.046570e-03,4.008265e-03,1.460357e-02,6.881260e-04,3.224090e-03,5.301923e-01,1.710931e-01,9.510505e-03,2.659627e-02,1.718137e-02,3.034630e-03,1.662384e-01
9.138711e-03,6.305943e-02,3.347023e-03,5.851040e-03,3.316316e-03,1.112671e-02,5.005345e-04,2.321800e-03,5.713878e-01,1.221537e-01,7.477656e-03,1.876362e-02,1.466406e-02,3.038275e-03,1.638533e-01
6.583499e-03,6.533657e-02,2.691242e-03,6.866344e-03,2.453847e-03,8.075027e-03,3.576020e-04,1.718685e-03,6.673623e-01,8.706077e-02,5.769070e-03,1.336594e-02,1.081809e-02,2.662718e-03,1.188783e-01
5.250040e-03,6.641107e-02,2.658379e-03,6.974909e-03,1.822097e-03,5.889590e-03,2.606915e-04,1.373300e-03,7.188997e-01,6.280524e-02,7.503781e-03,1.030995e-02,8.402413e-03,9.801560e-03,9.163729e-02
3.807499e-03,4.909206e-02,2.007237e-03,5.071427e-03,1.309546e-03,4.209633e-03,1.977988e-04,1.006711e-03,7.798866e-01,4.499540e-02,8.984765e-03,8.506870e-03,1.500105e-02,7.430426e-03,6.849303e-02
2.752130e-03,4.477005e-02,2.935303e-03,8.630199e-03,9.769631e-04,3.003531e-03,1.467215e-04,7.979077e-04,8.144425e-01,3.229034e-02,1.162593e-02,7.246677e-03,1.436429e-02,5.742067e-03,5.027538e-02
2.374104e-03,4.607576e-02,3.181355e-03,7.713084e-03,8.813249e-04,2.362734e-03,1.287366e-04,6.259258e-04,6.272287e-01,2.683955e-02,1.794242e-02,6.255689e-03,1.490366e-02,1.454885e-02,2.289381e-01
3.996619e-03,4.684769e-02,3.859500e-03,1.912594e-02,1.505169e-03,2.391817e-03,1.575632e-04,1.507406e-03,4.920745e-01,2.137828e-02,1.948726e-02,6.369944e-03,1.596122e-02,2.060783e-02,3.447292e-01
3.839827e-03,5.618780e-02,1.691083e-02,1.478544e-01,1.559478e-03,1.970589e-03,1.358908e-04,1.150056e-03,4.308099e-01,1.606208e-02,2.298564e-02,5.687601e-03,1.236791e-02,2.826134e-02,2.542166e-01
1.836503e-02,6.091058e-02,2.419752e-02,1.309929e-01,4.402792e-03,3.297690e-03,3.074621e-04,2.553525e-03,3.249940e-01,1.331878e-02,3.878011e-02,6.656304e-03,1.561532e-02,4.262280e-02,3.129852e-01
3.343855e-02,6.899590e-02,2.215074e-02,9.546692e-02,6.654456e-03,4.465829e-03,3.330556e-04,2.723318e-03,2.381960e-01,1.221336e-02,3.549588e-02,5.540064e-03,1.399178e-02,1.361510e-01,3.241831e-01
3.789371e-02,7.603866e-02,9.955867e-02,1.473452e-01,1.487323e-02,6.437867e-03,4.945152e-04,6.381295e-03,1.992926e-01,9.915834e-03,2.796405e-02,4.703808e-03,1.226934e-02,1.007093e-01,2.561219e-01
7.285582e-02,6.901036e-02,8.549146e-02,1.345515e-01,1.839221e-02,9.680630e-03,1.041776e-03,9.846097e-03,1.655852e-01,9.018737e-03,2.603730e-02,6.440802e-03,1.740075e-02,9.823120e-02,2.764161e-01
1.316371e-01,6.428784e-02,6.527069e-02,1.018728e-01,1.924950e-02,1.427843e-02,1.477920e-03,1.139550e-02,1.545673e-01,1.104838e-02,2.126724e-02,6.276447e-03,1.712188e-02,1.062974e-01,2.739516e-01
1.526963e-01,6.167660e-02,1.197341e-01,1.051925e-01,2.452955e-02,2.173433e-02,1.990124e-03,1.541565e-02,1.378075e-01,1.000880e-02,1.991432e-02,7.735319e-03,1.536206e-02,8.244980e-02,2.237532e-01
2.310187e-01,5.550494e-02,9.800744e-02,8.221823e-02,2.560815e-02,2.159522e-02,3.063695e-03,2.016442e-02,1.431338e-01,1.073757e-02,1.976053e-02,9.395652e-03,1.499481e-02,7.029639e-02,1.945004e-01
3.434251e-01,4.444375e-02,9.812216e-02,6.829992e-02,2.300990e-02,1.895281e-02,3.656784e-03,1.992340e-02,1.215526e-01,9.852305e-03,2.162499e-02,1.165568e-02,1.302125e-02,5.706743e-02,1.453920e-01
4.730805e-01,3.507068e-02,7.636434e-02,5.312033e-02,2.042147e-02,1.565324e-02,3.640688e-03,2.117629e-02,9.450753e-02,7.867586e-03,1.859464e-02,1.162332e-02,1.237480e-02,4.493890e-02,1.115657e-01
1.000000e+00,0.000000e+00,0.000000e+00,0.000000e+00,0.000000e+00,0.000000e+00,0.000000e+00,0.000000e+00,0.000000e+00,0.000000e+00,0.000000e+00,0.000000e+00,0.000000e+00,0.000000e+00,0.000000e+00
1.000000e+00,0.000000e+00,0.000000e+00,0.000000e+00,0.000000e+00,0.000000e+00,0.000000e+00,0.000000e+00,0.000000e+00,0.000000e+00,0.000000e+00,0.000000e+00,0.000000e+00,0.000000e+00,0.000000e+00
4.220479e-01,4.076377e-02,6.721716e-02,6.455342e-02,1.216710e-02,1.066313e-02,2.931242e-03,1.612804e-02,6.506078e-02,7.919470e-03,1.544480e-02,1.686125e-02,1.143398e-02,2.916926e-02,2.176387e-01
4.657966e-01,3.616187e-02,6.270221e-02,5.748626e-02,1.378334e-02,9.972597e-03,3.218277e-03,1.701595e-02,6.762280e-02,7.593499e-03,1.407422e-02,1.886189e-02,1.399063e-02,2.434766e-02,1.873721e-01
4.317735e-01,3.229517e-02,5.847600e-02,4.260335e-02,1.208692e-02,1.008983e-02,3.019613e-03,1.299467e-02,5.701582e-02,6.512782e-03,1.254016e-02,1.546476e-02,1.186798e-02,9.295250e-02,2.003069e-01
4.106350e-01,2.935993e-02,4.992773e-02,3.214863e-02,1.010469e-02,1.083826e-02,4.076345e-03,1.121483e-02,5.801848e-02,7.165391e-03,1.417592e-02,1.437232e-02,1.282021e-02,1.689400e-01,1.662022e-01
3.349364e-01,2.507132e-02,4.378381e-02,2.332709e-02,7.530489e-03,8.895491e-03,3.346835e-03,8.369667e-03,5.279841e-02,7.903422e-03,1.350479e-02,1.207215e-02,9.976227e-03,3.145772e-01,1.339067e-01
3.121403e-01,1.947356e-02,3.527421e-02,1.693588e-02,5.771862e-03,8.971934e-03,2.618127e-03,6.031383e-03,4.116858e-02,6.744502e-03,1.167537e-02,9.497284e-03,7.638075e-03,4.090167e-01,1.070421e-01
2.589289e-01,1.427894e-02,2.550765e-02,1.194133e-02,4.232928e-03,7.110252e-03,1.885491e-03,4.298768e-03,3.309122e-02,7.923180e-03,1.129279e-02,7.404392e-03,5.627024e-03,5.214695e-01,8.500770e-02
1.966645e-01,1.019848e-02,1.798052e-02,8.397389e-03,3.021267e-03,5.135005e-03,1.337492e-03,3.033837e-03,2.505908e-02,8.981070e-03,9.672580e-03,5.525023e-03,4.077820e-03,6.384491e-01,6.246693e-02
1.477244e-01,7.250478e-03,1.267694e-02,5.895618e-03,2.174843e-03,3.701190e-03,9.641445e-04,2.134372e-03,1.821484e-02,2.015286e-02,9.767198e-03,4.053627e-03,2.915694e-03,7.169784e-01,4.539547e-02
1.043931e-01,5.095962e-03,8.983463e-03,4.142886e-03,1.566076e-03,2.678695e-03,7.088099e-04,1.504081e-03,1.310789e-02,1.001536e-01,7.912167e-03,2.907801e-03,2.070783e-03,7.118333e-01,3.294139e-02
7.352579e-02,3.786460e-03,6.695271e-03,3.162154e-03,1.772790e-03,2.088060e-03,5.402383e-04,1.106152e-03,1.261184e-02,1.322239e-01,1.088746e-02,2.284977e-03,1.809501e-03,7.163129e-01,3.119257e-02
5.522748e-02,3.151264e-03,5.657304e-03,2.471873e-03,3.517840e-03,2.158067e-03,4.609311e-04,9.148021e-04,2.171357e-02,1.851993e-01,7.049531e-02,3.156467e-03,3.002038e-03,6.142584e-01,2.861533e-02
4.333491e-02,2.532070e-03,4.490831e-03,2.321330e-03,4.682190e-03,2.235169e-03,4.697936e-04,9.578839e-04,3.349428e-02,1.782684e-01,7.034842e-02,3.611975e-03,4.068963e-03,6.224190e-01,2.676477e-02
8.257981e-02,3.959349e-03,1.340421e-02,1.285439e-02,8.995046e-03,6.563934e-03,1.054695e-03,2.055231e-03,6.052869e-02,1.904960e-01,7.941590e-02,6.250144e-03,5.875546e-03,4.885330e-01,3.743403e-02
1.506283e-01,5.177421e-03,1.898997e-02,1.283912e-02,1.488982e-02,6.143770e-03,1.255713e-03,4.266768e-03,9.852406e-02,1.616782e-01,7.890954e-02,6.492933e-03,6.487878e-03,4.028789e-01,3.083750e-02
1.827513e-01,6.307244e-03,1.787528e-02,1.158116e-02,1.670358e-02,5.535500e-03,1.033135e-03,3.893024e-03,1.191202e-01,1.404291e-01,6.876021e-02,6.169340e-03,6.443077e-03,3.869965e-01,2.640120e-02
3.283405e-01,7.199094e-03,1.827308e-02,9.621371e-03,1.342209e-02,7.024950e-03,1.063412e-03,3.722280e-03,9.694418e-02,1.015337e-01,5.908108e-02,7.364236e-03,6.788075e-03,3.162100e-01,2.341190e-02
4.066321e-01,8.324491e-03,1.601189e-02,8.048896e-03,1.266821e-02,7.578641e-03,1.072954e-03,3.709151e-03,9.061752e-02,8.459077e-02,4.993852e-02,7.315936e-03,6.918537e-03,2.755513e-01,2.102112e-02
4.546574e-01,1.025419e-02,1.530827e-02,7.061850e-03,1.462292e-02,8.938242e-03,1.014478e-03,3.718706e-03,9.000022e-02,6.912974e-02,4.735588e-02,7.420154e-03,7.052067e-03,2.456393e-01,1.782667e-02
4.230871e-01,1.038462e-02,2.006388e-02,1.160346e-02,2.986652e-02,1.574245e-02,1.559055e-03,1.018671e-02,1.455885e-01,6.366497e-02,4.259144e-02,6.703793e-03,7.685999e-03,1.939373e-01,1.733436e-02
3.393522e-01,1.008079e-02,1.922007e-02,9.946944e-03,4.309303e-02,1.742976e-02,1.219417e-03,1.404090e-02,2.387851e-01,5.317402e-02,3.572320e-02,5.163074e-03,6.072428e-03,1.848860e-01,2.181310e-02
2.662201e-01,1.096002e-02,2.692726e-02,1.229888e-02,5.044153e-02,1.795314e-02,9.835290e-04,3.735125e-02,2.877926e-01,4.156964e-02,2.913153e-02,5.042346e-03,6.643929e-03,1.648647e-01,4.181964e-02
2.300845e-01,1.002230e-02,5.633874e-02,5.379098e-02,5.696994e-02,1.473071e-02,8.217992e-04,4.631871e-02,2.838120e-01,3.176185e-02,2.490505e-02,5.568268e-03,8.269010e-03,1.296150e-01,4.699115e-02
1.759055e-01,8.038137e-03,2.574239e-01,5.065845e-02,4.974239e-02,1.183350e-02,6.326131e-04,3.973486e-02,2.129487e-01,2.416751e-02,1.985612e-02,4.288844e-03,6.216336e-03,9.775529e-02,4.079790e-02
1.512661e-01,7.435383e-03,3.458436e-01,4.185498e-02,4.267016e-02,1.319371e-02,4.922501e-04,3.085667e-02,1.695111e-01,1.842497e-02,1.504179e-02,3.230384e-03,4.804899e-03,1.048601e-01,5.051399e-02
1.367862e-01,7.519167e-03,3.407436e-01,3.412940e-02,4.412826e-02,1.293595e-02,3.933827e-04,3.119426e-02,1.817118e-01,1.623785e-02,1.143584e-02,2.526167e-03,3.731374e-03,1.255885e-01,5.093835e-02
1.195102e-01,7.073643e-03,3.282608e-01,3.303766e-02,4.290071e-02,1.601950e-02,3.196236e-04,2.795078e-02,2.365237e-01,1.461284e-02,8.854452e-03,1.854782e-03,2.800346e-03,1.194064e-01,4.087468e-02
1.045607e-01,6.520424e-03,3.289996e-01,3.782148e-02,3.757160e-02,1.694876e-02,2.911707e-04,2.720872e-02,2.558593e-01,1.340896e-02,7.479537e-03,1.357554e-03,2.143893e-03,1.259431e-01,3.388520e-02
1.019140e-01,6.835434e-03,3.575657e-01,4.997683e-02,3.852753e-02,1.502079e-02,4.335258e-04,3.306960e-02,2.374847e-01,1.063616e-02,5.904962e-03,1.085379e-03,1.694267e-03,1.119428e-01,2.790830e-02
8.959848e-02,6.251947e-03,3.973629e-01,5.845509e-02,3.063734e-02,1.190575e-02,4.935791e-04,3.432001e-02,2.194036e-01,9.971131e-03,5.591756e-03,1.058877e-03,1.356603e-03,9.992464e-02,3.366829e-02
1.345844e-01,6.137297e-03,3.655092e-01,5.602733e-02,3.073824e-02,1.027239e-02,7.575423e-04,3.504419e-02,2.089696e-01,9.168247e-03,8.575416e-03,1.344066e-03,1.221476e-03,9.744661e-02,3.420398e-02
1.006944e-01,2.365445e-02,3.306541e-01,4.629400e-02,2.270333e-02,1.556825e-02,6.565557e-04,2.492970e-02,1.610270e-01,8.281476e-02,1.047959e-02,2.275417e-03,1.185328e-03,7.186893e-02,1.051942e-01
7.094533e-02,6.177889e-02,2.495731e-01,3.432550e-02,1.596490e-02,1.194533e-02,4.764166e-04,1.757974e-02,1.202760e-01,7.054112e-02,1.885695e-01,6.072499e-03,1.820566e-03,5.426103e-02,9.586996e-02
5.004901e-02,6.175137e-02,1.779511e-01,2.422790e-02,1.118465e-02,8.458691e-03,3.408234e-04,1.237000e-02,8.495799e-02,5.126189e-02,3.994280e-01,5.683777e-03,2.187357e-03,4.033539e-02,6.981200e-02
3.533358e-02,4.538617e-02,1.251006e-01,1.702891e-02,7.838623e-03,6.217872e-03,2.531541e-04,8.715895e-03,5.978834e-02,3.616972e-02,5.634775e-01,1.083288e-02,1.747525e-03,3.316815e-02,4.894108e-02
2.488090e-02,3.217845e-02,8.773523e-02,1.195247e-02,5.494102e-03,4.831915e-03,1.959777e-04,6.116862e-03,4.203158e-02,2.550779e-02,6.842822e-01,1.187663e-02,1.298888e-03,2.731720e-02,3.429978e-02
1.748457e-02,2.287165e-02,6.144468e-02,8.380728e-03,3.932282e-03,3.505926e-03,1.658453e-04,4.292491e-03,3.025877e-02,1.801763e-02,7.696363e-01,1.345699e-02,1.173812e-03,2.126121e-02,2.411705e-02
1.233869e-02,1.647742e-02,4.305653e-02,5.893699e-03,2.803596e-03,3.436660e-03,1.257600e-04,3.011959e-03,2.190042e-02,1.269514e-02,8.290119e-01,1.344508e-02,1.067061e-03,1.771192e-02,1.702419e-02
8.722129e-03,1.165237e-02,3.017289e-02,4.198370e-03,2.234976e-03,2.560338e-03,1.104572e-04,2.118805e-03,1.603560e-02,9.107272e-03,8.730719e-01,1.130132e-02,8.451845e-04,1.588787e-02,1.198049e-02
6.345808e-03,8.868770e-03,2.146438e-02,3.013600e-03,2.381090e-03,2.226146e-03,1.469042e-04,1.577660e-03,1.283516e-02,7.058030e-03,8.983451e-01,9.750169e-03,7.054030e-04,1.661523e-02,8.666598e-03
4.892878e-03,2.699370e-02,1.625260e-02,2.303183e-03,7.429139e-03,3.869783e-03,4.606435e-04,1.486342e-03,4.781771e-02,6.084677e-03,8.488843e-01,8.921138e-03,8.648321e-04,1.711708e-02,6.622011e-03
3.623400e-03,6.477471e-02,1.263176e-02,2.811457e-03,7.823105e-03,5.391959e-03,3.749896e-04,1.080255e-03,2.222130e-01,4.891249e-03,6.466951e-01,7.235220e-03,7.736178e-04,1.444538e-02,5.234714e-03
2.744921e-03,1.183669e-01,9.440580e-03,5.264096e-03,7.496513e-03,7.020146e-03,2.893953e-04,7.868914e-04,3.053709e-01,3.879392e-03,5.145354e-01,5.976957e-03,9.302440e-04,1.361492e-02,4.282688e-03
4.947074e-03,1.285785e-01,1.411460e-02,2.267268e-02,2.955628e-02,7.633478e-03,4.795243e-04,6.299562e-03,3.883836e-01,4.058868e-03,3.696750e-01,4.924694e-03,1.916040e-03,1.233916e-02,4.420963e-03
1.033839e-02,1.380173e-01,1.212845e-02,2.047653e-02,2.589728e-02,9.069578e-03,4.252543e-04,4.991108e-03,3.311019e-01,5.545436e-03,3.925619e-01,1.336807e-02,5.210346e-03,2.671383e-02,4.154681e-03
1.731654e-02,1.756665e-01,1.098478e-02,1.707741e-02,5.118050e-02,8.489903e-03,3.863439e-04,4.301286e-03,2.921675e-01,7.155557e-03,3.330573e-01,2.338975e-02,1.081949e-02,4.338053e-02,4.626669e-03
2.146112e-02,1.839425e-01,9.291795e-03,1.318969e-02,4.294149e-02,7.677424e-03,5.070661e-04,4.191514e-03,2.231045e-01,8.990183e-03,3.318734e-01,8.107443e-02,1.733024e-02,4.933178e-02,5.092893e-03
2.215105e-02,1.724704e-01,7.493232e-03,1.048721e-02,3.603096e-02,8.267175e-03,5.188789e-04,3.918921e-03,1.709131e-01,1.015538e-02,3.578032e-01,1.234471e-01,2.141715e-02,4.844156e-02,6.484635e-03
3.565770e-02,2.269948e-01,9.576321e-03,1.145588e-02,4.681260e-02,7.250792e-03,6.201391e-04,1.053068e-02,1.603872e-01,1.045444e-02,3.002863e-01,1.055038e-01,2.039967e-02,4.486744e-02,9.202259e-03
3.757890e-02,2.069484e-01,1.091888e-02,1.584032e-02,6.204788e-02,6.508339e-03,9.581104e-04,1.429623e-02,2.797780e-01,1.165762e-02,2.162288e-01,7.782320e-02,1.574390e-02,3.390703e-02,9.764464e-03
4.109345e-02,1.914293e-01,9.508979e-03,1.343514e-02,5.651075e-02,8.064943e-03,9.693509e-04,1.326188e-02,3.965437e-01,1.058913e-02,1.552979e-01,5.656409e-02,1.177149e-02,2.573712e-02,9.222716e-03
4.896625e-02,1.459116e-01,9.253445e-03,2.539369e-02,8.154440e-02,7.870378e-03,1.692615e-03,3.958066e-02,4.473264e-01,7.876182e-03,1.101728e-01,4.041347e-02,8.703908e-03,1.835176e-02,6.942548e-03
7.315592e-02,1.246602e-01,7.484639e-03,3.546953e-02,1.207506e-01,1.098845e-02,1.970916e-03,3.837628e-02,4.381941e-01,6.632768e-03,8.626129e-02,3.005196e-02,6.869982e-03,1.353107e-02,5.602294e-03
9.362386e-02,1.044430e-01,6.831287e-03,6.806807e-02,1.404512e-01,1.090718e-02,2.090666e-03,8.575326e-02,3.522440e-01,5.743553e-03,7.841998e-02,2.766832e-02,6.745555e-03,1.140354e-02,5.606589e-03
1.097241e-01,8.282410e-02,7.633851e-03,7.538022e-02,1.550004e-01,1.396613e-02,2.474337e-03,1.162999e-01,3.205737e-01,5.570963e-03,6.431109e-02,2.549166e-02,6.287612e-03,9.598087e-03,4.863769e-03
1.024057e-01,5.983616e-02,6.326206e-03,6.274855e-02,1.532438e-01,1.063372e-02,2.055767e-03,2.830730e-01,2.327898e-01,4.327376e-03,4.796213e-02,1.878146e-02,5.083751e-03,7.087566e-03,3.645021e-03
7.728123e-02,4.222528e-02,4.728933e-03,4.635246e-02,1.107410e-01,7.540985e-03,1.501893e-03,4.836718e-01,1.646353e-01,3.053235e-03,3.389920e-02,1.319773e-02,3.608029e-03,4.997939e-03,2.565016e-03
5.854300e-02,2.983961e-02,3.422226e-03,3.406897e-02,8.220763e-02,5.338505e-03,1.076356e-03,6.263627e-01,1.159069e-01,2.150268e-03,2.397268e-02,9.254334e-03,2.552439e-03,3.504078e-03,1.800258e-03
