1.000000e+00,0.000000e+00,0.000000e+00,0.000000e+00,0.000000e+00,0.000000e+00,0.000000e+00,0.000000e+00,0.000000e+00,0.000000e+00,0.000000e+00,0.000000e+00,0.000000e+00,0.000000e+00,0.000000e+00
1.000000e+00,0.000000e+00,0.000000e+00,0.000000e+00,0.000000e+00,0.000000e+00,0.000000e+00,0.000000e+00,0.000000e+00,0.000000e+00,0.000000e+00,0.000000e+00,0.000000e+00,0.000000e+00,0.000000e+00
1.000000e+00,0.000000e+00,0.000000e+00,0.000000e+00,0.000000e+00,0.000000e+00,0.000000e+00,0.000000e+00,0.000000e+00,0.000000e+00,0.000000e+00,0.000000e+00,0.000000e+00,0.000000e+00,0.000000e+00
1.000000e+00,0.000000e+00,0.000000e+00,0.000000e+00,0.000000e+00,0.000000e+00,0.000000e+00,0.000000e+00,0.000000e+00,0.000000e+00,0.000000e+00,0.000000e+00,0.000000e+00,0.000000e+00,0.000000e+00
1.000000e+00,0.000000e+00,0.000000e+00,0.000000e+00,0.000000e+00,0.000000e+00,0.000000e+00,0.000000e+00,0.000000e+00,0.000000e+00,0.000000e+00,0.000000e+00,0.000000e+00,0.000000e+00,0.000000e+00
1.000000e+00,0.000000e+00,0.000000e+00,0.000000e+00,0.000000e+00,0.000000e+00,0.000000e+00,0.000000e+00,0.000000e+00,0.000000e+00,0.000000e+00,0.000000e+00,0.000000e+00,0.000000e+00,0.000000e+00
1.000000e+00,0.000000e+00,0.000000e+00,0.000000e+00,0.000000e+00,0.000000e+00,0.000000e+00,0.000000e+00,0.000000e+00,0.000000e+00,0.000000e+00,0.000000e+00,0.000000e+00,0.000000e+00,0.000000e+00
1.000000e+00,0.000000e+00,0.000000e+00,0.000000e+00,0.000000e+00,0.000000e+00,0.000000e+00,0.000000e+00,0.000000e+00,0.000000e+00,0.000000e+00,0.000000e+00,0.000000e+00,0.000000e+00,0.000000e+00
1.000000e+00,0.000000e+00,0.000000e+00,0.000000e+00,0.000000e+00,0.000000e+00,0.000000e+00,0.000000e+00,0.000000e+00,0.000000e+00,0.000000e+00,0.000000e+00,0.000000e+00,0.000000e+00,0.000000e+00
1.000000e+00,0.000000e+00,0.000000e+00,0.000000e+00,0.000000e+00,0.000000e+00,0.000000e+00,0.000000e+00,0.000000e+00,0.000000e+00,0.000000e+00,0.000000e+00,0.000000e+00,0.000000e+00,0.000000e+00
1.000000e+00,0.000000e+00,0.000000e+00,0.000000e+00,0.000000e+00,0.000000e+00,0.000000e+00,0.000000e+00,0.000000e+00,0.000000e+00,0.000000e+00,0.000000e+00,0.000000e+00,0.000000e+00,0.000000e+00
1.000000e+00,0.000000e+00,0.000000e+00,0.000000e+00,0.000000e+00,0.000000e+00,0.000000e+00,0.000000e+00,0.000000e+00,0.000000e+00,0.000000e+00,0.000000e+00,0.000000e+00,0.000000e+00,0.000000e+00
1.000000e+00,0.000000e+00,0.000000e+00,0.000000e+00,0.000000e+00,0.000000e+00,0.000000e+00,0.000000e+00,0.000000e+00,0.000000e+00,0.000000e+00,0.000000e+00,0.000000e+00,0.000000e+00,0.000000e+00
1.000000e+00,0.000000e+00,0.000000e+00,0.000000e+00,0.000000e+00,0.000000e+00,0.000000e+00,0.000000e+00,0.000000e+00,0.000000e+00,0.000000e+00,0.000000e+00,0.000000e+00,0.000000e+00,0.000000e+00
1.000000e+00,0.000000e+00,0.000000e+00,0.000000e+00,0.000000e+00,0.000000e+00,0.000000e+00,0.000000e+00,0.000000e+00,0.000000e+00,0.000000e+00,0.000000e+00,0.000000e+00,0.000000e+00,0.000000e+00
1.000000e+00,0.000000e+00,0.000000e+00,0.000000e+00,0.000000e+00,0.000000e+00,0.000000e+00,0.000000e+00,0.000000e+00,0.000000e+00,0.000000e+00,0.000000e+00,0.000000e+00,0.000000e+00,0.000000e+00
1.000000e+00,0.000000e+00,0.000000e+00,0.000000e+00,0.000000e+00,0.000000e+00,0.000000e+00,0.000000e+00,0.000000e+00,0.000000e+00,0.000000e+00,0.000000e+00,0.000000e+00,0.000000e+00,0.000000e+00
1.000000e+00,0.000000e+00,0.000000e+00,0.000000e+00,0.000000e+00,0.000000e+00,0.000000e+00,0.000000e+00,0.000000e+00,0.000000e+00,0.000000e+00,0.000000e+00,0.000000e+00,0.000000e+00,0.000000e+00
1.000000e+00,0.000000e+00,0.000000e+00,0.000000e+00,0.000000e+00,0.000000e+00,0.000000e+00,0.000000e+00,0.000000e+00,0.000000e+00,0.000000e+00,0.000000e+00,0.000000e+00,0.000000e+00,0.000000e+00
1.000000e+00,0.000000e+00,0.000000e+00,0.000000e+00,0.000000e+00,0.000000e+00,0.000000e+00,0.000000e+00,0.000000e+00,0.000000e+00,0.000000e+00,0.000000e+00,0.000000e+00,0.000000e+00,0.000000e+00
1.000000e+00,0.000000e+00,0.000000e+00,0.000000e+00,0.000000e+00,0.000000e+00,0.000000e+00,0.000000e+00,0.000000e+00,0.000000e+00,0.000000e+00,0.000000e+00,0.000000e+00,0.000000e+00,0.000000e+00
1.000000e+00,0.000000e+00,0.000000e+00,0.000000e+00,0.000000e+00,0.000000e+00,0.000000e+00,0.000000e+00,0.000000e+00,0.000000e+00,0.000000e+00,0.000000e+00,0.000000e+00,0.000000e+00,0.000000e+00
1.000000e+00,0.000000e+00,0.000000e+00,0.000000e+00,0.000000e+00,0.000000e+00,0.000000e+00,0.000000e+00,0.000000e+00,0.000000e+00,0.000000e+00,0.000000e+00,0.000000e+00,0.000000e+00,0.000000e+00
1.000000e+00,0.000000e+00,0.000000e+00,0.000000e+00,0.000000e+00,0.000000e+00,0.000000e+00,0.000000e+00,0.000000e+00,0.000000e+00,0.000000e+00,0.000000e+00,0.000000e+00,0.000000e+00,0.000000e+00
1.000000e+00,0.000000e+00,0.000000e+00,0.000000e+00,0.000000e+00,0.000000e+00,0.000000e+00,0.000000e+00,0.000000e+00,0.000000e+00,0.000000e+00,0.000000e+00,0.000000e+00,0.000000e+00,0.000000e+00
1.000000e+00,0.000000e+00,0.000000e+00,0.000000e+00,0.000000e+00,0.000000e+00,0.000000e+00,0.000000e+00,0.000000e+00,0.000000e+00,0.000000e+00,0.000000e+00,0.000000e+00,0.000000e+00,0.000000e+00
1.000000e+00,0.000000e+00,0.000000e+00,0.000000e+00,0.000000e+00,0.000000e+00,0.000000e+00,0.000000e+00,0.000000e+00,0.000000e+00,0.000000e+00,0.000000e+00,0.000000e+00,0.000000e+00,0.000000e+00
1.000000e+00,0.000000e+00,0.000000e+00,0.000000e+00,0.000000e+00,0.000000e+00,0.000000e+00,0.000000e+00,0.000000e+00,0.000000e+00,0.000000e+00,0.000000e+00,0.000000e+00,0.000000e+00,0.000000e+00
1.000000e+00,0.000000e+00,0.000000e+00,0.000000e+00,0.000000e+00,0.000000e+00,0.000000e+00,0.000000e+00,0.000000e+00,0.000000e+00,0.000000e+00,0.000000e+00,0.000000e+00,0.000000e+00,0.000000e+00
1.000000e+00,0.000000e+00,0.000000e+00,0.000000e+00,0.000000e+00,0.000000e+00,0.000000e+00,0.000000e+00,0.000000e+00,0.000000e+00,0.000000e+00,0.000000e+00,0.000000e+00,0.000000e+00,0.000000e+00
1.000000e+00,0.000000e+00,0.000000e+00,0.000000e+00,0.000000e+00,0.000000e+00,0.000000e+00,0.000000e+00,0.000000e+00,0.000000e+00,0.000000e+00,0.000000e+00,0.000000e+00,0.000000e+00,0.000000e+00
1.000000e+00,0.000000e+00,0.000000e+00,0.000000e+00,0.000000e+00,0.000000e+00,0.000000e+00,0.000000e+00,0.000000e+00,0.000000e+00,0.000000e+00,0.000000e+00,0.000000e+00,0.000000e+00,0.000000e+00
1.000000e+00,0.000000e+00,0.000000e+00,0.000000e+00,0.000000e+00,0.000000e+00,0.000000e+00,0.000000e+00,0.000000e+00,0.000000e+00,0.000000e+00,0.000000e+00,0.000000e+00,0.000000e+00,0.000000e+00
1.000000e+00,0.000000e+00,0.000000e+00,0.000000e+00,0.000000e+00,0.000000e+00,0.000000e+00,0.000000e+00,0.000000e+00,0.000000e+00,0.000000e+00,0.000000e+00,0.000000e+00,0.000000e+00,0.000000e+00
1.000000e+00,0.000000e+00,0.000000e+00,0.000000e+00,0.000000e+00,0.000000e+00,0.000000e+00,0.000000e+00,0.000000e+00,0.000000e+00,0.000000e+00,0.000000e+00,0.000000e+00,0.000000e+00,0.000000e+00
1.000000e+00,0.000000e+00,0.000000e+00,0.000000e+00,0.000000e+00,0.000000e+00,0.000000e+00,0.000000e+00,0.000000e+00,0.000000e+00,0.000000e+00,0.000000e+00,0.000000e+00,0.000000e+00,0.000000e+00
1.000000e+00,0.000000e+00,0.000000e+00,0.000000e+00,0.000000e+00,0.000000e+00,0.000000e+00,0.000000e+00,0.000000e+00,0.000000e+00,0.000000e+00,0.000000e+00,0.000000e+00,0.000000e+00,0.000000e+00
1.000000e+00,0.000000e+00,0.000000e+00,0.000000e+00,0.000000e+00,0.000000e+00,0.000000e+00,0.000000e+00,0.000000e+00,0.000000e+00,0.000000e+00,0.000000e+00,0.000000e+00,0.000000e+00,0.000000e+00
1.000000e+00,0.000000e+00,0.000000e+00,0.000000e+00,0.000000e+00,0.000000e+00,0.000000e+00,0.000000e+00,0.000000e+00,0.000000e+00,0.000000e+00,0.000000e+00,0.000000e+00,0.000000e+00,0.000000e+00
1.000000e+00,0.000000e+00,0.000000e+00,0.000000e+00,0.000000e+00,0.000000e+00,0.000000e+00,0.000000e+00,0.000000e+00,0.000000e+00,0.000000e+00,0.000000e+00,0.000000e+00,0.000000e+00,0.000000e+00
1.000000e+00,0.000000e+00,0.000000e+00,0.000000e+00,0.000000e+00,0.000000e+00,0.000000e+00,0.000000e+00,0.000000e+00,0.000000e+00,0.000000e+00,0.000000e+00,0.000000e+00,0.000000e+00,0.000000e+00
1.000000e+00,0.000000e+00,0.000000e+00,0.000000e+00,0.000000e+00,0.000000e+00,0.000000e+00,0.000000e+00,0.000000e+00,0.000000e+00,0.000000e+00,0.000000e+00,0.000000e+00,0.000000e+00,0.000000e+00
1.000000e+00,0.000000e+00,0.000000e+00,0.000000e+00,0.000000e+00,0.000000e+00,0.000000e+00,0.000000e+00,0.000000e+00,0.000000e+00,0.000000e+00,0.000000e+00,0.000000e+00,0.000000e+00,0.000000e+00
1.000000e+00,0.000000e+00,0.000000e+00,0.000000e+00,0.000000e+00,0.000000e+00,0.000000e+00,0.000000e+00,0.000000e+00,0.000000e+00,0.000000e+00,0.000000e+00,0.000000e+00,0.000000e+00,0.000000e+00
1.000000e+00,0.000000e+00,0.000000e+00,0.000000e+00,0.000000e+00,0.000000e+00,0.000000e+00,0.000000e+00,0.000000e+00,0.000000e+00,0.000000e+00,0.000000e+00,0.000000e+00,0.000000e+00,0.000000e+00
1.000000e+00,0.000000e+00,0.000000e+00,0.000000e+00,0.000000e+00,0.000000e+00,0.000000e+00,0.000000e+00,0.000000e+00,0.000000e+00,0.000000e+00,0.000000e+00,0.000000e+00,0.000000e+00,0.000000e+00
1.000000e+00,0.000000e+00,0.000000e+00,0.000000e+00,0.000000e+00,0.000000e+00,0.000000e+00,0.000000e+00,0.000000e+00,0.000000e+00,0.000000e+00,0.000000e+00,0.000000e+00,0.000000e+00,0.000000e+00
1.000000e+00,0.000000e+00,0.000000e+00,0.000000e+00,0.000000e+00,0.000000e+00,0.000000e+00,0.000000e+00,0.000000e+00,0.000000e+00,0.000000e+00,0.000000e+00,0.000000e+00,0.000000e+00,0.000000e+00
1.000000e+00,0.000000e+00,0.000000e+00,0.000000e+00,0.000000e+00,0.000000e+00,0.000000e+00,0.000000e+00,0.000000e+00,0.000000e+00,0.000000e+00,0.000000e+00,0.000000e+00,0.000000e+00,0.000000e+00
1.000000e+00,0.000000e+00,0.000000e+00,0.000000e+00,0.000000e+00,0.000000e+00,0.000000e+00,0.000000e+00,0.000000e+00,0.000000e+00,0.000000e+00,0.000000e+00,0.000000e+00,0.000000e+00,0.000000e+00
1.000000e+00,0.000000e+00,0.000000e+00,0.000000e+00,0.000000e+00,0.000000e+00,0.000000e+00,0.000000e+00,0.000000e+00,0.000000e+00,0.000000e+00,0.000000e+00,0.000000e+00,0.000000e+00,0.000000e+00
1.000000e+00,0.000000e+00,0.000000e+00,0.000000e+00,0.000000e+00,0.000000e+00,0.000000e+00,0.000000e+00,0.000000e+00,0.000000e+00,0.000000e+00,0.000000e+00,0.000000e+00,0.000000e+00,0.000000e+00
1.000000e+00,0.000000e+00,0.000000e+00,0.000000e+00,0.000000e+00,0.000000e+00,0.000000e+00,0.000000e+00,0.000000e+00,0.000000e+00,0.000000e+00,0.000000e+00,0.000000e+00,0.000000e+00,0.000000e+00
1.000000e+00,0.000000e+00,0.000000e+00,0.000000e+00,0.000000e+00,0.000000e+00,0.000000e+00,0.000000e+00,0.000000e+00,0.000000e+00,0.000000e+00,0.000000e+00,0.000000e+00,0.000000e+00,0.000000e+00
1.000000e+00,0.000000e+00,0.000000e+00,0.000000e+00,0.000000e+00,0.000000e+00,0.000000e+00,0.000000e+00,0.000000e+00,0.000000e+00,0.000000e+00,0.000000e+00,0.000000e+00,0.000000e+00,0.000000e+00
1.000000e+00,0.000000e+00,0.000000e+00,0.000000e+00,0.000000e+00,0.000000e+00,0.000000e+00,0.000000e+00,0.000000e+00,0.000000e+00,0.000000e+00,0.000000e+00,0.000000e+00,0.000000e+00,0.000000e+00
1.000000e+00,0.000000e+00,0.000000e+00,0.000000e+00,0.000000e+00,0.000000e+00,0.000000e+00,0.000000e+00,0.000000e+00,0.000000e+00,0.000000e+00,0.000000e+00,0.000000e+00,0.000000e+00,0.000000e+00
4.508669e-01,6.723814e-02,4.837250e-02,2.149455e-01,1.267859e-02,3.052962e-02,1.111169e-02,2.639436e-02,1.719273e-02,2.700055e-03,1.857452e-02,3.375515e-02,2.229039e-02,6.351055e-03,3.699880e-02
4.662170e-01,6.154358e-02,6.024713e-02,2.042341e-01,1.088127e-02,2.640584e-02,8.691418e-03,2.119932e-02,1.852249e-02,2.985416e-03,1.909782e-02,2.765539e-02,1.964546e-02,6.561517e-03,4.611231e-02
1.000000e+00,0.000000e+00,0.000000e+00,0.000000e+00,0.000000e+00,0.000000e+00,0.000000e+00,0.000000e+00,0.000000e+00,0.000000e+00,0.000000e+00,0.000000e+00,0.000000e+00,0.000000e+00,0.000000e+00
4.615947e-01,5.210364e-02,1.060222e-01,1.959627e-01,1.003278e-02,1.941465e-02,5.883315e-03,1.855233e-02,1.727789e-02,2.670610e-03,1.930676e-02,2.200727e-02,1.673038e-02,6.146989e-03,4.629365e-02
4.263746e-01,5.230279e-02,9.683639e-02,1.562001e-01,7.228108e-03,1.698198e-02,4.208962e-03,1.390776e-02,2.853144e-02,8.186594e-03,1.960796e-02,1.660600e-02,1.917654e-02,5.287584e-03,1.285632e-01
1.000000e+00,0.000000e+00,0.000000e+00,0.000000e+00,0.000000e+00,0.000000e+00,0.000000e+00,0.000000e+00,0.000000e+00,0.000000e+00,0.000000e+00,0.000000e+00,0.000000e+00,0.000000e+00,0.000000e+00
1.000000e+00,0.000000e+00,0.000000e+00,0.000000e+00,0.000000e+00,0.000000e+00,0.000000e+00,0.000000e+00,0.000000e+00,0.000000e+00,0.000000e+00,0.000000e+00,0.000000e+00,0.000000e+00,0.000000e+00
1.000000e+00,0.000000e+00,0.000000e+00,0.000000e+00,0.000000e+00,0.000000e+00,0.000000e+00,0.000000e+00,0.000000e+00,0.000000e+00,0.000000e+00,0.000000e+00,0.000000e+00,0.000000e+00,0.000000e+00
1.000000e+00,0.000000e+00,0.000000e+00,0.000000e+00,0.000000e+00,0.000000e+00,0.000000e+00,0.000000e+00,0.000000e+00,0.000000e+00,0.000000e+00,0.000000e+00,0.000000e+00,0.000000e+00,0.000000e+00
3.778666e-01,2.274597e-02,1.871189e-02,4.861085e-02,2.057507e-03,1.004527e-02,1.452579e-03,5.291516e-03,4.066586e-01,7.389047e-03,1.727781e-02,9.751635e-03,2.226307e-02,6.419441e-03,4.345819e-02
2.977864e-01,4.217504e-02,1.315949e-02,3.476779e-02,1.597513e-03,8.256522e-03,1.070814e-03,3.926559e-03,4.879607e-01,9.918950e-03,2.075459e-02,8.146035e-03,2.125983e-02,1.107461e-02,3.814524e-02
2.484241e-01,5.276347e-02,9.268707e-03,2.529872e-02,1.324335e-03,6.930033e-03,8.078879e-04,3.007025e-03,5.302959e-01,1.284964e-02,2.689598e-02,8.094775e-03,2.225355e-02,1.528072e-02,3.650517e-02
1.741464e-01,4.139622e-02,6.629474e-03,2.007446e-02,9.922483e-04,4.871272e-03,5.691800e-04,2.192939e-03,6.605688e-01,9.766517e-03,1.913773e-02,5.806924e-03,1.623927e-02,1.081846e-02,2.678998e-02
1.242782e-01,3.097161e-02,4.914735e-03,1.506941e-02,8.978218e-04,4.191485e-03,4.640016e-04,1.862407e-03,6.190595e-01,1.036664e-02,1.466344e-02,4.365574e-03,1.549851e-02,2.395222e-02,1.294444e-01
9.345996e-02,2.299282e-02,3.669588e-03,1.208106e-02,1.326523e-03,5.000819e-03,5.150865e-04,1.496291e-03,4.759302e-01,9.155441e-03,1.898302e-02,3.209810e-03,1.336477e-02,1.732739e-01,1.655408e-01
7.819041e-02,1.952018e-02,2.637275e-03,9.566283e-03,1.013522e-03,7.455927e-03,4.275254e-04,1.092520e-03,4.981954e-01,7.238736e-03,1.503927e-02,3.142383e-03,1.160157e-02,1.434888e-01,2.013902e-01
6.136093e-02,1.554363e-02,1.958702e-03,7.226758e-03,8.214086e-04,9.858057e-03,3.666498e-04,7.981956e-04,4.303419e-01,7.870850e-03,1.288088e-02,2.891981e-03,1.090125e-02,1.369247e-01,3.002540e-01
4.866415e-02,1.372622e-02,1.909463e-03,7.792103e-03,9.136028e-04,5.298357e-02,3.628118e-04,6.074939e-04,3.514736e-01,1.306625e-02,3.100864e-02,9.637423e-03,5.241716e-02,1.015982e-01,3.138393e-01
3.450357e-02,9.955945e-03,1.464913e-03,6.428712e-03,2.353678e-03,3.937535e-02,2.921117e-04,5.596314e-04,2.727271e-01,1.005035e-02,4.992456e-02,2.505375e-02,2.293276e-01,7.307883e-02,2.449040e-01
2.485486e-02,7.248873e-03,1.087734e-03,5.180949e-03,1.384574e-02,2.824429e-02,3.997388e-04,7.959208e-04,1.954196e-01,7.451132e-03,5.685328e-02,3.121034e-02,3.644445e-01,5.238329e-02,2.105798e-01
2.003179e-02,5.877799e-03,2.158583e-03,4.492512e-03,1.332622e-01,3.134579e-02,2.610170e-03,5.289318e-03,1.397589e-01,5.764408e-03,6.155110e-02,2.700303e-02,3.465228e-01,3.794209e-02,1.763895e-01
1.788587e-02,5.343580e-03,4.446669e-03,4.747938e-03,3.035809e-01,2.615904e-02,3.582836e-03,6.460555e-03,1.128789e-01,4.364714e-03,4.604910e-02,1.936742e-02,2.504811e-01,2.797514e-02,1.666762e-01
1.702487e-02,7.585908e-03,8.423243e-03,6.401062e-03,3.081544e-01,2.184096e-02,4.327298e-03,1.333896e-02,1.500678e-01,3.381955e-03,3.435694e-02,1.424892e-02,1.844183e-01,2.117656e-02,2.052529e-01
1.997620e-02,1.799204e-02,4.947062e-02,5.513473e-02,2.491661e-01,1.993943e-02,5.590868e-03,4.908700e-02,1.493786e-01,3.495406e-03,2.638933e-02,1.047556e-02,1.325033e-01,1.531352e-02,1.960874e-01
3.047913e-02,5.329716e-02,4.239090e-02,4.303337e-02,2.116417e-01,1.992911e-02,4.662760e-03,3.877988e-02,2.524397e-01,7.129004e-03,2.364619e-02,7.780144e-03,9.846340e-02,1.109133e-02,1.552361e-01
3.051619e-02,5.887165e-02,3.089452e-02,3.620207e-02,1.636441e-01,1.538512e-02,3.649407e-03,8.441434e-02,3.510191e-01,5.263451e-03,2.089527e-02,5.736703e-03,7.175886e-02,7.850993e-03,1.138982e-01
2.505375e-02,4.378439e-02,2.235060e-02,2.732146e-02,1.368413e-01,1.135539e-02,3.088851e-03,2.082587e-01,3.575612e-01,3.753801e-03,1.726810e-02,4.197330e-03,5.179345e-02,5.533471e-03,8.183819e-02
1.977432e-02,3.166970e-02,1.692251e-02,2.003670e-02,1.080787e-01,9.187690e-03,2.642540e-03,4.189164e-01,2.546139e-01,2.688543e-03,1.311308e-02,3.021706e-03,3.735751e-02,3.901091e-03,5.807557e-02
1.913765e-02,2.239031e-02,1.241373e-02,1.434882e-02,7.873292e-02,8.104702e-03,2.054739e-03,5.803457e-01,1.784197e-01,1.915319e-03,9.762327e-03,2.217607e-03,2.662819e-02,2.765294e-03,4.076292e-02
2.992508e-02,1.646118e-02,9.206261e-03,1.149012e-02,6.381190e-02,7.517380e-03,2.110048e-03,6.713117e-01,1.255276e-01,1.405184e-03,9.237047e-03,2.064248e-03,1.917363e-02,1.987981e-03,2.877061e-02
5.037806e-02,1.455033e-02,6.978416e-03,1.152648e-02,6.496693e-02,7.959644e-03,3.069879e-03,7.027583e-01,9.139867e-02,1.029557e-03,7.098878e-03,2.368997e-03,1.389503e-02,1.516056e-03,2.050474e-02
5.820876e-02,1.524064e-02,6.373422e-03,1.502900e-02,6.283683e-02,1.196303e-02,3.073065e-03,7.226766e-01,6.685318e-02,1.035459e-03,6.097256e-03,2.564942e-03,1.061145e-02,1.252520e-03,1.618385e-02
7.134269e-02,1.419143e-02,8.701324e-03,2.145391e-02,5.549707e-02,2.573307e-02,3.282433e-03,7.173218e-01,4.950223e-02,1.183758e-03,5.570068e-03,3.106648e-03,8.369914e-03,1.315963e-03,1.342779e-02
7.792428e-02,1.083224e-02,7.615651e-03,1.832474e-02,4.021569e-02,2.758612e-02,2.813641e-03,7.512941e-01,3.573769e-02,1.200015e-03,4.571683e-03,2.982430e-03,6.525569e-03,1.109264e-03,1.126691e-02
6.667728e-02,1.136257e-02,1.081243e-02,2.045014e-01,3.677878e-02,2.959001e-02,2.601714e-03,5.587938e-01,2.845176e-02,3.917673e-03,1.220144e-02,1.413423e-02,8.429746e-03,1.278538e-03,1.046873e-02
6.480393e-02,9.874395e-03,1.012041e-02,2.412156e-01,2.816387e-02,3.826877e-02,2.500360e-03,3.934371e-01,4.516255e-02,7.567679e-03,7.949413e-02,1.727616e-02,4.299757e-02,2.189092e-03,1.692848e-02
1.407147e-01,1.084362e-02,8.954719e-03,1.957283e-01,2.210282e-02,4.035042e-02,2.749208e-03,2.957452e-01,4.188757e-02,1.208291e-02,1.282430e-01,1.872546e-02,4.780617e-02,4.059562e-03,3.000651e-02
1.899371e-01,8.713529e-03,2.728686e-02,1.535670e-01,2.424416e-02,3.580024e-02,4.390121e-03,2.211767e-01,3.885684e-02,1.110045e-02,1.246191e-01,2.361531e-02,1.043584e-01,4.389862e-03,2.794438e-02
2.028372e-01,1.308305e-02,2.025981e-02,1.371386e-01,2.881560e-02,3.377505e-02,4.280891e-03,1.560660e-01,4.383383e-02,8.993045e-03,1.138135e-01,7.151745e-02,1.377154e-01,5.537408e-03,2.233330e-02
1.621122e-01,1.201333e-02,1.621736e-02,1.177185e-01,3.542061e-02,2.780541e-02,3.438736e-03,1.094288e-01,6.539436e-02,7.042313e-03,1.045451e-01,1.652154e-01,1.494972e-01,5.834126e-03,1.831674e-02
1.150362e-01,8.595048e-03,1.165062e-02,8.360954e-02,2.531989e-02,2.386142e-02,2.557516e-03,7.667483e-02,5.030693e-02,5.520353e-03,1.088615e-01,1.888661e-01,2.813620e-01,4.452557e-03,1.332553e-02
8.144851e-02,6.113000e-03,8.336965e-03,5.884003e-02,1.847460e-02,1.773084e-02,1.915328e-03,5.396455e-02,3.877293e-02,4.541390e-03,1.492307e-01,1.986446e-01,3.486115e-01,3.382669e-03,9.992415e-03
6.377073e-02,5.184113e-03,6.749332e-03,4.269825e-02,1.484993e-02,1.709622e-02,2.027112e-03,3.852517e-02,4.156150e-02,4.514784e-03,1.234247e-01,2.848735e-01,3.426648e-01,3.804715e-03,8.255089e-03
4.541164e-02,3.899324e-03,5.108958e-03,3.001097e-02,2.678277e-02,1.221593e-02,1.939592e-03,2.933404e-02,8.020976e-02,3.506120e-03,1.167803e-01,2.401034e-01,3.957908e-01,2.756317e-03,6.149977e-03
3.208495e-02,3.398120e-03,3.899485e-03,2.105131e-02,2.227583e-02,9.252670e-03,1.729036e-03,2.090672e-02,7.985663e-02,3.048516e-03,9.027863e-02,3.003988e-01,4.036893e-01,2.208762e-03,5.921244e-03
2.277319e-02,2.839874e-03,2.795060e-03,1.482401e-02,1.687418e-02,7.157569e-03,1.339489e-03,1.519532e-02,7.442029e-02,2.673170e-03,7.421779e-02,4.229222e-01,3.355289e-01,1.760736e-03,4.678251e-03
1.621580e-02,2.227191e-03,1.977835e-03,1.042777e-02,1.240833e-02,5.382522e-03,1.079719e-03,1.089091e-02,6.899575e-02,2.116330e-03,6.257834e-02,5.240145e-01,2.767831e-01,1.305860e-03,3.596067e-03
1.164410e-02,1.768897e-03,1.458618e-03,7.356301e-03,1.131995e-02,4.047864e-03,8.664725e-04,7.944360e-03,7.790518e-02,2.052388e-03,5.042178e-02,5.990273e-01,2.205597e-01,1.023405e-03,2.603733e-03
8.231120e-03,2.095444e-03,1.304638e-03,5.157411e-03,1.253606e-02,2.897370e-03,6.948471e-04,5.799054e-03,1.754995e-01,1.886499e-03,3.748867e-02,5.616580e-01,1.821318e-01,7.456442e-04,1.873924e-03
5.870248e-03,1.958012e-03,1.075309e-03,3.631533e-03,1.384632e-02,2.110389e-03,6.511493e-04,4.567895e-03,2.229827e-01,2.132822e-03,2.822414e-02,5.628540e-01,1.481576e-01,5.531088e-04,1.384749e-03
5.126684e-03,2.876752e-03,1.550971e-03,2.596916e-03,1.853461e-02,1.874176e-03,5.793658e-04,4.156732e-03,3.549112e-01,2.676630e-03,2.181871e-02,4.651915e-01,1.166645e-01,4.291636e-04,1.012007e-03
4.599717e-03,2.618247e-03,1.314127e-03,1.849833e-03,2.397954e-02,1.465137e-03,5.470440e-04,3.424371e-03,4.782558e-01,2.655325e-03,1.700044e-02,3.705064e-01,9.070397e-02,3.282229e-04,7.518207e-04
4.181529e-03,2.915155e-03,1.419453e-03,1.418691e-03,2.648801e-02,1.106401e-03,4.498138e-04,5.272037e-03,5.718845e-01,2.653156e-03,1.302668e-02,2.993952e-01,6.899752e-02,2.468380e-04,5.449804e-04
4.090523e-03,2.461212e-03,1.445852e-03,1.086943e-03,3.527690e-02,9.537346e-04,6.176672e-04,6.243633e-03,6.519021e-01,2.275201e-03,9.880933e-03,2.317110e-01,5.145812e-02,1.987468e-04,3.974782e-04
5.693716e-03,2.866669e-03,3.194901e-03,2.725109e-03,6.006327e-02,9.918533e-04,6.787681e-04,2.439925e-02,6.651300e-01,2.358826e-03,8.631533e-03,1.812060e-01,4.152734e-02,2.290849e-04,3.037244e-04
2.254284e-02,5.333795e-03,6.497344e-03,8.486060e-03,7.342599e-02,1.554571e-03,9.092243e-04,6.778935e-02,5.871578e-01,3.571195e-03,8.801288e-03,1.784851e-01,3.444928e-02,6.300221e-04,3.660922e-04
3.257663e-02,6.186109e-03,6.215136e-03,7.520365e-03,9.433551e-02,3.193867e-03,1.829149e-03,6.384774e-02,5.742099e-01,4.606740e-03,9.300521e-03,1.642049e-01,3.042882e-02,9.219344e-04,6.225910e-04
3.568653e-02,5.817750e-03,5.375281e-03,6.693827e-03,9.746889e-02,3.717071e-03,2.155779e-03,8.717477e-02,5.866612e-01,4.125841e-03,8.089874e-03,1.294594e-01,2.567538e-02,9.154720e-04,9.829401e-04
5.433401e-02,6.717846e-03,4.640067e-03,9.802524e-03,1.014553e-01,7.587712e-03,2.666282e-03,8.385752e-02,5.952291e-01,3.534409e-03,6.901058e-03,9.799923e-02,2.255003e-02,1.050953e-03,1.673840e-03
8.729284e-02,6.942302e-03,4.347370e-03,1.192508e-02,1.587234e-01,2.676960e-02,6.134256e-03,7.024546e-02,5.139765e-01,3.215343e-03,7.346509e-03,7.821809e-02,2.034750e-02,1.427387e-03,3.088297e-03
8.742692e-02,6.681421e-03,3.867565e-03,1.385741e-02,2.156722e-01,2.530233e-02,6.987668e-03,1.626495e-01,3.943096e-01,2.377064e-03,6.029304e-03,5.605001e-02,1.506795e-02,1.201901e-03,2.519155e-03
7.538602e-02,5.164380e-03,3.365403e-03,1.190734e-02,2.069046e-01,1.888848e-02,6.109801e-03,3.090634e-01,3.031173e-01,1.694969e-03,4.608288e-03,4.004457e-02,1.095439e-02,9.202201e-04,1.870751e-03
5.706242e-02,3.810473e-03,7.333973e-03,1.728982e-02,1.667351e-01,1.482351e-02,4.982365e-03,4.702044e-01,2.149470e-01,1.205316e-03,3.389990e-03,2.825400e-02,7.918818e-03,6.627754e-04,1.379974e-03
4.274707e-02,2.793807e-03,6.325479e-03,1.421918e-02,1.264168e-01,1.144085e-02,3.700754e-03,6.111181e-01,1.508658e-01,8.765229e-04,2.438137e-03,1.984606e-02,5.678875e-03,5.269409e-04,1.005657e-03
3.217707e-02,2.111129e-03,5.479754e-03,1.096538e-02,9.375314e-02,9.206263e-03,2.828275e-03,7.162237e-01,1.057360e-01,6.359319e-04,1.733413e-03,1.395677e-02,4.062053e-03,3.951434e-04,7.359745e-04
2.882152e-02,1.564308e-03,6.525016e-03,1.073433e-02,6.987741e-02,9.534944e-03,2.358619e-03,7.809717e-01,7.419631e-02,4.712062e-04,1.270948e-03,9.876739e-03,2.923342e-03,3.007878e-04,5.728317e-04
2.964872e-02,1.171252e-03,6.105673e-03,9.311054e-03,5.781880e-02,7.762969e-03,1.837416e-03,8.231492e-01,5.212695e-02,3.657117e-04,9.507554e-04,6.987635e-03,2.106189e-03,2.272901e-04,4.304456e-04
2.904899e-02,1.020204e-03,6.395319e-03,1.100646e-02,4.341554e-02,6.219151e-03,1.937184e-03,8.557332e-01,3.699448e-02,2.924326e-04,8.231858e-04,4.977044e-03,1.604747e-03,1.805549e-04,3.515501e-04
3.271102e-02,7.651308e-04,5.428309e-03,1.277467e-02,3.270769e-02,4.850962e-03,1.798015e-03,8.767102e-01,2.612818e-02,2.277504e-04,6.792652e-04,3.570112e-03,1.237340e-03,1.472044e-04,2.642598e-04
3.901497e-02,5.706497e-04,4.360345e-03,1.147995e-02,2.539810e-02,3.984355e-03,1.761769e-03,8.903804e-01,1.843226e-02,1.716636e-04,5.475334e-04,2.586953e-03,9.976339e-04,1.127205e-04,2.008034e-04
3.737620e-02,4.545649e-04,4.339336e-03,1.047250e-02,1.926191e-02,3.028102e-03,1.613924e-03,9.068192e-01,1.308617e-02,1.344005e-04,4.328437e-04,1.930551e-03,7.929901e-04,8.735699e-05,1.700030e-04
3.747082e-02,3.730475e-04,3.936635e-03,9.363489e-03,1.484050e-02,2.347298e-03,1.585667e-03,9.179353e-01,9.348276e-03,1.061497e-04,3.518258e-04,1.453006e-03,6.773244e-04,6.708202e-05,1.436329e-04
4.506622e-02,3.268279e-04,4.270007e-03,9.963304e-03,1.215740e-02,2.274601e-03,1.538754e-03,9.150497e-01,6.680339e-03,1.026905e-04,3.315570e-04,1.305576e-03,6.859566e-04,6.740460e-05,1.797237e-04
4.573812e-02,2.839081e-04,4.275077e-03,9.038647e-03,1.011116e-02,1.820915e-03,1.416819e-03,9.202303e-01,4.768774e-03,8.865242e-05,2.942480e-04,1.074133e-03,6.070450e-04,6.107576e-05,1.912298e-04
5.395345e-02,2.821651e-04,4.112455e-03,7.937448e-03,8.935232e-03,1.597367e-03,1.315890e-03,9.161456e-01,3.434510e-03,9.226605e-05,2.922723e-04,9.939466e-04,6.047984e-04,6.547643e-05,2.371380e-04
7.537261e-02,2.843241e-04,3.205710e-03,6.778390e-03,8.891026e-03,1.351658e-03,1.208257e-03,8.978730e-01,2.510133e-03,9.022255e-05,3.263690e-04,1.080591e-03,6.845198e-04,6.946276e-05,2.736851e-04
8.587591e-02,2.602880e-04,2.461531e-03,5.656321e-03,8.166250e-03,1.176872e-03,1.113407e-03,8.909053e-01,1.818002e-03,7.946783e-05,3.221737e-04,1.080430e-03,7.291652e-04,6.967306e-05,2.852314e-04
1.265797e-01,3.034358e-04,2.223813e-03,4.870175e-03,8.197654e-03,2.024808e-03,1.857428e-03,8.477265e-01,1.428854e-03,7.865136e-05,4.719069e-04,2.276892e-03,1.394509e-03,1.285310e-04,4.370444e-04
2.241672e-01,5.083011e-04,2.180513e-03,4.980903e-03,8.062261e-03,3.656259e-03,1.998004e-03,7.423697e-01,1.412896e-03,1.722102e-04,1.120442e-03,4.937623e-03,2.746898e-03,3.693175e-04,1.317546e-03
3.379192e-01,8.025424e-04,2.478370e-03,6.460735e-03,7.570691e-03,6.155883e-03,2.121510e-03,6.102223e-01,1.635718e-03,4.110477e-04,2.299198e-03,1.241130e-02,5.986901e-03,7.168351e-04,2.807713e-03
4.295298e-01,1.258202e-03,2.911540e-03,8.407309e-03,7.695022e-03,8.401047e-03,2.802448e-03,5.034251e-01,1.903829e-03,6.632018e-04,2.732802e-03,1.822955e-02,6.921854e-03,1.084010e-03,4.034312e-03
4.262817e-01,2.595895e-03,3.398580e-03,1.245561e-02,7.398494e-03,9.859705e-03,2.940431e-03,4.289200e-01,3.443670e-03,1.260684e-03,5.073797e-03,3.347521e-02,5.502331e-02,1.747634e-03,6.125296e-03
4.095088e-01,4.430700e-03,3.539742e-03,1.916482e-02,8.736587e-03,1.066102e-02,2.857356e-03,3.574835e-01,1.271793e-02,3.386230e-03,8.274322e-03,4.560861e-02,9.734502e-02,3.355872e-03,1.292946e-02
3.751637e-01,5.645143e-03,4.896725e-03,4.189368e-02,1.058962e-02,1.051778e-02,2.964908e-03,2.782918e-01,3.473333e-02,4.788828e-03,1.563445e-02,6.247512e-02,1.310152e-01,5.045255e-03,1.634456e-02
3.978606e-01,6.572445e-03,4.952756e-03,4.627919e-02,1.537414e-02,1.219918e-02,2.974587e-03,2.230072e-01,3.306796e-02,4.052511e-03,3.281955e-02,5.989894e-02,1.402453e-01,4.997259e-03,1.569843e-02
4.520788e-01,7.618759e-03,6.285976e-03,3.695821e-02,3.563279e-02,1.803515e-02,6.934172e-03,1.817638e-01,3.007131e-02,3.354870e-03,3.160537e-02,4.913204e-02,1.225039e-01,4.331978e-03,1.369287e-02
4.767582e-01,8.125991e-03,6.429036e-03,3.512546e-02,3.874853e-02,2.618795e-02,6.517198e-03,1.357842e-01,2.866859e-02,2.704030e-03,2.502152e-02,4.847675e-02,1.451372e-01,3.729868e-03,1.258544e-02
4.954472e-01,7.314465e-03,5.129783e-03,2.806072e-02,3.805676e-02,2.681817e-02,5.829921e-03,9.787202e-02,2.339104e-02,2.228990e-03,2.346755e-02,4.686771e-02,1.847573e-01,3.334716e-03,1.142372e-02
4.774437e-01,6.306907e-03,4.310566e-03,2.136556e-02,3.240964e-02,2.643415e-02,6.229870e-03,7.142966e-02,2.013262e-02,2.166987e-03,1.909213e-02,4.809039e-02,2.520903e-01,3.103703e-03,9.393841e-03
4.295633e-01,5.195548e-03,3.604819e-03,1.592742e-02,2.646752e-02,2.981548e-02,5.538734e-03,5.126262e-02,1.514433e-02,1.748148e-03,1.467633e-02,5.068351e-02,3.405467e-01,2.434221e-03,7.391390e-03
3.390140e-01,4.112313e-03,2.635640e-03,1.172815e-02,2.055981e-02,4.024315e-02,4.314483e-03,3.632586e-02,1.103384e-02,1.278425e-03,1.070398e-02,4.555478e-02,4.653215e-01,1.746037e-03,5.427993e-03
2.623008e-01,3.634972e-03,2.227465e-03,9.317013e-03,1.650681e-02,3.858108e-02,4.442053e-03,2.608656e-02,1.029890e-02,1.005080e-03,7.882210e-03,4.531041e-02,5.668202e-01,1.290248e-03,4.296243e-03
1.933627e-01,3.096322e-03,2.490734e-03,8.079830e-03,1.301815e-02,3.562279e-02,3.461833e-03,1.904140e-02,1.716633e-02,8.948225e-04,6.524425e-03,3.482481e-02,6.579664e-01,9.956246e-04,3.453819e-03
1.462290e-01,2.830553e-03,2.066061e-03,6.011333e-03,1.069064e-02,3.207429e-02,2.702303e-03,1.447185e-02,1.337139e-02,6.938182e-04,4.962491e-03,2.929590e-02,7.313117e-01,7.683917e-04,2.520344e-03
1.169668e-01,3.432261e-03,5.459900e-03,1.162358e-02,1.110047e-02,2.617982e-02,2.292237e-03,2.131891e-02,2.231499e-02,6.635117e-04,3.839680e-03,2.489239e-02,7.471809e-01,6.238654e-04,2.110641e-03
1.030756e-01,2.897832e-03,6.825414e-03,1.012950e-02,1.005340e-02,3.866874e-02,2.112208e-03,1.993681e-02,1.768499e-02,5.819140e-04,2.999627e-03,1.858096e-02,7.640969e-01,5.568701e-04,1.799296e-03
8.668704e-02,3.156647e-03,5.703004e-03,7.647119e-03,8.485385e-03,4.715446e-02,2.311489e-03,1.747552e-02,1.508288e-02,5.440108e-04,2.284389e-03,1.645309e-02,7.850556e-01,4.387919e-04,1.520570e-03
7.593445e-02,2.618161e-03,4.370984e-03,6.152808e-03,6.598280e-03,9.442027e-02,2.149712e-03,1.262163e-02,3.022935e-02,4.956546e-04,1.901784e-03,1.521256e-02,7.452952e-01,3.807530e-04,1.618426e-03
6.543117e-02,2.024087e-03,3.269072e-03,4.586292e-03,6.612287e-03,8.348055e-02,1.862393e-03,9.066362e-03,2.256867e-02,3.890362e-04,1.627542e-03,1.269698e-02,7.844812e-01,3.031654e-04,1.601256e-03
5.226034e-02,1.539224e-03,2.396391e-03,3.370575e-03,6.723489e-03,6.176853e-02,1.526359e-03,6.564416e-03,1.620840e-02,2.989189e-04,1.402723e-03,1.062173e-02,8.333669e-01,2.299640e-04,1.722116e-03
3.991212e-02,1.306038e-03,2.214996e-03,2.541853e-03,1.282049e-02,4.446140e-02,1.420570e-03,5.083178e-03,1.207377e-02,2.389424e-04,1.204538e-03,1.062070e-02,8.640885e-01,2.066358e-04,1.806241e-03
3.079933e-02,2.379833e-03,5.104282e-03,2.323869e-03,1.272363e-02,3.286392e-02,1.609229e-03,4.152802e-03,1.098039e-02,2.864850e-04,1.183806e-03,9.332106e-03,8.827484e-01,2.713802e-04,3.240528e-03
3.225861e-02,2.508921e-03,8.410647e-03,2.610752e-03,1.818209e-02,2.548862e-02,1.797342e-03,8.231741e-03,1.109767e-02,2.987121e-04,1.638519e-03,8.000120e-03,8.749729e-01,3.738580e-04,4.129468e-03
3.192356e-02,3.167462e-03,1.387836e-02,4.934647e-03,1.677841e-02,2.224738e-02,1.606810e-03,4.598199e-02,1.369495e-02,3.052597e-04,3.007991e-03,6.615145e-03,8.298007e-01,8.817236e-04,5.175618e-03
3.196720e-02,4.606243e-03,2.045808e-02,8.815769e-03,1.469019e-02,2.031779e-02,1.234226e-03,5.709367e-02,2.014532e-02,3.873124e-04,4.756354e-03,5.692504e-03,7.995802e-01,9.953213e-04,9.259784e-03
3.630982e-02,7.726688e-03,1.981303e-02,9.532841e-03,1.486731e-02,1.980253e-02,1.345743e-03,5.249283e-02,7.992320e-02,3.488333e-04,3.915640e-03,4.564353e-03,7.363509e-01,8.204378e-04,1.218585e-02
3.291177e-02,1.147191e-02,2.693331e-02,1.202079e-01,1.473442e-02,2.268096e-02,1.041476e-03,5.806933e-02,1.418352e-01,5.658934e-04,3.283066e-03,3.471402e-03,5.506802e-01,6.167314e-04,1.149648e-02
2.652096e-02,9.190160e-03,4.921099e-02,1.697447e-01,1.301470e-02,1.976735e-02,1.225970e-03,1.628055e-01,1.321410e-01,5.549088e-04,3.045683e-03,2.691261e-03,3.984144e-01,4.884558e-04,1.118393e-02
2.784124e-02,1.274434e-02,7.048498e-02,2.120910e-01,1.456482e-02,2.011513e-02,1.718066e-03,1.407319e-01,1.871387e-01,2.136748e-03,4.981223e-03,2.342874e-03,2.870708e-01,5.579424e-04,1.548023e-02
3.189374e-02,1.483033e-02,7.650495e-02,1.913549e-01,2.150126e-02,2.460182e-02,2.481761e-03,1.495362e-01,2.381153e-01,3.917289e-03,5.617470e-03,1.946805e-03,2.096467e-01,7.037442e-04,2.734769e-02
3.511649e-02,2.076933e-02,1.029909e-01,2.983542e-01,2.221089e-02,1.844257e-02,1.873268e-03,1.293815e-01,1.867038e-01,3.307811e-03,8.217693e-03,2.094315e-03,1.481370e-01,6.121155e-04,2.178823e-02
3.916816e-02,3.317117e-02,1.150920e-01,2.980629e-01,2.549092e-02,1.561045e-02,1.747624e-03,1.283879e-01,1.709001e-01,4.327312e-03,3.586689e-02,2.216673e-03,1.063068e-01,1.316245e-03,2.233495e-02
3.219586e-02,2.502466e-02,8.249188e-02,2.456692e-01,3.926428e-02,1.264073e-02,1.537214e-03,9.936664e-02,1.918301e-01,3.853620e-03,1.418551e-01,2.042762e-03,8.027348e-02,1.568702e-03,4.038592e-02
2.612917e-02,1.857014e-02,5.887536e-02,2.159472e-01,7.209734e-02,1.003069e-02,1.168702e-03,8.137201e-02,2.068659e-01,2.953923e-03,2.077927e-01,1.908351e-03,6.277240e-02,2.249787e-03,3.126640e-02
1.871363e-02,1.355595e-02,4.194351e-02,1.711936e-01,5.657141e-02,7.404295e-03,8.639183e-04,6.040328e-02,2.524381e-01,2.272560e-03,2.757806e-01,1.988747e-03,6.712243e-02,3.218747e-03,2.652934e-02
1.409154e-02,9.812806e-03,2.973598e-02,1.336229e-01,4.090621e-02,5.732070e-03,7.014630e-04,4.252373e-02,2.651589e-01,2.306503e-03,3.475307e-01,2.252261e-03,6.426296e-02,1.399657e-02,2.736552e-02
1.021689e-02,7.197169e-03,2.132365e-02,1.021753e-01,2.929382e-02,4.469029e-03,5.296794e-04,2.997857e-02,3.115788e-01,2.014593e-03,3.509116e-01,3.407088e-03,7.818196e-02,1.829427e-02,3.042754e-02
7.517959e-03,5.300910e-03,1.527392e-02,7.570851e-02,2.103954e-02,3.417097e-03,4.251989e-04,2.107947e-02,3.675780e-01,2.327455e-03,3.522139e-01,5.900903e-03,6.333919e-02,2.412780e-02,3.475021e-02
6.159840e-03,4.180058e-03,1.104633e-02,5.546223e-02,1.497381e-02,2.646255e-03,3.509613e-04,1.483185e-02,2.962281e-01,6.699802e-03,4.214729e-01,7.795980e-03,4.821850e-02,6.938956e-02,4.054383e-02
4.548074e-03,3.292678e-03,8.206393e-03,3.966377e-02,1.093998e-02,2.027184e-03,2.802536e-04,1.043972e-02,2.181911e-01,6.762596e-03,5.055980e-01,9.359306e-03,3.576156e-02,9.394571e-02,5.098373e-02
3.410853e-03,2.618275e-03,6.632872e-03,2.897998e-02,9.189616e-03,1.819074e-03,3.230692e-04,7.365992e-03,1.588157e-01,5.796873e-03,6.115924e-01,7.289696e-03,2.574064e-02,8.509706e-02,4.532792e-02
2.457339e-03,1.940897e-03,5.106312e-03,2.109111e-02,6.994156e-03,1.339900e-03,2.756379e-04,5.188314e-03,1.146579e-01,5.264111e-03,6.995245e-01,5.692143e-03,1.846496e-02,7.059360e-02,4.140912e-02
1.958309e-03,2.218131e-03,5.424116e-03,1.497314e-02,1.678750e-02,1.024619e-03,2.299174e-04,3.653197e-03,8.156040e-02,4.108678e-03,7.295364e-01,4.820455e-03,1.354908e-02,8.901913e-02,3.113692e-02
1.616823e-03,1.670327e-03,4.197783e-03,1.101075e-02,1.588393e-02,8.749809e-04,1.947195e-04,2.621827e-03,5.925072e-02,3.406537e-03,7.660075e-01,4.497065e-03,1.002922e-02,9.647718e-02,2.226062e-02
1.270584e-03,1.266373e-03,3.230845e-03,8.329858e-03,1.337413e-02,8.001803e-04,1.660522e-04,1.869688e-03,4.269284e-02,3.496848e-03,7.916657e-01,4.799506e-03,7.762002e-03,1.028233e-01,1.645206e-02
1.085871e-03,1.073452e-03,2.963161e-03,6.656026e-03,1.091199e-02,9.665148e-04,1.578672e-04,1.488693e-03,3.161620e-02,4.038742e-03,7.945725e-01,4.361708e-03,6.800409e-03,1.210018e-01,1.230517e-02
9.584520e-04,1.594467e-03,2.845156e-03,5.347116e-03,8.526919e-03,1.109486e-03,2.152428e-04,1.197775e-03,2.293569e-02,4.110023e-03,8.078290e-01,3.424307e-03,6.154343e-03,1.244305e-01,9.321592e-03
1.111610e-03,1.387099e-03,2.963145e-03,6.928996e-03,9.505579e-03,2.763568e-03,2.570922e-04,2.040852e-03,1.820744e-02,5.505365e-03,7.853556e-01,4.511748e-03,9.229057e-03,1.407938e-01,9.439059e-03
1.222665e-03,1.053281e-03,3.273982e-03,6.092262e-03,1.118633e-02,2.831314e-03,2.938209e-04,1.195742e-02,1.627997e-02,6.330956e-03,7.982204e-01,4.134599e-03,9.279964e-03,1.172256e-01,1.061754e-02
1.226956e-03,8.687442e-04,3.624920e-03,5.666368e-03,2.631268e-02,2.425449e-03,8.016132e-04,1.502647e-02,2.660764e-02,7.869037e-03,7.581002e-01,3.993036e-03,9.067394e-03,1.183920e-01,2.001769e-02
1.988307e-03,8.700442e-04,4.872771e-03,5.681884e-03,6.174457e-02,2.545692e-03,2.311494e-03,2.583985e-02,7.756191e-02,1.100226e-02,6.594070e-01,4.450535e-03,1.105728e-02,1.072732e-01,2.339331e-02
2.240420e-03,1.009307e-03,4.839324e-03,4.558721e-03,5.082441e-02,3.258897e-03,2.625110e-03,1.957497e-02,1.053956e-01,1.351297e-02,6.592213e-01,6.392192e-03,1.171619e-02,9.416635e-02,2.066426e-02
3.135548e-03,1.613755e-03,7.900678e-03,3.413287e-03,6.194954e-02,2.710209e-03,2.482904e-03,1.923006e-02,1.466777e-01,1.354119e-02,6.256304e-01,9.762198e-03,1.188054e-02,7.291905e-02,1.715299e-02
4.325420e-03,1.462240e-03,1.484204e-02,2.592269e-03,1.139404e-01,3.517124e-03,6.692894e-03,4.644169e-02,1.870242e-01,1.034378e-02,5.136335e-01,1.130655e-02,1.253703e-02,5.874034e-02,1.260058e-02
5.519569e-03,1.927846e-03,2.017596e-02,2.024647e-03,1.113803e-01,4.149514e-03,1.098988e-02,6.764756e-02,2.788270e-01,8.072544e-03,4.104581e-01,1.131556e-02,1.244761e-02,4.572031e-02,9.343667e-03
9.467837e-03,1.745206e-03,7.950293e-02,1.909510e-03,1.448256e-01,3.441564e-03,1.416376e-02,1.359831e-01,2.506283e-01,5.916796e-03,2.938639e-01,8.824867e-03,1.034196e-02,3.267578e-02,6.708893e-03
7.857847e-03,1.434424e-03,5.631307e-02,1.445259e-03,1.569169e-01,3.339790e-03,1.433398e-02,9.734832e-02,4.084408e-01,4.382375e-03,2.065502e-01,6.287928e-03,7.409481e-03,2.321608e-02,4.723657e-03
6.102726e-03,1.122351e-03,3.953614e-02,1.034992e-03,1.459438e-01,2.705943e-03,1.087953e-02,6.943534e-02,5.460716e-01,3.088781e-03,1.448004e-01,4.430938e-03,5.256045e-03,1.627884e-02,3.312600e-03
5.357565e-03,1.142866e-03,2.852969e-02,1.018485e-03,1.414326e-01,2.372823e-03,8.697277e-03,6.723981e-02,6.199688e-01,2.179006e-03,1.014353e-01,3.143550e-03,3.746092e-03,1.140618e-02,2.330117e-03
4.898123e-03,1.875980e-03,2.045793e-02,9.444644e-04,1.325775e-01,2.548865e-03,6.621059e-03,5.691513e-02,6.860359e-01,1.564863e-03,7.104437e-02,2.219825e-03,2.641534e-03,8.003794e-03,1.650721e-03
9.023293e-03,6.181098e-03,1.551695e-02,1.478168e-03,1.902836e-01,2.833845e-03,5.327952e-03,4.489531e-02,6.608459e-01,1.982067e-03,4.977993e-02,1.593539e-03,1.926417e-03,5.670105e-03,2.661887e-03
1.573554e-02,1.198176e-02,1.241294e-02,2.700826e-03,1.871579e-01,2.993281e-03,6.720149e-03,4.946701e-02,6.642115e-01,1.800216e-03,3.496282e-02,1.319156e-03,1.753432e-03,4.200513e-03,2.582978e-03
1.465826e-02,1.194323e-02,1.351481e-02,1.026393e-02,1.804735e-01,7.788692e-03,3.081046e-02,4.307500e-02,4.827899e-01,1.520720e-03,2.521783e-02,1.399077e-03,1.709720e-01,2.980524e-03,2.592111e-03
1.529384e-02,1.164028e-02,1.110823e-02,1.176806e-02,1.907646e-01,1.586279e-02,2.873709e-02,3.417315e-02,3.409377e-01,1.215065e-03,2.017650e-02,2.013620e-03,3.099317e-01,2.120824e-03,4.256564e-03
1.817036e-02,9.158683e-03,8.238325e-03,9.764778e-03,1.827026e-01,1.746305e-02,2.110187e-02,2.547735e-02,2.410384e-01,9.450148e-04,1.530183e-02,3.187716e-03,4.401623e-01,1.505305e-03,5.782414e-03
1.489324e-02,6.821496e-03,6.041331e-03,7.989305e-03,1.337339e-01,1.708517e-02,1.486132e-02,2.020601e-02,1.698461e-01,7.720080e-04,1.364953e-02,4.499549e-03,5.824845e-01,1.166057e-03,5.950443e-03
1.181662e-02,4.893644e-03,4.285476e-03,5.772648e-03,9.532446e-02,1.487514e-02,1.053118e-02,1.440960e-02,1.191665e-01,6.040101e-04,1.001336e-02,6.730719e-03,6.962069e-01,8.618021e-04,4.507966e-03
