1.000000e+00,0.000000e+00,0.000000e+00,0.000000e+00,0.000000e+00,0.000000e+00,0.000000e+00,0.000000e+00,0.000000e+00,0.000000e+00,0.000000e+00,0.000000e+00,0.000000e+00,0.000000e+00,0.000000e+00
1.000000e+00,0.000000e+00,0.000000e+00,0.000000e+00,0.000000e+00,0.000000e+00,0.000000e+00,0.000000e+00,0.000000e+00,0.000000e+00,0.000000e+00,0.000000e+00,0.000000e+00,0.000000e+00,0.000000e+00
1.000000e+00,0.000000e+00,0.000000e+00,0.000000e+00,0.000000e+00,0.000000e+00,0.000000e+00,0.000000e+00,0.000000e+00,0.000000e+00,0.000000e+00,0.000000e+00,0.000000e+00,0.000000e+00,0.000000e+00
1.000000e+00,0.000000e+00,0.000000e+00,0.000000e+00,0.000000e+00,0.000000e+00,0.000000e+00,0.000000e+00,0.000000e+00,0.000000e+00,0.000000e+00,0.000000e+00,0.000000e+00,0.000000e+00,0.000000e+00
1.000000e+00,0.000000e+00,0.000000e+00,0.000000e+00,0.000000e+00,0.000000e+00,0.000000e+00,0.000000e+00,0.000000e+00,0.000000e+00,0.000000e+00,0.000000e+00,0.000000e+00,0.000000e+00,0.000000e+00
1.000000e+00,0.000000e+00,0.000000e+00,0.000000e+00,0.000000e+00,0.000000e+00,0.000000e+00,0.000000e+00,0.000000e+00,0.000000e+00,0.000000e+00,0.000000e+00,0.000000e+00,0.000000e+00,0.000000e+00
1.000000e+00,0.000000e+00,0.000000e+00,0.000000e+00,0.000000e+00,0.000000e+00,0.000000e+00,0.000000e+00,0.000000e+00,0.000000e+00,0.000000e+00,0.000000e+00,0.000000e+00,0.000000e+00,0.000000e+00
1.000000e+00,0.000000e+00,0.000000e+00,0.000000e+00,0.000000e+00,0.000000e+00,0.000000e+00,0.000000e+00,0.000000e+00,0.000000e+00,0.000000e+00,0.000000e+00,0.000000e+00,0.000000e+00,0.000000e+00
1.000000e+00,0.000000e+00,0.000000e+00,0.000000e+00,0.000000e+00,0.000000e+00,0.000000e+00,0.000000e+00,0.000000e+00,0.000000e+00,0.000000e+00,0.000000e+00,0.000000e+00,0.000000e+00,0.000000e+00
1.000000e+00,0.000000e+00,0.000000e+00,0.000000e+00,0.000000e+00,0.000000e+00,0.000000e+00,0.000000e+00,0.000000e+00,0.000000e+00,0.000000e+00,0.000000e+00,0.000000e+00,0.000000e+00,0.000000e+00
1.000000e+00,0.000000e+00,0.000000e+00,0.000000e+00,0.000000e+00,0.000000e+00,0.000000e+00,0.000000e+00,0.000000e+00,0.000000e+00,0.000000e+00,0.000000e+00,0.000000e+00,0.000000e+00,0.000000e+00
1.000000e+00,0.000000e+00,0.000000e+00,0.000000e+00,0.000000e+00,0.000000e+00,0.000000e+00,0.000000e+00,0.000000e+00,0.000000e+00,0.000000e+00,0.000000e+00,0.000000e+00,0.000000e+00,0.000000e+00
1.000000e+00,0.000000e+00,0.000000e+00,0.000000e+00,0.000000e+00,0.000000e+00,0.000000e+00,0.000000e+00,0.000000e+00,0.000000e+00,0.000000e+00,0.000000e+00,0.000000e+00,0.000000e+00,0.000000e+00
1.000000e+00,0.000000e+00,0.000000e+00,0.000000e+00,0.000000e+00,0.000000e+00,0.000000e+00,0.000000e+00,0.000000e+00,0.000000e+00,0.000000e+00,0.000000e+00,0.000000e+00,0.000000e+00,0.000000e+00
1.000000e+00,0.000000e+00,0.000000e+00,0.000000e+00,0.000000e+00,0.000000e+00,0.000000e+00,0.000000e+00,0.000000e+00,0.000000e+00,0.000000e+00,0.000000e+00,0.000000e+00,0.000000e+00,0.000000e+00
1.000000e+00,0.000000e+00,0.000000e+00,0.000000e+00,0.000000e+00,0.000000e+00,0.000000e+00,0.000000e+00,0.000000e+00,0.000000e+00,0.000000e+00,0.000000e+00,0.000000e+00,0.000000e+00,0.000000e+00
1.000000e+00,0.000000e+00,0.000000e+00,0.000000e+00,0.000000e+00,0.000000e+00,0.000000e+00,0.000000e+00,0.000000e+00,0.000000e+00,0.000000e+00,0.000000e+00,0.000000e+00,0.000000e+00,0.000000e+00
1.000000e+00,0.000000e+00,0.000000e+00,0.000000e+00,0.000000e+00,0.000000e+00,0.000000e+00,0.000000e+00,0.000000e+00,0.000000e+00,0.000000e+00,0.000000e+00,0.000000e+00,0.000000e+00,0.000000e+00
1.000000e+00,0.000000e+00,0.000000e+00,0.000000e+00,0.000000e+00,0.000000e+00,0.000000e+00,0.000000e+00,0.000000e+00,0.000000e+00,0.000000e+00,0.000000e+00,0.000000e+00,0.000000e+00,0.000000e+00
1.000000e+00,0.000000e+00,0.000000e+00,0.000000e+00,0.000000e+00,0.000000e+00,0.000000e+00,0.000000e+00,0.000000e+00,0.000000e+00,0.000000e+00,0.000000e+00,0.000000e+00,0.000000e+00,0.000000e+00
1.000000e+00,0.000000e+00,0.000000e+00,0.000000e+00,0.000000e+00,0.000000e+00,0.000000e+00,0.000000e+00,0.000000e+00,0.000000e+00,0.000000e+00,0.000000e+00,0.000000e+00,0.000000e+00,0.000000e+00
1.000000e+00,0.000000e+00,0.000000e+00,0.000000e+00,0.000000e+00,0.000000e+00,0.000000e+00,0.000000e+00,0.000000e+00,0.000000e+00,0.000000e+00,0.000000e+00,0.000000e+00,0.000000e+00,0.000000e+00
1.000000e+00,0.000000e+00,0.000000e+00,0.000000e+00,0.000000e+00,0.000000e+00,0.000000e+00,0.000000e+00,0.000000e+00,0.000000e+00,0.000000e+00,0.000000e+00,0.000000e+00,0.000000e+00,0.000000e+00
1.000000e+00,0.000000e+00,0.000000e+00,0.000000e+00,0.000000e+00,0.000000e+00,0.000000e+00,0.000000e+00,0.000000e+00,0.000000e+00,0.000000e+00,0.000000e+00,0.000000e+00,0.000000e+00,0.000000e+00
1.000000e+00,0.000000e+00,0.000000e+00,0.000000e+00,0.000000e+00,0.000000e+00,0.000000e+00,0.000000e+00,0.000000e+00,0.000000e+00,0.000000e+00,0.000000e+00,0.000000e+00,0.000000e+00,0.000000e+00
1.000000e+00,0.000000e+00,0.000000e+00,0.000000e+00,0.000000e+00,0.000000e+00,0.000000e+00,0.000000e+00,0.000000e+00,0.000000e+00,0.000000e+00,0.000000e+00,0.000000e+00,0.000000e+00,0.000000e+00
1.000000e+00,0.000000e+00,0.000000e+00,0.000000e+00,0.000000e+00,0.000000e+00,0.000000e+00,0.000000e+00,0.000000e+00,0.000000e+00,0.000000e+00,0.000000e+00,0.000000e+00,0.000000e+00,0.000000e+00
1.000000e+00,0.000000e+00,0.000000e+00,0.000000e+00,0.000000e+00,0.000000e+00,0.000000e+00,0.000000e+00,0.000000e+00,0.000000e+00,0.000000e+00,0.000000e+00,0.000000e+00,0.000000e+00,0.000000e+00
1.000000e+00,0.000000e+00,0.000000e+00,0.000000e+00,0.000000e+00,0.000000e+00,0.000000e+00,0.000000e+00,0.000000e+00,0.000000e+00,0.000000e+00,0.000000e+00,0.000000e+00,0.000000e+00,0.000000e+00
1.000000e+00,0.000000e+00,0.000000e+00,0.000000e+00,0.000000e+00,0.000000e+00,0.000000e+00,0.000000e+00,0.000000e+00,0.000000e+00,0.000000e+00,0.000000e+00,0.000000e+00,0.000000e+00,0.000000e+00
1.000000e+00,0.000000e+00,0.000000e+00,0.000000e+00,0.000000e+00,0.000000e+00,0.000000e+00,0.000000e+00,0.000000e+00,0.000000e+00,0.000000e+00,0.000000e+00,0.000000e+00,0.000000e+00,0.000000e+00
1.000000e+00,0.000000e+00,0.000000e+00,0.000000e+00,0.000000e+00,0.000000e+00,0.000000e+00,0.000000e+00,0.000000e+00,0.000000e+00,0.000000e+00,0.000000e+00,0.000000e+00,0.000000e+00,0.000000e+00
1.000000e+00,0.000000e+00,0.000000e+00,0.000000e+00,0.000000e+00,0.000000e+00,0.000000e+00,0.000000e+00,0.000000e+00,0.000000e+00,0.000000e+00,0.000000e+00,0.000000e+00,0.000000e+00,0.000000e+00
1.000000e+00,0.000000e+00,0.000000e+00,0.000000e+00,0.000000e+00,0.000000e+00,0.000000e+00,0.000000e+00,0.000000e+00,0.000000e+00,0.000000e+00,0.000000e+00,0.000000e+00,0.000000e+00,0.000000e+00
1.000000e+00,0.000000e+00,0.000000e+00,0.000000e+00,0.000000e+00,0.000000e+00,0.000000e+00,0.000000e+00,0.000000e+00,0.000000e+00,0.000000e+00,0.000000e+00,0.000000e+00,0.000000e+00,0.000000e+00
1.000000e+00,0.000000e+00,0.000000e+00,0.000000e+00,0.000000e+00,0.000000e+00,0.000000e+00,0.000000e+00,0.000000e+00,0.000000e+00,0.000000e+00,0.000000e+00,0.000000e+00,0.000000e+00,0.000000e+00
1.000000e+00,0.000000e+00,0.000000e+00,0.000000e+00,0.000000e+00,0.000000e+00,0.000000e+00,0.000000e+00,0.000000e+00,0.000000e+00,0.000000e+00,0.000000e+00,0.000000e+00,0.000000e+00,0.000000e+00
1.000000e+00,0.000000e+00,0.000000e+00,0.000000e+00,0.000000e+00,0.000000e+00,0.000000e+00,0.000000e+00,0.000000e+00,0.000000e+00,0.000000e+00,0.000000e+00,0.000000e+00,0.000000e+00,0.000000e+00
1.000000e+00,0.000000e+00,0.000000e+00,0.000000e+00,0.000000e+00,0.000000e+00,0.000000e+00,0.000000e+00,0.000000e+00,0.000000e+00,0.000000e+00,0.000000e+00,0.000000e+00,0.000000e+00,0.000000e+00
1.000000e+00,0.000000e+00,0.000000e+00,0.000000e+00,0.000000e+00,0.000000e+00,0.000000e+00,0.000000e+00,0.000000e+00,0.000000e+00,0.000000e+00,0.000000e+00,0.000000e+00,0.000000e+00,0.000000e+00
1.000000e+00,0.000000e+00,0.000000e+00,0.000000e+00,0.000000e+00,0.000000e+00,0.000000e+00,0.000000e+00,0.000000e+00,0.000000e+00,0.000000e+00,0.000000e+00,0.000000e+00,0.000000e+00,0.000000e+00
1.000000e+00,0.000000e+00,0.000000e+00,0.000000e+00,0.000000e+00,0.000000e+00,0.000000e+00,0.000000e+00,0.000000e+00,0.000000e+00,0.000000e+00,0.000000e+00,0.000000e+00,0.000000e+00,0.000000e+00
1.000000e+00,0.000000e+00,0.000000e+00,0.000000e+00,0.000000e+00,0.000000e+00,0.000000e+00,0.000000e+00,0.000000e+00,0.000000e+00,0.000000e+00,0.000000e+00,0.000000e+00,0.000000e+00,0.000000e+00
1.000000e+00,0.000000e+00,0.000000e+00,0.000000e+00,0.000000e+00,0.000000e+00,0.000000e+00,0.000000e+00,0.000000e+00,0.000000e+00,0.000000e+00,0.000000e+00,0.000000e+00,0.000000e+00,0.000000e+00
1.000000e+00,0.000000e+00,0.000000e+00,0.000000e+00,0.000000e+00,0.000000e+00,0.000000e+00,0.000000e+00,0.000000e+00,0.000000e+00,0.000000e+00,0.000000e+00,0.000000e+00,0.000000e+00,0.000000e+00
1.000000e+00,0.000000e+00,0.000000e+00,0.000000e+00,0.000000e+00,0.000000e+00,0.000000e+00,0.000000e+00,0.000000e+00,0.000000e+00,0.000000e+00,0.000000e+00,0.000000e+00,0.000000e+00,0.000000e+00
1.000000e+00,0.000000e+00,0.000000e+00,0.000000e+00,0.000000e+00,0.000000e+00,0.000000e+00,0.000000e+00,0.000000e+00,0.000000e+00,0.000000e+00,0.000000e+00,0.000000e+00,0.000000e+00,0.000000e+00
1.000000e+00,0.000000e+00,0.000000e+00,0.000000e+00,0.000000e+00,0.000000e+00,0.000000e+00,0.000000e+00,0.000000e+00,0.000000e+00,0.000000e+00,0.000000e+00,0.000000e+00,0.000000e+00,0.000000e+00
1.000000e+00,0.000000e+00,0.000000e+00,0.000000e+00,0.000000e+00,0.000000e+00,0.000000e+00,0.000000e+00,0.000000e+00,0.000000e+00,0.000000e+00,0.000000e+00,0.000000e+00,0.000000e+00,0.000000e+00
1.000000e+00,0.000000e+00,0.000000e+00,0.000000e+00,0.000000e+00,0.000000e+00,0.000000e+00,0.000000e+00,0.000000e+00,0.000000e+00,0.000000e+00,0.000000e+00,0.000000e+00,0.000000e+00,0.000000e+00
1.000000e+00,0.000000e+00,0.000000e+00,0.000000e+00,0.000000e+00,0.000000e+00,0.000000e+00,0.000000e+00,0.000000e+00,0.000000e+00,0.000000e+00,0.000000e+00,0.000000e+00,0.000000e+00,0.000000e+00
1.000000e+00,0.000000e+00,0.000000e+00,0.000000e+00,0.000000e+00,0.000000e+00,0.000000e+00,0.000000e+00,0.000000e+00,0.000000e+00,0.000000e+00,0.000000e+00,0.000000e+00,0.000000e+00,0.000000e+00
1.000000e+00,0.000000e+00,0.000000e+00,0.000000e+00,0.000000e+00,0.000000e+00,0.000000e+00,0.000000e+00,0.000000e+00,0.000000e+00,0.000000e+00,0.000000e+00,0.000000e+00,0.000000e+00,0.000000e+00
1.000000e+00,0.000000e+00,0.000000e+00,0.000000e+00,0.000000e+00,0.000000e+00,0.000000e+00,0.000000e+00,0.000000e+00,0.000000e+00,0.000000e+00,0.000000e+00,0.000000e+00,0.000000e+00,0.000000e+00
1.000000e+00,0.000000e+00,0.000000e+00,0.000000e+00,0.000000e+00,0.000000e+00,0.000000e+00,0.000000e+00,0.000000e+00,0.000000e+00,0.000000e+00,0.000000e+00,0.000000e+00,0.000000e+00,0.000000e+00
1.000000e+00,0.000000e+00,0.000000e+00,0.000000e+00,0.000000e+00,0.000000e+00,0.000000e+00,0.000000e+00,0.000000e+00,0.000000e+00,0.000000e+00,0.000000e+00,0.000000e+00,0.000000e+00,0.000000e+00
1.000000e+00,0.000000e+00,0.000000e+00,0.000000e+00,0.000000e+00,0.000000e+00,0.000000e+00,0.000000e+00,0.000000e+00,0.000000e+00,0.000000e+00,0.000000e+00,0.000000e+00,0.000000e+00,0.000000e+00
1.000000e+00,0.000000e+00,0.000000e+00,0.000000e+00,0.000000e+00,0.000000e+00,0.000000e+00,0.000000e+00,0.000000e+00,0.000000e+00,0.000000e+00,0.000000e+00,0.000000e+00,0.000000e+00,0.000000e+00
1.000000e+00,0.000000e+00,0.000000e+00,0.000000e+00,0.000000e+00,0.000000e+00,0.000000e+00,0.000000e+00,0.000000e+00,0.000000e+00,0.000000e+00,0.000000e+00,0.000000e+00,0.000000e+00,0.000000e+00
1.000000e+00,0.000000e+00,0.000000e+00,0.000000e+00,0.000000e+00,0.000000e+00,0.000000e+00,0.000000e+00,0.000000e+00,0.000000e+00,0.000000e+00,0.000000e+00,0.000000e+00,0.000000e+00,0.000000e+00
1.000000e+00,0.000000e+00,0.000000e+00,0.000000e+00,0.000000e+00,0.000000e+00,0.000000e+00,0.000000e+00,0.000000e+00,0.000000e+00,0.000000e+00,0.000000e+00,0.000000e+00,0.000000e+00,0.000000e+00
1.000000e+00,0.000000e+00,0.000000e+00,0.000000e+00,0.000000e+00,0.000000e+00,0.000000e+00,0.000000e+00,0.000000e+00,0.000000e+00,0.000000e+00,0.000000e+00,0.000000e+00,0.000000e+00,0.000000e+00
3.865127e-01,2.208421e-02,1.558112e-02,1.139529e-01,8.601915e-03,2.048667e-02,6.830839e-03,3.003610e-01,1.200765e-02,3.855861e-03,1.364488e-02,4.198340e-02,2.621358e-02,2.518957e-03,2.536434e-02
2.958315e-01,1.590230e-02,1.294566e-02,8.410423e-02,6.721094e-03,1.519082e-02,5.596730e-03,4.704887e-01,8.660078e-03,2.836926e-03,1.095100e-02,3.119139e-02,1.940152e-02,1.884420e-03,1.829360e-02
2.205539e-01,1.132088e-02,1.201212e-02,6.009785e-02,5.024506e-03,1.180812e-02,5.802990e-03,6.068730e-01,6.099388e-03,2.011993e-03,7.927698e-03,2.223278e-02,1.390406e-02,1.391727e-03,1.293896e-02
1.771233e-01,8.180745e-03,1.023511e-02,4.294523e-02,3.938862e-03,9.646814e-03,6.854750e-03,6.927784e-01,4.326586e-03,1.451794e-03,5.874584e-03,1.605611e-02,1.023229e-02,1.121437e-03,9.233973e-03
1.355909e-01,5.831409e-03,8.234207e-03,3.057580e-02,3.085757e-03,7.586796e-03,7.328747e-03,7.669654e-01,3.053285e-03,1.037062e-03,4.298917e-03,1.151367e-02,7.453653e-03,8.983035e-04,6.546094e-03
1.003334e-01,4.117527e-03,6.242584e-03,2.168184e-02,2.519494e-03,5.656486e-03,6.864824e-03,8.278207e-01,2.146009e-03,7.376818e-04,3.085896e-03,8.146058e-03,5.371398e-03,6.703711e-04,4.605804e-03
7.383589e-02,2.918134e-03,4.866538e-03,1.536452e-02,2.231553e-03,4.221876e-03,6.756592e-03,8.721066e-01,1.508559e-03,5.266817e-04,2.211792e-03,5.783640e-03,3.914581e-03,5.034700e-04,3.249650e-03
6.116978e-02,2.179810e-03,4.022454e-03,1.097240e-02,3.268018e-03,3.500336e-03,8.655269e-03,8.924205e-01,1.097937e-03,4.383770e-04,1.674163e-03,4.382194e-03,3.342666e-03,4.058887e-04,2.470217e-03
6.715699e-02,1.692708e-03,3.699845e-03,8.210210e-03,5.262364e-03,3.632834e-03,1.244834e-02,8.848168e-01,8.677235e-04,5.027184e-04,1.348740e-03,4.120918e-03,3.817621e-03,3.441347e-04,2.078071e-03
6.983248e-02,1.364636e-03,3.096670e-03,6.440051e-03,7.305748e-03,3.429061e-03,1.143214e-02,8.836106e-01,7.976225e-04,5.852986e-04,1.199659e-03,4.204096e-03,4.670708e-03,3.050958e-04,1.726183e-03
9.978774e-02,1.154113e-03,2.750189e-03,5.535405e-03,1.300041e-02,3.188660e-03,9.795191e-03,8.510692e-01,7.735819e-04,7.652864e-04,1.238932e-03,4.528666e-03,4.602920e-03,2.849301e-04,1.524771e-03
1.374536e-01,1.092428e-03,2.844996e-03,5.301188e-03,1.497519e-02,3.628459e-03,9.936024e-03,8.094305e-01,8.093066e-04,8.471287e-04,1.354178e-03,5.619203e-03,4.765781e-03,3.122721e-04,1.629740e-03
1.065106e-01,1.021426e-03,2.439064e-03,4.841944e-03,1.441695e-02,3.042680e-03,7.765376e-03,8.342961e-01,1.399233e-03,8.741794e-04,2.848993e-03,7.387650e-03,1.030377e-02,1.304130e-03,1.547860e-03
8.159702e-02,9.133283e-04,1.881186e-03,6.186171e-03,1.202905e-02,2.867107e-03,5.580509e-03,6.476647e-01,2.326761e-03,1.524733e-03,1.588767e-02,1.828777e-02,1.928440e-01,3.106172e-03,7.303788e-03
5.861787e-02,7.500536e-04,1.445059e-03,5.360616e-03,1.063931e-02,2.319585e-03,4.010924e-03,4.795312e-01,3.184871e-03,1.952280e-03,2.650945e-02,1.921611e-02,3.413886e-01,4.597132e-03,4.047693e-02
4.265577e-02,6.419841e-04,1.093977e-03,4.091018e-03,8.108086e-03,1.773771e-03,2.985608e-03,3.395770e-01,6.050491e-03,1.723201e-03,3.115000e-02,1.961821e-02,4.938527e-01,3.886355e-03,4.279182e-02
3.476973e-02,5.381836e-04,9.000389e-04,3.134598e-03,6.787449e-03,1.332231e-03,2.201707e-03,2.428337e-01,8.351890e-03,1.430286e-03,3.359278e-02,2.080568e-02,5.995262e-01,3.536018e-03,4.025949e-02
4.266604e-02,9.378500e-04,1.100226e-03,8.794996e-03,1.449186e-02,2.046009e-03,2.034567e-03,1.750795e-01,2.161998e-02,2.135300e-03,4.320654e-02,2.456628e-02,5.970807e-01,3.299172e-03,6.094097e-02
7.947427e-02,2.082879e-03,2.000031e-03,9.815632e-03,1.654161e-02,2.752325e-03,2.203065e-03,1.269947e-01,3.357365e-02,3.068476e-03,4.119769e-02,2.146284e-02,5.445546e-01,3.201646e-03,1.110766e-01
6.940509e-02,2.433555e-03,2.334533e-03,9.702250e-03,2.188607e-02,2.693071e-03,1.943451e-03,9.486393e-02,3.996322e-02,3.111748e-03,4.188563e-02,2.167718e-02,5.832152e-01,2.885025e-03,1.020000e-01
5.438491e-02,2.423507e-03,2.874471e-03,8.638745e-03,3.025761e-02,2.335807e-03,2.094392e-03,7.019714e-02,3.619435e-02,4.104357e-03,4.626067e-02,2.396396e-02,6.092928e-01,3.364940e-03,1.036124e-01
5.832909e-02,2.427959e-03,2.771804e-03,8.020421e-03,4.449891e-02,2.639694e-03,2.222182e-03,5.262322e-02,3.454770e-02,4.834231e-03,6.867321e-02,2.613189e-02,5.774456e-01,3.704985e-03,1.111292e-01
5.432132e-02,2.772146e-03,2.694072e-03,9.921279e-03,6.487060e-02,4.070179e-03,1.965757e-03,3.852451e-02,3.488645e-02,5.673910e-03,9.656892e-02,2.335832e-02,5.283343e-01,3.765237e-03,1.282731e-01
4.011071e-02,2.342470e-03,2.154974e-03,9.862481e-03,5.290653e-02,3.672426e-03,1.520096e-03,2.949546e-02,3.201114e-02,5.423989e-03,8.986498e-02,2.490281e-02,5.633910e-01,3.497466e-03,1.388435e-01
2.935450e-02,2.459113e-03,1.772998e-03,1.054117e-02,4.612691e-02,4.190328e-03,1.248671e-03,2.312273e-02,3.604464e-02,5.322554e-03,8.038415e-02,2.704191e-02,5.856655e-01,5.126140e-03,1.415987e-01
4.792935e-02,5.337831e-03,2.758782e-03,1.476545e-02,4.792546e-02,7.220464e-03,2.848330e-03,1.781321e-02,5.622509e-02,7.703452e-03,6.305794e-02,5.036256e-02,5.389034e-01,9.962520e-03,1.271862e-01
4.769455e-02,4.705302e-03,2.524859e-03,1.429350e-02,3.933033e-02,9.485040e-03,2.381581e-03,1.357794e-02,5.314194e-02,1.061930e-02,6.017026e-02,5.614715e-02,5.395063e-01,1.560419e-02,1.308177e-01
4.243104e-02,3.823823e-03,2.392795e-03,1.092407e-02,2.912717e-02,8.199658e-03,2.198072e-03,9.790580e-03,4.203892e-02,1.329567e-02,4.982591e-02,7.903057e-02,5.808956e-01,1.965657e-02,1.063695e-01
4.652280e-02,3.580129e-03,2.954107e-03,8.388542e-03,2.451225e-02,6.727038e-03,3.792923e-03,7.664162e-03,3.666626e-02,1.771202e-02,4.079175e-02,9.971495e-02,5.863062e-01,2.680890e-02,8.785795e-02
4.269576e-02,2.883732e-03,2.497661e-03,6.709975e-03,2.930374e-02,5.140619e-03,2.978106e-03,6.219335e-03,3.130867e-02,1.580212e-02,3.818708e-02,9.062576e-02,6.376777e-01,2.013132e-02,6.783844e-02
4.171141e-02,4.000023e-03,6.068922e-03,5.460727e-03,2.722424e-02,4.547984e-03,2.649037e-03,4.653808e-03,2.738604e-02,3.731281e-02,3.070485e-02,1.115433e-01,6.291559e-01,1.569482e-02,5.188608e-02
4.625878e-02,3.837172e-03,1.357408e-02,4.125175e-03,4.596348e-02,1.045577e-02,4.641748e-03,4.861572e-03,2.685887e-02,5.612130e-02,2.587099e-02,9.729203e-02,6.064737e-01,1.165800e-02,4.200727e-02
3.595908e-02,3.136582e-03,1.295116e-02,3.453677e-03,5.051757e-02,8.906904e-03,5.272304e-03,1.041050e-02,2.802353e-02,7.530074e-02,2.739863e-02,9.252571e-02,6.060761e-01,9.067219e-03,3.100033e-02
2.728638e-02,2.354164e-03,9.752020e-03,2.753410e-03,4.082474e-02,6.900872e-03,3.892105e-03,1.220685e-02,2.317762e-02,8.398078e-02,2.746124e-02,8.954107e-02,6.379976e-01,8.678288e-03,2.319288e-02
2.013748e-02,1.815047e-03,7.261061e-03,2.238321e-03,3.251968e-02,5.486314e-03,2.958235e-03,1.154255e-02,1.960184e-02,1.051267e-01,3.173464e-02,1.178899e-01,6.162193e-01,7.726581e-03,1.774236e-02
1.430001e-02,1.344634e-03,5.176805e-03,1.782489e-03,2.720522e-02,4.007325e-03,2.225683e-03,8.489582e-03,1.572746e-02,3.062495e-01,2.516003e-02,1.068414e-01,4.616929e-01,5.607560e-03,1.418933e-02
1.071465e-02,1.078385e-03,3.805694e-03,1.408146e-03,2.619746e-02,3.362943e-03,1.769690e-03,7.191585e-03,1.383178e-02,4.194344e-01,2.390421e-02,1.070888e-01,3.642229e-01,4.264607e-03,1.172472e-02
8.459621e-03,8.408701e-04,2.701182e-03,1.262307e-03,2.174187e-02,2.886110e-03,1.363878e-03,5.349494e-03,1.238994e-02,4.333239e-01,2.471437e-02,1.961784e-01,2.763715e-01,3.282618e-03,9.133959e-03
6.344477e-03,1.419148e-03,1.929496e-03,1.037590e-03,1.611530e-02,2.174929e-03,9.902507e-04,4.042148e-03,8.066465e-02,3.173071e-01,2.454574e-02,3.082696e-01,2.262862e-01,2.355814e-03,6.517651e-03
5.326157e-03,2.185907e-03,1.419983e-03,9.891689e-04,1.224466e-02,1.829884e-03,7.540978e-04,4.007856e-03,1.852730e-01,2.387604e-01,2.712594e-02,3.206128e-01,1.929939e-01,1.766802e-03,4.709462e-03
4.528108e-03,2.840655e-03,1.163819e-03,1.563529e-03,1.001290e-02,2.423940e-03,5.975355e-04,4.860157e-03,2.324549e-01,1.898420e-01,2.747156e-02,3.687036e-01,1.485361e-01,1.513038e-03,3.488216e-03
4.493315e-03,5.275245e-03,8.948041e-04,1.591842e-03,7.937669e-03,2.889101e-03,4.761779e-04,3.648658e-03,3.132606e-01,1.372122e-01,2.500996e-02,3.821554e-01,1.111537e-01,1.318809e-03,2.682567e-03
5.788668e-03,6.820345e-03,9.579146e-04,1.490360e-03,7.243032e-03,4.399683e-03,4.795712e-04,3.134208e-03,3.841372e-01,1.014757e-01,2.191783e-02,3.774735e-01,8.134603e-02,1.200896e-03,2.135077e-03
7.662708e-03,8.984854e-03,9.560861e-04,1.792917e-03,6.123787e-03,9.060407e-03,4.530449e-04,3.766194e-03,4.416913e-01,7.882623e-02,1.917060e-02,3.571151e-01,6.139203e-02,1.155600e-03,1.849146e-03
8.189528e-03,9.573329e-03,8.995523e-04,1.960936e-03,4.829046e-03,1.002035e-02,3.603321e-04,3.255152e-03,4.379820e-01,6.639493e-02,1.797595e-02,3.868619e-01,4.855083e-02,1.395158e-03,1.751057e-03
8.969187e-03,9.936156e-03,9.181286e-04,2.752955e-03,5.741393e-03,1.320065e-02,3.502612e-04,3.329128e-03,4.112492e-01,5.867092e-02,2.134010e-02,4.232166e-01,3.672566e-02,1.866982e-03,1.732786e-03
7.956745e-03,1.079817e-02,8.421684e-04,2.517238e-03,6.151130e-03,1.578259e-02,3.239012e-04,3.318979e-03,3.756883e-01,5.026993e-02,2.949371e-02,4.666768e-01,2.692035e-02,1.801495e-03,1.458431e-03
6.751261e-03,9.214940e-03,6.999674e-04,2.451221e-03,4.775380e-03,1.344783e-02,2.900174e-04,2.556151e-03,2.807031e-01,5.241306e-02,2.938199e-02,5.741438e-01,2.008535e-02,1.760821e-03,1.325043e-03
7.306817e-03,1.442380e-02,7.081722e-04,2.134844e-03,8.867715e-03,1.849057e-02,8.680504e-04,2.993100e-03,2.951428e-01,4.200217e-02,3.609101e-02,5.513312e-01,1.607502e-02,1.801772e-03,1.763033e-03
7.615820e-03,1.603441e-02,5.791545e-04,1.819111e-03,1.011490e-02,2.415694e-02,1.502111e-03,2.589903e-03,3.637158e-01,3.393779e-02,4.742918e-02,4.725946e-01,1.394467e-02,2.016700e-03,1.948955e-03
9.601095e-03,1.936616e-02,5.292576e-04,1.606773e-03,1.426464e-02,2.678889e-02,1.480662e-03,2.255889e-03,3.843929e-01,2.722094e-02,8.984599e-02,4.004993e-01,1.611074e-02,3.409319e-03,2.627519e-03
1.223830e-02,1.900435e-02,4.975777e-04,1.693903e-03,1.362288e-02,2.617248e-02,1.202424e-03,1.927351e-03,3.271283e-01,2.150796e-02,1.048328e-01,4.435487e-01,1.855087e-02,4.274347e-03,3.797740e-03
2.090129e-02,1.855632e-02,4.700429e-04,2.129165e-03,1.265994e-02,2.558043e-02,1.026418e-03,1.734354e-03,2.903619e-01,1.780399e-02,9.874347e-02,4.828425e-01,1.895963e-02,4.152304e-03,4.078289e-03
4.260062e-02,2.993482e-02,1.404526e-03,4.667987e-03,2.100321e-02,3.160436e-02,1.259456e-03,2.627763e-03,2.752765e-01,2.284650e-02,1.376990e-01,3.923707e-01,2.084734e-02,7.528835e-03,8.328365e-03
5.643750e-02,4.440965e-02,2.275758e-03,4.414121e-03,2.493146e-02,3.655634e-02,1.367008e-03,4.614993e-03,2.797640e-01,3.626598e-02,1.426968e-01,3.264653e-01,1.899276e-02,1.178651e-02,9.021832e-03
9.344718e-02,5.030798e-02,2.844941e-03,3.738778e-03,2.775993e-02,3.504453e-02,1.756355e-03,8.309347e-03,2.602836e-01,3.956850e-02,1.193885e-01,3.120366e-01,1.644963e-02,2.069103e-02,8.373117e-03
1.465184e-01,5.091814e-02,3.831465e-03,3.793356e-03,3.275749e-02,3.571810e-02,2.516277e-03,1.197310e-02,2.437733e-01,5.390216e-02,1.011558e-01,2.600923e-01,1.539120e-02,2.726604e-02,1.039294e-02
1.725108e-01,4.410207e-02,5.747137e-03,5.023768e-03,3.587780e-02,3.071535e-02,2.998384e-03,1.916190e-02,2.131183e-01,5.382385e-02,9.607655e-02,2.608436e-01,2.245932e-02,2.792940e-02,9.611804e-03
1.553738e-01,3.536430e-02,5.167572e-03,4.230526e-03,6.739737e-02,3.133933e-02,3.739852e-03,2.275808e-02,1.819914e-01,4.946251e-02,1.137052e-01,2.726587e-01,2.499925e-02,2.448203e-02,7.330145e-03
1.457877e-01,3.308529e-02,5.663611e-03,3.473159e-03,1.036615e-01,3.659640e-02,5.215205e-03,2.494990e-02,1.780286e-01,3.948564e-02,1.072821e-01,2.644247e-01,2.544070e-02,2.087670e-02,6.028858e-03
1.434678e-01,3.507555e-02,1.048401e-02,6.559790e-03,1.027033e-01,4.509338e-02,5.617469e-03,5.666771e-02,2.212137e-01,2.947229e-02,8.163050e-02,2.161116e-01,2.348755e-02,1.684448e-02,5.570865e-03
1.300583e-01,3.892696e-02,1.089987e-02,9.539526e-03,8.720670e-02,5.551665e-02,6.005130e-03,4.789385e-02,2.728591e-01,2.764230e-02,6.228942e-02,1.877719e-01,2.684854e-02,1.444448e-02,2.209734e-02
1.130461e-01,4.300402e-02,2.385813e-02,1.767181e-02,9.470308e-02,5.395402e-02,9.160489e-03,5.666771e-02,3.205979e-01,2.500628e-02,4.570691e-02,1.418233e-01,2.288768e-02,1.040068e-02,2.151188e-02
9.686472e-02,3.881522e-02,2.689326e-02,3.058863e-02,1.395038e-01,5.904076e-02,2.379707e-02,6.156882e-02,3.264404e-01,1.851614e-02,3.311291e-02,1.038062e-01,1.720995e-02,7.366810e-03,1.647528e-02
1.055366e-01,3.483869e-02,2.166400e-02,3.214262e-02,1.682737e-01,7.378720e-02,3.434950e-02,5.298255e-02,3.268372e-01,1.370167e-02,2.484824e-02,7.962702e-02,1.297935e-02,5.266359e-03,1.316530e-02
9.442388e-02,3.511357e-02,3.311505e-02,4.437079e-02,1.706799e-01,5.620963e-02,2.852485e-02,6.267036e-02,3.590039e-01,1.149020e-02,1.903253e-02,5.663360e-02,1.027752e-02,3.881851e-03,1.457240e-02
1.100473e-01,4.178473e-02,2.992174e-02,5.151219e-02,1.592566e-01,4.312336e-02,2.394760e-02,6.221283e-02,3.737435e-01,1.226612e-02,1.467012e-02,4.187435e-02,1.027121e-02,3.334185e-03,2.203416e-02
1.334429e-01,3.580284e-02,2.539819e-02,4.806836e-02,1.758843e-01,3.481682e-02,2.604873e-02,5.445282e-02,3.835610e-01,1.005282e-02,1.175343e-02,3.093063e-02,8.549650e-03,3.247230e-03,1.799019e-02
1.744244e-01,3.265950e-02,2.279943e-02,6.541377e-02,1.901862e-01,3.048978e-02,3.291731e-02,4.541116e-02,3.385897e-01,7.700777e-03,1.004454e-02,2.377047e-02,7.281962e-03,2.749815e-03,1.556122e-02
1.788363e-01,3.452563e-02,2.013397e-02,6.441712e-02,2.065058e-01,3.391435e-02,2.912007e-02,3.734272e-02,3.377062e-01,6.900779e-03,9.446361e-03,1.893088e-02,6.039632e-03,2.486196e-03,1.369395e-02
1.658446e-01,3.383906e-02,1.625869e-02,7.708783e-02,2.326850e-01,2.673095e-02,2.629470e-02,5.265892e-02,3.224969e-01,6.085378e-03,8.029969e-03,1.484175e-02,4.854129e-03,2.036024e-03,1.025620e-02
1.499574e-01,3.366184e-02,1.287742e-02,2.125802e-01,2.107881e-01,2.254636e-02,2.044363e-02,5.037797e-02,2.466974e-01,5.756329e-03,7.935910e-03,1.231099e-02,4.204778e-03,1.550714e-03,8.310992e-03
1.056945e-01,2.616032e-02,9.861200e-03,3.959107e-01,1.522221e-01,1.625715e-02,1.436729e-02,3.535871e-02,1.756243e-01,4.351872e-03,3.691862e-02,1.533820e-02,4.757400e-03,1.165892e-03,6.011814e-03
7.903624e-02,1.919230e-02,7.405971e-03,4.013910e-01,1.071228e-01,1.282458e-02,1.012580e-02,2.488897e-02,1.242624e-01,3.547118e-03,1.038441e-01,9.392213e-02,7.110348e-03,9.534982e-04,4.372760e-03
6.204241e-02,1.374277e-02,5.274413e-03,2.966439e-01,7.542486e-02,1.053231e-02,7.161925e-03,1.753053e-02,8.883708e-02,2.932191e-03,1.849442e-01,2.123591e-01,1.856599e-02,8.509388e-04,3.157386e-03
4.488564e-02,9.774048e-03,3.702933e-03,2.085041e-01,5.318987e-02,8.055364e-03,5.024999e-03,1.229137e-02,6.798756e-02,2.344917e-03,1.425310e-01,4.211913e-01,1.748087e-02,8.000584e-04,2.235971e-03
3.351668e-02,7.143985e-03,2.596862e-03,1.464102e-01,3.790464e-02,5.897909e-03,3.526625e-03,8.627117e-03,5.282970e-02,2.078655e-03,1.097843e-01,5.734582e-01,1.384846e-02,7.912487e-04,1.585493e-03
2.379675e-02,5.252865e-03,1.836613e-03,1.028448e-01,3.775442e-02,4.498892e-03,2.478804e-03,6.203368e-03,4.224116e-02,1.853381e-03,9.463984e-02,6.633793e-01,1.137081e-02,7.146889e-04,1.134389e-03
1.680771e-02,3.847822e-03,1.310577e-03,7.240638e-02,4.184090e-02,3.419555e-03,1.760462e-03,4.393118e-03,3.494298e-02,1.612829e-03,7.394905e-02,7.331662e-01,9.091849e-03,6.185971e-04,8.319624e-04
1.194712e-02,2.923844e-03,9.365847e-04,5.085605e-02,3.473415e-02,2.571265e-03,1.240290e-03,3.101151e-03,2.916475e-02,1.438492e-03,5.776345e-02,7.948974e-01,7.276045e-03,5.286698e-04,6.206659e-04
8.444581e-03,2.182104e-03,6.593440e-04,3.563777e-02,2.579042e-02,1.986116e-03,8.749266e-04,2.180144e-03,2.504760e-02,1.182946e-03,4.375262e-02,8.452480e-01,6.127649e-03,4.392736e-04,4.465455e-04
5.957032e-03,1.721419e-03,4.693105e-04,2.500062e-02,1.980475e-02,1.544244e-03,6.494493e-04,1.556367e-03,2.767391e-02,1.121130e-03,3.485325e-02,8.740891e-01,4.854747e-03,3.730632e-04,3.315104e-04
4.307729e-03,1.319673e-03,3.378044e-04,1.752331e-02,1.676838e-02,1.184247e-03,4.870901e-04,1.112133e-03,2.594003e-02,9.139828e-04,3.108343e-02,8.939645e-01,4.416345e-03,3.905005e-04,2.506933e-04
3.081311e-03,1.177879e-03,2.621154e-04,1.229594e-02,1.278716e-02,1.180140e-03,7.028106e-04,8.455722e-04,5.414124e-02,9.206643e-04,2.422848e-02,8.844186e-01,3.430781e-03,3.039820e-04,2.232234e-04
2.276876e-03,1.416277e-03,2.172137e-04,8.637334e-03,1.032849e-02,1.166841e-03,6.849545e-04,7.858662e-04,1.373156e-01,8.423765e-04,1.862488e-02,8.144007e-01,2.875013e-03,2.388114e-04,1.886547e-04
1.727650e-03,1.203443e-03,1.741795e-04,6.072187e-03,8.074968e-03,1.012241e-03,5.874473e-04,8.041454e-04,1.261060e-01,7.358812e-04,1.578939e-02,8.349478e-01,2.367381e-03,2.416158e-04,1.555740e-04
1.395780e-03,1.060373e-03,1.445804e-04,4.276888e-03,6.484266e-03,8.867585e-04,4.970034e-04,1.158221e-03,1.307178e-01,6.391027e-04,1.312550e-02,8.369104e-01,2.357354e-03,2.236876e-04,1.222646e-04
1.873534e-03,2.232951e-03,4.005739e-04,3.057155e-03,7.546576e-03,1.230389e-03,5.067453e-04,2.853247e-03,2.237595e-01,8.045081e-04,1.266398e-02,7.394319e-01,3.142295e-03,3.244928e-04,1.721592e-04
4.007983e-03,3.280218e-03,3.297695e-04,2.219697e-03,7.534068e-03,8.092255e-03,7.670945e-04,2.956060e-03,4.274598e-01,7.629358e-04,9.460440e-03,5.292664e-01,3.034741e-03,4.668479e-04,3.617671e-04
9.271638e-03,3.024843e-03,6.195590e-04,2.006975e-03,4.241177e-02,7.748733e-03,2.845021e-03,2.996306e-03,5.446501e-01,6.670790e-04,7.061246e-03,3.734281e-01,2.540906e-03,3.707585e-04,3.569376e-04
1.203789e-02,6.401449e-03,1.983047e-03,3.803792e-03,8.290693e-02,1.054472e-02,2.997543e-03,2.942006e-03,6.015183e-01,1.121259e-03,5.412247e-03,2.642682e-01,2.574453e-03,5.751696e-04,9.130781e-04
2.145603e-02,1.818516e-02,1.971504e-03,4.229396e-03,1.223560e-01,1.132479e-02,3.374461e-03,2.459536e-03,6.150717e-01,1.321738e-03,4.424467e-03,1.868528e-01,3.666127e-03,5.943411e-04,2.711979e-03
2.767276e-02,1.932945e-02,1.672639e-03,3.838312e-03,1.535834e-01,1.397013e-02,3.820263e-03,3.308450e-03,6.265202e-01,1.312454e-03,4.258268e-03,1.313481e-01,4.127321e-03,9.973190e-04,4.240900e-03
2.835910e-02,4.024774e-02,1.721288e-03,4.695310e-03,1.623924e-01,1.234260e-02,3.457173e-03,9.542023e-03,6.320661e-01,1.110729e-03,3.401403e-03,9.230322e-02,3.226279e-03,9.754074e-04,4.159244e-03
2.982742e-02,4.999903e-02,2.394712e-03,1.491792e-01,1.402638e-01,9.516187e-03,2.560565e-03,1.372677e-02,5.168484e-01,1.340511e-03,3.430191e-03,6.681915e-02,3.430252e-03,7.083850e-04,9.955376e-03
4.902888e-02,4.792234e-02,4.027723e-03,1.256723e-01,2.127682e-01,7.922231e-03,2.594308e-03,4.033686e-02,4.456219e-01,1.140722e-03,3.052185e-03,4.772509e-02,3.123697e-03,7.101848e-04,8.353330e-03
6.111592e-02,4.769358e-02,4.781934e-03,9.684910e-02,2.364214e-01,9.947052e-03,2.456842e-03,4.507770e-02,4.447138e-01,1.059436e-03,2.726884e-03,3.462852e-02,2.777088e-03,9.373928e-04,8.813378e-03
7.188410e-02,3.570598e-02,4.212378e-03,1.017828e-01,2.709740e-01,8.942134e-03,4.132900e-03,6.340308e-02,3.993899e-01,9.619524e-04,2.611188e-03,2.541580e-02,2.677790e-03,8.187068e-04,7.087272e-03
6.935369e-02,2.756227e-02,1.904490e-02,2.203204e-01,2.501832e-01,8.153996e-03,3.720600e-03,6.223721e-02,3.086296e-01,1.027924e-03,2.223135e-03,1.849150e-02,2.159051e-03,6.454818e-04,6.247086e-03
8.607793e-02,2.889368e-02,2.514266e-02,2.575219e-01,2.351149e-01,1.414002e-02,3.875374e-03,5.319928e-02,2.638444e-01,1.753446e-03,2.411434e-03,1.378860e-02,2.048372e-03,7.934612e-04,1.139460e-02
7.520603e-02,2.098927e-02,2.075648e-02,2.016564e-01,1.831311e-01,1.100721e-02,3.006018e-03,2.709856e-01,1.895024e-01,1.293069e-03,2.053480e-03,1.003075e-02,1.553081e-03,6.568257e-04,8.172261e-03
6.224601e-02,1.494182e-02,1.571675e-02,1.444862e-01,1.366376e-01,7.937425e-03,2.210936e-03,4.642462e-01,1.343625e-01,9.191952e-04,1.716190e-03,7.109797e-03,1.154373e-03,5.154586e-04,5.799618e-03
4.685085e-02,1.055509e-02,1.123634e-02,1.015720e-01,9.632101e-02,5.884614e-03,1.580682e-03,6.195891e-01,9.417847e-02,6.550453e-04,1.276640e-03,5.003905e-03,8.438344e-04,3.678717e-04,4.084564e-03
4.363600e-02,7.709482e-03,8.810525e-03,7.173214e-02,6.790998e-02,5.791341e-03,1.136546e-03,7.103592e-01,6.615817e-02,6.522090e-04,4.588933e-03,5.724213e-03,2.396733e-03,3.454678e-04,3.049159e-03
4.435802e-02,5.805959e-03,7.690122e-03,5.548354e-02,4.825236e-02,8.047015e-03,9.476818e-04,6.095046e-01,4.761923e-02,2.090359e-03,5.227508e-02,3.669768e-02,7.705013e-02,1.300836e-03,2.877437e-03
5.630610e-02,4.323954e-03,5.598736e-03,4.016040e-02,3.409941e-02,6.970524e-03,9.308584e-04,4.548106e-01,3.422274e-02,1.664644e-03,4.284856e-02,6.032017e-02,2.536367e-01,1.713542e-03,2.393059e-03
5.748436e-02,3.351706e-03,4.160458e-03,3.004535e-02,2.449864e-02,7.303950e-03,1.011667e-03,3.320530e-01,2.560637e-02,1.415247e-03,3.434470e-02,1.044969e-01,3.702183e-01,1.977521e-03,2.031767e-03
5.474880e-02,2.606240e-03,3.688964e-03,2.171056e-02,1.803241e-02,9.266304e-03,1.184318e-03,2.396176e-01,2.640659e-02,1.170705e-03,2.984010e-02,2.106484e-01,3.773934e-01,2.034208e-03,1.651352e-03
3.978579e-02,1.927945e-03,2.630174e-03,1.527017e-02,1.296342e-02,7.917421e-03,9.492037e-04,1.683776e-01,2.596925e-02,1.091071e-03,2.319605e-02,3.739177e-01,3.230680e-01,1.691181e-03,1.245021e-03
2.929820e-02,1.937969e-03,1.936074e-03,1.073424e-02,9.911825e-03,6.319275e-03,7.743993e-04,1.181271e-01,2.549110e-02,1.927492e-03,2.407931e-02,4.602633e-01,3.067178e-01,1.519789e-03,9.621776e-04
2.563815e-02,1.447293e-03,1.379295e-03,7.569229e-03,7.117230e-03,6.900367e-03,6.188929e-04,8.283426e-02,2.002763e-02,2.288365e-03,6.489552e-02,5.592664e-01,2.181097e-01,1.210609e-03,6.970593e-04
1.920598e-02,1.158348e-03,9.849998e-04,5.325320e-03,5.131598e-03,5.790507e-03,4.567610e-04,5.803506e-02,1.587220e-02,2.663384e-03,9.553677e-02,6.339403e-01,1.544356e-01,9.569164e-04,5.063378e-04
1.365322e-02,9.852872e-04,7.220371e-04,3.799364e-03,5.170315e-03,4.304299e-03,3.356487e-04,4.069671e-02,1.274589e-02,3.253969e-03,9.499874e-02,7.086805e-01,1.095092e-01,7.795810e-04,3.653546e-04
9.697746e-03,8.111398e-04,5.429998e-04,2.692420e-03,4.612507e-03,3.169145e-03,2.442430e-04,2.855461e-02,9.515281e-03,3.388216e-03,8.128481e-02,7.776101e-01,7.700156e-02,6.074649e-04,2.677926e-04
6.920157e-03,1.021405e-03,4.671066e-04,1.957490e-03,5.741237e-03,2.403986e-03,1.817487e-04,2.005292e-02,7.680162e-03,3.178542e-03,1.117652e-01,7.838258e-01,5.407126e-02,5.278730e-04,2.050880e-04
4.935822e-03,1.415183e-03,3.987852e-04,1.431660e-03,4.687252e-03,1.780062e-03,1.307765e-04,1.408932e-02,6.950455e-03,2.557643e-03,1.398170e-01,7.832441e-01,3.794818e-02,4.513019e-04,1.624662e-04
3.542852e-03,1.145228e-03,3.229400e-04,1.025437e-03,3.702505e-03,1.413619e-03,9.585719e-05,9.894575e-03,5.446683e-03,1.985318e-03,1.099610e-01,8.343347e-01,2.661270e-02,3.795612e-04,1.368974e-04
2.875128e-03,1.029266e-03,4.470315e-04,7.723620e-04,3.657174e-03,2.320840e-03,1.221954e-04,7.039100e-03,4.289920e-03,1.653650e-03,9.048691e-02,8.661856e-01,1.865736e-02,3.399624e-04,1.234630e-04
2.727321e-03,8.713612e-04,6.039267e-04,6.400397e-04,4.468725e-03,4.965084e-03,2.147604e-04,5.572538e-03,3.480657e-03,2.001340e-03,7.318966e-02,8.876797e-01,1.311955e-02,3.338933e-04,1.314252e-04
2.518756e-03,9.802289e-04,1.000155e-03,6.325553e-04,6.586520e-03,8.840367e-03,3.795547e-04,4.560979e-03,3.361951e-03,1.831407e-03,5.694005e-02,9.027165e-01,9.219863e-03,3.003567e-04,1.308010e-04
3.947312e-03,1.133059e-03,2.183130e-03,8.886465e-04,5.860033e-03,9.163303e-03,4.131346e-04,4.444258e-03,3.071363e-03,1.526575e-03,5.534510e-02,9.050394e-01,6.506174e-03,3.077360e-04,1.707319e-04
4.864826e-03,1.203601e-03,2.094804e-03,7.821942e-04,4.617795e-03,7.453231e-03,3.369337e-04,3.492275e-03,2.608902e-03,1.232822e-03,7.112105e-02,8.950807e-01,4.607437e-03,3.348015e-04,1.685624e-04
6.351050e-03,2.436951e-03,6.358027e-03,1.212134e-03,4.487116e-03,8.343594e-03,4.807782e-04,5.018932e-03,3.073064e-03,1.385565e-03,9.315259e-02,8.636689e-01,3.353423e-03,4.436175e-04,2.342764e-04
9.938009e-03,4.608870e-03,8.039795e-03,1.693321e-03,5.331591e-03,7.661365e-03,6.226385e-04,4.831159e-03,5.666980e-03,1.502140e-03,1.160824e-01,8.301717e-01,2.608651e-03,9.216690e-04,3.196892e-04
1.646598e-02,6.024551e-03,8.666830e-03,2.570404e-03,5.758076e-03,7.345971e-03,9.523721e-04,5.983602e-03,8.487577e-03,1.865747e-03,1.256991e-01,8.059719e-01,2.195267e-03,1.596524e-03,4.161025e-04
2.903085e-02,7.347937e-03,2.006324e-02,1.002095e-02,1.071867e-02,7.890638e-03,1.876253e-03,3.907425e-02,8.751769e-03,1.936097e-03,1.192889e-01,7.399018e-01,2.024127e-03,1.629649e-03,4.448613e-04
3.725744e-02,6.587567e-03,2.076726e-02,9.251007e-03,9.768579e-03,6.705656e-03,1.740643e-03,3.389291e-02,1.112215e-02,1.979349e-03,1.550527e-01,7.003378e-01,1.772710e-03,3.085717e-03,6.785491e-04
6.820525e-02,6.776315e-03,2.043324e-02,9.079517e-03,1.211448e-02,6.262256e-03,1.643177e-03,3.045746e-02,1.775016e-02,2.439959e-03,2.107222e-01,6.057069e-01,1.751415e-03,5.756359e-03,9.012731e-04
1.171326e-01,9.412737e-03,3.952337e-02,1.336281e-02,2.074875e-02,6.672232e-03,3.058584e-03,4.170785e-02,2.562274e-02,4.399167e-03,2.158280e-01,4.919997e-01,1.977967e-03,7.219983e-03,1.333605e-03
1.831747e-01,1.170065e-02,3.249916e-02,1.531796e-02,2.204376e-02,8.155490e-03,3.410540e-03,3.548170e-02,2.495133e-02,4.476591e-03,2.180258e-01,4.265815e-01,2.710618e-03,9.226516e-03,2.243743e-03
2.190543e-01,1.867752e-02,2.727704e-02,1.815820e-02,2.847884e-02,8.520381e-03,3.276818e-03,3.479518e-02,2.503043e-02,3.974392e-03,1.868795e-01,4.110854e-01,2.722336e-03,9.493954e-03,2.575679e-03
2.295214e-01,1.988489e-02,2.279022e-02,2.142556e-02,2.836739e-02,8.958680e-03,3.183522e-03,3.727775e-02,2.252329e-02,3.575810e-03,1.519846e-01,4.344052e-01,2.968262e-03,9.912089e-03,3.221392e-03
1.842207e-01,2.355338e-02,1.823970e-02,1.841897e-02,4.368070e-02,7.545890e-03,2.497111e-03,3.765180e-02,2.950559e-02,3.497826e-03,1.377660e-01,4.793429e-01,2.689652e-03,8.207776e-03,3.182076e-03
1.413710e-01,5.523403e-02,3.730349e-02,1.662244e-02,1.165079e-01,7.883112e-03,2.216600e-03,3.080547e-02,8.839327e-02,3.548753e-03,1.185437e-01,3.691344e-01,2.744094e-03,6.439236e-03,3.252607e-03
1.151472e-01,4.908089e-02,1.590704e-01,2.167214e-02,1.347497e-01,6.466197e-03,1.988932e-03,4.683250e-02,7.731331e-02,3.585658e-03,1.020600e-01,2.717177e-01,2.809123e-03,4.837959e-03,2.668276e-03
1.000979e-01,5.644012e-02,1.724795e-01,2.090178e-02,1.780044e-01,7.715582e-03,1.844141e-03,4.459097e-02,1.138596e-01,8.042777e-03,7.770551e-02,1.917343e-01,2.279729e-03,4.382492e-03,1.992128e-02
1.258262e-01,5.161666e-02,1.367727e-01,1.708667e-02,2.766237e-01,7.432658e-03,1.826919e-03,3.616695e-02,1.029254e-01,8.742450e-03,6.363142e-02,1.361261e-01,1.937051e-03,5.286680e-03,2.799858e-02
1.159093e-01,1.073745e-01,1.378995e-01,8.224270e-02,2.460119e-01,7.683292e-03,2.006299e-03,3.078737e-02,8.404528e-02,8.305633e-03,4.929347e-02,9.685740e-02,1.686211e-03,3.966428e-03,2.593074e-02
1.314368e-01,1.020350e-01,1.486142e-01,1.234408e-01,2.352620e-01,1.156395e-02,4.241454e-03,3.502942e-02,6.717128e-02,6.802463e-03,3.855226e-02,6.966586e-02,1.714897e-03,4.926295e-03,1.954331e-02
1.508753e-01,8.289506e-02,1.950645e-01,1.012712e-01,2.571399e-01,1.829067e-02,4.372471e-03,2.533072e-02,5.313779e-02,6.544919e-03,3.089794e-02,5.033672e-02,1.833311e-03,6.885560e-03,1.512398e-02
1.469585e-01,7.868656e-02,1.426423e-01,1.316976e-01,3.014560e-01,3.037606e-02,5.198260e-03,2.213180e-02,5.100553e-02,6.384259e-03,2.423245e-02,3.829380e-02,2.194659e-03,6.180180e-03,1.256213e-02
1.593097e-01,1.108387e-01,1.106726e-01,1.089305e-01,3.128217e-01,3.777263e-02,4.865214e-03,1.926765e-02,5.686963e-02,7.096687e-03,2.057171e-02,2.957070e-02,2.812667e-03,6.761045e-03,1.183883e-02
