1.000000e+00,0.000000e+00,0.000000e+00,0.000000e+00,0.000000e+00,0.000000e+00,0.000000e+00,0.000000e+00,0.000000e+00,0.000000e+00,0.000000e+00,0.000000e+00,0.000000e+00,0.000000e+00,0.000000e+00
1.000000e+00,0.000000e+00,0.000000e+00,0.000000e+00,0.000000e+00,0.000000e+00,0.000000e+00,0.000000e+00,0.000000e+00,0.000000e+00,0.000000e+00,0.000000e+00,0.000000e+00,0.000000e+00,0.000000e+00
1.000000e+00,0.000000e+00,0.000000e+00,0.000000e+00,0.000000e+00,0.000000e+00,0.000000e+00,0.000000e+00,0.000000e+00,0.000000e+00,0.000000e+00,0.000000e+00,0.000000e+00,0.000000e+00,0.000000e+00
1.000000e+00,0.000000e+00,0.000000e+00,0.000000e+00,0.000000e+00,0.000000e+00,0.000000e+00,0.000000e+00,0.000000e+00,0.000000e+00,0.000000e+00,0.000000e+00,0.000000e+00,0.000000e+00,0.000000e+00
1.000000e+00,0.000000e+00,0.000000e+00,0.000000e+00,0.000000e+00,0.000000e+00,0.000000e+00,0.000000e+00,0.000000e+00,0.000000e+00,0.000000e+00,0.000000e+00,0.000000e+00,0.000000e+00,0.000000e+00
1.000000e+00,0.000000e+00,0.000000e+00,0.000000e+00,0.000000e+00,0.000000e+00,0.000000e+00,0.000000e+00,0.000000e+00,0.000000e+00,0.000000e+00,0.000000e+00,0.000000e+00,0.000000e+00,0.000000e+00
1.000000e+00,0.000000e+00,0.000000e+00,0.000000e+00,0.000000e+00,0.000000e+00,0.000000e+00,0.000000e+00,0.000000e+00,0.000000e+00,0.000000e+00,0.000000e+00,0.000000e+00,0.000000e+00,0.000000e+00
1.000000e+00,0.000000e+00,0.000000e+00,0.000000e+00,0.000000e+00,0.000000e+00,0.000000e+00,0.000000e+00,0.000000e+00,0.000000e+00,0.000000e+00,0.000000e+00,0.000000e+00,0.000000e+00,0.000000e+00
1.000000e+00,0.000000e+00,0.000000e+00,0.000000e+00,0.000000e+00,0.000000e+00,0.000000e+00,0.000000e+00,0.000000e+00,0.000000e+00,0.000000e+00,0.000000e+00,0.000000e+00,0.000000e+00,0.000000e+00
1.000000e+00,0.000000e+00,0.000000e+00,0.000000e+00,0.000000e+00,0.000000e+00,0.000000e+00,0.000000e+00,0.000000e+00,0.000000e+00,0.000000e+00,0.000000e+00,0.000000e+00,0.000000e+00,0.000000e+00
1.000000e+00,0.000000e+00,0.000000e+00,0.000000e+00,0.000000e+00,0.000000e+00,0.000000e+00,0.000000e+00,0.000000e+00,0.000000e+00,0.000000e+00,0.000000e+00,0.000000e+00,0.000000e+00,0.000000e+00
1.000000e+00,0.000000e+00,0.000000e+00,0.000000e+00,0.000000e+00,0.000000e+00,0.000000e+00,0.000000e+00,0.000000e+00,0.000000e+00,0.000000e+00,0.000000e+00,0.000000e+00,0.000000e+00,0.000000e+00
1.000000e+00,0.000000e+00,0.000000e+00,0.000000e+00,0.000000e+00,0.000000e+00,0.000000e+00,0.000000e+00,0.000000e+00,0.000000e+00,0.000000e+00,0.000000e+00,0.000000e+00,0.000000e+00,0.000000e+00
1.000000e+00,0.000000e+00,0.000000e+00,0.000000e+00,0.000000e+00,0.000000e+00,0.000000e+00,0.000000e+00,0.000000e+00,0.000000e+00,0.000000e+00,0.000000e+00,0.000000e+00,0.000000e+00,0.000000e+00
1.000000e+00,0.000000e+00,0.000000e+00,0.000000e+00,0.000000e+00,0.000000e+00,0.000000e+00,0.000000e+00,0.000000e+00,0.000000e+00,0.000000e+00,0.000000e+00,0.000000e+00,0.000000e+00,0.000000e+00
1.000000e+00,0.000000e+00,0.000000e+00,0.000000e+00,0.000000e+00,0.000000e+00,0.000000e+00,0.000000e+00,0.000000e+00,0.000000e+00,0.000000e+00,0.000000e+00,0.000000e+00,0.000000e+00,0.000000e+00
1.000000e+00,0.000000e+00,0.000000e+00,0.000000e+00,0.000000e+00,0.000000e+00,0.000000e+00,0.000000e+00,0.000000e+00,0.000000e+00,0.000000e+00,0.000000e+00,0.000000e+00,0.000000e+00,0.000000e+00
1.000000e+00,0.000000e+00,0.000000e+00,0.000000e+00,0.000000e+00,0.000000e+00,0.000000e+00,0.000000e+00,0.000000e+00,0.000000e+00,0.000000e+00,0.000000e+00,0.000000e+00,0.000000e+00,0.000000e+00
1.000000e+00,0.000000e+00,0.000000e+00,0.000000e+00,0.000000e+00,0.000000e+00,0.000000e+00,0.000000e+00,0.000000e+00,0.000000e+00,0.000000e+00,0.000000e+00,0.000000e+00,0.000000e+00,0.000000e+00
1.000000e+00,0.000000e+00,0.000000e+00,0.000000e+00,0.000000e+00,0.000000e+00,0.000000e+00,0.000000e+00,0.000000e+00,0.000000e+00,0.000000e+00,0.000000e+00,0.000000e+00,0.000000e+00,0.000000e+00
1.000000e+00,0.000000e+00,0.000000e+00,0.000000e+00,0.000000e+00,0.000000e+00,0.000000e+00,0.000000e+00,0.000000e+00,0.000000e+00,0.000000e+00,0.000000e+00,0.000000e+00,0.000000e+00,0.000000e+00
1.000000e+00,0.000000e+00,0.000000e+00,0.000000e+00,0.000000e+00,0.000000e+00,0.000000e+00,0.000000e+00,0.000000e+00,0.000000e+00,0.000000e+00,0.000000e+00,0.000000e+00,0.000000e+00,0.000000e+00
1.000000e+00,0.000000e+00,0.000000e+00,0.000000e+00,0.000000e+00,0.000000e+00,0.000000e+00,0.000000e+00,0.000000e+00,0.000000e+00,0.000000e+00,0.000000e+00,0.000000e+00,0.000000e+00,0.000000e+00
1.000000e+00,0.000000e+00,0.000000e+00,0.000000e+00,0.000000e+00,0.000000e+00,0.000000e+00,0.000000e+00,0.000000e+00,0.000000e+00,0.000000e+00,0.000000e+00,0.000000e+00,0.000000e+00,0.000000e+00
1.000000e+00,0.000000e+00,0.000000e+00,0.000000e+00,0.000000e+00,0.000000e+00,0.000000e+00,0.000000e+00,0.000000e+00,0.000000e+00,0.000000e+00,0.000000e+00,0.000000e+00,0.000000e+00,0.000000e+00
1.000000e+00,0.000000e+00,0.000000e+00,0.000000e+00,0.000000e+00,0.000000e+00,0.000000e+00,0.000000e+00,0.000000e+00,0.000000e+00,0.000000e+00,0.000000e+00,0.000000e+00,0.000000e+00,0.000000e+00
1.000000e+00,0.000000e+00,0.000000e+00,0.000000e+00,0.000000e+00,0.000000e+00,0.000000e+00,0.000000e+00,0.000000e+00,0.000000e+00,0.000000e+00,0.000000e+00,0.000000e+00,0.000000e+00,0.000000e+00
1.000000e+00,0.000000e+00,0.000000e+00,0.000000e+00,0.000000e+00,0.000000e+00,0.000000e+00,0.000000e+00,0.000000e+00,0.000000e+00,0.000000e+00,0.000000e+00,0.000000e+00,0.000000e+00,0.000000e+00
1.000000e+00,0.000000e+00,0.000000e+00,0.000000e+00,0.000000e+00,0.000000e+00,0.000000e+00,0.000000e+00,0.000000e+00,0.000000e+00,0.000000e+00,0.000000e+00,0.000000e+00,0.000000e+00,0.000000e+00
1.000000e+00,0.000000e+00,0.000000e+00,0.000000e+00,0.000000e+00,0.000000e+00,0.000000e+00,0.000000e+00,0.000000e+00,0.000000e+00,0.000000e+00,0.000000e+00,0.000000e+00,0.000000e+00,0.000000e+00
1.000000e+00,0.000000e+00,0.000000e+00,0.000000e+00,0.000000e+00,0.000000e+00,0.000000e+00,0.000000e+00,0.000000e+00,0.000000e+00,0.000000e+00,0.000000e+00,0.000000e+00,0.000000e+00,0.000000e+00
1.000000e+00,0.000000e+00,0.000000e+00,0.000000e+00,0.000000e+00,0.000000e+00,0.000000e+00,0.000000e+00,0.000000e+00,0.000000e+00,0.000000e+00,0.000000e+00,0.000000e+00,0.000000e+00,0.000000e+00
1.000000e+00,0.000000e+00,0.000000e+00,0.000000e+00,0.000000e+00,0.000000e+00,0.000000e+00,0.000000e+00,0.000000e+00,0.000000e+00,0.000000e+00,0.000000e+00,0.000000e+00,0.000000e+00,0.000000e+00
1.000000e+00,0.000000e+00,0.000000e+00,0.000000e+00,0.000000e+00,0.000000e+00,0.000000e+00,0.000000e+00,0.000000e+00,0.000000e+00,0.000000e+00,0.000000e+00,0.000000e+00,0.000000e+00,0.000000e+00
1.000000e+00,0.000000e+00,0.000000e+00,0.000000e+00,0.000000e+00,0.000000e+00,0.000000e+00,0.000000e+00,0.000000e+00,0.000000e+00,0.000000e+00,0.000000e+00,0.000000e+00,0.000000e+00,0.000000e+00
1.000000e+00,0.000000e+00,0.000000e+00,0.000000e+00,0.000000e+00,0.000000e+00,0.000000e+00,0.000000e+00,0.000000e+00,0.000000e+00,0.000000e+00,0.000000e+00,0.000000e+00,0.000000e+00,0.000000e+00
1.000000e+00,0.000000e+00,0.000000e+00,0.000000e+00,0.000000e+00,0.000000e+00,0.000000e+00,0.000000e+00,0.000000e+00,0.000000e+00,0.000000e+00,0.000000e+00,0.000000e+00,0.000000e+00,0.000000e+00
1.000000e+00,0.000000e+00,0.000000e+00,0.000000e+00,0.000000e+00,0.000000e+00,0.000000e+00,0.000000e+00,0.000000e+00,0.000000e+00,0.000000e+00,0.000000e+00,0.000000e+00,0.000000e+00,0.000000e+00
1.000000e+00,0.000000e+00,0.000000e+00,0.000000e+00,0.000000e+00,0.000000e+00,0.000000e+00,0.000000e+00,0.000000e+00,0.000000e+00,0.000000e+00,0.000000e+00,0.000000e+00,0.000000e+00,0.000000e+00
1.000000e+00,0.000000e+00,0.000000e+00,0.000000e+00,0.000000e+00,0.000000e+00,0.000000e+00,0.000000e+00,0.000000e+00,0.000000e+00,0.000000e+00,0.000000e+00,0.000000e+00,0.000000e+00,0.000000e+00
1.000000e+00,0.000000e+00,0.000000e+00,0.000000e+00,0.000000e+00,0.000000e+00,0.000000e+00,0.000000e+00,0.000000e+00,0.000000e+00,0.000000e+00,0.000000e+00,0.000000e+00,0.000000e+00,0.000000e+00
1.000000e+00,0.000000e+00,0.000000e+00,0.000000e+00,0.000000e+00,0.000000e+00,0.000000e+00,0.000000e+00,0.000000e+00,0.000000e+00,0.000000e+00,0.000000e+00,0.000000e+00,0.000000e+00,0.000000e+00
1.000000e+00,0.000000e+00,0.000000e+00,0.000000e+00,0.000000e+00,0.000000e+00,0.000000e+00,0.000000e+00,0.000000e+00,0.000000e+00,0.000000e+00,0.000000e+00,0.000000e+00,0.000000e+00,0.000000e+00
1.000000e+00,0.000000e+00,0.000000e+00,0.000000e+00,0.000000e+00,0.000000e+00,0.000000e+00,0.000000e+00,0.000000e+00,0.000000e+00,0.000000e+00,0.000000e+00,0.000000e+00,0.000000e+00,0.000000e+00
1.000000e+00,0.000000e+00,0.000000e+00,0.000000e+00,0.000000e+00,0.000000e+00,0.000000e+00,0.000000e+00,0.000000e+00,0.000000e+00,0.000000e+00,0.000000e+00,0.000000e+00,0.000000e+00,0.000000e+00
1.000000e+00,0.000000e+00,0.000000e+00,0.000000e+00,0.000000e+00,0.000000e+00,0.000000e+00,0.000000e+00,0.000000e+00,0.000000e+00,0.000000e+00,0.000000e+00,0.000000e+00,0.000000e+00,0.000000e+00
1.000000e+00,0.000000e+00,0.000000e+00,0.000000e+00,0.000000e+00,0.000000e+00,0.000000e+00,0.000000e+00,0.000000e+00,0.000000e+00,0.000000e+00,0.000000e+00,0.000000e+00,0.000000e+00,0.000000e+00
1.000000e+00,0.000000e+00,0.000000e+00,0.000000e+00,0.000000e+00,0.000000e+00,0.000000e+00,0.000000e+00,0.000000e+00,0.000000e+00,0.000000e+00,0.000000e+00,0.000000e+00,0.000000e+00,0.000000e+00
1.000000e+00,0.000000e+00,0.000000e+00,0.000000e+00,0.000000e+00,0.000000e+00,0.000000e+00,0.000000e+00,0.000000e+00,0.000000e+00,0.000000e+00,0.000000e+00,0.000000e+00,0.000000e+00,0.000000e+00
1.000000e+00,0.000000e+00,0.000000e+00,0.000000e+00,0.000000e+00,0.000000e+00,0.000000e+00,0.000000e+00,0.000000e+00,0.000000e+00,0.000000e+00,0.000000e+00,0.000000e+00,0.000000e+00,0.000000e+00
1.000000e+00,0.000000e+00,0.000000e+00,0.000000e+00,0.000000e+00,0.000000e+00,0.000000e+00,0.000000e+00,0.000000e+00,0.000000e+00,0.000000e+00,0.000000e+00,0.000000e+00,0.000000e+00,0.000000e+00
1.000000e+00,0.000000e+00,0.000000e+00,0.000000e+00,0.000000e+00,0.000000e+00,0.000000e+00,0.000000e+00,0.000000e+00,0.000000e+00,0.000000e+00,0.000000e+00,0.000000e+00,0.000000e+00,0.000000e+00
1.000000e+00,0.000000e+00,0.000000e+00,0.000000e+00,0.000000e+00,0.000000e+00,0.000000e+00,0.000000e+00,0.000000e+00,0.000000e+00,0.000000e+00,0.000000e+00,0.000000e+00,0.000000e+00,0.000000e+00
1.000000e+00,0.000000e+00,0.000000e+00,0.000000e+00,0.000000e+00,0.000000e+00,0.000000e+00,0.000000e+00,0.000000e+00,0.000000e+00,0.000000e+00,0.000000e+00,0.000000e+00,0.000000e+00,0.000000e+00
1.000000e+00,0.000000e+00,0.000000e+00,0.000000e+00,0.000000e+00,0.000000e+00,0.000000e+00,0.000000e+00,0.000000e+00,0.000000e+00,0.000000e+00,0.000000e+00,0.000000e+00,0.000000e+00,0.000000e+00
1.000000e+00,0.000000e+00,0.000000e+00,0.000000e+00,0.000000e+00,0.000000e+00,0.000000e+00,0.000000e+00,0.000000e+00,0.000000e+00,0.000000e+00,0.000000e+00,0.000000e+00,0.000000e+00,0.000000e+00
1.000000e+00,0.000000e+00,0.000000e+00,0.000000e+00,0.000000e+00,0.000000e+00,0.000000e+00,0.000000e+00,0.000000e+00,0.000000e+00,0.000000e+00,0.000000e+00,0.000000e+00,0.000000e+00,0.000000e+00
1.000000e+00,0.000000e+00,0.000000e+00,0.000000e+00,0.000000e+00,0.000000e+00,0.000000e+00,0.000000e+00,0.000000e+00,0.000000e+00,0.000000e+00,0.000000e+00,0.000000e+00,0.000000e+00,0.000000e+00
1.000000e+00,0.000000e+00,0.000000e+00,0.000000e+00,0.000000e+00,0.000000e+00,0.000000e+00,0.000000e+00,0.000000e+00,0.000000e+00,0.000000e+00,0.000000e+00,0.000000e+00,0.000000e+00,0.000000e+00
1.000000e+00,0.000000e+00,0.000000e+00,0.000000e+00,0.000000e+00,0.000000e+00,0.000000e+00,0.000000e+00,0.000000e+00,0.000000e+00,0.000000e+00,0.000000e+00,0.000000e+00,0.000000e+00,0.000000e+00
1.000000e+00,0.000000e+00,0.000000e+00,0.000000e+00,0.000000e+00,0.000000e+00,0.000000e+00,0.000000e+00,0.000000e+00,0.000000e+00,0.000000e+00,0.000000e+00,0.000000e+00,0.000000e+00,0.000000e+00
4.528440e-01,1.847272e-02,1.194400e-02,2.582367e-01,7.827607e-03,2.284088e-02,4.629936e-03,1.247652e-02,1.996170e-02,5.331446e-03,2.614050e-02,7.912615e-02,5.103800e-02,2.475252e-03,2.665462e-02
3.372111e-01,1.630406e-02,9.148530e-03,2.838414e-01,8.290716e-03,2.091214e-02,3.523595e-03,9.676153e-03,1.742660e-02,6.749122e-03,5.744056e-02,1.575791e-01,4.526381e-02,2.556418e-03,2.407677e-02
2.451413e-01,1.172506e-02,6.500974e-03,2.141428e-01,6.644689e-03,1.838850e-02,2.662471e-03,7.064922e-03,1.680628e-02,6.047460e-03,6.047006e-02,3.435063e-01,4.063715e-02,2.415109e-03,1.784695e-02
1.799568e-01,8.401531e-03,4.565219e-03,1.515827e-01,5.181100e-03,2.051870e-02,1.946731e-03,5.009816e-03,2.388215e-02,4.977517e-03,5.579409e-02,4.860880e-01,3.691029e-02,2.275063e-03,1.291033e-02
1.337722e-01,6.153223e-03,3.203419e-03,1.084809e-01,4.702085e-03,1.708756e-02,1.393265e-03,3.576360e-03,3.705107e-02,7.063700e-03,4.770114e-02,5.898228e-01,2.853990e-02,1.956702e-03,9.495620e-03
1.020815e-01,4.668219e-03,2.254260e-03,7.802924e-02,1.793045e-02,1.590285e-02,1.047326e-03,2.740362e-03,6.737291e-02,7.216082e-03,4.514581e-02,6.241581e-01,2.289436e-02,1.628123e-03,6.930348e-03
7.210814e-02,3.361968e-03,1.583390e-03,5.511671e-02,1.446673e-02,1.271847e-02,7.499327e-04,1.968440e-03,5.220975e-02,5.771157e-03,3.672254e-02,7.196299e-01,1.736981e-02,1.291044e-03,4.932018e-03
5.066627e-02,2.571038e-03,1.132301e-03,3.936558e-02,2.722081e-02,9.381684e-03,5.408638e-04,1.402489e-03,6.459440e-02,6.287318e-03,3.041907e-02,7.489693e-01,1.287945e-02,1.005231e-03,3.564225e-03
3.559615e-02,2.139832e-03,8.804459e-04,2.799805e-02,2.939513e-02,6.774751e-03,5.566482e-04,1.084325e-03,1.027508e-01,4.942624e-03,2.609502e-02,7.485771e-01,9.870578e-03,7.789354e-04,2.559668e-03
2.540893e-02,1.862315e-03,6.306818e-04,1.977862e-02,2.132211e-02,5.177012e-03,4.029876e-04,8.936063e-04,8.206998e-02,3.805329e-03,2.613136e-02,8.025398e-01,7.316140e-03,8.017216e-04,1.859391e-03
1.828947e-02,1.607358e-03,4.574167e-04,1.400433e-02,1.624130e-02,3.973920e-03,2.874713e-04,7.322834e-04,6.762181e-02,3.005760e-03,3.507756e-02,8.310682e-01,5.504290e-03,7.534888e-04,1.375420e-03
1.495403e-02,1.626674e-03,3.824749e-04,1.001462e-02,1.273095e-02,3.313604e-03,2.068213e-04,6.516030e-04,5.482687e-02,2.553347e-03,3.281070e-02,8.601574e-01,4.053923e-03,6.418761e-04,1.075130e-03
1.395106e-02,1.801318e-03,3.834189e-04,8.340609e-03,1.372255e-02,4.831771e-03,1.873529e-04,9.985387e-04,4.792298e-02,2.285120e-03,2.486203e-02,8.761561e-01,3.051278e-03,5.025223e-04,1.003373e-03
1.888737e-02,2.220426e-03,6.765736e-04,7.393903e-03,4.274032e-02,2.045362e-02,2.713804e-03,7.052731e-03,5.293811e-02,1.957036e-03,3.530877e-02,8.020506e-01,3.370059e-03,6.782486e-04,1.558467e-03
3.729070e-02,2.695769e-03,8.808746e-04,5.623847e-03,3.170768e-02,1.709437e-02,2.721542e-03,7.125343e-03,4.374859e-02,4.339758e-03,3.408986e-02,8.054701e-01,2.931410e-03,1.507666e-03,2.772524e-03
9.661281e-02,4.849619e-03,1.010652e-03,5.074324e-03,2.618114e-02,2.192669e-02,3.895715e-03,8.696579e-03,5.526449e-02,4.708981e-03,4.894033e-02,7.129622e-01,3.732846e-03,1.893059e-03,4.250657e-03
1.154258e-01,1.095469e-02,1.604916e-03,4.342319e-03,4.171661e-02,3.617613e-02,4.331538e-03,1.018162e-02,1.739642e-01,5.820596e-03,4.365176e-02,5.392976e-01,6.281978e-03,2.349271e-03,3.900967e-03
1.387682e-01,2.007514e-02,3.827174e-03,7.872199e-03,5.404948e-02,3.349125e-02,5.836168e-03,1.179820e-02,2.291012e-01,1.138640e-02,5.661785e-02,4.096568e-01,7.696679e-03,4.156378e-03,5.666941e-03
1.603818e-01,2.623364e-02,5.212056e-03,1.014135e-02,5.467660e-02,3.769025e-02,4.787175e-03,9.635350e-03,2.458665e-01,1.146455e-02,6.040630e-02,3.442671e-01,1.145654e-02,4.954233e-03,1.282657e-02
1.989330e-01,3.861406e-02,5.309746e-03,1.333430e-02,5.823638e-02,4.029348e-02,3.800484e-03,8.049892e-03,2.504253e-01,1.773715e-02,5.866335e-02,2.540025e-01,1.816691e-02,5.548908e-03,2.888460e-02
1.931098e-01,5.481993e-02,5.041883e-03,1.156762e-02,5.968905e-02,4.660977e-02,3.103793e-03,7.576701e-03,2.766678e-01,2.342705e-02,5.666457e-02,1.940022e-01,3.024412e-02,8.596854e-03,2.887894e-02
1.821502e-01,4.658674e-02,5.536713e-03,9.778123e-03,6.406070e-02,5.228615e-02,4.551537e-03,1.128465e-02,2.727763e-01,4.064705e-02,5.313587e-02,1.651365e-01,5.389866e-02,1.404243e-02,2.412832e-02
1.480665e-01,5.272099e-02,4.754775e-03,8.162843e-03,5.222477e-02,7.061453e-02,3.989664e-03,1.283039e-02,2.839419e-01,4.364545e-02,4.300995e-02,1.792030e-01,6.282301e-02,1.522195e-02,1.879035e-02
1.555266e-01,6.147459e-02,6.592977e-03,6.681552e-03,4.592399e-02,6.173829e-02,3.824079e-03,4.254595e-02,2.609175e-01,5.610932e-02,3.421417e-02,1.618201e-01,6.478739e-02,2.134242e-02,1.650110e-02
1.494023e-01,5.633641e-02,5.684510e-03,5.290620e-03,6.039113e-02,9.578414e-02,3.382633e-03,4.425882e-02,2.711143e-01,5.048082e-02,2.677947e-02,1.169821e-01,4.961726e-02,5.012103e-02,1.437448e-02
2.102046e-01,7.143823e-02,5.437504e-03,6.705566e-03,6.688832e-02,7.801779e-02,3.507176e-03,4.847953e-02,2.407117e-01,4.806271e-02,2.813182e-02,8.919311e-02,3.782578e-02,4.604886e-02,1.934735e-02
1.987099e-01,6.829064e-02,5.316662e-03,6.112769e-03,7.286951e-02,6.788050e-02,3.313369e-03,4.013598e-02,2.262187e-01,4.670316e-02,2.289703e-02,6.621104e-02,3.005073e-02,5.830489e-02,8.698514e-02
2.035872e-01,7.114130e-02,8.186108e-03,5.902316e-03,8.345923e-02,5.717987e-02,3.542314e-03,7.523620e-02,2.362432e-01,3.369290e-02,1.884209e-02,4.763000e-02,2.458019e-02,5.822974e-02,7.254735e-02
1.540308e-01,5.399732e-02,1.066150e-02,5.069637e-03,6.582414e-02,4.113850e-02,3.081659e-03,3.071584e-01,1.711060e-01,2.405552e-02,1.417993e-02,3.376481e-02,1.807892e-02,4.260800e-02,5.524501e-02
1.111641e-01,3.850214e-02,1.340231e-02,4.327673e-03,5.015991e-02,3.030782e-02,2.496664e-03,4.960011e-01,1.203115e-01,1.697550e-02,1.023270e-02,2.373363e-02,1.315368e-02,3.008047e-02,3.915081e-02
8.047985e-02,2.727287e-02,1.091805e-02,4.085897e-03,4.065976e-02,2.178195e-02,2.090550e-03,6.344142e-01,8.452284e-02,1.190646e-02,7.325320e-03,1.663337e-02,9.290691e-03,2.112381e-02,2.749442e-02
5.928282e-02,1.960204e-02,8.241656e-03,3.156235e-03,3.270189e-02,1.552391e-02,1.533462e-03,7.344633e-01,5.938618e-02,8.375448e-03,5.353765e-03,1.167950e-02,6.560995e-03,1.485857e-02,1.928021e-02
4.543023e-02,1.406769e-02,6.223967e-03,2.512315e-03,2.673948e-02,1.101301e-02,1.167727e-03,8.045734e-01,4.174897e-02,5.877565e-03,3.863652e-03,8.204374e-03,4.630558e-03,1.043217e-02,1.351498e-02
3.709514e-02,1.013307e-02,4.688782e-03,2.171037e-03,2.178854e-02,7.991373e-03,9.086061e-04,8.527852e-01,2.940150e-02,4.136620e-03,2.863646e-03,5.828506e-03,3.376572e-03,7.346807e-03,9.484732e-03
2.927232e-02,7.171937e-03,3.605790e-03,1.703862e-03,1.619119e-02,5.895883e-03,6.993861e-04,8.914227e-01,2.070259e-02,2.900102e-03,2.060671e-03,4.133167e-03,2.418385e-03,5.169962e-03,6.652114e-03
2.593141e-02,5.144826e-03,2.782442e-03,1.453755e-03,1.255482e-02,4.361505e-03,5.909928e-04,9.158596e-01,1.458473e-02,2.042418e-03,1.562123e-03,3.001108e-03,1.809218e-03,3.640021e-03,4.681102e-03
2.217855e-02,3.783185e-03,2.474453e-03,1.369543e-03,9.347908e-03,3.193587e-03,4.871684e-04,9.346927e-01,1.033343e-02,1.445954e-03,1.204585e-03,2.230114e-03,1.371016e-03,2.565961e-03,3.321859e-03
2.077888e-02,2.768677e-03,2.157941e-03,1.364696e-03,7.306588e-03,2.456934e-03,4.634129e-04,9.464337e-01,7.326841e-03,1.024817e-03,9.622158e-04,1.679256e-03,1.103409e-03,1.815774e-03,2.356938e-03
2.396270e-02,1.991608e-03,1.730501e-03,1.204496e-03,5.314433e-03,3.136748e-03,8.346605e-04,9.493667e-01,5.230650e-03,7.336856e-04,8.165024e-04,1.532880e-03,1.106711e-03,1.311286e-03,1.726413e-03
4.160298e-02,1.579534e-03,1.629646e-03,1.060483e-03,4.105362e-03,5.628814e-03,9.126115e-04,9.312019e-01,3.824736e-03,5.565917e-04,1.336400e-03,2.032717e-03,2.179235e-03,9.955957e-04,1.353318e-03
3.750887e-02,1.378007e-03,1.666751e-03,1.021157e-03,3.487468e-03,4.977956e-03,1.164727e-03,7.879608e-01,3.639223e-03,2.193136e-02,2.883381e-02,1.470632e-02,8.671656e-02,2.471618e-03,2.535394e-03
2.830795e-02,1.033392e-03,1.317219e-03,1.346855e-03,3.081606e-03,3.664258e-03,9.617732e-04,5.640432e-01,3.699621e-03,2.181081e-02,5.580223e-02,2.347249e-02,2.844583e-01,3.123413e-03,3.876831e-03
2.184060e-02,8.136898e-04,9.866061e-04,1.003609e-03,2.437760e-03,2.744177e-03,8.708871e-04,4.029257e-01,4.562398e-03,1.624155e-02,5.691735e-02,2.232957e-02,4.539847e-01,7.034878e-03,5.306457e-03
1.539787e-02,6.285380e-04,7.655064e-04,7.393149e-04,1.978173e-03,1.965039e-03,6.298536e-04,2.834385e-01,8.831738e-03,1.148424e-02,4.446935e-02,1.818250e-02,5.994164e-01,6.314655e-03,5.758383e-03
1.653050e-02,9.247630e-04,7.597117e-04,2.027186e-03,2.876951e-03,2.000265e-03,5.953541e-04,2.013372e-01,6.284669e-02,1.186479e-02,4.687250e-02,2.469255e-02,6.031115e-01,1.206684e-02,1.149326e-02
1.220449e-02,9.163424e-04,6.091292e-04,1.865036e-03,3.766752e-03,1.426488e-03,4.424748e-04,1.414058e-01,1.743782e-01,9.061777e-03,3.720659e-02,2.308347e-02,5.712946e-01,1.062082e-02,1.171808e-02
1.017364e-02,7.703415e-04,5.055473e-04,1.531219e-03,3.018973e-03,1.096544e-03,3.618073e-04,9.959472e-02,3.707894e-01,7.043535e-03,2.818609e-02,2.596607e-02,4.329590e-01,8.343572e-03,9.659545e-03
7.487302e-03,6.078031e-04,4.363771e-04,1.144627e-03,2.287448e-03,8.028595e-04,2.631370e-04,6.985658e-02,5.097904e-01,5.450369e-03,2.139822e-02,3.133847e-02,3.353832e-01,6.421501e-03,7.331753e-03
5.497806e-03,5.059832e-04,3.638171e-04,9.047145e-04,1.742590e-03,7.085977e-04,1.932203e-04,4.895605e-02,6.239761e-01,3.956793e-03,1.795756e-02,3.073364e-02,2.527090e-01,6.231252e-03,5.562843e-03
4.188756e-03,4.653452e-04,2.858253e-04,6.996386e-04,1.318572e-03,7.699101e-04,1.375255e-04,3.429019e-02,7.255992e-01,2.850817e-03,1.600536e-02,2.320313e-02,1.785841e-01,7.251115e-03,4.350500e-03
3.049845e-03,5.820458e-04,2.978978e-04,5.243149e-04,1.005183e-03,8.202513e-04,9.750616e-05,2.401513e-02,7.980976e-01,2.111836e-03,1.337835e-02,1.664150e-02,1.252961e-01,1.010983e-02,3.972621e-03
2.406859e-03,7.184871e-04,7.521771e-04,4.429963e-04,8.270305e-04,7.526067e-04,6.934951e-05,1.682493e-02,8.494465e-01,1.690725e-03,1.083596e-02,1.183913e-02,8.796666e-02,1.214708e-02,3.279435e-03
2.019124e-03,6.550441e-04,1.085673e-03,4.133422e-04,7.988960e-04,6.162431e-04,4.949636e-05,1.178301e-02,8.830980e-01,1.400179e-03,8.957543e-03,8.465216e-03,6.178419e-02,1.646225e-02,2.411732e-03
3.170155e-03,1.243120e-03,8.203943e-03,1.634663e-03,3.395914e-03,4.598969e-03,7.680784e-05,8.347115e-03,8.612334e-01,2.829315e-03,1.173729e-02,6.701014e-03,4.483425e-02,3.889857e-02,3.095421e-03
4.452911e-03,2.177860e-03,2.135956e-02,3.971214e-03,1.164663e-02,7.449469e-03,1.778835e-04,8.653611e-03,8.231758e-01,6.080233e-03,1.228689e-02,5.196019e-03,3.334526e-02,5.515090e-02,4.875654e-03
4.954580e-03,3.746867e-03,5.816542e-02,1.414604e-02,1.623520e-02,7.580477e-03,2.057532e-04,7.563384e-03,7.488957e-01,1.543134e-02,1.339211e-02,4.181539e-03,2.504013e-02,6.038518e-02,2.007616e-02
9.716393e-03,9.804478e-03,8.811024e-02,2.634336e-02,2.583120e-02,9.414387e-03,3.780863e-04,8.624464e-03,6.616549e-01,2.590026e-02,1.441385e-02,3.741367e-03,1.972789e-02,5.450968e-02,4.182937e-02
1.059884e-02,1.092809e-02,7.197030e-02,2.119123e-02,2.172683e-02,7.597220e-03,2.906868e-04,7.898115e-03,6.024147e-01,5.694974e-02,1.405805e-02,3.178811e-03,1.520094e-02,4.596799e-02,1.100284e-01
3.263525e-02,1.130964e-02,7.205537e-02,4.137278e-02,6.438572e-02,7.680262e-03,7.782669e-04,1.430857e-02,5.442224e-01,4.954549e-02,1.535401e-02,3.543229e-03,1.267752e-02,4.192663e-02,8.820491e-02
4.575555e-02,1.072249e-02,1.492351e-01,4.277461e-02,6.232705e-02,1.020038e-02,6.789351e-04,4.054816e-02,4.699554e-01,3.580059e-02,1.272773e-02,2.955375e-03,9.728536e-03,4.292376e-02,6.366633e-02
5.616041e-02,9.634438e-03,1.848425e-01,4.227060e-02,7.050862e-02,1.495269e-02,7.122178e-04,6.670987e-02,4.134668e-01,2.618049e-02,1.011742e-02,2.528730e-03,7.117175e-03,4.837317e-02,4.642487e-02
5.464581e-02,9.481106e-03,2.209687e-01,5.119549e-02,6.115811e-02,1.552959e-02,8.367044e-04,1.315956e-01,3.411852e-01,1.882740e-02,7.907811e-03,1.911225e-03,5.350306e-03,4.616512e-02,3.324193e-02
6.906564e-02,1.396194e-02,2.622975e-01,4.927110e-02,5.975092e-02,1.417757e-02,1.792352e-03,1.760171e-01,2.630552e-01,1.399707e-02,6.633666e-03,1.651196e-03,4.208688e-03,3.965958e-02,2.446041e-02
1.165980e-01,2.336599e-02,2.758642e-01,3.952694e-02,5.629183e-02,1.748213e-02,5.492061e-03,1.670732e-01,2.042328e-01,1.218187e-02,6.361674e-03,2.208788e-03,4.419290e-03,4.631748e-02,2.258380e-02
9.467500e-02,1.727521e-02,2.787963e-01,3.287704e-02,4.347771e-02,1.315435e-02,5.251165e-03,2.945433e-01,1.474902e-01,9.355552e-03,4.660591e-03,1.814095e-03,3.524335e-03,3.661073e-02,1.649442e-02
8.485269e-02,1.419434e-02,3.256609e-01,2.797534e-02,3.464892e-02,9.874453e-03,4.657301e-03,3.352488e-01,1.065168e-01,7.735432e-03,3.476232e-03,1.488400e-03,2.550030e-03,2.761371e-02,1.350670e-02
8.464100e-02,1.249510e-02,2.888619e-01,2.385216e-02,2.784922e-02,7.796925e-03,3.991979e-03,4.163741e-01,7.849588e-02,1.392095e-02,2.764041e-03,1.524817e-03,1.966756e-03,2.090563e-02,1.455958e-02
6.658780e-02,9.443300e-03,2.153275e-01,1.731811e-02,1.954520e-02,6.416305e-03,2.958657e-03,3.001995e-01,6.789398e-02,2.204356e-01,8.862232e-03,3.164374e-03,7.477712e-03,2.388443e-02,3.048535e-02
6.489883e-02,9.965564e-03,1.544887e-01,1.367151e-02,1.436257e-02,5.568698e-03,2.340757e-03,2.308227e-01,1.185125e-01,2.808414e-01,2.336828e-02,5.735895e-03,1.325833e-02,2.774405e-02,3.442018e-02
4.639763e-02,9.382480e-03,1.097739e-01,1.435767e-02,1.072324e-02,4.466647e-03,1.781953e-03,1.631945e-01,1.186515e-01,2.792419e-01,1.313848e-01,9.361859e-03,2.370564e-02,4.185334e-02,3.572279e-02
3.282979e-02,1.148524e-02,7.856395e-02,1.995698e-02,1.040908e-02,3.955530e-03,1.356664e-03,1.153363e-01,1.651806e-01,2.484066e-01,1.466180e-01,1.015504e-02,2.862794e-02,7.575940e-02,5.135877e-02
2.344586e-02,8.557868e-03,5.557647e-02,1.478165e-02,8.979386e-03,3.122229e-03,9.969549e-04,8.197030e-02,2.747786e-01,1.819052e-01,1.567499e-01,2.351958e-02,3.488266e-02,8.292668e-02,4.780663e-02
1.660235e-02,6.192528e-03,3.911085e-02,1.104978e-02,6.844418e-03,2.325446e-03,7.239926e-04,5.756541e-02,3.968847e-01,1.286834e-01,1.503571e-01,2.060034e-02,3.000724e-02,7.493558e-02,5.811676e-02
1.169470e-02,5.811377e-03,2.751958e-02,8.179593e-03,5.323871e-03,2.407639e-03,5.311553e-04,4.037181e-02,4.921768e-01,9.051353e-02,1.361257e-01,1.589788e-02,2.328598e-02,9.128948e-02,4.887090e-02
8.517493e-03,4.407599e-03,1.933274e-02,6.170912e-03,4.349491e-03,2.723310e-03,3.942733e-04,2.834457e-02,6.194237e-01,6.351558e-02,1.009766e-01,1.159527e-02,1.721078e-02,7.405905e-02,3.897864e-02
6.720156e-03,3.497445e-03,1.368103e-02,5.192357e-03,3.401789e-03,3.059859e-03,3.032989e-04,1.987910e-02,7.176825e-01,4.490042e-02,7.472576e-02,8.648965e-03,1.309760e-02,5.661970e-02,2.859006e-02
7.023962e-03,6.064450e-03,9.977240e-03,5.064205e-03,5.929754e-03,3.444178e-03,2.276327e-04,1.410876e-02,7.479300e-01,3.172428e-02,8.257803e-02,7.083391e-03,1.250851e-02,4.441365e-02,2.192196e-02
6.892296e-03,4.808849e-03,7.054814e-03,4.329246e-03,5.628176e-03,3.555730e-03,1.766190e-04,9.935257e-03,7.937751e-01,2.257312e-02,6.950048e-02,5.375954e-03,1.145052e-02,3.687122e-02,1.807268e-02
9.559250e-03,3.631549e-03,4.983039e-03,3.545126e-03,5.521032e-03,3.190096e-03,1.344637e-04,6.993739e-03,8.395304e-01,1.606134e-02,5.150091e-02,3.981558e-03,9.471702e-03,2.755049e-02,1.434533e-02
2.205883e-02,2.977818e-03,3.584402e-03,3.156353e-03,5.626976e-03,3.334429e-03,1.115010e-04,4.931290e-03,8.549399e-01,1.157688e-02,4.053362e-02,3.238248e-03,8.213948e-03,2.247789e-02,1.323792e-02
2.059129e-02,2.713588e-03,2.847556e-03,5.763509e-03,5.760684e-03,2.639631e-03,9.535112e-05,3.573481e-03,8.810462e-01,8.385627e-03,3.027321e-02,2.491386e-03,6.306540e-03,1.679967e-02,1.071231e-02
2.177374e-02,4.663432e-03,1.051722e-02,2.529749e-02,2.008004e-02,4.212995e-03,1.701889e-04,3.046203e-03,8.490466e-01,6.261633e-03,2.420569e-02,2.247320e-03,5.146679e-03,1.348141e-02,9.849367e-03
2.716090e-02,4.921795e-03,1.215482e-02,2.333998e-02,1.634662e-02,4.709099e-03,1.660275e-04,2.179908e-03,8.445575e-01,4.869082e-03,2.329278e-02,2.039079e-03,4.576018e-03,1.736233e-02,1.232402e-02
5.055727e-02,8.006857e-03,2.870371e-02,1.824737e-02,1.474738e-02,8.198530e-03,2.089666e-04,1.931560e-03,7.735863e-01,5.107724e-03,2.414981e-02,1.897754e-03,4.354368e-03,3.999893e-02,2.030347e-02
4.640171e-02,7.673022e-03,4.359495e-02,1.380385e-02,1.074399e-02,7.212549e-03,1.673344e-04,1.423444e-03,6.494477e-01,5.876083e-03,1.938564e-02,1.513596e-03,3.415297e-03,5.194065e-02,1.374001e-01
5.436887e-02,8.295133e-03,6.346329e-02,1.226999e-02,9.017809e-03,9.338073e-03,1.853032e-04,1.194798e-03,5.166218e-01,8.654941e-03,1.658089e-02,1.408756e-03,3.008685e-03,1.123012e-01,1.832905e-01
7.212137e-02,7.476881e-03,5.915721e-02,9.588636e-03,7.487080e-03,7.669218e-03,1.617662e-04,1.030451e-03,4.314252e-01,2.474575e-02,1.389076e-02,1.225697e-03,2.597341e-03,1.467429e-01,2.146797e-01
5.589504e-02,6.385492e-03,4.914270e-02,6.941254e-03,5.707606e-03,5.830699e-03,1.272110e-04,7.910609e-04,3.407468e-01,2.891388e-02,1.194049e-02,1.014444e-03,2.125115e-03,2.176814e-01,2.667567e-01
5.526879e-02,9.099527e-03,5.000252e-02,2.069933e-02,7.061315e-03,5.276890e-03,2.881802e-04,1.737324e-03,3.672441e-01,3.085061e-02,1.240476e-02,1.251373e-03,2.267896e-03,1.783163e-01,2.582310e-01
9.384543e-02,1.155433e-02,6.189261e-02,3.806767e-02,1.510280e-02,5.327167e-03,4.926207e-04,4.323727e-03,3.466763e-01,2.873310e-02,1.118801e-02,1.578685e-03,2.823633e-03,1.723862e-01,2.060077e-01
1.203489e-01,1.165998e-02,6.457800e-02,3.339095e-02,1.999792e-02,4.960954e-03,5.076054e-04,6.129136e-03,3.947692e-01,2.934135e-02,9.703753e-03,1.813955e-03,3.456047e-03,1.352318e-01,1.641105e-01
1.719277e-01,1.053015e-02,4.852086e-02,2.528019e-02,2.562009e-02,6.483552e-03,4.424858e-04,1.453632e-02,4.192788e-01,2.299134e-02,9.138767e-03,2.479276e-03,3.544020e-03,1.185875e-01,1.206389e-01
1.815764e-01,1.029889e-02,3.686265e-02,2.894784e-02,3.421875e-02,5.714827e-03,4.311234e-04,6.435782e-02,4.267871e-01,1.824444e-02,8.785310e-03,2.746506e-03,3.693035e-03,8.960835e-02,8.772691e-02
2.152993e-01,8.799131e-03,6.470765e-02,3.972559e-02,4.538880e-02,6.347955e-03,6.896013e-04,9.694406e-02,3.580334e-01,1.392658e-02,9.057094e-03,3.409095e-03,3.471015e-03,7.076715e-02,6.343353e-02
2.729138e-01,8.178911e-03,7.590266e-02,5.023764e-02,4.414797e-02,7.504473e-03,7.614262e-04,7.924939e-02,3.258011e-01,1.164312e-02,9.128953e-03,4.367471e-03,3.393759e-03,5.960244e-02,4.716679e-02
2.866742e-01,7.398287e-03,7.211240e-02,4.835109e-02,4.825801e-02,6.908773e-03,5.887782e-04,6.144703e-02,3.432264e-01,1.089163e-02,1.718307e-02,3.762554e-03,4.271718e-03,4.766692e-02,4.125908e-02
3.121802e-01,8.647977e-03,5.505284e-02,4.927440e-02,8.070174e-02,6.942715e-03,5.587668e-04,4.757683e-02,3.372947e-01,8.916957e-03,1.642726e-02,3.923206e-03,4.687333e-03,3.779243e-02,3.002260e-02
3.055056e-01,9.509351e-03,4.262617e-02,5.003975e-02,1.252585e-01,6.605098e-03,5.432171e-04,5.069356e-02,3.267099e-01,7.340496e-03,1.444944e-02,4.293701e-03,4.436664e-03,2.897798e-02,2.301058e-02
2.822670e-01,7.960476e-03,3.287944e-02,3.736239e-02,2.198923e-01,5.969408e-03,5.232032e-04,5.892937e-02,2.859988e-01,5.911683e-03,1.310029e-02,3.792654e-03,3.699536e-03,2.425326e-02,1.746023e-02
3.183190e-01,8.650864e-03,2.619009e-02,3.022572e-02,2.049014e-01,6.267968e-03,8.216141e-04,5.945664e-02,2.705036e-01,5.259127e-03,1.819743e-02,7.088947e-03,5.433087e-03,2.352916e-02,1.515545e-02
3.310521e-01,8.334834e-03,2.016853e-02,2.323244e-02,1.810369e-01,5.427791e-03,8.605428e-04,4.817612e-02,2.993987e-01,4.935732e-03,2.637267e-02,7.223528e-03,5.523557e-03,2.540706e-02,1.284942e-02
3.389904e-01,7.845310e-03,1.601030e-02,2.274910e-02,1.688510e-01,4.806709e-03,8.134276e-04,4.251212e-02,3.271272e-01,4.113428e-03,2.344443e-02,7.492276e-03,4.950722e-03,1.914339e-02,1.115021e-02
3.710154e-01,6.704775e-03,1.274545e-02,1.822626e-02,1.505042e-01,4.783863e-03,8.305977e-04,7.274318e-02,3.029827e-01,4.039696e-03,1.904865e-02,8.075700e-03,4.282551e-03,1.527729e-02,8.739686e-03
3.854192e-01,6.130142e-03,9.877681e-03,1.600142e-02,1.185682e-01,6.010681e-03,7.381340e-04,6.375719e-02,3.093759e-01,4.447195e-03,3.528562e-02,1.655470e-02,7.078950e-03,1.280310e-02,7.951855e-03
3.701199e-01,6.106641e-03,7.139227e-03,1.383536e-02,8.443452e-02,7.212925e-03,7.254305e-04,4.585361e-02,2.831710e-01,3.947868e-03,1.005573e-01,3.474715e-02,2.037450e-02,1.184356e-02,9.931057e-03
2.850586e-01,5.615773e-03,5.320179e-03,1.575771e-02,6.210451e-02,7.857346e-03,7.220215e-04,3.234256e-02,2.663552e-01,4.261308e-03,1.758032e-01,6.427942e-02,5.120835e-02,1.077986e-02,1.253402e-02
2.123978e-01,5.019583e-03,3.885093e-03,1.393554e-02,4.384750e-02,7.189678e-03,7.189864e-04,2.316728e-02,2.026183e-01,4.149481e-03,2.622165e-01,1.192925e-01,7.237857e-02,1.758709e-02,1.159602e-02
1.509158e-01,3.635808e-03,2.958423e-03,1.017653e-02,3.103860e-02,5.181914e-03,5.658239e-04,1.720639e-02,1.444162e-01,3.279369e-03,3.618554e-01,1.792117e-01,6.636585e-02,1.464089e-02,8.551367e-03
1.063107e-01,2.793830e-03,1.045140e-02,9.210098e-03,2.397093e-02,3.724813e-03,4.872319e-04,1.535801e-02,1.136528e-01,2.509359e-03,4.207156e-01,2.167840e-01,5.633115e-02,1.131442e-02,6.385728e-03
7.974153e-02,5.519134e-03,2.356873e-02,1.484748e-02,2.258025e-02,6.206252e-03,3.632221e-03,1.344647e-02,1.338585e-01,4.964533e-03,4.176468e-01,1.788478e-01,4.260390e-02,4.394960e-02,8.586914e-03
5.822536e-02,8.906523e-03,4.722044e-02,1.622843e-02,2.002735e-02,1.031301e-02,6.006059e-03,1.258155e-02,1.444769e-01,9.162165e-03,4.124468e-01,1.368714e-01,3.506404e-02,6.299008e-02,1.947981e-02
4.231407e-02,1.440311e-02,4.261786e-02,7.817479e-02,2.221721e-02,1.333331e-02,4.479355e-03,9.749227e-03,1.899345e-01,7.356038e-03,3.446416e-01,1.189049e-01,4.797399e-02,4.872896e-02,1.517109e-02
3.111861e-02,1.397116e-02,4.972763e-02,1.107433e-01,2.344349e-02,1.919543e-02,3.787072e-03,8.821633e-03,1.669792e-01,7.097385e-03,3.650232e-01,9.755605e-02,5.165107e-02,3.828434e-02,1.260045e-02
2.434948e-02,1.337366e-02,4.706845e-02,9.127492e-02,2.289730e-02,1.834065e-02,4.761714e-03,1.500940e-02,1.651216e-01,1.059536e-02,3.244352e-01,1.195387e-01,9.331828e-02,3.745760e-02,1.245765e-02
1.818493e-02,1.053447e-02,3.539237e-02,6.555089e-02,2.605172e-02,2.226263e-02,5.262888e-03,1.714111e-02,1.697838e-01,9.337559e-03,2.571779e-01,2.043097e-01,1.169361e-01,3.180786e-02,1.026601e-02
1.379342e-02,7.587926e-03,2.517457e-02,4.641807e-02,2.127377e-02,1.855385e-02,3.889866e-03,1.280209e-02,1.206556e-01,6.855202e-03,1.909078e-01,3.984474e-01,1.030858e-01,2.317764e-02,7.377001e-03
1.045935e-02,5.401227e-03,1.790126e-02,3.273947e-02,1.801182e-02,1.434163e-02,3.103163e-03,1.035647e-02,8.507066e-02,4.942303e-03,1.493926e-01,5.271980e-01,9.893002e-02,1.685350e-02,5.298547e-03
1.178521e-02,4.083628e-03,1.320010e-02,2.349811e-02,2.424777e-02,1.610716e-02,3.777193e-03,8.923322e-03,6.208967e-02,3.860783e-03,1.196790e-01,5.597480e-01,1.320817e-01,1.242766e-02,4.490659e-03
1.516525e-02,3.422207e-03,9.654796e-03,1.675101e-02,3.746539e-02,1.449898e-02,4.208683e-03,1.048543e-02,4.576216e-02,2.892731e-03,8.762910e-02,5.529888e-01,1.854915e-01,9.467822e-03,4.116199e-03
1.678947e-02,2.852671e-03,6.949255e-03,1.196670e-02,3.460487e-02,1.619584e-02,4.017426e-03,1.081924e-02,3.331938e-02,2.067125e-03,6.325340e-02,4.366360e-01,3.505444e-01,6.885099e-03,3.099133e-03
1.915914e-02,4.504172e-03,5.978221e-03,8.955881e-03,5.230611e-02,2.114771e-02,4.681069e-03,1.239936e-02,3.237633e-02,1.863057e-03,4.729261e-02,3.775783e-01,4.028704e-01,6.148651e-03,2.739046e-03
1.626946e-02,5.980539e-03,5.156917e-03,6.600379e-03,4.032990e-02,2.458774e-02,3.821963e-03,1.067208e-02,2.947129e-02,1.631580e-03,3.442120e-02,3.226341e-01,4.915098e-01,4.510249e-03,2.402845e-03
1.562578e-02,9.456487e-03,4.921441e-03,4.992037e-03,3.130307e-02,2.407853e-02,3.298652e-03,9.492932e-03,3.870142e-02,1.527439e-03,2.568431e-02,3.292775e-01,4.961894e-01,3.429865e-03,2.021190e-03
1.814944e-02,4.404043e-02,9.949964e-03,1.190605e-02,2.262725e-02,3.083874e-02,2.509275e-03,7.577792e-03,9.893995e-02,2.064898e-03,2.050056e-02,2.785982e-01,4.423875e-01,4.919712e-03,4.990235e-03
1.719159e-02,4.062189e-02,8.898009e-03,9.725181e-03,1.664336e-02,3.914537e-02,2.388797e-03,7.817050e-03,1.020992e-01,2.069017e-03,2.328461e-02,2.717092e-01,4.385999e-01,1.047658e-02,9.330290e-03
1.727773e-02,3.667790e-02,1.240155e-02,7.959205e-03,1.846227e-02,3.571270e-02,5.993063e-03,1.242592e-02,1.073606e-01,2.052690e-03,1.981382e-02,2.498417e-01,4.536189e-01,8.498044e-03,1.190381e-02
1.956703e-02,3.753455e-02,3.064657e-02,6.718792e-03,1.885065e-02,2.753633e-02,5.407986e-03,1.700083e-02,9.144609e-02,2.041801e-03,1.509024e-02,1.962469e-01,4.732346e-01,9.065790e-03,4.961186e-02
2.755272e-02,3.213876e-02,4.195201e-02,6.326876e-03,3.079209e-02,2.250323e-02,7.686775e-03,2.477492e-02,8.026208e-02,2.095089e-03,1.219097e-02,1.583466e-01,4.829727e-01,1.275081e-02,5.765428e-02
5.037220e-02,2.859761e-02,4.256595e-02,5.417209e-03,3.111520e-02,1.917687e-02,7.779350e-03,2.147987e-02,6.854051e-02,2.126286e-03,1.107673e-02,1.198128e-01,5.252219e-01,1.235117e-02,5.436634e-02
5.213949e-02,2.662709e-02,6.986171e-02,5.256612e-03,3.822557e-02,1.809229e-02,7.526962e-03,2.468784e-02,6.908536e-02,4.604671e-03,1.988977e-02,8.742679e-02,5.046394e-01,1.139827e-02,6.053813e-02
4.588622e-02,2.289544e-02,9.968482e-02,4.760282e-03,4.295551e-02,1.484334e-02,7.702687e-03,2.135336e-02,6.464074e-02,1.313894e-02,2.609288e-02,6.671904e-02,4.701444e-01,1.134427e-02,8.783804e-02
3.732024e-02,2.082544e-02,1.145606e-01,4.358113e-03,7.637079e-02,1.293721e-02,8.889700e-03,5.354824e-02,8.153212e-02,1.482060e-02,2.160821e-02,4.733841e-02,3.736990e-01,8.733951e-03,1.234574e-01
3.142528e-02,2.675861e-02,9.762043e-02,3.938508e-03,1.019729e-01,1.651297e-02,8.797772e-03,5.929425e-02,1.515926e-01,2.072676e-02,1.766036e-02,3.354660e-02,2.877581e-01,6.611130e-03,1.357837e-01
2.714748e-02,2.265033e-02,1.684952e-01,1.331412e-02,1.837976e-01,1.991509e-02,1.049991e-02,6.373391e-02,1.296197e-01,1.606693e-02,1.348557e-02,2.394069e-02,2.055145e-01,4.711387e-03,9.710752e-02
4.014691e-02,2.491531e-02,1.259044e-01,1.196897e-02,2.786123e-01,3.965997e-02,1.611500e-02,5.766825e-02,1.171906e-01,1.620252e-02,9.931494e-03,1.707895e-02,1.523944e-01,3.462932e-03,8.874787e-02
5.298969e-02,2.508236e-02,9.428374e-02,1.279053e-02,3.320640e-01,4.242232e-02,2.095056e-02,5.887645e-02,1.032676e-01,2.386391e-02,7.612980e-03,1.244181e-02,1.129443e-01,2.766740e-03,9.764306e-02
5.877875e-02,2.262198e-02,7.264052e-02,3.286723e-02,3.453456e-01,6.713399e-02,2.365985e-02,9.594861e-02,7.859813e-02,2.499317e-02,6.106258e-03,9.661617e-03,8.003224e-02,2.426723e-03,7.918539e-02
7.741092e-02,1.999428e-02,5.319708e-02,2.789092e-02,3.999853e-01,7.461727e-02,2.137787e-02,9.273208e-02,6.858036e-02,2.168630e-02,5.171718e-03,7.563940e-03,5.730798e-02,2.973994e-03,6.951001e-02
1.478643e-01,1.715402e-02,3.976965e-02,2.505005e-02,3.416118e-01,1.438376e-01,1.703676e-02,8.490399e-02,5.251081e-02,1.640774e-02,5.129257e-03,8.300138e-03,4.424350e-02,3.267689e-03,5.291269e-02
1.282238e-01,1.345910e-02,2.897800e-02,2.757157e-02,2.410532e-01,1.199631e-01,1.256539e-02,6.037579e-02,4.347797e-02,7.480276e-02,4.381775e-02,1.040238e-01,5.403403e-02,6.484964e-03,4.116865e-02
1.581834e-01,1.088850e-02,2.065583e-02,2.227581e-02,1.700605e-01,9.919748e-02,8.988324e-03,4.247836e-02,3.633999e-02,8.691399e-02,4.684971e-02,2.112312e-01,4.417818e-02,6.877879e-03,3.488084e-02
2.240952e-01,1.348187e-02,1.580129e-02,2.128888e-02,1.200972e-01,8.736283e-02,6.474943e-03,3.060685e-02,4.559278e-02,6.837165e-02,6.137189e-02,2.354694e-01,3.493524e-02,5.942027e-03,2.910806e-02
2.509379e-01,1.716171e-02,1.222756e-02,2.311023e-02,8.527922e-02,7.442758e-02,4.768510e-03,2.249368e-02,6.022329e-02,5.826720e-02,8.792716e-02,2.454831e-01,2.798202e-02,5.673954e-03,2.403682e-02
