1.000000e+00,0.000000e+00,0.000000e+00,0.000000e+00,0.000000e+00,0.000000e+00,0.000000e+00,0.000000e+00,0.000000e+00,0.000000e+00,0.000000e+00,0.000000e+00,0.000000e+00,0.000000e+00,0.000000e+00
1.000000e+00,0.000000e+00,0.000000e+00,0.000000e+00,0.000000e+00,0.000000e+00,0.000000e+00,0.000000e+00,0.000000e+00,0.000000e+00,0.000000e+00,0.000000e+00,0.000000e+00,0.000000e+00,0.000000e+00
1.000000e+00,0.000000e+00,0.000000e+00,0.000000e+00,0.000000e+00,0.000000e+00,0.000000e+00,0.000000e+00,0.000000e+00,0.000000e+00,0.000000e+00,0.000000e+00,0.000000e+00,0.000000e+00,0.000000e+00
1.000000e+00,0.000000e+00,0.000000e+00,0.000000e+00,0.000000e+00,0.000000e+00,0.000000e+00,0.000000e+00,0.000000e+00,0.000000e+00,0.000000e+00,0.000000e+00,0.000000e+00,0.000000e+00,0.000000e+00
1.000000e+00,0.000000e+00,0.000000e+00,0.000000e+00,0.000000e+00,0.000000e+00,0.000000e+00,0.000000e+00,0.000000e+00,0.000000e+00,0.000000e+00,0.000000e+00,0.000000e+00,0.000000e+00,0.000000e+00
1.000000e+00,0.000000e+00,0.000000e+00,0.000000e+00,0.000000e+00,0.000000e+00,0.000000e+00,0.000000e+00,0.000000e+00,0.000000e+00,0.000000e+00,0.000000e+00,0.000000e+00,0.000000e+00,0.000000e+00
1.000000e+00,0.000000e+00,0.000000e+00,0.000000e+00,0.000000e+00,0.000000e+00,0.000000e+00,0.000000e+00,0.000000e+00,0.000000e+00,0.000000e+00,0.000000e+00,0.000000e+00,0.000000e+00,0.000000e+00
1.000000e+00,0.000000e+00,0.000000e+00,0.000000e+00,0.000000e+00,0.000000e+00,0.000000e+00,0.000000e+00,0.000000e+00,0.000000e+00,0.000000e+00,0.000000e+00,0.000000e+00,0.000000e+00,0.000000e+00
1.000000e+00,0.000000e+00,0.000000e+00,0.000000e+00,0.000000e+00,0.000000e+00,0.000000e+00,0.000000e+00,0.000000e+00,0.000000e+00,0.000000e+00,0.000000e+00,0.000000e+00,0.000000e+00,0.000000e+00
1.000000e+00,0.000000e+00,0.000000e+00,0.000000e+00,0.000000e+00,0.000000e+00,0.000000e+00,0.000000e+00,0.000000e+00,0.000000e+00,0.000000e+00,0.000000e+00,0.000000e+00,0.000000e+00,0.000000e+00
1.000000e+00,0.000000e+00,0.000000e+00,0.000000e+00,0.000000e+00,0.000000e+00,0.000000e+00,0.000000e+00,0.000000e+00,0.000000e+00,0.000000e+00,0.000000e+00,0.000000e+00,0.000000e+00,0.000000e+00
1.000000e+00,0.000000e+00,0.000000e+00,0.000000e+00,0.000000e+00,0.000000e+00,0.000000e+00,0.000000e+00,0.000000e+00,0.000000e+00,0.000000e+00,0.000000e+00,0.000000e+00,0.000000e+00,0.000000e+00
1.000000e+00,0.000000e+00,0.000000e+00,0.000000e+00,0.000000e+00,0.000000e+00,0.000000e+00,0.000000e+00,0.000000e+00,0.000000e+00,0.000000e+00,0.000000e+00,0.000000e+00,0.000000e+00,0.000000e+00
1.000000e+00,0.000000e+00,0.000000e+00,0.000000e+00,0.000000e+00,0.000000e+00,0.000000e+00,0.000000e+00,0.000000e+00,0.000000e+00,0.000000e+00,0.000000e+00,0.000000e+00,0.000000e+00,0.000000e+00
1.000000e+00,0.000000e+00,0.000000e+00,0.000000e+00,0.000000e+00,0.000000e+00,0.000000e+00,0.000000e+00,0.000000e+00,0.000000e+00,0.000000e+00,0.000000e+00,0.000000e+00,0.000000e+00,0.000000e+00
1.000000e+00,0.000000e+00,0.000000e+00,0.000000e+00,0.000000e+00,0.000000e+00,0.000000e+00,0.000000e+00,0.000000e+00,0.000000e+00,0.000000e+00,0.000000e+00,0.000000e+00,0.000000e+00,0.000000e+00
1.000000e+00,0.000000e+00,0.000000e+00,0.000000e+00,0.000000e+00,0.000000e+00,0.000000e+00,0.000000e+00,0.000000e+00,0.000000e+00,0.000000e+00,0.000000e+00,0.000000e+00,0.000000e+00,0.000000e+00
1.000000e+00,0.000000e+00,0.000000e+00,0.000000e+00,0.000000e+00,0.000000e+00,0.000000e+00,0.000000e+00,0.000000e+00,0.000000e+00,0.000000e+00,0.000000e+00,0.000000e+00,0.000000e+00,0.000000e+00
1.000000e+00,0.000000e+00,0.000000e+00,0.000000e+00,0.000000e+00,0.000000e+00,0.000000e+00,0.000000e+00,0.000000e+00,0.000000e+00,0.000000e+00,0.000000e+00,0.000000e+00,0.000000e+00,0.000000e+00
1.000000e+00,0.000000e+00,0.000000e+00,0.000000e+00,0.000000e+00,0.000000e+00,0.000000e+00,0.000000e+00,0.000000e+00,0.000000e+00,0.000000e+00,0.000000e+00,0.000000e+00,0.000000e+00,0.000000e+00
1.000000e+00,0.000000e+00,0.000000e+00,0.000000e+00,0.000000e+00,0.000000e+00,0.000000e+00,0.000000e+00,0.000000e+00,0.000000e+00,0.000000e+00,0.000000e+00,0.000000e+00,0.000000e+00,0.000000e+00
1.000000e+00,0.000000e+00,0.000000e+00,0.000000e+00,0.000000e+00,0.000000e+00,0.000000e+00,0.000000e+00,0.000000e+00,0.000000e+00,0.000000e+00,0.000000e+00,0.000000e+00,0.000000e+00,0.000000e+00
1.000000e+00,0.000000e+00,0.000000e+00,0.000000e+00,0.000000e+00,0.000000e+00,0.000000e+00,0.000000e+00,0.000000e+00,0.000000e+00,0.000000e+00,0.000000e+00,0.000000e+00,0.000000e+00,0.000000e+00
1.000000e+00,0.000000e+00,0.000000e+00,0.000000e+00,0.000000e+00,0.000000e+00,0.000000e+00,0.000000e+00,0.000000e+00,0.000000e+00,0.000000e+00,0.000000e+00,0.000000e+00,0.000000e+00,0.000000e+00
1.000000e+00,0.000000e+00,0.000000e+00,0.000000e+00,0.000000e+00,0.000000e+00,0.000000e+00,0.000000e+00,0.000000e+00,0.000000e+00,0.000000e+00,0.000000e+00,0.000000e+00,0.000000e+00,0.000000e+00
1.000000e+00,0.000000e+00,0.000000e+00,0.000000e+00,0.000000e+00,0.000000e+00,0.000000e+00,0.000000e+00,0.000000e+00,0.000000e+00,0.000000e+00,0.000000e+00,0.000000e+00,0.000000e+00,0.000000e+00
1.000000e+00,0.000000e+00,0.000000e+00,0.000000e+00,0.000000e+00,0.000000e+00,0.000000e+00,0.000000e+00,0.000000e+00,0.000000e+00,0.000000e+00,0.000000e+00,0.000000e+00,0.000000e+00,0.000000e+00
1.000000e+00,0.000000e+00,0.000000e+00,0.000000e+00,0.000000e+00,0.000000e+00,0.000000e+00,0.000000e+00,0.000000e+00,0.000000e+00,0.000000e+00,0.000000e+00,0.000000e+00,0.000000e+00,0.000000e+00
1.000000e+00,0.000000e+00,0.000000e+00,0.000000e+00,0.000000e+00,0.000000e+00,0.000000e+00,0.000000e+00,0.000000e+00,0.000000e+00,0.000000e+00,0.000000e+00,0.000000e+00,0.000000e+00,0.000000e+00
1.000000e+00,0.000000e+00,0.000000e+00,0.000000e+00,0.000000e+00,0.000000e+00,0.000000e+00,0.000000e+00,0.000000e+00,0.000000e+00,0.000000e+00,0.000000e+00,0.000000e+00,0.000000e+00,0.000000e+00
1.000000e+00,0.000000e+00,0.000000e+00,0.000000e+00,0.000000e+00,0.000000e+00,0.000000e+00,0.000000e+00,0.000000e+00,0.000000e+00,0.000000e+00,0.000000e+00,0.000000e+00,0.000000e+00,0.000000e+00
1.000000e+00,0.000000e+00,0.000000e+00,0.000000e+00,0.000000e+00,0.000000e+00,0.000000e+00,0.000000e+00,0.000000e+00,0.000000e+00,0.000000e+00,0.000000e+00,0.000000e+00,0.000000e+00,0.000000e+00
1.000000e+00,0.000000e+00,0.000000e+00,0.000000e+00,0.000000e+00,0.000000e+00,0.000000e+00,0.000000e+00,0.000000e+00,0.000000e+00,0.000000e+00,0.000000e+00,0.000000e+00,0.000000e+00,0.000000e+00
1.000000e+00,0.000000e+00,0.000000e+00,0.000000e+00,0.000000e+00,0.000000e+00,0.000000e+00,0.000000e+00,0.000000e+00,0.000000e+00,0.000000e+00,0.000000e+00,0.000000e+00,0.000000e+00,0.000000e+00
1.000000e+00,0.000000e+00,0.000000e+00,0.000000e+00,0.000000e+00,0.000000e+00,0.000000e+00,0.000000e+00,0.000000e+00,0.000000e+00,0.000000e+00,0.000000e+00,0.000000e+00,0.000000e+00,0.000000e+00
1.000000e+00,0.000000e+00,0.000000e+00,0.000000e+00,0.000000e+00,0.000000e+00,0.000000e+00,0.000000e+00,0.000000e+00,0.000000e+00,0.000000e+00,0.000000e+00,0.000000e+00,0.000000e+00,0.000000e+00
1.000000e+00,0.000000e+00,0.000000e+00,0.000000e+00,0.000000e+00,0.000000e+00,0.000000e+00,0.000000e+00,0.000000e+00,0.000000e+00,0.000000e+00,0.000000e+00,0.000000e+00,0.000000e+00,0.000000e+00
1.000000e+00,0.000000e+00,0.000000e+00,0.000000e+00,0.000000e+00,0.000000e+00,0.000000e+00,0.000000e+00,0.000000e+00,0.000000e+00,0.000000e+00,0.000000e+00,0.000000e+00,0.000000e+00,0.000000e+00
1.000000e+00,0.000000e+00,0.000000e+00,0.000000e+00,0.000000e+00,0.000000e+00,0.000000e+00,0.000000e+00,0.000000e+00,0.000000e+00,0.000000e+00,0.000000e+00,0.000000e+00,0.000000e+00,0.000000e+00
1.000000e+00,0.000000e+00,0.000000e+00,0.000000e+00,0.000000e+00,0.000000e+00,0.000000e+00,0.000000e+00,0.000000e+00,0.000000e+00,0.000000e+00,0.000000e+00,0.000000e+00,0.000000e+00,0.000000e+00
1.000000e+00,0.000000e+00,0.000000e+00,0.000000e+00,0.000000e+00,0.000000e+00,0.000000e+00,0.000000e+00,0.000000e+00,0.000000e+00,0.000000e+00,0.000000e+00,0.000000e+00,0.000000e+00,0.000000e+00
1.000000e+00,0.000000e+00,0.000000e+00,0.000000e+00,0.000000e+00,0.000000e+00,0.000000e+00,0.000000e+00,0.000000e+00,0.000000e+00,0.000000e+00,0.000000e+00,0.000000e+00,0.000000e+00,0.000000e+00
1.000000e+00,0.000000e+00,0.000000e+00,0.000000e+00,0.000000e+00,0.000000e+00,0.000000e+00,0.000000e+00,0.000000e+00,0.000000e+00,0.000000e+00,0.000000e+00,0.000000e+00,0.000000e+00,0.000000e+00
1.000000e+00,0.000000e+00,0.000000e+00,0.000000e+00,0.000000e+00,0.000000e+00,0.000000e+00,0.000000e+00,0.000000e+00,0.000000e+00,0.000000e+00,0.000000e+00,0.000000e+00,0.000000e+00,0.000000e+00
1.000000e+00,0.000000e+00,0.000000e+00,0.000000e+00,0.000000e+00,0.000000e+00,0.000000e+00,0.000000e+00,0.000000e+00,0.000000e+00,0.000000e+00,0.000000e+00,0.000000e+00,0.000000e+00,0.000000e+00
1.000000e+00,0.000000e+00,0.000000e+00,0.000000e+00,0.000000e+00,0.000000e+00,0.000000e+00,0.000000e+00,0.000000e+00,0.000000e+00,0.000000e+00,0.000000e+00,0.000000e+00,0.000000e+00,0.000000e+00
1.000000e+00,0.000000e+00,0.000000e+00,0.000000e+00,0.000000e+00,0.000000e+00,0.000000e+00,0.000000e+00,0.000000e+00,0.000000e+00,0.000000e+00,0.000000e+00,0.000000e+00,0.000000e+00,0.000000e+00
4.754234e-01,6.358974e-02,4.774478e-02,1.763936e-01,1.644460e-02,2.557418e-02,8.834791e-03,3.696271e-02,2.824011e-02,3.704035e-03,2.493580e-02,2.756597e-02,1.559091e-02,7.587239e-03,4.140804e-02
3.977211e-01,6.561035e-02,6.366190e-02,2.172733e-01,1.807277e-02,2.443346e-02,8.212704e-03,3.813021e-02,3.261836e-02,4.450853e-03,2.619435e-02,2.931131e-02,1.550027e-02,8.092699e-03,5.071643e-02
4.458709e-01,6.487965e-02,5.833018e-02,1.763008e-01,1.714563e-02,2.208208e-02,7.118933e-03,3.068552e-02,2.870409e-02,5.455669e-03,2.714476e-02,2.790987e-02,1.521243e-02,1.087374e-02,6.228578e-02
1.000000e+00,0.000000e+00,0.000000e+00,0.000000e+00,0.000000e+00,0.000000e+00,0.000000e+00,0.000000e+00,0.000000e+00,0.000000e+00,0.000000e+00,0.000000e+00,0.000000e+00,0.000000e+00,0.000000e+00
4.348360e-01,8.211777e-02,6.468361e-02,2.037730e-01,1.594587e-02,1.650793e-02,5.263716e-03,2.226125e-02,1.970386e-02,4.097946e-03,2.425528e-02,2.635101e-02,1.492167e-02,1.087293e-02,5.440819e-02
1.000000e+00,0.000000e+00,0.000000e+00,0.000000e+00,0.000000e+00,0.000000e+00,0.000000e+00,0.000000e+00,0.000000e+00,0.000000e+00,0.000000e+00,0.000000e+00,0.000000e+00,0.000000e+00,0.000000e+00
1.000000e+00,0.000000e+00,0.000000e+00,0.000000e+00,0.000000e+00,0.000000e+00,0.000000e+00,0.000000e+00,0.000000e+00,0.000000e+00,0.000000e+00,0.000000e+00,0.000000e+00,0.000000e+00,0.000000e+00
1.000000e+00,0.000000e+00,0.000000e+00,0.000000e+00,0.000000e+00,0.000000e+00,0.000000e+00,0.000000e+00,0.000000e+00,0.000000e+00,0.000000e+00,0.000000e+00,0.000000e+00,0.000000e+00,0.000000e+00
4.239030e-01,3.215377e-02,2.834342e-02,7.416947e-02,2.227339e-02,1.600977e-02,2.361969e-02,3.016824e-01,8.531167e-03,1.901232e-03,1.199657e-02,1.540578e-02,1.174206e-02,5.290367e-03,2.297791e-02
3.087862e-01,2.302171e-02,2.143048e-02,5.261863e-02,1.762708e-02,1.219414e-02,1.961361e-02,4.880995e-01,6.061208e-03,1.369194e-03,8.712114e-03,1.153428e-02,8.793875e-03,3.796352e-03,1.634162e-02
2.303829e-01,1.691587e-02,1.866532e-02,3.768003e-02,1.381906e-02,1.256966e-02,2.987850e-02,5.968145e-01,4.352135e-03,1.028026e-03,6.590259e-03,8.948106e-03,7.184913e-03,3.194238e-03,1.197648e-02
1.788602e-01,1.246291e-02,1.835348e-02,2.746533e-02,1.074009e-02,1.314094e-02,3.149204e-02,6.737831e-01,3.143173e-03,8.076672e-04,5.049158e-03,7.076027e-03,6.066206e-03,2.638040e-03,8.921681e-03
1.316900e-01,9.322052e-03,1.528742e-02,1.986767e-02,9.265307e-03,1.100143e-02,3.344332e-02,7.444440e-01,2.264046e-03,6.174854e-04,3.812745e-03,5.342197e-03,4.521205e-03,2.576644e-03,6.544551e-03
9.509495e-02,6.794913e-03,1.396595e-02,1.483419e-02,8.029245e-03,8.357272e-03,2.771528e-02,8.060393e-01,1.670410e-03,5.938036e-04,2.732886e-03,3.793524e-03,3.285690e-03,2.115097e-03,4.977478e-03
6.773612e-02,5.375784e-03,1.415227e-02,1.115048e-02,6.933048e-03,7.598507e-03,2.117328e-02,8.435416e-01,2.503724e-03,1.569319e-03,2.455173e-03,2.745392e-03,2.621033e-03,3.845128e-03,6.599118e-03
5.848001e-02,6.856821e-03,1.309548e-02,9.680745e-03,1.563500e-02,1.283888e-02,1.673030e-02,7.791569e-01,1.174878e-02,4.265863e-03,3.026279e-03,2.440332e-03,5.124390e-03,4.553712e-03,5.636647e-02
7.521097e-02,9.851754e-03,1.257255e-02,8.952817e-03,2.243589e-02,2.049813e-02,1.284650e-02,7.361036e-01,1.353090e-02,4.912066e-03,4.453375e-03,3.481206e-03,7.816401e-03,4.947423e-03,6.238646e-02
8.307992e-02,1.043578e-02,2.904624e-02,8.287565e-03,2.192545e-02,2.039964e-02,9.528929e-03,6.910559e-01,1.185954e-02,8.336172e-03,4.818719e-03,5.337890e-03,8.376542e-03,6.195115e-03,8.131662e-02
1.183851e-01,8.387773e-03,3.599347e-02,7.959798e-03,2.092110e-02,1.643434e-02,7.378188e-03,6.776268e-01,8.913569e-03,8.633070e-03,4.225231e-03,5.374498e-03,6.630463e-03,5.247379e-03,6.788916e-02
8.443537e-02,1.306311e-02,2.816448e-02,8.864446e-03,1.511478e-02,4.133213e-02,5.204639e-03,4.746374e-01,1.514830e-02,1.581774e-02,7.069943e-03,6.955216e-03,1.401929e-02,5.957303e-03,2.642159e-01
5.995997e-02,9.400873e-03,2.002505e-02,6.310200e-03,1.080652e-02,2.974840e-02,3.658641e-03,3.324696e-01,3.609293e-02,1.432776e-02,6.685426e-03,5.010509e-03,1.075777e-02,3.135560e-02,4.233908e-01
4.467138e-02,8.258441e-03,1.413953e-02,4.582913e-03,7.765210e-03,2.226093e-02,2.643764e-03,2.329827e-01,9.656761e-02,1.353095e-02,7.779729e-03,3.855484e-03,8.692449e-03,4.634978e-02,4.859191e-01
3.274374e-02,6.456474e-03,1.009871e-02,3.336470e-03,5.578922e-03,1.624317e-02,1.975675e-03,1.631706e-01,1.307116e-01,1.325173e-02,1.139290e-02,3.831196e-03,6.757075e-03,9.472778e-02,4.997240e-01
2.455384e-02,8.273700e-03,7.206762e-03,2.735152e-03,4.140273e-03,1.307717e-02,1.512246e-03,1.142787e-01,1.682670e-01,2.017933e-02,1.512896e-02,8.389315e-03,1.375895e-02,1.148340e-01,4.836646e-01
1.845026e-02,7.523131e-03,5.235649e-03,2.100914e-03,3.364210e-03,1.085846e-02,1.176917e-03,8.005407e-02,1.546890e-01,2.714070e-02,1.266028e-02,6.538807e-03,1.105336e-02,1.414922e-01,5.176620e-01
1.940612e-02,9.432977e-03,3.851007e-03,2.732687e-03,2.864110e-03,9.846568e-03,1.219157e-03,5.624064e-02,2.776738e-01,2.412509e-02,1.222992e-02,5.467997e-03,1.005181e-02,1.563372e-01,4.085210e-01
1.423294e-02,7.368270e-03,2.775204e-03,2.127626e-03,2.625229e-03,7.595307e-03,9.886317e-04,3.940536e-02,3.784835e-01,2.491832e-02,1.333260e-02,4.432924e-03,8.826173e-03,1.466499e-01,3.462380e-01
1.034107e-02,5.488575e-03,1.967948e-03,1.750400e-03,2.090740e-03,5.527372e-03,7.365026e-04,2.761159e-02,5.390239e-01,1.920489e-02,1.023687e-02,3.256335e-03,6.658201e-03,1.104168e-01,2.556889e-01
7.474252e-03,4.196265e-03,1.421119e-03,1.530425e-03,1.605339e-03,4.047447e-03,5.217082e-04,1.934222e-02,6.663902e-01,1.442315e-02,8.349496e-03,2.372344e-03,4.866222e-03,8.081278e-02,1.826470e-01
6.120912e-03,3.375902e-03,1.074439e-03,1.458246e-03,1.255425e-03,3.041122e-03,3.719635e-04,1.356263e-02,7.379734e-01,1.187033e-02,1.001361e-02,1.870246e-03,4.285582e-03,6.717386e-02,1.365523e-01
5.485571e-03,6.811949e-03,1.246339e-03,1.284686e-03,1.108318e-03,2.399182e-03,2.757249e-04,9.505501e-03,6.202263e-01,1.078877e-02,2.011859e-02,1.547518e-03,4.143621e-03,9.555875e-02,2.194992e-01
4.377867e-03,7.023979e-03,9.440790e-04,1.008270e-03,8.417915e-04,2.032854e-03,2.008791e-04,6.655684e-03,6.536763e-01,9.133651e-03,1.586031e-02,1.239941e-03,3.406710e-03,8.728564e-02,2.063121e-01
5.459927e-03,1.294069e-02,1.213857e-03,9.067326e-04,1.024229e-03,1.682232e-03,1.645201e-04,4.667068e-03,5.094591e-01,9.415434e-03,1.699780e-02,1.278028e-03,3.303107e-03,1.709836e-01,2.605036e-01
5.627693e-03,9.952390e-03,9.669177e-04,7.240328e-04,8.510214e-04,1.399188e-03,1.437856e-04,3.286036e-03,4.310129e-01,1.031622e-02,1.521768e-02,1.156605e-03,3.187270e-03,2.379500e-01,2.782083e-01
4.455965e-03,7.524970e-03,8.150834e-04,6.485163e-04,6.185606e-04,1.106962e-03,1.118167e-04,2.318524e-03,5.462751e-01,9.491304e-03,1.233051e-02,1.441852e-03,3.828484e-03,1.844137e-01,2.246186e-01
6.391176e-03,1.223493e-02,1.060659e-03,8.558999e-04,8.366703e-04,2.039047e-03,1.355469e-04,1.865481e-03,4.480093e-01,3.129575e-02,3.730821e-02,4.373831e-03,1.662591e-02,1.943887e-01,2.425789e-01
4.855946e-03,1.117766e-02,8.429143e-04,6.390916e-04,6.356120e-04,2.616915e-03,1.045560e-04,1.315680e-03,3.259789e-01,1.332357e-01,3.870976e-02,3.812659e-03,1.293816e-02,2.822129e-01,1.809236e-01
7.556407e-03,3.400245e-02,1.121734e-03,1.676789e-03,9.834199e-04,5.370544e-03,1.624566e-04,1.185053e-03,2.602893e-01,1.606885e-01,5.452681e-02,5.308704e-03,1.172542e-02,2.246433e-01,2.307590e-01
1.161468e-02,4.967340e-02,1.482579e-03,4.868338e-03,2.302989e-03,6.107919e-03,1.767156e-04,1.127934e-03,2.703074e-01,1.271801e-01,8.905742e-02,5.923430e-03,9.891673e-03,2.232409e-01,1.970446e-01
1.072513e-02,4.117427e-02,1.314129e-03,4.636447e-03,2.466089e-03,1.133209e-02,1.836930e-04,9.474966e-04,2.358942e-01,1.618436e-01,1.041208e-01,6.406651e-03,8.502950e-03,2.358323e-01,1.746202e-01
1.002647e-02,3.819248e-02,1.111432e-03,3.618203e-03,2.287223e-03,9.836350e-03,2.575223e-04,7.622315e-04,1.792554e-01,1.446650e-01,2.263216e-01,8.899460e-03,8.933406e-03,2.177055e-01,1.481277e-01
8.124287e-03,2.844725e-02,8.509274e-04,2.752365e-03,2.301980e-03,7.530907e-03,3.415830e-04,5.679489e-04,1.355953e-01,2.479260e-01,2.472396e-01,8.228361e-03,6.994575e-03,1.946772e-01,1.084218e-01
6.605536e-03,2.066620e-02,6.751493e-04,2.074363e-03,2.159533e-03,5.723236e-03,3.029515e-04,4.246702e-04,9.699376e-02,3.560414e-01,2.459918e-01,6.751178e-03,5.608317e-03,1.708933e-01,7.908862e-02
4.972075e-03,1.507037e-02,5.626560e-04,1.485582e-03,1.754744e-03,5.143878e-03,2.245686e-04,3.092286e-04,6.852578e-02,5.354813e-01,1.778550e-01,4.815852e-03,4.250244e-03,1.231221e-01,5.642662e-02
3.687366e-03,1.087574e-02,4.415243e-04,1.059643e-03,1.693277e-03,3.881006e-03,1.679075e-04,2.280864e-04,4.845443e-02,6.598047e-01,1.327453e-01,3.575160e-03,3.209092e-03,9.029430e-02,3.988250e-02
3.060065e-03,8.113693e-03,4.381982e-04,8.723703e-04,1.639945e-03,3.934940e-03,2.484808e-04,3.520668e-04,3.443774e-02,7.541407e-01,9.535557e-02,2.684511e-03,2.621073e-03,6.377339e-02,2.832729e-02
2.804627e-03,6.110360e-03,4.831275e-04,7.691152e-04,1.567554e-03,5.972859e-03,3.671148e-04,4.047916e-04,2.432872e-02,8.197513e-01,6.837528e-02,2.019326e-03,2.021506e-03,4.494372e-02,2.008060e-02
2.945071e-03,4.992499e-03,1.029504e-03,8.072196e-04,1.436201e-03,8.663317e-03,7.831433e-04,6.091647e-04,1.730910e-02,8.608706e-01,5.036668e-02,2.000762e-03,1.883997e-03,3.206818e-02,1.423460e-02
3.884495e-03,4.658610e-03,1.220279e-03,7.793167e-04,1.300431e-03,7.438943e-03,7.150147e-04,5.512894e-04,1.302910e-02,8.752776e-01,4.775169e-02,7.058973e-03,2.340963e-03,2.386297e-02,1.013024e-02
4.500798e-03,7.360392e-03,2.812647e-03,1.689139e-03,3.434678e-03,6.165274e-03,6.878808e-04,8.219670e-04,1.512109e-02,8.583288e-01,4.699402e-02,2.028926e-02,5.355874e-03,1.888247e-02,7.555579e-03
8.080094e-03,1.621988e-02,7.204717e-03,2.666281e-03,1.084731e-02,5.922937e-03,1.224051e-03,5.259034e-03,2.504089e-02,8.165888e-01,4.693299e-02,2.423195e-02,7.429936e-03,1.626965e-02,6.081450e-03
1.007284e-02,1.447272e-02,5.992059e-03,3.145155e-03,1.106327e-02,1.352467e-02,1.769628e-03,5.202423e-03,2.478080e-02,8.178887e-01,4.248507e-02,2.455843e-02,7.105785e-03,1.319991e-02,4.738512e-03
1.214296e-02,1.156427e-02,4.899736e-03,2.624300e-03,1.167997e-02,3.955626e-02,1.946360e-03,4.215745e-03,2.058129e-02,8.122488e-01,3.489579e-02,2.203262e-02,7.515734e-03,1.019827e-02,3.897881e-03
1.664391e-02,1.376630e-02,3.881804e-03,2.312467e-03,1.116218e-02,3.305590e-02,1.476840e-03,3.580194e-03,2.274850e-02,8.229663e-01,2.715534e-02,2.155455e-02,8.465122e-03,7.679282e-03,3.551378e-03
2.162486e-02,1.181579e-02,3.438154e-03,3.927075e-03,1.269531e-02,6.839765e-02,1.322781e-03,3.821001e-03,2.411843e-02,7.710587e-01,2.229287e-02,3.414476e-02,1.071675e-02,5.752118e-03,4.873871e-03
3.653204e-02,1.008362e-02,2.651314e-03,4.064134e-03,2.132758e-02,4.902874e-02,1.308499e-03,4.522132e-03,6.644162e-02,7.142830e-01,1.999031e-02,4.815177e-02,1.261836e-02,4.730314e-03,4.266555e-03
6.150775e-02,1.293138e-02,3.428825e-03,4.988421e-03,2.598010e-02,3.675570e-02,1.667685e-03,2.244681e-02,6.259310e-02,6.553968e-01,2.491639e-02,5.923063e-02,1.754058e-02,6.141137e-03,4.474797e-03
1.251945e-01,1.330197e-02,5.212242e-03,7.318969e-03,2.993138e-02,3.587213e-02,3.070689e-03,2.640016e-02,5.628683e-02,5.771298e-01,2.397871e-02,6.678835e-02,1.909814e-02,5.345532e-03,5.070670e-03
1.250554e-01,1.177461e-02,4.788449e-03,8.668348e-03,3.315428e-02,2.899515e-02,2.620286e-03,2.723241e-02,6.256478e-02,5.382757e-01,2.236605e-02,1.032307e-01,2.041672e-02,5.160869e-03,5.696411e-03
1.629027e-01,1.065720e-02,5.264456e-03,1.429750e-02,3.241493e-02,2.690675e-02,2.738274e-03,2.826445e-02,5.914036e-02,4.454519e-01,2.570667e-02,1.491697e-01,2.449017e-02,5.552541e-03,7.042450e-03
1.949848e-01,1.046062e-02,7.111780e-03,1.369857e-02,4.310276e-02,2.303025e-02,3.850025e-03,3.037385e-02,6.136923e-02,3.957207e-01,2.825824e-02,1.353147e-01,3.396758e-02,9.026689e-03,9.730270e-03
2.006689e-01,1.283744e-02,7.917855e-03,1.297500e-02,5.467557e-02,1.932730e-02,4.137265e-03,2.952950e-02,8.183377e-02,3.494616e-01,3.749145e-02,1.153237e-01,3.984779e-02,1.902935e-02,1.494348e-02
2.263838e-01,1.255633e-02,2.491057e-02,1.870529e-02,6.237409e-02,1.862814e-02,4.350740e-03,2.738223e-02,7.899946e-02,2.850303e-01,4.193814e-02,1.056816e-01,5.832180e-02,1.875504e-02,1.598242e-02
2.274266e-01,1.082189e-02,3.336561e-02,1.699107e-02,6.358616e-02,1.525034e-02,6.950330e-03,8.670917e-02,6.539124e-02,2.597899e-01,3.330944e-02,8.293048e-02,5.028368e-02,3.271237e-02,1.448168e-02
2.430075e-01,1.038187e-02,3.102444e-02,1.693403e-02,7.194857e-02,1.542372e-02,9.203092e-03,1.303868e-01,6.008332e-02,2.186974e-01,2.706632e-02,6.859485e-02,4.374240e-02,3.059575e-02,2.290997e-02
2.970840e-01,1.099395e-02,3.071972e-02,1.718841e-02,1.035076e-01,1.575246e-02,1.066997e-02,1.043430e-01,6.698621e-02,1.754572e-01,2.481331e-02,5.601928e-02,4.012575e-02,2.633980e-02,1.999925e-02
3.300043e-01,1.170735e-02,2.723895e-02,2.101545e-02,1.177882e-01,1.627159e-02,9.959960e-03,8.798984e-02,8.051906e-02,1.507795e-01,2.099311e-02,4.761538e-02,3.577523e-02,2.337991e-02,1.896213e-02
3.209476e-01,1.403271e-02,2.209378e-02,3.718232e-02,1.468438e-01,3.160366e-02,1.005346e-02,8.702570e-02,9.578194e-02,1.094864e-01,2.202606e-02,3.695736e-02,3.159925e-02,1.915766e-02,1.520830e-02
2.760040e-01,1.320743e-02,1.798370e-02,4.153043e-02,1.149391e-01,2.338154e-02,7.438051e-03,6.173043e-02,1.474555e-01,7.776406e-02,1.030257e-01,6.364197e-02,2.480501e-02,1.480075e-02,1.229228e-02
2.309559e-01,1.170809e-02,1.429186e-02,3.592638e-02,8.302685e-02,2.549238e-02,5.627972e-03,4.364358e-02,1.338413e-01,5.491308e-02,1.432788e-01,1.747733e-01,2.044917e-02,1.186865e-02,1.020263e-02
1.719737e-01,8.483755e-03,1.063359e-02,2.641070e-02,5.899573e-02,1.913652e-01,4.247770e-03,3.196138e-02,9.560966e-02,3.946476e-02,1.398484e-01,1.888069e-01,1.587575e-02,9.062252e-03,7.260381e-03
1.408221e-01,6.620755e-03,7.908582e-03,2.086474e-02,4.207772e-02,1.876733e-01,3.168253e-03,2.275262e-02,6.840244e-02,2.783177e-02,1.862526e-01,2.590146e-01,1.288885e-02,8.113252e-03,5.608415e-03
1.273231e-01,5.283331e-03,5.819168e-03,1.640937e-02,3.010284e-02,1.650299e-01,2.328909e-03,1.618442e-02,4.829277e-02,1.961872e-02,1.678665e-01,3.747117e-01,9.934718e-03,6.419629e-03,4.674908e-03
9.999988e-02,4.017910e-03,4.357079e-03,1.217892e-02,2.194383e-02,1.581217e-01,1.709820e-03,1.158039e-02,3.407738e-02,1.387980e-02,1.735024e-01,4.483976e-01,7.371617e-03,5.105962e-03,3.755591e-03
8.274969e-02,3.206714e-03,3.343461e-03,9.265173e-03,1.678356e-02,1.333068e-01,1.316610e-03,8.546625e-03,2.440911e-02,9.927730e-03,1.766855e-01,5.166420e-01,6.011060e-03,4.713476e-03,3.092558e-03
7.835580e-02,2.918575e-03,2.913764e-03,7.861116e-03,1.399020e-02,1.108295e-01,1.049186e-03,6.370122e-03,1.816402e-02,7.196653e-03,2.002296e-01,5.350498e-01,4.989458e-03,6.600481e-03,3.481670e-03
6.054353e-02,2.670810e-03,2.335126e-03,6.351558e-03,1.177684e-02,7.994901e-02,8.187385e-04,4.548202e-03,1.337902e-02,5.281114e-03,2.357647e-01,5.618188e-01,4.266045e-03,7.388063e-03,3.108363e-03
4.492688e-02,3.700871e-03,1.830411e-03,5.215597e-03,1.055391e-02,5.923977e-02,1.147666e-03,3.297925e-03,1.028785e-02,3.911476e-03,3.059618e-01,5.373744e-01,4.074359e-03,5.719329e-03,2.757614e-03
3.404683e-02,4.377845e-03,1.621392e-03,3.888221e-03,1.160446e-02,4.417509e-02,1.182921e-03,2.466774e-03,7.534150e-03,3.124197e-03,3.208230e-01,5.547521e-01,3.264185e-03,4.796280e-03,2.342538e-03
2.529280e-02,6.277103e-03,2.715289e-03,3.091366e-03,5.152509e-02,3.379657e-02,1.716881e-03,2.606120e-03,5.924252e-03,2.989738e-03,2.708455e-01,5.830060e-01,2.652858e-03,5.283158e-03,2.277135e-03
1.838001e-02,4.824191e-03,2.009625e-03,2.275162e-03,4.497936e-02,2.462279e-02,1.332453e-03,2.095563e-03,4.558596e-03,2.939821e-03,3.612886e-01,5.220292e-01,2.586525e-03,4.361750e-03,1.716304e-03
1.353750e-02,3.814383e-03,1.505705e-03,1.697651e-03,3.677133e-02,1.849290e-02,1.045126e-03,1.627190e-03,3.885392e-03,2.518265e-03,4.637607e-01,4.437189e-01,2.618571e-03,3.605379e-03,1.401013e-03
1.099154e-02,4.843251e-03,2.014060e-03,1.491218e-03,3.225027e-02,1.663621e-02,9.868685e-04,1.504407e-03,5.014585e-03,4.040103e-03,5.250762e-01,3.834519e-01,2.304532e-03,4.331742e-03,5.063128e-03
8.916449e-03,4.316851e-03,2.684169e-03,1.391897e-03,4.283997e-02,1.270540e-02,8.901713e-04,4.414301e-03,1.119314e-02,4.146622e-03,5.686991e-01,3.209254e-01,2.623605e-03,9.590717e-03,4.662227e-03
9.086732e-03,6.908953e-03,5.326968e-03,2.453090e-03,1.027203e-01,1.132074e-02,1.445547e-03,1.831688e-02,1.793431e-02,5.583443e-03,4.753262e-01,3.233503e-01,2.718783e-03,1.382616e-02,3.681647e-03
8.955251e-03,6.683895e-03,5.588729e-03,2.776475e-03,2.773339e-01,1.103261e-02,3.824865e-03,2.961120e-02,2.196342e-02,4.350453e-03,3.494857e-01,2.593187e-01,2.100657e-03,1.411609e-02,2.858150e-03
1.459571e-02,2.193941e-02,1.097461e-02,3.310212e-03,3.286995e-01,1.399069e-02,6.334329e-03,3.715694e-02,6.243901e-02,4.308219e-03,2.758037e-01,1.984690e-01,2.082026e-03,1.363976e-02,6.256886e-03
2.814366e-02,2.192263e-02,3.049462e-02,3.951033e-03,3.787971e-01,2.696580e-02,6.182720e-03,3.123919e-02,7.672908e-02,3.923531e-03,2.227921e-01,1.474331e-01,2.197586e-03,1.157540e-02,7.652436e-03
2.730869e-02,2.254133e-02,4.672538e-02,1.325703e-02,4.775733e-01,2.824073e-02,6.834718e-03,3.526887e-02,5.833154e-02,2.960716e-03,1.595119e-01,1.057686e-01,1.756373e-03,8.363958e-03,5.556894e-03
3.081999e-02,2.418553e-02,4.654678e-02,1.827717e-02,5.352948e-01,3.359559e-02,7.005633e-03,3.949559e-02,4.905695e-02,2.776335e-03,1.204197e-01,8.039390e-02,1.606136e-03,6.356158e-03,4.169718e-03
5.035561e-02,2.390678e-02,3.731051e-02,1.942479e-02,5.523063e-01,3.723074e-02,5.601230e-03,4.744510e-02,5.111794e-02,3.790368e-03,9.611332e-02,6.196291e-02,1.661332e-03,7.525999e-03,4.247077e-03
6.353480e-02,2.629556e-02,3.259367e-02,2.086819e-02,5.277641e-01,4.460654e-02,4.667331e-03,6.516979e-02,6.670675e-02,3.912927e-03,7.771337e-02,4.989025e-02,2.185577e-03,9.759896e-03,4.331288e-03
5.766760e-02,2.128936e-02,1.607825e-01,7.764256e-02,4.032801e-01,4.206495e-02,7.643065e-03,6.372829e-02,5.348630e-02,3.447869e-03,5.802073e-02,3.832299e-02,2.059961e-03,7.154103e-03,3.409670e-03
6.663072e-02,1.703978e-02,2.136114e-01,1.807000e-01,2.969008e-01,3.477723e-02,6.005965e-03,5.931873e-02,3.976990e-02,5.363898e-03,4.182380e-02,2.822407e-02,1.655120e-03,5.354376e-03,2.824224e-03
7.620986e-02,1.284386e-02,2.197986e-01,2.858244e-01,2.245013e-01,2.667616e-02,4.748019e-03,5.440286e-02,2.899879e-02,7.665273e-03,2.969455e-02,2.102743e-02,1.390064e-03,3.893781e-03,2.325203e-03
1.047535e-01,1.070701e-02,2.214110e-01,3.226948e-01,1.762607e-01,2.556808e-02,7.150183e-03,4.979319e-02,2.738537e-02,6.481051e-03,2.188348e-02,1.868339e-02,1.845178e-03,3.056427e-03,2.326608e-03
1.530890e-01,9.827218e-03,2.001609e-01,3.313361e-01,1.511234e-01,2.198220e-02,6.781408e-03,4.591030e-02,3.203337e-02,5.953576e-03,1.704042e-02,1.710495e-02,2.361130e-03,2.739840e-03,2.556220e-03
2.242460e-01,1.255185e-02,1.818238e-01,3.076643e-01,1.163450e-01,3.040454e-02,6.408498e-03,4.296140e-02,2.756688e-02,6.356839e-03,1.477569e-02,1.583988e-02,4.060662e-03,3.867776e-03,5.126934e-03
3.203270e-01,3.585640e-02,1.401930e-01,2.356675e-01,8.727080e-02,5.055563e-02,5.220249e-03,3.732589e-02,3.007895e-02,6.840322e-03,1.312032e-02,1.390335e-02,6.477620e-03,4.999729e-03,1.216317e-02
4.043422e-01,5.269058e-02,1.137333e-01,1.871292e-01,6.461350e-02,5.414097e-02,4.546036e-03,3.113375e-02,2.617420e-02,6.989407e-03,1.126585e-02,1.223027e-02,8.123940e-03,4.852376e-03,1.803444e-02
3.827550e-01,1.363574e-01,8.191293e-02,1.380074e-01,4.654947e-02,8.265863e-02,3.580452e-03,2.242116e-02,2.479663e-02,1.500157e-02,1.106850e-02,1.194339e-02,1.042503e-02,4.416099e-03,2.810642e-02
3.667254e-01,1.418673e-01,5.881702e-02,1.013259e-01,3.328512e-02,1.474660e-01,3.163240e-03,1.646608e-02,2.154541e-02,1.586029e-02,2.117707e-02,1.876062e-02,1.456442e-02,4.805057e-03,3.417099e-02
3.023709e-01,1.144200e-01,4.298884e-02,7.437513e-02,2.411869e-02,1.507555e-01,3.754846e-03,1.186201e-02,2.111680e-02,1.563202e-02,6.862313e-02,1.012499e-01,1.986285e-02,5.966322e-03,4.290302e-02
2.215964e-01,8.144506e-02,3.045587e-02,5.402853e-02,1.720091e-02,2.352310e-01,3.119189e-03,8.442206e-03,1.838755e-02,1.184798e-02,6.494413e-02,2.006014e-01,1.660224e-02,4.442351e-03,3.165521e-02
1.591933e-01,5.724591e-02,2.159141e-02,3.828390e-02,1.210640e-02,3.636180e-01,2.336799e-03,5.981144e-03,1.380300e-02,8.459587e-03,5.067618e-02,2.285588e-01,1.242230e-02,3.179497e-03,2.254385e-02
1.134596e-01,4.050766e-02,1.635811e-02,2.727801e-02,8.788319e-03,3.434129e-01,1.768734e-03,4.414218e-03,1.044806e-02,6.079122e-03,4.582467e-02,3.537102e-01,9.401876e-03,2.462140e-03,1.608638e-02
9.666295e-02,2.936830e-02,1.353641e-02,2.015121e-02,6.867997e-03,2.569006e-01,1.880119e-03,3.836566e-03,1.134962e-02,4.562176e-03,3.764355e-02,4.952193e-01,7.873042e-03,2.353061e-03,1.179510e-02
7.442722e-02,2.198780e-02,1.095968e-02,1.562910e-02,7.018891e-03,1.982280e-01,1.611335e-03,2.958491e-03,1.483450e-02,3.409528e-03,3.899819e-02,5.918316e-01,6.432457e-03,2.588141e-03,9.084977e-03
5.982620e-02,1.642222e-02,8.733598e-03,1.202606e-02,6.952900e-03,1.471535e-01,1.586328e-03,2.400201e-03,1.738961e-02,2.581801e-03,4.147485e-02,6.678711e-01,5.805210e-03,2.381048e-03,7.395416e-03
4.632956e-02,1.239159e-02,6.493052e-03,8.880719e-03,5.425890e-03,1.085994e-01,1.200609e-03,1.833105e-03,1.677236e-02,2.061578e-03,4.081653e-02,7.358153e-01,5.339227e-03,2.025865e-03,6.015239e-03
5.835180e-02,1.093075e-02,5.025544e-03,7.066601e-03,7.324378e-03,7.855963e-02,1.653976e-03,2.939394e-03,5.410749e-02,2.097066e-03,3.648654e-02,7.231492e-01,4.758275e-03,1.807515e-03,5.741828e-03
5.650255e-02,9.794294e-03,3.789048e-03,5.576622e-03,5.734507e-03,5.846472e-02,1.259455e-03,2.690683e-03,5.663805e-02,2.065901e-03,3.987303e-02,7.454249e-01,4.229470e-03,2.072348e-03,5.884434e-03
4.360693e-02,1.815181e-02,3.281914e-03,4.130196e-03,4.834792e-03,4.211811e-02,9.325929e-04,3.385565e-03,5.789883e-02,1.845335e-03,7.582470e-02,7.324502e-01,4.152702e-03,2.334689e-03,5.051564e-03
3.728754e-02,1.652033e-02,2.770331e-03,3.072564e-03,3.722203e-03,3.041914e-02,6.929855e-04,3.526969e-03,5.051351e-02,1.447486e-03,1.006740e-01,7.380664e-01,3.136639e-03,3.530291e-03,4.619518e-03
2.746479e-02,1.673423e-02,2.181960e-03,2.211579e-03,2.795453e-03,2.155388e-02,4.943835e-04,2.810102e-03,4.492451e-02,1.076726e-03,1.938608e-01,6.736412e-01,2.271035e-03,4.337373e-03,3.641849e-03
2.501281e-02,2.119371e-02,1.871464e-02,3.557644e-03,4.879063e-03,1.790912e-02,4.545051e-04,2.113609e-02,5.083304e-02,8.780702e-04,1.690867e-01,6.582868e-01,1.670477e-03,3.592307e-03,2.794975e-03
2.426551e-02,1.985242e-02,1.556548e-02,3.341146e-03,5.552673e-03,1.584669e-02,4.298218e-04,1.641042e-02,5.335508e-02,7.376582e-04,1.960036e-01,6.398190e-01,1.299470e-03,5.187147e-03,2.333826e-03
1.870131e-02,1.583754e-02,1.410098e-02,2.815004e-03,4.478289e-03,1.242588e-02,3.339634e-04,1.223713e-02,4.467754e-02,5.960029e-04,3.326204e-01,5.340402e-01,9.391949e-04,4.485019e-03,1.711534e-03
2.065041e-02,1.606834e-02,8.266049e-02,3.003316e-02,5.803275e-03,1.045018e-02,5.595015e-04,4.429065e-02,4.472149e-02,7.409404e-04,3.094499e-01,4.292109e-01,7.585521e-04,3.341376e-03,1.260876e-03
1.771604e-02,1.835231e-02,7.913463e-02,2.841698e-02,9.388915e-03,8.621277e-03,6.123998e-04,3.957356e-02,7.498141e-02,8.438855e-04,3.861967e-01,3.317860e-01,6.581437e-04,2.780262e-03,9.374510e-04
1.656511e-02,1.633932e-02,8.817759e-02,5.245219e-02,1.021440e-02,6.557012e-03,5.622566e-04,5.976281e-02,9.717333e-02,9.278025e-04,4.062039e-01,2.413579e-01,6.242780e-04,2.302592e-03,7.794645e-04
1.742158e-02,1.461311e-02,1.089718e-01,8.241667e-02,1.434884e-02,6.158556e-03,7.680132e-04,6.651714e-02,1.118044e-01,1.743209e-03,3.930547e-01,1.786993e-01,5.906760e-04,1.925481e-03,9.664402e-04
2.676697e-02,1.208170e-02,9.498510e-02,1.296408e-01,1.996746e-02,5.138462e-03,6.764526e-04,7.465893e-02,1.316359e-01,2.313065e-03,3.695586e-01,1.291962e-01,5.314246e-04,1.653153e-03,1.195788e-03
3.452466e-02,1.040558e-02,7.600582e-02,1.437973e-01,2.881708e-02,4.793380e-03,5.932521e-04,5.764845e-02,1.744961e-01,2.926114e-03,3.692900e-01,9.285212e-02,5.828704e-04,2.078900e-03,1.188332e-03
4.068722e-02,8.623848e-03,6.403448e-02,1.627558e-01,4.490077e-02,4.395669e-03,5.075446e-04,4.680985e-02,1.753643e-01,3.320892e-03,3.778395e-01,6.688488e-02,5.329088e-04,2.251132e-03,1.091109e-03
4.712257e-02,7.561195e-03,5.399421e-02,1.875299e-01,5.146979e-02,3.922879e-03,4.327926e-04,3.720935e-02,1.861584e-01,3.336937e-03,3.677616e-01,4.860480e-02,5.608685e-04,3.309874e-03,1.024832e-03
5.691261e-02,6.772676e-03,4.346055e-02,1.555513e-01,4.737998e-02,3.691490e-03,4.239178e-04,2.867424e-02,2.273501e-01,4.584840e-03,3.778262e-01,3.747422e-02,8.094120e-04,7.710041e-03,1.378426e-03
1.007570e-01,7.792226e-03,3.964897e-02,1.419069e-01,5.016104e-02,4.268791e-03,5.184127e-04,2.577733e-02,2.299680e-01,5.207012e-03,3.461345e-01,2.950232e-02,1.039949e-03,1.499339e-02,2.324290e-03
2.091195e-01,8.285947e-03,3.651563e-02,1.287459e-01,4.116315e-02,5.789441e-03,8.407903e-04,2.644015e-02,1.990393e-01,7.471605e-03,2.756115e-01,2.594438e-02,2.478831e-03,2.323090e-02,9.322978e-03
3.296414e-01,8.203634e-03,3.305610e-02,1.100269e-01,3.257911e-02,6.831119e-03,1.086456e-03,2.351389e-02,1.567751e-01,8.244731e-03,2.187259e-01,2.357528e-02,4.271406e-03,2.628805e-02,1.718101e-02
4.602451e-01,7.506652e-03,2.995591e-02,8.410347e-02,2.539409e-02,7.207637e-03,1.203056e-03,1.892744e-02,1.220873e-01,7.448475e-03,1.671356e-01,2.164389e-02,4.238966e-03,2.437077e-02,1.853164e-02
1.000000e+00,0.000000e+00,0.000000e+00,0.000000e+00,0.000000e+00,0.000000e+00,0.000000e+00,0.000000e+00,0.000000e+00,0.000000e+00,0.000000e+00,0.000000e+00,0.000000e+00,0.000000e+00,0.000000e+00
1.000000e+00,0.000000e+00,0.000000e+00,0.000000e+00,0.000000e+00,0.000000e+00,0.000000e+00,0.000000e+00,0.000000e+00,0.000000e+00,0.000000e+00,0.000000e+00,0.000000e+00,0.000000e+00,0.000000e+00
4.577435e-01,3.954360e-02,2.953049e-02,4.893393e-02,1.308908e-02,4.186516e-02,8.621881e-04,1.133685e-02,8.450772e-02,5.032424e-03,9.935114e-02,1.423336e-02,5.119297e-03,1.239913e-01,2.486007e-02
3.266516e-01,2.943677e-02,2.187141e-02,3.633134e-02,9.839352e-03,3.215293e-02,6.452007e-04,8.316424e-03,8.436452e-02,4.292032e-03,1.268254e-01,1.083092e-02,4.934878e-03,2.833802e-01,2.012701e-02
2.306043e-01,2.111538e-02,1.542654e-02,2.569674e-02,7.117295e-03,2.401446e-02,4.831698e-04,5.884039e-03,7.283998e-02,3.616098e-03,1.759537e-01,8.664569e-03,4.459213e-03,3.896683e-01,1.445616e-02
1.624816e-01,1.566348e-02,1.139574e-02,1.821904e-02,5.253695e-03,1.838406e-02,3.889943e-04,4.163863e-03,9.669885e-02,3.183318e-03,1.634598e-01,9.151435e-03,4.785873e-03,4.753151e-01,1.145520e-02
1.202529e-01,1.144365e-02,8.122877e-03,1.322779e-02,3.910680e-03,1.423217e-02,3.984562e-04,3.018705e-03,1.291835e-01,3.157136e-03,1.692782e-01,7.335578e-03,3.818604e-03,5.009629e-01,1.165692e-02
8.981639e-02,8.317174e-03,6.012985e-03,1.106098e-02,3.595613e-03,1.086959e-02,6.792496e-04,2.763959e-03,2.841181e-01,3.419615e-03,1.443821e-01,6.681573e-03,3.308849e-03,4.157607e-01,9.213198e-03
7.345022e-02,6.372815e-03,4.801246e-03,8.582243e-03,3.105758e-03,8.273252e-03,8.321372e-04,2.516505e-03,3.543803e-01,3.472001e-03,1.203704e-01,6.841836e-03,2.875400e-03,3.974447e-01,6.681132e-03
5.376673e-02,4.830104e-03,3.582674e-03,6.222935e-03,2.504332e-03,6.298336e-03,6.493310e-04,1.891725e-03,4.129696e-01,3.090072e-03,9.811473e-02,6.194067e-03,2.303881e-03,3.927318e-01,4.849699e-03
3.881258e-02,3.675736e-03,2.724558e-03,4.878287e-03,2.053424e-03,4.839712e-03,4.861330e-04,1.485973e-03,4.091682e-01,3.656930e-03,9.419367e-02,5.244791e-03,1.856737e-03,4.232423e-01,3.681070e-03
2.842310e-02,2.803518e-03,2.050558e-03,4.058933e-03,1.936479e-03,3.545401e-03,3.650407e-04,1.162944e-03,4.312563e-01,5.244464e-03,9.097214e-02,4.097812e-03,1.648290e-03,4.195355e-01,2.899588e-03
2.015533e-02,2.388242e-03,1.448475e-03,3.376760e-03,1.601843e-03,2.835640e-03,2.854335e-04,8.358947e-04,4.226508e-01,1.794484e-02,1.328447e-01,4.782691e-03,5.784965e-03,3.792008e-01,3.863721e-03
1.436165e-02,1.877182e-03,1.033284e-03,2.993908e-03,4.051031e-03,2.637303e-03,3.219276e-04,9.070561e-04,4.016204e-01,2.527057e-02,1.620864e-01,6.727991e-03,1.435793e-02,3.583090e-01,3.444456e-03
1.100567e-02,2.606309e-03,9.046607e-04,2.414626e-03,4.157385e-03,2.364497e-03,3.123644e-04,8.255750e-04,3.288047e-01,8.478965e-02,2.258694e-01,1.690484e-02,3.128901e-02,2.817184e-01,6.032952e-03
8.108496e-03,2.690213e-03,8.550314e-04,1.963394e-03,3.946356e-03,2.027347e-03,2.736111e-04,6.359643e-04,2.550251e-01,1.802500e-01,2.564863e-01,1.707964e-02,3.959581e-02,2.246083e-01,6.454464e-03
5.822878e-03,2.367395e-03,7.511982e-04,1.467701e-03,4.209192e-03,1.652679e-03,2.436792e-04,4.995467e-04,1.885452e-01,3.443085e-01,2.412800e-01,1.335509e-02,2.950671e-02,1.602104e-01,5.779875e-03
4.479000e-03,3.160831e-03,1.402644e-03,1.307103e-03,9.824110e-03,1.859155e-03,9.025971e-04,1.831210e-03,1.753482e-01,4.511610e-01,1.909799e-01,1.054613e-02,2.257597e-02,1.186914e-01,5.930745e-03
3.422108e-03,2.581505e-03,1.507763e-03,2.284728e-03,2.184232e-02,1.989961e-03,1.422536e-03,2.290981e-03,3.508468e-01,3.610232e-01,1.379552e-01,8.222123e-03,1.638695e-02,8.343162e-02,4.792198e-03
2.684033e-03,3.079612e-03,1.484454e-03,2.511121e-03,2.107010e-02,1.927766e-03,1.679946e-03,3.600143e-03,5.216178e-01,2.633830e-01,9.736703e-02,5.868588e-03,1.177757e-02,5.850090e-02,3.447948e-03
3.501880e-03,4.468577e-03,2.293708e-03,2.220856e-03,3.205056e-02,2.042012e-03,2.388797e-03,4.808635e-03,6.316938e-01,1.899792e-01,6.841785e-02,4.131700e-03,8.333808e-03,4.096837e-02,2.700308e-03
7.767104e-03,1.496111e-02,5.014698e-02,1.154886e-02,5.209116e-02,2.573538e-03,2.244896e-03,7.943000e-03,5.978448e-01,1.582017e-01,4.812808e-02,2.913935e-03,5.897524e-03,2.871689e-02,9.020431e-03
2.425432e-02,1.936340e-02,5.374085e-02,1.178913e-02,9.823187e-02,2.957579e-03,3.832056e-03,2.824469e-02,5.693972e-01,1.165634e-01,3.473085e-02,2.229611e-03,4.438621e-03,2.043818e-02,9.788336e-03
2.508636e-02,1.451292e-02,3.994274e-02,9.448313e-03,1.226580e-01,2.689719e-03,3.917153e-03,2.025519e-01,4.465460e-01,8.177643e-02,2.457081e-02,1.613277e-03,3.270049e-03,1.440834e-02,7.007939e-03
2.795396e-02,1.145275e-02,2.972655e-02,7.196351e-03,3.050815e-01,3.840112e-03,3.582418e-03,1.571298e-01,3.574147e-01,5.755899e-02,1.924320e-02,1.328298e-03,2.673913e-03,1.032410e-02,5.493370e-03
3.890698e-02,8.279856e-03,2.117261e-02,7.245533e-03,3.849940e-01,1.100463e-02,3.573707e-03,1.145297e-01,2.541877e-01,4.327218e-02,6.629900e-02,4.320165e-03,2.313555e-02,7.529413e-03,1.154894e-02
