1.000000e+00,0.000000e+00,0.000000e+00,0.000000e+00,0.000000e+00,0.000000e+00,0.000000e+00,0.000000e+00,0.000000e+00,0.000000e+00,0.000000e+00,0.000000e+00,0.000000e+00,0.000000e+00,0.000000e+00
1.000000e+00,0.000000e+00,0.000000e+00,0.000000e+00,0.000000e+00,0.000000e+00,0.000000e+00,0.000000e+00,0.000000e+00,0.000000e+00,0.000000e+00,0.000000e+00,0.000000e+00,0.000000e+00,0.000000e+00
1.000000e+00,0.000000e+00,0.000000e+00,0.000000e+00,0.000000e+00,0.000000e+00,0.000000e+00,0.000000e+00,0.000000e+00,0.000000e+00,0.000000e+00,0.000000e+00,0.000000e+00,0.000000e+00,0.000000e+00
1.000000e+00,0.000000e+00,0.000000e+00,0.000000e+00,0.000000e+00,0.000000e+00,0.000000e+00,0.000000e+00,0.000000e+00,0.000000e+00,0.000000e+00,0.000000e+00,0.000000e+00,0.000000e+00,0.000000e+00
1.000000e+00,0.000000e+00,0.000000e+00,0.000000e+00,0.000000e+00,0.000000e+00,0.000000e+00,0.000000e+00,0.000000e+00,0.000000e+00,0.000000e+00,0.000000e+00,0.000000e+00,0.000000e+00,0.000000e+00
1.000000e+00,0.000000e+00,0.000000e+00,0.000000e+00,0.000000e+00,0.000000e+00,0.000000e+00,0.000000e+00,0.000000e+00,0.000000e+00,0.000000e+00,0.000000e+00,0.000000e+00,0.000000e+00,0.000000e+00
1.000000e+00,0.000000e+00,0.000000e+00,0.000000e+00,0.000000e+00,0.000000e+00,0.000000e+00,0.000000e+00,0.000000e+00,0.000000e+00,0.000000e+00,0.000000e+00,0.000000e+00,0.000000e+00,0.000000e+00
1.000000e+00,0.000000e+00,0.000000e+00,0.000000e+00,0.000000e+00,0.000000e+00,0.000000e+00,0.000000e+00,0.000000e+00,0.000000e+00,0.000000e+00,0.000000e+00,0.000000e+00,0.000000e+00,0.000000e+00
1.000000e+00,0.000000e+00,0.000000e+00,0.000000e+00,0.000000e+00,0.000000e+00,0.000000e+00,0.000000e+00,0.000000e+00,0.000000e+00,0.000000e+00,0.000000e+00,0.000000e+00,0.000000e+00,0.000000e+00
1.000000e+00,0.000000e+00,0.000000e+00,0.000000e+00,0.000000e+00,0.000000e+00,0.000000e+00,0.000000e+00,0.000000e+00,0.000000e+00,0.000000e+00,0.000000e+00,0.000000e+00,0.000000e+00,0.000000e+00
1.000000e+00,0.000000e+00,0.000000e+00,0.000000e+00,0.000000e+00,0.000000e+00,0.000000e+00,0.000000e+00,0.000000e+00,0.000000e+00,0.000000e+00,0.000000e+00,0.000000e+00,0.000000e+00,0.000000e+00
1.000000e+00,0.000000e+00,0.000000e+00,0.000000e+00,0.000000e+00,0.000000e+00,0.000000e+00,0.000000e+00,0.000000e+00,0.000000e+00,0.000000e+00,0.000000e+00,0.000000e+00,0.000000e+00,0.000000e+00
1.000000e+00,0.000000e+00,0.000000e+00,0.000000e+00,0.000000e+00,0.000000e+00,0.000000e+00,0.000000e+00,0.000000e+00,0.000000e+00,0.000000e+00,0.000000e+00,0.000000e+00,0.000000e+00,0.000000e+00
1.000000e+00,0.000000e+00,0.000000e+00,0.000000e+00,0.000000e+00,0.000000e+00,0.000000e+00,0.000000e+00,0.000000e+00,0.000000e+00,0.000000e+00,0.000000e+00,0.000000e+00,0.000000e+00,0.000000e+00
1.000000e+00,0.000000e+00,0.000000e+00,0.000000e+00,0.000000e+00,0.000000e+00,0.000000e+00,0.000000e+00,0.000000e+00,0.000000e+00,0.000000e+00,0.000000e+00,0.000000e+00,0.000000e+00,0.000000e+00
1.000000e+00,0.000000e+00,0.000000e+00,0.000000e+00,0.000000e+00,0.000000e+00,0.000000e+00,0.000000e+00,0.000000e+00,0.000000e+00,0.000000e+00,0.000000e+00,0.000000e+00,0.000000e+00,0.000000e+00
1.000000e+00,0.000000e+00,0.000000e+00,0.000000e+00,0.000000e+00,0.000000e+00,0.000000e+00,0.000000e+00,0.000000e+00,0.000000e+00,0.000000e+00,0.000000e+00,0.000000e+00,0.000000e+00,0.000000e+00
1.000000e+00,0.000000e+00,0.000000e+00,0.000000e+00,0.000000e+00,0.000000e+00,0.000000e+00,0.000000e+00,0.000000e+00,0.000000e+00,0.000000e+00,0.000000e+00,0.000000e+00,0.000000e+00,0.000000e+00
1.000000e+00,0.000000e+00,0.000000e+00,0.000000e+00,0.000000e+00,0.000000e+00,0.000000e+00,0.000000e+00,0.000000e+00,0.000000e+00,0.000000e+00,0.000000e+00,0.000000e+00,0.000000e+00,0.000000e+00
1.000000e+00,0.000000e+00,0.000000e+00,0.000000e+00,0.000000e+00,0.000000e+00,0.000000e+00,0.000000e+00,0.000000e+00,0.000000e+00,0.000000e+00,0.000000e+00,0.000000e+00,0.000000e+00,0.000000e+00
1.000000e+00,0.000000e+00,0.000000e+00,0.000000e+00,0.000000e+00,0.000000e+00,0.000000e+00,0.000000e+00,0.000000e+00,0.000000e+00,0.000000e+00,0.000000e+00,0.000000e+00,0.000000e+00,0.000000e+00
1.000000e+00,0.000000e+00,0.000000e+00,0.000000e+00,0.000000e+00,0.000000e+00,0.000000e+00,0.000000e+00,0.000000e+00,0.000000e+00,0.000000e+00,0.000000e+00,0.000000e+00,0.000000e+00,0.000000e+00
1.000000e+00,0.000000e+00,0.000000e+00,0.000000e+00,0.000000e+00,0.000000e+00,0.000000e+00,0.000000e+00,0.000000e+00,0.000000e+00,0.000000e+00,0.000000e+00,0.000000e+00,0.000000e+00,0.000000e+00
1.000000e+00,0.000000e+00,0.000000e+00,0.000000e+00,0.000000e+00,0.000000e+00,0.000000e+00,0.000000e+00,0.000000e+00,0.000000e+00,0.000000e+00,0.000000e+00,0.000000e+00,0.000000e+00,0.000000e+00
1.000000e+00,0.000000e+00,0.000000e+00,0.000000e+00,0.000000e+00,0.000000e+00,0.000000e+00,0.000000e+00,0.000000e+00,0.000000e+00,0.000000e+00,0.000000e+00,0.000000e+00,0.000000e+00,0.000000e+00
1.000000e+00,0.000000e+00,0.000000e+00,0.000000e+00,0.000000e+00,0.000000e+00,0.000000e+00,0.000000e+00,0.000000e+00,0.000000e+00,0.000000e+00,0.000000e+00,0.000000e+00,0.000000e+00,0.000000e+00
1.000000e+00,0.000000e+00,0.000000e+00,0.000000e+00,0.000000e+00,0.000000e+00,0.000000e+00,0.000000e+00,0.000000e+00,0.000000e+00,0.000000e+00,0.000000e+00,0.000000e+00,0.000000e+00,0.000000e+00
1.000000e+00,0.000000e+00,0.000000e+00,0.000000e+00,0.000000e+00,0.000000e+00,0.000000e+00,0.000000e+00,0.000000e+00,0.000000e+00,0.000000e+00,0.000000e+00,0.000000e+00,0.000000e+00,0.000000e+00
1.000000e+00,0.000000e+00,0.000000e+00,0.000000e+00,0.000000e+00,0.000000e+00,0.000000e+00,0.000000e+00,0.000000e+00,0.000000e+00,0.000000e+00,0.000000e+00,0.000000e+00,0.000000e+00,0.000000e+00
1.000000e+00,0.000000e+00,0.000000e+00,0.000000e+00,0.000000e+00,0.000000e+00,0.000000e+00,0.000000e+00,0.000000e+00,0.000000e+00,0.000000e+00,0.000000e+00,0.000000e+00,0.000000e+00,0.000000e+00
1.000000e+00,0.000000e+00,0.000000e+00,0.000000e+00,0.000000e+00,0.000000e+00,0.000000e+00,0.000000e+00,0.000000e+00,0.000000e+00,0.000000e+00,0.000000e+00,0.000000e+00,0.000000e+00,0.000000e+00
1.000000e+00,0.000000e+00,0.000000e+00,0.000000e+00,0.000000e+00,0.000000e+00,0.000000e+00,0.000000e+00,0.000000e+00,0.000000e+00,0.000000e+00,0.000000e+00,0.000000e+00,0.000000e+00,0.000000e+00
1.000000e+00,0.000000e+00,0.000000e+00,0.000000e+00,0.000000e+00,0.000000e+00,0.000000e+00,0.000000e+00,0.000000e+00,0.000000e+00,0.000000e+00,0.000000e+00,0.000000e+00,0.000000e+00,0.000000e+00
1.000000e+00,0.000000e+00,0.000000e+00,0.000000e+00,0.000000e+00,0.000000e+00,0.000000e+00,0.000000e+00,0.000000e+00,0.000000e+00,0.000000e+00,0.000000e+00,0.000000e+00,0.000000e+00,0.000000e+00
1.000000e+00,0.000000e+00,0.000000e+00,0.000000e+00,0.000000e+00,0.000000e+00,0.000000e+00,0.000000e+00,0.000000e+00,0.000000e+00,0.000000e+00,0.000000e+00,0.000000e+00,0.000000e+00,0.000000e+00
1.000000e+00,0.000000e+00,0.000000e+00,0.000000e+00,0.000000e+00,0.000000e+00,0.000000e+00,0.000000e+00,0.000000e+00,0.000000e+00,0.000000e+00,0.000000e+00,0.000000e+00,0.000000e+00,0.000000e+00
1.000000e+00,0.000000e+00,0.000000e+00,0.000000e+00,0.000000e+00,0.000000e+00,0.000000e+00,0.000000e+00,0.000000e+00,0.000000e+00,0.000000e+00,0.000000e+00,0.000000e+00,0.000000e+00,0.000000e+00
1.000000e+00,0.000000e+00,0.000000e+00,0.000000e+00,0.000000e+00,0.000000e+00,0.000000e+00,0.000000e+00,0.000000e+00,0.000000e+00,0.000000e+00,0.000000e+00,0.000000e+00,0.000000e+00,0.000000e+00
1.000000e+00,0.000000e+00,0.000000e+00,0.000000e+00,0.000000e+00,0.000000e+00,0.000000e+00,0.000000e+00,0.000000e+00,0.000000e+00,0.000000e+00,0.000000e+00,0.000000e+00,0.000000e+00,0.000000e+00
1.000000e+00,0.000000e+00,0.000000e+00,0.000000e+00,0.000000e+00,0.000000e+00,0.000000e+00,0.000000e+00,0.000000e+00,0.000000e+00,0.000000e+00,0.000000e+00,0.000000e+00,0.000000e+00,0.000000e+00
1.000000e+00,0.000000e+00,0.000000e+00,0.000000e+00,0.000000e+00,0.000000e+00,0.000000e+00,0.000000e+00,0.000000e+00,0.000000e+00,0.000000e+00,0.000000e+00,0.000000e+00,0.000000e+00,0.000000e+00
1.000000e+00,0.000000e+00,0.000000e+00,0.000000e+00,0.000000e+00,0.000000e+00,0.000000e+00,0.000000e+00,0.000000e+00,0.000000e+00,0.000000e+00,0.000000e+00,0.000000e+00,0.000000e+00,0.000000e+00
1.000000e+00,0.000000e+00,0.000000e+00,0.000000e+00,0.000000e+00,0.000000e+00,0.000000e+00,0.000000e+00,0.000000e+00,0.000000e+00,0.000000e+00,0.000000e+00,0.000000e+00,0.000000e+00,0.000000e+00
1.000000e+00,0.000000e+00,0.000000e+00,0.000000e+00,0.000000e+00,0.000000e+00,0.000000e+00,0.000000e+00,0.000000e+00,0.000000e+00,0.000000e+00,0.000000e+00,0.000000e+00,0.000000e+00,0.000000e+00
1.000000e+00,0.000000e+00,0.000000e+00,0.000000e+00,0.000000e+00,0.000000e+00,0.000000e+00,0.000000e+00,0.000000e+00,0.000000e+00,0.000000e+00,0.000000e+00,0.000000e+00,0.000000e+00,0.000000e+00
1.000000e+00,0.000000e+00,0.000000e+00,0.000000e+00,0.000000e+00,0.000000e+00,0.000000e+00,0.000000e+00,0.000000e+00,0.000000e+00,0.000000e+00,0.000000e+00,0.000000e+00,0.000000e+00,0.000000e+00
1.000000e+00,0.000000e+00,0.000000e+00,0.000000e+00,0.000000e+00,0.000000e+00,0.000000e+00,0.000000e+00,0.000000e+00,0.000000e+00,0.000000e+00,0.000000e+00,0.000000e+00,0.000000e+00,0.000000e+00
1.000000e+00,0.000000e+00,0.000000e+00,0.000000e+00,0.000000e+00,0.000000e+00,0.000000e+00,0.000000e+00,0.000000e+00,0.000000e+00,0.000000e+00,0.000000e+00,0.000000e+00,0.000000e+00,0.000000e+00
1.000000e+00,0.000000e+00,0.000000e+00,0.000000e+00,0.000000e+00,0.000000e+00,0.000000e+00,0.000000e+00,0.000000e+00,0.000000e+00,0.000000e+00,0.000000e+00,0.000000e+00,0.000000e+00,0.000000e+00
1.000000e+00,0.000000e+00,0.000000e+00,0.000000e+00,0.000000e+00,0.000000e+00,0.000000e+00,0.000000e+00,0.000000e+00,0.000000e+00,0.000000e+00,0.000000e+00,0.000000e+00,0.000000e+00,0.000000e+00
1.000000e+00,0.000000e+00,0.000000e+00,0.000000e+00,0.000000e+00,0.000000e+00,0.000000e+00,0.000000e+00,0.000000e+00,0.000000e+00,0.000000e+00,0.000000e+00,0.000000e+00,0.000000e+00,0.000000e+00
1.000000e+00,0.000000e+00,0.000000e+00,0.000000e+00,0.000000e+00,0.000000e+00,0.000000e+00,0.000000e+00,0.000000e+00,0.000000e+00,0.000000e+00,0.000000e+00,0.000000e+00,0.000000e+00,0.000000e+00
1.000000e+00,0.000000e+00,0.000000e+00,0.000000e+00,0.000000e+00,0.000000e+00,0.000000e+00,0.000000e+00,0.000000e+00,0.000000e+00,0.000000e+00,0.000000e+00,0.000000e+00,0.000000e+00,0.000000e+00
1.000000e+00,0.000000e+00,0.000000e+00,0.000000e+00,0.000000e+00,0.000000e+00,0.000000e+00,0.000000e+00,0.000000e+00,0.000000e+00,0.000000e+00,0.000000e+00,0.000000e+00,0.000000e+00,0.000000e+00
1.000000e+00,0.000000e+00,0.000000e+00,0.000000e+00,0.000000e+00,0.000000e+00,0.000000e+00,0.000000e+00,0.000000e+00,0.000000e+00,0.000000e+00,0.000000e+00,0.000000e+00,0.000000e+00,0.000000e+00
1.000000e+00,0.000000e+00,0.000000e+00,0.000000e+00,0.000000e+00,0.000000e+00,0.000000e+00,0.000000e+00,0.000000e+00,0.000000e+00,0.000000e+00,0.000000e+00,0.000000e+00,0.000000e+00,0.000000e+00
1.000000e+00,0.000000e+00,0.000000e+00,0.000000e+00,0.000000e+00,0.000000e+00,0.000000e+00,0.000000e+00,0.000000e+00,0.000000e+00,0.000000e+00,0.000000e+00,0.000000e+00,0.000000e+00,0.000000e+00
4.166294e-01,3.925198e-02,2.104203e-02,1.965708e-01,3.281556e-02,3.300519e-02,1.826991e-02,5.946580e-02,3.804447e-02,1.647164e-03,1.693790e-02,7.463957e-02,3.246521e-02,2.733510e-03,1.648144e-02
3.698270e-01,4.510961e-02,1.995489e-02,1.977184e-01,4.345149e-02,4.022584e-02,2.126249e-02,5.511291e-02,4.462072e-02,2.022404e-03,1.779110e-02,8.161008e-02,4.000916e-02,3.002690e-03,1.828121e-02
3.609234e-01,4.623773e-02,1.796680e-02,1.840868e-01,4.682031e-02,4.997278e-02,2.291427e-02,4.579547e-02,4.535285e-02,2.214464e-03,1.801585e-02,8.843262e-02,4.732045e-02,3.327447e-03,2.061870e-02
3.631804e-01,5.031005e-02,1.645884e-02,1.797030e-01,4.454181e-02,5.044800e-02,1.982670e-02,3.865726e-02,4.153920e-02,2.960829e-03,1.869794e-02,9.173091e-02,5.124009e-02,3.756260e-03,2.694868e-02
3.080745e-01,4.899128e-02,1.782867e-02,2.358358e-01,4.333498e-02,4.809526e-02,1.560320e-02,7.601434e-02,3.432758e-02,2.459123e-03,1.831396e-02,8.048986e-02,4.466806e-02,3.215190e-03,2.274823e-02
3.727227e-01,4.460843e-02,1.770032e-02,1.966447e-01,3.664287e-02,5.265657e-02,1.350262e-02,5.754376e-02,3.074696e-02,2.458132e-03,2.703300e-02,7.565588e-02,4.352627e-02,3.834826e-03,2.472309e-02
4.726976e-01,3.637059e-02,1.451208e-02,1.516065e-01,2.905531e-02,5.078216e-02,1.155885e-02,4.294387e-02,2.444128e-02,2.138242e-03,2.652435e-02,6.943248e-02,4.079251e-02,3.903121e-03,2.324109e-02
1.000000e+00,0.000000e+00,0.000000e+00,0.000000e+00,0.000000e+00,0.000000e+00,0.000000e+00,0.000000e+00,0.000000e+00,0.000000e+00,0.000000e+00,0.000000e+00,0.000000e+00,0.000000e+00,0.000000e+00
1.000000e+00,0.000000e+00,0.000000e+00,0.000000e+00,0.000000e+00,0.000000e+00,0.000000e+00,0.000000e+00,0.000000e+00,0.000000e+00,0.000000e+00,0.000000e+00,0.000000e+00,0.000000e+00,0.000000e+00
1.000000e+00,0.000000e+00,0.000000e+00,0.000000e+00,0.000000e+00,0.000000e+00,0.000000e+00,0.000000e+00,0.000000e+00,0.000000e+00,0.000000e+00,0.000000e+00,0.000000e+00,0.000000e+00,0.000000e+00
4.728779e-01,1.513133e-02,2.103104e-02,5.218831e-02,1.361306e-02,1.570769e-01,3.856315e-02,6.605390e-02,1.162306e-02,1.526915e-03,2.182450e-02,4.076883e-02,6.668422e-02,3.651491e-03,1.738537e-02
3.422482e-01,1.100749e-02,1.656802e-02,3.739576e-02,1.126138e-02,1.932314e-01,5.887382e-02,1.921093e-01,8.838700e-03,1.163475e-03,1.612137e-02,2.996425e-02,6.518032e-02,2.698947e-03,1.333756e-02
2.420549e-01,7.810218e-03,1.416071e-02,2.677752e-02,8.424722e-03,1.429221e-01,5.398149e-02,4.046581e-01,6.261053e-03,8.314998e-04,1.136194e-02,2.122155e-02,4.805254e-02,1.961991e-03,9.519714e-03
1.720115e-01,5.590963e-03,1.142575e-02,1.899421e-02,6.066498e-03,1.037342e-01,7.189975e-02,5.391912e-01,4.411569e-03,5.987100e-04,8.016673e-03,1.505361e-02,3.471845e-02,1.487008e-03,6.799924e-03
1.215577e-01,4.038669e-03,1.281281e-02,1.390400e-02,4.409585e-03,7.706328e-02,1.093080e-01,6.048940e-01,3.116301e-03,4.390708e-04,5.690604e-03,1.091789e-02,2.568241e-02,1.232266e-03,4.933442e-03
9.808221e-02,3.393386e-03,1.238653e-02,1.050823e-02,3.901555e-03,7.471852e-02,1.633332e-01,5.915673e-01,2.327159e-03,3.852350e-04,4.204829e-03,8.647594e-03,2.100897e-02,1.225155e-03,4.310156e-03
7.853442e-02,2.643947e-03,1.135648e-02,8.718969e-03,3.995175e-03,6.075506e-02,1.573389e-01,6.440219e-01,1.739738e-03,4.451543e-04,3.078057e-03,6.612517e-03,1.618414e-02,1.062898e-03,3.512633e-03
7.994692e-02,2.245398e-03,9.436168e-03,8.576136e-03,6.974269e-03,4.800254e-02,1.186834e-01,6.952214e-01,2.461390e-03,1.324163e-03,2.970545e-03,6.061447e-03,1.364497e-02,1.384328e-03,3.066981e-03
1.948827e-01,3.731076e-03,1.404982e-02,1.232893e-02,1.686707e-02,4.543832e-02,8.763229e-02,5.772436e-01,7.898072e-03,3.729984e-03,3.105626e-03,9.855731e-03,1.510013e-02,1.651163e-03,6.485576e-03
2.699686e-01,5.104536e-03,1.553695e-02,1.907467e-02,2.350579e-02,4.424395e-02,6.470636e-02,4.864877e-01,1.608987e-02,6.226412e-03,3.706709e-03,1.461971e-02,1.735879e-02,2.140942e-03,1.122912e-02
2.323988e-01,8.043737e-03,1.377544e-02,8.714349e-02,2.851301e-02,3.817599e-02,4.573487e-02,3.724298e-01,7.613486e-02,1.478320e-02,1.715156e-02,1.728693e-02,2.419869e-02,3.899249e-03,2.033042e-02
1.651553e-01,6.438777e-03,1.016743e-02,1.339287e-01,2.785818e-02,2.900159e-02,3.209611e-02,2.637404e-01,1.426792e-01,1.528022e-02,8.782156e-02,1.542093e-02,4.120463e-02,6.256146e-03,2.295090e-02
1.161173e-01,5.548136e-03,7.276876e-03,1.655176e-01,2.054116e-02,2.039005e-02,2.260761e-02,1.850646e-01,2.710230e-01,1.139865e-02,1.033962e-01,1.272698e-02,3.623269e-02,4.693138e-03,1.746595e-02
8.435538e-02,6.436174e-03,6.012951e-03,2.256776e-01,1.596044e-02,1.476227e-02,1.596768e-02,1.306084e-01,2.666366e-01,1.013719e-02,1.380422e-01,1.988728e-02,4.116812e-02,7.632641e-03,1.671503e-02
6.022077e-02,5.916315e-03,5.279702e-03,2.480365e-01,1.244238e-02,1.165149e-02,1.135733e-02,9.162164e-02,2.423515e-01,9.120854e-03,1.732711e-01,4.214147e-02,6.344878e-02,7.833851e-03,1.530644e-02
4.316204e-02,5.978416e-03,5.467570e-03,2.034152e-01,1.336289e-02,9.433935e-03,8.049705e-03,6.490768e-02,2.174422e-01,8.059085e-03,2.346997e-01,5.633260e-02,1.091858e-01,8.074522e-03,1.242858e-02
3.259845e-02,7.314879e-03,8.686814e-03,1.916868e-01,2.460894e-02,8.980436e-03,5.987717e-03,4.870864e-02,1.987119e-01,8.938325e-03,2.462223e-01,5.651046e-02,1.332636e-01,1.359895e-02,1.418177e-02
2.505985e-02,1.123638e-02,1.175221e-02,2.331482e-01,2.264760e-02,9.556699e-03,4.326782e-03,3.551421e-02,2.853724e-01,7.332809e-03,1.822405e-01,4.462332e-02,1.026002e-01,1.227695e-02,1.231188e-02
1.813819e-02,9.755912e-03,8.609268e-03,1.698410e-01,1.819342e-02,7.780270e-03,3.111378e-03,2.512958e-02,3.562908e-01,9.232239e-03,1.760357e-01,7.331129e-02,1.013210e-01,1.022468e-02,1.302523e-02
1.326803e-02,9.450363e-03,6.717876e-03,1.611860e-01,1.454516e-02,1.279465e-02,2.209323e-03,1.781243e-02,3.743965e-01,8.896250e-03,1.800621e-01,7.806537e-02,1.029119e-01,7.813081e-03,9.870975e-03
9.674978e-03,8.074297e-03,5.028002e-03,1.196100e-01,1.065388e-02,1.443694e-02,1.567427e-03,1.302925e-02,3.850610e-01,2.062588e-02,1.843073e-01,8.773491e-02,1.225331e-01,6.888009e-03,1.077497e-02
7.012152e-03,7.501382e-03,3.612322e-03,8.431672e-02,7.798110e-03,1.055509e-02,1.114468e-03,9.406858e-03,4.603749e-01,2.717474e-02,1.879418e-01,7.431218e-02,1.039286e-01,5.728908e-03,9.221759e-03
5.400393e-03,1.845632e-02,2.808670e-03,6.047909e-02,5.992929e-03,1.184304e-02,9.420866e-04,7.962191e-03,5.132883e-01,4.062050e-02,1.619596e-01,6.264234e-02,8.662204e-02,5.759927e-03,1.522259e-02
6.138938e-03,5.709620e-02,3.587455e-03,4.311185e-02,6.359946e-03,1.266367e-02,1.062081e-03,6.506133e-03,5.201139e-01,4.846574e-02,1.272525e-01,5.805066e-02,7.776182e-02,1.281863e-02,1.901035e-02
6.651974e-03,6.055189e-02,4.225925e-03,3.262221e-02,7.878579e-03,1.295281e-02,1.496133e-03,1.130392e-02,5.244448e-01,5.198320e-02,1.063474e-01,5.917092e-02,8.497554e-02,1.553129e-02,1.986328e-02
1.031380e-02,7.422344e-02,8.134158e-03,2.488551e-02,9.463936e-03,1.409592e-02,2.200127e-03,2.401257e-02,4.938166e-01,5.795993e-02,8.109289e-02,7.678960e-02,7.900466e-02,1.654054e-02,2.746626e-02
1.351903e-02,6.816465e-02,7.871211e-03,2.040036e-02,1.441231e-02,1.503198e-02,2.260695e-03,2.035554e-02,5.165321e-01,5.723368e-02,6.840856e-02,7.524393e-02,7.717463e-02,1.467028e-02,2.872098e-02
4.818916e-02,4.995990e-02,1.530896e-02,1.757630e-02,6.819882e-02,1.506687e-02,8.698625e-03,4.407364e-02,4.444714e-01,4.761899e-02,5.586867e-02,6.593567e-02,8.052114e-02,1.528927e-02,2.322249e-02
4.353409e-02,3.517896e-02,2.627289e-02,2.437245e-02,6.045075e-02,1.135697e-02,6.996582e-03,2.646512e-01,3.151061e-01,3.424434e-02,4.100969e-02,4.970149e-02,5.973627e-02,1.097176e-02,1.641644e-02
3.761170e-02,2.474356e-02,2.774196e-02,2.255030e-02,5.419899e-02,8.500100e-03,6.425336e-03,4.436112e-01,2.215526e-01,2.432585e-02,2.955665e-02,3.640039e-02,4.344679e-02,7.759287e-03,1.157531e-02
2.734012e-02,1.736686e-02,3.132300e-02,1.622915e-02,4.364340e-02,6.037992e-03,5.719578e-03,5.896698e-01,1.551882e-01,1.710415e-02,2.070685e-02,2.552069e-02,3.059073e-02,5.450060e-03,8.109375e-03
1.981200e-02,1.230370e-02,3.040618e-02,1.150990e-02,4.152374e-02,4.302816e-03,6.057034e-03,6.896982e-01,1.088490e-01,1.208491e-02,1.451239e-02,1.788975e-02,2.153896e-02,3.827268e-03,5.684178e-03
1.463037e-02,8.640914e-03,2.358498e-02,8.163455e-03,3.455912e-02,3.094620e-03,4.400856e-03,7.736940e-01,7.625256e-02,8.491097e-03,1.016566e-02,1.254663e-02,1.510842e-02,2.683248e-03,3.984014e-03
1.066695e-02,6.059427e-03,1.723922e-02,5.735774e-03,2.600931e-02,2.208458e-03,3.120190e-03,8.384370e-01,5.339162e-02,5.953532e-03,7.119567e-03,8.793074e-03,1.059274e-02,1.882168e-03,2.791013e-03
8.550675e-03,4.253669e-03,1.321422e-02,4.106575e-03,2.022199e-02,1.719851e-03,2.241996e-03,8.821723e-01,3.738537e-02,4.182764e-03,4.995001e-03,6.199167e-03,7.469232e-03,1.328600e-03,1.958540e-03
8.591468e-03,3.006333e-03,9.645042e-03,2.959351e-03,1.613107e-02,1.528651e-03,1.650374e-03,9.117674e-01,2.618841e-02,2.953868e-03,3.520450e-03,4.419271e-03,5.326656e-03,9.340573e-04,1.377656e-03
8.232508e-03,2.125480e-03,6.980579e-03,2.127341e-03,1.224307e-02,1.232667e-03,1.333197e-03,9.341968e-01,1.835190e-02,2.082848e-03,2.476444e-03,3.185370e-03,3.795232e-03,6.647178e-04,9.718054e-04
9.589347e-03,1.511309e-03,5.197239e-03,1.613687e-03,9.343336e-03,1.106288e-03,1.297478e-03,9.479549e-01,1.288065e-02,1.462353e-03,1.759428e-03,2.374761e-03,2.724016e-03,4.801298e-04,7.051299e-04
1.641855e-02,1.181600e-03,4.663586e-03,1.559646e-03,7.644128e-03,1.680347e-03,1.873938e-03,9.485656e-01,9.135664e-03,1.039581e-03,1.311808e-03,1.763231e-03,2.269915e-03,3.569028e-04,5.355534e-04
3.886173e-02,1.187311e-03,4.956093e-03,1.824797e-03,9.421225e-03,3.972514e-03,4.429068e-03,9.213629e-01,6.745416e-03,8.000358e-04,1.076322e-03,1.405077e-03,3.186736e-03,2.819810e-04,4.888359e-04
5.006924e-02,1.036690e-03,5.084231e-03,2.009342e-03,8.310854e-03,3.888587e-03,4.136019e-03,9.141053e-01,4.906255e-03,6.323651e-04,8.862441e-04,1.437026e-03,2.733239e-03,2.823804e-04,4.822784e-04
7.855149e-02,1.161629e-03,6.906135e-03,2.211604e-03,7.897168e-03,4.738936e-03,4.853462e-03,8.816388e-01,3.903050e-03,6.295682e-04,8.976174e-04,2.616466e-03,2.672682e-03,4.686520e-04,8.528077e-04
9.623484e-02,1.207073e-03,6.283937e-03,2.633122e-03,8.354396e-03,5.647453e-03,4.711591e-03,8.573812e-01,3.225272e-03,9.909291e-04,1.800990e-03,5.278698e-03,3.772291e-03,6.534479e-04,1.824849e-03
1.266600e-01,1.408637e-03,6.518417e-03,3.415045e-03,8.969902e-03,6.009563e-03,5.075217e-03,8.139620e-01,2.897229e-03,9.279507e-04,2.548669e-03,1.119453e-02,7.463332e-03,8.287040e-04,2.120879e-03
1.411691e-01,1.852889e-03,8.593998e-03,5.243527e-03,1.014625e-02,6.231750e-03,5.172364e-03,7.865519e-01,2.803199e-03,1.779839e-03,3.664833e-03,1.300238e-02,9.894650e-03,1.006285e-03,2.887123e-03
1.905914e-01,4.843206e-03,1.121924e-02,1.515767e-02,1.410590e-02,1.266920e-02,5.268954e-03,6.420543e-01,1.047444e-02,3.909695e-03,9.992352e-03,3.494272e-02,3.393973e-02,2.660357e-03,8.171035e-03
2.564475e-01,9.081511e-03,1.753122e-02,3.259379e-02,1.716421e-02,2.276400e-02,4.816836e-03,4.859201e-01,1.430347e-02,5.800829e-03,1.745644e-02,4.280781e-02,5.630992e-02,3.438150e-03,1.356424e-02
2.727484e-01,1.180324e-02,2.033514e-02,4.227128e-02,2.552151e-02,2.285488e-02,4.770951e-03,3.551084e-01,1.864859e-02,1.090132e-02,2.444465e-02,5.200448e-02,1.168970e-01,4.613999e-03,1.707621e-02
3.329856e-01,1.189547e-02,1.639453e-02,5.597962e-02,2.257903e-02,2.163194e-02,4.792161e-03,2.507990e-01,2.428317e-02,1.259359e-02,3.581376e-02,7.683928e-02,1.088181e-01,5.614015e-03,1.898075e-02
3.367207e-01,1.250023e-02,1.367100e-02,6.136569e-02,4.354031e-02,2.088339e-02,6.146142e-03,1.778290e-01,2.860157e-02,1.282697e-02,5.992524e-02,9.087947e-02,9.801908e-02,9.757372e-03,2.733379e-02
3.448048e-01,1.309467e-02,1.308435e-02,7.582348e-02,6.748420e-02,3.036432e-02,7.627889e-03,1.260829e-01,4.163638e-02,1.925576e-02,5.477505e-02,7.771512e-02,8.352269e-02,9.484010e-03,3.524435e-02
2.848347e-01,1.350603e-02,1.273136e-02,8.960168e-02,1.063293e-01,2.914757e-02,8.205190e-03,9.154514e-02,7.184857e-02,1.990923e-02,5.510166e-02,6.789445e-02,8.029978e-02,1.316864e-02,5.587675e-02
2.406110e-01,1.384554e-02,1.004821e-02,8.020193e-02,9.526295e-02,3.114450e-02,8.653838e-03,6.788208e-02,1.326686e-01,1.637972e-02,4.657158e-02,5.539324e-02,7.486700e-02,1.738219e-02,1.090878e-01
1.852255e-01,1.339880e-02,8.690316e-03,5.895188e-02,1.086435e-01,2.343526e-02,6.477557e-03,5.192951e-02,1.191476e-01,1.397502e-02,3.764167e-02,3.996706e-02,5.870462e-02,1.701698e-02,2.567947e-01
1.510952e-01,1.510089e-02,1.443194e-02,4.740012e-02,1.014658e-01,2.088045e-02,5.071517e-03,3.928342e-02,1.033438e-01,1.689139e-02,3.188831e-02,2.862890e-02,4.547390e-02,1.578894e-02,3.632554e-01
1.096542e-01,2.301209e-02,2.029552e-02,7.549604e-02,9.341304e-02,1.658330e-02,4.139160e-03,3.582284e-02,2.051463e-01,1.440400e-02,2.394559e-02,2.033495e-02,3.446094e-02,1.163341e-02,3.116585e-01
9.699021e-02,2.811642e-02,1.233515e-01,7.253005e-02,7.926694e-02,1.414483e-02,3.387987e-03,3.415442e-02,1.890075e-01,1.701165e-02,1.762038e-02,1.444271e-02,3.133305e-02,8.693232e-03,2.699492e-01
1.057045e-01,4.030974e-02,1.707621e-01,7.301542e-02,8.501958e-02,1.457921e-02,3.400829e-03,3.647745e-02,1.440714e-01,1.494892e-02,1.354745e-02,1.113749e-02,2.855023e-02,7.611352e-03,2.508644e-01
1.079110e-01,4.010961e-02,2.146356e-01,8.647850e-02,1.313708e-01,1.689339e-02,5.337592e-03,3.656944e-02,1.066989e-01,1.178645e-02,1.044590e-02,8.246393e-03,2.161456e-02,6.118123e-03,1.957837e-01
1.204352e-01,4.261595e-02,2.701729e-01,7.544045e-02,1.613721e-01,2.241633e-02,5.043662e-03,3.141562e-02,7.941811e-02,9.407410e-03,7.817972e-03,6.223379e-03,1.671115e-02,5.601653e-03,1.459081e-01
1.265698e-01,6.058880e-02,2.478890e-01,7.622387e-02,2.127916e-01,3.581830e-02,6.313056e-03,2.951473e-02,5.955001e-02,7.398888e-03,6.413889e-03,5.297027e-03,1.404694e-02,5.340307e-03,1.062438e-01
1.385300e-01,6.991976e-02,2.117017e-01,7.431982e-02,2.028314e-01,9.845882e-02,5.739138e-03,3.012923e-02,4.453666e-02,6.044349e-03,7.095849e-03,5.902247e-03,1.181609e-02,5.651618e-03,8.732326e-02
1.918859e-01,7.124150e-02,1.853203e-01,6.695932e-02,1.754748e-01,9.090130e-02,5.532350e-03,2.698243e-02,4.378537e-02,9.264843e-03,9.586802e-03,1.003809e-02,1.126560e-02,9.762543e-03,9.199886e-02
1.543482e-01,8.050981e-02,1.611921e-01,1.649381e-01,1.404750e-01,6.915075e-02,4.253736e-03,2.003010e-02,4.069315e-02,9.077269e-03,1.164921e-02,1.033791e-02,1.096624e-02,8.354506e-03,1.140239e-01
1.154660e-01,6.550197e-02,1.250374e-01,1.314470e-01,1.002053e-01,4.976562e-02,3.008868e-03,1.422277e-02,3.863199e-02,9.088411e-03,1.188689e-02,8.656317e-03,9.016268e-03,2.240143e-02,2.956637e-01
9.134432e-02,5.116421e-02,1.281480e-01,1.043373e-01,7.133460e-02,3.766755e-02,2.208421e-03,1.074245e-02,4.486700e-02,9.233407e-03,1.039654e-02,6.858737e-03,6.887490e-03,4.954295e-02,3.752669e-01
7.136057e-02,3.770015e-02,9.428248e-02,7.388434e-02,5.020336e-02,2.708714e-02,1.727914e-03,7.637917e-03,3.428622e-02,8.428977e-03,8.151682e-03,5.203770e-03,4.982102e-03,8.558500e-02,4.894784e-01
8.247580e-02,2.856809e-02,7.021806e-02,5.285135e-02,3.623940e-02,1.964644e-02,1.314218e-03,5.684813e-03,3.784688e-02,2.070137e-02,2.359201e-02,5.921111e-03,7.175444e-03,1.763359e-01,4.314291e-01
1.280641e-01,2.148674e-02,5.797362e-02,3.909577e-02,2.718410e-02,1.599481e-02,1.033306e-03,4.540589e-03,3.532042e-02,8.798525e-02,2.378651e-02,5.739613e-03,1.022865e-02,1.879759e-01,3.535907e-01
1.196308e-01,1.602060e-02,4.241921e-02,2.768426e-02,2.094924e-02,1.201776e-02,9.715979e-04,3.323531e-03,3.050964e-02,7.996617e-02,2.355720e-02,4.701657e-03,8.565428e-03,3.407248e-01,2.689581e-01
1.174888e-01,1.227897e-02,3.263778e-02,2.135422e-02,1.681471e-02,1.057300e-02,1.188998e-03,2.769383e-03,5.737654e-02,1.134891e-01,2.565410e-02,4.269601e-03,9.216303e-03,3.308045e-01,2.440841e-01
1.270400e-01,9.944404e-03,2.372058e-02,1.544947e-02,1.605482e-02,8.697270e-03,2.438888e-03,2.314460e-03,1.163793e-01,9.792697e-02,2.964610e-02,3.873403e-03,1.285652e-02,3.214338e-01,2.122240e-01
9.928790e-02,7.407242e-03,1.718478e-02,1.115276e-02,1.232703e-02,6.501561e-03,1.904218e-03,2.094584e-03,2.947994e-01,7.475359e-02,2.709036e-02,3.378369e-03,1.316099e-02,2.611253e-01,1.678320e-01
7.889537e-02,6.937414e-03,1.838141e-02,8.491471e-03,1.215200e-02,5.245626e-03,1.660672e-03,3.679446e-03,4.034847e-01,6.000230e-02,3.005308e-02,3.684942e-03,1.419068e-02,2.105300e-01,1.426109e-01
7.539784e-02,5.710104e-03,2.102020e-02,6.320116e-03,1.016701e-02,1.361786e-02,2.617165e-03,3.870387e-03,3.930545e-01,6.950540e-02,3.521536e-02,3.975385e-03,1.250129e-02,2.327983e-01,1.142291e-01
6.081542e-02,4.817617e-03,1.713094e-02,4.872721e-03,7.706867e-03,1.028813e-02,2.005831e-03,2.947862e-03,5.155113e-01,5.550613e-02,3.485629e-02,3.643902e-03,1.350613e-02,1.760457e-01,9.034519e-02
4.953302e-02,3.978287e-03,1.236852e-02,3.948123e-03,6.419733e-03,8.207028e-03,1.463015e-03,2.239165e-03,6.089619e-01,4.463206e-02,3.506060e-02,3.168624e-03,1.665696e-02,1.282974e-01,7.506561e-02
5.412242e-02,4.236695e-03,1.072171e-02,4.159906e-03,7.111310e-03,7.105449e-03,1.423322e-03,3.411595e-03,6.479194e-01,3.576026e-02,3.457436e-02,6.037707e-03,2.981884e-02,9.163313e-02,6.196389e-02
6.572049e-02,5.848427e-03,8.681691e-03,5.871948e-03,7.004306e-03,6.113925e-03,1.129227e-03,3.014907e-03,6.716185e-01,2.880596e-02,2.669396e-02,6.362659e-03,2.717635e-02,6.597592e-02,6.998175e-02
5.638341e-02,6.855099e-03,6.427444e-03,5.152680e-03,6.083872e-03,4.677083e-03,8.291480e-04,2.343345e-03,7.280763e-01,2.430924e-02,1.968655e-02,4.854648e-03,2.112929e-02,4.733679e-02,6.585512e-02
9.597173e-02,2.113505e-02,9.618588e-03,5.921122e-03,1.717001e-02,7.035385e-03,8.211617e-04,2.312272e-03,5.353532e-01,1.952729e-02,2.153263e-02,4.515462e-03,1.729311e-02,3.843797e-02,2.033550e-01
1.341519e-01,1.814363e-02,7.749833e-03,5.377849e-03,1.538660e-02,1.162159e-02,7.374035e-04,2.089726e-03,4.123308e-01,1.575038e-02,1.950066e-02,4.005380e-03,1.373116e-02,4.123974e-02,2.981833e-01
1.183323e-01,1.729763e-02,8.842865e-03,8.218538e-03,2.050003e-02,6.296293e-02,1.201079e-03,3.511793e-03,3.808696e-01,1.203534e-02,1.943200e-02,5.085004e-03,1.176685e-02,4.277106e-02,2.871730e-01
8.564676e-02,1.435059e-02,8.098589e-03,6.460802e-03,1.565309e-02,4.627815e-02,9.060303e-04,2.546996e-03,4.796745e-01,1.028236e-02,2.320184e-02,3.834999e-03,8.994689e-03,5.881183e-02,2.352589e-01
7.850894e-02,1.354429e-02,7.740001e-03,6.176199e-03,1.598297e-02,6.999978e-02,9.229130e-04,2.557818e-03,4.618393e-01,8.521807e-03,3.888780e-02,4.122144e-03,8.135568e-03,9.712204e-02,1.859385e-01
1.075070e-01,1.320778e-02,8.440535e-03,5.925073e-03,2.037119e-02,5.634100e-02,8.067118e-04,2.841254e-03,4.725850e-01,7.583139e-03,3.956693e-02,4.493213e-03,7.168148e-03,8.540574e-02,1.677574e-01
1.248183e-01,1.285680e-02,6.613355e-03,5.198985e-03,1.631617e-02,5.324441e-02,6.837272e-04,2.598278e-03,4.985903e-01,7.637628e-03,4.738211e-02,4.615238e-03,5.951830e-03,7.741885e-02,1.360741e-01
9.952265e-02,1.124479e-02,5.567939e-03,4.737456e-03,1.228990e-02,3.861388e-02,6.376650e-04,2.345060e-03,4.021830e-01,9.015661e-03,1.785427e-01,5.114209e-03,4.746986e-03,1.277143e-01,9.772385e-02
7.871980e-02,1.118978e-02,5.545460e-03,5.782332e-03,1.026567e-02,2.882411e-02,5.973540e-04,1.915777e-03,3.039140e-01,1.259149e-02,2.818897e-01,1.029105e-02,5.194534e-03,1.737636e-01,6.951535e-02
7.567310e-02,1.175411e-02,5.572928e-03,6.641598e-03,9.940303e-03,2.257364e-02,5.362928e-04,2.510559e-03,3.048863e-01,2.365873e-02,2.828925e-01,1.220029e-02,7.525821e-03,1.837364e-01,4.989752e-02
5.928793e-02,1.411091e-02,4.268150e-03,5.396639e-03,8.065877e-03,1.681188e-02,4.033440e-04,2.004066e-03,2.545950e-01,2.430018e-02,3.380478e-01,1.137465e-02,7.075699e-03,2.184245e-01,3.583344e-02
5.430568e-02,1.626718e-02,3.398486e-03,4.412147e-03,6.899472e-03,1.572921e-02,3.190966e-04,1.798506e-03,2.920713e-01,2.128056e-02,2.973946e-01,1.091238e-02,5.987477e-03,2.429017e-01,2.632221e-02
5.164928e-02,1.685828e-02,3.254231e-03,3.971912e-03,6.184395e-03,2.150295e-02,2.905887e-04,1.656864e-03,2.598622e-01,1.847694e-02,2.633083e-01,1.158246e-02,5.155975e-03,3.171586e-01,1.908696e-02
5.454759e-02,1.436950e-02,3.138484e-03,3.366542e-03,4.885416e-03,2.193572e-02,2.263305e-04,1.977938e-03,2.454072e-01,1.478147e-02,2.050308e-01,9.377363e-03,4.147007e-03,4.025179e-01,1.429083e-02
5.742077e-02,1.283452e-02,2.973924e-03,3.888072e-03,4.468859e-03,2.104403e-02,2.112276e-04,2.895432e-03,2.750987e-01,1.361738e-02,1.661911e-01,8.386268e-03,3.846493e-03,4.159795e-01,1.114377e-02
5.619401e-02,1.217066e-02,3.125322e-03,4.961641e-03,5.121904e-03,2.296879e-02,2.491740e-04,5.399358e-03,2.366108e-01,1.215123e-02,1.701535e-01,1.154645e-02,5.887161e-03,4.439620e-01,9.498052e-03
6.037796e-02,1.337479e-02,3.977169e-03,5.577764e-03,7.262167e-03,2.656744e-02,2.424580e-04,6.066713e-03,2.214719e-01,1.362896e-02,1.550044e-01,1.205325e-02,6.290981e-03,4.601678e-01,7.936274e-03
8.575788e-02,1.775469e-02,7.376559e-03,6.521047e-03,9.842286e-03,4.244493e-02,7.158850e-04,8.944515e-03,2.470756e-01,1.739044e-02,1.241007e-01,1.127037e-02,7.644230e-03,4.041808e-01,8.980053e-03
1.053695e-01,1.706490e-02,1.954150e-02,1.159600e-02,2.082181e-02,3.747051e-02,1.513791e-03,1.820533e-02,2.381313e-01,1.872958e-02,1.099184e-01,1.193988e-02,1.218991e-02,3.679072e-01,9.600450e-03
1.066610e-01,1.461596e-02,1.588504e-02,1.157546e-02,2.376280e-02,3.394325e-02,1.443876e-03,1.813985e-02,2.588295e-01,2.120535e-02,1.061039e-01,1.439008e-02,1.380634e-02,3.513299e-01,8.307780e-03
1.720556e-01,1.440268e-02,1.265586e-02,1.420880e-02,2.192203e-02,3.049625e-02,1.471206e-03,1.440585e-02,2.651162e-01,2.792552e-02,9.874391e-02,1.823463e-02,1.563306e-02,2.814621e-01,1.126638e-02
2.193568e-01,1.539322e-02,1.107752e-02,1.280555e-02,2.228240e-02,5.486648e-02,1.397308e-03,1.234206e-02,2.503511e-01,2.722547e-02,8.723296e-02,1.656375e-02,1.254498e-02,2.453947e-01,1.116564e-02
2.304044e-01,2.285884e-02,1.076164e-02,1.124637e-02,2.244522e-02,9.094368e-02,1.432719e-03,1.783646e-02,2.495855e-01,2.718776e-02,7.951932e-02,1.509787e-02,1.037022e-02,1.982903e-01,1.201972e-02
2.323314e-01,4.990219e-02,9.567873e-03,1.095888e-02,2.838106e-02,1.101511e-01,1.830823e-03,2.701737e-02,2.559511e-01,2.818918e-02,6.385227e-02,1.302376e-02,8.872533e-03,1.450043e-01,1.496628e-02
2.490316e-01,7.703896e-02,8.780560e-03,1.532251e-02,3.167395e-02,1.078816e-01,2.000574e-03,2.746579e-02,2.472848e-01,2.816379e-02,5.359771e-02,1.277210e-02,8.075627e-03,1.068193e-01,2.409107e-02
3.014259e-01,6.496004e-02,9.646111e-03,4.591370e-02,3.643245e-02,8.064300e-02,4.817537e-03,3.436562e-02,2.313958e-01,2.187061e-02,4.353403e-02,1.861609e-02,8.487901e-03,7.771618e-02,2.017507e-02
3.484753e-01,6.281107e-02,1.407016e-02,5.189020e-02,4.125620e-02,6.519896e-02,5.562284e-03,3.292685e-02,2.137575e-01,2.154706e-02,3.635516e-02,2.096578e-02,7.206358e-03,5.901002e-02,1.896711e-02
3.818482e-01,5.852073e-02,1.313047e-02,4.502382e-02,4.641932e-02,6.053482e-02,4.625283e-03,3.513591e-02,2.008738e-01,2.176710e-02,3.959081e-02,2.002317e-02,5.690043e-03,4.927528e-02,1.754119e-02
4.735452e-01,4.534876e-02,2.039482e-02,5.655274e-02,4.024444e-02,4.519025e-02,4.971897e-03,3.189545e-02,1.496628e-01,2.331724e-02,3.063756e-02,2.048837e-02,4.743793e-03,3.615188e-02,1.685471e-02
4.628276e-01,3.301234e-02,1.019852e-01,7.332084e-02,3.553648e-02,3.403623e-02,4.867443e-03,3.814332e-02,1.088021e-01,1.928101e-02,2.425918e-02,1.953002e-02,4.363155e-03,2.670526e-02,1.332981e-02
4.885539e-01,2.517892e-02,1.021905e-01,7.505443e-02,2.905158e-02,2.584683e-02,3.874428e-03,8.298607e-02,7.960153e-02,1.453855e-02,2.079259e-02,1.657197e-02,4.234044e-03,1.965597e-02,1.186866e-02
3.855697e-01,1.801705e-02,8.131671e-02,6.390230e-02,2.370997e-02,1.877244e-02,3.161142e-03,2.827226e-01,5.656710e-02,1.066039e-02,1.677805e-02,1.252913e-02,3.371220e-03,1.405594e-02,8.866290e-03
2.970617e-01,1.279942e-02,5.904507e-02,4.725779e-02,1.814742e-02,1.364864e-02,2.563224e-03,4.619413e-01,3.986356e-02,7.693371e-03,1.223645e-02,8.969191e-03,2.481859e-03,9.897588e-03,6.393458e-03
2.360325e-01,9.357463e-03,4.362001e-02,3.457148e-02,1.768834e-02,9.905879e-03,2.183178e-03,5.837451e-01,2.834580e-02,5.542809e-03,8.982750e-03,6.473029e-03,1.852884e-03,7.016016e-03,4.682827e-03
1.760371e-01,6.673780e-03,3.289187e-02,2.480396e-02,1.423570e-02,7.255973e-03,2.086801e-03,6.913296e-01,1.994358e-02,3.917004e-03,6.441950e-03,4.660530e-03,1.396167e-03,4.955056e-03,3.371015e-03
1.372578e-01,4.820619e-03,2.513285e-02,1.845513e-02,1.110914e-02,5.658970e-03,2.181048e-03,7.632389e-01,1.400663e-02,2.796267e-03,4.728296e-03,3.429402e-03,1.137465e-03,3.553948e-03,2.493613e-03
1.028426e-01,3.437138e-03,1.873878e-02,1.348072e-02,9.764757e-03,4.121435e-03,2.024824e-03,8.226995e-01,9.838860e-03,1.988576e-03,3.392194e-03,2.441281e-03,8.796614e-04,2.542821e-03,1.806854e-03
8.294610e-02,2.486418e-03,1.481424e-02,9.926819e-03,8.056652e-03,3.051467e-03,2.105880e-03,8.600320e-01,6.948139e-03,1.497959e-03,2.461319e-03,1.788738e-03,6.925547e-04,1.845351e-03,1.346377e-03
8.452112e-02,1.850601e-03,1.295289e-02,7.805889e-03,7.130389e-03,2.391165e-03,2.144827e-03,8.686476e-01,4.946516e-03,1.297118e-03,1.822689e-03,1.480823e-03,5.930943e-04,1.358028e-03,1.057302e-03
8.081396e-02,1.427582e-03,1.127796e-02,6.178315e-03,6.168372e-03,1.919293e-03,1.966061e-03,8.805465e-01,3.579274e-03,1.094511e-03,1.359824e-03,1.274840e-03,5.443798e-04,9.888848e-04,8.602408e-04
7.960311e-02,1.169233e-03,1.096245e-02,5.837082e-03,6.302658e-03,1.884417e-03,2.552326e-03,8.834565e-01,2.748401e-03,9.662993e-04,1.085710e-03,1.301322e-03,6.369415e-04,7.425380e-04,7.509865e-04
7.399663e-02,9.165960e-04,8.416899e-03,4.915083e-03,5.710502e-03,2.783047e-03,2.606784e-03,8.937403e-01,2.097889e-03,7.889470e-04,8.368904e-04,1.225475e-03,8.017326e-04,5.374327e-04,6.258102e-04
7.000383e-02,6.671920e-04,6.289269e-03,4.082288e-03,4.671695e-03,3.326909e-03,2.177180e-03,9.033792e-01,1.581265e-03,5.716431e-04,6.205449e-04,9.777320e-04,7.650854e-04,3.835541e-04,5.026183e-04
6.348072e-02,4.851492e-04,4.522750e-03,3.138223e-03,3.892823e-03,3.127917e-03,1.696520e-03,9.155517e-01,1.129881e-03,4.045336e-04,4.569906e-04,7.770329e-04,6.738829e-04,2.728744e-04,3.890237e-04
6.508289e-02,3.695511e-04,3.303794e-03,2.520763e-03,3.585761e-03,3.288944e-03,1.391560e-03,9.170846e-01,8.217181e-04,2.868930e-04,3.470559e-04,7.392275e-04,6.545690e-04,1.978879e-04,3.247014e-04
1.123973e-01,9.120818e-04,3.181441e-03,8.245648e-03,5.803871e-03,1.098618e-02,1.479423e-03,8.187370e-01,3.572390e-03,1.382033e-03,2.470828e-03,1.114998e-02,1.418746e-02,5.220243e-04,4.972374e-03
2.309153e-01,1.102002e-03,2.676509e-03,6.886974e-03,6.924063e-03,1.285763e-02,1.522939e-03,6.903799e-01,3.582071e-03,1.369964e-03,2.362786e-03,1.389176e-02,1.858719e-02,8.066022e-04,6.134255e-03
2.564422e-01,3.843506e-03,2.960186e-03,2.919910e-02,3.238815e-02,4.093407e-02,2.112044e-03,5.474375e-01,4.759829e-03,2.028879e-03,7.686885e-03,3.641992e-02,2.183687e-02,1.426781e-03,1.052412e-02
3.320097e-01,4.732563e-03,2.406801e-03,3.031337e-02,2.535267e-02,3.416580e-02,2.203579e-03,3.861337e-01,1.004792e-02,2.210740e-03,1.318270e-02,9.433940e-02,5.130189e-02,1.488957e-03,1.011021e-02
2.969235e-01,4.525018e-03,1.876898e-03,3.109200e-02,1.870448e-02,2.827337e-02,1.905347e-03,2.711488e-01,2.671690e-02,2.163491e-03,1.820089e-02,2.176374e-01,7.138412e-02,1.235881e-03,8.211763e-03
2.584336e-01,3.588032e-03,1.442362e-03,2.305867e-02,2.062015e-02,2.069709e-02,2.521183e-03,1.904449e-01,1.336973e-01,1.809791e-03,2.372587e-02,2.254403e-01,8.770746e-02,9.075479e-04,5.905704e-03
2.936899e-01,3.833818e-03,1.524854e-03,2.085533e-02,1.599105e-02,1.777128e-02,1.964382e-03,1.344953e-01,1.669890e-01,2.419198e-03,2.146006e-02,2.104162e-01,1.029309e-01,7.900616e-04,4.868591e-03
3.348812e-01,4.486521e-03,1.292144e-03,1.594064e-02,1.342725e-02,1.972132e-02,1.624652e-03,9.440813e-02,1.608322e-01,3.028696e-03,2.306648e-02,2.382450e-01,8.365488e-02,1.007868e-03,4.382996e-03
2.595742e-01,4.910587e-03,9.858009e-04,1.188726e-02,9.675383e-03,1.563721e-02,1.218590e-03,6.628610e-02,1.525446e-01,3.653995e-03,2.979660e-02,3.464943e-01,9.248911e-02,1.172308e-03,3.673917e-03
1.991140e-01,4.859202e-03,7.511238e-04,9.107536e-03,7.240361e-03,1.278867e-02,9.604333e-04,4.671326e-02,1.939846e-01,4.209571e-03,3.449601e-02,3.661486e-01,1.155207e-01,1.128712e-03,2.977261e-03
1.792453e-01,5.795826e-03,1.366913e-03,9.392288e-03,5.831438e-03,1.372110e-02,9.157742e-04,3.563845e-02,1.750685e-01,4.261735e-03,3.286696e-02,4.277485e-01,1.044787e-01,1.193142e-03,2.475242e-03
1.934082e-01,5.412636e-03,1.111017e-03,8.123137e-03,4.559414e-03,1.299737e-02,7.915618e-04,2.521288e-02,1.558894e-01,4.911011e-03,3.126873e-02,4.665082e-01,8.633954e-02,1.173437e-03,2.293475e-03
