1.000000e+00,0.000000e+00,0.000000e+00,0.000000e+00,0.000000e+00,0.000000e+00,0.000000e+00,0.000000e+00,0.000000e+00,0.000000e+00,0.000000e+00,0.000000e+00,0.000000e+00,0.000000e+00,0.000000e+00
1.000000e+00,0.000000e+00,0.000000e+00,0.000000e+00,0.000000e+00,0.000000e+00,0.000000e+00,0.000000e+00,0.000000e+00,0.000000e+00,0.000000e+00,0.000000e+00,0.000000e+00,0.000000e+00,0.000000e+00
1.000000e+00,0.000000e+00,0.000000e+00,0.000000e+00,0.000000e+00,0.000000e+00,0.000000e+00,0.000000e+00,0.000000e+00,0.000000e+00,0.000000e+00,0.000000e+00,0.000000e+00,0.000000e+00,0.000000e+00
1.000000e+00,0.000000e+00,0.000000e+00,0.000000e+00,0.000000e+00,0.000000e+00,0.000000e+00,0.000000e+00,0.000000e+00,0.000000e+00,0.000000e+00,0.000000e+00,0.000000e+00,0.000000e+00,0.000000e+00
1.000000e+00,0.000000e+00,0.000000e+00,0.000000e+00,0.000000e+00,0.000000e+00,0.000000e+00,0.000000e+00,0.000000e+00,0.000000e+00,0.000000e+00,0.000000e+00,0.000000e+00,0.000000e+00,0.000000e+00
1.000000e+00,0.000000e+00,0.000000e+00,0.000000e+00,0.000000e+00,0.000000e+00,0.000000e+00,0.000000e+00,0.000000e+00,0.000000e+00,0.000000e+00,0.000000e+00,0.000000e+00,0.000000e+00,0.000000e+00
1.000000e+00,0.000000e+00,0.000000e+00,0.000000e+00,0.000000e+00,0.000000e+00,0.000000e+00,0.000000e+00,0.000000e+00,0.000000e+00,0.000000e+00,0.000000e+00,0.000000e+00,0.000000e+00,0.000000e+00
1.000000e+00,0.000000e+00,0.000000e+00,0.000000e+00,0.000000e+00,0.000000e+00,0.000000e+00,0.000000e+00,0.000000e+00,0.000000e+00,0.000000e+00,0.000000e+00,0.000000e+00,0.000000e+00,0.000000e+00
1.000000e+00,0.000000e+00,0.000000e+00,0.000000e+00,0.000000e+00,0.000000e+00,0.000000e+00,0.000000e+00,0.000000e+00,0.000000e+00,0.000000e+00,0.000000e+00,0.000000e+00,0.000000e+00,0.000000e+00
1.000000e+00,0.000000e+00,0.000000e+00,0.000000e+00,0.000000e+00,0.000000e+00,0.000000e+00,0.000000e+00,0.000000e+00,0.000000e+00,0.000000e+00,0.000000e+00,0.000000e+00,0.000000e+00,0.000000e+00
1.000000e+00,0.000000e+00,0.000000e+00,0.000000e+00,0.000000e+00,0.000000e+00,0.000000e+00,0.000000e+00,0.000000e+00,0.000000e+00,0.000000e+00,0.000000e+00,0.000000e+00,0.000000e+00,0.000000e+00
1.000000e+00,0.000000e+00,0.000000e+00,0.000000e+00,0.000000e+00,0.000000e+00,0.000000e+00,0.000000e+00,0.000000e+00,0.000000e+00,0.000000e+00,0.000000e+00,0.000000e+00,0.000000e+00,0.000000e+00
1.000000e+00,0.000000e+00,0.000000e+00,0.000000e+00,0.000000e+00,0.000000e+00,0.000000e+00,0.000000e+00,0.000000e+00,0.000000e+00,0.000000e+00,0.000000e+00,0.000000e+00,0.000000e+00,0.000000e+00
1.000000e+00,0.000000e+00,0.000000e+00,0.000000e+00,0.000000e+00,0.000000e+00,0.000000e+00,0.000000e+00,0.000000e+00,0.000000e+00,0.000000e+00,0.000000e+00,0.000000e+00,0.000000e+00,0.000000e+00
1.000000e+00,0.000000e+00,0.000000e+00,0.000000e+00,0.000000e+00,0.000000e+00,0.000000e+00,0.000000e+00,0.000000e+00,0.000000e+00,0.000000e+00,0.000000e+00,0.000000e+00,0.000000e+00,0.000000e+00
1.000000e+00,0.000000e+00,0.000000e+00,0.000000e+00,0.000000e+00,0.000000e+00,0.000000e+00,0.000000e+00,0.000000e+00,0.000000e+00,0.000000e+00,0.000000e+00,0.000000e+00,0.000000e+00,0.000000e+00
1.000000e+00,0.000000e+00,0.000000e+00,0.000000e+00,0.000000e+00,0.000000e+00,0.000000e+00,0.000000e+00,0.000000e+00,0.000000e+00,0.000000e+00,0.000000e+00,0.000000e+00,0.000000e+00,0.000000e+00
1.000000e+00,0.000000e+00,0.000000e+00,0.000000e+00,0.000000e+00,0.000000e+00,0.000000e+00,0.000000e+00,0.000000e+00,0.000000e+00,0.000000e+00,0.000000e+00,0.000000e+00,0.000000e+00,0.000000e+00
1.000000e+00,0.000000e+00,0.000000e+00,0.000000e+00,0.000000e+00,0.000000e+00,0.000000e+00,0.000000e+00,0.000000e+00,0.000000e+00,0.000000e+00,0.000000e+00,0.000000e+00,0.000000e+00,0.000000e+00
1.000000e+00,0.000000e+00,0.000000e+00,0.000000e+00,0.000000e+00,0.000000e+00,0.000000e+00,0.000000e+00,0.000000e+00,0.000000e+00,0.000000e+00,0.000000e+00,0.000000e+00,0.000000e+00,0.000000e+00
1.000000e+00,0.000000e+00,0.000000e+00,0.000000e+00,0.000000e+00,0.000000e+00,0.000000e+00,0.000000e+00,0.000000e+00,0.000000e+00,0.000000e+00,0.000000e+00,0.000000e+00,0.000000e+00,0.000000e+00
1.000000e+00,0.000000e+00,0.000000e+00,0.000000e+00,0.000000e+00,0.000000e+00,0.000000e+00,0.000000e+00,0.000000e+00,0.000000e+00,0.000000e+00,0.000000e+00,0.000000e+00,0.000000e+00,0.000000e+00
1.000000e+00,0.000000e+00,0.000000e+00,0.000000e+00,0.000000e+00,0.000000e+00,0.000000e+00,0.000000e+00,0.000000e+00,0.000000e+00,0.000000e+00,0.000000e+00,0.000000e+00,0.000000e+00,0.000000e+00
1.000000e+00,0.000000e+00,0.000000e+00,0.000000e+00,0.000000e+00,0.000000e+00,0.000000e+00,0.000000e+00,0.000000e+00,0.000000e+00,0.000000e+00,0.000000e+00,0.000000e+00,0.000000e+00,0.000000e+00
1.000000e+00,0.000000e+00,0.000000e+00,0.000000e+00,0.000000e+00,0.000000e+00,0.000000e+00,0.000000e+00,0.000000e+00,0.000000e+00,0.000000e+00,0.000000e+00,0.000000e+00,0.000000e+00,0.000000e+00
1.000000e+00,0.000000e+00,0.000000e+00,0.000000e+00,0.000000e+00,0.000000e+00,0.000000e+00,0.000000e+00,0.000000e+00,0.000000e+00,0.000000e+00,0.000000e+00,0.000000e+00,0.000000e+00,0.000000e+00
1.000000e+00,0.000000e+00,0.000000e+00,0.000000e+00,0.000000e+00,0.000000e+00,0.000000e+00,0.000000e+00,0.000000e+00,0.000000e+00,0.000000e+00,0.000000e+00,0.000000e+00,0.000000e+00,0.000000e+00
1.000000e+00,0.000000e+00,0.000000e+00,0.000000e+00,0.000000e+00,0.000000e+00,0.000000e+00,0.000000e+00,0.000000e+00,0.000000e+00,0.000000e+00,0.000000e+00,0.000000e+00,0.000000e+00,0.000000e+00
1.000000e+00,0.000000e+00,0.000000e+00,0.000000e+00,0.000000e+00,0.000000e+00,0.000000e+00,0.000000e+00,0.000000e+00,0.000000e+00,0.000000e+00,0.000000e+00,0.000000e+00,0.000000e+00,0.000000e+00
1.000000e+00,0.000000e+00,0.000000e+00,0.000000e+00,0.000000e+00,0.000000e+00,0.000000e+00,0.000000e+00,0.000000e+00,0.000000e+00,0.000000e+00,0.000000e+00,0.000000e+00,0.000000e+00,0.000000e+00
1.000000e+00,0.000000e+00,0.000000e+00,0.000000e+00,0.000000e+00,0.000000e+00,0.000000e+00,0.000000e+00,0.000000e+00,0.000000e+00,0.000000e+00,0.000000e+00,0.000000e+00,0.000000e+00,0.000000e+00
1.000000e+00,0.000000e+00,0.000000e+00,0.000000e+00,0.000000e+00,0.000000e+00,0.000000e+00,0.000000e+00,0.000000e+00,0.000000e+00,0.000000e+00,0.000000e+00,0.000000e+00,0.000000e+00,0.000000e+00
1.000000e+00,0.000000e+00,0.000000e+00,0.000000e+00,0.000000e+00,0.000000e+00,0.000000e+00,0.000000e+00,0.000000e+00,0.000000e+00,0.000000e+00,0.000000e+00,0.000000e+00,0.000000e+00,0.000000e+00
1.000000e+00,0.000000e+00,0.000000e+00,0.000000e+00,0.000000e+00,0.000000e+00,0.000000e+00,0.000000e+00,0.000000e+00,0.000000e+00,0.000000e+00,0.000000e+00,0.000000e+00,0.000000e+00,0.000000e+00
1.000000e+00,0.000000e+00,0.000000e+00,0.000000e+00,0.000000e+00,0.000000e+00,0.000000e+00,0.000000e+00,0.000000e+00,0.000000e+00,0.000000e+00,0.000000e+00,0.000000e+00,0.000000e+00,0.000000e+00
1.000000e+00,0.000000e+00,0.000000e+00,0.000000e+00,0.000000e+00,0.000000e+00,0.000000e+00,0.000000e+00,0.000000e+00,0.000000e+00,0.000000e+00,0.000000e+00,0.000000e+00,0.000000e+00,0.000000e+00
1.000000e+00,0.000000e+00,0.000000e+00,0.000000e+00,0.000000e+00,0.000000e+00,0.000000e+00,0.000000e+00,0.000000e+00,0.000000e+00,0.000000e+00,0.000000e+00,0.000000e+00,0.000000e+00,0.000000e+00
1.000000e+00,0.000000e+00,0.000000e+00,0.000000e+00,0.000000e+00,0.000000e+00,0.000000e+00,0.000000e+00,0.000000e+00,0.000000e+00,0.000000e+00,0.000000e+00,0.000000e+00,0.000000e+00,0.000000e+00
1.000000e+00,0.000000e+00,0.000000e+00,0.000000e+00,0.000000e+00,0.000000e+00,0.000000e+00,0.000000e+00,0.000000e+00,0.000000e+00,0.000000e+00,0.000000e+00,0.000000e+00,0.000000e+00,0.000000e+00
1.000000e+00,0.000000e+00,0.000000e+00,0.000000e+00,0.000000e+00,0.000000e+00,0.000000e+00,0.000000e+00,0.000000e+00,0.000000e+00,0.000000e+00,0.000000e+00,0.000000e+00,0.000000e+00,0.000000e+00
1.000000e+00,0.000000e+00,0.000000e+00,0.000000e+00,0.000000e+00,0.000000e+00,0.000000e+00,0.000000e+00,0.000000e+00,0.000000e+00,0.000000e+00,0.000000e+00,0.000000e+00,0.000000e+00,0.000000e+00
1.000000e+00,0.000000e+00,0.000000e+00,0.000000e+00,0.000000e+00,0.000000e+00,0.000000e+00,0.000000e+00,0.000000e+00,0.000000e+00,0.000000e+00,0.000000e+00,0.000000e+00,0.000000e+00,0.000000e+00
1.000000e+00,0.000000e+00,0.000000e+00,0.000000e+00,0.000000e+00,0.000000e+00,0.000000e+00,0.000000e+00,0.000000e+00,0.000000e+00,0.000000e+00,0.000000e+00,0.000000e+00,0.000000e+00,0.000000e+00
1.000000e+00,0.000000e+00,0.000000e+00,0.000000e+00,0.000000e+00,0.000000e+00,0.000000e+00,0.000000e+00,0.000000e+00,0.000000e+00,0.000000e+00,0.000000e+00,0.000000e+00,0.000000e+00,0.000000e+00
1.000000e+00,0.000000e+00,0.000000e+00,0.000000e+00,0.000000e+00,0.000000e+00,0.000000e+00,0.000000e+00,0.000000e+00,0.000000e+00,0.000000e+00,0.000000e+00,0.000000e+00,0.000000e+00,0.000000e+00
1.000000e+00,0.000000e+00,0.000000e+00,0.000000e+00,0.000000e+00,0.000000e+00,0.000000e+00,0.000000e+00,0.000000e+00,0.000000e+00,0.000000e+00,0.000000e+00,0.000000e+00,0.000000e+00,0.000000e+00
1.000000e+00,0.000000e+00,0.000000e+00,0.000000e+00,0.000000e+00,0.000000e+00,0.000000e+00,0.000000e+00,0.000000e+00,0.000000e+00,0.000000e+00,0.000000e+00,0.000000e+00,0.000000e+00,0.000000e+00
1.000000e+00,0.000000e+00,0.000000e+00,0.000000e+00,0.000000e+00,0.000000e+00,0.000000e+00,0.000000e+00,0.000000e+00,0.000000e+00,0.000000e+00,0.000000e+00,0.000000e+00,0.000000e+00,0.000000e+00
1.000000e+00,0.000000e+00,0.000000e+00,0.000000e+00,0.000000e+00,0.000000e+00,0.000000e+00,0.000000e+00,0.000000e+00,0.000000e+00,0.000000e+00,0.000000e+00,0.000000e+00,0.000000e+00,0.000000e+00
1.000000e+00,0.000000e+00,0.000000e+00,0.000000e+00,0.000000e+00,0.000000e+00,0.000000e+00,0.000000e+00,0.000000e+00,0.000000e+00,0.000000e+00,0.000000e+00,0.000000e+00,0.000000e+00,0.000000e+00
1.000000e+00,0.000000e+00,0.000000e+00,0.000000e+00,0.000000e+00,0.000000e+00,0.000000e+00,0.000000e+00,0.000000e+00,0.000000e+00,0.000000e+00,0.000000e+00,0.000000e+00,0.000000e+00,0.000000e+00
1.000000e+00,0.000000e+00,0.000000e+00,0.000000e+00,0.000000e+00,0.000000e+00,0.000000e+00,0.000000e+00,0.000000e+00,0.000000e+00,0.000000e+00,0.000000e+00,0.000000e+00,0.000000e+00,0.000000e+00
1.000000e+00,0.000000e+00,0.000000e+00,0.000000e+00,0.000000e+00,0.000000e+00,0.000000e+00,0.000000e+00,0.000000e+00,0.000000e+00,0.000000e+00,0.000000e+00,0.000000e+00,0.000000e+00,0.000000e+00
1.000000e+00,0.000000e+00,0.000000e+00,0.000000e+00,0.000000e+00,0.000000e+00,0.000000e+00,0.000000e+00,0.000000e+00,0.000000e+00,0.000000e+00,0.000000e+00,0.000000e+00,0.000000e+00,0.000000e+00
4.486183e-01,6.400620e-03,1.963050e-02,2.079354e-02,4.038228e-03,1.207343e-02,6.370991e-03,4.429879e-01,1.852568e-03,7.436750e-04,5.494904e-03,1.369146e-02,1.042205e-02,1.253365e-03,5.628529e-03
3.935679e-01,4.968019e-03,1.515916e-02,1.552164e-02,4.672355e-03,1.001994e-02,5.845856e-03,5.165541e-01,1.511713e-03,7.538659e-04,4.279369e-03,1.179004e-02,9.565653e-03,1.099035e-03,4.691358e-03
3.490041e-01,3.791870e-03,1.147574e-02,1.147697e-02,6.203617e-03,8.345083e-03,5.108680e-03,5.756371e-01,1.259792e-03,7.643224e-04,3.410189e-03,1.019276e-02,8.756689e-03,8.911203e-04,3.681994e-03
2.719935e-01,2.842015e-03,8.555383e-03,8.375986e-03,7.076230e-03,6.485550e-03,4.692034e-03,6.664351e-01,9.585661e-04,6.433099e-04,2.592660e-03,8.106242e-03,7.785564e-03,6.833416e-04,2.774610e-03
2.126832e-01,2.107872e-03,6.404026e-03,6.212305e-03,6.639523e-03,5.057252e-03,4.094624e-03,7.376977e-01,7.213551e-04,5.112821e-04,1.954390e-03,6.450283e-03,6.830029e-03,5.242070e-04,2.111997e-03
1.672902e-01,1.538153e-03,4.725392e-03,4.531913e-03,5.874939e-03,4.070542e-03,3.411151e-03,7.936326e-01,5.416218e-04,4.026356e-04,1.465483e-03,5.142591e-03,5.431017e-03,3.870032e-04,1.554815e-03
1.266148e-01,1.098414e-03,3.440300e-03,3.255193e-03,5.097162e-03,3.062028e-03,3.064247e-03,8.433129e-01,3.901516e-04,3.037737e-04,1.071106e-03,3.785561e-03,4.098565e-03,2.796529e-04,1.126214e-03
9.490143e-02,7.890036e-04,2.525096e-03,2.351172e-03,4.458890e-03,2.320296e-03,2.826612e-03,8.815179e-01,2.823327e-04,2.395739e-04,8.039188e-04,2.803846e-03,3.145505e-03,2.038186e-04,8.305868e-04
6.892814e-02,5.642198e-04,1.839392e-03,1.756424e-03,3.760171e-03,1.718619e-03,2.161459e-03,9.131280e-01,2.038790e-04,1.736507e-04,5.970293e-04,2.022392e-03,2.395037e-03,1.507239e-04,6.007993e-04
5.017409e-02,4.054605e-04,1.356902e-03,1.289737e-03,3.266071e-03,1.278110e-03,1.740883e-03,9.359829e-01,1.473064e-04,1.288206e-04,4.394458e-04,1.451426e-03,1.793160e-03,1.090182e-04,4.365511e-04
4.012795e-02,2.982908e-04,1.005978e-03,9.406732e-04,2.627692e-03,1.443986e-03,1.666633e-03,9.472656e-01,1.388724e-04,1.194490e-04,3.946858e-04,1.340317e-03,2.194634e-03,8.415311e-05,3.510350e-04
3.846238e-02,2.670015e-04,8.255281e-04,7.195401e-04,2.763508e-03,5.582213e-03,1.660524e-03,8.372919e-01,8.264343e-04,2.414989e-04,1.327819e-03,2.272788e-03,1.070589e-01,1.335614e-04,5.663451e-04
4.107288e-02,3.328734e-04,6.657323e-04,6.743201e-04,2.677297e-03,4.752747e-03,1.310398e-03,7.212931e-01,3.134357e-03,1.066766e-03,1.158034e-02,4.717196e-03,2.040891e-01,4.012238e-04,2.231604e-03
3.057571e-02,3.807258e-04,5.090694e-04,5.741353e-04,2.008294e-03,4.055136e-03,1.042893e-03,5.484842e-01,2.872126e-03,8.772021e-04,9.388406e-03,6.349719e-03,3.889388e-01,4.349764e-04,3.508548e-03
2.449027e-02,2.979103e-04,3.781311e-04,4.933805e-04,1.571850e-03,3.411624e-03,9.900003e-04,4.083114e-01,2.248772e-03,7.099757e-04,9.074986e-03,2.713543e-02,5.168851e-01,8.361812e-04,3.164962e-03
2.648026e-02,2.560127e-04,3.009673e-04,5.911203e-04,1.425115e-03,6.067486e-03,1.326753e-03,2.970650e-01,3.848987e-03,5.325149e-04,1.219238e-02,1.246023e-01,5.219906e-01,9.275685e-04,2.392931e-03
2.134178e-02,2.162852e-04,2.238415e-04,4.732318e-04,1.274374e-03,4.587814e-03,9.552879e-04,2.082968e-01,5.485856e-03,4.704222e-04,1.668428e-02,1.600933e-01,5.772773e-01,7.336525e-04,1.885699e-03
1.612109e-02,2.060994e-04,2.006108e-04,3.770022e-04,3.885392e-03,3.259516e-03,6.871112e-04,1.463587e-01,8.128587e-03,3.933517e-04,1.619871e-02,1.577725e-01,6.444641e-01,5.593167e-04,1.387908e-03
1.240047e-02,5.189104e-04,3.925676e-04,3.308298e-04,4.113734e-03,2.599316e-03,5.311143e-04,1.076092e-01,6.910540e-02,9.083078e-04,1.988957e-02,1.816387e-01,5.985124e-01,4.218899e-04,1.027621e-03
8.859076e-03,1.188389e-03,4.381532e-04,2.901091e-04,6.653980e-03,1.962615e-03,3.909915e-04,7.953727e-02,2.426561e-01,8.044252e-04,1.793627e-02,1.584875e-01,4.797590e-01,3.005438e-04,7.356056e-04
6.427026e-03,2.254094e-03,1.089820e-03,6.039438e-04,1.743783e-02,1.839231e-03,4.546369e-04,7.227226e-02,3.801864e-01,7.385320e-04,1.815809e-02,1.219999e-01,3.757594e-01,2.171306e-04,5.618724e-04
5.347702e-03,1.108885e-02,1.361876e-02,1.358875e-02,1.730486e-02,8.567385e-03,5.076361e-04,5.622630e-02,4.705568e-01,1.384197e-03,1.730694e-02,8.964873e-02,2.926675e-01,2.194019e-04,1.966245e-03
5.266141e-03,1.648182e-02,1.529931e-02,1.223915e-02,1.937054e-02,1.304036e-02,4.280001e-04,4.390933e-02,5.475230e-01,1.751330e-03,2.248186e-02,6.711417e-02,2.295743e-01,1.890407e-04,5.331653e-03
6.563663e-03,1.799255e-02,1.267175e-02,9.272233e-03,2.233325e-02,1.414649e-02,4.953224e-04,3.152007e-02,6.497442e-01,1.312054e-03,1.712353e-02,4.839372e-02,1.639891e-01,1.437870e-04,4.298371e-03
6.359804e-03,2.102173e-02,1.029257e-02,9.851980e-03,2.290301e-02,1.315429e-02,6.555774e-04,2.253053e-02,7.245840e-01,1.115104e-03,1.273797e-02,3.487594e-02,1.164800e-01,1.155993e-04,3.321907e-03
6.328978e-03,2.343097e-02,7.723396e-03,1.080139e-02,2.871638e-02,1.087733e-02,6.776747e-04,1.592747e-02,7.753009e-01,9.121794e-04,9.431316e-03,2.485278e-02,8.233240e-02,8.675005e-05,2.600122e-03
1.213033e-02,2.276317e-02,9.680213e-03,1.353237e-01,3.248367e-02,8.440910e-03,7.110290e-04,1.372434e-02,6.735510e-01,2.823551e-03,7.643231e-03,1.778598e-02,5.828113e-02,9.890022e-05,4.558872e-03
1.375182e-02,2.411636e-02,1.060451e-02,2.092809e-01,2.997427e-02,6.525345e-03,6.061168e-04,1.134000e-02,6.157148e-01,7.702249e-03,8.994106e-03,1.347551e-02,4.247398e-02,1.147792e-04,5.325290e-03
3.370326e-02,3.265534e-02,1.318641e-02,1.670805e-01,5.987794e-02,7.255845e-03,2.231632e-03,1.150036e-02,6.028390e-01,8.105068e-03,1.185180e-02,1.095223e-02,3.248793e-02,1.394178e-04,6.133314e-03
4.891631e-02,3.792270e-02,1.736082e-02,1.285105e-01,9.030773e-02,8.311562e-03,7.151315e-03,8.660370e-03,5.629907e-01,1.769914e-02,2.150832e-02,9.232069e-03,2.656382e-02,2.419234e-04,1.462281e-02
4.051160e-02,5.687618e-02,2.704016e-02,2.076178e-01,8.175147e-02,6.801286e-03,6.878327e-03,6.864333e-03,4.629833e-01,1.797038e-02,1.894470e-02,7.058369e-03,2.041279e-02,2.450820e-04,3.804412e-02
4.671691e-02,4.846125e-02,5.330036e-02,1.969526e-01,1.063683e-01,7.809696e-03,1.011686e-02,2.022882e-02,4.328489e-01,1.437868e-02,1.414441e-02,5.218153e-03,1.504107e-02,2.468974e-04,2.816700e-02
5.338942e-02,3.822964e-02,1.238368e-01,2.217631e-01,1.040078e-01,6.717198e-03,8.826079e-03,3.069952e-02,3.533076e-01,1.217209e-02,1.042626e-02,3.847026e-03,1.104979e-02,2.085818e-04,2.151902e-02
5.724969e-02,2.861343e-02,2.035100e-01,2.777385e-01,8.034068e-02,5.652977e-03,6.470927e-03,3.742394e-02,2.528342e-01,1.045592e-02,9.227049e-03,3.446763e-03,9.531062e-03,2.463779e-04,1.725843e-02
5.233791e-02,2.103417e-02,2.144179e-01,2.646793e-01,6.846353e-02,4.668645e-03,4.837180e-03,1.401759e-01,1.875928e-01,8.889130e-03,8.292133e-03,2.773848e-03,8.223758e-03,2.727178e-04,1.334104e-02
4.183182e-02,1.517632e-02,1.563869e-01,2.063919e-01,5.451720e-02,3.466286e-03,3.534078e-03,3.555876e-01,1.323889e-01,6.378279e-03,6.729646e-03,2.017099e-03,5.942898e-03,2.067259e-04,9.444420e-03
3.444590e-02,1.089820e-02,1.144572e-01,1.506077e-01,4.316639e-02,2.717969e-03,2.560397e-03,5.244173e-01,9.299340e-02,4.629262e-03,6.307665e-03,1.495522e-03,4.415095e-03,1.591727e-04,6.728849e-03
3.381055e-02,8.206062e-03,8.398998e-02,1.123499e-01,3.682636e-02,2.181751e-03,1.951578e-03,6.364908e-01,6.567126e-02,3.423040e-03,5.542643e-03,1.168899e-03,3.321854e-03,1.356348e-04,4.929693e-03
5.491723e-02,7.548033e-03,6.911951e-02,9.339213e-02,3.346117e-02,2.887072e-03,1.577901e-03,6.705562e-01,4.731124e-02,2.867594e-03,5.704240e-03,1.576346e-03,2.997571e-03,3.632362e-04,5.720562e-03
6.733777e-02,6.197328e-03,5.124206e-02,8.178517e-02,2.517251e-02,3.671342e-03,1.226564e-03,6.919467e-01,3.668876e-02,3.096031e-03,1.282383e-02,4.355085e-03,6.732388e-03,9.765909e-04,6.747819e-03
6.758647e-02,5.037388e-03,3.863064e-02,1.118431e-01,1.868021e-02,4.870404e-03,1.109632e-03,5.418962e-01,2.906094e-02,3.008997e-03,2.391372e-02,9.809063e-02,4.730325e-02,2.447045e-03,6.521402e-03
7.878582e-02,3.822379e-03,2.972944e-02,8.153933e-02,1.329441e-02,6.728365e-03,1.662826e-03,3.890358e-01,2.217457e-02,2.591814e-03,1.869692e-02,3.015296e-01,4.097706e-02,3.701160e-03,5.730531e-03
9.100533e-02,2.936257e-03,2.186505e-02,5.790953e-02,9.420766e-03,5.750842e-03,1.292199e-03,2.763919e-01,1.726140e-02,2.240832e-03,1.584673e-02,4.426027e-01,4.755562e-02,3.727132e-03,4.193720e-03
1.084075e-01,2.481267e-03,1.574419e-02,4.076298e-02,7.077117e-03,5.212359e-03,1.081425e-03,1.946447e-01,1.493311e-02,1.763552e-03,1.354068e-02,5.499113e-01,3.856900e-02,2.853989e-03,3.016830e-03
1.196040e-01,1.986059e-03,1.126272e-02,2.866424e-02,5.507272e-03,6.202131e-03,9.191048e-04,1.371941e-01,1.314187e-02,1.463043e-03,1.365723e-02,6.240849e-01,3.189716e-02,2.219778e-03,2.196467e-03
1.171618e-01,1.689342e-03,7.965385e-03,2.020198e-02,5.336215e-03,6.854275e-03,7.218292e-04,9.631930e-02,1.378512e-02,1.972608e-03,1.892518e-02,6.802437e-01,2.542070e-02,1.768684e-03,1.633879e-03
8.304226e-02,1.442447e-03,5.690348e-03,1.417409e-02,7.616191e-03,4.972287e-03,5.466412e-04,6.763770e-02,1.395193e-02,2.122215e-03,1.751577e-02,7.591817e-01,1.949483e-02,1.456077e-03,1.155513e-03
5.988887e-02,1.169166e-03,4.084018e-03,1.003561e-02,1.568326e-02,3.953827e-03,4.415906e-04,4.813417e-02,1.667599e-02,2.717224e-03,1.561604e-02,8.037851e-01,1.578541e-02,1.211083e-03,8.187344e-04
4.328844e-02,1.390523e-03,2.953109e-03,7.149606e-03,3.451523e-02,3.916215e-03,6.106663e-04,3.463899e-02,4.715566e-02,2.567521e-03,1.398849e-02,7.944022e-01,1.193235e-02,9.123575e-04,5.787155e-04
3.232132e-02,1.127089e-03,2.152618e-03,5.210293e-03,5.311049e-02,4.005172e-03,5.475809e-04,2.521831e-02,4.501699e-02,2.528982e-03,2.634638e-02,7.918458e-01,9.425119e-03,7.284280e-04,4.155184e-04
2.320642e-02,9.966230e-04,1.596159e-03,3.675089e-03,5.260090e-02,3.015239e-03,4.402957e-04,1.774408e-02,3.826534e-02,2.390626e-03,3.474560e-02,8.133469e-01,7.072654e-03,6.012016e-04,3.029637e-04
1.643728e-02,7.583962e-04,1.166906e-03,2.595257e-03,5.577979e-02,2.445670e-03,5.734071e-04,1.301626e-02,3.523445e-02,1.761334e-03,2.503154e-02,8.387349e-01,5.809232e-03,4.421708e-04,2.134419e-04
1.235066e-02,6.522589e-04,9.376376e-04,1.859211e-03,1.174906e-01,3.523961e-03,1.295256e-03,1.197306e-02,5.624893e-02,1.445182e-03,1.945349e-02,7.658718e-01,6.387726e-03,3.566584e-04,1.536530e-04
1.168804e-02,1.212673e-03,1.221636e-03,1.607593e-03,1.198976e-01,5.032558e-03,1.663753e-03,1.332351e-02,6.988081e-02,1.902322e-03,1.765694e-02,7.487768e-01,5.643145e-03,3.681621e-04,1.244425e-04
1.314726e-02,1.288461e-03,1.212341e-03,1.309470e-03,1.514505e-01,4.742919e-03,2.158214e-03,1.317870e-02,7.377870e-02,2.219900e-03,1.462908e-02,7.151392e-01,5.305955e-03,3.353393e-04,1.039526e-04
1.814136e-02,1.915390e-03,3.410141e-03,4.210718e-03,2.036639e-01,6.228670e-03,2.349136e-03,3.684109e-02,1.062060e-01,2.605082e-03,1.299250e-02,5.957626e-01,5.242742e-03,3.290286e-04,1.015774e-04
1.946550e-02,2.115652e-03,3.867751e-03,3.729898e-03,2.874140e-01,7.698074e-03,3.342252e-03,4.077171e-02,1.509357e-01,2.742736e-03,1.053063e-02,4.602393e-01,6.631562e-03,4.178666e-04,9.735350e-05
1.997445e-02,2.416552e-03,7.285810e-03,4.270898e-03,3.242238e-01,7.865745e-03,3.319975e-03,6.074372e-02,1.838033e-01,2.632326e-03,9.401250e-03,3.647143e-01,8.757528e-03,4.965269e-04,9.381220e-05
1.895642e-02,2.550389e-03,6.795803e-03,3.739911e-03,3.370185e-01,7.174350e-03,4.097833e-03,5.686185e-02,2.340875e-01,2.733029e-03,8.804575e-03,3.078270e-01,8.696975e-03,5.445757e-04,1.112827e-04
1.781372e-02,2.492621e-03,7.534168e-03,6.797361e-03,3.695867e-01,6.206406e-03,3.913917e-03,1.084563e-01,2.183550e-01,2.295710e-03,7.131880e-03,2.389485e-01,9.876571e-03,4.631492e-04,1.279904e-04
1.803885e-02,2.249654e-03,2.334001e-02,4.159154e-02,3.198239e-01,5.027012e-03,3.195435e-03,1.813111e-01,2.067474e-01,2.214523e-03,6.492808e-03,1.783262e-01,1.096319e-02,4.741679e-04,2.042023e-04
2.129160e-02,2.118621e-03,2.079969e-02,4.671354e-02,3.332169e-01,5.356224e-03,3.058536e-03,2.012751e-01,2.135189e-01,1.945296e-03,6.167488e-03,1.335385e-01,1.017152e-02,5.569035e-04,2.711494e-04
2.027893e-02,2.627574e-03,1.696296e-02,3.881838e-02,3.353980e-01,5.642062e-03,3.366070e-03,1.891968e-01,2.763488e-01,1.538424e-03,4.932010e-03,9.563398e-02,8.306645e-03,6.135209e-04,3.358468e-04
2.450337e-02,5.129878e-03,1.657880e-02,3.111134e-02,3.112592e-01,8.878491e-03,7.985060e-03,2.218551e-01,2.827898e-01,1.428582e-03,4.728375e-03,6.968077e-02,1.217204e-02,6.584991e-04,1.240697e-03
2.465935e-02,4.716549e-03,1.238405e-02,2.384258e-02,2.892698e-01,1.356174e-02,8.716133e-03,1.769238e-01,3.750751e-01,1.134354e-03,4.218165e-03,5.251762e-02,1.096212e-02,5.371104e-04,1.481503e-03
2.947104e-02,3.592842e-03,8.840014e-03,1.775152e-02,2.550380e-01,1.002565e-02,6.885587e-03,3.138877e-01,3.024467e-01,8.115700e-04,3.457281e-03,3.798883e-02,8.312392e-03,3.963309e-04,1.094539e-03
3.281750e-02,2.627639e-03,6.261888e-03,1.271080e-02,1.914118e-01,7.577138e-03,5.085438e-03,4.903672e-01,2.140129e-01,5.736384e-04,2.604577e-03,2.686298e-02,6.017247e-03,2.826682e-04,7.865891e-04
3.674404e-02,1.946715e-03,4.440286e-03,9.085587e-03,1.401489e-01,5.769838e-03,3.770156e-03,6.214696e-01,1.502440e-01,4.059724e-04,1.880228e-03,1.895875e-02,4.353191e-03,2.052965e-04,5.775283e-04
3.200942e-02,1.428196e-03,3.177334e-03,6.473450e-03,1.013685e-01,4.473528e-03,2.712998e-03,7.244667e-01,1.052796e-01,2.910196e-04,1.345709e-03,1.331510e-02,3.085025e-03,1.545261e-04,4.188466e-04
2.437071e-02,1.013119e-03,2.243637e-03,4.569396e-03,7.240394e-02,3.257404e-03,1.914867e-03,8.033921e-01,7.375361e-02,2.099926e-04,9.553902e-04,9.339771e-03,2.169685e-03,1.105737e-04,2.958706e-04
1.983492e-02,7.253476e-04,1.580134e-03,3.241566e-03,5.328234e-02,2.451621e-03,1.366987e-03,8.562819e-01,5.195320e-02,1.545740e-04,6.909285e-04,6.599382e-03,1.547070e-03,7.846895e-05,2.115153e-04
2.088872e-02,5.638929e-04,1.131926e-03,2.522600e-03,3.822189e-02,2.039209e-03,1.005701e-03,8.890682e-01,3.732007e-02,1.175801e-04,6.421986e-04,4.979726e-03,1.266372e-03,6.485336e-05,1.670598e-04
2.615937e-02,4.672346e-04,8.409549e-04,2.084728e-03,2.840438e-02,1.766866e-03,8.132212e-04,9.068406e-01,2.696913e-02,8.808901e-05,5.600826e-04,3.787045e-03,1.021084e-03,5.537596e-05,1.419628e-04
3.590296e-02,4.267180e-04,6.378046e-04,1.736456e-03,2.094244e-02,1.663078e-03,6.665511e-04,9.130318e-01,1.964692e-02,7.641680e-05,5.622320e-04,3.545400e-03,9.526114e-04,6.496384e-05,1.436953e-04
4.838016e-02,4.984424e-04,5.561045e-04,1.453204e-03,1.648229e-02,1.548128e-03,6.368941e-04,9.091915e-01,1.566889e-02,7.332840e-05,6.562189e-04,3.651815e-03,9.693391e-04,7.219131e-05,1.615266e-04
7.298213e-02,5.385382e-04,6.563163e-04,1.616931e-03,1.264689e-02,1.519795e-03,7.837256e-04,8.922693e-01,1.146654e-02,9.816317e-05,6.870481e-04,3.456129e-03,9.533667e-04,9.420679e-05,2.310476e-04
1.407116e-01,5.472340e-04,1.102478e-03,2.415011e-03,9.700110e-03,2.193518e-03,1.180450e-03,8.270569e-01,8.365242e-03,1.306141e-04,8.362375e-04,4.094954e-03,1.117554e-03,1.836673e-04,3.645477e-04
2.062784e-01,5.450314e-04,1.786482e-03,3.200742e-03,8.022908e-03,2.725314e-03,1.356062e-03,7.618623e-01,6.072280e-03,1.745580e-04,9.904259e-04,4.550858e-03,1.477259e-03,2.890214e-04,6.683274e-04
2.802420e-01,5.419367e-04,1.799724e-03,2.997750e-03,6.293243e-03,4.295190e-03,1.622915e-03,6.873707e-01,4.530380e-03,1.871368e-04,1.126154e-03,5.437769e-03,2.098359e-03,3.901240e-04,1.066663e-03
3.563993e-01,4.614538e-04,1.646273e-03,2.664210e-03,4.894534e-03,5.389373e-03,1.878607e-03,6.123475e-01,3.351335e-03,1.763083e-04,1.039822e-03,5.630698e-03,2.695502e-03,3.916408e-04,1.033455e-03
3.885351e-01,1.060418e-03,1.771081e-03,4.075945e-03,4.928378e-03,5.922295e-03,1.509232e-03,5.688492e-01,2.599239e-03,2.036190e-04,1.408224e-03,1.119163e-02,6.305592e-03,4.303214e-04,1.209793e-03
4.026960e-01,1.627178e-03,1.529596e-03,9.997642e-03,3.996030e-03,9.180078e-03,1.463166e-03,4.242096e-01,8.666400e-03,6.234925e-04,6.220361e-03,1.023946e-01,2.359416e-02,2.422450e-03,1.379289e-03
3.592726e-01,1.722727e-03,1.384596e-03,9.436629e-03,3.862787e-03,1.436168e-02,1.929078e-03,3.176153e-01,1.163265e-02,5.370417e-04,1.091246e-02,2.427877e-01,2.028871e-02,3.053781e-03,1.202138e-03
2.886858e-01,1.440928e-03,1.089263e-03,8.907165e-03,4.365265e-03,1.144100e-02,1.576289e-03,2.245593e-01,1.161097e-02,5.634231e-04,2.194658e-02,4.011702e-01,1.603117e-02,5.654076e-03,9.585988e-04
2.389410e-01,1.838219e-03,9.399275e-04,7.979527e-03,1.051331e-02,9.860475e-03,1.276063e-03,1.585196e-01,1.300840e-02,6.730318e-04,4.231974e-02,4.930675e-01,1.238657e-02,7.853168e-03,8.235440e-04
1.849037e-01,7.807672e-03,1.115516e-03,5.958396e-03,3.536288e-02,7.652516e-03,9.493104e-04,1.112542e-01,1.094120e-02,9.294093e-04,8.590468e-02,5.253303e-01,9.349638e-03,1.183217e-02,7.083092e-04
1.420407e-01,6.308593e-03,8.912139e-04,4.348448e-03,3.261093e-02,5.688120e-03,6.719854e-04,7.798732e-02,8.607465e-03,1.310023e-03,6.752636e-02,6.338343e-01,7.455380e-03,1.018588e-02,5.331709e-04
1.045102e-01,5.153271e-03,7.311532e-04,3.168226e-03,3.166118e-02,4.433868e-03,4.858380e-04,5.474259e-02,6.640855e-03,1.496164e-03,5.901445e-02,7.112376e-01,6.812383e-03,9.513302e-03,3.988931e-04
7.602235e-02,7.343682e-03,1.602045e-03,2.404045e-03,7.418893e-02,4.335283e-03,5.158851e-04,3.915682e-02,6.064604e-03,1.519631e-03,5.103457e-02,7.214626e-01,6.415213e-03,7.609215e-03,3.250538e-04
5.493395e-02,6.774760e-03,1.561885e-03,1.909626e-03,7.279916e-02,3.458380e-03,4.802789e-04,2.763415e-02,5.365009e-03,1.230474e-03,4.750552e-02,7.647971e-01,5.164053e-03,6.134281e-03,2.513232e-04
3.933182e-02,4.886278e-03,1.206909e-03,1.506033e-03,7.099621e-02,2.664510e-03,6.750739e-04,1.951461e-02,6.005607e-03,9.219888e-04,3.945035e-02,8.036456e-01,3.869324e-03,5.134843e-03,1.908247e-04
2.922822e-02,3.610626e-03,9.558738e-04,1.267190e-03,6.308787e-02,1.997091e-03,7.576211e-04,1.483613e-02,1.224134e-02,6.713328e-04,3.131002e-02,8.327681e-01,2.812491e-03,4.307225e-03,1.487639e-04
2.088167e-02,2.677077e-03,7.752200e-04,1.001467e-03,5.411519e-02,1.507078e-03,6.474365e-04,1.170558e-02,1.592870e-02,5.641271e-04,2.962012e-02,8.545074e-01,2.135379e-03,3.816796e-03,1.166642e-04
1.699468e-02,2.097225e-03,8.995812e-04,1.346428e-03,7.495774e-02,1.914586e-03,8.866535e-04,2.201626e-02,2.215444e-02,1.031204e-03,3.740077e-02,8.125651e-01,2.271918e-03,3.350614e-03,1.127162e-04
1.375002e-02,1.811258e-03,9.503997e-04,1.392036e-03,1.498178e-01,1.959691e-03,1.640070e-03,2.370829e-02,3.097278e-02,9.310931e-04,3.285580e-02,7.349023e-01,2.129264e-03,3.061229e-03,1.179256e-04
1.116958e-02,1.745363e-03,2.625863e-03,1.760534e-03,1.913461e-01,1.852160e-03,1.983016e-03,5.254802e-02,3.034837e-02,7.755936e-04,2.944014e-02,6.694148e-01,2.128639e-03,2.714180e-03,1.476465e-04
9.988473e-03,1.456661e-03,7.703157e-03,3.315957e-03,2.152412e-01,2.019251e-03,1.685503e-03,1.797929e-01,3.066019e-02,7.629240e-04,2.697454e-02,5.150055e-01,2.819853e-03,2.407163e-03,1.667433e-04
9.517608e-03,1.250915e-03,1.166908e-02,4.709053e-03,1.862868e-01,2.025246e-03,1.371327e-03,3.158671e-01,4.516628e-02,7.974819e-04,3.119722e-02,3.839591e-01,3.732929e-03,2.237991e-03,2.118129e-04
7.036923e-03,9.102449e-04,8.717631e-03,3.957843e-03,1.401626e-01,1.499131e-03,9.790211e-04,4.846280e-01,3.474506e-02,5.874516e-04,2.582110e-02,2.825722e-01,6.418037e-03,1.787860e-03,1.770245e-04
5.312300e-03,6.618843e-04,6.861971e-03,3.150362e-03,1.034305e-01,1.084547e-03,6.909878e-04,6.259872e-01,2.486355e-02,4.329666e-04,2.006616e-02,2.001187e-01,5.909326e-03,1.295816e-03,1.338239e-04
4.323044e-03,5.242235e-04,5.596817e-03,3.085320e-03,8.132849e-02,9.529003e-04,5.020184e-04,7.241842e-01,1.842637e-02,3.101108e-04,1.494646e-02,1.403048e-01,4.477384e-03,9.303751e-04,1.075055e-04
4.203267e-03,4.115378e-04,4.176648e-03,4.062778e-03,6.075428e-02,1.360990e-03,3.594179e-04,7.971450e-01,1.322815e-02,2.338549e-04,1.089909e-02,9.852725e-02,3.824522e-03,7.191069e-04,9.414400e-05
5.930869e-03,3.524967e-04,3.104256e-03,4.522382e-03,4.631788e-02,2.045767e-03,2.643962e-04,8.444532e-01,9.894283e-03,1.894672e-04,8.194965e-03,6.984565e-02,4.181230e-03,6.107034e-04,9.243321e-05
6.937463e-03,3.162981e-04,2.445760e-03,3.822249e-03,3.597290e-02,2.055895e-03,1.963921e-04,8.807566e-01,7.799756e-03,1.715677e-04,5.968419e-03,4.943632e-02,3.593333e-03,4.476174e-04,7.938280e-05
7.285600e-03,2.599690e-04,1.946552e-03,4.177037e-03,2.764165e-02,1.655328e-03,1.420729e-04,9.082925e-01,5.899872e-03,1.618702e-04,4.365982e-03,3.495085e-02,2.831763e-03,3.220510e-04,6.688545e-05
8.482377e-03,3.336786e-04,2.673672e-03,7.797913e-03,2.123170e-02,1.388075e-03,1.149563e-04,9.222488e-01,4.647762e-03,1.870510e-04,3.811912e-03,2.463917e-02,2.089194e-03,2.819471e-04,7.175365e-05
8.797165e-03,3.114139e-04,2.659736e-03,7.167069e-03,1.549754e-02,1.282066e-03,1.570293e-04,9.385511e-01,3.439791e-03,1.512742e-04,2.737781e-03,1.733002e-02,1.536293e-03,3.133393e-04,6.834175e-05
1.072075e-02,3.190662e-04,2.662176e-03,7.047527e-03,1.232459e-02,1.342777e-03,2.319894e-04,9.466440e-01,2.626454e-03,1.198493e-04,2.022787e-03,1.228113e-02,1.203986e-03,3.700707e-04,8.278510e-05
1.629018e-02,3.834389e-04,2.812220e-03,8.581533e-03,9.796864e-03,1.287282e-03,3.113415e-04,9.457181e-01,2.588286e-03,1.034958e-04,1.653491e-03,8.981200e-03,1.030641e-03,3.267734e-04,1.352121e-04
2.620628e-02,4.069193e-04,2.701122e-03,1.044160e-02,8.001937e-03,1.499529e-03,3.986130e-04,9.378098e-01,2.372888e-03,1.054487e-04,1.444360e-03,7.072186e-03,1.086755e-03,2.735949e-04,1.790063e-04
5.359781e-02,4.962943e-04,3.334548e-03,1.213898e-02,6.781009e-03,2.006090e-03,6.149382e-04,9.094307e-01,2.187207e-03,1.486431e-04,1.285772e-03,6.086341e-03,1.222713e-03,2.696986e-04,3.992566e-04
7.081294e-02,4.812914e-04,2.925790e-03,9.253317e-03,5.225442e-03,2.169609e-03,7.517628e-04,8.982021e-01,1.815407e-03,1.697312e-04,1.061438e-03,5.018452e-03,1.177859e-03,3.196368e-04,6.152600e-04
1.108106e-01,8.593844e-04,3.043044e-03,7.778196e-03,4.879901e-03,2.524917e-03,9.489586e-04,8.475542e-01,1.950405e-03,6.382487e-04,2.211190e-03,1.016989e-02,3.112908e-03,1.310789e-03,2.207395e-03
2.187959e-01,1.018246e-03,2.687965e-03,7.804886e-03,4.669251e-03,2.886558e-03,8.915170e-04,7.198016e-01,3.182342e-03,1.139880e-03,6.950720e-03,1.517805e-02,1.017963e-02,1.958561e-03,2.854917e-03
2.643414e-01,1.155408e-03,2.358563e-03,1.355184e-02,4.952614e-03,3.862245e-03,7.661784e-04,5.691932e-01,4.811271e-03,1.356279e-03,3.797240e-02,3.225712e-02,5.550648e-02,3.519936e-03,4.395109e-03
2.138846e-01,1.234958e-03,2.444410e-03,4.765483e-02,4.483574e-03,3.500046e-03,5.768353e-04,4.159248e-01,5.194819e-03,1.765585e-03,1.276954e-01,5.011162e-02,1.176293e-01,3.691013e-03,4.208163e-03
2.141124e-01,1.158489e-03,4.188303e-03,4.147921e-02,5.403626e-03,3.118957e-03,5.596220e-04,2.949429e-01,6.159991e-03,1.384943e-03,1.909473e-01,7.910516e-02,1.483261e-01,3.899814e-03,5.213260e-03
2.616149e-01,1.384196e-03,1.007539e-02,4.356281e-02,5.768677e-03,3.364072e-03,5.727635e-04,2.119622e-01,8.336242e-03,1.461342e-03,2.226070e-01,7.998288e-02,1.377920e-01,3.886834e-03,7.628699e-03
2.132376e-01,3.779454e-03,1.179383e-02,1.145491e-01,5.742562e-03,3.676975e-03,5.888930e-04,1.532078e-01,1.177427e-01,1.805867e-03,1.865469e-01,6.607962e-02,1.099692e-01,3.281590e-03,7.997913e-03
1.661458e-01,6.341219e-03,1.201295e-02,1.423527e-01,5.430531e-03,3.740727e-03,5.053526e-04,1.099793e-01,2.114419e-01,3.003352e-03,1.714926e-01,5.719435e-02,9.791656e-02,3.417172e-03,9.025637e-03
2.034192e-01,6.704868e-03,3.543088e-02,1.586183e-01,9.675418e-03,3.397348e-03,6.581370e-04,9.025140e-02,1.947855e-01,3.191963e-03,1.484428e-01,4.931539e-02,8.404261e-02,3.220760e-03,8.845476e-03
1.488426e-01,7.792199e-03,1.070001e-01,2.489783e-01,8.618301e-03,3.074958e-03,5.987914e-04,8.401612e-02,1.729977e-01,2.956095e-03,1.114406e-01,3.473966e-02,5.984831e-02,2.438025e-03,6.658357e-03
1.265468e-01,1.152840e-02,1.086704e-01,2.459815e-01,7.983968e-03,3.005916e-03,5.982438e-04,9.079514e-02,2.272292e-01,2.778800e-03,9.808031e-02,2.464106e-02,4.431124e-02,1.976547e-03,5.872511e-03
1.643164e-01,2.972540e-02,1.107726e-01,1.831612e-01,1.005952e-02,5.273429e-03,7.786411e-04,1.928750e-01,1.659846e-01,2.272203e-03,7.412639e-02,1.800531e-02,3.358034e-02,1.908504e-03,7.160545e-03
1.618179e-01,2.856071e-02,9.108210e-02,1.309901e-01,1.055600e-02,5.402197e-03,8.042406e-04,3.501950e-01,1.184211e-01,1.718387e-03,5.440190e-02,1.305465e-02,2.555609e-02,1.685477e-03,5.754148e-03
1.476728e-01,2.229966e-02,7.000402e-02,9.571411e-02,1.107045e-02,7.024236e-03,7.500557e-04,4.873099e-01,8.381218e-02,1.274682e-03,3.885401e-02,9.716392e-03,1.849627e-02,1.454590e-03,4.546702e-03
1.166446e-01,1.781947e-02,5.032727e-02,6.925014e-02,1.056319e-02,5.773506e-03,6.166007e-04,6.151863e-01,5.998621e-02,9.596967e-04,2.774542e-02,7.076883e-03,1.340205e-02,1.369993e-03,3.278738e-03
9.034724e-02,1.331548e-02,3.612217e-02,5.025629e-02,9.516714e-03,4.788332e-03,5.014476e-04,7.135777e-01,4.276915e-02,6.964467e-04,1.970202e-02,5.161238e-03,9.728177e-03,1.161771e-03,2.355820e-03
7.088313e-02,9.850136e-03,2.576321e-02,3.662760e-02,7.958716e-03,4.901671e-03,4.279630e-04,7.838577e-01,3.067775e-02,5.072416e-04,1.413994e-02,3.962059e-03,7.440058e-03,1.263581e-03,1.739272e-03
5.804682e-02,7.615844e-03,1.830968e-02,2.592761e-02,6.556779e-03,3.992868e-03,4.125538e-04,8.354114e-01,2.217088e-02,3.787019e-04,1.021721e-02,3.052832e-03,5.538186e-03,1.079601e-03,1.289026e-03
6.634685e-02,6.508729e-03,1.338323e-02,1.921837e-02,5.481523e-03,5.693063e-03,9.282342e-04,8.469003e-01,1.640427e-02,3.279739e-04,7.835754e-03,3.571296e-03,5.237095e-03,9.498504e-04,1.213407e-03
7.602301e-02,4.890283e-03,9.740978e-03,1.413699e-02,4.419620e-03,8.440375e-03,2.405664e-03,8.526623e-01,1.186294e-02,2.537650e-04,5.697557e-03,3.107346e-03,4.644346e-03,7.319734e-04,9.828337e-04
8.052114e-02,3.819841e-03,7.203753e-03,1.049912e-02,3.818669e-03,1.002714e-02,3.095218e-03,8.595897e-01,8.552457e-03,2.094279e-04,4.182516e-03,2.491203e-03,4.618821e-03,5.588772e-04,8.121008e-04
7.782116e-02,2.788872e-03,5.531374e-03,7.692236e-03,3.011130e-03,8.781547e-03,3.044089e-03,8.747780e-01,6.092603e-03,1.753737e-04,3.086200e-03,2.267617e-03,3.772169e-03,4.401739e-04,7.174306e-04
1.272309e-01,2.526500e-03,4.238760e-03,5.758774e-03,3.306294e-03,1.077594e-02,3.246014e-03,7.670302e-01,5.260182e-03,4.968012e-04,9.072819e-03,1.497456e-02,4.396197e-02,8.458981e-04,1.274392e-03
1.509468e-01,2.398541e-03,5.606016e-03,1.208357e-02,1.481765e-02,9.676294e-03,3.377195e-03,7.078848e-01,4.934968e-03,5.734553e-04,1.010658e-02,2.862892e-02,4.655845e-02,9.448072e-04,1.462026e-03
2.053276e-01,2.495309e-03,6.922004e-03,9.023324e-03,1.337321e-02,1.737191e-02,5.514693e-03,5.705564e-01,4.300494e-03,6.003248e-04,1.169423e-02,4.156969e-02,1.088090e-01,9.442818e-04,1.497521e-03
2.239047e-01,2.651637e-03,6.582017e-03,6.653362e-03,1.076137e-02,2.214004e-02,4.555381e-03,4.647655e-01,4.354091e-03,7.684942e-04,1.350450e-02,7.614463e-02,1.603117e-01,1.084666e-03,1.817985e-03
2.112583e-01,3.176638e-03,5.523442e-03,5.135674e-03,9.339420e-03,2.000637e-02,3.362936e-03,3.300167e-01,1.808177e-02,1.064080e-03,1.448123e-02,1.901459e-01,1.856861e-01,9.300332e-04,1.791476e-03
1.709144e-01,3.525068e-03,4.629172e-03,4.413830e-03,1.102353e-02,2.061987e-02,2.511118e-03,2.324969e-01,3.866771e-02,1.411497e-03,1.517786e-02,2.893196e-01,2.025187e-01,9.008868e-04,1.869923e-03
1.330986e-01,2.992176e-03,3.414084e-03,3.422232e-03,8.266671e-03,1.712550e-02,1.923021e-03,1.630909e-01,4.201533e-02,1.903503e-03,1.884632e-02,4.205272e-01,1.808500e-01,8.404016e-04,1.684080e-03
1.223631e-01,2.908696e-03,2.616903e-03,2.772667e-03,1.525008e-02,1.302549e-02,2.417538e-03,1.156933e-01,8.046843e-02,3.177518e-03,2.822571e-02,4.236305e-01,1.843643e-01,1.012947e-03,2.072725e-03
1.498169e-01,3.043983e-03,2.604446e-03,2.719102e-03,3.685976e-02,1.131144e-02,3.698571e-03,8.228125e-02,8.879372e-02,4.343524e-03,3.334700e-02,3.831769e-01,1.938162e-01,1.173616e-03,3.013598e-03
1.160894e-01,4.192662e-03,3.161331e-03,2.025193e-03,1.057504e-01,1.012186e-02,4.877198e-03,6.039979e-02,1.666675e-01,3.904667e-03,2.694022e-02,3.227553e-01,1.682734e-01,1.287360e-03,3.553754e-03
9.019715e-02,6.941919e-03,1.072520e-02,1.974264e-03,1.524589e-01,8.063291e-03,4.884660e-03,4.623463e-02,2.119426e-01,5.641457e-03,2.152927e-02,2.879777e-01,1.455557e-01,1.782477e-03,4.090802e-03
8.073181e-02,1.271666e-02,5.212208e-02,2.537102e-03,1.575648e-01,7.455466e-03,4.254584e-03,4.468928e-02,2.280367e-01,7.871357e-03,2.013700e-02,2.439081e-01,1.257565e-01,2.470703e-03,9.747756e-03
6.287554e-02,1.801750e-02,6.029594e-02,2.580675e-03,1.736678e-01,1.167895e-02,4.710518e-03,5.456433e-02,2.724156e-01,6.334709e-03,1.665204e-02,1.906772e-01,1.047408e-01,2.942658e-03,1.784565e-02
5.137850e-02,2.463815e-02,6.349747e-02,2.831937e-03,1.613338e-01,1.993392e-02,4.710363e-03,5.709268e-02,3.141809e-01,6.613575e-03,1.458760e-02,1.440289e-01,9.112108e-02,4.558714e-03,3.949244e-02
5.280589e-02,2.832282e-02,6.243202e-02,2.845513e-03,1.460894e-01,2.546761e-02,7.912611e-03,5.281265e-02,3.254815e-01,6.759988e-03,1.401580e-02,1.154594e-01,9.212710e-02,5.852388e-03,6.161541e-02
4.927743e-02,2.391971e-02,4.632067e-02,2.496208e-03,1.683016e-01,2.008109e-02,9.030711e-03,4.008626e-02,3.923545e-01,5.189884e-03,1.287399e-02,8.743594e-02,8.192990e-02,5.028325e-03,5.567393e-02
