1.000000e+00,0.000000e+00,0.000000e+00,0.000000e+00,0.000000e+00,0.000000e+00,0.000000e+00,0.000000e+00,0.000000e+00,0.000000e+00,0.000000e+00,0.000000e+00,0.000000e+00,0.000000e+00,0.000000e+00
1.000000e+00,0.000000e+00,0.000000e+00,0.000000e+00,0.000000e+00,0.000000e+00,0.000000e+00,0.000000e+00,0.000000e+00,0.000000e+00,0.000000e+00,0.000000e+00,0.000000e+00,0.000000e+00,0.000000e+00
1.000000e+00,0.000000e+00,0.000000e+00,0.000000e+00,0.000000e+00,0.000000e+00,0.000000e+00,0.000000e+00,0.000000e+00,0.000000e+00,0.000000e+00,0.000000e+00,0.000000e+00,0.000000e+00,0.000000e+00
1.000000e+00,0.000000e+00,0.000000e+00,0.000000e+00,0.000000e+00,0.000000e+00,0.000000e+00,0.000000e+00,0.000000e+00,0.000000e+00,0.000000e+00,0.000000e+00,0.000000e+00,0.000000e+00,0.000000e+00
1.000000e+00,0.000000e+00,0.000000e+00,0.000000e+00,0.000000e+00,0.000000e+00,0.000000e+00,0.000000e+00,0.000000e+00,0.000000e+00,0.000000e+00,0.000000e+00,0.000000e+00,0.000000e+00,0.000000e+00
1.000000e+00,0.000000e+00,0.000000e+00,0.000000e+00,0.000000e+00,0.000000e+00,0.000000e+00,0.000000e+00,0.000000e+00,0.000000e+00,0.000000e+00,0.000000e+00,0.000000e+00,0.000000e+00,0.000000e+00
1.000000e+00,0.000000e+00,0.000000e+00,0.000000e+00,0.000000e+00,0.000000e+00,0.000000e+00,0.000000e+00,0.000000e+00,0.000000e+00,0.000000e+00,0.000000e+00,0.000000e+00,0.000000e+00,0.000000e+00
1.000000e+00,0.000000e+00,0.000000e+00,0.000000e+00,0.000000e+00,0.000000e+00,0.000000e+00,0.000000e+00,0.000000e+00,0.000000e+00,0.000000e+00,0.000000e+00,0.000000e+00,0.000000e+00,0.000000e+00
1.000000e+00,0.000000e+00,0.000000e+00,0.000000e+00,0.000000e+00,0.000000e+00,0.000000e+00,0.000000e+00,0.000000e+00,0.000000e+00,0.000000e+00,0.000000e+00,0.000000e+00,0.000000e+00,0.000000e+00
1.000000e+00,0.000000e+00,0.000000e+00,0.000000e+00,0.000000e+00,0.000000e+00,0.000000e+00,0.000000e+00,0.000000e+00,0.000000e+00,0.000000e+00,0.000000e+00,0.000000e+00,0.000000e+00,0.000000e+00
1.000000e+00,0.000000e+00,0.000000e+00,0.000000e+00,0.000000e+00,0.000000e+00,0.000000e+00,0.000000e+00,0.000000e+00,0.000000e+00,0.000000e+00,0.000000e+00,0.000000e+00,0.000000e+00,0.000000e+00
1.000000e+00,0.000000e+00,0.000000e+00,0.000000e+00,0.000000e+00,0.000000e+00,0.000000e+00,0.000000e+00,0.000000e+00,0.000000e+00,0.000000e+00,0.000000e+00,0.000000e+00,0.000000e+00,0.000000e+00
1.000000e+00,0.000000e+00,0.000000e+00,0.000000e+00,0.000000e+00,0.000000e+00,0.000000e+00,0.000000e+00,0.000000e+00,0.000000e+00,0.000000e+00,0.000000e+00,0.000000e+00,0.000000e+00,0.000000e+00
1.000000e+00,0.000000e+00,0.000000e+00,0.000000e+00,0.000000e+00,0.000000e+00,0.000000e+00,0.000000e+00,0.000000e+00,0.000000e+00,0.000000e+00,0.000000e+00,0.000000e+00,0.000000e+00,0.000000e+00
1.000000e+00,0.000000e+00,0.000000e+00,0.000000e+00,0.000000e+00,0.000000e+00,0.000000e+00,0.000000e+00,0.000000e+00,0.000000e+00,0.000000e+00,0.000000e+00,0.000000e+00,0.000000e+00,0.000000e+00
1.000000e+00,0.000000e+00,0.000000e+00,0.000000e+00,0.000000e+00,0.000000e+00,0.000000e+00,0.000000e+00,0.000000e+00,0.000000e+00,0.000000e+00,0.000000e+00,0.000000e+00,0.000000e+00,0.000000e+00
1.000000e+00,0.000000e+00,0.000000e+00,0.000000e+00,0.000000e+00,0.000000e+00,0.000000e+00,0.000000e+00,0.000000e+00,0.000000e+00,0.000000e+00,0.000000e+00,0.000000e+00,0.000000e+00,0.000000e+00
1.000000e+00,0.000000e+00,0.000000e+00,0.000000e+00,0.000000e+00,0.000000e+00,0.000000e+00,0.000000e+00,0.000000e+00,0.000000e+00,0.000000e+00,0.000000e+00,0.000000e+00,0.000000e+00,0.000000e+00
1.000000e+00,0.000000e+00,0.000000e+00,0.000000e+00,0.000000e+00,0.000000e+00,0.000000e+00,0.000000e+00,0.000000e+00,0.000000e+00,0.000000e+00,0.000000e+00,0.000000e+00,0.000000e+00,0.000000e+00
1.000000e+00,0.000000e+00,0.000000e+00,0.000000e+00,0.000000e+00,0.000000e+00,0.000000e+00,0.000000e+00,0.000000e+00,0.000000e+00,0.000000e+00,0.000000e+00,0.000000e+00,0.000000e+00,0.000000e+00
1.000000e+00,0.000000e+00,0.000000e+00,0.000000e+00,0.000000e+00,0.000000e+00,0.000000e+00,0.000000e+00,0.000000e+00,0.000000e+00,0.000000e+00,0.000000e+00,0.000000e+00,0.000000e+00,0.000000e+00
1.000000e+00,0.000000e+00,0.000000e+00,0.000000e+00,0.000000e+00,0.000000e+00,0.000000e+00,0.000000e+00,0.000000e+00,0.000000e+00,0.000000e+00,0.000000e+00,0.000000e+00,0.000000e+00,0.000000e+00
1.000000e+00,0.000000e+00,0.000000e+00,0.000000e+00,0.000000e+00,0.000000e+00,0.000000e+00,0.000000e+00,0.000000e+00,0.000000e+00,0.000000e+00,0.000000e+00,0.000000e+00,0.000000e+00,0.000000e+00
1.000000e+00,0.000000e+00,0.000000e+00,0.000000e+00,0.000000e+00,0.000000e+00,0.000000e+00,0.000000e+00,0.000000e+00,0.000000e+00,0.000000e+00,0.000000e+00,0.000000e+00,0.000000e+00,0.000000e+00
1.000000e+00,0.000000e+00,0.000000e+00,0.000000e+00,0.000000e+00,0.000000e+00,0.000000e+00,0.000000e+00,0.000000e+00,0.000000e+00,0.000000e+00,0.000000e+00,0.000000e+00,0.000000e+00,0.000000e+00
1.000000e+00,0.000000e+00,0.000000e+00,0.000000e+00,0.000000e+00,0.000000e+00,0.000000e+00,0.000000e+00,0.000000e+00,0.000000e+00,0.000000e+00,0.000000e+00,0.000000e+00,0.000000e+00,0.000000e+00
1.000000e+00,0.000000e+00,0.000000e+00,0.000000e+00,0.000000e+00,0.000000e+00,0.000000e+00,0.000000e+00,0.000000e+00,0.000000e+00,0.000000e+00,0.000000e+00,0.000000e+00,0.000000e+00,0.000000e+00
1.000000e+00,0.000000e+00,0.000000e+00,0.000000e+00,0.000000e+00,0.000000e+00,0.000000e+00,0.000000e+00,0.000000e+00,0.000000e+00,0.000000e+00,0.000000e+00,0.000000e+00,0.000000e+00,0.000000e+00
1.000000e+00,0.000000e+00,0.000000e+00,0.000000e+00,0.000000e+00,0.000000e+00,0.000000e+00,0.000000e+00,0.000000e+00,0.000000e+00,0.000000e+00,0.000000e+00,0.000000e+00,0.000000e+00,0.000000e+00
1.000000e+00,0.000000e+00,0.000000e+00,0.000000e+00,0.000000e+00,0.000000e+00,0.000000e+00,0.000000e+00,0.000000e+00,0.000000e+00,0.000000e+00,0.000000e+00,0.000000e+00,0.000000e+00,0.000000e+00
1.000000e+00,0.000000e+00,0.000000e+00,0.000000e+00,0.000000e+00,0.000000e+00,0.000000e+00,0.000000e+00,0.000000e+00,0.000000e+00,0.000000e+00,0.000000e+00,0.000000e+00,0.000000e+00,0.000000e+00
1.000000e+00,0.000000e+00,0.000000e+00,0.000000e+00,0.000000e+00,0.000000e+00,0.000000e+00,0.000000e+00,0.000000e+00,0.000000e+00,0.000000e+00,0.000000e+00,0.000000e+00,0.000000e+00,0.000000e+00
1.000000e+00,0.000000e+00,0.000000e+00,0.000000e+00,0.000000e+00,0.000000e+00,0.000000e+00,0.000000e+00,0.000000e+00,0.000000e+00,0.000000e+00,0.000000e+00,0.000000e+00,0.000000e+00,0.000000e+00
1.000000e+00,0.000000e+00,0.000000e+00,0.000000e+00,0.000000e+00,0.000000e+00,0.000000e+00,0.000000e+00,0.000000e+00,0.000000e+00,0.000000e+00,0.000000e+00,0.000000e+00,0.000000e+00,0.000000e+00
1.000000e+00,0.000000e+00,0.000000e+00,0.000000e+00,0.000000e+00,0.000000e+00,0.000000e+00,0.000000e+00,0.000000e+00,0.000000e+00,0.000000e+00,0.000000e+00,0.000000e+00,0.000000e+00,0.000000e+00
1.000000e+00,0.000000e+00,0.000000e+00,0.000000e+00,0.000000e+00,0.000000e+00,0.000000e+00,0.000000e+00,0.000000e+00,0.000000e+00,0.000000e+00,0.000000e+00,0.000000e+00,0.000000e+00,0.000000e+00
1.000000e+00,0.000000e+00,0.000000e+00,0.000000e+00,0.000000e+00,0.000000e+00,0.000000e+00,0.000000e+00,0.000000e+00,0.000000e+00,0.000000e+00,0.000000e+00,0.000000e+00,0.000000e+00,0.000000e+00
1.000000e+00,0.000000e+00,0.000000e+00,0.000000e+00,0.000000e+00,0.000000e+00,0.000000e+00,0.000000e+00,0.000000e+00,0.000000e+00,0.000000e+00,0.000000e+00,0.000000e+00,0.000000e+00,0.000000e+00
1.000000e+00,0.000000e+00,0.000000e+00,0.000000e+00,0.000000e+00,0.000000e+00,0.000000e+00,0.000000e+00,0.000000e+00,0.000000e+00,0.000000e+00,0.000000e+00,0.000000e+00,0.000000e+00,0.000000e+00
1.000000e+00,0.000000e+00,0.000000e+00,0.000000e+00,0.000000e+00,0.000000e+00,0.000000e+00,0.000000e+00,0.000000e+00,0.000000e+00,0.000000e+00,0.000000e+00,0.000000e+00,0.000000e+00,0.000000e+00
1.000000e+00,0.000000e+00,0.000000e+00,0.000000e+00,0.000000e+00,0.000000e+00,0.000000e+00,0.000000e+00,0.000000e+00,0.000000e+00,0.000000e+00,0.000000e+00,0.000000e+00,0.000000e+00,0.000000e+00
1.000000e+00,0.000000e+00,0.000000e+00,0.000000e+00,0.000000e+00,0.000000e+00,0.000000e+00,0.000000e+00,0.000000e+00,0.000000e+00,0.000000e+00,0.000000e+00,0.000000e+00,0.000000e+00,0.000000e+00
1.000000e+00,0.000000e+00,0.000000e+00,0.000000e+00,0.000000e+00,0.000000e+00,0.000000e+00,0.000000e+00,0.000000e+00,0.000000e+00,0.000000e+00,0.000000e+00,0.000000e+00,0.000000e+00,0.000000e+00
1.000000e+00,0.000000e+00,0.000000e+00,0.000000e+00,0.000000e+00,0.000000e+00,0.000000e+00,0.000000e+00,0.000000e+00,0.000000e+00,0.000000e+00,0.000000e+00,0.000000e+00,0.000000e+00,0.000000e+00
1.000000e+00,0.000000e+00,0.000000e+00,0.000000e+00,0.000000e+00,0.000000e+00,0.000000e+00,0.000000e+00,0.000000e+00,0.000000e+00,0.000000e+00,0.000000e+00,0.000000e+00,0.000000e+00,0.000000e+00
4.039651e-01,4.775386e-02,5.905878e-02,2.205894e-01,1.619400e-02,2.511175e-02,7.738711e-03,4.116994e-02,3.883803e-02,2.090839e-03,4.458103e-02,3.902915e-02,1.391534e-02,7.429920e-03,3.253419e-02
3.904536e-01,5.774016e-02,5.369405e-02,2.227892e-01,1.864531e-02,2.566678e-02,7.253070e-03,3.311385e-02,4.114291e-02,2.496401e-03,4.721609e-02,3.820878e-02,1.414753e-02,9.597401e-03,3.783489e-02
4.507112e-01,5.912662e-02,4.201487e-02,1.875253e-01,1.881468e-02,2.547951e-02,7.242501e-03,2.660015e-02,3.357892e-02,2.725022e-03,4.302725e-02,3.670984e-02,1.644221e-02,1.043495e-02,3.956698e-02
4.683965e-01,6.393874e-02,3.501829e-02,1.702506e-01,1.908840e-02,2.561753e-02,7.274247e-03,2.296837e-02,3.001448e-02,3.346008e-03,3.955670e-02,3.721031e-02,1.897293e-02,1.178208e-02,4.656473e-02
4.411152e-01,6.712595e-02,3.376712e-02,1.706126e-01,2.099435e-02,2.944597e-02,8.472193e-03,2.399840e-02,2.995393e-02,3.418887e-03,3.911540e-02,4.488267e-02,2.394436e-02,1.225448e-02,5.089846e-02
1.000000e+00,0.000000e+00,0.000000e+00,0.000000e+00,0.000000e+00,0.000000e+00,0.000000e+00,0.000000e+00,0.000000e+00,0.000000e+00,0.000000e+00,0.000000e+00,0.000000e+00,0.000000e+00,0.000000e+00
1.000000e+00,0.000000e+00,0.000000e+00,0.000000e+00,0.000000e+00,0.000000e+00,0.000000e+00,0.000000e+00,0.000000e+00,0.000000e+00,0.000000e+00,0.000000e+00,0.000000e+00,0.000000e+00,0.000000e+00
1.000000e+00,0.000000e+00,0.000000e+00,0.000000e+00,0.000000e+00,0.000000e+00,0.000000e+00,0.000000e+00,0.000000e+00,0.000000e+00,0.000000e+00,0.000000e+00,0.000000e+00,0.000000e+00,0.000000e+00
1.000000e+00,0.000000e+00,0.000000e+00,0.000000e+00,0.000000e+00,0.000000e+00,0.000000e+00,0.000000e+00,0.000000e+00,0.000000e+00,0.000000e+00,0.000000e+00,0.000000e+00,0.000000e+00,0.000000e+00
1.000000e+00,0.000000e+00,0.000000e+00,0.000000e+00,0.000000e+00,0.000000e+00,0.000000e+00,0.000000e+00,0.000000e+00,0.000000e+00,0.000000e+00,0.000000e+00,0.000000e+00,0.000000e+00,0.000000e+00
1.000000e+00,0.000000e+00,0.000000e+00,0.000000e+00,0.000000e+00,0.000000e+00,0.000000e+00,0.000000e+00,0.000000e+00,0.000000e+00,0.000000e+00,0.000000e+00,0.000000e+00,0.000000e+00,0.000000e+00
1.000000e+00,0.000000e+00,0.000000e+00,0.000000e+00,0.000000e+00,0.000000e+00,0.000000e+00,0.000000e+00,0.000000e+00,0.000000e+00,0.000000e+00,0.000000e+00,0.000000e+00,0.000000e+00,0.000000e+00
1.000000e+00,0.000000e+00,0.000000e+00,0.000000e+00,0.000000e+00,0.000000e+00,0.000000e+00,0.000000e+00,0.000000e+00,0.000000e+00,0.000000e+00,0.000000e+00,0.000000e+00,0.000000e+00,0.000000e+00
1.000000e+00,0.000000e+00,0.000000e+00,0.000000e+00,0.000000e+00,0.000000e+00,0.000000e+00,0.000000e+00,0.000000e+00,0.000000e+00,0.000000e+00,0.000000e+00,0.000000e+00,0.000000e+00,0.000000e+00
1.000000e+00,0.000000e+00,0.000000e+00,0.000000e+00,0.000000e+00,0.000000e+00,0.000000e+00,0.000000e+00,0.000000e+00,0.000000e+00,0.000000e+00,0.000000e+00,0.000000e+00,0.000000e+00,0.000000e+00
4.331312e-01,1.929514e-02,1.322803e-02,3.307579e-02,3.152388e-01,6.387424e-02,1.801131e-02,1.160791e-02,4.543024e-03,4.838109e-02,6.914949e-03,1.207795e-02,8.483682e-03,1.790110e-03,1.034684e-02
3.369541e-01,1.773492e-02,4.433614e-02,4.304342e-02,3.292656e-01,7.025025e-02,1.599826e-02,2.663516e-02,3.841671e-03,8.145442e-02,5.517323e-03,9.014658e-03,6.280733e-03,1.632202e-03,8.041242e-03
2.796354e-01,1.903060e-02,4.619249e-02,3.560123e-02,3.429620e-01,5.757858e-02,1.181152e-02,2.081928e-02,3.186590e-03,1.583117e-01,4.354898e-03,6.649947e-03,4.937016e-03,1.716192e-03,7.212645e-03
2.370155e-01,2.164100e-02,5.080952e-02,3.013818e-02,3.097568e-01,4.727972e-02,8.866224e-03,1.749305e-02,2.758613e-03,2.534802e-01,3.464899e-03,5.101509e-03,4.260848e-03,1.615546e-03,6.318443e-03
2.318978e-01,2.261882e-02,1.297655e-01,2.613965e-02,2.403418e-01,4.392190e-02,7.712181e-03,2.384921e-02,3.146180e-03,2.457401e-01,3.627596e-03,4.565616e-03,3.777785e-03,2.145356e-03,1.075055e-02
2.261745e-01,2.404520e-02,1.165726e-01,1.991742e-02,1.873567e-01,4.157655e-02,6.470364e-03,2.367688e-02,3.559307e-03,3.141768e-01,5.815423e-03,4.492214e-03,3.618512e-03,3.261922e-03,1.928567e-02
2.045231e-01,2.713893e-02,1.101573e-01,1.660508e-02,1.447210e-01,3.977334e-02,5.529653e-03,2.470039e-02,4.478516e-03,3.755618e-01,7.710223e-03,4.923785e-03,3.877549e-03,4.064352e-03,2.623503e-02
1.537340e-01,2.117466e-02,9.215212e-02,1.280145e-02,1.083635e-01,3.288564e-02,4.330087e-03,2.402173e-02,5.975214e-03,4.976671e-01,8.264774e-03,4.265044e-03,3.529389e-03,5.519928e-03,2.531529e-02
1.178168e-01,1.616007e-02,7.135677e-02,9.732929e-03,8.017229e-02,2.832780e-02,3.696705e-03,2.378230e-02,8.123519e-03,5.938761e-01,9.512618e-03,4.284749e-03,3.534894e-03,6.482663e-03,2.313978e-02
8.589792e-02,1.175380e-02,5.548114e-02,7.121963e-03,5.637038e-02,2.108336e-02,2.819814e-03,1.704299e-02,2.276858e-02,6.620545e-01,7.412495e-03,3.124666e-03,3.235702e-03,1.413055e-02,2.970214e-02
6.059187e-02,9.146543e-03,3.985637e-02,5.285838e-03,3.956452e-02,1.533330e-02,2.034856e-03,1.202222e-02,1.341578e-01,5.638430e-01,6.772183e-03,2.340291e-03,3.597402e-03,1.320441e-02,9.224935e-02
4.274348e-02,6.893337e-03,2.837967e-02,3.773148e-03,2.781457e-02,1.123061e-02,1.453208e-03,8.468268e-03,1.376854e-01,4.888381e-01,8.079460e-03,1.753689e-03,4.690439e-03,1.392376e-02,2.142729e-01
3.002915e-02,5.960061e-03,2.008252e-02,3.386361e-03,1.948948e-02,7.995973e-03,1.024766e-03,5.949880e-03,3.137012e-01,3.545119e-01,5.964103e-03,1.280494e-03,3.524524e-03,1.057903e-02,2.165205e-01
2.117505e-02,4.793305e-03,1.413698e-02,2.465037e-03,1.369893e-02,5.787423e-03,7.264705e-04,4.177213e-03,2.821725e-01,2.784149e-01,4.434422e-03,9.149123e-04,2.764730e-03,1.068393e-02,3.536542e-01
1.510556e-02,4.586657e-03,1.007679e-02,2.187475e-03,9.609086e-03,4.548334e-03,5.195948e-04,2.935164e-03,3.922094e-01,2.059380e-01,3.214738e-03,6.883978e-04,2.454972e-03,8.240127e-03,3.376857e-01
1.085118e-02,4.821064e-03,7.221165e-03,1.813991e-03,6.743879e-03,3.497339e-03,3.696851e-04,2.064119e-03,4.360227e-01,1.551831e-01,2.384298e-03,5.129519e-04,2.134589e-03,7.145100e-03,3.592349e-01
7.776584e-03,5.699709e-03,5.241648e-03,1.468579e-03,4.730306e-03,2.676704e-03,2.642377e-04,1.449794e-03,5.080356e-01,1.413671e-01,1.775802e-03,3.890071e-04,1.850306e-03,6.331265e-03,3.109434e-01
6.000418e-03,8.495353e-03,3.991326e-03,1.927433e-03,3.343651e-03,2.031879e-03,1.897014e-04,1.038930e-03,4.851897e-01,1.031093e-01,1.549433e-03,4.003129e-04,1.723446e-03,6.361289e-03,3.746478e-01
4.730910e-03,1.403595e-02,3.087799e-03,1.517374e-03,2.349992e-03,1.520372e-03,1.340822e-04,7.349955e-04,4.951053e-01,7.674650e-02,1.610176e-03,3.483274e-04,1.525409e-03,1.320174e-02,3.833511e-01
3.543003e-03,1.352348e-02,2.790341e-03,1.142262e-03,1.651201e-03,1.168100e-03,9.857446e-05,5.245452e-04,4.521259e-01,1.144269e-01,3.128106e-03,7.152131e-04,3.023950e-03,4.400484e-02,3.581336e-01
3.204553e-03,1.268539e-02,7.382487e-03,9.710382e-04,1.201779e-03,9.618242e-04,8.391033e-05,4.327083e-04,3.492258e-01,1.233205e-01,1.832090e-02,9.399821e-04,8.915702e-03,6.256112e-02,4.097922e-01
4.504887e-03,1.062555e-02,6.487091e-03,1.266017e-03,2.492609e-03,9.070943e-04,1.924755e-04,4.239857e-04,2.636929e-01,1.488944e-01,1.732935e-02,1.364282e-03,1.107492e-02,5.127086e-02,4.794735e-01
4.497530e-03,1.205580e-02,1.086645e-02,5.216082e-03,1.221768e-02,1.015164e-03,4.844321e-04,5.885267e-04,2.179772e-01,1.230149e-01,2.105407e-02,2.352090e-03,2.415327e-02,3.857569e-02,5.259311e-01
4.981524e-03,1.763332e-02,1.615220e-02,6.368189e-03,2.004622e-02,1.600282e-03,4.477513e-04,6.426043e-04,1.733866e-01,9.703226e-02,2.432691e-02,3.022012e-03,3.214609e-02,2.900976e-02,5.732042e-01
8.694510e-03,2.216953e-02,4.185643e-02,5.258049e-02,3.202224e-02,3.737842e-03,7.201193e-04,1.215275e-03,1.411581e-01,7.315439e-02,2.083060e-02,3.629826e-03,2.543647e-02,2.140186e-02,5.513922e-01
1.569461e-02,2.062083e-02,4.305548e-02,6.493689e-02,2.869862e-02,5.933743e-03,7.065727e-04,1.102182e-03,1.048531e-01,5.602127e-02,7.707252e-02,3.603445e-02,6.131958e-02,1.752336e-02,4.664267e-01
1.802330e-02,1.961912e-02,5.804922e-02,5.575944e-02,3.014232e-02,6.748839e-03,8.156597e-04,9.912911e-04,8.573765e-02,5.447315e-02,1.371608e-01,3.292895e-02,6.946147e-02,2.319362e-02,4.068951e-01
1.790764e-02,1.628047e-02,4.994193e-02,4.737038e-02,2.420210e-02,5.765464e-03,7.529850e-04,8.025546e-04,6.674930e-02,1.816879e-01,1.225721e-01,3.113785e-02,9.752950e-02,2.102599e-02,3.162738e-01
1.857669e-02,1.689511e-02,3.944704e-02,3.990168e-02,2.139984e-02,6.044165e-03,7.535695e-04,7.794591e-04,6.071861e-02,1.569832e-01,1.358232e-01,2.955027e-02,1.082322e-01,1.976524e-02,3.451296e-01
2.251768e-02,1.663243e-02,2.883363e-02,3.182384e-02,2.036018e-02,9.566315e-03,6.563890e-04,8.475288e-04,5.265581e-02,1.215715e-01,2.663167e-01,5.389010e-02,8.419896e-02,2.039797e-02,2.697310e-01
4.943398e-02,1.820534e-02,2.256495e-02,3.364570e-02,1.796657e-02,1.030369e-02,1.576780e-03,2.428936e-03,5.123966e-02,1.392755e-01,2.835846e-01,5.689931e-02,6.922679e-02,3.217351e-02,2.114747e-01
4.285980e-02,2.037028e-02,1.888781e-02,3.798378e-02,1.536358e-02,1.025192e-02,1.922877e-03,3.472118e-03,5.136248e-02,1.533129e-01,3.205328e-01,6.244705e-02,5.575605e-02,4.997201e-02,1.555046e-01
6.684927e-02,1.859050e-02,1.514039e-02,3.772633e-02,1.455976e-02,1.251299e-02,2.289818e-03,4.456387e-03,4.281569e-02,1.343618e-01,3.679255e-01,7.767837e-02,4.372332e-02,4.839985e-02,1.129701e-01
9.736316e-02,1.725589e-02,1.175208e-02,3.083335e-02,1.095126e-02,1.208182e-02,2.055140e-03,4.196236e-03,3.877361e-02,1.063666e-01,4.046012e-01,9.613231e-02,3.511638e-02,5.143477e-02,8.108617e-02
1.814846e-01,2.255383e-02,1.038188e-02,2.609392e-02,8.315946e-03,1.195850e-02,1.791324e-03,4.073714e-03,3.418080e-02,8.674283e-02,3.519672e-01,1.209509e-01,2.891117e-02,5.130084e-02,5.929255e-02
1.794321e-01,2.083492e-02,9.326579e-03,2.311367e-02,1.032182e-02,1.194241e-02,2.222747e-03,6.922445e-03,4.070581e-02,7.548094e-02,3.401495e-01,1.626838e-01,2.547126e-02,4.691810e-02,4.447389e-02
1.686437e-01,1.673276e-02,7.771784e-03,1.852277e-02,1.001733e-02,1.194076e-02,2.318142e-03,6.636498e-03,3.880988e-02,5.832588e-02,4.036575e-01,1.626484e-01,2.104552e-02,4.087553e-02,3.205362e-02
1.404412e-01,1.587114e-02,5.985890e-03,1.422272e-02,1.065474e-02,1.127017e-02,2.296530e-03,5.449648e-03,4.157391e-02,4.338289e-02,5.076187e-01,1.293257e-01,1.674854e-02,3.095931e-02,2.419877e-02
1.272693e-01,1.531966e-02,4.981631e-03,1.173430e-02,1.079687e-02,1.358309e-02,2.556697e-03,5.104965e-03,3.689768e-02,3.230911e-02,5.563837e-01,1.249537e-01,1.313430e-02,2.394626e-02,2.102870e-02
1.121239e-01,1.327921e-02,4.262832e-03,9.606012e-03,1.065600e-02,1.488054e-02,2.367193e-03,4.538200e-03,3.281074e-02,2.379473e-02,6.159954e-01,1.086814e-01,1.119594e-02,1.804028e-02,1.776755e-02
1.345107e-01,1.236004e-02,5.073252e-03,8.928287e-03,1.160048e-02,1.557283e-02,2.158198e-03,6.948963e-03,3.476473e-02,1.831299e-02,5.990080e-01,1.103839e-01,9.636763e-03,1.511597e-02,1.562491e-02
1.092729e-01,1.134503e-02,9.847433e-03,7.333656e-03,1.313963e-02,1.290180e-02,2.726926e-03,1.763302e-02,4.587070e-02,1.460853e-02,6.198381e-01,1.016076e-01,8.216105e-03,1.367920e-02,1.197934e-02
8.807557e-02,9.029565e-03,8.969636e-03,6.897707e-03,1.200380e-02,1.162867e-02,2.746955e-03,1.532731e-02,4.045887e-02,1.078729e-02,6.796528e-01,8.674297e-02,7.770817e-03,1.059862e-02,9.309410e-03
9.574033e-02,1.273894e-02,9.222868e-03,8.946025e-03,1.526454e-02,1.280424e-02,2.887229e-03,1.551146e-02,8.164022e-02,8.960186e-03,6.135715e-01,9.557594e-02,7.407970e-03,1.001197e-02,9.716607e-03
1.296028e-01,1.283608e-02,1.251482e-02,1.437329e-02,1.592050e-02,1.831818e-02,2.778258e-03,1.678285e-02,7.500790e-02,8.696417e-03,5.528927e-01,1.125600e-01,8.151038e-03,1.000630e-02,9.558913e-03
1.121480e-01,1.164202e-02,4.095046e-02,1.722442e-02,4.739216e-02,1.969942e-02,3.859248e-03,9.849885e-02,8.475851e-02,7.423082e-03,4.256719e-01,1.009117e-01,1.130686e-02,1.061875e-02,7.894654e-03
9.403297e-02,1.843909e-02,1.154570e-01,2.104562e-02,1.002287e-01,1.868742e-02,4.878542e-03,9.007499e-02,1.067130e-01,6.272214e-03,3.224593e-01,7.572632e-02,1.084633e-02,9.012200e-03,6.126225e-03
8.289064e-02,2.155100e-02,1.229734e-01,7.171649e-02,1.614116e-01,1.809589e-02,6.183663e-03,8.777771e-02,1.155845e-01,4.873278e-03,2.330668e-01,5.391368e-02,8.643303e-03,6.438333e-03,4.879716e-03
6.736670e-02,2.036368e-02,2.220246e-01,6.511164e-02,2.047533e-01,2.159005e-02,9.684669e-03,6.523753e-02,9.958174e-02,4.480638e-03,1.663146e-01,3.835384e-02,6.786173e-03,4.692986e-03,3.657893e-03
5.702598e-02,2.330426e-02,2.089167e-01,5.653936e-02,3.333914e-01,2.361486e-02,1.074582e-02,5.059482e-02,7.653864e-02,3.582208e-03,1.174902e-01,2.698670e-02,4.978769e-03,3.653469e-03,2.636845e-03
4.284193e-02,1.969261e-02,1.677131e-01,6.812348e-02,4.022112e-01,1.954638e-02,1.062169e-02,9.900251e-02,5.809704e-02,2.746839e-03,8.243275e-02,1.896389e-02,3.557985e-03,2.592535e-03,1.856054e-03
3.640784e-02,1.874122e-02,1.548245e-01,1.025586e-01,4.263519e-01,1.665846e-02,1.232725e-02,1.081783e-01,4.439947e-02,2.372383e-03,5.803088e-02,1.337030e-02,2.570309e-03,1.857821e-03,1.350805e-03
3.937496e-02,1.983323e-02,1.763595e-01,1.819945e-01,3.543049e-01,1.226571e-02,9.515386e-03,1.158076e-01,3.300465e-02,2.019878e-03,4.151842e-02,9.643752e-03,1.924135e-03,1.351818e-03,1.081645e-03
5.696446e-02,2.024545e-02,2.128238e-01,1.941736e-01,3.100240e-01,9.055988e-03,7.889407e-03,1.164386e-01,2.612611e-02,4.934753e-03,3.055791e-02,7.119807e-03,1.530057e-03,1.093883e-03,1.022300e-03
7.203416e-02,1.672120e-02,2.588208e-01,2.513034e-01,2.351791e-01,6.808129e-03,6.014958e-03,9.685735e-02,2.095960e-02,4.219192e-03,2.249095e-02,5.373245e-03,1.411563e-03,8.052711e-04,1.001124e-03
6.566028e-02,1.336284e-02,2.713233e-01,3.233540e-01,1.875321e-01,4.972438e-03,4.936617e-03,8.436707e-02,1.672201e-02,4.171566e-03,1.653218e-02,4.123180e-03,1.495062e-03,5.880481e-04,8.593737e-04
7.039194e-02,1.222554e-02,3.229073e-01,3.407789e-01,1.390664e-01,3.759740e-03,3.835248e-03,6.783082e-02,1.500022e-02,4.666874e-03,1.245839e-02,3.693425e-03,1.630549e-03,4.796647e-04,1.274954e-03
8.294109e-02,1.093526e-02,2.665925e-01,4.306288e-01,1.147972e-01,3.236226e-03,3.208136e-03,5.412635e-02,1.223616e-02,3.814274e-03,9.371595e-03,4.193536e-03,2.078476e-03,4.442374e-04,1.396073e-03
9.156917e-02,8.688039e-03,2.147492e-01,5.154033e-01,9.200628e-02,2.958013e-03,2.742324e-03,4.558364e-02,9.175898e-03,3.036735e-03,7.056263e-03,3.597185e-03,1.903197e-03,3.641766e-04,1.166595e-03
1.011257e-01,8.341547e-03,2.752373e-01,4.603412e-01,7.458374e-02,3.778171e-03,2.553225e-03,4.519112e-02,8.377206e-03,4.090368e-03,6.822427e-03,3.748733e-03,2.390557e-03,5.317174e-04,2.886987e-03
7.176475e-02,7.551950e-03,2.056921e-01,5.678256e-01,5.242958e-02,2.800841e-03,1.862667e-03,3.221756e-02,2.207807e-02,9.595229e-03,1.511382e-02,3.002744e-03,2.751748e-03,4.050475e-04,4.908342e-03
5.599511e-02,9.124829e-03,1.584066e-01,5.548170e-01,3.742597e-02,3.943350e-03,1.791847e-03,2.312916e-02,3.366806e-02,9.032981e-03,2.059855e-02,2.625987e-03,8.035225e-02,4.754508e-04,8.612916e-03
4.165391e-02,6.882739e-03,1.114339e-01,4.115717e-01,2.640717e-02,5.937794e-03,1.351912e-03,1.638279e-02,2.883490e-02,6.741392e-03,1.541735e-02,1.939283e-03,3.183663e-01,3.551799e-04,6.723628e-03
3.238225e-02,5.161407e-03,7.819379e-02,2.935009e-01,1.878361e-02,1.097651e-02,1.004116e-03,1.177852e-02,2.094804e-02,4.834271e-03,1.164044e-02,1.508222e-03,5.037934e-01,2.762048e-04,5.218272e-03
2.611184e-02,3.712376e-03,5.477095e-02,2.059490e-01,1.320599e-02,1.176764e-02,7.946916e-04,8.532939e-03,1.480212e-02,3.408279e-03,8.323941e-03,1.821514e-03,6.427834e-01,2.159598e-04,3.799363e-03
1.950831e-02,2.628239e-03,3.834832e-02,1.441942e-01,9.334927e-03,9.458327e-03,5.920009e-04,6.030248e-03,1.041999e-02,2.388837e-03,5.894634e-03,3.628158e-03,7.443706e-01,1.595547e-04,3.043663e-03
1.466298e-02,1.871266e-03,2.685782e-02,1.009589e-01,6.791098e-03,8.015864e-03,4.755011e-04,4.311717e-03,7.390933e-03,1.676432e-03,4.200281e-03,5.488202e-03,8.145303e-01,1.342001e-04,2.634545e-03
1.330780e-02,1.374464e-03,1.884325e-02,7.071267e-02,5.531734e-03,1.424670e-02,7.577117e-04,3.256829e-03,5.561159e-03,1.186336e-03,3.344210e-03,1.387347e-02,8.457119e-01,2.462105e-04,2.045526e-03
1.058909e-02,1.022680e-03,1.321454e-02,4.953147e-02,5.382455e-03,1.267336e-02,6.200097e-04,2.354713e-03,4.216789e-03,8.388086e-04,2.620850e-03,1.421794e-02,8.809173e-01,2.237206e-04,1.576224e-03
8.125674e-03,7.367295e-04,9.263227e-03,3.470185e-02,5.597487e-03,9.355293e-03,4.530975e-04,1.678837e-03,3.185685e-03,6.625285e-04,2.322057e-03,1.280187e-02,9.094907e-01,3.230181e-04,1.301986e-03
1.003975e-02,5.899647e-04,6.579664e-03,2.431630e-02,6.279351e-03,8.319385e-03,3.551263e-04,1.226761e-03,2.451114e-03,5.449780e-04,2.432359e-03,1.318159e-02,9.223320e-01,3.578355e-04,9.938378e-04
1.268634e-02,5.732994e-04,4.891952e-03,1.706357e-02,8.202534e-03,1.307986e-02,3.213337e-04,9.914057e-04,2.180613e-03,4.250683e-04,2.547798e-03,1.414467e-02,9.218180e-01,3.031760e-04,7.703435e-04
1.265219e-02,6.669417e-04,3.657556e-03,1.202783e-02,2.621590e-02,1.136442e-02,7.316609e-04,1.206951e-03,4.259387e-03,3.191171e-04,2.079055e-03,2.128580e-02,9.026307e-01,2.336549e-04,6.688259e-04
1.174747e-02,1.517869e-03,5.527373e-03,8.659427e-03,4.499070e-02,1.213235e-02,3.134399e-03,2.709189e-03,7.115430e-03,3.205052e-04,1.879798e-03,2.420262e-02,8.749978e-01,2.479442e-04,8.171623e-04
1.266961e-02,1.629723e-02,1.193474e-02,6.397174e-03,3.954229e-02,2.319390e-02,3.004108e-03,7.257399e-03,2.552810e-02,6.941876e-04,2.990413e-03,2.003887e-02,8.290137e-01,4.419722e-04,9.963802e-04
1.516816e-02,2.655053e-02,2.844700e-02,5.517572e-03,3.746744e-02,3.010201e-02,3.641061e-03,7.570853e-02,8.407480e-02,6.333853e-04,2.841578e-03,1.533423e-02,6.728365e-01,4.402880e-04,1.236971e-03
1.409793e-02,5.454416e-02,3.863464e-02,6.384985e-03,3.657020e-02,4.019026e-02,5.501709e-03,8.320440e-02,1.761259e-01,1.425858e-03,2.372984e-03,1.305085e-02,5.248454e-01,3.875338e-04,2.663227e-03
1.632102e-02,4.992288e-02,5.733605e-02,6.519978e-03,3.762107e-02,3.081260e-02,1.211959e-02,1.783871e-01,1.674608e-01,1.242550e-03,1.855279e-03,1.346987e-02,4.238439e-01,2.907121e-04,2.796614e-03
2.273255e-02,4.434397e-02,6.146357e-02,1.174582e-02,3.871637e-02,2.579908e-02,1.385992e-02,2.494643e-01,1.487831e-01,1.079879e-03,1.378066e-03,1.136731e-02,3.663899e-01,2.323249e-04,2.643839e-03
2.297620e-02,3.450881e-02,5.044032e-02,1.238344e-02,4.119211e-02,2.496954e-02,1.371679e-02,3.131762e-01,1.397062e-01,7.985040e-04,1.003635e-03,8.365558e-03,3.345347e-01,2.041618e-04,2.023786e-03
2.184261e-02,2.600708e-02,4.867284e-02,1.892436e-02,4.605832e-02,2.053238e-02,1.297775e-02,4.398363e-01,1.147868e-01,6.045722e-04,7.520284e-04,6.165458e-03,2.411264e-01,1.729230e-04,1.540151e-03
1.966007e-02,2.066923e-02,4.132693e-02,2.264149e-02,4.497656e-02,1.661136e-02,1.082000e-02,5.474807e-01,9.747583e-02,4.524337e-04,5.611283e-04,4.562141e-03,1.714847e-01,1.429945e-04,1.134416e-03
1.844118e-02,1.512027e-02,3.220969e-02,1.850286e-02,3.542253e-02,1.219464e-02,7.906005e-03,6.639825e-01,7.002614e-02,4.139950e-04,4.544001e-04,3.356348e-03,1.209293e-01,1.300173e-04,9.101917e-04
1.893206e-02,1.081936e-02,2.676002e-02,1.635161e-02,2.708699e-02,8.922490e-03,5.754773e-03,7.450826e-01,4.989534e-02,4.259515e-04,4.170360e-04,2.693031e-03,8.600578e-02,1.276860e-04,7.253097e-04
2.325819e-02,7.954774e-03,2.323197e-02,1.275343e-02,2.019452e-02,6.547902e-03,4.085579e-03,8.011900e-01,3.534676e-02,1.375787e-03,4.784338e-04,2.081975e-03,6.056730e-02,1.385970e-04,7.947769e-04
9.351902e-02,6.932319e-03,3.521604e-02,1.814780e-02,1.650384e-02,5.709306e-03,2.929162e-03,7.223054e-01,2.869947e-02,2.900603e-03,9.696919e-03,7.289385e-03,4.483547e-02,2.393900e-03,2.921282e-03
8.041678e-02,9.712699e-03,7.430882e-02,1.497255e-02,1.213296e-02,4.797554e-03,2.115052e-03,5.348545e-01,2.675773e-02,1.454913e-01,2.503537e-02,7.553061e-03,3.322100e-02,1.455839e-02,1.407226e-02
7.626881e-02,1.418412e-02,7.826331e-02,1.271468e-02,8.820091e-03,3.950274e-03,1.679712e-03,3.766008e-01,4.609063e-02,2.612916e-01,4.561165e-02,1.114338e-02,2.563204e-02,1.940489e-02,1.834396e-02
9.005071e-02,1.389292e-02,8.779524e-02,1.132275e-02,6.781390e-03,3.718287e-03,1.366615e-03,2.672593e-01,4.550841e-02,2.117003e-01,1.143977e-01,3.025831e-02,2.449378e-02,7.620875e-02,1.524558e-02
1.898743e-01,1.746381e-02,6.640970e-02,1.117241e-02,6.264563e-03,6.794347e-03,1.095469e-03,1.938981e-01,3.739397e-02,1.557225e-01,1.612753e-01,3.341906e-02,2.715105e-02,7.883130e-02,1.323400e-02
3.342475e-01,1.706201e-02,5.089081e-02,1.196128e-02,5.044878e-03,1.009827e-02,1.147914e-03,1.401966e-01,3.075449e-02,1.108810e-01,1.591671e-01,2.704447e-02,2.178092e-02,6.916761e-02,1.055509e-02
4.626713e-01,1.531738e-02,3.847774e-02,1.418982e-02,4.192600e-03,9.965713e-03,1.272290e-03,1.024890e-01,2.809414e-02,7.905823e-02,1.305283e-01,2.456668e-02,1.688404e-02,6.359417e-02,8.698625e-03
1.000000e+00,0.000000e+00,0.000000e+00,0.000000e+00,0.000000e+00,0.000000e+00,0.000000e+00,0.000000e+00,0.000000e+00,0.000000e+00,0.000000e+00,0.000000e+00,0.000000e+00,0.000000e+00,0.000000e+00
4.996873e-01,5.052927e-02,2.216700e-02,1.391733e-02,6.350088e-03,1.763412e-02,1.816988e-03,5.429745e-02,4.637532e-02,4.278351e-02,9.808367e-02,4.065402e-02,1.231847e-02,8.291924e-02,1.046622e-02
1.000000e+00,0.000000e+00,0.000000e+00,0.000000e+00,0.000000e+00,0.000000e+00,0.000000e+00,0.000000e+00,0.000000e+00,0.000000e+00,0.000000e+00,0.000000e+00,0.000000e+00,0.000000e+00,0.000000e+00
4.407078e-01,5.263824e-02,2.228193e-02,7.999288e-02,1.267247e-02,2.673132e-02,2.059154e-03,3.407215e-02,5.524580e-02,2.467469e-02,1.163023e-01,4.613324e-02,1.452278e-02,5.591187e-02,1.605334e-02
3.467335e-01,4.827314e-02,2.023152e-02,1.005574e-01,2.392042e-02,2.941688e-02,1.930256e-03,2.561067e-02,1.021049e-01,1.951966e-02,1.473678e-01,4.802525e-02,1.483288e-02,5.571418e-02,1.576156e-02
2.758905e-01,4.801523e-02,1.670869e-02,1.362412e-01,2.616104e-02,3.064704e-02,1.923122e-03,1.913995e-02,1.870682e-01,1.535067e-02,1.196525e-01,4.406437e-02,1.537517e-02,4.759184e-02,1.617048e-02
2.516070e-01,5.598795e-02,1.358891e-02,1.205204e-01,2.625781e-02,2.828835e-02,2.071161e-03,1.412784e-02,2.476102e-01,1.400236e-02,1.030898e-01,3.935360e-02,1.534910e-02,4.482318e-02,2.332230e-02
2.826643e-01,6.699205e-02,1.154420e-02,1.001339e-01,2.462297e-02,2.589191e-02,1.649676e-03,1.097747e-02,2.234484e-01,2.563888e-02,9.276903e-02,4.099899e-02,1.399130e-02,3.827263e-02,4.040429e-02
2.583910e-01,6.235308e-02,1.129068e-02,1.392858e-01,2.055238e-02,2.291324e-02,1.520874e-03,8.888442e-03,2.430106e-01,3.491557e-02,7.212037e-02,3.400180e-02,1.314313e-02,2.810898e-02,4.950405e-02
2.783259e-01,5.505863e-02,1.024004e-02,1.457797e-01,3.000998e-02,1.917811e-02,1.351552e-03,8.544457e-03,2.151344e-01,3.246271e-02,7.262647e-02,2.875778e-02,1.790287e-02,2.371454e-02,6.091290e-02
2.069949e-01,4.990077e-02,1.760736e-02,2.651197e-01,2.410107e-02,1.449242e-02,1.007751e-03,6.610374e-03,1.830205e-01,2.987925e-02,5.685103e-02,2.158314e-02,1.418641e-02,1.793707e-02,9.070831e-02
1.711154e-01,4.994852e-02,1.633480e-02,2.297981e-01,2.192538e-02,1.369820e-02,9.224020e-04,5.887026e-03,1.667542e-01,3.045344e-02,4.454218e-02,1.665376e-02,1.188789e-02,1.615923e-02,2.039196e-01
2.022509e-01,4.454695e-02,1.460943e-02,1.802408e-01,2.408627e-02,1.474019e-02,1.020253e-03,5.298110e-03,1.563173e-01,2.534908e-02,3.723947e-02,1.367268e-02,1.174415e-02,1.703032e-02,2.518542e-01
2.023559e-01,4.584050e-02,1.269754e-02,1.333700e-01,4.040085e-02,1.500441e-02,1.520683e-03,4.940517e-03,1.821730e-01,2.226621e-02,2.801183e-02,1.032744e-02,1.107499e-02,1.716905e-02,2.728471e-01
1.912830e-01,4.500544e-02,1.705514e-02,1.108040e-01,1.247138e-01,2.214582e-02,4.287323e-03,1.139063e-02,1.897309e-01,1.656799e-02,2.185426e-02,7.900259e-03,9.229485e-03,1.584759e-02,2.121844e-01
1.911254e-01,5.752192e-02,3.588796e-02,8.513398e-02,1.866434e-01,3.789637e-02,8.947596e-03,1.054860e-02,1.576899e-01,1.262351e-02,1.796210e-02,5.993502e-03,8.643557e-03,1.714975e-02,1.662326e-01
1.627430e-01,8.934163e-02,4.739856e-02,1.026212e-01,2.086947e-01,4.925196e-02,9.457674e-03,1.449195e-02,1.194404e-01,1.020592e-02,1.454803e-02,5.424186e-03,7.916407e-03,1.420437e-02,1.442600e-01
2.108548e-01,1.135337e-01,6.425988e-02,9.717362e-02,1.839420e-01,4.067556e-02,9.047566e-03,1.848780e-02,9.881798e-02,8.617566e-03,1.509494e-02,5.412295e-03,7.784173e-03,1.371758e-02,1.125807e-01
2.881138e-01,1.175784e-01,7.563897e-02,8.048780e-02,1.514060e-01,3.696233e-02,7.612156e-03,1.476389e-02,7.621534e-02,1.101350e-02,1.438989e-02,6.033374e-03,8.924853e-03,2.264279e-02,8.821696e-02
3.412423e-01,1.158849e-01,6.148129e-02,6.679565e-02,1.401324e-01,3.670675e-02,6.647080e-03,1.272525e-02,7.320169e-02,1.426963e-02,1.465894e-02,6.620792e-03,9.880195e-03,3.055994e-02,6.919326e-02
2.913104e-01,8.576130e-02,4.619354e-02,5.472290e-02,2.690982e-01,5.933716e-02,1.621798e-02,1.466790e-02,5.393138e-02,1.140840e-02,1.118073e-02,5.426779e-03,8.558404e-03,2.227726e-02,4.990779e-02
2.298372e-01,6.155195e-02,3.357377e-02,3.933782e-02,3.873315e-01,5.165973e-02,6.326655e-02,1.584530e-02,3.844174e-02,8.958426e-03,8.177553e-03,4.102837e-03,6.876078e-03,1.572431e-02,3.531523e-02
1.890467e-01,4.371751e-02,2.475800e-02,2.855792e-02,4.563183e-01,4.531420e-02,6.528360e-02,1.239175e-02,2.749791e-02,1.368758e-02,3.712639e-02,5.336523e-03,6.160312e-03,1.280246e-02,3.200087e-02
1.359626e-01,3.091719e-02,1.750581e-02,2.165191e-02,3.311422e-01,3.515828e-02,2.075629e-01,9.011380e-03,2.006215e-02,3.631550e-02,8.288571e-02,1.087357e-02,1.713433e-02,9.579713e-03,3.423680e-02
9.771536e-02,2.204981e-02,1.233500e-02,1.583474e-02,2.377100e-01,2.577128e-02,3.518974e-01,6.516218e-03,1.485384e-02,4.479627e-02,8.473650e-02,1.704399e-02,2.454590e-02,7.897435e-03,3.629625e-02
7.531459e-02,1.605588e-02,8.771728e-03,1.378228e-02,1.681484e-01,1.973099e-02,3.248580e-01,4.717106e-03,1.091246e-02,5.026221e-02,1.171480e-01,2.728793e-02,8.289211e-02,1.320095e-02,6.691735e-02
1.023166e-01,1.263063e-02,1.159881e-02,1.545680e-02,1.212670e-01,1.984103e-02,2.660552e-01,4.161559e-03,1.139488e-02,4.719123e-02,1.358294e-01,3.360058e-02,1.253017e-01,2.155187e-02,7.180274e-02
1.344031e-01,1.039809e-02,3.915593e-02,3.173932e-02,8.784653e-02,2.237983e-02,1.928021e-01,3.988410e-03,1.843848e-02,5.540778e-02,1.268837e-01,3.048944e-02,1.269623e-01,2.160217e-02,9.750284e-02
1.439346e-01,1.031250e-02,6.849065e-02,3.299360e-02,6.519009e-02,2.195341e-02,1.379628e-01,3.820180e-03,1.774414e-02,4.190278e-02,1.132525e-01,2.296331e-02,1.036722e-01,2.226699e-02,1.935401e-01
1.624028e-01,1.056852e-02,7.884140e-02,3.490984e-02,5.083014e-02,2.343284e-02,1.002839e-01,4.736560e-03,1.874317e-02,3.286585e-02,1.152699e-01,1.920927e-02,8.761786e-02,2.314847e-02,2.371394e-01
1.580468e-01,9.645159e-03,6.738751e-02,2.691795e-02,3.781839e-02,1.917955e-02,7.087101e-02,4.619650e-03,1.932277e-02,3.456651e-02,1.595548e-01,1.725187e-02,7.272857e-02,2.640608e-02,2.756833e-01
2.075663e-01,9.460924e-03,5.561237e-02,2.074759e-02,2.787104e-02,1.899269e-02,4.997243e-02,4.427311e-03,1.866214e-02,3.090877e-02,1.634699e-01,1.424367e-02,5.507680e-02,3.400294e-02,2.889851e-01
1.587733e-01,2.907720e-02,9.700632e-02,2.206388e-02,2.045592e-02,1.650227e-02,3.526451e-02,5.825490e-03,6.735501e-02,9.205451e-02,1.330764e-01,1.159518e-02,4.197888e-02,3.445663e-02,2.345144e-01
1.272962e-01,4.610009e-02,1.908091e-01,2.946545e-02,1.561118e-02,1.366495e-02,2.526456e-02,6.352114e-03,1.093330e-01,8.640686e-02,9.897711e-02,9.306036e-03,3.169362e-02,2.759843e-02,1.821212e-01
1.279969e-01,5.189127e-02,1.652121e-01,2.417081e-02,1.242048e-02,1.541778e-02,1.811982e-02,4.973624e-03,1.293252e-01,9.037139e-02,7.626673e-02,7.127870e-03,2.486402e-02,4.635863e-02,2.054833e-01
1.051635e-01,4.542941e-02,1.891040e-01,4.783896e-02,1.183481e-02,1.371766e-02,1.303678e-02,8.000659e-03,1.711747e-01,7.908604e-02,5.892581e-02,6.001478e-03,2.131461e-02,3.811700e-02,1.912546e-01
8.170887e-02,3.731702e-02,1.709637e-01,4.281154e-02,8.862730e-03,1.058331e-02,9.249339e-03,5.845836e-03,1.894677e-01,1.218242e-01,4.218851e-02,4.510438e-03,1.650510e-02,3.380071e-02,2.243610e-01
7.954545e-02,3.013726e-02,1.321410e-01,3.363406e-02,7.048546e-03,9.159153e-03,6.606697e-03,4.358741e-03,1.712464e-01,1.242422e-01,3.127256e-02,3.831849e-03,1.327765e-02,6.998216e-02,2.835162e-01
6.628792e-02,3.093553e-02,9.572923e-02,2.814845e-02,6.367224e-03,7.172461e-03,4.700452e-03,3.363282e-03,1.685498e-01,1.127379e-01,2.273688e-02,2.981724e-03,1.060428e-02,5.861263e-02,3.810722e-01
5.868389e-02,2.973382e-02,7.505047e-02,3.021754e-02,5.498384e-03,6.099716e-03,3.410373e-03,2.543859e-03,1.449400e-01,1.062028e-01,1.671755e-02,2.492130e-03,8.548768e-03,4.913615e-02,4.607246e-01
5.183472e-02,2.774084e-02,5.513306e-02,3.084921e-02,4.614239e-03,5.792463e-03,2.429545e-03,1.915054e-03,1.364619e-01,9.746622e-02,1.315736e-02,2.629249e-03,6.668938e-03,4.621923e-02,5.170880e-01
4.679410e-02,2.458491e-02,4.100766e-02,2.356877e-02,3.883890e-03,4.807541e-03,1.742348e-03,1.491769e-03,1.152783e-01,9.055089e-02,9.913528e-03,2.053408e-03,4.899119e-03,4.592729e-02,5.834965e-01
7.668126e-02,2.797423e-02,3.538795e-02,2.735096e-02,1.030370e-02,1.032845e-02,1.485097e-03,1.667373e-03,1.214990e-01,7.477877e-02,8.166840e-03,1.693616e-03,4.293018e-03,4.242675e-02,5.559629e-01
7.871452e-02,3.419954e-02,1.129444e-01,7.407299e-02,1.313346e-02,9.645568e-03,1.163184e-03,1.898757e-03,1.213218e-01,6.043338e-02,6.705502e-03,1.429570e-03,3.286598e-03,3.074551e-02,4.503052e-01
6.764665e-02,2.928981e-02,1.826181e-01,7.217518e-02,1.188357e-02,7.734771e-03,9.041567e-04,2.291556e-03,1.225040e-01,6.211931e-02,5.555104e-03,1.202483e-03,2.549435e-03,2.345431e-02,4.080715e-01
5.931271e-02,2.535785e-02,2.472344e-01,1.593707e-01,1.155846e-02,6.682726e-03,7.569371e-04,2.970432e-03,1.143720e-01,5.141389e-02,4.824721e-03,9.627098e-04,2.094261e-03,1.662819e-02,2.964600e-01
5.572695e-02,2.462126e-02,3.014914e-01,1.374107e-01,9.891150e-03,5.637809e-03,5.982156e-04,2.451500e-03,1.166119e-01,5.524491e-02,6.085094e-03,8.155509e-04,1.757976e-03,1.446553e-02,2.671900e-01
1.017224e-01,2.721014e-02,3.546918e-01,1.085697e-01,9.171452e-03,4.913688e-03,5.296923e-04,4.448115e-03,1.012822e-01,5.468879e-02,9.357323e-03,1.418955e-03,1.842888e-03,1.778238e-02,2.023704e-01
2.733655e-01,3.717555e-02,2.802793e-01,8.911423e-02,1.226621e-02,6.752554e-03,8.793353e-04,1.036518e-02,7.450572e-02,3.955417e-02,8.427611e-03,3.759489e-03,2.952059e-03,1.371512e-02,1.468880e-01
4.027017e-01,4.102724e-02,2.126708e-01,6.949849e-02,1.660656e-02,8.423589e-03,1.454259e-03,2.588833e-02,5.525208e-02,2.913489e-02,6.786598e-03,5.096545e-03,3.238241e-03,1.125132e-02,1.109694e-01
4.234712e-01,5.405473e-02,1.903084e-01,1.107870e-01,1.604402e-02,8.256327e-03,1.560863e-03,2.118757e-02,4.165084e-02,2.178917e-02,6.162446e-03,6.959574e-03,2.919260e-03,9.003272e-03,8.584533e-02
4.703143e-01,6.421807e-02,1.894218e-01,9.094746e-02,1.581920e-02,9.462133e-03,1.731278e-03,1.691481e-02,3.198466e-02,1.767956e-02,5.506802e-03,7.614918e-03,3.083580e-03,8.110315e-03,6.719112e-02
