1.000000e+00,0.000000e+00,0.000000e+00,0.000000e+00,0.000000e+00,0.000000e+00,0.000000e+00,0.000000e+00,0.000000e+00,0.000000e+00,0.000000e+00,0.000000e+00,0.000000e+00,0.000000e+00,0.000000e+00
1.000000e+00,0.000000e+00,0.000000e+00,0.000000e+00,0.000000e+00,0.000000e+00,0.000000e+00,0.000000e+00,0.000000e+00,0.000000e+00,0.000000e+00,0.000000e+00,0.000000e+00,0.000000e+00,0.000000e+00
1.000000e+00,0.000000e+00,0.000000e+00,0.000000e+00,0.000000e+00,0.000000e+00,0.000000e+00,0.000000e+00,0.000000e+00,0.000000e+00,0.000000e+00,0.000000e+00,0.000000e+00,0.000000e+00,0.000000e+00
1.000000e+00,0.000000e+00,0.000000e+00,0.000000e+00,0.000000e+00,0.000000e+00,0.000000e+00,0.000000e+00,0.000000e+00,0.000000e+00,0.000000e+00,0.000000e+00,0.000000e+00,0.000000e+00,0.000000e+00
1.000000e+00,0.000000e+00,0.000000e+00,0.000000e+00,0.000000e+00,0.000000e+00,0.000000e+00,0.000000e+00,0.000000e+00,0.000000e+00,0.000000e+00,0.000000e+00,0.000000e+00,0.000000e+00,0.000000e+00
1.000000e+00,0.000000e+00,0.000000e+00,0.000000e+00,0.000000e+00,0.000000e+00,0.000000e+00,0.000000e+00,0.000000e+00,0.000000e+00,0.000000e+00,0.000000e+00,0.000000e+00,0.000000e+00,0.000000e+00
1.000000e+00,0.000000e+00,0.000000e+00,0.000000e+00,0.000000e+00,0.000000e+00,0.000000e+00,0.000000e+00,0.000000e+00,0.000000e+00,0.000000e+00,0.000000e+00,0.000000e+00,0.000000e+00,0.000000e+00
1.000000e+00,0.000000e+00,0.000000e+00,0.000000e+00,0.000000e+00,0.000000e+00,0.000000e+00,0.000000e+00,0.000000e+00,0.000000e+00,0.000000e+00,0.000000e+00,0.000000e+00,0.000000e+00,0.000000e+00
1.000000e+00,0.000000e+00,0.000000e+00,0.000000e+00,0.000000e+00,0.000000e+00,0.000000e+00,0.000000e+00,0.000000e+00,0.000000e+00,0.000000e+00,0.000000e+00,0.000000e+00,0.000000e+00,0.000000e+00
1.000000e+00,0.000000e+00,0.000000e+00,0.000000e+00,0.000000e+00,0.000000e+00,0.000000e+00,0.000000e+00,0.000000e+00,0.000000e+00,0.000000e+00,0.000000e+00,0.000000e+00,0.000000e+00,0.000000e+00
1.000000e+00,0.000000e+00,0.000000e+00,0.000000e+00,0.000000e+00,0.000000e+00,0.000000e+00,0.000000e+00,0.000000e+00,0.000000e+00,0.000000e+00,0.000000e+00,0.000000e+00,0.000000e+00,0.000000e+00
1.000000e+00,0.000000e+00,0.000000e+00,0.000000e+00,0.000000e+00,0.000000e+00,0.000000e+00,0.000000e+00,0.000000e+00,0.000000e+00,0.000000e+00,0.000000e+00,0.000000e+00,0.000000e+00,0.000000e+00
1.000000e+00,0.000000e+00,0.000000e+00,0.000000e+00,0.000000e+00,0.000000e+00,0.000000e+00,0.000000e+00,0.000000e+00,0.000000e+00,0.000000e+00,0.000000e+00,0.000000e+00,0.000000e+00,0.000000e+00
1.000000e+00,0.000000e+00,0.000000e+00,0.000000e+00,0.000000e+00,0.000000e+00,0.000000e+00,0.000000e+00,0.000000e+00,0.000000e+00,0.000000e+00,0.000000e+00,0.000000e+00,0.000000e+00,0.000000e+00
1.000000e+00,0.000000e+00,0.000000e+00,0.000000e+00,0.000000e+00,0.000000e+00,0.000000e+00,0.000000e+00,0.000000e+00,0.000000e+00,0.000000e+00,0.000000e+00,0.000000e+00,0.000000e+00,0.000000e+00
1.000000e+00,0.000000e+00,0.000000e+00,0.000000e+00,0.000000e+00,0.000000e+00,0.000000e+00,0.000000e+00,0.000000e+00,0.000000e+00,0.000000e+00,0.000000e+00,0.000000e+00,0.000000e+00,0.000000e+00
1.000000e+00,0.000000e+00,0.000000e+00,0.000000e+00,0.000000e+00,0.000000e+00,0.000000e+00,0.000000e+00,0.000000e+00,0.000000e+00,0.000000e+00,0.000000e+00,0.000000e+00,0.000000e+00,0.000000e+00
1.000000e+00,0.000000e+00,0.000000e+00,0.000000e+00,0.000000e+00,0.000000e+00,0.000000e+00,0.000000e+00,0.000000e+00,0.000000e+00,0.000000e+00,0.000000e+00,0.000000e+00,0.000000e+00,0.000000e+00
1.000000e+00,0.000000e+00,0.000000e+00,0.000000e+00,0.000000e+00,0.000000e+00,0.000000e+00,0.000000e+00,0.000000e+00,0.000000e+00,0.000000e+00,0.000000e+00,0.000000e+00,0.000000e+00,0.000000e+00
1.000000e+00,0.000000e+00,0.000000e+00,0.000000e+00,0.000000e+00,0.000000e+00,0.000000e+00,0.000000e+00,0.000000e+00,0.000000e+00,0.000000e+00,0.000000e+00,0.000000e+00,0.000000e+00,0.000000e+00
1.000000e+00,0.000000e+00,0.000000e+00,0.000000e+00,0.000000e+00,0.000000e+00,0.000000e+00,0.000000e+00,0.000000e+00,0.000000e+00,0.000000e+00,0.000000e+00,0.000000e+00,0.000000e+00,0.000000e+00
1.000000e+00,0.000000e+00,0.000000e+00,0.000000e+00,0.000000e+00,0.000000e+00,0.000000e+00,0.000000e+00,0.000000e+00,0.000000e+00,0.000000e+00,0.000000e+00,0.000000e+00,0.000000e+00,0.000000e+00
1.000000e+00,0.000000e+00,0.000000e+00,0.000000e+00,0.000000e+00,0.000000e+00,0.000000e+00,0.000000e+00,0.000000e+00,0.000000e+00,0.000000e+00,0.000000e+00,0.000000e+00,0.000000e+00,0.000000e+00
1.000000e+00,0.000000e+00,0.000000e+00,0.000000e+00,0.000000e+00,0.000000e+00,0.000000e+00,0.000000e+00,0.000000e+00,0.000000e+00,0.000000e+00,0.000000e+00,0.000000e+00,0.000000e+00,0.000000e+00
1.000000e+00,0.000000e+00,0.000000e+00,0.000000e+00,0.000000e+00,0.000000e+00,0.000000e+00,0.000000e+00,0.000000e+00,0.000000e+00,0.000000e+00,0.000000e+00,0.000000e+00,0.000000e+00,0.000000e+00
1.000000e+00,0.000000e+00,0.000000e+00,0.000000e+00,0.000000e+00,0.000000e+00,0.000000e+00,0.000000e+00,0.000000e+00,0.000000e+00,0.000000e+00,0.000000e+00,0.000000e+00,0.000000e+00,0.000000e+00
1.000000e+00,0.000000e+00,0.000000e+00,0.000000e+00,0.000000e+00,0.000000e+00,0.000000e+00,0.000000e+00,0.000000e+00,0.000000e+00,0.000000e+00,0.000000e+00,0.000000e+00,0.000000e+00,0.000000e+00
1.000000e+00,0.000000e+00,0.000000e+00,0.000000e+00,0.000000e+00,0.000000e+00,0.000000e+00,0.000000e+00,0.000000e+00,0.000000e+00,0.000000e+00,0.000000e+00,0.000000e+00,0.000000e+00,0.000000e+00
1.000000e+00,0.000000e+00,0.000000e+00,0.000000e+00,0.000000e+00,0.000000e+00,0.000000e+00,0.000000e+00,0.000000e+00,0.000000e+00,0.000000e+00,0.000000e+00,0.000000e+00,0.000000e+00,0.000000e+00
4.187005e-01,7.785586e-02,5.867095e-02,1.886125e-01,1.900208e-02,2.064862e-02,6.265474e-03,1.753067e-02,2.149674e-02,6.871466e-03,1.916690e-02,3.341007e-02,1.736615e-02,8.519775e-03,8.588222e-02
4.873063e-01,7.102263e-02,4.690168e-02,1.524547e-01,2.064330e-02,2.028399e-02,6.479557e-03,1.608003e-02,2.083148e-02,5.909659e-03,1.986098e-02,3.079742e-02,1.789025e-02,1.002159e-02,7.351648e-02
4.692851e-01,6.825729e-02,4.901189e-02,1.401040e-01,2.034126e-02,2.248570e-02,6.733451e-03,1.704749e-02,2.588830e-02,7.039235e-03,2.758671e-02,3.223335e-02,1.951489e-02,1.423040e-02,8.024097e-02
4.156292e-01,7.233793e-02,6.532295e-02,2.019668e-01,1.946900e-02,1.897059e-02,5.889490e-03,1.955944e-02,2.515995e-02,5.530072e-03,2.795905e-02,2.875331e-02,1.652678e-02,1.125501e-02,6.567044e-02
1.000000e+00,0.000000e+00,0.000000e+00,0.000000e+00,0.000000e+00,0.000000e+00,0.000000e+00,0.000000e+00,0.000000e+00,0.000000e+00,0.000000e+00,0.000000e+00,0.000000e+00,0.000000e+00,0.000000e+00
1.000000e+00,0.000000e+00,0.000000e+00,0.000000e+00,0.000000e+00,0.000000e+00,0.000000e+00,0.000000e+00,0.000000e+00,0.000000e+00,0.000000e+00,0.000000e+00,0.000000e+00,0.000000e+00,0.000000e+00
1.000000e+00,0.000000e+00,0.000000e+00,0.000000e+00,0.000000e+00,0.000000e+00,0.000000e+00,0.000000e+00,0.000000e+00,0.000000e+00,0.000000e+00,0.000000e+00,0.000000e+00,0.000000e+00,0.000000e+00
1.000000e+00,0.000000e+00,0.000000e+00,0.000000e+00,0.000000e+00,0.000000e+00,0.000000e+00,0.000000e+00,0.000000e+00,0.000000e+00,0.000000e+00,0.000000e+00,0.000000e+00,0.000000e+00,0.000000e+00
1.000000e+00,0.000000e+00,0.000000e+00,0.000000e+00,0.000000e+00,0.000000e+00,0.000000e+00,0.000000e+00,0.000000e+00,0.000000e+00,0.000000e+00,0.000000e+00,0.000000e+00,0.000000e+00,0.000000e+00
1.000000e+00,0.000000e+00,0.000000e+00,0.000000e+00,0.000000e+00,0.000000e+00,0.000000e+00,0.000000e+00,0.000000e+00,0.000000e+00,0.000000e+00,0.000000e+00,0.000000e+00,0.000000e+00,0.000000e+00
1.000000e+00,0.000000e+00,0.000000e+00,0.000000e+00,0.000000e+00,0.000000e+00,0.000000e+00,0.000000e+00,0.000000e+00,0.000000e+00,0.000000e+00,0.000000e+00,0.000000e+00,0.000000e+00,0.000000e+00
1.000000e+00,0.000000e+00,0.000000e+00,0.000000e+00,0.000000e+00,0.000000e+00,0.000000e+00,0.000000e+00,0.000000e+00,0.000000e+00,0.000000e+00,0.000000e+00,0.000000e+00,0.000000e+00,0.000000e+00
1.000000e+00,0.000000e+00,0.000000e+00,0.000000e+00,0.000000e+00,0.000000e+00,0.000000e+00,0.000000e+00,0.000000e+00,0.000000e+00,0.000000e+00,0.000000e+00,0.000000e+00,0.000000e+00,0.000000e+00
1.000000e+00,0.000000e+00,0.000000e+00,0.000000e+00,0.000000e+00,0.000000e+00,0.000000e+00,0.000000e+00,0.000000e+00,0.000000e+00,0.000000e+00,0.000000e+00,0.000000e+00,0.000000e+00,0.000000e+00
1.000000e+00,0.000000e+00,0.000000e+00,0.000000e+00,0.000000e+00,0.000000e+00,0.000000e+00,0.000000e+00,0.000000e+00,0.000000e+00,0.000000e+00,0.000000e+00,0.000000e+00,0.000000e+00,0.000000e+00
1.000000e+00,0.000000e+00,0.000000e+00,0.000000e+00,0.000000e+00,0.000000e+00,0.000000e+00,0.000000e+00,0.000000e+00,0.000000e+00,0.000000e+00,0.000000e+00,0.000000e+00,0.000000e+00,0.000000e+00
1.000000e+00,0.000000e+00,0.000000e+00,0.000000e+00,0.000000e+00,0.000000e+00,0.000000e+00,0.000000e+00,0.000000e+00,0.000000e+00,0.000000e+00,0.000000e+00,0.000000e+00,0.000000e+00,0.000000e+00
1.000000e+00,0.000000e+00,0.000000e+00,0.000000e+00,0.000000e+00,0.000000e+00,0.000000e+00,0.000000e+00,0.000000e+00,0.000000e+00,0.000000e+00,0.000000e+00,0.000000e+00,0.000000e+00,0.000000e+00
1.000000e+00,0.000000e+00,0.000000e+00,0.000000e+00,0.000000e+00,0.000000e+00,0.000000e+00,0.000000e+00,0.000000e+00,0.000000e+00,0.000000e+00,0.000000e+00,0.000000e+00,0.000000e+00,0.000000e+00
1.000000e+00,0.000000e+00,0.000000e+00,0.000000e+00,0.000000e+00,0.000000e+00,0.000000e+00,0.000000e+00,0.000000e+00,0.000000e+00,0.000000e+00,0.000000e+00,0.000000e+00,0.000000e+00,0.000000e+00
1.000000e+00,0.000000e+00,0.000000e+00,0.000000e+00,0.000000e+00,0.000000e+00,0.000000e+00,0.000000e+00,0.000000e+00,0.000000e+00,0.000000e+00,0.000000e+00,0.000000e+00,0.000000e+00,0.000000e+00
1.000000e+00,0.000000e+00,0.000000e+00,0.000000e+00,0.000000e+00,0.000000e+00,0.000000e+00,0.000000e+00,0.000000e+00,0.000000e+00,0.000000e+00,0.000000e+00,0.000000e+00,0.000000e+00,0.000000e+00
1.000000e+00,0.000000e+00,0.000000e+00,0.000000e+00,0.000000e+00,0.000000e+00,0.000000e+00,0.000000e+00,0.000000e+00,0.000000e+00,0.000000e+00,0.000000e+00,0.000000e+00,0.000000e+00,0.000000e+00
1.000000e+00,0.000000e+00,0.000000e+00,0.000000e+00,0.000000e+00,0.000000e+00,0.000000e+00,0.000000e+00,0.000000e+00,0.000000e+00,0.000000e+00,0.000000e+00,0.000000e+00,0.000000e+00,0.000000e+00
1.000000e+00,0.000000e+00,0.000000e+00,0.000000e+00,0.000000e+00,0.000000e+00,0.000000e+00,0.000000e+00,0.000000e+00,0.000000e+00,0.000000e+00,0.000000e+00,0.000000e+00,0.000000e+00,0.000000e+00
1.000000e+00,0.000000e+00,0.000000e+00,0.000000e+00,0.000000e+00,0.000000e+00,0.000000e+00,0.000000e+00,0.000000e+00,0.000000e+00,0.000000e+00,0.000000e+00,0.000000e+00,0.000000e+00,0.000000e+00
1.000000e+00,0.000000e+00,0.000000e+00,0.000000e+00,0.000000e+00,0.000000e+00,0.000000e+00,0.000000e+00,0.000000e+00,0.000000e+00,0.000000e+00,0.000000e+00,0.000000e+00,0.000000e+00,0.000000e+00
1.000000e+00,0.000000e+00,0.000000e+00,0.000000e+00,0.000000e+00,0.000000e+00,0.000000e+00,0.000000e+00,0.000000e+00,0.000000e+00,0.000000e+00,0.000000e+00,0.000000e+00,0.000000e+00,0.000000e+00
1.000000e+00,0.000000e+00,0.000000e+00,0.000000e+00,0.000000e+00,0.000000e+00,0.000000e+00,0.000000e+00,0.000000e+00,0.000000e+00,0.000000e+00,0.000000e+00,0.000000e+00,0.000000e+00,0.000000e+00
1.000000e+00,0.000000e+00,0.000000e+00,0.000000e+00,0.000000e+00,0.000000e+00,0.000000e+00,0.000000e+00,0.000000e+00,0.000000e+00,0.000000e+00,0.000000e+00,0.000000e+00,0.000000e+00,0.000000e+00
3.685245e-01,6.098755e-03,3.674518e-03,1.379903e-02,3.189077e-03,6.486737e-03,2.346318e-03,5.679115e-01,1.777528e-03,7.185825e-04,3.506682e-03,9.640881e-03,6.508131e-03,9.754796e-04,4.842305e-03
2.609569e-01,4.359470e-03,2.821235e-03,9.796340e-03,2.420282e-03,4.902567e-03,2.008112e-03,6.923946e-01,1.261611e-03,5.142787e-04,2.660688e-03,6.882268e-03,4.679656e-03,8.856830e-04,3.456336e-03
1.892945e-01,3.183448e-03,2.162599e-03,7.042436e-03,2.365049e-03,3.979227e-03,1.949514e-03,7.748055e-01,9.254810e-04,3.805618e-04,2.067041e-03,5.074260e-03,3.541142e-03,7.486202e-04,2.480628e-03
1.396727e-01,2.391598e-03,1.675097e-03,5.263146e-03,3.169362e-03,3.467387e-03,2.945441e-03,8.285397e-01,7.288216e-04,2.977533e-04,1.724216e-03,4.049409e-03,3.395844e-03,8.505057e-04,1.828988e-03
1.024934e-01,1.988460e-03,1.281037e-03,4.172197e-03,2.996217e-03,3.753884e-03,2.775668e-03,8.553187e-01,9.099243e-04,2.887767e-04,2.842233e-03,4.217122e-03,1.430331e-02,1.103449e-03,1.555736e-03
7.460801e-02,5.069314e-03,1.532471e-03,6.254643e-03,4.511257e-03,3.512401e-03,2.983170e-03,8.233832e-01,8.395683e-03,6.937623e-03,7.696024e-03,6.092677e-03,3.952344e-02,1.953820e-03,7.546359e-03
5.664096e-02,6.279834e-02,1.508020e-02,3.277332e-02,6.324410e-03,3.524105e-03,2.949124e-03,6.367527e-01,3.555013e-02,3.876292e-02,1.564565e-02,9.865088e-03,6.197256e-02,2.389970e-03,1.897059e-02
4.045234e-02,7.922399e-02,1.866049e-02,1.084417e-01,5.018778e-03,3.541958e-03,2.692773e-03,4.753537e-01,6.819337e-02,4.609804e-02,1.787848e-02,8.867864e-03,7.808632e-02,1.877224e-03,4.561304e-02
3.019340e-02,1.731701e-01,2.141384e-02,1.141624e-01,4.077835e-03,3.362400e-03,2.157238e-03,3.361373e-01,1.499343e-01,3.982345e-02,1.411697e-02,6.947914e-03,6.034965e-02,1.559561e-03,4.259363e-02
2.552413e-02,2.719689e-01,1.876162e-02,9.100023e-02,4.003964e-03,4.222436e-03,1.837503e-03,2.369467e-01,1.902413e-01,2.991592e-02,1.239221e-02,5.192159e-03,6.375577e-02,1.370857e-03,4.286625e-02
1.946981e-02,3.628446e-01,1.834904e-02,7.533050e-02,2.967467e-03,3.449336e-03,1.337563e-03,1.660446e-01,2.293478e-01,2.314180e-02,9.721817e-03,5.258532e-03,4.781334e-02,1.338488e-03,3.358537e-02
3.011018e-02,2.734595e-01,1.400024e-02,5.904277e-02,2.534828e-03,8.613073e-03,1.312986e-03,1.174627e-01,2.149585e-01,1.645696e-02,8.860826e-03,6.925990e-03,2.117229e-01,1.559200e-03,3.297937e-02
4.417032e-02,1.956006e-01,1.013935e-02,4.339233e-02,2.365348e-03,9.123892e-03,1.212762e-03,8.333310e-02,1.760332e-01,1.163389e-02,7.326000e-03,9.697092e-03,3.675139e-01,1.802520e-03,3.665575e-02
1.073952e-01,1.431224e-01,9.882817e-03,3.417668e-02,2.054625e-03,1.074024e-02,1.371998e-03,5.973177e-02,1.626589e-01,8.736713e-03,6.179112e-03,2.148537e-02,3.905100e-01,4.269333e-03,3.768491e-02
9.582522e-02,1.019816e-01,7.394221e-03,2.480630e-02,2.074453e-03,1.331493e-02,1.281345e-03,4.248978e-02,1.174074e-01,6.238212e-03,4.790213e-03,2.514735e-02,5.191964e-01,3.302547e-03,3.475006e-02
9.805101e-02,7.324315e-02,7.804126e-03,1.941480e-02,3.117856e-03,1.690852e-02,2.238301e-03,3.018564e-02,8.538973e-02,4.829114e-03,6.669414e-03,3.610545e-02,5.848269e-01,3.036113e-03,2.817993e-02
8.081729e-02,5.162937e-02,6.517106e-03,1.416617e-02,3.445728e-03,3.992545e-02,3.083062e-03,2.132914e-02,6.133267e-02,3.594118e-03,1.005828e-02,7.272720e-02,6.074973e-01,2.625485e-03,2.125167e-02
6.667646e-02,3.649978e-02,4.944406e-03,1.009390e-02,6.960385e-03,3.018813e-02,2.555004e-03,1.508626e-02,4.394612e-02,2.722839e-03,1.113173e-02,8.978905e-02,6.589531e-01,2.345733e-03,1.810715e-02
1.231331e-01,2.636962e-02,4.373683e-03,8.114689e-03,1.057910e-02,2.424270e-02,2.157861e-03,1.111501e-02,3.694890e-02,3.436110e-03,1.821027e-02,1.038956e-01,6.062868e-01,5.785035e-03,1.535168e-02
1.251553e-01,1.985820e-02,5.667423e-03,6.378357e-03,1.717243e-02,2.047157e-02,2.469032e-03,9.080456e-03,3.170972e-02,3.717169e-03,1.801663e-02,1.155383e-01,6.057963e-01,5.449752e-03,1.351943e-02
1.091560e-01,1.484155e-02,8.219376e-03,7.637947e-03,1.974252e-02,1.708552e-02,2.766781e-03,8.847422e-03,3.430811e-02,5.068319e-03,3.880955e-02,1.557609e-01,5.590093e-01,6.201488e-03,1.254528e-02
1.004326e-01,1.183217e-02,1.083662e-02,6.883959e-03,2.248538e-02,1.815190e-02,4.329372e-03,1.176555e-02,3.903070e-02,4.946025e-03,3.710929e-02,1.821929e-01,5.229827e-01,5.910129e-03,2.111067e-02
9.172897e-02,9.412779e-03,1.146162e-02,5.653824e-03,2.505469e-02,1.781658e-02,8.783158e-03,2.903953e-02,3.482563e-02,4.185442e-03,3.021682e-02,2.187524e-01,4.820759e-01,5.741772e-03,2.525085e-02
9.022987e-02,7.061975e-03,1.248831e-02,4.518188e-03,2.474072e-02,1.646556e-02,1.315041e-02,2.285386e-01,2.616175e-02,3.370478e-03,2.344243e-02,1.613853e-01,3.571023e-01,4.897486e-03,2.644668e-02
9.885952e-02,6.097397e-03,1.258061e-02,3.864774e-03,2.679746e-02,1.683816e-02,2.661420e-02,3.180496e-01,2.343281e-02,3.051917e-03,1.809699e-02,1.255164e-01,2.864003e-01,3.989334e-03,2.981057e-02
9.140064e-02,5.735162e-03,1.028523e-02,3.859675e-03,2.252932e-02,2.000096e-02,2.452720e-02,4.257935e-01,1.963373e-02,2.323120e-03,1.340248e-02,9.649549e-02,2.380691e-01,2.989687e-03,2.295467e-02
1.058396e-01,6.574926e-03,8.690922e-03,4.016662e-03,1.940796e-02,2.852954e-02,3.445842e-02,4.790531e-01,1.850560e-02,1.936960e-03,1.014444e-02,7.439480e-02,1.882125e-01,2.331371e-03,1.790315e-02
1.373311e-01,6.748120e-03,8.008468e-03,3.936882e-03,1.706820e-02,2.965725e-02,4.422373e-02,5.017771e-01,1.664533e-02,1.630771e-03,8.097722e-03,5.789840e-02,1.504269e-01,2.050313e-03,1.449976e-02
1.406645e-01,6.832469e-03,7.722501e-03,3.447722e-03,1.436063e-02,2.618738e-02,4.818177e-02,5.361888e-01,1.560341e-02,1.691606e-03,6.166771e-03,4.338967e-02,1.328062e-01,1.773899e-03,1.498257e-02
1.631209e-01,8.261757e-03,8.549208e-03,3.676256e-03,1.431446e-02,2.913339e-02,5.170701e-02,5.151126e-01,1.516588e-02,1.819663e-03,5.114356e-03,3.452775e-02,1.310837e-01,1.787188e-03,1.662591e-02
1.495740e-01,7.499962e-03,8.560596e-03,3.293176e-03,1.196430e-02,3.457506e-02,5.964326e-02,5.566801e-01,1.336735e-02,1.522640e-03,4.054058e-03,2.656715e-02,1.085834e-01,1.422770e-03,1.269211e-02
1.482226e-01,8.030271e-03,9.212676e-03,3.621880e-03,1.079424e-02,3.213322e-02,5.892882e-02,5.931677e-01,1.532019e-02,1.266242e-03,3.217953e-03,2.028953e-02,8.471057e-02,1.122194e-03,9.961990e-03
1.430601e-01,7.756816e-03,8.406672e-03,3.184560e-03,1.021839e-02,2.770036e-02,5.988036e-02,6.286647e-01,1.764036e-02,1.062113e-03,2.488291e-03,1.542742e-02,6.562340e-02,9.005502e-04,7.985890e-03
1.254942e-01,6.042243e-03,6.816092e-03,2.414674e-03,7.984341e-03,2.219002e-02,5.611616e-02,6.894336e-01,1.465057e-02,8.292353e-04,1.861319e-03,1.127011e-02,4.811878e-02,6.532092e-04,6.125555e-03
1.101890e-01,4.486911e-03,5.704923e-03,1.873823e-03,6.675754e-03,1.852461e-02,6.455571e-02,7.241583e-01,1.174446e-02,6.432205e-04,1.429732e-03,8.333476e-03,3.643356e-02,4.731025e-04,4.773494e-03
8.567552e-02,3.252106e-03,4.437509e-03,1.443915e-03,5.248108e-03,1.405477e-02,4.864875e-02,7.912638e-01,8.747475e-03,4.630872e-04,1.043254e-03,5.965205e-03,2.599764e-02,3.369332e-04,3.421943e-03
8.991588e-02,2.674888e-03,4.392994e-03,1.896813e-03,4.981718e-03,2.064411e-02,4.480890e-02,7.893591e-01,6.765716e-03,4.422006e-04,1.039120e-03,6.286123e-03,2.332362e-02,3.241277e-04,3.144790e-03
9.895786e-02,2.216058e-03,3.597668e-03,1.928386e-03,4.362152e-03,2.070593e-02,4.027160e-02,7.672668e-01,5.158571e-03,5.036762e-04,2.565059e-03,1.611566e-02,3.181012e-02,7.142419e-04,3.826350e-03
1.438393e-01,2.127165e-03,3.548051e-03,2.684824e-03,6.231155e-03,2.482857e-02,5.415600e-02,6.064252e-01,5.793386e-03,1.254273e-03,1.075804e-02,3.256006e-02,9.324588e-02,2.672519e-03,9.875678e-03
1.578509e-01,2.118840e-03,3.229031e-03,4.131346e-03,2.107616e-02,2.445743e-02,7.836319e-02,5.183575e-01,6.095839e-03,1.649371e-03,1.996178e-02,3.084068e-02,1.195520e-01,2.428091e-03,9.887901e-03
1.983064e-01,2.377421e-03,4.248596e-03,5.312895e-03,2.404275e-02,2.543238e-02,9.739728e-02,4.303619e-01,5.928732e-03,2.021096e-03,2.193580e-02,3.120871e-02,1.360780e-01,2.330435e-03,1.301764e-02
2.161804e-01,2.207260e-03,4.951003e-03,4.615620e-03,2.160374e-02,4.515806e-02,8.260888e-02,3.092494e-01,5.347891e-03,1.808601e-03,1.683599e-02,3.131077e-02,2.403783e-01,2.014325e-03,1.572977e-02
2.132840e-01,2.045858e-03,6.533179e-03,3.779436e-03,1.815001e-02,6.292134e-02,6.962342e-02,2.270030e-01,5.260970e-03,1.996661e-03,1.499220e-02,3.292963e-02,3.224425e-01,2.185981e-03,1.685184e-02
1.841814e-01,2.244000e-03,6.898738e-03,3.482620e-03,1.436683e-02,7.754853e-02,4.998174e-02,1.602524e-01,5.566670e-03,5.005114e-03,2.064688e-02,4.712077e-02,4.025185e-01,3.986816e-03,1.619907e-02
1.819697e-01,3.082665e-03,1.428867e-02,4.379890e-03,1.305824e-02,7.089512e-02,3.706085e-02,1.143022e-01,8.835629e-03,7.090644e-03,2.309583e-02,8.291946e-02,4.134330e-01,9.385839e-03,1.620226e-02
1.958763e-01,4.241979e-03,1.194599e-02,5.437098e-03,2.698626e-02,5.511148e-02,2.861074e-02,8.554895e-02,3.700143e-02,1.411643e-02,2.804742e-02,1.167820e-01,3.693583e-01,7.342496e-03,1.359317e-02
1.933860e-01,3.852359e-03,1.032799e-02,5.439216e-03,2.859095e-02,4.273998e-02,2.130883e-02,6.286183e-02,5.067792e-02,4.831862e-02,3.157247e-02,1.480320e-01,3.358449e-01,6.069960e-03,1.097707e-02
1.477971e-01,4.844534e-03,9.539150e-03,4.172719e-03,2.751775e-02,3.097672e-02,1.572687e-02,4.690583e-02,6.239496e-02,1.530484e-01,3.605803e-02,1.389946e-01,3.047396e-01,5.642100e-03,1.164181e-02
1.183638e-01,6.948490e-03,1.507542e-02,3.604081e-03,2.354861e-02,2.274217e-02,1.167923e-02,4.984006e-02,7.328112e-02,2.316260e-01,3.683850e-02,1.306938e-01,2.511741e-01,5.769493e-03,1.881517e-02
9.428084e-02,1.004332e-02,1.514086e-02,3.203836e-03,3.100441e-02,1.741573e-02,9.261417e-03,7.126488e-02,1.046932e-01,2.554269e-01,4.231960e-02,1.220219e-01,1.975069e-01,6.608151e-03,1.980801e-02
7.371334e-02,1.308609e-02,2.493919e-02,1.682676e-02,3.655387e-02,1.617103e-02,6.923463e-03,1.472442e-01,1.385252e-01,2.112768e-01,4.010841e-02,9.149257e-02,1.492157e-01,5.269416e-03,2.865409e-02
5.668619e-02,1.646993e-02,4.179842e-02,1.494371e-02,3.420437e-02,1.273167e-02,5.319990e-03,2.074057e-01,1.352065e-01,2.126357e-01,3.486897e-02,6.777823e-02,1.134851e-01,4.186857e-03,4.227865e-02
5.317885e-02,1.606312e-02,4.207509e-02,1.708830e-02,8.735406e-02,1.290661e-02,9.199612e-03,1.698342e-01,1.588433e-01,2.011989e-01,2.800182e-02,5.031571e-02,8.373168e-02,3.282503e-03,6.692626e-02
4.693455e-02,1.277898e-02,4.813243e-02,3.663718e-02,1.343306e-01,1.460846e-02,1.459203e-02,1.884075e-01,1.697534e-01,1.612994e-01,2.165404e-02,3.582216e-02,6.084158e-02,2.426955e-03,5.178078e-02
4.748559e-02,1.022813e-02,5.162185e-02,6.864869e-02,1.490486e-01,1.422735e-02,1.376402e-02,2.623893e-01,1.293664e-01,1.259411e-01,1.690070e-02,2.563848e-02,4.431991e-02,1.806729e-03,3.861316e-02
8.006817e-02,1.105851e-02,4.639681e-02,1.007300e-01,1.561658e-01,2.046134e-02,1.745784e-02,2.246082e-01,9.697597e-02,1.417016e-01,1.273832e-02,1.922037e-02,3.264925e-02,1.559528e-03,3.820836e-02
1.200655e-01,1.860439e-02,4.261377e-02,1.140440e-01,1.359758e-01,2.042936e-02,1.409316e-02,1.926608e-01,7.620919e-02,1.624677e-01,1.026837e-02,1.426089e-02,2.418031e-02,2.468214e-03,5.165851e-02
1.476441e-01,2.015299e-02,3.997992e-02,1.457167e-01,1.392155e-01,2.197254e-02,1.322584e-02,1.811464e-01,5.607727e-02,1.359895e-01,1.012487e-02,2.196778e-02,2.063983e-02,2.842444e-03,4.330425e-02
1.706604e-01,1.566827e-02,3.951658e-02,2.140738e-01,1.101675e-01,1.732044e-02,1.008434e-02,2.048045e-01,4.170716e-02,1.006810e-01,8.345732e-03,1.727053e-02,1.569764e-02,2.449526e-03,3.155259e-02
1.822536e-01,1.249232e-02,3.362060e-02,2.727416e-01,8.925786e-02,1.449644e-02,7.432340e-03,2.211421e-01,3.312134e-02,7.481000e-02,7.519715e-03,1.336737e-02,1.216931e-02,2.169310e-03,2.340595e-02
2.570243e-01,1.031378e-02,2.716815e-02,2.697418e-01,7.786787e-02,1.302132e-02,5.464025e-03,1.917197e-01,2.886907e-02,7.109252e-02,8.116714e-03,1.068716e-02,9.702060e-03,1.904141e-03,1.730738e-02
3.689413e-01,9.949693e-03,2.400005e-02,2.411200e-01,6.762315e-02,1.176769e-02,4.239194e-03,1.456718e-01,2.385787e-02,6.113875e-02,7.751694e-03,1.032070e-02,8.479696e-03,1.660277e-03,1.347813e-02
4.392717e-01,9.384382e-03,2.482211e-02,2.266263e-01,6.026693e-02,1.071668e-02,3.923269e-03,1.205330e-01,1.922655e-02,4.475436e-02,7.799392e-03,1.227116e-02,8.222057e-03,1.622733e-03,1.055937e-02
4.305172e-01,7.495360e-03,2.828163e-02,2.596131e-01,4.974242e-02,8.568769e-03,3.518532e-03,1.304086e-01,1.382848e-02,3.235949e-02,6.640978e-03,1.203534e-02,8.042498e-03,1.307452e-03,7.640170e-03
3.775441e-01,5.595727e-03,3.234386e-02,2.412530e-01,4.564202e-02,6.862905e-03,3.209295e-03,2.249088e-01,1.005841e-02,2.349297e-02,5.516124e-03,1.001327e-02,7.036389e-03,1.051317e-03,5.471807e-03
3.916841e-01,4.624874e-03,5.191852e-02,2.105158e-01,3.944363e-02,6.628402e-03,3.808352e-03,2.380699e-01,7.685636e-03,1.985038e-02,4.624261e-03,8.632596e-03,6.492803e-03,1.120866e-03,4.899817e-03
4.091173e-01,5.584514e-03,1.220937e-01,1.584360e-01,2.874877e-02,7.159907e-03,3.186540e-03,1.845366e-01,9.395815e-03,1.622369e-02,2.568380e-02,8.514462e-03,6.717553e-03,7.538009e-03,7.063371e-03
3.156209e-01,7.939570e-03,2.052032e-01,1.265829e-01,2.106332e-02,8.882463e-03,2.593047e-03,1.530063e-01,2.990469e-02,1.521256e-02,5.171681e-02,1.260692e-02,7.564522e-03,2.646505e-02,1.563781e-02
2.460981e-01,7.106848e-03,1.723384e-01,9.543487e-02,1.536515e-02,7.868227e-03,1.958898e-03,1.113318e-01,2.858314e-02,1.554919e-02,2.358359e-01,1.479677e-02,6.562181e-03,2.875699e-02,1.241363e-02
1.836160e-01,6.108325e-03,1.503207e-01,6.985775e-02,1.094963e-02,6.570554e-03,1.566290e-03,8.003251e-02,2.166222e-02,1.974758e-02,3.671020e-01,1.784815e-02,5.483512e-03,4.928530e-02,9.849511e-03
1.314909e-01,4.729033e-03,1.072074e-01,4.913157e-02,7.706575e-03,5.362768e-03,1.134523e-03,5.624798e-02,1.572506e-02,1.962400e-02,5.094162e-01,1.709845e-02,4.220514e-03,6.379603e-02,7.109054e-03
9.896687e-02,4.070037e-03,7.731839e-02,3.467830e-02,5.655436e-03,1.367081e-01,1.463044e-03,4.150923e-02,1.171653e-02,1.980376e-02,4.871981e-01,1.333286e-02,3.570173e-03,5.806012e-02,5.949047e-03
7.313236e-02,3.666017e-03,6.307025e-02,2.485018e-02,4.330933e-03,3.149188e-01,1.395975e-03,3.134454e-02,8.623371e-03,1.725775e-02,3.909853e-01,9.937719e-03,2.737897e-03,4.920147e-02,4.547401e-03
5.293271e-02,4.456943e-03,4.486694e-02,1.753862e-02,3.565188e-03,2.479175e-01,1.099300e-03,2.212066e-02,6.951508e-03,2.801036e-02,4.800201e-01,1.001844e-02,2.256687e-03,7.471356e-02,3.531561e-03
3.987281e-02,5.759585e-03,3.229674e-02,1.259432e-02,3.964589e-03,2.228945e-01,8.763481e-04,1.570081e-02,6.840493e-03,2.802533e-02,4.800175e-01,1.186024e-02,2.082464e-03,1.340225e-01,3.191749e-03
2.857054e-02,5.648117e-03,2.531188e-02,9.132884e-03,4.277856e-03,1.593698e-01,9.319654e-04,1.112761e-02,8.500760e-03,3.138587e-02,5.647355e-01,1.159062e-02,1.878646e-03,1.343569e-01,3.181003e-03
2.286075e-02,6.986918e-03,2.879542e-02,7.303969e-03,9.560924e-03,1.135893e-01,1.332970e-03,8.714559e-03,1.394898e-02,2.992883e-02,5.790879e-01,1.113974e-02,2.090141e-03,1.613756e-01,3.284047e-03
1.925214e-02,1.837399e-02,3.013965e-02,6.031803e-03,1.212164e-02,8.895970e-02,1.362329e-03,6.966133e-03,3.638995e-02,3.130053e-02,4.959632e-01,1.062498e-02,2.400398e-03,2.366610e-01,3.452618e-03
2.172486e-02,2.154763e-02,2.621631e-02,7.277329e-03,1.285675e-02,6.822007e-02,1.300142e-03,7.758655e-03,5.746950e-02,3.491865e-02,5.011861e-01,1.019278e-02,4.034647e-03,2.211081e-01,4.188435e-03
2.462550e-02,3.110438e-02,2.374713e-02,7.705700e-03,1.492171e-02,6.389195e-02,1.401768e-03,1.133778e-02,1.203552e-01,3.225687e-02,4.359151e-01,1.094921e-02,4.687023e-03,2.133697e-01,3.730973e-03
2.599303e-02,3.907200e-02,1.893242e-02,8.081340e-03,1.450810e-02,1.092207e-01,1.205820e-03,1.105806e-02,1.695499e-01,3.310970e-02,3.698620e-01,9.894444e-03,4.793465e-03,1.814256e-01,3.293356e-03
3.864572e-02,4.444874e-02,1.656117e-02,1.494179e-02,1.468403e-02,1.041991e-01,1.035995e-03,1.402543e-02,1.686860e-01,3.074606e-02,3.769844e-01,1.073353e-02,9.045664e-03,1.492284e-01,6.033992e-03
3.856112e-02,4.345857e-02,1.568371e-02,2.424617e-02,1.390198e-02,8.219875e-02,9.596196e-04,1.425315e-02,1.524158e-01,3.195050e-02,4.094048e-01,1.326100e-02,1.944569e-02,1.287536e-01,1.150554e-02
5.822550e-02,5.043722e-02,2.430778e-02,4.990465e-02,1.466479e-02,6.812887e-02,8.749298e-04,1.923377e-02,1.471960e-01,3.202118e-02,3.266462e-01,2.811883e-02,3.539591e-02,9.871110e-02,4.613330e-02
4.657349e-02,5.283654e-02,3.647151e-02,6.350836e-02,1.233998e-02,8.239662e-02,7.710976e-04,2.590276e-02,1.875941e-01,3.966530e-02,2.417094e-01,2.747091e-02,3.535049e-02,7.287745e-02,7.453203e-02
3.660898e-02,6.858602e-02,5.553834e-02,5.737455e-02,1.331464e-02,7.255726e-02,6.983944e-04,4.032704e-02,2.739391e-01,3.994714e-02,1.724900e-01,2.020983e-02,2.920576e-02,5.590916e-02,6.329383e-02
2.780589e-02,5.992374e-02,4.181867e-02,4.882929e-02,1.471249e-02,1.087410e-01,6.881445e-04,3.365242e-02,3.589891e-01,3.623799e-02,1.218087e-01,1.432786e-02,2.189082e-02,4.198729e-02,6.858654e-02
2.540391e-02,7.326190e-02,3.674468e-02,1.402525e-01,1.233485e-02,1.015624e-01,5.358746e-04,2.892495e-02,3.122379e-01,3.135472e-02,9.293095e-02,1.093806e-02,1.751100e-02,3.404675e-02,8.195953e-02
7.771330e-02,6.813502e-02,3.071654e-02,1.129655e-01,4.419234e-02,8.041336e-02,1.245869e-03,4.241529e-02,3.161380e-01,2.392892e-02,7.164291e-02,1.128977e-02,1.621322e-02,2.806887e-02,7.492113e-02
1.435947e-01,5.544865e-02,2.263843e-02,8.177181e-02,5.938701e-02,6.407025e-02,1.281183e-03,4.311209e-02,3.511072e-01,1.740326e-02,5.509649e-02,1.054972e-02,1.382141e-02,2.390726e-02,5.681051e-02
1.755540e-01,4.525596e-02,2.017701e-02,5.957389e-02,8.660757e-02,5.343774e-02,1.936859e-03,3.683349e-02,2.710627e-01,1.511705e-02,4.416621e-02,9.206749e-03,1.606815e-02,2.692626e-02,1.380763e-01
2.041086e-01,5.104535e-02,2.762127e-02,5.876105e-02,1.014357e-01,6.348114e-02,5.558237e-03,3.970176e-02,2.102491e-01,1.236309e-02,3.767998e-02,1.387746e-02,2.583903e-02,2.298703e-02,1.252912e-01
2.214282e-01,5.078457e-02,6.975103e-02,6.669617e-02,1.055106e-01,6.459765e-02,8.198507e-03,3.752134e-02,1.537699e-01,1.025809e-02,3.056437e-02,1.437451e-02,2.392228e-02,1.996649e-02,1.226562e-01
2.267902e-01,5.363575e-02,1.198946e-01,7.717158e-02,8.586557e-02,5.953372e-02,6.370440e-03,2.866505e-02,1.140130e-01,9.466672e-03,2.667066e-02,1.694732e-02,2.191305e-02,1.657236e-02,1.364901e-01
2.129441e-01,5.127762e-02,1.122616e-01,9.564038e-02,6.251811e-02,4.561600e-02,4.982023e-03,2.331938e-02,1.225148e-01,1.183751e-02,2.479607e-02,1.509553e-02,2.149538e-02,1.582373e-02,1.798778e-01
2.614794e-01,4.118317e-02,9.364352e-02,1.303610e-01,4.621473e-02,3.386828e-02,3.752894e-03,1.781111e-02,1.158346e-01,1.039518e-02,5.235077e-02,1.335112e-02,2.621811e-02,1.308544e-02,1.404507e-01
2.436972e-01,5.157256e-02,7.731599e-02,1.479597e-01,3.418790e-02,2.784475e-02,2.878305e-03,1.365778e-02,1.685845e-01,1.130930e-02,3.957830e-02,1.048119e-02,4.451312e-02,1.030868e-02,1.161107e-01
2.141014e-01,4.156196e-02,6.558815e-02,1.403069e-01,2.596966e-02,3.958476e-02,2.699362e-03,1.396723e-02,1.434528e-01,8.875814e-03,2.997513e-02,8.305264e-03,1.706852e-01,8.034826e-03,8.689155e-02
1.785432e-01,2.969956e-02,5.181975e-02,1.002008e-01,1.871745e-02,4.341101e-02,2.365540e-03,1.131618e-02,1.011620e-01,6.318621e-03,2.176189e-02,6.635713e-03,3.591679e-01,6.169690e-03,6.271067e-02
1.409338e-01,2.111404e-02,3.725214e-02,7.095922e-02,1.356522e-02,5.094950e-02,2.120148e-03,9.151184e-03,7.125687e-02,4.501823e-03,1.576336e-02,5.219326e-03,5.083293e-01,4.419972e-03,4.446407e-02
1.213238e-01,1.582432e-02,2.850476e-02,5.156933e-02,1.009544e-02,5.245514e-02,2.165636e-03,8.837575e-03,5.228493e-02,4.299190e-03,1.148732e-02,4.649106e-03,6.000069e-01,3.312326e-03,3.318417e-02
1.161882e-01,1.157259e-02,2.025490e-02,3.643427e-02,8.339315e-03,4.477386e-02,1.798701e-03,7.814603e-03,3.722710e-02,3.085066e-03,8.387754e-03,5.977450e-03,6.718374e-01,2.443314e-03,2.386547e-02
1.203090e-01,8.461475e-03,1.473372e-02,2.572239e-02,7.476038e-03,3.746299e-02,1.641947e-03,8.103633e-03,2.685226e-02,2.219992e-03,6.220774e-03,7.276154e-03,7.145256e-01,1.985726e-03,1.700839e-02
1.010707e-01,6.249924e-03,1.046365e-02,1.812855e-02,6.647290e-03,2.773590e-02,1.382400e-03,6.525032e-03,1.973477e-02,1.712091e-03,4.863572e-03,8.544871e-03,7.730951e-01,1.788011e-03,1.205820e-02
7.410064e-02,4.538802e-03,7.415382e-03,1.276501e-02,6.075530e-03,2.056400e-02,1.186282e-03,4.900532e-03,1.457689e-02,1.344980e-03,3.926018e-03,1.088258e-02,8.276258e-01,1.460490e-03,8.637140e-03
6.786026e-02,3.544370e-03,5.727448e-03,9.172756e-03,5.168485e-03,2.587298e-02,1.520168e-03,3.898779e-03,1.147142e-02,2.081703e-03,7.734436e-03,3.448247e-02,8.126160e-01,2.029672e-03,6.819090e-03
5.752344e-02,2.944778e-03,4.804813e-03,6.692707e-03,5.043088e-03,2.077054e-02,1.329915e-03,3.078237e-03,1.012544e-02,1.955684e-03,1.224320e-02,1.469246e-01,7.192907e-01,2.135541e-03,5.137363e-03
5.131030e-02,2.446091e-03,4.035382e-03,4.834113e-03,6.096520e-03,1.861611e-02,3.711784e-03,2.688828e-03,8.179056e-03,2.091120e-03,1.161242e-02,1.552095e-01,7.230924e-01,1.931036e-03,4.145397e-03
4.274421e-02,2.287110e-03,3.259079e-03,3.565568e-03,7.708102e-03,2.024332e-02,3.531377e-03,2.281069e-03,8.467982e-03,3.267363e-03,1.446204e-02,1.520874e-01,7.295988e-01,2.244915e-03,4.251684e-03
4.337238e-02,3.819640e-03,3.220604e-03,2.999901e-03,9.906216e-03,2.188367e-02,3.122836e-03,2.696549e-03,1.609250e-02,4.389873e-03,1.992897e-02,1.723340e-01,6.889805e-01,2.089418e-03,5.162970e-03
8.674910e-02,5.317015e-03,6.904634e-03,1.225737e-02,1.897385e-02,3.119560e-02,3.212361e-03,9.259208e-03,3.638450e-02,6.842163e-03,2.389075e-02,1.804906e-01,5.708097e-01,2.564581e-03,5.148568e-03
7.356928e-02,1.041479e-02,7.727315e-03,1.057031e-02,2.633157e-02,3.717135e-02,5.399820e-03,2.027737e-02,9.844752e-02,6.124399e-03,1.944334e-02,1.418171e-01,5.342163e-01,1.974561e-03,6.514900e-03
7.427737e-02,8.335030e-03,1.476006e-02,8.516637e-03,3.429320e-02,3.901481e-02,1.159885e-02,1.169665e-01,8.625613e-02,4.913528e-03,1.547962e-02,1.061903e-01,4.691777e-01,1.545544e-03,8.674651e-03
7.893205e-02,8.294747e-03,1.262619e-02,7.235156e-03,2.668204e-02,3.666148e-02,1.141041e-02,2.491134e-01,7.792968e-02,5.268050e-03,1.145550e-02,7.968879e-02,3.841378e-01,1.299126e-03,9.265521e-03
7.658023e-02,6.483493e-03,1.071775e-02,5.425099e-03,2.300571e-02,2.973818e-02,1.967330e-02,4.068505e-01,5.905292e-02,3.833860e-03,8.347272e-03,5.648944e-02,2.843474e-01,9.994437e-04,8.455288e-03
7.966366e-02,4.818477e-03,8.572688e-03,4.410636e-03,1.964119e-02,2.250592e-02,4.823837e-02,5.095738e-01,4.537747e-02,2.739664e-03,5.912438e-03,3.970326e-02,2.020127e-01,7.236063e-04,6.106016e-03
5.971375e-02,3.600942e-03,8.603390e-03,3.420545e-03,1.959096e-02,1.835796e-02,7.438055e-02,5.991743e-01,3.237912e-02,1.940602e-03,4.212111e-03,2.789990e-02,1.418391e-01,5.197627e-04,4.367057e-03
5.100984e-02,3.154132e-03,8.504588e-03,2.830689e-03,2.709725e-02,1.720111e-02,1.086035e-01,6.291851e-01,2.333116e-02,1.409504e-03,3.466353e-03,1.986311e-02,1.006642e-01,3.938110e-04,3.285645e-03
4.574724e-02,2.577811e-03,8.256938e-03,3.003351e-03,2.574191e-02,2.648392e-02,1.084922e-01,6.701335e-01,1.719820e-02,1.022451e-03,3.076651e-03,1.431456e-02,7.100038e-02,2.915156e-04,2.659326e-03
4.382182e-02,2.239195e-03,1.081512e-02,4.139282e-03,3.159077e-02,3.474217e-02,1.146680e-01,6.769696e-01,1.271313e-02,7.653310e-04,2.854053e-03,1.088251e-02,5.088765e-02,2.175480e-04,2.693765e-03
4.609526e-02,2.453185e-03,1.118387e-02,6.551490e-03,3.146439e-02,5.901379e-02,1.120638e-01,6.671689e-01,9.606606e-03,8.370458e-04,2.396048e-03,8.305069e-03,3.708041e-02,1.647216e-04,5.615403e-03
4.736437e-02,2.246444e-03,1.738766e-02,6.037968e-03,3.930947e-02,5.078468e-02,9.756862e-02,6.912854e-01,7.324612e-03,7.388713e-04,1.837355e-03,6.087240e-03,2.709525e-02,1.255430e-04,4.806538e-03
5.377863e-02,1.930453e-03,1.509523e-02,5.109308e-03,3.582800e-02,5.552765e-02,7.117826e-02,7.252679e-01,5.741126e-03,6.098750e-04,1.459196e-03,5.094480e-03,1.948900e-02,1.020633e-04,3.788890e-03
7.288727e-02,2.027230e-03,1.236433e-02,4.234128e-03,4.001732e-02,6.350496e-02,5.207686e-02,7.224029e-01,4.493060e-03,7.271122e-04,1.198962e-03,4.862640e-03,1.448267e-02,1.223203e-04,4.598223e-03
1.056335e-01,2.461877e-03,1.063732e-02,4.476963e-03,4.160514e-02,1.306135e-01,3.794950e-02,6.331264e-01,3.713744e-03,1.731099e-03,1.308679e-03,7.755271e-03,1.139300e-02,2.141052e-04,7.379930e-03
1.217424e-01,1.164545e-02,1.460777e-02,1.978946e-02,3.819695e-02,2.078582e-01,2.952194e-02,4.631718e-01,5.682873e-03,1.151325e-02,5.665834e-03,3.098699e-02,1.721244e-02,9.988537e-04,2.140571e-02
1.001648e-01,2.108881e-02,3.117717e-02,1.425188e-01,3.090397e-02,1.653428e-01,2.144434e-02,3.263810e-01,1.276473e-02,2.114252e-02,1.447433e-02,6.261124e-02,1.621154e-02,1.274572e-03,3.249948e-02
7.476398e-02,2.938682e-02,2.477154e-02,1.063884e-01,2.287848e-02,2.041584e-01,1.515991e-02,2.286999e-01,1.671359e-02,8.060386e-02,6.995556e-02,7.731434e-02,1.357757e-02,1.548972e-03,3.407872e-02
5.511552e-02,2.381219e-02,1.855468e-02,7.601489e-02,1.619491e-02,1.740988e-01,1.070928e-02,1.601930e-01,1.477519e-02,5.772970e-02,2.019572e-01,1.539658e-01,9.940956e-03,1.688876e-03,2.524900e-02
3.999045e-02,1.825895e-02,1.370110e-02,5.413800e-02,1.145223e-02,1.542896e-01,7.541856e-03,1.121855e-01,1.371498e-02,4.300149e-02,2.226979e-01,2.809716e-01,7.441114e-03,1.700783e-03,1.891455e-02
3.416668e-02,1.382224e-02,1.031280e-02,3.960126e-02,8.652471e-03,1.138920e-01,5.439493e-03,7.873666e-02,1.415473e-02,3.381719e-02,2.838765e-01,3.415340e-01,5.582379e-03,1.627962e-03,1.478370e-02
2.756776e-02,1.196447e-02,9.454319e-03,2.886389e-02,1.605073e-02,8.176485e-02,4.445986e-03,5.630288e-02,2.080041e-02,2.621166e-02,3.004848e-01,3.978413e-01,4.351543e-03,2.080155e-03,1.181524e-02
2.070346e-02,1.065300e-02,8.189743e-03,2.053854e-02,2.805533e-02,5.959855e-02,3.506107e-03,4.035752e-02,3.109223e-02,2.049362e-02,2.360523e-01,5.059035e-01,3.961924e-03,2.358114e-03,8.535979e-03
1.527783e-02,1.129604e-02,7.149712e-03,1.464172e-02,2.727056e-02,4.323382e-02,3.005418e-03,2.958333e-02,3.588539e-02,1.716560e-02,2.781588e-01,5.034325e-01,3.516098e-03,4.307562e-03,6.075620e-03
1.462151e-02,1.500331e-02,6.369680e-03,1.073491e-02,3.156082e-02,3.574851e-02,3.703465e-03,2.636764e-02,5.370124e-02,2.112352e-02,2.337823e-01,5.319971e-01,3.765330e-03,7.129516e-03,4.391141e-03
2.601417e-02,3.399494e-02,7.005339e-03,8.908763e-03,3.248518e-02,3.022235e-02,4.766427e-03,3.195640e-02,8.604404e-02,2.232510e-02,2.121541e-01,4.797323e-01,5.204595e-03,1.493517e-02,4.251149e-03
3.944093e-02,6.459107e-02,1.100906e-02,9.152669e-03,4.332121e-02,2.721694e-02,4.953985e-03,6.543094e-02,9.284462e-02,4.831622e-02,1.835812e-01,3.749576e-01,6.816190e-03,2.402560e-02,4.341790e-03
6.809776e-02,1.056213e-01,1.300017e-02,8.765221e-03,3.950132e-02,2.391470e-02,4.723059e-03,7.774137e-02,1.163406e-01,5.652747e-02,1.529339e-01,2.835380e-01,7.422889e-03,3.529846e-02,6.573726e-03
1.684635e-01,1.012038e-01,1.505062e-02,1.497106e-02,3.526820e-02,2.534341e-02,5.599936e-03,8.171155e-02,1.028830e-01,5.826020e-02,1.226826e-01,2.160674e-01,9.015439e-03,3.261032e-02,1.086889e-02
2.095303e-01,1.172286e-01,1.342449e-02,1.589480e-02,4.135875e-02,2.134048e-02,4.795202e-03,7.022188e-02,1.126818e-01,7.134986e-02,1.070629e-01,1.636326e-01,8.943031e-03,3.087016e-02,1.166515e-02
2.499379e-01,1.124725e-01,1.547665e-02,2.372372e-02,5.912797e-02,1.972534e-02,5.035239e-03,7.382798e-02,1.013390e-01,7.237986e-02,9.557043e-02,1.231695e-01,8.687348e-03,2.716931e-02,1.235714e-02
2.495325e-01,9.378859e-02,1.876287e-02,3.870733e-02,8.082317e-02,1.789358e-02,4.822962e-03,8.641447e-02,9.978980e-02,8.565032e-02,8.148485e-02,9.672391e-02,9.887326e-03,2.333569e-02,1.238257e-02
2.306343e-01,7.958279e-02,2.408005e-02,5.012302e-02,1.017325e-01,1.674325e-02,5.399941e-03,1.268784e-01,9.842549e-02,7.655266e-02,6.444617e-02,8.193981e-02,1.129447e-02,1.946471e-02,1.270248e-02
2.273434e-01,8.117767e-02,2.288300e-02,5.656933e-02,1.092411e-01,1.653165e-02,5.322822e-03,1.045674e-01,1.109419e-01,9.386288e-02,5.350409e-02,7.101522e-02,1.251808e-02,1.802966e-02,1.649181e-02
2.130800e-01,9.054314e-02,2.048204e-02,5.426410e-02,1.132721e-01,1.384331e-02,4.729188e-03,8.705354e-02,9.895388e-02,1.624295e-01,4.123793e-02,5.370607e-02,1.261947e-02,1.754702e-02,1.623863e-02
