1.000000e+00,0.000000e+00,0.000000e+00,0.000000e+00,0.000000e+00,0.000000e+00,0.000000e+00,0.000000e+00,0.000000e+00,0.000000e+00,0.000000e+00,0.000000e+00,0.000000e+00,0.000000e+00,0.000000e+00
1.000000e+00,0.000000e+00,0.000000e+00,0.000000e+00,0.000000e+00,0.000000e+00,0.000000e+00,0.000000e+00,0.000000e+00,0.000000e+00,0.000000e+00,0.000000e+00,0.000000e+00,0.000000e+00,0.000000e+00
1.000000e+00,0.000000e+00,0.000000e+00,0.000000e+00,0.000000e+00,0.000000e+00,0.000000e+00,0.000000e+00,0.000000e+00,0.000000e+00,0.000000e+00,0.000000e+00,0.000000e+00,0.000000e+00,0.000000e+00
1.000000e+00,0.000000e+00,0.000000e+00,0.000000e+00,0.000000e+00,0.000000e+00,0.000000e+00,0.000000e+00,0.000000e+00,0.000000e+00,0.000000e+00,0.000000e+00,0.000000e+00,0.000000e+00,0.000000e+00
1.000000e+00,0.000000e+00,0.000000e+00,0.000000e+00,0.000000e+00,0.000000e+00,0.000000e+00,0.000000e+00,0.000000e+00,0.000000e+00,0.000000e+00,0.000000e+00,0.000000e+00,0.000000e+00,0.000000e+00
1.000000e+00,0.000000e+00,0.000000e+00,0.000000e+00,0.000000e+00,0.000000e+00,0.000000e+00,0.000000e+00,0.000000e+00,0.000000e+00,0.000000e+00,0.000000e+00,0.000000e+00,0.000000e+00,0.000000e+00
1.000000e+00,0.000000e+00,0.000000e+00,0.000000e+00,0.000000e+00,0.000000e+00,0.000000e+00,0.000000e+00,0.000000e+00,0.000000e+00,0.000000e+00,0.000000e+00,0.000000e+00,0.000000e+00,0.000000e+00
1.000000e+00,0.000000e+00,0.000000e+00,0.000000e+00,0.000000e+00,0.000000e+00,0.000000e+00,0.000000e+00,0.000000e+00,0.000000e+00,0.000000e+00,0.000000e+00,0.000000e+00,0.000000e+00,0.000000e+00
1.000000e+00,0.000000e+00,0.000000e+00,0.000000e+00,0.000000e+00,0.000000e+00,0.000000e+00,0.000000e+00,0.000000e+00,0.000000e+00,0.000000e+00,0.000000e+00,0.000000e+00,0.000000e+00,0.000000e+00
1.000000e+00,0.000000e+00,0.000000e+00,0.000000e+00,0.000000e+00,0.000000e+00,0.000000e+00,0.000000e+00,0.000000e+00,0.000000e+00,0.000000e+00,0.000000e+00,0.000000e+00,0.000000e+00,0.000000e+00
1.000000e+00,0.000000e+00,0.000000e+00,0.000000e+00,0.000000e+00,0.000000e+00,0.000000e+00,0.000000e+00,0.000000e+00,0.000000e+00,0.000000e+00,0.000000e+00,0.000000e+00,0.000000e+00,0.000000e+00
1.000000e+00,0.000000e+00,0.000000e+00,0.000000e+00,0.000000e+00,0.000000e+00,0.000000e+00,0.000000e+00,0.000000e+00,0.000000e+00,0.000000e+00,0.000000e+00,0.000000e+00,0.000000e+00,0.000000e+00
1.000000e+00,0.000000e+00,0.000000e+00,0.000000e+00,0.000000e+00,0.000000e+00,0.000000e+00,0.000000e+00,0.000000e+00,0.000000e+00,0.000000e+00,0.000000e+00,0.000000e+00,0.000000e+00,0.000000e+00
1.000000e+00,0.000000e+00,0.000000e+00,0.000000e+00,0.000000e+00,0.000000e+00,0.000000e+00,0.000000e+00,0.000000e+00,0.000000e+00,0.000000e+00,0.000000e+00,0.000000e+00,0.000000e+00,0.000000e+00
1.000000e+00,0.000000e+00,0.000000e+00,0.000000e+00,0.000000e+00,0.000000e+00,0.000000e+00,0.000000e+00,0.000000e+00,0.000000e+00,0.000000e+00,0.000000e+00,0.000000e+00,0.000000e+00,0.000000e+00
1.000000e+00,0.000000e+00,0.000000e+00,0.000000e+00,0.000000e+00,0.000000e+00,0.000000e+00,0.000000e+00,0.000000e+00,0.000000e+00,0.000000e+00,0.000000e+00,0.000000e+00,0.000000e+00,0.000000e+00
1.000000e+00,0.000000e+00,0.000000e+00,0.000000e+00,0.000000e+00,0.000000e+00,0.000000e+00,0.000000e+00,0.000000e+00,0.000000e+00,0.000000e+00,0.000000e+00,0.000000e+00,0.000000e+00,0.000000e+00
1.000000e+00,0.000000e+00,0.000000e+00,0.000000e+00,0.000000e+00,0.000000e+00,0.000000e+00,0.000000e+00,0.000000e+00,0.000000e+00,0.000000e+00,0.000000e+00,0.000000e+00,0.000000e+00,0.000000e+00
1.000000e+00,0.000000e+00,0.000000e+00,0.000000e+00,0.000000e+00,0.000000e+00,0.000000e+00,0.000000e+00,0.000000e+00,0.000000e+00,0.000000e+00,0.000000e+00,0.000000e+00,0.000000e+00,0.000000e+00
1.000000e+00,0.000000e+00,0.000000e+00,0.000000e+00,0.000000e+00,0.000000e+00,0.000000e+00,0.000000e+00,0.000000e+00,0.000000e+00,0.000000e+00,0.000000e+00,0.000000e+00,0.000000e+00,0.000000e+00
1.000000e+00,0.000000e+00,0.000000e+00,0.000000e+00,0.000000e+00,0.000000e+00,0.000000e+00,0.000000e+00,0.000000e+00,0.000000e+00,0.000000e+00,0.000000e+00,0.000000e+00,0.000000e+00,0.000000e+00
1.000000e+00,0.000000e+00,0.000000e+00,0.000000e+00,0.000000e+00,0.000000e+00,0.000000e+00,0.000000e+00,0.000000e+00,0.000000e+00,0.000000e+00,0.000000e+00,0.000000e+00,0.000000e+00,0.000000e+00
1.000000e+00,0.000000e+00,0.000000e+00,0.000000e+00,0.000000e+00,0.000000e+00,0.000000e+00,0.000000e+00,0.000000e+00,0.000000e+00,0.000000e+00,0.000000e+00,0.000000e+00,0.000000e+00,0.000000e+00
1.000000e+00,0.000000e+00,0.000000e+00,0.000000e+00,0.000000e+00,0.000000e+00,0.000000e+00,0.000000e+00,0.000000e+00,0.000000e+00,0.000000e+00,0.000000e+00,0.000000e+00,0.000000e+00,0.000000e+00
1.000000e+00,0.000000e+00,0.000000e+00,0.000000e+00,0.000000e+00,0.000000e+00,0.000000e+00,0.000000e+00,0.000000e+00,0.000000e+00,0.000000e+00,0.000000e+00,0.000000e+00,0.000000e+00,0.000000e+00
1.000000e+00,0.000000e+00,0.000000e+00,0.000000e+00,0.000000e+00,0.000000e+00,0.000000e+00,0.000000e+00,0.000000e+00,0.000000e+00,0.000000e+00,0.000000e+00,0.000000e+00,0.000000e+00,0.000000e+00
1.000000e+00,0.000000e+00,0.000000e+00,0.000000e+00,0.000000e+00,0.000000e+00,0.000000e+00,0.000000e+00,0.000000e+00,0.000000e+00,0.000000e+00,0.000000e+00,0.000000e+00,0.000000e+00,0.000000e+00
1.000000e+00,0.000000e+00,0.000000e+00,0.000000e+00,0.000000e+00,0.000000e+00,0.000000e+00,0.000000e+00,0.000000e+00,0.000000e+00,0.000000e+00,0.000000e+00,0.000000e+00,0.000000e+00,0.000000e+00
1.000000e+00,0.000000e+00,0.000000e+00,0.000000e+00,0.000000e+00,0.000000e+00,0.000000e+00,0.000000e+00,0.000000e+00,0.000000e+00,0.000000e+00,0.000000e+00,0.000000e+00,0.000000e+00,0.000000e+00
1.000000e+00,0.000000e+00,0.000000e+00,0.000000e+00,0.000000e+00,0.000000e+00,0.000000e+00,0.000000e+00,0.000000e+00,0.000000e+00,0.000000e+00,0.000000e+00,0.000000e+00,0.000000e+00,0.000000e+00
1.000000e+00,0.000000e+00,0.000000e+00,0.000000e+00,0.000000e+00,0.000000e+00,0.000000e+00,0.000000e+00,0.000000e+00,0.000000e+00,0.000000e+00,0.000000e+00,0.000000e+00,0.000000e+00,0.000000e+00
1.000000e+00,0.000000e+00,0.000000e+00,0.000000e+00,0.000000e+00,0.000000e+00,0.000000e+00,0.000000e+00,0.000000e+00,0.000000e+00,0.000000e+00,0.000000e+00,0.000000e+00,0.000000e+00,0.000000e+00
1.000000e+00,0.000000e+00,0.000000e+00,0.000000e+00,0.000000e+00,0.000000e+00,0.000000e+00,0.000000e+00,0.000000e+00,0.000000e+00,0.000000e+00,0.000000e+00,0.000000e+00,0.000000e+00,0.000000e+00
1.000000e+00,0.000000e+00,0.000000e+00,0.000000e+00,0.000000e+00,0.000000e+00,0.000000e+00,0.000000e+00,0.000000e+00,0.000000e+00,0.000000e+00,0.000000e+00,0.000000e+00,0.000000e+00,0.000000e+00
1.000000e+00,0.000000e+00,0.000000e+00,0.000000e+00,0.000000e+00,0.000000e+00,0.000000e+00,0.000000e+00,0.000000e+00,0.000000e+00,0.000000e+00,0.000000e+00,0.000000e+00,0.000000e+00,0.000000e+00
1.000000e+00,0.000000e+00,0.000000e+00,0.000000e+00,0.000000e+00,0.000000e+00,0.000000e+00,0.000000e+00,0.000000e+00,0.000000e+00,0.000000e+00,0.000000e+00,0.000000e+00,0.000000e+00,0.000000e+00
1.000000e+00,0.000000e+00,0.000000e+00,0.000000e+00,0.000000e+00,0.000000e+00,0.000000e+00,0.000000e+00,0.000000e+00,0.000000e+00,0.000000e+00,0.000000e+00,0.000000e+00,0.000000e+00,0.000000e+00
1.000000e+00,0.000000e+00,0.000000e+00,0.000000e+00,0.000000e+00,0.000000e+00,0.000000e+00,0.000000e+00,0.000000e+00,0.000000e+00,0.000000e+00,0.000000e+00,0.000000e+00,0.000000e+00,0.000000e+00
1.000000e+00,0.000000e+00,0.000000e+00,0.000000e+00,0.000000e+00,0.000000e+00,0.000000e+00,0.000000e+00,0.000000e+00,0.000000e+00,0.000000e+00,0.000000e+00,0.000000e+00,0.000000e+00,0.000000e+00
1.000000e+00,0.000000e+00,0.000000e+00,0.000000e+00,0.000000e+00,0.000000e+00,0.000000e+00,0.000000e+00,0.000000e+00,0.000000e+00,0.000000e+00,0.000000e+00,0.000000e+00,0.000000e+00,0.000000e+00
1.000000e+00,0.000000e+00,0.000000e+00,0.000000e+00,0.000000e+00,0.000000e+00,0.000000e+00,0.000000e+00,0.000000e+00,0.000000e+00,0.000000e+00,0.000000e+00,0.000000e+00,0.000000e+00,0.000000e+00
1.000000e+00,0.000000e+00,0.000000e+00,0.000000e+00,0.000000e+00,0.000000e+00,0.000000e+00,0.000000e+00,0.000000e+00,0.000000e+00,0.000000e+00,0.000000e+00,0.000000e+00,0.000000e+00,0.000000e+00
1.000000e+00,0.000000e+00,0.000000e+00,0.000000e+00,0.000000e+00,0.000000e+00,0.000000e+00,0.000000e+00,0.000000e+00,0.000000e+00,0.000000e+00,0.000000e+00,0.000000e+00,0.000000e+00,0.000000e+00
1.000000e+00,0.000000e+00,0.000000e+00,0.000000e+00,0.000000e+00,0.000000e+00,0.000000e+00,0.000000e+00,0.000000e+00,0.000000e+00,0.000000e+00,0.000000e+00,0.000000e+00,0.000000e+00,0.000000e+00
1.000000e+00,0.000000e+00,0.000000e+00,0.000000e+00,0.000000e+00,0.000000e+00,0.000000e+00,0.000000e+00,0.000000e+00,0.000000e+00,0.000000e+00,0.000000e+00,0.000000e+00,0.000000e+00,0.000000e+00
1.000000e+00,0.000000e+00,0.000000e+00,0.000000e+00,0.000000e+00,0.000000e+00,0.000000e+00,0.000000e+00,0.000000e+00,0.000000e+00,0.000000e+00,0.000000e+00,0.000000e+00,0.000000e+00,0.000000e+00
1.000000e+00,0.000000e+00,0.000000e+00,0.000000e+00,0.000000e+00,0.000000e+00,0.000000e+00,0.000000e+00,0.000000e+00,0.000000e+00,0.000000e+00,0.000000e+00,0.000000e+00,0.000000e+00,0.000000e+00
1.000000e+00,0.000000e+00,0.000000e+00,0.000000e+00,0.000000e+00,0.000000e+00,0.000000e+00,0.000000e+00,0.000000e+00,0.000000e+00,0.000000e+00,0.000000e+00,0.000000e+00,0.000000e+00,0.000000e+00
1.000000e+00,0.000000e+00,0.000000e+00,0.000000e+00,0.000000e+00,0.000000e+00,0.000000e+00,0.000000e+00,0.000000e+00,0.000000e+00,0.000000e+00,0.000000e+00,0.000000e+00,0.000000e+00,0.000000e+00
1.000000e+00,0.000000e+00,0.000000e+00,0.000000e+00,0.000000e+00,0.000000e+00,0.000000e+00,0.000000e+00,0.000000e+00,0.000000e+00,0.000000e+00,0.000000e+00,0.000000e+00,0.000000e+00,0.000000e+00
1.000000e+00,0.000000e+00,0.000000e+00,0.000000e+00,0.000000e+00,0.000000e+00,0.000000e+00,0.000000e+00,0.000000e+00,0.000000e+00,0.000000e+00,0.000000e+00,0.000000e+00,0.000000e+00,0.000000e+00
1.000000e+00,0.000000e+00,0.000000e+00,0.000000e+00,0.000000e+00,0.000000e+00,0.000000e+00,0.000000e+00,0.000000e+00,0.000000e+00,0.000000e+00,0.000000e+00,0.000000e+00,0.000000e+00,0.000000e+00
1.000000e+00,0.000000e+00,0.000000e+00,0.000000e+00,0.000000e+00,0.000000e+00,0.000000e+00,0.000000e+00,0.000000e+00,0.000000e+00,0.000000e+00,0.000000e+00,0.000000e+00,0.000000e+00,0.000000e+00
1.000000e+00,0.000000e+00,0.000000e+00,0.000000e+00,0.000000e+00,0.000000e+00,0.000000e+00,0.000000e+00,0.000000e+00,0.000000e+00,0.000000e+00,0.000000e+00,0.000000e+00,0.000000e+00,0.000000e+00
1.000000e+00,0.000000e+00,0.000000e+00,0.000000e+00,0.000000e+00,0.000000e+00,0.000000e+00,0.000000e+00,0.000000e+00,0.000000e+00,0.000000e+00,0.000000e+00,0.000000e+00,0.000000e+00,0.000000e+00
1.000000e+00,0.000000e+00,0.000000e+00,0.000000e+00,0.000000e+00,0.000000e+00,0.000000e+00,0.000000e+00,0.000000e+00,0.000000e+00,0.000000e+00,0.000000e+00,0.000000e+00,0.000000e+00,0.000000e+00
4.072707e-01,7.337750e-03,1.441428e-02,4.343925e-02,4.384381e-03,5.495728e-03,1.635262e-03,4.900677e-01,2.529934e-03,1.114800e-03,3.526914e-03,4.841123e-03,6.176455e-03,9.987432e-04,6.767055e-03
2.854840e-01,5.233302e-03,1.105023e-02,3.057311e-02,3.177958e-03,3.987315e-03,1.331990e-03,6.407508e-01,1.779259e-03,7.841969e-04,2.520724e-03,3.417084e-03,4.366410e-03,7.633033e-04,4.780398e-03
2.003222e-01,3.728176e-03,8.012421e-03,2.151483e-02,2.464700e-03,2.851871e-03,1.100248e-03,7.469795e-01,1.252481e-03,5.523282e-04,1.801166e-03,2.407230e-03,3.087825e-03,5.631517e-04,3.361954e-03
1.403568e-01,2.623770e-03,5.784418e-03,1.519035e-02,1.883868e-03,2.019966e-03,8.978761e-04,8.220303e-01,8.812274e-04,3.879222e-04,1.281196e-03,1.698210e-03,2.190722e-03,4.160466e-04,2.357301e-03
9.841087e-02,1.844509e-03,4.082915e-03,1.067225e-02,1.725703e-03,1.466295e-03,7.439505e-04,8.743724e-01,6.350438e-04,2.746292e-04,9.248394e-04,1.209042e-03,1.652556e-03,3.303559e-04,1.654620e-03
6.901231e-02,1.299226e-03,2.899982e-03,7.528019e-03,1.810529e-03,1.067934e-03,6.524565e-04,9.108962e-01,4.556952e-04,1.935175e-04,6.711080e-04,8.564560e-04,1.240913e-03,2.532243e-04,1.162444e-03
4.838410e-02,9.155001e-04,2.158144e-03,5.342532e-03,1.911779e-03,7.834416e-04,5.732173e-04,9.361639e-01,3.380742e-04,1.403761e-04,5.172396e-04,6.327298e-04,1.113315e-03,2.046766e-04,8.209112e-04
3.401200e-02,6.495436e-04,1.551646e-03,3.776012e-03,4.040880e-03,6.227689e-04,4.829843e-04,9.520431e-01,2.514482e-04,1.000333e-04,3.864795e-04,4.500806e-04,9.053036e-04,1.469234e-04,5.807744e-04
2.410477e-02,4.650632e-04,1.186940e-03,2.669287e-03,3.902390e-03,4.698443e-04,4.227477e-04,9.644539e-01,2.054767e-04,7.791386e-05,3.177292e-04,3.538574e-04,8.371745e-04,1.142166e-04,4.186574e-04
1.782969e-02,3.521105e-04,8.876426e-04,1.891048e-03,3.902338e-03,3.703258e-04,4.051688e-04,9.723879e-01,1.747246e-04,6.908472e-05,2.516562e-04,3.022646e-04,7.730880e-04,8.567017e-05,3.173189e-04
1.338178e-02,2.612361e-04,7.251814e-04,1.358882e-03,4.341365e-03,2.820244e-04,4.263859e-04,9.776930e-01,1.337536e-04,5.824100e-05,1.924969e-04,2.366165e-04,6.133533e-04,6.306653e-05,2.326156e-04
1.103513e-02,2.033160e-04,6.248665e-04,9.939590e-04,4.195482e-03,2.412572e-04,6.002777e-04,9.808097e-01,1.040828e-04,6.764576e-05,1.533300e-04,2.205924e-04,5.147601e-04,5.020483e-05,1.853772e-04
1.039818e-02,1.597927e-04,5.450576e-04,7.296125e-04,4.021015e-03,2.036463e-04,8.191919e-04,9.820257e-01,7.853799e-05,6.304303e-05,1.206802e-04,2.030920e-04,4.399967e-04,4.074642e-05,1.516247e-04
1.128140e-02,1.316812e-04,6.540422e-04,5.984998e-04,3.948113e-03,2.151878e-04,1.688287e-03,9.802881e-01,6.651356e-05,6.115521e-05,1.295414e-04,2.422518e-04,4.960376e-04,3.996455e-05,1.591312e-04
1.564221e-02,1.201286e-04,5.440402e-04,4.772688e-04,3.630858e-03,2.428854e-04,1.932317e-03,9.762093e-01,5.746042e-05,6.620518e-05,1.294155e-04,2.454453e-04,4.773113e-04,3.712255e-05,1.880068e-04
1.861936e-02,1.269300e-04,4.367178e-04,3.814889e-04,3.131435e-03,2.864462e-04,1.570063e-03,9.741609e-01,5.062515e-05,7.812017e-05,1.420825e-04,2.393027e-04,4.767389e-04,4.137829e-05,2.584301e-04
3.711369e-02,2.787909e-04,5.459888e-04,4.728258e-04,3.524221e-03,5.256793e-04,1.363946e-03,9.540776e-01,8.235556e-05,1.421250e-04,1.965111e-04,4.431179e-04,6.681527e-04,7.987453e-05,4.851257e-04
4.887446e-02,3.814235e-04,6.497385e-04,6.737494e-04,4.286083e-03,6.955026e-04,1.290929e-03,9.405683e-01,1.024815e-04,1.669790e-04,2.345940e-04,5.477401e-04,7.894669e-04,9.759922e-05,6.409567e-04
7.874787e-02,7.115070e-04,1.208483e-03,1.170358e-03,4.446900e-03,1.538072e-03,1.272230e-03,9.060940e-01,1.492825e-04,2.832689e-04,4.074743e-04,9.121193e-04,1.267151e-03,2.024880e-04,1.588815e-03
1.249583e-01,4.250744e-03,3.130677e-03,6.047765e-03,6.624333e-03,1.014785e-02,1.232542e-03,6.955400e-01,5.477502e-03,2.615542e-02,7.900486e-03,2.841811e-02,1.699541e-02,2.581731e-03,6.053919e-02
1.711749e-01,5.017015e-03,3.354713e-03,7.243183e-03,6.314226e-03,1.775022e-02,1.171394e-03,5.240116e-01,1.125945e-02,3.056899e-02,1.133730e-02,5.341771e-02,3.121350e-02,1.378915e-02,1.123767e-01
1.285828e-01,7.326436e-03,3.082037e-03,1.658217e-02,4.841305e-03,1.499626e-02,1.057841e-03,3.677094e-01,3.895577e-02,5.471509e-02,1.328223e-02,5.300388e-02,4.219025e-02,1.313090e-02,2.405437e-01
1.051948e-01,1.230322e-02,2.557836e-03,2.366263e-02,4.461972e-03,3.874379e-02,1.481589e-03,2.584264e-01,7.720174e-02,5.856136e-02,1.788911e-02,4.414516e-02,7.861347e-02,1.139524e-02,2.653617e-01
7.719961e-02,8.688804e-02,2.635130e-03,4.007532e-02,4.122909e-03,3.390076e-02,1.619338e-03,1.812318e-01,1.243977e-01,6.434193e-02,1.528316e-02,3.623608e-02,8.006703e-02,1.041193e-02,2.415892e-01
5.630020e-02,6.409062e-02,2.047827e-03,3.236419e-02,3.244292e-03,3.306431e-02,1.342041e-03,1.270223e-01,9.059981e-02,4.544884e-02,1.173702e-02,3.043884e-02,3.145330e-01,8.142199e-03,1.796245e-01
5.360650e-02,7.797793e-02,2.938004e-03,5.071644e-02,4.017246e-03,2.885376e-02,1.921932e-03,8.952463e-02,1.323764e-01,3.500726e-02,1.222018e-02,2.769909e-02,2.809765e-01,1.156622e-02,1.905979e-01
5.338614e-02,7.217304e-02,1.218269e-02,8.930804e-02,5.108885e-03,4.020893e-02,2.045439e-03,6.379260e-02,1.293359e-01,3.237161e-02,1.666183e-02,3.003427e-02,2.443273e-01,2.105526e-02,1.880081e-01
5.520078e-02,5.480402e-02,9.499403e-03,7.084659e-02,8.113516e-03,3.953481e-02,1.914865e-03,4.548649e-02,1.102863e-01,2.383523e-02,1.857414e-02,3.081929e-02,3.614936e-01,1.784463e-02,1.517463e-01
9.027299e-02,4.281189e-02,8.565791e-03,5.925342e-02,1.042489e-02,3.292536e-02,2.440600e-03,3.322717e-02,1.303351e-01,1.848330e-02,1.769498e-02,3.297876e-02,3.793716e-01,1.489069e-02,1.263234e-01
9.721985e-02,3.078432e-02,6.831684e-03,4.304555e-02,8.223710e-03,4.537051e-02,2.096183e-03,2.361542e-02,9.362347e-02,1.315133e-02,1.616827e-02,4.633157e-02,4.701326e-01,1.292237e-02,9.048317e-02
8.962274e-02,2.201303e-02,4.974357e-03,3.090853e-02,7.018079e-03,3.440090e-02,1.765567e-03,1.683217e-02,6.864562e-02,9.450575e-03,1.350411e-02,5.367848e-02,5.730720e-01,9.554079e-03,6.455977e-02
7.840403e-02,1.791500e-02,9.645395e-03,2.664772e-02,9.527955e-03,2.930937e-02,1.663353e-03,1.288796e-02,5.855446e-02,7.650752e-03,1.199659e-02,4.845516e-02,6.311572e-01,7.869610e-03,4.831547e-02
6.138952e-02,1.455358e-02,8.182787e-03,2.011004e-02,1.598273e-02,2.709609e-02,1.470224e-03,1.009952e-02,4.576882e-02,5.698402e-03,1.174309e-02,5.181018e-02,6.838803e-01,6.360557e-03,3.585417e-02
1.325080e-01,1.449604e-02,1.948666e-02,1.838100e-02,1.710118e-02,2.905482e-02,3.430662e-03,9.137250e-03,4.341300e-02,8.038556e-03,1.326986e-02,8.428374e-02,5.707387e-01,8.111445e-03,2.854912e-02
1.201711e-01,1.155234e-02,1.745133e-02,1.366746e-02,2.730532e-02,2.538084e-02,8.284836e-03,1.144393e-02,4.247205e-02,6.745327e-03,1.108343e-02,1.572114e-01,5.164547e-01,6.757657e-03,2.401824e-02
9.353727e-02,1.007285e-02,1.520953e-02,1.006841e-02,2.766437e-02,2.122992e-02,7.608119e-03,1.335518e-02,3.959725e-02,5.521597e-03,9.114240e-03,2.555283e-01,4.681083e-01,5.292542e-03,1.809220e-02
8.640652e-02,9.964517e-03,1.869984e-02,7.445399e-03,2.270200e-02,2.024664e-02,8.553515e-03,2.277122e-02,3.400525e-02,5.260342e-03,6.958816e-03,2.001449e-01,5.303531e-01,5.759797e-03,2.072813e-02
7.375719e-02,1.255112e-02,2.386010e-02,5.599508e-03,1.963057e-02,2.026654e-02,7.285912e-03,2.253082e-02,3.098976e-02,5.039572e-03,6.157457e-03,1.528198e-01,5.868631e-01,6.351502e-03,2.629699e-02
6.925656e-02,2.158776e-02,4.348110e-02,4.471817e-03,1.992493e-02,3.043343e-02,8.072775e-03,5.277216e-02,4.444817e-02,6.639190e-03,6.742442e-03,1.155415e-01,5.403929e-01,5.554038e-03,3.068121e-02
5.688232e-02,2.210840e-02,4.053062e-02,3.210921e-03,1.758706e-02,3.207223e-02,1.515233e-02,7.234478e-02,4.767480e-02,6.365824e-03,5.425444e-03,9.715861e-02,5.555949e-01,4.339967e-03,2.355175e-02
4.686916e-02,1.919867e-02,3.274490e-02,2.339247e-03,1.556425e-02,3.185353e-02,1.646440e-02,7.629152e-02,4.490945e-02,5.261714e-03,4.138757e-03,8.627272e-02,5.970196e-01,3.545401e-03,1.752662e-02
6.118014e-02,2.388083e-02,3.099696e-02,2.268539e-03,2.049231e-02,4.363709e-02,1.826074e-02,8.789909e-02,4.826030e-02,5.871867e-03,3.576786e-03,8.189533e-02,5.532296e-01,3.326829e-03,1.522353e-02
7.701976e-02,2.970265e-02,3.628981e-02,2.344791e-03,2.853238e-02,4.658028e-02,1.953612e-02,8.856051e-02,4.631702e-02,1.101295e-02,4.932546e-03,9.593236e-02,4.897300e-01,7.345019e-03,1.616377e-02
8.701233e-02,2.888616e-02,4.551973e-02,1.999158e-03,2.987705e-02,4.182125e-02,3.204292e-02,8.501430e-02,3.933904e-02,1.426909e-02,5.053191e-03,9.970105e-02,4.526596e-01,1.387259e-02,2.293257e-02
1.110645e-01,2.671715e-02,4.398784e-02,2.257942e-03,2.848646e-02,3.888199e-02,4.632767e-02,7.219281e-02,4.255381e-02,2.608158e-02,6.620028e-03,1.287075e-01,3.728203e-01,2.264500e-02,3.065542e-02
1.177975e-01,2.328301e-02,4.406289e-02,2.903527e-03,2.460066e-02,3.473080e-02,7.542589e-02,5.882447e-02,4.507852e-02,2.945065e-02,6.214264e-03,1.400729e-01,3.255202e-01,1.947875e-02,5.255597e-02
1.834927e-01,2.563677e-02,3.547102e-02,6.803889e-03,2.408616e-02,4.164089e-02,9.807939e-02,5.459346e-02,5.235934e-02,2.873631e-02,6.078986e-03,1.047997e-01,2.683820e-01,1.689982e-02,5.293954e-02
2.677664e-01,2.467420e-02,2.941937e-02,1.090063e-02,2.128911e-02,4.181778e-02,1.025983e-01,6.362566e-02,4.810496e-02,2.742470e-02,5.508377e-03,8.621782e-02,2.074551e-01,1.466325e-02,4.853440e-02
3.565419e-01,1.999638e-02,2.303704e-02,1.120551e-02,1.800894e-02,3.951131e-02,1.120033e-01,7.325917e-02,3.780152e-02,2.122498e-02,4.485190e-03,6.799266e-02,1.653236e-01,1.082627e-02,3.878226e-02
4.320302e-01,1.711167e-02,2.000909e-02,1.473907e-02,1.456700e-02,3.660914e-02,9.492086e-02,1.016333e-01,2.803223e-02,1.704273e-02,4.458549e-03,5.313250e-02,1.231922e-01,8.178396e-03,3.434302e-02
4.964743e-01,1.932438e-02,1.749947e-02,2.121957e-02,1.206639e-02,4.076669e-02,8.012658e-02,8.352357e-02,2.080769e-02,1.388671e-02,6.591194e-03,5.163727e-02,9.492759e-02,6.624687e-03,3.452394e-02
1.000000e+00,0.000000e+00,0.000000e+00,0.000000e+00,0.000000e+00,0.000000e+00,0.000000e+00,0.000000e+00,0.000000e+00,0.000000e+00,0.000000e+00,0.000000e+00,0.000000e+00,0.000000e+00,0.000000e+00
1.000000e+00,0.000000e+00,0.000000e+00,0.000000e+00,0.000000e+00,0.000000e+00,0.000000e+00,0.000000e+00,0.000000e+00,0.000000e+00,0.000000e+00,0.000000e+00,0.000000e+00,0.000000e+00,0.000000e+00
1.000000e+00,0.000000e+00,0.000000e+00,0.000000e+00,0.000000e+00,0.000000e+00,0.000000e+00,0.000000e+00,0.000000e+00,0.000000e+00,0.000000e+00,0.000000e+00,0.000000e+00,0.000000e+00,0.000000e+00
1.000000e+00,0.000000e+00,0.000000e+00,0.000000e+00,0.000000e+00,0.000000e+00,0.000000e+00,0.000000e+00,0.000000e+00,0.000000e+00,0.000000e+00,0.000000e+00,0.000000e+00,0.000000e+00,0.000000e+00
1.000000e+00,0.000000e+00,0.000000e+00,0.000000e+00,0.000000e+00,0.000000e+00,0.000000e+00,0.000000e+00,0.000000e+00,0.000000e+00,0.000000e+00,0.000000e+00,0.000000e+00,0.000000e+00,0.000000e+00
1.000000e+00,0.000000e+00,0.000000e+00,0.000000e+00,0.000000e+00,0.000000e+00,0.000000e+00,0.000000e+00,0.000000e+00,0.000000e+00,0.000000e+00,0.000000e+00,0.000000e+00,0.000000e+00,0.000000e+00
3.989855e-01,4.457411e-03,5.272145e-03,7.024027e-03,1.095836e-02,5.588132e-02,3.179819e-02,2.471835e-02,5.964585e-03,3.998658e-03,8.900702e-03,9.163234e-02,3.360468e-01,2.371196e-03,1.199046e-02
2.927760e-01,3.215991e-03,3.940609e-03,5.133669e-03,8.989246e-03,4.471342e-02,2.294683e-02,1.748398e-02,5.986442e-03,4.282934e-03,1.059121e-02,1.877581e-01,3.764646e-01,2.101494e-03,1.361547e-02
2.068737e-01,2.379158e-03,3.402309e-03,3.721512e-03,7.593441e-03,3.225667e-02,1.633853e-02,1.232730e-02,5.215880e-03,4.742403e-03,9.375367e-03,2.990105e-01,3.767743e-01,1.917467e-03,1.807152e-02
1.490971e-01,1.768647e-03,2.826348e-03,2.699459e-03,6.466193e-03,2.387205e-02,1.157475e-02,8.802091e-03,4.210883e-03,5.234780e-03,1.050960e-02,4.022844e-01,3.497255e-01,1.578664e-03,1.934953e-02
1.054899e-01,1.284250e-03,2.062909e-03,1.956558e-03,5.149257e-03,1.697243e-02,8.177462e-03,6.262612e-03,3.217308e-03,4.086498e-03,7.949434e-03,4.879922e-01,3.337843e-01,1.334252e-03,1.428064e-02
7.623725e-02,1.145567e-03,1.849181e-03,1.500633e-03,4.839673e-03,1.281505e-02,5.974012e-03,4.834197e-03,3.573060e-03,3.331171e-03,6.263602e-03,5.292587e-01,3.363841e-01,1.322221e-03,1.067154e-02
5.500808e-02,9.957311e-04,1.493837e-03,1.194349e-03,7.148649e-03,9.599007e-03,4.310905e-03,4.492333e-03,3.652255e-03,2.742582e-03,6.319337e-03,5.613831e-01,3.321114e-01,1.313728e-03,8.234690e-03
5.225001e-02,1.293289e-03,1.669267e-03,1.457856e-03,2.432047e-02,9.614708e-03,4.110356e-03,5.339840e-03,5.205014e-03,2.486510e-03,5.969209e-03,4.842183e-01,3.942466e-01,1.329961e-03,6.488641e-03
4.491404e-02,2.216166e-03,1.626327e-03,1.597764e-03,2.694669e-02,9.818815e-03,3.291509e-03,5.934400e-03,9.335780e-03,2.341603e-03,7.321911e-03,4.521638e-01,4.256095e-01,1.609134e-03,5.272476e-03
6.592295e-02,3.050272e-03,3.917570e-03,4.935279e-03,2.491985e-02,1.134127e-02,3.154584e-03,9.382129e-03,9.947664e-03,3.366238e-03,1.246085e-02,3.766381e-01,4.641680e-01,2.409859e-03,4.385455e-03
7.751268e-02,4.089319e-03,3.036079e-03,5.034264e-03,2.036757e-02,2.340952e-02,2.433569e-03,8.160286e-03,1.021662e-02,4.235420e-03,1.857455e-02,3.187334e-01,4.968477e-01,2.808608e-03,4.540454e-03
6.047727e-02,3.604075e-03,2.613547e-03,4.902168e-03,1.453895e-02,2.069300e-02,1.786489e-03,6.076206e-03,8.413238e-03,3.544667e-03,1.726789e-02,3.061231e-01,5.424719e-01,2.448797e-03,5.038641e-03
5.972473e-02,4.129292e-03,2.241204e-03,5.031023e-03,1.162978e-02,2.417255e-02,1.558203e-03,4.898299e-03,1.231951e-02,2.811780e-03,1.544869e-02,2.734078e-01,5.754095e-01,2.134007e-03,5.083717e-03
5.359519e-02,3.796468e-03,1.847999e-03,4.237772e-03,1.028818e-02,2.707607e-02,1.390314e-03,3.794648e-03,1.333455e-02,2.351889e-03,1.477291e-02,2.617427e-01,5.949866e-01,2.312384e-03,4.472402e-03
6.329639e-02,5.159575e-03,6.296691e-03,1.886170e-02,1.352542e-02,2.342037e-02,1.278067e-03,4.111390e-03,1.746243e-02,2.036807e-03,1.213881e-02,2.076872e-01,6.175809e-01,2.046984e-03,5.097339e-03
6.873378e-02,4.634087e-03,6.477672e-03,1.640662e-02,1.405600e-02,2.026637e-02,1.301877e-03,4.845963e-03,1.720634e-02,1.842450e-03,9.784820e-03,1.691329e-01,6.590521e-01,1.779908e-03,4.479101e-03
5.323548e-02,4.175898e-03,6.505717e-03,1.178755e-02,1.948035e-02,2.225501e-02,5.138619e-03,8.661681e-03,1.961658e-02,1.613155e-03,7.465741e-03,1.637521e-01,6.713521e-01,1.332635e-03,3.627283e-03
4.723653e-02,1.492493e-02,1.565661e-02,1.147400e-02,3.077569e-02,4.100857e-02,1.254385e-02,1.363751e-02,6.441832e-02,2.245388e-03,6.157686e-03,1.401375e-01,5.945162e-01,1.376291e-03,3.890863e-03
4.542388e-02,1.331581e-02,1.486881e-02,8.816013e-03,3.626997e-02,4.648712e-02,1.810911e-02,1.779632e-02,6.091782e-02,2.576621e-03,7.340910e-03,1.321613e-01,5.886099e-01,1.221464e-03,6.084853e-03
6.185534e-02,1.018671e-02,1.209912e-02,6.794258e-03,3.240217e-02,4.949300e-02,1.583340e-02,1.562353e-02,5.260981e-02,2.081366e-03,1.124046e-02,1.143716e-01,6.086608e-01,1.236452e-03,5.511996e-03
6.071267e-02,7.940131e-03,9.692419e-03,5.580137e-03,3.358108e-02,4.221660e-02,1.247333e-02,1.182687e-02,4.344320e-02,1.576514e-03,1.535286e-02,1.221933e-01,6.271002e-01,1.077017e-03,5.233699e-03
6.294379e-02,6.676762e-03,7.786410e-03,4.262861e-03,2.753641e-02,3.819714e-02,1.136947e-02,8.734650e-03,3.334961e-02,2.633722e-03,2.670811e-02,1.150474e-01,6.402295e-01,1.453423e-03,1.307082e-02
6.502891e-02,4.967670e-03,9.446764e-03,3.658076e-03,2.525013e-02,3.723247e-02,9.440401e-03,7.074083e-03,2.563986e-02,3.013785e-03,3.595919e-02,1.253968e-01,6.346999e-01,1.574452e-03,1.161755e-02
4.935737e-02,3.663524e-03,7.358822e-03,2.668011e-03,2.263404e-02,2.796062e-02,7.163514e-03,5.103257e-03,1.863949e-02,2.543105e-03,4.096067e-02,1.267325e-01,6.723741e-01,1.555845e-03,1.128521e-02
4.095962e-02,2.787221e-03,6.192439e-03,2.066436e-03,1.935747e-02,2.203584e-02,5.976594e-03,4.315700e-03,1.435103e-02,6.523347e-03,4.348495e-02,1.674289e-01,6.541255e-01,1.511379e-03,8.883530e-03
3.433006e-02,2.169703e-03,5.586255e-03,1.526047e-03,1.683724e-02,1.640112e-02,4.637225e-03,3.681255e-03,1.153989e-02,1.155844e-02,4.084403e-02,2.572829e-01,5.845668e-01,1.500253e-03,7.538704e-03
2.815855e-02,2.441265e-03,5.174825e-03,1.229732e-03,1.641749e-02,1.963681e-02,4.363432e-03,3.733112e-03,1.489948e-02,2.423898e-02,3.730685e-02,2.948081e-01,5.330406e-01,1.852255e-03,1.269846e-02
2.361749e-02,2.218314e-03,4.654679e-03,9.747878e-04,2.681667e-02,2.174081e-02,5.426866e-03,4.978371e-03,1.759964e-02,2.409484e-02,3.656838e-02,4.021999e-01,4.158453e-01,1.652787e-03,1.161112e-02
1.800480e-02,1.859375e-03,3.784294e-03,7.369213e-04,3.557071e-02,1.983164e-02,5.107162e-03,5.713949e-03,1.831418e-02,2.528533e-02,3.315705e-02,5.065265e-01,3.144482e-01,1.852416e-03,9.807559e-03
1.369710e-02,1.668743e-03,3.387278e-03,5.805077e-04,3.488150e-02,1.787555e-02,5.446291e-03,9.641791e-03,1.532005e-02,2.899471e-02,2.617568e-02,6.036114e-01,2.282068e-01,3.069366e-03,7.443298e-03
1.138424e-02,1.770167e-03,2.818551e-03,4.712391e-04,3.225936e-02,1.555130e-02,6.414828e-03,1.451933e-02,1.236535e-02,2.445527e-02,1.928765e-02,6.844139e-01,1.654351e-01,3.353634e-03,5.500054e-03
1.173235e-02,3.054450e-03,3.444483e-03,5.982399e-04,3.469549e-02,2.007225e-02,2.271516e-02,3.563458e-02,1.611248e-02,2.015571e-02,1.470095e-02,6.815146e-01,1.266305e-01,4.788104e-03,4.150656e-03
1.213218e-02,2.327505e-03,3.002076e-03,6.078929e-04,2.873156e-02,2.043507e-02,1.772976e-01,7.785403e-02,1.194640e-02,1.726451e-02,1.094606e-02,5.307567e-01,1.000270e-01,3.534227e-03,3.137222e-03
1.448867e-02,1.683687e-03,2.446797e-03,5.691313e-04,2.112152e-02,3.897225e-02,2.932337e-01,9.874210e-02,8.561171e-03,1.424181e-02,8.185505e-03,4.141083e-01,7.870352e-02,2.541878e-03,2.400002e-03
2.469205e-02,1.415666e-03,2.092277e-03,8.193180e-04,1.624468e-02,7.504998e-02,3.000474e-01,1.592163e-01,6.463084e-03,1.547272e-02,6.098290e-03,3.294570e-01,5.902361e-02,1.869727e-03,2.037798e-03
2.577310e-02,1.144534e-03,1.620394e-03,6.362264e-04,1.251540e-02,5.975067e-02,4.550166e-01,1.317862e-01,4.994046e-03,1.358181e-02,4.341118e-03,2.423605e-01,4.365954e-02,1.327886e-03,1.491866e-03
2.723723e-02,1.091708e-03,1.225902e-03,5.248454e-04,9.756896e-03,4.496301e-02,5.894456e-01,1.010099e-01,4.902777e-03,9.752724e-03,3.091783e-03,1.727219e-01,3.222434e-02,9.349335e-04,1.116409e-03
3.140981e-02,1.087554e-03,9.801459e-04,5.045383e-04,8.916496e-03,4.211996e-02,6.595864e-01,9.192348e-02,5.140160e-03,7.022992e-03,2.322389e-03,1.221196e-01,2.525152e-02,6.628297e-04,9.520520e-04
5.305785e-02,5.055853e-03,1.488707e-03,2.211663e-03,1.437197e-02,9.639482e-02,6.038189e-01,8.434305e-02,1.021187e-02,5.526099e-03,2.938373e-03,9.221376e-02,2.582841e-02,5.325792e-04,2.006103e-03
5.961134e-02,4.092022e-03,1.455696e-03,2.008399e-03,1.297965e-02,1.028022e-01,6.283023e-01,8.725598e-02,7.686726e-03,3.937133e-03,2.311668e-03,6.493101e-02,2.036470e-02,4.139540e-04,1.847208e-03
5.575193e-02,3.793183e-03,1.768082e-03,2.541334e-03,1.331047e-02,1.831123e-01,5.499744e-01,1.081424e-01,6.419699e-03,2.858038e-03,2.987236e-03,4.656785e-02,2.039447e-02,3.278655e-04,2.050668e-03
6.355618e-02,4.835718e-03,4.236835e-03,3.712369e-03,1.572995e-02,1.795585e-01,4.538413e-01,2.077587e-01,7.830568e-03,2.334795e-03,3.597664e-03,3.343068e-02,1.623047e-02,2.849983e-04,3.061278e-03
6.953556e-02,5.577649e-03,4.460383e-03,3.369724e-03,1.809863e-02,1.481122e-01,4.056320e-01,2.877317e-01,9.383718e-03,2.132447e-03,4.892764e-03,2.391478e-02,1.314985e-02,2.812108e-04,3.727275e-03
1.105573e-01,6.549381e-03,7.016877e-03,3.601731e-03,2.290625e-02,1.241456e-01,3.652949e-01,3.044064e-01,1.221239e-02,2.239853e-03,7.389330e-03,1.754040e-02,1.119970e-02,4.917227e-04,4.448188e-03
1.170330e-01,1.458483e-02,8.348818e-03,7.175710e-03,2.133601e-02,1.697220e-01,2.955641e-01,2.691677e-01,3.081552e-02,4.564440e-03,1.184622e-02,1.367821e-02,2.368919e-02,7.978055e-04,1.167636e-02
9.659392e-02,2.551586e-02,9.777624e-03,1.843073e-02,2.185266e-02,1.553727e-01,2.521994e-01,2.400833e-01,5.076239e-02,1.180852e-02,1.893830e-02,1.239240e-02,5.916650e-02,1.870617e-03,2.523505e-02
1.397557e-01,3.573040e-02,8.441737e-03,1.697784e-02,3.118671e-02,1.194376e-01,1.927504e-01,2.148943e-01,1.338112e-01,9.845080e-03,1.662162e-02,9.884678e-03,4.659224e-02,2.668353e-03,2.140196e-02
1.927862e-01,3.815456e-02,9.765769e-03,1.478519e-02,3.733769e-02,9.247074e-02,1.477448e-01,2.249488e-01,1.502834e-01,8.948078e-03,1.307954e-02,8.202850e-03,3.657316e-02,4.933483e-03,1.998574e-02
2.129190e-01,4.139037e-02,1.508893e-02,1.258736e-02,3.830452e-02,7.648382e-02,1.172650e-01,2.191413e-01,1.755811e-01,1.039228e-02,1.134884e-02,7.528802e-03,3.249074e-02,8.021175e-03,2.145680e-02
1.872287e-01,8.177337e-02,4.229166e-02,1.535837e-02,3.031383e-02,1.036683e-01,8.347426e-02,1.673709e-01,1.369869e-01,2.437953e-02,1.768978e-02,9.943255e-03,3.397157e-02,1.267112e-02,5.287857e-02
2.010338e-01,7.408553e-02,4.225802e-02,1.512998e-02,2.778875e-02,9.270212e-02,6.228482e-02,2.085079e-01,1.171393e-01,2.131524e-02,1.488771e-02,9.641843e-03,3.041807e-02,1.244062e-02,7.036626e-02
2.014864e-01,7.441492e-02,3.663753e-02,1.942196e-02,2.311543e-02,7.927091e-02,4.567651e-02,1.627815e-01,9.118964e-02,2.351715e-02,1.649770e-02,2.907257e-02,2.985088e-02,1.389330e-02,1.531736e-01
1.437681e-01,6.450769e-02,4.017264e-02,1.405559e-02,1.683156e-02,5.632737e-02,3.236735e-02,1.163793e-01,6.981182e-02,1.941145e-02,2.188752e-02,2.301364e-02,2.711416e-02,4.703041e-02,3.073215e-01
1.081703e-01,5.277052e-02,3.276918e-02,1.374041e-02,1.268693e-02,4.129627e-02,2.298122e-02,9.130346e-02,6.548142e-02,1.607284e-02,3.332857e-02,3.193004e-02,5.041879e-02,5.546087e-02,3.715892e-01
1.053846e-01,4.184795e-02,2.620473e-02,2.265465e-02,1.053702e-02,4.343540e-02,1.750648e-02,6.796370e-02,7.753146e-02,1.349420e-02,4.706962e-02,3.864923e-02,1.207653e-01,4.383164e-02,3.231241e-01
1.437270e-01,3.486054e-02,2.502238e-02,3.088921e-02,1.372587e-02,5.307815e-02,1.577081e-02,6.277555e-02,6.359066e-02,1.200675e-02,5.743479e-02,4.804164e-02,1.583888e-01,3.463438e-02,2.460535e-01
1.469459e-01,3.047339e-02,2.236929e-02,5.877816e-02,1.758893e-02,4.209305e-02,1.301062e-02,4.973055e-02,1.253574e-01,1.012914e-02,4.755737e-02,4.081225e-02,1.412694e-01,2.968796e-02,2.241966e-01
1.348992e-01,2.355705e-02,1.751836e-02,4.679811e-02,1.490528e-02,3.550314e-02,1.029435e-02,3.885989e-02,1.089577e-01,9.719180e-03,4.531505e-02,6.740363e-02,1.828007e-01,7.775179e-02,1.857167e-01
1.872600e-01,1.876301e-02,1.705630e-02,4.277918e-02,1.849933e-02,3.278672e-02,8.178333e-03,3.096140e-02,8.572085e-02,1.059909e-02,4.786142e-02,9.665070e-02,1.771461e-01,7.978608e-02,1.459515e-01
1.496981e-01,1.650121e-02,1.528074e-02,4.860586e-02,2.114590e-02,2.947881e-02,6.459790e-03,2.214926e-02,8.023427e-02,1.405683e-02,6.442235e-02,1.560713e-01,1.452069e-01,1.074317e-01,1.232571e-01
1.509198e-01,1.378459e-02,1.722420e-02,4.266315e-02,2.381128e-02,2.322775e-02,5.325551e-03,1.664810e-02,7.337333e-02,1.314271e-02,9.034915e-02,1.688933e-01,1.658278e-01,9.801414e-02,9.679522e-02
2.118574e-01,1.323497e-02,1.408307e-02,3.415081e-02,4.452493e-02,2.381650e-02,4.450587e-03,1.295346e-02,5.806456e-02,1.535747e-02,1.230629e-01,1.426008e-01,1.496632e-01,7.866716e-02,7.351213e-02
2.295005e-01,1.104038e-02,1.351044e-02,2.654812e-02,4.462629e-02,2.273579e-02,4.948999e-03,1.236481e-02,4.424981e-02,1.377510e-02,1.049543e-01,2.267460e-01,1.249304e-01,6.104906e-02,5.902000e-02
2.163777e-01,1.067722e-02,1.251491e-02,1.977702e-02,4.013060e-02,2.063666e-02,4.633303e-03,1.063854e-02,3.404195e-02,1.563395e-02,8.386353e-02,3.402160e-01,1.000514e-01,4.552851e-02,4.527861e-02
2.154225e-01,1.934983e-02,5.679744e-02,4.130632e-02,5.662962e-02,4.629728e-02,6.195775e-03,1.665559e-02,3.091057e-02,1.803254e-02,7.015864e-02,2.757887e-01,7.898474e-02,3.359637e-02,3.387403e-02
2.049906e-01,2.309792e-02,4.985838e-02,4.318298e-02,5.510438e-02,4.266863e-02,6.311325e-03,1.559696e-02,3.217853e-02,2.491826e-02,7.244556e-02,3.072687e-01,6.889766e-02,2.597431e-02,2.750581e-02
2.346248e-01,2.801188e-02,3.783008e-02,3.311731e-02,5.396777e-02,3.626031e-02,6.994066e-03,1.691322e-02,2.953226e-02,2.517675e-02,5.541254e-02,3.415336e-01,5.852621e-02,1.965844e-02,2.244071e-02
3.299792e-01,3.499784e-02,3.125537e-02,2.902758e-02,4.927323e-02,2.965617e-02,7.168090e-03,2.610377e-02,2.896384e-02,3.575406e-02,4.388336e-02,2.660654e-01,4.765866e-02,1.636066e-02,2.385281e-02
4.131106e-01,4.000046e-02,3.063123e-02,2.610622e-02,4.608493e-02,2.329340e-02,6.638559e-03,3.788435e-02,3.023604e-02,3.557166e-02,3.319881e-02,1.994809e-01,3.731558e-02,1.456285e-02,2.588434e-02
4.188766e-01,4.883503e-02,2.802910e-02,2.176941e-02,5.253121e-02,2.054475e-02,5.912204e-03,3.937581e-02,3.537764e-02,4.505893e-02,2.784027e-02,1.500528e-01,3.084138e-02,1.807376e-02,5.688104e-02
4.484979e-01,5.475166e-02,2.338836e-02,2.098457e-02,6.672205e-02,1.709751e-02,4.878957e-03,3.388037e-02,3.243801e-02,5.314073e-02,2.371264e-02,1.184057e-01,3.019621e-02,1.750682e-02,5.439850e-02
4.567043e-01,5.361632e-02,2.629644e-02,2.310669e-02,6.565093e-02,1.717629e-02,6.526050e-03,3.850316e-02,3.840701e-02,5.395367e-02,2.259666e-02,9.777226e-02,2.965142e-02,1.863329e-02,5.140546e-02
3.776917e-01,4.962837e-02,4.694527e-02,2.893376e-02,7.458140e-02,1.954188e-02,1.004422e-02,1.266835e-01,3.553886e-02,5.099247e-02,1.821907e-02,7.821814e-02,2.748206e-02,1.487333e-02,4.062581e-02
3.063491e-01,3.911479e-02,4.475312e-02,2.288269e-02,6.885818e-02,1.665618e-02,8.889331e-02,2.040518e-01,3.009059e-02,4.733910e-02,1.317521e-02,5.676344e-02,2.101011e-02,1.070073e-02,2.936158e-02
2.552563e-01,3.067065e-02,3.690385e-02,1.743104e-02,5.126896e-02,1.591755e-02,2.150794e-01,2.151098e-01,2.544824e-02,4.045628e-02,9.589083e-03,4.168126e-02,1.596917e-02,7.794173e-03,2.142421e-02
2.305773e-01,2.414378e-02,2.868494e-02,1.283810e-02,3.810069e-02,1.431110e-02,3.254631e-01,1.998136e-01,2.068971e-02,3.377003e-02,6.860289e-03,3.065617e-02,1.250749e-02,5.764687e-03,1.581905e-02
2.376428e-01,2.095155e-02,2.422135e-02,9.771518e-03,3.133399e-02,1.349514e-02,3.403807e-01,2.213554e-01,2.025529e-02,2.557538e-02,5.030048e-03,2.252197e-02,1.123986e-02,4.395559e-03,1.182938e-02
2.453898e-01,1.803300e-02,2.081111e-02,7.519609e-03,3.748681e-02,1.453192e-02,3.011328e-01,2.704423e-01,2.085698e-02,1.951255e-02,3.699524e-03,1.707110e-02,1.045564e-02,3.404210e-03,9.652570e-03
2.889930e-01,1.465499e-02,1.653599e-02,6.081174e-03,4.550036e-02,1.353546e-02,2.942473e-01,2.472681e-01,2.020552e-02,1.656281e-02,2.858088e-03,1.391898e-02,8.617810e-03,2.589975e-03,8.430392e-03
3.094649e-01,1.155820e-02,1.356741e-02,5.425921e-03,4.162020e-02,1.818874e-02,3.190328e-01,2.137632e-01,2.037036e-02,1.243186e-02,2.469011e-03,1.222502e-02,1.060902e-02,1.985252e-03,7.288021e-03
3.092404e-01,9.223513e-03,1.075471e-02,4.692619e-03,3.850844e-02,2.060916e-02,3.541757e-01,1.940972e-01,1.837699e-02,8.913258e-03,2.140035e-03,9.883722e-03,1.160427e-02,1.551084e-03,6.228911e-03
3.055730e-01,7.431895e-03,8.826993e-03,3.683152e-03,4.333176e-02,1.839991e-02,3.257596e-01,2.352191e-01,1.884717e-02,6.387812e-03,1.809268e-03,7.666986e-03,1.066288e-02,1.219062e-03,5.181400e-03
3.093201e-01,5.916878e-03,8.459973e-03,3.327837e-03,3.395976e-02,1.755054e-02,3.518695e-01,2.230672e-01,1.655449e-02,4.656623e-03,1.661629e-03,6.764939e-03,1.123575e-02,9.990809e-04,4.655743e-03
2.900724e-01,4.819806e-03,8.155527e-03,2.675465e-03,2.694786e-02,1.548031e-02,3.819142e-01,2.271021e-01,1.630540e-02,3.476300e-03,1.553995e-03,5.515435e-03,1.086080e-02,8.039156e-04,4.316431e-03
2.209871e-01,3.577386e-03,6.166261e-03,2.018767e-03,2.079456e-02,1.278100e-02,4.890171e-01,2.102445e-01,1.241482e-02,2.564388e-03,2.350462e-03,4.160368e-03,8.703467e-03,6.149517e-04,3.604864e-03
1.602268e-01,2.564370e-03,4.435087e-03,1.482923e-03,1.496378e-02,1.000098e-02,6.064758e-01,1.733242e-01,8.801687e-03,1.901597e-03,3.069743e-03,3.182300e-03,6.394592e-03,4.724004e-04,2.703768e-03
1.378690e-01,1.895627e-03,3.264518e-03,1.265112e-03,1.143797e-02,7.978748e-03,4.818706e-01,3.323975e-01,6.431838e-03,1.436878e-03,3.832663e-03,2.727136e-03,4.829321e-03,3.557759e-04,2.407335e-03
1.213816e-01,2.161748e-03,2.967957e-03,1.309405e-03,1.468728e-02,1.102046e-02,4.793798e-01,2.754955e-01,5.906231e-03,1.300057e-02,4.185257e-02,8.324905e-03,9.602153e-03,7.125476e-03,5.784279e-03
9.504027e-02,2.596803e-03,3.193962e-03,2.006748e-03,2.062052e-02,1.664191e-02,4.799827e-01,2.027276e-01,6.298124e-03,2.621686e-02,9.788053e-02,2.293311e-02,1.113576e-02,7.469039e-03,5.256072e-03
8.220121e-02,2.981599e-03,3.195039e-03,5.120673e-03,1.894723e-02,1.490840e-02,4.735653e-01,1.519917e-01,7.010569e-03,1.997403e-02,1.533853e-01,3.907521e-02,1.260851e-02,1.053110e-02,4.504203e-03
8.274596e-02,2.849262e-03,3.124972e-03,1.026812e-02,1.788461e-02,1.359673e-02,4.671621e-01,1.200779e-01,8.885564e-03,1.495786e-02,1.687623e-01,5.727864e-02,1.505445e-02,1.336366e-02,3.987828e-03
