1.000000e+00,0.000000e+00,0.000000e+00,0.000000e+00,0.000000e+00,0.000000e+00,0.000000e+00,0.000000e+00,0.000000e+00,0.000000e+00,0.000000e+00,0.000000e+00,0.000000e+00,0.000000e+00,0.000000e+00
1.000000e+00,0.000000e+00,0.000000e+00,0.000000e+00,0.000000e+00,0.000000e+00,0.000000e+00,0.000000e+00,0.000000e+00,0.000000e+00,0.000000e+00,0.000000e+00,0.000000e+00,0.000000e+00,0.000000e+00
1.000000e+00,0.000000e+00,0.000000e+00,0.000000e+00,0.000000e+00,0.000000e+00,0.000000e+00,0.000000e+00,0.000000e+00,0.000000e+00,0.000000e+00,0.000000e+00,0.000000e+00,0.000000e+00,0.000000e+00
1.000000e+00,0.000000e+00,0.000000e+00,0.000000e+00,0.000000e+00,0.000000e+00,0.000000e+00,0.000000e+00,0.000000e+00,0.000000e+00,0.000000e+00,0.000000e+00,0.000000e+00,0.000000e+00,0.000000e+00
1.000000e+00,0.000000e+00,0.000000e+00,0.000000e+00,0.000000e+00,0.000000e+00,0.000000e+00,0.000000e+00,0.000000e+00,0.000000e+00,0.000000e+00,0.000000e+00,0.000000e+00,0.000000e+00,0.000000e+00
1.000000e+00,0.000000e+00,0.000000e+00,0.000000e+00,0.000000e+00,0.000000e+00,0.000000e+00,0.000000e+00,0.000000e+00,0.000000e+00,0.000000e+00,0.000000e+00,0.000000e+00,0.000000e+00,0.000000e+00
1.000000e+00,0.000000e+00,0.000000e+00,0.000000e+00,0.000000e+00,0.000000e+00,0.000000e+00,0.000000e+00,0.000000e+00,0.000000e+00,0.000000e+00,0.000000e+00,0.000000e+00,0.000000e+00,0.000000e+00
1.000000e+00,0.000000e+00,0.000000e+00,0.000000e+00,0.000000e+00,0.000000e+00,0.000000e+00,0.000000e+00,0.000000e+00,0.000000e+00,0.000000e+00,0.000000e+00,0.000000e+00,0.000000e+00,0.000000e+00
1.000000e+00,0.000000e+00,0.000000e+00,0.000000e+00,0.000000e+00,0.000000e+00,0.000000e+00,0.000000e+00,0.000000e+00,0.000000e+00,0.000000e+00,0.000000e+00,0.000000e+00,0.000000e+00,0.000000e+00
1.000000e+00,0.000000e+00,0.000000e+00,0.000000e+00,0.000000e+00,0.000000e+00,0.000000e+00,0.000000e+00,0.000000e+00,0.000000e+00,0.000000e+00,0.000000e+00,0.000000e+00,0.000000e+00,0.000000e+00
1.000000e+00,0.000000e+00,0.000000e+00,0.000000e+00,0.000000e+00,0.000000e+00,0.000000e+00,0.000000e+00,0.000000e+00,0.000000e+00,0.000000e+00,0.000000e+00,0.000000e+00,0.000000e+00,0.000000e+00
1.000000e+00,0.000000e+00,0.000000e+00,0.000000e+00,0.000000e+00,0.000000e+00,0.000000e+00,0.000000e+00,0.000000e+00,0.000000e+00,0.000000e+00,0.000000e+00,0.000000e+00,0.000000e+00,0.000000e+00
1.000000e+00,0.000000e+00,0.000000e+00,0.000000e+00,0.000000e+00,0.000000e+00,0.000000e+00,0.000000e+00,0.000000e+00,0.000000e+00,0.000000e+00,0.000000e+00,0.000000e+00,0.000000e+00,0.000000e+00
1.000000e+00,0.000000e+00,0.000000e+00,0.000000e+00,0.000000e+00,0.000000e+00,0.000000e+00,0.000000e+00,0.000000e+00,0.000000e+00,0.000000e+00,0.000000e+00,0.000000e+00,0.000000e+00,0.000000e+00
1.000000e+00,0.000000e+00,0.000000e+00,0.000000e+00,0.000000e+00,0.000000e+00,0.000000e+00,0.000000e+00,0.000000e+00,0.000000e+00,0.000000e+00,0.000000e+00,0.000000e+00,0.000000e+00,0.000000e+00
1.000000e+00,0.000000e+00,0.000000e+00,0.000000e+00,0.000000e+00,0.000000e+00,0.000000e+00,0.000000e+00,0.000000e+00,0.000000e+00,0.000000e+00,0.000000e+00,0.000000e+00,0.000000e+00,0.000000e+00
1.000000e+00,0.000000e+00,0.000000e+00,0.000000e+00,0.000000e+00,0.000000e+00,0.000000e+00,0.000000e+00,0.000000e+00,0.000000e+00,0.000000e+00,0.000000e+00,0.000000e+00,0.000000e+00,0.000000e+00
1.000000e+00,0.000000e+00,0.000000e+00,0.000000e+00,0.000000e+00,0.000000e+00,0.000000e+00,0.000000e+00,0.000000e+00,0.000000e+00,0.000000e+00,0.000000e+00,0.000000e+00,0.000000e+00,0.000000e+00
1.000000e+00,0.000000e+00,0.000000e+00,0.000000e+00,0.000000e+00,0.000000e+00,0.000000e+00,0.000000e+00,0.000000e+00,0.000000e+00,0.000000e+00,0.000000e+00,0.000000e+00,0.000000e+00,0.000000e+00
1.000000e+00,0.000000e+00,0.000000e+00,0.000000e+00,0.000000e+00,0.000000e+00,0.000000e+00,0.000000e+00,0.000000e+00,0.000000e+00,0.000000e+00,0.000000e+00,0.000000e+00,0.000000e+00,0.000000e+00
1.000000e+00,0.000000e+00,0.000000e+00,0.000000e+00,0.000000e+00,0.000000e+00,0.000000e+00,0.000000e+00,0.000000e+00,0.000000e+00,0.000000e+00,0.000000e+00,0.000000e+00,0.000000e+00,0.000000e+00
1.000000e+00,0.000000e+00,0.000000e+00,0.000000e+00,0.000000e+00,0.000000e+00,0.000000e+00,0.000000e+00,0.000000e+00,0.000000e+00,0.000000e+00,0.000000e+00,0.000000e+00,0.000000e+00,0.000000e+00
1.000000e+00,0.000000e+00,0.000000e+00,0.000000e+00,0.000000e+00,0.000000e+00,0.000000e+00,0.000000e+00,0.000000e+00,0.000000e+00,0.000000e+00,0.000000e+00,0.000000e+00,0.000000e+00,0.000000e+00
1.000000e+00,0.000000e+00,0.000000e+00,0.000000e+00,0.000000e+00,0.000000e+00,0.000000e+00,0.000000e+00,0.000000e+00,0.000000e+00,0.000000e+00,0.000000e+00,0.000000e+00,0.000000e+00,0.000000e+00
1.000000e+00,0.000000e+00,0.000000e+00,0.000000e+00,0.000000e+00,0.000000e+00,0.000000e+00,0.000000e+00,0.000000e+00,0.000000e+00,0.000000e+00,0.000000e+00,0.000000e+00,0.000000e+00,0.000000e+00
1.000000e+00,0.000000e+00,0.000000e+00,0.000000e+00,0.000000e+00,0.000000e+00,0.000000e+00,0.000000e+00,0.000000e+00,0.000000e+00,0.000000e+00,0.000000e+00,0.000000e+00,0.000000e+00,0.000000e+00
1.000000e+00,0.000000e+00,0.000000e+00,0.000000e+00,0.000000e+00,0.000000e+00,0.000000e+00,0.000000e+00,0.000000e+00,0.000000e+00,0.000000e+00,0.000000e+00,0.000000e+00,0.000000e+00,0.000000e+00
1.000000e+00,0.000000e+00,0.000000e+00,0.000000e+00,0.000000e+00,0.000000e+00,0.000000e+00,0.000000e+00,0.000000e+00,0.000000e+00,0.000000e+00,0.000000e+00,0.000000e+00,0.000000e+00,0.000000e+00
1.000000e+00,0.000000e+00,0.000000e+00,0.000000e+00,0.000000e+00,0.000000e+00,0.000000e+00,0.000000e+00,0.000000e+00,0.000000e+00,0.000000e+00,0.000000e+00,0.000000e+00,0.000000e+00,0.000000e+00
1.000000e+00,0.000000e+00,0.000000e+00,0.000000e+00,0.000000e+00,0.000000e+00,0.000000e+00,0.000000e+00,0.000000e+00,0.000000e+00,0.000000e+00,0.000000e+00,0.000000e+00,0.000000e+00,0.000000e+00
1.000000e+00,0.000000e+00,0.000000e+00,0.000000e+00,0.000000e+00,0.000000e+00,0.000000e+00,0.000000e+00,0.000000e+00,0.000000e+00,0.000000e+00,0.000000e+00,0.000000e+00,0.000000e+00,0.000000e+00
1.000000e+00,0.000000e+00,0.000000e+00,0.000000e+00,0.000000e+00,0.000000e+00,0.000000e+00,0.000000e+00,0.000000e+00,0.000000e+00,0.000000e+00,0.000000e+00,0.000000e+00,0.000000e+00,0.000000e+00
1.000000e+00,0.000000e+00,0.000000e+00,0.000000e+00,0.000000e+00,0.000000e+00,0.000000e+00,0.000000e+00,0.000000e+00,0.000000e+00,0.000000e+00,0.000000e+00,0.000000e+00,0.000000e+00,0.000000e+00
1.000000e+00,0.000000e+00,0.000000e+00,0.000000e+00,0.000000e+00,0.000000e+00,0.000000e+00,0.000000e+00,0.000000e+00,0.000000e+00,0.000000e+00,0.000000e+00,0.000000e+00,0.000000e+00,0.000000e+00
1.000000e+00,0.000000e+00,0.000000e+00,0.000000e+00,0.000000e+00,0.000000e+00,0.000000e+00,0.000000e+00,0.000000e+00,0.000000e+00,0.000000e+00,0.000000e+00,0.000000e+00,0.000000e+00,0.000000e+00
1.000000e+00,0.000000e+00,0.000000e+00,0.000000e+00,0.000000e+00,0.000000e+00,0.000000e+00,0.000000e+00,0.000000e+00,0.000000e+00,0.000000e+00,0.000000e+00,0.000000e+00,0.000000e+00,0.000000e+00
1.000000e+00,0.000000e+00,0.000000e+00,0.000000e+00,0.000000e+00,0.000000e+00,0.000000e+00,0.000000e+00,0.000000e+00,0.000000e+00,0.000000e+00,0.000000e+00,0.000000e+00,0.000000e+00,0.000000e+00
1.000000e+00,0.000000e+00,0.000000e+00,0.000000e+00,0.000000e+00,0.000000e+00,0.000000e+00,0.000000e+00,0.000000e+00,0.000000e+00,0.000000e+00,0.000000e+00,0.000000e+00,0.000000e+00,0.000000e+00
1.000000e+00,0.000000e+00,0.000000e+00,0.000000e+00,0.000000e+00,0.000000e+00,0.000000e+00,0.000000e+00,0.000000e+00,0.000000e+00,0.000000e+00,0.000000e+00,0.000000e+00,0.000000e+00,0.000000e+00
1.000000e+00,0.000000e+00,0.000000e+00,0.000000e+00,0.000000e+00,0.000000e+00,0.000000e+00,0.000000e+00,0.000000e+00,0.000000e+00,0.000000e+00,0.000000e+00,0.000000e+00,0.000000e+00,0.000000e+00
1.000000e+00,0.000000e+00,0.000000e+00,0.000000e+00,0.000000e+00,0.000000e+00,0.000000e+00,0.000000e+00,0.000000e+00,0.000000e+00,0.000000e+00,0.000000e+00,0.000000e+00,0.000000e+00,0.000000e+00
1.000000e+00,0.000000e+00,0.000000e+00,0.000000e+00,0.000000e+00,0.000000e+00,0.000000e+00,0.000000e+00,0.000000e+00,0.000000e+00,0.000000e+00,0.000000e+00,0.000000e+00,0.000000e+00,0.000000e+00
1.000000e+00,0.000000e+00,0.000000e+00,0.000000e+00,0.000000e+00,0.000000e+00,0.000000e+00,0.000000e+00,0.000000e+00,0.000000e+00,0.000000e+00,0.000000e+00,0.000000e+00,0.000000e+00,0.000000e+00
1.000000e+00,0.000000e+00,0.000000e+00,0.000000e+00,0.000000e+00,0.000000e+00,0.000000e+00,0.000000e+00,0.000000e+00,0.000000e+00,0.000000e+00,0.000000e+00,0.000000e+00,0.000000e+00,0.000000e+00
1.000000e+00,0.000000e+00,0.000000e+00,0.000000e+00,0.000000e+00,0.000000e+00,0.000000e+00,0.000000e+00,0.000000e+00,0.000000e+00,0.000000e+00,0.000000e+00,0.000000e+00,0.000000e+00,0.000000e+00
1.000000e+00,0.000000e+00,0.000000e+00,0.000000e+00,0.000000e+00,0.000000e+00,0.000000e+00,0.000000e+00,0.000000e+00,0.000000e+00,0.000000e+00,0.000000e+00,0.000000e+00,0.000000e+00,0.000000e+00
1.000000e+00,0.000000e+00,0.000000e+00,0.000000e+00,0.000000e+00,0.000000e+00,0.000000e+00,0.000000e+00,0.000000e+00,0.000000e+00,0.000000e+00,0.000000e+00,0.000000e+00,0.000000e+00,0.000000e+00
1.000000e+00,0.000000e+00,0.000000e+00,0.000000e+00,0.000000e+00,0.000000e+00,0.000000e+00,0.000000e+00,0.000000e+00,0.000000e+00,0.000000e+00,0.000000e+00,0.000000e+00,0.000000e+00,0.000000e+00
1.000000e+00,0.000000e+00,0.000000e+00,0.000000e+00,0.000000e+00,0.000000e+00,0.000000e+00,0.000000e+00,0.000000e+00,0.000000e+00,0.000000e+00,0.000000e+00,0.000000e+00,0.000000e+00,0.000000e+00
1.000000e+00,0.000000e+00,0.000000e+00,0.000000e+00,0.000000e+00,0.000000e+00,0.000000e+00,0.000000e+00,0.000000e+00,0.000000e+00,0.000000e+00,0.000000e+00,0.000000e+00,0.000000e+00,0.000000e+00
1.000000e+00,0.000000e+00,0.000000e+00,0.000000e+00,0.000000e+00,0.000000e+00,0.000000e+00,0.000000e+00,0.000000e+00,0.000000e+00,0.000000e+00,0.000000e+00,0.000000e+00,0.000000e+00,0.000000e+00
1.000000e+00,0.000000e+00,0.000000e+00,0.000000e+00,0.000000e+00,0.000000e+00,0.000000e+00,0.000000e+00,0.000000e+00,0.000000e+00,0.000000e+00,0.000000e+00,0.000000e+00,0.000000e+00,0.000000e+00
1.000000e+00,0.000000e+00,0.000000e+00,0.000000e+00,0.000000e+00,0.000000e+00,0.000000e+00,0.000000e+00,0.000000e+00,0.000000e+00,0.000000e+00,0.000000e+00,0.000000e+00,0.000000e+00,0.000000e+00
4.756292e-01,1.097522e-02,2.408168e-02,1.664682e-02,9.972242e-03,3.523659e-02,3.418428e-01,3.688920e-02,2.903858e-03,1.144184e-03,3.081528e-03,1.629069e-02,1.726036e-02,9.190852e-04,7.126553e-03
3.434071e-01,7.958517e-03,2.775366e-02,1.263897e-02,7.989433e-03,3.230986e-02,4.811594e-01,4.967086e-02,2.154211e-03,9.830138e-04,2.306184e-03,1.220638e-02,1.340804e-02,7.375568e-04,5.316797e-03
2.629965e-01,6.050822e-03,3.144902e-02,1.118136e-02,7.403624e-03,2.913779e-02,5.252566e-01,9.607073e-02,1.784498e-03,8.769400e-04,1.947355e-03,9.841007e-03,1.114218e-02,7.335367e-04,4.128076e-03
1.971344e-01,4.422776e-03,2.573571e-02,8.434585e-03,6.044509e-03,2.400577e-02,6.177752e-01,9.325459e-02,1.368176e-03,6.779085e-04,1.463163e-03,7.407332e-03,8.638650e-03,5.842003e-04,3.053048e-03
1.633332e-01,3.345085e-03,2.171277e-02,6.448748e-03,4.977439e-03,2.106471e-02,6.569629e-01,1.038315e-01,1.092867e-03,5.419688e-04,1.114362e-03,5.638252e-03,6.938401e-03,4.997389e-04,2.498131e-03
1.686358e-01,2.942980e-03,1.913741e-02,5.289570e-03,4.498252e-03,1.956125e-02,6.452743e-01,1.181142e-01,1.075922e-03,5.224023e-04,9.636611e-04,4.719224e-03,6.099827e-03,5.706932e-04,2.594459e-03
1.770415e-01,3.003413e-03,2.624749e-02,6.922990e-03,5.426798e-03,1.761305e-02,5.838216e-01,1.647409e-01,1.093240e-03,4.917210e-04,8.460104e-04,4.097349e-03,5.711574e-03,5.628733e-04,2.379522e-03
1.465711e-01,2.433415e-03,3.004283e-02,6.997899e-03,6.053885e-03,1.645887e-02,5.905074e-01,1.875282e-01,9.690576e-04,4.578916e-04,7.049245e-04,3.356943e-03,5.553281e-03,4.761300e-04,1.888198e-03
1.137847e-01,1.922658e-03,2.492507e-02,5.585984e-03,5.227834e-03,1.560135e-02,6.479420e-01,1.737203e-01,7.706091e-04,3.875025e-04,5.383553e-04,2.646110e-03,5.081255e-03,3.691174e-04,1.497225e-03
1.055874e-01,1.821661e-03,2.186501e-02,4.729117e-03,4.560755e-03,2.187162e-02,5.853329e-01,2.419156e-01,6.838719e-04,3.689959e-04,4.851467e-04,2.686096e-03,6.077428e-03,3.492341e-04,1.665179e-03
1.018493e-01,2.027212e-03,1.808027e-02,4.036970e-03,4.682630e-03,2.375837e-02,5.640199e-01,2.676688e-01,7.388953e-04,3.760149e-04,5.670161e-04,2.991381e-03,6.541146e-03,3.985687e-04,2.263654e-03
8.912618e-02,1.697695e-03,1.426117e-02,3.225906e-03,4.776314e-03,1.979366e-02,5.381317e-01,3.161613e-01,7.024968e-04,3.344959e-04,5.680725e-04,2.994929e-03,5.822072e-03,3.636712e-04,2.040424e-03
1.530702e-01,1.716266e-03,1.249077e-02,3.468522e-03,4.706118e-03,2.094738e-02,4.448057e-01,3.420281e-01,7.011726e-04,3.939274e-04,7.315870e-04,4.742675e-03,6.595774e-03,4.421895e-04,3.159741e-03
2.072561e-01,1.761768e-03,1.140821e-02,3.256871e-03,4.523346e-03,2.040447e-02,3.724489e-01,3.597503e-01,6.708571e-04,3.950140e-04,8.875518e-04,5.839567e-03,6.945046e-03,5.742249e-04,3.877814e-03
3.045978e-01,2.718579e-03,1.445981e-02,4.866993e-03,4.942165e-03,2.414218e-02,2.859276e-01,3.323346e-01,7.903836e-04,4.636511e-04,1.273404e-03,9.124225e-03,7.933985e-03,7.504662e-04,5.674188e-03
3.834003e-01,3.759185e-03,1.723566e-02,6.318169e-03,5.804333e-03,2.394355e-02,2.218443e-01,3.046266e-01,9.623866e-04,6.147813e-04,1.837368e-03,1.262403e-02,9.178530e-03,9.128378e-04,6.938003e-03
4.376945e-01,4.271533e-03,1.924028e-02,7.018918e-03,6.616110e-03,2.357667e-02,1.844769e-01,2.788223e-01,1.166054e-03,6.867454e-04,2.210035e-03,1.546824e-02,1.040567e-02,9.462707e-04,7.399773e-03
4.292092e-01,4.337886e-03,1.681989e-02,6.590517e-03,7.317268e-03,2.550515e-02,2.011792e-01,2.723266e-01,1.331322e-03,6.791641e-04,2.119316e-03,1.429673e-02,1.068342e-02,8.283987e-04,6.775928e-03
4.538190e-01,4.579108e-03,1.600653e-02,6.831749e-03,8.942179e-03,2.738536e-02,1.910016e-01,2.506857e-01,1.512953e-03,8.489309e-04,2.319394e-03,1.589804e-02,1.203014e-02,9.064209e-04,7.232785e-03
1.000000e+00,0.000000e+00,0.000000e+00,0.000000e+00,0.000000e+00,0.000000e+00,0.000000e+00,0.000000e+00,0.000000e+00,0.000000e+00,0.000000e+00,0.000000e+00,0.000000e+00,0.000000e+00,0.000000e+00
1.000000e+00,0.000000e+00,0.000000e+00,0.000000e+00,0.000000e+00,0.000000e+00,0.000000e+00,0.000000e+00,0.000000e+00,0.000000e+00,0.000000e+00,0.000000e+00,0.000000e+00,0.000000e+00,0.000000e+00
1.000000e+00,0.000000e+00,0.000000e+00,0.000000e+00,0.000000e+00,0.000000e+00,0.000000e+00,0.000000e+00,0.000000e+00,0.000000e+00,0.000000e+00,0.000000e+00,0.000000e+00,0.000000e+00,0.000000e+00
1.000000e+00,0.000000e+00,0.000000e+00,0.000000e+00,0.000000e+00,0.000000e+00,0.000000e+00,0.000000e+00,0.000000e+00,0.000000e+00,0.000000e+00,0.000000e+00,0.000000e+00,0.000000e+00,0.000000e+00
4.398784e-01,9.431567e-03,1.069530e-02,2.599405e-02,2.088696e-02,6.795641e-02,1.524629e-01,1.327218e-01,1.101147e-02,2.250828e-03,9.416341e-03,2.627178e-02,7.043750e-02,2.196298e-03,1.838838e-02
3.881637e-01,1.136920e-02,8.322407e-03,3.168148e-02,1.792994e-02,5.751521e-02,1.188937e-01,1.003893e-01,2.548816e-02,8.563981e-03,1.198125e-02,4.481240e-02,1.234618e-01,2.977874e-03,4.844956e-02
3.629002e-01,1.215705e-02,6.481057e-03,3.063818e-02,1.570098e-02,4.622157e-02,9.921379e-02,7.415242e-02,4.287693e-02,1.698937e-02,1.657357e-02,5.435482e-02,1.513698e-01,4.401262e-03,6.596896e-02
3.168277e-01,1.188761e-02,6.169105e-03,3.132588e-02,2.164015e-02,3.601125e-02,9.017973e-02,5.468670e-02,7.648437e-02,3.553977e-02,1.515726e-02,6.113029e-02,1.511344e-01,6.544407e-03,8.528145e-02
3.088123e-01,1.084830e-02,5.691013e-03,2.437266e-02,2.258360e-02,3.870225e-02,7.927302e-02,4.104938e-02,6.861195e-02,2.789985e-02,1.484565e-02,5.402437e-02,2.133977e-01,6.490122e-03,8.339781e-02
3.641168e-01,1.040662e-02,4.504139e-03,1.831036e-02,2.122417e-02,3.464100e-02,6.088729e-02,3.042357e-02,5.993392e-02,2.190549e-02,1.430616e-02,4.708809e-02,2.240295e-01,6.583393e-03,8.163957e-02
3.827933e-01,1.329709e-02,3.585443e-03,1.358593e-02,3.123748e-02,2.662651e-02,4.680804e-02,2.362419e-02,5.854797e-02,1.658401e-02,1.478448e-02,4.269243e-02,2.372932e-01,5.746279e-03,8.279364e-02
3.692828e-01,1.147785e-02,3.233292e-03,1.033595e-02,5.008937e-02,2.129359e-02,3.874507e-02,1.940436e-02,6.265832e-02,1.306910e-02,1.539561e-02,4.994525e-02,2.335572e-01,6.290593e-03,9.522164e-02
3.223608e-01,1.300288e-02,6.573460e-03,5.828596e-02,5.192614e-02,3.262091e-02,2.828264e-02,1.437023e-02,7.700801e-02,1.258078e-02,1.731482e-02,6.274372e-02,1.999129e-01,5.583793e-03,9.743299e-02
2.516211e-01,9.968942e-03,5.115803e-03,4.651737e-02,3.939673e-02,5.661786e-02,2.454822e-02,1.156619e-02,6.266389e-02,1.011489e-02,3.485021e-02,7.073484e-02,2.953897e-01,6.933052e-03,7.396117e-02
2.057708e-01,8.075286e-03,4.175796e-03,3.864419e-02,3.022928e-02,5.355816e-02,2.019119e-02,9.619561e-03,5.255801e-02,9.115741e-03,5.792709e-02,1.181971e-01,3.293267e-01,6.574861e-03,5.603615e-02
1.645020e-01,8.090800e-03,4.668125e-03,3.181764e-02,2.942205e-02,4.115881e-02,1.528211e-02,1.053664e-02,1.302372e-01,8.335668e-03,5.596691e-02,1.637050e-01,2.889853e-01,5.300002e-03,4.199181e-02
1.662185e-01,8.808975e-03,1.387721e-02,3.953467e-02,3.079466e-02,3.468617e-02,1.489907e-02,1.868314e-02,1.447625e-01,1.126581e-02,6.190437e-02,1.410643e-01,2.693751e-01,4.666942e-03,3.945856e-02
1.931846e-01,1.247285e-02,1.408062e-02,3.917618e-02,2.566169e-02,3.888833e-02,1.161782e-02,1.485608e-02,1.732806e-01,2.010444e-02,5.162032e-02,1.162803e-01,2.427716e-01,3.990734e-03,4.201391e-02
2.153368e-01,1.122258e-02,1.255317e-02,4.186917e-02,2.181778e-02,5.948664e-02,9.551767e-03,1.126317e-02,1.703797e-01,1.724559e-02,4.595843e-02,9.487709e-02,2.405893e-01,3.701634e-03,4.414723e-02
1.887918e-01,8.790500e-03,1.092358e-02,3.275409e-02,1.832676e-02,5.651593e-02,7.631430e-03,9.317609e-03,1.362154e-01,1.377679e-02,4.889870e-02,8.023470e-02,2.840663e-01,3.991574e-03,9.976491e-02
1.524826e-01,6.736208e-03,1.502903e-02,2.439790e-02,3.354392e-02,4.051024e-02,7.784917e-03,1.511289e-02,1.039908e-01,1.160359e-02,4.717547e-02,5.909546e-02,2.371505e-01,3.102245e-03,2.422843e-01
1.166905e-01,5.244714e-03,1.729906e-02,2.152702e-02,3.107714e-02,3.073775e-02,7.957513e-03,3.627303e-02,8.447277e-02,1.040835e-02,3.971639e-02,4.380103e-02,2.044786e-01,2.799345e-03,3.475167e-01
8.668303e-02,4.485371e-03,1.465647e-02,3.416916e-02,8.656539e-02,2.252857e-02,7.397732e-03,3.540689e-02,6.226478e-02,7.756595e-03,3.985853e-02,3.163459e-02,1.653587e-01,2.276941e-03,3.989573e-01
9.977437e-02,7.043353e-03,1.623323e-02,6.071895e-02,1.555471e-01,2.159011e-02,1.419269e-02,3.225982e-02,5.107039e-02,5.838460e-03,3.335749e-02,2.654200e-02,1.397903e-01,1.935901e-03,3.341058e-01
1.189091e-01,9.032072e-03,1.671328e-02,6.179787e-02,2.068385e-01,2.038664e-02,1.621142e-02,2.592004e-02,4.389275e-02,4.958724e-03,2.864214e-02,2.605590e-02,1.179130e-01,1.870841e-03,3.008578e-01
1.271104e-01,1.222721e-02,1.521928e-02,6.220609e-02,2.933756e-01,2.974632e-02,1.540576e-02,2.423247e-02,3.617167e-02,4.570197e-03,2.502566e-02,2.476631e-02,9.273240e-02,1.757358e-03,2.354533e-01
1.060282e-01,1.754317e-02,1.226061e-02,1.319592e-01,3.236754e-01,2.625451e-02,1.519305e-02,2.935138e-02,2.706594e-02,3.622151e-03,2.233982e-02,2.629853e-02,8.728334e-02,1.555923e-03,1.695689e-01
1.080908e-01,2.382221e-02,1.396307e-02,1.010037e-01,3.360630e-01,4.593370e-02,5.526876e-02,6.336459e-02,2.019219e-02,2.912861e-03,1.706593e-02,2.112468e-02,6.645083e-02,1.451674e-03,1.232920e-01
1.056199e-01,2.090601e-02,1.514502e-02,7.293399e-02,2.801628e-01,5.473248e-02,1.592301e-01,9.763223e-02,1.581312e-02,2.271576e-03,1.306163e-02,1.705779e-02,5.204098e-02,1.297262e-03,9.209510e-02
1.062895e-01,1.600644e-02,1.339795e-02,5.222283e-02,2.262551e-01,4.854491e-02,2.508286e-01,1.413094e-01,1.249042e-02,1.832205e-03,9.751989e-03,1.364782e-02,3.950105e-02,1.018385e-03,6.690340e-02
9.832783e-02,1.167247e-02,1.367485e-02,3.813750e-02,1.681321e-01,3.585348e-02,2.717270e-01,2.576237e-01,9.207837e-03,1.495286e-03,7.149431e-03,1.025100e-02,2.855302e-02,8.387005e-04,4.735574e-02
8.145986e-02,9.823196e-03,4.043669e-02,3.523612e-02,1.310247e-01,2.806171e-02,2.863320e-01,3.103089e-01,6.966952e-03,1.461224e-03,5.247406e-03,8.064395e-03,2.114670e-02,7.500189e-04,3.368007e-02
1.078823e-01,1.180775e-02,6.544186e-02,3.215882e-02,9.992488e-02,4.426485e-02,2.553635e-01,3.019117e-01,6.247132e-03,5.051058e-03,5.557610e-03,9.445084e-03,2.393083e-02,1.173361e-03,2.983929e-02
8.110539e-02,1.240963e-02,5.838892e-02,5.552917e-02,1.079452e-01,3.660236e-02,2.098579e-01,2.762922e-01,4.955830e-03,8.739209e-02,4.826417e-03,6.868194e-03,2.042497e-02,1.579593e-03,3.582212e-02
7.551517e-02,1.541102e-02,5.044941e-02,4.907837e-02,1.234953e-01,4.180158e-02,1.940936e-01,2.647535e-01,4.702603e-03,1.110599e-01,4.651663e-03,5.177391e-03,1.702163e-02,1.701038e-03,4.108794e-02
1.187244e-01,1.455136e-02,5.679841e-02,3.816515e-02,1.381370e-01,9.873405e-02,1.584063e-01,2.371551e-01,4.121341e-03,7.898085e-02,3.641796e-03,4.603367e-03,1.585034e-02,1.359889e-03,3.077044e-02
1.294766e-01,1.433351e-02,5.218316e-02,2.911896e-02,1.449176e-01,1.626922e-01,1.227561e-01,2.298345e-01,3.450639e-03,6.204688e-02,2.876781e-03,3.913682e-03,1.618826e-02,1.091155e-03,2.511986e-02
1.514353e-01,1.223285e-02,4.563381e-02,2.187323e-02,1.304865e-01,1.903278e-01,9.966604e-02,2.619738e-01,2.887393e-03,4.417115e-02,2.200298e-03,3.899978e-03,1.336853e-02,8.575979e-04,1.898568e-02
2.074231e-01,1.024365e-02,3.788543e-02,1.736304e-02,1.263969e-01,1.494284e-01,7.884391e-02,3.041558e-01,2.632348e-03,3.191303e-02,1.877571e-03,4.872195e-03,1.089088e-02,7.850902e-04,1.528865e-02
2.872949e-01,9.381519e-03,3.563924e-02,1.470825e-02,1.025573e-01,1.189004e-01,6.380191e-02,3.077902e-01,2.618542e-03,2.447569e-02,1.814931e-03,7.331619e-03,9.493818e-03,8.177632e-04,1.337390e-02
3.716438e-01,1.099848e-02,3.320615e-02,1.614435e-02,8.231419e-02,1.001870e-01,4.766435e-02,2.591093e-01,3.124637e-03,2.031650e-02,4.432728e-03,1.659505e-02,1.249033e-02,2.816392e-03,1.895678e-02
4.412391e-01,1.221593e-02,2.912566e-02,1.640620e-02,6.368249e-02,8.625300e-02,3.758704e-02,2.211929e-01,4.017015e-03,1.600572e-02,7.280977e-03,2.324951e-02,1.530098e-02,4.921692e-03,2.152186e-02
4.867047e-01,1.774474e-02,2.635774e-02,2.197177e-02,4.902846e-02,7.689732e-02,3.284761e-02,1.693984e-01,6.177372e-03,1.268918e-02,1.127554e-02,3.432450e-02,1.886791e-02,6.367415e-03,2.934739e-02
4.807800e-01,2.479881e-02,2.500007e-02,3.581390e-02,3.871139e-02,7.822985e-02,2.453156e-02,1.223490e-01,8.655284e-03,1.492824e-02,2.025046e-02,4.379567e-02,2.289829e-02,1.098485e-02,4.827266e-02
4.048539e-01,2.406818e-02,2.202697e-02,3.548102e-02,2.961491e-02,8.034129e-02,1.789641e-02,8.707792e-02,1.024864e-02,1.557713e-02,1.367061e-01,5.732778e-02,2.152958e-02,1.426624e-02,4.298399e-02
3.303464e-01,1.902936e-02,1.816010e-02,2.918190e-02,2.196690e-02,7.758015e-02,1.285028e-02,6.132051e-02,9.630524e-03,1.363825e-02,2.859765e-01,5.588984e-02,1.601999e-02,1.464825e-02,3.376104e-02
2.710411e-01,1.511408e-02,1.643652e-02,2.244300e-02,1.639117e-02,7.973492e-02,9.396208e-03,4.325574e-02,8.335872e-03,1.187604e-02,3.982505e-01,5.461700e-02,1.187396e-02,1.557162e-02,2.566242e-02
2.804762e-01,1.852422e-02,1.445088e-02,1.962192e-02,1.338877e-02,6.652258e-02,7.471983e-03,3.151762e-02,1.054111e-02,1.101506e-02,4.278883e-01,5.206401e-02,9.463805e-03,1.554929e-02,2.150426e-02
2.311490e-01,2.296015e-02,1.261822e-02,1.805306e-02,1.082660e-02,5.289492e-02,6.260125e-03,2.344679e-02,1.329385e-02,8.830075e-03,5.025074e-01,5.548047e-02,7.867073e-03,1.623522e-02,1.757705e-02
1.844398e-01,2.896909e-02,1.586947e-02,4.138749e-02,1.070857e-02,4.193103e-02,5.194577e-03,1.893414e-02,2.477728e-02,8.439877e-03,5.023035e-01,8.098866e-02,6.715241e-03,1.333751e-02,1.600384e-02
1.338373e-01,2.431554e-02,1.223731e-02,3.248766e-02,8.115927e-03,3.228698e-02,3.762660e-03,1.347552e-02,2.494832e-02,6.980927e-03,6.104894e-01,6.989908e-02,4.989378e-03,1.027881e-02,1.189515e-02
9.738743e-02,2.240842e-02,9.157405e-03,2.456685e-02,6.039883e-03,2.589564e-02,2.749906e-03,9.568943e-03,2.155971e-02,6.288798e-03,6.892505e-01,6.291807e-02,3.842380e-03,9.295370e-03,9.070706e-03
8.371521e-02,4.627169e-02,7.836934e-03,2.084626e-02,6.804920e-03,2.077960e-02,2.094930e-03,7.817110e-03,3.577458e-02,8.507051e-03,6.850021e-01,5.124583e-02,3.531804e-03,1.077738e-02,8.994572e-03
7.589114e-02,1.267949e-01,6.207507e-03,1.786845e-02,7.240885e-03,1.987193e-02,1.536695e-03,7.278835e-03,6.033914e-02,1.276629e-02,5.946968e-01,3.821142e-02,2.994113e-03,1.690812e-02,1.139380e-02
6.988591e-02,2.469115e-01,5.226143e-03,2.224807e-02,1.137565e-02,2.280849e-02,1.167240e-03,1.115318e-02,8.394109e-02,1.401293e-02,4.419331e-01,2.940414e-02,2.723717e-03,1.697914e-02,2.022970e-02
6.656036e-02,3.262576e-01,4.382047e-03,3.434272e-02,1.464931e-02,1.857360e-02,9.535098e-04,1.283921e-02,8.709076e-02,2.274099e-02,3.151569e-01,2.144090e-02,2.963217e-03,1.346462e-02,5.858429e-02
8.045440e-02,3.490447e-01,5.353476e-03,6.996781e-02,2.540995e-02,1.544851e-02,1.072284e-03,1.873240e-02,8.436441e-02,2.566877e-02,2.264004e-01,1.645306e-02,3.424815e-03,1.100029e-02,6.720471e-02
8.814821e-02,3.755397e-01,5.716442e-03,6.769364e-02,2.410515e-02,1.237221e-02,8.394085e-04,1.975990e-02,1.021419e-01,2.922685e-02,1.679724e-01,1.244562e-02,3.211410e-03,1.372249e-02,7.710476e-02
9.997784e-02,4.136142e-01,6.533050e-03,5.976338e-02,1.980888e-02,1.091475e-02,7.396204e-04,1.958057e-02,1.004018e-01,2.685886e-02,1.235091e-01,9.459933e-03,3.396539e-03,2.342481e-02,8.201665e-02
1.526176e-01,3.789080e-01,7.819158e-03,7.498763e-02,2.110635e-02,1.121802e-02,7.790534e-04,1.582974e-02,9.071922e-02,2.422383e-02,1.060849e-01,8.654322e-03,3.808993e-03,2.406397e-02,7.917920e-02
1.823344e-01,3.150627e-01,9.961143e-03,8.739085e-02,2.852998e-02,1.102333e-02,1.469841e-03,1.398395e-02,1.100126e-01,2.228134e-02,8.634266e-02,8.878484e-03,9.378174e-03,2.260849e-02,9.074210e-02
2.467322e-01,2.498022e-01,1.116158e-02,9.125288e-02,3.287751e-02,1.301638e-02,2.088394e-03,1.191148e-02,1.191170e-01,1.955885e-02,7.429417e-02,1.023211e-02,1.160119e-02,2.116294e-02,8.519106e-02
2.094644e-01,2.400756e-01,9.777195e-03,8.881323e-02,2.890324e-02,1.163081e-02,1.670804e-03,8.846315e-03,1.539160e-01,2.203763e-02,5.329198e-02,8.349260e-03,1.194850e-02,1.595087e-02,1.353243e-01
2.346272e-01,2.133944e-01,9.722179e-03,7.621459e-02,4.046750e-02,1.226673e-02,2.037297e-03,9.721606e-03,1.888695e-01,1.850144e-02,4.074622e-02,9.399734e-03,1.056887e-02,1.388929e-02,1.195735e-01
1.957651e-01,2.006891e-01,9.128684e-03,7.529224e-02,3.823620e-02,1.477781e-02,1.938223e-03,9.295292e-03,2.156998e-01,2.619402e-02,3.043241e-02,8.397793e-03,1.179671e-02,1.083327e-02,1.515234e-01
1.665892e-01,1.839366e-01,1.220662e-02,8.216193e-02,4.891940e-02,2.393027e-02,1.897997e-03,4.508462e-02,2.228252e-01,2.518581e-02,2.278945e-02,7.509798e-03,1.065184e-02,8.421520e-03,1.378898e-01
1.477569e-01,1.685433e-01,9.553860e-03,7.401407e-02,6.079994e-02,5.664673e-02,2.121806e-03,6.594289e-02,2.483833e-01,1.921841e-02,1.700606e-02,6.010795e-03,1.033164e-02,7.087950e-03,1.065823e-01
1.479984e-01,1.329435e-01,7.806985e-03,7.473706e-02,6.647544e-02,6.995611e-02,2.239593e-03,9.341241e-02,2.697983e-01,1.467701e-02,1.416676e-02,5.363143e-03,8.888466e-03,6.075208e-03,8.546164e-02
1.417331e-01,1.107664e-01,6.603228e-03,1.546611e-01,5.483565e-02,5.724566e-02,1.826138e-03,1.213072e-01,2.332635e-01,1.165159e-02,1.220086e-02,5.266314e-03,8.199842e-03,4.813124e-03,7.562612e-02
1.797955e-01,8.805860e-02,5.346649e-03,1.332669e-01,7.512891e-02,5.387582e-02,3.146239e-03,1.409291e-01,2.278166e-01,8.475370e-03,1.071489e-02,5.789828e-03,6.915103e-03,4.020870e-03,5.671963e-02
1.997039e-01,8.242007e-02,5.429108e-03,1.096508e-01,8.333328e-02,6.103627e-02,3.074524e-03,1.623352e-01,2.067028e-01,7.126379e-03,1.042060e-02,5.478205e-03,5.848754e-03,5.417976e-03,5.202209e-02
1.782521e-01,6.166641e-02,8.411139e-03,1.263089e-01,8.992954e-02,5.168690e-02,2.959600e-03,2.440950e-01,1.711977e-01,5.358211e-03,8.513606e-03,4.454596e-03,4.687406e-03,4.029738e-03,3.844916e-02
1.894988e-01,5.505998e-02,1.648744e-02,1.541086e-01,9.446026e-02,4.242215e-02,2.552704e-03,2.387126e-01,1.433321e-01,6.095030e-03,8.393126e-03,3.808869e-03,3.976899e-03,3.326318e-03,3.776506e-02
1.423171e-01,4.063647e-02,1.210928e-01,2.439777e-01,7.209504e-02,3.041120e-02,1.964332e-03,1.961168e-01,1.035130e-01,4.748581e-03,6.293247e-03,2.813812e-03,3.100036e-03,2.380828e-03,2.853901e-02
1.022847e-01,2.979747e-02,2.486741e-01,2.895564e-01,5.260192e-02,2.160581e-02,1.447707e-03,1.417528e-01,7.453273e-02,4.356734e-03,5.169707e-03,2.137153e-03,2.302670e-03,1.718267e-03,2.206177e-02
7.454825e-02,2.187523e-02,3.913859e-01,2.698027e-01,3.819977e-02,1.521916e-02,1.053590e-03,1.019706e-01,5.562050e-02,4.606199e-03,4.059954e-03,1.557343e-03,1.723640e-03,1.233703e-03,1.714352e-02
5.588721e-02,1.594653e-02,4.660174e-01,2.681578e-01,2.876551e-02,1.079799e-02,8.162695e-04,9.000050e-02,4.041845e-02,3.634594e-03,3.510545e-03,1.135915e-03,1.369368e-03,8.990255e-04,1.264298e-02
4.650005e-02,1.168719e-02,4.737237e-01,2.086861e-01,2.200236e-02,7.657213e-03,6.488862e-04,1.813781e-01,2.962299e-02,2.949523e-03,3.200443e-03,8.393355e-04,1.023353e-03,7.103323e-04,9.370482e-03
3.860178e-02,8.560600e-03,4.224184e-01,1.472966e-01,1.664230e-02,5.548630e-03,5.096517e-04,3.265609e-01,2.093846e-02,2.111795e-03,2.305056e-03,5.986677e-04,7.394156e-04,5.225763e-04,6.645150e-03
3.155101e-02,6.196763e-03,3.373407e-01,1.041417e-01,1.246788e-02,4.113755e-03,3.921874e-04,4.796615e-01,1.484208e-02,1.520488e-03,1.672292e-03,4.342813e-04,5.473545e-04,3.980306e-04,4.720108e-03
2.477338e-02,4.626695e-03,2.438637e-01,7.330198e-02,9.296647e-03,2.958278e-03,3.154310e-04,6.236649e-01,1.052243e-02,1.102138e-03,1.210149e-03,3.180044e-04,4.184354e-04,2.974361e-04,3.330440e-03
1.966337e-02,3.332876e-03,1.749640e-01,5.191924e-02,6.733411e-03,2.138076e-03,2.544089e-04,7.286838e-01,7.464808e-03,7.916496e-04,8.883459e-04,2.394523e-04,3.323135e-04,2.357713e-04,2.358551e-03
2.828618e-02,2.403104e-03,1.225941e-01,3.653546e-02,4.877532e-03,1.689800e-03,1.928157e-04,7.916702e-01,5.339672e-03,5.717476e-04,1.380597e-03,1.501739e-03,7.085772e-04,5.096892e-04,1.738848e-03
2.266614e-02,1.785070e-03,8.650046e-02,3.037489e-02,3.782528e-03,1.965098e-03,5.603866e-04,7.320116e-01,4.138246e-03,6.168581e-03,2.801966e-02,3.878769e-02,1.356879e-02,2.792554e-02,1.745280e-03
2.393784e-02,1.366542e-03,6.077180e-02,2.364963e-02,2.927908e-03,2.844601e-03,8.531010e-04,6.593904e-01,3.454896e-03,5.937220e-03,2.696746e-02,1.349410e-01,2.146276e-02,2.973547e-02,1.759410e-03
5.779461e-02,1.222541e-03,4.324628e-02,2.179623e-02,2.359658e-03,7.476107e-03,1.003579e-03,4.926969e-01,4.420016e-03,5.394715e-03,2.761849e-02,2.759783e-01,2.418444e-02,3.276951e-02,2.038672e-03
5.522411e-02,1.007836e-03,3.043561e-02,1.589015e-02,1.865769e-03,6.175792e-03,9.274093e-04,3.492980e-01,5.083268e-03,4.551246e-03,2.422938e-02,4.508142e-01,2.277164e-02,3.011343e-02,1.612236e-03
5.541417e-02,1.261896e-03,2.157662e-02,1.147697e-02,2.353394e-03,5.152542e-03,7.320943e-04,2.471054e-01,8.093719e-03,4.196962e-03,2.119282e-02,5.772698e-01,1.951260e-02,2.332300e-02,1.337982e-03
8.448704e-02,2.355254e-03,1.654736e-02,9.003262e-03,5.718112e-03,9.751450e-03,8.651399e-04,1.762960e-01,9.408111e-03,3.799112e-03,2.068577e-02,6.256346e-01,1.624245e-02,1.799563e-02,1.210817e-03
8.585873e-02,4.549855e-03,1.220484e-02,7.111775e-03,2.457948e-02,2.736494e-02,7.655472e-04,1.274262e-01,8.850818e-03,4.125640e-03,2.163055e-02,6.466218e-01,1.366477e-02,1.415714e-02,1.087918e-03
7.600807e-02,5.365213e-03,9.444483e-03,5.942954e-03,5.558581e-02,2.833436e-02,9.876327e-04,9.074314e-02,6.922147e-03,3.854233e-03,2.216857e-02,6.725934e-01,1.027691e-02,1.080979e-02,9.633283e-04
6.023016e-02,5.860365e-03,7.420571e-03,4.599401e-03,6.415097e-02,2.546830e-02,8.205880e-04,6.399834e-02,5.320206e-03,3.289335e-03,2.430763e-02,7.174476e-01,7.765773e-03,8.472699e-03,8.480126e-04
6.057698e-02,4.858520e-03,5.611273e-03,4.105793e-03,7.213289e-02,2.024307e-02,7.570050e-04,4.534245e-02,4.352838e-03,2.760785e-03,2.437049e-02,7.413420e-01,5.914670e-03,6.827055e-03,8.042117e-04
7.144628e-02,6.799503e-03,5.201308e-03,3.667920e-03,9.340121e-02,1.700360e-02,1.103591e-03,3.325551e-02,3.998550e-03,2.131324e-03,2.075937e-02,7.310652e-01,4.324467e-03,5.207382e-03,6.347829e-04
7.329489e-02,5.972655e-03,5.609995e-03,3.419547e-03,8.527489e-02,1.481452e-02,2.123162e-03,2.571670e-02,4.193537e-03,1.797969e-03,2.091938e-02,7.488927e-01,3.272026e-03,4.121032e-03,5.769507e-04
5.986947e-02,8.219136e-03,5.308542e-03,3.130021e-03,9.740233e-02,1.396816e-02,1.917267e-03,2.390122e-02,6.579565e-03,2.142524e-03,3.641967e-02,7.343131e-01,2.696398e-03,3.647513e-03,4.850226e-04
4.861434e-02,9.534200e-03,4.730703e-03,2.937105e-03,2.005211e-01,2.180670e-02,3.420695e-03,2.269556e-02,1.031495e-02,3.028067e-03,3.942000e-02,6.271582e-01,2.362476e-03,3.065058e-03,3.908575e-04
4.348253e-02,8.605946e-03,5.218769e-03,3.198580e-03,1.654166e-01,2.559184e-02,3.402978e-03,2.850087e-02,1.363974e-02,4.499618e-03,9.041345e-02,5.995395e-01,4.189717e-03,3.706345e-03,5.934763e-04
4.738294e-02,1.030783e-02,5.795995e-03,3.943952e-03,1.393099e-01,4.599049e-02,3.598213e-03,3.656156e-02,4.722550e-02,7.518301e-03,8.686557e-02,5.521436e-01,7.041151e-03,4.764517e-03,1.550468e-03
5.719652e-02,1.325918e-02,9.410389e-03,4.945423e-03,1.273217e-01,8.636002e-02,4.370847e-03,4.973323e-02,6.552157e-02,1.087673e-02,9.825893e-02,4.518622e-01,1.017988e-02,7.142222e-03,3.561214e-03
7.776367e-02,1.292089e-02,1.131312e-02,7.747090e-03,1.380285e-01,7.870977e-02,5.071374e-03,1.006360e-01,6.495622e-02,1.223384e-02,9.731833e-02,3.719800e-01,1.043465e-02,6.937174e-03,3.949419e-03
1.168222e-01,1.378546e-02,1.187311e-02,9.638513e-03,1.591603e-01,7.437656e-02,4.901965e-03,9.982519e-02,6.535210e-02,1.234773e-02,1.138247e-01,2.921945e-01,1.049850e-02,9.237088e-03,6.162123e-03
2.023247e-01,1.494801e-02,1.106436e-02,1.805132e-02,1.257862e-01,6.211488e-02,6.162093e-03,8.973021e-02,5.696566e-02,1.020180e-02,1.291408e-01,2.406514e-01,1.193093e-02,1.057220e-02,1.035545e-02
2.673243e-01,2.423223e-02,1.013879e-02,2.145431e-02,1.055718e-01,5.018565e-02,5.817024e-03,7.124350e-02,6.516832e-02,9.033411e-03,1.353295e-01,1.820756e-01,1.140896e-02,2.014781e-02,2.086869e-02
3.153086e-01,2.503722e-02,1.045392e-02,2.193305e-02,9.977864e-02,4.219438e-02,5.708429e-03,5.952640e-02,7.315485e-02,7.591770e-03,1.386198e-01,1.342128e-01,1.091439e-02,3.311893e-02,2.244680e-02
3.294867e-01,2.101762e-02,9.299107e-03,2.030590e-02,9.383564e-02,3.496761e-02,5.787286e-03,6.618832e-02,7.803030e-02,6.827918e-03,1.605704e-01,1.032755e-01,1.118254e-02,3.169642e-02,2.752870e-02
3.079911e-01,2.716079e-02,1.197921e-02,1.930457e-02,9.558834e-02,3.381325e-02,6.243770e-03,1.002668e-01,9.848408e-02,7.159096e-03,1.388216e-01,8.180974e-02,1.208645e-02,2.777434e-02,3.151681e-02
3.142270e-01,3.582664e-02,2.338084e-02,2.165718e-02,1.023943e-01,3.432941e-02,6.349389e-03,9.385762e-02,1.059854e-01,7.015594e-03,1.196104e-01,6.502561e-02,1.197561e-02,2.735584e-02,3.100920e-02
2.621017e-01,3.042866e-02,4.802006e-02,3.651554e-02,1.587656e-01,3.152597e-02,6.411699e-03,1.490921e-01,8.253630e-02,5.586226e-03,8.648484e-02,4.758918e-02,9.339033e-03,2.086642e-02,2.473680e-02
2.647021e-01,2.792724e-02,4.392152e-02,4.927294e-02,2.194204e-01,3.032245e-02,5.812074e-03,1.143928e-01,7.123630e-02,5.039199e-03,6.932479e-02,3.744491e-02,8.800223e-03,2.334391e-02,2.903922e-02
3.084503e-01,2.602379e-02,3.527472e-02,4.083052e-02,2.532360e-01,2.661674e-02,5.491359e-03,8.510194e-02,6.746437e-02,4.561300e-03,5.890431e-02,3.286696e-02,7.588303e-03,2.309436e-02,2.449512e-02
3.455403e-01,2.522730e-02,3.156125e-02,4.082260e-02,2.593348e-01,2.440171e-02,6.573975e-03,7.143897e-02,6.184463e-02,4.657425e-03,4.927683e-02,3.272308e-02,7.410471e-03,1.986998e-02,1.931662e-02
3.569771e-01,2.146373e-02,4.166503e-02,5.511761e-02,2.485898e-01,2.385916e-02,6.170815e-03,8.831935e-02,4.915177e-02,4.197341e-03,3.862187e-02,2.927502e-02,6.642595e-03,1.492324e-02,1.502558e-02
3.846286e-01,1.920706e-02,4.624213e-02,4.973958e-02,1.973702e-01,3.130408e-02,6.511732e-03,1.326626e-01,3.879877e-02,4.059141e-03,2.880904e-02,2.513065e-02,7.828326e-03,1.339640e-02,1.431167e-02
4.517892e-01,1.750219e-02,4.472813e-02,4.143424e-02,1.589238e-01,3.025237e-02,6.432585e-03,1.375192e-01,3.220756e-02,3.700765e-03,2.157880e-02,2.117785e-02,7.030824e-03,1.310995e-02,1.261249e-02
4.237421e-01,1.412711e-02,3.408107e-02,3.214690e-02,1.389182e-01,2.402436e-02,5.409393e-03,2.410656e-01,2.511007e-02,2.939641e-03,1.580977e-02,1.694742e-02,5.754090e-03,1.015378e-02,9.770493e-03
4.090589e-01,1.111652e-02,2.507468e-02,2.499893e-02,1.079865e-01,2.034402e-02,4.931977e-03,3.290709e-01,1.875007e-02,2.322178e-03,1.178970e-02,1.423086e-02,5.159872e-03,7.650741e-03,7.514164e-03
4.051290e-01,8.742128e-03,1.844510e-02,1.904712e-02,8.099366e-02,1.726933e-02,4.179288e-03,3.924714e-01,1.440711e-02,1.868137e-03,8.846407e-03,1.252814e-02,4.495910e-03,5.744548e-03,5.832686e-03
4.073114e-01,6.998584e-03,1.464602e-02,1.549605e-02,5.897105e-02,1.841250e-02,4.326358e-03,4.300372e-01,1.078464e-02,1.526624e-03,6.681509e-03,1.116560e-02,4.667572e-03,4.332318e-03,4.642585e-03
3.882247e-01,5.361629e-03,1.176032e-02,1.277723e-02,4.364942e-02,1.684526e-02,4.198179e-03,4.821852e-01,8.008135e-03,1.173479e-03,5.066662e-03,9.638782e-03,4.334499e-03,3.225814e-03,3.550737e-03
2.864509e-01,4.206013e-03,1.175533e-02,1.052856e-02,3.310792e-02,1.369311e-02,3.683118e-03,6.105092e-01,5.804775e-03,8.573884e-04,3.756393e-03,7.240717e-03,3.295180e-03,2.418155e-03,2.693199e-03
2.193674e-01,3.219703e-03,9.932561e-03,8.363944e-03,2.517454e-02,1.137484e-02,3.582438e-03,6.991843e-01,4.222350e-03,6.942571e-04,2.820557e-03,5.471534e-03,2.660060e-03,1.785662e-03,2.145936e-03
1.789014e-01,2.764515e-03,8.880462e-03,7.092812e-03,2.247778e-02,1.024991e-02,3.829043e-03,7.491328e-01,3.402871e-03,7.097985e-04,2.385917e-03,4.510343e-03,2.325267e-03,1.399675e-03,1.937439e-03
1.579103e-01,2.161614e-03,7.559028e-03,6.078793e-03,1.895767e-02,8.273747e-03,3.464246e-03,7.819759e-01,2.615302e-03,6.687799e-04,1.870653e-03,3.807670e-03,2.001047e-03,1.059374e-03,1.595867e-03
1.406172e-01,1.771426e-03,6.795576e-03,5.357406e-03,1.480832e-02,6.347769e-03,3.039390e-03,8.098791e-01,2.057527e-03,7.676529e-04,1.444149e-03,3.242800e-03,1.669789e-03,8.227525e-04,1.379123e-03
1.365151e-01,1.507805e-03,7.097968e-03,4.852557e-03,1.173404e-02,4.954215e-03,2.742943e-03,8.203573e-01,1.707036e-03,7.136886e-04,1.195541e-03,3.120212e-03,1.495541e-03,6.948079e-04,1.311232e-03
1.520118e-01,1.223278e-03,5.996091e-03,4.240153e-03,9.814266e-03,4.314408e-03,2.324399e-03,8.100978e-01,1.342125e-03,6.583267e-04,1.001286e-03,3.408361e-03,1.633792e-03,6.090346e-04,1.324928e-03
1.830032e-01,1.017106e-03,4.996272e-03,3.722407e-03,8.455832e-03,3.703352e-03,2.012092e-03,7.838245e-01,1.128677e-03,5.718654e-04,8.688648e-04,3.358408e-03,1.585270e-03,5.362590e-04,1.215897e-03
2.405813e-01,8.881744e-04,4.214194e-03,3.232430e-03,7.571445e-03,3.355882e-03,1.828956e-03,7.290428e-01,9.825126e-04,5.485103e-04,8.018165e-04,3.596046e-03,1.632232e-03,4.943450e-04,1.229402e-03
3.266034e-01,8.103593e-04,3.535589e-03,2.717378e-03,6.458290e-03,3.390311e-03,1.697377e-03,6.444634e-01,8.733788e-04,5.287302e-04,8.251721e-04,4.277272e-03,1.708234e-03,5.230273e-04,1.588193e-03
4.415020e-01,1.437035e-03,3.505734e-03,4.601672e-03,5.700595e-03,4.441119e-03,1.530616e-03,5.036421e-01,2.220330e-03,1.849692e-03,3.738365e-03,1.279651e-02,7.040010e-03,1.003798e-03,4.990535e-03
4.832696e-01,3.497767e-03,3.077370e-03,2.275045e-02,5.188847e-03,5.651060e-03,1.179854e-03,4.054677e-01,7.443142e-03,5.201613e-03,1.191694e-02,1.734647e-02,1.772535e-02,1.525490e-03,8.758371e-03
