1.000000e+00,0.000000e+00,0.000000e+00,0.000000e+00,0.000000e+00,0.000000e+00,0.000000e+00,0.000000e+00,0.000000e+00,0.000000e+00,0.000000e+00,0.000000e+00,0.000000e+00,0.000000e+00,0.000000e+00
1.000000e+00,0.000000e+00,0.000000e+00,0.000000e+00,0.000000e+00,0.000000e+00,0.000000e+00,0.000000e+00,0.000000e+00,0.000000e+00,0.000000e+00,0.000000e+00,0.000000e+00,0.000000e+00,0.000000e+00
1.000000e+00,0.000000e+00,0.000000e+00,0.000000e+00,0.000000e+00,0.000000e+00,0.000000e+00,0.000000e+00,0.000000e+00,0.000000e+00,0.000000e+00,0.000000e+00,0.000000e+00,0.000000e+00,0.000000e+00
1.000000e+00,0.000000e+00,0.000000e+00,0.000000e+00,0.000000e+00,0.000000e+00,0.000000e+00,0.000000e+00,0.000000e+00,0.000000e+00,0.000000e+00,0.000000e+00,0.000000e+00,0.000000e+00,0.000000e+00
1.000000e+00,0.000000e+00,0.000000e+00,0.000000e+00,0.000000e+00,0.000000e+00,0.000000e+00,0.000000e+00,0.000000e+00,0.000000e+00,0.000000e+00,0.000000e+00,0.000000e+00,0.000000e+00,0.000000e+00
1.000000e+00,0.000000e+00,0.000000e+00,0.000000e+00,0.000000e+00,0.000000e+00,0.000000e+00,0.000000e+00,0.000000e+00,0.000000e+00,0.000000e+00,0.000000e+00,0.000000e+00,0.000000e+00,0.000000e+00
1.000000e+00,0.000000e+00,0.000000e+00,0.000000e+00,0.000000e+00,0.000000e+00,0.000000e+00,0.000000e+00,0.000000e+00,0.000000e+00,0.000000e+00,0.000000e+00,0.000000e+00,0.000000e+00,0.000000e+00
1.000000e+00,0.000000e+00,0.000000e+00,0.000000e+00,0.000000e+00,0.000000e+00,0.000000e+00,0.000000e+00,0.000000e+00,0.000000e+00,0.000000e+00,0.000000e+00,0.000000e+00,0.000000e+00,0.000000e+00
1.000000e+00,0.000000e+00,0.000000e+00,0.000000e+00,0.000000e+00,0.000000e+00,0.000000e+00,0.000000e+00,0.000000e+00,0.000000e+00,0.000000e+00,0.000000e+00,0.000000e+00,0.000000e+00,0.000000e+00
1.000000e+00,0.000000e+00,0.000000e+00,0.000000e+00,0.000000e+00,0.000000e+00,0.000000e+00,0.000000e+00,0.000000e+00,0.000000e+00,0.000000e+00,0.000000e+00,0.000000e+00,0.000000e+00,0.000000e+00
1.000000e+00,0.000000e+00,0.000000e+00,0.000000e+00,0.000000e+00,0.000000e+00,0.000000e+00,0.000000e+00,0.000000e+00,0.000000e+00,0.000000e+00,0.000000e+00,0.000000e+00,0.000000e+00,0.000000e+00
1.000000e+00,0.000000e+00,0.000000e+00,0.000000e+00,0.000000e+00,0.000000e+00,0.000000e+00,0.000000e+00,0.000000e+00,0.000000e+00,0.000000e+00,0.000000e+00,0.000000e+00,0.000000e+00,0.000000e+00
1.000000e+00,0.000000e+00,0.000000e+00,0.000000e+00,0.000000e+00,0.000000e+00,0.000000e+00,0.000000e+00,0.000000e+00,0.000000e+00,0.000000e+00,0.000000e+00,0.000000e+00,0.000000e+00,0.000000e+00
1.000000e+00,0.000000e+00,0.000000e+00,0.000000e+00,0.000000e+00,0.000000e+00,0.000000e+00,0.000000e+00,0.000000e+00,0.000000e+00,0.000000e+00,0.000000e+00,0.000000e+00,0.000000e+00,0.000000e+00
1.000000e+00,0.000000e+00,0.000000e+00,0.000000e+00,0.000000e+00,0.000000e+00,0.000000e+00,0.000000e+00,0.000000e+00,0.000000e+00,0.000000e+00,0.000000e+00,0.000000e+00,0.000000e+00,0.000000e+00
1.000000e+00,0.000000e+00,0.000000e+00,0.000000e+00,0.000000e+00,0.000000e+00,0.000000e+00,0.000000e+00,0.000000e+00,0.000000e+00,0.000000e+00,0.000000e+00,0.000000e+00,0.000000e+00,0.000000e+00
1.000000e+00,0.000000e+00,0.000000e+00,0.000000e+00,0.000000e+00,0.000000e+00,0.000000e+00,0.000000e+00,0.000000e+00,0.000000e+00,0.000000e+00,0.000000e+00,0.000000e+00,0.000000e+00,0.000000e+00
1.000000e+00,0.000000e+00,0.000000e+00,0.000000e+00,0.000000e+00,0.000000e+00,0.000000e+00,0.000000e+00,0.000000e+00,0.000000e+00,0.000000e+00,0.000000e+00,0.000000e+00,0.000000e+00,0.000000e+00
1.000000e+00,0.000000e+00,0.000000e+00,0.000000e+00,0.000000e+00,0.000000e+00,0.000000e+00,0.000000e+00,0.000000e+00,0.000000e+00,0.000000e+00,0.000000e+00,0.000000e+00,0.000000e+00,0.000000e+00
4.938645e-01,1.997477e-02,1.377704e-01,6.877466e-02,1.702784e-02,2.395910e-02,4.858130e-03,7.705598e-02,1.256538e-02,2.752068e-03,6.048194e-02,3.905266e-02,1.698501e-02,9.246465e-03,1.563108e-02
1.000000e+00,0.000000e+00,0.000000e+00,0.000000e+00,0.000000e+00,0.000000e+00,0.000000e+00,0.000000e+00,0.000000e+00,0.000000e+00,0.000000e+00,0.000000e+00,0.000000e+00,0.000000e+00,0.000000e+00
1.000000e+00,0.000000e+00,0.000000e+00,0.000000e+00,0.000000e+00,0.000000e+00,0.000000e+00,0.000000e+00,0.000000e+00,0.000000e+00,0.000000e+00,0.000000e+00,0.000000e+00,0.000000e+00,0.000000e+00
1.000000e+00,0.000000e+00,0.000000e+00,0.000000e+00,0.000000e+00,0.000000e+00,0.000000e+00,0.000000e+00,0.000000e+00,0.000000e+00,0.000000e+00,0.000000e+00,0.000000e+00,0.000000e+00,0.000000e+00
1.000000e+00,0.000000e+00,0.000000e+00,0.000000e+00,0.000000e+00,0.000000e+00,0.000000e+00,0.000000e+00,0.000000e+00,0.000000e+00,0.000000e+00,0.000000e+00,0.000000e+00,0.000000e+00,0.000000e+00
1.000000e+00,0.000000e+00,0.000000e+00,0.000000e+00,0.000000e+00,0.000000e+00,0.000000e+00,0.000000e+00,0.000000e+00,0.000000e+00,0.000000e+00,0.000000e+00,0.000000e+00,0.000000e+00,0.000000e+00
1.000000e+00,0.000000e+00,0.000000e+00,0.000000e+00,0.000000e+00,0.000000e+00,0.000000e+00,0.000000e+00,0.000000e+00,0.000000e+00,0.000000e+00,0.000000e+00,0.000000e+00,0.000000e+00,0.000000e+00
1.000000e+00,0.000000e+00,0.000000e+00,0.000000e+00,0.000000e+00,0.000000e+00,0.000000e+00,0.000000e+00,0.000000e+00,0.000000e+00,0.000000e+00,0.000000e+00,0.000000e+00,0.000000e+00,0.000000e+00
1.000000e+00,0.000000e+00,0.000000e+00,0.000000e+00,0.000000e+00,0.000000e+00,0.000000e+00,0.000000e+00,0.000000e+00,0.000000e+00,0.000000e+00,0.000000e+00,0.000000e+00,0.000000e+00,0.000000e+00
1.000000e+00,0.000000e+00,0.000000e+00,0.000000e+00,0.000000e+00,0.000000e+00,0.000000e+00,0.000000e+00,0.000000e+00,0.000000e+00,0.000000e+00,0.000000e+00,0.000000e+00,0.000000e+00,0.000000e+00
1.000000e+00,0.000000e+00,0.000000e+00,0.000000e+00,0.000000e+00,0.000000e+00,0.000000e+00,0.000000e+00,0.000000e+00,0.000000e+00,0.000000e+00,0.000000e+00,0.000000e+00,0.000000e+00,0.000000e+00
1.000000e+00,0.000000e+00,0.000000e+00,0.000000e+00,0.000000e+00,0.000000e+00,0.000000e+00,0.000000e+00,0.000000e+00,0.000000e+00,0.000000e+00,0.000000e+00,0.000000e+00,0.000000e+00,0.000000e+00
1.000000e+00,0.000000e+00,0.000000e+00,0.000000e+00,0.000000e+00,0.000000e+00,0.000000e+00,0.000000e+00,0.000000e+00,0.000000e+00,0.000000e+00,0.000000e+00,0.000000e+00,0.000000e+00,0.000000e+00
1.000000e+00,0.000000e+00,0.000000e+00,0.000000e+00,0.000000e+00,0.000000e+00,0.000000e+00,0.000000e+00,0.000000e+00,0.000000e+00,0.000000e+00,0.000000e+00,0.000000e+00,0.000000e+00,0.000000e+00
1.000000e+00,0.000000e+00,0.000000e+00,0.000000e+00,0.000000e+00,0.000000e+00,0.000000e+00,0.000000e+00,0.000000e+00,0.000000e+00,0.000000e+00,0.000000e+00,0.000000e+00,0.000000e+00,0.000000e+00
1.000000e+00,0.000000e+00,0.000000e+00,0.000000e+00,0.000000e+00,0.000000e+00,0.000000e+00,0.000000e+00,0.000000e+00,0.000000e+00,0.000000e+00,0.000000e+00,0.000000e+00,0.000000e+00,0.000000e+00
1.000000e+00,0.000000e+00,0.000000e+00,0.000000e+00,0.000000e+00,0.000000e+00,0.000000e+00,0.000000e+00,0.000000e+00,0.000000e+00,0.000000e+00,0.000000e+00,0.000000e+00,0.000000e+00,0.000000e+00
1.000000e+00,0.000000e+00,0.000000e+00,0.000000e+00,0.000000e+00,0.000000e+00,0.000000e+00,0.000000e+00,0.000000e+00,0.000000e+00,0.000000e+00,0.000000e+00,0.000000e+00,0.000000e+00,0.000000e+00
1.000000e+00,0.000000e+00,0.000000e+00,0.000000e+00,0.000000e+00,0.000000e+00,0.000000e+00,0.000000e+00,0.000000e+00,0.000000e+00,0.000000e+00,0.000000e+00,0.000000e+00,0.000000e+00,0.000000e+00
1.000000e+00,0.000000e+00,0.000000e+00,0.000000e+00,0.000000e+00,0.000000e+00,0.000000e+00,0.000000e+00,0.000000e+00,0.000000e+00,0.000000e+00,0.000000e+00,0.000000e+00,0.000000e+00,0.000000e+00
1.000000e+00,0.000000e+00,0.000000e+00,0.000000e+00,0.000000e+00,0.000000e+00,0.000000e+00,0.000000e+00,0.000000e+00,0.000000e+00,0.000000e+00,0.000000e+00,0.000000e+00,0.000000e+00,0.000000e+00
1.000000e+00,0.000000e+00,0.000000e+00,0.000000e+00,0.000000e+00,0.000000e+00,0.000000e+00,0.000000e+00,0.000000e+00,0.000000e+00,0.000000e+00,0.000000e+00,0.000000e+00,0.000000e+00,0.000000e+00
1.000000e+00,0.000000e+00,0.000000e+00,0.000000e+00,0.000000e+00,0.000000e+00,0.000000e+00,0.000000e+00,0.000000e+00,0.000000e+00,0.000000e+00,0.000000e+00,0.000000e+00,0.000000e+00,0.000000e+00
1.000000e+00,0.000000e+00,0.000000e+00,0.000000e+00,0.000000e+00,0.000000e+00,0.000000e+00,0.000000e+00,0.000000e+00,0.000000e+00,0.000000e+00,0.000000e+00,0.000000e+00,0.000000e+00,0.000000e+00
1.000000e+00,0.000000e+00,0.000000e+00,0.000000e+00,0.000000e+00,0.000000e+00,0.000000e+00,0.000000e+00,0.000000e+00,0.000000e+00,0.000000e+00,0.000000e+00,0.000000e+00,0.000000e+00,0.000000e+00
1.000000e+00,0.000000e+00,0.000000e+00,0.000000e+00,0.000000e+00,0.000000e+00,0.000000e+00,0.000000e+00,0.000000e+00,0.000000e+00,0.000000e+00,0.000000e+00,0.000000e+00,0.000000e+00,0.000000e+00
1.000000e+00,0.000000e+00,0.000000e+00,0.000000e+00,0.000000e+00,0.000000e+00,0.000000e+00,0.000000e+00,0.000000e+00,0.000000e+00,0.000000e+00,0.000000e+00,0.000000e+00,0.000000e+00,0.000000e+00
1.000000e+00,0.000000e+00,0.000000e+00,0.000000e+00,0.000000e+00,0.000000e+00,0.000000e+00,0.000000e+00,0.000000e+00,0.000000e+00,0.000000e+00,0.000000e+00,0.000000e+00,0.000000e+00,0.000000e+00
1.000000e+00,0.000000e+00,0.000000e+00,0.000000e+00,0.000000e+00,0.000000e+00,0.000000e+00,0.000000e+00,0.000000e+00,0.000000e+00,0.000000e+00,0.000000e+00,0.000000e+00,0.000000e+00,0.000000e+00
1.000000e+00,0.000000e+00,0.000000e+00,0.000000e+00,0.000000e+00,0.000000e+00,0.000000e+00,0.000000e+00,0.000000e+00,0.000000e+00,0.000000e+00,0.000000e+00,0.000000e+00,0.000000e+00,0.000000e+00
1.000000e+00,0.000000e+00,0.000000e+00,0.000000e+00,0.000000e+00,0.000000e+00,0.000000e+00,0.000000e+00,0.000000e+00,0.000000e+00,0.000000e+00,0.000000e+00,0.000000e+00,0.000000e+00,0.000000e+00
1.000000e+00,0.000000e+00,0.000000e+00,0.000000e+00,0.000000e+00,0.000000e+00,0.000000e+00,0.000000e+00,0.000000e+00,0.000000e+00,0.000000e+00,0.000000e+00,0.000000e+00,0.000000e+00,0.000000e+00
1.000000e+00,0.000000e+00,0.000000e+00,0.000000e+00,0.000000e+00,0.000000e+00,0.000000e+00,0.000000e+00,0.000000e+00,0.000000e+00,0.000000e+00,0.000000e+00,0.000000e+00,0.000000e+00,0.000000e+00
4.188842e-01,5.028245e-02,2.100875e-02,1.858397e-01,2.370112e-02,3.386902e-02,1.725253e-02,5.773930e-02,2.872149e-02,2.437880e-03,2.022743e-02,8.319457e-02,2.650795e-02,3.235750e-03,2.709790e-02
3.488319e-01,5.742249e-02,2.448961e-02,2.299344e-01,2.640303e-02,3.338784e-02,1.654039e-02,5.870588e-02,3.415800e-02,2.773888e-03,2.033413e-02,8.695579e-02,2.591154e-02,3.477541e-03,3.067371e-02
3.212949e-01,7.488371e-02,2.349734e-02,2.397175e-01,3.046174e-02,3.330787e-02,1.582721e-02,4.925524e-02,3.766861e-02,3.700379e-03,1.904449e-02,8.154170e-02,2.692084e-02,3.772439e-03,3.910619e-02
3.066626e-01,8.594915e-02,2.086218e-02,2.326681e-01,3.150334e-02,3.339203e-02,1.436874e-02,3.957138e-02,3.736097e-02,4.136832e-03,1.847239e-02,8.939034e-02,3.781873e-02,4.197990e-03,4.364535e-02
3.009244e-01,8.928795e-02,1.883972e-02,2.230331e-01,3.146704e-02,3.619393e-02,1.330632e-02,3.370533e-02,3.575321e-02,4.444269e-03,1.834131e-02,9.638226e-02,4.901033e-02,4.172135e-03,4.513874e-02
2.647135e-01,1.026727e-01,2.822139e-02,2.466364e-01,3.636745e-02,3.306875e-02,1.254324e-02,3.511914e-02,2.967131e-02,3.769067e-03,1.922135e-02,9.309895e-02,4.846516e-02,4.078803e-03,4.235294e-02
3.271571e-01,9.316353e-02,2.408836e-02,2.194978e-01,3.632962e-02,3.026238e-02,1.153031e-02,2.833921e-02,2.895754e-02,3.532575e-03,1.894770e-02,8.482745e-02,4.901104e-02,4.251441e-03,4.010395e-02
4.283411e-01,7.611340e-02,1.895050e-02,1.715518e-01,3.098126e-02,2.988353e-02,1.091227e-02,2.266128e-02,2.437085e-02,3.155789e-03,1.598850e-02,7.385889e-02,5.284012e-02,4.306210e-03,3.608448e-02
4.532010e-01,6.016536e-02,1.840392e-02,1.355772e-01,3.337287e-02,1.062908e-01,9.123811e-03,2.326363e-02,1.770833e-02,3.023719e-03,1.372296e-02,5.628309e-02,3.909244e-02,3.402886e-03,2.736791e-02
3.220606e-01,4.338381e-02,1.415044e-02,9.910015e-02,3.441030e-02,3.418981e-01,6.683603e-03,2.206884e-02,1.264057e-02,3.004827e-03,1.005424e-02,3.999531e-02,2.807414e-02,2.483432e-03,1.999159e-02
2.326314e-01,3.270647e-02,1.090933e-02,7.000209e-02,2.764784e-02,5.130741e-01,5.544132e-03,2.029166e-02,8.917830e-03,4.692670e-03,7.854417e-03,2.950759e-02,1.977887e-02,1.826575e-03,1.461501e-02
1.794632e-01,2.512298e-02,1.017403e-02,5.104464e-02,2.170467e-02,6.055542e-01,4.709482e-03,2.145567e-02,6.814799e-03,1.408723e-02,8.928209e-03,2.248578e-02,1.461798e-02,1.573968e-03,1.226311e-02
2.028223e-01,2.141435e-02,9.034481e-03,3.884031e-02,1.653758e-02,6.164255e-01,3.892094e-03,1.861027e-02,8.357608e-03,1.304722e-02,8.904479e-03,1.910570e-02,1.121869e-02,1.710441e-03,1.007901e-02
2.329699e-01,1.865025e-02,8.646217e-03,3.037550e-02,1.231840e-02,6.064520e-01,4.259627e-03,1.754848e-02,8.400867e-03,1.230216e-02,1.021961e-02,1.775499e-02,9.110149e-03,2.037923e-03,8.953847e-03
2.623933e-01,1.729879e-02,8.234488e-03,2.484697e-02,9.959244e-03,5.784609e-01,3.980064e-03,1.501681e-02,7.915781e-03,1.265240e-02,1.990188e-02,2.044242e-02,7.344724e-03,3.048167e-03,8.504143e-03
4.236063e-01,1.367127e-02,8.205599e-03,2.399386e-02,8.379322e-03,4.189815e-01,4.612772e-03,1.472377e-02,6.998185e-03,1.001974e-02,2.163466e-02,2.090951e-02,7.614021e-03,3.862097e-03,1.278732e-02
1.000000e+00,0.000000e+00,0.000000e+00,0.000000e+00,0.000000e+00,0.000000e+00,0.000000e+00,0.000000e+00,0.000000e+00,0.000000e+00,0.000000e+00,0.000000e+00,0.000000e+00,0.000000e+00,0.000000e+00
4.412927e-01,1.326436e-02,9.764109e-03,2.577899e-02,1.070113e-02,3.137447e-01,5.098977e-03,1.309387e-02,1.766117e-02,2.246451e-02,4.330047e-02,3.633208e-02,1.657882e-02,1.042168e-02,2.050243e-02
3.399236e-01,1.430970e-02,9.381969e-03,1.895092e-02,8.803645e-03,2.468098e-01,4.901153e-03,1.002530e-02,2.074517e-02,1.996620e-02,1.688385e-01,9.413801e-02,1.264674e-02,1.135925e-02,1.920002e-02
2.977259e-01,1.203530e-02,8.115128e-03,1.405290e-02,6.575122e-03,1.952437e-01,4.068440e-03,7.479473e-03,1.806096e-02,1.742149e-02,2.540420e-01,1.282429e-01,9.350732e-03,1.034138e-02,1.724451e-02
2.174638e-01,9.859320e-03,5.760502e-03,1.012698e-02,4.673000e-03,1.385280e-01,2.918021e-03,5.283579e-03,1.471204e-02,2.824756e-02,3.686544e-01,1.655600e-01,6.769947e-03,8.517956e-03,1.292489e-02
1.569894e-01,7.954130e-03,4.080292e-03,7.231837e-03,3.318498e-03,9.776328e-02,2.092811e-03,3.725313e-03,1.192779e-02,2.730989e-02,4.154896e-01,2.405690e-01,4.937815e-03,7.148325e-03,9.462002e-03
1.115732e-01,6.258307e-03,2.972103e-03,5.202882e-03,2.565826e-03,6.910839e-02,1.662018e-03,2.732961e-03,9.154224e-03,2.046384e-02,3.275562e-01,4.251701e-01,3.507582e-03,5.273852e-03,6.798514e-03
7.820146e-02,4.422184e-03,2.087712e-03,3.661912e-03,1.837869e-03,4.845894e-02,1.196169e-03,1.929219e-03,6.792020e-03,1.470441e-02,2.421335e-01,5.835297e-01,2.469812e-03,3.801491e-03,4.773573e-03
5.494319e-02,3.122026e-03,1.469202e-03,2.575513e-03,1.327630e-03,3.406641e-02,8.864552e-04,1.373119e-03,5.053914e-03,1.046088e-02,1.976208e-01,6.791956e-01,1.755865e-03,2.796252e-03,3.353048e-03
3.887193e-02,2.317291e-03,1.061621e-03,1.819863e-03,1.019332e-03,2.403969e-02,6.769603e-04,1.013861e-03,4.147459e-03,7.548959e-03,2.038722e-01,7.077373e-01,1.257279e-03,2.222742e-03,2.393543e-03
2.748847e-02,1.944206e-03,8.115550e-04,1.308411e-03,7.816328e-04,1.697760e-02,4.913153e-04,8.443870e-04,3.417803e-03,5.540500e-03,2.238829e-01,7.120203e-01,9.039345e-04,1.852321e-03,1.734679e-03
2.009656e-02,1.988898e-03,1.064179e-03,9.965970e-04,8.054306e-04,1.319325e-02,3.846439e-04,8.310511e-04,2.853760e-03,4.632269e-03,2.890958e-01,6.596602e-01,6.778929e-04,2.083455e-03,1.635996e-03
1.523187e-02,1.957795e-03,1.934311e-03,7.991933e-04,2.008638e-03,1.011949e-02,4.134495e-04,9.038666e-04,2.670187e-03,4.171988e-03,2.753032e-01,6.802154e-01,5.941660e-04,2.110751e-03,1.565688e-03
1.240908e-02,3.211300e-03,3.512756e-03,8.432654e-04,5.231619e-03,9.403423e-03,1.126946e-03,1.267622e-03,3.066756e-03,3.258699e-03,2.428909e-01,7.093611e-01,7.331136e-04,2.085362e-03,1.598111e-03
2.172901e-02,9.969709e-03,1.011405e-02,1.355621e-03,2.573360e-02,9.485915e-03,2.370388e-03,7.044814e-03,1.822799e-02,2.654056e-03,1.963351e-01,6.872469e-01,9.691331e-04,2.447242e-03,4.316493e-03
3.046939e-02,2.999656e-02,1.709425e-02,2.119574e-03,2.819006e-02,8.934358e-03,3.075268e-03,2.453117e-02,3.606486e-02,2.313668e-03,2.007002e-01,6.026024e-01,1.206518e-03,3.152527e-03,9.549281e-03
3.560114e-02,3.080861e-02,1.573490e-02,3.336630e-03,2.318300e-02,1.011701e-02,2.927064e-03,4.383080e-02,3.663232e-02,2.147776e-03,1.755989e-01,6.039869e-01,1.156541e-03,3.664163e-03,1.127424e-02
3.024958e-02,2.481096e-02,1.386606e-02,3.136087e-03,2.397953e-02,9.033754e-03,3.586302e-03,1.244418e-01,7.176542e-02,2.260448e-03,1.321871e-01,5.479265e-01,1.390020e-03,3.182767e-03,8.183639e-03
3.207307e-02,2.526120e-02,1.536497e-02,3.803736e-03,5.163279e-02,1.383414e-02,3.404775e-03,1.293186e-01,1.145695e-01,2.081340e-03,1.000566e-01,4.971733e-01,1.866019e-03,2.892335e-03,6.667644e-03
3.919549e-02,3.328194e-02,1.479677e-02,4.188944e-03,5.384260e-02,1.723364e-02,2.888793e-03,1.085837e-01,1.932490e-01,3.732479e-03,8.402002e-02,4.305885e-01,4.376349e-03,4.028800e-03,5.993044e-03
5.566771e-02,3.659121e-02,1.408873e-02,5.294035e-03,5.330511e-02,1.945385e-02,2.677968e-03,9.115827e-02,2.189009e-01,6.257037e-03,8.149645e-02,3.989068e-01,5.961516e-03,4.991965e-03,5.248446e-03
8.332232e-02,4.209733e-02,1.431071e-02,7.914999e-03,5.476771e-02,2.297248e-02,3.116841e-03,8.385890e-02,2.472134e-01,1.536060e-02,9.409562e-02,3.133280e-01,6.281676e-03,6.377322e-03,4.982091e-03
9.096159e-02,4.917810e-02,1.165191e-02,7.296769e-03,4.331553e-02,2.161292e-02,2.428657e-03,6.532837e-02,2.806593e-01,4.464035e-02,1.095207e-01,2.487079e-01,9.013620e-03,7.098885e-03,8.585423e-03
8.363123e-02,5.731861e-02,1.015132e-02,1.101047e-02,3.485415e-02,2.414966e-02,1.946298e-03,4.653544e-02,2.955354e-01,5.301990e-02,1.258035e-01,2.053519e-01,1.443539e-02,8.156503e-03,2.810032e-02
1.106494e-01,5.759570e-02,1.637699e-02,1.507143e-02,3.731515e-02,3.051344e-02,2.163729e-03,4.073532e-02,3.012491e-01,8.703160e-02,1.079050e-01,1.499930e-01,1.289039e-02,7.695380e-03,2.281439e-02
1.960213e-01,6.104993e-02,1.323516e-02,1.867439e-02,3.046450e-02,3.207700e-02,1.862619e-03,3.031353e-02,2.431627e-01,1.022644e-01,1.059154e-01,1.186275e-01,1.210592e-02,9.338962e-03,2.488665e-02
1.870569e-01,6.021235e-02,1.087261e-02,5.947965e-02,2.263612e-02,3.775702e-02,1.460823e-03,2.210785e-02,2.158725e-01,7.942184e-02,1.430690e-01,1.179371e-01,1.194570e-02,7.561974e-03,2.260852e-02
2.718220e-01,4.859685e-02,8.462587e-03,4.936439e-02,1.678301e-02,3.854690e-02,1.192474e-03,1.587653e-02,1.696202e-01,5.759454e-02,1.663019e-01,1.201479e-01,1.023142e-02,6.713091e-03,1.874618e-02
2.931507e-01,3.987703e-02,7.071912e-03,4.269350e-02,1.293260e-02,5.029008e-02,1.017569e-03,1.140911e-02,1.329151e-01,4.172391e-02,1.795657e-01,1.571286e-01,8.804901e-03,5.720422e-03,1.569887e-02
2.454911e-01,2.895133e-02,5.244481e-03,3.217984e-02,9.534489e-03,4.611947e-02,8.100179e-04,8.148911e-03,9.694623e-02,2.961130e-02,2.813534e-01,1.919990e-01,6.837343e-03,4.847862e-03,1.192526e-02
2.014840e-01,2.096982e-02,3.834500e-03,2.519059e-02,8.362744e-03,3.833453e-02,6.595458e-04,5.929232e-03,7.601693e-02,2.139477e-02,3.128964e-01,2.655638e-01,5.863767e-03,4.331141e-03,9.168131e-03
1.992065e-01,1.919593e-02,2.895179e-03,1.934636e-02,6.564435e-03,3.201671e-02,5.942744e-04,4.420294e-03,6.206092e-02,1.541878e-02,2.619830e-01,3.569708e-01,5.142616e-03,5.159472e-03,9.024641e-03
1.601303e-01,1.613143e-02,2.125529e-03,1.445245e-02,4.880203e-03,3.024968e-02,5.165774e-04,3.370457e-03,5.620516e-02,1.110560e-02,2.508398e-01,4.332675e-01,4.450416e-03,4.681475e-03,7.593344e-03
1.315609e-01,1.353809e-02,1.601985e-03,1.188423e-02,3.757099e-03,2.690238e-02,4.251609e-04,2.575420e-03,4.965443e-02,8.034407e-03,2.430415e-01,4.921775e-01,3.894562e-03,4.220438e-03,6.731947e-03
1.012638e-01,1.146272e-02,1.438144e-03,8.998778e-03,6.040269e-03,2.038477e-02,7.566866e-04,3.173170e-03,8.644781e-02,6.150236e-03,2.120349e-01,5.293166e-01,3.419514e-03,3.733933e-03,5.378749e-03
7.469937e-02,8.514203e-03,1.148007e-03,6.752490e-03,7.058734e-03,1.574707e-02,1.330624e-03,2.705624e-03,7.739306e-02,4.488535e-03,2.687963e-01,5.211191e-01,3.006571e-03,2.941610e-03,4.298702e-03
5.397246e-02,6.464710e-03,9.137262e-04,4.807371e-03,1.238767e-02,1.236797e-02,3.210839e-03,2.877650e-03,8.739860e-02,3.470026e-03,3.070607e-01,4.967330e-01,2.859364e-03,2.269570e-03,3.206387e-03
3.975793e-02,5.428204e-03,8.282716e-04,3.413982e-03,1.160866e-02,1.079814e-02,3.137695e-03,2.940937e-03,7.020020e-02,2.893143e-03,2.962950e-01,5.457909e-01,2.396125e-03,2.034039e-03,2.476726e-03
3.438379e-02,4.532614e-03,8.385504e-04,2.459509e-03,1.720320e-02,9.486167e-03,4.752946e-03,4.576376e-03,6.613849e-02,2.403456e-03,2.730643e-01,5.740870e-01,2.336392e-03,1.759582e-03,1.977696e-03
2.642013e-02,3.939386e-03,1.831649e-03,1.791056e-03,3.137029e-02,9.749884e-03,4.962404e-03,5.784405e-03,7.686064e-02,2.140471e-03,2.676823e-01,5.615702e-01,2.747324e-03,1.582575e-03,1.567392e-03
2.065880e-02,4.188364e-03,2.566272e-03,1.332609e-03,4.512104e-02,8.795230e-03,4.765604e-03,5.856943e-03,1.098124e-01,2.113159e-03,2.260545e-01,5.623299e-01,3.612132e-03,1.534524e-03,1.258595e-03
1.541355e-02,3.190238e-03,2.320767e-03,1.028378e-03,4.551236e-02,6.700437e-03,3.703509e-03,6.496357e-03,9.046985e-02,1.833330e-03,1.658722e-01,6.517714e-01,3.443099e-03,1.335889e-03,9.086545e-04
1.302293e-02,2.832633e-03,3.471716e-03,8.256037e-04,7.111108e-02,5.020695e-03,2.781598e-03,7.218671e-03,7.668921e-02,1.586515e-03,1.191325e-01,6.911513e-01,3.140982e-03,1.343055e-03,6.715457e-04
1.196496e-02,2.470029e-03,5.225939e-03,8.326420e-04,9.733941e-02,3.897222e-03,2.127903e-03,1.031834e-02,7.244994e-02,1.535127e-03,8.770134e-02,6.991290e-01,3.128771e-03,1.369646e-03,5.097158e-04
1.878664e-02,2.963725e-03,3.184843e-02,1.800867e-03,2.134033e-01,5.750507e-03,2.795214e-03,3.701153e-02,6.896556e-02,1.728881e-03,7.270562e-02,5.372123e-01,3.004801e-03,1.587537e-03,4.351177e-04
2.324995e-02,3.590472e-03,3.939706e-02,1.803477e-03,3.116920e-01,7.401236e-03,2.686822e-03,5.365226e-02,7.144154e-02,1.815636e-03,6.565666e-02,4.123695e-01,3.221485e-03,1.625928e-03,3.959013e-04
3.179268e-02,3.350335e-03,3.551313e-02,1.883775e-03,3.322837e-01,6.890977e-03,2.537568e-03,5.515756e-02,7.430333e-02,1.734505e-03,5.839884e-02,3.899247e-01,4.441510e-03,1.403358e-03,3.840356e-04
3.818259e-02,3.881822e-03,3.587895e-02,2.173226e-03,3.139143e-01,4.239889e-02,2.800149e-03,6.692937e-02,7.354476e-02,2.213975e-03,6.982176e-02,3.403401e-01,6.406911e-03,1.127783e-03,3.853861e-04
5.977467e-02,4.362885e-03,3.421822e-02,2.538074e-03,3.266720e-01,6.660333e-02,3.411849e-03,6.164648e-02,6.269067e-02,3.265979e-03,8.136262e-02,2.819650e-01,9.397751e-03,1.468535e-03,6.218170e-04
7.832271e-02,5.190056e-03,3.625388e-02,4.742628e-03,3.520199e-01,7.183588e-02,5.684194e-03,5.997226e-02,4.879557e-02,8.299185e-03,9.089997e-02,2.248694e-01,1.010316e-02,2.104807e-03,9.064127e-04
7.935692e-02,4.935629e-03,3.459768e-02,6.564169e-03,3.185871e-01,8.210564e-02,7.506173e-03,1.537149e-01,3.535258e-02,7.576455e-03,6.955496e-02,1.841682e-01,1.292898e-02,2.245707e-03,8.049131e-04
7.966047e-02,6.721652e-03,4.079396e-02,1.290931e-02,3.452905e-01,1.210629e-01,5.696600e-03,1.169469e-01,2.790253e-02,1.368712e-02,7.030057e-02,1.410049e-01,1.064466e-02,6.311374e-03,1.066549e-03
9.004220e-02,9.127103e-03,4.833291e-02,4.147877e-02,3.530675e-01,1.205892e-01,4.486709e-03,9.461436e-02,2.418808e-02,2.176189e-02,6.757041e-02,1.047585e-01,8.715916e-03,8.325975e-03,2.940524e-03
1.399267e-01,1.250023e-02,4.873309e-02,5.481479e-02,3.229129e-01,1.119401e-01,3.995262e-03,7.456918e-02,2.562051e-02,2.956637e-02,6.689742e-02,8.212630e-02,7.719412e-03,1.228748e-02,6.390285e-03
2.040467e-01,1.398278e-02,4.902675e-02,6.270837e-02,2.750563e-01,1.002672e-01,4.029220e-03,5.771305e-02,2.808875e-02,4.862784e-02,6.071576e-02,6.545646e-02,6.687992e-03,1.680076e-02,6.792084e-03
2.347249e-01,1.629248e-02,6.386632e-02,7.094915e-02,2.505427e-01,9.489621e-02,4.532766e-03,4.677308e-02,2.631434e-02,5.325795e-02,5.093117e-02,5.183534e-02,5.744597e-03,2.272168e-02,6.617415e-03
2.687450e-01,1.964014e-02,6.139246e-02,8.382982e-02,2.187929e-01,8.045458e-02,6.737301e-03,4.532481e-02,3.279926e-02,4.768205e-02,4.451860e-02,5.613660e-02,6.931942e-03,1.941978e-02,7.594785e-03
3.363974e-01,2.025952e-02,5.089103e-02,8.773392e-02,1.886225e-01,6.694877e-02,6.714267e-03,3.555413e-02,3.536331e-02,4.197757e-02,3.550824e-02,5.945363e-02,8.582648e-03,1.646550e-02,9.527676e-03
3.643272e-01,2.174830e-02,4.216113e-02,7.791606e-02,1.470255e-01,5.863462e-02,6.986616e-03,3.373437e-02,3.052163e-02,3.244529e-02,6.570876e-02,7.977179e-02,1.218035e-02,1.454352e-02,1.229495e-02
3.255110e-01,2.041250e-02,3.221824e-02,5.678872e-02,1.191449e-01,5.439982e-02,2.403021e-02,1.777547e-01,2.210089e-02,2.396963e-02,5.039961e-02,6.057285e-02,1.136406e-02,1.110652e-02,1.022639e-02
2.599050e-01,1.639288e-02,2.572797e-02,4.061961e-02,9.192911e-02,4.997752e-02,4.411247e-02,3.308575e-01,1.609842e-02,1.757226e-02,3.735466e-02,4.428854e-02,8.891576e-03,8.283011e-03,7.989494e-03
2.791168e-01,1.349761e-02,2.239059e-02,3.505535e-02,1.513043e-01,5.326751e-02,4.361667e-02,2.392863e-01,1.343383e-02,3.360306e-02,4.573187e-02,3.795543e-02,9.876087e-03,8.280030e-03,1.358460e-02
3.644164e-01,1.072477e-02,1.639221e-02,2.748508e-02,1.536100e-01,4.857089e-02,3.249490e-02,1.708273e-01,1.282195e-02,3.075903e-02,5.151265e-02,3.449427e-02,1.826937e-02,7.269079e-03,2.035207e-02
2.982426e-01,8.279296e-03,1.212000e-02,2.742049e-02,1.471536e-01,3.983705e-02,2.432843e-02,1.217983e-01,1.467401e-02,4.152153e-02,1.401416e-01,3.289683e-02,4.640328e-02,1.113546e-02,3.404742e-02
2.215482e-01,5.933885e-03,8.799318e-03,2.843086e-02,1.170509e-01,3.094370e-02,1.779381e-02,8.587215e-02,1.294876e-02,3.918210e-02,2.410164e-01,2.680120e-02,7.390944e-02,9.353295e-03,8.041596e-02
1.581921e-01,4.383713e-03,6.382467e-03,2.566094e-02,9.026723e-02,2.278872e-02,1.256240e-02,6.034346e-02,1.611947e-02,3.339284e-02,3.310640e-01,2.904295e-02,1.004675e-01,8.560998e-03,1.007713e-01
1.118986e-01,3.892422e-03,4.904233e-03,2.137118e-01,8.045662e-02,1.905772e-02,8.916105e-03,4.233348e-02,4.836438e-02,2.415705e-02,2.548622e-01,2.111551e-02,7.450398e-02,6.326818e-03,8.549901e-02
8.010543e-02,3.744977e-03,3.989914e-03,2.332626e-01,6.429692e-02,2.215119e-02,6.410290e-03,3.018104e-02,6.886549e-02,1.925837e-02,2.484672e-01,2.067338e-02,9.146453e-02,6.227706e-03,1.009009e-01
5.903777e-02,3.691165e-03,3.458251e-03,1.837761e-01,6.286664e-02,1.870054e-02,4.708039e-03,2.481183e-02,7.625739e-02,1.652976e-02,2.281251e-01,2.316845e-02,1.382097e-01,6.931910e-03,1.497274e-01
5.680630e-02,3.597495e-03,2.890724e-03,1.517286e-01,6.295723e-02,1.742020e-02,3.440905e-03,1.797120e-02,6.531598e-02,1.530511e-02,2.072359e-01,1.936305e-02,1.121551e-01,7.642760e-03,2.561695e-01
4.593390e-02,2.894438e-03,2.154675e-03,1.099408e-01,5.263656e-02,1.445774e-02,2.553692e-03,1.281290e-02,5.108126e-02,1.287196e-02,1.755823e-01,1.565611e-02,8.573668e-02,6.536513e-03,4.091505e-01
7.091289e-02,2.747989e-03,1.900816e-03,8.120472e-02,6.209941e-02,1.314825e-02,2.005883e-03,9.594747e-03,4.137554e-02,1.103462e-02,1.485245e-01,1.365858e-02,7.175048e-02,5.303965e-03,4.647377e-01
8.756706e-02,4.608449e-03,1.997044e-03,5.960978e-02,6.002478e-02,1.216981e-02,1.830321e-03,8.757281e-03,5.063450e-02,1.778806e-02,1.462382e-01,1.950080e-02,7.507298e-02,7.287452e-03,4.469135e-01
8.434594e-02,1.910496e-02,2.410418e-03,4.432072e-02,5.998812e-02,1.010053e-02,1.476986e-03,6.787168e-03,9.297367e-02,3.567968e-02,1.394330e-01,2.075422e-02,9.394801e-02,1.011427e-02,3.785623e-01
9.211473e-02,1.873398e-02,4.112216e-03,3.647660e-02,5.149605e-02,8.862389e-03,1.292912e-03,7.449458e-03,1.176084e-01,3.931926e-02,1.525818e-01,2.596754e-02,8.787072e-02,2.416761e-02,3.319463e-01
7.775596e-02,1.752360e-02,6.324310e-03,2.630606e-02,1.801454e-01,7.012957e-03,2.019493e-03,9.225139e-03,1.631536e-01,4.060061e-02,1.228003e-01,1.938269e-02,6.486267e-02,2.236879e-02,2.405184e-01
9.130498e-02,1.788337e-02,1.537839e-02,4.516325e-02,1.593092e-01,7.296723e-03,2.241227e-03,6.068303e-02,2.058558e-01,3.658253e-02,1.014645e-01,1.655140e-02,4.918063e-02,2.033133e-02,1.707735e-01
8.872845e-02,1.381183e-02,1.267296e-02,4.813790e-02,1.310445e-01,7.398656e-03,2.069789e-03,5.638647e-02,3.273146e-01,2.940130e-02,8.692092e-02,1.561907e-02,3.838380e-02,1.756525e-02,1.245445e-01
8.938190e-02,1.330922e-02,1.397181e-02,4.501633e-02,1.116915e-01,6.129708e-03,1.914059e-03,4.678234e-02,2.660507e-01,4.129857e-02,2.058486e-01,1.736903e-02,3.362002e-02,1.914673e-02,8.846944e-02
8.736179e-02,1.072542e-02,2.094870e-02,7.283850e-02,9.865580e-02,5.659528e-03,2.074432e-03,1.192787e-01,2.036541e-01,3.602912e-02,2.164435e-01,1.547577e-02,3.109552e-02,1.598680e-02,6.377228e-02
8.813440e-02,8.626768e-03,3.228804e-02,8.672681e-02,8.909626e-02,5.390938e-03,2.896579e-03,2.080414e-01,1.520094e-01,2.753817e-02,1.892618e-01,2.121276e-02,3.070586e-02,1.228406e-02,4.578666e-02
1.111380e-01,1.841678e-02,4.326440e-02,9.143856e-02,7.939848e-02,8.803740e-03,3.007268e-03,2.268447e-01,1.320164e-01,2.397636e-02,1.552093e-01,2.135919e-02,2.795410e-02,1.062341e-02,4.654929e-02
9.388760e-02,1.733271e-02,4.174729e-02,8.562817e-02,6.331395e-02,8.666895e-03,2.629756e-03,3.597671e-01,1.024092e-01,1.873485e-02,1.228734e-01,1.619799e-02,2.178703e-02,8.131834e-03,3.689230e-02
9.014153e-02,1.279006e-02,4.079511e-02,7.905900e-02,5.274644e-02,7.005048e-03,2.185039e-03,4.706310e-01,7.438031e-02,1.402734e-02,9.606478e-02,1.176712e-02,1.601960e-02,6.095836e-03,2.629184e-02
9.656785e-02,1.094491e-02,4.049043e-02,6.613447e-02,4.682272e-02,8.108145e-03,2.933010e-03,5.353560e-01,5.739836e-02,1.154723e-02,7.353856e-02,1.093198e-02,1.243279e-02,5.206683e-03,2.158686e-02
8.014643e-02,8.152742e-03,3.156499e-02,5.147712e-02,4.331831e-02,6.515136e-03,2.617575e-03,6.331149e-01,4.446913e-02,8.403270e-03,5.344280e-02,8.226573e-03,9.089570e-03,3.880951e-03,1.558043e-02
6.515078e-02,6.523796e-03,2.402175e-02,4.067261e-02,3.543187e-02,5.755728e-03,2.621561e-03,7.157108e-01,3.249589e-02,5.956691e-03,3.817318e-02,6.194570e-03,6.831107e-03,2.999065e-03,1.146065e-02
5.694789e-02,5.288579e-03,1.989924e-02,3.257782e-02,2.715439e-02,5.076456e-03,3.221158e-03,7.739574e-01,2.336517e-02,4.286520e-03,2.722879e-02,4.690960e-03,5.135359e-03,2.586929e-03,8.583347e-03
6.110026e-02,4.343248e-03,1.818502e-02,2.783044e-02,2.063838e-02,5.608947e-03,4.631319e-03,8.000687e-01,1.727293e-02,3.182919e-03,1.952727e-02,4.243895e-03,4.143620e-03,2.264477e-03,6.958492e-03
7.075698e-02,4.174268e-03,2.103557e-02,2.304444e-02,1.676894e-02,6.746857e-03,5.668656e-03,8.030167e-01,1.318971e-02,2.619560e-03,1.496645e-02,5.208253e-03,3.662592e-03,2.333760e-03,6.807269e-03
7.543637e-02,3.582403e-03,1.886345e-02,1.897945e-02,1.753553e-02,5.602621e-03,5.591472e-03,8.144958e-01,1.011245e-02,2.161316e-03,1.205933e-02,4.644465e-03,3.437097e-03,1.928813e-03,5.569465e-03
8.317509e-02,3.098614e-03,1.503516e-02,1.434494e-02,1.458782e-02,6.020010e-03,5.211874e-03,8.246933e-01,7.602969e-03,1.636231e-03,9.784738e-03,4.764549e-03,3.591581e-03,1.619307e-03,4.833830e-03
7.261396e-02,2.672034e-03,1.290104e-02,1.165289e-02,1.201787e-02,6.871353e-03,4.786110e-03,8.474967e-01,5.629150e-03,1.273625e-03,7.740724e-03,4.882111e-03,3.821532e-03,1.356181e-03,4.284715e-03
7.447876e-02,2.218383e-03,9.833834e-03,8.835902e-03,1.027345e-02,6.087454e-03,4.217645e-03,8.593677e-01,4.350739e-03,9.957788e-04,6.184249e-03,4.809944e-03,3.727685e-03,1.075664e-03,3.542731e-03
6.844421e-02,1.689888e-03,7.158723e-03,6.843411e-03,9.288157e-03,4.851290e-03,3.441370e-03,8.788677e-01,3.280797e-03,7.282510e-04,4.688054e-03,4.006510e-03,3.166310e-03,7.999835e-04,2.745298e-03
7.029704e-02,1.416685e-03,5.374401e-03,5.390739e-03,9.157263e-03,4.142438e-03,2.900313e-03,8.847824e-01,2.518534e-03,5.653409e-04,3.771591e-03,3.785544e-03,2.952172e-03,6.331246e-04,2.312396e-03
1.098905e-01,1.597004e-03,5.185636e-03,5.441783e-03,8.849417e-03,6.376057e-03,2.658728e-03,8.409132e-01,2.273518e-03,5.260615e-04,3.488682e-03,5.745115e-03,3.596098e-03,8.396350e-04,2.618656e-03
1.688792e-01,1.582495e-03,4.841576e-03,5.589450e-03,8.477316e-03,6.379117e-03,2.328208e-03,7.823212e-01,2.098646e-03,4.946780e-04,3.174879e-03,6.600991e-03,3.654588e-03,8.893404e-04,2.688234e-03
1.969809e-01,1.502995e-03,4.562922e-03,5.125425e-03,9.442931e-03,6.083935e-03,2.679749e-03,7.544178e-01,1.890374e-03,5.169773e-04,2.849318e-03,6.841840e-03,3.512307e-03,8.195533e-04,2.772896e-03
2.694417e-01,1.572597e-03,5.573652e-03,5.623105e-03,1.020508e-02,6.738805e-03,3.407660e-03,6.768056e-01,2.037210e-03,5.664547e-04,2.664957e-03,8.397389e-03,3.413280e-03,8.148493e-04,2.737670e-03
3.487440e-01,1.842842e-03,6.181173e-03,5.749952e-03,1.072752e-02,6.991439e-03,3.576374e-03,5.943261e-01,1.916920e-03,7.440677e-04,2.677926e-03,8.733948e-03,3.395734e-03,1.005516e-03,3.386413e-03
4.336532e-01,2.088801e-03,6.750972e-03,6.241032e-03,9.538147e-03,7.966953e-03,3.696851e-03,5.042668e-01,2.271114e-03,8.229362e-04,2.812634e-03,1.108224e-02,3.753026e-03,1.224720e-03,3.830569e-03
4.672228e-01,2.180198e-03,7.089512e-03,6.387407e-03,8.614532e-03,1.056450e-02,4.981594e-03,4.628516e-01,2.873391e-03,7.498426e-04,2.829039e-03,1.303553e-02,5.585442e-03,1.313510e-03,3.721057e-03
4.800620e-01,2.301436e-03,7.622163e-03,8.789786e-03,7.526867e-03,1.363342e-02,4.812534e-03,4.250673e-01,3.783669e-03,9.319264e-04,4.540910e-03,2.294106e-02,1.149911e-02,1.513344e-03,4.974458e-03
1.000000e+00,0.000000e+00,0.000000e+00,0.000000e+00,0.000000e+00,0.000000e+00,0.000000e+00,0.000000e+00,0.000000e+00,0.000000e+00,0.000000e+00,0.000000e+00,0.000000e+00,0.000000e+00,0.000000e+00
1.000000e+00,0.000000e+00,0.000000e+00,0.000000e+00,0.000000e+00,0.000000e+00,0.000000e+00,0.000000e+00,0.000000e+00,0.000000e+00,0.000000e+00,0.000000e+00,0.000000e+00,0.000000e+00,0.000000e+00
4.998270e-01,2.845847e-03,7.194211e-03,9.888583e-03,7.879164e-03,1.782748e-02,4.469482e-03,3.996757e-01,3.959868e-03,1.198793e-03,4.955881e-03,2.074169e-02,1.046719e-02,2.137520e-03,6.931598e-03
4.129572e-01,2.273079e-03,6.460043e-03,8.468878e-03,8.144937e-03,1.426025e-02,3.539040e-03,5.046576e-01,3.262557e-03,9.575958e-04,3.815211e-03,1.551857e-02,8.450575e-03,1.726773e-03,5.507744e-03
3.380217e-01,1.846834e-03,5.973915e-03,7.381609e-03,8.581677e-03,1.109981e-02,3.081640e-03,5.923265e-01,2.962382e-03,7.998545e-04,3.122392e-03,1.199389e-02,6.968090e-03,1.422013e-03,4.417742e-03
2.927505e-01,1.760567e-03,6.007874e-03,6.553654e-03,1.019049e-02,1.083548e-02,2.964779e-03,6.414760e-01,2.518965e-03,6.591334e-04,2.809674e-03,9.811657e-03,6.049479e-03,1.367700e-03,4.244090e-03
2.524973e-01,1.902806e-03,5.504422e-03,6.241858e-03,1.073694e-02,1.159875e-02,3.271964e-03,6.822227e-01,2.178492e-03,6.445505e-04,2.811196e-03,8.252057e-03,5.372050e-03,1.469141e-03,5.295865e-03
2.356924e-01,1.959661e-03,4.767491e-03,5.899159e-03,1.119184e-02,1.169839e-02,3.159809e-03,7.003863e-01,2.033340e-03,6.010663e-04,3.104068e-03,7.120550e-03,5.032300e-03,1.498679e-03,5.854981e-03
2.630735e-01,2.461836e-03,4.841517e-03,6.868161e-03,1.170780e-02,1.587287e-02,3.724917e-03,6.598961e-01,2.154739e-03,8.186229e-04,3.892173e-03,7.713244e-03,5.960324e-03,1.768356e-03,9.245884e-03
3.002900e-01,2.869759e-03,5.323812e-03,7.805733e-03,1.130996e-02,2.088813e-02,4.081140e-03,6.085947e-01,2.771254e-03,1.181962e-03,4.807296e-03,9.462169e-03,7.048332e-03,2.001802e-03,1.156409e-02
3.539519e-01,6.703350e-03,8.348295e-03,1.330737e-02,2.121385e-02,2.048350e-02,5.082372e-03,4.902886e-01,4.709668e-03,1.649352e-03,2.203188e-02,1.962344e-02,1.309046e-02,4.195503e-03,1.532050e-02
4.708980e-01,7.260368e-03,7.260588e-03,1.370542e-02,1.747002e-02,1.939523e-02,4.504043e-03,3.674121e-01,4.831773e-03,1.791072e-03,2.278936e-02,2.272518e-02,1.579303e-02,5.306141e-03,1.885768e-02
3.909036e-01,9.372965e-03,6.694017e-03,1.888651e-02,1.806542e-02,2.226835e-02,3.743067e-03,2.641977e-01,2.060960e-02,4.440690e-03,2.827103e-02,2.776291e-02,1.235769e-01,9.504825e-03,5.170252e-02
2.842780e-01,8.702193e-03,1.336019e-02,3.726620e-02,1.840564e-02,1.819200e-02,3.648298e-03,1.875350e-01,6.012771e-02,5.426290e-03,3.142320e-02,3.563088e-02,2.453616e-01,7.493519e-03,4.314935e-02
2.190361e-01,1.126837e-02,1.283798e-02,3.907701e-02,2.022223e-02,1.968917e-02,3.922079e-03,1.335328e-01,1.024857e-01,5.888688e-03,3.000988e-02,3.238254e-02,3.111544e-01,7.051097e-03,5.144192e-02
1.647043e-01,2.040940e-02,3.307584e-02,7.695113e-02,1.980287e-02,1.994094e-02,3.872299e-03,9.501376e-02,1.685638e-01,5.453331e-03,2.242955e-02,2.571488e-02,2.876230e-01,5.635763e-03,5.080919e-02
1.386408e-01,2.375712e-02,2.844232e-02,6.666461e-02,2.195609e-02,2.478969e-02,4.756234e-03,6.951997e-02,1.661998e-01,5.472740e-03,1.696538e-02,2.604064e-02,3.527242e-01,5.262549e-03,4.880783e-02
1.176885e-01,2.654774e-02,2.352125e-02,5.448875e-02,2.224817e-02,2.227735e-02,5.191043e-03,5.183671e-02,1.567708e-01,5.617552e-03,1.377144e-02,3.420258e-02,4.129256e-01,4.913985e-03,4.799853e-02
9.724455e-02,1.924314e-02,1.751432e-02,3.985511e-02,2.011718e-02,1.776264e-02,5.289958e-03,3.949863e-02,1.130417e-01,4.260632e-03,1.049559e-02,3.732888e-02,5.331208e-01,3.813723e-03,4.141321e-02
7.490636e-02,1.602674e-02,1.446860e-02,2.978760e-02,3.870970e-02,2.168145e-02,1.083440e-02,2.925659e-02,8.334481e-02,3.074363e-03,8.325071e-03,3.509559e-02,5.980232e-01,2.812189e-03,3.365332e-02
1.064850e-01,2.578286e-02,1.605090e-02,4.851320e-02,5.083764e-02,4.321172e-02,1.172167e-02,2.156878e-02,7.220775e-02,3.044925e-03,6.733899e-03,2.801497e-02,5.349103e-01,2.157923e-03,2.875846e-02
9.796380e-02,2.704784e-02,1.610262e-02,4.162817e-02,5.405891e-02,7.036155e-02,1.262701e-02,1.734670e-02,6.895299e-02,2.638945e-03,5.866902e-03,2.287947e-02,5.362787e-01,1.739732e-03,2.450667e-02
1.141704e-01,2.546107e-02,2.271838e-02,3.475137e-02,4.792516e-02,5.626058e-02,1.535108e-02,2.666311e-02,6.034409e-02,2.452597e-03,5.044190e-03,1.829180e-02,5.491203e-01,1.399667e-03,2.004624e-02
1.163973e-01,1.959829e-02,1.743319e-02,2.486914e-02,4.347459e-02,4.189148e-02,1.410118e-02,2.386333e-02,4.546704e-02,1.868642e-03,4.253806e-03,1.726170e-02,6.126238e-01,1.119660e-03,1.577695e-02
1.363553e-01,1.568928e-02,1.300996e-02,1.890246e-02,3.657621e-02,3.277697e-02,1.096902e-02,1.936505e-02,3.475549e-02,1.583558e-03,4.130618e-03,1.588466e-02,6.462010e-01,9.010197e-04,1.289947e-02
1.257183e-01,1.134158e-02,9.278947e-03,1.359035e-02,2.714751e-02,2.459723e-02,8.002216e-03,1.383653e-02,2.537434e-02,1.158704e-03,3.090153e-03,1.254219e-02,7.143080e-01,6.553811e-04,9.358539e-03
1.147927e-01,8.228928e-03,6.588607e-03,9.944653e-03,2.066353e-02,1.888562e-02,5.843083e-03,9.944117e-03,1.890687e-02,8.441587e-04,2.319212e-03,1.054139e-02,7.651563e-01,4.732446e-04,6.867621e-03
9.578513e-02,5.994184e-03,4.806098e-03,7.051300e-03,1.942212e-02,1.436460e-02,4.488573e-03,7.086914e-03,1.437157e-02,6.154376e-04,1.846985e-03,8.906457e-03,8.095877e-01,3.634818e-04,5.309447e-03
7.368802e-02,4.473649e-03,3.532487e-03,4.984321e-03,1.834421e-02,1.063552e-02,3.297956e-03,5.086345e-03,1.064494e-02,4.452628e-04,1.362112e-03,8.063356e-03,8.513497e-01,2.660998e-04,3.826026e-03
5.599089e-02,3.509264e-03,2.761722e-03,3.617264e-03,1.717587e-02,8.680940e-03,2.427557e-03,3.813734e-03,8.352091e-03,3.532733e-04,1.111136e-03,7.103345e-03,8.820748e-01,2.156665e-04,2.812416e-03
4.082599e-02,2.526519e-03,2.130444e-03,2.564003e-03,1.528556e-02,7.099426e-03,2.059867e-03,3.209948e-03,6.057948e-03,2.953793e-04,1.007816e-03,7.297761e-03,9.069797e-01,1.612845e-04,2.498402e-03
3.498649e-02,1.986484e-03,1.914071e-03,1.928572e-03,2.043476e-02,6.050138e-03,1.923616e-03,2.914174e-03,5.169943e-03,2.682809e-04,7.908410e-04,6.908955e-03,9.126216e-01,1.278699e-04,1.974231e-03
