1.000000e+00,0.000000e+00,0.000000e+00,0.000000e+00,0.000000e+00,0.000000e+00,0.000000e+00,0.000000e+00,0.000000e+00,0.000000e+00,0.000000e+00,0.000000e+00,0.000000e+00,0.000000e+00,0.000000e+00
1.000000e+00,0.000000e+00,0.000000e+00,0.000000e+00,0.000000e+00,0.000000e+00,0.000000e+00,0.000000e+00,0.000000e+00,0.000000e+00,0.000000e+00,0.000000e+00,0.000000e+00,0.000000e+00,0.000000e+00
1.000000e+00,0.000000e+00,0.000000e+00,0.000000e+00,0.000000e+00,0.000000e+00,0.000000e+00,0.000000e+00,0.000000e+00,0.000000e+00,0.000000e+00,0.000000e+00,0.000000e+00,0.000000e+00,0.000000e+00
1.000000e+00,0.000000e+00,0.000000e+00,0.000000e+00,0.000000e+00,0.000000e+00,0.000000e+00,0.000000e+00,0.000000e+00,0.000000e+00,0.000000e+00,0.000000e+00,0.000000e+00,0.000000e+00,0.000000e+00
1.000000e+00,0.000000e+00,0.000000e+00,0.000000e+00,0.000000e+00,0.000000e+00,0.000000e+00,0.000000e+00,0.000000e+00,0.000000e+00,0.000000e+00,0.000000e+00,0.000000e+00,0.000000e+00,0.000000e+00
1.000000e+00,0.000000e+00,0.000000e+00,0.000000e+00,0.000000e+00,0.000000e+00,0.000000e+00,0.000000e+00,0.000000e+00,0.000000e+00,0.000000e+00,0.000000e+00,0.000000e+00,0.000000e+00,0.000000e+00
1.000000e+00,0.000000e+00,0.000000e+00,0.000000e+00,0.000000e+00,0.000000e+00,0.000000e+00,0.000000e+00,0.000000e+00,0.000000e+00,0.000000e+00,0.000000e+00,0.000000e+00,0.000000e+00,0.000000e+00
1.000000e+00,0.000000e+00,0.000000e+00,0.000000e+00,0.000000e+00,0.000000e+00,0.000000e+00,0.000000e+00,0.000000e+00,0.000000e+00,0.000000e+00,0.000000e+00,0.000000e+00,0.000000e+00,0.000000e+00
1.000000e+00,0.000000e+00,0.000000e+00,0.000000e+00,0.000000e+00,0.000000e+00,0.000000e+00,0.000000e+00,0.000000e+00,0.000000e+00,0.000000e+00,0.000000e+00,0.000000e+00,0.000000e+00,0.000000e+00
1.000000e+00,0.000000e+00,0.000000e+00,0.000000e+00,0.000000e+00,0.000000e+00,0.000000e+00,0.000000e+00,0.000000e+00,0.000000e+00,0.000000e+00,0.000000e+00,0.000000e+00,0.000000e+00,0.000000e+00
1.000000e+00,0.000000e+00,0.000000e+00,0.000000e+00,0.000000e+00,0.000000e+00,0.000000e+00,0.000000e+00,0.000000e+00,0.000000e+00,0.000000e+00,0.000000e+00,0.000000e+00,0.000000e+00,0.000000e+00
1.000000e+00,0.000000e+00,0.000000e+00,0.000000e+00,0.000000e+00,0.000000e+00,0.000000e+00,0.000000e+00,0.000000e+00,0.000000e+00,0.000000e+00,0.000000e+00,0.000000e+00,0.000000e+00,0.000000e+00
1.000000e+00,0.000000e+00,0.000000e+00,0.000000e+00,0.000000e+00,0.000000e+00,0.000000e+00,0.000000e+00,0.000000e+00,0.000000e+00,0.000000e+00,0.000000e+00,0.000000e+00,0.000000e+00,0.000000e+00
1.000000e+00,0.000000e+00,0.000000e+00,0.000000e+00,0.000000e+00,0.000000e+00,0.000000e+00,0.000000e+00,0.000000e+00,0.000000e+00,0.000000e+00,0.000000e+00,0.000000e+00,0.000000e+00,0.000000e+00
1.000000e+00,0.000000e+00,0.000000e+00,0.000000e+00,0.000000e+00,0.000000e+00,0.000000e+00,0.000000e+00,0.000000e+00,0.000000e+00,0.000000e+00,0.000000e+00,0.000000e+00,0.000000e+00,0.000000e+00
1.000000e+00,0.000000e+00,0.000000e+00,0.000000e+00,0.000000e+00,0.000000e+00,0.000000e+00,0.000000e+00,0.000000e+00,0.000000e+00,0.000000e+00,0.000000e+00,0.000000e+00,0.000000e+00,0.000000e+00
1.000000e+00,0.000000e+00,0.000000e+00,0.000000e+00,0.000000e+00,0.000000e+00,0.000000e+00,0.000000e+00,0.000000e+00,0.000000e+00,0.000000e+00,0.000000e+00,0.000000e+00,0.000000e+00,0.000000e+00
1.000000e+00,0.000000e+00,0.000000e+00,0.000000e+00,0.000000e+00,0.000000e+00,0.000000e+00,0.000000e+00,0.000000e+00,0.000000e+00,0.000000e+00,0.000000e+00,0.000000e+00,0.000000e+00,0.000000e+00
1.000000e+00,0.000000e+00,0.000000e+00,0.000000e+00,0.000000e+00,0.000000e+00,0.000000e+00,0.000000e+00,0.000000e+00,0.000000e+00,0.000000e+00,0.000000e+00,0.000000e+00,0.000000e+00,0.000000e+00
1.000000e+00,0.000000e+00,0.000000e+00,0.000000e+00,0.000000e+00,0.000000e+00,0.000000e+00,0.000000e+00,0.000000e+00,0.000000e+00,0.000000e+00,0.000000e+00,0.000000e+00,0.000000e+00,0.000000e+00
1.000000e+00,0.000000e+00,0.000000e+00,0.000000e+00,0.000000e+00,0.000000e+00,0.000000e+00,0.000000e+00,0.000000e+00,0.000000e+00,0.000000e+00,0.000000e+00,0.000000e+00,0.000000e+00,0.000000e+00
1.000000e+00,0.000000e+00,0.000000e+00,0.000000e+00,0.000000e+00,0.000000e+00,0.000000e+00,0.000000e+00,0.000000e+00,0.000000e+00,0.000000e+00,0.000000e+00,0.000000e+00,0.000000e+00,0.000000e+00
1.000000e+00,0.000000e+00,0.000000e+00,0.000000e+00,0.000000e+00,0.000000e+00,0.000000e+00,0.000000e+00,0.000000e+00,0.000000e+00,0.000000e+00,0.000000e+00,0.000000e+00,0.000000e+00,0.000000e+00
1.000000e+00,0.000000e+00,0.000000e+00,0.000000e+00,0.000000e+00,0.000000e+00,0.000000e+00,0.000000e+00,0.000000e+00,0.000000e+00,0.000000e+00,0.000000e+00,0.000000e+00,0.000000e+00,0.000000e+00
1.000000e+00,0.000000e+00,0.000000e+00,0.000000e+00,0.000000e+00,0.000000e+00,0.000000e+00,0.000000e+00,0.000000e+00,0.000000e+00,0.000000e+00,0.000000e+00,0.000000e+00,0.000000e+00,0.000000e+00
1.000000e+00,0.000000e+00,0.000000e+00,0.000000e+00,0.000000e+00,0.000000e+00,0.000000e+00,0.000000e+00,0.000000e+00,0.000000e+00,0.000000e+00,0.000000e+00,0.000000e+00,0.000000e+00,0.000000e+00
1.000000e+00,0.000000e+00,0.000000e+00,0.000000e+00,0.000000e+00,0.000000e+00,0.000000e+00,0.000000e+00,0.000000e+00,0.000000e+00,0.000000e+00,0.000000e+00,0.000000e+00,0.000000e+00,0.000000e+00
1.000000e+00,0.000000e+00,0.000000e+00,0.000000e+00,0.000000e+00,0.000000e+00,0.000000e+00,0.000000e+00,0.000000e+00,0.000000e+00,0.000000e+00,0.000000e+00,0.000000e+00,0.000000e+00,0.000000e+00
1.000000e+00,0.000000e+00,0.000000e+00,0.000000e+00,0.000000e+00,0.000000e+00,0.000000e+00,0.000000e+00,0.000000e+00,0.000000e+00,0.000000e+00,0.000000e+00,0.000000e+00,0.000000e+00,0.000000e+00
1.000000e+00,0.000000e+00,0.000000e+00,0.000000e+00,0.000000e+00,0.000000e+00,0.000000e+00,0.000000e+00,0.000000e+00,0.000000e+00,0.000000e+00,0.000000e+00,0.000000e+00,0.000000e+00,0.000000e+00
1.000000e+00,0.000000e+00,0.000000e+00,0.000000e+00,0.000000e+00,0.000000e+00,0.000000e+00,0.000000e+00,0.000000e+00,0.000000e+00,0.000000e+00,0.000000e+00,0.000000e+00,0.000000e+00,0.000000e+00
1.000000e+00,0.000000e+00,0.000000e+00,0.000000e+00,0.000000e+00,0.000000e+00,0.000000e+00,0.000000e+00,0.000000e+00,0.000000e+00,0.000000e+00,0.000000e+00,0.000000e+00,0.000000e+00,0.000000e+00
1.000000e+00,0.000000e+00,0.000000e+00,0.000000e+00,0.000000e+00,0.000000e+00,0.000000e+00,0.000000e+00,0.000000e+00,0.000000e+00,0.000000e+00,0.000000e+00,0.000000e+00,0.000000e+00,0.000000e+00
1.000000e+00,0.000000e+00,0.000000e+00,0.000000e+00,0.000000e+00,0.000000e+00,0.000000e+00,0.000000e+00,0.000000e+00,0.000000e+00,0.000000e+00,0.000000e+00,0.000000e+00,0.000000e+00,0.000000e+00
1.000000e+00,0.000000e+00,0.000000e+00,0.000000e+00,0.000000e+00,0.000000e+00,0.000000e+00,0.000000e+00,0.000000e+00,0.000000e+00,0.000000e+00,0.000000e+00,0.000000e+00,0.000000e+00,0.000000e+00
1.000000e+00,0.000000e+00,0.000000e+00,0.000000e+00,0.000000e+00,0.000000e+00,0.000000e+00,0.000000e+00,0.000000e+00,0.000000e+00,0.000000e+00,0.000000e+00,0.000000e+00,0.000000e+00,0.000000e+00
1.000000e+00,0.000000e+00,0.000000e+00,0.000000e+00,0.000000e+00,0.000000e+00,0.000000e+00,0.000000e+00,0.000000e+00,0.000000e+00,0.000000e+00,0.000000e+00,0.000000e+00,0.000000e+00,0.000000e+00
1.000000e+00,0.000000e+00,0.000000e+00,0.000000e+00,0.000000e+00,0.000000e+00,0.000000e+00,0.000000e+00,0.000000e+00,0.000000e+00,0.000000e+00,0.000000e+00,0.000000e+00,0.000000e+00,0.000000e+00
1.000000e+00,0.000000e+00,0.000000e+00,0.000000e+00,0.000000e+00,0.000000e+00,0.000000e+00,0.000000e+00,0.000000e+00,0.000000e+00,0.000000e+00,0.000000e+00,0.000000e+00,0.000000e+00,0.000000e+00
1.000000e+00,0.000000e+00,0.000000e+00,0.000000e+00,0.000000e+00,0.000000e+00,0.000000e+00,0.000000e+00,0.000000e+00,0.000000e+00,0.000000e+00,0.000000e+00,0.000000e+00,0.000000e+00,0.000000e+00
1.000000e+00,0.000000e+00,0.000000e+00,0.000000e+00,0.000000e+00,0.000000e+00,0.000000e+00,0.000000e+00,0.000000e+00,0.000000e+00,0.000000e+00,0.000000e+00,0.000000e+00,0.000000e+00,0.000000e+00
1.000000e+00,0.000000e+00,0.000000e+00,0.000000e+00,0.000000e+00,0.000000e+00,0.000000e+00,0.000000e+00,0.000000e+00,0.000000e+00,0.000000e+00,0.000000e+00,0.000000e+00,0.000000e+00,0.000000e+00
1.000000e+00,0.000000e+00,0.000000e+00,0.000000e+00,0.000000e+00,0.000000e+00,0.000000e+00,0.000000e+00,0.000000e+00,0.000000e+00,0.000000e+00,0.000000e+00,0.000000e+00,0.000000e+00,0.000000e+00
1.000000e+00,0.000000e+00,0.000000e+00,0.000000e+00,0.000000e+00,0.000000e+00,0.000000e+00,0.000000e+00,0.000000e+00,0.000000e+00,0.000000e+00,0.000000e+00,0.000000e+00,0.000000e+00,0.000000e+00
1.000000e+00,0.000000e+00,0.000000e+00,0.000000e+00,0.000000e+00,0.000000e+00,0.000000e+00,0.000000e+00,0.000000e+00,0.000000e+00,0.000000e+00,0.000000e+00,0.000000e+00,0.000000e+00,0.000000e+00
1.000000e+00,0.000000e+00,0.000000e+00,0.000000e+00,0.000000e+00,0.000000e+00,0.000000e+00,0.000000e+00,0.000000e+00,0.000000e+00,0.000000e+00,0.000000e+00,0.000000e+00,0.000000e+00,0.000000e+00
1.000000e+00,0.000000e+00,0.000000e+00,0.000000e+00,0.000000e+00,0.000000e+00,0.000000e+00,0.000000e+00,0.000000e+00,0.000000e+00,0.000000e+00,0.000000e+00,0.000000e+00,0.000000e+00,0.000000e+00
1.000000e+00,0.000000e+00,0.000000e+00,0.000000e+00,0.000000e+00,0.000000e+00,0.000000e+00,0.000000e+00,0.000000e+00,0.000000e+00,0.000000e+00,0.000000e+00,0.000000e+00,0.000000e+00,0.000000e+00
1.000000e+00,0.000000e+00,0.000000e+00,0.000000e+00,0.000000e+00,0.000000e+00,0.000000e+00,0.000000e+00,0.000000e+00,0.000000e+00,0.000000e+00,0.000000e+00,0.000000e+00,0.000000e+00,0.000000e+00
4.395460e-01,7.399570e-03,1.501960e-02,3.079681e-02,4.592088e-03,1.322341e-02,6.669373e-03,4.321261e-01,3.449330e-03,1.055882e-03,6.583547e-03,1.484276e-02,1.425645e-02,2.204818e-03,8.234191e-03
3.101422e-01,5.240933e-03,1.113922e-02,2.196364e-02,3.428899e-03,9.667388e-03,5.425034e-03,5.971023e-01,2.423294e-03,7.448341e-04,4.668128e-03,1.051537e-02,1.011778e-02,1.609059e-03,5.811900e-03
2.187217e-01,3.706439e-03,8.091105e-03,1.568997e-02,2.681078e-03,6.949339e-03,4.252463e-03,7.145494e-01,1.702421e-03,5.259287e-04,3.294542e-03,7.411278e-03,7.172231e-03,1.162432e-03,4.089701e-03
1.537309e-01,2.618784e-03,5.777371e-03,1.108345e-02,2.328536e-03,4.952298e-03,3.391760e-03,7.982025e-01,1.196961e-03,3.727514e-04,2.323449e-03,5.212725e-03,5.099469e-03,8.315631e-04,2.877428e-03
1.079773e-01,1.857233e-03,4.130028e-03,7.836326e-03,1.947724e-03,3.533134e-03,2.746420e-03,8.572795e-01,8.422121e-04,2.645529e-04,1.641151e-03,3.671246e-03,3.643125e-03,5.999593e-04,2.030025e-03
7.575038e-02,1.306895e-03,2.973989e-03,5.539402e-03,1.587463e-03,2.517212e-03,2.199988e-03,8.991019e-01,5.913682e-04,1.897588e-04,1.159445e-03,2.591076e-03,2.634850e-03,4.264922e-04,1.429790e-03
5.363925e-02,9.318431e-04,2.162310e-03,3.919408e-03,2.270468e-03,1.857810e-03,1.732747e-03,9.269755e-01,4.205413e-04,1.479224e-04,8.246991e-04,1.848825e-03,1.944683e-03,3.050581e-04,1.018863e-03
3.844058e-02,6.689781e-04,1.546722e-03,2.783909e-03,2.778458e-03,1.389299e-03,1.427738e-03,9.458410e-01,3.113200e-04,1.264896e-04,6.141943e-04,1.358469e-03,1.747091e-03,2.218289e-04,7.438672e-04
2.870680e-02,4.883650e-04,1.104780e-03,2.038662e-03,3.967723e-03,1.798160e-03,1.333966e-03,9.554640e-01,3.174478e-04,1.093965e-04,5.455989e-04,1.014246e-03,2.370781e-03,1.625671e-04,5.773837e-04
2.243989e-02,3.646940e-04,8.099312e-04,1.531964e-03,4.364585e-03,3.174077e-03,1.165983e-03,9.590819e-01,3.026255e-04,1.107803e-04,6.214897e-04,7.889306e-04,4.649128e-03,1.202647e-04,4.737139e-04
1.768574e-02,2.611504e-04,5.962264e-04,1.135480e-03,4.132399e-03,4.090863e-03,9.460797e-04,9.654486e-01,2.244987e-04,8.331608e-05,4.865213e-04,6.017878e-04,3.852366e-03,8.629050e-05,3.687281e-04
3.141645e-02,4.808738e-04,9.561030e-04,9.948382e-04,4.369924e-03,3.444748e-02,1.162459e-03,8.679761e-01,6.717782e-04,2.599521e-04,1.532535e-03,2.580157e-03,5.185141e-02,1.204311e-04,1.179532e-03
5.329482e-02,1.884348e-03,1.470059e-03,1.858720e-03,6.011019e-03,6.577924e-02,1.693766e-03,7.671794e-01,1.769272e-03,1.387192e-03,4.553237e-03,1.046292e-02,7.879983e-02,2.570718e-04,3.599087e-03
3.922090e-02,5.920856e-03,1.383721e-03,4.865999e-03,5.104956e-03,6.410664e-02,1.270921e-03,5.385937e-01,2.159017e-02,1.179511e-03,3.937456e-02,1.754439e-01,9.320641e-02,3.838187e-03,4.899535e-03
3.152198e-02,5.640300e-03,1.134613e-03,4.193107e-03,3.736014e-03,7.209469e-02,9.360123e-04,3.775049e-01,2.112420e-02,1.013762e-03,4.313236e-02,3.516195e-01,7.814159e-02,3.846067e-03,4.360944e-03
2.272498e-02,4.322849e-03,8.135815e-04,3.145259e-03,2.651584e-03,5.287253e-02,6.592601e-04,2.643858e-01,6.563973e-02,7.221593e-04,3.444560e-02,4.765162e-01,6.506033e-02,2.876949e-03,3.163113e-03
1.662288e-02,3.923374e-03,5.847907e-04,2.510139e-03,1.871206e-03,3.894573e-02,4.660082e-04,1.851217e-01,7.743463e-02,5.612228e-04,2.907068e-02,5.857636e-01,5.212766e-02,2.317243e-03,2.679013e-03
1.182803e-02,3.346825e-03,4.407730e-04,2.724414e-03,1.364000e-03,2.941169e-02,3.326478e-04,1.296763e-01,8.802062e-02,4.938183e-04,2.823633e-02,6.610585e-01,3.886697e-02,1.845555e-03,2.353439e-03
8.424279e-03,3.837825e-03,3.994280e-04,6.493607e-03,1.270548e-03,2.111451e-02,2.564181e-04,9.086129e-02,1.685054e-01,5.905753e-04,3.314272e-02,6.303408e-01,3.094548e-02,1.426034e-03,2.391141e-03
6.177440e-03,4.031378e-03,3.433400e-04,5.811898e-03,1.219582e-03,1.579241e-02,2.073899e-04,6.387143e-02,1.819275e-01,6.055821e-04,3.032974e-02,6.623616e-01,2.417928e-02,1.219545e-03,1.921888e-03
4.469973e-03,3.426597e-03,2.850688e-04,4.581733e-03,9.860834e-04,1.183761e-02,1.521020e-04,4.481118e-02,1.438422e-01,5.592442e-04,2.412023e-02,7.404261e-01,1.799094e-02,1.023240e-03,1.487686e-03
3.616391e-03,9.902049e-03,4.733441e-04,3.565326e-03,1.683709e-03,8.656068e-03,1.391095e-04,3.153135e-02,2.154038e-01,8.119676e-04,2.513320e-02,6.806512e-01,1.542226e-02,1.511010e-03,1.499128e-03
4.078240e-03,1.386572e-02,8.569409e-04,3.461597e-03,3.000892e-03,6.767549e-03,1.345720e-04,2.274552e-02,2.285808e-01,1.825606e-03,3.347081e-02,6.623258e-01,1.535985e-02,1.957664e-03,1.568392e-03
3.385347e-03,1.882329e-02,1.197605e-03,2.927015e-03,2.510729e-03,5.275114e-03,1.105594e-04,1.641845e-02,2.277885e-01,1.984513e-03,3.241868e-02,6.678905e-01,1.544865e-02,2.232370e-03,1.588651e-03
4.115880e-03,2.587469e-02,1.741275e-03,2.414086e-03,2.882982e-03,4.553831e-03,1.100256e-04,1.191093e-02,2.480855e-01,2.077528e-03,3.172401e-02,6.474143e-01,1.322712e-02,2.290523e-03,1.577274e-03
1.299868e-02,2.857950e-02,3.632694e-03,4.662666e-03,1.103948e-02,6.723655e-03,3.125404e-03,1.161908e-02,3.404043e-01,5.911540e-03,2.877869e-02,5.247601e-01,1.241866e-02,2.771409e-03,2.574071e-03
1.920027e-02,2.855953e-02,1.204216e-02,2.805137e-02,2.517870e-02,1.152121e-02,3.412266e-03,1.249663e-02,3.550922e-01,7.936145e-03,3.717943e-02,4.410368e-01,1.177088e-02,2.565871e-03,3.956582e-03
2.240652e-02,2.424739e-02,1.029074e-02,3.163744e-02,2.409422e-02,1.365676e-02,3.605370e-03,9.589429e-03,3.662249e-01,6.623399e-03,3.487104e-02,4.309267e-01,1.624604e-02,2.015793e-03,3.564167e-03
3.792777e-02,2.598292e-02,1.081389e-02,3.179346e-02,2.290661e-02,1.223530e-02,3.006675e-03,2.048999e-02,3.760110e-01,6.463001e-03,3.043932e-02,3.780810e-01,3.841639e-02,1.874315e-03,3.558327e-03
5.198758e-02,2.974777e-02,1.362183e-02,2.653987e-02,2.594294e-02,9.797876e-03,2.528338e-03,3.060286e-02,4.316077e-01,5.793277e-03,2.958158e-02,2.973611e-01,3.993403e-02,1.816549e-03,3.136680e-03
5.141675e-02,5.075274e-02,1.786150e-02,2.168421e-02,2.294007e-02,8.644374e-03,1.974006e-03,3.185369e-02,4.580287e-01,1.222944e-02,2.747811e-02,2.456790e-01,4.050452e-02,3.668024e-03,5.284750e-03
4.016107e-02,6.057626e-02,1.547373e-02,1.615045e-02,2.008256e-02,7.855736e-03,1.659686e-03,3.423645e-02,5.367873e-01,9.763515e-03,2.511908e-02,1.933322e-01,3.127375e-02,2.912216e-03,4.615912e-03
3.299942e-02,6.437514e-02,1.679765e-02,1.315750e-02,2.171163e-02,6.770917e-03,1.563518e-03,4.947622e-02,5.730070e-01,8.292170e-03,2.968123e-02,1.490564e-01,2.656345e-02,2.522143e-03,4.025544e-03
2.834908e-02,8.245488e-02,1.437992e-02,1.135158e-02,2.580601e-02,7.526407e-03,1.243406e-03,9.133585e-02,5.555200e-01,6.953589e-03,3.138662e-02,1.136337e-01,2.378309e-02,2.818766e-03,3.457091e-03
2.205966e-02,7.239972e-02,1.063186e-02,8.798183e-03,3.042806e-02,7.874395e-03,9.536238e-04,8.738513e-02,6.120793e-01,5.642403e-03,3.324407e-02,8.466390e-02,1.876689e-02,2.520628e-03,2.552156e-03
2.183312e-02,6.066716e-02,1.018474e-02,1.277348e-02,4.092965e-02,7.068549e-03,7.639619e-04,1.876567e-01,5.481447e-01,4.866327e-03,2.542818e-02,6.178216e-02,1.371520e-02,2.275203e-03,1.910796e-03
2.958392e-02,5.426258e-02,8.943513e-03,1.629256e-02,3.571633e-02,7.159968e-03,6.247927e-04,1.745341e-01,5.782085e-01,8.451564e-03,2.616236e-02,4.470532e-02,1.016220e-02,3.520130e-03,1.672247e-03
3.245660e-02,4.186612e-02,8.282304e-03,4.444012e-02,3.610799e-02,6.819091e-03,5.777611e-04,1.991474e-01,5.525769e-01,6.238262e-03,2.470068e-02,3.475234e-02,7.862284e-03,2.600450e-03,1.571701e-03
4.959293e-02,3.965829e-02,8.527619e-03,6.134462e-02,3.307754e-02,6.106607e-03,5.702062e-04,2.496143e-01,4.799772e-01,4.565896e-03,2.969007e-02,2.732892e-02,6.423273e-03,2.042943e-03,1.479678e-03
6.325708e-02,3.094472e-02,9.349088e-03,5.133836e-02,4.096562e-02,4.824688e-03,7.350900e-04,3.687377e-01,3.724418e-01,3.296101e-03,2.508880e-02,2.097700e-02,5.198150e-03,1.618802e-03,1.227066e-03
1.234927e-01,3.668614e-02,1.005251e-02,4.528987e-02,4.558421e-02,6.691910e-03,1.284935e-03,3.856299e-01,2.884211e-01,2.726212e-03,2.670585e-02,1.841483e-02,4.682460e-03,1.758641e-03,2.578712e-03
1.560353e-01,3.177668e-02,9.665862e-03,4.483780e-02,4.122795e-02,7.241572e-03,1.384360e-03,4.422749e-01,2.098921e-01,2.660649e-03,2.806865e-02,1.498671e-02,4.245054e-03,1.956434e-03,3.745955e-03
1.730908e-01,3.096593e-02,1.059347e-02,4.592662e-02,3.646818e-02,7.903179e-03,1.779361e-03,4.875231e-01,1.557432e-01,2.645656e-03,2.335797e-02,1.235413e-02,4.112705e-03,2.403833e-03,5.131937e-03
1.676715e-01,2.377463e-02,9.523804e-03,3.576953e-02,2.890756e-02,8.022713e-03,2.435196e-03,5.658721e-01,1.176218e-01,2.910366e-03,1.785394e-02,9.456867e-03,3.482184e-03,2.202669e-03,4.495071e-03
1.517884e-01,1.733243e-02,8.479089e-03,2.672178e-02,2.240268e-02,9.939065e-03,2.855037e-03,6.406411e-01,8.669949e-02,2.872770e-03,1.324139e-02,7.598593e-03,2.959399e-03,1.978732e-03,4.489981e-03
1.151661e-01,1.263890e-02,6.646164e-03,1.957630e-02,1.624711e-02,8.071872e-03,2.264103e-03,7.305857e-01,6.315760e-02,2.125971e-03,9.745872e-03,5.920346e-03,2.347913e-03,1.762895e-03,3.742999e-03
8.599987e-02,9.159291e-03,5.310900e-03,1.476648e-02,1.177340e-02,6.515063e-03,1.740104e-03,7.999799e-01,4.513730e-02,1.569348e-03,7.006101e-03,4.430636e-03,1.853420e-03,1.384446e-03,3.373701e-03
6.280270e-02,6.569022e-03,4.158643e-03,1.213996e-02,8.584165e-03,4.860592e-03,1.331428e-03,8.530156e-01,3.198601e-02,1.171460e-03,4.982193e-03,3.272056e-03,1.378764e-03,1.014598e-03,2.732742e-03
7.731970e-02,5.741451e-03,4.539739e-03,9.735740e-03,6.563982e-03,7.310941e-03,1.097996e-03,8.174444e-01,3.415072e-02,3.164256e-03,5.715810e-03,5.443434e-03,1.803960e-03,1.918767e-03,1.804907e-02
9.617963e-02,4.761075e-03,4.468217e-03,7.825540e-03,4.938728e-03,1.041353e-02,1.006253e-03,7.603146e-01,4.983633e-02,5.211917e-03,6.863268e-03,6.382495e-03,2.157534e-03,4.477418e-03,3.516341e-02
9.445170e-02,3.811730e-03,9.874710e-03,8.026672e-03,4.113014e-03,9.209062e-03,1.053121e-03,6.487707e-01,1.441227e-01,7.186752e-03,1.155702e-02,6.800841e-03,3.294352e-03,7.123866e-03,4.060377e-02
1.292495e-01,3.217330e-03,1.137060e-02,6.398703e-03,5.366222e-03,9.667022e-03,1.116744e-03,5.252945e-01,2.142720e-01,7.205007e-03,2.607166e-02,6.750762e-03,5.362854e-03,1.350320e-02,3.515392e-02
1.075679e-01,2.461721e-03,8.883234e-03,4.771544e-03,4.509405e-03,8.642994e-03,9.018200e-04,3.760483e-01,3.876389e-01,5.810384e-03,3.022400e-02,5.534410e-03,5.869644e-03,1.685411e-02,3.428166e-02
8.339987e-02,1.947465e-03,6.503869e-03,3.474883e-03,3.585198e-03,8.761628e-03,6.946301e-04,2.642239e-01,5.113599e-01,4.418113e-03,3.156449e-02,4.638096e-03,7.650065e-03,3.232460e-02,3.545326e-02
8.471496e-02,1.999419e-03,4.806999e-03,2.647299e-03,3.365405e-03,1.223127e-02,6.579188e-04,1.866276e-01,5.425193e-01,3.634596e-03,3.352875e-02,5.550700e-03,1.243466e-02,4.897056e-02,5.631055e-02
7.686046e-02,1.744496e-03,3.577569e-03,2.667451e-03,3.126570e-03,1.015937e-02,5.635012e-04,1.314573e-01,6.450211e-01,2.850801e-03,2.620107e-02,6.263509e-03,1.120463e-02,3.620725e-02,4.209488e-02
9.705272e-02,1.648542e-03,2.563865e-03,2.196013e-03,3.138390e-03,9.170894e-03,5.113538e-04,9.227263e-02,6.864201e-01,2.324630e-03,2.184992e-02,5.093582e-03,1.016144e-02,2.918904e-02,3.640677e-02
1.168453e-01,1.964175e-03,2.212293e-03,6.772554e-03,5.422552e-03,7.485495e-03,4.970864e-04,6.501728e-02,7.052333e-01,1.979057e-03,1.987481e-02,6.897775e-03,1.094695e-02,2.156040e-02,2.729092e-02
1.742880e-01,4.941083e-03,2.738317e-03,7.591462e-03,6.954242e-03,8.033764e-03,7.630894e-04,4.612233e-02,6.193339e-01,2.930074e-03,2.965106e-02,1.246744e-02,2.531178e-02,2.470223e-02,3.417125e-02
1.269632e-01,6.683097e-03,3.354576e-03,5.683144e-03,6.079672e-03,6.345121e-03,6.117116e-04,3.234795e-02,5.806366e-01,4.514612e-03,2.929793e-02,8.966577e-03,1.880327e-02,8.736800e-02,8.234458e-02
8.951981e-02,5.210027e-03,3.477088e-03,4.066744e-03,5.074953e-03,4.583760e-03,4.492559e-04,2.269733e-02,5.249189e-01,6.291514e-03,5.093928e-02,6.499799e-03,1.563467e-02,1.766789e-01,8.395796e-02
6.930559e-02,5.067422e-03,1.193042e-02,6.351360e-03,1.247147e-02,4.306254e-03,3.728725e-04,1.831575e-02,5.748298e-01,8.611338e-03,5.382397e-02,5.311193e-03,1.503376e-02,1.436513e-01,7.061753e-02
5.399075e-02,6.331125e-03,1.570561e-02,5.660516e-03,1.545708e-02,6.209347e-03,3.813989e-04,1.301383e-02,5.520754e-01,8.892525e-03,6.072349e-02,4.062365e-03,1.173698e-02,1.711932e-01,7.456644e-02
5.066802e-02,8.026929e-03,2.694127e-02,3.897953e-02,1.955653e-02,8.461623e-03,3.992611e-04,1.056961e-02,5.588825e-01,7.720601e-03,4.848163e-02,3.260741e-03,8.841970e-03,1.328766e-01,7.633315e-02
7.073359e-02,9.066041e-03,4.882882e-02,6.508356e-02,2.550922e-02,1.126895e-02,4.537135e-04,8.105342e-03,4.752011e-01,9.116312e-03,4.262090e-02,2.598820e-03,6.852903e-03,1.153618e-01,1.091990e-01
5.850472e-02,9.422446e-03,1.002292e-01,5.308507e-02,2.052351e-02,8.496867e-03,3.588705e-04,5.755789e-03,4.557896e-01,1.227513e-02,3.675671e-02,1.989221e-03,5.172122e-03,8.974906e-02,1.418917e-01
8.359021e-02,1.365243e-02,8.029605e-02,5.606775e-02,2.478268e-02,7.967069e-03,4.870366e-04,1.064807e-02,4.919078e-01,1.214504e-02,2.976163e-02,2.000198e-03,4.791041e-03,6.865603e-02,1.132469e-01
9.452923e-02,1.427772e-02,6.007500e-02,5.204017e-02,2.507185e-02,7.850023e-03,5.120629e-04,1.294345e-02,5.398715e-01,1.253440e-02,2.407668e-02,1.749514e-03,4.778596e-03,5.227852e-02,9.741132e-02
1.419409e-01,1.377028e-02,4.661815e-02,5.300911e-02,5.605074e-02,7.873490e-03,8.683101e-04,3.181964e-02,4.933266e-01,1.021413e-02,1.948616e-02,1.866139e-03,4.460789e-03,4.811191e-02,7.058363e-02
1.536305e-01,1.340165e-02,3.869116e-02,4.682682e-02,7.354327e-02,7.195772e-03,9.335983e-04,5.236814e-02,4.857116e-01,1.020027e-02,1.536611e-02,1.672287e-03,3.656443e-03,4.266302e-02,5.413932e-02
2.253867e-01,1.439414e-02,3.065955e-02,4.071889e-02,7.050353e-02,7.824800e-03,1.017935e-03,7.578807e-02,4.295253e-01,9.202570e-03,1.233383e-02,2.296813e-03,3.292533e-03,3.470556e-02,4.234968e-02
2.620049e-01,1.802014e-02,2.534481e-02,3.241750e-02,7.450204e-02,9.555541e-03,9.867965e-04,7.698362e-02,4.031537e-01,7.919449e-03,1.020958e-02,3.810490e-03,3.621257e-03,3.911348e-02,3.235660e-02
2.687813e-01,1.659863e-02,2.237284e-02,2.534221e-02,6.428601e-02,1.148492e-02,9.307673e-04,7.976271e-02,4.227062e-01,7.064385e-03,8.989936e-03,5.560808e-03,4.076963e-03,3.693655e-02,2.510569e-02
3.318129e-01,1.541134e-02,2.335337e-02,2.187537e-02,5.016729e-02,1.322461e-02,9.955381e-04,6.181959e-02,4.013403e-01,6.386842e-03,7.706401e-03,9.301928e-03,4.686845e-03,3.153611e-02,2.038160e-02
3.582397e-01,1.504131e-02,3.167769e-02,2.250380e-02,4.052397e-02,1.380629e-02,1.102062e-03,4.903548e-02,3.930586e-01,6.771551e-03,6.557268e-03,1.312559e-02,6.106751e-03,2.535591e-02,1.709408e-02
3.823620e-01,1.297985e-02,5.588488e-02,2.566526e-02,3.172198e-02,1.457580e-02,1.442472e-03,4.009877e-02,3.614511e-01,7.008807e-03,6.283859e-03,1.622028e-02,6.342067e-03,2.175658e-02,1.620630e-02
4.509749e-01,1.176009e-02,5.868210e-02,2.621724e-02,2.647522e-02,1.349896e-02,1.672719e-03,4.032104e-02,3.011967e-01,6.016204e-03,6.191263e-03,1.545690e-02,6.002588e-03,2.116872e-02,1.436535e-02
4.675266e-01,1.070193e-02,7.876605e-02,4.646045e-02,2.319989e-02,1.287458e-02,1.749261e-03,6.014501e-02,2.364845e-01,6.197368e-03,5.542837e-03,1.408344e-02,5.254557e-03,1.729002e-02,1.372361e-02
4.450637e-01,9.131566e-03,1.524573e-01,5.434553e-02,1.709606e-02,1.153608e-02,1.461451e-03,5.245440e-02,1.746507e-01,2.475404e-02,8.848635e-03,1.319343e-02,5.237361e-03,1.599476e-02,1.377501e-02
3.840561e-01,8.856708e-03,1.882909e-01,4.751299e-02,1.242524e-02,1.133342e-02,1.155394e-03,3.931497e-02,1.584415e-01,3.884684e-02,5.084457e-02,1.179621e-02,8.654462e-03,2.460600e-02,1.386470e-02
2.898132e-01,1.651171e-02,1.461176e-01,8.356524e-02,1.191526e-02,1.079571e-02,1.166141e-03,3.003252e-02,1.395985e-01,3.728012e-02,1.520643e-01,1.258839e-02,9.623796e-03,4.522507e-02,1.370250e-02
2.037402e-01,1.291644e-02,1.032129e-01,6.013120e-02,8.438464e-03,8.629951e-03,8.468823e-04,2.109748e-02,9.925735e-02,2.642754e-02,3.907367e-01,1.006575e-02,7.352885e-03,3.731585e-02,9.830413e-03
1.436697e-01,1.173868e-02,7.293028e-02,4.261841e-02,6.083805e-03,6.834607e-03,6.607812e-04,1.488843e-02,7.591294e-02,1.900472e-02,5.391649e-01,1.202759e-02,5.982709e-03,4.133181e-02,7.150671e-03
1.009344e-01,9.302459e-03,5.124826e-02,3.106192e-02,4.387418e-03,8.036247e-03,5.043608e-04,1.048886e-02,5.728825e-02,1.355489e-02,6.620629e-01,1.025482e-02,4.604338e-03,3.086238e-02,5.408477e-03
7.077432e-02,7.675245e-03,3.591034e-02,2.206786e-02,3.151541e-03,6.063996e-03,3.711439e-04,7.358830e-03,4.686194e-02,9.885063e-03,7.434033e-01,1.007306e-02,3.435421e-03,2.902022e-02,3.947770e-03
4.968214e-02,6.782711e-03,2.523428e-02,1.554411e-02,2.371659e-03,5.149345e-03,2.767109e-04,5.173925e-03,4.938979e-02,7.702671e-03,7.467567e-01,1.474400e-02,2.508708e-03,6.582937e-02,2.853897e-03
3.518271e-02,7.079887e-03,1.770636e-02,1.098678e-02,1.912058e-03,8.940720e-03,2.078675e-04,3.637538e-03,7.072312e-02,8.305356e-03,7.376007e-01,1.334171e-02,2.079151e-03,8.006145e-02,2.234517e-03
2.484389e-02,6.598245e-03,1.241131e-02,7.898140e-03,1.580088e-03,1.239340e-02,1.555569e-04,2.562428e-03,7.454021e-02,8.224839e-03,7.442791e-01,1.233975e-02,2.102579e-03,8.829749e-02,1.772919e-03
1.762331e-02,1.090805e-02,8.740751e-03,5.636942e-03,1.502921e-03,1.673242e-02,1.241163e-04,1.815593e-03,1.100038e-01,8.554607e-03,7.051201e-01,1.274480e-02,1.891892e-03,9.718215e-02,1.418523e-03
1.295945e-02,1.405071e-02,6.351436e-03,4.306607e-03,1.939580e-03,2.678631e-02,1.202843e-04,1.366924e-03,1.380923e-01,8.456847e-03,6.186901e-01,1.272862e-02,1.944093e-03,1.506784e-01,1.528342e-03
9.735537e-03,2.335124e-02,4.748032e-03,4.019966e-03,3.047614e-03,4.069082e-02,1.338105e-04,1.105554e-03,1.726264e-01,9.659263e-03,5.466855e-01,1.281227e-02,2.175968e-03,1.673514e-01,1.856687e-03
7.709840e-03,4.330556e-02,3.869507e-03,4.754681e-03,5.198661e-03,3.546244e-02,1.326017e-04,1.005232e-03,2.307675e-01,1.092790e-02,4.690196e-01,1.068353e-02,2.277942e-03,1.722970e-01,2.588018e-03
6.176830e-03,5.167450e-02,3.010547e-03,5.198086e-03,4.443033e-03,3.224241e-02,1.129613e-04,8.290792e-04,2.035826e-01,1.364770e-02,4.374924e-01,1.009531e-02,4.208370e-03,2.237905e-01,3.495790e-03
5.496292e-03,4.438756e-02,2.394274e-03,5.666338e-03,6.097346e-03,2.895858e-02,2.118507e-04,1.164118e-03,2.102126e-01,1.353027e-02,4.555258e-01,9.020590e-03,7.828224e-03,2.051101e-01,4.396135e-03
4.792502e-03,3.634569e-02,1.905896e-03,5.240172e-03,5.860924e-03,3.851441e-02,3.575875e-04,1.597702e-03,3.093016e-01,1.124953e-02,3.635248e-01,8.060579e-03,9.625903e-03,2.000779e-01,3.544730e-03
6.248891e-03,3.212536e-02,1.675614e-03,6.291336e-03,5.510491e-03,5.666252e-02,4.010031e-04,3.657376e-03,3.551891e-01,1.188245e-02,3.269106e-01,1.023443e-02,1.568545e-02,1.641735e-01,3.351884e-03
1.068084e-02,6.255011e-02,2.913606e-03,5.854064e-03,5.717695e-03,7.209845e-02,3.584312e-04,9.642390e-03,4.401201e-01,8.635569e-03,2.413619e-01,7.680816e-03,1.210132e-02,1.175055e-01,2.779164e-03
1.457132e-02,6.806625e-02,5.086234e-03,5.581968e-03,7.745151e-03,1.072849e-01,4.266743e-04,1.934130e-02,4.896826e-01,6.210555e-03,1.755677e-01,5.585434e-03,9.044616e-03,8.361527e-02,2.190030e-03
2.058927e-02,7.266107e-02,5.352234e-03,1.334545e-02,9.414701e-03,9.620577e-02,4.016016e-04,4.915648e-02,5.312112e-01,4.512004e-03,1.249094e-01,4.168049e-03,6.574832e-03,5.915394e-02,2.344042e-03
2.357558e-02,7.206329e-02,4.480333e-03,1.394825e-02,1.015447e-02,9.270841e-02,3.954088e-04,9.185766e-02,5.466139e-01,3.206878e-03,8.930697e-02,3.255597e-03,4.785153e-03,4.175119e-02,1.896913e-03
2.666870e-02,7.598452e-02,3.863025e-03,1.546679e-02,2.219141e-02,7.880621e-02,3.721007e-04,1.161919e-01,5.572151e-01,2.348167e-03,6.392343e-02,2.393925e-03,3.448068e-03,2.951168e-02,1.615055e-03
3.728807e-02,6.185572e-02,3.605718e-03,3.051702e-02,2.873046e-02,5.840074e-02,3.804968e-04,1.722294e-01,5.327788e-01,1.844618e-03,4.571325e-02,1.867832e-03,2.508765e-03,2.096002e-02,1.319210e-03
4.383330e-02,5.000396e-02,3.936907e-03,3.572754e-02,4.867488e-02,4.320499e-02,6.744782e-04,2.240431e-01,4.966683e-01,1.408498e-03,3.265104e-02,1.454012e-03,1.833868e-03,1.486232e-02,1.022753e-03
6.620806e-02,1.432965e-01,1.051346e-02,3.548753e-02,6.074915e-02,3.442733e-02,6.815845e-04,1.828797e-01,4.257790e-01,1.257287e-03,2.369179e-02,1.296152e-03,1.427007e-03,1.118149e-02,1.124043e-03
1.061796e-01,1.380987e-01,9.083927e-03,4.648045e-02,8.419850e-02,2.644546e-02,1.213059e-03,1.585990e-01,3.958462e-01,1.080137e-03,1.852524e-02,2.761891e-03,1.704298e-03,8.448292e-03,1.335301e-03
1.947490e-01,1.121090e-01,9.074632e-03,4.179306e-02,8.229180e-02,2.100588e-02,1.881048e-03,1.226468e-01,3.852836e-01,1.744149e-03,1.461501e-02,3.517451e-03,1.747016e-03,6.125464e-03,1.415959e-03
1.871177e-01,7.980937e-02,8.433644e-03,5.908582e-02,1.973481e-01,1.641818e-02,1.761816e-03,1.493871e-01,2.762592e-01,1.372273e-03,1.250017e-02,3.168435e-03,1.807677e-03,4.421933e-03,1.108672e-03
2.351833e-01,5.706764e-02,8.957559e-03,5.672197e-02,2.906586e-01,1.558238e-02,1.895823e-03,1.118622e-01,1.976679e-01,1.655684e-03,1.209529e-02,3.475854e-03,2.458396e-03,3.508243e-03,1.209127e-03
3.768473e-01,4.278119e-02,8.608399e-03,4.951785e-02,2.369125e-01,1.474181e-02,2.615867e-03,8.433230e-02,1.433006e-01,5.582631e-03,1.326022e-02,6.743337e-03,6.551663e-03,3.337845e-03,4.866381e-03
1.000000e+00,0.000000e+00,0.000000e+00,0.000000e+00,0.000000e+00,0.000000e+00,0.000000e+00,0.000000e+00,0.000000e+00,0.000000e+00,0.000000e+00,0.000000e+00,0.000000e+00,0.000000e+00,0.000000e+00
1.000000e+00,0.000000e+00,0.000000e+00,0.000000e+00,0.000000e+00,0.000000e+00,0.000000e+00,0.000000e+00,0.000000e+00,0.000000e+00,0.000000e+00,0.000000e+00,0.000000e+00,0.000000e+00,0.000000e+00
1.000000e+00,0.000000e+00,0.000000e+00,0.000000e+00,0.000000e+00,0.000000e+00,0.000000e+00,0.000000e+00,0.000000e+00,0.000000e+00,0.000000e+00,0.000000e+00,0.000000e+00,0.000000e+00,0.000000e+00
1.000000e+00,0.000000e+00,0.000000e+00,0.000000e+00,0.000000e+00,0.000000e+00,0.000000e+00,0.000000e+00,0.000000e+00,0.000000e+00,0.000000e+00,0.000000e+00,0.000000e+00,0.000000e+00,0.000000e+00
1.000000e+00,0.000000e+00,0.000000e+00,0.000000e+00,0.000000e+00,0.000000e+00,0.000000e+00,0.000000e+00,0.000000e+00,0.000000e+00,0.000000e+00,0.000000e+00,0.000000e+00,0.000000e+00,0.000000e+00
1.000000e+00,0.000000e+00,0.000000e+00,0.000000e+00,0.000000e+00,0.000000e+00,0.000000e+00,0.000000e+00,0.000000e+00,0.000000e+00,0.000000e+00,0.000000e+00,0.000000e+00,0.000000e+00,0.000000e+00
4.432887e-01,9.057402e-03,1.907644e-03,1.172973e-02,2.822884e-02,2.340026e-02,1.725523e-03,9.179237e-03,1.779356e-02,1.100381e-03,5.296070e-03,2.425790e-02,4.169447e-01,9.747784e-04,5.115254e-03
3.305026e-01,7.004035e-03,1.575743e-03,8.557293e-03,2.110323e-02,1.714557e-02,1.353045e-03,6.801790e-03,1.475726e-02,7.904177e-04,4.549579e-03,3.085734e-02,5.502764e-01,7.533710e-04,3.972332e-03
2.502182e-01,5.205872e-03,1.272003e-03,6.370125e-03,1.586016e-02,1.353507e-02,1.127282e-03,5.033850e-03,1.201181e-02,5.622642e-04,4.031068e-03,2.841051e-02,6.527455e-01,6.164546e-04,2.999790e-03
1.913715e-01,4.505183e-03,1.178293e-03,4.756835e-03,1.428409e-02,1.080633e-02,1.012640e-03,3.855003e-03,1.371367e-02,4.010631e-04,3.182651e-03,2.241059e-02,7.257538e-01,5.732954e-04,2.195070e-03
1.457158e-01,3.886185e-03,1.216867e-03,3.500338e-03,1.323618e-02,1.448643e-02,1.159343e-03,3.093098e-03,1.316021e-02,2.848700e-04,2.542054e-03,1.933791e-02,7.762914e-01,4.887734e-04,1.600508e-03
1.050987e-01,3.134319e-03,1.304815e-03,2.489633e-03,1.368651e-02,4.437990e-02,3.042608e-03,2.869460e-03,1.187146e-02,2.085408e-04,2.003046e-03,1.563537e-02,7.926157e-01,4.463869e-04,1.213490e-03
7.723887e-02,2.529489e-03,1.443305e-03,1.850447e-03,1.187128e-02,4.850987e-02,2.571624e-03,3.029717e-03,1.011733e-02,1.514599e-04,1.545321e-03,1.143964e-02,8.264703e-01,3.448503e-04,8.864578e-04
5.895746e-02,1.853927e-03,1.355500e-03,1.406351e-03,1.274972e-02,5.324981e-02,2.089714e-03,2.718851e-03,7.900815e-03,1.148930e-04,1.298569e-03,8.941649e-03,8.464144e-01,2.759566e-04,6.723030e-04
4.592810e-02,6.448682e-03,1.547407e-03,1.312903e-03,1.181150e-02,4.280308e-02,1.794539e-03,2.608790e-03,4.835851e-02,9.709406e-05,1.251215e-03,7.392960e-03,8.277787e-01,2.438829e-04,6.226169e-04
3.846350e-02,5.892781e-03,2.739075e-03,1.392138e-03,1.266355e-02,3.293422e-02,1.808817e-03,3.570820e-03,4.786932e-02,7.657288e-05,1.158703e-03,6.278325e-03,8.444616e-01,2.142712e-04,4.763435e-04
3.935935e-02,1.651041e-02,4.788221e-03,1.950545e-03,1.318036e-02,3.586637e-02,1.651210e-03,4.009108e-03,1.169811e-01,1.281527e-04,1.206144e-03,5.014827e-03,7.582172e-01,2.657599e-04,8.711680e-04
4.440142e-02,1.467248e-02,5.642326e-03,2.776240e-03,1.775420e-02,3.906156e-02,2.102414e-03,5.211899e-03,1.056215e-01,1.513936e-04,1.136099e-03,3.754444e-03,7.562821e-01,3.031170e-04,1.128929e-03
4.372297e-02,1.185312e-02,4.401405e-03,2.280795e-03,2.003542e-02,3.923877e-02,2.637950e-03,4.593610e-03,8.447500e-02,1.265954e-04,9.127212e-04,2.850814e-03,7.816395e-01,2.605763e-04,9.708463e-04
4.628609e-02,9.197008e-03,3.523380e-03,3.693656e-03,1.992782e-02,6.418679e-02,2.924735e-03,7.448600e-03,7.807501e-02,1.155251e-04,8.702727e-04,2.474829e-03,7.597958e-01,2.621131e-04,1.218421e-03
6.802675e-02,9.147980e-03,3.699032e-03,1.812891e-02,1.849050e-02,7.029107e-02,2.758450e-03,1.692627e-02,7.119923e-02,2.973833e-04,1.116974e-03,2.789035e-03,7.110659e-01,3.153163e-04,5.747163e-03
8.503984e-02,8.752069e-03,9.480231e-03,4.540561e-02,7.818508e-02,8.620107e-02,1.277509e-02,1.955369e-02,7.160526e-02,2.922632e-04,1.222458e-03,2.823519e-03,5.740078e-01,2.914388e-04,4.364612e-03
6.254411e-02,6.204092e-03,6.796926e-03,3.226766e-02,2.857601e-01,6.067022e-02,1.179438e-02,7.347530e-02,5.046038e-02,2.059578e-04,1.016226e-03,1.990410e-03,4.035161e-01,2.165549e-04,3.081593e-03
5.237809e-02,4.583026e-03,5.396253e-03,2.300764e-02,3.673910e-01,4.279281e-02,1.052486e-02,1.696563e-01,3.543836e-02,1.475540e-04,1.443564e-03,1.423415e-03,2.834056e-01,1.682962e-04,2.243315e-03
3.967743e-02,3.215051e-03,3.798571e-03,1.612024e-02,5.246779e-01,3.017727e-02,7.810675e-03,1.219009e-01,2.483707e-02,1.362466e-04,2.387794e-02,1.236448e-03,1.990727e-01,1.452934e-04,3.316321e-03
3.141656e-02,2.265695e-03,2.670537e-03,1.130784e-02,6.296213e-01,2.143561e-02,5.540094e-03,8.615829e-02,1.740148e-02,1.458244e-04,4.373386e-02,1.087442e-03,1.397614e-01,1.363816e-04,7.317693e-03
3.767034e-02,1.597108e-03,1.885192e-03,8.010779e-03,7.150557e-01,1.534330e-02,3.964994e-03,6.048422e-02,1.225495e-02,1.233513e-04,3.610238e-02,1.049485e-03,9.808969e-02,1.907948e-04,8.177712e-03
3.948954e-02,1.124630e-03,1.332219e-03,5.768724e-03,7.809851e-01,1.178978e-02,2.802017e-03,4.263998e-02,8.626942e-03,9.328638e-05,2.861800e-02,9.471537e-04,6.881234e-02,2.367616e-04,6.733514e-03
4.522752e-02,8.185835e-04,9.631149e-04,4.232451e-03,8.203396e-01,1.128021e-02,2.045485e-03,3.025629e-02,6.116333e-03,7.117322e-05,2.371418e-02,1.055762e-03,4.841089e-02,3.225073e-04,5.145928e-03
7.243316e-02,7.209431e-04,7.394572e-04,3.411631e-03,8.080909e-01,2.585913e-02,1.840548e-03,2.160850e-02,4.363958e-03,6.820454e-05,1.966123e-02,2.216833e-03,3.441748e-02,6.492324e-04,3.918860e-03
9.362623e-02,6.903425e-04,6.571635e-04,2.867207e-03,7.974661e-01,3.684116e-02,1.595293e-03,1.597453e-02,3.119488e-03,6.628434e-05,1.635307e-02,2.395128e-03,2.443175e-02,7.965007e-04,3.119718e-03
8.191884e-02,1.375046e-03,1.439956e-03,3.848286e-03,6.549223e-01,1.697089e-01,1.355388e-03,1.196336e-02,2.402140e-03,4.241859e-04,3.636608e-02,9.800634e-03,1.861413e-02,1.910000e-03,3.950712e-03
6.086048e-02,5.075839e-03,1.464686e-03,9.722400e-03,4.719709e-01,3.011124e-01,1.447664e-03,8.636473e-03,2.984155e-03,8.747869e-04,8.135303e-02,3.257513e-02,1.489632e-02,1.993555e-03,5.032185e-03
4.678084e-02,1.005424e-02,3.317671e-03,3.079516e-02,3.356236e-01,3.618234e-01,2.229277e-03,6.305909e-03,3.855234e-03,1.728290e-03,1.303561e-01,4.638112e-02,1.274462e-02,1.638012e-03,6.366405e-03
3.387515e-02,1.484021e-02,3.777022e-03,2.627796e-02,2.362212e-01,3.463099e-01,2.241651e-03,4.608968e-03,5.310334e-03,3.224538e-03,1.663689e-01,1.366332e-01,1.140424e-02,1.418086e-03,7.488537e-03
2.469720e-02,1.236455e-02,3.292037e-03,1.870489e-02,1.655951e-01,3.313983e-01,1.668453e-03,3.284352e-03,4.551411e-03,2.702687e-03,1.870325e-01,2.245612e-01,1.299069e-02,1.255839e-03,5.900724e-03
1.770782e-02,1.017299e-02,2.784572e-03,1.319946e-02,1.160977e-01,2.372411e-01,1.187434e-03,2.352613e-03,5.039543e-03,2.279605e-03,2.785330e-01,2.953649e-01,1.225815e-02,1.265180e-03,4.515857e-03
1.246498e-02,8.538376e-03,2.403112e-03,9.267770e-03,8.137625e-02,1.665069e-01,8.477422e-04,1.714566e-03,4.521303e-03,1.753932e-03,4.154286e-01,2.815468e-01,9.070753e-03,1.329720e-03,3.229150e-03
8.807418e-03,8.812115e-03,2.585073e-03,6.554890e-03,5.724098e-02,1.167929e-01,6.140198e-04,1.325783e-03,6.192661e-03,1.438475e-03,4.768447e-01,3.024107e-01,6.764462e-03,1.298774e-03,2.317017e-03
7.341787e-03,4.107827e-02,6.140538e-03,5.735284e-03,5.099104e-02,8.418202e-02,1.043784e-03,3.686665e-03,9.758053e-03,1.245732e-03,5.055398e-01,2.750702e-01,5.031813e-03,1.481534e-03,1.673485e-03
6.692401e-03,8.696721e-02,1.286136e-02,6.040710e-03,5.228690e-02,6.084934e-02,1.429052e-03,9.677140e-03,1.749532e-02,1.192327e-03,4.946561e-01,2.421657e-01,3.993004e-03,2.449976e-03,1.243442e-03
1.211869e-02,9.401558e-02,5.924815e-02,1.457456e-02,6.364471e-02,4.541997e-02,2.587026e-03,8.047520e-02,1.729736e-02,1.162935e-03,3.801727e-01,2.219373e-01,3.510760e-03,2.828854e-03,1.006274e-03
1.611863e-02,9.486107e-02,1.297937e-01,2.145484e-02,7.303420e-02,3.670547e-02,5.074898e-03,1.343603e-01,1.991244e-02,1.580601e-03,2.846462e-01,1.747076e-01,3.514250e-03,3.220296e-03,1.015668e-03
2.089015e-02,1.180766e-01,1.476217e-01,2.246616e-02,6.735390e-02,3.153854e-02,6.438073e-03,1.337582e-01,2.170346e-02,1.906241e-03,2.645286e-01,1.506790e-01,3.846764e-03,7.808901e-03,1.383793e-03
7.861529e-02,1.204246e-01,1.226041e-01,2.612520e-02,6.789012e-02,3.190753e-02,9.300713e-03,1.094074e-01,2.601341e-02,2.742499e-03,2.405850e-01,1.204540e-01,4.298925e-03,2.965348e-02,9.977780e-03
9.858768e-02,1.091714e-01,1.011863e-01,2.776824e-02,5.983774e-02,2.795166e-02,1.034502e-02,8.735394e-02,2.590427e-02,3.592520e-03,2.715011e-01,9.823715e-02,4.000585e-03,5.870929e-02,1.585306e-02
