1.000000e+00,0.000000e+00,0.000000e+00,0.000000e+00,0.000000e+00,0.000000e+00,0.000000e+00,0.000000e+00,0.000000e+00,0.000000e+00,0.000000e+00,0.000000e+00,0.000000e+00,0.000000e+00,0.000000e+00
1.000000e+00,0.000000e+00,0.000000e+00,0.000000e+00,0.000000e+00,0.000000e+00,0.000000e+00,0.000000e+00,0.000000e+00,0.000000e+00,0.000000e+00,0.000000e+00,0.000000e+00,0.000000e+00,0.000000e+00
1.000000e+00,0.000000e+00,0.000000e+00,0.000000e+00,0.000000e+00,0.000000e+00,0.000000e+00,0.000000e+00,0.000000e+00,0.000000e+00,0.000000e+00,0.000000e+00,0.000000e+00,0.000000e+00,0.000000e+00
1.000000e+00,0.000000e+00,0.000000e+00,0.000000e+00,0.000000e+00,0.000000e+00,0.000000e+00,0.000000e+00,0.000000e+00,0.000000e+00,0.000000e+00,0.000000e+00,0.000000e+00,0.000000e+00,0.000000e+00
1.000000e+00,0.000000e+00,0.000000e+00,0.000000e+00,0.000000e+00,0.000000e+00,0.000000e+00,0.000000e+00,0.000000e+00,0.000000e+00,0.000000e+00,0.000000e+00,0.000000e+00,0.000000e+00,0.000000e+00
1.000000e+00,0.000000e+00,0.000000e+00,0.000000e+00,0.000000e+00,0.000000e+00,0.000000e+00,0.000000e+00,0.000000e+00,0.000000e+00,0.000000e+00,0.000000e+00,0.000000e+00,0.000000e+00,0.000000e+00
1.000000e+00,0.000000e+00,0.000000e+00,0.000000e+00,0.000000e+00,0.000000e+00,0.000000e+00,0.000000e+00,0.000000e+00,0.000000e+00,0.000000e+00,0.000000e+00,0.000000e+00,0.000000e+00,0.000000e+00
1.000000e+00,0.000000e+00,0.000000e+00,0.000000e+00,0.000000e+00,0.000000e+00,0.000000e+00,0.000000e+00,0.000000e+00,0.000000e+00,0.000000e+00,0.000000e+00,0.000000e+00,0.000000e+00,0.000000e+00
1.000000e+00,0.000000e+00,0.000000e+00,0.000000e+00,0.000000e+00,0.000000e+00,0.000000e+00,0.000000e+00,0.000000e+00,0.000000e+00,0.000000e+00,0.000000e+00,0.000000e+00,0.000000e+00,0.000000e+00
1.000000e+00,0.000000e+00,0.000000e+00,0.000000e+00,0.000000e+00,0.000000e+00,0.000000e+00,0.000000e+00,0.000000e+00,0.000000e+00,0.000000e+00,0.000000e+00,0.000000e+00,0.000000e+00,0.000000e+00
1.000000e+00,0.000000e+00,0.000000e+00,0.000000e+00,0.000000e+00,0.000000e+00,0.000000e+00,0.000000e+00,0.000000e+00,0.000000e+00,0.000000e+00,0.000000e+00,0.000000e+00,0.000000e+00,0.000000e+00
1.000000e+00,0.000000e+00,0.000000e+00,0.000000e+00,0.000000e+00,0.000000e+00,0.000000e+00,0.000000e+00,0.000000e+00,0.000000e+00,0.000000e+00,0.000000e+00,0.000000e+00,0.000000e+00,0.000000e+00
1.000000e+00,0.000000e+00,0.000000e+00,0.000000e+00,0.000000e+00,0.000000e+00,0.000000e+00,0.000000e+00,0.000000e+00,0.000000e+00,0.000000e+00,0.000000e+00,0.000000e+00,0.000000e+00,0.000000e+00
1.000000e+00,0.000000e+00,0.000000e+00,0.000000e+00,0.000000e+00,0.000000e+00,0.000000e+00,0.000000e+00,0.000000e+00,0.000000e+00,0.000000e+00,0.000000e+00,0.000000e+00,0.000000e+00,0.000000e+00
1.000000e+00,0.000000e+00,0.000000e+00,0.000000e+00,0.000000e+00,0.000000e+00,0.000000e+00,0.000000e+00,0.000000e+00,0.000000e+00,0.000000e+00,0.000000e+00,0.000000e+00,0.000000e+00,0.000000e+00
1.000000e+00,0.000000e+00,0.000000e+00,0.000000e+00,0.000000e+00,0.000000e+00,0.000000e+00,0.000000e+00,0.000000e+00,0.000000e+00,0.000000e+00,0.000000e+00,0.000000e+00,0.000000e+00,0.000000e+00
1.000000e+00,0.000000e+00,0.000000e+00,0.000000e+00,0.000000e+00,0.000000e+00,0.000000e+00,0.000000e+00,0.000000e+00,0.000000e+00,0.000000e+00,0.000000e+00,0.000000e+00,0.000000e+00,0.000000e+00
1.000000e+00,0.000000e+00,0.000000e+00,0.000000e+00,0.000000e+00,0.000000e+00,0.000000e+00,0.000000e+00,0.000000e+00,0.000000e+00,0.000000e+00,0.000000e+00,0.000000e+00,0.000000e+00,0.000000e+00
1.000000e+00,0.000000e+00,0.000000e+00,0.000000e+00,0.000000e+00,0.000000e+00,0.000000e+00,0.000000e+00,0.000000e+00,0.000000e+00,0.000000e+00,0.000000e+00,0.000000e+00,0.000000e+00,0.000000e+00
1.000000e+00,0.000000e+00,0.000000e+00,0.000000e+00,0.000000e+00,0.000000e+00,0.000000e+00,0.000000e+00,0.000000e+00,0.000000e+00,0.000000e+00,0.000000e+00,0.000000e+00,0.000000e+00,0.000000e+00
1.000000e+00,0.000000e+00,0.000000e+00,0.000000e+00,0.000000e+00,0.000000e+00,0.000000e+00,0.000000e+00,0.000000e+00,0.000000e+00,0.000000e+00,0.000000e+00,0.000000e+00,0.000000e+00,0.000000e+00
1.000000e+00,0.000000e+00,0.000000e+00,0.000000e+00,0.000000e+00,0.000000e+00,0.000000e+00,0.000000e+00,0.000000e+00,0.000000e+00,0.000000e+00,0.000000e+00,0.000000e+00,0.000000e+00,0.000000e+00
1.000000e+00,0.000000e+00,0.000000e+00,0.000000e+00,0.000000e+00,0.000000e+00,0.000000e+00,0.000000e+00,0.000000e+00,0.000000e+00,0.000000e+00,0.000000e+00,0.000000e+00,0.000000e+00,0.000000e+00
1.000000e+00,0.000000e+00,0.000000e+00,0.000000e+00,0.000000e+00,0.000000e+00,0.000000e+00,0.000000e+00,0.000000e+00,0.000000e+00,0.000000e+00,0.000000e+00,0.000000e+00,0.000000e+00,0.000000e+00
1.000000e+00,0.000000e+00,0.000000e+00,0.000000e+00,0.000000e+00,0.000000e+00,0.000000e+00,0.000000e+00,0.000000e+00,0.000000e+00,0.000000e+00,0.000000e+00,0.000000e+00,0.000000e+00,0.000000e+00
1.000000e+00,0.000000e+00,0.000000e+00,0.000000e+00,0.000000e+00,0.000000e+00,0.000000e+00,0.000000e+00,0.000000e+00,0.000000e+00,0.000000e+00,0.000000e+00,0.000000e+00,0.000000e+00,0.000000e+00
1.000000e+00,0.000000e+00,0.000000e+00,0.000000e+00,0.000000e+00,0.000000e+00,0.000000e+00,0.000000e+00,0.000000e+00,0.000000e+00,0.000000e+00,0.000000e+00,0.000000e+00,0.000000e+00,0.000000e+00
1.000000e+00,0.000000e+00,0.000000e+00,0.000000e+00,0.000000e+00,0.000000e+00,0.000000e+00,0.000000e+00,0.000000e+00,0.000000e+00,0.000000e+00,0.000000e+00,0.000000e+00,0.000000e+00,0.000000e+00
1.000000e+00,0.000000e+00,0.000000e+00,0.000000e+00,0.000000e+00,0.000000e+00,0.000000e+00,0.000000e+00,0.000000e+00,0.000000e+00,0.000000e+00,0.000000e+00,0.000000e+00,0.000000e+00,0.000000e+00
1.000000e+00,0.000000e+00,0.000000e+00,0.000000e+00,0.000000e+00,0.000000e+00,0.000000e+00,0.000000e+00,0.000000e+00,0.000000e+00,0.000000e+00,0.000000e+00,0.000000e+00,0.000000e+00,0.000000e+00
1.000000e+00,0.000000e+00,0.000000e+00,0.000000e+00,0.000000e+00,0.000000e+00,0.000000e+00,0.000000e+00,0.000000e+00,0.000000e+00,0.000000e+00,0.000000e+00,0.000000e+00,0.000000e+00,0.000000e+00
1.000000e+00,0.000000e+00,0.000000e+00,0.000000e+00,0.000000e+00,0.000000e+00,0.000000e+00,0.000000e+00,0.000000e+00,0.000000e+00,0.000000e+00,0.000000e+00,0.000000e+00,0.000000e+00,0.000000e+00
1.000000e+00,0.000000e+00,0.000000e+00,0.000000e+00,0.000000e+00,0.000000e+00,0.000000e+00,0.000000e+00,0.000000e+00,0.000000e+00,0.000000e+00,0.000000e+00,0.000000e+00,0.000000e+00,0.000000e+00
1.000000e+00,0.000000e+00,0.000000e+00,0.000000e+00,0.000000e+00,0.000000e+00,0.000000e+00,0.000000e+00,0.000000e+00,0.000000e+00,0.000000e+00,0.000000e+00,0.000000e+00,0.000000e+00,0.000000e+00
1.000000e+00,0.000000e+00,0.000000e+00,0.000000e+00,0.000000e+00,0.000000e+00,0.000000e+00,0.000000e+00,0.000000e+00,0.000000e+00,0.000000e+00,0.000000e+00,0.000000e+00,0.000000e+00,0.000000e+00
1.000000e+00,0.000000e+00,0.000000e+00,0.000000e+00,0.000000e+00,0.000000e+00,0.000000e+00,0.000000e+00,0.000000e+00,0.000000e+00,0.000000e+00,0.000000e+00,0.000000e+00,0.000000e+00,0.000000e+00
1.000000e+00,0.000000e+00,0.000000e+00,0.000000e+00,0.000000e+00,0.000000e+00,0.000000e+00,0.000000e+00,0.000000e+00,0.000000e+00,0.000000e+00,0.000000e+00,0.000000e+00,0.000000e+00,0.000000e+00
1.000000e+00,0.000000e+00,0.000000e+00,0.000000e+00,0.000000e+00,0.000000e+00,0.000000e+00,0.000000e+00,0.000000e+00,0.000000e+00,0.000000e+00,0.000000e+00,0.000000e+00,0.000000e+00,0.000000e+00
1.000000e+00,0.000000e+00,0.000000e+00,0.000000e+00,0.000000e+00,0.000000e+00,0.000000e+00,0.000000e+00,0.000000e+00,0.000000e+00,0.000000e+00,0.000000e+00,0.000000e+00,0.000000e+00,0.000000e+00
1.000000e+00,0.000000e+00,0.000000e+00,0.000000e+00,0.000000e+00,0.000000e+00,0.000000e+00,0.000000e+00,0.000000e+00,0.000000e+00,0.000000e+00,0.000000e+00,0.000000e+00,0.000000e+00,0.000000e+00
1.000000e+00,0.000000e+00,0.000000e+00,0.000000e+00,0.000000e+00,0.000000e+00,0.000000e+00,0.000000e+00,0.000000e+00,0.000000e+00,0.000000e+00,0.000000e+00,0.000000e+00,0.000000e+00,0.000000e+00
1.000000e+00,0.000000e+00,0.000000e+00,0.000000e+00,0.000000e+00,0.000000e+00,0.000000e+00,0.000000e+00,0.000000e+00,0.000000e+00,0.000000e+00,0.000000e+00,0.000000e+00,0.000000e+00,0.000000e+00
1.000000e+00,0.000000e+00,0.000000e+00,0.000000e+00,0.000000e+00,0.000000e+00,0.000000e+00,0.000000e+00,0.000000e+00,0.000000e+00,0.000000e+00,0.000000e+00,0.000000e+00,0.000000e+00,0.000000e+00
1.000000e+00,0.000000e+00,0.000000e+00,0.000000e+00,0.000000e+00,0.000000e+00,0.000000e+00,0.000000e+00,0.000000e+00,0.000000e+00,0.000000e+00,0.000000e+00,0.000000e+00,0.000000e+00,0.000000e+00
4.370890e-01,7.088889e-02,1.941341e-02,1.511135e-01,4.077919e-02,4.356793e-02,3.047914e-02,5.997059e-02,3.258015e-02,3.078842e-03,1.123694e-02,4.183750e-02,2.386145e-02,3.077392e-03,3.102596e-02
3.299167e-01,8.647245e-02,2.447226e-02,1.918760e-01,5.001163e-02,5.486598e-02,3.295192e-02,5.999619e-02,3.806378e-02,3.201195e-03,1.107902e-02,4.694053e-02,2.788969e-02,3.285597e-03,3.897699e-02
2.658207e-01,1.053654e-01,2.384018e-02,2.300783e-01,5.522715e-02,5.047941e-02,3.085581e-02,5.176491e-02,4.207905e-02,3.748454e-03,1.128549e-02,4.858086e-02,3.102110e-02,3.962447e-03,4.589076e-02
2.044486e-01,1.105874e-01,4.256378e-02,2.725138e-01,5.599939e-02,4.787264e-02,2.658743e-02,5.741718e-02,3.794915e-02,3.541102e-03,1.202011e-02,4.857419e-02,2.816881e-02,4.390708e-03,4.736573e-02
1.842156e-01,1.207595e-01,4.154742e-02,2.788820e-01,5.832819e-02,4.421918e-02,2.558934e-02,4.734902e-02,4.250629e-02,4.566852e-03,1.298701e-02,4.594085e-02,3.007637e-02,5.566758e-03,5.746561e-02
1.787735e-01,1.200313e-01,3.790860e-02,2.668031e-01,5.521633e-02,4.396909e-02,2.322252e-02,3.948950e-02,4.327369e-02,5.418731e-03,1.548755e-02,5.398948e-02,3.832873e-02,7.178274e-03,7.090957e-02
2.540619e-01,1.102230e-01,3.177572e-02,2.267110e-01,5.093890e-02,4.040376e-02,2.002279e-02,3.237506e-02,4.131109e-02,5.863588e-03,1.652842e-02,5.275890e-02,3.834454e-02,7.283455e-03,7.139789e-02
2.817760e-01,1.076391e-01,3.020423e-02,2.052760e-01,4.804452e-02,3.882090e-02,1.886503e-02,2.788012e-02,4.190100e-02,6.680328e-03,1.724804e-02,4.812557e-02,3.887556e-02,7.507212e-03,8.115643e-02
3.048896e-01,1.134977e-01,2.864911e-02,1.964764e-01,4.163532e-02,3.371228e-02,1.676024e-02,2.463616e-02,3.779763e-02,6.784556e-03,1.826558e-02,4.498626e-02,4.142487e-02,6.970719e-03,8.351360e-02
3.665260e-01,1.010167e-01,2.519786e-02,1.712302e-01,3.635660e-02,3.152419e-02,1.500688e-02,2.152438e-02,3.407880e-02,6.813699e-03,1.800159e-02,4.029887e-02,4.082855e-02,6.543913e-03,8.505173e-02
4.913052e-01,7.961924e-02,1.925854e-02,1.318239e-01,2.859498e-02,2.656137e-02,1.219083e-02,1.767464e-02,2.719632e-02,5.465321e-03,1.542955e-02,3.364504e-02,3.688492e-02,5.530736e-03,6.881938e-02
1.000000e+00,0.000000e+00,0.000000e+00,0.000000e+00,0.000000e+00,0.000000e+00,0.000000e+00,0.000000e+00,0.000000e+00,0.000000e+00,0.000000e+00,0.000000e+00,0.000000e+00,0.000000e+00,0.000000e+00
1.000000e+00,0.000000e+00,0.000000e+00,0.000000e+00,0.000000e+00,0.000000e+00,0.000000e+00,0.000000e+00,0.000000e+00,0.000000e+00,0.000000e+00,0.000000e+00,0.000000e+00,0.000000e+00,0.000000e+00
1.000000e+00,0.000000e+00,0.000000e+00,0.000000e+00,0.000000e+00,0.000000e+00,0.000000e+00,0.000000e+00,0.000000e+00,0.000000e+00,0.000000e+00,0.000000e+00,0.000000e+00,0.000000e+00,0.000000e+00
1.000000e+00,0.000000e+00,0.000000e+00,0.000000e+00,0.000000e+00,0.000000e+00,0.000000e+00,0.000000e+00,0.000000e+00,0.000000e+00,0.000000e+00,0.000000e+00,0.000000e+00,0.000000e+00,0.000000e+00
1.000000e+00,0.000000e+00,0.000000e+00,0.000000e+00,0.000000e+00,0.000000e+00,0.000000e+00,0.000000e+00,0.000000e+00,0.000000e+00,0.000000e+00,0.000000e+00,0.000000e+00,0.000000e+00,0.000000e+00
1.000000e+00,0.000000e+00,0.000000e+00,0.000000e+00,0.000000e+00,0.000000e+00,0.000000e+00,0.000000e+00,0.000000e+00,0.000000e+00,0.000000e+00,0.000000e+00,0.000000e+00,0.000000e+00,0.000000e+00
4.056885e-01,3.188316e-02,1.065258e-02,4.082486e-02,1.661406e-01,1.345976e-01,5.395793e-02,7.559196e-02,6.868012e-03,2.146677e-03,1.060869e-02,1.669244e-02,2.022560e-02,3.196779e-03,2.092476e-02
3.146577e-01,3.099816e-02,1.155080e-02,3.124745e-02,1.914629e-01,1.359022e-01,4.489256e-02,1.703550e-01,5.263618e-03,2.243767e-03,1.568445e-02,1.216502e-02,1.535491e-02,3.016845e-03,1.520471e-02
2.464222e-01,2.607475e-02,1.017537e-02,2.319388e-02,1.833357e-01,1.297394e-01,3.739218e-02,2.830334e-01,4.110398e-03,2.381284e-03,1.961596e-02,8.780221e-03,1.160811e-02,2.899193e-03,1.123808e-02
1.933880e-01,2.023657e-02,8.136732e-03,1.732432e-02,3.104938e-01,1.316014e-01,3.273183e-02,2.327622e-01,3.891097e-03,4.817882e-03,1.761743e-02,6.320621e-03,8.605094e-03,2.914258e-03,9.158721e-03
1.964756e-01,1.496115e-02,6.546258e-03,1.292103e-02,3.707542e-01,1.348197e-01,2.715288e-02,1.846834e-01,5.725928e-03,4.730899e-03,1.505645e-02,5.583951e-03,7.492619e-03,3.079476e-03,1.001631e-02
1.439101e-01,1.149874e-02,5.618292e-03,1.394821e-02,2.833361e-01,1.298872e-01,2.238265e-02,1.881233e-01,3.741392e-02,1.716490e-02,4.007344e-02,7.032305e-03,3.201202e-02,2.944205e-02,3.815671e-02
1.023006e-01,1.048332e-02,4.480316e-03,2.553760e-02,2.035923e-01,9.284434e-02,1.623278e-02,1.476919e-01,1.294174e-01,2.480492e-02,6.396394e-02,2.269165e-02,8.788931e-02,2.838942e-02,3.968016e-02
7.218602e-02,8.558319e-03,3.240574e-03,2.155535e-02,1.466033e-01,6.551867e-02,1.164527e-02,1.067672e-01,1.420257e-01,2.378260e-02,7.768320e-02,2.152194e-02,1.853226e-01,2.746791e-02,8.612139e-02
5.086083e-02,6.573036e-03,2.339105e-03,1.755099e-02,1.040957e-01,4.613111e-02,8.371250e-03,7.531754e-02,1.784666e-01,2.187211e-02,6.395122e-02,1.708704e-02,2.156467e-01,2.793979e-02,1.637969e-01
3.570788e-02,5.187838e-03,1.796163e-03,1.695876e-02,7.348830e-02,3.273520e-02,6.112451e-03,5.296819e-02,2.167887e-01,1.791586e-02,4.990417e-02,1.405707e-02,2.467323e-01,2.176710e-02,2.078800e-01
2.515600e-02,3.924561e-03,1.369863e-03,2.184215e-02,5.231979e-02,2.359829e-02,4.447198e-03,3.760511e-02,2.159491e-01,1.577275e-02,5.358860e-02,1.299521e-02,2.718240e-01,1.795712e-02,2.416503e-01
1.919079e-02,4.139185e-03,1.205726e-03,3.520029e-02,4.095092e-02,1.746471e-02,3.556672e-03,2.703838e-02,2.230628e-01,1.597129e-02,6.747696e-02,1.695745e-02,2.575929e-01,1.623249e-02,2.539594e-01
1.386964e-02,3.552165e-03,1.345024e-03,3.117481e-02,3.330779e-02,1.244590e-02,2.992073e-03,1.940757e-02,1.753724e-01,1.716653e-02,1.549923e-01,1.464874e-02,2.592198e-01,2.303428e-02,2.374710e-01
1.042230e-02,3.109044e-03,1.355029e-03,2.418877e-02,2.571470e-02,9.068610e-03,2.392649e-03,1.439997e-02,1.602789e-01,1.789211e-02,1.375493e-01,1.897702e-02,3.454078e-01,3.035549e-02,1.988882e-01
7.705970e-03,2.630518e-03,2.067126e-03,1.765163e-02,1.959584e-02,6.459673e-03,1.722332e-03,1.021996e-02,1.227617e-01,1.995806e-02,1.409697e-01,1.886503e-02,3.436489e-01,1.027097e-01,1.830339e-01
5.804380e-03,2.230232e-03,1.870802e-03,1.297584e-02,1.522186e-02,4.657298e-03,1.291286e-03,7.725866e-03,1.210667e-01,2.225937e-02,1.098895e-01,2.643997e-02,4.250562e-01,9.987645e-02,1.436343e-01
5.973494e-03,2.094407e-03,2.032124e-03,9.800207e-03,1.204739e-02,3.593872e-03,9.794857e-04,5.699641e-03,1.030093e-01,4.707373e-02,1.077513e-01,3.174292e-02,3.892578e-01,1.520698e-01,1.268746e-01
4.514589e-03,2.694650e-03,2.572746e-03,7.060739e-03,9.598832e-03,2.631319e-03,7.224107e-04,4.130686e-03,8.585172e-02,7.447096e-02,9.789573e-02,2.844087e-02,3.293378e-01,2.321036e-01,1.179734e-01
5.218505e-03,2.414195e-03,3.469713e-03,5.548344e-03,1.250385e-02,2.788727e-03,9.510547e-04,3.140198e-03,7.575600e-02,9.870055e-02,1.425606e-01,2.524191e-02,2.426665e-01,2.425892e-01,1.364507e-01
4.197029e-03,1.918599e-03,3.533155e-03,4.682370e-03,1.593857e-02,2.536928e-03,1.397930e-03,2.628532e-03,5.922576e-02,1.116065e-01,1.427566e-01,2.021423e-02,1.762378e-01,1.887291e-01,2.643969e-01
8.024083e-03,2.089788e-03,4.932403e-03,6.814100e-03,1.609474e-02,9.979288e-03,2.581986e-03,2.353568e-03,6.023497e-02,1.091454e-01,1.531298e-01,2.082897e-02,1.361878e-01,1.629649e-01,3.046383e-01
8.843548e-03,2.807505e-03,1.181289e-02,3.324175e-02,2.293344e-02,1.013022e-02,2.295701e-03,3.287591e-03,6.391508e-02,9.353903e-02,2.164155e-01,3.119093e-02,1.082955e-01,1.378817e-01,2.534096e-01
8.413732e-03,4.670027e-03,1.050146e-02,2.692711e-02,3.158285e-02,7.671581e-03,1.812805e-03,3.670522e-03,1.127028e-01,1.023695e-01,2.495664e-01,3.460173e-02,8.725841e-02,1.214184e-01,1.968327e-01
9.443123e-03,4.740971e-03,2.033236e-02,2.755677e-02,2.061526e-01,6.581441e-03,1.939846e-03,8.328318e-03,9.845430e-02,7.420395e-02,2.145506e-01,3.040908e-02,6.606783e-02,8.891504e-02,1.423238e-01
2.845328e-02,9.826800e-03,1.488765e-02,2.118092e-02,1.838518e-01,5.995033e-03,1.959924e-03,6.107531e-03,2.771727e-01,5.424350e-02,1.611951e-01,2.247149e-02,4.707801e-02,6.456969e-02,1.010065e-01
5.376441e-02,1.384640e-02,1.116484e-02,1.932422e-02,1.714462e-01,3.687973e-02,2.533761e-03,6.447986e-03,3.506476e-01,3.917478e-02,1.208208e-01,1.693728e-02,3.481958e-02,4.789703e-02,7.429536e-02
4.190097e-02,1.383939e-02,8.609711e-03,1.681986e-02,1.524621e-01,2.865380e-02,2.080519e-03,4.995405e-03,4.810344e-01,2.951546e-02,9.151894e-02,1.388595e-02,2.660133e-02,3.414033e-02,5.394173e-02
3.254918e-02,1.126457e-02,6.235901e-03,1.565725e-02,1.141169e-01,2.230654e-02,1.560456e-03,3.930437e-03,6.027703e-01,2.107082e-02,7.126179e-02,1.233048e-02,2.224215e-02,2.428217e-02,3.842098e-02
2.353245e-02,9.686447e-03,4.425009e-03,1.252924e-02,8.574840e-02,1.627538e-02,1.170277e-03,2.801238e-03,6.761048e-01,1.897672e-02,7.112961e-02,1.264936e-02,1.989024e-02,1.768750e-02,2.739339e-02
1.711014e-02,7.929494e-03,3.135374e-03,1.062527e-02,6.090232e-02,1.220985e-02,8.533590e-04,2.127770e-03,7.590793e-01,1.379023e-02,5.404658e-02,1.045070e-02,1.576915e-02,1.260668e-02,1.936371e-02
1.203408e-02,5.684810e-03,2.249208e-03,2.393760e-02,4.332526e-02,8.621812e-03,6.069095e-04,1.493357e-03,8.028014e-01,9.919384e-03,4.101102e-02,8.405833e-03,1.666139e-02,8.860059e-03,1.438788e-02
8.454149e-03,4.008562e-03,1.672672e-03,2.948367e-02,3.063033e-02,6.109633e-03,4.326966e-04,1.049866e-03,6.511389e-01,7.888826e-03,4.280173e-02,6.139861e-02,1.373496e-01,6.233796e-03,1.134684e-02
5.933688e-03,2.821376e-03,1.211496e-03,4.305910e-02,2.192132e-02,4.357748e-03,3.329976e-04,7.510985e-04,4.773309e-01,5.861536e-03,4.501563e-02,5.577311e-02,3.223723e-01,4.462128e-03,8.795504e-03
4.162387e-03,1.980527e-03,8.672469e-04,3.481583e-02,1.570673e-02,3.089445e-03,2.414604e-04,5.345456e-04,3.359947e-01,4.288360e-03,3.940206e-02,4.951856e-02,4.997094e-01,3.268716e-03,6.420015e-03
2.929566e-03,1.403114e-03,6.521539e-04,2.555656e-02,1.222800e-02,2.273210e-03,1.835459e-04,4.360531e-04,2.358785e-01,3.138355e-03,3.016349e-02,5.919386e-02,6.188099e-01,2.534307e-03,4.619371e-03
2.065190e-03,9.885908e-04,5.198393e-04,1.808947e-02,1.197442e-02,1.707657e-03,2.606626e-04,2.057541e-03,1.657278e-01,2.376101e-03,2.398765e-02,8.713935e-02,6.773334e-01,2.108975e-03,3.663383e-03
1.501777e-03,7.872107e-04,5.861721e-04,1.293004e-02,1.235119e-02,2.157687e-03,3.626150e-04,2.619760e-03,1.176357e-01,2.090295e-03,2.212288e-02,9.581436e-02,7.230275e-01,2.150549e-03,3.862224e-03
1.231844e-03,7.427110e-04,1.308901e-03,9.812519e-03,2.979225e-02,2.555701e-03,7.029621e-04,4.259616e-03,8.933224e-02,2.875417e-03,2.534118e-02,1.032382e-01,7.201409e-01,2.516543e-03,6.148985e-03
1.284857e-03,8.046643e-04,2.465752e-03,7.987496e-03,4.403899e-02,4.391992e-03,1.182301e-03,1.235162e-02,7.539293e-02,6.293490e-03,3.749120e-02,1.238576e-01,6.712058e-01,2.994688e-03,8.256638e-03
1.351596e-03,6.081634e-04,2.479222e-03,6.257063e-03,4.046804e-02,7.074136e-03,1.141581e-03,1.209646e-02,5.589802e-02,7.333345e-03,5.663567e-02,1.284192e-01,6.689287e-01,2.465350e-03,8.843367e-03
1.938727e-03,4.609852e-04,2.159788e-03,4.991238e-03,4.336496e-02,1.021999e-02,1.022522e-03,1.315024e-02,4.364853e-02,7.056836e-03,5.974694e-02,1.414888e-01,6.615086e-01,2.034749e-03,7.207159e-03
1.749789e-03,3.353989e-04,1.729108e-03,3.562583e-03,3.875979e-02,7.807301e-03,8.474566e-04,9.810155e-03,3.097908e-02,5.390204e-03,5.325358e-02,2.229008e-01,6.156290e-01,1.600449e-03,5.645406e-03
2.099610e-03,2.518048e-04,1.423288e-03,2.556208e-03,3.579436e-02,5.957437e-03,7.535230e-04,8.176757e-03,2.215954e-02,4.325232e-03,5.587974e-02,2.520181e-01,6.028056e-01,1.479850e-03,4.318987e-03
3.061631e-03,2.099234e-04,1.177503e-03,1.931979e-03,3.124554e-02,5.106631e-03,6.393378e-04,1.089891e-02,1.642620e-02,3.281000e-03,5.474212e-02,2.862753e-01,5.803082e-01,1.350021e-03,3.345645e-03
3.983551e-03,2.642422e-04,1.152710e-03,1.459463e-03,3.418098e-02,4.340290e-03,7.516951e-04,1.151584e-02,1.326717e-02,2.796572e-03,4.508696e-02,4.122218e-01,4.650687e-01,1.204489e-03,2.705485e-03
6.121171e-03,3.952760e-04,1.659076e-03,1.069820e-03,7.689421e-02,4.262365e-03,2.428745e-03,1.032238e-02,1.099489e-02,2.088595e-03,3.411153e-02,4.778624e-01,3.684778e-01,1.149867e-03,2.161831e-03
6.066484e-03,3.958593e-04,1.456041e-03,7.829845e-04,7.042988e-02,3.388401e-03,2.165005e-03,9.710099e-03,8.626440e-03,1.736193e-03,2.433741e-02,6.042625e-01,2.639748e-01,1.036868e-03,1.631034e-03
5.566473e-03,3.705014e-04,1.181440e-03,5.825531e-04,5.565137e-02,2.674777e-03,1.788917e-03,8.213415e-03,6.622172e-03,1.375186e-03,1.716355e-02,7.079392e-01,1.887467e-01,9.392773e-04,1.184400e-03
1.225180e-02,1.799168e-03,5.285310e-03,6.429837e-04,5.171253e-02,3.565378e-03,2.246690e-03,1.252985e-02,8.057883e-03,1.265858e-03,1.243731e-02,7.426851e-01,1.434534e-01,8.843848e-04,1.182232e-03
1.444418e-02,1.954333e-03,4.789668e-03,5.545967e-04,4.518849e-02,5.069283e-03,4.141495e-03,1.016104e-02,8.358384e-03,1.020635e-03,9.105527e-03,7.720351e-01,1.209844e-01,1.181337e-03,1.011455e-03
2.626268e-02,6.666079e-03,4.741534e-03,1.200561e-03,4.624645e-02,8.648211e-03,1.021164e-02,8.084715e-03,8.784435e-03,8.665482e-04,7.337715e-03,7.175057e-01,1.482308e-01,3.146222e-03,2.066618e-03
2.518075e-02,1.977958e-02,2.576006e-02,1.778982e-01,5.597804e-02,9.127134e-03,9.293538e-03,1.216831e-02,2.925234e-02,9.207961e-04,5.411480e-03,5.160170e-01,1.065924e-01,2.251242e-03,4.369113e-03
3.568983e-02,2.349277e-02,1.307116e-01,1.876747e-01,5.234263e-02,1.144418e-02,9.375405e-03,2.212257e-02,2.937097e-02,1.066909e-03,4.454161e-03,3.872068e-01,8.562337e-02,1.664452e-03,1.775960e-02
5.935440e-02,2.628363e-02,2.116099e-01,1.413658e-01,5.093672e-02,2.675956e-02,1.462403e-02,2.376727e-02,2.826104e-02,1.352927e-03,4.799741e-03,3.068832e-01,8.110470e-02,2.186869e-03,2.071024e-02
7.317451e-02,4.202406e-02,2.222281e-01,1.200230e-01,4.074671e-02,2.932874e-02,1.321457e-02,1.986540e-02,8.989571e-02,2.820598e-03,5.484099e-03,2.225617e-01,8.191314e-02,2.571607e-03,3.414807e-02
6.441581e-02,8.341742e-02,2.215306e-01,9.580196e-02,3.276234e-02,3.157874e-02,1.169126e-02,1.484417e-02,1.222483e-01,8.336928e-03,6.875029e-03,1.753566e-01,7.251605e-02,4.144107e-03,5.448060e-02
4.904895e-02,1.637729e-01,1.943476e-01,1.053823e-01,2.380352e-02,2.437711e-02,8.486577e-03,1.070135e-02,1.416556e-01,1.319685e-02,5.583104e-03,1.239733e-01,5.477784e-02,3.055311e-03,7.783777e-02
3.839173e-02,1.594367e-01,2.538218e-01,8.943026e-02,1.920829e-02,3.147452e-02,6.394762e-03,9.550629e-03,1.361126e-01,2.024797e-02,5.710854e-03,8.768395e-02,4.479636e-02,2.432749e-03,9.530681e-02
6.509030e-02,1.705615e-01,2.527309e-01,7.101050e-02,1.817988e-02,3.286931e-02,6.888355e-03,1.094389e-02,1.283540e-01,2.068536e-02,4.914039e-03,6.307817e-02,6.097635e-02,1.965713e-03,9.175168e-02
5.501018e-02,1.804810e-01,3.025393e-01,6.015505e-02,1.411765e-02,3.172536e-02,5.340021e-03,1.153187e-02,1.301759e-01,2.339153e-02,4.886233e-03,4.456409e-02,4.891471e-02,1.709073e-03,8.545806e-02
6.152087e-02,1.792297e-01,2.251128e-01,4.905621e-02,1.543577e-02,3.348541e-02,5.263662e-03,1.709768e-02,1.629120e-01,2.381053e-02,6.376754e-03,3.178576e-02,1.180929e-01,1.557334e-03,6.926256e-02
6.011759e-02,1.329688e-01,1.642633e-01,3.658378e-02,1.252574e-02,2.838058e-02,4.763308e-03,1.393489e-02,1.474317e-01,1.830823e-02,6.755806e-03,2.383005e-02,2.855107e-01,2.877278e-03,6.174827e-02
5.066751e-02,9.491938e-02,1.154409e-01,2.670515e-02,9.433519e-03,2.148123e-02,3.749216e-03,1.023756e-02,1.187805e-01,1.316000e-02,5.198355e-03,1.730637e-02,4.545823e-01,2.177573e-03,5.616048e-02
5.452673e-02,6.695271e-02,8.098880e-02,1.916817e-02,7.892101e-03,1.637103e-02,3.290177e-03,7.428017e-03,8.508230e-02,9.280323e-03,4.061892e-03,1.263213e-02,5.782175e-01,1.593665e-03,5.251442e-02
4.112676e-02,4.726060e-02,5.683290e-02,1.358738e-02,6.715715e-03,1.195282e-02,2.443204e-03,5.268199e-03,6.007033e-02,6.524510e-03,2.990494e-03,1.021225e-02,6.951465e-01,1.143392e-03,3.872494e-02
3.110614e-02,3.376085e-02,4.002900e-02,9.659809e-03,6.386454e-03,8.811278e-03,1.827396e-03,3.732349e-03,4.320681e-02,4.601613e-03,2.288478e-03,8.285453e-03,7.760388e-01,9.305352e-04,2.933508e-02
2.395350e-02,2.566624e-02,4.585348e-02,8.221544e-03,1.133295e-02,7.958497e-03,1.604469e-03,3.437328e-03,3.398393e-02,3.470271e-03,2.029514e-03,7.122826e-03,8.012722e-01,1.013598e-03,2.307965e-02
2.138188e-02,1.901877e-02,3.235700e-02,6.002223e-03,1.109074e-02,7.024299e-03,1.319825e-03,2.783153e-03,3.039351e-02,2.493483e-03,1.611094e-03,6.692656e-03,8.398598e-01,7.629781e-04,1.720858e-02
3.445257e-02,1.842916e-02,2.948637e-02,5.657065e-03,2.322649e-02,7.156994e-03,4.032965e-03,2.028654e-02,5.436768e-02,1.986217e-03,1.565522e-03,7.394585e-03,7.756412e-01,8.496244e-04,1.546705e-02
3.746843e-02,2.097309e-02,2.096460e-02,4.485069e-03,1.824245e-02,1.092997e-02,3.129588e-03,1.543460e-02,7.849197e-02,1.475847e-03,1.454761e-03,6.177376e-03,7.684534e-01,7.366501e-04,1.158232e-02
5.758065e-02,1.974280e-02,1.896054e-02,5.201166e-03,2.181874e-02,1.477418e-02,2.981533e-03,2.955221e-02,9.468204e-02,1.226511e-03,1.576718e-03,5.212107e-03,7.167319e-01,6.291852e-04,9.329743e-03
1.214715e-01,2.375121e-02,1.517513e-02,3.552700e-02,1.882133e-02,2.028867e-02,2.416139e-03,2.460045e-02,1.494232e-01,1.228491e-03,2.063835e-03,7.396233e-03,5.674163e-01,6.523895e-04,9.768138e-03
2.072656e-01,2.132946e-02,1.248454e-02,3.532942e-02,2.033156e-02,2.334848e-02,2.422865e-03,2.575697e-02,1.493421e-01,1.856856e-03,2.441007e-03,1.050111e-02,4.772469e-01,8.249235e-04,9.518229e-03
2.490128e-01,2.861069e-02,2.340143e-02,9.228680e-02,1.562806e-02,2.045041e-02,1.907255e-03,2.043747e-02,1.652798e-01,4.209984e-03,3.197585e-03,1.122807e-02,3.449306e-01,8.061823e-04,1.861284e-02
2.800316e-01,3.227258e-02,4.077462e-02,1.043716e-01,1.283953e-02,1.956085e-02,1.716305e-03,3.205658e-02,1.612580e-01,5.322488e-03,4.084383e-03,1.078794e-02,2.743780e-01,1.009835e-03,1.953579e-02
2.495632e-01,3.158187e-02,9.217006e-02,1.626587e-01,1.046874e-02,1.555520e-02,1.710390e-03,3.443106e-02,1.465917e-01,9.489868e-03,4.477660e-03,9.642169e-03,2.019298e-01,9.283187e-04,2.880132e-02
2.205205e-01,3.746815e-02,1.153157e-01,1.774938e-01,7.821390e-03,1.199026e-02,1.270734e-03,2.502766e-02,1.832778e-01,1.189479e-02,6.953175e-03,8.562913e-03,1.444208e-01,1.183392e-03,4.679904e-02
2.524325e-01,4.087004e-02,1.277674e-01,1.604231e-01,7.159576e-03,1.251422e-02,1.318170e-03,2.463711e-02,1.708282e-01,1.733887e-02,1.202213e-02,8.942848e-03,1.077869e-01,2.158811e-03,5.380007e-02
2.006049e-01,3.973196e-02,1.488960e-01,1.567130e-01,5.444241e-03,9.955766e-03,1.007561e-03,2.029422e-02,1.649377e-01,3.700466e-02,1.714602e-02,1.014926e-02,8.262199e-02,3.002906e-03,1.024898e-01
2.433780e-01,3.646825e-02,1.318647e-01,1.528326e-01,5.208028e-03,1.343160e-02,9.685475e-04,2.497629e-02,1.519117e-01,3.899841e-02,2.859036e-02,1.448753e-02,6.780816e-02,4.203929e-03,8.487204e-02
2.824717e-01,3.281759e-02,1.092696e-01,1.320095e-01,4.916673e-03,1.924467e-02,9.740562e-04,3.896351e-02,1.404779e-01,4.340848e-02,3.965807e-02,1.469628e-02,5.564351e-02,8.974852e-03,7.647362e-02
3.248679e-01,3.666127e-02,8.573192e-02,1.007132e-01,9.611105e-03,3.048338e-02,1.221000e-03,4.197817e-02,1.531786e-01,3.840627e-02,4.182594e-02,1.534795e-02,4.887717e-02,1.058315e-02,6.051305e-02
2.929818e-01,4.259330e-02,6.711758e-02,7.317412e-02,2.039171e-02,6.445160e-02,2.061403e-03,4.913429e-02,2.155206e-01,2.810556e-02,3.438572e-02,1.268738e-02,4.286621e-02,8.938619e-03,4.559009e-02
2.221281e-01,4.070218e-02,5.333480e-02,5.404828e-02,3.496101e-02,5.607098e-02,3.161159e-03,1.285718e-01,2.704843e-01,2.006868e-02,2.613664e-02,9.458168e-03,3.919204e-02,6.966501e-03,3.471532e-02
1.671896e-01,3.212073e-02,3.832119e-02,3.992340e-02,4.640584e-02,4.174737e-02,2.807180e-03,3.256626e-01,2.063392e-01,1.408330e-02,1.860554e-02,6.709181e-03,3.030485e-02,5.042229e-03,2.473784e-02
1.208020e-01,2.326972e-02,2.713719e-02,2.918976e-02,5.816776e-02,2.947347e-02,2.185019e-03,4.910265e-01,1.481541e-01,9.873360e-03,1.320379e-02,4.726039e-03,2.185849e-02,3.557416e-03,1.737548e-02
9.016334e-02,1.716617e-02,1.923478e-02,2.067443e-02,4.822838e-02,2.086807e-02,1.818423e-03,6.264712e-01,1.054808e-01,6.924368e-03,9.429183e-03,3.340831e-03,1.548765e-02,2.523477e-03,1.218884e-02
6.766439e-02,1.273568e-02,1.365990e-02,1.465665e-02,3.733939e-02,1.486417e-02,1.456316e-03,7.268818e-01,7.536597e-02,4.860142e-03,6.790376e-03,2.368549e-03,1.100614e-02,1.797462e-03,8.552996e-03
5.371129e-02,9.217558e-03,9.730846e-03,1.036612e-02,2.966525e-02,1.059687e-02,1.269236e-03,7.969345e-01,5.337543e-02,3.416130e-03,4.923116e-03,1.694500e-03,7.769031e-03,1.304909e-03,6.025132e-03
4.414178e-02,6.631802e-03,6.933700e-03,7.329919e-03,2.415735e-02,7.623309e-03,1.188822e-03,8.464271e-01,3.778831e-02,2.402792e-03,3.518653e-03,1.202884e-03,5.473275e-03,9.480732e-04,4.232157e-03
3.680301e-02,4.959698e-03,4.990737e-03,5.217080e-03,2.072009e-02,5.548937e-03,1.087017e-03,8.810346e-01,2.690595e-02,1.692697e-03,2.575333e-03,8.640342e-04,3.893427e-03,7.229507e-04,2.984434e-03
4.698817e-02,4.194945e-03,3.795548e-03,3.938427e-03,1.770910e-02,6.026056e-03,1.369698e-03,8.844232e-01,2.091239e-02,1.207776e-03,2.336389e-03,9.227465e-04,3.203265e-03,6.670488e-04,2.305213e-03
5.893198e-02,3.338121e-03,2.912353e-03,2.890773e-03,1.453690e-02,5.604545e-03,1.563994e-03,8.861788e-01,1.582917e-02,8.587159e-04,1.775569e-03,8.680974e-04,2.448086e-03,5.376126e-04,1.725277e-03
6.962639e-02,2.499942e-03,2.283032e-03,2.362532e-03,1.111948e-02,5.254657e-03,1.426763e-03,8.874747e-01,1.156464e-02,6.140199e-04,1.332735e-03,8.108022e-04,1.913358e-03,4.173363e-04,1.299621e-03
9.670100e-02,1.840744e-03,1.880320e-03,2.275331e-03,8.536212e-03,5.927837e-03,1.327054e-03,8.677322e-01,8.341196e-03,4.403354e-04,1.077515e-03,8.038172e-04,1.740251e-03,3.226266e-04,1.053544e-03
1.213653e-01,2.050059e-03,2.386845e-03,5.447334e-03,7.409749e-03,6.580898e-03,1.121128e-03,8.328035e-01,6.937633e-03,6.953360e-04,2.522588e-03,3.989638e-03,2.578192e-03,5.259151e-04,3.585948e-03
2.261122e-01,8.464003e-03,2.333937e-03,2.768732e-02,7.254650e-03,7.246510e-03,9.539003e-04,6.696547e-01,6.773756e-03,4.144601e-03,9.380709e-03,1.377488e-02,1.067139e-02,9.787027e-04,4.568787e-03
2.906446e-01,7.898954e-03,1.859627e-03,2.603879e-02,7.310598e-03,6.868049e-03,8.701690e-04,5.901732e-01,6.486076e-03,3.404877e-03,8.491200e-03,3.299601e-02,1.138855e-02,1.216854e-03,4.352506e-03
3.548505e-01,7.817034e-03,1.793338e-03,3.259590e-02,1.091071e-02,8.904587e-03,9.854711e-04,4.544495e-01,1.199352e-02,2.817318e-03,1.910055e-02,5.607644e-02,1.893418e-02,1.379920e-02,4.971837e-03
3.142169e-01,7.232190e-03,2.231027e-03,2.541067e-02,1.372999e-02,7.013433e-03,1.025018e-03,3.310414e-01,1.467352e-02,2.362513e-03,3.672479e-02,1.151075e-01,3.062826e-02,9.485877e-02,3.744049e-03
3.152649e-01,1.312563e-02,3.855505e-03,1.904080e-02,1.706588e-02,5.699469e-03,1.144476e-03,2.381845e-01,1.281048e-02,2.367935e-03,4.987909e-02,1.427941e-01,3.192826e-02,1.438187e-01,3.020217e-03
3.649266e-01,1.132114e-02,3.392491e-03,1.413920e-02,1.362612e-02,4.709794e-03,1.058162e-03,1.691330e-01,1.175210e-02,2.463796e-03,4.068116e-02,1.486120e-01,3.057443e-02,1.810817e-01,2.528380e-03
4.060721e-01,1.304138e-02,3.183752e-03,1.040830e-02,1.159248e-02,4.299226e-03,9.464654e-04,1.199358e-01,1.180751e-02,2.868952e-03,3.453173e-02,1.327127e-01,2.720852e-02,2.190832e-01,2.307793e-03
3.282354e-01,1.253421e-02,2.966295e-03,7.720969e-03,9.179816e-03,3.967603e-03,7.875928e-04,8.431526e-02,4.156743e-02,3.208261e-03,3.387858e-02,1.280292e-01,2.233250e-02,3.189812e-01,2.295697e-03
2.888998e-01,9.479820e-03,2.296171e-03,6.134960e-03,6.982557e-03,5.979841e-03,6.453070e-04,5.930460e-02,6.701915e-02,3.893703e-03,4.193980e-02,1.098542e-01,1.711976e-02,3.782868e-01,2.163491e-03
3.170853e-01,7.912444e-03,1.885621e-03,6.693459e-03,5.723879e-03,8.724280e-03,5.617294e-04,4.186291e-02,7.318410e-02,5.404586e-03,5.879283e-02,8.905379e-02,1.371311e-02,3.663088e-01,3.093068e-03
2.570770e-01,7.354203e-03,6.156828e-03,1.527569e-02,6.436422e-03,1.517821e-02,6.429175e-04,3.057833e-02,8.641645e-02,7.662873e-03,1.016790e-01,7.394682e-02,1.442369e-02,3.715501e-01,5.621437e-03
2.020792e-01,7.263787e-03,9.107936e-03,1.417954e-02,5.314810e-03,2.436088e-02,5.419821e-04,2.205662e-02,9.119700e-02,9.620761e-03,1.141074e-01,5.981983e-02,1.337280e-02,4.192917e-01,7.685756e-03
1.445429e-01,8.183156e-03,7.687412e-03,1.025661e-02,3.985050e-03,2.190726e-02,4.421393e-04,1.555618e-02,8.068787e-02,1.904748e-02,1.500404e-01,4.378738e-02,1.078290e-02,4.748122e-01,8.281018e-03
1.028040e-01,7.077431e-03,2.953654e-02,1.170530e-02,5.364316e-03,2.557899e-02,3.847914e-04,1.116433e-02,6.459133e-02,3.188297e-02,1.720073e-01,3.442542e-02,1.233094e-02,4.826713e-01,8.475048e-03
7.362106e-02,6.779808e-03,2.678689e-02,9.230839e-03,5.854773e-03,2.954377e-02,4.084788e-04,8.205102e-03,5.632243e-02,3.202204e-02,1.826888e-01,3.020664e-02,1.157862e-02,5.193643e-01,7.386441e-03
5.531666e-02,8.317648e-03,2.889917e-02,1.086978e-02,5.939311e-03,2.963342e-02,4.253377e-04,6.746605e-03,7.550234e-02,3.473692e-02,2.078859e-01,2.737868e-02,1.157629e-02,4.902868e-01,6.485203e-03
4.258176e-02,9.626823e-03,2.280812e-02,8.741230e-03,5.351336e-03,3.799579e-02,5.086725e-04,5.418884e-03,1.204936e-01,4.364673e-02,1.894179e-01,2.377196e-02,1.041369e-02,4.735545e-01,5.669127e-03
3.647642e-02,8.901536e-03,1.637393e-02,7.325446e-03,4.254542e-03,3.487711e-02,4.133265e-04,4.309379e-03,1.644594e-01,4.994085e-02,1.924071e-01,2.310468e-02,9.588039e-03,4.425586e-01,5.009669e-03
3.238706e-02,1.191216e-02,1.256930e-02,1.270937e-02,4.817652e-03,6.292780e-02,3.712270e-04,1.189650e-02,3.031597e-01,4.134307e-02,1.467340e-01,1.800604e-02,8.196658e-03,3.276593e-01,5.310087e-03
3.946291e-02,1.154546e-02,9.930786e-03,1.611655e-02,7.321970e-03,6.751624e-02,5.831581e-04,2.980060e-02,3.882421e-01,3.417436e-02,1.148113e-01,1.436089e-02,7.926163e-03,2.526887e-01,5.518896e-03
5.193029e-02,1.233798e-02,8.463356e-03,2.636900e-02,1.162670e-02,6.916387e-02,2.677729e-03,8.270303e-02,3.975305e-01,2.832391e-02,9.820835e-02,1.279567e-02,8.868819e-03,1.830708e-01,5.930051e-03
6.680930e-02,1.162597e-02,1.020425e-02,3.022449e-02,1.582981e-02,6.904744e-02,5.337084e-03,1.512097e-01,3.741886e-01,2.267399e-02,8.235546e-02,1.102518e-02,8.012162e-03,1.354569e-01,5.999641e-03
5.861032e-02,1.084767e-02,1.076645e-02,2.767550e-02,1.620204e-02,5.548022e-02,6.843143e-03,3.154161e-01,2.967978e-01,1.732747e-02,6.305166e-02,1.012237e-02,7.377937e-03,9.743879e-02,6.042505e-03
4.845098e-02,9.027764e-03,9.180044e-03,2.071414e-02,1.722341e-02,4.087244e-02,1.013734e-02,4.738202e-01,2.210816e-01,1.252713e-02,4.557142e-02,7.543170e-03,7.216700e-03,7.222140e-02,4.412165e-03
3.780734e-02,6.672829e-03,7.449341e-03,1.498108e-02,1.511944e-02,2.999786e-02,8.918109e-03,6.140254e-01,1.575735e-01,8.850095e-03,3.254292e-02,5.673287e-03,5.591827e-03,5.160050e-02,3.196499e-03
3.106884e-02,4.909042e-03,6.305744e-03,1.165880e-02,1.412030e-02,2.221880e-02,7.574750e-03,7.127635e-01,1.127175e-01,6.261251e-03,2.330041e-02,4.097007e-03,4.206819e-03,3.648471e-02,2.312460e-03
2.906056e-02,4.478257e-03,6.818525e-03,9.743745e-03,1.803641e-02,1.926914e-02,8.155123e-03,7.604874e-01,8.506987e-02,4.618853e-03,1.786339e-02,3.609390e-03,4.047614e-03,2.650305e-02,2.238631e-03
2.703940e-02,5.975720e-03,8.263743e-03,8.468042e-03,3.620034e-02,2.094024e-02,6.806364e-03,7.560974e-01,6.474306e-02,3.796694e-03,2.296757e-02,4.561887e-03,1.103930e-02,1.950258e-02,3.597605e-03
2.682736e-02,5.113440e-03,7.195025e-03,8.989771e-03,3.381236e-02,1.889890e-02,4.977622e-03,7.849547e-01,4.796927e-02,3.398765e-03,2.079506e-02,4.863063e-03,1.001374e-02,1.441132e-02,7.779635e-03
3.337855e-02,6.421688e-03,7.434274e-03,3.963256e-02,2.895055e-02,1.772026e-02,3.582584e-03,6.790328e-01,7.026032e-02,5.415723e-03,3.575984e-02,1.248344e-02,1.752543e-02,1.211643e-02,3.028555e-02
3.872623e-02,6.396045e-03,7.715243e-03,3.507679e-02,2.126517e-02,1.683149e-02,2.605289e-03,5.276164e-01,2.081400e-01,1.061891e-02,5.153074e-02,1.150968e-02,1.535618e-02,1.224269e-02,3.436919e-02
3.342305e-02,5.465732e-03,7.148297e-03,2.719369e-02,1.641383e-02,1.469282e-02,1.885305e-03,3.802598e-01,3.107471e-01,2.263513e-02,1.132422e-01,9.790213e-03,1.540621e-02,1.323732e-02,2.845928e-02
2.379514e-02,6.595333e-03,5.744059e-03,2.137400e-02,1.163996e-02,1.054902e-02,1.326510e-03,2.664102e-01,4.874642e-01,1.761888e-02,8.920012e-02,7.521275e-03,1.136230e-02,1.314555e-02,2.625337e-02
1.699117e-02,7.710466e-03,6.981303e-03,1.667779e-02,8.308846e-03,8.189586e-03,9.404856e-04,1.867175e-01,6.065824e-01,1.481165e-02,7.468758e-02,5.939962e-03,8.298407e-03,1.552741e-02,2.163541e-02
1.427498e-02,9.709686e-03,1.114369e-02,1.369896e-02,6.148816e-03,8.746050e-03,6.855280e-04,1.310620e-01,5.829360e-01,1.350669e-02,1.172686e-01,6.008041e-03,6.518221e-03,5.678184e-02,2.151078e-02
1.444240e-02,1.443953e-02,8.807126e-03,1.515206e-02,5.012645e-03,1.511544e-02,6.128483e-04,9.235892e-02,5.632803e-01,1.237392e-02,1.001734e-01,7.173327e-03,5.523970e-03,1.140099e-01,3.152411e-02
1.563733e-02,1.294842e-02,6.613411e-03,1.208589e-02,4.156935e-03,1.771516e-02,5.434219e-04,6.483705e-02,5.365188e-01,9.985371e-03,8.669940e-02,9.292489e-03,5.129959e-03,1.839573e-01,3.387898e-02
1.855532e-02,1.351065e-02,5.137991e-03,9.898416e-03,3.082313e-03,2.085258e-02,5.374031e-04,4.557800e-02,5.520745e-01,7.867207e-03,7.031137e-02,8.696662e-03,4.505428e-03,2.112516e-01,2.814050e-02
1.755199e-02,1.098572e-02,4.094791e-03,7.358215e-03,2.385686e-03,1.884956e-02,4.416553e-04,3.207081e-02,5.599216e-01,6.369253e-03,6.032072e-02,7.109338e-03,3.608590e-03,2.455304e-01,2.340161e-02
1.436199e-02,8.796073e-03,3.226306e-03,5.852875e-03,2.120765e-03,2.059180e-02,3.500157e-04,2.261528e-02,6.097979e-01,5.269770e-03,5.494850e-02,5.755235e-03,2.928392e-03,2.244222e-01,1.896281e-02
1.067707e-02,8.006062e-03,2.679115e-03,4.353895e-03,1.946046e-03,1.559301e-02,2.615173e-04,1.585389e-02,6.494715e-01,5.519309e-03,4.631479e-02,4.950699e-03,2.350790e-03,2.171016e-01,1.492057e-02
7.809551e-03,6.407510e-03,2.025314e-03,3.237551e-03,1.597769e-03,1.151155e-02,1.881395e-04,1.111366e-02,6.851271e-01,5.557407e-03,3.710206e-02,3.820322e-03,1.780511e-03,2.114339e-01,1.128764e-02
6.560389e-03,6.151731e-03,1.805460e-03,2.604261e-03,2.076800e-03,8.295004e-03,1.401226e-04,7.813904e-03,7.194961e-01,4.991250e-03,2.946878e-02,2.822063e-03,1.310405e-03,1.982217e-01,8.242032e-03
6.380352e-03,4.637403e-03,1.833996e-03,2.580210e-03,2.314036e-03,6.169585e-03,1.119078e-04,5.653503e-03,7.819247e-01,4.211100e-03,2.159100e-02,2.017162e-03,9.553779e-04,1.535662e-01,6.053510e-03
1.834940e-02,3.954435e-03,1.757440e-03,2.275147e-03,4.873239e-03,4.957286e-03,1.098062e-04,4.148852e-03,8.050553e-01,4.112093e-03,1.617371e-02,1.645779e-03,9.050698e-04,1.266490e-01,5.033563e-03
4.583800e-02,4.340116e-03,2.741878e-03,1.532704e-02,1.421390e-02,5.339148e-03,2.096623e-04,4.236388e-03,7.777715e-01,4.394029e-03,1.383159e-02,2.389223e-03,1.665205e-03,1.020827e-01,5.619735e-03
5.938874e-02,3.551922e-03,2.571885e-03,1.180844e-02,1.687457e-02,4.889566e-03,1.807755e-04,3.818572e-03,7.645999e-01,4.740283e-03,1.115794e-02,2.234002e-03,2.320625e-03,1.035002e-01,8.362710e-03
