1.000000e+00,0.000000e+00,0.000000e+00,0.000000e+00,0.000000e+00,0.000000e+00,0.000000e+00,0.000000e+00,0.000000e+00,0.000000e+00,0.000000e+00,0.000000e+00,0.000000e+00,0.000000e+00,0.000000e+00
1.000000e+00,0.000000e+00,0.000000e+00,0.000000e+00,0.000000e+00,0.000000e+00,0.000000e+00,0.000000e+00,0.000000e+00,0.000000e+00,0.000000e+00,0.000000e+00,0.000000e+00,0.000000e+00,0.000000e+00
1.000000e+00,0.000000e+00,0.000000e+00,0.000000e+00,0.000000e+00,0.000000e+00,0.000000e+00,0.000000e+00,0.000000e+00,0.000000e+00,0.000000e+00,0.000000e+00,0.000000e+00,0.000000e+00,0.000000e+00
1.000000e+00,0.000000e+00,0.000000e+00,0.000000e+00,0.000000e+00,0.000000e+00,0.000000e+00,0.000000e+00,0.000000e+00,0.000000e+00,0.000000e+00,0.000000e+00,0.000000e+00,0.000000e+00,0.000000e+00
1.000000e+00,0.000000e+00,0.000000e+00,0.000000e+00,0.000000e+00,0.000000e+00,0.000000e+00,0.000000e+00,0.000000e+00,0.000000e+00,0.000000e+00,0.000000e+00,0.000000e+00,0.000000e+00,0.000000e+00
1.000000e+00,0.000000e+00,0.000000e+00,0.000000e+00,0.000000e+00,0.000000e+00,0.000000e+00,0.000000e+00,0.000000e+00,0.000000e+00,0.000000e+00,0.000000e+00,0.000000e+00,0.000000e+00,0.000000e+00
1.000000e+00,0.000000e+00,0.000000e+00,0.000000e+00,0.000000e+00,0.000000e+00,0.000000e+00,0.000000e+00,0.000000e+00,0.000000e+00,0.000000e+00,0.000000e+00,0.000000e+00,0.000000e+00,0.000000e+00
1.000000e+00,0.000000e+00,0.000000e+00,0.000000e+00,0.000000e+00,0.000000e+00,0.000000e+00,0.000000e+00,0.000000e+00,0.000000e+00,0.000000e+00,0.000000e+00,0.000000e+00,0.000000e+00,0.000000e+00
1.000000e+00,0.000000e+00,0.000000e+00,0.000000e+00,0.000000e+00,0.000000e+00,0.000000e+00,0.000000e+00,0.000000e+00,0.000000e+00,0.000000e+00,0.000000e+00,0.000000e+00,0.000000e+00,0.000000e+00
1.000000e+00,0.000000e+00,0.000000e+00,0.000000e+00,0.000000e+00,0.000000e+00,0.000000e+00,0.000000e+00,0.000000e+00,0.000000e+00,0.000000e+00,0.000000e+00,0.000000e+00,0.000000e+00,0.000000e+00
1.000000e+00,0.000000e+00,0.000000e+00,0.000000e+00,0.000000e+00,0.000000e+00,0.000000e+00,0.000000e+00,0.000000e+00,0.000000e+00,0.000000e+00,0.000000e+00,0.000000e+00,0.000000e+00,0.000000e+00
1.000000e+00,0.000000e+00,0.000000e+00,0.000000e+00,0.000000e+00,0.000000e+00,0.000000e+00,0.000000e+00,0.000000e+00,0.000000e+00,0.000000e+00,0.000000e+00,0.000000e+00,0.000000e+00,0.000000e+00
1.000000e+00,0.000000e+00,0.000000e+00,0.000000e+00,0.000000e+00,0.000000e+00,0.000000e+00,0.000000e+00,0.000000e+00,0.000000e+00,0.000000e+00,0.000000e+00,0.000000e+00,0.000000e+00,0.000000e+00
1.000000e+00,0.000000e+00,0.000000e+00,0.000000e+00,0.000000e+00,0.000000e+00,0.000000e+00,0.000000e+00,0.000000e+00,0.000000e+00,0.000000e+00,0.000000e+00,0.000000e+00,0.000000e+00,0.000000e+00
1.000000e+00,0.000000e+00,0.000000e+00,0.000000e+00,0.000000e+00,0.000000e+00,0.000000e+00,0.000000e+00,0.000000e+00,0.000000e+00,0.000000e+00,0.000000e+00,0.000000e+00,0.000000e+00,0.000000e+00
1.000000e+00,0.000000e+00,0.000000e+00,0.000000e+00,0.000000e+00,0.000000e+00,0.000000e+00,0.000000e+00,0.000000e+00,0.000000e+00,0.000000e+00,0.000000e+00,0.000000e+00,0.000000e+00,0.000000e+00
1.000000e+00,0.000000e+00,0.000000e+00,0.000000e+00,0.000000e+00,0.000000e+00,0.000000e+00,0.000000e+00,0.000000e+00,0.000000e+00,0.000000e+00,0.000000e+00,0.000000e+00,0.000000e+00,0.000000e+00
1.000000e+00,0.000000e+00,0.000000e+00,0.000000e+00,0.000000e+00,0.000000e+00,0.000000e+00,0.000000e+00,0.000000e+00,0.000000e+00,0.000000e+00,0.000000e+00,0.000000e+00,0.000000e+00,0.000000e+00
1.000000e+00,0.000000e+00,0.000000e+00,0.000000e+00,0.000000e+00,0.000000e+00,0.000000e+00,0.000000e+00,0.000000e+00,0.000000e+00,0.000000e+00,0.000000e+00,0.000000e+00,0.000000e+00,0.000000e+00
1.000000e+00,0.000000e+00,0.000000e+00,0.000000e+00,0.000000e+00,0.000000e+00,0.000000e+00,0.000000e+00,0.000000e+00,0.000000e+00,0.000000e+00,0.000000e+00,0.000000e+00,0.000000e+00,0.000000e+00
1.000000e+00,0.000000e+00,0.000000e+00,0.000000e+00,0.000000e+00,0.000000e+00,0.000000e+00,0.000000e+00,0.000000e+00,0.000000e+00,0.000000e+00,0.000000e+00,0.000000e+00,0.000000e+00,0.000000e+00
1.000000e+00,0.000000e+00,0.000000e+00,0.000000e+00,0.000000e+00,0.000000e+00,0.000000e+00,0.000000e+00,0.000000e+00,0.000000e+00,0.000000e+00,0.000000e+00,0.000000e+00,0.000000e+00,0.000000e+00
1.000000e+00,0.000000e+00,0.000000e+00,0.000000e+00,0.000000e+00,0.000000e+00,0.000000e+00,0.000000e+00,0.000000e+00,0.000000e+00,0.000000e+00,0.000000e+00,0.000000e+00,0.000000e+00,0.000000e+00
1.000000e+00,0.000000e+00,0.000000e+00,0.000000e+00,0.000000e+00,0.000000e+00,0.000000e+00,0.000000e+00,0.000000e+00,0.000000e+00,0.000000e+00,0.000000e+00,0.000000e+00,0.000000e+00,0.000000e+00
1.000000e+00,0.000000e+00,0.000000e+00,0.000000e+00,0.000000e+00,0.000000e+00,0.000000e+00,0.000000e+00,0.000000e+00,0.000000e+00,0.000000e+00,0.000000e+00,0.000000e+00,0.000000e+00,0.000000e+00
1.000000e+00,0.000000e+00,0.000000e+00,0.000000e+00,0.000000e+00,0.000000e+00,0.000000e+00,0.000000e+00,0.000000e+00,0.000000e+00,0.000000e+00,0.000000e+00,0.000000e+00,0.000000e+00,0.000000e+00
1.000000e+00,0.000000e+00,0.000000e+00,0.000000e+00,0.000000e+00,0.000000e+00,0.000000e+00,0.000000e+00,0.000000e+00,0.000000e+00,0.000000e+00,0.000000e+00,0.000000e+00,0.000000e+00,0.000000e+00
1.000000e+00,0.000000e+00,0.000000e+00,0.000000e+00,0.000000e+00,0.000000e+00,0.000000e+00,0.000000e+00,0.000000e+00,0.000000e+00,0.000000e+00,0.000000e+00,0.000000e+00,0.000000e+00,0.000000e+00
1.000000e+00,0.000000e+00,0.000000e+00,0.000000e+00,0.000000e+00,0.000000e+00,0.000000e+00,0.000000e+00,0.000000e+00,0.000000e+00,0.000000e+00,0.000000e+00,0.000000e+00,0.000000e+00,0.000000e+00
1.000000e+00,0.000000e+00,0.000000e+00,0.000000e+00,0.000000e+00,0.000000e+00,0.000000e+00,0.000000e+00,0.000000e+00,0.000000e+00,0.000000e+00,0.000000e+00,0.000000e+00,0.000000e+00,0.000000e+00
1.000000e+00,0.000000e+00,0.000000e+00,0.000000e+00,0.000000e+00,0.000000e+00,0.000000e+00,0.000000e+00,0.000000e+00,0.000000e+00,0.000000e+00,0.000000e+00,0.000000e+00,0.000000e+00,0.000000e+00
1.000000e+00,0.000000e+00,0.000000e+00,0.000000e+00,0.000000e+00,0.000000e+00,0.000000e+00,0.000000e+00,0.000000e+00,0.000000e+00,0.000000e+00,0.000000e+00,0.000000e+00,0.000000e+00,0.000000e+00
1.000000e+00,0.000000e+00,0.000000e+00,0.000000e+00,0.000000e+00,0.000000e+00,0.000000e+00,0.000000e+00,0.000000e+00,0.000000e+00,0.000000e+00,0.000000e+00,0.000000e+00,0.000000e+00,0.000000e+00
1.000000e+00,0.000000e+00,0.000000e+00,0.000000e+00,0.000000e+00,0.000000e+00,0.000000e+00,0.000000e+00,0.000000e+00,0.000000e+00,0.000000e+00,0.000000e+00,0.000000e+00,0.000000e+00,0.000000e+00
1.000000e+00,0.000000e+00,0.000000e+00,0.000000e+00,0.000000e+00,0.000000e+00,0.000000e+00,0.000000e+00,0.000000e+00,0.000000e+00,0.000000e+00,0.000000e+00,0.000000e+00,0.000000e+00,0.000000e+00
1.000000e+00,0.000000e+00,0.000000e+00,0.000000e+00,0.000000e+00,0.000000e+00,0.000000e+00,0.000000e+00,0.000000e+00,0.000000e+00,0.000000e+00,0.000000e+00,0.000000e+00,0.000000e+00,0.000000e+00
1.000000e+00,0.000000e+00,0.000000e+00,0.000000e+00,0.000000e+00,0.000000e+00,0.000000e+00,0.000000e+00,0.000000e+00,0.000000e+00,0.000000e+00,0.000000e+00,0.000000e+00,0.000000e+00,0.000000e+00
1.000000e+00,0.000000e+00,0.000000e+00,0.000000e+00,0.000000e+00,0.000000e+00,0.000000e+00,0.000000e+00,0.000000e+00,0.000000e+00,0.000000e+00,0.000000e+00,0.000000e+00,0.000000e+00,0.000000e+00
1.000000e+00,0.000000e+00,0.000000e+00,0.000000e+00,0.000000e+00,0.000000e+00,0.000000e+00,0.000000e+00,0.000000e+00,0.000000e+00,0.000000e+00,0.000000e+00,0.000000e+00,0.000000e+00,0.000000e+00
1.000000e+00,0.000000e+00,0.000000e+00,0.000000e+00,0.000000e+00,0.000000e+00,0.000000e+00,0.000000e+00,0.000000e+00,0.000000e+00,0.000000e+00,0.000000e+00,0.000000e+00,0.000000e+00,0.000000e+00
1.000000e+00,0.000000e+00,0.000000e+00,0.000000e+00,0.000000e+00,0.000000e+00,0.000000e+00,0.000000e+00,0.000000e+00,0.000000e+00,0.000000e+00,0.000000e+00,0.000000e+00,0.000000e+00,0.000000e+00
1.000000e+00,0.000000e+00,0.000000e+00,0.000000e+00,0.000000e+00,0.000000e+00,0.000000e+00,0.000000e+00,0.000000e+00,0.000000e+00,0.000000e+00,0.000000e+00,0.000000e+00,0.000000e+00,0.000000e+00
1.000000e+00,0.000000e+00,0.000000e+00,0.000000e+00,0.000000e+00,0.000000e+00,0.000000e+00,0.000000e+00,0.000000e+00,0.000000e+00,0.000000e+00,0.000000e+00,0.000000e+00,0.000000e+00,0.000000e+00
1.000000e+00,0.000000e+00,0.000000e+00,0.000000e+00,0.000000e+00,0.000000e+00,0.000000e+00,0.000000e+00,0.000000e+00,0.000000e+00,0.000000e+00,0.000000e+00,0.000000e+00,0.000000e+00,0.000000e+00
1.000000e+00,0.000000e+00,0.000000e+00,0.000000e+00,0.000000e+00,0.000000e+00,0.000000e+00,0.000000e+00,0.000000e+00,0.000000e+00,0.000000e+00,0.000000e+00,0.000000e+00,0.000000e+00,0.000000e+00
1.000000e+00,0.000000e+00,0.000000e+00,0.000000e+00,0.000000e+00,0.000000e+00,0.000000e+00,0.000000e+00,0.000000e+00,0.000000e+00,0.000000e+00,0.000000e+00,0.000000e+00,0.000000e+00,0.000000e+00
4.822722e-01,6.214960e-02,3.484507e-02,1.360745e-01,2.158075e-02,5.125458e-02,2.638417e-02,4.789244e-02,1.936072e-02,3.027208e-03,8.008948e-03,4.059216e-02,3.236473e-02,2.621687e-03,3.157119e-02
4.740038e-01,6.475392e-02,2.976702e-02,1.385969e-01,2.533445e-02,4.926630e-02,2.479614e-02,4.219496e-02,2.204812e-02,3.210490e-03,8.600670e-03,4.449509e-02,3.788731e-02,2.842767e-03,3.220207e-02
4.751998e-01,6.115957e-02,2.449449e-02,1.339972e-01,2.800693e-02,5.088338e-02,2.469820e-02,3.717915e-02,2.365382e-02,3.085006e-03,8.326181e-03,4.981231e-02,4.503147e-02,2.728987e-03,3.174345e-02
4.146601e-01,6.553015e-02,2.275987e-02,1.501326e-01,3.313529e-02,5.761185e-02,2.244519e-02,3.340254e-02,2.924060e-02,3.658219e-03,9.479119e-03,6.098976e-02,5.570222e-02,3.094870e-03,3.815755e-02
4.261429e-01,7.311304e-02,2.042794e-02,1.434107e-01,3.343722e-02,5.177394e-02,1.896605e-02,2.797136e-02,2.837897e-02,4.190756e-03,1.084240e-02,5.980574e-02,5.433355e-02,3.762295e-03,4.344315e-02
3.972619e-01,7.941592e-02,1.892941e-02,1.437805e-01,3.480411e-02,5.062475e-02,1.755069e-02,2.450159e-02,3.455884e-02,5.795591e-03,1.120724e-02,5.805227e-02,5.482868e-02,5.258083e-03,6.343048e-02
3.990445e-01,8.327755e-02,1.784039e-02,1.389215e-01,3.328294e-02,4.646104e-02,1.588224e-02,2.229155e-02,3.509523e-02,6.693802e-03,1.122221e-02,5.414994e-02,5.546529e-02,6.040315e-03,7.433145e-02
4.656515e-01,7.680533e-02,1.571161e-02,1.211727e-01,2.878327e-02,4.161707e-02,1.382152e-02,1.918264e-02,3.121099e-02,5.993548e-03,1.046840e-02,4.642468e-02,4.921514e-02,5.534043e-03,6.840757e-02
1.000000e+00,0.000000e+00,0.000000e+00,0.000000e+00,0.000000e+00,0.000000e+00,0.000000e+00,0.000000e+00,0.000000e+00,0.000000e+00,0.000000e+00,0.000000e+00,0.000000e+00,0.000000e+00,0.000000e+00
1.000000e+00,0.000000e+00,0.000000e+00,0.000000e+00,0.000000e+00,0.000000e+00,0.000000e+00,0.000000e+00,0.000000e+00,0.000000e+00,0.000000e+00,0.000000e+00,0.000000e+00,0.000000e+00,0.000000e+00
1.000000e+00,0.000000e+00,0.000000e+00,0.000000e+00,0.000000e+00,0.000000e+00,0.000000e+00,0.000000e+00,0.000000e+00,0.000000e+00,0.000000e+00,0.000000e+00,0.000000e+00,0.000000e+00,0.000000e+00
1.000000e+00,0.000000e+00,0.000000e+00,0.000000e+00,0.000000e+00,0.000000e+00,0.000000e+00,0.000000e+00,0.000000e+00,0.000000e+00,0.000000e+00,0.000000e+00,0.000000e+00,0.000000e+00,0.000000e+00
1.000000e+00,0.000000e+00,0.000000e+00,0.000000e+00,0.000000e+00,0.000000e+00,0.000000e+00,0.000000e+00,0.000000e+00,0.000000e+00,0.000000e+00,0.000000e+00,0.000000e+00,0.000000e+00,0.000000e+00
1.000000e+00,0.000000e+00,0.000000e+00,0.000000e+00,0.000000e+00,0.000000e+00,0.000000e+00,0.000000e+00,0.000000e+00,0.000000e+00,0.000000e+00,0.000000e+00,0.000000e+00,0.000000e+00,0.000000e+00
1.000000e+00,0.000000e+00,0.000000e+00,0.000000e+00,0.000000e+00,0.000000e+00,0.000000e+00,0.000000e+00,0.000000e+00,0.000000e+00,0.000000e+00,0.000000e+00,0.000000e+00,0.000000e+00,0.000000e+00
3.735943e-01,2.592924e-02,9.729543e-02,3.607718e-01,6.251903e-03,1.417090e-02,3.774155e-03,1.203635e-02,1.301030e-02,6.154381e-03,8.084816e-03,1.607681e-02,1.665085e-02,1.890191e-03,4.430859e-02
3.159086e-01,2.061254e-02,2.027275e-01,3.176562e-01,6.266634e-03,1.142864e-02,2.920983e-03,1.856979e-02,1.689729e-02,6.405019e-03,1.366303e-02,1.262565e-02,1.715406e-02,1.655456e-03,3.550861e-02
2.514103e-01,1.733493e-02,1.520049e-01,3.215956e-01,4.861023e-03,1.875556e-02,2.881801e-03,1.768025e-02,4.768489e-02,7.195188e-03,1.778679e-02,1.040981e-02,8.407656e-02,1.908806e-03,4.441363e-02
1.766727e-01,2.976217e-02,1.343584e-01,4.011484e-01,3.541542e-03,1.365042e-02,2.153052e-03,1.252827e-02,8.492406e-02,9.619549e-03,1.307899e-02,7.637564e-03,5.976711e-02,1.437066e-03,4.972073e-02
1.298179e-01,2.989298e-02,1.284712e-01,4.039393e-01,2.985305e-03,1.018832e-02,1.664179e-03,8.919543e-03,1.278357e-01,1.681470e-02,1.327342e-02,5.908786e-03,4.403051e-02,1.343685e-03,7.491446e-02
1.812950e-01,2.571231e-02,9.844638e-02,3.533911e-01,7.207598e-03,1.223298e-02,3.480567e-03,6.889783e-03,1.376039e-01,1.521223e-02,3.596684e-02,6.296116e-03,4.979603e-02,1.948203e-03,6.452093e-02
1.317986e-01,3.524143e-02,7.747270e-02,3.451062e-01,6.794149e-03,9.614556e-03,2.826856e-03,4.875500e-03,2.371860e-01,1.536575e-02,2.633144e-02,4.855009e-03,3.723631e-02,1.678718e-03,6.361686e-02
2.125540e-01,4.289297e-02,5.792808e-02,3.146614e-01,6.961650e-03,1.080241e-02,2.512448e-03,3.853608e-03,2.100522e-01,1.451619e-02,2.291138e-02,4.014651e-03,3.222286e-02,2.617614e-03,6.149860e-02
2.458599e-01,6.590737e-02,4.395645e-02,2.308482e-01,5.753658e-03,1.018011e-02,1.967414e-03,3.001522e-03,1.972597e-01,1.354361e-02,1.773154e-02,3.655479e-03,2.822556e-02,4.831308e-03,1.272782e-01
2.740912e-01,9.256090e-02,3.621540e-02,1.783624e-01,1.023247e-02,1.869904e-02,2.578856e-03,2.452581e-03,1.920426e-01,1.276179e-02,1.649227e-02,3.922227e-03,4.006004e-02,6.390904e-03,1.131374e-01
2.032106e-01,1.647319e-01,2.994457e-02,1.632505e-01,9.589977e-03,1.965293e-02,2.809866e-03,2.037933e-03,2.263549e-01,1.805117e-02,1.213281e-02,3.625329e-03,4.003452e-02,5.617728e-03,9.895530e-02
1.529461e-01,2.390782e-01,2.614407e-02,1.605847e-01,7.009271e-03,1.427922e-02,2.127931e-03,1.701512e-03,2.372951e-01,1.414288e-02,9.893682e-03,3.985698e-03,2.925861e-02,6.130154e-03,9.542289e-02
2.021662e-01,1.959634e-01,2.032533e-02,1.387122e-01,5.462072e-03,1.140662e-02,1.744827e-03,2.275490e-03,2.198298e-01,1.457196e-02,3.304785e-02,5.504970e-03,4.357664e-02,9.379919e-03,9.603275e-02
2.562290e-01,1.856929e-01,1.571485e-02,1.140047e-01,5.288009e-03,1.048054e-02,1.401973e-03,2.009339e-03,1.868562e-01,1.224301e-02,3.051635e-02,5.592756e-03,3.866591e-02,9.551944e-03,1.257525e-01
1.876548e-01,3.408608e-01,1.425496e-02,8.300812e-02,3.784586e-03,7.665160e-03,1.003709e-03,1.600718e-03,1.647561e-01,1.357447e-02,2.221109e-02,5.276837e-03,2.976250e-02,9.043012e-03,1.155432e-01
1.862349e-01,3.547362e-01,1.501021e-02,6.396981e-02,3.782602e-03,7.721635e-03,9.460481e-04,3.868581e-03,1.588563e-01,1.243602e-02,1.833729e-02,5.969708e-03,3.831074e-02,1.248130e-02,1.173387e-01
1.664684e-01,3.293355e-01,4.578091e-02,5.285621e-02,3.776400e-03,7.228099e-03,1.084792e-03,7.105752e-03,1.866947e-01,1.265388e-02,1.505867e-02,5.922229e-03,3.447191e-02,1.368865e-02,1.178740e-01
1.714374e-01,2.906784e-01,4.507985e-02,4.123795e-02,4.370846e-03,7.967243e-03,1.024976e-03,8.771435e-03,1.619349e-01,1.147438e-02,1.262440e-02,6.967063e-03,4.083291e-02,2.028846e-02,1.753098e-01
1.464892e-01,2.978550e-01,7.997961e-02,3.328704e-02,3.784211e-03,1.095185e-02,1.011341e-03,7.441159e-03,1.472176e-01,1.161971e-02,1.121601e-02,9.387948e-03,5.283681e-02,1.923595e-02,1.676866e-01
1.099898e-01,2.674567e-01,8.145802e-02,2.956722e-02,3.752757e-03,9.622863e-03,8.916114e-04,6.025795e-03,1.770648e-01,1.163500e-02,9.733960e-03,8.808674e-03,7.237956e-02,2.162144e-02,1.899919e-01
8.429124e-02,1.989146e-01,6.448673e-02,2.524263e-02,1.285503e-02,1.002465e-02,1.776569e-03,5.459090e-03,1.517783e-01,8.992756e-03,9.970526e-03,1.026092e-02,2.324147e-01,1.689710e-02,1.666352e-01
6.735580e-02,1.439332e-01,4.822621e-02,1.907907e-02,1.160769e-02,1.224857e-02,2.066807e-03,5.036095e-03,1.230574e-01,7.067016e-03,8.646416e-03,1.085515e-02,3.989723e-01,1.403018e-02,1.278181e-01
5.151774e-02,1.036482e-01,3.557830e-02,1.387323e-02,1.072560e-02,1.073872e-02,1.980657e-03,4.796135e-03,9.407375e-02,5.101934e-03,6.483533e-03,1.561260e-02,5.412561e-01,1.004908e-02,9.456444e-02
6.109090e-02,7.988156e-02,7.779694e-02,3.258589e-02,1.384994e-02,1.067660e-02,2.039258e-03,6.712384e-03,1.262895e-01,5.230030e-03,5.724474e-03,1.259899e-02,4.822465e-01,7.629058e-03,7.564796e-02
6.144392e-02,5.715694e-02,5.561314e-02,2.352584e-02,1.443670e-02,1.045556e-02,2.008087e-03,5.922951e-03,9.111860e-02,3.836534e-03,4.637746e-03,9.519965e-03,5.975723e-01,5.481501e-03,5.727021e-02
7.889470e-02,4.108446e-02,4.183239e-02,1.759662e-02,1.615363e-02,1.142704e-02,2.447835e-03,6.227047e-03,6.721305e-02,2.870950e-03,3.925920e-03,9.388723e-03,6.549402e-01,4.268820e-03,4.172863e-02
1.279290e-01,2.991637e-02,3.316757e-02,1.401499e-02,1.462994e-02,1.173014e-02,2.439889e-03,5.738062e-03,5.083996e-02,2.523941e-03,3.836345e-03,9.120641e-03,6.586203e-01,3.442888e-03,3.204997e-02
1.281010e-01,2.183748e-02,2.346487e-02,1.060581e-02,1.589074e-02,1.014490e-02,2.259516e-03,5.151141e-03,3.709185e-02,1.840551e-03,3.234155e-03,9.157080e-03,7.056530e-01,2.477122e-03,2.309079e-02
1.458109e-01,1.641890e-02,2.101112e-02,9.059135e-03,1.525835e-02,1.062865e-02,2.192865e-03,5.512986e-03,2.778726e-02,1.431459e-03,2.890225e-03,8.590008e-03,7.147097e-01,1.915938e-03,1.678255e-02
1.178490e-01,1.212670e-02,1.533783e-02,7.007375e-03,1.850661e-02,8.795157e-03,2.035736e-03,4.514663e-03,2.056459e-02,1.022536e-03,2.347623e-03,6.857908e-03,7.691371e-01,1.402790e-03,1.249433e-02
9.670159e-02,9.111590e-03,1.132888e-02,5.912572e-03,1.824212e-02,7.165531e-03,1.742454e-03,3.815067e-03,1.527389e-02,7.469899e-04,2.139576e-03,6.883899e-03,8.103244e-01,1.052429e-03,9.559019e-03
7.591964e-02,7.643403e-03,1.068365e-02,4.696560e-03,1.724838e-02,6.265520e-03,1.647331e-03,5.925577e-03,1.231826e-02,5.838135e-04,2.190338e-03,7.032868e-03,8.394613e-01,9.439965e-04,7.439346e-03
7.007905e-02,6.941217e-03,4.298649e-02,7.958909e-03,1.799054e-02,5.525709e-03,1.642846e-03,2.226998e-02,9.649159e-03,6.774004e-04,2.137550e-03,6.929656e-03,7.968658e-01,9.813681e-04,7.364301e-03
6.706863e-02,5.371917e-03,6.376754e-02,6.879114e-03,1.699855e-02,4.785253e-03,1.351401e-03,1.810715e-02,7.326473e-03,5.392763e-04,1.810835e-03,5.124096e-03,7.937577e-01,8.301180e-04,6.281988e-03
9.399514e-02,4.858320e-03,9.776878e-02,1.002735e-02,1.825372e-02,3.976825e-03,1.108571e-03,1.904168e-02,5.853836e-03,5.283182e-04,1.644281e-03,4.244853e-03,7.319388e-01,1.102880e-03,5.656598e-03
9.513627e-02,3.933365e-03,1.016332e-01,1.198337e-02,1.967291e-02,3.597973e-03,1.045217e-03,1.640216e-02,4.703488e-03,4.402414e-04,1.718655e-03,4.284740e-03,7.291221e-01,1.205408e-03,5.120887e-03
8.560260e-02,3.671974e-03,7.620183e-02,9.579306e-03,2.135195e-02,3.380475e-03,8.164987e-04,1.186165e-02,4.165486e-03,3.523615e-04,1.481048e-03,3.690600e-03,7.718430e-01,9.647076e-04,5.036527e-03
9.721750e-02,3.912868e-03,5.887219e-02,9.146996e-03,2.100400e-02,6.726188e-03,1.256918e-03,9.548668e-03,4.746546e-03,3.597031e-04,1.278889e-03,3.547723e-03,7.774800e-01,8.070804e-04,4.094689e-03
1.122126e-01,2.144669e-02,6.785680e-02,4.368215e-02,1.959483e-02,8.358991e-03,1.441736e-03,9.395583e-03,5.554576e-03,3.123043e-03,3.145901e-03,9.652156e-03,6.678278e-01,1.963460e-03,2.474363e-02
1.252385e-01,1.702306e-02,2.015711e-01,4.108334e-02,1.636665e-02,9.561442e-03,3.201513e-03,1.226442e-02,4.280031e-03,2.947435e-03,2.740056e-03,1.122504e-02,5.294464e-01,1.875418e-03,2.117563e-02
1.885199e-01,1.787890e-02,1.872726e-01,3.477161e-02,1.645279e-02,1.971567e-02,3.699494e-03,1.488151e-02,5.366615e-03,4.439875e-03,3.872057e-03,2.702061e-02,4.429744e-01,6.439697e-03,2.669425e-02
2.487714e-01,2.040120e-02,1.409115e-01,2.966019e-02,1.496992e-02,4.233457e-02,5.163358e-03,1.094313e-02,8.622034e-03,8.778507e-03,4.198269e-03,9.208895e-02,3.268721e-01,7.488254e-03,3.879655e-02
2.788203e-01,2.645690e-02,1.056015e-01,2.865269e-02,1.345928e-02,6.139601e-02,5.852262e-03,7.983207e-03,1.236676e-02,9.438910e-03,5.593168e-03,1.545088e-01,2.416420e-01,8.611564e-03,3.961666e-02
2.485385e-01,1.931262e-02,7.421888e-02,2.044492e-02,9.639381e-03,5.258333e-02,4.703048e-03,5.858445e-03,9.550012e-03,7.099810e-03,6.684636e-03,3.337841e-01,1.724645e-01,6.798776e-03,2.831903e-02
1.896823e-01,1.354029e-02,5.196576e-02,1.436381e-02,6.792929e-03,4.207252e-02,3.722007e-03,4.212059e-03,7.071046e-03,5.121472e-03,6.115685e-03,5.086442e-01,1.219445e-01,4.866694e-03,1.988471e-02
1.551750e-01,9.502811e-03,3.638481e-02,1.010657e-02,4.780178e-03,3.532848e-02,3.183632e-03,3.086386e-03,5.229324e-03,3.709156e-03,8.485056e-03,6.209630e-01,8.633036e-02,3.711302e-03,1.402396e-02
1.177724e-01,6.721643e-03,2.548916e-02,7.099940e-03,3.454082e-03,2.631715e-02,2.777108e-03,2.289901e-03,3.946794e-03,2.945098e-03,9.722750e-03,7.171459e-01,6.137077e-02,3.042943e-03,9.904380e-03
8.418401e-02,4.746604e-03,1.785004e-02,4.980561e-03,2.481455e-03,1.862380e-02,2.024328e-03,1.682698e-03,3.028929e-03,2.837117e-03,8.428759e-03,7.964947e-01,4.330910e-02,2.367756e-03,6.960097e-03
5.990978e-02,3.343597e-03,1.250130e-02,3.495024e-03,1.779871e-03,1.311524e-02,1.435348e-03,1.204099e-03,2.356906e-03,2.251667e-03,1.068820e-02,8.508704e-01,3.044714e-02,1.719762e-03,4.881661e-03
4.224089e-02,2.363084e-03,8.752996e-03,2.480148e-03,1.596242e-03,9.247127e-03,1.058824e-03,8.961954e-04,1.912521e-03,1.729504e-03,9.457842e-03,8.921835e-01,2.142479e-02,1.230732e-03,3.425674e-03
2.994085e-02,1.678820e-03,6.132545e-03,1.798769e-03,1.922789e-03,6.648493e-03,7.738775e-04,8.165478e-04,1.808213e-03,1.347454e-03,9.047775e-03,9.197187e-01,1.507506e-02,8.847313e-04,2.405402e-03
2.155885e-02,1.558930e-03,4.334559e-03,1.289119e-03,2.502935e-03,4.734575e-03,5.507745e-04,7.242250e-04,2.006970e-03,1.092815e-03,6.983019e-02,8.767858e-01,1.058939e-02,7.188278e-04,1.722141e-03
1.545802e-02,1.133388e-03,3.040986e-03,9.205639e-04,1.887694e-03,3.371320e-03,3.890287e-04,5.433898e-04,1.562006e-03,8.417136e-04,1.120248e-01,8.496163e-01,7.448156e-03,5.482406e-04,1.214420e-03
1.090773e-02,8.491117e-04,2.162851e-03,6.904610e-04,8.874690e-03,2.635386e-03,3.119978e-04,5.293349e-04,1.233213e-03,6.824047e-04,9.054577e-02,8.740479e-01,5.262109e-03,4.061887e-04,8.608175e-04
7.732064e-03,6.549113e-04,1.574081e-03,5.296672e-04,1.576143e-02,2.575258e-03,2.817600e-04,6.893486e-04,9.549523e-04,5.436759e-04,6.616968e-02,8.978274e-01,3.741327e-03,3.523359e-04,6.120828e-04
5.503381e-03,5.660593e-04,1.169157e-03,4.150507e-04,2.465750e-02,3.293381e-03,3.114386e-04,8.917685e-04,7.911234e-04,4.125996e-04,4.763507e-02,9.109528e-01,2.654993e-03,3.112212e-04,4.344071e-04
3.962243e-03,5.483805e-04,1.037659e-03,3.770641e-04,4.221413e-02,3.180080e-03,5.665981e-04,2.116194e-03,1.219709e-03,3.258671e-04,3.524243e-02,9.066396e-01,1.889917e-03,3.604877e-04,3.195906e-04
3.058083e-03,4.901459e-04,9.345769e-04,3.712999e-04,3.501365e-02,2.630120e-03,6.619337e-04,4.301816e-03,1.611268e-03,2.592523e-04,2.659176e-02,9.220880e-01,1.360654e-03,3.914788e-04,2.358666e-04
3.074100e-03,1.990881e-03,2.938696e-03,5.324802e-04,3.123472e-02,3.322683e-03,1.171378e-03,9.000464e-03,4.063319e-03,3.877255e-04,2.753401e-02,9.126911e-01,1.041093e-03,7.219547e-04,2.954084e-04
3.400438e-03,2.331012e-03,5.781013e-03,5.658973e-04,4.160815e-02,3.584022e-03,1.862708e-03,1.251186e-02,7.609488e-03,8.674130e-04,2.531635e-02,8.924137e-01,1.019888e-03,8.307177e-04,2.972957e-04
4.475936e-03,2.493870e-03,1.228520e-02,9.490664e-04,7.338897e-02,3.640009e-03,1.988455e-03,2.381213e-02,1.182212e-02,1.734616e-03,2.406638e-02,8.366373e-01,1.261192e-03,1.122698e-03,3.220053e-04
5.303791e-03,4.637995e-03,1.158447e-02,9.164005e-04,1.657801e-01,7.020899e-03,2.651349e-03,2.642336e-02,1.439247e-01,1.467090e-03,1.841632e-02,6.095052e-01,1.185169e-03,9.189420e-04,2.641898e-04
5.833360e-03,6.506933e-03,1.021099e-02,8.354709e-04,2.466464e-01,6.054768e-03,2.671309e-03,2.834753e-02,2.386591e-01,1.380394e-03,1.601598e-02,4.348137e-01,1.051485e-03,7.453620e-04,2.271736e-04
7.622548e-03,9.441705e-03,8.852392e-03,8.374223e-04,2.817884e-01,5.187365e-03,2.632283e-03,2.039122e-02,3.436018e-01,1.216920e-03,1.187765e-02,3.048370e-01,8.360451e-04,5.595256e-04,3.177093e-04
1.254220e-02,1.007925e-02,8.071931e-03,1.721902e-03,3.413492e-01,4.613095e-03,3.442635e-03,1.597575e-02,3.761809e-01,1.203641e-03,9.279244e-03,2.136983e-01,8.827987e-04,4.681662e-04,4.909597e-04
2.318163e-02,1.017757e-02,7.034640e-03,2.891670e-03,3.493651e-01,4.551752e-03,3.638049e-03,1.555682e-02,4.214886e-01,1.278442e-03,7.564822e-03,1.500801e-01,1.159320e-03,4.616151e-04,1.569876e-03
3.687108e-02,1.001731e-02,5.825561e-03,4.360216e-03,3.552392e-01,3.709833e-03,3.314488e-03,1.661951e-02,4.477599e-01,1.157176e-03,6.456443e-03,1.055510e-01,1.072277e-03,4.417187e-04,1.604432e-03
4.921865e-02,1.073509e-02,4.413215e-03,3.766400e-03,3.340867e-01,3.401746e-03,2.538922e-03,1.236877e-02,4.935588e-01,1.178901e-03,6.478501e-03,7.465388e-02,1.172640e-03,8.575326e-04,1.570351e-03
5.801176e-02,1.294009e-02,3.275058e-03,3.534031e-03,3.511238e-01,2.753458e-03,1.989347e-03,9.200878e-03,4.934037e-01,1.140849e-03,5.715039e-03,5.323311e-02,1.286900e-03,8.571171e-04,1.534931e-03
7.818518e-02,1.822181e-02,3.100963e-03,4.272569e-03,3.512766e-01,4.472945e-03,7.107312e-03,1.316692e-02,4.644303e-01,2.913129e-03,7.099333e-03,4.081044e-02,1.674629e-03,1.683004e-03,1.584830e-03
1.173539e-01,2.227001e-02,2.892168e-03,4.331387e-03,3.416167e-01,4.365736e-03,6.104638e-03,1.271005e-02,4.416580e-01,3.834321e-03,6.746738e-03,3.062055e-02,1.908048e-03,2.015421e-03,1.572335e-03
1.413415e-01,2.194379e-02,2.776409e-03,7.652099e-03,3.039944e-01,4.871041e-03,5.900172e-03,1.056058e-02,4.122098e-01,2.007194e-02,1.459085e-02,2.890297e-02,8.152341e-03,6.039426e-03,1.099267e-02
1.487534e-01,3.440067e-02,2.729175e-03,3.638635e-02,2.485794e-01,6.864767e-03,8.975782e-03,8.557164e-03,3.363432e-01,3.356657e-02,2.785682e-02,3.731144e-02,2.430962e-02,1.204343e-02,3.332231e-02
1.861260e-01,3.026565e-02,2.431392e-03,3.939941e-02,1.857016e-01,9.561514e-03,7.734103e-03,6.730200e-03,2.518218e-01,4.483091e-02,6.717251e-02,4.235177e-02,5.985042e-02,2.521231e-02,4.081035e-02
2.339004e-01,2.354889e-02,2.033014e-03,3.176333e-02,1.360449e-01,1.122987e-02,6.101874e-03,5.277723e-03,1.912294e-01,4.576233e-02,9.791979e-02,3.475856e-02,7.608267e-02,6.035587e-02,4.399132e-02
1.896766e-01,1.774549e-02,1.607316e-03,2.341275e-02,9.827057e-02,9.744530e-03,4.444644e-03,3.974115e-03,1.406613e-01,4.033859e-02,1.044400e-01,2.642564e-02,7.381361e-02,2.127860e-01,5.265881e-02
1.535249e-01,1.374561e-02,1.302408e-03,1.735399e-02,7.173200e-02,8.071002e-03,3.272773e-03,2.995436e-03,1.196289e-01,4.037098e-02,1.144941e-01,2.174186e-02,8.006614e-02,2.887299e-01,6.297006e-02
1.145461e-01,1.171310e-02,1.239134e-03,1.357967e-02,5.289588e-02,6.388556e-03,2.400645e-03,2.286020e-03,1.734820e-01,3.387582e-02,1.286163e-01,2.237469e-02,1.119763e-01,2.482717e-01,7.635414e-02
8.074147e-02,1.089830e-02,9.960881e-04,1.032462e-02,3.843088e-02,4.756609e-03,1.714475e-03,1.695413e-03,2.961022e-01,2.409554e-02,1.115605e-01,1.935921e-02,1.009107e-01,2.033838e-01,9.503026e-02
5.723558e-02,8.061279e-03,8.404336e-04,8.294212e-03,2.952748e-02,6.653096e-03,1.242992e-03,1.413964e-03,4.736635e-01,1.710273e-02,8.217948e-02,1.434672e-02,7.412925e-02,1.463403e-01,7.896894e-02
4.067149e-02,7.012686e-03,7.460358e-04,6.025204e-03,3.024317e-02,5.458838e-03,9.205892e-04,1.083046e-03,5.970482e-01,1.213251e-02,6.484656e-02,1.055800e-02,5.604899e-02,1.068133e-01,6.039141e-02
2.919763e-02,5.133105e-03,6.421211e-04,4.329755e-03,3.010687e-02,5.720810e-03,6.949764e-04,9.703369e-04,6.967940e-01,8.641227e-03,4.866857e-02,7.683970e-03,4.122970e-02,7.728265e-02,4.290424e-02
2.122625e-02,3.687436e-03,5.457444e-04,3.154074e-03,2.407015e-02,6.007566e-03,5.147077e-04,7.689077e-04,7.725316e-01,6.126185e-03,3.732665e-02,5.694274e-03,3.112279e-02,5.666444e-02,3.055915e-02
1.588299e-02,2.630945e-03,4.027088e-04,2.303793e-03,1.793384e-02,5.228193e-03,3.680647e-04,5.695458e-04,8.261873e-01,4.416125e-03,3.232865e-02,4.627642e-03,2.370159e-02,4.168743e-02,2.173123e-02
1.190105e-02,1.893904e-03,3.766913e-04,1.992993e-03,1.297808e-02,4.162099e-03,2.662187e-04,4.209409e-04,8.679123e-01,3.360401e-03,2.591623e-02,4.373361e-03,1.877236e-02,3.021914e-02,1.545422e-02
9.912352e-03,1.522002e-03,3.614108e-04,1.613411e-03,1.077043e-02,3.399824e-03,1.973069e-04,4.084585e-04,8.848016e-01,2.858177e-03,2.644419e-02,3.454161e-03,1.460149e-02,2.781242e-02,1.184280e-02
7.864802e-03,1.147090e-03,3.460798e-04,1.222101e-03,9.947490e-03,2.605524e-03,1.498543e-04,4.673376e-04,9.031306e-01,2.155340e-03,2.055001e-02,2.504312e-03,1.086474e-02,2.830495e-02,8.739776e-03
9.356178e-03,9.262672e-04,5.778370e-04,1.491113e-03,1.416274e-02,2.742084e-03,1.338465e-04,1.262938e-03,9.067415e-01,1.851587e-03,1.646715e-02,2.296689e-03,8.890130e-03,2.648416e-02,6.615765e-03
2.040956e-02,8.817479e-04,5.420013e-04,1.649909e-03,2.079361e-02,3.875790e-03,1.190628e-04,1.552848e-03,8.931755e-01,1.609223e-03,1.571102e-02,1.964813e-03,8.087582e-03,2.420454e-02,5.422798e-03
3.670214e-02,7.754657e-04,7.077925e-04,2.256041e-03,1.859264e-02,3.637506e-03,1.214797e-04,1.664048e-03,8.736584e-01,1.734012e-03,1.897158e-02,4.745934e-03,1.285225e-02,1.881249e-02,4.768229e-03
7.527837e-02,6.575040e-04,5.578873e-04,1.734652e-03,2.129865e-02,2.904780e-03,1.125553e-04,2.056553e-03,8.350610e-01,1.636771e-03,2.111564e-02,4.589336e-03,1.243547e-02,1.599579e-02,4.565001e-03
8.308861e-02,7.446957e-04,7.206898e-04,1.759222e-03,2.597932e-02,2.952304e-03,1.783536e-04,3.159239e-03,7.649844e-01,2.338325e-03,6.616202e-02,6.797408e-03,1.860404e-02,1.785414e-02,4.677217e-03
1.033443e-01,9.476972e-04,9.082211e-04,1.976065e-03,3.007178e-02,3.793632e-03,2.355036e-04,4.668989e-03,7.410134e-01,2.147065e-03,5.942900e-02,7.670789e-03,2.131050e-02,1.789035e-02,4.592656e-03
9.228312e-02,1.239414e-03,1.105981e-03,2.493024e-03,2.609315e-02,3.107096e-03,2.061461e-04,4.624966e-03,7.676216e-01,2.007075e-03,5.216264e-02,6.755696e-03,1.946816e-02,1.529894e-02,5.532937e-03
1.137074e-01,1.955797e-03,1.759981e-03,2.440121e-03,2.681851e-02,5.084248e-03,2.632404e-04,4.543290e-03,7.197544e-01,2.294967e-03,5.178410e-02,7.568463e-03,1.895690e-02,3.329797e-02,9.770673e-03
1.354355e-01,3.073317e-03,1.034747e-02,9.719364e-03,2.785661e-02,6.122831e-03,4.246241e-04,6.532477e-03,6.753377e-01,2.628169e-03,4.916750e-02,7.782096e-03,1.542149e-02,3.773971e-02,1.241119e-02
1.409222e-01,4.192137e-03,1.052295e-02,9.677516e-03,2.778861e-02,1.075020e-02,4.723489e-04,5.868502e-03,6.648116e-01,2.826306e-03,4.109664e-02,9.304173e-03,1.266912e-02,4.488733e-02,1.421040e-02
1.673477e-01,8.725503e-03,1.233880e-02,1.144630e-02,2.720395e-02,2.595250e-02,6.190731e-04,6.275761e-03,6.160957e-01,3.504647e-03,3.510114e-02,9.488735e-03,1.013977e-02,4.783310e-02,1.792741e-02
1.723329e-01,8.315340e-03,1.081625e-02,1.069105e-02,2.300315e-02,2.382757e-02,5.386065e-04,5.851016e-03,6.362506e-01,3.706874e-03,2.825813e-02,8.982413e-03,7.859751e-03,4.459013e-02,1.497633e-02
1.642792e-01,7.413819e-03,8.904326e-03,9.397791e-03,1.831179e-02,2.311692e-02,4.904587e-04,4.598148e-03,6.655580e-01,3.752711e-03,2.086267e-02,7.296501e-03,5.883976e-03,4.488559e-02,1.524814e-02
1.804906e-01,7.907472e-03,1.121005e-02,1.702046e-02,1.990670e-02,2.268349e-02,7.344696e-04,7.399857e-03,6.386899e-01,4.001558e-03,1.679800e-02,1.138236e-02,5.211391e-03,4.328658e-02,1.327711e-02
1.960322e-01,7.867320e-03,1.394107e-02,1.879131e-02,1.752964e-02,2.533682e-02,1.070882e-03,5.872818e-03,6.208157e-01,3.569682e-03,1.381272e-02,1.145798e-02,4.331700e-03,4.730539e-02,1.226480e-02
2.387109e-01,7.181387e-03,1.186766e-02,1.550223e-02,1.585321e-02,2.366590e-02,1.010572e-03,4.691896e-03,5.983319e-01,4.015231e-03,1.164847e-02,1.116221e-02,4.113597e-03,4.096261e-02,1.128229e-02
2.933122e-01,6.830731e-03,1.023394e-02,1.368365e-02,1.577816e-02,2.088195e-02,1.021740e-03,4.059274e-03,5.464953e-01,4.160339e-03,1.047512e-02,1.159643e-02,4.263908e-03,4.599406e-02,1.121319e-02
3.963807e-01,7.026028e-03,1.007668e-02,1.353517e-02,1.419688e-02,1.754737e-02,1.210976e-03,4.419201e-03,4.450629e-01,4.029393e-03,1.021884e-02,1.346133e-02,4.772961e-03,4.661685e-02,1.144466e-02
4.931663e-01,6.618151e-03,1.389020e-02,1.425550e-02,1.293963e-02,1.685929e-02,2.412624e-03,7.639243e-03,3.472826e-01,3.586153e-03,1.046330e-02,1.690907e-02,5.647182e-03,3.742746e-02,1.090336e-02
1.000000e+00,0.000000e+00,0.000000e+00,0.000000e+00,0.000000e+00,0.000000e+00,0.000000e+00,0.000000e+00,0.000000e+00,0.000000e+00,0.000000e+00,0.000000e+00,0.000000e+00,0.000000e+00,0.000000e+00
1.000000e+00,0.000000e+00,0.000000e+00,0.000000e+00,0.000000e+00,0.000000e+00,0.000000e+00,0.000000e+00,0.000000e+00,0.000000e+00,0.000000e+00,0.000000e+00,0.000000e+00,0.000000e+00,0.000000e+00
1.000000e+00,0.000000e+00,0.000000e+00,0.000000e+00,0.000000e+00,0.000000e+00,0.000000e+00,0.000000e+00,0.000000e+00,0.000000e+00,0.000000e+00,0.000000e+00,0.000000e+00,0.000000e+00,0.000000e+00
1.000000e+00,0.000000e+00,0.000000e+00,0.000000e+00,0.000000e+00,0.000000e+00,0.000000e+00,0.000000e+00,0.000000e+00,0.000000e+00,0.000000e+00,0.000000e+00,0.000000e+00,0.000000e+00,0.000000e+00
1.000000e+00,0.000000e+00,0.000000e+00,0.000000e+00,0.000000e+00,0.000000e+00,0.000000e+00,0.000000e+00,0.000000e+00,0.000000e+00,0.000000e+00,0.000000e+00,0.000000e+00,0.000000e+00,0.000000e+00
1.000000e+00,0.000000e+00,0.000000e+00,0.000000e+00,0.000000e+00,0.000000e+00,0.000000e+00,0.000000e+00,0.000000e+00,0.000000e+00,0.000000e+00,0.000000e+00,0.000000e+00,0.000000e+00,0.000000e+00
1.000000e+00,0.000000e+00,0.000000e+00,0.000000e+00,0.000000e+00,0.000000e+00,0.000000e+00,0.000000e+00,0.000000e+00,0.000000e+00,0.000000e+00,0.000000e+00,0.000000e+00,0.000000e+00,0.000000e+00
3.667908e-01,1.689241e-03,1.513848e-02,1.263018e-02,2.797329e-03,2.751623e-02,7.330395e-03,1.743847e-01,3.373668e-02,1.806311e-03,3.747325e-02,8.225418e-02,2.239123e-01,7.452485e-03,5.087494e-03
2.577091e-01,1.201206e-03,1.063280e-02,9.659397e-03,2.455079e-03,1.939612e-02,5.215073e-03,1.245092e-01,2.414575e-02,1.383432e-03,3.367042e-02,8.234154e-02,4.165328e-01,7.002540e-03,4.145484e-03
1.820190e-01,1.205492e-03,7.783595e-03,2.178987e-02,1.124436e-02,1.417256e-02,4.630756e-03,8.840568e-02,1.847673e-02,1.654792e-03,5.370753e-02,7.893439e-02,4.982257e-01,6.501202e-03,1.124823e-02
1.279318e-01,8.695667e-04,5.621081e-03,1.625199e-02,2.040731e-02,1.028821e-02,3.469478e-03,6.261647e-02,1.385956e-02,1.360807e-03,8.728774e-02,6.475863e-02,5.650136e-01,5.094477e-03,1.516916e-02
9.004065e-02,6.177042e-04,4.143381e-03,1.152850e-02,3.750786e-02,7.393109e-03,2.564623e-03,4.514921e-02,1.070546e-02,1.124179e-03,1.046874e-01,5.112998e-02,6.168894e-01,4.013053e-03,1.250549e-02
6.354879e-02,4.816750e-04,4.806605e-03,8.186442e-03,3.647350e-02,5.777283e-03,2.219865e-03,3.555564e-02,8.701535e-03,1.576439e-03,1.230315e-01,4.389160e-02,6.253533e-01,4.513728e-03,3.588208e-02
4.477981e-02,3.682997e-04,4.094348e-03,5.835826e-03,3.349167e-02,4.776982e-03,2.165061e-03,3.066200e-02,7.009060e-03,2.161603e-03,1.347988e-01,3.774385e-02,6.168317e-01,4.166748e-03,7.111419e-02
3.165668e-02,3.026796e-04,3.771369e-03,4.234868e-03,3.099945e-02,3.665736e-03,1.752730e-03,2.379119e-02,5.797622e-03,2.075078e-03,1.121337e-01,2.975492e-02,5.697333e-01,3.464384e-03,1.768663e-01
2.264101e-02,1.264104e-03,8.020717e-03,4.844388e-03,4.478737e-02,3.877514e-03,2.420764e-03,2.235064e-02,1.570684e-02,2.260523e-03,8.266665e-02,4.167017e-02,5.826150e-01,3.251499e-03,1.616228e-01
1.655668e-02,1.014997e-03,7.159465e-03,4.350398e-03,5.605171e-02,4.510085e-03,2.431698e-03,2.510198e-02,1.522258e-02,2.184133e-03,8.563561e-02,3.926783e-02,5.673050e-01,2.947295e-03,1.702606e-01
1.300871e-02,8.646432e-04,6.707614e-03,7.541476e-03,6.923435e-02,3.902380e-03,1.966660e-03,6.707010e-02,1.861569e-02,2.381491e-03,7.298284e-02,3.504463e-02,5.019194e-01,3.046793e-03,1.957132e-01
1.095522e-02,6.956581e-04,5.750233e-03,1.628980e-02,8.416586e-02,4.086267e-03,1.514344e-03,6.599580e-02,1.790992e-02,2.707590e-03,6.939889e-02,3.922073e-02,5.094877e-01,2.879208e-03,1.689427e-01
8.413395e-03,5.139299e-04,4.550121e-03,1.210018e-02,2.929472e-01,2.921355e-03,1.198528e-03,6.128521e-02,1.611918e-02,2.342620e-03,5.577703e-02,2.921908e-02,3.846201e-01,2.175669e-03,1.258163e-01
7.550623e-03,4.049506e-04,8.956630e-03,1.357164e-02,3.554639e-01,2.137274e-03,1.157722e-03,1.372167e-01,1.491927e-02,2.059881e-03,4.632504e-02,2.115860e-02,2.976564e-01,1.724724e-03,8.969669e-02
7.806147e-03,4.517903e-04,1.620889e-02,1.177280e-02,3.871563e-01,1.612598e-03,1.116422e-03,2.173385e-01,1.770661e-02,1.685461e-03,3.673319e-02,1.533913e-02,2.194337e-01,1.452994e-03,6.418555e-02
9.171758e-03,6.664317e-04,1.737569e-02,1.100701e-02,4.231848e-01,1.273540e-03,1.079813e-03,2.444241e-01,2.165663e-02,1.472898e-03,2.790218e-02,1.117669e-02,1.612045e-01,1.354419e-03,6.704953e-02
1.173655e-02,8.818879e-04,3.169048e-02,1.558186e-02,3.666066e-01,1.215882e-03,1.199766e-03,3.352525e-01,2.704421e-02,1.175768e-03,2.224080e-02,8.279328e-03,1.210268e-01,1.179988e-03,5.488751e-02
1.296852e-02,1.072122e-03,3.635366e-02,1.259402e-02,3.315494e-01,9.770601e-04,1.452368e-03,4.051534e-01,2.866878e-02,1.003769e-03,1.720214e-02,6.279515e-03,8.990002e-02,9.865650e-04,5.383864e-02
1.511341e-02,1.548274e-03,7.081191e-02,2.031295e-02,3.360928e-01,9.133745e-04,2.547316e-03,4.013505e-01,2.723205e-02,7.555379e-04,1.290622e-02,4.589552e-03,6.476575e-02,8.083294e-04,4.025198e-02
2.114660e-02,2.279876e-03,1.834758e-01,2.933816e-02,3.129540e-01,1.294298e-03,3.758932e-03,3.242527e-01,2.717038e-02,6.549720e-04,1.016029e-02,3.489668e-03,4.709208e-02,7.962004e-04,3.213601e-02
1.999160e-02,2.866528e-03,3.602694e-01,4.692363e-02,2.342326e-01,1.175042e-03,3.197366e-03,2.387656e-01,2.451418e-02,5.877231e-04,7.394195e-03,2.554145e-03,3.330491e-02,6.133971e-04,2.360969e-02
3.052485e-02,3.822452e-03,3.959140e-01,3.545921e-02,2.790169e-01,2.945134e-03,4.336564e-03,1.731447e-01,2.221541e-02,5.264865e-04,5.240017e-03,1.816044e-03,2.341175e-02,8.440650e-04,2.078240e-02
5.331454e-02,6.510538e-03,3.498084e-01,2.906335e-02,3.460603e-01,5.905109e-03,5.705250e-03,1.267300e-01,2.450962e-02,4.929657e-04,3.814717e-03,1.419077e-03,1.665592e-02,1.062785e-03,2.894732e-02
6.526554e-02,1.137902e-02,3.307858e-01,2.570088e-02,3.678451e-01,1.042231e-02,4.781618e-03,9.310231e-02,4.523096e-02,5.916156e-04,3.074434e-03,1.386935e-03,1.389443e-02,2.724034e-03,2.381496e-02
5.770445e-02,1.114220e-02,2.355863e-01,1.955165e-02,3.039732e-01,2.242420e-01,3.651559e-03,6.851199e-02,3.967524e-02,5.009635e-04,3.466245e-03,1.299608e-03,1.086243e-02,2.382710e-03,1.744956e-02
5.032946e-02,8.515352e-03,1.656455e-01,1.443347e-02,2.242575e-01,4.235015e-01,2.853564e-03,4.978076e-02,3.042848e-02,9.251274e-04,4.981245e-03,1.092782e-03,7.872220e-03,2.140421e-03,1.324262e-02
4.139447e-02,6.667942e-03,1.165718e-01,1.067135e-02,1.585804e-01,5.450312e-01,2.202077e-03,3.588447e-02,2.501318e-02,4.749933e-03,7.781303e-03,1.341479e-03,5.934866e-03,2.282677e-03,3.589275e-02
3.515383e-02,5.193769e-03,8.176907e-02,9.223552e-03,1.117646e-01,5.602672e-01,1.716150e-03,2.591013e-02,2.391469e-02,7.112343e-03,1.131207e-02,1.329871e-03,4.679763e-03,3.316786e-03,1.173363e-01
2.576967e-02,3.741132e-03,5.727347e-02,6.736394e-03,7.845033e-02,4.182930e-01,1.221937e-03,1.825101e-02,2.629035e-02,6.569317e-03,9.012172e-03,9.673900e-04,3.460732e-03,3.771697e-03,3.401914e-01
2.055837e-02,2.667703e-03,4.012613e-02,4.848324e-03,5.540305e-02,3.020973e-01,9.014314e-04,1.300067e-02,3.846995e-02,5.313342e-03,7.182049e-03,7.425466e-04,2.786483e-03,4.158696e-03,5.017440e-01
