1.000000e+00,0.000000e+00,0.000000e+00,0.000000e+00,0.000000e+00,0.000000e+00,0.000000e+00,0.000000e+00,0.000000e+00,0.000000e+00,0.000000e+00,0.000000e+00,0.000000e+00,0.000000e+00,0.000000e+00
1.000000e+00,0.000000e+00,0.000000e+00,0.000000e+00,0.000000e+00,0.000000e+00,0.000000e+00,0.000000e+00,0.000000e+00,0.000000e+00,0.000000e+00,0.000000e+00,0.000000e+00,0.000000e+00,0.000000e+00
1.000000e+00,0.000000e+00,0.000000e+00,0.000000e+00,0.000000e+00,0.000000e+00,0.000000e+00,0.000000e+00,0.000000e+00,0.000000e+00,0.000000e+00,0.000000e+00,0.000000e+00,0.000000e+00,0.000000e+00
1.000000e+00,0.000000e+00,0.000000e+00,0.000000e+00,0.000000e+00,0.000000e+00,0.000000e+00,0.000000e+00,0.000000e+00,0.000000e+00,0.000000e+00,0.000000e+00,0.000000e+00,0.000000e+00,0.000000e+00
1.000000e+00,0.000000e+00,0.000000e+00,0.000000e+00,0.000000e+00,0.000000e+00,0.000000e+00,0.000000e+00,0.000000e+00,0.000000e+00,0.000000e+00,0.000000e+00,0.000000e+00,0.000000e+00,0.000000e+00
1.000000e+00,0.000000e+00,0.000000e+00,0.000000e+00,0.000000e+00,0.000000e+00,0.000000e+00,0.000000e+00,0.000000e+00,0.000000e+00,0.000000e+00,0.000000e+00,0.000000e+00,0.000000e+00,0.000000e+00
1.000000e+00,0.000000e+00,0.000000e+00,0.000000e+00,0.000000e+00,0.000000e+00,0.000000e+00,0.000000e+00,0.000000e+00,0.000000e+00,0.000000e+00,0.000000e+00,0.000000e+00,0.000000e+00,0.000000e+00
1.000000e+00,0.000000e+00,0.000000e+00,0.000000e+00,0.000000e+00,0.000000e+00,0.000000e+00,0.000000e+00,0.000000e+00,0.000000e+00,0.000000e+00,0.000000e+00,0.000000e+00,0.000000e+00,0.000000e+00
1.000000e+00,0.000000e+00,0.000000e+00,0.000000e+00,0.000000e+00,0.000000e+00,0.000000e+00,0.000000e+00,0.000000e+00,0.000000e+00,0.000000e+00,0.000000e+00,0.000000e+00,0.000000e+00,0.000000e+00
1.000000e+00,0.000000e+00,0.000000e+00,0.000000e+00,0.000000e+00,0.000000e+00,0.000000e+00,0.000000e+00,0.000000e+00,0.000000e+00,0.000000e+00,0.000000e+00,0.000000e+00,0.000000e+00,0.000000e+00
1.000000e+00,0.000000e+00,0.000000e+00,0.000000e+00,0.000000e+00,0.000000e+00,0.000000e+00,0.000000e+00,0.000000e+00,0.000000e+00,0.000000e+00,0.000000e+00,0.000000e+00,0.000000e+00,0.000000e+00
1.000000e+00,0.000000e+00,0.000000e+00,0.000000e+00,0.000000e+00,0.000000e+00,0.000000e+00,0.000000e+00,0.000000e+00,0.000000e+00,0.000000e+00,0.000000e+00,0.000000e+00,0.000000e+00,0.000000e+00
1.000000e+00,0.000000e+00,0.000000e+00,0.000000e+00,0.000000e+00,0.000000e+00,0.000000e+00,0.000000e+00,0.000000e+00,0.000000e+00,0.000000e+00,0.000000e+00,0.000000e+00,0.000000e+00,0.000000e+00
1.000000e+00,0.000000e+00,0.000000e+00,0.000000e+00,0.000000e+00,0.000000e+00,0.000000e+00,0.000000e+00,0.000000e+00,0.000000e+00,0.000000e+00,0.000000e+00,0.000000e+00,0.000000e+00,0.000000e+00
1.000000e+00,0.000000e+00,0.000000e+00,0.000000e+00,0.000000e+00,0.000000e+00,0.000000e+00,0.000000e+00,0.000000e+00,0.000000e+00,0.000000e+00,0.000000e+00,0.000000e+00,0.000000e+00,0.000000e+00
1.000000e+00,0.000000e+00,0.000000e+00,0.000000e+00,0.000000e+00,0.000000e+00,0.000000e+00,0.000000e+00,0.000000e+00,0.000000e+00,0.000000e+00,0.000000e+00,0.000000e+00,0.000000e+00,0.000000e+00
1.000000e+00,0.000000e+00,0.000000e+00,0.000000e+00,0.000000e+00,0.000000e+00,0.000000e+00,0.000000e+00,0.000000e+00,0.000000e+00,0.000000e+00,0.000000e+00,0.000000e+00,0.000000e+00,0.000000e+00
1.000000e+00,0.000000e+00,0.000000e+00,0.000000e+00,0.000000e+00,0.000000e+00,0.000000e+00,0.000000e+00,0.000000e+00,0.000000e+00,0.000000e+00,0.000000e+00,0.000000e+00,0.000000e+00,0.000000e+00
1.000000e+00,0.000000e+00,0.000000e+00,0.000000e+00,0.000000e+00,0.000000e+00,0.000000e+00,0.000000e+00,0.000000e+00,0.000000e+00,0.000000e+00,0.000000e+00,0.000000e+00,0.000000e+00,0.000000e+00
1.000000e+00,0.000000e+00,0.000000e+00,0.000000e+00,0.000000e+00,0.000000e+00,0.000000e+00,0.000000e+00,0.000000e+00,0.000000e+00,0.000000e+00,0.000000e+00,0.000000e+00,0.000000e+00,0.000000e+00
1.000000e+00,0.000000e+00,0.000000e+00,0.000000e+00,0.000000e+00,0.000000e+00,0.000000e+00,0.000000e+00,0.000000e+00,0.000000e+00,0.000000e+00,0.000000e+00,0.000000e+00,0.000000e+00,0.000000e+00
1.000000e+00,0.000000e+00,0.000000e+00,0.000000e+00,0.000000e+00,0.000000e+00,0.000000e+00,0.000000e+00,0.000000e+00,0.000000e+00,0.000000e+00,0.000000e+00,0.000000e+00,0.000000e+00,0.000000e+00
1.000000e+00,0.000000e+00,0.000000e+00,0.000000e+00,0.000000e+00,0.000000e+00,0.000000e+00,0.000000e+00,0.000000e+00,0.000000e+00,0.000000e+00,0.000000e+00,0.000000e+00,0.000000e+00,0.000000e+00
1.000000e+00,0.000000e+00,0.000000e+00,0.000000e+00,0.000000e+00,0.000000e+00,0.000000e+00,0.000000e+00,0.000000e+00,0.000000e+00,0.000000e+00,0.000000e+00,0.000000e+00,0.000000e+00,0.000000e+00
1.000000e+00,0.000000e+00,0.000000e+00,0.000000e+00,0.000000e+00,0.000000e+00,0.000000e+00,0.000000e+00,0.000000e+00,0.000000e+00,0.000000e+00,0.000000e+00,0.000000e+00,0.000000e+00,0.000000e+00
1.000000e+00,0.000000e+00,0.000000e+00,0.000000e+00,0.000000e+00,0.000000e+00,0.000000e+00,0.000000e+00,0.000000e+00,0.000000e+00,0.000000e+00,0.000000e+00,0.000000e+00,0.000000e+00,0.000000e+00
1.000000e+00,0.000000e+00,0.000000e+00,0.000000e+00,0.000000e+00,0.000000e+00,0.000000e+00,0.000000e+00,0.000000e+00,0.000000e+00,0.000000e+00,0.000000e+00,0.000000e+00,0.000000e+00,0.000000e+00
1.000000e+00,0.000000e+00,0.000000e+00,0.000000e+00,0.000000e+00,0.000000e+00,0.000000e+00,0.000000e+00,0.000000e+00,0.000000e+00,0.000000e+00,0.000000e+00,0.000000e+00,0.000000e+00,0.000000e+00
1.000000e+00,0.000000e+00,0.000000e+00,0.000000e+00,0.000000e+00,0.000000e+00,0.000000e+00,0.000000e+00,0.000000e+00,0.000000e+00,0.000000e+00,0.000000e+00,0.000000e+00,0.000000e+00,0.000000e+00
1.000000e+00,0.000000e+00,0.000000e+00,0.000000e+00,0.000000e+00,0.000000e+00,0.000000e+00,0.000000e+00,0.000000e+00,0.000000e+00,0.000000e+00,0.000000e+00,0.000000e+00,0.000000e+00,0.000000e+00
1.000000e+00,0.000000e+00,0.000000e+00,0.000000e+00,0.000000e+00,0.000000e+00,0.000000e+00,0.000000e+00,0.000000e+00,0.000000e+00,0.000000e+00,0.000000e+00,0.000000e+00,0.000000e+00,0.000000e+00
1.000000e+00,0.000000e+00,0.000000e+00,0.000000e+00,0.000000e+00,0.000000e+00,0.000000e+00,0.000000e+00,0.000000e+00,0.000000e+00,0.000000e+00,0.000000e+00,0.000000e+00,0.000000e+00,0.000000e+00
1.000000e+00,0.000000e+00,0.000000e+00,0.000000e+00,0.000000e+00,0.000000e+00,0.000000e+00,0.000000e+00,0.000000e+00,0.000000e+00,0.000000e+00,0.000000e+00,0.000000e+00,0.000000e+00,0.000000e+00
1.000000e+00,0.000000e+00,0.000000e+00,0.000000e+00,0.000000e+00,0.000000e+00,0.000000e+00,0.000000e+00,0.000000e+00,0.000000e+00,0.000000e+00,0.000000e+00,0.000000e+00,0.000000e+00,0.000000e+00
1.000000e+00,0.000000e+00,0.000000e+00,0.000000e+00,0.000000e+00,0.000000e+00,0.000000e+00,0.000000e+00,0.000000e+00,0.000000e+00,0.000000e+00,0.000000e+00,0.000000e+00,0.000000e+00,0.000000e+00
1.000000e+00,0.000000e+00,0.000000e+00,0.000000e+00,0.000000e+00,0.000000e+00,0.000000e+00,0.000000e+00,0.000000e+00,0.000000e+00,0.000000e+00,0.000000e+00,0.000000e+00,0.000000e+00,0.000000e+00
1.000000e+00,0.000000e+00,0.000000e+00,0.000000e+00,0.000000e+00,0.000000e+00,0.000000e+00,0.000000e+00,0.000000e+00,0.000000e+00,0.000000e+00,0.000000e+00,0.000000e+00,0.000000e+00,0.000000e+00
1.000000e+00,0.000000e+00,0.000000e+00,0.000000e+00,0.000000e+00,0.000000e+00,0.000000e+00,0.000000e+00,0.000000e+00,0.000000e+00,0.000000e+00,0.000000e+00,0.000000e+00,0.000000e+00,0.000000e+00
1.000000e+00,0.000000e+00,0.000000e+00,0.000000e+00,0.000000e+00,0.000000e+00,0.000000e+00,0.000000e+00,0.000000e+00,0.000000e+00,0.000000e+00,0.000000e+00,0.000000e+00,0.000000e+00,0.000000e+00
1.000000e+00,0.000000e+00,0.000000e+00,0.000000e+00,0.000000e+00,0.000000e+00,0.000000e+00,0.000000e+00,0.000000e+00,0.000000e+00,0.000000e+00,0.000000e+00,0.000000e+00,0.000000e+00,0.000000e+00
1.000000e+00,0.000000e+00,0.000000e+00,0.000000e+00,0.000000e+00,0.000000e+00,0.000000e+00,0.000000e+00,0.000000e+00,0.000000e+00,0.000000e+00,0.000000e+00,0.000000e+00,0.000000e+00,0.000000e+00
1.000000e+00,0.000000e+00,0.000000e+00,0.000000e+00,0.000000e+00,0.000000e+00,0.000000e+00,0.000000e+00,0.000000e+00,0.000000e+00,0.000000e+00,0.000000e+00,0.000000e+00,0.000000e+00,0.000000e+00
1.000000e+00,0.000000e+00,0.000000e+00,0.000000e+00,0.000000e+00,0.000000e+00,0.000000e+00,0.000000e+00,0.000000e+00,0.000000e+00,0.000000e+00,0.000000e+00,0.000000e+00,0.000000e+00,0.000000e+00
1.000000e+00,0.000000e+00,0.000000e+00,0.000000e+00,0.000000e+00,0.000000e+00,0.000000e+00,0.000000e+00,0.000000e+00,0.000000e+00,0.000000e+00,0.000000e+00,0.000000e+00,0.000000e+00,0.000000e+00
1.000000e+00,0.000000e+00,0.000000e+00,0.000000e+00,0.000000e+00,0.000000e+00,0.000000e+00,0.000000e+00,0.000000e+00,0.000000e+00,0.000000e+00,0.000000e+00,0.000000e+00,0.000000e+00,0.000000e+00
1.000000e+00,0.000000e+00,0.000000e+00,0.000000e+00,0.000000e+00,0.000000e+00,0.000000e+00,0.000000e+00,0.000000e+00,0.000000e+00,0.000000e+00,0.000000e+00,0.000000e+00,0.000000e+00,0.000000e+00
1.000000e+00,0.000000e+00,0.000000e+00,0.000000e+00,0.000000e+00,0.000000e+00,0.000000e+00,0.000000e+00,0.000000e+00,0.000000e+00,0.000000e+00,0.000000e+00,0.000000e+00,0.000000e+00,0.000000e+00
1.000000e+00,0.000000e+00,0.000000e+00,0.000000e+00,0.000000e+00,0.000000e+00,0.000000e+00,0.000000e+00,0.000000e+00,0.000000e+00,0.000000e+00,0.000000e+00,0.000000e+00,0.000000e+00,0.000000e+00
1.000000e+00,0.000000e+00,0.000000e+00,0.000000e+00,0.000000e+00,0.000000e+00,0.000000e+00,0.000000e+00,0.000000e+00,0.000000e+00,0.000000e+00,0.000000e+00,0.000000e+00,0.000000e+00,0.000000e+00
1.000000e+00,0.000000e+00,0.000000e+00,0.000000e+00,0.000000e+00,0.000000e+00,0.000000e+00,0.000000e+00,0.000000e+00,0.000000e+00,0.000000e+00,0.000000e+00,0.000000e+00,0.000000e+00,0.000000e+00
4.802710e-01,2.911228e-02,2.113687e-02,1.808515e-01,1.866499e-02,3.468307e-02,1.622478e-02,7.916979e-02,1.892697e-02,1.120345e-03,1.166016e-02,6.867463e-02,2.547237e-02,1.524946e-03,1.250629e-02
4.211923e-01,4.335885e-02,1.904738e-02,1.982442e-01,2.555515e-02,3.546096e-02,1.651898e-02,6.614055e-02,2.971069e-02,1.425901e-03,1.408998e-02,7.591935e-02,3.412002e-02,2.194095e-03,1.702168e-02
3.561859e-01,4.964069e-02,1.797702e-02,2.218784e-01,3.381059e-02,4.139043e-02,1.712489e-02,5.679678e-02,3.276746e-02,1.740940e-03,1.478496e-02,9.036800e-02,4.373191e-02,2.398736e-03,1.940329e-02
2.865995e-01,5.451469e-02,2.228171e-02,2.585996e-01,4.165252e-02,4.894037e-02,1.684410e-02,5.244322e-02,3.359032e-02,2.051677e-03,1.500486e-02,1.003991e-01,4.296621e-02,2.289608e-03,2.182258e-02
2.275740e-01,6.337268e-02,2.499622e-02,2.993665e-01,4.352074e-02,4.581098e-02,1.603168e-02,4.681389e-02,3.422734e-02,3.221136e-03,1.542023e-02,1.025047e-01,4.259735e-02,2.743426e-03,3.179912e-02
2.317270e-01,7.419525e-02,2.326972e-02,2.929048e-01,4.255366e-02,4.195234e-02,1.399819e-02,3.782921e-02,3.343290e-02,3.980470e-03,1.701997e-02,9.492397e-02,4.532997e-02,4.487182e-03,4.239541e-02
1.986215e-01,8.284600e-02,2.636274e-02,3.033960e-01,4.181391e-02,4.157781e-02,1.270292e-02,3.285497e-02,3.633186e-02,4.617585e-03,1.905791e-02,8.724929e-02,4.919950e-02,6.102505e-03,5.726542e-02
1.857074e-01,8.174891e-02,5.111907e-02,3.242925e-01,3.839585e-02,3.661701e-02,1.143285e-02,3.284644e-02,3.226441e-02,4.281562e-03,2.208669e-02,7.336334e-02,4.228452e-02,6.417504e-03,5.714189e-02
2.060586e-01,7.760398e-02,5.847063e-02,3.173314e-01,3.342059e-02,3.256638e-02,1.004667e-02,2.886098e-02,3.123227e-02,4.862900e-03,2.505823e-02,6.396243e-02,3.925659e-02,7.152056e-03,6.411619e-02
3.402287e-01,6.720186e-02,4.760881e-02,2.472247e-01,2.772811e-02,2.742816e-02,8.378759e-03,2.336033e-02,2.658003e-02,4.632322e-03,2.253008e-02,5.071063e-02,3.455333e-02,7.545733e-03,6.428844e-02
3.866298e-01,6.558497e-02,5.337144e-02,2.214454e-01,2.387905e-02,2.610675e-02,8.600352e-03,2.207327e-02,2.266769e-02,4.335246e-03,2.156991e-02,4.412810e-02,3.292821e-02,6.943848e-03,5.973597e-02
1.000000e+00,0.000000e+00,0.000000e+00,0.000000e+00,0.000000e+00,0.000000e+00,0.000000e+00,0.000000e+00,0.000000e+00,0.000000e+00,0.000000e+00,0.000000e+00,0.000000e+00,0.000000e+00,0.000000e+00
4.749777e-01,4.521004e-02,6.396790e-02,2.123954e-01,1.772729e-02,1.883134e-02,6.561464e-03,2.953858e-02,1.504958e-02,2.809469e-03,1.513330e-02,3.042351e-02,2.548037e-02,4.622597e-03,3.727145e-02
1.000000e+00,0.000000e+00,0.000000e+00,0.000000e+00,0.000000e+00,0.000000e+00,0.000000e+00,0.000000e+00,0.000000e+00,0.000000e+00,0.000000e+00,0.000000e+00,0.000000e+00,0.000000e+00,0.000000e+00
4.113309e-01,2.408231e-02,3.691785e-02,1.180206e-01,1.256642e-02,1.225488e-02,4.966546e-03,3.016784e-01,8.068102e-03,1.644727e-03,9.732139e-03,1.939784e-02,1.669636e-02,2.717505e-03,1.992541e-02
2.895701e-01,1.691879e-02,2.617844e-02,8.285849e-02,9.115472e-03,8.876987e-03,3.831703e-03,5.076681e-01,5.654618e-03,1.158023e-03,6.855768e-03,1.364540e-02,1.177243e-02,1.917621e-03,1.397806e-02
2.038122e-01,1.188462e-02,1.901476e-02,5.841295e-02,6.676144e-03,6.476162e-03,2.820177e-03,6.521941e-01,3.962051e-03,8.138774e-04,4.850388e-03,9.604676e-03,8.315959e-03,1.355996e-03,9.805996e-03
1.427644e-01,8.330986e-03,1.343150e-02,4.095031e-02,4.752600e-03,4.587053e-03,2.033449e-03,7.559543e-01,2.774073e-03,5.705880e-04,3.434374e-03,6.733719e-03,5.845323e-03,9.697278e-04,6.867561e-03
1.000370e-01,5.844981e-03,9.436594e-03,2.872983e-02,3.507326e-03,3.283005e-03,1.456332e-03,8.254380e-01,1.951044e-03,4.021981e-04,4.446559e-03,5.070085e-03,4.501170e-03,1.083656e-03,4.812133e-03
7.019951e-02,4.109940e-03,6.665884e-03,2.023139e-02,3.419190e-03,3.078406e-03,1.185924e-03,8.562618e-01,2.213621e-03,3.168713e-04,8.185452e-03,6.388935e-03,1.260330e-02,1.697812e-03,3.441871e-03
5.434089e-02,2.905819e-03,4.700178e-03,1.437038e-02,2.929480e-03,3.958739e-03,9.194326e-04,6.393985e-01,2.035850e-03,4.183197e-04,2.005018e-02,1.710980e-01,7.618055e-02,4.080258e-03,2.613394e-03
3.874667e-02,2.064002e-03,3.331171e-03,1.057558e-02,2.281824e-03,3.843071e-03,6.672583e-04,4.642339e-01,1.816903e-03,9.990929e-04,3.375790e-02,3.704306e-01,5.967049e-02,5.728512e-03,1.852977e-03
2.773984e-02,1.532474e-03,2.410344e-03,7.945350e-03,1.947222e-03,4.951603e-03,5.495612e-04,3.272779e-01,1.953911e-03,8.626833e-04,2.665356e-02,5.468533e-01,4.349927e-02,4.484017e-03,1.338841e-03
1.965186e-02,1.171151e-03,1.761702e-03,5.818448e-03,3.262175e-03,1.117419e-02,4.895368e-04,2.296391e-01,5.294628e-03,6.673550e-04,1.989698e-02,6.659867e-01,3.085807e-02,3.377190e-03,9.508888e-04
1.445299e-02,8.724012e-04,1.334028e-03,4.666985e-03,7.374306e-03,3.778003e-02,4.256394e-04,1.624122e-01,7.758074e-03,6.534707e-04,1.896627e-02,7.182599e-01,2.187260e-02,2.440008e-03,7.310568e-04
1.034613e-02,6.241314e-04,9.571829e-04,3.373803e-03,5.896956e-03,3.716396e-02,3.105385e-04,1.137883e-01,5.804441e-03,5.972984e-04,1.663460e-02,7.864955e-01,1.571906e-02,1.751113e-03,5.369378e-04
7.290430e-03,4.711258e-04,7.171202e-04,2.394733e-03,4.549632e-03,3.190483e-02,2.229415e-04,7.970894e-02,4.317312e-03,5.473640e-04,2.049390e-02,8.344342e-01,1.128095e-02,1.270245e-03,3.962912e-04
5.113230e-03,3.438377e-04,5.217895e-04,1.683343e-03,3.435659e-03,2.265736e-02,1.566877e-04,5.579947e-02,3.128370e-03,4.960271e-04,1.954809e-02,8.779141e-01,8.006735e-03,9.089301e-04,2.863418e-04
3.592839e-03,2.755125e-04,3.971678e-04,1.183999e-03,2.610923e-03,1.599321e-02,1.102266e-04,3.906268e-02,2.270900e-03,4.635989e-04,2.590286e-02,9.015715e-01,5.681851e-03,6.715527e-04,2.111140e-04
2.526097e-03,2.425326e-04,2.961736e-04,8.353713e-04,1.945546e-03,1.123526e-02,7.801061e-05,2.734617e-02,1.680121e-03,5.054728e-04,2.213496e-02,9.264718e-01,4.032014e-03,5.100162e-04,1.604570e-04
1.773649e-03,1.836879e-04,2.126796e-04,5.882498e-04,1.416746e-03,8.106681e-03,5.516798e-05,1.914501e-02,1.219249e-03,4.151069e-04,1.914666e-02,9.443801e-01,2.863715e-03,3.768913e-04,1.163944e-04
1.247524e-03,1.503867e-04,1.574304e-04,4.162916e-04,1.095806e-03,5.929173e-03,4.303441e-05,1.341084e-02,8.808094e-04,3.378449e-04,1.553455e-02,9.583997e-01,2.021568e-03,2.894648e-04,8.560821e-05
8.812604e-04,1.314876e-04,1.206136e-04,2.992100e-04,1.014681e-03,4.197103e-03,3.904369e-05,9.400860e-03,6.539379e-04,2.939678e-04,1.678188e-02,9.644522e-01,1.422296e-03,2.441386e-04,6.725206e-05
6.257942e-04,1.554938e-04,1.105001e-04,2.181826e-04,1.245752e-03,2.974244e-03,3.420087e-05,6.590489e-03,5.143919e-04,2.666443e-04,2.519732e-02,9.607502e-01,1.004147e-03,2.597571e-04,5.278499e-05
4.431722e-04,4.502876e-04,2.094976e-04,1.676352e-04,4.556837e-03,2.196644e-03,5.275485e-05,4.641516e-03,4.406464e-04,2.996669e-04,2.849707e-02,9.569998e-01,7.154168e-04,2.783065e-04,5.081180e-05
3.977565e-04,3.436220e-03,8.433660e-04,1.839522e-04,7.781801e-02,8.569138e-03,9.383565e-05,4.322010e-03,5.290165e-04,3.041669e-04,2.906222e-02,8.733737e-01,5.489562e-04,4.658238e-04,5.181994e-05
4.607145e-04,4.460997e-03,1.123999e-03,2.169179e-04,1.330976e-01,1.040696e-02,1.254972e-04,4.397688e-03,5.434447e-04,3.579065e-04,3.138199e-02,8.122169e-01,5.231943e-04,6.379538e-04,4.816634e-05
4.569643e-04,3.411646e-03,9.254268e-04,2.588207e-04,1.062023e-01,8.883698e-03,1.242780e-04,4.857450e-03,6.260950e-04,3.306759e-04,2.592930e-02,8.468699e-01,4.435212e-04,6.437005e-04,3.618455e-05
6.690659e-04,3.547985e-03,2.014148e-03,7.926475e-04,1.048362e-01,1.447907e-02,3.654256e-04,1.439296e-02,1.647159e-03,3.579290e-04,2.238610e-02,8.333865e-01,3.972022e-04,6.925702e-04,3.503326e-05
3.908076e-03,9.513915e-03,4.476345e-02,9.373592e-03,1.090830e-01,2.819125e-02,7.140867e-03,6.880212e-02,1.745076e-03,9.295599e-04,2.067818e-02,6.946776e-01,3.804280e-04,7.626137e-04,5.027547e-05
7.163291e-03,1.431221e-02,5.321090e-02,1.288806e-02,1.058459e-01,2.891135e-02,6.421345e-03,1.110037e-01,5.248574e-03,1.518421e-03,3.471312e-02,6.169419e-01,3.538667e-04,1.028182e-03,4.392623e-04
1.206010e-02,1.695433e-02,5.516972e-02,1.360828e-02,1.164721e-01,3.229278e-02,7.697341e-03,1.739540e-01,2.383853e-02,2.782195e-03,4.096723e-02,5.018714e-01,3.938687e-04,1.382006e-03,5.561151e-04
1.451272e-02,1.283101e-02,6.933488e-02,3.738011e-02,8.831592e-02,2.808360e-02,7.243298e-03,3.143775e-01,2.344220e-02,3.528478e-03,3.879938e-02,3.599631e-01,4.138689e-04,1.290046e-03,4.837990e-04
3.973335e-02,1.331474e-02,8.381085e-02,6.254864e-02,9.225067e-02,5.943736e-02,6.778176e-03,2.741672e-01,3.661481e-02,6.213211e-03,5.395548e-02,2.633050e-01,6.032638e-04,2.646399e-03,4.620909e-03
7.399563e-02,1.198275e-02,1.263921e-01,1.079428e-01,8.146911e-02,5.500301e-02,5.336141e-03,2.212475e-01,4.188165e-02,1.480837e-02,5.706500e-02,1.894391e-01,8.695394e-04,5.386094e-03,7.181262e-03
6.959121e-02,1.033413e-02,1.510015e-01,2.389646e-01,7.816906e-02,4.360568e-02,3.862821e-03,1.667063e-01,3.360960e-02,1.493172e-02,4.364091e-02,1.345247e-01,7.315240e-04,4.298175e-03,6.028154e-03
9.352875e-02,9.332800e-03,1.605721e-01,2.679760e-01,6.844921e-02,3.359934e-02,2.859055e-03,1.262503e-01,3.861589e-02,4.099787e-02,4.283383e-02,9.807305e-02,8.900705e-04,6.440059e-03,9.581735e-03
9.794188e-02,1.048512e-02,1.716273e-01,2.968885e-01,6.720276e-02,2.635379e-02,2.136311e-03,1.124581e-01,5.000497e-02,3.749797e-02,4.024076e-02,7.109034e-02,1.030179e-03,7.171705e-03,7.870344e-03
9.967386e-02,1.236410e-02,1.870486e-01,3.235293e-01,6.251575e-02,2.075851e-02,1.653584e-03,8.940199e-02,6.220104e-02,3.431726e-02,3.606305e-02,5.168251e-02,9.240562e-04,9.402428e-03,8.463951e-03
1.095853e-01,1.173320e-02,1.758512e-01,3.728300e-01,5.451275e-02,1.637083e-02,1.413896e-03,7.267275e-02,6.219508e-02,3.293578e-02,3.158889e-02,3.826713e-02,1.009550e-03,9.453978e-03,9.579645e-03
1.147775e-01,9.539001e-03,1.921890e-01,4.106355e-01,4.088105e-02,1.239529e-02,1.644027e-03,5.462416e-02,6.768443e-02,2.419540e-02,2.407317e-02,2.762145e-02,9.413410e-04,8.639890e-03,1.015885e-02
1.550455e-01,8.937963e-03,1.668985e-01,3.584839e-01,3.255247e-02,1.065728e-02,2.163452e-03,4.581114e-02,1.317773e-01,1.925801e-02,2.231592e-02,2.096705e-02,1.511659e-03,8.008170e-03,1.561187e-02
1.700068e-01,7.208207e-03,1.261153e-01,2.693677e-01,2.540078e-02,8.489382e-03,1.876373e-03,3.617787e-02,2.753556e-01,1.481682e-02,1.938918e-02,1.602766e-02,2.493521e-03,7.197961e-03,2.007693e-02
1.411438e-01,5.696882e-03,8.901979e-02,1.935980e-01,1.872993e-02,6.423858e-03,1.456770e-03,2.671264e-02,4.540391e-01,1.117244e-02,1.586377e-02,1.167688e-02,2.653904e-03,5.445547e-03,1.636676e-02
1.084297e-01,4.259901e-03,6.250142e-02,1.358432e-01,1.356028e-02,4.615899e-03,1.151794e-03,1.929004e-02,6.038553e-01,8.022628e-03,1.173594e-02,8.383133e-03,2.493409e-03,3.940059e-03,1.191742e-02
9.955902e-02,4.086708e-03,4.484778e-02,9.597103e-02,9.978239e-03,3.587243e-03,9.653810e-04,1.399335e-02,6.846672e-01,6.524926e-03,9.478096e-03,8.045287e-03,4.760444e-03,4.374866e-03,9.160359e-03
8.481157e-02,4.830618e-03,3.194334e-02,6.781805e-02,7.269190e-03,3.047173e-03,7.918778e-04,1.046406e-02,7.316383e-01,5.720348e-03,8.639357e-03,7.828066e-03,1.136405e-02,6.201257e-03,1.763277e-02
7.119995e-02,5.819913e-03,2.343511e-02,4.851553e-02,5.663781e-03,2.413192e-03,6.811790e-04,7.892429e-03,6.854163e-01,5.040060e-03,9.882849e-03,8.282446e-03,2.127348e-02,1.357700e-02,9.090678e-02
5.155011e-02,4.833202e-03,1.664611e-02,3.407448e-02,4.361219e-03,1.782550e-03,5.320737e-04,5.959553e-03,7.038281e-01,4.928624e-03,9.920791e-03,7.061571e-03,3.154168e-02,1.159972e-02,1.113802e-01
3.721158e-02,4.438846e-03,1.203628e-02,2.404883e-02,5.428742e-03,1.315790e-03,4.458291e-04,5.506701e-03,6.034171e-01,4.422040e-03,1.475029e-02,6.531077e-03,9.039968e-02,1.546063e-02,1.745866e-01
2.674922e-02,3.517425e-03,8.503205e-03,1.686878e-02,4.902808e-03,9.501774e-04,3.462352e-04,4.055670e-03,6.281219e-01,4.859045e-03,1.748591e-02,5.340946e-03,7.773148e-02,2.120363e-02,1.793636e-01
1.906397e-02,2.640747e-03,5.984860e-03,1.185498e-02,3.729209e-03,7.107464e-04,2.614348e-04,2.951005e-03,6.463794e-01,7.445372e-03,2.918660e-02,5.752720e-03,8.302987e-02,2.333433e-02,1.576748e-01
1.370149e-02,2.261997e-03,4.252490e-03,8.481623e-03,3.195836e-03,6.188030e-04,2.284205e-04,2.245946e-03,5.374649e-01,1.456711e-02,9.988052e-02,1.367016e-02,1.364852e-01,2.268922e-02,1.402563e-01
9.939654e-03,2.167222e-03,3.092029e-03,6.089880e-03,2.850398e-03,5.326426e-04,2.080061e-04,1.961533e-03,4.325829e-01,1.949648e-02,1.739268e-01,2.308376e-02,1.626084e-01,3.056792e-02,1.308924e-01
7.266239e-03,2.532986e-03,2.655324e-03,4.508718e-03,5.881592e-03,6.203015e-04,2.155265e-04,2.467962e-03,3.272434e-01,4.084733e-02,2.500910e-01,4.138500e-02,1.450452e-01,3.772580e-02,1.315136e-01
6.426166e-03,4.205117e-03,4.970507e-03,3.394462e-03,6.381555e-03,1.476003e-03,3.978187e-04,5.923565e-03,2.376655e-01,6.534505e-02,2.536297e-01,6.895284e-02,1.321111e-01,6.130528e-02,1.478153e-01
5.894879e-03,5.114314e-03,5.601444e-03,2.727152e-03,5.429021e-03,1.281500e-03,3.821101e-04,5.878562e-03,1.821262e-01,7.262450e-02,2.955866e-01,1.016972e-01,1.127700e-01,7.276271e-02,1.301238e-01
5.919961e-03,7.937681e-03,8.004665e-03,2.231688e-03,8.032880e-03,3.016325e-03,4.711234e-04,7.484443e-03,1.641310e-01,6.583325e-02,3.795768e-01,8.627956e-02,8.663407e-02,6.315025e-02,1.112963e-01
5.221495e-03,1.744930e-02,9.140961e-03,1.655176e-03,7.606099e-03,4.452029e-03,4.588315e-04,7.533532e-03,1.766959e-01,5.716500e-02,4.103900e-01,7.973106e-02,6.659609e-02,7.090708e-02,8.499742e-02
4.370327e-03,1.699150e-02,7.978356e-03,1.226331e-03,6.204208e-03,4.982166e-03,4.834098e-04,9.266196e-03,2.014489e-01,5.712417e-02,4.425795e-01,7.258643e-02,5.154277e-02,5.824522e-02,6.497052e-02
3.531883e-03,1.622646e-02,7.887254e-03,1.069566e-03,4.955832e-03,5.363157e-03,3.792522e-04,1.270728e-02,3.326508e-01,4.691460e-02,3.726297e-01,6.354550e-02,4.012210e-02,4.555355e-02,4.646309e-02
2.904802e-03,1.270754e-02,1.112223e-02,9.977396e-04,4.744273e-03,4.859777e-03,4.052359e-04,4.786536e-02,4.325320e-01,3.441875e-02,3.015880e-01,4.752504e-02,3.100864e-02,3.428702e-02,3.303356e-02
1.003726e-02,1.722743e-02,1.464352e-02,1.155450e-03,7.570080e-03,6.063919e-03,5.504070e-04,3.765737e-02,4.549807e-01,3.790770e-02,2.957153e-01,3.430904e-02,2.259468e-02,3.629093e-02,2.329633e-02
1.287594e-02,1.776822e-02,1.589396e-02,1.431386e-03,8.185506e-03,6.291036e-03,6.421476e-04,5.545061e-02,4.849929e-01,3.749762e-02,2.692438e-01,2.553609e-02,1.742321e-02,3.029756e-02,1.647010e-02
2.234422e-02,1.384334e-02,2.481636e-02,5.596432e-02,2.166096e-02,9.170280e-03,9.580880e-04,1.239224e-01,4.193254e-01,3.973528e-02,2.015561e-01,2.053546e-02,1.301606e-02,2.151817e-02,1.163371e-02
3.015918e-02,1.137570e-02,2.077295e-02,5.882422e-02,3.168841e-02,7.907024e-03,9.937542e-04,2.184032e-01,3.561890e-01,4.763862e-02,1.647943e-01,1.663377e-02,1.070271e-02,1.567403e-02,8.243120e-03
3.763018e-02,8.448052e-03,1.738742e-02,5.529323e-02,2.962045e-02,6.419356e-03,1.850025e-03,3.452381e-01,2.661709e-01,5.538734e-02,1.374440e-01,1.295089e-02,9.014910e-03,1.132061e-02,5.824456e-03
4.823016e-02,6.048013e-03,1.273799e-02,4.091027e-02,2.744976e-02,5.153798e-03,2.403805e-03,4.897241e-01,1.880836e-01,4.778332e-02,1.030268e-01,9.474744e-03,6.869097e-03,8.000300e-03,4.104255e-03
4.351437e-02,4.345862e-03,9.082221e-03,2.979412e-02,2.399299e-02,4.155967e-03,2.477788e-03,6.212359e-01,1.325523e-01,3.509787e-02,7.348961e-02,6.752360e-03,4.995644e-03,5.623316e-03,2.889726e-03
4.148380e-02,3.257973e-03,6.591920e-03,2.159213e-02,2.358789e-02,3.667528e-03,2.401839e-03,7.124873e-01,9.332225e-02,2.519545e-02,5.177111e-02,4.916559e-03,3.705889e-03,3.967703e-03,2.050622e-03
3.388285e-02,2.323815e-03,4.674902e-03,1.536918e-02,2.379844e-02,2.817737e-03,1.941729e-03,7.850251e-01,6.550717e-02,1.791578e-02,3.636843e-02,3.478983e-03,2.665609e-03,2.785820e-03,1.444509e-03
3.716982e-02,1.722610e-03,3.421091e-03,1.112167e-02,2.502609e-02,4.043582e-03,1.793219e-03,8.226066e-01,4.601535e-02,1.300330e-02,2.589888e-02,2.684682e-03,2.470646e-03,1.972864e-03,1.049607e-03
5.029811e-02,1.828598e-03,3.122829e-03,8.319485e-03,2.217352e-02,1.464498e-02,1.644825e-03,8.251131e-01,3.268731e-02,9.522784e-03,2.013746e-02,3.299804e-03,4.294768e-03,1.508986e-03,1.403392e-03
6.121793e-02,1.871878e-03,2.652976e-03,6.248442e-03,1.947906e-02,2.858377e-02,1.642227e-03,8.173248e-01,2.322258e-02,6.916609e-03,1.630220e-02,4.147385e-03,7.462325e-03,1.140753e-03,1.787136e-03
7.093331e-02,7.949006e-03,4.748603e-03,1.179449e-02,1.922843e-02,1.363386e-01,1.521929e-03,6.367959e-01,3.333168e-02,5.738322e-03,2.856969e-02,1.520545e-02,1.674119e-02,2.787759e-03,8.315621e-03
7.387142e-02,8.525097e-03,5.152673e-03,1.484408e-02,1.533948e-02,2.036967e-01,1.399001e-03,4.893585e-01,3.414770e-02,5.584932e-03,5.632930e-02,3.888062e-02,3.084200e-02,1.304915e-02,8.979395e-03
1.190412e-01,8.238026e-03,5.053760e-03,1.682297e-02,1.159704e-02,1.946877e-01,1.300824e-03,3.806489e-01,3.081051e-02,6.624465e-03,8.128110e-02,8.060785e-02,3.711268e-02,1.696155e-02,9.211461e-03
8.974268e-02,1.598887e-02,1.296290e-02,5.344776e-02,9.577483e-03,1.422864e-01,1.016801e-03,2.683177e-01,3.469574e-02,6.465322e-03,1.863649e-01,1.105528e-01,3.587183e-02,1.474362e-02,1.796508e-02
6.723184e-02,1.235921e-02,1.002813e-02,3.989836e-02,6.854562e-03,1.404452e-01,8.057649e-04,1.907970e-01,2.805039e-02,5.249344e-03,2.519564e-01,1.914362e-01,2.689005e-02,1.356673e-02,1.443083e-02
6.472206e-02,9.218629e-03,8.211781e-03,2.835804e-02,4.934867e-03,1.181703e-01,6.983774e-04,1.380177e-01,2.057044e-02,4.483244e-03,3.645546e-01,1.932252e-01,2.012359e-02,1.399486e-02,1.071632e-02
1.153673e-01,7.510376e-03,6.552127e-03,2.098296e-02,3.991475e-03,9.660599e-02,8.672043e-04,1.003051e-01,1.642778e-02,5.530534e-03,3.554813e-01,2.277556e-01,1.624225e-02,1.758590e-02,8.794146e-03
2.407126e-01,1.137670e-02,7.427637e-03,1.810689e-02,5.012135e-03,7.197601e-02,1.121621e-03,7.580765e-02,1.960165e-02,4.964774e-03,2.853447e-01,2.182765e-01,1.299044e-02,1.870028e-02,8.580551e-03
3.132739e-01,1.332363e-02,8.289946e-03,1.693976e-02,6.042579e-03,5.697217e-02,1.243895e-03,5.694181e-02,1.965078e-02,4.384032e-03,2.509080e-01,2.088124e-01,1.022920e-02,2.442434e-02,8.563500e-03
4.229877e-01,1.107038e-02,6.708382e-03,1.508107e-02,5.417819e-03,4.668561e-02,1.159727e-03,4.201375e-02,1.672019e-02,3.582369e-03,1.994365e-01,1.896665e-01,7.736842e-03,2.399694e-02,7.736246e-03
1.000000e+00,0.000000e+00,0.000000e+00,0.000000e+00,0.000000e+00,0.000000e+00,0.000000e+00,0.000000e+00,0.000000e+00,0.000000e+00,0.000000e+00,0.000000e+00,0.000000e+00,0.000000e+00,0.000000e+00
1.000000e+00,0.000000e+00,0.000000e+00,0.000000e+00,0.000000e+00,0.000000e+00,0.000000e+00,0.000000e+00,0.000000e+00,0.000000e+00,0.000000e+00,0.000000e+00,0.000000e+00,0.000000e+00,0.000000e+00
1.000000e+00,0.000000e+00,0.000000e+00,0.000000e+00,0.000000e+00,0.000000e+00,0.000000e+00,0.000000e+00,0.000000e+00,0.000000e+00,0.000000e+00,0.000000e+00,0.000000e+00,0.000000e+00,0.000000e+00
1.000000e+00,0.000000e+00,0.000000e+00,0.000000e+00,0.000000e+00,0.000000e+00,0.000000e+00,0.000000e+00,0.000000e+00,0.000000e+00,0.000000e+00,0.000000e+00,0.000000e+00,0.000000e+00,0.000000e+00
4.719551e-01,1.339688e-02,7.295894e-03,1.635800e-02,1.423191e-02,2.214663e-02,2.080502e-03,1.668099e-02,1.437506e-02,3.315751e-03,1.872885e-01,1.973613e-01,5.579973e-03,1.770306e-02,1.023034e-02
4.584303e-01,1.823198e-02,9.301858e-03,1.522122e-02,1.249565e-02,2.361549e-02,2.136975e-03,1.450545e-02,1.445742e-02,3.275163e-03,2.134389e-01,1.765756e-01,5.531006e-03,2.322623e-02,9.556668e-03
3.934546e-01,2.466439e-02,1.100457e-02,2.081522e-02,1.312789e-02,2.936947e-02,2.487444e-03,1.381033e-02,2.193368e-02,2.722220e-03,2.603891e-01,1.688878e-01,6.817742e-03,2.163325e-02,8.882123e-03
3.645799e-01,2.998939e-02,1.144459e-02,2.567621e-02,1.501535e-02,2.789547e-02,2.807932e-03,1.224050e-02,2.784321e-02,2.288051e-03,2.732710e-01,1.700540e-01,7.796944e-03,2.076709e-02,8.330287e-03
3.328410e-01,3.126571e-02,1.247865e-02,2.461410e-02,1.649049e-02,3.107370e-02,3.035609e-03,1.196734e-02,3.103008e-02,2.060423e-03,3.131486e-01,1.568848e-01,7.822529e-03,1.776355e-02,7.523437e-03
2.960674e-01,3.128491e-02,1.359491e-02,2.228304e-02,1.554761e-02,3.190005e-02,2.913115e-03,1.059743e-02,2.697108e-02,1.972060e-03,3.770621e-01,1.399421e-01,7.373354e-03,1.557088e-02,6.919879e-03
3.215952e-01,3.527761e-02,1.588343e-02,2.425078e-02,1.470626e-02,3.691998e-02,3.038970e-03,1.326104e-02,4.215224e-02,2.184494e-03,3.308345e-01,1.288118e-01,8.038746e-03,1.378899e-02,9.255918e-03
3.490248e-01,3.514222e-02,2.180215e-02,2.530172e-02,1.451717e-02,3.308902e-02,4.409276e-03,2.428553e-02,4.710687e-02,2.983117e-03,2.789345e-01,1.308399e-01,7.906371e-03,1.498530e-02,9.672018e-03
3.250738e-01,3.335401e-02,8.892328e-02,3.922837e-02,1.637573e-02,3.153403e-02,5.615436e-03,4.715005e-02,4.178666e-02,2.912049e-03,2.176598e-01,1.216873e-01,7.338310e-03,1.286194e-02,8.499248e-03
2.455056e-01,2.773215e-02,2.401212e-01,5.695613e-02,1.495522e-02,2.845682e-02,4.263591e-03,3.895433e-02,4.636028e-02,3.406172e-03,1.706446e-01,9.920916e-02,6.246822e-03,1.002818e-02,7.159728e-03
2.023535e-01,3.518210e-02,3.225707e-01,5.738378e-02,1.386331e-02,2.192125e-02,3.332247e-03,4.038979e-02,5.747024e-02,3.319766e-03,1.406600e-01,8.157215e-02,4.896662e-03,9.143783e-03,5.940824e-03
2.192997e-01,5.789641e-02,3.076582e-01,5.596245e-02,1.431303e-02,2.019365e-02,2.592793e-03,3.844177e-02,6.162173e-02,3.931693e-03,1.298626e-01,6.308008e-02,4.167175e-03,1.334903e-02,7.629658e-03
2.312542e-01,6.855049e-02,2.946987e-01,5.136993e-02,1.568607e-02,1.762020e-02,2.224240e-03,3.695291e-02,5.597894e-02,4.391105e-03,1.302679e-01,5.415713e-02,4.046651e-03,2.405492e-02,8.746599e-03
2.201217e-01,7.915758e-02,2.665645e-01,5.527751e-02,2.539451e-02,2.063218e-02,2.041512e-03,4.007890e-02,6.478060e-02,4.381987e-03,1.286813e-01,5.054639e-02,3.849687e-03,2.922554e-02,9.266016e-03
2.284090e-01,1.150008e-01,1.990648e-01,5.309874e-02,3.933466e-02,2.394744e-02,1.663825e-03,3.585380e-02,8.833811e-02,7.066894e-03,1.271893e-01,3.884028e-02,3.758709e-03,2.994193e-02,8.491715e-03
2.242486e-01,1.388714e-01,1.545565e-01,4.961301e-02,4.542232e-02,2.515769e-02,1.308846e-03,3.258595e-02,8.524675e-02,7.005720e-03,1.610657e-01,3.104494e-02,3.674175e-03,3.246316e-02,7.735153e-03
2.677171e-01,1.212547e-01,1.187861e-01,5.962811e-02,5.957308e-02,2.295169e-02,1.752870e-03,3.211049e-02,8.436862e-02,6.061935e-03,1.539729e-01,3.028470e-02,4.574318e-03,2.734905e-02,9.614485e-03
2.885324e-01,1.232093e-01,9.150194e-02,6.571021e-02,5.036019e-02,2.415077e-02,1.573775e-03,2.523434e-02,8.246279e-02,6.962620e-03,1.717222e-01,2.754822e-02,4.204947e-03,2.484862e-02,1.197759e-02
3.267126e-01,1.385648e-01,7.217322e-02,6.806770e-02,4.069686e-02,2.643259e-02,1.447238e-03,2.017585e-02,7.684706e-02,6.278278e-03,1.519241e-01,2.634076e-02,4.294860e-03,2.536652e-02,1.467759e-02
4.412798e-01,1.125009e-01,5.288509e-02,5.255082e-02,3.028405e-02,4.267302e-02,1.732311e-03,1.707358e-02,6.898466e-02,4.960102e-03,1.126654e-01,2.260597e-02,4.433305e-03,2.245006e-02,1.292097e-02
1.000000e+00,0.000000e+00,0.000000e+00,0.000000e+00,0.000000e+00,0.000000e+00,0.000000e+00,0.000000e+00,0.000000e+00,0.000000e+00,0.000000e+00,0.000000e+00,0.000000e+00,0.000000e+00,0.000000e+00
1.000000e+00,0.000000e+00,0.000000e+00,0.000000e+00,0.000000e+00,0.000000e+00,0.000000e+00,0.000000e+00,0.000000e+00,0.000000e+00,0.000000e+00,0.000000e+00,0.000000e+00,0.000000e+00,0.000000e+00
1.000000e+00,0.000000e+00,0.000000e+00,0.000000e+00,0.000000e+00,0.000000e+00,0.000000e+00,0.000000e+00,0.000000e+00,0.000000e+00,0.000000e+00,0.000000e+00,0.000000e+00,0.000000e+00,0.000000e+00
4.486137e-01,3.786747e-02,1.771158e-02,1.918855e-02,1.119539e-02,2.805038e-01,1.642422e-03,7.383693e-03,2.703553e-02,3.008756e-03,9.898281e-02,2.387120e-02,4.083720e-03,1.025126e-02,8.660177e-03
3.680377e-01,2.869557e-02,1.319924e-02,1.410098e-02,8.050671e-03,2.785323e-01,1.391483e-03,5.331949e-03,1.985894e-02,3.142572e-03,1.737365e-01,6.606905e-02,3.329407e-03,8.838845e-03,7.684787e-03
2.940455e-01,2.196700e-02,9.621279e-03,1.103160e-02,5.948238e-03,2.212275e-01,1.335785e-03,3.906112e-03,1.517831e-02,2.501874e-03,2.879494e-01,1.088019e-01,2.563500e-03,6.891639e-03,7.030493e-03
2.506540e-01,2.040092e-02,7.800495e-03,1.282052e-02,8.119234e-03,1.644873e-01,2.320236e-03,4.870889e-03,5.425834e-02,1.997108e-03,2.544248e-01,2.029520e-01,2.299053e-03,5.231916e-03,7.363336e-03
2.192202e-01,1.828158e-02,8.535440e-03,1.694227e-02,1.628283e-02,1.255729e-01,2.842216e-03,3.091011e-02,9.761751e-02,1.548990e-03,1.952129e-01,2.544331e-01,2.019155e-03,4.081433e-03,6.499374e-03
1.688305e-01,1.759246e-02,7.248524e-03,1.315903e-02,2.004461e-02,9.277191e-02,4.991855e-03,2.391302e-02,2.222168e-01,1.394713e-03,1.602651e-01,2.549754e-01,2.060940e-03,3.777337e-03,6.757900e-03
1.346408e-01,1.647113e-02,5.968341e-03,1.141781e-02,2.665346e-02,7.545216e-02,5.933886e-03,2.224943e-02,2.231027e-01,1.474268e-03,2.568173e-01,2.050402e-01,4.114911e-03,3.937848e-03,6.725790e-03
1.008165e-01,1.446269e-02,4.613781e-03,1.051942e-02,2.187071e-02,7.318318e-02,4.668658e-03,1.721366e-02,2.053932e-01,1.718716e-03,3.469176e-01,1.842302e-01,3.902866e-03,4.173428e-03,6.315386e-03
7.284029e-02,1.182086e-02,3.515250e-03,8.288376e-03,1.782901e-02,6.046885e-02,3.436686e-03,1.320621e-02,1.785334e-01,1.634294e-03,4.526219e-01,1.630989e-01,3.655904e-03,3.881442e-03,5.168524e-03
5.244703e-02,5.191592e-02,6.186387e-03,6.529895e-03,1.865473e-02,4.446151e-02,2.480456e-03,1.123295e-02,2.144606e-01,2.622625e-03,3.898165e-01,1.786371e-01,4.509070e-03,6.389081e-03,9.656171e-03
3.823789e-02,4.899736e-02,5.979897e-03,5.224124e-03,1.830254e-02,3.929371e-02,2.073808e-03,1.176543e-02,2.095827e-01,2.694109e-03,3.722505e-01,2.228058e-01,5.459921e-03,7.636382e-03,9.695871e-03
2.815318e-02,4.510266e-02,5.230702e-03,4.890104e-03,1.678843e-02,3.532818e-02,1.758307e-03,1.002327e-02,2.119823e-01,3.290806e-03,3.392074e-01,2.739042e-01,7.838278e-03,7.334987e-03,9.167206e-03
2.057652e-02,3.807524e-02,4.446798e-03,4.213041e-03,1.725519e-02,3.425496e-02,1.733153e-03,7.836991e-03,2.226113e-01,3.329922e-03,3.320693e-01,2.884843e-01,1.041426e-02,6.399834e-03,8.299242e-03
1.657822e-02,5.373687e-02,5.141098e-03,3.959630e-03,2.397490e-02,2.620783e-02,1.408276e-03,7.162596e-03,2.818619e-01,3.968386e-03,2.839800e-01,2.662683e-01,1.225329e-02,5.536158e-03,7.962645e-03
1.591351e-02,7.761361e-02,1.183926e-02,3.659211e-03,2.502226e-02,2.073100e-02,1.535488e-03,1.726179e-02,3.177680e-01,7.748484e-03,2.529055e-01,2.208866e-01,1.393592e-02,5.001832e-03,8.177577e-03
1.376191e-02,1.289930e-01,1.426443e-02,3.787277e-03,1.950970e-02,1.673068e-02,1.195427e-03,1.404874e-02,3.252288e-01,2.022281e-02,2.170248e-01,1.935235e-01,1.527160e-02,5.180553e-03,1.125687e-02
1.146018e-02,1.233689e-01,1.779330e-02,4.803110e-03,2.145296e-02,1.573557e-02,1.241671e-03,1.907531e-02,4.098815e-01,2.905428e-02,1.636580e-01,1.532310e-01,1.355264e-02,4.349519e-03,1.134205e-02
9.561801e-03,1.349783e-01,1.371928e-02,4.165011e-03,1.994064e-02,2.828456e-02,1.060566e-03,1.491568e-02,4.880490e-01,2.810877e-02,1.201138e-01,1.106177e-01,1.144845e-02,3.547257e-03,1.148922e-02
1.120264e-02,1.236147e-01,1.376333e-02,4.764791e-03,1.036083e-01,3.025315e-02,3.995946e-03,5.833132e-02,4.463087e-01,2.137190e-02,8.498317e-02,7.795987e-02,8.518509e-03,2.898232e-03,8.425395e-03
1.353074e-02,1.148954e-01,1.136462e-02,9.401047e-03,1.119193e-01,3.359073e-02,3.995341e-03,5.662608e-02,4.900770e-01,2.042350e-02,5.981596e-02,5.490760e-02,6.966022e-03,2.391679e-03,1.009505e-02
2.729172e-02,9.644348e-02,8.838031e-03,1.111129e-02,1.763872e-01,3.239394e-02,6.282717e-03,7.541293e-02,4.534145e-01,1.557184e-02,4.211028e-02,3.861215e-02,5.498423e-03,2.063884e-03,8.567649e-03
4.740851e-02,9.046690e-02,1.182043e-02,1.369941e-02,1.693803e-01,4.113780e-02,7.031128e-03,7.711343e-02,4.445243e-01,1.960072e-02,3.018905e-02,2.741418e-02,5.818790e-03,1.939696e-03,1.245522e-02
6.718806e-02,8.014289e-02,1.091827e-02,1.361941e-02,2.194272e-01,4.215733e-02,7.608701e-03,8.072223e-02,3.973513e-01,1.874106e-02,2.158430e-02,1.936290e-02,5.135890e-03,2.200749e-03,1.383972e-02
8.418447e-02,7.284949e-02,1.937709e-02,1.662218e-02,2.322803e-01,4.446174e-02,1.097124e-02,1.021384e-01,3.483932e-01,1.664762e-02,1.593116e-02,1.403854e-02,7.225123e-03,2.169053e-03,1.271040e-02
6.665683e-02,5.553501e-02,2.557111e-02,1.433847e-02,1.758423e-01,4.102229e-02,8.304973e-03,3.077829e-01,2.551689e-01,1.181989e-02,1.139321e-02,9.933579e-03,5.502774e-03,1.723853e-03,9.403802e-03
5.472925e-02,4.133892e-02,2.678199e-02,1.220111e-02,1.314557e-01,4.317566e-02,7.472084e-03,4.627227e-01,1.825034e-01,8.341454e-03,8.894718e-03,7.081714e-03,4.363935e-03,1.300836e-03,7.636394e-03
3.911688e-02,2.906689e-02,1.901833e-02,8.609602e-03,9.313487e-02,3.045617e-02,5.491103e-03,6.206919e-01,1.280159e-01,5.844843e-03,6.245618e-03,4.958712e-03,3.074476e-03,9.148413e-04,5.359833e-03
2.810032e-02,2.040268e-02,1.351428e-02,6.092770e-03,6.650785e-02,2.155515e-02,4.017172e-03,7.315789e-01,8.968451e-02,4.096409e-03,4.383065e-03,3.473324e-03,2.184301e-03,6.442669e-04,3.764989e-03
2.070064e-02,1.431662e-02,9.619256e-03,4.323373e-03,4.769935e-02,1.635225e-02,2.932042e-03,8.076093e-01,6.286396e-02,2.905017e-03,3.236745e-03,2.509062e-03,1.819037e-03,4.600613e-04,2.653324e-03
2.105893e-02,1.054122e-02,7.094793e-03,3.496075e-03,3.358266e-02,1.281908e-02,2.091147e-03,7.293751e-01,4.478584e-02,2.939219e-03,4.474870e-02,3.964203e-02,4.439452e-02,9.543980e-04,2.476310e-03
3.275176e-02,7.528173e-03,5.476261e-03,3.321312e-03,2.382546e-02,1.027839e-02,1.617302e-03,6.930048e-01,3.187956e-02,2.740740e-03,4.515584e-02,5.160958e-02,8.752733e-02,1.098510e-03,2.184893e-03
6.505628e-02,5.567820e-03,4.012420e-03,3.767244e-03,1.692060e-02,1.014742e-02,1.285741e-03,5.381066e-01,2.396283e-02,2.920028e-03,5.543584e-02,8.393633e-02,1.851205e-01,1.569328e-03,2.191047e-03
8.090772e-02,4.144686e-03,2.926766e-03,3.736012e-03,1.212833e-02,9.580540e-03,1.099365e-03,3.994899e-01,1.917319e-02,2.616416e-03,5.248332e-02,8.668127e-02,3.209165e-01,2.094976e-03,2.021010e-03
