1.000000e+00,0.000000e+00,0.000000e+00,0.000000e+00,0.000000e+00,0.000000e+00,0.000000e+00,0.000000e+00,0.000000e+00,0.000000e+00,0.000000e+00,0.000000e+00,0.000000e+00,0.000000e+00,0.000000e+00
1.000000e+00,0.000000e+00,0.000000e+00,0.000000e+00,0.000000e+00,0.000000e+00,0.000000e+00,0.000000e+00,0.000000e+00,0.000000e+00,0.000000e+00,0.000000e+00,0.000000e+00,0.000000e+00,0.000000e+00
1.000000e+00,0.000000e+00,0.000000e+00,0.000000e+00,0.000000e+00,0.000000e+00,0.000000e+00,0.000000e+00,0.000000e+00,0.000000e+00,0.000000e+00,0.000000e+00,0.000000e+00,0.000000e+00,0.000000e+00
1.000000e+00,0.000000e+00,0.000000e+00,0.000000e+00,0.000000e+00,0.000000e+00,0.000000e+00,0.000000e+00,0.000000e+00,0.000000e+00,0.000000e+00,0.000000e+00,0.000000e+00,0.000000e+00,0.000000e+00
1.000000e+00,0.000000e+00,0.000000e+00,0.000000e+00,0.000000e+00,0.000000e+00,0.000000e+00,0.000000e+00,0.000000e+00,0.000000e+00,0.000000e+00,0.000000e+00,0.000000e+00,0.000000e+00,0.000000e+00
1.000000e+00,0.000000e+00,0.000000e+00,0.000000e+00,0.000000e+00,0.000000e+00,0.000000e+00,0.000000e+00,0.000000e+00,0.000000e+00,0.000000e+00,0.000000e+00,0.000000e+00,0.000000e+00,0.000000e+00
1.000000e+00,0.000000e+00,0.000000e+00,0.000000e+00,0.000000e+00,0.000000e+00,0.000000e+00,0.000000e+00,0.000000e+00,0.000000e+00,0.000000e+00,0.000000e+00,0.000000e+00,0.000000e+00,0.000000e+00
1.000000e+00,0.000000e+00,0.000000e+00,0.000000e+00,0.000000e+00,0.000000e+00,0.000000e+00,0.000000e+00,0.000000e+00,0.000000e+00,0.000000e+00,0.000000e+00,0.000000e+00,0.000000e+00,0.000000e+00
1.000000e+00,0.000000e+00,0.000000e+00,0.000000e+00,0.000000e+00,0.000000e+00,0.000000e+00,0.000000e+00,0.000000e+00,0.000000e+00,0.000000e+00,0.000000e+00,0.000000e+00,0.000000e+00,0.000000e+00
1.000000e+00,0.000000e+00,0.000000e+00,0.000000e+00,0.000000e+00,0.000000e+00,0.000000e+00,0.000000e+00,0.000000e+00,0.000000e+00,0.000000e+00,0.000000e+00,0.000000e+00,0.000000e+00,0.000000e+00
1.000000e+00,0.000000e+00,0.000000e+00,0.000000e+00,0.000000e+00,0.000000e+00,0.000000e+00,0.000000e+00,0.000000e+00,0.000000e+00,0.000000e+00,0.000000e+00,0.000000e+00,0.000000e+00,0.000000e+00
1.000000e+00,0.000000e+00,0.000000e+00,0.000000e+00,0.000000e+00,0.000000e+00,0.000000e+00,0.000000e+00,0.000000e+00,0.000000e+00,0.000000e+00,0.000000e+00,0.000000e+00,0.000000e+00,0.000000e+00
1.000000e+00,0.000000e+00,0.000000e+00,0.000000e+00,0.000000e+00,0.000000e+00,0.000000e+00,0.000000e+00,0.000000e+00,0.000000e+00,0.000000e+00,0.000000e+00,0.000000e+00,0.000000e+00,0.000000e+00
1.000000e+00,0.000000e+00,0.000000e+00,0.000000e+00,0.000000e+00,0.000000e+00,0.000000e+00,0.000000e+00,0.000000e+00,0.000000e+00,0.000000e+00,0.000000e+00,0.000000e+00,0.000000e+00,0.000000e+00
1.000000e+00,0.000000e+00,0.000000e+00,0.000000e+00,0.000000e+00,0.000000e+00,0.000000e+00,0.000000e+00,0.000000e+00,0.000000e+00,0.000000e+00,0.000000e+00,0.000000e+00,0.000000e+00,0.000000e+00
1.000000e+00,0.000000e+00,0.000000e+00,0.000000e+00,0.000000e+00,0.000000e+00,0.000000e+00,0.000000e+00,0.000000e+00,0.000000e+00,0.000000e+00,0.000000e+00,0.000000e+00,0.000000e+00,0.000000e+00
1.000000e+00,0.000000e+00,0.000000e+00,0.000000e+00,0.000000e+00,0.000000e+00,0.000000e+00,0.000000e+00,0.000000e+00,0.000000e+00,0.000000e+00,0.000000e+00,0.000000e+00,0.000000e+00,0.000000e+00
1.000000e+00,0.000000e+00,0.000000e+00,0.000000e+00,0.000000e+00,0.000000e+00,0.000000e+00,0.000000e+00,0.000000e+00,0.000000e+00,0.000000e+00,0.000000e+00,0.000000e+00,0.000000e+00,0.000000e+00
1.000000e+00,0.000000e+00,0.000000e+00,0.000000e+00,0.000000e+00,0.000000e+00,0.000000e+00,0.000000e+00,0.000000e+00,0.000000e+00,0.000000e+00,0.000000e+00,0.000000e+00,0.000000e+00,0.000000e+00
1.000000e+00,0.000000e+00,0.000000e+00,0.000000e+00,0.000000e+00,0.000000e+00,0.000000e+00,0.000000e+00,0.000000e+00,0.000000e+00,0.000000e+00,0.000000e+00,0.000000e+00,0.000000e+00,0.000000e+00
1.000000e+00,0.000000e+00,0.000000e+00,0.000000e+00,0.000000e+00,0.000000e+00,0.000000e+00,0.000000e+00,0.000000e+00,0.000000e+00,0.000000e+00,0.000000e+00,0.000000e+00,0.000000e+00,0.000000e+00
1.000000e+00,0.000000e+00,0.000000e+00,0.000000e+00,0.000000e+00,0.000000e+00,0.000000e+00,0.000000e+00,0.000000e+00,0.000000e+00,0.000000e+00,0.000000e+00,0.000000e+00,0.000000e+00,0.000000e+00
1.000000e+00,0.000000e+00,0.000000e+00,0.000000e+00,0.000000e+00,0.000000e+00,0.000000e+00,0.000000e+00,0.000000e+00,0.000000e+00,0.000000e+00,0.000000e+00,0.000000e+00,0.000000e+00,0.000000e+00
1.000000e+00,0.000000e+00,0.000000e+00,0.000000e+00,0.000000e+00,0.000000e+00,0.000000e+00,0.000000e+00,0.000000e+00,0.000000e+00,0.000000e+00,0.000000e+00,0.000000e+00,0.000000e+00,0.000000e+00
1.000000e+00,0.000000e+00,0.000000e+00,0.000000e+00,0.000000e+00,0.000000e+00,0.000000e+00,0.000000e+00,0.000000e+00,0.000000e+00,0.000000e+00,0.000000e+00,0.000000e+00,0.000000e+00,0.000000e+00
1.000000e+00,0.000000e+00,0.000000e+00,0.000000e+00,0.000000e+00,0.000000e+00,0.000000e+00,0.000000e+00,0.000000e+00,0.000000e+00,0.000000e+00,0.000000e+00,0.000000e+00,0.000000e+00,0.000000e+00
1.000000e+00,0.000000e+00,0.000000e+00,0.000000e+00,0.000000e+00,0.000000e+00,0.000000e+00,0.000000e+00,0.000000e+00,0.000000e+00,0.000000e+00,0.000000e+00,0.000000e+00,0.000000e+00,0.000000e+00
1.000000e+00,0.000000e+00,0.000000e+00,0.000000e+00,0.000000e+00,0.000000e+00,0.000000e+00,0.000000e+00,0.000000e+00,0.000000e+00,0.000000e+00,0.000000e+00,0.000000e+00,0.000000e+00,0.000000e+00
1.000000e+00,0.000000e+00,0.000000e+00,0.000000e+00,0.000000e+00,0.000000e+00,0.000000e+00,0.000000e+00,0.000000e+00,0.000000e+00,0.000000e+00,0.000000e+00,0.000000e+00,0.000000e+00,0.000000e+00
1.000000e+00,0.000000e+00,0.000000e+00,0.000000e+00,0.000000e+00,0.000000e+00,0.000000e+00,0.000000e+00,0.000000e+00,0.000000e+00,0.000000e+00,0.000000e+00,0.000000e+00,0.000000e+00,0.000000e+00
1.000000e+00,0.000000e+00,0.000000e+00,0.000000e+00,0.000000e+00,0.000000e+00,0.000000e+00,0.000000e+00,0.000000e+00,0.000000e+00,0.000000e+00,0.000000e+00,0.000000e+00,0.000000e+00,0.000000e+00
1.000000e+00,0.000000e+00,0.000000e+00,0.000000e+00,0.000000e+00,0.000000e+00,0.000000e+00,0.000000e+00,0.000000e+00,0.000000e+00,0.000000e+00,0.000000e+00,0.000000e+00,0.000000e+00,0.000000e+00
1.000000e+00,0.000000e+00,0.000000e+00,0.000000e+00,0.000000e+00,0.000000e+00,0.000000e+00,0.000000e+00,0.000000e+00,0.000000e+00,0.000000e+00,0.000000e+00,0.000000e+00,0.000000e+00,0.000000e+00
1.000000e+00,0.000000e+00,0.000000e+00,0.000000e+00,0.000000e+00,0.000000e+00,0.000000e+00,0.000000e+00,0.000000e+00,0.000000e+00,0.000000e+00,0.000000e+00,0.000000e+00,0.000000e+00,0.000000e+00
1.000000e+00,0.000000e+00,0.000000e+00,0.000000e+00,0.000000e+00,0.000000e+00,0.000000e+00,0.000000e+00,0.000000e+00,0.000000e+00,0.000000e+00,0.000000e+00,0.000000e+00,0.000000e+00,0.000000e+00
1.000000e+00,0.000000e+00,0.000000e+00,0.000000e+00,0.000000e+00,0.000000e+00,0.000000e+00,0.000000e+00,0.000000e+00,0.000000e+00,0.000000e+00,0.000000e+00,0.000000e+00,0.000000e+00,0.000000e+00
1.000000e+00,0.000000e+00,0.000000e+00,0.000000e+00,0.000000e+00,0.000000e+00,0.000000e+00,0.000000e+00,0.000000e+00,0.000000e+00,0.000000e+00,0.000000e+00,0.000000e+00,0.000000e+00,0.000000e+00
1.000000e+00,0.000000e+00,0.000000e+00,0.000000e+00,0.000000e+00,0.000000e+00,0.000000e+00,0.000000e+00,0.000000e+00,0.000000e+00,0.000000e+00,0.000000e+00,0.000000e+00,0.000000e+00,0.000000e+00
1.000000e+00,0.000000e+00,0.000000e+00,0.000000e+00,0.000000e+00,0.000000e+00,0.000000e+00,0.000000e+00,0.000000e+00,0.000000e+00,0.000000e+00,0.000000e+00,0.000000e+00,0.000000e+00,0.000000e+00
1.000000e+00,0.000000e+00,0.000000e+00,0.000000e+00,0.000000e+00,0.000000e+00,0.000000e+00,0.000000e+00,0.000000e+00,0.000000e+00,0.000000e+00,0.000000e+00,0.000000e+00,0.000000e+00,0.000000e+00
1.000000e+00,0.000000e+00,0.000000e+00,0.000000e+00,0.000000e+00,0.000000e+00,0.000000e+00,0.000000e+00,0.000000e+00,0.000000e+00,0.000000e+00,0.000000e+00,0.000000e+00,0.000000e+00,0.000000e+00
1.000000e+00,0.000000e+00,0.000000e+00,0.000000e+00,0.000000e+00,0.000000e+00,0.000000e+00,0.000000e+00,0.000000e+00,0.000000e+00,0.000000e+00,0.000000e+00,0.000000e+00,0.000000e+00,0.000000e+00
3.844141e-01,1.079569e-02,9.298129e-02,2.053577e-01,5.560719e-03,1.622457e-02,2.598013e-03,4.978102e-02,3.633651e-03,2.288321e-03,1.688568e-01,2.520902e-02,2.045379e-02,2.753865e-03,9.091415e-03
2.747472e-01,7.840975e-03,6.560178e-02,2.546166e-01,4.707750e-03,1.206223e-02,1.902714e-03,3.645230e-02,5.946031e-03,2.787395e-03,2.155666e-01,8.651254e-02,2.077317e-02,3.561243e-03,6.921395e-03
1.992327e-01,5.589965e-03,4.598683e-02,1.885867e-01,4.138994e-03,9.820288e-03,1.400856e-03,2.577035e-02,6.457819e-03,2.736561e-03,2.065182e-01,2.685312e-01,2.349751e-02,6.702661e-03,5.029316e-03
1.415761e-01,4.031037e-03,3.226904e-02,1.383861e-01,1.119958e-02,9.249845e-03,1.064792e-03,1.823721e-02,9.134547e-03,2.358189e-03,2.048816e-01,3.982836e-01,1.909987e-02,6.451908e-03,3.776511e-03
1.004300e-01,2.872359e-03,2.269011e-02,1.007592e-01,1.688867e-02,1.336355e-02,8.357042e-04,1.305291e-02,7.749978e-03,1.995641e-03,1.663762e-01,5.307313e-01,1.423508e-02,5.221716e-03,2.797629e-03
7.190295e-02,2.278995e-03,1.597695e-02,7.194284e-02,1.894013e-02,1.365576e-02,6.156134e-04,9.306832e-03,7.766405e-03,1.540145e-03,1.293531e-01,6.385004e-01,1.130796e-02,4.909600e-03,2.002366e-03
5.395678e-02,1.965889e-03,1.123780e-02,5.165999e-02,1.876494e-02,1.435298e-02,4.743205e-04,6.709936e-03,7.449363e-03,1.197528e-03,1.000629e-01,7.163591e-01,9.735915e-03,4.600873e-03,1.471672e-03
4.113007e-02,2.359850e-03,8.615276e-03,3.887172e-02,3.277450e-02,7.539482e-02,5.297856e-04,8.892279e-03,8.677010e-03,1.069185e-03,9.857077e-02,6.658516e-01,1.007134e-02,5.993251e-03,1.198540e-03
3.106759e-02,6.470359e-03,6.346773e-03,2.836475e-02,3.000630e-02,5.547296e-02,4.296857e-04,6.617590e-03,2.022320e-02,1.354142e-03,1.256782e-01,6.630684e-01,1.009312e-02,1.375599e-02,1.050988e-03
2.566416e-02,7.661719e-03,4.730573e-03,2.049026e-02,2.423261e-02,4.281596e-02,3.888990e-04,5.077072e-03,2.077025e-02,1.343494e-03,1.473356e-01,6.536419e-01,8.873295e-03,3.599857e-02,9.756201e-04
2.154300e-02,6.268538e-02,3.687263e-03,1.570619e-02,2.293207e-02,3.809180e-02,3.772805e-04,4.142756e-03,6.416923e-02,2.104031e-03,1.475533e-01,5.656672e-01,7.216363e-03,4.195228e-02,2.171857e-03
1.838704e-02,5.512778e-02,2.912862e-03,1.156851e-02,1.825469e-02,3.410131e-02,3.205864e-04,3.250896e-03,6.539780e-02,3.265147e-03,1.980698e-01,4.899995e-01,5.965505e-03,9.116583e-02,2.212688e-03
1.460621e-02,4.522492e-02,7.154885e-03,1.201811e-02,2.335451e-02,2.834813e-02,8.636673e-04,8.732493e-03,7.526296e-02,4.252639e-03,3.024591e-01,3.942396e-01,5.060354e-03,7.573877e-02,2.683641e-03
1.351948e-02,3.759904e-02,1.000142e-02,1.099076e-02,1.843059e-02,2.578172e-02,8.624926e-04,2.386104e-02,8.157469e-02,4.957322e-03,3.778624e-01,3.239968e-01,4.337235e-03,6.314955e-02,3.075478e-03
1.117130e-02,3.252883e-02,1.126936e-02,9.772096e-03,1.520942e-02,2.564137e-02,7.141043e-04,2.777028e-02,1.346790e-01,5.384442e-03,3.805875e-01,2.671232e-01,3.793335e-03,7.155376e-02,2.801967e-03
9.790973e-03,3.073788e-02,1.188882e-02,1.105651e-02,1.503640e-02,2.274947e-02,5.873679e-04,2.487365e-02,1.990840e-01,6.989538e-03,3.999840e-01,1.997388e-01,3.067465e-03,6.112304e-02,3.292051e-03
9.018748e-03,2.509450e-02,9.547432e-03,9.120334e-03,1.365788e-02,2.255953e-02,4.469608e-04,1.967725e-02,3.170635e-01,5.803075e-03,3.514031e-01,1.488613e-01,2.334394e-03,6.252269e-02,2.889290e-03
9.450158e-03,2.684177e-02,9.981891e-03,8.464072e-03,2.017852e-02,3.406319e-02,3.947900e-04,1.630642e-02,4.075101e-01,4.450240e-03,2.950169e-01,1.053961e-01,1.784162e-03,5.777054e-02,2.391147e-03
1.141281e-02,2.236078e-02,2.305974e-02,1.409118e-02,2.334699e-02,5.384675e-02,3.212725e-04,1.606036e-02,4.800310e-01,4.993905e-03,2.230768e-01,7.430398e-02,1.800256e-03,4.635309e-02,4.941051e-03
1.478527e-02,2.558062e-02,4.530124e-02,1.581704e-02,2.581220e-02,7.019687e-02,2.849876e-04,1.686251e-02,4.949679e-01,5.180920e-03,1.831709e-01,5.286334e-02,1.704549e-03,4.279019e-02,4.681361e-03
2.033385e-02,3.458504e-02,3.475123e-02,1.349002e-02,2.787374e-02,6.915761e-02,2.773558e-04,1.673285e-02,4.648307e-01,4.602162e-03,2.326194e-01,3.830181e-02,1.330835e-03,3.700876e-02,4.104624e-03
2.570874e-02,4.219114e-02,2.689292e-02,1.097609e-02,2.879907e-02,8.492191e-02,3.189433e-04,1.592975e-02,4.918669e-01,4.928854e-03,1.971518e-01,2.781866e-02,1.142549e-03,3.761674e-02,3.735967e-03
4.052978e-02,5.107736e-02,3.170267e-02,2.183142e-02,7.138579e-02,8.518398e-02,8.697530e-04,5.751607e-02,4.357932e-01,4.734339e-03,1.425087e-01,2.034023e-02,1.141331e-03,3.157816e-02,3.807194e-03
5.895112e-02,4.372376e-02,3.700114e-02,3.320653e-02,8.402678e-02,7.198355e-02,1.072105e-03,1.269055e-01,3.932555e-01,3.970626e-03,1.022614e-01,1.510350e-02,9.500446e-04,2.399116e-02,3.597188e-03
6.187905e-02,3.894966e-02,3.098261e-02,2.816406e-02,7.565001e-02,8.038272e-02,9.299934e-04,1.075371e-01,4.592755e-01,3.701348e-03,7.508765e-02,1.148340e-02,9.376726e-04,2.182521e-02,3.213957e-03
8.057221e-02,5.758355e-02,3.990891e-02,2.228764e-02,6.067206e-02,8.610585e-02,7.610518e-04,7.782992e-02,4.638990e-01,3.161277e-03,6.087030e-02,8.746529e-03,9.695869e-04,3.285608e-02,3.775972e-03
8.654161e-02,7.339273e-02,5.693240e-02,2.614526e-02,5.195614e-02,8.069132e-02,7.216837e-04,6.592912e-02,4.572132e-01,3.465021e-03,4.960050e-02,6.982662e-03,1.070264e-03,3.521287e-02,4.145220e-03
1.127419e-01,1.407400e-01,4.757380e-02,2.266655e-02,5.088992e-02,1.045523e-01,7.244762e-04,5.770485e-02,3.695174e-01,2.928857e-03,3.856575e-02,5.635125e-03,1.342692e-03,4.030652e-02,4.109824e-03
1.540835e-01,1.454533e-01,3.655465e-02,1.790312e-02,4.155979e-02,1.774574e-01,9.658133e-04,4.516953e-02,3.021929e-01,3.052765e-03,2.888904e-02,4.815609e-03,1.456532e-03,3.689367e-02,3.552479e-03
2.123046e-01,1.834515e-01,2.812902e-02,1.418593e-02,3.351193e-02,1.827596e-01,1.206748e-03,3.435292e-02,2.418374e-01,3.325292e-03,2.493967e-02,4.444885e-03,1.625926e-03,3.005371e-02,3.870877e-03
3.392011e-01,1.488168e-01,2.133063e-02,1.131300e-02,2.548316e-02,1.846568e-01,1.101068e-03,2.526321e-02,1.817147e-01,5.320250e-03,2.023793e-02,4.466353e-03,1.832979e-03,2.445616e-02,4.805973e-03
4.524931e-01,1.174006e-01,1.618714e-02,1.008856e-02,2.012397e-02,1.663736e-01,9.982251e-04,1.954270e-02,1.395749e-01,6.646493e-03,1.653351e-02,4.743964e-03,2.186115e-03,2.103501e-02,6.072167e-03
1.000000e+00,0.000000e+00,0.000000e+00,0.000000e+00,0.000000e+00,0.000000e+00,0.000000e+00,0.000000e+00,0.000000e+00,0.000000e+00,0.000000e+00,0.000000e+00,0.000000e+00,0.000000e+00,0.000000e+00
1.000000e+00,0.000000e+00,0.000000e+00,0.000000e+00,0.000000e+00,0.000000e+00,0.000000e+00,0.000000e+00,0.000000e+00,0.000000e+00,0.000000e+00,0.000000e+00,0.000000e+00,0.000000e+00,0.000000e+00
1.000000e+00,0.000000e+00,0.000000e+00,0.000000e+00,0.000000e+00,0.000000e+00,0.000000e+00,0.000000e+00,0.000000e+00,0.000000e+00,0.000000e+00,0.000000e+00,0.000000e+00,0.000000e+00,0.000000e+00
1.000000e+00,0.000000e+00,0.000000e+00,0.000000e+00,0.000000e+00,0.000000e+00,0.000000e+00,0.000000e+00,0.000000e+00,0.000000e+00,0.000000e+00,0.000000e+00,0.000000e+00,0.000000e+00,0.000000e+00
1.000000e+00,0.000000e+00,0.000000e+00,0.000000e+00,0.000000e+00,0.000000e+00,0.000000e+00,0.000000e+00,0.000000e+00,0.000000e+00,0.000000e+00,0.000000e+00,0.000000e+00,0.000000e+00,0.000000e+00
1.000000e+00,0.000000e+00,0.000000e+00,0.000000e+00,0.000000e+00,0.000000e+00,0.000000e+00,0.000000e+00,0.000000e+00,0.000000e+00,0.000000e+00,0.000000e+00,0.000000e+00,0.000000e+00,0.000000e+00
1.000000e+00,0.000000e+00,0.000000e+00,0.000000e+00,0.000000e+00,0.000000e+00,0.000000e+00,0.000000e+00,0.000000e+00,0.000000e+00,0.000000e+00,0.000000e+00,0.000000e+00,0.000000e+00,0.000000e+00
1.000000e+00,0.000000e+00,0.000000e+00,0.000000e+00,0.000000e+00,0.000000e+00,0.000000e+00,0.000000e+00,0.000000e+00,0.000000e+00,0.000000e+00,0.000000e+00,0.000000e+00,0.000000e+00,0.000000e+00
1.000000e+00,0.000000e+00,0.000000e+00,0.000000e+00,0.000000e+00,0.000000e+00,0.000000e+00,0.000000e+00,0.000000e+00,0.000000e+00,0.000000e+00,0.000000e+00,0.000000e+00,0.000000e+00,0.000000e+00
1.000000e+00,0.000000e+00,0.000000e+00,0.000000e+00,0.000000e+00,0.000000e+00,0.000000e+00,0.000000e+00,0.000000e+00,0.000000e+00,0.000000e+00,0.000000e+00,0.000000e+00,0.000000e+00,0.000000e+00
4.517041e-01,2.450755e-02,1.364279e-02,3.974689e-02,7.158743e-03,5.347663e-02,3.204879e-03,5.765176e-03,6.258863e-02,1.055779e-02,6.729661e-02,2.155529e-02,1.659146e-02,1.519090e-01,7.029446e-02
3.679893e-01,2.536086e-02,1.573503e-02,3.117127e-02,6.794839e-03,5.650935e-02,3.132585e-03,5.860955e-03,1.232025e-01,9.763526e-03,6.002418e-02,1.939284e-02,1.460878e-02,2.047367e-01,5.571720e-02
2.770888e-01,2.076122e-02,1.269244e-02,2.245825e-02,5.264052e-03,4.634368e-02,2.377021e-03,4.497113e-03,1.489333e-01,1.289143e-02,6.005879e-02,1.861938e-02,1.182670e-02,3.117291e-01,4.445870e-02
1.956768e-01,1.593441e-02,1.172963e-02,1.588416e-02,4.658202e-03,3.298520e-02,1.693828e-03,3.186913e-03,1.728956e-01,4.526035e-02,4.668660e-02,1.362649e-02,1.095869e-02,3.915198e-01,3.730328e-02
1.377756e-01,1.144759e-02,8.848129e-03,1.146917e-02,4.605376e-03,2.334999e-02,1.204528e-03,2.388827e-03,1.768141e-01,1.197237e-01,4.116612e-02,1.068622e-02,9.202920e-03,4.093079e-01,3.200984e-02
9.726615e-02,2.640948e-02,8.142848e-03,1.128588e-02,6.773266e-03,1.896244e-02,9.040622e-04,2.467440e-03,2.286844e-01,1.160088e-01,1.303329e-01,8.593442e-03,8.998327e-03,3.062186e-01,2.895194e-02
7.106843e-02,2.286137e-02,9.562960e-03,1.192135e-02,1.755486e-02,2.173929e-02,1.375861e-03,5.578630e-02,2.478230e-01,1.257696e-01,1.113219e-01,7.345153e-03,1.482194e-02,2.557857e-01,2.526228e-02
5.301344e-02,1.936527e-02,1.158719e-02,1.753992e-02,1.987889e-02,1.921782e-02,1.446155e-03,4.426864e-02,3.536542e-01,1.182322e-01,9.099200e-02,6.545990e-03,1.348832e-02,1.979228e-01,3.284713e-02
6.673881e-02,1.741196e-02,2.435980e-02,4.371018e-02,2.071048e-02,1.769734e-02,5.130650e-03,4.927500e-02,3.215599e-01,1.002930e-01,1.158308e-01,7.346130e-03,1.745433e-02,1.605294e-01,3.195206e-02
7.670088e-02,2.068697e-02,5.285352e-02,4.323658e-02,2.923309e-02,1.421557e-02,4.491101e-03,4.596748e-02,3.198258e-01,8.816007e-02,1.069137e-01,6.497202e-03,1.571177e-02,1.476810e-01,2.782518e-02
9.541179e-02,2.092102e-02,7.178831e-02,7.909610e-02,3.138810e-02,1.225457e-02,4.278801e-03,6.592414e-02,2.960786e-01,6.776734e-02,9.144982e-02,6.478331e-03,1.471215e-02,1.169689e-01,2.548197e-02
1.029405e-01,1.771612e-02,7.310272e-02,1.032054e-01,2.813622e-02,1.097809e-02,3.518583e-03,5.056770e-02,3.258649e-01,5.015058e-02,8.275567e-02,6.086868e-03,1.297029e-02,1.036244e-01,2.838186e-02
1.246491e-01,1.735219e-02,8.322124e-02,1.110809e-01,3.471228e-02,1.044722e-02,2.849307e-03,3.889297e-02,3.027092e-01,3.980007e-02,7.928686e-02,6.747453e-03,1.398312e-02,9.844473e-02,3.582332e-02
1.084015e-01,1.558934e-02,7.378939e-02,1.630985e-01,4.203117e-02,8.319541e-03,2.337849e-03,6.950781e-02,2.778328e-01,3.095834e-02,7.843140e-02,7.854168e-03,1.432336e-02,7.603387e-02,3.149091e-02
8.182006e-02,1.246733e-02,5.591712e-02,1.397688e-01,3.429252e-02,7.603976e-03,1.747599e-03,5.305859e-02,3.416666e-01,3.222032e-02,9.452674e-02,7.179733e-03,1.624094e-02,6.384102e-02,5.764861e-02
8.519079e-02,1.225499e-02,4.731813e-02,1.624321e-01,3.099623e-02,6.205799e-03,1.447191e-03,7.281663e-02,3.345620e-01,3.306790e-02,9.559457e-02,6.538511e-03,1.441400e-02,4.939007e-02,4.777107e-02
1.519731e-01,1.262813e-02,4.122651e-02,1.434801e-01,2.650579e-02,1.086998e-02,1.374022e-03,5.470253e-02,2.958930e-01,2.948633e-02,7.510634e-02,1.805225e-02,1.155726e-02,7.095444e-02,5.619024e-02
1.992538e-01,1.600165e-02,3.434155e-02,1.085505e-01,3.182424e-02,1.276504e-02,1.831991e-03,4.331188e-02,2.347326e-01,3.169194e-02,6.683545e-02,4.097113e-02,1.075564e-02,9.378278e-02,7.334988e-02
2.646630e-01,1.842230e-02,5.064957e-02,8.576138e-02,4.092650e-02,1.680719e-02,1.824359e-03,4.169914e-02,1.696323e-01,3.791800e-02,5.784309e-02,5.521009e-02,1.045423e-02,7.880589e-02,6.938303e-02
3.349865e-01,1.664518e-02,4.062964e-02,6.781740e-02,3.529895e-02,1.864466e-02,1.729441e-03,3.250045e-02,1.238971e-01,3.442759e-02,5.319259e-02,8.945484e-02,9.835320e-03,7.790091e-02,6.303941e-02
4.370832e-01,1.708356e-02,3.586147e-02,6.006639e-02,3.263586e-02,3.038324e-02,2.221309e-03,2.645510e-02,9.339193e-02,2.648694e-02,4.172164e-02,8.091633e-02,9.533359e-03,5.826280e-02,4.789690e-02
3.864507e-01,1.447871e-02,3.163715e-02,4.916580e-02,2.606199e-02,3.457716e-02,2.300068e-03,2.052153e-02,7.269576e-02,2.101212e-02,4.236659e-02,2.082502e-01,8.688246e-03,4.651567e-02,3.527835e-02
3.323055e-01,1.163899e-02,2.941852e-02,3.977992e-02,1.999022e-02,4.914080e-02,2.104013e-03,1.565422e-02,5.457880e-02,1.631184e-02,4.169648e-02,3.149357e-01,7.311154e-03,3.876803e-02,2.636576e-02
3.038506e-01,1.048439e-02,2.221724e-02,3.029382e-02,2.182202e-02,4.661359e-02,3.036607e-03,1.418674e-02,5.430719e-02,1.217530e-02,3.890054e-02,3.875361e-01,6.723868e-03,2.871276e-02,1.913921e-02
2.558848e-01,9.768602e-03,1.639893e-02,2.249763e-02,2.226679e-02,4.050522e-02,3.802184e-03,1.250656e-02,5.564687e-02,9.133005e-03,3.904156e-02,4.706447e-01,6.473285e-03,2.157876e-02,1.385110e-02
2.345603e-01,9.793783e-03,1.266841e-02,1.838182e-02,3.363508e-02,3.554944e-02,4.395427e-03,1.690951e-02,7.375741e-02,7.173941e-03,3.741587e-02,4.826865e-01,6.226729e-03,1.625067e-02,1.059507e-02
1.735525e-01,8.547463e-03,9.758708e-03,1.445272e-02,1.303610e-01,3.975808e-02,1.797025e-02,1.930730e-02,1.347880e-01,5.435941e-03,3.241010e-02,3.879425e-01,6.096388e-03,1.176072e-02,7.858213e-03
1.410571e-01,9.315213e-03,1.016374e-02,1.989767e-02,1.944591e-01,3.305627e-02,1.588507e-02,3.779727e-02,1.384960e-01,4.706299e-03,2.697762e-02,3.464939e-01,6.287117e-03,8.841753e-03,6.565892e-03
1.147326e-01,7.471626e-03,8.402836e-03,1.583395e-02,1.714801e-01,2.850046e-02,1.173322e-02,4.347610e-02,1.265571e-01,4.144014e-03,2.812115e-02,4.197466e-01,7.665938e-03,7.220296e-03,4.913987e-03
9.489984e-02,6.213178e-03,6.956563e-03,1.217913e-02,1.517755e-01,2.430159e-02,8.732991e-03,4.674392e-02,1.574771e-01,3.884405e-03,2.831816e-02,4.393947e-01,9.584922e-03,5.792257e-03,3.745736e-03
8.260901e-02,6.317214e-03,7.863277e-03,1.005083e-02,1.522074e-01,1.914605e-02,7.220975e-03,1.022546e-01,1.862023e-01,3.714886e-03,2.525670e-02,3.795475e-01,1.030222e-02,4.518167e-03,2.788957e-03
8.483236e-02,6.462628e-03,1.160494e-02,1.064841e-02,1.563003e-01,2.552658e-02,7.136497e-03,1.616679e-01,1.893520e-01,6.131023e-03,4.209611e-02,2.817271e-01,8.857150e-03,5.427038e-03,2.229925e-03
1.131831e-01,6.383009e-03,1.920402e-02,1.170714e-02,1.781375e-01,2.494445e-02,7.627914e-03,1.785723e-01,1.624265e-01,6.346408e-03,5.393396e-02,2.215813e-01,7.423889e-03,6.592205e-03,1.936413e-03
1.335993e-01,7.353799e-03,2.554742e-02,1.405670e-02,2.003998e-01,2.175933e-02,6.859878e-03,1.796964e-01,1.521257e-01,7.676613e-03,6.721491e-02,1.674768e-01,6.246306e-03,8.054249e-03,1.932940e-03
1.489384e-01,1.006569e-02,2.100664e-02,1.272701e-02,1.984591e-01,1.837263e-02,5.824068e-03,1.515926e-01,1.529113e-01,1.496902e-02,8.791230e-02,1.587765e-01,5.528300e-03,1.107840e-02,1.838116e-03
1.701699e-01,1.553800e-02,1.775513e-02,1.414622e-02,1.750170e-01,1.485391e-02,4.401097e-03,1.130979e-01,2.027639e-01,1.255349e-02,1.116746e-01,1.267779e-01,4.569313e-03,1.477543e-02,1.906198e-03
2.171780e-01,2.976494e-02,1.484393e-02,1.551758e-02,1.539778e-01,1.243300e-02,3.794619e-03,8.795451e-02,2.015068e-01,1.377062e-02,1.201079e-01,1.027206e-01,5.172340e-03,1.935257e-02,1.904806e-03
2.422740e-01,4.017575e-02,1.198141e-02,1.560946e-02,1.476819e-01,1.076150e-02,3.084255e-03,7.210655e-02,1.992244e-01,1.465378e-02,1.106945e-01,7.897307e-02,6.934576e-03,4.393058e-02,1.914327e-03
2.741438e-01,4.473514e-02,9.747988e-03,1.936692e-02,1.344637e-01,8.453198e-03,2.654955e-03,9.507070e-02,1.758011e-01,1.574560e-02,9.239751e-02,6.571648e-02,1.013086e-02,4.936095e-02,2.211062e-03
3.325146e-01,3.853545e-02,7.872251e-03,1.967660e-02,1.220731e-01,7.368098e-03,2.504400e-03,1.183656e-01,1.450323e-01,1.399845e-02,7.596914e-02,5.923717e-02,1.280497e-02,4.158173e-02,2.466200e-03
3.802364e-01,2.949078e-02,8.515203e-03,2.918102e-02,1.117525e-01,9.454339e-03,2.748284e-03,9.466849e-02,1.149498e-01,1.068344e-02,6.022885e-02,9.818144e-02,1.546654e-02,3.134219e-02,3.100833e-03
4.996305e-01,2.231738e-02,1.030119e-02,2.527912e-02,9.369634e-02,1.116170e-02,2.547034e-03,7.157174e-02,8.469255e-02,1.060977e-02,4.632745e-02,8.111291e-02,1.207593e-02,2.402173e-02,4.654696e-03
3.949483e-01,2.138777e-02,5.114767e-02,2.220425e-02,6.862704e-02,3.641842e-02,2.071980e-03,5.176440e-02,6.147121e-02,8.918030e-03,1.557202e-01,8.119348e-02,9.356977e-03,2.483612e-02,9.934088e-03
3.597921e-01,1.658108e-02,4.715528e-02,1.803191e-02,4.944052e-02,3.390744e-02,1.712175e-03,3.717072e-02,4.368186e-02,6.890508e-03,2.436510e-01,9.932694e-02,7.079170e-03,2.739879e-02,8.180521e-03
2.804235e-01,1.240033e-02,4.817054e-02,1.575733e-02,3.592230e-02,3.454893e-02,1.520320e-03,2.673332e-02,3.190855e-02,5.072506e-03,2.846582e-01,1.509329e-01,5.475424e-03,6.000014e-02,6.475741e-03
2.295217e-01,1.012602e-02,4.638923e-02,1.625817e-02,2.633045e-02,2.903190e-02,1.827971e-03,2.065404e-02,2.426882e-02,3.770143e-03,2.980244e-01,1.714537e-01,4.178762e-03,1.132491e-01,4.915532e-03
1.624200e-01,7.359775e-03,3.311217e-02,1.319840e-02,1.900110e-02,2.398765e-02,1.385412e-03,1.485883e-02,1.754387e-02,2.726207e-03,3.876255e-01,1.350135e-01,3.272003e-03,1.748041e-01,3.691532e-03
1.149157e-01,6.227943e-03,2.417397e-02,1.146722e-02,1.483507e-02,1.957867e-02,1.157483e-03,1.100300e-02,1.291147e-02,2.146582e-03,5.008375e-01,1.102230e-01,2.672440e-03,1.646500e-01,3.199927e-03
8.084048e-02,4.574705e-03,1.717251e-02,8.354375e-03,1.107307e-02,1.522193e-02,9.807376e-04,8.008354e-03,9.406149e-03,1.708239e-03,6.179953e-01,8.780489e-02,2.173916e-03,1.322487e-01,2.436569e-03
5.713097e-02,3.437872e-03,1.235217e-02,6.236824e-03,9.969537e-03,1.206723e-02,9.149961e-04,5.961679e-03,7.540634e-03,1.697070e-03,6.803179e-01,7.980400e-02,1.843528e-03,1.186760e-01,2.049585e-03
4.102598e-02,2.628941e-03,8.870595e-03,4.576669e-03,8.860358e-03,9.058191e-03,7.995880e-04,4.528182e-03,5.576341e-03,1.282855e-03,7.462841e-01,6.607609e-02,1.599080e-03,9.730916e-02,1.523862e-03
2.927710e-02,2.571660e-03,7.231827e-03,3.616572e-03,2.733729e-02,7.330423e-03,8.560939e-04,3.667504e-03,5.370081e-03,1.216223e-03,7.510335e-01,5.836797e-02,1.341399e-03,9.958597e-02,1.196367e-03
2.142956e-02,2.339990e-03,6.862182e-03,2.948285e-03,2.456124e-02,5.915897e-03,7.902159e-04,3.387050e-03,4.987426e-03,1.286976e-03,7.828801e-01,4.990324e-02,1.084900e-03,9.061880e-02,1.004123e-03
1.628369e-02,8.609904e-03,1.430712e-02,3.165822e-03,1.972753e-02,6.564539e-03,1.017913e-03,9.530615e-03,2.253119e-02,5.051984e-03,7.399079e-01,6.544992e-02,8.427525e-04,8.533424e-02,1.674777e-03
1.274739e-02,2.123595e-02,1.340397e-02,3.328215e-03,1.681791e-02,6.865199e-03,1.101331e-03,1.294772e-02,7.453884e-02,8.963389e-03,6.654638e-01,8.547699e-02,7.363379e-04,7.402048e-02,2.352381e-03
1.042185e-02,4.937194e-02,1.099681e-02,2.823276e-03,1.615056e-02,1.297104e-02,8.741468e-04,1.213482e-02,1.276370e-01,9.238787e-03,6.061246e-01,7.660630e-02,6.342219e-04,6.136335e-02,2.651209e-03
9.927854e-03,5.364036e-02,1.362196e-02,4.416452e-03,2.366621e-02,2.537277e-02,1.432669e-03,2.610156e-02,1.425515e-01,9.595904e-03,5.728021e-01,6.458748e-02,9.662506e-04,4.815887e-02,3.158032e-03
9.439664e-03,6.376310e-02,1.644553e-02,5.758043e-03,2.933092e-02,3.574765e-02,2.324845e-03,4.038963e-02,1.673317e-01,1.051326e-02,5.255874e-01,5.202308e-02,1.840480e-03,3.617917e-02,3.325580e-03
8.650368e-03,7.758345e-02,2.028286e-02,6.346181e-03,4.529471e-02,4.307322e-02,1.834046e-03,4.359574e-02,2.634600e-01,9.576102e-03,4.099598e-01,3.803397e-02,1.747027e-03,2.719981e-02,3.362680e-03
8.282717e-03,8.214530e-02,1.564623e-02,5.416574e-03,4.926481e-02,8.032914e-02,1.306092e-03,3.529865e-02,3.337213e-01,8.175954e-03,3.273120e-01,2.735208e-02,1.429533e-03,2.094261e-02,3.377027e-03
1.103120e-02,7.103325e-02,1.490716e-02,7.972270e-03,9.965722e-02,6.116912e-02,9.952503e-04,6.605490e-02,3.651683e-01,6.907250e-03,2.557346e-01,1.930105e-02,1.145642e-03,1.524862e-02,3.674183e-03
1.667692e-02,6.793579e-02,1.328282e-02,7.986017e-03,1.085551e-01,4.965544e-02,7.718357e-04,9.561211e-02,3.591331e-01,6.885560e-03,2.417708e-01,1.365468e-02,1.022281e-03,1.198254e-02,5.074959e-03
2.097573e-02,5.721830e-02,1.159397e-02,7.435194e-03,1.232870e-01,3.975682e-02,6.914411e-04,1.883712e-01,3.210676e-01,5.339613e-03,1.991791e-01,9.645972e-03,1.136240e-03,9.635287e-03,4.666559e-03
3.096607e-02,5.101298e-02,9.651761e-03,6.985375e-03,1.069781e-01,2.984256e-02,7.472272e-04,2.628825e-01,2.823551e-01,4.863734e-03,1.858879e-01,7.185587e-03,1.711260e-03,1.213455e-02,6.795387e-03
3.413607e-02,4.830023e-02,7.725798e-03,6.582481e-03,9.988894e-02,2.240373e-02,8.927551e-04,3.232879e-01,2.564026e-01,4.095805e-03,1.680109e-01,5.349047e-03,1.965920e-03,1.408700e-02,6.870857e-03
3.226936e-02,3.780433e-02,7.924732e-03,6.500531e-03,8.481917e-02,1.811235e-02,1.096873e-03,4.656520e-01,1.893150e-01,3.110268e-03,1.268774e-01,4.157094e-03,2.714323e-03,1.418731e-02,5.459252e-03
3.789415e-02,3.247060e-02,7.088493e-03,5.598143e-03,6.355301e-02,1.876993e-02,1.270221e-03,5.676177e-01,1.375047e-01,2.517253e-03,9.668875e-02,3.342536e-03,3.771697e-03,1.751084e-02,4.402098e-03
4.233564e-02,3.731398e-02,8.409200e-03,5.233833e-03,4.862140e-02,1.416533e-02,1.331812e-03,6.449206e-01,1.009408e-01,2.075429e-03,6.904064e-02,2.708452e-03,3.003508e-03,1.609723e-02,3.802116e-03
4.256692e-02,3.014064e-02,8.341745e-03,4.798082e-03,3.522318e-02,1.061222e-02,1.291798e-03,7.198671e-01,7.547931e-02,1.754059e-03,4.876245e-02,2.144379e-03,2.270182e-03,1.352123e-02,3.226774e-03
4.685950e-02,2.307166e-02,7.266054e-03,4.759251e-03,2.551571e-02,8.905734e-03,1.390946e-03,7.714524e-01,5.739421e-02,1.357441e-03,3.458091e-02,1.756594e-03,1.778860e-03,1.098243e-02,2.928241e-03
6.641145e-02,1.668842e-02,6.256527e-03,4.575197e-03,1.856480e-02,7.667589e-03,1.366372e-03,7.964408e-01,4.250611e-02,1.023489e-03,2.464694e-02,1.815292e-03,1.520153e-03,7.919879e-03,2.596945e-03
1.811953e-01,1.281608e-02,5.945853e-03,1.021824e-02,1.406427e-02,1.044085e-02,1.342098e-03,6.528319e-01,3.344705e-02,1.185872e-03,2.314695e-02,2.125303e-02,1.969495e-02,7.417220e-03,5.000312e-03
2.766846e-01,9.729343e-03,5.201336e-03,9.070312e-03,1.139497e-02,1.439426e-02,1.369167e-03,5.358102e-01,2.510107e-02,1.098747e-03,2.167704e-02,2.861264e-02,4.578242e-02,7.579924e-03,6.493939e-03
3.105491e-01,1.023106e-02,1.005159e-02,2.493778e-02,2.072473e-02,1.400176e-02,1.683012e-03,4.303017e-01,2.220974e-02,1.063800e-03,2.495908e-02,4.432955e-02,7.289703e-02,6.083702e-03,5.976312e-03
3.508899e-01,9.188497e-03,9.152652e-03,2.274031e-02,5.051156e-02,1.278692e-02,2.311673e-03,3.793688e-01,1.880016e-02,1.314771e-03,2.520689e-02,4.013747e-02,6.376874e-02,5.945771e-03,7.875841e-03
4.600491e-01,7.483168e-03,7.185102e-03,1.764577e-02,4.714499e-02,1.149083e-02,2.315897e-03,2.792894e-01,1.852523e-02,1.195527e-03,2.349069e-02,4.218522e-02,6.838261e-02,6.426033e-03,7.190375e-03
4.491903e-01,6.059734e-03,5.434290e-03,1.390039e-02,3.480114e-02,1.072040e-02,2.931609e-03,2.016768e-01,2.486438e-02,1.716176e-03,2.624242e-02,6.174587e-02,1.337825e-01,1.748498e-02,9.448964e-03
4.486575e-01,5.919856e-03,5.613104e-03,1.135866e-02,2.779902e-02,1.009385e-02,3.133862e-03,1.478119e-01,3.537343e-02,2.372158e-03,3.320615e-02,7.426917e-02,1.667943e-01,1.885732e-02,8.739781e-03
3.886326e-01,9.747807e-03,5.654321e-03,1.049990e-02,2.031390e-02,1.060199e-02,2.437174e-03,1.040560e-01,8.586187e-02,1.643397e-02,4.556593e-02,8.226019e-02,1.615551e-01,3.816357e-02,1.821561e-02
3.626160e-01,1.031115e-02,4.624345e-03,8.652012e-03,1.503859e-02,9.199056e-03,1.983496e-03,7.398508e-02,8.109500e-02,1.502098e-02,6.150152e-02,9.718341e-02,2.091631e-01,3.551433e-02,1.411187e-02
3.385183e-01,1.296049e-02,4.872392e-03,6.806896e-03,1.202191e-02,1.019021e-02,1.946048e-03,5.322110e-02,7.610478e-02,1.676585e-02,5.994806e-02,1.395476e-01,1.896135e-01,6.446668e-02,1.301614e-02
2.918671e-01,1.798335e-02,8.017152e-03,5.660344e-03,1.298956e-02,1.193979e-02,2.413649e-03,4.246805e-02,8.169133e-02,2.339001e-02,4.965395e-02,1.647815e-01,1.596993e-01,1.143948e-01,1.305002e-02
2.576185e-01,1.919157e-02,7.950068e-03,4.499609e-03,1.691619e-02,1.320735e-02,2.188864e-03,3.250302e-02,9.885520e-02,2.365896e-02,4.191446e-02,1.714210e-01,1.348022e-01,1.620097e-01,1.326329e-02
2.134077e-01,2.760887e-02,8.043123e-03,3.763961e-03,2.362704e-02,1.625775e-02,1.761969e-03,2.625380e-02,2.095630e-01,3.636247e-02,3.418753e-02,1.438243e-01,1.032867e-01,1.403735e-01,1.167834e-02
1.823824e-01,2.525305e-02,8.332608e-03,4.665031e-03,3.259674e-02,1.550980e-02,1.693591e-03,2.941561e-02,3.030976e-01,3.428904e-02,2.851253e-02,1.272299e-01,7.919968e-02,1.180419e-01,9.780405e-03
1.670943e-01,4.109557e-02,1.434678e-01,8.528320e-03,3.594885e-02,1.357587e-02,2.227595e-03,2.708049e-02,2.436444e-01,4.091582e-02,2.375759e-02,9.311470e-02,5.823220e-02,9.108659e-02,1.022996e-02
1.633725e-01,5.935376e-02,2.247204e-01,2.362707e-02,4.183083e-02,1.375498e-02,2.403741e-03,3.297219e-02,1.974380e-01,3.211287e-02,1.942319e-02,6.824043e-02,4.245543e-02,6.827731e-02,1.001726e-02
1.698454e-01,7.838252e-02,2.135236e-01,2.891570e-02,6.210670e-02,2.572070e-02,4.567431e-03,3.583174e-02,1.743373e-01,3.534467e-02,1.700728e-02,5.117834e-02,3.212249e-02,5.639450e-02,1.472164e-02
1.732599e-01,7.593139e-02,2.226582e-01,3.661904e-02,9.321742e-02,4.758038e-02,6.222806e-03,3.996220e-02,1.349290e-01,2.610893e-02,1.648072e-02,3.862234e-02,2.518908e-02,4.645972e-02,1.675892e-02
1.635217e-01,9.261358e-02,1.897206e-01,3.273922e-02,8.874277e-02,4.444214e-02,4.721406e-03,3.099453e-02,1.543909e-01,3.319404e-02,1.645769e-02,2.888121e-02,1.919256e-02,3.977096e-02,6.061668e-02
1.443124e-01,9.340431e-02,1.467241e-01,7.464466e-02,8.034018e-02,3.849707e-02,4.011605e-03,3.625115e-02,1.987873e-01,3.286378e-02,1.580144e-02,2.173093e-02,1.593325e-02,2.970433e-02,6.699342e-02
2.027950e-01,8.242376e-02,1.274480e-01,7.168394e-02,6.643669e-02,3.069806e-02,3.097290e-03,3.210824e-02,2.181036e-01,2.539260e-02,1.521632e-02,1.791994e-02,1.375103e-02,2.562184e-02,6.730378e-02
2.672402e-01,6.184801e-02,1.415553e-01,8.644415e-02,6.159330e-02,2.569574e-02,3.018687e-03,3.902160e-02,1.812115e-01,1.852403e-02,1.498195e-02,1.630551e-02,1.177505e-02,2.021302e-02,5.057201e-02
2.890573e-01,4.773907e-02,1.754746e-01,1.250409e-01,4.992115e-02,1.946139e-02,2.730874e-03,3.535137e-02,1.557157e-01,1.351559e-02,1.206842e-02,1.240076e-02,8.698240e-03,1.470149e-02,3.812306e-02
3.226918e-01,3.523052e-02,1.868990e-01,1.788053e-01,3.829288e-02,1.563584e-02,2.231815e-03,2.564065e-02,1.197520e-01,9.715125e-03,9.794909e-03,9.379755e-03,6.549714e-03,1.152251e-02,2.785829e-02
4.146869e-01,3.171813e-02,1.421773e-01,1.758994e-01,3.956772e-02,1.525711e-02,1.928868e-03,2.049233e-02,9.661368e-02,7.245953e-03,9.206226e-03,8.019766e-03,5.910058e-03,9.511972e-03,2.176467e-02
4.830630e-01,2.926348e-02,1.254612e-01,1.565588e-01,4.030635e-02,1.361672e-02,2.389190e-03,2.077818e-02,7.192759e-02,5.273206e-03,8.802185e-03,1.102201e-02,6.242041e-03,7.743843e-03,1.755222e-02
1.000000e+00,0.000000e+00,0.000000e+00,0.000000e+00,0.000000e+00,0.000000e+00,0.000000e+00,0.000000e+00,0.000000e+00,0.000000e+00,0.000000e+00,0.000000e+00,0.000000e+00,0.000000e+00,0.000000e+00
1.000000e+00,0.000000e+00,0.000000e+00,0.000000e+00,0.000000e+00,0.000000e+00,0.000000e+00,0.000000e+00,0.000000e+00,0.000000e+00,0.000000e+00,0.000000e+00,0.000000e+00,0.000000e+00,0.000000e+00
1.000000e+00,0.000000e+00,0.000000e+00,0.000000e+00,0.000000e+00,0.000000e+00,0.000000e+00,0.000000e+00,0.000000e+00,0.000000e+00,0.000000e+00,0.000000e+00,0.000000e+00,0.000000e+00,0.000000e+00
1.000000e+00,0.000000e+00,0.000000e+00,0.000000e+00,0.000000e+00,0.000000e+00,0.000000e+00,0.000000e+00,0.000000e+00,0.000000e+00,0.000000e+00,0.000000e+00,0.000000e+00,0.000000e+00,0.000000e+00
1.000000e+00,0.000000e+00,0.000000e+00,0.000000e+00,0.000000e+00,0.000000e+00,0.000000e+00,0.000000e+00,0.000000e+00,0.000000e+00,0.000000e+00,0.000000e+00,0.000000e+00,0.000000e+00,0.000000e+00
1.000000e+00,0.000000e+00,0.000000e+00,0.000000e+00,0.000000e+00,0.000000e+00,0.000000e+00,0.000000e+00,0.000000e+00,0.000000e+00,0.000000e+00,0.000000e+00,0.000000e+00,0.000000e+00,0.000000e+00
1.000000e+00,0.000000e+00,0.000000e+00,0.000000e+00,0.000000e+00,0.000000e+00,0.000000e+00,0.000000e+00,0.000000e+00,0.000000e+00,0.000000e+00,0.000000e+00,0.000000e+00,0.000000e+00,0.000000e+00
1.000000e+00,0.000000e+00,0.000000e+00,0.000000e+00,0.000000e+00,0.000000e+00,0.000000e+00,0.000000e+00,0.000000e+00,0.000000e+00,0.000000e+00,0.000000e+00,0.000000e+00,0.000000e+00,0.000000e+00
1.000000e+00,0.000000e+00,0.000000e+00,0.000000e+00,0.000000e+00,0.000000e+00,0.000000e+00,0.000000e+00,0.000000e+00,0.000000e+00,0.000000e+00,0.000000e+00,0.000000e+00,0.000000e+00,0.000000e+00
1.000000e+00,0.000000e+00,0.000000e+00,0.000000e+00,0.000000e+00,0.000000e+00,0.000000e+00,0.000000e+00,0.000000e+00,0.000000e+00,0.000000e+00,0.000000e+00,0.000000e+00,0.000000e+00,0.000000e+00
4.466383e-01,2.291182e-02,7.380525e-02,5.400042e-02,8.852185e-03,1.014638e-02,1.290291e-03,1.037441e-02,1.177403e-01,1.325463e-01,6.318673e-03,6.022901e-03,7.353703e-03,2.667602e-02,7.532303e-02
3.314497e-01,1.869016e-02,6.328113e-02,4.281031e-02,6.507033e-03,7.759998e-03,1.018448e-03,8.152951e-03,1.986737e-01,2.066537e-01,6.183581e-03,4.476740e-03,6.480962e-03,3.109958e-02,6.676207e-02
2.415821e-01,1.361792e-02,4.539736e-02,3.059762e-02,4.670707e-03,5.745267e-03,7.428134e-04,5.960428e-03,3.271276e-01,2.194504e-01,6.464925e-03,3.387868e-03,6.404127e-03,2.578121e-02,6.306969e-02
1.699610e-01,9.911516e-03,3.534938e-02,2.232258e-02,3.338109e-03,4.058701e-03,5.269208e-04,4.328499e-03,4.890670e-01,1.814330e-01,4.949380e-03,2.505267e-03,5.029130e-03,1.866988e-02,4.854978e-02
1.193294e-01,7.319020e-03,2.836420e-02,1.578096e-02,2.362720e-03,2.870522e-03,3.790173e-04,3.165858e-03,5.446635e-01,2.136679e-01,4.095268e-03,1.898302e-03,4.682167e-03,1.469511e-02,3.672611e-02
1.092961e-01,7.426437e-03,2.306121e-02,1.269339e-02,4.939552e-03,5.121208e-03,4.399799e-04,2.859368e-03,4.088399e-01,3.414675e-01,8.654522e-03,1.930585e-03,8.174569e-03,3.212930e-02,3.296643e-02
1.102678e-01,1.203462e-02,2.434292e-02,3.668033e-02,9.495276e-03,6.177312e-03,1.730761e-03,8.112231e-03,3.957070e-01,2.809255e-01,2.091192e-02,3.696355e-03,1.695779e-02,3.186768e-02,4.109244e-02
8.738682e-02,1.200088e-02,2.197551e-02,3.786955e-02,9.402774e-03,7.332529e-03,1.844261e-03,6.815917e-03,3.443078e-01,3.125479e-01,2.210423e-02,5.893447e-03,2.310637e-02,3.571187e-02,7.170013e-02
8.029708e-02,1.113624e-02,3.748384e-02,8.271705e-02,1.535647e-02,8.225443e-03,3.312820e-03,1.289792e-01,2.481168e-01,2.336940e-01,3.091731e-02,5.807430e-03,2.819415e-02,2.761062e-02,5.815160e-02
1.058891e-01,1.876869e-02,6.077061e-02,9.434424e-02,3.243366e-02,1.719643e-02,6.827242e-03,1.683477e-01,1.876926e-01,1.796910e-01,2.807599e-02,4.916433e-03,2.241149e-02,2.382348e-02,4.881129e-02
1.553976e-01,2.470415e-02,6.092832e-02,8.955418e-02,3.785592e-02,2.000474e-02,7.594304e-03,1.901291e-01,1.463788e-01,1.355201e-01,2.961938e-02,5.243416e-03,1.820559e-02,2.364133e-02,5.522322e-02
2.971954e-01,2.742931e-02,4.786441e-02,7.472250e-02,3.283368e-02,2.278476e-02,9.030959e-03,1.586975e-01,1.105278e-01,9.894750e-02,2.462404e-02,7.892665e-03,1.564343e-02,1.794621e-02,5.385983e-02
4.235679e-01,2.650926e-02,3.618989e-02,5.913063e-02,3.084585e-02,2.200662e-02,8.392340e-03,1.255204e-01,8.316030e-02,8.046751e-02,2.051509e-02,8.854872e-03,1.402677e-02,1.519153e-02,4.562102e-02
