1.000000e+00,0.000000e+00,0.000000e+00,0.000000e+00,0.000000e+00,0.000000e+00,0.000000e+00,0.000000e+00,0.000000e+00,0.000000e+00,0.000000e+00,0.000000e+00,0.000000e+00,0.000000e+00,0.000000e+00
1.000000e+00,0.000000e+00,0.000000e+00,0.000000e+00,0.000000e+00,0.000000e+00,0.000000e+00,0.000000e+00,0.000000e+00,0.000000e+00,0.000000e+00,0.000000e+00,0.000000e+00,0.000000e+00,0.000000e+00
1.000000e+00,0.000000e+00,0.000000e+00,0.000000e+00,0.000000e+00,0.000000e+00,0.000000e+00,0.000000e+00,0.000000e+00,0.000000e+00,0.000000e+00,0.000000e+00,0.000000e+00,0.000000e+00,0.000000e+00
1.000000e+00,0.000000e+00,0.000000e+00,0.000000e+00,0.000000e+00,0.000000e+00,0.000000e+00,0.000000e+00,0.000000e+00,0.000000e+00,0.000000e+00,0.000000e+00,0.000000e+00,0.000000e+00,0.000000e+00
1.000000e+00,0.000000e+00,0.000000e+00,0.000000e+00,0.000000e+00,0.000000e+00,0.000000e+00,0.000000e+00,0.000000e+00,0.000000e+00,0.000000e+00,0.000000e+00,0.000000e+00,0.000000e+00,0.000000e+00
1.000000e+00,0.000000e+00,0.000000e+00,0.000000e+00,0.000000e+00,0.000000e+00,0.000000e+00,0.000000e+00,0.000000e+00,0.000000e+00,0.000000e+00,0.000000e+00,0.000000e+00,0.000000e+00,0.000000e+00
1.000000e+00,0.000000e+00,0.000000e+00,0.000000e+00,0.000000e+00,0.000000e+00,0.000000e+00,0.000000e+00,0.000000e+00,0.000000e+00,0.000000e+00,0.000000e+00,0.000000e+00,0.000000e+00,0.000000e+00
1.000000e+00,0.000000e+00,0.000000e+00,0.000000e+00,0.000000e+00,0.000000e+00,0.000000e+00,0.000000e+00,0.000000e+00,0.000000e+00,0.000000e+00,0.000000e+00,0.000000e+00,0.000000e+00,0.000000e+00
1.000000e+00,0.000000e+00,0.000000e+00,0.000000e+00,0.000000e+00,0.000000e+00,0.000000e+00,0.000000e+00,0.000000e+00,0.000000e+00,0.000000e+00,0.000000e+00,0.000000e+00,0.000000e+00,0.000000e+00
1.000000e+00,0.000000e+00,0.000000e+00,0.000000e+00,0.000000e+00,0.000000e+00,0.000000e+00,0.000000e+00,0.000000e+00,0.000000e+00,0.000000e+00,0.000000e+00,0.000000e+00,0.000000e+00,0.000000e+00
1.000000e+00,0.000000e+00,0.000000e+00,0.000000e+00,0.000000e+00,0.000000e+00,0.000000e+00,0.000000e+00,0.000000e+00,0.000000e+00,0.000000e+00,0.000000e+00,0.000000e+00,0.000000e+00,0.000000e+00
1.000000e+00,0.000000e+00,0.000000e+00,0.000000e+00,0.000000e+00,0.000000e+00,0.000000e+00,0.000000e+00,0.000000e+00,0.000000e+00,0.000000e+00,0.000000e+00,0.000000e+00,0.000000e+00,0.000000e+00
1.000000e+00,0.000000e+00,0.000000e+00,0.000000e+00,0.000000e+00,0.000000e+00,0.000000e+00,0.000000e+00,0.000000e+00,0.000000e+00,0.000000e+00,0.000000e+00,0.000000e+00,0.000000e+00,0.000000e+00
1.000000e+00,0.000000e+00,0.000000e+00,0.000000e+00,0.000000e+00,0.000000e+00,0.000000e+00,0.000000e+00,0.000000e+00,0.000000e+00,0.000000e+00,0.000000e+00,0.000000e+00,0.000000e+00,0.000000e+00
1.000000e+00,0.000000e+00,0.000000e+00,0.000000e+00,0.000000e+00,0.000000e+00,0.000000e+00,0.000000e+00,0.000000e+00,0.000000e+00,0.000000e+00,0.000000e+00,0.000000e+00,0.000000e+00,0.000000e+00
1.000000e+00,0.000000e+00,0.000000e+00,0.000000e+00,0.000000e+00,0.000000e+00,0.000000e+00,0.000000e+00,0.000000e+00,0.000000e+00,0.000000e+00,0.000000e+00,0.000000e+00,0.000000e+00,0.000000e+00
1.000000e+00,0.000000e+00,0.000000e+00,0.000000e+00,0.000000e+00,0.000000e+00,0.000000e+00,0.000000e+00,0.000000e+00,0.000000e+00,0.000000e+00,0.000000e+00,0.000000e+00,0.000000e+00,0.000000e+00
1.000000e+00,0.000000e+00,0.000000e+00,0.000000e+00,0.000000e+00,0.000000e+00,0.000000e+00,0.000000e+00,0.000000e+00,0.000000e+00,0.000000e+00,0.000000e+00,0.000000e+00,0.000000e+00,0.000000e+00
1.000000e+00,0.000000e+00,0.000000e+00,0.000000e+00,0.000000e+00,0.000000e+00,0.000000e+00,0.000000e+00,0.000000e+00,0.000000e+00,0.000000e+00,0.000000e+00,0.000000e+00,0.000000e+00,0.000000e+00
1.000000e+00,0.000000e+00,0.000000e+00,0.000000e+00,0.000000e+00,0.000000e+00,0.000000e+00,0.000000e+00,0.000000e+00,0.000000e+00,0.000000e+00,0.000000e+00,0.000000e+00,0.000000e+00,0.000000e+00
1.000000e+00,0.000000e+00,0.000000e+00,0.000000e+00,0.000000e+00,0.000000e+00,0.000000e+00,0.000000e+00,0.000000e+00,0.000000e+00,0.000000e+00,0.000000e+00,0.000000e+00,0.000000e+00,0.000000e+00
1.000000e+00,0.000000e+00,0.000000e+00,0.000000e+00,0.000000e+00,0.000000e+00,0.000000e+00,0.000000e+00,0.000000e+00,0.000000e+00,0.000000e+00,0.000000e+00,0.000000e+00,0.000000e+00,0.000000e+00
1.000000e+00,0.000000e+00,0.000000e+00,0.000000e+00,0.000000e+00,0.000000e+00,0.000000e+00,0.000000e+00,0.000000e+00,0.000000e+00,0.000000e+00,0.000000e+00,0.000000e+00,0.000000e+00,0.000000e+00
1.000000e+00,0.000000e+00,0.000000e+00,0.000000e+00,0.000000e+00,0.000000e+00,0.000000e+00,0.000000e+00,0.000000e+00,0.000000e+00,0.000000e+00,0.000000e+00,0.000000e+00,0.000000e+00,0.000000e+00
1.000000e+00,0.000000e+00,0.000000e+00,0.000000e+00,0.000000e+00,0.000000e+00,0.000000e+00,0.000000e+00,0.000000e+00,0.000000e+00,0.000000e+00,0.000000e+00,0.000000e+00,0.000000e+00,0.000000e+00
1.000000e+00,0.000000e+00,0.000000e+00,0.000000e+00,0.000000e+00,0.000000e+00,0.000000e+00,0.000000e+00,0.000000e+00,0.000000e+00,0.000000e+00,0.000000e+00,0.000000e+00,0.000000e+00,0.000000e+00
1.000000e+00,0.000000e+00,0.000000e+00,0.000000e+00,0.000000e+00,0.000000e+00,0.000000e+00,0.000000e+00,0.000000e+00,0.000000e+00,0.000000e+00,0.000000e+00,0.000000e+00,0.000000e+00,0.000000e+00
1.000000e+00,0.000000e+00,0.000000e+00,0.000000e+00,0.000000e+00,0.000000e+00,0.000000e+00,0.000000e+00,0.000000e+00,0.000000e+00,0.000000e+00,0.000000e+00,0.000000e+00,0.000000e+00,0.000000e+00
1.000000e+00,0.000000e+00,0.000000e+00,0.000000e+00,0.000000e+00,0.000000e+00,0.000000e+00,0.000000e+00,0.000000e+00,0.000000e+00,0.000000e+00,0.000000e+00,0.000000e+00,0.000000e+00,0.000000e+00
1.000000e+00,0.000000e+00,0.000000e+00,0.000000e+00,0.000000e+00,0.000000e+00,0.000000e+00,0.000000e+00,0.000000e+00,0.000000e+00,0.000000e+00,0.000000e+00,0.000000e+00,0.000000e+00,0.000000e+00
1.000000e+00,0.000000e+00,0.000000e+00,0.000000e+00,0.000000e+00,0.000000e+00,0.000000e+00,0.000000e+00,0.000000e+00,0.000000e+00,0.000000e+00,0.000000e+00,0.000000e+00,0.000000e+00,0.000000e+00
1.000000e+00,0.000000e+00,0.000000e+00,0.000000e+00,0.000000e+00,0.000000e+00,0.000000e+00,0.000000e+00,0.000000e+00,0.000000e+00,0.000000e+00,0.000000e+00,0.000000e+00,0.000000e+00,0.000000e+00
1.000000e+00,0.000000e+00,0.000000e+00,0.000000e+00,0.000000e+00,0.000000e+00,0.000000e+00,0.000000e+00,0.000000e+00,0.000000e+00,0.000000e+00,0.000000e+00,0.000000e+00,0.000000e+00,0.000000e+00
1.000000e+00,0.000000e+00,0.000000e+00,0.000000e+00,0.000000e+00,0.000000e+00,0.000000e+00,0.000000e+00,0.000000e+00,0.000000e+00,0.000000e+00,0.000000e+00,0.000000e+00,0.000000e+00,0.000000e+00
1.000000e+00,0.000000e+00,0.000000e+00,0.000000e+00,0.000000e+00,0.000000e+00,0.000000e+00,0.000000e+00,0.000000e+00,0.000000e+00,0.000000e+00,0.000000e+00,0.000000e+00,0.000000e+00,0.000000e+00
1.000000e+00,0.000000e+00,0.000000e+00,0.000000e+00,0.000000e+00,0.000000e+00,0.000000e+00,0.000000e+00,0.000000e+00,0.000000e+00,0.000000e+00,0.000000e+00,0.000000e+00,0.000000e+00,0.000000e+00
1.000000e+00,0.000000e+00,0.000000e+00,0.000000e+00,0.000000e+00,0.000000e+00,0.000000e+00,0.000000e+00,0.000000e+00,0.000000e+00,0.000000e+00,0.000000e+00,0.000000e+00,0.000000e+00,0.000000e+00
1.000000e+00,0.000000e+00,0.000000e+00,0.000000e+00,0.000000e+00,0.000000e+00,0.000000e+00,0.000000e+00,0.000000e+00,0.000000e+00,0.000000e+00,0.000000e+00,0.000000e+00,0.000000e+00,0.000000e+00
1.000000e+00,0.000000e+00,0.000000e+00,0.000000e+00,0.000000e+00,0.000000e+00,0.000000e+00,0.000000e+00,0.000000e+00,0.000000e+00,0.000000e+00,0.000000e+00,0.000000e+00,0.000000e+00,0.000000e+00
1.000000e+00,0.000000e+00,0.000000e+00,0.000000e+00,0.000000e+00,0.000000e+00,0.000000e+00,0.000000e+00,0.000000e+00,0.000000e+00,0.000000e+00,0.000000e+00,0.000000e+00,0.000000e+00,0.000000e+00
1.000000e+00,0.000000e+00,0.000000e+00,0.000000e+00,0.000000e+00,0.000000e+00,0.000000e+00,0.000000e+00,0.000000e+00,0.000000e+00,0.000000e+00,0.000000e+00,0.000000e+00,0.000000e+00,0.000000e+00
1.000000e+00,0.000000e+00,0.000000e+00,0.000000e+00,0.000000e+00,0.000000e+00,0.000000e+00,0.000000e+00,0.000000e+00,0.000000e+00,0.000000e+00,0.000000e+00,0.000000e+00,0.000000e+00,0.000000e+00
1.000000e+00,0.000000e+00,0.000000e+00,0.000000e+00,0.000000e+00,0.000000e+00,0.000000e+00,0.000000e+00,0.000000e+00,0.000000e+00,0.000000e+00,0.000000e+00,0.000000e+00,0.000000e+00,0.000000e+00
1.000000e+00,0.000000e+00,0.000000e+00,0.000000e+00,0.000000e+00,0.000000e+00,0.000000e+00,0.000000e+00,0.000000e+00,0.000000e+00,0.000000e+00,0.000000e+00,0.000000e+00,0.000000e+00,0.000000e+00
1.000000e+00,0.000000e+00,0.000000e+00,0.000000e+00,0.000000e+00,0.000000e+00,0.000000e+00,0.000000e+00,0.000000e+00,0.000000e+00,0.000000e+00,0.000000e+00,0.000000e+00,0.000000e+00,0.000000e+00
1.000000e+00,0.000000e+00,0.000000e+00,0.000000e+00,0.000000e+00,0.000000e+00,0.000000e+00,0.000000e+00,0.000000e+00,0.000000e+00,0.000000e+00,0.000000e+00,0.000000e+00,0.000000e+00,0.000000e+00
1.000000e+00,0.000000e+00,0.000000e+00,0.000000e+00,0.000000e+00,0.000000e+00,0.000000e+00,0.000000e+00,0.000000e+00,0.000000e+00,0.000000e+00,0.000000e+00,0.000000e+00,0.000000e+00,0.000000e+00
1.000000e+00,0.000000e+00,0.000000e+00,0.000000e+00,0.000000e+00,0.000000e+00,0.000000e+00,0.000000e+00,0.000000e+00,0.000000e+00,0.000000e+00,0.000000e+00,0.000000e+00,0.000000e+00,0.000000e+00
4.071086e-01,3.500015e-02,7.819504e-03,6.559462e-02,4.113584e-03,7.629224e-02,3.582939e-03,7.088432e-03,3.508619e-02,3.228602e-03,8.225401e-03,1.672430e-02,2.408609e-01,1.747171e-03,8.752740e-02
2.852039e-01,2.538045e-02,5.784624e-03,5.283570e-02,3.265313e-03,6.979206e-02,3.039042e-03,5.160207e-03,6.412699e-02,2.533110e-03,6.567413e-03,1.328519e-02,3.940203e-01,1.259215e-03,6.774639e-02
1.999852e-01,1.815966e-02,4.245253e-03,3.765490e-02,2.757494e-03,5.908223e-02,2.234965e-03,3.736216e-03,4.855354e-02,1.827044e-03,4.701340e-03,1.099275e-02,5.560430e-01,8.917666e-04,4.913461e-02
1.403725e-01,1.543103e-02,1.455777e-02,5.682807e-02,3.247775e-03,4.393118e-02,1.776919e-03,2.709989e-03,1.621603e-01,2.132892e-03,3.364136e-03,8.750704e-03,5.070416e-01,6.560724e-04,3.703906e-02
1.000341e-01,1.726005e-02,9.273335e-02,1.777178e-01,4.745577e-03,3.857233e-02,1.477941e-03,2.251928e-03,1.524603e-01,2.603882e-03,3.027671e-03,6.963781e-03,3.696677e-01,5.481740e-04,2.993543e-02
8.247544e-02,1.864292e-02,7.511817e-02,2.106068e-01,1.146832e-02,6.052805e-02,2.905434e-03,3.038382e-03,1.581232e-01,3.799404e-03,7.873081e-03,7.689753e-03,3.118445e-01,6.437087e-04,4.524288e-02
6.360294e-02,2.135190e-02,1.399619e-01,2.646801e-01,9.848517e-03,5.132045e-02,2.565348e-03,2.807173e-03,1.595601e-01,4.582073e-03,7.329289e-03,5.739155e-03,2.223380e-01,1.047566e-03,4.326542e-02
6.937409e-02,2.879869e-02,1.559011e-01,2.207838e-01,8.049128e-03,3.790420e-02,2.451230e-03,2.886087e-03,2.449859e-01,5.245641e-03,1.027746e-02,4.913941e-03,1.627510e-01,1.365424e-03,4.431223e-02
1.263538e-01,2.593820e-02,1.357401e-01,1.595777e-01,1.054830e-02,3.081031e-02,2.374632e-03,2.673297e-03,3.109502e-01,5.669412e-03,1.272359e-02,4.161303e-03,1.206090e-01,1.896498e-03,4.997360e-02
1.460839e-01,2.575364e-02,1.028039e-01,1.168387e-01,1.310945e-02,2.929311e-02,2.119137e-03,2.375811e-03,4.037824e-01,7.948654e-03,1.099151e-02,3.377023e-03,8.910409e-02,2.477673e-03,4.394108e-02
2.007062e-01,2.735227e-02,7.643231e-02,8.609770e-02,1.368690e-02,2.856533e-02,2.261506e-03,2.541101e-03,3.963720e-01,9.188817e-03,9.114298e-03,3.916359e-03,9.288873e-02,2.782373e-03,4.809405e-02
1.844296e-01,2.969767e-02,8.827173e-02,7.190479e-02,1.164041e-02,2.154993e-02,2.105985e-03,3.175152e-03,4.546735e-01,8.311568e-03,7.663241e-03,3.897406e-03,6.731476e-02,3.102893e-03,4.226130e-02
3.195291e-01,2.464197e-02,6.419810e-02,5.385162e-02,1.024146e-02,1.845991e-02,2.946912e-03,4.342166e-03,3.438355e-01,8.178888e-03,9.871608e-03,7.651898e-03,6.412158e-02,1.415260e-02,5.397660e-02
3.138653e-01,2.612541e-02,9.293848e-02,4.957337e-02,8.871174e-03,1.523011e-02,3.671400e-03,4.735706e-03,2.865399e-01,1.037365e-02,1.215185e-02,1.517042e-02,6.110890e-02,2.049668e-02,7.914764e-02
3.092119e-01,2.378258e-02,1.234976e-01,3.836181e-02,8.423528e-03,1.291388e-02,2.988669e-03,6.220924e-03,2.338483e-01,1.152767e-02,2.632604e-02,2.474743e-02,7.998480e-02,2.816286e-02,7.000207e-02
3.333034e-01,2.004386e-02,9.055720e-02,3.131193e-02,1.078586e-02,1.470619e-02,2.479131e-03,5.227984e-03,2.130927e-01,9.695717e-03,2.341115e-02,2.233611e-02,8.347532e-02,3.046465e-02,1.091088e-01
3.752561e-01,1.886499e-02,6.429482e-02,2.346885e-02,9.410508e-03,1.623205e-02,1.925719e-03,4.089702e-03,1.722499e-01,7.420417e-03,2.017845e-02,2.483303e-02,1.377778e-01,2.961407e-02,9.438354e-02
3.351405e-01,1.930086e-02,6.520366e-02,2.741151e-02,8.858584e-03,1.357763e-02,1.591845e-03,3.749450e-03,2.605858e-01,8.661475e-03,1.850500e-02,1.919482e-02,1.032505e-01,3.219349e-02,8.277491e-02
3.736303e-01,1.886303e-02,8.141241e-02,2.568835e-02,9.269195e-03,1.710805e-02,2.015266e-03,5.726091e-03,2.200584e-01,9.561489e-03,1.970429e-02,1.759881e-02,7.917553e-02,3.857276e-02,8.161607e-02
3.797960e-01,1.733201e-02,6.983824e-02,2.032987e-02,1.874215e-02,2.103645e-02,2.361192e-03,9.347875e-03,1.856455e-01,2.219852e-02,4.516394e-02,1.477321e-02,6.182199e-02,5.629946e-02,7.531360e-02
2.949562e-01,1.860051e-02,5.318582e-02,1.633199e-02,2.469815e-02,2.530421e-02,2.244796e-03,8.378929e-03,2.151211e-01,2.057786e-02,6.345648e-02,1.291064e-02,9.616654e-02,5.607130e-02,9.199551e-02
2.075719e-01,1.483500e-02,3.894476e-02,1.196885e-02,1.814626e-02,2.004412e-02,1.645731e-03,5.990585e-03,2.566604e-01,2.335078e-02,4.880751e-02,1.042078e-02,7.834758e-02,9.385670e-02,1.694091e-01
2.232755e-01,1.437815e-02,3.086067e-02,1.248385e-02,1.484095e-02,1.716409e-02,1.435009e-03,4.753015e-03,2.531088e-01,2.082700e-02,3.858925e-02,1.502498e-02,9.530953e-02,8.883747e-02,1.691117e-01
2.472835e-01,1.317269e-02,3.765854e-02,1.282433e-02,1.289498e-02,1.493364e-02,1.414529e-03,4.181684e-03,2.404512e-01,1.989761e-02,3.511125e-02,2.136030e-02,8.415765e-02,8.518456e-02,1.694736e-01
3.567755e-01,1.360015e-02,4.816422e-02,1.226374e-02,1.539073e-02,1.520157e-02,2.112459e-03,7.337136e-03,1.893543e-01,1.731443e-02,3.054529e-02,1.966796e-02,6.638280e-02,6.995946e-02,1.359303e-01
4.085584e-01,1.177433e-02,4.103671e-02,1.229728e-02,2.292547e-02,1.793620e-02,2.374001e-03,8.923505e-03,1.712033e-01,1.661889e-02,3.149366e-02,1.851393e-02,6.074074e-02,6.605416e-02,1.095495e-01
4.644135e-01,9.879408e-03,3.150786e-02,1.062136e-02,1.992294e-02,1.551522e-02,3.382537e-03,9.541654e-03,1.410500e-01,1.470714e-02,2.952166e-02,1.950342e-02,8.526601e-02,5.205211e-02,9.311518e-02
4.934924e-01,9.821169e-03,2.736403e-02,1.312883e-02,1.547918e-02,1.444041e-02,3.116014e-03,9.689405e-03,1.512468e-01,1.362938e-02,2.746248e-02,1.941140e-02,8.999367e-02,3.979095e-02,7.193398e-02
1.000000e+00,0.000000e+00,0.000000e+00,0.000000e+00,0.000000e+00,0.000000e+00,0.000000e+00,0.000000e+00,0.000000e+00,0.000000e+00,0.000000e+00,0.000000e+00,0.000000e+00,0.000000e+00,0.000000e+00
1.000000e+00,0.000000e+00,0.000000e+00,0.000000e+00,0.000000e+00,0.000000e+00,0.000000e+00,0.000000e+00,0.000000e+00,0.000000e+00,0.000000e+00,0.000000e+00,0.000000e+00,0.000000e+00,0.000000e+00
4.714320e-01,4.582844e-02,2.307104e-02,1.432928e-02,1.751742e-02,1.159672e-02,4.165413e-03,2.223317e-02,2.129280e-01,1.165757e-02,1.596593e-02,1.532480e-02,5.340648e-02,1.907589e-02,6.146792e-02
4.011228e-01,4.414002e-02,2.480195e-02,1.697738e-02,2.163464e-02,1.008884e-02,3.733214e-03,1.924549e-02,3.008088e-01,1.025926e-02,1.541081e-02,1.765863e-02,4.701347e-02,1.436771e-02,5.273698e-02
4.522342e-01,4.229820e-02,3.328368e-02,2.272789e-02,3.115527e-02,1.545830e-02,4.574931e-03,2.429819e-02,2.439414e-01,7.702724e-03,1.302216e-02,1.610149e-02,4.003407e-02,1.057222e-02,4.259523e-02
1.000000e+00,0.000000e+00,0.000000e+00,0.000000e+00,0.000000e+00,0.000000e+00,0.000000e+00,0.000000e+00,0.000000e+00,0.000000e+00,0.000000e+00,0.000000e+00,0.000000e+00,0.000000e+00,0.000000e+00
4.244728e-01,6.401709e-02,2.395957e-02,3.914352e-02,3.623090e-02,2.854735e-02,4.167662e-03,2.380283e-02,1.940217e-01,5.220543e-03,1.115624e-02,2.877421e-02,7.605502e-02,5.888429e-03,3.454215e-02
3.505171e-01,6.713408e-02,1.918218e-02,3.790382e-02,3.948306e-02,2.730560e-02,3.839078e-03,2.110209e-02,2.205923e-01,4.174600e-03,1.053543e-02,2.652350e-02,1.381325e-01,4.273902e-03,2.930081e-02
2.802497e-01,6.371221e-02,1.936033e-02,9.857427e-02,4.654897e-02,5.004944e-02,3.727031e-03,2.361204e-02,1.826576e-01,3.895757e-03,9.677431e-03,2.008332e-02,1.677515e-01,3.244876e-03,2.685559e-02
2.159733e-01,5.767151e-02,4.643698e-02,2.513301e-01,3.781874e-02,3.746875e-02,2.856355e-03,1.950975e-02,1.510771e-01,5.340822e-03,1.011427e-02,1.606484e-02,1.227532e-01,2.453444e-03,2.313078e-02
2.685669e-01,5.691547e-02,5.291472e-02,2.009910e-01,3.189129e-02,3.957799e-02,4.163479e-03,2.494138e-02,1.315013e-01,5.836495e-03,9.581815e-03,1.726246e-02,1.298884e-01,2.224267e-03,2.374303e-02
2.589356e-01,5.767912e-02,6.821840e-02,2.203072e-01,3.451163e-02,4.465022e-02,5.186655e-03,2.599218e-02,1.210048e-01,8.168660e-03,1.106469e-02,1.916682e-02,9.979539e-02,2.090406e-03,2.322832e-02
3.025523e-01,4.840896e-02,5.272949e-02,1.882372e-01,3.780359e-02,4.011659e-02,6.414430e-03,4.110979e-02,1.192127e-01,8.279446e-03,2.508203e-02,2.092702e-02,8.574060e-02,1.969446e-03,2.141657e-02
4.328690e-01,3.793912e-02,4.363067e-02,1.416217e-01,3.058540e-02,3.288948e-02,5.614002e-03,3.311501e-02,9.682082e-02,1.060862e-02,2.312167e-02,2.014412e-02,6.233440e-02,4.669582e-03,2.403650e-02
4.964120e-01,3.006215e-02,3.362954e-02,1.146144e-01,2.364637e-02,3.065283e-02,4.595298e-03,2.514746e-02,1.002644e-01,1.035471e-02,2.303500e-02,2.331749e-02,4.968365e-02,6.701287e-03,2.788341e-02
1.000000e+00,0.000000e+00,0.000000e+00,0.000000e+00,0.000000e+00,0.000000e+00,0.000000e+00,0.000000e+00,0.000000e+00,0.000000e+00,0.000000e+00,0.000000e+00,0.000000e+00,0.000000e+00,0.000000e+00
4.334100e-01,2.272476e-02,1.927073e-02,7.890285e-02,1.337436e-02,2.260775e-02,2.995455e-03,1.473800e-02,1.227043e-01,2.886198e-02,3.200249e-02,4.500306e-02,5.874848e-02,5.287921e-02,5.177659e-02
3.729179e-01,2.553189e-02,1.817184e-02,5.922648e-02,1.078752e-02,1.945073e-02,2.647748e-03,1.186350e-02,1.140185e-01,4.951610e-02,5.466498e-02,6.275167e-02,8.131632e-02,6.707382e-02,5.006092e-02
2.695875e-01,3.748102e-02,9.533025e-02,4.929278e-02,1.191943e-02,1.730900e-02,2.422136e-03,1.472812e-02,1.424258e-01,7.430954e-02,5.463342e-02,5.154937e-02,6.642552e-02,5.729512e-02,5.529092e-02
2.676139e-01,4.665641e-02,7.555686e-02,3.904159e-02,9.299194e-03,1.730504e-02,1.985954e-03,1.416443e-02,1.243731e-01,1.126629e-01,5.919642e-02,5.362917e-02,5.420350e-02,7.250384e-02,5.180764e-02
2.901931e-01,4.321291e-02,6.795457e-02,4.060192e-02,9.022595e-03,1.894943e-02,1.698359e-03,1.232700e-02,1.126198e-01,1.315406e-01,5.775267e-02,5.110899e-02,4.179426e-02,7.287113e-02,4.835266e-02
2.194927e-01,4.027517e-02,6.770638e-02,4.455259e-02,7.493068e-03,1.778507e-02,1.360115e-03,9.489771e-03,1.137909e-01,2.128087e-01,8.345298e-02,5.003623e-02,3.106110e-02,6.180369e-02,3.889146e-02
1.918294e-01,3.842229e-02,5.026894e-02,4.065427e-02,6.889607e-03,1.817144e-02,1.222579e-03,7.810801e-03,1.280556e-01,2.712469e-01,8.319379e-02,4.920581e-02,2.366953e-02,5.656613e-02,3.279292e-02
1.827189e-01,4.163250e-02,4.053968e-02,4.109826e-02,6.704460e-03,2.153327e-02,1.172881e-03,7.228492e-03,1.285732e-01,2.785435e-01,7.350604e-02,4.484385e-02,2.061539e-02,6.017474e-02,5.111478e-02
1.616178e-01,8.163230e-02,3.616777e-02,4.347827e-02,1.292878e-02,1.752288e-02,1.315312e-03,1.611583e-02,1.649024e-01,2.387591e-01,6.215711e-02,3.955870e-02,2.018651e-02,5.978846e-02,4.386889e-02
1.484866e-01,9.669804e-02,3.265393e-02,3.802356e-02,1.546400e-02,1.545356e-02,1.285433e-03,2.237484e-02,1.868761e-01,2.167137e-01,5.352230e-02,3.376841e-02,1.905886e-02,7.195050e-02,4.767023e-02
1.815637e-01,8.296801e-02,2.937319e-02,2.915585e-02,2.327174e-02,1.629670e-02,1.204804e-03,2.932317e-02,1.908093e-01,1.834497e-01,4.402320e-02,2.589765e-02,1.635740e-02,9.096146e-02,5.534416e-02
2.021201e-01,6.773280e-02,2.807181e-02,2.402841e-02,3.684733e-02,1.615100e-02,1.528175e-03,6.353966e-02,1.547353e-01,1.763545e-01,4.214067e-02,2.521857e-02,1.900415e-02,9.072595e-02,5.180157e-02
2.443053e-01,5.533854e-02,2.947122e-02,2.324684e-02,3.825773e-02,1.723467e-02,1.594989e-03,8.106336e-02,1.394784e-01,1.288380e-01,3.963027e-02,2.652523e-02,2.242455e-02,8.892597e-02,6.366485e-02
3.334040e-01,4.796082e-02,2.291243e-02,1.932341e-02,4.018356e-02,2.045158e-02,1.394051e-03,7.198877e-02,1.307557e-01,9.370787e-02,3.807282e-02,2.510669e-02,2.122636e-02,8.023405e-02,5.327801e-02
3.319854e-01,4.971938e-02,4.745332e-02,4.143781e-02,4.667213e-02,3.571291e-02,1.773753e-03,6.645936e-02,1.163834e-01,6.810023e-02,3.453015e-02,2.524869e-02,1.970432e-02,6.409163e-02,5.072762e-02
3.889189e-01,3.851266e-02,5.455743e-02,5.158819e-02,3.802600e-02,3.155842e-02,1.706366e-03,5.440076e-02,1.206361e-01,4.905668e-02,3.073333e-02,2.790961e-02,1.830488e-02,4.980700e-02,4.428369e-02
4.295809e-01,3.024677e-02,4.820398e-02,4.654729e-02,3.255677e-02,2.596462e-02,1.510957e-03,4.282577e-02,1.573126e-01,3.668922e-02,2.430904e-02,2.220681e-02,1.501142e-02,3.963211e-02,4.740183e-02
3.928350e-01,2.229507e-02,3.719158e-02,4.000825e-02,2.536541e-02,1.209602e-01,1.555083e-03,3.339845e-02,1.489909e-01,4.082760e-02,3.185359e-02,1.862534e-02,1.339184e-02,3.032066e-02,4.238102e-02
3.785494e-01,1.630646e-02,2.717786e-02,3.004791e-02,2.085602e-02,2.236807e-01,1.489278e-03,2.649750e-02,1.117525e-01,3.698917e-02,3.702451e-02,1.541175e-02,1.231763e-02,2.811525e-02,3.378405e-02
2.955462e-01,1.232081e-02,2.032913e-02,2.212833e-02,1.560121e-02,3.636498e-01,1.277128e-03,1.971866e-02,8.157314e-02,6.435987e-02,3.230238e-02,1.135103e-02,1.004819e-02,2.230716e-02,2.748693e-02
2.495755e-01,9.453257e-03,1.606502e-02,1.734129e-02,1.247323e-02,3.969765e-01,1.159521e-03,1.565461e-02,6.028846e-02,1.377740e-01,2.726849e-02,8.434682e-03,7.778348e-03,1.734562e-02,2.241151e-02
2.196117e-01,7.401123e-03,1.535132e-02,1.625918e-02,1.013872e-02,4.120800e-01,1.210566e-03,1.449726e-02,4.629272e-02,1.879263e-01,2.525834e-02,6.375715e-03,6.071310e-03,1.361990e-02,1.790582e-02
2.346205e-01,6.913100e-03,2.238180e-02,1.464804e-02,8.194787e-03,3.913676e-01,1.108906e-03,1.312734e-02,3.567448e-02,2.051972e-01,2.870781e-02,5.085182e-03,5.215688e-03,1.258921e-02,1.516832e-02
2.140216e-01,6.144799e-03,1.871743e-02,1.248839e-02,7.392226e-03,3.275081e-01,1.086999e-03,1.021056e-02,2.924503e-02,3.063143e-01,3.104051e-02,4.139664e-03,4.733613e-03,1.305176e-02,1.390509e-02
1.837218e-01,5.261562e-03,1.417145e-02,9.701105e-03,6.653908e-03,2.493356e-01,1.071384e-03,8.553123e-03,2.301767e-02,4.321584e-01,2.909955e-02,3.327902e-03,4.016675e-03,1.475774e-02,1.515219e-02
1.429655e-01,4.384796e-03,1.040159e-02,7.096360e-03,6.561199e-03,1.782817e-01,8.957879e-04,7.851152e-03,1.902114e-02,5.671790e-01,2.538080e-02,2.499389e-03,3.252918e-03,1.230231e-02,1.192633e-02
1.655278e-01,8.762448e-03,1.096568e-02,9.097653e-03,1.519754e-02,1.380924e-01,1.866894e-03,2.336434e-02,2.326348e-02,5.265559e-01,2.776686e-02,4.133272e-03,6.442606e-03,2.010016e-02,1.886300e-02
1.490323e-01,1.157457e-02,1.287943e-02,7.824635e-03,1.161368e-02,1.303656e-01,1.397651e-03,1.718329e-02,2.363580e-02,4.006251e-01,2.875760e-02,5.405422e-03,7.324161e-03,3.876322e-02,1.536176e-01
1.107757e-01,1.142164e-02,1.322400e-02,5.708139e-03,8.842040e-03,1.115134e-01,1.136248e-03,1.220374e-02,1.999434e-02,2.930469e-01,2.667988e-02,4.717386e-03,7.769307e-03,6.831335e-02,3.046540e-01
8.225539e-02,8.914244e-03,1.043825e-02,4.064521e-03,6.415007e-03,8.532162e-02,9.374372e-04,8.667713e-03,1.698601e-02,2.248907e-01,2.485749e-02,3.914184e-03,9.184198e-03,1.513493e-01,3.618039e-01
7.755120e-02,8.177319e-03,1.061266e-02,2.972045e-03,4.990523e-03,6.431161e-02,7.850176e-04,6.169554e-03,1.781356e-02,1.988213e-01,2.395410e-02,3.549837e-03,8.995160e-03,1.842043e-01,3.870918e-01
8.296142e-02,6.958069e-03,9.252914e-03,2.216389e-03,3.702052e-03,5.053227e-02,6.473340e-04,4.475550e-03,2.467682e-02,2.150487e-01,2.541858e-02,2.987075e-03,7.707372e-03,2.027654e-01,3.606501e-01
6.793264e-02,5.884640e-03,1.292332e-02,1.626506e-03,3.053441e-03,4.315202e-02,4.975514e-04,3.162312e-03,2.710478e-02,2.329048e-01,2.384565e-02,2.548963e-03,7.001467e-03,2.821327e-01,2.862293e-01
5.602350e-02,4.655614e-03,1.195130e-02,1.232027e-03,2.813895e-03,3.252827e-02,3.732824e-04,2.267618e-03,2.224713e-02,3.342423e-01,2.016731e-02,2.586656e-03,5.892312e-03,2.895564e-01,2.134624e-01
4.172361e-02,3.517496e-03,9.382008e-03,9.633326e-04,2.313254e-03,2.607934e-02,2.722759e-04,1.630850e-03,1.658277e-02,4.672370e-01,1.723364e-02,2.614411e-03,4.930734e-03,2.520630e-01,1.534563e-01
3.582479e-02,3.478989e-03,1.051466e-02,1.480387e-03,3.178373e-03,2.345505e-02,2.647848e-04,1.620040e-03,1.456493e-02,5.749928e-01,1.813450e-02,3.730003e-03,8.002578e-03,1.841117e-01,1.166464e-01
2.936281e-02,3.176820e-03,8.054068e-03,1.536840e-03,3.118241e-03,1.844702e-02,2.075931e-04,1.264257e-03,1.399048e-02,6.750373e-01,1.573457e-02,3.365062e-03,7.657836e-03,1.336502e-01,8.539695e-02
2.189883e-02,2.931838e-03,6.343530e-03,1.543649e-03,2.749653e-03,1.590427e-02,2.491620e-04,1.878678e-03,2.412733e-02,7.015083e-01,2.650243e-02,6.208441e-03,2.346079e-02,1.003484e-01,6.434472e-02
2.077057e-02,2.793124e-03,5.044301e-03,1.568627e-03,2.779851e-03,1.213816e-02,2.412472e-04,2.268161e-03,3.340669e-02,7.235560e-01,3.169228e-02,5.441071e-03,2.259017e-02,8.048571e-02,5.522404e-02
1.832953e-02,3.597796e-03,5.469959e-03,2.433651e-03,3.640436e-03,9.815963e-03,2.742454e-04,5.829960e-03,6.539905e-02,6.688932e-01,5.429288e-02,6.456928e-03,3.225395e-02,7.759836e-02,4.571409e-02
2.369497e-02,6.727526e-03,4.748654e-02,2.269736e-02,1.303470e-02,8.437223e-03,5.380129e-04,3.489554e-02,1.217575e-01,5.469607e-01,4.896789e-02,5.153774e-03,2.728378e-02,5.810821e-02,3.425627e-02
4.164089e-02,1.233036e-02,5.144325e-02,2.666073e-02,2.661282e-02,8.327097e-03,1.359523e-03,5.101348e-02,1.760094e-01,4.617503e-01,4.166009e-02,3.965200e-03,2.174209e-02,4.801841e-02,2.746629e-02
6.419568e-02,1.536342e-02,4.646961e-02,2.792511e-02,9.315641e-02,3.285627e-02,1.079637e-02,6.034489e-02,1.636439e-01,3.570372e-01,3.239432e-02,3.346625e-03,1.773606e-02,4.407826e-02,3.065585e-02
8.686578e-02,2.110430e-02,5.481126e-02,7.084610e-02,1.362528e-01,2.961479e-02,1.100858e-02,6.546283e-02,1.618681e-01,2.579678e-01,2.551152e-02,3.146480e-03,1.404849e-02,3.512551e-02,2.636558e-02
7.838288e-02,2.334668e-02,4.961030e-02,1.514164e-01,1.886885e-01,2.229718e-02,9.197954e-03,9.628352e-02,1.242351e-01,1.813201e-01,1.894505e-02,2.440890e-03,1.012505e-02,2.480566e-02,1.890454e-02
9.743026e-02,2.037992e-02,5.007332e-02,1.426689e-01,1.485493e-01,1.656165e-02,6.666547e-03,6.951419e-02,1.812524e-01,1.338239e-01,5.025101e-02,3.787461e-03,1.173040e-02,2.161583e-02,4.569478e-02
7.172260e-02,1.483758e-02,3.903820e-02,1.725183e-01,1.156470e-01,1.207996e-02,4.807359e-03,4.996393e-02,1.476066e-01,9.730948e-02,1.895106e-01,9.156849e-03,2.349402e-02,1.610361e-02,3.620390e-02
5.667183e-02,1.304600e-02,3.381256e-02,2.118122e-01,8.267925e-02,8.729310e-03,3.429694e-03,3.587295e-02,1.352353e-01,7.043059e-02,2.467489e-01,1.071689e-02,4.384288e-02,1.258910e-02,3.438252e-02
4.226467e-02,9.376275e-03,2.445460e-02,1.687839e-01,5.868776e-02,6.646316e-03,2.444746e-03,2.596523e-02,9.706935e-02,5.213232e-02,3.463245e-01,1.396447e-02,1.174956e-01,9.593765e-03,2.479645e-02
3.414264e-02,6.899660e-03,1.758681e-02,1.226343e-01,5.349572e-02,4.851576e-03,1.785585e-03,1.873002e-02,1.029133e-01,3.822445e-02,4.435366e-01,1.418672e-02,1.159765e-01,7.378236e-03,1.765791e-02
4.610169e-02,6.760198e-03,1.435668e-02,1.361103e-01,7.433382e-02,4.755293e-03,1.536736e-03,2.303845e-02,1.191692e-01,2.861814e-02,4.074226e-01,1.533312e-02,1.010121e-01,8.306784e-03,1.314494e-02
5.830966e-02,5.943231e-03,1.092055e-02,1.142278e-01,8.527236e-02,4.424810e-03,1.404245e-03,2.044817e-02,1.246669e-01,2.229912e-02,4.152300e-01,2.119253e-02,9.638511e-02,9.572662e-03,9.702790e-03
7.467683e-02,6.362718e-03,1.136188e-02,9.453849e-02,8.011173e-02,5.618684e-03,1.253499e-03,3.400587e-02,1.044636e-01,2.129093e-02,4.404591e-01,2.519591e-02,7.605741e-02,1.652036e-02,8.082990e-03
9.812039e-02,1.646762e-02,1.497091e-02,8.388624e-02,9.759858e-02,1.011971e-02,1.408452e-03,4.891020e-02,9.530352e-02,1.836013e-02,3.984339e-01,2.306529e-02,6.075190e-02,2.516941e-02,7.433686e-03
8.335092e-02,3.604790e-02,6.492437e-02,1.666333e-01,1.110368e-01,1.493382e-02,1.504911e-03,4.505180e-02,7.363836e-02,1.391399e-02,2.943861e-01,1.903649e-02,4.459121e-02,2.350848e-02,7.441483e-03
1.077153e-01,4.354431e-02,1.573946e-01,1.616450e-01,9.876877e-02,1.760849e-02,1.533302e-03,4.005919e-02,5.994544e-02,1.055437e-02,2.205271e-01,1.825572e-02,3.400720e-02,2.147037e-02,6.970692e-03
1.794526e-01,4.778593e-02,1.585560e-01,1.417787e-01,8.697513e-02,1.966130e-02,1.427739e-03,3.340264e-02,5.029992e-02,1.000824e-02,1.895085e-01,2.366800e-02,2.722843e-02,2.222055e-02,8.026260e-03
3.047693e-01,4.215629e-02,1.206644e-01,1.117546e-01,6.997826e-02,2.292354e-02,1.839888e-03,2.857134e-02,4.200125e-02,1.084508e-02,1.491912e-01,3.143320e-02,2.521718e-02,2.465032e-02,1.400406e-02
4.302344e-01,3.359997e-02,9.595111e-02,9.760993e-02,5.163182e-02,2.477279e-02,2.505426e-03,2.434487e-02,3.312451e-02,8.937623e-03,1.095461e-01,3.359161e-02,2.142636e-02,1.849858e-02,1.422491e-02
1.000000e+00,0.000000e+00,0.000000e+00,0.000000e+00,0.000000e+00,0.000000e+00,0.000000e+00,0.000000e+00,0.000000e+00,0.000000e+00,0.000000e+00,0.000000e+00,0.000000e+00,0.000000e+00,0.000000e+00
1.000000e+00,0.000000e+00,0.000000e+00,0.000000e+00,0.000000e+00,0.000000e+00,0.000000e+00,0.000000e+00,0.000000e+00,0.000000e+00,0.000000e+00,0.000000e+00,0.000000e+00,0.000000e+00,0.000000e+00
1.000000e+00,0.000000e+00,0.000000e+00,0.000000e+00,0.000000e+00,0.000000e+00,0.000000e+00,0.000000e+00,0.000000e+00,0.000000e+00,0.000000e+00,0.000000e+00,0.000000e+00,0.000000e+00,0.000000e+00
1.000000e+00,0.000000e+00,0.000000e+00,0.000000e+00,0.000000e+00,0.000000e+00,0.000000e+00,0.000000e+00,0.000000e+00,0.000000e+00,0.000000e+00,0.000000e+00,0.000000e+00,0.000000e+00,0.000000e+00
1.000000e+00,0.000000e+00,0.000000e+00,0.000000e+00,0.000000e+00,0.000000e+00,0.000000e+00,0.000000e+00,0.000000e+00,0.000000e+00,0.000000e+00,0.000000e+00,0.000000e+00,0.000000e+00,0.000000e+00
1.000000e+00,0.000000e+00,0.000000e+00,0.000000e+00,0.000000e+00,0.000000e+00,0.000000e+00,0.000000e+00,0.000000e+00,0.000000e+00,0.000000e+00,0.000000e+00,0.000000e+00,0.000000e+00,0.000000e+00
1.000000e+00,0.000000e+00,0.000000e+00,0.000000e+00,0.000000e+00,0.000000e+00,0.000000e+00,0.000000e+00,0.000000e+00,0.000000e+00,0.000000e+00,0.000000e+00,0.000000e+00,0.000000e+00,0.000000e+00
1.000000e+00,0.000000e+00,0.000000e+00,0.000000e+00,0.000000e+00,0.000000e+00,0.000000e+00,0.000000e+00,0.000000e+00,0.000000e+00,0.000000e+00,0.000000e+00,0.000000e+00,0.000000e+00,0.000000e+00
1.000000e+00,0.000000e+00,0.000000e+00,0.000000e+00,0.000000e+00,0.000000e+00,0.000000e+00,0.000000e+00,0.000000e+00,0.000000e+00,0.000000e+00,0.000000e+00,0.000000e+00,0.000000e+00,0.000000e+00
4.582501e-01,8.746235e-03,1.894915e-02,5.237339e-02,1.679842e-02,1.255422e-02,3.565658e-03,3.796238e-01,5.843576e-03,2.052136e-03,8.892495e-03,1.338996e-02,8.150022e-03,2.529444e-03,8.281371e-03
3.388660e-01,6.218052e-03,1.353184e-02,3.710695e-02,1.558192e-02,9.944376e-03,3.951161e-03,5.390247e-01,4.149786e-03,1.453562e-03,6.519019e-03,9.684172e-03,6.270470e-03,1.789297e-03,5.908696e-03
2.459293e-01,4.408540e-03,9.563806e-03,2.629239e-02,1.338953e-02,8.151728e-03,3.362125e-03,6.628947e-01,2.936252e-03,1.025578e-03,4.698070e-03,7.002291e-03,4.907156e-03,1.263153e-03,4.175265e-03
1.883243e-01,3.160689e-03,6.812784e-03,1.873356e-02,1.268046e-02,6.584359e-03,2.708627e-03,7.417769e-01,2.114663e-03,7.295744e-04,3.475837e-03,5.205222e-03,3.825233e-03,8.955590e-04,2.972201e-03
1.435872e-01,2.259115e-03,4.888738e-03,1.329556e-02,1.067309e-02,5.371479e-03,2.173124e-03,8.031405e-01,1.592582e-03,5.265074e-04,2.727221e-03,3.967409e-03,2.969654e-03,6.506734e-04,2.177124e-03
1.215238e-01,1.749377e-03,4.028057e-03,9.615772e-03,1.067571e-02,6.905754e-03,2.828714e-03,8.304881e-01,1.393932e-03,4.008808e-04,2.104118e-03,3.232586e-03,2.825584e-03,4.845067e-04,1.743038e-03
1.260151e-01,2.109818e-03,3.570709e-03,7.614715e-03,9.981709e-03,1.796694e-02,2.433650e-03,7.730364e-01,2.109025e-03,1.570051e-03,1.013507e-02,1.513330e-02,2.278500e-02,1.419023e-03,4.119514e-03
1.570284e-01,4.176321e-03,6.495736e-03,7.498016e-03,1.054815e-02,1.779872e-02,2.451676e-03,6.556387e-01,9.057675e-03,1.327741e-02,2.243281e-02,2.953865e-02,4.535547e-02,3.212057e-03,1.549016e-02
1.735466e-01,6.249538e-03,6.672611e-03,7.551916e-03,1.955132e-02,1.557785e-02,2.866395e-03,6.028075e-01,1.721317e-02,1.649315e-02,2.275493e-02,2.890163e-02,4.482909e-02,3.815276e-03,3.116899e-02
1.425573e-01,2.224684e-02,2.482220e-02,6.643189e-02,2.285039e-02,1.246658e-02,3.162402e-03,4.351797e-01,8.946329e-02,1.763516e-02,2.029058e-02,2.448156e-02,5.572623e-02,3.510678e-03,5.917516e-02
2.490623e-01,1.938372e-02,2.197635e-02,5.322336e-02,3.737069e-02,1.367718e-02,3.123117e-03,3.297428e-01,9.601107e-02,1.505214e-02,1.906062e-02,2.080450e-02,5.161202e-02,6.693929e-03,6.320621e-02
3.301960e-01,1.761510e-02,1.661511e-02,4.382421e-02,3.087522e-02,1.364601e-02,2.644778e-03,2.360056e-01,1.269965e-01,1.260586e-02,1.689936e-02,1.888273e-02,5.141598e-02,6.352389e-03,7.542522e-02
2.577154e-01,1.538182e-02,2.148502e-02,1.019959e-01,2.295862e-02,1.016522e-02,2.052066e-03,1.664384e-01,2.667423e-01,9.348840e-03,1.339948e-02,1.413035e-02,3.791649e-02,4.779415e-03,5.549052e-02
2.998803e-01,1.387712e-02,1.828215e-02,8.540379e-02,1.834114e-02,9.889305e-03,1.748087e-03,1.183219e-01,3.055874e-01,7.404966e-03,1.361458e-02,1.199394e-02,3.780546e-02,4.859663e-03,5.299006e-02
3.186483e-01,1.448050e-02,3.419186e-02,7.171810e-02,1.500229e-02,8.824953e-03,1.547993e-03,8.566426e-02,3.132436e-01,8.691682e-03,1.372948e-02,1.120676e-02,5.175217e-02,5.354368e-03,4.594374e-02
3.130365e-01,1.226430e-02,4.143404e-02,5.642741e-02,1.136245e-02,7.183047e-03,1.299419e-03,6.094980e-02,3.791136e-01,7.717397e-03,1.351051e-02,1.158338e-02,4.340620e-02,5.326090e-03,3.538587e-02
2.959222e-01,1.057689e-02,3.490873e-02,4.606698e-02,9.197329e-03,6.184279e-03,1.106175e-03,4.311590e-02,4.306882e-01,9.008168e-03,1.176677e-02,9.303544e-03,3.335100e-02,5.760679e-03,5.304313e-02
3.230540e-01,1.200170e-02,2.775039e-02,3.501927e-02,8.508878e-03,6.957707e-03,1.095897e-03,3.158291e-02,4.316815e-01,1.039683e-02,1.281433e-02,8.489334e-03,3.082484e-02,8.109985e-03,5.171246e-02
3.308727e-01,2.064916e-02,2.125109e-02,2.656219e-02,8.274827e-03,7.108355e-03,1.090825e-03,2.263125e-02,4.499334e-01,9.803040e-03,1.147726e-02,7.644775e-03,3.122732e-02,7.680564e-03,4.379323e-02
2.444450e-01,3.814970e-02,1.652313e-02,2.020855e-02,6.079186e-03,5.616720e-03,8.104251e-04,1.603433e-02,5.665359e-01,7.403520e-03,9.205352e-03,6.064715e-03,2.304069e-02,6.086400e-03,3.379637e-02
2.171233e-01,3.406517e-02,1.181592e-02,1.565656e-02,4.556974e-03,5.228024e-03,6.951888e-04,1.172512e-02,6.168495e-01,6.727929e-03,9.720074e-03,8.121885e-03,2.146455e-02,7.497920e-03,2.875181e-02
1.605671e-01,2.901083e-02,1.101561e-02,1.190751e-02,3.335861e-03,3.826281e-03,5.265663e-04,8.723762e-03,7.031091e-01,5.385869e-03,7.998279e-03,6.464602e-03,1.867748e-02,5.728825e-03,2.372221e-02
1.397251e-01,3.528051e-02,1.062335e-02,8.994492e-03,2.578581e-03,3.312635e-03,4.399397e-04,6.902011e-03,6.738930e-01,5.650488e-03,8.281831e-03,6.477173e-03,2.852023e-02,1.119326e-02,5.812735e-02
1.162671e-01,3.682248e-02,1.115165e-02,7.100067e-03,2.025440e-03,2.768290e-03,3.661678e-04,5.524904e-03,6.714550e-01,5.884845e-03,8.138349e-03,5.745716e-03,2.911473e-02,1.195433e-02,8.568092e-02
9.041195e-02,4.730479e-02,5.017756e-02,7.642012e-03,1.508582e-03,2.358719e-03,3.138866e-04,4.221229e-03,6.171514e-01,1.051445e-02,9.162994e-03,7.744676e-03,2.625284e-02,2.282409e-02,1.024109e-01
9.114197e-02,6.935194e-02,6.242645e-02,1.104562e-02,1.465558e-03,2.609516e-03,2.733583e-04,3.449323e-03,5.586607e-01,1.301173e-02,1.050451e-02,9.389673e-03,2.322370e-02,2.316006e-02,1.202860e-01
8.289409e-02,8.056228e-02,9.832917e-02,1.644834e-02,2.042967e-03,3.371172e-03,2.712596e-04,4.246468e-03,4.709243e-01,1.612317e-02,9.438780e-03,8.452540e-03,2.058751e-02,1.992309e-02,1.663848e-01
6.093455e-02,1.182632e-01,9.384931e-02,2.085003e-02,1.949115e-03,3.758280e-03,2.424043e-04,3.507619e-03,5.059038e-01,1.854177e-02,7.357728e-03,6.857366e-03,1.581629e-02,1.525576e-02,1.269127e-01
4.682782e-02,1.396950e-01,7.462350e-02,2.018395e-02,5.392987e-03,7.731705e-03,3.533071e-04,4.386583e-03,5.424190e-01,1.651179e-02,6.625443e-03,5.166956e-03,1.248222e-02,1.153053e-02,1.060693e-01
4.265398e-02,1.847121e-01,6.190065e-02,3.153756e-02,4.558806e-03,6.125543e-03,2.703456e-04,3.355765e-03,5.034912e-01,2.204010e-02,5.645087e-03,4.122159e-03,1.026062e-02,8.868001e-03,1.104581e-01
3.353092e-02,1.685815e-01,4.665291e-02,2.790487e-02,3.540088e-03,4.967394e-03,1.993626e-04,3.331356e-03,5.705391e-01,2.244149e-02,5.342729e-03,3.459037e-03,7.963440e-03,7.077881e-03,9.446783e-02
3.681903e-02,1.556339e-01,3.864482e-02,2.438138e-02,4.840340e-03,5.734413e-03,2.084764e-04,7.844965e-03,5.477741e-01,3.183047e-02,1.348349e-02,3.873263e-03,7.801135e-03,1.659126e-02,1.045389e-01
3.158722e-02,1.269501e-01,3.301877e-02,2.297193e-02,4.509891e-03,4.377060e-03,1.693508e-04,6.128395e-03,5.316261e-01,3.131649e-02,1.417612e-02,4.072104e-03,6.128595e-03,4.514495e-02,1.378229e-01
3.630743e-02,1.024070e-01,2.573254e-02,1.895782e-02,4.252015e-03,3.698182e-03,1.532431e-04,4.588699e-03,4.312146e-01,2.905132e-02,1.585316e-02,4.030494e-03,5.625469e-03,1.280420e-01,1.900860e-01
9.734129e-02,8.845949e-02,2.952288e-02,1.718118e-02,8.453681e-03,5.822317e-03,3.418980e-04,4.692416e-03,3.425817e-01,2.881058e-02,2.272220e-02,4.290091e-03,1.067832e-02,1.603114e-01,1.787905e-01
1.722939e-01,7.099850e-02,2.850606e-02,1.333964e-02,1.829475e-02,1.156893e-02,6.377905e-04,5.973944e-03,2.791672e-01,2.817444e-02,1.958314e-02,3.849100e-03,9.934375e-03,1.578818e-01,1.797964e-01
2.082404e-01,5.788270e-02,6.436817e-02,1.638739e-02,2.729739e-02,2.291331e-02,1.044667e-03,9.410795e-03,2.264272e-01,3.640731e-02,1.653580e-02,3.403118e-03,8.051780e-03,1.242149e-01,1.774151e-01
2.166190e-01,4.513823e-02,5.176050e-02,1.211941e-02,3.898479e-02,2.170421e-02,1.238785e-03,7.265118e-03,2.280011e-01,3.830032e-02,1.341670e-02,2.627903e-03,6.456394e-03,1.001437e-01,2.162239e-01
2.344947e-01,3.603119e-02,3.979874e-02,9.053775e-03,3.612489e-02,2.890228e-02,1.358082e-03,5.687515e-03,2.004873e-01,5.156956e-02,1.292185e-02,2.326643e-03,5.879610e-03,1.226825e-01,2.126814e-01
1.952457e-01,3.954369e-02,3.151285e-02,9.659744e-03,3.829150e-02,1.547283e-01,1.835023e-03,5.253199e-03,1.545035e-01,4.290829e-02,1.096919e-02,2.077979e-03,4.781574e-03,1.000708e-01,2.086186e-01
1.861351e-01,4.307248e-02,3.749973e-02,1.318637e-02,3.624637e-02,1.675587e-01,2.118664e-03,4.628052e-03,1.647451e-01,4.950857e-02,9.712847e-03,2.299162e-03,4.685598e-03,8.411515e-02,1.944881e-01
1.732388e-01,3.840326e-02,4.189629e-02,1.169696e-02,3.455645e-02,1.362276e-01,1.740086e-03,3.835512e-03,1.594354e-01,9.205756e-02,9.723175e-03,2.094707e-03,3.829052e-03,7.817804e-02,2.130870e-01
1.956332e-01,3.676423e-02,9.525105e-02,1.968973e-02,3.085595e-02,9.996749e-02,1.440197e-03,3.164186e-03,1.399934e-01,1.005745e-01,8.007985e-03,2.056731e-03,3.160994e-03,6.020907e-02,2.032312e-01
1.679785e-01,2.812505e-02,8.115355e-02,1.604902e-02,2.413077e-02,7.183776e-02,1.080808e-03,2.593354e-03,1.182148e-01,2.523094e-01,6.549884e-03,1.535514e-03,2.364718e-03,5.020289e-02,1.758740e-01
