1.000000e+00,0.000000e+00,0.000000e+00,0.000000e+00,0.000000e+00,0.000000e+00,0.000000e+00,0.000000e+00,0.000000e+00,0.000000e+00,0.000000e+00,0.000000e+00,0.000000e+00,0.000000e+00,0.000000e+00
1.000000e+00,0.000000e+00,0.000000e+00,0.000000e+00,0.000000e+00,0.000000e+00,0.000000e+00,0.000000e+00,0.000000e+00,0.000000e+00,0.000000e+00,0.000000e+00,0.000000e+00,0.000000e+00,0.000000e+00
1.000000e+00,0.000000e+00,0.000000e+00,0.000000e+00,0.000000e+00,0.000000e+00,0.000000e+00,0.000000e+00,0.000000e+00,0.000000e+00,0.000000e+00,0.000000e+00,0.000000e+00,0.000000e+00,0.000000e+00
1.000000e+00,0.000000e+00,0.000000e+00,0.000000e+00,0.000000e+00,0.000000e+00,0.000000e+00,0.000000e+00,0.000000e+00,0.000000e+00,0.000000e+00,0.000000e+00,0.000000e+00,0.000000e+00,0.000000e+00
1.000000e+00,0.000000e+00,0.000000e+00,0.000000e+00,0.000000e+00,0.000000e+00,0.000000e+00,0.000000e+00,0.000000e+00,0.000000e+00,0.000000e+00,0.000000e+00,0.000000e+00,0.000000e+00,0.000000e+00
1.000000e+00,0.000000e+00,0.000000e+00,0.000000e+00,0.000000e+00,0.000000e+00,0.000000e+00,0.000000e+00,0.000000e+00,0.000000e+00,0.000000e+00,0.000000e+00,0.000000e+00,0.000000e+00,0.000000e+00
1.000000e+00,0.000000e+00,0.000000e+00,0.000000e+00,0.000000e+00,0.000000e+00,0.000000e+00,0.000000e+00,0.000000e+00,0.000000e+00,0.000000e+00,0.000000e+00,0.000000e+00,0.000000e+00,0.000000e+00
1.000000e+00,0.000000e+00,0.000000e+00,0.000000e+00,0.000000e+00,0.000000e+00,0.000000e+00,0.000000e+00,0.000000e+00,0.000000e+00,0.000000e+00,0.000000e+00,0.000000e+00,0.000000e+00,0.000000e+00
1.000000e+00,0.000000e+00,0.000000e+00,0.000000e+00,0.000000e+00,0.000000e+00,0.000000e+00,0.000000e+00,0.000000e+00,0.000000e+00,0.000000e+00,0.000000e+00,0.000000e+00,0.000000e+00,0.000000e+00
1.000000e+00,0.000000e+00,0.000000e+00,0.000000e+00,0.000000e+00,0.000000e+00,0.000000e+00,0.000000e+00,0.000000e+00,0.000000e+00,0.000000e+00,0.000000e+00,0.000000e+00,0.000000e+00,0.000000e+00
1.000000e+00,0.000000e+00,0.000000e+00,0.000000e+00,0.000000e+00,0.000000e+00,0.000000e+00,0.000000e+00,0.000000e+00,0.000000e+00,0.000000e+00,0.000000e+00,0.000000e+00,0.000000e+00,0.000000e+00
1.000000e+00,0.000000e+00,0.000000e+00,0.000000e+00,0.000000e+00,0.000000e+00,0.000000e+00,0.000000e+00,0.000000e+00,0.000000e+00,0.000000e+00,0.000000e+00,0.000000e+00,0.000000e+00,0.000000e+00
1.000000e+00,0.000000e+00,0.000000e+00,0.000000e+00,0.000000e+00,0.000000e+00,0.000000e+00,0.000000e+00,0.000000e+00,0.000000e+00,0.000000e+00,0.000000e+00,0.000000e+00,0.000000e+00,0.000000e+00
1.000000e+00,0.000000e+00,0.000000e+00,0.000000e+00,0.000000e+00,0.000000e+00,0.000000e+00,0.000000e+00,0.000000e+00,0.000000e+00,0.000000e+00,0.000000e+00,0.000000e+00,0.000000e+00,0.000000e+00
1.000000e+00,0.000000e+00,0.000000e+00,0.000000e+00,0.000000e+00,0.000000e+00,0.000000e+00,0.000000e+00,0.000000e+00,0.000000e+00,0.000000e+00,0.000000e+00,0.000000e+00,0.000000e+00,0.000000e+00
1.000000e+00,0.000000e+00,0.000000e+00,0.000000e+00,0.000000e+00,0.000000e+00,0.000000e+00,0.000000e+00,0.000000e+00,0.000000e+00,0.000000e+00,0.000000e+00,0.000000e+00,0.000000e+00,0.000000e+00
1.000000e+00,0.000000e+00,0.000000e+00,0.000000e+00,0.000000e+00,0.000000e+00,0.000000e+00,0.000000e+00,0.000000e+00,0.000000e+00,0.000000e+00,0.000000e+00,0.000000e+00,0.000000e+00,0.000000e+00
1.000000e+00,0.000000e+00,0.000000e+00,0.000000e+00,0.000000e+00,0.000000e+00,0.000000e+00,0.000000e+00,0.000000e+00,0.000000e+00,0.000000e+00,0.000000e+00,0.000000e+00,0.000000e+00,0.000000e+00
1.000000e+00,0.000000e+00,0.000000e+00,0.000000e+00,0.000000e+00,0.000000e+00,0.000000e+00,0.000000e+00,0.000000e+00,0.000000e+00,0.000000e+00,0.000000e+00,0.000000e+00,0.000000e+00,0.000000e+00
1.000000e+00,0.000000e+00,0.000000e+00,0.000000e+00,0.000000e+00,0.000000e+00,0.000000e+00,0.000000e+00,0.000000e+00,0.000000e+00,0.000000e+00,0.000000e+00,0.000000e+00,0.000000e+00,0.000000e+00
1.000000e+00,0.000000e+00,0.000000e+00,0.000000e+00,0.000000e+00,0.000000e+00,0.000000e+00,0.000000e+00,0.000000e+00,0.000000e+00,0.000000e+00,0.000000e+00,0.000000e+00,0.000000e+00,0.000000e+00
1.000000e+00,0.000000e+00,0.000000e+00,0.000000e+00,0.000000e+00,0.000000e+00,0.000000e+00,0.000000e+00,0.000000e+00,0.000000e+00,0.000000e+00,0.000000e+00,0.000000e+00,0.000000e+00,0.000000e+00
1.000000e+00,0.000000e+00,0.000000e+00,0.000000e+00,0.000000e+00,0.000000e+00,0.000000e+00,0.000000e+00,0.000000e+00,0.000000e+00,0.000000e+00,0.000000e+00,0.000000e+00,0.000000e+00,0.000000e+00
1.000000e+00,0.000000e+00,0.000000e+00,0.000000e+00,0.000000e+00,0.000000e+00,0.000000e+00,0.000000e+00,0.000000e+00,0.000000e+00,0.000000e+00,0.000000e+00,0.000000e+00,0.000000e+00,0.000000e+00
1.000000e+00,0.000000e+00,0.000000e+00,0.000000e+00,0.000000e+00,0.000000e+00,0.000000e+00,0.000000e+00,0.000000e+00,0.000000e+00,0.000000e+00,0.000000e+00,0.000000e+00,0.000000e+00,0.000000e+00
1.000000e+00,0.000000e+00,0.000000e+00,0.000000e+00,0.000000e+00,0.000000e+00,0.000000e+00,0.000000e+00,0.000000e+00,0.000000e+00,0.000000e+00,0.000000e+00,0.000000e+00,0.000000e+00,0.000000e+00
1.000000e+00,0.000000e+00,0.000000e+00,0.000000e+00,0.000000e+00,0.000000e+00,0.000000e+00,0.000000e+00,0.000000e+00,0.000000e+00,0.000000e+00,0.000000e+00,0.000000e+00,0.000000e+00,0.000000e+00
1.000000e+00,0.000000e+00,0.000000e+00,0.000000e+00,0.000000e+00,0.000000e+00,0.000000e+00,0.000000e+00,0.000000e+00,0.000000e+00,0.000000e+00,0.000000e+00,0.000000e+00,0.000000e+00,0.000000e+00
1.000000e+00,0.000000e+00,0.000000e+00,0.000000e+00,0.000000e+00,0.000000e+00,0.000000e+00,0.000000e+00,0.000000e+00,0.000000e+00,0.000000e+00,0.000000e+00,0.000000e+00,0.000000e+00,0.000000e+00
1.000000e+00,0.000000e+00,0.000000e+00,0.000000e+00,0.000000e+00,0.000000e+00,0.000000e+00,0.000000e+00,0.000000e+00,0.000000e+00,0.000000e+00,0.000000e+00,0.000000e+00,0.000000e+00,0.000000e+00
1.000000e+00,0.000000e+00,0.000000e+00,0.000000e+00,0.000000e+00,0.000000e+00,0.000000e+00,0.000000e+00,0.000000e+00,0.000000e+00,0.000000e+00,0.000000e+00,0.000000e+00,0.000000e+00,0.000000e+00
1.000000e+00,0.000000e+00,0.000000e+00,0.000000e+00,0.000000e+00,0.000000e+00,0.000000e+00,0.000000e+00,0.000000e+00,0.000000e+00,0.000000e+00,0.000000e+00,0.000000e+00,0.000000e+00,0.000000e+00
1.000000e+00,0.000000e+00,0.000000e+00,0.000000e+00,0.000000e+00,0.000000e+00,0.000000e+00,0.000000e+00,0.000000e+00,0.000000e+00,0.000000e+00,0.000000e+00,0.000000e+00,0.000000e+00,0.000000e+00
1.000000e+00,0.000000e+00,0.000000e+00,0.000000e+00,0.000000e+00,0.000000e+00,0.000000e+00,0.000000e+00,0.000000e+00,0.000000e+00,0.000000e+00,0.000000e+00,0.000000e+00,0.000000e+00,0.000000e+00
1.000000e+00,0.000000e+00,0.000000e+00,0.000000e+00,0.000000e+00,0.000000e+00,0.000000e+00,0.000000e+00,0.000000e+00,0.000000e+00,0.000000e+00,0.000000e+00,0.000000e+00,0.000000e+00,0.000000e+00
1.000000e+00,0.000000e+00,0.000000e+00,0.000000e+00,0.000000e+00,0.000000e+00,0.000000e+00,0.000000e+00,0.000000e+00,0.000000e+00,0.000000e+00,0.000000e+00,0.000000e+00,0.000000e+00,0.000000e+00
1.000000e+00,0.000000e+00,0.000000e+00,0.000000e+00,0.000000e+00,0.000000e+00,0.000000e+00,0.000000e+00,0.000000e+00,0.000000e+00,0.000000e+00,0.000000e+00,0.000000e+00,0.000000e+00,0.000000e+00
1.000000e+00,0.000000e+00,0.000000e+00,0.000000e+00,0.000000e+00,0.000000e+00,0.000000e+00,0.000000e+00,0.000000e+00,0.000000e+00,0.000000e+00,0.000000e+00,0.000000e+00,0.000000e+00,0.000000e+00
1.000000e+00,0.000000e+00,0.000000e+00,0.000000e+00,0.000000e+00,0.000000e+00,0.000000e+00,0.000000e+00,0.000000e+00,0.000000e+00,0.000000e+00,0.000000e+00,0.000000e+00,0.000000e+00,0.000000e+00
1.000000e+00,0.000000e+00,0.000000e+00,0.000000e+00,0.000000e+00,0.000000e+00,0.000000e+00,0.000000e+00,0.000000e+00,0.000000e+00,0.000000e+00,0.000000e+00,0.000000e+00,0.000000e+00,0.000000e+00
1.000000e+00,0.000000e+00,0.000000e+00,0.000000e+00,0.000000e+00,0.000000e+00,0.000000e+00,0.000000e+00,0.000000e+00,0.000000e+00,0.000000e+00,0.000000e+00,0.000000e+00,0.000000e+00,0.000000e+00
1.000000e+00,0.000000e+00,0.000000e+00,0.000000e+00,0.000000e+00,0.000000e+00,0.000000e+00,0.000000e+00,0.000000e+00,0.000000e+00,0.000000e+00,0.000000e+00,0.000000e+00,0.000000e+00,0.000000e+00
1.000000e+00,0.000000e+00,0.000000e+00,0.000000e+00,0.000000e+00,0.000000e+00,0.000000e+00,0.000000e+00,0.000000e+00,0.000000e+00,0.000000e+00,0.000000e+00,0.000000e+00,0.000000e+00,0.000000e+00
1.000000e+00,0.000000e+00,0.000000e+00,0.000000e+00,0.000000e+00,0.000000e+00,0.000000e+00,0.000000e+00,0.000000e+00,0.000000e+00,0.000000e+00,0.000000e+00,0.000000e+00,0.000000e+00,0.000000e+00
1.000000e+00,0.000000e+00,0.000000e+00,0.000000e+00,0.000000e+00,0.000000e+00,0.000000e+00,0.000000e+00,0.000000e+00,0.000000e+00,0.000000e+00,0.000000e+00,0.000000e+00,0.000000e+00,0.000000e+00
1.000000e+00,0.000000e+00,0.000000e+00,0.000000e+00,0.000000e+00,0.000000e+00,0.000000e+00,0.000000e+00,0.000000e+00,0.000000e+00,0.000000e+00,0.000000e+00,0.000000e+00,0.000000e+00,0.000000e+00
1.000000e+00,0.000000e+00,0.000000e+00,0.000000e+00,0.000000e+00,0.000000e+00,0.000000e+00,0.000000e+00,0.000000e+00,0.000000e+00,0.000000e+00,0.000000e+00,0.000000e+00,0.000000e+00,0.000000e+00
1.000000e+00,0.000000e+00,0.000000e+00,0.000000e+00,0.000000e+00,0.000000e+00,0.000000e+00,0.000000e+00,0.000000e+00,0.000000e+00,0.000000e+00,0.000000e+00,0.000000e+00,0.000000e+00,0.000000e+00
1.000000e+00,0.000000e+00,0.000000e+00,0.000000e+00,0.000000e+00,0.000000e+00,0.000000e+00,0.000000e+00,0.000000e+00,0.000000e+00,0.000000e+00,0.000000e+00,0.000000e+00,0.000000e+00,0.000000e+00
1.000000e+00,0.000000e+00,0.000000e+00,0.000000e+00,0.000000e+00,0.000000e+00,0.000000e+00,0.000000e+00,0.000000e+00,0.000000e+00,0.000000e+00,0.000000e+00,0.000000e+00,0.000000e+00,0.000000e+00
1.000000e+00,0.000000e+00,0.000000e+00,0.000000e+00,0.000000e+00,0.000000e+00,0.000000e+00,0.000000e+00,0.000000e+00,0.000000e+00,0.000000e+00,0.000000e+00,0.000000e+00,0.000000e+00,0.000000e+00
1.000000e+00,0.000000e+00,0.000000e+00,0.000000e+00,0.000000e+00,0.000000e+00,0.000000e+00,0.000000e+00,0.000000e+00,0.000000e+00,0.000000e+00,0.000000e+00,0.000000e+00,0.000000e+00,0.000000e+00
1.000000e+00,0.000000e+00,0.000000e+00,0.000000e+00,0.000000e+00,0.000000e+00,0.000000e+00,0.000000e+00,0.000000e+00,0.000000e+00,0.000000e+00,0.000000e+00,0.000000e+00,0.000000e+00,0.000000e+00
1.000000e+00,0.000000e+00,0.000000e+00,0.000000e+00,0.000000e+00,0.000000e+00,0.000000e+00,0.000000e+00,0.000000e+00,0.000000e+00,0.000000e+00,0.000000e+00,0.000000e+00,0.000000e+00,0.000000e+00
1.000000e+00,0.000000e+00,0.000000e+00,0.000000e+00,0.000000e+00,0.000000e+00,0.000000e+00,0.000000e+00,0.000000e+00,0.000000e+00,0.000000e+00,0.000000e+00,0.000000e+00,0.000000e+00,0.000000e+00
1.000000e+00,0.000000e+00,0.000000e+00,0.000000e+00,0.000000e+00,0.000000e+00,0.000000e+00,0.000000e+00,0.000000e+00,0.000000e+00,0.000000e+00,0.000000e+00,0.000000e+00,0.000000e+00,0.000000e+00
3.613922e-01,1.100902e-01,1.891745e-02,4.677335e-02,5.153839e-03,3.697993e-02,3.109340e-03,5.305713e-03,7.617848e-02,6.315446e-02,6.950276e-02,2.682525e-02,1.238952e-02,1.754910e-02,1.466784e-01
2.530970e-01,1.137199e-01,2.155555e-02,4.663981e-02,3.694278e-03,2.884497e-02,2.185263e-03,3.718457e-03,1.353875e-01,8.354053e-02,4.974001e-02,1.906115e-02,9.033419e-03,1.306897e-02,2.167133e-01
1.776403e-01,1.010551e-01,1.719448e-02,3.513116e-02,2.747634e-03,3.072980e-02,1.563527e-03,2.640635e-03,1.973310e-01,1.286506e-01,4.151146e-02,1.474075e-02,7.072105e-03,1.316672e-02,2.288247e-01
1.244878e-01,7.955991e-02,1.911804e-02,3.821534e-02,2.014945e-03,2.210924e-02,1.113055e-03,1.866432e-03,2.547013e-01,1.948797e-01,3.203490e-02,1.067416e-02,5.131619e-03,1.027044e-02,2.038231e-01
8.761908e-02,6.866381e-02,1.865672e-02,2.913328e-02,1.485320e-03,1.631638e-02,8.236238e-04,1.325422e-03,2.136540e-01,3.393374e-01,3.622512e-02,8.381819e-03,4.288508e-03,8.328266e-03,1.657612e-01
6.324105e-02,7.106857e-02,1.898957e-02,2.207291e-02,1.220819e-03,1.294013e-02,6.107338e-04,1.002995e-03,1.721116e-01,4.421617e-01,2.801486e-02,6.657287e-03,3.721077e-03,9.921726e-03,1.462649e-01
4.759751e-02,1.519310e-01,2.061603e-02,1.878016e-02,1.068106e-03,1.042176e-02,4.548683e-04,8.756851e-04,1.709692e-01,3.999886e-01,2.064862e-02,5.095335e-03,3.859949e-03,9.914721e-03,1.377784e-01
3.786393e-02,2.129681e-01,1.966693e-02,1.467683e-02,1.393491e-03,8.657565e-03,3.555896e-04,7.328058e-04,1.866009e-01,3.452627e-01,1.528019e-02,3.916068e-03,4.255666e-03,1.474787e-02,1.336213e-01
2.750716e-02,2.623132e-01,1.553806e-02,1.085832e-02,1.108303e-03,6.435915e-03,2.647566e-04,5.518276e-04,2.056585e-01,2.801591e-01,1.484718e-02,3.084149e-03,3.564786e-03,3.531493e-02,1.327937e-01
1.949145e-02,2.136802e-01,1.134334e-02,7.761409e-03,8.270708e-04,4.756219e-03,1.897390e-04,4.220328e-04,3.351141e-01,2.353285e-01,1.192326e-02,2.292717e-03,2.889498e-03,4.026932e-02,1.137111e-01
1.573894e-02,2.008867e-01,8.425736e-03,5.693123e-03,7.576443e-04,3.922267e-03,1.440948e-04,3.663362e-04,3.041650e-01,2.283612e-01,1.092486e-02,1.850663e-03,2.385504e-03,5.140223e-02,1.649756e-01
1.827163e-02,1.838116e-01,6.364598e-03,4.425702e-03,7.787761e-04,3.634543e-03,1.404655e-04,5.357291e-04,2.721596e-01,2.092296e-01,2.398600e-02,2.087386e-03,3.130524e-03,9.519367e-02,1.762501e-01
3.091665e-02,1.500172e-01,1.256591e-02,5.510142e-03,2.491744e-03,5.974672e-03,4.231041e-04,3.542902e-03,3.392730e-01,1.785558e-01,2.080997e-02,2.551154e-03,4.063299e-03,9.279914e-02,1.505053e-01
3.790046e-02,1.131821e-01,2.071794e-01,7.140879e-03,6.188059e-03,1.065409e-02,1.397964e-03,4.238400e-03,2.504357e-01,1.329226e-01,1.767406e-02,2.401555e-03,5.045719e-03,7.335044e-02,1.302887e-01
2.769185e-02,8.490857e-02,3.061875e-01,5.614634e-03,7.771365e-03,1.184507e-02,1.825713e-03,3.528845e-03,1.833538e-01,1.871895e-01,1.539482e-02,3.474545e-03,1.419830e-02,5.223658e-02,9.477899e-02
2.186983e-02,8.875911e-02,2.945783e-01,1.129528e-02,1.607208e-02,1.966764e-02,4.041468e-03,7.088508e-03,1.557269e-01,1.718041e-01,3.165071e-02,7.420124e-03,5.281720e-02,3.789284e-02,7.931592e-02
1.761308e-02,7.802351e-02,2.375126e-01,2.637663e-02,1.772257e-02,3.159456e-02,4.965123e-03,6.340115e-03,2.136070e-01,1.436536e-01,4.380479e-02,1.850039e-02,6.621977e-02,2.771384e-02,6.635243e-02
1.491415e-02,6.375831e-02,1.802975e-01,5.046463e-02,1.645440e-02,3.272321e-02,4.476343e-03,6.113214e-03,1.872407e-01,1.205721e-01,1.001750e-01,2.740764e-02,1.185733e-01,2.144743e-02,5.538210e-02
1.235955e-02,5.212303e-02,1.308566e-01,4.911496e-02,1.555900e-02,2.625117e-02,3.477797e-03,5.320186e-03,1.752871e-01,9.861346e-02,1.548141e-01,3.167355e-02,1.610979e-01,2.322521e-02,6.022640e-02
1.306704e-02,4.923582e-02,9.648508e-02,3.953690e-02,1.941783e-02,2.060813e-02,3.584359e-03,6.655639e-03,2.100900e-01,1.002269e-01,1.556635e-01,2.528139e-02,1.354696e-01,3.575987e-02,8.891794e-02
1.826847e-02,4.020879e-02,7.079998e-02,3.300910e-02,3.198291e-02,1.955288e-02,3.759917e-03,1.572675e-02,2.066724e-01,8.156820e-02,1.815661e-01,2.117690e-02,1.321094e-01,3.752904e-02,1.060691e-01
4.626948e-02,3.335565e-02,5.513876e-02,3.164889e-02,5.346717e-02,3.125602e-02,4.232321e-03,5.568202e-02,2.007619e-01,6.086627e-02,1.631902e-01,2.020283e-02,1.342224e-01,3.129333e-02,7.841275e-02
8.531024e-02,3.380200e-02,5.142292e-02,3.359180e-02,7.375851e-02,3.131600e-02,4.847751e-03,6.193101e-02,1.807184e-01,4.964013e-02,1.420493e-01,2.295751e-02,1.387807e-01,2.800475e-02,6.186896e-02
1.486406e-01,3.387871e-02,3.854642e-02,3.756640e-02,6.231327e-02,2.473343e-02,4.005578e-03,6.314388e-02,1.618810e-01,4.454450e-02,1.190329e-01,2.735076e-02,1.279298e-01,3.395762e-02,7.247497e-02
2.152691e-01,3.338178e-02,3.074954e-02,3.439588e-02,7.389303e-02,2.585682e-02,3.867612e-03,5.351087e-02,1.642460e-01,3.690388e-02,1.020123e-01,3.122174e-02,1.077257e-01,2.812904e-02,5.883666e-02
3.144495e-01,3.017560e-02,2.433996e-02,3.140746e-02,6.929212e-02,2.495412e-02,3.778371e-03,4.693189e-02,1.560221e-01,2.770762e-02,8.040891e-02,3.875437e-02,8.137028e-02,2.352770e-02,4.688005e-02
4.114204e-01,2.441295e-02,2.609207e-02,2.928615e-02,5.768277e-02,2.167694e-02,4.476651e-03,6.094760e-02,1.172748e-01,2.002350e-02,6.472931e-02,4.629592e-02,6.339943e-02,1.788799e-02,3.439349e-02
4.904361e-01,2.245196e-02,2.003556e-02,3.158546e-02,4.507362e-02,2.205357e-02,4.302911e-03,4.710510e-02,9.007865e-02,1.511044e-02,5.116077e-02,6.134535e-02,5.597000e-02,1.393867e-02,2.935182e-02
4.906200e-01,2.137096e-02,1.733087e-02,4.105652e-02,3.485659e-02,2.383439e-02,4.171823e-03,3.928494e-02,7.184458e-02,1.276388e-02,4.815270e-02,9.498348e-02,5.586099e-02,1.451801e-02,2.935031e-02
1.000000e+00,0.000000e+00,0.000000e+00,0.000000e+00,0.000000e+00,0.000000e+00,0.000000e+00,0.000000e+00,0.000000e+00,0.000000e+00,0.000000e+00,0.000000e+00,0.000000e+00,0.000000e+00,0.000000e+00
4.953192e-01,2.062179e-02,1.635990e-02,4.592839e-02,2.545530e-02,4.801314e-02,4.144177e-03,3.091981e-02,5.200276e-02,9.978525e-03,4.906975e-02,1.082658e-01,4.614255e-02,2.164409e-02,2.613479e-02
4.425839e-01,2.103380e-02,1.706280e-02,6.131800e-02,2.413262e-02,5.878897e-02,4.265812e-03,2.698794e-02,7.227105e-02,9.944338e-03,6.066592e-02,1.042104e-01,3.948274e-02,2.771223e-02,2.953958e-02
3.842340e-01,2.684259e-02,1.943969e-02,6.632807e-02,2.702378e-02,5.893584e-02,3.748490e-03,2.313590e-02,1.008547e-01,1.514845e-02,7.082307e-02,9.104705e-02,3.489747e-02,4.154114e-02,3.599971e-02
3.719789e-01,2.498134e-02,1.759975e-02,7.311665e-02,3.241680e-02,4.788643e-02,3.622899e-03,2.204194e-02,1.227350e-01,1.946642e-02,7.272138e-02,8.568807e-02,3.433975e-02,3.971014e-02,3.169455e-02
3.638017e-01,2.718454e-02,1.777040e-02,6.571738e-02,2.688188e-02,3.859645e-02,3.432730e-03,2.061512e-02,1.456255e-01,4.239925e-02,6.871573e-02,7.262482e-02,2.948521e-02,4.335537e-02,3.379397e-02
3.434464e-01,2.974196e-02,1.508049e-02,6.521392e-02,2.313467e-02,3.566788e-02,3.217884e-03,2.066373e-02,1.576026e-01,3.674862e-02,8.466129e-02,8.007655e-02,2.548853e-02,4.927266e-02,2.998282e-02
3.053883e-01,3.857451e-02,1.274151e-02,6.614342e-02,2.134970e-02,3.252750e-02,2.582203e-03,2.154491e-02,1.842049e-01,3.914270e-02,9.945825e-02,8.682998e-02,2.154738e-02,4.051827e-02,2.744653e-02
2.625732e-01,4.229143e-02,9.857235e-03,6.681980e-02,1.992796e-02,3.119831e-02,2.102993e-03,1.675998e-02,2.011451e-01,3.716813e-02,9.882168e-02,1.248363e-01,1.965051e-02,3.855503e-02,2.829248e-02
2.372759e-01,4.688568e-02,7.667517e-03,5.143169e-02,1.789041e-02,3.029733e-02,1.648919e-03,1.272476e-02,2.205275e-01,2.966293e-02,8.677086e-02,1.597477e-01,1.714240e-02,5.278294e-02,2.754354e-02
1.952595e-01,5.507840e-02,6.135912e-03,3.925546e-02,1.752923e-02,4.388053e-02,1.455923e-03,1.081359e-02,2.737383e-01,2.512144e-02,8.143978e-02,1.542661e-01,1.606157e-02,5.734681e-02,2.261734e-02
1.745917e-01,5.123180e-02,4.717731e-03,3.107021e-02,1.955764e-02,4.745898e-02,1.337889e-03,8.347426e-03,3.089745e-01,2.375327e-02,6.899975e-02,1.407391e-01,1.624172e-02,8.138051e-02,2.159768e-02
1.423449e-01,4.576561e-02,4.823452e-03,2.393468e-02,2.352860e-02,5.642544e-02,1.293771e-03,2.584897e-02,4.003444e-01,1.809910e-02,5.247467e-02,1.073691e-01,1.697182e-02,6.435721e-02,1.641817e-02
1.193378e-01,4.575345e-02,7.546004e-03,2.131471e-02,2.745299e-02,8.345896e-02,1.187787e-03,2.551104e-02,4.581178e-01,1.442636e-02,3.953622e-02,7.761844e-02,1.395747e-02,5.171421e-02,1.306666e-02
9.300989e-02,4.018042e-02,1.157474e-02,1.938501e-02,3.576989e-02,8.150031e-02,1.355280e-03,2.202007e-02,5.318233e-01,1.054914e-02,3.076487e-02,5.487013e-02,1.092466e-02,4.633718e-02,9.935002e-03
8.283448e-02,3.477348e-02,1.216208e-02,1.631889e-02,4.879540e-02,6.793877e-02,1.852488e-03,2.825969e-02,5.739391e-01,7.866099e-03,2.729043e-02,3.939324e-02,9.243197e-03,4.018182e-02,9.150779e-03
7.416467e-02,2.816919e-02,1.229041e-02,1.688547e-02,6.337170e-02,5.454073e-02,2.151665e-03,2.716180e-02,6.161437e-01,5.855117e-03,2.378597e-02,2.866807e-02,7.964497e-03,3.112032e-02,7.726697e-03
6.363700e-02,2.828102e-02,2.653085e-02,2.178898e-02,9.389818e-02,4.701420e-02,1.871713e-03,3.333563e-02,6.006233e-01,4.577440e-03,1.974978e-02,2.144338e-02,7.656897e-03,2.251706e-02,7.074594e-03
6.512949e-02,2.594821e-02,2.429543e-02,2.663274e-02,1.021565e-01,4.567977e-02,1.774493e-03,3.824932e-02,5.890971e-01,4.576497e-03,1.696304e-02,1.830885e-02,9.401781e-03,1.702332e-02,1.476350e-02
8.320802e-02,2.273149e-02,3.908072e-02,4.371955e-02,8.544497e-02,3.423538e-02,1.838106e-03,1.068851e-01,5.073100e-01,4.907842e-03,1.594019e-02,1.567421e-02,1.276202e-02,1.254015e-02,1.372229e-02
7.642256e-02,2.347708e-02,5.192469e-02,8.802205e-02,6.223551e-02,2.457451e-02,1.543019e-03,7.659402e-02,5.203217e-01,5.537997e-03,1.397043e-02,1.256679e-02,1.093835e-02,9.341829e-03,2.252939e-02
9.538004e-02,2.737112e-02,9.244335e-02,1.063547e-01,4.856808e-02,1.849903e-02,2.151151e-03,6.903961e-02,4.585886e-01,7.248193e-03,1.383981e-02,1.160867e-02,1.175495e-02,7.286330e-03,2.986641e-02
1.032747e-01,3.328324e-02,8.482632e-02,1.402277e-01,3.507115e-02,1.372069e-02,1.684927e-03,5.028975e-02,4.133909e-01,1.499862e-02,1.279749e-02,1.000264e-02,9.928281e-03,6.719193e-03,6.978442e-02
1.957276e-01,3.672115e-02,6.758539e-02,1.180415e-01,2.805373e-02,1.185706e-02,1.569906e-03,3.681597e-02,3.608658e-01,1.582887e-02,1.607785e-02,1.088366e-02,1.043144e-02,6.750973e-03,8.278918e-02
2.388586e-01,7.246876e-02,5.436564e-02,9.522106e-02,2.022078e-02,9.569879e-03,1.155547e-03,2.662013e-02,3.191800e-01,1.720702e-02,1.562806e-02,9.820295e-03,9.661535e-03,8.223023e-03,1.017997e-01
2.455117e-01,1.202895e-01,3.943835e-02,7.354323e-02,1.534325e-02,8.471450e-03,9.716246e-04,2.041166e-02,3.302092e-01,1.321219e-02,1.520848e-02,8.876457e-03,1.442686e-02,7.693511e-03,8.639251e-02
2.202716e-01,1.195428e-01,2.972765e-02,5.930071e-02,1.417420e-02,8.546434e-03,8.043235e-04,1.516049e-02,3.438621e-01,1.053335e-02,2.019399e-02,8.644018e-03,7.345012e-02,6.728676e-03,6.905952e-02
1.961083e-01,9.775191e-02,2.163250e-02,4.604013e-02,1.262504e-02,9.656911e-03,8.689987e-04,1.184475e-02,3.036993e-01,8.048279e-03,1.576617e-02,9.893005e-03,2.043652e-01,5.943912e-03,5.575574e-02
1.795434e-01,7.855274e-02,1.564771e-02,3.584650e-02,1.066851e-02,1.091460e-02,7.488304e-04,9.163132e-03,2.498989e-01,6.461483e-03,1.188097e-02,1.275494e-02,3.232259e-01,5.391687e-03,4.930080e-02
1.519331e-01,6.424901e-02,1.188114e-02,2.766980e-02,8.585696e-03,1.806836e-02,7.611364e-04,8.255800e-03,2.513134e-01,6.419972e-03,1.036162e-02,1.914837e-02,3.736863e-01,7.037427e-03,4.062895e-02
1.455726e-01,4.729099e-02,8.585065e-03,2.059770e-02,8.568995e-03,1.631532e-02,1.426794e-03,7.678052e-03,2.125675e-01,5.532992e-03,8.147229e-03,2.625635e-02,4.502278e-01,5.873627e-03,3.535908e-02
1.245186e-01,3.500767e-02,6.188933e-03,1.496567e-02,9.306040e-03,1.888610e-02,1.450165e-03,6.113401e-03,1.615938e-01,4.379679e-03,6.276584e-03,3.780718e-02,5.417764e-01,4.561936e-03,2.716782e-02
1.300979e-01,2.610764e-02,4.509287e-03,1.136333e-02,9.137120e-03,1.812191e-02,1.678687e-03,4.874473e-03,1.214337e-01,3.409655e-03,5.133407e-03,4.290535e-02,5.974830e-01,3.851543e-03,1.989292e-02
1.140635e-01,1.905423e-02,3.196264e-03,8.251695e-03,8.814561e-03,1.465344e-02,1.558827e-03,3.549557e-03,8.964456e-02,2.435157e-03,3.717805e-03,3.936204e-02,6.746340e-01,2.776841e-03,1.428755e-02
1.232814e-01,1.562066e-02,2.630144e-03,1.022083e-02,1.255447e-02,1.422946e-02,1.664113e-03,3.013204e-03,7.834274e-02,1.988644e-03,3.034825e-03,3.715608e-02,6.831305e-01,2.181741e-03,1.095120e-02
1.228263e-01,1.378212e-02,2.326158e-03,7.825172e-03,1.835375e-02,1.192162e-02,1.960465e-03,2.792077e-03,6.004118e-02,1.569570e-03,2.467256e-03,2.974612e-02,7.130014e-01,1.927267e-03,9.459585e-03
1.208863e-01,1.299718e-02,5.947666e-03,1.363453e-02,2.963807e-02,1.269583e-02,2.598895e-03,7.168239e-03,6.257524e-02,1.463390e-03,2.297854e-03,2.434856e-02,6.930454e-01,1.744418e-03,8.958444e-03
2.146115e-01,1.155764e-02,1.213267e-02,2.370231e-02,2.854083e-02,1.300083e-02,2.558895e-03,2.275142e-02,5.096831e-02,2.315279e-03,3.083664e-03,2.074314e-02,5.796934e-01,1.888777e-03,1.245143e-02
3.038029e-01,1.718842e-02,1.005847e-02,2.366967e-02,2.691466e-02,1.509321e-02,2.541518e-03,2.608483e-02,5.099364e-02,3.253940e-03,3.632564e-03,2.038719e-02,4.591415e-01,2.781187e-03,3.445634e-02
3.013530e-01,2.370285e-02,5.354900e-02,5.518201e-02,2.434987e-02,1.392069e-02,2.493447e-03,5.534445e-02,6.164156e-02,7.840936e-03,6.824103e-03,1.850406e-02,3.297718e-01,2.915253e-03,4.260702e-02
3.177898e-01,3.929246e-02,8.403367e-02,5.596248e-02,2.933131e-02,1.547892e-02,5.234525e-03,7.349066e-02,6.868010e-02,6.788036e-03,5.906492e-03,1.413386e-02,2.439764e-01,3.793961e-03,3.610729e-02
3.361982e-01,4.911543e-02,7.660457e-02,4.860932e-02,2.984891e-02,2.741586e-02,5.206721e-03,6.602433e-02,8.173805e-02,8.571882e-03,5.145329e-03,1.150680e-02,2.012360e-01,5.818413e-03,4.696021e-02
4.071358e-01,4.962487e-02,5.821057e-02,4.463624e-02,3.177265e-02,3.175689e-02,4.877320e-03,5.588960e-02,7.957172e-02,8.180245e-03,4.390644e-03,9.246710e-03,1.604302e-01,7.267121e-03,4.700940e-02
3.930354e-01,5.416113e-02,4.818941e-02,4.404343e-02,3.919484e-02,3.891544e-02,4.557163e-03,6.186666e-02,9.786058e-02,7.823767e-03,3.787520e-03,7.468125e-03,1.296279e-01,7.806920e-03,6.166175e-02
3.041883e-01,6.349208e-02,8.315346e-02,1.097143e-01,3.063929e-02,2.816680e-02,3.339495e-03,4.882661e-02,1.204596e-01,3.516592e-02,3.274075e-03,5.612702e-03,9.151811e-02,5.714058e-03,6.673510e-02
2.628013e-01,5.266185e-02,1.185342e-01,1.251893e-01,2.578818e-02,2.442171e-02,2.652452e-03,9.224769e-02,1.176262e-01,2.763715e-02,3.649242e-03,4.917561e-03,7.715131e-02,4.587607e-03,6.013423e-02
2.168224e-01,4.529297e-02,1.488838e-01,1.146835e-01,2.021101e-02,1.867301e-02,1.971853e-03,7.294849e-02,1.327162e-01,4.017543e-02,1.174149e-02,4.260758e-03,5.622796e-02,7.064901e-03,1.083261e-01
2.016699e-01,4.332044e-02,2.761365e-01,8.526748e-02,1.985678e-02,1.722039e-02,1.538835e-03,6.444161e-02,9.617827e-02,3.955308e-02,9.749951e-03,3.375815e-03,4.057665e-02,8.186379e-03,9.292793e-02
2.049683e-01,5.680653e-02,3.161052e-01,6.685119e-02,2.948982e-02,2.121256e-02,1.686513e-03,5.920566e-02,7.507095e-02,3.280138e-02,1.116879e-02,3.333952e-03,3.107115e-02,9.971610e-03,8.025636e-02
1.733056e-01,7.339964e-02,2.858559e-01,4.877626e-02,2.140656e-02,2.118799e-02,1.670547e-03,4.239441e-02,7.194884e-02,8.935897e-02,1.530746e-02,3.322701e-03,2.706630e-02,5.443753e-02,7.056133e-02
2.091400e-01,5.938646e-02,2.175502e-01,3.840379e-02,1.912761e-02,2.031267e-02,1.404632e-03,3.285303e-02,1.329699e-01,8.536439e-02,1.992060e-02,3.667265e-03,2.285650e-02,6.970437e-02,6.733853e-02
1.975304e-01,4.851141e-02,2.227390e-01,3.128350e-02,1.598266e-02,1.692502e-02,1.421066e-03,2.508722e-02,1.392874e-01,9.717628e-02,2.071073e-02,3.474406e-03,1.780034e-02,9.755991e-02,6.451069e-02
2.788472e-01,4.042687e-02,1.818424e-01,2.563697e-02,1.385994e-02,1.518860e-02,1.443778e-03,1.837433e-02,1.174411e-01,9.931813e-02,1.857498e-02,3.172869e-03,1.394204e-02,9.222806e-02,7.970275e-02
2.379384e-01,3.139018e-02,1.413988e-01,1.910368e-02,1.028365e-02,1.291564e-02,1.276692e-03,1.322373e-02,1.081024e-01,1.045986e-01,1.420215e-02,2.508601e-03,1.022677e-02,1.478769e-01,1.449539e-01
1.852757e-01,2.295854e-02,1.054170e-01,1.366006e-02,7.339102e-03,9.659609e-03,1.038079e-03,9.622674e-03,9.571201e-02,9.148324e-02,1.045583e-02,1.873811e-03,7.470642e-03,2.698803e-01,1.681534e-01
2.433454e-01,1.780028e-02,9.038423e-02,1.050383e-02,5.720718e-03,9.272909e-03,9.072129e-04,7.738587e-03,7.102040e-02,6.930913e-02,9.515982e-03,1.765240e-03,6.575434e-03,2.836659e-01,1.724748e-01
3.403822e-01,1.756584e-02,6.779926e-02,9.927318e-03,5.863124e-03,1.026232e-02,1.120424e-03,8.288804e-03,5.302010e-02,5.426705e-02,9.450723e-03,1.933269e-03,6.652877e-03,2.316199e-01,1.818468e-01
2.974367e-01,2.050018e-02,5.386833e-02,3.004841e-02,5.388867e-03,8.255812e-03,1.078205e-03,6.489772e-03,5.964050e-02,4.915707e-02,8.912354e-03,3.155786e-03,5.744262e-03,1.875183e-01,2.628056e-01
3.088671e-01,2.441898e-02,5.938439e-02,4.308772e-02,6.586128e-03,7.869636e-03,1.343725e-03,5.553176e-03,5.313247e-02,4.510724e-02,7.595129e-03,4.107882e-03,4.727529e-03,1.623396e-01,2.658794e-01
3.295120e-01,3.924549e-02,8.472051e-02,4.852503e-02,1.219975e-02,1.035291e-02,1.595001e-03,9.004341e-03,5.515130e-02,3.931342e-02,6.316638e-03,3.937677e-03,3.683741e-03,1.213271e-01,2.351151e-01
3.888784e-01,4.894004e-02,8.267296e-02,6.064968e-02,1.907466e-02,1.119363e-02,1.697193e-03,1.028848e-02,4.442758e-02,2.938073e-02,5.873054e-03,6.556037e-03,4.513712e-03,8.899791e-02,1.968559e-01
3.713792e-01,5.830035e-02,1.240344e-01,5.735726e-02,4.272005e-02,1.683401e-02,1.876914e-03,1.755673e-02,3.914240e-02,2.471088e-02,5.354574e-03,5.783679e-03,4.244803e-03,6.862216e-02,1.620826e-01
2.606716e-01,4.103425e-02,8.689865e-02,4.026734e-02,3.298475e-02,3.028462e-01,1.400926e-03,1.266018e-02,2.749021e-02,2.092729e-02,3.869724e-03,4.066790e-03,2.987149e-03,4.812405e-02,1.137709e-01
1.828891e-01,2.888351e-02,6.085898e-02,2.825403e-02,2.439982e-02,4.960487e-01,1.015728e-03,8.958101e-03,1.928091e-02,2.798522e-02,2.871540e-03,2.854381e-03,2.101105e-03,3.378970e-02,7.980914e-02
1.309963e-01,2.089328e-02,4.328344e-02,2.075109e-02,1.875225e-02,5.874954e-01,1.019986e-03,7.339418e-03,1.421629e-02,6.765783e-02,3.112687e-03,2.048107e-03,1.620982e-03,2.391944e-02,5.689354e-02
9.911975e-02,1.610060e-02,3.117990e-02,1.646155e-02,1.368818e-02,5.694155e-01,1.593032e-03,5.574730e-03,1.661108e-02,1.474189e-01,1.379285e-02,1.516346e-03,1.798031e-03,1.725210e-02,4.847754e-02
8.023442e-02,1.327706e-02,2.274563e-02,1.246154e-02,9.936208e-03,5.633701e-01,1.696534e-03,4.408570e-03,1.570400e-02,1.922691e-01,2.251815e-02,1.249271e-03,1.688326e-03,1.287786e-02,4.556323e-02
7.435840e-02,1.887217e-02,1.773882e-02,9.541142e-03,7.734661e-03,5.203549e-01,2.088986e-03,3.603273e-03,1.581356e-02,2.251728e-01,4.091848e-02,3.367153e-03,1.638891e-03,1.028488e-02,4.851184e-02
5.689321e-02,1.870456e-02,1.365156e-02,7.421523e-03,5.814388e-03,4.861487e-01,2.069481e-03,2.713579e-03,1.451127e-02,2.346494e-01,9.120654e-02,5.676372e-03,1.815724e-03,1.001685e-02,4.870692e-02
4.512750e-02,1.698857e-02,1.055565e-02,5.650735e-03,5.356404e-03,3.793920e-01,2.426741e-03,2.177126e-03,1.636975e-02,2.501745e-01,1.525481e-01,3.420404e-02,3.458556e-03,1.522396e-02,6.034641e-02
3.477339e-02,1.343873e-02,7.815087e-03,4.463613e-03,4.766344e-03,2.715476e-01,3.730503e-03,1.902866e-03,1.645022e-02,2.160861e-01,2.291889e-01,1.304960e-01,4.205399e-03,1.365955e-02,4.747571e-02
2.858080e-02,9.972161e-03,5.822179e-03,3.554836e-03,4.401824e-03,2.160667e-01,4.924595e-03,1.664279e-03,1.518916e-02,1.722557e-01,2.422344e-01,2.386810e-01,3.602255e-03,1.519428e-02,3.785579e-02
2.023512e-02,7.226684e-03,4.273544e-03,2.528854e-03,3.250853e-03,1.605025e-01,3.600234e-03,1.209541e-03,1.098795e-02,1.212164e-01,1.865266e-01,4.374823e-01,2.776075e-03,1.141509e-02,2.676834e-02
1.436183e-02,5.098424e-03,3.060120e-03,1.811701e-03,2.392373e-03,1.183832e-01,2.607287e-03,8.979482e-04,7.948484e-03,8.525630e-02,1.381138e-01,5.904005e-01,2.053966e-03,8.725490e-03,1.888852e-02
1.011431e-02,3.587198e-03,2.264495e-03,1.302581e-03,2.113380e-03,8.430143e-02,1.897057e-03,7.453716e-04,6.227111e-03,5.993504e-02,1.005020e-01,7.059394e-01,1.539391e-03,6.293608e-03,1.323768e-02
7.198172e-03,2.551530e-03,1.716948e-03,9.209107e-04,1.901405e-03,5.950489e-02,1.420168e-03,5.807212e-04,5.422255e-03,4.207993e-02,7.398912e-02,7.876886e-01,1.164698e-03,4.578765e-03,9.281881e-03
5.591323e-03,2.025441e-03,1.679032e-03,6.567388e-04,2.957042e-03,4.223608e-02,1.156273e-03,7.447196e-04,1.130200e-02,2.953682e-02,5.462546e-02,8.365593e-01,1.066076e-03,3.345883e-03,6.517791e-03
4.551018e-03,1.605745e-03,1.548989e-03,4.796817e-04,3.079641e-03,3.075587e-02,1.196506e-03,9.587574e-04,1.357949e-02,2.076983e-02,4.258545e-02,8.703792e-01,1.254356e-03,2.669476e-03,4.585943e-03
5.273026e-03,1.500912e-03,2.113913e-03,3.887280e-04,1.184312e-02,2.372805e-02,1.657523e-03,2.200750e-03,5.574590e-02,1.469264e-02,3.373958e-02,8.406565e-01,1.169670e-03,2.049871e-03,3.239804e-03
7.622132e-03,1.633359e-03,2.353640e-03,3.552286e-04,1.518873e-02,1.998216e-02,1.395015e-03,3.747466e-03,6.523829e-02,1.049079e-02,2.913432e-02,8.375691e-01,1.225163e-03,1.738702e-03,2.325877e-03
8.099236e-03,1.929408e-03,2.320577e-03,3.375533e-04,1.885945e-02,1.673049e-02,1.127551e-03,4.620440e-03,1.136353e-01,7.674243e-03,2.636174e-02,7.934190e-01,1.488881e-03,1.718511e-03,1.677551e-03
8.522156e-03,2.270958e-03,2.301255e-03,4.086543e-04,1.773648e-02,1.263309e-02,9.671206e-04,5.329233e-03,1.472496e-01,5.808827e-03,2.453536e-02,7.673621e-01,2.090201e-03,1.527851e-03,1.257041e-03
1.124370e-02,2.328673e-03,1.982744e-03,1.107109e-03,1.395111e-02,1.268932e-02,7.602319e-04,6.283645e-03,1.447432e-01,4.672325e-03,2.424312e-02,7.700258e-01,2.856106e-03,2.049019e-03,1.063792e-03
1.291377e-02,2.220482e-03,1.539570e-03,1.519156e-03,1.267750e-02,1.046925e-02,6.610840e-04,5.395866e-03,1.605512e-01,3.660891e-03,2.251852e-02,7.601997e-01,2.911196e-03,1.890628e-03,8.712155e-04
1.080416e-02,2.001341e-03,1.140855e-03,1.231495e-03,2.249397e-02,1.300386e-02,8.930527e-04,4.364864e-03,3.256528e-01,2.637593e-03,2.107223e-02,5.886058e-01,3.949426e-03,1.438378e-03,7.101776e-04
1.187157e-02,4.496336e-03,2.291006e-03,2.731207e-03,3.250503e-02,1.561046e-02,7.263175e-04,3.637941e-02,4.160678e-01,2.093172e-03,2.357179e-02,4.425294e-01,7.313197e-03,1.253999e-03,5.592745e-04
2.189365e-02,5.861768e-03,1.606104e-02,1.246077e-02,5.045941e-02,1.640709e-02,9.992477e-04,9.125023e-02,4.178827e-01,1.952660e-03,2.387236e-02,3.300083e-01,9.351976e-03,1.037014e-03,5.017769e-04
2.750401e-02,7.609576e-03,8.840849e-02,2.481590e-02,6.743635e-02,1.739107e-02,1.376428e-03,7.848273e-02,4.157279e-01,1.928619e-03,1.944635e-02,2.400017e-01,8.301122e-03,9.456130e-04,6.240788e-04
3.304981e-02,1.044644e-02,9.257001e-02,2.805674e-02,8.577321e-02,1.700829e-02,1.699439e-03,6.258311e-02,4.690949e-01,1.810000e-03,1.662354e-02,1.728662e-01,6.681827e-03,8.932077e-04,8.432823e-04
3.822299e-02,1.125557e-02,1.843480e-01,7.363061e-02,8.554908e-02,1.301287e-02,1.656518e-03,5.513573e-02,3.902469e-01,3.141417e-03,1.255079e-02,1.226557e-01,5.380083e-03,8.190136e-04,2.394638e-03
4.244742e-02,1.480330e-02,2.027897e-01,9.957084e-02,7.929354e-02,1.120067e-02,2.085974e-03,4.889997e-02,3.871982e-01,3.223269e-03,1.095300e-02,8.751426e-02,4.992553e-03,1.046019e-03,3.981268e-03
4.608438e-02,2.175205e-02,1.993594e-01,1.077999e-01,8.560503e-02,1.149782e-02,2.697847e-03,4.661237e-02,3.933960e-01,3.339508e-03,9.668284e-03,6.229519e-02,4.366982e-03,1.199225e-03,4.326073e-03
6.067998e-02,2.529755e-02,2.273826e-01,1.280755e-01,8.803921e-02,9.693367e-03,5.529067e-03,4.779782e-02,3.398513e-01,4.016383e-03,9.150922e-03,4.461559e-02,3.870985e-03,1.312107e-03,4.687778e-03
7.684765e-02,3.222185e-02,2.165277e-01,1.484245e-01,1.085667e-01,8.626603e-03,5.710881e-03,6.409369e-02,2.868851e-01,3.760344e-03,7.838623e-03,3.179813e-02,3.023011e-03,1.957221e-03,3.718018e-03
1.018784e-01,3.091647e-02,3.040738e-01,1.483298e-01,9.588046e-02,8.795200e-03,4.415253e-03,5.497046e-02,2.101516e-01,3.067853e-03,6.586227e-03,2.267015e-02,2.539592e-03,2.433118e-03,3.291680e-03
1.388750e-01,3.090890e-02,3.581093e-01,1.233805e-01,9.543309e-02,1.172557e-02,3.619094e-03,4.457687e-02,1.592799e-01,2.934397e-03,5.690164e-03,1.659547e-02,2.206471e-03,3.474601e-03,3.190708e-03
1.853588e-01,3.577552e-02,3.523843e-01,1.016362e-01,1.035847e-01,1.717195e-02,3.303211e-03,4.506693e-02,1.250735e-01,2.749529e-03,5.620961e-03,1.264954e-02,2.005259e-03,4.403866e-03,3.215628e-03
2.863356e-01,3.493241e-02,2.660842e-01,7.596863e-02,1.230980e-01,1.780649e-02,3.576536e-03,5.844218e-02,1.036330e-01,2.469165e-03,5.568624e-03,1.063717e-02,2.490533e-03,5.129217e-03,3.828194e-03
4.096284e-01,2.786599e-02,1.940436e-01,5.621568e-02,1.215080e-01,1.588639e-02,3.462440e-03,5.989890e-02,8.239320e-02,2.403176e-03,5.152793e-03,9.050945e-03,2.998424e-03,4.676026e-03,4.816072e-03
4.748841e-01,3.384390e-02,1.454507e-01,4.886372e-02,8.825810e-02,1.376105e-02,2.648504e-03,5.469907e-02,7.421330e-02,2.699285e-03,2.321546e-02,1.078392e-02,5.013239e-03,6.739386e-03,1.492636e-02
4.359416e-01,4.076564e-02,1.183061e-01,3.701121e-02,6.230877e-02,1.349527e-02,2.076520e-03,4.477353e-02,6.786904e-02,2.989551e-03,9.543632e-02,9.027442e-03,6.968674e-03,4.652683e-02,1.650351e-02
3.429728e-01,3.164409e-02,8.579191e-02,2.743141e-02,4.410692e-02,1.135472e-02,1.531084e-03,3.224561e-02,5.370324e-02,2.723828e-03,2.820435e-01,8.307016e-03,6.717519e-03,5.531155e-02,1.411481e-02
2.593547e-01,2.261785e-02,6.126646e-02,1.940436e-02,3.099475e-02,9.656621e-03,1.130341e-03,2.312665e-02,3.837131e-02,2.471440e-03,4.293707e-01,7.359111e-03,5.202934e-03,7.941622e-02,1.025657e-02
1.964400e-01,1.735373e-02,4.446480e-02,1.392552e-02,2.185781e-02,9.884593e-03,8.433568e-04,1.678574e-02,2.962757e-02,2.469040e-03,4.760445e-01,8.761051e-03,4.793598e-03,1.492594e-01,7.489346e-03
1.413231e-01,1.410268e-02,3.219828e-02,1.215005e-02,1.567291e-02,7.627582e-03,6.384115e-04,1.194363e-02,2.772550e-02,4.671554e-03,5.628585e-01,8.749073e-03,3.800661e-03,1.503585e-01,6.179698e-03
1.062903e-01,2.164560e-02,2.766948e-02,1.284646e-02,1.361153e-02,2.253974e-02,1.246721e-03,9.714371e-03,8.649852e-02,9.752511e-03,5.098836e-01,1.064283e-02,3.057785e-03,1.591765e-01,5.424035e-03
7.801960e-02,2.210387e-02,3.021561e-02,1.079570e-02,1.311693e-02,3.487943e-02,1.325036e-03,7.494555e-03,9.406933e-02,1.445768e-02,4.804267e-01,1.084272e-02,2.440169e-03,1.950716e-01,4.741095e-03
7.489709e-02,2.822286e-02,3.191041e-02,1.393699e-02,1.870943e-02,5.771112e-02,2.149837e-03,2.978867e-02,1.363493e-01,1.929258e-02,3.762159e-01,1.026310e-02,2.490323e-03,1.939917e-01,4.070694e-03
7.133307e-02,3.615202e-02,2.965910e-02,1.685440e-02,2.046956e-02,6.912334e-02,2.066553e-03,2.450553e-02,1.825034e-01,2.754612e-02,3.287883e-01,9.500162e-03,2.742442e-03,1.747387e-01,4.017309e-03
6.721922e-02,6.974665e-02,3.088729e-02,1.614013e-02,2.306261e-02,8.150461e-02,1.666896e-03,1.949103e-02,2.624812e-01,2.736915e-02,2.473723e-01,7.702818e-03,2.506322e-03,1.379140e-01,4.935771e-03
7.542915e-02,8.390662e-02,2.864738e-02,1.459945e-02,2.539295e-02,1.058575e-01,1.576767e-03,1.488809e-02,2.957217e-01,3.615497e-02,1.808267e-01,5.975409e-03,2.302072e-03,1.150103e-01,1.371101e-02
9.263281e-02,1.140559e-01,2.952646e-02,1.633429e-02,3.921533e-02,9.800158e-02,1.833580e-03,1.379373e-02,2.918232e-01,3.294992e-02,1.328627e-01,4.910159e-03,2.646250e-03,9.695169e-02,3.246238e-02
1.224914e-01,1.377232e-01,3.742792e-02,2.087392e-02,4.448435e-02,9.378149e-02,1.734617e-03,1.279449e-02,2.455678e-01,3.181654e-02,9.680013e-02,4.762852e-03,2.698820e-03,8.489934e-02,6.214311e-02
1.758792e-01,1.254753e-01,5.755381e-02,3.169839e-02,5.321103e-02,9.044109e-02,2.642426e-03,1.318446e-02,1.957683e-01,2.845928e-02,6.933750e-02,4.446718e-03,2.939565e-03,6.905824e-02,7.990468e-02
3.197146e-01,9.277158e-02,8.500321e-02,3.266125e-02,4.031200e-02,6.861725e-02,3.252815e-03,1.149054e-02,1.434992e-01,2.139386e-02,5.009938e-02,6.499548e-03,4.113352e-03,5.109666e-02,6.947479e-02
3.367826e-01,6.909254e-02,8.575157e-02,4.296648e-02,3.031280e-02,4.942454e-02,2.491017e-03,9.802030e-03,1.607310e-01,2.403988e-02,3.841076e-02,5.749479e-03,4.075582e-03,3.837680e-02,1.019929e-01
2.508776e-01,4.983032e-02,9.638116e-02,5.097505e-02,2.166619e-02,3.494193e-02,1.783923e-03,7.042513e-03,1.781044e-01,3.575850e-02,2.860973e-02,4.731343e-03,3.930567e-03,2.799953e-02,2.073673e-01
3.131171e-01,3.868827e-02,9.147680e-02,5.870374e-02,1.795718e-02,2.638108e-02,1.497803e-03,5.593057e-03,1.584037e-01,3.625892e-02,2.962479e-02,7.322884e-03,6.045143e-03,2.246110e-02,1.864685e-01
2.798683e-01,3.259021e-02,7.670996e-02,6.416055e-02,1.372546e-02,1.938531e-02,1.220055e-03,4.390983e-03,1.565822e-01,5.972193e-02,2.593598e-02,5.936865e-03,5.498438e-03,1.838438e-02,2.358893e-01
