1.000000e+00,0.000000e+00,0.000000e+00,0.000000e+00,0.000000e+00,0.000000e+00,0.000000e+00,0.000000e+00,0.000000e+00,0.000000e+00,0.000000e+00,0.000000e+00,0.000000e+00,0.000000e+00,0.000000e+00
1.000000e+00,0.000000e+00,0.000000e+00,0.000000e+00,0.000000e+00,0.000000e+00,0.000000e+00,0.000000e+00,0.000000e+00,0.000000e+00,0.000000e+00,0.000000e+00,0.000000e+00,0.000000e+00,0.000000e+00
1.000000e+00,0.000000e+00,0.000000e+00,0.000000e+00,0.000000e+00,0.000000e+00,0.000000e+00,0.000000e+00,0.000000e+00,0.000000e+00,0.000000e+00,0.000000e+00,0.000000e+00,0.000000e+00,0.000000e+00
1.000000e+00,0.000000e+00,0.000000e+00,0.000000e+00,0.000000e+00,0.000000e+00,0.000000e+00,0.000000e+00,0.000000e+00,0.000000e+00,0.000000e+00,0.000000e+00,0.000000e+00,0.000000e+00,0.000000e+00
1.000000e+00,0.000000e+00,0.000000e+00,0.000000e+00,0.000000e+00,0.000000e+00,0.000000e+00,0.000000e+00,0.000000e+00,0.000000e+00,0.000000e+00,0.000000e+00,0.000000e+00,0.000000e+00,0.000000e+00
1.000000e+00,0.000000e+00,0.000000e+00,0.000000e+00,0.000000e+00,0.000000e+00,0.000000e+00,0.000000e+00,0.000000e+00,0.000000e+00,0.000000e+00,0.000000e+00,0.000000e+00,0.000000e+00,0.000000e+00
1.000000e+00,0.000000e+00,0.000000e+00,0.000000e+00,0.000000e+00,0.000000e+00,0.000000e+00,0.000000e+00,0.000000e+00,0.000000e+00,0.000000e+00,0.000000e+00,0.000000e+00,0.000000e+00,0.000000e+00
1.000000e+00,0.000000e+00,0.000000e+00,0.000000e+00,0.000000e+00,0.000000e+00,0.000000e+00,0.000000e+00,0.000000e+00,0.000000e+00,0.000000e+00,0.000000e+00,0.000000e+00,0.000000e+00,0.000000e+00
1.000000e+00,0.000000e+00,0.000000e+00,0.000000e+00,0.000000e+00,0.000000e+00,0.000000e+00,0.000000e+00,0.000000e+00,0.000000e+00,0.000000e+00,0.000000e+00,0.000000e+00,0.000000e+00,0.000000e+00
1.000000e+00,0.000000e+00,0.000000e+00,0.000000e+00,0.000000e+00,0.000000e+00,0.000000e+00,0.000000e+00,0.000000e+00,0.000000e+00,0.000000e+00,0.000000e+00,0.000000e+00,0.000000e+00,0.000000e+00
1.000000e+00,0.000000e+00,0.000000e+00,0.000000e+00,0.000000e+00,0.000000e+00,0.000000e+00,0.000000e+00,0.000000e+00,0.000000e+00,0.000000e+00,0.000000e+00,0.000000e+00,0.000000e+00,0.000000e+00
1.000000e+00,0.000000e+00,0.000000e+00,0.000000e+00,0.000000e+00,0.000000e+00,0.000000e+00,0.000000e+00,0.000000e+00,0.000000e+00,0.000000e+00,0.000000e+00,0.000000e+00,0.000000e+00,0.000000e+00
1.000000e+00,0.000000e+00,0.000000e+00,0.000000e+00,0.000000e+00,0.000000e+00,0.000000e+00,0.000000e+00,0.000000e+00,0.000000e+00,0.000000e+00,0.000000e+00,0.000000e+00,0.000000e+00,0.000000e+00
1.000000e+00,0.000000e+00,0.000000e+00,0.000000e+00,0.000000e+00,0.000000e+00,0.000000e+00,0.000000e+00,0.000000e+00,0.000000e+00,0.000000e+00,0.000000e+00,0.000000e+00,0.000000e+00,0.000000e+00
1.000000e+00,0.000000e+00,0.000000e+00,0.000000e+00,0.000000e+00,0.000000e+00,0.000000e+00,0.000000e+00,0.000000e+00,0.000000e+00,0.000000e+00,0.000000e+00,0.000000e+00,0.000000e+00,0.000000e+00
1.000000e+00,0.000000e+00,0.000000e+00,0.000000e+00,0.000000e+00,0.000000e+00,0.000000e+00,0.000000e+00,0.000000e+00,0.000000e+00,0.000000e+00,0.000000e+00,0.000000e+00,0.000000e+00,0.000000e+00
1.000000e+00,0.000000e+00,0.000000e+00,0.000000e+00,0.000000e+00,0.000000e+00,0.000000e+00,0.000000e+00,0.000000e+00,0.000000e+00,0.000000e+00,0.000000e+00,0.000000e+00,0.000000e+00,0.000000e+00
1.000000e+00,0.000000e+00,0.000000e+00,0.000000e+00,0.000000e+00,0.000000e+00,0.000000e+00,0.000000e+00,0.000000e+00,0.000000e+00,0.000000e+00,0.000000e+00,0.000000e+00,0.000000e+00,0.000000e+00
1.000000e+00,0.000000e+00,0.000000e+00,0.000000e+00,0.000000e+00,0.000000e+00,0.000000e+00,0.000000e+00,0.000000e+00,0.000000e+00,0.000000e+00,0.000000e+00,0.000000e+00,0.000000e+00,0.000000e+00
1.000000e+00,0.000000e+00,0.000000e+00,0.000000e+00,0.000000e+00,0.000000e+00,0.000000e+00,0.000000e+00,0.000000e+00,0.000000e+00,0.000000e+00,0.000000e+00,0.000000e+00,0.000000e+00,0.000000e+00
1.000000e+00,0.000000e+00,0.000000e+00,0.000000e+00,0.000000e+00,0.000000e+00,0.000000e+00,0.000000e+00,0.000000e+00,0.000000e+00,0.000000e+00,0.000000e+00,0.000000e+00,0.000000e+00,0.000000e+00
1.000000e+00,0.000000e+00,0.000000e+00,0.000000e+00,0.000000e+00,0.000000e+00,0.000000e+00,0.000000e+00,0.000000e+00,0.000000e+00,0.000000e+00,0.000000e+00,0.000000e+00,0.000000e+00,0.000000e+00
1.000000e+00,0.000000e+00,0.000000e+00,0.000000e+00,0.000000e+00,0.000000e+00,0.000000e+00,0.000000e+00,0.000000e+00,0.000000e+00,0.000000e+00,0.000000e+00,0.000000e+00,0.000000e+00,0.000000e+00
1.000000e+00,0.000000e+00,0.000000e+00,0.000000e+00,0.000000e+00,0.000000e+00,0.000000e+00,0.000000e+00,0.000000e+00,0.000000e+00,0.000000e+00,0.000000e+00,0.000000e+00,0.000000e+00,0.000000e+00
1.000000e+00,0.000000e+00,0.000000e+00,0.000000e+00,0.000000e+00,0.000000e+00,0.000000e+00,0.000000e+00,0.000000e+00,0.000000e+00,0.000000e+00,0.000000e+00,0.000000e+00,0.000000e+00,0.000000e+00
1.000000e+00,0.000000e+00,0.000000e+00,0.000000e+00,0.000000e+00,0.000000e+00,0.000000e+00,0.000000e+00,0.000000e+00,0.000000e+00,0.000000e+00,0.000000e+00,0.000000e+00,0.000000e+00,0.000000e+00
1.000000e+00,0.000000e+00,0.000000e+00,0.000000e+00,0.000000e+00,0.000000e+00,0.000000e+00,0.000000e+00,0.000000e+00,0.000000e+00,0.000000e+00,0.000000e+00,0.000000e+00,0.000000e+00,0.000000e+00
1.000000e+00,0.000000e+00,0.000000e+00,0.000000e+00,0.000000e+00,0.000000e+00,0.000000e+00,0.000000e+00,0.000000e+00,0.000000e+00,0.000000e+00,0.000000e+00,0.000000e+00,0.000000e+00,0.000000e+00
1.000000e+00,0.000000e+00,0.000000e+00,0.000000e+00,0.000000e+00,0.000000e+00,0.000000e+00,0.000000e+00,0.000000e+00,0.000000e+00,0.000000e+00,0.000000e+00,0.000000e+00,0.000000e+00,0.000000e+00
1.000000e+00,0.000000e+00,0.000000e+00,0.000000e+00,0.000000e+00,0.000000e+00,0.000000e+00,0.000000e+00,0.000000e+00,0.000000e+00,0.000000e+00,0.000000e+00,0.000000e+00,0.000000e+00,0.000000e+00
1.000000e+00,0.000000e+00,0.000000e+00,0.000000e+00,0.000000e+00,0.000000e+00,0.000000e+00,0.000000e+00,0.000000e+00,0.000000e+00,0.000000e+00,0.000000e+00,0.000000e+00,0.000000e+00,0.000000e+00
1.000000e+00,0.000000e+00,0.000000e+00,0.000000e+00,0.000000e+00,0.000000e+00,0.000000e+00,0.000000e+00,0.000000e+00,0.000000e+00,0.000000e+00,0.000000e+00,0.000000e+00,0.000000e+00,0.000000e+00
1.000000e+00,0.000000e+00,0.000000e+00,0.000000e+00,0.000000e+00,0.000000e+00,0.000000e+00,0.000000e+00,0.000000e+00,0.000000e+00,0.000000e+00,0.000000e+00,0.000000e+00,0.000000e+00,0.000000e+00
1.000000e+00,0.000000e+00,0.000000e+00,0.000000e+00,0.000000e+00,0.000000e+00,0.000000e+00,0.000000e+00,0.000000e+00,0.000000e+00,0.000000e+00,0.000000e+00,0.000000e+00,0.000000e+00,0.000000e+00
1.000000e+00,0.000000e+00,0.000000e+00,0.000000e+00,0.000000e+00,0.000000e+00,0.000000e+00,0.000000e+00,0.000000e+00,0.000000e+00,0.000000e+00,0.000000e+00,0.000000e+00,0.000000e+00,0.000000e+00
1.000000e+00,0.000000e+00,0.000000e+00,0.000000e+00,0.000000e+00,0.000000e+00,0.000000e+00,0.000000e+00,0.000000e+00,0.000000e+00,0.000000e+00,0.000000e+00,0.000000e+00,0.000000e+00,0.000000e+00
1.000000e+00,0.000000e+00,0.000000e+00,0.000000e+00,0.000000e+00,0.000000e+00,0.000000e+00,0.000000e+00,0.000000e+00,0.000000e+00,0.000000e+00,0.000000e+00,0.000000e+00,0.000000e+00,0.000000e+00
1.000000e+00,0.000000e+00,0.000000e+00,0.000000e+00,0.000000e+00,0.000000e+00,0.000000e+00,0.000000e+00,0.000000e+00,0.000000e+00,0.000000e+00,0.000000e+00,0.000000e+00,0.000000e+00,0.000000e+00
1.000000e+00,0.000000e+00,0.000000e+00,0.000000e+00,0.000000e+00,0.000000e+00,0.000000e+00,0.000000e+00,0.000000e+00,0.000000e+00,0.000000e+00,0.000000e+00,0.000000e+00,0.000000e+00,0.000000e+00
1.000000e+00,0.000000e+00,0.000000e+00,0.000000e+00,0.000000e+00,0.000000e+00,0.000000e+00,0.000000e+00,0.000000e+00,0.000000e+00,0.000000e+00,0.000000e+00,0.000000e+00,0.000000e+00,0.000000e+00
1.000000e+00,0.000000e+00,0.000000e+00,0.000000e+00,0.000000e+00,0.000000e+00,0.000000e+00,0.000000e+00,0.000000e+00,0.000000e+00,0.000000e+00,0.000000e+00,0.000000e+00,0.000000e+00,0.000000e+00
1.000000e+00,0.000000e+00,0.000000e+00,0.000000e+00,0.000000e+00,0.000000e+00,0.000000e+00,0.000000e+00,0.000000e+00,0.000000e+00,0.000000e+00,0.000000e+00,0.000000e+00,0.000000e+00,0.000000e+00
1.000000e+00,0.000000e+00,0.000000e+00,0.000000e+00,0.000000e+00,0.000000e+00,0.000000e+00,0.000000e+00,0.000000e+00,0.000000e+00,0.000000e+00,0.000000e+00,0.000000e+00,0.000000e+00,0.000000e+00
4.413505e-01,5.936309e-03,3.341687e-02,3.337521e-02,3.610246e-03,9.065524e-03,3.518105e-03,4.466754e-01,2.285424e-03,5.865493e-04,3.784510e-03,5.771904e-03,5.181377e-03,1.082408e-03,4.359621e-03
3.179970e-01,4.339118e-03,2.681310e-02,2.565931e-02,3.135040e-03,7.423365e-03,3.663132e-03,5.926819e-01,2.044917e-03,4.497758e-04,3.243226e-03,4.208555e-03,3.900277e-03,1.046984e-03,3.394269e-03
2.262999e-01,3.211705e-03,2.496038e-02,1.969505e-02,4.047197e-03,5.919259e-03,8.483781e-03,6.937177e-01,1.592982e-03,3.461393e-04,2.408261e-03,2.996238e-03,2.937499e-03,8.660943e-04,2.517837e-03
1.634571e-01,2.369525e-03,2.192693e-02,1.500566e-02,4.778662e-03,4.800095e-03,9.124922e-03,7.682202e-01,1.223778e-03,2.828703e-04,1.829814e-03,2.176765e-03,2.275610e-03,6.675871e-04,1.860510e-03
1.200907e-01,1.872387e-03,2.328514e-02,1.154112e-02,8.347861e-03,4.465069e-03,1.187421e-02,8.097411e-01,9.775851e-04,4.735056e-04,1.505937e-03,1.689109e-03,1.984896e-03,5.393616e-04,1.612104e-03
1.054062e-01,2.068112e-03,4.415828e-02,1.006351e-02,1.197548e-02,5.527518e-03,1.616056e-02,7.949133e-01,8.999833e-04,8.816940e-04,1.512510e-03,1.712961e-03,2.233627e-03,5.982737e-04,1.887968e-03
9.320227e-02,2.332554e-03,3.567304e-02,7.787666e-03,1.404147e-02,5.099685e-03,1.305187e-02,8.162321e-01,1.099260e-03,1.643826e-03,1.554055e-03,2.010333e-03,2.712921e-03,6.772545e-04,2.881661e-03
1.151865e-01,2.621465e-03,2.602130e-02,6.295233e-03,1.563002e-02,5.599014e-03,9.730880e-03,8.050567e-01,1.103641e-03,1.561665e-03,1.508488e-03,2.523771e-03,2.940717e-03,7.253862e-04,3.495204e-03
1.193109e-01,3.757047e-03,1.984691e-02,5.852699e-03,1.732041e-02,1.010749e-02,7.911180e-03,7.936361e-01,1.741583e-03,1.787526e-03,2.084429e-03,3.010503e-03,4.254869e-03,1.378263e-03,8.000099e-03
1.322025e-01,3.758427e-03,1.525761e-02,5.088129e-03,1.831189e-02,1.393458e-02,6.476913e-03,7.827773e-01,1.486943e-03,1.651975e-03,1.879307e-03,2.798594e-03,3.773855e-03,1.418433e-03,9.183555e-03
1.239234e-01,1.119917e-02,1.462932e-02,8.804472e-03,1.794779e-02,8.294773e-02,5.414706e-03,5.927253e-01,8.895909e-03,8.303859e-03,5.959139e-03,8.908546e-03,1.525121e-02,4.983934e-03,9.010544e-02
1.000506e-01,1.152859e-02,1.110823e-02,1.321034e-02,1.410745e-02,8.373530e-02,4.050219e-03,4.207909e-01,1.936074e-02,1.049635e-02,5.690321e-03,7.572363e-03,7.562768e-02,5.043332e-03,2.176276e-01
7.307156e-02,1.784359e-02,8.450210e-03,1.317915e-02,1.217424e-02,6.218624e-02,3.386461e-03,2.953205e-01,4.359694e-02,2.304593e-02,5.432575e-03,6.419148e-03,2.011546e-01,5.460951e-03,2.292778e-01
5.250774e-02,2.642117e-02,6.213191e-03,1.209214e-02,9.520454e-03,4.494046e-02,2.893462e-03,2.073847e-01,5.874531e-02,2.137658e-02,4.906966e-03,5.043537e-03,2.913855e-01,4.776998e-03,2.517918e-01
3.892575e-02,3.724081e-02,6.370909e-03,3.437035e-02,8.233290e-03,3.216230e-02,2.158394e-03,1.454092e-01,1.595864e-01,1.990698e-02,3.958480e-03,4.126994e-03,2.117550e-01,3.944851e-03,2.918503e-01
3.013397e-02,3.029509e-02,5.140547e-03,3.805232e-02,7.210596e-03,2.660381e-02,1.848908e-03,1.022593e-01,2.146302e-01,1.894265e-02,3.827049e-03,4.419763e-03,2.200372e-01,4.487963e-03,2.921107e-01
3.178453e-02,2.487498e-02,7.773140e-03,6.119996e-02,9.726213e-03,2.610237e-02,2.276149e-03,7.417540e-02,1.958991e-01,1.677349e-02,6.356469e-03,6.933061e-03,2.595471e-01,6.293053e-03,2.702850e-01
3.293385e-02,1.951783e-02,1.214938e-01,8.299907e-02,1.053352e-02,2.016100e-02,2.075909e-03,5.443315e-02,1.647240e-01,1.425718e-02,9.980191e-03,8.178232e-03,2.378157e-01,7.046645e-03,2.138499e-01
3.482829e-02,3.437012e-02,9.371535e-02,7.890835e-02,1.071183e-02,1.644165e-02,1.778168e-03,3.980668e-02,1.816366e-01,1.099119e-02,2.738779e-02,8.997082e-03,2.625161e-01,1.136300e-02,1.865479e-01
5.933261e-02,2.897262e-02,8.148794e-02,6.686338e-02,4.100830e-02,1.998308e-02,4.089816e-03,3.782970e-02,1.447710e-01,9.308040e-03,3.728771e-02,1.418400e-02,2.964118e-01,1.095056e-02,1.475194e-01
6.353062e-02,2.287468e-02,5.924479e-02,4.882741e-02,7.317731e-02,1.810309e-02,5.333483e-03,3.091956e-02,1.161263e-01,7.198431e-03,3.529656e-02,1.840561e-02,3.617831e-01,1.136253e-02,1.278165e-01
1.178071e-01,1.876397e-02,4.750446e-02,3.947091e-02,7.902166e-02,2.079491e-02,6.612775e-03,3.912364e-02,9.155123e-02,6.535341e-03,4.416073e-02,4.035060e-02,3.403468e-01,1.171034e-02,9.624552e-02
2.102539e-01,1.537608e-02,3.601824e-02,3.301482e-02,6.944884e-02,2.157255e-02,7.754053e-03,4.768988e-02,7.569437e-02,5.843975e-03,4.267771e-02,4.787964e-02,3.019439e-01,1.175506e-02,7.307699e-02
2.343470e-01,1.473707e-02,2.740008e-02,3.310656e-02,5.764952e-02,2.150528e-02,6.982618e-03,4.103301e-02,7.855643e-02,9.046600e-03,4.020346e-02,5.127275e-02,2.947556e-01,1.515462e-02,7.424939e-02
2.861029e-01,1.481465e-02,2.364106e-02,3.836234e-02,4.884688e-02,2.778930e-02,9.667497e-03,3.948406e-02,7.536940e-02,9.286118e-03,3.532683e-02,8.108559e-02,2.358637e-01,1.187218e-02,6.248754e-02
3.173726e-01,1.850693e-02,1.946629e-02,4.414957e-02,5.105983e-02,3.173176e-02,1.910635e-02,3.152950e-02,8.856422e-02,7.569418e-03,3.102551e-02,9.389450e-02,1.837114e-01,9.335425e-03,5.297670e-02
2.960482e-01,3.003790e-02,1.947085e-02,1.043077e-01,4.360776e-02,2.765612e-02,1.576084e-02,2.639205e-02,8.303970e-02,6.376482e-03,3.017019e-02,1.209471e-01,1.373843e-01,7.335926e-03,5.146493e-02
2.739467e-01,2.537940e-02,8.013456e-02,1.679679e-01,3.565666e-02,2.172568e-02,1.171642e-02,2.997435e-02,7.524225e-02,5.163813e-03,2.559584e-02,9.765735e-02,9.983870e-02,5.489049e-03,4.451135e-02
3.477674e-01,2.366975e-02,9.118007e-02,1.503619e-01,3.027757e-02,1.835161e-02,8.905852e-03,2.608224e-02,7.174017e-02,4.712371e-03,2.312546e-02,8.686998e-02,7.379944e-02,4.708987e-03,3.844721e-02
4.372700e-01,1.995357e-02,7.346977e-02,1.138057e-01,3.343895e-02,1.933601e-02,1.102380e-02,2.550381e-02,6.886205e-02,4.629666e-03,2.519855e-02,7.749666e-02,5.480024e-02,4.841744e-03,3.036956e-02
4.700582e-01,1.727987e-02,5.835575e-02,8.678162e-02,3.519780e-02,2.053728e-02,1.901182e-02,3.798626e-02,7.027864e-02,4.624387e-03,3.197559e-02,7.288593e-02,4.402680e-02,5.651467e-03,2.534859e-02
3.622928e-01,1.271594e-02,4.274058e-02,6.162251e-02,2.693430e-02,1.567605e-02,1.987197e-02,2.739882e-01,5.226970e-02,3.420470e-03,2.303425e-02,5.189343e-02,3.133653e-02,4.062604e-03,1.814064e-02
3.531093e-01,9.539599e-03,3.219709e-02,4.366065e-02,2.212350e-02,1.312557e-02,3.078589e-02,3.580936e-01,3.938532e-02,2.652327e-03,1.680546e-02,3.723153e-02,2.393232e-02,3.127920e-03,1.423002e-02
3.487974e-01,8.034434e-03,2.411785e-02,3.169298e-02,2.481406e-02,1.258197e-02,1.295021e-01,3.094614e-01,3.115057e-02,2.528130e-03,1.228720e-02,2.728129e-02,2.083014e-02,2.808157e-03,1.411230e-02
2.722541e-01,1.068128e-02,1.824309e-02,2.409245e-02,2.623587e-02,1.296325e-02,2.942788e-01,2.414175e-01,2.700467e-02,5.381310e-03,1.125299e-02,2.268996e-02,1.822740e-02,2.135186e-03,1.314219e-02
2.472838e-01,1.372690e-02,1.395594e-02,2.044720e-02,2.169790e-02,1.515857e-02,2.676734e-01,1.783286e-01,6.928746e-02,1.578001e-02,2.646013e-02,2.709197e-02,3.087388e-02,4.648272e-03,4.758592e-02
1.892956e-01,1.410155e-02,1.094840e-02,2.410647e-02,1.692830e-02,1.309032e-02,2.035016e-01,1.297942e-01,1.866784e-01,2.675084e-02,3.686184e-02,2.449670e-02,2.838198e-02,1.086489e-02,8.419886e-02
2.384581e-01,1.157640e-02,8.205344e-03,2.682512e-02,1.385619e-02,1.275911e-02,1.481639e-01,9.143990e-02,1.353725e-01,2.289340e-02,5.704245e-02,2.863712e-02,3.608312e-02,1.642105e-02,1.522662e-01
2.956952e-01,1.052901e-02,6.526179e-03,2.183300e-02,1.180914e-02,1.092407e-02,1.052328e-01,6.445796e-02,1.011729e-01,1.830679e-02,6.253535e-02,2.412196e-02,3.208229e-02,2.082850e-02,2.139448e-01
3.068944e-01,1.044649e-02,6.003820e-03,1.849245e-02,9.474714e-03,1.040189e-02,7.498441e-02,4.558456e-02,8.340858e-02,1.610214e-02,6.367711e-02,2.120433e-02,2.844611e-02,2.935708e-02,2.755219e-01
3.183354e-01,1.265138e-02,5.425050e-03,1.698344e-02,9.727158e-03,1.165479e-02,5.527159e-02,3.298121e-02,7.303645e-02,1.363457e-02,5.542557e-02,2.092598e-02,2.678844e-02,7.227225e-02,2.748866e-01
3.437144e-01,1.696591e-02,6.306230e-03,2.411388e-02,1.208575e-02,1.593488e-02,3.999854e-02,2.543685e-02,8.915330e-02,1.267674e-02,4.806879e-02,1.922344e-02,2.437116e-02,7.075471e-02,2.511954e-01
3.622847e-01,1.478599e-02,7.045607e-03,2.145762e-02,1.068292e-02,2.276994e-02,2.988363e-02,2.055762e-02,8.927858e-02,1.047281e-02,4.172448e-02,2.340634e-02,2.663364e-02,8.569930e-02,2.333167e-01
3.871015e-01,1.346295e-02,6.588111e-03,1.720920e-02,9.342252e-03,2.691852e-02,2.164938e-02,1.524403e-02,9.969784e-02,9.598161e-03,3.631951e-02,2.087536e-02,2.335112e-02,9.795156e-02,2.146905e-01
3.120393e-01,1.191725e-02,6.511943e-03,1.265919e-02,9.541310e-03,2.482593e-02,1.532790e-02,1.104453e-02,1.633308e-01,1.529945e-02,3.555379e-02,1.623847e-02,1.877172e-02,1.217170e-01,2.252214e-01
2.618542e-01,2.409806e-02,1.126657e-02,1.061879e-02,9.299332e-03,2.390055e-02,1.151838e-02,8.621198e-03,1.629016e-01,1.369878e-02,3.326374e-02,1.568051e-02,1.879730e-02,1.269562e-01,2.675248e-01
2.072831e-01,2.240241e-02,6.508116e-02,8.659294e-03,8.799750e-03,2.078744e-02,8.248826e-03,6.798282e-03,1.619496e-01,1.318043e-02,2.612888e-02,1.195231e-02,1.462833e-02,1.035975e-01,3.205027e-01
1.538595e-01,1.948174e-02,5.857327e-02,6.259359e-03,7.592311e-03,1.565328e-02,5.835417e-03,5.296712e-03,1.927887e-01,1.337992e-02,1.934433e-02,8.661058e-03,1.084746e-02,1.229806e-01,3.594463e-01
1.159796e-01,1.494566e-02,4.777395e-02,4.651187e-03,6.135175e-03,1.171605e-02,4.100670e-03,3.876669e-03,1.954635e-01,1.371119e-02,1.489551e-02,6.207880e-03,7.844993e-03,1.280658e-01,4.246321e-01
1.145739e-01,1.585942e-02,8.189457e-02,5.499902e-03,7.186096e-03,1.275786e-02,3.082978e-03,3.797580e-03,1.894791e-01,1.513619e-02,1.318835e-02,4.772546e-03,6.352650e-03,1.306016e-01,3.958174e-01
1.414696e-01,1.968831e-02,7.961550e-02,4.939795e-03,7.855620e-03,1.128459e-02,2.391962e-03,6.793692e-03,1.715984e-01,1.356453e-02,1.034670e-02,3.869748e-03,5.599575e-03,1.775470e-01,3.434350e-01
1.802566e-01,2.631129e-02,6.489619e-02,5.597655e-03,1.919890e-02,1.240165e-02,2.015334e-03,7.619460e-03,1.714171e-01,1.614004e-02,8.615537e-03,3.370594e-03,4.870732e-03,2.018162e-01,2.754728e-01
1.749037e-01,3.131799e-02,8.480370e-02,3.139486e-02,2.827924e-02,1.129621e-02,1.832970e-03,1.022314e-02,1.617793e-01,2.143275e-02,7.917220e-03,3.462477e-03,4.027321e-03,1.581796e-01,2.691496e-01
2.368396e-01,3.092812e-02,7.228538e-02,3.773520e-02,3.456502e-02,1.221580e-02,1.837579e-03,9.328758e-03,1.685245e-01,1.892049e-02,8.472746e-03,4.469445e-03,3.896173e-03,1.338789e-01,2.261024e-01
2.846490e-01,2.901174e-02,7.065112e-02,3.178643e-02,4.362645e-02,1.254985e-02,1.674480e-03,9.691739e-03,1.637544e-01,2.291627e-02,7.339732e-03,4.302151e-03,3.259046e-03,1.347562e-01,1.800314e-01
3.205251e-01,2.616343e-02,5.706273e-02,2.989685e-02,4.823270e-02,1.133750e-02,1.428467e-03,9.775050e-03,1.605608e-01,2.245725e-02,6.932099e-03,4.715015e-03,3.087922e-03,1.503933e-01,1.474319e-01
3.550042e-01,2.259592e-02,4.464335e-02,2.327824e-02,3.772246e-02,9.447114e-03,1.541876e-03,9.050381e-03,2.009468e-01,1.933280e-02,5.815198e-03,4.741562e-03,2.801547e-03,1.232848e-01,1.397938e-01
4.293577e-01,1.946292e-02,3.608783e-02,1.990479e-02,3.067850e-02,8.504273e-03,1.690089e-03,7.748460e-03,2.081610e-01,1.863873e-02,4.841140e-03,5.017253e-03,2.404479e-03,9.456793e-02,1.129349e-01
1.000000e+00,0.000000e+00,0.000000e+00,0.000000e+00,0.000000e+00,0.000000e+00,0.000000e+00,0.000000e+00,0.000000e+00,0.000000e+00,0.000000e+00,0.000000e+00,0.000000e+00,0.000000e+00,0.000000e+00
1.000000e+00,0.000000e+00,0.000000e+00,0.000000e+00,0.000000e+00,0.000000e+00,0.000000e+00,0.000000e+00,0.000000e+00,0.000000e+00,0.000000e+00,0.000000e+00,0.000000e+00,0.000000e+00,0.000000e+00
1.000000e+00,0.000000e+00,0.000000e+00,0.000000e+00,0.000000e+00,0.000000e+00,0.000000e+00,0.000000e+00,0.000000e+00,0.000000e+00,0.000000e+00,0.000000e+00,0.000000e+00,0.000000e+00,0.000000e+00
1.000000e+00,0.000000e+00,0.000000e+00,0.000000e+00,0.000000e+00,0.000000e+00,0.000000e+00,0.000000e+00,0.000000e+00,0.000000e+00,0.000000e+00,0.000000e+00,0.000000e+00,0.000000e+00,0.000000e+00
1.000000e+00,0.000000e+00,0.000000e+00,0.000000e+00,0.000000e+00,0.000000e+00,0.000000e+00,0.000000e+00,0.000000e+00,0.000000e+00,0.000000e+00,0.000000e+00,0.000000e+00,0.000000e+00,0.000000e+00
1.000000e+00,0.000000e+00,0.000000e+00,0.000000e+00,0.000000e+00,0.000000e+00,0.000000e+00,0.000000e+00,0.000000e+00,0.000000e+00,0.000000e+00,0.000000e+00,0.000000e+00,0.000000e+00,0.000000e+00
1.000000e+00,0.000000e+00,0.000000e+00,0.000000e+00,0.000000e+00,0.000000e+00,0.000000e+00,0.000000e+00,0.000000e+00,0.000000e+00,0.000000e+00,0.000000e+00,0.000000e+00,0.000000e+00,0.000000e+00
1.000000e+00,0.000000e+00,0.000000e+00,0.000000e+00,0.000000e+00,0.000000e+00,0.000000e+00,0.000000e+00,0.000000e+00,0.000000e+00,0.000000e+00,0.000000e+00,0.000000e+00,0.000000e+00,0.000000e+00
1.000000e+00,0.000000e+00,0.000000e+00,0.000000e+00,0.000000e+00,0.000000e+00,0.000000e+00,0.000000e+00,0.000000e+00,0.000000e+00,0.000000e+00,0.000000e+00,0.000000e+00,0.000000e+00,0.000000e+00
1.000000e+00,0.000000e+00,0.000000e+00,0.000000e+00,0.000000e+00,0.000000e+00,0.000000e+00,0.000000e+00,0.000000e+00,0.000000e+00,0.000000e+00,0.000000e+00,0.000000e+00,0.000000e+00,0.000000e+00
1.000000e+00,0.000000e+00,0.000000e+00,0.000000e+00,0.000000e+00,0.000000e+00,0.000000e+00,0.000000e+00,0.000000e+00,0.000000e+00,0.000000e+00,0.000000e+00,0.000000e+00,0.000000e+00,0.000000e+00
1.000000e+00,0.000000e+00,0.000000e+00,0.000000e+00,0.000000e+00,0.000000e+00,0.000000e+00,0.000000e+00,0.000000e+00,0.000000e+00,0.000000e+00,0.000000e+00,0.000000e+00,0.000000e+00,0.000000e+00
1.000000e+00,0.000000e+00,0.000000e+00,0.000000e+00,0.000000e+00,0.000000e+00,0.000000e+00,0.000000e+00,0.000000e+00,0.000000e+00,0.000000e+00,0.000000e+00,0.000000e+00,0.000000e+00,0.000000e+00
1.000000e+00,0.000000e+00,0.000000e+00,0.000000e+00,0.000000e+00,0.000000e+00,0.000000e+00,0.000000e+00,0.000000e+00,0.000000e+00,0.000000e+00,0.000000e+00,0.000000e+00,0.000000e+00,0.000000e+00
1.000000e+00,0.000000e+00,0.000000e+00,0.000000e+00,0.000000e+00,0.000000e+00,0.000000e+00,0.000000e+00,0.000000e+00,0.000000e+00,0.000000e+00,0.000000e+00,0.000000e+00,0.000000e+00,0.000000e+00
4.536169e-01,4.987530e-03,9.037186e-03,1.353956e-02,6.010649e-03,6.649073e-03,2.636857e-03,4.701692e-01,4.225277e-03,6.813415e-04,4.808048e-03,1.115178e-02,4.749424e-03,2.488423e-03,5.248650e-03
3.522852e-01,3.684520e-03,8.694681e-03,1.013980e-02,5.145117e-03,8.626837e-03,4.045328e-03,5.813570e-01,3.097759e-03,5.365188e-04,3.748859e-03,8.354641e-03,4.275850e-03,1.989369e-03,4.018481e-03
3.412978e-01,3.399565e-03,9.302466e-03,8.175774e-03,5.348112e-03,9.993426e-03,7.173949e-03,5.924979e-01,2.473395e-03,5.428680e-04,3.075284e-03,6.936071e-03,4.373761e-03,1.619295e-03,3.790312e-03
3.543013e-01,3.052385e-03,7.649719e-03,7.766734e-03,6.879577e-03,1.380558e-02,8.108859e-03,5.761071e-01,2.190512e-03,6.366489e-04,2.631101e-03,7.049062e-03,5.080655e-03,1.305254e-03,3.435405e-03
3.172265e-01,2.846071e-03,5.849686e-03,6.926492e-03,1.530843e-02,1.280129e-02,6.463702e-03,6.090353e-01,1.964344e-03,7.737268e-04,3.262354e-03,7.907486e-03,5.703043e-03,1.031802e-03,2.899798e-03
3.332477e-01,3.257551e-03,5.277333e-03,8.106956e-03,2.462962e-02,1.220374e-02,5.127137e-03,5.796589e-01,2.539600e-03,1.130286e-03,4.358831e-03,1.043908e-02,6.230269e-03,9.783022e-04,2.814704e-03
2.859978e-01,3.667844e-03,4.267175e-03,1.112461e-02,2.069885e-02,3.036023e-02,5.007966e-03,4.298462e-01,8.702509e-03,1.766571e-03,1.213241e-02,1.301393e-02,1.677965e-01,1.197153e-03,4.420321e-03
2.222043e-01,3.380579e-03,3.337994e-03,1.357520e-02,1.693081e-02,5.590266e-02,4.413674e-03,3.108851e-01,9.367925e-03,1.620156e-03,9.594520e-03,1.058931e-02,3.298208e-01,1.041571e-03,7.335456e-03
1.630836e-01,2.636083e-03,2.799194e-03,1.011820e-02,1.334271e-02,4.679297e-02,3.674310e-03,2.200604e-01,8.097699e-03,1.322361e-03,8.107741e-03,9.454750e-03,4.997988e-01,7.835428e-04,9.927671e-03
1.168818e-01,1.913602e-03,2.035165e-03,7.332755e-03,9.997303e-03,3.514193e-02,3.206259e-03,1.546524e-01,6.160999e-03,9.995208e-04,6.350227e-03,7.467475e-03,6.390272e-01,5.722858e-04,8.261190e-03
8.551233e-02,1.559171e-03,1.469876e-03,5.305993e-03,7.347262e-03,2.706538e-02,2.589409e-03,1.084550e-01,4.684553e-03,7.917527e-04,4.802969e-03,6.535532e-03,7.364895e-01,4.217241e-04,6.969641e-03
6.548008e-02,1.204805e-03,1.041290e-03,3.794219e-03,5.341789e-03,2.247964e-02,2.124757e-03,7.602822e-02,3.852682e-03,6.504449e-04,3.771340e-03,6.278117e-03,8.011733e-01,3.402328e-04,6.439072e-03
4.929927e-02,1.112303e-03,7.407161e-04,2.752703e-03,3.877087e-03,1.985329e-02,1.780024e-03,5.331682e-02,4.391738e-03,5.649906e-04,3.118872e-03,6.738631e-03,8.457779e-01,2.985622e-04,6.377071e-03
3.541223e-02,2.609799e-03,5.332027e-04,1.996882e-03,2.969874e-03,1.539431e-02,1.289298e-03,3.734196e-02,3.325818e-02,6.931531e-04,9.619097e-03,1.254226e-02,8.357568e-01,5.589639e-04,1.002390e-02
2.553108e-02,6.352967e-03,4.435582e-04,1.472176e-03,2.195236e-03,1.230792e-02,1.007768e-03,2.616997e-02,3.423984e-02,1.121231e-03,9.027703e-03,1.438704e-02,8.313202e-01,6.007201e-04,3.382253e-02
1.847604e-02,1.004777e-02,4.480270e-04,1.133957e-03,1.714786e-03,1.200101e-02,7.512513e-04,1.837989e-02,4.397586e-02,1.569525e-03,8.027848e-03,1.597923e-02,8.246297e-01,7.055555e-04,4.215952e-02
1.362693e-02,1.035457e-02,5.086759e-04,1.063071e-03,1.771639e-03,1.834658e-02,6.259673e-04,1.300897e-02,5.128410e-02,1.848654e-03,7.790691e-03,2.700816e-02,8.181416e-01,1.246370e-03,3.337401e-02
1.011319e-02,1.291787e-02,4.146124e-04,8.610671e-04,1.700942e-03,3.884143e-02,4.795139e-04,9.223844e-03,7.559914e-02,2.183882e-03,1.234689e-02,5.390034e-02,7.531893e-01,1.685093e-03,2.654278e-02
8.801962e-03,1.378848e-02,4.698510e-04,1.187779e-03,2.427557e-03,4.289644e-02,5.009573e-04,6.997749e-03,7.447837e-02,2.663154e-03,1.490095e-02,1.112799e-01,6.858373e-01,3.679092e-03,3.009042e-02
1.195807e-02,1.417788e-02,2.101091e-03,4.347621e-03,4.449986e-03,5.480176e-02,5.889980e-04,9.836898e-03,9.388746e-02,3.506955e-03,2.336937e-02,1.271756e-01,6.085719e-01,4.425511e-03,3.680085e-02
1.278269e-02,1.917275e-02,1.800117e-03,4.488481e-03,8.866288e-03,5.911170e-02,5.943298e-04,8.735182e-03,1.614425e-01,3.857117e-03,3.432898e-02,1.501926e-01,4.997854e-01,4.542610e-03,3.029919e-02
1.465926e-02,1.702909e-02,3.311768e-03,1.238450e-02,1.064794e-02,5.246260e-02,4.952917e-04,9.512091e-03,2.286741e-01,5.034561e-03,4.767390e-02,1.755333e-01,3.931104e-01,4.957371e-03,2.451386e-02
1.983194e-02,2.535329e-02,8.496987e-03,1.654795e-02,1.448447e-02,5.106522e-02,5.060235e-04,2.834998e-02,2.481419e-01,9.912567e-03,7.004753e-02,1.571815e-01,3.172966e-01,5.067649e-03,2.771632e-02
2.807641e-02,2.901378e-02,8.099267e-03,1.411968e-02,1.395175e-02,4.273164e-02,4.733867e-04,2.735799e-02,3.221372e-01,1.252961e-02,6.886171e-02,1.405635e-01,2.517744e-01,5.211135e-03,3.509842e-02
2.233681e-02,2.179010e-02,1.395940e-02,2.113793e-02,9.939517e-03,3.025045e-02,3.414764e-04,1.962983e-02,4.952332e-01,1.006754e-02,4.937834e-02,9.896688e-02,1.777834e-01,3.701637e-03,2.548353e-02
3.890335e-02,2.758283e-02,2.009197e-02,2.296772e-02,1.030163e-02,3.278935e-02,4.998408e-04,2.292998e-02,4.845514e-01,9.175408e-03,5.690084e-02,8.714277e-02,1.437493e-01,4.295230e-03,3.811844e-02
4.344793e-02,2.238719e-02,2.487482e-02,3.538010e-02,1.088207e-02,2.414585e-02,4.525931e-04,4.416457e-02,5.449945e-01,8.014053e-03,4.327888e-02,6.344429e-02,1.025533e-01,3.334682e-03,2.864516e-02
5.002137e-02,2.310537e-02,4.407124e-02,3.637850e-02,2.582728e-02,2.602602e-02,7.568798e-04,4.832979e-02,5.128521e-01,9.135568e-03,5.535408e-02,4.781599e-02,7.848402e-02,4.522749e-03,3.731900e-02
3.927084e-02,1.965240e-02,3.894774e-02,4.497997e-02,4.074481e-02,1.941269e-02,7.443333e-04,4.032344e-02,5.775502e-01,6.950695e-03,4.586108e-02,3.401496e-02,5.701317e-02,3.811814e-03,3.072189e-02
3.620795e-02,1.567572e-02,4.430726e-02,4.274049e-02,3.412936e-02,1.443399e-02,5.976947e-04,3.060879e-02,6.295772e-01,6.967991e-03,3.966199e-02,2.475757e-02,4.234459e-02,5.437408e-03,3.255193e-02
3.269965e-02,1.441881e-02,3.995969e-02,3.284532e-02,3.257044e-02,1.221542e-02,6.939470e-04,2.289733e-02,6.587490e-01,5.787285e-03,4.335646e-02,1.755530e-02,3.056577e-02,7.945224e-03,4.774031e-02
3.137692e-02,1.718497e-02,3.109354e-02,2.404862e-02,2.476780e-02,1.020176e-02,5.817506e-04,1.722590e-02,6.978504e-01,5.205549e-03,4.728580e-02,1.267514e-02,2.296586e-02,1.503880e-02,4.249712e-02
3.559426e-02,2.017373e-02,2.349611e-02,1.723057e-02,1.917201e-02,1.093784e-02,5.384395e-04,1.250699e-02,6.969369e-01,5.906936e-03,5.419385e-02,9.298696e-03,1.779158e-02,2.295718e-02,5.326487e-02
3.191459e-02,1.882276e-02,1.741543e-02,1.249688e-02,1.414119e-02,8.926961e-03,4.137976e-04,8.888203e-03,7.439165e-01,5.890204e-03,4.136584e-02,6.728354e-03,1.317760e-02,2.916474e-02,4.673690e-02
3.215855e-02,2.062559e-02,1.511477e-02,9.961675e-03,1.039317e-02,7.738326e-03,3.960801e-04,6.481982e-03,7.860979e-01,5.764714e-03,3.020588e-02,4.869412e-03,1.010178e-02,2.426064e-02,3.582951e-02
3.685492e-02,3.409009e-02,3.967084e-02,1.118911e-02,7.961385e-03,7.264353e-03,4.617702e-04,4.939497e-03,7.349645e-01,2.066393e-02,2.205446e-02,3.715342e-03,1.054319e-02,2.173037e-02,4.389619e-02
4.757699e-02,3.569690e-02,7.791015e-02,1.131253e-02,1.053461e-02,1.053094e-02,5.865021e-04,3.693462e-03,5.934824e-01,2.807585e-02,1.783928e-02,2.886560e-03,1.011680e-02,2.988457e-02,1.198725e-01
4.753725e-02,3.390080e-02,6.949007e-02,1.126542e-02,9.305148e-03,9.613789e-03,5.338858e-04,2.803658e-03,5.873983e-01,3.345281e-02,1.405759e-02,2.226023e-03,8.848810e-03,2.712090e-02,1.424456e-01
6.517316e-02,4.233442e-02,8.538368e-02,4.269249e-02,8.981850e-03,9.240524e-03,5.710238e-04,2.547440e-03,4.641578e-01,4.801880e-02,1.252547e-02,2.392723e-03,9.150753e-03,2.156694e-02,1.852629e-01
5.383403e-02,5.188221e-02,9.390679e-02,4.415110e-02,6.937828e-03,6.920198e-03,4.360110e-04,1.918154e-03,4.139023e-01,1.091533e-01,9.239199e-03,1.798658e-03,7.227456e-03,1.557458e-02,1.831182e-01
4.249053e-02,4.513510e-02,1.442609e-01,3.935861e-02,5.265544e-03,5.123637e-03,3.396016e-04,1.570793e-03,3.636549e-01,1.594914e-01,7.037726e-03,1.380879e-03,5.480649e-03,1.141667e-02,1.679931e-01
3.454214e-02,4.883096e-02,1.810916e-01,4.293602e-02,3.915350e-03,3.806586e-03,2.584316e-04,1.177180e-03,3.376755e-01,1.690611e-01,5.903400e-03,1.086273e-03,4.399193e-03,8.192116e-03,1.571241e-01
2.791620e-02,5.085352e-02,2.555531e-01,3.594078e-02,3.758283e-03,2.835877e-03,2.169094e-04,9.367139e-04,3.012445e-01,1.782146e-01,5.673270e-03,8.986626e-04,3.901517e-03,6.112614e-03,1.259435e-01
1.988471e-02,4.524333e-02,2.866398e-01,3.500845e-02,2.714481e-03,2.061299e-03,1.589478e-04,7.010647e-04,2.746234e-01,2.151468e-01,4.358859e-03,7.600466e-04,3.209925e-03,4.383567e-03,1.051054e-01
1.568880e-02,7.418816e-02,2.421418e-01,3.952907e-02,2.365340e-03,1.549094e-03,1.345936e-04,5.790644e-04,3.077982e-01,2.048106e-01,3.785196e-03,8.321002e-04,2.721643e-03,4.186251e-03,9.969010e-02
1.239166e-02,7.210636e-02,1.883301e-01,3.834625e-02,1.772610e-03,1.165402e-03,1.012659e-04,4.701895e-04,3.226471e-01,2.297046e-01,3.546356e-03,9.319638e-04,2.367491e-03,3.785034e-03,1.223336e-01
1.030300e-02,8.512029e-02,1.440037e-01,4.067988e-02,1.488786e-03,9.546778e-04,8.213675e-05,4.815068e-04,3.838516e-01,2.046631e-01,3.626555e-03,1.319528e-03,2.197010e-03,4.208674e-03,1.170195e-01
8.198201e-03,7.133208e-02,1.028849e-01,3.511285e-02,1.323811e-03,7.857219e-04,7.364024e-05,4.372230e-04,5.133615e-01,1.566607e-01,4.199761e-03,1.223061e-03,2.646454e-03,3.330483e-03,9.842965e-02
6.701889e-03,6.534145e-02,7.969979e-02,3.140803e-02,1.032335e-03,6.211601e-04,6.124974e-05,4.624026e-04,5.882221e-01,1.208771e-01,3.598983e-03,1.308794e-03,2.902296e-03,3.958113e-03,9.380424e-02
8.851137e-03,4.893706e-02,5.706346e-02,2.558532e-02,9.458612e-04,6.218384e-04,1.405237e-04,8.140173e-04,6.315693e-01,8.632227e-02,5.294088e-03,1.660190e-03,7.238659e-03,5.459298e-03,1.194970e-01
1.088803e-02,3.739258e-02,4.673922e-02,2.345764e-02,1.002677e-03,6.492306e-04,1.664881e-04,1.926393e-03,6.500944e-01,6.442285e-02,5.543101e-03,2.044477e-03,9.456920e-03,9.253209e-03,1.369628e-01
3.142276e-02,3.307645e-02,8.634613e-02,2.629912e-02,1.750624e-03,1.282616e-03,2.741527e-04,2.065629e-03,6.039662e-01,4.896421e-02,6.221668e-03,3.539278e-03,9.084025e-03,2.397178e-02,1.217354e-01
4.412464e-02,3.140469e-02,6.937639e-02,2.270799e-02,7.321395e-03,3.631040e-03,6.571770e-04,2.855700e-03,5.510911e-01,3.590534e-02,8.683129e-03,3.619853e-03,3.409575e-02,2.684665e-02,1.576791e-01
5.207047e-02,2.346154e-02,4.975731e-02,1.715991e-02,1.309371e-02,5.887671e-03,7.800099e-04,3.009817e-03,3.989779e-01,2.571443e-02,7.855189e-03,5.677015e-03,2.468280e-01,2.532269e-02,1.244044e-01
5.643360e-02,2.252221e-02,5.857870e-02,1.766272e-02,1.540341e-02,2.802449e-02,1.303979e-03,5.566580e-03,3.416908e-01,1.966924e-02,9.789407e-03,7.871641e-03,2.730424e-01,2.854487e-02,1.138959e-01
5.472438e-02,2.050834e-02,4.421046e-02,1.455979e-02,2.300906e-02,2.971002e-02,1.753121e-03,6.048823e-03,2.573676e-01,1.521768e-02,1.317124e-02,1.002320e-02,3.067222e-01,4.657459e-02,1.563995e-01
4.775143e-02,1.700451e-02,3.178900e-02,1.235559e-02,1.953501e-02,2.342216e-02,1.428471e-03,4.767886e-03,1.980262e-01,1.108284e-02,1.459970e-02,1.764187e-02,4.089878e-01,4.213811e-02,1.494695e-01
3.873949e-02,1.392384e-02,2.316936e-02,9.940570e-03,1.585156e-02,1.851315e-02,1.188147e-03,4.003594e-03,1.815506e-01,8.382741e-03,1.195538e-02,1.811862e-02,4.901153e-01,3.635760e-02,1.281901e-01
3.422802e-02,1.401648e-02,2.549076e-02,1.857208e-02,1.320366e-02,1.471710e-02,9.936645e-04,3.963798e-03,2.281466e-01,7.859507e-03,9.604532e-03,1.721838e-02,4.679822e-01,3.050101e-02,1.135023e-01
4.406384e-02,1.111185e-02,1.823642e-02,1.521434e-02,1.154774e-02,1.341187e-02,1.010285e-03,3.863982e-03,1.655958e-01,5.554331e-03,7.530834e-03,1.968152e-02,5.811229e-01,2.172818e-02,8.032601e-02
3.976416e-02,1.038256e-02,1.407966e-02,1.162578e-02,1.095119e-02,1.046514e-02,8.344500e-04,3.171345e-03,1.178577e-01,3.993258e-03,7.017922e-03,2.640992e-02,6.703275e-01,1.572578e-02,5.739367e-02
5.154805e-02,9.932589e-03,1.306116e-02,2.407734e-02,1.346560e-02,9.182576e-03,8.501487e-04,3.407666e-03,9.535145e-02,3.101454e-03,5.748798e-03,2.568977e-02,6.910586e-01,1.140695e-02,4.211778e-02
6.080671e-02,7.743335e-03,9.535786e-03,1.887332e-02,1.577655e-02,7.775591e-03,9.325532e-04,3.339726e-03,6.996811e-02,2.265080e-03,5.374028e-03,3.228173e-02,7.267879e-01,8.204186e-03,3.033540e-02
6.825459e-02,6.943862e-03,7.104034e-03,1.379371e-02,2.100905e-02,6.868716e-03,1.327673e-03,3.031157e-03,5.287215e-02,1.695495e-03,4.246919e-03,4.366814e-02,7.416188e-01,5.961838e-03,2.160390e-02
8.445674e-02,8.496625e-03,7.706293e-03,1.036547e-02,2.064592e-02,8.677419e-03,1.621927e-03,2.947153e-03,4.070749e-02,1.731013e-03,5.043098e-03,3.977131e-02,7.470518e-01,4.850004e-03,1.592775e-02
1.214998e-01,8.042902e-03,7.478599e-03,1.226607e-02,1.861482e-02,1.267146e-02,1.605110e-03,3.730203e-03,3.787637e-02,2.401937e-03,5.745372e-03,3.334493e-02,7.176880e-01,3.967823e-03,1.306660e-02
1.453438e-01,9.919459e-03,8.593491e-03,1.927436e-02,1.449587e-02,1.340039e-02,1.539892e-03,5.125763e-03,1.012436e-01,2.945042e-03,9.944377e-03,3.191663e-02,6.138029e-01,3.923222e-03,1.853121e-02
2.065690e-01,1.038358e-02,8.716170e-03,1.702494e-02,1.314551e-02,1.519423e-02,1.852410e-03,6.645020e-03,7.833140e-02,3.626939e-03,1.161192e-02,3.360102e-02,5.584413e-01,4.917964e-03,2.993853e-02
2.661222e-01,8.434529e-03,6.989383e-03,1.421867e-02,1.128341e-02,1.804045e-02,2.760067e-03,5.973081e-03,6.450303e-02,3.171237e-03,1.751788e-02,6.524681e-02,4.841453e-01,7.483290e-03,2.411071e-02
2.407212e-01,6.199819e-03,6.892218e-03,1.109012e-02,1.543541e-02,1.777260e-02,9.302408e-03,5.514294e-02,5.542299e-02,3.177258e-03,3.736014e-02,8.439663e-02,4.286111e-01,7.643105e-03,2.083212e-02
2.729484e-01,5.584799e-03,1.298965e-02,9.707971e-03,2.086656e-02,1.780815e-02,1.362653e-02,9.708145e-02,5.701296e-02,2.885588e-03,3.269223e-02,6.926669e-02,3.616366e-01,7.646224e-03,1.824619e-02
3.420048e-01,7.237718e-03,1.138285e-02,1.239423e-02,3.729100e-02,2.033515e-02,1.532327e-02,7.292962e-02,5.679624e-02,2.961067e-03,2.547451e-02,5.268437e-02,3.125371e-01,8.329529e-03,2.231859e-02
2.864161e-01,8.348215e-03,1.577380e-02,1.138626e-02,9.453319e-02,2.436560e-02,3.908576e-02,7.678500e-02,6.794819e-02,2.743972e-03,2.235813e-02,4.727602e-02,2.786208e-01,6.680731e-03,1.767821e-02
2.243351e-01,9.223479e-03,1.905096e-02,8.683915e-03,1.371124e-01,2.930154e-02,7.773923e-02,7.213329e-02,8.126807e-02,2.187927e-03,1.715934e-02,6.916586e-02,2.338392e-01,5.337291e-03,1.346232e-02
1.702394e-01,1.254225e-02,1.218048e-01,8.428239e-02,1.357887e-01,2.388208e-02,6.007489e-02,5.853499e-02,7.404655e-02,2.702941e-03,1.465011e-02,5.008483e-02,1.675214e-01,4.096353e-03,1.974824e-02
1.388443e-01,1.577232e-02,1.926580e-01,1.129035e-01,1.096357e-01,2.152524e-02,4.836159e-02,5.462523e-02,6.672989e-02,8.765280e-03,1.858412e-02,3.774416e-02,1.254216e-01,3.286794e-03,4.514232e-02
1.521801e-01,4.810429e-02,1.455533e-01,8.461564e-02,9.487829e-02,3.342273e-02,3.774876e-02,4.930324e-02,1.311567e-01,8.603025e-03,1.992772e-02,2.948502e-02,1.193573e-01,3.039584e-03,4.262419e-02
1.387555e-01,6.554502e-02,1.404205e-01,8.560400e-02,7.906717e-02,3.446789e-02,3.610743e-02,4.381663e-02,1.945299e-01,1.041974e-02,1.848102e-02,2.238142e-02,9.175251e-02,2.522764e-03,3.612856e-02
1.486759e-01,7.571156e-02,1.588968e-01,6.954639e-02,5.817088e-02,2.680750e-02,2.758299e-02,5.730350e-02,1.900307e-01,1.450439e-02,2.298925e-02,1.929491e-02,7.336009e-02,4.052055e-03,5.307305e-02
1.680265e-01,7.305573e-02,1.330385e-01,5.597532e-02,7.104609e-02,3.277748e-02,2.162830e-02,8.630840e-02,2.022127e-01,1.257372e-02,2.094016e-02,1.427096e-02,5.611044e-02,5.715991e-03,4.631957e-02
1.618826e-01,6.505030e-02,1.071112e-01,1.432880e-01,5.870935e-02,2.736190e-02,1.619957e-02,1.127806e-01,1.663082e-01,1.024987e-02,1.840749e-02,1.344838e-02,4.241983e-02,4.476185e-03,5.230652e-02
1.751075e-01,5.763548e-02,8.697383e-02,2.265256e-01,4.371263e-02,2.366406e-02,1.158658e-02,7.984546e-02,1.359456e-01,9.183608e-03,2.223189e-02,1.343596e-02,4.235453e-02,4.097803e-03,6.769942e-02
2.006572e-01,5.512780e-02,7.521909e-02,2.354231e-01,3.569812e-02,1.969300e-02,8.626061e-03,5.787979e-02,1.265156e-01,1.249562e-02,3.622519e-02,1.537251e-02,4.982005e-02,4.308275e-03,6.693859e-02
1.672400e-01,5.354993e-02,1.269134e-01,2.425223e-01,2.667289e-02,1.518652e-02,6.234841e-03,4.208963e-02,1.453435e-01,1.389215e-02,3.787056e-02,1.272427e-02,4.224687e-02,5.000316e-03,6.251284e-02
2.118627e-01,5.717866e-02,1.213508e-01,1.865488e-01,2.075667e-02,1.467123e-02,4.906593e-03,3.216218e-02,1.356112e-01,1.260860e-02,6.119559e-02,1.550604e-02,4.412566e-02,2.081314e-02,6.070213e-02
2.490058e-01,4.478696e-02,1.069859e-01,1.418368e-01,1.598966e-02,1.679203e-02,4.357811e-03,2.509415e-02,1.055203e-01,1.109153e-02,6.809582e-02,3.990658e-02,9.696364e-02,2.169842e-02,5.187464e-02
1.932509e-01,4.227487e-02,1.109523e-01,1.347291e-01,1.217811e-02,1.679815e-02,3.292936e-03,1.864462e-02,9.439094e-02,3.204416e-02,6.265131e-02,5.014598e-02,1.609775e-01,1.983659e-02,4.783250e-02
1.390443e-01,3.362951e-02,7.955284e-02,1.012788e-01,8.829204e-03,1.603010e-02,2.451152e-03,1.322517e-02,8.793833e-02,1.315983e-01,7.973450e-02,6.842518e-02,1.641095e-01,2.037404e-02,5.377899e-02
