1.000000e+00,0.000000e+00,0.000000e+00,0.000000e+00,0.000000e+00,0.000000e+00,0.000000e+00,0.000000e+00,0.000000e+00,0.000000e+00,0.000000e+00,0.000000e+00,0.000000e+00,0.000000e+00,0.000000e+00
1.000000e+00,0.000000e+00,0.000000e+00,0.000000e+00,0.000000e+00,0.000000e+00,0.000000e+00,0.000000e+00,0.000000e+00,0.000000e+00,0.000000e+00,0.000000e+00,0.000000e+00,0.000000e+00,0.000000e+00
1.000000e+00,0.000000e+00,0.000000e+00,0.000000e+00,0.000000e+00,0.000000e+00,0.000000e+00,0.000000e+00,0.000000e+00,0.000000e+00,0.000000e+00,0.000000e+00,0.000000e+00,0.000000e+00,0.000000e+00
1.000000e+00,0.000000e+00,0.000000e+00,0.000000e+00,0.000000e+00,0.000000e+00,0.000000e+00,0.000000e+00,0.000000e+00,0.000000e+00,0.000000e+00,0.000000e+00,0.000000e+00,0.000000e+00,0.000000e+00
1.000000e+00,0.000000e+00,0.000000e+00,0.000000e+00,0.000000e+00,0.000000e+00,0.000000e+00,0.000000e+00,0.000000e+00,0.000000e+00,0.000000e+00,0.000000e+00,0.000000e+00,0.000000e+00,0.000000e+00
1.000000e+00,0.000000e+00,0.000000e+00,0.000000e+00,0.000000e+00,0.000000e+00,0.000000e+00,0.000000e+00,0.000000e+00,0.000000e+00,0.000000e+00,0.000000e+00,0.000000e+00,0.000000e+00,0.000000e+00
1.000000e+00,0.000000e+00,0.000000e+00,0.000000e+00,0.000000e+00,0.000000e+00,0.000000e+00,0.000000e+00,0.000000e+00,0.000000e+00,0.000000e+00,0.000000e+00,0.000000e+00,0.000000e+00,0.000000e+00
1.000000e+00,0.000000e+00,0.000000e+00,0.000000e+00,0.000000e+00,0.000000e+00,0.000000e+00,0.000000e+00,0.000000e+00,0.000000e+00,0.000000e+00,0.000000e+00,0.000000e+00,0.000000e+00,0.000000e+00
1.000000e+00,0.000000e+00,0.000000e+00,0.000000e+00,0.000000e+00,0.000000e+00,0.000000e+00,0.000000e+00,0.000000e+00,0.000000e+00,0.000000e+00,0.000000e+00,0.000000e+00,0.000000e+00,0.000000e+00
1.000000e+00,0.000000e+00,0.000000e+00,0.000000e+00,0.000000e+00,0.000000e+00,0.000000e+00,0.000000e+00,0.000000e+00,0.000000e+00,0.000000e+00,0.000000e+00,0.000000e+00,0.000000e+00,0.000000e+00
1.000000e+00,0.000000e+00,0.000000e+00,0.000000e+00,0.000000e+00,0.000000e+00,0.000000e+00,0.000000e+00,0.000000e+00,0.000000e+00,0.000000e+00,0.000000e+00,0.000000e+00,0.000000e+00,0.000000e+00
1.000000e+00,0.000000e+00,0.000000e+00,0.000000e+00,0.000000e+00,0.000000e+00,0.000000e+00,0.000000e+00,0.000000e+00,0.000000e+00,0.000000e+00,0.000000e+00,0.000000e+00,0.000000e+00,0.000000e+00
1.000000e+00,0.000000e+00,0.000000e+00,0.000000e+00,0.000000e+00,0.000000e+00,0.000000e+00,0.000000e+00,0.000000e+00,0.000000e+00,0.000000e+00,0.000000e+00,0.000000e+00,0.000000e+00,0.000000e+00
1.000000e+00,0.000000e+00,0.000000e+00,0.000000e+00,0.000000e+00,0.000000e+00,0.000000e+00,0.000000e+00,0.000000e+00,0.000000e+00,0.000000e+00,0.000000e+00,0.000000e+00,0.000000e+00,0.000000e+00
1.000000e+00,0.000000e+00,0.000000e+00,0.000000e+00,0.000000e+00,0.000000e+00,0.000000e+00,0.000000e+00,0.000000e+00,0.000000e+00,0.000000e+00,0.000000e+00,0.000000e+00,0.000000e+00,0.000000e+00
1.000000e+00,0.000000e+00,0.000000e+00,0.000000e+00,0.000000e+00,0.000000e+00,0.000000e+00,0.000000e+00,0.000000e+00,0.000000e+00,0.000000e+00,0.000000e+00,0.000000e+00,0.000000e+00,0.000000e+00
1.000000e+00,0.000000e+00,0.000000e+00,0.000000e+00,0.000000e+00,0.000000e+00,0.000000e+00,0.000000e+00,0.000000e+00,0.000000e+00,0.000000e+00,0.000000e+00,0.000000e+00,0.000000e+00,0.000000e+00
1.000000e+00,0.000000e+00,0.000000e+00,0.000000e+00,0.000000e+00,0.000000e+00,0.000000e+00,0.000000e+00,0.000000e+00,0.000000e+00,0.000000e+00,0.000000e+00,0.000000e+00,0.000000e+00,0.000000e+00
1.000000e+00,0.000000e+00,0.000000e+00,0.000000e+00,0.000000e+00,0.000000e+00,0.000000e+00,0.000000e+00,0.000000e+00,0.000000e+00,0.000000e+00,0.000000e+00,0.000000e+00,0.000000e+00,0.000000e+00
1.000000e+00,0.000000e+00,0.000000e+00,0.000000e+00,0.000000e+00,0.000000e+00,0.000000e+00,0.000000e+00,0.000000e+00,0.000000e+00,0.000000e+00,0.000000e+00,0.000000e+00,0.000000e+00,0.000000e+00
1.000000e+00,0.000000e+00,0.000000e+00,0.000000e+00,0.000000e+00,0.000000e+00,0.000000e+00,0.000000e+00,0.000000e+00,0.000000e+00,0.000000e+00,0.000000e+00,0.000000e+00,0.000000e+00,0.000000e+00
1.000000e+00,0.000000e+00,0.000000e+00,0.000000e+00,0.000000e+00,0.000000e+00,0.000000e+00,0.000000e+00,0.000000e+00,0.000000e+00,0.000000e+00,0.000000e+00,0.000000e+00,0.000000e+00,0.000000e+00
1.000000e+00,0.000000e+00,0.000000e+00,0.000000e+00,0.000000e+00,0.000000e+00,0.000000e+00,0.000000e+00,0.000000e+00,0.000000e+00,0.000000e+00,0.000000e+00,0.000000e+00,0.000000e+00,0.000000e+00
1.000000e+00,0.000000e+00,0.000000e+00,0.000000e+00,0.000000e+00,0.000000e+00,0.000000e+00,0.000000e+00,0.000000e+00,0.000000e+00,0.000000e+00,0.000000e+00,0.000000e+00,0.000000e+00,0.000000e+00
1.000000e+00,0.000000e+00,0.000000e+00,0.000000e+00,0.000000e+00,0.000000e+00,0.000000e+00,0.000000e+00,0.000000e+00,0.000000e+00,0.000000e+00,0.000000e+00,0.000000e+00,0.000000e+00,0.000000e+00
1.000000e+00,0.000000e+00,0.000000e+00,0.000000e+00,0.000000e+00,0.000000e+00,0.000000e+00,0.000000e+00,0.000000e+00,0.000000e+00,0.000000e+00,0.000000e+00,0.000000e+00,0.000000e+00,0.000000e+00
1.000000e+00,0.000000e+00,0.000000e+00,0.000000e+00,0.000000e+00,0.000000e+00,0.000000e+00,0.000000e+00,0.000000e+00,0.000000e+00,0.000000e+00,0.000000e+00,0.000000e+00,0.000000e+00,0.000000e+00
1.000000e+00,0.000000e+00,0.000000e+00,0.000000e+00,0.000000e+00,0.000000e+00,0.000000e+00,0.000000e+00,0.000000e+00,0.000000e+00,0.000000e+00,0.000000e+00,0.000000e+00,0.000000e+00,0.000000e+00
1.000000e+00,0.000000e+00,0.000000e+00,0.000000e+00,0.000000e+00,0.000000e+00,0.000000e+00,0.000000e+00,0.000000e+00,0.000000e+00,0.000000e+00,0.000000e+00,0.000000e+00,0.000000e+00,0.000000e+00
1.000000e+00,0.000000e+00,0.000000e+00,0.000000e+00,0.000000e+00,0.000000e+00,0.000000e+00,0.000000e+00,0.000000e+00,0.000000e+00,0.000000e+00,0.000000e+00,0.000000e+00,0.000000e+00,0.000000e+00
1.000000e+00,0.000000e+00,0.000000e+00,0.000000e+00,0.000000e+00,0.000000e+00,0.000000e+00,0.000000e+00,0.000000e+00,0.000000e+00,0.000000e+00,0.000000e+00,0.000000e+00,0.000000e+00,0.000000e+00
1.000000e+00,0.000000e+00,0.000000e+00,0.000000e+00,0.000000e+00,0.000000e+00,0.000000e+00,0.000000e+00,0.000000e+00,0.000000e+00,0.000000e+00,0.000000e+00,0.000000e+00,0.000000e+00,0.000000e+00
1.000000e+00,0.000000e+00,0.000000e+00,0.000000e+00,0.000000e+00,0.000000e+00,0.000000e+00,0.000000e+00,0.000000e+00,0.000000e+00,0.000000e+00,0.000000e+00,0.000000e+00,0.000000e+00,0.000000e+00
1.000000e+00,0.000000e+00,0.000000e+00,0.000000e+00,0.000000e+00,0.000000e+00,0.000000e+00,0.000000e+00,0.000000e+00,0.000000e+00,0.000000e+00,0.000000e+00,0.000000e+00,0.000000e+00,0.000000e+00
1.000000e+00,0.000000e+00,0.000000e+00,0.000000e+00,0.000000e+00,0.000000e+00,0.000000e+00,0.000000e+00,0.000000e+00,0.000000e+00,0.000000e+00,0.000000e+00,0.000000e+00,0.000000e+00,0.000000e+00
1.000000e+00,0.000000e+00,0.000000e+00,0.000000e+00,0.000000e+00,0.000000e+00,0.000000e+00,0.000000e+00,0.000000e+00,0.000000e+00,0.000000e+00,0.000000e+00,0.000000e+00,0.000000e+00,0.000000e+00
1.000000e+00,0.000000e+00,0.000000e+00,0.000000e+00,0.000000e+00,0.000000e+00,0.000000e+00,0.000000e+00,0.000000e+00,0.000000e+00,0.000000e+00,0.000000e+00,0.000000e+00,0.000000e+00,0.000000e+00
1.000000e+00,0.000000e+00,0.000000e+00,0.000000e+00,0.000000e+00,0.000000e+00,0.000000e+00,0.000000e+00,0.000000e+00,0.000000e+00,0.000000e+00,0.000000e+00,0.000000e+00,0.000000e+00,0.000000e+00
1.000000e+00,0.000000e+00,0.000000e+00,0.000000e+00,0.000000e+00,0.000000e+00,0.000000e+00,0.000000e+00,0.000000e+00,0.000000e+00,0.000000e+00,0.000000e+00,0.000000e+00,0.000000e+00,0.000000e+00
1.000000e+00,0.000000e+00,0.000000e+00,0.000000e+00,0.000000e+00,0.000000e+00,0.000000e+00,0.000000e+00,0.000000e+00,0.000000e+00,0.000000e+00,0.000000e+00,0.000000e+00,0.000000e+00,0.000000e+00
1.000000e+00,0.000000e+00,0.000000e+00,0.000000e+00,0.000000e+00,0.000000e+00,0.000000e+00,0.000000e+00,0.000000e+00,0.000000e+00,0.000000e+00,0.000000e+00,0.000000e+00,0.000000e+00,0.000000e+00
1.000000e+00,0.000000e+00,0.000000e+00,0.000000e+00,0.000000e+00,0.000000e+00,0.000000e+00,0.000000e+00,0.000000e+00,0.000000e+00,0.000000e+00,0.000000e+00,0.000000e+00,0.000000e+00,0.000000e+00
1.000000e+00,0.000000e+00,0.000000e+00,0.000000e+00,0.000000e+00,0.000000e+00,0.000000e+00,0.000000e+00,0.000000e+00,0.000000e+00,0.000000e+00,0.000000e+00,0.000000e+00,0.000000e+00,0.000000e+00
1.000000e+00,0.000000e+00,0.000000e+00,0.000000e+00,0.000000e+00,0.000000e+00,0.000000e+00,0.000000e+00,0.000000e+00,0.000000e+00,0.000000e+00,0.000000e+00,0.000000e+00,0.000000e+00,0.000000e+00
1.000000e+00,0.000000e+00,0.000000e+00,0.000000e+00,0.000000e+00,0.000000e+00,0.000000e+00,0.000000e+00,0.000000e+00,0.000000e+00,0.000000e+00,0.000000e+00,0.000000e+00,0.000000e+00,0.000000e+00
1.000000e+00,0.000000e+00,0.000000e+00,0.000000e+00,0.000000e+00,0.000000e+00,0.000000e+00,0.000000e+00,0.000000e+00,0.000000e+00,0.000000e+00,0.000000e+00,0.000000e+00,0.000000e+00,0.000000e+00
1.000000e+00,0.000000e+00,0.000000e+00,0.000000e+00,0.000000e+00,0.000000e+00,0.000000e+00,0.000000e+00,0.000000e+00,0.000000e+00,0.000000e+00,0.000000e+00,0.000000e+00,0.000000e+00,0.000000e+00
1.000000e+00,0.000000e+00,0.000000e+00,0.000000e+00,0.000000e+00,0.000000e+00,0.000000e+00,0.000000e+00,0.000000e+00,0.000000e+00,0.000000e+00,0.000000e+00,0.000000e+00,0.000000e+00,0.000000e+00
1.000000e+00,0.000000e+00,0.000000e+00,0.000000e+00,0.000000e+00,0.000000e+00,0.000000e+00,0.000000e+00,0.000000e+00,0.000000e+00,0.000000e+00,0.000000e+00,0.000000e+00,0.000000e+00,0.000000e+00
1.000000e+00,0.000000e+00,0.000000e+00,0.000000e+00,0.000000e+00,0.000000e+00,0.000000e+00,0.000000e+00,0.000000e+00,0.000000e+00,0.000000e+00,0.000000e+00,0.000000e+00,0.000000e+00,0.000000e+00
1.000000e+00,0.000000e+00,0.000000e+00,0.000000e+00,0.000000e+00,0.000000e+00,0.000000e+00,0.000000e+00,0.000000e+00,0.000000e+00,0.000000e+00,0.000000e+00,0.000000e+00,0.000000e+00,0.000000e+00
4.535801e-01,3.316268e-02,7.009431e-03,1.661024e-01,6.165908e-03,5.202854e-02,3.865415e-03,3.234845e-02,1.475383e-02,3.807916e-03,1.949415e-02,6.588418e-02,9.126773e-02,3.119749e-03,4.740959e-02
3.178697e-01,3.343458e-02,6.798550e-03,3.048134e-01,6.826774e-03,3.725470e-02,2.799178e-03,2.275339e-02,5.686641e-02,2.824089e-03,2.610782e-02,6.139315e-02,8.080772e-02,2.572249e-03,3.687828e-02
2.231745e-01,2.653969e-02,6.946075e-03,3.033640e-01,5.772768e-03,2.895846e-02,2.136882e-03,1.601401e-02,6.456703e-02,9.605570e-03,4.558474e-02,6.786677e-02,1.171511e-01,3.838945e-03,7.847939e-02
1.582649e-01,2.174731e-02,7.485230e-03,2.874513e-01,8.661853e-03,2.244985e-02,2.189870e-03,1.177701e-02,1.088116e-01,1.626608e-02,7.975908e-02,7.893550e-02,1.264583e-01,4.232361e-03,6.550984e-02
1.120202e-01,1.570941e-02,6.485318e-03,2.213921e-01,8.921431e-03,1.768702e-02,1.658031e-03,8.908035e-03,8.264539e-02,1.466243e-02,8.618237e-02,2.350662e-01,1.370996e-01,3.455358e-03,4.810717e-02
8.115770e-02,1.207144e-02,5.205545e-03,1.657632e-01,8.185372e-03,1.712238e-02,1.485928e-03,7.495340e-03,7.832045e-02,1.074123e-02,6.561166e-02,3.250143e-01,1.794129e-01,2.834215e-03,3.957844e-02
6.027751e-02,1.029200e-02,3.976830e-03,1.284893e-01,6.661967e-03,2.999734e-02,1.271365e-03,5.527999e-03,7.852463e-02,8.156247e-03,4.980832e-02,3.299279e-01,2.472343e-01,2.732445e-03,3.712182e-02
4.388559e-02,7.970954e-03,3.515068e-03,9.500857e-02,5.482986e-03,2.957709e-02,1.087774e-03,4.402829e-03,6.085138e-02,6.140358e-03,3.964331e-02,3.310743e-01,3.347841e-01,2.748256e-03,3.382746e-02
3.290168e-02,7.279989e-03,3.111635e-03,7.004327e-02,4.402633e-03,2.602696e-02,9.001966e-04,3.442875e-03,4.590376e-02,4.763229e-03,3.787472e-02,3.334070e-01,3.951749e-01,5.907986e-03,2.885921e-02
3.227989e-02,1.430992e-02,6.242351e-02,9.415443e-02,5.075912e-03,2.293906e-02,1.065869e-03,6.366008e-03,9.238228e-02,1.125916e-02,3.838576e-02,2.448369e-01,3.148474e-01,1.590847e-02,4.376538e-02
7.540242e-02,1.329170e-02,5.525875e-02,7.295170e-02,5.217386e-03,3.740066e-02,1.846712e-03,8.304250e-03,7.650071e-02,1.037743e-02,1.156532e-01,1.968377e-01,2.589119e-01,3.206830e-02,3.997719e-02
9.481931e-02,1.010295e-02,4.584120e-02,5.267415e-02,6.560723e-03,5.014770e-02,4.183329e-02,2.666713e-02,6.088803e-02,1.159320e-02,1.599154e-01,1.575974e-01,2.122924e-01,2.937484e-02,3.969219e-02
8.699604e-02,7.512770e-03,3.560703e-02,3.927379e-02,1.077828e-02,6.547256e-02,7.499634e-02,3.729950e-02,4.872949e-02,1.111419e-02,2.110391e-01,1.294843e-01,1.855733e-01,2.265956e-02,3.346382e-02
1.200134e-01,7.531323e-03,2.836173e-02,2.898820e-02,1.416297e-02,1.599319e-01,5.711781e-02,2.856680e-02,6.351439e-02,1.066809e-02,1.578633e-01,1.084188e-01,1.707936e-01,1.690955e-02,2.715813e-02
1.136368e-01,9.734543e-03,2.838538e-02,2.261259e-02,2.045880e-02,2.460811e-01,6.987080e-02,2.215786e-02,6.824504e-02,1.501450e-02,1.117606e-01,8.043091e-02,1.553460e-01,1.295369e-02,2.331130e-02
9.470400e-02,8.029930e-03,2.203971e-02,1.672372e-02,2.220907e-02,1.923667e-01,2.049141e-01,2.472119e-02,5.859745e-02,1.320678e-02,7.936350e-02,6.644953e-02,1.583713e-01,9.284096e-03,2.901891e-02
1.120326e-01,1.998667e-02,1.933616e-02,1.623788e-02,2.038515e-02,1.465122e-01,2.089643e-01,1.880711e-02,9.095937e-02,2.080286e-02,5.835310e-02,5.195995e-02,1.645059e-01,7.647715e-03,4.350908e-02
9.326535e-02,2.514937e-02,1.864508e-02,1.713239e-02,1.983696e-02,1.319666e-01,2.093516e-01,1.667804e-02,7.839433e-02,6.093708e-02,5.805780e-02,4.427170e-02,1.604734e-01,6.758101e-03,5.908218e-02
6.591275e-02,2.973267e-02,1.778867e-02,1.333557e-02,1.495180e-02,9.435780e-02,2.285067e-01,1.274949e-02,6.012006e-02,5.812399e-02,1.802382e-01,3.832396e-02,1.201684e-01,5.442306e-03,6.024770e-02
4.901854e-02,3.559696e-02,3.620178e-02,1.828296e-02,1.304356e-02,6.844138e-02,2.136893e-01,9.795038e-03,9.127668e-02,5.210202e-02,2.052170e-01,5.118045e-02,1.006633e-01,4.653070e-03,5.083798e-02
4.048157e-02,3.404034e-02,2.762860e-02,1.886022e-02,1.935050e-02,5.085674e-02,2.054208e-01,8.023249e-03,9.679333e-02,4.545245e-02,2.408249e-01,5.110466e-02,9.460476e-02,8.234656e-03,5.832311e-02
3.133333e-02,3.137334e-02,2.144181e-02,1.727538e-02,1.646557e-02,3.682914e-02,1.495151e-01,7.238367e-03,1.637170e-01,8.330348e-02,2.035991e-01,4.093641e-02,7.307176e-02,1.734945e-02,1.065507e-01
2.428301e-02,2.887408e-02,3.477010e-02,5.485416e-02,1.508006e-02,2.802336e-02,1.054435e-01,6.083773e-03,1.649829e-01,7.205387e-02,2.109769e-01,3.602457e-02,7.404284e-02,2.905658e-02,1.154503e-01
3.318619e-02,2.344007e-02,2.765486e-02,4.142142e-02,1.275771e-02,2.238289e-02,7.494848e-02,6.552467e-03,1.373791e-01,6.465764e-02,2.236491e-01,3.837518e-02,8.851683e-02,1.009266e-01,1.041515e-01
2.910265e-02,1.829865e-02,2.722457e-02,3.642747e-02,1.123109e-02,1.723235e-02,5.270493e-02,6.210199e-03,1.417359e-01,5.821452e-02,2.492132e-01,3.701616e-02,9.345701e-02,1.175923e-01,1.043390e-01
4.791059e-02,1.420825e-02,2.441590e-02,2.913510e-02,1.002537e-02,1.452582e-02,3.712010e-02,5.218296e-03,1.198268e-01,7.867941e-02,2.546653e-01,3.102115e-02,7.639007e-02,1.625835e-01,9.427430e-02
4.930491e-02,1.102557e-02,2.212081e-02,2.434665e-02,8.662456e-03,1.588019e-02,2.618573e-02,5.409270e-03,1.134434e-01,1.418297e-01,2.163690e-01,2.470519e-02,5.682136e-02,2.031932e-01,8.070266e-02
4.796423e-02,1.101685e-02,1.956693e-02,1.947003e-02,7.480797e-03,1.573452e-02,1.845271e-02,6.241587e-03,9.869213e-02,2.053666e-01,1.764134e-01,2.008089e-02,4.153777e-02,2.415569e-01,7.042465e-02
5.641396e-02,1.314670e-02,1.589215e-02,1.570498e-02,6.416129e-03,1.592594e-02,1.302893e-02,6.231332e-03,8.341211e-02,2.680076e-01,1.870981e-01,1.742714e-02,3.009694e-02,2.140750e-01,5.712306e-02
6.026743e-02,1.879162e-02,1.920687e-02,1.380836e-02,8.880812e-03,1.376747e-02,9.763518e-03,6.407339e-03,9.332995e-02,2.210302e-01,1.907375e-01,1.894481e-02,2.383823e-02,2.518315e-01,4.939432e-02
7.243256e-02,2.157383e-02,1.716314e-02,1.108923e-02,9.191278e-03,1.197800e-02,7.355850e-03,5.345246e-03,8.388983e-02,1.936536e-01,2.448875e-01,2.499193e-02,2.025650e-02,2.366156e-01,3.957593e-02
6.193167e-02,1.861890e-02,1.556456e-02,1.160385e-02,1.106335e-02,1.306001e-02,5.429169e-03,6.065950e-03,7.231953e-02,1.883644e-01,3.146595e-01,2.470769e-02,1.858934e-02,1.977240e-01,4.029802e-02
6.928717e-02,1.837925e-02,1.456217e-02,1.206787e-02,1.423297e-02,1.594649e-02,4.156594e-03,7.254161e-03,7.522856e-02,1.847812e-01,3.290617e-01,2.329608e-02,1.676426e-02,1.737486e-01,4.123294e-02
6.313469e-02,1.744409e-02,1.599417e-02,1.172087e-02,2.785852e-02,1.433385e-02,3.733007e-03,7.293731e-03,9.519371e-02,1.830432e-01,3.333953e-01,2.106416e-02,1.383272e-02,1.506262e-01,4.133175e-02
5.820199e-02,1.943489e-02,1.901278e-02,1.008619e-02,3.071676e-02,1.754114e-02,4.108890e-03,1.476686e-02,1.517883e-01,1.803723e-01,3.005071e-01,1.797957e-02,1.146038e-02,1.272187e-01,3.680418e-02
6.390680e-02,1.472792e-02,2.007124e-02,1.169593e-02,2.993233e-02,1.798630e-02,9.790063e-03,1.047958e-01,1.171901e-01,1.559907e-01,2.777328e-01,1.910948e-02,1.172543e-02,1.170461e-01,2.829897e-02
9.242620e-02,3.009344e-02,3.021772e-02,1.353686e-02,2.982027e-02,2.128606e-02,9.657153e-03,9.832044e-02,1.000245e-01,1.490314e-01,2.653778e-01,2.671815e-02,1.142335e-02,9.656144e-02,2.550531e-02
7.512847e-02,4.239735e-02,3.209299e-02,1.120592e-02,4.883106e-02,2.592067e-02,2.181747e-02,9.507342e-02,1.217605e-01,1.321822e-01,2.671638e-01,2.394056e-02,9.282994e-03,7.259315e-02,2.060939e-02
6.968511e-02,4.272678e-02,4.650144e-02,9.618857e-03,1.384898e-01,4.282804e-02,2.878288e-02,6.982168e-02,1.392733e-01,1.154869e-01,2.036967e-01,1.732022e-02,7.469083e-03,5.275426e-02,1.554474e-02
6.356639e-02,3.955482e-02,5.407733e-02,3.342187e-02,2.314921e-01,4.316127e-02,3.424551e-02,5.912135e-02,1.255818e-01,9.961817e-02,1.470132e-01,1.278809e-02,6.085231e-03,3.782185e-02,1.245099e-02
7.343939e-02,3.516739e-02,4.729529e-02,2.946524e-02,2.669541e-01,5.941663e-02,3.163679e-02,4.396682e-02,1.204304e-01,1.296563e-01,1.100717e-01,9.704306e-03,5.043002e-03,2.795980e-02,9.792792e-03
6.005549e-02,6.276692e-02,4.446694e-02,1.887520e-01,2.272031e-01,5.218846e-02,2.394298e-02,4.475235e-02,8.519223e-02,9.205087e-02,7.840794e-02,8.454023e-03,4.180196e-03,1.981715e-02,7.769280e-03
8.737154e-02,6.444699e-02,3.713390e-02,1.538282e-01,2.870836e-01,8.218881e-02,2.011274e-02,4.096903e-02,6.829983e-02,6.823646e-02,5.630584e-02,6.703977e-03,3.408596e-03,1.436904e-02,9.541452e-03
7.387093e-02,5.003460e-02,2.806564e-02,1.269632e-01,2.449820e-01,2.541067e-01,2.309872e-02,3.265219e-02,4.874735e-02,5.015831e-02,4.025815e-02,6.338273e-03,2.847861e-03,1.022904e-02,7.646983e-03
6.241887e-02,3.540455e-02,2.001682e-02,8.925762e-02,2.166564e-01,1.985219e-01,2.267579e-01,3.199743e-02,3.491947e-02,3.604950e-02,2.837095e-02,4.620040e-03,2.223023e-03,7.272867e-03,5.512713e-03
1.084426e-01,2.693984e-02,1.559889e-02,6.367662e-02,2.082431e-01,1.885619e-01,2.417285e-01,4.820979e-02,2.655206e-02,3.144657e-02,2.091994e-02,5.247964e-03,2.503125e-03,5.815485e-03,6.113522e-03
1.733814e-01,2.222590e-02,1.464772e-02,4.667662e-02,2.449639e-01,1.467592e-01,1.998536e-01,6.703988e-02,2.208570e-02,2.816888e-02,1.556622e-02,5.258201e-03,2.475941e-03,4.324854e-03,6.571960e-03
2.297987e-01,1.923426e-02,1.230347e-02,3.563332e-02,2.466860e-01,1.200061e-01,1.907785e-01,6.998530e-02,1.829009e-02,2.441664e-02,1.229032e-02,6.044141e-03,2.952783e-03,3.672705e-03,7.907555e-03
2.540608e-01,1.612802e-02,9.651559e-03,2.798085e-02,2.240992e-01,9.234201e-02,2.492092e-01,5.938495e-02,1.410343e-02,1.950808e-02,9.421236e-03,7.163638e-03,4.156529e-03,3.043533e-03,9.746906e-03
2.919212e-01,1.261124e-02,7.556194e-03,2.121644e-02,1.850227e-01,7.361611e-02,3.050091e-01,4.412121e-02,1.108313e-02,1.456478e-02,7.692393e-03,6.026452e-03,4.748925e-03,3.085562e-03,1.172457e-02
4.013170e-01,1.120042e-02,1.054210e-02,2.272338e-02,1.417376e-01,7.281549e-02,2.322720e-01,3.265475e-02,9.730329e-03,1.258241e-02,1.236516e-02,1.087094e-02,1.078832e-02,4.659188e-03,1.374078e-02
4.752979e-01,1.063739e-02,1.308885e-02,2.193930e-02,1.098725e-01,7.549668e-02,1.810360e-01,2.555147e-02,9.291630e-03,1.165908e-02,2.134561e-02,1.157620e-02,9.159662e-03,5.842060e-03,1.820561e-02
3.801206e-01,1.158394e-02,1.935923e-02,1.895438e-02,7.827906e-02,1.578763e-01,1.290400e-01,1.895631e-02,1.005122e-02,3.113457e-02,9.725157e-02,1.139802e-02,8.171655e-03,9.726522e-03,1.809658e-02
2.774812e-01,9.750413e-03,1.842465e-02,1.559248e-02,5.568295e-02,1.555279e-01,9.066358e-02,1.400243e-02,1.202582e-02,3.784187e-02,2.468088e-01,1.172644e-02,6.484308e-03,3.067719e-02,1.730994e-02
1.971365e-01,9.585503e-03,1.340744e-02,1.112046e-02,3.935778e-02,1.106776e-01,6.351701e-02,1.083783e-02,1.806243e-02,3.625872e-02,4.163544e-01,9.685500e-03,4.745674e-03,4.489203e-02,1.436116e-02
1.426233e-01,1.085639e-02,1.108907e-02,7.994092e-03,2.919214e-02,8.219239e-02,4.460065e-02,9.004952e-03,4.063167e-02,3.299272e-02,4.357766e-01,8.739013e-03,3.872697e-03,1.256849e-01,1.474951e-02
1.018270e-01,2.955035e-02,3.511281e-02,9.117178e-03,2.314663e-02,5.981567e-02,3.141794e-02,6.734368e-03,1.270506e-01,1.032602e-01,3.503598e-01,1.168979e-02,3.374316e-03,9.309807e-02,1.444529e-02
7.368027e-02,3.096679e-02,2.792348e-02,7.354040e-03,2.038660e-02,5.056046e-02,2.236550e-02,6.138392e-03,2.005359e-01,8.777601e-02,3.333225e-01,4.116874e-02,3.746195e-03,8.156186e-02,1.251327e-02
5.304739e-02,2.619108e-02,2.009971e-02,5.997645e-03,1.643155e-02,4.147981e-02,1.621048e-02,5.675212e-03,3.214630e-01,6.422953e-02,2.923883e-01,5.191269e-02,4.520246e-03,6.628090e-02,1.407237e-02
3.797327e-02,2.681313e-02,6.624266e-02,4.052116e-02,1.487288e-02,3.305243e-02,1.149977e-02,9.225285e-03,3.823743e-01,4.845836e-02,2.178015e-01,4.074273e-02,9.992065e-03,4.916994e-02,1.126054e-02
2.822639e-02,2.596376e-02,6.050544e-02,6.562795e-02,1.497439e-02,2.773288e-02,8.219308e-03,1.147927e-02,4.167020e-01,3.847250e-02,2.029017e-01,3.286213e-02,1.698048e-02,3.709365e-02,1.225824e-02
2.102822e-02,3.005631e-02,6.713778e-02,9.570824e-02,1.280911e-02,2.578409e-02,5.915809e-03,1.935431e-02,4.055515e-01,3.061711e-02,1.719752e-01,3.069594e-02,3.273907e-02,2.868263e-02,2.194468e-02
1.588624e-02,2.903366e-02,5.522040e-02,7.387147e-02,1.694527e-02,2.392873e-02,4.628830e-03,2.161551e-02,4.105968e-01,2.435828e-02,1.603585e-01,2.609509e-02,7.126339e-02,2.313082e-02,4.306700e-02
1.226550e-02,3.172212e-02,4.487885e-02,5.876065e-02,1.492352e-02,2.086888e-02,3.886294e-03,1.683252e-02,3.720752e-01,1.932831e-02,1.324251e-01,2.663570e-02,1.691548e-01,1.940732e-02,5.683520e-02
9.301646e-03,4.818965e-02,4.531521e-02,4.707840e-02,1.339449e-02,2.488556e-02,3.884244e-03,2.145110e-02,3.711553e-01,1.521930e-02,9.839857e-02,2.992243e-02,1.843607e-01,1.788168e-02,6.956169e-02
8.202905e-03,5.920815e-02,3.608169e-02,3.449517e-02,1.580142e-02,4.435990e-02,3.478138e-03,2.449842e-02,4.089072e-01,1.233871e-02,7.111225e-02,2.431808e-02,1.658308e-01,1.562382e-02,7.574335e-02
8.479327e-03,7.436720e-02,2.635584e-02,2.565725e-02,2.378334e-02,5.738185e-02,2.826559e-03,1.859865e-02,4.885032e-01,1.015692e-02,5.067537e-02,1.752131e-02,1.225367e-01,1.147044e-02,6.168609e-02
7.751374e-03,8.598324e-02,1.976113e-02,2.556249e-02,2.622110e-02,8.046918e-02,2.403759e-03,1.539743e-02,5.251730e-01,1.074930e-02,3.647509e-02,1.246265e-02,8.927219e-02,8.551231e-03,5.376682e-02
2.183398e-02,8.090234e-02,1.587926e-02,2.299567e-02,5.378892e-02,9.948489e-02,3.265342e-03,1.397953e-02,5.186769e-01,8.509752e-03,2.600246e-02,9.181201e-03,6.981332e-02,6.367045e-03,4.931935e-02
3.302727e-02,7.311714e-02,1.745889e-02,3.816611e-02,6.107822e-02,9.218936e-02,4.042419e-03,3.588192e-02,5.124764e-01,6.217154e-03,1.851782e-02,6.615025e-03,5.932986e-02,4.633282e-03,3.724911e-02
3.940059e-02,6.357560e-02,1.344660e-02,2.969883e-02,5.695811e-02,1.580398e-01,3.916414e-03,2.925335e-02,4.930043e-01,4.618002e-03,1.312504e-02,4.760187e-03,5.396575e-02,3.386592e-03,3.285082e-02
4.908274e-02,5.662892e-02,3.919606e-02,7.096868e-02,6.344286e-02,1.457299e-01,5.739591e-03,6.124907e-02,4.080095e-01,8.234367e-03,1.058689e-02,3.963525e-03,4.110331e-02,2.814831e-03,3.324968e-02
5.623453e-02,6.186880e-02,3.423350e-02,5.464539e-02,7.914955e-02,1.388750e-01,5.389920e-03,1.115677e-01,3.753801e-01,6.408171e-03,8.187761e-03,3.630439e-03,3.525788e-02,2.411375e-03,2.675981e-02
7.019314e-02,6.428137e-02,4.291567e-02,1.231090e-01,7.523206e-02,1.063781e-01,7.004089e-03,9.921960e-02,2.926927e-01,1.676595e-02,1.100978e-02,1.323187e-02,3.926700e-02,1.946354e-03,3.675322e-02
5.041764e-02,4.973900e-02,6.491109e-02,1.415093e-01,5.806015e-02,7.721032e-02,1.576386e-02,7.511767e-02,2.543146e-01,1.449612e-02,1.478622e-02,4.161322e-02,1.082310e-01,1.453202e-03,3.237649e-02
3.660014e-02,4.115579e-02,5.327254e-02,1.377643e-01,4.307024e-02,5.927788e-02,1.332925e-02,5.419810e-02,2.312759e-01,1.636638e-02,1.727068e-02,4.892473e-02,1.991725e-01,1.903641e-03,4.641783e-02
2.614145e-02,2.903725e-02,3.764886e-02,9.894608e-02,3.184463e-02,4.256556e-02,9.542556e-03,3.853039e-02,1.739849e-01,1.243447e-02,3.657343e-02,6.465659e-02,3.553039e-01,1.886643e-03,4.090327e-02
1.882141e-02,2.117840e-02,2.691398e-02,7.623693e-02,2.417607e-02,3.060734e-02,6.785056e-03,2.816303e-02,1.505091e-01,9.903343e-03,3.678974e-02,7.120561e-02,4.586251e-01,2.123098e-03,3.796178e-02
1.375366e-02,1.758306e-02,2.010560e-02,6.259300e-02,1.769247e-02,2.383990e-02,4.797501e-03,2.055230e-02,1.639154e-01,1.268113e-02,4.969695e-02,1.104919e-01,4.467157e-01,3.249982e-03,3.233153e-02
1.005882e-02,2.761806e-02,1.954459e-02,4.837461e-02,1.279286e-02,1.727903e-02,3.377311e-03,1.471232e-02,2.188858e-01,1.226222e-02,5.930974e-02,1.140968e-01,4.115751e-01,3.802975e-03,2.630979e-02
1.089558e-02,4.366261e-02,3.436699e-02,6.295904e-02,1.684953e-02,1.417211e-02,2.412982e-03,1.113854e-02,2.493078e-01,1.141771e-02,8.574410e-02,9.597227e-02,3.241539e-01,1.344339e-02,2.350353e-02
1.298227e-02,6.870501e-02,3.708572e-02,7.920040e-02,1.347055e-02,1.186187e-02,1.781137e-03,9.135494e-03,2.478032e-01,9.234959e-03,1.285160e-01,8.168168e-02,2.445749e-01,3.004854e-02,2.391827e-02
1.272545e-02,5.489519e-02,2.745022e-02,8.369505e-02,1.058870e-02,9.773363e-03,1.301247e-03,7.046895e-03,2.314987e-01,8.178521e-03,1.862362e-01,8.498619e-02,1.890105e-01,6.255271e-02,3.006110e-02
2.372347e-02,4.779892e-02,2.004449e-02,6.951204e-02,8.960084e-03,7.787596e-03,9.563223e-04,6.137981e-03,2.422170e-01,7.890901e-03,1.762431e-01,7.603135e-02,1.486840e-01,1.193535e-01,4.465931e-02
2.770407e-02,4.549935e-02,1.443831e-02,4.993029e-02,6.525313e-03,6.382495e-03,6.992297e-04,4.612980e-03,3.121579e-01,7.009930e-03,1.506070e-01,5.702136e-02,1.075818e-01,1.373029e-01,7.252707e-02
2.921714e-02,4.490824e-02,1.030215e-02,3.680560e-02,4.787559e-03,7.585963e-03,5.113038e-04,3.307826e-03,3.097768e-01,5.668555e-03,1.409667e-01,4.569192e-02,7.982759e-02,1.583045e-01,1.223383e-01
2.159573e-02,6.602371e-02,8.203175e-03,2.629692e-02,3.503880e-03,6.651992e-03,3.753782e-04,2.365209e-03,2.530143e-01,4.277750e-03,1.063136e-01,3.289426e-02,5.773367e-02,1.495554e-01,2.611950e-01
1.741856e-02,9.292042e-02,7.168883e-03,1.949685e-02,2.603955e-03,6.432268e-03,2.839293e-04,1.703475e-03,2.015584e-01,3.470895e-03,8.555692e-02,2.666133e-02,4.431685e-02,1.400924e-01,3.503149e-01
1.333394e-02,1.448614e-01,6.632744e-03,1.380625e-02,1.947266e-03,5.403011e-03,2.175144e-04,1.285265e-03,1.535641e-01,2.624803e-03,6.363630e-02,1.954379e-02,3.306788e-02,1.379688e-01,4.021069e-01
1.093467e-02,1.634066e-01,7.334863e-03,1.032125e-02,2.943307e-03,8.558737e-03,2.177880e-04,1.198647e-03,2.151653e-01,3.403350e-03,4.548351e-02,1.398402e-02,2.531583e-02,1.270005e-01,3.647317e-01
8.638056e-03,1.802758e-01,5.792552e-03,7.728167e-03,2.937265e-03,8.991589e-03,1.908932e-04,9.798785e-04,3.072881e-01,3.097861e-03,3.251960e-02,9.918194e-03,1.863363e-02,1.159284e-01,2.970800e-01
7.724360e-03,3.442400e-01,4.406095e-03,7.518235e-03,3.186302e-03,7.043236e-03,1.490098e-04,1.264557e-03,2.625557e-01,3.387293e-03,2.376571e-02,7.054367e-03,1.338161e-02,9.216945e-02,2.221541e-01
1.499811e-02,4.416568e-01,3.659308e-03,9.403888e-03,3.656194e-03,5.938427e-03,1.499896e-04,2.747963e-03,2.175384e-01,3.853022e-03,1.915596e-02,5.305068e-03,1.005588e-02,7.844380e-02,1.834372e-01
2.462393e-02,5.005355e-01,3.542010e-03,8.710533e-03,5.709257e-03,4.773469e-03,1.440324e-04,3.315687e-03,1.931937e-01,3.889629e-03,1.877728e-02,4.365388e-03,8.264672e-03,6.313936e-02,1.570155e-01
3.726106e-02,4.843625e-01,8.612733e-03,1.145997e-02,1.163891e-02,5.641842e-03,5.234195e-04,7.481282e-03,2.192210e-01,3.282834e-03,1.679240e-02,5.651189e-03,8.587843e-03,5.508250e-02,1.244005e-01
4.511740e-02,4.713710e-01,7.422419e-03,1.011341e-02,1.760416e-02,5.352410e-03,7.024305e-04,1.501319e-02,2.446794e-01,2.539207e-03,1.299745e-02,4.817423e-03,7.976530e-03,4.842972e-02,1.058639e-01
6.439403e-02,4.176553e-01,6.815212e-03,1.891120e-02,4.171782e-02,5.696498e-03,1.369286e-03,5.523296e-02,2.352551e-01,1.997370e-03,9.734566e-03,3.908271e-03,6.378644e-03,3.560348e-02,9.533027e-02
7.289483e-02,4.285635e-01,5.274846e-03,1.507125e-02,3.774744e-02,1.065322e-02,1.164572e-03,5.437985e-02,2.240997e-01,1.498909e-03,7.094232e-03,2.922459e-03,5.392911e-03,2.591216e-02,1.073301e-01
1.039099e-01,3.618559e-01,5.645451e-03,4.855007e-02,4.562772e-02,9.810511e-03,1.916731e-03,9.540066e-02,2.016473e-01,1.323915e-03,6.499321e-03,8.264352e-03,7.119914e-03,1.918964e-02,8.323857e-02
1.400662e-01,3.041164e-01,4.963641e-03,5.906509e-02,4.308464e-02,1.015244e-02,1.917866e-03,8.579882e-02,2.289188e-01,2.211250e-03,7.893515e-03,1.172572e-02,7.660796e-03,1.649520e-02,7.592966e-02
1.112631e-01,2.237578e-01,8.541593e-03,2.063105e-01,4.200353e-02,8.781509e-03,2.105123e-03,1.196677e-01,1.789884e-01,2.400510e-03,6.789282e-03,1.022911e-02,6.410084e-03,1.225372e-02,6.049807e-02
1.477116e-01,1.633825e-01,7.113335e-02,2.027136e-01,3.583331e-02,1.058467e-02,2.999909e-03,1.021069e-01,1.597833e-01,3.014469e-03,1.240424e-02,1.674595e-02,6.527174e-03,1.208192e-02,5.297711e-02
1.234850e-01,1.222679e-01,5.377017e-02,2.433521e-01,3.055489e-02,1.573680e-02,2.315589e-03,7.329381e-02,1.576584e-01,4.627999e-03,1.885565e-02,1.315864e-02,1.984523e-02,1.084614e-02,1.102316e-01
1.213405e-01,9.760606e-02,4.082891e-02,2.288834e-01,2.377759e-02,1.420999e-02,1.921806e-03,5.396600e-02,1.930185e-01,1.012035e-02,3.102681e-02,1.661344e-02,6.191897e-02,8.517780e-03,9.624983e-02
1.131086e-01,7.360151e-02,2.909538e-02,1.804098e-01,1.904285e-02,1.667301e-02,1.639499e-03,3.992483e-02,1.929914e-01,8.018456e-03,3.422337e-02,1.628651e-02,1.940614e-01,6.430501e-03,7.449289e-02
1.094106e-01,5.615529e-02,2.298263e-02,1.417422e-01,1.543738e-02,1.284902e-02,1.340286e-03,2.992543e-02,2.944281e-01,8.850979e-03,3.239890e-02,1.261921e-02,1.975929e-01,4.972515e-03,5.929469e-02
8.111738e-02,3.951080e-02,1.644940e-02,1.002002e-01,1.272671e-02,9.860782e-03,1.035479e-03,2.168777e-02,2.111706e-01,6.240663e-03,2.386351e-02,1.113644e-02,4.182441e-01,3.597648e-03,4.315846e-02
6.621164e-02,2.835476e-02,1.257034e-02,7.122000e-02,1.440645e-02,8.526881e-03,1.085987e-03,1.650596e-02,1.526659e-01,4.566576e-03,1.909125e-02,1.297980e-02,5.557986e-01,3.106658e-03,3.290922e-02
5.307446e-02,2.077246e-02,1.002415e-02,5.101182e-02,1.131469e-02,7.206153e-03,9.069987e-04,1.255252e-02,1.130032e-01,3.883443e-03,1.565745e-02,2.223546e-02,6.459795e-01,4.719821e-03,2.765788e-02
4.114091e-02,1.648816e-02,7.746164e-03,3.715942e-02,1.149527e-02,7.267471e-03,1.061610e-03,1.022656e-02,8.639537e-02,3.071041e-03,1.465419e-02,3.535599e-02,7.034439e-01,3.519465e-03,2.097445e-02
3.143944e-02,1.352584e-02,7.137767e-03,2.641776e-02,1.122162e-02,6.484452e-03,1.283682e-03,8.823109e-03,6.158862e-02,2.832022e-03,1.518479e-02,4.780659e-02,7.324800e-01,2.682807e-03,3.109147e-02
2.262839e-02,1.101950e-02,7.772548e-03,1.871623e-02,9.527552e-03,6.891813e-03,1.092030e-03,6.540135e-03,4.354604e-02,3.899080e-03,1.273214e-02,3.511160e-02,7.456976e-01,3.017644e-03,7.180775e-02
1.661754e-02,8.580291e-03,1.253421e-02,1.329005e-02,8.029105e-03,5.746170e-03,8.169414e-04,5.250188e-03,3.110533e-02,4.096017e-03,1.014937e-02,2.510305e-02,5.624204e-01,2.593409e-03,2.936679e-01
1.290743e-02,6.748956e-03,1.062295e-02,9.610120e-03,6.625202e-03,4.818934e-03,5.850270e-04,3.776268e-03,2.221389e-02,4.087566e-03,8.098211e-03,1.771549e-02,3.962477e-01,2.252507e-03,4.936897e-01
1.062968e-02,5.024623e-03,7.767913e-03,7.067802e-03,4.874475e-03,8.119967e-03,4.811487e-04,2.837212e-03,1.608779e-02,4.343934e-03,6.610913e-03,1.249028e-02,2.799155e-01,1.860370e-03,6.318884e-01
1.075635e-02,4.597628e-03,6.771138e-03,6.347226e-03,4.196636e-03,1.161124e-02,5.080195e-04,2.485971e-03,1.287334e-02,6.398376e-03,5.512138e-03,8.907223e-03,1.980379e-01,1.632929e-03,7.193639e-01
1.468326e-02,5.619136e-03,3.275111e-02,8.434666e-03,4.613971e-03,1.047237e-02,7.355832e-04,2.846366e-03,1.402266e-02,1.160119e-02,4.780336e-03,6.534565e-03,1.390846e-01,1.493767e-03,7.423264e-01
2.241360e-02,8.812290e-03,3.020282e-02,7.419890e-03,4.157517e-03,1.089965e-02,6.532527e-04,2.613160e-03,1.977544e-02,1.319291e-02,3.734497e-03,4.686272e-03,9.810434e-02,1.525497e-03,7.718089e-01
2.525302e-02,8.851539e-03,2.391829e-02,5.580972e-03,3.772569e-03,8.752543e-03,5.759948e-04,2.023795e-03,1.934590e-02,9.996166e-03,2.873399e-03,3.419818e-03,7.002005e-02,1.919405e-03,8.136966e-01
3.958523e-02,9.749854e-03,3.784068e-02,5.723306e-03,4.304652e-03,1.239851e-02,6.277306e-04,2.772954e-03,1.804749e-02,7.808237e-03,2.218865e-03,2.554394e-03,4.978436e-02,2.090953e-03,8.044928e-01
8.690220e-02,1.802052e-02,6.858321e-02,7.873558e-03,5.218090e-03,1.702690e-02,8.207908e-04,3.294800e-03,1.719977e-02,7.501448e-03,1.742876e-03,2.259721e-03,3.651589e-02,1.977104e-03,7.250632e-01
8.965421e-02,8.026472e-02,5.988535e-02,8.816186e-03,4.473447e-03,1.477923e-02,8.840335e-04,4.117174e-03,2.316468e-02,2.152804e-02,1.424197e-03,2.152221e-03,2.876985e-02,1.753277e-03,6.583334e-01
1.024964e-01,6.209989e-02,6.558637e-02,1.009936e-02,4.822974e-03,1.121345e-02,1.091906e-03,1.099839e-02,1.833178e-02,2.515396e-02,1.116456e-03,1.875750e-03,2.079089e-02,1.606208e-03,6.627163e-01
1.104320e-01,5.276240e-02,9.382102e-02,1.121498e-02,5.343631e-03,8.682881e-03,1.166301e-03,1.200502e-02,1.589195e-02,2.439182e-02,9.304239e-04,1.615993e-03,1.540246e-02,1.413674e-03,6.449255e-01
1.014954e-01,5.823279e-02,2.539325e-01,1.316342e-02,8.332923e-03,7.986881e-03,1.743403e-03,1.240907e-02,2.259063e-02,2.733015e-02,7.919543e-04,1.334993e-03,1.249483e-02,1.389835e-03,4.767712e-01
8.511520e-02,5.419150e-02,3.986384e-01,2.008621e-02,1.478389e-02,6.895797e-03,1.970418e-03,1.422654e-02,2.164748e-02,2.484651e-02,7.187287e-04,1.252923e-03,9.852642e-03,1.173259e-03,3.446005e-01
6.700889e-02,4.410638e-02,5.236439e-01,4.147878e-02,1.628176e-02,5.486642e-03,1.888460e-03,1.199729e-02,1.623992e-02,1.976786e-02,5.831003e-04,1.056783e-03,7.142954e-03,8.442722e-04,2.424729e-01
5.703402e-02,3.500300e-02,5.658578e-01,4.269673e-02,1.313768e-02,4.714937e-03,1.365961e-03,8.603735e-03,1.348959e-02,6.123136e-02,1.202408e-02,1.686851e-03,6.594684e-03,1.363157e-03,1.751964e-01
4.089779e-02,3.783971e-02,5.958070e-01,4.469158e-02,9.643799e-03,3.997829e-03,1.015699e-03,6.304853e-03,1.560858e-02,5.229696e-02,3.794722e-02,2.437838e-03,7.313856e-03,1.167856e-02,1.325188e-01
2.911593e-02,2.975898e-02,4.679249e-01,3.223688e-02,6.936672e-03,3.279644e-03,8.660024e-04,4.524954e-03,1.441568e-02,8.048598e-02,2.157637e-01,4.091961e-03,5.993115e-03,1.083509e-02,9.377044e-02
2.094962e-02,2.321329e-02,3.535635e-01,2.339766e-02,4.966116e-03,2.998836e-03,7.315004e-04,3.284723e-03,1.515602e-02,9.259262e-02,3.686838e-01,6.089028e-03,4.885408e-03,1.281736e-02,6.667051e-02
1.539507e-02,1.875304e-02,2.534878e-01,1.680348e-02,3.952425e-03,2.986457e-03,7.105470e-04,2.507662e-03,1.184642e-02,8.591721e-02,4.701275e-01,9.581713e-03,3.804212e-03,5.688049e-02,4.724591e-02
1.158931e-02,1.474053e-02,1.791456e-01,1.207969e-02,3.180679e-03,3.269392e-03,7.009401e-04,1.921447e-03,9.599717e-03,8.720497e-02,5.597010e-01,1.035657e-02,3.090990e-03,6.922646e-02,3.419265e-02
8.324333e-03,1.052671e-02,1.255763e-01,8.867427e-03,2.621364e-03,2.581654e-03,5.364021e-04,1.399648e-03,7.551127e-03,6.274043e-02,6.766244e-01,9.318924e-03,2.447822e-03,5.596438e-02,2.491915e-02
6.187709e-03,8.347771e-03,8.871207e-02,6.933526e-03,3.840277e-03,2.154316e-03,5.241684e-04,1.082660e-03,6.711345e-03,4.822389e-02,7.286963e-01,9.461688e-03,2.366619e-03,6.543308e-02,2.132462e-02
4.508745e-03,6.267795e-03,6.266571e-02,5.171667e-03,3.315034e-03,1.761963e-03,4.271714e-04,7.929939e-04,5.532336e-03,3.739657e-02,7.774901e-01,8.611022e-03,2.234129e-03,6.523719e-02,1.858753e-02
3.525108e-03,4.641171e-03,4.520652e-02,3.914698e-03,3.408408e-03,1.794639e-03,4.031114e-04,1.239579e-03,6.874195e-03,3.910532e-02,7.596380e-01,1.007233e-02,2.794270e-03,9.359363e-02,2.378908e-02
2.653299e-03,3.324980e-03,3.205559e-02,2.852369e-03,2.643402e-03,2.593606e-03,3.608848e-04,1.052687e-03,5.447880e-03,3.387013e-02,7.946150e-01,9.085191e-03,2.819640e-03,8.709611e-02,1.952918e-02
1.997027e-03,2.379059e-03,2.258495e-02,2.071315e-03,2.135558e-03,2.313996e-03,3.950957e-04,8.925077e-04,4.486739e-03,2.896542e-02,8.209704e-01,9.804591e-03,2.473295e-03,8.386815e-02,1.466186e-02
1.788308e-03,1.975988e-03,1.698812e-02,1.796373e-03,6.540546e-03,4.148205e-03,3.904462e-03,3.040808e-03,5.255308e-03,3.304508e-02,7.924832e-01,1.335059e-02,2.944287e-03,1.012577e-01,1.148102e-02
1.508905e-03,1.984823e-03,1.333700e-02,1.448663e-03,1.682219e-02,4.985335e-03,8.436152e-03,3.521031e-03,9.519579e-03,3.778037e-02,7.701403e-01,1.558668e-02,3.002694e-03,1.034286e-01,8.497678e-03
1.834426e-03,4.614979e-03,2.513030e-02,1.455345e-03,5.833949e-02,6.201865e-03,1.014421e-02,6.988970e-03,1.249356e-02,6.607322e-02,6.787742e-01,1.381691e-02,3.022247e-03,1.026225e-01,8.487831e-03
2.094403e-03,5.538357e-03,2.447857e-02,1.250215e-03,1.494935e-01,6.761168e-03,1.203261e-02,7.010566e-03,1.101919e-02,7.166935e-02,5.942053e-01,1.210252e-02,3.005856e-03,9.133761e-02,8.000891e-03
2.468919e-03,4.716673e-03,4.460836e-02,2.253318e-03,2.406942e-01,6.039808e-03,1.327920e-02,8.839127e-02,1.224428e-02,6.493327e-02,4.282576e-01,1.199778e-02,3.343570e-03,7.055908e-02,6.212789e-03
5.449295e-03,5.875973e-03,9.470127e-02,6.898971e-03,2.986841e-01,7.342384e-03,1.973192e-02,1.111408e-01,1.376277e-02,5.579943e-02,3.099039e-01,1.013707e-02,3.432443e-03,5.121082e-02,5.928820e-03
1.197104e-02,7.199473e-03,1.006976e-01,1.292226e-02,3.643076e-01,4.085823e-02,1.619728e-02,8.768393e-02,1.544018e-02,6.613366e-02,2.209533e-01,7.684059e-03,2.846471e-03,3.761055e-02,7.494402e-03
2.461981e-02,1.161496e-02,2.094672e-01,1.161011e-02,3.244321e-01,3.957371e-02,1.416907e-02,6.596589e-02,1.495218e-02,7.872434e-02,1.584574e-01,6.655416e-03,2.932912e-03,2.735527e-02,9.469602e-03
3.955901e-02,7.677868e-02,2.496548e-01,1.004136e-02,2.532643e-01,4.123319e-02,1.184268e-02,4.926762e-02,1.311068e-02,7.835533e-02,1.163705e-01,5.238458e-03,2.524218e-03,2.086499e-02,3.189414e-02
3.233254e-02,1.036443e-01,3.837615e-01,1.294337e-02,1.926976e-01,3.030815e-02,9.199478e-03,3.568626e-02,1.051979e-02,5.724753e-02,8.223061e-02,3.844636e-03,1.871747e-03,1.480626e-02,2.890627e-02
3.887902e-02,1.213502e-01,3.960464e-01,3.463141e-02,1.686767e-01,3.148554e-02,1.204758e-02,3.100090e-02,1.048803e-02,4.749959e-02,5.881547e-02,3.349716e-03,1.835769e-03,1.066915e-02,3.322456e-02
5.701138e-02,1.243790e-01,3.581041e-01,3.460369e-02,1.976610e-01,4.806894e-02,1.676288e-02,2.885289e-02,8.933571e-03,4.427339e-02,4.186828e-02,3.372200e-03,1.695702e-03,7.915274e-03,2.649773e-02
9.415857e-02,1.251574e-01,3.078807e-01,4.272390e-02,1.707917e-01,4.374149e-02,1.438697e-02,2.994616e-02,1.033718e-02,6.031457e-02,3.264406e-02,7.886071e-03,2.821494e-03,6.569358e-03,5.064037e-02
1.061016e-01,1.189449e-01,3.157882e-01,4.830749e-02,1.493485e-01,3.967750e-02,2.265399e-02,3.880248e-02,1.044364e-02,5.425564e-02,2.472608e-02,1.368973e-02,4.358555e-03,5.496394e-03,4.740534e-02
