1.000000e+00,0.000000e+00,0.000000e+00,0.000000e+00,0.000000e+00,0.000000e+00,0.000000e+00,0.000000e+00,0.000000e+00,0.000000e+00,0.000000e+00,0.000000e+00,0.000000e+00,0.000000e+00,0.000000e+00
1.000000e+00,0.000000e+00,0.000000e+00,0.000000e+00,0.000000e+00,0.000000e+00,0.000000e+00,0.000000e+00,0.000000e+00,0.000000e+00,0.000000e+00,0.000000e+00,0.000000e+00,0.000000e+00,0.000000e+00
1.000000e+00,0.000000e+00,0.000000e+00,0.000000e+00,0.000000e+00,0.000000e+00,0.000000e+00,0.000000e+00,0.000000e+00,0.000000e+00,0.000000e+00,0.000000e+00,0.000000e+00,0.000000e+00,0.000000e+00
1.000000e+00,0.000000e+00,0.000000e+00,0.000000e+00,0.000000e+00,0.000000e+00,0.000000e+00,0.000000e+00,0.000000e+00,0.000000e+00,0.000000e+00,0.000000e+00,0.000000e+00,0.000000e+00,0.000000e+00
1.000000e+00,0.000000e+00,0.000000e+00,0.000000e+00,0.000000e+00,0.000000e+00,0.000000e+00,0.000000e+00,0.000000e+00,0.000000e+00,0.000000e+00,0.000000e+00,0.000000e+00,0.000000e+00,0.000000e+00
1.000000e+00,0.000000e+00,0.000000e+00,0.000000e+00,0.000000e+00,0.000000e+00,0.000000e+00,0.000000e+00,0.000000e+00,0.000000e+00,0.000000e+00,0.000000e+00,0.000000e+00,0.000000e+00,0.000000e+00
1.000000e+00,0.000000e+00,0.000000e+00,0.000000e+00,0.000000e+00,0.000000e+00,0.000000e+00,0.000000e+00,0.000000e+00,0.000000e+00,0.000000e+00,0.000000e+00,0.000000e+00,0.000000e+00,0.000000e+00
1.000000e+00,0.000000e+00,0.000000e+00,0.000000e+00,0.000000e+00,0.000000e+00,0.000000e+00,0.000000e+00,0.000000e+00,0.000000e+00,0.000000e+00,0.000000e+00,0.000000e+00,0.000000e+00,0.000000e+00
1.000000e+00,0.000000e+00,0.000000e+00,0.000000e+00,0.000000e+00,0.000000e+00,0.000000e+00,0.000000e+00,0.000000e+00,0.000000e+00,0.000000e+00,0.000000e+00,0.000000e+00,0.000000e+00,0.000000e+00
1.000000e+00,0.000000e+00,0.000000e+00,0.000000e+00,0.000000e+00,0.000000e+00,0.000000e+00,0.000000e+00,0.000000e+00,0.000000e+00,0.000000e+00,0.000000e+00,0.000000e+00,0.000000e+00,0.000000e+00
1.000000e+00,0.000000e+00,0.000000e+00,0.000000e+00,0.000000e+00,0.000000e+00,0.000000e+00,0.000000e+00,0.000000e+00,0.000000e+00,0.000000e+00,0.000000e+00,0.000000e+00,0.000000e+00,0.000000e+00
1.000000e+00,0.000000e+00,0.000000e+00,0.000000e+00,0.000000e+00,0.000000e+00,0.000000e+00,0.000000e+00,0.000000e+00,0.000000e+00,0.000000e+00,0.000000e+00,0.000000e+00,0.000000e+00,0.000000e+00
1.000000e+00,0.000000e+00,0.000000e+00,0.000000e+00,0.000000e+00,0.000000e+00,0.000000e+00,0.000000e+00,0.000000e+00,0.000000e+00,0.000000e+00,0.000000e+00,0.000000e+00,0.000000e+00,0.000000e+00
1.000000e+00,0.000000e+00,0.000000e+00,0.000000e+00,0.000000e+00,0.000000e+00,0.000000e+00,0.000000e+00,0.000000e+00,0.000000e+00,0.000000e+00,0.000000e+00,0.000000e+00,0.000000e+00,0.000000e+00
1.000000e+00,0.000000e+00,0.000000e+00,0.000000e+00,0.000000e+00,0.000000e+00,0.000000e+00,0.000000e+00,0.000000e+00,0.000000e+00,0.000000e+00,0.000000e+00,0.000000e+00,0.000000e+00,0.000000e+00
1.000000e+00,0.000000e+00,0.000000e+00,0.000000e+00,0.000000e+00,0.000000e+00,0.000000e+00,0.000000e+00,0.000000e+00,0.000000e+00,0.000000e+00,0.000000e+00,0.000000e+00,0.000000e+00,0.000000e+00
1.000000e+00,0.000000e+00,0.000000e+00,0.000000e+00,0.000000e+00,0.000000e+00,0.000000e+00,0.000000e+00,0.000000e+00,0.000000e+00,0.000000e+00,0.000000e+00,0.000000e+00,0.000000e+00,0.000000e+00
1.000000e+00,0.000000e+00,0.000000e+00,0.000000e+00,0.000000e+00,0.000000e+00,0.000000e+00,0.000000e+00,0.000000e+00,0.000000e+00,0.000000e+00,0.000000e+00,0.000000e+00,0.000000e+00,0.000000e+00
1.000000e+00,0.000000e+00,0.000000e+00,0.000000e+00,0.000000e+00,0.000000e+00,0.000000e+00,0.000000e+00,0.000000e+00,0.000000e+00,0.000000e+00,0.000000e+00,0.000000e+00,0.000000e+00,0.000000e+00
1.000000e+00,0.000000e+00,0.000000e+00,0.000000e+00,0.000000e+00,0.000000e+00,0.000000e+00,0.000000e+00,0.000000e+00,0.000000e+00,0.000000e+00,0.000000e+00,0.000000e+00,0.000000e+00,0.000000e+00
1.000000e+00,0.000000e+00,0.000000e+00,0.000000e+00,0.000000e+00,0.000000e+00,0.000000e+00,0.000000e+00,0.000000e+00,0.000000e+00,0.000000e+00,0.000000e+00,0.000000e+00,0.000000e+00,0.000000e+00
1.000000e+00,0.000000e+00,0.000000e+00,0.000000e+00,0.000000e+00,0.000000e+00,0.000000e+00,0.000000e+00,0.000000e+00,0.000000e+00,0.000000e+00,0.000000e+00,0.000000e+00,0.000000e+00,0.000000e+00
1.000000e+00,0.000000e+00,0.000000e+00,0.000000e+00,0.000000e+00,0.000000e+00,0.000000e+00,0.000000e+00,0.000000e+00,0.000000e+00,0.000000e+00,0.000000e+00,0.000000e+00,0.000000e+00,0.000000e+00
1.000000e+00,0.000000e+00,0.000000e+00,0.000000e+00,0.000000e+00,0.000000e+00,0.000000e+00,0.000000e+00,0.000000e+00,0.000000e+00,0.000000e+00,0.000000e+00,0.000000e+00,0.000000e+00,0.000000e+00
1.000000e+00,0.000000e+00,0.000000e+00,0.000000e+00,0.000000e+00,0.000000e+00,0.000000e+00,0.000000e+00,0.000000e+00,0.000000e+00,0.000000e+00,0.000000e+00,0.000000e+00,0.000000e+00,0.000000e+00
1.000000e+00,0.000000e+00,0.000000e+00,0.000000e+00,0.000000e+00,0.000000e+00,0.000000e+00,0.000000e+00,0.000000e+00,0.000000e+00,0.000000e+00,0.000000e+00,0.000000e+00,0.000000e+00,0.000000e+00
1.000000e+00,0.000000e+00,0.000000e+00,0.000000e+00,0.000000e+00,0.000000e+00,0.000000e+00,0.000000e+00,0.000000e+00,0.000000e+00,0.000000e+00,0.000000e+00,0.000000e+00,0.000000e+00,0.000000e+00
1.000000e+00,0.000000e+00,0.000000e+00,0.000000e+00,0.000000e+00,0.000000e+00,0.000000e+00,0.000000e+00,0.000000e+00,0.000000e+00,0.000000e+00,0.000000e+00,0.000000e+00,0.000000e+00,0.000000e+00
1.000000e+00,0.000000e+00,0.000000e+00,0.000000e+00,0.000000e+00,0.000000e+00,0.000000e+00,0.000000e+00,0.000000e+00,0.000000e+00,0.000000e+00,0.000000e+00,0.000000e+00,0.000000e+00,0.000000e+00
1.000000e+00,0.000000e+00,0.000000e+00,0.000000e+00,0.000000e+00,0.000000e+00,0.000000e+00,0.000000e+00,0.000000e+00,0.000000e+00,0.000000e+00,0.000000e+00,0.000000e+00,0.000000e+00,0.000000e+00
1.000000e+00,0.000000e+00,0.000000e+00,0.000000e+00,0.000000e+00,0.000000e+00,0.000000e+00,0.000000e+00,0.000000e+00,0.000000e+00,0.000000e+00,0.000000e+00,0.000000e+00,0.000000e+00,0.000000e+00
1.000000e+00,0.000000e+00,0.000000e+00,0.000000e+00,0.000000e+00,0.000000e+00,0.000000e+00,0.000000e+00,0.000000e+00,0.000000e+00,0.000000e+00,0.000000e+00,0.000000e+00,0.000000e+00,0.000000e+00
1.000000e+00,0.000000e+00,0.000000e+00,0.000000e+00,0.000000e+00,0.000000e+00,0.000000e+00,0.000000e+00,0.000000e+00,0.000000e+00,0.000000e+00,0.000000e+00,0.000000e+00,0.000000e+00,0.000000e+00
1.000000e+00,0.000000e+00,0.000000e+00,0.000000e+00,0.000000e+00,0.000000e+00,0.000000e+00,0.000000e+00,0.000000e+00,0.000000e+00,0.000000e+00,0.000000e+00,0.000000e+00,0.000000e+00,0.000000e+00
1.000000e+00,0.000000e+00,0.000000e+00,0.000000e+00,0.000000e+00,0.000000e+00,0.000000e+00,0.000000e+00,0.000000e+00,0.000000e+00,0.000000e+00,0.000000e+00,0.000000e+00,0.000000e+00,0.000000e+00
1.000000e+00,0.000000e+00,0.000000e+00,0.000000e+00,0.000000e+00,0.000000e+00,0.000000e+00,0.000000e+00,0.000000e+00,0.000000e+00,0.000000e+00,0.000000e+00,0.000000e+00,0.000000e+00,0.000000e+00
1.000000e+00,0.000000e+00,0.000000e+00,0.000000e+00,0.000000e+00,0.000000e+00,0.000000e+00,0.000000e+00,0.000000e+00,0.000000e+00,0.000000e+00,0.000000e+00,0.000000e+00,0.000000e+00,0.000000e+00
4.913249e-01,1.790818e-02,1.650307e-01,3.843837e-02,2.067992e-02,3.445261e-02,1.342559e-02,1.638381e-01,4.827483e-03,1.170369e-03,5.953472e-03,1.401316e-02,1.659980e-02,2.063515e-03,1.027371e-02
1.000000e+00,0.000000e+00,0.000000e+00,0.000000e+00,0.000000e+00,0.000000e+00,0.000000e+00,0.000000e+00,0.000000e+00,0.000000e+00,0.000000e+00,0.000000e+00,0.000000e+00,0.000000e+00,0.000000e+00
4.087589e-01,1.226694e-02,1.558056e-01,3.676454e-02,1.506275e-02,4.345022e-02,1.919218e-02,2.628096e-01,3.454644e-03,7.739126e-04,3.735906e-03,1.030625e-02,1.914371e-02,1.665941e-03,6.808879e-03
4.043938e-01,1.046684e-02,1.292282e-01,3.490664e-02,1.186498e-02,6.251770e-02,2.347713e-02,2.770659e-01,3.181688e-03,8.805167e-04,3.266265e-03,1.169443e-02,1.911077e-02,1.514131e-03,6.430937e-03
4.112093e-01,9.838292e-03,1.052318e-01,2.858249e-02,9.704204e-03,1.039372e-01,3.125097e-02,2.451104e-01,2.920401e-03,9.751186e-04,3.221690e-03,1.475481e-02,2.429446e-02,1.345098e-03,7.623792e-03
3.598335e-01,8.496566e-03,8.448105e-02,2.277595e-02,9.172507e-03,1.293834e-01,5.506875e-02,2.798512e-01,2.255028e-03,8.437470e-04,2.567349e-03,1.196258e-02,2.539680e-02,1.130278e-03,6.781376e-03
3.679052e-01,7.706630e-03,6.730692e-02,1.825576e-02,8.345112e-03,1.497374e-01,6.155963e-02,2.686098e-01,1.836816e-03,7.884940e-04,2.214683e-03,1.182626e-02,2.587958e-02,1.041638e-03,6.986093e-03
3.682679e-01,6.875953e-03,5.368326e-02,1.567293e-02,8.660993e-03,1.466626e-01,5.928103e-02,2.878389e-01,1.621746e-03,7.751525e-04,2.055320e-03,1.246430e-02,2.601498e-02,1.015059e-03,9.109909e-03
4.161419e-01,6.336363e-03,4.130597e-02,1.301284e-02,8.352844e-03,1.181317e-01,4.774305e-02,2.920110e-01,1.423751e-03,1.043625e-03,2.416588e-03,1.308029e-02,2.267695e-02,1.254925e-03,1.506817e-02
4.999193e-01,5.492495e-03,3.079697e-02,1.049200e-02,7.952200e-03,9.103978e-02,3.544349e-02,2.681940e-01,1.230040e-03,1.009169e-03,2.291832e-03,1.200326e-02,1.843998e-02,1.255342e-03,1.444012e-02
1.000000e+00,0.000000e+00,0.000000e+00,0.000000e+00,0.000000e+00,0.000000e+00,0.000000e+00,0.000000e+00,0.000000e+00,0.000000e+00,0.000000e+00,0.000000e+00,0.000000e+00,0.000000e+00,0.000000e+00
1.000000e+00,0.000000e+00,0.000000e+00,0.000000e+00,0.000000e+00,0.000000e+00,0.000000e+00,0.000000e+00,0.000000e+00,0.000000e+00,0.000000e+00,0.000000e+00,0.000000e+00,0.000000e+00,0.000000e+00
1.000000e+00,0.000000e+00,0.000000e+00,0.000000e+00,0.000000e+00,0.000000e+00,0.000000e+00,0.000000e+00,0.000000e+00,0.000000e+00,0.000000e+00,0.000000e+00,0.000000e+00,0.000000e+00,0.000000e+00
4.255860e-01,1.285161e-02,4.260439e-02,7.789902e-02,9.041819e-03,7.568146e-02,1.460126e-02,8.813623e-02,2.527038e-02,2.725240e-02,5.248773e-03,3.611538e-02,5.688597e-02,2.528233e-03,1.002970e-01
2.996698e-01,2.730392e-02,3.477812e-02,9.930645e-02,7.922439e-03,5.641609e-02,1.104762e-02,6.176660e-02,3.630795e-02,2.534014e-02,7.439844e-03,2.614402e-02,6.212714e-02,2.394795e-03,2.420351e-01
2.103185e-01,6.768583e-02,3.268700e-02,1.660744e-01,8.362900e-03,4.024278e-02,8.405611e-03,4.325946e-02,1.101524e-01,2.017743e-02,6.301162e-03,1.882801e-02,4.693433e-02,2.392680e-03,2.181775e-01
1.495859e-01,1.033026e-01,2.415649e-02,1.346515e-01,7.603110e-03,2.950678e-02,6.282832e-03,3.030621e-02,2.187410e-01,1.557251e-02,9.842746e-03,1.527996e-02,4.314853e-02,3.112548e-03,2.089073e-01
1.053648e-01,1.640692e-01,1.808457e-02,1.594714e-01,5.834540e-03,2.191042e-02,4.466526e-03,2.127488e-02,2.564684e-01,1.165873e-02,7.808337e-03,1.098599e-02,3.125210e-02,2.862221e-03,1.784879e-01
7.474978e-02,1.940015e-01,1.475945e-02,1.620203e-01,4.297952e-03,1.617630e-02,3.148902e-03,1.492746e-02,2.820535e-01,1.278712e-02,7.603374e-03,7.994981e-03,2.296387e-02,2.985527e-03,1.795299e-01
5.854652e-02,1.880655e-01,1.186016e-02,1.509615e-01,4.671057e-03,1.681433e-02,2.285503e-03,1.052373e-02,2.736459e-01,1.025228e-02,2.184420e-02,6.722681e-03,2.158403e-02,3.918287e-03,2.183044e-01
4.341533e-02,2.732477e-01,9.997909e-03,1.594981e-01,3.447079e-03,1.228791e-02,1.620187e-03,7.420050e-03,2.629158e-01,8.643393e-03,1.684423e-02,5.194549e-03,1.668509e-02,3.491731e-03,1.752909e-01
5.831939e-02,2.576323e-01,8.314764e-03,1.287508e-01,3.706928e-03,1.512082e-02,1.270839e-03,5.421570e-03,3.075406e-01,9.663166e-03,2.760312e-02,4.862189e-03,1.878301e-02,5.086870e-03,1.479236e-01
4.271432e-02,3.325533e-01,7.047704e-03,9.433171e-02,2.662682e-03,1.164507e-02,9.030146e-04,4.033752e-03,3.339424e-01,8.578743e-03,1.992911e-02,3.730548e-03,1.488256e-02,4.774140e-03,1.182711e-01
3.165749e-02,4.134325e-01,8.075872e-03,7.899081e-02,1.903406e-03,8.352727e-03,6.390196e-04,2.866074e-03,3.211291e-01,8.151765e-03,1.459454e-02,3.532085e-03,1.108379e-02,5.143842e-03,9.044699e-02
4.863728e-02,3.409739e-01,9.847406e-03,6.515484e-02,3.088846e-03,8.920835e-03,5.532553e-04,2.333465e-03,3.554999e-01,8.144489e-03,1.772247e-02,4.006340e-03,1.449241e-02,1.768320e-02,1.029414e-01
5.782698e-02,3.349966e-01,1.932632e-02,5.263491e-02,3.753479e-03,9.184878e-03,5.747462e-04,3.193430e-03,3.589919e-01,8.953353e-03,1.436667e-02,5.114378e-03,1.786459e-02,1.553225e-02,9.768549e-02
6.882007e-02,2.850380e-01,4.659007e-02,5.209000e-02,4.574705e-03,9.314017e-03,5.555354e-04,4.010836e-03,3.512686e-01,1.637676e-02,1.299883e-02,8.054270e-03,2.409856e-02,1.628390e-02,9.992590e-02
7.711309e-02,2.117120e-01,4.180986e-02,4.161298e-02,5.429476e-03,7.635545e-03,5.361320e-04,3.750665e-03,3.983618e-01,2.750551e-02,1.185537e-02,7.072732e-03,2.294892e-02,1.455088e-02,1.281051e-01
1.087059e-01,1.910812e-01,4.650293e-02,4.386823e-02,5.472878e-03,8.352726e-03,5.325313e-04,3.694366e-03,3.532920e-01,3.150079e-02,1.149974e-02,8.203622e-03,1.979447e-02,1.345897e-02,1.540396e-01
1.503955e-01,1.496937e-01,6.213349e-02,5.399542e-02,7.352883e-03,9.766201e-03,8.450570e-04,4.644319e-03,3.096742e-01,3.569131e-02,1.342543e-02,1.376736e-02,2.336323e-02,1.336756e-02,1.518843e-01
1.805439e-01,1.343291e-01,5.055044e-02,4.663939e-02,1.182622e-02,8.673916e-03,1.275492e-03,5.819174e-03,3.210032e-01,3.588444e-02,1.528913e-02,1.379067e-02,2.384425e-02,1.246909e-02,1.380616e-01
1.888309e-01,1.268573e-01,3.694622e-02,3.628873e-02,2.262826e-02,1.075299e-02,1.525151e-03,7.991813e-03,3.427879e-01,2.914070e-02,1.379413e-02,1.108229e-02,2.134696e-02,1.128354e-02,1.387431e-01
1.917478e-01,1.603215e-01,2.971310e-02,6.648179e-02,2.341398e-02,9.758156e-03,1.673564e-03,9.505186e-03,2.931354e-01,2.371735e-02,1.235605e-02,9.702583e-03,1.880557e-02,8.386021e-03,1.412819e-01
2.150867e-01,1.358160e-01,2.176832e-02,5.520995e-02,2.572419e-02,1.259910e-02,1.807622e-03,8.240618e-03,3.466863e-01,1.790000e-02,1.028914e-02,1.011310e-02,2.213292e-02,6.467991e-03,1.101580e-01
2.101116e-01,1.369759e-01,1.817757e-02,1.159753e-01,2.151270e-02,1.429072e-02,1.588201e-03,9.289215e-03,3.162023e-01,1.393146e-02,1.020605e-02,1.151824e-02,1.917399e-02,5.226287e-03,9.582054e-02
2.538642e-01,1.107763e-01,1.614996e-02,8.799437e-02,1.919441e-02,1.228187e-02,1.492374e-03,7.812865e-03,2.855741e-01,1.820147e-02,1.657100e-02,1.374211e-02,1.989440e-02,7.342666e-03,1.291080e-01
3.314065e-01,1.018565e-01,1.622010e-02,7.207475e-02,1.894392e-02,1.285839e-02,2.249528e-03,1.234560e-02,2.363185e-01,1.455473e-02,2.074621e-02,2.192416e-02,2.129442e-02,8.178093e-03,1.090286e-01
3.600454e-01,9.040391e-02,2.019655e-02,5.529182e-02,2.331788e-02,1.248016e-02,2.316489e-03,1.446638e-02,2.339444e-01,1.369105e-02,2.117627e-02,2.089198e-02,1.933394e-02,9.574839e-03,1.028689e-01
4.513514e-01,7.292598e-02,1.875272e-02,4.262801e-02,3.592858e-02,1.602200e-02,4.691049e-03,1.539977e-02,1.841311e-01,1.029579e-02,1.862940e-02,2.134014e-02,2.202882e-02,8.974747e-03,7.690055e-02
4.739619e-01,6.152984e-02,1.550825e-02,3.173880e-02,3.826841e-02,1.423382e-02,4.780970e-03,1.281471e-02,1.776664e-01,7.384558e-03,1.612723e-02,1.998414e-02,5.875931e-02,8.671667e-03,5.857001e-02
1.000000e+00,0.000000e+00,0.000000e+00,0.000000e+00,0.000000e+00,0.000000e+00,0.000000e+00,0.000000e+00,0.000000e+00,0.000000e+00,0.000000e+00,0.000000e+00,0.000000e+00,0.000000e+00,0.000000e+00
4.177611e-01,4.103047e-02,9.417436e-03,2.318397e-02,2.355487e-02,1.425752e-02,4.584556e-03,1.196071e-02,1.103881e-01,5.947785e-03,1.645957e-02,3.068054e-02,2.348400e-01,9.498248e-03,4.643506e-02
3.013934e-01,3.994248e-02,7.220401e-03,1.948383e-02,1.815749e-02,1.213814e-02,3.532560e-03,9.181199e-03,1.168422e-01,6.998306e-03,1.418605e-02,3.744560e-02,3.636060e-01,9.880847e-03,3.999155e-02
2.527157e-01,4.273025e-02,2.478316e-02,3.185740e-02,2.482681e-02,2.097290e-02,3.650006e-03,2.578033e-02,1.400332e-01,6.300913e-03,1.321282e-02,3.060736e-02,3.335750e-01,1.054244e-02,3.841170e-02
2.283055e-01,4.816901e-02,1.024966e-01,5.988299e-02,2.600170e-02,2.277009e-02,3.284942e-03,2.559644e-02,1.257371e-01,7.037518e-03,1.417025e-02,2.649498e-02,2.502086e-01,1.319602e-02,4.664828e-02
2.419671e-01,5.274940e-02,1.089596e-01,5.315702e-02,2.899704e-02,2.289101e-02,3.246091e-03,2.241976e-02,1.182371e-01,1.006651e-02,1.625129e-02,2.225621e-02,2.084675e-01,1.454872e-02,7.578566e-02
2.615800e-01,5.624747e-02,1.015134e-01,9.656006e-02,3.537635e-02,2.273080e-02,3.908543e-03,2.314640e-02,1.039519e-01,1.195646e-02,1.988261e-02,2.907161e-02,1.574606e-01,1.233186e-02,6.428201e-02
2.516513e-01,4.763795e-02,1.543339e-01,1.045768e-01,2.684760e-02,2.033951e-02,3.115547e-03,1.747130e-02,8.035486e-02,2.272264e-02,1.984092e-02,4.387034e-02,1.182294e-01,1.069731e-02,7.831061e-02
2.326323e-01,6.079446e-02,1.545455e-01,8.685765e-02,2.894422e-02,2.115224e-02,4.215691e-03,1.517173e-02,9.623264e-02,2.336612e-02,2.530780e-02,3.674787e-02,9.438133e-02,1.290990e-02,1.067406e-01
2.354053e-01,5.542629e-02,1.793150e-01,8.858837e-02,3.315854e-02,1.914103e-02,4.486728e-03,2.021763e-02,9.232488e-02,2.549134e-02,2.881665e-02,3.017101e-02,7.397731e-02,1.249554e-02,1.009844e-01
2.004478e-01,7.685042e-02,1.674984e-01,7.273535e-02,3.392854e-02,1.755862e-02,3.885997e-03,1.669377e-02,1.040408e-01,3.144898e-02,2.229512e-02,2.237309e-02,5.718375e-02,1.079811e-02,1.622612e-01
1.738133e-01,8.400391e-02,2.038422e-01,6.196726e-02,7.048990e-02,2.963941e-02,5.822183e-03,1.880588e-02,1.133197e-01,2.550629e-02,1.742555e-02,1.613420e-02,4.337542e-02,8.800203e-03,1.270546e-01
1.434406e-01,9.720468e-02,1.832169e-01,1.250095e-01,6.674942e-02,3.271378e-02,8.564672e-03,3.118841e-02,9.689771e-02,2.594286e-02,1.299091e-02,1.168717e-02,3.151731e-02,7.814142e-03,1.250619e-01
1.165549e-01,8.568242e-02,2.116212e-01,2.253897e-01,6.330959e-02,2.610137e-02,6.993653e-03,2.575293e-02,7.442497e-02,2.027420e-02,1.075861e-02,8.571967e-03,2.320581e-02,6.304983e-03,9.505383e-02
9.588859e-02,7.026637e-02,2.626554e-01,2.056445e-01,4.971137e-02,1.997147e-02,5.121870e-03,1.879139e-02,8.021592e-02,2.874099e-02,1.254556e-02,6.328774e-03,1.685820e-02,6.809119e-03,1.204505e-01
1.369176e-01,7.668262e-02,2.102468e-01,2.236047e-01,5.943993e-02,2.078879e-02,5.356903e-03,1.581619e-02,7.503376e-02,2.585867e-02,1.563336e-02,6.196289e-03,1.371923e-02,6.064168e-03,1.086410e-01
2.737169e-01,7.059915e-02,1.549165e-01,1.878864e-01,5.670721e-02,1.919414e-02,4.746093e-03,1.344432e-02,6.215163e-02,2.131162e-02,1.626872e-02,1.010242e-02,1.401989e-02,5.661536e-03,8.927341e-02
2.294404e-01,1.164944e-01,1.165320e-01,2.845163e-01,4.704896e-02,1.551038e-02,4.050538e-03,1.126357e-02,4.714883e-02,1.704417e-02,1.480119e-02,1.013457e-02,1.232971e-02,4.537683e-03,6.914723e-02
1.717433e-01,1.556360e-01,9.593021e-02,2.033455e-01,3.350089e-02,1.179731e-02,2.898453e-03,8.148309e-03,4.939699e-02,1.379014e-01,2.000181e-02,8.581449e-03,1.569184e-02,6.988885e-03,7.843758e-02
1.279275e-01,1.764292e-01,7.646290e-02,1.645374e-01,2.450576e-02,9.390302e-03,2.121836e-03,6.473595e-03,7.474202e-02,1.093976e-01,3.790895e-02,1.383557e-02,3.283831e-02,7.690049e-03,1.357391e-01
1.108131e-01,1.418625e-01,5.979373e-02,1.250876e-01,2.124859e-02,8.614645e-03,1.768658e-03,9.151883e-03,1.587107e-01,1.079880e-01,8.368149e-02,1.827288e-02,2.933590e-02,1.349478e-02,1.101755e-01
1.215469e-01,1.261191e-01,4.905222e-02,9.521523e-02,1.964137e-02,1.093264e-02,1.693436e-03,1.209022e-02,1.518346e-01,8.586974e-02,1.364503e-01,2.047490e-02,5.054240e-02,3.255524e-02,8.598173e-02
8.781938e-02,1.211250e-01,9.734788e-02,1.001113e-01,2.300202e-02,4.405447e-02,1.880637e-03,1.117780e-02,1.173721e-01,6.800231e-02,1.410381e-01,1.576093e-02,5.213377e-02,4.578163e-02,7.339270e-02
6.589936e-02,9.720442e-02,1.089726e-01,1.161071e-01,1.915601e-02,4.168266e-02,1.594763e-03,8.952331e-03,1.099715e-01,7.993960e-02,1.802352e-01,1.261070e-02,4.570596e-02,4.847165e-02,6.349611e-02
5.472780e-02,8.547248e-02,8.997790e-02,8.999498e-02,1.581336e-02,3.408905e-02,1.690987e-03,7.659980e-03,1.128294e-01,1.469935e-01,2.138903e-01,1.119776e-02,3.612056e-02,4.650382e-02,5.303817e-02
6.070575e-02,8.010564e-02,7.803631e-02,1.520987e-01,1.824903e-02,2.923082e-02,1.762748e-03,9.960318e-03,1.081431e-01,1.115626e-01,2.247985e-01,1.161925e-02,2.931090e-02,4.229751e-02,4.211894e-02
4.863201e-02,6.759334e-02,5.854787e-02,1.194858e-01,1.576379e-02,2.547617e-02,1.554112e-03,8.091567e-03,9.760767e-02,1.000755e-01,3.430378e-01,1.046377e-02,2.367013e-02,4.783661e-02,3.216390e-02
3.914633e-02,5.819238e-02,4.265527e-02,8.897642e-02,1.323477e-02,2.204567e-02,1.346431e-03,6.427411e-03,1.285945e-01,1.316276e-01,3.518913e-01,1.123936e-02,2.475138e-02,4.995652e-02,2.991462e-02
4.175431e-02,6.329509e-02,3.062128e-02,7.057784e-02,1.060623e-02,1.907031e-02,1.022263e-03,6.478722e-03,1.864986e-01,1.461200e-01,3.281160e-01,9.902401e-03,2.122482e-02,4.002734e-02,2.468493e-02
3.382627e-02,5.057346e-02,2.217244e-02,5.374212e-02,9.872946e-03,1.949160e-02,8.963443e-04,7.233450e-03,1.854746e-01,1.265557e-01,4.079261e-01,9.044679e-03,2.137337e-02,3.255645e-02,1.926057e-02
3.317509e-02,4.469006e-02,2.368316e-02,2.375514e-01,1.121520e-02,1.649801e-02,8.672516e-04,1.214672e-02,1.574115e-01,9.089200e-02,2.989774e-01,1.312921e-02,1.965468e-02,2.319578e-02,1.691268e-02
2.949362e-02,4.923626e-02,2.535270e-02,2.709642e-01,9.559076e-03,2.111961e-02,7.197046e-04,9.239785e-03,1.493803e-01,7.286909e-02,2.817850e-01,2.390558e-02,2.410197e-02,1.726709e-02,1.500607e-02
2.232702e-02,5.231925e-02,1.912001e-02,1.926858e-01,7.451835e-03,1.792792e-02,7.042012e-04,6.883298e-03,1.342566e-01,5.663232e-02,3.238894e-01,8.900360e-02,4.978085e-02,1.468298e-02,1.233495e-02
1.739660e-02,5.669431e-02,1.842280e-02,1.368267e-01,1.004568e-02,1.362789e-02,1.338037e-03,8.626457e-03,1.758391e-01,4.246262e-02,3.522915e-01,7.037405e-02,7.316385e-02,1.207865e-02,1.081177e-02
1.487460e-02,5.330368e-02,1.640147e-02,9.696686e-02,1.285380e-02,1.217470e-02,2.279097e-03,1.763904e-02,2.904708e-01,3.163554e-02,3.021705e-01,5.403131e-02,7.650086e-02,9.450174e-03,9.247589e-03
1.177627e-02,4.476631e-02,1.312986e-02,6.842970e-02,1.349833e-02,3.297731e-02,2.643301e-03,1.884425e-02,4.279410e-01,2.260067e-02,2.167540e-01,3.873337e-02,7.361956e-02,6.950170e-03,7.335937e-03
1.031681e-02,3.684701e-02,1.471529e-02,4.875964e-02,3.578830e-02,5.000560e-02,7.867782e-03,5.432179e-02,4.606941e-01,1.648066e-02,1.564695e-01,2.881548e-02,6.747428e-02,5.298806e-03,6.144971e-03
2.782583e-02,3.544582e-02,1.340838e-02,3.776123e-02,5.786894e-02,6.527823e-02,1.201730e-02,5.165439e-02,4.788768e-01,1.471137e-02,1.129470e-01,2.150050e-02,5.681139e-02,4.226973e-03,9.665754e-03
2.878690e-02,3.077598e-02,1.970379e-02,5.122397e-02,6.967042e-02,9.533674e-02,1.360375e-02,7.422017e-02,4.310363e-01,1.734162e-02,8.121651e-02,1.663362e-02,4.319826e-02,3.458828e-03,2.379310e-02
3.902749e-02,2.648258e-02,1.542605e-02,3.833735e-02,7.043330e-02,1.275721e-01,1.215312e-02,8.640309e-02,4.199908e-01,1.413201e-02,5.830240e-02,1.320446e-02,3.996241e-02,3.000525e-03,3.557227e-02
5.311302e-02,1.994649e-02,1.202480e-02,3.090570e-02,5.968586e-02,1.151271e-01,1.017542e-02,2.240293e-01,3.301376e-01,1.106896e-02,5.180651e-02,1.302514e-02,3.760371e-02,2.390064e-03,2.896017e-02
1.010795e-01,1.783988e-02,1.049928e-02,3.057202e-02,5.035820e-02,1.254356e-01,9.362726e-03,2.326456e-01,2.814112e-01,9.790882e-03,4.437891e-02,1.787406e-02,3.739350e-02,2.224510e-03,2.913402e-02
1.481165e-01,1.806738e-02,8.485356e-03,3.081520e-02,3.664364e-02,1.023470e-01,7.057287e-03,1.665657e-01,2.380084e-01,1.060961e-02,3.950155e-02,3.778430e-02,9.116423e-02,2.343118e-03,6.249079e-02
1.308808e-01,1.444402e-02,6.242206e-03,2.532463e-02,2.589238e-02,8.186662e-02,5.146303e-03,1.175903e-01,2.021787e-01,7.758725e-03,3.783514e-02,4.666974e-02,2.475718e-01,2.266526e-03,4.833209e-02
1.223266e-01,1.340017e-02,5.517607e-03,2.908028e-02,1.869258e-02,7.692190e-02,4.008614e-03,8.507327e-02,1.824238e-01,7.168967e-03,3.834109e-02,4.280086e-02,3.202124e-01,3.950267e-03,5.008160e-02
1.154927e-01,1.082729e-02,4.520235e-03,3.233593e-02,1.345287e-02,6.200950e-02,3.824271e-03,6.230928e-02,1.580196e-01,6.257785e-03,5.991573e-02,6.947219e-02,3.544001e-01,7.263359e-03,3.989915e-02
8.442977e-02,8.089333e-03,3.255156e-03,2.489270e-02,9.521446e-03,4.747577e-02,2.772455e-03,4.388294e-02,1.193211e-01,4.926099e-03,8.532433e-02,9.271351e-02,4.381374e-01,6.408739e-03,2.884920e-02
5.935004e-02,5.754317e-03,2.512852e-03,1.794112e-02,7.537493e-03,3.363162e-02,1.994411e-03,3.268159e-02,9.287170e-02,3.616741e-03,8.341593e-02,9.018084e-02,5.433247e-01,4.721407e-03,2.046518e-02
4.297348e-02,4.721275e-03,9.656612e-03,1.705257e-02,1.180297e-02,2.477497e-02,1.592328e-03,3.029541e-02,7.770886e-02,3.648727e-03,8.165683e-02,1.079104e-01,5.659360e-01,5.567104e-03,1.470247e-02
3.133629e-02,5.515333e-03,8.074450e-03,1.388917e-02,9.894834e-03,2.350255e-02,1.258620e-03,2.242283e-02,6.549241e-02,4.527041e-03,7.019374e-02,1.773612e-01,5.500717e-01,5.788795e-03,1.067095e-02
2.264266e-02,9.696255e-03,6.441085e-03,1.069436e-02,1.022740e-02,1.731215e-02,9.307112e-04,1.621263e-02,5.859212e-02,5.958352e-03,1.820280e-01,2.329167e-01,4.104624e-01,8.161727e-03,7.723462e-03
1.709874e-02,2.636441e-02,6.268703e-03,7.999248e-03,9.886495e-03,1.329454e-02,7.222731e-04,1.174726e-02,5.124618e-02,1.141258e-02,2.292488e-01,2.945513e-01,3.072603e-01,7.139599e-03,5.759616e-03
1.338731e-02,3.040229e-02,5.524366e-03,6.072720e-03,7.486536e-03,1.235771e-02,5.790314e-04,8.775685e-03,4.044472e-02,1.005377e-02,2.812348e-01,3.542035e-01,2.183072e-01,6.499945e-03,4.670405e-03
3.709253e-02,3.167778e-02,2.758610e-02,7.564643e-03,1.083819e-02,2.397787e-02,4.321367e-03,1.672869e-02,3.459747e-02,1.078845e-02,2.213441e-01,4.067802e-01,1.559367e-01,6.273916e-03,4.491952e-03
1.153601e-01,3.509735e-02,8.708955e-02,9.697743e-03,1.060199e-02,3.054139e-02,4.579746e-03,2.249759e-02,2.811558e-02,1.091062e-02,1.672440e-01,3.542028e-01,1.137305e-01,5.965384e-03,4.365597e-03
1.245135e-01,3.982775e-02,8.134356e-02,1.487327e-02,1.592502e-02,2.717358e-02,4.289029e-03,2.530939e-02,2.715728e-02,1.141170e-02,1.933104e-01,3.424782e-01,8.207227e-02,5.850108e-03,4.464992e-03
1.067612e-01,3.757514e-02,7.974541e-02,1.548396e-02,1.393413e-02,6.235460e-02,3.712304e-03,3.271699e-02,2.409108e-02,1.037779e-02,1.925475e-01,3.507349e-01,5.919527e-02,5.748902e-03,5.020845e-03
9.410632e-02,3.096223e-02,6.151292e-02,1.153529e-02,1.077410e-02,1.295812e-01,3.647778e-03,2.561319e-02,1.823083e-02,8.392242e-03,1.952165e-01,3.551642e-01,4.235723e-02,6.296421e-03,6.609493e-03
1.206358e-01,3.129857e-02,5.050680e-02,1.176467e-02,1.051742e-02,1.155033e-01,3.484305e-03,2.194202e-02,1.611789e-02,7.641213e-03,1.934166e-01,3.711694e-01,3.113628e-02,6.801831e-03,8.063916e-03
1.218017e-01,3.032217e-02,8.045475e-02,1.264777e-02,2.603438e-02,9.115934e-02,1.057557e-02,3.704084e-02,1.688515e-02,9.153694e-03,1.572542e-01,3.718623e-01,2.270019e-02,5.561320e-03,6.546679e-03
1.241878e-01,2.523730e-02,1.252155e-01,1.259279e-02,3.881481e-02,7.101634e-02,2.060017e-02,5.704385e-02,1.416768e-02,8.043254e-03,1.476641e-01,3.274781e-01,1.764437e-02,5.112527e-03,5.181325e-03
1.232062e-01,2.690547e-02,1.199983e-01,1.714677e-02,3.652510e-02,5.923847e-02,1.822639e-02,4.895580e-02,1.319676e-02,1.042981e-02,1.965267e-01,3.016515e-01,1.450102e-02,6.833105e-03,6.658466e-03
1.047934e-01,3.430943e-02,9.565543e-02,1.711620e-02,3.464389e-02,8.116716e-02,1.593856e-02,4.151643e-02,2.184721e-02,1.304944e-02,2.289871e-01,2.810670e-01,1.108140e-02,6.808659e-03,1.201875e-02
1.345362e-01,3.344251e-02,8.258821e-02,1.637984e-02,3.943470e-02,6.221807e-02,1.347242e-02,7.329747e-02,3.700143e-02,1.428486e-02,2.426375e-01,2.225747e-01,8.386555e-03,8.751473e-03,1.099404e-02
1.277364e-01,2.812592e-02,7.429494e-02,1.414286e-02,4.181464e-02,4.697681e-02,1.024246e-02,8.126972e-02,3.636734e-02,1.375843e-02,3.260048e-01,1.707941e-01,6.531960e-03,1.302065e-02,8.918997e-03
1.155937e-01,3.080759e-02,5.971061e-02,1.524957e-02,4.413345e-02,3.572196e-02,8.795501e-03,9.055185e-02,3.636358e-02,1.204983e-02,3.849495e-01,1.387891e-01,5.545701e-03,1.428348e-02,7.454528e-03
1.448016e-01,4.849751e-02,4.962269e-02,2.007225e-02,6.406206e-02,2.705725e-02,7.574788e-03,7.250546e-02,3.892520e-02,1.139624e-02,3.762098e-01,1.123691e-01,4.792321e-03,1.360247e-02,8.511325e-03
1.687144e-01,3.631051e-02,5.102415e-02,2.383344e-02,5.676874e-02,2.054162e-02,1.140760e-02,1.787420e-01,3.380645e-02,1.486874e-02,2.927786e-01,8.826935e-02,4.575086e-03,1.186173e-02,6.497582e-03
1.430201e-01,2.682136e-02,1.957842e-01,4.529586e-02,5.796331e-02,1.855585e-02,2.006603e-02,1.561805e-01,2.573203e-02,1.268349e-02,2.134737e-01,6.726607e-02,3.805625e-03,8.614179e-03,4.737702e-03
1.354484e-01,2.100372e-02,2.865525e-01,5.148838e-02,6.657258e-02,1.929847e-02,1.925155e-02,1.203800e-01,2.482373e-02,1.009938e-02,1.756524e-01,5.530097e-02,3.024823e-03,7.480544e-03,3.622697e-03
1.099739e-01,2.072198e-02,2.921101e-01,4.271393e-02,9.904678e-02,1.824008e-02,7.173117e-02,1.152775e-01,3.216574e-02,1.563017e-02,1.298682e-01,4.062135e-02,2.826788e-03,6.310156e-03,2.762185e-03
9.001323e-02,2.065445e-02,2.709668e-01,3.271260e-02,1.503858e-01,1.817368e-02,1.242037e-01,1.027085e-01,3.684775e-02,1.609376e-02,9.309547e-02,3.111104e-02,5.546902e-03,5.317715e-03,2.168510e-03
7.036410e-02,1.539487e-02,2.248742e-01,3.543462e-02,1.138032e-01,1.599371e-02,2.871245e-01,9.397601e-02,2.804216e-02,1.415480e-02,6.618137e-02,2.443015e-02,4.751181e-03,3.862149e-03,1.612987e-03
5.232533e-02,1.116932e-02,1.685475e-01,2.773028e-02,8.165431e-02,1.177699e-02,4.548352e-01,8.849973e-02,2.026541e-02,1.199016e-02,4.643805e-02,1.722358e-02,3.651019e-03,2.734591e-03,1.158512e-03
4.285040e-02,8.181193e-03,1.236452e-01,2.522205e-02,6.010054e-02,1.021307e-02,5.747089e-01,7.645543e-02,1.546753e-02,1.145978e-02,3.283627e-02,1.259055e-02,3.368366e-03,1.969007e-03,9.317482e-04
3.845888e-02,5.873907e-03,8.970667e-02,2.070596e-02,4.510841e-02,7.677350e-03,6.569101e-01,7.647760e-02,1.276296e-02,8.770911e-03,2.314377e-02,8.983062e-03,3.140628e-03,1.461493e-03,8.183817e-04
3.900830e-02,4.495027e-03,6.543472e-02,1.681500e-02,3.284066e-02,5.927333e-03,7.191178e-01,6.685617e-02,1.496186e-02,6.536913e-03,1.637767e-02,6.505316e-03,3.220229e-03,1.164017e-03,7.390479e-04
5.554505e-02,3.246620e-03,4.720537e-02,1.273386e-02,2.369065e-02,4.831553e-03,7.633563e-01,5.122985e-02,1.219725e-02,4.793799e-03,1.162859e-02,5.066373e-03,2.858810e-03,9.114313e-04,7.044821e-04
9.289022e-02,2.623876e-03,3.352797e-02,9.044147e-03,1.744854e-02,4.504635e-03,7.623462e-01,4.151595e-02,1.485231e-02,3.771715e-03,8.704942e-03,4.164203e-03,2.768276e-03,8.010592e-04,1.036026e-03
1.629148e-01,2.583238e-03,2.407502e-02,6.584252e-03,1.347235e-02,5.290448e-03,7.085131e-01,3.495310e-02,2.064159e-02,3.314607e-03,7.134716e-03,4.217679e-03,3.660910e-03,8.533201e-04,1.790865e-03
1.701749e-01,2.392259e-03,1.747498e-02,4.949272e-03,1.053731e-02,4.854354e-03,7.225466e-01,2.899920e-02,1.777799e-02,2.847588e-03,6.597678e-03,3.986784e-03,3.457447e-03,7.937855e-04,2.609963e-03
2.100123e-01,2.293261e-03,1.324503e-02,4.178043e-03,9.117465e-03,5.248172e-03,6.896785e-01,2.735528e-02,1.603937e-02,3.236952e-03,6.402116e-03,4.798538e-03,3.503449e-03,8.761947e-04,4.015342e-03
2.639883e-01,2.876301e-03,1.082460e-02,4.080316e-03,8.855118e-03,7.213360e-03,6.322896e-01,2.786698e-02,1.389130e-02,4.438461e-03,5.929033e-03,7.020277e-03,4.237878e-03,8.992818e-04,5.589142e-03
3.200055e-01,6.770158e-03,9.367071e-03,1.354696e-02,1.136970e-02,1.471512e-02,5.068721e-01,2.675583e-02,1.433420e-02,6.348919e-03,1.376459e-02,3.007194e-02,1.479159e-02,1.334264e-03,9.952048e-03
4.013234e-01,9.731487e-03,7.946466e-03,2.083504e-02,1.216968e-02,2.025796e-02,3.980458e-01,2.560861e-02,1.396778e-02,6.085443e-03,1.838579e-02,3.433559e-02,1.852227e-02,1.571948e-03,1.121272e-02
4.444860e-01,1.249214e-02,6.667775e-03,3.000619e-02,1.106402e-02,1.883245e-02,2.925283e-01,2.197102e-02,2.638674e-02,8.390121e-03,2.928389e-02,4.995781e-02,2.472401e-02,2.005796e-03,2.120369e-02
1.000000e+00,0.000000e+00,0.000000e+00,0.000000e+00,0.000000e+00,0.000000e+00,0.000000e+00,0.000000e+00,0.000000e+00,0.000000e+00,0.000000e+00,0.000000e+00,0.000000e+00,0.000000e+00,0.000000e+00
1.000000e+00,0.000000e+00,0.000000e+00,0.000000e+00,0.000000e+00,0.000000e+00,0.000000e+00,0.000000e+00,0.000000e+00,0.000000e+00,0.000000e+00,0.000000e+00,0.000000e+00,0.000000e+00,0.000000e+00
1.000000e+00,0.000000e+00,0.000000e+00,0.000000e+00,0.000000e+00,0.000000e+00,0.000000e+00,0.000000e+00,0.000000e+00,0.000000e+00,0.000000e+00,0.000000e+00,0.000000e+00,0.000000e+00,0.000000e+00
1.000000e+00,0.000000e+00,0.000000e+00,0.000000e+00,0.000000e+00,0.000000e+00,0.000000e+00,0.000000e+00,0.000000e+00,0.000000e+00,0.000000e+00,0.000000e+00,0.000000e+00,0.000000e+00,0.000000e+00
1.000000e+00,0.000000e+00,0.000000e+00,0.000000e+00,0.000000e+00,0.000000e+00,0.000000e+00,0.000000e+00,0.000000e+00,0.000000e+00,0.000000e+00,0.000000e+00,0.000000e+00,0.000000e+00,0.000000e+00
3.729638e-01,3.520286e-02,5.284750e-03,5.873016e-02,1.290205e-02,1.794388e-02,4.006626e-02,1.079886e-02,5.517446e-02,2.238170e-02,2.850753e-02,1.293764e-01,1.480189e-01,5.361880e-03,5.728644e-02
2.762266e-01,3.268765e-02,6.524291e-03,5.262526e-02,1.221206e-02,1.420426e-02,2.929960e-02,8.040038e-03,1.861798e-01,2.217267e-02,2.660880e-02,1.192951e-01,1.573865e-01,4.886624e-03,5.165072e-02
2.335020e-01,3.407565e-02,5.613683e-03,4.301364e-02,1.317149e-02,1.090606e-02,2.221948e-02,6.034050e-03,3.373592e-01,1.911685e-02,2.117432e-02,8.869129e-02,1.221081e-01,3.730498e-03,3.928367e-02
2.269516e-01,3.723485e-02,1.525239e-02,6.275551e-02,2.172443e-02,1.132931e-02,2.074172e-02,7.316970e-03,3.421737e-01,1.709493e-02,2.198298e-02,6.967725e-02,1.053025e-01,4.809220e-03,3.565256e-02
2.181847e-01,3.577181e-02,7.396587e-02,6.152970e-02,3.089019e-02,1.376701e-02,1.636205e-02,7.081636e-03,3.417885e-01,1.550477e-02,1.731825e-02,5.331090e-02,7.830566e-02,4.153584e-03,3.206535e-02
2.704283e-01,5.139777e-02,6.338653e-02,5.538010e-02,4.620059e-02,3.087080e-02,1.799838e-02,7.251839e-03,2.662435e-01,1.401090e-02,1.645219e-02,4.719345e-02,6.144184e-02,7.258314e-03,4.448551e-02
2.816756e-01,8.292028e-02,5.078315e-02,7.626225e-02,4.933309e-02,3.901276e-02,1.936910e-02,7.266240e-03,1.934902e-01,1.408028e-02,1.728466e-02,5.082533e-02,4.841864e-02,8.666870e-03,6.061154e-02
2.791278e-01,1.097144e-01,4.121591e-02,9.021123e-02,5.959976e-02,5.424251e-02,2.435194e-02,6.650386e-03,1.410128e-01,1.269649e-02,1.802136e-02,5.199850e-02,3.814087e-02,8.574901e-03,6.444108e-02
2.254286e-01,1.256647e-01,6.689247e-02,1.343797e-01,6.546000e-02,6.871478e-02,2.672349e-02,7.291763e-03,1.008585e-01,1.568089e-02,1.470742e-02,4.538403e-02,2.959490e-02,6.812354e-03,6.640644e-02
1.895199e-01,1.178550e-01,9.575276e-02,1.183665e-01,6.332948e-02,5.615543e-02,2.345208e-02,5.340803e-03,8.073695e-02,1.957288e-02,1.154902e-02,3.398617e-02,2.970346e-02,7.103453e-03,1.475760e-01
2.343585e-01,1.054954e-01,8.463425e-02,9.931020e-02,5.637500e-02,4.331774e-02,2.155277e-02,4.103013e-03,8.952227e-02,2.839477e-02,1.130854e-02,2.837985e-02,3.195366e-02,6.356320e-03,1.549378e-01
1.990264e-01,1.045683e-01,6.988684e-02,1.254655e-01,4.792202e-02,3.683982e-02,1.687515e-02,3.730475e-03,1.408957e-01,2.528254e-02,1.059181e-02,2.422031e-02,4.244895e-02,5.044281e-03,1.472019e-01
1.913044e-01,9.998593e-02,5.126701e-02,1.239880e-01,3.715057e-02,3.628650e-02,1.255861e-02,3.388568e-03,1.414152e-01,1.924649e-02,1.029346e-02,1.807479e-02,1.301986e-01,3.742529e-03,1.210993e-01
1.625565e-01,9.178077e-02,4.013736e-02,1.203623e-01,2.821526e-02,3.978407e-02,9.177090e-03,2.837942e-03,1.136746e-01,1.432285e-02,9.681186e-03,1.332250e-02,2.525759e-01,2.809336e-03,9.876233e-02
1.158770e-01,6.748024e-02,2.859528e-02,9.303651e-02,2.154307e-02,2.890590e-02,6.437782e-03,2.118359e-03,8.152433e-02,1.009638e-02,7.524122e-03,1.085416e-02,4.523878e-01,2.135548e-03,7.148357e-02
8.227392e-02,4.746347e-02,2.007004e-02,6.653680e-02,1.556967e-02,2.129649e-02,4.521498e-03,1.537397e-03,5.861748e-02,7.118895e-03,5.878939e-03,8.651268e-03,6.081564e-01,1.552344e-03,5.075533e-02
5.825390e-02,3.370454e-02,1.407257e-02,4.698717e-02,1.097863e-02,1.615012e-02,3.192622e-03,1.167944e-03,4.474429e-02,5.027063e-03,4.476486e-03,6.867939e-03,7.170265e-01,1.191820e-03,3.615835e-02
4.144343e-02,2.520187e-02,9.945229e-03,3.344904e-02,7.796822e-03,1.331417e-02,2.245009e-03,9.739911e-04,3.750086e-02,3.611249e-03,3.604117e-03,7.066266e-03,7.866806e-01,1.081513e-03,2.608578e-02
2.967722e-02,1.783523e-02,7.013576e-03,2.361599e-02,5.673342e-03,9.870150e-03,1.577758e-03,7.919802e-04,2.667068e-02,2.538456e-03,2.668147e-03,6.436441e-03,8.463634e-01,8.230822e-04,1.844451e-02
2.304319e-02,1.261562e-02,4.941430e-03,1.667911e-02,4.258945e-03,9.528618e-03,1.256973e-03,3.824973e-03,1.911073e-02,1.786449e-03,2.526413e-03,6.404399e-03,8.803222e-01,6.571420e-04,1.304381e-02
2.373439e-02,8.953298e-03,3.474783e-03,1.174047e-02,3.517613e-03,8.572662e-03,9.480516e-04,3.693216e-03,1.408308e-02,1.254052e-03,2.133181e-03,6.430989e-03,9.017744e-01,4.895497e-04,9.200293e-03
2.272226e-02,6.313752e-03,2.538198e-03,8.355137e-03,4.591852e-03,9.401554e-03,8.665625e-04,1.109828e-02,1.053989e-02,8.965216e-04,2.721562e-03,6.345146e-03,9.064374e-01,3.832592e-04,6.788642e-03
1.962725e-02,4.530115e-03,2.299715e-03,6.058676e-03,5.739824e-03,1.227386e-02,8.160800e-04,1.027819e-02,8.113429e-03,6.950524e-04,4.598396e-03,9.906980e-03,9.094781e-01,3.227232e-04,5.261614e-03
1.684854e-02,3.229615e-03,2.008317e-03,4.336310e-03,9.038532e-03,1.461528e-02,8.416823e-04,8.717126e-03,6.096198e-03,5.199977e-04,5.892986e-03,1.408446e-02,9.095421e-01,2.430423e-04,3.985845e-03
1.388926e-02,2.333781e-03,1.661226e-03,3.160917e-03,6.895266e-03,2.693134e-02,6.332948e-04,7.006857e-03,4.555038e-03,4.158580e-04,6.101331e-03,1.751061e-02,9.058621e-01,1.945076e-04,2.848636e-03
1.143566e-02,1.695705e-03,1.948441e-03,2.346918e-03,5.751565e-03,2.383021e-02,5.627792e-04,5.985923e-03,3.680471e-03,3.732942e-04,5.959207e-03,2.149919e-02,9.126200e-01,1.539958e-04,2.156645e-03
9.102735e-03,1.779401e-03,2.975157e-03,1.820187e-03,4.177851e-03,1.986570e-02,4.748606e-04,4.814346e-03,6.114723e-03,4.915893e-04,5.397378e-03,2.456586e-02,9.166023e-01,1.422722e-04,1.675711e-03
1.451417e-02,1.624002e-03,1.269356e-02,2.196008e-03,8.654378e-03,2.740031e-02,3.911979e-03,5.003093e-02,1.161224e-02,2.252091e-03,1.787548e-02,2.777423e-02,8.114117e-01,6.610114e-04,7.387864e-03
2.805990e-02,6.976976e-03,3.545184e-02,3.459109e-03,1.377069e-02,5.798563e-02,3.463330e-03,5.370725e-02,6.877185e-02,3.540866e-03,2.238060e-02,2.807309e-02,6.609331e-01,1.326763e-03,1.209894e-02
2.408127e-02,8.427156e-03,1.949960e-01,3.249319e-02,2.372728e-02,5.139311e-02,2.911286e-03,4.667592e-02,7.925820e-02,4.173616e-03,1.746617e-02,2.205694e-02,4.794017e-01,1.039695e-03,1.189849e-02
2.728504e-02,1.091979e-02,2.257518e-01,3.212173e-02,2.346104e-02,7.025693e-02,4.174510e-03,4.044766e-02,1.480404e-01,5.981909e-03,1.419709e-02,1.664848e-02,3.533430e-01,8.412684e-04,2.652946e-02
2.496288e-02,2.325865e-02,1.722040e-01,2.450760e-02,2.315754e-02,9.141299e-02,5.254353e-03,2.935803e-02,3.004921e-01,4.641969e-03,1.072915e-02,1.205864e-02,2.513179e-01,6.182380e-04,2.602594e-02
2.131779e-02,4.194672e-02,1.503517e-01,3.242831e-02,2.025732e-02,7.883689e-02,6.577438e-03,2.100717e-02,3.725913e-01,5.722676e-03,1.064506e-02,9.419278e-03,2.039722e-01,4.720875e-04,2.445415e-02
1.765710e-02,5.679006e-02,1.178565e-01,3.620707e-02,1.905167e-02,6.800492e-02,6.112938e-03,1.517240e-02,4.671075e-01,5.189477e-03,9.006537e-03,7.004070e-03,1.535058e-01,3.567089e-04,2.097725e-02
2.160475e-02,7.516457e-02,8.500427e-02,2.916902e-02,2.226141e-02,5.238509e-02,5.512600e-03,1.243037e-02,5.497311e-01,4.051872e-03,6.877861e-03,5.115204e-03,1.128888e-01,3.128097e-04,1.749032e-02
1.818592e-02,8.725528e-02,6.022017e-02,2.406605e-02,1.879616e-02,4.399811e-02,4.294169e-03,9.687892e-03,6.234096e-01,3.206581e-03,5.427418e-03,3.643204e-03,8.371282e-02,2.437781e-04,1.385287e-02
