1.000000e+00,0.000000e+00,0.000000e+00,0.000000e+00,0.000000e+00,0.000000e+00,0.000000e+00,0.000000e+00,0.000000e+00,0.000000e+00,0.000000e+00,0.000000e+00,0.000000e+00,0.000000e+00,0.000000e+00
1.000000e+00,0.000000e+00,0.000000e+00,0.000000e+00,0.000000e+00,0.000000e+00,0.000000e+00,0.000000e+00,0.000000e+00,0.000000e+00,0.000000e+00,0.000000e+00,0.000000e+00,0.000000e+00,0.000000e+00
1.000000e+00,0.000000e+00,0.000000e+00,0.000000e+00,0.000000e+00,0.000000e+00,0.000000e+00,0.000000e+00,0.000000e+00,0.000000e+00,0.000000e+00,0.000000e+00,0.000000e+00,0.000000e+00,0.000000e+00
1.000000e+00,0.000000e+00,0.000000e+00,0.000000e+00,0.000000e+00,0.000000e+00,0.000000e+00,0.000000e+00,0.000000e+00,0.000000e+00,0.000000e+00,0.000000e+00,0.000000e+00,0.000000e+00,0.000000e+00
1.000000e+00,0.000000e+00,0.000000e+00,0.000000e+00,0.000000e+00,0.000000e+00,0.000000e+00,0.000000e+00,0.000000e+00,0.000000e+00,0.000000e+00,0.000000e+00,0.000000e+00,0.000000e+00,0.000000e+00
1.000000e+00,0.000000e+00,0.000000e+00,0.000000e+00,0.000000e+00,0.000000e+00,0.000000e+00,0.000000e+00,0.000000e+00,0.000000e+00,0.000000e+00,0.000000e+00,0.000000e+00,0.000000e+00,0.000000e+00
1.000000e+00,0.000000e+00,0.000000e+00,0.000000e+00,0.000000e+00,0.000000e+00,0.000000e+00,0.000000e+00,0.000000e+00,0.000000e+00,0.000000e+00,0.000000e+00,0.000000e+00,0.000000e+00,0.000000e+00
1.000000e+00,0.000000e+00,0.000000e+00,0.000000e+00,0.000000e+00,0.000000e+00,0.000000e+00,0.000000e+00,0.000000e+00,0.000000e+00,0.000000e+00,0.000000e+00,0.000000e+00,0.000000e+00,0.000000e+00
1.000000e+00,0.000000e+00,0.000000e+00,0.000000e+00,0.000000e+00,0.000000e+00,0.000000e+00,0.000000e+00,0.000000e+00,0.000000e+00,0.000000e+00,0.000000e+00,0.000000e+00,0.000000e+00,0.000000e+00
1.000000e+00,0.000000e+00,0.000000e+00,0.000000e+00,0.000000e+00,0.000000e+00,0.000000e+00,0.000000e+00,0.000000e+00,0.000000e+00,0.000000e+00,0.000000e+00,0.000000e+00,0.000000e+00,0.000000e+00
1.000000e+00,0.000000e+00,0.000000e+00,0.000000e+00,0.000000e+00,0.000000e+00,0.000000e+00,0.000000e+00,0.000000e+00,0.000000e+00,0.000000e+00,0.000000e+00,0.000000e+00,0.000000e+00,0.000000e+00
1.000000e+00,0.000000e+00,0.000000e+00,0.000000e+00,0.000000e+00,0.000000e+00,0.000000e+00,0.000000e+00,0.000000e+00,0.000000e+00,0.000000e+00,0.000000e+00,0.000000e+00,0.000000e+00,0.000000e+00
1.000000e+00,0.000000e+00,0.000000e+00,0.000000e+00,0.000000e+00,0.000000e+00,0.000000e+00,0.000000e+00,0.000000e+00,0.000000e+00,0.000000e+00,0.000000e+00,0.000000e+00,0.000000e+00,0.000000e+00
1.000000e+00,0.000000e+00,0.000000e+00,0.000000e+00,0.000000e+00,0.000000e+00,0.000000e+00,0.000000e+00,0.000000e+00,0.000000e+00,0.000000e+00,0.000000e+00,0.000000e+00,0.000000e+00,0.000000e+00
1.000000e+00,0.000000e+00,0.000000e+00,0.000000e+00,0.000000e+00,0.000000e+00,0.000000e+00,0.000000e+00,0.000000e+00,0.000000e+00,0.000000e+00,0.000000e+00,0.000000e+00,0.000000e+00,0.000000e+00
1.000000e+00,0.000000e+00,0.000000e+00,0.000000e+00,0.000000e+00,0.000000e+00,0.000000e+00,0.000000e+00,0.000000e+00,0.000000e+00,0.000000e+00,0.000000e+00,0.000000e+00,0.000000e+00,0.000000e+00
1.000000e+00,0.000000e+00,0.000000e+00,0.000000e+00,0.000000e+00,0.000000e+00,0.000000e+00,0.000000e+00,0.000000e+00,0.000000e+00,0.000000e+00,0.000000e+00,0.000000e+00,0.000000e+00,0.000000e+00
1.000000e+00,0.000000e+00,0.000000e+00,0.000000e+00,0.000000e+00,0.000000e+00,0.000000e+00,0.000000e+00,0.000000e+00,0.000000e+00,0.000000e+00,0.000000e+00,0.000000e+00,0.000000e+00,0.000000e+00
1.000000e+00,0.000000e+00,0.000000e+00,0.000000e+00,0.000000e+00,0.000000e+00,0.000000e+00,0.000000e+00,0.000000e+00,0.000000e+00,0.000000e+00,0.000000e+00,0.000000e+00,0.000000e+00,0.000000e+00
1.000000e+00,0.000000e+00,0.000000e+00,0.000000e+00,0.000000e+00,0.000000e+00,0.000000e+00,0.000000e+00,0.000000e+00,0.000000e+00,0.000000e+00,0.000000e+00,0.000000e+00,0.000000e+00,0.000000e+00
1.000000e+00,0.000000e+00,0.000000e+00,0.000000e+00,0.000000e+00,0.000000e+00,0.000000e+00,0.000000e+00,0.000000e+00,0.000000e+00,0.000000e+00,0.000000e+00,0.000000e+00,0.000000e+00,0.000000e+00
1.000000e+00,0.000000e+00,0.000000e+00,0.000000e+00,0.000000e+00,0.000000e+00,0.000000e+00,0.000000e+00,0.000000e+00,0.000000e+00,0.000000e+00,0.000000e+00,0.000000e+00,0.000000e+00,0.000000e+00
1.000000e+00,0.000000e+00,0.000000e+00,0.000000e+00,0.000000e+00,0.000000e+00,0.000000e+00,0.000000e+00,0.000000e+00,0.000000e+00,0.000000e+00,0.000000e+00,0.000000e+00,0.000000e+00,0.000000e+00
1.000000e+00,0.000000e+00,0.000000e+00,0.000000e+00,0.000000e+00,0.000000e+00,0.000000e+00,0.000000e+00,0.000000e+00,0.000000e+00,0.000000e+00,0.000000e+00,0.000000e+00,0.000000e+00,0.000000e+00
1.000000e+00,0.000000e+00,0.000000e+00,0.000000e+00,0.000000e+00,0.000000e+00,0.000000e+00,0.000000e+00,0.000000e+00,0.000000e+00,0.000000e+00,0.000000e+00,0.000000e+00,0.000000e+00,0.000000e+00
1.000000e+00,0.000000e+00,0.000000e+00,0.000000e+00,0.000000e+00,0.000000e+00,0.000000e+00,0.000000e+00,0.000000e+00,0.000000e+00,0.000000e+00,0.000000e+00,0.000000e+00,0.000000e+00,0.000000e+00
1.000000e+00,0.000000e+00,0.000000e+00,0.000000e+00,0.000000e+00,0.000000e+00,0.000000e+00,0.000000e+00,0.000000e+00,0.000000e+00,0.000000e+00,0.000000e+00,0.000000e+00,0.000000e+00,0.000000e+00
1.000000e+00,0.000000e+00,0.000000e+00,0.000000e+00,0.000000e+00,0.000000e+00,0.000000e+00,0.000000e+00,0.000000e+00,0.000000e+00,0.000000e+00,0.000000e+00,0.000000e+00,0.000000e+00,0.000000e+00
1.000000e+00,0.000000e+00,0.000000e+00,0.000000e+00,0.000000e+00,0.000000e+00,0.000000e+00,0.000000e+00,0.000000e+00,0.000000e+00,0.000000e+00,0.000000e+00,0.000000e+00,0.000000e+00,0.000000e+00
1.000000e+00,0.000000e+00,0.000000e+00,0.000000e+00,0.000000e+00,0.000000e+00,0.000000e+00,0.000000e+00,0.000000e+00,0.000000e+00,0.000000e+00,0.000000e+00,0.000000e+00,0.000000e+00,0.000000e+00
1.000000e+00,0.000000e+00,0.000000e+00,0.000000e+00,0.000000e+00,0.000000e+00,0.000000e+00,0.000000e+00,0.000000e+00,0.000000e+00,0.000000e+00,0.000000e+00,0.000000e+00,0.000000e+00,0.000000e+00
1.000000e+00,0.000000e+00,0.000000e+00,0.000000e+00,0.000000e+00,0.000000e+00,0.000000e+00,0.000000e+00,0.000000e+00,0.000000e+00,0.000000e+00,0.000000e+00,0.000000e+00,0.000000e+00,0.000000e+00
1.000000e+00,0.000000e+00,0.000000e+00,0.000000e+00,0.000000e+00,0.000000e+00,0.000000e+00,0.000000e+00,0.000000e+00,0.000000e+00,0.000000e+00,0.000000e+00,0.000000e+00,0.000000e+00,0.000000e+00
1.000000e+00,0.000000e+00,0.000000e+00,0.000000e+00,0.000000e+00,0.000000e+00,0.000000e+00,0.000000e+00,0.000000e+00,0.000000e+00,0.000000e+00,0.000000e+00,0.000000e+00,0.000000e+00,0.000000e+00
1.000000e+00,0.000000e+00,0.000000e+00,0.000000e+00,0.000000e+00,0.000000e+00,0.000000e+00,0.000000e+00,0.000000e+00,0.000000e+00,0.000000e+00,0.000000e+00,0.000000e+00,0.000000e+00,0.000000e+00
1.000000e+00,0.000000e+00,0.000000e+00,0.000000e+00,0.000000e+00,0.000000e+00,0.000000e+00,0.000000e+00,0.000000e+00,0.000000e+00,0.000000e+00,0.000000e+00,0.000000e+00,0.000000e+00,0.000000e+00
1.000000e+00,0.000000e+00,0.000000e+00,0.000000e+00,0.000000e+00,0.000000e+00,0.000000e+00,0.000000e+00,0.000000e+00,0.000000e+00,0.000000e+00,0.000000e+00,0.000000e+00,0.000000e+00,0.000000e+00
1.000000e+00,0.000000e+00,0.000000e+00,0.000000e+00,0.000000e+00,0.000000e+00,0.000000e+00,0.000000e+00,0.000000e+00,0.000000e+00,0.000000e+00,0.000000e+00,0.000000e+00,0.000000e+00,0.000000e+00
1.000000e+00,0.000000e+00,0.000000e+00,0.000000e+00,0.000000e+00,0.000000e+00,0.000000e+00,0.000000e+00,0.000000e+00,0.000000e+00,0.000000e+00,0.000000e+00,0.000000e+00,0.000000e+00,0.000000e+00
1.000000e+00,0.000000e+00,0.000000e+00,0.000000e+00,0.000000e+00,0.000000e+00,0.000000e+00,0.000000e+00,0.000000e+00,0.000000e+00,0.000000e+00,0.000000e+00,0.000000e+00,0.000000e+00,0.000000e+00
1.000000e+00,0.000000e+00,0.000000e+00,0.000000e+00,0.000000e+00,0.000000e+00,0.000000e+00,0.000000e+00,0.000000e+00,0.000000e+00,0.000000e+00,0.000000e+00,0.000000e+00,0.000000e+00,0.000000e+00
1.000000e+00,0.000000e+00,0.000000e+00,0.000000e+00,0.000000e+00,0.000000e+00,0.000000e+00,0.000000e+00,0.000000e+00,0.000000e+00,0.000000e+00,0.000000e+00,0.000000e+00,0.000000e+00,0.000000e+00
1.000000e+00,0.000000e+00,0.000000e+00,0.000000e+00,0.000000e+00,0.000000e+00,0.000000e+00,0.000000e+00,0.000000e+00,0.000000e+00,0.000000e+00,0.000000e+00,0.000000e+00,0.000000e+00,0.000000e+00
1.000000e+00,0.000000e+00,0.000000e+00,0.000000e+00,0.000000e+00,0.000000e+00,0.000000e+00,0.000000e+00,0.000000e+00,0.000000e+00,0.000000e+00,0.000000e+00,0.000000e+00,0.000000e+00,0.000000e+00
1.000000e+00,0.000000e+00,0.000000e+00,0.000000e+00,0.000000e+00,0.000000e+00,0.000000e+00,0.000000e+00,0.000000e+00,0.000000e+00,0.000000e+00,0.000000e+00,0.000000e+00,0.000000e+00,0.000000e+00
1.000000e+00,0.000000e+00,0.000000e+00,0.000000e+00,0.000000e+00,0.000000e+00,0.000000e+00,0.000000e+00,0.000000e+00,0.000000e+00,0.000000e+00,0.000000e+00,0.000000e+00,0.000000e+00,0.000000e+00
1.000000e+00,0.000000e+00,0.000000e+00,0.000000e+00,0.000000e+00,0.000000e+00,0.000000e+00,0.000000e+00,0.000000e+00,0.000000e+00,0.000000e+00,0.000000e+00,0.000000e+00,0.000000e+00,0.000000e+00
1.000000e+00,0.000000e+00,0.000000e+00,0.000000e+00,0.000000e+00,0.000000e+00,0.000000e+00,0.000000e+00,0.000000e+00,0.000000e+00,0.000000e+00,0.000000e+00,0.000000e+00,0.000000e+00,0.000000e+00
1.000000e+00,0.000000e+00,0.000000e+00,0.000000e+00,0.000000e+00,0.000000e+00,0.000000e+00,0.000000e+00,0.000000e+00,0.000000e+00,0.000000e+00,0.000000e+00,0.000000e+00,0.000000e+00,0.000000e+00
1.000000e+00,0.000000e+00,0.000000e+00,0.000000e+00,0.000000e+00,0.000000e+00,0.000000e+00,0.000000e+00,0.000000e+00,0.000000e+00,0.000000e+00,0.000000e+00,0.000000e+00,0.000000e+00,0.000000e+00
1.000000e+00,0.000000e+00,0.000000e+00,0.000000e+00,0.000000e+00,0.000000e+00,0.000000e+00,0.000000e+00,0.000000e+00,0.000000e+00,0.000000e+00,0.000000e+00,0.000000e+00,0.000000e+00,0.000000e+00
1.000000e+00,0.000000e+00,0.000000e+00,0.000000e+00,0.000000e+00,0.000000e+00,0.000000e+00,0.000000e+00,0.000000e+00,0.000000e+00,0.000000e+00,0.000000e+00,0.000000e+00,0.000000e+00,0.000000e+00
1.000000e+00,0.000000e+00,0.000000e+00,0.000000e+00,0.000000e+00,0.000000e+00,0.000000e+00,0.000000e+00,0.000000e+00,0.000000e+00,0.000000e+00,0.000000e+00,0.000000e+00,0.000000e+00,0.000000e+00
1.000000e+00,0.000000e+00,0.000000e+00,0.000000e+00,0.000000e+00,0.000000e+00,0.000000e+00,0.000000e+00,0.000000e+00,0.000000e+00,0.000000e+00,0.000000e+00,0.000000e+00,0.000000e+00,0.000000e+00
1.000000e+00,0.000000e+00,0.000000e+00,0.000000e+00,0.000000e+00,0.000000e+00,0.000000e+00,0.000000e+00,0.000000e+00,0.000000e+00,0.000000e+00,0.000000e+00,0.000000e+00,0.000000e+00,0.000000e+00
1.000000e+00,0.000000e+00,0.000000e+00,0.000000e+00,0.000000e+00,0.000000e+00,0.000000e+00,0.000000e+00,0.000000e+00,0.000000e+00,0.000000e+00,0.000000e+00,0.000000e+00,0.000000e+00,0.000000e+00
1.000000e+00,0.000000e+00,0.000000e+00,0.000000e+00,0.000000e+00,0.000000e+00,0.000000e+00,0.000000e+00,0.000000e+00,0.000000e+00,0.000000e+00,0.000000e+00,0.000000e+00,0.000000e+00,0.000000e+00
1.000000e+00,0.000000e+00,0.000000e+00,0.000000e+00,0.000000e+00,0.000000e+00,0.000000e+00,0.000000e+00,0.000000e+00,0.000000e+00,0.000000e+00,0.000000e+00,0.000000e+00,0.000000e+00,0.000000e+00
1.000000e+00,0.000000e+00,0.000000e+00,0.000000e+00,0.000000e+00,0.000000e+00,0.000000e+00,0.000000e+00,0.000000e+00,0.000000e+00,0.000000e+00,0.000000e+00,0.000000e+00,0.000000e+00,0.000000e+00
4.755406e-01,1.067373e-02,5.096366e-03,1.992344e-01,4.176605e-03,3.089207e-02,4.864756e-03,2.962849e-02,2.964630e-02,2.177760e-03,1.583123e-02,1.150815e-01,5.206234e-02,1.915690e-03,2.317819e-02
3.383524e-01,8.701757e-03,4.281179e-03,2.003827e-01,3.685439e-03,3.265014e-02,3.824243e-03,2.100098e-02,4.318992e-02,2.035863e-03,2.238229e-02,1.816175e-01,1.100157e-01,1.574432e-03,2.630546e-02
2.415367e-01,6.926029e-03,3.672231e-03,1.642760e-01,3.183986e-03,2.575048e-02,2.870087e-03,1.486207e-02,4.534943e-02,4.082859e-03,3.946026e-02,2.854561e-01,1.406100e-01,1.276069e-03,2.068766e-02
1.797543e-01,9.298796e-03,4.596761e-03,1.299716e-01,3.115484e-03,2.133097e-02,2.294018e-03,1.080292e-02,4.490918e-02,8.590636e-03,3.791023e-02,3.837982e-01,1.420121e-01,2.037613e-03,1.957717e-02
1.345226e-01,7.357845e-03,4.068922e-03,9.245362e-02,3.121244e-03,1.809078e-02,1.848855e-03,8.658431e-03,3.788368e-02,7.596891e-03,3.121886e-02,4.766332e-01,1.543156e-01,2.793918e-03,1.943558e-02
1.004212e-01,5.648712e-03,3.270681e-03,6.524121e-02,2.668123e-03,1.592859e-02,1.841404e-03,7.236932e-03,3.087286e-02,6.090903e-03,2.392993e-02,5.863527e-01,1.288348e-01,2.858153e-03,1.880383e-02
7.865783e-02,4.159202e-03,2.697041e-03,4.604240e-02,2.118419e-03,1.823350e-02,1.877205e-03,5.493646e-03,2.371846e-02,5.229594e-03,1.935885e-02,6.627749e-01,1.124756e-01,2.384703e-03,1.477866e-02
6.534392e-02,3.155531e-03,2.189337e-03,3.257430e-02,1.869231e-03,1.636733e-02,1.584969e-03,4.342548e-03,1.809949e-02,4.688340e-03,1.616124e-02,7.218311e-01,9.870519e-02,1.846842e-03,1.124066e-02
4.854762e-02,3.292039e-03,2.797218e-03,2.316880e-02,2.018001e-03,1.724878e-02,1.461743e-03,4.570182e-03,1.599550e-02,4.295981e-03,1.448818e-02,7.534950e-01,9.743547e-02,1.608738e-03,9.576784e-03
3.576513e-02,2.694755e-03,2.534406e-03,1.640697e-02,2.494803e-03,1.309324e-02,1.552480e-03,6.664352e-03,1.305765e-02,3.469122e-03,1.388266e-02,7.936878e-01,8.601318e-02,1.381263e-03,7.302116e-03
2.938909e-02,3.397881e-03,2.573107e-03,1.188389e-02,6.907087e-03,1.130660e-02,2.009640e-03,6.389778e-03,1.633297e-02,3.620334e-03,1.187176e-02,8.111732e-01,7.414688e-02,1.777382e-03,7.220393e-03
2.233725e-02,3.757207e-03,2.087310e-02,1.422417e-02,2.005970e-02,9.563846e-03,8.204731e-03,1.006414e-01,1.663873e-02,3.377454e-03,1.144379e-02,6.871725e-01,7.058600e-02,1.984681e-03,9.135436e-03
1.797010e-02,3.721792e-03,2.225958e-02,1.445871e-02,5.915198e-02,1.110322e-02,1.820455e-02,9.637314e-02,2.341441e-02,3.220512e-03,1.142590e-02,6.432568e-01,6.044328e-02,2.524611e-03,1.247142e-02
1.926635e-02,3.938453e-03,2.770901e-02,1.184513e-02,8.779270e-02,9.396319e-03,7.636129e-02,1.275712e-01,2.317743e-02,5.204770e-03,1.092855e-02,5.224531e-01,5.113069e-02,3.993433e-03,1.923165e-02
1.632457e-02,3.586569e-03,3.983989e-02,1.102624e-02,7.564399e-02,7.978501e-03,9.988476e-02,2.298690e-01,2.141220e-02,6.048575e-03,1.645471e-02,3.958234e-01,5.599086e-02,3.650971e-03,1.646571e-02
1.607850e-02,4.946439e-03,4.477594e-02,9.472175e-03,6.203531e-02,7.640067e-03,1.976494e-01,2.044920e-01,3.028703e-02,1.162707e-02,2.840352e-02,3.022068e-01,5.667876e-02,3.290124e-03,2.041685e-02
3.337616e-02,1.880630e-02,7.856241e-02,8.929661e-03,5.622832e-02,3.703053e-02,1.577194e-01,1.830095e-01,4.981158e-02,1.479500e-02,2.326803e-02,2.242473e-01,7.623702e-02,4.486418e-03,3.349237e-02
8.172638e-02,2.934248e-02,7.527591e-02,1.567833e-02,5.279970e-02,6.749912e-02,1.242061e-01,1.536133e-01,6.047176e-02,2.822421e-02,2.286174e-02,1.673273e-01,7.208591e-02,4.825381e-03,4.406237e-02
1.035714e-01,4.050294e-02,6.204770e-02,3.208522e-02,4.460328e-02,9.165965e-02,9.496319e-02,1.175585e-01,9.531407e-02,2.907967e-02,2.730396e-02,1.237620e-01,8.649530e-02,4.380349e-03,4.667265e-02
9.374526e-02,3.622401e-02,5.464949e-02,8.272834e-02,3.718365e-02,1.139558e-01,7.167269e-02,8.718514e-02,9.243979e-02,4.062510e-02,3.678523e-02,9.666210e-02,9.226588e-02,4.617220e-03,5.926023e-02
7.348520e-02,4.016308e-02,4.612999e-02,1.057175e-01,3.219461e-02,1.072037e-01,5.069798e-02,6.153194e-02,9.685631e-02,4.898065e-02,9.035061e-02,8.858645e-02,1.003173e-01,5.229455e-03,5.255520e-02
6.069102e-02,3.413554e-02,3.485037e-02,1.351005e-01,3.123532e-02,8.551715e-02,3.629761e-02,4.382240e-02,1.014983e-01,4.726561e-02,1.375600e-01,8.822441e-02,1.119480e-01,9.007669e-03,4.284602e-02
4.853830e-02,2.495174e-02,2.655096e-02,1.285630e-01,2.635775e-02,6.634369e-02,2.592200e-02,3.139485e-02,7.999300e-02,5.153347e-02,2.035532e-01,9.330419e-02,1.446262e-01,1.238043e-02,3.598710e-02
3.569497e-02,1.821567e-02,1.939234e-02,9.506933e-02,1.991664e-02,4.958504e-02,1.840898e-02,2.214387e-02,6.132115e-02,1.494385e-01,2.418707e-01,9.732948e-02,1.217653e-01,1.804690e-02,3.180106e-02
2.575138e-02,1.320831e-02,1.403661e-02,6.972296e-02,1.438029e-02,3.606789e-02,1.305519e-02,1.560616e-02,4.549292e-02,1.909734e-01,2.947910e-01,1.204592e-01,9.841187e-02,2.167771e-02,2.636510e-02
2.040752e-02,1.547128e-02,1.266903e-02,5.043804e-02,1.177032e-02,2.684399e-02,9.267332e-03,1.155358e-02,4.791759e-02,1.687617e-01,3.526024e-01,1.411304e-01,8.088005e-02,3.074870e-02,1.953810e-02
2.178081e-02,1.686399e-02,1.004958e-02,3.724303e-02,9.706642e-03,2.274689e-02,6.630765e-03,1.016820e-02,4.800448e-02,1.439635e-01,3.742363e-01,1.564534e-01,6.100784e-02,6.618355e-02,1.496093e-02
2.003717e-02,1.375373e-02,8.389457e-03,2.893903e-02,9.484787e-03,1.804792e-02,4.802593e-03,8.718685e-03,4.482764e-02,1.548004e-01,4.113374e-01,1.475867e-01,4.684804e-02,7.072846e-02,1.169797e-02
2.986994e-02,1.127768e-02,2.075525e-02,3.848196e-02,6.148625e-02,1.637278e-02,4.402556e-03,4.336897e-02,4.085951e-02,1.183016e-01,3.803703e-01,1.314935e-01,3.513850e-02,5.863637e-02,9.184893e-03
2.499979e-02,8.258894e-03,1.499632e-02,2.949867e-02,2.112348e-01,1.196974e-02,3.984931e-03,3.149890e-02,3.113301e-02,8.890523e-02,3.537320e-01,1.137374e-01,2.553648e-02,4.360312e-02,6.910663e-03
2.662213e-02,7.686108e-03,1.199087e-02,2.302456e-02,3.461480e-01,1.282818e-02,4.010762e-03,2.795138e-02,4.402283e-02,6.518073e-02,2.817693e-01,9.292649e-02,1.835580e-02,3.229165e-02,5.191075e-03
7.525754e-02,7.792946e-03,1.576120e-02,2.080544e-02,3.121223e-01,1.118100e-02,3.457287e-03,3.895987e-02,7.758391e-02,4.898770e-02,2.323944e-01,9.806794e-02,1.671960e-02,3.170869e-02,9.200115e-03
8.983323e-02,7.308818e-03,1.607516e-02,2.131477e-02,2.580451e-01,1.257616e-02,2.729611e-03,4.551448e-02,9.044757e-02,3.770209e-02,2.391830e-01,1.186499e-01,2.295642e-02,2.962173e-02,8.041923e-03
1.014473e-01,1.151248e-02,1.357372e-02,2.394950e-02,1.893336e-01,1.095600e-02,2.199776e-03,3.728066e-02,1.209219e-01,3.491055e-02,2.604526e-01,1.254539e-01,2.729067e-02,2.784847e-02,1.286890e-02
1.196585e-01,1.539565e-02,1.168572e-02,2.937828e-02,1.398703e-01,1.070040e-02,1.822360e-03,3.401238e-02,1.481176e-01,3.596603e-02,2.580035e-01,1.236619e-01,3.435367e-02,2.523342e-02,1.214028e-02
9.638480e-02,1.642785e-02,9.450094e-03,2.684868e-02,1.041338e-01,1.035384e-02,1.849613e-03,2.815337e-02,2.159938e-01,6.971935e-02,2.226754e-01,1.178977e-01,4.787136e-02,2.207833e-02,1.016204e-02
8.167785e-02,2.732607e-02,8.002269e-03,2.196463e-02,8.789240e-02,8.775481e-03,1.984487e-03,2.432311e-02,2.805262e-01,1.104712e-01,1.787195e-01,9.124527e-02,4.309172e-02,2.365644e-02,1.034341e-02
6.104805e-02,3.334621e-02,7.695247e-03,1.796206e-02,7.757386e-02,7.044077e-03,1.776964e-03,6.163724e-02,3.116198e-01,1.374484e-01,1.431790e-01,6.862386e-02,3.940977e-02,2.378863e-02,7.846842e-03
4.546081e-02,3.582107e-02,7.562525e-03,1.492860e-02,7.912843e-02,5.855316e-03,1.815512e-03,6.202066e-02,3.966324e-01,1.270224e-01,1.125107e-01,4.988826e-02,3.382981e-02,2.166425e-02,5.859305e-03
3.566885e-02,3.467135e-02,7.343546e-03,1.186392e-02,8.558781e-02,6.070914e-03,1.854593e-03,5.991392e-02,4.705539e-01,1.036480e-01,9.148005e-02,3.706780e-02,2.853487e-02,2.117922e-02,4.561204e-03
2.553278e-02,2.543331e-02,5.229766e-03,8.388043e-03,7.787746e-02,5.621424e-03,1.598037e-03,4.395708e-02,6.040995e-01,7.340588e-02,6.452835e-02,2.602086e-02,2.007808e-02,1.502388e-02,3.205534e-03
2.395937e-02,2.398292e-02,1.141140e-02,1.136944e-02,8.821269e-02,6.048954e-03,1.778528e-03,1.044625e-01,5.839971e-01,5.285855e-02,4.574918e-02,1.835382e-02,1.424219e-02,1.126911e-02,2.304236e-03
2.634820e-02,2.086710e-02,1.688847e-02,1.150398e-02,1.166170e-01,7.519451e-03,1.687259e-03,9.222943e-02,6.013989e-01,3.892465e-02,3.254503e-02,1.300993e-02,1.012899e-02,8.546396e-03,1.785196e-03
3.279746e-02,2.822478e-02,1.746898e-02,1.035646e-02,1.219323e-01,7.808344e-03,1.831669e-03,8.620054e-02,6.109097e-01,3.115353e-02,2.319019e-02,9.846328e-03,7.680317e-03,6.787151e-03,3.812340e-03
2.857038e-02,2.671885e-02,1.560172e-02,8.649660e-03,1.262712e-01,6.703835e-03,2.313360e-03,1.786465e-01,5.461131e-01,2.291445e-02,1.653857e-02,7.218941e-03,5.692310e-03,5.224741e-03,2.822396e-03
2.438497e-02,2.141712e-02,1.222892e-02,6.332706e-03,1.195931e-01,4.921488e-03,2.144110e-03,3.549477e-01,4.111021e-01,1.613645e-02,1.168787e-02,5.122058e-03,4.210777e-03,3.719860e-03,2.050796e-03
2.648034e-02,1.879123e-02,1.300124e-02,5.210874e-03,1.100750e-01,6.044888e-03,2.500776e-03,4.923870e-01,2.934974e-01,1.161822e-02,8.701416e-03,3.775802e-03,3.522291e-03,2.815339e-03,1.578209e-03
3.493029e-02,1.468768e-02,1.156898e-02,5.576734e-03,1.008271e-01,6.239370e-03,2.489078e-03,5.882070e-01,2.112107e-01,8.344628e-03,6.440845e-03,2.958704e-03,3.045326e-03,2.043624e-03,1.429971e-03
5.199015e-02,1.293727e-02,1.103512e-02,7.474543e-03,9.296739e-02,5.728444e-03,2.764018e-03,6.284297e-01,1.667382e-01,6.209844e-03,4.764649e-03,2.841157e-03,2.644403e-03,1.509981e-03,1.965123e-03
1.044738e-01,1.384989e-02,1.251438e-02,3.102018e-02,8.022834e-02,1.941786e-02,3.599195e-03,5.718981e-01,1.274771e-01,5.653030e-03,5.458335e-03,7.191227e-03,1.005882e-02,1.238385e-03,5.921363e-03
7.941093e-02,2.714744e-02,1.570849e-02,8.418496e-02,5.719070e-02,1.534615e-02,2.846171e-03,4.044136e-01,1.268101e-01,4.770924e-02,9.844773e-03,2.135285e-02,5.065046e-02,1.202194e-03,5.618204e-02
7.131629e-02,3.969749e-02,1.345876e-02,8.896869e-02,4.161894e-02,1.384832e-02,2.548784e-03,2.842387e-01,1.672904e-01,5.307168e-02,1.586682e-02,2.110217e-02,8.314168e-02,1.401980e-03,1.024293e-01
5.430488e-02,5.018454e-02,4.917349e-02,1.275897e-01,2.993887e-02,1.121997e-02,2.022758e-03,1.993281e-01,1.468225e-01,7.632732e-02,1.555333e-02,1.631368e-02,6.783342e-02,1.316194e-03,1.520713e-01
6.814326e-02,4.420335e-02,3.684308e-02,1.031178e-01,2.457381e-02,1.846869e-02,1.974303e-03,1.407963e-01,1.892335e-01,5.482975e-02,3.201303e-02,1.545365e-02,1.330225e-01,3.501208e-03,1.338259e-01
5.866562e-02,6.886761e-02,3.277115e-02,1.007515e-01,1.934730e-02,1.943411e-02,1.841482e-03,9.924325e-02,2.307481e-01,4.293908e-02,2.683094e-02,1.427085e-02,1.614178e-01,3.129019e-03,1.197422e-01
5.594693e-02,6.819547e-02,2.599564e-02,7.533506e-02,1.412969e-02,1.754100e-02,1.445421e-03,6.961490e-02,2.538572e-01,3.540383e-02,2.287778e-02,1.279228e-02,1.213757e-01,1.074970e-02,2.147393e-01
4.872421e-02,7.879403e-02,2.056523e-02,7.095847e-02,1.026267e-02,1.414237e-02,1.080556e-03,4.882910e-02,3.849790e-01,2.589031e-02,2.125011e-02,1.287921e-02,8.782304e-02,1.052378e-02,1.632979e-01
1.132969e-01,6.582996e-02,1.563109e-02,5.584912e-02,7.839565e-03,1.168931e-02,8.702209e-04,3.475390e-02,3.700443e-01,1.866806e-02,3.473376e-02,2.797138e-02,8.367907e-02,1.624906e-02,1.428943e-01
1.611042e-01,4.885883e-02,2.759868e-02,5.178314e-02,2.030488e-02,1.514650e-02,1.911526e-03,2.909342e-02,3.411373e-01,1.341573e-02,5.391481e-02,2.932172e-02,8.751735e-02,1.298469e-02,1.059073e-01
1.506496e-01,3.616184e-02,2.355014e-02,4.054050e-02,7.162343e-02,1.744019e-02,2.563910e-03,2.530066e-02,3.668892e-01,9.684301e-03,5.669904e-02,2.574160e-02,8.493163e-02,1.189036e-02,7.633362e-02
1.621946e-01,3.016558e-02,1.901312e-02,3.057052e-02,1.728904e-01,2.166981e-02,4.627108e-03,3.016901e-02,3.010351e-01,7.088449e-03,4.760933e-02,2.394691e-02,7.492898e-02,1.282735e-02,6.126367e-02
1.186269e-01,4.775788e-02,1.382249e-02,2.379730e-02,1.672391e-01,1.671029e-02,4.302952e-03,2.185537e-02,4.105480e-01,5.519508e-03,3.598209e-02,1.731806e-02,5.484490e-02,9.217328e-03,5.245782e-02
8.986902e-02,7.699656e-02,1.602083e-02,3.679116e-02,1.660301e-01,1.396088e-02,4.639586e-03,1.779836e-02,4.251313e-01,5.991669e-03,2.749033e-02,1.329235e-02,4.406794e-02,6.936263e-03,5.498363e-02
7.193712e-02,9.982604e-02,1.985697e-02,4.309337e-02,1.354051e-01,1.586938e-02,8.015791e-03,1.306754e-02,4.532695e-01,7.427974e-03,2.227269e-02,1.028663e-02,3.354015e-02,5.097009e-03,6.103475e-02
5.956317e-02,9.448869e-02,2.202674e-02,4.586389e-02,1.442093e-01,2.198077e-02,1.447797e-02,9.581600e-03,4.655226e-01,7.147287e-03,1.660071e-02,8.172886e-03,2.611641e-02,3.775162e-03,6.047283e-02
6.210856e-02,8.396806e-02,2.029648e-02,4.180206e-02,1.181254e-01,2.243292e-02,1.321763e-02,7.600289e-03,4.945008e-01,7.907511e-03,1.312520e-02,6.243514e-03,2.095083e-02,3.146561e-03,8.457423e-02
7.419983e-02,6.904182e-02,2.266525e-02,8.425640e-02,9.445698e-02,1.820479e-02,1.032139e-02,8.765913e-03,4.951795e-01,8.317327e-03,1.148454e-02,5.195284e-03,1.852724e-02,2.626818e-03,7.675688e-02
1.574647e-01,6.413247e-02,2.013303e-02,7.462874e-02,7.431644e-02,1.524629e-02,8.319202e-03,1.226857e-02,4.439766e-01,1.296976e-02,1.082936e-02,6.651343e-03,1.649594e-02,2.779339e-03,7.978812e-02
1.210068e-01,6.329297e-02,4.236125e-02,1.557888e-01,5.963129e-02,1.154291e-02,6.125990e-03,1.067379e-02,4.092889e-01,1.078619e-02,1.116375e-02,6.166416e-03,1.628422e-02,2.852251e-03,7.303445e-02
1.044907e-01,5.412517e-02,3.289953e-02,1.481540e-01,4.892781e-02,1.402697e-02,4.967364e-03,1.018921e-02,3.461485e-01,1.297645e-02,1.357786e-02,6.292824e-03,1.754901e-02,3.049742e-03,1.826248e-01
8.734146e-02,4.628228e-02,2.903663e-02,1.470486e-01,4.348325e-02,1.606920e-02,4.178495e-03,3.665513e-02,3.879323e-01,1.029682e-02,1.608917e-02,6.855004e-03,2.932851e-02,2.661802e-03,1.367413e-01
7.771501e-02,3.717668e-02,2.535736e-02,1.130777e-01,4.935483e-02,2.562655e-02,4.577636e-03,3.083200e-02,3.948200e-01,7.664673e-03,1.898621e-02,7.998794e-03,7.992910e-02,3.170202e-03,1.237132e-01
8.543382e-02,2.861483e-02,1.941928e-02,8.312032e-02,4.544848e-02,4.531060e-02,5.425500e-03,2.707140e-02,3.778071e-01,5.575891e-03,1.862631e-02,1.134905e-02,1.498797e-01,2.959491e-03,9.395821e-02
8.311326e-02,2.221499e-02,1.522925e-02,6.106180e-02,3.575449e-02,4.129625e-02,4.293912e-03,2.202698e-02,3.656648e-01,4.584229e-03,2.249286e-02,1.481600e-02,2.110420e-01,5.179586e-03,9.122963e-02
7.896285e-02,1.662297e-02,1.795060e-02,5.076333e-02,3.987372e-02,4.380825e-02,3.612782e-03,6.044314e-02,2.716517e-01,4.716405e-03,2.560936e-02,1.960019e-02,2.851388e-01,5.511992e-03,7.573394e-02
9.303870e-02,1.262740e-02,1.389914e-02,3.786539e-02,3.150172e-02,3.986630e-02,3.221875e-03,5.247926e-02,2.045153e-01,4.320994e-03,2.903748e-02,6.175406e-02,3.554448e-01,4.745390e-03,5.568218e-02
1.057254e-01,1.175810e-02,1.179812e-02,2.969309e-02,3.347713e-02,3.101571e-02,2.835230e-03,4.064861e-02,1.653896e-01,4.070057e-03,3.220953e-02,8.231044e-02,4.042250e-01,3.785377e-03,4.105861e-02
9.577896e-02,1.116351e-02,1.019943e-02,2.193869e-02,2.675526e-02,2.545276e-02,2.148555e-03,3.055838e-02,1.486424e-01,4.465242e-03,3.746068e-02,1.190739e-01,4.312741e-01,3.436655e-03,3.165158e-02
8.141476e-02,1.473556e-02,4.586703e-02,1.791763e-02,2.709058e-02,1.969856e-02,2.094785e-03,3.240914e-02,1.473032e-01,8.168113e-03,6.066883e-02,1.148539e-01,3.984713e-01,3.329415e-03,2.597711e-02
7.500065e-02,2.071664e-02,3.919189e-02,1.377657e-02,2.514640e-02,1.681096e-02,1.627122e-03,2.502214e-02,1.478349e-01,1.182309e-02,6.697425e-02,2.029189e-01,3.277072e-01,4.328313e-03,2.112095e-02
6.350613e-02,1.809179e-02,2.788199e-02,1.019495e-02,1.833020e-02,1.356881e-02,1.184161e-03,1.792601e-02,1.181618e-01,1.661031e-02,8.443493e-02,3.450664e-01,2.455217e-01,3.603315e-03,1.591747e-02
4.847042e-02,1.831208e-02,1.966288e-02,7.374641e-03,1.305869e-02,1.132956e-02,8.583902e-04,1.263695e-02,1.039502e-01,2.015125e-02,8.726568e-02,4.657097e-01,1.762437e-01,3.217037e-03,1.175890e-02
3.655281e-02,1.724028e-02,1.390854e-02,5.265589e-03,9.264667e-03,8.824982e-03,6.094169e-04,8.887334e-03,8.048858e-02,2.420070e-02,9.620066e-02,5.614638e-01,1.256754e-01,2.633105e-03,8.784191e-03
3.589874e-02,2.001814e-02,1.017064e-02,3.883715e-03,7.830808e-03,6.980616e-03,4.931253e-04,6.532475e-03,1.006419e-01,2.532222e-02,8.851276e-02,5.939968e-01,8.934645e-02,2.789766e-03,7.581876e-03
3.160677e-02,1.933055e-02,1.348494e-02,3.322430e-03,7.137582e-03,6.398852e-03,1.213072e-03,9.963745e-03,9.760371e-02,2.354561e-02,6.935798e-02,6.454748e-01,6.317565e-02,2.496409e-03,5.887937e-03
4.570131e-02,2.499546e-02,1.322657e-02,4.804446e-03,1.608274e-02,6.633021e-03,2.681728e-03,1.506534e-02,1.511983e-01,3.663541e-02,5.895386e-02,5.713467e-01,4.516315e-02,2.478696e-03,5.033325e-03
4.920275e-02,2.943381e-02,1.387439e-02,5.253004e-03,2.261370e-02,7.132448e-03,4.841443e-03,5.462817e-02,1.838790e-01,5.093223e-02,5.239357e-02,4.867425e-01,3.290368e-02,2.377240e-03,3.792126e-03
4.385465e-02,3.122743e-02,1.235681e-02,5.761062e-03,2.667458e-02,6.890481e-03,5.472621e-03,6.317417e-02,2.831104e-01,6.459466e-02,4.329741e-02,3.842713e-01,2.412481e-02,2.232558e-03,2.957037e-03
3.405945e-02,3.256455e-02,1.596009e-02,8.612476e-03,3.946559e-02,1.200313e-02,6.510460e-03,5.870195e-02,3.265500e-01,8.983598e-02,3.418898e-02,3.145851e-01,2.042536e-02,2.345126e-03,4.191806e-03
2.580441e-02,3.404279e-02,1.370971e-02,6.782645e-03,3.835072e-02,1.084577e-02,5.886789e-03,4.554648e-02,4.157990e-01,9.053965e-02,2.818546e-02,2.620442e-01,1.662578e-02,2.042496e-03,3.794173e-03
2.127635e-02,4.633760e-02,1.720146e-02,3.071170e-02,3.569686e-02,2.166608e-02,4.271466e-03,4.457894e-02,4.396169e-01,9.548442e-02,2.256363e-02,1.995427e-01,1.423099e-02,1.898314e-03,4.922566e-03
2.042805e-02,5.653302e-02,1.276097e-02,2.233666e-02,3.092439e-02,4.109806e-02,3.337652e-03,3.834318e-02,5.162503e-01,7.329517e-02,1.948183e-02,1.478142e-01,1.067996e-02,2.455203e-03,4.261319e-03
1.941180e-02,6.443204e-02,9.237345e-03,1.644085e-02,2.519299e-02,4.284642e-02,2.516629e-03,3.897390e-02,5.848365e-01,5.370874e-02,1.876342e-02,1.097161e-01,7.830882e-03,2.474396e-03,3.617940e-03
1.967947e-02,4.998291e-02,8.313823e-03,2.773554e-02,3.633273e-02,4.208379e-02,2.135283e-03,1.363892e-01,5.370921e-01,3.848108e-02,1.353760e-02,7.767694e-02,5.802097e-03,1.812871e-03,2.944524e-03
2.407974e-02,4.280999e-02,7.212345e-03,5.375612e-02,4.684050e-02,4.100233e-02,1.797384e-03,1.370887e-01,5.410550e-01,2.835175e-02,1.100862e-02,5.510208e-02,4.359783e-03,1.665921e-03,3.869647e-03
4.779297e-02,4.686449e-02,1.014240e-02,8.101435e-02,3.730091e-02,5.523037e-02,1.396259e-03,1.392945e-01,4.531102e-01,2.117928e-02,4.776394e-02,4.712341e-02,4.088028e-03,2.552014e-03,5.146828e-03
8.382048e-02,4.388867e-02,9.324760e-03,9.382087e-02,3.176369e-02,7.110670e-02,1.154196e-03,1.222246e-01,3.941399e-01,1.641265e-02,5.602500e-02,6.181251e-02,4.435597e-03,2.709925e-03,7.360449e-03
1.099072e-01,4.817803e-02,7.220483e-03,7.986934e-02,3.051875e-02,6.594272e-02,1.066132e-03,1.049523e-01,3.913779e-01,1.253530e-02,5.910653e-02,7.392190e-02,4.437008e-03,2.915351e-03,8.050947e-03
1.340117e-01,6.391683e-02,8.732787e-03,9.643716e-02,3.274731e-02,8.526054e-02,1.066247e-03,9.627722e-02,3.232051e-01,1.116328e-02,5.406593e-02,6.954952e-02,5.165540e-03,4.610395e-03,1.379040e-02
1.602853e-01,7.007766e-02,9.707698e-03,1.044050e-01,2.836130e-02,1.074777e-01,1.086905e-03,9.620602e-02,2.629929e-01,1.262161e-02,5.652125e-02,6.648375e-02,5.400734e-03,4.900819e-03,1.347125e-02
2.082000e-01,7.369975e-02,1.108735e-02,9.883307e-02,2.528838e-02,8.940075e-02,1.495872e-03,7.526957e-02,2.495418e-01,1.476955e-02,5.676236e-02,6.623206e-02,7.147085e-03,7.079903e-03,1.519247e-02
2.763911e-01,6.138083e-02,9.848412e-03,8.993132e-02,2.369644e-02,7.322420e-02,1.815055e-03,6.426834e-02,2.194410e-01,1.402953e-02,6.700975e-02,7.014693e-02,7.425247e-03,6.340308e-03,1.505159e-02
3.519698e-01,5.025603e-02,8.426190e-03,7.517844e-02,2.223734e-02,5.882982e-02,1.770600e-03,4.983751e-02,1.906390e-01,1.219401e-02,8.481995e-02,6.404229e-02,8.031553e-03,5.907462e-03,1.585995e-02
4.482807e-01,4.443383e-02,7.028743e-03,6.120629e-02,1.981374e-02,4.696502e-02,1.663411e-03,3.640756e-02,1.421575e-01,1.353036e-02,7.811334e-02,6.821705e-02,8.445030e-03,6.171319e-03,1.756611e-02
4.996200e-01,3.840303e-02,5.851567e-03,4.995992e-02,1.877037e-02,3.932680e-02,1.636554e-03,2.715383e-02,1.079763e-01,1.321220e-02,8.324287e-02,7.823048e-02,1.040941e-02,6.404106e-03,1.980264e-02
4.576179e-01,3.463652e-02,5.498214e-03,4.609612e-02,1.969817e-02,3.679689e-02,2.979583e-03,2.119086e-02,8.036698e-02,9.903592e-03,1.378199e-01,1.110737e-01,1.340740e-02,5.345488e-03,1.756866e-02
4.210413e-01,3.099400e-02,5.238565e-03,4.288177e-02,1.916114e-02,3.964281e-02,4.269438e-03,1.710579e-02,6.051560e-02,8.422883e-03,1.669892e-01,1.433858e-01,1.134649e-02,5.377364e-03,2.362793e-02
3.755321e-01,2.500124e-02,4.640319e-03,3.501183e-02,1.625514e-02,4.029073e-02,4.493635e-03,1.362819e-02,4.579928e-02,6.791987e-03,1.770481e-01,2.178602e-01,9.258269e-03,5.633854e-03,2.275517e-02
2.988013e-01,1.889703e-02,3.867597e-03,2.600102e-02,1.254536e-02,3.838893e-02,4.010776e-03,1.122481e-02,3.392293e-02,5.262585e-03,1.535853e-01,3.636242e-01,6.948602e-03,4.798656e-03,1.812084e-02
2.563617e-01,1.366830e-02,2.966884e-03,1.892020e-02,1.049756e-02,3.320805e-02,4.252211e-03,1.009421e-02,2.521477e-02,4.349973e-03,1.467367e-01,4.509231e-01,5.299699e-03,4.044261e-03,1.346232e-02
1.885668e-01,1.048893e-02,2.779393e-03,1.343825e-02,1.865387e-02,3.167069e-02,5.286444e-03,8.501384e-03,1.872401e-02,3.369860e-03,3.102971e-01,3.703933e-01,5.095988e-03,3.035477e-03,9.698501e-03
1.567804e-01,9.840220e-03,4.878311e-03,9.998808e-03,4.202741e-02,3.066122e-02,6.126489e-03,9.220814e-03,1.542080e-02,2.762748e-03,3.526782e-01,3.443149e-01,5.204093e-03,2.583180e-03,7.502374e-03
1.245795e-01,9.464044e-03,6.615264e-03,7.376669e-03,5.810004e-02,2.861613e-02,7.410122e-03,1.115914e-02,1.203850e-02,3.160301e-03,3.252645e-01,3.909496e-01,5.952286e-03,3.751571e-03,5.562326e-03
1.036324e-01,7.334936e-03,5.800654e-03,5.563202e-03,8.441432e-02,2.525694e-02,5.815488e-03,1.203209e-02,1.008583e-02,2.915265e-03,2.715562e-01,4.487180e-01,9.559429e-03,3.326874e-03,3.988415e-03
8.586088e-02,6.595176e-03,8.009589e-03,4.222902e-03,1.215466e-01,1.905350e-02,4.398286e-03,2.092265e-02,1.317524e-02,2.776327e-03,2.064389e-01,4.891934e-01,1.187501e-02,3.031425e-03,2.900170e-03
6.752390e-02,7.770749e-03,2.377553e-02,4.619932e-03,1.275693e-01,1.420070e-02,3.300414e-03,3.441094e-02,2.742800e-02,2.446101e-03,1.590137e-01,5.090031e-01,1.418485e-02,2.383371e-03,2.369444e-03
5.208567e-02,6.388359e-03,2.019679e-02,3.803981e-03,2.649993e-01,1.041433e-02,3.587384e-03,2.751130e-02,1.078290e-01,1.881486e-03,1.138649e-01,3.721801e-01,1.180881e-02,1.763511e-03,1.685176e-03
3.972736e-02,5.187223e-03,1.774010e-02,3.618849e-03,3.376485e-01,7.546425e-03,3.240365e-03,2.431835e-02,2.000001e-01,1.424792e-03,8.020428e-02,2.680181e-01,8.835997e-03,1.277461e-03,1.212166e-03
3.166377e-02,4.134805e-03,1.313484e-02,2.847044e-03,4.073600e-01,5.634001e-03,2.813568e-03,1.783943e-02,2.612582e-01,1.067174e-03,5.633644e-02,1.878129e-01,6.292573e-03,9.123547e-04,8.929502e-04
2.710780e-02,3.632767e-03,9.760402e-03,2.317138e-03,5.136494e-01,4.224478e-03,2.490757e-03,1.492334e-02,2.441939e-01,7.821717e-04,3.960577e-02,1.315164e-01,4.437133e-03,6.575068e-04,7.010866e-04
2.972882e-02,4.095318e-03,7.839968e-03,5.264492e-03,5.493528e-01,3.329583e-03,2.558612e-03,3.215541e-02,2.406537e-01,5.879852e-04,2.783569e-02,9.217357e-02,3.177041e-03,4.873287e-04,7.597219e-04
3.765513e-02,7.497067e-03,5.868216e-03,4.871157e-03,4.804051e-01,2.642199e-03,2.288388e-03,2.960395e-02,3.404380e-01,5.225424e-04,1.971082e-02,6.479669e-02,2.348161e-03,4.347712e-04,9.178247e-04
4.841572e-02,1.200547e-02,5.652754e-03,4.360257e-02,4.389570e-01,2.246100e-03,2.479759e-03,5.510418e-02,3.258033e-01,5.693357e-04,1.458425e-02,4.609850e-02,1.984983e-03,3.621521e-04,2.133956e-03
8.537985e-02,1.274544e-02,4.560461e-03,4.023658e-02,3.866610e-01,2.045431e-03,2.297123e-03,4.777472e-02,3.685564e-01,8.390789e-04,1.092709e-02,3.302535e-02,1.796395e-03,3.215107e-04,2.833494e-03
1.296074e-01,1.483082e-02,4.240735e-03,4.363099e-02,3.599742e-01,2.098966e-03,2.510335e-03,4.425801e-02,3.587410e-01,1.052913e-03,8.906608e-03,2.442954e-02,2.133772e-03,3.152650e-04,3.269346e-03
2.498245e-01,1.503808e-02,6.455531e-03,5.113553e-02,2.973991e-01,1.991278e-03,2.402890e-03,4.028983e-02,2.998650e-01,1.093570e-03,8.250366e-03,1.933673e-02,3.398325e-03,3.323292e-04,3.186848e-03
2.540954e-01,1.699124e-02,6.316594e-02,1.090260e-01,2.386059e-01,2.734290e-03,2.540436e-03,4.975737e-02,2.146314e-01,2.354023e-03,9.839451e-03,2.096044e-02,9.907513e-03,5.412825e-04,4.849288e-03
3.418038e-01,1.659301e-02,6.788814e-02,1.250979e-01,1.969369e-01,3.846149e-03,2.429028e-03,4.307642e-02,1.560169e-01,3.246825e-03,9.778582e-03,1.786977e-02,9.233185e-03,8.123708e-04,5.371054e-03
4.540696e-01,1.662404e-02,5.169693e-02,9.932425e-02,1.708104e-01,5.293874e-03,2.699280e-03,3.486304e-02,1.142990e-01,3.424513e-03,1.085433e-02,1.923167e-02,8.853226e-03,1.526568e-03,6.429210e-03
4.317967e-01,3.002186e-02,5.029773e-02,1.453834e-01,1.376664e-01,6.442511e-03,2.968632e-03,3.332998e-02,8.725954e-02,7.250090e-03,1.206475e-02,2.405204e-02,9.772169e-03,2.633742e-03,1.906038e-02
3.216011e-01,3.186914e-02,6.309302e-02,2.850840e-01,9.911342e-02,5.483051e-03,2.424757e-03,2.377972e-02,6.486327e-02,1.956655e-02,1.131838e-02,1.893795e-02,8.150571e-03,2.290412e-03,4.242467e-02
2.281315e-01,2.381829e-02,5.615054e-02,2.019931e-01,6.979898e-02,4.036406e-03,1.738833e-03,1.668604e-02,5.316092e-02,1.923075e-02,8.341753e-03,1.341335e-02,5.989400e-03,6.643351e-03,2.908668e-01
1.638987e-01,2.119619e-02,6.179348e-02,2.231297e-01,4.992680e-02,3.282682e-03,1.380555e-03,1.188284e-02,4.932411e-02,2.036870e-02,7.746461e-03,1.001762e-02,5.200633e-03,6.535569e-03,3.643160e-01
1.331904e-01,2.291460e-02,6.764352e-02,2.015041e-01,3.567791e-02,3.547453e-03,1.084913e-03,8.867110e-03,5.914786e-02,2.208605e-02,7.225446e-03,7.599911e-03,4.611855e-03,1.580740e-02,4.090914e-01
1.186164e-01,2.124483e-02,5.595012e-02,1.449313e-01,2.603418e-02,3.286760e-03,8.513715e-04,7.050696e-03,5.774342e-02,1.786036e-02,8.772421e-03,5.599435e-03,3.605398e-03,2.886022e-02,4.995931e-01
8.739351e-02,1.643056e-02,4.182490e-02,1.037508e-01,1.841451e-02,2.534310e-03,6.187718e-04,5.058688e-03,5.591930e-02,1.858329e-02,6.860970e-03,4.209771e-03,2.815507e-03,3.763402e-02,5.979511e-01
6.500599e-02,1.256888e-02,3.022048e-02,7.324199e-02,1.297690e-02,1.847513e-03,4.519215e-04,3.559218e-03,4.733048e-02,1.684684e-02,5.954693e-03,3.240014e-03,2.058880e-03,1.018963e-01,6.227999e-01
6.103769e-02,1.543670e-02,2.381871e-02,5.185908e-02,9.619694e-03,2.198016e-03,3.592938e-04,2.519846e-03,3.782663e-02,1.415443e-02,5.051111e-03,2.438647e-03,1.799279e-03,1.305651e-01,6.413158e-01
5.440415e-02,1.354740e-02,2.521427e-02,3.776923e-02,7.156456e-03,1.902046e-03,2.861393e-04,1.801924e-03,3.750401e-02,1.569835e-02,4.495962e-03,1.923594e-03,1.531804e-03,1.267916e-01,6.699731e-01
4.948863e-02,1.095612e-02,1.987778e-02,2.737588e-02,5.341877e-03,1.580578e-03,2.309033e-04,1.286844e-03,4.563446e-02,1.967569e-02,3.903671e-03,1.700871e-03,1.613788e-03,1.076862e-01,7.036467e-01
5.370827e-02,9.486416e-03,1.777584e-02,2.012519e-02,4.346720e-03,1.876860e-03,1.953584e-04,9.711574e-04,5.467836e-02,3.526498e-02,3.852452e-03,1.501763e-03,1.830959e-03,1.301734e-01,6.642122e-01
6.401049e-02,1.045862e-02,1.922127e-02,1.603485e-02,4.208049e-03,2.285280e-03,2.433334e-04,9.037786e-04,8.115409e-02,5.701885e-02,3.880941e-03,1.295540e-03,2.140376e-03,1.099959e-01,6.271486e-01
1.058606e-01,1.019348e-02,1.858096e-02,1.201318e-02,4.591857e-03,2.364830e-03,2.793891e-04,8.540987e-04,6.765994e-02,9.745006e-02,3.278216e-03,1.074144e-03,2.450479e-03,1.021083e-01,5.712405e-01
1.814443e-01,1.547097e-02,2.040035e-02,1.234590e-02,7.115141e-03,3.225321e-03,5.576815e-04,1.818146e-03,7.066175e-02,1.117649e-01,3.150761e-03,1.197578e-03,3.293435e-03,7.885000e-02,4.887038e-01
3.404912e-01,2.005408e-02,2.550366e-02,1.588192e-02,1.021843e-02,5.097687e-03,1.034771e-03,2.583752e-03,5.727217e-02,9.132074e-02,3.478979e-03,2.015939e-03,3.871192e-03,5.778058e-02,3.633949e-01
